Datetime,Ticker,Adj Close,Close,High,Low,Open,Volume
2024-10-25 09:30:00+00:00,AAOI,17.725000381469727,17.725000381469727,17.93000030517578,17.6200008392334,17.920000076293945,36916.0
2024-10-25 09:30:00+00:00,AAPL,230.35000610351562,230.35000610351562,230.5500030517578,229.57000732421875,229.74000549316406,1583225.0
2024-10-25 09:30:00+00:00,ACIW,49.25,49.25,49.25,49.209999084472656,49.209999084472656,4874.0
2024-10-25 09:30:00+00:00,ACLS,90.74500274658203,90.74500274658203,91.0,90.74500274658203,90.76000213623047,6597.0
2024-10-25 09:30:00+00:00,ACMR,19.5049991607666,19.5049991607666,19.513999938964844,19.3700008392334,19.3700008392334,12552.0
2024-10-25 09:30:00+00:00,ADBE,484.45001220703125,484.45001220703125,485.1099853515625,483.4200134277344,483.4200134277344,64483.0
2024-10-25 09:30:00+00:00,ADI,232.3699951171875,232.3699951171875,232.6750030517578,231.53500366210938,231.83999633789062,33643.0
2024-10-25 09:30:00+00:00,ADSK,288.2650146484375,288.2650146484375,288.2650146484375,287.7200012207031,287.7200012207031,10469.0
2024-10-25 09:30:00+00:00,ADTN,6.224999904632568,6.224999904632568,6.230000019073486,6.224999904632568,6.230000019073486,0.0
2024-10-25 09:30:00+00:00,AEHR,15.916299819946289,15.916299819946289,15.9399995803833,15.699999809265137,15.699999809265137,18146.0
2024-10-25 09:30:00+00:00,AEYE,23.450000762939453,23.450000762939453,23.450000762939453,23.139999389648438,23.139999389648438,5277.0
2024-10-25 09:30:00+00:00,AFRM,42.31949996948242,42.31949996948242,42.31949996948242,42.11000061035156,42.189998626708984,89904.0
2024-10-25 09:30:00+00:00,AGYS,112.01000213623047,112.01000213623047,112.01000213623047,112.01000213623047,112.01000213623047,1036.0
2024-10-25 09:30:00+00:00,AIP,6.960000038146973,6.960000038146973,6.960000038146973,6.960000038146973,6.960000038146973,0.0
2024-10-25 09:30:00+00:00,AIRG,9.149999618530273,9.149999618530273,9.149999618530273,9.149999618530273,9.149999618530273,0.0
2024-10-25 09:30:00+00:00,AKAM,103.53500366210938,103.53500366210938,103.53500366210938,103.3499984741211,103.3499984741211,0.0
2024-10-25 09:30:00+00:00,AKTS,0.05730000138282776,0.05730000138282776,0.05779999867081642,0.05400000140070915,0.05400000140070915,610523.0
2024-10-25 09:30:00+00:00,ALGM,21.850299835205078,21.850299835205078,21.969999313354492,21.850000381469727,21.850000381469727,7699.0
2024-10-25 09:30:00+00:00,ALKT,38.23500061035156,38.23500061035156,38.41999816894531,38.15999984741211,38.15999984741211,3849.0
2024-10-25 09:30:00+00:00,ALLT,3.450000047683716,3.450000047683716,3.450000047683716,3.450000047683716,3.450000047683716,0.0
2024-10-25 09:30:00+00:00,ALOT,14.739999771118164,14.739999771118164,14.739999771118164,14.739999771118164,14.739999771118164,0.0
2024-10-25 09:30:00+00:00,ALRM,54.150001525878906,54.150001525878906,54.150001525878906,54.150001525878906,54.150001525878906,7307.0
2024-10-25 09:30:00+00:00,ALTR,105.3550033569336,105.3550033569336,105.3550033569336,105.12000274658203,105.12000274658203,4926.0
2024-10-25 09:30:00+00:00,AMAT,186.29249572753906,186.29249572753906,187.19000244140625,186.1699981689453,186.88999938964844,158845.0
2024-10-25 09:30:00+00:00,AMBA,57.939998626708984,57.939998626708984,57.939998626708984,57.77000045776367,57.77000045776367,0.0
2024-10-25 09:30:00+00:00,AMD,155.44000244140625,155.44000244140625,155.64999389648438,155.0850067138672,155.30999755859375,1041726.0
2024-10-25 09:30:00+00:00,AMKR,29.84000015258789,29.84000015258789,29.850000381469727,29.709999084472656,29.790000915527344,11974.0
2024-10-25 09:30:00+00:00,AMPG,1.0399999618530273,1.0399999618530273,1.0399999618530273,1.0399999618530273,1.0399999618530273,3835.0
2024-10-25 09:30:00+00:00,AMPL,9.109999656677246,9.109999656677246,9.109999656677246,9.109999656677246,9.109999656677246,0.0
2024-10-25 09:30:00+00:00,ANSS,324.2099914550781,324.2099914550781,324.2099914550781,324.2099914550781,324.2099914550781,2678.0
2024-10-25 09:30:00+00:00,ANY,1.059999942779541,1.059999942779541,1.059999942779541,1.059999942779541,1.059999942779541,12411.0
2024-10-25 09:30:00+00:00,AOSL,35.95000076293945,35.95000076293945,35.95000076293945,35.95000076293945,35.95000076293945,2850.0
2024-10-25 09:30:00+00:00,APCX,0.7400000095367432,0.7400000095367432,0.7400000095367432,0.7400000095367432,0.7400000095367432,3454.0
2024-10-25 09:30:00+00:00,API,2.680000066757202,2.680000066757202,2.680000066757202,2.680000066757202,2.680000066757202,5797.0
2024-10-25 09:30:00+00:00,APP,161.22450256347656,161.22450256347656,161.55999755859375,161.00999450683594,161.4600067138672,54594.0
2024-10-25 09:30:00+00:00,APPF,211.61500549316406,211.61500549316406,216.89990234375,209.30999755859375,211.61500549316406,37572.0
2024-10-25 09:30:00+00:00,APPN,32.41999816894531,32.41999816894531,32.41999816894531,32.33000183105469,32.36000061035156,4918.0
2024-10-25 09:30:00+00:00,APPS,3.1600000858306885,3.1600000858306885,3.180000066757202,3.1403000354766846,3.180000066757202,79524.0
2024-10-25 09:30:00+00:00,ARBE,1.9577000141143799,1.9577000141143799,1.9577000141143799,1.9299999475479126,1.9299999475479126,1509.0
2024-10-25 09:30:00+00:00,ARQQ,7.670000076293945,7.670000076293945,7.670000076293945,7.5,7.5,2789.0
2024-10-25 09:30:00+00:00,ARRY,6.190000057220459,6.190000057220459,6.260000228881836,6.190000057220459,6.190000057220459,94309.0
2024-10-25 09:30:00+00:00,ASML,716.6400146484375,716.6400146484375,718.6699829101562,715.6199951171875,715.6199951171875,63812.0
2024-10-25 09:30:00+00:00,ASNS,1.3700000047683716,1.3700000047683716,1.3700000047683716,1.3700000047683716,1.3700000047683716,7568.0
2024-10-25 09:30:00+00:00,ASTI,2.670099973678589,2.670099973678589,2.683799982070923,2.5799999237060547,2.6700000762939453,4669.0
2024-10-25 09:30:00+00:00,ASUR,9.670000076293945,9.670000076293945,9.670000076293945,9.670000076293945,9.670000076293945,0.0
2024-10-25 09:30:00+00:00,ATOM,3.319999933242798,3.319999933242798,3.319999933242798,3.319999933242798,3.319999933242798,1396.0
2024-10-25 09:30:00+00:00,AUR,6.519999980926514,6.519999980926514,6.550000190734863,6.489999771118164,6.489999771118164,96659.0
2024-10-25 09:30:00+00:00,AUUD,0.628000020980835,0.628000020980835,0.628000020980835,0.628000020980835,0.628000020980835,0.0
2024-10-25 09:30:00+00:00,AVDX,8.210000038146973,8.210000038146973,8.210000038146973,8.210000038146973,8.210000038146973,7812.0
2024-10-25 09:30:00+00:00,AVGO,173.97000122070312,173.97000122070312,174.61129760742188,173.82009887695312,174.19000244140625,826117.0
2024-10-25 09:30:00+00:00,AVNW,21.0,21.0,21.0,21.0,21.0,0.0
2024-10-25 09:30:00+00:00,AVPT,12.140000343322754,12.140000343322754,12.178000450134277,12.130000114440918,12.154999732971191,0.0
2024-10-25 09:30:00+00:00,AVT,54.349998474121094,54.349998474121094,54.349998474121094,54.349998474121094,54.349998474121094,4547.0
2024-10-25 09:30:00+00:00,AXTI,2.6500000953674316,2.6500000953674316,2.6500000953674316,2.6500000953674316,2.6500000953674316,0.0
2024-10-25 09:30:00+00:00,AZPN,235.74000549316406,235.74000549316406,235.74000549316406,235.74000549316406,235.74000549316406,0.0
2024-10-25 09:30:00+00:00,BAND,17.799999237060547,17.799999237060547,17.799999237060547,17.799999237060547,17.799999237060547,0.0
2024-10-25 09:30:00+00:00,BASE,16.520000457763672,16.520000457763672,16.520000457763672,16.389999389648438,16.389999389648438,7469.0
2024-10-25 09:30:00+00:00,BCAN,7.820000171661377,7.820000171661377,7.820000171661377,7.820000171661377,7.820000171661377,1917.0
2024-10-25 09:30:00+00:00,BCOV,2.2300000190734863,2.2300000190734863,2.2300000190734863,2.2300000190734863,2.2300000190734863,2074.0
2024-10-25 09:30:00+00:00,BELFB,78.34500122070312,78.34500122070312,78.56500244140625,78.34500122070312,78.56500244140625,0.0
2024-10-25 09:30:00+00:00,BIGC,5.329999923706055,5.329999923706055,5.329999923706055,5.320000171661377,5.320000171661377,0.0
2024-10-25 09:30:00+00:00,BL,57.15999984741211,57.15999984741211,57.38999938964844,57.15999984741211,57.38999938964844,2812.0
2024-10-25 09:30:00+00:00,BLIN,1.090000033378601,1.090000033378601,1.090000033378601,1.090000033378601,1.090000033378601,0.0
2024-10-25 09:30:00+00:00,BLKB,86.19499969482422,86.19499969482422,87.08000183105469,86.19499969482422,86.27999877929688,0.0
2024-10-25 09:30:00+00:00,BLZE,7.230000019073486,7.230000019073486,7.230000019073486,7.230000019073486,7.230000019073486,0.0
2024-10-25 09:30:00+00:00,BMBL,7.340000152587891,7.340000152587891,7.340000152587891,7.300000190734863,7.300000190734863,11114.0
2024-10-25 09:30:00+00:00,BOXL,0.47999998927116394,0.47999998927116394,0.47999998927116394,0.47999998927116394,0.47999998927116394,1359.0
2024-10-25 09:30:00+00:00,BRZE,31.3799991607666,31.3799991607666,31.3799991607666,31.1200008392334,31.18000030517578,19851.0
2024-10-25 09:30:00+00:00,BSY,48.939998626708984,48.939998626708984,48.939998626708984,48.939998626708984,48.939998626708984,0.0
2024-10-25 09:30:00+00:00,CAMP,11.239999771118164,11.239999771118164,11.239999771118164,11.239999771118164,11.239999771118164,0.0
2024-10-25 09:30:00+00:00,CAMT,77.68000030517578,77.68000030517578,78.41999816894531,77.58999633789062,77.58999633789062,4918.0
2024-10-25 09:30:00+00:00,CAN,1.0149999856948853,1.0149999856948853,1.0199999809265137,1.0149999856948853,1.0199999809265137,64158.0
2024-10-25 09:30:00+00:00,CCSI,20.209999084472656,20.209999084472656,20.399999618530273,20.209999084472656,20.34000015258789,0.0
2024-10-25 09:30:00+00:00,CDNS,255.43499755859375,255.43499755859375,256.2099914550781,254.19000244140625,254.19000244140625,46905.0
2024-10-25 09:30:00+00:00,CDW,219.89999389648438,219.89999389648438,220.0500030517578,219.89999389648438,220.0500030517578,6515.0
2024-10-25 09:30:00+00:00,CETX,0.30000001192092896,0.30000001192092896,0.30250000953674316,0.30000001192092896,0.30250000953674316,356480.0
2024-10-25 09:30:00+00:00,CEVA,23.68000030517578,23.68000030517578,23.68000030517578,23.68000030517578,23.68000030517578,3700.0
2024-10-25 09:30:00+00:00,CFLT,22.049999237060547,22.049999237060547,22.049999237060547,21.799999237060547,21.799999237060547,46479.0
2024-10-25 09:30:00+00:00,CGNT,6.650000095367432,6.650000095367432,6.650000095367432,6.650000095367432,6.650000095367432,0.0
2024-10-25 09:30:00+00:00,CGNX,39.040000915527344,39.040000915527344,39.040000915527344,38.900001525878906,38.900001525878906,11250.0
2024-10-25 09:30:00+00:00,CHKP,205.6300048828125,205.6300048828125,205.6300048828125,205.6300048828125,205.6300048828125,6198.0
2024-10-25 09:30:00+00:00,CLBT,18.06999969482422,18.06999969482422,18.079999923706055,18.06999969482422,18.079999923706055,8589.0
2024-10-25 09:30:00+00:00,CLFD,36.63999938964844,36.63999938964844,36.63999938964844,36.63999938964844,36.63999938964844,0.0
2024-10-25 09:30:00+00:00,CLSK,11.969400405883789,11.969400405883789,12.039999961853027,11.920000076293945,12.00979995727539,1093681.0
2024-10-25 09:30:00+00:00,CMBM,1.190000057220459,1.190000057220459,1.190000057220459,1.190000057220459,1.190000057220459,0.0
2024-10-25 09:30:00+00:00,CMTL,3.640000104904175,3.640000104904175,3.640000104904175,3.640000104904175,3.640000104904175,8118.0
2024-10-25 09:30:00+00:00,CNDT,3.700000047683716,3.700000047683716,3.740000009536743,3.700000047683716,3.740000009536743,0.0
2024-10-25 09:30:00+00:00,CNXC,45.850799560546875,45.850799560546875,45.850799560546875,45.689998626708984,45.689998626708984,18177.0
2024-10-25 09:30:00+00:00,COHR,97.33000183105469,97.33000183105469,97.47000122070312,97.2970962524414,97.47000122070312,15956.0
2024-10-25 09:30:00+00:00,COHU,25.459999084472656,25.459999084472656,25.459999084472656,25.459999084472656,25.459999084472656,0.0
2024-10-25 09:30:00+00:00,COIN,207.85000610351562,207.85000610351562,208.72799682617188,207.6501007080078,208.3000030517578,357602.0
2024-10-25 09:30:00+00:00,COMM,6.389999866485596,6.389999866485596,6.400000095367432,6.369999885559082,6.400000095367432,53459.0
2024-10-25 09:30:00+00:00,CORZ,13.75,13.75,13.805000305175781,13.569999694824219,13.569999694824219,152512.0
2024-10-25 09:30:00+00:00,CORZW,8.199999809265137,8.199999809265137,8.199999809265137,8.199999809265137,8.199999809265137,0.0
2024-10-25 09:30:00+00:00,CPTN,3.140000104904175,3.140000104904175,3.140000104904175,3.140000104904175,3.140000104904175,0.0
2024-10-25 09:30:00+00:00,CRCT,6.460000038146973,6.460000038146973,6.460000038146973,6.460000038146973,6.460000038146973,0.0
2024-10-25 09:30:00+00:00,CRDO,39.489898681640625,39.489898681640625,39.4900016784668,39.349998474121094,39.400001525878906,10158.0
2024-10-25 09:30:00+00:00,CREX,4.389999866485596,4.389999866485596,4.400000095367432,4.389999866485596,4.400000095367432,6132.0
2024-10-25 09:30:00+00:00,CRNC,2.819999933242798,2.819999933242798,2.819999933242798,2.7899999618530273,2.7899999618530273,17493.0
2024-10-25 09:30:00+00:00,CRNT,2.4800000190734863,2.4800000190734863,2.4800000190734863,2.4700000286102295,2.4700000286102295,0.0
2024-10-25 09:30:00+00:00,CRSR,6.349999904632568,6.349999904632568,6.349999904632568,6.349999904632568,6.349999904632568,6476.0
2024-10-25 09:30:00+00:00,CRUS,121.7699966430664,121.7699966430664,122.17990112304688,121.5199966430664,121.5199966430664,9376.0
2024-10-25 09:30:00+00:00,CRWD,305.385009765625,305.385009765625,306.0830078125,304.92999267578125,304.92999267578125,51900.0
2024-10-25 09:30:00+00:00,CSCO,56.279998779296875,56.279998779296875,56.29999923706055,56.130001068115234,56.150001525878906,645435.0
2024-10-25 09:30:00+00:00,CSGS,48.310001373291016,48.310001373291016,48.310001373291016,48.310001373291016,48.310001373291016,0.0
2024-10-25 09:30:00+00:00,CSIQ,12.320099830627441,12.320099830627441,12.489999771118164,12.300100326538086,12.420000076293945,118490.0
2024-10-25 09:30:00+00:00,CSPI,13.130000114440918,13.130000114440918,13.130000114440918,13.130000114440918,13.130000114440918,633.0
2024-10-25 09:30:00+00:00,CTLP,9.140000343322754,9.140000343322754,9.140000343322754,9.140000343322754,9.140000343322754,6675.0
2024-10-25 09:30:00+00:00,CTSH,75.3499984741211,75.3499984741211,75.3499984741211,75.06999969482422,75.19000244140625,31239.0
2024-10-25 09:30:00+00:00,CVLT,134.01499938964844,134.01499938964844,134.02000427246094,133.64999389648438,133.64999389648438,3628.0
2024-10-25 09:30:00+00:00,CYBR,298.0,298.0,298.0,294.54998779296875,298.0,3367.0
2024-10-25 09:30:00+00:00,CYN,3.75,3.75,3.75,3.75,3.75,12256.0
2024-10-25 09:30:00+00:00,DAIO,2.5299999713897705,2.5299999713897705,2.5299999713897705,2.5299999713897705,2.5299999713897705,6335.0
2024-10-25 09:30:00+00:00,DAKT,13.25,13.25,13.25,13.210000038146973,13.210000038146973,0.0
2024-10-25 09:30:00+00:00,DATS,1.5,1.5,1.5199999809265137,1.4900000095367432,1.5,2295.0
2024-10-25 09:30:00+00:00,DAVE,40.27000045776367,40.27000045776367,40.27000045776367,40.27000045776367,40.27000045776367,1855.0
2024-10-25 09:30:00+00:00,DBX,25.8700008392334,25.8700008392334,25.940000534057617,25.8700008392334,25.940000534057617,6719.0
2024-10-25 09:30:00+00:00,DDOG,125.36499786376953,125.36499786376953,125.36499786376953,124.7699966430664,124.9000015258789,41945.0
2024-10-25 09:30:00+00:00,DGHI,1.4199999570846558,1.4199999570846558,1.4199999570846558,1.4199999570846558,1.4199999570846558,3668.0
2024-10-25 09:30:00+00:00,DGII,30.094999313354492,30.094999313354492,30.260000228881836,30.094999313354492,30.260000228881836,1729.0
2024-10-25 09:30:00+00:00,DIOD,65.0,65.0,65.2699966430664,65.0,65.2699966430664,2532.0
2024-10-25 09:30:00+00:00,DLO,8.75,8.75,8.75,8.75,8.75,4351.0
2024-10-25 09:30:00+00:00,DMRC,31.290000915527344,31.290000915527344,31.290000915527344,31.290000915527344,31.290000915527344,0.0
2024-10-25 09:30:00+00:00,DOCU,70.37999725341797,70.37999725341797,70.68000030517578,70.1500015258789,70.48999786376953,36495.0
2024-10-25 09:30:00+00:00,DOMO,7.739999771118164,7.739999771118164,7.739999771118164,7.739999771118164,7.739999771118164,0.0
2024-10-25 09:30:00+00:00,DOX,89.73999786376953,89.73999786376953,89.73999786376953,89.73999786376953,89.73999786376953,0.0
2024-10-25 09:30:00+00:00,DSGX,105.0999984741211,105.0999984741211,105.1050033569336,105.0999984741211,105.1050033569336,0.0
2024-10-25 09:30:00+00:00,DSP,11.3100004196167,11.3100004196167,11.3100004196167,11.3100004196167,11.3100004196167,0.0
2024-10-25 09:30:00+00:00,DTSS,2.609999895095825,2.609999895095825,2.609999895095825,2.609999895095825,2.609999895095825,8584.0
2024-10-25 09:30:00+00:00,DTST,3.434999942779541,3.434999942779541,3.4800000190734863,3.434999942779541,3.4800000190734863,1111.0
2024-10-25 09:30:00+00:00,DUOL,282.6400146484375,282.6400146484375,282.6400146484375,282.6400146484375,282.6400146484375,2947.0
2024-10-25 09:30:00+00:00,DUOT,4.150000095367432,4.150000095367432,4.150000095367432,4.150000095367432,4.150000095367432,0.0
2024-10-25 09:30:00+00:00,EBON,6.010000228881836,6.010000228881836,6.010000228881836,6.010000228881836,6.010000228881836,0.0
2024-10-25 09:30:00+00:00,EEFT,102.26000213623047,102.26000213623047,102.26000213623047,102.26000213623047,102.26000213623047,3972.0
2024-10-25 09:30:00+00:00,EGAN,4.820000171661377,4.820000171661377,4.820000171661377,4.820000171661377,4.820000171661377,0.0
2024-10-25 09:30:00+00:00,EMKR,2.140000104904175,2.140000104904175,2.140000104904175,2.140000104904175,2.140000104904175,4906.0
2024-10-25 09:30:00+00:00,ENPH,80.5199966430664,80.5199966430664,81.55000305175781,80.41999816894531,81.25,133251.0
2024-10-25 09:30:00+00:00,ENTG,104.11499786376953,104.11499786376953,104.5,103.86000061035156,103.86000061035156,7826.0
2024-10-25 09:30:00+00:00,ERIC,8.524999618530273,8.524999618530273,8.524999618530273,8.520000457763672,8.520000457763672,70082.0
2024-10-25 09:30:00+00:00,EVCM,10.539999961853027,10.539999961853027,10.539999961853027,10.510000228881836,10.510000228881836,0.0
2024-10-25 09:30:00+00:00,EXFY,1.7350000143051147,1.7350000143051147,1.7350000143051147,1.7000000476837158,1.7000000476837158,2191.0
2024-10-25 09:30:00+00:00,EXLS,39.06999969482422,39.06999969482422,39.06999969482422,39.06999969482422,39.06999969482422,0.0
2024-10-25 09:30:00+00:00,EXTR,14.550000190734863,14.550000190734863,14.550000190734863,14.550000190734863,14.550000190734863,0.0
2024-10-25 09:30:00+00:00,FARO,17.649999618530273,17.649999618530273,17.649999618530273,17.649999618530273,17.649999618530273,1699.0
2024-10-25 09:30:00+00:00,FCUV,0.25699999928474426,0.25699999928474426,0.25699999928474426,0.25699999928474426,0.25699999928474426,0.0
2024-10-25 09:30:00+00:00,FFIV,214.2100067138672,214.2100067138672,215.27999877929688,214.09500122070312,215.27999877929688,5781.0
2024-10-25 09:30:00+00:00,FIVN,31.110000610351562,31.110000610351562,31.110000610351562,30.84000015258789,30.899999618530273,69673.0
2024-10-25 09:30:00+00:00,FLEX,35.5,35.5,35.5,35.2599983215332,35.2599983215332,66693.0
2024-10-25 09:30:00+00:00,FLYW,17.68000030517578,17.68000030517578,17.68000030517578,17.649999618530273,17.649999618530273,0.0
2024-10-25 09:30:00+00:00,FORM,44.255001068115234,44.255001068115234,44.255001068115234,44.08000183105469,44.09000015258789,4347.0
2024-10-25 09:30:00+00:00,FRGT,1.9299999475479126,1.9299999475479126,1.9299999475479126,1.9299999475479126,1.9299999475479126,3156.0
2024-10-25 09:30:00+00:00,FROG,29.780000686645508,29.780000686645508,29.780000686645508,29.440000534057617,29.440000534057617,3794.0
2024-10-25 09:30:00+00:00,FRSH,11.6899995803833,11.6899995803833,11.710000038146973,11.649999618530273,11.649999618530273,22221.0
2024-10-25 09:30:00+00:00,FSLR,194.13999938964844,194.13999938964844,197.39999389648438,194.13999938964844,197.0,111881.0
2024-10-25 09:30:00+00:00,FTCI,0.699999988079071,0.699999988079071,0.699999988079071,0.6945000290870667,0.6945000290870667,75520.0
2024-10-25 09:30:00+00:00,FTFT,0.314300000667572,0.314300000667572,0.31439998745918274,0.3122999966144562,0.3122999966144562,16669.0
2024-10-25 09:30:00+00:00,FTNT,81.12000274658203,81.12000274658203,81.12000274658203,81.12000274658203,81.12000274658203,52901.0
2024-10-25 09:30:00+00:00,GCT,25.795000076293945,25.795000076293945,25.920000076293945,25.559999465942383,25.559999465942383,20074.0
2024-10-25 09:30:00+00:00,GDS,21.31999969482422,21.31999969482422,21.34000015258789,21.31999969482422,21.34000015258789,27621.0
2024-10-25 09:30:00+00:00,GDYN,15.529999732971191,15.529999732971191,15.529999732971191,15.520000457763672,15.520000457763672,0.0
2024-10-25 09:30:00+00:00,GFS,40.06999969482422,40.06999969482422,40.06999969482422,39.650001525878906,39.7599983215332,34910.0
2024-10-25 09:30:00+00:00,GILT,4.900000095367432,4.900000095367432,4.900000095367432,4.900000095367432,4.900000095367432,0.0
2024-10-25 09:30:00+00:00,GNSS,3.819999933242798,3.819999933242798,3.819999933242798,3.819999933242798,3.819999933242798,0.0
2024-10-25 09:30:00+00:00,GPRO,1.3300000429153442,1.3300000429153442,1.3350000381469727,1.3200000524520874,1.3200000524520874,30679.0
2024-10-25 09:30:00+00:00,GRAB,4.164999961853027,4.164999961853027,4.179999828338623,4.15500020980835,4.15500020980835,332564.0
2024-10-25 09:30:00+00:00,GRRR,4.75,4.75,4.840000152587891,4.699999809265137,4.75,35116.0
2024-10-25 09:30:00+00:00,GSIT,3.4149999618530273,3.4149999618530273,3.4149999618530273,3.369999885559082,3.369999885559082,2111.0
2024-10-25 09:30:00+00:00,GTLB,56.38999938964844,56.38999938964844,56.38999938964844,55.95000076293945,56.0,24132.0
2024-10-25 09:30:00+00:00,GVP,4.630000114440918,4.630000114440918,4.630000114440918,4.630000114440918,4.630000114440918,1510.0
2024-10-25 09:30:00+00:00,HCKT,25.045000076293945,25.045000076293945,25.045000076293945,25.030000686645508,25.030000686645508,0.0
2024-10-25 09:30:00+00:00,HCP,33.68000030517578,33.68000030517578,33.709999084472656,33.66999816894531,33.66999816894531,13209.0
2024-10-25 09:30:00+00:00,HEAR,16.479999542236328,16.479999542236328,16.479999542236328,16.459999084472656,16.459999084472656,0.0
2024-10-25 09:30:00+00:00,HIMX,6.230000019073486,6.230000019073486,6.230000019073486,6.230000019073486,6.230000019073486,10370.0
2024-10-25 09:30:00+00:00,HLIT,14.78499984741211,14.78499984741211,14.850000381469727,14.770000457763672,14.800000190734863,45531.0
2024-10-25 09:30:00+00:00,HOLO,3.840399980545044,3.840399980545044,3.880000114440918,3.8399999141693115,3.8499999046325684,146759.0
2024-10-25 09:30:00+00:00,HOOD,27.459999084472656,27.459999084472656,27.559999465942383,27.389999389648438,27.535999298095703,405537.0
2024-10-25 09:30:00+00:00,HTCR,1.149999976158142,1.149999976158142,1.149999976158142,1.1212999820709229,1.1299999952316284,5541.0
2024-10-25 09:30:00+00:00,IBEX,18.18000030517578,18.18000030517578,18.25,18.18000030517578,18.25,0.0
2024-10-25 09:30:00+00:00,ICHR,27.299999237060547,27.299999237060547,27.299999237060547,27.299999237060547,27.299999237060547,0.0
2024-10-25 09:30:00+00:00,IDAI,0.22390000522136688,0.22390000522136688,0.22390000522136688,0.22390000522136688,0.22390000522136688,8522.0
2024-10-25 09:30:00+00:00,III,3.0899999141693115,3.0899999141693115,3.0899999141693115,3.0899999141693115,3.0899999141693115,0.0
2024-10-25 09:30:00+00:00,IMMR,8.630000114440918,8.630000114440918,8.630000114440918,8.5649995803833,8.579999923706055,5898.0
2024-10-25 09:30:00+00:00,IMTE,1.7798999547958374,1.7798999547958374,1.7798999547958374,1.7798999547958374,1.7798999547958374,29789.0
2024-10-25 09:30:00+00:00,IMXI,17.709999084472656,17.709999084472656,17.709999084472656,17.709999084472656,17.709999084472656,0.0
2024-10-25 09:30:00+00:00,INDI,3.484999895095825,3.484999895095825,3.490000009536743,3.430000066757202,3.430000066757202,46641.0
2024-10-25 09:30:00+00:00,INFN,6.820000171661377,6.820000171661377,6.820000171661377,6.800000190734863,6.820000171661377,28063.0
2024-10-25 09:30:00+00:00,INOD,19.28499984741211,19.28499984741211,19.420000076293945,19.28499984741211,19.40999984741211,6476.0
2024-10-25 09:30:00+00:00,INSG,19.739999771118164,19.739999771118164,19.770000457763672,19.739999771118164,19.770000457763672,1817.0
2024-10-25 09:30:00+00:00,INTA,50.30500030517578,50.30500030517578,50.439998626708984,50.02000045776367,50.119998931884766,0.0
2024-10-25 09:30:00+00:00,INTC,22.59000015258789,22.59000015258789,22.600000381469727,22.40999984741211,22.420000076293945,1271171.0
2024-10-25 09:30:00+00:00,INTU,608.0560302734375,608.0560302734375,610.0,608.0560302734375,610.0,15757.0
2024-10-25 09:30:00+00:00,INTZ,0.7329999804496765,0.7329999804496765,0.7329999804496765,0.7300000190734863,0.7300000190734863,0.0
2024-10-25 09:30:00+00:00,INVE,3.680000066757202,3.680000066757202,3.680000066757202,3.680000066757202,3.680000066757202,483.0
2024-10-25 09:30:00+00:00,IPGP,76.33000183105469,76.33000183105469,76.33000183105469,76.33000183105469,76.33000183105469,0.0
2024-10-25 09:30:00+00:00,ITI,7.190000057220459,7.190000057220459,7.190000057220459,7.190000057220459,7.190000057220459,11124.0
2024-10-25 09:30:00+00:00,ITRI,102.73999786376953,102.73999786376953,102.73999786376953,102.73999786376953,102.73999786376953,3783.0
2024-10-25 09:30:00+00:00,ITRN,26.799999237060547,26.799999237060547,26.81999969482422,26.799999237060547,26.81999969482422,4083.0
2024-10-25 09:30:00+00:00,JAMF,16.989999771118164,16.989999771118164,17.0,16.985000610351562,17.0,0.0
2024-10-25 09:30:00+00:00,JG,7.630000114440918,7.630000114440918,7.630000114440918,7.630000114440918,7.630000114440918,0.0
2024-10-25 09:30:00+00:00,JKHY,184.97999572753906,184.97999572753906,185.0,184.77999877929688,184.77999877929688,3290.0
2024-10-25 09:30:00+00:00,KARO,39.06999969482422,39.06999969482422,39.06999969482422,39.06999969482422,39.06999969482422,0.0
2024-10-25 09:30:00+00:00,KC,2.690000057220459,2.690000057220459,2.690000057220459,2.6600000858306885,2.6600000858306885,39488.0
2024-10-25 09:30:00+00:00,KLAC,668.0,668.0,672.2000122070312,668.0,669.6699829101562,17198.0
2024-10-25 09:30:00+00:00,KLIC,43.720001220703125,43.720001220703125,43.779998779296875,43.720001220703125,43.779998779296875,2620.0
2024-10-25 09:30:00+00:00,KLTR,1.3200000524520874,1.3200000524520874,1.3200000524520874,1.3200000524520874,1.3200000524520874,0.0
2024-10-25 09:30:00+00:00,KOPN,0.7702000141143799,0.7702000141143799,0.7702000141143799,0.7642999887466431,0.7642999887466431,13487.0
2024-10-25 09:30:00+00:00,KOSS,7.239999771118164,7.239999771118164,7.239999771118164,7.239999771118164,7.239999771118164,24233.0
2024-10-25 09:30:00+00:00,KPLT,8.84000015258789,8.84000015258789,8.84000015258789,8.84000015258789,8.84000015258789,175.0
2024-10-25 09:30:00+00:00,LASR,10.395000457763672,10.395000457763672,10.399999618530273,10.395000457763672,10.399999618530273,0.0
2024-10-25 09:30:00+00:00,LFUS,256.0899963378906,256.0899963378906,256.0899963378906,256.0899963378906,256.0899963378906,0.0
2024-10-25 09:30:00+00:00,LINK,3.75,3.75,3.75,3.75,3.75,6257.0
2024-10-25 09:30:00+00:00,LITE,64.94999694824219,64.94999694824219,65.08000183105469,64.75,65.08000183105469,8962.0
2024-10-25 09:30:00+00:00,LOGI,81.12000274658203,81.12000274658203,81.12999725341797,80.91999816894531,80.91999816894531,20567.0
2024-10-25 09:30:00+00:00,LPSN,1.225000023841858,1.225000023841858,1.225000023841858,1.2100000381469727,1.2100000381469727,64012.0
2024-10-25 09:30:00+00:00,LPTH,1.7239999771118164,1.7239999771118164,1.7239999771118164,1.7200000286102295,1.7200000286102295,0.0
2024-10-25 09:30:00+00:00,LRCX,77.36499786376953,77.36499786376953,77.69000244140625,77.30999755859375,77.47000122070312,292263.0
2024-10-25 09:30:00+00:00,LSCC,54.77000045776367,54.77000045776367,54.81999969482422,54.279998779296875,54.459999084472656,11433.0
2024-10-25 09:30:00+00:00,LTRX,4.070000171661377,4.070000171661377,4.070000171661377,4.070000171661377,4.070000171661377,2914.0
2024-10-25 09:30:00+00:00,LUNA,1.7699999809265137,1.7699999809265137,1.7699999809265137,1.7699999809265137,1.7699999809265137,0.0
2024-10-25 09:30:00+00:00,LYFT,13.850000381469727,13.850000381469727,13.9399995803833,13.84000015258789,13.869999885559082,123761.0
2024-10-25 09:30:00+00:00,LYT,2.0299999713897705,2.0299999713897705,2.0299999713897705,2.0299999713897705,2.0299999713897705,1089.0
2024-10-25 09:30:00+00:00,LYTS,16.25,16.25,16.25,16.25,16.25,0.0
2024-10-25 09:30:00+00:00,MANH,275.0249938964844,275.0249938964844,276.1625061035156,273.6499938964844,273.6499938964844,3577.0
2024-10-25 09:30:00+00:00,MAPS,0.8489999771118164,0.8489999771118164,0.8489999771118164,0.8489999771118164,0.8489999771118164,1230.0
2024-10-25 09:30:00+00:00,MARK,0.10649999976158142,0.10649999976158142,0.10649999976158142,0.10649999976158142,0.10649999976158142,0.0
2024-10-25 09:30:00+00:00,MAXN,5.260000228881836,5.260000228881836,5.260000228881836,5.260000228881836,5.260000228881836,16034.0
2024-10-25 09:30:00+00:00,MCHP,76.8499984741211,76.8499984741211,76.86000061035156,76.55500030517578,76.55500030517578,52173.0
2024-10-25 09:30:00+00:00,MDB,267.7699890136719,267.7699890136719,267.7699890136719,265.6400146484375,266.1099853515625,11895.0
2024-10-25 09:30:00+00:00,MGIC,11.100000381469727,11.100000381469727,11.100000381469727,11.010000228881836,11.010000228881836,0.0
2024-10-25 09:30:00+00:00,MITK,8.819999694824219,8.819999694824219,8.819999694824219,8.819999694824219,8.819999694824219,0.0
2024-10-25 09:30:00+00:00,MKSI,100.34500122070312,100.34500122070312,100.91000366210938,100.34500122070312,100.91000366210938,4208.0
2024-10-25 09:30:00+00:00,MKTW,0.6000000238418579,0.6000000238418579,0.6050000190734863,0.6000000238418579,0.6000000238418579,12692.0
2024-10-25 09:30:00+00:00,MNDY,297.29998779296875,297.29998779296875,300.0,297.29998779296875,300.0,28425.0
2024-10-25 09:30:00+00:00,MPWR,904.5999755859375,904.5999755859375,910.50537109375,904.5999755859375,910.50537109375,3108.0
2024-10-25 09:30:00+00:00,MQ,5.289999961853027,5.289999961853027,5.304999828338623,5.190000057220459,5.190000057220459,55296.0
2024-10-25 09:30:00+00:00,MRAM,6.090000152587891,6.090000152587891,6.090000152587891,6.090000152587891,6.090000152587891,0.0
2024-10-25 09:30:00+00:00,MRIN,2.1500000953674316,2.1500000953674316,2.1500000953674316,2.1500000953674316,2.1500000953674316,0.0
2024-10-25 09:30:00+00:00,MRVL,82.37999725341797,82.37999725341797,82.57990264892578,82.30000305175781,82.30000305175781,147933.0
2024-10-25 09:30:00+00:00,MSFT,427.80999755859375,427.80999755859375,427.9299011230469,426.6000061035156,426.8999938964844,548871.0
2024-10-25 09:30:00+00:00,MSTR,233.13400268554688,233.13400268554688,236.4199981689453,232.51010131835938,236.19000244140625,1124947.0
2024-10-25 09:30:00+00:00,MTC,0.3783000111579895,0.3783000111579895,0.37869998812675476,0.37209999561309814,0.37869998812675476,39237.0
2024-10-25 09:30:00+00:00,MTEK,1.899999976158142,1.899999976158142,1.899999976158142,1.899999976158142,1.899999976158142,0.0
2024-10-25 09:30:00+00:00,MTLS,6.130000114440918,6.130000114440918,6.199999809265137,6.09499979019165,6.099999904632568,21507.0
2024-10-25 09:30:00+00:00,MTSI,117.43000030517578,117.43000030517578,117.99800109863281,117.22000122070312,117.31999969482422,0.0
2024-10-25 09:30:00+00:00,MTTR,4.679999828338623,4.679999828338623,4.679999828338623,4.670000076293945,4.679999828338623,14805.0
2024-10-25 09:30:00+00:00,MU,108.65010070800781,108.65010070800781,108.73999786376953,107.94000244140625,108.33999633789062,616501.0
2024-10-25 09:30:00+00:00,MVIS,1.1100000143051147,1.1100000143051147,1.1100000143051147,1.090000033378601,1.090000033378601,31848.0
2024-10-25 09:30:00+00:00,MXL,15.40999984741211,15.40999984741211,15.454999923706055,15.145000457763672,15.260000228881836,19082.0
2024-10-25 09:30:00+00:00,NCNO,38.2400016784668,38.2400016784668,38.36000061035156,38.2400016784668,38.36000061035156,5433.0
2024-10-25 09:30:00+00:00,NEON,8.039600372314453,8.039600372314453,8.039600372314453,7.900000095367432,7.900000095367432,2043.0
2024-10-25 09:30:00+00:00,NICE,177.6699981689453,177.6699981689453,177.6699981689453,177.6699981689453,177.6699981689453,1829.0
2024-10-25 09:30:00+00:00,NNDM,2.319999933242798,2.319999933242798,2.319999933242798,2.319999933242798,2.319999933242798,15277.0
2024-10-25 09:30:00+00:00,NOVT,176.07000732421875,176.07000732421875,176.07000732421875,174.4499969482422,174.4499969482422,2037.0
2024-10-25 09:30:00+00:00,NSIT,213.0500030517578,213.0500030517578,213.0500030517578,212.47999572753906,212.47999572753906,1165.0
2024-10-25 09:30:00+00:00,NTAP,120.52999877929688,120.52999877929688,120.58999633789062,120.47000122070312,120.47000122070312,16260.0
2024-10-25 09:30:00+00:00,NTCT,20.334999084472656,20.334999084472656,20.5,20.334999084472656,20.5,0.0
2024-10-25 09:30:00+00:00,NTGR,20.239999771118164,20.239999771118164,20.239999771118164,20.239999771118164,20.239999771118164,0.0
2024-10-25 09:30:00+00:00,NTNX,62.38999938964844,62.38999938964844,62.38999938964844,62.099998474121094,62.2599983215332,22796.0
2024-10-25 09:30:00+00:00,NVDA,141.0800018310547,141.0800018310547,141.49000549316406,140.8000030517578,140.94000244140625,6324750.0
2024-10-25 09:30:00+00:00,NVEI,33.540000915527344,33.540000915527344,33.540000915527344,33.5,33.5,9258.0
2024-10-25 09:30:00+00:00,NVMI,184.0050048828125,184.0050048828125,184.07000732421875,184.0050048828125,184.07000732421875,2498.0
2024-10-25 09:30:00+00:00,NVTS,2.5399999618530273,2.5399999618530273,2.555000066757202,2.5399999618530273,2.5399999618530273,88743.0
2024-10-25 09:30:00+00:00,NXPI,241.8000030517578,241.8000030517578,241.83999633789062,240.0800018310547,241.1999969482422,19982.0
2024-10-25 09:30:00+00:00,NXPL,1.100000023841858,1.100000023841858,1.100000023841858,1.100000023841858,1.100000023841858,1509.0
2024-10-25 09:30:00+00:00,OKTA,72.61479949951172,72.61479949951172,72.61479949951172,72.23999786376953,72.23999786376953,29807.0
2024-10-25 09:30:00+00:00,OLED,204.27499389648438,204.27499389648438,205.0,203.22000122070312,203.22000122070312,2640.0
2024-10-25 09:30:00+00:00,ON,71.30500030517578,71.30500030517578,71.48999786376953,70.56500244140625,70.5999984741211,119154.0
2024-10-25 09:30:00+00:00,ONDS,0.8955000042915344,0.8955000042915344,0.8955000042915344,0.8955000042915344,0.8955000042915344,0.0
2024-10-25 09:30:00+00:00,OSIS,137.97000122070312,137.97000122070312,137.97000122070312,137.97000122070312,137.97000122070312,1545.0
2024-10-25 09:30:00+00:00,OSPN,14.619999885559082,14.619999885559082,14.619999885559082,14.619999885559082,14.619999885559082,0.0
2024-10-25 09:30:00+00:00,OSS,2.430000066757202,2.430000066757202,2.430000066757202,2.430000066757202,2.430000066757202,0.0
2024-10-25 09:30:00+00:00,OTEX,33.439998626708984,33.439998626708984,33.439998626708984,33.38999938964844,33.38999938964844,0.0
2024-10-25 09:30:00+00:00,PALT,2.009999990463257,2.009999990463257,2.009999990463257,2.009999990463257,2.009999990463257,0.0
2024-10-25 09:30:00+00:00,PANW,366.8999938964844,366.8999938964844,368.0,366.17999267578125,368.0,44955.0
2024-10-25 09:30:00+00:00,PAYO,8.430000305175781,8.430000305175781,8.430000305175781,8.40999984741211,8.430000305175781,61.0
2024-10-25 09:30:00+00:00,PAYS,3.740000009536743,3.740000009536743,3.740000009536743,3.740000009536743,3.740000009536743,0.0
2024-10-25 09:30:00+00:00,PCTY,174.17999267578125,174.17999267578125,174.17999267578125,174.17999267578125,174.17999267578125,1985.0
2024-10-25 09:30:00+00:00,PDFS,29.1299991607666,29.1299991607666,29.1299991607666,29.1299991607666,29.1299991607666,0.0
2024-10-25 09:30:00+00:00,PEGA,79.98200225830078,79.98200225830078,80.0,79.47000122070312,79.5,86805.0
2024-10-25 09:30:00+00:00,PEGY,4.585000038146973,4.585000038146973,4.599999904632568,4.519999980926514,4.519999980926514,48755.0
2024-10-25 09:30:00+00:00,PGY,11.71500015258789,11.71500015258789,11.729999542236328,11.704999923706055,11.729999542236328,17257.0
2024-10-25 09:30:00+00:00,PHUN,9.270000457763672,9.270000457763672,9.289999961853027,9.149999618530273,9.1899995803833,2190212.0
2024-10-25 09:30:00+00:00,PI,194.1699981689453,194.1699981689453,194.1699981689453,193.25,193.25,7434.0
2024-10-25 09:30:00+00:00,PLAB,23.360000610351562,23.360000610351562,23.360000610351562,23.360000610351562,23.360000610351562,0.0
2024-10-25 09:30:00+00:00,PLUS,98.33000183105469,98.33000183105469,98.33000183105469,98.33000183105469,98.33000183105469,2348.0
2024-10-25 09:30:00+00:00,PLXS,145.02999877929688,145.02999877929688,145.17999267578125,144.49000549316406,145.17999267578125,0.0
2024-10-25 09:30:00+00:00,POET,4.0,4.0,4.0,3.8299999237060547,3.8399999141693115,166338.0
2024-10-25 09:30:00+00:00,POWI,62.97999954223633,62.97999954223633,62.97999954223633,62.599998474121094,62.599998474121094,0.0
2024-10-25 09:30:00+00:00,PRCH,1.3700000047683716,1.3700000047683716,1.3700000047683716,1.3700000047683716,1.3700000047683716,9528.0
2024-10-25 09:30:00+00:00,PRGS,65.12999725341797,65.12999725341797,65.54000091552734,65.12999725341797,65.3499984741211,0.0
2024-10-25 09:30:00+00:00,PRST,0.0027000000700354576,0.0027000000700354576,0.003000000026077032,0.0027000000700354576,0.002899999963119626,0.0
2024-10-25 09:30:00+00:00,PRTH,5.309999942779541,5.309999942779541,5.309999942779541,5.309999942779541,5.309999942779541,0.0
2024-10-25 09:30:00+00:00,PTC,184.67999267578125,184.67999267578125,184.72000122070312,184.67999267578125,184.7100067138672,7711.0
2024-10-25 09:30:00+00:00,PUBM,15.024999618530273,15.024999618530273,15.024999618530273,14.949999809265137,14.949999809265137,3350.0
2024-10-25 09:30:00+00:00,PXLW,0.7688999772071838,0.7688999772071838,0.7688999772071838,0.7688999772071838,0.7688999772071838,3592.0
2024-10-25 09:30:00+00:00,PYCR,14.270000457763672,14.270000457763672,14.270000457763672,14.270000457763672,14.270000457763672,0.0
2024-10-25 09:30:00+00:00,QCOM,170.10000610351562,170.10000610351562,170.66000366210938,169.8699951171875,170.60000610351562,161358.0
2024-10-25 09:30:00+00:00,QLYS,121.51499938964844,121.51499938964844,121.51499938964844,121.23999786376953,121.23999786376953,2622.0
2024-10-25 09:30:00+00:00,QMCO,5.590000152587891,5.590000152587891,5.590000152587891,5.590000152587891,5.590000152587891,4804.0
2024-10-25 09:30:00+00:00,QRVO,100.11000061035156,100.11000061035156,100.11000061035156,99.72000122070312,99.72000122070312,9694.0
2024-10-25 09:30:00+00:00,QUBT,1.1299999952316284,1.1299999952316284,1.149999976158142,1.1299999952316284,1.1399999856948853,66737.0
2024-10-25 09:30:00+00:00,QUIK,8.449999809265137,8.449999809265137,8.520000457763672,8.449999809265137,8.520000457763672,2972.0
2024-10-25 09:30:00+00:00,RBCN,1.2300000190734863,1.2300000190734863,1.2300000190734863,1.2300000190734863,1.2300000190734863,0.0
2024-10-25 09:30:00+00:00,RCAT,2.740000009536743,2.740000009536743,2.740000009536743,2.7200000286102295,2.7300000190734863,25434.0
2024-10-25 09:30:00+00:00,RDWR,22.729999542236328,22.729999542236328,22.739999771118164,21.6299991607666,22.399999618530273,0.0
2024-10-25 09:30:00+00:00,REKR,1.1349999904632568,1.1349999904632568,1.1399999856948853,1.1299999952316284,1.1299999952316284,15261.0
2024-10-25 09:30:00+00:00,RELL,13.8100004196167,13.8100004196167,13.8100004196167,13.8100004196167,13.8100004196167,0.0
2024-10-25 09:30:00+00:00,RELY,14.800000190734863,14.800000190734863,14.800000190734863,14.630000114440918,14.630000114440918,0.0
2024-10-25 09:30:00+00:00,RGTI,1.2575000524520874,1.2575000524520874,1.2575000524520874,1.2300000190734863,1.2300000190734863,195209.0
2024-10-25 09:30:00+00:00,RIOT,10.0600004196167,10.0600004196167,10.239999771118164,9.970000267028809,10.1899995803833,982505.0
2024-10-25 09:30:00+00:00,RMBS,42.5,42.5,42.65999984741211,42.470001220703125,42.470001220703125,9109.0
2024-10-25 09:30:00+00:00,RMNI,1.75,1.75,1.75,1.75,1.75,13104.0
2024-10-25 09:30:00+00:00,RPAY,7.639999866485596,7.639999866485596,7.695000171661377,7.630000114440918,7.630000114440918,0.0
2024-10-25 09:30:00+00:00,RPD,39.06999969482422,39.06999969482422,39.06999969482422,39.02000045776367,39.02000045776367,2926.0
2024-10-25 09:30:00+00:00,RSSS,2.640000104904175,2.640000104904175,2.640000104904175,2.640000104904175,2.640000104904175,0.0
2024-10-25 09:30:00+00:00,RUM,5.579999923706055,5.579999923706055,5.579999923706055,5.510000228881836,5.519999980926514,44709.0
2024-10-25 09:30:00+00:00,RUN,14.065899848937988,14.065899848937988,14.140000343322754,14.010000228881836,14.0600004196167,75993.0
2024-10-25 09:30:00+00:00,RXT,2.5199999809265137,2.5199999809265137,2.5199999809265137,2.5199999809265137,2.5199999809265137,2459.0
2024-10-25 09:30:00+00:00,SANM,67.6500015258789,67.6500015258789,67.6500015258789,67.43000030517578,67.43000030517578,0.0
2024-10-25 09:30:00+00:00,SATS,25.109899520874023,25.109899520874023,25.109899520874023,24.959999084472656,24.959999084472656,0.0
2024-10-25 09:30:00+00:00,SBIG,0.07999999821186066,0.07999999821186066,0.07999999821186066,0.07999999821186066,0.07999999821186066,0.0
2024-10-25 09:30:00+00:00,SCKT,1.1904000043869019,1.1904000043869019,1.1904000043869019,1.190000057220459,1.190000057220459,3205.0
2024-10-25 09:30:00+00:00,SCSC,45.59000015258789,45.59000015258789,45.63999938964844,45.59000015258789,45.63999938964844,0.0
2024-10-25 09:30:00+00:00,SCWX,8.399999618530273,8.399999618530273,8.399999618530273,8.399999618530273,8.399999618530273,0.0
2024-10-25 09:30:00+00:00,SEDG,15.229999542236328,15.229999542236328,15.359999656677246,15.1899995803833,15.359999656677246,111699.0
2024-10-25 09:30:00+00:00,SHLS,5.130000114440918,5.130000114440918,5.15500020980835,5.110000133514404,5.150000095367432,61163.0
2024-10-25 09:30:00+00:00,SIMO,56.9900016784668,56.9900016784668,56.9900016784668,56.939998626708984,56.939998626708984,1157.0
2024-10-25 09:30:00+00:00,SITM,183.3800048828125,183.3800048828125,183.3800048828125,183.3800048828125,183.3800048828125,0.0
2024-10-25 09:30:00+00:00,SKYT,10.279999732971191,10.279999732971191,10.300000190734863,10.279999732971191,10.300000190734863,0.0
2024-10-25 09:30:00+00:00,SLAB,114.37999725341797,114.37999725341797,114.37999725341797,114.37999725341797,114.37999725341797,3536.0
2024-10-25 09:30:00+00:00,SLNH,4.119999885559082,4.119999885559082,4.119999885559082,4.119999885559082,4.119999885559082,3139.0
2024-10-25 09:30:00+00:00,SMCI,46.75,46.75,46.84989929199219,46.459999084472656,46.61199951171875,791017.0
2024-10-25 09:30:00+00:00,SMSI,0.8270000219345093,0.8270000219345093,0.8270000219345093,0.8270000219345093,0.8270000219345093,8065.0
2024-10-25 09:30:00+00:00,SMTC,43.90010070800781,43.90010070800781,44.54999923706055,43.90010070800781,44.54999923706055,6091.0
2024-10-25 09:30:00+00:00,SNCR,11.050000190734863,11.050000190734863,11.050000190734863,11.050000190734863,11.050000190734863,2754.0
2024-10-25 09:30:00+00:00,SNPS,501.07000732421875,501.07000732421875,501.25,499.42999267578125,500.2200012207031,20119.0
2024-10-25 09:30:00+00:00,SOBR,8.0600004196167,8.0600004196167,8.0600004196167,8.0600004196167,8.0600004196167,4084.0
2024-10-25 09:30:00+00:00,SONO,12.800000190734863,12.800000190734863,12.800000190734863,12.770000457763672,12.779999732971191,13725.0
2024-10-25 09:30:00+00:00,SOTK,4.480000019073486,4.480000019073486,4.480000019073486,4.480000019073486,4.480000019073486,0.0
2024-10-25 09:30:00+00:00,SOUN,5.340000152587891,5.340000152587891,5.340000152587891,5.28000020980835,5.28000020980835,571659.0
2024-10-25 09:30:00+00:00,SOUNW,1.7699999809265137,1.7699999809265137,1.7699999809265137,1.7699999809265137,1.7699999809265137,2107.0
2024-10-25 09:30:00+00:00,SPI,0.42100000381469727,0.42100000381469727,0.42100000381469727,0.42100000381469727,0.42100000381469727,8655.0
2024-10-25 09:30:00+00:00,SPNS,37.029998779296875,37.029998779296875,37.029998779296875,36.959999084472656,36.959999084472656,0.0
2024-10-25 09:30:00+00:00,SPSC,190.7100067138672,190.7100067138672,190.7100067138672,190.7100067138672,190.7100067138672,2249.0
2024-10-25 09:30:00+00:00,SPT,27.670000076293945,27.670000076293945,28.8799991607666,27.600000381469727,27.600000381469727,0.0
2024-10-25 09:30:00+00:00,SRAD,12.329999923706055,12.329999923706055,12.329999923706055,12.329999923706055,12.329999923706055,0.0
2024-10-25 09:30:00+00:00,SSNC,68.6050033569336,68.6050033569336,68.72010040283203,66.91999816894531,67.8844985961914,121227.0
2024-10-25 09:30:00+00:00,SSYS,7.050000190734863,7.050000190734863,7.074999809265137,7.050000190734863,7.059999942779541,21499.0
2024-10-25 09:30:00+00:00,STER,16.8799991607666,16.8799991607666,16.8799991607666,16.760000228881836,16.760000228881836,0.0
2024-10-25 09:30:00+00:00,STNE,11.40999984741211,11.40999984741211,11.449999809265137,11.385000228881836,11.399999618530273,44026.0
2024-10-25 09:30:00+00:00,STX,104.86000061035156,104.86000061035156,104.86000061035156,104.22000122070312,104.86000061035156,50931.0
2024-10-25 09:30:00+00:00,SURG,1.7300000190734863,1.7300000190734863,1.7300000190734863,1.7300000190734863,1.7300000190734863,0.0
2024-10-25 09:30:00+00:00,SVRE,0.08889999985694885,0.08889999985694885,0.08889999985694885,0.08879999816417694,0.08879999816417694,314335.0
2024-10-25 09:30:00+00:00,SWKS,95.8499984741211,95.8499984741211,95.90499877929688,95.51000213623047,95.51000213623047,13118.0
2024-10-25 09:30:00+00:00,SYNA,72.44000244140625,72.44000244140625,72.44000244140625,72.44000244140625,72.44000244140625,0.0
2024-10-25 09:30:00+00:00,SYTA,1.1399999856948853,1.1399999856948853,1.1399999856948853,1.1299999952316284,1.1299999952316284,30971.0
2024-10-25 09:30:00+00:00,TASK,12.0,12.0,12.0,12.0,12.0,895.0
2024-10-25 09:30:00+00:00,TEAM,190.52000427246094,190.52000427246094,191.6898956298828,190.52000427246094,190.5399932861328,9909.0
2024-10-25 09:30:00+00:00,TENB,41.25,41.25,41.40999984741211,40.97999954223633,40.97999954223633,0.0
2024-10-25 09:30:00+00:00,TER,111.59500122070312,111.59500122070312,112.38999938964844,111.19000244140625,111.19000244140625,54173.0
2024-10-25 09:30:00+00:00,TGL,0.699999988079071,0.699999988079071,0.699999988079071,0.699999988079071,0.699999988079071,256.0
2024-10-25 09:30:00+00:00,TLS,3.5899999141693115,3.5899999141693115,3.5899999141693115,3.5899999141693115,3.5899999141693115,0.0
2024-10-25 09:30:00+00:00,TRMB,61.13999938964844,61.13999938964844,61.13999938964844,60.81999969482422,60.880001068115234,12002.0
2024-10-25 09:30:00+00:00,TSAT,13.619999885559082,13.619999885559082,13.619999885559082,13.270000457763672,13.430000305175781,0.0
2024-10-25 09:30:00+00:00,TSEM,44.2599983215332,44.2599983215332,44.2599983215332,44.2599983215332,44.2599983215332,0.0
2024-10-25 09:30:00+00:00,TTD,120.03500366210938,120.03500366210938,120.48999786376953,119.72000122070312,119.80000305175781,86012.0
2024-10-25 09:30:00+00:00,TTEC,5.429999828338623,5.429999828338623,5.489999771118164,5.429999828338623,5.46999979019165,0.0
2024-10-25 09:30:00+00:00,TTMI,19.399999618530273,19.399999618530273,19.399999618530273,19.3799991607666,19.3799991607666,4535.0
2024-10-25 09:30:00+00:00,TWKS,4.440000057220459,4.440000057220459,4.440000057220459,4.440000057220459,4.440000057220459,32897.0
2024-10-25 09:30:00+00:00,TXN,208.49000549316406,208.49000549316406,208.6999969482422,207.50999450683594,207.61000061035156,83590.0
2024-10-25 09:30:00+00:00,UCTT,35.45899963378906,35.45899963378906,35.470001220703125,35.45899963378906,35.470001220703125,5410.0
2024-10-25 09:30:00+00:00,UEIC,8.119999885559082,8.119999885559082,8.220000267028809,8.119999885559082,8.220000267028809,0.0
2024-10-25 09:30:00+00:00,UPLD,2.200000047683716,2.200000047683716,2.200000047683716,2.200000047683716,2.200000047683716,1224.0
2024-10-25 09:30:00+00:00,VCSA,2.440000057220459,2.440000057220459,2.440000057220459,2.440000057220459,2.440000057220459,1176.0
2024-10-25 09:30:00+00:00,VECO,29.3700008392334,29.3700008392334,29.3700008392334,29.3700008392334,29.3700008392334,5677.0
2024-10-25 09:30:00+00:00,VERB,10.1899995803833,10.1899995803833,10.1899995803833,10.1899995803833,10.1899995803833,10124.0
2024-10-25 09:30:00+00:00,VERI,3.4000000953674316,3.4000000953674316,3.4000000953674316,3.3399999141693115,3.4000000953674316,44721.0
2024-10-25 09:30:00+00:00,VERX,42.20000076293945,42.20000076293945,42.22999954223633,42.20000076293945,42.22999954223633,3515.0
2024-10-25 09:30:00+00:00,VIAV,9.239999771118164,9.239999771118164,9.260000228881836,9.239999771118164,9.260000228881836,0.0
2024-10-25 09:30:00+00:00,VICR,46.900001525878906,46.900001525878906,46.900001525878906,46.709999084472656,46.709999084472656,1600.0
2024-10-25 09:30:00+00:00,VMEO,4.730000019073486,4.730000019073486,4.739999771118164,4.699999809265137,4.730000019073486,15244.0
2024-10-25 09:30:00+00:00,VNET,3.450000047683716,3.450000047683716,3.450000047683716,3.380000114440918,3.380000114440918,4308.0
2024-10-25 09:30:00+00:00,VOXX,7.53000020980835,7.53000020980835,7.53000020980835,7.53000020980835,7.53000020980835,1338.0
2024-10-25 09:30:00+00:00,VRAR,0.7699999809265137,0.7699999809265137,0.7699999809265137,0.7699999809265137,0.7699999809265137,6613.0
2024-10-25 09:30:00+00:00,VRNS,56.84000015258789,56.84000015258789,56.84000015258789,56.400001525878906,56.400001525878906,11907.0
2024-10-25 09:30:00+00:00,VRNT,22.024999618530273,22.024999618530273,22.024999618530273,21.920000076293945,21.920000076293945,7040.0
2024-10-25 09:30:00+00:00,VRSN,187.3249969482422,187.3249969482422,187.3249969482422,187.0,187.0,10258.0
2024-10-25 09:30:00+00:00,VS,2.690000057220459,2.690000057220459,2.690000057220459,2.690000057220459,2.690000057220459,9566.0
2024-10-25 09:30:00+00:00,VSAT,10.34000015258789,10.34000015258789,10.34000015258789,10.279999732971191,10.279999732971191,24878.0
2024-10-25 09:30:00+00:00,VUZI,1.3496999740600586,1.3496999740600586,1.350000023841858,1.3494000434875488,1.350000023841858,28656.0
2024-10-25 09:30:00+00:00,VVPR,0.781000018119812,0.781000018119812,0.781000018119812,0.781000018119812,0.781000018119812,4362.0
2024-10-25 09:30:00+00:00,WALD,3.450000047683716,3.450000047683716,3.450000047683716,3.450000047683716,3.450000047683716,0.0
2024-10-25 09:30:00+00:00,WATT,0.6071000099182129,0.6071000099182129,0.6071000099182129,0.6071000099182129,0.6071000099182129,3013.0
2024-10-25 09:30:00+00:00,WDAY,239.39120483398438,239.39120483398438,239.91549682617188,239.17999267578125,239.57000732421875,13959.0
2024-10-25 09:30:00+00:00,WDC,73.17500305175781,73.17500305175781,73.45989990234375,72.0,72.5999984741211,1265142.0
2024-10-25 09:30:00+00:00,WISA,1.715000033378601,1.715000033378601,1.7200000286102295,1.690000057220459,1.690000057220459,83727.0
2024-10-25 09:30:00+00:00,WIX,162.92999267578125,162.92999267578125,162.92999267578125,162.92999267578125,162.92999267578125,2785.0
2024-10-25 09:30:00+00:00,WKEY,2.059999942779541,2.059999942779541,2.059999942779541,2.0199999809265137,2.049999952316284,4956.0
2024-10-25 09:30:00+00:00,WRAP,1.9499000310897827,1.9499000310897827,1.9499000310897827,1.9299999475479126,1.9299999475479126,19274.0
2024-10-25 09:30:00+00:00,XELA,1.9800000190734863,1.9800000190734863,1.9800000190734863,1.9600000381469727,1.9600000381469727,4504.0
2024-10-25 09:30:00+00:00,XPER,9.359999656677246,9.359999656677246,9.359999656677246,9.359999656677246,9.359999656677246,0.0
2024-10-25 09:30:00+00:00,XRX,10.164999961853027,10.164999961853027,10.180000305175781,10.100000381469727,10.119999885559082,31778.0
2024-10-25 09:30:00+00:00,ZBRA,363.4100036621094,363.4100036621094,363.4100036621094,363.4100036621094,363.4100036621094,1761.0
2024-10-25 09:30:00+00:00,ZI,10.470000267028809,10.470000267028809,10.470000267028809,10.430000305175781,10.460000038146973,14782.0
2024-10-25 09:30:00+00:00,ZM,72.75,72.75,72.87840270996094,72.70999908447266,72.75,45170.0
2024-10-25 09:30:00+00:00,ZS,186.69000244140625,186.69000244140625,186.72000122070312,185.35459899902344,185.3800048828125,23229.0
2024-10-25 09:31:00+00:00,AAOI,17.790000915527344,17.790000915527344,17.920000076293945,17.719999313354492,17.739999771118164,14991.0
2024-10-25 09:31:00+00:00,AAPL,230.86500549316406,230.86500549316406,231.1199951171875,230.19500732421875,230.36000061035156,292564.0
2024-10-25 09:31:00+00:00,ACIW,49.27000045776367,49.27000045776367,49.31999969482422,49.060001373291016,49.25,2593.0
2024-10-25 09:31:00+00:00,ACLS,90.78500366210938,90.78500366210938,91.0,90.78500366210938,90.87999725341797,2191.0
2024-10-25 09:31:00+00:00,ACMR,19.58799934387207,19.58799934387207,19.600000381469727,19.549999237060547,19.549999237060547,3390.0
2024-10-25 09:31:00+00:00,ADBE,486.5799865722656,486.5799865722656,486.99249267578125,485.2149963378906,485.2149963378906,18434.0
2024-10-25 09:31:00+00:00,ADI,232.72999572753906,232.72999572753906,232.7550048828125,232.30999755859375,232.38999938964844,8758.0
2024-10-25 09:31:00+00:00,ADSK,288.2300109863281,288.2300109863281,288.7850036621094,288.20001220703125,288.4150085449219,2273.0
2024-10-25 09:31:00+00:00,ADTN,6.25,6.25,6.25,6.25,6.25,295.0
2024-10-25 09:31:00+00:00,AEHR,16.260000228881836,16.260000228881836,16.299999237060547,15.895999908447266,15.949899673461914,34908.0
2024-10-25 09:31:00+00:00,AFRM,42.35499954223633,42.35499954223633,42.400001525878906,42.20000076293945,42.279998779296875,12826.0
2024-10-25 09:31:00+00:00,AGYS,112.64800262451172,112.64800262451172,112.64800262451172,112.64800262451172,112.64800262451172,139.0
2024-10-25 09:31:00+00:00,AKAM,103.4800033569336,103.4800033569336,103.48500061035156,103.2251968383789,103.2251968383789,1336.0
2024-10-25 09:31:00+00:00,AKTS,0.05739999935030937,0.05739999935030937,0.05739999935030937,0.05730000138282776,0.05739999935030937,22197.0
2024-10-25 09:31:00+00:00,ALGM,21.899999618530273,21.899999618530273,21.899999618530273,21.799999237060547,21.799999237060547,2268.0
2024-10-25 09:31:00+00:00,ALKT,38.25,38.25,38.38999938964844,38.22200012207031,38.23500061035156,931.0
2024-10-25 09:31:00+00:00,AMAT,186.65499877929688,186.65499877929688,186.91000366210938,186.26499938964844,186.33999633789062,13927.0
2024-10-25 09:31:00+00:00,AMD,156.00059509277344,156.00059509277344,156.1894073486328,155.4949951171875,155.4949951171875,351927.0
2024-10-25 09:31:00+00:00,ANSS,324.67999267578125,324.67999267578125,324.67999267578125,324.67999267578125,324.67999267578125,186.0
2024-10-25 09:31:00+00:00,ANY,1.089900016784668,1.089900016784668,1.089900016784668,1.0628999471664429,1.0628999471664429,8132.0
2024-10-25 09:31:00+00:00,APP,161.10000610351562,161.10000610351562,161.24000549316406,160.89999389648438,161.1750030517578,6300.0
2024-10-25 09:31:00+00:00,APPF,213.72000122070312,213.72000122070312,215.26499938964844,211.58999633789062,212.22000122070312,9990.0
2024-10-25 09:31:00+00:00,APPN,32.540000915527344,32.540000915527344,32.540000915527344,32.43000030517578,32.43000030517578,1002.0
2024-10-25 09:31:00+00:00,APPS,3.1600000858306885,3.1600000858306885,3.1700000762939453,3.1600000858306885,3.1700000762939453,8430.0
2024-10-25 09:31:00+00:00,ARQQ,7.800000190734863,7.800000190734863,7.800000190734863,7.730000019073486,7.730000019073486,2786.0
2024-10-25 09:31:00+00:00,ARRY,6.21999979019165,6.21999979019165,6.239999771118164,6.190000057220459,6.195000171661377,7433.0
2024-10-25 09:31:00+00:00,ASML,717.0999755859375,717.0999755859375,717.9779052734375,716.6500244140625,716.9199829101562,11746.0
2024-10-25 09:31:00+00:00,ASNS,1.3650000095367432,1.3650000095367432,1.3650000095367432,1.3650000095367432,1.3650000095367432,1764.0
2024-10-25 09:31:00+00:00,ASUR,9.6899995803833,9.6899995803833,9.6899995803833,9.680000305175781,9.680000305175781,312.0
2024-10-25 09:31:00+00:00,AUR,6.489999771118164,6.489999771118164,6.53000020980835,6.485000133514404,6.53000020980835,16697.0
2024-10-25 09:31:00+00:00,AVDX,8.21500015258789,8.21500015258789,8.21500015258789,8.21500015258789,8.21500015258789,700.0
2024-10-25 09:31:00+00:00,AVGO,173.72999572753906,173.72999572753906,174.1811981201172,173.60000610351562,173.96499633789062,55559.0
2024-10-25 09:31:00+00:00,AVPT,12.154999732971191,12.154999732971191,12.154999732971191,12.140000343322754,12.140000343322754,494.0
2024-10-25 09:31:00+00:00,AVT,54.665000915527344,54.665000915527344,54.665000915527344,54.619998931884766,54.619998931884766,1605.0
2024-10-25 09:31:00+00:00,AXTI,2.634999990463257,2.634999990463257,2.636199951171875,2.6201000213623047,2.6201000213623047,2400.0
2024-10-25 09:31:00+00:00,BIGC,5.375,5.375,5.375,5.369999885559082,5.369999885559082,678.0
2024-10-25 09:31:00+00:00,BLKB,86.19000244140625,86.19000244140625,86.19000244140625,86.19000244140625,86.19000244140625,80.0
2024-10-25 09:31:00+00:00,BLZE,7.25,7.25,7.25,7.25,7.25,1911.0
2024-10-25 09:31:00+00:00,BMBL,7.349999904632568,7.349999904632568,7.349999904632568,7.311999797821045,7.311999797821045,12465.0
2024-10-25 09:31:00+00:00,BRZE,31.489999771118164,31.489999771118164,31.5,31.440000534057617,31.440000534057617,962.0
2024-10-25 09:31:00+00:00,BSY,49.36000061035156,49.36000061035156,49.36000061035156,49.36000061035156,49.36000061035156,229.0
2024-10-25 09:31:00+00:00,CAN,1.0099999904632568,1.0099999904632568,1.0149999856948853,1.0099999904632568,1.0149999856948853,69613.0
2024-10-25 09:31:00+00:00,CDNS,255.94000244140625,255.94000244140625,255.99000549316406,255.60650634765625,255.7899932861328,5935.0
2024-10-25 09:31:00+00:00,CETX,0.29750001430511475,0.29750001430511475,0.2980000078678131,0.296999990940094,0.2980000078678131,18304.0
2024-10-25 09:31:00+00:00,CFLT,22.075000762939453,22.075000762939453,22.100000381469727,22.0,22.0,8471.0
2024-10-25 09:31:00+00:00,CGNX,39.01499938964844,39.01499938964844,39.01499938964844,39.01499938964844,39.01499938964844,417.0
2024-10-25 09:31:00+00:00,CLSK,11.868000030517578,11.868000030517578,12.010000228881836,11.829999923706055,11.979999542236328,151757.0
2024-10-25 09:31:00+00:00,CNXC,45.79999923706055,45.79999923706055,45.79999923706055,45.79999923706055,45.79999923706055,670.0
2024-10-25 09:31:00+00:00,COHR,97.25499725341797,97.25499725341797,97.41999816894531,97.25499725341797,97.2750015258789,753.0
2024-10-25 09:31:00+00:00,COIN,207.30999755859375,207.30999755859375,207.94000244140625,206.4001007080078,207.94000244140625,59636.0
2024-10-25 09:31:00+00:00,COMM,6.440000057220459,6.440000057220459,6.46999979019165,6.420000076293945,6.420000076293945,14665.0
2024-10-25 09:31:00+00:00,CORZ,13.63379955291748,13.63379955291748,13.739999771118164,13.619999885559082,13.739999771118164,15049.0
2024-10-25 09:31:00+00:00,CRDO,39.470001220703125,39.470001220703125,39.540000915527344,39.310001373291016,39.39500045776367,58164.0
2024-10-25 09:31:00+00:00,CRNC,2.815000057220459,2.815000057220459,2.815000057220459,2.815000057220459,2.815000057220459,295.0
2024-10-25 09:31:00+00:00,CRSR,6.394999980926514,6.394999980926514,6.394999980926514,6.394999980926514,6.394999980926514,790.0
2024-10-25 09:31:00+00:00,CRUS,121.52400207519531,121.52400207519531,121.9749984741211,121.52400207519531,121.9749984741211,452.0
2024-10-25 09:31:00+00:00,CRWD,306.1499938964844,306.1499938964844,306.78369140625,305.0653076171875,305.0653076171875,10203.0
2024-10-25 09:31:00+00:00,CSCO,56.22999954223633,56.22999954223633,56.310001373291016,56.209999084472656,56.290000915527344,34147.0
2024-10-25 09:31:00+00:00,CSIQ,12.65999984741211,12.65999984741211,12.680000305175781,12.40999984741211,12.40999984741211,112716.0
2024-10-25 09:31:00+00:00,CTLP,9.211600303649902,9.211600303649902,9.220000267028809,9.199999809265137,9.199999809265137,3438.0
2024-10-25 09:31:00+00:00,CTSH,75.25,75.25,75.36000061035156,75.24500274658203,75.24500274658203,853.0
2024-10-25 09:31:00+00:00,CYBR,299.989990234375,299.989990234375,299.989990234375,297.989990234375,298.0,1958.0
2024-10-25 09:31:00+00:00,DDOG,125.86000061035156,125.86000061035156,125.9000015258789,125.41999816894531,125.41999816894531,8004.0
2024-10-25 09:31:00+00:00,DIOD,65.08000183105469,65.08000183105469,65.08000183105469,65.08000183105469,65.08000183105469,241.0
2024-10-25 09:31:00+00:00,DMRC,30.700000762939453,30.700000762939453,30.700000762939453,30.700000762939453,30.700000762939453,840.0
2024-10-25 09:31:00+00:00,DOCU,70.54499816894531,70.54499816894531,70.60260009765625,70.3499984741211,70.60260009765625,1843.0
2024-10-25 09:31:00+00:00,DOX,89.74500274658203,89.74500274658203,89.74500274658203,89.74500274658203,89.74500274658203,665.0
2024-10-25 09:31:00+00:00,EMKR,2.1798999309539795,2.1798999309539795,2.1798999309539795,2.1798999309539795,2.1798999309539795,552.0
2024-10-25 09:31:00+00:00,ENPH,79.9800033569336,79.9800033569336,80.44000244140625,79.93000030517578,80.41000366210938,73963.0
2024-10-25 09:31:00+00:00,ENTG,104.1500015258789,104.1500015258789,104.1500015258789,104.1500015258789,104.1500015258789,732.0
2024-10-25 09:31:00+00:00,ERIC,8.520000457763672,8.520000457763672,8.524999618530273,8.520000457763672,8.524999618530273,2089.0
2024-10-25 09:31:00+00:00,EXTR,14.550000190734863,14.550000190734863,14.550000190734863,14.550000190734863,14.550000190734863,135.0
2024-10-25 09:31:00+00:00,FFIV,215.27999877929688,215.27999877929688,215.27999877929688,215.22999572753906,215.22999572753906,579.0
2024-10-25 09:31:00+00:00,FIVN,31.225000381469727,31.225000381469727,31.231000900268555,31.059999465942383,31.059999465942383,13321.0
2024-10-25 09:31:00+00:00,FLEX,35.57500076293945,35.57500076293945,35.65999984741211,35.439998626708984,35.47999954223633,13928.0
2024-10-25 09:31:00+00:00,FORM,44.26750183105469,44.26750183105469,44.65999984741211,44.20000076293945,44.314998626708984,3667.0
2024-10-25 09:31:00+00:00,FRGT,1.9294999837875366,1.9294999837875366,1.9294999837875366,1.9294999837875366,1.9294999837875366,409.0
2024-10-25 09:31:00+00:00,FRSH,11.680000305175781,11.680000305175781,11.680000305175781,11.670000076293945,11.670000076293945,1540.0
2024-10-25 09:31:00+00:00,FSLR,194.80999755859375,194.80999755859375,194.80999755859375,194.00999450683594,194.3531951904297,20863.0
2024-10-25 09:31:00+00:00,FTCI,0.699999988079071,0.699999988079071,0.699999988079071,0.699999988079071,0.699999988079071,248.0
2024-10-25 09:31:00+00:00,FTFT,0.31439998745918274,0.31439998745918274,0.31439998745918274,0.314300000667572,0.314300000667572,800.0
2024-10-25 09:31:00+00:00,FTNT,81.12999725341797,81.12999725341797,81.18000030517578,81.01000213623047,81.12999725341797,4677.0
2024-10-25 09:31:00+00:00,GCT,25.739999771118164,25.739999771118164,25.799999237060547,25.739999771118164,25.795000076293945,1405.0
2024-10-25 09:31:00+00:00,GDS,21.489999771118164,21.489999771118164,21.540000915527344,21.469999313354492,21.540000915527344,3035.0
2024-10-25 09:31:00+00:00,GDYN,15.510000228881836,15.510000228881836,15.510000228881836,15.484999656677246,15.484999656677246,373.0
2024-10-25 09:31:00+00:00,GFS,40.064998626708984,40.064998626708984,40.06999969482422,39.85089874267578,40.02989959716797,3805.0
2024-10-25 09:31:00+00:00,GNSS,3.799999952316284,3.799999952316284,3.799999952316284,3.799999952316284,3.799999952316284,372.0
2024-10-25 09:31:00+00:00,GPRO,1.3300000429153442,1.3300000429153442,1.3300000429153442,1.3300000429153442,1.3300000429153442,11649.0
2024-10-25 09:31:00+00:00,GRAB,4.164999961853027,4.164999961853027,4.170000076293945,4.160099983215332,4.164999961853027,18652.0
2024-10-25 09:31:00+00:00,GRRR,4.769999980926514,4.769999980926514,4.820000171661377,4.75,4.78000020980835,1773.0
2024-10-25 09:31:00+00:00,GSIT,3.375999927520752,3.375999927520752,3.375999927520752,3.3101000785827637,3.360100030899048,1343.0
2024-10-25 09:31:00+00:00,GTLB,56.41999816894531,56.41999816894531,56.439998626708984,56.33000183105469,56.41999816894531,1220.0
2024-10-25 09:31:00+00:00,HCP,33.685001373291016,33.685001373291016,33.68790054321289,33.68000030517578,33.68000030517578,1152.0
2024-10-25 09:31:00+00:00,HLIT,14.71500015258789,14.71500015258789,14.779999732971191,14.71500015258789,14.779999732971191,1934.0
2024-10-25 09:31:00+00:00,HOLO,3.859999895095825,3.859999895095825,3.859999895095825,3.8454999923706055,3.8454999923706055,5231.0
2024-10-25 09:31:00+00:00,HOOD,27.299999237060547,27.299999237060547,27.459999084472656,27.270000457763672,27.459999084472656,60149.0
2024-10-25 09:31:00+00:00,IBEX,18.21500015258789,18.21500015258789,18.21500015258789,18.21500015258789,18.21500015258789,471.0
2024-10-25 09:31:00+00:00,IMMR,8.630000114440918,8.630000114440918,8.630000114440918,8.630000114440918,8.630000114440918,693.0
2024-10-25 09:31:00+00:00,IMTE,1.7599999904632568,1.7599999904632568,1.7699999809265137,1.7599999904632568,1.7698999643325806,650.0
2024-10-25 09:31:00+00:00,IMXI,17.84000015258789,17.84000015258789,17.84000015258789,17.84000015258789,17.84000015258789,108.0
2024-10-25 09:31:00+00:00,INDI,3.490000009536743,3.490000009536743,3.490000009536743,3.484999895095825,3.484999895095825,3342.0
2024-10-25 09:31:00+00:00,INOD,19.40999984741211,19.40999984741211,19.40999984741211,19.40999984741211,19.40999984741211,620.0
2024-10-25 09:31:00+00:00,INTA,49.959999084472656,49.959999084472656,50.400001525878906,49.959999084472656,50.400001525878906,1427.0
2024-10-25 09:31:00+00:00,INTC,22.54010009765625,22.54010009765625,22.6200008392334,22.520000457763672,22.590099334716797,211682.0
2024-10-25 09:31:00+00:00,INTU,609.6199951171875,609.6199951171875,609.6199951171875,609.6199951171875,609.6199951171875,1453.0
2024-10-25 09:31:00+00:00,ITI,7.196000099182129,7.196000099182129,7.199999809265137,7.190100193023682,7.199999809265137,15892.0
2024-10-25 09:31:00+00:00,ITRN,26.979999542236328,26.979999542236328,26.979999542236328,26.979999542236328,26.979999542236328,217.0
2024-10-25 09:31:00+00:00,JAMF,17.079999923706055,17.079999923706055,17.079999923706055,17.01129913330078,17.049999237060547,3459.0
2024-10-25 09:31:00+00:00,KC,2.690000057220459,2.690000057220459,2.694999933242798,2.684999942779541,2.690000057220459,72851.0
2024-10-25 09:31:00+00:00,KLAC,673.1799926757812,673.1799926757812,673.1799926757812,669.8150024414062,670.9299926757812,3819.0
2024-10-25 09:31:00+00:00,KLIC,43.720001220703125,43.720001220703125,43.720001220703125,43.720001220703125,43.720001220703125,451.0
2024-10-25 09:31:00+00:00,KOSS,7.400000095367432,7.400000095367432,7.400000095367432,7.400000095367432,7.400000095367432,1029.0
2024-10-25 09:31:00+00:00,LITE,64.80999755859375,64.80999755859375,64.8499984741211,64.80999755859375,64.8499984741211,690.0
2024-10-25 09:31:00+00:00,LPSN,1.2300000190734863,1.2300000190734863,1.2300000190734863,1.2300000190734863,1.2300000190734863,2605.0
2024-10-25 09:31:00+00:00,LRCX,77.79180145263672,77.79180145263672,77.83000183105469,77.36499786376953,77.36499786376953,45322.0
2024-10-25 09:31:00+00:00,LSCC,54.70500183105469,54.70500183105469,54.70500183105469,54.70500183105469,54.70500183105469,645.0
2024-10-25 09:31:00+00:00,LYFT,13.824999809265137,13.824999809265137,13.854999542236328,13.8100004196167,13.854999542236328,14328.0
2024-10-25 09:31:00+00:00,LYTS,16.299999237060547,16.299999237060547,16.299999237060547,16.270000457763672,16.270000457763672,721.0
2024-10-25 09:31:00+00:00,MANH,276.3999938964844,276.3999938964844,276.3999938964844,276.3999938964844,276.3999938964844,217.0
2024-10-25 09:31:00+00:00,MCHP,76.67500305175781,76.67500305175781,76.88999938964844,76.62000274658203,76.87000274658203,10544.0
2024-10-25 09:31:00+00:00,MDB,268.7250061035156,268.7250061035156,269.0,268.3800048828125,268.3800048828125,2827.0
2024-10-25 09:31:00+00:00,MNDY,298.5799865722656,298.5799865722656,299.1199951171875,298.5799865722656,299.1199951171875,920.0
2024-10-25 09:31:00+00:00,MPWR,908.5750122070312,908.5750122070312,908.5750122070312,908.5750122070312,908.5750122070312,2572.0
2024-10-25 09:31:00+00:00,MQ,5.329999923706055,5.329999923706055,5.329999923706055,5.284999847412109,5.284999847412109,20698.0
2024-10-25 09:31:00+00:00,MRVL,82.41000366210938,82.41000366210938,82.48999786376953,82.30000305175781,82.37999725341797,13026.0
2024-10-25 09:31:00+00:00,MSFT,427.4739074707031,427.4739074707031,428.29998779296875,427.3999938964844,427.8349914550781,87508.0
2024-10-25 09:31:00+00:00,MSTR,234.73129272460938,234.73129272460938,235.77000427246094,233.1999969482422,233.36000061035156,158291.0
2024-10-25 09:31:00+00:00,MTC,0.37700000405311584,0.37700000405311584,0.37700000405311584,0.37700000405311584,0.37700000405311584,600.0
2024-10-25 09:31:00+00:00,MTLS,6.110000133514404,6.110000133514404,6.176000118255615,6.110000133514404,6.139999866485596,4957.0
2024-10-25 09:31:00+00:00,MTSI,117.25,117.25,117.25,117.04000091552734,117.13500213623047,668.0
2024-10-25 09:31:00+00:00,MTTR,4.666999816894531,4.666999816894531,4.666999816894531,4.664999961853027,4.664999961853027,300.0
2024-10-25 09:31:00+00:00,MU,108.3550033569336,108.3550033569336,108.88999938964844,108.3550033569336,108.69499969482422,112368.0
2024-10-25 09:31:00+00:00,MVIS,1.100000023841858,1.100000023841858,1.1050000190734863,1.100000023841858,1.1050000190734863,10430.0
2024-10-25 09:31:00+00:00,MXL,15.1899995803833,15.1899995803833,15.425000190734863,15.1899995803833,15.425000190734863,2136.0
2024-10-25 09:31:00+00:00,NSIT,211.25,211.25,211.25,211.25,211.25,483.0
2024-10-25 09:31:00+00:00,NTAP,120.5,120.5,120.51499938964844,120.5,120.51499938964844,1230.0
2024-10-25 09:31:00+00:00,NTCT,20.600000381469727,20.600000381469727,20.600000381469727,20.549999237060547,20.549999237060547,2160.0
2024-10-25 09:31:00+00:00,NTNX,62.459999084472656,62.459999084472656,62.650001525878906,62.459999084472656,62.650001525878906,1865.0
2024-10-25 09:31:00+00:00,NVDA,141.4980010986328,141.4980010986328,141.74000549316406,141.05430603027344,141.05870056152344,1481395.0
2024-10-25 09:31:00+00:00,NVEI,33.54999923706055,33.54999923706055,33.54999923706055,33.54999923706055,33.54999923706055,1414.0
2024-10-25 09:31:00+00:00,NVTS,2.5399999618530273,2.5399999618530273,2.5399999618530273,2.5399999618530273,2.5399999618530273,3213.0
2024-10-25 09:31:00+00:00,NXPI,241.7550048828125,241.7550048828125,241.81500244140625,241.6649932861328,241.81500244140625,884.0
2024-10-25 09:31:00+00:00,OKTA,72.76000213623047,72.76000213623047,72.80000305175781,72.55999755859375,72.55999755859375,5265.0
2024-10-25 09:31:00+00:00,ON,70.94000244140625,70.94000244140625,71.37000274658203,70.91000366210938,71.37000274658203,58867.0
2024-10-25 09:31:00+00:00,OSIS,141.9219970703125,141.9219970703125,141.9219970703125,141.9219970703125,141.9219970703125,339.0
2024-10-25 09:31:00+00:00,PANW,367.0199890136719,367.0199890136719,367.6499938964844,366.70001220703125,366.70001220703125,5430.0
2024-10-25 09:31:00+00:00,PAYO,8.420000076293945,8.420000076293945,8.4399995803833,8.40999984741211,8.4399995803833,9586.0
2024-10-25 09:31:00+00:00,PAYS,3.75,3.75,3.75,3.75,3.75,932.0
2024-10-25 09:31:00+00:00,PEGA,80.56999969482422,80.56999969482422,80.58000183105469,80.4000015258789,80.4000015258789,4625.0
2024-10-25 09:31:00+00:00,PEGY,4.590000152587891,4.590000152587891,4.590000152587891,4.590000152587891,4.590000152587891,531.0
2024-10-25 09:31:00+00:00,PHUN,9.39490032196045,9.39490032196045,9.420000076293945,9.252400398254395,9.300000190734863,195921.0
2024-10-25 09:31:00+00:00,PI,192.25999450683594,192.25999450683594,194.0500030517578,192.22000122070312,193.00120544433594,9824.0
2024-10-25 09:31:00+00:00,PLXS,145.39500427246094,145.39500427246094,145.39500427246094,145.39500427246094,145.39500427246094,258.0
2024-10-25 09:31:00+00:00,POET,4.099999904632568,4.099999904632568,4.099999904632568,4.014999866485596,4.014999866485596,33601.0
2024-10-25 09:31:00+00:00,POWI,63.279998779296875,63.279998779296875,63.279998779296875,62.98500061035156,62.98500061035156,1481.0
2024-10-25 09:31:00+00:00,PRCH,1.3600000143051147,1.3600000143051147,1.3650000095367432,1.3600000143051147,1.3650000095367432,2444.0
2024-10-25 09:31:00+00:00,PRGS,64.95999908447266,64.95999908447266,65.18000030517578,64.95999908447266,65.18000030517578,800.0
2024-10-25 09:31:00+00:00,PRTH,5.355000019073486,5.355000019073486,5.355000019073486,5.355000019073486,5.355000019073486,717.0
2024-10-25 09:31:00+00:00,PTC,185.0,185.0,185.0,185.0,185.0,893.0
2024-10-25 09:31:00+00:00,QCOM,170.26210021972656,170.26210021972656,170.49989318847656,169.93499755859375,169.93499755859375,14602.0
2024-10-25 09:31:00+00:00,QLYS,121.88500213623047,121.88500213623047,121.88500213623047,121.88500213623047,121.88500213623047,497.0
2024-10-25 09:31:00+00:00,QRVO,100.30000305175781,100.30000305175781,100.30000305175781,100.30000305175781,100.30000305175781,221.0
2024-10-25 09:31:00+00:00,QUBT,1.1349999904632568,1.1349999904632568,1.13919997215271,1.1299999952316284,1.1349999904632568,2955.0
2024-10-25 09:31:00+00:00,QUIK,8.569999694824219,8.569999694824219,8.569999694824219,8.569999694824219,8.569999694824219,200.0
2024-10-25 09:31:00+00:00,RCAT,2.748500108718872,2.748500108718872,2.75,2.748500108718872,2.75,3832.0
2024-10-25 09:31:00+00:00,REKR,1.1319999694824219,1.1319999694824219,1.1319999694824219,1.1319999694824219,1.1319999694824219,316.0
2024-10-25 09:31:00+00:00,RELY,14.6899995803833,14.6899995803833,14.6899995803833,14.6899995803833,14.6899995803833,201.0
2024-10-25 09:31:00+00:00,RGTI,1.249400019645691,1.249400019645691,1.2599999904632568,1.2300000190734863,1.2599999904632568,63761.0
2024-10-25 09:31:00+00:00,RIOT,9.960000038146973,9.960000038146973,10.079999923706055,9.930000305175781,10.069999694824219,311217.0
2024-10-25 09:31:00+00:00,RMBS,42.685001373291016,42.685001373291016,42.93000030517578,42.685001373291016,42.75,578.0
2024-10-25 09:31:00+00:00,RUM,5.590000152587891,5.590000152587891,5.590000152587891,5.590000152587891,5.590000152587891,2381.0
2024-10-25 09:31:00+00:00,RUN,14.055000305175781,14.055000305175781,14.151599884033203,14.030099868774414,14.069999694824219,41250.0
2024-10-25 09:31:00+00:00,SANM,67.5999984741211,67.5999984741211,67.5999984741211,67.5999984741211,67.5999984741211,461.0
2024-10-25 09:31:00+00:00,SATL,0.9700000286102295,0.9700000286102295,0.9700000286102295,0.9700000286102295,0.9700000286102295,0.0
2024-10-25 09:31:00+00:00,SATS,24.959999084472656,24.959999084472656,25.18000030517578,24.959999084472656,25.025999069213867,1838.0
2024-10-25 09:31:00+00:00,SCSC,45.599998474121094,45.599998474121094,45.599998474121094,45.599998474121094,45.599998474121094,901.0
2024-10-25 09:31:00+00:00,SEDG,15.188599586486816,15.188599586486816,15.229999542236328,15.130000114440918,15.225000381469727,8167.0
2024-10-25 09:31:00+00:00,SHLS,5.15500020980835,5.15500020980835,5.164999961853027,5.119999885559082,5.135000228881836,16339.0
2024-10-25 09:31:00+00:00,SITM,182.60000610351562,182.60000610351562,182.60000610351562,182.60000610351562,182.60000610351562,582.0
2024-10-25 09:31:00+00:00,SLNH,4.081600189208984,4.081600189208984,4.101600170135498,4.080399990081787,4.101600170135498,1888.0
2024-10-25 09:31:00+00:00,SMCI,46.84000015258789,46.84000015258789,46.959999084472656,46.720001220703125,46.75,181421.0
2024-10-25 09:31:00+00:00,SNPS,501.30499267578125,501.30499267578125,501.30499267578125,501.30499267578125,501.30499267578125,602.0
2024-10-25 09:31:00+00:00,SONO,12.789999961853027,12.789999961853027,12.829999923706055,12.789999961853027,12.819999694824219,5162.0
2024-10-25 09:31:00+00:00,SOUN,5.329999923706055,5.329999923706055,5.348700046539307,5.320000171661377,5.3470001220703125,37800.0
2024-10-25 09:31:00+00:00,SPT,27.670000076293945,27.670000076293945,27.670000076293945,27.670000076293945,27.670000076293945,1132.0
2024-10-25 09:31:00+00:00,SSNC,68.75499725341797,68.75499725341797,68.76499938964844,68.5,68.69999694824219,23616.0
2024-10-25 09:31:00+00:00,SSYS,7.170000076293945,7.170000076293945,7.170000076293945,7.099999904632568,7.099999904632568,2460.0
2024-10-25 09:31:00+00:00,STER,16.760000228881836,16.760000228881836,16.780000686645508,16.760000228881836,16.780000686645508,600.0
2024-10-25 09:31:00+00:00,STNE,11.399999618530273,11.399999618530273,11.399999618530273,11.364999771118164,11.390000343322754,10506.0
2024-10-25 09:31:00+00:00,STX,104.87999725341797,104.87999725341797,104.9800033569336,104.80000305175781,104.97000122070312,10309.0
2024-10-25 09:31:00+00:00,SVRE,0.08889999985694885,0.08889999985694885,0.08889999985694885,0.08889999985694885,0.08889999985694885,927.0
2024-10-25 09:31:00+00:00,SYNA,72.5,72.5,72.5,72.5,72.5,112.0
2024-10-25 09:31:00+00:00,TASK,12.0600004196167,12.0600004196167,12.100000381469727,12.0600004196167,12.09000015258789,1090.0
2024-10-25 09:31:00+00:00,TENB,41.41999816894531,41.41999816894531,41.41999816894531,41.349998474121094,41.41999816894531,3744.0
2024-10-25 09:31:00+00:00,TER,111.65789794921875,111.65789794921875,112.48999786376953,111.6050033569336,111.7750015258789,10121.0
2024-10-25 09:31:00+00:00,TGL,0.6919999718666077,0.6919999718666077,0.6919999718666077,0.6919999718666077,0.6919999718666077,322.0
2024-10-25 09:31:00+00:00,TLS,3.5850000381469727,3.5850000381469727,3.5850000381469727,3.5850000381469727,3.5850000381469727,353.0
2024-10-25 09:31:00+00:00,TRMB,61.02000045776367,61.02000045776367,61.02000045776367,61.02000045776367,61.02000045776367,100.0
2024-10-25 09:31:00+00:00,TTD,120.51499938964844,120.51499938964844,120.75499725341797,119.94999694824219,120.12000274658203,34839.0
2024-10-25 09:31:00+00:00,TTEC,5.460000038146973,5.460000038146973,5.460000038146973,5.429999828338623,5.429999828338623,704.0
2024-10-25 09:31:00+00:00,TTMI,19.434999465942383,19.434999465942383,19.434999465942383,19.434999465942383,19.434999465942383,188.0
2024-10-25 09:31:00+00:00,TWKS,4.436600208282471,4.436600208282471,4.440000057220459,4.429999828338623,4.440000057220459,1145.0
2024-10-25 09:31:00+00:00,TXN,208.5500030517578,208.5500030517578,209.19000244140625,207.61000061035156,208.8699951171875,70405.0
2024-10-25 09:31:00+00:00,VERI,3.375,3.375,3.375,3.375,3.375,0.0
2024-10-25 09:31:00+00:00,VERX,42.060001373291016,42.060001373291016,42.380001068115234,42.060001373291016,42.16999816894531,2130.0
2024-10-25 09:31:00+00:00,VIAV,9.239999771118164,9.239999771118164,9.260000228881836,9.239999771118164,9.260000228881836,238.0
2024-10-25 09:31:00+00:00,VMEO,4.730000019073486,4.730000019073486,4.738999843597412,4.730000019073486,4.738999843597412,632.0
2024-10-25 09:31:00+00:00,VNET,3.4000000953674316,3.4000000953674316,3.450000047683716,3.4000000953674316,3.450000047683716,2155.0
2024-10-25 09:31:00+00:00,VRNS,56.81999969482422,56.81999969482422,56.81999969482422,56.56999969482422,56.810001373291016,612.0
2024-10-25 09:31:00+00:00,VRSN,187.94000244140625,187.94000244140625,187.94000244140625,187.1425018310547,187.3249969482422,609.0
2024-10-25 09:31:00+00:00,VSAT,10.359999656677246,10.359999656677246,10.359999656677246,10.335000038146973,10.335000038146973,1795.0
2024-10-25 09:31:00+00:00,VUZI,1.343999981880188,1.343999981880188,1.3450000286102295,1.343999981880188,1.3450000286102295,1599.0
2024-10-25 09:31:00+00:00,WALD,3.450000047683716,3.450000047683716,3.450000047683716,3.447200059890747,3.447200059890747,400.0
2024-10-25 09:31:00+00:00,WDAY,239.7100067138672,239.7100067138672,239.7100067138672,239.28500366210938,239.28500366210938,1740.0
2024-10-25 09:31:00+00:00,WDC,72.9000015258789,72.9000015258789,73.44760131835938,72.37999725341797,73.26570129394531,125654.0
2024-10-25 09:31:00+00:00,WISA,1.7461999654769897,1.7461999654769897,1.75,1.7100000381469727,1.714400053024292,6695.0
2024-10-25 09:31:00+00:00,ZI,10.520000457763672,10.520000457763672,10.520000457763672,10.520000457763672,10.520000457763672,405.0
2024-10-25 09:31:00+00:00,ZM,73.19000244140625,73.19000244140625,73.19000244140625,72.93000030517578,72.93000030517578,2827.0
2024-10-25 09:31:00+00:00,ZS,187.0,187.0,187.0,186.35400390625,186.35400390625,3445.0
2024-10-25 09:32:00+00:00,AAOI,17.959999084472656,17.959999084472656,17.959999084472656,17.829999923706055,17.889999389648438,7417.0
2024-10-25 09:32:00+00:00,AAPL,230.91000366210938,230.91000366210938,231.2899932861328,230.7801055908203,230.86000061035156,188562.0
2024-10-25 09:32:00+00:00,ACIW,49.3849983215332,49.3849983215332,49.3849983215332,49.3849983215332,49.3849983215332,479.0
2024-10-25 09:32:00+00:00,ACLS,91.06500244140625,91.06500244140625,91.06500244140625,91.0,91.0,1167.0
2024-10-25 09:32:00+00:00,ACMR,19.520000457763672,19.520000457763672,19.62649917602539,19.5,19.62649917602539,4254.0
2024-10-25 09:32:00+00:00,ADBE,485.9800109863281,485.9800109863281,486.2974853515625,485.739990234375,486.2099914550781,5592.0
2024-10-25 09:32:00+00:00,ADI,232.6999969482422,232.6999969482422,232.8300018310547,232.52000427246094,232.52000427246094,2858.0
2024-10-25 09:32:00+00:00,ADSK,287.9100036621094,287.9100036621094,288.2439880371094,287.9100036621094,288.2439880371094,762.0
2024-10-25 09:32:00+00:00,ADTN,6.289999961853027,6.289999961853027,6.289999961853027,6.289999961853027,6.289999961853027,1172.0
2024-10-25 09:32:00+00:00,AEHR,16.198299407958984,16.198299407958984,16.31999969482422,16.18400001525879,16.25,8420.0
2024-10-25 09:32:00+00:00,AFRM,42.224998474121094,42.224998474121094,42.470001220703125,42.170101165771484,42.45000076293945,21733.0
2024-10-25 09:32:00+00:00,AGMH,1.809999942779541,1.809999942779541,1.809999942779541,1.809999942779541,1.809999942779541,0.0
2024-10-25 09:32:00+00:00,AKAM,103.58999633789062,103.58999633789062,103.5999984741211,103.51000213623047,103.51000213623047,1372.0
2024-10-25 09:32:00+00:00,AKTS,0.05779999867081642,0.05779999867081642,0.05779999867081642,0.05739999935030937,0.05739999935030937,20524.0
2024-10-25 09:32:00+00:00,ALGM,21.834999084472656,21.834999084472656,21.834999084472656,21.834999084472656,21.834999084472656,314.0
2024-10-25 09:32:00+00:00,ALKT,38.25,38.25,38.25,38.130001068115234,38.130001068115234,1083.0
2024-10-25 09:32:00+00:00,ALLT,3.450000047683716,3.450000047683716,3.450000047683716,3.450000047683716,3.450000047683716,254.0
2024-10-25 09:32:00+00:00,ALTR,105.5250015258789,105.5250015258789,105.5250015258789,105.5250015258789,105.5250015258789,123.0
2024-10-25 09:32:00+00:00,AMAT,186.5500030517578,186.5500030517578,186.8000030517578,186.1999969482422,186.50010681152344,20612.0
2024-10-25 09:32:00+00:00,AMD,156.00999450683594,156.00999450683594,156.22000122070312,155.610107421875,156.00999450683594,246708.0
2024-10-25 09:32:00+00:00,AMKR,29.81999969482422,29.81999969482422,29.827999114990234,29.81999969482422,29.827999114990234,1817.0
2024-10-25 09:32:00+00:00,ANSS,325.7900085449219,325.7900085449219,325.7900085449219,325.7900085449219,325.7900085449219,515.0
2024-10-25 09:32:00+00:00,ANY,1.0785000324249268,1.0785000324249268,1.0785000324249268,1.065999984741211,1.065999984741211,0.0
2024-10-25 09:32:00+00:00,APP,161.42999267578125,161.42999267578125,161.5,160.83999633789062,160.97999572753906,12498.0
2024-10-25 09:32:00+00:00,APPF,219.64999389648438,219.64999389648438,219.64999389648438,213.9600067138672,214.02499389648438,6943.0
2024-10-25 09:32:00+00:00,APPN,32.31999969482422,32.31999969482422,32.31999969482422,32.31999969482422,32.31999969482422,314.0
2024-10-25 09:32:00+00:00,APPS,3.1659998893737793,3.1659998893737793,3.1670000553131104,3.1600000858306885,3.1670000553131104,6677.0
2024-10-25 09:32:00+00:00,ARBE,1.9199999570846558,1.9199999570846558,1.9199999570846558,1.9149999618530273,1.9149999618530273,430.0
2024-10-25 09:32:00+00:00,ARQQ,7.980000019073486,7.980000019073486,7.980000019073486,7.96999979019165,7.96999979019165,936.0
2024-10-25 09:32:00+00:00,ARRY,6.260000228881836,6.260000228881836,6.289999961853027,6.21999979019165,6.21999979019165,21381.0
2024-10-25 09:32:00+00:00,ASML,717.9299926757812,717.9299926757812,718.226806640625,717.8499755859375,717.9299926757812,5557.0
2024-10-25 09:32:00+00:00,ATOM,3.321000099182129,3.321000099182129,3.321000099182129,3.321000099182129,3.321000099182129,628.0
2024-10-25 09:32:00+00:00,AUR,6.513000011444092,6.513000011444092,6.519899845123291,6.490099906921387,6.490099906921387,32800.0
2024-10-25 09:32:00+00:00,AUUD,0.6362000107765198,0.6362000107765198,0.6362000107765198,0.6362000107765198,0.6362000107765198,174.0
2024-10-25 09:32:00+00:00,AVDX,8.225000381469727,8.225000381469727,8.225000381469727,8.21500015258789,8.21500015258789,606.0
2024-10-25 09:32:00+00:00,AVGO,174.0,174.0,174.19000244140625,173.66000366210938,173.7100067138672,87709.0
2024-10-25 09:32:00+00:00,BAND,17.850000381469727,17.850000381469727,17.860000610351562,17.84000015258789,17.84000015258789,769.0
2024-10-25 09:32:00+00:00,BMBL,7.289999961853027,7.289999961853027,7.349999904632568,7.289999961853027,7.34499979019165,6863.0
2024-10-25 09:32:00+00:00,BRZE,31.405000686645508,31.405000686645508,31.5,31.405000686645508,31.5,1346.0
2024-10-25 09:32:00+00:00,BSY,49.029998779296875,49.029998779296875,49.029998779296875,49.029998779296875,49.029998779296875,307.0
2024-10-25 09:32:00+00:00,CAMT,77.79499816894531,77.79499816894531,77.79499816894531,77.79499816894531,77.79499816894531,135.0
2024-10-25 09:32:00+00:00,CAN,1.0,1.0,1.0130000114440918,1.0,1.0099999904632568,225302.0
2024-10-25 09:32:00+00:00,CDNS,255.80499267578125,255.80499267578125,256.2099914550781,255.5,255.77000427246094,12222.0
2024-10-25 09:32:00+00:00,CETX,0.2955999970436096,0.2955999970436096,0.2976999878883362,0.2955999970436096,0.296099990606308,34399.0
2024-10-25 09:32:00+00:00,CFLT,22.110000610351562,22.110000610351562,22.15999984741211,22.059999465942383,22.079999923706055,17226.0
2024-10-25 09:32:00+00:00,CGNX,39.02000045776367,39.02000045776367,39.02000045776367,38.95000076293945,38.95000076293945,5464.0
2024-10-25 09:32:00+00:00,CLSK,11.824999809265137,11.824999809265137,11.939900398254395,11.7701997756958,11.879899978637695,212102.0
2024-10-25 09:32:00+00:00,CNDT,3.7200000286102295,3.7200000286102295,3.7300000190734863,3.7200000286102295,3.7300000190734863,2445.0
2024-10-25 09:32:00+00:00,COIN,207.6199951171875,207.6199951171875,207.8800048828125,207.20989990234375,207.5,29483.0
2024-10-25 09:32:00+00:00,COMM,6.449999809265137,6.449999809265137,6.460000038146973,6.434999942779541,6.44950008392334,6796.0
2024-10-25 09:32:00+00:00,CORZ,13.6899995803833,13.6899995803833,13.6899995803833,13.630000114440918,13.630000114440918,13343.0
2024-10-25 09:32:00+00:00,CPSH,1.3899999856948853,1.3899999856948853,1.3899999856948853,1.3899999856948853,1.3899999856948853,0.0
2024-10-25 09:32:00+00:00,CRCT,6.494999885559082,6.494999885559082,6.494999885559082,6.494999885559082,6.494999885559082,216.0
2024-10-25 09:32:00+00:00,CRDO,39.75,39.75,39.75,39.4900016784668,39.66999816894531,10183.0
2024-10-25 09:32:00+00:00,CRNC,2.799999952316284,2.799999952316284,2.8097000122070312,2.799999952316284,2.8097000122070312,1002.0
2024-10-25 09:32:00+00:00,CRNT,2.4899001121520996,2.4899001121520996,2.4899001121520996,2.4899001121520996,2.4899001121520996,491.0
2024-10-25 09:32:00+00:00,CRUS,121.58000183105469,121.58000183105469,122.16999816894531,121.36000061035156,121.36000061035156,554.0
2024-10-25 09:32:00+00:00,CRWD,305.5600891113281,305.5600891113281,306.4198913574219,305.5600891113281,306.4198913574219,4454.0
2024-10-25 09:32:00+00:00,CSCO,56.27000045776367,56.27000045776367,56.310001373291016,56.25,56.25,42241.0
2024-10-25 09:32:00+00:00,CSIQ,12.699999809265137,12.699999809265137,12.75,12.579999923706055,12.579999923706055,34363.0
2024-10-25 09:32:00+00:00,CTLP,9.214900016784668,9.214900016784668,9.214900016784668,9.210000038146973,9.210000038146973,431.0
2024-10-25 09:32:00+00:00,CTSH,75.41000366210938,75.41000366210938,75.43000030517578,75.30999755859375,75.36000061035156,3443.0
2024-10-25 09:32:00+00:00,CYBR,299.989990234375,299.989990234375,299.989990234375,299.989990234375,299.989990234375,3340.0
2024-10-25 09:32:00+00:00,DAKT,13.270000457763672,13.270000457763672,13.319999694824219,13.260000228881836,13.260000228881836,18021.0
2024-10-25 09:32:00+00:00,DAVE,40.2599983215332,40.2599983215332,40.2599983215332,40.2599983215332,40.2599983215332,289.0
2024-10-25 09:32:00+00:00,DBX,26.049999237060547,26.049999237060547,26.079999923706055,25.979999542236328,25.989999771118164,11248.0
2024-10-25 09:32:00+00:00,DDOG,125.5999984741211,125.5999984741211,125.94999694824219,125.45500183105469,125.86000061035156,10717.0
2024-10-25 09:32:00+00:00,DGII,30.354999542236328,30.354999542236328,30.354999542236328,30.354999542236328,30.354999542236328,410.0
2024-10-25 09:32:00+00:00,DOCU,70.73999786376953,70.73999786376953,70.95999908447266,70.54499816894531,70.72000122070312,5019.0
2024-10-25 09:32:00+00:00,DZSI,0.7900000214576721,0.7900000214576721,0.7900000214576721,0.7900000214576721,0.7900000214576721,0.0
2024-10-25 09:32:00+00:00,EEFT,101.76000213623047,101.76000213623047,101.76000213623047,101.76000213623047,101.76000213623047,337.0
2024-10-25 09:32:00+00:00,ENPH,80.11000061035156,80.11000061035156,80.5,79.96499633789062,79.96499633789062,15556.0
2024-10-25 09:32:00+00:00,ENTG,104.33499908447266,104.33499908447266,104.33499908447266,104.20999908447266,104.20999908447266,1456.0
2024-10-25 09:32:00+00:00,ERIC,8.515000343322754,8.515000343322754,8.522000312805176,8.510000228881836,8.520000457763672,16962.0
2024-10-25 09:32:00+00:00,EVCM,10.550000190734863,10.550000190734863,10.550000190734863,10.550000190734863,10.550000190734863,310.0
2024-10-25 09:32:00+00:00,EXLS,39.09000015258789,39.09000015258789,39.09000015258789,39.09000015258789,39.09000015258789,323.0
2024-10-25 09:32:00+00:00,EXTR,14.625,14.625,14.625,14.625,14.625,340.0
2024-10-25 09:32:00+00:00,FIVN,31.329999923706055,31.329999923706055,31.3799991607666,31.260000228881836,31.260000228881836,657.0
2024-10-25 09:32:00+00:00,FLEX,35.52989959716797,35.52989959716797,35.599998474121094,35.5099983215332,35.56999969482422,5710.0
2024-10-25 09:32:00+00:00,FLYW,17.780000686645508,17.780000686645508,17.780000686645508,17.780000686645508,17.780000686645508,568.0
2024-10-25 09:32:00+00:00,FORM,44.5099983215332,44.5099983215332,44.5099983215332,44.20500183105469,44.279998779296875,4328.0
2024-10-25 09:32:00+00:00,FROG,29.510000228881836,29.510000228881836,29.510000228881836,29.510000228881836,29.510000228881836,4561.0
2024-10-25 09:32:00+00:00,FRSH,11.670000076293945,11.670000076293945,11.670000076293945,11.670000076293945,11.670000076293945,322.0
2024-10-25 09:32:00+00:00,FSLR,194.8800048828125,194.8800048828125,195.90989685058594,194.47999572753906,194.47999572753906,7738.0
2024-10-25 09:32:00+00:00,FTCI,0.7099000215530396,0.7099000215530396,0.7099000215530396,0.699999988079071,0.699999988079071,8441.0
2024-10-25 09:32:00+00:00,FTNT,81.05500030517578,81.05500030517578,81.05999755859375,80.92500305175781,81.0199966430664,3417.0
2024-10-25 09:32:00+00:00,GCT,26.0,26.0,26.100000381469727,25.68000030517578,25.68000030517578,8970.0
2024-10-25 09:32:00+00:00,GDS,21.450000762939453,21.450000762939453,21.489999771118164,21.450000762939453,21.485000610351562,2463.0
2024-10-25 09:32:00+00:00,GFS,40.279998779296875,40.279998779296875,40.28990173339844,40.029998779296875,40.18000030517578,14587.0
2024-10-25 09:32:00+00:00,GILT,4.920000076293945,4.920000076293945,4.920000076293945,4.919899940490723,4.920000076293945,3523.0
2024-10-25 09:32:00+00:00,GPRO,1.3300000429153442,1.3300000429153442,1.3350000381469727,1.3300000429153442,1.3300000429153442,19007.0
2024-10-25 09:32:00+00:00,GRAB,4.164999961853027,4.164999961853027,4.170000076293945,4.161600112915039,4.164999961853027,25562.0
2024-10-25 09:32:00+00:00,GRRR,4.757199764251709,4.757199764251709,4.809999942779541,4.75,4.806000232696533,1875.0
2024-10-25 09:32:00+00:00,GTLB,56.40999984741211,56.40999984741211,56.40999984741211,56.40999984741211,56.40999984741211,337.0
2024-10-25 09:32:00+00:00,HEAR,16.600000381469727,16.600000381469727,16.600000381469727,16.510000228881836,16.514999389648438,2512.0
2024-10-25 09:32:00+00:00,HLIT,14.734999656677246,14.734999656677246,14.75,14.720000267028809,14.720000267028809,4974.0
2024-10-25 09:32:00+00:00,HOLO,3.8636999130249023,3.8636999130249023,3.869999885559082,3.8450000286102295,3.8499999046325684,7201.0
2024-10-25 09:32:00+00:00,HOOD,27.219999313354492,27.219999313354492,27.34000015258789,27.18000030517578,27.309999465942383,80415.0
2024-10-25 09:32:00+00:00,ICHR,27.30500030517578,27.30500030517578,27.459999084472656,27.30500030517578,27.459999084472656,573.0
2024-10-25 09:32:00+00:00,IMMR,8.65999984741211,8.65999984741211,8.65999984741211,8.640000343322754,8.640000343322754,2499.0
2024-10-25 09:32:00+00:00,IMTE,1.7200000286102295,1.7200000286102295,1.749899983406067,1.7200000286102295,1.749899983406067,505.0
2024-10-25 09:32:00+00:00,INDI,3.494999885559082,3.494999885559082,3.494999885559082,3.494999885559082,3.494999885559082,3640.0
2024-10-25 09:32:00+00:00,INFN,6.840000152587891,6.840000152587891,6.840000152587891,6.840000152587891,6.840000152587891,317.0
2024-10-25 09:32:00+00:00,INOD,19.440000534057617,19.440000534057617,19.520999908447266,19.364999771118164,19.364999771118164,660.0
2024-10-25 09:32:00+00:00,INSG,19.7450008392334,19.7450008392334,19.7450008392334,19.739999771118164,19.739999771118164,2335.0
2024-10-25 09:32:00+00:00,INTC,22.56999969482422,22.56999969482422,22.56999969482422,22.51300048828125,22.545000076293945,162335.0
2024-10-25 09:32:00+00:00,INTU,609.7000122070312,609.7000122070312,610.280029296875,609.6199951171875,609.6199951171875,4598.0
2024-10-25 09:32:00+00:00,JAMF,17.05500030517578,17.05500030517578,17.05500030517578,17.05500030517578,17.05500030517578,424.0
2024-10-25 09:32:00+00:00,KC,2.674999952316284,2.674999952316284,2.690000057220459,2.674999952316284,2.684999942779541,7807.0
2024-10-25 09:32:00+00:00,KLAC,672.0,672.0,672.6699829101562,671.1799926757812,671.1799926757812,3386.0
2024-10-25 09:32:00+00:00,KPLT,9.079999923706055,9.079999923706055,9.079999923706055,9.079999923706055,9.079999923706055,462.0
2024-10-25 09:32:00+00:00,LASR,10.369999885559082,10.369999885559082,10.369999885559082,10.369999885559082,10.369999885559082,229.0
2024-10-25 09:32:00+00:00,LITE,64.91000366210938,64.91000366210938,64.93000030517578,64.80000305175781,64.80999755859375,614.0
2024-10-25 09:32:00+00:00,LOGI,81.07499694824219,81.07499694824219,81.07499694824219,81.07499694824219,81.07499694824219,477.0
2024-10-25 09:32:00+00:00,LPSN,1.2201000452041626,1.2201000452041626,1.2350000143051147,1.2201000452041626,1.2350000143051147,13055.0
2024-10-25 09:32:00+00:00,LRCX,77.68000030517578,77.68000030517578,77.83999633789062,77.50499725341797,77.70999908447266,36918.0
2024-10-25 09:32:00+00:00,LSCC,54.724998474121094,54.724998474121094,54.8650016784668,54.709999084472656,54.8650016784668,2016.0
2024-10-25 09:32:00+00:00,LUNA,1.785099983215332,1.785099983215332,1.785099983215332,1.7799999713897705,1.7799999713897705,2424.0
2024-10-25 09:32:00+00:00,LYFT,13.71399974822998,13.71399974822998,13.829999923706055,13.704000473022461,13.824999809265137,55964.0
2024-10-25 09:32:00+00:00,MANH,275.1199951171875,275.1199951171875,275.1199951171875,275.1199951171875,275.1199951171875,271.0
2024-10-25 09:32:00+00:00,MARK,0.11490000039339066,0.11490000039339066,0.11490000039339066,0.11400000005960464,0.11400000005960464,9900.0
2024-10-25 09:32:00+00:00,MAXN,5.300000190734863,5.300000190734863,5.300000190734863,5.300000190734863,5.300000190734863,1509.0
2024-10-25 09:32:00+00:00,MCHP,76.61000061035156,76.61000061035156,76.7300033569336,76.56999969482422,76.70999908447266,18267.0
2024-10-25 09:32:00+00:00,MDB,268.82501220703125,268.82501220703125,269.0799865722656,268.7950134277344,268.7950134277344,2620.0
2024-10-25 09:32:00+00:00,MITK,8.880000114440918,8.880000114440918,8.880000114440918,8.869999885559082,8.869999885559082,4570.0
2024-10-25 09:32:00+00:00,MNDY,299.8399963378906,299.8399963378906,300.0,299.0799865722656,299.8500061035156,18650.0
2024-10-25 09:32:00+00:00,MPWR,912.0347290039062,912.0347290039062,912.0347290039062,909.780029296875,909.780029296875,12392.0
2024-10-25 09:32:00+00:00,MQ,5.329999923706055,5.329999923706055,5.329999923706055,5.329999923706055,5.329999923706055,884.0
2024-10-25 09:32:00+00:00,MRVL,82.36000061035156,82.36000061035156,82.44999694824219,82.3499984741211,82.38500213623047,14053.0
2024-10-25 09:32:00+00:00,MSFT,428.0,428.0,428.1700134277344,427.42999267578125,427.5199890136719,67690.0
2024-10-25 09:32:00+00:00,MSTR,234.27499389648438,234.27499389648438,235.1300048828125,233.11000061035156,234.75,126043.0
2024-10-25 09:32:00+00:00,MTLS,6.116499900817871,6.116499900817871,6.116499900817871,6.110000133514404,6.110000133514404,1886.0
2024-10-25 09:32:00+00:00,MTSI,117.01000213623047,117.01000213623047,117.01000213623047,117.01000213623047,117.01000213623047,1185.0
2024-10-25 09:32:00+00:00,MTTR,4.664999961853027,4.664999961853027,4.664999961853027,4.664999961853027,4.664999961853027,4936.0
2024-10-25 09:32:00+00:00,MU,108.48999786376953,108.48999786376953,108.51000213623047,108.22000122070312,108.36000061035156,113896.0
2024-10-25 09:32:00+00:00,MVIS,1.1050000190734863,1.1050000190734863,1.1050000190734863,1.1050000190734863,1.1050000190734863,459.0
2024-10-25 09:32:00+00:00,MXL,14.8100004196167,14.8100004196167,15.149999618530273,14.649999618530273,15.149999618530273,45126.0
2024-10-25 09:32:00+00:00,NNDM,2.3399999141693115,2.3399999141693115,2.3399999141693115,2.3299999237060547,2.3299999237060547,3174.0
2024-10-25 09:32:00+00:00,NTAP,120.43499755859375,120.43499755859375,120.43499755859375,120.43499755859375,120.43499755859375,980.0
2024-10-25 09:32:00+00:00,NTCT,20.614999771118164,20.614999771118164,20.614999771118164,20.614999771118164,20.614999771118164,226.0
2024-10-25 09:32:00+00:00,NTGR,20.31999969482422,20.31999969482422,20.31999969482422,20.31999969482422,20.31999969482422,195.0
2024-10-25 09:32:00+00:00,NVDA,141.76499938964844,141.76499938964844,141.9499969482422,141.5,141.5,1480352.0
2024-10-25 09:32:00+00:00,NVEI,33.54999923706055,33.54999923706055,33.54999923706055,33.54999923706055,33.54999923706055,391.0
2024-10-25 09:32:00+00:00,NVTS,2.5401999950408936,2.5401999950408936,2.5450000762939453,2.5350000858306885,2.5350000858306885,7797.0
2024-10-25 09:32:00+00:00,OKTA,72.70999908447266,72.70999908447266,72.91000366210938,72.70999908447266,72.86000061035156,2123.0
2024-10-25 09:32:00+00:00,ON,70.98249816894531,70.98249816894531,71.1050033569336,70.83999633789062,70.94999694824219,31306.0
2024-10-25 09:32:00+00:00,OTEX,33.61000061035156,33.61000061035156,33.61000061035156,33.61000061035156,33.61000061035156,210.0
2024-10-25 09:32:00+00:00,PANW,366.53009033203125,366.53009033203125,367.4949951171875,366.53009033203125,367.4949951171875,2698.0
2024-10-25 09:32:00+00:00,PAYO,8.4350004196167,8.4350004196167,8.4350004196167,8.420000076293945,8.420000076293945,3570.0
2024-10-25 09:32:00+00:00,PEGA,80.94999694824219,80.94999694824219,80.94999694824219,80.75,80.75,2292.0
2024-10-25 09:32:00+00:00,PEGY,4.64169979095459,4.64169979095459,4.670000076293945,4.599999904632568,4.599999904632568,4108.0
2024-10-25 09:32:00+00:00,PGY,11.849900245666504,11.849900245666504,11.849900245666504,11.770000457763672,11.770000457763672,5086.0
2024-10-25 09:32:00+00:00,PHUN,9.55150032043457,9.55150032043457,9.600000381469727,9.390000343322754,9.390000343322754,271735.0
2024-10-25 09:32:00+00:00,PI,190.69000244140625,190.69000244140625,192.8300018310547,190.2899932861328,192.25999450683594,8354.0
2024-10-25 09:32:00+00:00,PLAB,23.5,23.5,23.54990005493164,23.440000534057617,23.440000534057617,1305.0
2024-10-25 09:32:00+00:00,PLXS,145.89210510253906,145.89210510253906,146.25,145.80999755859375,145.80999755859375,1241.0
2024-10-25 09:32:00+00:00,POET,4.101200103759766,4.101200103759766,4.128799915313721,4.070000171661377,4.119999885559082,26145.0
2024-10-25 09:32:00+00:00,PRCH,1.3600000143051147,1.3600000143051147,1.3600000143051147,1.3600000143051147,1.3600000143051147,378.0
2024-10-25 09:32:00+00:00,PRGS,64.98999786376953,64.98999786376953,65.02999877929688,64.9800033569336,64.98999786376953,1031.0
2024-10-25 09:32:00+00:00,QCOM,170.49510192871094,170.49510192871094,170.5,170.0800018310547,170.19000244140625,11376.0
2024-10-25 09:32:00+00:00,QLYS,121.45500183105469,121.45500183105469,121.45500183105469,121.45500183105469,121.45500183105469,439.0
2024-10-25 09:32:00+00:00,QRVO,100.36000061035156,100.36000061035156,100.54000091552734,100.13999938964844,100.13999938964844,1789.0
2024-10-25 09:32:00+00:00,QUBT,1.1299999952316284,1.1299999952316284,1.139799952507019,1.1299999952316284,1.1375000476837158,10314.0
2024-10-25 09:32:00+00:00,RCAT,2.740000009536743,2.740000009536743,2.740000009536743,2.740000009536743,2.740000009536743,1229.0
2024-10-25 09:32:00+00:00,REFR,2.140000104904175,2.140000104904175,2.140000104904175,2.140000104904175,2.140000104904175,0.0
2024-10-25 09:32:00+00:00,REKR,1.125,1.125,1.1299999952316284,1.1200000047683716,1.1299999952316284,1565.0
2024-10-25 09:32:00+00:00,RELY,14.6899995803833,14.6899995803833,14.795000076293945,14.6899995803833,14.6899995803833,2850.0
2024-10-25 09:32:00+00:00,RGTI,1.2374999523162842,1.2374999523162842,1.249899983406067,1.2200000286102295,1.2400000095367432,25065.0
2024-10-25 09:32:00+00:00,RIOT,9.90999984741211,9.90999984741211,10.057499885559082,9.880000114440918,9.960000038146973,306637.0
2024-10-25 09:32:00+00:00,RMBS,42.775001525878906,42.775001525878906,42.869998931884766,42.61000061035156,42.6349983215332,3580.0
2024-10-25 09:32:00+00:00,RMNI,1.730299949645996,1.730299949645996,1.730299949645996,1.730299949645996,1.730299949645996,525.0
2024-10-25 09:32:00+00:00,RUM,5.554999828338623,5.554999828338623,5.570000171661377,5.554999828338623,5.554999828338623,4849.0
2024-10-25 09:32:00+00:00,RUN,14.119999885559082,14.119999885559082,14.145000457763672,14.069999694824219,14.100000381469727,31539.0
2024-10-25 09:32:00+00:00,SATS,25.139999389648438,25.139999389648438,25.179899215698242,25.030000686645508,25.030000686645508,2064.0
2024-10-25 09:32:00+00:00,SCKT,1.190000057220459,1.190000057220459,1.190000057220459,1.190000057220459,1.190000057220459,1248.0
2024-10-25 09:32:00+00:00,SCWX,8.399999618530273,8.399999618530273,8.399999618530273,8.399999618530273,8.399999618530273,222.0
2024-10-25 09:32:00+00:00,SEDG,15.320099830627441,15.320099830627441,15.399999618530273,15.15999984741211,15.1850004196167,16362.0
2024-10-25 09:32:00+00:00,SHLS,5.175000190734863,5.175000190734863,5.179999828338623,5.159999847412109,5.164999961853027,10275.0
2024-10-25 09:32:00+00:00,SIMO,57.0,57.0,57.0,57.0,57.0,1227.0
2024-10-25 09:32:00+00:00,SKYT,10.449999809265137,10.449999809265137,10.449999809265137,10.399999618530273,10.399999618530273,7379.0
2024-10-25 09:32:00+00:00,SMCI,47.00320053100586,47.00320053100586,47.09000015258789,46.599998474121094,46.880001068115234,283062.0
2024-10-25 09:32:00+00:00,SMTC,44.83000183105469,44.83000183105469,44.83000183105469,44.560001373291016,44.61000061035156,1550.0
2024-10-25 09:32:00+00:00,SNPS,500.0,500.0,501.4049987792969,500.0,500.6639099121094,7167.0
2024-10-25 09:32:00+00:00,SONO,12.755000114440918,12.755000114440918,12.79800033569336,12.75,12.789999961853027,4731.0
2024-10-25 09:32:00+00:00,SOUN,5.323800086975098,5.323800086975098,5.340000152587891,5.323800086975098,5.335999965667725,30928.0
2024-10-25 09:32:00+00:00,SPT,27.670000076293945,27.670000076293945,27.670000076293945,27.670000076293945,27.670000076293945,1003.0
2024-10-25 09:32:00+00:00,SSNC,70.2239990234375,70.2239990234375,70.36139678955078,68.76000213623047,68.80999755859375,31068.0
2024-10-25 09:32:00+00:00,SSYS,7.179999828338623,7.179999828338623,7.179999828338623,7.179999828338623,7.179999828338623,100.0
2024-10-25 09:32:00+00:00,STER,16.770000457763672,16.770000457763672,16.770000457763672,16.760000228881836,16.760000228881836,295.0
2024-10-25 09:32:00+00:00,STNE,11.399999618530273,11.399999618530273,11.40999984741211,11.390000343322754,11.399999618530273,23513.0
2024-10-25 09:32:00+00:00,STX,105.04000091552734,105.04000091552734,105.0999984741211,104.81719970703125,104.81719970703125,17957.0
2024-10-25 09:32:00+00:00,SWKS,95.93000030517578,95.93000030517578,95.98999786376953,95.87000274658203,95.88999938964844,1973.0
2024-10-25 09:32:00+00:00,SYNA,72.05729675292969,72.05729675292969,72.05729675292969,72.05729675292969,72.05729675292969,1001.0
2024-10-25 09:32:00+00:00,TASK,12.020000457763672,12.020000457763672,12.020000457763672,12.020000457763672,12.020000457763672,745.0
2024-10-25 09:32:00+00:00,TEAM,189.52999877929688,189.52999877929688,190.80999755859375,189.52999877929688,190.80999755859375,3391.0
2024-10-25 09:32:00+00:00,TENB,41.3849983215332,41.3849983215332,41.3849983215332,41.3849983215332,41.3849983215332,836.0
2024-10-25 09:32:00+00:00,TER,112.13999938964844,112.13999938964844,112.40989685058594,111.91510009765625,112.36000061035156,10043.0
2024-10-25 09:32:00+00:00,TRMB,61.249000549316406,61.249000549316406,61.249000549316406,60.96500015258789,61.130001068115234,2094.0
2024-10-25 09:32:00+00:00,TSEM,44.380001068115234,44.380001068115234,44.380001068115234,44.380001068115234,44.380001068115234,754.0
2024-10-25 09:32:00+00:00,TTD,119.92500305175781,119.92500305175781,120.5999984741211,119.83999633789062,120.56999969482422,56451.0
2024-10-25 09:32:00+00:00,TTMI,19.5,19.5,19.5,19.454999923706055,19.454999923706055,436.0
2024-10-25 09:32:00+00:00,TWKS,4.431300163269043,4.431300163269043,4.440000057220459,4.429999828338623,4.440000057220459,6511.0
2024-10-25 09:32:00+00:00,TXN,208.99000549316406,208.99000549316406,209.0386962890625,208.5,208.5,5889.0
2024-10-25 09:32:00+00:00,VERI,3.359999895095825,3.359999895095825,3.375,3.359999895095825,3.375,1264.0
2024-10-25 09:32:00+00:00,VERX,42.43000030517578,42.43000030517578,42.43000030517578,42.064998626708984,42.189998626708984,2918.0
2024-10-25 09:32:00+00:00,VMEO,4.739999771118164,4.739999771118164,4.744999885559082,4.739999771118164,4.739999771118164,2255.0
2024-10-25 09:32:00+00:00,VNET,3.390000104904175,3.390000104904175,3.390000104904175,3.390000104904175,3.390000104904175,20603.0
2024-10-25 09:32:00+00:00,VRNS,56.81999969482422,56.81999969482422,56.81999969482422,56.57500076293945,56.57500076293945,866.0
2024-10-25 09:32:00+00:00,VRSN,188.2100067138672,188.2100067138672,188.4199981689453,187.3249969482422,187.3249969482422,1923.0
2024-10-25 09:32:00+00:00,VSAT,10.340999603271484,10.340999603271484,10.399999618530273,10.340999603271484,10.399999618530273,1684.0
2024-10-25 09:32:00+00:00,VUZI,1.340000033378601,1.340000033378601,1.340000033378601,1.340000033378601,1.340000033378601,955.0
2024-10-25 09:32:00+00:00,WDAY,239.00169372558594,239.00169372558594,239.5500030517578,239.00169372558594,239.5500030517578,1444.0
2024-10-25 09:32:00+00:00,WDC,72.58499908447266,72.58499908447266,72.8499984741211,72.19999694824219,72.80000305175781,267013.0
2024-10-25 09:32:00+00:00,WISA,1.7350000143051147,1.7350000143051147,1.75,1.7350000143051147,1.7400000095367432,10398.0
2024-10-25 09:32:00+00:00,XPER,9.40999984741211,9.40999984741211,9.40999984741211,9.40999984741211,9.40999984741211,217.0
2024-10-25 09:32:00+00:00,XRX,10.229999542236328,10.229999542236328,10.25,10.199999809265137,10.199999809265137,9132.0
2024-10-25 09:32:00+00:00,ZM,73.38999938964844,73.38999938964844,73.4000015258789,73.2300033569336,73.2876968383789,7159.0
2024-10-25 09:32:00+00:00,ZS,186.72000122070312,186.72000122070312,187.0,186.72000122070312,187.0,1682.0
2024-10-25 09:33:00+00:00,AAOI,18.149999618530273,18.149999618530273,18.149999618530273,17.829999923706055,17.93000030517578,41329.0
2024-10-25 09:33:00+00:00,AAPL,231.33380126953125,231.33380126953125,231.33999633789062,230.88999938964844,230.93899536132812,150528.0
2024-10-25 09:33:00+00:00,ACLS,90.94000244140625,90.94000244140625,90.94000244140625,90.94000244140625,90.94000244140625,222.0
2024-10-25 09:33:00+00:00,ACMR,19.529399871826172,19.529399871826172,19.529399871826172,19.5,19.5,6021.0
2024-10-25 09:33:00+00:00,ADBE,485.0199890136719,485.0199890136719,486.0899963378906,485.0199890136719,486.0899963378906,7072.0
2024-10-25 09:33:00+00:00,ADI,232.99000549316406,232.99000549316406,233.2550048828125,232.99000549316406,233.0,2631.0
2024-10-25 09:33:00+00:00,ADSK,287.4317932128906,287.4317932128906,287.9100036621094,287.4317932128906,287.9100036621094,698.0
2024-10-25 09:33:00+00:00,AEHR,16.24449920654297,16.24449920654297,16.249900817871094,16.14109992980957,16.14109992980957,11446.0
2024-10-25 09:33:00+00:00,AFRM,41.91999816894531,41.91999816894531,42.236000061035156,41.91999816894531,42.236000061035156,20550.0
2024-10-25 09:33:00+00:00,AKAM,103.43000030517578,103.43000030517578,103.5199966430664,103.43000030517578,103.5199966430664,1206.0
2024-10-25 09:33:00+00:00,AKTS,0.05790000036358833,0.05790000036358833,0.05790000036358833,0.05770000070333481,0.05770000070333481,3774.0
2024-10-25 09:33:00+00:00,ALGM,21.899999618530273,21.899999618530273,21.899999618530273,21.899999618530273,21.899999618530273,261.0
2024-10-25 09:33:00+00:00,ALKT,38.18000030517578,38.18000030517578,38.18000030517578,38.130001068115234,38.130001068115234,580.0
2024-10-25 09:33:00+00:00,ALLT,3.450000047683716,3.450000047683716,3.450000047683716,3.450000047683716,3.450000047683716,113.0
2024-10-25 09:33:00+00:00,ALTR,105.26000213623047,105.26000213623047,105.375,105.05999755859375,105.375,4686.0
2024-10-25 09:33:00+00:00,AMAT,186.39500427246094,186.39500427246094,186.85000610351562,186.22000122070312,186.69500732421875,8132.0
2024-10-25 09:33:00+00:00,AMD,155.86000061035156,155.86000061035156,156.14999389648438,155.72000122070312,156.0399932861328,141894.0
2024-10-25 09:33:00+00:00,AMKR,29.81599998474121,29.81599998474121,29.81599998474121,29.81599998474121,29.81599998474121,732.0
2024-10-25 09:33:00+00:00,AMPL,9.130000114440918,9.130000114440918,9.179900169372559,9.119999885559082,9.179900169372559,2091.0
2024-10-25 09:33:00+00:00,AMST,2.8619000911712646,2.8619000911712646,2.8619000911712646,2.8619000911712646,2.8619000911712646,1125.0
2024-10-25 09:33:00+00:00,ANY,1.059999942779541,1.059999942779541,1.065000057220459,1.059999942779541,1.0600999593734741,1158.0
2024-10-25 09:33:00+00:00,AOSL,36.04999923706055,36.04999923706055,36.04999923706055,36.04999923706055,36.04999923706055,1113.0
2024-10-25 09:33:00+00:00,APP,161.625,161.625,161.8000030517578,161.42999267578125,161.42999267578125,8194.0
2024-10-25 09:33:00+00:00,APPF,217.1699981689453,217.1699981689453,218.73989868164062,216.35009765625,217.47000122070312,16751.0
2024-10-25 09:33:00+00:00,APPN,32.48500061035156,32.48500061035156,32.48500061035156,32.48500061035156,32.48500061035156,229.0
2024-10-25 09:33:00+00:00,APPS,3.1700000762939453,3.1700000762939453,3.1700000762939453,3.140000104904175,3.1540000438690186,8396.0
2024-10-25 09:33:00+00:00,ARQQ,7.980000019073486,7.980000019073486,7.980000019073486,7.96999979019165,7.96999979019165,933.0
2024-10-25 09:33:00+00:00,ARRY,6.260000228881836,6.260000228881836,6.28000020980835,6.260000228881836,6.28000020980835,8778.0
2024-10-25 09:33:00+00:00,ASML,718.0399780273438,718.0399780273438,718.6497192382812,717.7800903320312,718.6497192382812,4453.0
2024-10-25 09:33:00+00:00,AUR,6.489999771118164,6.489999771118164,6.514999866485596,6.480000019073486,6.510000228881836,7105.0
2024-10-25 09:33:00+00:00,AVDX,8.220000267028809,8.220000267028809,8.220000267028809,8.220000267028809,8.220000267028809,252.0
2024-10-25 09:33:00+00:00,AVGO,173.85000610351562,173.85000610351562,174.09230041503906,173.6999969482422,174.0,69496.0
2024-10-25 09:33:00+00:00,AVT,54.826698303222656,54.826698303222656,54.826698303222656,54.826698303222656,54.826698303222656,4076.0
2024-10-25 09:33:00+00:00,BASE,16.514999389648438,16.514999389648438,16.514999389648438,16.514999389648438,16.514999389648438,402.0
2024-10-25 09:33:00+00:00,BELFB,79.12000274658203,79.12000274658203,79.12000274658203,79.12000274658203,79.12000274658203,1427.0
2024-10-25 09:33:00+00:00,BIGC,5.304999828338623,5.304999828338623,5.360000133514404,5.300000190734863,5.360000133514404,16377.0
2024-10-25 09:33:00+00:00,BMBL,7.28000020980835,7.28000020980835,7.284999847412109,7.28000020980835,7.284999847412109,396.0
2024-10-25 09:33:00+00:00,BRZE,31.364999771118164,31.364999771118164,31.479999542236328,31.309999465942383,31.479999542236328,2310.0
2024-10-25 09:33:00+00:00,CAN,1.0,1.0,1.0098999738693237,1.0,1.0098999738693237,32979.0
2024-10-25 09:33:00+00:00,CCSI,20.3700008392334,20.3700008392334,20.542699813842773,20.3700008392334,20.542699813842773,967.0
2024-10-25 09:33:00+00:00,CDNS,255.41000366210938,255.41000366210938,255.8000030517578,255.41000366210938,255.6699981689453,4739.0
2024-10-25 09:33:00+00:00,CDW,219.74000549316406,219.74000549316406,219.74000549316406,219.74000549316406,219.74000549316406,726.0
2024-10-25 09:33:00+00:00,CETX,0.29589998722076416,0.29589998722076416,0.29670000076293945,0.2930000126361847,0.29499998688697815,30856.0
2024-10-25 09:33:00+00:00,CEVA,23.959999084472656,23.959999084472656,23.959999084472656,23.940000534057617,23.940000534057617,405.0
2024-10-25 09:33:00+00:00,CFLT,22.084999084472656,22.084999084472656,22.139999389648438,22.079999923706055,22.1299991607666,5141.0
2024-10-25 09:33:00+00:00,CGNT,6.730000019073486,6.730000019073486,6.730000019073486,6.730000019073486,6.730000019073486,36.0
2024-10-25 09:33:00+00:00,CGNX,39.06999969482422,39.06999969482422,39.06999969482422,38.994998931884766,38.994998931884766,53355.0
2024-10-25 09:33:00+00:00,CLSK,11.819999694824219,11.819999694824219,11.899999618530273,11.813699722290039,11.829999923706055,153522.0
2024-10-25 09:33:00+00:00,CNXC,46.0,46.0,46.04999923706055,45.849998474121094,45.86000061035156,6084.0
2024-10-25 09:33:00+00:00,COHR,96.86000061035156,96.86000061035156,97.25,96.75,97.07330322265625,4158.0
2024-10-25 09:33:00+00:00,COIN,207.27000427246094,207.27000427246094,207.58999633789062,206.8699951171875,207.5749969482422,38377.0
2024-10-25 09:33:00+00:00,COMM,6.429500102996826,6.429500102996826,6.449999809265137,6.423799991607666,6.449999809265137,2796.0
2024-10-25 09:33:00+00:00,CORZ,13.739999771118164,13.739999771118164,13.739999771118164,13.710000038146973,13.710000038146973,6641.0
2024-10-25 09:33:00+00:00,CRDO,39.67499923706055,39.67499923706055,39.83000183105469,39.66999816894531,39.83000183105469,2443.0
2024-10-25 09:33:00+00:00,CRUS,121.83999633789062,121.83999633789062,122.12000274658203,121.7699966430664,121.7699966430664,1324.0
2024-10-25 09:33:00+00:00,CRWD,306.635009765625,306.635009765625,306.739990234375,305.82000732421875,305.82000732421875,4896.0
2024-10-25 09:33:00+00:00,CSCO,56.21500015258789,56.21500015258789,56.33000183105469,56.209999084472656,56.279998779296875,29303.0
2024-10-25 09:33:00+00:00,CSGS,48.40999984741211,48.40999984741211,48.40999984741211,48.40999984741211,48.40999984741211,522.0
2024-10-25 09:33:00+00:00,CSIQ,12.75,12.75,12.75,12.619999885559082,12.668000221252441,18054.0
2024-10-25 09:33:00+00:00,CTLP,9.229900360107422,9.229900360107422,9.229900360107422,9.229900360107422,9.229900360107422,18.0
2024-10-25 09:33:00+00:00,CTSH,75.1500015258789,75.1500015258789,75.52999877929688,75.1500015258789,75.52999877929688,6896.0
2024-10-25 09:33:00+00:00,DAIO,2.5299999713897705,2.5299999713897705,2.5299999713897705,2.5299999713897705,2.5299999713897705,0.0
2024-10-25 09:33:00+00:00,DAKT,13.3149995803833,13.3149995803833,13.3149995803833,13.3149995803833,13.3149995803833,467.0
2024-10-25 09:33:00+00:00,DATS,1.5019999742507935,1.5019999742507935,1.5199999809265137,1.5019999742507935,1.5199999809265137,2637.0
2024-10-25 09:33:00+00:00,DBX,26.049999237060547,26.049999237060547,26.059999465942383,26.040000915527344,26.049999237060547,3333.0
2024-10-25 09:33:00+00:00,DDOG,125.7300033569336,125.7300033569336,125.7300033569336,125.5,125.67500305175781,7864.0
2024-10-25 09:33:00+00:00,DGII,30.09000015258789,30.09000015258789,30.190000534057617,30.030000686645508,30.190000534057617,1006.0
2024-10-25 09:33:00+00:00,DOCU,70.37999725341797,70.37999725341797,70.58999633789062,70.37999725341797,70.58999633789062,3198.0
2024-10-25 09:33:00+00:00,DOMO,7.769999980926514,7.769999980926514,7.769999980926514,7.701000213623047,7.701000213623047,5550.0
2024-10-25 09:33:00+00:00,DTSS,2.638000011444092,2.638000011444092,2.638000011444092,2.569999933242798,2.638000011444092,2165.0
2024-10-25 09:33:00+00:00,DUOL,282.5,282.5,282.5,282.5,282.5,458.0
2024-10-25 09:33:00+00:00,EEFT,101.80000305175781,101.80000305175781,101.80000305175781,101.76000213623047,101.76000213623047,1009.0
2024-10-25 09:33:00+00:00,ENPH,79.97000122070312,79.97000122070312,80.03990173339844,79.55000305175781,80.02999877929688,24197.0
2024-10-25 09:33:00+00:00,ERIC,8.51099967956543,8.51099967956543,8.51099967956543,8.51099967956543,8.51099967956543,1084.0
2024-10-25 09:33:00+00:00,EVCM,10.569999694824219,10.569999694824219,10.569999694824219,10.569999694824219,10.569999694824219,355.0
2024-10-25 09:33:00+00:00,FFIV,214.91360473632812,214.91360473632812,215.27999877929688,214.91360473632812,215.0,1224.0
2024-10-25 09:33:00+00:00,FIVN,31.33880043029785,31.33880043029785,31.3799991607666,31.33880043029785,31.34000015258789,533.0
2024-10-25 09:33:00+00:00,FLEX,35.470001220703125,35.470001220703125,35.58000183105469,35.439998626708984,35.54499816894531,8809.0
2024-10-25 09:33:00+00:00,FORM,44.68439865112305,44.68439865112305,44.720001220703125,44.66999816894531,44.66999816894531,2773.0
2024-10-25 09:33:00+00:00,FRSH,11.65999984741211,11.65999984741211,11.675000190734863,11.65999984741211,11.675000190734863,2209.0
2024-10-25 09:33:00+00:00,FSLR,194.33999633789062,194.33999633789062,195.33990478515625,194.25999450683594,194.85409545898438,5943.0
2024-10-25 09:33:00+00:00,FTCI,0.7028999924659729,0.7028999924659729,0.7089999914169312,0.7028999924659729,0.7089999914169312,833.0
2024-10-25 09:33:00+00:00,FTNT,81.08999633789062,81.08999633789062,81.12999725341797,81.01499938964844,81.01499938964844,4219.0
2024-10-25 09:33:00+00:00,GCT,26.014999389648438,26.014999389648438,26.059999465942383,25.989999771118164,26.0,1622.0
2024-10-25 09:33:00+00:00,GDS,21.399999618530273,21.399999618530273,21.399999618530273,21.399999618530273,21.399999618530273,381.0
2024-10-25 09:33:00+00:00,GDYN,15.494999885559082,15.494999885559082,15.494999885559082,15.492500305175781,15.492500305175781,547.0
2024-10-25 09:33:00+00:00,GFS,40.33000183105469,40.33000183105469,40.34000015258789,40.099998474121094,40.185001373291016,3304.0
2024-10-25 09:33:00+00:00,GPRO,1.3250000476837158,1.3250000476837158,1.3250000476837158,1.3250000476837158,1.3250000476837158,290.0
2024-10-25 09:33:00+00:00,GRAB,4.170000076293945,4.170000076293945,4.170000076293945,4.164999961853027,4.164999961853027,21133.0
2024-10-25 09:33:00+00:00,GRRR,4.803999900817871,4.803999900817871,4.803999900817871,4.797999858856201,4.797999858856201,390.0
2024-10-25 09:33:00+00:00,GSIT,3.369999885559082,3.369999885559082,3.369999885559082,3.369999885559082,3.369999885559082,1526.0
2024-10-25 09:33:00+00:00,GTLB,56.39500045776367,56.39500045776367,56.39500045776367,56.2599983215332,56.2671012878418,3372.0
2024-10-25 09:33:00+00:00,HCP,33.685001373291016,33.685001373291016,33.685001373291016,33.68000030517578,33.68000030517578,4335.0
2024-10-25 09:33:00+00:00,HIMX,6.210000038146973,6.210000038146973,6.210000038146973,6.210000038146973,6.210000038146973,888.0
2024-10-25 09:33:00+00:00,HOLO,3.8596999645233154,3.8596999645233154,3.859999895095825,3.8399999141693115,3.8399999141693115,6372.0
2024-10-25 09:33:00+00:00,HOOD,27.239999771118164,27.239999771118164,27.239999771118164,27.110000610351562,27.21500015258789,55334.0
2024-10-25 09:33:00+00:00,IMTE,1.749899983406067,1.749899983406067,1.749899983406067,1.749899983406067,1.749899983406067,206.0
2024-10-25 09:33:00+00:00,IMXI,17.850000381469727,17.850000381469727,17.850000381469727,17.850000381469727,17.850000381469727,200.0
2024-10-25 09:33:00+00:00,INDI,3.4800000190734863,3.4800000190734863,3.498800039291382,3.4800000190734863,3.498800039291382,6514.0
2024-10-25 09:33:00+00:00,INOD,19.5,19.5,19.5,19.5,19.5,2028.0
2024-10-25 09:33:00+00:00,INTC,22.586000442504883,22.586000442504883,22.639999389648438,22.57029914855957,22.594999313354492,190768.0
2024-10-25 09:33:00+00:00,JAMF,17.010000228881836,17.010000228881836,17.010000228881836,17.010000228881836,17.010000228881836,448.0
2024-10-25 09:33:00+00:00,KC,2.6624999046325684,2.6624999046325684,2.674999952316284,2.6600000858306885,2.6700000762939453,7609.0
2024-10-25 09:33:00+00:00,KLAC,671.7550048828125,671.7550048828125,671.7550048828125,671.5599975585938,671.5599975585938,610.0
2024-10-25 09:33:00+00:00,LITE,64.68000030517578,64.68000030517578,64.82499694824219,64.68000030517578,64.82499694824219,929.0
2024-10-25 09:33:00+00:00,LOGI,81.16500091552734,81.16500091552734,81.16500091552734,81.02999877929688,81.02999877929688,3871.0
2024-10-25 09:33:00+00:00,LPSN,1.2210999727249146,1.2210999727249146,1.2210999727249146,1.2210999727249146,1.2210999727249146,0.0
2024-10-25 09:33:00+00:00,LRCX,77.55599975585938,77.55599975585938,77.75,77.44999694824219,77.7300033569336,40687.0
2024-10-25 09:33:00+00:00,LSCC,54.61000061035156,54.61000061035156,54.654998779296875,54.61000061035156,54.654998779296875,2312.0
2024-10-25 09:33:00+00:00,LYFT,13.675000190734863,13.675000190734863,13.710000038146973,13.664999961853027,13.710000038146973,35440.0
2024-10-25 09:33:00+00:00,MANH,275.1199951171875,275.1199951171875,275.1199951171875,275.1199951171875,275.1199951171875,633.0
2024-10-25 09:33:00+00:00,MARK,0.11500000208616257,0.11500000208616257,0.11500000208616257,0.11490000039339066,0.11490000039339066,22828.0
2024-10-25 09:33:00+00:00,MAXN,5.359600067138672,5.359600067138672,5.359600067138672,5.316800117492676,5.316800117492676,497.0
2024-10-25 09:33:00+00:00,MCHP,76.6500015258789,76.6500015258789,76.79000091552734,76.5999984741211,76.63999938964844,10272.0
2024-10-25 09:33:00+00:00,MDB,267.510009765625,267.510009765625,267.9175109863281,267.510009765625,267.9175109863281,512.0
2024-10-25 09:33:00+00:00,MINM,1.0099999904632568,1.0099999904632568,1.0099999904632568,1.0099999904632568,1.0099999904632568,0.0
2024-10-25 09:33:00+00:00,MITK,8.84000015258789,8.84000015258789,8.84000015258789,8.84000015258789,8.84000015258789,703.0
2024-10-25 09:33:00+00:00,MKSI,100.55999755859375,100.55999755859375,100.55999755859375,100.55500030517578,100.55500030517578,396.0
2024-10-25 09:33:00+00:00,MOGO,1.0299999713897705,1.0299999713897705,1.0299999713897705,1.0299999713897705,1.0299999713897705,0.0
2024-10-25 09:33:00+00:00,MPWR,911.97998046875,911.97998046875,911.97998046875,909.0,909.0,1600.0
2024-10-25 09:33:00+00:00,MQ,5.3480000495910645,5.3480000495910645,5.369999885559082,5.340000152587891,5.340000152587891,8765.0
2024-10-25 09:33:00+00:00,MRVL,82.25,82.25,82.3949966430664,82.02059936523438,82.3949966430664,30729.0
2024-10-25 09:33:00+00:00,MSFT,428.6199951171875,428.6199951171875,428.8299865722656,427.67999267578125,428.0199890136719,120695.0
2024-10-25 09:33:00+00:00,MSTR,233.5800018310547,233.5800018310547,234.49000549316406,232.9499969482422,234.27499389648438,96292.0
2024-10-25 09:33:00+00:00,MTC,0.37700000405311584,0.37700000405311584,0.37700000405311584,0.37700000405311584,0.37700000405311584,1398.0
2024-10-25 09:33:00+00:00,MTLS,6.12939977645874,6.12939977645874,6.12939977645874,6.119999885559082,6.119999885559082,1433.0
2024-10-25 09:33:00+00:00,MTSI,117.20999908447266,117.20999908447266,117.20999908447266,117.16500091552734,117.19999694824219,855.0
2024-10-25 09:33:00+00:00,MTTR,4.659999847412109,4.659999847412109,4.659999847412109,4.650000095367432,4.65500020980835,2294.0
2024-10-25 09:33:00+00:00,MU,108.43399810791016,108.43399810791016,108.58999633789062,108.25,108.5,46200.0
2024-10-25 09:33:00+00:00,MVIS,1.1100000143051147,1.1100000143051147,1.1100000143051147,1.1039999723434448,1.1039999723434448,3624.0
2024-10-25 09:33:00+00:00,MXL,14.600000381469727,14.600000381469727,14.8100004196167,14.600000381469727,14.770000457763672,5968.0
2024-10-25 09:33:00+00:00,NCNO,38.2400016784668,38.2400016784668,38.349998474121094,38.23500061035156,38.31999969482422,4366.0
2024-10-25 09:33:00+00:00,NNDM,2.3301000595092773,2.3301000595092773,2.3301000595092773,2.3301000595092773,2.3301000595092773,819.0
2024-10-25 09:33:00+00:00,NTGR,20.364999771118164,20.364999771118164,20.364999771118164,20.364999771118164,20.364999771118164,246.0
2024-10-25 09:33:00+00:00,NVDA,142.11520385742188,142.11520385742188,142.2100067138672,141.72000122070312,141.75999450683594,2141172.0
2024-10-25 09:33:00+00:00,NVTS,2.5299999713897705,2.5299999713897705,2.5450000762939453,2.5299999713897705,2.5450000762939453,3399.0
2024-10-25 09:33:00+00:00,NXPI,241.92999267578125,241.92999267578125,242.22000122070312,241.36000061035156,241.36000061035156,11376.0
2024-10-25 09:33:00+00:00,OCC,2.4000000953674316,2.4000000953674316,2.4000000953674316,2.4000000953674316,2.4000000953674316,0.0
2024-10-25 09:33:00+00:00,OKTA,72.375,72.375,72.62999725341797,72.36000061035156,72.62999725341797,9641.0
2024-10-25 09:33:00+00:00,ON,70.91999816894531,70.91999816894531,71.08000183105469,70.84500122070312,71.05999755859375,17894.0
2024-10-25 09:33:00+00:00,OTEX,33.63999938964844,33.63999938964844,33.63999938964844,33.59000015258789,33.59000015258789,106.0
2024-10-25 09:33:00+00:00,PANW,367.0,367.0,367.689697265625,366.9700012207031,367.689697265625,2408.0
2024-10-25 09:33:00+00:00,PAYO,8.4350004196167,8.4350004196167,8.4350004196167,8.4350004196167,8.4350004196167,1114.0
2024-10-25 09:33:00+00:00,PAYS,3.75,3.75,3.7774999141693115,3.75,3.7774999141693115,1086.0
2024-10-25 09:33:00+00:00,PEGA,81.68000030517578,81.68000030517578,81.68000030517578,80.94000244140625,80.94000244140625,12161.0
2024-10-25 09:33:00+00:00,PGY,11.829999923706055,11.829999923706055,11.850000381469727,11.829999923706055,11.850000381469727,637.0
2024-10-25 09:33:00+00:00,PHUN,9.6850004196167,9.6850004196167,9.6899995803833,9.449999809265137,9.557100296020508,202791.0
2024-10-25 09:33:00+00:00,PI,190.45419311523438,190.45419311523438,190.9199981689453,189.976806640625,189.976806640625,4333.0
2024-10-25 09:33:00+00:00,PLAB,23.447999954223633,23.447999954223633,23.46500015258789,23.447999954223633,23.46500015258789,146.0
2024-10-25 09:33:00+00:00,POET,4.089799880981445,4.089799880981445,4.119999885559082,4.089799880981445,4.119999885559082,15125.0
2024-10-25 09:33:00+00:00,PRGS,64.9800033569336,64.9800033569336,64.9800033569336,64.95999908447266,64.97000122070312,1055.0
2024-10-25 09:33:00+00:00,PUBM,15.001199722290039,15.001199722290039,15.001199722290039,15.001199722290039,15.001199722290039,506.0
2024-10-25 09:33:00+00:00,PYCR,14.420000076293945,14.420000076293945,14.420000076293945,14.390000343322754,14.390000343322754,456.0
2024-10-25 09:33:00+00:00,QCOM,170.5644073486328,170.5644073486328,170.8000030517578,170.4600067138672,170.66000366210938,14159.0
2024-10-25 09:33:00+00:00,QH,1.409500002861023,1.409500002861023,1.409500002861023,1.409500002861023,1.409500002861023,1098.0
2024-10-25 09:33:00+00:00,QLYS,121.45500183105469,121.45500183105469,121.45500183105469,121.45500183105469,121.45500183105469,200.0
2024-10-25 09:33:00+00:00,QRVO,100.16000366210938,100.16000366210938,100.41500091552734,100.16000366210938,100.41500091552734,1253.0
2024-10-25 09:33:00+00:00,QUBT,1.1376999616622925,1.1376999616622925,1.1376999616622925,1.1376999616622925,1.1376999616622925,5021.0
2024-10-25 09:33:00+00:00,RCAT,2.744999885559082,2.744999885559082,2.744999885559082,2.743799924850464,2.743799924850464,2121.0
2024-10-25 09:33:00+00:00,REKR,1.125,1.125,1.125,1.1200000047683716,1.1200000047683716,312.0
2024-10-25 09:33:00+00:00,RELY,14.770000457763672,14.770000457763672,14.770000457763672,14.675000190734863,14.675000190734863,424.0
2024-10-25 09:33:00+00:00,RGTI,1.2400000095367432,1.2400000095367432,1.2400000095367432,1.2304999828338623,1.239799976348877,14216.0
2024-10-25 09:33:00+00:00,RIOT,9.899999618530273,9.899999618530273,9.970000267028809,9.869999885559082,9.930000305175781,261264.0
2024-10-25 09:33:00+00:00,RMBS,42.7599983215332,42.7599983215332,42.7599983215332,42.61000061035156,42.7599983215332,727.0
2024-10-25 09:33:00+00:00,RMNI,1.7400000095367432,1.7400000095367432,1.7400000095367432,1.7400000095367432,1.7400000095367432,1043.0
2024-10-25 09:33:00+00:00,RPD,39.13999938964844,39.13999938964844,39.13999938964844,39.13999938964844,39.13999938964844,139.0
2024-10-25 09:33:00+00:00,RSSS,2.569999933242798,2.569999933242798,2.596299886703491,2.569999933242798,2.5899999141693115,1000.0
2024-10-25 09:33:00+00:00,RUM,5.547999858856201,5.547999858856201,5.553199768066406,5.539999961853027,5.539999961853027,8465.0
2024-10-25 09:33:00+00:00,RUN,14.199999809265137,14.199999809265137,14.25,14.029999732971191,14.079999923706055,43894.0
2024-10-25 09:33:00+00:00,SEDG,15.40999984741211,15.40999984741211,15.4399995803833,15.289999961853027,15.3100004196167,24870.0
2024-10-25 09:33:00+00:00,SHLS,5.159999847412109,5.159999847412109,5.170000076293945,5.150000095367432,5.170000076293945,5167.0
2024-10-25 09:33:00+00:00,SIMO,56.79999923706055,56.79999923706055,56.79999923706055,56.79999923706055,56.79999923706055,357.0
2024-10-25 09:33:00+00:00,SITM,182.8800048828125,182.8800048828125,182.8800048828125,182.8800048828125,182.8800048828125,337.0
2024-10-25 09:33:00+00:00,SKYT,10.524999618530273,10.524999618530273,10.529999732971191,10.5,10.5,26805.0
2024-10-25 09:33:00+00:00,SLNH,4.088200092315674,4.088200092315674,4.088200092315674,4.088200092315674,4.088200092315674,12.0
2024-10-25 09:33:00+00:00,SMCI,46.9900016784668,46.9900016784668,47.09120178222656,46.779998779296875,47.079200744628906,229480.0
2024-10-25 09:33:00+00:00,SMTC,44.6974983215332,44.6974983215332,44.899898529052734,44.65399932861328,44.899898529052734,968.0
2024-10-25 09:33:00+00:00,SNPS,500.1953125,500.1953125,500.1953125,499.3800048828125,500.0,1146.0
2024-10-25 09:33:00+00:00,SONO,12.75,12.75,12.75,12.75,12.75,150.0
2024-10-25 09:33:00+00:00,SOUN,5.330100059509277,5.330100059509277,5.339900016784668,5.309999942779541,5.325900077819824,60987.0
2024-10-25 09:33:00+00:00,SPT,27.836599349975586,27.836599349975586,27.836599349975586,27.836599349975586,27.836599349975586,0.0
2024-10-25 09:33:00+00:00,SRAD,12.403200149536133,12.403200149536133,12.403200149536133,12.403200149536133,12.403200149536133,238.0
2024-10-25 09:33:00+00:00,SSNC,70.44249725341797,70.44249725341797,70.73999786376953,70.11000061035156,70.25499725341797,28936.0
2024-10-25 09:33:00+00:00,SSYS,7.179999828338623,7.179999828338623,7.179999828338623,7.179999828338623,7.179999828338623,100.0
2024-10-25 09:33:00+00:00,STER,16.790000915527344,16.790000915527344,16.790000915527344,16.790000915527344,16.790000915527344,382.0
2024-10-25 09:33:00+00:00,STNE,11.319999694824219,11.319999694824219,11.395299911499023,11.319999694824219,11.395299911499023,6883.0
2024-10-25 09:33:00+00:00,STX,105.52999877929688,105.52999877929688,105.63999938964844,105.1500015258789,105.1500015258789,96924.0
2024-10-25 09:33:00+00:00,SURG,1.75,1.75,1.75,1.75,1.75,800.0
2024-10-25 09:33:00+00:00,SVRE,0.08889999985694885,0.08889999985694885,0.08889999985694885,0.08889999985694885,0.08889999985694885,200.0
2024-10-25 09:33:00+00:00,SYTA,1.1246000528335571,1.1246000528335571,1.1246000528335571,1.1246000528335571,1.1246000528335571,472.0
2024-10-25 09:33:00+00:00,TEAM,188.8699951171875,188.8699951171875,189.67999267578125,188.8699951171875,189.67999267578125,3555.0
2024-10-25 09:33:00+00:00,TENB,41.25,41.25,41.25,41.25,41.25,176.0
2024-10-25 09:33:00+00:00,TER,111.99490356445312,111.99490356445312,112.44000244140625,111.82869720458984,112.35990142822266,4298.0
2024-10-25 09:33:00+00:00,TRMB,61.1349983215332,61.1349983215332,61.1349983215332,61.1349983215332,61.1349983215332,500.0
2024-10-25 09:33:00+00:00,TSAT,13.3100004196167,13.3100004196167,13.375,13.300000190734863,13.369999885559082,2313.0
2024-10-25 09:33:00+00:00,TSEM,44.27000045776367,44.27000045776367,44.375,44.27000045776367,44.375,235.0
2024-10-25 09:33:00+00:00,TTD,119.55999755859375,119.55999755859375,120.04000091552734,119.55000305175781,119.93000030517578,40673.0
2024-10-25 09:33:00+00:00,TTMI,19.450000762939453,19.450000762939453,19.450000762939453,19.450000762939453,19.450000762939453,238.0
2024-10-25 09:33:00+00:00,TWKS,4.429999828338623,4.429999828338623,4.429999828338623,4.429999828338623,4.429999828338623,2116.0
2024-10-25 09:33:00+00:00,TXN,208.7100067138672,208.7100067138672,209.31500244140625,208.69000244140625,209.1999969482422,19987.0
2024-10-25 09:33:00+00:00,VERI,3.3092000484466553,3.3092000484466553,3.316699981689453,3.3092000484466553,3.315000057220459,3100.0
2024-10-25 09:33:00+00:00,VIAV,9.239999771118164,9.239999771118164,9.260000228881836,9.239999771118164,9.260000228881836,848.0
2024-10-25 09:33:00+00:00,VMEO,4.71999979019165,4.71999979019165,4.739999771118164,4.71999979019165,4.739999771118164,5869.0
2024-10-25 09:33:00+00:00,VNET,3.390000104904175,3.390000104904175,3.390000104904175,3.390000104904175,3.390000104904175,282.0
2024-10-25 09:33:00+00:00,VRNT,22.003999710083008,22.003999710083008,22.003999710083008,22.003999710083008,22.003999710083008,1034.0
2024-10-25 09:33:00+00:00,VRSN,188.42999267578125,188.42999267578125,188.42999267578125,188.4250030517578,188.4250030517578,699.0
2024-10-25 09:33:00+00:00,WATT,0.5967000126838684,0.5967000126838684,0.5967000126838684,0.5967000126838684,0.5967000126838684,982.0
2024-10-25 09:33:00+00:00,WDC,72.58999633789062,72.58999633789062,72.97000122070312,72.29000091552734,72.6500015258789,147427.0
2024-10-25 09:33:00+00:00,WISA,1.7462999820709229,1.7462999820709229,1.75,1.7400000095367432,1.7400000095367432,1547.0
2024-10-25 09:33:00+00:00,WRAP,1.895300030708313,1.895300030708313,1.895300030708313,1.895300030708313,1.895300030708313,2036.0
2024-10-25 09:33:00+00:00,XRX,10.234999656677246,10.234999656677246,10.234999656677246,10.234999656677246,10.234999656677246,278.0
2024-10-25 09:33:00+00:00,ZBRA,364.5,364.5,364.5,364.5,364.5,592.0
2024-10-25 09:33:00+00:00,ZENV,1.3450000286102295,1.3450000286102295,1.3450000286102295,1.3450000286102295,1.3450000286102295,0.0
2024-10-25 09:33:00+00:00,ZM,73.06999969482422,73.06999969482422,73.19999694824219,73.04000091552734,73.18000030517578,8384.0
2024-10-25 09:33:00+00:00,ZS,185.8800048828125,185.8800048828125,185.8800048828125,185.61000061035156,185.8000030517578,2615.0
2024-10-25 09:34:00+00:00,AAOI,17.889999389648438,17.889999389648438,18.149999618530273,17.860000610351562,18.149999618530273,33054.0
2024-10-25 09:34:00+00:00,AAPL,231.11000061035156,231.11000061035156,231.3697052001953,231.0200958251953,231.27999877929688,124380.0
2024-10-25 09:34:00+00:00,ACLS,91.12999725341797,91.12999725341797,91.12999725341797,91.09500122070312,91.09500122070312,1041.0
2024-10-25 09:34:00+00:00,ACMR,19.5,19.5,19.5,19.4606990814209,19.4606990814209,1468.0
2024-10-25 09:34:00+00:00,ADBE,484.4849853515625,484.4849853515625,484.7300109863281,484.0799865722656,484.5849914550781,7431.0
2024-10-25 09:34:00+00:00,ADI,233.10499572753906,233.10499572753906,233.5,232.94000244140625,232.99000549316406,8589.0
2024-10-25 09:34:00+00:00,ADSK,287.4599914550781,287.4599914550781,287.4700012207031,287.4049987792969,287.4049987792969,1098.0
2024-10-25 09:34:00+00:00,ADTN,6.300000190734863,6.300000190734863,6.300000190734863,6.300000190734863,6.300000190734863,296.0
2024-10-25 09:34:00+00:00,AEHR,16.270000457763672,16.270000457763672,16.31999969482422,16.15089988708496,16.15089988708496,12571.0
2024-10-25 09:34:00+00:00,AFRM,41.599998474121094,41.599998474121094,41.959999084472656,41.57500076293945,41.959999084472656,21778.0
2024-10-25 09:34:00+00:00,AGYS,113.30989837646484,113.30989837646484,113.30989837646484,113.30989837646484,113.30989837646484,560.0
2024-10-25 09:34:00+00:00,AKAM,103.13500213623047,103.13500213623047,103.26000213623047,103.13500213623047,103.26000213623047,1136.0
2024-10-25 09:34:00+00:00,AKTS,0.05779999867081642,0.05779999867081642,0.05790000036358833,0.057500001043081284,0.05790000036358833,37565.0
2024-10-25 09:34:00+00:00,ALGM,21.90999984741211,21.90999984741211,21.920000076293945,21.847200393676758,21.8700008392334,5167.0
2024-10-25 09:34:00+00:00,ALKT,38.18000030517578,38.18000030517578,38.18000030517578,38.18000030517578,38.18000030517578,1661.0
2024-10-25 09:34:00+00:00,ALLT,3.450000047683716,3.450000047683716,3.450000047683716,3.450000047683716,3.450000047683716,104.0
2024-10-25 09:34:00+00:00,ALRM,54.040000915527344,54.040000915527344,54.150001525878906,53.820098876953125,54.150001525878906,2461.0
2024-10-25 09:34:00+00:00,AMAT,186.8000030517578,186.8000030517578,186.83999633789062,186.31509399414062,186.31509399414062,5414.0
2024-10-25 09:34:00+00:00,AMD,156.28919982910156,156.28919982910156,156.35000610351562,155.75,155.8350067138672,246384.0
2024-10-25 09:34:00+00:00,AMKR,29.860000610351562,29.860000610351562,29.860000610351562,29.84000015258789,29.84000015258789,432.0
2024-10-25 09:34:00+00:00,AOSL,35.900001525878906,35.900001525878906,35.900001525878906,35.900001525878906,35.900001525878906,1651.0
2024-10-25 09:34:00+00:00,API,2.690000057220459,2.690000057220459,2.7149999141693115,2.690000057220459,2.7149999141693115,385.0
2024-10-25 09:34:00+00:00,APP,161.5,161.5,161.82940673828125,161.30999755859375,161.8000030517578,19089.0
2024-10-25 09:34:00+00:00,APPF,220.30999755859375,220.30999755859375,221.27499389648438,217.50999450683594,217.50999450683594,8652.0
2024-10-25 09:34:00+00:00,APPN,32.40010070800781,32.40010070800781,32.40010070800781,32.40010070800781,32.40010070800781,450.0
2024-10-25 09:34:00+00:00,APPS,3.150099992752075,3.150099992752075,3.1600000858306885,3.1401000022888184,3.1600000858306885,1591.0
2024-10-25 09:34:00+00:00,ARQQ,7.860000133514404,7.860000133514404,7.97189998626709,7.860000133514404,7.97189998626709,2300.0
2024-10-25 09:34:00+00:00,ARRY,6.275000095367432,6.275000095367432,6.329999923706055,6.260000228881836,6.269999980926514,105768.0
2024-10-25 09:34:00+00:00,ASML,717.5599975585938,717.5599975585938,718.8599853515625,717.5599975585938,718.155029296875,6377.0
2024-10-25 09:34:00+00:00,ASUR,9.6899995803833,9.6899995803833,9.6899995803833,9.6899995803833,9.6899995803833,235.0
2024-10-25 09:34:00+00:00,AUR,6.46999979019165,6.46999979019165,6.489999771118164,6.46999979019165,6.489999771118164,20606.0
2024-10-25 09:34:00+00:00,AVDX,8.220000267028809,8.220000267028809,8.220000267028809,8.220000267028809,8.220000267028809,544.0
2024-10-25 09:34:00+00:00,AVGO,173.92999267578125,173.92999267578125,174.0500030517578,173.835693359375,173.835693359375,89990.0
2024-10-25 09:34:00+00:00,AVPT,12.091899871826172,12.091899871826172,12.100000381469727,12.09000015258789,12.100000381469727,2124.0
2024-10-25 09:34:00+00:00,AVT,54.630001068115234,54.630001068115234,54.744998931884766,54.630001068115234,54.66999816894531,1159.0
2024-10-25 09:34:00+00:00,BASE,16.514999389648438,16.514999389648438,16.514999389648438,16.514999389648438,16.514999389648438,71.0
2024-10-25 09:34:00+00:00,BIGC,5.309999942779541,5.309999942779541,5.309999942779541,5.300000190734863,5.300000190734863,10559.0
2024-10-25 09:34:00+00:00,BMBL,7.295000076293945,7.295000076293945,7.295000076293945,7.269999980926514,7.269999980926514,1086.0
2024-10-25 09:34:00+00:00,BRZE,31.360000610351562,31.360000610351562,31.43000030517578,31.315000534057617,31.43000030517578,982.0
2024-10-25 09:34:00+00:00,CAMT,78.02999877929688,78.02999877929688,78.02999877929688,78.02999877929688,78.02999877929688,501.0
2024-10-25 09:34:00+00:00,CAN,1.0,1.0,1.0094000101089478,1.0,1.0,9312.0
2024-10-25 09:34:00+00:00,CDNS,255.26499938964844,255.26499938964844,255.58999633789062,254.9199981689453,255.4250030517578,15697.0
2024-10-25 09:34:00+00:00,CETX,0.29499998688697815,0.29499998688697815,0.29499998688697815,0.29499998688697815,0.29499998688697815,5768.0
2024-10-25 09:34:00+00:00,CFLT,22.049999237060547,22.049999237060547,22.079999923706055,22.020000457763672,22.079999923706055,6493.0
2024-10-25 09:34:00+00:00,CGNX,38.970001220703125,38.970001220703125,39.08000183105469,38.970001220703125,39.08000183105469,737.0
2024-10-25 09:34:00+00:00,CLSK,11.805000305175781,11.805000305175781,11.819999694824219,11.739999771118164,11.810999870300293,234581.0
2024-10-25 09:34:00+00:00,CNDT,3.7149999141693115,3.7149999141693115,3.7149999141693115,3.7149999141693115,3.7149999141693115,202.0
2024-10-25 09:34:00+00:00,COIN,206.44500732421875,206.44500732421875,207.3800048828125,206.09100341796875,207.27000427246094,43148.0
2024-10-25 09:34:00+00:00,COMM,6.427999973297119,6.427999973297119,6.429999828338623,6.414999961853027,6.429999828338623,4793.0
2024-10-25 09:34:00+00:00,CORZ,13.694999694824219,13.694999694824219,13.75,13.6899995803833,13.75,28275.0
2024-10-25 09:34:00+00:00,CRCT,6.489999771118164,6.489999771118164,6.489999771118164,6.489999771118164,6.489999771118164,330.0
2024-10-25 09:34:00+00:00,CRDO,39.619998931884766,39.619998931884766,39.619998931884766,39.619998931884766,39.619998931884766,724.0
2024-10-25 09:34:00+00:00,CRUS,121.72329711914062,121.72329711914062,121.72329711914062,121.63749694824219,121.63749694824219,298.0
2024-10-25 09:34:00+00:00,CRWD,306.9800109863281,306.9800109863281,307.67999267578125,306.760009765625,306.760009765625,15228.0
2024-10-25 09:34:00+00:00,CSCO,56.26499938964844,56.26499938964844,56.26499938964844,56.189998626708984,56.22999954223633,24877.0
2024-10-25 09:34:00+00:00,CSIQ,12.890000343322754,12.890000343322754,12.920000076293945,12.705900192260742,12.71500015258789,48512.0
2024-10-25 09:34:00+00:00,CTSH,75.2300033569336,75.2300033569336,75.2300033569336,75.16999816894531,75.16999816894531,1097.0
2024-10-25 09:34:00+00:00,DBX,26.079999923706055,26.079999923706055,26.08989906311035,26.075000762939453,26.08989906311035,1379.0
2024-10-25 09:34:00+00:00,DDOG,125.78500366210938,125.78500366210938,125.86000061035156,125.66999816894531,125.68000030517578,15595.0
2024-10-25 09:34:00+00:00,DLO,8.710000038146973,8.710000038146973,8.770000457763672,8.710000038146973,8.770000457763672,995.0
2024-10-25 09:34:00+00:00,DOCU,70.5199966430664,70.5199966430664,70.5199966430664,70.5199966430664,70.5199966430664,705.0
2024-10-25 09:34:00+00:00,DTSS,2.6700000762939453,2.6700000762939453,2.6700000762939453,2.630000114440918,2.630000114440918,896.0
2024-10-25 09:34:00+00:00,EMKR,2.1600000858306885,2.1600000858306885,2.1600000858306885,2.1600000858306885,2.1600000858306885,1042.0
2024-10-25 09:34:00+00:00,ENPH,80.11840057373047,80.11840057373047,80.11840057373047,79.70999908447266,79.90499877929688,18517.0
2024-10-25 09:34:00+00:00,ERIC,8.512100219726562,8.512100219726562,8.512100219726562,8.510700225830078,8.510700225830078,4808.0
2024-10-25 09:34:00+00:00,EXFY,1.7000000476837158,1.7000000476837158,1.7000000476837158,1.7000000476837158,1.7000000476837158,193.0
2024-10-25 09:34:00+00:00,EXLS,39.165000915527344,39.165000915527344,39.165000915527344,39.165000915527344,39.165000915527344,138.0
2024-10-25 09:34:00+00:00,FCUV,0.2475000023841858,0.2475000023841858,0.2475000023841858,0.2475000023841858,0.2475000023841858,200.0
2024-10-25 09:34:00+00:00,FFIV,215.0,215.0,215.0,214.75999450683594,214.75999450683594,973.0
2024-10-25 09:34:00+00:00,FIVN,31.15999984741211,31.15999984741211,31.290000915527344,31.06999969482422,31.290000915527344,3146.0
2024-10-25 09:34:00+00:00,FLEX,35.349998474121094,35.349998474121094,35.474998474121094,35.349998474121094,35.474998474121094,8497.0
2024-10-25 09:34:00+00:00,FORM,44.720001220703125,44.720001220703125,44.720001220703125,44.720001220703125,44.720001220703125,340.0
2024-10-25 09:34:00+00:00,FSLR,194.8249969482422,194.8249969482422,195.60000610351562,194.27499389648438,194.56500244140625,9052.0
2024-10-25 09:34:00+00:00,FTCI,0.703000009059906,0.703000009059906,0.703000009059906,0.703000009059906,0.703000009059906,3893.0
2024-10-25 09:34:00+00:00,FTFT,0.314300000667572,0.314300000667572,0.314300000667572,0.314300000667572,0.314300000667572,4076.0
2024-10-25 09:34:00+00:00,FTNT,80.98750305175781,80.98750305175781,81.12000274658203,80.98750305175781,81.08000183105469,2841.0
2024-10-25 09:34:00+00:00,GCT,25.885000228881836,25.885000228881836,26.030000686645508,25.885000228881836,26.014999389648438,3340.0
2024-10-25 09:34:00+00:00,GDS,21.459999084472656,21.459999084472656,21.469999313354492,21.360000610351562,21.3799991607666,10446.0
2024-10-25 09:34:00+00:00,GFS,40.46500015258789,40.46500015258789,40.54999923706055,40.349998474121094,40.349998474121094,8581.0
2024-10-25 09:34:00+00:00,GILT,4.925000190734863,4.925000190734863,4.925000190734863,4.925000190734863,4.925000190734863,388.0
2024-10-25 09:34:00+00:00,GPRO,1.3250000476837158,1.3250000476837158,1.3250000476837158,1.3250000476837158,1.3250000476837158,6215.0
2024-10-25 09:34:00+00:00,GRAB,4.135000228881836,4.135000228881836,4.170000076293945,4.130000114440918,4.161300182342529,216928.0
2024-10-25 09:34:00+00:00,GRRR,4.839900016784668,4.839900016784668,4.839900016784668,4.839900016784668,4.839900016784668,1500.0
2024-10-25 09:34:00+00:00,GSIT,3.369999885559082,3.369999885559082,3.369999885559082,3.369999885559082,3.369999885559082,14621.0
2024-10-25 09:34:00+00:00,GTLB,56.290000915527344,56.290000915527344,56.290000915527344,56.2400016784668,56.2599983215332,1306.0
2024-10-25 09:34:00+00:00,GVP,4.619900226593018,4.619900226593018,4.619900226593018,4.619900226593018,4.619900226593018,332.0
2024-10-25 09:34:00+00:00,HCP,33.685001373291016,33.685001373291016,33.689998626708984,33.685001373291016,33.685001373291016,2318.0
2024-10-25 09:34:00+00:00,HEAR,16.59000015258789,16.59000015258789,16.59000015258789,16.59000015258789,16.59000015258789,243.0
2024-10-25 09:34:00+00:00,HIMX,6.204999923706055,6.204999923706055,6.204999923706055,6.204999923706055,6.204999923706055,815.0
2024-10-25 09:34:00+00:00,HLIT,14.739999771118164,14.739999771118164,14.739999771118164,14.725000381469727,14.725000381469727,1797.0
2024-10-25 09:34:00+00:00,HOLO,3.9119999408721924,3.9119999408721924,3.950000047683716,3.8499999046325684,3.8499999046325684,24607.0
2024-10-25 09:34:00+00:00,HOOD,27.125,27.125,27.25,27.11989974975586,27.239999771118164,24810.0
2024-10-25 09:34:00+00:00,IMMR,8.640000343322754,8.640000343322754,8.640000343322754,8.640000343322754,8.640000343322754,1112.0
2024-10-25 09:34:00+00:00,IMTE,1.6510000228881836,1.6510000228881836,1.6510000228881836,1.6510000228881836,1.6510000228881836,273.0
2024-10-25 09:34:00+00:00,IMXI,17.770000457763672,17.770000457763672,17.770000457763672,17.770000457763672,17.770000457763672,78.0
2024-10-25 09:34:00+00:00,INDI,3.4600000381469727,3.4600000381469727,3.4649999141693115,3.4600000381469727,3.4649999141693115,2276.0
2024-10-25 09:34:00+00:00,INOD,19.739999771118164,19.739999771118164,19.739999771118164,19.5049991607666,19.510000228881836,27225.0
2024-10-25 09:34:00+00:00,INTC,22.625,22.625,22.625,22.500099182128906,22.583999633789062,350409.0
2024-10-25 09:34:00+00:00,INTU,609.405029296875,609.405029296875,609.405029296875,608.9600219726562,608.989990234375,3218.0
2024-10-25 09:34:00+00:00,JG,7.659999847412109,7.659999847412109,7.659999847412109,7.659999847412109,7.659999847412109,484.0
2024-10-25 09:34:00+00:00,KC,2.6649999618530273,2.6649999618530273,2.6700000762939453,2.6649999618530273,2.6649999618530273,3677.0
2024-10-25 09:34:00+00:00,KLAC,672.6500244140625,672.6500244140625,672.989990234375,670.5,671.6199951171875,7033.0
2024-10-25 09:34:00+00:00,KLIC,43.83000183105469,43.83000183105469,43.83000183105469,43.83000183105469,43.83000183105469,124.0
2024-10-25 09:34:00+00:00,KOPN,0.7699999809265137,0.7699999809265137,0.7720000147819519,0.7699999809265137,0.7699999809265137,4099.0
2024-10-25 09:34:00+00:00,KOSS,7.199999809265137,7.199999809265137,7.300000190734863,7.199999809265137,7.300000190734863,16159.0
2024-10-25 09:34:00+00:00,LASR,10.435999870300293,10.435999870300293,10.435999870300293,10.350000381469727,10.369999885559082,3376.0
2024-10-25 09:34:00+00:00,LINK,4.190000057220459,4.190000057220459,4.190000057220459,3.7899999618530273,3.7899999618530273,2229.0
2024-10-25 09:34:00+00:00,LITE,64.72000122070312,64.72000122070312,64.72000122070312,64.72000122070312,64.72000122070312,843.0
2024-10-25 09:34:00+00:00,LOGI,81.12999725341797,81.12999725341797,81.12999725341797,81.0999984741211,81.0999984741211,291.0
2024-10-25 09:34:00+00:00,LPSN,1.225000023841858,1.225000023841858,1.225000023841858,1.220900058746338,1.220900058746338,592.0
2024-10-25 09:34:00+00:00,LRCX,77.61000061035156,77.61000061035156,77.7300033569336,77.45999908447266,77.5,37978.0
2024-10-25 09:34:00+00:00,LSCC,54.810001373291016,54.810001373291016,54.810001373291016,54.595001220703125,54.595001220703125,2216.0
2024-10-25 09:34:00+00:00,LYFT,13.664999961853027,13.664999961853027,13.680000305175781,13.630000114440918,13.670000076293945,150413.0
2024-10-25 09:34:00+00:00,LYTS,16.280099868774414,16.280099868774414,16.280099868774414,16.280099868774414,16.280099868774414,406.0
2024-10-25 09:34:00+00:00,MANH,275.1199951171875,275.1199951171875,275.1199951171875,275.1199951171875,275.1199951171875,522.0
2024-10-25 09:34:00+00:00,MAXN,5.449999809265137,5.449999809265137,5.449999809265137,5.449999809265137,5.449999809265137,4050.0
2024-10-25 09:34:00+00:00,MCHP,76.62000274658203,76.62000274658203,76.70500183105469,76.62000274658203,76.62000274658203,9414.0
2024-10-25 09:34:00+00:00,MDB,266.5799865722656,266.5799865722656,267.5,266.5799865722656,267.5,2184.0
2024-10-25 09:34:00+00:00,MIND,3.4939000606536865,3.4939000606536865,3.4939000606536865,3.4939000606536865,3.4939000606536865,0.0
2024-10-25 09:34:00+00:00,MINM,1.0,1.0,1.0199999809265137,1.0,1.0199999809265137,200.0
2024-10-25 09:34:00+00:00,MITK,8.850000381469727,8.850000381469727,8.850000381469727,8.850000381469727,8.850000381469727,613.0
2024-10-25 09:34:00+00:00,MKSI,100.55999755859375,100.55999755859375,100.55999755859375,100.55999755859375,100.55999755859375,349.0
2024-10-25 09:34:00+00:00,MNDY,299.2799987792969,299.2799987792969,300.0,299.2799987792969,299.5799865722656,1633.0
2024-10-25 09:34:00+00:00,MQ,5.309999942779541,5.309999942779541,5.349999904632568,5.309999942779541,5.349999904632568,3866.0
2024-10-25 09:34:00+00:00,MRVL,82.25,82.25,82.37999725341797,82.19000244140625,82.22000122070312,15514.0
2024-10-25 09:34:00+00:00,MSFT,428.3699951171875,428.3699951171875,429.25,428.3110046386719,428.6700134277344,66447.0
2024-10-25 09:34:00+00:00,MSTR,233.7165985107422,233.7165985107422,234.58999633789062,233.10000610351562,233.5,93221.0
2024-10-25 09:34:00+00:00,MTC,0.37700000405311584,0.37700000405311584,0.37700000405311584,0.37450000643730164,0.37450000643730164,293.0
2024-10-25 09:34:00+00:00,MTLS,6.119999885559082,6.119999885559082,6.119999885559082,6.111499786376953,6.111599922180176,1767.0
2024-10-25 09:34:00+00:00,MU,108.45999908447266,108.45999908447266,108.48999786376953,108.33000183105469,108.41000366210938,70262.0
2024-10-25 09:34:00+00:00,MVIS,1.1050000190734863,1.1050000190734863,1.1098999977111816,1.100000023841858,1.1098999977111816,10707.0
2024-10-25 09:34:00+00:00,MXL,14.531000137329102,14.531000137329102,14.764100074768066,14.531000137329102,14.699700355529785,17799.0
2024-10-25 09:34:00+00:00,NCNO,38.2400016784668,38.2400016784668,38.2400016784668,38.23899841308594,38.23899841308594,1335.0
2024-10-25 09:34:00+00:00,NEON,8.029999732971191,8.029999732971191,8.029999732971191,8.020000457763672,8.020000457763672,369.0
2024-10-25 09:34:00+00:00,NTAP,120.51000213623047,120.51000213623047,120.51000213623047,120.51000213623047,120.51000213623047,1160.0
2024-10-25 09:34:00+00:00,NTNX,62.40999984741211,62.40999984741211,62.43000030517578,62.380001068115234,62.40999984741211,3095.0
2024-10-25 09:34:00+00:00,NVDA,142.30099487304688,142.30099487304688,142.3699951171875,142.02999877929688,142.1208038330078,1414320.0
2024-10-25 09:34:00+00:00,NVEI,33.560001373291016,33.560001373291016,33.560001373291016,33.560001373291016,33.560001373291016,2551.0
2024-10-25 09:34:00+00:00,NVTS,2.5360000133514404,2.5360000133514404,2.5360000133514404,2.5360000133514404,2.5360000133514404,3700.0
2024-10-25 09:34:00+00:00,NXPI,242.46499633789062,242.46499633789062,242.61000061035156,241.89500427246094,241.9199981689453,5705.0
2024-10-25 09:34:00+00:00,OKTA,72.2699966430664,72.2699966430664,72.37000274658203,72.2699966430664,72.37000274658203,2943.0
2024-10-25 09:34:00+00:00,ON,71.08499908447266,71.08499908447266,71.08999633789062,70.86070251464844,70.86070251464844,12923.0
2024-10-25 09:34:00+00:00,OTEX,33.61000061035156,33.61000061035156,33.61000061035156,33.61000061035156,33.61000061035156,200.0
2024-10-25 09:34:00+00:00,PANW,366.5849914550781,366.5849914550781,367.7325134277344,366.55999755859375,366.80999755859375,3471.0
2024-10-25 09:34:00+00:00,PAYO,8.420000076293945,8.420000076293945,8.425000190734863,8.420000076293945,8.425000190734863,3406.0
2024-10-25 09:34:00+00:00,PEGA,81.62000274658203,81.62000274658203,81.66999816894531,81.40640258789062,81.66999816894531,1579.0
2024-10-25 09:34:00+00:00,PEGY,4.650000095367432,4.650000095367432,4.650000095367432,4.650000095367432,4.650000095367432,767.0
2024-10-25 09:34:00+00:00,PGY,11.829999923706055,11.829999923706055,11.829999923706055,11.793999671936035,11.800000190734863,1197.0
2024-10-25 09:34:00+00:00,PHUN,9.621700286865234,9.621700286865234,9.899999618530273,9.620100021362305,9.6983003616333,520773.0
2024-10-25 09:34:00+00:00,PI,191.4199981689453,191.4199981689453,191.4199981689453,189.8800048828125,190.4149932861328,2441.0
2024-10-25 09:34:00+00:00,PLXS,146.0449981689453,146.0449981689453,146.0449981689453,146.0449981689453,146.0449981689453,872.0
2024-10-25 09:34:00+00:00,POET,4.090000152587891,4.090000152587891,4.110000133514404,4.069699764251709,4.069699764251709,3956.0
2024-10-25 09:34:00+00:00,PRGS,65.14360046386719,65.14360046386719,65.14360046386719,65.14360046386719,65.14360046386719,269.0
2024-10-25 09:34:00+00:00,QCOM,170.73500061035156,170.73500061035156,170.7899932861328,170.47000122070312,170.52499389648438,16310.0
2024-10-25 09:34:00+00:00,QLYS,121.45500183105469,121.45500183105469,121.66200256347656,121.45500183105469,121.66200256347656,490.0
2024-10-25 09:34:00+00:00,QRVO,100.33999633789062,100.33999633789062,100.33999633789062,100.33499908447266,100.33499908447266,353.0
2024-10-25 09:34:00+00:00,QUBT,1.1349999904632568,1.1349999904632568,1.1349999904632568,1.1299999952316284,1.1349999904632568,13041.0
2024-10-25 09:34:00+00:00,QUIK,8.577400207519531,8.577400207519531,8.577400207519531,8.577400207519531,8.577400207519531,212.0
2024-10-25 09:34:00+00:00,REKR,1.1150000095367432,1.1150000095367432,1.1200000047683716,1.1150000095367432,1.1200000047683716,2076.0
2024-10-25 09:34:00+00:00,RGTI,1.2400000095367432,1.2400000095367432,1.2400000095367432,1.2300000190734863,1.23989999294281,30585.0
2024-10-25 09:34:00+00:00,RIOT,9.864999771118164,9.864999771118164,9.920000076293945,9.845000267028809,9.899900436401367,210414.0
2024-10-25 09:34:00+00:00,RMBS,42.65999984741211,42.65999984741211,42.81999969482422,42.65999984741211,42.81999969482422,21070.0
2024-10-25 09:34:00+00:00,RPAY,7.691999912261963,7.691999912261963,7.691999912261963,7.691999912261963,7.691999912261963,312.0
2024-10-25 09:34:00+00:00,RPD,39.150001525878906,39.150001525878906,39.150001525878906,39.150001525878906,39.150001525878906,214.0
2024-10-25 09:34:00+00:00,RUN,14.180000305175781,14.180000305175781,14.210000038146973,14.170000076293945,14.210000038146973,10537.0
2024-10-25 09:34:00+00:00,RXT,2.5250000953674316,2.5250000953674316,2.5299999713897705,2.509999990463257,2.5299999713897705,4687.0
2024-10-25 09:34:00+00:00,SATS,25.010000228881836,25.010000228881836,25.010000228881836,25.010000228881836,25.010000228881836,104.0
2024-10-25 09:34:00+00:00,SCKT,1.1979999542236328,1.1979999542236328,1.1979999542236328,1.1979999542236328,1.1979999542236328,371.0
2024-10-25 09:34:00+00:00,SCWX,8.390000343322754,8.390000343322754,8.390000343322754,8.390000343322754,8.390000343322754,1540.0
2024-10-25 09:34:00+00:00,SEDG,15.454999923706055,15.454999923706055,15.5,15.380000114440918,15.390000343322754,26071.0
2024-10-25 09:34:00+00:00,SHLS,5.150000095367432,5.150000095367432,5.175000190734863,5.139999866485596,5.159999847412109,8855.0
2024-10-25 09:34:00+00:00,SIMO,56.78499984741211,56.78499984741211,56.78499984741211,56.78499984741211,56.78499984741211,253.0
2024-10-25 09:34:00+00:00,SITM,181.73500061035156,181.73500061035156,181.93499755859375,181.73500061035156,181.93499755859375,776.0
2024-10-25 09:34:00+00:00,SKYT,10.555000305175781,10.555000305175781,10.5600004196167,10.555000305175781,10.5600004196167,284.0
2024-10-25 09:34:00+00:00,SLNH,4.086299896240234,4.086299896240234,4.086299896240234,4.086299896240234,4.086299896240234,4.0
2024-10-25 09:34:00+00:00,SMCI,46.84859848022461,46.84859848022461,47.04990005493164,46.81010055541992,46.95000076293945,117285.0
2024-10-25 09:34:00+00:00,SMTC,44.540000915527344,44.540000915527344,44.899898529052734,44.540000915527344,44.613399505615234,589.0
2024-10-25 09:34:00+00:00,SNPS,498.6300048828125,498.6300048828125,499.7325134277344,498.6300048828125,499.17498779296875,9534.0
2024-10-25 09:34:00+00:00,SONO,12.720000267028809,12.720000267028809,12.75,12.720000267028809,12.75,2052.0
2024-10-25 09:34:00+00:00,SOUN,5.329100131988525,5.329100131988525,5.340000152587891,5.320000171661377,5.335000038146973,58860.0
2024-10-25 09:34:00+00:00,SPSC,190.6999969482422,190.6999969482422,190.6999969482422,190.25999450683594,190.25999450683594,484.0
2024-10-25 09:34:00+00:00,SPT,27.674999237060547,27.674999237060547,27.674999237060547,27.674999237060547,27.674999237060547,269.0
2024-10-25 09:34:00+00:00,SRAD,12.345000267028809,12.345000267028809,12.345000267028809,12.338000297546387,12.338000297546387,1304.0
2024-10-25 09:34:00+00:00,SSNC,70.68000030517578,70.68000030517578,70.88999938964844,70.45500183105469,70.51000213623047,13950.0
2024-10-25 09:34:00+00:00,SSYS,7.179999828338623,7.179999828338623,7.179999828338623,7.179999828338623,7.179999828338623,3.0
2024-10-25 09:34:00+00:00,STER,16.760000228881836,16.760000228881836,16.760000228881836,16.75,16.75,803.0
2024-10-25 09:34:00+00:00,STNE,11.295000076293945,11.295000076293945,11.350000381469727,11.279999732971191,11.333999633789062,50864.0
2024-10-25 09:34:00+00:00,STX,105.22000122070312,105.22000122070312,105.54000091552734,105.03559875488281,105.52999877929688,14944.0
2024-10-25 09:34:00+00:00,SVRE,0.08879999816417694,0.08879999816417694,0.08879999816417694,0.08879999816417694,0.08879999816417694,26757.0
2024-10-25 09:34:00+00:00,SWKS,96.05999755859375,96.05999755859375,96.05999755859375,95.93440246582031,95.93440246582031,1815.0
2024-10-25 09:34:00+00:00,SYTA,1.1490000486373901,1.1490000486373901,1.149999976158142,1.1299999952316284,1.1299999952316284,3535.0
2024-10-25 09:34:00+00:00,TASK,12.029999732971191,12.029999732971191,12.029999732971191,12.020000457763672,12.020000457763672,1028.0
2024-10-25 09:34:00+00:00,TEAM,189.72120666503906,189.72120666503906,189.78799438476562,188.7899932861328,188.88999938964844,1004.0
2024-10-25 09:34:00+00:00,TER,112.1050033569336,112.1050033569336,112.12000274658203,111.72329711914062,111.80999755859375,10883.0
2024-10-25 09:34:00+00:00,TRMB,61.10499954223633,61.10499954223633,61.10499954223633,61.10499954223633,61.10499954223633,300.0
2024-10-25 09:34:00+00:00,TSEM,44.2599983215332,44.2599983215332,44.375,44.2599983215332,44.375,1805.0
2024-10-25 09:34:00+00:00,TTD,119.2300033569336,119.2300033569336,119.9000015258789,119.2300033569336,119.44999694824219,60028.0
2024-10-25 09:34:00+00:00,TTMI,19.44499969482422,19.44499969482422,19.44499969482422,19.44499969482422,19.44499969482422,334.0
2024-10-25 09:34:00+00:00,TWKS,4.434999942779541,4.434999942779541,4.434999942779541,4.434999942779541,4.434999942779541,2121.0
2024-10-25 09:34:00+00:00,TXN,209.42999267578125,209.42999267578125,209.5,209.14500427246094,209.14500427246094,18167.0
2024-10-25 09:34:00+00:00,UCTT,35.529998779296875,35.529998779296875,35.60499954223633,35.529998779296875,35.60499954223633,562.0
2024-10-25 09:34:00+00:00,VECO,29.399999618530273,29.399999618530273,29.459999084472656,29.299999237060547,29.309999465942383,2324.0
2024-10-25 09:34:00+00:00,VERI,3.309999942779541,3.309999942779541,3.315000057220459,3.299999952316284,3.305299997329712,5559.0
2024-10-25 09:34:00+00:00,VMEO,4.710000038146973,4.710000038146973,4.71999979019165,4.710000038146973,4.71999979019165,711.0
2024-10-25 09:34:00+00:00,VNET,3.380000114440918,3.380000114440918,3.390000104904175,3.380000114440918,3.390000104904175,1383.0
2024-10-25 09:34:00+00:00,VRNS,56.310001373291016,56.310001373291016,56.310001373291016,56.310001373291016,56.310001373291016,332.0
2024-10-25 09:34:00+00:00,VRNT,22.059999465942383,22.059999465942383,22.059999465942383,22.059999465942383,22.059999465942383,416.0
2024-10-25 09:34:00+00:00,VRSN,188.4600067138672,188.4600067138672,188.52999877929688,188.3300018310547,188.52999877929688,1688.0
2024-10-25 09:34:00+00:00,VSAT,10.354999542236328,10.354999542236328,10.354999542236328,10.354999542236328,10.354999542236328,938.0
2024-10-25 09:34:00+00:00,VUZI,1.3461999893188477,1.3461999893188477,1.3461999893188477,1.3461999893188477,1.3461999893188477,783.0
2024-10-25 09:34:00+00:00,WDAY,239.43800354003906,239.43800354003906,239.89999389648438,239.4322967529297,239.4322967529297,2074.0
2024-10-25 09:34:00+00:00,WDC,72.55999755859375,72.55999755859375,72.87000274658203,72.4000015258789,72.56999969482422,86222.0
2024-10-25 09:34:00+00:00,WISA,1.75,1.75,1.75,1.7403000593185425,1.7403000593185425,11787.0
2024-10-25 09:34:00+00:00,XPER,9.380000114440918,9.380000114440918,9.380000114440918,9.369999885559082,9.369999885559082,558.0
2024-10-25 09:34:00+00:00,XRX,10.239999771118164,10.239999771118164,10.246600151062012,10.220000267028809,10.246600151062012,4892.0
2024-10-25 09:34:00+00:00,ZI,10.455300331115723,10.455300331115723,10.5,10.455300331115723,10.5,710.0
2024-10-25 09:34:00+00:00,ZM,72.84030151367188,72.84030151367188,72.99500274658203,72.80999755859375,72.99500274658203,4471.0
2024-10-25 09:34:00+00:00,ZS,185.8800048828125,185.8800048828125,185.8800048828125,185.87550354003906,185.87550354003906,1541.0
2024-10-25 09:35:00+00:00,AAOI,17.913700103759766,17.913700103759766,17.969999313354492,17.8700008392334,17.8799991607666,4477.0
2024-10-25 09:35:00+00:00,AAPL,231.17999267578125,231.17999267578125,231.3699951171875,231.07449340820312,231.10000610351562,212156.0
2024-10-25 09:35:00+00:00,ACLS,91.14830017089844,91.14830017089844,91.14830017089844,91.14830017089844,91.14830017089844,347.0
2024-10-25 09:35:00+00:00,ACMR,19.540000915527344,19.540000915527344,19.559999465942383,19.5,19.5049991607666,5993.0
2024-10-25 09:35:00+00:00,ADBE,485.909912109375,485.909912109375,485.909912109375,484.3999938964844,484.67999267578125,14145.0
2024-10-25 09:35:00+00:00,ADI,233.3699951171875,233.3699951171875,233.64999389648438,233.0800018310547,233.47000122070312,8391.0
2024-10-25 09:35:00+00:00,ADSK,288.1300048828125,288.1300048828125,288.1700134277344,287.04998779296875,287.7099914550781,3327.0
2024-10-25 09:35:00+00:00,AEHR,16.34000015258789,16.34000015258789,16.42840003967285,16.25,16.31100082397461,25812.0
2024-10-25 09:35:00+00:00,AFRM,41.68280029296875,41.68280029296875,41.83000183105469,41.56079864501953,41.61000061035156,39330.0
2024-10-25 09:35:00+00:00,AKAM,103.26000213623047,103.26000213623047,103.26000213623047,103.13999938964844,103.16999816894531,2933.0
2024-10-25 09:35:00+00:00,AKTS,0.0575999990105629,0.0575999990105629,0.05829999968409538,0.0575999990105629,0.05779999867081642,9507.0
2024-10-25 09:35:00+00:00,ALGM,21.93000030517578,21.93000030517578,21.93000030517578,21.920000076293945,21.920000076293945,758.0
2024-10-25 09:35:00+00:00,AMAT,187.14999389648438,187.14999389648438,187.4600067138672,186.85009765625,187.0,43716.0
2024-10-25 09:35:00+00:00,AMD,156.56500244140625,156.56500244140625,156.6999053955078,156.22999572753906,156.2899932861328,290611.0
2024-10-25 09:35:00+00:00,AMKR,29.920000076293945,29.920000076293945,29.920000076293945,29.920000076293945,29.920000076293945,134.0
2024-10-25 09:35:00+00:00,AMST,2.7699999809265137,2.7699999809265137,2.7699999809265137,2.7699999809265137,2.7699999809265137,1251.0
2024-10-25 09:35:00+00:00,ANY,1.0499999523162842,1.0499999523162842,1.059999942779541,1.0499999523162842,1.059999942779541,23340.0
2024-10-25 09:35:00+00:00,API,2.7100000381469727,2.7100000381469727,2.7100000381469727,2.7100000381469727,2.7100000381469727,186.0
2024-10-25 09:35:00+00:00,APP,161.44000244140625,161.44000244140625,161.44000244140625,161.11000061035156,161.3800048828125,3293.0
2024-10-25 09:35:00+00:00,APPF,221.10000610351562,221.10000610351562,222.36000061035156,220.30999755859375,220.30999755859375,8225.0
2024-10-25 09:35:00+00:00,APPS,3.140000104904175,3.140000104904175,3.1600000858306885,3.130000114440918,3.1600000858306885,6618.0
2024-10-25 09:35:00+00:00,ARRY,6.224999904632568,6.224999904632568,6.269999980926514,6.224999904632568,6.269999980926514,8024.0
2024-10-25 09:35:00+00:00,ASML,718.8499755859375,718.8499755859375,719.4000244140625,717.969970703125,718.2000122070312,16655.0
2024-10-25 09:35:00+00:00,AUR,6.460299968719482,6.460299968719482,6.46999979019165,6.460000038146973,6.463699817657471,5494.0
2024-10-25 09:35:00+00:00,AVGO,174.19000244140625,174.19000244140625,174.49000549316406,173.91000366210938,173.97000122070312,168717.0
2024-10-25 09:35:00+00:00,AXTI,2.6449999809265137,2.6449999809265137,2.6500000953674316,2.640000104904175,2.640000104904175,687.0
2024-10-25 09:35:00+00:00,BAND,17.709999084472656,17.709999084472656,17.790000915527344,17.709999084472656,17.790000915527344,685.0
2024-10-25 09:35:00+00:00,BIGC,5.316699981689453,5.316699981689453,5.316699981689453,5.316699981689453,5.316699981689453,200.0
2024-10-25 09:35:00+00:00,BL,57.51580047607422,57.51580047607422,57.51580047607422,57.51580047607422,57.51580047607422,202.0
2024-10-25 09:35:00+00:00,BMBL,7.329999923706055,7.329999923706055,7.340000152587891,7.300000190734863,7.300000190734863,4801.0
2024-10-25 09:35:00+00:00,BSY,49.099998474121094,49.099998474121094,49.099998474121094,49.099998474121094,49.099998474121094,794.0
2024-10-25 09:35:00+00:00,CAMT,78.02999877929688,78.02999877929688,78.02999877929688,78.02999877929688,78.02999877929688,572.0
2024-10-25 09:35:00+00:00,CAN,1.0049999952316284,1.0049999952316284,1.0049999952316284,1.0010000467300415,1.0010000467300415,221.0
2024-10-25 09:35:00+00:00,CDNS,256.29998779296875,256.29998779296875,256.3599853515625,255.5800018310547,255.5800018310547,6108.0
2024-10-25 09:35:00+00:00,CDW,220.22500610351562,220.22500610351562,220.22500610351562,220.22500610351562,220.22500610351562,257.0
2024-10-25 09:35:00+00:00,CETX,0.29589998722076416,0.29589998722076416,0.29589998722076416,0.29589998722076416,0.29589998722076416,954.0
2024-10-25 09:35:00+00:00,CFLT,22.075000762939453,22.075000762939453,22.075000762939453,22.049999237060547,22.049999237060547,934.0
2024-10-25 09:35:00+00:00,CGNX,39.02000045776367,39.02000045776367,39.029998779296875,38.900001525878906,38.91999816894531,2095.0
2024-10-25 09:35:00+00:00,CHKP,207.3455047607422,207.3455047607422,207.3455047607422,207.3455047607422,207.3455047607422,222.0
2024-10-25 09:35:00+00:00,CLBT,17.93199920654297,17.93199920654297,17.93199920654297,17.93199920654297,17.93199920654297,1565.0
2024-10-25 09:35:00+00:00,CLSK,11.88010025024414,11.88010025024414,11.899999618530273,11.770000457763672,11.8100004196167,173110.0
2024-10-25 09:35:00+00:00,CMBM,1.2200000286102295,1.2200000286102295,1.2200000286102295,1.2000000476837158,1.2000000476837158,699.0
2024-10-25 09:35:00+00:00,CMTL,3.719899892807007,3.719899892807007,3.719899892807007,3.719899892807007,3.719899892807007,137.0
2024-10-25 09:35:00+00:00,CNDT,3.710099935531616,3.710099935531616,3.710099935531616,3.710099935531616,3.710099935531616,2060.0
2024-10-25 09:35:00+00:00,CNXC,45.849998474121094,45.849998474121094,45.97999954223633,45.849998474121094,45.97999954223633,2860.0
2024-10-25 09:35:00+00:00,COHR,97.2699966430664,97.2699966430664,97.2699966430664,97.05500030517578,97.08000183105469,662.0
2024-10-25 09:35:00+00:00,COHU,25.704999923706055,25.704999923706055,25.739999771118164,25.690000534057617,25.690000534057617,865.0
2024-10-25 09:35:00+00:00,COIN,207.08999633789062,207.08999633789062,207.49989318847656,205.8300018310547,206.44500732421875,68463.0
2024-10-25 09:35:00+00:00,COMM,6.414899826049805,6.414899826049805,6.414899826049805,6.414899826049805,6.414899826049805,1578.0
2024-10-25 09:35:00+00:00,CORZ,13.75,13.75,13.75,13.664999961853027,13.710000038146973,15294.0
2024-10-25 09:35:00+00:00,CORZW,8.141799926757812,8.141799926757812,8.141799926757812,8.141799926757812,8.141799926757812,2000.0
2024-10-25 09:35:00+00:00,CRCT,6.480000019073486,6.480000019073486,6.5,6.480000019073486,6.5,1869.0
2024-10-25 09:35:00+00:00,CRDO,39.63999938964844,39.63999938964844,39.63999938964844,39.63999938964844,39.63999938964844,427.0
2024-10-25 09:35:00+00:00,CRNC,2.808199882507324,2.808199882507324,2.809999942779541,2.808199882507324,2.809999942779541,871.0
2024-10-25 09:35:00+00:00,CRUS,122.10749816894531,122.10749816894531,122.18000030517578,121.5999984741211,122.0,3863.0
2024-10-25 09:35:00+00:00,CRWD,308.5098876953125,308.5098876953125,308.6000061035156,307.0,307.0,15015.0
2024-10-25 09:35:00+00:00,CSCO,56.36600112915039,56.36600112915039,56.38999938964844,56.2599983215332,56.27000045776367,35381.0
2024-10-25 09:35:00+00:00,CSIQ,12.850000381469727,12.850000381469727,12.9399995803833,12.829999923706055,12.914999961853027,23799.0
2024-10-25 09:35:00+00:00,CTSH,75.33999633789062,75.33999633789062,75.33999633789062,75.23999786376953,75.23999786376953,1145.0
2024-10-25 09:35:00+00:00,DBX,26.079999923706055,26.079999923706055,26.079999923706055,26.079999923706055,26.079999923706055,738.0
2024-10-25 09:35:00+00:00,DDOG,126.33000183105469,126.33000183105469,126.33999633789062,125.8499984741211,125.8499984741211,7170.0
2024-10-25 09:35:00+00:00,DOCU,70.69999694824219,70.69999694824219,70.79000091552734,70.51499938964844,70.51499938964844,6780.0
2024-10-25 09:35:00+00:00,DOMO,7.809999942779541,7.809999942779541,7.809999942779541,7.804999828338623,7.804999828338623,311.0
2024-10-25 09:35:00+00:00,ENPH,80.3499984741211,80.3499984741211,80.4800033569336,80.04000091552734,80.16999816894531,26773.0
2024-10-25 09:35:00+00:00,ERIC,8.510100364685059,8.510100364685059,8.510100364685059,8.510100364685059,8.510100364685059,113.0
2024-10-25 09:35:00+00:00,EXTR,14.579999923706055,14.579999923706055,14.579999923706055,14.579999923706055,14.579999923706055,111.0
2024-10-25 09:35:00+00:00,FLEX,35.369998931884766,35.369998931884766,35.400001525878906,35.33000183105469,35.375,3873.0
2024-10-25 09:35:00+00:00,FLYW,17.81999969482422,17.81999969482422,17.850000381469727,17.76129913330078,17.76129913330078,539.0
2024-10-25 09:35:00+00:00,FORM,45.0,45.0,45.0,44.849998474121094,44.849998474121094,3304.0
2024-10-25 09:35:00+00:00,FROG,29.402999877929688,29.402999877929688,29.530000686645508,29.399999618530273,29.5,2061.0
2024-10-25 09:35:00+00:00,FRSH,11.680000305175781,11.680000305175781,11.680000305175781,11.670000076293945,11.670000076293945,1907.0
2024-10-25 09:35:00+00:00,FSLR,196.01499938964844,196.01499938964844,196.01499938964844,195.10000610351562,195.33999633789062,16136.0
2024-10-25 09:35:00+00:00,FTCI,0.699999988079071,0.699999988079071,0.699999988079071,0.699999988079071,0.699999988079071,600.0
2024-10-25 09:35:00+00:00,FTNT,81.2300033569336,81.2300033569336,81.30000305175781,81.0199966430664,81.0199966430664,6648.0
2024-10-25 09:35:00+00:00,GCT,25.895000457763672,25.895000457763672,25.90999984741211,25.890100479125977,25.899999618530273,2880.0
2024-10-25 09:35:00+00:00,GDS,21.479999542236328,21.479999542236328,21.510000228881836,21.479999542236328,21.479999542236328,0.0
2024-10-25 09:35:00+00:00,GFS,40.630001068115234,40.630001068115234,40.71289825439453,40.439998626708984,40.44499969482422,14455.0
2024-10-25 09:35:00+00:00,GPRO,1.3250000476837158,1.3250000476837158,1.3250000476837158,1.3250000476837158,1.3250000476837158,1061.0
2024-10-25 09:35:00+00:00,GRAB,4.114999771118164,4.114999771118164,4.138000011444092,4.09499979019165,4.138000011444092,617623.0
2024-10-25 09:35:00+00:00,GRRR,4.760000228881836,4.760000228881836,4.809899806976318,4.760000228881836,4.7845001220703125,2686.0
2024-10-25 09:35:00+00:00,GSIT,3.3285000324249268,3.3285000324249268,3.3285000324249268,3.319999933242798,3.319999933242798,1064.0
2024-10-25 09:35:00+00:00,GTLB,56.279998779296875,56.279998779296875,56.279998779296875,56.279998779296875,56.279998779296875,2606.0
2024-10-25 09:35:00+00:00,HCKT,24.94499969482422,24.94499969482422,24.94499969482422,24.94499969482422,24.94499969482422,336.0
2024-10-25 09:35:00+00:00,HCP,33.685001373291016,33.685001373291016,33.685001373291016,33.685001373291016,33.685001373291016,1100.0
2024-10-25 09:35:00+00:00,HIMX,6.199999809265137,6.199999809265137,6.204999923706055,6.199999809265137,6.204999923706055,910.0
2024-10-25 09:35:00+00:00,HLIT,14.729999542236328,14.729999542236328,14.729999542236328,14.729999542236328,14.729999542236328,1185.0
2024-10-25 09:35:00+00:00,HOLO,3.9697999954223633,3.9697999954223633,3.9697999954223633,3.9017999172210693,3.9017999172210693,22609.0
2024-10-25 09:35:00+00:00,HOOD,27.120100021362305,27.120100021362305,27.15999984741211,27.09000015258789,27.1299991607666,37909.0
2024-10-25 09:35:00+00:00,IMMR,8.619999885559082,8.619999885559082,8.619999885559082,8.619999885559082,8.619999885559082,3393.0
2024-10-25 09:35:00+00:00,IMTE,1.7200000286102295,1.7200000286102295,1.7200000286102295,1.7200000286102295,1.7200000286102295,894.0
2024-10-25 09:35:00+00:00,INDI,3.4800000190734863,3.4800000190734863,3.4800000190734863,3.450000047683716,3.4649999141693115,5543.0
2024-10-25 09:35:00+00:00,INOD,19.62529945373535,19.62529945373535,19.799999237060547,19.62529945373535,19.790000915527344,13247.0
2024-10-25 09:35:00+00:00,INSG,19.899999618530273,19.899999618530273,19.899999618530273,19.899999618530273,19.899999618530273,301.0
2024-10-25 09:35:00+00:00,INTA,49.810001373291016,49.810001373291016,49.810001373291016,49.810001373291016,49.810001373291016,212.0
2024-10-25 09:35:00+00:00,INTC,22.665000915527344,22.665000915527344,22.700000762939453,22.6200008392334,22.629899978637695,451977.0
2024-10-25 09:35:00+00:00,INTU,610.260009765625,610.260009765625,610.27001953125,609.4000244140625,609.4000244140625,4036.0
2024-10-25 09:35:00+00:00,ITI,7.190000057220459,7.190000057220459,7.190000057220459,7.190000057220459,7.190000057220459,562.0
2024-10-25 09:35:00+00:00,JAMF,17.010000228881836,17.010000228881836,17.010000228881836,17.010000228881836,17.010000228881836,495.0
2024-10-25 09:35:00+00:00,KC,2.6649999618530273,2.6649999618530273,2.6649999618530273,2.660799980163574,2.6649999618530273,2425.0
2024-10-25 09:35:00+00:00,KLAC,674.8350219726562,674.8350219726562,674.8400268554688,671.75,671.75,3414.0
2024-10-25 09:35:00+00:00,KOPN,0.7749999761581421,0.7749999761581421,0.7749999761581421,0.7720000147819519,0.7720000147819519,5400.0
2024-10-25 09:35:00+00:00,LITE,64.73999786376953,64.73999786376953,64.80999755859375,64.69999694824219,64.72000122070312,3528.0
2024-10-25 09:35:00+00:00,LOGI,81.19999694824219,81.19999694824219,81.22000122070312,81.19000244140625,81.19000244140625,1482.0
2024-10-25 09:35:00+00:00,LPSN,1.2209999561309814,1.2209999561309814,1.2209999561309814,1.2209999561309814,1.2209999561309814,349.0
2024-10-25 09:35:00+00:00,LPTH,1.690000057220459,1.690000057220459,1.690000057220459,1.690000057220459,1.690000057220459,211.0
2024-10-25 09:35:00+00:00,LRCX,77.76000213623047,77.76000213623047,77.94999694824219,77.58499908447266,77.58499908447266,66892.0
2024-10-25 09:35:00+00:00,LSCC,54.83000183105469,54.83000183105469,54.900001525878906,54.83000183105469,54.900001525878906,443.0
2024-10-25 09:35:00+00:00,LYFT,13.664999961853027,13.664999961853027,13.6850004196167,13.654999732971191,13.665300369262695,16152.0
2024-10-25 09:35:00+00:00,MAXN,5.449999809265137,5.449999809265137,5.449999809265137,5.389999866485596,5.400000095367432,2878.0
2024-10-25 09:35:00+00:00,MCHP,76.78500366210938,76.78500366210938,76.8550033569336,76.58999633789062,76.58999633789062,19480.0
2024-10-25 09:35:00+00:00,MDB,267.66259765625,267.66259765625,267.66259765625,266.8900146484375,266.8900146484375,1308.0
2024-10-25 09:35:00+00:00,MKSI,100.77999877929688,100.77999877929688,100.77999877929688,100.56999969482422,100.56999969482422,619.0
2024-10-25 09:35:00+00:00,MNDY,300.0,300.0,300.0,299.69500732421875,299.69500732421875,1992.0
2024-10-25 09:35:00+00:00,MOB,1.309999942779541,1.309999942779541,1.311400055885315,1.309999942779541,1.311400055885315,0.0
2024-10-25 09:35:00+00:00,MRVL,82.62999725341797,82.62999725341797,82.66999816894531,82.23500061035156,82.28500366210938,27497.0
2024-10-25 09:35:00+00:00,MSFT,428.6000061035156,428.6000061035156,428.9700012207031,428.2799987792969,428.32000732421875,69872.0
2024-10-25 09:35:00+00:00,MSTR,233.19000244140625,233.19000244140625,234.0,232.64999389648438,233.5500030517578,117052.0
2024-10-25 09:35:00+00:00,MTC,0.37700000405311584,0.37700000405311584,0.37700000405311584,0.37700000405311584,0.37700000405311584,1897.0
2024-10-25 09:35:00+00:00,MTLS,6.070000171661377,6.070000171661377,6.110000133514404,6.070000171661377,6.107999801635742,1438.0
2024-10-25 09:35:00+00:00,MTSI,117.20999908447266,117.20999908447266,117.20999908447266,117.20999908447266,117.20999908447266,2151.0
2024-10-25 09:35:00+00:00,MU,108.6769027709961,108.6769027709961,108.69999694824219,108.41000366210938,108.45999908447266,66413.0
2024-10-25 09:35:00+00:00,MVIS,1.1097999811172485,1.1097999811172485,1.1097999811172485,1.1097999811172485,1.1097999811172485,188.0
2024-10-25 09:35:00+00:00,MXL,14.729999542236328,14.729999542236328,14.729999542236328,14.601799964904785,14.609999656677246,10141.0
2024-10-25 09:35:00+00:00,NCNO,38.21900177001953,38.21900177001953,38.22999954223633,38.21900177001953,38.22999954223633,1226.0
2024-10-25 09:35:00+00:00,NEON,8.102999687194824,8.102999687194824,8.102999687194824,8.050000190734863,8.050000190734863,3203.0
2024-10-25 09:35:00+00:00,NICE,177.96499633789062,177.96499633789062,177.96499633789062,177.1699981689453,177.1699981689453,4417.0
2024-10-25 09:35:00+00:00,NNDM,2.3399999141693115,2.3399999141693115,2.3399999141693115,2.3387999534606934,2.3387999534606934,15869.0
2024-10-25 09:35:00+00:00,NTAP,120.38500213623047,120.38500213623047,120.38500213623047,120.375,120.37999725341797,848.0
2024-10-25 09:35:00+00:00,NTGR,20.33919906616211,20.33919906616211,20.41699981689453,20.33919906616211,20.364999771118164,804.0
2024-10-25 09:35:00+00:00,NTNX,62.439998626708984,62.439998626708984,62.5099983215332,62.38999938964844,62.415000915527344,3444.0
2024-10-25 09:35:00+00:00,NVDA,142.63330078125,142.63330078125,142.72999572753906,142.2845001220703,142.29989624023438,1677757.0
2024-10-25 09:35:00+00:00,NVMI,184.1199951171875,184.1199951171875,184.1199951171875,184.1199951171875,184.1199951171875,783.0
2024-10-25 09:35:00+00:00,NVTS,2.5299999713897705,2.5299999713897705,2.5350000858306885,2.5299999713897705,2.5350000858306885,2142.0
2024-10-25 09:35:00+00:00,NXPI,243.5749969482422,243.5749969482422,243.60000610351562,242.44000244140625,242.44000244140625,14524.0
2024-10-25 09:35:00+00:00,OKTA,72.41999816894531,72.41999816894531,72.44499969482422,72.30500030517578,72.33000183105469,4640.0
2024-10-25 09:35:00+00:00,OLED,203.10569763183594,203.10569763183594,203.10569763183594,203.10569763183594,203.10569763183594,1038.0
2024-10-25 09:35:00+00:00,ON,71.23999786376953,71.23999786376953,71.26000213623047,71.05999755859375,71.05999755859375,29327.0
2024-10-25 09:35:00+00:00,OSIS,140.17999267578125,140.17999267578125,140.17999267578125,140.17999267578125,140.17999267578125,226.0
2024-10-25 09:35:00+00:00,OTEX,33.59000015258789,33.59000015258789,33.61000061035156,33.59000015258789,33.59000015258789,2175.0
2024-10-25 09:35:00+00:00,PALT,2.0199999809265137,2.0199999809265137,2.0199999809265137,2.009999990463257,2.009999990463257,1060.0
2024-10-25 09:35:00+00:00,PANW,368.1499938964844,368.1499938964844,368.1499938964844,367.0,367.0,7257.0
2024-10-25 09:35:00+00:00,PAYO,8.40999984741211,8.40999984741211,8.40999984741211,8.40999984741211,8.40999984741211,757.0
2024-10-25 09:35:00+00:00,PDFS,29.25,29.25,29.25,29.25,29.25,640.0
2024-10-25 09:35:00+00:00,PEGA,82.05349731445312,82.05349731445312,82.19000244140625,81.44000244140625,81.54499816894531,15206.0
2024-10-25 09:35:00+00:00,PEGY,4.590000152587891,4.590000152587891,4.659999847412109,4.590000152587891,4.593699932098389,2286.0
2024-10-25 09:35:00+00:00,PGY,11.829999923706055,11.829999923706055,11.829999923706055,11.800000190734863,11.829999923706055,4558.0
2024-10-25 09:35:00+00:00,PHUN,9.395000457763672,9.395000457763672,9.630000114440918,9.270000457763672,9.628800392150879,430525.0
2024-10-25 09:35:00+00:00,PI,190.94000244140625,190.94000244140625,191.2100067138672,190.74000549316406,190.74000549316406,2423.0
2024-10-25 09:35:00+00:00,PLAB,23.481199264526367,23.481199264526367,23.481199264526367,23.481199264526367,23.481199264526367,115.0
2024-10-25 09:35:00+00:00,PLXS,145.85000610351562,145.85000610351562,145.97500610351562,145.85000610351562,145.97500610351562,1115.0
2024-10-25 09:35:00+00:00,POET,4.059999942779541,4.059999942779541,4.073999881744385,4.046299934387207,4.073999881744385,6436.0
2024-10-25 09:35:00+00:00,PRCH,1.340000033378601,1.340000033378601,1.340000033378601,1.340000033378601,1.340000033378601,456.0
2024-10-25 09:35:00+00:00,PRGS,64.95999908447266,64.95999908447266,64.97000122070312,64.95999908447266,64.97000122070312,900.0
2024-10-25 09:35:00+00:00,QCOM,171.1750030517578,171.1750030517578,171.2899932861328,170.6800994873047,170.74000549316406,25122.0
2024-10-25 09:35:00+00:00,QLYS,121.57499694824219,121.57499694824219,121.57499694824219,121.57499694824219,121.57499694824219,1202.0
2024-10-25 09:35:00+00:00,QRVO,100.5199966430664,100.5199966430664,100.64199829101562,100.375,100.375,1735.0
2024-10-25 09:35:00+00:00,QUBT,1.1256999969482422,1.1256999969482422,1.1398999691009521,1.1200000047683716,1.1311999559402466,31111.0
2024-10-25 09:35:00+00:00,RCAT,2.740000009536743,2.740000009536743,2.740000009536743,2.740000009536743,2.740000009536743,645.0
2024-10-25 09:35:00+00:00,RELY,14.729999542236328,14.729999542236328,14.729999542236328,14.729999542236328,14.729999542236328,152.0
2024-10-25 09:35:00+00:00,RGTI,1.2549999952316284,1.2549999952316284,1.2599999904632568,1.2450000047683716,1.2450000047683716,39293.0
2024-10-25 09:35:00+00:00,RIOT,9.920000076293945,9.920000076293945,9.920000076293945,9.84000015258789,9.869999885559082,111865.0
2024-10-25 09:35:00+00:00,RMBS,42.754600524902344,42.754600524902344,42.754600524902344,42.61000061035156,42.61000061035156,740.0
2024-10-25 09:35:00+00:00,RPAY,7.690000057220459,7.690000057220459,7.690000057220459,7.690000057220459,7.690000057220459,0.0
2024-10-25 09:35:00+00:00,RUM,5.541299819946289,5.541299819946289,5.547500133514404,5.53000020980835,5.53000020980835,2380.0
2024-10-25 09:35:00+00:00,RUN,14.180000305175781,14.180000305175781,14.220000267028809,14.140000343322754,14.185999870300293,46338.0
2024-10-25 09:35:00+00:00,SATS,24.920000076293945,24.920000076293945,24.93000030517578,24.920000076293945,24.93000030517578,1787.0
2024-10-25 09:35:00+00:00,SCWX,8.397500038146973,8.397500038146973,8.397500038146973,8.390000343322754,8.390000343322754,1379.0
2024-10-25 09:35:00+00:00,SEDG,15.579999923706055,15.579999923706055,15.579999923706055,15.449999809265137,15.470000267028809,13320.0
2024-10-25 09:35:00+00:00,SHLS,5.159999847412109,5.159999847412109,5.159999847412109,5.159999847412109,5.159999847412109,1471.0
2024-10-25 09:35:00+00:00,SIMO,56.90409851074219,56.90409851074219,56.90409851074219,56.90409851074219,56.90409851074219,839.0
2024-10-25 09:35:00+00:00,SKYT,10.550000190734863,10.550000190734863,10.5600004196167,10.550000190734863,10.5600004196167,1669.0
2024-10-25 09:35:00+00:00,SMCI,47.02000045776367,47.02000045776367,47.06999969482422,46.810001373291016,46.849998474121094,170789.0
2024-10-25 09:35:00+00:00,SMTC,44.689998626708984,44.689998626708984,44.689998626708984,44.689998626708984,44.689998626708984,729.0
2024-10-25 09:35:00+00:00,SNPS,501.79998779296875,501.79998779296875,501.79998779296875,498.6300048828125,498.6300048828125,5408.0
2024-10-25 09:35:00+00:00,SONO,12.720000267028809,12.720000267028809,12.725000381469727,12.720000267028809,12.725000381469727,103.0
2024-10-25 09:35:00+00:00,SOUN,5.310999870300293,5.310999870300293,5.325699806213379,5.300000190734863,5.324999809265137,88111.0
2024-10-25 09:35:00+00:00,SRAD,12.34000015258789,12.34000015258789,12.34000015258789,12.34000015258789,12.34000015258789,1078.0
2024-10-25 09:35:00+00:00,SSNC,70.94000244140625,70.94000244140625,71.05000305175781,70.44499969482422,70.44499969482422,21367.0
2024-10-25 09:35:00+00:00,SSYS,7.159999847412109,7.159999847412109,7.159999847412109,7.159999847412109,7.159999847412109,669.0
2024-10-25 09:35:00+00:00,STER,16.735000610351562,16.735000610351562,16.760000228881836,16.735000610351562,16.760000228881836,2204.0
2024-10-25 09:35:00+00:00,STNE,11.279999732971191,11.279999732971191,11.300000190734863,11.279999732971191,11.300000190734863,7342.0
2024-10-25 09:35:00+00:00,STX,105.4749984741211,105.4749984741211,105.55999755859375,105.4000015258789,105.41000366210938,10946.0
2024-10-25 09:35:00+00:00,SURG,1.7599999904632568,1.7599999904632568,1.7599999904632568,1.7599999904632568,1.7599999904632568,0.0
2024-10-25 09:35:00+00:00,SVRE,0.08749999850988388,0.08749999850988388,0.08879999816417694,0.08749999850988388,0.08879999816417694,22373.0
2024-10-25 09:35:00+00:00,SWKS,96.19999694824219,96.19999694824219,96.19999694824219,96.0999984741211,96.0999984741211,1589.0
2024-10-25 09:35:00+00:00,SWVL,3.460099935531616,3.460099935531616,3.55430006980896,3.431999921798706,3.431999921798706,1438.0
2024-10-25 09:35:00+00:00,TACT,4.179999828338623,4.179999828338623,4.179999828338623,4.179999828338623,4.179999828338623,314.0
2024-10-25 09:35:00+00:00,TASK,12.020000457763672,12.020000457763672,12.0600004196167,12.020000457763672,12.039999961853027,1200.0
2024-10-25 09:35:00+00:00,TEAM,189.5,189.5,189.52999877929688,189.44000244140625,189.44000244140625,2413.0
2024-10-25 09:35:00+00:00,TENB,41.125,41.125,41.165000915527344,41.125,41.165000915527344,575.0
2024-10-25 09:35:00+00:00,TER,112.0999984741211,112.0999984741211,112.30500030517578,112.04660034179688,112.12999725341797,5012.0
2024-10-25 09:35:00+00:00,TRMB,61.130001068115234,61.130001068115234,61.130001068115234,61.029998779296875,61.040000915527344,2955.0
2024-10-25 09:35:00+00:00,TTD,119.9832992553711,119.9832992553711,120.0999984741211,119.36499786376953,119.36499786376953,15369.0
2024-10-25 09:35:00+00:00,TWKS,4.440000057220459,4.440000057220459,4.440000057220459,4.439700126647949,4.439700126647949,5100.0
2024-10-25 09:35:00+00:00,TXN,209.6999969482422,209.6999969482422,209.97000122070312,209.50999450683594,209.53500366210938,22662.0
2024-10-25 09:35:00+00:00,VECO,29.40999984741211,29.40999984741211,29.40999984741211,29.40999984741211,29.40999984741211,304.0
2024-10-25 09:35:00+00:00,VERI,3.29010009765625,3.29010009765625,3.299999952316284,3.2899999618530273,3.2920000553131104,14493.0
2024-10-25 09:35:00+00:00,VIAV,9.210000038146973,9.210000038146973,9.210000038146973,9.210000038146973,9.210000038146973,1302.0
2024-10-25 09:35:00+00:00,VMEO,4.71999979019165,4.71999979019165,4.71999979019165,4.704999923706055,4.710000038146973,6147.0
2024-10-25 09:35:00+00:00,VRNS,56.415000915527344,56.415000915527344,56.415000915527344,56.27000045776367,56.27000045776367,531.0
2024-10-25 09:35:00+00:00,VRSN,188.39999389648438,188.39999389648438,188.4600067138672,188.0,188.4600067138672,9543.0
2024-10-25 09:35:00+00:00,WALD,3.490000009536743,3.490000009536743,3.490000009536743,3.490000009536743,3.490000009536743,611.0
2024-10-25 09:35:00+00:00,WDAY,240.05499267578125,240.05499267578125,240.42999267578125,239.93499755859375,239.9499969482422,3463.0
2024-10-25 09:35:00+00:00,WDC,72.68000030517578,72.68000030517578,72.9000015258789,72.4000015258789,72.50900268554688,125484.0
2024-10-25 09:35:00+00:00,WISA,1.7599999904632568,1.7599999904632568,1.7699999809265137,1.75,1.7659000158309937,4814.0
2024-10-25 09:35:00+00:00,XRX,10.221099853515625,10.221099853515625,10.232399940490723,10.220100402832031,10.229999542236328,3452.0
2024-10-25 09:35:00+00:00,ZENV,1.3700000047683716,1.3700000047683716,1.3700000047683716,1.3600000143051147,1.3600000143051147,1451.0
2024-10-25 09:35:00+00:00,ZM,72.87000274658203,72.87000274658203,72.91999816894531,72.83499908447266,72.9000015258789,10314.0
2024-10-25 09:35:00+00:00,ZS,186.47999572753906,186.47999572753906,186.47999572753906,186.02000427246094,186.13499450683594,957.0
2024-10-25 09:36:00+00:00,AAOI,17.8799991607666,17.8799991607666,17.950000762939453,17.8799991607666,17.91010093688965,6173.0
2024-10-25 09:36:00+00:00,AAPL,230.67999267578125,230.67999267578125,231.27000427246094,230.5800018310547,231.1699981689453,185275.0
2024-10-25 09:36:00+00:00,ACIW,49.29999923706055,49.29999923706055,49.29999923706055,49.29999923706055,49.29999923706055,260.0
2024-10-25 09:36:00+00:00,ACLS,91.58999633789062,91.58999633789062,91.58999633789062,91.47000122070312,91.47000122070312,733.0
2024-10-25 09:36:00+00:00,ACMR,19.516000747680664,19.516000747680664,19.530000686645508,19.516000747680664,19.530000686645508,558.0
2024-10-25 09:36:00+00:00,ADBE,485.8467102050781,485.8467102050781,485.92999267578125,485.2731018066406,485.614990234375,9981.0
2024-10-25 09:36:00+00:00,ADI,233.08999633789062,233.08999633789062,233.36000061035156,233.02000427246094,233.3000030517578,3623.0
2024-10-25 09:36:00+00:00,AEHR,16.40999984741211,16.40999984741211,16.40999984741211,16.299999237060547,16.331899642944336,10227.0
2024-10-25 09:36:00+00:00,AFRM,41.75,41.75,41.779998779296875,41.650001525878906,41.685001373291016,24498.0
2024-10-25 09:36:00+00:00,AGYS,112.70999908447266,112.70999908447266,112.70999908447266,112.70999908447266,112.70999908447266,155.0
2024-10-25 09:36:00+00:00,AKTS,0.05829999968409538,0.05829999968409538,0.05829999968409538,0.05770000070333481,0.05829999968409538,47368.0
2024-10-25 09:36:00+00:00,ALGM,21.940000534057617,21.940000534057617,21.940000534057617,21.940000534057617,21.940000534057617,1418.0
2024-10-25 09:36:00+00:00,AMAT,186.94000244140625,186.94000244140625,187.25070190429688,186.66000366210938,187.25070190429688,11263.0
2024-10-25 09:36:00+00:00,AMD,156.71409606933594,156.71409606933594,156.86000061035156,156.54490661621094,156.5500030517578,219273.0
2024-10-25 09:36:00+00:00,AMKR,30.0,30.0,30.037500381469727,29.899999618530273,29.899999618530273,6469.0
2024-10-25 09:36:00+00:00,ANY,1.0449999570846558,1.0449999570846558,1.0449999570846558,1.0449999570846558,1.0449999570846558,14850.0
2024-10-25 09:36:00+00:00,API,2.7100000381469727,2.7100000381469727,2.7100000381469727,2.7100000381469727,2.7100000381469727,305.0
2024-10-25 09:36:00+00:00,APP,161.47000122070312,161.47000122070312,161.47000122070312,161.39999389648438,161.41000366210938,2443.0
2024-10-25 09:36:00+00:00,APPF,222.31739807128906,222.31739807128906,223.6750030517578,221.10000610351562,221.10000610351562,15530.0
2024-10-25 09:36:00+00:00,ARRY,6.199999809265137,6.199999809265137,6.224999904632568,6.199999809265137,6.224999904632568,9610.0
2024-10-25 09:36:00+00:00,ASML,718.614990234375,718.614990234375,719.0499877929688,718.3699951171875,719.0499877929688,12638.0
2024-10-25 09:36:00+00:00,AUR,6.375,6.375,6.460000038146973,6.369999885559082,6.460000038146973,40398.0
2024-10-25 09:36:00+00:00,AVDX,8.220000267028809,8.220000267028809,8.220000267028809,8.220000267028809,8.220000267028809,219.0
2024-10-25 09:36:00+00:00,AVGO,173.9586944580078,173.9586944580078,174.306396484375,173.75149536132812,174.1804962158203,101764.0
2024-10-25 09:36:00+00:00,BIGC,5.320000171661377,5.320000171661377,5.320000171661377,5.309999942779541,5.309999942779541,2859.0
2024-10-25 09:36:00+00:00,BMBL,7.309999942779541,7.309999942779541,7.324999809265137,7.309999942779541,7.324999809265137,3274.0
2024-10-25 09:36:00+00:00,BRZE,31.280000686645508,31.280000686645508,31.280000686645508,31.280000686645508,31.280000686645508,126.0
2024-10-25 09:36:00+00:00,CAN,1.0,1.0,1.0099999904632568,1.0,1.0049999952316284,2700.0
2024-10-25 09:36:00+00:00,CCSI,20.540000915527344,20.540000915527344,20.540000915527344,20.540000915527344,20.540000915527344,225.0
2024-10-25 09:36:00+00:00,CDNS,255.7100067138672,255.7100067138672,256.1400146484375,255.7100067138672,256.1400146484375,6519.0
2024-10-25 09:36:00+00:00,CETX,0.2939000129699707,0.2939000129699707,0.29589998722076416,0.2939000129699707,0.29589998722076416,6879.0
2024-10-25 09:36:00+00:00,CFLT,22.1200008392334,22.1200008392334,22.139999389648438,22.075000762939453,22.08370018005371,9226.0
2024-10-25 09:36:00+00:00,CGNX,39.03499984741211,39.03499984741211,39.06999969482422,39.0,39.06999969482422,3277.0
2024-10-25 09:36:00+00:00,CLSK,11.890000343322754,11.890000343322754,11.919899940490723,11.859199523925781,11.875,92334.0
2024-10-25 09:36:00+00:00,CMTL,3.6700000762939453,3.6700000762939453,3.6700000762939453,3.6700000762939453,3.6700000762939453,442.0
2024-10-25 09:36:00+00:00,CNDT,3.700000047683716,3.700000047683716,3.700000047683716,3.700000047683716,3.700000047683716,1360.0
2024-10-25 09:36:00+00:00,CNXC,45.79499816894531,45.79499816894531,45.79499816894531,45.79499816894531,45.79499816894531,2408.0
2024-10-25 09:36:00+00:00,COHR,97.13999938964844,97.13999938964844,97.31999969482422,97.13999938964844,97.27999877929688,810.0
2024-10-25 09:36:00+00:00,COHU,25.690000534057617,25.690000534057617,25.690000534057617,25.690000534057617,25.690000534057617,701.0
2024-10-25 09:36:00+00:00,COIN,207.8800048828125,207.8800048828125,208.1199951171875,207.0,207.08999633789062,35997.0
2024-10-25 09:36:00+00:00,COMM,6.420000076293945,6.420000076293945,6.420000076293945,6.409999847412109,6.409999847412109,2653.0
2024-10-25 09:36:00+00:00,CORZ,13.774999618530273,13.774999618530273,13.789999961853027,13.75,13.75,12867.0
2024-10-25 09:36:00+00:00,CORZW,8.199999809265137,8.199999809265137,8.199999809265137,8.199999809265137,8.199999809265137,0.0
2024-10-25 09:36:00+00:00,CRDO,39.79499816894531,39.79499816894531,39.85100173950195,39.775001525878906,39.779998779296875,2570.0
2024-10-25 09:36:00+00:00,CREX,4.369999885559082,4.369999885559082,4.369999885559082,4.369999885559082,4.369999885559082,315.0
2024-10-25 09:36:00+00:00,CRWD,308.3500061035156,308.3500061035156,308.57000732421875,308.160888671875,308.385009765625,6397.0
2024-10-25 09:36:00+00:00,CSCO,56.40660095214844,56.40660095214844,56.43000030517578,56.369998931884766,56.369998931884766,19615.0
2024-10-25 09:36:00+00:00,CSGS,48.31999969482422,48.31999969482422,48.31999969482422,48.31999969482422,48.31999969482422,295.0
2024-10-25 09:36:00+00:00,CSIQ,12.850000381469727,12.850000381469727,12.879899978637695,12.842499732971191,12.869999885559082,9792.0
2024-10-25 09:36:00+00:00,CTSH,75.44000244140625,75.44000244140625,75.44000244140625,75.29000091552734,75.29000091552734,2294.0
2024-10-25 09:36:00+00:00,DAKT,13.300000190734863,13.300000190734863,13.300000190734863,13.300000190734863,13.300000190734863,254.0
2024-10-25 09:36:00+00:00,DAVE,40.2599983215332,40.2599983215332,40.2599983215332,40.2599983215332,40.2599983215332,538.0
2024-10-25 09:36:00+00:00,DBX,26.100000381469727,26.100000381469727,26.1299991607666,26.100000381469727,26.100000381469727,4447.0
2024-10-25 09:36:00+00:00,DCBO,46.0099983215332,46.0099983215332,46.0099983215332,46.0099983215332,46.0099983215332,0.0
2024-10-25 09:36:00+00:00,DDOG,126.37000274658203,126.37000274658203,126.42990112304688,126.32499694824219,126.33000183105469,5032.0
2024-10-25 09:36:00+00:00,DIOD,65.49500274658203,65.49500274658203,65.49500274658203,65.49500274658203,65.49500274658203,660.0
2024-10-25 09:36:00+00:00,DLO,8.75,8.75,8.75,8.75,8.75,394.0
2024-10-25 09:36:00+00:00,DOCU,70.6500015258789,70.6500015258789,70.8499984741211,70.6500015258789,70.83499908447266,2197.0
2024-10-25 09:36:00+00:00,EGAN,4.889999866485596,4.889999866485596,4.889999866485596,4.889999866485596,4.889999866485596,163.0
2024-10-25 09:36:00+00:00,ENPH,80.44989776611328,80.44989776611328,80.44989776611328,80.05000305175781,80.33999633789062,28992.0
2024-10-25 09:36:00+00:00,ERIC,8.510000228881836,8.510000228881836,8.515999794006348,8.510000228881836,8.510000228881836,42300.0
2024-10-25 09:36:00+00:00,EXLS,39.19499969482422,39.19499969482422,39.19499969482422,39.19499969482422,39.19499969482422,219.0
2024-10-25 09:36:00+00:00,FCUV,0.24140000343322754,0.24140000343322754,0.24140000343322754,0.24140000343322754,0.24140000343322754,740.0
2024-10-25 09:36:00+00:00,FLEX,35.22999954223633,35.22999954223633,35.310001373291016,35.189998626708984,35.310001373291016,2838.0
2024-10-25 09:36:00+00:00,FLYW,17.610000610351562,17.610000610351562,17.81999969482422,17.610000610351562,17.66469955444336,2902.0
2024-10-25 09:36:00+00:00,FORM,44.81999969482422,44.81999969482422,44.83000183105469,44.81999969482422,44.83000183105469,1301.0
2024-10-25 09:36:00+00:00,FRGT,1.929900050163269,1.929900050163269,1.929900050163269,1.9049999713897705,1.9049999713897705,3275.0
2024-10-25 09:36:00+00:00,FROG,29.40999984741211,29.40999984741211,29.40999984741211,29.399999618530273,29.399999618530273,1591.0
2024-10-25 09:36:00+00:00,FRSH,11.71500015258789,11.71500015258789,11.729999542236328,11.699999809265137,11.699999809265137,13175.0
2024-10-25 09:36:00+00:00,FSLR,196.2449951171875,196.2449951171875,196.3800048828125,195.81399536132812,195.84500122070312,11029.0
2024-10-25 09:36:00+00:00,FTCI,0.708299994468689,0.708299994468689,0.708299994468689,0.7001000046730042,0.7001000046730042,900.0
2024-10-25 09:36:00+00:00,FTNT,81.19000244140625,81.19000244140625,81.26090240478516,81.18000030517578,81.20449829101562,5099.0
2024-10-25 09:36:00+00:00,GCT,25.920000076293945,25.920000076293945,25.96269989013672,25.809999465942383,25.809999465942383,1275.0
2024-10-25 09:36:00+00:00,GDS,21.540000915527344,21.540000915527344,21.55500030517578,21.489999771118164,21.489999771118164,3341.0
2024-10-25 09:36:00+00:00,GFS,40.59000015258789,40.59000015258789,40.599998474121094,40.47999954223633,40.595001220703125,4570.0
2024-10-25 09:36:00+00:00,GNSS,3.819999933242798,3.819999933242798,3.819999933242798,3.819999933242798,3.819999933242798,1010.0
2024-10-25 09:36:00+00:00,GRAB,4.114999771118164,4.114999771118164,4.119999885559082,4.1097002029418945,4.114999771118164,108065.0
2024-10-25 09:36:00+00:00,GRRR,4.78000020980835,4.78000020980835,4.78000020980835,4.755199909210205,4.755199909210205,1401.0
2024-10-25 09:36:00+00:00,GSIT,3.251800060272217,3.251800060272217,3.251800060272217,3.251800060272217,3.251800060272217,450.0
2024-10-25 09:36:00+00:00,GTLB,56.290000915527344,56.290000915527344,56.290000915527344,56.15999984741211,56.15999984741211,979.0
2024-10-25 09:36:00+00:00,HCP,33.689998626708984,33.689998626708984,33.689998626708984,33.689998626708984,33.689998626708984,1067.0
2024-10-25 09:36:00+00:00,HIMX,6.199999809265137,6.199999809265137,6.199999809265137,6.199999809265137,6.199999809265137,1503.0
2024-10-25 09:36:00+00:00,HLIT,14.75,14.75,14.75,14.739999771118164,14.75,3601.0
2024-10-25 09:36:00+00:00,HOLO,3.990000009536743,3.990000009536743,4.0,3.950000047683716,3.9670000076293945,36378.0
2024-10-25 09:36:00+00:00,HOOD,27.125999450683594,27.125999450683594,27.19499969482422,27.100000381469727,27.149999618530273,35644.0
2024-10-25 09:36:00+00:00,ICHR,27.405000686645508,27.405000686645508,27.5,27.405000686645508,27.5,537.0
2024-10-25 09:36:00+00:00,IMMR,8.600700378417969,8.600700378417969,8.600700378417969,8.600700378417969,8.600700378417969,1361.0
2024-10-25 09:36:00+00:00,IMTE,1.656599998474121,1.656599998474121,1.656599998474121,1.649999976158142,1.649999976158142,892.0
2024-10-25 09:36:00+00:00,IMXI,17.770000457763672,17.770000457763672,17.770000457763672,17.770000457763672,17.770000457763672,1605.0
2024-10-25 09:36:00+00:00,INDI,3.484999895095825,3.484999895095825,3.490000009536743,3.4800000190734863,3.4800000190734863,4630.0
2024-10-25 09:36:00+00:00,INFN,6.824999809265137,6.824999809265137,6.829999923706055,6.824999809265137,6.829999923706055,5717.0
2024-10-25 09:36:00+00:00,INOD,19.6200008392334,19.6200008392334,19.707599639892578,19.6200008392334,19.707599639892578,3282.0
2024-10-25 09:36:00+00:00,INTA,49.939998626708984,49.939998626708984,49.939998626708984,49.939998626708984,49.939998626708984,692.0
2024-10-25 09:36:00+00:00,INTC,22.66010093688965,22.66010093688965,22.679899215698242,22.6200008392334,22.665000915527344,268759.0
2024-10-25 09:36:00+00:00,INTU,610.0800170898438,610.0800170898438,610.5399780273438,610.0800170898438,610.4849853515625,3153.0
2024-10-25 09:36:00+00:00,ITI,7.190000057220459,7.190000057220459,7.190000057220459,7.190000057220459,7.190000057220459,167.0
2024-10-25 09:36:00+00:00,ITRI,102.86000061035156,102.86000061035156,102.86000061035156,102.86000061035156,102.86000061035156,373.0
2024-10-25 09:36:00+00:00,JFU,1.649999976158142,1.649999976158142,1.649999976158142,1.649999976158142,1.649999976158142,0.0
2024-10-25 09:36:00+00:00,KC,2.6700000762939453,2.6700000762939453,2.6700000762939453,2.6649999618530273,2.6649999618530273,4541.0
2024-10-25 09:36:00+00:00,KLAC,674.375,674.375,675.3699951171875,674.375,674.89501953125,1597.0
2024-10-25 09:36:00+00:00,KLIC,44.09000015258789,44.09000015258789,44.09000015258789,43.91999816894531,43.9900016784668,1424.0
2024-10-25 09:36:00+00:00,KOPN,0.7749999761581421,0.7749999761581421,0.7749999761581421,0.7749999761581421,0.7749999761581421,3522.0
2024-10-25 09:36:00+00:00,LITE,64.56999969482422,64.56999969482422,64.7300033569336,64.56999969482422,64.70999908447266,1481.0
2024-10-25 09:36:00+00:00,LOGI,81.13999938964844,81.13999938964844,81.16999816894531,81.13999938964844,81.16999816894531,13107.0
2024-10-25 09:36:00+00:00,LPSN,1.2050000429153442,1.2050000429153442,1.2206000089645386,1.2050000429153442,1.2206000089645386,44818.0
2024-10-25 09:36:00+00:00,LRCX,77.69999694824219,77.69999694824219,77.8198013305664,77.52010345458984,77.79000091552734,33505.0
2024-10-25 09:36:00+00:00,LSCC,54.529998779296875,54.529998779296875,54.82500076293945,54.529998779296875,54.82500076293945,1459.0
2024-10-25 09:36:00+00:00,LYFT,13.680000305175781,13.680000305175781,13.680000305175781,13.649999618530273,13.65999984741211,19863.0
2024-10-25 09:36:00+00:00,MANH,275.19000244140625,275.19000244140625,275.30999755859375,275.1199951171875,275.30999755859375,1098.0
2024-10-25 09:36:00+00:00,MAXN,5.449999809265137,5.449999809265137,5.480000019073486,5.449999809265137,5.480000019073486,297.0
2024-10-25 09:36:00+00:00,MCHP,76.79000091552734,76.79000091552734,76.79000091552734,76.66000366210938,76.76000213623047,9433.0
2024-10-25 09:36:00+00:00,MDB,267.0,267.0,267.7499084472656,267.0,267.7499084472656,2105.0
2024-10-25 09:36:00+00:00,MGIC,11.055000305175781,11.055000305175781,11.055000305175781,11.055000305175781,11.055000305175781,124.0
2024-10-25 09:36:00+00:00,MIND,3.4900999069213867,3.4900999069213867,3.4900999069213867,3.4900999069213867,3.4900999069213867,0.0
2024-10-25 09:36:00+00:00,MKSI,100.33000183105469,100.33000183105469,100.68000030517578,100.33000183105469,100.66500091552734,1423.0
2024-10-25 09:36:00+00:00,MNDY,300.29998779296875,300.29998779296875,300.6099853515625,300.29998779296875,300.5,1510.0
2024-10-25 09:36:00+00:00,MQ,5.304999828338623,5.304999828338623,5.304999828338623,5.304999828338623,5.304999828338623,1937.0
2024-10-25 09:36:00+00:00,MRVL,82.46499633789062,82.46499633789062,82.69999694824219,82.33000183105469,82.66000366210938,50581.0
2024-10-25 09:36:00+00:00,MSFT,428.44500732421875,428.44500732421875,428.739990234375,428.30999755859375,428.7099914550781,50435.0
2024-10-25 09:36:00+00:00,MSTR,233.7100067138672,233.7100067138672,234.22999572753906,232.92999267578125,233.32000732421875,96408.0
2024-10-25 09:36:00+00:00,MTC,0.37700000405311584,0.37700000405311584,0.37700000405311584,0.37209999561309814,0.37209999561309814,26435.0
2024-10-25 09:36:00+00:00,MTLS,6.070199966430664,6.070199966430664,6.070199966430664,6.070199966430664,6.070199966430664,2494.0
2024-10-25 09:36:00+00:00,MTTR,4.650300025939941,4.650300025939941,4.650300025939941,4.650300025939941,4.650300025939941,329.0
2024-10-25 09:36:00+00:00,MU,108.56990051269531,108.56990051269531,108.7300033569336,108.4000015258789,108.66999816894531,30901.0
2024-10-25 09:36:00+00:00,MVIS,1.1050000190734863,1.1050000190734863,1.1050000190734863,1.1050000190734863,1.1050000190734863,769.0
2024-10-25 09:36:00+00:00,MXL,14.649999618530273,14.649999618530273,14.739999771118164,14.513099670410156,14.739999771118164,13750.0
2024-10-25 09:36:00+00:00,NCNO,38.2400016784668,38.2400016784668,38.2400016784668,38.220001220703125,38.220001220703125,638.0
2024-10-25 09:36:00+00:00,NEON,8.039999961853027,8.039999961853027,8.039999961853027,8.029999732971191,8.029999732971191,708.0
2024-10-25 09:36:00+00:00,NICE,177.73599243164062,177.73599243164062,177.96499633789062,177.3699951171875,177.96499633789062,1136.0
2024-10-25 09:36:00+00:00,NNDM,2.3301000595092773,2.3301000595092773,2.3350000381469727,2.3301000595092773,2.3350000381469727,224.0
2024-10-25 09:36:00+00:00,NTAP,120.33499908447266,120.33499908447266,120.4000015258789,120.33499908447266,120.4000015258789,1071.0
2024-10-25 09:36:00+00:00,NTGR,20.309999465942383,20.309999465942383,20.309999465942383,20.309999465942383,20.309999465942383,837.0
2024-10-25 09:36:00+00:00,NTNX,62.43000030517578,62.43000030517578,62.43000030517578,62.349998474121094,62.349998474121094,1397.0
2024-10-25 09:36:00+00:00,NVDA,142.44970703125,142.44970703125,142.71499633789062,142.08999633789062,142.63999938964844,1690371.0
2024-10-25 09:36:00+00:00,NVEI,33.564998626708984,33.564998626708984,33.564998626708984,33.564998626708984,33.564998626708984,243.0
2024-10-25 09:36:00+00:00,NVTS,2.5225000381469727,2.5225000381469727,2.5250000953674316,2.5225000381469727,2.5250000953674316,2523.0
2024-10-25 09:36:00+00:00,NXPI,243.38999938964844,243.38999938964844,244.25250244140625,243.30999755859375,243.57000732421875,25035.0
2024-10-25 09:36:00+00:00,OKTA,72.3949966430664,72.3949966430664,72.3949966430664,72.37000274658203,72.37000274658203,1578.0
2024-10-25 09:36:00+00:00,ON,71.2699966430664,71.2699966430664,71.2699966430664,71.15499877929688,71.22000122070312,16110.0
2024-10-25 09:36:00+00:00,OSIS,139.08270263671875,139.08270263671875,139.08270263671875,139.08270263671875,139.08270263671875,2837.0
2024-10-25 09:36:00+00:00,OSPN,14.619999885559082,14.619999885559082,14.619999885559082,14.619999885559082,14.619999885559082,289.0
2024-10-25 09:36:00+00:00,OTEX,33.58000183105469,33.58000183105469,33.584999084472656,33.58000183105469,33.584999084472656,224.0
2024-10-25 09:36:00+00:00,PANW,367.8599853515625,367.8599853515625,368.1600036621094,367.5400085449219,368.1600036621094,3211.0
2024-10-25 09:36:00+00:00,PAYO,8.390000343322754,8.390000343322754,8.390000343322754,8.390000343322754,8.390000343322754,963.0
2024-10-25 09:36:00+00:00,PEGA,81.99970245361328,81.99970245361328,82.21600341796875,81.88999938964844,82.07499694824219,8120.0
2024-10-25 09:36:00+00:00,PEGY,4.589300155639648,4.589300155639648,4.589300155639648,4.5879998207092285,4.5879998207092285,2414.0
2024-10-25 09:36:00+00:00,PGY,11.869999885559082,11.869999885559082,11.880000114440918,11.84000015258789,11.84000015258789,935.0
2024-10-25 09:36:00+00:00,PHUN,9.300000190734863,9.300000190734863,9.4399995803833,9.25,9.40999984741211,173485.0
2024-10-25 09:36:00+00:00,PI,190.49249267578125,190.49249267578125,191.64500427246094,190.22000122070312,190.60000610351562,5352.0
2024-10-25 09:36:00+00:00,PLXS,146.0800018310547,146.0800018310547,146.0800018310547,146.0800018310547,146.0800018310547,235.0
2024-10-25 09:36:00+00:00,POET,4.045000076293945,4.045000076293945,4.073299884796143,4.045000076293945,4.073299884796143,4377.0
2024-10-25 09:36:00+00:00,PRGS,64.91000366210938,64.91000366210938,65.15499877929688,64.91000366210938,64.97000122070312,1664.0
2024-10-25 09:36:00+00:00,PUBM,15.0600004196167,15.0600004196167,15.0600004196167,15.0600004196167,15.0600004196167,175.0
2024-10-25 09:36:00+00:00,PYCR,14.348699569702148,14.348699569702148,14.380000114440918,14.348699569702148,14.380000114440918,428.0
2024-10-25 09:36:00+00:00,QCOM,171.16000366210938,171.16000366210938,171.17999267578125,170.97999572753906,171.1739959716797,16470.0
2024-10-25 09:36:00+00:00,QLYS,121.5250015258789,121.5250015258789,121.5250015258789,121.5250015258789,121.5250015258789,203.0
2024-10-25 09:36:00+00:00,QRVO,100.41500091552734,100.41500091552734,100.5199966430664,100.41500091552734,100.5199966430664,1451.0
2024-10-25 09:36:00+00:00,QUBT,1.125,1.125,1.125,1.1200000047683716,1.1200000047683716,1420.0
2024-10-25 09:36:00+00:00,RCAT,2.734999895095825,2.734999895095825,2.734999895095825,2.734999895095825,2.734999895095825,600.0
2024-10-25 09:36:00+00:00,RELY,14.729999542236328,14.729999542236328,14.729999542236328,14.675000190734863,14.675000190734863,951.0
2024-10-25 09:36:00+00:00,RGTI,1.2599999904632568,1.2599999904632568,1.2599999904632568,1.250100016593933,1.252500057220459,22063.0
2024-10-25 09:36:00+00:00,RIOT,9.890000343322754,9.890000343322754,9.920000076293945,9.890000343322754,9.907500267028809,158036.0
2024-10-25 09:36:00+00:00,RMBS,42.70500183105469,42.70500183105469,42.70500183105469,42.619998931884766,42.619998931884766,1240.0
2024-10-25 09:36:00+00:00,RPD,39.11000061035156,39.11000061035156,39.11000061035156,39.11000061035156,39.11000061035156,218.0
2024-10-25 09:36:00+00:00,RSSS,2.5899999141693115,2.5899999141693115,2.5899999141693115,2.5899999141693115,2.5899999141693115,1500.0
2024-10-25 09:36:00+00:00,RUM,5.550000190734863,5.550000190734863,5.562699794769287,5.539999961853027,5.539999961853027,7424.0
2024-10-25 09:36:00+00:00,RUN,14.170000076293945,14.170000076293945,14.210000038146973,14.170000076293945,14.1899995803833,9691.0
2024-10-25 09:36:00+00:00,SCKT,1.190000057220459,1.190000057220459,1.190000057220459,1.190000057220459,1.190000057220459,347.0
2024-10-25 09:36:00+00:00,SCSC,45.474998474121094,45.474998474121094,45.5,45.470001220703125,45.5,1322.0
2024-10-25 09:36:00+00:00,SCWX,8.399999618530273,8.399999618530273,8.399999618530273,8.399999618530273,8.399999618530273,704.0
2024-10-25 09:36:00+00:00,SEDG,15.529999732971191,15.529999732971191,15.550000190734863,15.5,15.530900001525879,10011.0
2024-10-25 09:36:00+00:00,SHLS,5.171199798583984,5.171199798583984,5.175000190734863,5.159999847412109,5.159999847412109,6815.0
2024-10-25 09:36:00+00:00,SKYT,10.578300476074219,10.578300476074219,10.578300476074219,10.578300476074219,10.578300476074219,655.0
2024-10-25 09:36:00+00:00,SLNHP,11.5,11.5,11.5,11.5,11.5,0.0
2024-10-25 09:36:00+00:00,SMCI,47.14659881591797,47.14659881591797,47.29999923706055,46.980201721191406,46.9900016784668,298667.0
2024-10-25 09:36:00+00:00,SMTC,44.763999938964844,44.763999938964844,44.763999938964844,44.763999938964844,44.763999938964844,289.0
2024-10-25 09:36:00+00:00,SNPS,502.5,502.5,502.5,502.5,502.5,1120.0
2024-10-25 09:36:00+00:00,SONO,12.720000267028809,12.720000267028809,12.720000267028809,12.720000267028809,12.720000267028809,755.0
2024-10-25 09:36:00+00:00,SOPA,0.9900000095367432,0.9900000095367432,0.9900000095367432,0.9900000095367432,0.9900000095367432,1284.0
2024-10-25 09:36:00+00:00,SOUN,5.283999919891357,5.283999919891357,5.319799900054932,5.28000020980835,5.309999942779541,68820.0
2024-10-25 09:36:00+00:00,SPSC,189.1999969482422,189.1999969482422,189.1999969482422,189.1999969482422,189.1999969482422,844.0
2024-10-25 09:36:00+00:00,SSNC,71.15499877929688,71.15499877929688,71.15499877929688,71.01000213623047,71.01000213623047,3931.0
2024-10-25 09:36:00+00:00,SSYS,7.171999931335449,7.171999931335449,7.171999931335449,7.171999931335449,7.171999931335449,1384.0
2024-10-25 09:36:00+00:00,STER,16.7450008392334,16.7450008392334,16.75,16.729999542236328,16.729999542236328,5165.0
2024-10-25 09:36:00+00:00,STNE,11.289999961853027,11.289999961853027,11.295000076293945,11.279999732971191,11.28499984741211,11724.0
2024-10-25 09:36:00+00:00,STX,105.3499984741211,105.3499984741211,105.45549774169922,105.30999755859375,105.45469665527344,2180.0
2024-10-25 09:36:00+00:00,SURG,1.7200000286102295,1.7200000286102295,1.7200000286102295,1.7100000381469727,1.7200000286102295,3589.0
2024-10-25 09:36:00+00:00,SVRE,0.08810000121593475,0.08810000121593475,0.08810000121593475,0.08749999850988388,0.08749999850988388,3720.0
2024-10-25 09:36:00+00:00,SWKS,96.0999984741211,96.0999984741211,96.19999694824219,96.04000091552734,96.1449966430664,4154.0
2024-10-25 09:36:00+00:00,SWVL,3.431999921798706,3.431999921798706,3.440000057220459,3.431999921798706,3.440000057220459,756.0
2024-10-25 09:36:00+00:00,SYTA,1.149999976158142,1.149999976158142,1.149999976158142,1.149999976158142,1.149999976158142,300.0
2024-10-25 09:36:00+00:00,TASK,12.010000228881836,12.010000228881836,12.050000190734863,12.010000228881836,12.039999961853027,2932.0
2024-10-25 09:36:00+00:00,TEAM,189.7100067138672,189.7100067138672,190.22000122070312,189.41409301757812,189.44000244140625,5110.0
2024-10-25 09:36:00+00:00,TENB,41.16999816894531,41.16999816894531,41.16999816894531,41.16999816894531,41.16999816894531,42.0
2024-10-25 09:36:00+00:00,TER,111.64749908447266,111.64749908447266,112.0250015258789,111.5302963256836,112.00749969482422,7032.0
2024-10-25 09:36:00+00:00,TGL,0.6919999718666077,0.6919999718666077,0.6919999718666077,0.6919999718666077,0.6919999718666077,762.0
2024-10-25 09:36:00+00:00,TRMB,61.099998474121094,61.099998474121094,61.125,61.099998474121094,61.125,451.0
2024-10-25 09:36:00+00:00,TSEM,44.25,44.25,44.25,44.25,44.25,768.0
2024-10-25 09:36:00+00:00,TTD,120.41999816894531,120.41999816894531,120.44999694824219,120.11000061035156,120.23989868164062,5966.0
2024-10-25 09:36:00+00:00,TTEC,5.440000057220459,5.440000057220459,5.440000057220459,5.440000057220459,5.440000057220459,402.0
2024-10-25 09:36:00+00:00,TWKS,4.440000057220459,4.440000057220459,4.440000057220459,4.429999828338623,4.440000057220459,11193.0
2024-10-25 09:36:00+00:00,TXN,208.99000549316406,208.99000549316406,209.5399932861328,208.94000244140625,209.5399932861328,29767.0
2024-10-25 09:36:00+00:00,UCTT,35.72999954223633,35.72999954223633,35.72999954223633,35.5099983215332,35.630001068115234,4589.0
2024-10-25 09:36:00+00:00,VECO,29.469999313354492,29.469999313354492,29.469999313354492,29.424999237060547,29.424999237060547,1822.0
2024-10-25 09:36:00+00:00,VERI,3.3399999141693115,3.3399999141693115,3.3399999141693115,3.301300048828125,3.301300048828125,3149.0
2024-10-25 09:36:00+00:00,VNET,3.4149999618530273,3.4149999618530273,3.4149999618530273,3.4149999618530273,3.4149999618530273,400.0
2024-10-25 09:36:00+00:00,VOXX,7.599999904632568,7.599999904632568,7.599999904632568,7.599999904632568,7.599999904632568,635.0
2024-10-25 09:36:00+00:00,VRAR,0.7350000143051147,0.7350000143051147,0.7350000143051147,0.7350000143051147,0.7350000143051147,784.0
2024-10-25 09:36:00+00:00,VRNT,22.045000076293945,22.045000076293945,22.090200424194336,22.045000076293945,22.090200424194336,726.0
2024-10-25 09:36:00+00:00,VRSN,189.15499877929688,189.15499877929688,189.25,189.0,189.0,5684.0
2024-10-25 09:36:00+00:00,VSAT,10.319999694824219,10.319999694824219,10.319999694824219,10.319999694824219,10.319999694824219,287.0
2024-10-25 09:36:00+00:00,VUZI,1.3350000381469727,1.3350000381469727,1.340000033378601,1.3350000381469727,1.340000033378601,1660.0
2024-10-25 09:36:00+00:00,VVPR,0.7599999904632568,0.7599999904632568,0.7799999713897705,0.7599999904632568,0.7799999713897705,43941.0
2024-10-25 09:36:00+00:00,WDAY,240.58990478515625,240.58990478515625,240.58990478515625,240.14999389648438,240.14999389648438,595.0
2024-10-25 09:36:00+00:00,WDC,72.43499755859375,72.43499755859375,72.6500015258789,72.0999984741211,72.63999938964844,160712.0
2024-10-25 09:36:00+00:00,WISA,1.7580000162124634,1.7580000162124634,1.7799999713897705,1.7580000162124634,1.7698999643325806,5994.0
2024-10-25 09:36:00+00:00,WRAP,1.899999976158142,1.899999976158142,1.899999976158142,1.899999976158142,1.899999976158142,586.0
2024-10-25 09:36:00+00:00,ZI,10.460000038146973,10.460000038146973,10.460000038146973,10.460000038146973,10.460000038146973,517.0
2024-10-25 09:36:00+00:00,ZM,72.75,72.75,72.93000030517578,72.75,72.93000030517578,12807.0
2024-10-25 09:36:00+00:00,ZS,186.5,186.5,186.5,186.5,186.5,2607.0
2024-10-25 09:37:00+00:00,AAOI,17.799999237060547,17.799999237060547,17.889999389648438,17.790000915527344,17.850000381469727,9284.0
2024-10-25 09:37:00+00:00,AAPL,231.0500030517578,231.0500030517578,231.11000061035156,230.52000427246094,230.6999969482422,157301.0
2024-10-25 09:37:00+00:00,ACLS,91.2699966430664,91.2699966430664,91.6500015258789,91.2699966430664,91.55500030517578,6711.0
2024-10-25 09:37:00+00:00,ACMR,19.530000686645508,19.530000686645508,19.539899826049805,19.530000686645508,19.539899826049805,1831.0
2024-10-25 09:37:00+00:00,ADBE,486.3599853515625,486.3599853515625,486.3599853515625,485.2099914550781,485.239990234375,6182.0
2024-10-25 09:37:00+00:00,ADI,233.14500427246094,233.14500427246094,233.14500427246094,233.10499572753906,233.10499572753906,1304.0
2024-10-25 09:37:00+00:00,ADSK,288.3949890136719,288.3949890136719,288.5249938964844,288.3949890136719,288.4490051269531,1057.0
2024-10-25 09:37:00+00:00,AEHR,16.350000381469727,16.350000381469727,16.469999313354492,16.320499420166016,16.395000457763672,15059.0
2024-10-25 09:37:00+00:00,AFRM,41.709999084472656,41.709999084472656,41.790000915527344,41.70000076293945,41.77939987182617,25309.0
2024-10-25 09:37:00+00:00,AKTS,0.05900000035762787,0.05900000035762787,0.05900000035762787,0.05770000070333481,0.05770000070333481,40215.0
2024-10-25 09:37:00+00:00,ALGM,21.954999923706055,21.954999923706055,21.969999313354492,21.954999923706055,21.969999313354492,1604.0
2024-10-25 09:37:00+00:00,ALKT,38.20000076293945,38.20000076293945,38.20000076293945,38.20000076293945,38.20000076293945,396.0
2024-10-25 09:37:00+00:00,ALTR,105.28500366210938,105.28500366210938,105.28500366210938,104.86000061035156,104.99500274658203,1921.0
2024-10-25 09:37:00+00:00,AMAT,186.6300048828125,186.6300048828125,186.83999633789062,186.6300048828125,186.83999633789062,6003.0
2024-10-25 09:37:00+00:00,AMD,156.7050018310547,156.7050018310547,156.77000427246094,156.4705047607422,156.75999450683594,187176.0
2024-10-25 09:37:00+00:00,AMKR,29.950000762939453,29.950000762939453,29.969999313354492,29.950000762939453,29.969999313354492,620.0
2024-10-25 09:37:00+00:00,AMPL,9.130000114440918,9.130000114440918,9.140000343322754,9.130000114440918,9.140000343322754,1960.0
2024-10-25 09:37:00+00:00,ANSS,324.0,324.0,324.0,324.0,324.0,786.0
2024-10-25 09:37:00+00:00,ANY,1.059999942779541,1.059999942779541,1.059999942779541,1.0497000217437744,1.0497000217437744,5874.0
2024-10-25 09:37:00+00:00,APP,161.26499938964844,161.26499938964844,161.39999389648438,161.26499938964844,161.39999389648438,4359.0
2024-10-25 09:37:00+00:00,APPF,224.55130004882812,224.55130004882812,224.98989868164062,222.48500061035156,224.98989868164062,5564.0
2024-10-25 09:37:00+00:00,APPN,32.470001220703125,32.470001220703125,32.470001220703125,32.470001220703125,32.470001220703125,297.0
2024-10-25 09:37:00+00:00,ARQQ,7.678199768066406,7.678199768066406,7.885000228881836,7.520899772644043,7.885000228881836,12611.0
2024-10-25 09:37:00+00:00,ARRY,6.184999942779541,6.184999942779541,6.210000038146973,6.179999828338623,6.204999923706055,19453.0
2024-10-25 09:37:00+00:00,ASML,718.0399780273438,718.0399780273438,718.719970703125,718.0399780273438,718.3800048828125,4717.0
2024-10-25 09:37:00+00:00,ASNS,1.3640999794006348,1.3640999794006348,1.3640999794006348,1.3640999794006348,1.3640999794006348,778.0
2024-10-25 09:37:00+00:00,ATOM,3.3034000396728516,3.3034000396728516,3.3034000396728516,3.3034000396728516,3.3034000396728516,680.0
2024-10-25 09:37:00+00:00,AUR,6.375999927520752,6.375999927520752,6.389999866485596,6.372499942779541,6.372499942779541,8267.0
2024-10-25 09:37:00+00:00,AVGO,173.77999877929688,173.77999877929688,174.00999450683594,173.7100067138672,173.88009643554688,50261.0
2024-10-25 09:37:00+00:00,BCOV,2.25,2.25,2.25,2.244999885559082,2.244999885559082,900.0
2024-10-25 09:37:00+00:00,BIGC,5.320000171661377,5.320000171661377,5.328700065612793,5.320000171661377,5.324999809265137,526.0
2024-10-25 09:37:00+00:00,BL,57.445701599121094,57.445701599121094,57.445701599121094,57.445701599121094,57.445701599121094,2037.0
2024-10-25 09:37:00+00:00,BLKB,86.29499816894531,86.29499816894531,86.29499816894531,86.29499816894531,86.29499816894531,103.0
2024-10-25 09:37:00+00:00,BMBL,7.309999942779541,7.309999942779541,7.320000171661377,7.309999942779541,7.320000171661377,838.0
2024-10-25 09:37:00+00:00,BRZE,31.22100067138672,31.22100067138672,31.22100067138672,31.22100067138672,31.22100067138672,723.0
2024-10-25 09:37:00+00:00,CAN,1.0,1.0,1.0099999904632568,1.0,1.0,3345.0
2024-10-25 09:37:00+00:00,CDNS,255.7100067138672,255.7100067138672,255.8000030517578,255.5,255.75,6046.0
2024-10-25 09:37:00+00:00,CETX,0.29420000314712524,0.29420000314712524,0.2955000102519989,0.29420000314712524,0.2955000102519989,11629.0
2024-10-25 09:37:00+00:00,CEVA,23.940000534057617,23.940000534057617,23.940000534057617,23.940000534057617,23.940000534057617,193.0
2024-10-25 09:37:00+00:00,CFLT,22.128599166870117,22.128599166870117,22.149999618530273,22.114999771118164,22.1299991607666,8777.0
2024-10-25 09:37:00+00:00,CGNT,6.684999942779541,6.684999942779541,6.684999942779541,6.684999942779541,6.684999942779541,113.0
2024-10-25 09:37:00+00:00,CGNX,39.03499984741211,39.03499984741211,39.03499984741211,39.03499984741211,39.03499984741211,82.0
2024-10-25 09:37:00+00:00,CLSK,11.880000114440918,11.880000114440918,11.90999984741211,11.84000015258789,11.894000053405762,67065.0
2024-10-25 09:37:00+00:00,CNDT,3.690000057220459,3.690000057220459,3.690000057220459,3.690000057220459,3.690000057220459,269.0
2024-10-25 09:37:00+00:00,COHR,97.3499984741211,97.3499984741211,97.3499984741211,96.73999786376953,97.02999877929688,5677.0
2024-10-25 09:37:00+00:00,COIN,208.24009704589844,208.24009704589844,208.3199005126953,207.75070190429688,208.07000732421875,30988.0
2024-10-25 09:37:00+00:00,COMM,6.429999828338623,6.429999828338623,6.437900066375732,6.429999828338623,6.437900066375732,1304.0
2024-10-25 09:37:00+00:00,CORZ,13.734999656677246,13.734999656677246,13.779999732971191,13.734999656677246,13.774999618530273,6023.0
2024-10-25 09:37:00+00:00,CORZW,8.190699577331543,8.190699577331543,8.190699577331543,8.190699577331543,8.190699577331543,916.0
2024-10-25 09:37:00+00:00,CRDO,39.849998474121094,39.849998474121094,39.849998474121094,39.8317985534668,39.8317985534668,527.0
2024-10-25 09:37:00+00:00,CRNC,2.815000057220459,2.815000057220459,2.815000057220459,2.809999942779541,2.809999942779541,1950.0
2024-10-25 09:37:00+00:00,CRNT,2.4800000190734863,2.4800000190734863,2.4800000190734863,2.4800000190734863,2.4800000190734863,63.0
2024-10-25 09:37:00+00:00,CRSR,6.400000095367432,6.400000095367432,6.400000095367432,6.400000095367432,6.400000095367432,209.0
2024-10-25 09:37:00+00:00,CRWD,308.4324951171875,308.4324951171875,308.55999755859375,308.1600036621094,308.4100036621094,7979.0
2024-10-25 09:37:00+00:00,CSCO,56.375,56.375,56.400001525878906,56.375,56.400001525878906,15270.0
2024-10-25 09:37:00+00:00,CSIQ,12.864999771118164,12.864999771118164,12.920000076293945,12.84000015258789,12.850000381469727,24282.0
2024-10-25 09:37:00+00:00,CSPI,12.992899894714355,12.992899894714355,12.992899894714355,12.992899894714355,12.992899894714355,805.0
2024-10-25 09:37:00+00:00,CTSH,75.30999755859375,75.30999755859375,75.43000030517578,75.30999755859375,75.43000030517578,3842.0
2024-10-25 09:37:00+00:00,DBX,26.079999923706055,26.079999923706055,26.100000381469727,26.059999465942383,26.100000381469727,4556.0
2024-10-25 09:37:00+00:00,DCBO,46.18000030517578,46.18000030517578,46.18000030517578,46.18000030517578,46.18000030517578,101.0
2024-10-25 09:37:00+00:00,DDOG,126.44000244140625,126.44000244140625,126.44000244140625,126.16999816894531,126.38999938964844,5268.0
2024-10-25 09:37:00+00:00,DLO,8.75,8.75,8.75,8.75,8.75,723.0
2024-10-25 09:37:00+00:00,DOMO,7.789999961853027,7.789999961853027,7.789999961853027,7.789999961853027,7.789999961853027,114.0
2024-10-25 09:37:00+00:00,DTSS,2.5601999759674072,2.5601999759674072,2.5601999759674072,2.5601999759674072,2.5601999759674072,1511.0
2024-10-25 09:37:00+00:00,DUOL,282.8399963378906,282.8399963378906,282.8399963378906,282.8399963378906,282.8399963378906,326.0
2024-10-25 09:37:00+00:00,EGAN,4.829999923706055,4.829999923706055,4.829999923706055,4.829999923706055,4.829999923706055,413.0
2024-10-25 09:37:00+00:00,ENPH,80.05000305175781,80.05000305175781,80.38999938964844,80.05000305175781,80.37999725341797,14251.0
2024-10-25 09:37:00+00:00,ENTG,104.54000091552734,104.54000091552734,104.62249755859375,104.19999694824219,104.62249755859375,3533.0
2024-10-25 09:37:00+00:00,ERIC,8.512800216674805,8.512800216674805,8.512800216674805,8.512800216674805,8.512800216674805,475.0
2024-10-25 09:37:00+00:00,EXLS,39.10499954223633,39.10499954223633,39.11000061035156,39.099998474121094,39.11000061035156,629.0
2024-10-25 09:37:00+00:00,EXTR,14.529999732971191,14.529999732971191,14.539999961853027,14.520000457763672,14.539999961853027,1234.0
2024-10-25 09:37:00+00:00,FCUV,0.24809999763965607,0.24809999763965607,0.24809999763965607,0.24809999763965607,0.24809999763965607,0.0
2024-10-25 09:37:00+00:00,FLEX,35.18000030517578,35.18000030517578,35.18000030517578,35.18000030517578,35.18000030517578,892.0
2024-10-25 09:37:00+00:00,FLYW,17.6200008392334,17.6200008392334,17.6200008392334,17.610000610351562,17.610000610351562,1972.0
2024-10-25 09:37:00+00:00,FROG,29.309999465942383,29.309999465942383,29.309999465942383,29.309999465942383,29.309999465942383,105.0
2024-10-25 09:37:00+00:00,FRSH,11.729999542236328,11.729999542236328,11.729999542236328,11.720000267028809,11.721500396728516,1739.0
2024-10-25 09:37:00+00:00,FSLR,196.94729614257812,196.94729614257812,196.94729614257812,196.13499450683594,196.25,10135.0
2024-10-25 09:37:00+00:00,FTCI,0.7099000215530396,0.7099000215530396,0.7099000215530396,0.7099000215530396,0.7099000215530396,4901.0
2024-10-25 09:37:00+00:00,FTNT,81.26000213623047,81.26000213623047,81.26000213623047,81.19999694824219,81.20860290527344,2726.0
2024-10-25 09:37:00+00:00,GCT,25.844999313354492,25.844999313354492,25.959999084472656,25.844999313354492,25.8799991607666,2970.0
2024-10-25 09:37:00+00:00,GDS,21.479999542236328,21.479999542236328,21.540000915527344,21.479999542236328,21.540000915527344,2315.0
2024-10-25 09:37:00+00:00,GDYN,15.520000457763672,15.520000457763672,15.579999923706055,15.5,15.5,1337.0
2024-10-25 09:37:00+00:00,GFS,40.56999969482422,40.56999969482422,40.7400016784668,40.56999969482422,40.63999938964844,14789.0
2024-10-25 09:37:00+00:00,GPRO,1.3250000476837158,1.3250000476837158,1.3250000476837158,1.3215999603271484,1.3215999603271484,1481.0
2024-10-25 09:37:00+00:00,GRAB,4.113900184631348,4.113900184631348,4.119999885559082,4.110099792480469,4.114999771118164,26831.0
2024-10-25 09:37:00+00:00,GRRR,4.78000020980835,4.78000020980835,4.78000020980835,4.761000156402588,4.761000156402588,2052.0
2024-10-25 09:37:00+00:00,GRRRW,0.06300000101327896,0.06300000101327896,0.06300000101327896,0.06300000101327896,0.06300000101327896,0.0
2024-10-25 09:37:00+00:00,GSIT,3.26990008354187,3.26990008354187,3.2850000858306885,3.2300000190734863,3.259999990463257,3783.0
2024-10-25 09:37:00+00:00,GTLB,56.25,56.25,56.25,56.20000076293945,56.20000076293945,585.0
2024-10-25 09:37:00+00:00,HCP,33.685001373291016,33.685001373291016,33.689998626708984,33.685001373291016,33.689998626708984,403.0
2024-10-25 09:37:00+00:00,HIMX,6.190000057220459,6.190000057220459,6.199999809265137,6.190000057220459,6.199999809265137,814.0
2024-10-25 09:37:00+00:00,HOLO,3.9709999561309814,3.9709999561309814,3.9876999855041504,3.9000000953674316,3.9800000190734863,32216.0
2024-10-25 09:37:00+00:00,HOOD,27.189899444580078,27.189899444580078,27.209999084472656,27.135000228881836,27.135000228881836,30103.0
2024-10-25 09:37:00+00:00,ICHR,27.405000686645508,27.405000686645508,27.405000686645508,27.299999237060547,27.299999237060547,444.0
2024-10-25 09:37:00+00:00,IMTE,1.649999976158142,1.649999976158142,1.649999976158142,1.649999976158142,1.649999976158142,1041.0
2024-10-25 09:37:00+00:00,IMXI,17.739999771118164,17.739999771118164,17.739999771118164,17.739999771118164,17.739999771118164,123.0
2024-10-25 09:37:00+00:00,INDI,3.4749999046325684,3.4749999046325684,3.4800000190734863,3.4749999046325684,3.4800000190734863,1345.0
2024-10-25 09:37:00+00:00,INFN,6.824999809265137,6.824999809265137,6.824999809265137,6.824999809265137,6.824999809265137,698.0
2024-10-25 09:37:00+00:00,INSG,19.692899703979492,19.692899703979492,19.918399810791016,19.692899703979492,19.918399810791016,899.0
2024-10-25 09:37:00+00:00,INTC,22.639999389648438,22.639999389648438,22.68000030517578,22.6299991607666,22.66010093688965,215703.0
2024-10-25 09:37:00+00:00,INTU,611.030029296875,611.030029296875,611.030029296875,610.2899780273438,610.5449829101562,5118.0
2024-10-25 09:37:00+00:00,KC,2.6649999618530273,2.6649999618530273,2.6700000762939453,2.6600000858306885,2.6700000762939453,1845.0
2024-10-25 09:37:00+00:00,KLAC,674.4299926757812,674.4299926757812,674.4299926757812,674.4299926757812,674.4299926757812,325.0
2024-10-25 09:37:00+00:00,LITE,64.57499694824219,64.57499694824219,64.6050033569336,64.5,64.5,1707.0
2024-10-25 09:37:00+00:00,LOGI,81.04299926757812,81.04299926757812,81.0999984741211,81.04000091552734,81.0999984741211,2063.0
2024-10-25 09:37:00+00:00,LPSN,1.2089999914169312,1.2089999914169312,1.2200000286102295,1.2050000429153442,1.2050000429153442,51214.0
2024-10-25 09:37:00+00:00,LRCX,77.37999725341797,77.37999725341797,77.69999694824219,77.3499984741211,77.69999694824219,33824.0
2024-10-25 09:37:00+00:00,LSCC,54.61880111694336,54.61880111694336,54.61880111694336,54.61880111694336,54.61880111694336,579.0
2024-10-25 09:37:00+00:00,LTRX,4.050000190734863,4.050000190734863,4.050000190734863,4.050000190734863,4.050000190734863,119.0
2024-10-25 09:37:00+00:00,LUNA,1.7799999713897705,1.7799999713897705,1.7799999713897705,1.7799999713897705,1.7799999713897705,458.0
2024-10-25 09:37:00+00:00,LYFT,13.654999732971191,13.654999732971191,13.6850004196167,13.650099754333496,13.6850004196167,7274.0
2024-10-25 09:37:00+00:00,LYT,2.069999933242798,2.069999933242798,2.069999933242798,2.069999933242798,2.069999933242798,693.0
2024-10-25 09:37:00+00:00,LYTS,16.280000686645508,16.280000686645508,16.280000686645508,16.280000686645508,16.280000686645508,122.0
2024-10-25 09:37:00+00:00,MANH,275.1199951171875,275.1199951171875,275.6400146484375,275.1199951171875,275.6400146484375,897.0
2024-10-25 09:37:00+00:00,MAXN,5.462500095367432,5.462500095367432,5.462500095367432,5.462500095367432,5.462500095367432,364.0
2024-10-25 09:37:00+00:00,MCHP,76.79000091552734,76.79000091552734,76.79499816894531,76.7699966430664,76.79000091552734,9097.0
2024-10-25 09:37:00+00:00,MDB,267.75,267.75,267.75,266.8999938964844,266.93499755859375,1773.0
2024-10-25 09:37:00+00:00,MKSI,100.41999816894531,100.41999816894531,100.41999816894531,100.41999816894531,100.41999816894531,200.0
2024-10-25 09:37:00+00:00,MNDY,300.5199890136719,300.5199890136719,300.5899963378906,299.4634094238281,300.20001220703125,4571.0
2024-10-25 09:37:00+00:00,MQ,5.301499843597412,5.301499843597412,5.309999942779541,5.301499843597412,5.304999828338623,4510.0
2024-10-25 09:37:00+00:00,MRVL,82.3499984741211,82.3499984741211,82.47000122070312,82.31999969482422,82.43499755859375,23342.0
2024-10-25 09:37:00+00:00,MSFT,428.5050048828125,428.5050048828125,428.5199890136719,428.0210876464844,428.3500061035156,57648.0
2024-10-25 09:37:00+00:00,MSTR,233.85000610351562,233.85000610351562,234.44000244140625,233.16009521484375,233.9199981689453,82227.0
2024-10-25 09:37:00+00:00,MTLS,6.050600051879883,6.050600051879883,6.050600051879883,6.050600051879883,6.050600051879883,2228.0
2024-10-25 09:37:00+00:00,MTTR,4.639999866485596,4.639999866485596,4.650100231170654,4.639999866485596,4.650100231170654,4974.0
2024-10-25 09:37:00+00:00,MU,108.69000244140625,108.69000244140625,108.73989868164062,108.48500061035156,108.5199966430664,59754.0
2024-10-25 09:37:00+00:00,MVIS,1.1009999513626099,1.1009999513626099,1.1050000190734863,1.1009999513626099,1.1050000190734863,2104.0
2024-10-25 09:37:00+00:00,MXL,14.604999542236328,14.604999542236328,14.609999656677246,14.579999923706055,14.600000381469727,3577.0
2024-10-25 09:37:00+00:00,NEON,7.994999885559082,7.994999885559082,8.010000228881836,7.994999885559082,8.010000228881836,352.0
2024-10-25 09:37:00+00:00,NNDM,2.3350000381469727,2.3350000381469727,2.3350000381469727,2.3350000381469727,2.3350000381469727,453.0
2024-10-25 09:37:00+00:00,NOVT,173.72999572753906,173.72999572753906,173.72999572753906,173.72999572753906,173.72999572753906,701.0
2024-10-25 09:37:00+00:00,NTCT,20.639999389648438,20.639999389648438,20.639999389648438,20.639999389648438,20.639999389648438,551.0
2024-10-25 09:37:00+00:00,NTNX,62.439998626708984,62.439998626708984,62.529998779296875,62.40999984741211,62.4900016784668,2128.0
2024-10-25 09:37:00+00:00,NTWK,3.147599935531616,3.147599935531616,3.147599935531616,3.009999990463257,3.009999990463257,0.0
2024-10-25 09:37:00+00:00,NVDA,142.3408966064453,142.3408966064453,142.50999450683594,142.27000427246094,142.4459991455078,868412.0
2024-10-25 09:37:00+00:00,NVMI,183.7449951171875,183.7449951171875,183.7449951171875,183.7449951171875,183.7449951171875,714.0
2024-10-25 09:37:00+00:00,NVTS,2.5250000953674316,2.5250000953674316,2.5250000953674316,2.5199999809265137,2.5250000953674316,1217.0
2024-10-25 09:37:00+00:00,NXPI,243.52499389648438,243.52499389648438,243.56500244140625,243.09010314941406,243.09010314941406,1518.0
2024-10-25 09:37:00+00:00,OKTA,72.41999816894531,72.41999816894531,72.41999816894531,72.41999816894531,72.41999816894531,263.0
2024-10-25 09:37:00+00:00,OLED,203.1999969482422,203.1999969482422,203.1999969482422,203.1999969482422,203.1999969482422,214.0
2024-10-25 09:37:00+00:00,ON,71.4000015258789,71.4000015258789,71.43000030517578,71.25,71.25,22313.0
2024-10-25 09:37:00+00:00,OSIS,138.08999633789062,138.08999633789062,138.08999633789062,138.08999633789062,138.08999633789062,339.0
2024-10-25 09:37:00+00:00,OTEX,33.560001373291016,33.560001373291016,33.560001373291016,33.560001373291016,33.560001373291016,629.0
2024-10-25 09:37:00+00:00,PAYO,8.380000114440918,8.380000114440918,8.380000114440918,8.380000114440918,8.380000114440918,209.0
2024-10-25 09:37:00+00:00,PAYS,3.744999885559082,3.744999885559082,3.744999885559082,3.744999885559082,3.744999885559082,310.0
2024-10-25 09:37:00+00:00,PCTY,173.00999450683594,173.00999450683594,173.00999450683594,173.00999450683594,173.00999450683594,301.0
2024-10-25 09:37:00+00:00,PEGA,81.97000122070312,81.97000122070312,82.04409790039062,81.79000091552734,82.0199966430664,10831.0
2024-10-25 09:37:00+00:00,PEGY,4.539999961853027,4.539999961853027,4.539999961853027,4.539999961853027,4.539999961853027,2921.0
2024-10-25 09:37:00+00:00,PGY,11.845000267028809,11.845000267028809,11.869999885559082,11.845000267028809,11.854999542236328,2709.0
2024-10-25 09:37:00+00:00,PHUN,9.32129955291748,9.32129955291748,9.439399719238281,9.270099639892578,9.300000190734863,156041.0
2024-10-25 09:37:00+00:00,PI,192.2449951171875,192.2449951171875,192.77499389648438,191.67999267578125,191.67999267578125,5304.0
2024-10-25 09:37:00+00:00,PLAB,23.479999542236328,23.479999542236328,23.479999542236328,23.479999542236328,23.479999542236328,101.0
2024-10-25 09:37:00+00:00,PLXS,146.2949981689453,146.2949981689453,146.2949981689453,146.2949981689453,146.2949981689453,242.0
2024-10-25 09:37:00+00:00,POET,4.0,4.0,4.050000190734863,4.0,4.03000020980835,2517.0
2024-10-25 09:37:00+00:00,PRGS,64.91000366210938,64.91000366210938,65.03500366210938,64.9000015258789,65.03500366210938,1447.0
2024-10-25 09:37:00+00:00,PRTH,5.409999847412109,5.409999847412109,5.409999847412109,5.364999771118164,5.364999771118164,319.0
2024-10-25 09:37:00+00:00,PTC,184.98500061035156,184.98500061035156,184.98500061035156,184.98500061035156,184.98500061035156,442.0
2024-10-25 09:37:00+00:00,PUBM,15.050000190734863,15.050000190734863,15.050000190734863,15.050000190734863,15.050000190734863,223.0
2024-10-25 09:37:00+00:00,PYCR,14.420000076293945,14.420000076293945,14.420000076293945,14.420000076293945,14.420000076293945,104.0
2024-10-25 09:37:00+00:00,QCOM,170.84030151367188,170.84030151367188,171.22000122070312,170.84030151367188,171.08999633789062,11690.0
2024-10-25 09:37:00+00:00,QLYS,121.5250015258789,121.5250015258789,121.5250015258789,121.5250015258789,121.5250015258789,894.0
2024-10-25 09:37:00+00:00,QRVO,100.44000244140625,100.44000244140625,100.44999694824219,100.44000244140625,100.44999694824219,399.0
2024-10-25 09:37:00+00:00,QUBT,1.1100000143051147,1.1100000143051147,1.1298999786376953,1.1100000143051147,1.1298999786376953,15960.0
2024-10-25 09:37:00+00:00,RCAT,2.7300000190734863,2.7300000190734863,2.7300000190734863,2.7298998832702637,2.7300000190734863,4397.0
2024-10-25 09:37:00+00:00,REKR,1.1150000095367432,1.1150000095367432,1.1150000095367432,1.1150000095367432,1.1150000095367432,412.0
2024-10-25 09:37:00+00:00,RELY,14.675000190734863,14.675000190734863,14.739999771118164,14.675000190734863,14.739999771118164,262.0
2024-10-25 09:37:00+00:00,RGTI,1.2598999738693237,1.2598999738693237,1.2599999904632568,1.250100016593933,1.25600004196167,12088.0
2024-10-25 09:37:00+00:00,RIOT,9.89050006866455,9.89050006866455,9.899999618530273,9.86340045928955,9.899800300598145,67695.0
2024-10-25 09:37:00+00:00,RMNI,1.7374999523162842,1.7374999523162842,1.7374999523162842,1.7300000190734863,1.7300000190734863,610.0
2024-10-25 09:37:00+00:00,RPAY,7.675000190734863,7.675000190734863,7.690000057220459,7.675000190734863,7.690000057220459,2700.0
2024-10-25 09:37:00+00:00,RPD,39.13999938964844,39.13999938964844,39.13999938964844,38.970001220703125,38.970001220703125,155.0
2024-10-25 09:37:00+00:00,RUM,5.525000095367432,5.525000095367432,5.545000076293945,5.525000095367432,5.545000076293945,3701.0
2024-10-25 09:37:00+00:00,RUN,14.146200180053711,14.146200180053711,14.210000038146973,14.135000228881836,14.180000305175781,16924.0
2024-10-25 09:37:00+00:00,RXT,2.5,2.5,2.5199999809265137,2.5,2.5199999809265137,1879.0
2024-10-25 09:37:00+00:00,SATS,25.020000457763672,25.020000457763672,25.06999969482422,24.989999771118164,24.989999771118164,3220.0
2024-10-25 09:37:00+00:00,SCSC,45.474998474121094,45.474998474121094,45.474998474121094,45.474998474121094,45.474998474121094,264.0
2024-10-25 09:37:00+00:00,SEDG,15.479999542236328,15.479999542236328,15.539999961853027,15.4399995803833,15.510000228881836,12753.0
2024-10-25 09:37:00+00:00,SKYT,10.600000381469727,10.600000381469727,10.600000381469727,10.600000381469727,10.600000381469727,1152.0
2024-10-25 09:37:00+00:00,SLNH,4.079999923706055,4.079999923706055,4.079999923706055,4.079999923706055,4.079999923706055,2564.0
2024-10-25 09:37:00+00:00,SMCI,46.816001892089844,46.816001892089844,47.119998931884766,46.77000045776367,47.11600112915039,126143.0
2024-10-25 09:37:00+00:00,SMSI,0.824999988079071,0.824999988079071,0.8251000046730042,0.824999988079071,0.8251000046730042,9156.0
2024-10-25 09:37:00+00:00,SONO,12.71500015258789,12.71500015258789,12.71500015258789,12.71500015258789,12.71500015258789,278.0
2024-10-25 09:37:00+00:00,SOUN,5.284999847412109,5.284999847412109,5.289999961853027,5.28000020980835,5.285999774932861,59780.0
2024-10-25 09:37:00+00:00,SRAD,12.329999923706055,12.329999923706055,12.329999923706055,12.329999923706055,12.329999923706055,1836.0
2024-10-25 09:37:00+00:00,SSNC,71.0,71.0,71.30999755859375,70.78500366210938,71.30000305175781,36664.0
2024-10-25 09:37:00+00:00,STNE,11.274999618530273,11.274999618530273,11.28499984741211,11.260000228881836,11.28499984741211,6975.0
2024-10-25 09:37:00+00:00,STX,105.4000015258789,105.4000015258789,105.61000061035156,105.4000015258789,105.51000213623047,34990.0
2024-10-25 09:37:00+00:00,SURG,1.7000000476837158,1.7000000476837158,1.7192000150680542,1.7000000476837158,1.7192000150680542,8522.0
2024-10-25 09:37:00+00:00,SVRE,0.08799999952316284,0.08799999952316284,0.08810000121593475,0.08799999952316284,0.08810000121593475,12066.0
2024-10-25 09:37:00+00:00,SWKS,95.9749984741211,95.9749984741211,96.0999984741211,95.94999694824219,96.0999984741211,1183.0
2024-10-25 09:37:00+00:00,SYTA,1.149999976158142,1.149999976158142,1.149999976158142,1.149999976158142,1.149999976158142,1231.0
2024-10-25 09:37:00+00:00,TASK,12.0,12.0,12.0,12.0,12.0,588.0
2024-10-25 09:37:00+00:00,TEAM,189.63999938964844,189.63999938964844,189.63999938964844,189.63999938964844,189.63999938964844,748.0
2024-10-25 09:37:00+00:00,TENB,41.290000915527344,41.290000915527344,41.290000915527344,41.10499954223633,41.10499954223633,491.0
2024-10-25 09:37:00+00:00,TER,111.28299713134766,111.28299713134766,111.66899871826172,111.28299713134766,111.5479965209961,9929.0
2024-10-25 09:37:00+00:00,TRMB,61.084999084472656,61.084999084472656,61.084999084472656,61.084999084472656,61.084999084472656,409.0
2024-10-25 09:37:00+00:00,TTD,120.27999877929688,120.27999877929688,120.3949966430664,120.19950103759766,120.3949966430664,10259.0
2024-10-25 09:37:00+00:00,TTMI,19.450000762939453,19.450000762939453,19.450000762939453,19.3799991607666,19.3799991607666,3679.0
2024-10-25 09:37:00+00:00,TWKS,4.440000057220459,4.440000057220459,4.440000057220459,4.440000057220459,4.440000057220459,4270.0
2024-10-25 09:37:00+00:00,TXN,209.22000122070312,209.22000122070312,209.25,209.04339599609375,209.2100067138672,7362.0
2024-10-25 09:37:00+00:00,UCTT,35.65999984741211,35.65999984741211,35.65999984741211,35.65999984741211,35.65999984741211,729.0
2024-10-25 09:37:00+00:00,VCSA,2.4700000286102295,2.4700000286102295,2.4700000286102295,2.4700000286102295,2.4700000286102295,3151.0
2024-10-25 09:37:00+00:00,VERB,10.489999771118164,10.489999771118164,10.489999771118164,10.489999771118164,10.489999771118164,1000.0
2024-10-25 09:37:00+00:00,VERI,3.390000104904175,3.390000104904175,3.4000000953674316,3.3598999977111816,3.359999895095825,17035.0
2024-10-25 09:37:00+00:00,VICR,46.5,46.5,46.5,46.5,46.5,348.0
2024-10-25 09:37:00+00:00,VNET,3.4100000858306885,3.4100000858306885,3.4100000858306885,3.4100000858306885,3.4100000858306885,543.0
2024-10-25 09:37:00+00:00,VRNT,21.979999542236328,21.979999542236328,21.979999542236328,21.979999542236328,21.979999542236328,745.0
2024-10-25 09:37:00+00:00,VSAT,10.321999549865723,10.321999549865723,10.321999549865723,10.321999549865723,10.321999549865723,495.0
2024-10-25 09:37:00+00:00,VUZI,1.3259999752044678,1.3259999752044678,1.3350000381469727,1.3250000476837158,1.3350000381469727,1527.0
2024-10-25 09:37:00+00:00,WALD,3.490000009536743,3.490000009536743,3.490000009536743,3.490000009536743,3.490000009536743,3.0
2024-10-25 09:37:00+00:00,WDAY,239.8553009033203,239.8553009033203,239.8553009033203,239.8553009033203,239.8553009033203,1259.0
2024-10-25 09:37:00+00:00,WDC,72.23500061035156,72.23500061035156,72.54000091552734,72.0999984741211,72.43499755859375,129074.0
2024-10-25 09:37:00+00:00,WISA,1.7599999904632568,1.7599999904632568,1.7699999809265137,1.7588000297546387,1.7699999809265137,3319.0
2024-10-25 09:37:00+00:00,WIX,162.6199951171875,162.6199951171875,162.6199951171875,162.6199951171875,162.6199951171875,580.0
2024-10-25 09:37:00+00:00,XRX,10.229999542236328,10.229999542236328,10.25,10.210000038146973,10.225000381469727,22031.0
2024-10-25 09:37:00+00:00,ZBRA,364.0,364.0,364.0,364.0,364.0,1133.0
2024-10-25 09:37:00+00:00,ZI,10.479999542236328,10.479999542236328,10.479999542236328,10.4399995803833,10.4399995803833,4524.0
2024-10-25 09:37:00+00:00,ZM,72.86000061035156,72.86000061035156,72.87999725341797,72.7300033569336,72.7300033569336,4607.0
2024-10-25 09:38:00+00:00,AAOI,17.818199157714844,17.818199157714844,17.829999923706055,17.760000228881836,17.80500030517578,4347.0
2024-10-25 09:38:00+00:00,AAPL,231.1699981689453,231.1699981689453,231.30999755859375,231.0500030517578,231.0500030517578,144160.0
2024-10-25 09:38:00+00:00,ACIW,49.209999084472656,49.209999084472656,49.209999084472656,49.18000030517578,49.18000030517578,1075.0
2024-10-25 09:38:00+00:00,ACLS,91.16999816894531,91.16999816894531,91.31999969482422,91.16000366210938,91.16000366210938,1979.0
2024-10-25 09:38:00+00:00,ACMR,19.420000076293945,19.420000076293945,19.506399154663086,19.420000076293945,19.5,2555.0
2024-10-25 09:38:00+00:00,ADBE,486.0504150390625,486.0504150390625,486.8800048828125,485.94000244140625,486.45001220703125,9342.0
2024-10-25 09:38:00+00:00,ADI,232.82000732421875,232.82000732421875,233.15499877929688,232.82000732421875,233.14500427246094,2681.0
2024-10-25 09:38:00+00:00,ADSK,288.2449951171875,288.2449951171875,288.2749938964844,287.92999267578125,288.2699890136719,7011.0
2024-10-25 09:38:00+00:00,ADTN,6.27400016784668,6.27400016784668,6.27400016784668,6.250999927520752,6.260000228881836,873.0
2024-10-25 09:38:00+00:00,AEHR,16.258899688720703,16.258899688720703,16.347999572753906,16.258899688720703,16.347999572753906,2682.0
2024-10-25 09:38:00+00:00,AEYE,23.809999465942383,23.809999465942383,23.81999969482422,23.719999313354492,23.733999252319336,1100.0
2024-10-25 09:38:00+00:00,AFRM,41.72999954223633,41.72999954223633,41.7599983215332,41.690101623535156,41.7400016784668,17701.0
2024-10-25 09:38:00+00:00,AKTS,0.058800000697374344,0.058800000697374344,0.058800000697374344,0.05770000070333481,0.05770000070333481,17690.0
2024-10-25 09:38:00+00:00,ALGM,21.954999923706055,21.954999923706055,21.969999313354492,21.954999923706055,21.969999313354492,560.0
2024-10-25 09:38:00+00:00,ALKT,38.227500915527344,38.227500915527344,38.2599983215332,38.20000076293945,38.220001220703125,2960.0
2024-10-25 09:38:00+00:00,ALTR,105.47000122070312,105.47000122070312,105.47000122070312,105.47000122070312,105.47000122070312,841.0
2024-10-25 09:38:00+00:00,AMAT,186.4001007080078,186.4001007080078,186.74000549316406,186.4001007080078,186.6699981689453,7076.0
2024-10-25 09:38:00+00:00,AMBA,57.760398864746094,57.760398864746094,57.760398864746094,57.760398864746094,57.760398864746094,654.0
2024-10-25 09:38:00+00:00,AMD,156.63999938964844,156.63999938964844,156.82989501953125,156.58839416503906,156.6999969482422,186110.0
2024-10-25 09:38:00+00:00,AMKR,29.94499969482422,29.94499969482422,29.950000762939453,29.94499969482422,29.950000762939453,828.0
2024-10-25 09:38:00+00:00,ANSS,324.8599853515625,324.8599853515625,324.8599853515625,324.5899963378906,324.5899963378906,310.0
2024-10-25 09:38:00+00:00,ANY,1.0700000524520874,1.0700000524520874,1.0700000524520874,1.0700000524520874,1.0700000524520874,765.0
2024-10-25 09:38:00+00:00,API,2.7149999141693115,2.7149999141693115,2.7149999141693115,2.7149999141693115,2.7149999141693115,266.0
2024-10-25 09:38:00+00:00,APP,161.38909912109375,161.38909912109375,161.39999389648438,161.04010009765625,161.1699981689453,10620.0
2024-10-25 09:38:00+00:00,APPF,223.77369689941406,223.77369689941406,224.61000061035156,223.58999633789062,224.61000061035156,4987.0
2024-10-25 09:38:00+00:00,APPS,3.090100049972534,3.090100049972534,3.119999885559082,3.0899999141693115,3.0999999046325684,29285.0
2024-10-25 09:38:00+00:00,ARBE,1.899999976158142,1.899999976158142,1.899999976158142,1.899999976158142,1.899999976158142,492.0
2024-10-25 09:38:00+00:00,ARRY,6.164999961853027,6.164999961853027,6.179999828338623,6.150000095367432,6.179999828338623,25044.0
2024-10-25 09:38:00+00:00,ASML,716.9299926757812,716.9299926757812,718.2033081054688,716.9299926757812,718.2033081054688,5720.0
2024-10-25 09:38:00+00:00,AUR,6.360000133514404,6.360000133514404,6.379899978637695,6.360000133514404,6.379899978637695,6738.0
2024-10-25 09:38:00+00:00,AVDX,8.199999809265137,8.199999809265137,8.210000038146973,8.199999809265137,8.210000038146973,1128.0
2024-10-25 09:38:00+00:00,AVGO,173.79139709472656,173.79139709472656,173.97999572753906,173.75,173.75,51704.0
2024-10-25 09:38:00+00:00,AVNW,21.040000915527344,21.040000915527344,21.040000915527344,21.040000915527344,21.040000915527344,1318.0
2024-10-25 09:38:00+00:00,AVPT,12.090499877929688,12.090499877929688,12.090499877929688,12.090499877929688,12.090499877929688,775.0
2024-10-25 09:38:00+00:00,AWRE,2.009999990463257,2.009999990463257,2.009999990463257,2.009999990463257,2.009999990463257,0.0
2024-10-25 09:38:00+00:00,BASE,16.489999771118164,16.489999771118164,16.489999771118164,16.489999771118164,16.489999771118164,377.0
2024-10-25 09:38:00+00:00,BCOV,2.25,2.25,2.2539000511169434,2.247999906539917,2.25,800.0
2024-10-25 09:38:00+00:00,BL,57.49340057373047,57.49340057373047,57.49340057373047,57.49340057373047,57.49340057373047,1950.0
2024-10-25 09:38:00+00:00,BMBL,7.329999923706055,7.329999923706055,7.329999923706055,7.320000171661377,7.320000171661377,1370.0
2024-10-25 09:38:00+00:00,BRZE,31.184999465942383,31.184999465942383,31.229999542236328,31.18000030517578,31.219999313354492,1277.0
2024-10-25 09:38:00+00:00,CAMP,10.835000038146973,10.835000038146973,10.989999771118164,10.835000038146973,10.989999771118164,803.0
2024-10-25 09:38:00+00:00,CAMT,78.06999969482422,78.06999969482422,78.06999969482422,78.06999969482422,78.06999969482422,225.0
2024-10-25 09:38:00+00:00,CAN,1.0,1.0,1.000100016593933,1.0,1.000100016593933,3066.0
2024-10-25 09:38:00+00:00,CCSI,20.200000762939453,20.200000762939453,20.3799991607666,20.200000762939453,20.3799991607666,3915.0
2024-10-25 09:38:00+00:00,CDNS,255.77000427246094,255.77000427246094,255.92999267578125,255.76499938964844,255.8300018310547,3663.0
2024-10-25 09:38:00+00:00,CDW,220.1750030517578,220.1750030517578,220.1750030517578,220.1750030517578,220.1750030517578,213.0
2024-10-25 09:38:00+00:00,CETX,0.29420000314712524,0.29420000314712524,0.2955000102519989,0.2930000126361847,0.2953999936580658,28531.0
2024-10-25 09:38:00+00:00,CFLT,22.18000030517578,22.18000030517578,22.200000762939453,22.139999389648438,22.139999389648438,18813.0
2024-10-25 09:38:00+00:00,CGNX,38.97999954223633,38.97999954223633,38.97999954223633,38.95000076293945,38.95000076293945,573.0
2024-10-25 09:38:00+00:00,CHKP,206.6750030517578,206.6750030517578,206.6750030517578,206.6750030517578,206.6750030517578,125.0
2024-10-25 09:38:00+00:00,CLBT,18.010000228881836,18.010000228881836,18.075000762939453,17.979999542236328,17.988000869750977,2200.0
2024-10-25 09:38:00+00:00,CLFD,36.75,36.75,36.75,36.75,36.75,510.0
2024-10-25 09:38:00+00:00,CLSK,11.770000457763672,11.770000457763672,11.883000373840332,11.760100364685059,11.883000373840332,66089.0
2024-10-25 09:38:00+00:00,CNDT,3.690000057220459,3.690000057220459,3.690000057220459,3.690000057220459,3.690000057220459,200.0
2024-10-25 09:38:00+00:00,COHR,96.69999694824219,96.69999694824219,97.18000030517578,96.69999694824219,97.125,7143.0
2024-10-25 09:38:00+00:00,COHU,25.684999465942383,25.684999465942383,25.690000534057617,25.68000030517578,25.690000534057617,2403.0
2024-10-25 09:38:00+00:00,COIN,207.31500244140625,207.31500244140625,208.58999633789062,207.0,208.32000732421875,37279.0
2024-10-25 09:38:00+00:00,COMM,6.408999919891357,6.408999919891357,6.425000190734863,6.408999919891357,6.425000190734863,2483.0
2024-10-25 09:38:00+00:00,CORZ,13.680000305175781,13.680000305175781,13.751399993896484,13.670000076293945,13.75,38576.0
2024-10-25 09:38:00+00:00,CRDO,39.790000915527344,39.790000915527344,39.900001525878906,39.790000915527344,39.845001220703125,2797.0
2024-10-25 09:38:00+00:00,CRNC,2.815000057220459,2.815000057220459,2.819999933242798,2.815000057220459,2.819999933242798,815.0
2024-10-25 09:38:00+00:00,CRWD,308.3258056640625,308.3258056640625,308.6099853515625,308.260009765625,308.46600341796875,5622.0
2024-10-25 09:38:00+00:00,CSCO,56.380001068115234,56.380001068115234,56.38999938964844,56.345001220703125,56.380001068115234,19682.0
2024-10-25 09:38:00+00:00,CSIQ,12.875,12.875,12.880000114440918,12.850000381469727,12.869999885559082,10059.0
2024-10-25 09:38:00+00:00,CTLP,9.132800102233887,9.132800102233887,9.132800102233887,9.132800102233887,9.132800102233887,353.0
2024-10-25 09:38:00+00:00,CTSH,75.4000015258789,75.4000015258789,75.4000015258789,75.34500122070312,75.34500122070312,1886.0
2024-10-25 09:38:00+00:00,DAKT,13.300000190734863,13.300000190734863,13.300000190734863,13.300000190734863,13.300000190734863,415.0
2024-10-25 09:38:00+00:00,DATS,1.5498000383377075,1.5498000383377075,1.5498000383377075,1.5498000383377075,1.5498000383377075,2002.0
2024-10-25 09:38:00+00:00,DBX,26.100000381469727,26.100000381469727,26.100000381469727,26.079999923706055,26.09000015258789,5669.0
2024-10-25 09:38:00+00:00,DDOG,126.66500091552734,126.66500091552734,126.66999816894531,126.4000015258789,126.5,13498.0
2024-10-25 09:38:00+00:00,DLO,8.744999885559082,8.744999885559082,8.744999885559082,8.744999885559082,8.744999885559082,1037.0
2024-10-25 09:38:00+00:00,DOCU,70.51000213623047,70.51000213623047,70.625,70.51000213623047,70.625,638.0
2024-10-25 09:38:00+00:00,DOMO,7.789999961853027,7.789999961853027,7.789999961853027,7.789999961853027,7.789999961853027,103.0
2024-10-25 09:38:00+00:00,DSGX,105.05000305175781,105.05000305175781,105.12999725341797,104.9800033569336,104.9800033569336,6346.0
2024-10-25 09:38:00+00:00,DTSS,2.609999895095825,2.609999895095825,2.625999927520752,2.569999933242798,2.5799999237060547,16280.0
2024-10-25 09:38:00+00:00,DUOL,283.0,283.0,283.0,283.0,283.0,265.0
2024-10-25 09:38:00+00:00,EEFT,101.29499816894531,101.29499816894531,101.80000305175781,101.1500015258789,101.75499725341797,3407.0
2024-10-25 09:38:00+00:00,ENPH,80.05999755859375,80.05999755859375,80.27850341796875,80.02999877929688,80.26300048828125,6159.0
2024-10-25 09:38:00+00:00,ENTG,104.25,104.25,104.25,104.25,104.25,576.0
2024-10-25 09:38:00+00:00,EXLS,39.11040115356445,39.11040115356445,39.11040115356445,39.11040115356445,39.11040115356445,275.0
2024-10-25 09:38:00+00:00,FFIV,214.9499969482422,214.9499969482422,214.9499969482422,214.9499969482422,214.9499969482422,232.0
2024-10-25 09:38:00+00:00,FIVN,31.18000030517578,31.18000030517578,31.18000030517578,31.125,31.125,962.0
2024-10-25 09:38:00+00:00,FLEX,35.130001068115234,35.130001068115234,35.15999984741211,35.11000061035156,35.15999984741211,1922.0
2024-10-25 09:38:00+00:00,FLYW,17.540000915527344,17.540000915527344,17.540000915527344,17.540000915527344,17.540000915527344,730.0
2024-10-25 09:38:00+00:00,FRSH,11.710000038146973,11.710000038146973,11.729999542236328,11.710000038146973,11.720000267028809,2593.0
2024-10-25 09:38:00+00:00,FSLR,197.1699981689453,197.1699981689453,197.1699981689453,196.44009399414062,196.83999633789062,23231.0
2024-10-25 09:38:00+00:00,FTCI,0.7050999999046326,0.7050999999046326,0.7050999999046326,0.7050999999046326,0.7050999999046326,8225.0
2024-10-25 09:38:00+00:00,FTNT,81.29000091552734,81.29000091552734,81.30000305175781,81.22229766845703,81.30000305175781,2521.0
2024-10-25 09:38:00+00:00,GCT,25.80500030517578,25.80500030517578,25.90999984741211,25.80500030517578,25.889999389648438,1351.0
2024-10-25 09:38:00+00:00,GDS,21.530000686645508,21.530000686645508,21.530000686645508,21.530000686645508,21.530000686645508,1678.0
2024-10-25 09:38:00+00:00,GDYN,15.520000457763672,15.520000457763672,15.579999923706055,15.520000457763672,15.569999694824219,722.0
2024-10-25 09:38:00+00:00,GFS,40.619998931884766,40.619998931884766,40.630001068115234,40.59000015258789,40.59550094604492,1209.0
2024-10-25 09:38:00+00:00,GILT,4.929999828338623,4.929999828338623,4.929999828338623,4.929999828338623,4.929999828338623,203.0
2024-10-25 09:38:00+00:00,GPRO,1.3250000476837158,1.3250000476837158,1.3250000476837158,1.3250000476837158,1.3250000476837158,329.0
2024-10-25 09:38:00+00:00,GRAB,4.110199928283691,4.110199928283691,4.119900226593018,4.110000133514404,4.114999771118164,33651.0
2024-10-25 09:38:00+00:00,GRRR,4.75,4.75,4.779900074005127,4.75,4.779900074005127,5460.0
2024-10-25 09:38:00+00:00,GSIT,3.263000011444092,3.263000011444092,3.263000011444092,3.255000114440918,3.255000114440918,1466.0
2024-10-25 09:38:00+00:00,GTLB,56.29999923706055,56.29999923706055,56.29999923706055,56.29999923706055,56.29999923706055,2282.0
2024-10-25 09:38:00+00:00,HCP,33.685001373291016,33.685001373291016,33.685001373291016,33.685001373291016,33.685001373291016,401.0
2024-10-25 09:38:00+00:00,HIMX,6.184999942779541,6.184999942779541,6.190000057220459,6.179999828338623,6.189499855041504,1026.0
2024-10-25 09:38:00+00:00,HOLO,3.950000047683716,3.950000047683716,3.9800000190734863,3.9000000953674316,3.9200000762939453,14372.0
2024-10-25 09:38:00+00:00,HOOD,27.170000076293945,27.170000076293945,27.209999084472656,27.15999984741211,27.190000534057617,81848.0
2024-10-25 09:38:00+00:00,ICHR,27.304500579833984,27.304500579833984,27.329999923706055,27.299999237060547,27.299999237060547,799.0
2024-10-25 09:38:00+00:00,INDI,3.4760000705718994,3.4760000705718994,3.4760000705718994,3.4749999046325684,3.4749999046325684,2211.0
2024-10-25 09:38:00+00:00,INOD,19.610000610351562,19.610000610351562,19.610000610351562,19.610000610351562,19.610000610351562,464.0
2024-10-25 09:38:00+00:00,INTC,22.615999221801758,22.615999221801758,22.639999389648438,22.594999313354492,22.635000228881836,128370.0
2024-10-25 09:38:00+00:00,INTU,611.10498046875,611.10498046875,611.10498046875,611.10498046875,611.10498046875,1110.0
2024-10-25 09:38:00+00:00,ITI,7.190000057220459,7.190000057220459,7.190000057220459,7.190000057220459,7.190000057220459,300.0
2024-10-25 09:38:00+00:00,JAMF,16.96500015258789,16.96500015258789,16.989999771118164,16.96500015258789,16.969999313354492,1471.0
2024-10-25 09:38:00+00:00,KC,2.6649999618530273,2.6649999618530273,2.6649999618530273,2.6649999618530273,2.6649999618530273,1305.0
2024-10-25 09:38:00+00:00,KLAC,673.2550048828125,673.2550048828125,673.2550048828125,672.0601196289062,672.0601196289062,1182.0
2024-10-25 09:38:00+00:00,KOPN,0.7699999809265137,0.7699999809265137,0.7749000191688538,0.7699999809265137,0.7749000191688538,305.0
2024-10-25 09:38:00+00:00,LITE,64.45999908447266,64.45999908447266,64.48999786376953,64.45999908447266,64.48999786376953,1767.0
2024-10-25 09:38:00+00:00,LOGI,80.91999816894531,80.91999816894531,81.05000305175781,80.9000015258789,81.01000213623047,3404.0
2024-10-25 09:38:00+00:00,LPSN,1.219499945640564,1.219499945640564,1.219499945640564,1.219499945640564,1.219499945640564,922.0
2024-10-25 09:38:00+00:00,LPTH,1.6699999570846558,1.6699999570846558,1.6998000144958496,1.6699999570846558,1.690000057220459,1363.0
2024-10-25 09:38:00+00:00,LRCX,77.15460205078125,77.15460205078125,77.43000030517578,77.11009979248047,77.37999725341797,31318.0
2024-10-25 09:38:00+00:00,LSCC,54.52000045776367,54.52000045776367,54.52000045776367,54.52000045776367,54.52000045776367,635.0
2024-10-25 09:38:00+00:00,LUNA,1.7699999809265137,1.7699999809265137,1.7699999809265137,1.7699999809265137,1.7699999809265137,216.0
2024-10-25 09:38:00+00:00,LYFT,13.680000305175781,13.680000305175781,13.6850004196167,13.654999732971191,13.654999732971191,9134.0
2024-10-25 09:38:00+00:00,MANH,275.385009765625,275.385009765625,276.3999938964844,275.1199951171875,275.2900085449219,6117.0
2024-10-25 09:38:00+00:00,MAXN,5.460000038146973,5.460000038146973,5.460000038146973,5.460000038146973,5.460000038146973,689.0
2024-10-25 09:38:00+00:00,MCHP,76.68000030517578,76.68000030517578,76.7699966430664,76.63999938964844,76.7699966430664,4451.0
2024-10-25 09:38:00+00:00,MDB,267.3599853515625,267.3599853515625,267.69000244140625,267.3599853515625,267.69000244140625,954.0
2024-10-25 09:38:00+00:00,MITK,8.800000190734863,8.800000190734863,8.800000190734863,8.789999961853027,8.789999961853027,561.0
2024-10-25 09:38:00+00:00,MKSI,100.42500305175781,100.42500305175781,100.66999816894531,100.13999938964844,100.42500305175781,3599.0
2024-10-25 09:38:00+00:00,MNDY,300.5,300.5,301.0,300.5,301.0,599.0
2024-10-25 09:38:00+00:00,MPWR,912.9949951171875,912.9949951171875,912.9949951171875,912.9650268554688,912.9650268554688,785.0
2024-10-25 09:38:00+00:00,MQ,5.324999809265137,5.324999809265137,5.324999809265137,5.295000076293945,5.304999828338623,15417.0
2024-10-25 09:38:00+00:00,MRVL,82.26399993896484,82.26399993896484,82.43000030517578,82.22000122070312,82.38999938964844,10677.0
2024-10-25 09:38:00+00:00,MSFT,429.0849914550781,429.0849914550781,429.1000061035156,428.5050048828125,428.5050048828125,82860.0
2024-10-25 09:38:00+00:00,MSTR,232.35000610351562,232.35000610351562,234.2899932861328,231.49000549316406,233.9499969482422,139684.0
2024-10-25 09:38:00+00:00,MTC,0.37229999899864197,0.37229999899864197,0.37229999899864197,0.37229999899864197,0.37229999899864197,560.0
2024-10-25 09:38:00+00:00,MU,108.54989624023438,108.54989624023438,108.75,108.50749969482422,108.68000030517578,65903.0
2024-10-25 09:38:00+00:00,MVIS,1.090000033378601,1.090000033378601,1.1050000190734863,1.090000033378601,1.1050000190734863,1690.0
2024-10-25 09:38:00+00:00,MXL,14.649999618530273,14.649999618530273,14.65999984741211,14.604999542236328,14.609999656677246,3010.0
2024-10-25 09:38:00+00:00,NCNO,38.2400016784668,38.2400016784668,38.2400016784668,38.2400016784668,38.2400016784668,399.0
2024-10-25 09:38:00+00:00,NEON,8.005000114440918,8.005000114440918,8.005000114440918,8.005000114440918,8.005000114440918,331.0
2024-10-25 09:38:00+00:00,NNDM,2.3301000595092773,2.3301000595092773,2.3301000595092773,2.3301000595092773,2.3301000595092773,109.0
2024-10-25 09:38:00+00:00,NSIT,211.4499969482422,211.4499969482422,211.4499969482422,211.4499969482422,211.4499969482422,165.0
2024-10-25 09:38:00+00:00,NTCT,20.665000915527344,20.665000915527344,20.665000915527344,20.665000915527344,20.665000915527344,217.0
2024-10-25 09:38:00+00:00,NTNX,62.470001220703125,62.470001220703125,62.59000015258789,62.470001220703125,62.56999969482422,1501.0
2024-10-25 09:38:00+00:00,NVDA,142.14920043945312,142.14920043945312,142.4499969482422,142.1199951171875,142.35000610351562,831731.0
2024-10-25 09:38:00+00:00,NVTS,2.5250000953674316,2.5250000953674316,2.5250000953674316,2.5250000953674316,2.5250000953674316,1151.0
2024-10-25 09:38:00+00:00,NXPI,242.4199981689453,242.4199981689453,243.46499633789062,242.3300018310547,243.46499633789062,10516.0
2024-10-25 09:38:00+00:00,OKTA,72.52999877929688,72.52999877929688,72.52999877929688,72.41000366210938,72.41000366210938,8511.0
2024-10-25 09:38:00+00:00,OLED,203.72000122070312,203.72000122070312,203.72000122070312,203.72000122070312,203.72000122070312,508.0
2024-10-25 09:38:00+00:00,ON,71.37000274658203,71.37000274658203,71.41000366210938,71.33999633789062,71.3949966430664,22590.0
2024-10-25 09:38:00+00:00,OSIS,138.38999938964844,138.38999938964844,138.38999938964844,138.38999938964844,138.38999938964844,796.0
2024-10-25 09:38:00+00:00,OTEX,33.56999969482422,33.56999969482422,33.56999969482422,33.56999969482422,33.56999969482422,250.0
2024-10-25 09:38:00+00:00,PANW,368.20001220703125,368.20001220703125,368.2099914550781,367.9549865722656,367.9549865722656,1121.0
2024-10-25 09:38:00+00:00,PAYO,8.379899978637695,8.379899978637695,8.379899978637695,8.375,8.375,2903.0
2024-10-25 09:38:00+00:00,PEGA,81.70500183105469,81.70500183105469,81.81999969482422,81.62519836425781,81.81999969482422,3574.0
2024-10-25 09:38:00+00:00,PEGY,4.519999980926514,4.519999980926514,4.590099811553955,4.519999980926514,4.590099811553955,736.0
2024-10-25 09:38:00+00:00,PGY,11.845000267028809,11.845000267028809,11.869999885559082,11.845000267028809,11.869999885559082,456.0
2024-10-25 09:38:00+00:00,PHUN,9.390000343322754,9.390000343322754,9.40999984741211,9.324999809265137,9.324999809265137,138457.0
2024-10-25 09:38:00+00:00,PI,192.3784942626953,192.3784942626953,192.86749267578125,192.3784942626953,192.6199951171875,2632.0
2024-10-25 09:38:00+00:00,PLAB,23.47800064086914,23.47800064086914,23.47800064086914,23.47800064086914,23.47800064086914,147.0
2024-10-25 09:38:00+00:00,POET,4.019899845123291,4.019899845123291,4.019999980926514,4.0,4.0,1760.0
2024-10-25 09:38:00+00:00,PRGS,64.70999908447266,64.70999908447266,64.7699966430664,64.69000244140625,64.7699966430664,874.0
2024-10-25 09:38:00+00:00,PUBM,15.038299560546875,15.038299560546875,15.038299560546875,15.038299560546875,15.038299560546875,630.0
2024-10-25 09:38:00+00:00,QCOM,170.47000122070312,170.47000122070312,170.88999938964844,170.33999633789062,170.85499572753906,20907.0
2024-10-25 09:38:00+00:00,QH,1.4499000310897827,1.4499000310897827,1.4499000310897827,1.4499000310897827,1.4499000310897827,1159.0
2024-10-25 09:38:00+00:00,QLYS,121.45999908447266,121.45999908447266,121.4800033569336,121.27999877929688,121.42500305175781,1809.0
2024-10-25 09:38:00+00:00,QRVO,100.29000091552734,100.29000091552734,100.33000183105469,100.29000091552734,100.33000183105469,841.0
2024-10-25 09:38:00+00:00,QUBT,1.1200000047683716,1.1200000047683716,1.1200000047683716,1.1100000143051147,1.1100000143051147,3891.0
2024-10-25 09:38:00+00:00,RCAT,2.7279999256134033,2.7279999256134033,2.7279999256134033,2.7279999256134033,2.7279999256134033,300.0
2024-10-25 09:38:00+00:00,REKR,1.1094000339508057,1.1094000339508057,1.1100000143051147,1.1094000339508057,1.1100000143051147,4256.0
2024-10-25 09:38:00+00:00,RELY,14.609999656677246,14.609999656677246,14.661999702453613,14.609999656677246,14.661999702453613,1154.0
2024-10-25 09:38:00+00:00,RGTI,1.2496000528335571,1.2496000528335571,1.2599999904632568,1.2496000528335571,1.2556999921798706,26506.0
2024-10-25 09:38:00+00:00,RIOT,9.829999923706055,9.829999923706055,9.899999618530273,9.819999694824219,9.899999618530273,192385.0
2024-10-25 09:38:00+00:00,RMNI,1.7300000190734863,1.7300000190734863,1.7300000190734863,1.7300000190734863,1.7300000190734863,446.0
2024-10-25 09:38:00+00:00,RPAY,7.690000057220459,7.690000057220459,7.690000057220459,7.690000057220459,7.690000057220459,0.0
2024-10-25 09:38:00+00:00,RPD,39.119998931884766,39.119998931884766,39.25,39.119998931884766,39.18000030517578,1024.0
2024-10-25 09:38:00+00:00,RSSS,2.569999933242798,2.569999933242798,2.5799999237060547,2.569999933242798,2.5799999237060547,92.0
2024-10-25 09:38:00+00:00,RUM,5.480100154876709,5.480100154876709,5.50600004196167,5.480100154876709,5.50600004196167,10298.0
2024-10-25 09:38:00+00:00,RUN,14.09000015258789,14.09000015258789,14.135000228881836,14.071800231933594,14.135000228881836,6062.0
2024-10-25 09:38:00+00:00,SEDG,15.420000076293945,15.420000076293945,15.470000267028809,15.420000076293945,15.470000267028809,7673.0
2024-10-25 09:38:00+00:00,SHLS,5.15500020980835,5.15500020980835,5.164999961853027,5.15500020980835,5.163899898529053,5411.0
2024-10-25 09:38:00+00:00,SKYT,10.609999656677246,10.609999656677246,10.614999771118164,10.59000015258789,10.59000015258789,1193.0
2024-10-25 09:38:00+00:00,SLNH,4.0,4.0,4.0,4.0,4.0,5796.0
2024-10-25 09:38:00+00:00,SMCI,46.7400016784668,46.7400016784668,46.88349914550781,46.599998474121094,46.834999084472656,115764.0
2024-10-25 09:38:00+00:00,SMSI,0.8259999752044678,0.8259999752044678,0.8259999752044678,0.8259999752044678,0.8259999752044678,200.0
2024-10-25 09:38:00+00:00,SMTC,44.880001068115234,44.880001068115234,44.880001068115234,44.880001068115234,44.880001068115234,147.0
2024-10-25 09:38:00+00:00,SONO,12.704999923706055,12.704999923706055,12.704999923706055,12.704999923706055,12.704999923706055,567.0
2024-10-25 09:38:00+00:00,SOUN,5.250100135803223,5.250100135803223,5.289999961853027,5.25,5.288599967956543,74927.0
2024-10-25 09:38:00+00:00,SPSC,187.36500549316406,187.36500549316406,187.36500549316406,186.9199981689453,186.9199981689453,1515.0
2024-10-25 09:38:00+00:00,SRAD,12.329999923706055,12.329999923706055,12.337599754333496,12.329999923706055,12.337599754333496,651.0
2024-10-25 09:38:00+00:00,SSNC,71.02999877929688,71.02999877929688,71.08000183105469,70.8301010131836,71.0,57420.0
2024-10-25 09:38:00+00:00,SSYS,7.139999866485596,7.139999866485596,7.139999866485596,7.139999866485596,7.139999866485596,519.0
2024-10-25 09:38:00+00:00,STER,16.75,16.75,16.75,16.729999542236328,16.729999542236328,3529.0
2024-10-25 09:38:00+00:00,STNE,11.279999732971191,11.279999732971191,11.295000076293945,11.274999618530273,11.27560043334961,6594.0
2024-10-25 09:38:00+00:00,STX,105.3949966430664,105.3949966430664,105.48999786376953,105.3949966430664,105.45999908447266,2401.0
2024-10-25 09:38:00+00:00,SURG,1.7100000381469727,1.7100000381469727,1.7100000381469727,1.7100000381469727,1.7100000381469727,306.0
2024-10-25 09:38:00+00:00,SVRE,0.08699999749660492,0.08699999749660492,0.08699999749660492,0.08699999749660492,0.08699999749660492,3047.0
2024-10-25 09:38:00+00:00,SWKS,96.08499908447266,96.08499908447266,96.08499908447266,96.08499908447266,96.08499908447266,731.0
2024-10-25 09:38:00+00:00,SYTA,1.1861000061035156,1.1861000061035156,1.1861000061035156,1.1449999809265137,1.1449999809265137,24278.0
2024-10-25 09:38:00+00:00,TENB,41.16400146484375,41.16400146484375,41.16400146484375,41.16400146484375,41.16400146484375,344.0
2024-10-25 09:38:00+00:00,TER,111.19499969482422,111.19499969482422,111.34500122070312,111.04340362548828,111.30000305175781,3838.0
2024-10-25 09:38:00+00:00,TGL,0.6940000057220459,0.6940000057220459,0.6940000057220459,0.6940000057220459,0.6940000057220459,2711.0
2024-10-25 09:38:00+00:00,TRMB,61.029998779296875,61.029998779296875,61.029998779296875,61.0099983215332,61.029998779296875,863.0
2024-10-25 09:38:00+00:00,TTD,120.37000274658203,120.37000274658203,120.41000366210938,120.31500244140625,120.31500244140625,2821.0
2024-10-25 09:38:00+00:00,TTMI,19.420000076293945,19.420000076293945,19.479999542236328,19.420000076293945,19.450000762939453,1139.0
2024-10-25 09:38:00+00:00,TWKS,4.440000057220459,4.440000057220459,4.440000057220459,4.440000057220459,4.440000057220459,314.0
2024-10-25 09:38:00+00:00,TXN,209.47999572753906,209.47999572753906,209.6199951171875,209.19500732421875,209.27000427246094,9340.0
2024-10-25 09:38:00+00:00,UCTT,35.72999954223633,35.72999954223633,35.7400016784668,35.66999816894531,35.66999816894531,476.0
2024-10-25 09:38:00+00:00,VECO,29.420000076293945,29.420000076293945,29.434999465942383,29.420000076293945,29.434999465942383,605.0
2024-10-25 09:38:00+00:00,VERI,3.390000104904175,3.390000104904175,3.4200000762939453,3.390000104904175,3.390000104904175,25356.0
2024-10-25 09:38:00+00:00,VERX,42.349998474121094,42.349998474121094,42.349998474121094,42.349998474121094,42.349998474121094,200.0
2024-10-25 09:38:00+00:00,VRNS,56.2400016784668,56.2400016784668,56.315399169921875,56.130001068115234,56.310001373291016,3426.0
2024-10-25 09:38:00+00:00,VRSN,188.61000061035156,188.61000061035156,188.81500244140625,188.39500427246094,188.50999450683594,3319.0
2024-10-25 09:38:00+00:00,VSAT,10.28499984741211,10.28499984741211,10.319999694824219,10.260000228881836,10.319999694824219,3979.0
2024-10-25 09:38:00+00:00,VUZI,1.320099949836731,1.320099949836731,1.323699951171875,1.3200000524520874,1.3200000524520874,4894.0
2024-10-25 09:38:00+00:00,WALD,3.490000009536743,3.490000009536743,3.490000009536743,3.490000009536743,3.490000009536743,953.0
2024-10-25 09:38:00+00:00,WDC,72.80000305175781,72.80000305175781,72.80000305175781,72.13999938964844,72.24500274658203,133722.0
2024-10-25 09:38:00+00:00,WISA,1.7689000368118286,1.7689000368118286,1.7699999809265137,1.7599999904632568,1.7599999904632568,1232.0
2024-10-25 09:38:00+00:00,WLDS,3.565999984741211,3.565999984741211,3.565999984741211,3.565999984741211,3.565999984741211,681.0
2024-10-25 09:38:00+00:00,XPER,9.369999885559082,9.369999885559082,9.369999885559082,9.369999885559082,9.369999885559082,343.0
2024-10-25 09:38:00+00:00,XRX,10.170100212097168,10.170100212097168,10.170100212097168,10.170100212097168,10.170100212097168,987.0
2024-10-25 09:38:00+00:00,ZM,72.93000030517578,72.93000030517578,72.93000030517578,72.7699966430664,72.83080291748047,12354.0
2024-10-25 09:38:00+00:00,ZS,186.5500030517578,186.5500030517578,186.5500030517578,186.5500030517578,186.5500030517578,211.0
2024-10-25 09:39:00+00:00,AAOI,17.8799991607666,17.8799991607666,17.8799991607666,17.770000457763672,17.770000457763672,1080.0
2024-10-25 09:39:00+00:00,AAPL,231.4102020263672,231.4102020263672,231.5,231.14999389648438,231.1750030517578,219627.0
2024-10-25 09:39:00+00:00,ACIW,49.119998931884766,49.119998931884766,49.12120056152344,49.11199951171875,49.11199951171875,367.0
2024-10-25 09:39:00+00:00,ACLS,91.31999969482422,91.31999969482422,91.31999969482422,91.30000305175781,91.30000305175781,677.0
2024-10-25 09:39:00+00:00,ACMR,19.5,19.5,19.5,19.467199325561523,19.467199325561523,718.0
2024-10-25 09:39:00+00:00,ADBE,486.5199890136719,486.5199890136719,487.0,486.1300048828125,486.1300048828125,11162.0
2024-10-25 09:39:00+00:00,ADI,233.00750732421875,233.00750732421875,233.00750732421875,232.82000732421875,232.82000732421875,1159.0
2024-10-25 09:39:00+00:00,ADSK,288.010009765625,288.010009765625,288.010009765625,287.6700134277344,287.6700134277344,1209.0
2024-10-25 09:39:00+00:00,ADTN,6.264999866485596,6.264999866485596,6.264999866485596,6.264999866485596,6.264999866485596,0.0
2024-10-25 09:39:00+00:00,AEHR,16.38599967956543,16.38599967956543,16.43000030517578,16.25,16.25,13772.0
2024-10-25 09:39:00+00:00,AEYE,23.790000915527344,23.790000915527344,23.790000915527344,23.790000915527344,23.790000915527344,127.0
2024-10-25 09:39:00+00:00,AFRM,41.82500076293945,41.82500076293945,41.86000061035156,41.709999084472656,41.709999084472656,13300.0
2024-10-25 09:39:00+00:00,AKAM,103.05999755859375,103.05999755859375,103.06500244140625,103.05999755859375,103.06500244140625,802.0
2024-10-25 09:39:00+00:00,AKTS,0.05700000002980232,0.05700000002980232,0.05829999968409538,0.05649999901652336,0.05829999968409538,123778.0
2024-10-25 09:39:00+00:00,ALGM,21.950000762939453,21.950000762939453,21.954999923706055,21.950000762939453,21.954999923706055,1806.0
2024-10-25 09:39:00+00:00,ALKT,38.1619987487793,38.1619987487793,38.1619987487793,38.11000061035156,38.119998931884766,423.0
2024-10-25 09:39:00+00:00,ALRM,54.20000076293945,54.20000076293945,54.20000076293945,54.20000076293945,54.20000076293945,308.0
2024-10-25 09:39:00+00:00,AMAT,186.5,186.5,186.78880310058594,186.36520385742188,186.44000244140625,4761.0
2024-10-25 09:39:00+00:00,AMD,156.72189331054688,156.72189331054688,156.8300018310547,156.6199951171875,156.64999389648438,147766.0
2024-10-25 09:39:00+00:00,AMKR,29.891000747680664,29.891000747680664,29.891000747680664,29.871000289916992,29.871000289916992,1418.0
2024-10-25 09:39:00+00:00,ANSS,324.8800048828125,324.8800048828125,324.8800048828125,324.8800048828125,324.8800048828125,2471.0
2024-10-25 09:39:00+00:00,ANY,1.059999942779541,1.059999942779541,1.059999942779541,1.059999942779541,1.059999942779541,401.0
2024-10-25 09:39:00+00:00,API,2.7200000286102295,2.7200000286102295,2.7200000286102295,2.7200000286102295,2.7200000286102295,132.0
2024-10-25 09:39:00+00:00,APP,161.67999267578125,161.67999267578125,161.9499969482422,161.3800048828125,161.3800048828125,24257.0
2024-10-25 09:39:00+00:00,APPF,224.9499969482422,224.9499969482422,226.99000549316406,223.53500366210938,223.99000549316406,10331.0
2024-10-25 09:39:00+00:00,APPN,32.4900016784668,32.4900016784668,32.5,32.42499923706055,32.42499923706055,1499.0
2024-10-25 09:39:00+00:00,APPS,3.0999999046325684,3.0999999046325684,3.0999999046325684,3.0899999141693115,3.0899999141693115,0.0
2024-10-25 09:39:00+00:00,ARRY,6.175000190734863,6.175000190734863,6.190000057220459,6.164999961853027,6.164999961853027,6952.0
2024-10-25 09:39:00+00:00,ASML,717.6400146484375,717.6400146484375,717.6799926757812,717.0,717.0,4277.0
2024-10-25 09:39:00+00:00,AUR,6.389999866485596,6.389999866485596,6.389999866485596,6.360000133514404,6.360000133514404,15159.0
2024-10-25 09:39:00+00:00,AVDX,8.199999809265137,8.199999809265137,8.199999809265137,8.197999954223633,8.197999954223633,1512.0
2024-10-25 09:39:00+00:00,AVGO,173.86500549316406,173.86500549316406,173.9499969482422,173.74000549316406,173.7899932861328,42911.0
2024-10-25 09:39:00+00:00,BAND,17.727500915527344,17.727500915527344,17.727500915527344,17.649999618530273,17.649999618530273,1530.0
2024-10-25 09:39:00+00:00,BASE,16.520000457763672,16.520000457763672,16.520000457763672,16.475000381469727,16.489999771118164,8005.0
2024-10-25 09:39:00+00:00,BCOV,2.247999906539917,2.247999906539917,2.247999906539917,2.247999906539917,2.247999906539917,400.0
2024-10-25 09:39:00+00:00,BIGC,5.329999923706055,5.329999923706055,5.329999923706055,5.329999923706055,5.329999923706055,927.0
2024-10-25 09:39:00+00:00,BMBL,7.309999942779541,7.309999942779541,7.327199935913086,7.309999942779541,7.324999809265137,6711.0
2024-10-25 09:39:00+00:00,BRZE,31.1299991607666,31.1299991607666,31.184999465942383,31.1299991607666,31.1299991607666,506.0
2024-10-25 09:39:00+00:00,CAMP,11.024999618530273,11.024999618530273,11.024999618530273,11.024999618530273,11.024999618530273,1244.0
2024-10-25 09:39:00+00:00,CAMT,78.38829803466797,78.38829803466797,78.38829803466797,78.38829803466797,78.38829803466797,1099.0
2024-10-25 09:39:00+00:00,CAN,1.0,1.0,1.0,1.0,1.0,13910.0
2024-10-25 09:39:00+00:00,CCSI,20.0,20.0,20.145000457763672,20.0,20.145000457763672,4331.0
2024-10-25 09:39:00+00:00,CDNS,256.4540100097656,256.4540100097656,256.4540100097656,255.9199981689453,255.9199981689453,4986.0
2024-10-25 09:39:00+00:00,CETX,0.2948000133037567,0.2948000133037567,0.29490000009536743,0.2930000126361847,0.29490000009536743,6336.0
2024-10-25 09:39:00+00:00,CEVA,23.899999618530273,23.899999618530273,23.899999618530273,23.899999618530273,23.899999618530273,428.0
2024-10-25 09:39:00+00:00,CFLT,22.350000381469727,22.350000381469727,22.350000381469727,22.209999084472656,22.229999542236328,4109.0
2024-10-25 09:39:00+00:00,CGNX,39.0099983215332,39.0099983215332,39.0099983215332,38.97999954223633,39.0099983215332,1042.0
2024-10-25 09:39:00+00:00,CLBT,18.110000610351562,18.110000610351562,18.110000610351562,18.110000610351562,18.110000610351562,889.0
2024-10-25 09:39:00+00:00,CLPS,1.3949999809265137,1.3949999809265137,1.3949999809265137,1.3949999809265137,1.3949999809265137,0.0
2024-10-25 09:39:00+00:00,CLSK,11.770000457763672,11.770000457763672,11.800000190734863,11.744999885559082,11.779999732971191,85605.0
2024-10-25 09:39:00+00:00,CNDT,3.6649999618530273,3.6649999618530273,3.684999942779541,3.6600000858306885,3.684999942779541,4258.0
2024-10-25 09:39:00+00:00,CNXC,45.71879959106445,45.71879959106445,45.71879959106445,45.71879959106445,45.71879959106445,4409.0
2024-10-25 09:39:00+00:00,COHR,96.6427993774414,96.6427993774414,96.69499969482422,96.62999725341797,96.62999725341797,3596.0
2024-10-25 09:39:00+00:00,COHU,25.764999389648438,25.764999389648438,25.799999237060547,25.684999465942383,25.684999465942383,2028.0
2024-10-25 09:39:00+00:00,COIN,207.25,207.25,207.64999389648438,207.14999389648438,207.3000030517578,17475.0
2024-10-25 09:39:00+00:00,COMM,6.399899959564209,6.399899959564209,6.40500020980835,6.385000228881836,6.40500020980835,8700.0
2024-10-25 09:39:00+00:00,CORZ,13.705599784851074,13.705599784851074,13.739999771118164,13.6899995803833,13.699999809265137,19653.0
2024-10-25 09:39:00+00:00,CRDO,39.72999954223633,39.72999954223633,39.77199935913086,39.720001220703125,39.720001220703125,727.0
2024-10-25 09:39:00+00:00,CRUS,122.26370239257812,122.26370239257812,122.26370239257812,122.26370239257812,122.26370239257812,347.0
2024-10-25 09:39:00+00:00,CRWD,308.1700134277344,308.1700134277344,308.4750061035156,308.110107421875,308.3349914550781,3909.0
2024-10-25 09:39:00+00:00,CSCO,56.36000061035156,56.36000061035156,56.38999938964844,56.31999969482422,56.3849983215332,24193.0
2024-10-25 09:39:00+00:00,CSIQ,12.774999618530273,12.774999618530273,12.859999656677246,12.710000038146973,12.859999656677246,31913.0
2024-10-25 09:39:00+00:00,CTSH,75.27999877929688,75.27999877929688,75.4000015258789,75.27999877929688,75.4000015258789,2292.0
2024-10-25 09:39:00+00:00,DBX,26.114999771118164,26.114999771118164,26.1200008392334,26.110000610351562,26.110000610351562,1739.0
2024-10-25 09:39:00+00:00,DDOG,126.7300033569336,126.7300033569336,126.78939819335938,126.58000183105469,126.66500091552734,10679.0
2024-10-25 09:39:00+00:00,DGHI,1.4199999570846558,1.4199999570846558,1.4199999570846558,1.4199999570846558,1.4199999570846558,200.0
2024-10-25 09:39:00+00:00,DGII,30.049999237060547,30.049999237060547,30.09000015258789,30.020000457763672,30.020000457763672,882.0
2024-10-25 09:39:00+00:00,DMRC,30.75,30.75,30.75,30.75,30.75,467.0
2024-10-25 09:39:00+00:00,DOCU,70.68000030517578,70.68000030517578,70.76000213623047,70.63999938964844,70.6500015258789,1198.0
2024-10-25 09:39:00+00:00,DOMO,7.804999828338623,7.804999828338623,7.804999828338623,7.710100173950195,7.710100173950195,7682.0
2024-10-25 09:39:00+00:00,DTSS,2.539799928665161,2.539799928665161,2.5399999618530273,2.5199999809265137,2.5399999618530273,3275.0
2024-10-25 09:39:00+00:00,DUOL,283.07818603515625,283.07818603515625,283.07818603515625,283.07818603515625,283.07818603515625,313.0
2024-10-25 09:39:00+00:00,EEFT,100.80000305175781,100.80000305175781,100.98999786376953,100.80000305175781,100.98999786376953,567.0
2024-10-25 09:39:00+00:00,ENPH,80.12999725341797,80.12999725341797,80.20999908447266,80.0,80.08000183105469,19894.0
2024-10-25 09:39:00+00:00,ENTG,104.29000091552734,104.29000091552734,104.5199966430664,104.19000244140625,104.19999694824219,1253.0
2024-10-25 09:39:00+00:00,EVCM,10.619999885559082,10.619999885559082,10.619999885559082,10.619999885559082,10.619999885559082,157.0
2024-10-25 09:39:00+00:00,EXFY,1.7000000476837158,1.7000000476837158,1.7000000476837158,1.7000000476837158,1.7000000476837158,486.0
2024-10-25 09:39:00+00:00,FIVN,31.229999542236328,31.229999542236328,31.229999542236328,31.229999542236328,31.229999542236328,451.0
2024-10-25 09:39:00+00:00,FLEX,35.06999969482422,35.06999969482422,35.150001525878906,35.06999969482422,35.13999938964844,6494.0
2024-10-25 09:39:00+00:00,FORM,44.814998626708984,44.814998626708984,44.814998626708984,44.814998626708984,44.814998626708984,116.0
2024-10-25 09:39:00+00:00,FROG,29.309999465942383,29.309999465942383,29.43000030517578,29.299999237060547,29.34749984741211,1966.0
2024-10-25 09:39:00+00:00,FRSH,11.729999542236328,11.729999542236328,11.739999771118164,11.710000038146973,11.710000038146973,1940.0
2024-10-25 09:39:00+00:00,FSLR,196.39999389648438,196.39999389648438,196.94189453125,196.38999938964844,196.88999938964844,11110.0
2024-10-25 09:39:00+00:00,FTCI,0.7002000212669373,0.7002000212669373,0.7002000212669373,0.7002000212669373,0.7002000212669373,4600.0
2024-10-25 09:39:00+00:00,FTNT,81.23999786376953,81.23999786376953,81.25,81.2300033569336,81.2300033569336,1704.0
2024-10-25 09:39:00+00:00,GCT,25.690000534057617,25.690000534057617,25.7549991607666,25.690000534057617,25.690000534057617,1500.0
2024-10-25 09:39:00+00:00,GDS,21.670000076293945,21.670000076293945,21.670000076293945,21.549999237060547,21.549999237060547,4044.0
2024-10-25 09:39:00+00:00,GFS,40.73500061035156,40.73500061035156,40.790000915527344,40.660099029541016,40.709999084472656,6619.0
2024-10-25 09:39:00+00:00,GPRO,1.3300000429153442,1.3300000429153442,1.3300000429153442,1.3250000476837158,1.3270000219345093,8907.0
2024-10-25 09:39:00+00:00,GRAB,4.105000019073486,4.105000019073486,4.119900226593018,4.099999904632568,4.114999771118164,33211.0
2024-10-25 09:39:00+00:00,GRRR,4.755000114440918,4.755000114440918,4.755000114440918,4.75,4.75,1330.0
2024-10-25 09:39:00+00:00,GTLB,56.51499938964844,56.51499938964844,56.560001373291016,56.47999954223633,56.48149871826172,1957.0
2024-10-25 09:39:00+00:00,GVP,4.662499904632568,4.662499904632568,4.662499904632568,4.662499904632568,4.662499904632568,368.0
2024-10-25 09:39:00+00:00,HCP,33.685001373291016,33.685001373291016,33.689998626708984,33.685001373291016,33.685001373291016,1722.0
2024-10-25 09:39:00+00:00,HEAR,16.52239990234375,16.52239990234375,16.52239990234375,16.52239990234375,16.52239990234375,135.0
2024-10-25 09:39:00+00:00,HIMX,6.164999961853027,6.164999961853027,6.179900169372559,6.159999847412109,6.179900169372559,2265.0
2024-10-25 09:39:00+00:00,HOLO,4.01800012588501,4.01800012588501,4.022799968719482,3.9500999450683594,3.951900005340576,23230.0
2024-10-25 09:39:00+00:00,HOOD,27.200000762939453,27.200000762939453,27.219999313354492,27.149999618530273,27.170000076293945,17859.0
2024-10-25 09:39:00+00:00,ICHR,27.40999984741211,27.40999984741211,27.40999984741211,27.40999984741211,27.40999984741211,101.0
2024-10-25 09:39:00+00:00,IMTE,1.7000000476837158,1.7000000476837158,1.7000000476837158,1.7000000476837158,1.7000000476837158,141.0
2024-10-25 09:39:00+00:00,INDI,3.4700000286102295,3.4700000286102295,3.4798998832702637,3.4700000286102295,3.4798998832702637,3714.0
2024-10-25 09:39:00+00:00,INFN,6.824999809265137,6.824999809265137,6.824999809265137,6.824999809265137,6.824999809265137,950.0
2024-10-25 09:39:00+00:00,INOD,19.558000564575195,19.558000564575195,19.600000381469727,19.558000564575195,19.600000381469727,831.0
2024-10-25 09:39:00+00:00,INSG,19.75,19.75,19.75,19.678800582885742,19.687999725341797,1091.0
2024-10-25 09:39:00+00:00,INTC,22.659900665283203,22.659900665283203,22.65999984741211,22.600000381469727,22.61210060119629,102758.0
2024-10-25 09:39:00+00:00,INTU,611.5599975585938,611.5599975585938,611.5599975585938,611.5599975585938,611.5599975585938,924.0
2024-10-25 09:39:00+00:00,ITI,7.195000171661377,7.195000171661377,7.195000171661377,7.195000171661377,7.195000171661377,1.0
2024-10-25 09:39:00+00:00,ITRI,102.66000366210938,102.66000366210938,102.66000366210938,102.66000366210938,102.66000366210938,567.0
2024-10-25 09:39:00+00:00,ITRN,26.969900131225586,26.969900131225586,26.969900131225586,26.969900131225586,26.969900131225586,211.0
2024-10-25 09:39:00+00:00,JAMF,16.969999313354492,16.969999313354492,16.969999313354492,16.969999313354492,16.969999313354492,752.0
2024-10-25 09:39:00+00:00,JG,7.418600082397461,7.418600082397461,7.418600082397461,7.418600082397461,7.418600082397461,2696.0
2024-10-25 09:39:00+00:00,KC,2.674999952316284,2.674999952316284,2.680000066757202,2.6649999618530273,2.6649999618530273,7087.0
2024-10-25 09:39:00+00:00,KLAC,673.25,673.25,673.25,673.25,673.25,817.0
2024-10-25 09:39:00+00:00,LOGI,80.94000244140625,80.94000244140625,80.94000244140625,80.90499877929688,80.90499877929688,1029.0
2024-10-25 09:39:00+00:00,LPSN,1.2199000120162964,1.2199000120162964,1.2199000120162964,1.2199000120162964,1.2199000120162964,0.0
2024-10-25 09:39:00+00:00,LRCX,77.38960266113281,77.38960266113281,77.42500305175781,77.08000183105469,77.13999938964844,35389.0
2024-10-25 09:39:00+00:00,LSCC,54.474998474121094,54.474998474121094,54.474998474121094,54.459999084472656,54.459999084472656,1310.0
2024-10-25 09:39:00+00:00,LTRX,4.050000190734863,4.050000190734863,4.060500144958496,4.050000190734863,4.060500144958496,3281.0
2024-10-25 09:39:00+00:00,LUNA,1.770300030708313,1.770300030708313,1.770300030708313,1.770300030708313,1.770300030708313,1000.0
2024-10-25 09:39:00+00:00,LYFT,13.6899995803833,13.6899995803833,13.694999694824219,13.673999786376953,13.680000305175781,5357.0
2024-10-25 09:39:00+00:00,MAPS,0.8550999760627747,0.8550999760627747,0.8550999760627747,0.8550999760627747,0.8550999760627747,924.0
2024-10-25 09:39:00+00:00,MARK,0.11490000039339066,0.11490000039339066,0.11490000039339066,0.11490000039339066,0.11490000039339066,6300.0
2024-10-25 09:39:00+00:00,MAXN,5.420000076293945,5.420000076293945,5.420000076293945,5.420000076293945,5.420000076293945,153.0
2024-10-25 09:39:00+00:00,MCHP,76.81999969482422,76.81999969482422,76.83000183105469,76.67500305175781,76.67500305175781,9907.0
2024-10-25 09:39:00+00:00,MDB,269.0299987792969,269.0299987792969,269.0299987792969,267.760009765625,267.760009765625,4533.0
2024-10-25 09:39:00+00:00,MITK,8.800000190734863,8.800000190734863,8.800000190734863,8.800000190734863,8.800000190734863,114.0
2024-10-25 09:39:00+00:00,MKSI,100.42500305175781,100.42500305175781,100.43000030517578,100.42500305175781,100.43000030517578,947.0
2024-10-25 09:39:00+00:00,MNDY,300.82000732421875,300.82000732421875,300.82000732421875,299.5,299.5,2040.0
2024-10-25 09:39:00+00:00,MQ,5.324999809265137,5.324999809265137,5.324999809265137,5.324999809265137,5.324999809265137,331.0
2024-10-25 09:39:00+00:00,MRVL,82.33000183105469,82.33000183105469,82.4000015258789,82.2300033569336,82.2300033569336,7794.0
2024-10-25 09:39:00+00:00,MSFT,429.6499938964844,429.6499938964844,429.8550109863281,429.05999755859375,429.0849914550781,89600.0
2024-10-25 09:39:00+00:00,MSTR,232.5,232.5,232.89990234375,231.97000122070312,232.3800048828125,78155.0
2024-10-25 09:39:00+00:00,MTC,0.37229999899864197,0.37229999899864197,0.37229999899864197,0.37229999899864197,0.37229999899864197,9358.0
2024-10-25 09:39:00+00:00,MTLS,6.019999980926514,6.019999980926514,6.019999980926514,6.019999980926514,6.019999980926514,2760.0
2024-10-25 09:39:00+00:00,MTTR,4.644999980926514,4.644999980926514,4.644999980926514,4.644999980926514,4.644999980926514,417.0
2024-10-25 09:39:00+00:00,MU,108.37000274658203,108.37000274658203,108.56999969482422,108.33999633789062,108.55000305175781,38149.0
2024-10-25 09:39:00+00:00,MVIS,1.0950000286102295,1.0950000286102295,1.0986000299453735,1.0950000286102295,1.0986000299453735,2575.0
2024-10-25 09:39:00+00:00,MXL,14.670000076293945,14.670000076293945,14.749300003051758,14.630000114440918,14.670000076293945,16968.0
2024-10-25 09:39:00+00:00,NEON,7.949999809265137,7.949999809265137,7.957699775695801,7.949999809265137,7.957699775695801,3243.0
2024-10-25 09:39:00+00:00,NICE,177.67999267578125,177.67999267578125,177.67999267578125,177.67999267578125,177.67999267578125,407.0
2024-10-25 09:39:00+00:00,NNDM,2.3201000690460205,2.3201000690460205,2.3299999237060547,2.3201000690460205,2.3299999237060547,6353.0
2024-10-25 09:39:00+00:00,NTAP,120.1500015258789,120.1500015258789,120.1500015258789,119.9800033569336,119.9800033569336,842.0
2024-10-25 09:39:00+00:00,NTNX,62.595001220703125,62.595001220703125,62.619998931884766,62.595001220703125,62.61000061035156,1446.0
2024-10-25 09:39:00+00:00,NVDA,141.9947967529297,141.9947967529297,142.33999633789062,141.94000244140625,142.14999389648438,1219310.0
2024-10-25 09:39:00+00:00,NVMI,183.83999633789062,183.83999633789062,183.83999633789062,183.83999633789062,183.83999633789062,1039.0
2024-10-25 09:39:00+00:00,NVTS,2.515000104904175,2.515000104904175,2.515000104904175,2.515000104904175,2.515000104904175,1503.0
2024-10-25 09:39:00+00:00,NXPI,242.6699981689453,242.6699981689453,242.6699981689453,242.6699981689453,242.6699981689453,1319.0
2024-10-25 09:39:00+00:00,ON,71.58999633789062,71.58999633789062,71.65989685058594,71.37000274658203,71.37999725341797,35121.0
2024-10-25 09:39:00+00:00,ONDS,0.9100000262260437,0.9100000262260437,0.9100000262260437,0.9100000262260437,0.9100000262260437,320.0
2024-10-25 09:39:00+00:00,OSPN,14.609999656677246,14.609999656677246,14.609999656677246,14.609999656677246,14.609999656677246,255.0
2024-10-25 09:39:00+00:00,OSS,2.440000057220459,2.440000057220459,2.440000057220459,2.440000057220459,2.440000057220459,923.0
2024-10-25 09:39:00+00:00,OTEX,33.58000183105469,33.58000183105469,33.59000015258789,33.58000183105469,33.59000015258789,1120.0
2024-10-25 09:39:00+00:00,PANW,368.79998779296875,368.79998779296875,368.79998779296875,368.12188720703125,368.12188720703125,9184.0
2024-10-25 09:39:00+00:00,PAYO,8.37279987335205,8.37279987335205,8.375,8.37279987335205,8.375,1911.0
2024-10-25 09:39:00+00:00,PEGA,81.70999908447266,81.70999908447266,81.92990112304688,81.70939636230469,81.92990112304688,4816.0
2024-10-25 09:39:00+00:00,PEGY,4.545000076293945,4.545000076293945,4.545000076293945,4.545000076293945,4.545000076293945,503.0
2024-10-25 09:39:00+00:00,PGY,11.850000381469727,11.850000381469727,11.850000381469727,11.800000190734863,11.845000267028809,4306.0
2024-10-25 09:39:00+00:00,PHUN,9.48009967803955,9.48009967803955,9.5,9.320099830627441,9.399100303649902,157474.0
2024-10-25 09:39:00+00:00,PI,193.25,193.25,193.25,190.4199981689453,190.4199981689453,1886.0
2024-10-25 09:39:00+00:00,PLAB,23.5,23.5,23.5,23.5,23.5,288.0
2024-10-25 09:39:00+00:00,PLXS,145.72999572753906,145.72999572753906,145.72999572753906,145.72999572753906,145.72999572753906,1971.0
2024-10-25 09:39:00+00:00,PRSO,1.6859999895095825,1.6859999895095825,1.6859999895095825,1.6859999895095825,1.6859999895095825,1475.0
2024-10-25 09:39:00+00:00,PRTH,5.409999847412109,5.409999847412109,5.409999847412109,5.409999847412109,5.409999847412109,109.0
2024-10-25 09:39:00+00:00,PUBM,15.029999732971191,15.029999732971191,15.029999732971191,15.029999732971191,15.029999732971191,189.0
2024-10-25 09:39:00+00:00,QCOM,170.4600067138672,170.4600067138672,170.5800018310547,170.35440063476562,170.42999267578125,16912.0
2024-10-25 09:39:00+00:00,QLYS,121.32499694824219,121.32499694824219,121.32499694824219,121.32499694824219,121.32499694824219,1084.0
2024-10-25 09:39:00+00:00,QUBT,1.1210999488830566,1.1210999488830566,1.1398999691009521,1.1200000047683716,1.1216000318527222,28224.0
2024-10-25 09:39:00+00:00,RCAT,2.7360000610351562,2.7360000610351562,2.7360000610351562,2.7300000190734863,2.7300000190734863,602.0
2024-10-25 09:39:00+00:00,REFR,2.077699899673462,2.077699899673462,2.077699899673462,2.077699899673462,2.077699899673462,1008.0
2024-10-25 09:39:00+00:00,RELY,14.645000457763672,14.645000457763672,14.645000457763672,14.645000457763672,14.645000457763672,859.0
2024-10-25 09:39:00+00:00,RGTI,1.25,1.25,1.25,1.2400000095367432,1.2450000047683716,29919.0
2024-10-25 09:39:00+00:00,RIOT,9.86989974975586,9.86989974975586,9.879899978637695,9.821399688720703,9.829999923706055,70168.0
2024-10-25 09:39:00+00:00,RPD,39.2599983215332,39.2599983215332,39.2599983215332,39.2599983215332,39.2599983215332,307.0
2024-10-25 09:39:00+00:00,RUM,5.482999801635742,5.482999801635742,5.489799976348877,5.482999801635742,5.489799976348877,2036.0
2024-10-25 09:39:00+00:00,RUN,14.119999885559082,14.119999885559082,14.140000343322754,14.09000015258789,14.093999862670898,10483.0
2024-10-25 09:39:00+00:00,RXT,2.490000009536743,2.490000009536743,2.492799997329712,2.490000009536743,2.492799997329712,2255.0
2024-10-25 09:39:00+00:00,SANM,67.51000213623047,67.51000213623047,67.51000213623047,67.51000213623047,67.51000213623047,674.0
2024-10-25 09:39:00+00:00,SATS,25.010000228881836,25.010000228881836,25.049400329589844,25.010000228881836,25.040000915527344,2544.0
2024-10-25 09:39:00+00:00,SEDG,15.460000038146973,15.460000038146973,15.460000038146973,15.420000076293945,15.430000305175781,8917.0
2024-10-25 09:39:00+00:00,SHLS,5.15500020980835,5.15500020980835,5.15500020980835,5.150000095367432,5.150000095367432,962.0
2024-10-25 09:39:00+00:00,SKYT,10.640000343322754,10.640000343322754,10.640000343322754,10.609999656677246,10.637999534606934,1728.0
2024-10-25 09:39:00+00:00,SLNH,4.039999961853027,4.039999961853027,4.039999961853027,4.039999961853027,4.039999961853027,1057.0
2024-10-25 09:39:00+00:00,SMCI,46.75,46.75,46.869998931884766,46.72050094604492,46.74020004272461,92756.0
2024-10-25 09:39:00+00:00,SMTC,44.849998474121094,44.849998474121094,44.880001068115234,44.849998474121094,44.880001068115234,2044.0
2024-10-25 09:39:00+00:00,SNPS,501.2300109863281,501.2300109863281,501.75,500.4100036621094,501.4549865722656,6467.0
2024-10-25 09:39:00+00:00,SONO,12.710000038146973,12.710000038146973,12.710000038146973,12.704999923706055,12.704999923706055,616.0
2024-10-25 09:39:00+00:00,SOUN,5.239999771118164,5.239999771118164,5.256700038909912,5.239999771118164,5.255000114440918,62393.0
2024-10-25 09:39:00+00:00,SPSC,188.05999755859375,188.05999755859375,190.8699951171875,186.8699951171875,186.8699951171875,2199.0
2024-10-25 09:39:00+00:00,SPT,27.625,27.625,27.625,27.625,27.625,341.0
2024-10-25 09:39:00+00:00,SRAD,12.34000015258789,12.34000015258789,12.34000015258789,12.329999923706055,12.329999923706055,2498.0
2024-10-25 09:39:00+00:00,SSNC,71.40499877929688,71.40499877929688,71.44000244140625,71.02999877929688,71.02999877929688,19142.0
2024-10-25 09:39:00+00:00,SSYS,7.139999866485596,7.139999866485596,7.139999866485596,7.139999866485596,7.139999866485596,200.0
2024-10-25 09:39:00+00:00,STNE,11.3100004196167,11.3100004196167,11.3100004196167,11.279999732971191,11.279999732971191,16863.0
2024-10-25 09:39:00+00:00,STX,105.46499633789062,105.46499633789062,105.4800033569336,105.37000274658203,105.375,3678.0
2024-10-25 09:39:00+00:00,SVRE,0.08699999749660492,0.08699999749660492,0.08699999749660492,0.0860000029206276,0.0860000029206276,22097.0
2024-10-25 09:39:00+00:00,SWKS,95.8499984741211,95.8499984741211,95.97000122070312,95.8499984741211,95.97000122070312,2646.0
2024-10-25 09:39:00+00:00,SYTA,1.1799999475479126,1.1799999475479126,1.1799999475479126,1.1699999570846558,1.170799970626831,6499.0
2024-10-25 09:39:00+00:00,TASK,11.970000267028809,11.970000267028809,11.970000267028809,11.970000267028809,11.970000267028809,1250.0
2024-10-25 09:39:00+00:00,TCX,19.639999389648438,19.639999389648438,19.639999389648438,19.639999389648438,19.639999389648438,0.0
2024-10-25 09:39:00+00:00,TEAM,190.14500427246094,190.14500427246094,190.14500427246094,190.13999938964844,190.14500427246094,2561.0
2024-10-25 09:39:00+00:00,TER,111.19999694824219,111.19999694824219,111.19999694824219,110.98999786376953,111.16999816894531,7915.0
2024-10-25 09:39:00+00:00,TRMB,61.040000915527344,61.040000915527344,61.064998626708984,61.01499938964844,61.01499938964844,777.0
2024-10-25 09:39:00+00:00,TTD,120.77999877929688,120.77999877929688,120.81999969482422,120.38999938964844,120.42500305175781,21798.0
2024-10-25 09:39:00+00:00,TWKS,4.445000171661377,4.445000171661377,4.449999809265137,4.440000057220459,4.440000057220459,25056.0
2024-10-25 09:39:00+00:00,TXN,209.41000366210938,209.41000366210938,209.52999877929688,209.14999389648438,209.47999572753906,13093.0
2024-10-25 09:39:00+00:00,UCTT,35.7599983215332,35.7599983215332,35.7599983215332,35.7599983215332,35.7599983215332,375.0
2024-10-25 09:39:00+00:00,VECO,29.43000030517578,29.43000030517578,29.43000030517578,29.43000030517578,29.43000030517578,151.0
2024-10-25 09:39:00+00:00,VERI,3.3701000213623047,3.3701000213623047,3.3701000213623047,3.3701000213623047,3.3701000213623047,1000.0
2024-10-25 09:39:00+00:00,VERX,42.404998779296875,42.404998779296875,42.404998779296875,42.404998779296875,42.404998779296875,402.0
2024-10-25 09:39:00+00:00,VMEO,4.729899883270264,4.729899883270264,4.729899883270264,4.729899883270264,4.729899883270264,243.0
2024-10-25 09:39:00+00:00,VRNS,56.244998931884766,56.244998931884766,56.244998931884766,56.130001068115234,56.2400016784668,640.0
2024-10-25 09:39:00+00:00,VRSN,189.0500030517578,189.0500030517578,189.0500030517578,189.0500030517578,189.0500030517578,251.0
2024-10-25 09:39:00+00:00,VSAT,10.297699928283691,10.297699928283691,10.300000190734863,10.295000076293945,10.295000076293945,1586.0
2024-10-25 09:39:00+00:00,VUZI,1.320099949836731,1.320099949836731,1.320099949836731,1.3200000524520874,1.3200000524520874,695.0
2024-10-25 09:39:00+00:00,WDC,72.6698989868164,72.6698989868164,72.93000030517578,72.41909790039062,72.68009948730469,73321.0
2024-10-25 09:39:00+00:00,WISA,1.7699999809265137,1.7699999809265137,1.7799999713897705,1.7619999647140503,1.7699999809265137,6284.0
2024-10-25 09:39:00+00:00,WKEY,2.1494998931884766,2.1494998931884766,2.1494998931884766,2.1494998931884766,2.1494998931884766,158.0
2024-10-25 09:39:00+00:00,XELA,1.9615000486373901,1.9615000486373901,1.9615000486373901,1.9615000486373901,1.9615000486373901,146.0
2024-10-25 09:39:00+00:00,XRX,10.180000305175781,10.180000305175781,10.180000305175781,10.180000305175781,10.180000305175781,819.0
2024-10-25 09:39:00+00:00,ZI,10.489999771118164,10.489999771118164,10.489999771118164,10.489999771118164,10.489999771118164,1338.0
2024-10-25 09:39:00+00:00,ZM,73.01000213623047,73.01000213623047,73.0199966430664,72.87999725341797,72.88999938964844,6431.0
2024-10-25 09:39:00+00:00,ZS,186.69000244140625,186.69000244140625,186.69000244140625,186.5,186.5,1664.0
2024-10-25 09:40:00+00:00,AAOI,17.818199157714844,17.818199157714844,17.850000381469727,17.760000228881836,17.84000015258789,3867.0
2024-10-25 09:40:00+00:00,AAPL,231.13999938964844,231.13999938964844,231.5,231.1199951171875,231.3800048828125,144324.0
2024-10-25 09:40:00+00:00,ACIW,49.1349983215332,49.1349983215332,49.150001525878906,49.09000015258789,49.11000061035156,1649.0
2024-10-25 09:40:00+00:00,ACLS,91.5250015258789,91.5250015258789,91.5250015258789,91.18000030517578,91.27999877929688,3794.0
2024-10-25 09:40:00+00:00,ACMR,19.479999542236328,19.479999542236328,19.544200897216797,19.469999313354492,19.544200897216797,3718.0
2024-10-25 09:40:00+00:00,ADBE,486.6600036621094,486.6600036621094,486.698486328125,486.010009765625,486.010009765625,4198.0
2024-10-25 09:40:00+00:00,ADI,233.5050048828125,233.5050048828125,233.5749969482422,233.00750732421875,233.02000427246094,4683.0
2024-10-25 09:40:00+00:00,ADSK,288.0050048828125,288.0050048828125,288.0050048828125,287.7300109863281,287.8500061035156,4708.0
2024-10-25 09:40:00+00:00,ADTN,6.239999771118164,6.239999771118164,6.239999771118164,6.239999771118164,6.239999771118164,2210.0
2024-10-25 09:40:00+00:00,AEHR,16.300100326538086,16.300100326538086,16.450000762939453,16.300100326538086,16.399999618530273,10458.0
2024-10-25 09:40:00+00:00,AFRM,41.810001373291016,41.810001373291016,41.869998931884766,41.80189895629883,41.83000183105469,12522.0
2024-10-25 09:40:00+00:00,AGYS,112.70500183105469,112.70500183105469,112.70500183105469,112.70500183105469,112.70500183105469,246.0
2024-10-25 09:40:00+00:00,AKAM,103.23500061035156,103.23500061035156,103.23500061035156,103.23500061035156,103.23500061035156,206.0
2024-10-25 09:40:00+00:00,AKTS,0.05700000002980232,0.05700000002980232,0.05700000002980232,0.0568000003695488,0.0568000003695488,11225.0
2024-10-25 09:40:00+00:00,ALGM,21.959999084472656,21.959999084472656,21.959999084472656,21.934999465942383,21.934999465942383,684.0
2024-10-25 09:40:00+00:00,ALKT,38.12369918823242,38.12369918823242,38.12369918823242,38.04999923706055,38.11000061035156,4335.0
2024-10-25 09:40:00+00:00,AMAT,186.82000732421875,186.82000732421875,187.08999633789062,186.67750549316406,186.75999450683594,8687.0
2024-10-25 09:40:00+00:00,AMD,156.75,156.75,156.87100219726562,156.57000732421875,156.70249938964844,128015.0
2024-10-25 09:40:00+00:00,AMKR,29.860000610351562,29.860000610351562,29.899999618530273,29.860000610351562,29.889999389648438,3578.0
2024-10-25 09:40:00+00:00,ANY,1.065000057220459,1.065000057220459,1.065000057220459,1.0571000576019287,1.0598000288009644,30634.0
2024-10-25 09:40:00+00:00,API,2.700000047683716,2.700000047683716,2.7100000381469727,2.694999933242798,2.7100000381469727,1435.0
2024-10-25 09:40:00+00:00,APP,161.8350067138672,161.8350067138672,161.9573974609375,161.76669311523438,161.8000030517578,2857.0
2024-10-25 09:40:00+00:00,APPF,228.65499877929688,228.65499877929688,228.65499877929688,225.82000732421875,225.9499969482422,4537.0
2024-10-25 09:40:00+00:00,APPN,32.58000183105469,32.58000183105469,32.59000015258789,32.54999923706055,32.54999923706055,697.0
2024-10-25 09:40:00+00:00,APPS,3.0999999046325684,3.0999999046325684,3.0999999046325684,3.0999999046325684,3.0999999046325684,102.0
2024-10-25 09:40:00+00:00,ARQQ,7.664899826049805,7.664899826049805,7.664899826049805,7.664899826049805,7.664899826049805,1000.0
2024-10-25 09:40:00+00:00,ARRY,6.199999809265137,6.199999809265137,6.199999809265137,6.164999961853027,6.186299800872803,7825.0
2024-10-25 09:40:00+00:00,ASML,716.9600219726562,716.9600219726562,717.8499755859375,716.9600219726562,717.8499755859375,5883.0
2024-10-25 09:40:00+00:00,AUR,6.340000152587891,6.340000152587891,6.375,6.330999851226807,6.375,8980.0
2024-10-25 09:40:00+00:00,AVDX,8.220000267028809,8.220000267028809,8.220000267028809,8.204999923706055,8.210000038146973,1344.0
2024-10-25 09:40:00+00:00,AVGO,173.5749969482422,173.5749969482422,173.9550018310547,173.5500030517578,173.86500549316406,45479.0
2024-10-25 09:40:00+00:00,AVPT,12.100000381469727,12.100000381469727,12.100000381469727,12.09939956665039,12.100000381469727,449.0
2024-10-25 09:40:00+00:00,AVT,54.5,54.5,54.59000015258789,54.5,54.59000015258789,1223.0
2024-10-25 09:40:00+00:00,AWRE,2.0,2.0,2.0,2.0,2.0,301.0
2024-10-25 09:40:00+00:00,AXTI,2.640000104904175,2.640000104904175,2.6414999961853027,2.640000104904175,2.6414999961853027,201.0
2024-10-25 09:40:00+00:00,BAND,17.719999313354492,17.719999313354492,17.729999542236328,17.719999313354492,17.729999542236328,964.0
2024-10-25 09:40:00+00:00,BASE,16.649999618530273,16.649999618530273,16.649999618530273,16.559999465942383,16.600000381469727,1011.0
2024-10-25 09:40:00+00:00,BCOV,2.233099937438965,2.233099937438965,2.2495999336242676,2.233099937438965,2.2446000576019287,2220.0
2024-10-25 09:40:00+00:00,BMBL,7.295000076293945,7.295000076293945,7.309999942779541,7.289999961853027,7.309999942779541,8781.0
2024-10-25 09:40:00+00:00,BRZE,31.184999465942383,31.184999465942383,31.239999771118164,31.184999465942383,31.239999771118164,735.0
2024-10-25 09:40:00+00:00,BSY,49.27000045776367,49.27000045776367,49.27000045776367,49.17499923706055,49.17499923706055,1035.0
2024-10-25 09:40:00+00:00,CAMP,11.074999809265137,11.074999809265137,11.074999809265137,11.074999809265137,11.074999809265137,3904.0
2024-10-25 09:40:00+00:00,CAN,1.00409996509552,1.00409996509552,1.0049999952316284,1.0,1.0049999952316284,14389.0
2024-10-25 09:40:00+00:00,CCSI,20.15999984741211,20.15999984741211,20.15999984741211,20.06999969482422,20.06999969482422,815.0
2024-10-25 09:40:00+00:00,CDNS,256.2099914550781,256.2099914550781,256.3299865722656,256.2099914550781,256.25,4194.0
2024-10-25 09:40:00+00:00,CDW,220.27999877929688,220.27999877929688,220.5449981689453,220.07000732421875,220.07000732421875,3714.0
2024-10-25 09:40:00+00:00,CETX,0.2939000129699707,0.2939000129699707,0.2948000133037567,0.2930000126361847,0.2948000133037567,10970.0
2024-10-25 09:40:00+00:00,CFLT,22.290000915527344,22.290000915527344,22.3799991607666,22.280000686645508,22.334999084472656,12786.0
2024-10-25 09:40:00+00:00,CGNX,39.060001373291016,39.060001373291016,39.08000183105469,39.02000045776367,39.040000915527344,2615.0
2024-10-25 09:40:00+00:00,CHKP,206.77999877929688,206.77999877929688,206.77999877929688,206.77999877929688,206.77999877929688,984.0
2024-10-25 09:40:00+00:00,CLBT,18.06999969482422,18.06999969482422,18.06999969482422,18.06999969482422,18.06999969482422,212.0
2024-10-25 09:40:00+00:00,CLSK,11.744999885559082,11.744999885559082,11.779999732971191,11.65999984741211,11.774999618530273,196279.0
2024-10-25 09:40:00+00:00,CNXC,45.650001525878906,45.650001525878906,45.650001525878906,45.650001525878906,45.650001525878906,277.0
2024-10-25 09:40:00+00:00,COHR,96.68499755859375,96.68499755859375,96.69499969482422,96.55000305175781,96.55000305175781,3223.0
2024-10-25 09:40:00+00:00,COHU,25.780000686645508,25.780000686645508,25.799999237060547,25.780000686645508,25.799999237060547,1522.0
2024-10-25 09:40:00+00:00,COIN,207.0,207.0,207.35000610351562,206.5,207.35000610351562,28918.0
2024-10-25 09:40:00+00:00,COMM,6.400000095367432,6.400000095367432,6.400000095367432,6.385000228881836,6.389999866485596,9399.0
2024-10-25 09:40:00+00:00,CORZ,13.579999923706055,13.579999923706055,13.725000381469727,13.569999694824219,13.725000381469727,57971.0
2024-10-25 09:40:00+00:00,CORZW,8.010000228881836,8.010000228881836,8.079999923706055,8.010000228881836,8.079999923706055,3006.0
2024-10-25 09:40:00+00:00,CRDO,39.560001373291016,39.560001373291016,39.731998443603516,39.560001373291016,39.70000076293945,3116.0
2024-10-25 09:40:00+00:00,CRNC,2.815000057220459,2.815000057220459,2.819999933242798,2.815000057220459,2.819999933242798,701.0
2024-10-25 09:40:00+00:00,CRSR,6.394999980926514,6.394999980926514,6.394999980926514,6.3917999267578125,6.3917999267578125,555.0
2024-10-25 09:40:00+00:00,CRWD,308.2153015136719,308.2153015136719,308.5,308.0799865722656,308.25,5404.0
2024-10-25 09:40:00+00:00,CSCO,56.35919952392578,56.35919952392578,56.369998931884766,56.35499954223633,56.36000061035156,12331.0
2024-10-25 09:40:00+00:00,CSIQ,12.84000015258789,12.84000015258789,12.849100112915039,12.774999618530273,12.774999618530273,14729.0
2024-10-25 09:40:00+00:00,CTLP,9.130000114440918,9.130000114440918,9.130000114440918,9.130000114440918,9.130000114440918,315.0
2024-10-25 09:40:00+00:00,CTSH,75.2750015258789,75.2750015258789,75.29000091552734,75.23999786376953,75.2699966430664,7283.0
2024-10-25 09:40:00+00:00,CVLT,134.74000549316406,134.74000549316406,134.75,134.6999969482422,134.75,694.0
2024-10-25 09:40:00+00:00,DAKT,13.279999732971191,13.279999732971191,13.279999732971191,13.279999732971191,13.279999732971191,826.0
2024-10-25 09:40:00+00:00,DAVE,40.27000045776367,40.27000045776367,40.27000045776367,40.27000045776367,40.27000045776367,300.0
2024-10-25 09:40:00+00:00,DBX,26.110000610351562,26.110000610351562,26.114999771118164,26.110000610351562,26.114999771118164,1369.0
2024-10-25 09:40:00+00:00,DDOG,126.68000030517578,126.68000030517578,126.83000183105469,126.66500091552734,126.66500091552734,4979.0
2024-10-25 09:40:00+00:00,DLO,8.760000228881836,8.760000228881836,8.760000228881836,8.760000228881836,8.760000228881836,755.0
2024-10-25 09:40:00+00:00,DOMO,7.820000171661377,7.820000171661377,7.820000171661377,7.820000171661377,7.820000171661377,200.0
2024-10-25 09:40:00+00:00,DSGX,104.9800033569336,104.9800033569336,105.19000244140625,104.9800033569336,105.08000183105469,1577.0
2024-10-25 09:40:00+00:00,DTSS,2.539799928665161,2.539799928665161,2.539799928665161,2.515000104904175,2.515000104904175,4020.0
2024-10-25 09:40:00+00:00,DUOL,282.6700134277344,282.6700134277344,283.0400085449219,282.6700134277344,282.7300109863281,761.0
2024-10-25 09:40:00+00:00,ENPH,80.38999938964844,80.38999938964844,80.4000015258789,80.0,80.22989654541016,15576.0
2024-10-25 09:40:00+00:00,ENTG,104.5250015258789,104.5250015258789,104.52999877929688,104.48999786376953,104.48999786376953,834.0
2024-10-25 09:40:00+00:00,ERIC,8.510000228881836,8.510000228881836,8.515000343322754,8.510000228881836,8.515000343322754,1840.0
2024-10-25 09:40:00+00:00,EXLS,39.130001068115234,39.130001068115234,39.150001525878906,39.130001068115234,39.150001525878906,363.0
2024-10-25 09:40:00+00:00,EXTR,14.529999732971191,14.529999732971191,14.529999732971191,14.510000228881836,14.510000228881836,1858.0
2024-10-25 09:40:00+00:00,FFIV,214.92999267578125,214.92999267578125,214.92999267578125,214.92999267578125,214.92999267578125,802.0
2024-10-25 09:40:00+00:00,FIVN,31.290000915527344,31.290000915527344,31.290000915527344,31.184999465942383,31.184999465942383,1525.0
2024-10-25 09:40:00+00:00,FLEX,35.04999923706055,35.04999923706055,35.150001525878906,35.04999923706055,35.08000183105469,14930.0
2024-10-25 09:40:00+00:00,FLYW,17.5049991607666,17.5049991607666,17.540000915527344,17.485000610351562,17.540000915527344,1537.0
2024-10-25 09:40:00+00:00,FORM,44.7400016784668,44.7400016784668,44.7400016784668,44.7400016784668,44.7400016784668,296.0
2024-10-25 09:40:00+00:00,FROG,29.40999984741211,29.40999984741211,29.510000228881836,29.40999984741211,29.489999771118164,566.0
2024-10-25 09:40:00+00:00,FRSH,11.76140022277832,11.76140022277832,11.76140022277832,11.720000267028809,11.720000267028809,4389.0
2024-10-25 09:40:00+00:00,FSLR,196.16000366210938,196.16000366210938,196.5,195.8007049560547,196.49000549316406,7488.0
2024-10-25 09:40:00+00:00,FTCI,0.7050999999046326,0.7050999999046326,0.7050999999046326,0.7050999999046326,0.7050999999046326,0.0
2024-10-25 09:40:00+00:00,FTNT,81.25,81.25,81.31880187988281,81.21499633789062,81.25070190429688,8236.0
2024-10-25 09:40:00+00:00,GCT,25.764999389648438,25.764999389648438,25.764999389648438,25.700000762939453,25.709999084472656,4562.0
2024-10-25 09:40:00+00:00,GDS,21.579999923706055,21.579999923706055,21.639999389648438,21.579999923706055,21.639999389648438,4228.0
2024-10-25 09:40:00+00:00,GDYN,15.550000190734863,15.550000190734863,15.550000190734863,15.550000190734863,15.550000190734863,758.0
2024-10-25 09:40:00+00:00,GFS,40.689998626708984,40.689998626708984,40.790000915527344,40.689998626708984,40.7599983215332,9278.0
2024-10-25 09:40:00+00:00,GILT,4.920000076293945,4.920000076293945,4.920000076293945,4.920000076293945,4.920000076293945,196.0
2024-10-25 09:40:00+00:00,GPRO,1.3300000429153442,1.3300000429153442,1.3300000429153442,1.3300000429153442,1.3300000429153442,325.0
2024-10-25 09:40:00+00:00,GRAB,4.0960001945495605,4.0960001945495605,4.105000019073486,4.090000152587891,4.099999904632568,71473.0
2024-10-25 09:40:00+00:00,GRRR,4.694699764251709,4.694699764251709,4.759900093078613,4.650000095367432,4.755000114440918,11747.0
2024-10-25 09:40:00+00:00,GTLB,56.630001068115234,56.630001068115234,56.630001068115234,56.470001220703125,56.470001220703125,11684.0
2024-10-25 09:40:00+00:00,HCP,33.69499969482422,33.69499969482422,33.69499969482422,33.689998626708984,33.689998626708984,2594.0
2024-10-25 09:40:00+00:00,HIMX,6.164100170135498,6.164100170135498,6.164999961853027,6.164100170135498,6.164999961853027,897.0
2024-10-25 09:40:00+00:00,HOLO,3.9900999069213867,3.9900999069213867,4.019999980926514,3.971100091934204,4.005300045013428,44326.0
2024-10-25 09:40:00+00:00,HOOD,27.18000030517578,27.18000030517578,27.209999084472656,27.139999389648438,27.209999084472656,31320.0
2024-10-25 09:40:00+00:00,IBEX,18.15999984741211,18.15999984741211,18.15999984741211,18.15999984741211,18.15999984741211,396.0
2024-10-25 09:40:00+00:00,IMTE,1.7000000476837158,1.7000000476837158,1.7000000476837158,1.6749999523162842,1.6749999523162842,1288.0
2024-10-25 09:40:00+00:00,INDI,3.4600000381469727,3.4600000381469727,3.4749999046325684,3.4600000381469727,3.4749999046325684,1645.0
2024-10-25 09:40:00+00:00,INOD,19.40999984741211,19.40999984741211,19.565000534057617,19.40999984741211,19.530799865722656,3310.0
2024-10-25 09:40:00+00:00,INTA,50.08000183105469,50.08000183105469,50.08000183105469,49.959999084472656,49.959999084472656,426.0
2024-10-25 09:40:00+00:00,INTC,22.65399932861328,22.65399932861328,22.68000030517578,22.6299991607666,22.650999069213867,182121.0
2024-10-25 09:40:00+00:00,INTU,612.219970703125,612.219970703125,612.219970703125,611.8900146484375,611.8900146484375,2719.0
2024-10-25 09:40:00+00:00,ITI,7.190000057220459,7.190000057220459,7.190000057220459,7.190000057220459,7.190000057220459,412.0
2024-10-25 09:40:00+00:00,JAMF,16.954999923706055,16.954999923706055,16.954999923706055,16.954999923706055,16.954999923706055,471.0
2024-10-25 09:40:00+00:00,JKHY,184.69000244140625,184.69000244140625,184.69000244140625,184.69000244140625,184.69000244140625,689.0
2024-10-25 09:40:00+00:00,KC,2.680000066757202,2.680000066757202,2.680000066757202,2.674999952316284,2.680000066757202,2103.0
2024-10-25 09:40:00+00:00,KLAC,674.3400268554688,674.3400268554688,674.5,673.27001953125,673.27001953125,3157.0
2024-10-25 09:40:00+00:00,KOPN,0.7749999761581421,0.7749999761581421,0.7749999761581421,0.7749999761581421,0.7749999761581421,200.0
2024-10-25 09:40:00+00:00,KOSS,7.210000038146973,7.210000038146973,7.223999977111816,7.210000038146973,7.223999977111816,601.0
2024-10-25 09:40:00+00:00,LINK,4.880000114440918,4.880000114440918,4.880000114440918,4.295000076293945,4.389999866485596,18806.0
2024-10-25 09:40:00+00:00,LPSN,1.2300000190734863,1.2300000190734863,1.2300000190734863,1.2101000547409058,1.2163000106811523,36208.0
2024-10-25 09:40:00+00:00,LRCX,77.33989715576172,77.33989715576172,77.55999755859375,77.30000305175781,77.375,30248.0
2024-10-25 09:40:00+00:00,LSCC,54.48500061035156,54.48500061035156,54.48500061035156,54.474998474121094,54.474998474121094,779.0
2024-10-25 09:40:00+00:00,LYFT,13.680000305175781,13.680000305175781,13.6899995803833,13.670000076293945,13.6899995803833,19687.0
2024-10-25 09:40:00+00:00,MARK,0.11990000307559967,0.11990000307559967,0.11990000307559967,0.11990000307559967,0.11990000307559967,14.0
2024-10-25 09:40:00+00:00,MAXN,5.482500076293945,5.482500076293945,5.482500076293945,5.4045000076293945,5.409999847412109,2400.0
2024-10-25 09:40:00+00:00,MCHP,76.91999816894531,76.91999816894531,76.94999694824219,76.81999969482422,76.81999969482422,20051.0
2024-10-25 09:40:00+00:00,MDB,269.239990234375,269.239990234375,269.4800109863281,269.0,269.0,3769.0
2024-10-25 09:40:00+00:00,MKSI,100.46499633789062,100.46499633789062,100.46499633789062,100.43000030517578,100.43000030517578,974.0
2024-10-25 09:40:00+00:00,MNDY,300.79998779296875,300.79998779296875,300.79998779296875,300.79998779296875,300.79998779296875,369.0
2024-10-25 09:40:00+00:00,MQ,5.340000152587891,5.340000152587891,5.34499979019165,5.329999923706055,5.329999923706055,3487.0
2024-10-25 09:40:00+00:00,MRVL,82.37000274658203,82.37000274658203,82.45999908447266,82.30999755859375,82.30999755859375,8436.0
2024-10-25 09:40:00+00:00,MSFT,429.1000061035156,429.1000061035156,429.7850036621094,429.03009033203125,429.6499938964844,50111.0
2024-10-25 09:40:00+00:00,MSTR,232.39999389648438,232.39999389648438,232.5050048828125,231.24000549316406,232.5050048828125,122677.0
2024-10-25 09:40:00+00:00,MTSI,117.0,117.0,117.30000305175781,117.0,117.30000305175781,807.0
2024-10-25 09:40:00+00:00,MTTR,4.65500020980835,4.65500020980835,4.65500020980835,4.650000095367432,4.650000095367432,5778.0
2024-10-25 09:40:00+00:00,MU,108.15499877929688,108.15499877929688,108.47000122070312,108.10900115966797,108.4000015258789,75806.0
2024-10-25 09:40:00+00:00,MVIS,1.0999000072479248,1.0999000072479248,1.100000023841858,1.0999000072479248,1.100000023841858,8242.0
2024-10-25 09:40:00+00:00,MXL,14.95199966430664,14.95199966430664,14.95199966430664,14.670000076293945,14.670000076293945,8452.0
2024-10-25 09:40:00+00:00,MYNA,1.1894999742507935,1.1894999742507935,1.1894999742507935,1.1894999742507935,1.1894999742507935,0.0
2024-10-25 09:40:00+00:00,NNDM,2.325000047683716,2.325000047683716,2.325000047683716,2.321000099182129,2.322499990463257,3736.0
2024-10-25 09:40:00+00:00,NSIT,211.48500061035156,211.48500061035156,211.48500061035156,211.48500061035156,211.48500061035156,105.0
2024-10-25 09:40:00+00:00,NTAP,120.1449966430664,120.1449966430664,120.29000091552734,120.09549713134766,120.09549713134766,5967.0
2024-10-25 09:40:00+00:00,NTGR,20.228599548339844,20.228599548339844,20.228599548339844,20.228599548339844,20.228599548339844,985.0
2024-10-25 09:40:00+00:00,NTNX,62.66999816894531,62.66999816894531,62.66999816894531,62.630001068115234,62.630001068115234,663.0
2024-10-25 09:40:00+00:00,NVDA,141.87989807128906,141.87989807128906,142.14999389648438,141.8000030517578,141.98350524902344,1052522.0
2024-10-25 09:40:00+00:00,NVTS,2.5035998821258545,2.5035998821258545,2.515000104904175,2.5,2.5146000385284424,9161.0
2024-10-25 09:40:00+00:00,NXPI,243.11500549316406,243.11500549316406,243.11500549316406,242.85499572753906,242.99000549316406,17108.0
2024-10-25 09:40:00+00:00,OKTA,72.63500213623047,72.63500213623047,72.63500213623047,72.63500213623047,72.63500213623047,1457.0
2024-10-25 09:40:00+00:00,OLED,202.91000366210938,202.91000366210938,203.5500030517578,202.91000366210938,203.5500030517578,1714.0
2024-10-25 09:40:00+00:00,ON,71.58999633789062,71.58999633789062,71.68499755859375,71.55000305175781,71.58999633789062,31551.0
2024-10-25 09:40:00+00:00,OTEX,33.619998931884766,33.619998931884766,33.619998931884766,33.599998474121094,33.599998474121094,685.0
2024-10-25 09:40:00+00:00,PEGA,81.69000244140625,81.69000244140625,81.91600036621094,81.6144027709961,81.6144027709961,5571.0
2024-10-25 09:40:00+00:00,PEGY,4.539999961853027,4.539999961853027,4.553999900817871,4.539999961853027,4.545000076293945,6229.0
2024-10-25 09:40:00+00:00,PGY,11.819999694824219,11.819999694824219,11.819999694824219,11.8100004196167,11.8100004196167,1322.0
2024-10-25 09:40:00+00:00,PHUN,9.63010025024414,9.63010025024414,9.670000076293945,9.479999542236328,9.5,261957.0
2024-10-25 09:40:00+00:00,PI,193.06500244140625,193.06500244140625,193.7799072265625,192.57839965820312,192.57839965820312,2541.0
2024-10-25 09:40:00+00:00,POET,4.0,4.0,4.010000228881836,4.0,4.000699996948242,2430.0
2024-10-25 09:40:00+00:00,POWI,62.77000045776367,62.77000045776367,63.15999984741211,62.77000045776367,63.15999984741211,2699.0
2024-10-25 09:40:00+00:00,PRGS,64.69999694824219,64.69999694824219,64.7300033569336,64.69000244140625,64.7300033569336,1796.0
2024-10-25 09:40:00+00:00,PUBM,15.024999618530273,15.024999618530273,15.029999732971191,15.024999618530273,15.029999732971191,477.0
2024-10-25 09:40:00+00:00,PXLW,0.7599999904632568,0.7599999904632568,0.7599999904632568,0.7599999904632568,0.7599999904632568,1150.0
2024-10-25 09:40:00+00:00,PYCR,14.40999984741211,14.40999984741211,14.40999984741211,14.40999984741211,14.40999984741211,110.0
2024-10-25 09:40:00+00:00,QCOM,170.55430603027344,170.55430603027344,170.74000549316406,170.52000427246094,170.52000427246094,17093.0
2024-10-25 09:40:00+00:00,QLYS,121.28500366210938,121.28500366210938,121.28500366210938,121.28500366210938,121.28500366210938,569.0
2024-10-25 09:40:00+00:00,QRVO,100.48999786376953,100.48999786376953,100.48999786376953,100.30999755859375,100.30999755859375,1819.0
2024-10-25 09:40:00+00:00,QUBT,1.1267999410629272,1.1267999410629272,1.1267999410629272,1.1267999410629272,1.1267999410629272,1194.0
2024-10-25 09:40:00+00:00,RCAT,2.7200000286102295,2.7200000286102295,2.7200000286102295,2.7200000286102295,2.7200000286102295,1409.0
2024-10-25 09:40:00+00:00,RELY,14.704999923706055,14.704999923706055,14.710000038146973,14.630000114440918,14.649999618530273,4152.0
2024-10-25 09:40:00+00:00,RGTI,1.2400000095367432,1.2400000095367432,1.25,1.2400000095367432,1.246000051498413,25228.0
2024-10-25 09:40:00+00:00,RIOT,9.85509967803955,9.85509967803955,9.889900207519531,9.824999809265137,9.86989974975586,142038.0
2024-10-25 09:40:00+00:00,RMBS,42.7400016784668,42.7400016784668,42.7400016784668,42.709999084472656,42.709999084472656,1134.0
2024-10-25 09:40:00+00:00,RMNI,1.7301000356674194,1.7301000356674194,1.7301000356674194,1.7301000356674194,1.7301000356674194,204.0
2024-10-25 09:40:00+00:00,RPAY,7.690000057220459,7.690000057220459,7.690000057220459,7.690000057220459,7.690000057220459,213.0
2024-10-25 09:40:00+00:00,RPD,39.290000915527344,39.290000915527344,39.290000915527344,39.290000915527344,39.290000915527344,538.0
2024-10-25 09:40:00+00:00,RUM,5.500100135803223,5.500100135803223,5.500100135803223,5.500100135803223,5.500100135803223,500.0
2024-10-25 09:40:00+00:00,RUMBW,1.274999976158142,1.274999976158142,1.3300000429153442,1.274999976158142,1.3300000429153442,0.0
2024-10-25 09:40:00+00:00,RUN,14.100000381469727,14.100000381469727,14.140000343322754,14.069999694824219,14.129899978637695,21365.0
2024-10-25 09:40:00+00:00,RXT,2.5,2.5,2.5,2.5,2.5,1208.0
2024-10-25 09:40:00+00:00,SEDG,15.529999732971191,15.529999732971191,15.529999732971191,15.4399995803833,15.470000267028809,5816.0
2024-10-25 09:40:00+00:00,SHLS,5.164999961853027,5.164999961853027,5.164999961853027,5.135000228881836,5.150000095367432,10409.0
2024-10-25 09:40:00+00:00,SMCI,46.75,46.75,46.849998474121094,46.650001525878906,46.75,84945.0
2024-10-25 09:40:00+00:00,SMSI,0.8259999752044678,0.8259999752044678,0.8259999752044678,0.8259999752044678,0.8259999752044678,200.0
2024-10-25 09:40:00+00:00,SNPS,501.510009765625,501.510009765625,501.9950866699219,501.4700012207031,501.4700012207031,1900.0
2024-10-25 09:40:00+00:00,SOBR,8.040900230407715,8.040900230407715,8.040900230407715,8.040900230407715,8.040900230407715,300.0
2024-10-25 09:40:00+00:00,SONO,12.704999923706055,12.704999923706055,12.704999923706055,12.704999923706055,12.704999923706055,706.0
2024-10-25 09:40:00+00:00,SOUN,5.232699871063232,5.232699871063232,5.239999771118164,5.210000038146973,5.239999771118164,87681.0
2024-10-25 09:40:00+00:00,SPT,27.704999923706055,27.704999923706055,27.90999984741211,27.704999923706055,27.90999984741211,832.0
2024-10-25 09:40:00+00:00,SSNC,71.38500213623047,71.38500213623047,71.38500213623047,71.2300033569336,71.375,27620.0
2024-10-25 09:40:00+00:00,SSYS,7.139999866485596,7.139999866485596,7.139999866485596,7.121699810028076,7.121699810028076,307.0
2024-10-25 09:40:00+00:00,STNE,11.300000190734863,11.300000190734863,11.305000305175781,11.28499984741211,11.300000190734863,10230.0
2024-10-25 09:40:00+00:00,STX,105.58000183105469,105.58000183105469,105.58000183105469,105.58000183105469,105.58000183105469,1429.0
2024-10-25 09:40:00+00:00,SVRE,0.08730000257492065,0.08730000257492065,0.08749999850988388,0.08709999918937683,0.08709999918937683,15442.0
2024-10-25 09:40:00+00:00,SWKS,95.96710205078125,95.96710205078125,96.02999877929688,95.96710205078125,96.02999877929688,888.0
2024-10-25 09:40:00+00:00,SYTA,1.169700026512146,1.169700026512146,1.169700026512146,1.160099983215332,1.160099983215332,7758.0
2024-10-25 09:40:00+00:00,TEAM,190.0749969482422,190.0749969482422,190.0749969482422,190.0749969482422,190.0749969482422,1396.0
2024-10-25 09:40:00+00:00,TENB,41.189998626708984,41.189998626708984,41.290000915527344,41.189998626708984,41.290000915527344,690.0
2024-10-25 09:40:00+00:00,TER,111.375,111.375,111.41500091552734,111.25,111.25,5362.0
2024-10-25 09:40:00+00:00,TRMB,61.040000915527344,61.040000915527344,61.08000183105469,61.040000915527344,61.060001373291016,1612.0
2024-10-25 09:40:00+00:00,TSEM,44.369998931884766,44.369998931884766,44.369998931884766,44.369998931884766,44.369998931884766,149.0
2024-10-25 09:40:00+00:00,TTD,120.68000030517578,120.68000030517578,120.79000091552734,120.61009979248047,120.70500183105469,3166.0
2024-10-25 09:40:00+00:00,TTMI,19.479999542236328,19.479999542236328,19.479999542236328,19.450000762939453,19.450000762939453,577.0
2024-10-25 09:40:00+00:00,TWKS,4.449999809265137,4.449999809265137,4.449999809265137,4.449999809265137,4.449999809265137,1804.0
2024-10-25 09:40:00+00:00,TXN,209.75999450683594,209.75999450683594,209.75999450683594,209.4199981689453,209.52000427246094,11385.0
2024-10-25 09:40:00+00:00,UCTT,35.9900016784668,35.9900016784668,36.0,35.88999938964844,35.88999938964844,1667.0
2024-10-25 09:40:00+00:00,VECO,29.334999084472656,29.334999084472656,29.420000076293945,29.325000762939453,29.399999618530273,2117.0
2024-10-25 09:40:00+00:00,VERI,3.3499999046325684,3.3499999046325684,3.369999885559082,3.3499999046325684,3.369999885559082,514.0
2024-10-25 09:40:00+00:00,VICR,46.45000076293945,46.45000076293945,46.560001373291016,46.33000183105469,46.560001373291016,1961.0
2024-10-25 09:40:00+00:00,VMEO,4.730000019073486,4.730000019073486,4.730000019073486,4.730000019073486,4.730000019073486,2155.0
2024-10-25 09:40:00+00:00,VNET,3.4149999618530273,3.4149999618530273,3.4149999618530273,3.4149999618530273,3.4149999618530273,260.0
2024-10-25 09:40:00+00:00,VRNS,56.58000183105469,56.58000183105469,56.58000183105469,56.29999923706055,56.29999923706055,5719.0
2024-10-25 09:40:00+00:00,VRSN,189.35000610351562,189.35000610351562,189.35000610351562,188.6699981689453,188.6699981689453,1315.0
2024-10-25 09:40:00+00:00,VUZI,1.3250000476837158,1.3250000476837158,1.3250000476837158,1.320099949836731,1.320099949836731,1099.0
2024-10-25 09:40:00+00:00,WDAY,240.60000610351562,240.60000610351562,240.60000610351562,240.3800048828125,240.3800048828125,2748.0
2024-10-25 09:40:00+00:00,WDC,72.41999816894531,72.41999816894531,72.5999984741211,72.19999694824219,72.55999755859375,68996.0
2024-10-25 09:40:00+00:00,WISA,1.774999976158142,1.774999976158142,1.7799999713897705,1.774999976158142,1.774999976158142,2301.0
2024-10-25 09:40:00+00:00,XELA,1.9600000381469727,1.9600000381469727,1.999899983406067,1.9600000381469727,1.999899983406067,6306.0
2024-10-25 09:40:00+00:00,XPER,9.380000114440918,9.380000114440918,9.380000114440918,9.359999656677246,9.359999656677246,1209.0
2024-10-25 09:40:00+00:00,XRX,10.199999809265137,10.199999809265137,10.199999809265137,10.18690013885498,10.18690013885498,3644.0
2024-10-25 09:40:00+00:00,ZM,73.11000061035156,73.11000061035156,73.11000061035156,73.06999969482422,73.08999633789062,5622.0
2024-10-25 09:40:00+00:00,ZS,187.0500030517578,187.0500030517578,187.13999938964844,186.75999450683594,186.75999450683594,6318.0
2024-10-25 09:41:00+00:00,AAOI,17.799999237060547,17.799999237060547,17.829999923706055,17.799999237060547,17.799999237060547,2887.0
2024-10-25 09:41:00+00:00,AAPL,231.1898956298828,231.1898956298828,231.24000549316406,231.01010131835938,231.16000366210938,105436.0
2024-10-25 09:41:00+00:00,ACLS,91.47660064697266,91.47660064697266,91.47660064697266,91.47660064697266,91.47660064697266,235.0
2024-10-25 09:41:00+00:00,ACMR,19.459999084472656,19.459999084472656,19.459999084472656,19.399999618530273,19.399999618530273,1589.0
2024-10-25 09:41:00+00:00,ADBE,486.2409973144531,486.2409973144531,486.79998779296875,486.1499938964844,486.79998779296875,4597.0
2024-10-25 09:41:00+00:00,ADI,233.80499267578125,233.80499267578125,233.97000122070312,233.50999450683594,233.50999450683594,3447.0
2024-10-25 09:41:00+00:00,AEHR,16.299999237060547,16.299999237060547,16.33609962463379,16.250900268554688,16.30900001525879,3415.0
2024-10-25 09:41:00+00:00,AFRM,41.790000915527344,41.790000915527344,41.83000183105469,41.74800109863281,41.78499984741211,14930.0
2024-10-25 09:41:00+00:00,AKAM,103.20590209960938,103.20590209960938,103.25,103.20590209960938,103.20999908447266,1031.0
2024-10-25 09:41:00+00:00,AKTS,0.05700000002980232,0.05700000002980232,0.05700000002980232,0.0568000003695488,0.05689999833703041,3531.0
2024-10-25 09:41:00+00:00,ALGM,22.000099182128906,22.000099182128906,22.000099182128906,21.979999542236328,21.979999542236328,3516.0
2024-10-25 09:41:00+00:00,ALKT,38.15999984741211,38.15999984741211,38.15999984741211,38.15999984741211,38.15999984741211,0.0
2024-10-25 09:41:00+00:00,ALLT,3.401400089263916,3.401400089263916,3.401400089263916,3.401400089263916,3.401400089263916,744.0
2024-10-25 09:41:00+00:00,AMAT,186.7449951171875,186.7449951171875,186.82000732421875,186.72999572753906,186.8000030517578,3803.0
2024-10-25 09:41:00+00:00,AMD,156.72000122070312,156.72000122070312,156.78990173339844,156.61000061035156,156.7449951171875,101985.0
2024-10-25 09:41:00+00:00,ANSS,325.8900146484375,325.8900146484375,325.8900146484375,325.6700134277344,325.6700134277344,761.0
2024-10-25 09:41:00+00:00,ANY,1.065999984741211,1.065999984741211,1.0700000524520874,1.065999984741211,1.0700000524520874,0.0
2024-10-25 09:41:00+00:00,AOSL,36.0880012512207,36.0880012512207,36.0880012512207,36.0880012512207,36.0880012512207,182.0
2024-10-25 09:41:00+00:00,APP,161.7987060546875,161.7987060546875,161.9499969482422,161.6300048828125,161.8350067138672,10329.0
2024-10-25 09:41:00+00:00,APPF,228.52999877929688,228.52999877929688,229.77549743652344,227.49009704589844,228.27999877929688,19887.0
2024-10-25 09:41:00+00:00,APPS,3.0903000831604004,3.0903000831604004,3.0999999046325684,3.0899999141693115,3.0913000106811523,5399.0
2024-10-25 09:41:00+00:00,ARQQ,7.552000045776367,7.552000045776367,7.552000045776367,7.552000045776367,7.552000045776367,0.0
2024-10-25 09:41:00+00:00,ARRY,6.195000171661377,6.195000171661377,6.210000038146973,6.195000171661377,6.210000038146973,1850.0
2024-10-25 09:41:00+00:00,ASML,716.5501098632812,716.5501098632812,716.9299926757812,716.5501098632812,716.8692016601562,1951.0
2024-10-25 09:41:00+00:00,AUR,6.34499979019165,6.34499979019165,6.34499979019165,6.340000152587891,6.34499979019165,2830.0
2024-10-25 09:41:00+00:00,AVDX,8.225000381469727,8.225000381469727,8.234999656677246,8.225000381469727,8.234999656677246,1642.0
2024-10-25 09:41:00+00:00,AVGO,173.52999877929688,173.52999877929688,173.7100067138672,173.3800048828125,173.65499877929688,64499.0
2024-10-25 09:41:00+00:00,AVPT,12.10569953918457,12.10569953918457,12.10569953918457,12.100000381469727,12.100099563598633,1781.0
2024-10-25 09:41:00+00:00,AXTI,2.6298999786376953,2.6298999786376953,2.6298999786376953,2.6298999786376953,2.6298999786376953,196.0
2024-10-25 09:41:00+00:00,BASE,16.639999389648438,16.639999389648438,16.639999389648438,16.639999389648438,16.639999389648438,257.0
2024-10-25 09:41:00+00:00,BCOV,2.2399001121520996,2.2399001121520996,2.2399001121520996,2.2399001121520996,2.2399001121520996,0.0
2024-10-25 09:41:00+00:00,BIGC,5.340000152587891,5.340000152587891,5.340000152587891,5.340000152587891,5.340000152587891,120.0
2024-10-25 09:41:00+00:00,BRZE,31.041799545288086,31.041799545288086,31.155000686645508,31.041799545288086,31.155000686645508,3151.0
2024-10-25 09:41:00+00:00,CAN,1.000100016593933,1.000100016593933,1.000100016593933,1.0,1.0,87782.0
2024-10-25 09:41:00+00:00,CDNS,256.07501220703125,256.07501220703125,256.2149963378906,255.91000366210938,256.2149963378906,3625.0
2024-10-25 09:41:00+00:00,CDW,219.84080505371094,219.84080505371094,220.1300048828125,219.84080505371094,220.1300048828125,712.0
2024-10-25 09:41:00+00:00,CETX,0.2935999929904938,0.2935999929904938,0.2935999929904938,0.2921999990940094,0.2930000126361847,97535.0
2024-10-25 09:41:00+00:00,CEVA,23.885000228881836,23.885000228881836,23.885000228881836,23.885000228881836,23.885000228881836,345.0
2024-10-25 09:41:00+00:00,CFLT,22.280000686645508,22.280000686645508,22.299999237060547,22.280000686645508,22.299999237060547,14258.0
2024-10-25 09:41:00+00:00,CGNX,39.0099983215332,39.0099983215332,39.04999923706055,39.0,39.04999923706055,2496.0
2024-10-25 09:41:00+00:00,CISO,0.9009000062942505,0.9009000062942505,0.9009000062942505,0.9009000062942505,0.9009000062942505,5180.0
2024-10-25 09:41:00+00:00,CLBT,18.01799964904785,18.01799964904785,18.06999969482422,18.01799964904785,18.06999969482422,738.0
2024-10-25 09:41:00+00:00,CLSK,11.721500396728516,11.721500396728516,11.75,11.6899995803833,11.734999656677246,62921.0
2024-10-25 09:41:00+00:00,CNDT,3.6700000762939453,3.6700000762939453,3.6700000762939453,3.6700000762939453,3.6700000762939453,1214.0
2024-10-25 09:41:00+00:00,COHR,96.6500015258789,96.6500015258789,96.79000091552734,96.55000305175781,96.62999725341797,8163.0
2024-10-25 09:41:00+00:00,COIN,206.8699951171875,206.8699951171875,207.38929748535156,206.72000122070312,207.0010986328125,17139.0
2024-10-25 09:41:00+00:00,CORZ,13.555000305175781,13.555000305175781,13.569999694824219,13.553999900817871,13.569999694824219,7099.0
2024-10-25 09:41:00+00:00,CRDO,39.58000183105469,39.58000183105469,39.619998931884766,39.55500030517578,39.619998931884766,1542.0
2024-10-25 09:41:00+00:00,CRUS,122.44000244140625,122.44000244140625,122.44000244140625,121.80750274658203,122.06999969482422,2063.0
2024-10-25 09:41:00+00:00,CRWD,307.6000061035156,307.6000061035156,308.32000732421875,307.6000061035156,308.2699890136719,7620.0
2024-10-25 09:41:00+00:00,CSCO,56.310001373291016,56.310001373291016,56.349998474121094,56.310001373291016,56.349998474121094,14707.0
2024-10-25 09:41:00+00:00,CSIQ,12.864500045776367,12.864500045776367,12.920000076293945,12.810099601745605,12.826000213623047,29043.0
2024-10-25 09:41:00+00:00,CTSH,75.23999786376953,75.23999786376953,75.27999877929688,75.22000122070312,75.2699966430664,4916.0
2024-10-25 09:41:00+00:00,CYBR,298.5299987792969,298.5299987792969,298.5299987792969,298.5299987792969,298.5299987792969,1061.0
2024-10-25 09:41:00+00:00,CYN,3.7100000381469727,3.7100000381469727,3.7100000381469727,3.6600000858306885,3.6600000858306885,748.0
2024-10-25 09:41:00+00:00,DAKT,13.234999656677246,13.234999656677246,13.260000228881836,13.234999656677246,13.260000228881836,766.0
2024-10-25 09:41:00+00:00,DATS,1.559999942779541,1.559999942779541,1.5651999711990356,1.5499999523162842,1.5499999523162842,1700.0
2024-10-25 09:41:00+00:00,DAVE,40.5,40.5,40.5,40.5,40.5,161.0
2024-10-25 09:41:00+00:00,DBX,26.1200008392334,26.1200008392334,26.1200008392334,26.1200008392334,26.1200008392334,3657.0
2024-10-25 09:41:00+00:00,DDOG,126.52999877929688,126.52999877929688,126.83999633789062,126.52999877929688,126.65499877929688,6277.0
2024-10-25 09:41:00+00:00,DLO,8.775799751281738,8.775799751281738,8.775799751281738,8.775799751281738,8.775799751281738,2397.0
2024-10-25 09:41:00+00:00,DMRC,31.040000915527344,31.040000915527344,31.040000915527344,31.030000686645508,31.030000686645508,426.0
2024-10-25 09:41:00+00:00,DOCU,70.69999694824219,70.69999694824219,70.73500061035156,70.62000274658203,70.73500061035156,1797.0
2024-10-25 09:41:00+00:00,DOMO,7.804999828338623,7.804999828338623,7.804999828338623,7.804999828338623,7.804999828338623,8.0
2024-10-25 09:41:00+00:00,EEFT,100.54000091552734,100.54000091552734,100.87999725341797,100.4800033569336,100.87999725341797,2350.0
2024-10-25 09:41:00+00:00,ENPH,80.26000213623047,80.26000213623047,80.63999938964844,80.25,80.29000091552734,10082.0
2024-10-25 09:41:00+00:00,ENTG,104.58000183105469,104.58000183105469,104.58000183105469,104.55000305175781,104.55000305175781,392.0
2024-10-25 09:41:00+00:00,ERIC,8.505000114440918,8.505000114440918,8.510000228881836,8.505000114440918,8.510000228881836,17864.0
2024-10-25 09:41:00+00:00,EXTR,14.529999732971191,14.529999732971191,14.529999732971191,14.515000343322754,14.529999732971191,1203.0
2024-10-25 09:41:00+00:00,FIVN,31.266399383544922,31.266399383544922,31.266399383544922,31.266399383544922,31.266399383544922,205.0
2024-10-25 09:41:00+00:00,FLEX,35.09000015258789,35.09000015258789,35.10499954223633,35.084999084472656,35.10499954223633,1132.0
2024-10-25 09:41:00+00:00,FLYW,17.5,17.5,17.55500030517578,17.5,17.530000686645508,1301.0
2024-10-25 09:41:00+00:00,FORM,44.764400482177734,44.764400482177734,44.82500076293945,44.764400482177734,44.82500076293945,261.0
2024-10-25 09:41:00+00:00,FROG,29.309999465942383,29.309999465942383,29.405000686645508,29.309999465942383,29.405000686645508,275.0
2024-10-25 09:41:00+00:00,FRSH,11.75,11.75,11.770000457763672,11.75,11.770000457763672,1008.0
2024-10-25 09:41:00+00:00,FSLR,196.0,196.0,196.3800048828125,195.85000610351562,196.3408966064453,4440.0
2024-10-25 09:41:00+00:00,FTNT,81.11000061035156,81.11000061035156,81.25,81.11000061035156,81.25,3660.0
2024-10-25 09:41:00+00:00,GCT,25.6200008392334,25.6200008392334,25.764999389648438,25.6200008392334,25.764999389648438,5150.0
2024-10-25 09:41:00+00:00,GFS,40.77000045776367,40.77000045776367,40.77000045776367,40.77000045776367,40.77000045776367,434.0
2024-10-25 09:41:00+00:00,GPRO,1.3300000429153442,1.3300000429153442,1.3300000429153442,1.3300000429153442,1.3300000429153442,65.0
2024-10-25 09:41:00+00:00,GRAB,4.085000038146973,4.085000038146973,4.09499979019165,4.079999923706055,4.090000152587891,113301.0
2024-10-25 09:41:00+00:00,GRRR,4.710000038146973,4.710000038146973,4.710000038146973,4.639999866485596,4.659999847412109,4690.0
2024-10-25 09:41:00+00:00,GSIT,3.240000009536743,3.240000009536743,3.240000009536743,3.240000009536743,3.240000009536743,652.0
2024-10-25 09:41:00+00:00,GTLB,56.665000915527344,56.665000915527344,56.70989990234375,56.48500061035156,56.48500061035156,9168.0
2024-10-25 09:41:00+00:00,HCP,33.689998626708984,33.689998626708984,33.689998626708984,33.689998626708984,33.689998626708984,2495.0
2024-10-25 09:41:00+00:00,HIMX,6.170000076293945,6.170000076293945,6.170000076293945,6.15500020980835,6.15500020980835,12166.0
2024-10-25 09:41:00+00:00,HOLO,3.9904000759124756,3.9904000759124756,4.019999980926514,3.990000009536743,3.990000009536743,19576.0
2024-10-25 09:41:00+00:00,HOLOW,0.03739999979734421,0.03739999979734421,0.03739999979734421,0.03739999979734421,0.03739999979734421,0.0
2024-10-25 09:41:00+00:00,HOOD,27.18000030517578,27.18000030517578,27.200000762939453,27.170000076293945,27.19499969482422,14044.0
2024-10-25 09:41:00+00:00,ICHR,27.420000076293945,27.420000076293945,27.420000076293945,27.420000076293945,27.420000076293945,506.0
2024-10-25 09:41:00+00:00,IIIV,22.959999084472656,22.959999084472656,22.959999084472656,22.959999084472656,22.959999084472656,0.0
2024-10-25 09:41:00+00:00,IMTE,1.7100000381469727,1.7100000381469727,1.7100000381469727,1.7037999629974365,1.7037999629974365,2935.0
2024-10-25 09:41:00+00:00,INDI,3.4649999141693115,3.4649999141693115,3.4749999046325684,3.4649999141693115,3.4700000286102295,23316.0
2024-10-25 09:41:00+00:00,INFN,6.815000057220459,6.815000057220459,6.820000171661377,6.815000057220459,6.820000171661377,9830.0
2024-10-25 09:41:00+00:00,INTA,50.11000061035156,50.11000061035156,50.11000061035156,50.11000061035156,50.11000061035156,978.0
2024-10-25 09:41:00+00:00,INTC,22.640100479125977,22.640100479125977,22.666500091552734,22.640100479125977,22.650699615478516,121883.0
2024-10-25 09:41:00+00:00,INTU,612.1799926757812,612.1799926757812,612.2100219726562,611.6300048828125,611.6400146484375,3787.0
2024-10-25 09:41:00+00:00,KARO,38.83000183105469,38.83000183105469,38.869998931884766,38.83000183105469,38.869998931884766,1029.0
2024-10-25 09:41:00+00:00,KC,2.674999952316284,2.674999952316284,2.680000066757202,2.6700000762939453,2.674999952316284,5499.0
2024-10-25 09:41:00+00:00,KLAC,673.0,673.0,673.75,673.0,673.75,1500.0
2024-10-25 09:41:00+00:00,KOPN,0.7700999975204468,0.7700999975204468,0.7700999975204468,0.7700999975204468,0.7700999975204468,850.0
2024-10-25 09:41:00+00:00,LINK,4.940000057220459,4.940000057220459,4.94379997253418,4.526700019836426,4.690000057220459,34289.0
2024-10-25 09:41:00+00:00,LITE,64.2699966430664,64.2699966430664,64.30999755859375,64.2699966430664,64.30999755859375,283.0
2024-10-25 09:41:00+00:00,LPSN,1.2300000190734863,1.2300000190734863,1.2300000190734863,1.221500039100647,1.221500039100647,28800.0
2024-10-25 09:41:00+00:00,LPTH,1.658400058746338,1.658400058746338,1.6699999570846558,1.658400058746338,1.6699999570846558,719.0
2024-10-25 09:41:00+00:00,LRCX,77.37000274658203,77.37000274658203,77.37000274658203,77.26000213623047,77.29000091552734,19285.0
2024-10-25 09:41:00+00:00,LYFT,13.694999694824219,13.694999694824219,13.710000038146973,13.6899995803833,13.6899995803833,10897.0
2024-10-25 09:41:00+00:00,MANH,276.5,276.5,276.5,276.489990234375,276.489990234375,765.0
2024-10-25 09:41:00+00:00,MAXN,5.480000019073486,5.480000019073486,5.489999771118164,5.480000019073486,5.480000019073486,1373.0
2024-10-25 09:41:00+00:00,MCHP,77.08999633789062,77.08999633789062,77.11000061035156,76.94499969482422,76.94499969482422,12045.0
2024-10-25 09:41:00+00:00,MDB,269.2300109863281,269.2300109863281,269.7200012207031,269.14691162109375,269.31500244140625,1413.0
2024-10-25 09:41:00+00:00,MITK,8.800000190734863,8.800000190734863,8.800000190734863,8.800000190734863,8.800000190734863,339.0
2024-10-25 09:41:00+00:00,MQ,5.364999771118164,5.364999771118164,5.364999771118164,5.340000152587891,5.340000152587891,2544.0
2024-10-25 09:41:00+00:00,MRVL,82.31999969482422,82.31999969482422,82.45999908447266,82.31999969482422,82.34239959716797,9548.0
2024-10-25 09:41:00+00:00,MSFT,428.9700012207031,428.9700012207031,429.5,428.9599914550781,429.1199951171875,33493.0
2024-10-25 09:41:00+00:00,MSTR,232.1049041748047,232.1049041748047,232.55999755859375,231.32400512695312,232.289306640625,81972.0
2024-10-25 09:41:00+00:00,MTSI,117.0999984741211,117.0999984741211,117.0999984741211,117.0999984741211,117.0999984741211,308.0
2024-10-25 09:41:00+00:00,MTTR,4.65500020980835,4.65500020980835,4.65500020980835,4.65500020980835,4.65500020980835,400.0
2024-10-25 09:41:00+00:00,MU,108.08999633789062,108.08999633789062,108.2428970336914,107.9800033569336,108.15499877929688,71541.0
2024-10-25 09:41:00+00:00,MXL,15.050000190734863,15.050000190734863,15.050000190734863,14.914999961853027,14.920000076293945,3583.0
2024-10-25 09:41:00+00:00,NTAP,120.1500015258789,120.1500015258789,120.1500015258789,120.1500015258789,120.1500015258789,355.0
2024-10-25 09:41:00+00:00,NTCT,20.639999389648438,20.639999389648438,20.639999389648438,20.639999389648438,20.639999389648438,439.0
2024-10-25 09:41:00+00:00,NTNX,62.75,62.75,62.75,62.72999954223633,62.72999954223633,673.0
2024-10-25 09:41:00+00:00,NVDA,141.8292999267578,141.8292999267578,141.95989990234375,141.72000122070312,141.8699951171875,949894.0
2024-10-25 09:41:00+00:00,NVEI,33.560001373291016,33.560001373291016,33.560001373291016,33.560001373291016,33.560001373291016,372.0
2024-10-25 09:41:00+00:00,NVMI,183.92999267578125,183.92999267578125,183.92999267578125,183.82000732421875,183.82000732421875,1041.0
2024-10-25 09:41:00+00:00,NVTS,2.5199999809265137,2.5199999809265137,2.5199999809265137,2.505000114440918,2.505000114440918,2530.0
2024-10-25 09:41:00+00:00,NXPI,243.17999267578125,243.17999267578125,243.3800048828125,243.17999267578125,243.3800048828125,1205.0
2024-10-25 09:41:00+00:00,OKTA,72.70999908447266,72.70999908447266,72.70999908447266,72.59500122070312,72.59500122070312,2224.0
2024-10-25 09:41:00+00:00,ON,71.81999969482422,71.81999969482422,71.8499984741211,71.55000305175781,71.62000274658203,39491.0
2024-10-25 09:41:00+00:00,OTEX,33.54499816894531,33.54499816894531,33.599998474121094,33.54499816894531,33.599998474121094,1118.0
2024-10-25 09:41:00+00:00,PANW,368.9700012207031,368.9700012207031,368.9700012207031,368.7200012207031,368.7200012207031,4091.0
2024-10-25 09:41:00+00:00,PAYO,8.375,8.375,8.375,8.369999885559082,8.369999885559082,2533.0
2024-10-25 09:41:00+00:00,PEGA,81.9000015258789,81.9000015258789,81.9000015258789,81.68000030517578,81.68499755859375,3772.0
2024-10-25 09:41:00+00:00,PEGY,4.500100135803223,4.500100135803223,4.525000095367432,4.5,4.525000095367432,2786.0
2024-10-25 09:41:00+00:00,PET,0.8289999961853027,0.8289999961853027,0.8289999961853027,0.8289999961853027,0.8289999961853027,0.0
2024-10-25 09:41:00+00:00,PGY,11.755000114440918,11.755000114440918,11.789999961853027,11.755000114440918,11.770000457763672,3933.0
2024-10-25 09:41:00+00:00,PHUN,9.593099594116211,9.593099594116211,9.6899995803833,9.530099868774414,9.645000457763672,127204.0
2024-10-25 09:41:00+00:00,PI,192.72250366210938,192.72250366210938,193.25,192.360107421875,193.14999389648438,3703.0
2024-10-25 09:41:00+00:00,PLXS,145.4199981689453,145.4199981689453,145.4199981689453,145.4199981689453,145.4199981689453,512.0
2024-10-25 09:41:00+00:00,POWI,62.7599983215332,62.7599983215332,62.7599983215332,62.7599983215332,62.7599983215332,319.0
2024-10-25 09:41:00+00:00,PRGS,64.68000030517578,64.68000030517578,64.68000030517578,64.59030151367188,64.59030151367188,837.0
2024-10-25 09:41:00+00:00,PRSO,1.715000033378601,1.715000033378601,1.715000033378601,1.715000033378601,1.715000033378601,2368.0
2024-10-25 09:41:00+00:00,PRST,0.003100000089034438,0.003100000089034438,0.003100000089034438,0.003100000089034438,0.003100000089034438,5602.0
2024-10-25 09:41:00+00:00,PUBM,14.984999656677246,14.984999656677246,15.0,14.984999656677246,15.0,1179.0
2024-10-25 09:41:00+00:00,PYCR,14.430000305175781,14.430000305175781,14.430000305175781,14.420000076293945,14.420000076293945,831.0
2024-10-25 09:41:00+00:00,QCOM,170.44000244140625,170.44000244140625,170.64999389648438,170.44000244140625,170.60000610351562,15990.0
2024-10-25 09:41:00+00:00,QRVO,100.54499816894531,100.54499816894531,100.55000305175781,100.45999908447266,100.55000305175781,1363.0
2024-10-25 09:41:00+00:00,QUBT,1.120300054550171,1.120300054550171,1.120300054550171,1.1200000047683716,1.1200000047683716,6697.0
2024-10-25 09:41:00+00:00,RCAT,2.7399001121520996,2.7399001121520996,2.740000009536743,2.7399001121520996,2.740000009536743,989.0
2024-10-25 09:41:00+00:00,RELY,14.720000267028809,14.720000267028809,14.720000267028809,14.6899995803833,14.6899995803833,2744.0
2024-10-25 09:41:00+00:00,RGTI,1.2400000095367432,1.2400000095367432,1.2489999532699585,1.2400000095367432,1.243299961090088,6150.0
2024-10-25 09:41:00+00:00,RIOT,9.845000267028809,9.845000267028809,9.880000114440918,9.829999923706055,9.86989974975586,63965.0
2024-10-25 09:41:00+00:00,RMBS,42.72999954223633,42.72999954223633,42.72999954223633,42.72999954223633,42.72999954223633,260.0
2024-10-25 09:41:00+00:00,RMNI,1.7300000190734863,1.7300000190734863,1.7301000356674194,1.7300000190734863,1.7301000356674194,642.0
2024-10-25 09:41:00+00:00,RPAY,7.690000057220459,7.690000057220459,7.690000057220459,7.690000057220459,7.690000057220459,441.0
2024-10-25 09:41:00+00:00,RUM,5.505000114440918,5.505000114440918,5.505000114440918,5.5,5.5,4318.0
2024-10-25 09:41:00+00:00,RUMBW,1.2836999893188477,1.2836999893188477,1.2836999893188477,1.2836999893188477,1.2836999893188477,498.0
2024-10-25 09:41:00+00:00,RUN,14.145000457763672,14.145000457763672,14.170000076293945,14.13029956817627,14.149999618530273,10564.0
2024-10-25 09:41:00+00:00,SANM,67.83999633789062,67.83999633789062,67.83999633789062,67.57499694824219,67.57499694824219,358.0
2024-10-25 09:41:00+00:00,SEDG,15.505000114440918,15.505000114440918,15.529999732971191,15.48009967803955,15.486100196838379,13086.0
2024-10-25 09:41:00+00:00,SHLS,5.164999961853027,5.164999961853027,5.164999961853027,5.159999847412109,5.159999847412109,1200.0
2024-10-25 09:41:00+00:00,SKYT,10.630999565124512,10.630999565124512,10.649999618530273,10.630999565124512,10.649999618530273,410.0
2024-10-25 09:41:00+00:00,SMCI,46.97990036010742,46.97990036010742,46.97990036010742,46.73030090332031,46.77000045776367,91537.0
2024-10-25 09:41:00+00:00,SMTC,44.9900016784668,44.9900016784668,44.9900016784668,44.810001373291016,44.88999938964844,1005.0
2024-10-25 09:41:00+00:00,SNPS,500.5799865722656,500.5799865722656,500.5799865722656,500.5799865722656,500.5799865722656,448.0
2024-10-25 09:41:00+00:00,SONO,12.729999542236328,12.729999542236328,12.729999542236328,12.710000038146973,12.710000038146973,1673.0
2024-10-25 09:41:00+00:00,SOUN,5.25,5.25,5.256899833679199,5.236999988555908,5.239999771118164,46157.0
2024-10-25 09:41:00+00:00,SOUNW,1.9500000476837158,1.9500000476837158,1.9500000476837158,1.8700000047683716,1.8700000047683716,4698.0
2024-10-25 09:41:00+00:00,SPT,27.704999923706055,27.704999923706055,27.704999923706055,27.704999923706055,27.704999923706055,777.0
2024-10-25 09:41:00+00:00,SSNC,71.16500091552734,71.16500091552734,71.48500061035156,71.13999938964844,71.36000061035156,39310.0
2024-10-25 09:41:00+00:00,SSYS,7.119999885559082,7.119999885559082,7.119999885559082,7.119999885559082,7.119999885559082,200.0
2024-10-25 09:41:00+00:00,STER,16.740100860595703,16.740100860595703,16.740100860595703,16.740100860595703,16.740100860595703,2529.0
2024-10-25 09:41:00+00:00,STNE,11.295000076293945,11.295000076293945,11.3100004196167,11.295000076293945,11.295000076293945,3914.0
2024-10-25 09:41:00+00:00,STX,105.443603515625,105.443603515625,105.443603515625,105.31999969482422,105.31999969482422,851.0
2024-10-25 09:41:00+00:00,SWKS,96.06500244140625,96.06500244140625,96.06500244140625,96.05010223388672,96.05999755859375,1410.0
2024-10-25 09:41:00+00:00,SYTA,1.1698999404907227,1.1698999404907227,1.1698999404907227,1.159999966621399,1.160099983215332,672.0
2024-10-25 09:41:00+00:00,TEAM,190.1999969482422,190.1999969482422,190.1999969482422,190.1999969482422,190.1999969482422,1234.0
2024-10-25 09:41:00+00:00,TER,111.58000183105469,111.58000183105469,111.58000183105469,111.27510070800781,111.27510070800781,3668.0
2024-10-25 09:41:00+00:00,TLS,3.5850000381469727,3.5850000381469727,3.5999999046325684,3.549999952316284,3.549999952316284,17804.0
2024-10-25 09:41:00+00:00,TRMB,61.04999923706055,61.04999923706055,61.08000183105469,61.04999923706055,61.06999969482422,915.0
2024-10-25 09:41:00+00:00,TSEM,44.369998931884766,44.369998931884766,44.380001068115234,44.369998931884766,44.380001068115234,346.0
2024-10-25 09:41:00+00:00,TTD,120.76000213623047,120.76000213623047,121.1500015258789,120.6500015258789,120.7699966430664,32796.0
2024-10-25 09:41:00+00:00,TTMI,19.479999542236328,19.479999542236328,19.479999542236328,19.479999542236328,19.479999542236328,498.0
2024-10-25 09:41:00+00:00,TWKS,4.449999809265137,4.449999809265137,4.449999809265137,4.449999809265137,4.449999809265137,1873.0
2024-10-25 09:41:00+00:00,TXN,209.74000549316406,209.74000549316406,209.83999633789062,209.64599609375,209.6999969482422,5062.0
2024-10-25 09:41:00+00:00,UCTT,35.9900016784668,35.9900016784668,36.0098991394043,35.9900016784668,36.0098991394043,1706.0
2024-10-25 09:41:00+00:00,VMEO,4.730000019073486,4.730000019073486,4.7399001121521,4.730000019073486,4.7399001121521,3681.0
2024-10-25 09:41:00+00:00,VRNS,56.79999923706055,56.79999923706055,56.79999923706055,56.79999923706055,56.79999923706055,1154.0
2024-10-25 09:41:00+00:00,VRSN,189.27999877929688,189.27999877929688,189.32000732421875,189.0399932861328,189.22000122070312,2011.0
2024-10-25 09:41:00+00:00,VS,2.5801000595092773,2.5801000595092773,2.5801000595092773,2.5801000595092773,2.5801000595092773,1762.0
2024-10-25 09:41:00+00:00,VSAT,10.3100004196167,10.3100004196167,10.3100004196167,10.3100004196167,10.3100004196167,311.0
2024-10-25 09:41:00+00:00,WDAY,240.83999633789062,240.83999633789062,240.83999633789062,240.83999633789062,240.83999633789062,537.0
2024-10-25 09:41:00+00:00,WDC,72.44999694824219,72.44999694824219,72.52999877929688,72.2699966430664,72.4000015258789,47803.0
2024-10-25 09:41:00+00:00,WISA,1.7900999784469604,1.7900999784469604,1.7900999784469604,1.7700999975204468,1.7700999975204468,12905.0
2024-10-25 09:41:00+00:00,XRX,10.149999618530273,10.149999618530273,10.180000305175781,10.149999618530273,10.180000305175781,8455.0
2024-10-25 09:41:00+00:00,ZI,10.489999771118164,10.489999771118164,10.489999771118164,10.489999771118164,10.489999771118164,354.0
2024-10-25 09:41:00+00:00,ZM,73.05999755859375,73.05999755859375,73.11000061035156,73.05999755859375,73.11000061035156,2863.0
2024-10-25 09:41:00+00:00,ZS,187.0583953857422,187.0583953857422,187.32080078125,186.9199981689453,187.0500030517578,3506.0
2024-10-25 09:42:00+00:00,AAOI,17.770000457763672,17.770000457763672,17.799999237060547,17.760000228881836,17.799999237060547,2677.0
2024-10-25 09:42:00+00:00,AAPL,231.3820037841797,231.3820037841797,231.48500061035156,231.1746063232422,231.19000244140625,119176.0
2024-10-25 09:42:00+00:00,ACLS,91.32499694824219,91.32499694824219,91.5999984741211,91.30000305175781,91.5,4577.0
2024-10-25 09:42:00+00:00,ACMR,19.44029998779297,19.44029998779297,19.44029998779297,19.3799991607666,19.43000030517578,3140.0
2024-10-25 09:42:00+00:00,ADBE,486.0249938964844,486.0249938964844,486.3999938964844,485.7349853515625,486.2699890136719,9946.0
2024-10-25 09:42:00+00:00,ADI,233.66000366210938,233.66000366210938,234.0,233.66000366210938,233.80999755859375,4678.0
2024-10-25 09:42:00+00:00,AEHR,16.309900283813477,16.309900283813477,16.309900283813477,16.219999313354492,16.219999313354492,2036.0
2024-10-25 09:42:00+00:00,AFRM,41.54999923706055,41.54999923706055,41.779998779296875,41.54999923706055,41.72999954223633,38694.0
2024-10-25 09:42:00+00:00,AKAM,103.16999816894531,103.16999816894531,103.16999816894531,103.16999816894531,103.16999816894531,460.0
2024-10-25 09:42:00+00:00,AKTS,0.05689999833703041,0.05689999833703041,0.05689999833703041,0.05689999833703041,0.05689999833703041,8200.0
2024-10-25 09:42:00+00:00,ALGM,22.1299991607666,22.1299991607666,22.15999984741211,22.040000915527344,22.040000915527344,7555.0
2024-10-25 09:42:00+00:00,ALLT,3.4258999824523926,3.4258999824523926,3.4258999824523926,3.4258999824523926,3.4258999824523926,66.0
2024-10-25 09:42:00+00:00,ALTR,105.75499725341797,105.75499725341797,105.75499725341797,105.75499725341797,105.75499725341797,1602.0
2024-10-25 09:42:00+00:00,AMAT,186.875,186.875,187.10499572753906,186.80999755859375,186.80999755859375,13301.0
2024-10-25 09:42:00+00:00,AMD,157.24000549316406,157.24000549316406,157.30999755859375,156.6999969482422,156.71499633789062,312367.0
2024-10-25 09:42:00+00:00,AMKR,29.8799991607666,29.8799991607666,29.8799991607666,29.84000015258789,29.84000015258789,1972.0
2024-10-25 09:42:00+00:00,AMPG,1.0800000429153442,1.0800000429153442,1.0800000429153442,1.0800000429153442,1.0800000429153442,3080.0
2024-10-25 09:42:00+00:00,API,2.680500030517578,2.680500030517578,2.690000057220459,2.680500030517578,2.690000057220459,3236.0
2024-10-25 09:42:00+00:00,APP,161.87989807128906,161.87989807128906,161.90499877929688,161.72000122070312,161.72000122070312,5954.0
2024-10-25 09:42:00+00:00,APPF,229.0,229.0,229.0,226.62010192871094,227.99000549316406,10391.0
2024-10-25 09:42:00+00:00,APPS,3.0899999141693115,3.0899999141693115,3.0999999046325684,3.0899999141693115,3.0999999046325684,4824.0
2024-10-25 09:42:00+00:00,ARQQ,7.78000020980835,7.78000020980835,7.78000020980835,7.726399898529053,7.726399898529053,1105.0
2024-10-25 09:42:00+00:00,ARRY,6.210000038146973,6.210000038146973,6.210000038146973,6.190000057220459,6.190000057220459,7165.0
2024-10-25 09:42:00+00:00,ASML,717.7769775390625,717.7769775390625,717.7769775390625,717.1500244140625,717.1500244140625,4610.0
2024-10-25 09:42:00+00:00,ASUR,9.675000190734863,9.675000190734863,9.675000190734863,9.675000190734863,9.675000190734863,101.0
2024-10-25 09:42:00+00:00,ATOM,3.319999933242798,3.319999933242798,3.319999933242798,3.319999933242798,3.319999933242798,641.0
2024-10-25 09:42:00+00:00,AUR,6.329999923706055,6.329999923706055,6.355000019073486,6.329999923706055,6.34499979019165,26543.0
2024-10-25 09:42:00+00:00,AVDX,8.225000381469727,8.225000381469727,8.225000381469727,8.225000381469727,8.225000381469727,623.0
2024-10-25 09:42:00+00:00,AVGO,173.8300018310547,173.8300018310547,173.89999389648438,173.4600067138672,173.5,27610.0
2024-10-25 09:42:00+00:00,AVT,54.525001525878906,54.525001525878906,54.525001525878906,54.525001525878906,54.525001525878906,245.0
2024-10-25 09:42:00+00:00,BCOV,2.239799976348877,2.239799976348877,2.239799976348877,2.2202000617980957,2.230299949645996,850.0
2024-10-25 09:42:00+00:00,BIGC,5.340000152587891,5.340000152587891,5.340000152587891,5.340000152587891,5.340000152587891,469.0
2024-10-25 09:42:00+00:00,BMBL,7.289999961853027,7.289999961853027,7.295000076293945,7.285999774932861,7.295000076293945,1316.0
2024-10-25 09:42:00+00:00,BRZE,31.15999984741211,31.15999984741211,31.15999984741211,31.040000915527344,31.040000915527344,1619.0
2024-10-25 09:42:00+00:00,CAN,0.991599977016449,0.991599977016449,0.9979000091552734,0.9901999831199646,0.9966999888420105,59030.0
2024-10-25 09:42:00+00:00,CDNS,255.80999755859375,255.80999755859375,256.07501220703125,255.80999755859375,255.92999267578125,6438.0
2024-10-25 09:42:00+00:00,CDW,219.9149932861328,219.9149932861328,219.9149932861328,219.9149932861328,219.9149932861328,310.0
2024-10-25 09:42:00+00:00,CETX,0.2930000126361847,0.2930000126361847,0.2930000126361847,0.2930000126361847,0.2930000126361847,105.0
2024-10-25 09:42:00+00:00,CFLT,22.274999618530273,22.274999618530273,22.299999237060547,22.270000457763672,22.299999237060547,6676.0
2024-10-25 09:42:00+00:00,CGNX,39.029998779296875,39.029998779296875,39.029998779296875,39.029998779296875,39.029998779296875,791.0
2024-10-25 09:42:00+00:00,CISO,0.9009000062942505,0.9009000062942505,0.9010000228881836,0.8959000110626221,0.9009000062942505,200.0
2024-10-25 09:42:00+00:00,CLSK,11.680000305175781,11.680000305175781,11.749899864196777,11.679900169372559,11.725000381469727,86065.0
2024-10-25 09:42:00+00:00,CNDT,3.680000066757202,3.680000066757202,3.680000066757202,3.680000066757202,3.680000066757202,406.0
2024-10-25 09:42:00+00:00,CNXC,45.630001068115234,45.630001068115234,45.63999938964844,45.630001068115234,45.63999938964844,984.0
2024-10-25 09:42:00+00:00,COHR,96.93000030517578,96.93000030517578,96.93000030517578,96.6500015258789,96.6500015258789,2622.0
2024-10-25 09:42:00+00:00,COIN,206.67999267578125,206.67999267578125,207.1999969482422,206.67999267578125,206.83779907226562,14260.0
2024-10-25 09:42:00+00:00,COMM,6.380000114440918,6.380000114440918,6.380000114440918,6.380000114440918,6.380000114440918,733.0
2024-10-25 09:42:00+00:00,CORZ,13.520000457763672,13.520000457763672,13.604999542236328,13.520000457763672,13.569999694824219,29111.0
2024-10-25 09:42:00+00:00,CORZW,8.025699615478516,8.025699615478516,8.025699615478516,8.010000228881836,8.025699615478516,3856.0
2024-10-25 09:42:00+00:00,CRDO,39.720001220703125,39.720001220703125,39.720001220703125,39.650001525878906,39.650001525878906,474.0
2024-10-25 09:42:00+00:00,CRWD,308.4789123535156,308.4789123535156,308.70001220703125,307.8599853515625,307.8599853515625,9582.0
2024-10-25 09:42:00+00:00,CSCO,56.31999969482422,56.31999969482422,56.31999969482422,56.290000915527344,56.310001373291016,13422.0
2024-10-25 09:42:00+00:00,CSIQ,12.850000381469727,12.850000381469727,12.929400444030762,12.8100004196167,12.859000205993652,26206.0
2024-10-25 09:42:00+00:00,CTLP,9.09000015258789,9.09000015258789,9.100299835205078,9.09000015258789,9.100299835205078,2779.0
2024-10-25 09:42:00+00:00,CTSH,75.29000091552734,75.29000091552734,75.29000091552734,75.22000122070312,75.22000122070312,1184.0
2024-10-25 09:42:00+00:00,CYBR,298.1400146484375,298.1400146484375,298.1400146484375,298.1400146484375,298.1400146484375,338.0
2024-10-25 09:42:00+00:00,CYN,3.6700000762939453,3.6700000762939453,3.6700000762939453,3.5999999046325684,3.650099992752075,4732.0
2024-10-25 09:42:00+00:00,DBX,26.110000610351562,26.110000610351562,26.110000610351562,26.09000015258789,26.09000015258789,2569.0
2024-10-25 09:42:00+00:00,DDOG,126.47000122070312,126.47000122070312,126.55999755859375,126.38999938964844,126.52999877929688,8253.0
2024-10-25 09:42:00+00:00,DLO,8.779999732971191,8.779999732971191,8.779999732971191,8.779999732971191,8.779999732971191,758.0
2024-10-25 09:42:00+00:00,DMRC,31.040000915527344,31.040000915527344,31.049999237060547,31.040000915527344,31.049999237060547,200.0
2024-10-25 09:42:00+00:00,DOMO,7.820000171661377,7.820000171661377,7.820000171661377,7.820000171661377,7.820000171661377,367.0
2024-10-25 09:42:00+00:00,DUOL,283.2200012207031,283.2200012207031,283.7181091308594,282.75,282.760009765625,4126.0
2024-10-25 09:42:00+00:00,ENPH,80.23999786376953,80.23999786376953,80.41999816894531,80.05999755859375,80.26000213623047,9645.0
2024-10-25 09:42:00+00:00,ENTG,104.84500122070312,104.84500122070312,104.98500061035156,104.72000122070312,104.72000122070312,1486.0
2024-10-25 09:42:00+00:00,ERIC,8.510000228881836,8.510000228881836,8.510000228881836,8.503999710083008,8.505000114440918,24211.0
2024-10-25 09:42:00+00:00,EXTR,14.529999732971191,14.529999732971191,14.529999732971191,14.529999732971191,14.529999732971191,208.0
2024-10-25 09:42:00+00:00,FFIV,215.3699951171875,215.3699951171875,215.3699951171875,215.36000061035156,215.36000061035156,2518.0
2024-10-25 09:42:00+00:00,FLEX,35.16999816894531,35.16999816894531,35.20000076293945,35.084999084472656,35.084999084472656,3160.0
2024-10-25 09:42:00+00:00,FLYW,17.475000381469727,17.475000381469727,17.475000381469727,17.475000381469727,17.475000381469727,1169.0
2024-10-25 09:42:00+00:00,FORM,44.8849983215332,44.8849983215332,44.93000030517578,44.8849983215332,44.8849983215332,2229.0
2024-10-25 09:42:00+00:00,FROG,29.309999465942383,29.309999465942383,29.5,29.309999465942383,29.45490074157715,937.0
2024-10-25 09:42:00+00:00,FRSH,11.710000038146973,11.710000038146973,11.760000228881836,11.710000038146973,11.760000228881836,12545.0
2024-10-25 09:42:00+00:00,FSLR,196.0800018310547,196.0800018310547,196.46609497070312,195.82569885253906,196.36990356445312,8112.0
2024-10-25 09:42:00+00:00,FTCI,0.7088000178337097,0.7088000178337097,0.7099999785423279,0.7088000178337097,0.7099999785423279,603.0
2024-10-25 09:42:00+00:00,FTNT,81.19519805908203,81.19519805908203,81.19519805908203,81.12000274658203,81.12999725341797,2910.0
2024-10-25 09:42:00+00:00,GCT,25.479999542236328,25.479999542236328,25.684999465942383,25.479999542236328,25.684999465942383,7756.0
2024-10-25 09:42:00+00:00,GFS,40.849998474121094,40.849998474121094,40.849998474121094,40.7599983215332,40.77000045776367,12681.0
2024-10-25 09:42:00+00:00,GPRO,1.3300000429153442,1.3300000429153442,1.3300000429153442,1.3300000429153442,1.3300000429153442,523.0
2024-10-25 09:42:00+00:00,GRAB,4.079999923706055,4.079999923706055,4.087500095367432,4.079999923706055,4.0802998542785645,44331.0
2024-10-25 09:42:00+00:00,GRRR,4.71999979019165,4.71999979019165,4.71999979019165,4.71999979019165,4.71999979019165,105.0
2024-10-25 09:42:00+00:00,GSIT,3.2399001121520996,3.2399001121520996,3.2399001121520996,3.2399001121520996,3.2399001121520996,250.0
2024-10-25 09:42:00+00:00,GTLB,56.56999969482422,56.56999969482422,56.72999954223633,56.47999954223633,56.709999084472656,9904.0
2024-10-25 09:42:00+00:00,HCP,33.69499969482422,33.69499969482422,33.70000076293945,33.69499969482422,33.70000076293945,50500.0
2024-10-25 09:42:00+00:00,HEAR,16.469999313354492,16.469999313354492,16.469999313354492,16.469999313354492,16.469999313354492,391.0
2024-10-25 09:42:00+00:00,HIMX,6.15500020980835,6.15500020980835,6.15500020980835,6.15500020980835,6.15500020980835,406.0
2024-10-25 09:42:00+00:00,HLIT,14.739999771118164,14.739999771118164,14.75,14.739999771118164,14.75,1031.0
2024-10-25 09:42:00+00:00,HOLO,3.9800000190734863,3.9800000190734863,4.039999961853027,3.9800000190734863,4.0,37143.0
2024-10-25 09:42:00+00:00,HOOD,27.225000381469727,27.225000381469727,27.25,27.174999237060547,27.174999237060547,41696.0
2024-10-25 09:42:00+00:00,INDI,3.4749999046325684,3.4749999046325684,3.4749999046325684,3.4700000286102295,3.4700000286102295,6246.0
2024-10-25 09:42:00+00:00,INFN,6.809999942779541,6.809999942779541,6.809999942779541,6.809999942779541,6.809999942779541,1610.0
2024-10-25 09:42:00+00:00,INTC,22.70400047302246,22.70400047302246,22.719999313354492,22.639999389648438,22.646499633789062,204179.0
2024-10-25 09:42:00+00:00,INTU,612.030029296875,612.030029296875,612.5050048828125,612.02001953125,612.5050048828125,1839.0
2024-10-25 09:42:00+00:00,JAMF,16.920000076293945,16.920000076293945,16.920000076293945,16.920000076293945,16.920000076293945,265.0
2024-10-25 09:42:00+00:00,KC,2.6700000762939453,2.6700000762939453,2.684999942779541,2.6700000762939453,2.680000066757202,6701.0
2024-10-25 09:42:00+00:00,KLAC,673.989990234375,673.989990234375,674.3200073242188,673.1950073242188,673.989990234375,2629.0
2024-10-25 09:42:00+00:00,KLIC,43.994998931884766,43.994998931884766,44.07569885253906,43.96500015258789,44.07569885253906,8526.0
2024-10-25 09:42:00+00:00,LINK,5.199999809265137,5.199999809265137,5.199999809265137,4.820000171661377,4.940000057220459,16537.0
2024-10-25 09:42:00+00:00,LITE,64.40499877929688,64.40499877929688,64.40499877929688,64.27999877929688,64.27999877929688,769.0
2024-10-25 09:42:00+00:00,LOGI,80.9000015258789,80.9000015258789,80.91999816894531,80.88999938964844,80.91500091552734,1864.0
2024-10-25 09:42:00+00:00,LPSN,1.2201999425888062,1.2201999425888062,1.225000023841858,1.2200000286102295,1.225000023841858,0.0
2024-10-25 09:42:00+00:00,LRCX,77.41000366210938,77.41000366210938,77.54000091552734,77.37000274658203,77.37000274658203,21054.0
2024-10-25 09:42:00+00:00,LSCC,54.65999984741211,54.65999984741211,54.69499969482422,54.630001068115234,54.630001068115234,1570.0
2024-10-25 09:42:00+00:00,LYFT,13.689800262451172,13.689800262451172,13.704999923706055,13.6850004196167,13.6899995803833,16819.0
2024-10-25 09:42:00+00:00,MAXN,5.501399993896484,5.501399993896484,5.501399993896484,5.495500087738037,5.495500087738037,848.0
2024-10-25 09:42:00+00:00,MCHP,77.08999633789062,77.08999633789062,77.18000030517578,77.05999755859375,77.11000061035156,14339.0
2024-10-25 09:42:00+00:00,MDB,269.6099853515625,269.6099853515625,269.6099853515625,269.031494140625,269.031494140625,2897.0
2024-10-25 09:42:00+00:00,MGIC,11.077799797058105,11.077799797058105,11.077799797058105,11.077799797058105,11.077799797058105,452.0
2024-10-25 09:42:00+00:00,MITK,8.800000190734863,8.800000190734863,8.800000190734863,8.800000190734863,8.800000190734863,230.0
2024-10-25 09:42:00+00:00,MKSI,100.58000183105469,100.58000183105469,100.58000183105469,100.58000183105469,100.58000183105469,345.0
2024-10-25 09:42:00+00:00,MNDY,300.7900085449219,300.7900085449219,301.4090881347656,300.7900085449219,301.4090881347656,824.0
2024-10-25 09:42:00+00:00,MQ,5.340000152587891,5.340000152587891,5.360000133514404,5.340000152587891,5.360000133514404,4479.0
2024-10-25 09:42:00+00:00,MRVL,82.47959899902344,82.47959899902344,82.4800033569336,82.4000015258789,82.4000015258789,6506.0
2024-10-25 09:42:00+00:00,MSFT,429.2749938964844,429.2749938964844,429.5450134277344,428.92999267578125,429.0,42959.0
2024-10-25 09:42:00+00:00,MSTR,232.3300018310547,232.3300018310547,232.55999755859375,231.73599243164062,232.27200317382812,43177.0
2024-10-25 09:42:00+00:00,MTC,0.3723999857902527,0.3723999857902527,0.3723999857902527,0.3723999857902527,0.3723999857902527,2611.0
2024-10-25 09:42:00+00:00,MTSI,117.1449966430664,117.1449966430664,117.44999694824219,117.04499816894531,117.44999694824219,2806.0
2024-10-25 09:42:00+00:00,MU,108.12000274658203,108.12000274658203,108.16500091552734,107.98500061035156,108.09960174560547,37778.0
2024-10-25 09:42:00+00:00,MVIS,1.0997999906539917,1.0997999906539917,1.0997999906539917,1.0953999757766724,1.0953999757766724,10050.0
2024-10-25 09:42:00+00:00,MXL,15.029999732971191,15.029999732971191,15.210000038146973,15.029999732971191,15.050000190734863,7455.0
2024-10-25 09:42:00+00:00,NNDM,2.322999954223633,2.322999954223633,2.322999954223633,2.322999954223633,2.322999954223633,231.0
2024-10-25 09:42:00+00:00,NTAP,120.1500015258789,120.1500015258789,120.1500015258789,120.1500015258789,120.1500015258789,923.0
2024-10-25 09:42:00+00:00,NTNX,62.654998779296875,62.654998779296875,62.7400016784668,62.58660125732422,62.58660125732422,2444.0
2024-10-25 09:42:00+00:00,NVDA,141.9696044921875,141.9696044921875,142.10000610351562,141.75059509277344,141.8300018310547,1043467.0
2024-10-25 09:42:00+00:00,NVEI,33.54999923706055,33.54999923706055,33.55500030517578,33.54999923706055,33.55500030517578,3120.0
2024-10-25 09:42:00+00:00,NVMI,184.27000427246094,184.27000427246094,184.27000427246094,184.27000427246094,184.27000427246094,1072.0
2024-10-25 09:42:00+00:00,NVTS,2.5199999809265137,2.5199999809265137,2.5199999809265137,2.519700050354004,2.519700050354004,2294.0
2024-10-25 09:42:00+00:00,NXPI,243.30499267578125,243.30499267578125,243.30499267578125,243.30499267578125,243.30499267578125,742.0
2024-10-25 09:42:00+00:00,OLED,202.44760131835938,202.44760131835938,203.5,202.44760131835938,203.5,4582.0
2024-10-25 09:42:00+00:00,ON,71.66500091552734,71.66500091552734,71.8499984741211,71.6500015258789,71.83999633789062,67763.0
2024-10-25 09:42:00+00:00,ONDS,0.9041000008583069,0.9041000008583069,0.9041000008583069,0.9041000008583069,0.9041000008583069,1860.0
2024-10-25 09:42:00+00:00,OSPN,14.614999771118164,14.614999771118164,14.614999771118164,14.600000381469727,14.600000381469727,1141.0
2024-10-25 09:42:00+00:00,PANW,369.1799011230469,369.1799011230469,369.1799011230469,368.5400085449219,368.6300048828125,3073.0
2024-10-25 09:42:00+00:00,PEGA,81.88500213623047,81.88500213623047,81.9800033569336,81.67500305175781,81.67500305175781,4893.0
2024-10-25 09:42:00+00:00,PGY,11.755000114440918,11.755000114440918,11.755000114440918,11.755000114440918,11.755000114440918,175.0
2024-10-25 09:42:00+00:00,PGYWW,0.18389999866485596,0.18389999866485596,0.18389999866485596,0.18389999866485596,0.18389999866485596,0.0
2024-10-25 09:42:00+00:00,PHUN,9.505000114440918,9.505000114440918,9.590999603271484,9.5,9.590999603271484,139763.0
2024-10-25 09:42:00+00:00,PI,192.89999389648438,192.89999389648438,192.89999389648438,192.35000610351562,192.66000366210938,2591.0
2024-10-25 09:42:00+00:00,POET,3.9700000286102295,3.9700000286102295,3.9700000286102295,3.9600000381469727,3.9600000381469727,1797.0
2024-10-25 09:42:00+00:00,POWI,62.90999984741211,62.90999984741211,63.040000915527344,62.90999984741211,62.970001220703125,1571.0
2024-10-25 09:42:00+00:00,PRCH,1.3300000429153442,1.3300000429153442,1.340000033378601,1.3300000429153442,1.340000033378601,1522.0
2024-10-25 09:42:00+00:00,PRGS,64.55000305175781,64.55000305175781,64.55000305175781,64.55000305175781,64.55000305175781,948.0
2024-10-25 09:42:00+00:00,PRSO,1.680400013923645,1.680400013923645,1.680400013923645,1.680400013923645,1.680400013923645,0.0
2024-10-25 09:42:00+00:00,QCOM,170.94000244140625,170.94000244140625,170.99000549316406,170.47999572753906,170.5364990234375,31439.0
2024-10-25 09:42:00+00:00,QRVO,100.5,100.5,100.54499816894531,100.5,100.54499816894531,290.0
2024-10-25 09:42:00+00:00,QUBT,1.1349999904632568,1.1349999904632568,1.1349999904632568,1.1200000047683716,1.1200000047683716,6322.0
2024-10-25 09:42:00+00:00,RCAT,2.75,2.75,2.7590999603271484,2.75,2.7590999603271484,3825.0
2024-10-25 09:42:00+00:00,REKR,1.1050000190734863,1.1050000190734863,1.1050000190734863,1.1050000190734863,1.1050000190734863,1180.0
2024-10-25 09:42:00+00:00,RELY,14.694999694824219,14.694999694824219,14.71500015258789,14.694999694824219,14.71500015258789,2814.0
2024-10-25 09:42:00+00:00,RGTI,1.243399977684021,1.243399977684021,1.25,1.2400000095367432,1.249899983406067,20235.0
2024-10-25 09:42:00+00:00,RIOT,9.845000267028809,9.845000267028809,9.875,9.84000015258789,9.845000267028809,57534.0
2024-10-25 09:42:00+00:00,RMBS,42.75,42.75,42.79999923706055,42.742000579833984,42.742000579833984,3168.0
2024-10-25 09:42:00+00:00,RMNI,1.7201000452041626,1.7201000452041626,1.7201000452041626,1.7200000286102295,1.7200000286102295,9740.0
2024-10-25 09:42:00+00:00,RSSS,2.6050000190734863,2.6050000190734863,2.6050000190734863,2.6050000190734863,2.6050000190734863,2064.0
2024-10-25 09:42:00+00:00,RUM,5.5289998054504395,5.5289998054504395,5.53000020980835,5.517099857330322,5.519999980926514,2549.0
2024-10-25 09:42:00+00:00,RUN,14.149999618530273,14.149999618530273,14.180000305175781,14.140000343322754,14.140000343322754,4607.0
2024-10-25 09:42:00+00:00,SEDG,15.489999771118164,15.489999771118164,15.550000190734863,15.489999771118164,15.510000228881836,8924.0
2024-10-25 09:42:00+00:00,SHLS,5.164999961853027,5.164999961853027,5.164999961853027,5.159999847412109,5.164999961853027,1872.0
2024-10-25 09:42:00+00:00,SKYT,10.609999656677246,10.609999656677246,10.65999984741211,10.600000381469727,10.65999984741211,1046.0
2024-10-25 09:42:00+00:00,SLNH,3.8965001106262207,3.8965001106262207,3.8965001106262207,3.8965001106262207,3.8965001106262207,2453.0
2024-10-25 09:42:00+00:00,SMCI,47.29199981689453,47.29199981689453,47.38999938964844,46.94129943847656,46.9630012512207,445260.0
2024-10-25 09:42:00+00:00,SMSI,0.8259999752044678,0.8259999752044678,0.8259999752044678,0.8259999752044678,0.8259999752044678,2.0
2024-10-25 09:42:00+00:00,SMTC,45.04600143432617,45.04600143432617,45.09000015258789,44.790000915527344,44.790000915527344,7354.0
2024-10-25 09:42:00+00:00,SNCR,11.117400169372559,11.117400169372559,11.117400169372559,11.117400169372559,11.117400169372559,3655.0
2024-10-25 09:42:00+00:00,SONO,12.6899995803833,12.6899995803833,12.739999771118164,12.6899995803833,12.739999771118164,3880.0
2024-10-25 09:42:00+00:00,SOUN,5.239999771118164,5.239999771118164,5.260000228881836,5.239999771118164,5.244999885559082,42622.0
2024-10-25 09:42:00+00:00,SPI,0.4388999938964844,0.4388999938964844,0.4388999938964844,0.4388999938964844,0.4388999938964844,7743.0
2024-10-25 09:42:00+00:00,SPSC,187.5749969482422,187.5749969482422,187.5749969482422,187.5749969482422,187.5749969482422,226.0
2024-10-25 09:42:00+00:00,SPT,27.549999237060547,27.549999237060547,27.549999237060547,27.549999237060547,27.549999237060547,1028.0
2024-10-25 09:42:00+00:00,SRAD,12.34000015258789,12.34000015258789,12.350000381469727,12.34000015258789,12.350000381469727,959.0
2024-10-25 09:42:00+00:00,SSNC,70.88500213623047,70.88500213623047,71.19999694824219,70.80000305175781,71.13999938964844,72837.0
2024-10-25 09:42:00+00:00,SSYS,7.119999885559082,7.119999885559082,7.119999885559082,7.119999885559082,7.119999885559082,1025.0
2024-10-25 09:42:00+00:00,STNE,11.279999732971191,11.279999732971191,11.3100004196167,11.279999732971191,11.28499984741211,8985.0
2024-10-25 09:42:00+00:00,STX,105.20999908447266,105.20999908447266,105.36499786376953,105.20999908447266,105.34200286865234,3584.0
2024-10-25 09:42:00+00:00,SVRE,0.08720000088214874,0.08720000088214874,0.08739999681711197,0.08720000088214874,0.08739999681711197,10635.0
2024-10-25 09:42:00+00:00,SWKS,96.0,96.0,96.02999877929688,96.0,96.0199966430664,3641.0
2024-10-25 09:42:00+00:00,SYTA,1.1504000425338745,1.1504000425338745,1.1504000425338745,1.149999976158142,1.149999976158142,926.0
2024-10-25 09:42:00+00:00,TASK,11.979999542236328,11.979999542236328,12.0,11.979999542236328,11.989999771118164,2252.0
2024-10-25 09:42:00+00:00,TEAM,190.3699951171875,190.3699951171875,190.39999389648438,190.19000244140625,190.19000244140625,3721.0
2024-10-25 09:42:00+00:00,TER,111.80120086669922,111.80120086669922,111.83999633789062,111.6500015258789,111.6500015258789,4334.0
2024-10-25 09:42:00+00:00,TLS,3.5799999237060547,3.5799999237060547,3.5799999237060547,3.5799999237060547,3.5799999237060547,313.0
2024-10-25 09:42:00+00:00,TRMB,61.029998779296875,61.029998779296875,61.04999923706055,61.029998779296875,61.04999923706055,458.0
2024-10-25 09:42:00+00:00,TSEM,44.459999084472656,44.459999084472656,44.47999954223633,44.375,44.3849983215332,767.0
2024-10-25 09:42:00+00:00,TTD,120.8499984741211,120.8499984741211,120.91500091552734,120.75499725341797,120.75499725341797,25173.0
2024-10-25 09:42:00+00:00,TWKS,4.440000057220459,4.440000057220459,4.445000171661377,4.440000057220459,4.445000171661377,17549.0
2024-10-25 09:42:00+00:00,TXN,209.6699981689453,209.6699981689453,209.82000732421875,209.64999389648438,209.74000549316406,8772.0
2024-10-25 09:42:00+00:00,UCTT,35.88999938964844,35.88999938964844,36.04499816894531,35.88999938964844,35.91830062866211,4802.0
2024-10-25 09:42:00+00:00,VERI,3.365000009536743,3.365000009536743,3.380000114440918,3.365000009536743,3.369999885559082,1291.0
2024-10-25 09:42:00+00:00,VRAR,0.7264000177383423,0.7264000177383423,0.7264000177383423,0.7264000177383423,0.7264000177383423,545.0
2024-10-25 09:42:00+00:00,VRNT,22.045000076293945,22.045000076293945,22.045000076293945,21.979999542236328,22.045000076293945,745.0
2024-10-25 09:42:00+00:00,VRSN,189.27999877929688,189.27999877929688,189.3350067138672,189.27999877929688,189.3350067138672,1839.0
2024-10-25 09:42:00+00:00,VSAT,10.289999961853027,10.289999961853027,10.3100004196167,10.289999961853027,10.289999961853027,3966.0
2024-10-25 09:42:00+00:00,VUZI,1.3250000476837158,1.3250000476837158,1.3259999752044678,1.3200000524520874,1.3259999752044678,5041.0
2024-10-25 09:42:00+00:00,VVPR,0.7705000042915344,0.7705000042915344,0.7705000042915344,0.7705000042915344,0.7705000042915344,168.0
2024-10-25 09:42:00+00:00,WATT,0.5985000133514404,0.5985000133514404,0.6069999933242798,0.5985000133514404,0.6069999933242798,5183.0
2024-10-25 09:42:00+00:00,WDAY,241.63999938964844,241.63999938964844,241.63999938964844,240.9499969482422,240.9499969482422,8924.0
2024-10-25 09:42:00+00:00,WDC,72.12999725341797,72.12999725341797,72.44000244140625,72.02999877929688,72.43000030517578,96996.0
2024-10-25 09:42:00+00:00,WISA,1.8020000457763672,1.8020000457763672,1.8200000524520874,1.7910000085830688,1.7910000085830688,9055.0
2024-10-25 09:42:00+00:00,XRX,10.140000343322754,10.140000343322754,10.140000343322754,10.140000343322754,10.140000343322754,1919.0
2024-10-25 09:42:00+00:00,ZI,10.479999542236328,10.479999542236328,10.5,10.479999542236328,10.5,3412.0
2024-10-25 09:42:00+00:00,ZM,73.1050033569336,73.1050033569336,73.12000274658203,73.1050033569336,73.12000274658203,2287.0
2024-10-25 09:42:00+00:00,ZS,187.46499633789062,187.46499633789062,187.46499633789062,187.3000030517578,187.3000030517578,2005.0
2024-10-25 09:43:00+00:00,AAOI,17.780000686645508,17.780000686645508,17.780000686645508,17.729999542236328,17.729999542236328,530.0
2024-10-25 09:43:00+00:00,AAPL,231.4600067138672,231.4600067138672,231.58999633789062,231.3800048828125,231.3800048828125,179667.0
2024-10-25 09:43:00+00:00,ACLS,91.3499984741211,91.3499984741211,91.44000244140625,91.3499984741211,91.44000244140625,2424.0
2024-10-25 09:43:00+00:00,ACMR,19.360000610351562,19.360000610351562,19.43000030517578,19.360000610351562,19.43000030517578,1463.0
2024-10-25 09:43:00+00:00,ADBE,486.3699951171875,486.3699951171875,486.489990234375,485.6000061035156,485.79998779296875,8565.0
2024-10-25 09:43:00+00:00,ADI,233.89999389648438,233.89999389648438,234.1300048828125,233.6999969482422,233.6999969482422,7684.0
2024-10-25 09:43:00+00:00,ADSK,287.8399963378906,287.8399963378906,287.9100036621094,287.67999267578125,287.875,10788.0
2024-10-25 09:43:00+00:00,AEHR,16.329999923706055,16.329999923706055,16.329999923706055,16.239999771118164,16.27199935913086,2917.0
2024-10-25 09:43:00+00:00,AFRM,41.61000061035156,41.61000061035156,41.630001068115234,41.500099182128906,41.500099182128906,38964.0
2024-10-25 09:43:00+00:00,AIP,6.929999828338623,6.929999828338623,6.929999828338623,6.929999828338623,6.929999828338623,201.0
2024-10-25 09:43:00+00:00,AKAM,103.31999969482422,103.31999969482422,103.31999969482422,103.25,103.25,3680.0
2024-10-25 09:43:00+00:00,AKTS,0.05700000002980232,0.05700000002980232,0.05700000002980232,0.0568000003695488,0.05689999833703041,6029.0
2024-10-25 09:43:00+00:00,ALGM,22.110000610351562,22.110000610351562,22.1200008392334,22.075000762939453,22.079999923706055,6151.0
2024-10-25 09:43:00+00:00,ALKT,38.15999984741211,38.15999984741211,38.20000076293945,38.10499954223633,38.10499954223633,2023.0
2024-10-25 09:43:00+00:00,ALRM,54.17060089111328,54.17060089111328,54.17060089111328,54.17060089111328,54.17060089111328,193.0
2024-10-25 09:43:00+00:00,AMAT,187.02999877929688,187.02999877929688,187.32000732421875,186.88999938964844,186.88999938964844,9926.0
2024-10-25 09:43:00+00:00,AMD,157.35499572753906,157.35499572753906,157.6199951171875,157.2301025390625,157.24000549316406,260634.0
2024-10-25 09:43:00+00:00,AMKR,29.940000534057617,29.940000534057617,29.940000534057617,29.90999984741211,29.90999984741211,301.0
2024-10-25 09:43:00+00:00,AMPL,9.130000114440918,9.130000114440918,9.130000114440918,9.119999885559082,9.119999885559082,723.0
2024-10-25 09:43:00+00:00,AMST,2.8299999237060547,2.8299999237060547,2.8299999237060547,2.8299999237060547,2.8299999237060547,134.0
2024-10-25 09:43:00+00:00,ANSS,326.0,326.0,326.0,326.0,326.0,534.0
2024-10-25 09:43:00+00:00,ANY,1.0699000358581543,1.0699000358581543,1.0699000358581543,1.0699000358581543,1.0699000358581543,2000.0
2024-10-25 09:43:00+00:00,AOSL,36.61000061035156,36.61000061035156,36.650001525878906,36.099998474121094,36.099998474121094,34757.0
2024-10-25 09:43:00+00:00,APP,162.22900390625,162.22900390625,162.3000030517578,161.8300018310547,161.8800048828125,11316.0
2024-10-25 09:43:00+00:00,APPF,231.25,231.25,232.75999450683594,228.15499877929688,229.0,40065.0
2024-10-25 09:43:00+00:00,APPN,32.494998931884766,32.494998931884766,32.494998931884766,32.494998931884766,32.494998931884766,439.0
2024-10-25 09:43:00+00:00,APPS,3.0804998874664307,3.0804998874664307,3.0804998874664307,3.0804998874664307,3.0804998874664307,2664.0
2024-10-25 09:43:00+00:00,ARQQ,7.803299903869629,7.803299903869629,7.803299903869629,7.803299903869629,7.803299903869629,450.0
2024-10-25 09:43:00+00:00,ARRY,6.21999979019165,6.21999979019165,6.21999979019165,6.204999923706055,6.210000038146973,5246.0
2024-10-25 09:43:00+00:00,ASML,718.3350219726562,718.3350219726562,718.3900146484375,717.6900024414062,717.6900024414062,9040.0
2024-10-25 09:43:00+00:00,ATOM,3.3299999237060547,3.3299999237060547,3.3299999237060547,3.3299999237060547,3.3299999237060547,13.0
2024-10-25 09:43:00+00:00,AUR,6.369999885559082,6.369999885559082,6.369999885559082,6.335000038146973,6.335000038146973,9385.0
2024-10-25 09:43:00+00:00,AVDX,8.25,8.25,8.25,8.225000381469727,8.229999542236328,3210.0
2024-10-25 09:43:00+00:00,AVGO,174.16000366210938,174.16000366210938,174.22000122070312,173.84010314941406,173.85000610351562,59850.0
2024-10-25 09:43:00+00:00,AVPT,12.079999923706055,12.079999923706055,12.079999923706055,12.079999923706055,12.079999923706055,828.0
2024-10-25 09:43:00+00:00,AVT,54.529998779296875,54.529998779296875,54.529998779296875,54.529998779296875,54.529998779296875,248.0
2024-10-25 09:43:00+00:00,BASE,16.690000534057617,16.690000534057617,16.690000534057617,16.690000534057617,16.690000534057617,200.0
2024-10-25 09:43:00+00:00,BCOV,2.240000009536743,2.240000009536743,2.2499001026153564,2.240000009536743,2.2499001026153564,1000.0
2024-10-25 09:43:00+00:00,BIGC,5.340000152587891,5.340000152587891,5.340000152587891,5.329999923706055,5.329999923706055,400.0
2024-10-25 09:43:00+00:00,BLKB,85.94999694824219,85.94999694824219,85.94999694824219,85.94999694824219,85.94999694824219,139.0
2024-10-25 09:43:00+00:00,BMBL,7.28000020980835,7.28000020980835,7.289999961853027,7.28000020980835,7.284999847412109,1244.0
2024-10-25 09:43:00+00:00,BRZE,31.110000610351562,31.110000610351562,31.110000610351562,31.110000610351562,31.110000610351562,542.0
2024-10-25 09:43:00+00:00,BSY,49.23500061035156,49.23500061035156,49.23500061035156,49.22999954223633,49.22999954223633,709.0
2024-10-25 09:43:00+00:00,CAMP,10.98009967803955,10.98009967803955,10.98009967803955,10.98009967803955,10.98009967803955,3290.0
2024-10-25 09:43:00+00:00,CDNS,256.42999267578125,256.42999267578125,256.42999267578125,255.94000244140625,255.94000244140625,9056.0
2024-10-25 09:43:00+00:00,CDW,220.02999877929688,220.02999877929688,220.0800018310547,219.85000610351562,219.88499450683594,3436.0
2024-10-25 09:43:00+00:00,CETX,0.2944999933242798,0.2944999933242798,0.2955000102519989,0.29330000281333923,0.29339998960494995,27936.0
2024-10-25 09:43:00+00:00,CFLT,22.34000015258789,22.34000015258789,22.34000015258789,22.290000915527344,22.290000915527344,32681.0
2024-10-25 09:43:00+00:00,CGNX,39.08509826660156,39.08509826660156,39.08509826660156,39.064998626708984,39.06999969482422,815.0
2024-10-25 09:43:00+00:00,CHKP,206.72999572753906,206.72999572753906,207.0500030517578,206.72999572753906,207.0500030517578,1017.0
2024-10-25 09:43:00+00:00,CLBT,18.045000076293945,18.045000076293945,18.045000076293945,18.045000076293945,18.045000076293945,278.0
2024-10-25 09:43:00+00:00,CLSK,11.729999542236328,11.729999542236328,11.741700172424316,11.670000076293945,11.670100212097168,95175.0
2024-10-25 09:43:00+00:00,CMTL,3.700000047683716,3.700000047683716,3.700000047683716,3.700000047683716,3.700000047683716,8062.0
2024-10-25 09:43:00+00:00,CNDT,3.674999952316284,3.674999952316284,3.674999952316284,3.674999952316284,3.674999952316284,367.0
2024-10-25 09:43:00+00:00,CNXC,45.400001525878906,45.400001525878906,45.540000915527344,45.400001525878906,45.540000915527344,1049.0
2024-10-25 09:43:00+00:00,COHR,96.83499908447266,96.83499908447266,96.95999908447266,96.83499908447266,96.87000274658203,964.0
2024-10-25 09:43:00+00:00,COHU,25.799999237060547,25.799999237060547,25.799999237060547,25.799999237060547,25.799999237060547,899.0
2024-10-25 09:43:00+00:00,COIN,207.17999267578125,207.17999267578125,207.3950958251953,206.5924072265625,206.5924072265625,19693.0
2024-10-25 09:43:00+00:00,COMM,6.369999885559082,6.369999885559082,6.369999885559082,6.360000133514404,6.369999885559082,2923.0
2024-10-25 09:43:00+00:00,CORZ,13.5600004196167,13.5600004196167,13.588000297546387,13.520000457763672,13.529999732971191,16516.0
2024-10-25 09:43:00+00:00,CRDO,39.74639892578125,39.74639892578125,39.8489990234375,39.619998931884766,39.619998931884766,5939.0
2024-10-25 09:43:00+00:00,CRUS,122.61000061035156,122.61000061035156,122.61000061035156,122.61000061035156,122.61000061035156,814.0
2024-10-25 09:43:00+00:00,CRWD,309.3299865722656,309.3299865722656,309.3299865722656,308.489990234375,308.489990234375,17560.0
2024-10-25 09:43:00+00:00,CSCO,56.30500030517578,56.30500030517578,56.31999969482422,56.290000915527344,56.31999969482422,12912.0
2024-10-25 09:43:00+00:00,CSIQ,12.90999984741211,12.90999984741211,12.91819953918457,12.899999618530273,12.90999984741211,5235.0
2024-10-25 09:43:00+00:00,CTLP,9.039799690246582,9.039799690246582,9.051400184631348,9.039799690246582,9.051400184631348,1192.0
2024-10-25 09:43:00+00:00,CTSH,75.29570007324219,75.29570007324219,75.30000305175781,75.26499938964844,75.30000305175781,3370.0
2024-10-25 09:43:00+00:00,CVLT,134.75,134.75,134.75,134.75,134.75,314.0
2024-10-25 09:43:00+00:00,DATS,1.5506000518798828,1.5506000518798828,1.600000023841858,1.5442999601364136,1.5442999601364136,18551.0
2024-10-25 09:43:00+00:00,DAVE,40.52000045776367,40.52000045776367,40.52000045776367,40.52000045776367,40.52000045776367,257.0
2024-10-25 09:43:00+00:00,DBX,26.110000610351562,26.110000610351562,26.117599487304688,26.110000610351562,26.110000610351562,1484.0
2024-10-25 09:43:00+00:00,DCBO,46.20000076293945,46.20000076293945,46.20000076293945,46.20000076293945,46.20000076293945,885.0
2024-10-25 09:43:00+00:00,DDOG,126.83999633789062,126.83999633789062,126.86000061035156,126.46499633789062,126.46499633789062,14288.0
2024-10-25 09:43:00+00:00,DIOD,65.5,65.5,65.5,65.5,65.5,501.0
2024-10-25 09:43:00+00:00,DOMO,7.820000171661377,7.820000171661377,7.820000171661377,7.809999942779541,7.820000171661377,608.0
2024-10-25 09:43:00+00:00,DSGX,105.25,105.25,105.25,105.16000366210938,105.16000366210938,705.0
2024-10-25 09:43:00+00:00,DUOL,283.6000061035156,283.6000061035156,283.6000061035156,283.6000061035156,283.6000061035156,2685.0
2024-10-25 09:43:00+00:00,EEFT,100.46510314941406,100.46510314941406,100.46510314941406,100.46510314941406,100.46510314941406,237.0
2024-10-25 09:43:00+00:00,ENPH,80.23999786376953,80.23999786376953,80.41999816894531,80.05999755859375,80.18569946289062,7159.0
2024-10-25 09:43:00+00:00,ENTG,104.9749984741211,104.9749984741211,104.9749984741211,104.75499725341797,104.76249694824219,1753.0
2024-10-25 09:43:00+00:00,ERIC,8.505000114440918,8.505000114440918,8.505000114440918,8.505000114440918,8.505000114440918,4456.0
2024-10-25 09:43:00+00:00,EXFY,1.7100000381469727,1.7100000381469727,1.7100000381469727,1.7079999446868896,1.7079999446868896,1696.0
2024-10-25 09:43:00+00:00,EXLS,39.27000045776367,39.27000045776367,39.27000045776367,39.27000045776367,39.27000045776367,257.0
2024-10-25 09:43:00+00:00,EXTR,14.510000228881836,14.510000228881836,14.510000228881836,14.510000228881836,14.510000228881836,511.0
2024-10-25 09:43:00+00:00,FARO,17.700000762939453,17.700000762939453,17.700000762939453,17.700000762939453,17.700000762939453,274.0
2024-10-25 09:43:00+00:00,FIVN,31.290000915527344,31.290000915527344,31.290000915527344,31.290000915527344,31.290000915527344,774.0
2024-10-25 09:43:00+00:00,FLEX,35.279998779296875,35.279998779296875,35.28499984741211,35.209999084472656,35.220699310302734,31950.0
2024-10-25 09:43:00+00:00,FLYW,17.579999923706055,17.579999923706055,17.579999923706055,17.520000457763672,17.520000457763672,4008.0
2024-10-25 09:43:00+00:00,FRGT,1.8775999546051025,1.8775999546051025,1.8775999546051025,1.8775999546051025,1.8775999546051025,585.0
2024-10-25 09:43:00+00:00,FROG,29.389999389648438,29.389999389648438,29.399999618530273,29.260000228881836,29.399999618530273,3577.0
2024-10-25 09:43:00+00:00,FRSH,11.6899995803833,11.6899995803833,11.6899995803833,11.680000305175781,11.6899995803833,1771.0
2024-10-25 09:43:00+00:00,FSLR,196.1699981689453,196.1699981689453,196.43499755859375,195.7100067138672,196.0,8552.0
2024-10-25 09:43:00+00:00,FTNT,81.27999877929688,81.27999877929688,81.29000091552734,81.18840026855469,81.18840026855469,5044.0
2024-10-25 09:43:00+00:00,GCT,25.422100067138672,25.422100067138672,25.53499984741211,25.40999984741211,25.43000030517578,6845.0
2024-10-25 09:43:00+00:00,GDS,21.6299991607666,21.6299991607666,21.65999984741211,21.6200008392334,21.6200008392334,3372.0
2024-10-25 09:43:00+00:00,GFS,40.902000427246094,40.902000427246094,40.90999984741211,40.82789993286133,40.86389923095703,6217.0
2024-10-25 09:43:00+00:00,GILT,4.929999828338623,4.929999828338623,4.929999828338623,4.929999828338623,4.929999828338623,438.0
2024-10-25 09:43:00+00:00,GNSS,3.8550000190734863,3.8550000190734863,3.8550000190734863,3.8399999141693115,3.8499999046325684,1130.0
2024-10-25 09:43:00+00:00,GRAB,4.074999809265137,4.074999809265137,4.085000038146973,4.070000171661377,4.080100059509277,63569.0
2024-10-25 09:43:00+00:00,GRRR,4.71999979019165,4.71999979019165,4.739999771118164,4.71999979019165,4.739999771118164,5300.0
2024-10-25 09:43:00+00:00,GSIT,3.1700000762939453,3.1700000762939453,3.240000009536743,3.1700000762939453,3.240000009536743,10610.0
2024-10-25 09:43:00+00:00,GTLB,56.60499954223633,56.60499954223633,56.689998626708984,56.5099983215332,56.5099983215332,4570.0
2024-10-25 09:43:00+00:00,HCKT,24.889400482177734,24.889400482177734,24.889400482177734,24.889400482177734,24.889400482177734,565.0
2024-10-25 09:43:00+00:00,HCP,33.685001373291016,33.685001373291016,33.689998626708984,33.685001373291016,33.689998626708984,8801.0
2024-10-25 09:43:00+00:00,HIMX,6.159999847412109,6.159999847412109,6.159999847412109,6.15500020980835,6.15500020980835,806.0
2024-10-25 09:43:00+00:00,HLIT,14.729999542236328,14.729999542236328,14.739999771118164,14.729999542236328,14.739999771118164,456.0
2024-10-25 09:43:00+00:00,HOLO,3.950000047683716,3.950000047683716,3.9999001026153564,3.950000047683716,3.9999001026153564,17351.0
2024-10-25 09:43:00+00:00,HOOD,27.309999465942383,27.309999465942383,27.325000762939453,27.229999542236328,27.229999542236328,39041.0
2024-10-25 09:43:00+00:00,ICHR,27.524999618530273,27.524999618530273,27.524999618530273,27.479999542236328,27.479999542236328,1488.0
2024-10-25 09:43:00+00:00,IMMR,8.634900093078613,8.634900093078613,8.634900093078613,8.630000114440918,8.630000114440918,846.0
2024-10-25 09:43:00+00:00,IMTE,1.7000000476837158,1.7000000476837158,1.7020000219345093,1.7000000476837158,1.7020000219345093,1368.0
2024-10-25 09:43:00+00:00,IMXI,17.69499969482422,17.69499969482422,17.725000381469727,17.69499969482422,17.725000381469727,2989.0
2024-10-25 09:43:00+00:00,INDI,3.4800000190734863,3.4800000190734863,3.4800000190734863,3.4700000286102295,3.4700000286102295,3978.0
2024-10-25 09:43:00+00:00,INFN,6.815000057220459,6.815000057220459,6.815000057220459,6.810100078582764,6.810100078582764,744.0
2024-10-25 09:43:00+00:00,INSG,19.700000762939453,19.700000762939453,19.700000762939453,19.700000762939453,19.700000762939453,815.0
2024-10-25 09:43:00+00:00,INTC,22.665000915527344,22.665000915527344,22.709800720214844,22.65999984741211,22.704999923706055,200201.0
2024-10-25 09:43:00+00:00,INTU,612.5900268554688,612.5900268554688,612.5900268554688,612.1900024414062,612.1900024414062,3273.0
2024-10-25 09:43:00+00:00,IPGP,76.19499969482422,76.19499969482422,76.19499969482422,76.19499969482422,76.19499969482422,502.0
2024-10-25 09:43:00+00:00,ITRI,102.9000015258789,102.9000015258789,102.9000015258789,102.72789764404297,102.72789764404297,3994.0
2024-10-25 09:43:00+00:00,KC,2.680000066757202,2.680000066757202,2.680000066757202,2.674999952316284,2.674999952316284,8983.0
2024-10-25 09:43:00+00:00,KLAC,675.1199951171875,675.1199951171875,675.3569946289062,674.1699829101562,674.1699829101562,3809.0
2024-10-25 09:43:00+00:00,KLIC,44.0,44.0,44.0,44.0,44.0,1062.0
2024-10-25 09:43:00+00:00,LOGI,80.88999938964844,80.88999938964844,80.88999938964844,80.77999877929688,80.86000061035156,4911.0
2024-10-25 09:43:00+00:00,LPSN,1.225000023841858,1.225000023841858,1.2300000190734863,1.225000023841858,1.2259999513626099,24218.0
2024-10-25 09:43:00+00:00,LRCX,77.54499816894531,77.54499816894531,77.57599639892578,77.36000061035156,77.36000061035156,33949.0
2024-10-25 09:43:00+00:00,LSCC,54.80500030517578,54.80500030517578,54.814998626708984,54.80500030517578,54.814998626708984,876.0
2024-10-25 09:43:00+00:00,LUNA,1.7799999713897705,1.7799999713897705,1.7799999713897705,1.7799999713897705,1.7799999713897705,734.0
2024-10-25 09:43:00+00:00,LYFT,13.6850004196167,13.6850004196167,13.704999923706055,13.684800148010254,13.6850004196167,16505.0
2024-10-25 09:43:00+00:00,MAPS,0.8578000068664551,0.8578000068664551,0.8578000068664551,0.8578000068664551,0.8578000068664551,292.0
2024-10-25 09:43:00+00:00,MAXN,5.493000030517578,5.493000030517578,5.493000030517578,5.493000030517578,5.493000030517578,1978.0
2024-10-25 09:43:00+00:00,MCHP,77.02999877929688,77.02999877929688,77.18000030517578,77.02999877929688,77.0999984741211,11341.0
2024-10-25 09:43:00+00:00,MDB,269.8500061035156,269.8500061035156,269.8500061035156,269.2275085449219,269.5400085449219,8023.0
2024-10-25 09:43:00+00:00,MKSI,100.48500061035156,100.48500061035156,100.48500061035156,100.48500061035156,100.48500061035156,265.0
2024-10-25 09:43:00+00:00,MNDY,300.7900085449219,300.7900085449219,300.7900085449219,300.7900085449219,300.7900085449219,276.0
2024-10-25 09:43:00+00:00,MPWR,914.989990234375,914.989990234375,916.0,913.27001953125,913.27001953125,9590.0
2024-10-25 09:43:00+00:00,MQ,5.349999904632568,5.349999904632568,5.349999904632568,5.340000152587891,5.340000152587891,2093.0
2024-10-25 09:43:00+00:00,MRVL,82.625,82.625,82.69999694824219,82.45999908447266,82.45999908447266,12635.0
2024-10-25 09:43:00+00:00,MSFT,429.8338928222656,429.8338928222656,429.989990234375,429.30999755859375,429.30999755859375,76193.0
2024-10-25 09:43:00+00:00,MSTR,233.4600067138672,233.4600067138672,233.60000610351562,232.0749969482422,232.36239624023438,77161.0
2024-10-25 09:43:00+00:00,MTC,0.36880001425743103,0.36880001425743103,0.3741999864578247,0.36880001425743103,0.3741999864578247,67831.0
2024-10-25 09:43:00+00:00,MTLS,6.019999980926514,6.019999980926514,6.039999961853027,6.019999980926514,6.039999961853027,886.0
2024-10-25 09:43:00+00:00,MTTR,4.650000095367432,4.650000095367432,4.650000095367432,4.650000095367432,4.650000095367432,125.0
2024-10-25 09:43:00+00:00,MU,108.14430236816406,108.14430236816406,108.25499725341797,108.12010192871094,108.13999938964844,36105.0
2024-10-25 09:43:00+00:00,MVIS,1.0999000072479248,1.0999000072479248,1.0999000072479248,1.0931999683380127,1.0931999683380127,2674.0
2024-10-25 09:43:00+00:00,MXL,15.069999694824219,15.069999694824219,15.180000305175781,15.050000190734863,15.079999923706055,9490.0
2024-10-25 09:43:00+00:00,NCNO,38.29999923706055,38.29999923706055,38.29999923706055,38.220001220703125,38.224998474121094,3636.0
2024-10-25 09:43:00+00:00,NEON,8.045000076293945,8.045000076293945,8.079999923706055,8.020000457763672,8.029999732971191,2094.0
2024-10-25 09:43:00+00:00,NICE,177.68499755859375,177.68499755859375,177.68499755859375,177.68499755859375,177.68499755859375,326.0
2024-10-25 09:43:00+00:00,NNDM,2.319999933242798,2.319999933242798,2.321700096130371,2.319999933242798,2.321700096130371,617.0
2024-10-25 09:43:00+00:00,NSIT,211.6649932861328,211.6649932861328,211.6649932861328,211.6649932861328,211.6649932861328,118.0
2024-10-25 09:43:00+00:00,NTAP,120.00499725341797,120.00499725341797,120.00499725341797,120.00499725341797,120.00499725341797,933.0
2024-10-25 09:43:00+00:00,NTNX,62.81999969482422,62.81999969482422,62.81999969482422,62.654998779296875,62.654998779296875,3548.0
2024-10-25 09:43:00+00:00,NVDA,142.2740020751953,142.2740020751953,142.3699951171875,141.960693359375,141.96929931640625,1167196.0
2024-10-25 09:43:00+00:00,NVEI,33.54999923706055,33.54999923706055,33.54999923706055,33.54999923706055,33.54999923706055,708.0
2024-10-25 09:43:00+00:00,NVTS,2.5199999809265137,2.5199999809265137,2.5199999809265137,2.515000104904175,2.515000104904175,329.0
2024-10-25 09:43:00+00:00,NXPI,243.41000366210938,243.41000366210938,243.74000549316406,243.3300018310547,243.4600067138672,13879.0
2024-10-25 09:43:00+00:00,OKTA,72.62000274658203,72.62000274658203,72.72000122070312,72.62000274658203,72.72000122070312,968.0
2024-10-25 09:43:00+00:00,OLED,203.9429931640625,203.9429931640625,203.9429931640625,203.9429931640625,203.9429931640625,1032.0
2024-10-25 09:43:00+00:00,ON,72.0469970703125,72.0469970703125,72.19999694824219,71.66000366210938,71.69000244140625,157579.0
2024-10-25 09:43:00+00:00,OSPN,14.609299659729004,14.609299659729004,14.609299659729004,14.609299659729004,14.609299659729004,246.0
2024-10-25 09:43:00+00:00,PANW,369.5,369.5,369.6700134277344,368.8599853515625,368.8599853515625,2279.0
2024-10-25 09:43:00+00:00,PAYO,8.375,8.375,8.375,8.375,8.375,674.0
2024-10-25 09:43:00+00:00,PEGA,82.06999969482422,82.06999969482422,82.06999969482422,81.95999908447266,82.0,13341.0
2024-10-25 09:43:00+00:00,PEGY,4.561999797821045,4.561999797821045,4.561999797821045,4.561999797821045,4.561999797821045,1001.0
2024-10-25 09:43:00+00:00,PET,0.8299999833106995,0.8299999833106995,0.8299999833106995,0.8299999833106995,0.8299999833106995,3025.0
2024-10-25 09:43:00+00:00,PGY,11.789999961853027,11.789999961853027,11.789999961853027,11.755000114440918,11.755000114440918,412.0
2024-10-25 09:43:00+00:00,PHUN,9.520000457763672,9.520000457763672,9.550000190734863,9.380000114440918,9.5,134359.0
2024-10-25 09:43:00+00:00,PI,193.0800018310547,193.0800018310547,193.0800018310547,193.0500030517578,193.0500030517578,1308.0
2024-10-25 09:43:00+00:00,PLAB,23.572099685668945,23.572099685668945,23.572099685668945,23.572099685668945,23.572099685668945,188.0
2024-10-25 09:43:00+00:00,PLXS,145.19500732421875,145.19500732421875,145.19500732421875,144.6999969482422,144.6999969482422,514.0
2024-10-25 09:43:00+00:00,POET,3.990000009536743,3.990000009536743,3.990000009536743,3.990000009536743,3.990000009536743,1806.0
2024-10-25 09:43:00+00:00,POWI,62.90999984741211,62.90999984741211,62.90999984741211,62.90999984741211,62.90999984741211,2521.0
2024-10-25 09:43:00+00:00,PRCH,1.340000033378601,1.340000033378601,1.340000033378601,1.3324999809265137,1.3324999809265137,404.0
2024-10-25 09:43:00+00:00,PRGS,64.65499877929688,64.65499877929688,64.65499877929688,64.4800033569336,64.4800033569336,1609.0
2024-10-25 09:43:00+00:00,PRTH,5.429999828338623,5.429999828338623,5.429999828338623,5.429999828338623,5.429999828338623,431.0
2024-10-25 09:43:00+00:00,QCOM,171.0050048828125,171.0050048828125,171.1199951171875,170.86000061035156,170.86000061035156,10264.0
2024-10-25 09:43:00+00:00,QLYS,121.29000091552734,121.29000091552734,121.29000091552734,121.29000091552734,121.29000091552734,332.0
2024-10-25 09:43:00+00:00,QRVO,100.55000305175781,100.55000305175781,100.5999984741211,100.48999786376953,100.54499816894531,2341.0
2024-10-25 09:43:00+00:00,QUBT,1.1380000114440918,1.1380000114440918,1.1399999856948853,1.1299999952316284,1.139799952507019,10955.0
2024-10-25 09:43:00+00:00,RCAT,2.753999948501587,2.753999948501587,2.753999948501587,2.75,2.75,371.0
2024-10-25 09:43:00+00:00,RELY,14.6899995803833,14.6899995803833,14.6899995803833,14.6899995803833,14.6899995803833,615.0
2024-10-25 09:43:00+00:00,RGTI,1.2450000047683716,1.2450000047683716,1.25,1.2403000593185425,1.2403000593185425,9863.0
2024-10-25 09:43:00+00:00,RIOT,9.87969970703125,9.87969970703125,9.880000114440918,9.835000038146973,9.845000267028809,72159.0
2024-10-25 09:43:00+00:00,RMNI,1.7300000190734863,1.7300000190734863,1.7300000190734863,1.725000023841858,1.725000023841858,0.0
2024-10-25 09:43:00+00:00,RPAY,7.659999847412109,7.659999847412109,7.670000076293945,7.659999847412109,7.670000076293945,847.0
2024-10-25 09:43:00+00:00,RPD,39.209999084472656,39.209999084472656,39.23500061035156,39.209999084472656,39.23500061035156,1317.0
2024-10-25 09:43:00+00:00,RUM,5.534999847412109,5.534999847412109,5.534999847412109,5.525000095367432,5.525000095367432,3457.0
2024-10-25 09:43:00+00:00,RUN,14.199999809265137,14.199999809265137,14.220000267028809,14.140000343322754,14.140000343322754,21601.0
2024-10-25 09:43:00+00:00,RXT,2.501699924468994,2.501699924468994,2.501699924468994,2.501699924468994,2.501699924468994,445.0
2024-10-25 09:43:00+00:00,SCWX,8.399999618530273,8.399999618530273,8.399999618530273,8.399999618530273,8.399999618530273,101.0
2024-10-25 09:43:00+00:00,SEDG,15.479999542236328,15.479999542236328,15.503899574279785,15.460000038146973,15.484999656677246,6616.0
2024-10-25 09:43:00+00:00,SHLS,5.175000190734863,5.175000190734863,5.179800033569336,5.170000076293945,5.170000076293945,28483.0
2024-10-25 09:43:00+00:00,SKYT,10.609999656677246,10.609999656677246,10.609999656677246,10.586000442504883,10.586000442504883,1770.0
2024-10-25 09:43:00+00:00,SMCI,47.18000030517578,47.18000030517578,47.43199920654297,47.150001525878906,47.29999923706055,330049.0
2024-10-25 09:43:00+00:00,SMSI,0.8276000022888184,0.8276000022888184,0.8276000022888184,0.8276000022888184,0.8276000022888184,1038.0
2024-10-25 09:43:00+00:00,SMTC,44.970001220703125,44.970001220703125,45.09000015258789,44.970001220703125,45.09000015258789,2168.0
2024-10-25 09:43:00+00:00,SNCR,11.050000190734863,11.050000190734863,11.050000190734863,11.050000190734863,11.050000190734863,2501.0
2024-10-25 09:43:00+00:00,SNPS,501.9599914550781,501.9599914550781,502.489990234375,501.82501220703125,501.88641357421875,4344.0
2024-10-25 09:43:00+00:00,SOUN,5.255000114440918,5.255000114440918,5.2596001625061035,5.244999885559082,5.248700141906738,21307.0
2024-10-25 09:43:00+00:00,SOUNW,1.9500000476837158,1.9500000476837158,1.9500000476837158,1.9500000476837158,1.9500000476837158,2224.0
2024-10-25 09:43:00+00:00,SPT,27.690000534057617,27.690000534057617,27.690000534057617,27.690000534057617,27.690000534057617,688.0
2024-10-25 09:43:00+00:00,SSNC,70.84500122070312,70.84500122070312,70.95999908447266,70.80999755859375,70.87000274658203,34150.0
2024-10-25 09:43:00+00:00,SSYS,7.117700099945068,7.117700099945068,7.139999866485596,7.117700099945068,7.139999866485596,2054.0
2024-10-25 09:43:00+00:00,STNE,11.305000305175781,11.305000305175781,11.3100004196167,11.289999961853027,11.289999961853027,2033.0
2024-10-25 09:43:00+00:00,STX,105.02999877929688,105.02999877929688,105.20999908447266,105.0,105.20999908447266,3246.0
2024-10-25 09:43:00+00:00,SVRE,0.08720000088214874,0.08720000088214874,0.08720000088214874,0.08720000088214874,0.08720000088214874,408.0
2024-10-25 09:43:00+00:00,SWKS,95.9000015258789,95.9000015258789,95.97000122070312,95.8949966430664,95.97000122070312,3318.0
2024-10-25 09:43:00+00:00,SYTA,1.149999976158142,1.149999976158142,1.1549999713897705,1.149999976158142,1.149999976158142,9050.0
2024-10-25 09:43:00+00:00,TASK,12.0,12.0,12.0,11.979999542236328,11.979999542236328,871.0
2024-10-25 09:43:00+00:00,TEAM,191.00999450683594,191.00999450683594,191.24000549316406,190.19500732421875,190.3350067138672,23291.0
2024-10-25 09:43:00+00:00,TENB,41.25,41.25,41.25,41.25,41.25,176.0
2024-10-25 09:43:00+00:00,TER,112.18000030517578,112.18000030517578,112.25,111.8499984741211,111.91999816894531,10812.0
2024-10-25 09:43:00+00:00,TLS,3.580399990081787,3.580399990081787,3.580399990081787,3.580399990081787,3.580399990081787,2.0
2024-10-25 09:43:00+00:00,TRMB,60.97999954223633,60.97999954223633,61.005001068115234,60.97999954223633,60.9900016784668,3349.0
2024-10-25 09:43:00+00:00,TSEM,44.54999923706055,44.54999923706055,44.54999923706055,44.470001220703125,44.470001220703125,1214.0
2024-10-25 09:43:00+00:00,TTD,121.13999938964844,121.13999938964844,121.31999969482422,120.86000061035156,120.86000061035156,14053.0
2024-10-25 09:43:00+00:00,TTMI,19.5,19.5,19.5,19.399999618530273,19.420000076293945,5727.0
2024-10-25 09:43:00+00:00,TXN,210.0500030517578,210.0500030517578,210.17999267578125,209.6999969482422,209.6999969482422,41069.0
2024-10-25 09:43:00+00:00,UCTT,35.849998474121094,35.849998474121094,35.880001068115234,35.84560012817383,35.85599899291992,1799.0
2024-10-25 09:43:00+00:00,VERI,3.4000000953674316,3.4000000953674316,3.4200000762939453,3.390000104904175,3.390000104904175,3456.0
2024-10-25 09:43:00+00:00,VERX,42.30500030517578,42.30500030517578,42.40999984741211,42.30500030517578,42.40999984741211,233.0
2024-10-25 09:43:00+00:00,VNET,3.4298999309539795,3.4298999309539795,3.430000066757202,3.4179999828338623,3.4179999828338623,3376.0
2024-10-25 09:43:00+00:00,VRNS,56.5099983215332,56.5099983215332,56.5099983215332,56.5099983215332,56.5099983215332,549.0
2024-10-25 09:43:00+00:00,VRNT,22.020000457763672,22.020000457763672,22.020000457763672,22.020000457763672,22.020000457763672,253.0
2024-10-25 09:43:00+00:00,VRSN,189.3000030517578,189.3000030517578,189.3699951171875,189.2899932861328,189.2899932861328,2242.0
2024-10-25 09:43:00+00:00,VSAT,10.270000457763672,10.270000457763672,10.270000457763672,10.270000457763672,10.270000457763672,276.0
2024-10-25 09:43:00+00:00,VUZI,1.3200000524520874,1.3200000524520874,1.3250000476837158,1.3200000524520874,1.3250000476837158,565.0
2024-10-25 09:43:00+00:00,WDAY,241.89999389648438,241.89999389648438,242.0800018310547,241.89999389648438,242.0,6076.0
2024-10-25 09:43:00+00:00,WDC,72.12999725341797,72.12999725341797,72.32499694824219,72.01000213623047,72.1500015258789,113008.0
2024-10-25 09:43:00+00:00,WISA,1.804900050163269,1.804900050163269,1.8128000497817993,1.7900999784469604,1.809999942779541,13170.0
2024-10-25 09:43:00+00:00,WRAP,1.9056999683380127,1.9056999683380127,1.9056999683380127,1.9049999713897705,1.9049999713897705,643.0
2024-10-25 09:43:00+00:00,ZI,10.479999542236328,10.479999542236328,10.479999542236328,10.460000038146973,10.475000381469727,4176.0
2024-10-25 09:43:00+00:00,ZM,73.16000366210938,73.16000366210938,73.19999694824219,73.11000061035156,73.12000274658203,9622.0
2024-10-25 09:43:00+00:00,ZS,188.197998046875,188.197998046875,188.197998046875,187.7006072998047,187.8800048828125,6177.0
2024-10-25 09:44:00+00:00,AAOI,17.850000381469727,17.850000381469727,17.850000381469727,17.729999542236328,17.729999542236328,2731.0
2024-10-25 09:44:00+00:00,AAPL,231.39999389648438,231.39999389648438,231.5399932861328,231.33999633789062,231.4600067138672,113724.0
2024-10-25 09:44:00+00:00,ACIW,49.09700012207031,49.09700012207031,49.09700012207031,49.060001373291016,49.06999969482422,1749.0
2024-10-25 09:44:00+00:00,ACLS,91.27680206298828,91.27680206298828,91.27680206298828,91.27680206298828,91.27680206298828,328.0
2024-10-25 09:44:00+00:00,ACMR,19.395000457763672,19.395000457763672,19.420000076293945,19.395000457763672,19.399999618530273,5785.0
2024-10-25 09:44:00+00:00,ADBE,486.30999755859375,486.30999755859375,486.6499938964844,486.07000732421875,486.15838623046875,4418.0
2024-10-25 09:44:00+00:00,ADI,233.63499450683594,233.63499450683594,233.7899932861328,233.52999877929688,233.69000244140625,4278.0
2024-10-25 09:44:00+00:00,ADSK,287.8450012207031,287.8450012207031,287.8450012207031,287.8399963378906,287.8399963378906,607.0
2024-10-25 09:44:00+00:00,AEHR,16.31999969482422,16.31999969482422,16.3700008392334,16.31999969482422,16.33329963684082,7644.0
2024-10-25 09:44:00+00:00,AFRM,41.70000076293945,41.70000076293945,41.72999954223633,41.58000183105469,41.61000061035156,21787.0
2024-10-25 09:44:00+00:00,AGMH,1.7799999713897705,1.7799999713897705,1.7799999713897705,1.7799999713897705,1.7799999713897705,100.0
2024-10-25 09:44:00+00:00,AKAM,103.2699966430664,103.2699966430664,103.2699966430664,103.25,103.2699966430664,824.0
2024-10-25 09:44:00+00:00,AKTS,0.0568000003695488,0.0568000003695488,0.0568000003695488,0.0568000003695488,0.0568000003695488,0.0
2024-10-25 09:44:00+00:00,ALGM,22.219999313354492,22.219999313354492,22.219999313354492,22.079999923706055,22.079999923706055,9982.0
2024-10-25 09:44:00+00:00,ALKT,38.23500061035156,38.23500061035156,38.2400016784668,38.15999984741211,38.15999984741211,2444.0
2024-10-25 09:44:00+00:00,ALLT,3.434999942779541,3.434999942779541,3.434999942779541,3.434999942779541,3.434999942779541,0.0
2024-10-25 09:44:00+00:00,ALRM,54.18000030517578,54.18000030517578,54.18000030517578,54.18000030517578,54.18000030517578,435.0
2024-10-25 09:44:00+00:00,AMAT,187.2899932861328,187.2899932861328,187.38999938964844,186.97999572753906,186.97999572753906,35375.0
2024-10-25 09:44:00+00:00,AMD,157.3300018310547,157.3300018310547,157.37120056152344,157.1300048828125,157.3426055908203,170385.0
2024-10-25 09:44:00+00:00,AMKR,29.889999389648438,29.889999389648438,29.900100708007812,29.8799991607666,29.900100708007812,3157.0
2024-10-25 09:44:00+00:00,ANSS,326.4599914550781,326.4599914550781,326.4599914550781,326.44000244140625,326.44000244140625,279.0
2024-10-25 09:44:00+00:00,AOSL,36.57460021972656,36.57460021972656,36.96799850463867,36.56010055541992,36.88399887084961,10732.0
2024-10-25 09:44:00+00:00,API,2.684999942779541,2.684999942779541,2.684999942779541,2.684999942779541,2.684999942779541,504.0
2024-10-25 09:44:00+00:00,APP,162.41000366210938,162.41000366210938,162.5449981689453,162.1999969482422,162.38999938964844,14159.0
2024-10-25 09:44:00+00:00,APPF,233.0,233.0,233.23989868164062,231.1417999267578,233.0,4418.0
2024-10-25 09:44:00+00:00,APPS,3.0815000534057617,3.0815000534057617,3.089900016784668,3.0815000534057617,3.089900016784668,635.0
2024-10-25 09:44:00+00:00,ARRY,6.235000133514404,6.235000133514404,6.239999771118164,6.204999923706055,6.204999923706055,5097.0
2024-10-25 09:44:00+00:00,ASML,718.034912109375,718.034912109375,718.034912109375,717.5399780273438,717.5399780273438,791.0
2024-10-25 09:44:00+00:00,ASUR,9.675000190734863,9.675000190734863,9.675000190734863,9.675000190734863,9.675000190734863,214.0
2024-10-25 09:44:00+00:00,AUR,6.389999866485596,6.389999866485596,6.389999866485596,6.369999885559082,6.369999885559082,16163.0
2024-10-25 09:44:00+00:00,AVDX,8.265000343322754,8.265000343322754,8.265000343322754,8.260000228881836,8.260000228881836,1034.0
2024-10-25 09:44:00+00:00,AVGO,174.09039306640625,174.09039306640625,174.2198944091797,174.00999450683594,174.10000610351562,40604.0
2024-10-25 09:44:00+00:00,AVT,54.505001068115234,54.505001068115234,54.54999923706055,54.45500183105469,54.4900016784668,5480.0
2024-10-25 09:44:00+00:00,AXTI,2.640000104904175,2.640000104904175,2.640000104904175,2.640000104904175,2.640000104904175,200.0
2024-10-25 09:44:00+00:00,BEEM,4.815700054168701,4.815700054168701,4.815700054168701,4.815700054168701,4.815700054168701,0.0
2024-10-25 09:44:00+00:00,BIGC,5.329999923706055,5.329999923706055,5.329999923706055,5.329999923706055,5.329999923706055,183.0
2024-10-25 09:44:00+00:00,BLKB,86.29499816894531,86.29499816894531,86.29499816894531,86.29499816894531,86.29499816894531,286.0
2024-10-25 09:44:00+00:00,BMBL,7.255000114440918,7.255000114440918,7.269999980926514,7.255000114440918,7.269999980926514,1105.0
2024-10-25 09:44:00+00:00,BRZE,31.110000610351562,31.110000610351562,31.110000610351562,31.110000610351562,31.110000610351562,246.0
2024-10-25 09:44:00+00:00,CAN,0.9980999827384949,0.9980999827384949,0.9983999729156494,0.9937000274658203,0.9983999729156494,17642.0
2024-10-25 09:44:00+00:00,CDNS,256.32501220703125,256.32501220703125,256.4150085449219,256.32000732421875,256.4150085449219,2132.0
2024-10-25 09:44:00+00:00,CDW,220.02499389648438,220.02499389648438,220.02499389648438,220.02499389648438,220.02499389648438,201.0
2024-10-25 09:44:00+00:00,CETX,0.29440000653266907,0.29440000653266907,0.2944999933242798,0.29440000653266907,0.2944999933242798,2654.0
2024-10-25 09:44:00+00:00,CFLT,22.31999969482422,22.31999969482422,22.3700008392334,22.302000045776367,22.3700008392334,6799.0
2024-10-25 09:44:00+00:00,CGNX,39.06999969482422,39.06999969482422,39.06999969482422,39.06999969482422,39.06999969482422,455.0
2024-10-25 09:44:00+00:00,CHKP,206.72500610351562,206.72500610351562,206.72500610351562,206.72500610351562,206.72500610351562,137.0
2024-10-25 09:44:00+00:00,CISO,0.8847000002861023,0.8847000002861023,0.8847000002861023,0.8847000002861023,0.8847000002861023,5069.0
2024-10-25 09:44:00+00:00,CLBT,18.079999923706055,18.079999923706055,18.079999923706055,18.079999923706055,18.079999923706055,453.0
2024-10-25 09:44:00+00:00,CLSK,11.739999771118164,11.739999771118164,11.795000076293945,11.710000038146973,11.730999946594238,89821.0
2024-10-25 09:44:00+00:00,CMTL,3.7200000286102295,3.7200000286102295,3.7200000286102295,3.700000047683716,3.700000047683716,1608.0
2024-10-25 09:44:00+00:00,CNDT,3.674999952316284,3.674999952316284,3.674999952316284,3.674999952316284,3.674999952316284,373.0
2024-10-25 09:44:00+00:00,CNXC,45.349998474121094,45.349998474121094,45.38999938964844,45.349998474121094,45.349998474121094,999.0
2024-10-25 09:44:00+00:00,COHR,96.83000183105469,96.83000183105469,96.83000183105469,96.83000183105469,96.83000183105469,2798.0
2024-10-25 09:44:00+00:00,COIN,207.97000122070312,207.97000122070312,208.1699981689453,207.13600158691406,207.13600158691406,26725.0
2024-10-25 09:44:00+00:00,COMM,6.369999885559082,6.369999885559082,6.389999866485596,6.369999885559082,6.380000114440918,2853.0
2024-10-25 09:44:00+00:00,CORZ,13.5600004196167,13.5600004196167,13.595000267028809,13.5600004196167,13.569999694824219,20746.0
2024-10-25 09:44:00+00:00,CRDO,39.849998474121094,39.849998474121094,39.849998474121094,39.709999084472656,39.77000045776367,4502.0
2024-10-25 09:44:00+00:00,CRNC,2.799499988555908,2.799499988555908,2.809999942779541,2.799499988555908,2.809999942779541,4254.0
2024-10-25 09:44:00+00:00,CRSR,6.385000228881836,6.385000228881836,6.385000228881836,6.385000228881836,6.385000228881836,432.0
2024-10-25 09:44:00+00:00,CRWD,309.260009765625,309.260009765625,309.39990234375,308.8923034667969,309.32000732421875,8958.0
2024-10-25 09:44:00+00:00,CSCO,56.314998626708984,56.314998626708984,56.314998626708984,56.279998779296875,56.29499816894531,14524.0
2024-10-25 09:44:00+00:00,CSIQ,12.999799728393555,12.999799728393555,13.010000228881836,12.90999984741211,12.90999984741211,34172.0
2024-10-25 09:44:00+00:00,CTLP,9.050000190734863,9.050000190734863,9.050000190734863,9.050000190734863,9.050000190734863,208.0
2024-10-25 09:44:00+00:00,CTSH,75.20999908447266,75.20999908447266,75.26000213623047,75.19999694824219,75.26000213623047,4521.0
2024-10-25 09:44:00+00:00,CYBR,297.1650085449219,297.1650085449219,297.1650085449219,297.1650085449219,297.1650085449219,475.0
2024-10-25 09:44:00+00:00,DATS,1.590000033378601,1.590000033378601,1.590000033378601,1.5601999759674072,1.5601999759674072,0.0
2024-10-25 09:44:00+00:00,DAVE,40.30500030517578,40.30500030517578,40.30500030517578,40.30500030517578,40.30500030517578,460.0
2024-10-25 09:44:00+00:00,DBX,26.1200008392334,26.1200008392334,26.1200008392334,26.100000381469727,26.100000381469727,1487.0
2024-10-25 09:44:00+00:00,DDOG,126.87999725341797,126.87999725341797,126.94999694824219,126.75,126.80000305175781,12110.0
2024-10-25 09:44:00+00:00,DLO,8.800000190734863,8.800000190734863,8.800000190734863,8.800000190734863,8.800000190734863,1854.0
2024-10-25 09:44:00+00:00,DOCU,70.8550033569336,70.8550033569336,70.91000366210938,70.74500274658203,70.74500274658203,3055.0
2024-10-25 09:44:00+00:00,DOMO,7.829999923706055,7.829999923706055,7.829999923706055,7.829999923706055,7.829999923706055,172.0
2024-10-25 09:44:00+00:00,DTSS,2.4993999004364014,2.4993999004364014,2.4993999004364014,2.4993999004364014,2.4993999004364014,496.0
2024-10-25 09:44:00+00:00,DUOL,284.6400146484375,284.6400146484375,284.6400146484375,283.7200012207031,283.7200012207031,2682.0
2024-10-25 09:44:00+00:00,EEFT,100.38500213623047,100.38500213623047,100.38500213623047,100.38500213623047,100.38500213623047,262.0
2024-10-25 09:44:00+00:00,ENPH,80.62999725341797,80.62999725341797,80.7300033569336,80.25,80.36000061035156,19594.0
2024-10-25 09:44:00+00:00,ENTG,104.81999969482422,104.81999969482422,104.81999969482422,104.81999969482422,104.81999969482422,510.0
2024-10-25 09:44:00+00:00,ERIC,8.510000228881836,8.510000228881836,8.510000228881836,8.5,8.505000114440918,32617.0
2024-10-25 09:44:00+00:00,EXFY,1.7100000381469727,1.7100000381469727,1.7100000381469727,1.7100000381469727,1.7100000381469727,152.0
2024-10-25 09:44:00+00:00,EXLS,39.11000061035156,39.11000061035156,39.13999938964844,39.11000061035156,39.13999938964844,2740.0
2024-10-25 09:44:00+00:00,EXTR,14.539999961853027,14.539999961853027,14.539999961853027,14.520000457763672,14.520000457763672,1612.0
2024-10-25 09:44:00+00:00,FFIV,215.77000427246094,215.77000427246094,215.77000427246094,215.3699951171875,215.3800048828125,1758.0
2024-10-25 09:44:00+00:00,FIVN,31.165000915527344,31.165000915527344,31.209999084472656,31.165000915527344,31.209999084472656,1709.0
2024-10-25 09:44:00+00:00,FLEX,35.33000183105469,35.33000183105469,35.380001068115234,35.27000045776367,35.279998779296875,5050.0
2024-10-25 09:44:00+00:00,FROG,29.38479995727539,29.38479995727539,29.38479995727539,29.38479995727539,29.38479995727539,599.0
2024-10-25 09:44:00+00:00,FRSH,11.71500015258789,11.71500015258789,11.720000267028809,11.694999694824219,11.694999694824219,31022.0
2024-10-25 09:44:00+00:00,FSLR,196.59750366210938,196.59750366210938,196.59750366210938,195.97000122070312,196.1300048828125,7095.0
2024-10-25 09:44:00+00:00,FTCI,0.7053999900817871,0.7053999900817871,0.7053999900817871,0.7053999900817871,0.7053999900817871,106.0
2024-10-25 09:44:00+00:00,FTNT,81.2699966430664,81.2699966430664,81.31999969482422,81.2699966430664,81.28829956054688,3581.0
2024-10-25 09:44:00+00:00,GCT,25.56290054321289,25.56290054321289,25.569799423217773,25.450000762939453,25.549999237060547,6805.0
2024-10-25 09:44:00+00:00,GDS,21.554000854492188,21.554000854492188,21.670000076293945,21.554000854492188,21.670000076293945,3800.0
2024-10-25 09:44:00+00:00,GFS,40.779998779296875,40.779998779296875,40.89500045776367,40.75,40.89500045776367,4241.0
2024-10-25 09:44:00+00:00,GPRO,1.3300000429153442,1.3300000429153442,1.3300000429153442,1.3300000429153442,1.3300000429153442,327.0
2024-10-25 09:44:00+00:00,GRAB,4.074999809265137,4.074999809265137,4.079999923706055,4.074999809265137,4.074999809265137,27696.0
2024-10-25 09:44:00+00:00,GRRR,4.710000038146973,4.710000038146973,4.735000133514404,4.710000038146973,4.717100143432617,800.0
2024-10-25 09:44:00+00:00,GSIT,3.1740000247955322,3.1740000247955322,3.200000047683716,3.1740000247955322,3.190000057220459,2386.0
2024-10-25 09:44:00+00:00,GTLB,56.70500183105469,56.70500183105469,56.72999954223633,56.54890060424805,56.54890060424805,4561.0
2024-10-25 09:44:00+00:00,HCP,33.67499923706055,33.67499923706055,33.689998626708984,33.67499923706055,33.689998626708984,6684.0
2024-10-25 09:44:00+00:00,HIMX,6.15500020980835,6.15500020980835,6.15500020980835,6.150100231170654,6.150100231170654,3192.0
2024-10-25 09:44:00+00:00,HLIT,14.720100402832031,14.720100402832031,14.720100402832031,14.720100402832031,14.720100402832031,3567.0
2024-10-25 09:44:00+00:00,HOLO,3.9407999515533447,3.9407999515533447,3.9600000381469727,3.930799961090088,3.930799961090088,12359.0
2024-10-25 09:44:00+00:00,HOOD,27.344999313354492,27.344999313354492,27.3700008392334,27.30500030517578,27.30500030517578,46183.0
2024-10-25 09:44:00+00:00,IDAI,0.22789999842643738,0.22789999842643738,0.22789999842643738,0.22789999842643738,0.22789999842643738,1423.0
2024-10-25 09:44:00+00:00,IFBD,1.9900000095367432,1.9900000095367432,1.9900000095367432,1.9900000095367432,1.9900000095367432,1665.0
2024-10-25 09:44:00+00:00,IMXI,17.700000762939453,17.700000762939453,17.704999923706055,17.68000030517578,17.690000534057617,2382.0
2024-10-25 09:44:00+00:00,INDI,3.48009991645813,3.48009991645813,3.48009991645813,3.4800000190734863,3.4800000190734863,5293.0
2024-10-25 09:44:00+00:00,INOD,19.649999618530273,19.649999618530273,19.649999618530273,19.520000457763672,19.520000457763672,3126.0
2024-10-25 09:44:00+00:00,INTC,22.684999465942383,22.684999465942383,22.700000762939453,22.66010093688965,22.665000915527344,143354.0
2024-10-25 09:44:00+00:00,INTU,612.8300170898438,612.8300170898438,612.8300170898438,612.8300170898438,612.8300170898438,597.0
2024-10-25 09:44:00+00:00,JAMF,16.90999984741211,16.90999984741211,16.940000534057617,16.90999984741211,16.940000534057617,1430.0
2024-10-25 09:44:00+00:00,KC,2.674999952316284,2.674999952316284,2.679500102996826,2.6700000762939453,2.674999952316284,9767.0
2024-10-25 09:44:00+00:00,KLAC,674.7000122070312,674.7000122070312,676.219970703125,674.7000122070312,676.219970703125,1833.0
2024-10-25 09:44:00+00:00,KLIC,43.994998931884766,43.994998931884766,43.994998931884766,43.994998931884766,43.994998931884766,200.0
2024-10-25 09:44:00+00:00,KOPN,0.7754999995231628,0.7754999995231628,0.7754999995231628,0.7754999995231628,0.7754999995231628,201.0
2024-10-25 09:44:00+00:00,LITE,64.2699966430664,64.2699966430664,64.41500091552734,64.2699966430664,64.41500091552734,4418.0
2024-10-25 09:44:00+00:00,LOGI,80.82499694824219,80.82499694824219,80.82499694824219,80.82499694824219,80.82499694824219,472.0
2024-10-25 09:44:00+00:00,LPSN,1.2200000286102295,1.2200000286102295,1.2293000221252441,1.2200000286102295,1.2293000221252441,104989.0
2024-10-25 09:44:00+00:00,LPTH,1.6988999843597412,1.6988999843597412,1.6988999843597412,1.6988999843597412,1.6988999843597412,200.0
2024-10-25 09:44:00+00:00,LRCX,77.6698989868164,77.6698989868164,77.66999816894531,77.47000122070312,77.51000213623047,59902.0
2024-10-25 09:44:00+00:00,LSCC,54.869998931884766,54.869998931884766,54.869998931884766,54.7400016784668,54.7400016784668,1815.0
2024-10-25 09:44:00+00:00,LYFT,13.680000305175781,13.680000305175781,13.685999870300293,13.675000190734863,13.680000305175781,21519.0
2024-10-25 09:44:00+00:00,LYTS,16.264999389648438,16.264999389648438,16.264999389648438,16.264999389648438,16.264999389648438,358.0
2024-10-25 09:44:00+00:00,MANH,277.6300048828125,277.6300048828125,277.6300048828125,277.6300048828125,277.6300048828125,700.0
2024-10-25 09:44:00+00:00,MAXN,5.512499809265137,5.512499809265137,5.512499809265137,5.512499809265137,5.512499809265137,536.0
2024-10-25 09:44:00+00:00,MCHP,76.9800033569336,76.9800033569336,77.0260009765625,76.92500305175781,77.0,7729.0
2024-10-25 09:44:00+00:00,MDB,269.69500732421875,269.69500732421875,269.739990234375,269.6099853515625,269.739990234375,782.0
2024-10-25 09:44:00+00:00,MKSI,100.45999908447266,100.45999908447266,100.45999908447266,100.45500183105469,100.45500183105469,1436.0
2024-10-25 09:44:00+00:00,MNDY,302.19891357421875,302.19891357421875,302.19891357421875,301.54998779296875,301.54998779296875,1868.0
2024-10-25 09:44:00+00:00,MQ,5.360000133514404,5.360000133514404,5.360000133514404,5.360000133514404,5.360000133514404,407.0
2024-10-25 09:44:00+00:00,MRVL,82.72000122070312,82.72000122070312,82.72000122070312,82.60669708251953,82.61000061035156,9766.0
2024-10-25 09:44:00+00:00,MSFT,430.3599853515625,430.3599853515625,430.3999938964844,429.8399963378906,429.8399963378906,96315.0
2024-10-25 09:44:00+00:00,MSTR,235.0,235.0,235.3699951171875,233.38999938964844,233.5,141861.0
2024-10-25 09:44:00+00:00,MTC,0.3734999895095825,0.3734999895095825,0.37380000948905945,0.3734999895095825,0.37380000948905945,0.0
2024-10-25 09:44:00+00:00,MU,108.19999694824219,108.19999694824219,108.2499008178711,108.12000274658203,108.1449966430664,23426.0
2024-10-25 09:44:00+00:00,MVIS,1.1050000190734863,1.1050000190734863,1.1050000190734863,1.0982999801635742,1.0982999801635742,1978.0
2024-10-25 09:44:00+00:00,MXL,15.25,15.25,15.25,15.114999771118164,15.114999771118164,1748.0
2024-10-25 09:44:00+00:00,NCNO,38.369998931884766,38.369998931884766,38.369998931884766,38.310001373291016,38.310001373291016,1843.0
2024-10-25 09:44:00+00:00,NEON,7.949999809265137,7.949999809265137,7.949999809265137,7.949999809265137,7.949999809265137,2373.0
2024-10-25 09:44:00+00:00,NTAP,120.1500015258789,120.1500015258789,120.1500015258789,120.1500015258789,120.1500015258789,103.0
2024-10-25 09:44:00+00:00,NTNX,62.7400016784668,62.7400016784668,62.74589920043945,62.7400016784668,62.74589920043945,1099.0
2024-10-25 09:44:00+00:00,NVDA,142.11000061035156,142.11000061035156,142.35000610351562,142.05999755859375,142.2799072265625,756279.0
2024-10-25 09:44:00+00:00,NVTS,2.515000104904175,2.515000104904175,2.5195000171661377,2.512700080871582,2.5195000171661377,3629.0
2024-10-25 09:44:00+00:00,NXPI,243.49000549316406,243.49000549316406,243.5,243.22999572753906,243.3300018310547,2817.0
2024-10-25 09:44:00+00:00,OKTA,72.81999969482422,72.81999969482422,72.8468017578125,72.81999969482422,72.8468017578125,947.0
2024-10-25 09:44:00+00:00,OLED,202.27000427246094,202.27000427246094,202.27000427246094,202.27000427246094,202.27000427246094,1213.0
2024-10-25 09:44:00+00:00,ON,72.01000213623047,72.01000213623047,72.05000305175781,71.83000183105469,71.93000030517578,30834.0
2024-10-25 09:44:00+00:00,PALT,2.0139999389648438,2.0139999389648438,2.0139999389648438,2.0139999389648438,2.0139999389648438,200.0
2024-10-25 09:44:00+00:00,PANW,369.6400146484375,369.6400146484375,369.79998779296875,369.4200134277344,369.7799987792969,9632.0
2024-10-25 09:44:00+00:00,PAYO,8.375,8.375,8.375,8.369999885559082,8.375,918.0
2024-10-25 09:44:00+00:00,PEGA,81.93000030517578,81.93000030517578,82.12999725341797,81.92520141601562,82.0999984741211,3329.0
2024-10-25 09:44:00+00:00,PEGY,4.630000114440918,4.630000114440918,4.630000114440918,4.619500160217285,4.619500160217285,864.0
2024-10-25 09:44:00+00:00,PGY,11.80090045928955,11.80090045928955,11.80090045928955,11.774999618530273,11.774999618530273,11582.0
2024-10-25 09:44:00+00:00,PHUN,9.725000381469727,9.725000381469727,9.760000228881836,9.521300315856934,9.550000190734863,177922.0
2024-10-25 09:44:00+00:00,PI,192.92469787597656,192.92469787597656,192.92469787597656,192.66000366210938,192.66000366210938,3962.0
2024-10-25 09:44:00+00:00,PTC,185.3699951171875,185.3699951171875,185.3699951171875,185.3699951171875,185.3699951171875,796.0
2024-10-25 09:44:00+00:00,PUBM,14.989999771118164,14.989999771118164,14.989999771118164,14.989999771118164,14.989999771118164,353.0
2024-10-25 09:44:00+00:00,PYCR,14.45009994506836,14.45009994506836,14.460000038146973,14.45009994506836,14.460000038146973,847.0
2024-10-25 09:44:00+00:00,QCOM,171.0399932861328,171.0399932861328,171.0399932861328,170.82000732421875,170.92999267578125,8747.0
2024-10-25 09:44:00+00:00,QUBT,1.1399999856948853,1.1399999856948853,1.1399999856948853,1.1339999437332153,1.1398999691009521,12860.0
2024-10-25 09:44:00+00:00,RCAT,2.75,2.75,2.759700059890747,2.75,2.759700059890747,630.0
2024-10-25 09:44:00+00:00,REKR,1.1100000143051147,1.1100000143051147,1.1100000143051147,1.1100000143051147,1.1100000143051147,419.0
2024-10-25 09:44:00+00:00,RGTI,1.2549999952316284,1.2549999952316284,1.2598999738693237,1.25,1.25,43412.0
2024-10-25 09:44:00+00:00,RIOT,9.880800247192383,9.880800247192383,9.90999984741211,9.869500160217285,9.869999885559082,168698.0
2024-10-25 09:44:00+00:00,RMBS,42.78499984741211,42.78499984741211,42.837501525878906,42.78499984741211,42.837501525878906,830.0
2024-10-25 09:44:00+00:00,RPAY,7.650000095367432,7.650000095367432,7.659999847412109,7.650000095367432,7.659999847412109,1637.0
2024-10-25 09:44:00+00:00,RUM,5.534999847412109,5.534999847412109,5.534999847412109,5.534999847412109,5.534999847412109,522.0
2024-10-25 09:44:00+00:00,RUN,14.260000228881836,14.260000228881836,14.260000228881836,14.210000038146973,14.229999542236328,57457.0
2024-10-25 09:44:00+00:00,SCKT,1.1912000179290771,1.1912000179290771,1.1912000179290771,1.1912000179290771,1.1912000179290771,560.0
2024-10-25 09:44:00+00:00,SEDG,15.489999771118164,15.489999771118164,15.5,15.4399995803833,15.489999771118164,28987.0
2024-10-25 09:44:00+00:00,SHLS,5.204999923706055,5.204999923706055,5.204999923706055,5.175000190734863,5.179999828338623,10696.0
2024-10-25 09:44:00+00:00,SKYT,10.619999885559082,10.619999885559082,10.619999885559082,10.59000015258789,10.59000015258789,2719.0
2024-10-25 09:44:00+00:00,SLNH,3.990000009536743,3.990000009536743,3.990000009536743,3.990000009536743,3.990000009536743,170.0
2024-10-25 09:44:00+00:00,SMCI,47.13999938964844,47.13999938964844,47.2400016784668,47.099998474121094,47.15999984741211,74645.0
2024-10-25 09:44:00+00:00,SMSI,0.8259999752044678,0.8259999752044678,0.8259999752044678,0.8259999752044678,0.8259999752044678,200.0
2024-10-25 09:44:00+00:00,SMTC,45.099998474121094,45.099998474121094,45.099998474121094,44.970001220703125,44.970001220703125,1055.0
2024-10-25 09:44:00+00:00,SNPS,502.3900146484375,502.3900146484375,502.4100036621094,502.1050109863281,502.1499938964844,2257.0
2024-10-25 09:44:00+00:00,SONO,12.680000305175781,12.680000305175781,12.690600395202637,12.680000305175781,12.6899995803833,1208.0
2024-10-25 09:44:00+00:00,SOUN,5.275000095367432,5.275000095367432,5.28000020980835,5.254000186920166,5.255000114440918,62000.0
2024-10-25 09:44:00+00:00,SPSC,187.5749969482422,187.5749969482422,187.5749969482422,187.5749969482422,187.5749969482422,251.0
2024-10-25 09:44:00+00:00,SSNC,70.80500030517578,70.80500030517578,70.9000015258789,70.80500030517578,70.80999755859375,12306.0
2024-10-25 09:44:00+00:00,SSYS,7.110000133514404,7.110000133514404,7.139999866485596,7.110000133514404,7.139999866485596,5124.0
2024-10-25 09:44:00+00:00,STNE,11.305000305175781,11.305000305175781,11.3100004196167,11.305000305175781,11.305000305175781,1909.0
2024-10-25 09:44:00+00:00,STX,105.08830261230469,105.08830261230469,105.11990356445312,105.01499938964844,105.10389709472656,3214.0
2024-10-25 09:44:00+00:00,SURG,1.7100000381469727,1.7100000381469727,1.7100000381469727,1.7100000381469727,1.7100000381469727,303.0
2024-10-25 09:44:00+00:00,SVRE,0.08749999850988388,0.08749999850988388,0.08749999850988388,0.08749999850988388,0.08749999850988388,50001.0
2024-10-25 09:44:00+00:00,SWKS,95.86499786376953,95.86499786376953,95.86499786376953,95.79000091552734,95.79000091552734,1523.0
2024-10-25 09:44:00+00:00,SYTA,1.145300030708313,1.145300030708313,1.145300030708313,1.145300030708313,1.145300030708313,1114.0
2024-10-25 09:44:00+00:00,TASK,12.0600004196167,12.0600004196167,12.0600004196167,12.010000228881836,12.010000228881836,1111.0
2024-10-25 09:44:00+00:00,TENB,41.21500015258789,41.21500015258789,41.21500015258789,41.21500015258789,41.21500015258789,517.0
2024-10-25 09:44:00+00:00,TER,112.31999969482422,112.31999969482422,112.31999969482422,112.02140045166016,112.0999984741211,7656.0
2024-10-25 09:44:00+00:00,TRMB,60.959999084472656,60.959999084472656,60.959999084472656,60.93000030517578,60.93000030517578,1182.0
2024-10-25 09:44:00+00:00,TSEM,44.63999938964844,44.63999938964844,44.63999938964844,44.63999938964844,44.63999938964844,354.0
2024-10-25 09:44:00+00:00,TTD,121.0999984741211,121.0999984741211,121.20850372314453,121.06999969482422,121.1500015258789,17907.0
2024-10-25 09:44:00+00:00,TTMI,19.5,19.5,19.5,19.475000381469727,19.475000381469727,439.0
2024-10-25 09:44:00+00:00,TWKS,4.449999809265137,4.449999809265137,4.449999809265137,4.449999809265137,4.449999809265137,0.0
2024-10-25 09:44:00+00:00,TXN,210.0,210.0,210.0399932861328,209.85000610351562,210.0399932861328,4942.0
2024-10-25 09:44:00+00:00,VECO,29.3799991607666,29.3799991607666,29.3799991607666,29.3700008392334,29.3700008392334,756.0
2024-10-25 09:44:00+00:00,VERI,3.4049999713897705,3.4049999713897705,3.4049999713897705,3.4049999713897705,3.4049999713897705,864.0
2024-10-25 09:44:00+00:00,VERX,42.29999923706055,42.29999923706055,42.40999984741211,42.29999923706055,42.40999984741211,1054.0
2024-10-25 09:44:00+00:00,VMEO,4.735000133514404,4.735000133514404,4.739999771118164,4.735000133514404,4.739999771118164,701.0
2024-10-25 09:44:00+00:00,VNET,3.4240000247955322,3.4240000247955322,3.4240000247955322,3.4240000247955322,3.4240000247955322,564.0
2024-10-25 09:44:00+00:00,VRNS,56.689998626708984,56.689998626708984,56.79990005493164,56.5,56.654998779296875,8250.0
2024-10-25 09:44:00+00:00,VRSN,189.27000427246094,189.27000427246094,189.3699951171875,189.27000427246094,189.3699951171875,1276.0
2024-10-25 09:44:00+00:00,VS,2.5999999046325684,2.5999999046325684,2.5999999046325684,2.5999999046325684,2.5999999046325684,984.0
2024-10-25 09:44:00+00:00,VSAT,10.265999794006348,10.265999794006348,10.265999794006348,10.265999794006348,10.265999794006348,878.0
2024-10-25 09:44:00+00:00,VUZI,1.320199966430664,1.320199966430664,1.320199966430664,1.320199966430664,1.320199966430664,1565.0
2024-10-25 09:44:00+00:00,VVPR,0.785099983215332,0.785099983215332,0.785099983215332,0.785099983215332,0.785099983215332,1000.0
2024-10-25 09:44:00+00:00,WALD,3.5299999713897705,3.5299999713897705,3.5299999713897705,3.5299999713897705,3.5299999713897705,131.0
2024-10-25 09:44:00+00:00,WDAY,242.33999633789062,242.33999633789062,242.5,242.27000427246094,242.27000427246094,2100.0
2024-10-25 09:44:00+00:00,WDC,72.01000213623047,72.01000213623047,72.20500183105469,71.78399658203125,72.13600158691406,215100.0
2024-10-25 09:44:00+00:00,WISA,1.8106000423431396,1.8106000423431396,1.8200000524520874,1.8106000423431396,1.8200000524520874,2806.0
2024-10-25 09:44:00+00:00,WIX,163.8249969482422,163.8249969482422,163.8249969482422,163.8249969482422,163.8249969482422,201.0
2024-10-25 09:44:00+00:00,WRAP,1.8949999809265137,1.8949999809265137,1.8984999656677246,1.8799999952316284,1.8984999656677246,5708.0
2024-10-25 09:44:00+00:00,ZI,10.484999656677246,10.484999656677246,10.494999885559082,10.484999656677246,10.489999771118164,1236.0
2024-10-25 09:44:00+00:00,ZM,73.49500274658203,73.49500274658203,73.51499938964844,73.19000244140625,73.19000244140625,16495.0
2024-10-25 09:44:00+00:00,ZS,188.0800018310547,188.0800018310547,188.30999755859375,188.02999877929688,188.2899932861328,4229.0
2024-10-25 09:45:00+00:00,AAOI,17.649999618530273,17.649999618530273,17.81999969482422,17.646699905395508,17.81999969482422,9864.0
2024-10-25 09:45:00+00:00,AAPL,231.25999450683594,231.25999450683594,231.49000549316406,230.50999450683594,231.39999389648438,317934.0
2024-10-25 09:45:00+00:00,ACLS,91.3550033569336,91.3550033569336,91.36000061035156,91.3550033569336,91.36000061035156,658.0
2024-10-25 09:45:00+00:00,ACMR,19.356000900268555,19.356000900268555,19.395000457763672,19.356000900268555,19.395000457763672,2870.0
2024-10-25 09:45:00+00:00,ADBE,486.55999755859375,486.55999755859375,486.8599853515625,486.3500061035156,486.3500061035156,5573.0
2024-10-25 09:45:00+00:00,ADI,233.8000030517578,233.8000030517578,234.0,233.5500946044922,233.65499877929688,10240.0
2024-10-25 09:45:00+00:00,ADSK,287.7099914550781,287.7099914550781,288.1099853515625,287.7099914550781,287.8450012207031,24032.0
2024-10-25 09:45:00+00:00,ADTN,6.21999979019165,6.21999979019165,6.230000019073486,6.21999979019165,6.230000019073486,213.0
2024-10-25 09:45:00+00:00,AEHR,16.479299545288086,16.479299545288086,16.479299545288086,16.347200393676758,16.3700008392334,32257.0
2024-10-25 09:45:00+00:00,AFRM,41.61399841308594,41.61399841308594,41.755001068115234,41.59000015258789,41.689998626708984,22053.0
2024-10-25 09:45:00+00:00,AKAM,103.4800033569336,103.4800033569336,103.4800033569336,103.2699966430664,103.2699966430664,2516.0
2024-10-25 09:45:00+00:00,AKTS,0.057100001722574234,0.057100001722574234,0.057100001722574234,0.05689999833703041,0.05700000002980232,240492.0
2024-10-25 09:45:00+00:00,ALGM,22.280000686645508,22.280000686645508,22.30500030517578,22.219999313354492,22.219999313354492,6943.0
2024-10-25 09:45:00+00:00,ALKT,38.404998779296875,38.404998779296875,38.404998779296875,38.22999954223633,38.22999954223633,3089.0
2024-10-25 09:45:00+00:00,AMAT,187.27999877929688,187.27999877929688,187.5500030517578,187.27999877929688,187.3699951171875,31191.0
2024-10-25 09:45:00+00:00,AMBA,57.97999954223633,57.97999954223633,58.0,57.97999954223633,58.0,771.0
2024-10-25 09:45:00+00:00,AMD,157.4550018310547,157.4550018310547,157.5699005126953,157.22000122070312,157.35850524902344,150439.0
2024-10-25 09:45:00+00:00,AMKR,29.92490005493164,29.92490005493164,29.92490005493164,29.90999984741211,29.90999984741211,3743.0
2024-10-25 09:45:00+00:00,ANSS,325.6499938964844,325.6499938964844,325.6499938964844,325.6499938964844,325.6499938964844,598.0
2024-10-25 09:45:00+00:00,ANY,1.0800000429153442,1.0800000429153442,1.0800000429153442,1.0800000429153442,1.0800000429153442,0.0
2024-10-25 09:45:00+00:00,API,2.684999942779541,2.684999942779541,2.684999942779541,2.680000066757202,2.680000066757202,492.0
2024-10-25 09:45:00+00:00,APP,161.74000549316406,161.74000549316406,162.48989868164062,161.74000549316406,162.45599365234375,11576.0
2024-10-25 09:45:00+00:00,APPF,230.9300994873047,230.9300994873047,233.24000549316406,230.9300994873047,232.99000549316406,17432.0
2024-10-25 09:45:00+00:00,APPN,32.494998931884766,32.494998931884766,32.5,32.464298248291016,32.5,15099.0
2024-10-25 09:45:00+00:00,APPS,3.0850000381469727,3.0850000381469727,3.0899999141693115,3.0850000381469727,3.0892999172210693,575.0
2024-10-25 09:45:00+00:00,ARQQ,7.820000171661377,7.820000171661377,7.840000152587891,7.820000171661377,7.840000152587891,1480.0
2024-10-25 09:45:00+00:00,ARRY,6.239999771118164,6.239999771118164,6.239999771118164,6.230000019073486,6.239999771118164,6472.0
2024-10-25 09:45:00+00:00,ASML,717.7199096679688,717.7199096679688,718.0449829101562,717.380126953125,717.9949951171875,4014.0
2024-10-25 09:45:00+00:00,AUR,6.376999855041504,6.376999855041504,6.400000095367432,6.376999855041504,6.39870023727417,11172.0
2024-10-25 09:45:00+00:00,AVDX,8.265000343322754,8.265000343322754,8.265000343322754,8.265000343322754,8.265000343322754,242.0
2024-10-25 09:45:00+00:00,AVGO,174.1300048828125,174.1300048828125,174.33999633789062,173.9600067138672,174.05999755859375,123868.0
2024-10-25 09:45:00+00:00,AVPT,12.079999923706055,12.079999923706055,12.079999923706055,12.079999923706055,12.079999923706055,1131.0
2024-10-25 09:45:00+00:00,AVT,54.525001525878906,54.525001525878906,54.540000915527344,54.505001068115234,54.505001068115234,2400.0
2024-10-25 09:45:00+00:00,AXTI,2.638000011444092,2.638000011444092,2.638000011444092,2.638000011444092,2.638000011444092,299.0
2024-10-25 09:45:00+00:00,BASE,16.700000762939453,16.700000762939453,16.700000762939453,16.700000762939453,16.700000762939453,32.0
2024-10-25 09:45:00+00:00,BCOV,2.2599000930786133,2.2599000930786133,2.2599000930786133,2.2360000610351562,2.2360000610351562,1000.0
2024-10-25 09:45:00+00:00,BMBL,7.255000114440918,7.255000114440918,7.269999980926514,7.255000114440918,7.264999866485596,4669.0
2024-10-25 09:45:00+00:00,BRZE,31.1200008392334,31.1200008392334,31.1200008392334,31.110000610351562,31.110000610351562,1320.0
2024-10-25 09:45:00+00:00,CAN,0.9941999912261963,0.9941999912261963,0.9950000047683716,0.9919999837875366,0.9950000047683716,26887.0
2024-10-25 09:45:00+00:00,CCSI,20.280000686645508,20.280000686645508,20.280000686645508,20.280000686645508,20.280000686645508,225.0
2024-10-25 09:45:00+00:00,CDNS,256.42999267578125,256.42999267578125,256.54998779296875,256.4200134277344,256.54998779296875,3384.0
2024-10-25 09:45:00+00:00,CDW,220.02499389648438,220.02499389648438,220.02499389648438,220.02499389648438,220.02499389648438,2757.0
2024-10-25 09:45:00+00:00,CETX,0.2944999933242798,0.2944999933242798,0.2944999933242798,0.2939000129699707,0.2939000129699707,3162.0
2024-10-25 09:45:00+00:00,CEVA,23.8700008392334,23.8700008392334,23.8700008392334,23.8700008392334,23.8700008392334,202.0
2024-10-25 09:45:00+00:00,CFLT,22.309999465942383,22.309999465942383,22.34000015258789,22.295000076293945,22.299999237060547,4918.0
2024-10-25 09:45:00+00:00,CGNT,6.679999828338623,6.679999828338623,6.679999828338623,6.679999828338623,6.679999828338623,529.0
2024-10-25 09:45:00+00:00,CGNX,39.06999969482422,39.06999969482422,39.099998474121094,39.06999969482422,39.06999969482422,1679.0
2024-10-25 09:45:00+00:00,CHKP,207.3699951171875,207.3699951171875,207.3699951171875,207.3000030517578,207.3000030517578,891.0
2024-10-25 09:45:00+00:00,CLBT,18.100000381469727,18.100000381469727,18.100000381469727,18.100000381469727,18.100000381469727,305.0
2024-10-25 09:45:00+00:00,CLFD,36.85499954223633,36.85499954223633,36.85499954223633,36.85499954223633,36.85499954223633,140.0
2024-10-25 09:45:00+00:00,CLSK,11.710100173950195,11.710100173950195,11.79990005493164,11.699999809265137,11.744999885559082,109508.0
2024-10-25 09:45:00+00:00,CNDT,3.680000066757202,3.680000066757202,3.680000066757202,3.680000066757202,3.680000066757202,3904.0
2024-10-25 09:45:00+00:00,CNXC,45.38990020751953,45.38990020751953,45.38990020751953,45.38990020751953,45.38990020751953,1039.0
2024-10-25 09:45:00+00:00,COIN,207.53500366210938,207.53500366210938,208.5,207.50999450683594,208.0,30096.0
2024-10-25 09:45:00+00:00,COMM,6.355000019073486,6.355000019073486,6.380000114440918,6.340000152587891,6.380000114440918,8395.0
2024-10-25 09:45:00+00:00,CORZ,13.534000396728516,13.534000396728516,13.579999923706055,13.529999732971191,13.574999809265137,15575.0
2024-10-25 09:45:00+00:00,CORZW,8.0,8.0,8.0,8.0,8.0,280.0
2024-10-25 09:45:00+00:00,CRDO,39.869998931884766,39.869998931884766,39.90999984741211,39.869998931884766,39.88999938964844,1172.0
2024-10-25 09:45:00+00:00,CRNC,2.7953999042510986,2.7953999042510986,2.7953999042510986,2.7953999042510986,2.7953999042510986,392.0
2024-10-25 09:45:00+00:00,CRNT,2.472899913787842,2.472899913787842,2.472899913787842,2.472899913787842,2.472899913787842,901.0
2024-10-25 09:45:00+00:00,CRSR,6.400000095367432,6.400000095367432,6.400000095367432,6.400000095367432,6.400000095367432,639.0
2024-10-25 09:45:00+00:00,CRWD,309.20001220703125,309.20001220703125,309.4480895996094,309.197509765625,309.197509765625,12645.0
2024-10-25 09:45:00+00:00,CSCO,56.3650016784668,56.3650016784668,56.369998931884766,56.31999969482422,56.31999969482422,21007.0
2024-10-25 09:45:00+00:00,CSGS,48.27000045776367,48.27000045776367,48.27000045776367,48.27000045776367,48.27000045776367,266.0
2024-10-25 09:45:00+00:00,CSIQ,13.067999839782715,13.067999839782715,13.095000267028809,13.019700050354004,13.020000457763672,76403.0
2024-10-25 09:45:00+00:00,CTSH,75.26499938964844,75.26499938964844,75.26499938964844,75.25,75.25,1310.0
2024-10-25 09:45:00+00:00,DAKT,13.225000381469727,13.225000381469727,13.225000381469727,13.225000381469727,13.225000381469727,502.0
2024-10-25 09:45:00+00:00,DAVE,40.34000015258789,40.34000015258789,40.34000015258789,40.34000015258789,40.34000015258789,539.0
2024-10-25 09:45:00+00:00,DBX,26.139999389648438,26.139999389648438,26.139999389648438,26.139999389648438,26.139999389648438,335.0
2024-10-25 09:45:00+00:00,DDOG,126.95999908447266,126.95999908447266,127.0250015258789,126.80999755859375,126.8499984741211,15878.0
2024-10-25 09:45:00+00:00,DIOD,65.73999786376953,65.73999786376953,65.73999786376953,65.73999786376953,65.73999786376953,238.0
2024-10-25 09:45:00+00:00,DMRC,31.037500381469727,31.037500381469727,31.037500381469727,31.037500381469727,31.037500381469727,103.0
2024-10-25 09:45:00+00:00,DOCU,70.8499984741211,70.8499984741211,70.86000061035156,70.8499984741211,70.86000061035156,562.0
2024-10-25 09:45:00+00:00,DTSS,2.490000009536743,2.490000009536743,2.490000009536743,2.490000009536743,2.490000009536743,301.0
2024-10-25 09:45:00+00:00,DUOL,284.07000732421875,284.07000732421875,284.79998779296875,284.07000732421875,284.44171142578125,1519.0
2024-10-25 09:45:00+00:00,EEFT,100.38999938964844,100.38999938964844,100.38999938964844,100.38999938964844,100.38999938964844,172.0
2024-10-25 09:45:00+00:00,ENPH,80.51000213623047,80.51000213623047,80.76619720458984,80.51000213623047,80.7300033569336,6349.0
2024-10-25 09:45:00+00:00,ENTG,105.08499908447266,105.08499908447266,105.13999938964844,104.91999816894531,104.91999816894531,2295.0
2024-10-25 09:45:00+00:00,ERIC,8.503999710083008,8.503999710083008,8.503999710083008,8.5,8.5,1705.0
2024-10-25 09:45:00+00:00,EXFY,1.7100000381469727,1.7100000381469727,1.7100000381469727,1.7100000381469727,1.7100000381469727,256.0
2024-10-25 09:45:00+00:00,EXLS,39.09000015258789,39.09000015258789,39.09000015258789,39.09000015258789,39.09000015258789,553.0
2024-10-25 09:45:00+00:00,EXTR,14.529999732971191,14.529999732971191,14.529999732971191,14.529999732971191,14.529999732971191,950.0
2024-10-25 09:45:00+00:00,FARO,17.719999313354492,17.719999313354492,17.719999313354492,17.719999313354492,17.719999313354492,447.0
2024-10-25 09:45:00+00:00,FCUV,0.2549000084400177,0.2549000084400177,0.2549000084400177,0.2549000084400177,0.2549000084400177,1000.0
2024-10-25 09:45:00+00:00,FFIV,215.8000030517578,215.8000030517578,215.8000030517578,215.75999450683594,215.75999450683594,319.0
2024-10-25 09:45:00+00:00,FLEX,35.36000061035156,35.36000061035156,35.36000061035156,35.32929992675781,35.32929992675781,1411.0
2024-10-25 09:45:00+00:00,FLYW,17.6200008392334,17.6200008392334,17.6200008392334,17.579999923706055,17.579999923706055,967.0
2024-10-25 09:45:00+00:00,FRSH,11.779999732971191,11.779999732971191,11.789999961853027,11.71500015258789,11.71500015258789,92542.0
2024-10-25 09:45:00+00:00,FSLR,196.4199981689453,196.4199981689453,196.8300018310547,196.4199981689453,196.8300018310547,2774.0
2024-10-25 09:45:00+00:00,FTCI,0.7055000066757202,0.7055000066757202,0.7055000066757202,0.7055000066757202,0.7055000066757202,350.0
2024-10-25 09:45:00+00:00,FTNT,81.2699966430664,81.2699966430664,81.3499984741211,81.26499938964844,81.30500030517578,13682.0
2024-10-25 09:45:00+00:00,GCT,25.559999465942383,25.559999465942383,25.559999465942383,25.530000686645508,25.530000686645508,912.0
2024-10-25 09:45:00+00:00,GDS,21.559999465942383,21.559999465942383,21.559999465942383,21.55500030517578,21.559999465942383,2017.0
2024-10-25 09:45:00+00:00,GFS,40.67499923706055,40.67499923706055,40.744998931884766,40.619998931884766,40.7400016784668,9236.0
2024-10-25 09:45:00+00:00,GNSS,3.8399999141693115,3.8399999141693115,3.8399999141693115,3.8399999141693115,3.8399999141693115,152.0
2024-10-25 09:45:00+00:00,GPRO,1.3300000429153442,1.3300000429153442,1.3300000429153442,1.3300000429153442,1.3300000429153442,5432.0
2024-10-25 09:45:00+00:00,GRAB,4.070700168609619,4.070700168609619,4.079999923706055,4.070000171661377,4.074999809265137,29222.0
2024-10-25 09:45:00+00:00,GRRR,4.730000019073486,4.730000019073486,4.730000019073486,4.690000057220459,4.690000057220459,1000.0
2024-10-25 09:45:00+00:00,GSIT,3.197999954223633,3.197999954223633,3.200000047683716,3.197999954223633,3.197999954223633,744.0
2024-10-25 09:45:00+00:00,GTLB,56.72359848022461,56.72359848022461,56.72359848022461,56.689998626708984,56.689998626708984,2338.0
2024-10-25 09:45:00+00:00,HLIT,14.75,14.75,14.75,14.739999771118164,14.739999771118164,1784.0
2024-10-25 09:45:00+00:00,HOLO,3.950000047683716,3.950000047683716,3.9700000286102295,3.950000047683716,3.969899892807007,22031.0
2024-10-25 09:45:00+00:00,HOOD,27.280000686645508,27.280000686645508,27.364999771118164,27.280000686645508,27.364999771118164,28538.0
2024-10-25 09:45:00+00:00,ICHR,27.400999069213867,27.400999069213867,27.485200881958008,27.400999069213867,27.485200881958008,1685.0
2024-10-25 09:45:00+00:00,IMMR,8.619999885559082,8.619999885559082,8.619999885559082,8.619999885559082,8.619999885559082,580.0
2024-10-25 09:45:00+00:00,IMXI,17.700000762939453,17.700000762939453,17.700000762939453,17.700000762939453,17.700000762939453,213.0
2024-10-25 09:45:00+00:00,INDI,3.4800000190734863,3.4800000190734863,3.4900999069213867,3.4800000190734863,3.490000009536743,17523.0
2024-10-25 09:45:00+00:00,INFN,6.809999942779541,6.809999942779541,6.809999942779541,6.809999942779541,6.809999942779541,2344.0
2024-10-25 09:45:00+00:00,INOD,19.670000076293945,19.670000076293945,19.670000076293945,19.670000076293945,19.670000076293945,3967.0
2024-10-25 09:45:00+00:00,INTC,22.760000228881836,22.760000228881836,22.780000686645508,22.684999465942383,22.684999465942383,381458.0
2024-10-25 09:45:00+00:00,INTU,612.8900146484375,612.8900146484375,613.0,612.5,612.5,2887.0
2024-10-25 09:45:00+00:00,JAMF,16.899999618530273,16.899999618530273,16.899999618530273,16.8799991607666,16.899999618530273,1170.0
2024-10-25 09:45:00+00:00,JKHY,184.97999572753906,184.97999572753906,184.97999572753906,184.97999572753906,184.97999572753906,554.0
2024-10-25 09:45:00+00:00,KC,2.6649999618530273,2.6649999618530273,2.674999952316284,2.6649999618530273,2.6700000762939453,5974.0
2024-10-25 09:45:00+00:00,KLAC,675.205322265625,675.205322265625,675.205322265625,674.7000122070312,674.7000122070312,1992.0
2024-10-25 09:45:00+00:00,KOSS,7.230000019073486,7.230000019073486,7.230000019073486,7.230000019073486,7.230000019073486,557.0
2024-10-25 09:45:00+00:00,LASR,10.4350004196167,10.4350004196167,10.470000267028809,10.4350004196167,10.470000267028809,498.0
2024-10-25 09:45:00+00:00,LITE,64.27999877929688,64.27999877929688,64.41000366210938,64.27999877929688,64.41000366210938,4857.0
2024-10-25 09:45:00+00:00,LOGI,80.77200317382812,80.77200317382812,80.77200317382812,80.77200317382812,80.77200317382812,257.0
2024-10-25 09:45:00+00:00,LPSN,1.2100000381469727,1.2100000381469727,1.225000023841858,1.2100000381469727,1.2200000286102295,0.0
2024-10-25 09:45:00+00:00,LRCX,77.76000213623047,77.76000213623047,77.8499984741211,77.6500015258789,77.66000366210938,82416.0
2024-10-25 09:45:00+00:00,LSCC,54.92499923706055,54.92499923706055,54.92499923706055,54.92499923706055,54.92499923706055,1440.0
2024-10-25 09:45:00+00:00,LTCH,0.44999998807907104,0.44999998807907104,0.44999998807907104,0.44999998807907104,0.44999998807907104,0.0
2024-10-25 09:45:00+00:00,LTRX,4.049900054931641,4.049900054931641,4.049900054931641,4.03000020980835,4.03000020980835,836.0
2024-10-25 09:45:00+00:00,LYFT,13.694999694824219,13.694999694824219,13.699999809265137,13.680000305175781,13.680000305175781,14603.0
2024-10-25 09:45:00+00:00,MANH,277.04400634765625,277.04400634765625,277.47601318359375,277.04400634765625,277.0849914550781,450.0
2024-10-25 09:45:00+00:00,MAXN,5.510000228881836,5.510000228881836,5.539999961853027,5.480500221252441,5.510000228881836,2870.0
2024-10-25 09:45:00+00:00,MCHP,77.02999877929688,77.02999877929688,77.08499908447266,76.97000122070312,77.04000091552734,9035.0
2024-10-25 09:45:00+00:00,MDB,269.4425048828125,269.4425048828125,270.07989501953125,269.3299865722656,270.0,16792.0
2024-10-25 09:45:00+00:00,MITK,8.800000190734863,8.800000190734863,8.800000190734863,8.800000190734863,8.800000190734863,134.0
2024-10-25 09:45:00+00:00,MKSI,100.58499908447266,100.58499908447266,100.58999633789062,100.45999908447266,100.58000183105469,2453.0
2024-10-25 09:45:00+00:00,MNDY,301.6000061035156,301.6000061035156,301.6000061035156,301.6000061035156,301.6000061035156,738.0
2024-10-25 09:45:00+00:00,MOGO,1.024999976158142,1.024999976158142,1.024999976158142,1.024999976158142,1.024999976158142,1457.0
2024-10-25 09:45:00+00:00,MPWR,916.8800048828125,916.8800048828125,916.8800048828125,916.760009765625,916.760009765625,885.0
2024-10-25 09:45:00+00:00,MQ,5.364999771118164,5.364999771118164,5.369999885559082,5.360000133514404,5.360000133514404,11472.0
2024-10-25 09:45:00+00:00,MRIN,2.130000114440918,2.130000114440918,2.130000114440918,2.130000114440918,2.130000114440918,310.0
2024-10-25 09:45:00+00:00,MRVL,82.76000213623047,82.76000213623047,82.83999633789062,82.69999694824219,82.72059631347656,15364.0
2024-10-25 09:45:00+00:00,MSFT,430.67999267578125,430.67999267578125,430.92999267578125,430.3699951171875,430.3699951171875,123199.0
2024-10-25 09:45:00+00:00,MSTR,234.5,234.5,235.9600067138672,234.0,235.10760498046875,143489.0
2024-10-25 09:45:00+00:00,MTC,0.3734999895095825,0.3734999895095825,0.3734999895095825,0.37119999527931213,0.37119999527931213,3678.0
2024-10-25 09:45:00+00:00,MTLS,6.082200050354004,6.082200050354004,6.082200050354004,6.082200050354004,6.082200050354004,1639.0
2024-10-25 09:45:00+00:00,MTSI,117.94000244140625,117.94000244140625,117.94000244140625,117.9000015258789,117.9000015258789,586.0
2024-10-25 09:45:00+00:00,MTTR,4.65500020980835,4.65500020980835,4.65500020980835,4.65500020980835,4.65500020980835,1687.0
2024-10-25 09:45:00+00:00,MU,108.18000030517578,108.18000030517578,108.3021011352539,108.0999984741211,108.19999694824219,26697.0
2024-10-25 09:45:00+00:00,MVIS,1.1050000190734863,1.1050000190734863,1.1050000190734863,1.1050000190734863,1.1050000190734863,601.0
2024-10-25 09:45:00+00:00,MXL,15.069999694824219,15.069999694824219,15.289999961853027,15.069999694824219,15.289999961853027,6194.0
2024-10-25 09:45:00+00:00,NCNO,38.35110092163086,38.35110092163086,38.35110092163086,38.349998474121094,38.349998474121094,2896.0
2024-10-25 09:45:00+00:00,NNDM,2.320199966430664,2.320199966430664,2.320199966430664,2.320199966430664,2.320199966430664,399.0
2024-10-25 09:45:00+00:00,NSIT,211.6649932861328,211.6649932861328,211.6649932861328,211.6649932861328,211.6649932861328,109.0
2024-10-25 09:45:00+00:00,NTAP,120.23500061035156,120.23500061035156,120.31999969482422,120.1500015258789,120.1500015258789,7128.0
2024-10-25 09:45:00+00:00,NVDA,141.92010498046875,141.92010498046875,142.22000122070312,141.89999389648438,142.11990356445312,779474.0
2024-10-25 09:45:00+00:00,NVEI,33.54999923706055,33.54999923706055,33.560001373291016,33.54999923706055,33.560001373291016,6731.0
2024-10-25 09:45:00+00:00,NVTS,2.5250000953674316,2.5250000953674316,2.5250000953674316,2.5197999477386475,2.5197999477386475,16153.0
2024-10-25 09:45:00+00:00,NXPI,243.35000610351562,243.35000610351562,243.74000549316406,243.35000610351562,243.5,13680.0
2024-10-25 09:45:00+00:00,OKTA,72.86000061035156,72.86000061035156,72.86000061035156,72.79000091552734,72.79000091552734,8429.0
2024-10-25 09:45:00+00:00,ON,72.12999725341797,72.12999725341797,72.18000030517578,72.01000213623047,72.06999969482422,29545.0
2024-10-25 09:45:00+00:00,OSS,2.384999990463257,2.384999990463257,2.384999990463257,2.384999990463257,2.384999990463257,1448.0
2024-10-25 09:45:00+00:00,OTEX,33.54999923706055,33.54999923706055,33.54999923706055,33.54999923706055,33.54999923706055,731.0
2024-10-25 09:45:00+00:00,PANW,369.80999755859375,369.80999755859375,370.260009765625,369.80999755859375,369.8699951171875,7910.0
2024-10-25 09:45:00+00:00,PAYO,8.369999885559082,8.369999885559082,8.375,8.369999885559082,8.369999885559082,1810.0
2024-10-25 09:45:00+00:00,PEGA,81.82499694824219,81.82499694824219,82.03500366210938,81.82499694824219,82.03500366210938,4535.0
2024-10-25 09:45:00+00:00,PEGY,4.597099781036377,4.597099781036377,4.619999885559082,4.559999942779541,4.619999885559082,3255.0
2024-10-25 09:45:00+00:00,PGY,11.779999732971191,11.779999732971191,11.789999961853027,11.779999732971191,11.789999961853027,3413.0
2024-10-25 09:45:00+00:00,PHUN,9.699999809265137,9.699999809265137,9.734999656677246,9.630000114440918,9.720999717712402,182853.0
2024-10-25 09:45:00+00:00,PI,193.5930938720703,193.5930938720703,193.5930938720703,193.5532989501953,193.5532989501953,2513.0
2024-10-25 09:45:00+00:00,PLXS,145.3000030517578,145.3000030517578,145.3000030517578,145.0500030517578,145.19500732421875,1895.0
2024-10-25 09:45:00+00:00,POET,3.9923999309539795,3.9923999309539795,3.9923999309539795,3.962100028991699,3.962100028991699,5215.0
2024-10-25 09:45:00+00:00,PRGS,64.59500122070312,64.59500122070312,64.61000061035156,64.38999938964844,64.61000061035156,1376.0
2024-10-25 09:45:00+00:00,PUBM,15.020000457763672,15.020000457763672,15.020000457763672,15.020000457763672,15.020000457763672,124.0
2024-10-25 09:45:00+00:00,PYCR,14.53499984741211,14.53499984741211,14.539999961853027,14.479999542236328,14.489999771118164,2235.0
2024-10-25 09:45:00+00:00,QCOM,171.1300048828125,171.1300048828125,171.1300048828125,171.1300048828125,171.1300048828125,10075.0
2024-10-25 09:45:00+00:00,QRVO,100.33000183105469,100.33000183105469,100.4800033569336,100.30999755859375,100.4800033569336,2795.0
2024-10-25 09:45:00+00:00,QUBT,1.1480000019073486,1.1480000019073486,1.149999976158142,1.1299999952316284,1.1399999856948853,88243.0
2024-10-25 09:45:00+00:00,RCAT,2.753999948501587,2.753999948501587,2.753999948501587,2.753999948501587,2.753999948501587,400.0
2024-10-25 09:45:00+00:00,RGTI,1.2604000568389893,1.2604000568389893,1.2699999809265137,1.2549999952316284,1.2549999952316284,110012.0
2024-10-25 09:45:00+00:00,RIOT,9.850000381469727,9.850000381469727,9.90999984741211,9.850000381469727,9.889300346374512,80518.0
2024-10-25 09:45:00+00:00,RMBS,42.94499969482422,42.94499969482422,42.94499969482422,42.875,42.875,5287.0
2024-10-25 09:45:00+00:00,RMNI,1.725000023841858,1.725000023841858,1.725000023841858,1.725000023841858,1.725000023841858,192.0
2024-10-25 09:45:00+00:00,RUM,5.544000148773193,5.544000148773193,5.550000190734863,5.5416998863220215,5.544000148773193,4215.0
2024-10-25 09:45:00+00:00,RUN,14.27280044555664,14.27280044555664,14.289999961853027,14.25,14.260000228881836,36156.0
2024-10-25 09:45:00+00:00,SANM,67.56999969482422,67.56999969482422,67.56999969482422,67.56999969482422,67.56999969482422,127.0
2024-10-25 09:45:00+00:00,SATS,24.90999984741211,24.90999984741211,24.950000762939453,24.90999984741211,24.950000762939453,1562.0
2024-10-25 09:45:00+00:00,SCWX,8.390000343322754,8.390000343322754,8.390000343322754,8.390000343322754,8.390000343322754,1936.0
2024-10-25 09:45:00+00:00,SEDG,15.54580020904541,15.54580020904541,15.569999694824219,15.517000198364258,15.517000198364258,10688.0
2024-10-25 09:45:00+00:00,SHLS,5.170000076293945,5.170000076293945,5.215000152587891,5.170000076293945,5.210000038146973,18856.0
2024-10-25 09:45:00+00:00,SIMO,56.900001525878906,56.900001525878906,57.02000045776367,56.900001525878906,57.0,843.0
2024-10-25 09:45:00+00:00,SKYT,10.640000343322754,10.640000343322754,10.640000343322754,10.630000114440918,10.630000114440918,1668.0
2024-10-25 09:45:00+00:00,SLAB,114.67500305175781,114.67500305175781,114.67500305175781,114.67500305175781,114.67500305175781,542.0
2024-10-25 09:45:00+00:00,SMCI,47.06999969482422,47.06999969482422,47.220001220703125,47.06999969482422,47.15999984741211,158343.0
2024-10-25 09:45:00+00:00,SMTC,45.084999084472656,45.084999084472656,45.10900115966797,45.07500076293945,45.099998474121094,4514.0
2024-10-25 09:45:00+00:00,SNPS,502.5150146484375,502.5150146484375,502.57000732421875,502.3800048828125,502.57000732421875,4330.0
2024-10-25 09:45:00+00:00,SOBR,8.0,8.0,8.0,8.0,8.0,1612.0
2024-10-25 09:45:00+00:00,SONO,12.680000305175781,12.680000305175781,12.682000160217285,12.680000305175781,12.680000305175781,1371.0
2024-10-25 09:45:00+00:00,SOUN,5.289999961853027,5.289999961853027,5.289999961853027,5.27400016784668,5.276000022888184,29887.0
2024-10-25 09:45:00+00:00,SPSC,187.9499969482422,187.9499969482422,187.9499969482422,187.9499969482422,187.9499969482422,464.0
2024-10-25 09:45:00+00:00,SSNC,70.9000015258789,70.9000015258789,71.19999694824219,70.76000213623047,70.7699966430664,60016.0
2024-10-25 09:45:00+00:00,SSYS,7.13700008392334,7.13700008392334,7.13700008392334,7.13700008392334,7.13700008392334,0.0
2024-10-25 09:45:00+00:00,STNE,11.309700012207031,11.309700012207031,11.319999694824219,11.305000305175781,11.305999755859375,3121.0
2024-10-25 09:45:00+00:00,STX,105.08000183105469,105.08000183105469,105.12999725341797,105.01499938964844,105.1050033569336,6900.0
2024-10-25 09:45:00+00:00,SVRE,0.08730000257492065,0.08730000257492065,0.08730000257492065,0.08699999749660492,0.08730000257492065,0.0
2024-10-25 09:45:00+00:00,SWKS,95.68000030517578,95.68000030517578,95.86000061035156,95.68000030517578,95.8550033569336,2323.0
2024-10-25 09:45:00+00:00,TASK,12.09000015258789,12.09000015258789,12.09000015258789,12.079999923706055,12.079999923706055,968.0
2024-10-25 09:45:00+00:00,TENB,41.34000015258789,41.34000015258789,41.34000015258789,41.34000015258789,41.34000015258789,1470.0
2024-10-25 09:45:00+00:00,TER,112.19999694824219,112.19999694824219,112.44000244140625,112.19999694824219,112.33499908447266,9722.0
2024-10-25 09:45:00+00:00,TLS,3.5799999237060547,3.5799999237060547,3.5799999237060547,3.5799999237060547,3.5799999237060547,436.0
2024-10-25 09:45:00+00:00,TTD,121.06999969482422,121.06999969482422,121.26000213623047,121.06999969482422,121.16000366210938,16080.0
2024-10-25 09:45:00+00:00,TTMI,19.454999923706055,19.454999923706055,19.454999923706055,19.454999923706055,19.454999923706055,170.0
2024-10-25 09:45:00+00:00,TWKS,4.445000171661377,4.445000171661377,4.449999809265137,4.445000171661377,4.449999809265137,14200.0
2024-10-25 09:45:00+00:00,TXN,210.13999938964844,210.13999938964844,210.36000061035156,210.00999450683594,210.00999450683594,19815.0
2024-10-25 09:45:00+00:00,UCTT,36.025001525878906,36.025001525878906,36.09000015258789,35.9900016784668,35.9900016784668,8107.0
2024-10-25 09:45:00+00:00,UEIC,8.086000442504883,8.086000442504883,8.086000442504883,8.086000442504883,8.086000442504883,513.0
2024-10-25 09:45:00+00:00,VECO,29.389999389648438,29.389999389648438,29.389999389648438,29.3799991607666,29.3799991607666,1346.0
2024-10-25 09:45:00+00:00,VERI,3.4100000858306885,3.4100000858306885,3.4100000858306885,3.4100000858306885,3.4100000858306885,597.0
2024-10-25 09:45:00+00:00,VMEO,4.744999885559082,4.744999885559082,4.744999885559082,4.739999771118164,4.739999771118164,2175.0
2024-10-25 09:45:00+00:00,VNET,3.4100000858306885,3.4100000858306885,3.4200000762939453,3.4100000858306885,3.4200000762939453,1112.0
2024-10-25 09:45:00+00:00,VRNS,56.68190002441406,56.68190002441406,56.78499984741211,56.68190002441406,56.78499984741211,1368.0
2024-10-25 09:45:00+00:00,VRSN,189.67999267578125,189.67999267578125,189.74000549316406,189.5399932861328,189.67999267578125,5479.0
2024-10-25 09:45:00+00:00,VSAT,10.270000457763672,10.270000457763672,10.270000457763672,10.270000457763672,10.270000457763672,1400.0
2024-10-25 09:45:00+00:00,VVPR,0.7799999713897705,0.7799999713897705,0.7799999713897705,0.7799999713897705,0.7799999713897705,349.0
2024-10-25 09:45:00+00:00,WDAY,242.9499969482422,242.9499969482422,243.30999755859375,242.86000061035156,242.86000061035156,1542.0
2024-10-25 09:45:00+00:00,WDC,72.37999725341797,72.37999725341797,72.47000122070312,71.99120330810547,71.99120330810547,307511.0
2024-10-25 09:45:00+00:00,WISA,1.8102999925613403,1.8102999925613403,1.8200000524520874,1.7999999523162842,1.809999942779541,22855.0
2024-10-25 09:45:00+00:00,WIX,163.69000244140625,163.69000244140625,163.69000244140625,163.69000244140625,163.69000244140625,181.0
2024-10-25 09:45:00+00:00,WLDS,3.66129994392395,3.66129994392395,3.66129994392395,3.66129994392395,3.66129994392395,185.0
2024-10-25 09:45:00+00:00,XRX,10.114999771118164,10.114999771118164,10.114999771118164,10.114999771118164,10.114999771118164,160.0
2024-10-25 09:45:00+00:00,ZI,10.510000228881836,10.510000228881836,10.510000228881836,10.5,10.5,2894.0
2024-10-25 09:45:00+00:00,ZM,73.44000244140625,73.44000244140625,73.55999755859375,73.44000244140625,73.55879974365234,11822.0
2024-10-25 09:45:00+00:00,ZS,188.23500061035156,188.23500061035156,188.23500061035156,188.23500061035156,188.23500061035156,1589.0
2024-10-25 09:46:00+00:00,AAOI,17.764999389648438,17.764999389648438,17.770000457763672,17.66550064086914,17.66550064086914,3941.0
2024-10-25 09:46:00+00:00,AAPL,231.3000030517578,231.3000030517578,231.52000427246094,231.24819946289062,231.3000030517578,103508.0
2024-10-25 09:46:00+00:00,ACLS,91.37249755859375,91.37249755859375,91.54499816894531,91.37249755859375,91.47000122070312,1464.0
2024-10-25 09:46:00+00:00,ACMR,19.31999969482422,19.31999969482422,19.388099670410156,19.31999969482422,19.388099670410156,1134.0
2024-10-25 09:46:00+00:00,ADBE,486.7799987792969,486.7799987792969,487.0,486.260009765625,486.5,7873.0
2024-10-25 09:46:00+00:00,ADI,234.22999572753906,234.22999572753906,234.30499267578125,233.80999755859375,233.85000610351562,4471.0
2024-10-25 09:46:00+00:00,ADSK,287.82501220703125,287.82501220703125,287.8349914550781,287.82000732421875,287.82000732421875,1692.0
2024-10-25 09:46:00+00:00,ADTN,6.239999771118164,6.239999771118164,6.239999771118164,6.239999771118164,6.239999771118164,650.0
2024-10-25 09:46:00+00:00,AEHR,16.47800064086914,16.47800064086914,16.610000610351562,16.464599609375,16.474000930786133,15952.0
2024-10-25 09:46:00+00:00,AEYE,23.56999969482422,23.56999969482422,23.790000915527344,23.56999969482422,23.790000915527344,2218.0
2024-10-25 09:46:00+00:00,AFRM,41.74420166015625,41.74420166015625,41.900001525878906,41.59000015258789,41.649898529052734,67352.0
2024-10-25 09:46:00+00:00,AKAM,103.55000305175781,103.55000305175781,103.55000305175781,103.55000305175781,103.55000305175781,283.0
2024-10-25 09:46:00+00:00,AKTS,0.05739999935030937,0.05739999935030937,0.05770000070333481,0.05700000002980232,0.05700000002980232,0.0
2024-10-25 09:46:00+00:00,ALGM,22.280000686645508,22.280000686645508,22.31999969482422,22.280000686645508,22.299999237060547,2536.0
2024-10-25 09:46:00+00:00,ALKT,38.38999938964844,38.38999938964844,38.415000915527344,38.34000015258789,38.415000915527344,707.0
2024-10-25 09:46:00+00:00,ALRM,54.244998931884766,54.244998931884766,54.244998931884766,54.244998931884766,54.244998931884766,461.0
2024-10-25 09:46:00+00:00,AMAT,187.39999389648438,187.39999389648438,187.64059448242188,187.28500366210938,187.28500366210938,11060.0
2024-10-25 09:46:00+00:00,AMBA,58.06999969482422,58.06999969482422,58.06999969482422,57.9900016784668,58.06999969482422,2430.0
2024-10-25 09:46:00+00:00,AMD,157.32000732421875,157.32000732421875,157.60000610351562,157.32000732421875,157.47000122070312,142699.0
2024-10-25 09:46:00+00:00,AMKR,29.940000534057617,29.940000534057617,29.950000762939453,29.940000534057617,29.950000762939453,524.0
2024-10-25 09:46:00+00:00,ANSS,325.87750244140625,325.87750244140625,325.87750244140625,325.87750244140625,325.87750244140625,267.0
2024-10-25 09:46:00+00:00,API,2.684999942779541,2.684999942779541,2.684999942779541,2.684999942779541,2.684999942779541,898.0
2024-10-25 09:46:00+00:00,APP,161.83999633789062,161.83999633789062,162.0800018310547,161.77000427246094,161.77000427246094,7028.0
2024-10-25 09:46:00+00:00,APPF,232.13499450683594,232.13499450683594,232.65550231933594,231.7100067138672,232.0399932861328,9518.0
2024-10-25 09:46:00+00:00,APPN,32.45000076293945,32.45000076293945,32.45000076293945,32.43000030517578,32.43000030517578,1162.0
2024-10-25 09:46:00+00:00,APPS,3.0899999141693115,3.0899999141693115,3.0899999141693115,3.0850000381469727,3.0850000381469727,1044.0
2024-10-25 09:46:00+00:00,ARRY,6.25,6.25,6.25,6.230000019073486,6.230000019073486,3626.0
2024-10-25 09:46:00+00:00,ASML,717.3800048828125,717.3800048828125,717.739990234375,717.3800048828125,717.739990234375,2800.0
2024-10-25 09:46:00+00:00,ATOM,3.333400011062622,3.333400011062622,3.333400011062622,3.333400011062622,3.333400011062622,199.0
2024-10-25 09:46:00+00:00,AUDC,9.149999618530273,9.149999618530273,9.149999618530273,9.149999618530273,9.149999618530273,0.0
2024-10-25 09:46:00+00:00,AUR,6.390999794006348,6.390999794006348,6.400000095367432,6.355000019073486,6.379899978637695,31427.0
2024-10-25 09:46:00+00:00,AVDX,8.28499984741211,8.28499984741211,8.28499984741211,8.28499984741211,8.28499984741211,754.0
2024-10-25 09:46:00+00:00,AVGO,174.14999389648438,174.14999389648438,174.5,174.11000061035156,174.14999389648438,66753.0
2024-10-25 09:46:00+00:00,AVT,54.6349983215332,54.6349983215332,54.6349983215332,54.53499984741211,54.53499984741211,1711.0
2024-10-25 09:46:00+00:00,BASE,16.600000381469727,16.600000381469727,16.600000381469727,16.600000381469727,16.600000381469727,269.0
2024-10-25 09:46:00+00:00,BCOV,2.2599000930786133,2.2599000930786133,2.2599000930786133,2.242000102996826,2.242000102996826,2000.0
2024-10-25 09:46:00+00:00,BIGC,5.349999904632568,5.349999904632568,5.349999904632568,5.335000038146973,5.335000038146973,1118.0
2024-10-25 09:46:00+00:00,BMBL,7.260000228881836,7.260000228881836,7.260000228881836,7.25,7.260000228881836,1574.0
2024-10-25 09:46:00+00:00,BSY,49.334999084472656,49.334999084472656,49.334999084472656,49.29999923706055,49.29999923706055,670.0
2024-10-25 09:46:00+00:00,CAN,0.9958999752998352,0.9958999752998352,0.9969000220298767,0.9941999912261963,0.9941999912261963,11386.0
2024-10-25 09:46:00+00:00,CCSI,20.219999313354492,20.219999313354492,20.350000381469727,20.219999313354492,20.299999237060547,1879.0
2024-10-25 09:46:00+00:00,CDNS,256.2300109863281,256.2300109863281,256.56390380859375,256.2300109863281,256.2699890136719,3698.0
2024-10-25 09:46:00+00:00,CDW,220.2050018310547,220.2050018310547,220.39999389648438,219.99000549316406,220.1300048828125,13274.0
2024-10-25 09:46:00+00:00,CETX,0.2962000072002411,0.2962000072002411,0.29760000109672546,0.2955000102519989,0.2955000102519989,15697.0
2024-10-25 09:46:00+00:00,CEVA,23.899999618530273,23.899999618530273,23.899999618530273,23.899999618530273,23.899999618530273,355.0
2024-10-25 09:46:00+00:00,CFLT,22.329999923706055,22.329999923706055,22.34000015258789,22.295000076293945,22.295000076293945,5412.0
2024-10-25 09:46:00+00:00,CGNX,39.189998626708984,39.189998626708984,39.189998626708984,39.11750030517578,39.13999938964844,2870.0
2024-10-25 09:46:00+00:00,CHKP,207.75999450683594,207.75999450683594,207.75999450683594,207.40989685058594,207.40989685058594,1488.0
2024-10-25 09:46:00+00:00,CLBT,18.110000610351562,18.110000610351562,18.110000610351562,18.110000610351562,18.110000610351562,518.0
2024-10-25 09:46:00+00:00,CLFD,36.904998779296875,36.904998779296875,36.904998779296875,36.904998779296875,36.904998779296875,194.0
2024-10-25 09:46:00+00:00,CLSK,11.739999771118164,11.739999771118164,11.740099906921387,11.70110034942627,11.710000038146973,68381.0
2024-10-25 09:46:00+00:00,CNXC,45.279998779296875,45.279998779296875,45.334999084472656,45.279998779296875,45.334999084472656,1605.0
2024-10-25 09:46:00+00:00,COHR,97.05999755859375,97.05999755859375,97.05999755859375,96.8499984741211,96.86000061035156,1587.0
2024-10-25 09:46:00+00:00,COIN,208.02000427246094,208.02000427246094,208.1999969482422,207.4199981689453,207.52499389648438,17904.0
2024-10-25 09:46:00+00:00,COMM,6.385000228881836,6.385000228881836,6.385000228881836,6.340000152587891,6.350100040435791,14515.0
2024-10-25 09:46:00+00:00,CORZ,13.640000343322754,13.640000343322754,13.680000305175781,13.510000228881836,13.534000396728516,93106.0
2024-10-25 09:46:00+00:00,CORZW,8.029999732971191,8.029999732971191,8.079999923706055,8.0,8.0,2949.0
2024-10-25 09:46:00+00:00,CRDO,39.904998779296875,39.904998779296875,39.93370056152344,39.849998474121094,39.902099609375,2201.0
2024-10-25 09:46:00+00:00,CRNC,2.7939999103546143,2.7939999103546143,2.799999952316284,2.7939999103546143,2.7950000762939453,4073.0
2024-10-25 09:46:00+00:00,CRUS,123.0,123.0,123.0,123.0,123.0,360.0
2024-10-25 09:46:00+00:00,CRWD,309.4800109863281,309.4800109863281,309.8900146484375,309.2099914550781,309.2099914550781,11351.0
2024-10-25 09:46:00+00:00,CSCO,56.45000076293945,56.45000076293945,56.459999084472656,56.3650016784668,56.369998931884766,24149.0
2024-10-25 09:46:00+00:00,CSIQ,13.041399955749512,13.041399955749512,13.068499565124512,13.020000457763672,13.0600004196167,28223.0
2024-10-25 09:46:00+00:00,CTLP,9.05210018157959,9.05210018157959,9.05210018157959,9.05210018157959,9.05210018157959,415.0
2024-10-25 09:46:00+00:00,CTSH,75.37000274658203,75.37000274658203,75.37000274658203,75.26499938964844,75.26499938964844,3430.0
2024-10-25 09:46:00+00:00,CYN,3.549999952316284,3.549999952316284,3.609999895095825,3.549999952316284,3.609999895095825,1111.0
2024-10-25 09:46:00+00:00,DATS,1.5602999925613403,1.5602999925613403,1.590000033378601,1.5602999925613403,1.590000033378601,1674.0
2024-10-25 09:46:00+00:00,DBX,26.149999618530273,26.149999618530273,26.149999618530273,26.139999389648438,26.149999618530273,6851.0
2024-10-25 09:46:00+00:00,DDOG,126.91000366210938,126.91000366210938,127.04000091552734,126.91000366210938,126.94000244140625,7654.0
2024-10-25 09:46:00+00:00,DIOD,65.94999694824219,65.94999694824219,65.94999694824219,65.51249694824219,65.73999786376953,1251.0
2024-10-25 09:46:00+00:00,DOCU,70.90190124511719,70.90190124511719,70.90190124511719,70.76000213623047,70.8499984741211,2075.0
2024-10-25 09:46:00+00:00,DOMO,7.849999904632568,7.849999904632568,7.849999904632568,7.840000152587891,7.840000152587891,11875.0
2024-10-25 09:46:00+00:00,DTSS,2.450000047683716,2.450000047683716,2.4655001163482666,2.450000047683716,2.4600000381469727,8515.0
2024-10-25 09:46:00+00:00,DUOL,285.22918701171875,285.22918701171875,285.22918701171875,285.22900390625,285.22918701171875,1900.0
2024-10-25 09:46:00+00:00,EEFT,100.66000366210938,100.66000366210938,100.68499755859375,100.58999633789062,100.58999633789062,1784.0
2024-10-25 09:46:00+00:00,ENPH,80.55000305175781,80.55000305175781,80.69000244140625,80.47000122070312,80.51000213623047,10067.0
2024-10-25 09:46:00+00:00,ENTG,105.33999633789062,105.33999633789062,105.33999633789062,104.95189666748047,104.95189666748047,1530.0
2024-10-25 09:46:00+00:00,ERIC,8.515000343322754,8.515000343322754,8.515999794006348,8.503999710083008,8.510000228881836,147741.0
2024-10-25 09:46:00+00:00,EXLS,39.130001068115234,39.130001068115234,39.130001068115234,39.130001068115234,39.130001068115234,285.0
2024-10-25 09:46:00+00:00,EXTR,14.539999961853027,14.539999961853027,14.539999961853027,14.529999732971191,14.529999732971191,1283.0
2024-10-25 09:46:00+00:00,FCUV,0.2549000084400177,0.2549000084400177,0.2549000084400177,0.2549000084400177,0.2549000084400177,30992.0
2024-10-25 09:46:00+00:00,FFIV,215.92999267578125,215.92999267578125,215.92999267578125,215.60499572753906,215.8000030517578,1448.0
2024-10-25 09:46:00+00:00,FIVN,31.209999084472656,31.209999084472656,31.209999084472656,31.114999771118164,31.209999084472656,1646.0
2024-10-25 09:46:00+00:00,FLEX,35.42499923706055,35.42499923706055,35.43000030517578,35.404998779296875,35.415000915527344,9230.0
2024-10-25 09:46:00+00:00,FLYW,17.709999084472656,17.709999084472656,17.709999084472656,17.65999984741211,17.65999984741211,784.0
2024-10-25 09:46:00+00:00,FORM,44.970001220703125,44.970001220703125,44.970001220703125,44.970001220703125,44.970001220703125,270.0
2024-10-25 09:46:00+00:00,FROG,29.434600830078125,29.434600830078125,29.434600830078125,29.3700008392334,29.3700008392334,2214.0
2024-10-25 09:46:00+00:00,FRSH,11.755000114440918,11.755000114440918,11.800000190734863,11.755000114440918,11.760000228881836,10650.0
2024-10-25 09:46:00+00:00,FSLR,196.63999938964844,196.63999938964844,196.63999938964844,196.63999938964844,196.63999938964844,445.0
2024-10-25 09:46:00+00:00,FTCI,0.7099000215530396,0.7099000215530396,0.7099999785423279,0.7099000215530396,0.7099000215530396,13545.0
2024-10-25 09:46:00+00:00,FTNT,81.29000091552734,81.29000091552734,81.3499984741211,81.27999877929688,81.27999877929688,8374.0
2024-10-25 09:46:00+00:00,GCT,25.360000610351562,25.360000610351562,25.540000915527344,25.31999969482422,25.540000915527344,3192.0
2024-10-25 09:46:00+00:00,GDS,21.604999542236328,21.604999542236328,21.604999542236328,21.510000228881836,21.559999465942383,4718.0
2024-10-25 09:46:00+00:00,GFS,40.8390998840332,40.8390998840332,40.8390998840332,40.70500183105469,40.70500183105469,4148.0
2024-10-25 09:46:00+00:00,GRAB,4.074999809265137,4.074999809265137,4.077700138092041,4.070000171661377,4.074999809265137,23884.0
2024-10-25 09:46:00+00:00,GRRR,4.75,4.75,4.75,4.710000038146973,4.710000038146973,2799.0
2024-10-25 09:46:00+00:00,GSIT,3.172499895095825,3.172499895095825,3.172499895095825,3.172499895095825,3.172499895095825,415.0
2024-10-25 09:46:00+00:00,GTLB,56.779998779296875,56.779998779296875,56.84989929199219,56.7599983215332,56.7599983215332,5335.0
2024-10-25 09:46:00+00:00,HCP,33.67499923706055,33.67499923706055,33.67499923706055,33.67499923706055,33.67499923706055,643.0
2024-10-25 09:46:00+00:00,HIMX,6.159999847412109,6.159999847412109,6.159999847412109,6.150000095367432,6.150000095367432,1127.0
2024-10-25 09:46:00+00:00,HLIT,14.760000228881836,14.760000228881836,14.760000228881836,14.75,14.75,1240.0
2024-10-25 09:46:00+00:00,HOLO,3.9100000858306885,3.9100000858306885,3.950000047683716,3.9100000858306885,3.944999933242798,19634.0
2024-10-25 09:46:00+00:00,HOOD,27.329999923706055,27.329999923706055,27.334999084472656,27.2549991607666,27.2549991607666,20278.0
2024-10-25 09:46:00+00:00,HTCR,1.1399999856948853,1.1399999856948853,1.1399999856948853,1.1399999856948853,1.1399999856948853,300.0
2024-10-25 09:46:00+00:00,IIIV,22.969999313354492,22.969999313354492,22.969999313354492,22.969999313354492,22.969999313354492,158.0
2024-10-25 09:46:00+00:00,IMMR,8.630000114440918,8.630000114440918,8.630000114440918,8.625,8.625,4129.0
2024-10-25 09:46:00+00:00,IMXI,17.700000762939453,17.700000762939453,17.700000762939453,17.670000076293945,17.670000076293945,510.0
2024-10-25 09:46:00+00:00,INDI,3.490000009536743,3.490000009536743,3.490000009536743,3.4800000190734863,3.484999895095825,6692.0
2024-10-25 09:46:00+00:00,INFN,6.815000057220459,6.815000057220459,6.815000057220459,6.815000057220459,6.815000057220459,600.0
2024-10-25 09:46:00+00:00,INOD,19.727500915527344,19.727500915527344,19.7450008392334,19.727500915527344,19.7450008392334,990.0
2024-10-25 09:46:00+00:00,INTC,22.8302001953125,22.8302001953125,22.84000015258789,22.753999710083008,22.760000228881836,481662.0
2024-10-25 09:46:00+00:00,INTU,612.969970703125,612.969970703125,613.2000122070312,612.7349853515625,612.7349853515625,3189.0
2024-10-25 09:46:00+00:00,JAMF,16.885000228881836,16.885000228881836,16.899999618530273,16.864999771118164,16.8700008392334,2229.0
2024-10-25 09:46:00+00:00,KC,2.6649999618530273,2.6649999618530273,2.6649999618530273,2.6649999618530273,2.6649999618530273,1810.0
2024-10-25 09:46:00+00:00,KLAC,676.0,676.0,676.0,675.1699829101562,675.1699829101562,1921.0
2024-10-25 09:46:00+00:00,KLIC,43.9900016784668,43.9900016784668,43.9900016784668,43.9900016784668,43.9900016784668,883.0
2024-10-25 09:46:00+00:00,KOPN,0.7799000144004822,0.7799000144004822,0.7799000144004822,0.7799000144004822,0.7799000144004822,10015.0
2024-10-25 09:46:00+00:00,LITE,64.62999725341797,64.62999725341797,64.66000366210938,64.41000366210938,64.41000366210938,2404.0
2024-10-25 09:46:00+00:00,LOGI,80.80000305175781,80.80000305175781,80.81500244140625,80.78500366210938,80.81500244140625,834.0
2024-10-25 09:46:00+00:00,LPSN,1.2141000032424927,1.2141000032424927,1.2141000032424927,1.2141000032424927,1.2141000032424927,4952.0
2024-10-25 09:46:00+00:00,LPTH,1.649999976158142,1.649999976158142,1.649999976158142,1.649999976158142,1.649999976158142,515.0
2024-10-25 09:46:00+00:00,LRCX,77.72000122070312,77.72000122070312,77.8499984741211,77.72000122070312,77.76499938964844,32732.0
2024-10-25 09:46:00+00:00,LSCC,54.974998474121094,54.974998474121094,55.02000045776367,54.974998474121094,54.97999954223633,3407.0
2024-10-25 09:46:00+00:00,LTRX,4.03000020980835,4.03000020980835,4.03000020980835,4.03000020980835,4.03000020980835,142.0
2024-10-25 09:46:00+00:00,LYFT,13.699999809265137,13.699999809265137,13.720000267028809,13.6850004196167,13.694999694824219,19439.0
2024-10-25 09:46:00+00:00,MANH,277.95001220703125,277.95001220703125,277.95001220703125,277.95001220703125,277.95001220703125,1000.0
2024-10-25 09:46:00+00:00,MAXN,5.498000144958496,5.498000144958496,5.498000144958496,5.498000144958496,5.498000144958496,1304.0
2024-10-25 09:46:00+00:00,MCHP,77.13999938964844,77.13999938964844,77.16999816894531,77.02010345458984,77.04499816894531,12098.0
2024-10-25 09:46:00+00:00,MDB,270.0,270.0,270.7900085449219,269.44000244140625,269.44000244140625,20137.0
2024-10-25 09:46:00+00:00,MGIC,11.100000381469727,11.100000381469727,11.100000381469727,11.100000381469727,11.100000381469727,216.0
2024-10-25 09:46:00+00:00,MITK,8.789999961853027,8.789999961853027,8.789999961853027,8.779999732971191,8.779999732971191,375.0
2024-10-25 09:46:00+00:00,MKSI,100.66000366210938,100.66000366210938,100.66000366210938,100.62000274658203,100.62000274658203,1571.0
2024-10-25 09:46:00+00:00,MKTW,0.6010000109672546,0.6010000109672546,0.6010000109672546,0.6010000109672546,0.6010000109672546,1227.0
2024-10-25 09:46:00+00:00,MNDY,301.05999755859375,301.05999755859375,301.05999755859375,301.05999755859375,301.05999755859375,239.0
2024-10-25 09:46:00+00:00,MPWR,915.5549926757812,915.5549926757812,915.5549926757812,915.5549926757812,915.5549926757812,3055.0
2024-10-25 09:46:00+00:00,MRVL,82.77169799804688,82.77169799804688,82.9000015258789,82.75499725341797,82.7605972290039,18368.0
2024-10-25 09:46:00+00:00,MSFT,431.1099853515625,431.1099853515625,431.510009765625,430.67999267578125,430.67999267578125,138147.0
2024-10-25 09:46:00+00:00,MSTR,235.4219970703125,235.4219970703125,235.75,234.22999572753906,234.39999389648438,81237.0
2024-10-25 09:46:00+00:00,MTEK,1.9199999570846558,1.9199999570846558,1.9199999570846558,1.909999966621399,1.909999966621399,1600.0
2024-10-25 09:46:00+00:00,MTLS,6.019999980926514,6.019999980926514,6.019999980926514,6.019999980926514,6.019999980926514,400.0
2024-10-25 09:46:00+00:00,MTTR,4.665800094604492,4.665800094604492,4.665800094604492,4.659999847412109,4.659999847412109,3540.0
2024-10-25 09:46:00+00:00,MU,108.41999816894531,108.41999816894531,108.48999786376953,108.15699768066406,108.19499969482422,37667.0
2024-10-25 09:46:00+00:00,MVIS,1.1053999662399292,1.1053999662399292,1.1053999662399292,1.1050000190734863,1.1050000190734863,14.0
2024-10-25 09:46:00+00:00,MXL,15.109999656677246,15.109999656677246,15.130000114440918,15.109999656677246,15.130000114440918,1722.0
2024-10-25 09:46:00+00:00,NCNO,38.43000030517578,38.43000030517578,38.43000030517578,38.400001525878906,38.400001525878906,987.0
2024-10-25 09:46:00+00:00,NTAP,120.27999877929688,120.27999877929688,120.29000091552734,120.21499633789062,120.24500274658203,5175.0
2024-10-25 09:46:00+00:00,NTNX,62.779998779296875,62.779998779296875,62.779998779296875,62.66999816894531,62.77000045776367,3931.0
2024-10-25 09:46:00+00:00,NVDA,141.8699951171875,141.8699951171875,142.22999572753906,141.86000061035156,141.92539978027344,762612.0
2024-10-25 09:46:00+00:00,NVTS,2.5299999713897705,2.5299999713897705,2.5299999713897705,2.5199999809265137,2.5199999809265137,743.0
2024-10-25 09:46:00+00:00,NXPI,243.57000732421875,243.57000732421875,243.72000122070312,243.3800048828125,243.3800048828125,11540.0
2024-10-25 09:46:00+00:00,OKTA,72.88999938964844,72.88999938964844,72.88999938964844,72.88999938964844,72.88999938964844,400.0
2024-10-25 09:46:00+00:00,OLED,203.5,203.5,203.5,203.5,203.5,1367.0
2024-10-25 09:46:00+00:00,ON,72.2699966430664,72.2699966430664,72.33999633789062,72.12000274658203,72.1500015258789,52810.0
2024-10-25 09:46:00+00:00,PANW,370.2550048828125,370.2550048828125,370.2650146484375,369.6700134277344,369.7099914550781,6093.0
2024-10-25 09:46:00+00:00,PAYO,8.359999656677246,8.359999656677246,8.369999885559082,8.359999656677246,8.369999885559082,1046.0
2024-10-25 09:46:00+00:00,PEGA,81.97000122070312,81.97000122070312,81.97000122070312,81.73999786376953,81.94999694824219,4250.0
2024-10-25 09:46:00+00:00,PEGY,4.730000019073486,4.730000019073486,4.7444000244140625,4.599999904632568,4.599999904632568,14389.0
2024-10-25 09:46:00+00:00,PGY,11.890000343322754,11.890000343322754,11.890000343322754,11.779999732971191,11.779999732971191,7247.0
2024-10-25 09:46:00+00:00,PHUN,9.979999542236328,9.979999542236328,10.0,9.710000038146973,9.710000038146973,480577.0
2024-10-25 09:46:00+00:00,PI,193.1840057373047,193.1840057373047,193.1840057373047,193.1840057373047,193.1840057373047,354.0
2024-10-25 09:46:00+00:00,PLAB,23.56999969482422,23.56999969482422,23.56999969482422,23.56999969482422,23.56999969482422,159.0
2024-10-25 09:46:00+00:00,PLXS,145.30999755859375,145.30999755859375,145.4499969482422,145.13499450683594,145.30499267578125,1640.0
2024-10-25 09:46:00+00:00,POET,4.0,4.0,4.010000228881836,3.999000072479248,3.999000072479248,6161.0
2024-10-25 09:46:00+00:00,POWI,62.95000076293945,62.95000076293945,62.95000076293945,62.94499969482422,62.94499969482422,865.0
2024-10-25 09:46:00+00:00,PRGS,64.76499938964844,64.76499938964844,64.81999969482422,64.41999816894531,64.41999816894531,4851.0
2024-10-25 09:46:00+00:00,PUBM,15.0600004196167,15.0600004196167,15.0600004196167,15.039999961853027,15.039999961853027,961.0
2024-10-25 09:46:00+00:00,QCOM,171.14999389648438,171.14999389648438,171.3699951171875,171.14999389648438,171.22999572753906,23932.0
2024-10-25 09:46:00+00:00,QLYS,121.29000091552734,121.29000091552734,121.29000091552734,121.29000091552734,121.29000091552734,175.0
2024-10-25 09:46:00+00:00,QRVO,100.41999816894531,100.41999816894531,100.5,100.4000015258789,100.40499877929688,4926.0
2024-10-25 09:46:00+00:00,QUBT,1.1399999856948853,1.1399999856948853,1.1449999809265137,1.1399999856948853,1.1399999856948853,606.0
2024-10-25 09:46:00+00:00,QUIK,8.489999771118164,8.489999771118164,8.489999771118164,8.489999771118164,8.489999771118164,883.0
2024-10-25 09:46:00+00:00,RCAT,2.7588999271392822,2.7588999271392822,2.7588999271392822,2.756200075149536,2.756200075149536,874.0
2024-10-25 09:46:00+00:00,RELY,14.704999923706055,14.704999923706055,14.710000038146973,14.699999809265137,14.710000038146973,4063.0
2024-10-25 09:46:00+00:00,RGTI,1.2649999856948853,1.2649999856948853,1.2699999809265137,1.250100016593933,1.2599999904632568,57011.0
2024-10-25 09:46:00+00:00,RIOT,9.859999656677246,9.859999656677246,9.867500305175781,9.830499649047852,9.845000267028809,81649.0
2024-10-25 09:46:00+00:00,RMBS,43.04999923706055,43.04999923706055,43.06999969482422,43.04999923706055,43.06999969482422,602.0
2024-10-25 09:46:00+00:00,RUM,5.547100067138672,5.547100067138672,5.550000190734863,5.539999961853027,5.539999961853027,7932.0
2024-10-25 09:46:00+00:00,RUN,14.260000228881836,14.260000228881836,14.3100004196167,14.239999771118164,14.279999732971191,52150.0
2024-10-25 09:46:00+00:00,RXT,2.5,2.5,2.5,2.5,2.5,275.0
2024-10-25 09:46:00+00:00,SCWX,8.390000343322754,8.390000343322754,8.390000343322754,8.390000343322754,8.390000343322754,400.0
2024-10-25 09:46:00+00:00,SEDG,15.569999694824219,15.569999694824219,15.600000381469727,15.539999961853027,15.550000190734863,26278.0
2024-10-25 09:46:00+00:00,SHLS,5.170000076293945,5.170000076293945,5.179999828338623,5.170000076293945,5.179999828338623,7115.0
2024-10-25 09:46:00+00:00,SIMO,57.01499938964844,57.01499938964844,57.01499938964844,57.0,57.0,1542.0
2024-10-25 09:46:00+00:00,SLNH,3.9045000076293945,3.9045000076293945,3.9045000076293945,3.9045000076293945,3.9045000076293945,1790.0
2024-10-25 09:46:00+00:00,SMCI,47.119998931884766,47.119998931884766,47.36000061035156,47.08000183105469,47.099998474121094,255309.0
2024-10-25 09:46:00+00:00,SMSI,0.8259999752044678,0.8259999752044678,0.8259999752044678,0.8259999752044678,0.8259999752044678,705.0
2024-10-25 09:46:00+00:00,SMTC,45.11000061035156,45.11000061035156,45.11000061035156,45.084999084472656,45.084999084472656,831.0
2024-10-25 09:46:00+00:00,SNPS,502.79998779296875,502.79998779296875,502.79998779296875,502.5050048828125,502.5050048828125,2881.0
2024-10-25 09:46:00+00:00,SOBR,7.900000095367432,7.900000095367432,7.900000095367432,7.900000095367432,7.900000095367432,136.0
2024-10-25 09:46:00+00:00,SONO,12.729999542236328,12.729999542236328,12.729999542236328,12.675000190734863,12.675000190734863,2365.0
2024-10-25 09:46:00+00:00,SOUN,5.295000076293945,5.295000076293945,5.299900054931641,5.269999980926514,5.28000020980835,49665.0
2024-10-25 09:46:00+00:00,SPSC,187.9600067138672,187.9600067138672,187.9600067138672,187.9600067138672,187.9600067138672,959.0
2024-10-25 09:46:00+00:00,SPT,27.614200592041016,27.614200592041016,27.690000534057617,27.614200592041016,27.690000534057617,1525.0
2024-10-25 09:46:00+00:00,SSNC,70.80999755859375,70.80999755859375,70.86499786376953,70.7699966430664,70.86499786376953,13390.0
2024-10-25 09:46:00+00:00,SSYS,7.110000133514404,7.110000133514404,7.110000133514404,7.110000133514404,7.110000133514404,730.0
2024-10-25 09:46:00+00:00,STNE,11.324999809265137,11.324999809265137,11.329999923706055,11.305000305175781,11.305000305175781,2319.0
2024-10-25 09:46:00+00:00,STX,104.70999908447266,104.70999908447266,105.01000213623047,104.70999908447266,105.01000213623047,4679.0
2024-10-25 09:46:00+00:00,SURG,1.7100000381469727,1.7100000381469727,1.7100000381469727,1.7100000381469727,1.7100000381469727,602.0
2024-10-25 09:46:00+00:00,SVRE,0.08709999918937683,0.08709999918937683,0.08709999918937683,0.08699999749660492,0.08709999918937683,4085.0
2024-10-25 09:46:00+00:00,SWKS,95.80000305175781,95.80000305175781,95.83000183105469,95.66000366210938,95.66000366210938,9270.0
2024-10-25 09:46:00+00:00,TEAM,191.77049255371094,191.77049255371094,192.02000427246094,191.6199951171875,191.69000244140625,3275.0
2024-10-25 09:46:00+00:00,TER,112.36000061035156,112.36000061035156,112.44000244140625,112.04000091552734,112.16000366210938,9911.0
2024-10-25 09:46:00+00:00,TGL,0.6704000234603882,0.6704000234603882,0.6704000234603882,0.6704000234603882,0.6704000234603882,1508.0
2024-10-25 09:46:00+00:00,TLS,3.5899999141693115,3.5899999141693115,3.5899999141693115,3.5899999141693115,3.5899999141693115,200.0
2024-10-25 09:46:00+00:00,TRMB,61.040000915527344,61.040000915527344,61.040000915527344,60.970001220703125,60.970001220703125,2350.0
2024-10-25 09:46:00+00:00,TTD,121.1500015258789,121.1500015258789,121.36499786376953,121.0999984741211,121.20989990234375,15678.0
2024-10-25 09:46:00+00:00,TTEC,5.440000057220459,5.440000057220459,5.440000057220459,5.440000057220459,5.440000057220459,1375.0
2024-10-25 09:46:00+00:00,TWKS,4.449999809265137,4.449999809265137,4.449999809265137,4.449999809265137,4.449999809265137,1372.0
2024-10-25 09:46:00+00:00,TXN,210.5,210.5,210.64999389648438,210.19500732421875,210.22000122070312,9184.0
2024-10-25 09:46:00+00:00,UCTT,35.935001373291016,35.935001373291016,36.04999923706055,35.935001373291016,36.023799896240234,1912.0
2024-10-25 09:46:00+00:00,VERI,3.4000000953674316,3.4000000953674316,3.4100000858306885,3.4000000953674316,3.4100000858306885,2942.0
2024-10-25 09:46:00+00:00,VICR,46.630001068115234,46.630001068115234,46.630001068115234,46.52000045776367,46.52000045776367,346.0
2024-10-25 09:46:00+00:00,VMEO,4.744999885559082,4.744999885559082,4.75,4.744999885559082,4.75,500.0
2024-10-25 09:46:00+00:00,VNET,3.4000000953674316,3.4000000953674316,3.4000000953674316,3.390000104904175,3.390000104904175,4298.0
2024-10-25 09:46:00+00:00,VRNS,56.79499816894531,56.79499816894531,56.81999969482422,56.7400016784668,56.7400016784668,2297.0
2024-10-25 09:46:00+00:00,VRSN,190.4499969482422,190.4499969482422,190.4499969482422,189.77000427246094,189.77000427246094,5236.0
2024-10-25 09:46:00+00:00,VSAT,10.260000228881836,10.260000228881836,10.268600463867188,10.260000228881836,10.260000228881836,1658.0
2024-10-25 09:46:00+00:00,VUZI,1.320099949836731,1.320099949836731,1.3250000476837158,1.320099949836731,1.3250000476837158,1532.0
2024-10-25 09:46:00+00:00,WALD,3.5299999713897705,3.5299999713897705,3.5299999713897705,3.5299999713897705,3.5299999713897705,117.0
2024-10-25 09:46:00+00:00,WDAY,242.8300018310547,242.8300018310547,243.3800048828125,242.67999267578125,243.2899932861328,6587.0
2024-10-25 09:46:00+00:00,WDC,72.33000183105469,72.33000183105469,72.6500015258789,72.26000213623047,72.36499786376953,187378.0
2024-10-25 09:46:00+00:00,WISA,1.815000057220459,1.815000057220459,1.8200000524520874,1.8128000497817993,1.815000057220459,2991.0
2024-10-25 09:46:00+00:00,WIX,164.0,164.0,164.0,164.0,164.0,2345.0
2024-10-25 09:46:00+00:00,WRAP,1.8899999856948853,1.8899999856948853,1.8899999856948853,1.8899999856948853,1.8899999856948853,262.0
2024-10-25 09:46:00+00:00,XRX,10.135000228881836,10.135000228881836,10.135000228881836,10.104999542236328,10.114999771118164,10834.0
2024-10-25 09:46:00+00:00,ZBRA,364.010009765625,364.010009765625,364.010009765625,363.82501220703125,363.82501220703125,871.0
2024-10-25 09:46:00+00:00,ZENV,1.3700000047683716,1.3700000047683716,1.3700000047683716,1.3700000047683716,1.3700000047683716,200.0
2024-10-25 09:46:00+00:00,ZM,73.54000091552734,73.54000091552734,73.58000183105469,73.4697036743164,73.4800033569336,15598.0
2024-10-25 09:46:00+00:00,ZS,187.9600067138672,187.9600067138672,188.3699951171875,187.9600067138672,188.3000030517578,4476.0
2024-10-25 09:47:00+00:00,AAOI,17.799999237060547,17.799999237060547,17.799999237060547,17.735000610351562,17.770000457763672,2268.0
2024-10-25 09:47:00+00:00,AAPL,231.49000549316406,231.49000549316406,231.5,231.25,231.3199005126953,91751.0
2024-10-25 09:47:00+00:00,ACIW,49.09000015258789,49.09000015258789,49.09000015258789,49.04499816894531,49.04499816894531,1122.0
2024-10-25 09:47:00+00:00,ACLS,91.4000015258789,91.4000015258789,91.4000015258789,91.2874984741211,91.31500244140625,547.0
2024-10-25 09:47:00+00:00,ACMR,19.3700008392334,19.3700008392334,19.3700008392334,19.342500686645508,19.342500686645508,1722.0
2024-10-25 09:47:00+00:00,ADBE,487.6650085449219,487.6650085449219,487.6650085449219,486.5799865722656,486.5799865722656,25432.0
2024-10-25 09:47:00+00:00,ADI,234.24000549316406,234.24000549316406,234.24000549316406,234.11000061035156,234.11000061035156,1669.0
2024-10-25 09:47:00+00:00,ADSK,288.04998779296875,288.04998779296875,288.04998779296875,287.82501220703125,287.82501220703125,5618.0
2024-10-25 09:47:00+00:00,ADTN,6.260000228881836,6.260000228881836,6.260000228881836,6.260000228881836,6.260000228881836,346.0
2024-10-25 09:47:00+00:00,AEHR,16.559999465942383,16.559999465942383,16.56920051574707,16.489999771118164,16.489999771118164,6579.0
2024-10-25 09:47:00+00:00,AFRM,41.900001525878906,41.900001525878906,41.97999954223633,41.720001220703125,41.744998931884766,25025.0
2024-10-25 09:47:00+00:00,AGYS,112.44000244140625,112.44000244140625,112.44000244140625,112.44000244140625,112.44000244140625,253.0
2024-10-25 09:47:00+00:00,AKAM,103.56999969482422,103.56999969482422,103.58999633789062,103.54000091552734,103.54000091552734,1988.0
2024-10-25 09:47:00+00:00,ALGM,22.329999923706055,22.329999923706055,22.329999923706055,22.309999465942383,22.31999969482422,3221.0
2024-10-25 09:47:00+00:00,ALKT,38.41120147705078,38.41120147705078,38.43000030517578,38.41120147705078,38.43000030517578,482.0
2024-10-25 09:47:00+00:00,ALRM,54.369998931884766,54.369998931884766,54.400001525878906,54.314998626708984,54.31999969482422,5109.0
2024-10-25 09:47:00+00:00,ALTR,105.61000061035156,105.61000061035156,105.76000213623047,105.61000061035156,105.76000213623047,493.0
2024-10-25 09:47:00+00:00,AMAT,187.3699951171875,187.3699951171875,187.3699951171875,187.17999267578125,187.33999633789062,5320.0
2024-10-25 09:47:00+00:00,AMD,157.71009826660156,157.71009826660156,157.7899932861328,157.32000732421875,157.32200622558594,169710.0
2024-10-25 09:47:00+00:00,AMKR,29.96500015258789,29.96500015258789,29.96500015258789,29.940000534057617,29.940000534057617,860.0
2024-10-25 09:47:00+00:00,AMPL,9.175000190734863,9.175000190734863,9.175000190734863,9.170000076293945,9.170000076293945,323.0
2024-10-25 09:47:00+00:00,ANSS,326.0150146484375,326.0150146484375,326.45001220703125,325.7799987792969,325.7799987792969,1007.0
2024-10-25 09:47:00+00:00,ANY,1.0850000381469727,1.0850000381469727,1.0850000381469727,1.0800000429153442,1.0800000429153442,1400.0
2024-10-25 09:47:00+00:00,APP,161.7899932861328,161.7899932861328,161.966796875,161.5500030517578,161.966796875,5626.0
2024-10-25 09:47:00+00:00,APPF,234.49000549316406,234.49000549316406,234.49000549316406,232.1300048828125,232.1300048828125,6169.0
2024-10-25 09:47:00+00:00,APPN,32.505001068115234,32.505001068115234,32.505001068115234,32.5,32.5,378.0
2024-10-25 09:47:00+00:00,APPS,3.130000114440918,3.130000114440918,3.130000114440918,3.0999999046325684,3.0999999046325684,2678.0
2024-10-25 09:47:00+00:00,ARQQ,7.849999904632568,7.849999904632568,7.849999904632568,7.849999904632568,7.849999904632568,1035.0
2024-10-25 09:47:00+00:00,ARRY,6.244999885559082,6.244999885559082,6.25,6.239999771118164,6.239999771118164,3344.0
2024-10-25 09:47:00+00:00,ASML,717.5034790039062,717.5034790039062,717.6849975585938,717.1849975585938,717.1849975585938,2921.0
2024-10-25 09:47:00+00:00,AUR,6.429999828338623,6.429999828338623,6.440000057220459,6.3942999839782715,6.399400234222412,6762.0
2024-10-25 09:47:00+00:00,AVDX,8.295000076293945,8.295000076293945,8.295000076293945,8.295000076293945,8.295000076293945,298.0
2024-10-25 09:47:00+00:00,AVGO,174.3350067138672,174.3350067138672,174.39999389648438,174.0500030517578,174.17999267578125,37807.0
2024-10-25 09:47:00+00:00,AVPT,12.100000381469727,12.100000381469727,12.100000381469727,12.100000381469727,12.100000381469727,903.0
2024-10-25 09:47:00+00:00,AXTI,2.6549999713897705,2.6549999713897705,2.6549999713897705,2.6549999713897705,2.6549999713897705,297.0
2024-10-25 09:47:00+00:00,BASE,16.600000381469727,16.600000381469727,16.600000381469727,16.600000381469727,16.600000381469727,1259.0
2024-10-25 09:47:00+00:00,BCOV,2.257200002670288,2.257200002670288,2.257200002670288,2.240000009536743,2.241300106048584,2500.0
2024-10-25 09:47:00+00:00,BIGC,5.349999904632568,5.349999904632568,5.360000133514404,5.349999904632568,5.360000133514404,580.0
2024-10-25 09:47:00+00:00,BLKB,86.28500366210938,86.28500366210938,86.28500366210938,86.28500366210938,86.28500366210938,367.0
2024-10-25 09:47:00+00:00,BMBL,7.25,7.25,7.25,7.25,7.25,1387.0
2024-10-25 09:47:00+00:00,BRZE,31.114999771118164,31.114999771118164,31.15999984741211,31.110000610351562,31.114999771118164,1124.0
2024-10-25 09:47:00+00:00,CAMT,78.08499908447266,78.08499908447266,78.08499908447266,78.08499908447266,78.08499908447266,274.0
2024-10-25 09:47:00+00:00,CAN,0.9980999827384949,0.9980999827384949,1.0,0.9950000047683716,0.9950000047683716,74319.0
2024-10-25 09:47:00+00:00,CDNS,256.2250061035156,256.2250061035156,256.32000732421875,256.0199890136719,256.260009765625,5334.0
2024-10-25 09:47:00+00:00,CDW,220.3800048828125,220.3800048828125,220.4499969482422,220.1199951171875,220.2550048828125,4084.0
2024-10-25 09:47:00+00:00,CETX,0.2971000075340271,0.2971000075340271,0.29789999127388,0.2962999939918518,0.2962999939918518,5505.0
2024-10-25 09:47:00+00:00,CEVA,23.93000030517578,23.93000030517578,23.93000030517578,23.93000030517578,23.93000030517578,101.0
2024-10-25 09:47:00+00:00,CFLT,22.40999984741211,22.40999984741211,22.40999984741211,22.34000015258789,22.34000015258789,11520.0
2024-10-25 09:47:00+00:00,CGNX,39.18000030517578,39.18000030517578,39.189998626708984,39.165000915527344,39.16999816894531,1454.0
2024-10-25 09:47:00+00:00,CLBT,18.06999969482422,18.06999969482422,18.06999969482422,18.06999969482422,18.06999969482422,152.0
2024-10-25 09:47:00+00:00,CLSK,11.854999542236328,11.854999542236328,11.887999534606934,11.740300178527832,11.75,163425.0
2024-10-25 09:47:00+00:00,CMTL,3.7100000381469727,3.7100000381469727,3.7100000381469727,3.7100000381469727,3.7100000381469727,616.0
2024-10-25 09:47:00+00:00,CNDT,3.684999942779541,3.684999942779541,3.690000057220459,3.680000066757202,3.680000066757202,3149.0
2024-10-25 09:47:00+00:00,COHR,97.06999969482422,97.06999969482422,97.06999969482422,96.9800033569336,96.98500061035156,763.0
2024-10-25 09:47:00+00:00,COHU,25.790000915527344,25.790000915527344,25.790000915527344,25.790000915527344,25.790000915527344,796.0
2024-10-25 09:47:00+00:00,COIN,209.16000366210938,209.16000366210938,209.8300018310547,208.00010681152344,208.1999969482422,74830.0
2024-10-25 09:47:00+00:00,COMM,6.385000228881836,6.385000228881836,6.389999866485596,6.369999885559082,6.380000114440918,3438.0
2024-10-25 09:47:00+00:00,CORZ,13.675000190734863,13.675000190734863,13.6899995803833,13.640000343322754,13.664999961853027,29994.0
2024-10-25 09:47:00+00:00,CRCT,6.46999979019165,6.46999979019165,6.46999979019165,6.46999979019165,6.46999979019165,637.0
2024-10-25 09:47:00+00:00,CRDO,39.834999084472656,39.834999084472656,39.939998626708984,39.790000915527344,39.92660140991211,5161.0
2024-10-25 09:47:00+00:00,CRUS,122.98519897460938,122.98519897460938,122.98519897460938,122.98519897460938,122.98519897460938,147.0
2024-10-25 09:47:00+00:00,CRWD,309.7096862792969,309.7096862792969,309.7096862792969,309.2200927734375,309.42999267578125,4768.0
2024-10-25 09:47:00+00:00,CSCO,56.42499923706055,56.42499923706055,56.45500183105469,56.41999816894531,56.45500183105469,7425.0
2024-10-25 09:47:00+00:00,CSIQ,13.119999885559082,13.119999885559082,13.119999885559082,13.039999961853027,13.039999961853027,54603.0
2024-10-25 09:47:00+00:00,CTLP,9.050000190734863,9.050000190734863,9.050000190734863,9.050000190734863,9.050000190734863,114.0
2024-10-25 09:47:00+00:00,CTSH,75.29000091552734,75.29000091552734,75.33999633789062,75.29000091552734,75.33999633789062,1714.0
2024-10-25 09:47:00+00:00,CVLT,134.9600067138672,134.9600067138672,134.9600067138672,134.78489685058594,134.78489685058594,1522.0
2024-10-25 09:47:00+00:00,DBX,26.149999618530273,26.149999618530273,26.149999618530273,26.149999618530273,26.149999618530273,492.0
2024-10-25 09:47:00+00:00,DDOG,126.69999694824219,126.69999694824219,126.80000305175781,126.66000366210938,126.79000091552734,14652.0
2024-10-25 09:47:00+00:00,DGHI,1.4155000448226929,1.4155000448226929,1.4155000448226929,1.4155000448226929,1.4155000448226929,2890.0
2024-10-25 09:47:00+00:00,DGII,30.094999313354492,30.094999313354492,30.094999313354492,30.094999313354492,30.094999313354492,307.0
2024-10-25 09:47:00+00:00,DIOD,65.76000213623047,65.76000213623047,65.80000305175781,65.76000213623047,65.80000305175781,971.0
2024-10-25 09:47:00+00:00,DLO,8.819999694824219,8.819999694824219,8.819999694824219,8.800000190734863,8.800000190734863,522.0
2024-10-25 09:47:00+00:00,DMRC,31.049999237060547,31.049999237060547,31.049999237060547,31.049999237060547,31.049999237060547,134.0
2024-10-25 09:47:00+00:00,DOCU,70.72000122070312,70.72000122070312,70.79000091552734,70.66500091552734,70.79000091552734,3482.0
2024-10-25 09:47:00+00:00,DOMO,7.880000114440918,7.880000114440918,7.880000114440918,7.84499979019165,7.84499979019165,1480.0
2024-10-25 09:47:00+00:00,DTSS,2.3989999294281006,2.3989999294281006,2.4000000953674316,2.3989999294281006,2.4000000953674316,5885.0
2024-10-25 09:47:00+00:00,DTST,3.450000047683716,3.450000047683716,3.450000047683716,3.440000057220459,3.440000057220459,1367.0
2024-10-25 09:47:00+00:00,ENPH,80.51499938964844,80.51499938964844,80.56999969482422,80.4000015258789,80.52999877929688,14086.0
2024-10-25 09:47:00+00:00,ENTG,105.19999694824219,105.19999694824219,105.19999694824219,105.1050033569336,105.1050033569336,1150.0
2024-10-25 09:47:00+00:00,ERIC,8.510000228881836,8.510000228881836,8.515000343322754,8.510000228881836,8.515000343322754,317.0
2024-10-25 09:47:00+00:00,EXFY,1.7100000381469727,1.7100000381469727,1.7100000381469727,1.7000000476837158,1.7000000476837158,1024.0
2024-10-25 09:47:00+00:00,FIVN,31.209999084472656,31.209999084472656,31.209999084472656,31.15999984741211,31.15999984741211,685.0
2024-10-25 09:47:00+00:00,FLEX,35.40999984741211,35.40999984741211,35.40999984741211,35.375,35.40999984741211,3736.0
2024-10-25 09:47:00+00:00,FLYW,17.770000457763672,17.770000457763672,17.770000457763672,17.719999313354492,17.719999313354492,440.0
2024-10-25 09:47:00+00:00,FORM,45.029998779296875,45.029998779296875,45.029998779296875,45.0099983215332,45.0099983215332,448.0
2024-10-25 09:47:00+00:00,FROG,29.43560028076172,29.43560028076172,29.43560028076172,29.43560028076172,29.43560028076172,1137.0
2024-10-25 09:47:00+00:00,FRSH,11.779999732971191,11.779999732971191,11.779999732971191,11.760000228881836,11.760000228881836,5586.0
2024-10-25 09:47:00+00:00,FSLR,196.5500946044922,196.5500946044922,196.87989807128906,196.360107421875,196.61000061035156,5431.0
2024-10-25 09:47:00+00:00,FTCI,0.7139000296592712,0.7139000296592712,0.7139000296592712,0.7055000066757202,0.7055000066757202,18234.0
2024-10-25 09:47:00+00:00,FTNT,81.30000305175781,81.30000305175781,81.30000305175781,81.2300033569336,81.25,7612.0
2024-10-25 09:47:00+00:00,GCT,25.415000915527344,25.415000915527344,25.415000915527344,25.34000015258789,25.34000015258789,1413.0
2024-10-25 09:47:00+00:00,GDS,21.639999389648438,21.639999389648438,21.639999389648438,21.639999389648438,21.639999389648438,385.0
2024-10-25 09:47:00+00:00,GFS,40.875,40.875,40.91450119018555,40.845001220703125,40.845001220703125,2366.0
2024-10-25 09:47:00+00:00,GPRO,1.3300000429153442,1.3300000429153442,1.3300000429153442,1.3300000429153442,1.3300000429153442,309.0
2024-10-25 09:47:00+00:00,GRAB,4.070000171661377,4.070000171661377,4.079999923706055,4.070000171661377,4.074999809265137,68845.0
2024-10-25 09:47:00+00:00,GRRR,4.795000076293945,4.795000076293945,4.79580020904541,4.795000076293945,4.79580020904541,417.0
2024-10-25 09:47:00+00:00,GSIT,3.240000009536743,3.240000009536743,3.240000009536743,3.2100000381469727,3.2100000381469727,1349.0
2024-10-25 09:47:00+00:00,GTLB,56.75,56.75,56.75,56.650001525878906,56.73500061035156,4321.0
2024-10-25 09:47:00+00:00,GVP,4.610000133514404,4.610000133514404,4.610000133514404,4.610000133514404,4.610000133514404,220.0
2024-10-25 09:47:00+00:00,HCP,33.67499923706055,33.67499923706055,33.67499923706055,33.672000885009766,33.67499923706055,1610.0
2024-10-25 09:47:00+00:00,HIMX,6.164999961853027,6.164999961853027,6.164999961853027,6.164999961853027,6.164999961853027,589.0
2024-10-25 09:47:00+00:00,HLIT,14.75,14.75,14.75,14.75,14.75,1125.0
2024-10-25 09:47:00+00:00,HOLO,3.8901000022888184,3.8901000022888184,3.9200000762939453,3.890000104904175,3.9102001190185547,16589.0
2024-10-25 09:47:00+00:00,HOOD,27.417999267578125,27.417999267578125,27.44499969482422,27.315000534057617,27.34000015258789,50880.0
2024-10-25 09:47:00+00:00,HTCR,1.1200000047683716,1.1200000047683716,1.1200000047683716,1.1200000047683716,1.1200000047683716,86.0
2024-10-25 09:47:00+00:00,IMMR,8.640000343322754,8.640000343322754,8.640000343322754,8.640000343322754,8.640000343322754,454.0
2024-10-25 09:47:00+00:00,IMXI,17.700000762939453,17.700000762939453,17.700000762939453,17.700000762939453,17.700000762939453,659.0
2024-10-25 09:47:00+00:00,INDI,3.509999990463257,3.509999990463257,3.515000104904175,3.5,3.5,14165.0
2024-10-25 09:47:00+00:00,INOD,19.84000015258789,19.84000015258789,19.84000015258789,19.721500396728516,19.721500396728516,735.0
2024-10-25 09:47:00+00:00,INTC,22.844999313354492,22.844999313354492,22.8799991607666,22.829999923706055,22.834999084472656,434011.0
2024-10-25 09:47:00+00:00,INTU,613.3200073242188,613.3200073242188,613.3200073242188,613.3200073242188,613.3200073242188,1546.0
2024-10-25 09:47:00+00:00,IPGP,76.5,76.5,76.5,76.41999816894531,76.41999816894531,1188.0
2024-10-25 09:47:00+00:00,JAMF,16.920000076293945,16.920000076293945,16.920000076293945,16.885000228881836,16.885000228881836,1713.0
2024-10-25 09:47:00+00:00,KC,2.680000066757202,2.680000066757202,2.680000066757202,2.6600000858306885,2.6649999618530273,4060.0
2024-10-25 09:47:00+00:00,KLAC,674.6599731445312,674.6599731445312,674.6599731445312,674.6599731445312,674.6599731445312,198.0
2024-10-25 09:47:00+00:00,KLIC,44.095001220703125,44.095001220703125,44.095001220703125,43.9900016784668,43.9900016784668,6426.0
2024-10-25 09:47:00+00:00,LITE,64.66500091552734,64.66500091552734,64.79000091552734,64.63999938964844,64.66500091552734,978.0
2024-10-25 09:47:00+00:00,LOGI,80.62999725341797,80.62999725341797,80.79000091552734,80.62999725341797,80.7699966430664,6096.0
2024-10-25 09:47:00+00:00,LPSN,1.2100000381469727,1.2100000381469727,1.2100000381469727,1.2100000381469727,1.2100000381469727,1470.0
2024-10-25 09:47:00+00:00,LRCX,77.75,77.75,77.76899719238281,77.62000274658203,77.70500183105469,39228.0
2024-10-25 09:47:00+00:00,LSCC,54.91999816894531,54.91999816894531,54.91999816894531,54.91999816894531,54.91999816894531,1190.0
2024-10-25 09:47:00+00:00,LYFT,13.729999542236328,13.729999542236328,13.729999542236328,13.699999809265137,13.704999923706055,18303.0
2024-10-25 09:47:00+00:00,MANH,277.95001220703125,277.95001220703125,277.95001220703125,277.95001220703125,277.95001220703125,821.0
2024-10-25 09:47:00+00:00,MAXN,5.5019001960754395,5.5019001960754395,5.539999961853027,5.5019001960754395,5.539999961853027,2329.0
2024-10-25 09:47:00+00:00,MCHP,77.22000122070312,77.22000122070312,77.23999786376953,77.12000274658203,77.12000274658203,6930.0
2024-10-25 09:47:00+00:00,MDB,269.9599914550781,269.9599914550781,269.989990234375,269.0,269.2699890136719,10148.0
2024-10-25 09:47:00+00:00,MITK,8.800000190734863,8.800000190734863,8.800000190734863,8.800000190734863,8.800000190734863,1277.0
2024-10-25 09:47:00+00:00,MKSI,100.80999755859375,100.80999755859375,100.80999755859375,100.44000244140625,100.57499694824219,4145.0
2024-10-25 09:47:00+00:00,MNDY,301.2799987792969,301.2799987792969,301.44000244140625,301.0199890136719,301.44000244140625,2370.0
2024-10-25 09:47:00+00:00,MPWR,915.697509765625,915.697509765625,916.7999877929688,915.5900268554688,915.5900268554688,1296.0
2024-10-25 09:47:00+00:00,MQ,5.385000228881836,5.385000228881836,5.385000228881836,5.369999885559082,5.369999885559082,5822.0
2024-10-25 09:47:00+00:00,MRVL,82.86419677734375,82.86419677734375,82.86419677734375,82.69999694824219,82.7301025390625,5419.0
2024-10-25 09:47:00+00:00,MSFT,431.2698059082031,431.2698059082031,431.5299987792969,431.0199890136719,431.1698913574219,73603.0
2024-10-25 09:47:00+00:00,MSTR,237.85000610351562,237.85000610351562,238.49989318847656,235.1999969482422,235.5500030517578,153968.0
2024-10-25 09:47:00+00:00,MTLS,6.065000057220459,6.065000057220459,6.090000152587891,6.050000190734863,6.050000190734863,2017.0
2024-10-25 09:47:00+00:00,MTSI,118.0,118.0,118.0,118.0,118.0,251.0
2024-10-25 09:47:00+00:00,MTTR,4.664999961853027,4.664999961853027,4.664999961853027,4.664999961853027,4.664999961853027,0.0
2024-10-25 09:47:00+00:00,MU,108.69000244140625,108.69000244140625,108.69000244140625,108.33999633789062,108.41999816894531,73642.0
2024-10-25 09:47:00+00:00,MVIS,1.1050000190734863,1.1050000190734863,1.1050000190734863,1.1050000190734863,1.1050000190734863,264.0
2024-10-25 09:47:00+00:00,MXL,15.079999923706055,15.079999923706055,15.140000343322754,15.055000305175781,15.104999542236328,10498.0
2024-10-25 09:47:00+00:00,NCNO,38.459999084472656,38.459999084472656,38.459999084472656,38.40999984741211,38.41749954223633,1408.0
2024-10-25 09:47:00+00:00,NEON,7.949999809265137,7.949999809265137,7.949999809265137,7.949999809265137,7.949999809265137,714.0
2024-10-25 09:47:00+00:00,NICE,178.58999633789062,178.58999633789062,178.6199951171875,177.67999267578125,177.67999267578125,5364.0
2024-10-25 09:47:00+00:00,NNDM,2.3268001079559326,2.3268001079559326,2.3268001079559326,2.3268001079559326,2.3268001079559326,200.0
2024-10-25 09:47:00+00:00,NOVT,173.3000030517578,173.3000030517578,173.3000030517578,173.3000030517578,173.3000030517578,216.0
2024-10-25 09:47:00+00:00,NSIT,211.6750030517578,211.6750030517578,211.6750030517578,211.6750030517578,211.6750030517578,171.0
2024-10-25 09:47:00+00:00,NTAP,120.16999816894531,120.16999816894531,120.17500305175781,120.16999816894531,120.16999816894531,876.0
2024-10-25 09:47:00+00:00,NTCT,20.704999923706055,20.704999923706055,20.704999923706055,20.68000030517578,20.68000030517578,490.0
2024-10-25 09:47:00+00:00,NTGR,20.270000457763672,20.270000457763672,20.270000457763672,20.270000457763672,20.270000457763672,270.0
2024-10-25 09:47:00+00:00,NTNX,62.84000015258789,62.84000015258789,62.84000015258789,62.75,62.75,2483.0
2024-10-25 09:47:00+00:00,NVDA,142.17999267578125,142.17999267578125,142.30999755859375,141.86000061035156,141.86399841308594,735947.0
2024-10-25 09:47:00+00:00,NVEI,33.540000915527344,33.540000915527344,33.540000915527344,33.540000915527344,33.540000915527344,1210.0
2024-10-25 09:47:00+00:00,NVTS,2.5350000858306885,2.5350000858306885,2.5350000858306885,2.5299999713897705,2.5299999713897705,3679.0
2024-10-25 09:47:00+00:00,NXPI,244.8800048828125,244.8800048828125,244.8800048828125,243.52999877929688,243.57000732421875,26796.0
2024-10-25 09:47:00+00:00,OKTA,72.98999786376953,72.98999786376953,73.01000213623047,72.9000015258789,72.9000015258789,13084.0
2024-10-25 09:47:00+00:00,ON,72.31999969482422,72.31999969482422,72.3499984741211,72.19000244140625,72.2699966430664,40684.0
2024-10-25 09:47:00+00:00,OSIS,138.2949981689453,138.2949981689453,138.2949981689453,138.2949981689453,138.2949981689453,415.0
2024-10-25 09:47:00+00:00,OSPN,14.640000343322754,14.640000343322754,14.640000343322754,14.640000343322754,14.640000343322754,121.0
2024-10-25 09:47:00+00:00,PANW,370.739990234375,370.739990234375,370.7699890136719,369.9549865722656,370.010009765625,7161.0
2024-10-25 09:47:00+00:00,PAYO,8.369999885559082,8.369999885559082,8.369999885559082,8.364999771118164,8.364999771118164,2004.0
2024-10-25 09:47:00+00:00,PAYS,3.7334001064300537,3.7334001064300537,3.7334001064300537,3.7334001064300537,3.7334001064300537,482.0
2024-10-25 09:47:00+00:00,PEGA,81.87999725341797,81.87999725341797,81.97000122070312,81.87999725341797,81.95999908447266,2704.0
2024-10-25 09:47:00+00:00,PEGY,4.639999866485596,4.639999866485596,4.659999847412109,4.591000080108643,4.659999847412109,2790.0
2024-10-25 09:47:00+00:00,PGY,11.9399995803833,11.9399995803833,11.9399995803833,11.890000343322754,11.899999618530273,5687.0
2024-10-25 09:47:00+00:00,PHUN,9.920000076293945,9.920000076293945,9.994000434875488,9.800000190734863,9.979999542236328,247972.0
2024-10-25 09:47:00+00:00,PI,194.4199981689453,194.4199981689453,194.4199981689453,193.66000366210938,193.66000366210938,2001.0
2024-10-25 09:47:00+00:00,PLAB,23.575000762939453,23.575000762939453,23.575000762939453,23.514999389648438,23.559999465942383,3994.0
2024-10-25 09:47:00+00:00,PLUS,98.23500061035156,98.23500061035156,98.23500061035156,98.23500061035156,98.23500061035156,157.0
2024-10-25 09:47:00+00:00,PLXS,145.13499450683594,145.13499450683594,145.13499450683594,145.13499450683594,145.13499450683594,747.0
2024-10-25 09:47:00+00:00,POET,3.9700000286102295,3.9700000286102295,3.9976999759674072,3.9700000286102295,3.9976999759674072,1109.0
2024-10-25 09:47:00+00:00,POWI,62.97999954223633,62.97999954223633,63.099998474121094,62.96500015258789,62.96500015258789,10188.0
2024-10-25 09:47:00+00:00,PRCH,1.3700000047683716,1.3700000047683716,1.3700000047683716,1.350000023841858,1.350000023841858,5914.0
2024-10-25 09:47:00+00:00,PRGS,65.0999984741211,65.0999984741211,65.0999984741211,64.86499786376953,64.86499786376953,213.0
2024-10-25 09:47:00+00:00,PYCR,14.5600004196167,14.5600004196167,14.5600004196167,14.5600004196167,14.5600004196167,609.0
2024-10-25 09:47:00+00:00,QCOM,171.39500427246094,171.39500427246094,171.39500427246094,171.13400268554688,171.13400268554688,16847.0
2024-10-25 09:47:00+00:00,QRVO,100.45999908447266,100.45999908447266,100.45999908447266,100.37000274658203,100.43000030517578,1980.0
2024-10-25 09:47:00+00:00,QUBT,1.1411999464035034,1.1411999464035034,1.148900032043457,1.1411999464035034,1.148900032043457,830.0
2024-10-25 09:47:00+00:00,QUIK,8.609999656677246,8.609999656677246,8.609999656677246,8.550000190734863,8.550000190734863,861.0
2024-10-25 09:47:00+00:00,RDVT,28.954999923706055,28.954999923706055,28.954999923706055,28.950000762939453,28.954999923706055,0.0
2024-10-25 09:47:00+00:00,REKR,1.1150000095367432,1.1150000095367432,1.1150000095367432,1.1100000143051147,1.1100000143051147,3442.0
2024-10-25 09:47:00+00:00,RELY,14.6899995803833,14.6899995803833,14.6899995803833,14.6899995803833,14.6899995803833,462.0
2024-10-25 09:47:00+00:00,RGTI,1.2799999713897705,1.2799999713897705,1.2799999713897705,1.2662999629974365,1.2699999809265137,47450.0
2024-10-25 09:47:00+00:00,RIOT,9.9399995803833,9.9399995803833,9.949999809265137,9.854000091552734,9.869999885559082,76183.0
2024-10-25 09:47:00+00:00,RMBS,43.040000915527344,43.040000915527344,43.040000915527344,43.040000915527344,43.040000915527344,446.0
2024-10-25 09:47:00+00:00,RMNI,1.7200000286102295,1.7200000286102295,1.7274999618530273,1.7200000286102295,1.7274999618530273,1002.0
2024-10-25 09:47:00+00:00,RPD,39.290000915527344,39.290000915527344,39.290000915527344,39.290000915527344,39.290000915527344,160.0
2024-10-25 09:47:00+00:00,RUM,5.570000171661377,5.570000171661377,5.570000171661377,5.548999786376953,5.550000190734863,19938.0
2024-10-25 09:47:00+00:00,RUN,14.220000267028809,14.220000267028809,14.270000457763672,14.220000267028809,14.265000343322754,22910.0
2024-10-25 09:47:00+00:00,RXT,2.5199999809265137,2.5199999809265137,2.5199999809265137,2.509999990463257,2.509999990463257,1131.0
2024-10-25 09:47:00+00:00,SANM,67.58000183105469,67.58000183105469,67.58000183105469,67.58000183105469,67.58000183105469,529.0
2024-10-25 09:47:00+00:00,SCSC,45.51499938964844,45.51499938964844,45.51499938964844,45.51499938964844,45.51499938964844,675.0
2024-10-25 09:47:00+00:00,SEDG,15.529999732971191,15.529999732971191,15.605999946594238,15.529999732971191,15.59000015258789,30551.0
2024-10-25 09:47:00+00:00,SHLS,5.170000076293945,5.170000076293945,5.170000076293945,5.170000076293945,5.170000076293945,3110.0
2024-10-25 09:47:00+00:00,SITM,183.4250030517578,183.4250030517578,183.8300018310547,182.42999267578125,183.8300018310547,2446.0
2024-10-25 09:47:00+00:00,SKYT,10.699999809265137,10.699999809265137,10.699999809265137,10.670000076293945,10.670000076293945,769.0
2024-10-25 09:47:00+00:00,SLAB,115.1500015258789,115.1500015258789,115.1500015258789,115.1500015258789,115.1500015258789,187.0
2024-10-25 09:47:00+00:00,SMCI,47.20000076293945,47.20000076293945,47.2400016784668,47.099998474121094,47.16999816894531,71342.0
2024-10-25 09:47:00+00:00,SMTC,45.437400817871094,45.437400817871094,45.45000076293945,45.029998779296875,45.08000183105469,8206.0
2024-10-25 09:47:00+00:00,SNCR,10.899999618530273,10.899999618530273,10.899999618530273,10.899999618530273,10.899999618530273,545.0
2024-10-25 09:47:00+00:00,SNPS,502.7200012207031,502.7200012207031,503.29998779296875,502.1300048828125,502.6000061035156,3310.0
2024-10-25 09:47:00+00:00,SOUN,5.310100078582764,5.310100078582764,5.315999984741211,5.29010009765625,5.292099952697754,35343.0
2024-10-25 09:47:00+00:00,SRAD,12.350000381469727,12.350000381469727,12.350000381469727,12.350000381469727,12.350000381469727,309.0
2024-10-25 09:47:00+00:00,SSNC,70.68499755859375,70.68499755859375,70.8499984741211,70.68000030517578,70.73999786376953,27240.0
2024-10-25 09:47:00+00:00,SSYS,7.119999885559082,7.119999885559082,7.119999885559082,7.099999904632568,7.110000133514404,1913.0
2024-10-25 09:47:00+00:00,STNE,11.34000015258789,11.34000015258789,11.345000267028809,11.319999694824219,11.324999809265137,5607.0
2024-10-25 09:47:00+00:00,STX,104.625,104.625,104.68250274658203,104.58999633789062,104.68250274658203,1100.0
2024-10-25 09:47:00+00:00,SVRE,0.08649999648332596,0.08649999648332596,0.08649999648332596,0.08649999648332596,0.08649999648332596,372.0
2024-10-25 09:47:00+00:00,SWKS,95.88749694824219,95.88749694824219,95.88999938964844,95.7300033569336,95.80000305175781,7203.0
2024-10-25 09:47:00+00:00,SYTA,1.149999976158142,1.149999976158142,1.149999976158142,1.1299999952316284,1.13100004196167,11812.0
2024-10-25 09:47:00+00:00,TEAM,191.7790985107422,191.7790985107422,191.88999938964844,191.72000122070312,191.88999938964844,5966.0
2024-10-25 09:47:00+00:00,TER,112.39859771728516,112.39859771728516,112.4000015258789,112.16999816894531,112.4000015258789,13510.0
2024-10-25 09:47:00+00:00,TGL,0.6710000038146973,0.6710000038146973,0.6830000281333923,0.6710000038146973,0.6830000281333923,0.0
2024-10-25 09:47:00+00:00,TLS,3.5899999141693115,3.5899999141693115,3.5899999141693115,3.5899999141693115,3.5899999141693115,755.0
2024-10-25 09:47:00+00:00,TRMB,60.970001220703125,60.970001220703125,60.970001220703125,60.970001220703125,60.970001220703125,544.0
2024-10-25 09:47:00+00:00,TTD,121.13999938964844,121.13999938964844,121.13999938964844,120.94999694824219,121.12000274658203,10698.0
2024-10-25 09:47:00+00:00,TTEC,5.460000038146973,5.460000038146973,5.460000038146973,5.460000038146973,5.460000038146973,653.0
2024-10-25 09:47:00+00:00,TXN,210.3699951171875,210.3699951171875,210.52000427246094,210.36940002441406,210.49000549316406,7418.0
2024-10-25 09:47:00+00:00,UCTT,35.83000183105469,35.83000183105469,35.93000030517578,35.83000183105469,35.93000030517578,1396.0
2024-10-25 09:47:00+00:00,VECO,29.360000610351562,29.360000610351562,29.360000610351562,29.360000610351562,29.360000610351562,542.0
2024-10-25 09:47:00+00:00,VERI,3.4100000858306885,3.4100000858306885,3.4100000858306885,3.4100000858306885,3.4100000858306885,441.0
2024-10-25 09:47:00+00:00,VERX,42.494998931884766,42.494998931884766,42.5,42.494998931884766,42.5,3104.0
2024-10-25 09:47:00+00:00,VIAV,9.210000038146973,9.210000038146973,9.210000038146973,9.199999809265137,9.199999809265137,880.0
2024-10-25 09:47:00+00:00,VICR,46.779998779296875,46.779998779296875,46.779998779296875,46.779998779296875,46.779998779296875,521.0
2024-10-25 09:47:00+00:00,VMEO,4.744999885559082,4.744999885559082,4.744999885559082,4.744999885559082,4.744999885559082,787.0
2024-10-25 09:47:00+00:00,VNET,3.4000000953674316,3.4000000953674316,3.4000000953674316,3.4000000953674316,3.4000000953674316,0.0
2024-10-25 09:47:00+00:00,VRNS,57.06999969482422,57.06999969482422,57.07500076293945,56.869998931884766,56.869998931884766,1910.0
2024-10-25 09:47:00+00:00,VRNT,22.059999465942383,22.059999465942383,22.059999465942383,22.040000915527344,22.040000915527344,1187.0
2024-10-25 09:47:00+00:00,VRSN,190.52499389648438,190.52499389648438,190.52499389648438,190.4550018310547,190.4550018310547,1219.0
2024-10-25 09:47:00+00:00,VS,2.5899999141693115,2.5899999141693115,2.5899999141693115,2.5899999141693115,2.5899999141693115,515.0
2024-10-25 09:47:00+00:00,VSAT,10.270000457763672,10.270000457763672,10.270000457763672,10.25,10.270000457763672,3191.0
2024-10-25 09:47:00+00:00,WALD,3.5799999237060547,3.5799999237060547,3.5799999237060547,3.5299999713897705,3.5299999713897705,1609.0
2024-10-25 09:47:00+00:00,WATT,0.5985000133514404,0.5985000133514404,0.5985000133514404,0.5985000133514404,0.5985000133514404,1104.0
2024-10-25 09:47:00+00:00,WDAY,242.86000061035156,242.86000061035156,242.86000061035156,242.86000061035156,242.86000061035156,1028.0
2024-10-25 09:47:00+00:00,WDC,71.91999816894531,71.91999816894531,72.33999633789062,71.73999786376953,72.33999633789062,116568.0
2024-10-25 09:47:00+00:00,WISA,1.7999999523162842,1.7999999523162842,1.8200000524520874,1.7899999618530273,1.819599986076355,21720.0
2024-10-25 09:47:00+00:00,XELA,1.9900000095367432,1.9900000095367432,1.9900000095367432,1.9889999628067017,1.9889999628067017,1018.0
2024-10-25 09:47:00+00:00,XPER,9.399999618530273,9.399999618530273,9.399999618530273,9.399999618530273,9.399999618530273,348.0
2024-10-25 09:47:00+00:00,XRX,10.140000343322754,10.140000343322754,10.149999618530273,10.130000114440918,10.140000343322754,6684.0
2024-10-25 09:47:00+00:00,ZI,10.510000228881836,10.510000228881836,10.520000457763672,10.510000228881836,10.520000457763672,304.0
2024-10-25 09:47:00+00:00,ZM,73.63500213623047,73.63500213623047,73.6500015258789,73.51000213623047,73.54000091552734,21484.0
2024-10-25 09:47:00+00:00,ZS,188.11000061035156,188.11000061035156,188.11000061035156,187.94000244140625,187.94000244140625,2813.0
2024-10-25 09:48:00+00:00,AAOI,17.770000457763672,17.770000457763672,17.770000457763672,17.770000457763672,17.770000457763672,469.0
2024-10-25 09:48:00+00:00,AAPL,231.5919952392578,231.5919952392578,231.69000244140625,231.46499633789062,231.46499633789062,110036.0
2024-10-25 09:48:00+00:00,ACLS,91.3499984741211,91.3499984741211,91.44000244140625,91.31999969482422,91.44000244140625,808.0
2024-10-25 09:48:00+00:00,ACMR,19.329999923706055,19.329999923706055,19.375,19.329999923706055,19.375,2034.0
2024-10-25 09:48:00+00:00,ADBE,487.69000244140625,487.69000244140625,488.07000732421875,487.3800048828125,488.0,12502.0
2024-10-25 09:48:00+00:00,ADI,234.01800537109375,234.01800537109375,234.27000427246094,233.99000549316406,234.18499755859375,6580.0
2024-10-25 09:48:00+00:00,ADSK,288.0,288.0,288.0,288.0,288.0,434.0
2024-10-25 09:48:00+00:00,AEHR,16.545700073242188,16.545700073242188,16.56999969482422,16.5314998626709,16.559999465942383,2144.0
2024-10-25 09:48:00+00:00,AFRM,41.8650016784668,41.8650016784668,41.94990158081055,41.779998779296875,41.8218994140625,16310.0
2024-10-25 09:48:00+00:00,AKAM,103.59500122070312,103.59500122070312,103.59500122070312,103.59500122070312,103.59500122070312,936.0
2024-10-25 09:48:00+00:00,AKTS,0.05790000036358833,0.05790000036358833,0.05790000036358833,0.05779999867081642,0.05779999867081642,30154.0
2024-10-25 09:48:00+00:00,ALGM,22.310100555419922,22.310100555419922,22.334999084472656,22.310100555419922,22.31999969482422,3778.0
2024-10-25 09:48:00+00:00,ALKT,38.43000030517578,38.43000030517578,38.43000030517578,38.43000030517578,38.43000030517578,147.0
2024-10-25 09:48:00+00:00,AMAT,186.99200439453125,186.99200439453125,187.39999389648438,186.99200439453125,187.3300018310547,10411.0
2024-10-25 09:48:00+00:00,AMD,157.3800048828125,157.3800048828125,157.8300018310547,157.3800048828125,157.75999450683594,184317.0
2024-10-25 09:48:00+00:00,AMKR,29.950000762939453,29.950000762939453,29.950000762939453,29.950000762939453,29.950000762939453,2128.0
2024-10-25 09:48:00+00:00,AMPL,9.175000190734863,9.175000190734863,9.175000190734863,9.175000190734863,9.175000190734863,1552.0
2024-10-25 09:48:00+00:00,ANSS,326.1549987792969,326.1549987792969,326.1549987792969,326.1549987792969,326.1549987792969,600.0
2024-10-25 09:48:00+00:00,ANY,1.0850000381469727,1.0850000381469727,1.0850000381469727,1.0850000381469727,1.0850000381469727,105.0
2024-10-25 09:48:00+00:00,API,2.7049999237060547,2.7049999237060547,2.7049999237060547,2.7049999237060547,2.7049999237060547,160.0
2024-10-25 09:48:00+00:00,APP,161.36000061035156,161.36000061035156,161.72000122070312,161.25999450683594,161.72000122070312,5401.0
2024-10-25 09:48:00+00:00,APPF,235.02000427246094,235.02000427246094,235.0449981689453,232.52499389648438,233.97999572753906,3929.0
2024-10-25 09:48:00+00:00,APPN,32.529998779296875,32.529998779296875,32.529998779296875,32.4900016784668,32.4900016784668,2136.0
2024-10-25 09:48:00+00:00,APPS,3.130000114440918,3.130000114440918,3.130000114440918,3.1166999340057373,3.1196999549865723,8267.0
2024-10-25 09:48:00+00:00,ARRY,6.260000228881836,6.260000228881836,6.260000228881836,6.230000019073486,6.239999771118164,6455.0
2024-10-25 09:48:00+00:00,ASML,717.4600219726562,717.4600219726562,717.5399780273438,717.4600219726562,717.5399780273438,1682.0
2024-10-25 09:48:00+00:00,ASTI,2.5999999046325684,2.5999999046325684,2.6635000705718994,2.5999999046325684,2.6635000705718994,3467.0
2024-10-25 09:48:00+00:00,ASUR,9.699999809265137,9.699999809265137,9.699999809265137,9.699999809265137,9.699999809265137,415.0
2024-10-25 09:48:00+00:00,ATOM,3.3299999237060547,3.3299999237060547,3.3299999237060547,3.3299999237060547,3.3299999237060547,587.0
2024-10-25 09:48:00+00:00,AUR,6.409999847412109,6.409999847412109,6.420000076293945,6.385000228881836,6.420000076293945,18522.0
2024-10-25 09:48:00+00:00,AVGO,174.02000427246094,174.02000427246094,174.44000244140625,174.02000427246094,174.38999938964844,27279.0
2024-10-25 09:48:00+00:00,AVT,54.6349983215332,54.6349983215332,54.6349983215332,54.6349983215332,54.6349983215332,689.0
2024-10-25 09:48:00+00:00,AXTI,2.6549999713897705,2.6549999713897705,2.6549999713897705,2.6549999713897705,2.6549999713897705,100.0
2024-10-25 09:48:00+00:00,BCOV,2.247499942779541,2.247499942779541,2.259999990463257,2.242000102996826,2.2583000659942627,4060.0
2024-10-25 09:48:00+00:00,BMBL,7.239999771118164,7.239999771118164,7.255000114440918,7.239999771118164,7.255000114440918,3745.0
2024-10-25 09:48:00+00:00,BRZE,31.280000686645508,31.280000686645508,31.280000686645508,31.114999771118164,31.114999771118164,3484.0
2024-10-25 09:48:00+00:00,BSY,49.36000061035156,49.36000061035156,49.3650016784668,49.36000061035156,49.36000061035156,941.0
2024-10-25 09:48:00+00:00,CAMT,78.08399963378906,78.08399963378906,78.08399963378906,78.08399963378906,78.08399963378906,525.0
2024-10-25 09:48:00+00:00,CAN,0.9988999962806702,0.9988999962806702,0.9998999834060669,0.9962000250816345,0.9980999827384949,55951.0
2024-10-25 09:48:00+00:00,CDNS,256.0400085449219,256.0400085449219,256.06500244140625,255.86000061035156,256.06500244140625,12496.0
2024-10-25 09:48:00+00:00,CDW,220.23500061035156,220.23500061035156,220.375,219.88999938964844,220.1300048828125,29950.0
2024-10-25 09:48:00+00:00,CETX,0.2978000044822693,0.2978000044822693,0.2978000044822693,0.29760000109672546,0.29760000109672546,7108.0
2024-10-25 09:48:00+00:00,CEVA,23.969999313354492,23.969999313354492,23.969999313354492,23.959999084472656,23.959999084472656,569.0
2024-10-25 09:48:00+00:00,CFLT,22.43000030517578,22.43000030517578,22.43000030517578,22.395000457763672,22.40999984741211,71226.0
2024-10-25 09:48:00+00:00,CHKP,207.38499450683594,207.38499450683594,207.38499450683594,206.89999389648438,206.89999389648438,318.0
2024-10-25 09:48:00+00:00,CLBT,18.100000381469727,18.100000381469727,18.100000381469727,18.100000381469727,18.100000381469727,358.0
2024-10-25 09:48:00+00:00,CLSK,11.914999961853027,11.914999961853027,11.930000305175781,11.8100004196167,11.869999885559082,302586.0
2024-10-25 09:48:00+00:00,CMTL,3.7119998931884766,3.7119998931884766,3.7200000286102295,3.7119998931884766,3.7200000286102295,214.0
2024-10-25 09:48:00+00:00,CNDT,3.700000047683716,3.700000047683716,3.700000047683716,3.690000057220459,3.690000057220459,8256.0
2024-10-25 09:48:00+00:00,COHR,96.9749984741211,96.9749984741211,97.06999969482422,96.9749984741211,97.0199966430664,812.0
2024-10-25 09:48:00+00:00,COHU,25.799999237060547,25.799999237060547,25.825000762939453,25.799999237060547,25.825000762939453,1617.0
2024-10-25 09:48:00+00:00,COIN,209.11000061035156,209.11000061035156,209.5299072265625,208.60009765625,209.28720092773438,25014.0
2024-10-25 09:48:00+00:00,CORZ,13.749899864196777,13.749899864196777,13.75,13.670000076293945,13.678899765014648,35293.0
2024-10-25 09:48:00+00:00,CORZW,8.149999618530273,8.149999618530273,8.149999618530273,8.119999885559082,8.149999618530273,2490.0
2024-10-25 09:48:00+00:00,CRDO,39.724998474121094,39.724998474121094,39.7599983215332,39.724998474121094,39.7599983215332,1627.0
2024-10-25 09:48:00+00:00,CRNC,2.799999952316284,2.799999952316284,2.799999952316284,2.799999952316284,2.799999952316284,940.0
2024-10-25 09:48:00+00:00,CRSR,6.429999828338623,6.429999828338623,6.429999828338623,6.420000076293945,6.420000076293945,345.0
2024-10-25 09:48:00+00:00,CRUS,122.74500274658203,122.74500274658203,122.75,122.74500274658203,122.75,1141.0
2024-10-25 09:48:00+00:00,CRWD,309.7200012207031,309.7200012207031,309.8900146484375,309.6289978027344,309.7900085449219,5956.0
2024-10-25 09:48:00+00:00,CSCO,56.46500015258789,56.46500015258789,56.470001220703125,56.42499923706055,56.42499923706055,16502.0
2024-10-25 09:48:00+00:00,CSIQ,13.15999984741211,13.15999984741211,13.15999984741211,13.100000381469727,13.100000381469727,38531.0
2024-10-25 09:48:00+00:00,CTSH,75.34500122070312,75.34500122070312,75.37000274658203,75.29000091552734,75.29499816894531,5651.0
2024-10-25 09:48:00+00:00,CYBR,298.17999267578125,298.17999267578125,298.4150085449219,298.17999267578125,298.4150085449219,1939.0
2024-10-25 09:48:00+00:00,DAKT,13.257800102233887,13.257800102233887,13.257800102233887,13.257800102233887,13.257800102233887,636.0
2024-10-25 09:48:00+00:00,DATS,1.600000023841858,1.600000023841858,1.600000023841858,1.590000033378601,1.590000033378601,157.0
2024-10-25 09:48:00+00:00,DAVE,40.36920166015625,40.36920166015625,40.36920166015625,40.36920166015625,40.36920166015625,277.0
2024-10-25 09:48:00+00:00,DBX,26.15999984741211,26.15999984741211,26.15999984741211,26.15999984741211,26.15999984741211,1350.0
2024-10-25 09:48:00+00:00,DDOG,126.91000366210938,126.91000366210938,127.01000213623047,126.7300033569336,126.77999877929688,13357.0
2024-10-25 09:48:00+00:00,DGHI,1.3899999856948853,1.3899999856948853,1.3899999856948853,1.3899999856948853,1.3899999856948853,2051.0
2024-10-25 09:48:00+00:00,DLO,8.819999694824219,8.819999694824219,8.819999694824219,8.819999694824219,8.819999694824219,533.0
2024-10-25 09:48:00+00:00,DOCU,70.72000122070312,70.72000122070312,70.72000122070312,70.72000122070312,70.72000122070312,1424.0
2024-10-25 09:48:00+00:00,DOMO,7.960000038146973,7.960000038146973,7.960000038146973,7.929999828338623,7.929999828338623,3182.0
2024-10-25 09:48:00+00:00,DOX,89.93000030517578,89.93000030517578,89.93000030517578,89.93000030517578,89.93000030517578,1282.0
2024-10-25 09:48:00+00:00,EEFT,100.61499786376953,100.61499786376953,100.61499786376953,100.61499786376953,100.61499786376953,539.0
2024-10-25 09:48:00+00:00,EMKR,2.1500000953674316,2.1500000953674316,2.1500000953674316,2.1500000953674316,2.1500000953674316,750.0
2024-10-25 09:48:00+00:00,ENPH,80.6500015258789,80.6500015258789,80.81999969482422,80.33000183105469,80.4000015258789,16211.0
2024-10-25 09:48:00+00:00,ENTG,104.93000030517578,104.93000030517578,105.19499969482422,104.93000030517578,105.19499969482422,3619.0
2024-10-25 09:48:00+00:00,ERIC,8.515000343322754,8.515000343322754,8.515999794006348,8.510000228881836,8.515000343322754,6005.0
2024-10-25 09:48:00+00:00,EVCM,10.609999656677246,10.609999656677246,10.609999656677246,10.600000381469727,10.600000381469727,527.0
2024-10-25 09:48:00+00:00,FCUV,0.25859999656677246,0.25859999656677246,0.25859999656677246,0.25859999656677246,0.25859999656677246,1045.0
2024-10-25 09:48:00+00:00,FIVN,31.15999984741211,31.15999984741211,31.15999984741211,31.15999984741211,31.15999984741211,1035.0
2024-10-25 09:48:00+00:00,FLEX,35.38999938964844,35.38999938964844,35.39500045776367,35.38999938964844,35.39500045776367,1089.0
2024-10-25 09:48:00+00:00,FLYW,17.729999542236328,17.729999542236328,17.729999542236328,17.729999542236328,17.729999542236328,623.0
2024-10-25 09:48:00+00:00,FORM,44.900001525878906,44.900001525878906,45.03499984741211,44.900001525878906,45.03499984741211,4467.0
2024-10-25 09:48:00+00:00,FROG,29.44499969482422,29.44499969482422,29.459999084472656,29.44499969482422,29.459999084472656,1344.0
2024-10-25 09:48:00+00:00,FRSH,11.729999542236328,11.729999542236328,11.779999732971191,11.720000267028809,11.779999732971191,52573.0
2024-10-25 09:48:00+00:00,FSLR,196.9600067138672,196.9600067138672,197.0800018310547,196.6199951171875,196.71499633789062,7666.0
2024-10-25 09:48:00+00:00,FTCI,0.7186999917030334,0.7186999917030334,0.7200000286102295,0.7185999751091003,0.7200000286102295,38453.0
2024-10-25 09:48:00+00:00,FTNT,81.2699966430664,81.2699966430664,81.33999633789062,81.26499938964844,81.29000091552734,3475.0
2024-10-25 09:48:00+00:00,GCT,25.420000076293945,25.420000076293945,25.420000076293945,25.41629981994629,25.41629981994629,638.0
2024-10-25 09:48:00+00:00,GDS,21.700000762939453,21.700000762939453,21.700000762939453,21.649999618530273,21.649999618530273,1766.0
2024-10-25 09:48:00+00:00,GDYN,15.630000114440918,15.630000114440918,15.630000114440918,15.569999694824219,15.569999694824219,1907.0
2024-10-25 09:48:00+00:00,GFS,40.75,40.75,40.91999816894531,40.689998626708984,40.90999984741211,3320.0
2024-10-25 09:48:00+00:00,GPRO,1.3300000429153442,1.3300000429153442,1.3300000429153442,1.3300000429153442,1.3300000429153442,367.0
2024-10-25 09:48:00+00:00,GRAB,4.074999809265137,4.074999809265137,4.079999923706055,4.070000171661377,4.070000171661377,23134.0
2024-10-25 09:48:00+00:00,GTLB,56.81999969482422,56.81999969482422,56.84000015258789,56.75,56.75,2316.0
2024-10-25 09:48:00+00:00,HCP,33.67499923706055,33.67499923706055,33.67499923706055,33.67499923706055,33.67499923706055,561.0
2024-10-25 09:48:00+00:00,HIMX,6.169099807739258,6.169099807739258,6.169099807739258,6.164999961853027,6.164999961853027,421.0
2024-10-25 09:48:00+00:00,HOLO,3.884999990463257,3.884999990463257,3.916800022125244,3.859999895095825,3.901400089263916,14569.0
2024-10-25 09:48:00+00:00,HOOD,27.350000381469727,27.350000381469727,27.420000076293945,27.350000381469727,27.408000946044922,27836.0
2024-10-25 09:48:00+00:00,HTCR,1.1200000047683716,1.1200000047683716,1.1200000047683716,1.1200000047683716,1.1200000047683716,2179.0
2024-10-25 09:48:00+00:00,ICHR,27.415000915527344,27.415000915527344,27.415000915527344,27.415000915527344,27.415000915527344,829.0
2024-10-25 09:48:00+00:00,IMMR,8.654999732971191,8.654999732971191,8.654999732971191,8.649999618530273,8.649999618530273,1196.0
2024-10-25 09:48:00+00:00,INDI,3.5199999809265137,3.5199999809265137,3.5199999809265137,3.515000104904175,3.515000104904175,686.0
2024-10-25 09:48:00+00:00,INFN,6.815000057220459,6.815000057220459,6.815000057220459,6.815000057220459,6.815000057220459,2405.0
2024-10-25 09:48:00+00:00,INOD,19.899999618530273,19.899999618530273,19.899999618530273,19.809999465942383,19.809999465942383,1106.0
2024-10-25 09:48:00+00:00,INSG,19.774999618530273,19.774999618530273,19.774999618530273,19.774999618530273,19.774999618530273,111.0
2024-10-25 09:48:00+00:00,INTC,22.815000534057617,22.815000534057617,22.860000610351562,22.80500030517578,22.850000381469727,334615.0
2024-10-25 09:48:00+00:00,INTU,613.47998046875,613.47998046875,613.47998046875,613.47998046875,613.47998046875,2216.0
2024-10-25 09:48:00+00:00,JAMF,16.895000457763672,16.895000457763672,16.895000457763672,16.895000457763672,16.895000457763672,798.0
2024-10-25 09:48:00+00:00,KC,2.674999952316284,2.674999952316284,2.680000066757202,2.674999952316284,2.674999952316284,2619.0
2024-10-25 09:48:00+00:00,KLAC,673.6500244140625,673.6500244140625,674.8499755859375,673.6500244140625,673.934326171875,2768.0
2024-10-25 09:48:00+00:00,KOPN,0.7750999927520752,0.7750999927520752,0.7750999927520752,0.7702999711036682,0.7702999711036682,5928.0
2024-10-25 09:48:00+00:00,LASR,10.520000457763672,10.520000457763672,10.529999732971191,10.5,10.5,1124.0
2024-10-25 09:48:00+00:00,LITE,64.79000091552734,64.79000091552734,64.79000091552734,64.77999877929688,64.77999877929688,471.0
2024-10-25 09:48:00+00:00,LOGI,80.66000366210938,80.66000366210938,80.66000366210938,80.61000061035156,80.61000061035156,2294.0
2024-10-25 09:48:00+00:00,LPSN,1.215000033378601,1.215000033378601,1.215000033378601,1.215000033378601,1.215000033378601,0.0
2024-10-25 09:48:00+00:00,LRCX,77.66000366210938,77.66000366210938,77.83000183105469,77.62999725341797,77.73999786376953,59604.0
2024-10-25 09:48:00+00:00,LSCC,54.79999923706055,54.79999923706055,54.88999938964844,54.709999084472656,54.849998474121094,1449.0
2024-10-25 09:48:00+00:00,LYFT,13.734999656677246,13.734999656677246,13.739999771118164,13.71500015258789,13.720000267028809,17077.0
2024-10-25 09:48:00+00:00,MAXN,5.5,5.5,5.5,5.5,5.5,331.0
2024-10-25 09:48:00+00:00,MCHP,77.0999984741211,77.0999984741211,77.29000091552734,77.08000183105469,77.26000213623047,10475.0
2024-10-25 09:48:00+00:00,MDB,270.760009765625,270.760009765625,270.92999267578125,270.3500061035156,270.7799987792969,3693.0
2024-10-25 09:48:00+00:00,MKSI,100.70999908447266,100.70999908447266,100.70999908447266,100.70999908447266,100.70999908447266,275.0
2024-10-25 09:48:00+00:00,MQ,5.385000228881836,5.385000228881836,5.385000228881836,5.385000228881836,5.385000228881836,513.0
2024-10-25 09:48:00+00:00,MRVL,82.68000030517578,82.68000030517578,82.7300033569336,82.68000030517578,82.7300033569336,3423.0
2024-10-25 09:48:00+00:00,MSFT,431.67999267578125,431.67999267578125,431.75,431.2300109863281,431.2300109863281,65800.0
2024-10-25 09:48:00+00:00,MSTR,237.4199981689453,237.4199981689453,238.0,236.64999389648438,237.8249969482422,78010.0
2024-10-25 09:48:00+00:00,MTC,0.37209999561309814,0.37209999561309814,0.37220001220703125,0.36800000071525574,0.37220001220703125,53135.0
2024-10-25 09:48:00+00:00,MTLS,6.087500095367432,6.087500095367432,6.099999904632568,6.055799961090088,6.090000152587891,6184.0
2024-10-25 09:48:00+00:00,MTTR,4.660799980163574,4.660799980163574,4.664999961853027,4.659999847412109,4.659999847412109,2905.0
2024-10-25 09:48:00+00:00,MU,108.48500061035156,108.48500061035156,108.71499633789062,108.48500061035156,108.69999694824219,70462.0
2024-10-25 09:48:00+00:00,MVIS,1.1050000190734863,1.1050000190734863,1.1050000190734863,1.100000023841858,1.1050000190734863,12430.0
2024-10-25 09:48:00+00:00,MXL,15.0,15.0,15.079999923706055,14.930000305175781,15.079999923706055,14470.0
2024-10-25 09:48:00+00:00,NEON,7.999800205230713,7.999800205230713,7.999800205230713,7.999800205230713,7.999800205230713,576.0
2024-10-25 09:48:00+00:00,NICE,178.59500122070312,178.59500122070312,178.59500122070312,178.59500122070312,178.59500122070312,694.0
2024-10-25 09:48:00+00:00,NNDM,2.325000047683716,2.325000047683716,2.325000047683716,2.325000047683716,2.325000047683716,34.0
2024-10-25 09:48:00+00:00,NTAP,120.20999908447266,120.20999908447266,120.29000091552734,120.19400024414062,120.22000122070312,4456.0
2024-10-25 09:48:00+00:00,NTCT,20.760000228881836,20.760000228881836,20.760000228881836,20.719999313354492,20.719999313354492,223.0
2024-10-25 09:48:00+00:00,NTGR,20.309999465942383,20.309999465942383,20.309999465942383,20.276399612426758,20.276399612426758,706.0
2024-10-25 09:48:00+00:00,NTNX,62.86819839477539,62.86819839477539,62.86819839477539,62.834999084472656,62.834999084472656,1206.0
2024-10-25 09:48:00+00:00,NVDA,141.92599487304688,141.92599487304688,142.27999877929688,141.9199981689453,142.19000244140625,540360.0
2024-10-25 09:48:00+00:00,NVEI,33.529998779296875,33.529998779296875,33.540000915527344,33.529998779296875,33.540000915527344,2388.0
2024-10-25 09:48:00+00:00,NVTS,2.5399999618530273,2.5399999618530273,2.5399999618530273,2.5299999713897705,2.5309998989105225,4102.0
2024-10-25 09:48:00+00:00,NXPI,244.28500366210938,244.28500366210938,244.7949981689453,244.22000122070312,244.7949981689453,12146.0
2024-10-25 09:48:00+00:00,OKTA,73.04000091552734,73.04000091552734,73.04000091552734,73.02999877929688,73.02999877929688,1771.0
2024-10-25 09:48:00+00:00,ON,72.15499877929688,72.15499877929688,72.36000061035156,72.1500015258789,72.33999633789062,41255.0
2024-10-25 09:48:00+00:00,OSPN,14.729999542236328,14.729999542236328,14.729999542236328,14.65999984741211,14.65999984741211,468.0
2024-10-25 09:48:00+00:00,PANW,370.3299865722656,370.3299865722656,370.4100036621094,370.1400146484375,370.4100036621094,2701.0
2024-10-25 09:48:00+00:00,PAYO,8.364999771118164,8.364999771118164,8.380000114440918,8.364999771118164,8.380000114440918,3903.0
2024-10-25 09:48:00+00:00,PCTY,174.05499267578125,174.05499267578125,174.05499267578125,174.05499267578125,174.05499267578125,323.0
2024-10-25 09:48:00+00:00,PEGA,81.75499725341797,81.75499725341797,81.75499725341797,81.75499725341797,81.75499725341797,687.0
2024-10-25 09:48:00+00:00,PEGY,4.691500186920166,4.691500186920166,4.699999809265137,4.625,4.625,1954.0
2024-10-25 09:48:00+00:00,PGY,11.9399995803833,11.9399995803833,11.9399995803833,11.920000076293945,11.920000076293945,1919.0
2024-10-25 09:48:00+00:00,PHUN,9.845000267028809,9.845000267028809,9.930000305175781,9.8100004196167,9.930000305175781,205374.0
2024-10-25 09:48:00+00:00,PI,194.51499938964844,194.51499938964844,194.57000732421875,193.90499877929688,194.57000732421875,1356.0
2024-10-25 09:48:00+00:00,PLXS,145.1699981689453,145.1699981689453,145.1699981689453,145.1699981689453,145.1699981689453,349.0
2024-10-25 09:48:00+00:00,POET,3.9758999347686768,3.9758999347686768,3.9874000549316406,3.9700000286102295,3.9874000549316406,6071.0
2024-10-25 09:48:00+00:00,PRCH,1.3701000213623047,1.3701000213623047,1.3701000213623047,1.3650000095367432,1.3650000095367432,4592.0
2024-10-25 09:48:00+00:00,PRGS,64.66999816894531,64.66999816894531,64.7699966430664,64.66999816894531,64.70999908447266,1966.0
2024-10-25 09:48:00+00:00,PUBM,15.09000015258789,15.09000015258789,15.09000015258789,15.09000015258789,15.09000015258789,254.0
2024-10-25 09:48:00+00:00,PYCR,14.59000015258789,14.59000015258789,14.609999656677246,14.569999694824219,14.569999694824219,2711.0
2024-10-25 09:48:00+00:00,QCOM,170.96600341796875,170.96600341796875,171.47999572753906,170.96600341796875,171.39999389648438,15716.0
2024-10-25 09:48:00+00:00,QLYS,121.30000305175781,121.30000305175781,121.52999877929688,121.27999877929688,121.27999877929688,3812.0
2024-10-25 09:48:00+00:00,QRVO,100.33999633789062,100.33999633789062,100.55999755859375,100.30000305175781,100.55000305175781,6279.0
2024-10-25 09:48:00+00:00,QUBT,1.1399999856948853,1.1399999856948853,1.1447999477386475,1.1399999856948853,1.1447999477386475,1818.0
2024-10-25 09:48:00+00:00,RCAT,2.7699999809265137,2.7699999809265137,2.7750000953674316,2.759999990463257,2.759999990463257,3408.0
2024-10-25 09:48:00+00:00,RELY,14.680000305175781,14.680000305175781,14.6899995803833,14.680000305175781,14.6899995803833,1018.0
2024-10-25 09:48:00+00:00,RGTI,1.2699999809265137,1.2699999809265137,1.2894999980926514,1.2699999809265137,1.2894999980926514,12851.0
2024-10-25 09:48:00+00:00,RIOT,9.960000038146973,9.960000038146973,9.970000267028809,9.930000305175781,9.9399995803833,120263.0
2024-10-25 09:48:00+00:00,RMBS,42.959999084472656,42.959999084472656,42.959999084472656,42.939998626708984,42.959999084472656,1626.0
2024-10-25 09:48:00+00:00,RPAY,7.639999866485596,7.639999866485596,7.639999866485596,7.635000228881836,7.635000228881836,5384.0
2024-10-25 09:48:00+00:00,RPD,39.439998626708984,39.439998626708984,39.439998626708984,39.439998626708984,39.439998626708984,249.0
2024-10-25 09:48:00+00:00,RUM,5.590000152587891,5.590000152587891,5.599999904632568,5.570199966430664,5.5792999267578125,22902.0
2024-10-25 09:48:00+00:00,RUN,14.209699630737305,14.209699630737305,14.21500015258789,14.180000305175781,14.21500015258789,16047.0
2024-10-25 09:48:00+00:00,SATS,24.969999313354492,24.969999313354492,24.969999313354492,24.959999084472656,24.959999084472656,2067.0
2024-10-25 09:48:00+00:00,SCKT,1.1900999546051025,1.1900999546051025,1.1900999546051025,1.1900999546051025,1.1900999546051025,0.0
2024-10-25 09:48:00+00:00,SCWX,8.390000343322754,8.390000343322754,8.390000343322754,8.390000343322754,8.390000343322754,102.0
2024-10-25 09:48:00+00:00,SEDG,15.490300178527832,15.490300178527832,15.539999961853027,15.460000038146973,15.539999961853027,25245.0
2024-10-25 09:48:00+00:00,SHLS,5.159999847412109,5.159999847412109,5.159999847412109,5.15500020980835,5.155099868774414,3296.0
2024-10-25 09:48:00+00:00,SKYT,10.694899559020996,10.694899559020996,10.694899559020996,10.649999618530273,10.649999618530273,2271.0
2024-10-25 09:48:00+00:00,SLNH,4.009900093078613,4.009900093078613,4.009900093078613,3.990000009536743,3.990000009536743,3084.0
2024-10-25 09:48:00+00:00,SMCI,47.02000045776367,47.02000045776367,47.25,46.97999954223633,47.22019958496094,123550.0
2024-10-25 09:48:00+00:00,SMTC,45.589500427246094,45.589500427246094,45.630001068115234,45.310001373291016,45.630001068115234,7887.0
2024-10-25 09:48:00+00:00,SNCR,10.930000305175781,10.930000305175781,10.930000305175781,10.930000305175781,10.930000305175781,200.0
2024-10-25 09:48:00+00:00,SNPS,502.8550109863281,502.8550109863281,503.3699951171875,502.260009765625,503.3699951171875,7026.0
2024-10-25 09:48:00+00:00,SOUN,5.309899806976318,5.309899806976318,5.319300174713135,5.300099849700928,5.309999942779541,33571.0
2024-10-25 09:48:00+00:00,SPSC,188.63999938964844,188.63999938964844,188.63999938964844,188.5500030517578,188.5500030517578,4842.0
2024-10-25 09:48:00+00:00,SPT,27.704999923706055,27.704999923706055,27.704999923706055,27.704999923706055,27.704999923706055,444.0
2024-10-25 09:48:00+00:00,SSNC,70.00499725341797,70.00499725341797,70.68499755859375,70.0,70.66999816894531,58368.0
2024-10-25 09:48:00+00:00,SSYS,7.119999885559082,7.119999885559082,7.119999885559082,7.119999885559082,7.119999885559082,109.0
2024-10-25 09:48:00+00:00,STNE,11.34000015258789,11.34000015258789,11.34000015258789,11.324999809265137,11.329999923706055,4624.0
2024-10-25 09:48:00+00:00,STX,104.3301010131836,104.3301010131836,104.67500305175781,104.33000183105469,104.67500305175781,4881.0
2024-10-25 09:48:00+00:00,SVRE,0.0851999968290329,0.0851999968290329,0.08529999852180481,0.0851999968290329,0.08529999852180481,54553.0
2024-10-25 09:48:00+00:00,SWKS,95.7699966430664,95.7699966430664,95.91999816894531,95.7699966430664,95.91000366210938,3635.0
2024-10-25 09:48:00+00:00,SYTA,1.1588000059127808,1.1588000059127808,1.1588000059127808,1.1411999464035034,1.1411999464035034,715.0
2024-10-25 09:48:00+00:00,TASK,12.095000267028809,12.095000267028809,12.095000267028809,12.095000267028809,12.095000267028809,76.0
2024-10-25 09:48:00+00:00,TCX,19.56999969482422,19.56999969482422,19.65999984741211,19.56999969482422,19.65999984741211,507.0
2024-10-25 09:48:00+00:00,TEAM,192.3000030517578,192.3000030517578,192.39999389648438,191.89500427246094,191.89500427246094,7038.0
2024-10-25 09:48:00+00:00,TENB,41.380001068115234,41.380001068115234,41.380001068115234,41.380001068115234,41.380001068115234,1451.0
2024-10-25 09:48:00+00:00,TER,112.05000305175781,112.05000305175781,112.43000030517578,112.05000305175781,112.37999725341797,6987.0
2024-10-25 09:48:00+00:00,TGL,0.6938999891281128,0.6938999891281128,0.6938999891281128,0.6938999891281128,0.6938999891281128,220.0
2024-10-25 09:48:00+00:00,TLS,3.5899999141693115,3.5899999141693115,3.5899999141693115,3.5899999141693115,3.5899999141693115,200.0
2024-10-25 09:48:00+00:00,TRMB,61.0099983215332,61.0099983215332,61.0099983215332,61.0099983215332,61.0099983215332,268.0
2024-10-25 09:48:00+00:00,TSAT,13.49839973449707,13.49839973449707,13.49839973449707,13.100000381469727,13.100000381469727,1872.0
2024-10-25 09:48:00+00:00,TTD,121.23989868164062,121.23989868164062,121.23989868164062,120.80000305175781,121.0790023803711,32458.0
2024-10-25 09:48:00+00:00,TTMI,19.46500015258789,19.46500015258789,19.46500015258789,19.46500015258789,19.46500015258789,765.0
2024-10-25 09:48:00+00:00,TWKS,4.449999809265137,4.449999809265137,4.449999809265137,4.445000171661377,4.445000171661377,3987.0
2024-10-25 09:48:00+00:00,TXN,210.44000244140625,210.44000244140625,210.66000366210938,210.44000244140625,210.6300048828125,13921.0
2024-10-25 09:48:00+00:00,UCTT,35.849998474121094,35.849998474121094,35.849998474121094,35.84000015258789,35.84000015258789,413.0
2024-10-25 09:48:00+00:00,VECO,29.3700008392334,29.3700008392334,29.3700008392334,29.31999969482422,29.329999923706055,1007.0
2024-10-25 09:48:00+00:00,VERI,3.440000057220459,3.440000057220459,3.440000057220459,3.440000057220459,3.440000057220459,820.0
2024-10-25 09:48:00+00:00,VIAV,9.21500015258789,9.21500015258789,9.21500015258789,9.210000038146973,9.210000038146973,1286.0
2024-10-25 09:48:00+00:00,VRNS,57.189998626708984,57.189998626708984,57.189998626708984,57.07500076293945,57.07500076293945,544.0
2024-10-25 09:48:00+00:00,VRSN,190.70249938964844,190.70249938964844,190.70249938964844,190.5399932861328,190.5399932861328,1639.0
2024-10-25 09:48:00+00:00,VSAT,10.279999732971191,10.279999732971191,10.279999732971191,10.267999649047852,10.267999649047852,1748.0
2024-10-25 09:48:00+00:00,VUZI,1.3250000476837158,1.3250000476837158,1.3250000476837158,1.3250000476837158,1.3250000476837158,200.0
2024-10-25 09:48:00+00:00,VVPR,0.7749999761581421,0.7749999761581421,0.7749999761581421,0.7739999890327454,0.7739999890327454,3675.0
2024-10-25 09:48:00+00:00,WALD,3.549999952316284,3.549999952316284,3.549999952316284,3.549999952316284,3.549999952316284,186.0
2024-10-25 09:48:00+00:00,WALDW,0.11720000207424164,0.11720000207424164,0.11999999731779099,0.11400000005960464,0.11400000005960464,0.0
2024-10-25 09:48:00+00:00,WDAY,242.94500732421875,242.94500732421875,242.94500732421875,242.74000549316406,242.94500732421875,1411.0
2024-10-25 09:48:00+00:00,WDC,71.37000274658203,71.37000274658203,71.94000244140625,71.30000305175781,71.92949676513672,157117.0
2024-10-25 09:48:00+00:00,WISA,1.80649995803833,1.80649995803833,1.80649995803833,1.80649995803833,1.80649995803833,1058.0
2024-10-25 09:48:00+00:00,WIX,164.5,164.5,164.99000549316406,164.1199951171875,164.5,2056.0
2024-10-25 09:48:00+00:00,XPER,9.420000076293945,9.420000076293945,9.420000076293945,9.40999984741211,9.40999984741211,774.0
2024-10-25 09:48:00+00:00,XRX,10.149999618530273,10.149999618530273,10.149999618530273,10.145000457763672,10.145000457763672,2364.0
2024-10-25 09:48:00+00:00,ZENV,1.3694000244140625,1.3694000244140625,1.3694000244140625,1.3694000244140625,1.3694000244140625,178.0
2024-10-25 09:48:00+00:00,ZI,10.510000228881836,10.510000228881836,10.520000457763672,10.510000228881836,10.510000228881836,729.0
2024-10-25 09:48:00+00:00,ZM,73.6500015258789,73.6500015258789,73.6500015258789,73.55999755859375,73.62000274658203,12122.0
2024-10-25 09:48:00+00:00,ZS,188.3000030517578,188.3000030517578,188.3000030517578,188.1300048828125,188.1300048828125,1087.0
2024-10-25 09:49:00+00:00,AAOI,17.809999465942383,17.809999465942383,17.809999465942383,17.760000228881836,17.770000457763672,801.0
2024-10-25 09:49:00+00:00,AAPL,231.5800018310547,231.5800018310547,231.75999450683594,231.4499969482422,231.5800018310547,182516.0
2024-10-25 09:49:00+00:00,ACLS,91.25,91.25,91.33000183105469,91.25,91.25,1373.0
2024-10-25 09:49:00+00:00,ACMR,19.43000030517578,19.43000030517578,19.43000030517578,19.38279914855957,19.38279914855957,3998.0
2024-10-25 09:49:00+00:00,ADBE,487.6199951171875,487.6199951171875,487.8500061035156,487.30999755859375,487.6400146484375,8254.0
2024-10-25 09:49:00+00:00,ADI,233.8975067138672,233.8975067138672,233.99000549316406,233.85000610351562,233.99000549316406,2314.0
2024-10-25 09:49:00+00:00,ADSK,287.9200134277344,287.9200134277344,288.1600036621094,287.9200134277344,287.9700012207031,10612.0
2024-10-25 09:49:00+00:00,ADTN,6.28000020980835,6.28000020980835,6.28000020980835,6.28000020980835,6.28000020980835,119.0
2024-10-25 09:49:00+00:00,AEHR,16.412799835205078,16.412799835205078,16.559900283813477,16.399999618530273,16.540000915527344,24937.0
2024-10-25 09:49:00+00:00,AEYE,23.719999313354492,23.719999313354492,23.719999313354492,23.602699279785156,23.602699279785156,300.0
2024-10-25 09:49:00+00:00,AFRM,41.904998779296875,41.904998779296875,41.959999084472656,41.869998931884766,41.900001525878906,16147.0
2024-10-25 09:49:00+00:00,AGYS,113.5199966430664,113.5199966430664,113.5199966430664,112.44000244140625,112.44000244140625,10110.0
2024-10-25 09:49:00+00:00,AKAM,103.55000305175781,103.55000305175781,103.55000305175781,103.55000305175781,103.55000305175781,583.0
2024-10-25 09:49:00+00:00,AKTS,0.05790000036358833,0.05790000036358833,0.05790000036358833,0.05790000036358833,0.05790000036358833,35222.0
2024-10-25 09:49:00+00:00,ALGM,22.350000381469727,22.350000381469727,22.350000381469727,22.325000762939453,22.325000762939453,3652.0
2024-10-25 09:49:00+00:00,ALKT,38.35499954223633,38.35499954223633,38.43000030517578,38.35499954223633,38.40999984741211,2409.0
2024-10-25 09:49:00+00:00,ALRM,54.56999969482422,54.56999969482422,54.57500076293945,54.564998626708984,54.564998626708984,588.0
2024-10-25 09:49:00+00:00,ALTR,105.7300033569336,105.7300033569336,105.7300033569336,105.62999725341797,105.62999725341797,1125.0
2024-10-25 09:49:00+00:00,AMAT,187.35000610351562,187.35000610351562,187.35000610351562,186.9199981689453,186.94000244140625,7220.0
2024-10-25 09:49:00+00:00,AMBA,58.34000015258789,58.34000015258789,58.34000015258789,58.34000015258789,58.34000015258789,132.0
2024-10-25 09:49:00+00:00,AMD,157.48800659179688,157.48800659179688,157.49000549316406,157.25999450683594,157.3699951171875,160091.0
2024-10-25 09:49:00+00:00,AMKR,29.854999542236328,29.854999542236328,29.8799991607666,29.75,29.8700008392334,14032.0
2024-10-25 09:49:00+00:00,AMST,2.8299999237060547,2.8299999237060547,2.8299999237060547,2.8299999237060547,2.8299999237060547,520.0
2024-10-25 09:49:00+00:00,ANY,1.0850000381469727,1.0850000381469727,1.0850000381469727,1.0850000381469727,1.0850000381469727,100.0
2024-10-25 09:49:00+00:00,AOSL,36.86000061035156,36.86000061035156,36.86000061035156,36.86000061035156,36.86000061035156,228.0
2024-10-25 09:49:00+00:00,APP,161.44979858398438,161.44979858398438,161.50990295410156,161.1300048828125,161.32000732421875,4110.0
2024-10-25 09:49:00+00:00,APPF,235.57359313964844,235.57359313964844,235.9600067138672,234.69000244140625,235.63999938964844,7122.0
2024-10-25 09:49:00+00:00,APPN,32.540000915527344,32.540000915527344,32.540000915527344,32.540000915527344,32.540000915527344,529.0
2024-10-25 09:49:00+00:00,APPS,3.140000104904175,3.140000104904175,3.1500000953674316,3.130000114440918,3.130000114440918,10638.0
2024-10-25 09:49:00+00:00,ARQQ,7.969900131225586,7.969900131225586,7.969900131225586,7.909999847412109,7.909999847412109,3913.0
2024-10-25 09:49:00+00:00,ARRY,6.28000020980835,6.28000020980835,6.28000020980835,6.25,6.259500026702881,11460.0
2024-10-25 09:49:00+00:00,ASML,717.6900024414062,717.6900024414062,717.6900024414062,717.1699829101562,717.4600219726562,4452.0
2024-10-25 09:49:00+00:00,ATOM,3.3299999237060547,3.3299999237060547,3.3299999237060547,3.3299999237060547,3.3299999237060547,262.0
2024-10-25 09:49:00+00:00,AUR,6.434999942779541,6.434999942779541,6.440000057220459,6.40500020980835,6.40500020980835,10347.0
2024-10-25 09:49:00+00:00,AVDX,8.300000190734863,8.300000190734863,8.3149995803833,8.289999961853027,8.3149995803833,4542.0
2024-10-25 09:49:00+00:00,AVGO,174.22999572753906,174.22999572753906,174.35000610351562,173.96499633789062,174.0399932861328,26128.0
2024-10-25 09:49:00+00:00,AVPT,12.119999885559082,12.119999885559082,12.119999885559082,12.119999885559082,12.119999885559082,439.0
2024-10-25 09:49:00+00:00,BCOV,2.2476000785827637,2.2476000785827637,2.259999990463257,2.242000102996826,2.259999990463257,5178.0
2024-10-25 09:49:00+00:00,BELFB,78.4800033569336,78.4800033569336,78.4800033569336,78.4800033569336,78.4800033569336,258.0
2024-10-25 09:49:00+00:00,BMBL,7.28000020980835,7.28000020980835,7.28000020980835,7.21999979019165,7.230000019073486,18962.0
2024-10-25 09:49:00+00:00,BRZE,31.290000915527344,31.290000915527344,31.290000915527344,31.290000915527344,31.290000915527344,467.0
2024-10-25 09:49:00+00:00,BSY,49.3650016784668,49.3650016784668,49.38999938964844,49.3650016784668,49.380001068115234,516.0
2024-10-25 09:49:00+00:00,CAMT,77.81999969482422,77.81999969482422,77.81999969482422,77.81999969482422,77.81999969482422,148.0
2024-10-25 09:49:00+00:00,CAN,0.9969000220298767,0.9969000220298767,0.9991999864578247,0.9965999722480774,0.9991000294685364,81435.0
2024-10-25 09:49:00+00:00,CCSI,20.387500762939453,20.387500762939453,20.387500762939453,20.387500762939453,20.387500762939453,121.0
2024-10-25 09:49:00+00:00,CDNS,256.07000732421875,256.07000732421875,256.1000061035156,255.96499633789062,256.1000061035156,5884.0
2024-10-25 09:49:00+00:00,CDW,219.82000732421875,219.82000732421875,220.17999267578125,219.7050018310547,220.17999267578125,5523.0
2024-10-25 09:49:00+00:00,CETX,0.30000001192092896,0.30000001192092896,0.30000001192092896,0.2987000048160553,0.2987000048160553,13797.0
2024-10-25 09:49:00+00:00,CEVA,23.927099227905273,23.927099227905273,23.927099227905273,23.927099227905273,23.927099227905273,773.0
2024-10-25 09:49:00+00:00,CFLT,22.395000457763672,22.395000457763672,22.459999084472656,22.395000457763672,22.440000534057617,6214.0
2024-10-25 09:49:00+00:00,CHKP,207.38499450683594,207.38499450683594,207.38499450683594,207.38499450683594,207.38499450683594,917.0
2024-10-25 09:49:00+00:00,CLSK,11.920100212097168,11.920100212097168,11.949999809265137,11.902099609375,11.904800415039062,101944.0
2024-10-25 09:49:00+00:00,CMTL,3.7249999046325684,3.7249999046325684,3.7249999046325684,3.7249999046325684,3.7249999046325684,262.0
2024-10-25 09:49:00+00:00,CNDT,3.7149999141693115,3.7149999141693115,3.7149999141693115,3.7049999237060547,3.7049999237060547,2534.0
2024-10-25 09:49:00+00:00,CNXC,45.23500061035156,45.23500061035156,45.23500061035156,45.23500061035156,45.23500061035156,432.0
2024-10-25 09:49:00+00:00,COHR,96.9749984741211,96.9749984741211,97.05999755859375,96.9749984741211,97.05999755859375,959.0
2024-10-25 09:49:00+00:00,COHU,25.889999389648438,25.889999389648438,25.889999389648438,25.84000015258789,25.84000015258789,2136.0
2024-10-25 09:49:00+00:00,COIN,209.35000610351562,209.35000610351562,209.8834991455078,209.0,209.04800415039062,34108.0
2024-10-25 09:49:00+00:00,COMM,6.394999980926514,6.394999980926514,6.394999980926514,6.389999866485596,6.389999866485596,1168.0
2024-10-25 09:49:00+00:00,CORZ,13.795000076293945,13.795000076293945,13.795000076293945,13.739999771118164,13.75,52470.0
2024-10-25 09:49:00+00:00,CRCT,6.480000019073486,6.480000019073486,6.480000019073486,6.46999979019165,6.46999979019165,520.0
2024-10-25 09:49:00+00:00,CRDO,39.76240158081055,39.76240158081055,39.76240158081055,39.640098571777344,39.69499969482422,1755.0
2024-10-25 09:49:00+00:00,CRNC,2.815000057220459,2.815000057220459,2.815000057220459,2.8099000453948975,2.809999942779541,9840.0
2024-10-25 09:49:00+00:00,CRNT,2.4749999046325684,2.4749999046325684,2.4749999046325684,2.4749999046325684,2.4749999046325684,501.0
2024-10-25 09:49:00+00:00,CRSR,6.420000076293945,6.420000076293945,6.420000076293945,6.420000076293945,6.420000076293945,836.0
2024-10-25 09:49:00+00:00,CRWD,309.510009765625,309.510009765625,310.0,309.510009765625,309.73760986328125,18692.0
2024-10-25 09:49:00+00:00,CSCO,56.470001220703125,56.470001220703125,56.48500061035156,56.45000076293945,56.459999084472656,13135.0
2024-10-25 09:49:00+00:00,CSIQ,13.305000305175781,13.305000305175781,13.319999694824219,13.149999618530273,13.149999618530273,41961.0
2024-10-25 09:49:00+00:00,CTLP,9.0600004196167,9.0600004196167,9.079999923706055,9.0600004196167,9.0600004196167,1881.0
2024-10-25 09:49:00+00:00,CTSH,75.19999694824219,75.19999694824219,75.30000305175781,75.19999694824219,75.30000305175781,1561.0
2024-10-25 09:49:00+00:00,DAKT,13.25,13.25,13.270000457763672,13.25,13.270000457763672,1540.0
2024-10-25 09:49:00+00:00,DATS,1.6480000019073486,1.6480000019073486,1.6480000019073486,1.5999000072479248,1.600000023841858,2889.0
2024-10-25 09:49:00+00:00,DAVE,40.5,40.5,40.5,40.5,40.5,105.0
2024-10-25 09:49:00+00:00,DBX,26.179399490356445,26.179399490356445,26.179399490356445,26.170000076293945,26.170000076293945,950.0
2024-10-25 09:49:00+00:00,DDOG,126.87000274658203,126.87000274658203,126.9800033569336,126.83000183105469,126.91000366210938,17636.0
2024-10-25 09:49:00+00:00,DGHI,1.3949999809265137,1.3949999809265137,1.3949999809265137,1.3949999809265137,1.3949999809265137,354.0
2024-10-25 09:49:00+00:00,DGII,30.09000015258789,30.09000015258789,30.09000015258789,30.09000015258789,30.09000015258789,240.0
2024-10-25 09:49:00+00:00,DLO,8.814000129699707,8.814000129699707,8.814000129699707,8.814000129699707,8.814000129699707,1542.0
2024-10-25 09:49:00+00:00,DOCU,70.87000274658203,70.87000274658203,70.87000274658203,70.80000305175781,70.80000305175781,3139.0
2024-10-25 09:49:00+00:00,DOMO,7.980000019073486,7.980000019073486,7.980000019073486,7.92579984664917,7.92579984664917,1709.0
2024-10-25 09:49:00+00:00,DTSS,2.458899974822998,2.458899974822998,2.458899974822998,2.458899974822998,2.458899974822998,2153.0
2024-10-25 09:49:00+00:00,ENPH,80.61499786376953,80.61499786376953,80.61499786376953,80.47000122070312,80.58999633789062,7405.0
2024-10-25 09:49:00+00:00,ENTG,105.0,105.0,105.0,104.95500183105469,104.95500183105469,633.0
2024-10-25 09:49:00+00:00,EXLS,39.15999984741211,39.15999984741211,39.15999984741211,39.15999984741211,39.15999984741211,332.0
2024-10-25 09:49:00+00:00,EXTR,14.579999923706055,14.579999923706055,14.585000038146973,14.574000358581543,14.574000358581543,1734.0
2024-10-25 09:49:00+00:00,FFIV,215.72999572753906,215.72999572753906,215.72999572753906,215.72999572753906,215.72999572753906,1642.0
2024-10-25 09:49:00+00:00,FIVN,31.1200008392334,31.1200008392334,31.15999984741211,31.1200008392334,31.15999984741211,3587.0
2024-10-25 09:49:00+00:00,FLEX,35.4182014465332,35.4182014465332,35.41999816894531,35.40999984741211,35.40999984741211,910.0
2024-10-25 09:49:00+00:00,FORM,44.9900016784668,44.9900016784668,44.9900016784668,44.9900016784668,44.9900016784668,818.0
2024-10-25 09:49:00+00:00,FROG,29.520000457763672,29.520000457763672,29.549999237060547,29.469999313354492,29.5,4785.0
2024-10-25 09:49:00+00:00,FRSH,11.75,11.75,11.75,11.720000267028809,11.734999656677246,18799.0
2024-10-25 09:49:00+00:00,FSLR,197.0050048828125,197.0050048828125,197.10809326171875,196.97500610351562,196.97500610351562,1968.0
2024-10-25 09:49:00+00:00,FTCI,0.7397000193595886,0.7397000193595886,0.7397000193595886,0.7186999917030334,0.7186999917030334,9948.0
2024-10-25 09:49:00+00:00,FTNT,81.15039825439453,81.15039825439453,81.26000213623047,81.15039825439453,81.26000213623047,10039.0
2024-10-25 09:49:00+00:00,GCT,25.405000686645508,25.405000686645508,25.469999313354492,25.405000686645508,25.469999313354492,1817.0
2024-10-25 09:49:00+00:00,GDS,21.700000762939453,21.700000762939453,21.719999313354492,21.700000762939453,21.719999313354492,333.0
2024-10-25 09:49:00+00:00,GFS,40.724998474121094,40.724998474121094,40.7400016784668,40.660099029541016,40.7400016784668,1614.0
2024-10-25 09:49:00+00:00,GILT,4.929999828338623,4.929999828338623,4.929999828338623,4.929999828338623,4.929999828338623,481.0
2024-10-25 09:49:00+00:00,GPRO,1.3300000429153442,1.3300000429153442,1.3300000429153442,1.3300000429153442,1.3300000429153442,380.0
2024-10-25 09:49:00+00:00,GRAB,4.079999923706055,4.079999923706055,4.079999923706055,4.070000171661377,4.074999809265137,25910.0
2024-10-25 09:49:00+00:00,GRRR,4.826000213623047,4.826000213623047,4.826000213623047,4.822500228881836,4.822500228881836,1268.0
2024-10-25 09:49:00+00:00,GSIT,3.2799999713897705,3.2799999713897705,3.2799999713897705,3.252500057220459,3.279599905014038,1825.0
2024-10-25 09:49:00+00:00,GTLB,56.75,56.75,56.88999938964844,56.75,56.849998474121094,7314.0
2024-10-25 09:49:00+00:00,HCP,33.65999984741211,33.65999984741211,33.67499923706055,33.65999984741211,33.67499923706055,5073.0
2024-10-25 09:49:00+00:00,HIMX,6.164999961853027,6.164999961853027,6.164999961853027,6.164999961853027,6.164999961853027,200.0
2024-10-25 09:49:00+00:00,HLIT,14.734999656677246,14.734999656677246,14.734999656677246,14.734999656677246,14.734999656677246,496.0
2024-10-25 09:49:00+00:00,HOLO,3.8710999488830566,3.8710999488830566,3.893199920654297,3.869999885559082,3.8701000213623047,5980.0
2024-10-25 09:49:00+00:00,HOOD,27.364999771118164,27.364999771118164,27.389999389648438,27.334999084472656,27.334999084472656,29091.0
2024-10-25 09:49:00+00:00,HTCR,1.1122000217437744,1.1122000217437744,1.1122000217437744,1.1122000217437744,1.1122000217437744,1029.0
2024-10-25 09:49:00+00:00,IMMR,8.680000305175781,8.680000305175781,8.680000305175781,8.680000305175781,8.680000305175781,229.0
2024-10-25 09:49:00+00:00,INDI,3.5199999809265137,3.5199999809265137,3.5350000858306885,3.515000104904175,3.515000104904175,26693.0
2024-10-25 09:49:00+00:00,INFN,6.809999942779541,6.809999942779541,6.809999942779541,6.809999942779541,6.809999942779541,0.0
2024-10-25 09:49:00+00:00,INOD,19.989999771118164,19.989999771118164,19.989999771118164,19.899999618530273,19.989999771118164,4342.0
2024-10-25 09:49:00+00:00,INTA,50.150001525878906,50.150001525878906,50.150001525878906,50.150001525878906,50.150001525878906,891.0
2024-10-25 09:49:00+00:00,INTC,22.856000900268555,22.856000900268555,22.860000610351562,22.809999465942383,22.815000534057617,162360.0
2024-10-25 09:49:00+00:00,ITI,7.190000057220459,7.190000057220459,7.190000057220459,7.190000057220459,7.190000057220459,319.0
2024-10-25 09:49:00+00:00,ITRN,27.010000228881836,27.010000228881836,27.010000228881836,27.010000228881836,27.010000228881836,165.0
2024-10-25 09:49:00+00:00,JKHY,184.9949951171875,184.9949951171875,184.9949951171875,184.9199981689453,184.9199981689453,611.0
2024-10-25 09:49:00+00:00,KC,2.680000066757202,2.680000066757202,2.680000066757202,2.674999952316284,2.674999952316284,8828.0
2024-10-25 09:49:00+00:00,KLAC,675.0050048828125,675.0050048828125,675.7899780273438,674.4400024414062,674.469970703125,2974.0
2024-10-25 09:49:00+00:00,KLIC,44.084999084472656,44.084999084472656,44.084999084472656,44.084999084472656,44.084999084472656,160.0
2024-10-25 09:49:00+00:00,KOSS,7.260000228881836,7.260000228881836,7.260000228881836,7.25,7.25,688.0
2024-10-25 09:49:00+00:00,LASR,10.520000457763672,10.520000457763672,10.520000457763672,10.520000457763672,10.520000457763672,1086.0
2024-10-25 09:49:00+00:00,LITE,64.79000091552734,64.79000091552734,64.79000091552734,64.70500183105469,64.70999908447266,1231.0
2024-10-25 09:49:00+00:00,LOGI,80.76499938964844,80.76499938964844,80.80000305175781,80.70999908447266,80.70999908447266,3360.0
2024-10-25 09:49:00+00:00,LPSN,1.2100000381469727,1.2100000381469727,1.2100000381469727,1.2100000381469727,1.2100000381469727,802.0
2024-10-25 09:49:00+00:00,LRCX,77.73999786376953,77.73999786376953,77.80999755859375,77.62000274658203,77.66999816894531,36177.0
2024-10-25 09:49:00+00:00,LSCC,54.849998474121094,54.849998474121094,54.880001068115234,54.755001068115234,54.755001068115234,2053.0
2024-10-25 09:49:00+00:00,LTRX,4.03000020980835,4.03000020980835,4.03000020980835,4.03000020980835,4.03000020980835,299.0
2024-10-25 09:49:00+00:00,LYFT,13.720000267028809,13.720000267028809,13.739999771118164,13.720000267028809,13.739999771118164,31216.0
2024-10-25 09:49:00+00:00,MAXN,5.480000019073486,5.480000019073486,5.480000019073486,5.480000019073486,5.480000019073486,2356.0
2024-10-25 09:49:00+00:00,MCHP,77.07499694824219,77.07499694824219,77.0999984741211,77.05000305175781,77.08000183105469,5574.0
2024-10-25 09:49:00+00:00,MDB,270.25,270.25,271.0,269.80999755859375,270.7850036621094,4120.0
2024-10-25 09:49:00+00:00,MINM,0.9800000190734863,0.9800000190734863,0.9800000190734863,0.949999988079071,0.949999988079071,2120.0
2024-10-25 09:49:00+00:00,MNDY,301.1099853515625,301.1099853515625,301.6025085449219,301.0299987792969,301.6025085449219,1962.0
2024-10-25 09:49:00+00:00,MPWR,916.4099731445312,916.4099731445312,916.4099731445312,916.4099731445312,916.4099731445312,494.0
2024-10-25 09:49:00+00:00,MQ,5.386000156402588,5.386000156402588,5.389999866485596,5.381199836730957,5.3867998123168945,5563.0
2024-10-25 09:49:00+00:00,MRVL,82.69999694824219,82.69999694824219,82.75499725341797,82.63999938964844,82.68949890136719,8987.0
2024-10-25 09:49:00+00:00,MSFT,432.2900085449219,432.2900085449219,432.3399963378906,431.54998779296875,431.79998779296875,172770.0
2024-10-25 09:49:00+00:00,MSTR,237.34500122070312,237.34500122070312,237.90460205078125,237.1999969482422,237.43820190429688,93474.0
2024-10-25 09:49:00+00:00,MTC,0.3720000088214874,0.3720000088214874,0.3720000088214874,0.3720000088214874,0.3720000088214874,63.0
2024-10-25 09:49:00+00:00,MTEK,1.899899959564209,1.899899959564209,1.899899959564209,1.899899959564209,1.899899959564209,25.0
2024-10-25 09:49:00+00:00,MTLS,6.085000038146973,6.085000038146973,6.085000038146973,6.079999923706055,6.085000038146973,504.0
2024-10-25 09:49:00+00:00,MTSI,117.93000030517578,117.93000030517578,117.93000030517578,117.93000030517578,117.93000030517578,1655.0
2024-10-25 09:49:00+00:00,MU,108.68009948730469,108.68009948730469,108.72000122070312,108.4999008178711,108.5,50089.0
2024-10-25 09:49:00+00:00,MXL,14.970000267028809,14.970000267028809,15.039999961853027,14.970000267028809,14.989999771118164,8165.0
2024-10-25 09:49:00+00:00,NCNO,38.46500015258789,38.46500015258789,38.470001220703125,38.46500015258789,38.470001220703125,734.0
2024-10-25 09:49:00+00:00,NICE,178.60000610351562,178.60000610351562,178.60000610351562,178.60000610351562,178.60000610351562,120.0
2024-10-25 09:49:00+00:00,NNDM,2.325000047683716,2.325000047683716,2.325000047683716,2.325000047683716,2.325000047683716,326.0
2024-10-25 09:49:00+00:00,NTAP,120.18000030517578,120.18000030517578,120.18000030517578,120.13999938964844,120.17500305175781,1047.0
2024-10-25 09:49:00+00:00,NTCT,20.780000686645508,20.780000686645508,20.780000686645508,20.780000686645508,20.780000686645508,348.0
2024-10-25 09:49:00+00:00,NTGR,20.389999389648438,20.389999389648438,20.389999389648438,20.360000610351562,20.360000610351562,1570.0
2024-10-25 09:49:00+00:00,NTNX,62.8849983215332,62.8849983215332,62.92399978637695,62.875,62.875,4948.0
2024-10-25 09:49:00+00:00,NVDA,142.14999389648438,142.14999389648438,142.1999969482422,141.9320068359375,141.9320068359375,453472.0
2024-10-25 09:49:00+00:00,NVTS,2.5460000038146973,2.5460000038146973,2.5460000038146973,2.5350000858306885,2.5350000858306885,665.0
2024-10-25 09:49:00+00:00,NXPI,244.05999755859375,244.05999755859375,244.49000549316406,244.0,244.28500366210938,5127.0
2024-10-25 09:49:00+00:00,OBLG,3.75,3.75,3.75,3.75,3.75,5023.0
2024-10-25 09:49:00+00:00,OKTA,73.02999877929688,73.02999877929688,73.02999877929688,72.96929931640625,72.9800033569336,9184.0
2024-10-25 09:49:00+00:00,OLED,204.3000030517578,204.3000030517578,204.47000122070312,204.3000030517578,204.47000122070312,341.0
2024-10-25 09:49:00+00:00,ON,72.12999725341797,72.12999725341797,72.22000122070312,72.07060241699219,72.11009979248047,40962.0
2024-10-25 09:49:00+00:00,OSIS,138.0,138.0,138.0,138.0,138.0,954.0
2024-10-25 09:49:00+00:00,OTEX,33.56999969482422,33.56999969482422,33.56999969482422,33.56999969482422,33.56999969482422,216.0
2024-10-25 09:49:00+00:00,PANW,370.26519775390625,370.26519775390625,370.6199951171875,370.1300048828125,370.1300048828125,1241.0
2024-10-25 09:49:00+00:00,PAYO,8.369999885559082,8.369999885559082,8.375,8.364999771118164,8.364999771118164,3626.0
2024-10-25 09:49:00+00:00,PEGA,81.9000015258789,81.9000015258789,81.9000015258789,81.7750015258789,81.7750015258789,3040.0
2024-10-25 09:49:00+00:00,PEGY,4.6402997970581055,4.6402997970581055,4.6402997970581055,4.599999904632568,4.633699893951416,4608.0
2024-10-25 09:49:00+00:00,PGY,11.925000190734863,11.925000190734863,11.949999809265137,11.915499687194824,11.949999809265137,3721.0
2024-10-25 09:49:00+00:00,PHUN,9.809900283813477,9.809900283813477,9.899999618530273,9.779999732971191,9.850000381469727,237230.0
2024-10-25 09:49:00+00:00,PI,194.75999450683594,194.75999450683594,194.80999755859375,194.75999450683594,194.80999755859375,979.0
2024-10-25 09:49:00+00:00,PLXS,145.0050048828125,145.0050048828125,145.0050048828125,145.0050048828125,145.0050048828125,400.0
2024-10-25 09:49:00+00:00,POET,3.9700000286102295,3.9700000286102295,3.9700000286102295,3.9700000286102295,3.9700000286102295,472.0
2024-10-25 09:49:00+00:00,POWI,63.060001373291016,63.060001373291016,63.20000076293945,63.060001373291016,63.20000076293945,312.0
2024-10-25 09:49:00+00:00,PTC,185.74830627441406,185.74830627441406,185.74830627441406,185.7480010986328,185.74830627441406,5334.0
2024-10-25 09:49:00+00:00,PUBM,15.119999885559082,15.119999885559082,15.119999885559082,15.119999885559082,15.119999885559082,275.0
2024-10-25 09:49:00+00:00,QCOM,171.14999389648438,171.14999389648438,171.27000427246094,170.97999572753906,170.97999572753906,13809.0
2024-10-25 09:49:00+00:00,QLYS,121.5199966430664,121.5199966430664,121.5199966430664,121.5199966430664,121.5199966430664,425.0
2024-10-25 09:49:00+00:00,QRVO,100.39749908447266,100.39749908447266,100.39749908447266,100.39749908447266,100.39749908447266,799.0
2024-10-25 09:49:00+00:00,QUBT,1.1455999612808228,1.1455999612808228,1.1495000123977661,1.1399999856948853,1.1495000123977661,5584.0
2024-10-25 09:49:00+00:00,RCAT,2.7690999507904053,2.7690999507904053,2.7690999507904053,2.7690999507904053,2.7690999507904053,407.0
2024-10-25 09:49:00+00:00,RDWR,22.600000381469727,22.600000381469727,22.600000381469727,22.600000381469727,22.600000381469727,829.0
2024-10-25 09:49:00+00:00,REKR,1.1050000190734863,1.1050000190734863,1.1100000143051147,1.100000023841858,1.1100000143051147,13507.0
2024-10-25 09:49:00+00:00,RELY,14.680000305175781,14.680000305175781,14.680000305175781,14.680000305175781,14.680000305175781,265.0
2024-10-25 09:49:00+00:00,RGTI,1.2799999713897705,1.2799999713897705,1.2860000133514404,1.274999976158142,1.274999976158142,14019.0
2024-10-25 09:49:00+00:00,RIOT,9.975000381469727,9.975000381469727,10.0,9.960000038146973,9.96500015258789,121736.0
2024-10-25 09:49:00+00:00,RMBS,42.97999954223633,42.97999954223633,43.0,42.97999954223633,43.0,536.0
2024-10-25 09:49:00+00:00,RMNI,1.7200000286102295,1.7200000286102295,1.7200000286102295,1.7200000286102295,1.7200000286102295,486.0
2024-10-25 09:49:00+00:00,RPD,39.34000015258789,39.34000015258789,39.369998931884766,39.31999969482422,39.369998931884766,1678.0
2024-10-25 09:49:00+00:00,RSSS,2.640000104904175,2.640000104904175,2.6600000858306885,2.640000104904175,2.6600000858306885,1616.0
2024-10-25 09:49:00+00:00,RUM,5.605000019073486,5.605000019073486,5.605000019073486,5.599999904632568,5.599999904632568,2980.0
2024-10-25 09:49:00+00:00,RUN,14.210100173950195,14.210100173950195,14.220000267028809,14.180000305175781,14.207799911499023,22646.0
2024-10-25 09:49:00+00:00,RXT,2.5199999809265137,2.5199999809265137,2.5199999809265137,2.5199999809265137,2.5199999809265137,785.0
2024-10-25 09:49:00+00:00,SANM,67.69999694824219,67.69999694824219,67.87999725341797,67.69999694824219,67.69999694824219,1979.0
2024-10-25 09:49:00+00:00,SATS,24.989999771118164,24.989999771118164,25.06999969482422,24.969999313354492,24.969999313354492,4628.0
2024-10-25 09:49:00+00:00,SCKT,1.1799999475479126,1.1799999475479126,1.190000057220459,1.1799999475479126,1.190000057220459,1824.0
2024-10-25 09:49:00+00:00,SEDG,15.5,15.5,15.524999618530273,15.479999542236328,15.479999542236328,7376.0
2024-10-25 09:49:00+00:00,SHLS,5.170000076293945,5.170000076293945,5.175000190734863,5.170000076293945,5.170000076293945,7741.0
2024-10-25 09:49:00+00:00,SKYT,10.760000228881836,10.760000228881836,10.760000228881836,10.680000305175781,10.680000305175781,9338.0
2024-10-25 09:49:00+00:00,SLAB,115.18499755859375,115.18499755859375,115.18499755859375,115.18499755859375,115.18499755859375,142.0
2024-10-25 09:49:00+00:00,SMCI,47.470001220703125,47.470001220703125,47.54999923706055,47.029998779296875,47.029998779296875,435087.0
2024-10-25 09:49:00+00:00,SMTC,45.29999923706055,45.29999923706055,45.459999084472656,45.29999923706055,45.459999084472656,4477.0
2024-10-25 09:49:00+00:00,SNCR,10.8149995803833,10.8149995803833,10.890000343322754,10.8149995803833,10.890000343322754,1845.0
2024-10-25 09:49:00+00:00,SNPS,502.8550109863281,502.8550109863281,502.8550109863281,502.3500061035156,502.8550109863281,1009.0
2024-10-25 09:49:00+00:00,SOBR,8.010000228881836,8.010000228881836,8.010000228881836,8.010000228881836,8.010000228881836,744.0
2024-10-25 09:49:00+00:00,SONO,12.770000457763672,12.770000457763672,12.770000457763672,12.760000228881836,12.760000228881836,1405.0
2024-10-25 09:49:00+00:00,SOUN,5.320000171661377,5.320000171661377,5.328700065612793,5.304999828338623,5.309100151062012,33341.0
2024-10-25 09:49:00+00:00,SPI,0.4302999973297119,0.4302999973297119,0.4302999973297119,0.4302999973297119,0.4302999973297119,1000.0
2024-10-25 09:49:00+00:00,SPSC,189.84500122070312,189.84500122070312,190.89999389648438,189.46499633789062,189.46499633789062,10497.0
2024-10-25 09:49:00+00:00,SRAD,12.369999885559082,12.369999885559082,12.369999885559082,12.369999885559082,12.369999885559082,464.0
2024-10-25 09:49:00+00:00,SSNC,69.93499755859375,69.93499755859375,70.01000213623047,69.66500091552734,70.0,56455.0
2024-10-25 09:49:00+00:00,SSYS,7.130000114440918,7.130000114440918,7.130000114440918,7.130000114440918,7.130000114440918,678.0
2024-10-25 09:49:00+00:00,STNE,11.362199783325195,11.362199783325195,11.362199783325195,11.335000038146973,11.335000038146973,3206.0
2024-10-25 09:49:00+00:00,STX,104.3550033569336,104.3550033569336,104.5,104.2699966430664,104.45500183105469,5840.0
2024-10-25 09:49:00+00:00,SVRE,0.08550000190734863,0.08550000190734863,0.08550000190734863,0.08529999852180481,0.08529999852180481,2457.0
2024-10-25 09:49:00+00:00,SWKS,95.7249984741211,95.7249984741211,95.7249984741211,95.7249984741211,95.7249984741211,767.0
2024-10-25 09:49:00+00:00,TASK,12.055000305175781,12.055000305175781,12.074999809265137,12.055000305175781,12.074999809265137,618.0
2024-10-25 09:49:00+00:00,TEAM,192.34500122070312,192.34500122070312,192.34500122070312,192.2949981689453,192.3000030517578,2096.0
2024-10-25 09:49:00+00:00,TER,112.06719970703125,112.06719970703125,112.06719970703125,111.94999694824219,112.06500244140625,2999.0
2024-10-25 09:49:00+00:00,TLS,3.5950000286102295,3.5950000286102295,3.5950000286102295,3.5950000286102295,3.5950000286102295,300.0
2024-10-25 09:49:00+00:00,TRMB,61.029998779296875,61.029998779296875,61.040000915527344,61.029998779296875,61.040000915527344,471.0
2024-10-25 09:49:00+00:00,TSAT,13.449999809265137,13.449999809265137,13.5,13.449999809265137,13.475000381469727,1548.0
2024-10-25 09:49:00+00:00,TSEM,44.755001068115234,44.755001068115234,44.755001068115234,44.755001068115234,44.755001068115234,125.0
2024-10-25 09:49:00+00:00,TTD,121.17500305175781,121.17500305175781,121.31999969482422,121.12000274658203,121.12999725341797,25829.0
2024-10-25 09:49:00+00:00,TTEC,5.480000019073486,5.480000019073486,5.489999771118164,5.474999904632568,5.474999904632568,2967.0
2024-10-25 09:49:00+00:00,TTMI,19.479999542236328,19.479999542236328,19.479999542236328,19.479999542236328,19.479999542236328,718.0
2024-10-25 09:49:00+00:00,TWKS,4.449999809265137,4.449999809265137,4.449999809265137,4.449999809265137,4.449999809265137,2900.0
2024-10-25 09:49:00+00:00,TXN,210.25999450683594,210.25999450683594,210.34829711914062,210.25999450683594,210.34829711914062,5671.0
2024-10-25 09:49:00+00:00,VERI,3.4700000286102295,3.4700000286102295,3.4700000286102295,3.450000047683716,3.450000047683716,4835.0
2024-10-25 09:49:00+00:00,VERX,42.54499816894531,42.54499816894531,42.54499816894531,42.54499816894531,42.54499816894531,290.0
2024-10-25 09:49:00+00:00,VICR,46.86000061035156,46.86000061035156,46.86000061035156,46.86000061035156,46.86000061035156,379.0
2024-10-25 09:49:00+00:00,VMEO,4.75,4.75,4.75,4.75,4.75,520.0
2024-10-25 09:49:00+00:00,VNET,3.4149999618530273,3.4149999618530273,3.4149999618530273,3.4149999618530273,3.4149999618530273,200.0
2024-10-25 09:49:00+00:00,VRNS,57.150001525878906,57.150001525878906,57.189998626708984,56.97999954223633,56.97999954223633,2072.0
2024-10-25 09:49:00+00:00,VRNT,22.059999465942383,22.059999465942383,22.059999465942383,22.059999465942383,22.059999465942383,626.0
2024-10-25 09:49:00+00:00,VRSN,190.77000427246094,190.77000427246094,190.77000427246094,190.76499938964844,190.76499938964844,2699.0
2024-10-25 09:49:00+00:00,VSAT,10.3100004196167,10.3100004196167,10.3100004196167,10.300000190734863,10.300000190734863,2030.0
2024-10-25 09:49:00+00:00,VUZI,1.3200000524520874,1.3200000524520874,1.3250000476837158,1.3200000524520874,1.3250000476837158,200.0
2024-10-25 09:49:00+00:00,WALD,3.5799999237060547,3.5799999237060547,3.5799999237060547,3.5799999237060547,3.5799999237060547,57.0
2024-10-25 09:49:00+00:00,WDAY,242.77499389648438,242.77499389648438,242.77499389648438,242.77499389648438,242.77499389648438,245.0
2024-10-25 09:49:00+00:00,WDC,71.41000366210938,71.41000366210938,71.56999969482422,71.12000274658203,71.33000183105469,132088.0
2024-10-25 09:49:00+00:00,WISA,1.8200000524520874,1.8200000524520874,1.8200000524520874,1.8097000122070312,1.8097000122070312,1880.0
2024-10-25 09:49:00+00:00,WIX,164.99000549316406,164.99000549316406,164.99000549316406,164.99000549316406,164.99000549316406,422.0
2024-10-25 09:49:00+00:00,XELA,1.9900000095367432,1.9900000095367432,1.9900000095367432,1.9900000095367432,1.9900000095367432,1551.0
2024-10-25 09:49:00+00:00,XRX,10.154999732971191,10.154999732971191,10.154999732971191,10.154999732971191,10.154999732971191,319.0
2024-10-25 09:49:00+00:00,ZBRA,363.9599914550781,363.9599914550781,363.9599914550781,363.9599914550781,363.9599914550781,332.0
2024-10-25 09:49:00+00:00,ZENV,1.3700000047683716,1.3700000047683716,1.3700000047683716,1.3700000047683716,1.3700000047683716,3316.0
2024-10-25 09:49:00+00:00,ZI,10.529999732971191,10.529999732971191,10.529999732971191,10.520000457763672,10.520000457763672,1730.0
2024-10-25 09:49:00+00:00,ZM,73.61000061035156,73.61000061035156,73.71289825439453,73.61000061035156,73.6500015258789,12779.0
2024-10-25 09:49:00+00:00,ZS,188.1199951171875,188.1199951171875,188.36000061035156,188.0800018310547,188.33509826660156,4336.0
2024-10-25 09:50:00+00:00,AAOI,17.780000686645508,17.780000686645508,17.809900283813477,17.780000686645508,17.790000915527344,1000.0
2024-10-25 09:50:00+00:00,AAPL,231.54620361328125,231.54620361328125,231.77999877929688,231.52999877929688,231.6699981689453,83080.0
2024-10-25 09:50:00+00:00,ACLS,91.01000213623047,91.01000213623047,91.20999908447266,91.01000213623047,91.20999908447266,935.0
2024-10-25 09:50:00+00:00,ACMR,19.420000076293945,19.420000076293945,19.420000076293945,19.3700008392334,19.420000076293945,3170.0
2024-10-25 09:50:00+00:00,ADBE,487.3299865722656,487.3299865722656,487.75,487.2701110839844,487.739990234375,3991.0
2024-10-25 09:50:00+00:00,ADI,233.65499877929688,233.65499877929688,233.77999877929688,233.5,233.7100067138672,4885.0
2024-10-25 09:50:00+00:00,ADSK,287.6050109863281,287.6050109863281,287.8900146484375,287.6050109863281,287.8500061035156,5929.0
2024-10-25 09:50:00+00:00,AEHR,16.399999618530273,16.399999618530273,16.399999618530273,16.399999618530273,16.399999618530273,400.0
2024-10-25 09:50:00+00:00,AEYE,23.575000762939453,23.575000762939453,23.575000762939453,23.575000762939453,23.575000762939453,775.0
2024-10-25 09:50:00+00:00,AFRM,41.790000915527344,41.790000915527344,41.8849983215332,41.790000915527344,41.8849983215332,13976.0
2024-10-25 09:50:00+00:00,AGYS,113.77999877929688,113.77999877929688,113.83999633789062,113.7699966430664,113.7699966430664,812.0
2024-10-25 09:50:00+00:00,AIP,6.945000171661377,6.945000171661377,6.945000171661377,6.945000171661377,6.945000171661377,280.0
2024-10-25 09:50:00+00:00,AKAM,103.62000274658203,103.62000274658203,103.62000274658203,103.54080200195312,103.54080200195312,711.0
2024-10-25 09:50:00+00:00,AKTS,0.05869999900460243,0.05869999900460243,0.05869999900460243,0.05869999900460243,0.05869999900460243,24571.0
2024-10-25 09:50:00+00:00,ALKT,38.40999984741211,38.40999984741211,38.40999984741211,38.314998626708984,38.33000183105469,1032.0
2024-10-25 09:50:00+00:00,ALTR,105.54000091552734,105.54000091552734,105.54000091552734,105.54000091552734,105.54000091552734,201.0
2024-10-25 09:50:00+00:00,AMAT,187.16000366210938,187.16000366210938,187.30250549316406,187.0399932861328,187.30250549316406,5078.0
2024-10-25 09:50:00+00:00,AMD,157.60049438476562,157.60049438476562,157.7100067138672,157.5,157.5,88813.0
2024-10-25 09:50:00+00:00,AMPL,9.210000038146973,9.210000038146973,9.220000267028809,9.210000038146973,9.210000038146973,1127.0
2024-10-25 09:50:00+00:00,ANY,1.0850000381469727,1.0850000381469727,1.0850000381469727,1.0850000381469727,1.0850000381469727,905.0
2024-10-25 09:50:00+00:00,API,2.700000047683716,2.700000047683716,2.705699920654297,2.700000047683716,2.7009999752044678,2423.0
2024-10-25 09:50:00+00:00,APP,161.31500244140625,161.31500244140625,161.31500244140625,161.31500244140625,161.31500244140625,1003.0
2024-10-25 09:50:00+00:00,APPF,234.77999877929688,234.77999877929688,235.99989318847656,234.47000122070312,235.99989318847656,3211.0
2024-10-25 09:50:00+00:00,APPN,32.5099983215332,32.5099983215332,32.5099983215332,32.5099983215332,32.5099983215332,234.0
2024-10-25 09:50:00+00:00,APPS,3.1201000213623047,3.1201000213623047,3.130000114440918,3.1201000213623047,3.127700090408325,6414.0
2024-10-25 09:50:00+00:00,ARRY,6.28000020980835,6.28000020980835,6.28000020980835,6.275000095367432,6.275000095367432,3280.0
2024-10-25 09:50:00+00:00,ASML,717.4099731445312,717.4099731445312,717.4099731445312,717.0999755859375,717.0999755859375,1203.0
2024-10-25 09:50:00+00:00,AUR,6.413099765777588,6.413099765777588,6.435500144958496,6.413099765777588,6.435500144958496,4080.0
2024-10-25 09:50:00+00:00,AVDX,8.274999618530273,8.274999618530273,8.305000305175781,8.274999618530273,8.300000190734863,16839.0
2024-10-25 09:50:00+00:00,AVGO,174.2449951171875,174.2449951171875,174.3699951171875,174.16000366210938,174.3249969482422,22705.0
2024-10-25 09:50:00+00:00,AVT,54.630001068115234,54.630001068115234,54.630001068115234,54.6150016784668,54.6150016784668,1147.0
2024-10-25 09:50:00+00:00,AXTI,2.6524999141693115,2.6524999141693115,2.6524999141693115,2.6524999141693115,2.6524999141693115,356.0
2024-10-25 09:50:00+00:00,BASE,16.68000030517578,16.68000030517578,16.690000534057617,16.625,16.625,1176.0
2024-10-25 09:50:00+00:00,BCOV,2.248500108718872,2.248500108718872,2.259999990463257,2.244999885559082,2.244999885559082,3000.0
2024-10-25 09:50:00+00:00,BEEM,4.838799953460693,4.838799953460693,4.838799953460693,4.838799953460693,4.838799953460693,0.0
2024-10-25 09:50:00+00:00,BIGC,5.369999885559082,5.369999885559082,5.369999885559082,5.369999885559082,5.369999885559082,2694.0
2024-10-25 09:50:00+00:00,BMBL,7.260000228881836,7.260000228881836,7.269999980926514,7.255000114440918,7.269999980926514,2862.0
2024-10-25 09:50:00+00:00,BSY,49.404998779296875,49.404998779296875,49.404998779296875,49.369998931884766,49.38999938964844,1253.0
2024-10-25 09:50:00+00:00,CAN,0.996399998664856,0.996399998664856,0.9965999722480774,0.9962999820709229,0.9962999820709229,10982.0
2024-10-25 09:50:00+00:00,CDNS,256.0610046386719,256.0610046386719,256.2300109863281,256.0610046386719,256.1600036621094,1151.0
2024-10-25 09:50:00+00:00,CDW,219.66000366210938,219.66000366210938,219.8249969482422,219.66000366210938,219.8249969482422,2392.0
2024-10-25 09:50:00+00:00,CETX,0.30000001192092896,0.30000001192092896,0.30000001192092896,0.29989999532699585,0.29989999532699585,8725.0
2024-10-25 09:50:00+00:00,CFLT,22.389999389648438,22.389999389648438,22.420000076293945,22.389999389648438,22.399999618530273,2680.0
2024-10-25 09:50:00+00:00,CHKP,207.35000610351562,207.35000610351562,207.38499450683594,207.35000610351562,207.38499450683594,3055.0
2024-10-25 09:50:00+00:00,CLSK,11.949999809265137,11.949999809265137,11.949999809265137,11.920000076293945,11.9399995803833,56424.0
2024-10-25 09:50:00+00:00,CNDT,3.7200000286102295,3.7200000286102295,3.7200000286102295,3.7200000286102295,3.7200000286102295,1002.0
2024-10-25 09:50:00+00:00,CNXN,70.87999725341797,70.87999725341797,70.87999725341797,70.7300033569336,70.73999786376953,0.0
2024-10-25 09:50:00+00:00,COHR,96.91000366210938,96.91000366210938,97.04000091552734,96.91000366210938,96.98500061035156,1741.0
2024-10-25 09:50:00+00:00,COHU,25.8700008392334,25.8700008392334,25.8700008392334,25.8700008392334,25.8700008392334,200.0
2024-10-25 09:50:00+00:00,COIN,209.5500030517578,209.5500030517578,209.72999572753906,209.1300048828125,209.49000549316406,24781.0
2024-10-25 09:50:00+00:00,COMM,6.420000076293945,6.420000076293945,6.429999828338623,6.389999866485596,6.389999866485596,7600.0
2024-10-25 09:50:00+00:00,CORZ,13.835000038146973,13.835000038146973,13.835000038146973,13.800000190734863,13.800000190734863,32462.0
2024-10-25 09:50:00+00:00,CRDO,39.70000076293945,39.70000076293945,39.72999954223633,39.68000030517578,39.72999954223633,1137.0
2024-10-25 09:50:00+00:00,CREX,4.400000095367432,4.400000095367432,4.400000095367432,4.400000095367432,4.400000095367432,650.0
2024-10-25 09:50:00+00:00,CRWD,309.5299987792969,309.5299987792969,309.70001220703125,309.4700012207031,309.5950012207031,1574.0
2024-10-25 09:50:00+00:00,CSCO,56.470001220703125,56.470001220703125,56.4900016784668,56.45500183105469,56.47999954223633,10239.0
2024-10-25 09:50:00+00:00,CSIQ,13.35200023651123,13.35200023651123,13.369999885559082,13.270000457763672,13.289999961853027,43023.0
2024-10-25 09:50:00+00:00,CTLP,9.055100440979004,9.055100440979004,9.0600004196167,9.055100440979004,9.0600004196167,869.0
2024-10-25 09:50:00+00:00,CTSH,75.2300033569336,75.2300033569336,75.26000213623047,75.19999694824219,75.21859741210938,1921.0
2024-10-25 09:50:00+00:00,CVLT,135.18499755859375,135.18499755859375,135.27999877929688,135.18499755859375,135.27999877929688,413.0
2024-10-25 09:50:00+00:00,CYBR,298.3949890136719,298.3949890136719,298.3949890136719,298.3949890136719,298.3949890136719,427.0
2024-10-25 09:50:00+00:00,DATS,1.5980000495910645,1.5980000495910645,1.649999976158142,1.5980000495910645,1.649999976158142,7196.0
2024-10-25 09:50:00+00:00,DAVE,40.29999923706055,40.29999923706055,40.29999923706055,40.29999923706055,40.29999923706055,294.0
2024-10-25 09:50:00+00:00,DBX,26.174999237060547,26.174999237060547,26.174999237060547,26.170000076293945,26.170000076293945,1659.0
2024-10-25 09:50:00+00:00,DDOG,126.95999908447266,126.95999908447266,126.9800033569336,126.86000061035156,126.86000061035156,6805.0
2024-10-25 09:50:00+00:00,DGHI,1.3960000276565552,1.3960000276565552,1.3960000276565552,1.3960000276565552,1.3960000276565552,3936.0
2024-10-25 09:50:00+00:00,DGII,30.059999465942383,30.059999465942383,30.059999465942383,30.059999465942383,30.059999465942383,154.0
2024-10-25 09:50:00+00:00,DOCU,70.87000274658203,70.87000274658203,70.875,70.87000274658203,70.875,238.0
2024-10-25 09:50:00+00:00,EEFT,100.88999938964844,100.88999938964844,100.88999938964844,100.88999938964844,100.88999938964844,624.0
2024-10-25 09:50:00+00:00,EMKR,2.140000104904175,2.140000104904175,2.140000104904175,2.140000104904175,2.140000104904175,706.0
2024-10-25 09:50:00+00:00,ENPH,80.68000030517578,80.68000030517578,80.69000244140625,80.54000091552734,80.55500030517578,5570.0
2024-10-25 09:50:00+00:00,ENTG,104.94000244140625,104.94000244140625,104.94000244140625,104.94000244140625,104.94000244140625,138.0
2024-10-25 09:50:00+00:00,ERIC,8.510000228881836,8.510000228881836,8.510000228881836,8.510000228881836,8.510000228881836,511.0
2024-10-25 09:50:00+00:00,EXLS,39.20000076293945,39.20000076293945,39.20000076293945,39.20000076293945,39.20000076293945,416.0
2024-10-25 09:50:00+00:00,EXTR,14.579999923706055,14.579999923706055,14.59000015258789,14.574000358581543,14.574000358581543,804.0
2024-10-25 09:50:00+00:00,FLEX,35.369998931884766,35.369998931884766,35.40999984741211,35.34000015258789,35.40999984741211,6435.0
2024-10-25 09:50:00+00:00,FLYW,17.729999542236328,17.729999542236328,17.729999542236328,17.729999542236328,17.729999542236328,400.0
2024-10-25 09:50:00+00:00,FRSH,11.729999542236328,11.729999542236328,11.729999542236328,11.729999542236328,11.729999542236328,349.0
2024-10-25 09:50:00+00:00,FSLR,197.0142059326172,197.0142059326172,197.0142059326172,196.66009521484375,196.860107421875,10645.0
2024-10-25 09:50:00+00:00,FTCI,0.7315999865531921,0.7315999865531921,0.7400000095367432,0.7305999994277954,0.7397000193595886,11070.0
2024-10-25 09:50:00+00:00,FTNT,81.19000244140625,81.19000244140625,81.20500183105469,81.16000366210938,81.16000366210938,2818.0
2024-10-25 09:50:00+00:00,GCT,25.45639991760254,25.45639991760254,25.45639991760254,25.450000762939453,25.450000762939453,769.0
2024-10-25 09:50:00+00:00,GDS,21.75,21.75,21.75,21.735000610351562,21.735000610351562,1969.0
2024-10-25 09:50:00+00:00,GDYN,15.65999984741211,15.65999984741211,15.65999984741211,15.65999984741211,15.65999984741211,102.0
2024-10-25 09:50:00+00:00,GFS,40.68000030517578,40.68000030517578,40.68000030517578,40.68000030517578,40.68000030517578,3188.0
2024-10-25 09:50:00+00:00,GILT,4.920000076293945,4.920000076293945,4.932000160217285,4.920000076293945,4.932000160217285,639.0
2024-10-25 09:50:00+00:00,GRAB,4.073999881744385,4.073999881744385,4.079999923706055,4.070099830627441,4.070099830627441,7510.0
2024-10-25 09:50:00+00:00,GRRR,4.849999904632568,4.849999904632568,4.856500148773193,4.815000057220459,4.815000057220459,27910.0
2024-10-25 09:50:00+00:00,GRRRW,0.06199999898672104,0.06199999898672104,0.06199999898672104,0.06199999898672104,0.06199999898672104,2800.0
2024-10-25 09:50:00+00:00,GSIT,3.2699999809265137,3.2699999809265137,3.2699999809265137,3.2699999809265137,3.2699999809265137,356.0
2024-10-25 09:50:00+00:00,GTLB,56.724998474121094,56.724998474121094,56.869998931884766,56.724998474121094,56.80500030517578,8397.0
2024-10-25 09:50:00+00:00,HCP,33.65999984741211,33.65999984741211,33.665000915527344,33.65999984741211,33.665000915527344,733.0
2024-10-25 09:50:00+00:00,HIMX,6.164999961853027,6.164999961853027,6.164999961853027,6.159999847412109,6.164999961853027,3191.0
2024-10-25 09:50:00+00:00,HLIT,14.739999771118164,14.739999771118164,14.739999771118164,14.739999771118164,14.739999771118164,728.0
2024-10-25 09:50:00+00:00,HOLO,3.8580000400543213,3.8580000400543213,3.890000104904175,3.8499999046325684,3.890000104904175,7136.0
2024-10-25 09:50:00+00:00,HOOD,27.375,27.375,27.375,27.35099983215332,27.3700008392334,10262.0
2024-10-25 09:50:00+00:00,IMMR,8.680000305175781,8.680000305175781,8.680000305175781,8.680000305175781,8.680000305175781,6596.0
2024-10-25 09:50:00+00:00,INDI,3.515000104904175,3.515000104904175,3.5248000621795654,3.5100998878479004,3.5248000621795654,22635.0
2024-10-25 09:50:00+00:00,INOD,20.02199935913086,20.02199935913086,20.02199935913086,19.989999771118164,19.989999771118164,4549.0
2024-10-25 09:50:00+00:00,INTC,22.87820053100586,22.87820053100586,22.8799991607666,22.854999542236328,22.857999801635742,288191.0
2024-10-25 09:50:00+00:00,INTU,613.280029296875,613.280029296875,613.4500122070312,613.239990234375,613.4500122070312,1489.0
2024-10-25 09:50:00+00:00,INTZ,0.7494000196456909,0.7494000196456909,0.7494000196456909,0.7494000196456909,0.7494000196456909,903.0
2024-10-25 09:50:00+00:00,JKHY,185.32000732421875,185.32000732421875,185.32000732421875,185.32000732421875,185.32000732421875,137.0
2024-10-25 09:50:00+00:00,KC,2.674999952316284,2.674999952316284,2.680000066757202,2.674999952316284,2.674999952316284,3935.0
2024-10-25 09:50:00+00:00,KLAC,674.1699829101562,674.1699829101562,675.0050048828125,674.1699829101562,675.0050048828125,1196.0
2024-10-25 09:50:00+00:00,KPLT,8.960000038146973,8.960000038146973,8.960000038146973,8.960000038146973,8.960000038146973,194.0
2024-10-25 09:50:00+00:00,LITE,64.72000122070312,64.72000122070312,64.81999969482422,64.72000122070312,64.81999969482422,3205.0
2024-10-25 09:50:00+00:00,LRCX,77.81999969482422,77.81999969482422,77.81999969482422,77.76000213623047,77.7699966430664,25436.0
2024-10-25 09:50:00+00:00,LSCC,54.779998779296875,54.779998779296875,54.93989944458008,54.720001220703125,54.93989944458008,2158.0
2024-10-25 09:50:00+00:00,LYFT,13.710000038146973,13.710000038146973,13.720000267028809,13.704999923706055,13.720000267028809,7441.0
2024-10-25 09:50:00+00:00,LYTS,16.350000381469727,16.350000381469727,16.350000381469727,16.329999923706055,16.350000381469727,1031.0
2024-10-25 09:50:00+00:00,MANH,277.6600036621094,277.6600036621094,278.1300048828125,277.2099914550781,278.1300048828125,2240.0
2024-10-25 09:50:00+00:00,MAPS,0.8611999750137329,0.8611999750137329,0.8611999750137329,0.8611999750137329,0.8611999750137329,130.0
2024-10-25 09:50:00+00:00,MARK,0.11490000039339066,0.11490000039339066,0.11490000039339066,0.11490000039339066,0.11490000039339066,45000.0
2024-10-25 09:50:00+00:00,MCHP,77.06999969482422,77.06999969482422,77.09500122070312,77.05000305175781,77.08999633789062,7675.0
2024-10-25 09:50:00+00:00,MDB,270.3299865722656,270.3299865722656,270.3299865722656,269.9226989746094,270.3125,900.0
2024-10-25 09:50:00+00:00,MINM,0.9998999834060669,0.9998999834060669,1.0,0.9998999834060669,1.0,5985.0
2024-10-25 09:50:00+00:00,MKSI,100.55000305175781,100.55000305175781,100.55999755859375,100.55000305175781,100.55999755859375,531.0
2024-10-25 09:50:00+00:00,MNDY,300.0,300.0,301.2250061035156,300.0,301.2250061035156,1324.0
2024-10-25 09:50:00+00:00,MPWR,914.719970703125,914.719970703125,916.4949951171875,914.719970703125,916.4949951171875,242.0
2024-10-25 09:50:00+00:00,MQ,5.385000228881836,5.385000228881836,5.385000228881836,5.385000228881836,5.385000228881836,840.0
2024-10-25 09:50:00+00:00,MRVL,82.69989776611328,82.69989776611328,82.72989654541016,82.69989776611328,82.69999694824219,2781.0
2024-10-25 09:50:00+00:00,MSFT,432.3800048828125,432.3800048828125,432.4800109863281,432.05999755859375,432.3399963378906,61993.0
2024-10-25 09:50:00+00:00,MSTR,238.19000244140625,238.19000244140625,238.3000030517578,237.16650390625,237.51170349121094,78282.0
2024-10-25 09:50:00+00:00,MTC,0.36899998784065247,0.36899998784065247,0.36899998784065247,0.36899998784065247,0.36899998784065247,200.0
2024-10-25 09:50:00+00:00,MTLS,6.094099998474121,6.094099998474121,6.094099998474121,6.085000038146973,6.093699932098389,4146.0
2024-10-25 09:50:00+00:00,MTTR,4.664999961853027,4.664999961853027,4.664999961853027,4.660099983215332,4.660099983215332,501.0
2024-10-25 09:50:00+00:00,MU,108.79000091552734,108.79000091552734,108.87999725341797,108.69999694824219,108.72000122070312,102089.0
2024-10-25 09:50:00+00:00,MXL,14.855999946594238,14.855999946594238,14.970000267028809,14.855999946594238,14.970000267028809,4602.0
2024-10-25 09:50:00+00:00,NNDM,2.3299999237060547,2.3299999237060547,2.3299999237060547,2.3299999237060547,2.3299999237060547,787.0
2024-10-25 09:50:00+00:00,NSIT,211.875,211.875,211.875,211.875,211.875,200.0
2024-10-25 09:50:00+00:00,NTAP,120.1500015258789,120.1500015258789,120.30989837646484,120.05010223388672,120.05010223388672,993.0
2024-10-25 09:50:00+00:00,NTCT,20.829999923706055,20.829999923706055,20.829999923706055,20.829999923706055,20.829999923706055,200.0
2024-10-25 09:50:00+00:00,NTNX,62.880001068115234,62.880001068115234,62.8849983215332,62.880001068115234,62.8849983215332,570.0
2024-10-25 09:50:00+00:00,NVDA,142.24319458007812,142.24319458007812,142.3000030517578,142.13999938964844,142.16000366210938,472117.0
2024-10-25 09:50:00+00:00,NVTS,2.5399999618530273,2.5399999618530273,2.5450000762939453,2.5350000858306885,2.5450000762939453,3288.0
2024-10-25 09:50:00+00:00,NXPI,244.14500427246094,244.14500427246094,244.14500427246094,244.05999755859375,244.05999755859375,908.0
2024-10-25 09:50:00+00:00,OKTA,72.9749984741211,72.9749984741211,73.08000183105469,72.94999694824219,73.08000183105469,3294.0
2024-10-25 09:50:00+00:00,ON,72.1500015258789,72.1500015258789,72.16000366210938,72.0999984741211,72.13999938964844,13702.0
2024-10-25 09:50:00+00:00,PALT,2.009999990463257,2.009999990463257,2.0127999782562256,2.009999990463257,2.0127999782562256,729.0
2024-10-25 09:50:00+00:00,PANW,370.010009765625,370.010009765625,370.6299133300781,370.010009765625,370.6299133300781,3249.0
2024-10-25 09:50:00+00:00,PEGA,81.79000091552734,81.79000091552734,81.89420318603516,81.69000244140625,81.79000091552734,5794.0
2024-10-25 09:50:00+00:00,PEGY,4.729899883270264,4.729899883270264,4.729899883270264,4.650000095367432,4.650000095367432,13057.0
2024-10-25 09:50:00+00:00,PGY,11.930000305175781,11.930000305175781,11.930000305175781,11.930000305175781,11.930000305175781,1536.0
2024-10-25 09:50:00+00:00,PHUN,9.899999618530273,9.899999618530273,9.899999618530273,9.796299934387207,9.809900283813477,173229.0
2024-10-25 09:50:00+00:00,PI,195.3249969482422,195.3249969482422,195.5800018310547,194.24000549316406,194.24000549316406,5476.0
2024-10-25 09:50:00+00:00,PLXS,145.14999389648438,145.14999389648438,145.14999389648438,145.14999389648438,145.14999389648438,321.0
2024-10-25 09:50:00+00:00,POWI,63.0,63.0,63.04999923706055,63.0,63.04999923706055,1064.0
2024-10-25 09:50:00+00:00,PRCH,1.3700000047683716,1.3700000047683716,1.3700000047683716,1.3639999628067017,1.3639999628067017,1025.0
2024-10-25 09:50:00+00:00,PRGS,64.66999816894531,64.66999816894531,64.66999816894531,64.66999816894531,64.66999816894531,1001.0
2024-10-25 09:50:00+00:00,QCOM,171.07000732421875,171.07000732421875,171.16799926757812,171.05999755859375,171.1199951171875,2898.0
2024-10-25 09:50:00+00:00,QLYS,121.30000305175781,121.30000305175781,121.30000305175781,121.30000305175781,121.30000305175781,271.0
2024-10-25 09:50:00+00:00,QUBT,1.1449999809265137,1.1449999809265137,1.1449999809265137,1.1399999856948853,1.1399999856948853,433.0
2024-10-25 09:50:00+00:00,REKR,1.100000023841858,1.100000023841858,1.100000023841858,1.100000023841858,1.100000023841858,200.0
2024-10-25 09:50:00+00:00,RGTI,1.284999966621399,1.284999966621399,1.2899999618530273,1.2799999713897705,1.2825000286102295,11910.0
2024-10-25 09:50:00+00:00,RIOT,10.020000457763672,10.020000457763672,10.020000457763672,9.984000205993652,9.989999771118164,63827.0
2024-10-25 09:50:00+00:00,RMBS,43.02149963378906,43.02149963378906,43.02149963378906,43.02000045776367,43.02000045776367,517.0
2024-10-25 09:50:00+00:00,RPD,39.34000015258789,39.34000015258789,39.35929870605469,39.27000045776367,39.34000015258789,4728.0
2024-10-25 09:50:00+00:00,RUM,5.590000152587891,5.590000152587891,5.604000091552734,5.590000152587891,5.604000091552734,9191.0
2024-10-25 09:50:00+00:00,RUN,14.265000343322754,14.265000343322754,14.270000457763672,14.220000267028809,14.229999542236328,17988.0
2024-10-25 09:50:00+00:00,SATS,25.010000228881836,25.010000228881836,25.010000228881836,25.010000228881836,25.010000228881836,400.0
2024-10-25 09:50:00+00:00,SBIGW,0.0008999999845400453,0.0008999999845400453,0.0008999999845400453,0.0008999999845400453,0.0008999999845400453,0.0
2024-10-25 09:50:00+00:00,SCSC,45.540000915527344,45.540000915527344,45.540000915527344,45.540000915527344,45.540000915527344,146.0
2024-10-25 09:50:00+00:00,SEDG,15.539999961853027,15.539999961853027,15.539999961853027,15.479999542236328,15.510000228881836,4874.0
2024-10-25 09:50:00+00:00,SHLS,5.170000076293945,5.170000076293945,5.170000076293945,5.170000076293945,5.170000076293945,686.0
2024-10-25 09:50:00+00:00,SIMO,56.93000030517578,56.93000030517578,57.02000045776367,56.93000030517578,57.02000045776367,1120.0
2024-10-25 09:50:00+00:00,SKYT,10.739999771118164,10.739999771118164,10.739999771118164,10.739999771118164,10.739999771118164,1154.0
2024-10-25 09:50:00+00:00,SLNH,3.984999895095825,3.984999895095825,3.984999895095825,3.984999895095825,3.984999895095825,200.0
2024-10-25 09:50:00+00:00,SMCI,47.46030044555664,47.46030044555664,47.56999969482422,47.31999969482422,47.4900016784668,109664.0
2024-10-25 09:50:00+00:00,SMSI,0.8270000219345093,0.8270000219345093,0.8270000219345093,0.8270000219345093,0.8270000219345093,194.0
2024-10-25 09:50:00+00:00,SMTC,45.439998626708984,45.439998626708984,45.439998626708984,45.29999923706055,45.29999923706055,1101.0
2024-10-25 09:50:00+00:00,SNCR,10.880000114440918,10.880000114440918,10.880000114440918,10.75,10.75,0.0
2024-10-25 09:50:00+00:00,SNPS,502.8500061035156,502.8500061035156,502.8500061035156,502.8500061035156,502.8500061035156,672.0
2024-10-25 09:50:00+00:00,SONO,12.770000457763672,12.770000457763672,12.770000457763672,12.760000228881836,12.760000228881836,936.0
2024-10-25 09:50:00+00:00,SOUN,5.319799900054932,5.319799900054932,5.329699993133545,5.314599990844727,5.328000068664551,21684.0
2024-10-25 09:50:00+00:00,SSNC,69.98999786376953,69.98999786376953,70.05000305175781,69.9000015258789,69.93499755859375,32076.0
2024-10-25 09:50:00+00:00,STNE,11.345000267028809,11.345000267028809,11.359600067138672,11.345000267028809,11.359600067138672,859.0
2024-10-25 09:50:00+00:00,STX,104.25,104.25,104.41999816894531,104.25,104.38500213623047,4357.0
2024-10-25 09:50:00+00:00,SURG,1.715000033378601,1.715000033378601,1.715000033378601,1.715000033378601,1.715000033378601,450.0
2024-10-25 09:50:00+00:00,SVRE,0.08560000360012054,0.08560000360012054,0.08560000360012054,0.08560000360012054,0.08560000360012054,1196.0
2024-10-25 09:50:00+00:00,SWKS,95.70500183105469,95.70500183105469,95.70999908447266,95.68499755859375,95.70999908447266,2292.0
2024-10-25 09:50:00+00:00,SYTA,1.15910005569458,1.15910005569458,1.159999966621399,1.149999976158142,1.1579999923706055,9492.0
2024-10-25 09:50:00+00:00,TEAM,192.39999389648438,192.39999389648438,192.4600067138672,192.36000061035156,192.4600067138672,2246.0
2024-10-25 09:50:00+00:00,TER,111.6500015258789,111.6500015258789,112.0374984741211,111.61000061035156,112.0374984741211,5919.0
2024-10-25 09:50:00+00:00,TGL,0.6868000030517578,0.6868000030517578,0.6868000030517578,0.6868000030517578,0.6868000030517578,2752.0
2024-10-25 09:50:00+00:00,TLS,3.5950000286102295,3.5950000286102295,3.5950000286102295,3.5950000286102295,3.5950000286102295,600.0
2024-10-25 09:50:00+00:00,TRMB,61.0099983215332,61.0099983215332,61.0099983215332,61.0,61.0,254.0
2024-10-25 09:50:00+00:00,TSEM,44.724998474121094,44.724998474121094,44.834999084472656,44.724998474121094,44.834999084472656,717.0
2024-10-25 09:50:00+00:00,TTD,121.2698974609375,121.2698974609375,121.30000305175781,121.12000274658203,121.27999877929688,18842.0
2024-10-25 09:50:00+00:00,TWKS,4.449999809265137,4.449999809265137,4.449999809265137,4.449999809265137,4.449999809265137,2221.0
2024-10-25 09:50:00+00:00,TXN,210.2899932861328,210.2899932861328,210.3300018310547,210.19000244140625,210.25999450683594,3471.0
2024-10-25 09:50:00+00:00,VCSA,2.4800000190734863,2.4800000190734863,2.4800000190734863,2.4800000190734863,2.4800000190734863,808.0
2024-10-25 09:50:00+00:00,VECO,29.3700008392334,29.3700008392334,29.3700008392334,29.3700008392334,29.3700008392334,1157.0
2024-10-25 09:50:00+00:00,VERI,3.4800000190734863,3.4800000190734863,3.4800000190734863,3.460599899291992,3.4719998836517334,2040.0
2024-10-25 09:50:00+00:00,VERX,42.45000076293945,42.45000076293945,42.470001220703125,42.34000015258789,42.470001220703125,1881.0
2024-10-25 09:50:00+00:00,VNET,3.4149999618530273,3.4149999618530273,3.4149999618530273,3.4149999618530273,3.4149999618530273,1.0
2024-10-25 09:50:00+00:00,VS,2.5810999870300293,2.5810999870300293,2.5810999870300293,2.5810999870300293,2.5810999870300293,870.0
2024-10-25 09:50:00+00:00,VUZI,1.3250000476837158,1.3250000476837158,1.3250000476837158,1.320199966430664,1.320199966430664,5187.0
2024-10-25 09:50:00+00:00,WDAY,242.84500122070312,242.84500122070312,243.02000427246094,242.84500122070312,242.86000061035156,2844.0
2024-10-25 09:50:00+00:00,WDC,71.44999694824219,71.44999694824219,71.53949737548828,71.2677993774414,71.45899963378906,36347.0
2024-10-25 09:50:00+00:00,WISA,1.8282999992370605,1.8282999992370605,1.8282999992370605,1.8250000476837158,1.8250000476837158,3104.0
2024-10-25 09:50:00+00:00,WIX,164.4949951171875,164.4949951171875,164.4949951171875,164.4949951171875,164.4949951171875,845.0
2024-10-25 09:50:00+00:00,WRAP,1.9199999570846558,1.9199999570846558,1.9199999570846558,1.9199999570846558,1.9199999570846558,200.0
2024-10-25 09:50:00+00:00,XRX,10.170000076293945,10.170000076293945,10.170000076293945,10.154999732971191,10.154999732971191,5244.0
2024-10-25 09:50:00+00:00,ZBRA,363.9599914550781,363.9599914550781,363.9599914550781,363.9599914550781,363.9599914550781,531.0
2024-10-25 09:50:00+00:00,ZI,10.520099639892578,10.520099639892578,10.520099639892578,10.520099639892578,10.520099639892578,6065.0
2024-10-25 09:50:00+00:00,ZM,73.60379791259766,73.60379791259766,73.6718978881836,73.59010314941406,73.66000366210938,3511.0
2024-10-25 09:50:00+00:00,ZS,188.0800018310547,188.0800018310547,188.27000427246094,188.0800018310547,188.27000427246094,1572.0
2024-10-25 09:51:00+00:00,AAOI,17.75,17.75,17.75,17.75,17.75,3442.0
2024-10-25 09:51:00+00:00,AAPL,231.33990478515625,231.33990478515625,231.4698944091797,231.29800415039062,231.32000732421875,84138.0
2024-10-25 09:51:00+00:00,ACLS,91.19000244140625,91.19000244140625,91.19000244140625,91.19000244140625,91.19000244140625,882.0
2024-10-25 09:51:00+00:00,ACMR,19.44070053100586,19.44070053100586,19.44070053100586,19.44070053100586,19.44070053100586,12373.0
2024-10-25 09:51:00+00:00,ADBE,486.010009765625,486.010009765625,487.260009765625,486.010009765625,487.260009765625,6607.0
2024-10-25 09:51:00+00:00,ADI,234.0050048828125,234.0050048828125,234.0050048828125,233.73800659179688,233.73800659179688,3431.0
2024-10-25 09:51:00+00:00,AEHR,16.424999237060547,16.424999237060547,16.43000030517578,16.389999389648438,16.389999389648438,3410.0
2024-10-25 09:51:00+00:00,AFRM,41.845001220703125,41.845001220703125,41.849998474121094,41.790000915527344,41.790000915527344,9089.0
2024-10-25 09:51:00+00:00,AKAM,103.4749984741211,103.4749984741211,103.66999816894531,103.4749984741211,103.66999816894531,4996.0
2024-10-25 09:51:00+00:00,AKTS,0.05869999900460243,0.05869999900460243,0.05869999900460243,0.05869999900460243,0.05869999900460243,72140.0
2024-10-25 09:51:00+00:00,ALGM,22.440000534057617,22.440000534057617,22.440000534057617,22.367399215698242,22.367399215698242,4126.0
2024-10-25 09:51:00+00:00,ALKT,38.43000030517578,38.43000030517578,38.43000030517578,38.38999938964844,38.38999938964844,493.0
2024-10-25 09:51:00+00:00,AMAT,187.3477020263672,187.3477020263672,187.3800048828125,187.2545928955078,187.2545928955078,6325.0
2024-10-25 09:51:00+00:00,AMBA,58.29999923706055,58.29999923706055,58.29999923706055,58.27000045776367,58.27000045776367,688.0
2024-10-25 09:51:00+00:00,AMD,157.72500610351562,157.72500610351562,157.72999572753906,157.67999267578125,157.69500732421875,82663.0
2024-10-25 09:51:00+00:00,AMKR,29.989999771118164,29.989999771118164,29.989999771118164,29.889999389648438,29.889999389648438,3126.0
2024-10-25 09:51:00+00:00,ANSS,326.7200012207031,326.7200012207031,326.7200012207031,326.7200012207031,326.7200012207031,833.0
2024-10-25 09:51:00+00:00,ANY,1.090000033378601,1.090000033378601,1.090000033378601,1.090000033378601,1.090000033378601,1002.0
2024-10-25 09:51:00+00:00,AOSL,36.91999816894531,36.91999816894531,36.91999816894531,36.91999816894531,36.91999816894531,7950.0
2024-10-25 09:51:00+00:00,API,2.700000047683716,2.700000047683716,2.700000047683716,2.700000047683716,2.700000047683716,75.0
2024-10-25 09:51:00+00:00,APP,161.77000427246094,161.77000427246094,161.77000427246094,161.25999450683594,161.37989807128906,6614.0
2024-10-25 09:51:00+00:00,APPF,235.14999389648438,235.14999389648438,235.14999389648438,234.5,234.52000427246094,1722.0
2024-10-25 09:51:00+00:00,APPS,3.140000104904175,3.140000104904175,3.140000104904175,3.130000114440918,3.130000114440918,1112.0
2024-10-25 09:51:00+00:00,ARRY,6.304999828338623,6.304999828338623,6.304999828338623,6.295000076293945,6.297699928283691,16888.0
2024-10-25 09:51:00+00:00,ASML,717.4400024414062,717.4400024414062,717.4400024414062,717.4400024414062,717.4400024414062,3370.0
2024-10-25 09:51:00+00:00,ASNS,1.340000033378601,1.340000033378601,1.340000033378601,1.340000033378601,1.340000033378601,4005.0
2024-10-25 09:51:00+00:00,AUR,6.440000057220459,6.440000057220459,6.449999809265137,6.429999828338623,6.429999828338623,8672.0
2024-10-25 09:51:00+00:00,AVDX,8.265000343322754,8.265000343322754,8.274999618530273,8.265000343322754,8.274999618530273,2592.0
2024-10-25 09:51:00+00:00,AVGO,174.25,174.25,174.25,174.1649932861328,174.1699981689453,28647.0
2024-10-25 09:51:00+00:00,AVPT,12.119999885559082,12.119999885559082,12.119999885559082,12.119999885559082,12.119999885559082,904.0
2024-10-25 09:51:00+00:00,BASE,16.68000030517578,16.68000030517578,16.68000030517578,16.68000030517578,16.68000030517578,634.0
2024-10-25 09:51:00+00:00,BCOV,2.259999990463257,2.259999990463257,2.259999990463257,2.259999990463257,2.259999990463257,936.0
2024-10-25 09:51:00+00:00,BIGC,5.361999988555908,5.361999988555908,5.364999771118164,5.361999988555908,5.364999771118164,1398.0
2024-10-25 09:51:00+00:00,BMBL,7.260000228881836,7.260000228881836,7.260000228881836,7.260000228881836,7.260000228881836,530.0
2024-10-25 09:51:00+00:00,BRZE,31.184999465942383,31.184999465942383,31.219999313354492,31.184999465942383,31.219999313354492,512.0
2024-10-25 09:51:00+00:00,BSY,49.47330093383789,49.47330093383789,49.47330093383789,49.441001892089844,49.441001892089844,990.0
2024-10-25 09:51:00+00:00,CAN,0.9965000152587891,0.9965000152587891,0.996999979019165,0.9965000152587891,0.996999979019165,1600.0
2024-10-25 09:51:00+00:00,CDNS,256.4100036621094,256.4100036621094,256.4100036621094,256.4100036621094,256.4100036621094,3445.0
2024-10-25 09:51:00+00:00,CDW,219.55499267578125,219.55499267578125,219.55499267578125,219.55499267578125,219.55499267578125,805.0
2024-10-25 09:51:00+00:00,CETX,0.2978000044822693,0.2978000044822693,0.2989000082015991,0.2978000044822693,0.29829999804496765,17418.0
2024-10-25 09:51:00+00:00,CFLT,22.389999389648438,22.389999389648438,22.389999389648438,22.3700008392334,22.3700008392334,112702.0
2024-10-25 09:51:00+00:00,CGNX,39.2400016784668,39.2400016784668,39.25,39.2400016784668,39.2400016784668,4647.0
2024-10-25 09:51:00+00:00,CLBT,18.079999923706055,18.079999923706055,18.079999923706055,18.079999923706055,18.079999923706055,853.0
2024-10-25 09:51:00+00:00,CLSK,12.005000114440918,12.005000114440918,12.020000457763672,11.991000175476074,12.015000343322754,157956.0
2024-10-25 09:51:00+00:00,CMTL,3.7200000286102295,3.7200000286102295,3.7200000286102295,3.7200000286102295,3.7200000286102295,269.0
2024-10-25 09:51:00+00:00,CNDT,3.7300000190734863,3.7300000190734863,3.7300000190734863,3.7249999046325684,3.7249999046325684,461.0
2024-10-25 09:51:00+00:00,CNXC,45.08000183105469,45.08000183105469,45.150001525878906,45.08000183105469,45.13999938964844,2989.0
2024-10-25 09:51:00+00:00,COHR,97.12000274658203,97.12000274658203,97.12999725341797,96.9739990234375,97.04000091552734,2675.0
2024-10-25 09:51:00+00:00,COHU,25.954999923706055,25.954999923706055,25.954999923706055,25.954999923706055,25.954999923706055,1415.0
2024-10-25 09:51:00+00:00,COIN,210.34959411621094,210.34959411621094,210.34959411621094,210.13999938964844,210.29930114746094,49627.0
2024-10-25 09:51:00+00:00,COMM,6.465000152587891,6.465000152587891,6.465000152587891,6.430600166320801,6.430600166320801,6367.0
2024-10-25 09:51:00+00:00,CORZ,13.890000343322754,13.890000343322754,13.899999618530273,13.875,13.875,38347.0
2024-10-25 09:51:00+00:00,CORZW,8.260000228881836,8.260000228881836,8.260000228881836,8.260000228881836,8.260000228881836,349.0
2024-10-25 09:51:00+00:00,CRDO,39.7400016784668,39.7400016784668,39.7400016784668,39.7400016784668,39.7400016784668,3704.0
2024-10-25 09:51:00+00:00,CRNC,2.8299999237060547,2.8299999237060547,2.8299999237060547,2.8299999237060547,2.8299999237060547,11450.0
2024-10-25 09:51:00+00:00,CRSR,6.449999809265137,6.449999809265137,6.449999809265137,6.429999828338623,6.429999828338623,3452.0
2024-10-25 09:51:00+00:00,CRUS,123.0,123.0,123.0,122.56999969482422,122.56999969482422,9278.0
2024-10-25 09:51:00+00:00,CRWD,309.25,309.25,309.6767883300781,309.25,309.4700012207031,3651.0
2024-10-25 09:51:00+00:00,CSCO,56.48500061035156,56.48500061035156,56.5,56.48500061035156,56.4900016784668,60997.0
2024-10-25 09:51:00+00:00,CSIQ,13.371999740600586,13.371999740600586,13.390000343322754,13.364299774169922,13.389900207519531,47338.0
2024-10-25 09:51:00+00:00,CTLP,9.0600004196167,9.0600004196167,9.0600004196167,9.0600004196167,9.0600004196167,183.0
2024-10-25 09:51:00+00:00,CTSH,75.19999694824219,75.19999694824219,75.19999694824219,75.19999694824219,75.19999694824219,1398.0
2024-10-25 09:51:00+00:00,CVLT,134.9499969482422,134.9499969482422,134.9499969482422,134.9499969482422,134.9499969482422,1667.0
2024-10-25 09:51:00+00:00,CYBR,298.2799987792969,298.2799987792969,298.2799987792969,298.2799987792969,298.2799987792969,672.0
2024-10-25 09:51:00+00:00,CYN,3.575000047683716,3.575000047683716,3.575000047683716,3.575000047683716,3.575000047683716,200.0
2024-10-25 09:51:00+00:00,DAKT,13.140000343322754,13.140000343322754,13.199999809265137,13.130000114440918,13.199999809265137,1541.0
2024-10-25 09:51:00+00:00,DATS,1.5901000499725342,1.5901000499725342,1.5901000499725342,1.5901000499725342,1.5901000499725342,2721.0
2024-10-25 09:51:00+00:00,DBX,26.15999984741211,26.15999984741211,26.15999984741211,26.15999984741211,26.15999984741211,5282.0
2024-10-25 09:51:00+00:00,DDOG,126.84600067138672,126.84600067138672,126.84600067138672,126.84600067138672,126.84600067138672,2664.0
2024-10-25 09:51:00+00:00,DGHI,1.4139000177383423,1.4139000177383423,1.4139000177383423,1.4139000177383423,1.4139000177383423,0.0
2024-10-25 09:51:00+00:00,DOCU,70.83999633789062,70.83999633789062,70.83999633789062,70.81999969482422,70.81999969482422,2777.0
2024-10-25 09:51:00+00:00,DTSS,2.477099895477295,2.477099895477295,2.477099895477295,2.477099895477295,2.477099895477295,489.0
2024-10-25 09:51:00+00:00,DUOL,284.7300109863281,284.7300109863281,285.8363037109375,284.7300109863281,285.8363037109375,2464.0
2024-10-25 09:51:00+00:00,EEFT,102.80999755859375,102.80999755859375,103.0,102.26000213623047,102.3499984741211,14934.0
2024-10-25 09:51:00+00:00,EMKR,2.1308999061584473,2.1308999061584473,2.1308999061584473,2.1308999061584473,2.1308999061584473,819.0
2024-10-25 09:51:00+00:00,ENPH,81.01499938964844,81.01499938964844,81.01499938964844,80.97010040283203,80.97010040283203,43990.0
2024-10-25 09:51:00+00:00,ENTG,105.05000305175781,105.05000305175781,105.05000305175781,104.9800033569336,104.9800033569336,1971.0
2024-10-25 09:51:00+00:00,ERIC,8.513999938964844,8.513999938964844,8.515000343322754,8.513999938964844,8.515000343322754,29424.0
2024-10-25 09:51:00+00:00,EXFY,1.715000033378601,1.715000033378601,1.715000033378601,1.715000033378601,1.715000033378601,639.0
2024-10-25 09:51:00+00:00,EXTR,14.574999809265137,14.574999809265137,14.579999923706055,14.574999809265137,14.579999923706055,1270.0
2024-10-25 09:51:00+00:00,FIVN,31.1200008392334,31.1200008392334,31.1200008392334,31.1200008392334,31.1200008392334,808.0
2024-10-25 09:51:00+00:00,FLEX,35.404998779296875,35.404998779296875,35.404998779296875,35.36000061035156,35.36000061035156,5578.0
2024-10-25 09:51:00+00:00,FLYW,17.780000686645508,17.780000686645508,17.780000686645508,17.780000686645508,17.780000686645508,465.0
2024-10-25 09:51:00+00:00,FORM,45.0,45.0,45.0,45.0,45.0,221.0
2024-10-25 09:51:00+00:00,FROG,29.520000457763672,29.520000457763672,29.524999618530273,29.520000457763672,29.524999618530273,1465.0
2024-10-25 09:51:00+00:00,FRSH,11.710000038146973,11.710000038146973,11.720000267028809,11.710000038146973,11.720000267028809,1126.0
2024-10-25 09:51:00+00:00,FTNT,81.20999908447266,81.20999908447266,81.20999908447266,81.18000030517578,81.19000244140625,4360.0
2024-10-25 09:51:00+00:00,GCT,25.440000534057617,25.440000534057617,25.440000534057617,25.396900177001953,25.415000915527344,2642.0
2024-10-25 09:51:00+00:00,GFS,40.790000915527344,40.790000915527344,40.81999969482422,40.790000915527344,40.81999969482422,4717.0
2024-10-25 09:51:00+00:00,GRAB,4.053299903869629,4.053299903869629,4.054999828338623,4.050000190734863,4.050000190734863,301920.0
2024-10-25 09:51:00+00:00,GRRR,4.840000152587891,4.840000152587891,4.849999904632568,4.840000152587891,4.840000152587891,715.0
2024-10-25 09:51:00+00:00,GSIT,3.2799999713897705,3.2799999713897705,3.2799999713897705,3.2799999713897705,3.2799999713897705,1750.0
2024-10-25 09:51:00+00:00,GTLB,56.755001068115234,56.755001068115234,56.755001068115234,56.755001068115234,56.755001068115234,471.0
2024-10-25 09:51:00+00:00,HCP,33.665000915527344,33.665000915527344,33.665000915527344,33.665000915527344,33.665000915527344,142.0
2024-10-25 09:51:00+00:00,HEAR,16.469999313354492,16.469999313354492,16.469999313354492,16.469999313354492,16.469999313354492,108.0
2024-10-25 09:51:00+00:00,HIMX,6.190000057220459,6.190000057220459,6.190000057220459,6.164999961853027,6.164999961853027,3448.0
2024-10-25 09:51:00+00:00,HOLO,3.874000072479248,3.874000072479248,3.874000072479248,3.8399999141693115,3.8459999561309814,37615.0
2024-10-25 09:51:00+00:00,HOOD,27.399999618530273,27.399999618530273,27.415000915527344,27.392000198364258,27.405000686645508,11112.0
2024-10-25 09:51:00+00:00,IIIV,23.049999237060547,23.049999237060547,23.049999237060547,23.030000686645508,23.030000686645508,1245.0
2024-10-25 09:51:00+00:00,IMTE,1.600000023841858,1.600000023841858,1.690000057220459,1.600000023841858,1.690000057220459,1610.0
2024-10-25 09:51:00+00:00,INDI,3.5199999809265137,3.5199999809265137,3.5199999809265137,3.5199999809265137,3.5199999809265137,8303.0
2024-10-25 09:51:00+00:00,INOD,19.989999771118164,19.989999771118164,20.030000686645508,19.90169906616211,19.90169906616211,4648.0
2024-10-25 09:51:00+00:00,INTC,22.93000030517578,22.93000030517578,22.940000534057617,22.889999389648438,22.895000457763672,356282.0
2024-10-25 09:51:00+00:00,INTU,612.7899780273438,612.7899780273438,612.9000244140625,612.7899780273438,612.9000244140625,547.0
2024-10-25 09:51:00+00:00,JKHY,185.08059692382812,185.08059692382812,185.08059692382812,185.08059692382812,185.08059692382812,186.0
2024-10-25 09:51:00+00:00,KC,2.684999942779541,2.684999942779541,2.684999942779541,2.684999942779541,2.684999942779541,3494.0
2024-10-25 09:51:00+00:00,KLAC,674.760009765625,674.760009765625,674.760009765625,674.1224975585938,674.1224975585938,2279.0
2024-10-25 09:51:00+00:00,KLIC,44.130001068115234,44.130001068115234,44.130001068115234,44.130001068115234,44.130001068115234,518.0
2024-10-25 09:51:00+00:00,LITE,64.72000122070312,64.72000122070312,64.72000122070312,64.72000122070312,64.72000122070312,172.0
2024-10-25 09:51:00+00:00,LOGI,80.87999725341797,80.87999725341797,80.87999725341797,80.80999755859375,80.80999755859375,2421.0
2024-10-25 09:51:00+00:00,LPSN,1.2107000350952148,1.2107000350952148,1.2107000350952148,1.2107000350952148,1.2107000350952148,1201.0
2024-10-25 09:51:00+00:00,LRCX,77.8499984741211,77.8499984741211,77.8499984741211,77.79499816894531,77.79499816894531,31104.0
2024-10-25 09:51:00+00:00,LSCC,54.95000076293945,54.95000076293945,54.95000076293945,54.95000076293945,54.95000076293945,880.0
2024-10-25 09:51:00+00:00,LYFT,13.729900360107422,13.729900360107422,13.729900360107422,13.704999923706055,13.704999923706055,23499.0
2024-10-25 09:51:00+00:00,MAXN,5.511899948120117,5.511899948120117,5.511899948120117,5.5,5.5,836.0
2024-10-25 09:51:00+00:00,MCHP,77.31500244140625,77.31500244140625,77.31500244140625,77.2699966430664,77.2699966430664,12443.0
2024-10-25 09:51:00+00:00,MDB,269.80999755859375,269.80999755859375,270.1549987792969,269.80999755859375,270.1549987792969,1247.0
2024-10-25 09:51:00+00:00,MKSI,100.80000305175781,100.80000305175781,100.80000305175781,100.80000305175781,100.80000305175781,962.0
2024-10-25 09:51:00+00:00,MNDY,300.1099853515625,300.1099853515625,300.364990234375,300.1099853515625,300.1600036621094,6117.0
2024-10-25 09:51:00+00:00,MPWR,916.4949951171875,916.4949951171875,916.4949951171875,916.4949951171875,916.4949951171875,2059.0
2024-10-25 09:51:00+00:00,MQ,5.360000133514404,5.360000133514404,5.369999885559082,5.360000133514404,5.369999885559082,24718.0
2024-10-25 09:51:00+00:00,MRVL,82.70500183105469,82.70500183105469,82.7300033569336,82.69419860839844,82.69999694824219,7863.0
2024-10-25 09:51:00+00:00,MSFT,432.2699890136719,432.2699890136719,432.4800109863281,432.2699890136719,432.360107421875,70329.0
2024-10-25 09:51:00+00:00,MSTR,239.47000122070312,239.47000122070312,239.5482940673828,238.9499969482422,239.17999267578125,139280.0
2024-10-25 09:51:00+00:00,MU,108.87999725341797,108.87999725341797,108.87999725341797,108.80000305175781,108.80000305175781,19904.0
2024-10-25 09:51:00+00:00,MVIS,1.1050000190734863,1.1050000190734863,1.1050000190734863,1.1050000190734863,1.1050000190734863,528.0
2024-10-25 09:51:00+00:00,MXL,14.770000457763672,14.770000457763672,14.829999923706055,14.770000457763672,14.829999923706055,3407.0
2024-10-25 09:51:00+00:00,NSIT,211.25,211.25,211.25,211.25,211.25,9.0
2024-10-25 09:51:00+00:00,NTAP,120.2300033569336,120.2300033569336,120.2300033569336,120.2300033569336,120.2300033569336,1052.0
2024-10-25 09:51:00+00:00,NTNX,62.810001373291016,62.810001373291016,62.84510040283203,62.810001373291016,62.84510040283203,4202.0
2024-10-25 09:51:00+00:00,NVDA,142.37010192871094,142.37010192871094,142.38999938964844,142.2899932861328,142.2902069091797,657721.0
2024-10-25 09:51:00+00:00,NVTS,2.565000057220459,2.565000057220459,2.565000057220459,2.559999942779541,2.559999942779541,35871.0
2024-10-25 09:51:00+00:00,NXPI,244.52000427246094,244.52000427246094,244.52000427246094,244.41000366210938,244.4199981689453,1987.0
2024-10-25 09:51:00+00:00,OLED,204.83999633789062,204.83999633789062,204.83999633789062,204.83999633789062,204.83999633789062,186.0
2024-10-25 09:51:00+00:00,ON,72.20999908447266,72.20999908447266,72.22000122070312,72.12000274658203,72.12000274658203,30144.0
2024-10-25 09:51:00+00:00,OSPN,14.760000228881836,14.760000228881836,14.760000228881836,14.760000228881836,14.760000228881836,592.0
2024-10-25 09:51:00+00:00,PANW,370.35589599609375,370.35589599609375,370.35589599609375,370.32989501953125,370.32989501953125,2110.0
2024-10-25 09:51:00+00:00,PEGA,81.79000091552734,81.79000091552734,81.79000091552734,81.72000122070312,81.72000122070312,368.0
2024-10-25 09:51:00+00:00,PEGY,4.71999979019165,4.71999979019165,4.730000019073486,4.699999809265137,4.730000019073486,1300.0
2024-10-25 09:51:00+00:00,PGY,11.925000190734863,11.925000190734863,11.925000190734863,11.925000190734863,11.925000190734863,434.0
2024-10-25 09:51:00+00:00,PHUN,10.109700202941895,10.109700202941895,10.135000228881836,10.039999961853027,10.135000228881836,424309.0
2024-10-25 09:51:00+00:00,PI,195.50999450683594,195.50999450683594,195.74000549316406,195.5,195.52000427246094,1946.0
2024-10-25 09:51:00+00:00,PLAB,23.725000381469727,23.725000381469727,23.725000381469727,23.725000381469727,23.725000381469727,1339.0
2024-10-25 09:51:00+00:00,PLUS,98.56999969482422,98.56999969482422,98.56999969482422,98.56999969482422,98.56999969482422,1678.0
2024-10-25 09:51:00+00:00,POET,3.9737000465393066,3.9737000465393066,3.9753000736236572,3.9737000465393066,3.9753000736236572,1467.0
2024-10-25 09:51:00+00:00,PRCH,1.3700000047683716,1.3700000047683716,1.3700000047683716,1.3700000047683716,1.3700000047683716,209.0
2024-10-25 09:51:00+00:00,PRGS,64.62000274658203,64.62000274658203,64.62000274658203,64.62000274658203,64.62000274658203,1461.0
2024-10-25 09:51:00+00:00,PUBM,15.109999656677246,15.109999656677246,15.109999656677246,15.109999656677246,15.109999656677246,255.0
2024-10-25 09:51:00+00:00,QCOM,171.22999572753906,171.22999572753906,171.22999572753906,171.04400634765625,171.04400634765625,13105.0
2024-10-25 09:51:00+00:00,QH,1.4149999618530273,1.4149999618530273,1.4149999618530273,1.4149999618530273,1.4149999618530273,675.0
2024-10-25 09:51:00+00:00,QMCO,5.510000228881836,5.510000228881836,5.510000228881836,5.510000228881836,5.510000228881836,235.0
2024-10-25 09:51:00+00:00,QRVO,100.48999786376953,100.48999786376953,100.48999786376953,100.39869689941406,100.39869689941406,5604.0
2024-10-25 09:51:00+00:00,RCAT,2.779900074005127,2.779900074005127,2.779900074005127,2.779900074005127,2.779900074005127,5592.0
2024-10-25 09:51:00+00:00,RELY,14.625,14.625,14.670000076293945,14.625,14.670000076293945,1587.0
2024-10-25 09:51:00+00:00,RGTI,1.2899999618530273,1.2899999618530273,1.2899999618530273,1.2897000312805176,1.2897000312805176,31478.0
2024-10-25 09:51:00+00:00,RIOT,10.0600004196167,10.0600004196167,10.078399658203125,10.0600004196167,10.069999694824219,139144.0
2024-10-25 09:51:00+00:00,RMBS,42.98500061035156,42.98500061035156,42.98500061035156,42.98500061035156,42.98500061035156,139.0
2024-10-25 09:51:00+00:00,RUM,5.610000133514404,5.610000133514404,5.610000133514404,5.610000133514404,5.610000133514404,7056.0
2024-10-25 09:51:00+00:00,RUN,14.25,14.25,14.255000114440918,14.239999771118164,14.255000114440918,72189.0
2024-10-25 09:51:00+00:00,SATS,25.139999389648438,25.139999389648438,25.190000534057617,25.139999389648438,25.18000030517578,6748.0
2024-10-25 09:51:00+00:00,SCSC,45.525001525878906,45.525001525878906,45.525001525878906,45.525001525878906,45.525001525878906,440.0
2024-10-25 09:51:00+00:00,SEDG,15.604999542236328,15.604999542236328,15.609999656677246,15.579999923706055,15.59000015258789,19590.0
2024-10-25 09:51:00+00:00,SHLS,5.175000190734863,5.175000190734863,5.179999828338623,5.170000076293945,5.179999828338623,7491.0
2024-10-25 09:51:00+00:00,SKYT,10.710000038146973,10.710000038146973,10.710000038146973,10.710000038146973,10.710000038146973,980.0
2024-10-25 09:51:00+00:00,SMCI,47.33000183105469,47.33000183105469,47.38999938964844,47.279998779296875,47.34000015258789,109808.0
2024-10-25 09:51:00+00:00,SNCR,10.9399995803833,10.9399995803833,10.9399995803833,10.9399995803833,10.9399995803833,59.0
2024-10-25 09:51:00+00:00,SNPS,503.385009765625,503.385009765625,503.385009765625,503.385009765625,503.385009765625,1910.0
2024-10-25 09:51:00+00:00,SONO,12.800000190734863,12.800000190734863,12.800000190734863,12.800000190734863,12.800000190734863,2404.0
2024-10-25 09:51:00+00:00,SOUN,5.320000171661377,5.320000171661377,5.324999809265137,5.309999942779541,5.309999942779541,35853.0
2024-10-25 09:51:00+00:00,SRAD,12.36989974975586,12.36989974975586,12.36989974975586,12.36989974975586,12.36989974975586,1071.0
2024-10-25 09:51:00+00:00,SSNC,69.7500991821289,69.7500991821289,69.78500366210938,69.7500991821289,69.78500366210938,14711.0
2024-10-25 09:51:00+00:00,STNE,11.354999542236328,11.354999542236328,11.359999656677246,11.354999542236328,11.359999656677246,2902.0
2024-10-25 09:51:00+00:00,STX,104.19000244140625,104.19000244140625,104.19000244140625,104.19000244140625,104.19000244140625,35292.0
2024-10-25 09:51:00+00:00,SWKS,95.94000244140625,95.94000244140625,95.94000244140625,95.8550033569336,95.8550033569336,9711.0
2024-10-25 09:51:00+00:00,SYTA,1.1699999570846558,1.1699999570846558,1.1699999570846558,1.1699999570846558,1.1699999570846558,0.0
2024-10-25 09:51:00+00:00,TASK,12.130000114440918,12.130000114440918,12.130000114440918,12.100000381469727,12.100000381469727,708.0
2024-10-25 09:51:00+00:00,TEAM,191.97999572753906,191.97999572753906,192.40499877929688,191.85360717773438,192.40499877929688,5740.0
2024-10-25 09:51:00+00:00,TER,111.90499877929688,111.90499877929688,111.90499877929688,111.69000244140625,111.76000213623047,7431.0
2024-10-25 09:51:00+00:00,TLS,3.609999895095825,3.609999895095825,3.609999895095825,3.609999895095825,3.609999895095825,3634.0
2024-10-25 09:51:00+00:00,TRMB,61.04999923706055,61.04999923706055,61.04999923706055,61.029998779296875,61.029998779296875,1063.0
2024-10-25 09:51:00+00:00,TTD,121.2311019897461,121.2311019897461,121.2311019897461,121.12999725341797,121.12999725341797,22833.0
2024-10-25 09:51:00+00:00,TWKS,4.445000171661377,4.445000171661377,4.445000171661377,4.445000171661377,4.445000171661377,10061.0
2024-10-25 09:51:00+00:00,TXN,210.57000732421875,210.57000732421875,210.69000244140625,210.42930603027344,210.5500030517578,15671.0
2024-10-25 09:51:00+00:00,VECO,29.389999389648438,29.389999389648438,29.389999389648438,29.3799991607666,29.3799991607666,7647.0
2024-10-25 09:51:00+00:00,VERI,3.490000009536743,3.490000009536743,3.490000009536743,3.490000009536743,3.490000009536743,9989.0
2024-10-25 09:51:00+00:00,VIAV,9.239999771118164,9.239999771118164,9.239999771118164,9.239999771118164,9.239999771118164,546.0
2024-10-25 09:51:00+00:00,VICR,46.8849983215332,46.8849983215332,46.8849983215332,46.8849983215332,46.8849983215332,280.0
2024-10-25 09:51:00+00:00,VMEO,4.760000228881836,4.760000228881836,4.760000228881836,4.760000228881836,4.760000228881836,1584.0
2024-10-25 09:51:00+00:00,VRNS,57.125,57.125,57.125,57.08000183105469,57.09000015258789,772.0
2024-10-25 09:51:00+00:00,VRSN,191.2899932861328,191.2899932861328,191.2899932861328,191.16000366210938,191.16000366210938,8566.0
2024-10-25 09:51:00+00:00,VSAT,10.380000114440918,10.380000114440918,10.380000114440918,10.380000114440918,10.380000114440918,839.0
2024-10-25 09:51:00+00:00,WDAY,242.49000549316406,242.49000549316406,242.69000244140625,242.49000549316406,242.69000244140625,2826.0
2024-10-25 09:51:00+00:00,WDC,71.48500061035156,71.48500061035156,71.55000305175781,71.4000015258789,71.44999694824219,30669.0
2024-10-25 09:51:00+00:00,WISA,1.7899999618530273,1.7899999618530273,1.7899999618530273,1.7899999618530273,1.7899999618530273,8664.0
2024-10-25 09:51:00+00:00,XPER,9.460000038146973,9.460000038146973,9.460000038146973,9.460000038146973,9.460000038146973,130.0
2024-10-25 09:51:00+00:00,XRX,10.180000305175781,10.180000305175781,10.180000305175781,10.180000305175781,10.180000305175781,2757.0
2024-10-25 09:51:00+00:00,ZBRA,363.9599914550781,363.9599914550781,363.9599914550781,363.9599914550781,363.9599914550781,981.0
2024-10-25 09:51:00+00:00,ZI,10.550000190734863,10.550000190734863,10.550000190734863,10.545000076293945,10.545000076293945,5959.0
2024-10-25 09:51:00+00:00,ZM,73.66500091552734,73.66500091552734,73.69000244140625,73.6449966430664,73.69000244140625,5498.0
2024-10-25 09:51:00+00:00,ZS,188.10000610351562,188.10000610351562,188.10000610351562,188.05499267578125,188.05499267578125,2437.0
2024-10-25 09:52:00+00:00,AAOI,17.739999771118164,17.739999771118164,17.760000228881836,17.739999771118164,17.760000228881836,1596.0
2024-10-25 09:52:00+00:00,AAPL,231.47000122070312,231.47000122070312,231.56500244140625,231.2899932861328,231.36000061035156,176868.0
2024-10-25 09:52:00+00:00,ACLS,91.25,91.25,91.25,91.25,91.25,200.0
2024-10-25 09:52:00+00:00,ADBE,486.7101135253906,486.7101135253906,486.8599853515625,486.0799865722656,486.0799865722656,13661.0
2024-10-25 09:52:00+00:00,ADI,234.09500122070312,234.09500122070312,234.27000427246094,233.99000549316406,234.1027069091797,7902.0
2024-10-25 09:52:00+00:00,ADSK,287.5400085449219,287.5400085449219,287.5400085449219,287.5400085449219,287.5400085449219,655.0
2024-10-25 09:52:00+00:00,ADTN,6.320000171661377,6.320000171661377,6.320000171661377,6.320000171661377,6.320000171661377,4939.0
2024-10-25 09:52:00+00:00,AEHR,16.399999618530273,16.399999618530273,16.43000030517578,16.399999618530273,16.424999237060547,2434.0
2024-10-25 09:52:00+00:00,AFRM,42.079898834228516,42.079898834228516,42.079898834228516,41.900001525878906,41.95000076293945,24529.0
2024-10-25 09:52:00+00:00,AIP,6.940000057220459,6.940000057220459,6.940000057220459,6.940000057220459,6.940000057220459,144.0
2024-10-25 09:52:00+00:00,AKAM,103.5,103.5,103.5,103.43000030517578,103.44000244140625,1916.0
2024-10-25 09:52:00+00:00,AKTS,0.05869999900460243,0.05869999900460243,0.058800000697374344,0.05869999900460243,0.058800000697374344,220752.0
2024-10-25 09:52:00+00:00,ALGM,22.489999771118164,22.489999771118164,22.489999771118164,22.420000076293945,22.420000076293945,2685.0
2024-10-25 09:52:00+00:00,ALKT,38.439998626708984,38.439998626708984,38.439998626708984,38.439998626708984,38.439998626708984,251.0
2024-10-25 09:52:00+00:00,ALRM,54.58000183105469,54.58000183105469,54.58000183105469,54.58000183105469,54.58000183105469,292.0
2024-10-25 09:52:00+00:00,ALTR,105.70999908447266,105.70999908447266,105.70999908447266,105.70999908447266,105.70999908447266,408.0
2024-10-25 09:52:00+00:00,AMAT,187.30499267578125,187.30499267578125,187.5800018310547,187.30499267578125,187.47999572753906,11844.0
2024-10-25 09:52:00+00:00,AMBA,58.20000076293945,58.20000076293945,58.20000076293945,58.18000030517578,58.18000030517578,532.0
2024-10-25 09:52:00+00:00,AMD,157.35000610351562,157.35000610351562,157.85000610351562,157.3419952392578,157.78199768066406,158331.0
2024-10-25 09:52:00+00:00,AMKR,29.899999618530273,29.899999618530273,30.0,29.899999618530273,29.98200035095215,6175.0
2024-10-25 09:52:00+00:00,AMPL,9.220000267028809,9.220000267028809,9.220000267028809,9.220000267028809,9.220000267028809,70.0
2024-10-25 09:52:00+00:00,AMST,2.819999933242798,2.819999933242798,2.819999933242798,2.819999933242798,2.819999933242798,1962.0
2024-10-25 09:52:00+00:00,ANSS,326.94000244140625,326.94000244140625,326.94000244140625,326.94000244140625,326.94000244140625,320.0
2024-10-25 09:52:00+00:00,ANY,1.0901000499725342,1.0901000499725342,1.0901000499725342,1.0901000499725342,1.0901000499725342,10500.0
2024-10-25 09:52:00+00:00,APP,161.80999755859375,161.80999755859375,161.94500732421875,161.6699981689453,161.8000030517578,3667.0
2024-10-25 09:52:00+00:00,APPF,231.47999572753906,231.47999572753906,233.80999755859375,231.3699951171875,233.52999877929688,11123.0
2024-10-25 09:52:00+00:00,APPN,32.53499984741211,32.53499984741211,32.53499984741211,32.53499984741211,32.53499984741211,257.0
2024-10-25 09:52:00+00:00,APPS,3.1498000621795654,3.1498000621795654,3.1498000621795654,3.1356000900268555,3.1356000900268555,5512.0
2024-10-25 09:52:00+00:00,ARQQ,7.90500020980835,7.90500020980835,7.90500020980835,7.90500020980835,7.90500020980835,358.0
2024-10-25 09:52:00+00:00,ARRY,6.309999942779541,6.309999942779541,6.309999942779541,6.294000148773193,6.309999942779541,10561.0
2024-10-25 09:52:00+00:00,ASML,717.9149780273438,717.9149780273438,718.469970703125,717.830078125,717.9000244140625,7311.0
2024-10-25 09:52:00+00:00,AUR,6.445000171661377,6.445000171661377,6.445000171661377,6.429999828338623,6.429999828338623,8758.0
2024-10-25 09:52:00+00:00,AVDX,8.260000228881836,8.260000228881836,8.265000343322754,8.244999885559082,8.260000228881836,27019.0
2024-10-25 09:52:00+00:00,AVGO,174.15499877929688,174.15499877929688,174.39999389648438,174.13999938964844,174.3300018310547,124617.0
2024-10-25 09:52:00+00:00,BELFB,78.4800033569336,78.4800033569336,78.4800033569336,78.4800033569336,78.4800033569336,610.0
2024-10-25 09:52:00+00:00,BIGC,5.360000133514404,5.360000133514404,5.360000133514404,5.349999904632568,5.349999904632568,776.0
2024-10-25 09:52:00+00:00,BMBL,7.260000228881836,7.260000228881836,7.262499809265137,7.260000228881836,7.262499809265137,1216.0
2024-10-25 09:52:00+00:00,BRZE,31.200000762939453,31.200000762939453,31.200000762939453,31.190000534057617,31.190000534057617,1215.0
2024-10-25 09:52:00+00:00,BSY,49.5,49.5,49.5,49.4900016784668,49.4900016784668,549.0
2024-10-25 09:52:00+00:00,CAMT,78.20500183105469,78.20500183105469,78.33000183105469,78.1050033569336,78.1050033569336,2964.0
2024-10-25 09:52:00+00:00,CAN,1.0,1.0,1.0,1.0,1.0,3585.0
2024-10-25 09:52:00+00:00,CDNS,256.95001220703125,256.95001220703125,257.0899963378906,256.5,256.5,7820.0
2024-10-25 09:52:00+00:00,CFLT,22.350000381469727,22.350000381469727,22.530000686645508,22.350000381469727,22.420000076293945,36266.0
2024-10-25 09:52:00+00:00,CGNX,39.22999954223633,39.22999954223633,39.22999954223633,39.22999954223633,39.22999954223633,6440.0
2024-10-25 09:52:00+00:00,CLSK,11.970000267028809,11.970000267028809,11.994999885559082,11.944999694824219,11.990500450134277,166336.0
2024-10-25 09:52:00+00:00,CNDT,3.7300000190734863,3.7300000190734863,3.7300000190734863,3.7300000190734863,3.7300000190734863,613.0
2024-10-25 09:52:00+00:00,CNXC,45.0,45.0,45.06999969482422,44.95000076293945,45.06999969482422,4917.0
2024-10-25 09:52:00+00:00,COHR,97.08999633789062,97.08999633789062,97.12999725341797,97.08499908447266,97.11000061035156,1384.0
2024-10-25 09:52:00+00:00,COIN,210.2321014404297,210.2321014404297,210.4600067138672,209.7781982421875,210.1199951171875,62658.0
2024-10-25 09:52:00+00:00,COMM,6.464000225067139,6.464000225067139,6.509900093078613,6.453999996185303,6.464000225067139,117707.0
2024-10-25 09:52:00+00:00,CORZ,13.76990032196045,13.76990032196045,13.84000015258789,13.76990032196045,13.84000015258789,27306.0
2024-10-25 09:52:00+00:00,CRCT,6.460000038146973,6.460000038146973,6.46999979019165,6.460000038146973,6.46999979019165,1166.0
2024-10-25 09:52:00+00:00,CRDO,39.61000061035156,39.61000061035156,39.709999084472656,39.61000061035156,39.709999084472656,2010.0
2024-10-25 09:52:00+00:00,CRNC,2.809999942779541,2.809999942779541,2.809999942779541,2.805000066757202,2.809999942779541,2047.0
2024-10-25 09:52:00+00:00,CRSR,6.460000038146973,6.460000038146973,6.460000038146973,6.454999923706055,6.454999923706055,990.0
2024-10-25 09:52:00+00:00,CRUS,122.79170227050781,122.79170227050781,122.79170227050781,122.79170227050781,122.79170227050781,540.0
2024-10-25 09:52:00+00:00,CRWD,309.7496032714844,309.7496032714844,310.0,309.54998779296875,309.5589904785156,13082.0
2024-10-25 09:52:00+00:00,CSCO,56.47999954223633,56.47999954223633,56.5098991394043,56.470001220703125,56.505001068115234,18317.0
2024-10-25 09:52:00+00:00,CSGS,48.36000061035156,48.36000061035156,48.3849983215332,48.36000061035156,48.3849983215332,435.0
2024-10-25 09:52:00+00:00,CSIQ,13.430000305175781,13.430000305175781,13.454999923706055,13.390000343322754,13.420000076293945,65284.0
2024-10-25 09:52:00+00:00,CTLP,9.055000305175781,9.055000305175781,9.055000305175781,9.050000190734863,9.050000190734863,1332.0
2024-10-25 09:52:00+00:00,CTSH,75.22000122070312,75.22000122070312,75.23500061035156,75.22000122070312,75.23500061035156,2574.0
2024-10-25 09:52:00+00:00,DATS,1.6100000143051147,1.6100000143051147,1.6100000143051147,1.6100000143051147,1.6100000143051147,453.0
2024-10-25 09:52:00+00:00,DBX,26.149999618530273,26.149999618530273,26.15999984741211,26.149999618530273,26.15999984741211,3342.0
2024-10-25 09:52:00+00:00,DDOG,127.06500244140625,127.06500244140625,127.19000244140625,127.05999755859375,127.16500091552734,27527.0
2024-10-25 09:52:00+00:00,DGII,30.049999237060547,30.049999237060547,30.049999237060547,30.049999237060547,30.049999237060547,1277.0
2024-10-25 09:52:00+00:00,DIOD,66.05999755859375,66.05999755859375,66.05999755859375,66.05999755859375,66.05999755859375,522.0
2024-10-25 09:52:00+00:00,DLO,8.770000457763672,8.770000457763672,8.789999961853027,8.770000457763672,8.789999961853027,2422.0
2024-10-25 09:52:00+00:00,DOCU,70.69000244140625,70.69000244140625,70.80999755859375,70.69000244140625,70.80999755859375,2637.0
2024-10-25 09:52:00+00:00,DOMO,7.965000152587891,7.965000152587891,7.965000152587891,7.965000152587891,7.965000152587891,964.0
2024-10-25 09:52:00+00:00,DSGX,105.18000030517578,105.18000030517578,105.18000030517578,105.18000030517578,105.18000030517578,552.0
2024-10-25 09:52:00+00:00,EEFT,101.86000061035156,101.86000061035156,102.0,101.86000061035156,102.0,3827.0
2024-10-25 09:52:00+00:00,EGAN,4.835999965667725,4.835999965667725,4.835999965667725,4.835999965667725,4.835999965667725,960.0
2024-10-25 09:52:00+00:00,ENPH,81.0,81.0,81.16999816894531,80.93099975585938,81.05999755859375,31298.0
2024-10-25 09:52:00+00:00,ENTG,105.12249755859375,105.12249755859375,105.12249755859375,105.12249755859375,105.12249755859375,267.0
2024-10-25 09:52:00+00:00,ERIC,8.515000343322754,8.515000343322754,8.515000343322754,8.510700225830078,8.515000343322754,12380.0
2024-10-25 09:52:00+00:00,EXLS,39.233299255371094,39.233299255371094,39.233299255371094,39.233299255371094,39.233299255371094,139.0
2024-10-25 09:52:00+00:00,EXTR,14.579999923706055,14.579999923706055,14.579999923706055,14.579999923706055,14.579999923706055,597.0
2024-10-25 09:52:00+00:00,FIVN,31.100000381469727,31.100000381469727,31.170000076293945,31.100000381469727,31.1299991607666,3636.0
2024-10-25 09:52:00+00:00,FLEX,35.380001068115234,35.380001068115234,35.38999938964844,35.380001068115234,35.38999938964844,1593.0
2024-10-25 09:52:00+00:00,FLYW,17.780000686645508,17.780000686645508,17.780000686645508,17.780000686645508,17.780000686645508,133.0
2024-10-25 09:52:00+00:00,FORM,45.08000183105469,45.08000183105469,45.08000183105469,45.08000183105469,45.08000183105469,306.0
2024-10-25 09:52:00+00:00,FRGT,1.909999966621399,1.909999966621399,1.909999966621399,1.909999966621399,1.909999966621399,2728.0
2024-10-25 09:52:00+00:00,FRSH,11.704999923706055,11.704999923706055,11.704999923706055,11.704999923706055,11.704999923706055,1148.0
2024-10-25 09:52:00+00:00,FSLR,197.2698974609375,197.2698974609375,197.42999267578125,196.9499969482422,197.2449951171875,13451.0
2024-10-25 09:52:00+00:00,FTCI,0.7221999764442444,0.7221999764442444,0.7300000190734863,0.7221999764442444,0.7294999957084656,15472.0
2024-10-25 09:52:00+00:00,FTNT,81.4800033569336,81.4800033569336,81.4800033569336,81.38999938964844,81.41000366210938,30132.0
2024-10-25 09:52:00+00:00,GCT,25.43000030517578,25.43000030517578,25.440000534057617,25.43000030517578,25.440000534057617,3339.0
2024-10-25 09:52:00+00:00,GDS,21.780000686645508,21.780000686645508,21.809999465942383,21.75,21.780000686645508,6474.0
2024-10-25 09:52:00+00:00,GFS,40.84429931640625,40.84429931640625,40.849998474121094,40.790000915527344,40.84000015258789,5308.0
2024-10-25 09:52:00+00:00,GPRO,1.3300000429153442,1.3300000429153442,1.3300000429153442,1.3300000429153442,1.3300000429153442,562.0
2024-10-25 09:52:00+00:00,GRAB,4.054999828338623,4.054999828338623,4.054999828338623,4.050000190734863,4.050000190734863,196542.0
2024-10-25 09:52:00+00:00,GRRR,4.789999961853027,4.789999961853027,4.820000171661377,4.78000020980835,4.78000020980835,5542.0
2024-10-25 09:52:00+00:00,GSIT,3.299999952316284,3.299999952316284,3.299999952316284,3.299999952316284,3.299999952316284,150.0
2024-10-25 09:52:00+00:00,GTLB,56.78499984741211,56.78499984741211,56.801300048828125,56.72999954223633,56.790000915527344,5593.0
2024-10-25 09:52:00+00:00,HCP,33.665000915527344,33.665000915527344,33.665000915527344,33.665000915527344,33.665000915527344,300.0
2024-10-25 09:52:00+00:00,HIMX,6.190000057220459,6.190000057220459,6.190000057220459,6.190000057220459,6.190000057220459,200.0
2024-10-25 09:52:00+00:00,HOLO,3.8701000213623047,3.8701000213623047,3.892400026321411,3.869999885559082,3.869999885559082,7149.0
2024-10-25 09:52:00+00:00,HOOD,27.43000030517578,27.43000030517578,27.449899673461914,27.400100708007812,27.40999984741211,23480.0
2024-10-25 09:52:00+00:00,IMMR,8.707200050354004,8.707200050354004,8.707200050354004,8.6899995803833,8.6899995803833,3543.0
2024-10-25 09:52:00+00:00,IMTE,1.6449999809265137,1.6449999809265137,1.649999976158142,1.600000023841858,1.649999976158142,2028.0
2024-10-25 09:52:00+00:00,INDI,3.5350000858306885,3.5350000858306885,3.5350000858306885,3.5350000858306885,3.5350000858306885,398.0
2024-10-25 09:52:00+00:00,INFN,6.815000057220459,6.815000057220459,6.820000171661377,6.815000057220459,6.820000171661377,1544.0
2024-10-25 09:52:00+00:00,INOD,20.020000457763672,20.020000457763672,20.030000686645508,20.020000457763672,20.030000686645508,740.0
2024-10-25 09:52:00+00:00,INTC,22.91010093688965,22.91010093688965,22.93000030517578,22.90999984741211,22.924999237060547,328406.0
2024-10-25 09:52:00+00:00,INTU,613.0349731445312,613.0349731445312,613.5599975585938,612.7899780273438,612.7899780273438,5490.0
2024-10-25 09:52:00+00:00,JAMF,16.8799991607666,16.8799991607666,16.8799991607666,16.8799991607666,16.8799991607666,1043.0
2024-10-25 09:52:00+00:00,JKHY,185.10000610351562,185.10000610351562,185.10000610351562,185.10000610351562,185.10000610351562,737.0
2024-10-25 09:52:00+00:00,KC,2.680000066757202,2.680000066757202,2.690000057220459,2.680000066757202,2.690000057220459,9800.0
2024-10-25 09:52:00+00:00,KLAC,674.9650268554688,674.9650268554688,674.9650268554688,674.9650268554688,674.9650268554688,451.0
2024-10-25 09:52:00+00:00,KLIC,44.189998626708984,44.189998626708984,44.189998626708984,44.189998626708984,44.189998626708984,256.0
2024-10-25 09:52:00+00:00,LINK,6.349999904632568,6.349999904632568,6.349999904632568,5.5,5.769999980926514,89148.0
2024-10-25 09:52:00+00:00,LITE,64.74500274658203,64.74500274658203,64.79000091552734,64.7249984741211,64.7249984741211,5551.0
2024-10-25 09:52:00+00:00,LRCX,77.77999877929688,77.77999877929688,77.9739990234375,77.75,77.86519622802734,47734.0
2024-10-25 09:52:00+00:00,LSCC,54.880001068115234,54.880001068115234,54.91999816894531,54.880001068115234,54.900001525878906,2038.0
2024-10-25 09:52:00+00:00,LTCH,0.39010000228881836,0.39010000228881836,0.39010000228881836,0.39010000228881836,0.39010000228881836,1116.0
2024-10-25 09:52:00+00:00,LTRX,4.03000020980835,4.03000020980835,4.03000020980835,4.03000020980835,4.03000020980835,327.0
2024-10-25 09:52:00+00:00,LYFT,13.729999542236328,13.729999542236328,13.734999656677246,13.710100173950195,13.720000267028809,21689.0
2024-10-25 09:52:00+00:00,MAXN,5.5279998779296875,5.5279998779296875,5.5279998779296875,5.5279998779296875,5.5279998779296875,658.0
2024-10-25 09:52:00+00:00,MCHP,77.30000305175781,77.30000305175781,77.43000030517578,77.30000305175781,77.38999938964844,18398.0
2024-10-25 09:52:00+00:00,MDB,269.5849914550781,269.5849914550781,270.5,269.5849914550781,270.5,3121.0
2024-10-25 09:52:00+00:00,MNDY,300.0899963378906,300.0899963378906,300.3570861816406,300.0899963378906,300.19500732421875,2111.0
2024-10-25 09:52:00+00:00,MQ,5.369999885559082,5.369999885559082,5.369999885559082,5.369999885559082,5.369999885559082,400.0
2024-10-25 09:52:00+00:00,MRVL,82.60009765625,82.60009765625,82.83499908447266,82.5999984741211,82.73999786376953,24904.0
2024-10-25 09:52:00+00:00,MSFT,432.114990234375,432.114990234375,432.489990234375,432.0899963378906,432.1199951171875,130600.0
2024-10-25 09:52:00+00:00,MSTR,239.3800048828125,239.3800048828125,239.8699951171875,238.89999389648438,239.64500427246094,187464.0
2024-10-25 09:52:00+00:00,MTC,0.36910000443458557,0.36910000443458557,0.3695000112056732,0.36910000443458557,0.3695000112056732,5332.0
2024-10-25 09:52:00+00:00,MTLS,6.090000152587891,6.090000152587891,6.090000152587891,6.090000152587891,6.090000152587891,654.0
2024-10-25 09:52:00+00:00,MTTR,4.664999961853027,4.664999961853027,4.664999961853027,4.664999961853027,4.664999961853027,875.0
2024-10-25 09:52:00+00:00,MU,108.95999908447266,108.95999908447266,109.08999633789062,108.92250061035156,109.02999877929688,110031.0
2024-10-25 09:52:00+00:00,MVIS,1.1050000190734863,1.1050000190734863,1.1050000190734863,1.1050000190734863,1.1050000190734863,153.0
2024-10-25 09:52:00+00:00,MXL,14.800000190734863,14.800000190734863,14.824199676513672,14.75529956817627,14.8100004196167,8198.0
2024-10-25 09:52:00+00:00,MYSZ,1.6399999856948853,1.6399999856948853,1.659999966621399,1.6399999856948853,1.659999966621399,0.0
2024-10-25 09:52:00+00:00,NCNO,38.439998626708984,38.439998626708984,38.470001220703125,38.439998626708984,38.470001220703125,4767.0
2024-10-25 09:52:00+00:00,NEON,8.029999732971191,8.029999732971191,8.029999732971191,8.0,8.0,470.0
2024-10-25 09:52:00+00:00,NICE,178.27000427246094,178.27000427246094,178.35000610351562,178.02000427246094,178.35000610351562,3408.0
2024-10-25 09:52:00+00:00,NNDM,2.3350000381469727,2.3350000381469727,2.3350000381469727,2.3350000381469727,2.3350000381469727,1594.0
2024-10-25 09:52:00+00:00,NTAP,120.19000244140625,120.19000244140625,120.25,120.16999816894531,120.23999786376953,2518.0
2024-10-25 09:52:00+00:00,NTNX,63.07500076293945,63.07500076293945,63.07500076293945,62.880001068115234,62.880001068115234,7075.0
2024-10-25 09:52:00+00:00,NVDA,142.44000244140625,142.44000244140625,142.60000610351562,142.38999938964844,142.53089904785156,1476480.0
2024-10-25 09:52:00+00:00,NVEI,33.529998779296875,33.529998779296875,33.529998779296875,33.529998779296875,33.529998779296875,726.0
2024-10-25 09:52:00+00:00,NVMI,183.82000732421875,183.82000732421875,184.1199951171875,183.82000732421875,184.1199951171875,1594.0
2024-10-25 09:52:00+00:00,NVTS,2.559999942779541,2.559999942779541,2.559999942779541,2.559999942779541,2.559999942779541,10423.0
2024-10-25 09:52:00+00:00,NXPI,244.74000549316406,244.74000549316406,244.8000030517578,244.33999633789062,244.77000427246094,5741.0
2024-10-25 09:52:00+00:00,OKTA,72.95999908447266,72.95999908447266,73.04000091552734,72.95999908447266,73.0199966430664,8066.0
2024-10-25 09:52:00+00:00,OLED,204.1195068359375,204.1195068359375,204.1195068359375,204.1195068359375,204.1195068359375,286.0
2024-10-25 09:52:00+00:00,ON,72.29900360107422,72.29900360107422,72.36000061035156,72.26000213623047,72.33000183105469,28238.0
2024-10-25 09:52:00+00:00,OSPN,14.729999542236328,14.729999542236328,14.729999542236328,14.729999542236328,14.729999542236328,749.0
2024-10-25 09:52:00+00:00,OTEX,33.599998474121094,33.599998474121094,33.599998474121094,33.59000015258789,33.59000015258789,1346.0
2024-10-25 09:52:00+00:00,PANW,370.6600036621094,370.6600036621094,370.79998779296875,370.4700012207031,370.510009765625,9160.0
2024-10-25 09:52:00+00:00,PEGA,81.45999908447266,81.45999908447266,81.86499786376953,81.45999908447266,81.79499816894531,11175.0
2024-10-25 09:52:00+00:00,PEGY,4.620100021362305,4.620100021362305,4.699999809265137,4.620100021362305,4.699999809265137,3930.0
2024-10-25 09:52:00+00:00,PGY,11.939900398254395,11.939900398254395,11.9399995803833,11.90999984741211,11.90999984741211,3754.0
2024-10-25 09:52:00+00:00,PHUN,10.031999588012695,10.031999588012695,10.1899995803833,10.010000228881836,10.141500473022461,473181.0
2024-10-25 09:52:00+00:00,PI,196.67999267578125,196.67999267578125,196.67999267578125,196.3000030517578,196.67999267578125,2730.0
2024-10-25 09:52:00+00:00,POET,3.9700000286102295,3.9700000286102295,3.9700000286102295,3.9700000286102295,3.9700000286102295,762.0
2024-10-25 09:52:00+00:00,POWI,63.131500244140625,63.131500244140625,63.131500244140625,63.131500244140625,63.131500244140625,204.0
2024-10-25 09:52:00+00:00,PRCH,1.3650000095367432,1.3650000095367432,1.3650000095367432,1.3600000143051147,1.3600000143051147,8882.0
2024-10-25 09:52:00+00:00,PRGS,64.55999755859375,64.55999755859375,64.58999633789062,64.55999755859375,64.58999633789062,926.0
2024-10-25 09:52:00+00:00,PRSO,1.7100000381469727,1.7100000381469727,1.7100000381469727,1.7100000381469727,1.7100000381469727,2007.0
2024-10-25 09:52:00+00:00,PUBM,15.170000076293945,15.170000076293945,15.170000076293945,15.170000076293945,15.170000076293945,124.0
2024-10-25 09:52:00+00:00,PYCR,14.539999961853027,14.539999961853027,14.579999923706055,14.539999961853027,14.5600004196167,3147.0
2024-10-25 09:52:00+00:00,QCOM,171.4239044189453,171.4239044189453,171.46499633789062,171.22999572753906,171.3300018310547,17953.0
2024-10-25 09:52:00+00:00,QRVO,100.37999725341797,100.37999725341797,100.51000213623047,100.37999725341797,100.48200225830078,941.0
2024-10-25 09:52:00+00:00,QUBT,1.1449999809265137,1.1449999809265137,1.1449999809265137,1.1399999856948853,1.1399999856948853,9109.0
2024-10-25 09:52:00+00:00,REFR,2.180000066757202,2.180000066757202,2.180000066757202,2.1050000190734863,2.130000114440918,5734.0
2024-10-25 09:52:00+00:00,REKR,1.100600004196167,1.100600004196167,1.100600004196167,1.100600004196167,1.100600004196167,2818.0
2024-10-25 09:52:00+00:00,RELY,14.630000114440918,14.630000114440918,14.649999618530273,14.630000114440918,14.640000343322754,2546.0
2024-10-25 09:52:00+00:00,RGTI,1.274399995803833,1.274399995803833,1.2899999618530273,1.2700999975204468,1.2899999618530273,51625.0
2024-10-25 09:52:00+00:00,RIOT,10.03499984741211,10.03499984741211,10.0600004196167,10.010000228881836,10.0600004196167,127931.0
2024-10-25 09:52:00+00:00,RMBS,42.970001220703125,42.970001220703125,43.06999969482422,42.970001220703125,43.06999969482422,4364.0
2024-10-25 09:52:00+00:00,RPAY,7.619999885559082,7.619999885559082,7.619999885559082,7.619999885559082,7.619999885559082,283.0
2024-10-25 09:52:00+00:00,RPD,39.34000015258789,39.34000015258789,39.34000015258789,39.33000183105469,39.33000183105469,2606.0
2024-10-25 09:52:00+00:00,RUM,5.630000114440918,5.630000114440918,5.630000114440918,5.614999771118164,5.630000114440918,12019.0
2024-10-25 09:52:00+00:00,RUMBW,1.277400016784668,1.277400016784668,1.277400016784668,1.277400016784668,1.277400016784668,801.0
2024-10-25 09:52:00+00:00,RUN,14.175000190734863,14.175000190734863,14.21500015258789,14.164999961853027,14.21500015258789,45732.0
2024-10-25 09:52:00+00:00,RXT,2.5299999713897705,2.5299999713897705,2.5299999713897705,2.5250000953674316,2.5250000953674316,2909.0
2024-10-25 09:52:00+00:00,SATS,25.174999237060547,25.174999237060547,25.239999771118164,25.11009979248047,25.179399490356445,7992.0
2024-10-25 09:52:00+00:00,SEDG,15.564000129699707,15.564000129699707,15.614999771118164,15.550000190734863,15.609600067138672,47492.0
2024-10-25 09:52:00+00:00,SHLS,5.170000076293945,5.170000076293945,5.189899921417236,5.170000076293945,5.189899921417236,3096.0
2024-10-25 09:52:00+00:00,SKYT,10.739999771118164,10.739999771118164,10.739999771118164,10.739999771118164,10.739999771118164,455.0
2024-10-25 09:52:00+00:00,SLAB,115.29000091552734,115.29000091552734,115.29000091552734,115.29000091552734,115.29000091552734,970.0
2024-10-25 09:52:00+00:00,SMCI,47.15599822998047,47.15599822998047,47.36000061035156,47.150001525878906,47.31999969482422,162122.0
2024-10-25 09:52:00+00:00,SMSI,0.8259999752044678,0.8259999752044678,0.8270000219345093,0.8259999752044678,0.8270000219345093,1102.0
2024-10-25 09:52:00+00:00,SMTC,45.375999450683594,45.375999450683594,45.375999450683594,45.375999450683594,45.375999450683594,1507.0
2024-10-25 09:52:00+00:00,SNCR,10.9399995803833,10.9399995803833,10.949999809265137,10.9399995803833,10.949999809265137,1182.0
2024-10-25 09:52:00+00:00,SNPS,504.2900085449219,504.2900085449219,504.5799865722656,503.3699951171875,503.3699951171875,3647.0
2024-10-25 09:52:00+00:00,SOUN,5.339799880981445,5.339799880981445,5.34499979019165,5.328999996185303,5.329999923706055,180991.0
2024-10-25 09:52:00+00:00,SPSC,188.08999633789062,188.08999633789062,188.08999633789062,188.08999633789062,188.08999633789062,179.0
2024-10-25 09:52:00+00:00,SPT,27.684999465942383,27.684999465942383,27.704999923706055,27.684999465942383,27.704999923706055,521.0
2024-10-25 09:52:00+00:00,SRAD,12.359999656677246,12.359999656677246,12.359999656677246,12.359999656677246,12.359999656677246,109.0
2024-10-25 09:52:00+00:00,SSNC,69.91999816894531,69.91999816894531,70.03500366210938,69.7750015258789,69.7750015258789,9977.0
2024-10-25 09:52:00+00:00,SSYS,7.150000095367432,7.150000095367432,7.150000095367432,7.150000095367432,7.150000095367432,741.0
2024-10-25 09:52:00+00:00,STNE,11.34000015258789,11.34000015258789,11.350000381469727,11.335000038146973,11.350000381469727,14912.0
2024-10-25 09:52:00+00:00,STX,104.16999816894531,104.16999816894531,104.37000274658203,104.16000366210938,104.2699966430664,7433.0
2024-10-25 09:52:00+00:00,SURG,1.715000033378601,1.715000033378601,1.7200000286102295,1.715000033378601,1.715000033378601,4096.0
2024-10-25 09:52:00+00:00,SVRE,0.08609999716281891,0.08609999716281891,0.08699999749660492,0.08529999852180481,0.08699999749660492,861.0
2024-10-25 09:52:00+00:00,SWKS,95.88999938964844,95.88999938964844,95.94000244140625,95.88999938964844,95.94000244140625,2257.0
2024-10-25 09:52:00+00:00,TASK,12.140000343322754,12.140000343322754,12.140000343322754,12.140000343322754,12.140000343322754,1056.0
2024-10-25 09:52:00+00:00,TEAM,192.2449951171875,192.2449951171875,192.2899932861328,191.77000427246094,191.77000427246094,10399.0
2024-10-25 09:52:00+00:00,TER,111.68000030517578,111.68000030517578,111.90499877929688,111.6500015258789,111.90499877929688,4188.0
2024-10-25 09:52:00+00:00,TRMB,61.02000045776367,61.02000045776367,61.04999923706055,61.02000045776367,61.04999923706055,1068.0
2024-10-25 09:52:00+00:00,TTD,121.19999694824219,121.19999694824219,121.37999725341797,121.19999694824219,121.29389953613281,13277.0
2024-10-25 09:52:00+00:00,TTEC,5.449999809265137,5.449999809265137,5.449999809265137,5.449999809265137,5.449999809265137,960.0
2024-10-25 09:52:00+00:00,TWKS,4.449999809265137,4.449999809265137,4.449999809265137,4.449999809265137,4.449999809265137,7442.0
2024-10-25 09:52:00+00:00,TXN,210.1999969482422,210.1999969482422,210.80999755859375,210.1999969482422,210.63499450683594,20131.0
2024-10-25 09:52:00+00:00,UCTT,35.90999984741211,35.90999984741211,35.90999984741211,35.90999984741211,35.90999984741211,1366.0
2024-10-25 09:52:00+00:00,UPLD,2.199899911880493,2.199899911880493,2.200000047683716,2.194999933242798,2.194999933242798,1316.0
2024-10-25 09:52:00+00:00,VECO,29.360000610351562,29.360000610351562,29.3700008392334,29.360000610351562,29.360000610351562,2023.0
2024-10-25 09:52:00+00:00,VERI,3.490000009536743,3.490000009536743,3.5,3.4619998931884766,3.4800000190734863,21252.0
2024-10-25 09:52:00+00:00,VERX,42.44499969482422,42.44499969482422,42.44499969482422,42.44499969482422,42.44499969482422,442.0
2024-10-25 09:52:00+00:00,VNET,3.450000047683716,3.450000047683716,3.450000047683716,3.424999952316284,3.424999952316284,6283.0
2024-10-25 09:52:00+00:00,VRNS,57.08000183105469,57.08000183105469,57.099998474121094,57.06999969482422,57.06999969482422,1633.0
2024-10-25 09:52:00+00:00,VRSN,191.6300048828125,191.6300048828125,191.67999267578125,191.30999755859375,191.30999755859375,1319.0
2024-10-25 09:52:00+00:00,VSAT,10.380000114440918,10.380000114440918,10.380000114440918,10.380000114440918,10.380000114440918,242.0
2024-10-25 09:52:00+00:00,VVPR,0.7799999713897705,0.7799999713897705,0.7799999713897705,0.7799999713897705,0.7799999713897705,1270.0
2024-10-25 09:52:00+00:00,WALD,3.609999895095825,3.609999895095825,3.609999895095825,3.609999895095825,3.609999895095825,228.0
2024-10-25 09:52:00+00:00,WDAY,242.5,242.5,242.6999969482422,242.5,242.6999969482422,2175.0
2024-10-25 09:52:00+00:00,WDC,71.65750122070312,71.65750122070312,71.9000015258789,71.40660095214844,71.41999816894531,140594.0
2024-10-25 09:52:00+00:00,WISA,1.8049999475479126,1.8049999475479126,1.8049999475479126,1.8049999475479126,1.8049999475479126,3117.0
2024-10-25 09:52:00+00:00,WIX,164.07000732421875,164.07000732421875,165.69000244140625,164.07000732421875,164.9250030517578,3666.0
2024-10-25 09:52:00+00:00,WLDS,3.5299999713897705,3.5299999713897705,3.5299999713897705,3.5299999713897705,3.5299999713897705,677.0
2024-10-25 09:52:00+00:00,XPER,9.4399995803833,9.4399995803833,9.4399995803833,9.4399995803833,9.4399995803833,142.0
2024-10-25 09:52:00+00:00,XRX,10.170000076293945,10.170000076293945,10.170000076293945,10.170000076293945,10.170000076293945,516.0
2024-10-25 09:52:00+00:00,ZI,10.550000190734863,10.550000190734863,10.550000190734863,10.550000190734863,10.550000190734863,722.0
2024-10-25 09:52:00+00:00,ZM,73.62999725341797,73.62999725341797,73.66000366210938,73.5999984741211,73.61000061035156,5999.0
2024-10-25 09:52:00+00:00,ZS,188.10000610351562,188.10000610351562,188.10000610351562,188.10000610351562,188.10000610351562,1796.0
2024-10-25 09:53:00+00:00,AAOI,17.739999771118164,17.739999771118164,17.75,17.690000534057617,17.719999313354492,5627.0
2024-10-25 09:53:00+00:00,AAPL,231.55999755859375,231.55999755859375,231.55999755859375,231.36000061035156,231.4550018310547,58087.0
2024-10-25 09:53:00+00:00,ACLS,91.25,91.25,91.29000091552734,91.25,91.29000091552734,458.0
2024-10-25 09:53:00+00:00,ACMR,19.5,19.5,19.5,19.5,19.5,169.0
2024-10-25 09:53:00+00:00,ADBE,486.81500244140625,486.81500244140625,487.1488037109375,486.6600036621094,487.0450134277344,4007.0
2024-10-25 09:53:00+00:00,ADI,233.8300018310547,233.8300018310547,234.09500122070312,233.8300018310547,234.09500122070312,2703.0
2024-10-25 09:53:00+00:00,ADSK,287.7349853515625,287.7349853515625,287.7349853515625,287.510009765625,287.510009765625,685.0
2024-10-25 09:53:00+00:00,ADTN,6.329999923706055,6.329999923706055,6.340000152587891,6.324999809265137,6.324999809265137,620.0
2024-10-25 09:53:00+00:00,AEHR,16.440000534057617,16.440000534057617,16.440000534057617,16.360599517822266,16.360599517822266,4014.0
2024-10-25 09:53:00+00:00,AFRM,42.07310104370117,42.07310104370117,42.12739944458008,42.04990005493164,42.079898834228516,21598.0
2024-10-25 09:53:00+00:00,AGMH,1.8037999868392944,1.8037999868392944,1.8037999868392944,1.8037999868392944,1.8037999868392944,696.0
2024-10-25 09:53:00+00:00,AIP,6.933000087738037,6.933000087738037,6.933000087738037,6.933000087738037,6.933000087738037,287.0
2024-10-25 09:53:00+00:00,AKAM,103.48999786376953,103.48999786376953,103.51000213623047,103.44999694824219,103.5,1721.0
2024-10-25 09:53:00+00:00,AKTS,0.05889999866485596,0.05889999866485596,0.05900000035762787,0.05889999866485596,0.05900000035762787,199820.0
2024-10-25 09:53:00+00:00,ALGM,22.524999618530273,22.524999618530273,22.524999618530273,22.476900100708008,22.476900100708008,5041.0
2024-10-25 09:53:00+00:00,ALKT,38.3849983215332,38.3849983215332,38.3849983215332,38.3849983215332,38.3849983215332,400.0
2024-10-25 09:53:00+00:00,AMAT,187.6999969482422,187.6999969482422,187.77999877929688,187.24009704589844,187.30999755859375,38739.0
2024-10-25 09:53:00+00:00,AMBA,58.040000915527344,58.040000915527344,58.040000915527344,58.040000915527344,58.040000915527344,1984.0
2024-10-25 09:53:00+00:00,AMD,157.38999938964844,157.38999938964844,157.38999938964844,157.15069580078125,157.36399841308594,169195.0
2024-10-25 09:53:00+00:00,ANSS,327.1499938964844,327.1499938964844,327.1499938964844,327.1499938964844,327.1499938964844,431.0
2024-10-25 09:53:00+00:00,ANY,1.0950000286102295,1.0950000286102295,1.100000023841858,1.0950000286102295,1.0950000286102295,23035.0
2024-10-25 09:53:00+00:00,API,2.694999933242798,2.694999933242798,2.694999933242798,2.694999933242798,2.694999933242798,1057.0
2024-10-25 09:53:00+00:00,APP,161.71629333496094,161.71629333496094,161.71629333496094,161.5,161.6699981689453,5916.0
2024-10-25 09:53:00+00:00,APPF,231.06959533691406,231.06959533691406,231.7899932861328,231.06959533691406,231.7899932861328,798.0
2024-10-25 09:53:00+00:00,APPS,3.125,3.125,3.1449999809265137,3.125,3.1449999809265137,1651.0
2024-10-25 09:53:00+00:00,ARQQ,7.889999866485596,7.889999866485596,7.932000160217285,7.880000114440918,7.932000160217285,1367.0
2024-10-25 09:53:00+00:00,ARRY,6.320000171661377,6.320000171661377,6.324999809265137,6.304999828338623,6.304999828338623,8811.0
2024-10-25 09:53:00+00:00,ASML,718.2999877929688,718.2999877929688,718.2999877929688,718.2999877929688,718.2999877929688,1129.0
2024-10-25 09:53:00+00:00,AUR,6.440000057220459,6.440000057220459,6.440299987792969,6.420000076293945,6.440299987792969,9376.0
2024-10-25 09:53:00+00:00,AUUD,0.6474999785423279,0.6474999785423279,0.6474999785423279,0.6360999941825867,0.6360999941825867,2550.0
2024-10-25 09:53:00+00:00,AVDX,8.244999885559082,8.244999885559082,8.265000343322754,8.244999885559082,8.255000114440918,4768.0
2024-10-25 09:53:00+00:00,AVGO,174.27000427246094,174.27000427246094,174.3350067138672,174.08999633789062,174.1699981689453,45305.0
2024-10-25 09:53:00+00:00,AVPT,12.130000114440918,12.130000114440918,12.130000114440918,12.130000114440918,12.130000114440918,1549.0
2024-10-25 09:53:00+00:00,AVT,54.7400016784668,54.7400016784668,54.790000915527344,54.66999816894531,54.68000030517578,4567.0
2024-10-25 09:53:00+00:00,BAND,17.8799991607666,17.8799991607666,17.8799991607666,17.8799991607666,17.8799991607666,656.0
2024-10-25 09:53:00+00:00,BLZE,7.195000171661377,7.195000171661377,7.195000171661377,7.195000171661377,7.195000171661377,1508.0
2024-10-25 09:53:00+00:00,BMBL,7.239999771118164,7.239999771118164,7.260000228881836,7.239999771118164,7.260000228881836,2216.0
2024-10-25 09:53:00+00:00,BRZE,31.18000030517578,31.18000030517578,31.239999771118164,31.18000030517578,31.239999771118164,1672.0
2024-10-25 09:53:00+00:00,BSY,49.4900016784668,49.4900016784668,49.4900016784668,49.470001220703125,49.4900016784668,1763.0
2024-10-25 09:53:00+00:00,CAMT,78.66000366210938,78.66000366210938,78.8499984741211,78.27999877929688,78.77999877929688,16035.0
2024-10-25 09:53:00+00:00,CCSI,20.549999237060547,20.549999237060547,20.549999237060547,20.549999237060547,20.549999237060547,260.0
2024-10-25 09:53:00+00:00,CDNS,256.8699951171875,256.8699951171875,256.95001220703125,256.69000244140625,256.95001220703125,5655.0
2024-10-25 09:53:00+00:00,CDW,219.8000030517578,219.8000030517578,219.85000610351562,219.7050018310547,219.72000122070312,3667.0
2024-10-25 09:53:00+00:00,CETX,0.29760000109672546,0.29760000109672546,0.29899999499320984,0.29760000109672546,0.29899999499320984,12945.0
2024-10-25 09:53:00+00:00,CFLT,22.38599967956543,22.38599967956543,22.40999984741211,22.365100860595703,22.365100860595703,5781.0
2024-10-25 09:53:00+00:00,CGNX,39.21500015258789,39.21500015258789,39.25,39.209999084472656,39.23500061035156,4760.0
2024-10-25 09:53:00+00:00,CLBT,18.1299991607666,18.1299991607666,18.1299991607666,18.1299991607666,18.1299991607666,2372.0
2024-10-25 09:53:00+00:00,CLSK,11.9399995803833,11.9399995803833,12.0,11.913100242614746,11.96399974822998,201760.0
2024-10-25 09:53:00+00:00,CMTL,3.700000047683716,3.700000047683716,3.700000047683716,3.700000047683716,3.700000047683716,272.0
2024-10-25 09:53:00+00:00,CNDT,3.7300000190734863,3.7300000190734863,3.7300000190734863,3.7300000190734863,3.7300000190734863,1276.0
2024-10-25 09:53:00+00:00,CNXC,44.95000076293945,44.95000076293945,44.974998474121094,44.95000076293945,44.974998474121094,713.0
2024-10-25 09:53:00+00:00,COHR,96.73999786376953,96.73999786376953,97.1050033569336,96.73999786376953,97.1050033569336,4563.0
2024-10-25 09:53:00+00:00,COHU,25.93000030517578,25.93000030517578,25.969999313354492,25.93000030517578,25.969999313354492,1077.0
2024-10-25 09:53:00+00:00,COIN,210.31939697265625,210.31939697265625,210.86990356445312,209.94000244140625,210.10679626464844,43768.0
2024-10-25 09:53:00+00:00,COMM,6.449999809265137,6.449999809265137,6.480000019073486,6.449999809265137,6.460000038146973,4416.0
2024-10-25 09:53:00+00:00,CORZ,13.736000061035156,13.736000061035156,13.78499984741211,13.729999542236328,13.774999618530273,30226.0
2024-10-25 09:53:00+00:00,CRDO,39.625,39.625,39.630001068115234,39.60499954223633,39.630001068115234,1020.0
2024-10-25 09:53:00+00:00,CRNT,2.4749999046325684,2.4749999046325684,2.4749999046325684,2.4749999046325684,2.4749999046325684,200.0
2024-10-25 09:53:00+00:00,CRSR,6.46999979019165,6.46999979019165,6.46999979019165,6.450099945068359,6.450099945068359,448.0
2024-10-25 09:53:00+00:00,CRUS,122.5000991821289,122.5000991821289,122.80999755859375,122.5000991821289,122.80999755859375,3234.0
2024-10-25 09:53:00+00:00,CRWD,309.7991027832031,309.7991027832031,309.8999938964844,309.7099914550781,309.752197265625,4771.0
2024-10-25 09:53:00+00:00,CSCO,56.4900016784668,56.4900016784668,56.4900016784668,56.46500015258789,56.47999954223633,22727.0
2024-10-25 09:53:00+00:00,CSIQ,13.430000305175781,13.430000305175781,13.470000267028809,13.40999984741211,13.420000076293945,36145.0
2024-10-25 09:53:00+00:00,CTLP,9.0649995803833,9.0649995803833,9.0649995803833,9.060099601745605,9.0649995803833,3375.0
2024-10-25 09:53:00+00:00,CTSH,75.29000091552734,75.29000091552734,75.29000091552734,75.19000244140625,75.20500183105469,2234.0
2024-10-25 09:53:00+00:00,CYBR,298.79998779296875,298.79998779296875,298.79998779296875,298.79998779296875,298.79998779296875,268.0
2024-10-25 09:53:00+00:00,DATS,1.6094000339508057,1.6094000339508057,1.6299999952316284,1.6094000339508057,1.6299999952316284,2393.0
2024-10-25 09:53:00+00:00,DBX,26.1299991607666,26.1299991607666,26.139999389648438,26.1299991607666,26.139999389648438,1593.0
2024-10-25 09:53:00+00:00,DDOG,126.91000366210938,126.91000366210938,127.0199966430664,126.875,126.97000122070312,10104.0
2024-10-25 09:53:00+00:00,DGHI,1.434999942779541,1.434999942779541,1.434999942779541,1.4085999727249146,1.4199999570846558,10341.0
2024-10-25 09:53:00+00:00,DLO,8.779999732971191,8.779999732971191,8.779999732971191,8.779999732971191,8.779999732971191,6092.0
2024-10-25 09:53:00+00:00,DOCU,70.66000366210938,70.66000366210938,70.69499969482422,70.6449966430664,70.69000244140625,6729.0
2024-10-25 09:53:00+00:00,DTSS,2.4797000885009766,2.4797000885009766,2.47979998588562,2.4797000885009766,2.47979998588562,247.0
2024-10-25 09:53:00+00:00,DUOL,284.9949951171875,284.9949951171875,284.9949951171875,284.9949951171875,284.9949951171875,102.0
2024-10-25 09:53:00+00:00,EEFT,101.86000061035156,101.86000061035156,101.86000061035156,101.86000061035156,101.86000061035156,527.0
2024-10-25 09:53:00+00:00,ENPH,80.71019744873047,80.71019744873047,81.08000183105469,80.71019744873047,80.93000030517578,20989.0
2024-10-25 09:53:00+00:00,ERIC,8.510000228881836,8.510000228881836,8.515000343322754,8.510000228881836,8.515000343322754,445.0
2024-10-25 09:53:00+00:00,EXTR,14.569999694824219,14.569999694824219,14.574999809265137,14.569999694824219,14.574999809265137,1804.0
2024-10-25 09:53:00+00:00,FARO,17.825000762939453,17.825000762939453,17.825000762939453,17.825000762939453,17.825000762939453,481.0
2024-10-25 09:53:00+00:00,FIVN,31.100000381469727,31.100000381469727,31.110000610351562,31.059999465942383,31.059999465942383,5338.0
2024-10-25 09:53:00+00:00,FLEX,35.369998931884766,35.369998931884766,35.369998931884766,35.349998474121094,35.369998931884766,2937.0
2024-10-25 09:53:00+00:00,FLYW,17.690000534057617,17.690000534057617,17.770000457763672,17.690000534057617,17.770000457763672,2090.0
2024-10-25 09:53:00+00:00,FORM,45.150001525878906,45.150001525878906,45.15999984741211,45.08000183105469,45.08000183105469,2110.0
2024-10-25 09:53:00+00:00,FROG,29.575000762939453,29.575000762939453,29.602500915527344,29.575000762939453,29.602500915527344,215.0
2024-10-25 09:53:00+00:00,FRSH,11.710000038146973,11.710000038146973,11.720000267028809,11.710000038146973,11.720000267028809,2147.0
2024-10-25 09:53:00+00:00,FSLR,197.0500030517578,197.0500030517578,197.25999450683594,196.86000061035156,196.86000061035156,7992.0
2024-10-25 09:53:00+00:00,FTCI,0.7285000085830688,0.7285000085830688,0.7285000085830688,0.7281000018119812,0.7281000018119812,2862.0
2024-10-25 09:53:00+00:00,FTFT,0.3142000138759613,0.3142000138759613,0.3142000138759613,0.3142000138759613,0.3142000138759613,527.0
2024-10-25 09:53:00+00:00,FTNT,81.43000030517578,81.43000030517578,81.45999908447266,81.43000030517578,81.44999694824219,4185.0
2024-10-25 09:53:00+00:00,GCT,25.5,25.5,25.516199111938477,25.450000762939453,25.459999084472656,3436.0
2024-10-25 09:53:00+00:00,GDS,21.735000610351562,21.735000610351562,21.739999771118164,21.729999542236328,21.739999771118164,1668.0
2024-10-25 09:53:00+00:00,GFS,40.72999954223633,40.72999954223633,40.80630111694336,40.72999954223633,40.80630111694336,1684.0
2024-10-25 09:53:00+00:00,GILT,4.940000057220459,4.940000057220459,4.940000057220459,4.940000057220459,4.940000057220459,179.0
2024-10-25 09:53:00+00:00,GPRO,1.3300000429153442,1.3300000429153442,1.3300000429153442,1.3300000429153442,1.3300000429153442,879.0
2024-10-25 09:53:00+00:00,GRAB,4.051499843597412,4.051499843597412,4.056000232696533,4.050000190734863,4.054999828338623,36608.0
2024-10-25 09:53:00+00:00,GTLB,56.78730010986328,56.78730010986328,56.810001373291016,56.709999084472656,56.76499938964844,3099.0
2024-10-25 09:53:00+00:00,HCP,33.665000915527344,33.665000915527344,33.665000915527344,33.665000915527344,33.665000915527344,200.0
2024-10-25 09:53:00+00:00,HIMX,6.186999797821045,6.186999797821045,6.186999797821045,6.186999797821045,6.186999797821045,461.0
2024-10-25 09:53:00+00:00,HLIT,14.765000343322754,14.765000343322754,14.765000343322754,14.75,14.75,6245.0
2024-10-25 09:53:00+00:00,HOLO,3.869999885559082,3.869999885559082,3.890000104904175,3.869999885559082,3.869999885559082,3740.0
2024-10-25 09:53:00+00:00,HOOD,27.440000534057617,27.440000534057617,27.447999954223633,27.399999618530273,27.43000030517578,16116.0
2024-10-25 09:53:00+00:00,IMMR,8.65999984741211,8.65999984741211,8.6899995803833,8.65999984741211,8.6899995803833,4161.0
2024-10-25 09:53:00+00:00,INDI,3.5399999618530273,3.5399999618530273,3.5399999618530273,3.5350000858306885,3.5350000858306885,795.0
2024-10-25 09:53:00+00:00,INFN,6.815000057220459,6.815000057220459,6.815000057220459,6.815000057220459,6.815000057220459,202.0
2024-10-25 09:53:00+00:00,INOD,20.051000595092773,20.051000595092773,20.051000595092773,19.911500930786133,19.911500930786133,1671.0
2024-10-25 09:53:00+00:00,INSG,19.790000915527344,19.790000915527344,19.790000915527344,19.790000915527344,19.790000915527344,273.0
2024-10-25 09:53:00+00:00,INTA,50.290000915527344,50.290000915527344,50.290000915527344,50.290000915527344,50.290000915527344,1255.0
2024-10-25 09:53:00+00:00,INTC,22.895000457763672,22.895000457763672,22.920000076293945,22.885000228881836,22.90999984741211,213188.0
2024-10-25 09:53:00+00:00,INTU,612.9400024414062,612.9400024414062,613.1649780273438,612.9400024414062,613.1649780273438,627.0
2024-10-25 09:53:00+00:00,ITRN,27.0,27.0,27.0,27.0,27.0,363.0
2024-10-25 09:53:00+00:00,JAMF,16.889999389648438,16.889999389648438,16.889999389648438,16.889999389648438,16.889999389648438,124.0
2024-10-25 09:53:00+00:00,JKHY,185.11000061035156,185.11000061035156,185.11000061035156,185.0500030517578,185.0500030517578,506.0
2024-10-25 09:53:00+00:00,KC,2.684999942779541,2.684999942779541,2.684999942779541,2.680000066757202,2.680000066757202,1325.0
2024-10-25 09:53:00+00:00,KLAC,675.405029296875,675.405029296875,676.6300048828125,674.5599975585938,674.6900024414062,4609.0
2024-10-25 09:53:00+00:00,KLIC,44.27000045776367,44.27000045776367,44.290000915527344,44.2400016784668,44.2400016784668,4078.0
2024-10-25 09:53:00+00:00,LITE,64.62999725341797,64.62999725341797,64.73999786376953,64.62000274658203,64.73999786376953,5448.0
2024-10-25 09:53:00+00:00,LOGI,80.81999969482422,80.81999969482422,80.81999969482422,80.7699966430664,80.7699966430664,1498.0
2024-10-25 09:53:00+00:00,LRCX,78.04000091552734,78.04000091552734,78.05000305175781,77.79000091552734,77.80000305175781,165685.0
2024-10-25 09:53:00+00:00,LSCC,54.875,54.875,54.877498626708984,54.875,54.877498626708984,591.0
2024-10-25 09:53:00+00:00,LTRX,4.041999816894531,4.041999816894531,4.041999816894531,4.041999816894531,4.041999816894531,338.0
2024-10-25 09:53:00+00:00,LYFT,13.734999656677246,13.734999656677246,13.75,13.734999656677246,13.734999656677246,14424.0
2024-10-25 09:53:00+00:00,MANH,277.3699951171875,277.3699951171875,277.3699951171875,277.3699951171875,277.3699951171875,673.0
2024-10-25 09:53:00+00:00,MAXN,5.494999885559082,5.494999885559082,5.494999885559082,5.494999885559082,5.494999885559082,807.0
2024-10-25 09:53:00+00:00,MCHP,77.33999633789062,77.33999633789062,77.33999633789062,77.22000122070312,77.31999969482422,22595.0
2024-10-25 09:53:00+00:00,MDB,268.95001220703125,268.95001220703125,269.6300048828125,268.95001220703125,269.6300048828125,2050.0
2024-10-25 09:53:00+00:00,MIND,3.5,3.5,3.5,3.5,3.5,811.0
2024-10-25 09:53:00+00:00,MITK,8.8100004196167,8.8100004196167,8.8100004196167,8.8100004196167,8.8100004196167,1718.0
2024-10-25 09:53:00+00:00,MKSI,101.03500366210938,101.03500366210938,101.03500366210938,100.83000183105469,100.83499908447266,1753.0
2024-10-25 09:53:00+00:00,MNDY,299.760009765625,299.760009765625,299.760009765625,299.5,299.510009765625,1308.0
2024-10-25 09:53:00+00:00,MQ,5.369999885559082,5.369999885559082,5.369999885559082,5.369999885559082,5.369999885559082,127.0
2024-10-25 09:53:00+00:00,MRVL,82.58000183105469,82.58000183105469,82.63999938964844,82.55000305175781,82.62000274658203,22229.0
2024-10-25 09:53:00+00:00,MSFT,432.0299987792969,432.0299987792969,432.1700134277344,431.8699951171875,432.1400146484375,89578.0
2024-10-25 09:53:00+00:00,MSTR,240.02999877929688,240.02999877929688,240.4499969482422,239.22500610351562,239.3800048828125,209984.0
2024-10-25 09:53:00+00:00,MTC,0.36910000443458557,0.36910000443458557,0.3695000112056732,0.36910000443458557,0.3695000112056732,3340.0
2024-10-25 09:53:00+00:00,MTLS,6.090000152587891,6.090000152587891,6.090000152587891,6.090000152587891,6.090000152587891,211.0
2024-10-25 09:53:00+00:00,MTTR,4.664999961853027,4.664999961853027,4.664999961853027,4.664999961853027,4.664999961853027,208.0
2024-10-25 09:53:00+00:00,MU,108.80999755859375,108.80999755859375,109.01640319824219,108.76000213623047,108.9800033569336,36259.0
2024-10-25 09:53:00+00:00,MVIS,1.1050000190734863,1.1050000190734863,1.1050000190734863,1.1039999723434448,1.1050000190734863,3509.0
2024-10-25 09:53:00+00:00,MXL,14.788999557495117,14.788999557495117,14.800000190734863,14.75,14.800000190734863,1661.0
2024-10-25 09:53:00+00:00,NICE,177.86000061035156,177.86000061035156,177.86000061035156,177.44500732421875,177.44500732421875,1321.0
2024-10-25 09:53:00+00:00,NNDM,2.3350000381469727,2.3350000381469727,2.3350000381469727,2.3350000381469727,2.3350000381469727,660.0
2024-10-25 09:53:00+00:00,NOVT,173.3800048828125,173.3800048828125,173.3800048828125,173.35000610351562,173.35000610351562,1483.0
2024-10-25 09:53:00+00:00,NSIT,211.875,211.875,211.875,211.875,211.875,125.0
2024-10-25 09:53:00+00:00,NTAP,120.23999786376953,120.23999786376953,120.23999786376953,120.18000030517578,120.18000030517578,3397.0
2024-10-25 09:53:00+00:00,NTCT,20.889999389648438,20.889999389648438,20.889999389648438,20.8700008392334,20.8700008392334,168.0
2024-10-25 09:53:00+00:00,NVDA,142.44000244140625,142.44000244140625,142.52999877929688,142.33999633789062,142.44000244140625,636567.0
2024-10-25 09:53:00+00:00,NVEI,33.529998779296875,33.529998779296875,33.529998779296875,33.529998779296875,33.529998779296875,47.0
2024-10-25 09:53:00+00:00,NVTS,2.549999952316284,2.549999952316284,2.5510001182556152,2.549999952316284,2.5510001182556152,4354.0
2024-10-25 09:53:00+00:00,NXPI,243.89999389648438,243.89999389648438,244.61000061035156,243.8699951171875,244.42999267578125,15660.0
2024-10-25 09:53:00+00:00,OKTA,72.92520141601562,72.92520141601562,72.93000030517578,72.9000015258789,72.9000015258789,2199.0
2024-10-25 09:53:00+00:00,ON,72.43000030517578,72.43000030517578,72.44999694824219,72.26000213623047,72.30000305175781,30830.0
2024-10-25 09:53:00+00:00,OSIS,137.5500030517578,137.5500030517578,137.5500030517578,137.5500030517578,137.5500030517578,200.0
2024-10-25 09:53:00+00:00,OTEX,33.619998931884766,33.619998931884766,33.619998931884766,33.619998931884766,33.619998931884766,1216.0
2024-10-25 09:53:00+00:00,PANW,370.3949890136719,370.3949890136719,370.5400085449219,370.239990234375,370.45001220703125,5607.0
2024-10-25 09:53:00+00:00,PAYO,8.359999656677246,8.359999656677246,8.364999771118164,8.359999656677246,8.364999771118164,464.0
2024-10-25 09:53:00+00:00,PEGA,81.46499633789062,81.46499633789062,81.5999984741211,81.30999755859375,81.4800033569336,2586.0
2024-10-25 09:53:00+00:00,PEGY,4.650000095367432,4.650000095367432,4.664999961853027,4.650000095367432,4.664999961853027,1224.0
2024-10-25 09:53:00+00:00,PGY,11.928199768066406,11.928199768066406,11.928199768066406,11.925999641418457,11.925999641418457,1710.0
2024-10-25 09:53:00+00:00,PHUN,9.850099563598633,9.850099563598633,10.039999961853027,9.850099563598633,10.039999961853027,372108.0
2024-10-25 09:53:00+00:00,PI,196.3699951171875,196.3699951171875,196.9600067138672,195.93829345703125,196.6999969482422,6287.0
2024-10-25 09:53:00+00:00,PLAB,23.70210075378418,23.70210075378418,23.70210075378418,23.70210075378418,23.70210075378418,543.0
2024-10-25 09:53:00+00:00,PLXS,145.25999450683594,145.25999450683594,145.25999450683594,145.25999450683594,145.25999450683594,208.0
2024-10-25 09:53:00+00:00,POET,3.990799903869629,3.990799903869629,4.0,3.9798998832702637,3.9798998832702637,4692.0
2024-10-25 09:53:00+00:00,PRCH,1.3655999898910522,1.3655999898910522,1.3655999898910522,1.3655999898910522,1.3655999898910522,860.0
2024-10-25 09:53:00+00:00,PRGS,64.55999755859375,64.55999755859375,64.73999786376953,64.55999755859375,64.58999633789062,1246.0
2024-10-25 09:53:00+00:00,PTC,185.75,185.75,185.75,185.75,185.75,972.0
2024-10-25 09:53:00+00:00,PXLW,0.7649999856948853,0.7649999856948853,0.7649999856948853,0.7501000165939331,0.7501000165939331,3942.0
2024-10-25 09:53:00+00:00,QCOM,171.46449279785156,171.46449279785156,171.58999633789062,171.37010192871094,171.4499969482422,13467.0
2024-10-25 09:53:00+00:00,QRVO,100.33999633789062,100.33999633789062,100.4000015258789,100.30500030517578,100.4000015258789,1859.0
2024-10-25 09:53:00+00:00,QUBT,1.1399999856948853,1.1399999856948853,1.149999976158142,1.1399999856948853,1.1475000381469727,13509.0
2024-10-25 09:53:00+00:00,QUIK,8.569999694824219,8.569999694824219,8.569999694824219,8.569999694824219,8.569999694824219,1318.0
2024-10-25 09:53:00+00:00,REFR,2.180000066757202,2.180000066757202,2.180000066757202,2.180000066757202,2.180000066757202,1015.0
2024-10-25 09:53:00+00:00,REKR,1.1024999618530273,1.1024999618530273,1.1024999618530273,1.1024999618530273,1.1024999618530273,126.0
2024-10-25 09:53:00+00:00,RELY,14.649999618530273,14.649999618530273,14.65999984741211,14.649999618530273,14.65999984741211,380.0
2024-10-25 09:53:00+00:00,RGTI,1.274999976158142,1.274999976158142,1.274999976158142,1.2625000476837158,1.2699999809265137,21649.0
2024-10-25 09:53:00+00:00,RIOT,10.029999732971191,10.029999732971191,10.069999694824219,10.010000228881836,10.039899826049805,52967.0
2024-10-25 09:53:00+00:00,RMBS,42.939998626708984,42.939998626708984,42.939998626708984,42.939998626708984,42.939998626708984,1096.0
2024-10-25 09:53:00+00:00,RUM,5.621500015258789,5.621500015258789,5.629000186920166,5.621399879455566,5.629000186920166,2965.0
2024-10-25 09:53:00+00:00,RUN,14.140000343322754,14.140000343322754,14.1850004196167,14.140000343322754,14.170000076293945,20461.0
2024-10-25 09:53:00+00:00,SATS,25.139999389648438,25.139999389648438,25.197500228881836,25.1200008392334,25.197500228881836,3277.0
2024-10-25 09:53:00+00:00,SCKT,1.159999966621399,1.159999966621399,1.159999966621399,1.159999966621399,1.159999966621399,677.0
2024-10-25 09:53:00+00:00,SEDG,15.524999618530273,15.524999618530273,15.550000190734863,15.5,15.550000190734863,9851.0
2024-10-25 09:53:00+00:00,SHLS,5.164999961853027,5.164999961853027,5.170000076293945,5.164999961853027,5.170000076293945,1528.0
2024-10-25 09:53:00+00:00,SKYT,10.729999542236328,10.729999542236328,10.760000228881836,10.6899995803833,10.753999710083008,3866.0
2024-10-25 09:53:00+00:00,SLNH,4.0,4.0,4.0,4.0,4.0,1400.0
2024-10-25 09:53:00+00:00,SMCI,47.08000183105469,47.08000183105469,47.209999084472656,47.02000045776367,47.191200256347656,124089.0
2024-10-25 09:53:00+00:00,SMSI,0.8029999732971191,0.8029999732971191,0.8259999752044678,0.8029999732971191,0.8259999752044678,2315.0
2024-10-25 09:53:00+00:00,SMTC,45.36000061035156,45.36000061035156,45.36000061035156,45.36000061035156,45.36000061035156,485.0
2024-10-25 09:53:00+00:00,SNPS,504.06500244140625,504.06500244140625,504.385009765625,503.8999938964844,504.2200012207031,6344.0
2024-10-25 09:53:00+00:00,SONO,12.795000076293945,12.795000076293945,12.8100004196167,12.795000076293945,12.8100004196167,1400.0
2024-10-25 09:53:00+00:00,SOUN,5.34499979019165,5.34499979019165,5.349999904632568,5.320000171661377,5.334799766540527,108933.0
2024-10-25 09:53:00+00:00,SPI,0.438400000333786,0.438400000333786,0.438400000333786,0.438400000333786,0.438400000333786,0.0
2024-10-25 09:53:00+00:00,SPSC,189.0,189.0,189.0,188.44000244140625,188.4600067138672,2915.0
2024-10-25 09:53:00+00:00,SPT,27.600000381469727,27.600000381469727,27.600000381469727,27.600000381469727,27.600000381469727,80.0
2024-10-25 09:53:00+00:00,SRAD,12.369999885559082,12.369999885559082,12.369999885559082,12.364299774169922,12.369999885559082,1786.0
2024-10-25 09:53:00+00:00,SSNC,70.09500122070312,70.09500122070312,70.0999984741211,69.8499984741211,69.91999816894531,36549.0
2024-10-25 09:53:00+00:00,SSYS,7.139999866485596,7.139999866485596,7.139999866485596,7.110000133514404,7.139999866485596,7303.0
2024-10-25 09:53:00+00:00,STNE,11.364999771118164,11.364999771118164,11.369999885559082,11.335000038146973,11.335000038146973,11337.0
2024-10-25 09:53:00+00:00,STX,103.88999938964844,103.88999938964844,104.2699966430664,103.80500030517578,104.1500015258789,7147.0
2024-10-25 09:53:00+00:00,SVRE,0.08529999852180481,0.08529999852180481,0.08529999852180481,0.08529999852180481,0.08529999852180481,20100.0
2024-10-25 09:53:00+00:00,SWKS,95.84500122070312,95.84500122070312,95.84500122070312,95.80000305175781,95.80000305175781,1233.0
2024-10-25 09:53:00+00:00,SYTA,1.1699999570846558,1.1699999570846558,1.1699999570846558,1.1698999404907227,1.1698999404907227,2408.0
2024-10-25 09:53:00+00:00,TASK,12.1899995803833,12.1899995803833,12.1899995803833,12.135000228881836,12.135000228881836,4575.0
2024-10-25 09:53:00+00:00,TEAM,192.48500061035156,192.48500061035156,192.55999755859375,192.2449951171875,192.2449951171875,9486.0
2024-10-25 09:53:00+00:00,TER,111.80999755859375,111.80999755859375,111.80999755859375,111.72000122070312,111.72000122070312,1524.0
2024-10-25 09:53:00+00:00,TRMB,61.02000045776367,61.02000045776367,61.029998779296875,61.0,61.029998779296875,1693.0
2024-10-25 09:53:00+00:00,TSEM,44.79899978637695,44.79899978637695,44.79899978637695,44.72370147705078,44.72370147705078,369.0
2024-10-25 09:53:00+00:00,TTD,121.25,121.25,121.30000305175781,121.12000274658203,121.19499969482422,9538.0
2024-10-25 09:53:00+00:00,TTMI,19.43000030517578,19.43000030517578,19.450000762939453,19.43000030517578,19.450000762939453,380.0
2024-10-25 09:53:00+00:00,TWKS,4.445000171661377,4.445000171661377,4.445000171661377,4.445000171661377,4.445000171661377,5820.0
2024-10-25 09:53:00+00:00,TXN,210.37890625,210.37890625,210.37890625,210.02000427246094,210.27999877929688,24122.0
2024-10-25 09:53:00+00:00,VECO,29.329999923706055,29.329999923706055,29.329999923706055,29.329999923706055,29.329999923706055,575.0
2024-10-25 09:53:00+00:00,VERI,3.4100000858306885,3.4100000858306885,3.4800000190734863,3.4100000858306885,3.4800000190734863,4953.0
2024-10-25 09:53:00+00:00,VIAV,9.220000267028809,9.220000267028809,9.25,9.220000267028809,9.25,2749.0
2024-10-25 09:53:00+00:00,VICR,46.77000045776367,46.77000045776367,46.77000045776367,46.77000045776367,46.77000045776367,330.0
2024-10-25 09:53:00+00:00,VMEO,4.769999980926514,4.769999980926514,4.769999980926514,4.769999980926514,4.769999980926514,200.0
2024-10-25 09:53:00+00:00,VNET,3.4100000858306885,3.4100000858306885,3.450000047683716,3.4100000858306885,3.450000047683716,3989.0
2024-10-25 09:53:00+00:00,VRNS,57.084999084472656,57.084999084472656,57.084999084472656,57.084999084472656,57.084999084472656,670.0
2024-10-25 09:53:00+00:00,VRNT,22.065000534057617,22.065000534057617,22.06999969482422,22.059999465942383,22.059999465942383,2785.0
2024-10-25 09:53:00+00:00,VRSN,190.72000122070312,190.72000122070312,191.7899932861328,190.72000122070312,191.7899932861328,7287.0
2024-10-25 09:53:00+00:00,VSAT,10.390000343322754,10.390000343322754,10.390000343322754,10.380000114440918,10.380000114440918,2383.0
2024-10-25 09:53:00+00:00,VUZI,1.3250000476837158,1.3250000476837158,1.3250000476837158,1.3220000267028809,1.3220000267028809,2741.0
2024-10-25 09:53:00+00:00,VVPR,0.7789999842643738,0.7789999842643738,0.7789999842643738,0.7749999761581421,0.7749999761581421,2186.0
2024-10-25 09:53:00+00:00,WDAY,242.55999755859375,242.55999755859375,242.55999755859375,242.3800048828125,242.3800048828125,2332.0
2024-10-25 09:53:00+00:00,WDC,71.5062026977539,71.5062026977539,71.62000274658203,71.2300033569336,71.62000274658203,76966.0
2024-10-25 09:53:00+00:00,WISA,1.809999942779541,1.809999942779541,1.8200000524520874,1.8004000186920166,1.8004000186920166,2552.0
2024-10-25 09:53:00+00:00,WRAP,1.9198999404907227,1.9198999404907227,1.9198999404907227,1.8803000450134277,1.8803000450134277,9128.0
2024-10-25 09:53:00+00:00,XPER,9.420000076293945,9.420000076293945,9.4399995803833,9.420000076293945,9.4399995803833,754.0
2024-10-25 09:53:00+00:00,XRX,10.15999984741211,10.15999984741211,10.174400329589844,10.154999732971191,10.174400329589844,2567.0
2024-10-25 09:53:00+00:00,ZI,10.550000190734863,10.550000190734863,10.550000190734863,10.550000190734863,10.550000190734863,343.0
2024-10-25 09:53:00+00:00,ZM,73.58999633789062,73.58999633789062,73.64820098876953,73.56999969482422,73.64820098876953,3046.0
2024-10-25 09:53:00+00:00,ZS,187.89500427246094,187.89500427246094,187.89500427246094,187.89500427246094,187.89500427246094,320.0
2024-10-25 09:54:00+00:00,AAOI,17.7549991607666,17.7549991607666,17.7549991607666,17.729999542236328,17.739999771118164,1748.0
2024-10-25 09:54:00+00:00,AAPL,231.5500030517578,231.5500030517578,231.6300048828125,231.4600067138672,231.57000732421875,80386.0
2024-10-25 09:54:00+00:00,ACIW,49.130001068115234,49.130001068115234,49.130001068115234,49.130001068115234,49.130001068115234,161.0
2024-10-25 09:54:00+00:00,ACLS,91.43280029296875,91.43280029296875,91.43280029296875,91.17500305175781,91.23999786376953,9965.0
2024-10-25 09:54:00+00:00,ACMR,19.577999114990234,19.577999114990234,19.577999114990234,19.520000457763672,19.520000457763672,1464.0
2024-10-25 09:54:00+00:00,ADBE,486.67999267578125,486.67999267578125,486.7699890136719,486.51739501953125,486.6099853515625,3614.0
2024-10-25 09:54:00+00:00,ADI,234.125,234.125,234.125,233.9499969482422,233.9499969482422,4080.0
2024-10-25 09:54:00+00:00,ADSK,287.57000732421875,287.57000732421875,287.7799987792969,287.57000732421875,287.739990234375,1587.0
2024-10-25 09:54:00+00:00,ADTN,6.329999923706055,6.329999923706055,6.329999923706055,6.329999923706055,6.329999923706055,131.0
2024-10-25 09:54:00+00:00,AEHR,16.549999237060547,16.549999237060547,16.559999465942383,16.440000534057617,16.440000534057617,8869.0
2024-10-25 09:54:00+00:00,AEYE,23.494300842285156,23.494300842285156,23.494300842285156,23.494300842285156,23.494300842285156,534.0
2024-10-25 09:54:00+00:00,AFRM,42.11000061035156,42.11000061035156,42.11000061035156,42.040000915527344,42.06999969482422,12252.0
2024-10-25 09:54:00+00:00,AKAM,103.41999816894531,103.41999816894531,103.44999694824219,103.41999816894531,103.44999694824219,652.0
2024-10-25 09:54:00+00:00,AKTS,0.05889999866485596,0.05889999866485596,0.05900000035762787,0.05889999866485596,0.05900000035762787,12300.0
2024-10-25 09:54:00+00:00,ALGM,22.579999923706055,22.579999923706055,22.579999923706055,22.559999465942383,22.559999465942383,3305.0
2024-10-25 09:54:00+00:00,ALKT,38.39500045776367,38.39500045776367,38.39500045776367,38.39500045776367,38.39500045776367,737.0
2024-10-25 09:54:00+00:00,ALTR,105.70999908447266,105.70999908447266,105.75,105.70999908447266,105.71499633789062,746.0
2024-10-25 09:54:00+00:00,AMAT,187.99000549316406,187.99000549316406,188.0749969482422,187.74000549316406,187.7449951171875,23262.0
2024-10-25 09:54:00+00:00,AMBA,58.02000045776367,58.02000045776367,58.02000045776367,58.02000045776367,58.02000045776367,663.0
2024-10-25 09:54:00+00:00,AMD,157.52969360351562,157.52969360351562,157.5500030517578,157.3300018310547,157.39500427246094,81190.0
2024-10-25 09:54:00+00:00,AMPL,9.220000267028809,9.220000267028809,9.220000267028809,9.220000267028809,9.220000267028809,111.0
2024-10-25 09:54:00+00:00,AMST,2.819999933242798,2.819999933242798,2.819999933242798,2.819999933242798,2.819999933242798,0.0
2024-10-25 09:54:00+00:00,API,2.694999933242798,2.694999933242798,2.694999933242798,2.694999933242798,2.694999933242798,717.0
2024-10-25 09:54:00+00:00,APP,161.64239501953125,161.64239501953125,161.80999755859375,161.60400390625,161.60719299316406,3621.0
2024-10-25 09:54:00+00:00,APPF,231.78500366210938,231.78500366210938,231.78500366210938,231.78500366210938,231.78500366210938,401.0
2024-10-25 09:54:00+00:00,APPN,32.5,32.5,32.53499984741211,32.5,32.53499984741211,377.0
2024-10-25 09:54:00+00:00,ARQQ,7.840000152587891,7.840000152587891,7.840000152587891,7.755000114440918,7.755000114440918,1268.0
2024-10-25 09:54:00+00:00,ARRY,6.349999904632568,6.349999904632568,6.349999904632568,6.309999942779541,6.315000057220459,11843.0
2024-10-25 09:54:00+00:00,ASML,718.52001953125,718.52001953125,718.5900268554688,718.139892578125,718.5449829101562,3931.0
2024-10-25 09:54:00+00:00,ASTI,2.7200000286102295,2.7200000286102295,2.7200000286102295,2.7200000286102295,2.7200000286102295,1966.0
2024-10-25 09:54:00+00:00,AUR,6.453400135040283,6.453400135040283,6.46999979019165,6.445000171661377,6.460000038146973,10123.0
2024-10-25 09:54:00+00:00,AVDX,8.239999771118164,8.239999771118164,8.239999771118164,8.239999771118164,8.239999771118164,174.0
2024-10-25 09:54:00+00:00,AVGO,174.3000030517578,174.3000030517578,174.34800720214844,174.1300048828125,174.27000427246094,31725.0
2024-10-25 09:54:00+00:00,AVT,54.7599983215332,54.7599983215332,54.810001373291016,54.7599983215332,54.810001373291016,1751.0
2024-10-25 09:54:00+00:00,AXTI,2.6549999713897705,2.6549999713897705,2.6549999713897705,2.6549999713897705,2.6549999713897705,790.0
2024-10-25 09:54:00+00:00,BLKB,86.37999725341797,86.37999725341797,86.37999725341797,86.20500183105469,86.20500183105469,451.0
2024-10-25 09:54:00+00:00,BMBL,7.235000133514404,7.235000133514404,7.239999771118164,7.230000019073486,7.239999771118164,5771.0
2024-10-25 09:54:00+00:00,BSY,49.494998931884766,49.494998931884766,49.494998931884766,49.494998931884766,49.494998931884766,484.0
2024-10-25 09:54:00+00:00,CAMT,79.2699966430664,79.2699966430664,79.2699966430664,79.2699966430664,79.2699966430664,214.0
2024-10-25 09:54:00+00:00,CAN,1.0,1.0,1.000100016593933,1.0,1.000100016593933,3000.0
2024-10-25 09:54:00+00:00,CCSI,20.309999465942383,20.309999465942383,20.559999465942383,20.309999465942383,20.559999465942383,708.0
2024-10-25 09:54:00+00:00,CDNS,257.1499938964844,257.1499938964844,257.1499938964844,256.8599853515625,256.8900146484375,5214.0
2024-10-25 09:54:00+00:00,CDW,219.72999572753906,219.72999572753906,219.72999572753906,219.72999572753906,219.72999572753906,993.0
2024-10-25 09:54:00+00:00,CETX,0.29760000109672546,0.29760000109672546,0.30000001192092896,0.29760000109672546,0.298799991607666,4852.0
2024-10-25 09:54:00+00:00,CFLT,22.399999618530273,22.399999618530273,22.399999618530273,22.360000610351562,22.399999618530273,3964.0
2024-10-25 09:54:00+00:00,CGNX,39.19499969482422,39.19499969482422,39.201499938964844,39.19499969482422,39.201499938964844,1875.0
2024-10-25 09:54:00+00:00,CLFD,36.8745002746582,36.8745002746582,36.8745002746582,36.8745002746582,36.8745002746582,395.0
2024-10-25 09:54:00+00:00,CLSK,11.9399995803833,11.9399995803833,11.946000099182129,11.890000343322754,11.930000305175781,66074.0
2024-10-25 09:54:00+00:00,CNDT,3.7149999141693115,3.7149999141693115,3.7200000286102295,3.7149999141693115,3.7200000286102295,1886.0
2024-10-25 09:54:00+00:00,CNXC,44.935001373291016,44.935001373291016,44.935001373291016,44.935001373291016,44.935001373291016,359.0
2024-10-25 09:54:00+00:00,COHR,96.83999633789062,96.83999633789062,96.86000061035156,96.80999755859375,96.83000183105469,1613.0
2024-10-25 09:54:00+00:00,COIN,210.48629760742188,210.48629760742188,210.5,210.00010681152344,210.22999572753906,33346.0
2024-10-25 09:54:00+00:00,COMM,6.449999809265137,6.449999809265137,6.449999809265137,6.449999809265137,6.449999809265137,241.0
2024-10-25 09:54:00+00:00,CORZ,13.744999885559082,13.744999885559082,13.76990032196045,13.724200248718262,13.765000343322754,7451.0
2024-10-25 09:54:00+00:00,CPTN,3.1480000019073486,3.1480000019073486,3.1480000019073486,3.1480000019073486,3.1480000019073486,0.0
2024-10-25 09:54:00+00:00,CRCT,6.429999828338623,6.429999828338623,6.440000057220459,6.429999828338623,6.440000057220459,418.0
2024-10-25 09:54:00+00:00,CRDO,39.70000076293945,39.70000076293945,39.70000076293945,39.58110046386719,39.58110046386719,2841.0
2024-10-25 09:54:00+00:00,CRSR,6.460000038146973,6.460000038146973,6.470099925994873,6.460000038146973,6.46999979019165,1815.0
2024-10-25 09:54:00+00:00,CRWD,310.2799987792969,310.2799987792969,310.3900146484375,309.7699890136719,309.7950134277344,13994.0
2024-10-25 09:54:00+00:00,CSCO,56.5,56.5,56.52000045776367,56.494998931884766,56.505001068115234,16739.0
2024-10-25 09:54:00+00:00,CSGS,48.29999923706055,48.29999923706055,48.29999923706055,48.29999923706055,48.29999923706055,503.0
2024-10-25 09:54:00+00:00,CSIQ,13.359999656677246,13.359999656677246,13.460000038146973,13.354999542236328,13.442000389099121,49750.0
2024-10-25 09:54:00+00:00,CTSH,75.19999694824219,75.19999694824219,75.29000091552734,75.19999694824219,75.29000091552734,3341.0
2024-10-25 09:54:00+00:00,CYBR,299.3800048828125,299.3800048828125,299.3800048828125,298.45001220703125,298.5199890136719,2375.0
2024-10-25 09:54:00+00:00,DAVE,40.342899322509766,40.342899322509766,40.342899322509766,40.342899322509766,40.342899322509766,1088.0
2024-10-25 09:54:00+00:00,DBX,26.1200008392334,26.1200008392334,26.1200008392334,26.1200008392334,26.1200008392334,950.0
2024-10-25 09:54:00+00:00,DDOG,126.86000061035156,126.86000061035156,126.91000366210938,126.81999969482422,126.91000366210938,12213.0
2024-10-25 09:54:00+00:00,DOCU,70.7300033569336,70.7300033569336,70.7300033569336,70.63999938964844,70.66000366210938,9706.0
2024-10-25 09:54:00+00:00,DUOL,284.9949951171875,284.9949951171875,284.9949951171875,284.9949951171875,284.9949951171875,170.0
2024-10-25 09:54:00+00:00,ENPH,80.91999816894531,80.91999816894531,80.91999816894531,80.69999694824219,80.7300033569336,7475.0
2024-10-25 09:54:00+00:00,ENTG,105.26000213623047,105.26000213623047,105.36000061035156,105.26000213623047,105.26000213623047,1472.0
2024-10-25 09:54:00+00:00,ERIC,8.515999794006348,8.515999794006348,8.519800186157227,8.51200008392334,8.519800186157227,5815.0
2024-10-25 09:54:00+00:00,EXFY,1.715000033378601,1.715000033378601,1.715000033378601,1.715000033378601,1.715000033378601,100.0
2024-10-25 09:54:00+00:00,EXLS,39.15999984741211,39.15999984741211,39.20000076293945,39.15999984741211,39.20000076293945,1136.0
2024-10-25 09:54:00+00:00,EXTR,14.569999694824219,14.569999694824219,14.569999694824219,14.569999694824219,14.569999694824219,108.0
2024-10-25 09:54:00+00:00,FFIV,215.5800018310547,215.5800018310547,215.5800018310547,215.5800018310547,215.5800018310547,1381.0
2024-10-25 09:54:00+00:00,FIVN,31.079999923706055,31.079999923706055,31.110000610351562,31.040000915527344,31.059999465942383,8511.0
2024-10-25 09:54:00+00:00,FLEX,35.404998779296875,35.404998779296875,35.404998779296875,35.379398345947266,35.380001068115234,2400.0
2024-10-25 09:54:00+00:00,FLYW,17.725000381469727,17.725000381469727,17.725000381469727,17.719999313354492,17.719999313354492,2929.0
2024-10-25 09:54:00+00:00,FORM,45.22999954223633,45.22999954223633,45.22999954223633,45.150001525878906,45.15999984741211,1522.0
2024-10-25 09:54:00+00:00,FROG,29.530000686645508,29.530000686645508,29.530000686645508,29.520000457763672,29.520000457763672,857.0
2024-10-25 09:54:00+00:00,FRSH,11.680000305175781,11.680000305175781,11.710000038146973,11.680000305175781,11.710000038146973,7354.0
2024-10-25 09:54:00+00:00,FSLR,197.24859619140625,197.24859619140625,197.35000610351562,197.2191925048828,197.24000549316406,3008.0
2024-10-25 09:54:00+00:00,FTCI,0.7231000065803528,0.7231000065803528,0.7254999876022339,0.7231000065803528,0.7254999876022339,3305.0
2024-10-25 09:54:00+00:00,FTNT,81.30000305175781,81.30000305175781,81.34940338134766,81.30000305175781,81.30999755859375,3921.0
2024-10-25 09:54:00+00:00,GCT,25.55500030517578,25.55500030517578,25.59000015258789,25.540000915527344,25.540000915527344,2652.0
2024-10-25 09:54:00+00:00,GDS,21.739999771118164,21.739999771118164,21.739999771118164,21.706600189208984,21.706600189208984,2552.0
2024-10-25 09:54:00+00:00,GDYN,15.595000267028809,15.595000267028809,15.595000267028809,15.595000267028809,15.595000267028809,207.0
2024-10-25 09:54:00+00:00,GFS,40.823699951171875,40.823699951171875,40.823699951171875,40.7599983215332,40.7599983215332,4319.0
2024-10-25 09:54:00+00:00,GPRO,1.3300000429153442,1.3300000429153442,1.3300000429153442,1.3300000429153442,1.3300000429153442,134.0
2024-10-25 09:54:00+00:00,GRAB,4.050000190734863,4.050000190734863,4.059999942779541,4.050000190734863,4.051199913024902,64149.0
2024-10-25 09:54:00+00:00,GRRR,4.820000171661377,4.820000171661377,4.829999923706055,4.820000171661377,4.829999923706055,305.0
2024-10-25 09:54:00+00:00,GTLB,56.70000076293945,56.70000076293945,56.75,56.70000076293945,56.75,1838.0
2024-10-25 09:54:00+00:00,HCP,33.665000915527344,33.665000915527344,33.665000915527344,33.665000915527344,33.665000915527344,103.0
2024-10-25 09:54:00+00:00,HLIT,14.75,14.75,14.755000114440918,14.75,14.75,3542.0
2024-10-25 09:54:00+00:00,HOLO,3.880000114440918,3.880000114440918,3.890000104904175,3.8701000213623047,3.8798000812530518,8607.0
2024-10-25 09:54:00+00:00,HOOD,27.3799991607666,27.3799991607666,27.415000915527344,27.360000610351562,27.40999984741211,20771.0
2024-10-25 09:54:00+00:00,HTCR,1.1100000143051147,1.1100000143051147,1.1100000143051147,1.1100000143051147,1.1100000143051147,1932.0
2024-10-25 09:54:00+00:00,IMMR,8.6850004196167,8.6850004196167,8.6850004196167,8.6850004196167,8.6850004196167,1042.0
2024-10-25 09:54:00+00:00,IMOS,22.479999542236328,22.479999542236328,22.479999542236328,22.479999542236328,22.479999542236328,0.0
2024-10-25 09:54:00+00:00,INDI,3.530100107192993,3.530100107192993,3.5350000858306885,3.5299999713897705,3.5350000858306885,15460.0
2024-10-25 09:54:00+00:00,INOD,20.0,20.0,20.030000686645508,20.0,20.010000228881836,2189.0
2024-10-25 09:54:00+00:00,INSG,19.790000915527344,19.790000915527344,19.790000915527344,19.790000915527344,19.790000915527344,1516.0
2024-10-25 09:54:00+00:00,INTC,22.985000610351562,22.985000610351562,22.989999771118164,22.890100479125977,22.898500442504883,405594.0
2024-10-25 09:54:00+00:00,INTU,613.3800048828125,613.3800048828125,613.530029296875,613.02001953125,613.47998046875,3346.0
2024-10-25 09:54:00+00:00,IPGP,76.66999816894531,76.66999816894531,76.66999816894531,76.66999816894531,76.66999816894531,347.0
2024-10-25 09:54:00+00:00,JAMF,16.905000686645508,16.905000686645508,16.905000686645508,16.905000686645508,16.905000686645508,330.0
2024-10-25 09:54:00+00:00,JKHY,185.02999877929688,185.02999877929688,185.02999877929688,185.02999877929688,185.02999877929688,443.0
2024-10-25 09:54:00+00:00,KARO,39.809898376464844,39.809898376464844,39.809898376464844,39.20000076293945,39.20000076293945,2475.0
2024-10-25 09:54:00+00:00,KC,2.684999942779541,2.684999942779541,2.690000057220459,2.6800999641418457,2.684999942779541,10781.0
2024-10-25 09:54:00+00:00,KLAC,676.572509765625,676.572509765625,677.02001953125,675.3250122070312,675.405029296875,4933.0
2024-10-25 09:54:00+00:00,KLIC,44.34000015258789,44.34000015258789,44.34000015258789,44.34000015258789,44.34000015258789,2155.0
2024-10-25 09:54:00+00:00,KOPN,0.7750999927520752,0.7750999927520752,0.7752000093460083,0.7750999927520752,0.7752000093460083,950.0
2024-10-25 09:54:00+00:00,KVHI,4.699999809265137,4.699999809265137,4.699999809265137,4.699999809265137,4.699999809265137,0.0
2024-10-25 09:54:00+00:00,LASR,10.489999771118164,10.489999771118164,10.489999771118164,10.489999771118164,10.489999771118164,266.0
2024-10-25 09:54:00+00:00,LITE,64.68000030517578,64.68000030517578,64.68000030517578,64.58000183105469,64.58000183105469,2365.0
2024-10-25 09:54:00+00:00,LPSN,1.2101000547409058,1.2101000547409058,1.2101000547409058,1.2101000547409058,1.2101000547409058,2127.0
2024-10-25 09:54:00+00:00,LRCX,78.206298828125,78.206298828125,78.26000213623047,78.02999877929688,78.04989624023438,208155.0
2024-10-25 09:54:00+00:00,LSAK,5.300000190734863,5.300000190734863,5.300000190734863,5.300000190734863,5.300000190734863,407.0
2024-10-25 09:54:00+00:00,LSCC,54.89500045776367,54.89500045776367,54.89500045776367,54.89500045776367,54.89500045776367,179.0
2024-10-25 09:54:00+00:00,LYFT,13.765000343322754,13.765000343322754,13.765000343322754,13.734999656677246,13.734999656677246,28279.0
2024-10-25 09:54:00+00:00,MANH,277.1650085449219,277.1650085449219,277.1650085449219,277.1650085449219,277.1650085449219,823.0
2024-10-25 09:54:00+00:00,MAXN,5.440000057220459,5.440000057220459,5.440000057220459,5.440000057220459,5.440000057220459,1174.0
2024-10-25 09:54:00+00:00,MCHP,77.30999755859375,77.30999755859375,77.38999938964844,77.29499816894531,77.36000061035156,18323.0
2024-10-25 09:54:00+00:00,MDB,269.5350036621094,269.5350036621094,269.5350036621094,268.67999267578125,268.67999267578125,4175.0
2024-10-25 09:54:00+00:00,MIND,3.4820001125335693,3.4820001125335693,3.4820001125335693,3.4820001125335693,3.4820001125335693,594.0
2024-10-25 09:54:00+00:00,MKSI,101.06999969482422,101.06999969482422,101.06999969482422,101.06999969482422,101.06999969482422,740.0
2024-10-25 09:54:00+00:00,MNDY,300.1000061035156,300.1000061035156,300.1000061035156,299.7049865722656,299.760009765625,3503.0
2024-10-25 09:54:00+00:00,MQ,5.34499979019165,5.34499979019165,5.360000133514404,5.34499979019165,5.360000133514404,3796.0
2024-10-25 09:54:00+00:00,MRVL,82.69000244140625,82.69000244140625,82.69000244140625,82.56999969482422,82.5999984741211,35515.0
2024-10-25 09:54:00+00:00,MSFT,431.94000244140625,431.94000244140625,432.1199951171875,431.67010498046875,431.989990234375,64409.0
2024-10-25 09:54:00+00:00,MSTR,240.72999572753906,240.72999572753906,240.889892578125,239.49839782714844,240.1376953125,88717.0
2024-10-25 09:54:00+00:00,MTC,0.36640000343322754,0.36640000343322754,0.36910000443458557,0.3630000054836273,0.36910000443458557,81781.0
2024-10-25 09:54:00+00:00,MTLS,6.065999984741211,6.065999984741211,6.090000152587891,6.065999984741211,6.0879998207092285,1245.0
2024-10-25 09:54:00+00:00,MTTR,4.659999847412109,4.659999847412109,4.659999847412109,4.659999847412109,4.659999847412109,9168.0
2024-10-25 09:54:00+00:00,MU,108.93990325927734,108.93990325927734,108.94000244140625,108.7699966430664,108.82599639892578,25199.0
2024-10-25 09:54:00+00:00,MVIS,1.1050000190734863,1.1050000190734863,1.1050000190734863,1.1050000190734863,1.1050000190734863,172.0
2024-10-25 09:54:00+00:00,MXL,14.795000076293945,14.795000076293945,14.795000076293945,14.779999732971191,14.795000076293945,900.0
2024-10-25 09:54:00+00:00,NCNO,38.47999954223633,38.47999954223633,38.47999954223633,38.47999954223633,38.47999954223633,1089.0
2024-10-25 09:54:00+00:00,NICE,177.0800018310547,177.0800018310547,177.0800018310547,177.0800018310547,177.0800018310547,717.0
2024-10-25 09:54:00+00:00,NTAP,120.25,120.25,120.25,120.23999786376953,120.23999786376953,1351.0
2024-10-25 09:54:00+00:00,NTNX,63.099998474121094,63.099998474121094,63.099998474121094,63.099998474121094,63.099998474121094,140.0
2024-10-25 09:54:00+00:00,NVDA,142.49000549316406,142.49000549316406,142.5500030517578,142.39999389648438,142.44000244140625,542589.0
2024-10-25 09:54:00+00:00,NVEI,33.53099822998047,33.53099822998047,33.53099822998047,33.53099822998047,33.53099822998047,200.0
2024-10-25 09:54:00+00:00,NVMI,184.3699951171875,184.3699951171875,184.3699951171875,184.13999938964844,184.13999938964844,807.0
2024-10-25 09:54:00+00:00,NVTS,2.553999900817871,2.553999900817871,2.555000066757202,2.553999900817871,2.555000066757202,907.0
2024-10-25 09:54:00+00:00,NXPI,244.0,244.0,244.32000732421875,244.0,244.07000732421875,6184.0
2024-10-25 09:54:00+00:00,ON,72.61000061035156,72.61000061035156,72.66999816894531,72.44499969482422,72.44499969482422,59475.0
2024-10-25 09:54:00+00:00,OSIS,137.25999450683594,137.25999450683594,137.57000732421875,137.25999450683594,137.5500030517578,3504.0
2024-10-25 09:54:00+00:00,OTEX,33.617000579833984,33.617000579833984,33.617000579833984,33.617000579833984,33.617000579833984,1086.0
2024-10-25 09:54:00+00:00,PANW,370.5150146484375,370.5150146484375,370.5150146484375,370.3900146484375,370.3900146484375,2061.0
2024-10-25 09:54:00+00:00,PAYO,8.359999656677246,8.359999656677246,8.364999771118164,8.359999656677246,8.364999771118164,758.0
2024-10-25 09:54:00+00:00,PAYS,3.7679998874664307,3.7679998874664307,3.7679998874664307,3.759999990463257,3.759999990463257,1120.0
2024-10-25 09:54:00+00:00,PEGA,81.70999908447266,81.70999908447266,81.70999908447266,81.29000091552734,81.625,5346.0
2024-10-25 09:54:00+00:00,PEGY,4.664000034332275,4.664000034332275,4.664000034332275,4.610000133514404,4.659999847412109,3121.0
2024-10-25 09:54:00+00:00,PGY,11.930700302124023,11.930700302124023,11.949999809265137,11.930700302124023,11.9350004196167,3088.0
2024-10-25 09:54:00+00:00,PHUN,9.680000305175781,9.680000305175781,9.859999656677246,9.579999923706055,9.850299835205078,466342.0
2024-10-25 09:54:00+00:00,PI,196.86000061035156,196.86000061035156,197.10989379882812,196.55999755859375,196.5800018310547,2135.0
2024-10-25 09:54:00+00:00,PLXS,145.11000061035156,145.11000061035156,145.11000061035156,145.11000061035156,145.11000061035156,254.0
2024-10-25 09:54:00+00:00,POET,3.9885001182556152,3.9885001182556152,4.010000228881836,3.9700000286102295,4.0,5044.0
2024-10-25 09:54:00+00:00,POWI,63.150001525878906,63.150001525878906,63.150001525878906,63.150001525878906,63.150001525878906,1005.0
2024-10-25 09:54:00+00:00,PRCH,1.3650000095367432,1.3650000095367432,1.3650000095367432,1.3650000095367432,1.3650000095367432,210.0
2024-10-25 09:54:00+00:00,PRGS,64.44000244140625,64.44000244140625,64.51000213623047,64.44000244140625,64.51000213623047,884.0
2024-10-25 09:54:00+00:00,PRSO,1.75,1.75,1.75,1.75,1.75,141.0
2024-10-25 09:54:00+00:00,PTC,185.68499755859375,185.68499755859375,185.68499755859375,185.68499755859375,185.68499755859375,383.0
2024-10-25 09:54:00+00:00,PXLW,0.7724000215530396,0.7724000215530396,0.7724000215530396,0.7705000042915344,0.7705000042915344,1276.0
2024-10-25 09:54:00+00:00,QCOM,171.66000366210938,171.66000366210938,171.69000244140625,171.5030059814453,171.5749969482422,16045.0
2024-10-25 09:54:00+00:00,QLYS,121.30999755859375,121.30999755859375,121.30999755859375,121.30999755859375,121.30999755859375,407.0
2024-10-25 09:54:00+00:00,QRVO,100.3499984741211,100.3499984741211,100.43499755859375,100.3499984741211,100.43499755859375,1519.0
2024-10-25 09:54:00+00:00,QUBT,1.1449999809265137,1.1449999809265137,1.149999976158142,1.1399999856948853,1.1449999809265137,38366.0
2024-10-25 09:54:00+00:00,RDVT,28.799999237060547,28.799999237060547,28.799999237060547,28.799999237060547,28.799999237060547,328.0
2024-10-25 09:54:00+00:00,REKR,1.1024999618530273,1.1024999618530273,1.1024999618530273,1.1024999618530273,1.1024999618530273,260.0
2024-10-25 09:54:00+00:00,RELY,14.670000076293945,14.670000076293945,14.670000076293945,14.670000076293945,14.670000076293945,246.0
2024-10-25 09:54:00+00:00,RGTI,1.2755000591278076,1.2755000591278076,1.2799999713897705,1.2599999904632568,1.2699999809265137,238769.0
2024-10-25 09:54:00+00:00,RIOT,10.050000190734863,10.050000190734863,10.050000190734863,10.0,10.024999618530273,40795.0
2024-10-25 09:54:00+00:00,RMBS,42.97999954223633,42.97999954223633,42.97999954223633,42.97999954223633,42.97999954223633,666.0
2024-10-25 09:54:00+00:00,RUM,5.614999771118164,5.614999771118164,5.619999885559082,5.605000019073486,5.619999885559082,15808.0
2024-10-25 09:54:00+00:00,RUMBW,1.284999966621399,1.284999966621399,1.284999966621399,1.284999966621399,1.284999966621399,0.0
2024-10-25 09:54:00+00:00,RUN,14.170000076293945,14.170000076293945,14.239999771118164,14.09000015258789,14.239999771118164,146526.0
2024-10-25 09:54:00+00:00,SANM,67.9000015258789,67.9000015258789,67.9000015258789,67.80999755859375,67.80999755859375,591.0
2024-10-25 09:54:00+00:00,SATS,25.110000610351562,25.110000610351562,25.1299991607666,25.110000610351562,25.1299991607666,1189.0
2024-10-25 09:54:00+00:00,SEDG,15.614999771118164,15.614999771118164,15.614999771118164,15.54990005493164,15.54990005493164,5977.0
2024-10-25 09:54:00+00:00,SHLS,5.170000076293945,5.170000076293945,5.170000076293945,5.150000095367432,5.159999847412109,7616.0
2024-10-25 09:54:00+00:00,SIMO,56.880001068115234,56.880001068115234,56.880001068115234,56.880001068115234,56.880001068115234,383.0
2024-10-25 09:54:00+00:00,SKYT,10.760000228881836,10.760000228881836,10.760000228881836,10.760000228881836,10.760000228881836,597.0
2024-10-25 09:54:00+00:00,SMCI,47.099998474121094,47.099998474121094,47.18000030517578,47.07500076293945,47.08000183105469,76402.0
2024-10-25 09:54:00+00:00,SMTC,45.29999923706055,45.29999923706055,45.439998626708984,45.29999923706055,45.439998626708984,942.0
2024-10-25 09:54:00+00:00,SNPS,504.739990234375,504.739990234375,504.739990234375,504.125,504.125,1407.0
2024-10-25 09:54:00+00:00,SOBR,8.0,8.0,8.0,8.0,8.0,1067.0
2024-10-25 09:54:00+00:00,SONO,12.789999961853027,12.789999961853027,12.789999961853027,12.789999961853027,12.789999961853027,471.0
2024-10-25 09:54:00+00:00,SOUN,5.341899871826172,5.341899871826172,5.349999904632568,5.340000152587891,5.34499979019165,35061.0
2024-10-25 09:54:00+00:00,SPSC,189.1300048828125,189.1300048828125,189.1300048828125,188.7100067138672,188.7100067138672,451.0
2024-10-25 09:54:00+00:00,SSNC,70.03500366210938,70.03500366210938,70.11499786376953,69.94999694824219,70.11499786376953,7389.0
2024-10-25 09:54:00+00:00,STNE,11.369999885559082,11.369999885559082,11.369999885559082,11.364999771118164,11.364999771118164,2188.0
2024-10-25 09:54:00+00:00,STX,103.99400329589844,103.99400329589844,104.03910064697266,103.87000274658203,103.94000244140625,3385.0
2024-10-25 09:54:00+00:00,SWKS,95.83000183105469,95.83000183105469,95.87999725341797,95.81999969482422,95.87000274658203,3940.0
2024-10-25 09:54:00+00:00,SYTA,1.190000057220459,1.190000057220459,1.190000057220459,1.1699999570846558,1.1699999570846558,9552.0
2024-10-25 09:54:00+00:00,TASK,12.1850004196167,12.1850004196167,12.1850004196167,12.1850004196167,12.1850004196167,200.0
2024-10-25 09:54:00+00:00,TEAM,192.59500122070312,192.59500122070312,192.59500122070312,192.27999877929688,192.32000732421875,5522.0
2024-10-25 09:54:00+00:00,TENB,41.349998474121094,41.349998474121094,41.349998474121094,41.349998474121094,41.349998474121094,124.0
2024-10-25 09:54:00+00:00,TER,111.9124984741211,111.9124984741211,111.9124984741211,111.8550033569336,111.8550033569336,1203.0
2024-10-25 09:54:00+00:00,TRMB,61.040000915527344,61.040000915527344,61.040000915527344,61.02000045776367,61.025001525878906,1553.0
2024-10-25 09:54:00+00:00,TSEM,44.79999923706055,44.79999923706055,44.79999923706055,44.790000915527344,44.790000915527344,2028.0
2024-10-25 09:54:00+00:00,TTD,121.36000061035156,121.36000061035156,121.36000061035156,121.16999816894531,121.2699966430664,30237.0
2024-10-25 09:54:00+00:00,TWKS,4.449999809265137,4.449999809265137,4.449999809265137,4.445000171661377,4.445000171661377,16528.0
2024-10-25 09:54:00+00:00,TXN,210.41000366210938,210.41000366210938,210.41000366210938,210.17999267578125,210.36000061035156,10260.0
2024-10-25 09:54:00+00:00,UCTT,35.93000030517578,35.93000030517578,35.93000030517578,35.84000015258789,35.90399932861328,556.0
2024-10-25 09:54:00+00:00,VECO,29.434999465942383,29.434999465942383,29.434999465942383,29.389999389648438,29.389999389648438,3338.0
2024-10-25 09:54:00+00:00,VERB,10.25,10.25,10.25,10.25,10.25,626.0
2024-10-25 09:54:00+00:00,VERI,3.430000066757202,3.430000066757202,3.430000066757202,3.424999952316284,3.424999952316284,1664.0
2024-10-25 09:54:00+00:00,VIAV,9.210000038146973,9.210000038146973,9.210000038146973,9.210000038146973,9.210000038146973,1167.0
2024-10-25 09:54:00+00:00,VICR,46.78499984741211,46.78499984741211,46.78499984741211,46.78499984741211,46.78499984741211,811.0
2024-10-25 09:54:00+00:00,VMEO,4.75,4.75,4.764999866485596,4.75,4.764999866485596,4255.0
2024-10-25 09:54:00+00:00,VNET,3.424999952316284,3.424999952316284,3.424999952316284,3.4200000762939453,3.4200000762939453,946.0
2024-10-25 09:54:00+00:00,VRNS,57.040000915527344,57.040000915527344,57.09000015258789,57.040000915527344,57.09000015258789,2202.0
2024-10-25 09:54:00+00:00,VRNT,22.037099838256836,22.037099838256836,22.037099838256836,22.037099838256836,22.037099838256836,141.0
2024-10-25 09:54:00+00:00,VRSN,190.55999755859375,190.55999755859375,190.6199951171875,190.39999389648438,190.55999755859375,3811.0
2024-10-25 09:54:00+00:00,VSAT,10.399999618530273,10.399999618530273,10.399999618530273,10.390000343322754,10.390000343322754,727.0
2024-10-25 09:54:00+00:00,VUZI,1.3259999752044678,1.3259999752044678,1.3259999752044678,1.3259999752044678,1.3259999752044678,101.0
2024-10-25 09:54:00+00:00,WALD,3.619999885559082,3.619999885559082,3.619999885559082,3.619999885559082,3.619999885559082,100.0
2024-10-25 09:54:00+00:00,WDC,71.58000183105469,71.58000183105469,71.66999816894531,71.36000061035156,71.41000366210938,39977.0
2024-10-25 09:54:00+00:00,WISA,1.8102999925613403,1.8102999925613403,1.8200000524520874,1.809999942779541,1.809999942779541,1996.0
2024-10-25 09:54:00+00:00,WKEY,2.159899950027466,2.159899950027466,2.159899950027466,2.159899950027466,2.159899950027466,154.0
2024-10-25 09:54:00+00:00,XPER,9.430000305175781,9.430000305175781,9.430000305175781,9.430000305175781,9.430000305175781,289.0
2024-10-25 09:54:00+00:00,XRX,10.154999732971191,10.154999732971191,10.15999984741211,10.154999732971191,10.15999984741211,781.0
2024-10-25 09:54:00+00:00,ZBRA,364.32000732421875,364.32000732421875,364.32000732421875,364.32000732421875,364.32000732421875,561.0
2024-10-25 09:54:00+00:00,ZI,10.539999961853027,10.539999961853027,10.550000190734863,10.539999961853027,10.550000190734863,2436.0
2024-10-25 09:54:00+00:00,ZM,73.6500015258789,73.6500015258789,73.6500015258789,73.58999633789062,73.58999633789062,1168.0
2024-10-25 09:54:00+00:00,ZS,187.8000030517578,187.8000030517578,187.82000732421875,187.69000244140625,187.75999450683594,3382.0
2024-10-25 09:55:00+00:00,AAOI,17.760000228881836,17.760000228881836,17.760000228881836,17.729999542236328,17.73200035095215,1680.0
2024-10-25 09:55:00+00:00,AAPL,231.6699981689453,231.6699981689453,231.74000549316406,231.52000427246094,231.5500030517578,85868.0
2024-10-25 09:55:00+00:00,ACIW,49.119998931884766,49.119998931884766,49.16999816894531,49.119998931884766,49.16999816894531,786.0
2024-10-25 09:55:00+00:00,ACLS,91.55760192871094,91.55760192871094,91.55760192871094,91.55760192871094,91.55760192871094,517.0
2024-10-25 09:55:00+00:00,ACMR,19.579999923706055,19.579999923706055,19.632299423217773,19.579999923706055,19.594999313354492,3449.0
2024-10-25 09:55:00+00:00,ADBE,486.989990234375,486.989990234375,487.1400146484375,486.6099853515625,486.6099853515625,7497.0
2024-10-25 09:55:00+00:00,ADI,234.22999572753906,234.22999572753906,234.2899932861328,233.94000244140625,233.97999572753906,5198.0
2024-10-25 09:55:00+00:00,ADSK,287.5799865722656,287.5799865722656,287.80499267578125,287.57000732421875,287.57000732421875,6207.0
2024-10-25 09:55:00+00:00,ADTN,6.329999923706055,6.329999923706055,6.329999923706055,6.32420015335083,6.32420015335083,700.0
2024-10-25 09:55:00+00:00,AEHR,16.545000076293945,16.545000076293945,16.59000015258789,16.53499984741211,16.59000015258789,5501.0
2024-10-25 09:55:00+00:00,AFRM,42.01499938964844,42.01499938964844,42.109798431396484,42.0,42.09000015258789,23264.0
2024-10-25 09:55:00+00:00,AKAM,103.41500091552734,103.41500091552734,103.41500091552734,103.41500091552734,103.41500091552734,994.0
2024-10-25 09:55:00+00:00,ALGM,22.59000015258789,22.59000015258789,22.59000015258789,22.559999465942383,22.579999923706055,4715.0
2024-10-25 09:55:00+00:00,ALRM,54.65999984741211,54.65999984741211,54.65999984741211,54.61000061035156,54.630001068115234,2194.0
2024-10-25 09:55:00+00:00,ALTR,105.73999786376953,105.73999786376953,105.73999786376953,105.73999786376953,105.73999786376953,265.0
2024-10-25 09:55:00+00:00,AMAT,188.33999633789062,188.33999633789062,188.33999633789062,187.9550018310547,188.02000427246094,16424.0
2024-10-25 09:55:00+00:00,AMD,157.7299041748047,157.7299041748047,157.72999572753906,157.42250061035156,157.51199340820312,105237.0
2024-10-25 09:55:00+00:00,AMKR,30.010000228881836,30.010000228881836,30.010000228881836,29.969999313354492,29.969999313354492,1157.0
2024-10-25 09:55:00+00:00,AMPL,9.199999809265137,9.199999809265137,9.199999809265137,9.199999809265137,9.199999809265137,1720.0
2024-10-25 09:55:00+00:00,ANSS,327.0400085449219,327.0400085449219,327.0400085449219,326.79998779296875,326.79998779296875,900.0
2024-10-25 09:55:00+00:00,AOSL,36.720001220703125,36.720001220703125,36.720001220703125,36.720001220703125,36.720001220703125,208.0
2024-10-25 09:55:00+00:00,API,2.694999933242798,2.694999933242798,2.694999933242798,2.694999933242798,2.694999933242798,153.0
2024-10-25 09:55:00+00:00,APP,161.6999969482422,161.6999969482422,161.88999938964844,161.6999969482422,161.75999450683594,4537.0
2024-10-25 09:55:00+00:00,APPF,231.78500366210938,231.78500366210938,231.78500366210938,231.78500366210938,231.78500366210938,1137.0
2024-10-25 09:55:00+00:00,APPN,32.53499984741211,32.53499984741211,32.56999969482422,32.53499984741211,32.56999969482422,859.0
2024-10-25 09:55:00+00:00,APPS,3.125,3.125,3.125,3.125,3.125,205.0
2024-10-25 09:55:00+00:00,ARRY,6.34499979019165,6.34499979019165,6.349999904632568,6.335000038146973,6.340000152587891,10827.0
2024-10-25 09:55:00+00:00,ASML,719.4099731445312,719.4099731445312,719.7000122070312,718.7899780273438,718.7899780273438,10551.0
2024-10-25 09:55:00+00:00,AUR,6.454999923706055,6.454999923706055,6.454999923706055,6.440100193023682,6.449999809265137,11801.0
2024-10-25 09:55:00+00:00,AVDX,8.239999771118164,8.239999771118164,8.239999771118164,8.234999656677246,8.234999656677246,2480.0
2024-10-25 09:55:00+00:00,AVGO,174.52499389648438,174.52499389648438,174.57000732421875,174.28489685058594,174.32000732421875,83984.0
2024-10-25 09:55:00+00:00,AVT,54.70009994506836,54.70009994506836,54.70009994506836,54.70009994506836,54.70009994506836,540.0
2024-10-25 09:55:00+00:00,AXTI,2.6600000858306885,2.6600000858306885,2.6600000858306885,2.6500000953674316,2.6559998989105225,905.0
2024-10-25 09:55:00+00:00,AZPN,236.8699951171875,236.8699951171875,236.8699951171875,236.8699951171875,236.8699951171875,2747.0
2024-10-25 09:55:00+00:00,BASE,16.639999389648438,16.639999389648438,16.639999389648438,16.579999923706055,16.639999389648438,1549.0
2024-10-25 09:55:00+00:00,BCOV,2.2799999713897705,2.2799999713897705,2.2799999713897705,2.279900074005127,2.2799999713897705,5226.0
2024-10-25 09:55:00+00:00,BLKB,86.37999725341797,86.37999725341797,86.37999725341797,86.37999725341797,86.37999725341797,400.0
2024-10-25 09:55:00+00:00,BMBL,7.235000133514404,7.235000133514404,7.235000133514404,7.235000133514404,7.235000133514404,407.0
2024-10-25 09:55:00+00:00,BSY,49.494998931884766,49.494998931884766,49.494998931884766,49.494998931884766,49.494998931884766,468.0
2024-10-25 09:55:00+00:00,CAMT,79.62999725341797,79.62999725341797,79.62999725341797,79.2750015258789,79.2750015258789,2340.0
2024-10-25 09:55:00+00:00,CAN,1.003999948501587,1.003999948501587,1.0090999603271484,1.0,1.0049999952316284,3470.0
2024-10-25 09:55:00+00:00,CDNS,257.5849914550781,257.5849914550781,257.5849914550781,257.239990234375,257.2900085449219,7019.0
2024-10-25 09:55:00+00:00,CDW,219.32000732421875,219.32000732421875,219.6300048828125,219.16000366210938,219.6300048828125,3884.0
2024-10-25 09:55:00+00:00,CETX,0.298799991607666,0.298799991607666,0.298799991607666,0.298799991607666,0.298799991607666,6000.0
2024-10-25 09:55:00+00:00,CFLT,22.3799991607666,22.3799991607666,22.40999984741211,22.3799991607666,22.389999389648438,3944.0
2024-10-25 09:55:00+00:00,CGNX,39.20500183105469,39.20500183105469,39.20500183105469,39.20500183105469,39.20500183105469,202.0
2024-10-25 09:55:00+00:00,CLFD,36.904998779296875,36.904998779296875,36.904998779296875,36.904998779296875,36.904998779296875,433.0
2024-10-25 09:55:00+00:00,CLSK,11.949999809265137,11.949999809265137,11.954000473022461,11.90999984741211,11.9399995803833,46733.0
2024-10-25 09:55:00+00:00,CMTL,3.7112998962402344,3.7112998962402344,3.7112998962402344,3.7112998962402344,3.7112998962402344,1098.0
2024-10-25 09:55:00+00:00,CNDT,3.7200000286102295,3.7200000286102295,3.7200000286102295,3.7200000286102295,3.7200000286102295,253.0
2024-10-25 09:55:00+00:00,CNXC,44.8650016784668,44.8650016784668,44.88999938964844,44.8650016784668,44.88999938964844,830.0
2024-10-25 09:55:00+00:00,COHR,96.94000244140625,96.94000244140625,96.98999786376953,96.88200378417969,96.88200378417969,1009.0
2024-10-25 09:55:00+00:00,COHU,25.920000076293945,25.920000076293945,25.920000076293945,25.920000076293945,25.920000076293945,412.0
2024-10-25 09:55:00+00:00,COIN,210.3000030517578,210.3000030517578,210.67999267578125,210.13999938964844,210.44000244140625,21847.0
2024-10-25 09:55:00+00:00,COMM,6.445000171661377,6.445000171661377,6.449999809265137,6.440000057220459,6.449999809265137,9782.0
2024-10-25 09:55:00+00:00,CORZ,13.755000114440918,13.755000114440918,13.770000457763672,13.729999542236328,13.744999885559082,33806.0
2024-10-25 09:55:00+00:00,CRDO,39.72999954223633,39.72999954223633,39.72999954223633,39.69499969482422,39.720001220703125,1318.0
2024-10-25 09:55:00+00:00,CRNC,2.8350000381469727,2.8350000381469727,2.8499999046325684,2.8099000453948975,2.8099000453948975,17857.0
2024-10-25 09:55:00+00:00,CRSR,6.454999923706055,6.454999923706055,6.458000183105469,6.454999923706055,6.458000183105469,2724.0
2024-10-25 09:55:00+00:00,CRWD,310.6499938964844,310.6499938964844,310.70989990234375,310.21551513671875,310.21551513671875,13272.0
2024-10-25 09:55:00+00:00,CSCO,56.4900016784668,56.4900016784668,56.505001068115234,56.470001220703125,56.505001068115234,20038.0
2024-10-25 09:55:00+00:00,CSGS,48.279998779296875,48.279998779296875,48.279998779296875,48.279998779296875,48.279998779296875,347.0
2024-10-25 09:55:00+00:00,CSIQ,13.40250015258789,13.40250015258789,13.469900131225586,13.321499824523926,13.321499824523926,42350.0
2024-10-25 09:55:00+00:00,CTLP,9.0649995803833,9.0649995803833,9.0649995803833,9.0649995803833,9.0649995803833,135.0
2024-10-25 09:55:00+00:00,CTSH,75.26000213623047,75.26000213623047,75.27999877929688,75.20999908447266,75.20999908447266,2608.0
2024-10-25 09:55:00+00:00,CYN,3.509999990463257,3.509999990463257,3.559999942779541,3.509999990463257,3.549999952316284,3332.0
2024-10-25 09:55:00+00:00,DATS,1.646399974822998,1.646399974822998,1.6799999475479126,1.646399974822998,1.6549999713897705,8203.0
2024-10-25 09:55:00+00:00,DBX,26.139999389648438,26.139999389648438,26.139999389648438,26.139999389648438,26.139999389648438,972.0
2024-10-25 09:55:00+00:00,DDOG,127.33999633789062,127.33999633789062,127.3550033569336,126.86750030517578,126.87999725341797,27682.0
2024-10-25 09:55:00+00:00,DIOD,65.6947021484375,65.6947021484375,65.6947021484375,65.6947021484375,65.6947021484375,1724.0
2024-10-25 09:55:00+00:00,DLO,8.829999923706055,8.829999923706055,8.829999923706055,8.829999923706055,8.829999923706055,449.0
2024-10-25 09:55:00+00:00,DOCU,70.80500030517578,70.80500030517578,70.81500244140625,70.7300033569336,70.7300033569336,1846.0
2024-10-25 09:55:00+00:00,DOMO,7.949999809265137,7.949999809265137,7.980000019073486,7.949999809265137,7.980000019073486,573.0
2024-10-25 09:55:00+00:00,DSGX,105.38999938964844,105.38999938964844,105.38999938964844,105.38999938964844,105.38999938964844,189.0
2024-10-25 09:55:00+00:00,DUOL,284.5466003417969,284.5466003417969,284.5466003417969,284.5466003417969,284.5466003417969,353.0
2024-10-25 09:55:00+00:00,EMKR,2.119999885559082,2.119999885559082,2.121000051498413,2.119999885559082,2.121000051498413,6781.0
2024-10-25 09:55:00+00:00,ENPH,81.10800170898438,81.10800170898438,81.12999725341797,80.88999938964844,80.93579864501953,6441.0
2024-10-25 09:55:00+00:00,ENTG,105.47000122070312,105.47000122070312,105.47000122070312,105.3499984741211,105.3499984741211,1625.0
2024-10-25 09:55:00+00:00,ERIC,8.51099967956543,8.51099967956543,8.515999794006348,8.510000228881836,8.510000228881836,31269.0
2024-10-25 09:55:00+00:00,EXFY,1.715000033378601,1.715000033378601,1.715000033378601,1.715000033378601,1.715000033378601,105.0
2024-10-25 09:55:00+00:00,EXTR,14.574999809265137,14.574999809265137,14.574999809265137,14.574999809265137,14.574999809265137,480.0
2024-10-25 09:55:00+00:00,FIVN,31.049999237060547,31.049999237060547,31.049999237060547,31.049999237060547,31.049999237060547,930.0
2024-10-25 09:55:00+00:00,FLEX,35.45199966430664,35.45199966430664,35.45199966430664,35.3849983215332,35.3849983215332,4184.0
2024-10-25 09:55:00+00:00,FORM,45.2599983215332,45.2599983215332,45.2599983215332,45.11009979248047,45.22999954223633,1111.0
2024-10-25 09:55:00+00:00,FROG,29.5049991607666,29.5049991607666,29.5049991607666,29.420000076293945,29.420000076293945,432.0
2024-10-25 09:55:00+00:00,FRSH,11.699999809265137,11.699999809265137,11.699999809265137,11.680000305175781,11.680000305175781,9367.0
2024-10-25 09:55:00+00:00,FSLR,197.5800018310547,197.5800018310547,197.5800018310547,197.22500610351562,197.22500610351562,6248.0
2024-10-25 09:55:00+00:00,FTCI,0.7279999852180481,0.7279999852180481,0.7279999852180481,0.7279999852180481,0.7279999852180481,0.0
2024-10-25 09:55:00+00:00,FTNT,81.447998046875,81.447998046875,81.447998046875,81.33000183105469,81.33000183105469,6011.0
2024-10-25 09:55:00+00:00,GCT,25.59000015258789,25.59000015258789,25.59000015258789,25.540000915527344,25.579999923706055,4584.0
2024-10-25 09:55:00+00:00,GDS,21.764999389648438,21.764999389648438,21.764999389648438,21.75,21.75,1317.0
2024-10-25 09:55:00+00:00,GFS,40.800498962402344,40.800498962402344,40.869998931884766,40.800498962402344,40.83000183105469,5093.0
2024-10-25 09:55:00+00:00,GPRO,1.3220000267028809,1.3220000267028809,1.3220000267028809,1.3220000267028809,1.3220000267028809,1101.0
2024-10-25 09:55:00+00:00,GRAB,4.051700115203857,4.051700115203857,4.059999942779541,4.050000190734863,4.054999828338623,83775.0
2024-10-25 09:55:00+00:00,GRRR,4.858399868011475,4.858399868011475,4.858399868011475,4.840000152587891,4.840000152587891,2047.0
2024-10-25 09:55:00+00:00,GTLB,56.79999923706055,56.79999923706055,56.79999923706055,56.689998626708984,56.689998626708984,2791.0
2024-10-25 09:55:00+00:00,HCKT,24.95400047302246,24.95400047302246,24.95400047302246,24.95400047302246,24.95400047302246,487.0
2024-10-25 09:55:00+00:00,HCP,33.665000915527344,33.665000915527344,33.665000915527344,33.665000915527344,33.665000915527344,639.0
2024-10-25 09:55:00+00:00,HIMX,6.190000057220459,6.190000057220459,6.190000057220459,6.190000057220459,6.190000057220459,229.0
2024-10-25 09:55:00+00:00,HLIT,14.760000228881836,14.760000228881836,14.760000228881836,14.744999885559082,14.75,5455.0
2024-10-25 09:55:00+00:00,HOLO,3.869999885559082,3.869999885559082,3.878000020980835,3.869999885559082,3.878000020980835,676.0
2024-10-25 09:55:00+00:00,HOOD,27.350000381469727,27.350000381469727,27.3799991607666,27.350000381469727,27.3799991607666,27599.0
2024-10-25 09:55:00+00:00,HTCR,1.1399999856948853,1.1399999856948853,1.1399999856948853,1.1399999856948853,1.1399999856948853,570.0
2024-10-25 09:55:00+00:00,IMMR,8.695799827575684,8.695799827575684,8.695799827575684,8.686200141906738,8.686200141906738,2426.0
2024-10-25 09:55:00+00:00,IMXI,17.68000030517578,17.68000030517578,17.68000030517578,17.68000030517578,17.68000030517578,210.0
2024-10-25 09:55:00+00:00,INDI,3.5299999713897705,3.5299999713897705,3.5299999713897705,3.5199999809265137,3.5299999713897705,8337.0
2024-10-25 09:55:00+00:00,INTC,22.959999084472656,22.959999084472656,23.0049991607666,22.959999084472656,22.985000610351562,681577.0
2024-10-25 09:55:00+00:00,INTU,613.885009765625,613.885009765625,613.885009765625,613.885009765625,613.885009765625,650.0
2024-10-25 09:55:00+00:00,IPGP,76.58999633789062,76.58999633789062,76.58999633789062,76.58999633789062,76.58999633789062,342.0
2024-10-25 09:55:00+00:00,ITI,7.195000171661377,7.195000171661377,7.195000171661377,7.195000171661377,7.195000171661377,618.0
2024-10-25 09:55:00+00:00,JKHY,184.9199981689453,184.9199981689453,185.0,184.91000366210938,185.0,719.0
2024-10-25 09:55:00+00:00,KC,2.684999942779541,2.684999942779541,2.6898999214172363,2.684999942779541,2.6898999214172363,652.0
2024-10-25 09:55:00+00:00,KLAC,677.760009765625,677.760009765625,678.0,676.155029296875,677.0599975585938,9369.0
2024-10-25 09:55:00+00:00,LASR,10.539999961853027,10.539999961853027,10.539999961853027,10.510000228881836,10.510000228881836,878.0
2024-10-25 09:55:00+00:00,LOGI,80.80000305175781,80.80000305175781,80.81999969482422,80.80000305175781,80.81999969482422,740.0
2024-10-25 09:55:00+00:00,LRCX,78.28939819335938,78.28939819335938,78.37999725341797,78.14800262451172,78.2300033569336,136446.0
2024-10-25 09:55:00+00:00,LSCC,54.910099029541016,54.910099029541016,55.029998779296875,54.880001068115234,54.95000076293945,3141.0
2024-10-25 09:55:00+00:00,LYFT,13.765000343322754,13.765000343322754,13.77400016784668,13.760000228881836,13.760000228881836,16141.0
2024-10-25 09:55:00+00:00,LYT,2.009000062942505,2.009000062942505,2.009000062942505,2.009000062942505,2.009000062942505,1525.0
2024-10-25 09:55:00+00:00,LYTS,16.28499984741211,16.28499984741211,16.34000015258789,16.28499984741211,16.34000015258789,430.0
2024-10-25 09:55:00+00:00,MAPS,0.86080002784729,0.86080002784729,0.86080002784729,0.86080002784729,0.86080002784729,600.0
2024-10-25 09:55:00+00:00,MARK,0.11990000307559967,0.11990000307559967,0.11990000307559967,0.11990000307559967,0.11990000307559967,5000.0
2024-10-25 09:55:00+00:00,MCHP,77.30139923095703,77.30139923095703,77.35790252685547,77.30139923095703,77.33999633789062,8528.0
2024-10-25 09:55:00+00:00,MDB,269.1466064453125,269.1466064453125,269.9898986816406,269.1466064453125,269.9898986816406,3091.0
2024-10-25 09:55:00+00:00,MKSI,101.4000015258789,101.4000015258789,101.4000015258789,101.0999984741211,101.17500305175781,5974.0
2024-10-25 09:55:00+00:00,MKTW,0.6086000204086304,0.6086000204086304,0.6086000204086304,0.6086000204086304,0.6086000204086304,7996.0
2024-10-25 09:55:00+00:00,MNDY,299.9750061035156,299.9750061035156,300.1700134277344,299.9750061035156,300.0,1576.0
2024-10-25 09:55:00+00:00,MQ,5.335000038146973,5.335000038146973,5.340000152587891,5.335000038146973,5.340000152587891,2438.0
2024-10-25 09:55:00+00:00,MRVL,82.8499984741211,82.8499984741211,82.87000274658203,82.65499877929688,82.697998046875,29885.0
2024-10-25 09:55:00+00:00,MSFT,432.1549987792969,432.1549987792969,432.239990234375,431.8370056152344,431.94000244140625,39672.0
2024-10-25 09:55:00+00:00,MSTR,241.60000610351562,241.60000610351562,241.60000610351562,240.1699981689453,240.76499938964844,122395.0
2024-10-25 09:55:00+00:00,MTC,0.36899998784065247,0.36899998784065247,0.36899998784065247,0.36890000104904175,0.36890000104904175,2421.0
2024-10-25 09:55:00+00:00,MTLS,6.050000190734863,6.050000190734863,6.050000190734863,6.050000190734863,6.050000190734863,203.0
2024-10-25 09:55:00+00:00,MU,108.93000030517578,108.93000030517578,108.97000122070312,108.84010314941406,108.91500091552734,26144.0
2024-10-25 09:55:00+00:00,MVIS,1.1150000095367432,1.1150000095367432,1.1200000047683716,1.1100000143051147,1.1100000143051147,62559.0
2024-10-25 09:55:00+00:00,MXL,14.84000015258789,14.84000015258789,14.860899925231934,14.779999732971191,14.795000076293945,3052.0
2024-10-25 09:55:00+00:00,NCNO,38.439998626708984,38.439998626708984,38.44499969482422,38.439998626708984,38.44499969482422,1211.0
2024-10-25 09:55:00+00:00,NEON,8.039999961853027,8.039999961853027,8.039999961853027,8.039999961853027,8.039999961853027,388.0
2024-10-25 09:55:00+00:00,NTAP,120.375,120.375,120.375,120.30999755859375,120.30999755859375,3474.0
2024-10-25 09:55:00+00:00,NTNX,63.060001373291016,63.060001373291016,63.099998474121094,63.060001373291016,63.099998474121094,663.0
2024-10-25 09:55:00+00:00,NVDA,142.80999755859375,142.80999755859375,142.8300018310547,142.42999267578125,142.4783935546875,1364835.0
2024-10-25 09:55:00+00:00,NVEI,33.53300094604492,33.53300094604492,33.53300094604492,33.53300094604492,33.53300094604492,326.0
2024-10-25 09:55:00+00:00,NVTS,2.5652999877929688,2.5652999877929688,2.5652999877929688,2.559999942779541,2.565000057220459,6181.0
2024-10-25 09:55:00+00:00,NXPI,244.22999572753906,244.22999572753906,244.38999938964844,244.0500030517578,244.10000610351562,2343.0
2024-10-25 09:55:00+00:00,OBLG,3.779900074005127,3.779900074005127,3.7799999713897705,3.779900074005127,3.7799999713897705,767.0
2024-10-25 09:55:00+00:00,OKTA,72.91000366210938,72.91000366210938,72.95500183105469,72.88999938964844,72.95500183105469,1669.0
2024-10-25 09:55:00+00:00,OLED,204.47000122070312,204.47000122070312,204.47000122070312,204.47000122070312,204.47000122070312,254.0
2024-10-25 09:55:00+00:00,ON,72.7300033569336,72.7300033569336,72.7300033569336,72.4800033569336,72.58499908447266,118654.0
2024-10-25 09:55:00+00:00,OSS,2.4100000858306885,2.4100000858306885,2.4100000858306885,2.373500108718872,2.373500108718872,2532.0
2024-10-25 09:55:00+00:00,PANW,371.0,371.0,371.0,370.32000732421875,370.5150146484375,5808.0
2024-10-25 09:55:00+00:00,PAYO,8.359999656677246,8.359999656677246,8.364999771118164,8.359999656677246,8.364999771118164,2242.0
2024-10-25 09:55:00+00:00,PAYS,3.7739999294281006,3.7739999294281006,3.7739999294281006,3.7739999294281006,3.7739999294281006,1097.0
2024-10-25 09:55:00+00:00,PEGA,81.06999969482422,81.06999969482422,81.59500122070312,81.06999969482422,81.59500122070312,4837.0
2024-10-25 09:55:00+00:00,PEGY,4.6992998123168945,4.6992998123168945,4.699999809265137,4.695000171661377,4.69920015335083,2259.0
2024-10-25 09:55:00+00:00,PGY,11.96500015258789,11.96500015258789,11.96500015258789,11.930000305175781,11.930000305175781,17226.0
2024-10-25 09:55:00+00:00,PHUN,9.728500366210938,9.728500366210938,9.729999542236328,9.600000381469727,9.6899995803833,203275.0
2024-10-25 09:55:00+00:00,PI,196.9250030517578,196.9250030517578,197.1999969482422,196.49180603027344,196.49180603027344,1619.0
2024-10-25 09:55:00+00:00,POWI,63.19499969482422,63.19499969482422,63.20500183105469,63.19499969482422,63.20500183105469,306.0
2024-10-25 09:55:00+00:00,PUBM,15.15999984741211,15.15999984741211,15.15999984741211,15.15999984741211,15.15999984741211,195.0
2024-10-25 09:55:00+00:00,QCOM,171.82000732421875,171.82000732421875,171.88999938964844,171.6300048828125,171.6300048828125,10115.0
2024-10-25 09:55:00+00:00,QLYS,121.30999755859375,121.30999755859375,121.30999755859375,121.30999755859375,121.30999755859375,329.0
2024-10-25 09:55:00+00:00,QRVO,100.44999694824219,100.44999694824219,100.47000122070312,100.41000366210938,100.41999816894531,3683.0
2024-10-25 09:55:00+00:00,QUBT,1.1299999952316284,1.1299999952316284,1.1490999460220337,1.1201000213623047,1.1399999856948853,123664.0
2024-10-25 09:55:00+00:00,RCAT,2.7899999618530273,2.7899999618530273,2.7899999618530273,2.7899999618530273,2.7899999618530273,235.0
2024-10-25 09:55:00+00:00,REKR,1.100000023841858,1.100000023841858,1.100000023841858,1.100000023841858,1.100000023841858,726.0
2024-10-25 09:55:00+00:00,RELL,13.90999984741211,13.90999984741211,13.90999984741211,13.90999984741211,13.90999984741211,640.0
2024-10-25 09:55:00+00:00,RELY,14.699999809265137,14.699999809265137,14.699999809265137,14.668999671936035,14.668999671936035,7999.0
2024-10-25 09:55:00+00:00,RGTI,1.2999999523162842,1.2999999523162842,1.2999999523162842,1.2799999713897705,1.2799999713897705,50449.0
2024-10-25 09:55:00+00:00,RIOT,10.045000076293945,10.045000076293945,10.0600004196167,10.020000457763672,10.034000396728516,51761.0
2024-10-25 09:55:00+00:00,RMBS,43.04999923706055,43.04999923706055,43.04999923706055,43.040000915527344,43.040000915527344,523.0
2024-10-25 09:55:00+00:00,RMNI,1.7200000286102295,1.7200000286102295,1.7200000286102295,1.7200000286102295,1.7200000286102295,434.0
2024-10-25 09:55:00+00:00,RUM,5.610000133514404,5.610000133514404,5.611999988555908,5.610000133514404,5.611999988555908,3506.0
2024-10-25 09:55:00+00:00,RUMBW,1.2940000295639038,1.2940000295639038,1.2940000295639038,1.2940000295639038,1.2940000295639038,100.0
2024-10-25 09:55:00+00:00,RUN,14.179900169372559,14.179900169372559,14.1850004196167,14.149999618530273,14.180000305175781,25106.0
2024-10-25 09:55:00+00:00,SATS,25.049999237060547,25.049999237060547,25.079999923706055,25.049999237060547,25.079999923706055,904.0
2024-10-25 09:55:00+00:00,SCWX,8.380000114440918,8.380000114440918,8.390000343322754,8.380000114440918,8.390000343322754,1911.0
2024-10-25 09:55:00+00:00,SEDG,15.559900283813477,15.559900283813477,15.629899978637695,15.520000457763672,15.629899978637695,12164.0
2024-10-25 09:55:00+00:00,SHLS,5.179999828338623,5.179999828338623,5.180200099945068,5.170000076293945,5.170000076293945,6571.0
2024-10-25 09:55:00+00:00,SKYT,10.770000457763672,10.770000457763672,10.770000457763672,10.770000457763672,10.770000457763672,128.0
2024-10-25 09:55:00+00:00,SMCI,47.22999954223633,47.22999954223633,47.27989959716797,47.11000061035156,47.130001068115234,91541.0
2024-10-25 09:55:00+00:00,SMTC,45.369998931884766,45.369998931884766,45.369998931884766,45.369998931884766,45.369998931884766,214.0
2024-10-25 09:55:00+00:00,SNPS,505.1715087890625,505.1715087890625,505.20001220703125,504.57000732421875,504.57000732421875,1564.0
2024-10-25 09:55:00+00:00,SONO,12.789999961853027,12.789999961853027,12.789999961853027,12.78499984741211,12.78499984741211,882.0
2024-10-25 09:55:00+00:00,SOUN,5.336999893188477,5.336999893188477,5.34499979019165,5.329999923706055,5.34499979019165,54353.0
2024-10-25 09:55:00+00:00,SPSC,187.72999572753906,187.72999572753906,188.8000030517578,187.5,188.8000030517578,13597.0
2024-10-25 09:55:00+00:00,SSNC,70.18499755859375,70.18499755859375,70.20500183105469,70.04000091552734,70.04000091552734,7478.0
2024-10-25 09:55:00+00:00,SSYS,7.130000114440918,7.130000114440918,7.130000114440918,7.130000114440918,7.130000114440918,641.0
2024-10-25 09:55:00+00:00,STNE,11.364999771118164,11.364999771118164,11.36620044708252,11.364999771118164,11.364999771118164,2029.0
2024-10-25 09:55:00+00:00,STX,104.05999755859375,104.05999755859375,104.08999633789062,103.95999908447266,103.98999786376953,4950.0
2024-10-25 09:55:00+00:00,SURG,1.7200000286102295,1.7200000286102295,1.7300000190734863,1.7200000286102295,1.7300000190734863,6254.0
2024-10-25 09:55:00+00:00,SVRE,0.08619999885559082,0.08619999885559082,0.08699999749660492,0.08529999852180481,0.08529999852180481,5158.0
2024-10-25 09:55:00+00:00,SWKS,95.845703125,95.845703125,95.91000366210938,95.83000183105469,95.83000183105469,2019.0
2024-10-25 09:55:00+00:00,SYNA,73.05000305175781,73.05000305175781,73.05000305175781,73.05000305175781,73.05000305175781,200.0
2024-10-25 09:55:00+00:00,SYTA,1.184999942779541,1.184999942779541,1.2000000476837158,1.184999942779541,1.187999963760376,5927.0
2024-10-25 09:55:00+00:00,TASK,12.199999809265137,12.199999809265137,12.208000183105469,12.180000305175781,12.194000244140625,1053.0
2024-10-25 09:55:00+00:00,TEAM,192.75,192.75,192.83999633789062,192.53500366210938,192.53500366210938,17003.0
2024-10-25 09:55:00+00:00,TENB,41.36000061035156,41.36000061035156,41.36000061035156,41.36000061035156,41.36000061035156,143.0
2024-10-25 09:55:00+00:00,TER,112.01000213623047,112.01000213623047,112.0425033569336,111.91000366210938,111.93000030517578,7950.0
2024-10-25 09:55:00+00:00,TRMB,61.005001068115234,61.005001068115234,61.0099983215332,61.005001068115234,61.0099983215332,426.0
2024-10-25 09:55:00+00:00,TTD,121.375,121.375,121.43000030517578,121.26499938964844,121.2750015258789,10732.0
2024-10-25 09:55:00+00:00,TTMI,19.424999237060547,19.424999237060547,19.424999237060547,19.424999237060547,19.424999237060547,206.0
2024-10-25 09:55:00+00:00,TXN,210.5050048828125,210.5050048828125,210.58999633789062,210.3800048828125,210.3800048828125,9913.0
2024-10-25 09:55:00+00:00,UCTT,35.880001068115234,35.880001068115234,35.94499969482422,35.880001068115234,35.94499969482422,1469.0
2024-10-25 09:55:00+00:00,VECO,29.434999465942383,29.434999465942383,29.4375,29.434999465942383,29.4375,1483.0
2024-10-25 09:55:00+00:00,VERB,10.399999618530273,10.399999618530273,10.399999618530273,10.399999618530273,10.399999618530273,0.0
2024-10-25 09:55:00+00:00,VERI,3.430000066757202,3.430000066757202,3.430000066757202,3.4200000762939453,3.4200000762939453,368.0
2024-10-25 09:55:00+00:00,VERX,42.44499969482422,42.44499969482422,42.44499969482422,42.44499969482422,42.44499969482422,282.0
2024-10-25 09:55:00+00:00,VICR,46.790000915527344,46.790000915527344,46.84000015258789,46.790000915527344,46.84000015258789,684.0
2024-10-25 09:55:00+00:00,VMEO,4.755000114440918,4.755000114440918,4.755000114440918,4.755000114440918,4.755000114440918,200.0
2024-10-25 09:55:00+00:00,VNET,3.444999933242798,3.444999933242798,3.444999933242798,3.4293999671936035,3.4293999671936035,2508.0
2024-10-25 09:55:00+00:00,VRNS,57.06999969482422,57.06999969482422,57.09000015258789,57.064998626708984,57.08000183105469,2147.0
2024-10-25 09:55:00+00:00,VRSN,190.73109436035156,190.73109436035156,190.73109436035156,190.73109436035156,190.73109436035156,762.0
2024-10-25 09:55:00+00:00,VSAT,10.380000114440918,10.380000114440918,10.403599739074707,10.369999885559082,10.403599739074707,12944.0
2024-10-25 09:55:00+00:00,VUZI,1.3250000476837158,1.3250000476837158,1.329300045967102,1.3250000476837158,1.329300045967102,5407.0
2024-10-25 09:55:00+00:00,WDAY,242.28399658203125,242.28399658203125,242.55999755859375,242.25999450683594,242.25999450683594,5022.0
2024-10-25 09:55:00+00:00,WDC,71.8499984741211,71.8499984741211,71.91000366210938,71.5199966430664,71.58000183105469,75277.0
2024-10-25 09:55:00+00:00,WISA,1.8200000524520874,1.8200000524520874,1.8200000524520874,1.809999942779541,1.815000057220459,2588.0
2024-10-25 09:55:00+00:00,WRAP,1.9049999713897705,1.9049999713897705,1.9049999713897705,1.9049999713897705,1.9049999713897705,0.0
2024-10-25 09:55:00+00:00,XRX,10.154999732971191,10.154999732971191,10.154999732971191,10.154999732971191,10.154999732971191,356.0
2024-10-25 09:55:00+00:00,ZBRA,364.364990234375,364.364990234375,364.5899963378906,364.32000732421875,364.5899963378906,2882.0
2024-10-25 09:55:00+00:00,ZI,10.529999732971191,10.529999732971191,10.529999732971191,10.529999732971191,10.529999732971191,554.0
2024-10-25 09:55:00+00:00,ZM,73.61000061035156,73.61000061035156,73.61499786376953,73.58999633789062,73.58999633789062,4373.0
2024-10-25 09:55:00+00:00,ZS,187.8350067138672,187.8350067138672,187.8350067138672,187.8350067138672,187.8350067138672,2655.0
2024-10-25 09:56:00+00:00,AAOI,17.75,17.75,17.809999465942383,17.75,17.760000228881836,7399.0
2024-10-25 09:56:00+00:00,AAPL,231.87489318847656,231.87489318847656,231.8800048828125,231.63870239257812,231.66000366210938,86582.0
2024-10-25 09:56:00+00:00,ACIW,49.13359832763672,49.13359832763672,49.13359832763672,49.13359832763672,49.13359832763672,217.0
2024-10-25 09:56:00+00:00,ACLS,91.44999694824219,91.44999694824219,91.44999694824219,91.44999694824219,91.44999694824219,126.0
2024-10-25 09:56:00+00:00,ACMR,19.600000381469727,19.600000381469727,19.610000610351562,19.59000015258789,19.59000015258789,1018.0
2024-10-25 09:56:00+00:00,ADBE,486.94000244140625,486.94000244140625,487.05999755859375,486.80999755859375,487.0400085449219,2406.0
2024-10-25 09:56:00+00:00,ADI,234.48500061035156,234.48500061035156,234.48500061035156,234.30999755859375,234.35000610351562,10564.0
2024-10-25 09:56:00+00:00,ADSK,287.75,287.75,287.75,287.5899963378906,287.7149963378906,6824.0
2024-10-25 09:56:00+00:00,ADTN,6.329999923706055,6.329999923706055,6.340000152587891,6.329999923706055,6.340000152587891,824.0
2024-10-25 09:56:00+00:00,AEHR,16.489900588989258,16.489900588989258,16.530000686645508,16.48270034790039,16.530000686645508,4429.0
2024-10-25 09:56:00+00:00,AFRM,42.040000915527344,42.040000915527344,42.06999969482422,41.95539855957031,42.0,7414.0
2024-10-25 09:56:00+00:00,AGYS,113.83989715576172,113.83989715576172,113.83989715576172,113.83989715576172,113.83989715576172,1415.0
2024-10-25 09:56:00+00:00,AKAM,103.37000274658203,103.37000274658203,103.41000366210938,103.37000274658203,103.38999938964844,1020.0
2024-10-25 09:56:00+00:00,AKTS,0.05900000035762787,0.05900000035762787,0.05900000035762787,0.05900000035762787,0.05900000035762787,12839.0
2024-10-25 09:56:00+00:00,ALGM,22.520000457763672,22.520000457763672,22.559999465942383,22.520000457763672,22.549999237060547,8915.0
2024-10-25 09:56:00+00:00,ALRM,54.869998931884766,54.869998931884766,54.869998931884766,54.869998931884766,54.869998931884766,168.0
2024-10-25 09:56:00+00:00,AMAT,188.3000030517578,188.3000030517578,188.3000030517578,188.125,188.25999450683594,10563.0
2024-10-25 09:56:00+00:00,AMBA,58.29159927368164,58.29159927368164,58.29159927368164,58.16999816894531,58.16999816894531,3895.0
2024-10-25 09:56:00+00:00,AMD,157.92959594726562,157.92959594726562,157.92999267578125,157.6999969482422,157.71499633789062,113670.0
2024-10-25 09:56:00+00:00,AMKR,30.075000762939453,30.075000762939453,30.075000762939453,30.059999465942383,30.059999465942383,405.0
2024-10-25 09:56:00+00:00,ANSS,327.2900085449219,327.2900085449219,327.8299865722656,327.2900085449219,327.8299865722656,2006.0
2024-10-25 09:56:00+00:00,ANY,1.086899995803833,1.086899995803833,1.090000033378601,1.086899995803833,1.089900016784668,21365.0
2024-10-25 09:56:00+00:00,APP,161.77000427246094,161.77000427246094,161.8000030517578,161.6300048828125,161.75,7765.0
2024-10-25 09:56:00+00:00,APPF,228.99110412597656,228.99110412597656,231.52000427246094,228.02999877929688,231.22999572753906,7069.0
2024-10-25 09:56:00+00:00,APPN,32.529998779296875,32.529998779296875,32.599998474121094,32.529998779296875,32.53499984741211,8497.0
2024-10-25 09:56:00+00:00,APPS,3.119999885559082,3.119999885559082,3.119999885559082,3.119999885559082,3.119999885559082,11665.0
2024-10-25 09:56:00+00:00,ARRY,6.335000038146973,6.335000038146973,6.34499979019165,6.335000038146973,6.340000152587891,4707.0
2024-10-25 09:56:00+00:00,ASML,719.8900146484375,719.8900146484375,719.9600219726562,719.5999755859375,719.5999755859375,3129.0
2024-10-25 09:56:00+00:00,AUR,6.461999893188477,6.461999893188477,6.465000152587891,6.440000057220459,6.440000057220459,8361.0
2024-10-25 09:56:00+00:00,AVDX,8.220000267028809,8.220000267028809,8.229999542236328,8.210000038146973,8.229999542236328,30964.0
2024-10-25 09:56:00+00:00,AVGO,174.85000610351562,174.85000610351562,174.87989807128906,174.49000549316406,174.57000732421875,48208.0
2024-10-25 09:56:00+00:00,AVPT,12.119999885559082,12.119999885559082,12.135000228881836,12.119999885559082,12.135000228881836,2191.0
2024-10-25 09:56:00+00:00,AZPN,237.78500366210938,237.78500366210938,237.78500366210938,237.78500366210938,237.78500366210938,1746.0
2024-10-25 09:56:00+00:00,BCOV,2.2899999618530273,2.2899999618530273,2.299999952316284,2.2899999618530273,2.299999952316284,35190.0
2024-10-25 09:56:00+00:00,BIGC,5.349999904632568,5.349999904632568,5.349999904632568,5.349999904632568,5.349999904632568,413.0
2024-10-25 09:56:00+00:00,BMBL,7.210000038146973,7.210000038146973,7.230000019073486,7.210000038146973,7.230000019073486,870.0
2024-10-25 09:56:00+00:00,BSY,49.529998779296875,49.529998779296875,49.529998779296875,49.494998931884766,49.529998779296875,530.0
2024-10-25 09:56:00+00:00,CAN,1.0,1.0,1.0049999952316284,1.0,1.0009000301361084,1880.0
2024-10-25 09:56:00+00:00,CDNS,257.4700012207031,257.4700012207031,257.5050048828125,257.29998779296875,257.5050048828125,5814.0
2024-10-25 09:56:00+00:00,CDW,219.22999572753906,219.22999572753906,219.3699951171875,219.22999572753906,219.3699951171875,772.0
2024-10-25 09:56:00+00:00,CETX,0.29980000853538513,0.29980000853538513,0.29980000853538513,0.29980000853538513,0.29980000853538513,2758.0
2024-10-25 09:56:00+00:00,CEVA,24.077299118041992,24.077299118041992,24.077299118041992,24.06599998474121,24.06599998474121,2584.0
2024-10-25 09:56:00+00:00,CFLT,22.329999923706055,22.329999923706055,22.360000610351562,22.299999237060547,22.360000610351562,8190.0
2024-10-25 09:56:00+00:00,CGNX,39.21500015258789,39.21500015258789,39.220001220703125,39.209999084472656,39.220001220703125,907.0
2024-10-25 09:56:00+00:00,CISO,0.8884999752044678,0.8884999752044678,0.8884999752044678,0.8884999752044678,0.8884999752044678,700.0
2024-10-25 09:56:00+00:00,CLBT,18.15999984741211,18.15999984741211,18.15999984741211,18.15999984741211,18.15999984741211,388.0
2024-10-25 09:56:00+00:00,CLFD,36.72999954223633,36.72999954223633,36.72999954223633,36.72999954223633,36.72999954223633,343.0
2024-10-25 09:56:00+00:00,CLSK,11.9197998046875,11.9197998046875,11.95989990234375,11.913999557495117,11.944999694824219,44669.0
2024-10-25 09:56:00+00:00,CNDT,3.700000047683716,3.700000047683716,3.7100000381469727,3.700000047683716,3.7100000381469727,2797.0
2024-10-25 09:56:00+00:00,CNXC,44.86000061035156,44.86000061035156,44.875,44.7400016784668,44.834999084472656,3545.0
2024-10-25 09:56:00+00:00,COHR,96.9800033569336,96.9800033569336,97.05000305175781,96.91500091552734,97.05000305175781,3939.0
2024-10-25 09:56:00+00:00,COIN,209.7899932861328,209.7899932861328,210.42999267578125,209.7899932861328,210.3000030517578,20683.0
2024-10-25 09:56:00+00:00,COMM,6.449999809265137,6.449999809265137,6.454999923706055,6.445000171661377,6.445000171661377,10047.0
2024-10-25 09:56:00+00:00,CORZ,13.739999771118164,13.739999771118164,13.774999618530273,13.734999656677246,13.744999885559082,12845.0
2024-10-25 09:56:00+00:00,CRCT,6.425000190734863,6.425000190734863,6.429999828338623,6.425000190734863,6.429999828338623,107.0
2024-10-25 09:56:00+00:00,CRDO,39.7400016784668,39.7400016784668,39.7400016784668,39.709999084472656,39.73500061035156,1248.0
2024-10-25 09:56:00+00:00,CRNC,2.8399999141693115,2.8399999141693115,2.8399999141693115,2.8399999141693115,2.8399999141693115,228.0
2024-10-25 09:56:00+00:00,CRWD,310.9049987792969,310.9049987792969,311.0,310.6300964355469,310.8883056640625,7907.0
2024-10-25 09:56:00+00:00,CSCO,56.474998474121094,56.474998474121094,56.4900016784668,56.46500015258789,56.4900016784668,16671.0
2024-10-25 09:56:00+00:00,CSIQ,13.460399627685547,13.460399627685547,13.489999771118164,13.420100212097168,13.430000305175781,29141.0
2024-10-25 09:56:00+00:00,CTSH,75.24500274658203,75.24500274658203,75.2699966430664,75.23999786376953,75.2699966430664,2662.0
2024-10-25 09:56:00+00:00,CVLT,134.7899932861328,134.7899932861328,134.79010009765625,134.7899932861328,134.79010009765625,1084.0
2024-10-25 09:56:00+00:00,DAKT,13.027199745178223,13.027199745178223,13.100000381469727,13.027199745178223,13.100000381469727,598.0
2024-10-25 09:56:00+00:00,DATS,1.6299999952316284,1.6299999952316284,1.6801999807357788,1.6241999864578247,1.6241999864578247,5836.0
2024-10-25 09:56:00+00:00,DBX,26.139999389648438,26.139999389648438,26.15999984741211,26.139999389648438,26.15999984741211,4690.0
2024-10-25 09:56:00+00:00,DDOG,127.27999877929688,127.27999877929688,127.33999633789062,127.20999908447266,127.31999969482422,17389.0
2024-10-25 09:56:00+00:00,DLO,8.819999694824219,8.819999694824219,8.819999694824219,8.819999694824219,8.819999694824219,829.0
2024-10-25 09:56:00+00:00,DOCU,70.75,70.75,70.81999969482422,70.7300033569336,70.80999755859375,6654.0
2024-10-25 09:56:00+00:00,DOMO,7.980000019073486,7.980000019073486,7.980000019073486,7.980000019073486,7.980000019073486,256.0
2024-10-25 09:56:00+00:00,DTSS,2.4700000286102295,2.4700000286102295,2.4700000286102295,2.4700000286102295,2.4700000286102295,189.0
2024-10-25 09:56:00+00:00,DUOL,285.5412902832031,285.5412902832031,285.5412902832031,285.1199951171875,285.1199951171875,644.0
2024-10-25 09:56:00+00:00,EEFT,101.79000091552734,101.79000091552734,101.87000274658203,101.79000091552734,101.87000274658203,749.0
2024-10-25 09:56:00+00:00,EMKR,2.1005001068115234,2.1005001068115234,2.1005001068115234,2.1005001068115234,2.1005001068115234,408.0
2024-10-25 09:56:00+00:00,ENPH,80.94000244140625,80.94000244140625,81.16999816894531,80.87999725341797,81.13200378417969,20926.0
2024-10-25 09:56:00+00:00,ERIC,8.515999794006348,8.515999794006348,8.515999794006348,8.510000228881836,8.515000343322754,2238.0
2024-10-25 09:56:00+00:00,EXFY,1.7200000286102295,1.7200000286102295,1.7200000286102295,1.7200000286102295,1.7200000286102295,520.0
2024-10-25 09:56:00+00:00,EXLS,39.150001525878906,39.150001525878906,39.150001525878906,39.150001525878906,39.150001525878906,929.0
2024-10-25 09:56:00+00:00,FFIV,216.5,216.5,216.5,215.6300048828125,215.6699981689453,4808.0
2024-10-25 09:56:00+00:00,FLEX,35.41999816894531,35.41999816894531,35.45500183105469,35.41999816894531,35.45500183105469,2345.0
2024-10-25 09:56:00+00:00,FLYW,17.68000030517578,17.68000030517578,17.68000030517578,17.68000030517578,17.68000030517578,1033.0
2024-10-25 09:56:00+00:00,FORM,45.27000045776367,45.27000045776367,45.279998779296875,45.27000045776367,45.27000045776367,940.0
2024-10-25 09:56:00+00:00,FROG,29.440000534057617,29.440000534057617,29.440000534057617,29.440000534057617,29.440000534057617,116.0
2024-10-25 09:56:00+00:00,FRSH,11.725000381469727,11.725000381469727,11.725000381469727,11.710000038146973,11.710000038146973,6741.0
2024-10-25 09:56:00+00:00,FSLR,197.32000732421875,197.32000732421875,197.58999633789062,197.08999633789062,197.3101043701172,8611.0
2024-10-25 09:56:00+00:00,FTCI,0.7275000214576721,0.7275000214576721,0.7275000214576721,0.7275000214576721,0.7275000214576721,4000.0
2024-10-25 09:56:00+00:00,FTNT,81.43000030517578,81.43000030517578,81.47000122070312,81.43000030517578,81.47000122070312,3118.0
2024-10-25 09:56:00+00:00,GCT,25.559999465942383,25.559999465942383,25.593000411987305,25.54290008544922,25.559999465942383,3229.0
2024-10-25 09:56:00+00:00,GDS,21.795000076293945,21.795000076293945,21.795000076293945,21.764999389648438,21.764999389648438,1269.0
2024-10-25 09:56:00+00:00,GFS,40.790000915527344,40.790000915527344,40.79999923706055,40.78499984741211,40.79600143432617,1675.0
2024-10-25 09:56:00+00:00,GPRO,1.3250000476837158,1.3250000476837158,1.3300000429153442,1.3250000476837158,1.3300000429153442,451.0
2024-10-25 09:56:00+00:00,GRAB,4.065000057220459,4.065000057220459,4.06850004196167,4.045000076293945,4.054999828338623,507224.0
2024-10-25 09:56:00+00:00,GRRR,4.840000152587891,4.840000152587891,4.840000152587891,4.840000152587891,4.840000152587891,0.0
2024-10-25 09:56:00+00:00,GSIT,3.258699893951416,3.258699893951416,3.258699893951416,3.258699893951416,3.258699893951416,1751.0
2024-10-25 09:56:00+00:00,GTLB,56.76499938964844,56.76499938964844,56.858001708984375,56.76499938964844,56.84000015258789,1645.0
2024-10-25 09:56:00+00:00,HCKT,24.84000015258789,24.84000015258789,24.950000762939453,24.84000015258789,24.950000762939453,1055.0
2024-10-25 09:56:00+00:00,HCP,33.665000915527344,33.665000915527344,33.66999816894531,33.65999984741211,33.66999816894531,40214.0
2024-10-25 09:56:00+00:00,HLIT,14.795000076293945,14.795000076293945,14.800000190734863,14.770000457763672,14.770000457763672,3186.0
2024-10-25 09:56:00+00:00,HOLO,3.9000000953674316,3.9000000953674316,3.9100000858306885,3.874500036239624,3.875,6067.0
2024-10-25 09:56:00+00:00,HOOD,27.329999923706055,27.329999923706055,27.360000610351562,27.329999923706055,27.350000381469727,9634.0
2024-10-25 09:56:00+00:00,HTCR,1.125,1.125,1.125,1.125,1.125,5029.0
2024-10-25 09:56:00+00:00,ICHR,27.59000015258789,27.59000015258789,27.59000015258789,27.59000015258789,27.59000015258789,323.0
2024-10-25 09:56:00+00:00,IMMR,8.702099800109863,8.702099800109863,8.702099800109863,8.702099800109863,8.702099800109863,300.0
2024-10-25 09:56:00+00:00,IMXI,17.684999465942383,17.684999465942383,17.684999465942383,17.684999465942383,17.684999465942383,137.0
2024-10-25 09:56:00+00:00,INDI,3.5250000953674316,3.5250000953674316,3.5250000953674316,3.5250000953674316,3.5250000953674316,1411.0
2024-10-25 09:56:00+00:00,INFN,6.815000057220459,6.815000057220459,6.815000057220459,6.815000057220459,6.815000057220459,2800.0
2024-10-25 09:56:00+00:00,INOD,19.93000030517578,19.93000030517578,20.049999237060547,19.93000030517578,20.049999237060547,2120.0
2024-10-25 09:56:00+00:00,INTC,22.929399490356445,22.929399490356445,22.969999313354492,22.91990089416504,22.96500015258789,163762.0
2024-10-25 09:56:00+00:00,INTU,613.9400024414062,613.9400024414062,613.9400024414062,613.7230224609375,613.9299926757812,3444.0
2024-10-25 09:56:00+00:00,JAMF,16.8799991607666,16.8799991607666,16.895000457763672,16.8799991607666,16.889999389648438,631.0
2024-10-25 09:56:00+00:00,KC,2.684999942779541,2.684999942779541,2.684999942779541,2.680000066757202,2.680000066757202,2983.0
2024-10-25 09:56:00+00:00,KLAC,676.1799926757812,676.1799926757812,677.4400024414062,676.1799926757812,677.4400024414062,1162.0
2024-10-25 09:56:00+00:00,KLIC,44.470001220703125,44.470001220703125,44.470001220703125,44.349998474121094,44.349998474121094,5404.0
2024-10-25 09:56:00+00:00,LITE,64.55000305175781,64.55000305175781,64.65499877929688,64.55000305175781,64.65499877929688,1308.0
2024-10-25 09:56:00+00:00,LOGI,80.77999877929688,80.77999877929688,80.80999755859375,80.77999877929688,80.80000305175781,654.0
2024-10-25 09:56:00+00:00,LPSN,1.215000033378601,1.215000033378601,1.215000033378601,1.215000033378601,1.215000033378601,2120.0
2024-10-25 09:56:00+00:00,LRCX,78.38860321044922,78.38860321044922,78.4000015258789,78.22000122070312,78.30000305175781,90883.0
2024-10-25 09:56:00+00:00,LSCC,55.0099983215332,55.0099983215332,55.064998626708984,55.0099983215332,55.064998626708984,1120.0
2024-10-25 09:56:00+00:00,LTRX,4.034999847412109,4.034999847412109,4.034999847412109,4.034999847412109,4.034999847412109,1178.0
2024-10-25 09:56:00+00:00,LYFT,13.755000114440918,13.755000114440918,13.765000343322754,13.755000114440918,13.761799812316895,12617.0
2024-10-25 09:56:00+00:00,LYT,1.9500000476837158,1.9500000476837158,1.9500000476837158,1.9500000476837158,1.9500000476837158,761.0
2024-10-25 09:56:00+00:00,MANH,277.5400085449219,277.5400085449219,277.5400085449219,277.5400085449219,277.5400085449219,1402.0
2024-10-25 09:56:00+00:00,MAPS,0.8657000064849854,0.8657000064849854,0.8657000064849854,0.8657000064849854,0.8657000064849854,446.0
2024-10-25 09:56:00+00:00,MAXN,5.46999979019165,5.46999979019165,5.46999979019165,5.46999979019165,5.46999979019165,1139.0
2024-10-25 09:56:00+00:00,MCHP,77.29000091552734,77.29000091552734,77.37999725341797,77.29000091552734,77.37999725341797,7317.0
2024-10-25 09:56:00+00:00,MDB,269.5799865722656,269.5799865722656,269.5799865722656,269.5799865722656,269.5799865722656,323.0
2024-10-25 09:56:00+00:00,MKSI,101.30000305175781,101.30000305175781,101.40249633789062,101.30000305175781,101.40249633789062,1097.0
2024-10-25 09:56:00+00:00,MNDY,299.3999938964844,299.3999938964844,299.98748779296875,299.3999938964844,299.9750061035156,2202.0
2024-10-25 09:56:00+00:00,MPWR,918.75,918.75,918.75,918.75,918.75,727.0
2024-10-25 09:56:00+00:00,MRVL,82.86499786376953,82.86499786376953,82.87989807128906,82.80989837646484,82.83999633789062,7659.0
2024-10-25 09:56:00+00:00,MSFT,432.30999755859375,432.30999755859375,432.4100036621094,431.9613037109375,432.1700134277344,69945.0
2024-10-25 09:56:00+00:00,MSTR,241.05999755859375,241.05999755859375,241.87989807128906,240.9199981689453,241.55999755859375,122292.0
2024-10-25 09:56:00+00:00,MTC,0.3630000054836273,0.3630000054836273,0.36890000104904175,0.3630000054836273,0.3630000054836273,5790.0
2024-10-25 09:56:00+00:00,MTTR,4.664999961853027,4.664999961853027,4.664999961853027,4.664999961853027,4.664999961853027,404.0
2024-10-25 09:56:00+00:00,MU,108.99500274658203,108.99500274658203,109.01499938964844,108.94999694824219,108.94999694824219,29185.0
2024-10-25 09:56:00+00:00,MVIS,1.1150000095367432,1.1150000095367432,1.1200000047683716,1.111199975013733,1.1150000095367432,13064.0
2024-10-25 09:56:00+00:00,MXL,14.84000015258789,14.84000015258789,14.862799644470215,14.815899848937988,14.84000015258789,1373.0
2024-10-25 09:56:00+00:00,NCNO,38.45000076293945,38.45000076293945,38.45000076293945,38.45000076293945,38.45000076293945,150.0
2024-10-25 09:56:00+00:00,NNDM,2.3399999141693115,2.3399999141693115,2.3399999141693115,2.3299999237060547,2.3350000381469727,16115.0
2024-10-25 09:56:00+00:00,NSIT,211.875,211.875,211.875,211.875,211.875,104.0
2024-10-25 09:56:00+00:00,NTAP,120.27999877929688,120.27999877929688,120.4000015258789,120.27999877929688,120.34500122070312,2915.0
2024-10-25 09:56:00+00:00,NTNX,63.03799819946289,63.03799819946289,63.060001373291016,63.03799819946289,63.060001373291016,701.0
2024-10-25 09:56:00+00:00,NVDA,142.97999572753906,142.97999572753906,142.99000549316406,142.8000946044922,142.81500244140625,1103429.0
2024-10-25 09:56:00+00:00,NVEI,33.529998779296875,33.529998779296875,33.529998779296875,33.529998779296875,33.529998779296875,219.0
2024-10-25 09:56:00+00:00,NVTS,2.5697999000549316,2.5697999000549316,2.569999933242798,2.559999942779541,2.568000078201294,2446.0
2024-10-25 09:56:00+00:00,NXPI,244.30209350585938,244.30209350585938,244.3350067138672,244.0,244.27999877929688,10480.0
2024-10-25 09:56:00+00:00,OKTA,72.93599700927734,72.93599700927734,72.93599700927734,72.93599700927734,72.93599700927734,570.0
2024-10-25 09:56:00+00:00,OLED,204.75,204.75,204.75,204.75,204.75,185.0
2024-10-25 09:56:00+00:00,ON,72.58499908447266,72.58499908447266,72.75,72.4800033569336,72.70999908447266,110001.0
2024-10-25 09:56:00+00:00,OSPN,14.670000076293945,14.670000076293945,14.670000076293945,14.670000076293945,14.670000076293945,322.0
2024-10-25 09:56:00+00:00,OSS,2.38100004196167,2.38100004196167,2.38100004196167,2.380000114440918,2.38100004196167,216.0
2024-10-25 09:56:00+00:00,PANW,371.156494140625,371.156494140625,371.260009765625,370.92999267578125,371.1199951171875,5907.0
2024-10-25 09:56:00+00:00,PEGA,80.98400115966797,80.98400115966797,81.05999755859375,80.98400115966797,81.05999755859375,1841.0
2024-10-25 09:56:00+00:00,PEGY,4.819900035858154,4.819900035858154,4.819900035858154,4.699999809265137,4.699999809265137,8058.0
2024-10-25 09:56:00+00:00,PET,0.8277000188827515,0.8277000188827515,0.8277000188827515,0.8277000188827515,0.8277000188827515,273.0
2024-10-25 09:56:00+00:00,PGY,11.944999694824219,11.944999694824219,11.970999717712402,11.944999694824219,11.96500015258789,11283.0
2024-10-25 09:56:00+00:00,PHUN,9.65999984741211,9.65999984741211,9.84000015258789,9.65999984741211,9.729999542236328,204317.0
2024-10-25 09:56:00+00:00,PI,197.49000549316406,197.49000549316406,197.71499633789062,197.38259887695312,197.38259887695312,1383.0
2024-10-25 09:56:00+00:00,POET,3.982300043106079,3.982300043106079,3.982300043106079,3.982300043106079,3.982300043106079,115.0
2024-10-25 09:56:00+00:00,POWI,63.08000183105469,63.08000183105469,63.16999816894531,63.0099983215332,63.16999816894531,2481.0
2024-10-25 09:56:00+00:00,PRGS,64.45999908447266,64.45999908447266,64.5199966430664,64.45999908447266,64.5199966430664,908.0
2024-10-25 09:56:00+00:00,PTC,185.91000366210938,185.91000366210938,185.91000366210938,185.91000366210938,185.91000366210938,1036.0
2024-10-25 09:56:00+00:00,QCOM,171.86199951171875,171.86199951171875,171.8800048828125,171.80679321289062,171.8800048828125,6911.0
2024-10-25 09:56:00+00:00,QLYS,121.02999877929688,121.02999877929688,121.02999877929688,121.02999877929688,121.02999877929688,1188.0
2024-10-25 09:56:00+00:00,QMCO,5.340000152587891,5.340000152587891,5.489999771118164,5.340000152587891,5.489999771118164,369.0
2024-10-25 09:56:00+00:00,QRVO,100.41000366210938,100.41000366210938,100.41000366210938,100.41000366210938,100.41000366210938,546.0
2024-10-25 09:56:00+00:00,QUBT,1.1299999952316284,1.1299999952316284,1.1299999952316284,1.1299999952316284,1.1299999952316284,9878.0
2024-10-25 09:56:00+00:00,RCAT,2.7890000343322754,2.7890000343322754,2.7899999618530273,2.7850000858306885,2.7899999618530273,5023.0
2024-10-25 09:56:00+00:00,REKR,1.1024999618530273,1.1024999618530273,1.1024999618530273,1.1024999618530273,1.1024999618530273,200.0
2024-10-25 09:56:00+00:00,RELY,14.720000267028809,14.720000267028809,14.720000267028809,14.699999809265137,14.699999809265137,1026.0
2024-10-25 09:56:00+00:00,RGTI,1.2949999570846558,1.2949999570846558,1.2999999523162842,1.2949999570846558,1.2999999523162842,59049.0
2024-10-25 09:56:00+00:00,RIOT,10.045000076293945,10.045000076293945,10.069999694824219,10.039999961853027,10.055999755859375,96592.0
2024-10-25 09:56:00+00:00,RMBS,43.040000915527344,43.040000915527344,43.05500030517578,43.029998779296875,43.05500030517578,1477.0
2024-10-25 09:56:00+00:00,RMNI,1.7200000286102295,1.7200000286102295,1.7200000286102295,1.7200000286102295,1.7200000286102295,356.0
2024-10-25 09:56:00+00:00,RPAY,7.619999885559082,7.619999885559082,7.619999885559082,7.619999885559082,7.619999885559082,248.0
2024-10-25 09:56:00+00:00,RPD,39.46500015258789,39.46500015258789,39.46500015258789,39.46500015258789,39.46500015258789,104.0
2024-10-25 09:56:00+00:00,RUM,5.5960001945495605,5.5960001945495605,5.599999904632568,5.579999923706055,5.599999904632568,6837.0
2024-10-25 09:56:00+00:00,RUN,14.180000305175781,14.180000305175781,14.1899995803833,14.149999618530273,14.170000076293945,41572.0
2024-10-25 09:56:00+00:00,SATS,25.065000534057617,25.065000534057617,25.065000534057617,25.010000228881836,25.049999237060547,1345.0
2024-10-25 09:56:00+00:00,SEDG,15.449999809265137,15.449999809265137,15.534899711608887,15.430000305175781,15.534899711608887,8009.0
2024-10-25 09:56:00+00:00,SIMO,56.92499923706055,56.92499923706055,57.0099983215332,56.92499923706055,57.0099983215332,1212.0
2024-10-25 09:56:00+00:00,SKYT,10.779999732971191,10.779999732971191,10.819999694824219,10.779999732971191,10.800000190734863,9500.0
2024-10-25 09:56:00+00:00,SLNH,4.070000171661377,4.070000171661377,4.070000171661377,4.070000171661377,4.070000171661377,200.0
2024-10-25 09:56:00+00:00,SMCI,47.2400016784668,47.2400016784668,47.31999969482422,47.18410110473633,47.224998474121094,85492.0
2024-10-25 09:56:00+00:00,SMTC,45.40760040283203,45.40760040283203,45.40999984741211,45.369998931884766,45.40999984741211,4135.0
2024-10-25 09:56:00+00:00,SNCR,11.050000190734863,11.050000190734863,11.050000190734863,10.870100021362305,10.870100021362305,4050.0
2024-10-25 09:56:00+00:00,SNPS,505.7900085449219,505.7900085449219,505.7900085449219,505.489990234375,505.489990234375,1991.0
2024-10-25 09:56:00+00:00,SONO,12.760000228881836,12.760000228881836,12.789999961853027,12.760000228881836,12.782500267028809,2556.0
2024-10-25 09:56:00+00:00,SOUN,5.320799827575684,5.320799827575684,5.340000152587891,5.320799827575684,5.335000038146973,55876.0
2024-10-25 09:56:00+00:00,SPSC,187.47000122070312,187.47000122070312,187.47000122070312,187.47000122070312,187.47000122070312,9102.0
2024-10-25 09:56:00+00:00,SPT,27.639799118041992,27.639799118041992,27.639799118041992,27.639799118041992,27.639799118041992,729.0
2024-10-25 09:56:00+00:00,SRAD,12.357999801635742,12.357999801635742,12.357999801635742,12.357999801635742,12.357999801635742,283.0
2024-10-25 09:56:00+00:00,SSNC,69.98999786376953,69.98999786376953,70.16999816894531,69.94249725341797,70.1500015258789,86757.0
2024-10-25 09:56:00+00:00,SSYS,7.130000114440918,7.130000114440918,7.130000114440918,7.130000114440918,7.130000114440918,386.0
2024-10-25 09:56:00+00:00,STNE,11.364999771118164,11.364999771118164,11.369999885559082,11.364999771118164,11.364999771118164,1649.0
2024-10-25 09:56:00+00:00,STX,104.0199966430664,104.0199966430664,104.0199966430664,103.93000030517578,103.95999908447266,2433.0
2024-10-25 09:56:00+00:00,SVRE,0.0869000032544136,0.0869000032544136,0.0869000032544136,0.0869000032544136,0.0869000032544136,3602.0
2024-10-25 09:56:00+00:00,SWKS,95.87000274658203,95.87000274658203,95.91000366210938,95.87000274658203,95.91000366210938,1499.0
2024-10-25 09:56:00+00:00,SYNA,73.05999755859375,73.05999755859375,73.05999755859375,72.83000183105469,72.84809875488281,341.0
2024-10-25 09:56:00+00:00,SYTA,1.190000057220459,1.190000057220459,1.2000000476837158,1.190000057220459,1.194000005722046,4637.0
2024-10-25 09:56:00+00:00,TACT,4.179999828338623,4.179999828338623,4.179999828338623,4.179999828338623,4.179999828338623,453.0
2024-10-25 09:56:00+00:00,TASK,12.199999809265137,12.199999809265137,12.210000038146973,12.180000305175781,12.180000305175781,1820.0
2024-10-25 09:56:00+00:00,TEAM,192.39500427246094,192.39500427246094,192.97000122070312,192.39500427246094,192.6199951171875,9822.0
2024-10-25 09:56:00+00:00,TENB,41.349998474121094,41.349998474121094,41.37099838256836,41.349998474121094,41.37099838256836,1695.0
2024-10-25 09:56:00+00:00,TER,112.1500015258789,112.1500015258789,112.1500015258789,111.93000030517578,111.97000122070312,10778.0
2024-10-25 09:56:00+00:00,TTD,121.16999816894531,121.16999816894531,121.44000244140625,121.13999938964844,121.375,26459.0
2024-10-25 09:56:00+00:00,TTMI,19.40999984741211,19.40999984741211,19.43000030517578,19.40999984741211,19.40999984741211,5450.0
2024-10-25 09:56:00+00:00,TWKS,4.449999809265137,4.449999809265137,4.449999809265137,4.449999809265137,4.449999809265137,1585.0
2024-10-25 09:56:00+00:00,TXN,210.63999938964844,210.63999938964844,210.63999938964844,210.52000427246094,210.52000427246094,5618.0
2024-10-25 09:56:00+00:00,UCTT,35.880001068115234,35.880001068115234,35.93199920654297,35.880001068115234,35.93199920654297,893.0
2024-10-25 09:56:00+00:00,VECO,29.5,29.5,29.5,29.422000885009766,29.422000885009766,3364.0
2024-10-25 09:56:00+00:00,VERI,3.440000057220459,3.440000057220459,3.440000057220459,3.430000066757202,3.430000066757202,1084.0
2024-10-25 09:56:00+00:00,VERX,42.375,42.375,42.375,42.375,42.375,284.0
2024-10-25 09:56:00+00:00,VIAV,9.190899848937988,9.190899848937988,9.190899848937988,9.190899848937988,9.190899848937988,549.0
2024-10-25 09:56:00+00:00,VICR,46.76499938964844,46.76499938964844,46.790000915527344,46.76499938964844,46.790000915527344,727.0
2024-10-25 09:56:00+00:00,VRNS,57.05500030517578,57.05500030517578,57.05500030517578,57.05500030517578,57.05500030517578,301.0
2024-10-25 09:56:00+00:00,VRNT,22.065000534057617,22.065000534057617,22.065000534057617,22.065000534057617,22.065000534057617,247.0
2024-10-25 09:56:00+00:00,VRSN,190.0,190.0,190.36500549316406,190.0,190.36500549316406,904.0
2024-10-25 09:56:00+00:00,VS,2.684299945831299,2.684299945831299,2.684299945831299,2.684299945831299,2.684299945831299,284.0
2024-10-25 09:56:00+00:00,VSAT,10.380000114440918,10.380000114440918,10.380000114440918,10.380000114440918,10.380000114440918,626.0
2024-10-25 09:56:00+00:00,VUZI,1.3200000524520874,1.3200000524520874,1.3200000524520874,1.3200000524520874,1.3200000524520874,600.0
2024-10-25 09:56:00+00:00,WALD,3.619999885559082,3.619999885559082,3.619999885559082,3.619999885559082,3.619999885559082,100.0
2024-10-25 09:56:00+00:00,WDC,72.0199966430664,72.0199966430664,72.0199966430664,71.7500991821289,71.85440063476562,141918.0
2024-10-25 09:56:00+00:00,WISA,1.8020000457763672,1.8020000457763672,1.8020000457763672,1.8000999689102173,1.8000999689102173,2296.0
2024-10-25 09:56:00+00:00,WRAP,1.8901000022888184,1.8901000022888184,1.8901000022888184,1.8901000022888184,1.8901000022888184,9850.0
2024-10-25 09:56:00+00:00,XRX,10.145000457763672,10.145000457763672,10.154999732971191,10.14169979095459,10.149999618530273,7539.0
2024-10-25 09:56:00+00:00,ZBRA,364.32000732421875,364.32000732421875,364.32000732421875,364.17498779296875,364.17498779296875,2001.0
2024-10-25 09:56:00+00:00,ZI,10.529999732971191,10.529999732971191,10.529999732971191,10.529999732971191,10.529999732971191,405.0
2024-10-25 09:56:00+00:00,ZM,73.55000305175781,73.55000305175781,73.5999984741211,73.53559875488281,73.5999984741211,2761.0
2024-10-25 09:56:00+00:00,ZS,187.81500244140625,187.81500244140625,187.81500244140625,187.81500244140625,187.81500244140625,356.0
2024-10-25 09:57:00+00:00,AAOI,17.829999923706055,17.829999923706055,17.829999923706055,17.75659942626953,17.77910041809082,4790.0
2024-10-25 09:57:00+00:00,AAPL,231.95989990234375,231.95989990234375,231.97000122070312,231.77000427246094,231.85000610351562,83600.0
2024-10-25 09:57:00+00:00,ACLS,91.5199966430664,91.5199966430664,91.61000061035156,91.5,91.51499938964844,10790.0
2024-10-25 09:57:00+00:00,ACMR,19.649999618530273,19.649999618530273,19.670000076293945,19.640100479125977,19.649999618530273,7172.0
2024-10-25 09:57:00+00:00,ADBE,486.8599853515625,486.8599853515625,486.8599853515625,486.4800109863281,486.54998779296875,6533.0
2024-10-25 09:57:00+00:00,ADI,234.19000244140625,234.19000244140625,234.3000030517578,233.93890380859375,234.3000030517578,3591.0
2024-10-25 09:57:00+00:00,ADSK,287.7200012207031,287.7200012207031,287.7200012207031,287.7049865722656,287.7049865722656,331.0
2024-10-25 09:57:00+00:00,AEHR,16.559999465942383,16.559999465942383,16.559999465942383,16.440000534057617,16.440000534057617,8576.0
2024-10-25 09:57:00+00:00,AEYE,23.6200008392334,23.6200008392334,23.6200008392334,23.6200008392334,23.6200008392334,114.0
2024-10-25 09:57:00+00:00,AFRM,42.099998474121094,42.099998474121094,42.13999938964844,42.059898376464844,42.059898376464844,27450.0
2024-10-25 09:57:00+00:00,AKAM,103.37000274658203,103.37000274658203,103.38999938964844,103.37000274658203,103.38999938964844,807.0
2024-10-25 09:57:00+00:00,AKTS,0.05900000035762787,0.05900000035762787,0.05900000035762787,0.05900000035762787,0.05900000035762787,162062.0
2024-10-25 09:57:00+00:00,ALGM,22.489999771118164,22.489999771118164,22.530000686645508,22.469999313354492,22.510000228881836,58026.0
2024-10-25 09:57:00+00:00,ALKT,38.41999816894531,38.41999816894531,38.41999816894531,38.41999816894531,38.41999816894531,128.0
2024-10-25 09:57:00+00:00,ALRM,54.91999816894531,54.91999816894531,54.91999816894531,54.869998931884766,54.869998931884766,485.0
2024-10-25 09:57:00+00:00,ALTR,105.69499969482422,105.69499969482422,105.69499969482422,105.69499969482422,105.69499969482422,156.0
2024-10-25 09:57:00+00:00,AMAT,188.36000061035156,188.36000061035156,188.39959716796875,188.2100067138672,188.37750244140625,5100.0
2024-10-25 09:57:00+00:00,AMD,157.88800048828125,157.88800048828125,158.10079956054688,157.85000610351562,157.9268035888672,218286.0
2024-10-25 09:57:00+00:00,AMKR,30.09000015258789,30.09000015258789,30.09000015258789,30.09000015258789,30.09000015258789,131.0
2024-10-25 09:57:00+00:00,AOSL,36.72999954223633,36.72999954223633,36.72999954223633,36.72999954223633,36.72999954223633,159.0
2024-10-25 09:57:00+00:00,API,2.690000057220459,2.690000057220459,2.694999933242798,2.690000057220459,2.694999933242798,5374.0
2024-10-25 09:57:00+00:00,APP,161.73199462890625,161.73199462890625,161.82350158691406,161.7100067138672,161.75999450683594,3562.0
2024-10-25 09:57:00+00:00,APPF,229.77960205078125,229.77960205078125,229.77960205078125,229.0399932861328,229.08999633789062,1666.0
2024-10-25 09:57:00+00:00,APPN,32.46500015258789,32.46500015258789,32.5099983215332,32.46500015258789,32.4900016784668,1976.0
2024-10-25 09:57:00+00:00,APPS,3.1201000213623047,3.1201000213623047,3.1201999187469482,3.1201000213623047,3.1201999187469482,1580.0
2024-10-25 09:57:00+00:00,ARQQ,7.869999885559082,7.869999885559082,7.869999885559082,7.869999885559082,7.869999885559082,748.0
2024-10-25 09:57:00+00:00,ARRY,6.340000152587891,6.340000152587891,6.340000152587891,6.329999923706055,6.329999923706055,4388.0
2024-10-25 09:57:00+00:00,ASML,719.780029296875,719.780029296875,720.02001953125,719.6900024414062,719.9500122070312,10782.0
2024-10-25 09:57:00+00:00,ASTI,2.618000030517578,2.618000030517578,2.618000030517578,2.618000030517578,2.618000030517578,145.0
2024-10-25 09:57:00+00:00,ASUR,9.75,9.75,9.75,9.75,9.75,554.0
2024-10-25 09:57:00+00:00,AUR,6.470099925994873,6.470099925994873,6.474999904632568,6.465000152587891,6.465000152587891,4842.0
2024-10-25 09:57:00+00:00,AVDX,8.229999542236328,8.229999542236328,8.229999542236328,8.225000381469727,8.225000381469727,899.0
2024-10-25 09:57:00+00:00,AVGO,174.85000610351562,174.85000610351562,175.00999450683594,174.8134002685547,174.86000061035156,70288.0
2024-10-25 09:57:00+00:00,AVT,54.72999954223633,54.72999954223633,54.72999954223633,54.72999954223633,54.72999954223633,534.0
2024-10-25 09:57:00+00:00,AWRE,1.9800000190734863,1.9800000190734863,1.9800000190734863,1.9800000190734863,1.9800000190734863,426.0
2024-10-25 09:57:00+00:00,AXTI,2.6649999618530273,2.6649999618530273,2.6649999618530273,2.6649999618530273,2.6649999618530273,2976.0
2024-10-25 09:57:00+00:00,BASE,16.690000534057617,16.690000534057617,16.690000534057617,16.690000534057617,16.690000534057617,274.0
2024-10-25 09:57:00+00:00,BEEM,4.831600189208984,4.831600189208984,4.840000152587891,4.830999851226807,4.840000152587891,2594.0
2024-10-25 09:57:00+00:00,BIGC,5.320000171661377,5.320000171661377,5.320000171661377,5.320000171661377,5.320000171661377,579.0
2024-10-25 09:57:00+00:00,BMBL,7.204999923706055,7.204999923706055,7.204999923706055,7.204999923706055,7.204999923706055,166.0
2024-10-25 09:57:00+00:00,BRZE,31.174999237060547,31.174999237060547,31.174999237060547,31.174999237060547,31.174999237060547,385.0
2024-10-25 09:57:00+00:00,BSY,49.55500030517578,49.55500030517578,49.58000183105469,49.500301361083984,49.500301361083984,4125.0
2024-10-25 09:57:00+00:00,CAN,1.0,1.0,1.0049999952316284,1.0,1.0049999952316284,4377.0
2024-10-25 09:57:00+00:00,CCSI,20.510000228881836,20.510000228881836,20.510000228881836,20.510000228881836,20.510000228881836,260.0
2024-10-25 09:57:00+00:00,CDNS,257.5350036621094,257.5350036621094,257.5350036621094,257.42498779296875,257.5249938964844,2345.0
2024-10-25 09:57:00+00:00,CETX,0.30000001192092896,0.30000001192092896,0.30000001192092896,0.30000001192092896,0.30000001192092896,14360.0
2024-10-25 09:57:00+00:00,CEVA,24.170000076293945,24.170000076293945,24.200000762939453,24.170000076293945,24.170000076293945,1230.0
2024-10-25 09:57:00+00:00,CFLT,22.3700008392334,22.3700008392334,22.3700008392334,22.309999465942383,22.309999465942383,3381.0
2024-10-25 09:57:00+00:00,CGNX,39.209999084472656,39.209999084472656,39.2411003112793,39.209999084472656,39.2411003112793,749.0
2024-10-25 09:57:00+00:00,CISO,0.8989999890327454,0.8989999890327454,0.8989999890327454,0.8989999890327454,0.8989999890327454,95.0
2024-10-25 09:57:00+00:00,CLBT,18.15999984741211,18.15999984741211,18.15999984741211,18.15999984741211,18.15999984741211,260.0
2024-10-25 09:57:00+00:00,CLSK,11.90999984741211,11.90999984741211,11.960000038146973,11.899999618530273,11.928799629211426,78838.0
2024-10-25 09:57:00+00:00,CMTL,3.7300000190734863,3.7300000190734863,3.7300000190734863,3.7300000190734863,3.7300000190734863,387.0
2024-10-25 09:57:00+00:00,CNXC,44.779998779296875,44.779998779296875,44.88399887084961,44.779998779296875,44.88399887084961,1454.0
2024-10-25 09:57:00+00:00,COHR,97.08989715576172,97.08989715576172,97.08989715576172,96.9800033569336,96.9800033569336,1111.0
2024-10-25 09:57:00+00:00,COIN,210.33999633789062,210.33999633789062,210.5,209.70069885253906,209.83999633789062,19164.0
2024-10-25 09:57:00+00:00,COMM,6.409999847412109,6.409999847412109,6.449999809265137,6.400000095367432,6.443600177764893,7635.0
2024-10-25 09:57:00+00:00,CORZ,13.704999923706055,13.704999923706055,13.744999885559082,13.699999809265137,13.729999542236328,11788.0
2024-10-25 09:57:00+00:00,CRCT,6.420000076293945,6.420000076293945,6.425000190734863,6.420000076293945,6.425000190734863,437.0
2024-10-25 09:57:00+00:00,CRDO,39.77000045776367,39.77000045776367,39.779998779296875,39.75,39.75,1912.0
2024-10-25 09:57:00+00:00,CREX,4.389999866485596,4.389999866485596,4.389999866485596,4.389999866485596,4.389999866485596,241.0
2024-10-25 09:57:00+00:00,CRNC,2.8350000381469727,2.8350000381469727,2.8350000381469727,2.8350000381469727,2.8350000381469727,1426.0
2024-10-25 09:57:00+00:00,CRUS,123.0,123.0,123.0,123.0,123.0,678.0
2024-10-25 09:57:00+00:00,CRWD,310.4200134277344,310.4200134277344,311.0,310.260009765625,310.7300109863281,8290.0
2024-10-25 09:57:00+00:00,CSCO,56.44499969482422,56.44499969482422,56.470001220703125,56.439998626708984,56.470001220703125,6574.0
2024-10-25 09:57:00+00:00,CSIQ,13.470000267028809,13.470000267028809,13.540200233459473,13.467599868774414,13.475000381469727,28602.0
2024-10-25 09:57:00+00:00,CTLP,9.0649995803833,9.0649995803833,9.0649995803833,9.0649995803833,9.0649995803833,496.0
2024-10-25 09:57:00+00:00,CTSH,75.06999969482422,75.06999969482422,75.20999908447266,75.06999969482422,75.20999908447266,4238.0
2024-10-25 09:57:00+00:00,CYBR,298.0,298.0,298.0,297.7300109863281,297.7300109863281,294.0
2024-10-25 09:57:00+00:00,DAKT,13.100000381469727,13.100000381469727,13.100000381469727,13.039999961853027,13.039999961853027,1268.0
2024-10-25 09:57:00+00:00,DATS,1.625100016593933,1.625100016593933,1.6299999952316284,1.6200000047683716,1.6299999952316284,8079.0
2024-10-25 09:57:00+00:00,DBX,26.139999389648438,26.139999389648438,26.139999389648438,26.139999389648438,26.139999389648438,1123.0
2024-10-25 09:57:00+00:00,DDOG,127.2699966430664,127.2699966430664,127.31649780273438,127.19550323486328,127.27999877929688,7550.0
2024-10-25 09:57:00+00:00,DOCU,70.75499725341797,70.75499725341797,70.7699966430664,70.7300033569336,70.73999786376953,8751.0
2024-10-25 09:57:00+00:00,DOMO,7.989999771118164,7.989999771118164,7.989999771118164,7.96999979019165,7.96999979019165,2470.0
2024-10-25 09:57:00+00:00,DOX,89.79499816894531,89.79499816894531,89.80999755859375,89.79499816894531,89.80999755859375,3743.0
2024-10-25 09:57:00+00:00,EMKR,2.109999895095825,2.109999895095825,2.109999895095825,2.109999895095825,2.109999895095825,400.0
2024-10-25 09:57:00+00:00,ENPH,80.77999877929688,80.77999877929688,80.94000244140625,80.73999786376953,80.94000244140625,16664.0
2024-10-25 09:57:00+00:00,ERIC,8.510000228881836,8.510000228881836,8.518799781799316,8.510000228881836,8.510000228881836,2483.0
2024-10-25 09:57:00+00:00,EVCM,10.585000038146973,10.585000038146973,10.609999656677246,10.585000038146973,10.609999656677246,1555.0
2024-10-25 09:57:00+00:00,EXTR,14.569999694824219,14.569999694824219,14.569999694824219,14.5649995803833,14.569999694824219,731.0
2024-10-25 09:57:00+00:00,FARO,17.940000534057617,17.940000534057617,17.940000534057617,17.940000534057617,17.940000534057617,167.0
2024-10-25 09:57:00+00:00,FFIV,216.08999633789062,216.08999633789062,216.21499633789062,216.08999633789062,216.21499633789062,772.0
2024-10-25 09:57:00+00:00,FIVN,30.889999389648438,30.889999389648438,31.0049991607666,30.889999389648438,30.969999313354492,4185.0
2024-10-25 09:57:00+00:00,FLEX,35.38999938964844,35.38999938964844,35.38999938964844,35.380001068115234,35.380001068115234,3008.0
2024-10-25 09:57:00+00:00,FORM,45.15999984741211,45.15999984741211,45.27000045776367,45.150001525878906,45.27000045776367,1899.0
2024-10-25 09:57:00+00:00,FROG,29.5,29.5,29.5,29.5,29.5,149.0
2024-10-25 09:57:00+00:00,FRSH,11.744999885559082,11.744999885559082,11.744999885559082,11.720000267028809,11.720600128173828,1619.0
2024-10-25 09:57:00+00:00,FSLR,197.07000732421875,197.07000732421875,197.55999755859375,197.07000732421875,197.27000427246094,8100.0
2024-10-25 09:57:00+00:00,FTCI,0.7264999747276306,0.7264999747276306,0.7264999747276306,0.7264999747276306,0.7264999747276306,0.0
2024-10-25 09:57:00+00:00,FTNT,81.36000061035156,81.36000061035156,81.43000030517578,81.36000061035156,81.43000030517578,2824.0
2024-10-25 09:57:00+00:00,GCT,25.559999465942383,25.559999465942383,25.575000762939453,25.510000228881836,25.530000686645508,1156.0
2024-10-25 09:57:00+00:00,GDS,21.829999923706055,21.829999923706055,21.829999923706055,21.829999923706055,21.829999923706055,1498.0
2024-10-25 09:57:00+00:00,GFS,40.810001373291016,40.810001373291016,40.810001373291016,40.75,40.77000045776367,2768.0
2024-10-25 09:57:00+00:00,GPRO,1.3300000429153442,1.3300000429153442,1.3300000429153442,1.3250000476837158,1.3250000476837158,2204.0
2024-10-25 09:57:00+00:00,GRAB,4.065000057220459,4.065000057220459,4.070000171661377,4.065000057220459,4.065000057220459,26581.0
2024-10-25 09:57:00+00:00,GRRR,4.864999771118164,4.864999771118164,4.880000114440918,4.850299835205078,4.850299835205078,911.0
2024-10-25 09:57:00+00:00,GSIT,3.2713000774383545,3.2713000774383545,3.2713000774383545,3.2713000774383545,3.2713000774383545,400.0
2024-10-25 09:57:00+00:00,GTLB,56.783199310302734,56.783199310302734,56.783199310302734,56.69499969482422,56.70000076293945,1639.0
2024-10-25 09:57:00+00:00,HCP,33.665000915527344,33.665000915527344,33.665000915527344,33.665000915527344,33.665000915527344,410.0
2024-10-25 09:57:00+00:00,HEAR,16.450000762939453,16.450000762939453,16.450000762939453,16.450000762939453,16.450000762939453,342.0
2024-10-25 09:57:00+00:00,HLIT,14.8100004196167,14.8100004196167,14.8100004196167,14.8100004196167,14.8100004196167,629.0
2024-10-25 09:57:00+00:00,HOLO,3.9149999618530273,3.9149999618530273,3.9240000247955322,3.880000114440918,3.9049999713897705,4843.0
2024-10-25 09:57:00+00:00,HOOD,27.375900268554688,27.375900268554688,27.379899978637695,27.32069969177246,27.325000762939453,10119.0
2024-10-25 09:57:00+00:00,IDAI,0.2282000035047531,0.2282000035047531,0.2282000035047531,0.2282000035047531,0.2282000035047531,2600.0
2024-10-25 09:57:00+00:00,IMMR,8.699999809265137,8.699999809265137,8.699999809265137,8.699999809265137,8.699999809265137,882.0
2024-10-25 09:57:00+00:00,INDI,3.5299999713897705,3.5299999713897705,3.5299999713897705,3.5299999713897705,3.5299999713897705,278.0
2024-10-25 09:57:00+00:00,INOD,19.98069953918457,19.98069953918457,20.030000686645508,19.98069953918457,20.030000686645508,1138.0
2024-10-25 09:57:00+00:00,INTC,22.921300888061523,22.921300888061523,22.934999465942383,22.8700008392334,22.93000030517578,418088.0
2024-10-25 09:57:00+00:00,INTU,613.9149780273438,613.9149780273438,613.9149780273438,613.6400146484375,613.6599731445312,5229.0
2024-10-25 09:57:00+00:00,ITI,7.190000057220459,7.190000057220459,7.190000057220459,7.190000057220459,7.190000057220459,230.0
2024-10-25 09:57:00+00:00,JAMF,16.898000717163086,16.898000717163086,16.898000717163086,16.8799991607666,16.8799991607666,876.0
2024-10-25 09:57:00+00:00,JKHY,184.92999267578125,184.92999267578125,184.99000549316406,184.92999267578125,184.92999267578125,1049.0
2024-10-25 09:57:00+00:00,KC,2.690000057220459,2.690000057220459,2.690000057220459,2.680000066757202,2.684999942779541,3265.0
2024-10-25 09:57:00+00:00,KLAC,676.22998046875,676.22998046875,677.4400024414062,676.22998046875,677.4400024414062,3252.0
2024-10-25 09:57:00+00:00,KLIC,44.369300842285156,44.369300842285156,44.42499923706055,44.369300842285156,44.42499923706055,355.0
2024-10-25 09:57:00+00:00,LINK,7.340000152587891,7.340000152587891,7.340000152587891,6.550000190734863,6.670000076293945,112713.0
2024-10-25 09:57:00+00:00,LITE,64.61000061035156,64.61000061035156,64.61000061035156,64.58999633789062,64.58999633789062,517.0
2024-10-25 09:57:00+00:00,LOGI,80.77999877929688,80.77999877929688,80.77999877929688,80.7760009765625,80.7760009765625,367.0
2024-10-25 09:57:00+00:00,LPSN,1.201200008392334,1.201200008392334,1.2101000547409058,1.201200008392334,1.2101000547409058,12131.0
2024-10-25 09:57:00+00:00,LRCX,78.41000366210938,78.41000366210938,78.4800033569336,78.30999755859375,78.37999725341797,93964.0
2024-10-25 09:57:00+00:00,LSCC,55.04499816894531,55.04499816894531,55.04499816894531,54.9900016784668,54.9900016784668,815.0
2024-10-25 09:57:00+00:00,LUNA,1.7799999713897705,1.7799999713897705,1.7799999713897705,1.7799999713897705,1.7799999713897705,207.0
2024-10-25 09:57:00+00:00,LYFT,13.760000228881836,13.760000228881836,13.760000228881836,13.75,13.757800102233887,20637.0
2024-10-25 09:57:00+00:00,LYTS,16.28499984741211,16.28499984741211,16.28499984741211,16.28499984741211,16.28499984741211,267.0
2024-10-25 09:57:00+00:00,MANH,277.2950134277344,277.2950134277344,277.2950134277344,277.2950134277344,277.2950134277344,525.0
2024-10-25 09:57:00+00:00,MAXN,5.5,5.5,5.5,5.46999979019165,5.46999979019165,493.0
2024-10-25 09:57:00+00:00,MCHP,77.19999694824219,77.19999694824219,77.30000305175781,77.19000244140625,77.30000305175781,11463.0
2024-10-25 09:57:00+00:00,MDB,269.635009765625,269.635009765625,269.635009765625,269.6050109863281,269.6050109863281,863.0
2024-10-25 09:57:00+00:00,MNDY,300.20001220703125,300.20001220703125,300.20001220703125,300.19000244140625,300.19000244140625,818.0
2024-10-25 09:57:00+00:00,MPWR,920.0,920.0,920.0,920.0,920.0,398.0
2024-10-25 09:57:00+00:00,MRVL,82.87000274658203,82.87000274658203,82.97000122070312,82.87000274658203,82.87000274658203,15397.0
2024-10-25 09:57:00+00:00,MSFT,432.1099853515625,432.1099853515625,432.44000244140625,432.0199890136719,432.30499267578125,61661.0
2024-10-25 09:57:00+00:00,MSTR,241.89500427246094,241.89500427246094,242.13999938964844,241.0399932861328,241.05999755859375,143186.0
2024-10-25 09:57:00+00:00,MU,109.12000274658203,109.12000274658203,109.12999725341797,108.99500274658203,108.99600219726562,43100.0
2024-10-25 09:57:00+00:00,MVIS,1.1150000095367432,1.1150000095367432,1.1200000047683716,1.1150000095367432,1.1150000095367432,1205.0
2024-10-25 09:57:00+00:00,MXL,14.739999771118164,14.739999771118164,14.84000015258789,14.729999542236328,14.84000015258789,5373.0
2024-10-25 09:57:00+00:00,NCNO,38.45000076293945,38.45000076293945,38.45000076293945,38.44499969482422,38.44499969482422,600.0
2024-10-25 09:57:00+00:00,NEON,8.039999961853027,8.039999961853027,8.039999961853027,8.039999961853027,8.039999961853027,1370.0
2024-10-25 09:57:00+00:00,NICE,176.9600067138672,176.9600067138672,176.9600067138672,176.9600067138672,176.9600067138672,140.0
2024-10-25 09:57:00+00:00,NNDM,2.3350000381469727,2.3350000381469727,2.3350000381469727,2.3299999237060547,2.3299999237060547,1615.0
2024-10-25 09:57:00+00:00,NTAP,120.30500030517578,120.30500030517578,120.31999969482422,120.30500030517578,120.31999969482422,2666.0
2024-10-25 09:57:00+00:00,NTCT,20.8799991607666,20.8799991607666,20.8799991607666,20.860000610351562,20.860000610351562,412.0
2024-10-25 09:57:00+00:00,NTGR,20.489999771118164,20.489999771118164,20.489999771118164,20.489999771118164,20.489999771118164,200.0
2024-10-25 09:57:00+00:00,NTNX,63.11000061035156,63.11000061035156,63.119998931884766,63.060001373291016,63.060001373291016,1112.0
2024-10-25 09:57:00+00:00,NVDA,143.18600463867188,143.18600463867188,143.27000427246094,142.9499969482422,142.9759979248047,2215671.0
2024-10-25 09:57:00+00:00,NVEI,33.529998779296875,33.529998779296875,33.529998779296875,33.529998779296875,33.529998779296875,84.0
2024-10-25 09:57:00+00:00,NVMI,184.77000427246094,184.77000427246094,184.77000427246094,184.77000427246094,184.77000427246094,254.0
2024-10-25 09:57:00+00:00,NVTS,2.569999933242798,2.569999933242798,2.569999933242798,2.565000057220459,2.565000057220459,6865.0
2024-10-25 09:57:00+00:00,NXPI,244.60499572753906,244.60499572753906,244.6199951171875,244.27999877929688,244.27999877929688,4062.0
2024-10-25 09:57:00+00:00,OKTA,72.94999694824219,72.94999694824219,72.94999694824219,72.94999694824219,72.94999694824219,514.0
2024-10-25 09:57:00+00:00,OLED,204.443603515625,204.443603515625,204.443603515625,204.443603515625,204.443603515625,446.0
2024-10-25 09:57:00+00:00,ON,72.6449966430664,72.6449966430664,72.69000244140625,72.47000122070312,72.56999969482422,53138.0
2024-10-25 09:57:00+00:00,PANW,371.0199890136719,371.0199890136719,371.1499938964844,370.6300048828125,371.1499938964844,6468.0
2024-10-25 09:57:00+00:00,PAYO,8.350000381469727,8.350000381469727,8.354999542236328,8.350000381469727,8.354999542236328,611.0
2024-10-25 09:57:00+00:00,PDFS,29.43000030517578,29.43000030517578,29.43000030517578,29.43000030517578,29.43000030517578,331.0
2024-10-25 09:57:00+00:00,PEGA,81.0250015258789,81.0250015258789,81.04840087890625,80.98799896240234,81.0,2410.0
2024-10-25 09:57:00+00:00,PEGY,4.808800220489502,4.808800220489502,4.840000152587891,4.730999946594238,4.769999980926514,6264.0
2024-10-25 09:57:00+00:00,PGY,11.9350004196167,11.9350004196167,11.95989990234375,11.9350004196167,11.9350004196167,5587.0
2024-10-25 09:57:00+00:00,PHUN,9.704999923706055,9.704999923706055,9.75,9.660099983215332,9.660099983215332,122725.0
2024-10-25 09:57:00+00:00,PI,196.8699951171875,196.8699951171875,197.4499969482422,196.8699951171875,197.4499969482422,1887.0
2024-10-25 09:57:00+00:00,PLXS,144.8699951171875,144.8699951171875,144.8699951171875,144.8699951171875,144.8699951171875,1165.0
2024-10-25 09:57:00+00:00,POET,3.984999895095825,3.984999895095825,3.984999895095825,3.9800000190734863,3.9820001125335693,787.0
2024-10-25 09:57:00+00:00,POWI,63.189998626708984,63.189998626708984,63.189998626708984,63.0,63.05500030517578,1559.0
2024-10-25 09:57:00+00:00,PRGS,64.6500015258789,64.6500015258789,64.6500015258789,64.47000122070312,64.48999786376953,1500.0
2024-10-25 09:57:00+00:00,PTC,185.7899932861328,185.7899932861328,185.7899932861328,185.7899932861328,185.7899932861328,975.0
2024-10-25 09:57:00+00:00,PUBM,15.145999908447266,15.145999908447266,15.145999908447266,15.145999908447266,15.145999908447266,433.0
2024-10-25 09:57:00+00:00,PXLW,0.7735000252723694,0.7735000252723694,0.7735000252723694,0.7735000252723694,0.7735000252723694,1300.0
2024-10-25 09:57:00+00:00,PYCR,14.489999771118164,14.489999771118164,14.489999771118164,14.489999771118164,14.489999771118164,486.0
2024-10-25 09:57:00+00:00,QCOM,171.91000366210938,171.91000366210938,171.9499969482422,171.85000610351562,171.94000244140625,7256.0
2024-10-25 09:57:00+00:00,QLYS,121.30500030517578,121.30500030517578,121.30500030517578,121.30500030517578,121.30500030517578,605.0
2024-10-25 09:57:00+00:00,QRVO,100.38999938964844,100.38999938964844,100.38999938964844,100.38999938964844,100.38999938964844,263.0
2024-10-25 09:57:00+00:00,QUBT,1.1299999952316284,1.1299999952316284,1.1349999904632568,1.125,1.1299999952316284,665.0
2024-10-25 09:57:00+00:00,REKR,1.1024999618530273,1.1024999618530273,1.1024999618530273,1.1024999618530273,1.1024999618530273,101.0
2024-10-25 09:57:00+00:00,RELY,14.71500015258789,14.71500015258789,14.729999542236328,14.71500015258789,14.720000267028809,496.0
2024-10-25 09:57:00+00:00,RGTI,1.2899999618530273,1.2899999618530273,1.2999999523162842,1.2899999618530273,1.2999999523162842,11789.0
2024-10-25 09:57:00+00:00,RIOT,10.029999732971191,10.029999732971191,10.069899559020996,10.020000457763672,10.04010009765625,62594.0
2024-10-25 09:57:00+00:00,RPD,39.58000183105469,39.58000183105469,39.59000015258789,39.52000045776367,39.52000045776367,1207.0
2024-10-25 09:57:00+00:00,RSSS,2.690000057220459,2.690000057220459,2.690000057220459,2.690000057220459,2.690000057220459,2288.0
2024-10-25 09:57:00+00:00,RUM,5.599999904632568,5.599999904632568,5.6020002365112305,5.599999904632568,5.6020002365112305,2275.0
2024-10-25 09:57:00+00:00,RUN,14.137999534606934,14.137999534606934,14.180000305175781,14.137999534606934,14.180000305175781,5006.0
2024-10-25 09:57:00+00:00,SATS,25.010000228881836,25.010000228881836,25.072200775146484,25.010000228881836,25.010000228881836,1301.0
2024-10-25 09:57:00+00:00,SCSC,45.47999954223633,45.47999954223633,45.47999954223633,45.47999954223633,45.47999954223633,827.0
2024-10-25 09:57:00+00:00,SCWX,8.385000228881836,8.385000228881836,8.385000228881836,8.385000228881836,8.385000228881836,200.0
2024-10-25 09:57:00+00:00,SEDG,15.449999809265137,15.449999809265137,15.484999656677246,15.449999809265137,15.449999809265137,3640.0
2024-10-25 09:57:00+00:00,SHLS,5.159999847412109,5.159999847412109,5.159999847412109,5.159999847412109,5.159999847412109,1197.0
2024-10-25 09:57:00+00:00,SLNH,4.138000011444092,4.138000011444092,4.138000011444092,4.090000152587891,4.0920000076293945,1456.0
2024-10-25 09:57:00+00:00,SMCI,47.349998474121094,47.349998474121094,47.369998931884766,47.2401008605957,47.244998931884766,61049.0
2024-10-25 09:57:00+00:00,SNPS,505.85650634765625,505.85650634765625,505.85650634765625,505.85650634765625,505.85650634765625,381.0
2024-10-25 09:57:00+00:00,SONO,12.755000114440918,12.755000114440918,12.755000114440918,12.75,12.75,1283.0
2024-10-25 09:57:00+00:00,SOUN,5.324999809265137,5.324999809265137,5.329999923706055,5.320000171661377,5.322999954223633,10714.0
2024-10-25 09:57:00+00:00,SPSC,187.27000427246094,187.27000427246094,187.4700927734375,186.99000549316406,187.47000122070312,5295.0
2024-10-25 09:57:00+00:00,SSNC,70.01000213623047,70.01000213623047,70.25,69.94999694824219,70.07499694824219,25211.0
2024-10-25 09:57:00+00:00,SSYS,7.139999866485596,7.139999866485596,7.139999866485596,7.125,7.125,634.0
2024-10-25 09:57:00+00:00,STNE,11.360199928283691,11.360199928283691,11.369999885559082,11.360199928283691,11.369999885559082,1355.0
2024-10-25 09:57:00+00:00,STX,104.03199768066406,104.03199768066406,104.12999725341797,104.03199768066406,104.08000183105469,1306.0
2024-10-25 09:57:00+00:00,SVRE,0.08699999749660492,0.08699999749660492,0.08699999749660492,0.08699999749660492,0.08699999749660492,634.0
2024-10-25 09:57:00+00:00,SWKS,95.86000061035156,95.86000061035156,95.86000061035156,95.84500122070312,95.86000061035156,2003.0
2024-10-25 09:57:00+00:00,SYTA,1.2000000476837158,1.2000000476837158,1.2000000476837158,1.190000057220459,1.190000057220459,3642.0
2024-10-25 09:57:00+00:00,TAOP,0.4401000142097473,0.4401000142097473,0.45100000500679016,0.4401000142097473,0.45100000500679016,7467.0
2024-10-25 09:57:00+00:00,TASK,12.210000038146973,12.210000038146973,12.210000038146973,12.199999809265137,12.199999809265137,413.0
2024-10-25 09:57:00+00:00,TEAM,192.3300018310547,192.3300018310547,192.60000610351562,192.27999877929688,192.32000732421875,11463.0
2024-10-25 09:57:00+00:00,TER,112.22000122070312,112.22000122070312,112.22000122070312,112.1050033569336,112.1050033569336,3303.0
2024-10-25 09:57:00+00:00,TRMB,60.939998626708984,60.939998626708984,61.005001068115234,60.939998626708984,61.005001068115234,4006.0
2024-10-25 09:57:00+00:00,TSEM,44.85499954223633,44.85499954223633,44.85499954223633,44.85499954223633,44.85499954223633,236.0
2024-10-25 09:57:00+00:00,TTD,121.08499908447266,121.08499908447266,121.2300033569336,121.04000091552734,121.11000061035156,32611.0
2024-10-25 09:57:00+00:00,TTMI,19.360000610351562,19.360000610351562,19.360000610351562,19.360000610351562,19.360000610351562,187.0
2024-10-25 09:57:00+00:00,TWKS,4.449999809265137,4.449999809265137,4.449999809265137,4.440000057220459,4.445000171661377,9992.0
2024-10-25 09:57:00+00:00,TXN,210.60499572753906,210.60499572753906,210.69000244140625,210.44000244140625,210.55979919433594,13287.0
2024-10-25 09:57:00+00:00,UCTT,35.91999816894531,35.91999816894531,35.91999816894531,35.91999816894531,35.91999816894531,851.0
2024-10-25 09:57:00+00:00,VECO,29.5,29.5,29.5,29.5,29.5,200.0
2024-10-25 09:57:00+00:00,VERI,3.444999933242798,3.444999933242798,3.444999933242798,3.4326000213623047,3.4326000213623047,3360.0
2024-10-25 09:57:00+00:00,VMEO,4.755000114440918,4.755000114440918,4.755000114440918,4.755000114440918,4.755000114440918,335.0
2024-10-25 09:57:00+00:00,VNET,3.444999933242798,3.444999933242798,3.444999933242798,3.444999933242798,3.444999933242798,299.0
2024-10-25 09:57:00+00:00,VRAR,0.6949999928474426,0.6949999928474426,0.6949999928474426,0.6949999928474426,0.6949999928474426,1220.0
2024-10-25 09:57:00+00:00,VRNS,57.060001373291016,57.060001373291016,57.060001373291016,57.060001373291016,57.060001373291016,249.0
2024-10-25 09:57:00+00:00,VRNT,22.035900115966797,22.035900115966797,22.035900115966797,22.035900115966797,22.035900115966797,707.0
2024-10-25 09:57:00+00:00,VRSN,189.78750610351562,189.78750610351562,190.08999633789062,189.78750610351562,190.08999633789062,4432.0
2024-10-25 09:57:00+00:00,VSAT,10.350000381469727,10.350000381469727,10.380000114440918,10.350000381469727,10.380000114440918,16863.0
2024-10-25 09:57:00+00:00,VUZI,1.3259999752044678,1.3259999752044678,1.3259999752044678,1.3259999752044678,1.3259999752044678,1252.0
2024-10-25 09:57:00+00:00,WALD,3.619999885559082,3.619999885559082,3.619999885559082,3.619999885559082,3.619999885559082,226.0
2024-10-25 09:57:00+00:00,WATT,0.6069999933242798,0.6069999933242798,0.6069999933242798,0.6069999933242798,0.6069999933242798,1000.0
2024-10-25 09:57:00+00:00,WDC,72.19999694824219,72.19999694824219,72.2300033569336,71.91000366210938,72.0260009765625,254050.0
2024-10-25 09:57:00+00:00,WISA,1.809999942779541,1.809999942779541,1.809999942779541,1.8049999475479126,1.8049999475479126,2276.0
2024-10-25 09:57:00+00:00,XPER,9.399999618530273,9.399999618530273,9.399999618530273,9.399999618530273,9.399999618530273,150.0
2024-10-25 09:57:00+00:00,XRX,10.130000114440918,10.130000114440918,10.142499923706055,10.130000114440918,10.142499923706055,1655.0
2024-10-25 09:57:00+00:00,ZBRA,364.45001220703125,364.45001220703125,364.5,364.30999755859375,364.30999755859375,1112.0
2024-10-25 09:57:00+00:00,ZI,10.524999618530273,10.524999618530273,10.524999618530273,10.524999618530273,10.524999618530273,846.0
2024-10-25 09:57:00+00:00,ZM,73.61000061035156,73.61000061035156,73.62000274658203,73.49140167236328,73.5,7045.0
2024-10-25 09:57:00+00:00,ZS,188.17999267578125,188.17999267578125,188.3000030517578,187.8800048828125,187.8800048828125,8477.0
2024-10-25 09:58:00+00:00,AAOI,17.760000228881836,17.760000228881836,17.790000915527344,17.739999771118164,17.790000915527344,4672.0
2024-10-25 09:58:00+00:00,AAPL,232.0240020751953,232.0240020751953,232.0767059326172,231.9199981689453,231.9499969482422,143804.0
2024-10-25 09:58:00+00:00,ACIW,49.19070053100586,49.19070053100586,49.19070053100586,49.19070053100586,49.19070053100586,492.0
2024-10-25 09:58:00+00:00,ACLS,91.44999694824219,91.44999694824219,91.5199966430664,91.44000244140625,91.5199966430664,2481.0
2024-10-25 09:58:00+00:00,ACMR,19.655000686645508,19.655000686645508,19.655000686645508,19.655000686645508,19.655000686645508,2000.0
2024-10-25 09:58:00+00:00,ADBE,486.94000244140625,486.94000244140625,487.0799865722656,486.8599853515625,487.0799865722656,2769.0
2024-10-25 09:58:00+00:00,ADI,234.3000030517578,234.3000030517578,234.32000732421875,234.2550048828125,234.30999755859375,5002.0
2024-10-25 09:58:00+00:00,ADSK,287.6600036621094,287.6600036621094,287.8999938964844,287.45001220703125,287.739990234375,33614.0
2024-10-25 09:58:00+00:00,AEHR,16.53230094909668,16.53230094909668,16.59000015258789,16.53230094909668,16.579999923706055,7745.0
2024-10-25 09:58:00+00:00,AFRM,42.04010009765625,42.04010009765625,42.09000015258789,42.0099983215332,42.08940124511719,7369.0
2024-10-25 09:58:00+00:00,AKAM,103.3499984741211,103.3499984741211,103.46499633789062,103.33999633789062,103.41000366210938,3070.0
2024-10-25 09:58:00+00:00,ALGM,22.540000915527344,22.540000915527344,22.540000915527344,22.479999542236328,22.520000457763672,6991.0
2024-10-25 09:58:00+00:00,ALRM,54.900001525878906,54.900001525878906,54.91999816894531,54.900001525878906,54.91999816894531,118.0
2024-10-25 09:58:00+00:00,ALTR,106.12000274658203,106.12000274658203,106.12000274658203,105.87000274658203,105.87000274658203,1944.0
2024-10-25 09:58:00+00:00,AMAT,188.5399932861328,188.5399932861328,188.5399932861328,188.25,188.25999450683594,11480.0
2024-10-25 09:58:00+00:00,AMD,157.81179809570312,157.81179809570312,157.9167022705078,157.77000427246094,157.88999938964844,81779.0
2024-10-25 09:58:00+00:00,AMKR,30.07539939880371,30.07539939880371,30.07539939880371,30.07539939880371,30.07539939880371,136.0
2024-10-25 09:58:00+00:00,AMST,2.8399999141693115,2.8399999141693115,2.8399999141693115,2.8399999141693115,2.8399999141693115,0.0
2024-10-25 09:58:00+00:00,AOSL,36.529998779296875,36.529998779296875,36.529998779296875,36.529998779296875,36.529998779296875,259.0
2024-10-25 09:58:00+00:00,APCX,0.7419999837875366,0.7419999837875366,0.7419999837875366,0.7419999837875366,0.7419999837875366,2790.0
2024-10-25 09:58:00+00:00,APP,161.81500244140625,161.81500244140625,161.82000732421875,161.60000610351562,161.67999267578125,4082.0
2024-10-25 09:58:00+00:00,APPF,230.5800018310547,230.5800018310547,230.5800018310547,229.9499969482422,230.5399932861328,1675.0
2024-10-25 09:58:00+00:00,APPN,32.5,32.5,32.5,32.44499969482422,32.44499969482422,908.0
2024-10-25 09:58:00+00:00,APPS,3.1298999786376953,3.1298999786376953,3.1298999786376953,3.1298999786376953,3.1298999786376953,950.0
2024-10-25 09:58:00+00:00,ARRY,6.320000171661377,6.320000171661377,6.335000038146973,6.320000171661377,6.335000038146973,3124.0
2024-10-25 09:58:00+00:00,ASML,719.5599975585938,719.5599975585938,719.780029296875,719.5599975585938,719.7750244140625,3300.0
2024-10-25 09:58:00+00:00,AUR,6.465000152587891,6.465000152587891,6.489999771118164,6.464000225067139,6.474999904632568,40138.0
2024-10-25 09:58:00+00:00,AVDX,8.220000267028809,8.220000267028809,8.220000267028809,8.220000267028809,8.220000267028809,330.0
2024-10-25 09:58:00+00:00,AVGO,174.91000366210938,174.91000366210938,174.9600067138672,174.77000427246094,174.86500549316406,42928.0
2024-10-25 09:58:00+00:00,AVPT,12.170000076293945,12.170000076293945,12.170000076293945,12.170000076293945,12.170000076293945,2104.0
2024-10-25 09:58:00+00:00,BCOV,2.2999000549316406,2.2999000549316406,2.299999952316284,2.2999000549316406,2.299999952316284,2200.0
2024-10-25 09:58:00+00:00,BIGC,5.349999904632568,5.349999904632568,5.349999904632568,5.340000152587891,5.340000152587891,725.0
2024-10-25 09:58:00+00:00,BL,57.4900016784668,57.4900016784668,57.54999923706055,57.4900016784668,57.54999923706055,582.0
2024-10-25 09:58:00+00:00,BMBL,7.204999923706055,7.204999923706055,7.204999923706055,7.199999809265137,7.204999923706055,601.0
2024-10-25 09:58:00+00:00,BRZE,31.09000015258789,31.09000015258789,31.174999237060547,31.09000015258789,31.174999237060547,790.0
2024-10-25 09:58:00+00:00,BSY,49.5099983215332,49.5099983215332,49.529998779296875,49.48910140991211,49.529998779296875,3314.0
2024-10-25 09:58:00+00:00,CAMT,79.2300033569336,79.2300033569336,79.2300033569336,79.2300033569336,79.2300033569336,1036.0
2024-10-25 09:58:00+00:00,CAN,1.0049999952316284,1.0049999952316284,1.0090999603271484,1.0,1.0090999603271484,3108.0
2024-10-25 09:58:00+00:00,CDNS,257.5450134277344,257.5450134277344,257.5450134277344,257.5450134277344,257.5450134277344,589.0
2024-10-25 09:58:00+00:00,CDW,219.50999450683594,219.50999450683594,219.5500030517578,219.5050048828125,219.5050048828125,1240.0
2024-10-25 09:58:00+00:00,CETX,0.2994999885559082,0.2994999885559082,0.2994999885559082,0.29919999837875366,0.29919999837875366,571.0
2024-10-25 09:58:00+00:00,CFLT,22.350000381469727,22.350000381469727,22.40999984741211,22.350000381469727,22.3799991607666,2341.0
2024-10-25 09:58:00+00:00,CGNX,39.21500015258789,39.21500015258789,39.21500015258789,39.20500183105469,39.20500183105469,1763.0
2024-10-25 09:58:00+00:00,CHKP,207.2550048828125,207.2550048828125,207.27000427246094,207.2550048828125,207.27000427246094,1483.0
2024-10-25 09:58:00+00:00,CLSK,11.864999771118164,11.864999771118164,11.910300254821777,11.850000381469727,11.910300254821777,90960.0
2024-10-25 09:58:00+00:00,CMTL,3.7200000286102295,3.7200000286102295,3.7200000286102295,3.7200000286102295,3.7200000286102295,710.0
2024-10-25 09:58:00+00:00,CNXC,44.84000015258789,44.84000015258789,44.84000015258789,44.779998779296875,44.779998779296875,590.0
2024-10-25 09:58:00+00:00,COHR,96.93000030517578,96.93000030517578,97.0,96.93000030517578,97.0,628.0
2024-10-25 09:58:00+00:00,COIN,210.6999969482422,210.6999969482422,210.6999969482422,210.20010375976562,210.35000610351562,20716.0
2024-10-25 09:58:00+00:00,COMM,6.407400131225586,6.407400131225586,6.420000076293945,6.407400131225586,6.420000076293945,3846.0
2024-10-25 09:58:00+00:00,CORZ,13.605999946594238,13.605999946594238,13.704999923706055,13.600000381469727,13.699999809265137,65053.0
2024-10-25 09:58:00+00:00,CRCT,6.429999828338623,6.429999828338623,6.429999828338623,6.429999828338623,6.429999828338623,464.0
2024-10-25 09:58:00+00:00,CRDO,39.70000076293945,39.70000076293945,39.75,39.67499923706055,39.75,2010.0
2024-10-25 09:58:00+00:00,CRNT,2.4714999198913574,2.4714999198913574,2.4714999198913574,2.4714999198913574,2.4714999198913574,514.0
2024-10-25 09:58:00+00:00,CRSR,6.429999828338623,6.429999828338623,6.429999828338623,6.429999828338623,6.429999828338623,3006.0
2024-10-25 09:58:00+00:00,CRWD,310.3299865722656,310.3299865722656,310.5299987792969,310.2699890136719,310.41290283203125,3881.0
2024-10-25 09:58:00+00:00,CSCO,56.470001220703125,56.470001220703125,56.470001220703125,56.439998626708984,56.44219970703125,12506.0
2024-10-25 09:58:00+00:00,CSIQ,13.350000381469727,13.350000381469727,13.460000038146973,13.3100004196167,13.460000038146973,30108.0
2024-10-25 09:58:00+00:00,CTLP,9.069999694824219,9.069999694824219,9.069999694824219,9.0649995803833,9.0649995803833,1423.0
2024-10-25 09:58:00+00:00,CTSH,75.12999725341797,75.12999725341797,75.12999725341797,75.05999755859375,75.05999755859375,4236.0
2024-10-25 09:58:00+00:00,CVLT,134.74000549316406,134.74000549316406,134.8000030517578,134.74000549316406,134.8000030517578,470.0
2024-10-25 09:58:00+00:00,DAKT,13.119999885559082,13.119999885559082,13.119999885559082,13.119999885559082,13.119999885559082,120.0
2024-10-25 09:58:00+00:00,DATS,1.600000023841858,1.600000023841858,1.6698999404907227,1.600000023841858,1.6171000003814697,15519.0
2024-10-25 09:58:00+00:00,DBX,26.112600326538086,26.112600326538086,26.145000457763672,26.112600326538086,26.145000457763672,2659.0
2024-10-25 09:58:00+00:00,DDOG,127.16000366210938,127.16000366210938,127.23999786376953,127.0999984741211,127.13999938964844,12000.0
2024-10-25 09:58:00+00:00,DLO,8.817299842834473,8.817299842834473,8.819999694824219,8.817299842834473,8.819999694824219,1115.0
2024-10-25 09:58:00+00:00,DOCU,70.7300033569336,70.7300033569336,70.79000091552734,70.7300033569336,70.7699966430664,2911.0
2024-10-25 09:58:00+00:00,DOMO,8.0,8.0,8.0,8.0,8.0,7201.0
2024-10-25 09:58:00+00:00,DUOL,285.4849853515625,285.4849853515625,285.4849853515625,285.4849853515625,285.4849853515625,474.0
2024-10-25 09:58:00+00:00,EEFT,101.48999786376953,101.48999786376953,101.78500366210938,101.48999786376953,101.78500366210938,905.0
2024-10-25 09:58:00+00:00,EMKR,2.103300094604492,2.103300094604492,2.103300094604492,2.103300094604492,2.103300094604492,1302.0
2024-10-25 09:58:00+00:00,ENPH,80.55999755859375,80.55999755859375,80.77069854736328,80.55999755859375,80.72000122070312,8906.0
2024-10-25 09:58:00+00:00,ENTG,105.56999969482422,105.56999969482422,105.56999969482422,105.56999969482422,105.56999969482422,209.0
2024-10-25 09:58:00+00:00,ERIC,8.510000228881836,8.510000228881836,8.51259994506836,8.510000228881836,8.51259994506836,2450.0
2024-10-25 09:58:00+00:00,EXTR,14.569999694824219,14.569999694824219,14.574999809265137,14.569999694824219,14.574999809265137,382.0
2024-10-25 09:58:00+00:00,FFIV,216.1824951171875,216.1824951171875,216.1824951171875,216.1824951171875,216.1824951171875,218.0
2024-10-25 09:58:00+00:00,FIVN,30.690000534057617,30.690000534057617,30.81999969482422,30.690000534057617,30.81999969482422,28354.0
2024-10-25 09:58:00+00:00,FLEX,35.435001373291016,35.435001373291016,35.435001373291016,35.39500045776367,35.400001525878906,3454.0
2024-10-25 09:58:00+00:00,FLYW,17.68000030517578,17.68000030517578,17.68000030517578,17.68000030517578,17.68000030517578,202.0
2024-10-25 09:58:00+00:00,FORM,45.2599983215332,45.2599983215332,45.2599983215332,45.20500183105469,45.20500183105469,829.0
2024-10-25 09:58:00+00:00,FRSH,11.739999771118164,11.739999771118164,11.75,11.739999771118164,11.75,1447.0
2024-10-25 09:58:00+00:00,FSLR,197.0926971435547,197.0926971435547,197.22999572753906,197.00999450683594,197.22999572753906,1404.0
2024-10-25 09:58:00+00:00,FTCI,0.7128000259399414,0.7128000259399414,0.7214999794960022,0.7128000259399414,0.7214999794960022,8875.0
2024-10-25 09:58:00+00:00,FTNT,81.375,81.375,81.375,81.36000061035156,81.36499786376953,2100.0
2024-10-25 09:58:00+00:00,GCT,25.520000457763672,25.520000457763672,25.520000457763672,25.520000457763672,25.520000457763672,2825.0
2024-10-25 09:58:00+00:00,GFS,40.7599983215332,40.7599983215332,40.7599983215332,40.7599983215332,40.7599983215332,1039.0
2024-10-25 09:58:00+00:00,GNSS,3.8499999046325684,3.8499999046325684,3.8499999046325684,3.8499999046325684,3.8499999046325684,408.0
2024-10-25 09:58:00+00:00,GRAB,4.079999923706055,4.079999923706055,4.079999923706055,4.061399936676025,4.065000057220459,165322.0
2024-10-25 09:58:00+00:00,GRRR,4.823999881744385,4.823999881744385,4.849999904632568,4.820000171661377,4.849999904632568,1905.0
2024-10-25 09:58:00+00:00,GSIT,3.244999885559082,3.244999885559082,3.244999885559082,3.244999885559082,3.244999885559082,0.0
2024-10-25 09:58:00+00:00,GTLB,56.54999923706055,56.54999923706055,56.599998474121094,56.54999923706055,56.599998474121094,1640.0
2024-10-25 09:58:00+00:00,HCKT,24.780000686645508,24.780000686645508,24.780000686645508,24.780000686645508,24.780000686645508,525.0
2024-10-25 09:58:00+00:00,HCP,33.665000915527344,33.665000915527344,33.665000915527344,33.65999984741211,33.65999984741211,427.0
2024-10-25 09:58:00+00:00,HIMX,6.19920015335083,6.19920015335083,6.199999809265137,6.190000057220459,6.199999809265137,2026.0
2024-10-25 09:58:00+00:00,HLIT,14.850000381469727,14.850000381469727,14.850000381469727,14.829999923706055,14.829999923706055,1282.0
2024-10-25 09:58:00+00:00,HOLO,3.904400110244751,3.904400110244751,3.9240000247955322,3.904400110244751,3.9179999828338623,4041.0
2024-10-25 09:58:00+00:00,HOOD,27.36400032043457,27.36400032043457,27.385000228881836,27.360000610351562,27.375,4752.0
2024-10-25 09:58:00+00:00,IMMR,8.699999809265137,8.699999809265137,8.699999809265137,8.699999809265137,8.699999809265137,840.0
2024-10-25 09:58:00+00:00,IMTE,1.6299999952316284,1.6299999952316284,1.6299999952316284,1.6299999952316284,1.6299999952316284,240.0
2024-10-25 09:58:00+00:00,INDI,3.5250000953674316,3.5250000953674316,3.5250000953674316,3.5250000953674316,3.5250000953674316,525.0
2024-10-25 09:58:00+00:00,INFN,6.815000057220459,6.815000057220459,6.815000057220459,6.809999942779541,6.809999942779541,4289.0
2024-10-25 09:58:00+00:00,INOD,20.010000228881836,20.010000228881836,20.010000228881836,20.0,20.0,414.0
2024-10-25 09:58:00+00:00,INTA,50.314998626708984,50.314998626708984,50.314998626708984,50.314998626708984,50.314998626708984,13200.0
2024-10-25 09:58:00+00:00,INTC,22.939899444580078,22.939899444580078,22.939899444580078,22.901899337768555,22.924999237060547,60723.0
2024-10-25 09:58:00+00:00,INTU,614.7899780273438,614.7899780273438,614.8900146484375,614.780029296875,614.780029296875,2134.0
2024-10-25 09:58:00+00:00,IPGP,76.5999984741211,76.5999984741211,76.5999984741211,76.5999984741211,76.5999984741211,388.0
2024-10-25 09:58:00+00:00,ITRN,27.047500610351562,27.047500610351562,27.047500610351562,27.047500610351562,27.047500610351562,3033.0
2024-10-25 09:58:00+00:00,KC,2.700000047683716,2.700000047683716,2.700000047683716,2.700000047683716,2.700000047683716,200.0
2024-10-25 09:58:00+00:00,KLAC,676.8499755859375,676.8499755859375,676.8800048828125,676.8499755859375,676.8499755859375,1273.0
2024-10-25 09:58:00+00:00,KLIC,44.459999084472656,44.459999084472656,44.499900817871094,44.459999084472656,44.499900817871094,1855.0
2024-10-25 09:58:00+00:00,KOSS,7.342400074005127,7.342400074005127,7.342400074005127,7.342400074005127,7.342400074005127,798.0
2024-10-25 09:58:00+00:00,LINK,7.340000152587891,7.340000152587891,7.340000152587891,7.340000152587891,7.340000152587891,42108.0
2024-10-25 09:58:00+00:00,LITE,64.73999786376953,64.73999786376953,64.73999786376953,64.62000274658203,64.62000274658203,1806.0
2024-10-25 09:58:00+00:00,LOGI,80.86000061035156,80.86000061035156,80.86000061035156,80.80000305175781,80.80000305175781,2187.0
2024-10-25 09:58:00+00:00,LPSN,1.2099000215530396,1.2099000215530396,1.2099000215530396,1.2099000215530396,1.2099000215530396,1600.0
2024-10-25 09:58:00+00:00,LRCX,78.3499984741211,78.3499984741211,78.40249633789062,78.26000213623047,78.38999938964844,41164.0
2024-10-25 09:58:00+00:00,LSAK,5.314499855041504,5.314499855041504,5.314499855041504,5.314499855041504,5.314499855041504,95.0
2024-10-25 09:58:00+00:00,LSCC,55.06999969482422,55.06999969482422,55.06999969482422,55.0099983215332,55.0099983215332,813.0
2024-10-25 09:58:00+00:00,LYFT,13.734999656677246,13.734999656677246,13.751700401306152,13.734999656677246,13.751700401306152,9758.0
2024-10-25 09:58:00+00:00,MANH,277.2950134277344,277.2950134277344,277.6400146484375,277.2950134277344,277.6400146484375,983.0
2024-10-25 09:58:00+00:00,MAXN,5.489999771118164,5.489999771118164,5.489999771118164,5.489999771118164,5.489999771118164,432.0
2024-10-25 09:58:00+00:00,MCHP,77.20999908447266,77.20999908447266,77.25499725341797,77.20999908447266,77.25,5916.0
2024-10-25 09:58:00+00:00,MDB,269.2799987792969,269.2799987792969,269.29998779296875,269.0849914550781,269.29998779296875,3729.0
2024-10-25 09:58:00+00:00,MIND,3.4800000190734863,3.4800000190734863,3.4800000190734863,3.4800000190734863,3.4800000190734863,6.0
2024-10-25 09:58:00+00:00,MKSI,101.40249633789062,101.40249633789062,101.40249633789062,101.40249633789062,101.40249633789062,171.0
2024-10-25 09:58:00+00:00,MNDY,300.5199890136719,300.5199890136719,300.5199890136719,300.5199890136719,300.5199890136719,235.0
2024-10-25 09:58:00+00:00,MPWR,921.9600219726562,921.9600219726562,921.9600219726562,920.7100219726562,920.7100219726562,1504.0
2024-10-25 09:58:00+00:00,MQ,5.335000038146973,5.335000038146973,5.335000038146973,5.320000171661377,5.330100059509277,12105.0
2024-10-25 09:58:00+00:00,MRVL,82.8550033569336,82.8550033569336,82.88999938964844,82.81009674072266,82.87000274658203,3737.0
2024-10-25 09:58:00+00:00,MSFT,431.989990234375,431.989990234375,432.2300109863281,431.93011474609375,432.1000061035156,47648.0
2024-10-25 09:58:00+00:00,MSTR,242.4499969482422,242.4499969482422,242.50999450683594,241.42999267578125,241.74000549316406,96158.0
2024-10-25 09:58:00+00:00,MTC,0.3659999966621399,0.3659999966621399,0.3659999966621399,0.3659999966621399,0.3659999966621399,6000.0
2024-10-25 09:58:00+00:00,MTLS,6.055300235748291,6.055300235748291,6.055300235748291,6.052000045776367,6.052000045776367,3216.0
2024-10-25 09:58:00+00:00,MTTR,4.670000076293945,4.670000076293945,4.670000076293945,4.670000076293945,4.670000076293945,3562.0
2024-10-25 09:58:00+00:00,MU,109.125,109.125,109.12999725341797,109.0,109.08000183105469,33598.0
2024-10-25 09:58:00+00:00,MVIS,1.1150000095367432,1.1150000095367432,1.1188000440597534,1.1101000308990479,1.1101000308990479,1969.0
2024-10-25 09:58:00+00:00,MXL,14.774999618530273,14.774999618530273,14.774999618530273,14.6899995803833,14.6899995803833,3919.0
2024-10-25 09:58:00+00:00,MYNA,1.1799999475479126,1.1799999475479126,1.1799999475479126,1.1799999475479126,1.1799999475479126,200.0
2024-10-25 09:58:00+00:00,NCNO,38.44499969482422,38.44499969482422,38.44499969482422,38.41999816894531,38.41999816894531,199.0
2024-10-25 09:58:00+00:00,NTAP,120.20999908447266,120.20999908447266,120.20999908447266,120.20999908447266,120.20999908447266,156.0
2024-10-25 09:58:00+00:00,NTNX,63.09769821166992,63.09769821166992,63.09769821166992,63.09769821166992,63.09769821166992,297.0
2024-10-25 09:58:00+00:00,NVDA,142.88499450683594,142.88499450683594,143.19309997558594,142.83999633789062,143.17799377441406,874723.0
2024-10-25 09:58:00+00:00,NVMI,185.13999938964844,185.13999938964844,185.13999938964844,185.13999938964844,185.13999938964844,200.0
2024-10-25 09:58:00+00:00,NVTS,2.5759999752044678,2.5759999752044678,2.5799999237060547,2.5701000690460205,2.5799999237060547,10431.0
2024-10-25 09:58:00+00:00,NXPI,244.53500366210938,244.53500366210938,244.60000610351562,244.33999633789062,244.33999633789062,528.0
2024-10-25 09:58:00+00:00,OCC,2.4100000858306885,2.4100000858306885,2.4100000858306885,2.4100000858306885,2.4100000858306885,610.0
2024-10-25 09:58:00+00:00,OKTA,72.81999969482422,72.81999969482422,72.91999816894531,72.81999969482422,72.91999816894531,1937.0
2024-10-25 09:58:00+00:00,ON,72.68000030517578,72.68000030517578,72.70999908447266,72.6050033569336,72.6449966430664,52698.0
2024-10-25 09:58:00+00:00,OSIS,137.41160583496094,137.41160583496094,137.5675048828125,137.375,137.375,679.0
2024-10-25 09:58:00+00:00,OSPN,14.720000267028809,14.720000267028809,14.720000267028809,14.720000267028809,14.720000267028809,894.0
2024-10-25 09:58:00+00:00,OST,0.3528999984264374,0.3528999984264374,0.3528999984264374,0.3528999984264374,0.3528999984264374,0.0
2024-10-25 09:58:00+00:00,PANW,371.0,371.0,371.0,371.0,371.0,954.0
2024-10-25 09:58:00+00:00,PAYO,8.324999809265137,8.324999809265137,8.350000381469727,8.324999809265137,8.350000381469727,3449.0
2024-10-25 09:58:00+00:00,PAYS,3.7701001167297363,3.7701001167297363,3.7701001167297363,3.7701001167297363,3.7701001167297363,745.0
2024-10-25 09:58:00+00:00,PDFS,29.34000015258789,29.34000015258789,29.34000015258789,29.34000015258789,29.34000015258789,600.0
2024-10-25 09:58:00+00:00,PEGA,81.01360321044922,81.01360321044922,81.01499938964844,81.01360321044922,81.01499938964844,522.0
2024-10-25 09:58:00+00:00,PEGY,4.789999961853027,4.789999961853027,4.800000190734863,4.744900226593018,4.775000095367432,6466.0
2024-10-25 09:58:00+00:00,PET,0.8137999773025513,0.8137999773025513,0.8137999773025513,0.8137999773025513,0.8137999773025513,5115.0
2024-10-25 09:58:00+00:00,PGY,11.970000267028809,11.970000267028809,11.970000267028809,11.9350004196167,11.9350004196167,1424.0
2024-10-25 09:58:00+00:00,PHUN,9.71660041809082,9.71660041809082,9.760000228881836,9.699999809265137,9.708900451660156,77835.0
2024-10-25 09:58:00+00:00,PI,197.97500610351562,197.97500610351562,198.2550048828125,196.64999389648438,197.36000061035156,8284.0
2024-10-25 09:58:00+00:00,POET,3.9839999675750732,3.9839999675750732,3.9839999675750732,3.9839999675750732,3.9839999675750732,2707.0
2024-10-25 09:58:00+00:00,PRCH,1.3650000095367432,1.3650000095367432,1.3650000095367432,1.3650000095367432,1.3650000095367432,300.0
2024-10-25 09:58:00+00:00,PXLW,0.7710999846458435,0.7710999846458435,0.7710999846458435,0.7710999846458435,0.7710999846458435,3450.0
2024-10-25 09:58:00+00:00,QCOM,172.14999389648438,172.14999389648438,172.1699981689453,171.86000061035156,171.8699951171875,23986.0
2024-10-25 09:58:00+00:00,QMCO,5.447999954223633,5.447999954223633,5.447999954223633,5.447999954223633,5.447999954223633,798.0
2024-10-25 09:58:00+00:00,QRVO,100.4000015258789,100.4000015258789,100.4000015258789,100.4000015258789,100.4000015258789,180.0
2024-10-25 09:58:00+00:00,QUBT,1.1299999952316284,1.1299999952316284,1.1299999952316284,1.1299999952316284,1.1299999952316284,0.0
2024-10-25 09:58:00+00:00,REKR,1.1050000190734863,1.1050000190734863,1.1050000190734863,1.1050000190734863,1.1050000190734863,2019.0
2024-10-25 09:58:00+00:00,RELY,14.739999771118164,14.739999771118164,14.739999771118164,14.729999542236328,14.729999542236328,1079.0
2024-10-25 09:58:00+00:00,RGTI,1.2799999713897705,1.2799999713897705,1.2999000549316406,1.2799999713897705,1.2949999570846558,58184.0
2024-10-25 09:58:00+00:00,RIOT,10.0,10.0,10.029999732971191,9.994000434875488,10.029999732971191,63405.0
2024-10-25 09:58:00+00:00,RMBS,43.025001525878906,43.025001525878906,43.040000915527344,43.025001525878906,43.040000915527344,869.0
2024-10-25 09:58:00+00:00,RPD,39.584999084472656,39.584999084472656,39.584999084472656,39.584999084472656,39.584999084472656,106.0
2024-10-25 09:58:00+00:00,RUM,5.590000152587891,5.590000152587891,5.59499979019165,5.590000152587891,5.59499979019165,929.0
2024-10-25 09:58:00+00:00,RUN,14.149999618530273,14.149999618530273,14.149999618530273,14.130000114440918,14.140000343322754,993.0
2024-10-25 09:58:00+00:00,SATS,25.06999969482422,25.06999969482422,25.06999969482422,25.040000915527344,25.040000915527344,1828.0
2024-10-25 09:58:00+00:00,SCWX,8.385000228881836,8.385000228881836,8.385000228881836,8.385000228881836,8.385000228881836,292.0
2024-10-25 09:58:00+00:00,SEDG,15.359999656677246,15.359999656677246,15.449999809265137,15.350000381469727,15.449999809265137,8167.0
2024-10-25 09:58:00+00:00,SIMO,56.98249816894531,56.98249816894531,56.98249816894531,56.915000915527344,56.915000915527344,308.0
2024-10-25 09:58:00+00:00,SKYT,10.789999961853027,10.789999961853027,10.80679988861084,10.789999961853027,10.805899620056152,2181.0
2024-10-25 09:58:00+00:00,SMCI,47.29999923706055,47.29999923706055,47.34989929199219,47.27009963989258,47.34939956665039,119126.0
2024-10-25 09:58:00+00:00,SNPS,505.75,505.75,505.8599853515625,505.625,505.625,2163.0
2024-10-25 09:58:00+00:00,SONO,12.729900360107422,12.729900360107422,12.755000114440918,12.729900360107422,12.755000114440918,3881.0
2024-10-25 09:58:00+00:00,SOUN,5.315000057220459,5.315000057220459,5.329999923706055,5.315000057220459,5.320000171661377,37513.0
2024-10-25 09:58:00+00:00,SPSC,187.8699951171875,187.8699951171875,187.8699951171875,187.67999267578125,187.67999267578125,884.0
2024-10-25 09:58:00+00:00,SRAD,12.35890007019043,12.35890007019043,12.35890007019043,12.35890007019043,12.35890007019043,300.0
2024-10-25 09:58:00+00:00,SSNC,69.97000122070312,69.97000122070312,70.04499816894531,69.96009826660156,70.01000213623047,2394.0
2024-10-25 09:58:00+00:00,STER,16.764999389648438,16.764999389648438,16.764999389648438,16.764999389648438,16.764999389648438,310.0
2024-10-25 09:58:00+00:00,STNE,11.367500305175781,11.367500305175781,11.367500305175781,11.364999771118164,11.364999771118164,709.0
2024-10-25 09:58:00+00:00,STX,104.04000091552734,104.04000091552734,104.04000091552734,104.0199966430664,104.0199966430664,1240.0
2024-10-25 09:58:00+00:00,SWKS,95.86000061035156,95.86000061035156,95.86000061035156,95.83999633789062,95.8499984741211,1676.0
2024-10-25 09:58:00+00:00,SYNA,73.18000030517578,73.18000030517578,73.18000030517578,72.83000183105469,72.83000183105469,1182.0
2024-10-25 09:58:00+00:00,SYTA,1.1900999546051025,1.1900999546051025,1.1988999843597412,1.1900999546051025,1.1900999546051025,2065.0
2024-10-25 09:58:00+00:00,TAOP,0.4399999976158142,0.4399999976158142,0.4399999976158142,0.4399999976158142,0.4399999976158142,7155.0
2024-10-25 09:58:00+00:00,TEAM,191.94500732421875,191.94500732421875,192.22500610351562,191.92999267578125,192.22500610351562,7306.0
2024-10-25 09:58:00+00:00,TENB,41.349998474121094,41.349998474121094,41.369998931884766,41.33000183105469,41.36000061035156,3140.0
2024-10-25 09:58:00+00:00,TER,112.19999694824219,112.19999694824219,112.19999694824219,112.12999725341797,112.18499755859375,9153.0
2024-10-25 09:58:00+00:00,TLS,3.619999885559082,3.619999885559082,3.619999885559082,3.619999885559082,3.619999885559082,737.0
2024-10-25 09:58:00+00:00,TRMB,60.93000030517578,60.93000030517578,60.93000030517578,60.93000030517578,60.93000030517578,309.0
2024-10-25 09:58:00+00:00,TSEM,44.88999938964844,44.88999938964844,44.88999938964844,44.88999938964844,44.88999938964844,397.0
2024-10-25 09:58:00+00:00,TTD,121.21499633789062,121.21499633789062,121.21499633789062,121.0199966430664,121.02999877929688,18542.0
2024-10-25 09:58:00+00:00,TWKS,4.449999809265137,4.449999809265137,4.449999809265137,4.449999809265137,4.449999809265137,4616.0
2024-10-25 09:58:00+00:00,TXN,210.94000244140625,210.94000244140625,210.94000244140625,210.64739990234375,210.69000244140625,6782.0
2024-10-25 09:58:00+00:00,VERB,10.335700035095215,10.335700035095215,10.335700035095215,10.335700035095215,10.335700035095215,302.0
2024-10-25 09:58:00+00:00,VERI,3.440000057220459,3.440000057220459,3.440000057220459,3.440000057220459,3.440000057220459,18.0
2024-10-25 09:58:00+00:00,VERX,42.43000030517578,42.43000030517578,42.44499969482422,42.43000030517578,42.44499969482422,1592.0
2024-10-25 09:58:00+00:00,VIAV,9.199999809265137,9.199999809265137,9.199999809265137,9.1899995803833,9.1899995803833,1091.0
2024-10-25 09:58:00+00:00,VNET,3.4444000720977783,3.4444000720977783,3.444999933242798,3.4444000720977783,3.444999933242798,580.0
2024-10-25 09:58:00+00:00,VRNT,22.040000915527344,22.040000915527344,22.040000915527344,22.040000915527344,22.040000915527344,1757.0
2024-10-25 09:58:00+00:00,VRSN,189.41000366210938,189.41000366210938,189.41000366210938,189.41000366210938,189.41000366210938,3093.0
2024-10-25 09:58:00+00:00,VSAT,10.329999923706055,10.329999923706055,10.350000381469727,10.3100004196167,10.350000381469727,3594.0
2024-10-25 09:58:00+00:00,WDAY,242.05999755859375,242.05999755859375,242.25,241.99000549316406,242.24000549316406,4400.0
2024-10-25 09:58:00+00:00,WDC,72.22599792480469,72.22599792480469,72.31999969482422,72.08000183105469,72.21499633789062,58769.0
2024-10-25 09:58:00+00:00,WISA,1.809999942779541,1.809999942779541,1.809999942779541,1.8003000020980835,1.8049999475479126,8630.0
2024-10-25 09:58:00+00:00,WIX,165.63999938964844,165.63999938964844,165.63999938964844,165.63999938964844,165.63999938964844,103.0
2024-10-25 09:58:00+00:00,XPER,9.40999984741211,9.40999984741211,9.40999984741211,9.40999984741211,9.40999984741211,292.0
2024-10-25 09:58:00+00:00,XRX,10.119999885559082,10.119999885559082,10.119999885559082,10.119999885559082,10.119999885559082,113.0
2024-10-25 09:58:00+00:00,ZBRA,364.44000244140625,364.44000244140625,364.5,364.44000244140625,364.45001220703125,1135.0
2024-10-25 09:58:00+00:00,ZI,10.524999618530273,10.524999618530273,10.524999618530273,10.524999618530273,10.524999618530273,115.0
2024-10-25 09:58:00+00:00,ZM,73.58999633789062,73.58999633789062,73.61499786376953,73.55750274658203,73.61499786376953,4069.0
2024-10-25 09:59:00+00:00,AAOI,17.7450008392334,17.7450008392334,17.7450008392334,17.7450008392334,17.7450008392334,5021.0
2024-10-25 09:59:00+00:00,ACIW,49.25,49.25,49.25,49.25,49.25,5488.0
2024-10-25 09:59:00+00:00,ADI,234.1750030517578,234.1750030517578,234.1750030517578,234.1750030517578,234.1750030517578,7263.0
2024-10-25 09:59:00+00:00,AEHR,16.5,16.5,16.5,16.5,16.5,3668.0
2024-10-25 09:59:00+00:00,AKAM,103.36000061035156,103.36000061035156,103.36000061035156,103.36000061035156,103.36000061035156,3086.0
2024-10-25 09:59:00+00:00,ALGM,22.520000457763672,22.520000457763672,22.520000457763672,22.520000457763672,22.520000457763672,2902.0
2024-10-25 09:59:00+00:00,AMAT,188.35000610351562,188.35000610351562,188.35000610351562,188.35000610351562,188.35000610351562,19372.0
2024-10-25 09:59:00+00:00,AMKR,30.0,30.0,30.0,30.0,30.0,1208.0
2024-10-25 09:59:00+00:00,ANSS,327.9100036621094,327.9100036621094,327.9100036621094,327.9100036621094,327.9100036621094,1487.0
2024-10-25 09:59:00+00:00,ANY,1.0861999988555908,1.0861999988555908,1.0861999988555908,1.0861999988555908,1.0861999988555908,2232.0
2024-10-25 09:59:00+00:00,AOSL,36.79999923706055,36.79999923706055,36.79999923706055,36.79999923706055,36.79999923706055,558.0
2024-10-25 09:59:00+00:00,API,2.684999942779541,2.684999942779541,2.684999942779541,2.684999942779541,2.684999942779541,306.0
2024-10-25 09:59:00+00:00,APP,161.97999572753906,161.97999572753906,161.97999572753906,161.97999572753906,161.97999572753906,6543.0
2024-10-25 09:59:00+00:00,APPS,3.124000072479248,3.124000072479248,3.124000072479248,3.124000072479248,3.124000072479248,540.0
2024-10-25 09:59:00+00:00,ARQQ,7.801000118255615,7.801000118255615,7.801000118255615,7.801000118255615,7.801000118255615,562.0
2024-10-25 09:59:00+00:00,ARRY,6.329999923706055,6.329999923706055,6.329999923706055,6.329999923706055,6.329999923706055,10355.0
2024-10-25 09:59:00+00:00,AUR,6.460000038146973,6.460000038146973,6.460000038146973,6.460000038146973,6.460000038146973,9799.0
2024-10-25 09:59:00+00:00,AVT,54.79999923706055,54.79999923706055,54.79999923706055,54.79999923706055,54.79999923706055,2217.0
2024-10-25 09:59:00+00:00,BCOV,2.2999000549316406,2.2999000549316406,2.2999000549316406,2.2999000549316406,2.2999000549316406,7292.0
2024-10-25 09:59:00+00:00,BLKB,86.36000061035156,86.36000061035156,86.36000061035156,86.36000061035156,86.36000061035156,835.0
2024-10-25 09:59:00+00:00,BMBL,7.204999923706055,7.204999923706055,7.204999923706055,7.204999923706055,7.204999923706055,3866.0
2024-10-25 09:59:00+00:00,BSY,49.51499938964844,49.51499938964844,49.51499938964844,49.51499938964844,49.51499938964844,1727.0
2024-10-25 09:59:00+00:00,CGNX,39.20000076293945,39.20000076293945,39.20000076293945,39.20000076293945,39.20000076293945,1542.0
2024-10-25 09:59:00+00:00,CLBT,18.15999984741211,18.15999984741211,18.15999984741211,18.15999984741211,18.15999984741211,561.0
2024-10-25 09:59:00+00:00,CNXC,44.849998474121094,44.849998474121094,44.849998474121094,44.849998474121094,44.849998474121094,799.0
2024-10-25 09:59:00+00:00,COHR,96.87000274658203,96.87000274658203,96.87000274658203,96.84500122070312,96.87000274658203,1513.0
2024-10-25 09:59:00+00:00,COIN,210.35000610351562,210.35000610351562,210.35000610351562,210.35000610351562,210.35000610351562,52179.0
2024-10-25 09:59:00+00:00,CORZ,13.550000190734863,13.550000190734863,13.550000190734863,13.550000190734863,13.550000190734863,39853.0
2024-10-25 09:59:00+00:00,CORZW,7.980000019073486,7.980000019073486,7.980000019073486,7.980000019073486,7.980000019073486,1528.0
2024-10-25 09:59:00+00:00,CRCT,6.425000190734863,6.425000190734863,6.425000190734863,6.425000190734863,6.425000190734863,510.0
2024-10-25 09:59:00+00:00,CRNC,2.828000068664551,2.828000068664551,2.828000068664551,2.828000068664551,2.828000068664551,3620.0
2024-10-25 09:59:00+00:00,CRNT,2.4700000286102295,2.4700000286102295,2.4700000286102295,2.4700000286102295,2.4700000286102295,1885.0
2024-10-25 09:59:00+00:00,CRUS,122.83999633789062,122.83999633789062,122.83999633789062,122.83999633789062,122.83999633789062,203.0
2024-10-25 09:59:00+00:00,CTLP,9.080100059509277,9.080100059509277,9.080100059509277,9.080100059509277,9.080100059509277,634.0
2024-10-25 09:59:00+00:00,CTSH,75.16000366210938,75.16000366210938,75.16000366210938,75.16000366210938,75.16000366210938,3831.0
2024-10-25 09:59:00+00:00,DAIO,2.4570999145507812,2.4570999145507812,2.4570999145507812,2.4570999145507812,2.4570999145507812,2230.0
2024-10-25 09:59:00+00:00,DAVE,40.150001525878906,40.150001525878906,40.150001525878906,40.150001525878906,40.150001525878906,429.0
2024-10-25 09:59:00+00:00,DBX,26.1200008392334,26.1200008392334,26.1200008392334,26.1200008392334,26.1200008392334,2402.0
2024-10-25 09:59:00+00:00,DGII,29.885000228881836,29.885000228881836,29.885000228881836,29.885000228881836,29.885000228881836,119.0
2024-10-25 09:59:00+00:00,DIOD,65.7699966430664,65.7699966430664,65.7699966430664,65.7699966430664,65.7699966430664,541.0
2024-10-25 09:59:00+00:00,DOCU,70.67500305175781,70.67500305175781,70.67500305175781,70.67500305175781,70.67500305175781,7407.0
2024-10-25 09:59:00+00:00,DSGX,105.48500061035156,105.48500061035156,105.48500061035156,105.48500061035156,105.48500061035156,2418.0
2024-10-25 09:59:00+00:00,EMKR,2.109999895095825,2.109999895095825,2.109999895095825,2.109999895095825,2.109999895095825,583.0
2024-10-25 09:59:00+00:00,ENTG,105.32499694824219,105.32499694824219,105.32499694824219,105.32499694824219,105.32499694824219,2137.0
2024-10-25 09:59:00+00:00,EXTR,14.574999809265137,14.574999809265137,14.574999809265137,14.574999809265137,14.574999809265137,1516.0
2024-10-25 09:59:00+00:00,FFIV,216.33999633789062,216.33999633789062,216.33999633789062,216.33999633789062,216.33999633789062,879.0
2024-10-25 09:59:00+00:00,FIVN,30.639999389648438,30.639999389648438,30.639999389648438,30.639999389648438,30.639999389648438,2285.0
2024-10-25 09:59:00+00:00,FLEX,35.380001068115234,35.380001068115234,35.380001068115234,35.380001068115234,35.380001068115234,2981.0
2024-10-25 09:59:00+00:00,FLYW,17.68079948425293,17.68079948425293,17.68079948425293,17.68079948425293,17.68079948425293,879.0
2024-10-25 09:59:00+00:00,FSLR,197.16000366210938,197.16000366210938,197.16000366210938,197.16000366210938,197.16000366210938,5935.0
2024-10-25 09:59:00+00:00,FTFT,0.3140999972820282,0.3140999972820282,0.3140999972820282,0.3140999972820282,0.3140999972820282,456.0
2024-10-25 09:59:00+00:00,FTNT,81.4800033569336,81.4800033569336,81.4800033569336,81.4800033569336,81.4800033569336,8904.0
2024-10-25 09:59:00+00:00,GCT,25.520000457763672,25.520000457763672,25.520000457763672,25.520000457763672,25.520000457763672,3147.0
2024-10-25 09:59:00+00:00,GDYN,15.5600004196167,15.5600004196167,15.5600004196167,15.5600004196167,15.5600004196167,935.0
2024-10-25 09:59:00+00:00,GTLB,56.61800003051758,56.61800003051758,56.61800003051758,56.61800003051758,56.61800003051758,1722.0
2024-10-25 09:59:00+00:00,HCKT,24.825000762939453,24.825000762939453,24.825000762939453,24.825000762939453,24.825000762939453,686.0
2024-10-25 09:59:00+00:00,HCP,33.665000915527344,33.665000915527344,33.665000915527344,33.665000915527344,33.665000915527344,25835.0
2024-10-25 09:59:00+00:00,HOLO,3.875,3.875,3.875,3.875,3.875,10642.0
2024-10-25 09:59:00+00:00,HOOD,27.389999389648438,27.389999389648438,27.389999389648438,27.389999389648438,27.389999389648438,25196.0
2024-10-25 09:59:00+00:00,ICHR,27.65999984741211,27.65999984741211,27.65999984741211,27.65999984741211,27.65999984741211,1871.0
2024-10-25 09:59:00+00:00,IMXI,17.709999084472656,17.709999084472656,17.709999084472656,17.709999084472656,17.709999084472656,3029.0
2024-10-25 09:59:00+00:00,INOD,20.010000228881836,20.010000228881836,20.010000228881836,20.010000228881836,20.010000228881836,893.0
2024-10-25 09:59:00+00:00,INTA,50.2599983215332,50.2599983215332,50.2599983215332,50.2599983215332,50.2599983215332,0.0
2024-10-25 09:59:00+00:00,INTU,615.3400268554688,615.3400268554688,615.3400268554688,615.3400268554688,615.3400268554688,4420.0
2024-10-25 09:59:00+00:00,KC,2.700000047683716,2.700000047683716,2.700000047683716,2.700000047683716,2.700000047683716,4318.0
2024-10-25 09:59:00+00:00,KLAC,676.4149780273438,676.4149780273438,676.4149780273438,676.4149780273438,676.4149780273438,9917.0
2024-10-25 09:59:00+00:00,LOGI,80.84500122070312,80.84500122070312,80.84500122070312,80.84500122070312,80.84500122070312,1916.0
2024-10-25 09:59:00+00:00,LYFT,13.739999771118164,13.739999771118164,13.739999771118164,13.739999771118164,13.739999771118164,36441.0
2024-10-25 09:59:00+00:00,MANH,277.80999755859375,277.80999755859375,277.80999755859375,277.80999755859375,277.80999755859375,707.0
2024-10-25 09:59:00+00:00,MAXN,5.519999980926514,5.519999980926514,5.519999980926514,5.519999980926514,5.519999980926514,5516.0
2024-10-25 09:59:00+00:00,MKSI,101.5199966430664,101.5199966430664,101.5199966430664,101.5199966430664,101.5199966430664,2335.0
2024-10-25 09:59:00+00:00,MNDY,300.4049987792969,300.4049987792969,300.4049987792969,300.4049987792969,300.4049987792969,1273.0
2024-10-25 09:59:00+00:00,MQ,5.335000038146973,5.335000038146973,5.335000038146973,5.335000038146973,5.335000038146973,876.0
2024-10-25 09:59:00+00:00,MTTR,4.675000190734863,4.675000190734863,4.675000190734863,4.675000190734863,4.675000190734863,573.0
2024-10-25 09:59:00+00:00,MVIS,1.1050000190734863,1.1050000190734863,1.1050000190734863,1.1050000190734863,1.1050000190734863,11838.0
2024-10-25 09:59:00+00:00,NCNO,38.439998626708984,38.439998626708984,38.439998626708984,38.439998626708984,38.439998626708984,1132.0
2024-10-25 09:59:00+00:00,NEON,8.094200134277344,8.094200134277344,8.094200134277344,8.094200134277344,8.094200134277344,1320.0
2024-10-25 09:59:00+00:00,NICE,176.9600067138672,176.9600067138672,176.9600067138672,176.9600067138672,176.9600067138672,409.0
2024-10-25 09:59:00+00:00,NNDM,2.3350000381469727,2.3350000381469727,2.3350000381469727,2.3350000381469727,2.3350000381469727,562.0
2024-10-25 09:59:00+00:00,NTNX,63.025001525878906,63.025001525878906,63.025001525878906,63.025001525878906,63.025001525878906,1393.0
2024-10-25 09:59:00+00:00,NVMI,184.77000427246094,184.77000427246094,184.77000427246094,184.77000427246094,184.77000427246094,1994.0
2024-10-25 09:59:00+00:00,NVTS,2.575000047683716,2.575000047683716,2.575000047683716,2.575000047683716,2.575000047683716,3095.0
2024-10-25 09:59:00+00:00,OKTA,72.83000183105469,72.83000183105469,72.83000183105469,72.83000183105469,72.83000183105469,2204.0
2024-10-25 09:59:00+00:00,PANW,371.06500244140625,371.06500244140625,371.06500244140625,371.06500244140625,371.06500244140625,4341.0
2024-10-25 09:59:00+00:00,PAYO,8.335000038146973,8.335000038146973,8.335000038146973,8.335000038146973,8.335000038146973,6940.0
2024-10-25 09:59:00+00:00,PDFS,29.489999771118164,29.489999771118164,29.489999771118164,29.489999771118164,29.489999771118164,0.0
2024-10-25 09:59:00+00:00,PEGA,81.25499725341797,81.25499725341797,81.25499725341797,81.25499725341797,81.25499725341797,6443.0
2024-10-25 09:59:00+00:00,PEGY,4.785799980163574,4.785799980163574,4.785799980163574,4.785799980163574,4.785799980163574,9709.0
2024-10-25 09:59:00+00:00,PGY,11.9350004196167,11.9350004196167,11.9350004196167,11.9350004196167,11.9350004196167,3905.0
2024-10-25 09:59:00+00:00,PLXS,144.6300048828125,144.6300048828125,144.6300048828125,144.6300048828125,144.6300048828125,257.0
2024-10-25 09:59:00+00:00,PRGS,64.7699966430664,64.7699966430664,64.7699966430664,64.7699966430664,64.7699966430664,2438.0
2024-10-25 09:59:00+00:00,PRSO,1.70169997215271,1.70169997215271,1.70169997215271,1.70169997215271,1.70169997215271,7069.0
2024-10-25 09:59:00+00:00,PXLW,0.7710999846458435,0.7710999846458435,0.7710999846458435,0.7710999846458435,0.7710999846458435,0.0
2024-10-25 09:59:00+00:00,QLYS,121.41999816894531,121.41999816894531,121.41999816894531,121.41999816894531,121.41999816894531,1559.0
2024-10-25 09:59:00+00:00,QRVO,100.4000015258789,100.4000015258789,100.4000015258789,100.4000015258789,100.4000015258789,4094.0
2024-10-25 09:59:00+00:00,QUBT,1.1200000047683716,1.1200000047683716,1.1200000047683716,1.1200000047683716,1.1200000047683716,9868.0
2024-10-25 09:59:00+00:00,RELY,14.720000267028809,14.720000267028809,14.720000267028809,14.720000267028809,14.720000267028809,326.0
2024-10-25 09:59:00+00:00,RMBS,43.040000915527344,43.040000915527344,43.040000915527344,43.040000915527344,43.040000915527344,358.0
2024-10-25 09:59:00+00:00,RPAY,7.659999847412109,7.659999847412109,7.659999847412109,7.659999847412109,7.659999847412109,867.0
2024-10-25 09:59:00+00:00,RPD,39.47999954223633,39.47999954223633,39.47999954223633,39.47999954223633,39.47999954223633,3766.0
2024-10-25 09:59:00+00:00,SCSC,45.525001525878906,45.525001525878906,45.525001525878906,45.525001525878906,45.525001525878906,225.0
2024-10-25 09:59:00+00:00,SEDG,15.475000381469727,15.475000381469727,15.475000381469727,15.475000381469727,15.475000381469727,5609.0
2024-10-25 09:59:00+00:00,SHLS,5.15500020980835,5.15500020980835,5.15500020980835,5.15500020980835,5.15500020980835,2197.0
2024-10-25 09:59:00+00:00,SONO,12.729999542236328,12.729999542236328,12.729999542236328,12.729999542236328,12.729999542236328,1201.0
2024-10-25 09:59:00+00:00,SPI,0.4388999938964844,0.4388999938964844,0.4388999938964844,0.4388999938964844,0.4388999938964844,26492.0
2024-10-25 09:59:00+00:00,SPSC,188.47999572753906,188.47999572753906,188.47999572753906,188.47999572753906,188.47999572753906,11550.0
2024-10-25 09:59:00+00:00,STNE,11.364999771118164,11.364999771118164,11.364999771118164,11.364999771118164,11.364999771118164,5658.0
2024-10-25 09:59:00+00:00,STX,104.0999984741211,104.0999984741211,104.0999984741211,104.0999984741211,104.0999984741211,11949.0
2024-10-25 09:59:00+00:00,SVRE,0.08609999716281891,0.08609999716281891,0.08609999716281891,0.08609999716281891,0.08609999716281891,3110.0
2024-10-25 09:59:00+00:00,SWKS,95.96499633789062,95.96499633789062,95.96499633789062,95.96499633789062,95.96499633789062,5699.0
2024-10-25 09:59:00+00:00,TRMB,60.95000076293945,60.95000076293945,60.95000076293945,60.95000076293945,60.95000076293945,1330.0
2024-10-25 09:59:00+00:00,TSEM,44.95000076293945,44.95000076293945,44.95000076293945,44.95000076293945,44.95000076293945,281.0
2024-10-25 09:59:00+00:00,TTEC,5.414999961853027,5.414999961853027,5.414999961853027,5.414999961853027,5.414999961853027,368.0
2024-10-25 09:59:00+00:00,TTMI,19.360000610351562,19.360000610351562,19.360000610351562,19.360000610351562,19.360000610351562,751.0
2024-10-25 09:59:00+00:00,TWKS,4.449999809265137,4.449999809265137,4.449999809265137,4.449999809265137,4.449999809265137,4102.0
2024-10-25 09:59:00+00:00,VECO,29.530000686645508,29.530000686645508,29.530000686645508,29.530000686645508,29.530000686645508,1701.0
2024-10-25 09:59:00+00:00,VERI,3.424999952316284,3.424999952316284,3.424999952316284,3.424999952316284,3.424999952316284,1473.0
2024-10-25 09:59:00+00:00,VNET,3.440000057220459,3.440000057220459,3.440000057220459,3.440000057220459,3.440000057220459,191.0
2024-10-25 09:59:00+00:00,VOXX,7.5920000076293945,7.5920000076293945,7.5920000076293945,7.5920000076293945,7.5920000076293945,139.0
2024-10-25 09:59:00+00:00,VRSN,189.53500366210938,189.53500366210938,189.53500366210938,189.53500366210938,189.53500366210938,5052.0
2024-10-25 09:59:00+00:00,VSAT,10.319999694824219,10.319999694824219,10.319999694824219,10.319999694824219,10.319999694824219,3891.0
2024-10-25 09:59:00+00:00,WDAY,242.21499633789062,242.21499633789062,242.21499633789062,242.21499633789062,242.21499633789062,2367.0
2024-10-25 09:59:00+00:00,WISA,1.7899999618530273,1.7899999618530273,1.7899999618530273,1.7899999618530273,1.7899999618530273,7094.0
2024-10-25 09:59:00+00:00,XPER,9.404999732971191,9.404999732971191,9.404999732971191,9.404999732971191,9.404999732971191,1064.0
2024-10-25 09:59:00+00:00,XRX,10.135000228881836,10.135000228881836,10.135000228881836,10.135000228881836,10.135000228881836,12499.0
2024-10-25 09:59:00+00:00,ZBRA,364.8450012207031,364.8450012207031,364.8450012207031,364.8450012207031,364.8450012207031,2292.0
2024-10-25 09:59:00+00:00,ZI,10.539999961853027,10.539999961853027,10.539999961853027,10.539999961853027,10.539999961853027,3553.0
2024-10-25 10:00:00+00:00,AAOI,17.670000076293945,17.670000076293945,17.76409912109375,17.670000076293945,17.75,6278.0
2024-10-25 10:00:00+00:00,AAPL,232.1699981689453,232.1699981689453,232.1699981689453,231.86000061035156,231.91000366210938,319981.0
2024-10-25 10:00:00+00:00,ACIW,49.290000915527344,49.290000915527344,49.290000915527344,49.27000045776367,49.279998779296875,853.0
2024-10-25 10:00:00+00:00,ACLS,91.41999816894531,91.41999816894531,91.58000183105469,91.41999816894531,91.5,3820.0
2024-10-25 10:00:00+00:00,ACMR,19.67970085144043,19.67970085144043,19.67970085144043,19.644800186157227,19.65999984741211,4342.0
2024-10-25 10:00:00+00:00,ADBE,486.82000732421875,486.82000732421875,487.239990234375,486.55718994140625,487.0,17761.0
2024-10-25 10:00:00+00:00,ADI,234.4550018310547,234.4550018310547,234.4550018310547,234.25999450683594,234.25999450683594,5005.0
2024-10-25 10:00:00+00:00,ADSK,287.7850036621094,287.7850036621094,287.80999755859375,287.70001220703125,287.7550048828125,9905.0
2024-10-25 10:00:00+00:00,ADTN,6.340000152587891,6.340000152587891,6.340000152587891,6.340000152587891,6.340000152587891,574.0
2024-10-25 10:00:00+00:00,AEHR,16.600000381469727,16.600000381469727,16.600000381469727,16.530000686645508,16.530000686645508,6446.0
2024-10-25 10:00:00+00:00,AFRM,42.0,42.0,42.05379867553711,41.900001525878906,42.040000915527344,27508.0
2024-10-25 10:00:00+00:00,AKTS,0.057999998331069946,0.057999998331069946,0.057999998331069946,0.057999998331069946,0.057999998331069946,58323.0
2024-10-25 10:00:00+00:00,ALGM,22.59000015258789,22.59000015258789,22.610000610351562,22.540000915527344,22.540000915527344,5301.0
2024-10-25 10:00:00+00:00,ALKT,38.39500045776367,38.39500045776367,38.39500045776367,38.39500045776367,38.39500045776367,1668.0
2024-10-25 10:00:00+00:00,ALRM,54.712501525878906,54.712501525878906,54.71500015258789,54.712501525878906,54.71500015258789,2761.0
2024-10-25 10:00:00+00:00,AMAT,188.57000732421875,188.57000732421875,188.57000732421875,188.4499969482422,188.52999877929688,11559.0
2024-10-25 10:00:00+00:00,AMBA,58.218101501464844,58.218101501464844,58.218101501464844,58.218101501464844,58.218101501464844,441.0
2024-10-25 10:00:00+00:00,AMD,158.0500030517578,158.0500030517578,158.10000610351562,157.9459991455078,158.0,222833.0
2024-10-25 10:00:00+00:00,AMKR,29.969999313354492,29.969999313354492,29.969999313354492,29.94499969482422,29.94499969482422,7557.0
2024-10-25 10:00:00+00:00,AMPG,1.100000023841858,1.100000023841858,1.100000023841858,1.0800000429153442,1.0800000429153442,1501.0
2024-10-25 10:00:00+00:00,AMPL,9.239999771118164,9.239999771118164,9.239999771118164,9.239999771118164,9.239999771118164,2283.0
2024-10-25 10:00:00+00:00,ANSS,328.80999755859375,328.80999755859375,328.80999755859375,328.80999755859375,328.80999755859375,495.0
2024-10-25 10:00:00+00:00,APP,162.1999969482422,162.1999969482422,162.1999969482422,162.0449981689453,162.0449981689453,3194.0
2024-10-25 10:00:00+00:00,APPF,228.36000061035156,228.36000061035156,228.36000061035156,223.0500030517578,225.6649932861328,6430.0
2024-10-25 10:00:00+00:00,APPS,3.130000114440918,3.130000114440918,3.130000114440918,3.129199981689453,3.129199981689453,801.0
2024-10-25 10:00:00+00:00,ARQQ,7.807300090789795,7.807300090789795,7.807300090789795,7.807300090789795,7.807300090789795,806.0
2024-10-25 10:00:00+00:00,ARRY,6.340000152587891,6.340000152587891,6.340000152587891,6.320000171661377,6.329999923706055,24159.0
2024-10-25 10:00:00+00:00,ASML,720.6799926757812,720.6799926757812,720.6799926757812,720.0999755859375,720.0999755859375,14504.0
2024-10-25 10:00:00+00:00,AUR,6.459700107574463,6.459700107574463,6.460000038146973,6.454500198364258,6.459400177001953,14619.0
2024-10-25 10:00:00+00:00,AVDX,8.229999542236328,8.229999542236328,8.229999542236328,8.229999542236328,8.229999542236328,1451.0
2024-10-25 10:00:00+00:00,AVGO,175.2799072265625,175.2799072265625,175.2799072265625,174.94500732421875,174.97999572753906,142031.0
2024-10-25 10:00:00+00:00,AVT,54.834999084472656,54.834999084472656,54.834999084472656,54.83000183105469,54.83000183105469,954.0
2024-10-25 10:00:00+00:00,BASE,16.690000534057617,16.690000534057617,16.690000534057617,16.690000534057617,16.690000534057617,1146.0
2024-10-25 10:00:00+00:00,BL,57.58000183105469,57.58000183105469,57.58000183105469,57.58000183105469,57.58000183105469,1341.0
2024-10-25 10:00:00+00:00,BMBL,7.229499816894531,7.229499816894531,7.229499816894531,7.204999923706055,7.204999923706055,3473.0
2024-10-25 10:00:00+00:00,BRZE,31.100000381469727,31.100000381469727,31.100000381469727,31.100000381469727,31.100000381469727,6026.0
2024-10-25 10:00:00+00:00,BSY,49.54499816894531,49.54499816894531,49.54499816894531,49.54499816894531,49.54499816894531,415.0
2024-10-25 10:00:00+00:00,CAN,1.0,1.0,1.0,1.0,1.0,10697.0
2024-10-25 10:00:00+00:00,CDNS,258.3699035644531,258.3699035644531,258.3699035644531,258.0199890136719,258.0199890136719,22651.0
2024-10-25 10:00:00+00:00,CDW,219.9499969482422,219.9499969482422,219.9600067138672,219.55499267578125,219.55499267578125,3343.0
2024-10-25 10:00:00+00:00,CETX,0.29980000853538513,0.29980000853538513,0.30000001192092896,0.29980000853538513,0.30000001192092896,26725.0
2024-10-25 10:00:00+00:00,CFLT,22.354999542236328,22.354999542236328,22.389999389648438,22.354999542236328,22.3700008392334,13758.0
2024-10-25 10:00:00+00:00,CGNX,39.220001220703125,39.220001220703125,39.224998474121094,39.20000076293945,39.20000076293945,16392.0
2024-10-25 10:00:00+00:00,CHKP,207.5,207.5,207.7050018310547,207.5,207.61000061035156,2154.0
2024-10-25 10:00:00+00:00,CLBT,18.15999984741211,18.15999984741211,18.15999984741211,18.15999984741211,18.15999984741211,101.0
2024-10-25 10:00:00+00:00,CLSK,11.859999656677246,11.859999656677246,11.890000343322754,11.845000267028809,11.869799613952637,237820.0
2024-10-25 10:00:00+00:00,CMTL,3.740000009536743,3.740000009536743,3.740000009536743,3.740000009536743,3.740000009536743,424.0
2024-10-25 10:00:00+00:00,CNDT,3.7100000381469727,3.7100000381469727,3.7100000381469727,3.7100000381469727,3.7100000381469727,4240.0
2024-10-25 10:00:00+00:00,CNXC,44.91999816894531,44.91999816894531,44.91999816894531,44.91999816894531,44.91999816894531,1599.0
2024-10-25 10:00:00+00:00,COHR,96.8949966430664,96.8949966430664,97.01000213623047,96.83000183105469,96.87000274658203,2420.0
2024-10-25 10:00:00+00:00,COHU,26.0,26.0,26.0,26.0,26.0,1425.0
2024-10-25 10:00:00+00:00,COIN,210.5,210.5,210.7100067138672,210.24319458007812,210.3979949951172,26481.0
2024-10-25 10:00:00+00:00,COMM,6.4232001304626465,6.4232001304626465,6.429999828338623,6.420000076293945,6.420000076293945,1816.0
2024-10-25 10:00:00+00:00,CORZ,13.569999694824219,13.569999694824219,13.579999923706055,13.520000457763672,13.53499984741211,60712.0
2024-10-25 10:00:00+00:00,CRCT,6.425000190734863,6.425000190734863,6.429999828338623,6.425000190734863,6.429999828338623,449.0
2024-10-25 10:00:00+00:00,CRDO,39.79999923706055,39.79999923706055,39.79999923706055,39.779998779296875,39.779998779296875,2691.0
2024-10-25 10:00:00+00:00,CREX,4.369999885559082,4.369999885559082,4.369999885559082,4.369999885559082,4.369999885559082,324.0
2024-10-25 10:00:00+00:00,CRUS,123.08000183105469,123.08000183105469,123.08000183105469,123.08000183105469,123.08000183105469,1311.0
2024-10-25 10:00:00+00:00,CRWD,310.739990234375,310.739990234375,310.9289855957031,310.55999755859375,310.55999755859375,30487.0
2024-10-25 10:00:00+00:00,CSCO,56.525001525878906,56.525001525878906,56.529998779296875,56.47999954223633,56.47999954223633,63919.0
2024-10-25 10:00:00+00:00,CSIQ,13.3100004196167,13.3100004196167,13.319999694824219,13.220100402832031,13.220100402832031,47407.0
2024-10-25 10:00:00+00:00,CTLP,9.080100059509277,9.080100059509277,9.080100059509277,9.080100059509277,9.080100059509277,2007.0
2024-10-25 10:00:00+00:00,CTSH,75.25499725341797,75.25499725341797,75.26000213623047,75.19999694824219,75.19999694824219,4278.0
2024-10-25 10:00:00+00:00,CVLT,135.14999389648438,135.14999389648438,135.14999389648438,135.14999389648438,135.14999389648438,578.0
2024-10-25 10:00:00+00:00,CYBR,299.42999267578125,299.42999267578125,299.42999267578125,299.2200012207031,299.2200012207031,1788.0
2024-10-25 10:00:00+00:00,CYN,3.515000104904175,3.515000104904175,3.5399999618530273,3.4749999046325684,3.4749999046325684,1502.0
2024-10-25 10:00:00+00:00,DAKT,13.119999885559082,13.119999885559082,13.119999885559082,13.119999885559082,13.119999885559082,1715.0
2024-10-25 10:00:00+00:00,DATS,1.649999976158142,1.649999976158142,1.649999976158142,1.649999976158142,1.649999976158142,720.0
2024-10-25 10:00:00+00:00,DBX,26.1299991607666,26.1299991607666,26.1299991607666,26.1299991607666,26.1299991607666,973.0
2024-10-25 10:00:00+00:00,DDOG,127.37999725341797,127.37999725341797,127.37999725341797,127.2699966430664,127.33999633789062,18244.0
2024-10-25 10:00:00+00:00,DGII,29.985000610351562,29.985000610351562,29.985000610351562,29.985000610351562,29.985000610351562,380.0
2024-10-25 10:00:00+00:00,DLO,8.824999809265137,8.824999809265137,8.824999809265137,8.824999809265137,8.824999809265137,1142.0
2024-10-25 10:00:00+00:00,DOCU,70.7249984741211,70.7249984741211,70.7699966430664,70.6500015258789,70.6500015258789,13954.0
2024-10-25 10:00:00+00:00,DOMO,8.029999732971191,8.029999732971191,8.029999732971191,8.010000228881836,8.010000228881836,1564.0
2024-10-25 10:00:00+00:00,DOX,89.83999633789062,89.83999633789062,89.87999725341797,89.83999633789062,89.87000274658203,420.0
2024-10-25 10:00:00+00:00,DSP,11.260000228881836,11.260000228881836,11.260000228881836,11.260000228881836,11.260000228881836,517.0
2024-10-25 10:00:00+00:00,ENPH,80.81999969482422,80.81999969482422,80.8499984741211,80.58999633789062,80.58999633789062,21745.0
2024-10-25 10:00:00+00:00,ENTG,105.52999877929688,105.52999877929688,105.52999877929688,105.33000183105469,105.33000183105469,4392.0
2024-10-25 10:00:00+00:00,ERIC,8.50469970703125,8.50469970703125,8.510000228881836,8.5,8.503999710083008,144012.0
2024-10-25 10:00:00+00:00,EXLS,39.220001220703125,39.220001220703125,39.220001220703125,39.16999816894531,39.16999816894531,987.0
2024-10-25 10:00:00+00:00,EXTR,14.59000015258789,14.59000015258789,14.59000015258789,14.59000015258789,14.59000015258789,448.0
2024-10-25 10:00:00+00:00,FFIV,216.8699951171875,216.8699951171875,216.8699951171875,216.86990356445312,216.86990356445312,5371.0
2024-10-25 10:00:00+00:00,FIVN,30.665000915527344,30.665000915527344,30.665000915527344,30.665000915527344,30.665000915527344,604.0
2024-10-25 10:00:00+00:00,FLEX,35.38999938964844,35.38999938964844,35.38999938964844,35.38999938964844,35.38999938964844,17368.0
2024-10-25 10:00:00+00:00,FORM,45.439998626708984,45.439998626708984,45.45000076293945,45.369998931884766,45.369998931884766,3987.0
2024-10-25 10:00:00+00:00,FROG,29.610000610351562,29.610000610351562,29.610000610351562,29.510000228881836,29.510000228881836,2906.0
2024-10-25 10:00:00+00:00,FRSH,11.720000267028809,11.720000267028809,11.739999771118164,11.720000267028809,11.739999771118164,5097.0
2024-10-25 10:00:00+00:00,FSLR,197.1999969482422,197.1999969482422,197.25999450683594,197.10000610351562,197.25999450683594,7455.0
2024-10-25 10:00:00+00:00,FTNT,81.69000244140625,81.69000244140625,81.69000244140625,81.4800033569336,81.4800033569336,65162.0
2024-10-25 10:00:00+00:00,GCT,25.459999084472656,25.459999084472656,25.459999084472656,25.459999084472656,25.459999084472656,1948.0
2024-10-25 10:00:00+00:00,GDS,21.815000534057617,21.815000534057617,21.81999969482422,21.815000534057617,21.81999969482422,5366.0
2024-10-25 10:00:00+00:00,GFS,40.970001220703125,40.970001220703125,40.970001220703125,40.810001373291016,40.810001373291016,6976.0
2024-10-25 10:00:00+00:00,GILT,4.9359002113342285,4.9359002113342285,4.9359002113342285,4.9359002113342285,4.9359002113342285,1467.0
2024-10-25 10:00:00+00:00,GRAB,4.060999870300293,4.060999870300293,4.065000057220459,4.060999870300293,4.065000057220459,88904.0
2024-10-25 10:00:00+00:00,GRRR,4.769999980926514,4.769999980926514,4.795100212097168,4.769999980926514,4.769999980926514,2044.0
2024-10-25 10:00:00+00:00,GSIT,3.25,3.25,3.25,3.25,3.25,2064.0
2024-10-25 10:00:00+00:00,GVP,4.619999885559082,4.619999885559082,4.619999885559082,4.619999885559082,4.619999885559082,1447.0
2024-10-25 10:00:00+00:00,HCP,33.65999984741211,33.65999984741211,33.65999984741211,33.65999984741211,33.65999984741211,357.0
2024-10-25 10:00:00+00:00,HIMX,6.184999942779541,6.184999942779541,6.184999942779541,6.184999942779541,6.184999942779541,4981.0
2024-10-25 10:00:00+00:00,HLIT,14.850000381469727,14.850000381469727,14.850000381469727,14.850000381469727,14.850000381469727,10426.0
2024-10-25 10:00:00+00:00,HOLO,3.8940999507904053,3.8940999507904053,3.8940999507904053,3.869999885559082,3.869999885559082,3227.0
2024-10-25 10:00:00+00:00,HOOD,27.405000686645508,27.405000686645508,27.405000686645508,27.3700008392334,27.375900268554688,17140.0
2024-10-25 10:00:00+00:00,IMMR,8.710000038146973,8.710000038146973,8.715299606323242,8.710000038146973,8.712499618530273,5374.0
2024-10-25 10:00:00+00:00,INDI,3.51990008354187,3.51990008354187,3.51990008354187,3.509999990463257,3.509999990463257,35142.0
2024-10-25 10:00:00+00:00,INFN,6.804999828338623,6.804999828338623,6.809999942779541,6.804999828338623,6.809999942779541,10283.0
2024-10-25 10:00:00+00:00,INOD,20.010000228881836,20.010000228881836,20.010000228881836,20.010000228881836,20.010000228881836,620.0
2024-10-25 10:00:00+00:00,INTC,23.03499984741211,23.03499984741211,23.040000915527344,22.959999084472656,22.96500015258789,514815.0
2024-10-25 10:00:00+00:00,INTU,615.989990234375,615.989990234375,616.0399780273438,615.9199829101562,616.0399780273438,3685.0
2024-10-25 10:00:00+00:00,ITI,7.190000057220459,7.190000057220459,7.190000057220459,7.190000057220459,7.190000057220459,1365.0
2024-10-25 10:00:00+00:00,JAMF,16.8799991607666,16.8799991607666,16.8799991607666,16.8799991607666,16.8799991607666,306.0
2024-10-25 10:00:00+00:00,KLAC,677.14501953125,677.14501953125,677.7899780273438,675.9099731445312,676.7650146484375,16243.0
2024-10-25 10:00:00+00:00,KLTR,1.3200000524520874,1.3200000524520874,1.3200000524520874,1.3200000524520874,1.3200000524520874,1326.0
2024-10-25 10:00:00+00:00,LASR,10.529999732971191,10.529999732971191,10.529999732971191,10.529999732971191,10.529999732971191,714.0
2024-10-25 10:00:00+00:00,LITE,64.66500091552734,64.66500091552734,64.66500091552734,64.66000366210938,64.66000366210938,3554.0
2024-10-25 10:00:00+00:00,LPSN,1.2008999586105347,1.2008999586105347,1.2008999586105347,1.2008999586105347,1.2008999586105347,554.0
2024-10-25 10:00:00+00:00,LRCX,78.33999633789062,78.33999633789062,78.38999938964844,78.27999877929688,78.36840057373047,165159.0
2024-10-25 10:00:00+00:00,LSCC,54.95000076293945,54.95000076293945,54.9900016784668,54.95000076293945,54.9900016784668,6087.0
2024-10-25 10:00:00+00:00,LYFT,13.75,13.75,13.755000114440918,13.744999885559082,13.744999885559082,20006.0
2024-10-25 10:00:00+00:00,MAXN,5.599999904632568,5.599999904632568,5.599999904632568,5.519999980926514,5.519999980926514,6788.0
2024-10-25 10:00:00+00:00,MCHP,77.36000061035156,77.36000061035156,77.36000061035156,77.27999877929688,77.27999877929688,16878.0
2024-10-25 10:00:00+00:00,MDB,270.0400085449219,270.0400085449219,270.0400085449219,269.2699890136719,269.2699890136719,6639.0
2024-10-25 10:00:00+00:00,MKSI,101.55000305175781,101.55000305175781,101.55000305175781,101.41000366210938,101.41000366210938,1253.0
2024-10-25 10:00:00+00:00,MPWR,918.360107421875,918.360107421875,920.47998046875,918.360107421875,918.5800170898438,2733.0
2024-10-25 10:00:00+00:00,MQ,5.315000057220459,5.315000057220459,5.340000152587891,5.315000057220459,5.340000152587891,5433.0
2024-10-25 10:00:00+00:00,MRVL,82.86000061035156,82.86000061035156,82.96949768066406,82.86000061035156,82.90499877929688,57537.0
2024-10-25 10:00:00+00:00,MSFT,431.3240051269531,431.3240051269531,431.8800048828125,431.1199951171875,431.6700134277344,207268.0
2024-10-25 10:00:00+00:00,MSTR,240.27999877929688,240.27999877929688,241.989501953125,240.11000061035156,241.989501953125,318455.0
2024-10-25 10:00:00+00:00,MTC,0.3682999908924103,0.3682999908924103,0.3682999908924103,0.3682999908924103,0.3682999908924103,7729.0
2024-10-25 10:00:00+00:00,MU,109.22000122070312,109.22000122070312,109.25,109.12000274658203,109.12999725341797,136883.0
2024-10-25 10:00:00+00:00,MVIS,1.1050000190734863,1.1050000190734863,1.1050000190734863,1.1050000190734863,1.1050000190734863,132.0
2024-10-25 10:00:00+00:00,MXL,14.899999618530273,14.899999618530273,14.899999618530273,14.899999618530273,14.899999618530273,3746.0
2024-10-25 10:00:00+00:00,NCNO,38.439998626708984,38.439998626708984,38.44499969482422,38.43000030517578,38.44499969482422,4246.0
2024-10-25 10:00:00+00:00,NICE,176.9600067138672,176.9600067138672,176.9600067138672,176.9600067138672,176.9600067138672,400.0
2024-10-25 10:00:00+00:00,NNDM,2.3350000381469727,2.3350000381469727,2.339400053024292,2.3350000381469727,2.339400053024292,1641.0
2024-10-25 10:00:00+00:00,NSIT,212.06500244140625,212.06500244140625,212.06500244140625,212.06500244140625,212.06500244140625,440.0
2024-10-25 10:00:00+00:00,NTAP,120.33999633789062,120.33999633789062,120.5999984741211,120.30500030517578,120.30500030517578,40762.0
2024-10-25 10:00:00+00:00,NTGR,20.524999618530273,20.524999618530273,20.524999618530273,20.524999618530273,20.524999618530273,664.0
2024-10-25 10:00:00+00:00,NTNX,63.119998931884766,63.119998931884766,63.119998931884766,63.119998931884766,63.119998931884766,513.0
2024-10-25 10:00:00+00:00,NVDA,142.69000244140625,142.69000244140625,142.92059326171875,142.5749969482422,142.84500122070312,1811991.0
2024-10-25 10:00:00+00:00,NVEI,33.529998779296875,33.529998779296875,33.53499984741211,33.529998779296875,33.53499984741211,116.0
2024-10-25 10:00:00+00:00,NVTS,2.572499990463257,2.572499990463257,2.572499990463257,2.572499990463257,2.572499990463257,1874.0
2024-10-25 10:00:00+00:00,NXPI,245.0500030517578,245.0500030517578,245.0500030517578,244.61000061035156,244.61000061035156,19086.0
2024-10-25 10:00:00+00:00,OBLG,3.7750000953674316,3.7750000953674316,3.7750000953674316,3.7750000953674316,3.7750000953674316,872.0
2024-10-25 10:00:00+00:00,OKTA,72.78199768066406,72.78199768066406,72.83000183105469,72.78199768066406,72.83000183105469,3481.0
2024-10-25 10:00:00+00:00,OLED,204.1103057861328,204.1103057861328,204.52999877929688,204.1103057861328,204.52999877929688,1663.0
2024-10-25 10:00:00+00:00,ON,72.4800033569336,72.4800033569336,72.61000061035156,72.44000244140625,72.48999786376953,66944.0
2024-10-25 10:00:00+00:00,OSIS,137.41250610351562,137.41250610351562,137.41250610351562,137.41250610351562,137.41250610351562,2392.0
2024-10-25 10:00:00+00:00,OSS,2.440000057220459,2.440000057220459,2.440000057220459,2.440000057220459,2.440000057220459,1189.0
2024-10-25 10:00:00+00:00,PANW,371.5950012207031,371.5950012207031,371.6400146484375,371.2401123046875,371.6099853515625,4829.0
2024-10-25 10:00:00+00:00,PAYO,8.330100059509277,8.330100059509277,8.330100059509277,8.330100059509277,8.330100059509277,1212.0
2024-10-25 10:00:00+00:00,PCTY,173.85499572753906,173.85499572753906,173.85499572753906,173.85499572753906,173.85499572753906,483.0
2024-10-25 10:00:00+00:00,PDFS,29.475000381469727,29.475000381469727,29.475000381469727,29.475000381469727,29.475000381469727,483.0
2024-10-25 10:00:00+00:00,PEGA,81.25499725341797,81.25499725341797,81.25499725341797,81.25499725341797,81.25499725341797,665.0
2024-10-25 10:00:00+00:00,PEGY,4.776000022888184,4.776000022888184,4.776000022888184,4.744999885559082,4.744999885559082,1817.0
2024-10-25 10:00:00+00:00,PGY,11.944000244140625,11.944000244140625,11.960000038146973,11.934499740600586,11.9399995803833,1452.0
2024-10-25 10:00:00+00:00,PHUN,9.799799919128418,9.799799919128418,9.8100004196167,9.75,9.75,196771.0
2024-10-25 10:00:00+00:00,PI,198.77999877929688,198.77999877929688,198.77999877929688,198.36000061035156,198.36000061035156,15590.0
2024-10-25 10:00:00+00:00,PLAB,23.75,23.75,23.75,23.75,23.75,188.0
2024-10-25 10:00:00+00:00,PLXS,145.375,145.375,145.375,145.375,145.375,442.0
2024-10-25 10:00:00+00:00,POWI,63.29999923706055,63.29999923706055,63.29999923706055,63.29999923706055,63.29999923706055,215.0
2024-10-25 10:00:00+00:00,PRGS,65.06999969482422,65.06999969482422,65.11000061035156,64.91000366210938,64.91000366210938,1456.0
2024-10-25 10:00:00+00:00,PTC,186.25999450683594,186.25999450683594,186.25999450683594,186.25999450683594,186.25999450683594,456.0
2024-10-25 10:00:00+00:00,PUBM,15.100000381469727,15.100000381469727,15.119999885559082,15.100000381469727,15.119999885559082,1691.0
2024-10-25 10:00:00+00:00,PYCR,14.5,14.5,14.5,14.5,14.5,823.0
2024-10-25 10:00:00+00:00,QCOM,172.38999938964844,172.38999938964844,172.5399932861328,172.14500427246094,172.14500427246094,74325.0
2024-10-25 10:00:00+00:00,QLYS,121.63999938964844,121.63999938964844,121.63999938964844,121.4800033569336,121.4800033569336,1200.0
2024-10-25 10:00:00+00:00,QRVO,100.38999938964844,100.38999938964844,100.47000122070312,100.38999938964844,100.3949966430664,4799.0
2024-10-25 10:00:00+00:00,QUBT,1.1200000047683716,1.1200000047683716,1.1299999952316284,1.1200000047683716,1.125,17849.0
2024-10-25 10:00:00+00:00,RDWR,22.639999389648438,22.639999389648438,22.639999389648438,22.639999389648438,22.639999389648438,379.0
2024-10-25 10:00:00+00:00,REKR,1.100000023841858,1.100000023841858,1.1024999618530273,1.100000023841858,1.100000023841858,133.0
2024-10-25 10:00:00+00:00,RELY,14.720000267028809,14.720000267028809,14.720000267028809,14.720000267028809,14.720000267028809,548.0
2024-10-25 10:00:00+00:00,RGTI,1.2898999452590942,1.2898999452590942,1.2898999452590942,1.284999966621399,1.284999966621399,17256.0
2024-10-25 10:00:00+00:00,RIOT,9.989999771118164,9.989999771118164,10.005000114440918,9.98009967803955,9.994999885559082,144976.0
2024-10-25 10:00:00+00:00,RMBS,43.060001373291016,43.060001373291016,43.099998474121094,43.060001373291016,43.06999969482422,3174.0
2024-10-25 10:00:00+00:00,RMNI,1.725000023841858,1.725000023841858,1.725000023841858,1.725000023841858,1.725000023841858,417.0
2024-10-25 10:00:00+00:00,RPAY,7.690000057220459,7.690000057220459,7.690000057220459,7.690000057220459,7.690000057220459,275.0
2024-10-25 10:00:00+00:00,RUM,5.585000038146973,5.585000038146973,5.585000038146973,5.581099987030029,5.581099987030029,16345.0
2024-10-25 10:00:00+00:00,RUN,14.119999885559082,14.119999885559082,14.1850004196167,14.119999885559082,14.15999984741211,83621.0
2024-10-25 10:00:00+00:00,RXT,2.539400100708008,2.539400100708008,2.539400100708008,2.539400100708008,2.539400100708008,1021.0
2024-10-25 10:00:00+00:00,SATS,24.969999313354492,24.969999313354492,25.079999923706055,24.969999313354492,25.06999969482422,2680.0
2024-10-25 10:00:00+00:00,SEDG,15.470000267028809,15.470000267028809,15.489999771118164,15.431900024414062,15.431900024414062,2107.0
2024-10-25 10:00:00+00:00,SHLS,5.15500020980835,5.15500020980835,5.159999847412109,5.150000095367432,5.159999847412109,3908.0
2024-10-25 10:00:00+00:00,SIMO,57.0099983215332,57.0099983215332,57.15999984741211,57.005001068115234,57.15999984741211,2844.0
2024-10-25 10:00:00+00:00,SKYT,10.755000114440918,10.755000114440918,10.755000114440918,10.755000114440918,10.755000114440918,1146.0
2024-10-25 10:00:00+00:00,SMCI,47.380001068115234,47.380001068115234,47.400001525878906,47.29010009765625,47.34000015258789,281157.0
2024-10-25 10:00:00+00:00,SMTC,45.505001068115234,45.505001068115234,45.53129959106445,45.5,45.5,22130.0
2024-10-25 10:00:00+00:00,SNPS,507.260009765625,507.260009765625,507.260009765625,505.9649963378906,506.1700134277344,12947.0
2024-10-25 10:00:00+00:00,SONO,12.739999771118164,12.739999771118164,12.744999885559082,12.739999771118164,12.744999885559082,743.0
2024-10-25 10:00:00+00:00,SOUN,5.339000225067139,5.339000225067139,5.339000225067139,5.320000171661377,5.327600002288818,48608.0
2024-10-25 10:00:00+00:00,SPSC,186.92999267578125,186.92999267578125,187.1199951171875,186.57000732421875,186.8350067138672,33432.0
2024-10-25 10:00:00+00:00,SPT,27.610000610351562,27.610000610351562,27.61050033569336,27.610000610351562,27.61050033569336,3219.0
2024-10-25 10:00:00+00:00,SRAD,12.380000114440918,12.380000114440918,12.380000114440918,12.380000114440918,12.380000114440918,1373.0
2024-10-25 10:00:00+00:00,SSNC,70.08000183105469,70.08000183105469,70.08000183105469,69.98999786376953,70.02999877929688,40636.0
2024-10-25 10:00:00+00:00,STNE,11.354999542236328,11.354999542236328,11.364999771118164,11.354999542236328,11.364999771118164,3087.0
2024-10-25 10:00:00+00:00,STX,104.15499877929688,104.15499877929688,104.23999786376953,104.0999984741211,104.2300033569336,1591.0
2024-10-25 10:00:00+00:00,SVRE,0.08529999852180481,0.08529999852180481,0.08529999852180481,0.08529999852180481,0.08529999852180481,2411.0
2024-10-25 10:00:00+00:00,SWKS,96.0999984741211,96.0999984741211,96.0999984741211,95.95999908447266,95.9749984741211,7087.0
2024-10-25 10:00:00+00:00,SYTA,1.1950000524520874,1.1950000524520874,1.1959999799728394,1.1950000524520874,1.1959999799728394,5881.0
2024-10-25 10:00:00+00:00,TASK,12.180000305175781,12.180000305175781,12.180000305175781,12.180000305175781,12.180000305175781,1199.0
2024-10-25 10:00:00+00:00,TEAM,192.02000427246094,192.02000427246094,192.02000427246094,191.72999572753906,191.72999572753906,6434.0
2024-10-25 10:00:00+00:00,TENB,41.400001525878906,41.400001525878906,41.40999984741211,41.38999938964844,41.38999938964844,1390.0
2024-10-25 10:00:00+00:00,TER,112.44000244140625,112.44000244140625,112.44999694824219,112.25499725341797,112.25499725341797,16976.0
2024-10-25 10:00:00+00:00,TLS,3.634999990463257,3.634999990463257,3.634999990463257,3.630000114440918,3.630000114440918,955.0
2024-10-25 10:00:00+00:00,TRMB,60.97999954223633,60.97999954223633,60.97999954223633,60.970001220703125,60.970001220703125,1272.0
2024-10-25 10:00:00+00:00,TSEM,44.95000076293945,44.95000076293945,44.95000076293945,44.95000076293945,44.95000076293945,270.0
2024-10-25 10:00:00+00:00,TTD,121.05999755859375,121.05999755859375,121.20999908447266,120.94000244140625,120.94000244140625,32859.0
2024-10-25 10:00:00+00:00,TTEC,5.414999961853027,5.414999961853027,5.414999961853027,5.414999961853027,5.414999961853027,1070.0
2024-10-25 10:00:00+00:00,TTMI,19.440000534057617,19.440000534057617,19.440000534057617,19.389999389648438,19.389999389648438,2684.0
2024-10-25 10:00:00+00:00,TWKS,4.449999809265137,4.449999809265137,4.449999809265137,4.440000057220459,4.449999809265137,9031.0
2024-10-25 10:00:00+00:00,TXN,210.97999572753906,210.97999572753906,210.97999572753906,210.5850067138672,210.69000244140625,68672.0
2024-10-25 10:00:00+00:00,UCTT,35.96500015258789,35.96500015258789,35.96500015258789,35.96500015258789,35.96500015258789,1603.0
2024-10-25 10:00:00+00:00,VERB,10.25100040435791,10.25100040435791,10.25100040435791,10.25100040435791,10.25100040435791,507.0
2024-10-25 10:00:00+00:00,VERX,42.439998626708984,42.439998626708984,42.439998626708984,42.439998626708984,42.439998626708984,4333.0
2024-10-25 10:00:00+00:00,VIAV,9.229999542236328,9.229999542236328,9.229999542236328,9.204999923706055,9.204999923706055,68993.0
2024-10-25 10:00:00+00:00,VMEO,4.75,4.75,4.75,4.75,4.75,2114.0
2024-10-25 10:00:00+00:00,VNET,3.444999933242798,3.444999933242798,3.450000047683716,3.444999933242798,3.450000047683716,471.0
2024-10-25 10:00:00+00:00,VRNS,57.220001220703125,57.220001220703125,57.314998626708984,57.099998474121094,57.099998474121094,10401.0
2024-10-25 10:00:00+00:00,VRSN,189.60499572753906,189.60499572753906,189.91000366210938,189.60499572753906,189.64999389648438,1629.0
2024-10-25 10:00:00+00:00,VVPR,0.7692999839782715,0.7692999839782715,0.7692999839782715,0.7692999839782715,0.7692999839782715,5084.0
2024-10-25 10:00:00+00:00,WDAY,242.22000122070312,242.22000122070312,242.22000122070312,241.7899932861328,241.9550018310547,2410.0
2024-10-25 10:00:00+00:00,WDC,71.81999969482422,71.81999969482422,72.27999877929688,71.81999969482422,72.22000122070312,105310.0
2024-10-25 10:00:00+00:00,WISA,1.780400037765503,1.780400037765503,1.7899999618530273,1.780400037765503,1.7899999618530273,1599.0
2024-10-25 10:00:00+00:00,WIX,165.75,165.75,165.75,165.75,165.75,1306.0
2024-10-25 10:00:00+00:00,WRAP,1.9199999570846558,1.9199999570846558,1.924399971961975,1.9199999570846558,1.9199999570846558,1910.0
2024-10-25 10:00:00+00:00,XPER,9.399999618530273,9.399999618530273,9.399999618530273,9.399999618530273,9.399999618530273,146.0
2024-10-25 10:00:00+00:00,XRX,10.125,10.125,10.130000114440918,10.125,10.125,3776.0
2024-10-25 10:00:00+00:00,ZBRA,364.82000732421875,364.82000732421875,364.8699951171875,364.82000732421875,364.8450012207031,1824.0
2024-10-25 10:00:00+00:00,ZI,10.545000076293945,10.545000076293945,10.545000076293945,10.545000076293945,10.545000076293945,1339.0
2024-10-25 10:00:00+00:00,ZM,73.69000244140625,73.69000244140625,73.69000244140625,73.63999938964844,73.68000030517578,24854.0
2024-10-25 10:00:00+00:00,ZS,188.3249969482422,188.3249969482422,188.39999389648438,188.3249969482422,188.39999389648438,6703.0
2024-10-25 10:01:00+00:00,AAOI,17.655000686645508,17.655000686645508,17.670000076293945,17.639999389648438,17.670000076293945,3299.0
2024-10-25 10:01:00+00:00,AAPL,232.25,232.25,232.36000061035156,232.08999633789062,232.19000244140625,137083.0
2024-10-25 10:01:00+00:00,ACLS,91.5,91.5,91.56999969482422,91.36000061035156,91.41999816894531,4090.0
2024-10-25 10:01:00+00:00,ACMR,19.739999771118164,19.739999771118164,19.739999771118164,19.670000076293945,19.676000595092773,4051.0
2024-10-25 10:01:00+00:00,ADBE,486.9599914550781,486.9599914550781,487.1600036621094,486.67999267578125,487.1600036621094,5038.0
2024-10-25 10:01:00+00:00,ADI,234.77999877929688,234.77999877929688,234.80999755859375,234.4499969482422,234.4600067138672,4139.0
2024-10-25 10:01:00+00:00,ADSK,288.0299987792969,288.0299987792969,288.17999267578125,287.5799865722656,287.7850036621094,51749.0
2024-10-25 10:01:00+00:00,ADTN,6.349999904632568,6.349999904632568,6.360000133514404,6.340000152587891,6.340000152587891,1122.0
2024-10-25 10:01:00+00:00,AEHR,16.649999618530273,16.649999618530273,16.661100387573242,16.605300903320312,16.605300903320312,7094.0
2024-10-25 10:01:00+00:00,AEYE,23.6200008392334,23.6200008392334,23.6200008392334,23.549999237060547,23.549999237060547,286.0
2024-10-25 10:01:00+00:00,AFRM,41.950801849365234,41.950801849365234,42.0,41.939998626708984,41.96500015258789,4317.0
2024-10-25 10:01:00+00:00,AKAM,103.37000274658203,103.37000274658203,103.37999725341797,103.37000274658203,103.37000274658203,806.0
2024-10-25 10:01:00+00:00,ALKT,38.459999084472656,38.459999084472656,38.459999084472656,38.369998931884766,38.380001068115234,2182.0
2024-10-25 10:01:00+00:00,ALRM,54.71500015258789,54.71500015258789,54.71500015258789,54.71500015258789,54.71500015258789,876.0
2024-10-25 10:01:00+00:00,AMAT,188.89999389648438,188.89999389648438,189.02499389648438,188.63499450683594,188.63499450683594,17183.0
2024-10-25 10:01:00+00:00,AMBA,58.28499984741211,58.28499984741211,58.28499984741211,58.28499984741211,58.28499984741211,779.0
2024-10-25 10:01:00+00:00,AMD,158.28500366210938,158.28500366210938,158.43820190429688,158.07989501953125,158.07989501953125,192616.0
2024-10-25 10:01:00+00:00,AMKR,29.979999542236328,29.979999542236328,29.989999771118164,29.979999542236328,29.989999771118164,841.0
2024-10-25 10:01:00+00:00,AMPL,9.229999542236328,9.229999542236328,9.229999542236328,9.229999542236328,9.229999542236328,892.0
2024-10-25 10:01:00+00:00,ANSS,328.2099914550781,328.2099914550781,328.2099914550781,328.2099914550781,328.2099914550781,839.0
2024-10-25 10:01:00+00:00,ANY,1.080399990081787,1.080399990081787,1.0850000381469727,1.0801000595092773,1.082900047302246,20558.0
2024-10-25 10:01:00+00:00,AOSL,36.79999923706055,36.79999923706055,36.79999923706055,36.790000915527344,36.790000915527344,1428.0
2024-10-25 10:01:00+00:00,APP,162.5,162.5,162.5800018310547,162.33999633789062,162.5,10983.0
2024-10-25 10:01:00+00:00,APPF,230.5,230.5,230.60910034179688,228.0,229.0,4639.0
2024-10-25 10:01:00+00:00,APPN,32.47999954223633,32.47999954223633,32.52000045776367,32.47999954223633,32.47999954223633,3684.0
2024-10-25 10:01:00+00:00,APPS,3.134999990463257,3.134999990463257,3.138000011444092,3.134999990463257,3.138000011444092,3968.0
2024-10-25 10:01:00+00:00,ARRY,6.335000038146973,6.335000038146973,6.340000152587891,6.329999923706055,6.335000038146973,4563.0
2024-10-25 10:01:00+00:00,ASML,721.5850219726562,721.5850219726562,721.5850219726562,720.9199829101562,720.9199829101562,10132.0
2024-10-25 10:01:00+00:00,AUDC,9.149999618530273,9.149999618530273,9.149999618530273,9.119999885559082,9.149999618530273,1320.0
2024-10-25 10:01:00+00:00,AUR,6.400000095367432,6.400000095367432,6.454999923706055,6.400000095367432,6.454999923706055,16976.0
2024-10-25 10:01:00+00:00,AVDX,8.225000381469727,8.225000381469727,8.225000381469727,8.225000381469727,8.225000381469727,684.0
2024-10-25 10:01:00+00:00,AVGO,175.35000610351562,175.35000610351562,175.58990478515625,175.1750030517578,175.2449951171875,62640.0
2024-10-25 10:01:00+00:00,AVNW,21.014999389648438,21.014999389648438,21.014999389648438,21.014999389648438,21.014999389648438,270.0
2024-10-25 10:01:00+00:00,AVPT,12.149999618530273,12.149999618530273,12.15999984741211,12.149999618530273,12.15999984741211,911.0
2024-10-25 10:01:00+00:00,AXTI,2.6675000190734863,2.6675000190734863,2.6675000190734863,2.6675000190734863,2.6675000190734863,419.0
2024-10-25 10:01:00+00:00,BAND,17.8700008392334,17.8700008392334,17.8700008392334,17.8700008392334,17.8700008392334,315.0
2024-10-25 10:01:00+00:00,BASE,16.700000762939453,16.700000762939453,16.700000762939453,16.700000762939453,16.700000762939453,1046.0
2024-10-25 10:01:00+00:00,BRZE,31.139999389648438,31.139999389648438,31.149999618530273,31.094999313354492,31.094999313354492,2401.0
2024-10-25 10:01:00+00:00,CAN,0.9901000261306763,0.9901000261306763,1.0049999952316284,0.9901000261306763,1.000499963760376,33165.0
2024-10-25 10:01:00+00:00,CDNS,258.7300109863281,258.7300109863281,258.7900085449219,258.5400085449219,258.55999755859375,4649.0
2024-10-25 10:01:00+00:00,CDW,219.83999633789062,219.83999633789062,219.9600067138672,219.83999633789062,219.9600067138672,2261.0
2024-10-25 10:01:00+00:00,CETX,0.29919999837875366,0.29919999837875366,0.30079999566078186,0.29919999837875366,0.30079999566078186,10585.0
2024-10-25 10:01:00+00:00,CFLT,22.420000076293945,22.420000076293945,22.420000076293945,22.354999542236328,22.360000610351562,8886.0
2024-10-25 10:01:00+00:00,CGNX,39.22999954223633,39.22999954223633,39.22999954223633,39.22999954223633,39.22999954223633,404.0
2024-10-25 10:01:00+00:00,CHKP,207.55499267578125,207.55499267578125,207.8278045654297,207.55499267578125,207.8278045654297,375.0
2024-10-25 10:01:00+00:00,CLBT,18.139999389648438,18.139999389648438,18.1560001373291,18.139999389648438,18.1560001373291,699.0
2024-10-25 10:01:00+00:00,CLPS,1.3899999856948853,1.3899999856948853,1.3899999856948853,1.3899999856948853,1.3899999856948853,397.0
2024-10-25 10:01:00+00:00,CLSK,11.821999549865723,11.821999549865723,11.869000434875488,11.800000190734863,11.860099792480469,184775.0
2024-10-25 10:01:00+00:00,CNDT,3.700000047683716,3.700000047683716,3.700000047683716,3.700000047683716,3.700000047683716,316.0
2024-10-25 10:01:00+00:00,CNXC,44.869998931884766,44.869998931884766,44.869998931884766,44.869998931884766,44.869998931884766,199.0
2024-10-25 10:01:00+00:00,COHR,96.9000015258789,96.9000015258789,96.9000015258789,96.9000015258789,96.9000015258789,605.0
2024-10-25 10:01:00+00:00,COHU,26.09000015258789,26.09000015258789,26.09000015258789,26.049999237060547,26.049999237060547,1386.0
2024-10-25 10:01:00+00:00,COIN,210.67050170898438,210.67050170898438,210.9600067138672,210.1300048828125,210.39999389648438,39588.0
2024-10-25 10:01:00+00:00,COMM,6.420000076293945,6.420000076293945,6.429999828338623,6.420000076293945,6.420899868011475,1874.0
2024-10-25 10:01:00+00:00,CORZ,13.630000114440918,13.630000114440918,13.640000343322754,13.529999732971191,13.5649995803833,36635.0
2024-10-25 10:01:00+00:00,CRDO,39.810001373291016,39.810001373291016,39.845001220703125,39.810001373291016,39.810001373291016,1053.0
2024-10-25 10:01:00+00:00,CRNC,2.8299999237060547,2.8299999237060547,2.8299999237060547,2.8299999237060547,2.8299999237060547,102.0
2024-10-25 10:01:00+00:00,CRWD,311.0299987792969,311.0299987792969,311.34991455078125,310.8357849121094,310.8599853515625,22105.0
2024-10-25 10:01:00+00:00,CSCO,56.59000015258789,56.59000015258789,56.595001220703125,56.52159881591797,56.529998779296875,126499.0
2024-10-25 10:01:00+00:00,CSIQ,13.345000267028809,13.345000267028809,13.371700286865234,13.320699691772461,13.324999809265137,20632.0
2024-10-25 10:01:00+00:00,CTLP,9.079999923706055,9.079999923706055,9.079999923706055,9.079999923706055,9.079999923706055,1084.0
2024-10-25 10:01:00+00:00,CTSH,75.25,75.25,75.2699966430664,75.19000244140625,75.2300033569336,5128.0
2024-10-25 10:01:00+00:00,CYBR,300.8633117675781,300.8633117675781,300.8633117675781,299.989990234375,299.989990234375,1546.0
2024-10-25 10:01:00+00:00,DATS,1.660099983215332,1.660099983215332,1.660099983215332,1.649999976158142,1.660099983215332,4649.0
2024-10-25 10:01:00+00:00,DBX,26.139999389648438,26.139999389648438,26.139999389648438,26.139999389648438,26.139999389648438,527.0
2024-10-25 10:01:00+00:00,DDOG,127.5,127.5,127.5,127.37999725341797,127.38500213623047,12180.0
2024-10-25 10:01:00+00:00,DLO,8.819999694824219,8.819999694824219,8.819999694824219,8.819999694824219,8.819999694824219,112.0
2024-10-25 10:01:00+00:00,DOCU,70.70999908447266,70.70999908447266,70.73500061035156,70.69000244140625,70.7249984741211,5008.0
2024-10-25 10:01:00+00:00,DOMO,8.015000343322754,8.015000343322754,8.029999732971191,8.015000343322754,8.029999732971191,388.0
2024-10-25 10:01:00+00:00,DOX,89.83499908447266,89.83499908447266,89.83499908447266,89.83499908447266,89.83499908447266,492.0
2024-10-25 10:01:00+00:00,DTSS,2.4000000953674316,2.4000000953674316,2.4000000953674316,2.4000000953674316,2.4000000953674316,3094.0
2024-10-25 10:01:00+00:00,DTST,3.4899001121520996,3.4899001121520996,3.4899001121520996,3.427999973297119,3.427999973297119,1582.0
2024-10-25 10:01:00+00:00,EEFT,101.44499969482422,101.44499969482422,101.48999786376953,101.44499969482422,101.48999786376953,573.0
2024-10-25 10:01:00+00:00,ENPH,81.09500122070312,81.09500122070312,81.12000274658203,80.78040313720703,80.9000015258789,6949.0
2024-10-25 10:01:00+00:00,ENTG,105.70999908447266,105.70999908447266,105.70999908447266,105.55999755859375,105.55999755859375,1493.0
2024-10-25 10:01:00+00:00,ERIC,8.507499694824219,8.507499694824219,8.507499694824219,8.5,8.505000114440918,9816.0
2024-10-25 10:01:00+00:00,EXTR,14.59000015258789,14.59000015258789,14.59000015258789,14.59000015258789,14.59000015258789,365.0
2024-10-25 10:01:00+00:00,FARO,17.84000015258789,17.84000015258789,17.84000015258789,17.84000015258789,17.84000015258789,438.0
2024-10-25 10:01:00+00:00,FFIV,216.6750030517578,216.6750030517578,216.74000549316406,216.60499572753906,216.61000061035156,3003.0
2024-10-25 10:01:00+00:00,FIVN,30.639999389648438,30.639999389648438,30.639999389648438,30.639999389648438,30.639999389648438,208.0
2024-10-25 10:01:00+00:00,FLEX,35.41579818725586,35.41579818725586,35.41999816894531,35.36000061035156,35.380001068115234,3597.0
2024-10-25 10:01:00+00:00,FLYW,17.739999771118164,17.739999771118164,17.739999771118164,17.739999771118164,17.739999771118164,113.0
2024-10-25 10:01:00+00:00,FORM,45.38999938964844,45.38999938964844,45.45000076293945,45.380001068115234,45.45000076293945,4930.0
2024-10-25 10:01:00+00:00,FROG,29.610000610351562,29.610000610351562,29.6299991607666,29.579999923706055,29.59000015258789,4247.0
2024-10-25 10:01:00+00:00,FRSH,11.755000114440918,11.755000114440918,11.755000114440918,11.720000267028809,11.725000381469727,7344.0
2024-10-25 10:01:00+00:00,FSLR,197.50999450683594,197.50999450683594,197.7100067138672,197.1300048828125,197.39999389648438,12565.0
2024-10-25 10:01:00+00:00,FTCI,0.7127000093460083,0.7127000093460083,0.7200000286102295,0.7127000093460083,0.7200000286102295,18962.0
2024-10-25 10:01:00+00:00,FTNT,81.69000244140625,81.69000244140625,81.69000244140625,81.6449966430664,81.68000030517578,9572.0
2024-10-25 10:01:00+00:00,GCT,25.691099166870117,25.691099166870117,25.69860076904297,25.43829917907715,25.440000534057617,8093.0
2024-10-25 10:01:00+00:00,GDS,21.84000015258789,21.84000015258789,21.84000015258789,21.825000762939453,21.834999084472656,1518.0
2024-10-25 10:01:00+00:00,GFS,41.060001373291016,41.060001373291016,41.060001373291016,40.900001525878906,40.939998626708984,14336.0
2024-10-25 10:01:00+00:00,GPRO,1.3207000494003296,1.3207000494003296,1.3300000429153442,1.3207000494003296,1.3300000429153442,1560.0
2024-10-25 10:01:00+00:00,GRAB,4.065000057220459,4.065000057220459,4.065999984741211,4.059999942779541,4.059999942779541,11880.0
2024-10-25 10:01:00+00:00,GRRR,4.7718000411987305,4.7718000411987305,4.775000095367432,4.75,4.763199806213379,2409.0
2024-10-25 10:01:00+00:00,GRRRW,0.06379999965429306,0.06379999965429306,0.06379999965429306,0.06379999965429306,0.06379999965429306,200.0
2024-10-25 10:01:00+00:00,GSIT,3.25,3.25,3.25,3.25,3.25,207.0
2024-10-25 10:01:00+00:00,GTLB,56.619998931884766,56.619998931884766,56.619998931884766,56.599998474121094,56.599998474121094,3541.0
2024-10-25 10:01:00+00:00,HCP,33.665000915527344,33.665000915527344,33.665000915527344,33.665000915527344,33.665000915527344,27857.0
2024-10-25 10:01:00+00:00,HIMX,6.179999828338623,6.179999828338623,6.179999828338623,6.179999828338623,6.179999828338623,571.0
2024-10-25 10:01:00+00:00,HLIT,14.84000015258789,14.84000015258789,14.845000267028809,14.84000015258789,14.845000267028809,2335.0
2024-10-25 10:01:00+00:00,HOLO,3.874000072479248,3.874000072479248,3.9000000953674316,3.8701000213623047,3.9000000953674316,4257.0
2024-10-25 10:01:00+00:00,HOOD,27.375,27.375,27.405000686645508,27.350000381469727,27.405000686645508,14396.0
2024-10-25 10:01:00+00:00,HTCR,1.1100000143051147,1.1100000143051147,1.1100000143051147,1.1100000143051147,1.1100000143051147,1000.0
2024-10-25 10:01:00+00:00,IDN,2.413300037384033,2.413300037384033,2.413300037384033,2.413300037384033,2.413300037384033,0.0
2024-10-25 10:01:00+00:00,IMMR,8.715900421142578,8.715900421142578,8.717599868774414,8.715900421142578,8.717599868774414,4559.0
2024-10-25 10:01:00+00:00,IMTE,1.5800000429153442,1.5800000429153442,1.5806000232696533,1.5800000429153442,1.5806000232696533,976.0
2024-10-25 10:01:00+00:00,INDI,3.5208001136779785,3.5208001136779785,3.5239999294281006,3.5199999809265137,3.5199999809265137,2121.0
2024-10-25 10:01:00+00:00,INFN,6.795000076293945,6.795000076293945,6.802000045776367,6.795000076293945,6.802000045776367,11828.0
2024-10-25 10:01:00+00:00,INOD,19.979999542236328,19.979999542236328,20.0,19.979999542236328,20.0,577.0
2024-10-25 10:01:00+00:00,INTA,50.244998931884766,50.244998931884766,50.244998931884766,50.15999984741211,50.15999984741211,864.0
2024-10-25 10:01:00+00:00,INTC,23.064199447631836,23.064199447631836,23.09000015258789,23.030000686645508,23.03499984741211,297527.0
2024-10-25 10:01:00+00:00,INTU,617.1699829101562,617.1699829101562,617.219970703125,616.7000122070312,616.75,2666.0
2024-10-25 10:01:00+00:00,ITRI,103.25749969482422,103.25749969482422,103.30999755859375,103.25749969482422,103.29000091552734,1138.0
2024-10-25 10:01:00+00:00,KARO,39.74639892578125,39.74639892578125,39.74639892578125,39.74639892578125,39.74639892578125,1923.0
2024-10-25 10:01:00+00:00,KC,2.694999933242798,2.694999933242798,2.694999933242798,2.690000057220459,2.690000057220459,3328.0
2024-10-25 10:01:00+00:00,KLAC,678.7150268554688,678.7150268554688,678.7150268554688,677.0449829101562,677.5,6591.0
2024-10-25 10:01:00+00:00,KOPN,0.7631000280380249,0.7631000280380249,0.7631000280380249,0.7631000280380249,0.7631000280380249,11966.0
2024-10-25 10:01:00+00:00,LITE,64.70500183105469,64.70500183105469,64.70500183105469,64.70500183105469,64.70500183105469,375.0
2024-10-25 10:01:00+00:00,LOGI,80.87999725341797,80.87999725341797,80.87999725341797,80.87999725341797,80.87999725341797,408.0
2024-10-25 10:01:00+00:00,LRCX,78.40799713134766,78.40799713134766,78.48999786376953,78.33999633789062,78.3499984741211,50593.0
2024-10-25 10:01:00+00:00,LSCC,54.959999084472656,54.959999084472656,54.959999084472656,54.90999984741211,54.92499923706055,3118.0
2024-10-25 10:01:00+00:00,LTCH,0.44999998807907104,0.44999998807907104,0.44999998807907104,0.44999998807907104,0.44999998807907104,39458.0
2024-10-25 10:01:00+00:00,LYFT,13.720000267028809,13.720000267028809,13.75,13.720000267028809,13.75,29021.0
2024-10-25 10:01:00+00:00,MANH,278.1199951171875,278.1199951171875,278.1199951171875,277.7300109863281,277.7300109863281,1258.0
2024-10-25 10:01:00+00:00,MAXN,5.610000133514404,5.610000133514404,5.614999771118164,5.590400218963623,5.590400218963623,1366.0
2024-10-25 10:01:00+00:00,MCHP,77.38999938964844,77.38999938964844,77.44000244140625,77.33999633789062,77.33999633789062,7808.0
2024-10-25 10:01:00+00:00,MDB,270.2349853515625,270.2349853515625,270.2349853515625,270.0,270.0,1430.0
2024-10-25 10:01:00+00:00,MKSI,101.56999969482422,101.56999969482422,101.6500015258789,101.5,101.5,1171.0
2024-10-25 10:01:00+00:00,MNDY,301.82000732421875,301.82000732421875,301.82000732421875,301.0,301.0,2986.0
2024-10-25 10:01:00+00:00,MPWR,920.0800170898438,920.0800170898438,920.0800170898438,919.27001953125,919.27001953125,2263.0
2024-10-25 10:01:00+00:00,MRVL,82.93000030517578,82.93000030517578,83.0,82.86499786376953,82.91000366210938,39164.0
2024-10-25 10:01:00+00:00,MSFT,432.0,432.0,432.0,431.3349914550781,431.3399963378906,71117.0
2024-10-25 10:01:00+00:00,MSTR,239.30499267578125,239.30499267578125,240.66990661621094,238.50999450683594,240.44500732421875,143809.0
2024-10-25 10:01:00+00:00,MTC,0.36640000343322754,0.36640000343322754,0.36640000343322754,0.36640000343322754,0.36640000343322754,11479.0
2024-10-25 10:01:00+00:00,MTLS,6.030399799346924,6.030399799346924,6.030399799346924,6.030399799346924,6.030399799346924,0.0
2024-10-25 10:01:00+00:00,MU,109.41000366210938,109.41000366210938,109.48500061035156,109.20500183105469,109.23999786376953,81657.0
2024-10-25 10:01:00+00:00,MVIS,1.1050000190734863,1.1050000190734863,1.1050000190734863,1.1050000190734863,1.1050000190734863,1059.0
2024-10-25 10:01:00+00:00,MXL,14.9399995803833,14.9399995803833,14.9399995803833,14.880000114440918,14.899999618530273,3510.0
2024-10-25 10:01:00+00:00,NCNO,38.29999923706055,38.29999923706055,38.439998626708984,38.29999923706055,38.439998626708984,4877.0
2024-10-25 10:01:00+00:00,NICE,177.02000427246094,177.02000427246094,177.02000427246094,176.9600067138672,176.9600067138672,646.0
2024-10-25 10:01:00+00:00,NSIT,212.19500732421875,212.19500732421875,212.19500732421875,212.19500732421875,212.19500732421875,306.0
2024-10-25 10:01:00+00:00,NTAP,120.42749786376953,120.42749786376953,120.45999908447266,120.36499786376953,120.38999938964844,4212.0
2024-10-25 10:01:00+00:00,NTCT,20.84000015258789,20.84000015258789,20.84000015258789,20.7549991607666,20.815000534057617,2050.0
2024-10-25 10:01:00+00:00,NTNX,63.13999938964844,63.13999938964844,63.150001525878906,63.122501373291016,63.150001525878906,1122.0
2024-10-25 10:01:00+00:00,NVDA,142.96499633789062,142.96499633789062,143.0800018310547,142.6999053955078,142.6999053955078,929882.0
2024-10-25 10:01:00+00:00,NVEI,33.529998779296875,33.529998779296875,33.529998779296875,33.529998779296875,33.529998779296875,301.0
2024-10-25 10:01:00+00:00,NVTS,2.5797998905181885,2.5797998905181885,2.5797998905181885,2.569999933242798,2.575000047683716,4321.0
2024-10-25 10:01:00+00:00,NXPI,245.3249969482422,245.3249969482422,245.49989318847656,245.24000549316406,245.38999938964844,4008.0
2024-10-25 10:01:00+00:00,OKTA,72.87999725341797,72.87999725341797,72.87999725341797,72.87999725341797,72.87999725341797,1348.0
2024-10-25 10:01:00+00:00,OLED,205.22000122070312,205.22000122070312,205.22000122070312,205.22000122070312,205.22000122070312,1103.0
2024-10-25 10:01:00+00:00,ON,72.59500122070312,72.59500122070312,72.5999984741211,72.42520141601562,72.45999908447266,23297.0
2024-10-25 10:01:00+00:00,OSIS,137.52000427246094,137.52000427246094,137.52000427246094,137.52000427246094,137.52000427246094,605.0
2024-10-25 10:01:00+00:00,OTEX,33.565399169921875,33.565399169921875,33.565399169921875,33.565399169921875,33.565399169921875,328.0
2024-10-25 10:01:00+00:00,PANW,372.0474853515625,372.0474853515625,372.2699890136719,371.95001220703125,371.95001220703125,4583.0
2024-10-25 10:01:00+00:00,PAYO,8.329999923706055,8.329999923706055,8.329999923706055,8.324999809265137,8.329999923706055,2151.0
2024-10-25 10:01:00+00:00,PAYS,3.7750000953674316,3.7750000953674316,3.7750000953674316,3.7750000953674316,3.7750000953674316,234.0
2024-10-25 10:01:00+00:00,PEGA,81.46990203857422,81.46990203857422,81.46990203857422,81.22200012207031,81.22200012207031,1071.0
2024-10-25 10:01:00+00:00,PEGY,4.829999923706055,4.829999923706055,4.849999904632568,4.78980016708374,4.78980016708374,6405.0
2024-10-25 10:01:00+00:00,PGY,11.930000305175781,11.930000305175781,11.944999694824219,11.920000076293945,11.944999694824219,2400.0
2024-10-25 10:01:00+00:00,PHUN,9.864999771118164,9.864999771118164,9.920000076293945,9.797900199890137,9.800000190734863,157858.0
2024-10-25 10:01:00+00:00,PI,199.0500030517578,199.0500030517578,199.75,198.64999389648438,198.64999389648438,4188.0
2024-10-25 10:01:00+00:00,POET,3.9804999828338623,3.9804999828338623,3.9804999828338623,3.9804999828338623,3.9804999828338623,905.0
2024-10-25 10:01:00+00:00,POWI,63.279998779296875,63.279998779296875,63.290000915527344,63.279998779296875,63.279998779296875,967.0
2024-10-25 10:01:00+00:00,PRCH,1.3600000143051147,1.3600000143051147,1.3601000308990479,1.3600000143051147,1.3600000143051147,2707.0
2024-10-25 10:01:00+00:00,PRGS,65.1050033569336,65.1050033569336,65.1050033569336,65.1050033569336,65.1050033569336,1410.0
2024-10-25 10:01:00+00:00,QCOM,172.80990600585938,172.80990600585938,172.85000610351562,172.41000366210938,172.4550018310547,32814.0
2024-10-25 10:01:00+00:00,QLYS,121.71829986572266,121.71829986572266,121.7249984741211,121.71829986572266,121.7249984741211,449.0
2024-10-25 10:01:00+00:00,QRVO,100.54499816894531,100.54499816894531,100.54499816894531,100.45999908447266,100.47000122070312,5796.0
2024-10-25 10:01:00+00:00,QUBT,1.1200000047683716,1.1200000047683716,1.125,1.1200000047683716,1.125,3216.0
2024-10-25 10:01:00+00:00,RDVT,28.934999465942383,28.934999465942383,28.934999465942383,28.934999465942383,28.934999465942383,224.0
2024-10-25 10:01:00+00:00,REKR,1.1024999618530273,1.1024999618530273,1.1024999618530273,1.100100040435791,1.1024999618530273,16097.0
2024-10-25 10:01:00+00:00,RGTI,1.2899999618530273,1.2899999618530273,1.2899999618530273,1.2799999713897705,1.284999966621399,67260.0
2024-10-25 10:01:00+00:00,RIOT,9.979999542236328,9.979999542236328,9.989999771118164,9.95009994506836,9.989999771118164,62040.0
2024-10-25 10:01:00+00:00,RMBS,43.09000015258789,43.09000015258789,43.09000015258789,43.06999969482422,43.06999969482422,2795.0
2024-10-25 10:01:00+00:00,RPAY,7.679999828338623,7.679999828338623,7.679999828338623,7.679999828338623,7.679999828338623,125.0
2024-10-25 10:01:00+00:00,RUM,5.579999923706055,5.579999923706055,5.585000038146973,5.579999923706055,5.583600044250488,1519.0
2024-10-25 10:01:00+00:00,RUN,14.125,14.125,14.180000305175781,14.109999656677246,14.127300262451172,54658.0
2024-10-25 10:01:00+00:00,RXT,2.559999942779541,2.559999942779541,2.559999942779541,2.5399999618530273,2.5399999618530273,4033.0
2024-10-25 10:01:00+00:00,SANM,67.9000015258789,67.9000015258789,67.9000015258789,67.79499816894531,67.80650329589844,440.0
2024-10-25 10:01:00+00:00,SATL,0.9900000095367432,0.9900000095367432,0.9900000095367432,0.9900000095367432,0.9900000095367432,720.0
2024-10-25 10:01:00+00:00,SATS,25.020000457763672,25.020000457763672,25.020000457763672,25.020000457763672,25.020000457763672,567.0
2024-10-25 10:01:00+00:00,SCWX,8.385000228881836,8.385000228881836,8.385000228881836,8.385000228881836,8.385000228881836,200.0
2024-10-25 10:01:00+00:00,SEDG,15.510000228881836,15.510000228881836,15.510000228881836,15.449999809265137,15.470000267028809,11239.0
2024-10-25 10:01:00+00:00,SHLS,5.170000076293945,5.170000076293945,5.170000076293945,5.159999847412109,5.159999847412109,3325.0
2024-10-25 10:01:00+00:00,SIMO,57.209999084472656,57.209999084472656,57.209999084472656,57.209999084472656,57.209999084472656,457.0
2024-10-25 10:01:00+00:00,SMCI,47.38399887084961,47.38399887084961,47.4900016784668,47.34000015258789,47.415000915527344,78624.0
2024-10-25 10:01:00+00:00,SMTC,45.5724983215332,45.5724983215332,45.59000015258789,45.5,45.5,930.0
2024-10-25 10:01:00+00:00,SNPS,508.1000061035156,508.1000061035156,508.1499938964844,508.0199890136719,508.0199890136719,872.0
2024-10-25 10:01:00+00:00,SONO,12.734999656677246,12.734999656677246,12.734999656677246,12.729999542236328,12.729999542236328,550.0
2024-10-25 10:01:00+00:00,SOUN,5.345600128173828,5.345600128173828,5.349999904632568,5.339000225067139,5.340000152587891,59218.0
2024-10-25 10:01:00+00:00,SPT,27.600000381469727,27.600000381469727,27.600000381469727,27.600000381469727,27.600000381469727,800.0
2024-10-25 10:01:00+00:00,SRAD,12.364999771118164,12.364999771118164,12.364999771118164,12.364999771118164,12.364999771118164,123.0
2024-10-25 10:01:00+00:00,SSNC,70.05000305175781,70.05000305175781,70.06999969482422,69.9800033569336,70.05999755859375,37854.0
2024-10-25 10:01:00+00:00,SSYS,7.110000133514404,7.110000133514404,7.110000133514404,7.110000133514404,7.110000133514404,1958.0
2024-10-25 10:01:00+00:00,STNE,11.350000381469727,11.350000381469727,11.350000381469727,11.335000038146973,11.350000381469727,53268.0
2024-10-25 10:01:00+00:00,STX,104.0,104.0,104.24530029296875,104.0,104.11000061035156,6260.0
2024-10-25 10:01:00+00:00,SWKS,96.0999984741211,96.0999984741211,96.12000274658203,96.05999755859375,96.05999755859375,8256.0
2024-10-25 10:01:00+00:00,SYNA,73.25,73.25,73.25,73.25,73.25,271.0
2024-10-25 10:01:00+00:00,SYTA,1.2000000476837158,1.2000000476837158,1.2000000476837158,1.1950000524520874,1.1950000524520874,5811.0
2024-10-25 10:01:00+00:00,TASK,12.180000305175781,12.180000305175781,12.180000305175781,12.180000305175781,12.180000305175781,820.0
2024-10-25 10:01:00+00:00,TEAM,191.93499755859375,191.93499755859375,191.93499755859375,191.89599609375,191.89599609375,1703.0
2024-10-25 10:01:00+00:00,TENB,41.43000030517578,41.43000030517578,41.43000030517578,41.41999816894531,41.41999816894531,1404.0
2024-10-25 10:01:00+00:00,TER,112.4800033569336,112.4800033569336,112.56999969482422,112.41500091552734,112.44999694824219,9602.0
2024-10-25 10:01:00+00:00,TGL,0.6868000030517578,0.6868000030517578,0.6868000030517578,0.6868000030517578,0.6868000030517578,225.0
2024-10-25 10:01:00+00:00,TRMB,60.970001220703125,60.970001220703125,60.970001220703125,60.95000076293945,60.95000076293945,382.0
2024-10-25 10:01:00+00:00,TSEM,44.95000076293945,44.95000076293945,44.97999954223633,44.94449996948242,44.94449996948242,1054.0
2024-10-25 10:01:00+00:00,TTD,121.1500015258789,121.1500015258789,121.18000030517578,120.87000274658203,121.06999969482422,15352.0
2024-10-25 10:01:00+00:00,TTMI,19.440000534057617,19.440000534057617,19.459999084472656,19.440000534057617,19.459999084472656,370.0
2024-10-25 10:01:00+00:00,TWKS,4.449999809265137,4.449999809265137,4.449999809265137,4.449999809265137,4.449999809265137,1503.0
2024-10-25 10:01:00+00:00,TXN,211.0,211.0,211.0800018310547,210.84500122070312,210.9149932861328,26677.0
2024-10-25 10:01:00+00:00,UCTT,35.98500061035156,35.98500061035156,35.98500061035156,35.98500061035156,35.98500061035156,537.0
2024-10-25 10:01:00+00:00,VECO,29.559999465942383,29.559999465942383,29.559999465942383,29.524999618530273,29.524999618530273,999.0
2024-10-25 10:01:00+00:00,VERI,3.430000066757202,3.430000066757202,3.430000066757202,3.4210000038146973,3.4210000038146973,2710.0
2024-10-25 10:01:00+00:00,VERX,42.51499938964844,42.51499938964844,42.51499938964844,42.41999816894531,42.439998626708984,2572.0
2024-10-25 10:01:00+00:00,VIAV,9.229999542236328,9.229999542236328,9.229999542236328,9.229999542236328,9.229999542236328,859.0
2024-10-25 10:01:00+00:00,VICR,46.845001220703125,46.845001220703125,46.845001220703125,46.845001220703125,46.845001220703125,326.0
2024-10-25 10:01:00+00:00,VNET,3.450000047683716,3.450000047683716,3.450000047683716,3.444999933242798,3.444999933242798,3043.0
2024-10-25 10:01:00+00:00,VRNS,57.244998931884766,57.244998931884766,57.279998779296875,57.209999084472656,57.25,1775.0
2024-10-25 10:01:00+00:00,VRSN,189.4600067138672,189.4600067138672,189.7899932861328,189.4600067138672,189.75,2344.0
2024-10-25 10:01:00+00:00,VS,2.680000066757202,2.680000066757202,2.680000066757202,2.634999990463257,2.634999990463257,275.0
2024-10-25 10:01:00+00:00,VUZI,1.3300000429153442,1.3300000429153442,1.3300000429153442,1.3220000267028809,1.3220000267028809,825.0
2024-10-25 10:01:00+00:00,WATT,0.6050000190734863,0.6050000190734863,0.6050000190734863,0.6050000190734863,0.6050000190734863,0.0
2024-10-25 10:01:00+00:00,WDAY,241.86000061035156,241.86000061035156,242.22000122070312,241.86000061035156,242.22000122070312,6426.0
2024-10-25 10:01:00+00:00,WDC,71.91500091552734,71.91500091552734,72.02420043945312,71.78620147705078,71.81999969482422,58181.0
2024-10-25 10:01:00+00:00,WISA,1.7900999784469604,1.7900999784469604,1.7900999784469604,1.7900999784469604,1.7900999784469604,300.0
2024-10-25 10:01:00+00:00,WIX,165.76600646972656,165.76600646972656,167.41000366210938,165.76600646972656,167.41000366210938,1554.0
2024-10-25 10:01:00+00:00,WRAP,1.9388999938964844,1.9388999938964844,1.9388999938964844,1.9299999475479126,1.9299999475479126,639.0
2024-10-25 10:01:00+00:00,XPER,9.390000343322754,9.390000343322754,9.390000343322754,9.390000343322754,9.390000343322754,377.0
2024-10-25 10:01:00+00:00,XRX,10.125,10.125,10.125,10.114999771118164,10.125,1778.0
2024-10-25 10:01:00+00:00,ZI,10.529999732971191,10.529999732971191,10.529999732971191,10.529999732971191,10.529999732971191,4446.0
2024-10-25 10:01:00+00:00,ZM,73.66000366210938,73.66000366210938,73.75,73.66000366210938,73.7300033569336,3174.0
2024-10-25 10:01:00+00:00,ZS,188.50999450683594,188.50999450683594,188.5500030517578,188.38999938964844,188.5,3834.0
2024-10-25 10:02:00+00:00,AAOI,17.690000534057617,17.690000534057617,17.690000534057617,17.559999465942383,17.640300750732422,22503.0
2024-10-25 10:02:00+00:00,AAPL,232.3300018310547,232.3300018310547,232.42990112304688,232.20559692382812,232.24000549316406,90327.0
2024-10-25 10:02:00+00:00,ACIW,49.29999923706055,49.29999923706055,49.29999923706055,49.29999923706055,49.29999923706055,688.0
2024-10-25 10:02:00+00:00,ACLS,91.73999786376953,91.73999786376953,91.73999786376953,91.40499877929688,91.40499877929688,11600.0
2024-10-25 10:02:00+00:00,ACMR,19.791000366210938,19.791000366210938,19.791000366210938,19.700000762939453,19.729999542236328,5108.0
2024-10-25 10:02:00+00:00,ADBE,486.5299987792969,486.5299987792969,487.2099914550781,486.5299987792969,487.2099914550781,7334.0
2024-10-25 10:02:00+00:00,ADI,235.00999450683594,235.00999450683594,235.0399932861328,234.75999450683594,234.77999877929688,9946.0
2024-10-25 10:02:00+00:00,ADSK,288.3399963378906,288.3399963378906,288.3399963378906,288.07000732421875,288.07000732421875,4249.0
2024-10-25 10:02:00+00:00,ADTN,6.349999904632568,6.349999904632568,6.349999904632568,6.349999904632568,6.349999904632568,255.0
2024-10-25 10:02:00+00:00,AEHR,16.68000030517578,16.68000030517578,16.697999954223633,16.649999618530273,16.65999984741211,13484.0
2024-10-25 10:02:00+00:00,AFRM,41.959999084472656,41.959999084472656,41.959999084472656,41.84000015258789,41.93000030517578,10914.0
2024-10-25 10:02:00+00:00,AKAM,103.54000091552734,103.54000091552734,103.54000091552734,103.54000091552734,103.54000091552734,888.0
2024-10-25 10:02:00+00:00,AKTS,0.05790000036358833,0.05790000036358833,0.05790000036358833,0.05790000036358833,0.05790000036358833,16500.0
2024-10-25 10:02:00+00:00,ALGM,22.6200008392334,22.6200008392334,22.6200008392334,22.549999237060547,22.559999465942383,4410.0
2024-10-25 10:02:00+00:00,ALKT,38.369998931884766,38.369998931884766,38.369998931884766,38.36000061035156,38.36000061035156,396.0
2024-10-25 10:02:00+00:00,ALTR,105.80000305175781,105.80000305175781,105.80000305175781,105.70500183105469,105.70500183105469,339.0
2024-10-25 10:02:00+00:00,AMAT,189.09500122070312,189.09500122070312,189.14500427246094,188.9199981689453,188.9199981689453,12198.0
2024-10-25 10:02:00+00:00,AMD,158.53500366210938,158.53500366210938,158.55999755859375,158.23550415039062,158.27000427246094,192741.0
2024-10-25 10:02:00+00:00,AMKR,30.0,30.0,30.030000686645508,29.985000610351562,29.985000610351562,2659.0
2024-10-25 10:02:00+00:00,ANSS,328.45001220703125,328.45001220703125,328.45001220703125,328.44000244140625,328.44000244140625,1244.0
2024-10-25 10:02:00+00:00,ANY,1.076300024986267,1.076300024986267,1.0800000429153442,1.0750000476837158,1.0800000429153442,12062.0
2024-10-25 10:02:00+00:00,API,2.684999942779541,2.684999942779541,2.684999942779541,2.684999942779541,2.684999942779541,1103.0
2024-10-25 10:02:00+00:00,APP,162.5050048828125,162.5050048828125,162.5447998046875,162.4550018310547,162.5,6577.0
2024-10-25 10:02:00+00:00,APPF,228.50999450683594,228.50999450683594,230.50999450683594,228.4499969482422,230.50999450683594,1266.0
2024-10-25 10:02:00+00:00,APPN,32.52000045776367,32.52000045776367,32.52000045776367,32.470001220703125,32.470001220703125,465.0
2024-10-25 10:02:00+00:00,ARBE,1.9242000579833984,1.9242000579833984,1.9242000579833984,1.9242000579833984,1.9242000579833984,780.0
2024-10-25 10:02:00+00:00,ARQQ,7.929999828338623,7.929999828338623,7.929999828338623,7.929999828338623,7.929999828338623,170.0
2024-10-25 10:02:00+00:00,ARRY,6.320000171661377,6.320000171661377,6.335000038146973,6.315000057220459,6.335000038146973,8341.0
2024-10-25 10:02:00+00:00,ASML,721.1799926757812,721.1799926757812,721.5999755859375,720.880126953125,721.5999755859375,8672.0
2024-10-25 10:02:00+00:00,AUR,6.399400234222412,6.399400234222412,6.414999961853027,6.389999866485596,6.389999866485596,11935.0
2024-10-25 10:02:00+00:00,AVDX,8.255000114440918,8.255000114440918,8.255000114440918,8.225000381469727,8.225000381469727,5907.0
2024-10-25 10:02:00+00:00,AVGO,175.80999755859375,175.80999755859375,175.88999938964844,175.3300018310547,175.3800048828125,78491.0
2024-10-25 10:02:00+00:00,AVPT,12.149999618530273,12.149999618530273,12.149999618530273,12.149999618530273,12.149999618530273,316.0
2024-10-25 10:02:00+00:00,AXTI,2.6698999404907227,2.6698999404907227,2.6698999404907227,2.6698999404907227,2.6698999404907227,0.0
2024-10-25 10:02:00+00:00,BMBL,7.21999979019165,7.21999979019165,7.21999979019165,7.21999979019165,7.21999979019165,519.0
2024-10-25 10:02:00+00:00,BRZE,31.135000228881836,31.135000228881836,31.135000228881836,31.135000228881836,31.135000228881836,403.0
2024-10-25 10:02:00+00:00,CAN,0.9961000084877014,0.9961000084877014,0.9961000084877014,0.9961000084877014,0.9961000084877014,3311.0
2024-10-25 10:02:00+00:00,CCSI,20.459999084472656,20.459999084472656,20.520000457763672,20.459999084472656,20.520000457763672,372.0
2024-10-25 10:02:00+00:00,CDNS,258.4599914550781,258.4599914550781,258.9100036621094,258.3800048828125,258.7300109863281,9628.0
2024-10-25 10:02:00+00:00,CDW,219.86500549316406,219.86500549316406,219.86500549316406,219.77000427246094,219.77000427246094,671.0
2024-10-25 10:02:00+00:00,CETX,0.29919999837875366,0.29919999837875366,0.29919999837875366,0.2980000078678131,0.2985999882221222,3431.0
2024-10-25 10:02:00+00:00,CEVA,24.299999237060547,24.299999237060547,24.299999237060547,24.299999237060547,24.299999237060547,308.0
2024-10-25 10:02:00+00:00,CFLT,22.478500366210938,22.478500366210938,22.5,22.469999313354492,22.47249984741211,3236.0
2024-10-25 10:02:00+00:00,CGNT,6.630000114440918,6.630000114440918,6.630000114440918,6.630000114440918,6.630000114440918,210.0
2024-10-25 10:02:00+00:00,CGNX,39.28499984741211,39.28499984741211,39.28499984741211,39.20000076293945,39.224998474121094,9382.0
2024-10-25 10:02:00+00:00,CHKP,207.58749389648438,207.58749389648438,207.59249877929688,207.58749389648438,207.59249877929688,1232.0
2024-10-25 10:02:00+00:00,CLBT,18.139999389648438,18.139999389648438,18.139999389648438,18.135000228881836,18.135000228881836,483.0
2024-10-25 10:02:00+00:00,CLSK,11.941100120544434,11.941100120544434,11.947999954223633,11.821999549865723,11.824999809265137,155641.0
2024-10-25 10:02:00+00:00,CNDT,3.690000057220459,3.690000057220459,3.700000047683716,3.690000057220459,3.700000047683716,1537.0
2024-10-25 10:02:00+00:00,CNXC,44.900001525878906,44.900001525878906,44.900001525878906,44.900001525878906,44.900001525878906,305.0
2024-10-25 10:02:00+00:00,COHR,97.02999877929688,97.02999877929688,97.08999633789062,96.98500061035156,97.01000213623047,2540.0
2024-10-25 10:02:00+00:00,COHU,26.1200008392334,26.1200008392334,26.1200008392334,26.1200008392334,26.1200008392334,449.0
2024-10-25 10:02:00+00:00,COIN,211.85400390625,211.85400390625,212.0,210.8300018310547,210.8350067138672,78836.0
2024-10-25 10:02:00+00:00,COMM,6.420000076293945,6.420000076293945,6.445000171661377,6.409999847412109,6.429999828338623,4032.0
2024-10-25 10:02:00+00:00,CORZ,13.704999923706055,13.704999923706055,13.710000038146973,13.649999618530273,13.649999618530273,8995.0
2024-10-25 10:02:00+00:00,CRDO,39.82500076293945,39.82500076293945,39.84000015258789,39.7599983215332,39.77000045776367,6743.0
2024-10-25 10:02:00+00:00,CRNC,2.8350000381469727,2.8350000381469727,2.8399999141693115,2.8350000381469727,2.8399999141693115,2111.0
2024-10-25 10:02:00+00:00,CRWD,310.54998779296875,310.54998779296875,311.2998962402344,310.54998779296875,311.0,8386.0
2024-10-25 10:02:00+00:00,CSCO,56.595001220703125,56.595001220703125,56.625301361083984,56.564998626708984,56.59000015258789,71928.0
2024-10-25 10:02:00+00:00,CSGS,48.279998779296875,48.279998779296875,48.279998779296875,48.279998779296875,48.279998779296875,118.0
2024-10-25 10:02:00+00:00,CSIQ,13.359999656677246,13.359999656677246,13.359999656677246,13.317999839782715,13.354000091552734,17232.0
2024-10-25 10:02:00+00:00,CTSH,75.25,75.25,75.31999969482422,75.25,75.25,3549.0
2024-10-25 10:02:00+00:00,CYBR,299.69000244140625,299.69000244140625,299.69000244140625,299.69000244140625,299.69000244140625,188.0
2024-10-25 10:02:00+00:00,CYN,3.515000104904175,3.515000104904175,3.634999990463257,3.515000104904175,3.5201001167297363,1430.0
2024-10-25 10:02:00+00:00,DAKT,13.149999618530273,13.149999618530273,13.149999618530273,13.149999618530273,13.149999618530273,339.0
2024-10-25 10:02:00+00:00,DATS,1.6509000062942505,1.6509000062942505,1.6509000062942505,1.6509000062942505,1.6509000062942505,1040.0
2024-10-25 10:02:00+00:00,DAVE,40.29999923706055,40.29999923706055,40.3484992980957,40.29999923706055,40.3484992980957,1800.0
2024-10-25 10:02:00+00:00,DBX,26.1200008392334,26.1200008392334,26.139999389648438,26.1200008392334,26.139999389648438,8716.0
2024-10-25 10:02:00+00:00,DDOG,127.4000015258789,127.4000015258789,127.58000183105469,127.36499786376953,127.52249908447266,7794.0
2024-10-25 10:02:00+00:00,DLO,8.8149995803833,8.8149995803833,8.819999694824219,8.8149995803833,8.819999694824219,633.0
2024-10-25 10:02:00+00:00,DOCU,70.70500183105469,70.70500183105469,70.72000122070312,70.69000244140625,70.71499633789062,2479.0
2024-10-25 10:02:00+00:00,DOMO,8.015000343322754,8.015000343322754,8.015000343322754,8.015000343322754,8.015000343322754,1555.0
2024-10-25 10:02:00+00:00,DTSS,2.4000000953674316,2.4000000953674316,2.400099992752075,2.4000000953674316,2.400099992752075,3630.0
2024-10-25 10:02:00+00:00,DUOL,285.44000244140625,285.44000244140625,285.44000244140625,285.44000244140625,285.44000244140625,778.0
2024-10-25 10:02:00+00:00,EEFT,101.27999877929688,101.27999877929688,101.29000091552734,101.27999877929688,101.29000091552734,826.0
2024-10-25 10:02:00+00:00,ENPH,81.3499984741211,81.3499984741211,81.3499984741211,81.02999877929688,81.06999969482422,22287.0
2024-10-25 10:02:00+00:00,ENTG,105.72000122070312,105.72000122070312,105.72000122070312,105.56999969482422,105.61000061035156,2796.0
2024-10-25 10:02:00+00:00,ERIC,8.505000114440918,8.505000114440918,8.505000114440918,8.505000114440918,8.505000114440918,3188.0
2024-10-25 10:02:00+00:00,EXTR,14.600000381469727,14.600000381469727,14.600000381469727,14.600000381469727,14.600000381469727,395.0
2024-10-25 10:02:00+00:00,FFIV,216.57000732421875,216.57000732421875,216.97000122070312,216.47999572753906,216.97000122070312,5903.0
2024-10-25 10:02:00+00:00,FIVN,30.65999984741211,30.65999984741211,30.709999084472656,30.6299991607666,30.655000686645508,8633.0
2024-10-25 10:02:00+00:00,FLEX,35.45000076293945,35.45000076293945,35.45000076293945,35.43000030517578,35.43000030517578,2866.0
2024-10-25 10:02:00+00:00,FLYW,17.760000228881836,17.760000228881836,17.770000457763672,17.760000228881836,17.770000457763672,367.0
2024-10-25 10:02:00+00:00,FORM,45.400001525878906,45.400001525878906,45.43000030517578,45.400001525878906,45.43000030517578,1762.0
2024-10-25 10:02:00+00:00,FRSH,11.765000343322754,11.765000343322754,11.770000457763672,11.75,11.755000114440918,5997.0
2024-10-25 10:02:00+00:00,FSLR,197.75,197.75,197.75,197.39500427246094,197.39500427246094,4506.0
2024-10-25 10:02:00+00:00,FTCI,0.7218999862670898,0.7218999862670898,0.7218999862670898,0.7134000062942505,0.7134000062942505,7526.0
2024-10-25 10:02:00+00:00,FTNT,81.6948013305664,81.6948013305664,81.7249984741211,81.68000030517578,81.69999694824219,4889.0
2024-10-25 10:02:00+00:00,GCT,25.68000030517578,25.68000030517578,25.739999771118164,25.63010025024414,25.63010025024414,4495.0
2024-10-25 10:02:00+00:00,GDS,21.834999084472656,21.834999084472656,21.8799991607666,21.834999084472656,21.84000015258789,1475.0
2024-10-25 10:02:00+00:00,GFS,40.970001220703125,40.970001220703125,41.04999923706055,40.939998626708984,41.029998779296875,7778.0
2024-10-25 10:02:00+00:00,GPRO,1.3300000429153442,1.3300000429153442,1.3300000429153442,1.3300000429153442,1.3300000429153442,360.0
2024-10-25 10:02:00+00:00,GRAB,4.065000057220459,4.065000057220459,4.068999767303467,4.059999942779541,4.065000057220459,9437.0
2024-10-25 10:02:00+00:00,GRRR,4.784999847412109,4.784999847412109,4.784999847412109,4.784999847412109,4.784999847412109,107.0
2024-10-25 10:02:00+00:00,GSIT,3.2300000190734863,3.2300000190734863,3.2300000190734863,3.2300000190734863,3.2300000190734863,813.0
2024-10-25 10:02:00+00:00,GTLB,56.63999938964844,56.63999938964844,56.66999816894531,56.63999938964844,56.65999984741211,1972.0
2024-10-25 10:02:00+00:00,HCP,33.665000915527344,33.665000915527344,33.665000915527344,33.665000915527344,33.665000915527344,3537.0
2024-10-25 10:02:00+00:00,HIMX,6.184999942779541,6.184999942779541,6.184999942779541,6.179999828338623,6.179999828338623,1378.0
2024-10-25 10:02:00+00:00,HLIT,14.845000267028809,14.845000267028809,14.850000381469727,14.845000267028809,14.850000381469727,431.0
2024-10-25 10:02:00+00:00,HOLO,3.9119999408721924,3.9119999408721924,3.9298999309539795,3.874500036239624,3.874500036239624,7291.0
2024-10-25 10:02:00+00:00,HOOD,27.405000686645508,27.405000686645508,27.405000686645508,27.360000610351562,27.360000610351562,10061.0
2024-10-25 10:02:00+00:00,HTCR,1.1100000143051147,1.1100000143051147,1.1100000143051147,1.1100000143051147,1.1100000143051147,500.0
2024-10-25 10:02:00+00:00,IDAI,0.2289000004529953,0.2289000004529953,0.2289000004529953,0.22849999368190765,0.22849999368190765,8590.0
2024-10-25 10:02:00+00:00,IMMR,8.718000411987305,8.718000411987305,8.720000267028809,8.71500015258789,8.720000267028809,8024.0
2024-10-25 10:02:00+00:00,IMTE,1.6399999856948853,1.6399999856948853,1.6399999856948853,1.6399999856948853,1.6399999856948853,1259.0
2024-10-25 10:02:00+00:00,INDI,3.5250000953674316,3.5250000953674316,3.5250000953674316,3.5250000953674316,3.5250000953674316,992.0
2024-10-25 10:02:00+00:00,INOD,19.96500015258789,19.96500015258789,19.96500015258789,19.96500015258789,19.96500015258789,857.0
2024-10-25 10:02:00+00:00,INTA,50.255001068115234,50.255001068115234,50.255001068115234,50.255001068115234,50.255001068115234,188.0
2024-10-25 10:02:00+00:00,INTC,23.075000762939453,23.075000762939453,23.079999923706055,23.050100326538086,23.065000534057617,136703.0
2024-10-25 10:02:00+00:00,INTU,616.7899780273438,616.7899780273438,617.2100219726562,616.7899780273438,617.2100219726562,6263.0
2024-10-25 10:02:00+00:00,ITI,7.195000171661377,7.195000171661377,7.195000171661377,7.190000057220459,7.190000057220459,6437.0
2024-10-25 10:02:00+00:00,ITRI,103.5,103.5,103.55000305175781,103.37999725341797,103.44999694824219,6106.0
2024-10-25 10:02:00+00:00,ITRN,27.09000015258789,27.09000015258789,27.09000015258789,27.075000762939453,27.075000762939453,234.0
2024-10-25 10:02:00+00:00,JAMF,16.90999984741211,16.90999984741211,16.90999984741211,16.90999984741211,16.90999984741211,848.0
2024-10-25 10:02:00+00:00,KC,2.690000057220459,2.690000057220459,2.700000047683716,2.690000057220459,2.694999933242798,7064.0
2024-10-25 10:02:00+00:00,KLAC,679.6099853515625,679.6099853515625,680.8961791992188,677.9053955078125,678.64501953125,4301.0
2024-10-25 10:02:00+00:00,KLIC,44.57500076293945,44.57500076293945,44.57500076293945,44.57500076293945,44.57500076293945,312.0
2024-10-25 10:02:00+00:00,KLTR,1.3200000524520874,1.3200000524520874,1.3200000524520874,1.3200000524520874,1.3200000524520874,396.0
2024-10-25 10:02:00+00:00,KOSS,7.329999923706055,7.329999923706055,7.329999923706055,7.329999923706055,7.329999923706055,106.0
2024-10-25 10:02:00+00:00,LITE,64.70500183105469,64.70500183105469,64.70500183105469,64.6500015258789,64.6500015258789,1445.0
2024-10-25 10:02:00+00:00,LOGI,81.00499725341797,81.00499725341797,81.00499725341797,80.95999908447266,80.95999908447266,772.0
2024-10-25 10:02:00+00:00,LPSN,1.2100000381469727,1.2100000381469727,1.2100000381469727,1.2100000381469727,1.2100000381469727,878.0
2024-10-25 10:02:00+00:00,LRCX,78.57499694824219,78.57499694824219,78.62999725341797,78.41000366210938,78.41999816894531,62376.0
2024-10-25 10:02:00+00:00,LSCC,55.11000061035156,55.11000061035156,55.11000061035156,54.939998626708984,54.939998626708984,1987.0
2024-10-25 10:02:00+00:00,LUNA,1.7599999904632568,1.7599999904632568,1.774999976158142,1.7599999904632568,1.7699999809265137,6495.0
2024-10-25 10:02:00+00:00,LYFT,13.734999656677246,13.734999656677246,13.734999656677246,13.71500015258789,13.71500015258789,364800.0
2024-10-25 10:02:00+00:00,LYT,2.063499927520752,2.063499927520752,2.063499927520752,2.063499927520752,2.063499927520752,642.0
2024-10-25 10:02:00+00:00,LYTS,16.31999969482422,16.31999969482422,16.31999969482422,16.31999969482422,16.31999969482422,200.0
2024-10-25 10:02:00+00:00,MANH,278.5199890136719,278.5199890136719,278.5199890136719,278.5199890136719,278.5199890136719,134.0
2024-10-25 10:02:00+00:00,MAXN,5.619800090789795,5.619800090789795,5.650000095367432,5.590000152587891,5.650000095367432,1672.0
2024-10-25 10:02:00+00:00,MCHP,77.4800033569336,77.4800033569336,77.4800033569336,77.43000030517578,77.43000030517578,4710.0
2024-10-25 10:02:00+00:00,MDB,270.2349853515625,270.2349853515625,270.2650146484375,270.2349853515625,270.2349853515625,1126.0
2024-10-25 10:02:00+00:00,MKSI,101.69000244140625,101.69000244140625,101.72000122070312,101.56999969482422,101.5999984741211,1402.0
2024-10-25 10:02:00+00:00,MKTW,0.6179999709129333,0.6179999709129333,0.6179999709129333,0.6179999709129333,0.6179999709129333,0.0
2024-10-25 10:02:00+00:00,MNDY,301.95001220703125,301.95001220703125,301.95001220703125,301.82000732421875,301.82000732421875,780.0
2024-10-25 10:02:00+00:00,MQ,5.320000171661377,5.320000171661377,5.320000171661377,5.304999828338623,5.309999942779541,4541.0
2024-10-25 10:02:00+00:00,MRVL,82.9800033569336,82.9800033569336,82.98799896240234,82.93000030517578,82.94999694824219,17697.0
2024-10-25 10:02:00+00:00,MSFT,431.97198486328125,431.97198486328125,432.19989013671875,431.8800048828125,431.94000244140625,62054.0
2024-10-25 10:02:00+00:00,MSTR,241.16000366210938,241.16000366210938,241.16000366210938,239.23500061035156,239.23500061035156,82090.0
2024-10-25 10:02:00+00:00,MTC,0.36579999327659607,0.36579999327659607,0.36640000343322754,0.36579999327659607,0.36640000343322754,3263.0
2024-10-25 10:02:00+00:00,MTLS,6.03000020980835,6.03000020980835,6.03000020980835,6.019999980926514,6.019999980926514,577.0
2024-10-25 10:02:00+00:00,MTSI,118.73999786376953,118.73999786376953,118.73999786376953,118.73999786376953,118.73999786376953,408.0
2024-10-25 10:02:00+00:00,MTTR,4.679999828338623,4.679999828338623,4.690000057220459,4.679999828338623,4.679999828338623,4520.0
2024-10-25 10:02:00+00:00,MU,109.52999877929688,109.52999877929688,109.52999877929688,109.34010314941406,109.41999816894531,56181.0
2024-10-25 10:02:00+00:00,MVIS,1.1050000190734863,1.1050000190734863,1.1050000190734863,1.1050000190734863,1.1050000190734863,741.0
2024-10-25 10:02:00+00:00,MXL,15.0,15.0,15.0,14.9399995803833,14.9399995803833,5242.0
2024-10-25 10:02:00+00:00,NCNO,38.290000915527344,38.290000915527344,38.32500076293945,38.290000915527344,38.32500076293945,376.0
2024-10-25 10:02:00+00:00,NEON,8.029999732971191,8.029999732971191,8.100000381469727,8.029999732971191,8.100000381469727,597.0
2024-10-25 10:02:00+00:00,NNDM,2.331399917602539,2.331399917602539,2.331399917602539,2.331399917602539,2.331399917602539,1018.0
2024-10-25 10:02:00+00:00,NSIT,212.0594024658203,212.0594024658203,212.0594024658203,212.0,212.0,531.0
2024-10-25 10:02:00+00:00,NTCT,20.790000915527344,20.790000915527344,20.799999237060547,20.770000457763672,20.799999237060547,3304.0
2024-10-25 10:02:00+00:00,NTNX,63.150001525878906,63.150001525878906,63.150001525878906,63.150001525878906,63.150001525878906,788.0
2024-10-25 10:02:00+00:00,NVDA,143.09500122070312,143.09500122070312,143.1300048828125,142.90939331054688,142.97999572753906,795650.0
2024-10-25 10:02:00+00:00,NVTS,2.5799999237060547,2.5799999237060547,2.5799999237060547,2.569999933242798,2.575000047683716,6103.0
2024-10-25 10:02:00+00:00,NXPI,245.50999450683594,245.50999450683594,245.50999450683594,245.23219299316406,245.27000427246094,5203.0
2024-10-25 10:02:00+00:00,OKTA,72.92500305175781,72.92500305175781,72.9833984375,72.8499984741211,72.8499984741211,1669.0
2024-10-25 10:02:00+00:00,ON,72.75,72.75,72.76000213623047,72.61000061035156,72.61499786376953,28109.0
2024-10-25 10:02:00+00:00,OSPN,14.725000381469727,14.725000381469727,14.725000381469727,14.725000381469727,14.725000381469727,216.0
2024-10-25 10:02:00+00:00,OTEX,33.58000183105469,33.58000183105469,33.59000015258789,33.56010055541992,33.564998626708984,3662.0
2024-10-25 10:02:00+00:00,PANW,371.110107421875,371.110107421875,372.11761474609375,371.110107421875,372.11761474609375,4925.0
2024-10-25 10:02:00+00:00,PAYO,8.329999923706055,8.329999923706055,8.329999923706055,8.324999809265137,8.324999809265137,1520.0
2024-10-25 10:02:00+00:00,PDFS,29.4950008392334,29.4950008392334,29.4950008392334,29.4950008392334,29.4950008392334,274.0
2024-10-25 10:02:00+00:00,PEGA,81.0999984741211,81.0999984741211,81.375,81.0199966430664,81.23500061035156,14403.0
2024-10-25 10:02:00+00:00,PEGY,4.71999979019165,4.71999979019165,4.824999809265137,4.71999979019165,4.824999809265137,5744.0
2024-10-25 10:02:00+00:00,PGY,11.899999618530273,11.899999618530273,11.9350004196167,11.899999618530273,11.9350004196167,3630.0
2024-10-25 10:02:00+00:00,PHUN,9.930100440979004,9.930100440979004,9.9399995803833,9.869999885559082,9.869999885559082,122801.0
2024-10-25 10:02:00+00:00,PI,198.93499755859375,198.93499755859375,199.13999938964844,198.75,199.13999938964844,9241.0
2024-10-25 10:02:00+00:00,PLAB,23.760000228881836,23.760000228881836,23.760000228881836,23.742799758911133,23.742799758911133,680.0
2024-10-25 10:02:00+00:00,PLXS,144.83999633789062,144.83999633789062,144.83999633789062,144.83999633789062,144.83999633789062,316.0
2024-10-25 10:02:00+00:00,POET,3.9802000522613525,3.9802000522613525,3.9802000522613525,3.9802000522613525,3.9802000522613525,146.0
2024-10-25 10:02:00+00:00,POWI,63.29999923706055,63.29999923706055,63.354801177978516,63.279998779296875,63.349998474121094,2794.0
2024-10-25 10:02:00+00:00,PRGS,65.1050033569336,65.1050033569336,65.1050033569336,65.1050033569336,65.1050033569336,322.0
2024-10-25 10:02:00+00:00,PRSO,1.7100000381469727,1.7100000381469727,1.7100000381469727,1.7100000381469727,1.7100000381469727,317.0
2024-10-25 10:02:00+00:00,PXLW,0.7746999859809875,0.7746999859809875,0.7746999859809875,0.7746999859809875,0.7746999859809875,1202.0
2024-10-25 10:02:00+00:00,PYCR,14.510000228881836,14.510000228881836,14.510000228881836,14.5,14.5,887.0
2024-10-25 10:02:00+00:00,QCOM,172.85000610351562,172.85000610351562,172.89999389648438,172.6999969482422,172.75999450683594,20718.0
2024-10-25 10:02:00+00:00,QH,1.4299999475479126,1.4299999475479126,1.4299999475479126,1.4299999475479126,1.4299999475479126,820.0
2024-10-25 10:02:00+00:00,QRVO,100.63500213623047,100.63500213623047,100.63500213623047,100.51000213623047,100.51000213623047,4744.0
2024-10-25 10:02:00+00:00,QUBT,1.1200000047683716,1.1200000047683716,1.12909996509552,1.1200000047683716,1.125,1590.0
2024-10-25 10:02:00+00:00,REKR,1.100000023841858,1.100000023841858,1.100000023841858,1.100000023841858,1.100000023841858,261.0
2024-10-25 10:02:00+00:00,RELY,14.75,14.75,14.75,14.739999771118164,14.739999771118164,1761.0
2024-10-25 10:02:00+00:00,RGTI,1.284999966621399,1.284999966621399,1.2899999618530273,1.2799999713897705,1.284999966621399,61973.0
2024-10-25 10:02:00+00:00,RIOT,10.039999961853027,10.039999961853027,10.045000076293945,9.984999656677246,9.984999656677246,64277.0
2024-10-25 10:02:00+00:00,RMBS,43.165000915527344,43.165000915527344,43.165000915527344,43.11000061035156,43.11000061035156,3047.0
2024-10-25 10:02:00+00:00,RPD,39.66999816894531,39.66999816894531,39.66999816894531,39.58000183105469,39.58000183105469,426.0
2024-10-25 10:02:00+00:00,RUM,5.590000152587891,5.590000152587891,5.590000152587891,5.582099914550781,5.582099914550781,6248.0
2024-10-25 10:02:00+00:00,RUN,14.109999656677246,14.109999656677246,14.119999885559082,14.069999694824219,14.119999885559082,45699.0
2024-10-25 10:02:00+00:00,RXT,2.569999933242798,2.569999933242798,2.569999933242798,2.569999933242798,2.569999933242798,280.0
2024-10-25 10:02:00+00:00,SANM,67.79499816894531,67.79499816894531,67.79499816894531,67.79499816894531,67.79499816894531,366.0
2024-10-25 10:02:00+00:00,SATS,24.989999771118164,24.989999771118164,24.989999771118164,24.989999771118164,24.989999771118164,535.0
2024-10-25 10:02:00+00:00,SEDG,15.510000228881836,15.510000228881836,15.550000190734863,15.5,15.5,7617.0
2024-10-25 10:02:00+00:00,SHLS,5.170000076293945,5.170000076293945,5.170000076293945,5.170000076293945,5.170000076293945,819.0
2024-10-25 10:02:00+00:00,SKYT,10.819999694824219,10.819999694824219,10.84000015258789,10.819999694824219,10.819999694824219,7118.0
2024-10-25 10:02:00+00:00,SMCI,47.56999969482422,47.56999969482422,47.56999969482422,47.380001068115234,47.39820098876953,287696.0
2024-10-25 10:02:00+00:00,SMTC,45.68000030517578,45.68000030517578,45.720001220703125,45.59000015258789,45.59000015258789,5142.0
2024-10-25 10:02:00+00:00,SNPS,507.7349853515625,507.7349853515625,508.1697998046875,507.6300048828125,508.1697998046875,4237.0
2024-10-25 10:02:00+00:00,SONO,12.760000228881836,12.760000228881836,12.760000228881836,12.739999771118164,12.739999771118164,1067.0
2024-10-25 10:02:00+00:00,SOUN,5.377399921417236,5.377399921417236,5.377399921417236,5.343999862670898,5.343999862670898,126499.0
2024-10-25 10:02:00+00:00,SPSC,185.5500030517578,185.5500030517578,185.5500030517578,185.5500030517578,185.5500030517578,533.0
2024-10-25 10:02:00+00:00,SPT,27.667600631713867,27.667600631713867,27.684999465942383,27.639999389648438,27.639999389648438,1953.0
2024-10-25 10:02:00+00:00,SRAD,12.359999656677246,12.359999656677246,12.359999656677246,12.359999656677246,12.359999656677246,105.0
2024-10-25 10:02:00+00:00,SSNC,69.98999786376953,69.98999786376953,70.02999877929688,69.9800033569336,70.0,121060.0
2024-10-25 10:02:00+00:00,STNE,11.359999656677246,11.359999656677246,11.369999885559082,11.345000267028809,11.345000267028809,7312.0
2024-10-25 10:02:00+00:00,STX,104.11000061035156,104.11000061035156,104.19999694824219,104.06999969482422,104.06999969482422,3991.0
2024-10-25 10:02:00+00:00,SVRE,0.08540000021457672,0.08540000021457672,0.08540000021457672,0.08540000021457672,0.08540000021457672,722.0
2024-10-25 10:02:00+00:00,SWKS,96.22000122070312,96.22000122070312,96.22000122070312,96.11170196533203,96.11170196533203,3318.0
2024-10-25 10:02:00+00:00,SYTA,1.2099000215530396,1.2099000215530396,1.2099000215530396,1.1999000310897827,1.2000000476837158,14441.0
2024-10-25 10:02:00+00:00,TCX,19.459999084472656,19.459999084472656,19.459999084472656,19.459999084472656,19.459999084472656,953.0
2024-10-25 10:02:00+00:00,TEAM,191.47999572753906,191.47999572753906,191.7949981689453,191.47999572753906,191.7949981689453,1621.0
2024-10-25 10:02:00+00:00,TENB,41.47999954223633,41.47999954223633,41.47999954223633,41.470001220703125,41.470001220703125,1306.0
2024-10-25 10:02:00+00:00,TER,112.8949966430664,112.8949966430664,112.91000366210938,112.4000015258789,112.44999694824219,19345.0
2024-10-25 10:02:00+00:00,TLS,3.630000114440918,3.630000114440918,3.640000104904175,3.630000114440918,3.640000104904175,1066.0
2024-10-25 10:02:00+00:00,TRMB,61.029998779296875,61.029998779296875,61.029998779296875,61.0099983215332,61.0099983215332,785.0
2024-10-25 10:02:00+00:00,TSEM,44.97999954223633,44.97999954223633,44.97999954223633,44.970001220703125,44.97999954223633,1330.0
2024-10-25 10:02:00+00:00,TTD,121.0250015258789,121.0250015258789,121.1500015258789,120.91999816894531,121.1500015258789,5371.0
2024-10-25 10:02:00+00:00,TTMI,19.485000610351562,19.485000610351562,19.485000610351562,19.459999084472656,19.459999084472656,668.0
2024-10-25 10:02:00+00:00,TWKS,4.449999809265137,4.449999809265137,4.449999809265137,4.449999809265137,4.449999809265137,3660.0
2024-10-25 10:02:00+00:00,TXN,211.27000427246094,211.27000427246094,211.27000427246094,211.0399932861328,211.07000732421875,10317.0
2024-10-25 10:02:00+00:00,USIO,1.4056999683380127,1.4056999683380127,1.4056999683380127,1.4056999683380127,1.4056999683380127,0.0
2024-10-25 10:02:00+00:00,VERB,10.324999809265137,10.324999809265137,10.324999809265137,10.324999809265137,10.324999809265137,314.0
2024-10-25 10:02:00+00:00,VIAV,9.25,9.25,9.25,9.231599807739258,9.231599807739258,2164.0
2024-10-25 10:02:00+00:00,VICR,46.84000015258789,46.84000015258789,46.970001220703125,46.84000015258789,46.970001220703125,521.0
2024-10-25 10:02:00+00:00,VMEO,4.760000228881836,4.760000228881836,4.764999866485596,4.760000228881836,4.760000228881836,3516.0
2024-10-25 10:02:00+00:00,VNET,3.4600000381469727,3.4600000381469727,3.4649999141693115,3.4600000381469727,3.4600000381469727,1444.0
2024-10-25 10:02:00+00:00,VRNS,57.439998626708984,57.439998626708984,57.439998626708984,57.2400016784668,57.2400016784668,6601.0
2024-10-25 10:02:00+00:00,VSAT,10.288599967956543,10.288599967956543,10.288599967956543,10.270000457763672,10.270000457763672,1986.0
2024-10-25 10:02:00+00:00,VUZI,1.3240000009536743,1.3240000009536743,1.3240000009536743,1.3240000009536743,1.3240000009536743,2000.0
2024-10-25 10:02:00+00:00,VVPR,0.7692000269889832,0.7692000269889832,0.7692000269889832,0.7692000269889832,0.7692000269889832,1093.0
2024-10-25 10:02:00+00:00,WDAY,241.76499938964844,241.76499938964844,241.88999938964844,241.69000244140625,241.88499450683594,5690.0
2024-10-25 10:02:00+00:00,WDC,72.16000366210938,72.16000366210938,72.16999816894531,71.91999816894531,71.93499755859375,23625.0
2024-10-25 10:02:00+00:00,WISA,1.7999999523162842,1.7999999523162842,1.7999999523162842,1.7900999784469604,1.7900999784469604,547.0
2024-10-25 10:02:00+00:00,WIX,167.38999938964844,167.38999938964844,167.38999938964844,166.74609375,166.74609375,2030.0
2024-10-25 10:02:00+00:00,XRX,10.145000457763672,10.145000457763672,10.145000457763672,10.125,10.125,1641.0
2024-10-25 10:02:00+00:00,ZBRA,365.17999267578125,365.17999267578125,365.3599853515625,365.1099853515625,365.1099853515625,1517.0
2024-10-25 10:02:00+00:00,ZI,10.5600004196167,10.5600004196167,10.5600004196167,10.53499984741211,10.53499984741211,8885.0
2024-10-25 10:02:00+00:00,ZM,73.6449966430664,73.6449966430664,73.70500183105469,73.6449966430664,73.69000244140625,3886.0
2024-10-25 10:02:00+00:00,ZS,188.3249969482422,188.3249969482422,188.6300048828125,188.3249969482422,188.52999877929688,3169.0
2024-10-25 10:03:00+00:00,AAOI,17.700000762939453,17.700000762939453,17.719999313354492,17.700000762939453,17.700000762939453,2979.0
2024-10-25 10:03:00+00:00,AAPL,232.2100067138672,232.2100067138672,232.39990234375,232.1999969482422,232.30999755859375,72129.0
2024-10-25 10:03:00+00:00,ACLS,91.75,91.75,91.8499984741211,91.62000274658203,91.8499984741211,12326.0
2024-10-25 10:03:00+00:00,ACMR,19.760000228881836,19.760000228881836,19.790000915527344,19.760000228881836,19.790000915527344,710.0
2024-10-25 10:03:00+00:00,ADBE,486.1099853515625,486.1099853515625,486.3699951171875,486.1099853515625,486.3699951171875,3326.0
2024-10-25 10:03:00+00:00,ADI,235.0800018310547,235.0800018310547,235.1999969482422,235.0,235.0800018310547,7703.0
2024-10-25 10:03:00+00:00,ADSK,288.260009765625,288.260009765625,288.3500061035156,288.0199890136719,288.3450012207031,7291.0
2024-10-25 10:03:00+00:00,ADTN,6.340000152587891,6.340000152587891,6.355000019073486,6.340000152587891,6.353899955749512,4156.0
2024-10-25 10:03:00+00:00,AEHR,16.700000762939453,16.700000762939453,16.75,16.68899917602539,16.68899917602539,33396.0
2024-10-25 10:03:00+00:00,AFRM,41.9567985534668,41.9567985534668,41.9900016784668,41.90010070800781,41.932498931884766,9353.0
2024-10-25 10:03:00+00:00,AKTS,0.05700000002980232,0.05700000002980232,0.05790000036358833,0.05700000002980232,0.05779999867081642,79590.0
2024-10-25 10:03:00+00:00,ALGM,22.65999984741211,22.65999984741211,22.670000076293945,22.6299991607666,22.6299991607666,6715.0
2024-10-25 10:03:00+00:00,ALKT,38.470001220703125,38.470001220703125,38.470001220703125,38.470001220703125,38.470001220703125,443.0
2024-10-25 10:03:00+00:00,ALRM,54.79999923706055,54.79999923706055,54.79999923706055,54.79999923706055,54.79999923706055,614.0
2024-10-25 10:03:00+00:00,AMAT,188.91000366210938,188.91000366210938,189.14999389648438,188.91000366210938,189.13999938964844,17073.0
2024-10-25 10:03:00+00:00,AMD,158.44000244140625,158.44000244140625,158.58999633789062,158.44000244140625,158.52000427246094,167537.0
2024-10-25 10:03:00+00:00,AMKR,30.024999618530273,30.024999618530273,30.024999618530273,30.02400016784668,30.02400016784668,622.0
2024-10-25 10:03:00+00:00,AMPL,9.229999542236328,9.229999542236328,9.229999542236328,9.229999542236328,9.229999542236328,1086.0
2024-10-25 10:03:00+00:00,AOSL,36.689998626708984,36.689998626708984,36.689998626708984,36.689998626708984,36.689998626708984,199.0
2024-10-25 10:03:00+00:00,APP,162.5449981689453,162.5449981689453,162.67999267578125,162.5,162.5050048828125,7296.0
2024-10-25 10:03:00+00:00,APPF,230.38999938964844,230.38999938964844,230.38999938964844,230.38999938964844,230.38999938964844,244.0
2024-10-25 10:03:00+00:00,APPN,32.470001220703125,32.470001220703125,32.470001220703125,32.470001220703125,32.470001220703125,159.0
2024-10-25 10:03:00+00:00,APPS,3.1600000858306885,3.1600000858306885,3.1600000858306885,3.1449999809265137,3.1449999809265137,2174.0
2024-10-25 10:03:00+00:00,ARRY,6.34499979019165,6.34499979019165,6.349999904632568,6.320000171661377,6.320000171661377,18813.0
2024-10-25 10:03:00+00:00,ASML,721.3599853515625,721.3599853515625,721.469970703125,721.030029296875,721.0399780273438,4041.0
2024-10-25 10:03:00+00:00,ASNS,1.340000033378601,1.340000033378601,1.340999960899353,1.340000033378601,1.340999960899353,541.0
2024-10-25 10:03:00+00:00,AUR,6.39769983291626,6.39769983291626,6.400000095367432,6.391499996185303,6.394999980926514,17202.0
2024-10-25 10:03:00+00:00,AVDX,8.244999885559082,8.244999885559082,8.255000114440918,8.239999771118164,8.255000114440918,8952.0
2024-10-25 10:03:00+00:00,AVGO,175.5800018310547,175.5800018310547,175.96609497070312,175.5800018310547,175.85000610351562,38553.0
2024-10-25 10:03:00+00:00,AVNW,21.0,21.0,21.014999389648438,21.0,21.014999389648438,1263.0
2024-10-25 10:03:00+00:00,AVT,54.849998474121094,54.849998474121094,54.849998474121094,54.790000915527344,54.790000915527344,2624.0
2024-10-25 10:03:00+00:00,BAND,17.860000610351562,17.860000610351562,17.860000610351562,17.860000610351562,17.860000610351562,556.0
2024-10-25 10:03:00+00:00,BCOV,2.319999933242798,2.319999933242798,2.319999933242798,2.319999933242798,2.319999933242798,600.0
2024-10-25 10:03:00+00:00,BL,57.630001068115234,57.630001068115234,57.630001068115234,57.630001068115234,57.630001068115234,331.0
2024-10-25 10:03:00+00:00,BMBL,7.224999904632568,7.224999904632568,7.224999904632568,7.219900131225586,7.219900131225586,1942.0
2024-10-25 10:03:00+00:00,BSY,49.63999938964844,49.63999938964844,49.63999938964844,49.63999938964844,49.63999938964844,312.0
2024-10-25 10:03:00+00:00,CDNS,258.19000244140625,258.19000244140625,258.6549987792969,258.17999267578125,258.42498779296875,6714.0
2024-10-25 10:03:00+00:00,CETX,0.2985999882221222,0.2985999882221222,0.2985999882221222,0.2985999882221222,0.2985999882221222,234.0
2024-10-25 10:03:00+00:00,CFLT,22.510000228881836,22.510000228881836,22.510000228881836,22.46500015258789,22.469999313354492,10430.0
2024-10-25 10:03:00+00:00,CGNT,6.650000095367432,6.650000095367432,6.650000095367432,6.639999866485596,6.639999866485596,819.0
2024-10-25 10:03:00+00:00,CGNX,39.34000015258789,39.34000015258789,39.34000015258789,39.28499984741211,39.28499984741211,4694.0
2024-10-25 10:03:00+00:00,CLBT,18.15999984741211,18.15999984741211,18.15999984741211,18.15999984741211,18.15999984741211,755.0
2024-10-25 10:03:00+00:00,CLSK,11.930000305175781,11.930000305175781,11.960000038146973,11.920000076293945,11.946000099182129,139320.0
2024-10-25 10:03:00+00:00,CNXC,44.849998474121094,44.849998474121094,44.849998474121094,44.849998474121094,44.849998474121094,223.0
2024-10-25 10:03:00+00:00,COHR,97.05500030517578,97.05500030517578,97.05500030517578,96.95610046386719,97.04000091552734,2805.0
2024-10-25 10:03:00+00:00,COHU,26.139999389648438,26.139999389648438,26.139999389648438,26.139999389648438,26.139999389648438,479.0
2024-10-25 10:03:00+00:00,COIN,211.39019775390625,211.39019775390625,212.02999877929688,211.3000030517578,211.80999755859375,30166.0
2024-10-25 10:03:00+00:00,COMM,6.409999847412109,6.409999847412109,6.409999847412109,6.394999980926514,6.400000095367432,2086.0
2024-10-25 10:03:00+00:00,CORZ,13.699999809265137,13.699999809265137,13.720000267028809,13.6850004196167,13.699999809265137,10315.0
2024-10-25 10:03:00+00:00,CRDO,39.84000015258789,39.84000015258789,39.88999938964844,39.82500076293945,39.83000183105469,7121.0
2024-10-25 10:03:00+00:00,CRNC,2.8399999141693115,2.8399999141693115,2.8399999141693115,2.8364999294281006,2.8368000984191895,2735.0
2024-10-25 10:03:00+00:00,CRNT,2.4700000286102295,2.4700000286102295,2.4749999046325684,2.4700000286102295,2.4700000286102295,4022.0
2024-10-25 10:03:00+00:00,CRSR,6.409999847412109,6.409999847412109,6.409999847412109,6.409999847412109,6.409999847412109,307.0
2024-10-25 10:03:00+00:00,CRUS,123.11000061035156,123.11000061035156,123.41500091552734,123.08499908447266,123.29000091552734,2354.0
2024-10-25 10:03:00+00:00,CRWD,310.3550109863281,310.3550109863281,310.659912109375,310.19049072265625,310.19049072265625,4055.0
2024-10-25 10:03:00+00:00,CSCO,56.55500030517578,56.55500030517578,56.595001220703125,56.54499816894531,56.595001220703125,18660.0
2024-10-25 10:03:00+00:00,CSGS,48.28499984741211,48.28499984741211,48.28499984741211,48.28499984741211,48.28499984741211,398.0
2024-10-25 10:03:00+00:00,CSIQ,13.375,13.375,13.375,13.3100004196167,13.34000015258789,13427.0
2024-10-25 10:03:00+00:00,CTLP,9.083399772644043,9.083399772644043,9.085000038146973,9.08180046081543,9.08180046081543,2749.0
2024-10-25 10:03:00+00:00,CTSH,75.26000213623047,75.26000213623047,75.26000213623047,75.23999786376953,75.26000213623047,6010.0
2024-10-25 10:03:00+00:00,CYBR,299.82000732421875,299.82000732421875,299.82000732421875,299.82000732421875,299.82000732421875,2474.0
2024-10-25 10:03:00+00:00,DATS,1.6505999565124512,1.6505999565124512,1.659999966621399,1.649999976158142,1.649999976158142,3000.0
2024-10-25 10:03:00+00:00,DBX,26.100000381469727,26.100000381469727,26.1200008392334,26.094999313354492,26.1200008392334,2228.0
2024-10-25 10:03:00+00:00,DDOG,127.36250305175781,127.36250305175781,127.43499755859375,127.3499984741211,127.43000030517578,6521.0
2024-10-25 10:03:00+00:00,DGII,30.010000228881836,30.010000228881836,30.010000228881836,30.0,30.0,2957.0
2024-10-25 10:03:00+00:00,DIOD,66.33000183105469,66.33000183105469,66.33000183105469,66.05000305175781,66.05000305175781,944.0
2024-10-25 10:03:00+00:00,DLO,8.819999694824219,8.819999694824219,8.819999694824219,8.8149995803833,8.8149995803833,1148.0
2024-10-25 10:03:00+00:00,DMRC,31.065000534057617,31.065000534057617,31.065000534057617,31.065000534057617,31.065000534057617,480.0
2024-10-25 10:03:00+00:00,DOCU,70.65499877929688,70.65499877929688,70.69000244140625,70.6500015258789,70.69000244140625,3438.0
2024-10-25 10:03:00+00:00,EEFT,101.4800033569336,101.4800033569336,101.4800033569336,101.44999694824219,101.44999694824219,1120.0
2024-10-25 10:03:00+00:00,ENPH,81.31999969482422,81.31999969482422,81.44000244140625,81.18199920654297,81.3499984741211,31196.0
2024-10-25 10:03:00+00:00,ENTG,105.7699966430664,105.7699966430664,105.83999633789062,105.73500061035156,105.73500061035156,2136.0
2024-10-25 10:03:00+00:00,ERIC,8.5,8.5,8.505000114440918,8.5,8.505000114440918,5831.0
2024-10-25 10:03:00+00:00,EXFY,1.715000033378601,1.715000033378601,1.715000033378601,1.7100000381469727,1.7100000381469727,2608.0
2024-10-25 10:03:00+00:00,EXTR,14.630000114440918,14.630000114440918,14.630000114440918,14.604999542236328,14.604999542236328,1424.0
2024-10-25 10:03:00+00:00,FIVN,30.709999084472656,30.709999084472656,30.719999313354492,30.665000915527344,30.690000534057617,6669.0
2024-10-25 10:03:00+00:00,FLEX,35.4900016784668,35.4900016784668,35.5,35.48500061035156,35.48500061035156,3000.0
2024-10-25 10:03:00+00:00,FLYW,17.770000457763672,17.770000457763672,17.770000457763672,17.7450008392334,17.7450008392334,376.0
2024-10-25 10:03:00+00:00,FORM,45.415000915527344,45.415000915527344,45.44499969482422,45.415000915527344,45.44499969482422,582.0
2024-10-25 10:03:00+00:00,FRGT,1.899999976158142,1.899999976158142,1.909999966621399,1.899999976158142,1.909999966621399,903.0
2024-10-25 10:03:00+00:00,FRSH,11.770000457763672,11.770000457763672,11.770000457763672,11.75,11.760600090026855,2981.0
2024-10-25 10:03:00+00:00,FSLR,197.7550048828125,197.7550048828125,197.82940673828125,197.2899932861328,197.48500061035156,8437.0
2024-10-25 10:03:00+00:00,FTCI,0.711899995803833,0.711899995803833,0.7190999984741211,0.711899995803833,0.7190999984741211,2376.0
2024-10-25 10:03:00+00:00,FTNT,81.5199966430664,81.5199966430664,81.6500015258789,81.5199966430664,81.63999938964844,7029.0
2024-10-25 10:03:00+00:00,GCT,25.674999237060547,25.674999237060547,25.702299118041992,25.674999237060547,25.68000030517578,1732.0
2024-10-25 10:03:00+00:00,GDS,21.809999465942383,21.809999465942383,21.8700008392334,21.809999465942383,21.84000015258789,2883.0
2024-10-25 10:03:00+00:00,GFS,41.04999923706055,41.04999923706055,41.06999969482422,40.970001220703125,40.971099853515625,1747.0
2024-10-25 10:03:00+00:00,GPRO,1.3300000429153442,1.3300000429153442,1.3300000429153442,1.3259999752044678,1.3259999752044678,1543.0
2024-10-25 10:03:00+00:00,GRAB,4.065000057220459,4.065000057220459,4.076000213623047,4.059999942779541,4.06790018081665,292105.0
2024-10-25 10:03:00+00:00,GRRR,4.7820000648498535,4.7820000648498535,4.800000190734863,4.7820000648498535,4.800000190734863,840.0
2024-10-25 10:03:00+00:00,GSIT,3.25,3.25,3.25,3.25,3.25,225.0
2024-10-25 10:03:00+00:00,GTLB,56.60499954223633,56.60499954223633,56.64979934692383,56.60499954223633,56.60499954223633,545.0
2024-10-25 10:03:00+00:00,GVP,4.619999885559082,4.619999885559082,4.619999885559082,4.619999885559082,4.619999885559082,207.0
2024-10-25 10:03:00+00:00,HCP,33.66999816894531,33.66999816894531,33.66999816894531,33.65999984741211,33.665000915527344,8085.0
2024-10-25 10:03:00+00:00,HIMX,6.195000171661377,6.195000171661377,6.195000171661377,6.190000057220459,6.190000057220459,1644.0
2024-10-25 10:03:00+00:00,HLIT,14.845000267028809,14.845000267028809,14.850000381469727,14.845000267028809,14.845000267028809,3020.0
2024-10-25 10:03:00+00:00,HOLO,3.9260001182556152,3.9260001182556152,3.9260001182556152,3.9119999408721924,3.9119999408721924,2614.0
2024-10-25 10:03:00+00:00,HOOD,27.411500930786133,27.411500930786133,27.418800354003906,27.399999618530273,27.409299850463867,22142.0
2024-10-25 10:03:00+00:00,HTCR,1.1100000143051147,1.1100000143051147,1.1100000143051147,1.1100000143051147,1.1100000143051147,784.0
2024-10-25 10:03:00+00:00,IDAI,0.2281000018119812,0.2281000018119812,0.2281000018119812,0.2281000018119812,0.2281000018119812,5176.0
2024-10-25 10:03:00+00:00,IMMR,8.725000381469727,8.725000381469727,8.729999542236328,8.71500015258789,8.71500015258789,2404.0
2024-10-25 10:03:00+00:00,IMXI,17.760000228881836,17.760000228881836,17.760000228881836,17.760000228881836,17.760000228881836,228.0
2024-10-25 10:03:00+00:00,INDI,3.5450000762939453,3.5450000762939453,3.5450000762939453,3.5299999713897705,3.5299999713897705,35181.0
2024-10-25 10:03:00+00:00,INOD,19.950000762939453,19.950000762939453,20.010000228881836,19.950000762939453,20.010000228881836,1069.0
2024-10-25 10:03:00+00:00,INTC,23.1200008392334,23.1200008392334,23.149999618530273,23.065000534057617,23.070100784301758,524154.0
2024-10-25 10:03:00+00:00,INTU,616.489990234375,616.489990234375,616.5700073242188,616.489990234375,616.5700073242188,2801.0
2024-10-25 10:03:00+00:00,IPGP,76.55000305175781,76.55000305175781,76.55000305175781,76.55000305175781,76.55000305175781,747.0
2024-10-25 10:03:00+00:00,ITRI,103.61000061035156,103.61000061035156,103.61000061035156,103.3499984741211,103.3499984741211,4495.0
2024-10-25 10:03:00+00:00,KC,2.694999933242798,2.694999933242798,2.694999933242798,2.694999933242798,2.694999933242798,2636.0
2024-10-25 10:03:00+00:00,KLAC,680.6599731445312,680.6599731445312,681.0,680.6599731445312,681.0,3069.0
2024-10-25 10:03:00+00:00,KLIC,44.59000015258789,44.59000015258789,44.59000015258789,44.54999923706055,44.58000183105469,1785.0
2024-10-25 10:03:00+00:00,KOPN,0.7749999761581421,0.7749999761581421,0.7749999761581421,0.7749999761581421,0.7749999761581421,0.0
2024-10-25 10:03:00+00:00,KOSS,7.309999942779541,7.309999942779541,7.309999942779541,7.309999942779541,7.309999942779541,350.0
2024-10-25 10:03:00+00:00,LINK,5.849999904632568,5.849999904632568,6.840000152587891,5.849999904632568,6.5,161124.0
2024-10-25 10:03:00+00:00,LITE,64.77999877929688,64.77999877929688,64.77999877929688,64.70500183105469,64.70500183105469,2574.0
2024-10-25 10:03:00+00:00,LOGI,81.0199966430664,81.0199966430664,81.0199966430664,81.0199966430664,81.0199966430664,646.0
2024-10-25 10:03:00+00:00,LPSN,1.2105000019073486,1.2105000019073486,1.2105000019073486,1.2100000381469727,1.2100000381469727,5041.0
2024-10-25 10:03:00+00:00,LRCX,78.45500183105469,78.45500183105469,78.6500015258789,78.44999694824219,78.56999969482422,92410.0
2024-10-25 10:03:00+00:00,LSCC,55.150001525878906,55.150001525878906,55.17499923706055,55.11000061035156,55.1150016784668,1944.0
2024-10-25 10:03:00+00:00,LYFT,13.755000114440918,13.755000114440918,13.755000114440918,13.734999656677246,13.734999656677246,10815.0
2024-10-25 10:03:00+00:00,LYTS,16.31999969482422,16.31999969482422,16.31999969482422,16.309999465942383,16.309999465942383,583.0
2024-10-25 10:03:00+00:00,MANH,278.3599853515625,278.3599853515625,278.3599853515625,278.3599853515625,278.3599853515625,703.0
2024-10-25 10:03:00+00:00,MAPS,0.857699990272522,0.857699990272522,0.8657000064849854,0.857699990272522,0.8657000064849854,8180.0
2024-10-25 10:03:00+00:00,MCHP,77.51000213623047,77.51000213623047,77.55000305175781,77.48999786376953,77.5,14482.0
2024-10-25 10:03:00+00:00,MDB,270.1050109863281,270.1050109863281,270.3599853515625,270.04998779296875,270.1000061035156,2189.0
2024-10-25 10:03:00+00:00,MGIC,11.182000160217285,11.182000160217285,11.182000160217285,11.15839958190918,11.15839958190918,1221.0
2024-10-25 10:03:00+00:00,MKSI,101.89869689941406,101.89869689941406,101.89869689941406,101.65499877929688,101.65499877929688,2433.0
2024-10-25 10:03:00+00:00,MKTW,0.6141999959945679,0.6141999959945679,0.6141999959945679,0.6141999959945679,0.6141999959945679,5304.0
2024-10-25 10:03:00+00:00,MNDY,301.6099853515625,301.6099853515625,301.9700012207031,301.5,301.9700012207031,2253.0
2024-10-25 10:03:00+00:00,MPWR,922.7849731445312,922.7849731445312,922.7849731445312,921.875,921.875,1733.0
2024-10-25 10:03:00+00:00,MQ,5.329999923706055,5.329999923706055,5.329999923706055,5.329999923706055,5.329999923706055,1253.0
2024-10-25 10:03:00+00:00,MRVL,83.0199966430664,83.0199966430664,83.0999984741211,82.91999816894531,82.93499755859375,35721.0
2024-10-25 10:03:00+00:00,MSFT,431.2699890136719,431.2699890136719,431.94000244140625,431.2699890136719,431.94000244140625,27996.0
2024-10-25 10:03:00+00:00,MSTR,239.0,239.0,241.1811981201172,238.8800048828125,241.0399932861328,97718.0
2024-10-25 10:03:00+00:00,MTC,0.3659999966621399,0.3659999966621399,0.3659999966621399,0.36579999327659607,0.3659000098705292,4442.0
2024-10-25 10:03:00+00:00,MTSI,119.29499816894531,119.29499816894531,119.29499816894531,119.0,119.0,2717.0
2024-10-25 10:03:00+00:00,MTTR,4.675000190734863,4.675000190734863,4.675000190734863,4.675000190734863,4.675000190734863,452.0
2024-10-25 10:03:00+00:00,MU,109.3499984741211,109.3499984741211,109.53500366210938,109.33499908447266,109.5199966430664,45052.0
2024-10-25 10:03:00+00:00,MXL,15.0,15.0,15.039999961853027,14.970199584960938,14.970199584960938,6212.0
2024-10-25 10:03:00+00:00,MYNA,1.2000000476837158,1.2000000476837158,1.2000000476837158,1.2000000476837158,1.2000000476837158,100.0
2024-10-25 10:03:00+00:00,NCNO,38.310001373291016,38.310001373291016,38.31999969482422,38.29999923706055,38.30500030517578,2623.0
2024-10-25 10:03:00+00:00,NEON,8.050000190734863,8.050000190734863,8.050000190734863,8.050000190734863,8.050000190734863,436.0
2024-10-25 10:03:00+00:00,NSIT,212.0,212.0,212.0,212.0,212.0,911.0
2024-10-25 10:03:00+00:00,NTAP,120.31999969482422,120.31999969482422,120.45500183105469,120.31999969482422,120.45500183105469,1040.0
2024-10-25 10:03:00+00:00,NTCT,20.790000915527344,20.790000915527344,20.790000915527344,20.774999618530273,20.774999618530273,1408.0
2024-10-25 10:03:00+00:00,NTNX,63.08000183105469,63.08000183105469,63.08000183105469,63.08000183105469,63.08000183105469,487.0
2024-10-25 10:03:00+00:00,NVDA,142.97000122070312,142.97000122070312,143.2899932861328,142.9499969482422,143.10000610351562,1586871.0
2024-10-25 10:03:00+00:00,NVEI,33.529998779296875,33.529998779296875,33.529998779296875,33.529998779296875,33.529998779296875,300.0
2024-10-25 10:03:00+00:00,NVTS,2.5850000381469727,2.5850000381469727,2.5899999141693115,2.5703001022338867,2.5703001022338867,28097.0
2024-10-25 10:03:00+00:00,NXPI,245.58999633789062,245.58999633789062,245.63999938964844,245.58999633789062,245.60000610351562,1908.0
2024-10-25 10:03:00+00:00,OKTA,72.87999725341797,72.87999725341797,72.97000122070312,72.87999725341797,72.97000122070312,2671.0
2024-10-25 10:03:00+00:00,OLED,205.4499969482422,205.4499969482422,205.4499969482422,205.4499969482422,205.4499969482422,348.0
2024-10-25 10:03:00+00:00,ON,72.88999938964844,72.88999938964844,72.9800033569336,72.68499755859375,72.7300033569336,108770.0
2024-10-25 10:03:00+00:00,OTEX,33.56999969482422,33.56999969482422,33.56999969482422,33.56999969482422,33.56999969482422,922.0
2024-10-25 10:03:00+00:00,PANW,371.1499938964844,371.1499938964844,371.18499755859375,371.1400146484375,371.1400146484375,1867.0
2024-10-25 10:03:00+00:00,PAYO,8.32979965209961,8.32979965209961,8.329999923706055,8.32979965209961,8.329999923706055,2012.0
2024-10-25 10:03:00+00:00,PEGA,81.06999969482422,81.06999969482422,81.125,81.01000213623047,81.05000305175781,2359.0
2024-10-25 10:03:00+00:00,PEGY,4.78000020980835,4.78000020980835,4.78000020980835,4.7480998039245605,4.7480998039245605,1384.0
2024-10-25 10:03:00+00:00,PGY,11.904999732971191,11.904999732971191,11.904999732971191,11.890000343322754,11.890000343322754,731.0
2024-10-25 10:03:00+00:00,PHUN,9.829999923706055,9.829999923706055,9.939900398254395,9.81029987335205,9.9350004196167,102294.0
2024-10-25 10:03:00+00:00,PI,199.72000122070312,199.72000122070312,199.77000427246094,198.86000061035156,198.97000122070312,13724.0
2024-10-25 10:03:00+00:00,PLAB,23.760000228881836,23.760000228881836,23.760000228881836,23.760000228881836,23.760000228881836,171.0
2024-10-25 10:03:00+00:00,POET,3.990000009536743,3.990000009536743,3.990000009536743,3.990000009536743,3.990000009536743,1444.0
2024-10-25 10:03:00+00:00,POWI,63.290000915527344,63.290000915527344,63.29999923706055,63.290000915527344,63.29999923706055,5247.0
2024-10-25 10:03:00+00:00,PTC,186.06500244140625,186.06500244140625,186.06500244140625,186.06500244140625,186.06500244140625,705.0
2024-10-25 10:03:00+00:00,PUBM,15.100000381469727,15.100000381469727,15.100000381469727,15.100000381469727,15.100000381469727,975.0
2024-10-25 10:03:00+00:00,QCOM,172.60000610351562,172.60000610351562,172.94200134277344,172.60000610351562,172.77999877929688,20163.0
2024-10-25 10:03:00+00:00,QLYS,121.7249984741211,121.7249984741211,121.7249984741211,121.7249984741211,121.7249984741211,527.0
2024-10-25 10:03:00+00:00,QMCO,5.617300033569336,5.617300033569336,5.617300033569336,5.617300033569336,5.617300033569336,986.0
2024-10-25 10:03:00+00:00,QRVO,100.66999816894531,100.66999816894531,100.66999816894531,100.6500015258789,100.6500015258789,2322.0
2024-10-25 10:03:00+00:00,QUBT,1.1287000179290771,1.1287000179290771,1.1299999952316284,1.1200000047683716,1.1299999952316284,11030.0
2024-10-25 10:03:00+00:00,REKR,1.100000023841858,1.100000023841858,1.1024999618530273,1.100000023841858,1.100000023841858,401.0
2024-10-25 10:03:00+00:00,RELY,14.789999961853027,14.789999961853027,14.789999961853027,14.770000457763672,14.770000457763672,1547.0
2024-10-25 10:03:00+00:00,RGTI,1.2855000495910645,1.2855000495910645,1.2899999618530273,1.2800999879837036,1.284999966621399,13329.0
2024-10-25 10:03:00+00:00,RIOT,10.039999961853027,10.039999961853027,10.050000190734863,10.020000457763672,10.039999961853027,88242.0
2024-10-25 10:03:00+00:00,RMBS,43.17499923706055,43.17499923706055,43.19499969482422,43.16999816894531,43.19499969482422,2649.0
2024-10-25 10:03:00+00:00,RPAY,7.704999923706055,7.704999923706055,7.704999923706055,7.679999828338623,7.690000057220459,1084.0
2024-10-25 10:03:00+00:00,RPD,39.61000061035156,39.61000061035156,39.62620162963867,39.58000183105469,39.62620162963867,4157.0
2024-10-25 10:03:00+00:00,RUM,5.599800109863281,5.599800109863281,5.599800109863281,5.58519983291626,5.590000152587891,1555.0
2024-10-25 10:03:00+00:00,RUN,14.168000221252441,14.168000221252441,14.170000076293945,14.09000015258789,14.114999771118164,214412.0
2024-10-25 10:03:00+00:00,RXT,2.5713000297546387,2.5713000297546387,2.5713000297546387,2.5713000297546387,2.5713000297546387,1927.0
2024-10-25 10:03:00+00:00,SANM,67.79499816894531,67.79499816894531,67.93000030517578,67.79499816894531,67.79499816894531,4565.0
2024-10-25 10:03:00+00:00,SATS,25.03499984741211,25.03499984741211,25.03499984741211,25.020000457763672,25.020000457763672,1848.0
2024-10-25 10:03:00+00:00,SCSC,45.529998779296875,45.529998779296875,45.529998779296875,45.529998779296875,45.529998779296875,313.0
2024-10-25 10:03:00+00:00,SEDG,15.579999923706055,15.579999923706055,15.597999572753906,15.510000228881836,15.510000228881836,6554.0
2024-10-25 10:03:00+00:00,SHLS,5.185500144958496,5.185500144958496,5.185500144958496,5.179999828338623,5.179999828338623,5095.0
2024-10-25 10:03:00+00:00,SIMO,57.06999969482422,57.06999969482422,57.209999084472656,57.06999969482422,57.209999084472656,427.0
2024-10-25 10:03:00+00:00,SKYT,10.899999618530273,10.899999618530273,10.899999618530273,10.864999771118164,10.864999771118164,1557.0
2024-10-25 10:03:00+00:00,SLAB,115.58000183105469,115.58000183105469,115.58000183105469,115.58000183105469,115.58000183105469,166.0
2024-10-25 10:03:00+00:00,SMCI,47.52000045776367,47.52000045776367,47.63999938964844,47.52000045776367,47.55070114135742,200329.0
2024-10-25 10:03:00+00:00,SMTC,45.93000030517578,45.93000030517578,45.93000030517578,45.709999084472656,45.709999084472656,2690.0
2024-10-25 10:03:00+00:00,SNPS,507.5299987792969,507.5299987792969,507.67498779296875,507.5299987792969,507.67498779296875,1533.0
2024-10-25 10:03:00+00:00,SONO,12.795000076293945,12.795000076293945,12.795000076293945,12.789999961853027,12.789999961853027,1405.0
2024-10-25 10:03:00+00:00,SOUN,5.364999771118164,5.364999771118164,5.400000095367432,5.363900184631348,5.375,225827.0
2024-10-25 10:03:00+00:00,SPSC,185.41000366210938,185.41000366210938,185.41000366210938,185.41000366210938,185.41000366210938,413.0
2024-10-25 10:03:00+00:00,SRAD,12.369999885559082,12.369999885559082,12.369999885559082,12.369999885559082,12.369999885559082,895.0
2024-10-25 10:03:00+00:00,SSNC,69.95899963378906,69.95899963378906,70.01000213623047,69.8949966430664,69.98999786376953,20829.0
2024-10-25 10:03:00+00:00,STNE,11.390000343322754,11.390000343322754,11.390000343322754,11.364999771118164,11.364999771118164,2747.0
2024-10-25 10:03:00+00:00,STX,104.21499633789062,104.21499633789062,104.2699966430664,104.1050033569336,104.1050033569336,4761.0
2024-10-25 10:03:00+00:00,SVRE,0.08550000190734863,0.08550000190734863,0.08550000190734863,0.08540000021457672,0.08540000021457672,19149.0
2024-10-25 10:03:00+00:00,SWKS,96.19999694824219,96.19999694824219,96.23500061035156,96.19000244140625,96.22000122070312,5236.0
2024-10-25 10:03:00+00:00,SYNA,73.2699966430664,73.2699966430664,73.2699966430664,73.2699966430664,73.2699966430664,1105.0
2024-10-25 10:03:00+00:00,SYTA,1.2000000476837158,1.2000000476837158,1.2000000476837158,1.2000000476837158,1.2000000476837158,0.0
2024-10-25 10:03:00+00:00,TEAM,191.6649932861328,191.6649932861328,191.6999969482422,191.6649932861328,191.6999969482422,470.0
2024-10-25 10:03:00+00:00,TER,112.79000091552734,112.79000091552734,112.9800033569336,112.79000091552734,112.8949966430664,15946.0
2024-10-25 10:03:00+00:00,TRMB,61.04999923706055,61.04999923706055,61.04999923706055,61.04999923706055,61.04999923706055,816.0
2024-10-25 10:03:00+00:00,TTD,120.83999633789062,120.83999633789062,121.0250015258789,120.80000305175781,121.0250015258789,4293.0
2024-10-25 10:03:00+00:00,TTMI,19.520000457763672,19.520000457763672,19.520000457763672,19.520000457763672,19.520000457763672,309.0
2024-10-25 10:03:00+00:00,TWKS,4.449999809265137,4.449999809265137,4.449999809265137,4.445000171661377,4.446000099182129,10800.0
2024-10-25 10:03:00+00:00,TXN,211.1699981689453,211.1699981689453,211.3800048828125,211.1699981689453,211.30999755859375,12636.0
2024-10-25 10:03:00+00:00,UCTT,36.099998474121094,36.099998474121094,36.099998474121094,36.025001525878906,36.025001525878906,2951.0
2024-10-25 10:03:00+00:00,VCSA,2.490000009536743,2.490000009536743,2.490000009536743,2.490000009536743,2.490000009536743,808.0
2024-10-25 10:03:00+00:00,VECO,29.610000610351562,29.610000610351562,29.6200008392334,29.56999969482422,29.56999969482422,4816.0
2024-10-25 10:03:00+00:00,VERI,3.430000066757202,3.430000066757202,3.434999942779541,3.430000066757202,3.431999921798706,1941.0
2024-10-25 10:03:00+00:00,VIAV,9.260000228881836,9.260000228881836,9.260000228881836,9.25,9.25,635.0
2024-10-25 10:03:00+00:00,VNET,3.4649999141693115,3.4649999141693115,3.4649999141693115,3.4649999141693115,3.4649999141693115,592.0
2024-10-25 10:03:00+00:00,VOXX,7.622000217437744,7.622000217437744,7.622000217437744,7.622000217437744,7.622000217437744,200.0
2024-10-25 10:03:00+00:00,VRNS,57.415000915527344,57.415000915527344,57.439998626708984,57.38999938964844,57.38999938964844,1362.0
2024-10-25 10:03:00+00:00,VRSN,189.2899932861328,189.2899932861328,189.50999450683594,189.2899932861328,189.33999633789062,3437.0
2024-10-25 10:03:00+00:00,VS,2.6419999599456787,2.6419999599456787,2.6419999599456787,2.6419999599456787,2.6419999599456787,127.0
2024-10-25 10:03:00+00:00,VSAT,10.34000015258789,10.34000015258789,10.34000015258789,10.289999961853027,10.289999961853027,5296.0
2024-10-25 10:03:00+00:00,VUZI,1.3250000476837158,1.3250000476837158,1.3250000476837158,1.3250000476837158,1.3250000476837158,44.0
2024-10-25 10:03:00+00:00,WALD,3.6600000858306885,3.6600000858306885,3.6600000858306885,3.609999895095825,3.609999895095825,422.0
2024-10-25 10:03:00+00:00,WATT,0.6011000275611877,0.6011000275611877,0.6011000275611877,0.6000000238418579,0.6000000238418579,1200.0
2024-10-25 10:03:00+00:00,WDAY,242.0050048828125,242.0050048828125,242.3000030517578,241.86000061035156,241.86000061035156,9017.0
2024-10-25 10:03:00+00:00,WDC,72.07499694824219,72.07499694824219,72.19999694824219,71.95999908447266,72.16999816894531,52892.0
2024-10-25 10:03:00+00:00,WISA,1.7999999523162842,1.7999999523162842,1.7999999523162842,1.7999999523162842,1.7999999523162842,940.0
2024-10-25 10:03:00+00:00,WIX,166.8300018310547,166.8300018310547,166.8300018310547,166.8300018310547,166.8300018310547,656.0
2024-10-25 10:03:00+00:00,XRX,10.170000076293945,10.170000076293945,10.170000076293945,10.145000457763672,10.145000457763672,1760.0
2024-10-25 10:03:00+00:00,ZI,10.5600004196167,10.5600004196167,10.5600004196167,10.539999961853027,10.550000190734863,6494.0
2024-10-25 10:03:00+00:00,ZM,73.47000122070312,73.47000122070312,73.68789672851562,73.47000122070312,73.68789672851562,7871.0
2024-10-25 10:03:00+00:00,ZS,188.1999969482422,188.1999969482422,188.1999969482422,188.1999969482422,188.1999969482422,1162.0
2024-10-25 10:04:00+00:00,AAOI,17.735000610351562,17.735000610351562,17.739999771118164,17.68000030517578,17.68000030517578,13412.0
2024-10-25 10:04:00+00:00,AAPL,232.27499389648438,232.27499389648438,232.36000061035156,232.10409545898438,232.22000122070312,87344.0
2024-10-25 10:04:00+00:00,ACIW,49.29999923706055,49.29999923706055,49.29999923706055,49.29999923706055,49.29999923706055,206.0
2024-10-25 10:04:00+00:00,ACLS,91.4749984741211,91.4749984741211,91.7699966430664,91.41000366210938,91.7699966430664,6566.0
2024-10-25 10:04:00+00:00,ACMR,19.772499084472656,19.772499084472656,19.772499084472656,19.739999771118164,19.739999771118164,3563.0
2024-10-25 10:04:00+00:00,ADBE,486.2699890136719,486.2699890136719,486.42999267578125,486.0400085449219,486.0400085449219,5878.0
2024-10-25 10:04:00+00:00,ADI,234.85000610351562,234.85000610351562,235.0800018310547,234.67010498046875,235.0800018310547,7869.0
2024-10-25 10:04:00+00:00,ADSK,287.8399963378906,287.8399963378906,288.0899963378906,287.8399963378906,288.0899963378906,1521.0
2024-10-25 10:04:00+00:00,ADTN,6.34499979019165,6.34499979019165,6.3470001220703125,6.34499979019165,6.3470001220703125,621.0
2024-10-25 10:04:00+00:00,AEHR,16.65999984741211,16.65999984741211,16.708900451660156,16.6299991607666,16.690000534057617,25363.0
2024-10-25 10:04:00+00:00,AFRM,41.95930099487305,41.95930099487305,41.970001220703125,41.91999816894531,41.95000076293945,8931.0
2024-10-25 10:04:00+00:00,AKAM,103.52999877929688,103.52999877929688,103.53060150146484,103.52999877929688,103.53060150146484,505.0
2024-10-25 10:04:00+00:00,AKTS,0.05700000002980232,0.05700000002980232,0.05700000002980232,0.05700000002980232,0.05700000002980232,2260.0
2024-10-25 10:04:00+00:00,ALGM,22.670000076293945,22.670000076293945,22.670000076293945,22.63170051574707,22.655000686645508,11167.0
2024-10-25 10:04:00+00:00,ALKT,38.39500045776367,38.39500045776367,38.39500045776367,38.36000061035156,38.369998931884766,819.0
2024-10-25 10:04:00+00:00,ALTR,105.6500015258789,105.6500015258789,105.68499755859375,105.6500015258789,105.68499755859375,875.0
2024-10-25 10:04:00+00:00,AMAT,188.97999572753906,188.97999572753906,189.0,188.75180053710938,188.94500732421875,13302.0
2024-10-25 10:04:00+00:00,AMBA,58.29999923706055,58.29999923706055,58.31999969482422,58.29999923706055,58.31999969482422,1030.0
2024-10-25 10:04:00+00:00,AMD,158.56500244140625,158.56500244140625,158.64999389648438,158.38999938964844,158.44000244140625,189759.0
2024-10-25 10:04:00+00:00,AMKR,29.950000762939453,29.950000762939453,30.010000228881836,29.950000762939453,30.0,8005.0
2024-10-25 10:04:00+00:00,AMPL,9.21500015258789,9.21500015258789,9.21500015258789,9.21500015258789,9.21500015258789,1829.0
2024-10-25 10:04:00+00:00,AOSL,36.689998626708984,36.689998626708984,36.689998626708984,36.689998626708984,36.689998626708984,2120.0
2024-10-25 10:04:00+00:00,APP,162.49989318847656,162.49989318847656,162.5500030517578,162.30999755859375,162.4199981689453,20616.0
2024-10-25 10:04:00+00:00,APPF,228.49000549316406,228.49000549316406,228.60000610351562,227.30999755859375,228.60000610351562,2926.0
2024-10-25 10:04:00+00:00,APPN,32.439998626708984,32.439998626708984,32.439998626708984,32.439998626708984,32.439998626708984,180.0
2024-10-25 10:04:00+00:00,APPS,3.1549999713897705,3.1549999713897705,3.1559998989105225,3.1545000076293945,3.1559998989105225,5903.0
2024-10-25 10:04:00+00:00,ARQQ,7.809999942779541,7.809999942779541,7.809999942779541,7.800000190734863,7.809999942779541,827.0
2024-10-25 10:04:00+00:00,ARRY,6.349999904632568,6.349999904632568,6.349999904632568,6.340000152587891,6.340000152587891,4036.0
2024-10-25 10:04:00+00:00,ASML,721.0,721.0,721.0599975585938,720.35009765625,720.35009765625,6908.0
2024-10-25 10:04:00+00:00,AUR,6.384699821472168,6.384699821472168,6.389999866485596,6.384699821472168,6.389999866485596,5229.0
2024-10-25 10:04:00+00:00,AVDX,8.25,8.25,8.25,8.244999885559082,8.25,4744.0
2024-10-25 10:04:00+00:00,AVGO,175.7100067138672,175.7100067138672,175.7696075439453,175.41000366210938,175.52999877929688,40099.0
2024-10-25 10:04:00+00:00,AVNW,20.979999542236328,20.979999542236328,20.979999542236328,20.979999542236328,20.979999542236328,111.0
2024-10-25 10:04:00+00:00,AVPT,12.140000343322754,12.140000343322754,12.140000343322754,12.140000343322754,12.140000343322754,405.0
2024-10-25 10:04:00+00:00,AVT,54.83000183105469,54.83000183105469,54.849998474121094,54.82500076293945,54.849998474121094,5576.0
2024-10-25 10:04:00+00:00,BASE,16.600000381469727,16.600000381469727,16.65999984741211,16.600000381469727,16.649999618530273,2367.0
2024-10-25 10:04:00+00:00,BIGC,5.3404998779296875,5.3404998779296875,5.3404998779296875,5.3404998779296875,5.3404998779296875,643.0
2024-10-25 10:04:00+00:00,BL,57.505001068115234,57.505001068115234,57.5099983215332,57.505001068115234,57.5099983215332,835.0
2024-10-25 10:04:00+00:00,BLKB,86.41999816894531,86.41999816894531,86.41999816894531,86.41999816894531,86.41999816894531,393.0
2024-10-25 10:04:00+00:00,BLZE,7.21999979019165,7.21999979019165,7.21999979019165,7.21999979019165,7.21999979019165,1656.0
2024-10-25 10:04:00+00:00,BRZE,31.059999465942383,31.059999465942383,31.059999465942383,31.059999465942383,31.059999465942383,433.0
2024-10-25 10:04:00+00:00,BSY,49.58000183105469,49.58000183105469,49.59000015258789,49.54999923706055,49.59000015258789,1400.0
2024-10-25 10:04:00+00:00,CAN,0.9922999739646912,0.9922999739646912,0.9997000098228455,0.9922999739646912,0.9997000098228455,11062.0
2024-10-25 10:04:00+00:00,CCSI,20.3799991607666,20.3799991607666,20.3799991607666,20.3799991607666,20.3799991607666,465.0
2024-10-25 10:04:00+00:00,CDNS,258.2900085449219,258.2900085449219,258.3399963378906,258.17498779296875,258.2200012207031,4976.0
2024-10-25 10:04:00+00:00,CDW,219.77999877929688,219.77999877929688,219.9149932861328,219.77000427246094,219.9149932861328,1611.0
2024-10-25 10:04:00+00:00,CETX,0.2985000014305115,0.2985000014305115,0.2985000014305115,0.2985000014305115,0.2985000014305115,20183.0
2024-10-25 10:04:00+00:00,CFLT,22.43000030517578,22.43000030517578,22.5,22.43000030517578,22.5,31789.0
2024-10-25 10:04:00+00:00,CGNX,39.369998931884766,39.369998931884766,39.369998931884766,39.29999923706055,39.334999084472656,60790.0
2024-10-25 10:04:00+00:00,CLSK,11.910099983215332,11.910099983215332,11.944999694824219,11.890000343322754,11.930000305175781,238052.0
2024-10-25 10:04:00+00:00,CMBM,1.25,1.25,1.25,1.25,1.25,200.0
2024-10-25 10:04:00+00:00,CNXC,45.0099983215332,45.0099983215332,45.0099983215332,44.935001373291016,44.935001373291016,373.0
2024-10-25 10:04:00+00:00,COHR,97.02999877929688,97.02999877929688,97.06999969482422,96.94000244140625,97.00499725341797,2715.0
2024-10-25 10:04:00+00:00,COHU,26.15999984741211,26.15999984741211,26.15999984741211,26.15999984741211,26.15999984741211,1007.0
2024-10-25 10:04:00+00:00,COIN,211.3282012939453,211.3282012939453,211.6699981689453,211.2100067138672,211.2100067138672,27085.0
2024-10-25 10:04:00+00:00,COMM,6.420000076293945,6.420000076293945,6.420000076293945,6.4197001457214355,6.4197001457214355,578.0
2024-10-25 10:04:00+00:00,CORZ,13.699999809265137,13.699999809265137,13.710000038146973,13.680000305175781,13.699999809265137,11408.0
2024-10-25 10:04:00+00:00,CORZW,8.100000381469727,8.100000381469727,8.100000381469727,8.100000381469727,8.100000381469727,2819.0
2024-10-25 10:04:00+00:00,CRCT,6.425000190734863,6.425000190734863,6.425000190734863,6.425000190734863,6.425000190734863,184.0
2024-10-25 10:04:00+00:00,CRDO,39.779998779296875,39.779998779296875,39.8650016784668,39.76110076904297,39.8650016784668,2527.0
2024-10-25 10:04:00+00:00,CRNC,2.859999895095825,2.859999895095825,2.859999895095825,2.859999895095825,2.859999895095825,159.0
2024-10-25 10:04:00+00:00,CRSR,6.434999942779541,6.434999942779541,6.434999942779541,6.414999961853027,6.414999961853027,960.0
2024-10-25 10:04:00+00:00,CRWD,310.34991455078125,310.34991455078125,310.34991455078125,309.82000732421875,310.3299865722656,4877.0
2024-10-25 10:04:00+00:00,CSCO,56.564998626708984,56.564998626708984,56.57490158081055,56.52000045776367,56.55500030517578,24669.0
2024-10-25 10:04:00+00:00,CSIQ,13.399999618530273,13.399999618530273,13.399999618530273,13.354000091552734,13.359999656677246,39533.0
2024-10-25 10:04:00+00:00,CTSH,75.26499938964844,75.26499938964844,75.27999877929688,75.25499725341797,75.27999877929688,3129.0
2024-10-25 10:04:00+00:00,CVLT,135.14500427246094,135.14500427246094,135.14500427246094,135.14500427246094,135.14500427246094,782.0
2024-10-25 10:04:00+00:00,CYN,3.4600000381469727,3.4600000381469727,3.678100109100342,3.4600000381469727,3.678100109100342,1541.0
2024-10-25 10:04:00+00:00,DATS,1.6200000047683716,1.6200000047683716,1.649999976158142,1.6100000143051147,1.649999976158142,2724.0
2024-10-25 10:04:00+00:00,DBX,26.09939956665039,26.09939956665039,26.100000381469727,26.09000015258789,26.100000381469727,1052.0
2024-10-25 10:04:00+00:00,DDOG,127.2699966430664,127.2699966430664,127.36000061035156,127.18499755859375,127.31999969482422,9888.0
2024-10-25 10:04:00+00:00,DGII,30.010000228881836,30.010000228881836,30.010000228881836,30.010000228881836,30.010000228881836,290.0
2024-10-25 10:04:00+00:00,DIOD,66.45999908447266,66.45999908447266,66.45999908447266,66.45999908447266,66.45999908447266,319.0
2024-10-25 10:04:00+00:00,DLO,8.8149995803833,8.8149995803833,8.819999694824219,8.8149995803833,8.819999694824219,682.0
2024-10-25 10:04:00+00:00,DOCU,70.55500030517578,70.55500030517578,70.6500015258789,70.52999877929688,70.6500015258789,9078.0
2024-10-25 10:04:00+00:00,DOX,89.8375015258789,89.8375015258789,89.84500122070312,89.8375015258789,89.84500122070312,667.0
2024-10-25 10:04:00+00:00,DUOL,285.45001220703125,285.45001220703125,285.45001220703125,284.7699890136719,284.7699890136719,1617.0
2024-10-25 10:04:00+00:00,EMKR,2.109999895095825,2.109999895095825,2.109999895095825,2.109999895095825,2.109999895095825,600.0
2024-10-25 10:04:00+00:00,ENPH,81.48999786376953,81.48999786376953,81.55000305175781,81.27999877929688,81.33000183105469,13171.0
2024-10-25 10:04:00+00:00,ENTG,105.66500091552734,105.66500091552734,105.73500061035156,105.61000061035156,105.66000366210938,4070.0
2024-10-25 10:04:00+00:00,ERIC,8.505999565124512,8.505999565124512,8.505999565124512,8.5,8.505999565124512,23416.0
2024-10-25 10:04:00+00:00,EXTR,14.614999771118164,14.614999771118164,14.635000228881836,14.609999656677246,14.635000228881836,2545.0
2024-10-25 10:04:00+00:00,FFIV,216.56500244140625,216.56500244140625,216.56500244140625,216.56500244140625,216.56500244140625,1781.0
2024-10-25 10:04:00+00:00,FIVN,30.68000030517578,30.68000030517578,30.700000762939453,30.674999237060547,30.684999465942383,12029.0
2024-10-25 10:04:00+00:00,FLEX,35.5,35.5,35.5,35.4900016784668,35.4900016784668,2484.0
2024-10-25 10:04:00+00:00,FLYW,17.770000457763672,17.770000457763672,17.770000457763672,17.770000457763672,17.770000457763672,209.0
2024-10-25 10:04:00+00:00,FORM,45.31999969482422,45.31999969482422,45.439998626708984,45.31999969482422,45.43000030517578,3153.0
2024-10-25 10:04:00+00:00,FROG,29.6200008392334,29.6200008392334,29.6200008392334,29.6200008392334,29.6200008392334,318.0
2024-10-25 10:04:00+00:00,FRSH,11.75,11.75,11.765000343322754,11.75,11.760000228881836,4187.0
2024-10-25 10:04:00+00:00,FSLR,197.58200073242188,197.58200073242188,197.85000610351562,197.32000732421875,197.85000610351562,4346.0
2024-10-25 10:04:00+00:00,FTNT,81.48500061035156,81.48500061035156,81.48999786376953,81.43000030517578,81.44999694824219,4676.0
2024-10-25 10:04:00+00:00,GCT,25.6299991607666,25.6299991607666,25.670000076293945,25.6299991607666,25.670000076293945,796.0
2024-10-25 10:04:00+00:00,GDS,21.739999771118164,21.739999771118164,21.809999465942383,21.739999771118164,21.809999465942383,5154.0
2024-10-25 10:04:00+00:00,GFS,41.02000045776367,41.02000045776367,41.09000015258789,41.0099983215332,41.03499984741211,11036.0
2024-10-25 10:04:00+00:00,GPRO,1.3300000429153442,1.3300000429153442,1.3300000429153442,1.3300000429153442,1.3300000429153442,24804.0
2024-10-25 10:04:00+00:00,GRAB,4.065000057220459,4.065000057220459,4.079899787902832,4.059999942779541,4.06850004196167,418643.0
2024-10-25 10:04:00+00:00,GRRR,4.78000020980835,4.78000020980835,4.796000003814697,4.78000020980835,4.796000003814697,5642.0
2024-10-25 10:04:00+00:00,GSIT,3.255000114440918,3.255000114440918,3.255000114440918,3.255000114440918,3.255000114440918,129.0
2024-10-25 10:04:00+00:00,GTLB,56.599998474121094,56.599998474121094,56.63999938964844,56.56999969482422,56.56999969482422,1238.0
2024-10-25 10:04:00+00:00,HCP,33.665000915527344,33.665000915527344,33.66999816894531,33.665000915527344,33.665000915527344,1290.0
2024-10-25 10:04:00+00:00,HIMX,6.204999923706055,6.204999923706055,6.204999923706055,6.204999923706055,6.204999923706055,1301.0
2024-10-25 10:04:00+00:00,HLIT,14.845000267028809,14.845000267028809,14.845000267028809,14.845000267028809,14.845000267028809,401.0
2024-10-25 10:04:00+00:00,HOLO,3.9100000858306885,3.9100000858306885,3.9200000762939453,3.8940000534057617,3.910099983215332,4954.0
2024-10-25 10:04:00+00:00,HOOD,27.369699478149414,27.369699478149414,27.44499969482422,27.350000381469727,27.415000915527344,29514.0
2024-10-25 10:04:00+00:00,HTCR,1.1050000190734863,1.1050000190734863,1.1050000190734863,1.1050000190734863,1.1050000190734863,0.0
2024-10-25 10:04:00+00:00,IMMR,8.715900421142578,8.715900421142578,8.720000267028809,8.71500015258789,8.720000267028809,1561.0
2024-10-25 10:04:00+00:00,INDI,3.5450000762939453,3.5450000762939453,3.5480000972747803,3.5399999618530273,3.5399999618530273,3559.0
2024-10-25 10:04:00+00:00,INFN,6.789999961853027,6.789999961853027,6.795000076293945,6.789999961853027,6.789999961853027,11135.0
2024-10-25 10:04:00+00:00,INOD,19.940000534057617,19.940000534057617,20.0,19.940000534057617,20.0,1043.0
2024-10-25 10:04:00+00:00,INSG,19.81999969482422,19.81999969482422,19.81999969482422,19.81999969482422,19.81999969482422,113.0
2024-10-25 10:04:00+00:00,INTA,50.16999816894531,50.16999816894531,50.18000030517578,50.16999816894531,50.18000030517578,1360.0
2024-10-25 10:04:00+00:00,INTC,23.104999542236328,23.104999542236328,23.1299991607666,23.09000015258789,23.119199752807617,256693.0
2024-10-25 10:04:00+00:00,INTU,616.2288208007812,616.2288208007812,616.2288208007812,615.9400024414062,615.9400024414062,3007.0
2024-10-25 10:04:00+00:00,IPGP,76.71499633789062,76.71499633789062,76.71499633789062,76.71499633789062,76.71499633789062,282.0
2024-10-25 10:04:00+00:00,ITRI,103.5199966430664,103.5199966430664,103.5199966430664,103.5199966430664,103.5199966430664,298.0
2024-10-25 10:04:00+00:00,JKHY,185.1199951171875,185.1199951171875,185.1199951171875,185.1199951171875,185.1199951171875,168.0
2024-10-25 10:04:00+00:00,KC,2.684999942779541,2.684999942779541,2.6988000869750977,2.684999942779541,2.694999933242798,8533.0
2024-10-25 10:04:00+00:00,KLAC,679.26611328125,679.26611328125,680.1300048828125,679.26611328125,680.1300048828125,4149.0
2024-10-25 10:04:00+00:00,KLIC,44.58000183105469,44.58000183105469,44.58000183105469,44.58000183105469,44.58000183105469,153.0
2024-10-25 10:04:00+00:00,KOPN,0.763700008392334,0.763700008392334,0.763700008392334,0.763700008392334,0.763700008392334,1147.0
2024-10-25 10:04:00+00:00,LASR,10.555000305175781,10.555000305175781,10.555000305175781,10.555000305175781,10.555000305175781,895.0
2024-10-25 10:04:00+00:00,LITE,64.80999755859375,64.80999755859375,64.80999755859375,64.75499725341797,64.75499725341797,1649.0
2024-10-25 10:04:00+00:00,LOGI,80.98999786376953,80.98999786376953,80.98999786376953,80.989501953125,80.989501953125,1001.0
2024-10-25 10:04:00+00:00,LRCX,78.4280014038086,78.4280014038086,78.47000122070312,78.33999633789062,78.44999694824219,42152.0
2024-10-25 10:04:00+00:00,LSCC,55.1150016784668,55.1150016784668,55.1150016784668,55.11000061035156,55.11000061035156,911.0
2024-10-25 10:04:00+00:00,LYFT,13.739999771118164,13.739999771118164,13.760000228881836,13.739999771118164,13.755000114440918,36071.0
2024-10-25 10:04:00+00:00,MANH,278.06500244140625,278.06500244140625,278.06500244140625,278.06500244140625,278.06500244140625,833.0
2024-10-25 10:04:00+00:00,MAPS,0.8557999730110168,0.8557999730110168,0.8557999730110168,0.8557999730110168,0.8557999730110168,716.0
2024-10-25 10:04:00+00:00,MAXN,5.593299865722656,5.593299865722656,5.608799934387207,5.593299865722656,5.608799934387207,710.0
2024-10-25 10:04:00+00:00,MCHP,77.4800033569336,77.4800033569336,77.51000213623047,77.4800033569336,77.51000213623047,5354.0
2024-10-25 10:04:00+00:00,MDB,269.9849853515625,269.9849853515625,269.9849853515625,269.6650085449219,269.8599853515625,2552.0
2024-10-25 10:04:00+00:00,MKSI,101.68499755859375,101.68499755859375,101.68499755859375,101.68499755859375,101.68499755859375,412.0
2024-10-25 10:04:00+00:00,MLAB,117.4800033569336,117.4800033569336,117.87999725341797,117.04499816894531,117.87999725341797,0.0
2024-10-25 10:04:00+00:00,MNDY,301.2601013183594,301.2601013183594,301.80499267578125,301.2601013183594,301.4100036621094,1517.0
2024-10-25 10:04:00+00:00,MOB,1.3179999589920044,1.3179999589920044,1.3179999589920044,1.3179999589920044,1.3179999589920044,1000.0
2024-10-25 10:04:00+00:00,MPWR,921.9299926757812,921.9299926757812,923.0250244140625,921.9299926757812,923.0250244140625,962.0
2024-10-25 10:04:00+00:00,MQ,5.335000038146973,5.335000038146973,5.335000038146973,5.335000038146973,5.335000038146973,2414.0
2024-10-25 10:04:00+00:00,MRIN,2.1547000408172607,2.1547000408172607,2.1547000408172607,2.1547000408172607,2.1547000408172607,240.0
2024-10-25 10:04:00+00:00,MRVL,83.11399841308594,83.11399841308594,83.11399841308594,82.98999786376953,83.0,20532.0
2024-10-25 10:04:00+00:00,MSFT,431.3420104980469,431.3420104980469,431.4599914550781,431.0,431.2650146484375,52476.0
2024-10-25 10:04:00+00:00,MSTR,239.10989379882812,239.10989379882812,239.35690307617188,238.1999969482422,239.1199951171875,66666.0
2024-10-25 10:04:00+00:00,MTC,0.36719998717308044,0.36719998717308044,0.36719998717308044,0.3652999997138977,0.3652999997138977,6900.0
2024-10-25 10:04:00+00:00,MTLS,6.029300212860107,6.029300212860107,6.029300212860107,6.029300212860107,6.029300212860107,601.0
2024-10-25 10:04:00+00:00,MTSI,119.41000366210938,119.41000366210938,119.41000366210938,119.16999816894531,119.22000122070312,4014.0
2024-10-25 10:04:00+00:00,MU,109.33999633789062,109.33999633789062,109.3949966430664,109.30999755859375,109.3364028930664,39669.0
2024-10-25 10:04:00+00:00,MVIS,1.1050000190734863,1.1050000190734863,1.1050000190734863,1.1050000190734863,1.1050000190734863,1507.0
2024-10-25 10:04:00+00:00,NCNO,38.369998931884766,38.369998931884766,38.369998931884766,38.310001373291016,38.310001373291016,3108.0
2024-10-25 10:04:00+00:00,NEON,8.020000457763672,8.020000457763672,8.029999732971191,8.020000457763672,8.029999732971191,1191.0
2024-10-25 10:04:00+00:00,NICE,177.1750030517578,177.1750030517578,177.1750030517578,177.0399932861328,177.0399932861328,620.0
2024-10-25 10:04:00+00:00,NNDM,2.3350000381469727,2.3350000381469727,2.3350000381469727,2.3350000381469727,2.3350000381469727,563.0
2024-10-25 10:04:00+00:00,NTAP,120.30999755859375,120.30999755859375,120.37999725341797,120.29000091552734,120.29000091552734,783.0
2024-10-25 10:04:00+00:00,NTCT,20.75,20.75,20.78499984741211,20.75,20.78499984741211,2005.0
2024-10-25 10:04:00+00:00,NTGR,20.540000915527344,20.540000915527344,20.540000915527344,20.540000915527344,20.540000915527344,900.0
2024-10-25 10:04:00+00:00,NTNX,62.88999938964844,62.88999938964844,63.029998779296875,62.88999938964844,63.029998779296875,1950.0
2024-10-25 10:04:00+00:00,NVDA,142.9001007080078,142.9001007080078,143.03990173339844,142.75,142.97999572753906,808085.0
2024-10-25 10:04:00+00:00,NVEI,33.529998779296875,33.529998779296875,33.529998779296875,33.529998779296875,33.529998779296875,366.0
2024-10-25 10:04:00+00:00,NVTS,2.5850000381469727,2.5850000381469727,2.5896999835968018,2.5810000896453857,2.5896999835968018,3508.0
2024-10-25 10:04:00+00:00,NXPI,245.41000366210938,245.41000366210938,245.5850067138672,245.36000061035156,245.44000244140625,8430.0
2024-10-25 10:04:00+00:00,OKTA,72.83000183105469,72.83000183105469,72.97000122070312,72.83000183105469,72.97000122070312,3201.0
2024-10-25 10:04:00+00:00,OLED,205.36500549316406,205.36500549316406,205.36500549316406,205.36500549316406,205.36500549316406,349.0
2024-10-25 10:04:00+00:00,ON,72.81999969482422,72.81999969482422,72.9000015258789,72.80000305175781,72.87999725341797,59022.0
2024-10-25 10:04:00+00:00,ONDS,0.8999000191688538,0.8999000191688538,0.8999000191688538,0.8999000191688538,0.8999000191688538,301.0
2024-10-25 10:04:00+00:00,PANW,371.04998779296875,371.04998779296875,371.04998779296875,371.04998779296875,371.04998779296875,426.0
2024-10-25 10:04:00+00:00,PAYO,8.319999694824219,8.319999694824219,8.319999694824219,8.319999694824219,8.319999694824219,1581.0
2024-10-25 10:04:00+00:00,PDFS,29.4950008392334,29.4950008392334,29.4950008392334,29.4950008392334,29.4950008392334,292.0
2024-10-25 10:04:00+00:00,PEGA,81.19999694824219,81.19999694824219,81.21499633789062,81.18309783935547,81.20999908447266,3499.0
2024-10-25 10:04:00+00:00,PEGY,4.789999961853027,4.789999961853027,4.789999961853027,4.78000020980835,4.78000020980835,1117.0
2024-10-25 10:04:00+00:00,PGY,11.9399995803833,11.9399995803833,11.9399995803833,11.869999885559082,11.904999732971191,12996.0
2024-10-25 10:04:00+00:00,PHUN,9.8149995803833,9.8149995803833,9.84000015258789,9.789999961853027,9.835000038146973,143764.0
2024-10-25 10:04:00+00:00,PI,201.02999877929688,201.02999877929688,201.16000366210938,199.8000030517578,199.80999755859375,11991.0
2024-10-25 10:04:00+00:00,PLAB,23.770000457763672,23.770000457763672,23.770000457763672,23.770000457763672,23.770000457763672,505.0
2024-10-25 10:04:00+00:00,PLXS,144.58999633789062,144.58999633789062,145.02000427246094,144.58999633789062,145.02000427246094,994.0
2024-10-25 10:04:00+00:00,POET,3.9700000286102295,3.9700000286102295,3.984999895095825,3.9700000286102295,3.9800000190734863,922.0
2024-10-25 10:04:00+00:00,POWI,63.27000045776367,63.27000045776367,63.45000076293945,63.27000045776367,63.29999923706055,11813.0
2024-10-25 10:04:00+00:00,PRCH,1.3600000143051147,1.3600000143051147,1.3600000143051147,1.3600000143051147,1.3600000143051147,919.0
2024-10-25 10:04:00+00:00,PRTH,5.369999885559082,5.369999885559082,5.369999885559082,5.369999885559082,5.369999885559082,105.0
2024-10-25 10:04:00+00:00,PTC,185.74000549316406,185.74000549316406,185.88999938964844,185.6999969482422,185.88499450683594,3218.0
2024-10-25 10:04:00+00:00,PUBM,15.140000343322754,15.140000343322754,15.15999984741211,15.10990047454834,15.109999656677246,4784.0
2024-10-25 10:04:00+00:00,PXLW,0.7746999859809875,0.7746999859809875,0.7746999859809875,0.7746999859809875,0.7746999859809875,1050.0
2024-10-25 10:04:00+00:00,QCOM,172.64999389648438,172.64999389648438,172.6999969482422,172.42999267578125,172.58999633789062,18943.0
2024-10-25 10:04:00+00:00,QMCO,5.473800182342529,5.473800182342529,5.473800182342529,5.473800182342529,5.473800182342529,930.0
2024-10-25 10:04:00+00:00,QRVO,100.60009765625,100.60009765625,100.60009765625,100.60009765625,100.60009765625,403.0
2024-10-25 10:04:00+00:00,QUBT,1.1200000047683716,1.1200000047683716,1.1297999620437622,1.1200000047683716,1.1297999620437622,4596.0
2024-10-25 10:04:00+00:00,REKR,1.1019999980926514,1.1019999980926514,1.1019999980926514,1.1019999980926514,1.1019999980926514,224.0
2024-10-25 10:04:00+00:00,RELL,13.989999771118164,13.989999771118164,13.989999771118164,13.930000305175781,13.930000305175781,761.0
2024-10-25 10:04:00+00:00,RELY,14.739999771118164,14.739999771118164,14.779999732971191,14.739999771118164,14.779999732971191,2020.0
2024-10-25 10:04:00+00:00,RGTI,1.2899999618530273,1.2899999618530273,1.2899999618530273,1.2800999879837036,1.2890000343322754,7179.0
2024-10-25 10:04:00+00:00,RIOT,10.04990005493164,10.04990005493164,10.069999694824219,10.032500267028809,10.039999961853027,64424.0
2024-10-25 10:04:00+00:00,RMBS,43.13999938964844,43.13999938964844,43.182498931884766,43.1068000793457,43.182498931884766,5197.0
2024-10-25 10:04:00+00:00,RPAY,7.71999979019165,7.71999979019165,7.71999979019165,7.71999979019165,7.71999979019165,1690.0
2024-10-25 10:04:00+00:00,RPD,39.650001525878906,39.650001525878906,39.665000915527344,39.61000061035156,39.63999938964844,3478.0
2024-10-25 10:04:00+00:00,RUM,5.59499979019165,5.59499979019165,5.599899768829346,5.59499979019165,5.59499979019165,1079.0
2024-10-25 10:04:00+00:00,RUN,14.177399635314941,14.177399635314941,14.1899995803833,14.145000457763672,14.170000076293945,64461.0
2024-10-25 10:04:00+00:00,SANM,67.87000274658203,67.87000274658203,67.93499755859375,67.79499816894531,67.79499816894531,2611.0
2024-10-25 10:04:00+00:00,SATS,25.049999237060547,25.049999237060547,25.049999237060547,25.049999237060547,25.049999237060547,441.0
2024-10-25 10:04:00+00:00,SEDG,15.599599838256836,15.599599838256836,15.600000381469727,15.569999694824219,15.599900245666504,37236.0
2024-10-25 10:04:00+00:00,SHLS,5.190000057220459,5.190000057220459,5.195000171661377,5.189000129699707,5.190000057220459,11339.0
2024-10-25 10:04:00+00:00,SIMO,57.03499984741211,57.03499984741211,57.03499984741211,57.029998779296875,57.029998779296875,2019.0
2024-10-25 10:04:00+00:00,SKYT,10.899999618530273,10.899999618530273,10.899999618530273,10.880000114440918,10.880000114440918,3406.0
2024-10-25 10:04:00+00:00,SLAB,115.8499984741211,115.8499984741211,115.8499984741211,115.8499984741211,115.8499984741211,1242.0
2024-10-25 10:04:00+00:00,SLNH,4.079999923706055,4.079999923706055,4.079999923706055,4.079999923706055,4.079999923706055,1010.0
2024-10-25 10:04:00+00:00,SMCI,47.35219955444336,47.35219955444336,47.54999923706055,47.349998474121094,47.52000045776367,114336.0
2024-10-25 10:04:00+00:00,SMTC,45.90570068359375,45.90570068359375,45.959999084472656,45.880001068115234,45.900001525878906,3419.0
2024-10-25 10:04:00+00:00,SNPS,508.3599853515625,508.3599853515625,508.3599853515625,507.68499755859375,507.68499755859375,3377.0
2024-10-25 10:04:00+00:00,SONO,12.8100004196167,12.8100004196167,12.8100004196167,12.8100004196167,12.8100004196167,660.0
2024-10-25 10:04:00+00:00,SOPA,0.9799000024795532,0.9799000024795532,0.9799000024795532,0.9797999858856201,0.9797999858856201,4250.0
2024-10-25 10:04:00+00:00,SOUN,5.358099937438965,5.358099937438965,5.369999885559082,5.350200176239014,5.364200115203857,90204.0
2024-10-25 10:04:00+00:00,SPSC,185.5749969482422,185.5749969482422,185.5749969482422,184.77000427246094,185.41000366210938,5298.0
2024-10-25 10:04:00+00:00,SSNC,70.1050033569336,70.1050033569336,70.1050033569336,69.94999694824219,69.95999908447266,18360.0
2024-10-25 10:04:00+00:00,SSYS,7.110000133514404,7.110000133514404,7.110000133514404,7.110000133514404,7.110000133514404,1023.0
2024-10-25 10:04:00+00:00,STNE,11.375,11.375,11.399999618530273,11.375,11.395000457763672,13586.0
2024-10-25 10:04:00+00:00,STX,104.08460235595703,104.08460235595703,104.31999969482422,104.0,104.30999755859375,6026.0
2024-10-25 10:04:00+00:00,SVRE,0.08550000190734863,0.08550000190734863,0.08550000190734863,0.08550000190734863,0.08550000190734863,1912.0
2024-10-25 10:04:00+00:00,SWKS,96.20999908447266,96.20999908447266,96.20999908447266,96.17500305175781,96.20999908447266,4152.0
2024-10-25 10:04:00+00:00,SYNA,73.33999633789062,73.33999633789062,73.33999633789062,73.33999633789062,73.33999633789062,614.0
2024-10-25 10:04:00+00:00,SYTA,1.2000000476837158,1.2000000476837158,1.2000000476837158,1.2000000476837158,1.2000000476837158,1107.0
2024-10-25 10:04:00+00:00,TASK,12.180000305175781,12.180000305175781,12.180000305175781,12.180000305175781,12.180000305175781,870.0
2024-10-25 10:04:00+00:00,TEAM,191.38499450683594,191.38499450683594,191.52000427246094,191.33999633789062,191.52000427246094,3934.0
2024-10-25 10:04:00+00:00,TER,112.7300033569336,112.7300033569336,112.8853988647461,112.72000122070312,112.8853988647461,6944.0
2024-10-25 10:04:00+00:00,TRMB,61.125,61.125,61.125,61.125,61.125,184.0
2024-10-25 10:04:00+00:00,TSEM,44.959999084472656,44.959999084472656,44.959999084472656,44.959999084472656,44.959999084472656,595.0
2024-10-25 10:04:00+00:00,TTD,120.69000244140625,120.69000244140625,120.83499908447266,120.62000274658203,120.83499908447266,19018.0
2024-10-25 10:04:00+00:00,TWKS,4.449999809265137,4.449999809265137,4.449999809265137,4.445000171661377,4.445000171661377,26911.0
2024-10-25 10:04:00+00:00,TXN,211.30499267578125,211.30499267578125,211.3831024169922,211.0216064453125,211.1649932861328,8525.0
2024-10-25 10:04:00+00:00,VCSA,2.490000009536743,2.490000009536743,2.490000009536743,2.490000009536743,2.490000009536743,2392.0
2024-10-25 10:04:00+00:00,VECO,29.610000610351562,29.610000610351562,29.610000610351562,29.610000610351562,29.610000610351562,137.0
2024-10-25 10:04:00+00:00,VERI,3.436000108718872,3.436000108718872,3.440000057220459,3.436000108718872,3.440000057220459,470.0
2024-10-25 10:04:00+00:00,VERX,42.505001068115234,42.505001068115234,42.505001068115234,42.505001068115234,42.505001068115234,461.0
2024-10-25 10:04:00+00:00,VIAV,9.265000343322754,9.265000343322754,9.270000457763672,9.265000343322754,9.270000457763672,766.0
2024-10-25 10:04:00+00:00,VMEO,4.739999771118164,4.739999771118164,4.760000228881836,4.739999771118164,4.760000228881836,7013.0
2024-10-25 10:04:00+00:00,VNET,3.4649999141693115,3.4649999141693115,3.4649999141693115,3.4649999141693115,3.4649999141693115,1229.0
2024-10-25 10:04:00+00:00,VRNS,57.29999923706055,57.29999923706055,57.45000076293945,57.279998779296875,57.43000030517578,8583.0
2024-10-25 10:04:00+00:00,VRSN,189.26499938964844,189.26499938964844,189.26499938964844,189.26499938964844,189.26499938964844,1218.0
2024-10-25 10:04:00+00:00,VSAT,10.34000015258789,10.34000015258789,10.34000015258789,10.34000015258789,10.34000015258789,649.0
2024-10-25 10:04:00+00:00,WATT,0.6047000288963318,0.6047000288963318,0.6047000288963318,0.6047000288963318,0.6047000288963318,5085.0
2024-10-25 10:04:00+00:00,WDAY,241.86000061035156,241.86000061035156,242.0,241.86000061035156,242.0,3870.0
2024-10-25 10:04:00+00:00,WDC,72.13999938964844,72.13999938964844,72.22000122070312,72.06999969482422,72.09500122070312,52367.0
2024-10-25 10:04:00+00:00,WISA,1.7999999523162842,1.7999999523162842,1.7999999523162842,1.7949999570846558,1.7949999570846558,5106.0
2024-10-25 10:04:00+00:00,WIX,166.48500061035156,166.48500061035156,166.6699981689453,166.48500061035156,166.6699981689453,1016.0
2024-10-25 10:04:00+00:00,XRX,10.164999961853027,10.164999961853027,10.180000305175781,10.164999961853027,10.164999961853027,1794.0
2024-10-25 10:04:00+00:00,ZBRA,365.57501220703125,365.57501220703125,365.57501220703125,365.57501220703125,365.57501220703125,429.0
2024-10-25 10:04:00+00:00,ZI,10.545000076293945,10.545000076293945,10.550000190734863,10.545000076293945,10.550000190734863,1300.0
2024-10-25 10:04:00+00:00,ZM,73.33000183105469,73.33000183105469,73.44999694824219,73.29000091552734,73.44999694824219,19917.0
2024-10-25 10:04:00+00:00,ZS,188.10989379882812,188.10989379882812,188.11000061035156,187.93600463867188,187.9600067138672,2895.0
2024-10-25 10:05:00+00:00,AAOI,17.665000915527344,17.665000915527344,17.739999771118164,17.665000915527344,17.709999084472656,4665.0
2024-10-25 10:05:00+00:00,AAPL,232.03500366210938,232.03500366210938,232.32000732421875,231.97999572753906,232.3000030517578,154328.0
2024-10-25 10:05:00+00:00,ACIW,49.30500030517578,49.30500030517578,49.30500030517578,49.30500030517578,49.30500030517578,145.0
2024-10-25 10:05:00+00:00,ACLS,91.4000015258789,91.4000015258789,91.41999816894531,91.4000015258789,91.41999816894531,703.0
2024-10-25 10:05:00+00:00,ACMR,19.7450008392334,19.7450008392334,19.770000457763672,19.741100311279297,19.75,1973.0
2024-10-25 10:05:00+00:00,ADBE,486.07000732421875,486.07000732421875,486.5899963378906,486.07000732421875,486.5899963378906,5854.0
2024-10-25 10:05:00+00:00,ADI,234.2899932861328,234.2899932861328,234.75999450683594,234.22999572753906,234.75999450683594,5997.0
2024-10-25 10:05:00+00:00,ADSK,288.0199890136719,288.0199890136719,288.2250061035156,288.0199890136719,288.2250061035156,1486.0
2024-10-25 10:05:00+00:00,ADTN,6.34499979019165,6.34499979019165,6.349999904632568,6.34499979019165,6.349999904632568,774.0
2024-10-25 10:05:00+00:00,AEHR,16.499000549316406,16.499000549316406,16.6299991607666,16.489999771118164,16.6299991607666,10104.0
2024-10-25 10:05:00+00:00,AFRM,42.0,42.0,42.0,41.935001373291016,41.959999084472656,4844.0
2024-10-25 10:05:00+00:00,AKAM,103.5199966430664,103.5199966430664,103.5199966430664,103.5199966430664,103.5199966430664,1012.0
2024-10-25 10:05:00+00:00,AKTS,0.05700000002980232,0.05700000002980232,0.057500001043081284,0.05700000002980232,0.05700000002980232,63845.0
2024-10-25 10:05:00+00:00,ALGM,22.600000381469727,22.600000381469727,22.65999984741211,22.600000381469727,22.65999984741211,10914.0
2024-10-25 10:05:00+00:00,ALTR,105.61250305175781,105.61250305175781,105.61250305175781,105.60749816894531,105.60749816894531,722.0
2024-10-25 10:05:00+00:00,AMAT,188.5800018310547,188.5800018310547,188.8800048828125,188.44000244140625,188.8699951171875,13073.0
2024-10-25 10:05:00+00:00,AMD,158.36500549316406,158.36500549316406,158.5800018310547,158.1999969482422,158.55999755859375,169540.0
2024-10-25 10:05:00+00:00,AMKR,29.90250015258789,29.90250015258789,29.96500015258789,29.90250015258789,29.96500015258789,3397.0
2024-10-25 10:05:00+00:00,ANSS,327.92999267578125,327.92999267578125,327.92999267578125,327.6700134277344,327.6700134277344,1282.0
2024-10-25 10:05:00+00:00,ANY,1.079800009727478,1.079800009727478,1.079800009727478,1.079800009727478,1.079800009727478,0.0
2024-10-25 10:05:00+00:00,APP,162.62449645996094,162.62449645996094,162.62449645996094,162.44500732421875,162.5,11276.0
2024-10-25 10:05:00+00:00,APPN,32.41999816894531,32.41999816894531,32.44070053100586,32.41999816894531,32.44070053100586,1258.0
2024-10-25 10:05:00+00:00,APPS,3.1500000953674316,3.1500000953674316,3.1500000953674316,3.1500000953674316,3.1500000953674316,156.0
2024-10-25 10:05:00+00:00,ARRY,6.355000019073486,6.355000019073486,6.360000133514404,6.349999904632568,6.349999904632568,14321.0
2024-10-25 10:05:00+00:00,ASML,720.1699829101562,720.1699829101562,721.0,720.1599731445312,720.7000122070312,7384.0
2024-10-25 10:05:00+00:00,ATOM,3.309999942779541,3.309999942779541,3.309999942779541,3.309999942779541,3.309999942779541,2000.0
2024-10-25 10:05:00+00:00,AUR,6.388999938964844,6.388999938964844,6.388999938964844,6.380000114440918,6.385000228881836,11915.0
2024-10-25 10:05:00+00:00,AVDX,8.25,8.25,8.260000228881836,8.239999771118164,8.260000228881836,2298.0
2024-10-25 10:05:00+00:00,AVGO,175.30999755859375,175.30999755859375,175.74000549316406,175.16000366210938,175.74000549316406,52807.0
2024-10-25 10:05:00+00:00,AVT,54.775001525878906,54.775001525878906,54.83000183105469,54.775001525878906,54.83000183105469,4178.0
2024-10-25 10:05:00+00:00,BAND,17.84000015258789,17.84000015258789,17.850000381469727,17.84000015258789,17.850000381469727,691.0
2024-10-25 10:05:00+00:00,BELFB,78.47000122070312,78.47000122070312,78.47000122070312,78.47000122070312,78.47000122070312,1329.0
2024-10-25 10:05:00+00:00,BIGC,5.34499979019165,5.34499979019165,5.349999904632568,5.329999923706055,5.340000152587891,2314.0
2024-10-25 10:05:00+00:00,BMBL,7.224999904632568,7.224999904632568,7.224999904632568,7.21999979019165,7.21999979019165,1363.0
2024-10-25 10:05:00+00:00,BRZE,31.03499984741211,31.03499984741211,31.075000762939453,31.03499984741211,31.075000762939453,1780.0
2024-10-25 10:05:00+00:00,CAN,0.9922999739646912,0.9922999739646912,0.9987000226974487,0.9922999739646912,0.9957000017166138,17476.0
2024-10-25 10:05:00+00:00,CDNS,258.9100036621094,258.9100036621094,258.9100036621094,258.2300109863281,258.3699951171875,24683.0
2024-10-25 10:05:00+00:00,CDW,219.86000061035156,219.86000061035156,219.97000122070312,219.83999633789062,219.97000122070312,6413.0
2024-10-25 10:05:00+00:00,CEVA,24.21500015258789,24.21500015258789,24.21500015258789,24.21500015258789,24.21500015258789,224.0
2024-10-25 10:05:00+00:00,CFLT,22.459999084472656,22.459999084472656,22.459999084472656,22.420000076293945,22.450000762939453,3292.0
2024-10-25 10:05:00+00:00,CGNT,6.659999847412109,6.659999847412109,6.659999847412109,6.659999847412109,6.659999847412109,223.0
2024-10-25 10:05:00+00:00,CGNX,39.36000061035156,39.36000061035156,39.375,39.34000015258789,39.369998931884766,1936.0
2024-10-25 10:05:00+00:00,CHKP,207.414794921875,207.414794921875,207.4949951171875,207.414794921875,207.4949951171875,1397.0
2024-10-25 10:05:00+00:00,CLBT,18.170000076293945,18.170000076293945,18.170000076293945,18.15999984741211,18.15999984741211,402.0
2024-10-25 10:05:00+00:00,CLSK,11.949999809265137,11.949999809265137,11.960000038146973,11.914999961853027,11.914999961853027,47482.0
2024-10-25 10:05:00+00:00,CNDT,3.700000047683716,3.700000047683716,3.700000047683716,3.700000047683716,3.700000047683716,1496.0
2024-10-25 10:05:00+00:00,CNXC,45.15999984741211,45.15999984741211,45.15999984741211,45.0099983215332,45.0099983215332,2304.0
2024-10-25 10:05:00+00:00,COHR,96.9800033569336,96.9800033569336,96.9800033569336,96.9800033569336,96.9800033569336,405.0
2024-10-25 10:05:00+00:00,COHU,26.1299991607666,26.1299991607666,26.18000030517578,26.1299991607666,26.18000030517578,918.0
2024-10-25 10:05:00+00:00,COIN,211.2519989013672,211.2519989013672,211.68609619140625,211.2519989013672,211.4199981689453,25178.0
2024-10-25 10:05:00+00:00,COMM,6.40500020980835,6.40500020980835,6.420000076293945,6.40500020980835,6.420000076293945,4575.0
2024-10-25 10:05:00+00:00,CORZ,13.6899995803833,13.6899995803833,13.699999809265137,13.6899995803833,13.699999809265137,4429.0
2024-10-25 10:05:00+00:00,CPSH,1.409999966621399,1.409999966621399,1.409999966621399,1.409999966621399,1.409999966621399,176.0
2024-10-25 10:05:00+00:00,CRDO,39.720001220703125,39.720001220703125,39.77000045776367,39.720001220703125,39.77000045776367,1966.0
2024-10-25 10:05:00+00:00,CRNC,2.8596999645233154,2.8596999645233154,2.8596999645233154,2.855299949645996,2.855299949645996,465.0
2024-10-25 10:05:00+00:00,CRSR,6.409999847412109,6.409999847412109,6.429999828338623,6.409999847412109,6.429999828338623,2096.0
2024-10-25 10:05:00+00:00,CRUS,122.88999938964844,122.88999938964844,123.23999786376953,122.88999938964844,123.23999786376953,1444.0
2024-10-25 10:05:00+00:00,CRWD,309.7449951171875,309.7449951171875,310.06988525390625,309.66009521484375,310.06988525390625,4943.0
2024-10-25 10:05:00+00:00,CSCO,56.474998474121094,56.474998474121094,56.564998626708984,56.474998474121094,56.560001373291016,22514.0
2024-10-25 10:05:00+00:00,CSIQ,13.489999771118164,13.489999771118164,13.489999771118164,13.430000305175781,13.449999809265137,26293.0
2024-10-25 10:05:00+00:00,CTSH,75.19999694824219,75.19999694824219,75.2699966430664,75.19999694824219,75.26499938964844,4705.0
2024-10-25 10:05:00+00:00,DAKT,13.119999885559082,13.119999885559082,13.149999618530273,13.119999885559082,13.149999618530273,568.0
2024-10-25 10:05:00+00:00,DATS,1.6100000143051147,1.6100000143051147,1.6399999856948853,1.6100000143051147,1.6399999856948853,1935.0
2024-10-25 10:05:00+00:00,DAVE,39.880001068115234,39.880001068115234,40.29999923706055,39.880001068115234,40.29999923706055,2308.0
2024-10-25 10:05:00+00:00,DBX,26.09000015258789,26.09000015258789,26.100000381469727,26.09000015258789,26.094999313354492,3017.0
2024-10-25 10:05:00+00:00,DDOG,127.16999816894531,127.16999816894531,127.25499725341797,127.16000366210938,127.25499725341797,8322.0
2024-10-25 10:05:00+00:00,DGHI,1.4199999570846558,1.4199999570846558,1.4484000205993652,1.4199999570846558,1.4484000205993652,12869.0
2024-10-25 10:05:00+00:00,DIOD,66.36000061035156,66.36000061035156,66.48999786376953,66.23999786376953,66.48999786376953,883.0
2024-10-25 10:05:00+00:00,DLO,8.8149995803833,8.8149995803833,8.8149995803833,8.8100004196167,8.8149995803833,1600.0
2024-10-25 10:05:00+00:00,DOCU,70.43000030517578,70.43000030517578,70.52999877929688,70.41000366210938,70.52999877929688,3881.0
2024-10-25 10:05:00+00:00,DOX,89.84500122070312,89.84500122070312,89.84500122070312,89.84500122070312,89.84500122070312,1292.0
2024-10-25 10:05:00+00:00,EEFT,102.11499786376953,102.11499786376953,102.25,101.62999725341797,101.62999725341797,8159.0
2024-10-25 10:05:00+00:00,EMKR,2.119999885559082,2.119999885559082,2.119999885559082,2.119999885559082,2.119999885559082,169.0
2024-10-25 10:05:00+00:00,ENPH,81.38999938964844,81.38999938964844,81.5,81.3865966796875,81.4375,9816.0
2024-10-25 10:05:00+00:00,ENTG,105.5385971069336,105.5385971069336,105.69999694824219,105.45999908447266,105.69999694824219,2420.0
2024-10-25 10:05:00+00:00,ERIC,8.5,8.5,8.507499694824219,8.5,8.5,1736.0
2024-10-25 10:05:00+00:00,EXFY,1.715000033378601,1.715000033378601,1.715000033378601,1.715000033378601,1.715000033378601,300.0
2024-10-25 10:05:00+00:00,EXLS,39.279998779296875,39.279998779296875,39.279998779296875,39.27439880371094,39.27439880371094,844.0
2024-10-25 10:05:00+00:00,EXTR,14.614999771118164,14.614999771118164,14.614999771118164,14.614999771118164,14.614999771118164,254.0
2024-10-25 10:05:00+00:00,FFIV,216.41000366210938,216.41000366210938,216.69000244140625,216.32000732421875,216.6699981689453,4525.0
2024-10-25 10:05:00+00:00,FIVN,30.614999771118164,30.614999771118164,30.65999984741211,30.614999771118164,30.65999984741211,2191.0
2024-10-25 10:05:00+00:00,FLEX,35.4900016784668,35.4900016784668,35.5,35.47999954223633,35.5,2065.0
2024-10-25 10:05:00+00:00,FLYW,17.719999313354492,17.719999313354492,17.7450008392334,17.719999313354492,17.7450008392334,1990.0
2024-10-25 10:05:00+00:00,FORM,45.15999984741211,45.15999984741211,45.310001373291016,45.11000061035156,45.310001373291016,8107.0
2024-10-25 10:05:00+00:00,FROG,29.584999084472656,29.584999084472656,29.584999084472656,29.56999969482422,29.579999923706055,1266.0
2024-10-25 10:05:00+00:00,FRSH,11.729999542236328,11.729999542236328,11.75,11.726099967956543,11.75,9120.0
2024-10-25 10:05:00+00:00,FSLR,197.2270050048828,197.2270050048828,197.85000610351562,197.0850067138672,197.6875,23485.0
2024-10-25 10:05:00+00:00,FTCI,0.7124999761581421,0.7124999761581421,0.7124999761581421,0.7059000134468079,0.7059000134468079,4816.0
2024-10-25 10:05:00+00:00,FTNT,81.44999694824219,81.44999694824219,81.5,81.41500091552734,81.5,4423.0
2024-10-25 10:05:00+00:00,GCT,25.600000381469727,25.600000381469727,25.65999984741211,25.600000381469727,25.65999984741211,651.0
2024-10-25 10:05:00+00:00,GDS,21.790000915527344,21.790000915527344,21.80500030517578,21.739999771118164,21.780000686645508,7246.0
2024-10-25 10:05:00+00:00,GFS,40.915000915527344,40.915000915527344,41.02000045776367,40.900001525878906,41.02000045776367,3777.0
2024-10-25 10:05:00+00:00,GPRO,1.3300000429153442,1.3300000429153442,1.3300000429153442,1.3250000476837158,1.3300000429153442,3091.0
2024-10-25 10:05:00+00:00,GRAB,4.074999809265137,4.074999809265137,4.079999923706055,4.059999942779541,4.065000057220459,502930.0
2024-10-25 10:05:00+00:00,GRRR,4.78000020980835,4.78000020980835,4.78000020980835,4.78000020980835,4.78000020980835,0.0
2024-10-25 10:05:00+00:00,GTLB,56.54499816894531,56.54499816894531,56.650001525878906,56.54499816894531,56.650001525878906,2827.0
2024-10-25 10:05:00+00:00,HCP,33.665000915527344,33.665000915527344,33.66999816894531,33.665000915527344,33.66999816894531,1447.0
2024-10-25 10:05:00+00:00,HIMX,6.204999923706055,6.204999923706055,6.2052001953125,6.204999923706055,6.204999923706055,1035.0
2024-10-25 10:05:00+00:00,HLIT,14.835000038146973,14.835000038146973,14.850000381469727,14.835000038146973,14.850000381469727,2841.0
2024-10-25 10:05:00+00:00,HOLO,3.8808999061584473,3.8808999061584473,3.907099962234497,3.8808999061584473,3.9001998901367188,4630.0
2024-10-25 10:05:00+00:00,HOOD,27.38599967956543,27.38599967956543,27.40999984741211,27.3700008392334,27.3700008392334,9404.0
2024-10-25 10:05:00+00:00,HTCR,1.1100000143051147,1.1100000143051147,1.1100000143051147,1.1100000143051147,1.1100000143051147,984.0
2024-10-25 10:05:00+00:00,IMMR,8.71500015258789,8.71500015258789,8.71500015258789,8.71500015258789,8.71500015258789,921.0
2024-10-25 10:05:00+00:00,INDI,3.5450000762939453,3.5450000762939453,3.549999952316284,3.5399999618530273,3.5450000762939453,4216.0
2024-10-25 10:05:00+00:00,INOD,20.02440071105957,20.02440071105957,20.02440071105957,20.02440071105957,20.02440071105957,2142.0
2024-10-25 10:05:00+00:00,INTC,23.0049991607666,23.0049991607666,23.111400604248047,23.0,23.104999542236328,336186.0
2024-10-25 10:05:00+00:00,INTU,615.4450073242188,615.4450073242188,615.6799926757812,615.4450073242188,615.6799926757812,1183.0
2024-10-25 10:05:00+00:00,INVE,3.6549999713897705,3.6549999713897705,3.6549999713897705,3.6549999713897705,3.6549999713897705,520.0
2024-10-25 10:05:00+00:00,IPGP,76.63999938964844,76.63999938964844,76.63999938964844,76.63999938964844,76.63999938964844,377.0
2024-10-25 10:05:00+00:00,ITI,7.195000171661377,7.195000171661377,7.195000171661377,7.195000171661377,7.195000171661377,189.0
2024-10-25 10:05:00+00:00,ITRI,103.66000366210938,103.66000366210938,103.66000366210938,103.66000366210938,103.66000366210938,770.0
2024-10-25 10:05:00+00:00,JAMF,16.905000686645508,16.905000686645508,16.905000686645508,16.905000686645508,16.905000686645508,727.0
2024-10-25 10:05:00+00:00,JKHY,185.28599548339844,185.28599548339844,185.28599548339844,185.28599548339844,185.28599548339844,595.0
2024-10-25 10:05:00+00:00,KC,2.684999942779541,2.684999942779541,2.684999942779541,2.684999942779541,2.684999942779541,4852.0
2024-10-25 10:05:00+00:00,KLAC,678.1099853515625,678.1099853515625,679.4749755859375,678.1099853515625,679.4749755859375,3031.0
2024-10-25 10:05:00+00:00,KLIC,44.43000030517578,44.43000030517578,44.54999923706055,44.400001525878906,44.54999923706055,3906.0
2024-10-25 10:05:00+00:00,KLTR,1.3200000524520874,1.3200000524520874,1.3200000524520874,1.3200000524520874,1.3200000524520874,0.0
2024-10-25 10:05:00+00:00,KTCC,5.880000114440918,5.880000114440918,5.880000114440918,5.880000114440918,5.880000114440918,0.0
2024-10-25 10:05:00+00:00,LITE,64.63999938964844,64.63999938964844,64.70999908447266,64.63999938964844,64.70999908447266,1577.0
2024-10-25 10:05:00+00:00,LOGI,80.91500091552734,80.91500091552734,80.93000030517578,80.88999938964844,80.9000015258789,2032.0
2024-10-25 10:05:00+00:00,LPTH,1.659999966621399,1.659999966621399,1.659999966621399,1.659999966621399,1.659999966621399,1054.0
2024-10-25 10:05:00+00:00,LRCX,78.19000244140625,78.19000244140625,78.5,78.1500015258789,78.44000244140625,102852.0
2024-10-25 10:05:00+00:00,LSCC,54.83000183105469,54.83000183105469,55.04999923706055,54.81999969482422,55.04999923706055,3837.0
2024-10-25 10:05:00+00:00,LTCH,0.41999998688697815,0.41999998688697815,0.41999998688697815,0.41999998688697815,0.41999998688697815,2500.0
2024-10-25 10:05:00+00:00,LYFT,13.713600158691406,13.713600158691406,13.734999656677246,13.710000038146973,13.734999656677246,15745.0
2024-10-25 10:05:00+00:00,MANH,278.06500244140625,278.06500244140625,278.06500244140625,278.06500244140625,278.06500244140625,562.0
2024-10-25 10:05:00+00:00,MAPS,0.8554999828338623,0.8554999828338623,0.8554999828338623,0.855400025844574,0.855400025844574,43.0
2024-10-25 10:05:00+00:00,MCHP,77.19999694824219,77.19999694824219,77.45999908447266,77.19999694824219,77.45999908447266,13585.0
2024-10-25 10:05:00+00:00,MDB,269.0199890136719,269.0199890136719,270.02459716796875,269.0199890136719,270.02459716796875,1818.0
2024-10-25 10:05:00+00:00,MITK,8.779999732971191,8.779999732971191,8.779999732971191,8.779999732971191,8.779999732971191,157.0
2024-10-25 10:05:00+00:00,MKSI,101.51000213623047,101.51000213623047,101.61000061035156,101.51000213623047,101.61000061035156,1155.0
2024-10-25 10:05:00+00:00,MKTW,0.6140000224113464,0.6140000224113464,0.6140000224113464,0.61080002784729,0.61080002784729,656.0
2024-10-25 10:05:00+00:00,MPWR,922.3699951171875,922.3699951171875,922.3699951171875,922.3699951171875,922.3699951171875,1034.0
2024-10-25 10:05:00+00:00,MQ,5.329999923706055,5.329999923706055,5.329999923706055,5.329999923706055,5.329999923706055,1032.0
2024-10-25 10:05:00+00:00,MRAM,6.150000095367432,6.150000095367432,6.170000076293945,6.150000095367432,6.170000076293945,1493.0
2024-10-25 10:05:00+00:00,MRVL,82.95010375976562,82.95010375976562,83.11000061035156,82.88999938964844,83.11000061035156,26687.0
2024-10-25 10:05:00+00:00,MSFT,431.20001220703125,431.20001220703125,431.3900146484375,430.9901123046875,431.3900146484375,40342.0
2024-10-25 10:05:00+00:00,MSTR,238.87989807128906,238.87989807128906,239.5,238.12930297851562,239.10000610351562,52884.0
2024-10-25 10:05:00+00:00,MTC,0.36910000443458557,0.36910000443458557,0.36910000443458557,0.36890000104904175,0.36890000104904175,8700.0
2024-10-25 10:05:00+00:00,MTLS,6.025000095367432,6.025000095367432,6.025000095367432,6.025000095367432,6.025000095367432,688.0
2024-10-25 10:05:00+00:00,MTSI,119.02999877929688,119.02999877929688,119.63999938964844,119.02999877929688,119.41999816894531,11755.0
2024-10-25 10:05:00+00:00,MTTR,4.671800136566162,4.671800136566162,4.671800136566162,4.670000076293945,4.670000076293945,555.0
2024-10-25 10:05:00+00:00,MU,109.06999969482422,109.06999969482422,109.32039642333984,108.98999786376953,109.32039642333984,45389.0
2024-10-25 10:05:00+00:00,MVIS,1.1050000190734863,1.1050000190734863,1.1050000190734863,1.1050000190734863,1.1050000190734863,169.0
2024-10-25 10:05:00+00:00,MXL,15.007499694824219,15.007499694824219,15.020000457763672,14.970000267028809,15.020000457763672,5084.0
2024-10-25 10:05:00+00:00,NCNO,38.31999969482422,38.31999969482422,38.31999969482422,38.31999969482422,38.31999969482422,766.0
2024-10-25 10:05:00+00:00,NICE,176.9949951171875,176.9949951171875,177.0,176.99000549316406,177.0,1153.0
2024-10-25 10:05:00+00:00,NSIT,212.6750030517578,212.6750030517578,212.6750030517578,212.6750030517578,212.6750030517578,119.0
2024-10-25 10:05:00+00:00,NTAP,120.11000061035156,120.11000061035156,120.26000213623047,120.11000061035156,120.26000213623047,3565.0
2024-10-25 10:05:00+00:00,NTNX,62.95000076293945,62.95000076293945,62.95500183105469,62.95000076293945,62.95500183105469,2325.0
2024-10-25 10:05:00+00:00,NVDA,142.83799743652344,142.83799743652344,142.94000244140625,142.61199951171875,142.91000366210938,683843.0
2024-10-25 10:05:00+00:00,NVEI,33.529998779296875,33.529998779296875,33.529998779296875,33.529998779296875,33.529998779296875,300.0
2024-10-25 10:05:00+00:00,NVTS,2.565000057220459,2.565000057220459,2.5799999237060547,2.560699939727783,2.5799999237060547,12668.0
2024-10-25 10:05:00+00:00,NXPI,244.36000061035156,244.36000061035156,245.41000366210938,244.1300048828125,245.36000061035156,7566.0
2024-10-25 10:05:00+00:00,OKTA,72.88999938964844,72.88999938964844,72.93099975585938,72.81999969482422,72.93099975585938,4073.0
2024-10-25 10:05:00+00:00,OLED,205.0500030517578,205.0500030517578,205.36000061035156,204.83999633789062,205.36000061035156,2159.0
2024-10-25 10:05:00+00:00,ON,72.50499725341797,72.50499725341797,72.80999755859375,72.44000244140625,72.79000091552734,26238.0
2024-10-25 10:05:00+00:00,OSIS,137.6199951171875,137.6199951171875,137.6199951171875,137.6199951171875,137.6199951171875,879.0
2024-10-25 10:05:00+00:00,OSS,2.4579999446868896,2.4579999446868896,2.4579999446868896,2.4579999446868896,2.4579999446868896,877.0
2024-10-25 10:05:00+00:00,OTEX,33.560001373291016,33.560001373291016,33.560001373291016,33.54999923706055,33.54999923706055,781.0
2024-10-25 10:05:00+00:00,PANW,370.7550048828125,370.7550048828125,370.92999267578125,370.5,370.5,2444.0
2024-10-25 10:05:00+00:00,PAYO,8.3149995803833,8.3149995803833,8.3149995803833,8.3149995803833,8.3149995803833,1958.0
2024-10-25 10:05:00+00:00,PCTY,173.5800018310547,173.5800018310547,173.9949951171875,173.5800018310547,173.9949951171875,1087.0
2024-10-25 10:05:00+00:00,PEGA,81.2699966430664,81.2699966430664,81.2699966430664,81.19499969482422,81.19499969482422,5643.0
2024-10-25 10:05:00+00:00,PEGY,4.785799980163574,4.785799980163574,4.785799980163574,4.785799980163574,4.785799980163574,193.0
2024-10-25 10:05:00+00:00,PHUN,9.920299530029297,9.920299530029297,9.960000038146973,9.8100004196167,9.819999694824219,179226.0
2024-10-25 10:05:00+00:00,PI,200.02999877929688,200.02999877929688,201.2899932861328,199.56500244140625,201.2899932861328,31715.0
2024-10-25 10:05:00+00:00,PLAB,23.690000534057617,23.690000534057617,23.690000534057617,23.690000534057617,23.690000534057617,761.0
2024-10-25 10:05:00+00:00,POET,3.958899974822998,3.958899974822998,3.9700000286102295,3.9500999450683594,3.9700000286102295,7327.0
2024-10-25 10:05:00+00:00,POWI,63.13999938964844,63.13999938964844,63.3661003112793,63.125,63.2400016784668,3807.0
2024-10-25 10:05:00+00:00,PRSO,1.7100000381469727,1.7100000381469727,1.7380000352859497,1.7100000381469727,1.732800006866455,2475.0
2024-10-25 10:05:00+00:00,PUBM,15.130000114440918,15.130000114440918,15.130000114440918,15.130000114440918,15.130000114440918,182.0
2024-10-25 10:05:00+00:00,PYCR,14.529999732971191,14.529999732971191,14.529999732971191,14.520000457763672,14.520000457763672,1415.0
2024-10-25 10:05:00+00:00,QCOM,172.27000427246094,172.27000427246094,172.63999938964844,172.25999450683594,172.6199951171875,15497.0
2024-10-25 10:05:00+00:00,QMCO,5.329999923706055,5.329999923706055,5.329999923706055,5.329999923706055,5.329999923706055,1524.0
2024-10-25 10:05:00+00:00,QRVO,100.44999694824219,100.44999694824219,100.58999633789062,100.44999694824219,100.58999633789062,2243.0
2024-10-25 10:05:00+00:00,QUBT,1.1175999641418457,1.1175999641418457,1.1299999952316284,1.100000023841858,1.125,42873.0
2024-10-25 10:05:00+00:00,RCAT,2.7750000953674316,2.7750000953674316,2.7750000953674316,2.7699999809265137,2.7699999809265137,11445.0
2024-10-25 10:05:00+00:00,REKR,1.1024999618530273,1.1024999618530273,1.1024999618530273,1.1024999618530273,1.1024999618530273,400.0
2024-10-25 10:05:00+00:00,RELY,14.75,14.75,14.75,14.75,14.75,283.0
2024-10-25 10:05:00+00:00,RGTI,1.2999999523162842,1.2999999523162842,1.2999999523162842,1.2893999814987183,1.2893999814987183,21580.0
2024-10-25 10:05:00+00:00,RIOT,10.076000213623047,10.076000213623047,10.088899612426758,10.043999671936035,10.043999671936035,136389.0
2024-10-25 10:05:00+00:00,RMBS,43.08000183105469,43.08000183105469,43.184600830078125,43.08000183105469,43.15999984741211,1858.0
2024-10-25 10:05:00+00:00,RPD,39.54999923706055,39.54999923706055,39.650001525878906,39.54999923706055,39.630001068115234,3883.0
2024-10-25 10:05:00+00:00,RUM,5.61269998550415,5.61269998550415,5.619999885559082,5.599999904632568,5.599999904632568,10412.0
2024-10-25 10:05:00+00:00,RUN,14.180000305175781,14.180000305175781,14.225000381469727,14.170000076293945,14.180000305175781,70518.0
2024-10-25 10:05:00+00:00,RXT,2.569999933242798,2.569999933242798,2.569999933242798,2.569999933242798,2.569999933242798,2113.0
2024-10-25 10:05:00+00:00,SANM,67.95999908447266,67.95999908447266,67.95999908447266,67.80000305175781,67.86000061035156,1870.0
2024-10-25 10:05:00+00:00,SATS,25.100000381469727,25.100000381469727,25.100000381469727,25.06999969482422,25.06999969482422,1252.0
2024-10-25 10:05:00+00:00,SCSC,45.53499984741211,45.53499984741211,45.53499984741211,45.53499984741211,45.53499984741211,262.0
2024-10-25 10:05:00+00:00,SCWX,8.385000228881836,8.385000228881836,8.385000228881836,8.385000228881836,8.385000228881836,1160.0
2024-10-25 10:05:00+00:00,SEDG,15.619999885559082,15.619999885559082,15.670000076293945,15.600000381469727,15.600000381469727,53616.0
2024-10-25 10:05:00+00:00,SHLS,5.190000057220459,5.190000057220459,5.195000171661377,5.190000057220459,5.195000171661377,5752.0
2024-10-25 10:05:00+00:00,SIMO,57.040000915527344,57.040000915527344,57.040000915527344,57.040000915527344,57.040000915527344,552.0
2024-10-25 10:05:00+00:00,SITM,184.25,184.25,184.25,184.25,184.25,313.0
2024-10-25 10:05:00+00:00,SKYT,10.890000343322754,10.890000343322754,10.899999618530273,10.890000343322754,10.899999618530273,1209.0
2024-10-25 10:05:00+00:00,SLNHP,12.1899995803833,12.1899995803833,12.1899995803833,12.140000343322754,12.140000343322754,2639.0
2024-10-25 10:05:00+00:00,SMCI,47.31999969482422,47.31999969482422,47.400001525878906,47.23440170288086,47.31999969482422,132751.0
2024-10-25 10:05:00+00:00,SMSI,0.804099977016449,0.804099977016449,0.804099977016449,0.804099977016449,0.804099977016449,380.0
2024-10-25 10:05:00+00:00,SMTC,45.84000015258789,45.84000015258789,45.84000015258789,45.84000015258789,45.84000015258789,2248.0
2024-10-25 10:05:00+00:00,SNPS,507.67999267578125,507.67999267578125,507.68499755859375,507.67999267578125,507.68499755859375,2006.0
2024-10-25 10:05:00+00:00,SONO,12.8149995803833,12.8149995803833,12.819999694824219,12.8149995803833,12.819999694824219,1493.0
2024-10-25 10:05:00+00:00,SOPA,0.9799000024795532,0.9799000024795532,0.9799000024795532,0.9799000024795532,0.9799000024795532,100.0
2024-10-25 10:05:00+00:00,SOUN,5.359899997711182,5.359899997711182,5.364999771118164,5.349999904632568,5.355000019073486,24838.0
2024-10-25 10:05:00+00:00,SPT,27.639999389648438,27.639999389648438,27.639999389648438,27.600000381469727,27.639999389648438,947.0
2024-10-25 10:05:00+00:00,SSNC,70.03600311279297,70.03600311279297,70.125,70.0250015258789,70.12000274658203,6723.0
2024-10-25 10:05:00+00:00,SSYS,7.119999885559082,7.119999885559082,7.119999885559082,7.119999885559082,7.119999885559082,206.0
2024-10-25 10:05:00+00:00,STNE,11.350000381469727,11.350000381469727,11.360300064086914,11.350000381469727,11.360099792480469,2638.0
2024-10-25 10:05:00+00:00,STX,104.11000061035156,104.11000061035156,104.11000061035156,104.11000061035156,104.11000061035156,1223.0
2024-10-25 10:05:00+00:00,SVRE,0.08529999852180481,0.08529999852180481,0.08529999852180481,0.08529999852180481,0.08529999852180481,10193.0
2024-10-25 10:05:00+00:00,SWKS,95.98999786376953,95.98999786376953,96.2249984741211,95.95999908447266,96.20999908447266,7724.0
2024-10-25 10:05:00+00:00,SYNA,73.27999877929688,73.27999877929688,73.4800033569336,73.25,73.47000122070312,2338.0
2024-10-25 10:05:00+00:00,SYTA,1.2100000381469727,1.2100000381469727,1.2100000381469727,1.2000000476837158,1.2000000476837158,789.0
2024-10-25 10:05:00+00:00,TASK,12.220000267028809,12.220000267028809,12.220000267028809,12.1899995803833,12.1899995803833,902.0
2024-10-25 10:05:00+00:00,TEAM,191.33999633789062,191.33999633789062,191.38499450683594,191.33999633789062,191.38499450683594,2540.0
2024-10-25 10:05:00+00:00,TENB,41.43000030517578,41.43000030517578,41.43000030517578,41.43000030517578,41.43000030517578,664.0
2024-10-25 10:05:00+00:00,TER,112.62000274658203,112.62000274658203,112.77999877929688,112.5,112.7699966430664,21765.0
2024-10-25 10:05:00+00:00,TLS,3.640000104904175,3.640000104904175,3.640000104904175,3.640000104904175,3.640000104904175,562.0
2024-10-25 10:05:00+00:00,TRMB,61.10499954223633,61.10499954223633,61.16999816894531,61.10499954223633,61.16999816894531,3728.0
2024-10-25 10:05:00+00:00,TSEM,44.959999084472656,44.959999084472656,44.959999084472656,44.959999084472656,44.959999084472656,387.0
2024-10-25 10:05:00+00:00,TTD,120.44999694824219,120.44999694824219,120.68000030517578,120.41999816894531,120.66999816894531,3995.0
2024-10-25 10:05:00+00:00,TTMI,19.530099868774414,19.530099868774414,19.55500030517578,19.530099868774414,19.540000915527344,577.0
2024-10-25 10:05:00+00:00,TWKS,4.446000099182129,4.446000099182129,4.449999809265137,4.446000099182129,4.449999809265137,3726.0
2024-10-25 10:05:00+00:00,TXN,210.71499633789062,210.71499633789062,211.3249969482422,210.71499633789062,211.3249969482422,7527.0
2024-10-25 10:05:00+00:00,UCTT,36.0,36.0,36.04949951171875,36.0,36.04949951171875,1408.0
2024-10-25 10:05:00+00:00,VECO,29.600000381469727,29.600000381469727,29.65999984741211,29.559999465942383,29.635000228881836,3540.0
2024-10-25 10:05:00+00:00,VERX,42.42499923706055,42.42499923706055,42.459999084472656,42.400001525878906,42.459999084472656,1578.0
2024-10-25 10:05:00+00:00,VIAV,9.265000343322754,9.265000343322754,9.265000343322754,9.265000343322754,9.265000343322754,1411.0
2024-10-25 10:05:00+00:00,VMEO,4.739999771118164,4.739999771118164,4.744999885559082,4.739999771118164,4.744999885559082,486.0
2024-10-25 10:05:00+00:00,VRAR,0.7017999887466431,0.7017999887466431,0.7017999887466431,0.7017999887466431,0.7017999887466431,0.0
2024-10-25 10:05:00+00:00,VRNS,57.36000061035156,57.36000061035156,57.36000061035156,57.29249954223633,57.36000061035156,2335.0
2024-10-25 10:05:00+00:00,VSAT,10.345000267028809,10.345000267028809,10.345999717712402,10.345000267028809,10.345999717712402,3018.0
2024-10-25 10:05:00+00:00,VUZI,1.3250000476837158,1.3250000476837158,1.3250000476837158,1.3250000476837158,1.3250000476837158,134.0
2024-10-25 10:05:00+00:00,WALD,3.6500000953674316,3.6500000953674316,3.6500000953674316,3.6500000953674316,3.6500000953674316,121.0
2024-10-25 10:05:00+00:00,WDAY,241.84500122070312,241.84500122070312,242.0,241.6699981689453,241.72999572753906,4271.0
2024-10-25 10:05:00+00:00,WDC,71.95500183105469,71.95500183105469,72.30999755859375,71.9281997680664,72.16999816894531,76420.0
2024-10-25 10:05:00+00:00,WISA,1.80840003490448,1.80840003490448,1.80840003490448,1.7999000549316406,1.7999000549316406,1671.0
2024-10-25 10:05:00+00:00,WRAP,1.9199999570846558,1.9199999570846558,1.9299999475479126,1.9199999570846558,1.9199999570846558,29073.0
2024-10-25 10:05:00+00:00,XPER,9.385000228881836,9.385000228881836,9.390000343322754,9.385000228881836,9.390000343322754,384.0
2024-10-25 10:05:00+00:00,XRX,10.170000076293945,10.170000076293945,10.170000076293945,10.164999961853027,10.164999961853027,1400.0
2024-10-25 10:05:00+00:00,ZBRA,365.2200012207031,365.2200012207031,365.57501220703125,365.2200012207031,365.57501220703125,461.0
2024-10-25 10:05:00+00:00,ZI,10.550000190734863,10.550000190734863,10.550000190734863,10.550000190734863,10.550000190734863,3401.0
2024-10-25 10:05:00+00:00,ZM,73.247802734375,73.247802734375,73.31999969482422,73.247802734375,73.31999969482422,4684.0
2024-10-25 10:05:00+00:00,ZS,187.77999877929688,187.77999877929688,187.77999877929688,187.77999877929688,187.77999877929688,1753.0
2024-10-25 10:06:00+00:00,AAOI,17.665000915527344,17.665000915527344,17.665000915527344,17.665000915527344,17.665000915527344,1185.0
2024-10-25 10:06:00+00:00,AAPL,231.9550018310547,231.9550018310547,232.05999755859375,231.86000061035156,232.0500030517578,110824.0
2024-10-25 10:06:00+00:00,ACIW,49.29999923706055,49.29999923706055,49.29999923706055,49.29999923706055,49.29999923706055,349.0
2024-10-25 10:06:00+00:00,ACMR,19.760000228881836,19.760000228881836,19.760000228881836,19.75,19.75,1310.0
2024-10-25 10:06:00+00:00,ADBE,486.30999755859375,486.30999755859375,486.3699951171875,486.2300109863281,486.32000732421875,3238.0
2024-10-25 10:06:00+00:00,ADI,234.49000549316406,234.49000549316406,234.49000549316406,234.07440185546875,234.3000030517578,3714.0
2024-10-25 10:06:00+00:00,ADSK,288.25201416015625,288.25201416015625,288.2850036621094,287.9150085449219,287.9150085449219,3122.0
2024-10-25 10:06:00+00:00,AEHR,16.527299880981445,16.527299880981445,16.549999237060547,16.502500534057617,16.530000686645508,5454.0
2024-10-25 10:06:00+00:00,AEYE,23.64929962158203,23.64929962158203,23.64929962158203,23.64929962158203,23.64929962158203,190.0
2024-10-25 10:06:00+00:00,AFRM,42.08290100097656,42.08290100097656,42.119998931884766,42.040000915527344,42.040000915527344,5192.0
2024-10-25 10:06:00+00:00,AKAM,103.54000091552734,103.54000091552734,103.54000091552734,103.54000091552734,103.54000091552734,240.0
2024-10-25 10:06:00+00:00,AKTS,0.05689999833703041,0.05689999833703041,0.057100001722574234,0.05689999833703041,0.05700000002980232,108614.0
2024-10-25 10:06:00+00:00,ALGM,22.600000381469727,22.600000381469727,22.6200008392334,22.600000381469727,22.6200008392334,3687.0
2024-10-25 10:06:00+00:00,ALKT,38.3650016784668,38.3650016784668,38.3650016784668,38.3650016784668,38.3650016784668,351.0
2024-10-25 10:06:00+00:00,ALTR,105.53500366210938,105.53500366210938,105.5999984741211,105.52999877929688,105.52999877929688,2877.0
2024-10-25 10:06:00+00:00,AMAT,188.47000122070312,188.47000122070312,188.55999755859375,188.3300018310547,188.51499938964844,8233.0
2024-10-25 10:06:00+00:00,AMBA,58.17169952392578,58.17169952392578,58.17169952392578,58.17169952392578,58.17169952392578,753.0
2024-10-25 10:06:00+00:00,AMD,158.375,158.375,158.39999389648438,158.22000122070312,158.36500549316406,111633.0
2024-10-25 10:06:00+00:00,AMKR,29.8700008392334,29.8700008392334,29.90999984741211,29.8700008392334,29.90999984741211,5261.0
2024-10-25 10:06:00+00:00,AMPL,9.234999656677246,9.234999656677246,9.234999656677246,9.234999656677246,9.234999656677246,491.0
2024-10-25 10:06:00+00:00,API,2.6700000762939453,2.6700000762939453,2.6700000762939453,2.6700000762939453,2.6700000762939453,3474.0
2024-10-25 10:06:00+00:00,APP,162.67630004882812,162.67630004882812,162.67630004882812,162.60000610351562,162.6199951171875,5236.0
2024-10-25 10:06:00+00:00,APPF,226.9499969482422,226.9499969482422,227.2100067138672,226.00010681152344,227.2100067138672,4229.0
2024-10-25 10:06:00+00:00,ARQQ,7.619999885559082,7.619999885559082,7.78000020980835,7.619999885559082,7.78000020980835,5609.0
2024-10-25 10:06:00+00:00,ARRY,6.364999771118164,6.364999771118164,6.369999885559082,6.349999904632568,6.355000019073486,13959.0
2024-10-25 10:06:00+00:00,ASML,720.3200073242188,720.3200073242188,720.719970703125,720.1461791992188,720.1461791992188,4676.0
2024-10-25 10:06:00+00:00,ATOM,3.309999942779541,3.309999942779541,3.319999933242798,3.309999942779541,3.319999933242798,0.0
2024-10-25 10:06:00+00:00,AUR,6.385000228881836,6.385000228881836,6.4039998054504395,6.385000228881836,6.389999866485596,10893.0
2024-10-25 10:06:00+00:00,AVDX,8.265000343322754,8.265000343322754,8.265000343322754,8.255000114440918,8.260000228881836,937.0
2024-10-25 10:06:00+00:00,AVGO,175.14990234375,175.14990234375,175.36000061035156,175.00999450683594,175.36000061035156,61219.0
2024-10-25 10:06:00+00:00,BAND,17.844999313354492,17.844999313354492,17.844999313354492,17.81999969482422,17.829999923706055,1078.0
2024-10-25 10:06:00+00:00,BASE,16.510000228881836,16.510000228881836,16.510000228881836,16.510000228881836,16.510000228881836,386.0
2024-10-25 10:06:00+00:00,BMBL,7.21999979019165,7.21999979019165,7.21999979019165,7.21999979019165,7.21999979019165,855.0
2024-10-25 10:06:00+00:00,BRZE,31.03499984741211,31.03499984741211,31.03499984741211,31.03499984741211,31.03499984741211,224.0
2024-10-25 10:06:00+00:00,BSY,49.56930160522461,49.56930160522461,49.56930160522461,49.540000915527344,49.540000915527344,987.0
2024-10-25 10:06:00+00:00,CAN,0.9950000047683716,0.9950000047683716,0.9977999925613403,0.9923999905586243,0.9958999752998352,64838.0
2024-10-25 10:06:00+00:00,CDNS,258.875,258.875,259.0270080566406,258.875,259.0,2154.0
2024-10-25 10:06:00+00:00,CDW,219.9600067138672,219.9600067138672,219.9600067138672,219.61000061035156,219.61000061035156,15284.0
2024-10-25 10:06:00+00:00,CETX,0.2989000082015991,0.2989000082015991,0.2989000082015991,0.2989000082015991,0.2989000082015991,10178.0
2024-10-25 10:06:00+00:00,CFLT,22.479999542236328,22.479999542236328,22.479999542236328,22.440000534057617,22.459999084472656,4499.0
2024-10-25 10:06:00+00:00,CGNT,6.710000038146973,6.710000038146973,6.710000038146973,6.690000057220459,6.699999809265137,3482.0
2024-10-25 10:06:00+00:00,CGNX,39.33000183105469,39.33000183105469,39.349998474121094,39.33000183105469,39.33000183105469,2750.0
2024-10-25 10:06:00+00:00,CLBT,18.139999389648438,18.139999389648438,18.149999618530273,18.139999389648438,18.149999618530273,573.0
2024-10-25 10:06:00+00:00,CLSK,12.028499603271484,12.028499603271484,12.028499603271484,11.960000038146973,11.960000038146973,162921.0
2024-10-25 10:06:00+00:00,CNDT,3.7049999237060547,3.7049999237060547,3.7049999237060547,3.7049999237060547,3.7049999237060547,735.0
2024-10-25 10:06:00+00:00,COHR,96.95999908447266,96.95999908447266,96.95999908447266,96.94999694824219,96.94999694824219,736.0
2024-10-25 10:06:00+00:00,COIN,211.8699951171875,211.8699951171875,211.94000244140625,211.44009399414062,211.60000610351562,22762.0
2024-10-25 10:06:00+00:00,COMM,6.40500020980835,6.40500020980835,6.40500020980835,6.400000095367432,6.40500020980835,914.0
2024-10-25 10:06:00+00:00,CORZ,13.720000267028809,13.720000267028809,13.750200271606445,13.699999809265137,13.699999809265137,138649.0
2024-10-25 10:06:00+00:00,CORZW,8.149999618530273,8.149999618530273,8.149999618530273,8.149999618530273,8.149999618530273,224.0
2024-10-25 10:06:00+00:00,CRCT,6.440000057220459,6.440000057220459,6.440000057220459,6.429999828338623,6.429999828338623,1102.0
2024-10-25 10:06:00+00:00,CRDO,39.689998626708984,39.689998626708984,39.7400016784668,39.689998626708984,39.720001220703125,661.0
2024-10-25 10:06:00+00:00,CRNC,2.859999895095825,2.859999895095825,2.869999885559082,2.859999895095825,2.869999885559082,3524.0
2024-10-25 10:06:00+00:00,CRUS,122.91500091552734,122.91500091552734,122.95999908447266,122.80999755859375,122.80999755859375,2041.0
2024-10-25 10:06:00+00:00,CRWD,309.9103088378906,309.9103088378906,309.9103088378906,309.6000061035156,309.6000061035156,7031.0
2024-10-25 10:06:00+00:00,CSCO,56.46500015258789,56.46500015258789,56.487998962402344,56.44499969482422,56.47880172729492,24197.0
2024-10-25 10:06:00+00:00,CSIQ,13.529999732971191,13.529999732971191,13.550000190734863,13.475000381469727,13.475000381469727,52360.0
2024-10-25 10:06:00+00:00,CTLP,9.09000015258789,9.09000015258789,9.09000015258789,9.09000015258789,9.09000015258789,279.0
2024-10-25 10:06:00+00:00,CTSH,75.23999786376953,75.23999786376953,75.23999786376953,75.19000244140625,75.20999908447266,2663.0
2024-10-25 10:06:00+00:00,CVLT,135.0,135.0,135.0449981689453,135.0,135.0449981689453,1831.0
2024-10-25 10:06:00+00:00,DAKT,13.149999618530273,13.149999618530273,13.149999618530273,13.149999618530273,13.149999618530273,501.0
2024-10-25 10:06:00+00:00,DATS,1.6101000308990479,1.6101000308990479,1.6389000415802002,1.6101000308990479,1.625,3100.0
2024-10-25 10:06:00+00:00,DBX,26.09000015258789,26.09000015258789,26.09000015258789,26.09000015258789,26.09000015258789,544.0
2024-10-25 10:06:00+00:00,DCBO,46.33000183105469,46.33000183105469,46.33000183105469,46.33000183105469,46.33000183105469,122.0
2024-10-25 10:06:00+00:00,DDOG,127.2699966430664,127.2699966430664,127.29000091552734,127.12999725341797,127.22000122070312,9781.0
2024-10-25 10:06:00+00:00,DOCU,70.36000061035156,70.36000061035156,70.44000244140625,70.36000061035156,70.44000244140625,1764.0
2024-10-25 10:06:00+00:00,EEFT,102.04499816894531,102.04499816894531,102.04499816894531,102.04499816894531,102.04499816894531,384.0
2024-10-25 10:06:00+00:00,ENPH,81.61000061035156,81.61000061035156,81.72000122070312,81.37999725341797,81.43000030517578,9948.0
2024-10-25 10:06:00+00:00,ENTG,105.37000274658203,105.37000274658203,105.37000274658203,105.37000274658203,105.37000274658203,247.0
2024-10-25 10:06:00+00:00,ERIC,8.505999565124512,8.505999565124512,8.505999565124512,8.5,8.5,20402.0
2024-10-25 10:06:00+00:00,EXTR,14.579999923706055,14.579999923706055,14.614999771118164,14.569999694824219,14.609999656677246,2940.0
2024-10-25 10:06:00+00:00,FFIV,216.4499969482422,216.4499969482422,216.4499969482422,216.3800048828125,216.41000366210938,1891.0
2024-10-25 10:06:00+00:00,FIVN,30.594999313354492,30.594999313354492,30.594999313354492,30.594999313354492,30.594999313354492,509.0
2024-10-25 10:06:00+00:00,FLEX,35.505001068115234,35.505001068115234,35.505001068115234,35.494998931884766,35.5,1379.0
2024-10-25 10:06:00+00:00,FLYW,17.719999313354492,17.719999313354492,17.75,17.719999313354492,17.739999771118164,2469.0
2024-10-25 10:06:00+00:00,FORM,45.209999084472656,45.209999084472656,45.209999084472656,45.209999084472656,45.209999084472656,1267.0
2024-10-25 10:06:00+00:00,FROG,29.600000381469727,29.600000381469727,29.600000381469727,29.600000381469727,29.600000381469727,499.0
2024-10-25 10:06:00+00:00,FRSH,11.729999542236328,11.729999542236328,11.75,11.725000381469727,11.729999542236328,4402.0
2024-10-25 10:06:00+00:00,FSLR,197.1750030517578,197.1750030517578,197.1750030517578,197.10350036621094,197.11500549316406,1202.0
2024-10-25 10:06:00+00:00,FTCI,0.7059000134468079,0.7059000134468079,0.7080000042915344,0.7059000134468079,0.7059000134468079,14052.0
2024-10-25 10:06:00+00:00,FTNT,81.4115982055664,81.4115982055664,81.4563980102539,81.3949966430664,81.4563980102539,5899.0
2024-10-25 10:06:00+00:00,GCT,25.6200008392334,25.6200008392334,25.639999389648438,25.594999313354492,25.600000381469727,1541.0
2024-10-25 10:06:00+00:00,GDS,21.770000457763672,21.770000457763672,21.770000457763672,21.770000457763672,21.770000457763672,459.0
2024-10-25 10:06:00+00:00,GFS,40.9900016784668,40.9900016784668,40.9900016784668,40.92499923706055,40.92499923706055,1486.0
2024-10-25 10:06:00+00:00,GPRO,1.3300000429153442,1.3300000429153442,1.3300000429153442,1.3300000429153442,1.3300000429153442,880.0
2024-10-25 10:06:00+00:00,GRAB,4.074999809265137,4.074999809265137,4.079999923706055,4.070000171661377,4.077300071716309,324012.0
2024-10-25 10:06:00+00:00,GRRR,4.769999980926514,4.769999980926514,4.769999980926514,4.769999980926514,4.769999980926514,405.0
2024-10-25 10:06:00+00:00,GTLB,56.630001068115234,56.630001068115234,56.630001068115234,56.560001373291016,56.560001373291016,1345.0
2024-10-25 10:06:00+00:00,GVP,4.619999885559082,4.619999885559082,4.619999885559082,4.619999885559082,4.619999885559082,526.0
2024-10-25 10:06:00+00:00,HCKT,24.839399337768555,24.839399337768555,24.839399337768555,24.839399337768555,24.839399337768555,730.0
2024-10-25 10:06:00+00:00,HCP,33.654998779296875,33.654998779296875,33.66999816894531,33.650001525878906,33.65999984741211,7301.0
2024-10-25 10:06:00+00:00,HEAR,16.475000381469727,16.475000381469727,16.540000915527344,16.454999923706055,16.454999923706055,2410.0
2024-10-25 10:06:00+00:00,HIMX,6.199999809265137,6.199999809265137,6.199999809265137,6.199999809265137,6.199999809265137,142.0
2024-10-25 10:06:00+00:00,HLIT,14.845000267028809,14.845000267028809,14.850000381469727,14.84000015258789,14.850000381469727,2556.0
2024-10-25 10:06:00+00:00,HOLO,3.884999990463257,3.884999990463257,3.9000000953674316,3.880000114440918,3.88919997215271,13070.0
2024-10-25 10:06:00+00:00,HOOD,27.44499969482422,27.44499969482422,27.459999084472656,27.395000457763672,27.420000076293945,50824.0
2024-10-25 10:06:00+00:00,IFBD,1.9500000476837158,1.9500000476837158,1.9500000476837158,1.9500000476837158,1.9500000476837158,981.0
2024-10-25 10:06:00+00:00,IMMR,8.71500015258789,8.71500015258789,8.71500015258789,8.71500015258789,8.71500015258789,4217.0
2024-10-25 10:06:00+00:00,IMXI,17.760000228881836,17.760000228881836,17.760000228881836,17.760000228881836,17.760000228881836,421.0
2024-10-25 10:06:00+00:00,INDI,3.5450000762939453,3.5450000762939453,3.549999952316284,3.5450000762939453,3.5450000762939453,864.0
2024-10-25 10:06:00+00:00,INFN,6.784999847412109,6.784999847412109,6.789999961853027,6.78000020980835,6.789999961853027,8133.0
2024-10-25 10:06:00+00:00,INOD,19.950000762939453,19.950000762939453,19.950000762939453,19.950000762939453,19.950000762939453,740.0
2024-10-25 10:06:00+00:00,INSG,19.81999969482422,19.81999969482422,19.81999969482422,19.81999969482422,19.81999969482422,265.0
2024-10-25 10:06:00+00:00,INTA,50.1150016784668,50.1150016784668,50.1150016784668,50.1150016784668,50.1150016784668,136.0
2024-10-25 10:06:00+00:00,INTC,23.03969955444336,23.03969955444336,23.040000915527344,23.003999710083008,23.006000518798828,308279.0
2024-10-25 10:06:00+00:00,INTU,615.8499755859375,615.8499755859375,615.8499755859375,615.4450073242188,615.4450073242188,2139.0
2024-10-25 10:06:00+00:00,KC,2.690000057220459,2.690000057220459,2.690000057220459,2.690000057220459,2.690000057220459,249.0
2024-10-25 10:06:00+00:00,KLAC,678.7702026367188,678.7702026367188,678.7702026367188,678.1099853515625,678.1099853515625,815.0
2024-10-25 10:06:00+00:00,KLIC,44.43000030517578,44.43000030517578,44.43000030517578,44.43000030517578,44.43000030517578,316.0
2024-10-25 10:06:00+00:00,KPLT,8.979999542236328,8.979999542236328,8.979999542236328,8.979999542236328,8.979999542236328,450.0
2024-10-25 10:06:00+00:00,LPSN,1.2181999683380127,1.2181999683380127,1.2181999683380127,1.215000033378601,1.215000033378601,1002.0
2024-10-25 10:06:00+00:00,LRCX,78.16500091552734,78.16500091552734,78.2249984741211,78.06999969482422,78.22000122070312,62539.0
2024-10-25 10:06:00+00:00,LSCC,54.85749816894531,54.85749816894531,54.85749816894531,54.83000183105469,54.845001220703125,2264.0
2024-10-25 10:06:00+00:00,LYFT,13.710000038146973,13.710000038146973,13.720000267028809,13.70460033416748,13.71500015258789,19535.0
2024-10-25 10:06:00+00:00,MANH,278.05499267578125,278.05499267578125,278.05499267578125,278.05499267578125,278.05499267578125,737.0
2024-10-25 10:06:00+00:00,MAPS,0.8575999736785889,0.8575999736785889,0.8575999736785889,0.8575999736785889,0.8575999736785889,3692.0
2024-10-25 10:06:00+00:00,MAXN,5.614999771118164,5.614999771118164,5.614999771118164,5.610000133514404,5.610000133514404,751.0
2024-10-25 10:06:00+00:00,MCHP,77.16999816894531,77.16999816894531,77.19999694824219,77.16000366210938,77.19999694824219,6462.0
2024-10-25 10:06:00+00:00,MDB,269.2325134277344,269.2325134277344,269.3230895996094,269.1199951171875,269.2099914550781,1933.0
2024-10-25 10:06:00+00:00,MIND,3.490000009536743,3.490000009536743,3.490000009536743,3.490000009536743,3.490000009536743,83.0
2024-10-25 10:06:00+00:00,MKSI,101.37000274658203,101.37000274658203,101.55999755859375,101.37000274658203,101.55999755859375,5493.0
2024-10-25 10:06:00+00:00,MNDY,301.6000061035156,301.6000061035156,301.6000061035156,301.6000061035156,301.6000061035156,558.0
2024-10-25 10:06:00+00:00,MOB,1.323699951171875,1.323699951171875,1.323699951171875,1.323699951171875,1.323699951171875,501.0
2024-10-25 10:06:00+00:00,MQ,5.340000152587891,5.340000152587891,5.349999904632568,5.335000038146973,5.335000038146973,12541.0
2024-10-25 10:06:00+00:00,MRVL,82.94000244140625,82.94000244140625,82.94999694824219,82.875,82.94999694824219,6487.0
2024-10-25 10:06:00+00:00,MSFT,431.3949890136719,431.3949890136719,431.489990234375,431.19500732421875,431.2217102050781,34440.0
2024-10-25 10:06:00+00:00,MSTR,240.49989318847656,240.49989318847656,240.5,238.22000122070312,238.22000122070312,94221.0
2024-10-25 10:06:00+00:00,MTC,0.3695000112056732,0.3695000112056732,0.3695000112056732,0.36910000443458557,0.36910000443458557,11091.0
2024-10-25 10:06:00+00:00,MTSI,119.18000030517578,119.18000030517578,119.18000030517578,119.0,119.0,2376.0
2024-10-25 10:06:00+00:00,MTTR,4.679999828338623,4.679999828338623,4.679999828338623,4.675000190734863,4.675000190734863,304.0
2024-10-25 10:06:00+00:00,MU,109.07499694824219,109.07499694824219,109.10820007324219,108.95999908447266,109.08989715576172,30941.0
2024-10-25 10:06:00+00:00,MVIS,1.1050000190734863,1.1050000190734863,1.1050000190734863,1.1050000190734863,1.1050000190734863,1083.0
2024-10-25 10:06:00+00:00,MXL,14.930000305175781,14.930000305175781,14.975000381469727,14.899999618530273,14.975000381469727,5811.0
2024-10-25 10:06:00+00:00,MYNA,1.1749999523162842,1.1749999523162842,1.1749999523162842,1.1749999523162842,1.1749999523162842,256.0
2024-10-25 10:06:00+00:00,NCNO,38.27000045776367,38.27000045776367,38.27000045776367,38.26499938964844,38.26499938964844,1059.0
2024-10-25 10:06:00+00:00,NICE,177.02000427246094,177.02000427246094,177.2393035888672,176.64999389648438,177.0,2060.0
2024-10-25 10:06:00+00:00,NSIT,212.27999877929688,212.27999877929688,212.27999877929688,212.27999877929688,212.27999877929688,279.0
2024-10-25 10:06:00+00:00,NTAP,120.11499786376953,120.11499786376953,120.2300033569336,120.06999969482422,120.06999969482422,3494.0
2024-10-25 10:06:00+00:00,NTGR,20.6200008392334,20.6200008392334,20.6200008392334,20.6200008392334,20.6200008392334,134.0
2024-10-25 10:06:00+00:00,NVDA,142.7366943359375,142.7366943359375,142.88499450683594,142.64999389648438,142.85049438476562,468944.0
2024-10-25 10:06:00+00:00,NVEI,33.53499984741211,33.53499984741211,33.53499984741211,33.529998779296875,33.529998779296875,583.0
2024-10-25 10:06:00+00:00,NVTS,2.565000057220459,2.565000057220459,2.569999933242798,2.560699939727783,2.569700002670288,2670.0
2024-10-25 10:06:00+00:00,NXPI,244.4250030517578,244.4250030517578,244.53500366210938,244.41000366210938,244.53500366210938,5677.0
2024-10-25 10:06:00+00:00,OKTA,72.87000274658203,72.87000274658203,72.87000274658203,72.87000274658203,72.87000274658203,2813.0
2024-10-25 10:06:00+00:00,ON,72.55000305175781,72.55000305175781,72.58999633789062,72.5,72.5,26218.0
2024-10-25 10:06:00+00:00,OTEX,33.56999969482422,33.56999969482422,33.56999969482422,33.560001373291016,33.56999969482422,1228.0
2024-10-25 10:06:00+00:00,PANW,371.4599914550781,371.4599914550781,371.4599914550781,370.5201110839844,370.5201110839844,8737.0
2024-10-25 10:06:00+00:00,PAYO,8.300000190734863,8.300000190734863,8.3100004196167,8.300000190734863,8.3100004196167,2483.0
2024-10-25 10:06:00+00:00,PEGA,81.19999694824219,81.19999694824219,81.22000122070312,81.17160034179688,81.22000122070312,4792.0
2024-10-25 10:06:00+00:00,PEGY,4.760000228881836,4.760000228881836,4.760000228881836,4.730000019073486,4.730000019073486,909.0
2024-10-25 10:06:00+00:00,PGY,11.944999694824219,11.944999694824219,11.960000038146973,11.944999694824219,11.960000038146973,1028.0
2024-10-25 10:06:00+00:00,PHUN,9.9399995803833,9.9399995803833,10.039999961853027,9.899999618530273,9.920100212097168,221810.0
2024-10-25 10:06:00+00:00,PI,200.50999450683594,200.50999450683594,200.5749969482422,200.02999877929688,200.02999877929688,5269.0
2024-10-25 10:06:00+00:00,PLXS,144.9550018310547,144.9550018310547,144.9550018310547,144.9550018310547,144.9550018310547,393.0
2024-10-25 10:06:00+00:00,POET,3.9600000381469727,3.9600000381469727,3.9600000381469727,3.9600000381469727,3.9600000381469727,0.0
2024-10-25 10:06:00+00:00,POWI,63.39500045776367,63.39500045776367,63.39500045776367,63.290000915527344,63.290000915527344,618.0
2024-10-25 10:06:00+00:00,PRST,0.003100000089034438,0.003100000089034438,0.003100000089034438,0.003100000089034438,0.003100000089034438,39398.0
2024-10-25 10:06:00+00:00,PYCR,14.510000228881836,14.510000228881836,14.510000228881836,14.5,14.5,833.0
2024-10-25 10:06:00+00:00,QCOM,172.25999450683594,172.25999450683594,172.3300018310547,172.10000610351562,172.3300018310547,9933.0
2024-10-25 10:06:00+00:00,QRVO,100.4000015258789,100.4000015258789,100.45999908447266,100.37000274658203,100.45999908447266,2892.0
2024-10-25 10:06:00+00:00,QUBT,1.1200000047683716,1.1200000047683716,1.1200000047683716,1.1100000143051147,1.1150000095367432,4224.0
2024-10-25 10:06:00+00:00,RCAT,2.7750000953674316,2.7750000953674316,2.7799999713897705,2.7750000953674316,2.7799999713897705,589.0
2024-10-25 10:06:00+00:00,REKR,1.100000023841858,1.100000023841858,1.1050000190734863,1.100000023841858,1.100000023841858,4801.0
2024-10-25 10:06:00+00:00,RELY,14.75,14.75,14.75,14.75,14.75,900.0
2024-10-25 10:06:00+00:00,RGTI,1.2900999784469604,1.2900999784469604,1.2999999523162842,1.2899999618530273,1.2899999618530273,30286.0
2024-10-25 10:06:00+00:00,RIOT,10.113499641418457,10.113499641418457,10.114999771118164,10.069999694824219,10.079999923706055,124451.0
2024-10-25 10:06:00+00:00,RMBS,43.05670166015625,43.05670166015625,43.060001373291016,43.05670166015625,43.060001373291016,544.0
2024-10-25 10:06:00+00:00,RMNI,1.7400000095367432,1.7400000095367432,1.7400000095367432,1.725000023841858,1.725000023841858,11432.0
2024-10-25 10:06:00+00:00,RUM,5.650000095367432,5.650000095367432,5.650000095367432,5.613999843597412,5.619900226593018,24032.0
2024-10-25 10:06:00+00:00,RUN,14.194999694824219,14.194999694824219,14.220000267028809,14.180299758911133,14.1899995803833,53520.0
2024-10-25 10:06:00+00:00,RXT,2.559999942779541,2.559999942779541,2.559999942779541,2.559999942779541,2.559999942779541,1309.0
2024-10-25 10:06:00+00:00,SANM,67.93499755859375,67.93499755859375,67.93499755859375,67.93499755859375,67.93499755859375,577.0
2024-10-25 10:06:00+00:00,SATS,25.155000686645508,25.155000686645508,25.170000076293945,25.110000610351562,25.110000610351562,4572.0
2024-10-25 10:06:00+00:00,SCWX,8.385000228881836,8.385000228881836,8.385000228881836,8.380000114440918,8.380000114440918,639.0
2024-10-25 10:06:00+00:00,SEDG,15.680000305175781,15.680000305175781,15.710000038146973,15.630000114440918,15.645999908447266,71144.0
2024-10-25 10:06:00+00:00,SHLS,5.195000171661377,5.195000171661377,5.195000171661377,5.190000057220459,5.195000171661377,11674.0
2024-10-25 10:06:00+00:00,SITM,183.7949981689453,183.7949981689453,183.7949981689453,183.7949981689453,183.7949981689453,476.0
2024-10-25 10:06:00+00:00,SKYT,10.902000427246094,10.902000427246094,10.90999984741211,10.869999885559082,10.909600257873535,2332.0
2024-10-25 10:06:00+00:00,SLNH,4.059999942779541,4.059999942779541,4.070000171661377,4.059999942779541,4.070000171661377,300.0
2024-10-25 10:06:00+00:00,SLNHP,12.649999618530273,12.649999618530273,12.649999618530273,12.390000343322754,12.390000343322754,5092.0
2024-10-25 10:06:00+00:00,SMCI,47.31999969482422,47.31999969482422,47.36000061035156,47.27000045776367,47.314998626708984,81793.0
2024-10-25 10:06:00+00:00,SMTC,45.90999984741211,45.90999984741211,45.90999984741211,45.90999984741211,45.90999984741211,160.0
2024-10-25 10:06:00+00:00,SNCR,10.871700286865234,10.871700286865234,10.871700286865234,10.871700286865234,10.871700286865234,234.0
2024-10-25 10:06:00+00:00,SNPS,508.1499938964844,508.1499938964844,508.1499938964844,507.67999267578125,507.67999267578125,644.0
2024-10-25 10:06:00+00:00,SONO,12.835000038146973,12.835000038146973,12.850299835205078,12.8149995803833,12.826000213623047,6166.0
2024-10-25 10:06:00+00:00,SOPA,0.9850000143051147,0.9850000143051147,0.9850000143051147,0.9850000143051147,0.9850000143051147,0.0
2024-10-25 10:06:00+00:00,SOUN,5.34499979019165,5.34499979019165,5.360000133514404,5.342599868774414,5.355999946594238,47365.0
2024-10-25 10:06:00+00:00,SSNC,70.0999984741211,70.0999984741211,70.0999984741211,69.98999786376953,70.0,12498.0
2024-10-25 10:06:00+00:00,SSYS,7.119999885559082,7.119999885559082,7.119999885559082,7.119999885559082,7.119999885559082,82.0
2024-10-25 10:06:00+00:00,STER,16.780000686645508,16.780000686645508,16.780000686645508,16.780000686645508,16.780000686645508,233.0
2024-10-25 10:06:00+00:00,STNE,11.354999542236328,11.354999542236328,11.359999656677246,11.345000267028809,11.345000267028809,1898.0
2024-10-25 10:06:00+00:00,STX,104.1769027709961,104.1769027709961,104.18779754638672,104.0999984741211,104.18779754638672,1230.0
2024-10-25 10:06:00+00:00,SURG,1.7200000286102295,1.7200000286102295,1.7200000286102295,1.715000033378601,1.715000033378601,550.0
2024-10-25 10:06:00+00:00,SVRE,0.08550000190734863,0.08550000190734863,0.08550000190734863,0.08550000190734863,0.08550000190734863,4261.0
2024-10-25 10:06:00+00:00,SWKS,96.0,96.0,96.0,96.0,96.0,925.0
2024-10-25 10:06:00+00:00,SYNA,73.08000183105469,73.08000183105469,73.08000183105469,73.08000183105469,73.08000183105469,209.0
2024-10-25 10:06:00+00:00,SYTA,1.215999960899353,1.215999960899353,1.2199000120162964,1.2101000547409058,1.2197999954223633,3907.0
2024-10-25 10:06:00+00:00,TASK,12.229999542236328,12.229999542236328,12.229999542236328,12.220000267028809,12.220000267028809,1247.0
2024-10-25 10:06:00+00:00,TER,112.6500015258789,112.6500015258789,112.69999694824219,112.55999755859375,112.62999725341797,19176.0
2024-10-25 10:06:00+00:00,TGL,0.6783999800682068,0.6783999800682068,0.6783999800682068,0.6783999800682068,0.6783999800682068,1170.0
2024-10-25 10:06:00+00:00,TLS,3.640000104904175,3.640000104904175,3.640000104904175,3.640000104904175,3.640000104904175,159.0
2024-10-25 10:06:00+00:00,TRMB,61.130001068115234,61.130001068115234,61.130001068115234,61.130001068115234,61.130001068115234,419.0
2024-10-25 10:06:00+00:00,TSEM,44.93000030517578,44.93000030517578,44.93000030517578,44.93000030517578,44.93000030517578,659.0
2024-10-25 10:06:00+00:00,TTD,120.52999877929688,120.52999877929688,120.52999877929688,120.4000015258789,120.4800033569336,8294.0
2024-10-25 10:06:00+00:00,TTEC,5.440000057220459,5.440000057220459,5.440000057220459,5.420000076293945,5.420000076293945,1239.0
2024-10-25 10:06:00+00:00,TTMI,19.55500030517578,19.55500030517578,19.55500030517578,19.55500030517578,19.55500030517578,209.0
2024-10-25 10:06:00+00:00,TWKS,4.440000057220459,4.440000057220459,4.445000171661377,4.440000057220459,4.445000171661377,10001.0
2024-10-25 10:06:00+00:00,TXN,210.6699981689453,210.6699981689453,210.89990234375,210.50250244140625,210.89990234375,9047.0
2024-10-25 10:06:00+00:00,UCTT,36.060001373291016,36.060001373291016,36.060001373291016,36.060001373291016,36.060001373291016,273.0
2024-10-25 10:06:00+00:00,UPLD,2.2019999027252197,2.2019999027252197,2.2019999027252197,2.2019999027252197,2.2019999027252197,230.0
2024-10-25 10:06:00+00:00,USIO,1.4150999784469604,1.4150999784469604,1.4150999784469604,1.4150999784469604,1.4150999784469604,1000.0
2024-10-25 10:06:00+00:00,VECO,29.59000015258789,29.59000015258789,29.6200008392334,29.59000015258789,29.59000015258789,1085.0
2024-10-25 10:06:00+00:00,VERI,3.450000047683716,3.450000047683716,3.450000047683716,3.440000057220459,3.440000057220459,901.0
2024-10-25 10:06:00+00:00,VIAV,9.265000343322754,9.265000343322754,9.265000343322754,9.265000343322754,9.265000343322754,163.0
2024-10-25 10:06:00+00:00,VICR,47.012001037597656,47.012001037597656,47.012001037597656,46.970001220703125,46.970001220703125,1362.0
2024-10-25 10:06:00+00:00,VNET,3.4649999141693115,3.4649999141693115,3.4649999141693115,3.4649999141693115,3.4649999141693115,690.0
2024-10-25 10:06:00+00:00,VOXX,7.626800060272217,7.626800060272217,7.630000114440918,7.626800060272217,7.630000114440918,200.0
2024-10-25 10:06:00+00:00,VRAR,0.7099999785423279,0.7099999785423279,0.7099999785423279,0.7099999785423279,0.7099999785423279,1200.0
2024-10-25 10:06:00+00:00,VRNS,57.3849983215332,57.3849983215332,57.39500045776367,57.36000061035156,57.36000061035156,3011.0
2024-10-25 10:06:00+00:00,VRNT,22.010000228881836,22.010000228881836,22.06999969482422,21.950000762939453,21.950000762939453,15016.0
2024-10-25 10:06:00+00:00,VRSN,189.39999389648438,189.39999389648438,189.39999389648438,189.35000610351562,189.35000610351562,1309.0
2024-10-25 10:06:00+00:00,VSAT,10.390000343322754,10.390000343322754,10.390000343322754,10.345000267028809,10.350000381469727,13013.0
2024-10-25 10:06:00+00:00,VUZI,1.3213000297546387,1.3213000297546387,1.3213000297546387,1.3213000297546387,1.3213000297546387,346.0
2024-10-25 10:06:00+00:00,WDAY,241.79629516601562,241.79629516601562,241.94639587402344,241.79629516601562,241.94639587402344,1051.0
2024-10-25 10:06:00+00:00,WDC,71.88999938964844,71.88999938964844,72.0,71.66500091552734,71.95500183105469,46573.0
2024-10-25 10:06:00+00:00,WISA,1.7999999523162842,1.7999999523162842,1.809999942779541,1.7999999523162842,1.8049999475479126,857.0
2024-10-25 10:06:00+00:00,WKEY,2.1314001083374023,2.1314001083374023,2.1314001083374023,2.1314001083374023,2.1314001083374023,2000.0
2024-10-25 10:06:00+00:00,WRAP,1.909999966621399,1.909999966621399,1.909999966621399,1.909999966621399,1.909999966621399,100.0
2024-10-25 10:06:00+00:00,XRX,10.1899995803833,10.1899995803833,10.1899995803833,10.180000305175781,10.180000305175781,721.0
2024-10-25 10:06:00+00:00,ZBRA,365.17498779296875,365.17498779296875,365.2799987792969,365.0,365.1499938964844,3569.0
2024-10-25 10:06:00+00:00,ZM,73.2699966430664,73.2699966430664,73.2699966430664,73.25740051269531,73.2699966430664,2453.0
2024-10-25 10:07:00+00:00,AAOI,17.639999389648438,17.639999389648438,17.68000030517578,17.639999389648438,17.68000030517578,11753.0
2024-10-25 10:07:00+00:00,AAPL,231.94000244140625,231.94000244140625,232.0,231.80999755859375,231.9499969482422,97159.0
2024-10-25 10:07:00+00:00,ACIW,49.400001525878906,49.400001525878906,49.40999984741211,49.310001373291016,49.310001373291016,1204.0
2024-10-25 10:07:00+00:00,ACLS,91.31600189208984,91.31600189208984,91.31600189208984,91.31600189208984,91.31600189208984,199.0
2024-10-25 10:07:00+00:00,ACMR,19.774999618530273,19.774999618530273,19.774999618530273,19.774999618530273,19.774999618530273,1494.0
2024-10-25 10:07:00+00:00,ADBE,487.0,487.0,487.0,486.32000732421875,486.32000732421875,8069.0
2024-10-25 10:07:00+00:00,ADI,234.55999755859375,234.55999755859375,234.55999755859375,234.41000366210938,234.55999755859375,1288.0
2024-10-25 10:07:00+00:00,ADSK,288.29998779296875,288.29998779296875,288.4407043457031,288.0,288.4100036621094,7271.0
2024-10-25 10:07:00+00:00,ADTN,6.335000038146973,6.335000038146973,6.335000038146973,6.335000038146973,6.335000038146973,456.0
2024-10-25 10:07:00+00:00,AEHR,16.420000076293945,16.420000076293945,16.549999237060547,16.420000076293945,16.549999237060547,5411.0
2024-10-25 10:07:00+00:00,AFRM,42.154998779296875,42.154998779296875,42.19990158081055,42.06999969482422,42.06999969482422,14253.0
2024-10-25 10:07:00+00:00,AKAM,103.5,103.5,103.55999755859375,103.5,103.55999755859375,1388.0
2024-10-25 10:07:00+00:00,AKTS,0.0568000003695488,0.0568000003695488,0.05689999833703041,0.0568000003695488,0.0568000003695488,156181.0
2024-10-25 10:07:00+00:00,ALGM,22.559999465942383,22.559999465942383,22.610000610351562,22.540000915527344,22.600000381469727,6702.0
2024-10-25 10:07:00+00:00,ALRM,54.880001068115234,54.880001068115234,54.880001068115234,54.880001068115234,54.880001068115234,335.0
2024-10-25 10:07:00+00:00,AMAT,188.6649932861328,188.6649932861328,188.75,188.4199981689453,188.5,6160.0
2024-10-25 10:07:00+00:00,AMD,158.46499633789062,158.46499633789062,158.5,158.24009704589844,158.389892578125,98859.0
2024-10-25 10:07:00+00:00,AMKR,29.920000076293945,29.920000076293945,29.920000076293945,29.889999389648438,29.889999389648438,2289.0
2024-10-25 10:07:00+00:00,AMPL,9.25,9.25,9.260000228881836,9.239999771118164,9.239999771118164,9697.0
2024-10-25 10:07:00+00:00,ANSS,327.7900085449219,327.7900085449219,327.7900085449219,327.7900085449219,327.7900085449219,1752.0
2024-10-25 10:07:00+00:00,ANY,1.090000033378601,1.090000033378601,1.090000033378601,1.0800000429153442,1.0800000429153442,2001.0
2024-10-25 10:07:00+00:00,API,2.6700000762939453,2.6700000762939453,2.674999952316284,2.6700000762939453,2.674999952316284,3687.0
2024-10-25 10:07:00+00:00,APP,163.3000030517578,163.3000030517578,163.35499572753906,162.69000244140625,162.6999969482422,17349.0
2024-10-25 10:07:00+00:00,APPF,227.75399780273438,227.75399780273438,227.75399780273438,227.72250366210938,227.72250366210938,553.0
2024-10-25 10:07:00+00:00,APPN,32.529998779296875,32.529998779296875,32.529998779296875,32.47999954223633,32.47999954223633,404.0
2024-10-25 10:07:00+00:00,APPS,3.1600000858306885,3.1600000858306885,3.1600000858306885,3.1549999713897705,3.1549999713897705,4181.0
2024-10-25 10:07:00+00:00,ARQQ,7.619999885559082,7.619999885559082,7.625,7.610000133514404,7.619999885559082,963.0
2024-10-25 10:07:00+00:00,ARRY,6.361000061035156,6.361000061035156,6.375,6.360000133514404,6.364999771118164,14080.0
2024-10-25 10:07:00+00:00,ASML,720.9819946289062,720.9819946289062,720.9819946289062,720.0250244140625,720.0250244140625,3981.0
2024-10-25 10:07:00+00:00,ASNS,1.3600000143051147,1.3600000143051147,1.3600000143051147,1.3600000143051147,1.3600000143051147,1100.0
2024-10-25 10:07:00+00:00,AUID,6.829999923706055,6.829999923706055,6.829999923706055,6.829999923706055,6.829999923706055,0.0
2024-10-25 10:07:00+00:00,AUR,6.394000053405762,6.394000053405762,6.394999980926514,6.389999866485596,6.389999866485596,3686.0
2024-10-25 10:07:00+00:00,AVDX,8.260000228881836,8.260000228881836,8.270000457763672,8.260000228881836,8.270000457763672,3867.0
2024-10-25 10:07:00+00:00,AVGO,175.05499267578125,175.05499267578125,175.17990112304688,174.97120666503906,175.11000061035156,56801.0
2024-10-25 10:07:00+00:00,AVPT,12.119999885559082,12.119999885559082,12.140000343322754,12.119999885559082,12.140000343322754,1108.0
2024-10-25 10:07:00+00:00,AVT,54.79999923706055,54.79999923706055,54.79999923706055,54.790000915527344,54.79999923706055,1909.0
2024-10-25 10:07:00+00:00,BEEM,4.830100059509277,4.830100059509277,4.830100059509277,4.830100059509277,4.830100059509277,650.0
2024-10-25 10:07:00+00:00,BIGC,5.34499979019165,5.34499979019165,5.34499979019165,5.34499979019165,5.34499979019165,1335.0
2024-10-25 10:07:00+00:00,BL,57.505001068115234,57.505001068115234,57.51250076293945,57.505001068115234,57.51250076293945,724.0
2024-10-25 10:07:00+00:00,BMBL,7.224999904632568,7.224999904632568,7.224999904632568,7.215000152587891,7.215000152587891,2281.0
2024-10-25 10:07:00+00:00,BRZE,31.065000534057617,31.065000534057617,31.065000534057617,31.059999465942383,31.059999465942383,1078.0
2024-10-25 10:07:00+00:00,BSY,49.56999969482422,49.56999969482422,49.56999969482422,49.56999969482422,49.56999969482422,798.0
2024-10-25 10:07:00+00:00,CAMT,79.51499938964844,79.51499938964844,79.56600189208984,79.51499938964844,79.56600189208984,637.0
2024-10-25 10:07:00+00:00,CAN,0.9950000047683716,0.9950000047683716,1.0,0.9950000047683716,0.9950000047683716,39468.0
2024-10-25 10:07:00+00:00,CCSI,20.510000228881836,20.510000228881836,20.510000228881836,20.510000228881836,20.510000228881836,230.0
2024-10-25 10:07:00+00:00,CDNS,258.9700012207031,258.9700012207031,258.9800109863281,258.9075012207031,258.9150085449219,3139.0
2024-10-25 10:07:00+00:00,CDW,219.71499633789062,219.71499633789062,220.07000732421875,219.71499633789062,219.89999389648438,26882.0
2024-10-25 10:07:00+00:00,CFLT,22.500999450683594,22.500999450683594,22.524999618530273,22.489999771118164,22.524999618530273,14668.0
2024-10-25 10:07:00+00:00,CGNX,39.3650016784668,39.3650016784668,39.369998931884766,39.33000183105469,39.33000183105469,6724.0
2024-10-25 10:07:00+00:00,CHKP,207.46200561523438,207.46200561523438,207.49000549316406,207.27000427246094,207.3249969482422,5823.0
2024-10-25 10:07:00+00:00,CLBT,18.149799346923828,18.149799346923828,18.149799346923828,18.135000228881836,18.135000228881836,1183.0
2024-10-25 10:07:00+00:00,CLRO,0.5753999948501587,0.5753999948501587,0.5753999948501587,0.5753999948501587,0.5753999948501587,1080.0
2024-10-25 10:07:00+00:00,CLSK,12.116000175476074,12.116000175476074,12.119999885559082,12.029999732971191,12.029999732971191,203373.0
2024-10-25 10:07:00+00:00,CNDT,3.7049999237060547,3.7049999237060547,3.7049999237060547,3.7049999237060547,3.7049999237060547,3.0
2024-10-25 10:07:00+00:00,CNXC,45.11000061035156,45.11000061035156,45.11000061035156,45.06999969482422,45.08539962768555,1310.0
2024-10-25 10:07:00+00:00,COHR,96.91999816894531,96.91999816894531,96.91999816894531,96.91999816894531,96.91999816894531,695.0
2024-10-25 10:07:00+00:00,COHU,26.18000030517578,26.18000030517578,26.18000030517578,26.18000030517578,26.18000030517578,217.0
2024-10-25 10:07:00+00:00,COIN,212.60009765625,212.60009765625,212.8800048828125,211.9499969482422,211.9600067138672,72349.0
2024-10-25 10:07:00+00:00,COMM,6.465000152587891,6.465000152587891,6.465000152587891,6.409999847412109,6.409999847412109,7111.0
2024-10-25 10:07:00+00:00,CORZ,13.739999771118164,13.739999771118164,13.739999771118164,13.699999809265137,13.710000038146973,24325.0
2024-10-25 10:07:00+00:00,CRDO,39.68000030517578,39.68000030517578,39.720001220703125,39.68000030517578,39.70000076293945,2407.0
2024-10-25 10:07:00+00:00,CRNC,2.8550000190734863,2.8550000190734863,2.859999895095825,2.8550000190734863,2.859999895095825,1980.0
2024-10-25 10:07:00+00:00,CRSR,6.421000003814697,6.421000003814697,6.421000003814697,6.421000003814697,6.421000003814697,331.0
2024-10-25 10:07:00+00:00,CRUS,122.87999725341797,122.87999725341797,122.87999725341797,122.87999725341797,122.87999725341797,664.0
2024-10-25 10:07:00+00:00,CRWD,309.7699890136719,309.7699890136719,310.0,309.7200012207031,309.8450012207031,3449.0
2024-10-25 10:07:00+00:00,CSCO,56.43000030517578,56.43000030517578,56.470001220703125,56.41999816894531,56.470001220703125,89035.0
2024-10-25 10:07:00+00:00,CSGS,48.279998779296875,48.279998779296875,48.279998779296875,48.279998779296875,48.279998779296875,248.0
2024-10-25 10:07:00+00:00,CSIQ,13.529999732971191,13.529999732971191,13.5600004196167,13.5,13.550000190734863,21512.0
2024-10-25 10:07:00+00:00,CTLP,9.110199928283691,9.110199928283691,9.110199928283691,9.100000381469727,9.100000381469727,864.0
2024-10-25 10:07:00+00:00,CTSH,75.23999786376953,75.23999786376953,75.23999786376953,75.22000122070312,75.2300033569336,3936.0
2024-10-25 10:07:00+00:00,DAKT,13.210000038146973,13.210000038146973,13.210000038146973,13.210000038146973,13.210000038146973,357.0
2024-10-25 10:07:00+00:00,DATS,1.6449999809265137,1.6449999809265137,1.7000000476837158,1.6313999891281128,1.649999976158142,17330.0
2024-10-25 10:07:00+00:00,DAVE,39.75400161743164,39.75400161743164,39.75400161743164,39.7400016784668,39.7400016784668,606.0
2024-10-25 10:07:00+00:00,DBX,26.100000381469727,26.100000381469727,26.104999542236328,26.094999313354492,26.094999313354492,6324.0
2024-10-25 10:07:00+00:00,DCBO,46.38999938964844,46.38999938964844,46.38999938964844,46.38999938964844,46.38999938964844,727.0
2024-10-25 10:07:00+00:00,DDOG,127.20500183105469,127.20500183105469,127.36000061035156,127.20500183105469,127.30999755859375,10407.0
2024-10-25 10:07:00+00:00,DLO,8.819999694824219,8.819999694824219,8.819999694824219,8.819999694824219,8.819999694824219,346.0
2024-10-25 10:07:00+00:00,DOCU,70.38999938964844,70.38999938964844,70.48999786376953,70.36000061035156,70.37000274658203,9515.0
2024-10-25 10:07:00+00:00,DOMO,8.029999732971191,8.029999732971191,8.029999732971191,8.029999732971191,8.029999732971191,1686.0
2024-10-25 10:07:00+00:00,DSGX,105.33000183105469,105.33000183105469,105.33000183105469,105.33000183105469,105.33000183105469,557.0
2024-10-25 10:07:00+00:00,DTSS,2.369999885559082,2.369999885559082,2.4001998901367188,2.369999885559082,2.4001998901367188,3452.0
2024-10-25 10:07:00+00:00,DTST,3.490000009536743,3.490000009536743,3.490000009536743,3.4800000190734863,3.4800000190734863,79.0
2024-10-25 10:07:00+00:00,EEFT,102.08499908447266,102.08499908447266,102.08499908447266,102.08499908447266,102.08499908447266,1955.0
2024-10-25 10:07:00+00:00,ENPH,81.69999694824219,81.69999694824219,81.70999908447266,81.66500091552734,81.69000244140625,13075.0
2024-10-25 10:07:00+00:00,ENTG,105.51499938964844,105.51499938964844,105.5895004272461,105.44999694824219,105.44999694824219,2690.0
2024-10-25 10:07:00+00:00,ERIC,8.505000114440918,8.505000114440918,8.505999565124512,8.505000114440918,8.505999565124512,9995.0
2024-10-25 10:07:00+00:00,EVCM,10.579999923706055,10.579999923706055,10.579999923706055,10.579999923706055,10.579999923706055,234.0
2024-10-25 10:07:00+00:00,EXFY,1.715000033378601,1.715000033378601,1.715000033378601,1.715000033378601,1.715000033378601,104.0
2024-10-25 10:07:00+00:00,EXLS,39.290000915527344,39.290000915527344,39.290000915527344,39.290000915527344,39.290000915527344,903.0
2024-10-25 10:07:00+00:00,FFIV,216.47999572753906,216.47999572753906,216.60000610351562,216.4199981689453,216.44000244140625,3932.0
2024-10-25 10:07:00+00:00,FIVN,30.639999389648438,30.639999389648438,30.649999618530273,30.594999313354492,30.594999313354492,4704.0
2024-10-25 10:07:00+00:00,FLEX,35.52000045776367,35.52000045776367,35.52899932861328,35.5099983215332,35.5099983215332,2689.0
2024-10-25 10:07:00+00:00,FLYW,17.68000030517578,17.68000030517578,17.739999771118164,17.68000030517578,17.729999542236328,2269.0
2024-10-25 10:07:00+00:00,FORM,45.279998779296875,45.279998779296875,45.279998779296875,45.279998779296875,45.279998779296875,911.0
2024-10-25 10:07:00+00:00,FROG,29.6200008392334,29.6200008392334,29.6200008392334,29.600000381469727,29.6200008392334,1245.0
2024-10-25 10:07:00+00:00,FRSH,11.739999771118164,11.739999771118164,11.75,11.729999542236328,11.734999656677246,2541.0
2024-10-25 10:07:00+00:00,FSLR,197.4199981689453,197.4199981689453,197.4199981689453,197.05999755859375,197.3000030517578,12012.0
2024-10-25 10:07:00+00:00,FTCI,0.6965000033378601,0.6965000033378601,0.701200008392334,0.6965000033378601,0.7009000182151794,3704.0
2024-10-25 10:07:00+00:00,FTFT,0.3109999895095825,0.3109999895095825,0.3109999895095825,0.3109999895095825,0.3109999895095825,2147.0
2024-10-25 10:07:00+00:00,FTNT,81.44000244140625,81.44000244140625,81.48999786376953,81.41999816894531,81.41999816894531,4843.0
2024-10-25 10:07:00+00:00,GCT,25.600000381469727,25.600000381469727,25.6200008392334,25.600000381469727,25.6200008392334,1675.0
2024-10-25 10:07:00+00:00,GDS,21.809999465942383,21.809999465942383,21.81999969482422,21.770000457763672,21.790000915527344,5254.0
2024-10-25 10:07:00+00:00,GDYN,15.640000343322754,15.640000343322754,15.640000343322754,15.640000343322754,15.640000343322754,171.0
2024-10-25 10:07:00+00:00,GFS,41.0,41.0,41.0,41.0,41.0,143.0
2024-10-25 10:07:00+00:00,GPRO,1.3300000429153442,1.3300000429153442,1.3300000429153442,1.3250000476837158,1.3300000429153442,1359.0
2024-10-25 10:07:00+00:00,GRAB,4.074999809265137,4.074999809265137,4.079899787902832,4.074999809265137,4.074999809265137,17367.0
2024-10-25 10:07:00+00:00,GRRR,4.783999919891357,4.783999919891357,4.783999919891357,4.769999980926514,4.769999980926514,840.0
2024-10-25 10:07:00+00:00,GRRRW,0.06379999965429306,0.06379999965429306,0.06379999965429306,0.06379999965429306,0.06379999965429306,1948.0
2024-10-25 10:07:00+00:00,GTLB,56.650001525878906,56.650001525878906,56.650001525878906,56.650001525878906,56.650001525878906,1113.0
2024-10-25 10:07:00+00:00,HCP,33.654998779296875,33.654998779296875,33.654998779296875,33.650001525878906,33.654998779296875,29380.0
2024-10-25 10:07:00+00:00,HIMX,6.204999923706055,6.204999923706055,6.204999923706055,6.204999923706055,6.204999923706055,1786.0
2024-10-25 10:07:00+00:00,HLIT,14.850000381469727,14.850000381469727,14.850000381469727,14.843999862670898,14.843999862670898,2813.0
2024-10-25 10:07:00+00:00,HOLO,3.869999885559082,3.869999885559082,3.9100000858306885,3.869999885559082,3.8998000621795654,5646.0
2024-10-25 10:07:00+00:00,HOOD,27.489999771118164,27.489999771118164,27.5,27.440000534057617,27.44499969482422,40737.0
2024-10-25 10:07:00+00:00,HTCR,1.1100000143051147,1.1100000143051147,1.1100000143051147,1.1100000143051147,1.1100000143051147,319.0
2024-10-25 10:07:00+00:00,IBEX,18.219999313354492,18.219999313354492,18.219999313354492,18.219999313354492,18.219999313354492,734.0
2024-10-25 10:07:00+00:00,IMMR,8.720000267028809,8.720000267028809,8.720000267028809,8.720000267028809,8.720000267028809,1538.0
2024-10-25 10:07:00+00:00,INDI,3.5439999103546143,3.5439999103546143,3.5439999103546143,3.5439999103546143,3.5439999103546143,887.0
2024-10-25 10:07:00+00:00,INFN,6.784999847412109,6.784999847412109,6.784999847412109,6.784999847412109,6.784999847412109,2047.0
2024-10-25 10:07:00+00:00,INTA,50.1150016784668,50.1150016784668,50.1150016784668,50.1150016784668,50.1150016784668,949.0
2024-10-25 10:07:00+00:00,INTC,23.024999618530273,23.024999618530273,23.040000915527344,23.0049991607666,23.035999298095703,163538.0
2024-10-25 10:07:00+00:00,INTU,615.5900268554688,615.5900268554688,615.9099731445312,615.5900268554688,615.75,2896.0
2024-10-25 10:07:00+00:00,INTZ,0.7408000230789185,0.7408000230789185,0.7408000230789185,0.7300999760627747,0.7337999939918518,12804.0
2024-10-25 10:07:00+00:00,ITI,7.195000171661377,7.195000171661377,7.195000171661377,7.190000057220459,7.190000057220459,362.0
2024-10-25 10:07:00+00:00,KC,2.694999933242798,2.694999933242798,2.694999933242798,2.690000057220459,2.690000057220459,3274.0
2024-10-25 10:07:00+00:00,KLAC,677.8699951171875,677.8699951171875,678.6699829101562,676.8800048828125,676.8800048828125,3630.0
2024-10-25 10:07:00+00:00,KLIC,44.630001068115234,44.630001068115234,44.689998626708984,44.400001525878906,44.400001525878906,10722.0
2024-10-25 10:07:00+00:00,KLTR,1.3200000524520874,1.3200000524520874,1.3200000524520874,1.3200000524520874,1.3200000524520874,200.0
2024-10-25 10:07:00+00:00,KVHI,4.670100212097168,4.670100212097168,4.71999979019165,4.670100212097168,4.71999979019165,6800.0
2024-10-25 10:07:00+00:00,LITE,64.5999984741211,64.5999984741211,64.5999984741211,64.5999984741211,64.5999984741211,316.0
2024-10-25 10:07:00+00:00,LRCX,78.37000274658203,78.37000274658203,78.37000274658203,78.14749908447266,78.1500015258789,52482.0
2024-10-25 10:07:00+00:00,LSCC,54.880001068115234,54.880001068115234,54.904998779296875,54.810001373291016,54.849998474121094,5469.0
2024-10-25 10:07:00+00:00,LYFT,13.744999885559082,13.744999885559082,13.75,13.710100173950195,13.710100173950195,16459.0
2024-10-25 10:07:00+00:00,MAXN,5.61460018157959,5.61460018157959,5.619999885559082,5.590000152587891,5.590000152587891,843.0
2024-10-25 10:07:00+00:00,MCHP,77.22000122070312,77.22000122070312,77.26000213623047,77.19999694824219,77.20999908447266,6432.0
2024-10-25 10:07:00+00:00,MDB,269.2349853515625,269.2349853515625,269.2349853515625,269.2349853515625,269.2349853515625,580.0
2024-10-25 10:07:00+00:00,MKSI,101.29499816894531,101.29499816894531,101.46499633789062,101.29000091552734,101.37000274658203,5571.0
2024-10-25 10:07:00+00:00,MNDO,1.9819999933242798,1.9819999933242798,1.9819999933242798,1.9819999933242798,1.9819999933242798,0.0
2024-10-25 10:07:00+00:00,MNDY,302.3550109863281,302.3550109863281,302.3550109863281,301.9200134277344,301.9200134277344,2414.0
2024-10-25 10:07:00+00:00,MPWR,920.489990234375,920.489990234375,922.75,919.4199829101562,919.4199829101562,2773.0
2024-10-25 10:07:00+00:00,MQ,5.340000152587891,5.340000152587891,5.340000152587891,5.3394999504089355,5.3394999504089355,837.0
2024-10-25 10:07:00+00:00,MRVL,83.0199966430664,83.0199966430664,83.05999755859375,82.94000244140625,82.94000244140625,6927.0
2024-10-25 10:07:00+00:00,MSFT,431.2149963378906,431.2149963378906,431.4200134277344,431.1000061035156,431.3599853515625,36576.0
2024-10-25 10:07:00+00:00,MSTR,241.25999450683594,241.25999450683594,241.5,240.27000427246094,240.27000427246094,82585.0
2024-10-25 10:07:00+00:00,MTC,0.3695000112056732,0.3695000112056732,0.3695000112056732,0.3693999946117401,0.3693999946117401,8400.0
2024-10-25 10:07:00+00:00,MTLS,6.020100116729736,6.020100116729736,6.020100116729736,6.020100116729736,6.020100116729736,1345.0
2024-10-25 10:07:00+00:00,MTTR,4.664999961853027,4.664999961853027,4.670000076293945,4.664999961853027,4.670000076293945,351.0
2024-10-25 10:07:00+00:00,MU,108.99500274658203,108.99500274658203,109.11000061035156,108.94999694824219,109.07499694824219,32805.0
2024-10-25 10:07:00+00:00,MVIS,1.1009999513626099,1.1009999513626099,1.1059000492095947,1.1009999513626099,1.1059000492095947,2386.0
2024-10-25 10:07:00+00:00,MXL,14.9399995803833,14.9399995803833,14.960000038146973,14.890000343322754,14.90999984741211,5650.0
2024-10-25 10:07:00+00:00,NEON,8.0600004196167,8.0600004196167,8.104999542236328,8.0600004196167,8.104999542236328,324.0
2024-10-25 10:07:00+00:00,NICE,176.99000549316406,176.99000549316406,176.99000549316406,176.63999938964844,176.63999938964844,1123.0
2024-10-25 10:07:00+00:00,NNDM,2.3350000381469727,2.3350000381469727,2.3350000381469727,2.3350000381469727,2.3350000381469727,3589.0
2024-10-25 10:07:00+00:00,NTAP,120.13999938964844,120.13999938964844,120.19000244140625,120.12000274658203,120.12000274658203,1978.0
2024-10-25 10:07:00+00:00,NTGR,20.4950008392334,20.4950008392334,20.600000381469727,20.4950008392334,20.600000381469727,3173.0
2024-10-25 10:07:00+00:00,NVDA,142.86000061035156,142.86000061035156,142.88999938964844,142.64999389648438,142.72999572753906,552601.0
2024-10-25 10:07:00+00:00,NVTS,2.569999933242798,2.569999933242798,2.569999933242798,2.5680999755859375,2.5680999755859375,1143.0
2024-10-25 10:07:00+00:00,NXPI,244.64500427246094,244.64500427246094,244.74000549316406,244.43499755859375,244.52999877929688,5190.0
2024-10-25 10:07:00+00:00,OKTA,72.94999694824219,72.94999694824219,72.94999694824219,72.91999816894531,72.91999816894531,2487.0
2024-10-25 10:07:00+00:00,ON,72.56999969482422,72.56999969482422,72.62000274658203,72.55000305175781,72.55000305175781,21994.0
2024-10-25 10:07:00+00:00,OSPN,14.75,14.75,14.75,14.75,14.75,331.0
2024-10-25 10:07:00+00:00,OSS,2.4300999641418457,2.4300999641418457,2.4300999641418457,2.4300999641418457,2.4300999641418457,287.0
2024-10-25 10:07:00+00:00,PANW,371.2449951171875,371.2449951171875,371.2449951171875,371.2449951171875,371.2449951171875,1351.0
2024-10-25 10:07:00+00:00,PAYO,8.274999618530273,8.274999618530273,8.305000305175781,8.270000457763672,8.300000190734863,37879.0
2024-10-25 10:07:00+00:00,PAYS,3.7799999713897705,3.7799999713897705,3.7799999713897705,3.7799999713897705,3.7799999713897705,325.0
2024-10-25 10:07:00+00:00,PEGA,81.24859619140625,81.24859619140625,81.2699966430664,81.1885986328125,81.19999694824219,6100.0
2024-10-25 10:07:00+00:00,PEGY,4.781799793243408,4.781799793243408,4.786300182342529,4.77209997177124,4.786300182342529,1427.0
2024-10-25 10:07:00+00:00,PGY,11.930000305175781,11.930000305175781,11.9350004196167,11.90999984741211,11.930000305175781,32751.0
2024-10-25 10:07:00+00:00,PHUN,9.869999885559082,9.869999885559082,9.979999542236328,9.860099792480469,9.944999694824219,148208.0
2024-10-25 10:07:00+00:00,PI,200.4550018310547,200.4550018310547,200.4550018310547,200.4425048828125,200.4425048828125,1202.0
2024-10-25 10:07:00+00:00,POWI,63.375,63.375,63.400001525878906,63.33000183105469,63.400001525878906,2519.0
2024-10-25 10:07:00+00:00,PRGS,65.12999725341797,65.12999725341797,65.12999725341797,65.12999725341797,65.12999725341797,160.0
2024-10-25 10:07:00+00:00,PTC,185.72500610351562,185.72500610351562,185.72500610351562,185.72500610351562,185.72500610351562,220.0
2024-10-25 10:07:00+00:00,PUBM,15.149999618530273,15.149999618530273,15.149999618530273,15.149999618530273,15.149999618530273,969.0
2024-10-25 10:07:00+00:00,PYCR,14.511699676513672,14.511699676513672,14.511699676513672,14.511699676513672,14.511699676513672,559.0
2024-10-25 10:07:00+00:00,QCOM,172.42999267578125,172.42999267578125,172.48519897460938,172.27499389648438,172.2899932861328,10482.0
2024-10-25 10:07:00+00:00,QLYS,121.91999816894531,121.91999816894531,121.91999816894531,121.91999816894531,121.91999816894531,683.0
2024-10-25 10:07:00+00:00,QRVO,100.5,100.5,100.5,100.44499969482422,100.44499969482422,3668.0
2024-10-25 10:07:00+00:00,QUBT,1.1232999563217163,1.1232999563217163,1.1298999786376953,1.1100000143051147,1.1100000143051147,1668.0
2024-10-25 10:07:00+00:00,RCAT,2.7899999618530273,2.7899999618530273,2.7899999618530273,2.7899999618530273,2.7899999618530273,255.0
2024-10-25 10:07:00+00:00,REKR,1.1024999618530273,1.1024999618530273,1.1024999618530273,1.100000023841858,1.100000023841858,600.0
2024-10-25 10:07:00+00:00,RELY,14.75,14.75,14.75,14.75,14.75,1354.0
2024-10-25 10:07:00+00:00,RGTI,1.2899999618530273,1.2899999618530273,1.2949999570846558,1.2899999618530273,1.2899999618530273,35017.0
2024-10-25 10:07:00+00:00,RIOT,10.144700050354004,10.144700050354004,10.149999618530273,10.11400032043457,10.11400032043457,65755.0
2024-10-25 10:07:00+00:00,RMBS,43.1150016784668,43.1150016784668,43.150001525878906,43.099998474121094,43.099998474121094,1458.0
2024-10-25 10:07:00+00:00,RMNI,1.7400000095367432,1.7400000095367432,1.7400000095367432,1.7400000095367432,1.7400000095367432,162.0
2024-10-25 10:07:00+00:00,RUM,5.675000190734863,5.675000190734863,5.680099964141846,5.65500020980835,5.65500020980835,19456.0
2024-10-25 10:07:00+00:00,RUN,14.175000190734863,14.175000190734863,14.229999542236328,14.175000190734863,14.194999694824219,55391.0
2024-10-25 10:07:00+00:00,SATL,0.949999988079071,0.949999988079071,0.9800000190734863,0.949999988079071,0.9800000190734863,8586.0
2024-10-25 10:07:00+00:00,SATS,25.110000610351562,25.110000610351562,25.1299991607666,25.110000610351562,25.1299991607666,2537.0
2024-10-25 10:07:00+00:00,SEDG,15.6899995803833,15.6899995803833,15.729999542236328,15.6899995803833,15.699999809265137,25764.0
2024-10-25 10:07:00+00:00,SHLS,5.199999809265137,5.199999809265137,5.204999923706055,5.199999809265137,5.199999809265137,15211.0
2024-10-25 10:07:00+00:00,SKYT,10.906200408935547,10.906200408935547,10.906200408935547,10.906200408935547,10.906200408935547,2349.0
2024-10-25 10:07:00+00:00,SLNH,4.079999923706055,4.079999923706055,4.079999923706055,4.079999923706055,4.079999923706055,251.0
2024-10-25 10:07:00+00:00,SLNHP,12.649999618530273,12.649999618530273,12.649999618530273,12.5,12.5,686.0
2024-10-25 10:07:00+00:00,SMCI,47.40999984741211,47.40999984741211,47.43989944458008,47.31999969482422,47.31999969482422,90649.0
2024-10-25 10:07:00+00:00,SMSI,0.8499000072479248,0.8499000072479248,0.8499000072479248,0.8499000072479248,0.8499000072479248,0.0
2024-10-25 10:07:00+00:00,SMTC,46.11000061035156,46.11000061035156,46.11000061035156,45.97999954223633,45.97999954223633,4499.0
2024-10-25 10:07:00+00:00,SNCR,11.095000267028809,11.095000267028809,11.095000267028809,11.095000267028809,11.095000267028809,434.0
2024-10-25 10:07:00+00:00,SNPS,507.6523132324219,507.6523132324219,508.1499938964844,507.6523132324219,508.1499938964844,1868.0
2024-10-25 10:07:00+00:00,SONM,3.5201001167297363,3.5201001167297363,3.5201001167297363,3.5201001167297363,3.5201001167297363,0.0
2024-10-25 10:07:00+00:00,SONO,12.850000381469727,12.850000381469727,12.850000381469727,12.829999923706055,12.829999923706055,1275.0
2024-10-25 10:07:00+00:00,SOUN,5.34499979019165,5.34499979019165,5.349999904632568,5.340700149536133,5.34499979019165,13896.0
2024-10-25 10:07:00+00:00,SSNC,70.04000091552734,70.04000091552734,70.11000061035156,70.04000091552734,70.0999984741211,3446.0
2024-10-25 10:07:00+00:00,SSYS,7.12470006942749,7.12470006942749,7.12470006942749,7.12470006942749,7.12470006942749,852.0
2024-10-25 10:07:00+00:00,STER,16.780000686645508,16.780000686645508,16.780000686645508,16.780000686645508,16.780000686645508,241.0
2024-10-25 10:07:00+00:00,STNE,11.375,11.375,11.375,11.354999542236328,11.354999542236328,2523.0
2024-10-25 10:07:00+00:00,STX,104.14569854736328,104.14569854736328,104.14569854736328,104.12000274658203,104.1343994140625,1804.0
2024-10-25 10:07:00+00:00,SURG,1.7200000286102295,1.7200000286102295,1.7200000286102295,1.7200000286102295,1.7200000286102295,9.0
2024-10-25 10:07:00+00:00,SVRE,0.08529999852180481,0.08529999852180481,0.08540000021457672,0.08529999852180481,0.08540000021457672,66950.0
2024-10-25 10:07:00+00:00,SWKS,96.05500030517578,96.05500030517578,96.05500030517578,96.02999877929688,96.02999877929688,1156.0
2024-10-25 10:07:00+00:00,SYNA,73.25499725341797,73.25499725341797,73.25499725341797,73.16000366210938,73.16000366210938,506.0
2024-10-25 10:07:00+00:00,SYTA,1.2100000381469727,1.2100000381469727,1.2146999835968018,1.2100000381469727,1.2100000381469727,4567.0
2024-10-25 10:07:00+00:00,TASK,12.270000457763672,12.270000457763672,12.270000457763672,12.270000457763672,12.270000457763672,599.0
2024-10-25 10:07:00+00:00,TEAM,191.36500549316406,191.36500549316406,191.36500549316406,191.36500549316406,191.36500549316406,432.0
2024-10-25 10:07:00+00:00,TENB,41.439998626708984,41.439998626708984,41.439998626708984,41.439998626708984,41.439998626708984,556.0
2024-10-25 10:07:00+00:00,TER,112.80000305175781,112.80000305175781,112.80000305175781,112.66500091552734,112.66500091552734,5601.0
2024-10-25 10:07:00+00:00,TLS,3.640000104904175,3.640000104904175,3.640000104904175,3.640000104904175,3.640000104904175,100.0
2024-10-25 10:07:00+00:00,TRMB,61.18000030517578,61.18000030517578,61.18000030517578,61.15999984741211,61.15999984741211,885.0
2024-10-25 10:07:00+00:00,TSAT,13.3100004196167,13.3100004196167,13.34000015258789,13.3100004196167,13.34000015258789,2227.0
2024-10-25 10:07:00+00:00,TSEM,44.96500015258789,44.96500015258789,44.96500015258789,44.96500015258789,44.96500015258789,702.0
2024-10-25 10:07:00+00:00,TTD,120.50990295410156,120.50990295410156,120.5199966430664,120.4000015258789,120.4800033569336,3390.0
2024-10-25 10:07:00+00:00,TTEC,5.440000057220459,5.440000057220459,5.440000057220459,5.440000057220459,5.440000057220459,869.0
2024-10-25 10:07:00+00:00,TTMI,19.56999969482422,19.56999969482422,19.56999969482422,19.56999969482422,19.56999969482422,158.0
2024-10-25 10:07:00+00:00,TWKS,4.449999809265137,4.449999809265137,4.449999809265137,4.449999809265137,4.449999809265137,21034.0
2024-10-25 10:07:00+00:00,TXN,210.55499267578125,210.55499267578125,210.66810607910156,210.47999572753906,210.66810607910156,5458.0
2024-10-25 10:07:00+00:00,UPLD,2.200000047683716,2.200000047683716,2.200000047683716,2.200000047683716,2.200000047683716,776.0
2024-10-25 10:07:00+00:00,VECO,29.59000015258789,29.59000015258789,29.639999389648438,29.59000015258789,29.639999389648438,1294.0
2024-10-25 10:07:00+00:00,VERB,10.332099914550781,10.332099914550781,10.332099914550781,10.332099914550781,10.332099914550781,1901.0
2024-10-25 10:07:00+00:00,VERI,3.4500999450683594,3.4500999450683594,3.4600000381469727,3.4500999450683594,3.4600000381469727,1737.0
2024-10-25 10:07:00+00:00,VIAV,9.265000343322754,9.265000343322754,9.265000343322754,9.265000343322754,9.265000343322754,1380.0
2024-10-25 10:07:00+00:00,VMEO,4.75,4.75,4.755000114440918,4.75,4.75,4283.0
2024-10-25 10:07:00+00:00,VNET,3.4649999141693115,3.4649999141693115,3.4649999141693115,3.4649999141693115,3.4649999141693115,234.0
2024-10-25 10:07:00+00:00,VRNS,57.47999954223633,57.47999954223633,57.47999954223633,57.43000030517578,57.43000030517578,2279.0
2024-10-25 10:07:00+00:00,VRNT,22.04199981689453,22.04199981689453,22.04199981689453,22.04199981689453,22.04199981689453,154.0
2024-10-25 10:07:00+00:00,VRSN,189.36000061035156,189.36000061035156,189.36000061035156,189.36000061035156,189.36000061035156,3025.0
2024-10-25 10:07:00+00:00,VSAT,10.399999618530273,10.399999618530273,10.40999984741211,10.392600059509277,10.392600059509277,6051.0
2024-10-25 10:07:00+00:00,VUZI,1.320099949836731,1.320099949836731,1.3250000476837158,1.320099949836731,1.3250000476837158,968.0
2024-10-25 10:07:00+00:00,VVPR,0.7699999809265137,0.7699999809265137,0.7699999809265137,0.7699999809265137,0.7699999809265137,4777.0
2024-10-25 10:07:00+00:00,WDAY,242.02000427246094,242.02000427246094,242.02000427246094,241.72999572753906,241.72999572753906,4234.0
2024-10-25 10:07:00+00:00,WDC,71.76000213623047,71.76000213623047,71.91999816894531,71.63999938964844,71.83999633789062,21083.0
2024-10-25 10:07:00+00:00,WISA,1.809999942779541,1.809999942779541,1.809999942779541,1.8049999475479126,1.8049999475479126,588.0
2024-10-25 10:07:00+00:00,WRAP,1.9199999570846558,1.9199999570846558,1.9199999570846558,1.9199999570846558,1.9199999570846558,100.0
2024-10-25 10:07:00+00:00,XRX,10.220000267028809,10.220000267028809,10.220000267028809,10.19260025024414,10.19260025024414,2100.0
2024-10-25 10:07:00+00:00,ZBRA,365.1000061035156,365.1000061035156,365.125,365.1000061035156,365.125,2077.0
2024-10-25 10:07:00+00:00,ZI,10.550000190734863,10.550000190734863,10.550000190734863,10.550000190734863,10.550000190734863,489.0
2024-10-25 10:07:00+00:00,ZM,73.29000091552734,73.29000091552734,73.33000183105469,73.25,73.30000305175781,4222.0
2024-10-25 10:07:00+00:00,ZS,187.80499267578125,187.80499267578125,187.80999755859375,187.80499267578125,187.80999755859375,2168.0
2024-10-25 10:08:00+00:00,AAOI,17.635000228881836,17.635000228881836,17.635000228881836,17.635000228881836,17.635000228881836,724.0
2024-10-25 10:08:00+00:00,AAPL,231.9600067138672,231.9600067138672,231.9600067138672,231.82000732421875,231.94000244140625,87653.0
2024-10-25 10:08:00+00:00,ACIW,49.404998779296875,49.404998779296875,49.404998779296875,49.404998779296875,49.404998779296875,360.0
2024-10-25 10:08:00+00:00,ACLS,91.5199966430664,91.5199966430664,91.5199966430664,91.48999786376953,91.48999786376953,3782.0
2024-10-25 10:08:00+00:00,ACMR,19.785400390625,19.785400390625,19.785400390625,19.780000686645508,19.780000686645508,887.0
2024-10-25 10:08:00+00:00,ADBE,487.3999938964844,487.3999938964844,487.3999938964844,486.8700866699219,486.8700866699219,3891.0
2024-10-25 10:08:00+00:00,ADI,234.6199951171875,234.6199951171875,234.6199951171875,234.55999755859375,234.55999755859375,2581.0
2024-10-25 10:08:00+00:00,ADSK,288.29998779296875,288.29998779296875,288.29998779296875,288.29998779296875,288.29998779296875,563.0
2024-10-25 10:08:00+00:00,ADTN,6.34499979019165,6.34499979019165,6.34499979019165,6.340000152587891,6.340000152587891,1488.0
2024-10-25 10:08:00+00:00,AEHR,16.360000610351562,16.360000610351562,16.422000885009766,16.350000381469727,16.420000076293945,22394.0
2024-10-25 10:08:00+00:00,AFRM,42.21969985961914,42.21969985961914,42.21969985961914,42.15140151977539,42.16999816894531,13157.0
2024-10-25 10:08:00+00:00,AKAM,103.55999755859375,103.55999755859375,103.55999755859375,103.5199966430664,103.5199966430664,961.0
2024-10-25 10:08:00+00:00,AKTS,0.0568000003695488,0.0568000003695488,0.05689999833703041,0.0568000003695488,0.05689999833703041,126989.0
2024-10-25 10:08:00+00:00,ALGM,22.55500030517578,22.55500030517578,22.55500030517578,22.549999237060547,22.549999237060547,1601.0
2024-10-25 10:08:00+00:00,ALRM,54.88999938964844,54.88999938964844,54.88999938964844,54.849998474121094,54.88999938964844,401.0
2024-10-25 10:08:00+00:00,ALTR,105.7300033569336,105.7300033569336,105.7300033569336,105.62999725341797,105.62999725341797,360.0
2024-10-25 10:08:00+00:00,AMAT,188.52000427246094,188.52000427246094,188.75,188.44000244140625,188.69000244140625,5777.0
2024-10-25 10:08:00+00:00,AMD,158.4600067138672,158.4600067138672,158.58999633789062,158.35009765625,158.47999572753906,119566.0
2024-10-25 10:08:00+00:00,AMKR,29.93000030517578,29.93000030517578,29.93000030517578,29.924999237060547,29.93000030517578,964.0
2024-10-25 10:08:00+00:00,AMPG,1.090000033378601,1.090000033378601,1.0901000499725342,1.090000033378601,1.090000033378601,0.0
2024-10-25 10:08:00+00:00,ANSS,327.8699951171875,327.8699951171875,327.8699951171875,327.4700012207031,327.8399963378906,1387.0
2024-10-25 10:08:00+00:00,ANY,1.0950000286102295,1.0950000286102295,1.0950000286102295,1.0950000286102295,1.0950000286102295,1779.0
2024-10-25 10:08:00+00:00,API,2.6600000858306885,2.6600000858306885,2.6600000858306885,2.6549999713897705,2.6600000858306885,8448.0
2024-10-25 10:08:00+00:00,APP,163.30999755859375,163.30999755859375,163.42999267578125,163.05999755859375,163.1999969482422,14123.0
2024-10-25 10:08:00+00:00,APPF,227.6300048828125,227.6300048828125,227.8000030517578,227.6300048828125,227.8000030517578,1822.0
2024-10-25 10:08:00+00:00,APPN,32.529998779296875,32.529998779296875,32.529998779296875,32.529998779296875,32.529998779296875,902.0
2024-10-25 10:08:00+00:00,APPS,3.1689999103546143,3.1689999103546143,3.1689999103546143,3.1649999618530273,3.1649999618530273,503.0
2024-10-25 10:08:00+00:00,ARQQ,7.515399932861328,7.515399932861328,7.515399932861328,7.515399932861328,7.515399932861328,292.0
2024-10-25 10:08:00+00:00,ARRY,6.400000095367432,6.400000095367432,6.400000095367432,6.360000133514404,6.364999771118164,67061.0
2024-10-25 10:08:00+00:00,ASML,720.97998046875,720.97998046875,721.2498779296875,720.6500244140625,721.0,8062.0
2024-10-25 10:08:00+00:00,ATOM,3.3299999237060547,3.3299999237060547,3.3299999237060547,3.3299999237060547,3.3299999237060547,940.0
2024-10-25 10:08:00+00:00,AUR,6.414999961853027,6.414999961853027,6.414999961853027,6.394999980926514,6.400000095367432,32793.0
2024-10-25 10:08:00+00:00,AUUD,0.64410001039505,0.64410001039505,0.64410001039505,0.64410001039505,0.64410001039505,1070.0
2024-10-25 10:08:00+00:00,AVDX,8.255000114440918,8.255000114440918,8.255000114440918,8.25,8.25,27883.0
2024-10-25 10:08:00+00:00,AVGO,175.00999450683594,175.00999450683594,175.10499572753906,174.91000366210938,175.05999755859375,59577.0
2024-10-25 10:08:00+00:00,AVNW,20.954999923706055,20.954999923706055,20.954999923706055,20.954999923706055,20.954999923706055,220.0
2024-10-25 10:08:00+00:00,AVT,54.869998931884766,54.869998931884766,54.900001525878906,54.79999923706055,54.79999923706055,4113.0
2024-10-25 10:08:00+00:00,BEEM,4.829999923706055,4.829999923706055,4.829999923706055,4.829999923706055,4.829999923706055,820.0
2024-10-25 10:08:00+00:00,BIGC,5.34499979019165,5.34499979019165,5.34499979019165,5.34499979019165,5.34499979019165,3547.0
2024-10-25 10:08:00+00:00,BMBL,7.239999771118164,7.239999771118164,7.239999771118164,7.230000019073486,7.230000019073486,2239.0
2024-10-25 10:08:00+00:00,BRZE,31.059999465942383,31.059999465942383,31.059999465942383,31.059999465942383,31.059999465942383,553.0
2024-10-25 10:08:00+00:00,CAMP,11.020000457763672,11.020000457763672,11.020000457763672,11.020000457763672,11.020000457763672,1301.0
2024-10-25 10:08:00+00:00,CAMT,79.26000213623047,79.26000213623047,79.26000213623047,79.26000213623047,79.26000213623047,1008.0
2024-10-25 10:08:00+00:00,CAN,0.9994999766349792,0.9994999766349792,0.9994999766349792,0.9950000047683716,0.9958999752998352,3761.0
2024-10-25 10:08:00+00:00,CCSI,20.3799991607666,20.3799991607666,20.475000381469727,20.3799991607666,20.475000381469727,685.0
2024-10-25 10:08:00+00:00,CDNS,258.9049987792969,258.9049987792969,259.1700134277344,258.7300109863281,258.9649963378906,29226.0
2024-10-25 10:08:00+00:00,CDW,220.07000732421875,220.07000732421875,220.1750030517578,219.75,219.7899932861328,13761.0
2024-10-25 10:08:00+00:00,CEVA,24.290000915527344,24.290000915527344,24.290000915527344,24.270000457763672,24.270000457763672,555.0
2024-10-25 10:08:00+00:00,CFLT,22.485000610351562,22.485000610351562,22.520000457763672,22.479999542236328,22.5,9577.0
2024-10-25 10:08:00+00:00,CGNX,39.349998474121094,39.349998474121094,39.39500045776367,39.345001220703125,39.3650016784668,12684.0
2024-10-25 10:08:00+00:00,CHKP,207.6300048828125,207.6300048828125,207.6300048828125,207.61000061035156,207.61000061035156,1235.0
2024-10-25 10:08:00+00:00,CLBT,18.149999618530273,18.149999618530273,18.149999618530273,18.127899169921875,18.127899169921875,1006.0
2024-10-25 10:08:00+00:00,CLSK,12.098999977111816,12.098999977111816,12.138500213623047,12.050000190734863,12.116600036621094,166773.0
2024-10-25 10:08:00+00:00,CNDT,3.7100000381469727,3.7100000381469727,3.7100000381469727,3.7049999237060547,3.7100000381469727,1677.0
2024-10-25 10:08:00+00:00,CNXC,45.150001525878906,45.150001525878906,45.150001525878906,45.099998474121094,45.099998474121094,3072.0
2024-10-25 10:08:00+00:00,COHR,96.8499984741211,96.8499984741211,96.94000244140625,96.81999969482422,96.91999816894531,6551.0
2024-10-25 10:08:00+00:00,COHU,26.209999084472656,26.209999084472656,26.209999084472656,26.209999084472656,26.209999084472656,1193.0
2024-10-25 10:08:00+00:00,COIN,212.63999938964844,212.63999938964844,212.97000122070312,212.38999938964844,212.77940368652344,54370.0
2024-10-25 10:08:00+00:00,COMM,6.474999904632568,6.474999904632568,6.474999904632568,6.465000152587891,6.469900131225586,3133.0
2024-10-25 10:08:00+00:00,CORZ,13.739999771118164,13.739999771118164,13.759900093078613,13.734999656677246,13.744999885559082,11854.0
2024-10-25 10:08:00+00:00,CRDO,39.65999984741211,39.65999984741211,39.69499969482422,39.65999984741211,39.69499969482422,889.0
2024-10-25 10:08:00+00:00,CRNC,2.861599922180176,2.861599922180176,2.861599922180176,2.861599922180176,2.861599922180176,316.0
2024-10-25 10:08:00+00:00,CRNT,2.4660000801086426,2.4660000801086426,2.4660000801086426,2.4660000801086426,2.4660000801086426,236.0
2024-10-25 10:08:00+00:00,CRSR,6.434999942779541,6.434999942779541,6.434999942779541,6.434999942779541,6.434999942779541,542.0
2024-10-25 10:08:00+00:00,CRWD,309.4248962402344,309.4248962402344,310.1300048828125,309.4100036621094,309.9767150878906,5787.0
2024-10-25 10:08:00+00:00,CSCO,56.38999938964844,56.38999938964844,56.43000030517578,56.380001068115234,56.43000030517578,22549.0
2024-10-25 10:08:00+00:00,CSIQ,13.621999740600586,13.621999740600586,13.630000114440918,13.529999732971191,13.549200057983398,45106.0
2024-10-25 10:08:00+00:00,CTLP,9.119999885559082,9.119999885559082,9.119999885559082,9.119999885559082,9.119999885559082,482.0
2024-10-25 10:08:00+00:00,CTSH,75.33999633789062,75.33999633789062,75.3499984741211,75.25499725341797,75.26000213623047,4269.0
2024-10-25 10:08:00+00:00,CVLT,135.22000122070312,135.22000122070312,135.22999572753906,135.22000122070312,135.22999572753906,479.0
2024-10-25 10:08:00+00:00,CYN,3.450000047683716,3.450000047683716,3.6793999671936035,3.440000057220459,3.6793999671936035,4918.0
2024-10-25 10:08:00+00:00,DATS,1.6223000288009644,1.6223000288009644,1.6434999704360962,1.6223000288009644,1.6434999704360962,0.0
2024-10-25 10:08:00+00:00,DAVE,39.88999938964844,39.88999938964844,39.88999938964844,39.88999938964844,39.88999938964844,309.0
2024-10-25 10:08:00+00:00,DBX,26.094999313354492,26.094999313354492,26.094999313354492,26.09000015258789,26.094999313354492,1432.0
2024-10-25 10:08:00+00:00,DCBO,46.317501068115234,46.317501068115234,46.317501068115234,46.317501068115234,46.317501068115234,223.0
2024-10-25 10:08:00+00:00,DDOG,127.05999755859375,127.05999755859375,127.2300033569336,127.00499725341797,127.20500183105469,9852.0
2024-10-25 10:08:00+00:00,DIOD,66.5,66.5,66.5,66.5,66.5,408.0
2024-10-25 10:08:00+00:00,DLO,8.819999694824219,8.819999694824219,8.819999694824219,8.8100004196167,8.81029987335205,731.0
2024-10-25 10:08:00+00:00,DOCU,70.33999633789062,70.33999633789062,70.38999938964844,70.33999633789062,70.38999938964844,2945.0
2024-10-25 10:08:00+00:00,DUOT,4.119999885559082,4.119999885559082,4.138199806213379,4.119999885559082,4.138199806213379,1370.0
2024-10-25 10:08:00+00:00,EMKR,2.119999885559082,2.119999885559082,2.119999885559082,2.115999937057495,2.115999937057495,268.0
2024-10-25 10:08:00+00:00,ENPH,81.8499984741211,81.8499984741211,82.0,81.72820281982422,81.75,19162.0
2024-10-25 10:08:00+00:00,ENTG,105.5,105.5,105.55999755859375,105.48999786376953,105.55999755859375,1289.0
2024-10-25 10:08:00+00:00,ERIC,8.508099555969238,8.508099555969238,8.509900093078613,8.503999710083008,8.509499549865723,43940.0
2024-10-25 10:08:00+00:00,EXFY,1.715000033378601,1.715000033378601,1.715000033378601,1.715000033378601,1.715000033378601,1027.0
2024-10-25 10:08:00+00:00,EXLS,39.255001068115234,39.255001068115234,39.279998779296875,39.25,39.279998779296875,2978.0
2024-10-25 10:08:00+00:00,EXTR,14.579999923706055,14.579999923706055,14.579999923706055,14.579999923706055,14.579999923706055,796.0
2024-10-25 10:08:00+00:00,FFIV,216.4199981689453,216.4199981689453,216.4199981689453,216.4199981689453,216.4199981689453,142.0
2024-10-25 10:08:00+00:00,FIVN,30.559999465942383,30.559999465942383,30.610000610351562,30.559999465942383,30.610000610351562,2585.0
2024-10-25 10:08:00+00:00,FLEX,35.505001068115234,35.505001068115234,35.540000915527344,35.4900016784668,35.529998779296875,5037.0
2024-10-25 10:08:00+00:00,FLYW,17.68000030517578,17.68000030517578,17.690000534057617,17.68000030517578,17.690000534057617,3011.0
2024-10-25 10:08:00+00:00,FORM,45.18000030517578,45.18000030517578,45.2599983215332,45.18000030517578,45.2599983215332,1283.0
2024-10-25 10:08:00+00:00,FROG,29.6200008392334,29.6200008392334,29.65999984741211,29.6200008392334,29.65999984741211,386.0
2024-10-25 10:08:00+00:00,FRSH,11.75,11.75,11.75,11.734999656677246,11.734999656677246,15271.0
2024-10-25 10:08:00+00:00,FSLR,198.0399932861328,198.0399932861328,198.0449981689453,197.4040069580078,197.4040069580078,10971.0
2024-10-25 10:08:00+00:00,FTCI,0.6948999762535095,0.6948999762535095,0.6948999762535095,0.6930000185966492,0.6948999762535095,3805.0
2024-10-25 10:08:00+00:00,FTNT,81.46499633789062,81.46499633789062,81.5,81.46499633789062,81.4749984741211,1936.0
2024-10-25 10:08:00+00:00,GCT,25.594999313354492,25.594999313354492,25.6200008392334,25.59000015258789,25.6200008392334,1034.0
2024-10-25 10:08:00+00:00,GDS,21.799999237060547,21.799999237060547,21.809999465942383,21.792499542236328,21.809999465942383,771.0
2024-10-25 10:08:00+00:00,GFS,41.02899932861328,41.02899932861328,41.029998779296875,40.97999954223633,41.02000045776367,2847.0
2024-10-25 10:08:00+00:00,GPRO,1.3300000429153442,1.3300000429153442,1.3300000429153442,1.3300000429153442,1.3300000429153442,246.0
2024-10-25 10:08:00+00:00,GRAB,4.074999809265137,4.074999809265137,4.079999923706055,4.071800231933594,4.074999809265137,51407.0
2024-10-25 10:08:00+00:00,GRRR,4.764999866485596,4.764999866485596,4.764999866485596,4.764999866485596,4.764999866485596,280.0
2024-10-25 10:08:00+00:00,GTLB,56.625,56.625,56.630001068115234,56.625,56.630001068115234,293.0
2024-10-25 10:08:00+00:00,HCP,33.654998779296875,33.654998779296875,33.654998779296875,33.650001525878906,33.654998779296875,3651.0
2024-10-25 10:08:00+00:00,HIMX,6.21999979019165,6.21999979019165,6.21999979019165,6.210000038146973,6.210000038146973,1190.0
2024-10-25 10:08:00+00:00,HOLO,3.9049999713897705,3.9049999713897705,3.9049999713897705,3.869999885559082,3.880000114440918,3437.0
2024-10-25 10:08:00+00:00,HOOD,27.469999313354492,27.469999313354492,27.489999771118164,27.459999084472656,27.485000610351562,32019.0
2024-10-25 10:08:00+00:00,HTCR,1.1100000143051147,1.1100000143051147,1.1100000143051147,1.1100000143051147,1.1100000143051147,555.0
2024-10-25 10:08:00+00:00,IIIV,23.09000015258789,23.09000015258789,23.09000015258789,23.09000015258789,23.09000015258789,166.0
2024-10-25 10:08:00+00:00,IMMR,8.739999771118164,8.739999771118164,8.739999771118164,8.739999771118164,8.739999771118164,468.0
2024-10-25 10:08:00+00:00,IMXI,17.78499984741211,17.78499984741211,17.78499984741211,17.78499984741211,17.78499984741211,239.0
2024-10-25 10:08:00+00:00,INDI,3.5439999103546143,3.5439999103546143,3.549999952316284,3.5439999103546143,3.5450000762939453,4136.0
2024-10-25 10:08:00+00:00,INFN,6.789999961853027,6.789999961853027,6.789999961853027,6.789999961853027,6.789999961853027,1013.0
2024-10-25 10:08:00+00:00,INOD,20.030000686645508,20.030000686645508,20.030000686645508,20.030000686645508,20.030000686645508,1806.0
2024-10-25 10:08:00+00:00,INTC,23.0049991607666,23.0049991607666,23.030000686645508,23.0,23.024999618530273,198893.0
2024-10-25 10:08:00+00:00,INTU,614.8200073242188,614.8200073242188,615.655029296875,614.8200073242188,615.4400024414062,1829.0
2024-10-25 10:08:00+00:00,ITI,7.195000171661377,7.195000171661377,7.195000171661377,7.195000171661377,7.195000171661377,200.0
2024-10-25 10:08:00+00:00,JAMF,16.93000030517578,16.93000030517578,16.940000534057617,16.920000076293945,16.920000076293945,3078.0
2024-10-25 10:08:00+00:00,KC,2.7149999141693115,2.7149999141693115,2.7149999141693115,2.700000047683716,2.700000047683716,34044.0
2024-10-25 10:08:00+00:00,KLAC,677.5701293945312,677.5701293945312,677.5701293945312,677.5701293945312,677.5701293945312,441.0
2024-10-25 10:08:00+00:00,KLIC,44.665000915527344,44.665000915527344,44.665000915527344,44.665000915527344,44.665000915527344,248.0
2024-10-25 10:08:00+00:00,KOPN,0.7638000249862671,0.7638000249862671,0.7638000249862671,0.7638000249862671,0.7638000249862671,1391.0
2024-10-25 10:08:00+00:00,KPLT,8.741999626159668,8.741999626159668,8.920000076293945,8.741999626159668,8.920000076293945,1481.0
2024-10-25 10:08:00+00:00,LINK,5.684800148010254,5.684800148010254,5.849999904632568,5.400000095367432,5.849999904632568,103850.0
2024-10-25 10:08:00+00:00,LITE,64.62999725341797,64.62999725341797,64.62999725341797,64.59010314941406,64.59010314941406,623.0
2024-10-25 10:08:00+00:00,LOGI,80.98999786376953,80.98999786376953,80.98999786376953,80.93000030517578,80.93000030517578,1938.0
2024-10-25 10:08:00+00:00,LPSN,1.2100000381469727,1.2100000381469727,1.215000033378601,1.2100000381469727,1.2101000547409058,8688.0
2024-10-25 10:08:00+00:00,LRCX,78.26329803466797,78.26329803466797,78.37999725341797,78.2571029663086,78.37000274658203,39053.0
2024-10-25 10:08:00+00:00,LYFT,13.770000457763672,13.770000457763672,13.770000457763672,13.755000114440918,13.755000114440918,10337.0
2024-10-25 10:08:00+00:00,MANH,278.239990234375,278.239990234375,278.239990234375,278.010009765625,278.010009765625,1463.0
2024-10-25 10:08:00+00:00,MAXN,5.63129997253418,5.63129997253418,5.63129997253418,5.619999885559082,5.619999885559082,7315.0
2024-10-25 10:08:00+00:00,MCHP,77.30000305175781,77.30000305175781,77.30000305175781,77.23999786376953,77.23999786376953,4572.0
2024-10-25 10:08:00+00:00,MDB,269.44000244140625,269.44000244140625,269.44000244140625,269.1300048828125,269.1600036621094,982.0
2024-10-25 10:08:00+00:00,MIND,3.5,3.5,3.5,3.5,3.5,101.0
2024-10-25 10:08:00+00:00,MITK,8.779999732971191,8.779999732971191,8.786100387573242,8.779999732971191,8.786100387573242,617.0
2024-10-25 10:08:00+00:00,MKSI,101.37000274658203,101.37000274658203,101.44499969482422,101.33999633789062,101.33999633789062,1856.0
2024-10-25 10:08:00+00:00,MKTW,0.61080002784729,0.61080002784729,0.6212999820709229,0.61080002784729,0.6212999820709229,10470.0
2024-10-25 10:08:00+00:00,MNDO,1.9850000143051147,1.9850000143051147,1.9850000143051147,1.9850000143051147,1.9850000143051147,0.0
2024-10-25 10:08:00+00:00,MQ,5.335000038146973,5.335000038146973,5.340000152587891,5.320000171661377,5.340000152587891,43468.0
2024-10-25 10:08:00+00:00,MRVL,83.02999877929688,83.02999877929688,83.06999969482422,82.98999786376953,83.02999877929688,11259.0
2024-10-25 10:08:00+00:00,MSFT,431.1499938964844,431.1499938964844,431.2699890136719,431.07000732421875,431.25,38860.0
2024-10-25 10:08:00+00:00,MSTR,241.38999938964844,241.38999938964844,241.73989868164062,240.75999450683594,241.4550018310547,68347.0
2024-10-25 10:08:00+00:00,MTLS,5.985000133514404,5.985000133514404,5.989999771118164,5.971199989318848,5.989999771118164,2473.0
2024-10-25 10:08:00+00:00,MTSI,119.16500091552734,119.16500091552734,119.16500091552734,119.16500091552734,119.16500091552734,179.0
2024-10-25 10:08:00+00:00,MTTR,4.664999961853027,4.664999961853027,4.664999961853027,4.664999961853027,4.664999961853027,547.0
2024-10-25 10:08:00+00:00,MU,108.95230102539062,108.95230102539062,109.04989624023438,108.91999816894531,109.02999877929688,26083.0
2024-10-25 10:08:00+00:00,MVIS,1.1039999723434448,1.1039999723434448,1.1050000190734863,1.1039999723434448,1.1050000190734863,706.0
2024-10-25 10:08:00+00:00,MXL,14.949999809265137,14.949999809265137,14.979999542236328,14.9399995803833,14.960000038146973,5786.0
2024-10-25 10:08:00+00:00,NCNO,38.33000183105469,38.33000183105469,38.33000183105469,38.275001525878906,38.275001525878906,962.0
2024-10-25 10:08:00+00:00,NEON,8.149999618530273,8.149999618530273,8.149999618530273,8.149999618530273,8.149999618530273,30.0
2024-10-25 10:08:00+00:00,NICE,176.99000549316406,176.99000549316406,177.05999755859375,176.63999938964844,176.99000549316406,927.0
2024-10-25 10:08:00+00:00,NNDM,2.3361001014709473,2.3361001014709473,2.337599992752075,2.3350000381469727,2.337599992752075,1302.0
2024-10-25 10:08:00+00:00,NSIT,212.6750030517578,212.6750030517578,212.6750030517578,212.6750030517578,212.6750030517578,298.0
2024-10-25 10:08:00+00:00,NTAP,120.1449966430664,120.1449966430664,120.20999908447266,120.0999984741211,120.19000244140625,2589.0
2024-10-25 10:08:00+00:00,NTCT,20.704200744628906,20.704200744628906,20.704200744628906,20.704200744628906,20.704200744628906,209.0
2024-10-25 10:08:00+00:00,NTNX,62.83000183105469,62.83000183105469,62.880001068115234,62.83000183105469,62.880001068115234,1068.0
2024-10-25 10:08:00+00:00,NVDA,142.72999572753906,142.72999572753906,142.97999572753906,142.72999572753906,142.86500549316406,496985.0
2024-10-25 10:08:00+00:00,NVEI,33.53499984741211,33.53499984741211,33.53499984741211,33.529998779296875,33.529998779296875,400.0
2024-10-25 10:08:00+00:00,NVMI,184.50999450683594,184.50999450683594,184.50999450683594,184.50999450683594,184.50999450683594,718.0
2024-10-25 10:08:00+00:00,NVTS,2.5799999237060547,2.5799999237060547,2.5799999237060547,2.5699000358581543,2.569999933242798,1895.0
2024-10-25 10:08:00+00:00,NXPI,244.8000030517578,244.8000030517578,244.8000030517578,244.57000732421875,244.68499755859375,1242.0
2024-10-25 10:08:00+00:00,OKTA,72.9800033569336,72.9800033569336,73.0,72.93000030517578,72.93499755859375,12695.0
2024-10-25 10:08:00+00:00,OLB,2.259999990463257,2.259999990463257,2.259999990463257,2.259999990463257,2.259999990463257,0.0
2024-10-25 10:08:00+00:00,ON,72.69000244140625,72.69000244140625,72.70999908447266,72.56999969482422,72.58000183105469,22140.0
2024-10-25 10:08:00+00:00,OSPN,14.728799819946289,14.728799819946289,14.729999542236328,14.728799819946289,14.729999542236328,650.0
2024-10-25 10:08:00+00:00,OTEX,33.599998474121094,33.599998474121094,33.599998474121094,33.58000183105469,33.58000183105469,680.0
2024-10-25 10:08:00+00:00,PANW,371.375,371.375,371.5769958496094,371.375,371.3999938964844,1786.0
2024-10-25 10:08:00+00:00,PAYO,8.274999618530273,8.274999618530273,8.274999618530273,8.274999618530273,8.274999618530273,3261.0
2024-10-25 10:08:00+00:00,PAYS,3.7699999809265137,3.7699999809265137,3.7799999713897705,3.75,3.7799999713897705,11421.0
2024-10-25 10:08:00+00:00,PEGA,81.125,81.125,81.28500366210938,81.08000183105469,81.28500366210938,5086.0
2024-10-25 10:08:00+00:00,PEGY,4.75,4.75,4.75,4.75,4.75,867.0
2024-10-25 10:08:00+00:00,PGY,11.925000190734863,11.925000190734863,11.9399995803833,11.925000190734863,11.9399995803833,2219.0
2024-10-25 10:08:00+00:00,PHUN,9.864999771118164,9.864999771118164,9.927000045776367,9.859999656677246,9.869999885559082,120594.0
2024-10-25 10:08:00+00:00,PI,200.3000030517578,200.3000030517578,200.4550018310547,200.22000122070312,200.4550018310547,4913.0
2024-10-25 10:08:00+00:00,PLXS,144.83999633789062,144.83999633789062,144.95750427246094,144.8350067138672,144.9550018310547,1004.0
2024-10-25 10:08:00+00:00,POET,3.990000009536743,3.990000009536743,4.010000228881836,3.990000009536743,4.0,6107.0
2024-10-25 10:08:00+00:00,POWI,63.400001525878906,63.400001525878906,63.439998626708984,63.400001525878906,63.439998626708984,3488.0
2024-10-25 10:08:00+00:00,PRGS,65.30999755859375,65.30999755859375,65.30999755859375,65.20999908447266,65.20999908447266,665.0
2024-10-25 10:08:00+00:00,PTC,185.69500732421875,185.69500732421875,185.69500732421875,185.69500732421875,185.69500732421875,1559.0
2024-10-25 10:08:00+00:00,PXLW,0.767799973487854,0.767799973487854,0.767799973487854,0.767799973487854,0.767799973487854,207.0
2024-10-25 10:08:00+00:00,PYCR,14.510000228881836,14.510000228881836,14.520000457763672,14.510000228881836,14.520000457763672,1910.0
2024-10-25 10:08:00+00:00,QCOM,172.47999572753906,172.47999572753906,172.50999450683594,172.33999633789062,172.4499969482422,14017.0
2024-10-25 10:08:00+00:00,QRVO,100.51000213623047,100.51000213623047,100.56999969482422,100.50499725341797,100.51499938964844,3994.0
2024-10-25 10:08:00+00:00,QUBT,1.1299999952316284,1.1299999952316284,1.1299999952316284,1.128999948501587,1.128999948501587,821.0
2024-10-25 10:08:00+00:00,RDWR,22.600000381469727,22.600000381469727,22.600000381469727,22.600000381469727,22.600000381469727,208.0
2024-10-25 10:08:00+00:00,REFR,2.184999942779541,2.184999942779541,2.184999942779541,2.184999942779541,2.184999942779541,271.0
2024-10-25 10:08:00+00:00,REKR,1.1024999618530273,1.1024999618530273,1.1024999618530273,1.100000023841858,1.100000023841858,145.0
2024-10-25 10:08:00+00:00,RELY,14.755000114440918,14.755000114440918,14.765000343322754,14.75,14.765000343322754,2464.0
2024-10-25 10:08:00+00:00,RGTI,1.284999966621399,1.284999966621399,1.2899999618530273,1.2800999879837036,1.2867000102996826,3389.0
2024-10-25 10:08:00+00:00,RIOT,10.145000457763672,10.145000457763672,10.15999984741211,10.119999885559082,10.149999618530273,77997.0
2024-10-25 10:08:00+00:00,RUM,5.669099807739258,5.669099807739258,5.679999828338623,5.659999847412109,5.679999828338623,8217.0
2024-10-25 10:08:00+00:00,RUN,14.300000190734863,14.300000190734863,14.329999923706055,14.1850004196167,14.1899995803833,36221.0
2024-10-25 10:08:00+00:00,RXT,2.559999942779541,2.559999942779541,2.559999942779541,2.559999942779541,2.559999942779541,232.0
2024-10-25 10:08:00+00:00,SATS,25.110000610351562,25.110000610351562,25.110000610351562,25.110000610351562,25.110000610351562,685.0
2024-10-25 10:08:00+00:00,SCSC,45.54999923706055,45.54999923706055,45.630001068115234,45.540000915527344,45.540000915527344,2931.0
2024-10-25 10:08:00+00:00,SCWX,8.385000228881836,8.385000228881836,8.385000228881836,8.385000228881836,8.385000228881836,100.0
2024-10-25 10:08:00+00:00,SEDG,15.8100004196167,15.8100004196167,15.8100004196167,15.710000038146973,15.710000038146973,17106.0
2024-10-25 10:08:00+00:00,SHLS,5.230000019073486,5.230000019073486,5.230000019073486,5.200699806213379,5.200699806213379,26675.0
2024-10-25 10:08:00+00:00,SKYT,10.859999656677246,10.859999656677246,10.946000099182129,10.859999656677246,10.946000099182129,2093.0
2024-10-25 10:08:00+00:00,SLNH,4.0991997718811035,4.0991997718811035,4.0991997718811035,4.0991997718811035,4.0991997718811035,387.0
2024-10-25 10:08:00+00:00,SMCI,47.31999969482422,47.31999969482422,47.439998626708984,47.279998779296875,47.41999816894531,48991.0
2024-10-25 10:08:00+00:00,SMTC,46.1150016784668,46.1150016784668,46.18000030517578,46.01570129394531,46.099998474121094,2809.0
2024-10-25 10:08:00+00:00,SONO,12.850000381469727,12.850000381469727,12.850000381469727,12.850000381469727,12.850000381469727,625.0
2024-10-25 10:08:00+00:00,SOUN,5.3471999168396,5.3471999168396,5.349999904632568,5.340000152587891,5.34499979019165,27335.0
2024-10-25 10:08:00+00:00,SPSC,185.2100067138672,185.2100067138672,185.2100067138672,185.2100067138672,185.2100067138672,200.0
2024-10-25 10:08:00+00:00,SPT,27.584999084472656,27.584999084472656,27.584999084472656,27.584999084472656,27.584999084472656,518.0
2024-10-25 10:08:00+00:00,SSNC,70.11499786376953,70.11499786376953,70.11499786376953,70.04000091552734,70.04000091552734,8501.0
2024-10-25 10:08:00+00:00,STNE,11.375,11.375,11.380000114440918,11.375,11.380000114440918,4968.0
2024-10-25 10:08:00+00:00,STX,104.09500122070312,104.09500122070312,104.09500122070312,103.95999908447266,104.05000305175781,6189.0
2024-10-25 10:08:00+00:00,SWKS,96.15499877929688,96.15499877929688,96.16999816894531,96.05999755859375,96.05999755859375,2696.0
2024-10-25 10:08:00+00:00,SYTA,1.193600058555603,1.193600058555603,1.2100000381469727,1.190000057220459,1.2100000381469727,18661.0
2024-10-25 10:08:00+00:00,TASK,12.270000457763672,12.270000457763672,12.279999732971191,12.260000228881836,12.270000457763672,1483.0
2024-10-25 10:08:00+00:00,TEAM,191.52999877929688,191.52999877929688,191.7100067138672,191.38999938964844,191.49000549316406,9344.0
2024-10-25 10:08:00+00:00,TENB,41.459999084472656,41.459999084472656,41.47999954223633,41.459999084472656,41.47999954223633,1076.0
2024-10-25 10:08:00+00:00,TER,112.74500274658203,112.74500274658203,112.79499816894531,112.69000244140625,112.79000091552734,3505.0
2024-10-25 10:08:00+00:00,TLS,3.640000104904175,3.640000104904175,3.640000104904175,3.640000104904175,3.640000104904175,770.0
2024-10-25 10:08:00+00:00,TRMB,61.22999954223633,61.22999954223633,61.22999954223633,61.209999084472656,61.209999084472656,924.0
2024-10-25 10:08:00+00:00,TSEM,45.040000915527344,45.040000915527344,45.040000915527344,45.02000045776367,45.02000045776367,1182.0
2024-10-25 10:08:00+00:00,TTD,120.42990112304688,120.42990112304688,120.48500061035156,120.29820251464844,120.48500061035156,7749.0
2024-10-25 10:08:00+00:00,TTMI,19.56999969482422,19.56999969482422,19.56999969482422,19.56999969482422,19.56999969482422,543.0
2024-10-25 10:08:00+00:00,TWKS,4.449999809265137,4.449999809265137,4.449999809265137,4.449999809265137,4.449999809265137,6483.0
2024-10-25 10:08:00+00:00,TXN,210.7375030517578,210.7375030517578,210.7375030517578,210.52999877929688,210.58999633789062,10109.0
2024-10-25 10:08:00+00:00,UCTT,36.099998474121094,36.099998474121094,36.099998474121094,36.095001220703125,36.095001220703125,256.0
2024-10-25 10:08:00+00:00,VERX,42.47999954223633,42.47999954223633,42.47999954223633,42.47999954223633,42.47999954223633,462.0
2024-10-25 10:08:00+00:00,VICR,47.08000183105469,47.08000183105469,47.08000183105469,47.08000183105469,47.08000183105469,316.0
2024-10-25 10:08:00+00:00,VNET,3.444999933242798,3.444999933242798,3.4649999141693115,3.444999933242798,3.4649999141693115,2575.0
2024-10-25 10:08:00+00:00,VRNS,57.435001373291016,57.435001373291016,57.47999954223633,57.43000030517578,57.47999954223633,2194.0
2024-10-25 10:08:00+00:00,VRNT,22.110000610351562,22.110000610351562,22.110000610351562,22.049999237060547,22.049999237060547,2098.0
2024-10-25 10:08:00+00:00,VSAT,10.430000305175781,10.430000305175781,10.430000305175781,10.40999984741211,10.40999984741211,1522.0
2024-10-25 10:08:00+00:00,VUZI,1.340000033378601,1.340000033378601,1.340000033378601,1.3300000429153442,1.3300000429153442,3503.0
2024-10-25 10:08:00+00:00,WALD,3.6500000953674316,3.6500000953674316,3.6500000953674316,3.6500000953674316,3.6500000953674316,1200.0
2024-10-25 10:08:00+00:00,WDAY,242.0800018310547,242.0800018310547,242.0800018310547,241.86000061035156,241.86070251464844,1433.0
2024-10-25 10:08:00+00:00,WDC,71.5999984741211,71.5999984741211,71.79000091552734,71.5999984741211,71.76000213623047,24417.0
2024-10-25 10:08:00+00:00,WISA,1.809999942779541,1.809999942779541,1.809999942779541,1.809999942779541,1.809999942779541,214.0
2024-10-25 10:08:00+00:00,XELA,1.9900000095367432,1.9900000095367432,2.0,1.9900000095367432,2.0,620.0
2024-10-25 10:08:00+00:00,XPER,9.390000343322754,9.390000343322754,9.390000343322754,9.390000343322754,9.390000343322754,329.0
2024-10-25 10:08:00+00:00,XRX,10.220000267028809,10.220000267028809,10.220000267028809,10.220000267028809,10.220000267028809,643.0
2024-10-25 10:08:00+00:00,ZBRA,365.2099914550781,365.2099914550781,365.2900085449219,365.1000061035156,365.1000061035156,7874.0
2024-10-25 10:08:00+00:00,ZI,10.550000190734863,10.550000190734863,10.550000190734863,10.549500465393066,10.549500465393066,1796.0
2024-10-25 10:08:00+00:00,ZM,73.23999786376953,73.23999786376953,73.23999786376953,73.19999694824219,73.2300033569336,3050.0
2024-10-25 10:08:00+00:00,ZS,187.4499969482422,187.4499969482422,187.52999877929688,187.4499969482422,187.52999877929688,1216.0
2024-10-25 10:09:00+00:00,AAOI,17.614999771118164,17.614999771118164,17.6299991607666,17.594999313354492,17.6299991607666,35425.0
2024-10-25 10:09:00+00:00,AAPL,231.89259338378906,231.89259338378906,231.97000122070312,231.80999755859375,231.97000122070312,73809.0
2024-10-25 10:09:00+00:00,ACIW,49.38999938964844,49.38999938964844,49.38999938964844,49.38999938964844,49.38999938964844,1074.0
2024-10-25 10:09:00+00:00,ACMR,19.7549991607666,19.7549991607666,19.760000228881836,19.735599517822266,19.760000228881836,6752.0
2024-10-25 10:09:00+00:00,ADBE,487.05999755859375,487.05999755859375,487.2300109863281,487.010009765625,487.2300109863281,2516.0
2024-10-25 10:09:00+00:00,ADI,234.41000366210938,234.41000366210938,234.5500030517578,234.27000427246094,234.52999877929688,4056.0
2024-10-25 10:09:00+00:00,ADSK,288.31500244140625,288.31500244140625,288.31500244140625,288.29998779296875,288.29998779296875,3735.0
2024-10-25 10:09:00+00:00,ADTN,6.340000152587891,6.340000152587891,6.340000152587891,6.335000038146973,6.340000152587891,1171.0
2024-10-25 10:09:00+00:00,AEHR,16.389999389648438,16.389999389648438,16.389999389648438,16.374099731445312,16.374099731445312,1809.0
2024-10-25 10:09:00+00:00,AEYE,23.55500030517578,23.55500030517578,23.55500030517578,23.55500030517578,23.55500030517578,107.0
2024-10-25 10:09:00+00:00,AFRM,42.209999084472656,42.209999084472656,42.2400016784668,42.16999816894531,42.21989822387695,10911.0
2024-10-25 10:09:00+00:00,AIRG,9.039999961853027,9.039999961853027,9.039999961853027,9.039999961853027,9.039999961853027,536.0
2024-10-25 10:09:00+00:00,AKTS,0.05649999901652336,0.05649999901652336,0.05689999833703041,0.05649999901652336,0.05689999833703041,44783.0
2024-10-25 10:09:00+00:00,ALGM,22.520000457763672,22.520000457763672,22.579999923706055,22.520000457763672,22.56999969482422,4746.0
2024-10-25 10:09:00+00:00,ALKT,38.369998931884766,38.369998931884766,38.369998931884766,38.369998931884766,38.369998931884766,457.0
2024-10-25 10:09:00+00:00,ALRM,54.88999938964844,54.88999938964844,54.88999938964844,54.88999938964844,54.88999938964844,210.0
2024-10-25 10:09:00+00:00,ALTR,105.94000244140625,105.94000244140625,105.94000244140625,105.94000244140625,105.94000244140625,246.0
2024-10-25 10:09:00+00:00,AMAT,188.20010375976562,188.20010375976562,188.5500030517578,188.20010375976562,188.5500030517578,17660.0
2024-10-25 10:09:00+00:00,AMD,158.69000244140625,158.69000244140625,158.7135009765625,158.4600067138672,158.4600067138672,144850.0
2024-10-25 10:09:00+00:00,AMKR,29.8966007232666,29.8966007232666,29.924999237060547,29.8700008392334,29.924999237060547,2561.0
2024-10-25 10:09:00+00:00,AMPL,9.270899772644043,9.270899772644043,9.270899772644043,9.270899772644043,9.270899772644043,853.0
2024-10-25 10:09:00+00:00,ANSS,327.489990234375,327.489990234375,327.489990234375,327.489990234375,327.489990234375,1273.0
2024-10-25 10:09:00+00:00,AOSL,36.75,36.75,36.83000183105469,36.75,36.83000183105469,851.0
2024-10-25 10:09:00+00:00,APP,162.9199981689453,162.9199981689453,163.5,162.91000366210938,163.42999267578125,19207.0
2024-10-25 10:09:00+00:00,APPF,227.64999389648438,227.64999389648438,227.66000366210938,227.63999938964844,227.66000366210938,4382.0
2024-10-25 10:09:00+00:00,APPN,32.55500030517578,32.55500030517578,32.55500030517578,32.55500030517578,32.55500030517578,1875.0
2024-10-25 10:09:00+00:00,APPS,3.1649999618530273,3.1649999618530273,3.1649999618530273,3.1649999618530273,3.1649999618530273,1615.0
2024-10-25 10:09:00+00:00,ARRY,6.394999980926514,6.394999980926514,6.398900032043457,6.390100002288818,6.394999980926514,18438.0
2024-10-25 10:09:00+00:00,ASML,721.5599975585938,721.5599975585938,721.5599975585938,720.5399780273438,721.1898803710938,8804.0
2024-10-25 10:09:00+00:00,ASNS,1.340000033378601,1.340000033378601,1.340000033378601,1.340000033378601,1.340000033378601,0.0
2024-10-25 10:09:00+00:00,ATOM,3.3450000286102295,3.3450000286102295,3.3450000286102295,3.3299999237060547,3.3299999237060547,1995.0
2024-10-25 10:09:00+00:00,AUID,6.829999923706055,6.829999923706055,6.829999923706055,6.829999923706055,6.829999923706055,2160.0
2024-10-25 10:09:00+00:00,AUR,6.445000171661377,6.445000171661377,6.44980001449585,6.420000076293945,6.420000076293945,10775.0
2024-10-25 10:09:00+00:00,AVDX,8.255000114440918,8.255000114440918,8.255000114440918,8.255000114440918,8.255000114440918,437.0
2024-10-25 10:09:00+00:00,AVGO,174.9600067138672,174.9600067138672,175.02499389648438,174.75,175.0,46259.0
2024-10-25 10:09:00+00:00,AVT,54.88800048828125,54.88800048828125,54.88800048828125,54.875,54.875,871.0
2024-10-25 10:09:00+00:00,BAND,17.823699951171875,17.823699951171875,17.823699951171875,17.823699951171875,17.823699951171875,1150.0
2024-10-25 10:09:00+00:00,BASE,16.6200008392334,16.6200008392334,16.6200008392334,16.549999237060547,16.549999237060547,255.0
2024-10-25 10:09:00+00:00,BIGC,5.364999771118164,5.364999771118164,5.364999771118164,5.34499979019165,5.34499979019165,1520.0
2024-10-25 10:09:00+00:00,BLZE,7.224999904632568,7.224999904632568,7.224999904632568,7.210999965667725,7.210999965667725,1296.0
2024-10-25 10:09:00+00:00,BRZE,31.09000015258789,31.09000015258789,31.09000015258789,31.09000015258789,31.09000015258789,459.0
2024-10-25 10:09:00+00:00,CAN,0.9950000047683716,0.9950000047683716,0.9976999759674072,0.9950000047683716,0.9950000047683716,29827.0
2024-10-25 10:09:00+00:00,CDNS,258.57501220703125,258.57501220703125,258.9800109863281,258.489990234375,258.8299865722656,8593.0
2024-10-25 10:09:00+00:00,CDW,220.23500061035156,220.23500061035156,220.23500061035156,220.23500061035156,220.23500061035156,1856.0
2024-10-25 10:09:00+00:00,CEVA,24.270000457763672,24.270000457763672,24.270000457763672,24.270000457763672,24.270000457763672,987.0
2024-10-25 10:09:00+00:00,CFLT,22.530000686645508,22.530000686645508,22.540000915527344,22.485000610351562,22.485000610351562,22880.0
2024-10-25 10:09:00+00:00,CGNX,39.349998474121094,39.349998474121094,39.39500045776367,39.310001373291016,39.36000061035156,8732.0
2024-10-25 10:09:00+00:00,CLSK,12.09000015258789,12.09000015258789,12.119000434875488,12.074999809265137,12.095000267028809,91759.0
2024-10-25 10:09:00+00:00,CMTL,3.700000047683716,3.700000047683716,3.700000047683716,3.700000047683716,3.700000047683716,1571.0
2024-10-25 10:09:00+00:00,CNDT,3.7149999141693115,3.7149999141693115,3.7149999141693115,3.7149999141693115,3.7149999141693115,279.0
2024-10-25 10:09:00+00:00,CNXC,45.16999816894531,45.16999816894531,45.16999816894531,45.16999816894531,45.16999816894531,945.0
2024-10-25 10:09:00+00:00,COHR,96.86399841308594,96.86399841308594,96.9000015258789,96.78500366210938,96.84500122070312,2835.0
2024-10-25 10:09:00+00:00,COHU,26.239999771118164,26.239999771118164,26.260000228881836,26.239999771118164,26.25,983.0
2024-10-25 10:09:00+00:00,COIN,212.55999755859375,212.55999755859375,212.74000549316406,212.36000061035156,212.71800231933594,21324.0
2024-10-25 10:09:00+00:00,COMM,6.474999904632568,6.474999904632568,6.480000019073486,6.46999979019165,6.474999904632568,5374.0
2024-10-25 10:09:00+00:00,CORZ,13.744999885559082,13.744999885559082,13.749899864196777,13.739999771118164,13.739999771118164,8378.0
2024-10-25 10:09:00+00:00,CRCT,6.474999904632568,6.474999904632568,6.480000019073486,6.445000171661377,6.445000171661377,22437.0
2024-10-25 10:09:00+00:00,CRDO,39.66999816894531,39.66999816894531,39.699501037597656,39.630001068115234,39.650001525878906,2140.0
2024-10-25 10:09:00+00:00,CRNC,2.874000072479248,2.874000072479248,2.890000104904175,2.865000009536743,2.865000009536743,10922.0
2024-10-25 10:09:00+00:00,CRUS,122.87000274658203,122.87000274658203,122.87000274658203,122.87000274658203,122.87000274658203,387.0
2024-10-25 10:09:00+00:00,CRWD,309.8900146484375,309.8900146484375,309.9512023925781,309.67498779296875,309.67498779296875,2967.0
2024-10-25 10:09:00+00:00,CSCO,56.36000061035156,56.36000061035156,56.400001525878906,56.349998474121094,56.39500045776367,16920.0
2024-10-25 10:09:00+00:00,CSIQ,13.652299880981445,13.652299880981445,13.65999984741211,13.59000015258789,13.611200332641602,40566.0
2024-10-25 10:09:00+00:00,CTLP,9.119999885559082,9.119999885559082,9.119999885559082,9.119999885559082,9.119999885559082,483.0
2024-10-25 10:09:00+00:00,CTSH,75.33999633789062,75.33999633789062,75.36000061035156,75.33999633789062,75.34500122070312,2343.0
2024-10-25 10:09:00+00:00,CVLT,135.1699981689453,135.1699981689453,135.17010498046875,135.1699981689453,135.17010498046875,1138.0
2024-10-25 10:09:00+00:00,DATS,1.6223000288009644,1.6223000288009644,1.6223000288009644,1.6223000288009644,1.6223000288009644,1583.0
2024-10-25 10:09:00+00:00,DAVE,39.87220001220703,39.87220001220703,39.87220001220703,39.87220001220703,39.87220001220703,2471.0
2024-10-25 10:09:00+00:00,DBX,26.104999542236328,26.104999542236328,26.104999542236328,26.100000381469727,26.100000381469727,1907.0
2024-10-25 10:09:00+00:00,DDOG,127.07499694824219,127.07499694824219,127.11000061035156,127.0199966430664,127.0199966430664,5930.0
2024-10-25 10:09:00+00:00,DIOD,66.4800033569336,66.4800033569336,66.5199966430664,66.44000244140625,66.5199966430664,2791.0
2024-10-25 10:09:00+00:00,DLO,8.819999694824219,8.819999694824219,8.822199821472168,8.819999694824219,8.819999694824219,540.0
2024-10-25 10:09:00+00:00,DOCU,70.38500213623047,70.38500213623047,70.41999816894531,70.38500213623047,70.38999938964844,2916.0
2024-10-25 10:09:00+00:00,DUOL,285.135009765625,285.135009765625,285.135009765625,285.135009765625,285.135009765625,242.0
2024-10-25 10:09:00+00:00,DUOT,4.079999923706055,4.079999923706055,4.110000133514404,4.079999923706055,4.110000133514404,1129.0
2024-10-25 10:09:00+00:00,ENPH,81.8499984741211,81.8499984741211,81.94999694824219,81.81999969482422,81.86000061035156,16245.0
2024-10-25 10:09:00+00:00,ENTG,105.42500305175781,105.42500305175781,105.42500305175781,105.37999725341797,105.37999725341797,514.0
2024-10-25 10:09:00+00:00,ERIC,8.505000114440918,8.505000114440918,8.510000228881836,8.503999710083008,8.503999710083008,28718.0
2024-10-25 10:09:00+00:00,EXLS,39.255001068115234,39.255001068115234,39.255001068115234,39.255001068115234,39.255001068115234,774.0
2024-10-25 10:09:00+00:00,EXTR,14.569999694824219,14.569999694824219,14.579999923706055,14.569999694824219,14.579999923706055,1081.0
2024-10-25 10:09:00+00:00,FFIV,216.4199981689453,216.4199981689453,216.4199981689453,216.4199981689453,216.4199981689453,417.0
2024-10-25 10:09:00+00:00,FIVN,30.645000457763672,30.645000457763672,30.670000076293945,30.575000762939453,30.575000762939453,4700.0
2024-10-25 10:09:00+00:00,FLEX,35.505001068115234,35.505001068115234,35.505001068115234,35.5,35.505001068115234,1146.0
2024-10-25 10:09:00+00:00,FLYW,17.690000534057617,17.690000534057617,17.690000534057617,17.690000534057617,17.690000534057617,602.0
2024-10-25 10:09:00+00:00,FORM,45.18600082397461,45.18600082397461,45.224998474121094,45.18600082397461,45.209999084472656,1165.0
2024-10-25 10:09:00+00:00,FROG,29.665000915527344,29.665000915527344,29.665000915527344,29.65999984741211,29.65999984741211,1286.0
2024-10-25 10:09:00+00:00,FRSH,11.744999885559082,11.744999885559082,11.755000114440918,11.739999771118164,11.739999771118164,45739.0
2024-10-25 10:09:00+00:00,FSLR,198.13760375976562,198.13760375976562,198.14990234375,197.91000366210938,198.0399932861328,5484.0
2024-10-25 10:09:00+00:00,FTCI,0.6933000087738037,0.6933000087738037,0.6992999911308289,0.6933000087738037,0.6992999911308289,635.0
2024-10-25 10:09:00+00:00,FTNT,81.4749984741211,81.4749984741211,81.4749984741211,81.44499969482422,81.44999694824219,3533.0
2024-10-25 10:09:00+00:00,GCT,25.584999084472656,25.584999084472656,25.600000381469727,25.579999923706055,25.600000381469727,1736.0
2024-10-25 10:09:00+00:00,GDS,21.780000686645508,21.780000686645508,21.844999313354492,21.780000686645508,21.844999313354492,2725.0
2024-10-25 10:09:00+00:00,GDYN,15.65999984741211,15.65999984741211,15.65999984741211,15.65999984741211,15.65999984741211,415.0
2024-10-25 10:09:00+00:00,GFS,40.9900016784668,40.9900016784668,41.04999923706055,40.9900016784668,41.04999923706055,3307.0
2024-10-25 10:09:00+00:00,GPRO,1.3250000476837158,1.3250000476837158,1.3250000476837158,1.3250000476837158,1.3250000476837158,1025.0
2024-10-25 10:09:00+00:00,GRAB,4.070000171661377,4.070000171661377,4.079899787902832,4.070000171661377,4.079899787902832,5366.0
2024-10-25 10:09:00+00:00,GRRR,4.739999771118164,4.739999771118164,4.75029993057251,4.739999771118164,4.75029993057251,4998.0
2024-10-25 10:09:00+00:00,GSIT,3.2513999938964844,3.2513999938964844,3.265000104904175,3.2513999938964844,3.265000104904175,3620.0
2024-10-25 10:09:00+00:00,GTLB,56.64500045776367,56.64500045776367,56.650001525878906,56.64500045776367,56.650001525878906,810.0
2024-10-25 10:09:00+00:00,GVP,4.619999885559082,4.619999885559082,4.619999885559082,4.619999885559082,4.619999885559082,230.0
2024-10-25 10:09:00+00:00,HCP,33.650001525878906,33.650001525878906,33.654998779296875,33.650001525878906,33.654998779296875,1228.0
2024-10-25 10:09:00+00:00,HEAR,16.4950008392334,16.4950008392334,16.4950008392334,16.4950008392334,16.4950008392334,260.0
2024-10-25 10:09:00+00:00,HIMX,6.215000152587891,6.215000152587891,6.215000152587891,6.215000152587891,6.215000152587891,580.0
2024-10-25 10:09:00+00:00,HLIT,14.831999778747559,14.831999778747559,14.84000015258789,14.829999923706055,14.84000015258789,2313.0
2024-10-25 10:09:00+00:00,HOLO,3.8901000022888184,3.8901000022888184,3.9028000831604004,3.8901000022888184,3.9028000831604004,4350.0
2024-10-25 10:09:00+00:00,HOOD,27.485000610351562,27.485000610351562,27.489900588989258,27.475000381469727,27.475000381469727,13121.0
2024-10-25 10:09:00+00:00,IMMR,8.779999732971191,8.779999732971191,8.779999732971191,8.744999885559082,8.744999885559082,3595.0
2024-10-25 10:09:00+00:00,INDI,3.555000066757202,3.555000066757202,3.555000066757202,3.5450000762939453,3.5450000762939453,6389.0
2024-10-25 10:09:00+00:00,INFN,6.795000076293945,6.795000076293945,6.795000076293945,6.795000076293945,6.795000076293945,553.0
2024-10-25 10:09:00+00:00,INSG,19.70330047607422,19.70330047607422,19.70330047607422,19.70330047607422,19.70330047607422,677.0
2024-10-25 10:09:00+00:00,INTC,23.040000915527344,23.040000915527344,23.045000076293945,22.979999542236328,23.010000228881836,215971.0
2024-10-25 10:09:00+00:00,INTU,614.489990234375,614.489990234375,614.8200073242188,614.489990234375,614.8200073242188,1510.0
2024-10-25 10:09:00+00:00,JG,7.579999923706055,7.579999923706055,7.579999923706055,7.579999923706055,7.579999923706055,628.0
2024-10-25 10:09:00+00:00,JKHY,185.40499877929688,185.40499877929688,185.40499877929688,185.40499877929688,185.40499877929688,623.0
2024-10-25 10:09:00+00:00,KC,2.7149999141693115,2.7149999141693115,2.7200000286102295,2.7109999656677246,2.7149999141693115,1496.0
2024-10-25 10:09:00+00:00,KLAC,677.9600219726562,677.9600219726562,677.9600219726562,677.9600219726562,677.9600219726562,583.0
2024-10-25 10:09:00+00:00,KLIC,44.67499923706055,44.67499923706055,44.67499923706055,44.67499923706055,44.67499923706055,416.0
2024-10-25 10:09:00+00:00,KLTR,1.3200000524520874,1.3200000524520874,1.3200000524520874,1.3200000524520874,1.3200000524520874,867.0
2024-10-25 10:09:00+00:00,LINK,5.901000022888184,5.901000022888184,6.070000171661377,5.269999980926514,5.715000152587891,157727.0
2024-10-25 10:09:00+00:00,LITE,64.61000061035156,64.61000061035156,64.61000061035156,64.55000305175781,64.58999633789062,3538.0
2024-10-25 10:09:00+00:00,LOGI,80.98999786376953,80.98999786376953,80.98999786376953,80.98999786376953,80.98999786376953,503.0
2024-10-25 10:09:00+00:00,LRCX,78.29499816894531,78.29499816894531,78.31999969482422,78.12999725341797,78.2300033569336,73440.0
2024-10-25 10:09:00+00:00,LSCC,54.86000061035156,54.86000061035156,54.900001525878906,54.83000183105469,54.900001525878906,3515.0
2024-10-25 10:09:00+00:00,LYFT,13.755000114440918,13.755000114440918,13.779000282287598,13.746000289916992,13.770000457763672,30122.0
2024-10-25 10:09:00+00:00,MAXN,5.630000114440918,5.630000114440918,5.670000076293945,5.630000114440918,5.670000076293945,905.0
2024-10-25 10:09:00+00:00,MCHP,77.19000244140625,77.19000244140625,77.28399658203125,77.16999816894531,77.28399658203125,10316.0
2024-10-25 10:09:00+00:00,MDB,269.2850036621094,269.2850036621094,269.4200134277344,269.260009765625,269.4150085449219,1998.0
2024-10-25 10:09:00+00:00,MKSI,101.36000061035156,101.36000061035156,101.43499755859375,101.36000061035156,101.43250274658203,4229.0
2024-10-25 10:09:00+00:00,MNDY,301.8399963378906,301.8399963378906,301.8399963378906,301.8399963378906,301.8399963378906,752.0
2024-10-25 10:09:00+00:00,MPWR,919.6199951171875,919.6199951171875,919.6199951171875,919.6199951171875,919.6199951171875,727.0
2024-10-25 10:09:00+00:00,MQ,5.340000152587891,5.340000152587891,5.340000152587891,5.335000038146973,5.335000038146973,1833.0
2024-10-25 10:09:00+00:00,MRVL,83.08999633789062,83.08999633789062,83.08999633789062,82.9800033569336,83.0199966430664,14288.0
2024-10-25 10:09:00+00:00,MSFT,431.5050048828125,431.5050048828125,431.55999755859375,431.0299987792969,431.0899963378906,57077.0
2024-10-25 10:09:00+00:00,MSTR,241.67999267578125,241.67999267578125,241.8000030517578,241.0,241.25999450683594,55019.0
2024-10-25 10:09:00+00:00,MTC,0.3693999946117401,0.3693999946117401,0.3693999946117401,0.3686999976634979,0.3686999976634979,22082.0
2024-10-25 10:09:00+00:00,MTLS,6.014999866485596,6.014999866485596,6.014999866485596,5.954999923706055,5.960000038146973,7519.0
2024-10-25 10:09:00+00:00,MTSI,119.08999633789062,119.08999633789062,119.08999633789062,119.08999633789062,119.08999633789062,595.0
2024-10-25 10:09:00+00:00,MTTR,4.664999961853027,4.664999961853027,4.664999961853027,4.664999961853027,4.664999961853027,433.0
2024-10-25 10:09:00+00:00,MU,109.04000091552734,109.04000091552734,109.08000183105469,108.91999816894531,108.94999694824219,15571.0
2024-10-25 10:09:00+00:00,MVIS,1.1050000190734863,1.1050000190734863,1.1050000190734863,1.1013000011444092,1.1013000011444092,541.0
2024-10-25 10:09:00+00:00,MXL,15.0,15.0,15.010000228881836,14.954700469970703,14.954700469970703,8818.0
2024-10-25 10:09:00+00:00,NEON,8.148799896240234,8.148799896240234,8.148799896240234,8.148799896240234,8.148799896240234,111.0
2024-10-25 10:09:00+00:00,NICE,176.63999938964844,176.63999938964844,176.99000549316406,176.63999938964844,176.99000549316406,986.0
2024-10-25 10:09:00+00:00,NTAP,120.1500015258789,120.1500015258789,120.16999816894531,120.1500015258789,120.16999816894531,2770.0
2024-10-25 10:09:00+00:00,NTCT,20.709999084472656,20.709999084472656,20.729999542236328,20.709999084472656,20.729999542236328,554.0
2024-10-25 10:09:00+00:00,NTNX,62.814998626708984,62.814998626708984,62.814998626708984,62.814998626708984,62.814998626708984,679.0
2024-10-25 10:09:00+00:00,NVDA,142.906494140625,142.906494140625,142.9799041748047,142.6699981689453,142.73500061035156,456420.0
2024-10-25 10:09:00+00:00,NVEI,33.53499984741211,33.53499984741211,33.53499984741211,33.53499984741211,33.53499984741211,103.0
2024-10-25 10:09:00+00:00,NVTS,2.575000047683716,2.575000047683716,2.575000047683716,2.575000047683716,2.575000047683716,1024.0
2024-10-25 10:09:00+00:00,NXPI,244.55999755859375,244.55999755859375,244.55999755859375,244.41000366210938,244.55999755859375,4861.0
2024-10-25 10:09:00+00:00,OKTA,72.94000244140625,72.94000244140625,72.98500061035156,72.94000244140625,72.98500061035156,1026.0
2024-10-25 10:09:00+00:00,OLED,204.38999938964844,204.38999938964844,204.52999877929688,204.38999938964844,204.52999877929688,1707.0
2024-10-25 10:09:00+00:00,ON,72.69499969482422,72.69499969482422,72.80000305175781,72.68000030517578,72.69000244140625,114484.0
2024-10-25 10:09:00+00:00,OSIS,137.77000427246094,137.77000427246094,137.77000427246094,137.77000427246094,137.77000427246094,226.0
2024-10-25 10:09:00+00:00,OSPN,14.729999542236328,14.729999542236328,14.729999542236328,14.729999542236328,14.729999542236328,405.0
2024-10-25 10:09:00+00:00,OST,0.33899998664855957,0.33899998664855957,0.33899998664855957,0.33899998664855957,0.33899998664855957,501.0
2024-10-25 10:09:00+00:00,OTEX,33.6349983215332,33.6349983215332,33.6349983215332,33.6349983215332,33.6349983215332,426.0
2024-10-25 10:09:00+00:00,PANW,371.04998779296875,371.04998779296875,371.4700012207031,371.010009765625,371.3999938964844,7541.0
2024-10-25 10:09:00+00:00,PAYO,8.28499984741211,8.28499984741211,8.28499984741211,8.274999618530273,8.274999618530273,23643.0
2024-10-25 10:09:00+00:00,PCTY,174.13999938964844,174.13999938964844,174.13999938964844,174.0500030517578,174.0500030517578,672.0
2024-10-25 10:09:00+00:00,PEGA,81.08499908447266,81.08499908447266,81.12999725341797,81.06999969482422,81.12999725341797,3468.0
2024-10-25 10:09:00+00:00,PEGY,4.695000171661377,4.695000171661377,4.740200042724609,4.659999847412109,4.740200042724609,11829.0
2024-10-25 10:09:00+00:00,PGY,11.9399995803833,11.9399995803833,11.9399995803833,11.9350004196167,11.9399995803833,11979.0
2024-10-25 10:09:00+00:00,PHUN,9.864999771118164,9.864999771118164,9.869999885559082,9.8100004196167,9.869999885559082,126770.0
2024-10-25 10:09:00+00:00,PI,200.4499969482422,200.4499969482422,200.4499969482422,200.27999877929688,200.27999877929688,798.0
2024-10-25 10:09:00+00:00,PLXS,144.9199981689453,144.9199981689453,144.9199981689453,144.9199981689453,144.9199981689453,976.0
2024-10-25 10:09:00+00:00,POET,3.9800000190734863,3.9800000190734863,3.990000009536743,3.9800000190734863,3.990000009536743,151.0
2024-10-25 10:09:00+00:00,POWI,63.400001525878906,63.400001525878906,63.400001525878906,63.38999938964844,63.400001525878906,3557.0
2024-10-25 10:09:00+00:00,PRCH,1.3600000143051147,1.3600000143051147,1.3600000143051147,1.3600000143051147,1.3600000143051147,335.0
2024-10-25 10:09:00+00:00,PTC,185.69500732421875,185.69500732421875,185.69500732421875,185.49000549316406,185.63999938964844,3157.0
2024-10-25 10:09:00+00:00,QCOM,172.3000030517578,172.3000030517578,172.4084930419922,172.2100067138672,172.4084930419922,7230.0
2024-10-25 10:09:00+00:00,QH,1.4420000314712524,1.4420000314712524,1.4420000314712524,1.4420000314712524,1.4420000314712524,3046.0
2024-10-25 10:09:00+00:00,QMCO,5.300000190734863,5.300000190734863,5.485000133514404,5.300000190734863,5.485000133514404,2022.0
2024-10-25 10:09:00+00:00,QRVO,100.52999877929688,100.52999877929688,100.52999877929688,100.48999786376953,100.48999786376953,1249.0
2024-10-25 10:09:00+00:00,QUBT,1.125,1.125,1.12909996509552,1.1240999698638916,1.1288000345230103,2783.0
2024-10-25 10:09:00+00:00,RELY,14.770000457763672,14.770000457763672,14.770000457763672,14.770000457763672,14.770000457763672,1216.0
2024-10-25 10:09:00+00:00,RGTI,1.2717000246047974,1.2717000246047974,1.2899999618530273,1.2717000246047974,1.284999966621399,15200.0
2024-10-25 10:09:00+00:00,RIOT,10.13010025024414,10.13010025024414,10.15999984741211,10.130000114440918,10.149900436401367,93190.0
2024-10-25 10:09:00+00:00,RMBS,43.06999969482422,43.06999969482422,43.119998931884766,43.064998626708984,43.099998474121094,1003.0
2024-10-25 10:09:00+00:00,RPAY,7.710000038146973,7.710000038146973,7.715000152587891,7.710000038146973,7.715000152587891,2525.0
2024-10-25 10:09:00+00:00,RUM,5.699999809265137,5.699999809265137,5.699999809265137,5.664999961853027,5.664999961853027,22499.0
2024-10-25 10:09:00+00:00,RUN,14.300000190734863,14.300000190734863,14.319999694824219,14.28499984741211,14.300000190734863,44728.0
2024-10-25 10:09:00+00:00,RXT,2.553999900817871,2.553999900817871,2.553999900817871,2.553999900817871,2.553999900817871,635.0
2024-10-25 10:09:00+00:00,SANG,5.769999980926514,5.769999980926514,5.769999980926514,5.672900199890137,5.690000057220459,0.0
2024-10-25 10:09:00+00:00,SATL,0.949999988079071,0.949999988079071,0.949999988079071,0.949999988079071,0.949999988079071,5100.0
2024-10-25 10:09:00+00:00,SATS,25.139999389648438,25.139999389648438,25.139999389648438,25.100000381469727,25.100000381469727,1850.0
2024-10-25 10:09:00+00:00,SCSC,45.650001525878906,45.650001525878906,45.650001525878906,45.650001525878906,45.650001525878906,756.0
2024-10-25 10:09:00+00:00,SEDG,15.789999961853027,15.789999961853027,15.850000381469727,15.784799575805664,15.807999610900879,15874.0
2024-10-25 10:09:00+00:00,SHLS,5.215000152587891,5.215000152587891,5.230100154876709,5.215000152587891,5.224999904632568,10416.0
2024-10-25 10:09:00+00:00,SKYT,10.84000015258789,10.84000015258789,10.854999542236328,10.84000015258789,10.854999542236328,516.0
2024-10-25 10:09:00+00:00,SLNH,4.098400115966797,4.098400115966797,4.098400115966797,4.098400115966797,4.098400115966797,262.0
2024-10-25 10:09:00+00:00,SLNHP,12.510000228881836,12.510000228881836,12.510000228881836,12.5,12.5,1148.0
2024-10-25 10:09:00+00:00,SMCI,47.310001373291016,47.310001373291016,47.349998474121094,47.279998779296875,47.310001373291016,68780.0
2024-10-25 10:09:00+00:00,SMTC,45.98500061035156,45.98500061035156,46.189998626708984,45.98500061035156,46.189998626708984,8206.0
2024-10-25 10:09:00+00:00,SNPS,507.2349853515625,507.2349853515625,507.364990234375,506.6400146484375,507.0400085449219,3007.0
2024-10-25 10:09:00+00:00,SONO,12.859999656677246,12.859999656677246,12.859999656677246,12.850000381469727,12.850000381469727,1400.0
2024-10-25 10:09:00+00:00,SOUN,5.340000152587891,5.340000152587891,5.349999904632568,5.340000152587891,5.34499979019165,11966.0
2024-10-25 10:09:00+00:00,SPSC,185.3000030517578,185.3000030517578,185.57000732421875,185.1999969482422,185.1999969482422,250.0
2024-10-25 10:09:00+00:00,SRAD,12.414999961853027,12.414999961853027,12.418999671936035,12.414999961853027,12.418999671936035,1123.0
2024-10-25 10:09:00+00:00,SSNC,69.97000122070312,69.97000122070312,70.0999984741211,69.97000122070312,70.0999984741211,7826.0
2024-10-25 10:09:00+00:00,SSYS,7.130000114440918,7.130000114440918,7.139999866485596,7.130000114440918,7.139999866485596,1144.0
2024-10-25 10:09:00+00:00,STNE,11.386699676513672,11.386699676513672,11.390000343322754,11.375,11.375,7326.0
2024-10-25 10:09:00+00:00,STX,104.0199966430664,104.0199966430664,104.16999816894531,103.93000030517578,104.09500122070312,4729.0
2024-10-25 10:09:00+00:00,SVRE,0.08529999852180481,0.08529999852180481,0.08550000190734863,0.08529999852180481,0.08550000190734863,2318.0
2024-10-25 10:09:00+00:00,SWKS,96.11499786376953,96.11499786376953,96.11499786376953,96.11000061035156,96.11000061035156,1100.0
2024-10-25 10:09:00+00:00,SYTA,1.2008999586105347,1.2008999586105347,1.2008999586105347,1.190000057220459,1.1957000494003296,30.0
2024-10-25 10:09:00+00:00,TASK,12.279999732971191,12.279999732971191,12.279999732971191,12.279999732971191,12.279999732971191,1981.0
2024-10-25 10:09:00+00:00,TCX,19.56999969482422,19.56999969482422,19.56999969482422,19.559999465942383,19.559999465942383,889.0
2024-10-25 10:09:00+00:00,TEAM,191.7100067138672,191.7100067138672,191.9199981689453,191.52999877929688,191.6999969482422,7872.0
2024-10-25 10:09:00+00:00,TENB,41.41999816894531,41.41999816894531,41.41999816894531,41.41999816894531,41.41999816894531,265.0
2024-10-25 10:09:00+00:00,TER,112.56999969482422,112.56999969482422,112.76000213623047,112.56999969482422,112.76000213623047,5746.0
2024-10-25 10:09:00+00:00,TRMB,61.220001220703125,61.220001220703125,61.220001220703125,61.209999084472656,61.209999084472656,861.0
2024-10-25 10:09:00+00:00,TSEM,45.27000045776367,45.27000045776367,45.27000045776367,45.15999984741211,45.16999816894531,4261.0
2024-10-25 10:09:00+00:00,TTD,120.31500244140625,120.31500244140625,120.35399627685547,120.23999786376953,120.35399627685547,5735.0
2024-10-25 10:09:00+00:00,TTEC,5.440000057220459,5.440000057220459,5.449999809265137,5.440000057220459,5.440000057220459,1394.0
2024-10-25 10:09:00+00:00,TWKS,4.449999809265137,4.449999809265137,4.449999809265137,4.445000171661377,4.449999809265137,7888.0
2024-10-25 10:09:00+00:00,TXN,210.3800048828125,210.3800048828125,210.6999969482422,210.31700134277344,210.66000366210938,9730.0
2024-10-25 10:09:00+00:00,UCTT,36.09600067138672,36.09600067138672,36.09600067138672,36.09600067138672,36.09600067138672,196.0
2024-10-25 10:09:00+00:00,VECO,29.579999923706055,29.579999923706055,29.579999923706055,29.579999923706055,29.579999923706055,773.0
2024-10-25 10:09:00+00:00,VERI,3.4800000190734863,3.4800000190734863,3.490000009536743,3.4718000888824463,3.4739999771118164,10049.0
2024-10-25 10:09:00+00:00,VERX,42.540000915527344,42.540000915527344,42.540000915527344,42.540000915527344,42.540000915527344,874.0
2024-10-25 10:09:00+00:00,VIAV,9.255000114440918,9.255000114440918,9.265000343322754,9.255000114440918,9.265000343322754,4647.0
2024-10-25 10:09:00+00:00,VMEO,4.760000228881836,4.760000228881836,4.760000228881836,4.760000228881836,4.760000228881836,102.0
2024-10-25 10:09:00+00:00,VNET,3.444999933242798,3.444999933242798,3.444999933242798,3.444999933242798,3.444999933242798,336.0
2024-10-25 10:09:00+00:00,VOXX,7.630000114440918,7.630000114440918,7.630000114440918,7.630000114440918,7.630000114440918,325.0
2024-10-25 10:09:00+00:00,VRNS,57.39500045776367,57.39500045776367,57.40999984741211,57.369998931884766,57.40999984741211,1439.0
2024-10-25 10:09:00+00:00,VRNT,22.139999389648438,22.139999389648438,22.139999389648438,22.139999389648438,22.139999389648438,428.0
2024-10-25 10:09:00+00:00,VS,2.6898999214172363,2.6898999214172363,2.6898999214172363,2.6298999786376953,2.6298999786376953,16128.0
2024-10-25 10:09:00+00:00,VSAT,10.420000076293945,10.420000076293945,10.420000076293945,10.420000076293945,10.420000076293945,115.0
2024-10-25 10:09:00+00:00,VUZI,1.339900016784668,1.339900016784668,1.339900016784668,1.3350000381469727,1.3350000381469727,2449.0
2024-10-25 10:09:00+00:00,WALD,3.6944000720977783,3.6944000720977783,3.6944000720977783,3.688999891281128,3.690000057220459,4048.0
2024-10-25 10:09:00+00:00,WDAY,242.0,242.0,242.08999633789062,242.0,242.08999633789062,1347.0
2024-10-25 10:09:00+00:00,WDC,71.69499969482422,71.69499969482422,71.74859619140625,71.38999938964844,71.61199951171875,64719.0
2024-10-25 10:09:00+00:00,WISA,1.8300000429153442,1.8300000429153442,1.8300000429153442,1.809999942779541,1.809999942779541,9993.0
2024-10-25 10:09:00+00:00,WIX,166.43629455566406,166.43629455566406,166.43629455566406,166.43629455566406,166.43629455566406,298.0
2024-10-25 10:09:00+00:00,WRAP,1.909999966621399,1.909999966621399,1.909999966621399,1.909999966621399,1.909999966621399,100.0
2024-10-25 10:09:00+00:00,XRX,10.220000267028809,10.220000267028809,10.220000267028809,10.220000267028809,10.220000267028809,1659.0
2024-10-25 10:09:00+00:00,ZBRA,365.04998779296875,365.04998779296875,365.20001220703125,365.0249938964844,365.20001220703125,4142.0
2024-10-25 10:09:00+00:00,ZI,10.5649995803833,10.5649995803833,10.5649995803833,10.5600004196167,10.5600004196167,912.0
2024-10-25 10:09:00+00:00,ZM,73.36530303955078,73.36530303955078,73.36530303955078,73.23999786376953,73.23999786376953,2469.0
2024-10-25 10:10:00+00:00,AAOI,17.6299991607666,17.6299991607666,17.649999618530273,17.610000610351562,17.6200008392334,18037.0
2024-10-25 10:10:00+00:00,AAPL,232.0500946044922,232.0500946044922,232.19000244140625,231.8800048828125,231.89599609375,98781.0
2024-10-25 10:10:00+00:00,ACIW,49.400001525878906,49.400001525878906,49.400001525878906,49.400001525878906,49.400001525878906,594.0
2024-10-25 10:10:00+00:00,ACMR,19.739999771118164,19.739999771118164,19.75,19.729999542236328,19.729999542236328,751.0
2024-10-25 10:10:00+00:00,ADBE,487.1925964355469,487.1925964355469,487.1925964355469,486.94000244140625,486.94000244140625,2758.0
2024-10-25 10:10:00+00:00,ADI,234.30999755859375,234.30999755859375,234.42999267578125,234.27789306640625,234.35009765625,3839.0
2024-10-25 10:10:00+00:00,ADSK,288.3699951171875,288.3699951171875,288.3699951171875,288.2799987792969,288.31500244140625,2975.0
2024-10-25 10:10:00+00:00,AEHR,16.450000762939453,16.450000762939453,16.450000762939453,16.389999389648438,16.389999389648438,2284.0
2024-10-25 10:10:00+00:00,AEYE,23.399999618530273,23.399999618530273,23.399999618530273,23.399999618530273,23.399999618530273,441.0
2024-10-25 10:10:00+00:00,AFRM,42.2599983215332,42.2599983215332,42.279998779296875,42.185001373291016,42.20600128173828,17935.0
2024-10-25 10:10:00+00:00,AKAM,103.5427017211914,103.5427017211914,103.5427017211914,103.5427017211914,103.5427017211914,433.0
2024-10-25 10:10:00+00:00,AKTS,0.05609999969601631,0.05609999969601631,0.05609999969601631,0.0560000017285347,0.05609999969601631,29719.0
2024-10-25 10:10:00+00:00,ALGM,22.520000457763672,22.520000457763672,22.540000915527344,22.510000228881836,22.520000457763672,10459.0
2024-10-25 10:10:00+00:00,ALRM,54.83000183105469,54.83000183105469,54.845001220703125,54.790000915527344,54.845001220703125,4860.0
2024-10-25 10:10:00+00:00,ALTR,105.83000183105469,105.83000183105469,105.94000244140625,105.83000183105469,105.94000244140625,332.0
2024-10-25 10:10:00+00:00,AMAT,188.47999572753906,188.47999572753906,188.5142059326172,188.27999877929688,188.28500366210938,4442.0
2024-10-25 10:10:00+00:00,AMD,158.8419952392578,158.8419952392578,158.91000366210938,158.67469787597656,158.67999267578125,177069.0
2024-10-25 10:10:00+00:00,AMKR,29.899999618530273,29.899999618530273,29.899999618530273,29.889999389648438,29.889999389648438,860.0
2024-10-25 10:10:00+00:00,AOSL,36.63999938964844,36.63999938964844,36.731998443603516,36.63999938964844,36.70000076293945,1834.0
2024-10-25 10:10:00+00:00,API,2.658900022506714,2.658900022506714,2.658900022506714,2.658900022506714,2.658900022506714,201.0
2024-10-25 10:10:00+00:00,APP,163.02000427246094,163.02000427246094,163.07000732421875,163.0,163.07000732421875,3794.0
2024-10-25 10:10:00+00:00,APPF,229.0749969482422,229.0749969482422,229.0749969482422,228.2100067138672,228.2100067138672,1837.0
2024-10-25 10:10:00+00:00,APPS,3.1867001056671143,3.1867001056671143,3.1867001056671143,3.165299892425537,3.165299892425537,7371.0
2024-10-25 10:10:00+00:00,ARRY,6.400000095367432,6.400000095367432,6.400000095367432,6.394999980926514,6.400000095367432,14874.0
2024-10-25 10:10:00+00:00,ASML,721.8599853515625,721.8599853515625,722.176025390625,721.3807983398438,721.3807983398438,15680.0
2024-10-25 10:10:00+00:00,ATOM,3.319999933242798,3.319999933242798,3.319999933242798,3.319999933242798,3.319999933242798,401.0
2024-10-25 10:10:00+00:00,AUR,6.480000019073486,6.480000019073486,6.480000019073486,6.445000171661377,6.445000171661377,16232.0
2024-10-25 10:10:00+00:00,AVDX,8.244999885559082,8.244999885559082,8.25,8.239999771118164,8.25,5789.0
2024-10-25 10:10:00+00:00,AVGO,175.30999755859375,175.30999755859375,175.33360290527344,174.9499969482422,174.9499969482422,34465.0
2024-10-25 10:10:00+00:00,AVNW,20.954999923706055,20.954999923706055,20.954999923706055,20.954999923706055,20.954999923706055,600.0
2024-10-25 10:10:00+00:00,AVPT,12.110099792480469,12.110099792480469,12.110099792480469,12.110099792480469,12.110099792480469,300.0
2024-10-25 10:10:00+00:00,AVT,54.84000015258789,54.84000015258789,54.84000015258789,54.84000015258789,54.84000015258789,915.0
2024-10-25 10:10:00+00:00,BAND,17.889999389648438,17.889999389648438,17.889999389648438,17.889999389648438,17.889999389648438,769.0
2024-10-25 10:10:00+00:00,BCOV,2.319999933242798,2.319999933242798,2.319999933242798,2.319999933242798,2.319999933242798,2000.0
2024-10-25 10:10:00+00:00,BIGC,5.364999771118164,5.364999771118164,5.364999771118164,5.364999771118164,5.364999771118164,218.0
2024-10-25 10:10:00+00:00,BMBL,7.275000095367432,7.275000095367432,7.275000095367432,7.235000133514404,7.235000133514404,49640.0
2024-10-25 10:10:00+00:00,BRZE,31.094999313354492,31.094999313354492,31.110599517822266,31.094999313354492,31.110599517822266,940.0
2024-10-25 10:10:00+00:00,BSY,49.6150016784668,49.6150016784668,49.6150016784668,49.58000183105469,49.58000183105469,695.0
2024-10-25 10:10:00+00:00,CAN,0.9966999888420105,0.9966999888420105,0.9998999834060669,0.9966999888420105,0.9994000196456909,40942.0
2024-10-25 10:10:00+00:00,CCSI,20.575000762939453,20.575000762939453,20.575000762939453,20.575000762939453,20.575000762939453,220.0
2024-10-25 10:10:00+00:00,CDNS,258.7149963378906,258.7149963378906,258.7149963378906,258.6600036621094,258.6600036621094,2911.0
2024-10-25 10:10:00+00:00,CDW,220.05999755859375,220.05999755859375,220.30999755859375,220.0500030517578,220.30999755859375,1694.0
2024-10-25 10:10:00+00:00,CETX,0.2976999878883362,0.2976999878883362,0.2976999878883362,0.2976999878883362,0.2976999878883362,5302.0
2024-10-25 10:10:00+00:00,CFLT,22.559999465942383,22.559999465942383,22.559999465942383,22.520000457763672,22.530000686645508,9104.0
2024-10-25 10:10:00+00:00,CGNX,39.345001220703125,39.345001220703125,39.345001220703125,39.345001220703125,39.345001220703125,265.0
2024-10-25 10:10:00+00:00,CISO,0.8799999952316284,0.8799999952316284,0.8799999952316284,0.8799999952316284,0.8799999952316284,665.0
2024-10-25 10:10:00+00:00,CLSK,12.119999885559082,12.119999885559082,12.119999885559082,12.074999809265137,12.09000015258789,97009.0
2024-10-25 10:10:00+00:00,CNDT,3.7100000381469727,3.7100000381469727,3.7100000381469727,3.7100000381469727,3.7100000381469727,1200.0
2024-10-25 10:10:00+00:00,COHR,96.94000244140625,96.94000244140625,96.98999786376953,96.84500122070312,96.84500122070312,3223.0
2024-10-25 10:10:00+00:00,COHU,26.260000228881836,26.260000228881836,26.260000228881836,26.260000228881836,26.260000228881836,318.0
2024-10-25 10:10:00+00:00,COIN,213.6699981689453,213.6699981689453,213.6699981689453,212.4199981689453,212.5749969482422,47629.0
2024-10-25 10:10:00+00:00,COMM,6.485000133514404,6.485000133514404,6.485000133514404,6.474999904632568,6.474999904632568,2781.0
2024-10-25 10:10:00+00:00,CORZ,13.765000343322754,13.765000343322754,13.765000343322754,13.739999771118164,13.739999771118164,4984.0
2024-10-25 10:10:00+00:00,CRDO,39.685001373291016,39.685001373291016,39.709999084472656,39.66999816894531,39.68000030517578,2300.0
2024-10-25 10:10:00+00:00,CRNC,2.875,2.875,2.880000114440918,2.875,2.880000114440918,480.0
2024-10-25 10:10:00+00:00,CRUS,122.86000061035156,122.86000061035156,122.86000061035156,122.86000061035156,122.86000061035156,950.0
2024-10-25 10:10:00+00:00,CRWD,309.8844909667969,309.8844909667969,310.0,309.7900085449219,309.7900085449219,4545.0
2024-10-25 10:10:00+00:00,CSCO,56.34000015258789,56.34000015258789,56.3672981262207,56.32780075073242,56.349998474121094,20683.0
2024-10-25 10:10:00+00:00,CSIQ,13.775300025939941,13.775300025939941,13.788000106811523,13.65999984741211,13.65999984741211,62559.0
2024-10-25 10:10:00+00:00,CTLP,9.119999885559082,9.119999885559082,9.119999885559082,9.119999885559082,9.119999885559082,257.0
2024-10-25 10:10:00+00:00,CTSH,75.2750015258789,75.2750015258789,75.33999633789062,75.2699966430664,75.33999633789062,4491.0
2024-10-25 10:10:00+00:00,CVLT,135.27000427246094,135.27000427246094,135.27000427246094,135.27000427246094,135.27000427246094,596.0
2024-10-25 10:10:00+00:00,DAIO,2.471400022506714,2.471400022506714,2.471400022506714,2.4600000381469727,2.4600000381469727,5490.0
2024-10-25 10:10:00+00:00,DATS,1.6200000047683716,1.6200000047683716,1.6202000379562378,1.6200000047683716,1.6202000379562378,614.0
2024-10-25 10:10:00+00:00,DAVE,39.98500061035156,39.98500061035156,39.98500061035156,39.93000030517578,39.93000030517578,784.0
2024-10-25 10:10:00+00:00,DBX,26.084999084472656,26.084999084472656,26.100000381469727,26.084999084472656,26.100000381469727,5296.0
2024-10-25 10:10:00+00:00,DDOG,127.02999877929688,127.02999877929688,127.03500366210938,126.98999786376953,127.03500366210938,8732.0
2024-10-25 10:10:00+00:00,DLO,8.829999923706055,8.829999923706055,8.829999923706055,8.829999923706055,8.829999923706055,176.0
2024-10-25 10:10:00+00:00,DOCU,70.34719848632812,70.34719848632812,70.37000274658203,70.33499908447266,70.37000274658203,3205.0
2024-10-25 10:10:00+00:00,DOMO,8.109999656677246,8.109999656677246,8.119999885559082,8.100000381469727,8.100000381469727,1335.0
2024-10-25 10:10:00+00:00,DTSS,2.4700000286102295,2.4700000286102295,2.4700000286102295,2.4700000286102295,2.4700000286102295,200.0
2024-10-25 10:10:00+00:00,DTST,3.431999921798706,3.431999921798706,3.431999921798706,3.431999921798706,3.431999921798706,2714.0
2024-10-25 10:10:00+00:00,DUOL,285.739990234375,285.739990234375,285.9700012207031,285.739990234375,285.7499084472656,1543.0
2024-10-25 10:10:00+00:00,EEFT,102.08499908447266,102.08499908447266,102.08499908447266,102.08499908447266,102.08499908447266,3324.0
2024-10-25 10:10:00+00:00,ENPH,81.7699966430664,81.7699966430664,81.94999694824219,81.7699966430664,81.8499984741211,9248.0
2024-10-25 10:10:00+00:00,ENTG,105.44000244140625,105.44000244140625,105.5199966430664,105.44000244140625,105.5199966430664,4854.0
2024-10-25 10:10:00+00:00,ERIC,8.5,8.5,8.510000228881836,8.5,8.505000114440918,13200.0
2024-10-25 10:10:00+00:00,EXFY,1.715000033378601,1.715000033378601,1.715000033378601,1.715000033378601,1.715000033378601,801.0
2024-10-25 10:10:00+00:00,EXLS,39.20500183105469,39.20500183105469,39.22999954223633,39.189998626708984,39.22999954223633,1153.0
2024-10-25 10:10:00+00:00,EXTR,14.574999809265137,14.574999809265137,14.574999809265137,14.5600004196167,14.5600004196167,1528.0
2024-10-25 10:10:00+00:00,FCUV,0.2540000081062317,0.2540000081062317,0.2540000081062317,0.2540000081062317,0.2540000081062317,283.0
2024-10-25 10:10:00+00:00,FFIV,216.38999938964844,216.38999938964844,216.4600067138672,216.38999938964844,216.39500427246094,491.0
2024-10-25 10:10:00+00:00,FIVN,30.655000686645508,30.655000686645508,30.68000030517578,30.655000686645508,30.670000076293945,983.0
2024-10-25 10:10:00+00:00,FLEX,35.5099983215332,35.5099983215332,35.5099983215332,35.494998931884766,35.5,5629.0
2024-10-25 10:10:00+00:00,FLYW,17.690000534057617,17.690000534057617,17.690000534057617,17.690000534057617,17.690000534057617,216.0
2024-10-25 10:10:00+00:00,FROG,29.684999465942383,29.684999465942383,29.684999465942383,29.68000030517578,29.68000030517578,1103.0
2024-10-25 10:10:00+00:00,FRSH,11.744999885559082,11.744999885559082,11.744999885559082,11.744999885559082,11.744999885559082,3086.0
2024-10-25 10:10:00+00:00,FSLR,198.1999969482422,198.1999969482422,198.49000549316406,198.0,198.0,7207.0
2024-10-25 10:10:00+00:00,FTCI,0.6899999976158142,0.6899999976158142,0.6933000087738037,0.6899999976158142,0.6933000087738037,7786.0
2024-10-25 10:10:00+00:00,FTNT,81.54000091552734,81.54000091552734,81.54000091552734,81.47000122070312,81.5,4597.0
2024-10-25 10:10:00+00:00,GCT,25.604999542236328,25.604999542236328,25.6299991607666,25.559999465942383,25.6299991607666,2392.0
2024-10-25 10:10:00+00:00,GDS,21.795000076293945,21.795000076293945,21.795000076293945,21.760000228881836,21.780000686645508,1468.0
2024-10-25 10:10:00+00:00,GFS,40.95500183105469,40.95500183105469,40.970001220703125,40.90999984741211,40.970001220703125,15033.0
2024-10-25 10:10:00+00:00,GPRO,1.3300000429153442,1.3300000429153442,1.3300000429153442,1.3300000429153442,1.3300000429153442,270.0
2024-10-25 10:10:00+00:00,GRAB,4.071199893951416,4.071199893951416,4.079899787902832,4.070000171661377,4.073999881744385,14513.0
2024-10-25 10:10:00+00:00,GRRR,4.739999771118164,4.739999771118164,4.739999771118164,4.71999979019165,4.730000019073486,3515.0
2024-10-25 10:10:00+00:00,GSIT,3.2708001136779785,3.2708001136779785,3.2708001136779785,3.2604000568389893,3.2699999809265137,850.0
2024-10-25 10:10:00+00:00,GTLB,56.63990020751953,56.63990020751953,56.650001525878906,56.63990020751953,56.650001525878906,638.0
2024-10-25 10:10:00+00:00,HCP,33.63999938964844,33.63999938964844,33.654998779296875,33.63999938964844,33.654998779296875,6512.0
2024-10-25 10:10:00+00:00,HIMX,6.230000019073486,6.230000019073486,6.230000019073486,6.21999979019165,6.21999979019165,2900.0
2024-10-25 10:10:00+00:00,HLIT,14.835000038146973,14.835000038146973,14.835000038146973,14.835000038146973,14.835000038146973,265.0
2024-10-25 10:10:00+00:00,HOLO,3.899899959564209,3.899899959564209,3.9000000953674316,3.880000114440918,3.890000104904175,12549.0
2024-10-25 10:10:00+00:00,HOOD,27.479999542236328,27.479999542236328,27.489999771118164,27.440000534057617,27.485000610351562,69123.0
2024-10-25 10:10:00+00:00,HTCR,1.1100000143051147,1.1100000143051147,1.1100000143051147,1.1100000143051147,1.1100000143051147,2002.0
2024-10-25 10:10:00+00:00,ICHR,27.889999389648438,27.889999389648438,27.899999618530273,27.770000457763672,27.770000457763672,28296.0
2024-10-25 10:10:00+00:00,IMMR,8.739999771118164,8.739999771118164,8.770000457763672,8.739999771118164,8.770000457763672,4658.0
2024-10-25 10:10:00+00:00,IMXI,17.79640007019043,17.79640007019043,17.79640007019043,17.79640007019043,17.79640007019043,454.0
2024-10-25 10:10:00+00:00,INDI,3.555000066757202,3.555000066757202,3.555000066757202,3.5510001182556152,3.5541000366210938,731.0
2024-10-25 10:10:00+00:00,INFN,6.800000190734863,6.800000190734863,6.800000190734863,6.800000190734863,6.800000190734863,122.0
2024-10-25 10:10:00+00:00,INOD,20.100000381469727,20.100000381469727,20.100000381469727,20.049999237060547,20.049999237060547,4094.0
2024-10-25 10:10:00+00:00,INTA,50.11000061035156,50.11000061035156,50.11000061035156,50.11000061035156,50.11000061035156,545.0
2024-10-25 10:10:00+00:00,INTC,23.06399917602539,23.06399917602539,23.06999969482422,23.030000686645508,23.03499984741211,186511.0
2024-10-25 10:10:00+00:00,INTU,614.989990234375,614.989990234375,614.989990234375,614.6500244140625,614.6500244140625,1396.0
2024-10-25 10:10:00+00:00,IPGP,76.75499725341797,76.75499725341797,76.75499725341797,76.75499725341797,76.75499725341797,480.0
2024-10-25 10:10:00+00:00,ITI,7.190000057220459,7.190000057220459,7.190000057220459,7.190000057220459,7.190000057220459,900.0
2024-10-25 10:10:00+00:00,ITRI,103.7300033569336,103.7300033569336,103.7300033569336,103.7300033569336,103.7300033569336,276.0
2024-10-25 10:10:00+00:00,JAMF,16.920000076293945,16.920000076293945,16.920000076293945,16.920000076293945,16.920000076293945,1531.0
2024-10-25 10:10:00+00:00,KC,2.7200000286102295,2.7200000286102295,2.7200000286102295,2.7149999141693115,2.7149999141693115,5782.0
2024-10-25 10:10:00+00:00,KLAC,678.89501953125,678.89501953125,678.89501953125,677.9600219726562,677.9600219726562,1464.0
2024-10-25 10:10:00+00:00,KLIC,44.650001525878906,44.650001525878906,44.650001525878906,44.650001525878906,44.650001525878906,143.0
2024-10-25 10:10:00+00:00,KVHI,4.699999809265137,4.699999809265137,4.699999809265137,4.699999809265137,4.699999809265137,0.0
2024-10-25 10:10:00+00:00,LINK,5.289999961853027,5.289999961853027,6.0,5.190000057220459,5.999899864196777,122922.0
2024-10-25 10:10:00+00:00,LITE,64.91000366210938,64.91000366210938,64.91000366210938,64.6050033569336,64.6050033569336,4190.0
2024-10-25 10:10:00+00:00,LOGI,80.9800033569336,80.9800033569336,81.02999877929688,80.9800033569336,80.98999786376953,2521.0
2024-10-25 10:10:00+00:00,LRCX,78.36000061035156,78.36000061035156,78.38500213623047,78.2699966430664,78.29000091552734,57187.0
2024-10-25 10:10:00+00:00,LSCC,54.86000061035156,54.86000061035156,54.86000061035156,54.83000183105469,54.84469985961914,1603.0
2024-10-25 10:10:00+00:00,LYFT,13.734999656677246,13.734999656677246,13.760000228881836,13.734999656677246,13.755000114440918,33705.0
2024-10-25 10:10:00+00:00,MANH,278.239990234375,278.239990234375,278.239990234375,278.239990234375,278.239990234375,643.0
2024-10-25 10:10:00+00:00,MAXN,5.670199871063232,5.670199871063232,5.670199871063232,5.670199871063232,5.670199871063232,521.0
2024-10-25 10:10:00+00:00,MCHP,77.20999908447266,77.20999908447266,77.22000122070312,77.12999725341797,77.18000030517578,10362.0
2024-10-25 10:10:00+00:00,MDB,269.2850036621094,269.2850036621094,269.2850036621094,269.1424865722656,269.1424865722656,649.0
2024-10-25 10:10:00+00:00,MITK,8.789999961853027,8.789999961853027,8.789999961853027,8.789999961853027,8.789999961853027,430.0
2024-10-25 10:10:00+00:00,MKSI,101.49500274658203,101.49500274658203,101.54000091552734,101.36000061035156,101.43499755859375,22048.0
2024-10-25 10:10:00+00:00,MNDY,302.05499267578125,302.05499267578125,302.56829833984375,302.05499267578125,302.32000732421875,2605.0
2024-10-25 10:10:00+00:00,MRVL,83.18000030517578,83.18000030517578,83.18000030517578,83.09089660644531,83.12979888916016,17257.0
2024-10-25 10:10:00+00:00,MSFT,431.42401123046875,431.42401123046875,431.5799865722656,431.3399963378906,431.510009765625,44699.0
2024-10-25 10:10:00+00:00,MSTR,243.10499572753906,243.10499572753906,243.22999572753906,241.60000610351562,241.73289489746094,167425.0
2024-10-25 10:10:00+00:00,MTC,0.3700000047683716,0.3700000047683716,0.3700000047683716,0.36800000071525574,0.3686999976634979,14615.0
2024-10-25 10:10:00+00:00,MTLS,6.042300224304199,6.042300224304199,6.042300224304199,6.042300224304199,6.042300224304199,2190.0
2024-10-25 10:10:00+00:00,MTTR,4.664999961853027,4.664999961853027,4.664999961853027,4.66379976272583,4.66379976272583,1101.0
2024-10-25 10:10:00+00:00,MU,109.08000183105469,109.08000183105469,109.1050033569336,109.0199966430664,109.02999877929688,28022.0
2024-10-25 10:10:00+00:00,MVIS,1.1050000190734863,1.1050000190734863,1.1050000190734863,1.1050000190734863,1.1050000190734863,525.0
2024-10-25 10:10:00+00:00,MXL,14.989999771118164,14.989999771118164,14.989999771118164,14.989999771118164,14.989999771118164,328.0
2024-10-25 10:10:00+00:00,NCNO,38.36000061035156,38.36000061035156,38.36000061035156,38.334999084472656,38.334999084472656,548.0
2024-10-25 10:10:00+00:00,NEON,8.104999542236328,8.104999542236328,8.104999542236328,8.104999542236328,8.104999542236328,610.0
2024-10-25 10:10:00+00:00,NICE,176.96499633789062,176.96499633789062,176.96499633789062,176.96499633789062,176.96499633789062,307.0
2024-10-25 10:10:00+00:00,NSIT,213.03500366210938,213.03500366210938,213.03500366210938,213.03500366210938,213.03500366210938,427.0
2024-10-25 10:10:00+00:00,NTAP,120.12000274658203,120.12000274658203,120.12000274658203,120.12000274658203,120.12000274658203,720.0
2024-10-25 10:10:00+00:00,NTCT,20.639999389648438,20.639999389648438,20.700000762939453,20.639999389648438,20.700000762939453,1549.0
2024-10-25 10:10:00+00:00,NTNX,62.810001373291016,62.810001373291016,62.810001373291016,62.810001373291016,62.810001373291016,158.0
2024-10-25 10:10:00+00:00,NVDA,143.18600463867188,143.18600463867188,143.19769287109375,142.89999389648438,142.89999389648438,823347.0
2024-10-25 10:10:00+00:00,NVEI,33.529998779296875,33.529998779296875,33.53499984741211,33.529998779296875,33.53499984741211,664.0
2024-10-25 10:10:00+00:00,NVTS,2.569999933242798,2.569999933242798,2.57069993019104,2.569999933242798,2.57069993019104,2221.0
2024-10-25 10:10:00+00:00,NXPI,244.50999450683594,244.50999450683594,244.50999450683594,244.50999450683594,244.50999450683594,724.0
2024-10-25 10:10:00+00:00,OKTA,73.11000061035156,73.11000061035156,73.11000061035156,73.04000091552734,73.05000305175781,2263.0
2024-10-25 10:10:00+00:00,OLB,2.2300000190734863,2.2300000190734863,2.2300000190734863,2.2300000190734863,2.2300000190734863,106.0
2024-10-25 10:10:00+00:00,ON,72.62999725341797,72.62999725341797,72.69999694824219,72.51000213623047,72.68000030517578,34781.0
2024-10-25 10:10:00+00:00,OSIS,137.6649932861328,137.6649932861328,137.6649932861328,137.6649932861328,137.6649932861328,137.0
2024-10-25 10:10:00+00:00,OSPN,14.760000228881836,14.760000228881836,14.760000228881836,14.760000228881836,14.760000228881836,827.0
2024-10-25 10:10:00+00:00,PANW,371.2950134277344,371.2950134277344,371.3500061035156,371.0899963378906,371.3500061035156,960.0
2024-10-25 10:10:00+00:00,PAYO,8.287500381469727,8.287500381469727,8.287500381469727,8.279999732971191,8.28499984741211,8399.0
2024-10-25 10:10:00+00:00,PCTY,173.82749938964844,173.82749938964844,173.82749938964844,173.82749938964844,173.82749938964844,1114.0
2024-10-25 10:10:00+00:00,PEGA,81.0999984741211,81.0999984741211,81.12000274658203,81.08499908447266,81.08499908447266,2348.0
2024-10-25 10:10:00+00:00,PEGY,4.719799995422363,4.719799995422363,4.730000019073486,4.719799995422363,4.730000019073486,2004.0
2024-10-25 10:10:00+00:00,PGY,11.954899787902832,11.954899787902832,11.970000267028809,11.9399995803833,11.9399995803833,6335.0
2024-10-25 10:10:00+00:00,PGYWW,0.16899999976158142,0.16899999976158142,0.16899999976158142,0.16899999976158142,0.16899999976158142,3600.0
2024-10-25 10:10:00+00:00,PHUN,9.800000190734863,9.800000190734863,9.869999885559082,9.800000190734863,9.859999656677246,104564.0
2024-10-25 10:10:00+00:00,PI,200.375,200.375,200.69000244140625,200.375,200.69000244140625,3390.0
2024-10-25 10:10:00+00:00,POET,3.990000009536743,3.990000009536743,3.990000009536743,3.990000009536743,3.990000009536743,692.0
2024-10-25 10:10:00+00:00,POWI,63.45750045776367,63.45750045776367,63.45750045776367,63.45000076293945,63.45000076293945,675.0
2024-10-25 10:10:00+00:00,PRGS,65.28160095214844,65.28160095214844,65.28160095214844,65.28160095214844,65.28160095214844,948.0
2024-10-25 10:10:00+00:00,PTC,185.72500610351562,185.72500610351562,185.72999572753906,185.72500610351562,185.72999572753906,1331.0
2024-10-25 10:10:00+00:00,PYCR,14.479999542236328,14.479999542236328,14.489999771118164,14.479999542236328,14.489999771118164,745.0
2024-10-25 10:10:00+00:00,QCOM,172.4980010986328,172.4980010986328,172.50999450683594,172.27220153808594,172.3000030517578,8320.0
2024-10-25 10:10:00+00:00,QMCO,5.300000190734863,5.300000190734863,5.329999923706055,5.300000190734863,5.329999923706055,287.0
2024-10-25 10:10:00+00:00,QRVO,100.55500030517578,100.55500030517578,100.55750274658203,100.55500030517578,100.55500030517578,455.0
2024-10-25 10:10:00+00:00,QUBT,1.1294000148773193,1.1294000148773193,1.1294000148773193,1.1246999502182007,1.125,6450.0
2024-10-25 10:10:00+00:00,RCAT,2.780100107192993,2.780100107192993,2.789900064468384,2.780100107192993,2.789900064468384,1774.0
2024-10-25 10:10:00+00:00,RDWR,22.600000381469727,22.600000381469727,22.600000381469727,22.600000381469727,22.600000381469727,270.0
2024-10-25 10:10:00+00:00,REFR,2.190000057220459,2.190000057220459,2.190000057220459,2.190000057220459,2.190000057220459,1003.0
2024-10-25 10:10:00+00:00,REKR,1.100000023841858,1.100000023841858,1.1050000190734863,1.100000023841858,1.100100040435791,9448.0
2024-10-25 10:10:00+00:00,RELY,14.8100004196167,14.8100004196167,14.8100004196167,14.805000305175781,14.805000305175781,351.0
2024-10-25 10:10:00+00:00,RGTI,1.274999976158142,1.274999976158142,1.2799999713897705,1.274999976158142,1.274999976158142,4791.0
2024-10-25 10:10:00+00:00,RIOT,10.1850004196167,10.1850004196167,10.1899995803833,10.125,10.135000228881836,125649.0
2024-10-25 10:10:00+00:00,RMBS,43.11000061035156,43.11000061035156,43.11000061035156,43.084999084472656,43.109500885009766,1184.0
2024-10-25 10:10:00+00:00,RPAY,7.699999809265137,7.699999809265137,7.710000038146973,7.699999809265137,7.699999809265137,2057.0
2024-10-25 10:10:00+00:00,RPD,39.56999969482422,39.56999969482422,39.56999969482422,39.56999969482422,39.56999969482422,729.0
2024-10-25 10:10:00+00:00,RUM,5.691699981689453,5.691699981689453,5.710000038146973,5.679999828338623,5.699999809265137,23486.0
2024-10-25 10:10:00+00:00,RUN,14.354999542236328,14.354999542236328,14.359999656677246,14.289999961853027,14.289999961853027,32822.0
2024-10-25 10:10:00+00:00,SANG,5.6774001121521,5.6774001121521,5.6774001121521,5.6774001121521,5.6774001121521,1600.0
2024-10-25 10:10:00+00:00,SATS,25.094999313354492,25.094999313354492,25.1200008392334,25.094999313354492,25.1200008392334,2551.0
2024-10-25 10:10:00+00:00,SEDG,15.779999732971191,15.779999732971191,15.819999694824219,15.770000457763672,15.810099601745605,14232.0
2024-10-25 10:10:00+00:00,SHLS,5.224999904632568,5.224999904632568,5.224999904632568,5.21999979019165,5.21999979019165,7064.0
2024-10-25 10:10:00+00:00,SIMO,57.02000045776367,57.02000045776367,57.02000045776367,57.02000045776367,57.02000045776367,533.0
2024-10-25 10:10:00+00:00,SITM,184.18499755859375,184.18499755859375,184.18499755859375,184.18499755859375,184.18499755859375,696.0
2024-10-25 10:10:00+00:00,SKYT,10.8100004196167,10.8100004196167,10.829999923706055,10.789999961853027,10.819999694824219,3181.0
2024-10-25 10:10:00+00:00,SLAB,115.2249984741211,115.2249984741211,115.2249984741211,115.2249984741211,115.2249984741211,389.0
2024-10-25 10:10:00+00:00,SLNH,4.176499843597412,4.176499843597412,4.176499843597412,4.072999954223633,4.119999885559082,2784.0
2024-10-25 10:10:00+00:00,SMCI,47.423500061035156,47.423500061035156,47.449798583984375,47.29999923706055,47.29999923706055,94000.0
2024-10-25 10:10:00+00:00,SMTC,45.7400016784668,45.7400016784668,45.935001373291016,45.7400016784668,45.935001373291016,5313.0
2024-10-25 10:10:00+00:00,SNPS,507.0950012207031,507.0950012207031,507.3999938964844,507.0950012207031,507.3999938964844,1357.0
2024-10-25 10:10:00+00:00,SONO,12.835000038146973,12.835000038146973,12.859999656677246,12.829999923706055,12.859999656677246,4639.0
2024-10-25 10:10:00+00:00,SOUN,5.355000019073486,5.355000019073486,5.360000133514404,5.34499979019165,5.34499979019165,166456.0
2024-10-25 10:10:00+00:00,SPSC,185.56500244140625,185.56500244140625,185.56500244140625,185.56500244140625,185.56500244140625,222.0
2024-10-25 10:10:00+00:00,SPT,27.594999313354492,27.594999313354492,27.594999313354492,27.594999313354492,27.594999313354492,260.0
2024-10-25 10:10:00+00:00,SSNC,69.95999908447266,69.95999908447266,70.0,69.94499969482422,69.96800231933594,14016.0
2024-10-25 10:10:00+00:00,SSYS,7.130000114440918,7.130000114440918,7.130000114440918,7.130000114440918,7.130000114440918,958.0
2024-10-25 10:10:00+00:00,STNE,11.404000282287598,11.404000282287598,11.40999984741211,11.385000228881836,11.385000228881836,34096.0
2024-10-25 10:10:00+00:00,STX,103.95999908447266,103.95999908447266,103.95999908447266,103.94999694824219,103.94999694824219,2884.0
2024-10-25 10:10:00+00:00,SURG,1.7200000286102295,1.7200000286102295,1.7200000286102295,1.7200000286102295,1.7200000286102295,691.0
2024-10-25 10:10:00+00:00,SVRE,0.08540000021457672,0.08540000021457672,0.08540000021457672,0.0851999968290329,0.0851999968290329,8604.0
2024-10-25 10:10:00+00:00,SWKS,96.1500015258789,96.1500015258789,96.1500015258789,96.125,96.13500213623047,1253.0
2024-10-25 10:10:00+00:00,SYTA,1.2000000476837158,1.2000000476837158,1.2000000476837158,1.2000000476837158,1.2000000476837158,2849.0
2024-10-25 10:10:00+00:00,TAOP,0.4546999931335449,0.4546999931335449,0.4546999931335449,0.4546999931335449,0.4546999931335449,223.0
2024-10-25 10:10:00+00:00,TASK,12.100000381469727,12.100000381469727,12.140000343322754,12.100000381469727,12.140000343322754,4633.0
2024-10-25 10:10:00+00:00,TEAM,191.86000061035156,191.86000061035156,192.0800018310547,191.7100067138672,191.86500549316406,12736.0
2024-10-25 10:10:00+00:00,TENB,41.40999984741211,41.40999984741211,41.40999984741211,41.40999984741211,41.40999984741211,425.0
2024-10-25 10:10:00+00:00,TER,112.62999725341797,112.62999725341797,112.70999908447266,112.58999633789062,112.58999633789062,5376.0
2024-10-25 10:10:00+00:00,TRMB,61.20500183105469,61.20500183105469,61.209999084472656,61.20000076293945,61.209999084472656,2187.0
2024-10-25 10:10:00+00:00,TSEM,45.33000183105469,45.33000183105469,45.33000183105469,45.220001220703125,45.22999954223633,12533.0
2024-10-25 10:10:00+00:00,TTD,120.4000015258789,120.4000015258789,120.47000122070312,120.30000305175781,120.31500244140625,15274.0
2024-10-25 10:10:00+00:00,TTMI,19.559999465942383,19.559999465942383,19.56999969482422,19.559999465942383,19.56999969482422,659.0
2024-10-25 10:10:00+00:00,TWKS,4.449999809265137,4.449999809265137,4.449999809265137,4.449999809265137,4.449999809265137,1664.0
2024-10-25 10:10:00+00:00,TXN,210.47000122070312,210.47000122070312,210.47000122070312,210.30999755859375,210.38499450683594,4448.0
2024-10-25 10:10:00+00:00,UCTT,36.06999969482422,36.06999969482422,36.06999969482422,36.06999969482422,36.06999969482422,1073.0
2024-10-25 10:10:00+00:00,VECO,29.6200008392334,29.6200008392334,29.6200008392334,29.610000610351562,29.610000610351562,853.0
2024-10-25 10:10:00+00:00,VERI,3.4700000286102295,3.4700000286102295,3.484999895095825,3.4700000286102295,3.484999895095825,13324.0
2024-10-25 10:10:00+00:00,VERX,42.709999084472656,42.709999084472656,42.709999084472656,42.619998931884766,42.619998931884766,1229.0
2024-10-25 10:10:00+00:00,VMEO,4.755000114440918,4.755000114440918,4.760000228881836,4.755000114440918,4.760000228881836,493.0
2024-10-25 10:10:00+00:00,VRNS,57.41999816894531,57.41999816894531,57.41999816894531,57.33000183105469,57.39500045776367,7388.0
2024-10-25 10:10:00+00:00,VRNT,22.145000457763672,22.145000457763672,22.15999984741211,22.145000457763672,22.15999984741211,526.0
2024-10-25 10:10:00+00:00,VRSN,189.25,189.25,189.25,189.24000549316406,189.24000549316406,1293.0
2024-10-25 10:10:00+00:00,VS,2.6898999214172363,2.6898999214172363,2.6898999214172363,2.6898999214172363,2.6898999214172363,230.0
2024-10-25 10:10:00+00:00,VSAT,10.369999885559082,10.369999885559082,10.430000305175781,10.359999656677246,10.430000305175781,12260.0
2024-10-25 10:10:00+00:00,VUZI,1.3350000381469727,1.3350000381469727,1.3350000381469727,1.3350000381469727,1.3350000381469727,320.0
2024-10-25 10:10:00+00:00,WDAY,242.27499389648438,242.27499389648438,242.27499389648438,241.97500610351562,241.97500610351562,7684.0
2024-10-25 10:10:00+00:00,WDC,71.69000244140625,71.69000244140625,71.77999877929688,71.63849639892578,71.7300033569336,35267.0
2024-10-25 10:10:00+00:00,WISA,1.8300000429153442,1.8300000429153442,1.8300000429153442,1.8200000524520874,1.8200000524520874,549.0
2024-10-25 10:10:00+00:00,XRX,10.210000038146973,10.210000038146973,10.210000038146973,10.210000038146973,10.210000038146973,1435.0
2024-10-25 10:10:00+00:00,ZBRA,365.5299987792969,365.5299987792969,365.5299987792969,365.1400146484375,365.25,2449.0
2024-10-25 10:10:00+00:00,ZI,10.569999694824219,10.569999694824219,10.569999694824219,10.569999694824219,10.569999694824219,1615.0
2024-10-25 10:10:00+00:00,ZM,73.30999755859375,73.30999755859375,73.37999725341797,73.30999755859375,73.37999725341797,15316.0
2024-10-25 10:10:00+00:00,ZS,187.44500732421875,187.44500732421875,187.58999633789062,187.31280517578125,187.58999633789062,5098.0
2024-10-25 10:11:00+00:00,AAOI,17.65999984741211,17.65999984741211,17.65999984741211,17.6299991607666,17.6299991607666,1169.0
2024-10-25 10:11:00+00:00,AAPL,232.1186065673828,232.1186065673828,232.17999267578125,232.05999755859375,232.07000732421875,63681.0
2024-10-25 10:11:00+00:00,ACIW,49.40999984741211,49.40999984741211,49.40999984741211,49.40999984741211,49.40999984741211,105.0
2024-10-25 10:11:00+00:00,ACLS,91.52999877929688,91.52999877929688,91.52999877929688,91.52999877929688,91.52999877929688,256.0
2024-10-25 10:11:00+00:00,ACMR,19.708099365234375,19.708099365234375,19.708099365234375,19.708099365234375,19.708099365234375,429.0
2024-10-25 10:11:00+00:00,ADBE,487.3800048828125,487.3800048828125,487.45001220703125,487.2300109863281,487.2300109863281,3218.0
2024-10-25 10:11:00+00:00,ADI,234.34500122070312,234.34500122070312,234.36000061035156,234.34500122070312,234.36000061035156,1174.0
2024-10-25 10:11:00+00:00,ADSK,288.3699951171875,288.3699951171875,288.3699951171875,288.3699951171875,288.3699951171875,539.0
2024-10-25 10:11:00+00:00,AEHR,16.3700008392334,16.3700008392334,16.450000762939453,16.34000015258789,16.450000762939453,8953.0
2024-10-25 10:11:00+00:00,AFRM,42.060001373291016,42.060001373291016,42.29999923706055,42.060001373291016,42.29999923706055,17964.0
2024-10-25 10:11:00+00:00,AKAM,103.55000305175781,103.55000305175781,103.55000305175781,103.55000305175781,103.55000305175781,450.0
2024-10-25 10:11:00+00:00,AKTS,0.056299999356269836,0.056299999356269836,0.0568000003695488,0.0560000017285347,0.05609999969601631,259597.0
2024-10-25 10:11:00+00:00,ALGM,22.489999771118164,22.489999771118164,22.540000915527344,22.489999771118164,22.530000686645508,8031.0
2024-10-25 10:11:00+00:00,ALKT,38.35940170288086,38.35940170288086,38.35940170288086,38.35940170288086,38.35940170288086,110.0
2024-10-25 10:11:00+00:00,ALRM,54.790000915527344,54.790000915527344,54.83000183105469,54.790000915527344,54.83000183105469,889.0
2024-10-25 10:11:00+00:00,AMAT,188.41160583496094,188.41160583496094,188.47999572753906,188.3300018310547,188.4499969482422,2751.0
2024-10-25 10:11:00+00:00,AMD,158.6800994873047,158.6800994873047,158.8300018310547,158.63999938964844,158.8300018310547,92154.0
2024-10-25 10:11:00+00:00,AMKR,29.899999618530273,29.899999618530273,29.899999618530273,29.899999618530273,29.899999618530273,699.0
2024-10-25 10:11:00+00:00,AMPL,9.300000190734863,9.300000190734863,9.300000190734863,9.288000106811523,9.288000106811523,1219.0
2024-10-25 10:11:00+00:00,ANSS,327.5899963378906,327.5899963378906,327.5899963378906,327.5899963378906,327.5899963378906,667.0
2024-10-25 10:11:00+00:00,ANY,1.0950000286102295,1.0950000286102295,1.0950000286102295,1.0950000286102295,1.0950000286102295,169.0
2024-10-25 10:11:00+00:00,API,2.6549999713897705,2.6549999713897705,2.6549999713897705,2.6549999713897705,2.6549999713897705,284.0
2024-10-25 10:11:00+00:00,APP,162.972900390625,162.972900390625,163.0,162.83999633789062,162.89999389648438,3233.0
2024-10-25 10:11:00+00:00,APPF,228.4499969482422,228.4499969482422,228.50999450683594,228.44000244140625,228.4600067138672,5205.0
2024-10-25 10:11:00+00:00,APPS,3.1700000762939453,3.1700000762939453,3.1800999641418457,3.1700000762939453,3.1800999641418457,5408.0
2024-10-25 10:11:00+00:00,ARRY,6.420000076293945,6.420000076293945,6.420000076293945,6.389999866485596,6.394999980926514,15299.0
2024-10-25 10:11:00+00:00,ASML,721.7849731445312,721.7849731445312,722.1898803710938,721.239990234375,722.1898803710938,6724.0
2024-10-25 10:11:00+00:00,AUR,6.519999980926514,6.519999980926514,6.519999980926514,6.46999979019165,6.474999904632568,20228.0
2024-10-25 10:11:00+00:00,AVDX,8.239999771118164,8.239999771118164,8.244999885559082,8.239999771118164,8.244999885559082,2282.0
2024-10-25 10:11:00+00:00,AVGO,175.3699951171875,175.3699951171875,175.44000244140625,175.22999572753906,175.2949981689453,30848.0
2024-10-25 10:11:00+00:00,AVPT,12.104999542236328,12.104999542236328,12.109999656677246,12.104999542236328,12.109999656677246,487.0
2024-10-25 10:11:00+00:00,BAND,17.8700008392334,17.8700008392334,17.8700008392334,17.8700008392334,17.8700008392334,675.0
2024-10-25 10:11:00+00:00,BIGC,5.361000061035156,5.361000061035156,5.361000061035156,5.361000061035156,5.361000061035156,977.0
2024-10-25 10:11:00+00:00,BLKB,86.42500305175781,86.42500305175781,86.42500305175781,86.42500305175781,86.42500305175781,103.0
2024-10-25 10:11:00+00:00,BMBL,7.284999847412109,7.284999847412109,7.284999847412109,7.275000095367432,7.275000095367432,2875.0
2024-10-25 10:11:00+00:00,BSY,49.625,49.625,49.625,49.625,49.625,192.0
2024-10-25 10:11:00+00:00,CCSI,20.649999618530273,20.649999618530273,20.649999618530273,20.649999618530273,20.649999618530273,340.0
2024-10-25 10:11:00+00:00,CDNS,258.69000244140625,258.69000244140625,258.69000244140625,258.6000061035156,258.68499755859375,3634.0
2024-10-25 10:11:00+00:00,CDW,220.27000427246094,220.27000427246094,220.27000427246094,220.27000427246094,220.27000427246094,830.0
2024-10-25 10:11:00+00:00,CETX,0.29750001430511475,0.29750001430511475,0.29750001430511475,0.29750001430511475,0.29750001430511475,600.0
2024-10-25 10:11:00+00:00,CFLT,22.549999237060547,22.549999237060547,22.600000381469727,22.549999237060547,22.59000015258789,6030.0
2024-10-25 10:11:00+00:00,CGNX,39.349998474121094,39.349998474121094,39.36000061035156,39.345001220703125,39.345001220703125,5763.0
2024-10-25 10:11:00+00:00,CLSK,12.041099548339844,12.041099548339844,12.114999771118164,12.037099838256836,12.114999771118164,69564.0
2024-10-25 10:11:00+00:00,COHR,97.0199966430664,97.0199966430664,97.0199966430664,96.8499984741211,96.8499984741211,2595.0
2024-10-25 10:11:00+00:00,COHU,26.229999542236328,26.229999542236328,26.229999542236328,26.229999542236328,26.229999542236328,194.0
2024-10-25 10:11:00+00:00,COIN,212.9499969482422,212.9499969482422,213.61700439453125,212.7899932861328,213.60000610351562,27733.0
2024-10-25 10:11:00+00:00,COMM,6.50600004196167,6.50600004196167,6.510000228881836,6.482500076293945,6.485000133514404,57353.0
2024-10-25 10:11:00+00:00,CORZ,13.710000038146973,13.710000038146973,13.765000343322754,13.710000038146973,13.765000343322754,12128.0
2024-10-25 10:11:00+00:00,CRCT,6.505000114440918,6.505000114440918,6.505000114440918,6.505000114440918,6.505000114440918,606.0
2024-10-25 10:11:00+00:00,CRDO,39.650001525878906,39.650001525878906,39.66999816894531,39.650001525878906,39.66999816894531,1854.0
2024-10-25 10:11:00+00:00,CRNT,2.4649999141693115,2.4649999141693115,2.4649999141693115,2.4649999141693115,2.4649999141693115,2296.0
2024-10-25 10:11:00+00:00,CRUS,122.6500015258789,122.6500015258789,122.6500015258789,122.6500015258789,122.6500015258789,138.0
2024-10-25 10:11:00+00:00,CRWD,309.9867858886719,309.9867858886719,310.04998779296875,309.9800109863281,309.9800109863281,1379.0
2024-10-25 10:11:00+00:00,CSCO,56.3650016784668,56.3650016784668,56.37990188598633,56.334999084472656,56.334999084472656,33445.0
2024-10-25 10:11:00+00:00,CSIQ,13.699999809265137,13.699999809265137,13.777999877929688,13.661999702453613,13.760000228881836,41155.0
2024-10-25 10:11:00+00:00,CTSH,75.27999877929688,75.27999877929688,75.30999755859375,75.27999877929688,75.29000091552734,4427.0
2024-10-25 10:11:00+00:00,DATS,1.6476000547409058,1.6476000547409058,1.6476000547409058,1.6476000547409058,1.6476000547409058,1001.0
2024-10-25 10:11:00+00:00,DAVE,40.15999984741211,40.15999984741211,40.15999984741211,40.15999984741211,40.15999984741211,289.0
2024-10-25 10:11:00+00:00,DBX,26.079999923706055,26.079999923706055,26.084999084472656,26.079999923706055,26.084999084472656,2823.0
2024-10-25 10:11:00+00:00,DDOG,126.99500274658203,126.99500274658203,127.05000305175781,126.95999908447266,127.02999877929688,7659.0
2024-10-25 10:11:00+00:00,DGII,30.020000457763672,30.020000457763672,30.020000457763672,30.020000457763672,30.020000457763672,737.0
2024-10-25 10:11:00+00:00,DOCU,70.21499633789062,70.21499633789062,70.30999755859375,70.19999694824219,70.30999755859375,6391.0
2024-10-25 10:11:00+00:00,DOMO,8.09000015258789,8.09000015258789,8.140000343322754,8.09000015258789,8.129500389099121,3248.0
2024-10-25 10:11:00+00:00,ENPH,81.75460052490234,81.75460052490234,81.80999755859375,81.58999633789062,81.80999755859375,15051.0
2024-10-25 10:11:00+00:00,ENTG,105.34100341796875,105.34100341796875,105.43080139160156,105.33999633789062,105.43080139160156,999.0
2024-10-25 10:11:00+00:00,ERIC,8.505000114440918,8.505000114440918,8.510000228881836,8.503999710083008,8.508000373840332,11735.0
2024-10-25 10:11:00+00:00,EXLS,39.20000076293945,39.20000076293945,39.20000076293945,39.20000076293945,39.20000076293945,288.0
2024-10-25 10:11:00+00:00,EXTR,14.569999694824219,14.569999694824219,14.569999694824219,14.569999694824219,14.569999694824219,355.0
2024-10-25 10:11:00+00:00,FFIV,216.38999938964844,216.38999938964844,216.38999938964844,216.38999938964844,216.38999938964844,250.0
2024-10-25 10:11:00+00:00,FIVN,30.65999984741211,30.65999984741211,30.690000534057617,30.649999618530273,30.655000686645508,1675.0
2024-10-25 10:11:00+00:00,FLEX,35.5,35.5,35.52000045776367,35.4900016784668,35.52000045776367,4729.0
2024-10-25 10:11:00+00:00,FORM,45.15999984741211,45.15999984741211,45.15999984741211,45.15999984741211,45.15999984741211,137.0
2024-10-25 10:11:00+00:00,FROG,29.6299991607666,29.6299991607666,29.68000030517578,29.6299991607666,29.68000030517578,4626.0
2024-10-25 10:11:00+00:00,FRSH,11.729999542236328,11.729999542236328,11.744999885559082,11.71500015258789,11.744999885559082,4661.0
2024-10-25 10:11:00+00:00,FSLR,197.83999633789062,197.83999633789062,198.2100067138672,197.72000122070312,198.2100067138672,3709.0
2024-10-25 10:11:00+00:00,FTCI,0.6915000081062317,0.6915000081062317,0.6915000081062317,0.6915000081062317,0.6915000081062317,1359.0
2024-10-25 10:11:00+00:00,FTNT,81.58200073242188,81.58200073242188,81.63999938964844,81.54989624023438,81.55000305175781,7227.0
2024-10-25 10:11:00+00:00,GCT,25.559999465942383,25.559999465942383,25.610000610351562,25.559999465942383,25.590599060058594,1932.0
2024-10-25 10:11:00+00:00,GDS,21.799999237060547,21.799999237060547,21.799999237060547,21.760000228881836,21.760000228881836,724.0
2024-10-25 10:11:00+00:00,GFS,40.915000915527344,40.915000915527344,40.97999954223633,40.90999984741211,40.970001220703125,5267.0
2024-10-25 10:11:00+00:00,GPRO,1.3300000429153442,1.3300000429153442,1.3300000429153442,1.3300000429153442,1.3300000429153442,540.0
2024-10-25 10:11:00+00:00,GRAB,4.074999809265137,4.074999809265137,4.076200008392334,4.070000171661377,4.073999881744385,5447.0
2024-10-25 10:11:00+00:00,GRRR,4.676000118255615,4.676000118255615,4.724999904632568,4.670000076293945,4.724999904632568,14689.0
2024-10-25 10:11:00+00:00,GTLB,56.79499816894531,56.79499816894531,56.79499816894531,56.64500045776367,56.689998626708984,3076.0
2024-10-25 10:11:00+00:00,HCP,33.64500045776367,33.64500045776367,33.64500045776367,33.63999938964844,33.641700744628906,1984.0
2024-10-25 10:11:00+00:00,HLIT,14.839900016784668,14.839900016784668,14.839900016784668,14.839900016784668,14.839900016784668,813.0
2024-10-25 10:11:00+00:00,HOLO,3.888000011444092,3.888000011444092,3.9100000858306885,3.888000011444092,3.9100000858306885,2493.0
2024-10-25 10:11:00+00:00,HOOD,27.469999313354492,27.469999313354492,27.489999771118164,27.440000534057617,27.459999084472656,52724.0
2024-10-25 10:11:00+00:00,HTCR,1.1100000143051147,1.1100000143051147,1.1100000143051147,1.1100000143051147,1.1100000143051147,2069.0
2024-10-25 10:11:00+00:00,ICHR,27.829999923706055,27.829999923706055,27.860000610351562,27.829999923706055,27.860000610351562,662.0
2024-10-25 10:11:00+00:00,IMMR,8.716899871826172,8.716899871826172,8.734999656677246,8.716899871826172,8.729999542236328,3029.0
2024-10-25 10:11:00+00:00,INDI,3.565000057220459,3.565000057220459,3.565000057220459,3.559999942779541,3.559999942779541,5986.0
2024-10-25 10:11:00+00:00,INOD,20.204999923706055,20.204999923706055,20.25,20.139999389648438,20.25,1962.0
2024-10-25 10:11:00+00:00,INTC,23.083499908447266,23.083499908447266,23.09000015258789,23.04010009765625,23.065000534057617,154927.0
2024-10-25 10:11:00+00:00,INTU,615.0499877929688,615.0499877929688,615.0900268554688,614.8499755859375,615.0900268554688,981.0
2024-10-25 10:11:00+00:00,ITRN,27.100000381469727,27.100000381469727,27.100000381469727,27.100000381469727,27.100000381469727,199.0
2024-10-25 10:11:00+00:00,JKHY,185.26499938964844,185.26499938964844,185.26499938964844,185.1199951171875,185.17999267578125,908.0
2024-10-25 10:11:00+00:00,KC,2.7239999771118164,2.7239999771118164,2.7249999046325684,2.7200000286102295,2.7200000286102295,12640.0
2024-10-25 10:11:00+00:00,KLAC,679.25,679.25,679.25,679.0,679.0,1988.0
2024-10-25 10:11:00+00:00,KLIC,44.685001373291016,44.685001373291016,44.685001373291016,44.63529968261719,44.63529968261719,653.0
2024-10-25 10:11:00+00:00,LINK,5.452000141143799,5.452000141143799,5.769999980926514,5.32889986038208,5.362500190734863,59248.0
2024-10-25 10:11:00+00:00,LOGI,80.94000244140625,80.94000244140625,80.94000244140625,80.94000244140625,80.94000244140625,1580.0
2024-10-25 10:11:00+00:00,LRCX,78.37999725341797,78.37999725341797,78.41999816894531,78.30000305175781,78.3499984741211,60789.0
2024-10-25 10:11:00+00:00,LSCC,54.84000015258789,54.84000015258789,54.869998931884766,54.84000015258789,54.849998474121094,3143.0
2024-10-25 10:11:00+00:00,LTRX,4.050000190734863,4.050000190734863,4.050000190734863,4.050000190734863,4.050000190734863,1057.0
2024-10-25 10:11:00+00:00,LYFT,13.71500015258789,13.71500015258789,13.736000061035156,13.710000038146973,13.736000061035156,29600.0
2024-10-25 10:11:00+00:00,MAXN,5.681399822235107,5.681399822235107,5.710000038146973,5.681399822235107,5.699399948120117,2632.0
2024-10-25 10:11:00+00:00,MCHP,77.19000244140625,77.19000244140625,77.21440124511719,77.16999816894531,77.18000030517578,4740.0
2024-10-25 10:11:00+00:00,MDB,269.42999267578125,269.42999267578125,269.67999267578125,269.375,269.67999267578125,987.0
2024-10-25 10:11:00+00:00,MKSI,101.375,101.375,101.49500274658203,101.3499984741211,101.49500274658203,3415.0
2024-10-25 10:11:00+00:00,MKTW,0.6026999950408936,0.6026999950408936,0.6026999950408936,0.6026999950408936,0.6026999950408936,0.0
2024-10-25 10:11:00+00:00,MNDY,302.56988525390625,302.56988525390625,302.56988525390625,302.05499267578125,302.5,1396.0
2024-10-25 10:11:00+00:00,MQ,5.335000038146973,5.335000038146973,5.335000038146973,5.335000038146973,5.335000038146973,237.0
2024-10-25 10:11:00+00:00,MRVL,83.08999633789062,83.08999633789062,83.19000244140625,83.08999633789062,83.16999816894531,30020.0
2024-10-25 10:11:00+00:00,MSFT,431.0799865722656,431.0799865722656,431.4800109863281,431.07000732421875,431.4200134277344,29545.0
2024-10-25 10:11:00+00:00,MSTR,242.7624969482422,242.7624969482422,243.0,242.43719482421875,242.88999938964844,84559.0
2024-10-25 10:11:00+00:00,MTC,0.37560001015663147,0.37560001015663147,0.37560001015663147,0.3700000047683716,0.3723999857902527,13941.0
2024-10-25 10:11:00+00:00,MTLS,6.025000095367432,6.025000095367432,6.025000095367432,6.025000095367432,6.025000095367432,416.0
2024-10-25 10:11:00+00:00,MTSI,119.51000213623047,119.51000213623047,119.51000213623047,119.51000213623047,119.51000213623047,719.0
2024-10-25 10:11:00+00:00,MTTR,4.664999961853027,4.664999961853027,4.664999961853027,4.660999774932861,4.664999961853027,2233.0
2024-10-25 10:11:00+00:00,MU,108.97799682617188,108.97799682617188,109.0999984741211,108.94999694824219,109.09989929199219,23887.0
2024-10-25 10:11:00+00:00,MVIS,1.1050000190734863,1.1050000190734863,1.1050000190734863,1.1050000190734863,1.1050000190734863,405.0
2024-10-25 10:11:00+00:00,MXL,14.974599838256836,14.974599838256836,14.989999771118164,14.974599838256836,14.989999771118164,1254.0
2024-10-25 10:11:00+00:00,NCNO,38.349998474121094,38.349998474121094,38.349998474121094,38.33000183105469,38.33000183105469,756.0
2024-10-25 10:11:00+00:00,NICE,176.96499633789062,176.96499633789062,176.96499633789062,176.96499633789062,176.96499633789062,371.0
2024-10-25 10:11:00+00:00,NNDM,2.3450000286102295,2.3450000286102295,2.3450000286102295,2.3399999141693115,2.3399999141693115,5306.0
2024-10-25 10:11:00+00:00,NTAP,120.01000213623047,120.01000213623047,120.01000213623047,120.01000213623047,120.01000213623047,889.0
2024-10-25 10:11:00+00:00,NTNX,62.7599983215332,62.7599983215332,62.810001373291016,62.7599983215332,62.810001373291016,2158.0
2024-10-25 10:11:00+00:00,NVDA,142.97000122070312,142.97000122070312,143.19000244140625,142.9199981689453,143.19000244140625,641020.0
2024-10-25 10:11:00+00:00,NVEI,33.53499984741211,33.53499984741211,33.53499984741211,33.53499984741211,33.53499984741211,100.0
2024-10-25 10:11:00+00:00,NVMI,184.34500122070312,184.34500122070312,184.34500122070312,184.34500122070312,184.34500122070312,280.0
2024-10-25 10:11:00+00:00,NVTS,2.575000047683716,2.575000047683716,2.575000047683716,2.575000047683716,2.575000047683716,1275.0
2024-10-25 10:11:00+00:00,NXPI,244.47500610351562,244.47500610351562,244.5050048828125,244.32000732421875,244.3300018310547,6593.0
2024-10-25 10:11:00+00:00,OKTA,73.0999984741211,73.0999984741211,73.0999984741211,73.06999969482422,73.08000183105469,1291.0
2024-10-25 10:11:00+00:00,ON,72.5199966430664,72.5199966430664,72.62999725341797,72.48999786376953,72.625,18291.0
2024-10-25 10:11:00+00:00,OSIS,137.6699981689453,137.6699981689453,137.6699981689453,137.6699981689453,137.6699981689453,716.0
2024-10-25 10:11:00+00:00,PANW,371.3699951171875,371.3699951171875,371.57000732421875,371.05999755859375,371.05999755859375,2399.0
2024-10-25 10:11:00+00:00,PAYO,8.279999732971191,8.279999732971191,8.289999961853027,8.279999732971191,8.287500381469727,38231.0
2024-10-25 10:11:00+00:00,PDFS,29.5049991607666,29.5049991607666,29.5049991607666,29.5049991607666,29.5049991607666,150.0
2024-10-25 10:11:00+00:00,PEGA,80.95999908447266,80.95999908447266,81.12999725341797,80.93499755859375,81.0999984741211,6633.0
2024-10-25 10:11:00+00:00,PEGY,4.730000019073486,4.730000019073486,4.730000019073486,4.730000019073486,4.730000019073486,631.0
2024-10-25 10:11:00+00:00,PGY,11.949999809265137,11.949999809265137,11.949999809265137,11.948200225830078,11.949999809265137,827.0
2024-10-25 10:11:00+00:00,PGYWW,0.15000000596046448,0.15000000596046448,0.15000000596046448,0.15000000596046448,0.15000000596046448,0.0
2024-10-25 10:11:00+00:00,PHUN,9.710000038146973,9.710000038146973,9.819999694824219,9.699999809265137,9.800000190734863,249562.0
2024-10-25 10:11:00+00:00,PI,199.25999450683594,199.25999450683594,200.44000244140625,199.25999450683594,200.44000244140625,3900.0
2024-10-25 10:11:00+00:00,PLXS,144.94000244140625,144.94000244140625,144.94000244140625,144.94000244140625,144.94000244140625,831.0
2024-10-25 10:11:00+00:00,POET,3.9800000190734863,3.9800000190734863,3.9800000190734863,3.9800000190734863,3.9800000190734863,572.0
2024-10-25 10:11:00+00:00,QCOM,172.44000244140625,172.44000244140625,172.55990600585938,172.36000061035156,172.52999877929688,6137.0
2024-10-25 10:11:00+00:00,QLYS,121.69999694824219,121.69999694824219,121.74500274658203,121.69999694824219,121.74500274658203,1337.0
2024-10-25 10:11:00+00:00,QRVO,100.5,100.5,100.5425033569336,100.48999786376953,100.5,3789.0
2024-10-25 10:11:00+00:00,QUBT,1.1299999952316284,1.1299999952316284,1.1299999952316284,1.1299999952316284,1.1299999952316284,3879.0
2024-10-25 10:11:00+00:00,QUIK,8.720000267028809,8.720000267028809,8.720000267028809,8.720000267028809,8.720000267028809,426.0
2024-10-25 10:11:00+00:00,RCAT,2.765000104904175,2.765000104904175,2.765000104904175,2.765000104904175,2.765000104904175,728.0
2024-10-25 10:11:00+00:00,RDWR,22.520000457763672,22.520000457763672,22.520000457763672,22.520000457763672,22.520000457763672,591.0
2024-10-25 10:11:00+00:00,REKR,1.100000023841858,1.100000023841858,1.100000023841858,1.100000023841858,1.100000023841858,712.0
2024-10-25 10:11:00+00:00,RELY,14.8100004196167,14.8100004196167,14.8149995803833,14.800000190734863,14.8149995803833,2083.0
2024-10-25 10:11:00+00:00,RGTI,1.2799999713897705,1.2799999713897705,1.2799999713897705,1.2702000141143799,1.2790000438690186,13907.0
2024-10-25 10:11:00+00:00,RIOT,10.154999732971191,10.154999732971191,10.1850004196167,10.149999618530273,10.1850004196167,65112.0
2024-10-25 10:11:00+00:00,RMBS,43.11000061035156,43.11000061035156,43.11000061035156,43.11000061035156,43.11000061035156,1746.0
2024-10-25 10:11:00+00:00,RPAY,7.690000057220459,7.690000057220459,7.695000171661377,7.690000057220459,7.695000171661377,1319.0
2024-10-25 10:11:00+00:00,RPD,39.54999923706055,39.54999923706055,39.54999923706055,39.5099983215332,39.5099983215332,837.0
2024-10-25 10:11:00+00:00,RUM,5.700799942016602,5.700799942016602,5.715000152587891,5.684000015258789,5.696000099182129,19482.0
2024-10-25 10:11:00+00:00,RUN,14.34000015258789,14.34000015258789,14.354999542236328,14.289999961853027,14.354999542236328,39191.0
2024-10-25 10:11:00+00:00,SATS,25.100000381469727,25.100000381469727,25.100000381469727,25.100000381469727,25.100000381469727,892.0
2024-10-25 10:11:00+00:00,SCSC,45.52000045776367,45.52000045776367,45.54999923706055,45.52000045776367,45.54999923706055,1061.0
2024-10-25 10:11:00+00:00,SCWX,8.385000228881836,8.385000228881836,8.385000228881836,8.385000228881836,8.385000228881836,5.0
2024-10-25 10:11:00+00:00,SEDG,15.8100004196167,15.8100004196167,15.8100004196167,15.770000457763672,15.789999961853027,8558.0
2024-10-25 10:11:00+00:00,SHLS,5.21999979019165,5.21999979019165,5.21999979019165,5.215000152587891,5.215000152587891,12194.0
2024-10-25 10:11:00+00:00,SKYT,10.78499984741211,10.78499984741211,10.78499984741211,10.78499984741211,10.78499984741211,566.0
2024-10-25 10:11:00+00:00,SMCI,47.375,47.375,47.486900329589844,47.369998931884766,47.43000030517578,88404.0
2024-10-25 10:11:00+00:00,SMTC,45.720001220703125,45.720001220703125,45.720001220703125,45.720001220703125,45.720001220703125,709.0
2024-10-25 10:11:00+00:00,SNPS,506.5899963378906,506.5899963378906,506.95001220703125,506.31500244140625,506.69000244140625,3379.0
2024-10-25 10:11:00+00:00,SONO,12.829999923706055,12.829999923706055,12.833999633789062,12.829999923706055,12.833999633789062,3141.0
2024-10-25 10:11:00+00:00,SOUN,5.324999809265137,5.324999809265137,5.360000133514404,5.320000171661377,5.355000019073486,62460.0
2024-10-25 10:11:00+00:00,SPSC,185.1999969482422,185.1999969482422,185.1999969482422,185.1999969482422,185.1999969482422,501.0
2024-10-25 10:11:00+00:00,SSNC,69.99500274658203,69.99500274658203,70.0,69.83000183105469,69.97000122070312,37075.0
2024-10-25 10:11:00+00:00,STNE,11.414999961853027,11.414999961853027,11.420000076293945,11.399999618530273,11.404999732971191,19633.0
2024-10-25 10:11:00+00:00,STX,103.91000366210938,103.91000366210938,103.99500274658203,103.9000015258789,103.98999786376953,2171.0
2024-10-25 10:11:00+00:00,SURG,1.7200000286102295,1.7200000286102295,1.7200000286102295,1.7200000286102295,1.7200000286102295,138.0
2024-10-25 10:11:00+00:00,SWKS,96.16000366210938,96.16000366210938,96.16000366210938,96.125,96.125,1401.0
2024-10-25 10:11:00+00:00,SYNA,73.27999877929688,73.27999877929688,73.42500305175781,73.27999877929688,73.42500305175781,442.0
2024-10-25 10:11:00+00:00,SYTA,1.2000999450683594,1.2000999450683594,1.2050000429153442,1.2000000476837158,1.2050000429153442,761.0
2024-10-25 10:11:00+00:00,TEAM,191.85000610351562,191.85000610351562,192.00999450683594,191.73500061035156,192.0,5430.0
2024-10-25 10:11:00+00:00,TENB,41.43000030517578,41.43000030517578,41.43000030517578,41.43000030517578,41.43000030517578,433.0
2024-10-25 10:11:00+00:00,TER,112.5999984741211,112.5999984741211,112.70500183105469,112.56500244140625,112.6500015258789,4544.0
2024-10-25 10:11:00+00:00,TRMB,61.189998626708984,61.189998626708984,61.189998626708984,61.18000030517578,61.18000030517578,442.0
2024-10-25 10:11:00+00:00,TSAT,13.319999694824219,13.319999694824219,13.319999694824219,13.319999694824219,13.319999694824219,1060.0
2024-10-25 10:11:00+00:00,TSEM,45.27000045776367,45.27000045776367,45.272499084472656,45.22010040283203,45.272499084472656,1004.0
2024-10-25 10:11:00+00:00,TTD,120.53040313720703,120.53040313720703,120.55999755859375,120.52999877929688,120.55999755859375,1696.0
2024-10-25 10:11:00+00:00,TTMI,19.530000686645508,19.530000686645508,19.559999465942383,19.530000686645508,19.559999465942383,11811.0
2024-10-25 10:11:00+00:00,TWKS,4.449999809265137,4.449999809265137,4.449999809265137,4.449999809265137,4.449999809265137,2148.0
2024-10-25 10:11:00+00:00,TXN,210.39999389648438,210.39999389648438,210.56640625,210.38999938964844,210.47000122070312,8240.0
2024-10-25 10:11:00+00:00,UCTT,36.09000015258789,36.09000015258789,36.09000015258789,36.09000015258789,36.09000015258789,130.0
2024-10-25 10:11:00+00:00,VECO,29.610000610351562,29.610000610351562,29.610000610351562,29.600000381469727,29.600000381469727,443.0
2024-10-25 10:11:00+00:00,VERI,3.484999895095825,3.484999895095825,3.484999895095825,3.470099925994873,3.470099925994873,2801.0
2024-10-25 10:11:00+00:00,VICR,47.119998931884766,47.119998931884766,47.119998931884766,47.119998931884766,47.119998931884766,403.0
2024-10-25 10:11:00+00:00,VMEO,4.75,4.75,4.75,4.75,4.75,680.0
2024-10-25 10:11:00+00:00,VNET,3.444999933242798,3.444999933242798,3.450000047683716,3.440000057220459,3.444999933242798,2561.0
2024-10-25 10:11:00+00:00,VRNS,57.32500076293945,57.32500076293945,57.41999816894531,57.31999969482422,57.41999816894531,4182.0
2024-10-25 10:11:00+00:00,VS,2.6898999214172363,2.6898999214172363,2.6898999214172363,2.6898999214172363,2.6898999214172363,5000.0
2024-10-25 10:11:00+00:00,VSAT,10.34000015258789,10.34000015258789,10.350000381469727,10.34000015258789,10.350000381469727,1770.0
2024-10-25 10:11:00+00:00,VUZI,1.3300000429153442,1.3300000429153442,1.3300000429153442,1.3300000429153442,1.3300000429153442,1039.0
2024-10-25 10:11:00+00:00,WALD,3.7100000381469727,3.7100000381469727,3.7100000381469727,3.7100000381469727,3.7100000381469727,240.0
2024-10-25 10:11:00+00:00,WDAY,242.25,242.25,242.30999755859375,242.22999572753906,242.27999877929688,2805.0
2024-10-25 10:11:00+00:00,WDC,71.4800033569336,71.4800033569336,71.73999786376953,71.44000244140625,71.66999816894531,29973.0
2024-10-25 10:11:00+00:00,WISA,1.8200000524520874,1.8200000524520874,1.8200000524520874,1.809999942779541,1.819700002670288,4664.0
2024-10-25 10:11:00+00:00,WIX,166.34500122070312,166.34500122070312,166.34500122070312,166.34500122070312,166.34500122070312,2148.0
2024-10-25 10:11:00+00:00,WKEY,2.049999952316284,2.049999952316284,2.059999942779541,2.049999952316284,2.059999942779541,996.0
2024-10-25 10:11:00+00:00,XRX,10.1899995803833,10.1899995803833,10.210000038146973,10.1899995803833,10.210000038146973,2340.0
2024-10-25 10:11:00+00:00,ZI,10.5600004196167,10.5600004196167,10.569999694824219,10.5600004196167,10.569999694824219,2117.0
2024-10-25 10:11:00+00:00,ZM,73.22920227050781,73.22920227050781,73.2699966430664,73.22920227050781,73.2699966430664,1554.0
2024-10-25 10:12:00+00:00,AAOI,17.565000534057617,17.565000534057617,17.639999389648438,17.565000534057617,17.639999389648438,6088.0
2024-10-25 10:12:00+00:00,AAPL,231.91000366210938,231.91000366210938,232.1699981689453,231.81199645996094,232.10000610351562,79293.0
2024-10-25 10:12:00+00:00,ACIW,49.38999938964844,49.38999938964844,49.400001525878906,49.369998931884766,49.38999938964844,1713.0
2024-10-25 10:12:00+00:00,ACLS,91.25,91.25,91.43000030517578,91.25,91.43000030517578,1030.0
2024-10-25 10:12:00+00:00,ACMR,19.600000381469727,19.600000381469727,19.68000030517578,19.600000381469727,19.68000030517578,6225.0
2024-10-25 10:12:00+00:00,ADBE,486.5700988769531,486.5700988769531,487.5,486.5700988769531,487.4700012207031,11781.0
2024-10-25 10:12:00+00:00,ADI,234.1750030517578,234.1750030517578,234.3000030517578,233.9665069580078,234.25,4064.0
2024-10-25 10:12:00+00:00,ADSK,288.25,288.25,288.46978759765625,288.25,288.46978759765625,2911.0
2024-10-25 10:12:00+00:00,ADTN,6.349999904632568,6.349999904632568,6.349999904632568,6.329999923706055,6.329999923706055,2532.0
2024-10-25 10:12:00+00:00,AEHR,16.229999542236328,16.229999542236328,16.34000015258789,16.190000534057617,16.32200050354004,12536.0
2024-10-25 10:12:00+00:00,AFRM,41.93000030517578,41.93000030517578,42.08380126953125,41.93000030517578,42.060001373291016,9809.0
2024-10-25 10:12:00+00:00,AGYS,113.26000213623047,113.26000213623047,113.26000213623047,113.26000213623047,113.26000213623047,644.0
2024-10-25 10:12:00+00:00,AKAM,103.55000305175781,103.55000305175781,103.58000183105469,103.55000305175781,103.58000183105469,2288.0
2024-10-25 10:12:00+00:00,AKTS,0.056699998676776886,0.056699998676776886,0.0568000003695488,0.05660000070929527,0.056699998676776886,120281.0
2024-10-25 10:12:00+00:00,ALGM,22.469999313354492,22.469999313354492,22.5,22.440000534057617,22.489999771118164,9546.0
2024-10-25 10:12:00+00:00,ALKT,38.255001068115234,38.255001068115234,38.34000015258789,38.255001068115234,38.334999084472656,1514.0
2024-10-25 10:12:00+00:00,ALRM,54.7400016784668,54.7400016784668,54.869998931884766,54.7400016784668,54.83000183105469,3222.0
2024-10-25 10:12:00+00:00,ALTR,105.8550033569336,105.8550033569336,106.08000183105469,105.68000030517578,105.87000274658203,7106.0
2024-10-25 10:12:00+00:00,AMAT,188.19000244140625,188.19000244140625,188.4698944091797,188.07000732421875,188.38999938964844,15912.0
2024-10-25 10:12:00+00:00,AMBA,58.11000061035156,58.11000061035156,58.13999938964844,58.11000061035156,58.13999938964844,932.0
2024-10-25 10:12:00+00:00,AMD,158.32000732421875,158.32000732421875,158.6898956298828,158.16000366210938,158.67999267578125,197855.0
2024-10-25 10:12:00+00:00,AMKR,29.844999313354492,29.844999313354492,29.8799991607666,29.844999313354492,29.8799991607666,1544.0
2024-10-25 10:12:00+00:00,AMPG,1.0901000499725342,1.0901000499725342,1.0901000499725342,1.090000033378601,1.090000033378601,1530.0
2024-10-25 10:12:00+00:00,AMPL,9.270000457763672,9.270000457763672,9.289999961853027,9.270000457763672,9.289999961853027,5974.0
2024-10-25 10:12:00+00:00,ANY,1.090000033378601,1.090000033378601,1.0993000268936157,1.090000033378601,1.0993000268936157,3271.0
2024-10-25 10:12:00+00:00,AOSL,36.70000076293945,36.70000076293945,36.70000076293945,36.70000076293945,36.70000076293945,866.0
2024-10-25 10:12:00+00:00,API,2.6500000953674316,2.6500000953674316,2.6500000953674316,2.6500000953674316,2.6500000953674316,1622.0
2024-10-25 10:12:00+00:00,APP,162.60000610351562,162.60000610351562,162.88600158691406,162.5500030517578,162.88600158691406,7485.0
2024-10-25 10:12:00+00:00,APPF,228.4499969482422,228.4499969482422,228.5,228.42999267578125,228.5,1257.0
2024-10-25 10:12:00+00:00,APPN,32.5,32.5,32.5099983215332,32.5,32.5099983215332,2113.0
2024-10-25 10:12:00+00:00,APPS,3.140000104904175,3.140000104904175,3.1600000858306885,3.140000104904175,3.1600000858306885,8086.0
2024-10-25 10:12:00+00:00,ARQQ,7.5,7.5,7.639999866485596,7.5,7.639999866485596,3063.0
2024-10-25 10:12:00+00:00,ARRY,6.420000076293945,6.420000076293945,6.420000076293945,6.410099983215332,6.414999961853027,13314.0
2024-10-25 10:12:00+00:00,ASML,720.5850219726562,720.5850219726562,721.9500122070312,720.2999877929688,721.9450073242188,5550.0
2024-10-25 10:12:00+00:00,AUR,6.49399995803833,6.49399995803833,6.519999980926514,6.489999771118164,6.510000228881836,24515.0
2024-10-25 10:12:00+00:00,AVDX,8.234999656677246,8.234999656677246,8.239999771118164,8.234999656677246,8.239999771118164,1211.0
2024-10-25 10:12:00+00:00,AVGO,175.05990600585938,175.05990600585938,175.37750244140625,174.8699951171875,175.3699951171875,43105.0
2024-10-25 10:12:00+00:00,AVPT,12.100000381469727,12.100000381469727,12.104999542236328,12.100000381469727,12.104999542236328,2297.0
2024-10-25 10:12:00+00:00,AVT,54.7400016784668,54.7400016784668,54.76499938964844,54.7400016784668,54.76499938964844,906.0
2024-10-25 10:12:00+00:00,AXTI,2.6691999435424805,2.6691999435424805,2.6691999435424805,2.6600000858306885,2.6600000858306885,1462.0
2024-10-25 10:12:00+00:00,BAND,17.850000381469727,17.850000381469727,17.850000381469727,17.850000381469727,17.850000381469727,305.0
2024-10-25 10:12:00+00:00,BELFB,78.29000091552734,78.29000091552734,78.29000091552734,78.29000091552734,78.29000091552734,177.0
2024-10-25 10:12:00+00:00,BIGC,5.364999771118164,5.364999771118164,5.364999771118164,5.364999771118164,5.364999771118164,625.0
2024-10-25 10:12:00+00:00,BL,57.45000076293945,57.45000076293945,57.45000076293945,57.45000076293945,57.45000076293945,444.0
2024-10-25 10:12:00+00:00,BLKB,86.42500305175781,86.42500305175781,86.42500305175781,86.42500305175781,86.42500305175781,272.0
2024-10-25 10:12:00+00:00,BMBL,7.269999980926514,7.269999980926514,7.289999961853027,7.269999980926514,7.287099838256836,8183.0
2024-10-25 10:12:00+00:00,BRZE,31.010000228881836,31.010000228881836,31.010000228881836,31.010000228881836,31.010000228881836,591.0
2024-10-25 10:12:00+00:00,BSY,49.505001068115234,49.505001068115234,49.650001525878906,49.5,49.61000061035156,3270.0
2024-10-25 10:12:00+00:00,CAMT,79.04000091552734,79.04000091552734,79.19000244140625,79.04000091552734,79.19000244140625,3028.0
2024-10-25 10:12:00+00:00,CAN,0.9973000288009644,0.9973000288009644,0.9980000257492065,0.9966999888420105,0.9980000257492065,11433.0
2024-10-25 10:12:00+00:00,CDNS,258.19500732421875,258.19500732421875,258.5799865722656,258.19500732421875,258.5799865722656,16832.0
2024-10-25 10:12:00+00:00,CDW,219.91000366210938,219.91000366210938,219.9499969482422,219.91000366210938,219.9499969482422,1586.0
2024-10-25 10:12:00+00:00,CETX,0.29499998688697815,0.29499998688697815,0.29750001430511475,0.29499998688697815,0.2964000105857849,2198.0
2024-10-25 10:12:00+00:00,CFLT,22.519100189208984,22.519100189208984,22.549999237060547,22.5,22.549999237060547,6446.0
2024-10-25 10:12:00+00:00,CGNX,39.345001220703125,39.345001220703125,39.349998474121094,39.314998626708984,39.349998474121094,37313.0
2024-10-25 10:12:00+00:00,CLBT,18.1200008392334,18.1200008392334,18.139999389648438,18.1200008392334,18.121999740600586,1384.0
2024-10-25 10:12:00+00:00,CLSK,11.9399995803833,11.9399995803833,12.045999526977539,11.90999984741211,12.034000396728516,305691.0
2024-10-25 10:12:00+00:00,CNXC,45.209999084472656,45.209999084472656,45.209999084472656,45.209999084472656,45.209999084472656,218.0
2024-10-25 10:12:00+00:00,CNXN,70.93000030517578,70.93000030517578,70.93000030517578,70.8499984741211,70.88999938964844,2879.0
2024-10-25 10:12:00+00:00,COHR,96.69000244140625,96.69000244140625,96.94999694824219,96.69000244140625,96.91000366210938,3718.0
2024-10-25 10:12:00+00:00,COHU,26.18000030517578,26.18000030517578,26.209999084472656,26.18000030517578,26.209999084472656,1132.0
2024-10-25 10:12:00+00:00,COIN,211.93499755859375,211.93499755859375,212.99000549316406,211.7283935546875,212.91000366210938,34548.0
2024-10-25 10:12:00+00:00,COMM,6.465000152587891,6.465000152587891,6.510000228881836,6.465000152587891,6.507999897003174,11172.0
2024-10-25 10:12:00+00:00,CORZ,13.574999809265137,13.574999809265137,13.699999809265137,13.574999809265137,13.699999809265137,13628.0
2024-10-25 10:12:00+00:00,CORZW,8.079999923706055,8.079999923706055,8.079999923706055,8.010000228881836,8.079999923706055,4620.0
2024-10-25 10:12:00+00:00,CRCT,6.5,6.5,6.5,6.5,6.5,395.0
2024-10-25 10:12:00+00:00,CRDO,39.540000915527344,39.540000915527344,39.599998474121094,39.540000915527344,39.599998474121094,4370.0
2024-10-25 10:12:00+00:00,CRNC,2.869999885559082,2.869999885559082,2.869999885559082,2.865000009536743,2.869999885559082,1817.0
2024-10-25 10:12:00+00:00,CRNT,2.4649999141693115,2.4649999141693115,2.4649999141693115,2.4649999141693115,2.4649999141693115,0.0
2024-10-25 10:12:00+00:00,CRSR,6.429999828338623,6.429999828338623,6.429999828338623,6.429999828338623,6.429999828338623,994.0
2024-10-25 10:12:00+00:00,CRUS,122.94000244140625,122.94000244140625,122.94000244140625,122.94000244140625,122.94000244140625,338.0
2024-10-25 10:12:00+00:00,CRWD,308.7049865722656,308.7049865722656,310.0,308.7049865722656,309.9800109863281,11246.0
2024-10-25 10:12:00+00:00,CSCO,56.349998474121094,56.349998474121094,56.3849983215332,56.345001220703125,56.36899948120117,42473.0
2024-10-25 10:12:00+00:00,CSGS,48.099998474121094,48.099998474121094,48.150001525878906,48.099998474121094,48.130001068115234,3406.0
2024-10-25 10:12:00+00:00,CSIQ,13.59000015258789,13.59000015258789,13.729999542236328,13.576000213623047,13.694999694824219,53698.0
2024-10-25 10:12:00+00:00,CTLP,9.079999923706055,9.079999923706055,9.10200023651123,9.069999694824219,9.10200023651123,3617.0
2024-10-25 10:12:00+00:00,CTSH,75.29000091552734,75.29000091552734,75.30999755859375,75.2874984741211,75.29000091552734,4225.0
2024-10-25 10:12:00+00:00,CVLT,135.05999755859375,135.05999755859375,135.05999755859375,135.05999755859375,135.05999755859375,367.0
2024-10-25 10:12:00+00:00,CYBR,296.7799987792969,296.7799987792969,299.409912109375,296.7799987792969,299.409912109375,796.0
2024-10-25 10:12:00+00:00,DAKT,13.220000267028809,13.220000267028809,13.220000267028809,13.220000267028809,13.220000267028809,405.0
2024-10-25 10:12:00+00:00,DATS,1.6699999570846558,1.6699999570846558,1.6699999570846558,1.621500015258789,1.6699999570846558,1336.0
2024-10-25 10:12:00+00:00,DAVE,40.125,40.125,40.125,40.125,40.125,1041.0
2024-10-25 10:12:00+00:00,DBX,26.075000762939453,26.075000762939453,26.09000015258789,26.075000762939453,26.079999923706055,4084.0
2024-10-25 10:12:00+00:00,DDOG,126.91500091552734,126.91500091552734,126.99839782714844,126.88500213623047,126.99839782714844,9213.0
2024-10-25 10:12:00+00:00,DGII,30.03499984741211,30.03499984741211,30.06999969482422,30.020000457763672,30.059999465942383,1454.0
2024-10-25 10:12:00+00:00,DJCO,493.54998779296875,493.54998779296875,493.54998779296875,493.54998779296875,493.54998779296875,10890.0
2024-10-25 10:12:00+00:00,DLO,8.819999694824219,8.819999694824219,8.819999694824219,8.819999694824219,8.819999694824219,477.0
2024-10-25 10:12:00+00:00,DOCU,70.27999877929688,70.27999877929688,70.31999969482422,70.20999908447266,70.2125015258789,11099.0
2024-10-25 10:12:00+00:00,DOMO,8.09000015258789,8.09000015258789,8.09000015258789,8.09000015258789,8.09000015258789,824.0
2024-10-25 10:12:00+00:00,DOX,90.1050033569336,90.1050033569336,90.1050033569336,90.1050033569336,90.1050033569336,875.0
2024-10-25 10:12:00+00:00,DUOL,286.3799133300781,286.3799133300781,286.3799133300781,286.3799133300781,286.3799133300781,1093.0
2024-10-25 10:12:00+00:00,ENPH,81.6780014038086,81.6780014038086,81.80000305175781,81.65499877929688,81.80000305175781,10762.0
2024-10-25 10:12:00+00:00,ENTG,105.19999694824219,105.19999694824219,105.3499984741211,105.19999694824219,105.3499984741211,3486.0
2024-10-25 10:12:00+00:00,ERIC,8.505599975585938,8.505599975585938,8.510000228881836,8.505000114440918,8.510000228881836,11643.0
2024-10-25 10:12:00+00:00,EXLS,39.20000076293945,39.20000076293945,39.20000076293945,39.18000030517578,39.18000030517578,814.0
2024-10-25 10:12:00+00:00,EXTR,14.569999694824219,14.569999694824219,14.574199676513672,14.5649995803833,14.5649995803833,1660.0
2024-10-25 10:12:00+00:00,FARO,17.790000915527344,17.790000915527344,17.790000915527344,17.790000915527344,17.790000915527344,414.0
2024-10-25 10:12:00+00:00,FFIV,216.24000549316406,216.24000549316406,216.5,216.24000549316406,216.41000366210938,2832.0
2024-10-25 10:12:00+00:00,FIVN,30.610000610351562,30.610000610351562,30.649999618530273,30.610000610351562,30.649999618530273,1378.0
2024-10-25 10:12:00+00:00,FLEX,35.43000030517578,35.43000030517578,35.494998931884766,35.400001525878906,35.4900016784668,23377.0
2024-10-25 10:12:00+00:00,FLYW,17.649999618530273,17.649999618530273,17.690000534057617,17.649999618530273,17.690000534057617,3030.0
2024-10-25 10:12:00+00:00,FORM,45.130001068115234,45.130001068115234,45.130001068115234,45.099998474121094,45.119998931884766,4131.0
2024-10-25 10:12:00+00:00,FROG,29.600000381469727,29.600000381469727,29.65999984741211,29.600000381469727,29.65999984741211,2798.0
2024-10-25 10:12:00+00:00,FRSH,11.71500015258789,11.71500015258789,11.739999771118164,11.71500015258789,11.739999771118164,5339.0
2024-10-25 10:12:00+00:00,FSLR,197.99000549316406,197.99000549316406,197.99000549316406,197.64010620117188,197.64010620117188,1888.0
2024-10-25 10:12:00+00:00,FTCI,0.6966000199317932,0.6966000199317932,0.6966000199317932,0.6926000118255615,0.6926000118255615,1480.0
2024-10-25 10:12:00+00:00,FTNT,81.52999877929688,81.52999877929688,81.61000061035156,81.52999877929688,81.5999984741211,4797.0
2024-10-25 10:12:00+00:00,GCT,25.559999465942383,25.559999465942383,25.6200008392334,25.559999465942383,25.594999313354492,3268.0
2024-10-25 10:12:00+00:00,GDS,21.649999618530273,21.649999618530273,21.760000228881836,21.620399475097656,21.760000228881836,5902.0
2024-10-25 10:12:00+00:00,GDYN,15.699999809265137,15.699999809265137,15.699999809265137,15.680000305175781,15.680000305175781,567.0
2024-10-25 10:12:00+00:00,GFS,40.880001068115234,40.880001068115234,40.91999816894531,40.8650016784668,40.91999816894531,2867.0
2024-10-25 10:12:00+00:00,GRAB,4.065000057220459,4.065000057220459,4.079999923706055,4.059999942779541,4.070000171661377,239632.0
2024-10-25 10:12:00+00:00,GRRR,4.659999847412109,4.659999847412109,4.679999828338623,4.659999847412109,4.660999774932861,2380.0
2024-10-25 10:12:00+00:00,GSIT,3.2850000858306885,3.2850000858306885,3.2850000858306885,3.2850000858306885,3.2850000858306885,1000.0
2024-10-25 10:12:00+00:00,GTLB,56.689998626708984,56.689998626708984,56.7599983215332,56.65999984741211,56.7599983215332,3982.0
2024-10-25 10:12:00+00:00,HCP,33.6349983215332,33.6349983215332,33.64500045776367,33.630001068115234,33.64500045776367,4831.0
2024-10-25 10:12:00+00:00,HIMX,6.210000038146973,6.210000038146973,6.21999979019165,6.210000038146973,6.21999979019165,1253.0
2024-10-25 10:12:00+00:00,HLIT,14.800000190734863,14.800000190734863,14.84000015258789,14.800000190734863,14.835000038146973,3676.0
2024-10-25 10:12:00+00:00,HOLO,3.8499999046325684,3.8499999046325684,3.8731000423431396,3.8480000495910645,3.8701000213623047,37903.0
2024-10-25 10:12:00+00:00,HOOD,27.40130043029785,27.40130043029785,27.469999313354492,27.389999389648438,27.459999084472656,45888.0
2024-10-25 10:12:00+00:00,HTCR,1.1100000143051147,1.1100000143051147,1.1100000143051147,1.1100000143051147,1.1100000143051147,38.0
2024-10-25 10:12:00+00:00,ICHR,27.75,27.75,27.809999465942383,27.75,27.809999465942383,865.0
2024-10-25 10:12:00+00:00,IMMR,8.704999923706055,8.704999923706055,8.710000038146973,8.704999923706055,8.710000038146973,4439.0
2024-10-25 10:12:00+00:00,IMXI,17.799999237060547,17.799999237060547,17.799999237060547,17.795000076293945,17.795000076293945,1463.0
2024-10-25 10:12:00+00:00,INDI,3.549999952316284,3.549999952316284,3.559999942779541,3.549999952316284,3.559999942779541,4179.0
2024-10-25 10:12:00+00:00,INFN,6.795000076293945,6.795000076293945,6.800000190734863,6.795000076293945,6.800000190734863,2988.0
2024-10-25 10:12:00+00:00,INOD,20.142000198364258,20.142000198364258,20.142000198364258,20.078899383544922,20.139999389648438,2661.0
2024-10-25 10:12:00+00:00,INTA,50.11000061035156,50.11000061035156,50.11000061035156,50.11000061035156,50.11000061035156,570.0
2024-10-25 10:12:00+00:00,INTC,23.030000686645508,23.030000686645508,23.09000015258789,23.0,23.084999084472656,266711.0
2024-10-25 10:12:00+00:00,INTU,614.6099853515625,614.6099853515625,615.3499755859375,614.5700073242188,615.1749877929688,4712.0
2024-10-25 10:12:00+00:00,IPGP,76.81500244140625,76.81500244140625,77.0,76.81500244140625,77.0,1345.0
2024-10-25 10:12:00+00:00,ITI,7.190000057220459,7.190000057220459,7.190000057220459,7.190000057220459,7.190000057220459,161.0
2024-10-25 10:12:00+00:00,ITRI,103.67500305175781,103.67500305175781,103.67500305175781,103.67500305175781,103.67500305175781,362.0
2024-10-25 10:12:00+00:00,JAMF,16.8700008392334,16.8700008392334,16.8700008392334,16.8700008392334,16.8700008392334,847.0
2024-10-25 10:12:00+00:00,JKHY,185.55999755859375,185.55999755859375,185.55999755859375,185.5399932861328,185.5399932861328,827.0
2024-10-25 10:12:00+00:00,KC,2.7100000381469727,2.7100000381469727,2.7249999046325684,2.7100000381469727,2.7249999046325684,14873.0
2024-10-25 10:12:00+00:00,KLAC,677.389892578125,677.389892578125,678.52001953125,677.389892578125,678.52001953125,3013.0
2024-10-25 10:12:00+00:00,KLIC,44.63999938964844,44.63999938964844,44.63999938964844,44.6150016784668,44.630001068115234,718.0
2024-10-25 10:12:00+00:00,KVHI,4.724999904632568,4.724999904632568,4.724999904632568,4.724999904632568,4.724999904632568,200.0
2024-10-25 10:12:00+00:00,LASR,10.5600004196167,10.5600004196167,10.5600004196167,10.5600004196167,10.5600004196167,1179.0
2024-10-25 10:12:00+00:00,LFUS,257.9700012207031,257.9700012207031,257.9700012207031,257.9700012207031,257.9700012207031,583.0
2024-10-25 10:12:00+00:00,LINK,5.4720001220703125,5.4720001220703125,5.599999904632568,5.389999866485596,5.412499904632568,40147.0
2024-10-25 10:12:00+00:00,LITE,64.73999786376953,64.73999786376953,64.7699966430664,64.70999908447266,64.7699966430664,3018.0
2024-10-25 10:12:00+00:00,LOGI,80.84500122070312,80.84500122070312,80.84500122070312,80.83000183105469,80.83000183105469,426.0
2024-10-25 10:12:00+00:00,LRCX,78.33000183105469,78.33000183105469,78.45999908447266,78.2300033569336,78.39990234375,77578.0
2024-10-25 10:12:00+00:00,LSCC,54.630001068115234,54.630001068115234,54.63999938964844,54.619998931884766,54.63999938964844,1151.0
2024-10-25 10:12:00+00:00,LTRX,4.050000190734863,4.050000190734863,4.050000190734863,4.050000190734863,4.050000190734863,257.0
2024-10-25 10:12:00+00:00,LUNA,1.7400000095367432,1.7400000095367432,1.7400000095367432,1.7400000095367432,1.7400000095367432,220.0
2024-10-25 10:12:00+00:00,LYFT,13.6850004196167,13.6850004196167,13.710000038146973,13.6850004196167,13.710000038146973,35176.0
2024-10-25 10:12:00+00:00,MANH,278.375,278.375,278.375,278.375,278.375,554.0
2024-10-25 10:12:00+00:00,MAXN,5.699999809265137,5.699999809265137,5.699999809265137,5.69379997253418,5.699999809265137,1010.0
2024-10-25 10:12:00+00:00,MCHP,77.1500015258789,77.1500015258789,77.19999694824219,77.0999984741211,77.19000244140625,21189.0
2024-10-25 10:12:00+00:00,MDB,269.1700134277344,269.1700134277344,269.5,269.1700134277344,269.4150085449219,2241.0
2024-10-25 10:12:00+00:00,MIND,3.492000102996826,3.492000102996826,3.492000102996826,3.492000102996826,3.492000102996826,101.0
2024-10-25 10:12:00+00:00,MITK,8.789999961853027,8.789999961853027,8.789999961853027,8.789999961853027,8.789999961853027,591.0
2024-10-25 10:12:00+00:00,MNDY,301.2650146484375,301.2650146484375,302.05499267578125,301.2449951171875,302.05499267578125,3594.0
2024-10-25 10:12:00+00:00,MPWR,919.125,919.125,920.8400268554688,919.125,920.5850219726562,1188.0
2024-10-25 10:12:00+00:00,MQ,5.329999923706055,5.329999923706055,5.335000038146973,5.324999809265137,5.335000038146973,6721.0
2024-10-25 10:12:00+00:00,MRAM,6.150000095367432,6.150000095367432,6.150000095367432,6.139999866485596,6.139999866485596,628.0
2024-10-25 10:12:00+00:00,MRVL,82.9800033569336,82.9800033569336,83.09989929199219,82.87000274658203,83.08000183105469,25971.0
2024-10-25 10:12:00+00:00,MSFT,430.6000061035156,430.6000061035156,431.3399963378906,430.4849853515625,431.07501220703125,71033.0
2024-10-25 10:12:00+00:00,MSTR,240.9423065185547,240.9423065185547,242.75999450683594,240.3699951171875,242.5500030517578,94625.0
2024-10-25 10:12:00+00:00,MTC,0.37540000677108765,0.37540000677108765,0.37560001015663147,0.3718999922275543,0.37549999356269836,6400.0
2024-10-25 10:12:00+00:00,MTSI,119.23999786376953,119.23999786376953,119.5,119.16000366210938,119.5,2655.0
2024-10-25 10:12:00+00:00,MTTR,4.664999961853027,4.664999961853027,4.664999961853027,4.664999961853027,4.664999961853027,225.0
2024-10-25 10:12:00+00:00,MU,108.7699966430664,108.7699966430664,108.9749984741211,108.72000122070312,108.9749984741211,39034.0
2024-10-25 10:12:00+00:00,MVIS,1.1100000143051147,1.1100000143051147,1.1100000143051147,1.1100000143051147,1.1100000143051147,188.0
2024-10-25 10:12:00+00:00,MXL,14.960000038146973,14.960000038146973,15.020000457763672,14.90999984741211,15.0,9098.0
2024-10-25 10:12:00+00:00,NCNO,38.31999969482422,38.31999969482422,38.33000183105469,38.29999923706055,38.33000183105469,5274.0
2024-10-25 10:12:00+00:00,NEON,8.149100303649902,8.149100303649902,8.149999618530273,8.140000343322754,8.140000343322754,1065.0
2024-10-25 10:12:00+00:00,NICE,176.99000549316406,176.99000549316406,176.99000549316406,176.96499633789062,176.96499633789062,921.0
2024-10-25 10:12:00+00:00,NNDM,2.3450000286102295,2.3450000286102295,2.3450000286102295,2.3399999141693115,2.341200113296509,939.0
2024-10-25 10:12:00+00:00,NSIT,212.83999633789062,212.83999633789062,212.83999633789062,212.83999633789062,212.83999633789062,142.0
2024-10-25 10:12:00+00:00,NTAP,119.9000015258789,119.9000015258789,119.94000244140625,119.9000015258789,119.94000244140625,1630.0
2024-10-25 10:12:00+00:00,NTCT,20.709999084472656,20.709999084472656,20.719999313354492,20.65999984741211,20.65999984741211,1987.0
2024-10-25 10:12:00+00:00,NTNX,62.59000015258789,62.59000015258789,62.59000015258789,62.59000015258789,62.59000015258789,453.0
2024-10-25 10:12:00+00:00,NVDA,142.72999572753906,142.72999572753906,142.97999572753906,142.4499969482422,142.96009826660156,1085301.0
2024-10-25 10:12:00+00:00,NVEI,33.525001525878906,33.525001525878906,33.529998779296875,33.525001525878906,33.529998779296875,2005.0
2024-10-25 10:12:00+00:00,NVMI,183.94000244140625,183.94000244140625,183.94000244140625,183.94000244140625,183.94000244140625,177.0
2024-10-25 10:12:00+00:00,NVTS,2.565000057220459,2.565000057220459,2.569999933242798,2.559999942779541,2.569999933242798,2314.0
2024-10-25 10:12:00+00:00,NXPI,243.89999389648438,243.89999389648438,244.46499633789062,243.89999389648438,244.33999633789062,16483.0
2024-10-25 10:12:00+00:00,OKTA,72.9800033569336,72.9800033569336,73.08399963378906,72.9800033569336,73.04000091552734,4405.0
2024-10-25 10:12:00+00:00,OLB,2.259999990463257,2.259999990463257,2.2699999809265137,2.259999990463257,2.259999990463257,868.0
2024-10-25 10:12:00+00:00,ON,72.2300033569336,72.2300033569336,72.51000213623047,72.2300033569336,72.51000213623047,29433.0
2024-10-25 10:12:00+00:00,OSIS,137.52499389648438,137.52499389648438,137.52499389648438,137.52499389648438,137.52499389648438,427.0
2024-10-25 10:12:00+00:00,OSPN,14.75,14.75,14.75,14.75,14.75,565.0
2024-10-25 10:12:00+00:00,OTEX,33.59000015258789,33.59000015258789,33.619998931884766,33.59000015258789,33.619998931884766,2364.0
2024-10-25 10:12:00+00:00,PANW,370.6700134277344,370.6700134277344,371.4200134277344,370.55999755859375,371.3450012207031,12870.0
2024-10-25 10:12:00+00:00,PAYO,8.28499984741211,8.28499984741211,8.289400100708008,8.279999732971191,8.28499984741211,5837.0
2024-10-25 10:12:00+00:00,PDFS,29.40999984741211,29.40999984741211,29.40999984741211,29.40999984741211,29.40999984741211,899.0
2024-10-25 10:12:00+00:00,PEGA,80.7699966430664,80.7699966430664,81.0,80.7300033569336,80.98999786376953,7822.0
2024-10-25 10:12:00+00:00,PEGY,4.700099945068359,4.700099945068359,4.700099945068359,4.700099945068359,4.700099945068359,6274.0
2024-10-25 10:12:00+00:00,PGY,11.890000343322754,11.890000343322754,11.930000305175781,11.890000343322754,11.930000305175781,2152.0
2024-10-25 10:12:00+00:00,PHUN,9.430000305175781,9.430000305175781,9.739999771118164,9.329999923706055,9.70989990234375,416923.0
2024-10-25 10:12:00+00:00,PI,198.96499633789062,198.96499633789062,199.25999450683594,197.7200927734375,199.25999450683594,5223.0
2024-10-25 10:12:00+00:00,PLAB,23.670000076293945,23.670000076293945,23.684999465942383,23.670000076293945,23.684999465942383,1067.0
2024-10-25 10:12:00+00:00,PLXS,144.8800048828125,144.8800048828125,144.9499969482422,144.8800048828125,144.9499969482422,342.0
2024-10-25 10:12:00+00:00,POET,3.9700000286102295,3.9700000286102295,3.9700000286102295,3.9700000286102295,3.9700000286102295,416.0
2024-10-25 10:12:00+00:00,POWI,63.38999938964844,63.38999938964844,63.400001525878906,63.38999938964844,63.400001525878906,999.0
2024-10-25 10:12:00+00:00,PRGS,65.33000183105469,65.33000183105469,65.33000183105469,65.33000183105469,65.33000183105469,1581.0
2024-10-25 10:12:00+00:00,PRST,0.0027000000700354576,0.0027000000700354576,0.0027000000700354576,0.0027000000700354576,0.0027000000700354576,105.0
2024-10-25 10:12:00+00:00,PTC,185.8699951171875,185.8699951171875,185.9600067138672,185.72999572753906,185.91000366210938,1975.0
2024-10-25 10:12:00+00:00,PUBM,15.140000343322754,15.140000343322754,15.140000343322754,15.140000343322754,15.140000343322754,1580.0
2024-10-25 10:12:00+00:00,PYCR,14.479999542236328,14.479999542236328,14.479999542236328,14.479999542236328,14.479999542236328,979.0
2024-10-25 10:12:00+00:00,QCOM,172.1540069580078,172.1540069580078,172.375,172.0800018310547,172.35000610351562,12227.0
2024-10-25 10:12:00+00:00,QLYS,121.5999984741211,121.5999984741211,121.77999877929688,121.5999984741211,121.77999877929688,1383.0
2024-10-25 10:12:00+00:00,QRVO,100.36000061035156,100.36000061035156,100.53500366210938,100.36000061035156,100.47000122070312,5856.0
2024-10-25 10:12:00+00:00,QUBT,1.128999948501587,1.128999948501587,1.128999948501587,1.128999948501587,1.128999948501587,427.0
2024-10-25 10:12:00+00:00,QUIK,8.6899995803833,8.6899995803833,8.6899995803833,8.6899995803833,8.6899995803833,1157.0
2024-10-25 10:12:00+00:00,RCAT,2.759999990463257,2.759999990463257,2.765000104904175,2.759999990463257,2.765000104904175,691.0
2024-10-25 10:12:00+00:00,REKR,1.1050000190734863,1.1050000190734863,1.1050000190734863,1.1050000190734863,1.1050000190734863,0.0
2024-10-25 10:12:00+00:00,RELY,14.789999961853027,14.789999961853027,14.8100004196167,14.789999961853027,14.800000190734863,2446.0
2024-10-25 10:12:00+00:00,RGTI,1.2699999809265137,1.2699999809265137,1.2799999713897705,1.2699999809265137,1.2714999914169312,51618.0
2024-10-25 10:12:00+00:00,RIOT,10.095000267028809,10.095000267028809,10.15999984741211,10.09000015258789,10.149999618530273,82166.0
2024-10-25 10:12:00+00:00,RMBS,42.95000076293945,42.95000076293945,43.09000015258789,42.95000076293945,43.09000015258789,1960.0
2024-10-25 10:12:00+00:00,RMNI,1.7400000095367432,1.7400000095367432,1.7400000095367432,1.7400000095367432,1.7400000095367432,200.0
2024-10-25 10:12:00+00:00,RPAY,7.664999961853027,7.664999961853027,7.690000057220459,7.664999961853027,7.690000057220459,2261.0
2024-10-25 10:12:00+00:00,RPD,39.54499816894531,39.54499816894531,39.54499816894531,39.54499816894531,39.54499816894531,711.0
2024-10-25 10:12:00+00:00,RUM,5.699999809265137,5.699999809265137,5.710000038146973,5.699999809265137,5.7017998695373535,6393.0
2024-10-25 10:12:00+00:00,RUN,14.354999542236328,14.354999542236328,14.385000228881836,14.34000015258789,14.34000015258789,25849.0
2024-10-25 10:12:00+00:00,RXT,2.559999942779541,2.559999942779541,2.559999942779541,2.559999942779541,2.559999942779541,6254.0
2024-10-25 10:12:00+00:00,SANG,5.757900238037109,5.757900238037109,5.757900238037109,5.752099990844727,5.752099990844727,1558.0
2024-10-25 10:12:00+00:00,SANM,67.99500274658203,67.99500274658203,68.12000274658203,67.98999786376953,68.12000274658203,1570.0
2024-10-25 10:12:00+00:00,SATS,25.110000610351562,25.110000610351562,25.110000610351562,25.079999923706055,25.079999923706055,4429.0
2024-10-25 10:12:00+00:00,SCSC,45.665000915527344,45.665000915527344,45.665000915527344,45.630001068115234,45.630001068115234,1262.0
2024-10-25 10:12:00+00:00,SCWX,8.385000228881836,8.385000228881836,8.385000228881836,8.384200096130371,8.384200096130371,2435.0
2024-10-25 10:12:00+00:00,SEDG,15.744999885559082,15.744999885559082,15.84000015258789,15.720000267028809,15.84000015258789,14288.0
2024-10-25 10:12:00+00:00,SHLS,5.224999904632568,5.224999904632568,5.224999904632568,5.21999979019165,5.21999979019165,4050.0
2024-10-25 10:12:00+00:00,SIMO,57.029998779296875,57.029998779296875,57.029998779296875,57.0099983215332,57.0099983215332,1243.0
2024-10-25 10:12:00+00:00,SKYT,10.770000457763672,10.770000457763672,10.770000457763672,10.770000457763672,10.770000457763672,893.0
2024-10-25 10:12:00+00:00,SLAB,114.83000183105469,114.83000183105469,114.83000183105469,114.83000183105469,114.83000183105469,453.0
2024-10-25 10:12:00+00:00,SLNH,4.2032999992370605,4.2032999992370605,4.2032999992370605,4.2032999992370605,4.2032999992370605,2576.0
2024-10-25 10:12:00+00:00,SMCI,47.25199890136719,47.25199890136719,47.369998931884766,47.150001525878906,47.369998931884766,142311.0
2024-10-25 10:12:00+00:00,SMTC,45.685001373291016,45.685001373291016,45.78499984741211,45.685001373291016,45.78499984741211,1465.0
2024-10-25 10:12:00+00:00,SNPS,505.010009765625,505.010009765625,506.239990234375,505.0,506.239990234375,4339.0
2024-10-25 10:12:00+00:00,SOBR,8.100000381469727,8.100000381469727,8.100000381469727,8.100000381469727,8.100000381469727,1235.0
2024-10-25 10:12:00+00:00,SONO,12.859999656677246,12.859999656677246,12.867300033569336,12.824999809265137,12.824999809265137,14045.0
2024-10-25 10:12:00+00:00,SOPA,0.9700000286102295,0.9700000286102295,0.9700000286102295,0.9700000286102295,0.9700000286102295,3712.0
2024-10-25 10:12:00+00:00,SOUN,5.290999889373779,5.290999889373779,5.329999923706055,5.289999961853027,5.326099872589111,79168.0
2024-10-25 10:12:00+00:00,SPSC,184.64999389648438,184.64999389648438,184.64999389648438,184.64999389648438,184.64999389648438,407.0
2024-10-25 10:12:00+00:00,SPT,27.549999237060547,27.549999237060547,27.549999237060547,27.540000915527344,27.540000915527344,984.0
2024-10-25 10:12:00+00:00,SSNC,69.91000366210938,69.91000366210938,69.99500274658203,69.91000366210938,69.99500274658203,16771.0
2024-10-25 10:12:00+00:00,SSYS,7.119999885559082,7.119999885559082,7.119999885559082,7.119999885559082,7.119999885559082,365.0
2024-10-25 10:12:00+00:00,STNE,11.414999961853027,11.414999961853027,11.420000076293945,11.404999732971191,11.414999961853027,11177.0
2024-10-25 10:12:00+00:00,STX,103.73999786376953,103.73999786376953,103.83999633789062,103.72000122070312,103.83999633789062,25323.0
2024-10-25 10:12:00+00:00,SWKS,96.06500244140625,96.06500244140625,96.16000366210938,96.06500244140625,96.12000274658203,7718.0
2024-10-25 10:12:00+00:00,SYNA,73.30000305175781,73.30000305175781,73.30000305175781,73.30000305175781,73.30000305175781,237.0
2024-10-25 10:12:00+00:00,TEAM,191.1999969482422,191.1999969482422,191.72999572753906,191.0500030517578,191.7100067138672,6972.0
2024-10-25 10:12:00+00:00,TENB,41.38999938964844,41.38999938964844,41.38999938964844,41.38999938964844,41.38999938964844,823.0
2024-10-25 10:12:00+00:00,TER,112.0999984741211,112.0999984741211,112.5999984741211,112.06500244140625,112.58999633789062,22915.0
2024-10-25 10:12:00+00:00,TLS,3.630000114440918,3.630000114440918,3.630000114440918,3.630000114440918,3.630000114440918,1677.0
2024-10-25 10:12:00+00:00,TRMB,61.15999984741211,61.15999984741211,61.18000030517578,61.15999984741211,61.18000030517578,1062.0
2024-10-25 10:12:00+00:00,TSEM,45.369998931884766,45.369998931884766,45.380001068115234,45.29999923706055,45.29999923706055,3386.0
2024-10-25 10:12:00+00:00,TTD,120.34500122070312,120.34500122070312,120.61000061035156,120.34500122070312,120.58000183105469,6453.0
2024-10-25 10:12:00+00:00,TTMI,19.549999237060547,19.549999237060547,19.549999237060547,19.549999237060547,19.549999237060547,300.0
2024-10-25 10:12:00+00:00,TWKS,4.454999923706055,4.454999923706055,4.454999923706055,4.440999984741211,4.449999809265137,185238.0
2024-10-25 10:12:00+00:00,TXN,210.2375946044922,210.2375946044922,210.5399932861328,210.22999572753906,210.5399932861328,7226.0
2024-10-25 10:12:00+00:00,UCTT,35.88999938964844,35.88999938964844,36.04999923706055,35.88999938964844,36.04999923706055,2826.0
2024-10-25 10:12:00+00:00,VECO,29.540000915527344,29.540000915527344,29.56999969482422,29.540000915527344,29.56999969482422,2417.0
2024-10-25 10:12:00+00:00,VERI,3.4800000190734863,3.4800000190734863,3.490000009536743,3.4800000190734863,3.490000009536743,1661.0
2024-10-25 10:12:00+00:00,VERX,42.67499923706055,42.67499923706055,42.739898681640625,42.67499923706055,42.6879997253418,2867.0
2024-10-25 10:12:00+00:00,VIAV,9.25,9.25,9.255000114440918,9.25,9.255000114440918,5265.0
2024-10-25 10:12:00+00:00,VICR,47.084999084472656,47.084999084472656,47.09000015258789,47.084999084472656,47.09000015258789,523.0
2024-10-25 10:12:00+00:00,VMEO,4.75,4.75,4.754499912261963,4.75,4.754499912261963,795.0
2024-10-25 10:12:00+00:00,VNET,3.424999952316284,3.424999952316284,3.440000057220459,3.424999952316284,3.440000057220459,1660.0
2024-10-25 10:12:00+00:00,VRNS,57.2400016784668,57.2400016784668,57.349998474121094,57.2400016784668,57.32500076293945,2752.0
2024-10-25 10:12:00+00:00,VRNT,22.21500015258789,22.21500015258789,22.21500015258789,22.1299991607666,22.1299991607666,1614.0
2024-10-25 10:12:00+00:00,VS,2.6898999214172363,2.6898999214172363,2.6898999214172363,2.6898999214172363,2.6898999214172363,0.0
2024-10-25 10:12:00+00:00,VSAT,10.319999694824219,10.319999694824219,10.34000015258789,10.319999694824219,10.34000015258789,2622.0
2024-10-25 10:12:00+00:00,VUZI,1.323699951171875,1.323699951171875,1.323699951171875,1.323699951171875,1.323699951171875,151.0
2024-10-25 10:12:00+00:00,WDAY,241.5,241.5,242.2550048828125,241.5,242.24000549316406,6029.0
2024-10-25 10:12:00+00:00,WDC,71.30999755859375,71.30999755859375,71.51920318603516,71.29000091552734,71.4800033569336,41745.0
2024-10-25 10:12:00+00:00,WISA,1.8300000429153442,1.8300000429153442,1.8300000429153442,1.8200000524520874,1.8200000524520874,1050.0
2024-10-25 10:12:00+00:00,WRAP,1.8899999856948853,1.8899999856948853,1.910099983215332,1.8899999856948853,1.909999966621399,9794.0
2024-10-25 10:12:00+00:00,XPER,9.380000114440918,9.380000114440918,9.380000114440918,9.380000114440918,9.380000114440918,652.0
2024-10-25 10:12:00+00:00,XRX,10.15999984741211,10.15999984741211,10.15999984741211,10.15999984741211,10.15999984741211,913.0
2024-10-25 10:12:00+00:00,ZBRA,365.1099853515625,365.1099853515625,365.1099853515625,365.1099853515625,365.1099853515625,991.0
2024-10-25 10:12:00+00:00,ZI,10.539999961853027,10.539999961853027,10.555000305175781,10.539999961853027,10.553999900817871,1473.0
2024-10-25 10:12:00+00:00,ZM,73.2249984741211,73.2249984741211,73.25,73.21150207519531,73.25,4251.0
2024-10-25 10:12:00+00:00,ZS,187.19039916992188,187.19039916992188,187.5500030517578,187.19039916992188,187.47000122070312,7478.0
2024-10-25 10:13:00+00:00,AAOI,17.559999465942383,17.559999465942383,17.56999969482422,17.549999237060547,17.549999237060547,667.0
2024-10-25 10:13:00+00:00,AAPL,232.05999755859375,232.05999755859375,232.05999755859375,231.8800048828125,231.9499969482422,64959.0
2024-10-25 10:13:00+00:00,ACIW,49.400001525878906,49.400001525878906,49.400001525878906,49.400001525878906,49.400001525878906,568.0
2024-10-25 10:13:00+00:00,ACMR,19.639999389648438,19.639999389648438,19.639999389648438,19.639999389648438,19.639999389648438,524.0
2024-10-25 10:13:00+00:00,ADBE,487.6499938964844,487.6499938964844,487.6499938964844,486.81500244140625,486.81500244140625,4024.0
2024-10-25 10:13:00+00:00,ADI,234.32000732421875,234.32000732421875,234.32000732421875,234.02999877929688,234.28140258789062,4284.0
2024-10-25 10:13:00+00:00,ADSK,288.3699951171875,288.3699951171875,288.3800048828125,288.239990234375,288.239990234375,2315.0
2024-10-25 10:13:00+00:00,AEHR,16.226699829101562,16.226699829101562,16.229999542236328,16.225900650024414,16.229999542236328,1401.0
2024-10-25 10:13:00+00:00,AFRM,42.04999923706055,42.04999923706055,42.06999969482422,41.95000076293945,41.95989990234375,11720.0
2024-10-25 10:13:00+00:00,AKTS,0.0568000003695488,0.0568000003695488,0.0568000003695488,0.0568000003695488,0.0568000003695488,173852.0
2024-10-25 10:13:00+00:00,ALGM,22.489999771118164,22.489999771118164,22.489999771118164,22.469999313354492,22.469999313354492,4954.0
2024-10-25 10:13:00+00:00,ALKT,38.2599983215332,38.2599983215332,38.2599983215332,38.2599983215332,38.2599983215332,301.0
2024-10-25 10:13:00+00:00,ALLT,3.450000047683716,3.450000047683716,3.450000047683716,3.450000047683716,3.450000047683716,1538.0
2024-10-25 10:13:00+00:00,ALTR,105.83499908447266,105.83499908447266,105.8499984741211,105.62000274658203,105.82499694824219,964.0
2024-10-25 10:13:00+00:00,AMAT,188.52999877929688,188.52999877929688,188.52999877929688,188.1750030517578,188.19000244140625,6834.0
2024-10-25 10:13:00+00:00,AMD,158.36000061035156,158.36000061035156,158.4799041748047,158.28750610351562,158.32659912109375,85846.0
2024-10-25 10:13:00+00:00,AMKR,29.8799991607666,29.8799991607666,29.8799991607666,29.850000381469727,29.850000381469727,2078.0
2024-10-25 10:13:00+00:00,ANSS,326.32000732421875,326.32000732421875,326.32000732421875,326.32000732421875,326.32000732421875,787.0
2024-10-25 10:13:00+00:00,AOSL,36.47999954223633,36.47999954223633,36.47999954223633,36.47999954223633,36.47999954223633,291.0
2024-10-25 10:13:00+00:00,APCX,0.7300000190734863,0.7300000190734863,0.7300999760627747,0.7300000190734863,0.7300999760627747,405.0
2024-10-25 10:13:00+00:00,API,2.6549999713897705,2.6549999713897705,2.6549999713897705,2.6549999713897705,2.6549999713897705,1650.0
2024-10-25 10:13:00+00:00,APP,163.11000061035156,163.11000061035156,163.1300048828125,162.6300048828125,162.64999389648438,7326.0
2024-10-25 10:13:00+00:00,APPS,3.1498000621795654,3.1498000621795654,3.1498000621795654,3.1498000621795654,3.1498000621795654,1502.0
2024-10-25 10:13:00+00:00,ARBE,1.9011000394821167,1.9011000394821167,1.9062999486923218,1.9011000394821167,1.9062999486923218,308.0
2024-10-25 10:13:00+00:00,ARRY,6.429999828338623,6.429999828338623,6.434999942779541,6.420000076293945,6.420000076293945,17229.0
2024-10-25 10:13:00+00:00,ASML,722.0,722.0,722.1199951171875,721.4298706054688,721.4298706054688,6783.0
2024-10-25 10:13:00+00:00,ATOM,3.319999933242798,3.319999933242798,3.319999933242798,3.319999933242798,3.319999933242798,1115.0
2024-10-25 10:13:00+00:00,AUR,6.525000095367432,6.525000095367432,6.525000095367432,6.489999771118164,6.494999885559082,21901.0
2024-10-25 10:13:00+00:00,AVDX,8.229999542236328,8.229999542236328,8.234999656677246,8.229999542236328,8.234999656677246,2212.0
2024-10-25 10:13:00+00:00,AVGO,175.25,175.25,175.39999389648438,174.97940063476562,175.0,30122.0
2024-10-25 10:13:00+00:00,BASE,16.479999542236328,16.479999542236328,16.479999542236328,16.479999542236328,16.479999542236328,457.0
2024-10-25 10:13:00+00:00,BELFB,78.05999755859375,78.05999755859375,78.05999755859375,78.05999755859375,78.05999755859375,211.0
2024-10-25 10:13:00+00:00,BIGC,5.375,5.375,5.380000114440918,5.369999885559082,5.369999885559082,3271.0
2024-10-25 10:13:00+00:00,BLZE,7.239999771118164,7.239999771118164,7.239999771118164,7.239999771118164,7.239999771118164,945.0
2024-10-25 10:13:00+00:00,BMBL,7.269999980926514,7.269999980926514,7.275000095367432,7.269999980926514,7.269999980926514,1244.0
2024-10-25 10:13:00+00:00,BSY,49.52000045776367,49.52000045776367,49.525001525878906,49.52000045776367,49.525001525878906,494.0
2024-10-25 10:13:00+00:00,CAN,0.9973999857902527,0.9973999857902527,0.9973999857902527,0.9966999888420105,0.9966999888420105,2918.0
2024-10-25 10:13:00+00:00,CDNS,258.67498779296875,258.67498779296875,258.67498779296875,258.1000061035156,258.1600036621094,10115.0
2024-10-25 10:13:00+00:00,CETX,0.29499998688697815,0.29499998688697815,0.29649999737739563,0.29499998688697815,0.29649999737739563,8548.0
2024-10-25 10:13:00+00:00,CEVA,24.229999542236328,24.229999542236328,24.229999542236328,24.229999542236328,24.229999542236328,544.0
2024-10-25 10:13:00+00:00,CFLT,22.579999923706055,22.579999923706055,22.579999923706055,22.520000457763672,22.520000457763672,2894.0
2024-10-25 10:13:00+00:00,CGNX,39.349998474121094,39.349998474121094,39.36000061035156,39.345001220703125,39.345001220703125,1534.0
2024-10-25 10:13:00+00:00,CHKP,207.5399932861328,207.5399932861328,207.66000366210938,207.5399932861328,207.5500030517578,2328.0
2024-10-25 10:13:00+00:00,CLBT,18.170000076293945,18.170000076293945,18.170000076293945,18.155000686645508,18.155000686645508,347.0
2024-10-25 10:13:00+00:00,CLSK,11.90999984741211,11.90999984741211,11.975000381469727,11.90999984741211,11.9399995803833,79207.0
2024-10-25 10:13:00+00:00,CNDT,3.700000047683716,3.700000047683716,3.700000047683716,3.700000047683716,3.700000047683716,746.0
2024-10-25 10:13:00+00:00,CNXC,45.119998931884766,45.119998931884766,45.209999084472656,45.119998931884766,45.209999084472656,1348.0
2024-10-25 10:13:00+00:00,COHR,96.79000091552734,96.79000091552734,96.83000183105469,96.72000122070312,96.72000122070312,2300.0
2024-10-25 10:13:00+00:00,COHU,26.200000762939453,26.200000762939453,26.209999084472656,26.200000762939453,26.209999084472656,702.0
2024-10-25 10:13:00+00:00,COIN,212.58360290527344,212.58360290527344,212.67999267578125,211.74000549316406,211.93499755859375,19648.0
2024-10-25 10:13:00+00:00,COMM,6.440000057220459,6.440000057220459,6.46999979019165,6.440000057220459,6.46999979019165,9931.0
2024-10-25 10:13:00+00:00,CORZ,13.604999542236328,13.604999542236328,13.630000114440918,13.569999694824219,13.569999694824219,16003.0
2024-10-25 10:13:00+00:00,CPTN,3.140000104904175,3.140000104904175,3.140000104904175,3.140000104904175,3.140000104904175,397.0
2024-10-25 10:13:00+00:00,CRDO,39.560001373291016,39.560001373291016,39.56999969482422,39.53499984741211,39.53919982910156,2755.0
2024-10-25 10:13:00+00:00,CRNC,2.869999885559082,2.869999885559082,2.869999885559082,2.8615000247955322,2.865000009536743,2100.0
2024-10-25 10:13:00+00:00,CRNT,2.4649999141693115,2.4649999141693115,2.4649999141693115,2.4649999141693115,2.4649999141693115,100.0
2024-10-25 10:13:00+00:00,CRUS,122.91200256347656,122.91200256347656,122.99500274658203,122.66000366210938,122.98999786376953,1970.0
2024-10-25 10:13:00+00:00,CRWD,309.81500244140625,309.81500244140625,309.81500244140625,309.0799865722656,309.0799865722656,4147.0
2024-10-25 10:13:00+00:00,CSCO,56.380001068115234,56.380001068115234,56.380001068115234,56.345001220703125,56.345001220703125,15189.0
2024-10-25 10:13:00+00:00,CSIQ,13.618499755859375,13.618499755859375,13.618499755859375,13.579999923706055,13.579999923706055,9617.0
2024-10-25 10:13:00+00:00,CTSH,75.30999755859375,75.30999755859375,75.31999969482422,75.29000091552734,75.29000091552734,4013.0
2024-10-25 10:13:00+00:00,CVLT,135.0800018310547,135.0800018310547,135.0800018310547,135.0800018310547,135.0800018310547,451.0
2024-10-25 10:13:00+00:00,DAKT,13.239999771118164,13.239999771118164,13.239999771118164,13.239999771118164,13.239999771118164,1083.0
2024-10-25 10:13:00+00:00,DATS,1.6449999809265137,1.6449999809265137,1.6449999809265137,1.6449999809265137,1.6449999809265137,1600.0
2024-10-25 10:13:00+00:00,DBX,26.104999542236328,26.104999542236328,26.104999542236328,26.079999923706055,26.079999923706055,2379.0
2024-10-25 10:13:00+00:00,DDOG,126.97250366210938,126.97250366210938,127.05000305175781,126.91500091552734,126.91500091552734,13099.0
2024-10-25 10:13:00+00:00,DLO,8.8100004196167,8.8100004196167,8.8149995803833,8.8100004196167,8.8149995803833,1973.0
2024-10-25 10:13:00+00:00,DOCU,70.44000244140625,70.44000244140625,70.44000244140625,70.29000091552734,70.30999755859375,2001.0
2024-10-25 10:13:00+00:00,DOMO,8.030099868774414,8.030099868774414,8.030099868774414,8.030099868774414,8.030099868774414,2361.0
2024-10-25 10:13:00+00:00,DOX,90.11000061035156,90.11000061035156,90.11000061035156,90.11000061035156,90.11000061035156,112.0
2024-10-25 10:13:00+00:00,DSGX,105.26000213623047,105.26000213623047,105.26000213623047,105.26000213623047,105.26000213623047,159.0
2024-10-25 10:13:00+00:00,DTSS,2.4056999683380127,2.4056999683380127,2.424999952316284,2.4056999683380127,2.424999952316284,362.0
2024-10-25 10:13:00+00:00,DUOL,285.4750061035156,285.4750061035156,285.4750061035156,285.4750061035156,285.4750061035156,1226.0
2024-10-25 10:13:00+00:00,ENPH,81.76100158691406,81.76100158691406,81.76100158691406,81.61979675292969,81.6500015258789,4872.0
2024-10-25 10:13:00+00:00,ENTG,105.19999694824219,105.19999694824219,105.19999694824219,105.01000213623047,105.01000213623047,1268.0
2024-10-25 10:13:00+00:00,ERIC,8.500100135803223,8.500100135803223,8.509900093078613,8.5,8.505000114440918,66909.0
2024-10-25 10:13:00+00:00,EVCM,10.59000015258789,10.59000015258789,10.59000015258789,10.59000015258789,10.59000015258789,105.0
2024-10-25 10:13:00+00:00,EXLS,39.18000030517578,39.18000030517578,39.18000030517578,39.18000030517578,39.18000030517578,301.0
2024-10-25 10:13:00+00:00,EXTR,14.5649995803833,14.5649995803833,14.5649995803833,14.5649995803833,14.5649995803833,201.0
2024-10-25 10:13:00+00:00,FFIV,216.36000061035156,216.36000061035156,216.36000061035156,216.36000061035156,216.36000061035156,1683.0
2024-10-25 10:13:00+00:00,FIVN,30.690000534057617,30.690000534057617,30.690000534057617,30.610000610351562,30.610000610351562,7047.0
2024-10-25 10:13:00+00:00,FLEX,35.503299713134766,35.503299713134766,35.503299713134766,35.44499969482422,35.44499969482422,4594.0
2024-10-25 10:13:00+00:00,FLYW,17.639999389648438,17.639999389648438,17.639999389648438,17.639999389648438,17.639999389648438,931.0
2024-10-25 10:13:00+00:00,FORM,45.119998931884766,45.119998931884766,45.119998931884766,45.119998931884766,45.119998931884766,4757.0
2024-10-25 10:13:00+00:00,FROG,29.600000381469727,29.600000381469727,29.604999542236328,29.579999923706055,29.579999923706055,925.0
2024-10-25 10:13:00+00:00,FRSH,11.734999656677246,11.734999656677246,11.734999656677246,11.71500015258789,11.71500015258789,2492.0
2024-10-25 10:13:00+00:00,FSLR,198.22000122070312,198.22000122070312,198.22000122070312,197.9499969482422,197.9499969482422,6783.0
2024-10-25 10:13:00+00:00,FTCI,0.6991999745368958,0.6991999745368958,0.6991999745368958,0.6991999745368958,0.6991999745368958,416.0
2024-10-25 10:13:00+00:00,FTNT,81.5999984741211,81.5999984741211,81.5999984741211,81.52999877929688,81.52999877929688,5049.0
2024-10-25 10:13:00+00:00,GCT,25.524999618530273,25.524999618530273,25.524999618530273,25.510000228881836,25.510000228881836,1646.0
2024-10-25 10:13:00+00:00,GDS,21.81999969482422,21.81999969482422,21.81999969482422,21.649999618530273,21.649999618530273,20793.0
2024-10-25 10:13:00+00:00,GDYN,15.779999732971191,15.779999732971191,15.800000190734863,15.729999542236328,15.729999542236328,6567.0
2024-10-25 10:13:00+00:00,GFS,40.939998626708984,40.939998626708984,40.939998626708984,40.904998779296875,40.90999984741211,2323.0
2024-10-25 10:13:00+00:00,GPRO,1.3264000415802002,1.3264000415802002,1.3300000429153442,1.3264000415802002,1.3300000429153442,3238.0
2024-10-25 10:13:00+00:00,GRAB,4.059999942779541,4.059999942779541,4.069900035858154,4.059999942779541,4.069900035858154,25542.0
2024-10-25 10:13:00+00:00,GRRR,4.673999786376953,4.673999786376953,4.673999786376953,4.664000034332275,4.664000034332275,972.0
2024-10-25 10:13:00+00:00,GSIT,3.2899999618530273,3.2899999618530273,3.2899999618530273,3.2899999618530273,3.2899999618530273,0.0
2024-10-25 10:13:00+00:00,GTLB,56.66299819946289,56.66299819946289,56.66299819946289,56.59000015258789,56.59000015258789,3423.0
2024-10-25 10:13:00+00:00,HCP,33.67499923706055,33.67499923706055,33.67499923706055,33.6349983215332,33.6349983215332,57403.0
2024-10-25 10:13:00+00:00,HIMX,6.204999923706055,6.204999923706055,6.204999923706055,6.195000171661377,6.195000171661377,4553.0
2024-10-25 10:13:00+00:00,HLIT,14.800000190734863,14.800000190734863,14.800000190734863,14.800000190734863,14.800000190734863,1177.0
2024-10-25 10:13:00+00:00,HOLO,3.8399999141693115,3.8399999141693115,3.859999895095825,3.8399999141693115,3.8580000400543213,3958.0
2024-10-25 10:13:00+00:00,HOOD,27.450000762939453,27.450000762939453,27.46500015258789,27.40999984741211,27.40999984741211,16499.0
2024-10-25 10:13:00+00:00,HTCR,1.1200000047683716,1.1200000047683716,1.1200000047683716,1.1200000047683716,1.1200000047683716,2000.0
2024-10-25 10:13:00+00:00,IMMR,8.704999923706055,8.704999923706055,8.704999923706055,8.704999923706055,8.704999923706055,3927.0
2024-10-25 10:13:00+00:00,IMTE,1.600000023841858,1.600000023841858,1.600000023841858,1.600000023841858,1.600000023841858,305.0
2024-10-25 10:13:00+00:00,INDI,3.549999952316284,3.549999952316284,3.549999952316284,3.5450000762939453,3.5450000762939453,2921.0
2024-10-25 10:13:00+00:00,INTC,23.065000534057617,23.065000534057617,23.065000534057617,23.0,23.024999618530273,175789.0
2024-10-25 10:13:00+00:00,INTU,615.260009765625,615.260009765625,615.260009765625,615.260009765625,615.260009765625,232.0
2024-10-25 10:13:00+00:00,ITI,7.190000057220459,7.190000057220459,7.190000057220459,7.190000057220459,7.190000057220459,508.0
2024-10-25 10:13:00+00:00,ITRI,103.69000244140625,103.69000244140625,103.69000244140625,103.69000244140625,103.69000244140625,918.0
2024-10-25 10:13:00+00:00,ITRN,27.100000381469727,27.100000381469727,27.100000381469727,27.100000381469727,27.100000381469727,487.0
2024-10-25 10:13:00+00:00,JAMF,16.889999389648438,16.889999389648438,16.889999389648438,16.8799991607666,16.8799991607666,2001.0
2024-10-25 10:13:00+00:00,JKHY,185.24000549316406,185.24000549316406,185.24000549316406,185.24000549316406,185.24000549316406,180.0
2024-10-25 10:13:00+00:00,KC,2.7049999237060547,2.7049999237060547,2.7100000381469727,2.700000047683716,2.7049999237060547,14599.0
2024-10-25 10:13:00+00:00,KLAC,678.6199951171875,678.6199951171875,678.6199951171875,677.2100830078125,677.3599853515625,2532.0
2024-10-25 10:13:00+00:00,KLIC,44.63999938964844,44.63999938964844,44.63999938964844,44.63999938964844,44.63999938964844,301.0
2024-10-25 10:13:00+00:00,KOPN,0.7660999894142151,0.7660999894142151,0.7660999894142151,0.7660999894142151,0.7660999894142151,1555.0
2024-10-25 10:13:00+00:00,LASR,10.539999961853027,10.539999961853027,10.539999961853027,10.539999961853027,10.539999961853027,771.0
2024-10-25 10:13:00+00:00,LINK,5.409999847412109,5.409999847412109,5.518599987030029,5.100100040435791,5.429999828338623,92940.0
2024-10-25 10:13:00+00:00,LITE,64.74500274658203,64.74500274658203,64.74500274658203,64.73999786376953,64.73999786376953,451.0
2024-10-25 10:13:00+00:00,LOGI,80.8499984741211,80.8499984741211,80.87000274658203,80.8499984741211,80.8499984741211,1548.0
2024-10-25 10:13:00+00:00,LPSN,1.215000033378601,1.215000033378601,1.215000033378601,1.215000033378601,1.215000033378601,0.0
2024-10-25 10:13:00+00:00,LRCX,78.4000015258789,78.4000015258789,78.4384994506836,78.30000305175781,78.33399963378906,24622.0
2024-10-25 10:13:00+00:00,LSCC,54.66999816894531,54.66999816894531,54.66999816894531,54.630001068115234,54.63999938964844,1427.0
2024-10-25 10:13:00+00:00,LYFT,13.720000267028809,13.720000267028809,13.720000267028809,13.6850004196167,13.6850004196167,10637.0
2024-10-25 10:13:00+00:00,LYTS,16.40999984741211,16.40999984741211,16.40999984741211,16.40999984741211,16.40999984741211,270.0
2024-10-25 10:13:00+00:00,MCHP,77.29000091552734,77.29000091552734,77.30500030517578,77.11000061035156,77.16000366210938,10271.0
2024-10-25 10:13:00+00:00,MDB,269.9750061035156,269.9750061035156,270.0899963378906,269.389892578125,269.389892578125,4786.0
2024-10-25 10:13:00+00:00,MIND,3.5,3.5,3.5,3.5,3.5,3200.0
2024-10-25 10:13:00+00:00,MNDY,301.260009765625,301.260009765625,301.55999755859375,301.260009765625,301.260009765625,682.0
2024-10-25 10:13:00+00:00,MPWR,918.3599853515625,918.3599853515625,918.3599853515625,918.3599853515625,918.3599853515625,476.0
2024-10-25 10:13:00+00:00,MQ,5.324999809265137,5.324999809265137,5.324999809265137,5.324999809265137,5.324999809265137,940.0
2024-10-25 10:13:00+00:00,MRAM,6.171000003814697,6.171000003814697,6.171000003814697,6.171000003814697,6.171000003814697,519.0
2024-10-25 10:13:00+00:00,MRVL,83.07499694824219,83.07499694824219,83.11000061035156,82.88999938964844,82.93000030517578,10347.0
2024-10-25 10:13:00+00:00,MSFT,430.760009765625,430.760009765625,430.94000244140625,430.5700988769531,430.6099853515625,30429.0
2024-10-25 10:13:00+00:00,MSTR,241.19009399414062,241.19009399414062,242.5,241.19009399414062,241.3300018310547,45176.0
2024-10-25 10:13:00+00:00,MTC,0.37540000677108765,0.37540000677108765,0.37540000677108765,0.37540000677108765,0.37540000677108765,383.0
2024-10-25 10:13:00+00:00,MTLS,6.019999980926514,6.019999980926514,6.019999980926514,6.019999980926514,6.019999980926514,179.0
2024-10-25 10:13:00+00:00,MTSI,119.05000305175781,119.05000305175781,119.05000305175781,119.0,119.01000213623047,1852.0
2024-10-25 10:13:00+00:00,MTTR,4.664999961853027,4.664999961853027,4.664999961853027,4.664999961853027,4.664999961853027,180.0
2024-10-25 10:13:00+00:00,MU,109.0199966430664,109.0199966430664,109.04989624023438,108.71009826660156,108.77999877929688,55594.0
2024-10-25 10:13:00+00:00,MVIS,1.1050000190734863,1.1050000190734863,1.1050000190734863,1.1050000190734863,1.1050000190734863,2808.0
2024-10-25 10:13:00+00:00,MXL,14.979999542236328,14.979999542236328,15.010000228881836,14.96500015258789,14.96500015258789,5133.0
2024-10-25 10:13:00+00:00,NCNO,38.31999969482422,38.31999969482422,38.33940124511719,38.31999969482422,38.33940124511719,396.0
2024-10-25 10:13:00+00:00,NEON,8.08240032196045,8.08240032196045,8.08240032196045,8.08240032196045,8.08240032196045,672.0
2024-10-25 10:13:00+00:00,NNDM,2.3450000286102295,2.3450000286102295,2.3450000286102295,2.3450000286102295,2.3450000286102295,332.0
2024-10-25 10:13:00+00:00,NTAP,119.91000366210938,119.91000366210938,119.91000366210938,119.86000061035156,119.86000061035156,1462.0
2024-10-25 10:13:00+00:00,NTCT,20.709999084472656,20.709999084472656,20.709999084472656,20.709999084472656,20.709999084472656,962.0
2024-10-25 10:13:00+00:00,NTNX,62.70000076293945,62.70000076293945,62.70000076293945,62.650001525878906,62.650001525878906,912.0
2024-10-25 10:13:00+00:00,NVDA,142.8800048828125,142.8800048828125,142.88999938964844,142.64999389648438,142.71499633789062,683527.0
2024-10-25 10:13:00+00:00,NVEI,33.525001525878906,33.525001525878906,33.525001525878906,33.52000045776367,33.52000045776367,215.0
2024-10-25 10:13:00+00:00,NVTS,2.569999933242798,2.569999933242798,2.569999933242798,2.559999942779541,2.565000057220459,725.0
2024-10-25 10:13:00+00:00,NXPI,244.13499450683594,244.13499450683594,244.16000366210938,243.85000610351562,243.96499633789062,8680.0
2024-10-25 10:13:00+00:00,OKTA,73.01000213623047,73.01000213623047,73.03500366210938,72.98999786376953,72.98999786376953,2134.0
2024-10-25 10:13:00+00:00,OLB,2.25,2.25,2.25,2.25,2.25,814.0
2024-10-25 10:13:00+00:00,OLED,204.32000732421875,204.32000732421875,204.32000732421875,204.02000427246094,204.02000427246094,1162.0
2024-10-25 10:13:00+00:00,ON,72.25,72.25,72.2699966430664,72.13999938964844,72.23999786376953,25015.0
2024-10-25 10:13:00+00:00,ONDS,0.8949000239372253,0.8949000239372253,0.8949000239372253,0.8949000239372253,0.8949000239372253,1110.0
2024-10-25 10:13:00+00:00,OSIS,137.52499389648438,137.52499389648438,137.52499389648438,137.52499389648438,137.52499389648438,1383.0
2024-10-25 10:13:00+00:00,OSPN,14.779999732971191,14.779999732971191,14.779999732971191,14.779999732971191,14.779999732971191,804.0
2024-10-25 10:13:00+00:00,OTEX,33.61000061035156,33.61000061035156,33.61000061035156,33.595001220703125,33.595001220703125,1021.0
2024-10-25 10:13:00+00:00,PANW,370.8999938964844,370.8999938964844,370.92999267578125,370.6700134277344,370.6700134277344,5448.0
2024-10-25 10:13:00+00:00,PAYO,8.28499984741211,8.28499984741211,8.287500381469727,8.280099868774414,8.280099868774414,4521.0
2024-10-25 10:13:00+00:00,PAYS,3.7850000858306885,3.7850000858306885,3.7850000858306885,3.7850000858306885,3.7850000858306885,363.0
2024-10-25 10:13:00+00:00,PDFS,29.399999618530273,29.399999618530273,29.399999618530273,29.399999618530273,29.399999618530273,635.0
2024-10-25 10:13:00+00:00,PEGA,80.8499984741211,80.8499984741211,80.8499984741211,80.76499938964844,80.76499938964844,1138.0
2024-10-25 10:13:00+00:00,PGY,11.875,11.875,11.875,11.875,11.875,220.0
2024-10-25 10:13:00+00:00,PHUN,9.444999694824219,9.444999694824219,9.539999961853027,9.421199798583984,9.4350004196167,183404.0
2024-10-25 10:13:00+00:00,PI,199.47999572753906,199.47999572753906,199.47999572753906,198.89500427246094,198.96499633789062,2102.0
2024-10-25 10:13:00+00:00,PLXS,144.8800048828125,144.8800048828125,144.8800048828125,144.8800048828125,144.8800048828125,1920.0
2024-10-25 10:13:00+00:00,PTC,185.77499389648438,185.77499389648438,185.8699951171875,185.77499389648438,185.86000061035156,675.0
2024-10-25 10:13:00+00:00,QCOM,172.31080627441406,172.31080627441406,172.3800048828125,172.19500732421875,172.2100067138672,10704.0
2024-10-25 10:13:00+00:00,QRVO,100.44000244140625,100.44000244140625,100.44000244140625,100.31999969482422,100.31999969482422,4397.0
2024-10-25 10:13:00+00:00,QUBT,1.125,1.125,1.1298999786376953,1.125,1.125,665.0
2024-10-25 10:13:00+00:00,RCAT,2.755000114440918,2.755000114440918,2.7553000450134277,2.755000114440918,2.7553000450134277,398.0
2024-10-25 10:13:00+00:00,REKR,1.1050000190734863,1.1050000190734863,1.1098999977111816,1.1050000190734863,1.1098999977111816,1600.0
2024-10-25 10:13:00+00:00,RELY,14.829999923706055,14.829999923706055,14.829999923706055,14.789999961853027,14.789999961853027,1583.0
2024-10-25 10:13:00+00:00,RGTI,1.2798999547958374,1.2798999547958374,1.2799999713897705,1.2610000371932983,1.2610000371932983,21349.0
2024-10-25 10:13:00+00:00,RIOT,10.09000015258789,10.09000015258789,10.130000114440918,10.09000015258789,10.100000381469727,86002.0
2024-10-25 10:13:00+00:00,RMBS,43.0,43.0,43.0,42.9900016784668,42.9900016784668,1287.0
2024-10-25 10:13:00+00:00,RMNI,1.7300000190734863,1.7300000190734863,1.7300000190734863,1.7300000190734863,1.7300000190734863,10.0
2024-10-25 10:13:00+00:00,RPAY,7.659999847412109,7.659999847412109,7.664999961853027,7.659999847412109,7.662899971008301,463.0
2024-10-25 10:13:00+00:00,RUM,5.690100193023682,5.690100193023682,5.699999809265137,5.684999942779541,5.699900150299072,11330.0
2024-10-25 10:13:00+00:00,RUN,14.380000114440918,14.380000114440918,14.380000114440918,14.34000015258789,14.354999542236328,30204.0
2024-10-25 10:13:00+00:00,SANM,68.07099914550781,68.07099914550781,68.1500015258789,67.99500274658203,67.99500274658203,994.0
2024-10-25 10:13:00+00:00,SATS,25.1200008392334,25.1200008392334,25.1299991607666,25.100000381469727,25.110000610351562,3220.0
2024-10-25 10:13:00+00:00,SEDG,15.819999694824219,15.819999694824219,15.84000015258789,15.720000267028809,15.75,23358.0
2024-10-25 10:13:00+00:00,SGMA,2.872499942779541,2.872499942779541,2.872499942779541,2.872499942779541,2.872499942779541,0.0
2024-10-25 10:13:00+00:00,SHLS,5.224999904632568,5.224999904632568,5.224999904632568,5.223999977111816,5.224999904632568,1186.0
2024-10-25 10:13:00+00:00,SMCI,47.327701568603516,47.327701568603516,47.369998931884766,47.259300231933594,47.259300231933594,52146.0
2024-10-25 10:13:00+00:00,SMTC,45.67499923706055,45.67499923706055,45.67499923706055,45.67499923706055,45.67499923706055,170.0
2024-10-25 10:13:00+00:00,SNCR,10.827300071716309,10.827300071716309,10.827300071716309,10.827300071716309,10.827300071716309,1508.0
2024-10-25 10:13:00+00:00,SNPS,505.5574951171875,505.5574951171875,505.5574951171875,504.8599853515625,504.8599853515625,2584.0
2024-10-25 10:13:00+00:00,SONO,12.866600036621094,12.866600036621094,12.869999885559082,12.866600036621094,12.869999885559082,1106.0
2024-10-25 10:13:00+00:00,SOUN,5.315999984741211,5.315999984741211,5.320000171661377,5.300000190734863,5.300000190734863,38377.0
2024-10-25 10:13:00+00:00,SRAD,12.399999618530273,12.399999618530273,12.40999984741211,12.399999618530273,12.40999984741211,1043.0
2024-10-25 10:13:00+00:00,SSNC,69.88999938964844,69.88999938964844,69.91500091552734,69.80999755859375,69.9000015258789,21850.0
2024-10-25 10:13:00+00:00,STNE,11.416000366210938,11.416000366210938,11.420000076293945,11.414999961853027,11.414999961853027,3924.0
2024-10-25 10:13:00+00:00,STX,104.0199966430664,104.0199966430664,104.0199966430664,103.73500061035156,103.73999786376953,14059.0
2024-10-25 10:13:00+00:00,SURG,1.7200000286102295,1.7200000286102295,1.7200000286102295,1.7200000286102295,1.7200000286102295,262.0
2024-10-25 10:13:00+00:00,SWKS,96.01000213623047,96.01000213623047,96.01000213623047,96.0,96.0,1711.0
2024-10-25 10:13:00+00:00,SYTA,1.1902999877929688,1.1902999877929688,1.1999000310897827,1.190000057220459,1.190000057220459,6448.0
2024-10-25 10:13:00+00:00,TEAM,191.46499633789062,191.46499633789062,191.52999877929688,191.16000366210938,191.1999969482422,10319.0
2024-10-25 10:13:00+00:00,TENB,41.375,41.375,41.3849983215332,41.375,41.380001068115234,529.0
2024-10-25 10:13:00+00:00,TER,112.31999969482422,112.31999969482422,112.31999969482422,112.05000305175781,112.07499694824219,8825.0
2024-10-25 10:13:00+00:00,TSAT,13.3125,13.3125,13.3125,13.3125,13.3125,1588.0
2024-10-25 10:13:00+00:00,TTD,120.30000305175781,120.30000305175781,120.56999969482422,120.30000305175781,120.34500122070312,6467.0
2024-10-25 10:13:00+00:00,TTMI,19.520000457763672,19.520000457763672,19.540000915527344,19.520000457763672,19.540000915527344,210.0
2024-10-25 10:13:00+00:00,TWKS,4.454999923706055,4.454999923706055,4.454999923706055,4.454999923706055,4.454999923706055,0.0
2024-10-25 10:13:00+00:00,TXN,210.17999267578125,210.17999267578125,210.22999572753906,210.02920532226562,210.22999572753906,13999.0
2024-10-25 10:13:00+00:00,UCTT,35.875,35.875,35.900001525878906,35.849998474121094,35.849998474121094,2019.0
2024-10-25 10:13:00+00:00,VECO,29.530000686645508,29.530000686645508,29.530000686645508,29.520000457763672,29.520000457763672,788.0
2024-10-25 10:13:00+00:00,VERI,3.4600000381469727,3.4600000381469727,3.4609999656677246,3.4600000381469727,3.4600000381469727,3383.0
2024-10-25 10:13:00+00:00,VERX,42.67319869995117,42.67319869995117,42.67319869995117,42.67319869995117,42.67319869995117,162.0
2024-10-25 10:13:00+00:00,VICR,47.084999084472656,47.084999084472656,47.084999084472656,47.084999084472656,47.084999084472656,434.0
2024-10-25 10:13:00+00:00,VNET,3.440000057220459,3.440000057220459,3.440000057220459,3.430000066757202,3.430000066757202,3179.0
2024-10-25 10:13:00+00:00,VRNS,57.310001373291016,57.310001373291016,57.310001373291016,57.27000045776367,57.279998779296875,3734.0
2024-10-25 10:13:00+00:00,VRSN,189.18499755859375,189.18499755859375,189.18499755859375,189.18499755859375,189.18499755859375,740.0
2024-10-25 10:13:00+00:00,VSAT,10.3100004196167,10.3100004196167,10.3100004196167,10.3100004196167,10.3100004196167,763.0
2024-10-25 10:13:00+00:00,VUZI,1.3240000009536743,1.3240000009536743,1.3240000009536743,1.3240000009536743,1.3240000009536743,2492.0
2024-10-25 10:13:00+00:00,WALD,3.6500000953674316,3.6500000953674316,3.6700000762939453,3.6500000953674316,3.6700000762939453,1123.0
2024-10-25 10:13:00+00:00,WDAY,241.5500030517578,241.5500030517578,241.63429260253906,241.5500030517578,241.6300048828125,1968.0
2024-10-25 10:13:00+00:00,WDC,71.66000366210938,71.66000366210938,71.70999908447266,71.33799743652344,71.34500122070312,45659.0
2024-10-25 10:13:00+00:00,WISA,1.8300000429153442,1.8300000429153442,1.8300000429153442,1.7999999523162842,1.8109999895095825,6747.0
2024-10-25 10:13:00+00:00,WRAP,1.8949999809265137,1.8949999809265137,1.899999976158142,1.8949999809265137,1.899999976158142,0.0
2024-10-25 10:13:00+00:00,XRX,10.15999984741211,10.15999984741211,10.170000076293945,10.15999984741211,10.170000076293945,1399.0
2024-10-25 10:13:00+00:00,ZBRA,364.57000732421875,364.57000732421875,364.6700134277344,364.57000732421875,364.6700134277344,699.0
2024-10-25 10:13:00+00:00,ZI,10.585000038146973,10.585000038146973,10.59000015258789,10.539999961853027,10.549400329589844,14918.0
2024-10-25 10:13:00+00:00,ZM,73.2300033569336,73.2300033569336,73.25,73.2300033569336,73.25,975.0
2024-10-25 10:13:00+00:00,ZS,187.67999267578125,187.67999267578125,187.67999267578125,187.2050018310547,187.2050018310547,2804.0
2024-10-25 10:14:00+00:00,AAOI,17.780000686645508,17.780000686645508,17.78499984741211,17.59000015258789,17.610000610351562,14110.0
2024-10-25 10:14:00+00:00,AAPL,232.02000427246094,232.02000427246094,232.07000732421875,231.80999755859375,232.05999755859375,76854.0
2024-10-25 10:14:00+00:00,ACLS,91.12999725341797,91.12999725341797,91.22000122070312,91.0999984741211,91.16000366210938,2217.0
2024-10-25 10:14:00+00:00,ACMR,19.649999618530273,19.649999618530273,19.649999618530273,19.610000610351562,19.6200008392334,4415.0
2024-10-25 10:14:00+00:00,ADBE,487.55999755859375,487.55999755859375,487.70098876953125,487.2699890136719,487.4200134277344,3694.0
2024-10-25 10:14:00+00:00,ADI,234.14999389648438,234.14999389648438,234.28500366210938,234.13999938964844,234.28500366210938,2380.0
2024-10-25 10:14:00+00:00,ADSK,288.20001220703125,288.20001220703125,288.2799987792969,288.20001220703125,288.2799987792969,1472.0
2024-10-25 10:14:00+00:00,ADTN,6.33459997177124,6.33459997177124,6.33459997177124,6.33459997177124,6.33459997177124,300.0
2024-10-25 10:14:00+00:00,AEHR,16.280000686645508,16.280000686645508,16.290000915527344,16.200000762939453,16.24880027770996,3375.0
2024-10-25 10:14:00+00:00,AFRM,42.125,42.125,42.13990020751953,42.02000045776367,42.062400817871094,6641.0
2024-10-25 10:14:00+00:00,AKAM,103.58999633789062,103.58999633789062,103.58999633789062,103.58000183105469,103.58000183105469,635.0
2024-10-25 10:14:00+00:00,AKTS,0.05570000037550926,0.05570000037550926,0.0568000003695488,0.05570000037550926,0.0568000003695488,47620.0
2024-10-25 10:14:00+00:00,ALGM,22.450000762939453,22.450000762939453,22.459999084472656,22.420000076293945,22.459999084472656,2382.0
2024-10-25 10:14:00+00:00,ALLT,3.4504001140594482,3.4504001140594482,3.4504001140594482,3.4504001140594482,3.4504001140594482,0.0
2024-10-25 10:14:00+00:00,ALRM,54.70000076293945,54.70000076293945,54.70000076293945,54.70000076293945,54.70000076293945,312.0
2024-10-25 10:14:00+00:00,ALTR,105.83499908447266,105.83499908447266,106.05000305175781,105.58000183105469,105.58000183105469,1132.0
2024-10-25 10:14:00+00:00,AMAT,188.33999633789062,188.33999633789062,188.4521942138672,188.1300048828125,188.4521942138672,8838.0
2024-10-25 10:14:00+00:00,AMD,158.1300048828125,158.1300048828125,158.41000366210938,158.11000061035156,158.35760498046875,103440.0
2024-10-25 10:14:00+00:00,AMKR,29.84000015258789,29.84000015258789,29.856800079345703,29.84000015258789,29.856800079345703,963.0
2024-10-25 10:14:00+00:00,AMPL,9.260000228881836,9.260000228881836,9.270000457763672,9.25,9.270000457763672,1376.0
2024-10-25 10:14:00+00:00,ANSS,326.8900146484375,326.8900146484375,326.8900146484375,326.8699951171875,326.8699951171875,481.0
2024-10-25 10:14:00+00:00,ANY,1.0859999656677246,1.0859999656677246,1.0859999656677246,1.0859999656677246,1.0859999656677246,769.0
2024-10-25 10:14:00+00:00,APP,162.8175048828125,162.8175048828125,162.8175048828125,162.72000122070312,162.72999572753906,4007.0
2024-10-25 10:14:00+00:00,APPF,227.68499755859375,227.68499755859375,228.64500427246094,227.68499755859375,227.83999633789062,7757.0
2024-10-25 10:14:00+00:00,APPS,3.140000104904175,3.140000104904175,3.1500000953674316,3.140000104904175,3.1500000953674316,2502.0
2024-10-25 10:14:00+00:00,ARQQ,7.5183000564575195,7.5183000564575195,7.5183000564575195,7.5183000564575195,7.5183000564575195,400.0
2024-10-25 10:14:00+00:00,ARRY,6.440000057220459,6.440000057220459,6.440000057220459,6.424099922180176,6.424099922180176,11434.0
2024-10-25 10:14:00+00:00,ASML,721.239990234375,721.239990234375,721.239990234375,721.239990234375,721.239990234375,1944.0
2024-10-25 10:14:00+00:00,AUR,6.525000095367432,6.525000095367432,6.525000095367432,6.512700080871582,6.525000095367432,39008.0
2024-10-25 10:14:00+00:00,AVGO,175.28680419921875,175.28680419921875,175.30999755859375,174.97999572753906,175.2407989501953,22736.0
2024-10-25 10:14:00+00:00,AXTI,2.6600000858306885,2.6600000858306885,2.6600000858306885,2.6600000858306885,2.6600000858306885,0.0
2024-10-25 10:14:00+00:00,BCOV,2.299999952316284,2.299999952316284,2.299999952316284,2.299999952316284,2.299999952316284,0.0
2024-10-25 10:14:00+00:00,BELFB,78.41999816894531,78.41999816894531,78.41999816894531,78.2699966430664,78.2699966430664,379.0
2024-10-25 10:14:00+00:00,BIGC,5.375,5.375,5.375,5.375,5.375,569.0
2024-10-25 10:14:00+00:00,BMBL,7.260000228881836,7.260000228881836,7.269999980926514,7.260000228881836,7.260000228881836,1616.0
2024-10-25 10:14:00+00:00,BOXL,0.47099998593330383,0.47099998593330383,0.47099998593330383,0.47099998593330383,0.47099998593330383,200.0
2024-10-25 10:14:00+00:00,BRZE,30.959999084472656,30.959999084472656,30.959999084472656,30.959999084472656,30.959999084472656,316.0
2024-10-25 10:14:00+00:00,BSY,49.540000915527344,49.540000915527344,49.540000915527344,49.5099983215332,49.5099983215332,531.0
2024-10-25 10:14:00+00:00,CAMT,78.56999969482422,78.56999969482422,78.88999938964844,78.56999969482422,78.80999755859375,2531.0
2024-10-25 10:14:00+00:00,CAN,0.9968000054359436,0.9968000054359436,0.9968000054359436,0.9968000054359436,0.9968000054359436,720.0
2024-10-25 10:14:00+00:00,CCSI,20.489999771118164,20.489999771118164,20.540000915527344,20.479999542236328,20.540000915527344,2158.0
2024-10-25 10:14:00+00:00,CDNS,258.4750061035156,258.4750061035156,258.5950012207031,258.4200134277344,258.5950012207031,7361.0
2024-10-25 10:14:00+00:00,CDW,219.9199981689453,219.9199981689453,219.9199981689453,219.9149932861328,219.9149932861328,686.0
2024-10-25 10:14:00+00:00,CETX,0.2939999997615814,0.2939999997615814,0.2953999936580658,0.2939999997615814,0.29510000348091125,20900.0
2024-10-25 10:14:00+00:00,CFLT,22.56999969482422,22.56999969482422,22.579999923706055,22.540000915527344,22.579999923706055,7810.0
2024-10-25 10:14:00+00:00,CGNX,39.349998474121094,39.349998474121094,39.36000061035156,39.349998474121094,39.349998474121094,841.0
2024-10-25 10:14:00+00:00,CHKP,207.5,207.5,207.5,207.5,207.5,510.0
2024-10-25 10:14:00+00:00,CLBT,18.1299991607666,18.1299991607666,18.139999389648438,18.1299991607666,18.139999389648438,1185.0
2024-10-25 10:14:00+00:00,CLSK,11.909899711608887,11.909899711608887,11.919899940490723,11.885000228881836,11.914999961853027,99105.0
2024-10-25 10:14:00+00:00,CNDT,3.694999933242798,3.694999933242798,3.694999933242798,3.694999933242798,3.694999933242798,304.0
2024-10-25 10:14:00+00:00,COHR,96.61000061035156,96.61000061035156,96.78500366210938,96.55999755859375,96.78500366210938,4452.0
2024-10-25 10:14:00+00:00,COHU,26.200000762939453,26.200000762939453,26.200000762939453,26.200000762939453,26.200000762939453,192.0
2024-10-25 10:14:00+00:00,COIN,212.60910034179688,212.60910034179688,212.60910034179688,212.12010192871094,212.34649658203125,13186.0
2024-10-25 10:14:00+00:00,COMM,6.429999828338623,6.429999828338623,6.434999942779541,6.424499988555908,6.429999828338623,8423.0
2024-10-25 10:14:00+00:00,CORZ,13.640000343322754,13.640000343322754,13.640000343322754,13.595000267028809,13.595000267028809,9892.0
2024-10-25 10:14:00+00:00,CRCT,6.510000228881836,6.510000228881836,6.510000228881836,6.510000228881836,6.510000228881836,573.0
2024-10-25 10:14:00+00:00,CRDO,39.529998779296875,39.529998779296875,39.560001373291016,39.5099983215332,39.560001373291016,3340.0
2024-10-25 10:14:00+00:00,CRNC,2.885499954223633,2.885499954223633,2.885499954223633,2.884999990463257,2.884999990463257,5173.0
2024-10-25 10:14:00+00:00,CRWD,309.614990234375,309.614990234375,309.8223876953125,309.2659912109375,309.8223876953125,5014.0
2024-10-25 10:14:00+00:00,CSCO,56.38999938964844,56.38999938964844,56.39500045776367,56.37099838256836,56.3849983215332,17336.0
2024-10-25 10:14:00+00:00,CSIQ,13.660499572753906,13.660499572753906,13.720000267028809,13.633000373840332,13.633000373840332,25488.0
2024-10-25 10:14:00+00:00,CTSH,75.27999877929688,75.27999877929688,75.29000091552734,75.2750015258789,75.29000091552734,4594.0
2024-10-25 10:14:00+00:00,DATS,1.6449999809265137,1.6449999809265137,1.6449999809265137,1.6201000213623047,1.6202000379562378,1174.0
2024-10-25 10:14:00+00:00,DBX,26.1200008392334,26.1200008392334,26.1200008392334,26.100000381469727,26.100000381469727,3410.0
2024-10-25 10:14:00+00:00,DDOG,126.83000183105469,126.83000183105469,126.94999694824219,126.76010131835938,126.94999694824219,11171.0
2024-10-25 10:14:00+00:00,DLO,8.819999694824219,8.819999694824219,8.819999694824219,8.819999694824219,8.819999694824219,174.0
2024-10-25 10:14:00+00:00,DOCU,70.38999938964844,70.38999938964844,70.41000366210938,70.37000274658203,70.37999725341797,3545.0
2024-10-25 10:14:00+00:00,DOMO,8.050000190734863,8.050000190734863,8.050000190734863,8.039999961853027,8.039999961853027,1237.0
2024-10-25 10:14:00+00:00,DOX,90.01000213623047,90.01000213623047,90.01000213623047,90.0,90.0,3788.0
2024-10-25 10:14:00+00:00,EEFT,101.69999694824219,101.69999694824219,102.11000061035156,101.69999694824219,102.11000061035156,3744.0
2024-10-25 10:14:00+00:00,ENPH,81.80000305175781,81.80000305175781,81.80000305175781,81.62000274658203,81.80000305175781,4563.0
2024-10-25 10:14:00+00:00,ENTG,105.16999816894531,105.16999816894531,105.16999816894531,105.07250213623047,105.11000061035156,3331.0
2024-10-25 10:14:00+00:00,ERIC,8.500100135803223,8.500100135803223,8.505999565124512,8.500100135803223,8.505000114440918,19453.0
2024-10-25 10:14:00+00:00,EXLS,39.20000076293945,39.20000076293945,39.20000076293945,39.20000076293945,39.20000076293945,1309.0
2024-10-25 10:14:00+00:00,EXTR,14.5649995803833,14.5649995803833,14.5649995803833,14.5649995803833,14.5649995803833,151.0
2024-10-25 10:14:00+00:00,FIVN,30.670000076293945,30.670000076293945,30.670000076293945,30.670000076293945,30.670000076293945,1643.0
2024-10-25 10:14:00+00:00,FLEX,35.5099983215332,35.5099983215332,35.52000045776367,35.4900016784668,35.494998931884766,6633.0
2024-10-25 10:14:00+00:00,FLYW,17.59000015258789,17.59000015258789,17.610000610351562,17.59000015258789,17.600000381469727,2986.0
2024-10-25 10:14:00+00:00,FRGT,1.899999976158142,1.899999976158142,1.899999976158142,1.8899999856948853,1.8899999856948853,1160.0
2024-10-25 10:14:00+00:00,FROG,29.540000915527344,29.540000915527344,29.571300506591797,29.540000915527344,29.571300506591797,2763.0
2024-10-25 10:14:00+00:00,FRSH,11.729999542236328,11.729999542236328,11.734999656677246,11.720000267028809,11.720000267028809,2807.0
2024-10-25 10:14:00+00:00,FSLR,198.5800018310547,198.5800018310547,198.6300048828125,198.2449951171875,198.38999938964844,7098.0
2024-10-25 10:14:00+00:00,FTCI,0.6978999972343445,0.6978999972343445,0.699999988079071,0.6949999928474426,0.6990000009536743,51451.0
2024-10-25 10:14:00+00:00,FTNT,81.55000305175781,81.55000305175781,81.56999969482422,81.5,81.56999969482422,4413.0
2024-10-25 10:14:00+00:00,GCT,25.56999969482422,25.56999969482422,25.56999969482422,25.55500030517578,25.56999969482422,1378.0
2024-10-25 10:14:00+00:00,GDS,21.795000076293945,21.795000076293945,21.81999969482422,21.780000686645508,21.815000534057617,2351.0
2024-10-25 10:14:00+00:00,GFS,40.996299743652344,40.996299743652344,40.996299743652344,40.970001220703125,40.970001220703125,842.0
2024-10-25 10:14:00+00:00,GNSS,3.859999895095825,3.859999895095825,3.859999895095825,3.849900007247925,3.8499999046325684,5177.0
2024-10-25 10:14:00+00:00,GPRO,1.3300000429153442,1.3300000429153442,1.3300000429153442,1.3300000429153442,1.3300000429153442,425.0
2024-10-25 10:14:00+00:00,GRAB,4.074999809265137,4.074999809265137,4.079999923706055,4.064000129699707,4.065000057220459,118291.0
2024-10-25 10:14:00+00:00,GRRR,4.690000057220459,4.690000057220459,4.690000057220459,4.675000190734863,4.675300121307373,2625.0
2024-10-25 10:14:00+00:00,GSIT,3.25,3.25,3.25,3.25,3.25,314.0
2024-10-25 10:14:00+00:00,GTLB,56.625,56.625,56.625,56.56999969482422,56.56999969482422,1053.0
2024-10-25 10:14:00+00:00,HCKT,24.920000076293945,24.920000076293945,24.920000076293945,24.899999618530273,24.920000076293945,828.0
2024-10-25 10:14:00+00:00,HCP,33.66999816894531,33.66999816894531,33.67499923706055,33.66999816894531,33.67499923706055,3641.0
2024-10-25 10:14:00+00:00,HIMX,6.199999809265137,6.199999809265137,6.204999923706055,6.199999809265137,6.204999923706055,695.0
2024-10-25 10:14:00+00:00,HLIT,14.793299674987793,14.793299674987793,14.793299674987793,14.793299674987793,14.793299674987793,1773.0
2024-10-25 10:14:00+00:00,HOLO,3.8519999980926514,3.8519999980926514,3.8519999980926514,3.8399999141693115,3.8399999141693115,8827.0
2024-10-25 10:14:00+00:00,HOOD,27.440000534057617,27.440000534057617,27.447900772094727,27.43000030517578,27.445600509643555,15834.0
2024-10-25 10:14:00+00:00,HTCR,1.100000023841858,1.100000023841858,1.1200000047683716,1.100000023841858,1.1200000047683716,6957.0
2024-10-25 10:14:00+00:00,IMMR,8.704999923706055,8.704999923706055,8.704999923706055,8.704999923706055,8.704999923706055,3019.0
2024-10-25 10:14:00+00:00,IMXI,17.825000762939453,17.825000762939453,17.825000762939453,17.825000762939453,17.825000762939453,332.0
2024-10-25 10:14:00+00:00,INDI,3.555000066757202,3.555000066757202,3.555000066757202,3.5450000762939453,3.5450000762939453,13077.0
2024-10-25 10:14:00+00:00,INFN,6.789999961853027,6.789999961853027,6.789999961853027,6.789999961853027,6.789999961853027,3344.0
2024-10-25 10:14:00+00:00,INOD,20.158000946044922,20.158000946044922,20.158000946044922,20.149999618530273,20.149999618530273,703.0
2024-10-25 10:14:00+00:00,INTA,50.08000183105469,50.08000183105469,50.08000183105469,50.08000183105469,50.08000183105469,273.0
2024-10-25 10:14:00+00:00,INTC,23.075300216674805,23.075300216674805,23.075300216674805,23.040000915527344,23.065000534057617,114362.0
2024-10-25 10:14:00+00:00,INTU,615.25,615.25,615.3200073242188,615.25,615.3200073242188,1331.0
2024-10-25 10:14:00+00:00,ITRN,27.149999618530273,27.149999618530273,27.149999618530273,27.149999618530273,27.149999618530273,333.0
2024-10-25 10:14:00+00:00,KC,2.7100000381469727,2.7100000381469727,2.7100000381469727,2.7049999237060547,2.7049999237060547,4790.0
2024-10-25 10:14:00+00:00,KLAC,677.9299926757812,677.9299926757812,678.2999877929688,677.9099731445312,678.2999877929688,1744.0
2024-10-25 10:14:00+00:00,KLTR,1.3200000524520874,1.3200000524520874,1.3200000524520874,1.3200000524520874,1.3200000524520874,2845.0
2024-10-25 10:14:00+00:00,KOSS,7.314700126647949,7.314700126647949,7.314700126647949,7.314700126647949,7.314700126647949,360.0
2024-10-25 10:14:00+00:00,LINK,5.200099945068359,5.200099945068359,5.4899001121521,5.200099945068359,5.429999828338623,19540.0
2024-10-25 10:14:00+00:00,LITE,64.73999786376953,64.73999786376953,64.75499725341797,64.73999786376953,64.73999786376953,1155.0
2024-10-25 10:14:00+00:00,LRCX,78.5,78.5,78.51000213623047,78.41000366210938,78.43000030517578,129662.0
2024-10-25 10:14:00+00:00,LSCC,54.70000076293945,54.70000076293945,54.71220016479492,54.70000076293945,54.71220016479492,1606.0
2024-10-25 10:14:00+00:00,LTRX,4.03000020980835,4.03000020980835,4.03000020980835,4.03000020980835,4.03000020980835,292.0
2024-10-25 10:14:00+00:00,LYFT,13.699999809265137,13.699999809265137,13.71500015258789,13.694999694824219,13.71500015258789,22789.0
2024-10-25 10:14:00+00:00,MANH,278.4700012207031,278.4700012207031,278.4700012207031,278.1400146484375,278.17498779296875,1053.0
2024-10-25 10:14:00+00:00,MAXN,5.650000095367432,5.650000095367432,5.675000190734863,5.650000095367432,5.675000190734863,5233.0
2024-10-25 10:14:00+00:00,MCHP,77.2750015258789,77.2750015258789,77.2750015258789,77.18000030517578,77.26000213623047,6628.0
2024-10-25 10:14:00+00:00,MDB,269.9599914550781,269.9599914550781,269.9725036621094,269.9599914550781,269.9674987792969,1509.0
2024-10-25 10:14:00+00:00,MIND,3.5,3.5,3.5,3.5,3.5,1258.0
2024-10-25 10:14:00+00:00,MITK,8.789999961853027,8.789999961853027,8.789999961853027,8.789999961853027,8.789999961853027,277.0
2024-10-25 10:14:00+00:00,MKSI,100.87999725341797,100.87999725341797,100.87999725341797,100.87999725341797,100.87999725341797,702.0
2024-10-25 10:14:00+00:00,MNDY,301.1700134277344,301.1700134277344,301.25,300.80999755859375,301.25,2096.0
2024-10-25 10:14:00+00:00,MPWR,919.614990234375,919.614990234375,920.0650024414062,919.614990234375,920.0650024414062,2490.0
2024-10-25 10:14:00+00:00,MQ,5.3420000076293945,5.3420000076293945,5.349999904632568,5.324999809265137,5.324999809265137,17905.0
2024-10-25 10:14:00+00:00,MRAM,6.170000076293945,6.170000076293945,6.170000076293945,6.168600082397461,6.168600082397461,496.0
2024-10-25 10:14:00+00:00,MRVL,83.04000091552734,83.04000091552734,83.04000091552734,82.91999816894531,83.02999877929688,11769.0
2024-10-25 10:14:00+00:00,MSFT,430.7300109863281,430.7300109863281,430.8900146484375,430.45001220703125,430.7799987792969,24455.0
2024-10-25 10:14:00+00:00,MSTR,241.8800048828125,241.8800048828125,242.15989685058594,240.8000030517578,241.48399353027344,48267.0
2024-10-25 10:14:00+00:00,MTLS,6.049900054931641,6.049900054931641,6.049900054931641,6.049900054931641,6.049900054931641,510.0
2024-10-25 10:14:00+00:00,MTSI,119.16000366210938,119.16000366210938,119.16000366210938,119.16000366210938,119.16000366210938,419.0
2024-10-25 10:14:00+00:00,MTTR,4.665200233459473,4.665200233459473,4.665200233459473,4.664999961853027,4.664999961853027,291.0
2024-10-25 10:14:00+00:00,MU,109.19999694824219,109.19999694824219,109.2074966430664,108.81999969482422,109.01499938964844,104543.0
2024-10-25 10:14:00+00:00,MXL,14.96619987487793,14.96619987487793,15.010000228881836,14.96619987487793,14.979999542236328,9075.0
2024-10-25 10:14:00+00:00,NCNO,38.349998474121094,38.349998474121094,38.36000061035156,38.314998626708984,38.31999969482422,11123.0
2024-10-25 10:14:00+00:00,NEON,8.100000381469727,8.100000381469727,8.100000381469727,8.100000381469727,8.100000381469727,308.0
2024-10-25 10:14:00+00:00,NICE,176.98500061035156,176.98500061035156,176.98500061035156,176.98500061035156,176.98500061035156,1132.0
2024-10-25 10:14:00+00:00,NNDM,2.3499999046325684,2.3499999046325684,2.3499999046325684,2.341399908065796,2.341399908065796,6883.0
2024-10-25 10:14:00+00:00,NTAP,119.94000244140625,119.94000244140625,119.94000244140625,119.875,119.875,1873.0
2024-10-25 10:14:00+00:00,NTGR,20.510000228881836,20.510000228881836,20.510000228881836,20.510000228881836,20.510000228881836,618.0
2024-10-25 10:14:00+00:00,NTNX,62.64500045776367,62.64500045776367,62.64500045776367,62.64500045776367,62.64500045776367,1432.0
2024-10-25 10:14:00+00:00,NVDA,142.7924041748047,142.7924041748047,142.8699951171875,142.6199951171875,142.8699951171875,660099.0
2024-10-25 10:14:00+00:00,NVEI,33.52000045776367,33.52000045776367,33.529998779296875,33.52000045776367,33.529998779296875,707.0
2024-10-25 10:14:00+00:00,NVMI,184.0050048828125,184.0050048828125,184.0050048828125,184.0050048828125,184.0050048828125,127.0
2024-10-25 10:14:00+00:00,NVTS,2.563999891281128,2.563999891281128,2.569000005722046,2.563999891281128,2.565000057220459,3751.0
2024-10-25 10:14:00+00:00,NXPI,244.07000732421875,244.07000732421875,244.24000549316406,243.85000610351562,244.13499450683594,12244.0
2024-10-25 10:14:00+00:00,ON,72.07499694824219,72.07499694824219,72.2300033569336,72.02999877929688,72.2300033569336,58183.0
2024-10-25 10:14:00+00:00,PANW,370.7699890136719,370.7699890136719,370.9150085449219,370.6400146484375,370.6400146484375,2180.0
2024-10-25 10:14:00+00:00,PAYO,8.287500381469727,8.287500381469727,8.289999961853027,8.279999732971191,8.28499984741211,22589.0
2024-10-25 10:14:00+00:00,PEGA,80.90910339355469,80.90910339355469,80.90910339355469,80.8375015258789,80.8499984741211,2376.0
2024-10-25 10:14:00+00:00,PEGY,4.708000183105469,4.708000183105469,4.71999979019165,4.670000076293945,4.71999979019165,827.0
2024-10-25 10:14:00+00:00,PGY,11.890000343322754,11.890000343322754,11.890000343322754,11.890000343322754,11.890000343322754,591.0
2024-10-25 10:14:00+00:00,PHUN,9.45009994506836,9.45009994506836,9.5,9.369999885559082,9.440099716186523,270897.0
2024-10-25 10:14:00+00:00,PI,200.02000427246094,200.02000427246094,200.02000427246094,199.5894012451172,199.5894012451172,2336.0
2024-10-25 10:14:00+00:00,PLAB,23.75,23.75,23.75,23.75,23.75,225.0
2024-10-25 10:14:00+00:00,PTC,185.74000549316406,185.74000549316406,185.75999450683594,185.74000549316406,185.75999450683594,1104.0
2024-10-25 10:14:00+00:00,QCOM,172.32009887695312,172.32009887695312,172.35000610351562,172.16000366210938,172.25,6675.0
2024-10-25 10:14:00+00:00,QRVO,100.30000305175781,100.30000305175781,100.30000305175781,100.23999786376953,100.23999786376953,2582.0
2024-10-25 10:14:00+00:00,QUBT,1.1200000047683716,1.1200000047683716,1.1241999864578247,1.1200000047683716,1.1241999864578247,6015.0
2024-10-25 10:14:00+00:00,REKR,1.1050000190734863,1.1050000190734863,1.1092000007629395,1.100000023841858,1.1050000190734863,5863.0
2024-10-25 10:14:00+00:00,RGTI,1.2799999713897705,1.2799999713897705,1.2799999713897705,1.2699999809265137,1.2700999975204468,47959.0
2024-10-25 10:14:00+00:00,RIOT,10.095000267028809,10.095000267028809,10.100000381469727,10.069999694824219,10.085000038146973,74861.0
2024-10-25 10:14:00+00:00,RMBS,42.970001220703125,42.970001220703125,42.970001220703125,42.970001220703125,42.970001220703125,243.0
2024-10-25 10:14:00+00:00,RPD,39.54499816894531,39.54499816894531,39.54499816894531,39.54499816894531,39.54499816894531,883.0
2024-10-25 10:14:00+00:00,RUM,5.682799816131592,5.682799816131592,5.682799816131592,5.682799816131592,5.682799816131592,2325.0
2024-10-25 10:14:00+00:00,RUN,14.390800476074219,14.390800476074219,14.399999618530273,14.369999885559082,14.369999885559082,12214.0
2024-10-25 10:14:00+00:00,SANM,67.93000030517578,67.93000030517578,68.02999877929688,67.93000030517578,68.02999877929688,1051.0
2024-10-25 10:14:00+00:00,SATS,25.170000076293945,25.170000076293945,25.170000076293945,25.110000610351562,25.110000610351562,2646.0
2024-10-25 10:14:00+00:00,SEDG,15.835000038146973,15.835000038146973,15.850000381469727,15.789999961853027,15.820099830627441,27059.0
2024-10-25 10:14:00+00:00,SGMA,2.869999885559082,2.869999885559082,2.869999885559082,2.869999885559082,2.869999885559082,118.0
2024-10-25 10:14:00+00:00,SHLS,5.2241997718811035,5.2241997718811035,5.230000019073486,5.2241997718811035,5.230000019073486,2058.0
2024-10-25 10:14:00+00:00,SKYT,10.680000305175781,10.680000305175781,10.6899995803833,10.670000076293945,10.6899995803833,1756.0
2024-10-25 10:14:00+00:00,SMCI,47.349998474121094,47.349998474121094,47.369998931884766,47.290000915527344,47.3302001953125,48966.0
2024-10-25 10:14:00+00:00,SMTC,45.70500183105469,45.70500183105469,45.72999954223633,45.70500183105469,45.72999954223633,784.0
2024-10-25 10:14:00+00:00,SONO,12.850000381469727,12.850000381469727,12.859999656677246,12.84000015258789,12.850000381469727,3760.0
2024-10-25 10:14:00+00:00,SOUN,5.340000152587891,5.340000152587891,5.340000152587891,5.309999942779541,5.318600177764893,36625.0
2024-10-25 10:14:00+00:00,SPNS,37.037899017333984,37.037899017333984,37.037899017333984,37.037899017333984,37.037899017333984,906.0
2024-10-25 10:14:00+00:00,SSNC,69.8499984741211,69.8499984741211,69.97000122070312,69.83999633789062,69.87000274658203,21338.0
2024-10-25 10:14:00+00:00,STER,16.77239990234375,16.77239990234375,16.77239990234375,16.77239990234375,16.77239990234375,150.0
2024-10-25 10:14:00+00:00,STNE,11.404999732971191,11.404999732971191,11.420000076293945,11.404999732971191,11.420000076293945,16513.0
2024-10-25 10:14:00+00:00,STX,104.12000274658203,104.12000274658203,104.16000366210938,103.94000244140625,103.981201171875,5286.0
2024-10-25 10:14:00+00:00,SVRE,0.0851999968290329,0.0851999968290329,0.0851999968290329,0.0851999968290329,0.0851999968290329,7203.0
2024-10-25 10:14:00+00:00,SWKS,96.00499725341797,96.00499725341797,96.05999755859375,95.97000122070312,96.05999755859375,1874.0
2024-10-25 10:14:00+00:00,SWVL,3.630000114440918,3.630000114440918,3.630000114440918,3.630000114440918,3.630000114440918,4209.0
2024-10-25 10:14:00+00:00,SYTA,1.1993999481201172,1.1993999481201172,1.1993999481201172,1.1993999481201172,1.1993999481201172,289.0
2024-10-25 10:14:00+00:00,TEAM,191.4324951171875,191.4324951171875,191.4324951171875,191.3000030517578,191.3800048828125,1189.0
2024-10-25 10:14:00+00:00,TENB,41.34000015258789,41.34000015258789,41.36000061035156,41.34000015258789,41.36000061035156,801.0
2024-10-25 10:14:00+00:00,TER,112.3499984741211,112.3499984741211,112.3499984741211,112.18000030517578,112.19000244140625,7473.0
2024-10-25 10:14:00+00:00,TLS,3.619999885559082,3.619999885559082,3.619999885559082,3.619999885559082,3.619999885559082,588.0
2024-10-25 10:14:00+00:00,TSEM,45.38859939575195,45.38859939575195,45.38859939575195,45.340999603271484,45.340999603271484,1629.0
2024-10-25 10:14:00+00:00,TTD,120.37999725341797,120.37999725341797,120.37999725341797,120.26000213623047,120.36000061035156,7635.0
2024-10-25 10:14:00+00:00,TTMI,19.510000228881836,19.510000228881836,19.510000228881836,19.489999771118164,19.510000228881836,859.0
2024-10-25 10:14:00+00:00,TXN,210.02999877929688,210.02999877929688,210.11000061035156,209.85830688476562,210.11000061035156,9566.0
2024-10-25 10:14:00+00:00,UCTT,35.80009841918945,35.80009841918945,35.86600112915039,35.80009841918945,35.86600112915039,742.0
2024-10-25 10:14:00+00:00,VECO,29.524999618530273,29.524999618530273,29.524999618530273,29.524999618530273,29.524999618530273,448.0
2024-10-25 10:14:00+00:00,VERI,3.4800000190734863,3.4800000190734863,3.4800000190734863,3.4649999141693115,3.4649999141693115,3439.0
2024-10-25 10:14:00+00:00,VERX,42.66999816894531,42.66999816894531,42.66999816894531,42.66999816894531,42.66999816894531,510.0
2024-10-25 10:14:00+00:00,VIAV,9.25,9.25,9.25,9.239999771118164,9.239999771118164,1525.0
2024-10-25 10:14:00+00:00,VMEO,4.755000114440918,4.755000114440918,4.755000114440918,4.755000114440918,4.755000114440918,313.0
2024-10-25 10:14:00+00:00,VNET,3.440000057220459,3.440000057220459,3.440000057220459,3.440000057220459,3.440000057220459,1159.0
2024-10-25 10:14:00+00:00,VRNS,57.23500061035156,57.23500061035156,57.27000045776367,57.224998474121094,57.27000045776367,2473.0
2024-10-25 10:14:00+00:00,VSAT,10.324999809265137,10.324999809265137,10.324999809265137,10.3100004196167,10.319999694824219,765.0
2024-10-25 10:14:00+00:00,WDAY,241.44000244140625,241.44000244140625,241.44000244140625,241.44000244140625,241.44000244140625,920.0
2024-10-25 10:14:00+00:00,WDC,71.83999633789062,71.83999633789062,71.83999633789062,71.62999725341797,71.69499969482422,37638.0
2024-10-25 10:14:00+00:00,WIX,165.83999633789062,165.83999633789062,165.83999633789062,165.83999633789062,165.83999633789062,672.0
2024-10-25 10:14:00+00:00,WRAP,1.895799994468689,1.895799994468689,1.895799994468689,1.8949999809265137,1.8949999809265137,10502.0
2024-10-25 10:14:00+00:00,XRX,10.180000305175781,10.180000305175781,10.180000305175781,10.180000305175781,10.180000305175781,1026.0
2024-10-25 10:14:00+00:00,ZBRA,364.8900146484375,364.8900146484375,364.8900146484375,364.8900146484375,364.8900146484375,1062.0
2024-10-25 10:14:00+00:00,ZI,10.625,10.625,10.625,10.585000038146973,10.585000038146973,10570.0
2024-10-25 10:14:00+00:00,ZM,73.2750015258789,73.2750015258789,73.2750015258789,73.19519805908203,73.20999908447266,5030.0
2024-10-25 10:14:00+00:00,ZS,187.44500732421875,187.44500732421875,187.4739990234375,187.3979949951172,187.4739990234375,3949.0
2024-10-25 10:15:00+00:00,AAOI,17.739999771118164,17.739999771118164,17.789899826049805,17.739999771118164,17.780000686645508,4467.0
2024-10-25 10:15:00+00:00,AAPL,231.97000122070312,231.97000122070312,232.1699981689453,231.92999267578125,232.02000427246094,61788.0
2024-10-25 10:15:00+00:00,ACIW,49.32500076293945,49.32500076293945,49.369998931884766,49.31999969482422,49.349998474121094,1846.0
2024-10-25 10:15:00+00:00,ACLS,91.02999877929688,91.02999877929688,91.02999877929688,91.02999877929688,91.02999877929688,3094.0
2024-10-25 10:15:00+00:00,ACMR,19.670000076293945,19.670000076293945,19.670000076293945,19.649999618530273,19.649999618530273,1496.0
2024-10-25 10:15:00+00:00,ADBE,487.79998779296875,487.79998779296875,487.79998779296875,487.5350036621094,487.5350036621094,1666.0
2024-10-25 10:15:00+00:00,ADI,234.11500549316406,234.11500549316406,234.2100067138672,234.05999755859375,234.2100067138672,1513.0
2024-10-25 10:15:00+00:00,ADSK,288.3500061035156,288.3500061035156,288.3500061035156,288.3500061035156,288.3500061035156,1980.0
2024-10-25 10:15:00+00:00,ADTN,6.340000152587891,6.340000152587891,6.340000152587891,6.340000152587891,6.340000152587891,297.0
2024-10-25 10:15:00+00:00,AEHR,16.299999237060547,16.299999237060547,16.3700008392334,16.239999771118164,16.299999237060547,9114.0
2024-10-25 10:15:00+00:00,AFRM,42.08000183105469,42.08000183105469,42.14250183105469,42.07500076293945,42.07789993286133,6939.0
2024-10-25 10:15:00+00:00,AIP,6.947999954223633,6.947999954223633,6.947999954223633,6.947999954223633,6.947999954223633,302.0
2024-10-25 10:15:00+00:00,AKAM,103.56999969482422,103.56999969482422,103.58999633789062,103.56999969482422,103.58999633789062,1258.0
2024-10-25 10:15:00+00:00,AKTS,0.055799998342990875,0.055799998342990875,0.055799998342990875,0.055799998342990875,0.055799998342990875,59628.0
2024-10-25 10:15:00+00:00,ALGM,22.450000762939453,22.450000762939453,22.459999084472656,22.44059944152832,22.450000762939453,3518.0
2024-10-25 10:15:00+00:00,ALKT,38.369998931884766,38.369998931884766,38.369998931884766,38.29069900512695,38.29069900512695,10174.0
2024-10-25 10:15:00+00:00,ALLT,3.451900005340576,3.451900005340576,3.451900005340576,3.451900005340576,3.451900005340576,0.0
2024-10-25 10:15:00+00:00,ALTR,105.59500122070312,105.59500122070312,105.7750015258789,105.59500122070312,105.68000030517578,1295.0
2024-10-25 10:15:00+00:00,AMAT,188.4698944091797,188.4698944091797,188.4698944091797,188.27999877929688,188.33999633789062,5185.0
2024-10-25 10:15:00+00:00,AMD,157.97999572753906,157.97999572753906,158.16990661621094,157.89999389648438,158.1300048828125,184293.0
2024-10-25 10:15:00+00:00,AMKR,29.829999923706055,29.829999923706055,29.829999923706055,29.829999923706055,29.829999923706055,231.0
2024-10-25 10:15:00+00:00,AOSL,36.220001220703125,36.220001220703125,36.220001220703125,36.220001220703125,36.220001220703125,153.0
2024-10-25 10:15:00+00:00,API,2.6649999618530273,2.6649999618530273,2.6649999618530273,2.6600000858306885,2.6600000858306885,2644.0
2024-10-25 10:15:00+00:00,APP,162.74000549316406,162.74000549316406,162.92999267578125,162.74000549316406,162.8000030517578,3173.0
2024-10-25 10:15:00+00:00,APPF,226.38999938964844,226.38999938964844,227.0,226.38999938964844,227.0,4009.0
2024-10-25 10:15:00+00:00,APPN,32.47999954223633,32.47999954223633,32.47999954223633,32.47999954223633,32.47999954223633,228.0
2024-10-25 10:15:00+00:00,ARQQ,7.510000228881836,7.510000228881836,7.519999980926514,7.500100135803223,7.500100135803223,303.0
2024-10-25 10:15:00+00:00,ARRY,6.445000171661377,6.445000171661377,6.449999809265137,6.420000076293945,6.434000015258789,19746.0
2024-10-25 10:15:00+00:00,ASML,721.2899780273438,721.2899780273438,721.7999877929688,721.0900268554688,721.7999877929688,5287.0
2024-10-25 10:15:00+00:00,ASNS,1.340000033378601,1.340000033378601,1.340000033378601,1.340000033378601,1.340000033378601,16.0
2024-10-25 10:15:00+00:00,AUR,6.525000095367432,6.525000095367432,6.53000020980835,6.525000095367432,6.525000095367432,6381.0
2024-10-25 10:15:00+00:00,AVDX,8.229999542236328,8.229999542236328,8.234999656677246,8.229999542236328,8.229999542236328,593.0
2024-10-25 10:15:00+00:00,AVGO,175.32000732421875,175.32000732421875,175.4499969482422,175.16000366210938,175.3134002685547,22442.0
2024-10-25 10:15:00+00:00,AVT,54.720001220703125,54.720001220703125,54.72999954223633,54.720001220703125,54.72999954223633,2198.0
2024-10-25 10:15:00+00:00,BAND,17.84000015258789,17.84000015258789,17.84000015258789,17.84000015258789,17.84000015258789,598.0
2024-10-25 10:15:00+00:00,BCOV,2.2899999618530273,2.2899999618530273,2.2899999618530273,2.2899999618530273,2.2899999618530273,201.0
2024-10-25 10:15:00+00:00,BELFB,78.68000030517578,78.68000030517578,78.68000030517578,78.5,78.52999877929688,2281.0
2024-10-25 10:15:00+00:00,BL,57.150001525878906,57.150001525878906,57.20000076293945,57.150001525878906,57.20000076293945,1022.0
2024-10-25 10:15:00+00:00,BLKB,86.27999877929688,86.27999877929688,86.27999877929688,86.27999877929688,86.27999877929688,1539.0
2024-10-25 10:15:00+00:00,BMBL,7.275000095367432,7.275000095367432,7.275000095367432,7.260000228881836,7.260000228881836,2189.0
2024-10-25 10:15:00+00:00,BOXL,0.4790000021457672,0.4790000021457672,0.4790000021457672,0.4790000021457672,0.4790000021457672,622.0
2024-10-25 10:15:00+00:00,BRZE,30.940000534057617,30.940000534057617,30.940000534057617,30.940000534057617,30.940000534057617,242.0
2024-10-25 10:15:00+00:00,BSY,49.375,49.375,49.4900016784668,49.375,49.4900016784668,1698.0
2024-10-25 10:15:00+00:00,CAMT,78.56999969482422,78.56999969482422,78.56999969482422,78.56999969482422,78.56999969482422,528.0
2024-10-25 10:15:00+00:00,CAN,0.9984999895095825,0.9984999895095825,0.9998999834060669,0.996999979019165,0.996999979019165,46965.0
2024-10-25 10:15:00+00:00,CCSI,20.40999984741211,20.40999984741211,20.459999084472656,20.40999984741211,20.459999084472656,803.0
2024-10-25 10:15:00+00:00,CDNS,258.5199890136719,258.5199890136719,258.7099914550781,258.5199890136719,258.5350036621094,4991.0
2024-10-25 10:15:00+00:00,CDW,220.08999633789062,220.08999633789062,220.08999633789062,219.8300018310547,219.8300018310547,1562.0
2024-10-25 10:15:00+00:00,CETX,0.2994000017642975,0.2994000017642975,0.2994000017642975,0.2953000068664551,0.2953000068664551,2053.0
2024-10-25 10:15:00+00:00,CFLT,22.510000228881836,22.510000228881836,22.59000015258789,22.510000228881836,22.576400756835938,6411.0
2024-10-25 10:15:00+00:00,CGNX,39.31999969482422,39.31999969482422,39.35499954223633,39.31999969482422,39.35499954223633,2808.0
2024-10-25 10:15:00+00:00,CHKP,207.5399932861328,207.5399932861328,207.6199951171875,207.5399932861328,207.6199951171875,1486.0
2024-10-25 10:15:00+00:00,CLSK,11.989999771118164,11.989999771118164,11.989999771118164,11.899999618530273,11.901200294494629,96287.0
2024-10-25 10:15:00+00:00,CMBM,1.2400000095367432,1.2400000095367432,1.2400000095367432,1.2400000095367432,1.2400000095367432,1736.0
2024-10-25 10:15:00+00:00,CMTL,3.690000057220459,3.690000057220459,3.690000057220459,3.690000057220459,3.690000057220459,165.0
2024-10-25 10:15:00+00:00,CNDT,3.700000047683716,3.700000047683716,3.700000047683716,3.694999933242798,3.694999933242798,730.0
2024-10-25 10:15:00+00:00,CNXC,45.060001373291016,45.060001373291016,45.099998474121094,45.060001373291016,45.099998474121094,1951.0
2024-10-25 10:15:00+00:00,COHR,96.54000091552734,96.54000091552734,96.56999969482422,96.5199966430664,96.55999755859375,2648.0
2024-10-25 10:15:00+00:00,COHU,26.219999313354492,26.219999313354492,26.219999313354492,26.219999313354492,26.219999313354492,1504.0
2024-10-25 10:15:00+00:00,COIN,212.69500732421875,212.69500732421875,212.8699951171875,212.3000030517578,212.5,30911.0
2024-10-25 10:15:00+00:00,COMM,6.420000076293945,6.420000076293945,6.420000076293945,6.409999847412109,6.420000076293945,2246.0
2024-10-25 10:15:00+00:00,CORZ,13.625,13.625,13.635000228881836,13.625,13.630000114440918,6401.0
2024-10-25 10:15:00+00:00,CRCT,6.53000020980835,6.53000020980835,6.53000020980835,6.53000020980835,6.53000020980835,446.0
2024-10-25 10:15:00+00:00,CRDO,39.560001373291016,39.560001373291016,39.560001373291016,39.529998779296875,39.529998779296875,9131.0
2024-10-25 10:15:00+00:00,CRNT,2.4649999141693115,2.4649999141693115,2.4649999141693115,2.464200019836426,2.464200019836426,348.0
2024-10-25 10:15:00+00:00,CRWD,309.0,309.0,309.64990234375,309.0,309.3800048828125,2695.0
2024-10-25 10:15:00+00:00,CSCO,56.380001068115234,56.380001068115234,56.38999938964844,56.3650016784668,56.3849983215332,11331.0
2024-10-25 10:15:00+00:00,CSGS,48.01499938964844,48.01499938964844,48.01499938964844,48.01499938964844,48.01499938964844,311.0
2024-10-25 10:15:00+00:00,CSIQ,13.729999542236328,13.729999542236328,13.729999542236328,13.663999557495117,13.6850004196167,32975.0
2024-10-25 10:15:00+00:00,CTSH,75.30000305175781,75.30000305175781,75.30000305175781,75.26000213623047,75.2699966430664,3529.0
2024-10-25 10:15:00+00:00,CVLT,134.7100067138672,134.7100067138672,135.00999450683594,134.7100067138672,135.00999450683594,3028.0
2024-10-25 10:15:00+00:00,CYBR,295.30999755859375,295.30999755859375,296.25,295.30999755859375,296.25,1415.0
2024-10-25 10:15:00+00:00,CYN,3.5915000438690186,3.5915000438690186,3.5915000438690186,3.5915000438690186,3.5915000438690186,453.0
2024-10-25 10:15:00+00:00,DBX,26.110599517822266,26.110599517822266,26.110599517822266,26.110599517822266,26.110599517822266,770.0
2024-10-25 10:15:00+00:00,DDOG,126.69999694824219,126.69999694824219,126.83999633789062,126.65989685058594,126.80500030517578,12453.0
2024-10-25 10:15:00+00:00,DGII,29.989999771118164,29.989999771118164,29.989999771118164,29.989999771118164,29.989999771118164,1634.0
2024-10-25 10:15:00+00:00,DLO,8.800000190734863,8.800000190734863,8.819999694824219,8.800000190734863,8.819999694824219,1610.0
2024-10-25 10:15:00+00:00,DOCU,70.31999969482422,70.31999969482422,70.3499984741211,70.31999969482422,70.3499984741211,2375.0
2024-10-25 10:15:00+00:00,DOMO,8.010000228881836,8.010000228881836,8.020000457763672,7.96999979019165,8.020000457763672,9945.0
2024-10-25 10:15:00+00:00,DUOT,4.135000228881836,4.135000228881836,4.135000228881836,4.135000228881836,4.135000228881836,500.0
2024-10-25 10:15:00+00:00,EEFT,101.69000244140625,101.69000244140625,101.69000244140625,101.69000244140625,101.69000244140625,883.0
2024-10-25 10:15:00+00:00,ENPH,81.87300109863281,81.87300109863281,81.93990325927734,81.66999816894531,81.73500061035156,9886.0
2024-10-25 10:15:00+00:00,ENTG,105.04000091552734,105.04000091552734,105.08999633789062,105.04000091552734,105.06999969482422,3171.0
2024-10-25 10:15:00+00:00,ERIC,8.505000114440918,8.505000114440918,8.505000114440918,8.50059986114502,8.505000114440918,19654.0
2024-10-25 10:15:00+00:00,EXFY,1.725000023841858,1.725000023841858,1.725000023841858,1.718999981880188,1.718999981880188,1068.0
2024-10-25 10:15:00+00:00,EXTR,14.5649995803833,14.5649995803833,14.5649995803833,14.5649995803833,14.5649995803833,537.0
2024-10-25 10:15:00+00:00,FIVN,30.600000381469727,30.600000381469727,30.639999389648438,30.600000381469727,30.639999389648438,752.0
2024-10-25 10:15:00+00:00,FLEX,35.47999954223633,35.47999954223633,35.52000045776367,35.47999954223633,35.52000045776367,8099.0
2024-10-25 10:15:00+00:00,FLYW,17.520000457763672,17.520000457763672,17.530000686645508,17.520000457763672,17.530000686645508,2522.0
2024-10-25 10:15:00+00:00,FROG,29.55500030517578,29.55500030517578,29.59000015258789,29.55500030517578,29.55500030517578,903.0
2024-10-25 10:15:00+00:00,FRSH,11.720000267028809,11.720000267028809,11.729999542236328,11.720000267028809,11.729999542236328,2850.0
2024-10-25 10:15:00+00:00,FSLR,198.65499877929688,198.65499877929688,198.75,198.44500732421875,198.4871063232422,3850.0
2024-10-25 10:15:00+00:00,FTCI,0.701200008392334,0.701200008392334,0.701200008392334,0.701200008392334,0.701200008392334,2882.0
2024-10-25 10:15:00+00:00,FTNT,81.4800033569336,81.4800033569336,81.55000305175781,81.47000122070312,81.54000091552734,4514.0
2024-10-25 10:15:00+00:00,GCT,25.604999542236328,25.604999542236328,25.604999542236328,25.604999542236328,25.604999542236328,643.0
2024-10-25 10:15:00+00:00,GDS,21.905000686645508,21.905000686645508,21.905000686645508,21.850000381469727,21.850000381469727,2669.0
2024-10-25 10:15:00+00:00,GDYN,15.725000381469727,15.725000381469727,15.774999618530273,15.720000267028809,15.774999618530273,2535.0
2024-10-25 10:15:00+00:00,GFS,40.89500045776367,40.89500045776367,40.9900016784668,40.88999938964844,40.9900016784668,16798.0
2024-10-25 10:15:00+00:00,GPRO,1.3300000429153442,1.3300000429153442,1.3300000429153442,1.3300000429153442,1.3300000429153442,547.0
2024-10-25 10:15:00+00:00,GRAB,4.085000038146973,4.085000038146973,4.085000038146973,4.073999881744385,4.074999809265137,183548.0
2024-10-25 10:15:00+00:00,GRRR,4.699999809265137,4.699999809265137,4.699999809265137,4.679999828338623,4.679999828338623,4788.0
2024-10-25 10:15:00+00:00,GSIT,3.2118000984191895,3.2118000984191895,3.2118000984191895,3.2118000984191895,3.2118000984191895,2695.0
2024-10-25 10:15:00+00:00,GTLB,56.599998474121094,56.599998474121094,56.625,56.439998626708984,56.58000183105469,10342.0
2024-10-25 10:15:00+00:00,HCKT,24.920000076293945,24.920000076293945,24.920000076293945,24.920000076293945,24.920000076293945,910.0
2024-10-25 10:15:00+00:00,HCP,33.67499923706055,33.67499923706055,33.67499923706055,33.66999816894531,33.66999816894531,2523.0
2024-10-25 10:15:00+00:00,HEAR,16.5,16.5,16.5,16.5,16.5,169.0
2024-10-25 10:15:00+00:00,HLIT,14.779999732971191,14.779999732971191,14.789999961853027,14.779999732971191,14.789999961853027,1884.0
2024-10-25 10:15:00+00:00,HOLO,3.849600076675415,3.849600076675415,3.8592000007629395,3.849600076675415,3.8568999767303467,1633.0
2024-10-25 10:15:00+00:00,HOOD,27.459999084472656,27.459999084472656,27.469499588012695,27.434999465942383,27.440000534057617,12102.0
2024-10-25 10:15:00+00:00,IMMR,8.699999809265137,8.699999809265137,8.71500015258789,8.699999809265137,8.702799797058105,9358.0
2024-10-25 10:15:00+00:00,IMTE,1.6399999856948853,1.6399999856948853,1.6399999856948853,1.6399999856948853,1.6399999856948853,1052.0
2024-10-25 10:15:00+00:00,IMXI,17.815000534057617,17.815000534057617,17.815000534057617,17.815000534057617,17.815000534057617,204.0
2024-10-25 10:15:00+00:00,INDI,3.555000066757202,3.555000066757202,3.555999994277954,3.549999952316284,3.555000066757202,4022.0
2024-10-25 10:15:00+00:00,INOD,20.190000534057617,20.190000534057617,20.190000534057617,20.190000534057617,20.190000534057617,606.0
2024-10-25 10:15:00+00:00,INSG,19.95989990234375,19.95989990234375,19.95989990234375,19.95989990234375,19.95989990234375,154.0
2024-10-25 10:15:00+00:00,INTA,50.095001220703125,50.095001220703125,50.15999984741211,50.060001373291016,50.060001373291016,2337.0
2024-10-25 10:15:00+00:00,INTC,23.038700103759766,23.038700103759766,23.06999969482422,23.020000457763672,23.06999969482422,113972.0
2024-10-25 10:15:00+00:00,INTU,614.6099853515625,614.6099853515625,615.135009765625,614.6099853515625,615.135009765625,1537.0
2024-10-25 10:15:00+00:00,ITRI,103.5999984741211,103.5999984741211,103.5999984741211,103.5999984741211,103.5999984741211,644.0
2024-10-25 10:15:00+00:00,JKHY,185.23500061035156,185.23500061035156,185.23500061035156,185.23500061035156,185.23500061035156,1307.0
2024-10-25 10:15:00+00:00,KC,2.744999885559082,2.744999885559082,2.75,2.7200000286102295,2.7200000286102295,56572.0
2024-10-25 10:15:00+00:00,KLAC,677.9349975585938,677.9349975585938,678.5,677.9349975585938,678.0142822265625,1474.0
2024-10-25 10:15:00+00:00,LFUS,256.7900085449219,256.7900085449219,256.7900085449219,256.7900085449219,256.7900085449219,954.0
2024-10-25 10:15:00+00:00,LINK,4.909999847412109,4.909999847412109,5.26800012588501,4.909999847412109,5.26800012588501,39482.0
2024-10-25 10:15:00+00:00,LITE,64.75499725341797,64.75499725341797,64.79499816894531,64.75,64.75499725341797,2831.0
2024-10-25 10:15:00+00:00,LOGI,80.9000015258789,80.9000015258789,80.9000015258789,80.9000015258789,80.9000015258789,246.0
2024-10-25 10:15:00+00:00,LPSN,1.215000033378601,1.215000033378601,1.215000033378601,1.215000033378601,1.215000033378601,2001.0
2024-10-25 10:15:00+00:00,LRCX,78.62000274658203,78.62000274658203,78.62999725341797,78.4749984741211,78.5,47157.0
2024-10-25 10:15:00+00:00,LSCC,54.72999954223633,54.72999954223633,54.73249816894531,54.70000076293945,54.73249816894531,2523.0
2024-10-25 10:15:00+00:00,LYFT,13.675999641418457,13.675999641418457,13.694999694824219,13.670000076293945,13.694999694824219,26096.0
2024-10-25 10:15:00+00:00,MANH,277.30999755859375,277.30999755859375,278.2850036621094,277.30999755859375,278.2850036621094,5434.0
2024-10-25 10:15:00+00:00,MAXN,5.67110013961792,5.67110013961792,5.67110013961792,5.6616997718811035,5.6616997718811035,1982.0
2024-10-25 10:15:00+00:00,MCHP,77.22000122070312,77.22000122070312,77.26000213623047,77.20999908447266,77.26000213623047,4854.0
2024-10-25 10:15:00+00:00,MDB,270.0050048828125,270.0050048828125,270.3699035644531,269.82000732421875,270.0050048828125,2558.0
2024-10-25 10:15:00+00:00,MITK,8.789999961853027,8.789999961853027,8.800000190734863,8.789999961853027,8.800000190734863,243.0
2024-10-25 10:15:00+00:00,MKSI,100.88999938964844,100.88999938964844,100.88999938964844,100.88999938964844,100.88999938964844,824.0
2024-10-25 10:15:00+00:00,MNDY,301.7200012207031,301.7200012207031,301.7200012207031,301.1936950683594,301.1936950683594,4312.0
2024-10-25 10:15:00+00:00,MPWR,918.6849975585938,918.6849975585938,918.780029296875,918.6849975585938,918.780029296875,1819.0
2024-10-25 10:15:00+00:00,MQ,5.34499979019165,5.34499979019165,5.3454999923706055,5.340199947357178,5.3454999923706055,2405.0
2024-10-25 10:15:00+00:00,MRVL,83.06990051269531,83.06990051269531,83.08999633789062,82.9800033569336,83.01499938964844,14437.0
2024-10-25 10:15:00+00:00,MSFT,430.5849914550781,430.5849914550781,430.8699951171875,430.4801025390625,430.7099914550781,29937.0
2024-10-25 10:15:00+00:00,MSTR,243.08999633789062,243.08999633789062,243.17999267578125,241.6649932861328,241.75,98616.0
2024-10-25 10:15:00+00:00,MTC,0.3702000081539154,0.3702000081539154,0.37139999866485596,0.3702000081539154,0.37139999866485596,75837.0
2024-10-25 10:15:00+00:00,MTSI,119.06500244140625,119.06500244140625,119.18000030517578,118.91000366210938,119.18000030517578,1341.0
2024-10-25 10:15:00+00:00,MTTR,4.664999961853027,4.664999961853027,4.664999961853027,4.664999961853027,4.664999961853027,1349.0
2024-10-25 10:15:00+00:00,MU,109.27310180664062,109.27310180664062,109.3499984741211,109.16500091552734,109.19000244140625,102119.0
2024-10-25 10:15:00+00:00,MVIS,1.1050000190734863,1.1050000190734863,1.1050000190734863,1.1050000190734863,1.1050000190734863,1840.0
2024-10-25 10:15:00+00:00,MXL,14.979999542236328,14.979999542236328,14.979999542236328,14.979999542236328,14.979999542236328,524.0
2024-10-25 10:15:00+00:00,NEON,8.050000190734863,8.050000190734863,8.050000190734863,8.050000190734863,8.050000190734863,414.0
2024-10-25 10:15:00+00:00,NICE,176.97999572753906,176.97999572753906,176.97999572753906,176.97999572753906,176.97999572753906,265.0
2024-10-25 10:15:00+00:00,NNDM,2.3452000617980957,2.3452000617980957,2.3452000617980957,2.3450000286102295,2.3450000286102295,3377.0
2024-10-25 10:15:00+00:00,NOVT,174.7761993408203,174.7761993408203,174.7761993408203,174.7761993408203,174.7761993408203,381.0
2024-10-25 10:15:00+00:00,NSIT,212.8800048828125,212.8800048828125,212.8800048828125,212.60000610351562,212.8350067138672,3667.0
2024-10-25 10:15:00+00:00,NTAP,119.96499633789062,119.96499633789062,119.96499633789062,119.96499633789062,119.96499633789062,237.0
2024-10-25 10:15:00+00:00,NTGR,20.450000762939453,20.450000762939453,20.479999542236328,20.450000762939453,20.479999542236328,3086.0
2024-10-25 10:15:00+00:00,NTNX,62.61750030517578,62.61750030517578,62.63999938964844,62.58000183105469,62.58000183105469,1662.0
2024-10-25 10:15:00+00:00,NVDA,142.86500549316406,142.86500549316406,142.89999389648438,142.6699981689453,142.77000427246094,444316.0
2024-10-25 10:15:00+00:00,NVEI,33.53499984741211,33.53499984741211,33.53499984741211,33.529998779296875,33.529998779296875,3797.0
2024-10-25 10:15:00+00:00,NVMI,184.0050048828125,184.0050048828125,184.0050048828125,184.0050048828125,184.0050048828125,346.0
2024-10-25 10:15:00+00:00,NVTS,2.565000057220459,2.565000057220459,2.565000057220459,2.563999891281128,2.563999891281128,1246.0
2024-10-25 10:15:00+00:00,NXPI,244.08999633789062,244.08999633789062,244.1999969482422,243.99000549316406,243.99000549316406,6547.0
2024-10-25 10:15:00+00:00,OKTA,72.95780181884766,72.95780181884766,73.04000091552734,72.95780181884766,73.04000091552734,1802.0
2024-10-25 10:15:00+00:00,OLB,2.180000066757202,2.180000066757202,2.180000066757202,2.180000066757202,2.180000066757202,704.0
2024-10-25 10:15:00+00:00,OLED,204.14500427246094,204.14500427246094,204.14999389648438,203.72000122070312,203.72000122070312,729.0
2024-10-25 10:15:00+00:00,ON,72.04000091552734,72.04000091552734,72.0999984741211,71.95999908447266,72.07499694824219,47185.0
2024-10-25 10:15:00+00:00,PANW,370.7300109863281,370.7300109863281,371.0249938964844,370.7300109863281,370.79998779296875,6758.0
2024-10-25 10:15:00+00:00,PAYO,8.305000305175781,8.305000305175781,8.305000305175781,8.28499984741211,8.28499984741211,45374.0
2024-10-25 10:15:00+00:00,PEGA,80.9000015258789,80.9000015258789,80.97000122070312,80.89119720458984,80.89119720458984,1956.0
2024-10-25 10:15:00+00:00,PEGY,4.619999885559082,4.619999885559082,4.700099945068359,4.619999885559082,4.700099945068359,1454.0
2024-10-25 10:15:00+00:00,PGY,11.904999732971191,11.904999732971191,11.904999732971191,11.904999732971191,11.904999732971191,111.0
2024-10-25 10:15:00+00:00,PHUN,9.509900093078613,9.509900093078613,9.569899559020996,9.460000038146973,9.460000038146973,159515.0
2024-10-25 10:15:00+00:00,PI,199.4199981689453,199.4199981689453,199.88999938964844,199.4199981689453,199.88999938964844,1161.0
2024-10-25 10:15:00+00:00,POWI,63.310001373291016,63.310001373291016,63.310001373291016,63.310001373291016,63.310001373291016,688.0
2024-10-25 10:15:00+00:00,PRCH,1.3650000095367432,1.3650000095367432,1.3650000095367432,1.3650000095367432,1.3650000095367432,245.0
2024-10-25 10:15:00+00:00,PRGS,65.33999633789062,65.33999633789062,65.33999633789062,65.33999633789062,65.33999633789062,934.0
2024-10-25 10:15:00+00:00,PRTH,5.360000133514404,5.360000133514404,5.389999866485596,5.360000133514404,5.389999866485596,1939.0
2024-10-25 10:15:00+00:00,PYCR,14.470000267028809,14.470000267028809,14.470000267028809,14.470000267028809,14.470000267028809,411.0
2024-10-25 10:15:00+00:00,QCOM,172.34039306640625,172.34039306640625,172.36000061035156,172.25999450683594,172.32009887695312,6277.0
2024-10-25 10:15:00+00:00,QLYS,121.4800033569336,121.4800033569336,121.48999786376953,121.4800033569336,121.48999786376953,1545.0
2024-10-25 10:15:00+00:00,QMCO,5.438000202178955,5.438000202178955,5.438000202178955,5.438000202178955,5.438000202178955,748.0
2024-10-25 10:15:00+00:00,QRVO,100.27999877929688,100.27999877929688,100.375,100.27999877929688,100.375,2119.0
2024-10-25 10:15:00+00:00,QUBT,1.125,1.125,1.1299999952316284,1.1200000047683716,1.1200000047683716,5120.0
2024-10-25 10:15:00+00:00,RCAT,2.755000114440918,2.755000114440918,2.755000114440918,2.755000114440918,2.755000114440918,193.0
2024-10-25 10:15:00+00:00,REKR,1.100000023841858,1.100000023841858,1.100000023841858,1.100000023841858,1.100000023841858,200.0
2024-10-25 10:15:00+00:00,RELY,14.8100004196167,14.8100004196167,14.827699661254883,14.8100004196167,14.827699661254883,1877.0
2024-10-25 10:15:00+00:00,RGTI,1.274999976158142,1.274999976158142,1.2799999713897705,1.2699999809265137,1.274999976158142,21303.0
2024-10-25 10:15:00+00:00,RIOT,10.125,10.125,10.12559986114502,10.09000015258789,10.099900245666504,30185.0
2024-10-25 10:15:00+00:00,RMBS,42.939998626708984,42.939998626708984,42.959999084472656,42.939998626708984,42.959999084472656,1196.0
2024-10-25 10:15:00+00:00,RMNI,1.7400000095367432,1.7400000095367432,1.7400000095367432,1.7400000095367432,1.7400000095367432,531.0
2024-10-25 10:15:00+00:00,RPAY,7.65500020980835,7.65500020980835,7.659999847412109,7.65500020980835,7.659999847412109,492.0
2024-10-25 10:15:00+00:00,RUM,5.686500072479248,5.686500072479248,5.686500072479248,5.679999828338623,5.684700012207031,5701.0
2024-10-25 10:15:00+00:00,RUN,14.475000381469727,14.475000381469727,14.484999656677246,14.369999885559082,14.390000343322754,51462.0
2024-10-25 10:15:00+00:00,SANM,67.93000030517578,67.93000030517578,67.93000030517578,67.83999633789062,67.83999633789062,1421.0
2024-10-25 10:15:00+00:00,SATS,25.25,25.25,25.280000686645508,25.25,25.270000457763672,3486.0
2024-10-25 10:15:00+00:00,SCWX,8.385000228881836,8.385000228881836,8.385000228881836,8.385000228881836,8.385000228881836,301.0
2024-10-25 10:15:00+00:00,SEDG,15.850000381469727,15.850000381469727,15.859199523925781,15.81029987335205,15.819999694824219,28167.0
2024-10-25 10:15:00+00:00,SHLS,5.224999904632568,5.224999904632568,5.224999904632568,5.210000038146973,5.224999904632568,13552.0
2024-10-25 10:15:00+00:00,SITM,184.27499389648438,184.27499389648438,184.27499389648438,184.27499389648438,184.27499389648438,793.0
2024-10-25 10:15:00+00:00,SLNH,4.159999847412109,4.159999847412109,4.159999847412109,4.159999847412109,4.159999847412109,2011.0
2024-10-25 10:15:00+00:00,SLNHP,12.550000190734863,12.550000190734863,12.550000190734863,12.550000190734863,12.550000190734863,498.0
2024-10-25 10:15:00+00:00,SMCI,47.39400100708008,47.39400100708008,47.43539810180664,47.31999969482422,47.34000015258789,64563.0
2024-10-25 10:15:00+00:00,SMTC,45.720001220703125,45.720001220703125,45.720001220703125,45.720001220703125,45.720001220703125,774.0
2024-10-25 10:15:00+00:00,SNPS,506.0343933105469,506.0343933105469,506.0343933105469,505.25,505.25,1831.0
2024-10-25 10:15:00+00:00,SONO,12.850000381469727,12.850000381469727,12.854999542236328,12.845000267028809,12.854999542236328,2545.0
2024-10-25 10:15:00+00:00,SOUN,5.326000213623047,5.326000213623047,5.329999923706055,5.309999942779541,5.320000171661377,32583.0
2024-10-25 10:15:00+00:00,SPSC,183.8000030517578,183.8000030517578,184.33999633789062,182.8249969482422,184.33999633789062,2978.0
2024-10-25 10:15:00+00:00,SPT,27.479999542236328,27.479999542236328,27.530000686645508,27.479999542236328,27.530000686645508,1442.0
2024-10-25 10:15:00+00:00,SSNC,69.66000366210938,69.66000366210938,69.8499984741211,69.63500213623047,69.83499908447266,16581.0
2024-10-25 10:15:00+00:00,SSYS,7.130000114440918,7.130000114440918,7.130000114440918,7.114200115203857,7.114200115203857,1198.0
2024-10-25 10:15:00+00:00,STNE,11.425000190734863,11.425000190734863,11.427000045776367,11.404999732971191,11.404999732971191,7588.0
2024-10-25 10:15:00+00:00,STX,104.06999969482422,104.06999969482422,104.12000274658203,104.02999877929688,104.12000274658203,3211.0
2024-10-25 10:15:00+00:00,SVRE,0.08529999852180481,0.08529999852180481,0.08540000021457672,0.08529999852180481,0.08540000021457672,61555.0
2024-10-25 10:15:00+00:00,SWKS,95.99500274658203,95.99500274658203,96.04000091552734,95.94000244140625,96.04000091552734,4901.0
2024-10-25 10:15:00+00:00,SYTA,1.1900999546051025,1.1900999546051025,1.1901999711990356,1.190000057220459,1.1901999711990356,1263.0
2024-10-25 10:15:00+00:00,TAOP,0.45980000495910645,0.45980000495910645,0.45980000495910645,0.45980000495910645,0.45980000495910645,2001.0
2024-10-25 10:15:00+00:00,TASK,12.0600004196167,12.0600004196167,12.0600004196167,12.0600004196167,12.0600004196167,594.0
2024-10-25 10:15:00+00:00,TEAM,191.42999267578125,191.42999267578125,191.77000427246094,191.17999267578125,191.4250030517578,17917.0
2024-10-25 10:15:00+00:00,TENB,41.310001373291016,41.310001373291016,41.310001373291016,41.310001373291016,41.310001373291016,330.0
2024-10-25 10:15:00+00:00,TER,112.41999816894531,112.41999816894531,112.41999816894531,112.30000305175781,112.41000366210938,4314.0
2024-10-25 10:15:00+00:00,TLS,3.630000114440918,3.630000114440918,3.630000114440918,3.630000114440918,3.630000114440918,536.0
2024-10-25 10:15:00+00:00,TRMB,61.16999816894531,61.16999816894531,61.17499923706055,61.15999984741211,61.17499923706055,1046.0
2024-10-25 10:15:00+00:00,TSAT,13.260000228881836,13.260000228881836,13.260000228881836,13.260000228881836,13.260000228881836,4466.0
2024-10-25 10:15:00+00:00,TTD,120.23999786376953,120.23999786376953,120.41999816894531,120.23999786376953,120.40499877929688,4668.0
2024-10-25 10:15:00+00:00,TTMI,19.489999771118164,19.489999771118164,19.489999771118164,19.489999771118164,19.489999771118164,193.0
2024-10-25 10:15:00+00:00,TWKS,4.454999923706055,4.454999923706055,4.454999923706055,4.449999809265137,4.450099945068359,20287.0
2024-10-25 10:15:00+00:00,TXN,209.9199981689453,209.9199981689453,209.97000122070312,209.8000030517578,209.9199981689453,19120.0
2024-10-25 10:15:00+00:00,UCTT,35.83000183105469,35.83000183105469,35.83000183105469,35.83000183105469,35.83000183105469,287.0
2024-10-25 10:15:00+00:00,VERI,3.4619998931884766,3.4619998931884766,3.4649999141693115,3.4619998931884766,3.4649999141693115,968.0
2024-10-25 10:15:00+00:00,VERX,42.65999984741211,42.65999984741211,42.66999816894531,42.61000061035156,42.61000061035156,2273.0
2024-10-25 10:15:00+00:00,VMEO,4.760000228881836,4.760000228881836,4.760000228881836,4.760000228881836,4.760000228881836,282.0
2024-10-25 10:15:00+00:00,VNET,3.4549999237060547,3.4549999237060547,3.4549999237060547,3.4549999237060547,3.4549999237060547,433.0
2024-10-25 10:15:00+00:00,VRNS,57.189998626708984,57.189998626708984,57.21500015258789,57.154998779296875,57.21500015258789,1678.0
2024-10-25 10:15:00+00:00,VRNT,22.209999084472656,22.209999084472656,22.209999084472656,22.209999084472656,22.209999084472656,452.0
2024-10-25 10:15:00+00:00,VRSN,189.17999267578125,189.17999267578125,189.17999267578125,189.17999267578125,189.17999267578125,288.0
2024-10-25 10:15:00+00:00,VSAT,10.335000038146973,10.335000038146973,10.34000015258789,10.319999694824219,10.319999694824219,8709.0
2024-10-25 10:15:00+00:00,WALD,3.6312999725341797,3.6312999725341797,3.6312999725341797,3.630000114440918,3.630000114440918,3210.0
2024-10-25 10:15:00+00:00,WDAY,241.13999938964844,241.13999938964844,241.24000549316406,241.0800018310547,241.24000549316406,1137.0
2024-10-25 10:15:00+00:00,WDC,71.87999725341797,71.87999725341797,71.95999908447266,71.8499984741211,71.88999938964844,38382.0
2024-10-25 10:15:00+00:00,WISA,1.8202999830245972,1.8202999830245972,1.8202999830245972,1.8200000524520874,1.8200000524520874,491.0
2024-10-25 10:15:00+00:00,XPER,9.390000343322754,9.390000343322754,9.390000343322754,9.390000343322754,9.390000343322754,108.0
2024-10-25 10:15:00+00:00,XRX,10.180000305175781,10.180000305175781,10.180000305175781,10.175000190734863,10.175000190734863,1078.0
2024-10-25 10:15:00+00:00,ZENV,1.409999966621399,1.409999966621399,1.409999966621399,1.409999966621399,1.409999966621399,200.0
2024-10-25 10:15:00+00:00,ZI,10.614999771118164,10.614999771118164,10.630000114440918,10.614999771118164,10.625,5767.0
2024-10-25 10:15:00+00:00,ZM,73.2699966430664,73.2699966430664,73.30999755859375,73.2699966430664,73.27999877929688,4065.0
2024-10-25 10:15:00+00:00,ZS,187.3657989501953,187.3657989501953,187.40499877929688,187.3657989501953,187.40499877929688,3509.0
2024-10-25 10:16:00+00:00,AAOI,17.739999771118164,17.739999771118164,17.770000457763672,17.719999313354492,17.75,6833.0
2024-10-25 10:16:00+00:00,AAPL,232.02000427246094,232.02000427246094,232.08999633789062,231.97000122070312,231.97000122070312,41324.0
2024-10-25 10:16:00+00:00,ACIW,49.27000045776367,49.27000045776367,49.279998779296875,49.27000045776367,49.279998779296875,1753.0
2024-10-25 10:16:00+00:00,ACLS,91.06500244140625,91.06500244140625,91.16000366210938,91.06500244140625,91.16000366210938,1391.0
2024-10-25 10:16:00+00:00,ACMR,19.665000915527344,19.665000915527344,19.665000915527344,19.665000915527344,19.665000915527344,454.0
2024-10-25 10:16:00+00:00,ADBE,487.7900085449219,487.7900085449219,487.7900085449219,487.4200134277344,487.6199951171875,2621.0
2024-10-25 10:16:00+00:00,ADI,234.19000244140625,234.19000244140625,234.19000244140625,234.19000244140625,234.19000244140625,534.0
2024-10-25 10:16:00+00:00,ADSK,288.25,288.25,288.375,288.1499938964844,288.3699951171875,2353.0
2024-10-25 10:16:00+00:00,ADTN,6.360000133514404,6.360000133514404,6.360000133514404,6.34499979019165,6.34499979019165,4700.0
2024-10-25 10:16:00+00:00,AEHR,16.29680061340332,16.29680061340332,16.299999237060547,16.25,16.260000228881836,8895.0
2024-10-25 10:16:00+00:00,AFRM,42.04999923706055,42.04999923706055,42.11000061035156,42.040000915527344,42.11000061035156,14998.0
2024-10-25 10:16:00+00:00,AIP,6.922999858856201,6.922999858856201,6.922999858856201,6.922999858856201,6.922999858856201,384.0
2024-10-25 10:16:00+00:00,AKAM,103.52999877929688,103.52999877929688,103.55000305175781,103.52999877929688,103.55000305175781,1189.0
2024-10-25 10:16:00+00:00,AKTS,0.0560000017285347,0.0560000017285347,0.0560000017285347,0.055799998342990875,0.055799998342990875,147320.0
2024-10-25 10:16:00+00:00,ALGM,22.44499969482422,22.44499969482422,22.469999313354492,22.43000030517578,22.459999084472656,8263.0
2024-10-25 10:16:00+00:00,ALRM,54.689998626708984,54.689998626708984,54.689998626708984,54.689998626708984,54.689998626708984,565.0
2024-10-25 10:16:00+00:00,ALTR,105.51000213623047,105.51000213623047,105.66999816894531,105.51000213623047,105.65499877929688,1174.0
2024-10-25 10:16:00+00:00,AMAT,188.33999633789062,188.33999633789062,188.47999572753906,188.33999633789062,188.47999572753906,5533.0
2024-10-25 10:16:00+00:00,AMD,158.10000610351562,158.10000610351562,158.23170471191406,157.99000549316406,157.99000549316406,122596.0
2024-10-25 10:16:00+00:00,AMKR,29.850000381469727,29.850000381469727,29.860000610351562,29.850000381469727,29.850000381469727,2616.0
2024-10-25 10:16:00+00:00,AOSL,36.25,36.25,36.29999923706055,36.20000076293945,36.29999923706055,2251.0
2024-10-25 10:16:00+00:00,API,2.6600000858306885,2.6600000858306885,2.6600000858306885,2.6600000858306885,2.6600000858306885,510.0
2024-10-25 10:16:00+00:00,APP,163.16000366210938,163.16000366210938,163.16000366210938,163.0,163.0,7207.0
2024-10-25 10:16:00+00:00,APPN,32.43000030517578,32.43000030517578,32.43000030517578,32.43000030517578,32.43000030517578,187.0
2024-10-25 10:16:00+00:00,ARQQ,7.614999771118164,7.614999771118164,7.614999771118164,7.614999771118164,7.614999771118164,317.0
2024-10-25 10:16:00+00:00,ARRY,6.474999904632568,6.474999904632568,6.480000019073486,6.449999809265137,6.449999809265137,13028.0
2024-10-25 10:16:00+00:00,ASML,720.8800048828125,720.8800048828125,721.3878173828125,720.8800048828125,721.3878173828125,2049.0
2024-10-25 10:16:00+00:00,ASNS,1.350000023841858,1.350000023841858,1.350000023841858,1.350000023841858,1.350000023841858,153.0
2024-10-25 10:16:00+00:00,AUR,6.519999980926514,6.519999980926514,6.525000095367432,6.519999980926514,6.525000095367432,2725.0
2024-10-25 10:16:00+00:00,AVDX,8.255000114440918,8.255000114440918,8.255000114440918,8.234999656677246,8.234999656677246,84577.0
2024-10-25 10:16:00+00:00,AVGO,175.47000122070312,175.47000122070312,175.58999633789062,175.33599853515625,175.33599853515625,28599.0
2024-10-25 10:16:00+00:00,BCOV,2.265000104904175,2.265000104904175,2.29010009765625,2.265000104904175,2.2899999618530273,7676.0
2024-10-25 10:16:00+00:00,BIGC,5.375,5.375,5.375,5.375,5.375,813.0
2024-10-25 10:16:00+00:00,BMBL,7.275000095367432,7.275000095367432,7.275000095367432,7.264999866485596,7.269999980926514,3008.0
2024-10-25 10:16:00+00:00,BRZE,31.0,31.0,31.0,31.0,31.0,160.0
2024-10-25 10:16:00+00:00,CAMT,78.37999725341797,78.37999725341797,78.37999725341797,78.37999725341797,78.37999725341797,481.0
2024-10-25 10:16:00+00:00,CAN,0.9994999766349792,0.9994999766349792,1.0,0.9972000122070312,1.0,37422.0
2024-10-25 10:16:00+00:00,CCSI,20.40999984741211,20.40999984741211,20.489999771118164,20.40999984741211,20.489999771118164,1189.0
2024-10-25 10:16:00+00:00,CDNS,258.7049865722656,258.7049865722656,258.7799987792969,258.57000732421875,258.57000732421875,6200.0
2024-10-25 10:16:00+00:00,CETX,0.29600000381469727,0.29600000381469727,0.2994000017642975,0.29409998655319214,0.2994000017642975,10914.0
2024-10-25 10:16:00+00:00,CFLT,22.506099700927734,22.506099700927734,22.530000686645508,22.5,22.520000457763672,20752.0
2024-10-25 10:16:00+00:00,CGNX,39.32500076293945,39.32500076293945,39.32500076293945,39.31010055541992,39.31010055541992,479.0
2024-10-25 10:16:00+00:00,CHKP,207.4499969482422,207.4499969482422,207.5449981689453,207.35000610351562,207.5449981689453,8832.0
2024-10-25 10:16:00+00:00,CLSK,11.970000267028809,11.970000267028809,12.010000228881836,11.951000213623047,11.989999771118164,114643.0
2024-10-25 10:16:00+00:00,CMTL,3.705199956893921,3.705199956893921,3.705199956893921,3.705199956893921,3.705199956893921,676.0
2024-10-25 10:16:00+00:00,CNXN,70.9000015258789,70.9000015258789,70.9000015258789,70.9000015258789,70.9000015258789,3545.0
2024-10-25 10:16:00+00:00,COHR,96.48999786376953,96.48999786376953,96.56500244140625,96.4800033569336,96.55999755859375,1686.0
2024-10-25 10:16:00+00:00,COIN,212.8040008544922,212.8040008544922,213.3000030517578,212.6199951171875,212.8800048828125,25541.0
2024-10-25 10:16:00+00:00,COMM,6.414999961853027,6.414999961853027,6.420000076293945,6.414999961853027,6.417500019073486,9191.0
2024-10-25 10:16:00+00:00,CORZ,13.600000381469727,13.600000381469727,13.625,13.600000381469727,13.619999885559082,4337.0
2024-10-25 10:16:00+00:00,CPTN,3.140000104904175,3.140000104904175,3.140000104904175,3.140000104904175,3.140000104904175,200.0
2024-10-25 10:16:00+00:00,CRDO,39.529998779296875,39.529998779296875,39.529998779296875,39.529998779296875,39.529998779296875,2646.0
2024-10-25 10:16:00+00:00,CRNC,2.884999990463257,2.884999990463257,2.884999990463257,2.880000114440918,2.880000114440918,1348.0
2024-10-25 10:16:00+00:00,CRSR,6.440000057220459,6.440000057220459,6.440000057220459,6.440000057220459,6.440000057220459,1284.0
2024-10-25 10:16:00+00:00,CRUS,122.97000122070312,122.97000122070312,122.97000122070312,122.97000122070312,122.97000122070312,839.0
2024-10-25 10:16:00+00:00,CRWD,308.7200012207031,308.7200012207031,309.20159912109375,308.7200012207031,309.20159912109375,3132.0
2024-10-25 10:16:00+00:00,CSCO,56.369998931884766,56.369998931884766,56.389801025390625,56.3650016784668,56.375,14175.0
2024-10-25 10:16:00+00:00,CSGS,47.93920135498047,47.93920135498047,47.93920135498047,47.93920135498047,47.93920135498047,274.0
2024-10-25 10:16:00+00:00,CSIQ,13.579999923706055,13.579999923706055,13.779999732971191,13.579999923706055,13.75,44668.0
2024-10-25 10:16:00+00:00,CTLP,9.09000015258789,9.09000015258789,9.095000267028809,9.079999923706055,9.079999923706055,3370.0
2024-10-25 10:16:00+00:00,CTSH,75.27999877929688,75.27999877929688,75.27999877929688,75.27999877929688,75.27999877929688,1855.0
2024-10-25 10:16:00+00:00,CYBR,295.239990234375,295.239990234375,295.239990234375,295.239990234375,295.239990234375,145.0
2024-10-25 10:16:00+00:00,DATS,1.6201000213623047,1.6201000213623047,1.6201000213623047,1.6201000213623047,1.6201000213623047,200.0
2024-10-25 10:16:00+00:00,DBX,26.110000610351562,26.110000610351562,26.114999771118164,26.110000610351562,26.114999771118164,3582.0
2024-10-25 10:16:00+00:00,DDOG,126.66500091552734,126.66500091552734,126.83999633789062,126.6500015258789,126.69000244140625,16090.0
2024-10-25 10:16:00+00:00,DLO,8.8100004196167,8.8100004196167,8.819999694824219,8.8100004196167,8.8100004196167,1766.0
2024-10-25 10:16:00+00:00,DOCU,70.30989837646484,70.30989837646484,70.32499694824219,70.29000091552734,70.32499694824219,4923.0
2024-10-25 10:16:00+00:00,DOMO,7.995100021362305,7.995100021362305,8.020000457763672,7.995100021362305,8.020000457763672,6295.0
2024-10-25 10:16:00+00:00,DSGX,105.21499633789062,105.21499633789062,105.21499633789062,105.21499633789062,105.21499633789062,419.0
2024-10-25 10:16:00+00:00,DTSS,2.430000066757202,2.430000066757202,2.430000066757202,2.430000066757202,2.430000066757202,853.0
2024-10-25 10:16:00+00:00,ENPH,82.0199966430664,82.0199966430664,82.17919921875,81.83999633789062,81.83999633789062,12536.0
2024-10-25 10:16:00+00:00,ERIC,8.505000114440918,8.505000114440918,8.505999565124512,8.505000114440918,8.505999565124512,17063.0
2024-10-25 10:16:00+00:00,EXFY,1.725000023841858,1.725000023841858,1.725000023841858,1.725000023841858,1.725000023841858,300.0
2024-10-25 10:16:00+00:00,EXTR,14.569999694824219,14.569999694824219,14.569999694824219,14.5649995803833,14.5649995803833,431.0
2024-10-25 10:16:00+00:00,FIVN,30.53499984741211,30.53499984741211,30.600000381469727,30.53499984741211,30.600000381469727,1967.0
2024-10-25 10:16:00+00:00,FLEX,35.5,35.5,35.5,35.4900016784668,35.4900016784668,17358.0
2024-10-25 10:16:00+00:00,FLYW,17.540000915527344,17.540000915527344,17.540000915527344,17.540000915527344,17.540000915527344,642.0
2024-10-25 10:16:00+00:00,FROG,29.520000457763672,29.520000457763672,29.540000915527344,29.520000457763672,29.540000915527344,1538.0
2024-10-25 10:16:00+00:00,FRSH,11.710000038146973,11.710000038146973,11.729999542236328,11.710000038146973,11.729999542236328,1411.0
2024-10-25 10:16:00+00:00,FSLR,198.68499755859375,198.68499755859375,199.0,198.47999572753906,198.89999389648438,14134.0
2024-10-25 10:16:00+00:00,FTCI,0.701200008392334,0.701200008392334,0.701200008392334,0.701200008392334,0.701200008392334,1503.0
2024-10-25 10:16:00+00:00,FTNT,81.48999786376953,81.48999786376953,81.5199966430664,81.47000122070312,81.4999008178711,2957.0
2024-10-25 10:16:00+00:00,GCT,25.61199951171875,25.61199951171875,25.62529945373535,25.610000610351562,25.610000610351562,1123.0
2024-10-25 10:16:00+00:00,GDS,21.940000534057617,21.940000534057617,21.969999313354492,21.940000534057617,21.940000534057617,3389.0
2024-10-25 10:16:00+00:00,GDYN,15.710000038146973,15.710000038146973,15.710000038146973,15.710000038146973,15.710000038146973,288.0
2024-10-25 10:16:00+00:00,GFS,40.904998779296875,40.904998779296875,40.939998626708984,40.880001068115234,40.91999816894531,13495.0
2024-10-25 10:16:00+00:00,GPRO,1.3300000429153442,1.3300000429153442,1.3300000429153442,1.3300000429153442,1.3300000429153442,2669.0
2024-10-25 10:16:00+00:00,GRAB,4.084000110626221,4.084000110626221,4.089799880981445,4.0802001953125,4.0802001953125,17952.0
2024-10-25 10:16:00+00:00,GRRR,4.679999828338623,4.679999828338623,4.690000057220459,4.679999828338623,4.690000057220459,707.0
2024-10-25 10:16:00+00:00,GSIT,3.2100000381469727,3.2100000381469727,3.2100000381469727,3.2100000381469727,3.2100000381469727,1341.0
2024-10-25 10:16:00+00:00,GTLB,56.56999969482422,56.56999969482422,56.599998474121094,56.56999969482422,56.599998474121094,2692.0
2024-10-25 10:16:00+00:00,HCP,33.65999984741211,33.65999984741211,33.66999816894531,33.65999984741211,33.66999816894531,28397.0
2024-10-25 10:16:00+00:00,HOLO,3.8350000381469727,3.8350000381469727,3.8450000286102295,3.8299999237060547,3.8399999141693115,9244.0
2024-10-25 10:16:00+00:00,HOOD,27.424999237060547,27.424999237060547,27.469999313354492,27.424999237060547,27.459999084472656,17828.0
2024-10-25 10:16:00+00:00,ICHR,27.760000228881836,27.760000228881836,27.790000915527344,27.760000228881836,27.790000915527344,3597.0
2024-10-25 10:16:00+00:00,IMMR,8.699999809265137,8.699999809265137,8.699999809265137,8.699999809265137,8.699999809265137,408.0
2024-10-25 10:16:00+00:00,IMXI,17.815000534057617,17.815000534057617,17.815000534057617,17.815000534057617,17.815000534057617,297.0
2024-10-25 10:16:00+00:00,INDI,3.565000057220459,3.565000057220459,3.565000057220459,3.555000066757202,3.555000066757202,3091.0
2024-10-25 10:16:00+00:00,INOD,20.190000534057617,20.190000534057617,20.190000534057617,20.190000534057617,20.190000534057617,1946.0
2024-10-25 10:16:00+00:00,INSG,19.799999237060547,19.799999237060547,19.899999618530273,19.799999237060547,19.899999618530273,889.0
2024-10-25 10:16:00+00:00,INTA,50.19499969482422,50.19499969482422,50.19499969482422,50.130001068115234,50.130001068115234,2783.0
2024-10-25 10:16:00+00:00,INTC,23.020000457763672,23.020000457763672,23.040000915527344,23.010000228881836,23.03499984741211,218960.0
2024-10-25 10:16:00+00:00,INTU,614.469970703125,614.469970703125,615.0,614.469970703125,615.0,1752.0
2024-10-25 10:16:00+00:00,INTZ,0.723800003528595,0.723800003528595,0.7527999877929688,0.723800003528595,0.7300000190734863,1885.0
2024-10-25 10:16:00+00:00,KC,2.7309999465942383,2.7309999465942383,2.744999885559082,2.7309999465942383,2.744999885559082,27620.0
2024-10-25 10:16:00+00:00,KLAC,678.530029296875,678.530029296875,678.530029296875,677.9249877929688,677.9249877929688,2451.0
2024-10-25 10:16:00+00:00,KOSS,7.349999904632568,7.349999904632568,7.3541998863220215,7.349999904632568,7.3541998863220215,2639.0
2024-10-25 10:16:00+00:00,LASR,10.531000137329102,10.531000137329102,10.531000137329102,10.531000137329102,10.531000137329102,127.0
2024-10-25 10:16:00+00:00,LFUS,256.5,256.5,256.5,256.5,256.5,394.0
2024-10-25 10:16:00+00:00,LOGI,80.87000274658203,80.87000274658203,80.87999725341797,80.87000274658203,80.87999725341797,806.0
2024-10-25 10:16:00+00:00,LPSN,1.2200000286102295,1.2200000286102295,1.2200000286102295,1.2200000286102295,1.2200000286102295,109.0
2024-10-25 10:16:00+00:00,LRCX,78.8499984741211,78.8499984741211,78.85990142822266,78.62000274658203,78.62409973144531,63337.0
2024-10-25 10:16:00+00:00,LSCC,54.65999984741211,54.65999984741211,54.779998779296875,54.65999984741211,54.72999954223633,4640.0
2024-10-25 10:16:00+00:00,LYFT,13.649900436401367,13.649900436401367,13.680000305175781,13.640000343322754,13.6766996383667,21970.0
2024-10-25 10:16:00+00:00,MANH,277.010009765625,277.010009765625,277.010009765625,277.010009765625,277.010009765625,171.0
2024-10-25 10:16:00+00:00,MAXN,5.699999809265137,5.699999809265137,5.699999809265137,5.699999809265137,5.699999809265137,1661.0
2024-10-25 10:16:00+00:00,MCHP,77.20999908447266,77.20999908447266,77.20999908447266,77.18000030517578,77.19999694824219,4755.0
2024-10-25 10:16:00+00:00,MDB,269.80999755859375,269.80999755859375,270.0299987792969,269.80999755859375,269.9949951171875,1405.0
2024-10-25 10:16:00+00:00,MIND,3.5,3.5,3.5,3.5,3.5,7600.0
2024-10-25 10:16:00+00:00,MITK,8.779999732971191,8.779999732971191,8.779999732971191,8.779999732971191,8.779999732971191,335.0
2024-10-25 10:16:00+00:00,MNDY,301.885009765625,301.885009765625,301.885009765625,301.67999267578125,301.67999267578125,2341.0
2024-10-25 10:16:00+00:00,MOB,1.3246999979019165,1.3246999979019165,1.3246999979019165,1.3246999979019165,1.3246999979019165,1008.0
2024-10-25 10:16:00+00:00,MOGO,1.0292999744415283,1.0292999744415283,1.0292999744415283,1.0292999744415283,1.0292999744415283,343.0
2024-10-25 10:16:00+00:00,MPWR,919.9149780273438,919.9149780273438,919.9149780273438,919.9149780273438,919.9149780273438,195.0
2024-10-25 10:16:00+00:00,MRIN,2.130000114440918,2.130000114440918,2.130000114440918,2.130000114440918,2.130000114440918,515.0
2024-10-25 10:16:00+00:00,MRVL,83.08999633789062,83.08999633789062,83.12000274658203,83.03500366210938,83.04000091552734,14158.0
2024-10-25 10:16:00+00:00,MSFT,430.4649963378906,430.4649963378906,430.7099914550781,430.42999267578125,430.5299987792969,31361.0
2024-10-25 10:16:00+00:00,MSTR,242.6999969482422,242.6999969482422,243.64999389648438,242.3000030517578,243.10000610351562,122434.0
2024-10-25 10:16:00+00:00,MTSI,119.16000366210938,119.16000366210938,119.16000366210938,119.06999969482422,119.06999969482422,1284.0
2024-10-25 10:16:00+00:00,MTTR,4.664999961853027,4.664999961853027,4.664999961853027,4.662600040435791,4.664999961853027,920.0
2024-10-25 10:16:00+00:00,MU,109.30000305175781,109.30000305175781,109.33989715576172,109.23999786376953,109.29000091552734,28527.0
2024-10-25 10:16:00+00:00,MVIS,1.1050000190734863,1.1050000190734863,1.1098999977111816,1.100000023841858,1.1098999977111816,8748.0
2024-10-25 10:16:00+00:00,MXL,15.0,15.0,15.015000343322754,14.989999771118164,15.0,3395.0
2024-10-25 10:16:00+00:00,NCNO,38.349998474121094,38.349998474121094,38.349998474121094,38.31999969482422,38.31999969482422,2155.0
2024-10-25 10:16:00+00:00,NEON,8.050000190734863,8.050000190734863,8.050000190734863,8.050000190734863,8.050000190734863,120.0
2024-10-25 10:16:00+00:00,NICE,176.8249969482422,176.8249969482422,176.8249969482422,176.8249969482422,176.8249969482422,251.0
2024-10-25 10:16:00+00:00,NNDM,2.3450000286102295,2.3450000286102295,2.3450000286102295,2.3450000286102295,2.3450000286102295,225.0
2024-10-25 10:16:00+00:00,NSIT,212.0998992919922,212.0998992919922,212.33999633789062,212.0,212.33999633789062,1882.0
2024-10-25 10:16:00+00:00,NTAP,119.91999816894531,119.91999816894531,120.01000213623047,119.91999816894531,120.01000213623047,2644.0
2024-10-25 10:16:00+00:00,NTCT,20.700000762939453,20.700000762939453,20.700000762939453,20.700000762939453,20.700000762939453,735.0
2024-10-25 10:16:00+00:00,NTNX,62.61199951171875,62.61199951171875,62.61199951171875,62.61199951171875,62.61199951171875,224.0
2024-10-25 10:16:00+00:00,NVDA,143.0247039794922,143.0247039794922,143.0800018310547,142.8699951171875,142.8699951171875,707914.0
2024-10-25 10:16:00+00:00,NVMI,184.0050048828125,184.0050048828125,184.0050048828125,184.0050048828125,184.0050048828125,190.0
2024-10-25 10:16:00+00:00,NVTS,2.571199893951416,2.571199893951416,2.5799999237060547,2.569999933242798,2.569999933242798,15708.0
2024-10-25 10:16:00+00:00,NXPI,244.17999267578125,244.17999267578125,244.17999267578125,244.17999267578125,244.17999267578125,2362.0
2024-10-25 10:16:00+00:00,OKTA,72.87999725341797,72.87999725341797,72.97000122070312,72.87999725341797,72.97000122070312,1945.0
2024-10-25 10:16:00+00:00,OLB,2.2899999618530273,2.2899999618530273,2.2899999618530273,2.2899999618530273,2.2899999618530273,24141.0
2024-10-25 10:16:00+00:00,ON,71.94999694824219,71.94999694824219,72.0199966430664,71.93000030517578,71.9800033569336,15700.0
2024-10-25 10:16:00+00:00,OTEX,33.63999938964844,33.63999938964844,33.63999938964844,33.63999938964844,33.63999938964844,941.0
2024-10-25 10:16:00+00:00,PANW,370.41009521484375,370.41009521484375,370.6600036621094,370.41009521484375,370.6600036621094,1586.0
2024-10-25 10:16:00+00:00,PAYO,8.319999694824219,8.319999694824219,8.324999809265137,8.305000305175781,8.305000305175781,16129.0
2024-10-25 10:16:00+00:00,PEGA,80.8499984741211,80.8499984741211,80.8499984741211,80.8499984741211,80.8499984741211,1596.0
2024-10-25 10:16:00+00:00,PEGY,4.659999847412109,4.659999847412109,4.659999847412109,4.620100021362305,4.659999847412109,1378.0
2024-10-25 10:16:00+00:00,PGY,11.880000114440918,11.880000114440918,11.904999732971191,11.880000114440918,11.904999732971191,1378.0
2024-10-25 10:16:00+00:00,PHUN,9.609999656677246,9.609999656677246,9.670000076293945,9.505000114440918,9.505000114440918,129967.0
2024-10-25 10:16:00+00:00,PI,199.2899932861328,199.2899932861328,199.2899932861328,199.2899932861328,199.2899932861328,362.0
2024-10-25 10:16:00+00:00,PLAB,23.71500015258789,23.71500015258789,23.71500015258789,23.71500015258789,23.71500015258789,628.0
2024-10-25 10:16:00+00:00,POET,3.9749999046325684,3.9749999046325684,3.9749999046325684,3.9749999046325684,3.9749999046325684,1589.0
2024-10-25 10:16:00+00:00,POWI,63.36000061035156,63.36000061035156,63.36000061035156,63.36000061035156,63.36000061035156,169.0
2024-10-25 10:16:00+00:00,PRGS,65.26000213623047,65.26000213623047,65.29000091552734,65.26000213623047,65.29000091552734,1737.0
2024-10-25 10:16:00+00:00,PTC,185.74000549316406,185.74000549316406,185.80999755859375,185.61000061035156,185.72000122070312,12587.0
2024-10-25 10:16:00+00:00,QCOM,172.41000366210938,172.41000366210938,172.42999267578125,172.32000732421875,172.32000732421875,17252.0
2024-10-25 10:16:00+00:00,QH,1.4500000476837158,1.4500000476837158,1.4500000476837158,1.440000057220459,1.440000057220459,4102.0
2024-10-25 10:16:00+00:00,QLYS,121.44000244140625,121.44000244140625,121.44000244140625,121.44000244140625,121.44000244140625,368.0
2024-10-25 10:16:00+00:00,QUBT,1.1200000047683716,1.1200000047683716,1.1200000047683716,1.1200000047683716,1.1200000047683716,1098.0
2024-10-25 10:16:00+00:00,RELY,14.770000457763672,14.770000457763672,14.800000190734863,14.770000457763672,14.800000190734863,2297.0
2024-10-25 10:16:00+00:00,RGTI,1.280900001525879,1.280900001525879,1.2868000268936157,1.274999976158142,1.274999976158142,90885.0
2024-10-25 10:16:00+00:00,RIOT,10.119999885559082,10.119999885559082,10.145000457763672,10.109999656677246,10.130000114440918,33478.0
2024-10-25 10:16:00+00:00,RMBS,43.02000045776367,43.02000045776367,43.02000045776367,42.974998474121094,42.9900016784668,3537.0
2024-10-25 10:16:00+00:00,RPAY,7.650000095367432,7.650000095367432,7.650000095367432,7.650000095367432,7.650000095367432,570.0
2024-10-25 10:16:00+00:00,RUM,5.699999809265137,5.699999809265137,5.699999809265137,5.691999912261963,5.691999912261963,1692.0
2024-10-25 10:16:00+00:00,RUN,14.460000038146973,14.460000038146973,14.489999771118164,14.440099716186523,14.479999542236328,63180.0
2024-10-25 10:16:00+00:00,SANM,67.87000274658203,67.87000274658203,67.87000274658203,67.87000274658203,67.87000274658203,146.0
2024-10-25 10:16:00+00:00,SATS,25.239999771118164,25.239999771118164,25.260000228881836,25.209999084472656,25.260000228881836,1942.0
2024-10-25 10:16:00+00:00,SEDG,15.880000114440918,15.880000114440918,15.9399995803833,15.859999656677246,15.859999656677246,47251.0
2024-10-25 10:16:00+00:00,SHLS,5.244999885559082,5.244999885559082,5.244999885559082,5.21999979019165,5.230000019073486,35631.0
2024-10-25 10:16:00+00:00,SLAB,114.73999786376953,114.73999786376953,114.73999786376953,114.73999786376953,114.73999786376953,711.0
2024-10-25 10:16:00+00:00,SLNHP,12.569999694824219,12.569999694824219,12.569999694824219,12.569999694824219,12.569999694824219,352.0
2024-10-25 10:16:00+00:00,SMCI,47.45610046386719,47.45610046386719,47.54999923706055,47.38999938964844,47.400001525878906,202919.0
2024-10-25 10:16:00+00:00,SMSI,0.8324999809265137,0.8324999809265137,0.8324999809265137,0.8149999976158142,0.8149999976158142,800.0
2024-10-25 10:16:00+00:00,SMTC,45.51100158691406,45.51100158691406,45.665000915527344,45.51100158691406,45.665000915527344,2588.0
2024-10-25 10:16:00+00:00,SONO,12.859999656677246,12.859999656677246,12.864999771118164,12.850000381469727,12.854999542236328,4044.0
2024-10-25 10:16:00+00:00,SOUN,5.320000171661377,5.320000171661377,5.338200092315674,5.320000171661377,5.329999923706055,11380.0
2024-10-25 10:16:00+00:00,SRAD,12.385000228881836,12.385000228881836,12.385000228881836,12.385000228881836,12.385000228881836,108.0
2024-10-25 10:16:00+00:00,SSNC,69.69999694824219,69.69999694824219,69.7229995727539,69.6500015258789,69.66000366210938,15684.0
2024-10-25 10:16:00+00:00,SSYS,7.119999885559082,7.119999885559082,7.119999885559082,7.119999885559082,7.119999885559082,806.0
2024-10-25 10:16:00+00:00,STNE,11.439900398254395,11.439900398254395,11.444999694824219,11.425000190734863,11.430000305175781,16542.0
2024-10-25 10:16:00+00:00,STX,104.02999877929688,104.02999877929688,104.06999969482422,104.0199966430664,104.06999969482422,2478.0
2024-10-25 10:16:00+00:00,SURG,1.7299000024795532,1.7299000024795532,1.7299000024795532,1.729699969291687,1.7297999858856201,3300.0
2024-10-25 10:16:00+00:00,SWKS,96.05999755859375,96.05999755859375,96.05999755859375,96.0,96.0,2577.0
2024-10-25 10:16:00+00:00,SYTA,1.190500020980835,1.190500020980835,1.1950000524520874,1.190500020980835,1.1950000524520874,1161.0
2024-10-25 10:16:00+00:00,TEAM,191.48500061035156,191.48500061035156,191.79339599609375,191.4375,191.79339599609375,2541.0
2024-10-25 10:16:00+00:00,TENB,41.290000915527344,41.290000915527344,41.29999923706055,41.290000915527344,41.29999923706055,885.0
2024-10-25 10:16:00+00:00,TER,112.37000274658203,112.37000274658203,112.51000213623047,112.33999633789062,112.47000122070312,5760.0
2024-10-25 10:16:00+00:00,TGL,0.6600000262260437,0.6600000262260437,0.6610000133514404,0.6600000262260437,0.6610000133514404,5568.0
2024-10-25 10:16:00+00:00,TRMB,61.150001525878906,61.150001525878906,61.16999816894531,61.150001525878906,61.16999816894531,792.0
2024-10-25 10:16:00+00:00,TSEM,45.470001220703125,45.470001220703125,45.470001220703125,45.470001220703125,45.470001220703125,505.0
2024-10-25 10:16:00+00:00,TTD,120.2699966430664,120.2699966430664,120.30999755859375,120.23999786376953,120.25,2339.0
2024-10-25 10:16:00+00:00,TTEC,5.420000076293945,5.420000076293945,5.420000076293945,5.420000076293945,5.420000076293945,660.0
2024-10-25 10:16:00+00:00,TWKS,4.449999809265137,4.449999809265137,4.454999923706055,4.449999809265137,4.454999923706055,1680.0
2024-10-25 10:16:00+00:00,TXN,209.97999572753906,209.97999572753906,209.97999572753906,209.8249969482422,209.9250030517578,7146.0
2024-10-25 10:16:00+00:00,VECO,29.510000228881836,29.510000228881836,29.510000228881836,29.510000228881836,29.510000228881836,154.0
2024-10-25 10:16:00+00:00,VERI,3.4800000190734863,3.4800000190734863,3.4800000190734863,3.4700000286102295,3.4700000286102295,2707.0
2024-10-25 10:16:00+00:00,VERX,42.599998474121094,42.599998474121094,42.599998474121094,42.599998474121094,42.599998474121094,713.0
2024-10-25 10:16:00+00:00,VMEO,4.75,4.75,4.760000228881836,4.75,4.760000228881836,818.0
2024-10-25 10:16:00+00:00,VRNS,57.220001220703125,57.220001220703125,57.220001220703125,57.220001220703125,57.220001220703125,1290.0
2024-10-25 10:16:00+00:00,VRSN,189.36000061035156,189.36000061035156,189.36000061035156,189.36000061035156,189.36000061035156,266.0
2024-10-25 10:16:00+00:00,VUZI,1.3350000381469727,1.3350000381469727,1.3350000381469727,1.3259999752044678,1.3289999961853027,4033.0
2024-10-25 10:16:00+00:00,WDAY,241.0449981689453,241.0449981689453,241.25,241.0449981689453,241.25,1383.0
2024-10-25 10:16:00+00:00,WDC,71.87000274658203,71.87000274658203,71.94999694824219,71.72000122070312,71.87999725341797,45383.0
2024-10-25 10:16:00+00:00,WISA,1.8300000429153442,1.8300000429153442,1.8300000429153442,1.8202999830245972,1.8202999830245972,376.0
2024-10-25 10:16:00+00:00,XELA,1.9950000047683716,1.9950000047683716,1.9950000047683716,1.9950000047683716,1.9950000047683716,178.0
2024-10-25 10:16:00+00:00,XPER,9.390000343322754,9.390000343322754,9.390000343322754,9.390000343322754,9.390000343322754,258.0
2024-10-25 10:16:00+00:00,XRX,10.180000305175781,10.180000305175781,10.180000305175781,10.17020034790039,10.17020034790039,881.0
2024-10-25 10:16:00+00:00,ZBRA,364.8900146484375,364.8900146484375,364.8900146484375,364.7699890136719,364.7699890136719,1447.0
2024-10-25 10:16:00+00:00,ZI,10.607500076293945,10.607500076293945,10.609999656677246,10.604999542236328,10.609999656677246,2937.0
2024-10-25 10:16:00+00:00,ZS,186.82000732421875,186.82000732421875,187.05999755859375,186.82000732421875,187.05999755859375,1527.0
2024-10-25 10:17:00+00:00,AAOI,17.739999771118164,17.739999771118164,17.757999420166016,17.739999771118164,17.757999420166016,1949.0
2024-10-25 10:17:00+00:00,AAPL,231.94000244140625,231.94000244140625,232.07000732421875,231.85000610351562,232.02499389648438,59707.0
2024-10-25 10:17:00+00:00,ACLS,91.0250015258789,91.0250015258789,91.1050033569336,91.0250015258789,91.1050033569336,1937.0
2024-10-25 10:17:00+00:00,ACMR,19.665000915527344,19.665000915527344,19.665000915527344,19.651500701904297,19.651500701904297,1183.0
2024-10-25 10:17:00+00:00,ADBE,487.1700134277344,487.1700134277344,487.4100036621094,486.723388671875,487.4100036621094,4931.0
2024-10-25 10:17:00+00:00,ADI,234.0500030517578,234.0500030517578,234.19000244140625,234.0500030517578,234.19000244140625,2194.0
2024-10-25 10:17:00+00:00,ADSK,288.114990234375,288.114990234375,288.114990234375,288.1075134277344,288.114990234375,1068.0
2024-10-25 10:17:00+00:00,AEHR,16.295000076293945,16.295000076293945,16.309999465942383,16.290000915527344,16.290000915527344,2928.0
2024-10-25 10:17:00+00:00,AEYE,23.491899490356445,23.491899490356445,23.491899490356445,23.491899490356445,23.491899490356445,652.0
2024-10-25 10:17:00+00:00,AFRM,42.04990005493164,42.04990005493164,42.059898376464844,42.01219940185547,42.02000045776367,13416.0
2024-10-25 10:17:00+00:00,AGMH,1.809999942779541,1.809999942779541,1.809999942779541,1.809999942779541,1.809999942779541,105.0
2024-10-25 10:17:00+00:00,AKTS,0.0560000017285347,0.0560000017285347,0.0560000017285347,0.0560000017285347,0.0560000017285347,200451.0
2024-10-25 10:17:00+00:00,ALGM,22.520000457763672,22.520000457763672,22.520000457763672,22.459999084472656,22.476999282836914,32247.0
2024-10-25 10:17:00+00:00,ALKT,38.310001373291016,38.310001373291016,38.310001373291016,38.310001373291016,38.310001373291016,519.0
2024-10-25 10:17:00+00:00,ALRM,54.689998626708984,54.689998626708984,54.689998626708984,54.689998626708984,54.689998626708984,311.0
2024-10-25 10:17:00+00:00,ALTR,105.74500274658203,105.74500274658203,105.79000091552734,105.48999786376953,105.58999633789062,8960.0
2024-10-25 10:17:00+00:00,AMAT,188.15499877929688,188.15499877929688,188.4499969482422,188.15499877929688,188.4499969482422,8937.0
2024-10-25 10:17:00+00:00,AMBA,57.880001068115234,57.880001068115234,57.970001220703125,57.880001068115234,57.970001220703125,764.0
2024-10-25 10:17:00+00:00,AMD,157.99000549316406,157.99000549316406,158.10000610351562,157.86000061035156,158.0601043701172,150439.0
2024-10-25 10:17:00+00:00,AMKR,29.889999389648438,29.889999389648438,29.889999389648438,29.850000381469727,29.850000381469727,2134.0
2024-10-25 10:17:00+00:00,AMPL,9.255000114440918,9.255000114440918,9.260000228881836,9.25,9.25,1489.0
2024-10-25 10:17:00+00:00,ANSS,326.5799865722656,326.5799865722656,326.5799865722656,326.5799865722656,326.5799865722656,386.0
2024-10-25 10:17:00+00:00,ANY,1.0850000381469727,1.0850000381469727,1.0850000381469727,1.0815000534057617,1.0815000534057617,1624.0
2024-10-25 10:17:00+00:00,AOSL,36.29999923706055,36.29999923706055,36.29999923706055,36.29999923706055,36.29999923706055,205.0
2024-10-25 10:17:00+00:00,API,2.680000066757202,2.680000066757202,2.684999942779541,2.6700000762939453,2.6700000762939453,3467.0
2024-10-25 10:17:00+00:00,APP,162.9499969482422,162.9499969482422,163.14999389648438,162.8699951171875,163.0800018310547,8436.0
2024-10-25 10:17:00+00:00,APPF,227.11000061035156,227.11000061035156,227.68499755859375,226.3699951171875,227.68499755859375,5727.0
2024-10-25 10:17:00+00:00,APPN,32.43000030517578,32.43000030517578,32.43000030517578,32.43000030517578,32.43000030517578,514.0
2024-10-25 10:17:00+00:00,APPS,3.130000114440918,3.130000114440918,3.140000104904175,3.130000114440918,3.140000104904175,7555.0
2024-10-25 10:17:00+00:00,ARQQ,7.519999980926514,7.519999980926514,7.619999885559082,7.519999980926514,7.614999771118164,3233.0
2024-10-25 10:17:00+00:00,ARRY,6.466000080108643,6.466000080108643,6.485499858856201,6.460100173950195,6.46999979019165,23771.0
2024-10-25 10:17:00+00:00,ASML,720.8499755859375,720.8499755859375,721.0599975585938,720.7899780273438,721.0,3180.0
2024-10-25 10:17:00+00:00,AUR,6.529699802398682,6.529699802398682,6.529699802398682,6.519999980926514,6.519999980926514,2538.0
2024-10-25 10:17:00+00:00,AUUD,0.628000020980835,0.628000020980835,0.628000020980835,0.628000020980835,0.628000020980835,0.0
2024-10-25 10:17:00+00:00,AVDX,8.239999771118164,8.239999771118164,8.255000114440918,8.239999771118164,8.255000114440918,4186.0
2024-10-25 10:17:00+00:00,AVGO,175.2899932861328,175.2899932861328,175.5399932861328,175.22000122070312,175.5399932861328,27706.0
2024-10-25 10:17:00+00:00,AVPT,12.079999923706055,12.079999923706055,12.079999923706055,12.079999923706055,12.079999923706055,726.0
2024-10-25 10:17:00+00:00,BEEM,4.8480000495910645,4.8480000495910645,4.8480000495910645,4.8480000495910645,4.8480000495910645,159.0
2024-10-25 10:17:00+00:00,BMBL,7.269999980926514,7.269999980926514,7.269999980926514,7.269999980926514,7.269999980926514,389.0
2024-10-25 10:17:00+00:00,BRZE,30.940000534057617,30.940000534057617,30.940000534057617,30.8799991607666,30.8799991607666,486.0
2024-10-25 10:17:00+00:00,BSY,49.375,49.375,49.423301696777344,49.375,49.423301696777344,822.0
2024-10-25 10:17:00+00:00,CAN,0.9922999739646912,0.9922999739646912,1.0,0.9922999739646912,0.9998999834060669,120891.0
2024-10-25 10:17:00+00:00,CDNS,258.6000061035156,258.6000061035156,258.7049865722656,258.3599853515625,258.7049865722656,5277.0
2024-10-25 10:17:00+00:00,CDW,220.0,220.0,220.0,220.0,220.0,307.0
2024-10-25 10:17:00+00:00,CETX,0.29789999127388,0.29789999127388,0.29789999127388,0.29499998688697815,0.29499998688697815,1375.0
2024-10-25 10:17:00+00:00,CFLT,22.514999389648438,22.514999389648438,22.540000915527344,22.485000610351562,22.5,36470.0
2024-10-25 10:17:00+00:00,CGNX,39.29499816894531,39.29499816894531,39.310001373291016,39.290000915527344,39.310001373291016,1453.0
2024-10-25 10:17:00+00:00,CHKP,207.4499969482422,207.4499969482422,207.4499969482422,207.35000610351562,207.35000610351562,2129.0
2024-10-25 10:17:00+00:00,CLBT,18.100000381469727,18.100000381469727,18.1200008392334,18.100000381469727,18.1200008392334,575.0
2024-10-25 10:17:00+00:00,CLSK,11.979999542236328,11.979999542236328,12.0,11.949999809265137,11.970100402832031,64636.0
2024-10-25 10:17:00+00:00,COHR,96.41999816894531,96.41999816894531,96.4800033569336,96.41999816894531,96.4800033569336,1045.0
2024-10-25 10:17:00+00:00,COIN,212.77999877929688,212.77999877929688,213.1999969482422,212.69000244140625,212.88360595703125,12544.0
2024-10-25 10:17:00+00:00,COMM,6.443999767303467,6.443999767303467,6.443999767303467,6.414999961853027,6.416500091552734,4781.0
2024-10-25 10:17:00+00:00,CORZ,13.545000076293945,13.545000076293945,13.604999542236328,13.53499984741211,13.600000381469727,25898.0
2024-10-25 10:17:00+00:00,CORZW,7.960000038146973,7.960000038146973,7.960000038146973,7.960000038146973,7.960000038146973,1024.0
2024-10-25 10:17:00+00:00,CRDO,39.560001373291016,39.560001373291016,39.599998474121094,39.525001525878906,39.529998779296875,9579.0
2024-10-25 10:17:00+00:00,CREX,4.369999885559082,4.369999885559082,4.369999885559082,4.369999885559082,4.369999885559082,704.0
2024-10-25 10:17:00+00:00,CRNT,2.4655001163482666,2.4655001163482666,2.4700000286102295,2.4655001163482666,2.4700000286102295,845.0
2024-10-25 10:17:00+00:00,CRWD,308.7799987792969,308.7799987792969,309.07000732421875,308.614013671875,308.8399963378906,2337.0
2024-10-25 10:17:00+00:00,CSCO,56.349998474121094,56.349998474121094,56.369998931884766,56.345001220703125,56.369998931884766,15341.0
2024-10-25 10:17:00+00:00,CSGS,48.0099983215332,48.0099983215332,48.0099983215332,48.0099983215332,48.0099983215332,335.0
2024-10-25 10:17:00+00:00,CSIQ,13.640000343322754,13.640000343322754,13.6899995803833,13.620100021362305,13.630000114440918,9087.0
2024-10-25 10:17:00+00:00,CTSH,75.23999786376953,75.23999786376953,75.26000213623047,75.2300033569336,75.25,5092.0
2024-10-25 10:17:00+00:00,CYBR,295.8699951171875,295.8699951171875,295.8699951171875,295.8699951171875,295.8699951171875,155.0
2024-10-25 10:17:00+00:00,DAKT,13.22719955444336,13.22719955444336,13.22719955444336,13.22719955444336,13.22719955444336,1185.0
2024-10-25 10:17:00+00:00,DBX,26.100000381469727,26.100000381469727,26.100000381469727,26.100000381469727,26.100000381469727,1421.0
2024-10-25 10:17:00+00:00,DDOG,126.75,126.75,126.81999969482422,126.6500015258789,126.66500091552734,18032.0
2024-10-25 10:17:00+00:00,DIOD,66.44000244140625,66.44000244140625,66.44000244140625,66.44000244140625,66.44000244140625,445.0
2024-10-25 10:17:00+00:00,DOCU,70.26499938964844,70.26499938964844,70.27999877929688,70.26000213623047,70.27999877929688,3810.0
2024-10-25 10:17:00+00:00,DSGX,105.12999725341797,105.12999725341797,105.12999725341797,105.12999725341797,105.12999725341797,1293.0
2024-10-25 10:17:00+00:00,EEFT,101.61599731445312,101.61599731445312,101.61599731445312,101.61599731445312,101.61599731445312,437.0
2024-10-25 10:17:00+00:00,ELSE,3.940000057220459,3.940000057220459,3.940000057220459,3.940000057220459,3.940000057220459,0.0
2024-10-25 10:17:00+00:00,ENPH,81.98600006103516,81.98600006103516,82.09989929199219,81.9800033569336,82.01499938964844,3802.0
2024-10-25 10:17:00+00:00,ENTG,104.87999725341797,104.87999725341797,105.0,104.87999725341797,105.0,1944.0
2024-10-25 10:17:00+00:00,ERIC,8.499899864196777,8.499899864196777,8.505999565124512,8.489999771118164,8.5,82759.0
2024-10-25 10:17:00+00:00,EXLS,39.1510009765625,39.1510009765625,39.15999984741211,39.150001525878906,39.150001525878906,461.0
2024-10-25 10:17:00+00:00,EXTR,14.5649995803833,14.5649995803833,14.5649995803833,14.5649995803833,14.5649995803833,369.0
2024-10-25 10:17:00+00:00,FFIV,216.36000061035156,216.36000061035156,216.36000061035156,216.36000061035156,216.36000061035156,736.0
2024-10-25 10:17:00+00:00,FIVN,30.520000457763672,30.520000457763672,30.520000457763672,30.520000457763672,30.520000457763672,552.0
2024-10-25 10:17:00+00:00,FLEX,35.43000030517578,35.43000030517578,35.505001068115234,35.43000030517578,35.505001068115234,5655.0
2024-10-25 10:17:00+00:00,FLYW,17.530000686645508,17.530000686645508,17.530000686645508,17.530000686645508,17.530000686645508,647.0
2024-10-25 10:17:00+00:00,FROG,29.540000915527344,29.540000915527344,29.540000915527344,29.5,29.5,1031.0
2024-10-25 10:17:00+00:00,FRSH,11.71500015258789,11.71500015258789,11.71500015258789,11.71500015258789,11.71500015258789,997.0
2024-10-25 10:17:00+00:00,FSLR,198.9199981689453,198.9199981689453,198.9199981689453,198.47000122070312,198.49000549316406,3586.0
2024-10-25 10:17:00+00:00,FTNT,81.38999938964844,81.38999938964844,81.42500305175781,81.37999725341797,81.41999816894531,5567.0
2024-10-25 10:17:00+00:00,GCT,25.59000015258789,25.59000015258789,25.6200008392334,25.59000015258789,25.610000610351562,1356.0
2024-10-25 10:17:00+00:00,GDS,21.959999084472656,21.959999084472656,21.959999084472656,21.940000534057617,21.940000534057617,2748.0
2024-10-25 10:17:00+00:00,GDYN,15.680000305175781,15.680000305175781,15.680000305175781,15.670000076293945,15.670000076293945,778.0
2024-10-25 10:17:00+00:00,GFS,40.939998626708984,40.939998626708984,40.939998626708984,40.91999816894531,40.93000030517578,1958.0
2024-10-25 10:17:00+00:00,GPRO,1.3300000429153442,1.3300000429153442,1.3300000429153442,1.3250000476837158,1.3250000476837158,903.0
2024-10-25 10:17:00+00:00,GRAB,4.086699962615967,4.086699962615967,4.090000152587891,4.085000038146973,4.0883002281188965,36460.0
2024-10-25 10:17:00+00:00,GRRR,4.6809000968933105,4.6809000968933105,4.690000057220459,4.6809000968933105,4.690000057220459,3674.0
2024-10-25 10:17:00+00:00,GSIT,3.2355000972747803,3.2355000972747803,3.240000009536743,3.2100000381469727,3.2100000381469727,1335.0
2024-10-25 10:17:00+00:00,GTLB,56.400001525878906,56.400001525878906,56.470001220703125,56.400001525878906,56.470001220703125,985.0
2024-10-25 10:17:00+00:00,HCP,33.665000915527344,33.665000915527344,33.665000915527344,33.65999984741211,33.665000915527344,1108.0
2024-10-25 10:17:00+00:00,HEAR,16.549999237060547,16.549999237060547,16.549999237060547,16.539100646972656,16.539100646972656,756.0
2024-10-25 10:17:00+00:00,HIMX,6.190000057220459,6.190000057220459,6.190000057220459,6.190000057220459,6.190000057220459,656.0
2024-10-25 10:17:00+00:00,HLIT,14.779999732971191,14.779999732971191,14.789899826049805,14.779999732971191,14.779999732971191,1885.0
2024-10-25 10:17:00+00:00,HOLO,3.810499906539917,3.810499906539917,3.8350000381469727,3.799999952316284,3.8350000381469727,30295.0
2024-10-25 10:17:00+00:00,HOOD,27.382699966430664,27.382699966430664,27.415000915527344,27.3799991607666,27.40999984741211,19181.0
2024-10-25 10:17:00+00:00,IMMR,8.695799827575684,8.695799827575684,8.695799827575684,8.695799827575684,8.695799827575684,396.0
2024-10-25 10:17:00+00:00,IMXI,17.829999923706055,17.829999923706055,17.829999923706055,17.829999923706055,17.829999923706055,114.0
2024-10-25 10:17:00+00:00,INDI,3.565000057220459,3.565000057220459,3.565000057220459,3.565000057220459,3.565000057220459,2013.0
2024-10-25 10:17:00+00:00,INTA,50.19499969482422,50.19499969482422,50.19499969482422,50.19499969482422,50.19499969482422,104.0
2024-10-25 10:17:00+00:00,INTC,23.00979995727539,23.00979995727539,23.024999618530273,22.97010040283203,23.024999618530273,217459.0
2024-10-25 10:17:00+00:00,INTU,613.7000122070312,613.7000122070312,614.1699829101562,613.7000122070312,614.1699829101562,1827.0
2024-10-25 10:17:00+00:00,JAMF,16.875,16.875,16.875,16.875,16.875,458.0
2024-10-25 10:17:00+00:00,KC,2.7300000190734863,2.7300000190734863,2.740000009536743,2.7300000190734863,2.734999895095825,8214.0
2024-10-25 10:17:00+00:00,LASR,10.539999961853027,10.539999961853027,10.539999961853027,10.539999961853027,10.539999961853027,1123.0
2024-10-25 10:17:00+00:00,LITE,64.62000274658203,64.62000274658203,64.7300033569336,64.62000274658203,64.7300033569336,4021.0
2024-10-25 10:17:00+00:00,LOGI,80.86000061035156,80.86000061035156,80.86000061035156,80.83999633789062,80.83999633789062,918.0
2024-10-25 10:17:00+00:00,LPSN,1.215000033378601,1.215000033378601,1.215000033378601,1.215000033378601,1.215000033378601,145.0
2024-10-25 10:17:00+00:00,LRCX,78.7699966430664,78.7699966430664,78.88999938964844,78.7499008178711,78.86000061035156,75881.0
2024-10-25 10:17:00+00:00,LSCC,54.619998931884766,54.619998931884766,54.66999816894531,54.619998931884766,54.652000427246094,2512.0
2024-10-25 10:17:00+00:00,LTRX,4.026199817657471,4.026199817657471,4.026199817657471,4.026199817657471,4.026199817657471,200.0
2024-10-25 10:17:00+00:00,LUNA,1.7400000095367432,1.7400000095367432,1.7400000095367432,1.7400000095367432,1.7400000095367432,220.0
2024-10-25 10:17:00+00:00,LYFT,13.630000114440918,13.630000114440918,13.640000343322754,13.609999656677246,13.640000343322754,40130.0
2024-10-25 10:17:00+00:00,MANH,276.69000244140625,276.69000244140625,276.69000244140625,276.69000244140625,276.69000244140625,331.0
2024-10-25 10:17:00+00:00,MAXN,5.715799808502197,5.715799808502197,5.715799808502197,5.715799808502197,5.715799808502197,4623.0
2024-10-25 10:17:00+00:00,MCHP,77.19499969482422,77.19499969482422,77.22000122070312,77.16999816894531,77.18000030517578,10796.0
2024-10-25 10:17:00+00:00,MDB,269.4700012207031,269.4700012207031,269.67498779296875,269.4700012207031,269.67498779296875,1186.0
2024-10-25 10:17:00+00:00,MIND,3.5,3.5,3.5,3.5,3.5,452.0
2024-10-25 10:17:00+00:00,MITK,8.774999618530273,8.774999618530273,8.774999618530273,8.774999618530273,8.774999618530273,444.0
2024-10-25 10:17:00+00:00,MKSI,100.88749694824219,100.88749694824219,100.88749694824219,100.88749694824219,100.88749694824219,372.0
2024-10-25 10:17:00+00:00,MKTW,0.6039999723434448,0.6039999723434448,0.6039999723434448,0.6039999723434448,0.6039999723434448,6223.0
2024-10-25 10:17:00+00:00,MNDY,301.5950012207031,301.5950012207031,301.8599853515625,301.5950012207031,301.8599853515625,1071.0
2024-10-25 10:17:00+00:00,MPWR,917.3200073242188,917.3200073242188,919.135009765625,916.8099975585938,919.135009765625,3196.0
2024-10-25 10:17:00+00:00,MQ,5.329999923706055,5.329999923706055,5.340000152587891,5.329999923706055,5.340000152587891,5083.0
2024-10-25 10:17:00+00:00,MRVL,82.98999786376953,82.98999786376953,83.0999984741211,82.98999786376953,83.0999984741211,23765.0
2024-10-25 10:17:00+00:00,MSFT,430.2900085449219,430.2900085449219,430.5,430.20001220703125,430.5,40748.0
2024-10-25 10:17:00+00:00,MSTR,242.38999938964844,242.38999938964844,242.99000549316406,242.14010620117188,242.74769592285156,61379.0
2024-10-25 10:17:00+00:00,MTLS,6.039999961853027,6.039999961853027,6.050000190734863,6.039999961853027,6.045000076293945,3840.0
2024-10-25 10:17:00+00:00,MTTR,4.660900115966797,4.660900115966797,4.664999961853027,4.659999847412109,4.664999961853027,1258.0
2024-10-25 10:17:00+00:00,MU,109.27999877929688,109.27999877929688,109.33989715576172,109.2300033569336,109.29000091552734,34115.0
2024-10-25 10:17:00+00:00,MVIS,1.1039999723434448,1.1039999723434448,1.1039999723434448,1.1039999723434448,1.1039999723434448,0.0
2024-10-25 10:17:00+00:00,MXL,14.989999771118164,14.989999771118164,15.010000228881836,14.984999656677246,15.010000228881836,2908.0
2024-10-25 10:17:00+00:00,NCNO,38.33000183105469,38.33000183105469,38.34000015258789,38.317298889160156,38.34000015258789,1681.0
2024-10-25 10:17:00+00:00,NEON,8.039999961853027,8.039999961853027,8.039999961853027,8.039999961853027,8.039999961853027,417.0
2024-10-25 10:17:00+00:00,NICE,176.97999572753906,176.97999572753906,176.97999572753906,176.97999572753906,176.97999572753906,869.0
2024-10-25 10:17:00+00:00,NNDM,2.340100049972534,2.340100049972534,2.340100049972534,2.340100049972534,2.340100049972534,2862.0
2024-10-25 10:17:00+00:00,NSIT,212.02940368652344,212.02940368652344,212.02940368652344,212.0,212.0,967.0
2024-10-25 10:17:00+00:00,NTAP,120.05999755859375,120.05999755859375,120.05999755859375,119.88500213623047,119.88500213623047,10393.0
2024-10-25 10:17:00+00:00,NTCT,20.700000762939453,20.700000762939453,20.700000762939453,20.690000534057617,20.690000534057617,1974.0
2024-10-25 10:17:00+00:00,NTNX,62.69020080566406,62.69020080566406,62.69020080566406,62.63999938964844,62.63999938964844,513.0
2024-10-25 10:17:00+00:00,NVDA,142.8852996826172,142.8852996826172,143.0399932861328,142.77000427246094,143.02999877929688,454735.0
2024-10-25 10:17:00+00:00,NVTS,2.5790998935699463,2.5790998935699463,2.5790998935699463,2.5790998935699463,2.5790998935699463,410.0
2024-10-25 10:17:00+00:00,NXPI,243.57000732421875,243.57000732421875,244.11000061035156,243.57000732421875,244.02999877929688,26071.0
2024-10-25 10:17:00+00:00,OKTA,72.86060333251953,72.86060333251953,72.87239837646484,72.8499984741211,72.87239837646484,1412.0
2024-10-25 10:17:00+00:00,OLED,203.9600067138672,203.9600067138672,203.9600067138672,203.9600067138672,203.9600067138672,972.0
2024-10-25 10:17:00+00:00,ON,71.9800033569336,71.9800033569336,72.02999877929688,71.8550033569336,71.97000122070312,55051.0
2024-10-25 10:17:00+00:00,PANW,370.3800048828125,370.3800048828125,370.6600036621094,370.20001220703125,370.4599914550781,5588.0
2024-10-25 10:17:00+00:00,PAYO,8.319999694824219,8.319999694824219,8.319999694824219,8.3149995803833,8.3149995803833,5375.0
2024-10-25 10:17:00+00:00,PEGA,80.87999725341797,80.87999725341797,80.91500091552734,80.7699966430664,80.80999755859375,3303.0
2024-10-25 10:17:00+00:00,PEGY,4.659999847412109,4.659999847412109,4.659999847412109,4.659999847412109,4.659999847412109,650.0
2024-10-25 10:17:00+00:00,PET,0.8100000023841858,0.8100000023841858,0.8100000023841858,0.8100000023841858,0.8100000023841858,200.0
2024-10-25 10:17:00+00:00,PGY,11.829999923706055,11.829999923706055,11.869999885559082,11.829999923706055,11.869999885559082,1548.0
2024-10-25 10:17:00+00:00,PHUN,9.609999656677246,9.609999656677246,9.680000305175781,9.590100288391113,9.600000381469727,142812.0
2024-10-25 10:17:00+00:00,PI,199.02499389648438,199.02499389648438,199.55450439453125,199.02499389648438,199.55450439453125,2992.0
2024-10-25 10:17:00+00:00,PLXS,144.61500549316406,144.61500549316406,144.61500549316406,144.61500549316406,144.61500549316406,427.0
2024-10-25 10:17:00+00:00,POWI,63.279998779296875,63.279998779296875,63.279998779296875,63.279998779296875,63.279998779296875,717.0
2024-10-25 10:17:00+00:00,PRST,0.0027000000700354576,0.0027000000700354576,0.0027000000700354576,0.0027000000700354576,0.0027000000700354576,1000.0
2024-10-25 10:17:00+00:00,PYCR,14.460000038146973,14.460000038146973,14.460000038146973,14.460000038146973,14.460000038146973,269.0
2024-10-25 10:17:00+00:00,QCOM,172.09500122070312,172.09500122070312,172.39999389648438,172.0800018310547,172.38999938964844,13454.0
2024-10-25 10:17:00+00:00,QLYS,121.25,121.25,121.25,121.25,121.25,388.0
2024-10-25 10:17:00+00:00,QRVO,100.1500015258789,100.1500015258789,100.34500122070312,100.1500015258789,100.34500122070312,4619.0
2024-10-25 10:17:00+00:00,QUBT,1.125,1.125,1.125,1.125,1.125,600.0
2024-10-25 10:17:00+00:00,RCAT,2.75600004196167,2.75600004196167,2.75600004196167,2.75,2.75,1044.0
2024-10-25 10:17:00+00:00,REFR,2.190000057220459,2.190000057220459,2.190000057220459,2.190000057220459,2.190000057220459,1110.0
2024-10-25 10:17:00+00:00,REKR,1.090000033378601,1.090000033378601,1.100000023841858,1.090000033378601,1.100000023841858,11565.0
2024-10-25 10:17:00+00:00,RELY,14.760000228881836,14.760000228881836,14.789999961853027,14.75,14.789999961853027,2745.0
2024-10-25 10:17:00+00:00,RGTI,1.281000018119812,1.281000018119812,1.2898999452590942,1.2799999713897705,1.2799999713897705,4428.0
2024-10-25 10:17:00+00:00,RIOT,10.125,10.125,10.145999908447266,10.111499786376953,10.114999771118164,22215.0
2024-10-25 10:17:00+00:00,RMBS,42.974998474121094,42.974998474121094,42.974998474121094,42.974998474121094,42.974998474121094,1157.0
2024-10-25 10:17:00+00:00,RPD,39.58000183105469,39.58000183105469,39.58000183105469,39.58000183105469,39.58000183105469,207.0
2024-10-25 10:17:00+00:00,RUM,5.699999809265137,5.699999809265137,5.699999809265137,5.690100193023682,5.690100193023682,2296.0
2024-10-25 10:17:00+00:00,RUN,14.420000076293945,14.420000076293945,14.460000038146973,14.40999984741211,14.460000038146973,17030.0
2024-10-25 10:17:00+00:00,RXT,2.565000057220459,2.565000057220459,2.565000057220459,2.565000057220459,2.565000057220459,251.0
2024-10-25 10:17:00+00:00,SANM,67.70999908447266,67.70999908447266,67.91000366210938,67.70500183105469,67.9000015258789,5655.0
2024-10-25 10:17:00+00:00,SCSC,45.68000030517578,45.68000030517578,45.68000030517578,45.68000030517578,45.68000030517578,163.0
2024-10-25 10:17:00+00:00,SCWX,8.385000228881836,8.385000228881836,8.385000228881836,8.385000228881836,8.385000228881836,200.0
2024-10-25 10:17:00+00:00,SEDG,15.84000015258789,15.84000015258789,15.909799575805664,15.84000015258789,15.876099586486816,15911.0
2024-10-25 10:17:00+00:00,SHLS,5.230000019073486,5.230000019073486,5.244999885559082,5.230000019073486,5.244999885559082,3683.0
2024-10-25 10:17:00+00:00,SKYT,10.6850004196167,10.6850004196167,10.6850004196167,10.6850004196167,10.6850004196167,537.0
2024-10-25 10:17:00+00:00,SLAB,114.70999908447266,114.70999908447266,114.81999969482422,114.70999908447266,114.77999877929688,2020.0
2024-10-25 10:17:00+00:00,SMCI,47.459999084472656,47.459999084472656,47.4900016784668,47.40800094604492,47.470001220703125,65679.0
2024-10-25 10:17:00+00:00,SMSI,0.8199999928474426,0.8199999928474426,0.8199999928474426,0.8199999928474426,0.8199999928474426,1225.0
2024-10-25 10:17:00+00:00,SMTC,45.54999923706055,45.54999923706055,45.59000015258789,45.54999923706055,45.58000183105469,1232.0
2024-10-25 10:17:00+00:00,SNCR,10.986000061035156,10.986000061035156,10.986000061035156,10.986000061035156,10.986000061035156,852.0
2024-10-25 10:17:00+00:00,SNPS,505.1199951171875,505.1199951171875,505.6050109863281,505.1199951171875,505.6050109863281,1045.0
2024-10-25 10:17:00+00:00,SONO,12.864999771118164,12.864999771118164,12.864999771118164,12.864999771118164,12.864999771118164,458.0
2024-10-25 10:17:00+00:00,SOUN,5.317399978637695,5.317399978637695,5.322800159454346,5.310299873352051,5.320099830627441,42324.0
2024-10-25 10:17:00+00:00,SPSC,183.7550048828125,183.7550048828125,183.8000030517578,183.42999267578125,183.58999633789062,2900.0
2024-10-25 10:17:00+00:00,SSNC,69.76499938964844,69.76499938964844,69.77999877929688,69.7300033569336,69.7300033569336,5735.0
2024-10-25 10:17:00+00:00,STNE,11.444999694824219,11.444999694824219,11.444999694824219,11.430000305175781,11.4350004196167,8982.0
2024-10-25 10:17:00+00:00,STX,104.0199966430664,104.0199966430664,104.02999877929688,103.9800033569336,104.02999877929688,2130.0
2024-10-25 10:17:00+00:00,SURG,1.7300000190734863,1.7300000190734863,1.7300000190734863,1.725000023841858,1.725000023841858,700.0
2024-10-25 10:17:00+00:00,SVRE,0.0851999968290329,0.0851999968290329,0.0851999968290329,0.0851999968290329,0.0851999968290329,0.0
2024-10-25 10:17:00+00:00,SWKS,95.94000244140625,95.94000244140625,96.02999877929688,95.91999816894531,96.02999877929688,4947.0
2024-10-25 10:17:00+00:00,SYNA,73.24230194091797,73.24230194091797,73.24230194091797,73.23750305175781,73.23750305175781,306.0
2024-10-25 10:17:00+00:00,SYTA,1.1999000310897827,1.1999000310897827,1.1999000310897827,1.1999000310897827,1.1999000310897827,308.0
2024-10-25 10:17:00+00:00,TEAM,191.1300048828125,191.1300048828125,191.46499633789062,191.1300048828125,191.46499633789062,2551.0
2024-10-25 10:17:00+00:00,TENB,41.33000183105469,41.33000183105469,41.33000183105469,41.33000183105469,41.33000183105469,1167.0
2024-10-25 10:17:00+00:00,TER,112.23999786376953,112.23999786376953,112.41000366210938,112.23999786376953,112.40499877929688,7901.0
2024-10-25 10:17:00+00:00,TGL,0.6621999740600586,0.6621999740600586,0.6621999740600586,0.6621999740600586,0.6621999740600586,43.0
2024-10-25 10:17:00+00:00,TLS,3.630000114440918,3.630000114440918,3.630000114440918,3.630000114440918,3.630000114440918,1348.0
2024-10-25 10:17:00+00:00,TRMB,61.119998931884766,61.119998931884766,61.16999816894531,61.119998931884766,61.16999816894531,1001.0
2024-10-25 10:17:00+00:00,TTD,120.23999786376953,120.23999786376953,120.33480072021484,120.2300033569336,120.26000213623047,2867.0
2024-10-25 10:17:00+00:00,TTMI,19.475000381469727,19.475000381469727,19.475000381469727,19.475000381469727,19.475000381469727,600.0
2024-10-25 10:17:00+00:00,TWKS,4.449999809265137,4.449999809265137,4.449999809265137,4.449999809265137,4.449999809265137,316.0
2024-10-25 10:17:00+00:00,TXN,209.8052978515625,209.8052978515625,209.97500610351562,209.6699981689453,209.97500610351562,10494.0
2024-10-25 10:17:00+00:00,UCTT,35.82699966430664,35.82699966430664,35.84000015258789,35.82699966430664,35.84000015258789,687.0
2024-10-25 10:17:00+00:00,VECO,29.559999465942383,29.559999465942383,29.559999465942383,29.549999237060547,29.549999237060547,2721.0
2024-10-25 10:17:00+00:00,VERI,3.482599973678589,3.482599973678589,3.490000009536743,3.4811999797821045,3.490000009536743,2139.0
2024-10-25 10:17:00+00:00,VERX,42.560001373291016,42.560001373291016,42.560001373291016,42.560001373291016,42.560001373291016,835.0
2024-10-25 10:17:00+00:00,VIAV,9.234999656677246,9.234999656677246,9.234999656677246,9.234999656677246,9.234999656677246,200.0
2024-10-25 10:17:00+00:00,VMEO,4.760000228881836,4.760000228881836,4.760000228881836,4.760000228881836,4.760000228881836,215.0
2024-10-25 10:17:00+00:00,VNET,3.4549999237060547,3.4549999237060547,3.4549999237060547,3.4549999237060547,3.4549999237060547,2220.0
2024-10-25 10:17:00+00:00,VRNS,57.189998626708984,57.189998626708984,57.189998626708984,57.150001525878906,57.189998626708984,2664.0
2024-10-25 10:17:00+00:00,VRNT,22.18000030517578,22.18000030517578,22.18000030517578,22.170000076293945,22.170000076293945,743.0
2024-10-25 10:17:00+00:00,VSAT,10.34000015258789,10.34000015258789,10.34000015258789,10.34000015258789,10.34000015258789,505.0
2024-10-25 10:17:00+00:00,VUZI,1.3300000429153442,1.3300000429153442,1.3300000429153442,1.3300000429153442,1.3300000429153442,2118.0
2024-10-25 10:17:00+00:00,WDAY,241.41000366210938,241.41000366210938,241.41000366210938,241.05999755859375,241.16000366210938,5354.0
2024-10-25 10:17:00+00:00,WDC,71.82389831542969,71.82389831542969,71.91000366210938,71.75,71.84500122070312,27195.0
2024-10-25 10:17:00+00:00,WISA,1.846500039100647,1.846500039100647,1.8473999500274658,1.8202999830245972,1.8202999830245972,26955.0
2024-10-25 10:17:00+00:00,WIX,165.49000549316406,165.49000549316406,165.49000549316406,165.49000549316406,165.49000549316406,122.0
2024-10-25 10:17:00+00:00,XPER,9.369999885559082,9.369999885559082,9.380000114440918,9.369999885559082,9.380000114440918,261.0
2024-10-25 10:17:00+00:00,XRX,10.180000305175781,10.180000305175781,10.180000305175781,10.175000190734863,10.175000190734863,500.0
2024-10-25 10:17:00+00:00,ZI,10.609999656677246,10.609999656677246,10.609999656677246,10.605500221252441,10.605500221252441,2636.0
2024-10-25 10:17:00+00:00,ZM,73.18000030517578,73.18000030517578,73.19000244140625,73.13999938964844,73.19000244140625,6503.0
2024-10-25 10:17:00+00:00,ZS,186.82000732421875,186.82000732421875,186.82000732421875,186.82000732421875,186.82000732421875,1721.0
2024-10-25 10:18:00+00:00,AAOI,17.700000762939453,17.700000762939453,17.739999771118164,17.700000762939453,17.739999771118164,3196.0
2024-10-25 10:18:00+00:00,AAPL,231.9031982421875,231.9031982421875,231.97999572753906,231.72019958496094,231.97999572753906,84871.0
2024-10-25 10:18:00+00:00,ACLS,91.01000213623047,91.01000213623047,91.01000213623047,91.01000213623047,91.01000213623047,1222.0
2024-10-25 10:18:00+00:00,ACMR,19.635000228881836,19.635000228881836,19.639999389648438,19.610000610351562,19.6299991607666,740.0
2024-10-25 10:18:00+00:00,ADBE,487.2200012207031,487.2200012207031,487.2200012207031,486.7900085449219,487.1499938964844,5964.0
2024-10-25 10:18:00+00:00,ADI,234.13999938964844,234.13999938964844,234.17999267578125,234.10499572753906,234.14999389648438,3004.0
2024-10-25 10:18:00+00:00,ADSK,287.8299865722656,287.8299865722656,288.1700134277344,287.8299865722656,288.114990234375,4565.0
2024-10-25 10:18:00+00:00,ADTN,6.349999904632568,6.349999904632568,6.355000019073486,6.349999904632568,6.355000019073486,1141.0
2024-10-25 10:18:00+00:00,AEHR,16.309999465942383,16.309999465942383,16.329999923706055,16.26799964904785,16.26799964904785,1317.0
2024-10-25 10:18:00+00:00,AEYE,23.3799991607666,23.3799991607666,23.3799991607666,23.3799991607666,23.3799991607666,548.0
2024-10-25 10:18:00+00:00,AFRM,41.9900016784668,41.9900016784668,42.02000045776367,41.900001525878906,42.02000045776367,18349.0
2024-10-25 10:18:00+00:00,AGYS,113.36499786376953,113.36499786376953,113.36499786376953,113.2300033569336,113.2300033569336,1004.0
2024-10-25 10:18:00+00:00,AIP,6.909999847412109,6.909999847412109,6.909999847412109,6.909999847412109,6.909999847412109,759.0
2024-10-25 10:18:00+00:00,AKAM,103.44000244140625,103.44000244140625,103.44000244140625,103.44000244140625,103.44000244140625,830.0
2024-10-25 10:18:00+00:00,AKTS,0.05730000138282776,0.05730000138282776,0.05730000138282776,0.05730000138282776,0.05730000138282776,52550.0
2024-10-25 10:18:00+00:00,ALGM,22.559999465942383,22.559999465942383,22.559999465942383,22.520000457763672,22.520000457763672,5081.0
2024-10-25 10:18:00+00:00,ALKT,38.2599983215332,38.2599983215332,38.2599983215332,38.2599983215332,38.2599983215332,551.0
2024-10-25 10:18:00+00:00,ALRM,54.67250061035156,54.67250061035156,54.67250061035156,54.630001068115234,54.630001068115234,707.0
2024-10-25 10:18:00+00:00,ALTR,105.59500122070312,105.59500122070312,105.6050033569336,105.59500122070312,105.6050033569336,600.0
2024-10-25 10:18:00+00:00,AMAT,188.2449951171875,188.2449951171875,188.2899932861328,188.02000427246094,188.0500030517578,6900.0
2024-10-25 10:18:00+00:00,AMBA,57.912601470947266,57.912601470947266,57.912601470947266,57.912601470947266,57.912601470947266,303.0
2024-10-25 10:18:00+00:00,AMD,157.85499572753906,157.85499572753906,158.0,157.70010375976562,158.0,222212.0
2024-10-25 10:18:00+00:00,AMKR,29.850000381469727,29.850000381469727,29.8799991607666,29.850000381469727,29.8799991607666,1616.0
2024-10-25 10:18:00+00:00,AMPL,9.25,9.25,9.25,9.25,9.25,563.0
2024-10-25 10:18:00+00:00,ANSS,326.6600036621094,326.6600036621094,326.6600036621094,326.6600036621094,326.6600036621094,665.0
2024-10-25 10:18:00+00:00,AOSL,36.220001220703125,36.220001220703125,36.220001220703125,36.220001220703125,36.220001220703125,720.0
2024-10-25 10:18:00+00:00,API,2.694999933242798,2.694999933242798,2.700000047683716,2.674999952316284,2.680000066757202,5223.0
2024-10-25 10:18:00+00:00,APP,163.08999633789062,163.08999633789062,163.08999633789062,162.96499633789062,163.01499938964844,3872.0
2024-10-25 10:18:00+00:00,APPF,227.10000610351562,227.10000610351562,227.11000061035156,227.10000610351562,227.11000061035156,1396.0
2024-10-25 10:18:00+00:00,APPS,3.125,3.125,3.130000114440918,3.125,3.130000114440918,1926.0
2024-10-25 10:18:00+00:00,ARRY,6.480000019073486,6.480000019073486,6.480000019073486,6.440000057220459,6.464099884033203,22508.0
2024-10-25 10:18:00+00:00,ASML,720.8250122070312,720.8250122070312,720.8699951171875,720.2000732421875,720.6300048828125,2907.0
2024-10-25 10:18:00+00:00,AUR,6.509799957275391,6.509799957275391,6.53000020980835,6.49399995803833,6.52370023727417,17393.0
2024-10-25 10:18:00+00:00,AVGO,175.19000244140625,175.19000244140625,175.36000061035156,175.1199951171875,175.30999755859375,36471.0
2024-10-25 10:18:00+00:00,AVT,54.689998626708984,54.689998626708984,54.689998626708984,54.66999816894531,54.66999816894531,987.0
2024-10-25 10:18:00+00:00,BIGC,5.349999904632568,5.349999904632568,5.369999885559082,5.349999904632568,5.369999885559082,1943.0
2024-10-25 10:18:00+00:00,BL,56.959999084472656,56.959999084472656,57.08000183105469,56.959999084472656,57.08000183105469,858.0
2024-10-25 10:18:00+00:00,BLKB,86.29000091552734,86.29000091552734,86.29000091552734,86.27999877929688,86.27999877929688,272.0
2024-10-25 10:18:00+00:00,BMBL,7.264999866485596,7.264999866485596,7.264999866485596,7.264999866485596,7.264999866485596,743.0
2024-10-25 10:18:00+00:00,BRZE,30.84000015258789,30.84000015258789,30.84000015258789,30.84000015258789,30.84000015258789,420.0
2024-10-25 10:18:00+00:00,BSY,49.470001220703125,49.470001220703125,49.470001220703125,49.369998931884766,49.369998931884766,1345.0
2024-10-25 10:18:00+00:00,CAN,0.9948999881744385,0.9948999881744385,0.996999979019165,0.9919999837875366,0.9922999739646912,13682.0
2024-10-25 10:18:00+00:00,CCSI,20.40999984741211,20.40999984741211,20.510000228881836,20.40999984741211,20.510000228881836,500.0
2024-10-25 10:18:00+00:00,CDNS,258.5299987792969,258.5299987792969,258.69000244140625,258.5299987792969,258.54998779296875,6987.0
2024-10-25 10:18:00+00:00,CDW,219.51499938964844,219.51499938964844,219.98500061035156,219.51499938964844,219.83999633789062,3952.0
2024-10-25 10:18:00+00:00,CEVA,24.09000015258789,24.09000015258789,24.155000686645508,24.09000015258789,24.110000610351562,2366.0
2024-10-25 10:18:00+00:00,CFLT,22.450000762939453,22.450000762939453,22.540000915527344,22.450000762939453,22.540000915527344,4747.0
2024-10-25 10:18:00+00:00,CGNX,39.220001220703125,39.220001220703125,39.29999923706055,39.21500015258789,39.29999923706055,3725.0
2024-10-25 10:18:00+00:00,CHKP,207.25,207.25,207.25,207.25,207.25,783.0
2024-10-25 10:18:00+00:00,CLBT,18.110000610351562,18.110000610351562,18.110000610351562,18.110000610351562,18.110000610351562,681.0
2024-10-25 10:18:00+00:00,CLFD,36.81999969482422,36.81999969482422,36.81999969482422,36.81999969482422,36.81999969482422,535.0
2024-10-25 10:18:00+00:00,CLSK,11.96399974822998,11.96399974822998,11.979999542236328,11.930000305175781,11.974699974060059,74358.0
2024-10-25 10:18:00+00:00,CNDT,3.694999933242798,3.694999933242798,3.694999933242798,3.694999933242798,3.694999933242798,792.0
2024-10-25 10:18:00+00:00,CNXC,45.15999984741211,45.15999984741211,45.15999984741211,45.15999984741211,45.15999984741211,282.0
2024-10-25 10:18:00+00:00,COHR,96.37000274658203,96.37000274658203,96.47000122070312,96.37000274658203,96.41999816894531,1983.0
2024-10-25 10:18:00+00:00,COIN,212.14999389648438,212.14999389648438,212.94000244140625,211.91000366210938,212.9250030517578,30814.0
2024-10-25 10:18:00+00:00,COMM,6.465000152587891,6.465000152587891,6.46999979019165,6.44980001449585,6.44980001449585,9763.0
2024-10-25 10:18:00+00:00,CORZ,13.46500015258789,13.46500015258789,13.545000076293945,13.40999984741211,13.539999961853027,181381.0
2024-10-25 10:18:00+00:00,CORZW,7.940000057220459,7.940000057220459,7.949999809265137,7.940000057220459,7.949999809265137,642.0
2024-10-25 10:18:00+00:00,CRDO,39.599998474121094,39.599998474121094,39.599998474121094,39.55500030517578,39.55500030517578,2278.0
2024-10-25 10:18:00+00:00,CRSR,6.429999828338623,6.429999828338623,6.429999828338623,6.429999828338623,6.429999828338623,724.0
2024-10-25 10:18:00+00:00,CRUS,122.89399719238281,122.89399719238281,122.89399719238281,122.89399719238281,122.89399719238281,825.0
2024-10-25 10:18:00+00:00,CRWD,308.739990234375,308.739990234375,308.739990234375,308.35009765625,308.67999267578125,8344.0
2024-10-25 10:18:00+00:00,CSCO,56.373600006103516,56.373600006103516,56.380001068115234,56.349998474121094,56.36000061035156,21649.0
2024-10-25 10:18:00+00:00,CSGS,48.0,48.0,48.0,48.0,48.0,115.0
2024-10-25 10:18:00+00:00,CSIQ,13.619999885559082,13.619999885559082,13.649999618530273,13.55370044708252,13.644700050354004,13028.0
2024-10-25 10:18:00+00:00,CTLP,9.069999694824219,9.069999694824219,9.085200309753418,9.069999694824219,9.085200309753418,1201.0
2024-10-25 10:18:00+00:00,CTSH,75.2300033569336,75.2300033569336,75.25,75.22000122070312,75.25,45563.0
2024-10-25 10:18:00+00:00,CVLT,134.33999633789062,134.33999633789062,134.33999633789062,134.33999633789062,134.33999633789062,323.0
2024-10-25 10:18:00+00:00,CYBR,294.6335144042969,294.6335144042969,294.6335144042969,294.6335144042969,294.6335144042969,373.0
2024-10-25 10:18:00+00:00,DATS,1.6399999856948853,1.6399999856948853,1.6399999856948853,1.621000051498413,1.621000051498413,2961.0
2024-10-25 10:18:00+00:00,DBX,26.09000015258789,26.09000015258789,26.094999313354492,26.09000015258789,26.094999313354492,1929.0
2024-10-25 10:18:00+00:00,DCBO,46.279998779296875,46.279998779296875,46.279998779296875,46.20500183105469,46.20500183105469,1063.0
2024-10-25 10:18:00+00:00,DDOG,126.52999877929688,126.52999877929688,126.75499725341797,126.5,126.75499725341797,9597.0
2024-10-25 10:18:00+00:00,DIOD,66.26000213623047,66.26000213623047,66.26000213623047,66.26000213623047,66.26000213623047,1068.0
2024-10-25 10:18:00+00:00,DLO,8.8149995803833,8.8149995803833,8.8149995803833,8.8149995803833,8.8149995803833,768.0
2024-10-25 10:18:00+00:00,DOCU,70.26499938964844,70.26499938964844,70.29499816894531,70.24749755859375,70.26000213623047,11483.0
2024-10-25 10:18:00+00:00,DOMO,7.989999771118164,7.989999771118164,7.989999771118164,7.989999771118164,7.989999771118164,422.0
2024-10-25 10:18:00+00:00,DTSS,2.45989990234375,2.45989990234375,2.45989990234375,2.4598000049591064,2.4598000049591064,1798.0
2024-10-25 10:18:00+00:00,DUOT,4.080100059509277,4.080100059509277,4.080100059509277,4.080100059509277,4.080100059509277,1239.0
2024-10-25 10:18:00+00:00,ENPH,82.0,82.0,82.0199966430664,81.8499984741211,82.0199966430664,2171.0
2024-10-25 10:18:00+00:00,ERIC,8.490099906921387,8.490099906921387,8.5,8.490099906921387,8.5,26756.0
2024-10-25 10:18:00+00:00,EVCM,10.579999923706055,10.579999923706055,10.579999923706055,10.579999923706055,10.579999923706055,1582.0
2024-10-25 10:18:00+00:00,EXFY,1.725000023841858,1.725000023841858,1.725000023841858,1.7201000452041626,1.7201000452041626,4059.0
2024-10-25 10:18:00+00:00,EXLS,39.150001525878906,39.150001525878906,39.150001525878906,39.150001525878906,39.150001525878906,864.0
2024-10-25 10:18:00+00:00,EXTR,14.545000076293945,14.545000076293945,14.5649995803833,14.545000076293945,14.5649995803833,2681.0
2024-10-25 10:18:00+00:00,FCUV,0.2549999952316284,0.2549999952316284,0.2549999952316284,0.2549999952316284,0.2549999952316284,505.0
2024-10-25 10:18:00+00:00,FFIV,216.4600067138672,216.4600067138672,216.4600067138672,216.30999755859375,216.30999755859375,1193.0
2024-10-25 10:18:00+00:00,FIVN,30.520000457763672,30.520000457763672,30.549999237060547,30.520000457763672,30.520000457763672,1522.0
2024-10-25 10:18:00+00:00,FLEX,35.439998626708984,35.439998626708984,35.45000076293945,35.400001525878906,35.43000030517578,7391.0
2024-10-25 10:18:00+00:00,FLYW,17.530000686645508,17.530000686645508,17.530000686645508,17.530000686645508,17.530000686645508,919.0
2024-10-25 10:18:00+00:00,FROG,29.510000228881836,29.510000228881836,29.510000228881836,29.5,29.510000228881836,990.0
2024-10-25 10:18:00+00:00,FRSH,11.729999542236328,11.729999542236328,11.729999542236328,11.710000038146973,11.710000038146973,10112.0
2024-10-25 10:18:00+00:00,FSLR,199.2449951171875,199.2449951171875,199.40989685058594,198.76499938964844,198.9199981689453,5822.0
2024-10-25 10:18:00+00:00,FTCI,0.7179999947547913,0.7179999947547913,0.7179999947547913,0.7179999947547913,0.7179999947547913,21254.0
2024-10-25 10:18:00+00:00,FTNT,81.43499755859375,81.43499755859375,81.44000244140625,81.41999816894531,81.41999816894531,4437.0
2024-10-25 10:18:00+00:00,GCT,25.5,25.5,25.540000915527344,25.5,25.540000915527344,1457.0
2024-10-25 10:18:00+00:00,GDS,21.959999084472656,21.959999084472656,21.979999542236328,21.940000534057617,21.979999542236328,985.0
2024-10-25 10:18:00+00:00,GDYN,15.670000076293945,15.670000076293945,15.670000076293945,15.670000076293945,15.670000076293945,107.0
2024-10-25 10:18:00+00:00,GFS,40.946800231933594,40.946800231933594,40.959999084472656,40.946800231933594,40.959999084472656,1873.0
2024-10-25 10:18:00+00:00,GILT,4.929999828338623,4.929999828338623,4.929999828338623,4.929999828338623,4.929999828338623,626.0
2024-10-25 10:18:00+00:00,GNSS,3.890000104904175,3.890000104904175,3.890000104904175,3.859999895095825,3.859999895095825,7444.0
2024-10-25 10:18:00+00:00,GPRO,1.3300000429153442,1.3300000429153442,1.3300000429153442,1.3250000476837158,1.3250000476837158,3081.0
2024-10-25 10:18:00+00:00,GRAB,4.085000038146973,4.085000038146973,4.085400104522705,4.0817999839782715,4.085400104522705,22915.0
2024-10-25 10:18:00+00:00,GRRR,4.690000057220459,4.690000057220459,4.690000057220459,4.690000057220459,4.690000057220459,0.0
2024-10-25 10:18:00+00:00,GTLB,56.22999954223633,56.22999954223633,56.245399475097656,56.209999084472656,56.24079895019531,2601.0
2024-10-25 10:18:00+00:00,HCP,33.654998779296875,33.654998779296875,33.65999984741211,33.654998779296875,33.65999984741211,4288.0
2024-10-25 10:18:00+00:00,HEAR,16.575000762939453,16.575000762939453,16.575000762939453,16.575000762939453,16.575000762939453,346.0
2024-10-25 10:18:00+00:00,HLIT,14.770000457763672,14.770000457763672,14.770000457763672,14.770000457763672,14.770000457763672,6258.0
2024-10-25 10:18:00+00:00,HOLO,3.805000066757202,3.805000066757202,3.819999933242798,3.805000066757202,3.81030011177063,6888.0
2024-10-25 10:18:00+00:00,HOOD,27.3799991607666,27.3799991607666,27.395000457763672,27.350000381469727,27.391300201416016,14757.0
2024-10-25 10:18:00+00:00,IMXI,17.829999923706055,17.829999923706055,17.829999923706055,17.829999923706055,17.829999923706055,1662.0
2024-10-25 10:18:00+00:00,INDI,3.5546000003814697,3.5546000003814697,3.565000057220459,3.5510001182556152,3.565000057220459,7946.0
2024-10-25 10:18:00+00:00,INOD,20.11009979248047,20.11009979248047,20.11009979248047,20.110000610351562,20.110000610351562,2596.0
2024-10-25 10:18:00+00:00,INTA,50.19499969482422,50.19499969482422,50.19499969482422,50.19499969482422,50.19499969482422,185.0
2024-10-25 10:18:00+00:00,INTC,23.0049991607666,23.0049991607666,23.017499923706055,22.9950008392334,23.0049991607666,137933.0
2024-10-25 10:18:00+00:00,INTU,613.9000244140625,613.9000244140625,613.9882202148438,613.6400146484375,613.9882202148438,2996.0
2024-10-25 10:18:00+00:00,JKHY,185.22000122070312,185.22000122070312,185.22500610351562,185.22000122070312,185.22500610351562,716.0
2024-10-25 10:18:00+00:00,KC,2.734999895095825,2.734999895095825,2.734999895095825,2.7300000190734863,2.7320001125335693,7174.0
2024-10-25 10:18:00+00:00,KLAC,677.8499755859375,677.8499755859375,677.97998046875,677.3400268554688,677.97998046875,1683.0
2024-10-25 10:18:00+00:00,KLIC,44.599998474121094,44.599998474121094,44.599998474121094,44.59000015258789,44.599998474121094,569.0
2024-10-25 10:18:00+00:00,LASR,10.510000228881836,10.510000228881836,10.510000228881836,10.510000228881836,10.510000228881836,772.0
2024-10-25 10:18:00+00:00,LITE,64.54000091552734,64.54000091552734,64.58999633789062,64.52999877929688,64.55000305175781,3285.0
2024-10-25 10:18:00+00:00,LOGI,80.86000061035156,80.86000061035156,80.86000061035156,80.86000061035156,80.86000061035156,371.0
2024-10-25 10:18:00+00:00,LRCX,78.83000183105469,78.83000183105469,78.88999938964844,78.69999694824219,78.80709838867188,46511.0
2024-10-25 10:18:00+00:00,LSCC,54.59000015258789,54.59000015258789,54.619998931884766,54.540000915527344,54.599998474121094,5586.0
2024-10-25 10:18:00+00:00,LTRX,4.034999847412109,4.034999847412109,4.034999847412109,4.034999847412109,4.034999847412109,82.0
2024-10-25 10:18:00+00:00,LYFT,13.61400032043457,13.61400032043457,13.639900207519531,13.609999656677246,13.635000228881836,27452.0
2024-10-25 10:18:00+00:00,MANH,276.635009765625,276.635009765625,276.69000244140625,276.635009765625,276.69000244140625,491.0
2024-10-25 10:18:00+00:00,MCHP,77.19999694824219,77.19999694824219,77.22000122070312,77.18000030517578,77.20999908447266,9018.0
2024-10-25 10:18:00+00:00,MDB,268.9519958496094,268.9519958496094,269.2799987792969,268.9100036621094,269.2799987792969,1391.0
2024-10-25 10:18:00+00:00,MKSI,100.7300033569336,100.7300033569336,100.80000305175781,100.7300033569336,100.80000305175781,1915.0
2024-10-25 10:18:00+00:00,MNDY,300.82000732421875,300.82000732421875,301.1099853515625,300.6300048828125,301.1099853515625,4086.0
2024-10-25 10:18:00+00:00,MPWR,917.0050048828125,917.0050048828125,918.22998046875,915.8200073242188,917.3200073242188,9786.0
2024-10-25 10:18:00+00:00,MQ,5.315000057220459,5.315000057220459,5.320000171661377,5.315000057220459,5.320000171661377,557.0
2024-10-25 10:18:00+00:00,MRVL,83.02999877929688,83.02999877929688,83.0999984741211,82.94000244140625,83.02999877929688,18710.0
2024-10-25 10:18:00+00:00,MSFT,430.510009765625,430.510009765625,430.5849914550781,430.1300048828125,430.239990234375,34728.0
2024-10-25 10:18:00+00:00,MSTR,241.38999938964844,241.38999938964844,242.55999755859375,240.13279724121094,242.3739013671875,85496.0
2024-10-25 10:18:00+00:00,MTC,0.3702000081539154,0.3702000081539154,0.3702000081539154,0.3702000081539154,0.3702000081539154,2300.0
2024-10-25 10:18:00+00:00,MTSI,118.9000015258789,118.9000015258789,118.94000244140625,118.9000015258789,118.94000244140625,1648.0
2024-10-25 10:18:00+00:00,MTTR,4.664999961853027,4.664999961853027,4.664999961853027,4.664999961853027,4.664999961853027,7.0
2024-10-25 10:18:00+00:00,MU,109.25990295410156,109.25990295410156,109.33999633789062,109.19999694824219,109.29000091552734,33022.0
2024-10-25 10:18:00+00:00,MVIS,1.1050000190734863,1.1050000190734863,1.1050000190734863,1.1038000583648682,1.1050000190734863,5562.0
2024-10-25 10:18:00+00:00,MXL,14.949999809265137,14.949999809265137,14.970000267028809,14.944999694824219,14.970000267028809,2586.0
2024-10-25 10:18:00+00:00,NCNO,38.29999923706055,38.29999923706055,38.33000183105469,38.29999923706055,38.33000183105469,5692.0
2024-10-25 10:18:00+00:00,NEON,8.050000190734863,8.050000190734863,8.050000190734863,8.050000190734863,8.050000190734863,187.0
2024-10-25 10:18:00+00:00,NICE,176.89999389648438,176.89999389648438,176.89999389648438,176.89999389648438,176.89999389648438,363.0
2024-10-25 10:18:00+00:00,NNDM,2.3450000286102295,2.3450000286102295,2.3450000286102295,2.3450000286102295,2.3450000286102295,801.0
2024-10-25 10:18:00+00:00,NTAP,120.05500030517578,120.05500030517578,120.05500030517578,120.0,120.0,5539.0
2024-10-25 10:18:00+00:00,NTCT,20.649999618530273,20.649999618530273,20.670000076293945,20.649999618530273,20.670000076293945,1277.0
2024-10-25 10:18:00+00:00,NTGR,20.424999237060547,20.424999237060547,20.450000762939453,20.420000076293945,20.450000762939453,1074.0
2024-10-25 10:18:00+00:00,NTNX,62.52000045776367,62.52000045776367,62.59000015258789,62.52000045776367,62.59000015258789,575.0
2024-10-25 10:18:00+00:00,NVDA,142.83990478515625,142.83990478515625,142.98770141601562,142.77040100097656,142.88499450683594,510373.0
2024-10-25 10:18:00+00:00,NVTS,2.5699000358581543,2.5699000358581543,2.575000047683716,2.565000057220459,2.575000047683716,3372.0
2024-10-25 10:18:00+00:00,NXPI,243.74000549316406,243.74000549316406,243.74000549316406,243.50999450683594,243.55999755859375,2353.0
2024-10-25 10:18:00+00:00,OBLG,3.754699945449829,3.754699945449829,3.754699945449829,3.754699945449829,3.754699945449829,1098.0
2024-10-25 10:18:00+00:00,OKTA,72.83000183105469,72.83000183105469,72.83999633789062,72.79000091552734,72.81999969482422,4476.0
2024-10-25 10:18:00+00:00,ON,71.95999908447266,71.95999908447266,71.98999786376953,71.87999725341797,71.98500061035156,19610.0
2024-10-25 10:18:00+00:00,OSIS,137.32000732421875,137.32000732421875,137.32000732421875,137.32000732421875,137.32000732421875,266.0
2024-10-25 10:18:00+00:00,OSPN,14.739999771118164,14.739999771118164,14.739999771118164,14.739999771118164,14.739999771118164,740.0
2024-10-25 10:18:00+00:00,OTEX,33.619998931884766,33.619998931884766,33.619998931884766,33.619998931884766,33.619998931884766,392.0
2024-10-25 10:18:00+00:00,PALT,2.009999990463257,2.009999990463257,2.009999990463257,2.009999990463257,2.009999990463257,756.0
2024-10-25 10:18:00+00:00,PANW,370.19000244140625,370.19000244140625,370.6099853515625,370.07000732421875,370.22979736328125,8625.0
2024-10-25 10:18:00+00:00,PAYO,8.3149995803833,8.3149995803833,8.319999694824219,8.305000305175781,8.319999694824219,8484.0
2024-10-25 10:18:00+00:00,PDFS,29.309999465942383,29.309999465942383,29.309999465942383,29.309999465942383,29.309999465942383,291.0
2024-10-25 10:18:00+00:00,PEGA,80.83999633789062,80.83999633789062,80.83999633789062,80.77999877929688,80.80999755859375,2467.0
2024-10-25 10:18:00+00:00,PEGY,4.630000114440918,4.630000114440918,4.679999828338623,4.630000114440918,4.679999828338623,861.0
2024-10-25 10:18:00+00:00,PGY,11.829999923706055,11.829999923706055,11.84280014038086,11.829999923706055,11.84280014038086,1578.0
2024-10-25 10:18:00+00:00,PHUN,9.560099601745605,9.560099601745605,9.60990047454834,9.529999732971191,9.600099563598633,66404.0
2024-10-25 10:18:00+00:00,PI,199.02999877929688,199.02999877929688,199.05999755859375,198.9250030517578,198.9250030517578,1763.0
2024-10-25 10:18:00+00:00,PLXS,143.99000549316406,143.99000549316406,144.0399932861328,143.99000549316406,144.0399932861328,667.0
2024-10-25 10:18:00+00:00,POET,3.930000066757202,3.930000066757202,3.9600000381469727,3.930000066757202,3.9600000381469727,2168.0
2024-10-25 10:18:00+00:00,PRCH,1.3700000047683716,1.3700000047683716,1.3700000047683716,1.3690999746322632,1.3690999746322632,1500.0
2024-10-25 10:18:00+00:00,PRGS,65.39990234375,65.39990234375,65.39990234375,65.39990234375,65.39990234375,1024.0
2024-10-25 10:18:00+00:00,PRST,0.0027000000700354576,0.0027000000700354576,0.0027000000700354576,0.0027000000700354576,0.0027000000700354576,5000.0
2024-10-25 10:18:00+00:00,PTC,185.49420166015625,185.49420166015625,185.49420166015625,185.49420166015625,185.49420166015625,230.0
2024-10-25 10:18:00+00:00,PUBM,15.125800132751465,15.125800132751465,15.125800132751465,15.119999885559082,15.119999885559082,1159.0
2024-10-25 10:18:00+00:00,PYCR,14.44950008392334,14.44950008392334,14.44950008392334,14.44950008392334,14.44950008392334,387.0
2024-10-25 10:18:00+00:00,QCOM,172.18499755859375,172.18499755859375,172.18499755859375,172.07000732421875,172.1300048828125,5491.0
2024-10-25 10:18:00+00:00,QLYS,121.23999786376953,121.23999786376953,121.23999786376953,121.23999786376953,121.23999786376953,402.0
2024-10-25 10:18:00+00:00,QRVO,100.12000274658203,100.12000274658203,100.12000274658203,100.12000274658203,100.12000274658203,956.0
2024-10-25 10:18:00+00:00,QUBT,1.125,1.125,1.125,1.125,1.125,387.0
2024-10-25 10:18:00+00:00,QUIK,8.619999885559082,8.619999885559082,8.619999885559082,8.619999885559082,8.619999885559082,1724.0
2024-10-25 10:18:00+00:00,RCAT,2.755000114440918,2.755000114440918,2.755000114440918,2.755000114440918,2.755000114440918,538.0
2024-10-25 10:18:00+00:00,RDWR,22.40999984741211,22.40999984741211,22.40999984741211,22.40999984741211,22.40999984741211,744.0
2024-10-25 10:18:00+00:00,REKR,1.090000033378601,1.090000033378601,1.090000033378601,1.090000033378601,1.090000033378601,7900.0
2024-10-25 10:18:00+00:00,RELL,13.800000190734863,13.800000190734863,13.869999885559082,13.800000190734863,13.869999885559082,2476.0
2024-10-25 10:18:00+00:00,RELY,14.779999732971191,14.779999732971191,14.779999732971191,14.760000228881836,14.760000228881836,2615.0
2024-10-25 10:18:00+00:00,RGTI,1.2799999713897705,1.2799999713897705,1.2890000343322754,1.2797000408172607,1.2890000343322754,6503.0
2024-10-25 10:18:00+00:00,RIOT,10.124699592590332,10.124699592590332,10.135000228881836,10.100000381469727,10.130000114440918,71409.0
2024-10-25 10:18:00+00:00,RMBS,42.845298767089844,42.845298767089844,42.845298767089844,42.845298767089844,42.845298767089844,145.0
2024-10-25 10:18:00+00:00,RPAY,7.659999847412109,7.659999847412109,7.659999847412109,7.65500020980835,7.65500020980835,2609.0
2024-10-25 10:18:00+00:00,RPD,39.59000015258789,39.59000015258789,39.59000015258789,39.59000015258789,39.59000015258789,107.0
2024-10-25 10:18:00+00:00,RUM,5.72790002822876,5.72790002822876,5.730000019073486,5.704999923706055,5.704999923706055,11901.0
2024-10-25 10:18:00+00:00,RUN,14.414999961853027,14.414999961853027,14.429400444030762,14.350000381469727,14.420000076293945,32248.0
2024-10-25 10:18:00+00:00,SANM,67.61000061035156,67.61000061035156,67.66000366210938,67.5999984741211,67.66000366210938,2426.0
2024-10-25 10:18:00+00:00,SATS,25.239999771118164,25.239999771118164,25.239999771118164,25.239999771118164,25.239999771118164,1639.0
2024-10-25 10:18:00+00:00,SCSC,45.599998474121094,45.599998474121094,45.599998474121094,45.599998474121094,45.599998474121094,773.0
2024-10-25 10:18:00+00:00,SEDG,15.770000457763672,15.770000457763672,15.845000267028809,15.760000228881836,15.8100004196167,17913.0
2024-10-25 10:18:00+00:00,SHLS,5.21999979019165,5.21999979019165,5.224999904632568,5.21999979019165,5.21999979019165,6272.0
2024-10-25 10:18:00+00:00,SKYT,10.649999618530273,10.649999618530273,10.649999618530273,10.649399757385254,10.649399757385254,671.0
2024-10-25 10:18:00+00:00,SLNH,4.099999904632568,4.099999904632568,4.159999847412109,4.099999904632568,4.156000137329102,3709.0
2024-10-25 10:18:00+00:00,SMCI,47.52000045776367,47.52000045776367,47.540000915527344,47.43040084838867,47.45500183105469,78927.0
2024-10-25 10:18:00+00:00,SMTC,45.51499938964844,45.51499938964844,45.5525016784668,45.51499938964844,45.5525016784668,385.0
2024-10-25 10:18:00+00:00,SNPS,505.9800109863281,505.9800109863281,505.9800109863281,504.7001037597656,505.45001220703125,3758.0
2024-10-25 10:18:00+00:00,SONO,12.854999542236328,12.854999542236328,12.859999656677246,12.829999923706055,12.859999656677246,10074.0
2024-10-25 10:18:00+00:00,SOUN,5.300000190734863,5.300000190734863,5.319900035858154,5.295000076293945,5.319900035858154,43898.0
2024-10-25 10:18:00+00:00,SPSC,183.02999877929688,183.02999877929688,183.02999877929688,182.9499969482422,182.9600067138672,3591.0
2024-10-25 10:18:00+00:00,SSNC,69.93000030517578,69.93000030517578,69.94999694824219,69.72000122070312,69.76000213623047,23858.0
2024-10-25 10:18:00+00:00,SSYS,7.119999885559082,7.119999885559082,7.119999885559082,7.119999885559082,7.119999885559082,1281.0
2024-10-25 10:18:00+00:00,STNE,11.440299987792969,11.440299987792969,11.444999694824219,11.440299987792969,11.444999694824219,7564.0
2024-10-25 10:18:00+00:00,STX,103.95500183105469,103.95500183105469,104.0,103.91000366210938,104.0,3488.0
2024-10-25 10:18:00+00:00,SURG,1.7458000183105469,1.7458000183105469,1.7480000257492065,1.7458000183105469,1.7480000257492065,1183.0
2024-10-25 10:18:00+00:00,SVRE,0.08500000089406967,0.08500000089406967,0.08529999852180481,0.08500000089406967,0.08529999852180481,59669.0
2024-10-25 10:18:00+00:00,SWKS,95.87999725341797,95.87999725341797,95.89959716796875,95.86000061035156,95.89959716796875,2178.0
2024-10-25 10:18:00+00:00,SYNA,73.12999725341797,73.12999725341797,73.16000366210938,73.12999725341797,73.16000366210938,482.0
2024-10-25 10:18:00+00:00,TAOP,0.46000000834465027,0.46000000834465027,0.46000000834465027,0.45989999175071716,0.45989999175071716,1400.0
2024-10-25 10:18:00+00:00,TEAM,190.80999755859375,190.80999755859375,191.2899932861328,190.77499389648438,191.2899932861328,5234.0
2024-10-25 10:18:00+00:00,TER,112.23500061035156,112.23500061035156,112.32659912109375,112.125,112.19000244140625,34977.0
2024-10-25 10:18:00+00:00,TGL,0.660099983215332,0.660099983215332,0.660099983215332,0.660099983215332,0.660099983215332,414.0
2024-10-25 10:18:00+00:00,TLS,3.609999895095825,3.609999895095825,3.619999885559082,3.609999895095825,3.619999885559082,944.0
2024-10-25 10:18:00+00:00,TRMB,61.119998931884766,61.119998931884766,61.119998931884766,61.119998931884766,61.119998931884766,596.0
2024-10-25 10:18:00+00:00,TSEM,45.4109992980957,45.4109992980957,45.459999084472656,45.4109992980957,45.459999084472656,755.0
2024-10-25 10:18:00+00:00,TTD,120.29000091552734,120.29000091552734,120.44000244140625,120.23999786376953,120.23999786376953,5830.0
2024-10-25 10:18:00+00:00,TTEC,5.409999847412109,5.409999847412109,5.409999847412109,5.409999847412109,5.409999847412109,1243.0
2024-10-25 10:18:00+00:00,TTMI,19.5,19.5,19.5,19.46500015258789,19.475000381469727,2191.0
2024-10-25 10:18:00+00:00,TWKS,4.454999923706055,4.454999923706055,4.454999923706055,4.454999923706055,4.454999923706055,12064.0
2024-10-25 10:18:00+00:00,TXN,209.9550018310547,209.9550018310547,209.97999572753906,209.81900024414062,209.82049560546875,6019.0
2024-10-25 10:18:00+00:00,VECO,29.510000228881836,29.510000228881836,29.510000228881836,29.510000228881836,29.510000228881836,1017.0
2024-10-25 10:18:00+00:00,VERI,3.4800000190734863,3.4800000190734863,3.490000009536743,3.4800000190734863,3.4800000190734863,3144.0
2024-10-25 10:18:00+00:00,VIAV,9.229999542236328,9.229999542236328,9.229999542236328,9.229999542236328,9.229999542236328,2674.0
2024-10-25 10:18:00+00:00,VICR,47.18000030517578,47.18000030517578,47.18000030517578,47.18000030517578,47.18000030517578,390.0
2024-10-25 10:18:00+00:00,VMEO,4.755000114440918,4.755000114440918,4.760000228881836,4.75,4.75,2123.0
2024-10-25 10:18:00+00:00,VNET,3.4549999237060547,3.4549999237060547,3.4549999237060547,3.4549999237060547,3.4549999237060547,393.0
2024-10-25 10:18:00+00:00,VRNS,57.08000183105469,57.08000183105469,57.09000015258789,57.08000183105469,57.09000015258789,1033.0
2024-10-25 10:18:00+00:00,VRSN,189.375,189.375,189.375,189.1750030517578,189.1750030517578,1925.0
2024-10-25 10:18:00+00:00,VSAT,10.319999694824219,10.319999694824219,10.329999923706055,10.319999694824219,10.329999923706055,2907.0
2024-10-25 10:18:00+00:00,WDAY,240.97999572753906,240.97999572753906,240.97999572753906,240.97999572753906,240.97999572753906,490.0
2024-10-25 10:18:00+00:00,WDC,71.83499908447266,71.83499908447266,71.88179779052734,71.58999633789062,71.86000061035156,153542.0
2024-10-25 10:18:00+00:00,WISA,1.8499000072479248,1.8499000072479248,1.850000023841858,1.8401000499725342,1.8401000499725342,8383.0
2024-10-25 10:18:00+00:00,WIX,165.72000122070312,165.72000122070312,165.72000122070312,165.39500427246094,165.39500427246094,891.0
2024-10-25 10:18:00+00:00,WRAP,1.875,1.875,1.8949999809265137,1.850000023841858,1.8949999809265137,11880.0
2024-10-25 10:18:00+00:00,XRX,10.170000076293945,10.170000076293945,10.180100440979004,10.170000076293945,10.180100440979004,3221.0
2024-10-25 10:18:00+00:00,ZI,10.600000381469727,10.600000381469727,10.600000381469727,10.594400405883789,10.600000381469727,8073.0
2024-10-25 10:18:00+00:00,ZM,73.16000366210938,73.16000366210938,73.19499969482422,73.16000366210938,73.19499969482422,2331.0
2024-10-25 10:19:00+00:00,AAOI,17.760000228881836,17.760000228881836,17.760000228881836,17.719999313354492,17.735000610351562,3835.0
2024-10-25 10:19:00+00:00,AAPL,232.02000427246094,232.02000427246094,232.0399932861328,231.88999938964844,231.94000244140625,62324.0
2024-10-25 10:19:00+00:00,ACIW,49.26499938964844,49.26499938964844,49.26499938964844,49.26499938964844,49.26499938964844,205.0
2024-10-25 10:19:00+00:00,ACMR,19.615999221801758,19.615999221801758,19.649900436401367,19.615999221801758,19.649900436401367,3889.0
2024-10-25 10:19:00+00:00,ADBE,487.32000732421875,487.32000732421875,487.6499938964844,487.22119140625,487.22119140625,6828.0
2024-10-25 10:19:00+00:00,ADI,234.3000030517578,234.3000030517578,234.44000244140625,234.3000030517578,234.32000732421875,5934.0
2024-10-25 10:19:00+00:00,ADSK,288.1449890136719,288.1449890136719,288.1449890136719,287.8275146484375,287.8500061035156,5285.0
2024-10-25 10:19:00+00:00,ADTN,6.360000133514404,6.360000133514404,6.360000133514404,6.360000133514404,6.360000133514404,682.0
2024-10-25 10:19:00+00:00,AEHR,16.350000381469727,16.350000381469727,16.389999389648438,16.34000015258789,16.34000015258789,1921.0
2024-10-25 10:19:00+00:00,AEYE,23.299999237060547,23.299999237060547,23.299999237060547,23.299999237060547,23.299999237060547,388.0
2024-10-25 10:19:00+00:00,AFRM,42.029998779296875,42.029998779296875,42.060001373291016,42.02000045776367,42.040000915527344,27056.0
2024-10-25 10:19:00+00:00,AKAM,103.46499633789062,103.46499633789062,103.46499633789062,103.46499633789062,103.46499633789062,424.0
2024-10-25 10:19:00+00:00,AKTS,0.05950000137090683,0.05950000137090683,0.05959999933838844,0.05790000036358833,0.05790000036358833,637326.0
2024-10-25 10:19:00+00:00,ALGM,22.59000015258789,22.59000015258789,22.600000381469727,22.540000915527344,22.559999465942383,6451.0
2024-10-25 10:19:00+00:00,ALKT,38.122501373291016,38.122501373291016,38.122501373291016,38.122501373291016,38.122501373291016,1370.0
2024-10-25 10:19:00+00:00,ALLT,3.4600000381469727,3.4600000381469727,3.4600000381469727,3.4600000381469727,3.4600000381469727,446.0
2024-10-25 10:19:00+00:00,ALRM,54.70500183105469,54.70500183105469,54.70500183105469,54.70500183105469,54.70500183105469,1118.0
2024-10-25 10:19:00+00:00,ALTR,105.88999938964844,105.88999938964844,105.88999938964844,105.66999816894531,105.66999816894531,3271.0
2024-10-25 10:19:00+00:00,AMAT,188.3300018310547,188.3300018310547,188.39999389648438,188.19000244140625,188.19000244140625,5253.0
2024-10-25 10:19:00+00:00,AMBA,57.84590148925781,57.84590148925781,57.84590148925781,57.84590148925781,57.84590148925781,352.0
2024-10-25 10:19:00+00:00,AMD,157.91099548339844,157.91099548339844,158.03660583496094,157.85000610351562,157.85000610351562,108009.0
2024-10-25 10:19:00+00:00,AMKR,29.8700008392334,29.8700008392334,29.8700008392334,29.850000381469727,29.850000381469727,1966.0
2024-10-25 10:19:00+00:00,APP,163.0449981689453,163.0449981689453,163.10000610351562,163.02000427246094,163.08999633789062,5049.0
2024-10-25 10:19:00+00:00,APPF,226.52999877929688,226.52999877929688,226.57000732421875,226.13999938964844,226.3800048828125,4553.0
2024-10-25 10:19:00+00:00,APPN,32.39039993286133,32.39039993286133,32.39039993286133,32.349998474121094,32.349998474121094,469.0
2024-10-25 10:19:00+00:00,APPS,3.119999885559082,3.119999885559082,3.125,3.119999885559082,3.125,3872.0
2024-10-25 10:19:00+00:00,ARRY,6.494999885559082,6.494999885559082,6.496500015258789,6.474999904632568,6.474999904632568,8785.0
2024-10-25 10:19:00+00:00,ASML,721.317626953125,721.317626953125,721.317626953125,720.635009765625,720.635009765625,3444.0
2024-10-25 10:19:00+00:00,ASUR,9.720000267028809,9.720000267028809,9.720000267028809,9.699999809265137,9.699999809265137,840.0
2024-10-25 10:19:00+00:00,AUR,6.489999771118164,6.489999771118164,6.494999885559082,6.489999771118164,6.494999885559082,5165.0
2024-10-25 10:19:00+00:00,AUUD,0.6283000111579895,0.6283000111579895,0.6283000111579895,0.6283000111579895,0.6283000111579895,656.0
2024-10-25 10:19:00+00:00,AVDX,8.234999656677246,8.234999656677246,8.234999656677246,8.225000381469727,8.234999656677246,30938.0
2024-10-25 10:19:00+00:00,AVGO,175.21499633789062,175.21499633789062,175.35000610351562,175.1699981689453,175.1999969482422,42493.0
2024-10-25 10:19:00+00:00,AVPT,12.074999809265137,12.074999809265137,12.074999809265137,12.074999809265137,12.074999809265137,1435.0
2024-10-25 10:19:00+00:00,BIGC,5.360000133514404,5.360000133514404,5.360000133514404,5.360000133514404,5.360000133514404,607.0
2024-10-25 10:19:00+00:00,BL,57.04999923706055,57.04999923706055,57.04999923706055,57.040000915527344,57.040000915527344,904.0
2024-10-25 10:19:00+00:00,BMBL,7.264999866485596,7.264999866485596,7.264999866485596,7.264999866485596,7.264999866485596,338.0
2024-10-25 10:19:00+00:00,BSY,49.45500183105469,49.45500183105469,49.45500183105469,49.45500183105469,49.45500183105469,132.0
2024-10-25 10:19:00+00:00,CAN,0.9948999881744385,0.9948999881744385,0.9969000220298767,0.9929999709129333,0.9929999709129333,3161.0
2024-10-25 10:19:00+00:00,CCSI,20.489999771118164,20.489999771118164,20.489999771118164,20.489999771118164,20.489999771118164,575.0
2024-10-25 10:19:00+00:00,CDNS,258.9800109863281,258.9800109863281,258.9800109863281,258.5299987792969,258.5299987792969,3340.0
2024-10-25 10:19:00+00:00,CDW,219.88999938964844,219.88999938964844,219.88999938964844,219.8699951171875,219.8699951171875,721.0
2024-10-25 10:19:00+00:00,CETX,0.29649999737739563,0.29649999737739563,0.29649999737739563,0.29649999737739563,0.29649999737739563,2780.0
2024-10-25 10:19:00+00:00,CFLT,22.440000534057617,22.440000534057617,22.440000534057617,22.420000076293945,22.440000534057617,4252.0
2024-10-25 10:19:00+00:00,CGNX,39.255001068115234,39.255001068115234,39.255001068115234,39.25,39.25,520.0
2024-10-25 10:19:00+00:00,CHKP,207.36000061035156,207.36000061035156,207.36000061035156,207.36000061035156,207.36000061035156,3112.0
2024-10-25 10:19:00+00:00,CLSK,11.994500160217285,11.994500160217285,11.994999885559082,11.960000038146973,11.960000038146973,63696.0
2024-10-25 10:19:00+00:00,CNXC,45.130001068115234,45.130001068115234,45.16999816894531,45.130001068115234,45.14500045776367,2327.0
2024-10-25 10:19:00+00:00,COHR,96.42749786376953,96.42749786376953,96.4800033569336,96.3313980102539,96.37000274658203,3198.0
2024-10-25 10:19:00+00:00,COIN,212.30630493164062,212.30630493164062,212.4499969482422,211.9600067138672,212.00999450683594,23701.0
2024-10-25 10:19:00+00:00,COMM,6.460000038146973,6.460000038146973,6.460000038146973,6.449999809265137,6.460000038146973,7088.0
2024-10-25 10:19:00+00:00,CORZ,13.520000457763672,13.520000457763672,13.520000457763672,13.4399995803833,13.47599983215332,39172.0
2024-10-25 10:19:00+00:00,CRDO,39.564998626708984,39.564998626708984,39.564998626708984,39.564998626708984,39.564998626708984,598.0
2024-10-25 10:19:00+00:00,CRWD,309.385009765625,309.385009765625,309.42999267578125,308.7900085449219,308.7900085449219,6174.0
2024-10-25 10:19:00+00:00,CSCO,56.375,56.375,56.39500045776367,56.36899948120117,56.372501373291016,23223.0
2024-10-25 10:19:00+00:00,CSIQ,13.625,13.625,13.649999618530273,13.59000015258789,13.649999618530273,3497.0
2024-10-25 10:19:00+00:00,CTLP,9.0649995803833,9.0649995803833,9.065999984741211,9.0600004196167,9.065999984741211,2711.0
2024-10-25 10:19:00+00:00,CTSH,75.25,75.25,75.26000213623047,75.25,75.25,2764.0
2024-10-25 10:19:00+00:00,CYBR,296.69500732421875,296.69500732421875,296.69500732421875,296.69500732421875,296.69500732421875,289.0
2024-10-25 10:19:00+00:00,DBX,26.100000381469727,26.100000381469727,26.100000381469727,26.079999923706055,26.079999923706055,2267.0
2024-10-25 10:19:00+00:00,DDOG,126.59500122070312,126.59500122070312,126.59500122070312,126.52999877929688,126.52999877929688,4131.0
2024-10-25 10:19:00+00:00,DLO,8.845000267028809,8.845000267028809,8.845000267028809,8.84000015258789,8.84000015258789,1846.0
2024-10-25 10:19:00+00:00,DOCU,70.26000213623047,70.26000213623047,70.27999877929688,70.25,70.27999877929688,13963.0
2024-10-25 10:19:00+00:00,DTSS,2.424999952316284,2.424999952316284,2.424999952316284,2.424999952316284,2.424999952316284,227.0
2024-10-25 10:19:00+00:00,DUOL,285.6400146484375,285.6400146484375,285.6400146484375,285.6000061035156,285.6000061035156,1287.0
2024-10-25 10:19:00+00:00,ENPH,82.16999816894531,82.16999816894531,82.19000244140625,82.0199966430664,82.0199966430664,6790.0
2024-10-25 10:19:00+00:00,ENTG,104.83999633789062,104.83999633789062,104.83999633789062,104.81999969482422,104.83999633789062,2615.0
2024-10-25 10:19:00+00:00,ERIC,8.494999885559082,8.494999885559082,8.496000289916992,8.489999771118164,8.496000289916992,13405.0
2024-10-25 10:19:00+00:00,EVCM,10.585000038146973,10.585000038146973,10.585000038146973,10.585000038146973,10.585000038146973,175.0
2024-10-25 10:19:00+00:00,EXLS,39.18000030517578,39.18000030517578,39.18000030517578,39.18000030517578,39.18000030517578,668.0
2024-10-25 10:19:00+00:00,EXTR,14.539999961853027,14.539999961853027,14.545000076293945,14.539999961853027,14.545000076293945,1046.0
2024-10-25 10:19:00+00:00,FFIV,216.64999389648438,216.64999389648438,216.64999389648438,216.56500244140625,216.56500244140625,1054.0
2024-10-25 10:19:00+00:00,FIVN,30.540000915527344,30.540000915527344,30.540000915527344,30.500200271606445,30.530000686645508,7457.0
2024-10-25 10:19:00+00:00,FLEX,35.459999084472656,35.459999084472656,35.46500015258789,35.45000076293945,35.45000076293945,3592.0
2024-10-25 10:19:00+00:00,FROG,29.520000457763672,29.520000457763672,29.530000686645508,29.520000457763672,29.530000686645508,1759.0
2024-10-25 10:19:00+00:00,FRSH,11.729999542236328,11.729999542236328,11.734000205993652,11.729999542236328,11.729999542236328,4829.0
2024-10-25 10:19:00+00:00,FSLR,199.07000732421875,199.07000732421875,199.2899932861328,198.99000549316406,199.2899932861328,10526.0
2024-10-25 10:19:00+00:00,FTNT,81.47000122070312,81.47000122070312,81.47000122070312,81.42009735107422,81.43499755859375,5962.0
2024-10-25 10:19:00+00:00,GCT,25.5,25.5,25.520000457763672,25.479999542236328,25.520000457763672,1850.0
2024-10-25 10:19:00+00:00,GDS,21.959999084472656,21.959999084472656,21.969999313354492,21.940000534057617,21.959999084472656,10378.0
2024-10-25 10:19:00+00:00,GDYN,15.65999984741211,15.65999984741211,15.65999984741211,15.65999984741211,15.65999984741211,434.0
2024-10-25 10:19:00+00:00,GFS,40.97990036010742,40.97990036010742,40.97999954223633,40.939998626708984,40.939998626708984,2759.0
2024-10-25 10:19:00+00:00,GNSS,3.871999979019165,3.871999979019165,3.871999979019165,3.871999979019165,3.871999979019165,0.0
2024-10-25 10:19:00+00:00,GPRO,1.3300000429153442,1.3300000429153442,1.3300000429153442,1.3300000429153442,1.3300000429153442,442.0
2024-10-25 10:19:00+00:00,GRAB,4.085000038146973,4.085000038146973,4.088399887084961,4.079999923706055,4.084000110626221,7302.0
2024-10-25 10:19:00+00:00,GRRR,4.690000057220459,4.690000057220459,4.699999809265137,4.690000057220459,4.699999809265137,783.0
2024-10-25 10:19:00+00:00,GTLB,56.22999954223633,56.22999954223633,56.22999954223633,56.22999954223633,56.22999954223633,842.0
2024-10-25 10:19:00+00:00,HCKT,24.9419002532959,24.9419002532959,24.9419002532959,24.93000030517578,24.93000030517578,405.0
2024-10-25 10:19:00+00:00,HCP,33.650001525878906,33.650001525878906,33.654998779296875,33.650001525878906,33.654998779296875,1041.0
2024-10-25 10:19:00+00:00,HIMX,6.185699939727783,6.185699939727783,6.185699939727783,6.185699939727783,6.185699939727783,1053.0
2024-10-25 10:19:00+00:00,HLIT,14.770000457763672,14.770000457763672,14.770000457763672,14.770000457763672,14.770000457763672,288.0
2024-10-25 10:19:00+00:00,HOLO,3.809999942779541,3.809999942779541,3.809999942779541,3.799999952316284,3.809000015258789,8652.0
2024-10-25 10:19:00+00:00,HOOD,27.415000915527344,27.415000915527344,27.41990089416504,27.3799991607666,27.3799991607666,16183.0
2024-10-25 10:19:00+00:00,IMXI,17.834999084472656,17.834999084472656,17.834999084472656,17.834999084472656,17.834999084472656,261.0
2024-10-25 10:19:00+00:00,INDI,3.555000066757202,3.555000066757202,3.559999942779541,3.555000066757202,3.559999942779541,2018.0
2024-10-25 10:19:00+00:00,INFN,6.795000076293945,6.795000076293945,6.795000076293945,6.795000076293945,6.795000076293945,262.0
2024-10-25 10:19:00+00:00,INOD,20.149999618530273,20.149999618530273,20.149999618530273,20.149999618530273,20.149999618530273,231.0
2024-10-25 10:19:00+00:00,INTA,50.54999923706055,50.54999923706055,50.54999923706055,50.25,50.25,10793.0
2024-10-25 10:19:00+00:00,INTC,23.020000457763672,23.020000457763672,23.030000686645508,23.000099182128906,23.0049991607666,78703.0
2024-10-25 10:19:00+00:00,INTU,614.4299926757812,614.4299926757812,614.4299926757812,614.4299926757812,614.4299926757812,1371.0
2024-10-25 10:19:00+00:00,JAMF,16.8799991607666,16.8799991607666,16.8799991607666,16.8799991607666,16.8799991607666,572.0
2024-10-25 10:19:00+00:00,KC,2.75,2.75,2.75,2.740000009536743,2.740000009536743,25314.0
2024-10-25 10:19:00+00:00,KLAC,678.2249755859375,678.2249755859375,678.5,677.2249755859375,677.2249755859375,1173.0
2024-10-25 10:19:00+00:00,KLIC,44.58000183105469,44.58000183105469,44.58000183105469,44.58000183105469,44.58000183105469,391.0
2024-10-25 10:19:00+00:00,LITE,64.6449966430664,64.6449966430664,64.6449966430664,64.58000183105469,64.58000183105469,1508.0
2024-10-25 10:19:00+00:00,LRCX,78.93609619140625,78.93609619140625,78.9884033203125,78.81999969482422,78.81999969482422,35740.0
2024-10-25 10:19:00+00:00,LSCC,54.630001068115234,54.630001068115234,54.650001525878906,54.6150016784668,54.6150016784668,1271.0
2024-10-25 10:19:00+00:00,LTRX,4.019999980926514,4.019999980926514,4.034999847412109,4.019999980926514,4.034999847412109,495.0
2024-10-25 10:19:00+00:00,LYFT,13.645000457763672,13.645000457763672,13.649900436401367,13.619999885559082,13.619999885559082,17891.0
2024-10-25 10:19:00+00:00,MANH,276.67999267578125,276.67999267578125,276.8900146484375,276.5950012207031,276.5950012207031,2149.0
2024-10-25 10:19:00+00:00,MAXN,5.7399001121521,5.7399001121521,5.739999771118164,5.710000038146973,5.710000038146973,3252.0
2024-10-25 10:19:00+00:00,MCHP,77.23500061035156,77.23500061035156,77.26000213623047,77.19999694824219,77.19999694824219,8199.0
2024-10-25 10:19:00+00:00,MDB,268.9150085449219,268.9150085449219,269.07000732421875,268.9100036621094,268.9100036621094,1077.0
2024-10-25 10:19:00+00:00,MNDY,301.07708740234375,301.07708740234375,301.07708740234375,300.82000732421875,300.82000732421875,2158.0
2024-10-25 10:19:00+00:00,MPWR,917.135009765625,917.135009765625,917.22998046875,916.989990234375,917.0,1798.0
2024-10-25 10:19:00+00:00,MQ,5.315000057220459,5.315000057220459,5.315000057220459,5.314499855041504,5.314499855041504,5205.0
2024-10-25 10:19:00+00:00,MRVL,83.0199966430664,83.0199966430664,83.1050033569336,82.99199676513672,83.02999877929688,19431.0
2024-10-25 10:19:00+00:00,MSFT,430.7301025390625,430.7301025390625,430.8500061035156,430.4630126953125,430.57000732421875,45596.0
2024-10-25 10:19:00+00:00,MSTR,242.21629333496094,242.21629333496094,242.3990936279297,241.14999389648438,241.14999389648438,73585.0
2024-10-25 10:19:00+00:00,MTLS,6.039999961853027,6.039999961853027,6.039999961853027,6.039999961853027,6.039999961853027,274.0
2024-10-25 10:19:00+00:00,MTSI,118.97000122070312,118.97000122070312,118.97000122070312,118.97000122070312,118.97000122070312,186.0
2024-10-25 10:19:00+00:00,MTTR,4.664999961853027,4.664999961853027,4.664999961853027,4.664999961853027,4.664999961853027,217.0
2024-10-25 10:19:00+00:00,MU,109.39469909667969,109.39469909667969,109.47000122070312,109.23999786376953,109.23999786376953,40842.0
2024-10-25 10:19:00+00:00,MVIS,1.1050000190734863,1.1050000190734863,1.1050000190734863,1.1050000190734863,1.1050000190734863,0.0
2024-10-25 10:19:00+00:00,MXL,14.899999618530273,14.899999618530273,14.949999809265137,14.899999618530273,14.9399995803833,3052.0
2024-10-25 10:19:00+00:00,NCNO,38.310001373291016,38.310001373291016,38.31999969482422,38.310001373291016,38.31999969482422,3523.0
2024-10-25 10:19:00+00:00,NEON,8.03499984741211,8.03499984741211,8.050000190734863,8.029999732971191,8.050000190734863,1232.0
2024-10-25 10:19:00+00:00,NICE,176.77000427246094,176.77000427246094,176.89999389648438,176.77000427246094,176.89999389648438,443.0
2024-10-25 10:19:00+00:00,NTAP,120.06999969482422,120.06999969482422,120.11000061035156,120.0,120.05500030517578,2585.0
2024-10-25 10:19:00+00:00,NTNX,62.630001068115234,62.630001068115234,62.63999938964844,62.630001068115234,62.63999938964844,1521.0
2024-10-25 10:19:00+00:00,NVDA,142.90020751953125,142.90020751953125,142.97000122070312,142.8300018310547,142.83990478515625,390482.0
2024-10-25 10:19:00+00:00,NVMI,183.63999938964844,183.63999938964844,184.0050048828125,183.63999938964844,184.0050048828125,478.0
2024-10-25 10:19:00+00:00,NXPI,243.9250030517578,243.9250030517578,243.9250030517578,243.80999755859375,243.88999938964844,3603.0
2024-10-25 10:19:00+00:00,OKTA,72.8499984741211,72.8499984741211,72.8499984741211,72.81999969482422,72.81999969482422,1812.0
2024-10-25 10:19:00+00:00,ON,71.94999694824219,71.94999694824219,72.01499938964844,71.94000244140625,71.95999908447266,16614.0
2024-10-25 10:19:00+00:00,OSIS,137.1999969482422,137.1999969482422,137.1999969482422,137.1999969482422,137.1999969482422,226.0
2024-10-25 10:19:00+00:00,PANW,371.0249938964844,371.0249938964844,371.0249938964844,370.3349914550781,370.3349914550781,2986.0
2024-10-25 10:19:00+00:00,PEGA,80.82649993896484,80.82649993896484,80.83999633789062,80.82649993896484,80.83000183105469,2267.0
2024-10-25 10:19:00+00:00,PEGY,4.659999847412109,4.659999847412109,4.659999847412109,4.639999866485596,4.659999847412109,360.0
2024-10-25 10:19:00+00:00,PGY,11.829999923706055,11.829999923706055,11.859999656677246,11.829999923706055,11.84000015258789,3578.0
2024-10-25 10:19:00+00:00,PGYWW,0.1656000018119812,0.1656000018119812,0.1656000018119812,0.1599999964237213,0.16449999809265137,5600.0
2024-10-25 10:19:00+00:00,PHUN,9.61989974975586,9.61989974975586,9.670000076293945,9.520000457763672,9.569999694824219,80978.0
2024-10-25 10:19:00+00:00,PI,199.02999877929688,199.02999877929688,199.02999877929688,199.02999877929688,199.02999877929688,1189.0
2024-10-25 10:19:00+00:00,PLUS,98.94999694824219,98.94999694824219,98.94999694824219,98.94999694824219,98.94999694824219,778.0
2024-10-25 10:19:00+00:00,POET,3.9600000381469727,3.9600000381469727,3.9700000286102295,3.950000047683716,3.950000047683716,2596.0
2024-10-25 10:19:00+00:00,PTC,186.13999938964844,186.13999938964844,186.13999938964844,185.875,185.875,5005.0
2024-10-25 10:19:00+00:00,PUBM,15.130000114440918,15.130000114440918,15.130000114440918,15.119999885559082,15.119999885559082,883.0
2024-10-25 10:19:00+00:00,QCOM,172.16000366210938,172.16000366210938,172.25,172.10000610351562,172.14500427246094,15160.0
2024-10-25 10:19:00+00:00,QLYS,121.27999877929688,121.27999877929688,121.27999877929688,121.27999877929688,121.27999877929688,238.0
2024-10-25 10:19:00+00:00,QRVO,100.13999938964844,100.13999938964844,100.19499969482422,100.08499908447266,100.08499908447266,3759.0
2024-10-25 10:19:00+00:00,QUBT,1.1289000511169434,1.1289000511169434,1.1289000511169434,1.125,1.125,1399.0
2024-10-25 10:19:00+00:00,REKR,1.0950000286102295,1.0950000286102295,1.0950000286102295,1.0950000286102295,1.0950000286102295,0.0
2024-10-25 10:19:00+00:00,RELY,14.805000305175781,14.805000305175781,14.8100004196167,14.78499984741211,14.78499984741211,14846.0
2024-10-25 10:19:00+00:00,RGTI,1.274999976158142,1.274999976158142,1.2798000574111938,1.2699999809265137,1.274999976158142,6614.0
2024-10-25 10:19:00+00:00,RIOT,10.145700454711914,10.145700454711914,10.145700454711914,10.119999885559082,10.125,54366.0
2024-10-25 10:19:00+00:00,RMBS,42.91999816894531,42.91999816894531,42.91999816894531,42.875,42.91999816894531,1287.0
2024-10-25 10:19:00+00:00,RPAY,7.659999847412109,7.659999847412109,7.659999847412109,7.659999847412109,7.659999847412109,1143.0
2024-10-25 10:19:00+00:00,RPD,39.61000061035156,39.61000061035156,39.61000061035156,39.52000045776367,39.52000045776367,487.0
2024-10-25 10:19:00+00:00,RUM,5.746699810028076,5.746699810028076,5.747499942779541,5.720099925994873,5.720099925994873,14435.0
2024-10-25 10:19:00+00:00,RUN,14.40999984741211,14.40999984741211,14.425000190734863,14.399999618530273,14.40999984741211,27035.0
2024-10-25 10:19:00+00:00,SANM,67.63999938964844,67.63999938964844,67.66999816894531,67.63999938964844,67.66000366210938,982.0
2024-10-25 10:19:00+00:00,SATS,25.25,25.25,25.290000915527344,25.25,25.290000915527344,2149.0
2024-10-25 10:19:00+00:00,SCSC,45.654998779296875,45.654998779296875,45.654998779296875,45.654998779296875,45.654998779296875,925.0
2024-10-25 10:19:00+00:00,SCWX,8.385000228881836,8.385000228881836,8.385000228881836,8.385000228881836,8.385000228881836,601.0
2024-10-25 10:19:00+00:00,SEDG,15.854999542236328,15.854999542236328,15.899999618530273,15.784700393676758,15.784700393676758,44242.0
2024-10-25 10:19:00+00:00,SHLS,5.230000019073486,5.230000019073486,5.230000019073486,5.21999979019165,5.224999904632568,1557.0
2024-10-25 10:19:00+00:00,SKYT,10.640000343322754,10.640000343322754,10.640000343322754,10.640000343322754,10.640000343322754,552.0
2024-10-25 10:19:00+00:00,SLAB,114.51499938964844,114.51499938964844,114.51499938964844,114.51000213623047,114.51000213623047,765.0
2024-10-25 10:19:00+00:00,SMCI,47.53990173339844,47.53990173339844,47.630001068115234,47.5,47.529998779296875,179366.0
2024-10-25 10:19:00+00:00,SMTC,45.42770004272461,45.42770004272461,45.525001525878906,45.42770004272461,45.525001525878906,511.0
2024-10-25 10:19:00+00:00,SNPS,506.239990234375,506.239990234375,506.239990234375,506.08380126953125,506.08380126953125,1766.0
2024-10-25 10:19:00+00:00,SONO,12.859999656677246,12.859999656677246,12.859999656677246,12.859999656677246,12.859999656677246,663.0
2024-10-25 10:19:00+00:00,SOUN,5.3007001876831055,5.3007001876831055,5.309999942779541,5.300000190734863,5.305699825286865,25482.0
2024-10-25 10:19:00+00:00,SPSC,182.7449951171875,182.7449951171875,183.16000366210938,182.7449951171875,183.09500122070312,2612.0
2024-10-25 10:19:00+00:00,SPT,27.450000762939453,27.450000762939453,27.450000762939453,27.450000762939453,27.450000762939453,958.0
2024-10-25 10:19:00+00:00,SSNC,70.00499725341797,70.00499725341797,70.0199966430664,69.92500305175781,69.93000030517578,7632.0
2024-10-25 10:19:00+00:00,STER,16.770000457763672,16.770000457763672,16.770000457763672,16.770000457763672,16.770000457763672,200.0
2024-10-25 10:19:00+00:00,STNE,11.444999694824219,11.444999694824219,11.44849967956543,11.4399995803833,11.444999694824219,11586.0
2024-10-25 10:19:00+00:00,STX,103.95999908447266,103.95999908447266,103.98999786376953,103.92009735107422,103.93000030517578,8674.0
2024-10-25 10:19:00+00:00,SVRE,0.08410000056028366,0.08410000056028366,0.08449999988079071,0.08399999886751175,0.08399999886751175,76233.0
2024-10-25 10:19:00+00:00,SWKS,95.87999725341797,95.87999725341797,95.91999816894531,95.8499984741211,95.87000274658203,4911.0
2024-10-25 10:19:00+00:00,SYNA,73.13999938964844,73.13999938964844,73.17500305175781,73.13999938964844,73.17500305175781,284.0
2024-10-25 10:19:00+00:00,SYTA,1.2100000381469727,1.2100000381469727,1.2100000381469727,1.1900999546051025,1.1927000284194946,9800.0
2024-10-25 10:19:00+00:00,TAOP,0.46000000834465027,0.46000000834465027,0.46000000834465027,0.46000000834465027,0.46000000834465027,656.0
2024-10-25 10:19:00+00:00,TEAM,191.68499755859375,191.68499755859375,191.77999877929688,190.97000122070312,191.07000732421875,4565.0
2024-10-25 10:19:00+00:00,TENB,41.279998779296875,41.279998779296875,41.34000015258789,41.279998779296875,41.290000915527344,3373.0
2024-10-25 10:19:00+00:00,TER,112.29499816894531,112.29499816894531,112.3499984741211,112.22000122070312,112.22000122070312,7956.0
2024-10-25 10:19:00+00:00,TLS,3.5899999141693115,3.5899999141693115,3.5899999141693115,3.5899999141693115,3.5899999141693115,1726.0
2024-10-25 10:19:00+00:00,TRMB,61.14500045776367,61.14500045776367,61.14799880981445,61.099998474121094,61.099998474121094,4564.0
2024-10-25 10:19:00+00:00,TSEM,45.47999954223633,45.47999954223633,45.47999954223633,45.47999954223633,45.47999954223633,153.0
2024-10-25 10:19:00+00:00,TTD,120.43000030517578,120.43000030517578,120.43000030517578,120.26000213623047,120.26000213623047,4576.0
2024-10-25 10:19:00+00:00,TTEC,5.409999847412109,5.409999847412109,5.409999847412109,5.409999847412109,5.409999847412109,726.0
2024-10-25 10:19:00+00:00,TTMI,19.479999542236328,19.479999542236328,19.5,19.479999542236328,19.5,392.0
2024-10-25 10:19:00+00:00,TXN,210.14999389648438,210.14999389648438,210.22000122070312,209.88999938964844,209.88999938964844,10740.0
2024-10-25 10:19:00+00:00,VECO,29.520000457763672,29.520000457763672,29.520000457763672,29.489999771118164,29.489999771118164,2063.0
2024-10-25 10:19:00+00:00,VERI,3.4899001121520996,3.4899001121520996,3.4899001121520996,3.4899001121520996,3.4899001121520996,650.0
2024-10-25 10:19:00+00:00,VIAV,9.229999542236328,9.229999542236328,9.234999656677246,9.229999542236328,9.229999542236328,4493.0
2024-10-25 10:19:00+00:00,VICR,47.18000030517578,47.18000030517578,47.18000030517578,47.18000030517578,47.18000030517578,583.0
2024-10-25 10:19:00+00:00,VMEO,4.75,4.75,4.755000114440918,4.75,4.75,2421.0
2024-10-25 10:19:00+00:00,VRNS,57.130001068115234,57.130001068115234,57.1349983215332,57.1150016784668,57.130001068115234,2130.0
2024-10-25 10:19:00+00:00,VRNT,22.190000534057617,22.190000534057617,22.190000534057617,22.190000534057617,22.190000534057617,232.0
2024-10-25 10:19:00+00:00,VRSN,188.75,188.75,189.10499572753906,188.75,188.94000244140625,4662.0
2024-10-25 10:19:00+00:00,VS,2.609999895095825,2.609999895095825,2.609999895095825,2.609999895095825,2.609999895095825,297.0
2024-10-25 10:19:00+00:00,VSAT,10.369999885559082,10.369999885559082,10.369999885559082,10.329999923706055,10.329999923706055,22349.0
2024-10-25 10:19:00+00:00,WATT,0.6000999808311462,0.6000999808311462,0.6000999808311462,0.6000999808311462,0.6000999808311462,10100.0
2024-10-25 10:19:00+00:00,WDAY,241.21499633789062,241.21499633789062,241.4499969482422,241.21499633789062,241.21499633789062,2207.0
2024-10-25 10:19:00+00:00,WDC,71.93000030517578,71.93000030517578,71.93000030517578,71.81999969482422,71.81999969482422,23208.0
2024-10-25 10:19:00+00:00,WISA,1.8407000303268433,1.8407000303268433,1.850000023841858,1.8406000137329102,1.850000023841858,1646.0
2024-10-25 10:19:00+00:00,WIX,165.72999572753906,165.72999572753906,165.72999572753906,165.72999572753906,165.72999572753906,2513.0
2024-10-25 10:19:00+00:00,XELA,1.9900000095367432,1.9900000095367432,1.9900000095367432,1.9900000095367432,1.9900000095367432,300.0
2024-10-25 10:19:00+00:00,XRX,10.1899995803833,10.1899995803833,10.1899995803833,10.180000305175781,10.180000305175781,1648.0
2024-10-25 10:19:00+00:00,ZI,10.600000381469727,10.600000381469727,10.600000381469727,10.595000267028809,10.595000267028809,8360.0
2024-10-25 10:19:00+00:00,ZM,73.22000122070312,73.22000122070312,73.22000122070312,73.22000122070312,73.22000122070312,2139.0
2024-10-25 10:19:00+00:00,ZS,186.97000122070312,186.97000122070312,186.97000122070312,186.78500366210938,186.91000366210938,3388.0
2024-10-25 10:20:00+00:00,AAOI,17.75,17.75,17.75,17.719999313354492,17.739999771118164,3041.0
2024-10-25 10:20:00+00:00,AAPL,232.05999755859375,232.05999755859375,232.16000366210938,232.02999877929688,232.0500030517578,73859.0
2024-10-25 10:20:00+00:00,ACIW,49.32500076293945,49.32500076293945,49.32500076293945,49.25,49.27000045776367,21612.0
2024-10-25 10:20:00+00:00,ACMR,19.739999771118164,19.739999771118164,19.739999771118164,19.649999618530273,19.670000076293945,5185.0
2024-10-25 10:20:00+00:00,ADBE,487.7449951171875,487.7449951171875,487.8900146484375,487.7449951171875,487.7900085449219,3480.0
2024-10-25 10:20:00+00:00,ADI,234.4600067138672,234.4600067138672,234.4600067138672,234.3000030517578,234.3000030517578,963.0
2024-10-25 10:20:00+00:00,ADSK,288.20001220703125,288.20001220703125,288.2200012207031,288.20001220703125,288.2200012207031,775.0
2024-10-25 10:20:00+00:00,ADTN,6.369999885559082,6.369999885559082,6.369999885559082,6.369999885559082,6.369999885559082,576.0
2024-10-25 10:20:00+00:00,AEHR,16.450000762939453,16.450000762939453,16.450000762939453,16.415000915527344,16.417999267578125,4387.0
2024-10-25 10:20:00+00:00,AFRM,42.084999084472656,42.084999084472656,42.084999084472656,42.0099983215332,42.040000915527344,5747.0
2024-10-25 10:20:00+00:00,AKAM,103.51000213623047,103.51000213623047,103.51000213623047,103.47000122070312,103.47000122070312,1453.0
2024-10-25 10:20:00+00:00,AKTS,0.059700001031160355,0.059700001031160355,0.05999999865889549,0.05920000001788139,0.05990000069141388,247259.0
2024-10-25 10:20:00+00:00,ALGM,22.6299991607666,22.6299991607666,22.6299991607666,22.510000228881836,22.56999969482422,24066.0
2024-10-25 10:20:00+00:00,ALTR,106.05000305175781,106.05000305175781,106.05000305175781,106.0,106.0,1316.0
2024-10-25 10:20:00+00:00,AMAT,188.5699005126953,188.5699005126953,188.5699005126953,188.3300018310547,188.3300018310547,7835.0
2024-10-25 10:20:00+00:00,AMBA,57.93000030517578,57.93000030517578,57.93000030517578,57.93000030517578,57.93000030517578,529.0
2024-10-25 10:20:00+00:00,AMD,158.0,158.0,158.0399932861328,157.8699951171875,157.92999267578125,84789.0
2024-10-25 10:20:00+00:00,AMKR,29.905000686645508,29.905000686645508,29.90999984741211,29.8799991607666,29.8799991607666,3736.0
2024-10-25 10:20:00+00:00,AMPL,9.25,9.25,9.25,9.25,9.25,1283.0
2024-10-25 10:20:00+00:00,AMST,2.8238000869750977,2.8238000869750977,2.8238000869750977,2.8238000869750977,2.8238000869750977,352.0
2024-10-25 10:20:00+00:00,ANSS,327.01251220703125,327.01251220703125,327.1199951171875,326.8399963378906,326.8399963378906,1285.0
2024-10-25 10:20:00+00:00,API,2.698699951171875,2.698699951171875,2.698699951171875,2.698699951171875,2.698699951171875,151.0
2024-10-25 10:20:00+00:00,APP,163.17730712890625,163.17730712890625,163.17730712890625,163.0449981689453,163.0449981689453,2412.0
2024-10-25 10:20:00+00:00,APPF,225.5800018310547,225.5800018310547,225.92999267578125,224.7899932861328,225.92999267578125,4702.0
2024-10-25 10:20:00+00:00,APPN,32.3650016784668,32.3650016784668,32.400001525878906,32.3650016784668,32.400001525878906,490.0
2024-10-25 10:20:00+00:00,APPS,3.130000114440918,3.130000114440918,3.130000114440918,3.130000114440918,3.130000114440918,3619.0
2024-10-25 10:20:00+00:00,ARQQ,7.694399833679199,7.694399833679199,7.694399833679199,7.694399833679199,7.694399833679199,448.0
2024-10-25 10:20:00+00:00,ARRY,6.519999980926514,6.519999980926514,6.519999980926514,6.489999771118164,6.494999885559082,34914.0
2024-10-25 10:20:00+00:00,ASML,721.625,721.625,721.625,721.2100219726562,721.2100219726562,2823.0
2024-10-25 10:20:00+00:00,ASNS,1.3592000007629395,1.3592000007629395,1.3592000007629395,1.3592000007629395,1.3592000007629395,200.0
2024-10-25 10:20:00+00:00,AUR,6.485000133514404,6.485000133514404,6.489999771118164,6.480000019073486,6.489999771118164,3895.0
2024-10-25 10:20:00+00:00,AUUD,0.6284000277519226,0.6284000277519226,0.6284000277519226,0.6284000277519226,0.6284000277519226,1472.0
2024-10-25 10:20:00+00:00,AVDX,8.244999885559082,8.244999885559082,8.244999885559082,8.234999656677246,8.234999656677246,7191.0
2024-10-25 10:20:00+00:00,AVGO,175.28500366210938,175.28500366210938,175.35260009765625,175.14999389648438,175.25,30903.0
2024-10-25 10:20:00+00:00,AVT,54.69499969482422,54.69499969482422,54.69499969482422,54.68000030517578,54.68000030517578,436.0
2024-10-25 10:20:00+00:00,BAND,17.829999923706055,17.829999923706055,17.829999923706055,17.829999923706055,17.829999923706055,423.0
2024-10-25 10:20:00+00:00,BASE,16.520000457763672,16.520000457763672,16.548099517822266,16.520000457763672,16.548099517822266,657.0
2024-10-25 10:20:00+00:00,BIGC,5.364999771118164,5.364999771118164,5.364999771118164,5.364999771118164,5.364999771118164,1001.0
2024-10-25 10:20:00+00:00,BL,56.970001220703125,56.970001220703125,56.970001220703125,56.970001220703125,56.970001220703125,355.0
2024-10-25 10:20:00+00:00,BMBL,7.269999980926514,7.269999980926514,7.269999980926514,7.269999980926514,7.269999980926514,714.0
2024-10-25 10:20:00+00:00,BRZE,30.90999984741211,30.90999984741211,30.90999984741211,30.850000381469727,30.8799991607666,3730.0
2024-10-25 10:20:00+00:00,BSY,49.46500015258789,49.46500015258789,49.470001220703125,49.46500015258789,49.470001220703125,1020.0
2024-10-25 10:20:00+00:00,CAN,0.9968000054359436,0.9968000054359436,0.9968000054359436,0.9968000054359436,0.9968000054359436,220.0
2024-10-25 10:20:00+00:00,CDNS,259.2200012207031,259.2200012207031,259.2900085449219,258.9049987792969,258.9849853515625,5964.0
2024-10-25 10:20:00+00:00,CDW,219.6999969482422,219.6999969482422,219.91000366210938,219.6999969482422,219.91000366210938,932.0
2024-10-25 10:20:00+00:00,CFLT,22.44499969482422,22.44499969482422,22.450000762939453,22.415000915527344,22.450000762939453,15979.0
2024-10-25 10:20:00+00:00,CGNX,39.25,39.25,39.25,39.25,39.25,292.0
2024-10-25 10:20:00+00:00,CLBT,18.139999389648438,18.139999389648438,18.149999618530273,18.1299991607666,18.1299991607666,1219.0
2024-10-25 10:20:00+00:00,CLSK,12.013999938964844,12.013999938964844,12.01990032196045,11.979999542236328,12.0,87771.0
2024-10-25 10:20:00+00:00,CNXC,45.119998931884766,45.119998931884766,45.130001068115234,45.084999084472656,45.130001068115234,2178.0
2024-10-25 10:20:00+00:00,COHR,96.51000213623047,96.51000213623047,96.51000213623047,96.27010345458984,96.38999938964844,781.0
2024-10-25 10:20:00+00:00,COHU,26.25,26.25,26.25,26.229999542236328,26.229999542236328,1491.0
2024-10-25 10:20:00+00:00,COIN,213.07749938964844,213.07749938964844,213.1699981689453,212.5399932861328,212.5399932861328,16645.0
2024-10-25 10:20:00+00:00,COMM,6.479899883270264,6.479899883270264,6.480000019073486,6.45989990234375,6.460000038146973,6892.0
2024-10-25 10:20:00+00:00,CORZ,13.489999771118164,13.489999771118164,13.545999526977539,13.479999542236328,13.520000457763672,40306.0
2024-10-25 10:20:00+00:00,CORZW,7.960000038146973,7.960000038146973,7.960000038146973,7.960000038146973,7.960000038146973,7382.0
2024-10-25 10:20:00+00:00,CRCT,6.53000020980835,6.53000020980835,6.539999961853027,6.53000020980835,6.539999961853027,1055.0
2024-10-25 10:20:00+00:00,CRDO,39.630001068115234,39.630001068115234,39.689998626708984,39.599998474121094,39.599998474121094,5503.0
2024-10-25 10:20:00+00:00,CRSR,6.425000190734863,6.425000190734863,6.425000190734863,6.414999961853027,6.414999961853027,1146.0
2024-10-25 10:20:00+00:00,CRUS,122.94999694824219,122.94999694824219,122.94999694824219,122.94999694824219,122.94999694824219,1154.0
2024-10-25 10:20:00+00:00,CRWD,309.6400146484375,309.6400146484375,309.8299865722656,309.3900146484375,309.45001220703125,7296.0
2024-10-25 10:20:00+00:00,CSCO,56.375,56.375,56.400001525878906,56.369998931884766,56.380001068115234,21888.0
2024-10-25 10:20:00+00:00,CSIQ,13.59000015258789,13.59000015258789,13.619999885559082,13.59000015258789,13.590999603271484,10730.0
2024-10-25 10:20:00+00:00,CTSH,75.25,75.25,75.25,75.22000122070312,75.2300033569336,1850.0
2024-10-25 10:20:00+00:00,CVLT,134.47000122070312,134.47000122070312,134.47000122070312,134.47000122070312,134.47000122070312,638.0
2024-10-25 10:20:00+00:00,CYBR,295.9100036621094,295.9100036621094,295.9100036621094,295.9100036621094,295.9100036621094,198.0
2024-10-25 10:20:00+00:00,DAVE,39.57789993286133,39.57789993286133,39.65999984741211,39.57789993286133,39.65999984741211,284.0
2024-10-25 10:20:00+00:00,DBX,26.104999542236328,26.104999542236328,26.110000610351562,26.104999542236328,26.110000610351562,3113.0
2024-10-25 10:20:00+00:00,DDOG,126.71499633789062,126.71499633789062,126.72000122070312,126.63999938964844,126.63999938964844,4441.0
2024-10-25 10:20:00+00:00,DGII,30.1299991607666,30.1299991607666,30.1299991607666,30.079999923706055,30.079999923706055,1066.0
2024-10-25 10:20:00+00:00,DIOD,66.2699966430664,66.2699966430664,66.2699966430664,66.2699966430664,66.2699966430664,428.0
2024-10-25 10:20:00+00:00,DOCU,70.22000122070312,70.22000122070312,70.27999877929688,70.20069885253906,70.26000213623047,4894.0
2024-10-25 10:20:00+00:00,DOMO,8.015000343322754,8.015000343322754,8.020000457763672,8.015000343322754,8.020000457763672,1596.0
2024-10-25 10:20:00+00:00,DTSS,2.4498000144958496,2.4498000144958496,2.449899911880493,2.4200000762939453,2.4200000762939453,4296.0
2024-10-25 10:20:00+00:00,DUOL,285.8703918457031,285.8703918457031,286.0799865722656,285.8703918457031,285.95001220703125,1069.0
2024-10-25 10:20:00+00:00,EEFT,101.67500305175781,101.67500305175781,101.67500305175781,101.67500305175781,101.67500305175781,700.0
2024-10-25 10:20:00+00:00,ENPH,82.25800323486328,82.25800323486328,82.2699966430664,82.1500015258789,82.17500305175781,4824.0
2024-10-25 10:20:00+00:00,ENTG,104.87999725341797,104.87999725341797,104.91000366210938,104.8499984741211,104.91000366210938,1716.0
2024-10-25 10:20:00+00:00,ERIC,8.493599891662598,8.493599891662598,8.494999885559082,8.493599891662598,8.494999885559082,5296.0
2024-10-25 10:20:00+00:00,EXFY,1.725000023841858,1.725000023841858,1.725000023841858,1.7202999591827393,1.7202999591827393,3602.0
2024-10-25 10:20:00+00:00,EXTR,14.550000190734863,14.550000190734863,14.550000190734863,14.545000076293945,14.545000076293945,685.0
2024-10-25 10:20:00+00:00,FARO,17.780000686645508,17.780000686645508,17.780000686645508,17.780000686645508,17.780000686645508,344.0
2024-10-25 10:20:00+00:00,FFIV,216.67999267578125,216.67999267578125,216.67999267578125,216.52000427246094,216.52000427246094,2411.0
2024-10-25 10:20:00+00:00,FIVN,30.600000381469727,30.600000381469727,30.600000381469727,30.559999465942383,30.559999465942383,2675.0
2024-10-25 10:20:00+00:00,FLEX,35.45500183105469,35.45500183105469,35.45500183105469,35.435001373291016,35.44499969482422,2833.0
2024-10-25 10:20:00+00:00,FLYW,17.559999465942383,17.559999465942383,17.559999465942383,17.559999465942383,17.559999465942383,2198.0
2024-10-25 10:20:00+00:00,FORM,45.209999084472656,45.209999084472656,45.209999084472656,45.18000030517578,45.18000030517578,1120.0
2024-10-25 10:20:00+00:00,FRGT,1.899999976158142,1.899999976158142,1.899999976158142,1.899999976158142,1.899999976158142,357.0
2024-10-25 10:20:00+00:00,FROG,29.565000534057617,29.565000534057617,29.59000015258789,29.530000686645508,29.59000015258789,1448.0
2024-10-25 10:20:00+00:00,FRSH,11.725000381469727,11.725000381469727,11.725000381469727,11.720000267028809,11.725000381469727,2324.0
2024-10-25 10:20:00+00:00,FSLR,199.47999572753906,199.47999572753906,199.60000610351562,199.22999572753906,199.25,12337.0
2024-10-25 10:20:00+00:00,FTNT,81.48680114746094,81.48680114746094,81.48999786376953,81.47000122070312,81.47000122070312,3634.0
2024-10-25 10:20:00+00:00,GCT,25.531999588012695,25.531999588012695,25.531999588012695,25.519899368286133,25.519899368286133,1655.0
2024-10-25 10:20:00+00:00,GDS,21.989999771118164,21.989999771118164,22.0,21.959999084472656,21.979999542236328,14261.0
2024-10-25 10:20:00+00:00,GFS,41.04999923706055,41.04999923706055,41.04999923706055,40.959999084472656,40.97999954223633,3101.0
2024-10-25 10:20:00+00:00,GRAB,4.089300155639648,4.089300155639648,4.089300155639648,4.079999923706055,4.079999923706055,16668.0
2024-10-25 10:20:00+00:00,GTLB,56.349998474121094,56.349998474121094,56.349998474121094,56.31999969482422,56.31999969482422,1577.0
2024-10-25 10:20:00+00:00,HCP,33.6349983215332,33.6349983215332,33.654998779296875,33.6349983215332,33.654998779296875,8218.0
2024-10-25 10:20:00+00:00,HIMX,6.190000057220459,6.190000057220459,6.190000057220459,6.184999942779541,6.184999942779541,449.0
2024-10-25 10:20:00+00:00,HLIT,14.770000457763672,14.770000457763672,14.778400421142578,14.770000457763672,14.778400421142578,2098.0
2024-10-25 10:20:00+00:00,HOLO,3.780100107192993,3.780100107192993,3.8078999519348145,3.780100107192993,3.799999952316284,9550.0
2024-10-25 10:20:00+00:00,HOOD,27.434999465942383,27.434999465942383,27.434999465942383,27.405000686645508,27.415000915527344,12986.0
2024-10-25 10:20:00+00:00,HTCR,1.0740000009536743,1.0740000009536743,1.100000023841858,1.0740000009536743,1.100000023841858,14395.0
2024-10-25 10:20:00+00:00,IMMR,8.699999809265137,8.699999809265137,8.699999809265137,8.699999809265137,8.699999809265137,233.0
2024-10-25 10:20:00+00:00,INDI,3.565000057220459,3.565000057220459,3.565000057220459,3.559999942779541,3.559999942779541,2285.0
2024-10-25 10:20:00+00:00,INOD,20.135000228881836,20.135000228881836,20.135000228881836,20.04010009765625,20.135000228881836,489.0
2024-10-25 10:20:00+00:00,INTA,50.56999969482422,50.56999969482422,50.584999084472656,50.540000915527344,50.540000915527344,1933.0
2024-10-25 10:20:00+00:00,INTC,23.045000076293945,23.045000076293945,23.059999465942383,23.014999389648438,23.024999618530273,339939.0
2024-10-25 10:20:00+00:00,INTU,614.6710815429688,614.6710815429688,614.7899780273438,614.6710815429688,614.7899780273438,1664.0
2024-10-25 10:20:00+00:00,ITRI,103.52999877929688,103.52999877929688,103.52999877929688,103.52999877929688,103.52999877929688,944.0
2024-10-25 10:20:00+00:00,JAMF,16.889999389648438,16.889999389648438,16.889999389648438,16.889999389648438,16.889999389648438,520.0
2024-10-25 10:20:00+00:00,KC,2.755000114440918,2.755000114440918,2.755000114440918,2.744999885559082,2.75,28554.0
2024-10-25 10:20:00+00:00,KLAC,677.8300170898438,677.8300170898438,677.8300170898438,677.8300170898438,677.8300170898438,1520.0
2024-10-25 10:20:00+00:00,KLIC,44.599998474121094,44.599998474121094,44.619998931884766,44.58000183105469,44.619998931884766,1453.0
2024-10-25 10:20:00+00:00,KOSS,7.304999828338623,7.304999828338623,7.304999828338623,7.304999828338623,7.304999828338623,1114.0
2024-10-25 10:20:00+00:00,KVHI,4.700099945068359,4.700099945068359,4.701000213623047,4.700099945068359,4.701000213623047,310.0
2024-10-25 10:20:00+00:00,LITE,64.6449966430664,64.6449966430664,64.6449966430664,64.625,64.625,629.0
2024-10-25 10:20:00+00:00,LOGI,80.88999938964844,80.88999938964844,80.88999938964844,80.88999938964844,80.88999938964844,863.0
2024-10-25 10:20:00+00:00,LRCX,79.04000091552734,79.04000091552734,79.11000061035156,78.94000244140625,78.94000244140625,96585.0
2024-10-25 10:20:00+00:00,LSCC,54.68000030517578,54.68000030517578,54.68000030517578,54.68000030517578,54.68000030517578,1096.0
2024-10-25 10:20:00+00:00,LYFT,13.649900436401367,13.649900436401367,13.649999618530273,13.619999885559082,13.645000457763672,26346.0
2024-10-25 10:20:00+00:00,MAXN,5.71120023727417,5.71120023727417,5.720600128173828,5.71120023727417,5.720600128173828,2847.0
2024-10-25 10:20:00+00:00,MCHP,77.28500366210938,77.28500366210938,77.29499816894531,77.2300033569336,77.26000213623047,8864.0
2024-10-25 10:20:00+00:00,MDB,268.82000732421875,268.82000732421875,269.239990234375,268.82000732421875,268.9200134277344,4325.0
2024-10-25 10:20:00+00:00,MKSI,100.87539672851562,100.87539672851562,100.87539672851562,100.83499908447266,100.83499908447266,2639.0
2024-10-25 10:20:00+00:00,MNDY,301.7099914550781,301.7099914550781,301.7099914550781,301.2099914550781,301.2099914550781,1509.0
2024-10-25 10:20:00+00:00,MPWR,916.6199951171875,916.6199951171875,916.625,916.6199951171875,916.625,482.0
2024-10-25 10:20:00+00:00,MQ,5.320000171661377,5.320000171661377,5.320000171661377,5.315000057220459,5.320000171661377,1594.0
2024-10-25 10:20:00+00:00,MRAM,6.161499977111816,6.161499977111816,6.161499977111816,6.161499977111816,6.161499977111816,554.0
2024-10-25 10:20:00+00:00,MRVL,83.04000091552734,83.04000091552734,83.08999633789062,83.0250015258789,83.02999877929688,13946.0
2024-10-25 10:20:00+00:00,MSFT,431.125,431.125,431.2300109863281,430.8599853515625,430.8599853515625,31714.0
2024-10-25 10:20:00+00:00,MSTR,242.51010131835938,242.51010131835938,242.93600463867188,242.00010681152344,242.32000732421875,94174.0
2024-10-25 10:20:00+00:00,MTSI,118.97000122070312,118.97000122070312,118.97000122070312,118.97000122070312,118.97000122070312,951.0
2024-10-25 10:20:00+00:00,MU,109.4800033569336,109.4800033569336,109.5,109.4000015258789,109.41999816894531,22918.0
2024-10-25 10:20:00+00:00,MVIS,1.1050000190734863,1.1050000190734863,1.1050000190734863,1.1050000190734863,1.1050000190734863,470.0
2024-10-25 10:20:00+00:00,MXL,14.90999984741211,14.90999984741211,14.914999961853027,14.859999656677246,14.914999961853027,11394.0
2024-10-25 10:20:00+00:00,NCNO,38.314998626708984,38.314998626708984,38.31999969482422,38.314998626708984,38.31999969482422,4679.0
2024-10-25 10:20:00+00:00,NICE,177.16000366210938,177.16000366210938,177.16000366210938,177.16000366210938,177.16000366210938,1623.0
2024-10-25 10:20:00+00:00,NOVT,174.28500366210938,174.28500366210938,174.74000549316406,173.83999633789062,173.83999633789062,2095.0
2024-10-25 10:20:00+00:00,NSIT,211.99000549316406,211.99000549316406,211.99000549316406,211.99000549316406,211.99000549316406,131.0
2024-10-25 10:20:00+00:00,NTAP,120.04000091552734,120.04000091552734,120.04000091552734,120.0199966430664,120.0199966430664,1736.0
2024-10-25 10:20:00+00:00,NTGR,20.450000762939453,20.450000762939453,20.450000762939453,20.450000762939453,20.450000762939453,337.0
2024-10-25 10:20:00+00:00,NTNX,62.630001068115234,62.630001068115234,62.630001068115234,62.61759948730469,62.61759948730469,663.0
2024-10-25 10:20:00+00:00,NVDA,142.94500732421875,142.94500732421875,143.0,142.8699951171875,142.89999389648438,451857.0
2024-10-25 10:20:00+00:00,NVEI,33.529998779296875,33.529998779296875,33.53499984741211,33.529998779296875,33.53499984741211,3854.0
2024-10-25 10:20:00+00:00,NVMI,183.90499877929688,183.90499877929688,183.92999267578125,183.90499877929688,183.90499877929688,404.0
2024-10-25 10:20:00+00:00,NVTS,2.569999933242798,2.569999933242798,2.569999933242798,2.569999933242798,2.569999933242798,951.0
2024-10-25 10:20:00+00:00,NXPI,244.06500244140625,244.06500244140625,244.06500244140625,243.92999267578125,243.92999267578125,5382.0
2024-10-25 10:20:00+00:00,OKTA,72.91500091552734,72.91500091552734,72.91500091552734,72.90470123291016,72.90470123291016,861.0
2024-10-25 10:20:00+00:00,OLED,203.08999633789062,203.08999633789062,203.08999633789062,203.08999633789062,203.08999633789062,504.0
2024-10-25 10:20:00+00:00,ON,72.04070281982422,72.04070281982422,72.06400299072266,71.9800033569336,71.9800033569336,30701.0
2024-10-25 10:20:00+00:00,OSIS,137.1999969482422,137.1999969482422,137.22000122070312,137.1999969482422,137.22000122070312,738.0
2024-10-25 10:20:00+00:00,OSS,2.4523000717163086,2.4523000717163086,2.4523000717163086,2.4523000717163086,2.4523000717163086,400.0
2024-10-25 10:20:00+00:00,OTEX,33.599998474121094,33.599998474121094,33.599998474121094,33.599998474121094,33.599998474121094,949.0
2024-10-25 10:20:00+00:00,PANW,371.4649963378906,371.4649963378906,371.55999755859375,371.0249938964844,371.0249938964844,8896.0
2024-10-25 10:20:00+00:00,PAYS,3.7850000858306885,3.7850000858306885,3.7850000858306885,3.7850000858306885,3.7850000858306885,351.0
2024-10-25 10:20:00+00:00,PEGA,80.91999816894531,80.91999816894531,80.91999816894531,80.83999633789062,80.83999633789062,1727.0
2024-10-25 10:20:00+00:00,PEGY,4.639999866485596,4.639999866485596,4.639999866485596,4.639999866485596,4.639999866485596,237.0
2024-10-25 10:20:00+00:00,PET,0.8277000188827515,0.8277000188827515,0.8277000188827515,0.8277000188827515,0.8277000188827515,74.0
2024-10-25 10:20:00+00:00,PGY,11.869999885559082,11.869999885559082,11.869999885559082,11.850000381469727,11.850000381469727,1777.0
2024-10-25 10:20:00+00:00,PGYWW,0.18000000715255737,0.18000000715255737,0.18000000715255737,0.1599999964237213,0.1599999964237213,5400.0
2024-10-25 10:20:00+00:00,PHUN,9.532899856567383,9.532899856567383,9.61989974975586,9.520099639892578,9.61870002746582,45883.0
2024-10-25 10:20:00+00:00,PI,199.3699951171875,199.3699951171875,199.3699951171875,199.25,199.25,461.0
2024-10-25 10:20:00+00:00,PLAB,23.700000762939453,23.700000762939453,23.700000762939453,23.700000762939453,23.700000762939453,194.0
2024-10-25 10:20:00+00:00,POET,3.9700000286102295,3.9700000286102295,3.9700000286102295,3.950000047683716,3.9600000381469727,1535.0
2024-10-25 10:20:00+00:00,POWI,63.314998626708984,63.314998626708984,63.362098693847656,63.314998626708984,63.362098693847656,307.0
2024-10-25 10:20:00+00:00,PRCH,1.3697999715805054,1.3697999715805054,1.3697999715805054,1.3650000095367432,1.3650000095367432,0.0
2024-10-25 10:20:00+00:00,PTC,186.1300048828125,186.1300048828125,186.1300048828125,185.97500610351562,185.97500610351562,2055.0
2024-10-25 10:20:00+00:00,PUBM,15.15999984741211,15.15999984741211,15.15999984741211,15.15999984741211,15.15999984741211,514.0
2024-10-25 10:20:00+00:00,QCOM,172.38380432128906,172.38380432128906,172.38380432128906,172.13999938964844,172.19000244140625,19131.0
2024-10-25 10:20:00+00:00,QLYS,121.33000183105469,121.33000183105469,121.44000244140625,121.23999786376953,121.23999786376953,2716.0
2024-10-25 10:20:00+00:00,QRVO,100.1500015258789,100.1500015258789,100.25,100.1500015258789,100.19499969482422,2784.0
2024-10-25 10:20:00+00:00,QUBT,1.1267000436782837,1.1267000436782837,1.1267000436782837,1.1211999654769897,1.1211999654769897,568.0
2024-10-25 10:20:00+00:00,REKR,1.0950000286102295,1.0950000286102295,1.0950000286102295,1.0950000286102295,1.0950000286102295,0.0
2024-10-25 10:20:00+00:00,RELL,13.850000381469727,13.850000381469727,13.850000381469727,13.850000381469727,13.850000381469727,371.0
2024-10-25 10:20:00+00:00,RELY,14.800000190734863,14.800000190734863,14.800000190734863,14.800000190734863,14.800000190734863,784.0
2024-10-25 10:20:00+00:00,RGTI,1.2649999856948853,1.2649999856948853,1.2788000106811523,1.2599999904632568,1.274999976158142,30066.0
2024-10-25 10:20:00+00:00,RIOT,10.157099723815918,10.157099723815918,10.15999984741211,10.130000114440918,10.149999618530273,43354.0
2024-10-25 10:20:00+00:00,RMBS,42.93000030517578,42.93000030517578,42.93000030517578,42.93000030517578,42.93000030517578,328.0
2024-10-25 10:20:00+00:00,RPD,39.599998474121094,39.599998474121094,39.599998474121094,39.599998474121094,39.599998474121094,1203.0
2024-10-25 10:20:00+00:00,RUM,5.795000076293945,5.795000076293945,5.795000076293945,5.75,5.75,22871.0
2024-10-25 10:20:00+00:00,RUN,14.475000381469727,14.475000381469727,14.479999542236328,14.40999984741211,14.40999984741211,58701.0
2024-10-25 10:20:00+00:00,RXT,2.575000047683716,2.575000047683716,2.575000047683716,2.569999933242798,2.569999933242798,1686.0
2024-10-25 10:20:00+00:00,SANM,67.69999694824219,67.69999694824219,67.69999694824219,67.68000030517578,67.68000030517578,653.0
2024-10-25 10:20:00+00:00,SEDG,15.829999923706055,15.829999923706055,15.869999885559082,15.819999694824219,15.85159969329834,19750.0
2024-10-25 10:20:00+00:00,SHLS,5.25,5.25,5.25,5.230000019073486,5.230000019073486,9008.0
2024-10-25 10:20:00+00:00,SIMO,56.810001373291016,56.810001373291016,56.9385986328125,56.810001373291016,56.9385986328125,765.0
2024-10-25 10:20:00+00:00,SLAB,114.5199966430664,114.5199966430664,114.5199966430664,114.5199966430664,114.5199966430664,160.0
2024-10-25 10:20:00+00:00,SMCI,47.650001525878906,47.650001525878906,47.65999984741211,47.529998779296875,47.54499816894531,102859.0
2024-10-25 10:20:00+00:00,SMSI,0.8324999809265137,0.8324999809265137,0.8324999809265137,0.8324999809265137,0.8324999809265137,412.0
2024-10-25 10:20:00+00:00,SMTC,45.54999923706055,45.54999923706055,45.54999923706055,45.54999923706055,45.54999923706055,1214.0
2024-10-25 10:20:00+00:00,SNPS,506.7550048828125,506.7550048828125,506.7550048828125,506.7550048828125,506.7550048828125,552.0
2024-10-25 10:20:00+00:00,SONO,12.899999618530273,12.899999618530273,12.899999618530273,12.85830020904541,12.85830020904541,8082.0
2024-10-25 10:20:00+00:00,SOUN,5.295000076293945,5.295000076293945,5.309999942779541,5.289999961853027,5.304999828338623,33373.0
2024-10-25 10:20:00+00:00,SPSC,182.02000427246094,182.02000427246094,182.7449951171875,182.02000427246094,182.7449951171875,6739.0
2024-10-25 10:20:00+00:00,SPT,27.5,27.5,27.540000915527344,27.5,27.5,1549.0
2024-10-25 10:20:00+00:00,SRAD,12.389100074768066,12.389100074768066,12.389100074768066,12.389100074768066,12.389100074768066,113.0
2024-10-25 10:20:00+00:00,SSNC,69.95500183105469,69.95500183105469,70.0199966430664,69.94599914550781,70.01000213623047,4161.0
2024-10-25 10:20:00+00:00,STNE,11.46500015258789,11.46500015258789,11.470000267028809,11.4399995803833,11.4399995803833,26361.0
2024-10-25 10:20:00+00:00,STX,103.98999786376953,103.98999786376953,104.05999755859375,103.95999908447266,103.95999908447266,13620.0
2024-10-25 10:20:00+00:00,SWKS,95.91999816894531,95.91999816894531,95.94999694824219,95.91999816894531,95.94000244140625,1418.0
2024-10-25 10:20:00+00:00,SYNA,73.20999908447266,73.20999908447266,73.20999908447266,73.20999908447266,73.20999908447266,634.0
2024-10-25 10:20:00+00:00,SYTA,1.2100000381469727,1.2100000381469727,1.2100000381469727,1.2100000381469727,1.2100000381469727,209.0
2024-10-25 10:20:00+00:00,TASK,11.979999542236328,11.979999542236328,12.029999732971191,11.979999542236328,12.029999732971191,865.0
2024-10-25 10:20:00+00:00,TEAM,191.80999755859375,191.80999755859375,191.80999755859375,191.4801025390625,191.61000061035156,2312.0
2024-10-25 10:20:00+00:00,TENB,41.310001373291016,41.310001373291016,41.31999969482422,41.310001373291016,41.31999969482422,504.0
2024-10-25 10:20:00+00:00,TER,112.44000244140625,112.44000244140625,112.51000213623047,112.33000183105469,112.33000183105469,11748.0
2024-10-25 10:20:00+00:00,TRMB,61.125,61.125,61.125,61.125,61.125,777.0
2024-10-25 10:20:00+00:00,TSEM,45.349998474121094,45.349998474121094,45.43000030517578,45.349998474121094,45.41999816894531,1121.0
2024-10-25 10:20:00+00:00,TTD,120.54000091552734,120.54000091552734,120.54000091552734,120.4000015258789,120.45999908447266,6468.0
2024-10-25 10:20:00+00:00,TTEC,5.415999889373779,5.415999889373779,5.415999889373779,5.415999889373779,5.415999889373779,538.0
2024-10-25 10:20:00+00:00,TWKS,4.454999923706055,4.454999923706055,4.454999923706055,4.454999923706055,4.454999923706055,400.0
2024-10-25 10:20:00+00:00,TXN,210.0800018310547,210.0800018310547,210.13999938964844,209.97999572753906,210.13999938964844,20152.0
2024-10-25 10:20:00+00:00,UCTT,35.880001068115234,35.880001068115234,35.880001068115234,35.874000549316406,35.874000549316406,380.0
2024-10-25 10:20:00+00:00,UPLD,2.1912999153137207,2.1912999153137207,2.1912999153137207,2.1912999153137207,2.1912999153137207,142.0
2024-10-25 10:20:00+00:00,VECO,29.514999389648438,29.514999389648438,29.514999389648438,29.514999389648438,29.514999389648438,270.0
2024-10-25 10:20:00+00:00,VERI,3.549999952316284,3.549999952316284,3.549999952316284,3.5,3.5,11516.0
2024-10-25 10:20:00+00:00,VIAV,9.244999885559082,9.244999885559082,9.244999885559082,9.244999885559082,9.244999885559082,632.0
2024-10-25 10:20:00+00:00,VICR,47.07500076293945,47.07500076293945,47.09000015258789,47.07500076293945,47.09000015258789,324.0
2024-10-25 10:20:00+00:00,VMEO,4.755000114440918,4.755000114440918,4.760000228881836,4.755000114440918,4.760000228881836,202.0
2024-10-25 10:20:00+00:00,VNET,3.4549999237060547,3.4549999237060547,3.4549999237060547,3.4549999237060547,3.4549999237060547,430.0
2024-10-25 10:20:00+00:00,VRAR,0.703499972820282,0.703499972820282,0.703499972820282,0.703499972820282,0.703499972820282,468.0
2024-10-25 10:20:00+00:00,VRNS,57.189998626708984,57.189998626708984,57.189998626708984,57.154998779296875,57.16999816894531,2348.0
2024-10-25 10:20:00+00:00,VRNT,22.170000076293945,22.170000076293945,22.190000534057617,22.170000076293945,22.190000534057617,371.0
2024-10-25 10:20:00+00:00,VRSN,188.94000244140625,188.94000244140625,188.94000244140625,188.94000244140625,188.94000244140625,1510.0
2024-10-25 10:20:00+00:00,VSAT,10.369999885559082,10.369999885559082,10.369999885559082,10.36400032043457,10.36400032043457,618.0
2024-10-25 10:20:00+00:00,VUZI,1.3250000476837158,1.3250000476837158,1.3250000476837158,1.3200000524520874,1.3250000476837158,23779.0
2024-10-25 10:20:00+00:00,WATT,0.6000999808311462,0.6000999808311462,0.6000999808311462,0.6000999808311462,0.6000999808311462,1000.0
2024-10-25 10:20:00+00:00,WDAY,241.64999389648438,241.64999389648438,241.66000366210938,241.4499969482422,241.4499969482422,4046.0
2024-10-25 10:20:00+00:00,WDC,72.01000213623047,72.01000213623047,72.08000183105469,71.87000274658203,71.91999816894531,151560.0
2024-10-25 10:20:00+00:00,WISA,1.8410999774932861,1.8410999774932861,1.850000023841858,1.8410999774932861,1.850000023841858,0.0
2024-10-25 10:20:00+00:00,XELA,1.9900000095367432,1.9900000095367432,1.9900000095367432,1.9900000095367432,1.9900000095367432,302.0
2024-10-25 10:20:00+00:00,XPER,9.390000343322754,9.390000343322754,9.390000343322754,9.380000114440918,9.380000114440918,720.0
2024-10-25 10:20:00+00:00,XRX,10.204999923706055,10.204999923706055,10.204999923706055,10.1899995803833,10.1899995803833,3480.0
2024-10-25 10:20:00+00:00,ZBRA,365.1000061035156,365.1000061035156,365.1000061035156,365.1000061035156,365.1000061035156,876.0
2024-10-25 10:20:00+00:00,ZENV,1.409999966621399,1.409999966621399,1.4199999570846558,1.409999966621399,1.4199999570846558,866.0
2024-10-25 10:20:00+00:00,ZI,10.614999771118164,10.614999771118164,10.614999771118164,10.600000381469727,10.600000381469727,4147.0
2024-10-25 10:20:00+00:00,ZM,73.19499969482422,73.19499969482422,73.19499969482422,73.19499969482422,73.19499969482422,315.0
2024-10-25 10:20:00+00:00,ZS,186.96499633789062,186.96499633789062,187.1300048828125,186.96499633789062,187.1300048828125,2207.0
2024-10-25 10:21:00+00:00,AAOI,17.739999771118164,17.739999771118164,17.764999389648438,17.739999771118164,17.75659942626953,949.0
2024-10-25 10:21:00+00:00,AAPL,232.11000061035156,232.11000061035156,232.2239990234375,232.02999877929688,232.0500030517578,62827.0
2024-10-25 10:21:00+00:00,ACIW,49.380001068115234,49.380001068115234,49.380001068115234,49.345001220703125,49.345001220703125,743.0
2024-10-25 10:21:00+00:00,ACLS,91.0199966430664,91.0199966430664,91.0199966430664,91.0,91.0,526.0
2024-10-25 10:21:00+00:00,ACMR,19.780000686645508,19.780000686645508,19.780000686645508,19.739999771118164,19.739999771118164,1205.0
2024-10-25 10:21:00+00:00,ADBE,487.19000244140625,487.19000244140625,487.739990234375,487.19000244140625,487.7349853515625,6220.0
2024-10-25 10:21:00+00:00,ADI,234.41000366210938,234.41000366210938,234.50999450683594,234.41000366210938,234.4199981689453,3293.0
2024-10-25 10:21:00+00:00,ADSK,288.2200012207031,288.2200012207031,288.2300109863281,288.20001220703125,288.20001220703125,926.0
2024-10-25 10:21:00+00:00,AEHR,16.43000030517578,16.43000030517578,16.469999313354492,16.43000030517578,16.459999084472656,10570.0
2024-10-25 10:21:00+00:00,AFRM,42.060001373291016,42.060001373291016,42.12900161743164,42.060001373291016,42.09000015258789,9000.0
2024-10-25 10:21:00+00:00,AKTS,0.05950000137090683,0.05950000137090683,0.05990000069141388,0.05950000137090683,0.05990000069141388,96550.0
2024-10-25 10:21:00+00:00,ALGM,22.704999923706055,22.704999923706055,22.719999313354492,22.639999389648438,22.639999389648438,7454.0
2024-10-25 10:21:00+00:00,ALKT,38.2599983215332,38.2599983215332,38.2599983215332,38.2599983215332,38.2599983215332,386.0
2024-10-25 10:21:00+00:00,AMAT,188.67239379882812,188.67239379882812,188.7541961669922,188.55499267578125,188.59930419921875,4481.0
2024-10-25 10:21:00+00:00,AMD,158.0500030517578,158.0500030517578,158.1300048828125,157.9199981689453,158.01499938964844,78411.0
2024-10-25 10:21:00+00:00,AMKR,29.905000686645508,29.905000686645508,29.905000686645508,29.905000686645508,29.905000686645508,925.0
2024-10-25 10:21:00+00:00,AOSL,36.41999816894531,36.41999816894531,36.41999816894531,36.41999816894531,36.41999816894531,107.0
2024-10-25 10:21:00+00:00,API,2.698499917984009,2.698499917984009,2.698499917984009,2.698499917984009,2.698499917984009,254.0
2024-10-25 10:21:00+00:00,APP,163.07899475097656,163.07899475097656,163.30999755859375,163.07899475097656,163.19960021972656,9243.0
2024-10-25 10:21:00+00:00,APPF,227.07000732421875,227.07000732421875,227.80999755859375,226.5,226.85000610351562,9680.0
2024-10-25 10:21:00+00:00,APPN,32.3650016784668,32.3650016784668,32.3650016784668,32.3650016784668,32.3650016784668,394.0
2024-10-25 10:21:00+00:00,ARRY,6.550000190734863,6.550000190734863,6.550000190734863,6.513000011444092,6.514999866485596,44979.0
2024-10-25 10:21:00+00:00,ASML,721.9000244140625,721.9000244140625,722.0,721.77001953125,722.0,6453.0
2024-10-25 10:21:00+00:00,ASNS,1.343000054359436,1.343000054359436,1.343000054359436,1.343000054359436,1.343000054359436,500.0
2024-10-25 10:21:00+00:00,ATOM,3.3087000846862793,3.3087000846862793,3.3099000453948975,3.3087000846862793,3.3099000453948975,354.0
2024-10-25 10:21:00+00:00,AUR,6.485000133514404,6.485000133514404,6.485000133514404,6.480000019073486,6.485000133514404,3350.0
2024-10-25 10:21:00+00:00,AVDX,8.234999656677246,8.234999656677246,8.244999885559082,8.234999656677246,8.244999885559082,1867.0
2024-10-25 10:21:00+00:00,AVGO,175.4250030517578,175.4250030517578,175.5,175.19000244140625,175.24009704589844,34817.0
2024-10-25 10:21:00+00:00,AXTI,2.6654999256134033,2.6654999256134033,2.6654999256134033,2.6654999256134033,2.6654999256134033,1420.0
2024-10-25 10:21:00+00:00,BCOV,2.240000009536743,2.240000009536743,2.2750000953674316,2.240000009536743,2.2750000953674316,2334.0
2024-10-25 10:21:00+00:00,BL,56.84000015258789,56.84000015258789,56.88999938964844,56.84000015258789,56.88999938964844,485.0
2024-10-25 10:21:00+00:00,BLKB,86.36000061035156,86.36000061035156,86.36000061035156,86.36000061035156,86.36000061035156,129.0
2024-10-25 10:21:00+00:00,BMBL,7.275000095367432,7.275000095367432,7.275000095367432,7.269999980926514,7.269999980926514,1150.0
2024-10-25 10:21:00+00:00,BSY,49.400001525878906,49.400001525878906,49.45500183105469,49.400001525878906,49.45500183105469,4123.0
2024-10-25 10:21:00+00:00,CAMT,78.56999969482422,78.56999969482422,78.56999969482422,78.56999969482422,78.56999969482422,775.0
2024-10-25 10:21:00+00:00,CAN,0.9932000041007996,0.9932000041007996,0.9969000220298767,0.9932000041007996,0.9932000041007996,49253.0
2024-10-25 10:21:00+00:00,CDNS,259.57000732421875,259.57000732421875,259.57000732421875,259.32000732421875,259.32000732421875,3672.0
2024-10-25 10:21:00+00:00,CDW,219.92999267578125,219.92999267578125,219.92999267578125,219.7899932861328,219.84500122070312,2474.0
2024-10-25 10:21:00+00:00,CFLT,22.43000030517578,22.43000030517578,22.44499969482422,22.40999984741211,22.44499969482422,13177.0
2024-10-25 10:21:00+00:00,CGNX,39.25,39.25,39.25,39.25,39.25,1095.0
2024-10-25 10:21:00+00:00,CHKP,207.49000549316406,207.49000549316406,207.58999633789062,207.33999633789062,207.34500122070312,10166.0
2024-10-25 10:21:00+00:00,CISO,0.824999988079071,0.824999988079071,0.8281000256538391,0.824999988079071,0.8281000256538391,8331.0
2024-10-25 10:21:00+00:00,CLBT,18.170000076293945,18.170000076293945,18.170000076293945,18.165000915527344,18.165000915527344,2018.0
2024-10-25 10:21:00+00:00,CLRO,0.5709999799728394,0.5709999799728394,0.5709999799728394,0.5709999799728394,0.5709999799728394,0.0
2024-10-25 10:21:00+00:00,CLSK,12.045000076293945,12.045000076293945,12.050000190734863,11.989999771118164,12.015000343322754,90576.0
2024-10-25 10:21:00+00:00,CNXC,45.130001068115234,45.130001068115234,45.130001068115234,45.11000061035156,45.11000061035156,661.0
2024-10-25 10:21:00+00:00,COHR,96.66999816894531,96.66999816894531,96.68000030517578,96.27010345458984,96.27010345458984,11857.0
2024-10-25 10:21:00+00:00,COIN,212.89999389648438,212.89999389648438,213.10910034179688,212.50010681152344,213.05580139160156,22088.0
2024-10-25 10:21:00+00:00,COMM,6.454999923706055,6.454999923706055,6.489999771118164,6.454999923706055,6.480000019073486,7486.0
2024-10-25 10:21:00+00:00,CORZ,13.550000190734863,13.550000190734863,13.550000190734863,13.470000267028809,13.5,21759.0
2024-10-25 10:21:00+00:00,CRDO,39.645999908447266,39.645999908447266,39.70000076293945,39.630001068115234,39.630001068115234,2837.0
2024-10-25 10:21:00+00:00,CRNC,2.869999885559082,2.869999885559082,2.880000114440918,2.869999885559082,2.880000114440918,3977.0
2024-10-25 10:21:00+00:00,CRNT,2.4600000381469727,2.4600000381469727,2.4600000381469727,2.4600000381469727,2.4600000381469727,196.0
2024-10-25 10:21:00+00:00,CRWD,309.70001220703125,309.70001220703125,309.9800109863281,309.70001220703125,309.7850036621094,2554.0
2024-10-25 10:21:00+00:00,CSCO,56.3849983215332,56.3849983215332,56.38999938964844,56.367801666259766,56.374000549316406,16377.0
2024-10-25 10:21:00+00:00,CSIQ,13.520000457763672,13.520000457763672,13.59000015258789,13.510000228881836,13.59000015258789,12571.0
2024-10-25 10:21:00+00:00,CTLP,9.069999694824219,9.069999694824219,9.069999694824219,9.069999694824219,9.069999694824219,726.0
2024-10-25 10:21:00+00:00,CTSH,75.19999694824219,75.19999694824219,75.2300033569336,75.19999694824219,75.22000122070312,2987.0
2024-10-25 10:21:00+00:00,CYBR,295.1300048828125,295.1300048828125,295.1300048828125,295.1300048828125,295.1300048828125,633.0
2024-10-25 10:21:00+00:00,DATS,1.627500057220459,1.627500057220459,1.627500057220459,1.627500057220459,1.627500057220459,623.0
2024-10-25 10:21:00+00:00,DAVE,39.777801513671875,39.777801513671875,39.777801513671875,39.777801513671875,39.777801513671875,476.0
2024-10-25 10:21:00+00:00,DBX,26.075000762939453,26.075000762939453,26.100000381469727,26.075000762939453,26.100000381469727,3117.0
2024-10-25 10:21:00+00:00,DDOG,126.7699966430664,126.7699966430664,126.80000305175781,126.68000030517578,126.71499633789062,4296.0
2024-10-25 10:21:00+00:00,DLO,8.845000267028809,8.845000267028809,8.859999656677246,8.845000267028809,8.859999656677246,2413.0
2024-10-25 10:21:00+00:00,DOCU,70.16500091552734,70.16500091552734,70.19000244140625,70.16500091552734,70.19000244140625,2681.0
2024-10-25 10:21:00+00:00,DUOL,285.5299987792969,285.5299987792969,285.94000244140625,285.5299987792969,285.7900085449219,2903.0
2024-10-25 10:21:00+00:00,EMKR,2.119999885559082,2.119999885559082,2.119999885559082,2.119999885559082,2.119999885559082,294.0
2024-10-25 10:21:00+00:00,ENPH,82.37999725341797,82.37999725341797,82.45999908447266,82.18280029296875,82.20999908447266,20182.0
2024-10-25 10:21:00+00:00,ENTG,105.0199966430664,105.0199966430664,105.0199966430664,104.87000274658203,104.91999816894531,5326.0
2024-10-25 10:21:00+00:00,ERIC,8.494999885559082,8.494999885559082,8.494999885559082,8.489999771118164,8.494999885559082,4393.0
2024-10-25 10:21:00+00:00,EXTR,14.5600004196167,14.5600004196167,14.5600004196167,14.5600004196167,14.5600004196167,548.0
2024-10-25 10:21:00+00:00,FCUV,0.2502000033855438,0.2502000033855438,0.2502000033855438,0.2502000033855438,0.2502000033855438,3933.0
2024-10-25 10:21:00+00:00,FFIV,216.63499450683594,216.63499450683594,216.63499450683594,216.61500549316406,216.61500549316406,2582.0
2024-10-25 10:21:00+00:00,FIVN,30.575000762939453,30.575000762939453,30.579999923706055,30.56999969482422,30.56999969482422,795.0
2024-10-25 10:21:00+00:00,FLEX,35.47999954223633,35.47999954223633,35.47999954223633,35.45500183105469,35.459999084472656,2125.0
2024-10-25 10:21:00+00:00,FORM,45.25,45.25,45.25,45.25,45.25,301.0
2024-10-25 10:21:00+00:00,FRSH,11.720000267028809,11.720000267028809,11.725000381469727,11.720000267028809,11.725000381469727,1831.0
2024-10-25 10:21:00+00:00,FSLR,199.89199829101562,199.89199829101562,199.89999389648438,199.49130249023438,199.51499938964844,7836.0
2024-10-25 10:21:00+00:00,FTNT,81.52999877929688,81.52999877929688,81.52999877929688,81.5,81.51000213623047,2425.0
2024-10-25 10:21:00+00:00,GCT,25.610000610351562,25.610000610351562,25.610000610351562,25.565000534057617,25.565000534057617,1692.0
2024-10-25 10:21:00+00:00,GDS,21.975000381469727,21.975000381469727,21.989999771118164,21.959999084472656,21.969999313354492,1300.0
2024-10-25 10:21:00+00:00,GFS,41.04999923706055,41.04999923706055,41.099998474121094,41.04999923706055,41.08599853515625,6424.0
2024-10-25 10:21:00+00:00,GPRO,1.3300000429153442,1.3300000429153442,1.3300000429153442,1.3250000476837158,1.3250000476837158,2188.0
2024-10-25 10:21:00+00:00,GRAB,4.088200092315674,4.088200092315674,4.090000152587891,4.079999923706055,4.090000152587891,4764.0
2024-10-25 10:21:00+00:00,GRRR,4.670000076293945,4.670000076293945,4.679999828338623,4.670000076293945,4.679999828338623,2638.0
2024-10-25 10:21:00+00:00,GSIT,3.2239999771118164,3.2239999771118164,3.2239999771118164,3.2239999771118164,3.2239999771118164,2789.0
2024-10-25 10:21:00+00:00,GTLB,56.3650016784668,56.3650016784668,56.391998291015625,56.349998474121094,56.369998931884766,3972.0
2024-10-25 10:21:00+00:00,HCP,33.625,33.625,33.630001068115234,33.625,33.630001068115234,4453.0
2024-10-25 10:21:00+00:00,HIMX,6.190000057220459,6.190000057220459,6.190000057220459,6.184999942779541,6.184999942779541,1439.0
2024-10-25 10:21:00+00:00,HLIT,14.8100004196167,14.8100004196167,14.8100004196167,14.779999732971191,14.779999732971191,2573.0
2024-10-25 10:21:00+00:00,HOLO,3.7799999713897705,3.7799999713897705,3.7950000762939453,3.7799999713897705,3.7899999618530273,18054.0
2024-10-25 10:21:00+00:00,HOOD,27.440000534057617,27.440000534057617,27.440000534057617,27.420000076293945,27.434999465942383,39777.0
2024-10-25 10:21:00+00:00,HTCR,1.0700000524520874,1.0700000524520874,1.0700000524520874,1.0700000524520874,1.0700000524520874,2591.0
2024-10-25 10:21:00+00:00,ICHR,27.739999771118164,27.739999771118164,27.739999771118164,27.739999771118164,27.739999771118164,463.0
2024-10-25 10:21:00+00:00,IMMR,8.704999923706055,8.704999923706055,8.704999923706055,8.704999923706055,8.704999923706055,414.0
2024-10-25 10:21:00+00:00,IMOS,22.523099899291992,22.523099899291992,22.523099899291992,22.523099899291992,22.523099899291992,106.0
2024-10-25 10:21:00+00:00,IMXI,17.809999465942383,17.809999465942383,17.81999969482422,17.809999465942383,17.81999969482422,1223.0
2024-10-25 10:21:00+00:00,INDI,3.563999891281128,3.563999891281128,3.563999891281128,3.563999891281128,3.563999891281128,2298.0
2024-10-25 10:21:00+00:00,INFN,6.795000076293945,6.795000076293945,6.795000076293945,6.795000076293945,6.795000076293945,102.0
2024-10-25 10:21:00+00:00,INOD,20.114999771118164,20.114999771118164,20.114999771118164,20.114999771118164,20.114999771118164,1454.0
2024-10-25 10:21:00+00:00,INTA,50.529998779296875,50.529998779296875,50.560001373291016,50.529998779296875,50.560001373291016,1096.0
2024-10-25 10:21:00+00:00,INTC,23.079999923706055,23.079999923706055,23.079999923706055,23.042299270629883,23.049999237060547,219777.0
2024-10-25 10:21:00+00:00,INTU,614.4600219726562,614.4600219726562,614.7000122070312,614.3200073242188,614.7000122070312,2452.0
2024-10-25 10:21:00+00:00,ITI,7.195000171661377,7.195000171661377,7.195000171661377,7.195000171661377,7.195000171661377,402.0
2024-10-25 10:21:00+00:00,JAMF,16.899999618530273,16.899999618530273,16.899999618530273,16.899999618530273,16.899999618530273,443.0
2024-10-25 10:21:00+00:00,JKHY,185.13999938964844,185.13999938964844,185.23500061035156,185.0800018310547,185.10000610351562,6619.0
2024-10-25 10:21:00+00:00,KC,2.7699999809265137,2.7699999809265137,2.7699999809265137,2.755000114440918,2.755000114440918,35169.0
2024-10-25 10:21:00+00:00,KLAC,678.6599731445312,678.6599731445312,679.2100219726562,678.4199829101562,678.4199829101562,2078.0
2024-10-25 10:21:00+00:00,KLIC,44.619998931884766,44.619998931884766,44.630001068115234,44.619998931884766,44.630001068115234,1877.0
2024-10-25 10:21:00+00:00,KLTR,1.340000033378601,1.340000033378601,1.340000033378601,1.340000033378601,1.340000033378601,200.0
2024-10-25 10:21:00+00:00,LITE,64.77999877929688,64.77999877929688,64.77999877929688,64.6500015258789,64.6500015258789,2119.0
2024-10-25 10:21:00+00:00,LPSN,1.2141000032424927,1.2141000032424927,1.2141000032424927,1.2141000032424927,1.2141000032424927,135.0
2024-10-25 10:21:00+00:00,LRCX,79.18000030517578,79.18000030517578,79.18000030517578,79.04499816894531,79.06999969482422,49772.0
2024-10-25 10:21:00+00:00,LSCC,54.70000076293945,54.70000076293945,54.70000076293945,54.70000076293945,54.70000076293945,163.0
2024-10-25 10:21:00+00:00,LYFT,13.670000076293945,13.670000076293945,13.670000076293945,13.649999618530273,13.649999618530273,24236.0
2024-10-25 10:21:00+00:00,MANH,276.5450134277344,276.5450134277344,276.94000244140625,276.5450134277344,276.94000244140625,554.0
2024-10-25 10:21:00+00:00,MAXN,5.665599822998047,5.665599822998047,5.690000057220459,5.665599822998047,5.690000057220459,864.0
2024-10-25 10:21:00+00:00,MCHP,77.31999969482422,77.31999969482422,77.31999969482422,77.2699966430664,77.30000305175781,9299.0
2024-10-25 10:21:00+00:00,MDB,268.44500732421875,268.44500732421875,268.70001220703125,268.3800048828125,268.70001220703125,2106.0
2024-10-25 10:21:00+00:00,MNDY,301.5199890136719,301.5199890136719,301.6449890136719,301.5199890136719,301.6449890136719,2020.0
2024-10-25 10:21:00+00:00,MPWR,917.7349853515625,917.7349853515625,917.7349853515625,916.344970703125,916.344970703125,2320.0
2024-10-25 10:21:00+00:00,MQ,5.320000171661377,5.320000171661377,5.320000171661377,5.315000057220459,5.315000057220459,1908.0
2024-10-25 10:21:00+00:00,MRVL,83.16000366210938,83.16000366210938,83.16000366210938,83.0199966430664,83.06999969482422,17829.0
2024-10-25 10:21:00+00:00,MSFT,431.20001220703125,431.20001220703125,431.3699951171875,431.05999755859375,431.17999267578125,36356.0
2024-10-25 10:21:00+00:00,MSTR,242.89999389648438,242.89999389648438,242.97999572753906,242.10000610351562,242.64999389648438,96055.0
2024-10-25 10:21:00+00:00,MTLS,6.036600112915039,6.036600112915039,6.036600112915039,6.036600112915039,6.036600112915039,2000.0
2024-10-25 10:21:00+00:00,MTSI,119.16000366210938,119.16000366210938,119.2699966430664,119.0199966430664,119.0199966430664,625.0
2024-10-25 10:21:00+00:00,MTTR,4.670000076293945,4.670000076293945,4.670000076293945,4.670000076293945,4.670000076293945,1424.0
2024-10-25 10:21:00+00:00,MU,109.55400085449219,109.55400085449219,109.55400085449219,109.46800231933594,109.5,42334.0
2024-10-25 10:21:00+00:00,MVIS,1.1050000190734863,1.1050000190734863,1.1050000190734863,1.1050000190734863,1.1050000190734863,2.0
2024-10-25 10:21:00+00:00,MXL,14.90999984741211,14.90999984741211,14.920000076293945,14.90999984741211,14.90999984741211,3905.0
2024-10-25 10:21:00+00:00,NCNO,38.314998626708984,38.314998626708984,38.31999969482422,38.314998626708984,38.31999969482422,219.0
2024-10-25 10:21:00+00:00,NNDM,2.3440001010894775,2.3440001010894775,2.3450000286102295,2.3440001010894775,2.3450000286102295,941.0
2024-10-25 10:21:00+00:00,NTAP,120.1500015258789,120.1500015258789,120.1500015258789,120.06999969482422,120.12000274658203,1876.0
2024-10-25 10:21:00+00:00,NTGR,20.489999771118164,20.489999771118164,20.489999771118164,20.489999771118164,20.489999771118164,431.0
2024-10-25 10:21:00+00:00,NVDA,143.22950744628906,143.22950744628906,143.22950744628906,142.93980407714844,142.9499969482422,874971.0
2024-10-25 10:21:00+00:00,NVEI,33.52000045776367,33.52000045776367,33.525001525878906,33.52000045776367,33.525001525878906,728.0
2024-10-25 10:21:00+00:00,NVMI,184.4600067138672,184.4600067138672,184.4600067138672,183.85499572753906,183.90499877929688,2133.0
2024-10-25 10:21:00+00:00,NVTS,2.569999933242798,2.569999933242798,2.569999933242798,2.569999933242798,2.569999933242798,695.0
2024-10-25 10:21:00+00:00,NXPI,244.16000366210938,244.16000366210938,244.17999267578125,244.02999877929688,244.14999389648438,4632.0
2024-10-25 10:21:00+00:00,OKTA,72.91000366210938,72.91000366210938,72.91000366210938,72.91000366210938,72.91000366210938,193.0
2024-10-25 10:21:00+00:00,OLED,203.38499450683594,203.38499450683594,203.38499450683594,203.38499450683594,203.38499450683594,704.0
2024-10-25 10:21:00+00:00,ON,72.12000274658203,72.12000274658203,72.13999938964844,71.9800033569336,71.98999786376953,28821.0
2024-10-25 10:21:00+00:00,OSIS,137.1999969482422,137.1999969482422,137.2100067138672,137.1999969482422,137.2100067138672,484.0
2024-10-25 10:21:00+00:00,OSPN,14.765000343322754,14.765000343322754,14.765000343322754,14.760000228881836,14.760000228881836,547.0
2024-10-25 10:21:00+00:00,OST,0.3400000035762787,0.3400000035762787,0.3400000035762787,0.3400000035762787,0.3400000035762787,4140.0
2024-10-25 10:21:00+00:00,PANW,371.6199951171875,371.6199951171875,371.6600036621094,371.37750244140625,371.6600036621094,3683.0
2024-10-25 10:21:00+00:00,PAYO,8.319999694824219,8.319999694824219,8.319999694824219,8.319999694824219,8.319999694824219,1129.0
2024-10-25 10:21:00+00:00,PEGA,80.95999908447266,80.95999908447266,80.95999908447266,80.90070343017578,80.90070343017578,7843.0
2024-10-25 10:21:00+00:00,PGY,11.890000343322754,11.890000343322754,11.890000343322754,11.869999885559082,11.869999885559082,768.0
2024-10-25 10:21:00+00:00,PHUN,9.503999710083008,9.503999710083008,9.5600004196167,9.5,9.527999877929688,118039.0
2024-10-25 10:21:00+00:00,PI,198.77999877929688,198.77999877929688,199.22000122070312,198.77999877929688,199.22000122070312,1153.0
2024-10-25 10:21:00+00:00,PLAB,23.69499969482422,23.69499969482422,23.725000381469727,23.69499969482422,23.719999313354492,514.0
2024-10-25 10:21:00+00:00,POET,3.9700000286102295,3.9700000286102295,3.9700000286102295,3.9700000286102295,3.9700000286102295,762.0
2024-10-25 10:21:00+00:00,POWI,63.2400016784668,63.2400016784668,63.25,63.2400016784668,63.25,1091.0
2024-10-25 10:21:00+00:00,PTC,186.1199951171875,186.1199951171875,186.1199951171875,186.1199951171875,186.1199951171875,343.0
2024-10-25 10:21:00+00:00,PYCR,14.430000305175781,14.430000305175781,14.430000305175781,14.430000305175781,14.430000305175781,731.0
2024-10-25 10:21:00+00:00,QCOM,172.4499969482422,172.4499969482422,172.4499969482422,172.30999755859375,172.33799743652344,19866.0
2024-10-25 10:21:00+00:00,QH,1.4299999475479126,1.4299999475479126,1.4299999475479126,1.4299999475479126,1.4299999475479126,105.0
2024-10-25 10:21:00+00:00,QLYS,121.3550033569336,121.3550033569336,121.5999984741211,121.33999633789062,121.33999633789062,5092.0
2024-10-25 10:21:00+00:00,QRVO,100.19000244140625,100.19000244140625,100.20999908447266,100.0999984741211,100.1449966430664,3765.0
2024-10-25 10:21:00+00:00,QUBT,1.1304999589920044,1.1304999589920044,1.1304999589920044,1.125,1.1297999620437622,17469.0
2024-10-25 10:21:00+00:00,RCAT,2.7599000930786133,2.7599000930786133,2.759999990463257,2.7599000930786133,2.759999990463257,1452.0
2024-10-25 10:21:00+00:00,REFR,2.2079999446868896,2.2079999446868896,2.2079999446868896,2.2079999446868896,2.2079999446868896,77.0
2024-10-25 10:21:00+00:00,RELY,14.8100004196167,14.8100004196167,14.8100004196167,14.800000190734863,14.800000190734863,802.0
2024-10-25 10:21:00+00:00,RGTI,1.270300030708313,1.270300030708313,1.274999976158142,1.260699987411499,1.2699999809265137,27474.0
2024-10-25 10:21:00+00:00,RIOT,10.1850004196167,10.1850004196167,10.1850004196167,10.149999618530273,10.157999992370605,67808.0
2024-10-25 10:21:00+00:00,RMBS,42.96500015258789,42.96500015258789,42.970001220703125,42.93000030517578,42.93000030517578,1222.0
2024-10-25 10:21:00+00:00,RUM,5.769999980926514,5.769999980926514,5.809999942779541,5.769999980926514,5.795000076293945,48280.0
2024-10-25 10:21:00+00:00,RUN,14.515000343322754,14.515000343322754,14.520000457763672,14.449999809265137,14.449999809265137,46798.0
2024-10-25 10:21:00+00:00,SATS,25.3799991607666,25.3799991607666,25.3799991607666,25.290000915527344,25.290000915527344,3395.0
2024-10-25 10:21:00+00:00,SCWX,8.381999969482422,8.381999969482422,8.381999969482422,8.381999969482422,8.381999969482422,300.0
2024-10-25 10:21:00+00:00,SEDG,15.854599952697754,15.854599952697754,15.878000259399414,15.829999923706055,15.84000015258789,14100.0
2024-10-25 10:21:00+00:00,SHLS,5.244999885559082,5.244999885559082,5.25,5.244999885559082,5.25,2813.0
2024-10-25 10:21:00+00:00,SLAB,114.5199966430664,114.5199966430664,114.5199966430664,114.5199966430664,114.5199966430664,276.0
2024-10-25 10:21:00+00:00,SMCI,47.776100158691406,47.776100158691406,47.869998931884766,47.63029861450195,47.63999938964844,323987.0
2024-10-25 10:21:00+00:00,SNPS,506.8349914550781,506.8349914550781,507.489990234375,506.17999267578125,506.43499755859375,4330.0
2024-10-25 10:21:00+00:00,SONO,12.89009952545166,12.89009952545166,12.89009952545166,12.89009952545166,12.89009952545166,475.0
2024-10-25 10:21:00+00:00,SOUN,5.295000076293945,5.295000076293945,5.298500061035156,5.289999961853027,5.295000076293945,22092.0
2024-10-25 10:21:00+00:00,SPSC,181.72999572753906,181.72999572753906,182.60000610351562,181.72999572753906,182.14999389648438,3965.0
2024-10-25 10:21:00+00:00,SRAD,12.399900436401367,12.399900436401367,12.399999618530273,12.399900436401367,12.399999618530273,1051.0
2024-10-25 10:21:00+00:00,SSNC,69.97000122070312,69.97000122070312,70.04000091552734,69.93000030517578,69.95500183105469,8418.0
2024-10-25 10:21:00+00:00,STNE,11.470000267028809,11.470000267028809,11.479999542236328,11.46399974822998,11.470000267028809,10585.0
2024-10-25 10:21:00+00:00,STX,104.09500122070312,104.09500122070312,104.11000061035156,104.0,104.0,6259.0
2024-10-25 10:21:00+00:00,SURG,1.7400000095367432,1.7400000095367432,1.7400000095367432,1.7400000095367432,1.7400000095367432,1063.0
2024-10-25 10:21:00+00:00,SWKS,95.91000366210938,95.91000366210938,95.93000030517578,95.86000061035156,95.91000366210938,2517.0
2024-10-25 10:21:00+00:00,SYTA,1.2164000272750854,1.2164000272750854,1.2164000272750854,1.2100000381469727,1.2100000381469727,3874.0
2024-10-25 10:21:00+00:00,TEAM,191.69000244140625,191.69000244140625,191.86000061035156,191.69000244140625,191.86000061035156,1921.0
2024-10-25 10:21:00+00:00,TER,112.43000030517578,112.43000030517578,112.45999908447266,112.37049865722656,112.45999908447266,5190.0
2024-10-25 10:21:00+00:00,TLS,3.5999999046325684,3.5999999046325684,3.5999999046325684,3.5999999046325684,3.5999999046325684,555.0
2024-10-25 10:21:00+00:00,TRMB,61.10499954223633,61.10499954223633,61.119998931884766,61.10499954223633,61.119998931884766,520.0
2024-10-25 10:21:00+00:00,TTD,120.62000274658203,120.62000274658203,120.63500213623047,120.44000244140625,120.51000213623047,13443.0
2024-10-25 10:21:00+00:00,TWKS,4.454999923706055,4.454999923706055,4.454999923706055,4.449999809265137,4.449999809265137,17534.0
2024-10-25 10:21:00+00:00,TXN,210.32000732421875,210.32000732421875,210.32000732421875,210.05499267578125,210.0800018310547,7748.0
2024-10-25 10:21:00+00:00,UCTT,35.91999816894531,35.91999816894531,35.91999816894531,35.869998931884766,35.90999984741211,1601.0
2024-10-25 10:21:00+00:00,VECO,29.559999465942383,29.559999465942383,29.559999465942383,29.540000915527344,29.549999237060547,2423.0
2024-10-25 10:21:00+00:00,VERB,10.242500305175781,10.242500305175781,10.242500305175781,10.242500305175781,10.242500305175781,1727.0
2024-10-25 10:21:00+00:00,VERI,3.549999952316284,3.549999952316284,3.549999952316284,3.5450000762939453,3.549999952316284,1488.0
2024-10-25 10:21:00+00:00,VMEO,4.760000228881836,4.760000228881836,4.760000228881836,4.755000114440918,4.755000114440918,324.0
2024-10-25 10:21:00+00:00,VNET,3.4549999237060547,3.4549999237060547,3.4549999237060547,3.4549999237060547,3.4549999237060547,300.0
2024-10-25 10:21:00+00:00,VRNS,57.18000030517578,57.18000030517578,57.220001220703125,57.18000030517578,57.220001220703125,2248.0
2024-10-25 10:21:00+00:00,VRNT,22.219999313354492,22.219999313354492,22.219999313354492,22.190000534057617,22.190000534057617,1567.0
2024-10-25 10:21:00+00:00,VSAT,10.369999885559082,10.369999885559082,10.369999885559082,10.369999885559082,10.369999885559082,887.0
2024-10-25 10:21:00+00:00,VUZI,1.315999984741211,1.315999984741211,1.315999984741211,1.315999984741211,1.315999984741211,2803.0
2024-10-25 10:21:00+00:00,WDAY,241.80999755859375,241.80999755859375,241.86000061035156,241.57730102539062,241.69000244140625,1966.0
2024-10-25 10:21:00+00:00,WDC,72.19000244140625,72.19000244140625,72.20999908447266,71.98179626464844,72.00499725341797,76065.0
2024-10-25 10:21:00+00:00,WISA,1.850000023841858,1.850000023841858,1.850000023841858,1.8450000286102295,1.8450000286102295,388.0
2024-10-25 10:21:00+00:00,XRX,10.204999923706055,10.204999923706055,10.210000038146973,10.204999923706055,10.204999923706055,1994.0
2024-10-25 10:21:00+00:00,ZI,10.619999885559082,10.619999885559082,10.625,10.614999771118164,10.614999771118164,5964.0
2024-10-25 10:21:00+00:00,ZM,73.17009735107422,73.17009735107422,73.21050262451172,73.17009735107422,73.21050262451172,2248.0
2024-10-25 10:22:00+00:00,AAOI,17.799999237060547,17.799999237060547,17.829999923706055,17.770000457763672,17.770000457763672,4017.0
2024-10-25 10:22:00+00:00,AAPL,232.24819946289062,232.24819946289062,232.30999755859375,232.0500030517578,232.11000061035156,96084.0
2024-10-25 10:22:00+00:00,ACIW,49.380001068115234,49.380001068115234,49.40999984741211,49.380001068115234,49.38999938964844,1436.0
2024-10-25 10:22:00+00:00,ACLS,91.19000244140625,91.19000244140625,91.19000244140625,91.0999984741211,91.1050033569336,4192.0
2024-10-25 10:22:00+00:00,ACMR,19.809999465942383,19.809999465942383,19.84000015258789,19.775999069213867,19.775999069213867,4120.0
2024-10-25 10:22:00+00:00,ADBE,487.8800048828125,487.8800048828125,488.0,487.17999267578125,487.385009765625,8800.0
2024-10-25 10:22:00+00:00,ADI,234.69000244140625,234.69000244140625,234.77999877929688,234.5399932861328,234.5399932861328,2527.0
2024-10-25 10:22:00+00:00,ADSK,288.5899963378906,288.5899963378906,288.5899963378906,288.239990234375,288.30499267578125,3860.0
2024-10-25 10:22:00+00:00,ADTN,6.389999866485596,6.389999866485596,6.389999866485596,6.380000114440918,6.380000114440918,1859.0
2024-10-25 10:22:00+00:00,AEHR,16.469999313354492,16.469999313354492,16.5,16.469999313354492,16.475000381469727,3534.0
2024-10-25 10:22:00+00:00,AEYE,23.40999984741211,23.40999984741211,23.40999984741211,23.350000381469727,23.350000381469727,1612.0
2024-10-25 10:22:00+00:00,AFRM,42.099998474121094,42.099998474121094,42.15999984741211,42.094200134277344,42.1244010925293,6308.0
2024-10-25 10:22:00+00:00,AKAM,103.5199966430664,103.5199966430664,103.5199966430664,103.5199966430664,103.5199966430664,385.0
2024-10-25 10:22:00+00:00,AKTS,0.05920000001788139,0.05920000001788139,0.05959999933838844,0.05909999832510948,0.05959999933838844,307877.0
2024-10-25 10:22:00+00:00,ALGM,22.739999771118164,22.739999771118164,22.770000457763672,22.709999084472656,22.729999542236328,17023.0
2024-10-25 10:22:00+00:00,ALTR,106.26000213623047,106.26000213623047,106.26000213623047,106.13999938964844,106.13999938964844,1836.0
2024-10-25 10:22:00+00:00,AMAT,188.97000122070312,188.97000122070312,189.1199951171875,188.67999267578125,188.74000549316406,11363.0
2024-10-25 10:22:00+00:00,AMBA,58.02000045776367,58.02000045776367,58.02000045776367,57.97999954223633,58.02000045776367,1201.0
2024-10-25 10:22:00+00:00,AMD,158.38499450683594,158.38499450683594,158.41250610351562,158.02999877929688,158.0500030517578,120348.0
2024-10-25 10:22:00+00:00,AMKR,30.010000228881836,30.010000228881836,30.010000228881836,29.920000076293945,29.920000076293945,5461.0
2024-10-25 10:22:00+00:00,AMPG,1.0199999809265137,1.0199999809265137,1.0199999809265137,1.0199999809265137,1.0199999809265137,1756.0
2024-10-25 10:22:00+00:00,AMPL,9.274999618530273,9.274999618530273,9.274999618530273,9.270000457763672,9.270000457763672,1011.0
2024-10-25 10:22:00+00:00,ANY,1.090000033378601,1.090000033378601,1.090000033378601,1.090000033378601,1.090000033378601,1519.0
2024-10-25 10:22:00+00:00,AOSL,36.560001373291016,36.560001373291016,36.560001373291016,36.5,36.5,699.0
2024-10-25 10:22:00+00:00,API,2.694999933242798,2.694999933242798,2.694999933242798,2.694999933242798,2.694999933242798,736.0
2024-10-25 10:22:00+00:00,APP,163.5,163.5,163.6699981689453,163.5,163.5,3930.0
2024-10-25 10:22:00+00:00,APPF,227.5550994873047,227.5550994873047,227.61500549316406,226.6300048828125,227.05999755859375,2982.0
2024-10-25 10:22:00+00:00,APPN,32.404998779296875,32.404998779296875,32.41999816894531,32.404998779296875,32.41999816894531,693.0
2024-10-25 10:22:00+00:00,APPS,3.130000114440918,3.130000114440918,3.130000114440918,3.125,3.125,3905.0
2024-10-25 10:22:00+00:00,ARRY,6.570000171661377,6.570000171661377,6.585000038146973,6.546000003814697,6.546000003814697,19221.0
2024-10-25 10:22:00+00:00,ASML,722.989990234375,722.989990234375,723.0,722.4600219726562,722.4600219726562,8622.0
2024-10-25 10:22:00+00:00,ASNS,1.340000033378601,1.340000033378601,1.340000033378601,1.340000033378601,1.340000033378601,0.0
2024-10-25 10:22:00+00:00,AUR,6.505000114440918,6.505000114440918,6.514999866485596,6.489999771118164,6.489999771118164,17110.0
2024-10-25 10:22:00+00:00,AVDX,8.234999656677246,8.234999656677246,8.234999656677246,8.234999656677246,8.234999656677246,900.0
2024-10-25 10:22:00+00:00,AVGO,175.63999938964844,175.63999938964844,175.67999267578125,175.3800048828125,175.44940185546875,82096.0
2024-10-25 10:22:00+00:00,AVPT,12.085000038146973,12.085000038146973,12.085000038146973,12.079999923706055,12.079999923706055,1749.0
2024-10-25 10:22:00+00:00,AVT,54.779998779296875,54.779998779296875,54.779998779296875,54.72999954223633,54.72999954223633,1469.0
2024-10-25 10:22:00+00:00,AXTI,2.680000066757202,2.680000066757202,2.680000066757202,2.6700000762939453,2.6700000762939453,2872.0
2024-10-25 10:22:00+00:00,BL,56.91999816894531,56.91999816894531,56.91999816894531,56.91999816894531,56.91999816894531,372.0
2024-10-25 10:22:00+00:00,BLIN,1.100000023841858,1.100000023841858,1.100000023841858,1.100000023841858,1.100000023841858,645.0
2024-10-25 10:22:00+00:00,BLKB,86.36000061035156,86.36000061035156,86.36000061035156,86.36000061035156,86.36000061035156,205.0
2024-10-25 10:22:00+00:00,BSY,49.290000915527344,49.290000915527344,49.290000915527344,49.279998779296875,49.279998779296875,963.0
2024-10-25 10:22:00+00:00,CAN,0.9940000176429749,0.9940000176429749,0.9973999857902527,0.9940000176429749,0.9968000054359436,7913.0
2024-10-25 10:22:00+00:00,CDNS,259.9150085449219,259.9150085449219,260.0,259.55999755859375,259.55999755859375,7671.0
2024-10-25 10:22:00+00:00,CDW,219.97999572753906,219.97999572753906,219.99249267578125,219.6999969482422,219.6999969482422,4409.0
2024-10-25 10:22:00+00:00,CETX,0.2971000075340271,0.2971000075340271,0.2971000075340271,0.2971000075340271,0.2971000075340271,3678.0
2024-10-25 10:22:00+00:00,CEVA,24.270000457763672,24.270000457763672,24.270000457763672,24.270000457763672,24.270000457763672,1074.0
2024-10-25 10:22:00+00:00,CFLT,22.454999923706055,22.454999923706055,22.454999923706055,22.43000030517578,22.43000030517578,12251.0
2024-10-25 10:22:00+00:00,CGNX,39.275001525878906,39.275001525878906,39.28499984741211,39.2599983215332,39.2599983215332,3664.0
2024-10-25 10:22:00+00:00,CHKP,207.49000549316406,207.49000549316406,207.5500030517578,207.49000549316406,207.5500030517578,17885.0
2024-10-25 10:22:00+00:00,CLBT,18.15999984741211,18.15999984741211,18.174999237060547,18.15999984741211,18.174999237060547,240.0
2024-10-25 10:22:00+00:00,CLSK,12.09000015258789,12.09000015258789,12.100000381469727,12.048999786376953,12.050000190734863,165230.0
2024-10-25 10:22:00+00:00,COHR,96.80000305175781,96.80000305175781,96.83999633789062,96.66999816894531,96.68000030517578,5006.0
2024-10-25 10:22:00+00:00,COHU,26.299999237060547,26.299999237060547,26.329999923706055,26.299999237060547,26.299999237060547,1411.0
2024-10-25 10:22:00+00:00,COIN,212.94500732421875,212.94500732421875,213.2646026611328,212.74000549316406,213.0,25145.0
2024-10-25 10:22:00+00:00,COMM,6.465000152587891,6.465000152587891,6.465000152587891,6.460000038146973,6.460000038146973,2870.0
2024-10-25 10:22:00+00:00,CORZ,13.595000267028809,13.595000267028809,13.599900245666504,13.543999671936035,13.543999671936035,12460.0
2024-10-25 10:22:00+00:00,CRDO,39.7400016784668,39.7400016784668,39.779998779296875,39.65999984741211,39.65999984741211,1533.0
2024-10-25 10:22:00+00:00,CRUS,123.15499877929688,123.15499877929688,123.31999969482422,123.15499877929688,123.31999969482422,1152.0
2024-10-25 10:22:00+00:00,CRWD,310.4270935058594,310.4270935058594,310.4270935058594,309.8739929199219,309.88580322265625,13385.0
2024-10-25 10:22:00+00:00,CSCO,56.415000915527344,56.415000915527344,56.42499923706055,56.36000061035156,56.3849983215332,38659.0
2024-10-25 10:22:00+00:00,CSGS,48.0,48.0,48.0,48.0,48.0,367.0
2024-10-25 10:22:00+00:00,CSIQ,13.546799659729004,13.546799659729004,13.5600004196167,13.520000457763672,13.545000076293945,3625.0
2024-10-25 10:22:00+00:00,CTLP,9.074999809265137,9.074999809265137,9.074999809265137,9.074999809265137,9.074999809265137,519.0
2024-10-25 10:22:00+00:00,CTSH,75.19999694824219,75.19999694824219,75.2249984741211,75.18000030517578,75.18000030517578,4857.0
2024-10-25 10:22:00+00:00,CVLT,134.60499572753906,134.60499572753906,134.61000061035156,134.39999389648438,134.39999389648438,1554.0
2024-10-25 10:22:00+00:00,CYN,3.6695001125335693,3.6695001125335693,3.6695001125335693,3.6695001125335693,3.6695001125335693,510.0
2024-10-25 10:22:00+00:00,DAKT,13.324999809265137,13.324999809265137,13.324999809265137,13.300000190734863,13.300000190734863,1177.0
2024-10-25 10:22:00+00:00,DATS,1.6299999952316284,1.6299999952316284,1.6299999952316284,1.625,1.625,200.0
2024-10-25 10:22:00+00:00,DBX,26.084999084472656,26.084999084472656,26.084999084472656,26.075000762939453,26.075000762939453,1125.0
2024-10-25 10:22:00+00:00,DDOG,127.06999969482422,127.06999969482422,127.06999969482422,126.7699966430664,126.7699966430664,5358.0
2024-10-25 10:22:00+00:00,DIOD,66.21179962158203,66.21179962158203,66.21179962158203,66.21179962158203,66.21179962158203,439.0
2024-10-25 10:22:00+00:00,DLO,8.859999656677246,8.859999656677246,8.859999656677246,8.850000381469727,8.850000381469727,672.0
2024-10-25 10:22:00+00:00,DOCU,70.30999755859375,70.30999755859375,70.30999755859375,70.16000366210938,70.16000366210938,9387.0
2024-10-25 10:22:00+00:00,DOMO,8.029999732971191,8.029999732971191,8.029999732971191,8.015000343322754,8.015000343322754,733.0
2024-10-25 10:22:00+00:00,DOX,90.0,90.0,90.0,90.0,90.0,4015.0
2024-10-25 10:22:00+00:00,EGAN,4.829999923706055,4.829999923706055,4.829999923706055,4.829999923706055,4.829999923706055,540.0
2024-10-25 10:22:00+00:00,EMKR,2.130000114440918,2.130000114440918,2.130000114440918,2.130000114440918,2.130000114440918,369.0
2024-10-25 10:22:00+00:00,ENPH,82.51200103759766,82.51200103759766,82.66000366210938,82.38999938964844,82.38999938964844,26984.0
2024-10-25 10:22:00+00:00,ENTG,105.08000183105469,105.08000183105469,105.08000183105469,105.0250015258789,105.0250015258789,2395.0
2024-10-25 10:22:00+00:00,ERIC,8.500800132751465,8.500800132751465,8.510000228881836,8.489999771118164,8.494999885559082,207717.0
2024-10-25 10:22:00+00:00,EXFY,1.725000023841858,1.725000023841858,1.725000023841858,1.725000023841858,1.725000023841858,200.0
2024-10-25 10:22:00+00:00,EXTR,14.5649995803833,14.5649995803833,14.579999923706055,14.5600004196167,14.569000244140625,2340.0
2024-10-25 10:22:00+00:00,FEIM,12.364999771118164,12.364999771118164,12.364999771118164,12.364999771118164,12.364999771118164,0.0
2024-10-25 10:22:00+00:00,FIVN,30.639999389648438,30.639999389648438,30.639999389648438,30.600000381469727,30.600000381469727,2026.0
2024-10-25 10:22:00+00:00,FLEX,35.54999923706055,35.54999923706055,35.54999923706055,35.4900016784668,35.4900016784668,3341.0
2024-10-25 10:22:00+00:00,FORM,45.310001373291016,45.310001373291016,45.310001373291016,45.255001068115234,45.27000045776367,908.0
2024-10-25 10:22:00+00:00,FROG,29.59000015258789,29.59000015258789,29.614999771118164,29.59000015258789,29.59000015258789,1605.0
2024-10-25 10:22:00+00:00,FRSH,11.734999656677246,11.734999656677246,11.734999656677246,11.729999542236328,11.729999542236328,1783.0
2024-10-25 10:22:00+00:00,FSLR,200.13999938964844,200.13999938964844,200.13999938964844,199.86500549316406,199.86500549316406,19107.0
2024-10-25 10:22:00+00:00,FTNT,81.54000091552734,81.54000091552734,81.55000305175781,81.44000244140625,81.54000091552734,8784.0
2024-10-25 10:22:00+00:00,GCT,25.635000228881836,25.635000228881836,25.635000228881836,25.604999542236328,25.604999542236328,2490.0
2024-10-25 10:22:00+00:00,GDS,21.950000762939453,21.950000762939453,22.0,21.950000762939453,21.975000381469727,9952.0
2024-10-25 10:22:00+00:00,GFS,41.15700149536133,41.15700149536133,41.15999984741211,41.09000015258789,41.09000015258789,7739.0
2024-10-25 10:22:00+00:00,GPRO,1.3300000429153442,1.3300000429153442,1.3300000429153442,1.3300000429153442,1.3300000429153442,204.0
2024-10-25 10:22:00+00:00,GRAB,4.090000152587891,4.090000152587891,4.090000152587891,4.079999923706055,4.084499835968018,73998.0
2024-10-25 10:22:00+00:00,GRRR,4.636000156402588,4.636000156402588,4.659999847412109,4.630000114440918,4.659999847412109,3202.0
2024-10-25 10:22:00+00:00,GSIT,3.259999990463257,3.259999990463257,3.259999990463257,3.259999990463257,3.259999990463257,409.0
2024-10-25 10:22:00+00:00,GTLB,56.40999984741211,56.40999984741211,56.40999984741211,56.345001220703125,56.35499954223633,4090.0
2024-10-25 10:22:00+00:00,HCP,33.6349983215332,33.6349983215332,33.6349983215332,33.619998931884766,33.619998931884766,28446.0
2024-10-25 10:22:00+00:00,HEAR,16.59000015258789,16.59000015258789,16.59000015258789,16.59000015258789,16.59000015258789,636.0
2024-10-25 10:22:00+00:00,HIMX,6.199999809265137,6.199999809265137,6.204999923706055,6.199999809265137,6.199999809265137,2529.0
2024-10-25 10:22:00+00:00,HLIT,14.819999694824219,14.819999694824219,14.819999694824219,14.819999694824219,14.819999694824219,1099.0
2024-10-25 10:22:00+00:00,HOLO,3.779400110244751,3.779400110244751,3.787899971008301,3.7701001167297363,3.7799999713897705,6070.0
2024-10-25 10:22:00+00:00,HOOD,27.440000534057617,27.440000534057617,27.44499969482422,27.424999237060547,27.434999465942383,89081.0
2024-10-25 10:22:00+00:00,HTCR,1.1080000400543213,1.1080000400543213,1.1080000400543213,1.0800000429153442,1.0800000429153442,1850.0
2024-10-25 10:22:00+00:00,ICHR,27.739999771118164,27.739999771118164,27.739999771118164,27.739999771118164,27.739999771118164,325.0
2024-10-25 10:22:00+00:00,IDAI,0.22830000519752502,0.22830000519752502,0.22830000519752502,0.22830000519752502,0.22830000519752502,5500.0
2024-10-25 10:22:00+00:00,IIIV,23.084999084472656,23.084999084472656,23.084999084472656,23.084999084472656,23.084999084472656,114.0
2024-10-25 10:22:00+00:00,IMMR,8.704999923706055,8.704999923706055,8.704999923706055,8.704999923706055,8.704999923706055,1296.0
2024-10-25 10:22:00+00:00,INDI,3.575000047683716,3.575000047683716,3.575000047683716,3.569999933242798,3.569999933242798,1855.0
2024-10-25 10:22:00+00:00,INFN,6.795000076293945,6.795000076293945,6.795000076293945,6.795000076293945,6.795000076293945,381.0
2024-10-25 10:22:00+00:00,INOD,20.209999084472656,20.209999084472656,20.209999084472656,20.209999084472656,20.209999084472656,1980.0
2024-10-25 10:22:00+00:00,INTA,50.54999923706055,50.54999923706055,50.54999923706055,50.54999923706055,50.54999923706055,346.0
2024-10-25 10:22:00+00:00,INTC,23.1200008392334,23.1200008392334,23.125,23.075000762939453,23.075000762939453,185926.0
2024-10-25 10:22:00+00:00,INTU,614.5499877929688,614.5499877929688,614.6900024414062,614.1099853515625,614.3099975585938,2843.0
2024-10-25 10:22:00+00:00,KC,2.7699999809265137,2.7699999809265137,2.7699999809265137,2.7623000144958496,2.7623000144958496,5665.0
2024-10-25 10:22:00+00:00,KLAC,680.7999877929688,680.7999877929688,680.7999877929688,680.0,680.0,1516.0
2024-10-25 10:22:00+00:00,KLIC,44.63999938964844,44.63999938964844,44.63999938964844,44.63999938964844,44.63999938964844,235.0
2024-10-25 10:22:00+00:00,KOSS,7.287700176239014,7.287700176239014,7.287700176239014,7.287700176239014,7.287700176239014,128.0
2024-10-25 10:22:00+00:00,LASR,10.539999961853027,10.539999961853027,10.539999961853027,10.539999961853027,10.539999961853027,226.0
2024-10-25 10:22:00+00:00,LFUS,256.8699951171875,256.8699951171875,256.8699951171875,256.5400085449219,256.5400085449219,1679.0
2024-10-25 10:22:00+00:00,LITE,64.75499725341797,64.75499725341797,64.80000305175781,64.7249984741211,64.7249984741211,7046.0
2024-10-25 10:22:00+00:00,LOGI,80.87999725341797,80.87999725341797,80.91000366210938,80.87999725341797,80.87999725341797,2265.0
2024-10-25 10:22:00+00:00,LRCX,79.3499984741211,79.3499984741211,79.4000015258789,79.08000183105469,79.1449966430664,102034.0
2024-10-25 10:22:00+00:00,LSCC,54.77000045776367,54.77000045776367,54.80500030517578,54.68000030517578,54.68000030517578,2859.0
2024-10-25 10:22:00+00:00,LTRX,4.045000076293945,4.045000076293945,4.045000076293945,4.045000076293945,4.045000076293945,174.0
2024-10-25 10:22:00+00:00,LYFT,13.675000190734863,13.675000190734863,13.689900398254395,13.670000076293945,13.675000190734863,10029.0
2024-10-25 10:22:00+00:00,MANH,276.5450134277344,276.5450134277344,276.5450134277344,276.5450134277344,276.5450134277344,449.0
2024-10-25 10:22:00+00:00,MAXN,5.719900131225586,5.719900131225586,5.719900131225586,5.679999828338623,5.719900131225586,912.0
2024-10-25 10:22:00+00:00,MCHP,77.4000015258789,77.4000015258789,77.4000015258789,77.30999755859375,77.33000183105469,27722.0
2024-10-25 10:22:00+00:00,MDB,269.1000061035156,269.1000061035156,269.2200012207031,268.44500732421875,268.44500732421875,2162.0
2024-10-25 10:22:00+00:00,MKSI,101.13999938964844,101.13999938964844,101.2249984741211,101.01000213623047,101.01000213623047,2463.0
2024-10-25 10:22:00+00:00,MKTW,0.603600025177002,0.603600025177002,0.603600025177002,0.603600025177002,0.603600025177002,10100.0
2024-10-25 10:22:00+00:00,MOGO,1.034999966621399,1.034999966621399,1.034999966621399,1.034999966621399,1.034999966621399,200.0
2024-10-25 10:22:00+00:00,MPWR,918.7449951171875,918.7449951171875,920.2899780273438,918.3300170898438,918.3300170898438,12124.0
2024-10-25 10:22:00+00:00,MQ,5.320000171661377,5.320000171661377,5.320000171661377,5.315000057220459,5.315000057220459,1710.0
2024-10-25 10:22:00+00:00,MRVL,83.23999786376953,83.23999786376953,83.2699966430664,83.16999816894531,83.17500305175781,18801.0
2024-10-25 10:22:00+00:00,MSFT,431.7200012207031,431.7200012207031,431.79998779296875,431.2200012207031,431.2200012207031,46401.0
2024-10-25 10:22:00+00:00,MSTR,242.5749969482422,242.5749969482422,243.08999633789062,242.0,242.79400634765625,66171.0
2024-10-25 10:22:00+00:00,MTC,0.3700999915599823,0.3700999915599823,0.3700999915599823,0.3700999915599823,0.3700999915599823,2234.0
2024-10-25 10:22:00+00:00,MTLS,6.046800136566162,6.046800136566162,6.050000190734863,6.034999847412109,6.034999847412109,4492.0
2024-10-25 10:22:00+00:00,MTSI,119.1500015258789,119.1500015258789,119.1500015258789,119.1500015258789,119.1500015258789,626.0
2024-10-25 10:22:00+00:00,MU,109.76010131835938,109.76010131835938,109.79000091552734,109.5199966430664,109.56929779052734,66534.0
2024-10-25 10:22:00+00:00,MVIS,1.1098999977111816,1.1098999977111816,1.1098999977111816,1.100000023841858,1.1050000190734863,1327.0
2024-10-25 10:22:00+00:00,MXL,14.925000190734863,14.925000190734863,14.960000038146973,14.90999984741211,14.90999984741211,5397.0
2024-10-25 10:22:00+00:00,NCNO,38.349998474121094,38.349998474121094,38.349998474121094,38.32500076293945,38.33000183105469,1240.0
2024-10-25 10:22:00+00:00,NEON,8.069999694824219,8.069999694824219,8.069999694824219,8.069999694824219,8.069999694824219,862.0
2024-10-25 10:22:00+00:00,NICE,177.64999389648438,177.64999389648438,177.64999389648438,177.5399932861328,177.5399932861328,487.0
2024-10-25 10:22:00+00:00,NNDM,2.3450000286102295,2.3450000286102295,2.3450000286102295,2.3450000286102295,2.3450000286102295,520.0
2024-10-25 10:22:00+00:00,NSIT,211.63999938964844,211.63999938964844,211.63999938964844,211.63999938964844,211.63999938964844,165.0
2024-10-25 10:22:00+00:00,NTAP,120.25499725341797,120.25499725341797,120.25499725341797,120.24500274658203,120.24500274658203,463.0
2024-10-25 10:22:00+00:00,NTCT,20.6200008392334,20.6200008392334,20.6299991607666,20.6200008392334,20.6200008392334,1235.0
2024-10-25 10:22:00+00:00,NTNX,62.650001525878906,62.650001525878906,62.650001525878906,62.650001525878906,62.650001525878906,748.0
2024-10-25 10:22:00+00:00,NVDA,143.3800048828125,143.3800048828125,143.47999572753906,143.2100067138672,143.22500610351562,1455626.0
2024-10-25 10:22:00+00:00,NVEI,33.52000045776367,33.52000045776367,33.52000045776367,33.52000045776367,33.52000045776367,542.0
2024-10-25 10:22:00+00:00,NVTS,2.575000047683716,2.575000047683716,2.5799999237060547,2.569999933242798,2.578000068664551,6830.0
2024-10-25 10:22:00+00:00,NXPI,244.52999877929688,244.52999877929688,244.5399932861328,244.1649932861328,244.1649932861328,3902.0
2024-10-25 10:22:00+00:00,OKTA,72.9749984741211,72.9749984741211,73.05999755859375,72.95500183105469,72.95500183105469,6001.0
2024-10-25 10:22:00+00:00,OLED,203.7449951171875,203.7449951171875,203.7449951171875,203.7449951171875,203.7449951171875,323.0
2024-10-25 10:22:00+00:00,ON,72.25,72.25,72.30999755859375,72.11499786376953,72.11499786376953,25435.0
2024-10-25 10:22:00+00:00,OSIS,137.39500427246094,137.39500427246094,137.39500427246094,137.32000732421875,137.32000732421875,337.0
2024-10-25 10:22:00+00:00,OTEX,33.625,33.625,33.630001068115234,33.625,33.630001068115234,914.0
2024-10-25 10:22:00+00:00,PANW,371.28009033203125,371.28009033203125,371.6700134277344,371.28009033203125,371.5174865722656,5336.0
2024-10-25 10:22:00+00:00,PAYO,8.3149995803833,8.3149995803833,8.3149995803833,8.3149995803833,8.3149995803833,386.0
2024-10-25 10:22:00+00:00,PDFS,29.420000076293945,29.420000076293945,29.420000076293945,29.420000076293945,29.420000076293945,489.0
2024-10-25 10:22:00+00:00,PEGA,80.97000122070312,80.97000122070312,80.97000122070312,80.97000122070312,80.97000122070312,511.0
2024-10-25 10:22:00+00:00,PEGY,4.631400108337402,4.631400108337402,4.639999866485596,4.620999813079834,4.625999927520752,1130.0
2024-10-25 10:22:00+00:00,PGY,11.920000076293945,11.920000076293945,11.920000076293945,11.90999984741211,11.920000076293945,1537.0
2024-10-25 10:22:00+00:00,PHUN,9.550000190734863,9.550000190734863,9.550000190734863,9.5,9.510000228881836,56103.0
2024-10-25 10:22:00+00:00,PLAB,23.680400848388672,23.680400848388672,23.680400848388672,23.680400848388672,23.680400848388672,402.0
2024-10-25 10:22:00+00:00,POET,3.9800000190734863,3.9800000190734863,3.9800000190734863,3.9800000190734863,3.9800000190734863,467.0
2024-10-25 10:22:00+00:00,POWI,63.345001220703125,63.345001220703125,63.345001220703125,63.244998931884766,63.310001373291016,7901.0
2024-10-25 10:22:00+00:00,PTC,185.82000732421875,185.82000732421875,185.85000610351562,185.82000732421875,185.85000610351562,3128.0
2024-10-25 10:22:00+00:00,PXLW,0.7749999761581421,0.7749999761581421,0.7749999761581421,0.7742000222206116,0.7742000222206116,8606.0
2024-10-25 10:22:00+00:00,PYCR,14.430000305175781,14.430000305175781,14.430000305175781,14.430000305175781,14.430000305175781,1258.0
2024-10-25 10:22:00+00:00,QCOM,172.58999633789062,172.58999633789062,172.6699981689453,172.38499450683594,172.4199981689453,31106.0
2024-10-25 10:22:00+00:00,QLYS,121.37999725341797,121.37999725341797,121.5199966430664,121.30500030517578,121.30500030517578,2472.0
2024-10-25 10:22:00+00:00,QRVO,100.2699966430664,100.2699966430664,100.27999877929688,100.16000366210938,100.19000244140625,2676.0
2024-10-25 10:22:00+00:00,QUBT,1.1299999952316284,1.1299999952316284,1.139299988746643,1.1299999952316284,1.13919997215271,3810.0
2024-10-25 10:22:00+00:00,RCAT,2.755000114440918,2.755000114440918,2.755000114440918,2.755000114440918,2.755000114440918,247.0
2024-10-25 10:22:00+00:00,REKR,1.0950000286102295,1.0950000286102295,1.0950000286102295,1.0950000286102295,1.0950000286102295,200.0
2024-10-25 10:22:00+00:00,RELY,14.800000190734863,14.800000190734863,14.800000190734863,14.800000190734863,14.800000190734863,857.0
2024-10-25 10:22:00+00:00,RGTI,1.2702000141143799,1.2702000141143799,1.2702000141143799,1.2702000141143799,1.2702000141143799,175.0
2024-10-25 10:22:00+00:00,RIOT,10.184000015258789,10.184000015258789,10.199999809265137,10.180000305175781,10.1850004196167,77732.0
2024-10-25 10:22:00+00:00,RMBS,43.060001373291016,43.060001373291016,43.060001373291016,42.987701416015625,42.9900016784668,2016.0
2024-10-25 10:22:00+00:00,RPAY,7.659999847412109,7.659999847412109,7.659999847412109,7.659999847412109,7.659999847412109,1116.0
2024-10-25 10:22:00+00:00,RUM,5.752699851989746,5.752699851989746,5.770100116729736,5.740099906921387,5.755000114440918,18612.0
2024-10-25 10:22:00+00:00,RUN,14.5649995803833,14.5649995803833,14.59000015258789,14.524999618530273,14.524999618530273,44999.0
2024-10-25 10:22:00+00:00,RXT,2.569999933242798,2.569999933242798,2.575000047683716,2.569999933242798,2.575000047683716,1134.0
2024-10-25 10:22:00+00:00,SANM,67.79499816894531,67.79499816894531,67.79499816894531,67.7300033569336,67.76000213623047,1179.0
2024-10-25 10:22:00+00:00,SATS,25.434999465942383,25.434999465942383,25.440000534057617,25.360000610351562,25.440000534057617,1279.0
2024-10-25 10:22:00+00:00,SEDG,15.819999694824219,15.819999694824219,15.890000343322754,15.8100004196167,15.864999771118164,22730.0
2024-10-25 10:22:00+00:00,SHLS,5.260000228881836,5.260000228881836,5.260000228881836,5.25,5.25,9175.0
2024-10-25 10:22:00+00:00,SIMO,56.90999984741211,56.90999984741211,56.90999984741211,56.90999984741211,56.90999984741211,638.0
2024-10-25 10:22:00+00:00,SKYT,10.664999961853027,10.664999961853027,10.664999961853027,10.630000114440918,10.640000343322754,7633.0
2024-10-25 10:22:00+00:00,SLAB,114.73999786376953,114.73999786376953,114.73999786376953,114.61000061035156,114.68000030517578,2508.0
2024-10-25 10:22:00+00:00,SLNH,4.21999979019165,4.21999979019165,4.21999979019165,4.21999979019165,4.21999979019165,735.0
2024-10-25 10:22:00+00:00,SLNHP,12.569999694824219,12.569999694824219,12.569999694824219,12.569999694824219,12.569999694824219,391.0
2024-10-25 10:22:00+00:00,SMCI,47.959999084472656,47.959999084472656,48.040000915527344,47.790000915527344,47.790000915527344,589976.0
2024-10-25 10:22:00+00:00,SMSI,0.8149999976158142,0.8149999976158142,0.8149999976158142,0.8149999976158142,0.8149999976158142,236.0
2024-10-25 10:22:00+00:00,SMTC,45.82379913330078,45.82379913330078,45.82379913330078,45.650299072265625,45.70000076293945,1187.0
2024-10-25 10:22:00+00:00,SNPS,507.4849853515625,507.4849853515625,507.94000244140625,507.4849853515625,507.489990234375,1706.0
2024-10-25 10:22:00+00:00,SONO,12.930000305175781,12.930000305175781,12.9399995803833,12.898300170898438,12.898300170898438,5171.0
2024-10-25 10:22:00+00:00,SOPA,0.9602000117301941,0.9602000117301941,0.9602000117301941,0.9602000117301941,0.9602000117301941,10306.0
2024-10-25 10:22:00+00:00,SOUN,5.289999961853027,5.289999961853027,5.300000190734863,5.289999961853027,5.295000076293945,79092.0
2024-10-25 10:22:00+00:00,SPSC,183.55499267578125,183.55499267578125,183.55499267578125,182.10000610351562,182.61500549316406,4329.0
2024-10-25 10:22:00+00:00,SPT,27.594999313354492,27.594999313354492,27.594999313354492,27.510000228881836,27.510000228881836,1331.0
2024-10-25 10:22:00+00:00,SRAD,12.420000076293945,12.420000076293945,12.430000305175781,12.420000076293945,12.430000305175781,579.0
2024-10-25 10:22:00+00:00,SSNC,70.0,70.0,70.02999877929688,69.9800033569336,70.02999877929688,2312.0
2024-10-25 10:22:00+00:00,STER,16.790000915527344,16.790000915527344,16.790000915527344,16.790000915527344,16.790000915527344,2446.0
2024-10-25 10:22:00+00:00,STNE,11.53499984741211,11.53499984741211,11.53499984741211,11.470000267028809,11.470000267028809,42935.0
2024-10-25 10:22:00+00:00,STX,104.38500213623047,104.38500213623047,104.41999816894531,104.09500122070312,104.09500122070312,17096.0
2024-10-25 10:22:00+00:00,SVRE,0.08410000056028366,0.08410000056028366,0.08410000056028366,0.08410000056028366,0.08410000056028366,18607.0
2024-10-25 10:22:00+00:00,SWKS,96.00499725341797,96.00499725341797,96.00499725341797,95.94499969482422,95.94499969482422,4286.0
2024-10-25 10:22:00+00:00,SYNA,73.20999908447266,73.20999908447266,73.20999908447266,73.20999908447266,73.20999908447266,149.0
2024-10-25 10:22:00+00:00,SYTA,1.215000033378601,1.215000033378601,1.215000033378601,1.2101999521255493,1.2103999853134155,4500.0
2024-10-25 10:22:00+00:00,TEAM,191.95249938964844,191.95249938964844,192.1300048828125,191.8699951171875,191.8800048828125,4239.0
2024-10-25 10:22:00+00:00,TENB,41.31999969482422,41.31999969482422,41.31999969482422,41.29499816894531,41.29499816894531,629.0
2024-10-25 10:22:00+00:00,TER,112.63600158691406,112.63600158691406,112.63600158691406,112.40499877929688,112.40499877929688,7965.0
2024-10-25 10:22:00+00:00,TLS,3.619999885559082,3.619999885559082,3.619999885559082,3.619999885559082,3.619999885559082,268.0
2024-10-25 10:22:00+00:00,TRMB,61.130001068115234,61.130001068115234,61.130001068115234,61.1150016784668,61.1150016784668,875.0
2024-10-25 10:22:00+00:00,TSEM,45.43000030517578,45.43000030517578,45.459999084472656,45.43000030517578,45.459999084472656,1009.0
2024-10-25 10:22:00+00:00,TTD,120.69999694824219,120.69999694824219,120.81990051269531,120.62000274658203,120.66000366210938,25874.0
2024-10-25 10:22:00+00:00,TTEC,5.420000076293945,5.420000076293945,5.420000076293945,5.420000076293945,5.420000076293945,1022.0
2024-10-25 10:22:00+00:00,TTMI,19.56999969482422,19.56999969482422,19.56999969482422,19.5,19.5,3071.0
2024-10-25 10:22:00+00:00,TWKS,4.454999923706055,4.454999923706055,4.454999923706055,4.454999923706055,4.454999923706055,1837.0
2024-10-25 10:22:00+00:00,TXN,210.32000732421875,210.32000732421875,210.4600067138672,210.30999755859375,210.3300018310547,8473.0
2024-10-25 10:22:00+00:00,UEIC,8.1628999710083,8.1628999710083,8.1628999710083,8.1628999710083,8.1628999710083,3068.0
2024-10-25 10:22:00+00:00,VECO,29.600000381469727,29.600000381469727,29.600000381469727,29.575000762939453,29.575000762939453,2597.0
2024-10-25 10:22:00+00:00,VERI,3.559999942779541,3.559999942779541,3.559999942779541,3.549999952316284,3.549999952316284,2202.0
2024-10-25 10:22:00+00:00,VERX,42.54999923706055,42.54999923706055,42.54999923706055,42.54499816894531,42.54499816894531,601.0
2024-10-25 10:22:00+00:00,VIAV,9.25,9.25,9.25,9.25,9.25,1483.0
2024-10-25 10:22:00+00:00,VICR,47.060001373291016,47.060001373291016,47.060001373291016,47.060001373291016,47.060001373291016,273.0
2024-10-25 10:22:00+00:00,VMEO,4.75,4.75,4.755000114440918,4.75,4.755000114440918,625.0
2024-10-25 10:22:00+00:00,VNET,3.4600000381469727,3.4600000381469727,3.4600000381469727,3.4600000381469727,3.4600000381469727,426.0
2024-10-25 10:22:00+00:00,VRNS,57.189998626708984,57.189998626708984,57.22999954223633,57.18000030517578,57.18000030517578,4243.0
2024-10-25 10:22:00+00:00,VRNT,22.280000686645508,22.280000686645508,22.280000686645508,22.280000686645508,22.280000686645508,245.0
2024-10-25 10:22:00+00:00,VRSN,188.55999755859375,188.55999755859375,188.55999755859375,188.55999755859375,188.55999755859375,888.0
2024-10-25 10:22:00+00:00,VSAT,10.369999885559082,10.369999885559082,10.369999885559082,10.369999885559082,10.369999885559082,1861.0
2024-10-25 10:22:00+00:00,VUZI,1.3188999891281128,1.3188999891281128,1.3188999891281128,1.3188999891281128,1.3188999891281128,422.0
2024-10-25 10:22:00+00:00,VVPR,0.7689999938011169,0.7689999938011169,0.7689999938011169,0.7689999938011169,0.7689999938011169,207.0
2024-10-25 10:22:00+00:00,WDAY,241.86000061035156,241.86000061035156,242.0,241.85000610351562,241.88999938964844,1501.0
2024-10-25 10:22:00+00:00,WDC,72.71499633789062,72.71499633789062,72.75,72.14189910888672,72.19000244140625,86433.0
2024-10-25 10:22:00+00:00,WISA,1.850000023841858,1.850000023841858,1.850000023841858,1.850000023841858,1.850000023841858,333.0
2024-10-25 10:22:00+00:00,XPER,9.420000076293945,9.420000076293945,9.420000076293945,9.40999984741211,9.40999984741211,229.0
2024-10-25 10:22:00+00:00,XRX,10.210000038146973,10.210000038146973,10.210000038146973,10.204999923706055,10.204999923706055,1224.0
2024-10-25 10:22:00+00:00,ZBRA,365.17999267578125,365.17999267578125,365.17999267578125,365.17999267578125,365.17999267578125,2717.0
2024-10-25 10:22:00+00:00,ZI,10.640000343322754,10.640000343322754,10.640000343322754,10.614999771118164,10.614999771118164,6093.0
2024-10-25 10:22:00+00:00,ZM,73.1449966430664,73.1449966430664,73.2249984741211,73.11000061035156,73.19999694824219,8876.0
2024-10-25 10:22:00+00:00,ZS,187.25999450683594,187.25999450683594,187.25999450683594,187.25,187.25,1081.0
2024-10-25 10:23:00+00:00,AAOI,17.790000915527344,17.790000915527344,17.81999969482422,17.790000915527344,17.799999237060547,6727.0
2024-10-25 10:23:00+00:00,AAPL,232.22999572753906,232.22999572753906,232.38999938964844,232.17999267578125,232.24009704589844,77350.0
2024-10-25 10:23:00+00:00,ACLS,91.19499969482422,91.19499969482422,91.19499969482422,91.19499969482422,91.19499969482422,270.0
2024-10-25 10:23:00+00:00,ACMR,19.829999923706055,19.829999923706055,19.84000015258789,19.799999237060547,19.809999465942383,6893.0
2024-10-25 10:23:00+00:00,ADBE,487.6000061035156,487.6000061035156,487.94500732421875,487.6000061035156,487.94000244140625,3217.0
2024-10-25 10:23:00+00:00,ADI,234.75,234.75,234.75,234.6999969482422,234.6999969482422,1812.0
2024-10-25 10:23:00+00:00,ADSK,288.4599914550781,288.4599914550781,288.7149963378906,288.45001220703125,288.45001220703125,6385.0
2024-10-25 10:23:00+00:00,AFRM,42.09000015258789,42.09000015258789,42.119998931884766,42.09000015258789,42.11000061035156,2945.0
2024-10-25 10:23:00+00:00,AKTS,0.05810000002384186,0.05810000002384186,0.05920000001788139,0.05810000002384186,0.05920000001788139,197950.0
2024-10-25 10:23:00+00:00,ALGM,22.75,22.75,22.75,22.7450008392334,22.7450008392334,2029.0
2024-10-25 10:23:00+00:00,ALKT,38.212501525878906,38.212501525878906,38.212501525878906,38.212501525878906,38.212501525878906,721.0
2024-10-25 10:23:00+00:00,ALRM,54.880001068115234,54.880001068115234,54.880001068115234,54.87990188598633,54.87990188598633,441.0
2024-10-25 10:23:00+00:00,AMAT,189.0988006591797,189.0988006591797,189.1999053955078,189.0,189.02000427246094,8690.0
2024-10-25 10:23:00+00:00,AMD,158.33990478515625,158.33990478515625,158.40499877929688,158.2899932861328,158.3800048828125,65998.0
2024-10-25 10:23:00+00:00,ANSS,327.489990234375,327.489990234375,327.489990234375,327.489990234375,327.489990234375,428.0
2024-10-25 10:23:00+00:00,API,2.694999933242798,2.694999933242798,2.694999933242798,2.694999933242798,2.694999933242798,101.0
2024-10-25 10:23:00+00:00,APP,163.22999572753906,163.22999572753906,163.58999633789062,163.14999389648438,163.5,9141.0
2024-10-25 10:23:00+00:00,APPF,226.17999267578125,226.17999267578125,226.75999450683594,226.17999267578125,226.63999938964844,2147.0
2024-10-25 10:23:00+00:00,ARBE,1.9093999862670898,1.9093999862670898,1.9093999862670898,1.9093999862670898,1.9093999862670898,289.0
2024-10-25 10:23:00+00:00,ARRY,6.570000171661377,6.570000171661377,6.570000171661377,6.554999828338623,6.565000057220459,19594.0
2024-10-25 10:23:00+00:00,ASML,722.7100219726562,722.7100219726562,722.97998046875,722.7100219726562,722.72998046875,3239.0
2024-10-25 10:23:00+00:00,AUDC,9.15999984741211,9.15999984741211,9.170000076293945,9.15999984741211,9.170000076293945,421.0
2024-10-25 10:23:00+00:00,AUR,6.505000114440918,6.505000114440918,6.505000114440918,6.5,6.505000114440918,520.0
2024-10-25 10:23:00+00:00,AVDX,8.234999656677246,8.234999656677246,8.234999656677246,8.234999656677246,8.234999656677246,1930.0
2024-10-25 10:23:00+00:00,AVGO,175.55999755859375,175.55999755859375,175.67210388183594,175.5399932861328,175.6300048828125,24288.0
2024-10-25 10:23:00+00:00,BASE,16.549999237060547,16.549999237060547,16.549999237060547,16.549999237060547,16.549999237060547,129.0
2024-10-25 10:23:00+00:00,BIGC,5.364999771118164,5.364999771118164,5.364999771118164,5.364999771118164,5.364999771118164,235.0
2024-10-25 10:23:00+00:00,BL,56.93000030517578,56.93000030517578,56.93000030517578,56.93000030517578,56.93000030517578,531.0
2024-10-25 10:23:00+00:00,BLKB,86.36000061035156,86.36000061035156,86.36000061035156,86.36000061035156,86.36000061035156,356.0
2024-10-25 10:23:00+00:00,BMBL,7.275000095367432,7.275000095367432,7.275000095367432,7.275000095367432,7.275000095367432,479.0
2024-10-25 10:23:00+00:00,BRZE,30.979999542236328,30.979999542236328,30.979999542236328,30.979999542236328,30.979999542236328,623.0
2024-10-25 10:23:00+00:00,CAMT,78.34300231933594,78.34300231933594,78.34300231933594,78.34300231933594,78.34300231933594,200.0
2024-10-25 10:23:00+00:00,CAN,0.9972000122070312,0.9972000122070312,0.9972000122070312,0.9955000281333923,0.9968000054359436,5490.0
2024-10-25 10:23:00+00:00,CCSI,20.40999984741211,20.40999984741211,20.40999984741211,20.40999984741211,20.40999984741211,281.0
2024-10-25 10:23:00+00:00,CDNS,259.93499755859375,259.93499755859375,259.93499755859375,259.92498779296875,259.92999267578125,2353.0
2024-10-25 10:23:00+00:00,CETX,0.29600000381469727,0.29600000381469727,0.29600000381469727,0.29600000381469727,0.29600000381469727,251.0
2024-10-25 10:23:00+00:00,CFLT,22.440000534057617,22.440000534057617,22.450000762939453,22.434999465942383,22.450000762939453,2337.0
2024-10-25 10:23:00+00:00,CGNX,39.275001525878906,39.275001525878906,39.275001525878906,39.275001525878906,39.275001525878906,954.0
2024-10-25 10:23:00+00:00,CHKP,207.75,207.75,207.75,207.57000732421875,207.57000732421875,1925.0
2024-10-25 10:23:00+00:00,CLBT,18.174999237060547,18.174999237060547,18.174999237060547,18.174999237060547,18.174999237060547,3016.0
2024-10-25 10:23:00+00:00,CLFD,36.82500076293945,36.82500076293945,36.82500076293945,36.82500076293945,36.82500076293945,102.0
2024-10-25 10:23:00+00:00,CLSK,12.109000205993652,12.109000205993652,12.135000228881836,12.09000015258789,12.100000381469727,218071.0
2024-10-25 10:23:00+00:00,CMBM,1.2599999904632568,1.2599999904632568,1.2599999904632568,1.25,1.25,963.0
2024-10-25 10:23:00+00:00,CNXC,45.189998626708984,45.189998626708984,45.20000076293945,45.189998626708984,45.20000076293945,615.0
2024-10-25 10:23:00+00:00,COHR,96.76499938964844,96.76499938964844,96.7781982421875,96.75,96.75,840.0
2024-10-25 10:23:00+00:00,COIN,212.6999969482422,212.6999969482422,213.0500030517578,212.6999969482422,213.00999450683594,25015.0
2024-10-25 10:23:00+00:00,COMM,6.494999885559082,6.494999885559082,6.5,6.460000038146973,6.460000038146973,18032.0
2024-10-25 10:23:00+00:00,CORZ,13.579999923706055,13.579999923706055,13.59000015258789,13.579999923706055,13.59000015258789,4803.0
2024-10-25 10:23:00+00:00,CRCT,6.545000076293945,6.545000076293945,6.545000076293945,6.545000076293945,6.545000076293945,494.0
2024-10-25 10:23:00+00:00,CRDO,39.78990173339844,39.78990173339844,39.78990173339844,39.78990173339844,39.78990173339844,329.0
2024-10-25 10:23:00+00:00,CRNC,2.865000009536743,2.865000009536743,2.865000009536743,2.865000009536743,2.865000009536743,235.0
2024-10-25 10:23:00+00:00,CRNT,2.4625000953674316,2.4625000953674316,2.4625000953674316,2.4625000953674316,2.4625000953674316,4576.0
2024-10-25 10:23:00+00:00,CRWD,310.2300109863281,310.2300109863281,310.30999755859375,310.1745910644531,310.17999267578125,3047.0
2024-10-25 10:23:00+00:00,CSCO,56.41999816894531,56.41999816894531,56.459999084472656,56.41999816894531,56.42499923706055,21880.0
2024-10-25 10:23:00+00:00,CSIQ,13.510000228881836,13.510000228881836,13.572400093078613,13.510000228881836,13.572400093078613,12522.0
2024-10-25 10:23:00+00:00,CTSH,75.19000244140625,75.19000244140625,75.2300033569336,75.19000244140625,75.20999908447266,3055.0
2024-10-25 10:23:00+00:00,CVLT,134.47999572753906,134.47999572753906,134.47999572753906,134.47999572753906,134.47999572753906,401.0
2024-10-25 10:23:00+00:00,DAKT,13.354999542236328,13.354999542236328,13.354999542236328,13.354999542236328,13.354999542236328,771.0
2024-10-25 10:23:00+00:00,DAVE,40.029998779296875,40.029998779296875,40.220001220703125,39.560001373291016,39.560001373291016,9400.0
2024-10-25 10:23:00+00:00,DBX,26.09000015258789,26.09000015258789,26.09000015258789,26.09000015258789,26.09000015258789,930.0
2024-10-25 10:23:00+00:00,DDOG,126.99500274658203,126.99500274658203,127.06999969482422,126.98999786376953,127.0199966430664,7034.0
2024-10-25 10:23:00+00:00,DIOD,66.38999938964844,66.38999938964844,66.38999938964844,66.21309661865234,66.21309661865234,803.0
2024-10-25 10:23:00+00:00,DLO,8.845000267028809,8.845000267028809,8.850000381469727,8.845000267028809,8.850000381469727,985.0
2024-10-25 10:23:00+00:00,DOCU,70.26499938964844,70.26499938964844,70.3499984741211,70.25,70.3499984741211,3432.0
2024-10-25 10:23:00+00:00,DUOL,286.45001220703125,286.45001220703125,286.45001220703125,286.0675048828125,286.3800048828125,1178.0
2024-10-25 10:23:00+00:00,DUOT,4.135000228881836,4.135000228881836,4.135000228881836,4.135000228881836,4.135000228881836,107.0
2024-10-25 10:23:00+00:00,EMKR,2.1201000213623047,2.1201000213623047,2.1201000213623047,2.119999885559082,2.119999885559082,2627.0
2024-10-25 10:23:00+00:00,ENPH,82.47000122070312,82.47000122070312,82.55000305175781,82.37470245361328,82.46009826660156,10186.0
2024-10-25 10:23:00+00:00,ENTG,105.05999755859375,105.05999755859375,105.08380126953125,105.01000213623047,105.08380126953125,1122.0
2024-10-25 10:23:00+00:00,ERIC,8.505000114440918,8.505000114440918,8.505000114440918,8.505000114440918,8.505000114440918,1603.0
2024-10-25 10:23:00+00:00,EXFY,1.725000023841858,1.725000023841858,1.725000023841858,1.725000023841858,1.725000023841858,103.0
2024-10-25 10:23:00+00:00,EXTR,14.555000305175781,14.555000305175781,14.555000305175781,14.555000305175781,14.555000305175781,241.0
2024-10-25 10:23:00+00:00,FIVN,30.6200008392334,30.6200008392334,30.645999908447266,30.6200008392334,30.645999908447266,2151.0
2024-10-25 10:23:00+00:00,FLEX,35.59000015258789,35.59000015258789,35.59000015258789,35.58000183105469,35.58000183105469,4758.0
2024-10-25 10:23:00+00:00,FLYW,17.625,17.625,17.639999389648438,17.600000381469727,17.600000381469727,1655.0
2024-10-25 10:23:00+00:00,FORM,45.36000061035156,45.36000061035156,45.36000061035156,45.36000061035156,45.36000061035156,658.0
2024-10-25 10:23:00+00:00,FRSH,11.729999542236328,11.729999542236328,11.729999542236328,11.729999542236328,11.729999542236328,592.0
2024-10-25 10:23:00+00:00,FSLR,200.0399932861328,200.0399932861328,200.3000030517578,199.9499969482422,200.0399932861328,28059.0
2024-10-25 10:23:00+00:00,FTCI,0.7059000134468079,0.7059000134468079,0.7059000134468079,0.699999988079071,0.7020000219345093,39795.0
2024-10-25 10:23:00+00:00,FTNT,81.54000091552734,81.54000091552734,81.54000091552734,81.4800033569336,81.5,8677.0
2024-10-25 10:23:00+00:00,GCT,25.649999618530273,25.649999618530273,25.649999618530273,25.649999618530273,25.649999618530273,477.0
2024-10-25 10:23:00+00:00,GDS,21.78499984741211,21.78499984741211,21.81999969482422,21.78499984741211,21.81999969482422,5273.0
2024-10-25 10:23:00+00:00,GFS,41.16999816894531,41.16999816894531,41.16999816894531,41.150001525878906,41.15999984741211,2949.0
2024-10-25 10:23:00+00:00,GILT,4.929999828338623,4.929999828338623,4.929999828338623,4.929999828338623,4.929999828338623,269.0
2024-10-25 10:23:00+00:00,GNSS,3.875,3.875,3.875,3.875,3.875,200.0
2024-10-25 10:23:00+00:00,GPRO,1.3300000429153442,1.3300000429153442,1.3300000429153442,1.3300000429153442,1.3300000429153442,425.0
2024-10-25 10:23:00+00:00,GRAB,4.090000152587891,4.090000152587891,4.090000152587891,4.080100059509277,4.084000110626221,8010.0
2024-10-25 10:23:00+00:00,GRRR,4.659999847412109,4.659999847412109,4.679900169372559,4.650000095367432,4.659999847412109,1679.0
2024-10-25 10:23:00+00:00,GSIT,3.279900074005127,3.279900074005127,3.2799999713897705,3.279900074005127,3.2799999713897705,1840.0
2024-10-25 10:23:00+00:00,GTLB,56.33000183105469,56.33000183105469,56.36000061035156,56.33000183105469,56.36000061035156,1233.0
2024-10-25 10:23:00+00:00,HCP,33.6349983215332,33.6349983215332,33.6349983215332,33.630001068115234,33.630001068115234,14529.0
2024-10-25 10:23:00+00:00,HOLO,3.7799999713897705,3.7799999713897705,3.7899999618530273,3.7699999809265137,3.7799999713897705,15234.0
2024-10-25 10:23:00+00:00,HOOD,27.434999465942383,27.434999465942383,27.440000534057617,27.43000030517578,27.440000534057617,16168.0
2024-10-25 10:23:00+00:00,HTCR,1.0820000171661377,1.0820000171661377,1.0820000171661377,1.0820000171661377,1.0820000171661377,232.0
2024-10-25 10:23:00+00:00,ICHR,27.719999313354492,27.719999313354492,27.729999542236328,27.719999313354492,27.729999542236328,2325.0
2024-10-25 10:23:00+00:00,IIIV,23.110000610351562,23.110000610351562,23.110000610351562,23.110000610351562,23.110000610351562,515.0
2024-10-25 10:23:00+00:00,IMMR,8.704999923706055,8.704999923706055,8.70989990234375,8.704999923706055,8.70989990234375,3608.0
2024-10-25 10:23:00+00:00,IMXI,17.774999618530273,17.774999618530273,17.774999618530273,17.774999618530273,17.774999618530273,852.0
2024-10-25 10:23:00+00:00,INDI,3.5850000381469727,3.5850000381469727,3.589400053024292,3.569999933242798,3.5799999237060547,7146.0
2024-10-25 10:23:00+00:00,INFN,6.795000076293945,6.795000076293945,6.795000076293945,6.795000076293945,6.795000076293945,474.0
2024-10-25 10:23:00+00:00,INOD,20.22330093383789,20.22330093383789,20.22330093383789,20.219999313354492,20.219999313354492,692.0
2024-10-25 10:23:00+00:00,INTC,23.148399353027344,23.148399353027344,23.149999618530273,23.1200008392334,23.1200008392334,234986.0
2024-10-25 10:23:00+00:00,INTU,614.75,614.75,614.75,614.7100219726562,614.7100219726562,1124.0
2024-10-25 10:23:00+00:00,KC,2.7699999809265137,2.7699999809265137,2.7699999809265137,2.76990008354187,2.76990008354187,2277.0
2024-10-25 10:23:00+00:00,KLAC,679.9099731445312,679.9099731445312,679.9099731445312,679.9099731445312,679.9099731445312,201.0
2024-10-25 10:23:00+00:00,KLTR,1.340000033378601,1.340000033378601,1.340000033378601,1.340000033378601,1.340000033378601,200.0
2024-10-25 10:23:00+00:00,KOPN,0.765999972820282,0.765999972820282,0.7660999894142151,0.765999972820282,0.7660999894142151,4069.0
2024-10-25 10:23:00+00:00,LITE,64.80999755859375,64.80999755859375,64.86000061035156,64.7750015258789,64.77999877929688,5623.0
2024-10-25 10:23:00+00:00,LOGI,80.89959716796875,80.89959716796875,80.89959716796875,80.89959716796875,80.89959716796875,131.0
2024-10-25 10:23:00+00:00,LRCX,79.44999694824219,79.44999694824219,79.45999908447266,79.30999755859375,79.33499908447266,117206.0
2024-10-25 10:23:00+00:00,LSCC,54.84000015258789,54.84000015258789,54.84000015258789,54.790000915527344,54.810001373291016,2190.0
2024-10-25 10:23:00+00:00,LUNA,1.7599999904632568,1.7599999904632568,1.7599999904632568,1.7400000095367432,1.7400000095367432,1100.0
2024-10-25 10:23:00+00:00,LYFT,13.6899995803833,13.6899995803833,13.6899995803833,13.680000305175781,13.680000305175781,10723.0
2024-10-25 10:23:00+00:00,MANH,276.82000732421875,276.82000732421875,276.82000732421875,276.82000732421875,276.82000732421875,1582.0
2024-10-25 10:23:00+00:00,MCHP,77.36000061035156,77.36000061035156,77.39800262451172,77.3499984741211,77.38999938964844,12022.0
2024-10-25 10:23:00+00:00,MDB,268.9599914550781,268.9599914550781,269.2200012207031,268.9599914550781,269.2200012207031,548.0
2024-10-25 10:23:00+00:00,MKSI,101.13999938964844,101.13999938964844,101.13999938964844,101.13999938964844,101.13999938964844,487.0
2024-10-25 10:23:00+00:00,MNDY,301.8500061035156,301.8500061035156,301.8500061035156,301.8500061035156,301.8500061035156,439.0
2024-10-25 10:23:00+00:00,MPWR,918.77001953125,918.77001953125,918.77001953125,918.7349853515625,918.7349853515625,1221.0
2024-10-25 10:23:00+00:00,MQ,5.309999942779541,5.309999942779541,5.315000057220459,5.309999942779541,5.315000057220459,1000.0
2024-10-25 10:23:00+00:00,MRVL,83.18499755859375,83.18499755859375,83.25,83.18499755859375,83.23999786376953,9413.0
2024-10-25 10:23:00+00:00,MSFT,431.5299987792969,431.5299987792969,431.82000732421875,431.5150146484375,431.6549987792969,42201.0
2024-10-25 10:23:00+00:00,MSTR,242.36000061035156,242.36000061035156,242.85000610351562,242.1707000732422,242.3000030517578,45291.0
2024-10-25 10:23:00+00:00,MTLS,6.079999923706055,6.079999923706055,6.099999904632568,6.070000171661377,6.070000171661377,11633.0
2024-10-25 10:23:00+00:00,MTSI,119.47000122070312,119.47000122070312,119.79000091552734,119.46499633789062,119.79000091552734,2314.0
2024-10-25 10:23:00+00:00,MTTR,4.659999847412109,4.659999847412109,4.659999847412109,4.659999847412109,4.659999847412109,385.0
2024-10-25 10:23:00+00:00,MU,109.82929992675781,109.82929992675781,109.87999725341797,109.73999786376953,109.76000213623047,126671.0
2024-10-25 10:23:00+00:00,MVIS,1.1050000190734863,1.1050000190734863,1.1100000143051147,1.1050000190734863,1.1100000143051147,571.0
2024-10-25 10:23:00+00:00,MXL,14.949999809265137,14.949999809265137,14.949999809265137,14.930000305175781,14.930000305175781,612.0
2024-10-25 10:23:00+00:00,NICE,177.51499938964844,177.51499938964844,177.64999389648438,177.51499938964844,177.64999389648438,641.0
2024-10-25 10:23:00+00:00,NNDM,2.3450000286102295,2.3450000286102295,2.3450000286102295,2.3450000286102295,2.3450000286102295,168.0
2024-10-25 10:23:00+00:00,NTAP,120.44000244140625,120.44000244140625,120.44000244140625,120.25499725341797,120.25499725341797,13819.0
2024-10-25 10:23:00+00:00,NTCT,20.600000381469727,20.600000381469727,20.600000381469727,20.600000381469727,20.600000381469727,281.0
2024-10-25 10:23:00+00:00,NTNX,62.709999084472656,62.709999084472656,62.709999084472656,62.709999084472656,62.709999084472656,449.0
2024-10-25 10:23:00+00:00,NVDA,143.35000610351562,143.35000610351562,143.4499969482422,143.32000732421875,143.38890075683594,627372.0
2024-10-25 10:23:00+00:00,NVEI,33.525001525878906,33.525001525878906,33.525001525878906,33.525001525878906,33.525001525878906,200.0
2024-10-25 10:23:00+00:00,NVMI,184.14999389648438,184.14999389648438,184.14999389648438,184.14999389648438,184.14999389648438,544.0
2024-10-25 10:23:00+00:00,NVTS,2.5899999141693115,2.5899999141693115,2.5899999141693115,2.569999933242798,2.569999933242798,27539.0
2024-10-25 10:23:00+00:00,NXPI,244.58999633789062,244.58999633789062,244.6199951171875,244.5177001953125,244.6199951171875,2421.0
2024-10-25 10:23:00+00:00,OKTA,72.91000366210938,72.91000366210938,72.9800033569336,72.91000366210938,72.95500183105469,1361.0
2024-10-25 10:23:00+00:00,OLED,203.69000244140625,203.69000244140625,203.69000244140625,203.69000244140625,203.69000244140625,432.0
2024-10-25 10:23:00+00:00,ON,72.09500122070312,72.09500122070312,72.25990295410156,72.05999755859375,72.25990295410156,52537.0
2024-10-25 10:23:00+00:00,OSIS,136.64999389648438,136.64999389648438,137.1699981689453,136.64999389648438,137.1699981689453,1298.0
2024-10-25 10:23:00+00:00,OTEX,33.650001525878906,33.650001525878906,33.650001525878906,33.650001525878906,33.650001525878906,1725.0
2024-10-25 10:23:00+00:00,PALT,2.011899948120117,2.011899948120117,2.011899948120117,2.011899948120117,2.011899948120117,1972.0
2024-10-25 10:23:00+00:00,PANW,371.739990234375,371.739990234375,371.82000732421875,371.57379150390625,371.70001220703125,1910.0
2024-10-25 10:23:00+00:00,PAYO,8.3149995803833,8.3149995803833,8.3149995803833,8.3149995803833,8.3149995803833,497.0
2024-10-25 10:23:00+00:00,PEGA,80.9749984741211,80.9749984741211,80.9749984741211,80.9749984741211,80.9749984741211,326.0
2024-10-25 10:23:00+00:00,PEGY,4.6255998611450195,4.6255998611450195,4.6255998611450195,4.6255998611450195,4.6255998611450195,335.0
2024-10-25 10:23:00+00:00,PGY,11.908699989318848,11.908699989318848,11.913200378417969,11.908699989318848,11.913200378417969,1176.0
2024-10-25 10:23:00+00:00,PHUN,9.469900131225586,9.469900131225586,9.5600004196167,9.449999809265137,9.545000076293945,75850.0
2024-10-25 10:23:00+00:00,PI,199.92999267578125,199.92999267578125,199.92999267578125,199.6699981689453,199.6699981689453,963.0
2024-10-25 10:23:00+00:00,PLAB,23.719999313354492,23.719999313354492,23.719999313354492,23.719999313354492,23.719999313354492,236.0
2024-10-25 10:23:00+00:00,POET,3.9965999126434326,3.9965999126434326,3.9965999126434326,3.9965999126434326,3.9965999126434326,246.0
2024-10-25 10:23:00+00:00,PRCH,1.375,1.375,1.375,1.3700000047683716,1.3700000047683716,2487.0
2024-10-25 10:23:00+00:00,PUBM,15.180000305175781,15.180000305175781,15.180000305175781,15.170499801635742,15.170499801635742,1253.0
2024-10-25 10:23:00+00:00,QCOM,172.64999389648438,172.64999389648438,172.64999389648438,172.55499267578125,172.56500244140625,10879.0
2024-10-25 10:23:00+00:00,QLYS,121.38999938964844,121.38999938964844,121.38999938964844,121.38999938964844,121.38999938964844,860.0
2024-10-25 10:23:00+00:00,QRVO,100.2699966430664,100.2699966430664,100.2699966430664,100.2699966430664,100.2699966430664,322.0
2024-10-25 10:23:00+00:00,QUBT,1.1396000385284424,1.1396000385284424,1.1396000385284424,1.1349999904632568,1.1349999904632568,14333.0
2024-10-25 10:23:00+00:00,RCAT,2.755000114440918,2.755000114440918,2.755000114440918,2.755000114440918,2.755000114440918,556.0
2024-10-25 10:23:00+00:00,RELY,14.779999732971191,14.779999732971191,14.789999961853027,14.779999732971191,14.789999961853027,2375.0
2024-10-25 10:23:00+00:00,RGTI,1.2699999809265137,1.2699999809265137,1.2789000272750854,1.2699999809265137,1.2789000272750854,3039.0
2024-10-25 10:23:00+00:00,RIOT,10.182000160217285,10.182000160217285,10.210000038146973,10.180000305175781,10.184000015258789,136911.0
2024-10-25 10:23:00+00:00,RMBS,43.06999969482422,43.06999969482422,43.06999969482422,43.04499816894531,43.04499816894531,608.0
2024-10-25 10:23:00+00:00,RMNI,1.7400000095367432,1.7400000095367432,1.7400000095367432,1.7400000095367432,1.7400000095367432,150.0
2024-10-25 10:23:00+00:00,RUM,5.769899845123291,5.769899845123291,5.769999980926514,5.755000114440918,5.760000228881836,11909.0
2024-10-25 10:23:00+00:00,RUN,14.550000190734863,14.550000190734863,14.565999984741211,14.545000076293945,14.5649995803833,11160.0
2024-10-25 10:23:00+00:00,SANM,67.86000061035156,67.86000061035156,67.86000061035156,67.86000061035156,67.86000061035156,180.0
2024-10-25 10:23:00+00:00,SATL,0.9506000280380249,0.9506000280380249,0.9506000280380249,0.9506000280380249,0.9506000280380249,1113.0
2024-10-25 10:23:00+00:00,SATS,25.440000534057617,25.440000534057617,25.440000534057617,25.440000534057617,25.440000534057617,633.0
2024-10-25 10:23:00+00:00,SCKT,1.160099983215332,1.160099983215332,1.160099983215332,1.159999966621399,1.159999966621399,2130.0
2024-10-25 10:23:00+00:00,SCSC,45.654998779296875,45.654998779296875,45.67499923706055,45.654998779296875,45.654998779296875,593.0
2024-10-25 10:23:00+00:00,SEDG,15.824999809265137,15.824999809265137,15.858499526977539,15.8100004196167,15.858499526977539,6248.0
2024-10-25 10:23:00+00:00,SHLS,5.269999980926514,5.269999980926514,5.269999980926514,5.264999866485596,5.269999980926514,1740.0
2024-10-25 10:23:00+00:00,SKYT,10.6899995803833,10.6899995803833,10.699999809265137,10.664999961853027,10.699999809265137,1225.0
2024-10-25 10:23:00+00:00,SLAB,114.80500030517578,114.80500030517578,114.80500030517578,114.80500030517578,114.80500030517578,291.0
2024-10-25 10:23:00+00:00,SMCI,48.0,48.0,48.060001373291016,47.86000061035156,47.950199127197266,215691.0
2024-10-25 10:23:00+00:00,SMTC,45.84000015258789,45.84000015258789,45.84000015258789,45.72999954223633,45.72999954223633,2673.0
2024-10-25 10:23:00+00:00,SNPS,507.7699890136719,507.7699890136719,507.7699890136719,507.4056091308594,507.4056091308594,734.0
2024-10-25 10:23:00+00:00,SONO,12.930000305175781,12.930000305175781,12.930000305175781,12.92549991607666,12.928299903869629,2398.0
2024-10-25 10:23:00+00:00,SOUN,5.275000095367432,5.275000095367432,5.296299934387207,5.270100116729736,5.296299934387207,35448.0
2024-10-25 10:23:00+00:00,SPI,0.43799999356269836,0.43799999356269836,0.43799999356269836,0.43799999356269836,0.43799999356269836,6070.0
2024-10-25 10:23:00+00:00,SPSC,183.5800018310547,183.5800018310547,183.75,183.55499267578125,183.55499267578125,1578.0
2024-10-25 10:23:00+00:00,SSNC,70.0,70.0,70.02999877929688,69.97000122070312,69.98999786376953,3661.0
2024-10-25 10:23:00+00:00,STNE,11.539999961853027,11.539999961853027,11.545000076293945,11.515000343322754,11.53499984741211,17369.0
2024-10-25 10:23:00+00:00,STX,104.57499694824219,104.57499694824219,104.57499694824219,104.38999938964844,104.38999938964844,23598.0
2024-10-25 10:23:00+00:00,SVRE,0.08479999750852585,0.08479999750852585,0.08479999750852585,0.08410000056028366,0.08410000056028366,916.0
2024-10-25 10:23:00+00:00,SWKS,96.04000091552734,96.04000091552734,96.04000091552734,96.02999877929688,96.02999877929688,1494.0
2024-10-25 10:23:00+00:00,SYTA,1.2200000286102295,1.2200000286102295,1.2200000286102295,1.2100000381469727,1.2100000381469727,9797.0
2024-10-25 10:23:00+00:00,TAIT,2.809999942779541,2.809999942779541,2.809999942779541,2.809999942779541,2.809999942779541,0.0
2024-10-25 10:23:00+00:00,TASK,12.005000114440918,12.005000114440918,12.005000114440918,12.005000114440918,12.005000114440918,290.0
2024-10-25 10:23:00+00:00,TEAM,191.8249969482422,191.8249969482422,191.85000610351562,191.8249969482422,191.85000610351562,784.0
2024-10-25 10:23:00+00:00,TENB,41.31999969482422,41.31999969482422,41.31999969482422,41.31999969482422,41.31999969482422,1381.0
2024-10-25 10:23:00+00:00,TER,112.67500305175781,112.67500305175781,112.68499755859375,112.6500015258789,112.68499755859375,2744.0
2024-10-25 10:23:00+00:00,TLS,3.619999885559082,3.619999885559082,3.619999885559082,3.619999885559082,3.619999885559082,801.0
2024-10-25 10:23:00+00:00,TRMB,61.14500045776367,61.14500045776367,61.14500045776367,61.14500045776367,61.14500045776367,680.0
2024-10-25 10:23:00+00:00,TTD,120.62000274658203,120.62000274658203,120.68000030517578,120.62000274658203,120.6500015258789,5880.0
2024-10-25 10:23:00+00:00,TTEC,5.429999828338623,5.429999828338623,5.429999828338623,5.429999828338623,5.429999828338623,540.0
2024-10-25 10:23:00+00:00,TTMI,19.594999313354492,19.594999313354492,19.594999313354492,19.579999923706055,19.579999923706055,561.0
2024-10-25 10:23:00+00:00,TWKS,4.454999923706055,4.454999923706055,4.454999923706055,4.454999923706055,4.454999923706055,723.0
2024-10-25 10:23:00+00:00,TXN,210.34500122070312,210.34500122070312,210.37240600585938,210.2899932861328,210.3000030517578,5139.0
2024-10-25 10:23:00+00:00,UCTT,35.95000076293945,35.95000076293945,35.97999954223633,35.95000076293945,35.97999954223633,1144.0
2024-10-25 10:23:00+00:00,VECO,29.649999618530273,29.649999618530273,29.649999618530273,29.649999618530273,29.649999618530273,105.0
2024-10-25 10:23:00+00:00,VERB,10.150199890136719,10.150199890136719,10.220000267028809,10.150099754333496,10.220000267028809,2617.0
2024-10-25 10:23:00+00:00,VERI,3.5299999713897705,3.5299999713897705,3.559999942779541,3.5299999713897705,3.555000066757202,11472.0
2024-10-25 10:23:00+00:00,VMEO,4.755000114440918,4.755000114440918,4.755000114440918,4.755000114440918,4.755000114440918,134.0
2024-10-25 10:23:00+00:00,VNET,3.4549999237060547,3.4549999237060547,3.4649999141693115,3.4549999237060547,3.4649999141693115,2415.0
2024-10-25 10:23:00+00:00,VRNS,57.209999084472656,57.209999084472656,57.209999084472656,57.209999084472656,57.209999084472656,625.0
2024-10-25 10:23:00+00:00,VRSN,188.67999267578125,188.67999267578125,188.67999267578125,188.67999267578125,188.67999267578125,208.0
2024-10-25 10:23:00+00:00,VSAT,10.380000114440918,10.380000114440918,10.380000114440918,10.380000114440918,10.380000114440918,1661.0
2024-10-25 10:23:00+00:00,VUZI,1.3200000524520874,1.3200000524520874,1.3200000524520874,1.3109999895095825,1.3109999895095825,12886.0
2024-10-25 10:23:00+00:00,WATT,0.6069999933242798,0.6069999933242798,0.6069999933242798,0.6069999933242798,0.6069999933242798,100.0
2024-10-25 10:23:00+00:00,WDAY,241.67999267578125,241.67999267578125,242.02999877929688,241.67999267578125,242.02999877929688,3262.0
2024-10-25 10:23:00+00:00,WDC,72.80000305175781,72.80000305175781,72.89990234375,72.63999938964844,72.68499755859375,117054.0
2024-10-25 10:23:00+00:00,WISA,1.8600000143051147,1.8600000143051147,1.8600000143051147,1.8450000286102295,1.8450000286102295,3532.0
2024-10-25 10:23:00+00:00,XPER,9.420000076293945,9.420000076293945,9.430000305175781,9.420000076293945,9.430000305175781,1395.0
2024-10-25 10:23:00+00:00,XRX,10.21500015258789,10.21500015258789,10.21500015258789,10.21500015258789,10.21500015258789,776.0
2024-10-25 10:23:00+00:00,ZI,10.640000343322754,10.640000343322754,10.640000343322754,10.635000228881836,10.640000343322754,2123.0
2024-10-25 10:23:00+00:00,ZM,73.06999969482422,73.06999969482422,73.13500213623047,73.06999969482422,73.11000061035156,1729.0
2024-10-25 10:23:00+00:00,ZS,187.3300018310547,187.3300018310547,187.3300018310547,187.3300018310547,187.3300018310547,280.0
2024-10-25 10:24:00+00:00,AAOI,17.795000076293945,17.795000076293945,17.795000076293945,17.795000076293945,17.795000076293945,592.0
2024-10-25 10:24:00+00:00,AAPL,232.17999267578125,232.17999267578125,232.25,232.1300048828125,232.22999572753906,54540.0
2024-10-25 10:24:00+00:00,ACLS,91.08999633789062,91.08999633789062,91.08999633789062,91.08999633789062,91.08999633789062,629.0
2024-10-25 10:24:00+00:00,ACMR,19.854999542236328,19.854999542236328,19.854999542236328,19.854999542236328,19.854999542236328,224.0
2024-10-25 10:24:00+00:00,ADBE,487.3299865722656,487.3299865722656,487.3299865722656,487.2699890136719,487.2699890136719,765.0
2024-10-25 10:24:00+00:00,ADI,234.6199951171875,234.6199951171875,234.6199951171875,234.6199951171875,234.6199951171875,1668.0
2024-10-25 10:24:00+00:00,ADSK,288.5899963378906,288.5899963378906,288.5899963378906,288.5899963378906,288.5899963378906,376.0
2024-10-25 10:24:00+00:00,ADTN,6.375,6.375,6.389999866485596,6.375,6.380000114440918,2038.0
2024-10-25 10:24:00+00:00,AEHR,16.459999084472656,16.459999084472656,16.479999542236328,16.459999084472656,16.479999542236328,1574.0
2024-10-25 10:24:00+00:00,AFRM,42.1088981628418,42.1088981628418,42.1088981628418,42.06999969482422,42.095001220703125,4382.0
2024-10-25 10:24:00+00:00,AGYS,113.45800018310547,113.45800018310547,113.45800018310547,113.45800018310547,113.45800018310547,504.0
2024-10-25 10:24:00+00:00,AKAM,103.51000213623047,103.51000213623047,103.5199966430664,103.51000213623047,103.51000213623047,849.0
2024-10-25 10:24:00+00:00,AKTS,0.05860000103712082,0.05860000103712082,0.05860000103712082,0.05860000103712082,0.05860000103712082,0.0
2024-10-25 10:24:00+00:00,ALGM,22.764999389648438,22.764999389648438,22.770000457763672,22.729999542236328,22.729999542236328,4678.0
2024-10-25 10:24:00+00:00,ALRM,54.88999938964844,54.88999938964844,54.88999938964844,54.88999938964844,54.88999938964844,218.0
2024-10-25 10:24:00+00:00,AMAT,188.8800048828125,188.8800048828125,188.9600067138672,188.70150756835938,188.9600067138672,6859.0
2024-10-25 10:24:00+00:00,AMD,158.22999572753906,158.22999572753906,158.30999755859375,158.05999755859375,158.30999755859375,57374.0
2024-10-25 10:24:00+00:00,AMKR,30.010000228881836,30.010000228881836,30.024999618530273,30.010000228881836,30.020000457763672,2643.0
2024-10-25 10:24:00+00:00,AMPL,9.265000343322754,9.265000343322754,9.270000457763672,9.265000343322754,9.270000457763672,706.0
2024-10-25 10:24:00+00:00,AOSL,36.529998779296875,36.529998779296875,36.540000915527344,36.529998779296875,36.540000915527344,1823.0
2024-10-25 10:24:00+00:00,API,2.694999933242798,2.694999933242798,2.700000047683716,2.694999933242798,2.700000047683716,2399.0
2024-10-25 10:24:00+00:00,APP,163.25,163.25,163.25,163.06629943847656,163.11000061035156,6650.0
2024-10-25 10:24:00+00:00,APPF,226.76499938964844,226.76499938964844,226.76499938964844,226.68699645996094,226.68699645996094,2718.0
2024-10-25 10:24:00+00:00,APPS,3.130000114440918,3.130000114440918,3.130000114440918,3.125,3.125,5703.0
2024-10-25 10:24:00+00:00,ARRY,6.579999923706055,6.579999923706055,6.579999923706055,6.559999942779541,6.565499782562256,14344.0
2024-10-25 10:24:00+00:00,ASML,722.3800048828125,722.3800048828125,722.510009765625,721.5549926757812,722.510009765625,5182.0
2024-10-25 10:24:00+00:00,AUDC,9.156200408935547,9.156200408935547,9.156200408935547,9.156200408935547,9.156200408935547,1547.0
2024-10-25 10:24:00+00:00,AUR,6.505000114440918,6.505000114440918,6.509799957275391,6.5,6.505000114440918,5477.0
2024-10-25 10:24:00+00:00,AUUD,0.6439999938011169,0.6439999938011169,0.6439999938011169,0.6284999847412109,0.6362000107765198,4300.0
2024-10-25 10:24:00+00:00,AVDX,8.234999656677246,8.234999656677246,8.239999771118164,8.234999656677246,8.239999771118164,5731.0
2024-10-25 10:24:00+00:00,AVGO,175.55999755859375,175.55999755859375,175.55999755859375,175.30999755859375,175.52999877929688,34522.0
2024-10-25 10:24:00+00:00,AVNW,21.0,21.0,21.030000686645508,21.0,21.020000457763672,1408.0
2024-10-25 10:24:00+00:00,AVPT,12.100000381469727,12.100000381469727,12.100000381469727,12.100000381469727,12.100000381469727,123.0
2024-10-25 10:24:00+00:00,AVT,54.79999923706055,54.79999923706055,54.79999923706055,54.790000915527344,54.790000915527344,1090.0
2024-10-25 10:24:00+00:00,BAND,17.825000762939453,17.825000762939453,17.825000762939453,17.825000762939453,17.825000762939453,124.0
2024-10-25 10:24:00+00:00,BASE,16.489999771118164,16.489999771118164,16.489999771118164,16.489999771118164,16.489999771118164,299.0
2024-10-25 10:24:00+00:00,BCOV,2.244999885559082,2.244999885559082,2.244999885559082,2.244999885559082,2.244999885559082,2000.0
2024-10-25 10:24:00+00:00,BMBL,7.275000095367432,7.275000095367432,7.275000095367432,7.275000095367432,7.275000095367432,1503.0
2024-10-25 10:24:00+00:00,BRZE,30.975000381469727,30.975000381469727,30.975000381469727,30.975000381469727,30.975000381469727,501.0
2024-10-25 10:24:00+00:00,BSY,49.29999923706055,49.29999923706055,49.29999923706055,49.290000915527344,49.290000915527344,736.0
2024-10-25 10:24:00+00:00,CAMT,78.33999633789062,78.33999633789062,78.33999633789062,78.33999633789062,78.33999633789062,12.0
2024-10-25 10:24:00+00:00,CAN,0.9955000281333923,0.9955000281333923,0.9977999925613403,0.9955000281333923,0.9977999925613403,378.0
2024-10-25 10:24:00+00:00,CCSI,20.3799991607666,20.3799991607666,20.415000915527344,20.3799991607666,20.415000915527344,446.0
2024-10-25 10:24:00+00:00,CDNS,259.9700012207031,259.9700012207031,259.9800109863281,259.489990234375,259.69000244140625,8657.0
2024-10-25 10:24:00+00:00,CDW,220.05999755859375,220.05999755859375,220.05999755859375,220.05999755859375,220.05999755859375,1610.0
2024-10-25 10:24:00+00:00,CETX,0.296099990606308,0.296099990606308,0.2971000075340271,0.296099990606308,0.2971000075340271,1693.0
2024-10-25 10:24:00+00:00,CFLT,22.43000030517578,22.43000030517578,22.440000534057617,22.424999237060547,22.440000534057617,2334.0
2024-10-25 10:24:00+00:00,CGNX,39.290000915527344,39.290000915527344,39.290000915527344,39.278499603271484,39.278499603271484,1758.0
2024-10-25 10:24:00+00:00,CHKP,207.97999572753906,207.97999572753906,207.97999572753906,207.85000610351562,207.85000610351562,803.0
2024-10-25 10:24:00+00:00,CLBT,18.190000534057617,18.190000534057617,18.190000534057617,18.190000534057617,18.190000534057617,619.0
2024-10-25 10:24:00+00:00,CLFD,36.82500076293945,36.82500076293945,36.82500076293945,36.82500076293945,36.82500076293945,242.0
2024-10-25 10:24:00+00:00,CLSK,12.134200096130371,12.134200096130371,12.140000343322754,12.100000381469727,12.109999656677246,92761.0
2024-10-25 10:24:00+00:00,CNDT,3.7100000381469727,3.7100000381469727,3.7149999141693115,3.7100000381469727,3.7100000381469727,1667.0
2024-10-25 10:24:00+00:00,CNXC,45.25,45.25,45.25,45.25,45.25,746.0
2024-10-25 10:24:00+00:00,COHR,96.70500183105469,96.70500183105469,96.70500183105469,96.66999816894531,96.69999694824219,2685.0
2024-10-25 10:24:00+00:00,COHU,26.270000457763672,26.270000457763672,26.299999237060547,26.270000457763672,26.299999237060547,884.0
2024-10-25 10:24:00+00:00,COIN,212.58999633789062,212.58999633789062,212.86000061035156,212.44000244140625,212.85499572753906,21102.0
2024-10-25 10:24:00+00:00,COMM,6.499899864196777,6.499899864196777,6.5,6.494999885559082,6.494999885559082,2238.0
2024-10-25 10:24:00+00:00,CORZ,13.577699661254883,13.577699661254883,13.579999923706055,13.569999694824219,13.579999923706055,8545.0
2024-10-25 10:24:00+00:00,CRCT,6.539999961853027,6.539999961853027,6.539999961853027,6.539999961853027,6.539999961853027,627.0
2024-10-25 10:24:00+00:00,CRDO,39.720001220703125,39.720001220703125,39.720001220703125,39.66999816894531,39.720001220703125,2946.0
2024-10-25 10:24:00+00:00,CRSR,6.441199779510498,6.441199779510498,6.441199779510498,6.441199779510498,6.441199779510498,453.0
2024-10-25 10:24:00+00:00,CRWD,309.80999755859375,309.80999755859375,310.1650085449219,309.80999755859375,310.1650085449219,3855.0
2024-10-25 10:24:00+00:00,CSCO,56.4099006652832,56.4099006652832,56.40999984741211,56.3849983215332,56.40999984741211,11694.0
2024-10-25 10:24:00+00:00,CSIQ,13.479999542236328,13.479999542236328,13.520000457763672,13.454999923706055,13.510000228881836,18265.0
2024-10-25 10:24:00+00:00,CTLP,9.071000099182129,9.071000099182129,9.071000099182129,9.071000099182129,9.071000099182129,329.0
2024-10-25 10:24:00+00:00,CTSH,75.19999694824219,75.19999694824219,75.20999908447266,75.19999694824219,75.19999694824219,1696.0
2024-10-25 10:24:00+00:00,DAKT,13.359999656677246,13.359999656677246,13.390000343322754,13.34000015258789,13.390000343322754,1025.0
2024-10-25 10:24:00+00:00,DATS,1.6500999927520752,1.6500999927520752,1.6500999927520752,1.649999976158142,1.649999976158142,1646.0
2024-10-25 10:24:00+00:00,DBX,26.100000381469727,26.100000381469727,26.100000381469727,26.099000930786133,26.100000381469727,5105.0
2024-10-25 10:24:00+00:00,DDOG,127.05500030517578,127.05500030517578,127.05500030517578,126.99500274658203,127.0,6702.0
2024-10-25 10:24:00+00:00,DOCU,70.2301025390625,70.2301025390625,70.28500366210938,70.2301025390625,70.28500366210938,1918.0
2024-10-25 10:24:00+00:00,DOMO,8.029999732971191,8.029999732971191,8.029999732971191,8.029999732971191,8.029999732971191,217.0
2024-10-25 10:24:00+00:00,EEFT,102.06999969482422,102.06999969482422,102.06999969482422,101.91000366210938,101.91000366210938,1442.0
2024-10-25 10:24:00+00:00,ENPH,82.28730010986328,82.28730010986328,82.48999786376953,82.23999786376953,82.4739990234375,19538.0
2024-10-25 10:24:00+00:00,ENTG,104.98999786376953,104.98999786376953,105.02999877929688,104.98999786376953,105.02999877929688,1797.0
2024-10-25 10:24:00+00:00,ERIC,8.505000114440918,8.505000114440918,8.505000114440918,8.505000114440918,8.505000114440918,3145.0
2024-10-25 10:24:00+00:00,EXFY,1.725000023841858,1.725000023841858,1.725000023841858,1.725000023841858,1.725000023841858,200.0
2024-10-25 10:24:00+00:00,EXLS,39.189998626708984,39.189998626708984,39.189998626708984,39.189998626708984,39.189998626708984,544.0
2024-10-25 10:24:00+00:00,EXTR,14.555000305175781,14.555000305175781,14.555000305175781,14.555000305175781,14.555000305175781,2873.0
2024-10-25 10:24:00+00:00,FLEX,35.584999084472656,35.584999084472656,35.584999084472656,35.560001373291016,35.560001373291016,2197.0
2024-10-25 10:24:00+00:00,FLYW,17.6299991607666,17.6299991607666,17.6299991607666,17.6299991607666,17.6299991607666,200.0
2024-10-25 10:24:00+00:00,FROG,29.550899505615234,29.550899505615234,29.56999969482422,29.550899505615234,29.56999969482422,6036.0
2024-10-25 10:24:00+00:00,FRSH,11.729999542236328,11.729999542236328,11.739999771118164,11.729999542236328,11.729999542236328,2444.0
2024-10-25 10:24:00+00:00,FSLR,200.3699951171875,200.3699951171875,200.3699951171875,199.93649291992188,200.14999389648438,13880.0
2024-10-25 10:24:00+00:00,FTNT,81.44999694824219,81.44999694824219,81.51000213623047,81.44999694824219,81.48999786376953,2398.0
2024-10-25 10:24:00+00:00,GCT,25.709999084472656,25.709999084472656,25.709999084472656,25.655000686645508,25.655000686645508,1519.0
2024-10-25 10:24:00+00:00,GDS,21.719999313354492,21.719999313354492,21.719999313354492,21.690000534057617,21.690000534057617,855.0
2024-10-25 10:24:00+00:00,GFS,41.13999938964844,41.13999938964844,41.15999984741211,41.13999938964844,41.150001525878906,1638.0
2024-10-25 10:24:00+00:00,GPRO,1.3300000429153442,1.3300000429153442,1.3300000429153442,1.3250000476837158,1.3300000429153442,843.0
2024-10-25 10:24:00+00:00,GRAB,4.089000225067139,4.089000225067139,4.090000152587891,4.083899974822998,4.083899974822998,13559.0
2024-10-25 10:24:00+00:00,GRRR,4.659999847412109,4.659999847412109,4.677700042724609,4.659999847412109,4.659999847412109,2872.0
2024-10-25 10:24:00+00:00,GSIT,3.319999933242798,3.319999933242798,3.319999933242798,3.309999942779541,3.309999942779541,704.0
2024-10-25 10:24:00+00:00,GTLB,56.20000076293945,56.20000076293945,56.25,56.20000076293945,56.25,3416.0
2024-10-25 10:24:00+00:00,HCP,33.6349983215332,33.6349983215332,33.6349983215332,33.625,33.630001068115234,25750.0
2024-10-25 10:24:00+00:00,HIMX,6.195000171661377,6.195000171661377,6.199999809265137,6.195000171661377,6.199999809265137,1555.0
2024-10-25 10:24:00+00:00,HLIT,14.789999961853027,14.789999961853027,14.800000190734863,14.789999961853027,14.800000190734863,1959.0
2024-10-25 10:24:00+00:00,HOLO,3.7750000953674316,3.7750000953674316,3.7750000953674316,3.7699999809265137,3.7750000953674316,2775.0
2024-10-25 10:24:00+00:00,HOLOW,0.03799999877810478,0.03799999877810478,0.03799999877810478,0.03799999877810478,0.03799999877810478,200.0
2024-10-25 10:24:00+00:00,HOOD,27.438400268554688,27.438400268554688,27.438400268554688,27.424999237060547,27.434999465942383,10501.0
2024-10-25 10:24:00+00:00,IMMR,8.720100402832031,8.720100402832031,8.720100402832031,8.704999923706055,8.704999923706055,7087.0
2024-10-25 10:24:00+00:00,INDI,3.5899999141693115,3.5899999141693115,3.5899999141693115,3.581199884414673,3.585400104522705,1220.0
2024-10-25 10:24:00+00:00,INOD,20.21500015258789,20.21500015258789,20.270000457763672,20.152299880981445,20.270000457763672,3775.0
2024-10-25 10:24:00+00:00,INTC,23.18000030517578,23.18000030517578,23.190000534057617,23.110000610351562,23.145000457763672,289739.0
2024-10-25 10:24:00+00:00,INTU,614.719970703125,614.719970703125,614.719970703125,614.719970703125,614.719970703125,2521.0
2024-10-25 10:24:00+00:00,IPGP,76.9800033569336,76.9800033569336,76.9800033569336,76.91999816894531,76.91999816894531,1215.0
2024-10-25 10:24:00+00:00,ITRI,103.69000244140625,103.69000244140625,103.80000305175781,103.69000244140625,103.80000305175781,1213.0
2024-10-25 10:24:00+00:00,JAMF,16.899999618530273,16.899999618530273,16.899999618530273,16.891199111938477,16.891199111938477,721.0
2024-10-25 10:24:00+00:00,JG,7.625999927520752,7.625999927520752,7.625999927520752,7.625999927520752,7.625999927520752,255.0
2024-10-25 10:24:00+00:00,KC,2.765000104904175,2.765000104904175,2.7699999809265137,2.759999990463257,2.765000104904175,8684.0
2024-10-25 10:24:00+00:00,KLAC,680.3200073242188,680.3200073242188,680.3200073242188,680.3200073242188,680.3200073242188,1523.0
2024-10-25 10:24:00+00:00,KLIC,44.630001068115234,44.630001068115234,44.630001068115234,44.58000183105469,44.59000015258789,1058.0
2024-10-25 10:24:00+00:00,LASR,10.5600004196167,10.5600004196167,10.5600004196167,10.5600004196167,10.5600004196167,130.0
2024-10-25 10:24:00+00:00,LITE,64.7699966430664,64.7699966430664,64.7699966430664,64.73999786376953,64.73999786376953,1366.0
2024-10-25 10:24:00+00:00,LOGI,80.91000366210938,80.91000366210938,80.91000366210938,80.875,80.875,1008.0
2024-10-25 10:24:00+00:00,LPSN,1.2105000019073486,1.2105000019073486,1.2105000019073486,1.2105000019073486,1.2105000019073486,3605.0
2024-10-25 10:24:00+00:00,LRCX,79.47000122070312,79.47000122070312,79.4800033569336,79.24150085449219,79.41999816894531,79392.0
2024-10-25 10:24:00+00:00,LSCC,54.904998779296875,54.904998779296875,54.904998779296875,54.77000045776367,54.779998779296875,3832.0
2024-10-25 10:24:00+00:00,LTRX,4.03000020980835,4.03000020980835,4.03000020980835,4.03000020980835,4.03000020980835,259.0
2024-10-25 10:24:00+00:00,LYFT,13.6899995803833,13.6899995803833,13.6899995803833,13.679900169372559,13.6899995803833,31511.0
2024-10-25 10:24:00+00:00,MAXN,5.640900135040283,5.640900135040283,5.674600124359131,5.639999866485596,5.674600124359131,5342.0
2024-10-25 10:24:00+00:00,MCHP,77.3499984741211,77.3499984741211,77.37000274658203,77.30999755859375,77.3499984741211,14006.0
2024-10-25 10:24:00+00:00,MDB,268.5249938964844,268.5249938964844,268.92999267578125,268.5249938964844,268.92999267578125,1021.0
2024-10-25 10:24:00+00:00,MKSI,101.04029846191406,101.04029846191406,101.04029846191406,101.04000091552734,101.04000091552734,971.0
2024-10-25 10:24:00+00:00,MKTW,0.5950999855995178,0.5950999855995178,0.5950999855995178,0.5929999947547913,0.5929999947547913,2300.0
2024-10-25 10:24:00+00:00,MNDY,301.2300109863281,301.2300109863281,301.30999755859375,301.2300109863281,301.30999755859375,896.0
2024-10-25 10:24:00+00:00,MPWR,918.1099853515625,918.1099853515625,918.1099853515625,918.1099853515625,918.1099853515625,323.0
2024-10-25 10:24:00+00:00,MQ,5.315000057220459,5.315000057220459,5.320000171661377,5.315000057220459,5.320000171661377,564.0
2024-10-25 10:24:00+00:00,MRVL,83.13009643554688,83.13009643554688,83.1666030883789,83.08989715576172,83.1666030883789,15298.0
2024-10-25 10:24:00+00:00,MSFT,431.3299865722656,431.3299865722656,431.5400085449219,431.1199951171875,431.5400085449219,26619.0
2024-10-25 10:24:00+00:00,MSTR,243.12600708007812,243.12600708007812,243.36990356445312,242.41000366210938,242.41000366210938,72163.0
2024-10-25 10:24:00+00:00,MTLS,6.034999847412109,6.034999847412109,6.079999923706055,5.989999771118164,6.079999923706055,16995.0
2024-10-25 10:24:00+00:00,MTSI,119.18499755859375,119.18499755859375,119.18499755859375,119.18499755859375,119.18499755859375,443.0
2024-10-25 10:24:00+00:00,MTTR,4.664999961853027,4.664999961853027,4.664999961853027,4.664999961853027,4.664999961853027,542.0
2024-10-25 10:24:00+00:00,MU,109.86990356445312,109.86990356445312,109.86990356445312,109.69000244140625,109.82489776611328,25042.0
2024-10-25 10:24:00+00:00,MVIS,1.1100000143051147,1.1100000143051147,1.1150000095367432,1.1050000190734863,1.1098999977111816,20216.0
2024-10-25 10:24:00+00:00,MXL,14.920000076293945,14.920000076293945,14.949999809265137,14.920000076293945,14.949999809265137,2017.0
2024-10-25 10:24:00+00:00,NCNO,38.369998931884766,38.369998931884766,38.369998931884766,38.349998474121094,38.349998474121094,898.0
2024-10-25 10:24:00+00:00,NNDM,2.3454999923706055,2.3454999923706055,2.3454999923706055,2.3450000286102295,2.3450000286102295,576.0
2024-10-25 10:24:00+00:00,NTAP,120.6675033569336,120.6675033569336,120.69000244140625,120.43000030517578,120.44000244140625,12302.0
2024-10-25 10:24:00+00:00,NTCT,20.594999313354492,20.594999313354492,20.594999313354492,20.594999313354492,20.594999313354492,461.0
2024-10-25 10:24:00+00:00,NTNX,62.689998626708984,62.689998626708984,62.709999084472656,62.689998626708984,62.709999084472656,2345.0
2024-10-25 10:24:00+00:00,NVDA,143.30499267578125,143.30499267578125,143.34759521484375,143.07000732421875,143.3424072265625,758429.0
2024-10-25 10:24:00+00:00,NVEI,33.525001525878906,33.525001525878906,33.525001525878906,33.525001525878906,33.525001525878906,721.0
2024-10-25 10:24:00+00:00,NVTS,2.575000047683716,2.575000047683716,2.5850000381469727,2.569999933242798,2.5850000381469727,68658.0
2024-10-25 10:24:00+00:00,NXPI,244.5,244.5,244.52000427246094,244.25750732421875,244.52000427246094,6409.0
2024-10-25 10:24:00+00:00,OBLG,3.740000009536743,3.740000009536743,3.740000009536743,3.7200000286102295,3.740000009536743,4396.0
2024-10-25 10:24:00+00:00,OKTA,72.9000015258789,72.9000015258789,72.93000030517578,72.9000015258789,72.93000030517578,892.0
2024-10-25 10:24:00+00:00,OLED,203.7100067138672,203.7100067138672,203.7100067138672,203.7100067138672,203.7100067138672,2505.0
2024-10-25 10:24:00+00:00,ON,72.25499725341797,72.25499725341797,72.26000213623047,71.98999786376953,72.0999984741211,43714.0
2024-10-25 10:24:00+00:00,OSIS,137.3699951171875,137.3699951171875,137.3699951171875,136.55999755859375,136.55999755859375,3511.0
2024-10-25 10:24:00+00:00,PALT,2.0,2.0,2.009999990463257,2.0,2.009999990463257,244.0
2024-10-25 10:24:00+00:00,PANW,371.5899963378906,371.5899963378906,371.69500732421875,371.4700012207031,371.69500732421875,4990.0
2024-10-25 10:24:00+00:00,PAYO,8.3100004196167,8.3100004196167,8.3100004196167,8.3100004196167,8.3100004196167,394.0
2024-10-25 10:24:00+00:00,PEGA,80.9749984741211,80.9749984741211,80.9749984741211,80.9749984741211,80.9749984741211,809.0
2024-10-25 10:24:00+00:00,PEGY,4.630000114440918,4.630000114440918,4.630000114440918,4.6265997886657715,4.6265997886657715,549.0
2024-10-25 10:24:00+00:00,PGY,11.90999984741211,11.90999984741211,11.930000305175781,11.90999984741211,11.914999961853027,628.0
2024-10-25 10:24:00+00:00,PHUN,9.529999732971191,9.529999732971191,9.539999961853027,9.449999809265137,9.46500015258789,53053.0
2024-10-25 10:24:00+00:00,PI,199.88499450683594,199.88499450683594,199.88499450683594,199.64500427246094,199.64500427246094,564.0
2024-10-25 10:24:00+00:00,PLXS,144.31500244140625,144.31500244140625,144.31500244140625,144.31500244140625,144.31500244140625,583.0
2024-10-25 10:24:00+00:00,POET,3.9999001026153564,3.9999001026153564,3.9999001026153564,3.9999001026153564,3.9999001026153564,1238.0
2024-10-25 10:24:00+00:00,POWI,63.290000915527344,63.290000915527344,63.310001373291016,63.290000915527344,63.310001373291016,1164.0
2024-10-25 10:24:00+00:00,PRCH,1.375,1.375,1.375,1.375,1.375,325.0
2024-10-25 10:24:00+00:00,PRTH,5.369999885559082,5.369999885559082,5.369999885559082,5.369999885559082,5.369999885559082,428.0
2024-10-25 10:24:00+00:00,QCOM,172.71499633789062,172.71499633789062,172.71499633789062,172.44000244140625,172.5800018310547,17784.0
2024-10-25 10:24:00+00:00,QLYS,121.38999938964844,121.38999938964844,121.38999938964844,121.38999938964844,121.38999938964844,254.0
2024-10-25 10:24:00+00:00,QRVO,100.4000015258789,100.4000015258789,100.4000015258789,100.22000122070312,100.30500030517578,3982.0
2024-10-25 10:24:00+00:00,QUBT,1.1396000385284424,1.1396000385284424,1.1396000385284424,1.1396000385284424,1.1396000385284424,8000.0
2024-10-25 10:24:00+00:00,RCAT,2.759999990463257,2.759999990463257,2.759999990463257,2.755000114440918,2.755000114440918,3007.0
2024-10-25 10:24:00+00:00,REKR,1.0950000286102295,1.0950000286102295,1.0950000286102295,1.0950000286102295,1.0950000286102295,145.0
2024-10-25 10:24:00+00:00,RELY,14.819999694824219,14.819999694824219,14.819999694824219,14.789999961853027,14.789999961853027,1820.0
2024-10-25 10:24:00+00:00,RGTI,1.2699999809265137,1.2699999809265137,1.2734999656677246,1.2699999809265137,1.2704999446868896,9311.0
2024-10-25 10:24:00+00:00,RIOT,10.194999694824219,10.194999694824219,10.199999809265137,10.180000305175781,10.1899995803833,40056.0
2024-10-25 10:24:00+00:00,RMBS,42.9900016784668,42.9900016784668,43.02000045776367,42.9900016784668,43.02000045776367,1289.0
2024-10-25 10:24:00+00:00,RPAY,7.664999961853027,7.664999961853027,7.664999961853027,7.664999961853027,7.664999961853027,661.0
2024-10-25 10:24:00+00:00,RUM,5.775000095367432,5.775000095367432,5.7758002281188965,5.754000186920166,5.760000228881836,55674.0
2024-10-25 10:24:00+00:00,RUN,14.515000343322754,14.515000343322754,14.555800437927246,14.5,14.555000305175781,26684.0
2024-10-25 10:24:00+00:00,SATS,25.434999465942383,25.434999465942383,25.434999465942383,25.399999618530273,25.434999465942383,1368.0
2024-10-25 10:24:00+00:00,SCKT,1.1299999952316284,1.1299999952316284,1.159999966621399,1.1299999952316284,1.159999966621399,3324.0
2024-10-25 10:24:00+00:00,SCSC,45.64500045776367,45.64500045776367,45.64500045776367,45.64500045776367,45.64500045776367,230.0
2024-10-25 10:24:00+00:00,SEDG,15.869999885559082,15.869999885559082,15.880000114440918,15.824999809265137,15.824999809265137,6135.0
2024-10-25 10:24:00+00:00,SGMA,2.9000000953674316,2.9000000953674316,2.9000000953674316,2.9000000953674316,2.9000000953674316,301.0
2024-10-25 10:24:00+00:00,SHLS,5.260000228881836,5.260000228881836,5.265100002288818,5.260000228881836,5.264999866485596,17196.0
2024-10-25 10:24:00+00:00,SITM,184.74000549316406,184.74000549316406,184.74000549316406,184.74000549316406,184.74000549316406,1295.0
2024-10-25 10:24:00+00:00,SKYT,10.703300476074219,10.703300476074219,10.703300476074219,10.703300476074219,10.703300476074219,2338.0
2024-10-25 10:24:00+00:00,SLAB,114.75,114.75,114.76000213623047,114.66000366210938,114.66000366210938,986.0
2024-10-25 10:24:00+00:00,SLNHP,12.550000190734863,12.550000190734863,12.550000190734863,12.550000190734863,12.550000190734863,411.0
2024-10-25 10:24:00+00:00,SMCI,48.06999969482422,48.06999969482422,48.11000061035156,47.970001220703125,48.0099983215332,310554.0
2024-10-25 10:24:00+00:00,SMTC,45.959999084472656,45.959999084472656,45.959999084472656,45.810001373291016,45.810001373291016,3108.0
2024-10-25 10:24:00+00:00,SNPS,507.6099853515625,507.6099853515625,507.6099853515625,507.04010009765625,507.4750061035156,3942.0
2024-10-25 10:24:00+00:00,SONO,12.9399995803833,12.9399995803833,12.9399995803833,12.9399995803833,12.9399995803833,298.0
2024-10-25 10:24:00+00:00,SOUN,5.278500080108643,5.278500080108643,5.28000020980835,5.269999980926514,5.275199890136719,64244.0
2024-10-25 10:24:00+00:00,SPSC,183.58999633789062,183.58999633789062,183.67999267578125,183.58999633789062,183.67999267578125,1645.0
2024-10-25 10:24:00+00:00,SPT,27.625900268554688,27.625900268554688,27.625900268554688,27.625900268554688,27.625900268554688,749.0
2024-10-25 10:24:00+00:00,SSNC,69.9800033569336,69.9800033569336,70.0199966430664,69.9800033569336,70.0,7519.0
2024-10-25 10:24:00+00:00,SSYS,7.150000095367432,7.150000095367432,7.150000095367432,7.150000095367432,7.150000095367432,317.0
2024-10-25 10:24:00+00:00,STER,16.809999465942383,16.809999465942383,16.809999465942383,16.809999465942383,16.809999465942383,136.0
2024-10-25 10:24:00+00:00,STNE,11.53849983215332,11.53849983215332,11.550000190734863,11.529999732971191,11.543999671936035,27450.0
2024-10-25 10:24:00+00:00,STX,104.62000274658203,104.62000274658203,104.68000030517578,104.55999755859375,104.5824966430664,16290.0
2024-10-25 10:24:00+00:00,SWKS,96.01000213623047,96.01000213623047,96.01000213623047,95.94999694824219,95.97000122070312,1544.0
2024-10-25 10:24:00+00:00,SYNA,73.16500091552734,73.16500091552734,73.16500091552734,73.16500091552734,73.16500091552734,755.0
2024-10-25 10:24:00+00:00,SYTA,1.23989999294281,1.23989999294281,1.23989999294281,1.2300000190734863,1.2300000190734863,9996.0
2024-10-25 10:24:00+00:00,TEAM,191.83999633789062,191.83999633789062,191.83999633789062,191.67999267578125,191.67999267578125,1816.0
2024-10-25 10:24:00+00:00,TER,112.72000122070312,112.72000122070312,112.72000122070312,112.56639862060547,112.63999938964844,11244.0
2024-10-25 10:24:00+00:00,TLS,3.634999990463257,3.634999990463257,3.634999990463257,3.634999990463257,3.634999990463257,400.0
2024-10-25 10:24:00+00:00,TRMB,61.15999984741211,61.15999984741211,61.15999984741211,61.15999984741211,61.15999984741211,1103.0
2024-10-25 10:24:00+00:00,TSEM,45.45500183105469,45.45500183105469,45.45500183105469,45.380001068115234,45.45000076293945,1941.0
2024-10-25 10:24:00+00:00,TTD,120.61000061035156,120.61000061035156,120.62999725341797,120.52999877929688,120.56999969482422,11916.0
2024-10-25 10:24:00+00:00,TTEC,5.434999942779541,5.434999942779541,5.434999942779541,5.434999942779541,5.434999942779541,232.0
2024-10-25 10:24:00+00:00,TTMI,19.6200008392334,19.6200008392334,19.6200008392334,19.6200008392334,19.6200008392334,229.0
2024-10-25 10:24:00+00:00,TWKS,4.454999923706055,4.454999923706055,4.454999923706055,4.449999809265137,4.449999809265137,12838.0
2024-10-25 10:24:00+00:00,TXN,210.39999389648438,210.39999389648438,210.39999389648438,210.22000122070312,210.32000732421875,13722.0
2024-10-25 10:24:00+00:00,UCTT,35.900001525878906,35.900001525878906,35.90999984741211,35.900001525878906,35.90999984741211,442.0
2024-10-25 10:24:00+00:00,VECO,29.610000610351562,29.610000610351562,29.625,29.610000610351562,29.6200008392334,1343.0
2024-10-25 10:24:00+00:00,VERI,3.539900064468384,3.539900064468384,3.539900064468384,3.539900064468384,3.539900064468384,6635.0
2024-10-25 10:24:00+00:00,VERX,42.55500030517578,42.55500030517578,42.55500030517578,42.55500030517578,42.55500030517578,410.0
2024-10-25 10:24:00+00:00,VICR,47.05500030517578,47.05500030517578,47.05500030517578,47.05500030517578,47.05500030517578,615.0
2024-10-25 10:24:00+00:00,VMEO,4.760000228881836,4.760000228881836,4.760000228881836,4.760000228881836,4.760000228881836,221.0
2024-10-25 10:24:00+00:00,VNET,3.4600000381469727,3.4600000381469727,3.4600000381469727,3.4549999237060547,3.4549999237060547,629.0
2024-10-25 10:24:00+00:00,VRNS,57.20000076293945,57.20000076293945,57.20000076293945,57.165000915527344,57.165000915527344,1992.0
2024-10-25 10:24:00+00:00,VRNT,22.290000915527344,22.290000915527344,22.290000915527344,22.270000457763672,22.270000457763672,1088.0
2024-10-25 10:24:00+00:00,VRSN,188.2899932861328,188.2899932861328,188.5,188.24000549316406,188.5,2880.0
2024-10-25 10:24:00+00:00,VS,2.609999895095825,2.609999895095825,2.609999895095825,2.609999895095825,2.609999895095825,918.0
2024-10-25 10:24:00+00:00,VSAT,10.379899978637695,10.379899978637695,10.379899978637695,10.369999885559082,10.369999885559082,813.0
2024-10-25 10:24:00+00:00,VUZI,1.309999942779541,1.309999942779541,1.315000057220459,1.309999942779541,1.315000057220459,4221.0
2024-10-25 10:24:00+00:00,WATT,0.5985999703407288,0.5985999703407288,0.5985999703407288,0.5985999703407288,0.5985999703407288,525.0
2024-10-25 10:24:00+00:00,WDAY,241.30999755859375,241.30999755859375,241.87989807128906,241.30999755859375,241.6699981689453,3342.0
2024-10-25 10:24:00+00:00,WDC,72.82499694824219,72.82499694824219,72.88999938964844,72.73999786376953,72.8042984008789,124846.0
2024-10-25 10:24:00+00:00,WISA,1.8300000429153442,1.8300000429153442,1.8600000143051147,1.8300000429153442,1.8550000190734863,7478.0
2024-10-25 10:24:00+00:00,WRAP,1.850000023841858,1.850000023841858,1.8801000118255615,1.850000023841858,1.8801000118255615,5611.0
2024-10-25 10:24:00+00:00,XRX,10.220000267028809,10.220000267028809,10.220000267028809,10.21560001373291,10.220000267028809,1879.0
2024-10-25 10:24:00+00:00,ZBRA,364.95001220703125,364.95001220703125,364.9549865722656,364.95001220703125,364.9549865722656,346.0
2024-10-25 10:24:00+00:00,ZI,10.635000228881836,10.635000228881836,10.635000228881836,10.635000228881836,10.635000228881836,2535.0
2024-10-25 10:24:00+00:00,ZM,73.11499786376953,73.11499786376953,73.12000274658203,73.10549926757812,73.11000061035156,2868.0
2024-10-25 10:24:00+00:00,ZS,186.99000549316406,186.99000549316406,187.10000610351562,186.94000244140625,187.10000610351562,2179.0
2024-10-25 10:25:00+00:00,AAOI,18.002500534057617,18.002500534057617,18.002500534057617,17.809999465942383,17.809999465942383,29993.0
2024-10-25 10:25:00+00:00,AAPL,232.13999938964844,232.13999938964844,232.1999969482422,232.0731964111328,232.13999938964844,51823.0
2024-10-25 10:25:00+00:00,ACIW,49.439998626708984,49.439998626708984,49.45000076293945,49.400001525878906,49.45000076293945,1382.0
2024-10-25 10:25:00+00:00,ACLS,91.01000213623047,91.01000213623047,91.01000213623047,91.01000213623047,91.01000213623047,362.0
2024-10-25 10:25:00+00:00,ACMR,19.878599166870117,19.878599166870117,19.899999618530273,19.878599166870117,19.899999618530273,5551.0
2024-10-25 10:25:00+00:00,ADBE,487.125,487.125,487.3999938964844,487.125,487.3399963378906,2377.0
2024-10-25 10:25:00+00:00,ADI,234.47000122070312,234.47000122070312,234.69000244140625,234.4600067138672,234.69000244140625,1828.0
2024-10-25 10:25:00+00:00,ADTN,6.389999866485596,6.389999866485596,6.389999866485596,6.385000228881836,6.388000011444092,888.0
2024-10-25 10:25:00+00:00,AEHR,16.510000228881836,16.510000228881836,16.510000228881836,16.459999084472656,16.459999084472656,5297.0
2024-10-25 10:25:00+00:00,AFRM,42.119998931884766,42.119998931884766,42.119998931884766,42.10749816894531,42.11000061035156,2027.0
2024-10-25 10:25:00+00:00,AKTS,0.05920000001788139,0.05920000001788139,0.05920000001788139,0.05869999900460243,0.05869999900460243,1948.0
2024-10-25 10:25:00+00:00,ALGM,22.774999618530273,22.774999618530273,22.780000686645508,22.770000457763672,22.780000686645508,2573.0
2024-10-25 10:25:00+00:00,ALRM,54.900001525878906,54.900001525878906,54.90999984741211,54.85499954223633,54.90999984741211,314.0
2024-10-25 10:25:00+00:00,ALTR,106.0999984741211,106.0999984741211,106.2300033569336,106.0999984741211,106.2300033569336,3007.0
2024-10-25 10:25:00+00:00,AMAT,188.85769653320312,188.85769653320312,188.97000122070312,188.75,188.97000122070312,1869.0
2024-10-25 10:25:00+00:00,AMD,158.19970703125,158.19970703125,158.35000610351562,158.125,158.2259979248047,46378.0
2024-10-25 10:25:00+00:00,AMKR,30.045000076293945,30.045000076293945,30.045000076293945,30.045000076293945,30.045000076293945,207.0
2024-10-25 10:25:00+00:00,AMPG,1.0299999713897705,1.0299999713897705,1.0399999618530273,1.0299999713897705,1.0399999618530273,1598.0
2024-10-25 10:25:00+00:00,ANSS,327.3450012207031,327.3450012207031,327.3450012207031,327.3450012207031,327.3450012207031,2788.0
2024-10-25 10:25:00+00:00,API,2.694999933242798,2.694999933242798,2.7049999237060547,2.694999933242798,2.700000047683716,6204.0
2024-10-25 10:25:00+00:00,APP,163.16079711914062,163.16079711914062,163.3343048095703,163.14999389648438,163.28500366210938,4129.0
2024-10-25 10:25:00+00:00,APPN,32.439998626708984,32.439998626708984,32.439998626708984,32.439998626708984,32.439998626708984,446.0
2024-10-25 10:25:00+00:00,APPS,3.140000104904175,3.140000104904175,3.140000104904175,3.135999917984009,3.135999917984009,2279.0
2024-10-25 10:25:00+00:00,ARRY,6.559899806976318,6.559899806976318,6.575500011444092,6.554999828338623,6.574999809265137,10777.0
2024-10-25 10:25:00+00:00,ASML,722.1199951171875,722.1199951171875,722.1199951171875,722.0700073242188,722.0700073242188,1858.0
2024-10-25 10:25:00+00:00,ASTI,2.63070011138916,2.63070011138916,2.63070011138916,2.63070011138916,2.63070011138916,129.0
2024-10-25 10:25:00+00:00,AUR,6.514999866485596,6.514999866485596,6.514999866485596,6.510000228881836,6.510000228881836,4924.0
2024-10-25 10:25:00+00:00,AUUD,0.6439999938011169,0.6439999938011169,0.6439999938011169,0.6439999938011169,0.6439999938011169,1000.0
2024-10-25 10:25:00+00:00,AVDX,8.234999656677246,8.234999656677246,8.234999656677246,8.234999656677246,8.234999656677246,1157.0
2024-10-25 10:25:00+00:00,AVGO,175.5,175.5,175.58999633789062,175.49000549316406,175.57000732421875,39881.0
2024-10-25 10:25:00+00:00,AVPT,12.100000381469727,12.100000381469727,12.100000381469727,12.100000381469727,12.100000381469727,180.0
2024-10-25 10:25:00+00:00,BAND,17.809999465942383,17.809999465942383,17.81999969482422,17.809999465942383,17.81999969482422,850.0
2024-10-25 10:25:00+00:00,BCOV,2.2599000930786133,2.2599000930786133,2.259999990463257,2.2599000930786133,2.259999990463257,0.0
2024-10-25 10:25:00+00:00,BIGC,5.3628997802734375,5.3628997802734375,5.3628997802734375,5.3628997802734375,5.3628997802734375,645.0
2024-10-25 10:25:00+00:00,BLKB,86.41999816894531,86.41999816894531,86.44000244140625,86.36000061035156,86.44000244140625,1676.0
2024-10-25 10:25:00+00:00,BMBL,7.269999980926514,7.269999980926514,7.269999980926514,7.260000228881836,7.269999980926514,8857.0
2024-10-25 10:25:00+00:00,BRZE,30.959999084472656,30.959999084472656,30.975000381469727,30.959999084472656,30.975000381469727,1185.0
2024-10-25 10:25:00+00:00,CAMT,78.58000183105469,78.58000183105469,78.58000183105469,78.58000183105469,78.58000183105469,444.0
2024-10-25 10:25:00+00:00,CAN,0.9993000030517578,0.9993000030517578,1.0,0.9968000054359436,0.9980000257492065,2395.0
2024-10-25 10:25:00+00:00,CCSI,20.395000457763672,20.395000457763672,20.395000457763672,20.395000457763672,20.395000457763672,200.0
2024-10-25 10:25:00+00:00,CDNS,259.9100036621094,259.9100036621094,259.9100036621094,259.7300109863281,259.80999755859375,2757.0
2024-10-25 10:25:00+00:00,CDW,220.00999450683594,220.00999450683594,220.00999450683594,220.00999450683594,220.00999450683594,1038.0
2024-10-25 10:25:00+00:00,CFLT,22.44499969482422,22.44499969482422,22.469999313354492,22.43000030517578,22.44499969482422,12539.0
2024-10-25 10:25:00+00:00,CGNT,6.690000057220459,6.690000057220459,6.690000057220459,6.690000057220459,6.690000057220459,1862.0
2024-10-25 10:25:00+00:00,CHKP,207.90499877929688,207.90499877929688,208.14999389648438,207.90499877929688,208.14999389648438,497.0
2024-10-25 10:25:00+00:00,CLFD,36.82500076293945,36.82500076293945,36.82500076293945,36.82500076293945,36.82500076293945,527.0
2024-10-25 10:25:00+00:00,CLRO,0.5800999999046326,0.5800999999046326,0.5800999999046326,0.5800999999046326,0.5800999999046326,1245.0
2024-10-25 10:25:00+00:00,CLSK,12.149999618530273,12.149999618530273,12.157999992370605,12.130000114440918,12.13599967956543,188942.0
2024-10-25 10:25:00+00:00,CNDT,3.7200000286102295,3.7200000286102295,3.7200000286102295,3.717600107192993,3.717600107192993,501.0
2024-10-25 10:25:00+00:00,CNXC,45.25,45.25,45.25,45.25,45.25,301.0
2024-10-25 10:25:00+00:00,COHR,96.7300033569336,96.7300033569336,96.80999755859375,96.7300033569336,96.77999877929688,1190.0
2024-10-25 10:25:00+00:00,COIN,212.69000244140625,212.69000244140625,212.79989624023438,212.3800048828125,212.6199951171875,14812.0
2024-10-25 10:25:00+00:00,COMM,6.514999866485596,6.514999866485596,6.519999980926514,6.5,6.5,2648.0
2024-10-25 10:25:00+00:00,CORZ,13.630000114440918,13.630000114440918,13.630000114440918,13.5649995803833,13.574999809265137,16830.0
2024-10-25 10:25:00+00:00,CORZW,8.050000190734863,8.050000190734863,8.050000190734863,8.050000190734863,8.050000190734863,3089.0
2024-10-25 10:25:00+00:00,CPTN,3.1449999809265137,3.1449999809265137,3.1449999809265137,3.1449999809265137,3.1449999809265137,53.0
2024-10-25 10:25:00+00:00,CRCT,6.53000020980835,6.53000020980835,6.53000020980835,6.53000020980835,6.53000020980835,200.0
2024-10-25 10:25:00+00:00,CRDO,39.70500183105469,39.70500183105469,39.70500183105469,39.68000030517578,39.68000030517578,319.0
2024-10-25 10:25:00+00:00,CRNT,2.4646999835968018,2.4646999835968018,2.4646999835968018,2.4646999835968018,2.4646999835968018,0.0
2024-10-25 10:25:00+00:00,CRWD,309.8900146484375,309.8900146484375,309.9584045410156,309.8550109863281,309.95001220703125,3845.0
2024-10-25 10:25:00+00:00,CSCO,56.38999938964844,56.38999938964844,56.400001525878906,56.36000061035156,56.400001525878906,12519.0
2024-10-25 10:25:00+00:00,CSIQ,13.496000289916992,13.496000289916992,13.5,13.449999809265137,13.489999771118164,20524.0
2024-10-25 10:25:00+00:00,CTSH,75.19000244140625,75.19000244140625,75.22000122070312,75.19000244140625,75.22000122070312,2723.0
2024-10-25 10:25:00+00:00,CYBR,296.2099914550781,296.2099914550781,296.2099914550781,294.82000732421875,294.82000732421875,2720.0
2024-10-25 10:25:00+00:00,DAKT,13.390000343322754,13.390000343322754,13.390000343322754,13.390000343322754,13.390000343322754,1272.0
2024-10-25 10:25:00+00:00,DATS,1.6252000331878662,1.6252000331878662,1.6401000022888184,1.6252000331878662,1.6401000022888184,1477.0
2024-10-25 10:25:00+00:00,DAVE,39.95100021362305,39.95100021362305,39.95100021362305,39.95100021362305,39.95100021362305,328.0
2024-10-25 10:25:00+00:00,DDOG,127.08999633789062,127.08999633789062,127.1500015258789,127.05999755859375,127.08999633789062,5457.0
2024-10-25 10:25:00+00:00,DLO,8.84000015258789,8.84000015258789,8.84000015258789,8.835000038146973,8.835000038146973,215.0
2024-10-25 10:25:00+00:00,DOCU,70.44999694824219,70.44999694824219,70.44999694824219,70.25499725341797,70.25499725341797,8723.0
2024-10-25 10:25:00+00:00,DSP,11.40999984741211,11.40999984741211,11.40999984741211,11.369999885559082,11.369999885559082,1128.0
2024-10-25 10:25:00+00:00,DUOL,286.45001220703125,286.45001220703125,286.45001220703125,286.45001220703125,286.45001220703125,247.0
2024-10-25 10:25:00+00:00,EEFT,102.19999694824219,102.19999694824219,102.19999694824219,102.19999694824219,102.19999694824219,138.0
2024-10-25 10:25:00+00:00,ENPH,82.27999877929688,82.27999877929688,82.37989807128906,82.25,82.30000305175781,7006.0
2024-10-25 10:25:00+00:00,ENTG,104.83000183105469,104.83000183105469,104.91999816894531,104.83000183105469,104.91999816894531,1994.0
2024-10-25 10:25:00+00:00,ERIC,8.503999710083008,8.503999710083008,8.510000228881836,8.5,8.506600379943848,127294.0
2024-10-25 10:25:00+00:00,EXFY,1.725000023841858,1.725000023841858,1.729599952697754,1.725000023841858,1.725000023841858,3882.0
2024-10-25 10:25:00+00:00,EXLS,39.189998626708984,39.189998626708984,39.189998626708984,39.189998626708984,39.189998626708984,583.0
2024-10-25 10:25:00+00:00,EXTR,14.569999694824219,14.569999694824219,14.569999694824219,14.569999694824219,14.569999694824219,397.0
2024-10-25 10:25:00+00:00,FFIV,216.69000244140625,216.69000244140625,216.69000244140625,216.63999938964844,216.69000244140625,1527.0
2024-10-25 10:25:00+00:00,FIVN,30.639999389648438,30.639999389648438,30.649999618530273,30.600000381469727,30.600000381469727,4117.0
2024-10-25 10:25:00+00:00,FLEX,35.619998931884766,35.619998931884766,35.625,35.58000183105469,35.599998474121094,4275.0
2024-10-25 10:25:00+00:00,FLYW,17.6200008392334,17.6200008392334,17.6299991607666,17.610000610351562,17.6299991607666,400.0
2024-10-25 10:25:00+00:00,FROG,29.625,29.625,29.625,29.59000015258789,29.59000015258789,1204.0
2024-10-25 10:25:00+00:00,FRSH,11.729999542236328,11.729999542236328,11.739999771118164,11.729999542236328,11.739999771118164,1361.0
2024-10-25 10:25:00+00:00,FSLR,200.3699951171875,200.3699951171875,200.47000122070312,200.3000030517578,200.32000732421875,5733.0
2024-10-25 10:25:00+00:00,FTNT,81.41999816894531,81.41999816894531,81.44999694824219,81.41999816894531,81.44000244140625,2321.0
2024-10-25 10:25:00+00:00,GCT,25.739999771118164,25.739999771118164,25.739999771118164,25.68000030517578,25.68000030517578,1838.0
2024-10-25 10:25:00+00:00,GDS,21.760000228881836,21.760000228881836,21.760000228881836,21.719999313354492,21.719999313354492,1287.0
2024-10-25 10:25:00+00:00,GFS,41.16999816894531,41.16999816894531,41.16999816894531,41.099998474121094,41.154998779296875,2112.0
2024-10-25 10:25:00+00:00,GPRO,1.3300000429153442,1.3300000429153442,1.3300000429153442,1.3300000429153442,1.3300000429153442,2336.0
2024-10-25 10:25:00+00:00,GRAB,4.085000038146973,4.085000038146973,4.090000152587891,4.079999923706055,4.085000038146973,17970.0
2024-10-25 10:25:00+00:00,GRRR,4.650000095367432,4.650000095367432,4.667099952697754,4.650000095367432,4.667099952697754,721.0
2024-10-25 10:25:00+00:00,GTLB,56.239898681640625,56.239898681640625,56.239898681640625,56.239898681640625,56.239898681640625,517.0
2024-10-25 10:25:00+00:00,HCP,33.6349983215332,33.6349983215332,33.6349983215332,33.630001068115234,33.630001068115234,61004.0
2024-10-25 10:25:00+00:00,HIMX,6.195000171661377,6.195000171661377,6.197000026702881,6.195000171661377,6.195000171661377,603.0
2024-10-25 10:25:00+00:00,HLIT,14.789999961853027,14.789999961853027,14.800000190734863,14.789999961853027,14.789999961853027,21870.0
2024-10-25 10:25:00+00:00,HOLO,3.7699999809265137,3.7699999809265137,3.7809998989105225,3.7699999809265137,3.778599977493286,25836.0
2024-10-25 10:25:00+00:00,HOOD,27.44499969482422,27.44499969482422,27.479900360107422,27.43000030517578,27.450000762939453,21337.0
2024-10-25 10:25:00+00:00,HTCR,1.0800000429153442,1.0800000429153442,1.0800000429153442,1.0800000429153442,1.0800000429153442,237.0
2024-10-25 10:25:00+00:00,ICHR,27.735000610351562,27.735000610351562,27.735000610351562,27.735000610351562,27.735000610351562,705.0
2024-10-25 10:25:00+00:00,IMMR,8.750100135803223,8.750100135803223,8.750100135803223,8.725000381469727,8.725000381469727,6015.0
2024-10-25 10:25:00+00:00,INDI,3.5899999141693115,3.5899999141693115,3.5899999141693115,3.5859999656677246,3.5859999656677246,1215.0
2024-10-25 10:25:00+00:00,INOD,20.19339942932129,20.19339942932129,20.200000762939453,20.1875,20.1875,1418.0
2024-10-25 10:25:00+00:00,INTA,50.53499984741211,50.53499984741211,50.53499984741211,50.53499984741211,50.53499984741211,305.0
2024-10-25 10:25:00+00:00,INTC,23.162399291992188,23.162399291992188,23.200000762939453,23.15999984741211,23.184999465942383,348687.0
2024-10-25 10:25:00+00:00,INTU,613.9400024414062,613.9400024414062,614.4600219726562,613.9400024414062,614.4600219726562,1897.0
2024-10-25 10:25:00+00:00,KC,2.76990008354187,2.76990008354187,2.7699999809265137,2.7600998878479004,2.7600998878479004,1487.0
2024-10-25 10:25:00+00:00,KLAC,679.4550170898438,679.4550170898438,680.8900146484375,679.4550170898438,680.8900146484375,1956.0
2024-10-25 10:25:00+00:00,KLIC,44.630001068115234,44.630001068115234,44.630001068115234,44.630001068115234,44.630001068115234,107.0
2024-10-25 10:25:00+00:00,KLTR,1.340000033378601,1.340000033378601,1.340000033378601,1.340000033378601,1.340000033378601,100.0
2024-10-25 10:25:00+00:00,LASR,10.545000076293945,10.545000076293945,10.545000076293945,10.545000076293945,10.545000076293945,249.0
2024-10-25 10:25:00+00:00,LINK,5.119999885559082,5.119999885559082,5.139900207519531,4.909999847412109,4.920000076293945,47698.0
2024-10-25 10:25:00+00:00,LOGI,80.92500305175781,80.92500305175781,80.93990325927734,80.92500305175781,80.93990325927734,1649.0
2024-10-25 10:25:00+00:00,LRCX,79.23999786376953,79.23999786376953,79.4800033569336,79.21009826660156,79.46499633789062,54036.0
2024-10-25 10:25:00+00:00,LSCC,54.88999938964844,54.88999938964844,54.939998626708984,54.88999938964844,54.900001525878906,3277.0
2024-10-25 10:25:00+00:00,LTRX,4.039999961853027,4.039999961853027,4.039999961853027,4.039999961853027,4.039999961853027,624.0
2024-10-25 10:25:00+00:00,LUNA,1.7898999452590942,1.7898999452590942,1.7898999452590942,1.7898999452590942,1.7898999452590942,574.0
2024-10-25 10:25:00+00:00,LYFT,13.6850004196167,13.6850004196167,13.6899995803833,13.680000305175781,13.6899995803833,13041.0
2024-10-25 10:25:00+00:00,MANH,276.82000732421875,276.82000732421875,276.82000732421875,276.5450134277344,276.5450134277344,437.0
2024-10-25 10:25:00+00:00,MAPS,0.8575999736785889,0.8575999736785889,0.8575999736785889,0.8575999736785889,0.8575999736785889,117.0
2024-10-25 10:25:00+00:00,MAXN,5.662300109863281,5.662300109863281,5.675000190734863,5.662300109863281,5.675000190734863,564.0
2024-10-25 10:25:00+00:00,MCHP,77.31999969482422,77.31999969482422,77.38999938964844,77.29499816894531,77.37000274658203,18413.0
2024-10-25 10:25:00+00:00,MKSI,101.08000183105469,101.08000183105469,101.08000183105469,101.08000183105469,101.08000183105469,742.0
2024-10-25 10:25:00+00:00,MKTW,0.5950000286102295,0.5950000286102295,0.5950000286102295,0.5950000286102295,0.5950000286102295,0.0
2024-10-25 10:25:00+00:00,MLAB,116.71499633789062,116.71499633789062,117.20999908447266,116.63500213623047,117.20999908447266,439.0
2024-10-25 10:25:00+00:00,MNDY,300.8500061035156,300.8500061035156,301.260009765625,300.3622131347656,301.260009765625,3923.0
2024-10-25 10:25:00+00:00,MPWR,918.1099853515625,918.1099853515625,918.1099853515625,918.1099853515625,918.1099853515625,628.0
2024-10-25 10:25:00+00:00,MQ,5.315000057220459,5.315000057220459,5.320000171661377,5.314000129699707,5.320000171661377,9076.0
2024-10-25 10:25:00+00:00,MRVL,83.11000061035156,83.11000061035156,83.19000244140625,83.05999755859375,83.12999725341797,12883.0
2024-10-25 10:25:00+00:00,MSFT,431.3599853515625,431.3599853515625,431.4200134277344,431.2359924316406,431.32000732421875,27459.0
2024-10-25 10:25:00+00:00,MSTR,243.47999572753906,243.47999572753906,243.5,242.61000061035156,243.0500030517578,64584.0
2024-10-25 10:25:00+00:00,MTLS,6.034999847412109,6.034999847412109,6.034999847412109,6.034999847412109,6.034999847412109,494.0
2024-10-25 10:25:00+00:00,MTSI,119.5,119.5,119.58999633789062,119.43000030517578,119.43000030517578,2718.0
2024-10-25 10:25:00+00:00,MU,109.81999969482422,109.81999969482422,109.87999725341797,109.80000305175781,109.86990356445312,30201.0
2024-10-25 10:25:00+00:00,MVIS,1.1150000095367432,1.1150000095367432,1.1150000095367432,1.1150000095367432,1.1150000095367432,2247.0
2024-10-25 10:25:00+00:00,MXL,15.010000228881836,15.010000228881836,15.029999732971191,14.9399995803833,14.9399995803833,6943.0
2024-10-25 10:25:00+00:00,MYSZ,1.6299999952316284,1.6299999952316284,1.6399999856948853,1.6299999952316284,1.6399999856948853,701.0
2024-10-25 10:25:00+00:00,NCNO,38.3650016784668,38.3650016784668,38.3650016784668,38.3650016784668,38.3650016784668,871.0
2024-10-25 10:25:00+00:00,NNDM,2.3450000286102295,2.3450000286102295,2.34689998626709,2.3399999141693115,2.34689998626709,2876.0
2024-10-25 10:25:00+00:00,NSIT,212.0850067138672,212.0850067138672,212.0850067138672,212.0850067138672,212.0850067138672,323.0
2024-10-25 10:25:00+00:00,NTAP,120.62999725341797,120.62999725341797,120.65499877929688,120.5999984741211,120.65499877929688,2243.0
2024-10-25 10:25:00+00:00,NVDA,143.35499572753906,143.35499572753906,143.39999389648438,143.2899932861328,143.30999755859375,456008.0
2024-10-25 10:25:00+00:00,NVEI,33.525001525878906,33.525001525878906,33.525001525878906,33.525001525878906,33.525001525878906,1003.0
2024-10-25 10:25:00+00:00,NVTS,2.5739998817443848,2.5739998817443848,2.575000047683716,2.569999933242798,2.575000047683716,4887.0
2024-10-25 10:25:00+00:00,NXPI,244.47999572753906,244.47999572753906,244.74000549316406,244.3800048828125,244.63999938964844,5003.0
2024-10-25 10:25:00+00:00,OKTA,72.88999938964844,72.88999938964844,72.9000015258789,72.8499984741211,72.8499984741211,7132.0
2024-10-25 10:25:00+00:00,ON,72.30000305175781,72.30000305175781,72.33999633789062,72.23999786376953,72.26000213623047,23789.0
2024-10-25 10:25:00+00:00,OSPN,14.779999732971191,14.779999732971191,14.779999732971191,14.779999732971191,14.779999732971191,543.0
2024-10-25 10:25:00+00:00,PANW,371.2799987792969,371.2799987792969,371.5,371.2799987792969,371.5,1616.0
2024-10-25 10:25:00+00:00,PAYO,8.3100004196167,8.3100004196167,8.3100004196167,8.3100004196167,8.3100004196167,1084.0
2024-10-25 10:25:00+00:00,PEGA,80.94999694824219,80.94999694824219,80.98500061035156,80.87999725341797,80.94999694824219,10981.0
2024-10-25 10:25:00+00:00,PGY,11.914999961853027,11.914999961853027,11.914999961853027,11.914999961853027,11.914999961853027,613.0
2024-10-25 10:25:00+00:00,PGYWW,0.17800000309944153,0.17800000309944153,0.17800000309944153,0.17000000178813934,0.17800000309944153,10300.0
2024-10-25 10:25:00+00:00,PHUN,9.59000015258789,9.59000015258789,9.609999656677246,9.520000457763672,9.538700103759766,114209.0
2024-10-25 10:25:00+00:00,PI,199.2100067138672,199.2100067138672,199.4001007080078,199.0,199.4001007080078,2681.0
2024-10-25 10:25:00+00:00,POET,3.990000009536743,3.990000009536743,4.0,3.990000009536743,3.990000009536743,2659.0
2024-10-25 10:25:00+00:00,POWI,63.34000015258789,63.34000015258789,63.400001525878906,63.34000015258789,63.34000015258789,3969.0
2024-10-25 10:25:00+00:00,PRCH,1.375,1.375,1.375,1.375,1.375,1.0
2024-10-25 10:25:00+00:00,QCOM,172.5399932861328,172.5399932861328,172.75999450683594,172.52780151367188,172.74000549316406,6697.0
2024-10-25 10:25:00+00:00,QLYS,121.38999938964844,121.38999938964844,121.38999938964844,121.23100280761719,121.23100280761719,1183.0
2024-10-25 10:25:00+00:00,QRVO,100.42500305175781,100.42500305175781,100.4800033569336,100.41000366210938,100.44000244140625,2972.0
2024-10-25 10:25:00+00:00,QUBT,1.1349999904632568,1.1349999904632568,1.1396000385284424,1.1349999904632568,1.1396000385284424,3618.0
2024-10-25 10:25:00+00:00,RCAT,2.755000114440918,2.755000114440918,2.7699999809265137,2.755000114440918,2.759999990463257,7556.0
2024-10-25 10:25:00+00:00,REKR,1.090000033378601,1.090000033378601,1.090000033378601,1.090000033378601,1.090000033378601,116.0
2024-10-25 10:25:00+00:00,RELY,14.8100004196167,14.8100004196167,14.819999694824219,14.8100004196167,14.819999694824219,1787.0
2024-10-25 10:25:00+00:00,RGTI,1.274999976158142,1.274999976158142,1.2799999713897705,1.2699999809265137,1.2799999713897705,115374.0
2024-10-25 10:25:00+00:00,RIOT,10.199999809265137,10.199999809265137,10.215999603271484,10.194000244140625,10.194000244140625,32267.0
2024-10-25 10:25:00+00:00,RMBS,43.02000045776367,43.02000045776367,43.060001373291016,43.0099983215332,43.0099983215332,1329.0
2024-10-25 10:25:00+00:00,RMNI,1.7300000190734863,1.7300000190734863,1.7300000190734863,1.7300000190734863,1.7300000190734863,200.0
2024-10-25 10:25:00+00:00,RUM,5.78980016708374,5.78980016708374,5.78980016708374,5.780099868774414,5.780099868774414,640.0
2024-10-25 10:25:00+00:00,RUN,14.489999771118164,14.489999771118164,14.539999961853027,14.489999771118164,14.510000228881836,31642.0
2024-10-25 10:25:00+00:00,SANM,67.8499984741211,67.8499984741211,67.8499984741211,67.8499984741211,67.8499984741211,102.0
2024-10-25 10:25:00+00:00,SCKT,1.1858999729156494,1.1858999729156494,1.1858999729156494,1.1858999729156494,1.1858999729156494,0.0
2024-10-25 10:25:00+00:00,SEDG,15.890000343322754,15.890000343322754,15.920000076293945,15.864999771118164,15.869999885559082,16388.0
2024-10-25 10:25:00+00:00,SHLS,5.255000114440918,5.255000114440918,5.269999980926514,5.255000114440918,5.269999980926514,11284.0
2024-10-25 10:25:00+00:00,SKYT,10.670000076293945,10.670000076293945,10.670000076293945,10.630399703979492,10.670000076293945,979.0
2024-10-25 10:25:00+00:00,SLAB,114.79000091552734,114.79000091552734,114.79000091552734,114.7699966430664,114.7699966430664,1482.0
2024-10-25 10:25:00+00:00,SLNHP,12.600000381469727,12.600000381469727,12.600000381469727,12.600000381469727,12.600000381469727,764.0
2024-10-25 10:25:00+00:00,SMCI,48.13999938964844,48.13999938964844,48.150001525878906,48.0,48.06999969482422,289734.0
2024-10-25 10:25:00+00:00,SMSI,0.8101000189781189,0.8101000189781189,0.8151000142097473,0.8101000189781189,0.8151000142097473,26629.0
2024-10-25 10:25:00+00:00,SMTC,45.869998931884766,45.869998931884766,45.869998931884766,45.849998474121094,45.869998931884766,2163.0
2024-10-25 10:25:00+00:00,SNPS,506.94500732421875,506.94500732421875,508.0,506.94500732421875,507.56500244140625,4101.0
2024-10-25 10:25:00+00:00,SONM,3.569999933242798,3.569999933242798,3.569999933242798,3.569999933242798,3.569999933242798,106.0
2024-10-25 10:25:00+00:00,SONO,12.9399995803833,12.9399995803833,12.9399995803833,12.9399995803833,12.9399995803833,2535.0
2024-10-25 10:25:00+00:00,SOTK,4.449999809265137,4.449999809265137,4.449999809265137,4.449999809265137,4.449999809265137,186.0
2024-10-25 10:25:00+00:00,SOUN,5.299200057983398,5.299200057983398,5.299900054931641,5.275000095367432,5.275000095367432,60542.0
2024-10-25 10:25:00+00:00,SSNC,69.95999908447266,69.95999908447266,70.0,69.95010375976562,70.0,4271.0
2024-10-25 10:25:00+00:00,STNE,11.539999961853027,11.539999961853027,11.539999961853027,11.529999732971191,11.53499984741211,6052.0
2024-10-25 10:25:00+00:00,STX,104.7925033569336,104.7925033569336,104.83000183105469,104.56999969482422,104.625,16002.0
2024-10-25 10:25:00+00:00,SURG,1.7598999738693237,1.7598999738693237,1.7598999738693237,1.7598999738693237,1.7598999738693237,491.0
2024-10-25 10:25:00+00:00,SVRE,0.08449999988079071,0.08449999988079071,0.08449999988079071,0.08449999988079071,0.08449999988079071,201.0
2024-10-25 10:25:00+00:00,SWKS,96.0,96.0,96.13999938964844,96.0,96.1050033569336,3214.0
2024-10-25 10:25:00+00:00,SYTA,1.2380000352859497,1.2380000352859497,1.2400000095367432,1.2350000143051147,1.2400000095367432,12345.0
2024-10-25 10:25:00+00:00,TEAM,191.42999267578125,191.42999267578125,191.83999633789062,191.4199981689453,191.83999633789062,3368.0
2024-10-25 10:25:00+00:00,TENB,41.36000061035156,41.36000061035156,41.36000061035156,41.33000183105469,41.33000183105469,1916.0
2024-10-25 10:25:00+00:00,TER,112.76000213623047,112.76000213623047,112.83999633789062,112.72000122070312,112.72000122070312,12036.0
2024-10-25 10:25:00+00:00,TRMB,61.16999816894531,61.16999816894531,61.16999816894531,61.16999816894531,61.16999816894531,223.0
2024-10-25 10:25:00+00:00,TTD,120.54000091552734,120.54000091552734,120.59500122070312,120.54000091552734,120.59500122070312,2098.0
2024-10-25 10:25:00+00:00,TTEC,5.449999809265137,5.449999809265137,5.449999809265137,5.449999809265137,5.449999809265137,1142.0
2024-10-25 10:25:00+00:00,TTMI,19.628999710083008,19.628999710083008,19.628999710083008,19.610000610351562,19.610000610351562,599.0
2024-10-25 10:25:00+00:00,TWKS,4.449999809265137,4.449999809265137,4.454999923706055,4.449999809265137,4.449999809265137,150667.0
2024-10-25 10:25:00+00:00,TXN,210.25,210.25,210.44000244140625,210.25,210.27999877929688,6364.0
2024-10-25 10:25:00+00:00,UTSI,2.630000114440918,2.630000114440918,2.630000114440918,2.630000114440918,2.630000114440918,0.0
2024-10-25 10:25:00+00:00,VCSA,2.440000057220459,2.440000057220459,2.4500999450683594,2.440000057220459,2.4500999450683594,2046.0
2024-10-25 10:25:00+00:00,VECO,29.649999618530273,29.649999618530273,29.655000686645508,29.649999618530273,29.655000686645508,1598.0
2024-10-25 10:25:00+00:00,VERI,3.5399999618530273,3.5399999618530273,3.5399999618530273,3.5399999618530273,3.5399999618530273,391.0
2024-10-25 10:25:00+00:00,VERX,42.60300064086914,42.60300064086914,42.60300064086914,42.60300064086914,42.60300064086914,1084.0
2024-10-25 10:25:00+00:00,VMEO,4.755000114440918,4.755000114440918,4.760000228881836,4.755000114440918,4.760000228881836,282.0
2024-10-25 10:25:00+00:00,VRNS,57.17499923706055,57.17499923706055,57.20000076293945,57.15999984741211,57.20000076293945,1708.0
2024-10-25 10:25:00+00:00,VRNT,22.34000015258789,22.34000015258789,22.34000015258789,22.34000015258789,22.34000015258789,294.0
2024-10-25 10:25:00+00:00,VRSN,188.1300048828125,188.1300048828125,188.1300048828125,188.1300048828125,188.1300048828125,1051.0
2024-10-25 10:25:00+00:00,VSAT,10.375,10.375,10.380000114440918,10.359999656677246,10.369999885559082,3084.0
2024-10-25 10:25:00+00:00,VUZI,1.315000057220459,1.315000057220459,1.315000057220459,1.315000057220459,1.315000057220459,694.0
2024-10-25 10:25:00+00:00,WDAY,241.6300048828125,241.6300048828125,241.6300048828125,241.375,241.38999938964844,3061.0
2024-10-25 10:25:00+00:00,WDC,72.91500091552734,72.91500091552734,73.0199966430664,72.80000305175781,72.82499694824219,82106.0
2024-10-25 10:25:00+00:00,WISA,1.8301000595092773,1.8301000595092773,1.850000023841858,1.8301000595092773,1.8389999866485596,3840.0
2024-10-25 10:25:00+00:00,WRAP,1.8799999952316284,1.8799999952316284,1.8799999952316284,1.840000033378601,1.840000033378601,10100.0
2024-10-25 10:25:00+00:00,XRX,10.225000381469727,10.225000381469727,10.225000381469727,10.225000381469727,10.225000381469727,681.0
2024-10-25 10:25:00+00:00,ZBRA,365.20001220703125,365.20001220703125,365.260009765625,365.20001220703125,365.260009765625,3107.0
2024-10-25 10:25:00+00:00,ZI,10.630000114440918,10.630000114440918,10.630000114440918,10.609999656677246,10.630000114440918,2191.0
2024-10-25 10:25:00+00:00,ZM,73.15499877929688,73.15499877929688,73.15499877929688,73.12000274658203,73.12000274658203,3286.0
2024-10-25 10:25:00+00:00,ZS,186.9949951171875,186.9949951171875,186.9949951171875,186.9949951171875,186.9949951171875,2529.0
2024-10-25 10:26:00+00:00,AAOI,17.954999923706055,17.954999923706055,18.030000686645508,17.940000534057617,18.030000686645508,14286.0
2024-10-25 10:26:00+00:00,AAPL,231.9600067138672,231.9600067138672,232.1300048828125,231.91000366210938,232.1300048828125,90530.0
2024-10-25 10:26:00+00:00,ACIW,49.5,49.5,49.5,49.5,49.5,226.0
2024-10-25 10:26:00+00:00,ACLS,91.02999877929688,91.02999877929688,91.02999877929688,91.02999877929688,91.02999877929688,494.0
2024-10-25 10:26:00+00:00,ACMR,19.850000381469727,19.850000381469727,19.850000381469727,19.770000457763672,19.84000015258789,5291.0
2024-10-25 10:26:00+00:00,ADBE,486.92999267578125,486.92999267578125,487.010009765625,486.9100036621094,486.96051025390625,4327.0
2024-10-25 10:26:00+00:00,ADI,234.3699951171875,234.3699951171875,234.3699951171875,234.27000427246094,234.36000061035156,3507.0
2024-10-25 10:26:00+00:00,ADSK,288.239990234375,288.239990234375,288.2900085449219,288.239990234375,288.2900085449219,1496.0
2024-10-25 10:26:00+00:00,ADTN,6.400000095367432,6.400000095367432,6.400000095367432,6.400000095367432,6.400000095367432,135.0
2024-10-25 10:26:00+00:00,AEHR,16.562000274658203,16.562000274658203,16.562000274658203,16.530000686645508,16.530000686645508,24573.0
2024-10-25 10:26:00+00:00,AFRM,42.02000045776367,42.02000045776367,42.150001525878906,42.01499938964844,42.13999938964844,9117.0
2024-10-25 10:26:00+00:00,AKAM,103.43499755859375,103.43499755859375,103.51000213623047,103.43499755859375,103.51000213623047,1314.0
2024-10-25 10:26:00+00:00,ALGM,22.730100631713867,22.730100631713867,22.774999618530273,22.730100631713867,22.760000228881836,10172.0
2024-10-25 10:26:00+00:00,ALOT,14.420000076293945,14.420000076293945,14.420000076293945,14.420000076293945,14.420000076293945,200.0
2024-10-25 10:26:00+00:00,ALRM,54.90999984741211,54.90999984741211,54.90999984741211,54.90999984741211,54.90999984741211,124.0
2024-10-25 10:26:00+00:00,ALTR,105.98500061035156,105.98500061035156,106.05999755859375,105.98500061035156,106.05999755859375,999.0
2024-10-25 10:26:00+00:00,AMAT,188.53550720214844,188.53550720214844,188.75,188.52000427246094,188.75,6866.0
2024-10-25 10:26:00+00:00,AMBA,58.08000183105469,58.08000183105469,58.08000183105469,58.08000183105469,58.08000183105469,203.0
2024-10-25 10:26:00+00:00,AMD,157.9990997314453,157.9990997314453,158.17999267578125,157.94000244140625,158.17999267578125,232853.0
2024-10-25 10:26:00+00:00,AMKR,30.010000228881836,30.010000228881836,30.040000915527344,30.010000228881836,30.040000915527344,2255.0
2024-10-25 10:26:00+00:00,AMPG,1.0199999809265137,1.0199999809265137,1.0199999809265137,1.0199999809265137,1.0199999809265137,5787.0
2024-10-25 10:26:00+00:00,ANSS,326.44000244140625,326.44000244140625,326.44000244140625,326.4100036621094,326.4100036621094,552.0
2024-10-25 10:26:00+00:00,AOSL,36.43000030517578,36.43000030517578,36.43000030517578,36.43000030517578,36.43000030517578,714.0
2024-10-25 10:26:00+00:00,APP,163.1649932861328,163.1649932861328,163.17999267578125,163.02999877929688,163.17999267578125,8595.0
2024-10-25 10:26:00+00:00,APPF,226.88499450683594,226.88499450683594,227.23980712890625,226.88499450683594,227.16000366210938,1914.0
2024-10-25 10:26:00+00:00,APPN,32.349998474121094,32.349998474121094,32.380001068115234,32.349998474121094,32.380001068115234,1359.0
2024-10-25 10:26:00+00:00,APPS,3.139899969100952,3.139899969100952,3.1449999809265137,3.139899969100952,3.1449999809265137,4863.0
2024-10-25 10:26:00+00:00,ARRY,6.574399948120117,6.574399948120117,6.574999809265137,6.559999942779541,6.574999809265137,6958.0
2024-10-25 10:26:00+00:00,ASML,721.6701049804688,721.6701049804688,721.8099975585938,721.6701049804688,721.8099975585938,2974.0
2024-10-25 10:26:00+00:00,AUR,6.489999771118164,6.489999771118164,6.519700050354004,6.485000133514404,6.514999866485596,20115.0
2024-10-25 10:26:00+00:00,AUUD,0.64410001039505,0.64410001039505,0.64410001039505,0.64410001039505,0.64410001039505,167.0
2024-10-25 10:26:00+00:00,AVDX,8.234999656677246,8.234999656677246,8.234999656677246,8.234999656677246,8.234999656677246,1640.0
2024-10-25 10:26:00+00:00,AVGO,175.35850524902344,175.35850524902344,175.5,175.27000427246094,175.5,23515.0
2024-10-25 10:26:00+00:00,AVPT,12.09000015258789,12.09000015258789,12.09000015258789,12.09000015258789,12.09000015258789,1233.0
2024-10-25 10:26:00+00:00,BASE,16.514999389648438,16.514999389648438,16.514999389648438,16.514999389648438,16.514999389648438,152.0
2024-10-25 10:26:00+00:00,BCOV,2.255000114440918,2.255000114440918,2.255000114440918,2.255000114440918,2.255000114440918,308.0
2024-10-25 10:26:00+00:00,BEEM,4.869999885559082,4.869999885559082,4.869999885559082,4.869999885559082,4.869999885559082,200.0
2024-10-25 10:26:00+00:00,BIGC,5.355000019073486,5.355000019073486,5.355000019073486,5.355000019073486,5.355000019073486,233.0
2024-10-25 10:26:00+00:00,BLKB,86.43000030517578,86.43000030517578,86.43000030517578,86.43000030517578,86.43000030517578,175.0
2024-10-25 10:26:00+00:00,BLZE,7.260000228881836,7.260000228881836,7.260000228881836,7.260000228881836,7.260000228881836,570.0
2024-10-25 10:26:00+00:00,BMBL,7.274600028991699,7.274600028991699,7.289999961853027,7.274600028991699,7.275000095367432,2895.0
2024-10-25 10:26:00+00:00,BRZE,30.969999313354492,30.969999313354492,30.969999313354492,30.959999084472656,30.959999084472656,1275.0
2024-10-25 10:26:00+00:00,BSY,49.28499984741211,49.28499984741211,49.28499984741211,49.279998779296875,49.279998779296875,597.0
2024-10-25 10:26:00+00:00,CAN,0.9993000030517578,0.9993000030517578,0.9998999834060669,0.9986000061035156,0.9987000226974487,2669.0
2024-10-25 10:26:00+00:00,CCSI,20.479999542236328,20.479999542236328,20.479999542236328,20.479999542236328,20.479999542236328,469.0
2024-10-25 10:26:00+00:00,CDNS,259.4800109863281,259.4800109863281,259.69000244140625,259.43499755859375,259.69000244140625,4095.0
2024-10-25 10:26:00+00:00,CDW,219.85000610351562,219.85000610351562,219.91000366210938,219.85000610351562,219.91000366210938,1937.0
2024-10-25 10:26:00+00:00,CETX,0.29750001430511475,0.29750001430511475,0.29750001430511475,0.29750001430511475,0.29750001430511475,621.0
2024-10-25 10:26:00+00:00,CFLT,22.389999389648438,22.389999389648438,22.450000762939453,22.3799991607666,22.450000762939453,15699.0
2024-10-25 10:26:00+00:00,CGNX,39.29999923706055,39.29999923706055,39.29999923706055,39.29999923706055,39.29999923706055,736.0
2024-10-25 10:26:00+00:00,CHKP,208.1199951171875,208.1199951171875,208.1199951171875,207.8699951171875,207.8699951171875,2241.0
2024-10-25 10:26:00+00:00,CLBT,18.174999237060547,18.174999237060547,18.19499969482422,18.170000076293945,18.19499969482422,1815.0
2024-10-25 10:26:00+00:00,CLSK,12.117500305175781,12.117500305175781,12.156000137329102,12.09000015258789,12.149999618530273,81061.0
2024-10-25 10:26:00+00:00,CNDT,3.7149999141693115,3.7149999141693115,3.7149999141693115,3.7149999141693115,3.7149999141693115,108.0
2024-10-25 10:26:00+00:00,COHR,96.69000244140625,96.69000244140625,96.7300033569336,96.69000244140625,96.7300033569336,715.0
2024-10-25 10:26:00+00:00,COHU,26.239999771118164,26.239999771118164,26.25,26.239999771118164,26.25,730.0
2024-10-25 10:26:00+00:00,COIN,212.13999938964844,212.13999938964844,212.75,211.9700927734375,212.5800018310547,24465.0
2024-10-25 10:26:00+00:00,COMM,6.514999866485596,6.514999866485596,6.519999980926514,6.510000228881836,6.519999980926514,5620.0
2024-10-25 10:26:00+00:00,CORZ,13.585000038146973,13.585000038146973,13.636300086975098,13.579999923706055,13.636300086975098,8616.0
2024-10-25 10:26:00+00:00,CRCT,6.519999980926514,6.519999980926514,6.525000095367432,6.519999980926514,6.525000095367432,917.0
2024-10-25 10:26:00+00:00,CRDO,39.68000030517578,39.68000030517578,39.689998626708984,39.68000030517578,39.689998626708984,1278.0
2024-10-25 10:26:00+00:00,CRNC,2.865000009536743,2.865000009536743,2.865000009536743,2.865000009536743,2.865000009536743,591.0
2024-10-25 10:26:00+00:00,CRUS,122.9800033569336,122.9800033569336,122.9800033569336,122.9800033569336,122.9800033569336,668.0
2024-10-25 10:26:00+00:00,CRWD,309.60540771484375,309.60540771484375,309.8349914550781,309.5740051269531,309.8349914550781,3277.0
2024-10-25 10:26:00+00:00,CSCO,56.3849983215332,56.3849983215332,56.400001525878906,56.380001068115234,56.38999938964844,18365.0
2024-10-25 10:26:00+00:00,CSGS,48.0,48.0,48.0,48.0,48.0,223.0
2024-10-25 10:26:00+00:00,CSIQ,13.478699684143066,13.478699684143066,13.501999855041504,13.478699684143066,13.5,2550.0
2024-10-25 10:26:00+00:00,CTLP,9.074999809265137,9.074999809265137,9.074999809265137,9.074999809265137,9.074999809265137,337.0
2024-10-25 10:26:00+00:00,CTSH,75.20500183105469,75.20500183105469,75.20999908447266,75.19000244140625,75.19000244140625,2009.0
2024-10-25 10:26:00+00:00,CVLT,134.4199981689453,134.4199981689453,134.4199981689453,134.4199981689453,134.4199981689453,525.0
2024-10-25 10:26:00+00:00,CYN,3.619999885559082,3.619999885559082,3.619999885559082,3.619999885559082,3.619999885559082,584.0
2024-10-25 10:26:00+00:00,DATS,1.6324000358581543,1.6324000358581543,1.6324000358581543,1.6324000358581543,1.6324000358581543,600.0
2024-10-25 10:26:00+00:00,DBX,26.110000610351562,26.110000610351562,26.110000610351562,26.100000381469727,26.104999542236328,2018.0
2024-10-25 10:26:00+00:00,DDOG,127.01499938964844,127.01499938964844,127.18000030517578,126.97000122070312,127.18000030517578,12280.0
2024-10-25 10:26:00+00:00,DIOD,66.29499816894531,66.29499816894531,66.29499816894531,66.29499816894531,66.29499816894531,1361.0
2024-10-25 10:26:00+00:00,DLO,8.84000015258789,8.84000015258789,8.84000015258789,8.835000038146973,8.835000038146973,2049.0
2024-10-25 10:26:00+00:00,DOCU,70.52999877929688,70.52999877929688,70.55000305175781,70.47000122070312,70.4749984741211,6384.0
2024-10-25 10:26:00+00:00,DOMO,8.015000343322754,8.015000343322754,8.015000343322754,8.010000228881836,8.010000228881836,1133.0
2024-10-25 10:26:00+00:00,DOX,90.04000091552734,90.04000091552734,90.04000091552734,90.01000213623047,90.01000213623047,684.0
2024-10-25 10:26:00+00:00,DSP,11.4399995803833,11.4399995803833,11.4399995803833,11.4399995803833,11.4399995803833,527.0
2024-10-25 10:26:00+00:00,DUOL,286.6256103515625,286.6256103515625,286.6256103515625,286.6256103515625,286.6256103515625,526.0
2024-10-25 10:26:00+00:00,EBON,5.945000171661377,5.945000171661377,5.945000171661377,5.945000171661377,5.945000171661377,3807.0
2024-10-25 10:26:00+00:00,EEFT,102.23999786376953,102.23999786376953,102.23999786376953,102.23999786376953,102.23999786376953,719.0
2024-10-25 10:26:00+00:00,ENPH,82.18499755859375,82.18499755859375,82.19999694824219,82.04299926757812,82.18499755859375,9296.0
2024-10-25 10:26:00+00:00,ENTG,104.75,104.75,104.86000061035156,104.75,104.86000061035156,1503.0
2024-10-25 10:26:00+00:00,ERIC,8.515999794006348,8.515999794006348,8.515999794006348,8.503999710083008,8.509599685668945,175907.0
2024-10-25 10:26:00+00:00,EXFY,1.725000023841858,1.725000023841858,1.725000023841858,1.725000023841858,1.725000023841858,226.0
2024-10-25 10:26:00+00:00,EXTR,14.5649995803833,14.5649995803833,14.5649995803833,14.5649995803833,14.5649995803833,799.0
2024-10-25 10:26:00+00:00,FARO,17.920000076293945,17.920000076293945,17.920000076293945,17.8700008392334,17.8700008392334,1112.0
2024-10-25 10:26:00+00:00,FFIV,216.63499450683594,216.63499450683594,216.6999969482422,216.58999633789062,216.63999938964844,3552.0
2024-10-25 10:26:00+00:00,FIVN,30.59000015258789,30.59000015258789,30.610000610351562,30.59000015258789,30.610000610351562,1221.0
2024-10-25 10:26:00+00:00,FLEX,35.58000183105469,35.58000183105469,35.59000015258789,35.58000183105469,35.58000183105469,1429.0
2024-10-25 10:26:00+00:00,FLYW,17.59000015258789,17.59000015258789,17.6200008392334,17.56999969482422,17.6200008392334,3405.0
2024-10-25 10:26:00+00:00,FORM,45.26499938964844,45.26499938964844,45.26499938964844,45.20000076293945,45.22999954223633,906.0
2024-10-25 10:26:00+00:00,FROG,29.545000076293945,29.545000076293945,29.6200008392334,29.545000076293945,29.6200008392334,2281.0
2024-10-25 10:26:00+00:00,FRSH,11.729999542236328,11.729999542236328,11.739999771118164,11.729999542236328,11.734999656677246,8604.0
2024-10-25 10:26:00+00:00,FSLR,199.99000549316406,199.99000549316406,200.3979949951172,199.7729949951172,200.3000030517578,11560.0
2024-10-25 10:26:00+00:00,FTNT,81.38999938964844,81.38999938964844,81.40499877929688,81.38500213623047,81.4000015258789,1917.0
2024-10-25 10:26:00+00:00,GCT,25.739999771118164,25.739999771118164,25.75,25.739999771118164,25.7450008392334,839.0
2024-10-25 10:26:00+00:00,GDS,21.7450008392334,21.7450008392334,21.75,21.690000534057617,21.725000381469727,6646.0
2024-10-25 10:26:00+00:00,GDYN,15.640000343322754,15.640000343322754,15.670000076293945,15.640000343322754,15.670000076293945,412.0
2024-10-25 10:26:00+00:00,GFS,41.119998931884766,41.119998931884766,41.150001525878906,41.099998474121094,41.150001525878906,1439.0
2024-10-25 10:26:00+00:00,GILT,4.934999942779541,4.934999942779541,4.934999942779541,4.934999942779541,4.934999942779541,327.0
2024-10-25 10:26:00+00:00,GPRO,1.3300000429153442,1.3300000429153442,1.3300000429153442,1.3300000429153442,1.3300000429153442,347.0
2024-10-25 10:26:00+00:00,GRAB,4.088900089263916,4.088900089263916,4.090000152587891,4.081900119781494,4.085000038146973,26125.0
2024-10-25 10:26:00+00:00,GRRR,4.644999980926514,4.644999980926514,4.650000095367432,4.639999866485596,4.639999866485596,3528.0
2024-10-25 10:26:00+00:00,GSIT,3.313800096511841,3.313800096511841,3.319999933242798,3.313800096511841,3.319999933242798,1900.0
2024-10-25 10:26:00+00:00,GTLB,56.023799896240234,56.023799896240234,56.150001525878906,55.95000076293945,56.150001525878906,3878.0
2024-10-25 10:26:00+00:00,HCKT,24.93000030517578,24.93000030517578,24.969999313354492,24.93000030517578,24.969999313354492,1208.0
2024-10-25 10:26:00+00:00,HCP,33.630001068115234,33.630001068115234,33.6349983215332,33.625,33.6349983215332,76861.0
2024-10-25 10:26:00+00:00,HEAR,16.625,16.625,16.649999618530273,16.625,16.649999618530273,425.0
2024-10-25 10:26:00+00:00,HIMX,6.190000057220459,6.190000057220459,6.195000171661377,6.190000057220459,6.195000171661377,1146.0
2024-10-25 10:26:00+00:00,HLIT,14.8100004196167,14.8100004196167,14.819999694824219,14.789999961853027,14.789999961853027,2701.0
2024-10-25 10:26:00+00:00,HOLO,3.7797999382019043,3.7797999382019043,3.7797999382019043,3.7797999382019043,3.7797999382019043,1005.0
2024-10-25 10:26:00+00:00,HOOD,27.424999237060547,27.424999237060547,27.44499969482422,27.405000686645508,27.444799423217773,16138.0
2024-10-25 10:26:00+00:00,ICHR,27.729999542236328,27.729999542236328,27.729999542236328,27.729999542236328,27.729999542236328,1120.0
2024-10-25 10:26:00+00:00,IMMR,8.755000114440918,8.755000114440918,8.755000114440918,8.75,8.75,2453.0
2024-10-25 10:26:00+00:00,INDI,3.5850000381469727,3.5850000381469727,3.5850000381469727,3.5801000595092773,3.5850000381469727,4385.0
2024-10-25 10:26:00+00:00,INOD,20.25,20.25,20.280000686645508,20.235000610351562,20.280000686645508,790.0
2024-10-25 10:26:00+00:00,INTA,50.439998626708984,50.439998626708984,50.5,50.439998626708984,50.5,1122.0
2024-10-25 10:26:00+00:00,INTC,23.135000228881836,23.135000228881836,23.170000076293945,23.1200008392334,23.165000915527344,210962.0
2024-10-25 10:26:00+00:00,INTU,614.3099975585938,614.3099975585938,614.3099975585938,613.739990234375,613.8699951171875,3030.0
2024-10-25 10:26:00+00:00,IPGP,77.29000091552734,77.29000091552734,77.29000091552734,77.02999877929688,77.06999969482422,951.0
2024-10-25 10:26:00+00:00,ITRI,103.76000213623047,103.76000213623047,103.88999938964844,103.76000213623047,103.88999938964844,360.0
2024-10-25 10:26:00+00:00,ITRN,27.211999893188477,27.211999893188477,27.211999893188477,27.211999893188477,27.211999893188477,239.0
2024-10-25 10:26:00+00:00,JAMF,16.889999389648438,16.889999389648438,16.889999389648438,16.889999389648438,16.889999389648438,2707.0
2024-10-25 10:26:00+00:00,JKHY,185.27999877929688,185.27999877929688,185.27999877929688,185.25,185.27499389648438,1778.0
2024-10-25 10:26:00+00:00,KC,2.765000104904175,2.765000104904175,2.7699999809265137,2.759999990463257,2.7699999809265137,9004.0
2024-10-25 10:26:00+00:00,KLIC,44.630001068115234,44.630001068115234,44.630001068115234,44.630001068115234,44.630001068115234,414.0
2024-10-25 10:26:00+00:00,KOPN,0.7623000144958496,0.7623000144958496,0.7623000144958496,0.7623000144958496,0.7623000144958496,5178.0
2024-10-25 10:26:00+00:00,LINK,4.7204999923706055,4.7204999923706055,5.139999866485596,4.599999904632568,5.139999866485596,66783.0
2024-10-25 10:26:00+00:00,LITE,64.68499755859375,64.68499755859375,64.73999786376953,64.68499755859375,64.69999694824219,1393.0
2024-10-25 10:26:00+00:00,LOGI,80.94999694824219,80.94999694824219,80.94999694824219,80.94999694824219,80.94999694824219,500.0
2024-10-25 10:26:00+00:00,LPSN,1.2050000429153442,1.2050000429153442,1.2100000381469727,1.2050000429153442,1.2100000381469727,15295.0
2024-10-25 10:26:00+00:00,LRCX,79.12000274658203,79.12000274658203,79.23999786376953,79.08000183105469,79.2300033569336,36238.0
2024-10-25 10:26:00+00:00,LUNA,1.774999976158142,1.774999976158142,1.774999976158142,1.774999976158142,1.774999976158142,111.0
2024-10-25 10:26:00+00:00,LYFT,13.680000305175781,13.680000305175781,13.6850004196167,13.675000190734863,13.6850004196167,33871.0
2024-10-25 10:26:00+00:00,MANH,276.9700012207031,276.9700012207031,276.9700012207031,276.9700012207031,276.9700012207031,594.0
2024-10-25 10:26:00+00:00,MCHP,77.29000091552734,77.29000091552734,77.31500244140625,77.25,77.31500244140625,6466.0
2024-10-25 10:26:00+00:00,MDB,267.885009765625,267.885009765625,268.125,267.80999755859375,268.125,1778.0
2024-10-25 10:26:00+00:00,MITK,8.800000190734863,8.800000190734863,8.800000190734863,8.800000190734863,8.800000190734863,1177.0
2024-10-25 10:26:00+00:00,MKSI,101.00499725341797,101.00499725341797,101.00499725341797,100.98999786376953,100.98999786376953,1885.0
2024-10-25 10:26:00+00:00,MNDY,300.4700012207031,300.4700012207031,300.4700012207031,300.4700012207031,300.4700012207031,239.0
2024-10-25 10:26:00+00:00,MPWR,916.989990234375,916.989990234375,916.989990234375,916.989990234375,916.989990234375,204.0
2024-10-25 10:26:00+00:00,MQ,5.304999828338623,5.304999828338623,5.315299987792969,5.304999828338623,5.315299987792969,10297.0
2024-10-25 10:26:00+00:00,MRVL,83.00800323486328,83.00800323486328,83.05999755859375,82.95999908447266,83.05999755859375,13229.0
2024-10-25 10:26:00+00:00,MSFT,430.8800048828125,430.8800048828125,431.3063049316406,430.8399963378906,431.2900085449219,26433.0
2024-10-25 10:26:00+00:00,MSTR,242.50450134277344,242.50450134277344,243.47999572753906,241.6800994873047,243.47999572753906,74515.0
2024-10-25 10:26:00+00:00,MTC,0.3677999973297119,0.3677999973297119,0.3700999915599823,0.3677999973297119,0.36899998784065247,19688.0
2024-10-25 10:26:00+00:00,MTSI,119.54299926757812,119.54299926757812,119.54299926757812,119.38500213623047,119.3949966430664,2233.0
2024-10-25 10:26:00+00:00,MTTR,4.659999847412109,4.659999847412109,4.664999961853027,4.659999847412109,4.664999961853027,1253.0
2024-10-25 10:26:00+00:00,MU,109.6500015258789,109.6500015258789,109.81500244140625,109.60009765625,109.80999755859375,181461.0
2024-10-25 10:26:00+00:00,MVIS,1.1100000143051147,1.1100000143051147,1.1103999614715576,1.1100000143051147,1.1103999614715576,8390.0
2024-10-25 10:26:00+00:00,MXL,14.989999771118164,14.989999771118164,15.010000228881836,14.954999923706055,15.0,6492.0
2024-10-25 10:26:00+00:00,NNDM,2.3403000831604004,2.3403000831604004,2.3499999046325684,2.3403000831604004,2.3499999046325684,1303.0
2024-10-25 10:26:00+00:00,NTAP,120.54000091552734,120.54000091552734,120.55999755859375,120.54000091552734,120.55999755859375,1388.0
2024-10-25 10:26:00+00:00,NTNX,62.67499923706055,62.67499923706055,62.67499923706055,62.67499923706055,62.67499923706055,815.0
2024-10-25 10:26:00+00:00,NVDA,143.32000732421875,143.32000732421875,143.36599731445312,143.1540069580078,143.36599731445312,520846.0
2024-10-25 10:26:00+00:00,NVEI,33.525001525878906,33.525001525878906,33.525001525878906,33.525001525878906,33.525001525878906,506.0
2024-10-25 10:26:00+00:00,NVTS,2.579900026321411,2.579900026321411,2.5799999237060547,2.569999933242798,2.57450008392334,33259.0
2024-10-25 10:26:00+00:00,NXPI,244.49000549316406,244.49000549316406,244.5,244.27999877929688,244.5,3131.0
2024-10-25 10:26:00+00:00,OKTA,72.76000213623047,72.76000213623047,72.86000061035156,72.72000122070312,72.86000061035156,1662.0
2024-10-25 10:26:00+00:00,ON,72.13999938964844,72.13999938964844,72.30000305175781,72.13999938964844,72.30000305175781,15336.0
2024-10-25 10:26:00+00:00,PANW,371.1600036621094,371.1600036621094,371.4599914550781,371.1000061035156,371.2699890136719,8459.0
2024-10-25 10:26:00+00:00,PAYO,8.3149995803833,8.3149995803833,8.3149995803833,8.305000305175781,8.3100004196167,5794.0
2024-10-25 10:26:00+00:00,PEGA,80.83999633789062,80.83999633789062,80.98500061035156,80.80000305175781,80.98500061035156,10167.0
2024-10-25 10:26:00+00:00,PEGY,4.599999904632568,4.599999904632568,4.619999885559082,4.599999904632568,4.619999885559082,3115.0
2024-10-25 10:26:00+00:00,PGY,11.890000343322754,11.890000343322754,11.904999732971191,11.880000114440918,11.904999732971191,1684.0
2024-10-25 10:26:00+00:00,PGYWW,0.17800000309944153,0.17800000309944153,0.17800000309944153,0.17000000178813934,0.17399999499320984,9300.0
2024-10-25 10:26:00+00:00,PHUN,9.619999885559082,9.619999885559082,9.619999885559082,9.529999732971191,9.581999778747559,71797.0
2024-10-25 10:26:00+00:00,PI,198.99000549316406,198.99000549316406,199.0,198.99000549316406,198.9949951171875,1868.0
2024-10-25 10:26:00+00:00,POET,3.9749999046325684,3.9749999046325684,3.9749999046325684,3.9749999046325684,3.9749999046325684,232.0
2024-10-25 10:26:00+00:00,POWI,63.310001373291016,63.310001373291016,63.38999938964844,63.310001373291016,63.35499954223633,4102.0
2024-10-25 10:26:00+00:00,PRCH,1.375,1.375,1.375,1.375,1.375,200.0
2024-10-25 10:26:00+00:00,PRTH,5.40500020980835,5.40500020980835,5.40500020980835,5.400000095367432,5.400000095367432,598.0
2024-10-25 10:26:00+00:00,PUBM,15.180000305175781,15.180000305175781,15.180000305175781,15.180000305175781,15.180000305175781,777.0
2024-10-25 10:26:00+00:00,PYCR,14.42870044708252,14.42870044708252,14.42870044708252,14.42870044708252,14.42870044708252,276.0
2024-10-25 10:26:00+00:00,QCOM,172.36000061035156,172.36000061035156,172.51199340820312,172.32000732421875,172.51199340820312,7784.0
2024-10-25 10:26:00+00:00,QRVO,100.19000244140625,100.19000244140625,100.26000213623047,100.19000244140625,100.26000213623047,2553.0
2024-10-25 10:26:00+00:00,QUBT,1.1380000114440918,1.1380000114440918,1.1399999856948853,1.1380000114440918,1.1396000385284424,6077.0
2024-10-25 10:26:00+00:00,RCAT,2.755000114440918,2.755000114440918,2.759999990463257,2.753999948501587,2.759999990463257,1062.0
2024-10-25 10:26:00+00:00,RELL,13.859999656677246,13.859999656677246,13.859999656677246,13.859999656677246,13.859999656677246,320.0
2024-10-25 10:26:00+00:00,RELY,14.800000190734863,14.800000190734863,14.817999839782715,14.800000190734863,14.8149995803833,1791.0
2024-10-25 10:26:00+00:00,RGTI,1.2799999713897705,1.2799999713897705,1.2799999713897705,1.274999976158142,1.2799999713897705,47216.0
2024-10-25 10:26:00+00:00,RIOT,10.180000305175781,10.180000305175781,10.20989990234375,10.149999618530273,10.206000328063965,154225.0
2024-10-25 10:26:00+00:00,RMBS,42.9900016784668,42.9900016784668,43.0099983215332,42.959999084472656,43.0,2902.0
2024-10-25 10:26:00+00:00,RMNI,1.7400000095367432,1.7400000095367432,1.7400000095367432,1.7400000095367432,1.7400000095367432,345.0
2024-10-25 10:26:00+00:00,RPAY,7.659999847412109,7.659999847412109,7.659999847412109,7.659999847412109,7.659999847412109,255.0
2024-10-25 10:26:00+00:00,RPD,39.52000045776367,39.52000045776367,39.52000045776367,39.51499938964844,39.51499938964844,982.0
2024-10-25 10:26:00+00:00,RUM,5.820000171661377,5.820000171661377,5.820000171661377,5.780099868774414,5.786799907684326,10755.0
2024-10-25 10:26:00+00:00,RUN,14.475000381469727,14.475000381469727,14.489899635314941,14.430000305175781,14.46500015258789,73223.0
2024-10-25 10:26:00+00:00,SANM,67.87000274658203,67.87000274658203,67.87000274658203,67.87000274658203,67.87000274658203,105.0
2024-10-25 10:26:00+00:00,SATS,25.434999465942383,25.434999465942383,25.440000534057617,25.40999984741211,25.440000534057617,1603.0
2024-10-25 10:26:00+00:00,SCWX,8.385000228881836,8.385000228881836,8.385000228881836,8.381099700927734,8.381099700927734,1571.0
2024-10-25 10:26:00+00:00,SEDG,15.845000267028809,15.845000267028809,15.850000381469727,15.815199851989746,15.850000381469727,9123.0
2024-10-25 10:26:00+00:00,SHLS,5.25,5.25,5.260000228881836,5.235000133514404,5.25,20495.0
2024-10-25 10:26:00+00:00,SIMO,56.98500061035156,56.98500061035156,57.06999969482422,56.90999984741211,57.06999969482422,2411.0
2024-10-25 10:26:00+00:00,SKYT,10.630000114440918,10.630000114440918,10.630000114440918,10.630000114440918,10.630000114440918,960.0
2024-10-25 10:26:00+00:00,SLNHP,12.649999618530273,12.649999618530273,12.649999618530273,12.619999885559082,12.619999885559082,1500.0
2024-10-25 10:26:00+00:00,SMCI,48.0,48.0,48.15999984741211,47.959999084472656,48.13059997558594,189527.0
2024-10-25 10:26:00+00:00,SNPS,506.4200134277344,506.4200134277344,506.69000244140625,506.4200134277344,506.69000244140625,1790.0
2024-10-25 10:26:00+00:00,SONO,12.920000076293945,12.920000076293945,12.930000305175781,12.920000076293945,12.930000305175781,554.0
2024-10-25 10:26:00+00:00,SOUN,5.289899826049805,5.289899826049805,5.300000190734863,5.283999919891357,5.300000190734863,36207.0
2024-10-25 10:26:00+00:00,SPSC,183.60000610351562,183.60000610351562,183.83999633789062,183.60000610351562,183.7899932861328,6575.0
2024-10-25 10:26:00+00:00,SPT,27.579999923706055,27.579999923706055,27.579999923706055,27.579999923706055,27.579999923706055,483.0
2024-10-25 10:26:00+00:00,SRAD,12.404000282287598,12.404000282287598,12.40999984741211,12.404000282287598,12.40999984741211,1167.0
2024-10-25 10:26:00+00:00,SSNC,69.94499969482422,69.94499969482422,69.97000122070312,69.94499969482422,69.94999694824219,4283.0
2024-10-25 10:26:00+00:00,STNE,11.505000114440918,11.505000114440918,11.53499984741211,11.505000114440918,11.53499984741211,10222.0
2024-10-25 10:26:00+00:00,STX,104.62000274658203,104.62000274658203,104.8499984741211,104.62000274658203,104.7300033569336,32382.0
2024-10-25 10:26:00+00:00,SWKS,95.94999694824219,95.94999694824219,95.9749984741211,95.94999694824219,95.94999694824219,1610.0
2024-10-25 10:26:00+00:00,SYNA,73.19999694824219,73.19999694824219,73.22000122070312,73.1500015258789,73.22000122070312,2051.0
2024-10-25 10:26:00+00:00,SYTA,1.2302000522613525,1.2302000522613525,1.2396999597549438,1.2200000286102295,1.2350000143051147,4611.0
2024-10-25 10:26:00+00:00,TAIT,2.7699999809265137,2.7699999809265137,2.809999942779541,2.7699999809265137,2.809999942779541,465.0
2024-10-25 10:26:00+00:00,TEAM,190.9199981689453,190.9199981689453,191.3350067138672,190.9199981689453,191.3300018310547,2263.0
2024-10-25 10:26:00+00:00,TENB,41.34000015258789,41.34000015258789,41.34000015258789,41.34000015258789,41.34000015258789,719.0
2024-10-25 10:26:00+00:00,TER,112.62000274658203,112.62000274658203,112.80000305175781,112.62000274658203,112.80000305175781,8559.0
2024-10-25 10:26:00+00:00,TRMB,61.1349983215332,61.1349983215332,61.15999984741211,61.1349983215332,61.15999984741211,6453.0
2024-10-25 10:26:00+00:00,TSEM,45.563899993896484,45.563899993896484,45.563899993896484,45.459999084472656,45.46500015258789,1693.0
2024-10-25 10:26:00+00:00,TTD,120.30000305175781,120.30000305175781,120.5198974609375,120.30000305175781,120.48999786376953,4246.0
2024-10-25 10:26:00+00:00,TWKS,4.454999923706055,4.454999923706055,4.454999923706055,4.454999923706055,4.454999923706055,0.0
2024-10-25 10:26:00+00:00,TXN,210.19000244140625,210.19000244140625,210.27999877929688,210.1300048828125,210.2406005859375,7947.0
2024-10-25 10:26:00+00:00,UCTT,35.91999816894531,35.91999816894531,35.91999816894531,35.900001525878906,35.900001525878906,2409.0
2024-10-25 10:26:00+00:00,VECO,29.610000610351562,29.610000610351562,29.6200008392334,29.610000610351562,29.6200008392334,638.0
2024-10-25 10:26:00+00:00,VERI,3.5399999618530273,3.5399999618530273,3.5450000762939453,3.5399999618530273,3.5399999618530273,1304.0
2024-10-25 10:26:00+00:00,VICR,47.0099983215332,47.0099983215332,47.02000045776367,46.91999816894531,47.02000045776367,2034.0
2024-10-25 10:26:00+00:00,VMEO,4.75,4.75,4.760000228881836,4.75,4.760000228881836,640.0
2024-10-25 10:26:00+00:00,VRNS,57.099998474121094,57.099998474121094,57.19990158081055,57.099998474121094,57.19990158081055,1846.0
2024-10-25 10:26:00+00:00,VRNT,22.360000610351562,22.360000610351562,22.360000610351562,22.360000610351562,22.360000610351562,705.0
2024-10-25 10:26:00+00:00,VSAT,10.359999656677246,10.359999656677246,10.365699768066406,10.359999656677246,10.365699768066406,504.0
2024-10-25 10:26:00+00:00,VVPR,0.7680000066757202,0.7680000066757202,0.7680000066757202,0.7680000066757202,0.7680000066757202,800.0
2024-10-25 10:26:00+00:00,WALD,3.630000114440918,3.630000114440918,3.630000114440918,3.630000114440918,3.630000114440918,200.0
2024-10-25 10:26:00+00:00,WALDW,0.10999999940395355,0.10999999940395355,0.10999999940395355,0.10999999940395355,0.10999999940395355,100.0
2024-10-25 10:26:00+00:00,WDAY,241.4949951171875,241.4949951171875,241.5,241.4949951171875,241.5,799.0
2024-10-25 10:26:00+00:00,WDC,72.77999877929688,72.77999877929688,72.91500091552734,72.58000183105469,72.91500091552734,85337.0
2024-10-25 10:26:00+00:00,WISA,1.840000033378601,1.840000033378601,1.840000033378601,1.8300000429153442,1.8300000429153442,1025.0
2024-10-25 10:26:00+00:00,WRAP,1.8799999952316284,1.8799999952316284,1.8799999952316284,1.8799999952316284,1.8799999952316284,11778.0
2024-10-25 10:26:00+00:00,XPER,9.425000190734863,9.425000190734863,9.425000190734863,9.425000190734863,9.425000190734863,342.0
2024-10-25 10:26:00+00:00,XRX,10.239999771118164,10.239999771118164,10.239999771118164,10.229999542236328,10.234999656677246,935.0
2024-10-25 10:26:00+00:00,ZBRA,364.7900085449219,364.7900085449219,364.8699951171875,364.7900085449219,364.8699951171875,1258.0
2024-10-25 10:26:00+00:00,ZI,10.614999771118164,10.614999771118164,10.614999771118164,10.614999771118164,10.614999771118164,716.0
2024-10-25 10:26:00+00:00,ZM,73.1500015258789,73.1500015258789,73.1500015258789,73.11000061035156,73.11000061035156,4041.0
2024-10-25 10:27:00+00:00,AAOI,17.96190071105957,17.96190071105957,17.96190071105957,17.96190071105957,17.96190071105957,1481.0
2024-10-25 10:27:00+00:00,AAPL,232.0500030517578,232.0500030517578,232.08990478515625,231.93980407714844,231.9600067138672,65729.0
2024-10-25 10:27:00+00:00,ACLS,91.06500244140625,91.06500244140625,91.06500244140625,91.06500244140625,91.06500244140625,353.0
2024-10-25 10:27:00+00:00,ADBE,487.05499267578125,487.05499267578125,487.2699890136719,486.80999755859375,486.9150085449219,11123.0
2024-10-25 10:27:00+00:00,ADI,234.22500610351562,234.22500610351562,234.22500610351562,234.22000122070312,234.22000122070312,1937.0
2024-10-25 10:27:00+00:00,ADSK,287.9200134277344,287.9200134277344,287.9200134277344,287.9200134277344,287.9200134277344,640.0
2024-10-25 10:27:00+00:00,ADTN,6.394999980926514,6.394999980926514,6.394999980926514,6.389999866485596,6.389999866485596,1039.0
2024-10-25 10:27:00+00:00,AEHR,16.639999389648438,16.639999389648438,16.639999389648438,16.565000534057617,16.565000534057617,2908.0
2024-10-25 10:27:00+00:00,AFRM,41.9900016784668,41.9900016784668,42.0099983215332,41.95009994506836,42.0099983215332,7462.0
2024-10-25 10:27:00+00:00,AKAM,103.45999908447266,103.45999908447266,103.45999908447266,103.41500091552734,103.41500091552734,834.0
2024-10-25 10:27:00+00:00,AKTS,0.05909999832510948,0.05909999832510948,0.05920000001788139,0.05909999832510948,0.05920000001788139,19850.0
2024-10-25 10:27:00+00:00,ALGM,22.75,22.75,22.764999389648438,22.725000381469727,22.729999542236328,5517.0
2024-10-25 10:27:00+00:00,ALRM,54.900001525878906,54.900001525878906,54.91999816894531,54.900001525878906,54.900001525878906,1330.0
2024-10-25 10:27:00+00:00,AMAT,188.6699981689453,188.6699981689453,188.8300018310547,188.5,188.5,12169.0
2024-10-25 10:27:00+00:00,AMBA,57.959999084472656,57.959999084472656,57.959999084472656,57.959999084472656,57.959999084472656,162.0
2024-10-25 10:27:00+00:00,AMD,158.3679962158203,158.3679962158203,158.3800048828125,157.95399475097656,158.0,88722.0
2024-10-25 10:27:00+00:00,AMKR,30.059999465942383,30.059999465942383,30.059999465942383,29.9950008392334,29.9950008392334,3119.0
2024-10-25 10:27:00+00:00,AMST,2.8399999141693115,2.8399999141693115,2.8399999141693115,2.8399999141693115,2.8399999141693115,524.0
2024-10-25 10:27:00+00:00,ANY,1.094599962234497,1.094599962234497,1.094599962234497,1.094599962234497,1.094599962234497,4700.0
2024-10-25 10:27:00+00:00,API,2.690000057220459,2.690000057220459,2.690000057220459,2.690000057220459,2.690000057220459,0.0
2024-10-25 10:27:00+00:00,APP,163.25,163.25,163.25,163.02999877929688,163.0500030517578,2309.0
2024-10-25 10:27:00+00:00,APPF,226.6999969482422,226.6999969482422,227.5,226.67999267578125,227.5,3287.0
2024-10-25 10:27:00+00:00,APPN,32.369998931884766,32.369998931884766,32.369998931884766,32.36000061035156,32.36000061035156,406.0
2024-10-25 10:27:00+00:00,APPS,3.140000104904175,3.140000104904175,3.140000104904175,3.140000104904175,3.140000104904175,724.0
2024-10-25 10:27:00+00:00,ARQQ,7.729899883270264,7.729899883270264,7.729899883270264,7.729899883270264,7.729899883270264,222.0
2024-10-25 10:27:00+00:00,ARRY,6.5960001945495605,6.5960001945495605,6.599999904632568,6.570199966430664,6.574999809265137,91863.0
2024-10-25 10:27:00+00:00,ASML,721.9600830078125,721.9600830078125,721.9600830078125,721.489990234375,721.6699829101562,3841.0
2024-10-25 10:27:00+00:00,ASTI,2.690000057220459,2.690000057220459,2.690000057220459,2.690000057220459,2.690000057220459,264.0
2024-10-25 10:27:00+00:00,AUR,6.485000133514404,6.485000133514404,6.489999771118164,6.480000019073486,6.485000133514404,2709.0
2024-10-25 10:27:00+00:00,AVGO,175.30499267578125,175.30499267578125,175.35000610351562,175.24000549316406,175.3249969482422,20590.0
2024-10-25 10:27:00+00:00,AVT,54.86000061035156,54.86000061035156,54.86989974975586,54.82500076293945,54.83000183105469,1186.0
2024-10-25 10:27:00+00:00,BAND,17.825000762939453,17.825000762939453,17.825000762939453,17.825000762939453,17.825000762939453,132.0
2024-10-25 10:27:00+00:00,BCOV,2.265000104904175,2.265000104904175,2.265000104904175,2.265000104904175,2.265000104904175,1046.0
2024-10-25 10:27:00+00:00,BEEM,4.849999904632568,4.849999904632568,4.849999904632568,4.849999904632568,4.849999904632568,280.0
2024-10-25 10:27:00+00:00,BELFB,78.8499984741211,78.8499984741211,78.8499984741211,78.6500015258789,78.6500015258789,271.0
2024-10-25 10:27:00+00:00,BIGC,5.369999885559082,5.369999885559082,5.369999885559082,5.355000019073486,5.355000019073486,1262.0
2024-10-25 10:27:00+00:00,BLKB,86.30999755859375,86.30999755859375,86.30999755859375,86.30999755859375,86.30999755859375,287.0
2024-10-25 10:27:00+00:00,BMBL,7.275000095367432,7.275000095367432,7.275000095367432,7.269999980926514,7.269999980926514,3688.0
2024-10-25 10:27:00+00:00,BRZE,31.020000457763672,31.020000457763672,31.020000457763672,31.020000457763672,31.020000457763672,399.0
2024-10-25 10:27:00+00:00,CAMT,78.27999877929688,78.27999877929688,78.27999877929688,78.27999877929688,78.27999877929688,444.0
2024-10-25 10:27:00+00:00,CAN,0.9986000061035156,0.9986000061035156,0.9998999834060669,0.9986000061035156,0.9993000030517578,10156.0
2024-10-25 10:27:00+00:00,CDNS,259.70001220703125,259.70001220703125,259.8500061035156,259.5050048828125,259.5050048828125,7541.0
2024-10-25 10:27:00+00:00,CETX,0.2989000082015991,0.2989000082015991,0.2989000082015991,0.2989000082015991,0.2989000082015991,2076.0
2024-10-25 10:27:00+00:00,CEVA,24.190000534057617,24.190000534057617,24.2450008392334,24.190000534057617,24.2450008392334,416.0
2024-10-25 10:27:00+00:00,CFLT,22.415000915527344,22.415000915527344,22.415000915527344,22.389999389648438,22.389999389648438,7773.0
2024-10-25 10:27:00+00:00,CGNX,39.31999969482422,39.31999969482422,39.31999969482422,39.29999923706055,39.29999923706055,1613.0
2024-10-25 10:27:00+00:00,CHKP,208.02999877929688,208.02999877929688,208.02999877929688,208.02999877929688,208.02999877929688,537.0
2024-10-25 10:27:00+00:00,CLSK,12.125,12.125,12.130000114440918,12.085000038146973,12.110699653625488,71862.0
2024-10-25 10:27:00+00:00,CMTL,3.7200000286102295,3.7200000286102295,3.7200000286102295,3.690000057220459,3.690000057220459,1218.0
2024-10-25 10:27:00+00:00,CNDT,3.7200000286102295,3.7200000286102295,3.7200000286102295,3.7200000286102295,3.7200000286102295,217.0
2024-10-25 10:27:00+00:00,CNXC,45.255001068115234,45.255001068115234,45.26380157470703,45.255001068115234,45.26380157470703,472.0
2024-10-25 10:27:00+00:00,COHR,96.69000244140625,96.69000244140625,96.7300033569336,96.5999984741211,96.7300033569336,1029.0
2024-10-25 10:27:00+00:00,COIN,212.0543975830078,212.0543975830078,212.12989807128906,211.39999389648438,211.89999389648438,29425.0
2024-10-25 10:27:00+00:00,COMM,6.510000228881836,6.510000228881836,6.514999866485596,6.510000228881836,6.514999866485596,6078.0
2024-10-25 10:27:00+00:00,CORZ,13.595000267028809,13.595000267028809,13.604999542236328,13.574999809265137,13.576000213623047,7203.0
2024-10-25 10:27:00+00:00,CRCT,6.514999866485596,6.514999866485596,6.514999866485596,6.514999866485596,6.514999866485596,182.0
2024-10-25 10:27:00+00:00,CRDO,39.63999938964844,39.63999938964844,39.650001525878906,39.619998931884766,39.650001525878906,2035.0
2024-10-25 10:27:00+00:00,CRNC,2.875,2.875,2.880000114440918,2.865499973297119,2.865499973297119,6336.0
2024-10-25 10:27:00+00:00,CRWD,309.6700134277344,309.6700134277344,309.7998962402344,309.4501037597656,309.54998779296875,4468.0
2024-10-25 10:27:00+00:00,CSCO,56.42499923706055,56.42499923706055,56.42499923706055,56.3849983215332,56.38999938964844,15395.0
2024-10-25 10:27:00+00:00,CSIQ,13.555000305175781,13.555000305175781,13.579999923706055,13.489999771118164,13.489999771118164,8418.0
2024-10-25 10:27:00+00:00,CTSH,75.18000030517578,75.18000030517578,75.18000030517578,75.16999816894531,75.18000030517578,2785.0
2024-10-25 10:27:00+00:00,CYBR,296.18499755859375,296.18499755859375,296.18499755859375,296.18499755859375,296.18499755859375,1496.0
2024-10-25 10:27:00+00:00,DATS,1.6375000476837158,1.6375000476837158,1.6375000476837158,1.6349999904632568,1.6349999904632568,8000.0
2024-10-25 10:27:00+00:00,DBX,26.094999313354492,26.094999313354492,26.104999542236328,26.094999313354492,26.100000381469727,2820.0
2024-10-25 10:27:00+00:00,DDOG,126.9000015258789,126.9000015258789,127.0,126.83999633789062,127.0,20046.0
2024-10-25 10:27:00+00:00,DGII,30.2549991607666,30.2549991607666,30.2549991607666,30.2549991607666,30.2549991607666,386.0
2024-10-25 10:27:00+00:00,DOCU,70.56999969482422,70.56999969482422,70.5999984741211,70.51000213623047,70.55999755859375,3055.0
2024-10-25 10:27:00+00:00,DOMO,8.029999732971191,8.029999732971191,8.029999732971191,8.029999732971191,8.029999732971191,897.0
2024-10-25 10:27:00+00:00,DSGX,105.02999877929688,105.02999877929688,105.02999877929688,105.02999877929688,105.02999877929688,320.0
2024-10-25 10:27:00+00:00,DUOL,286.2049865722656,286.2049865722656,286.2049865722656,286.2049865722656,286.2049865722656,636.0
2024-10-25 10:27:00+00:00,EEFT,102.2699966430664,102.2699966430664,102.2699966430664,102.2699966430664,102.2699966430664,685.0
2024-10-25 10:27:00+00:00,ENPH,82.34210205078125,82.34210205078125,82.43000030517578,82.072998046875,82.10900115966797,21046.0
2024-10-25 10:27:00+00:00,ENTG,104.72000122070312,104.72000122070312,104.76000213623047,104.72000122070312,104.74500274658203,1410.0
2024-10-25 10:27:00+00:00,ERIC,8.515000343322754,8.515000343322754,8.515000343322754,8.515000343322754,8.515000343322754,5200.0
2024-10-25 10:27:00+00:00,EXTR,14.5649995803833,14.5649995803833,14.569999694824219,14.5649995803833,14.569999694824219,365.0
2024-10-25 10:27:00+00:00,FFIV,216.63499450683594,216.63499450683594,216.63499450683594,216.63499450683594,216.63499450683594,645.0
2024-10-25 10:27:00+00:00,FIVN,30.600000381469727,30.600000381469727,30.600000381469727,30.600000381469727,30.600000381469727,230.0
2024-10-25 10:27:00+00:00,FLEX,35.61000061035156,35.61000061035156,35.619998931884766,35.58000183105469,35.58000183105469,2816.0
2024-10-25 10:27:00+00:00,FLYW,17.56999969482422,17.56999969482422,17.56999969482422,17.56999969482422,17.56999969482422,138.0
2024-10-25 10:27:00+00:00,FROG,29.56999969482422,29.56999969482422,29.56999969482422,29.56999969482422,29.56999969482422,801.0
2024-10-25 10:27:00+00:00,FRSH,11.729999542236328,11.729999542236328,11.729999542236328,11.729999542236328,11.729999542236328,2004.0
2024-10-25 10:27:00+00:00,FSLR,200.16000366210938,200.16000366210938,200.1999969482422,199.99000549316406,200.00999450683594,5893.0
2024-10-25 10:27:00+00:00,FTNT,81.44000244140625,81.44000244140625,81.44000244140625,81.36319732666016,81.375,4710.0
2024-10-25 10:27:00+00:00,GCT,25.75,25.75,25.75,25.665000915527344,25.709999084472656,5764.0
2024-10-25 10:27:00+00:00,GFS,41.25,41.25,41.2599983215332,41.13999938964844,41.13999938964844,13319.0
2024-10-25 10:27:00+00:00,GPRO,1.3250000476837158,1.3250000476837158,1.3250000476837158,1.3250000476837158,1.3250000476837158,902.0
2024-10-25 10:27:00+00:00,GRAB,4.090000152587891,4.090000152587891,4.090000152587891,4.079999923706055,4.079999923706055,35786.0
2024-10-25 10:27:00+00:00,GRRR,4.650000095367432,4.650000095367432,4.650000095367432,4.650000095367432,4.650000095367432,0.0
2024-10-25 10:27:00+00:00,GTLB,55.897701263427734,55.897701263427734,55.95000076293945,55.897701263427734,55.95000076293945,806.0
2024-10-25 10:27:00+00:00,GVP,4.619999885559082,4.619999885559082,4.619999885559082,4.619999885559082,4.619999885559082,256.0
2024-10-25 10:27:00+00:00,HCP,33.6349983215332,33.6349983215332,33.6349983215332,33.630001068115234,33.630001068115234,8328.0
2024-10-25 10:27:00+00:00,HIMX,6.184999942779541,6.184999942779541,6.184999942779541,6.179999828338623,6.179999828338623,1369.0
2024-10-25 10:27:00+00:00,HLIT,14.819999694824219,14.819999694824219,14.819999694824219,14.789999961853027,14.8100004196167,20495.0
2024-10-25 10:27:00+00:00,HOLO,3.75,3.75,3.7755000591278076,3.75,3.7699999809265137,26394.0
2024-10-25 10:27:00+00:00,HOOD,27.43000030517578,27.43000030517578,27.43000030517578,27.415000915527344,27.424999237060547,5422.0
2024-10-25 10:27:00+00:00,HTCR,1.0734000205993652,1.0734000205993652,1.0734000205993652,1.0734000205993652,1.0734000205993652,288.0
2024-10-25 10:27:00+00:00,ICHR,27.719999313354492,27.719999313354492,27.719999313354492,27.719999313354492,27.719999313354492,348.0
2024-10-25 10:27:00+00:00,INDI,3.5850000381469727,3.5850000381469727,3.5850000381469727,3.5850000381469727,3.5850000381469727,190.0
2024-10-25 10:27:00+00:00,INOD,20.290000915527344,20.290000915527344,20.290000915527344,20.290000915527344,20.290000915527344,982.0
2024-10-25 10:27:00+00:00,INTA,50.400001525878906,50.400001525878906,50.400001525878906,50.400001525878906,50.400001525878906,200.0
2024-10-25 10:27:00+00:00,INTC,23.165000915527344,23.165000915527344,23.165000915527344,23.101999282836914,23.13990020751953,251375.0
2024-10-25 10:27:00+00:00,INTU,613.4299926757812,613.4299926757812,613.4299926757812,613.4299926757812,613.4299926757812,1554.0
2024-10-25 10:27:00+00:00,INTZ,0.7468000054359436,0.7468000054359436,0.7468000054359436,0.7301999926567078,0.7301999926567078,2610.0
2024-10-25 10:27:00+00:00,INVE,3.6500000953674316,3.6500000953674316,3.6500000953674316,3.6500000953674316,3.6500000953674316,0.0
2024-10-25 10:27:00+00:00,JKHY,185.1699981689453,185.1699981689453,185.25999450683594,185.16000366210938,185.19000244140625,7989.0
2024-10-25 10:27:00+00:00,KC,2.765000104904175,2.765000104904175,2.765000104904175,2.759999990463257,2.759999990463257,9732.0
2024-10-25 10:27:00+00:00,KLAC,679.1300048828125,679.1300048828125,679.1300048828125,678.0850219726562,678.5750122070312,1736.0
2024-10-25 10:27:00+00:00,KLIC,44.75,44.75,44.75,44.685001373291016,44.685001373291016,1476.0
2024-10-25 10:27:00+00:00,KLTR,1.340000033378601,1.340000033378601,1.340000033378601,1.340000033378601,1.340000033378601,236.0
2024-10-25 10:27:00+00:00,KOPN,0.7599999904632568,0.7599999904632568,0.7599999904632568,0.7599999904632568,0.7599999904632568,17917.0
2024-10-25 10:27:00+00:00,LINK,4.75,4.75,4.830699920654297,4.596499919891357,4.710100173950195,31355.0
2024-10-25 10:27:00+00:00,LITE,64.66500091552734,64.66500091552734,64.66500091552734,64.66500091552734,64.66500091552734,643.0
2024-10-25 10:27:00+00:00,LOGI,80.93499755859375,80.93499755859375,80.93499755859375,80.93499755859375,80.93499755859375,760.0
2024-10-25 10:27:00+00:00,LPSN,1.190000057220459,1.190000057220459,1.190000057220459,1.190000057220459,1.190000057220459,836.0
2024-10-25 10:27:00+00:00,LRCX,79.11430358886719,79.11430358886719,79.13999938964844,79.0,79.11000061035156,63480.0
2024-10-25 10:27:00+00:00,LSCC,54.84749984741211,54.84749984741211,54.84749984741211,54.779998779296875,54.779998779296875,1817.0
2024-10-25 10:27:00+00:00,LYFT,13.68970012664795,13.68970012664795,13.6899995803833,13.670000076293945,13.673700332641602,29871.0
2024-10-25 10:27:00+00:00,MANH,276.9700012207031,276.9700012207031,276.9700012207031,276.5450134277344,276.5450134277344,847.0
2024-10-25 10:27:00+00:00,MAPS,0.8575999736785889,0.8575999736785889,0.8575999736785889,0.8575999736785889,0.8575999736785889,114.0
2024-10-25 10:27:00+00:00,MAXN,5.659999847412109,5.659999847412109,5.659999847412109,5.659999847412109,5.659999847412109,321.0
2024-10-25 10:27:00+00:00,MCHP,77.29000091552734,77.29000091552734,77.29499816894531,77.25,77.29499816894531,6296.0
2024-10-25 10:27:00+00:00,MDB,268.1099853515625,268.1099853515625,268.3299865722656,267.7349853515625,267.8800048828125,2534.0
2024-10-25 10:27:00+00:00,MIND,3.5,3.5,3.5,3.5,3.5,204.0
2024-10-25 10:27:00+00:00,MKTW,0.5976999998092651,0.5976999998092651,0.6025999784469604,0.5950999855995178,0.5950999855995178,5028.0
2024-10-25 10:27:00+00:00,MNDY,300.3450012207031,300.3450012207031,300.3450012207031,300.3450012207031,300.3450012207031,260.0
2024-10-25 10:27:00+00:00,MPWR,916.989990234375,916.989990234375,918.3098754882812,916.989990234375,917.635009765625,1400.0
2024-10-25 10:27:00+00:00,MRVL,83.12989807128906,83.12989807128906,83.12989807128906,82.94999694824219,83.0,8123.0
2024-10-25 10:27:00+00:00,MSFT,430.9599914550781,430.9599914550781,431.00750732421875,430.7200012207031,430.7900085449219,25757.0
2024-10-25 10:27:00+00:00,MSTR,242.89999389648438,242.89999389648438,242.89999389648438,242.0399932861328,242.5,131080.0
2024-10-25 10:27:00+00:00,MTC,0.36890000104904175,0.36890000104904175,0.36890000104904175,0.36890000104904175,0.36890000104904175,0.0
2024-10-25 10:27:00+00:00,MTLS,6.033999919891357,6.033999919891357,6.033999919891357,6.033999919891357,6.033999919891357,266.0
2024-10-25 10:27:00+00:00,MU,109.66500091552734,109.66500091552734,109.68000030517578,109.58999633789062,109.63289642333984,27576.0
2024-10-25 10:27:00+00:00,MXL,15.0,15.0,15.0,14.989999771118164,14.989999771118164,3857.0
2024-10-25 10:27:00+00:00,NCNO,38.31999969482422,38.31999969482422,38.349998474121094,38.31999969482422,38.349998474121094,1919.0
2024-10-25 10:27:00+00:00,NICE,177.58999633789062,177.58999633789062,177.58999633789062,177.58999633789062,177.58999633789062,267.0
2024-10-25 10:27:00+00:00,NNDM,2.3450000286102295,2.3450000286102295,2.3499999046325684,2.3399999141693115,2.3399999141693115,1161.0
2024-10-25 10:27:00+00:00,NSIT,212.22999572753906,212.22999572753906,212.22999572753906,212.17999267578125,212.17999267578125,314.0
2024-10-25 10:27:00+00:00,NTAP,120.5999984741211,120.5999984741211,120.5999984741211,120.5999984741211,120.5999984741211,520.0
2024-10-25 10:27:00+00:00,NTNX,62.58000183105469,62.58000183105469,62.58000183105469,62.56999969482422,62.56999969482422,810.0
2024-10-25 10:27:00+00:00,NVDA,143.5050048828125,143.5050048828125,143.5500030517578,143.22999572753906,143.32000732421875,1220576.0
2024-10-25 10:27:00+00:00,NVEI,33.525001525878906,33.525001525878906,33.525001525878906,33.525001525878906,33.525001525878906,400.0
2024-10-25 10:27:00+00:00,NVMI,184.58999633789062,184.58999633789062,184.74000549316406,184.58999633789062,184.74000549316406,266.0
2024-10-25 10:27:00+00:00,NVTS,2.57450008392334,2.57450008392334,2.578000068664551,2.5713000297546387,2.578000068664551,12490.0
2024-10-25 10:27:00+00:00,NXPI,244.5800018310547,244.5800018310547,244.5800018310547,244.35000610351562,244.35000610351562,2921.0
2024-10-25 10:27:00+00:00,OKTA,72.80000305175781,72.80000305175781,72.80000305175781,72.80000305175781,72.80000305175781,258.0
2024-10-25 10:27:00+00:00,ON,72.29000091552734,72.29000091552734,72.29000091552734,72.12999725341797,72.1500015258789,9994.0
2024-10-25 10:27:00+00:00,PANW,370.70001220703125,370.70001220703125,371.125,370.70001220703125,371.125,6277.0
2024-10-25 10:27:00+00:00,PAYO,8.305000305175781,8.305000305175781,8.3100004196167,8.305000305175781,8.3100004196167,3671.0
2024-10-25 10:27:00+00:00,PAYS,3.7850000858306885,3.7850000858306885,3.7850000858306885,3.7850000858306885,3.7850000858306885,1000.0
2024-10-25 10:27:00+00:00,PEGA,80.83999633789062,80.83999633789062,80.83999633789062,80.80570220947266,80.83999633789062,3884.0
2024-10-25 10:27:00+00:00,PEGY,4.610000133514404,4.610000133514404,4.610000133514404,4.580100059509277,4.580100059509277,535.0
2024-10-25 10:27:00+00:00,PGY,11.890000343322754,11.890000343322754,11.890000343322754,11.890000343322754,11.890000343322754,191.0
2024-10-25 10:27:00+00:00,PGYWW,0.17800000309944153,0.17800000309944153,0.17800000309944153,0.17000000178813934,0.17800000309944153,3600.0
2024-10-25 10:27:00+00:00,PHUN,9.645000457763672,9.645000457763672,9.680000305175781,9.619999885559082,9.619999885559082,90597.0
2024-10-25 10:27:00+00:00,PI,199.13499450683594,199.13499450683594,199.61000061035156,198.625,198.97500610351562,6718.0
2024-10-25 10:27:00+00:00,PLAB,23.700000762939453,23.700000762939453,23.719999313354492,23.700000762939453,23.719999313354492,928.0
2024-10-25 10:27:00+00:00,POET,3.9800000190734863,3.9800000190734863,3.984999895095825,3.9800000190734863,3.9800000190734863,7215.0
2024-10-25 10:27:00+00:00,POWI,63.34000015258789,63.34000015258789,63.400001525878906,63.34000015258789,63.345001220703125,6839.0
2024-10-25 10:27:00+00:00,PRCH,1.3799999952316284,1.3799999952316284,1.3799999952316284,1.375,1.375,1011.0
2024-10-25 10:27:00+00:00,PUBM,15.180000305175781,15.180000305175781,15.180000305175781,15.180000305175781,15.180000305175781,174.0
2024-10-25 10:27:00+00:00,PYCR,14.420000076293945,14.420000076293945,14.420000076293945,14.420000076293945,14.420000076293945,1013.0
2024-10-25 10:27:00+00:00,QCOM,172.46499633789062,172.46499633789062,172.47000122070312,172.3300018310547,172.36000061035156,15084.0
2024-10-25 10:27:00+00:00,QRVO,100.2300033569336,100.2300033569336,100.2300033569336,100.15499877929688,100.16000366210938,3033.0
2024-10-25 10:27:00+00:00,QUBT,1.1399999856948853,1.1399999856948853,1.1399999856948853,1.1399999856948853,1.1399999856948853,18665.0
2024-10-25 10:27:00+00:00,RCAT,2.755000114440918,2.755000114440918,2.755000114440918,2.755000114440918,2.755000114440918,378.0
2024-10-25 10:27:00+00:00,REKR,1.100000023841858,1.100000023841858,1.100000023841858,1.100000023841858,1.100000023841858,525.0
2024-10-25 10:27:00+00:00,RELY,14.789999961853027,14.789999961853027,14.800000190734863,14.789999961853027,14.800000190734863,900.0
2024-10-25 10:27:00+00:00,RGTI,1.284999966621399,1.284999966621399,1.2851999998092651,1.284999966621399,1.2851999998092651,2019.0
2024-10-25 10:27:00+00:00,RIOT,10.210000038146973,10.210000038146973,10.210000038146973,10.154000282287598,10.175000190734863,51624.0
2024-10-25 10:27:00+00:00,RMBS,43.02000045776367,43.02000045776367,43.02000045776367,43.0,43.0,1163.0
2024-10-25 10:27:00+00:00,RPAY,7.65500020980835,7.65500020980835,7.65500020980835,7.65500020980835,7.65500020980835,1085.0
2024-10-25 10:27:00+00:00,RUM,5.815000057220459,5.815000057220459,5.824999809265137,5.809999942779541,5.824999809265137,9559.0
2024-10-25 10:27:00+00:00,RUN,14.515000343322754,14.515000343322754,14.515000343322754,14.47599983215332,14.47599983215332,21220.0
2024-10-25 10:27:00+00:00,SANM,67.79000091552734,67.79000091552734,67.86000061035156,67.79000091552734,67.86000061035156,408.0
2024-10-25 10:27:00+00:00,SATS,25.43000030517578,25.43000030517578,25.440000534057617,25.399999618530273,25.399999618530273,3268.0
2024-10-25 10:27:00+00:00,SEDG,15.829999923706055,15.829999923706055,15.854999542236328,15.829999923706055,15.84000015258789,4716.0
2024-10-25 10:27:00+00:00,SHLS,5.239999771118164,5.239999771118164,5.241499900817871,5.239999771118164,5.241499900817871,2697.0
2024-10-25 10:27:00+00:00,SKYT,10.595000267028809,10.595000267028809,10.600000381469727,10.595000267028809,10.600000381469727,838.0
2024-10-25 10:27:00+00:00,SLNH,4.21999979019165,4.21999979019165,4.21999979019165,4.21999979019165,4.21999979019165,356.0
2024-10-25 10:27:00+00:00,SMCI,48.13999938964844,48.13999938964844,48.150001525878906,47.91999816894531,47.97999954223633,180402.0
2024-10-25 10:27:00+00:00,SNPS,506.42999267578125,506.42999267578125,506.42999267578125,506.42498779296875,506.42498779296875,642.0
2024-10-25 10:27:00+00:00,SONO,12.914999961853027,12.914999961853027,12.920000076293945,12.90999984741211,12.920000076293945,1997.0
2024-10-25 10:27:00+00:00,SOUN,5.284999847412109,5.284999847412109,5.289999961853027,5.28000020980835,5.283999919891357,49693.0
2024-10-25 10:27:00+00:00,SPSC,183.3300018310547,183.3300018310547,183.80999755859375,183.0800018310547,183.36000061035156,2424.0
2024-10-25 10:27:00+00:00,SRAD,12.399999618530273,12.399999618530273,12.399999618530273,12.399999618530273,12.399999618530273,298.0
2024-10-25 10:27:00+00:00,SSNC,69.9749984741211,69.9749984741211,69.9800033569336,69.95500183105469,69.95999908447266,5249.0
2024-10-25 10:27:00+00:00,SSYS,7.150000095367432,7.150000095367432,7.150000095367432,7.150000095367432,7.150000095367432,600.0
2024-10-25 10:27:00+00:00,STER,16.809999465942383,16.809999465942383,16.809999465942383,16.809999465942383,16.809999465942383,417.0
2024-10-25 10:27:00+00:00,STNE,11.524999618530273,11.524999618530273,11.524999618530273,11.505000114440918,11.509200096130371,7123.0
2024-10-25 10:27:00+00:00,STX,104.66999816894531,104.66999816894531,104.75,104.6050033569336,104.70999908447266,11045.0
2024-10-25 10:27:00+00:00,SVRE,0.08489999920129776,0.08489999920129776,0.08489999920129776,0.08479999750852585,0.08479999750852585,11204.0
2024-10-25 10:27:00+00:00,SWKS,95.96499633789062,95.96499633789062,95.97000122070312,95.91999816894531,95.91999816894531,2011.0
2024-10-25 10:27:00+00:00,SYNA,73.37999725341797,73.37999725341797,73.37999725341797,73.37999725341797,73.37999725341797,823.0
2024-10-25 10:27:00+00:00,SYTA,1.25,1.25,1.25,1.2301000356674194,1.2400000095367432,19543.0
2024-10-25 10:27:00+00:00,TAIT,2.8013999462127686,2.8013999462127686,2.8013999462127686,2.8013999462127686,2.8013999462127686,267.0
2024-10-25 10:27:00+00:00,TEAM,190.72000122070312,190.72000122070312,190.72000122070312,190.72000122070312,190.72000122070312,381.0
2024-10-25 10:27:00+00:00,TENB,41.32939910888672,41.32939910888672,41.32939910888672,41.32939910888672,41.32939910888672,183.0
2024-10-25 10:27:00+00:00,TER,112.70500183105469,112.70500183105469,112.70500183105469,112.55000305175781,112.62000274658203,4831.0
2024-10-25 10:27:00+00:00,TLS,3.634999990463257,3.634999990463257,3.634999990463257,3.634999990463257,3.634999990463257,503.0
2024-10-25 10:27:00+00:00,TRMB,61.18000030517578,61.18000030517578,61.18000030517578,61.15999984741211,61.15999984741211,853.0
2024-10-25 10:27:00+00:00,TSEM,45.48500061035156,45.48500061035156,45.560001373291016,45.470001220703125,45.54999923706055,1754.0
2024-10-25 10:27:00+00:00,TTD,120.37999725341797,120.37999725341797,120.37999725341797,120.21499633789062,120.2300033569336,6258.0
2024-10-25 10:27:00+00:00,TTEC,5.449999809265137,5.449999809265137,5.449999809265137,5.449900150299072,5.449900150299072,4070.0
2024-10-25 10:27:00+00:00,TTMI,19.6200008392334,19.6200008392334,19.6200008392334,19.600000381469727,19.600000381469727,539.0
2024-10-25 10:27:00+00:00,TWKS,4.449999809265137,4.449999809265137,4.449999809265137,4.449999809265137,4.449999809265137,11339.0
2024-10-25 10:27:00+00:00,TXN,210.21499633789062,210.21499633789062,210.2711944580078,210.16200256347656,210.22999572753906,6971.0
2024-10-25 10:27:00+00:00,VCSA,2.440000057220459,2.440000057220459,2.440000057220459,2.440000057220459,2.440000057220459,0.0
2024-10-25 10:27:00+00:00,VECO,29.600000381469727,29.600000381469727,29.600000381469727,29.600000381469727,29.600000381469727,536.0
2024-10-25 10:27:00+00:00,VERB,10.225000381469727,10.225000381469727,10.225000381469727,10.225000381469727,10.225000381469727,2075.0
2024-10-25 10:27:00+00:00,VERI,3.5399999618530273,3.5399999618530273,3.5399999618530273,3.5399999618530273,3.5399999618530273,431.0
2024-10-25 10:27:00+00:00,VERX,42.47999954223633,42.47999954223633,42.47999954223633,42.47999954223633,42.47999954223633,411.0
2024-10-25 10:27:00+00:00,VIAV,9.25,9.25,9.25,9.25,9.25,827.0
2024-10-25 10:27:00+00:00,VMEO,4.760000228881836,4.760000228881836,4.760000228881836,4.760000228881836,4.760000228881836,124.0
2024-10-25 10:27:00+00:00,VRNT,22.360000610351562,22.360000610351562,22.360000610351562,22.350000381469727,22.360000610351562,499.0
2024-10-25 10:27:00+00:00,VRSN,187.9394073486328,187.9394073486328,187.9394073486328,187.9394073486328,187.9394073486328,758.0
2024-10-25 10:27:00+00:00,VSAT,10.385000228881836,10.385000228881836,10.390000343322754,10.369999885559082,10.369999885559082,2622.0
2024-10-25 10:27:00+00:00,VVPR,0.7687000036239624,0.7687000036239624,0.7687000036239624,0.7687000036239624,0.7687000036239624,400.0
2024-10-25 10:27:00+00:00,WDAY,241.36000061035156,241.36000061035156,241.36000061035156,241.36000061035156,241.36000061035156,1163.0
2024-10-25 10:27:00+00:00,WDC,72.61000061035156,72.61000061035156,72.87999725341797,72.56999969482422,72.80999755859375,70923.0
2024-10-25 10:27:00+00:00,WISA,1.8309999704360962,1.8309999704360962,1.8350000381469727,1.8309999704360962,1.8350000381469727,808.0
2024-10-25 10:27:00+00:00,WRAP,1.8600000143051147,1.8600000143051147,1.8600000143051147,1.8600000143051147,1.8600000143051147,0.0
2024-10-25 10:27:00+00:00,XRX,10.239899635314941,10.239899635314941,10.239899635314941,10.234999656677246,10.234999656677246,982.0
2024-10-25 10:27:00+00:00,ZBRA,364.8999938964844,364.8999938964844,364.8999938964844,364.8999938964844,364.8999938964844,1300.0
2024-10-25 10:27:00+00:00,ZENV,1.3588000535964966,1.3588000535964966,1.3588000535964966,1.3588000535964966,1.3588000535964966,840.0
2024-10-25 10:27:00+00:00,ZI,10.614999771118164,10.614999771118164,10.614999771118164,10.614999771118164,10.614999771118164,1105.0
2024-10-25 10:27:00+00:00,ZM,73.23400115966797,73.23400115966797,73.23400115966797,73.12999725341797,73.1449966430664,5050.0
2024-10-25 10:27:00+00:00,ZS,186.7100067138672,186.7100067138672,186.7100067138672,186.6103057861328,186.6103057861328,1134.0
2024-10-25 10:28:00+00:00,AAOI,18.06999969482422,18.06999969482422,18.06999969482422,18.020000457763672,18.020000457763672,3353.0
2024-10-25 10:28:00+00:00,AAPL,232.08999633789062,232.08999633789062,232.17999267578125,231.97000122070312,232.05999755859375,69699.0
2024-10-25 10:28:00+00:00,ACIW,49.47999954223633,49.47999954223633,49.47999954223633,49.47999954223633,49.47999954223633,582.0
2024-10-25 10:28:00+00:00,ACLS,91.27999877929688,91.27999877929688,91.27999877929688,91.2699966430664,91.2699966430664,1073.0
2024-10-25 10:28:00+00:00,ACMR,19.97800064086914,19.97800064086914,19.97800064086914,19.879199981689453,19.879199981689453,7109.0
2024-10-25 10:28:00+00:00,ADBE,487.30999755859375,487.30999755859375,487.45001220703125,487.1300048828125,487.32000732421875,3086.0
2024-10-25 10:28:00+00:00,ADI,234.35000610351562,234.35000610351562,234.35000610351562,234.11000061035156,234.22500610351562,3417.0
2024-10-25 10:28:00+00:00,ADSK,288.3800048828125,288.3800048828125,288.3800048828125,288.05999755859375,288.05999755859375,1801.0
2024-10-25 10:28:00+00:00,ADTN,6.400000095367432,6.400000095367432,6.400000095367432,6.400000095367432,6.400000095367432,344.0
2024-10-25 10:28:00+00:00,AEHR,16.804000854492188,16.804000854492188,16.83300018310547,16.700000762939453,16.709999084472656,13109.0
2024-10-25 10:28:00+00:00,AFRM,42.029998779296875,42.029998779296875,42.06999969482422,42.005001068115234,42.0099983215332,5645.0
2024-10-25 10:28:00+00:00,AGMH,1.8600000143051147,1.8600000143051147,1.8600000143051147,1.8600000143051147,1.8600000143051147,448.0
2024-10-25 10:28:00+00:00,AKTS,0.05920000001788139,0.05920000001788139,0.05920000001788139,0.05920000001788139,0.05920000001788139,10001.0
2024-10-25 10:28:00+00:00,ALGM,22.78499984741211,22.78499984741211,22.799999237060547,22.780000686645508,22.780000686645508,5469.0
2024-10-25 10:28:00+00:00,ALKT,38.279998779296875,38.279998779296875,38.279998779296875,38.279998779296875,38.279998779296875,702.0
2024-10-25 10:28:00+00:00,ALOT,14.5,14.5,14.5,14.5,14.5,200.0
2024-10-25 10:28:00+00:00,ALRM,55.04499816894531,55.04499816894531,55.04499816894531,55.0,55.0,1082.0
2024-10-25 10:28:00+00:00,ALTR,106.05999755859375,106.05999755859375,106.06999969482422,105.94999694824219,106.0,4335.0
2024-10-25 10:28:00+00:00,AMAT,189.16000366210938,189.16000366210938,189.19000244140625,188.75999450683594,188.75999450683594,13427.0
2024-10-25 10:28:00+00:00,AMBA,58.18000030517578,58.18000030517578,58.18000030517578,58.15999984741211,58.15999984741211,470.0
2024-10-25 10:28:00+00:00,AMD,158.63999938964844,158.63999938964844,158.6699981689453,158.35000610351562,158.36500549316406,131693.0
2024-10-25 10:28:00+00:00,AMPL,9.270000457763672,9.270000457763672,9.270000457763672,9.270000457763672,9.270000457763672,470.0
2024-10-25 10:28:00+00:00,ANSS,326.739990234375,326.739990234375,326.739990234375,326.6400146484375,326.6400146484375,1951.0
2024-10-25 10:28:00+00:00,ANY,1.100000023841858,1.100000023841858,1.100000023841858,1.100000023841858,1.100000023841858,1101.0
2024-10-25 10:28:00+00:00,API,2.694999933242798,2.694999933242798,2.694999933242798,2.694999933242798,2.694999933242798,202.0
2024-10-25 10:28:00+00:00,APP,163.75,163.75,163.75,163.44000244140625,163.44000244140625,2564.0
2024-10-25 10:28:00+00:00,APPS,3.1480000019073486,3.1480000019073486,3.1500000953674316,3.1449999809265137,3.1449999809265137,7001.0
2024-10-25 10:28:00+00:00,ARRY,6.599999904632568,6.599999904632568,6.599999904632568,6.585000038146973,6.593900203704834,24181.0
2024-10-25 10:28:00+00:00,ASML,723.0,723.0,723.0,722.2000122070312,722.2000122070312,3449.0
2024-10-25 10:28:00+00:00,ASNS,1.340000033378601,1.340000033378601,1.340000033378601,1.340000033378601,1.340000033378601,103.0
2024-10-25 10:28:00+00:00,ATOM,3.329900026321411,3.329900026321411,3.329900026321411,3.329900026321411,3.329900026321411,501.0
2024-10-25 10:28:00+00:00,AUDC,9.180000305175781,9.180000305175781,9.180000305175781,9.180000305175781,9.180000305175781,425.0
2024-10-25 10:28:00+00:00,AUR,6.485000133514404,6.485000133514404,6.4899001121521,6.485000133514404,6.485000133514404,4925.0
2024-10-25 10:28:00+00:00,AVDX,8.234999656677246,8.234999656677246,8.239999771118164,8.234999656677246,8.234999656677246,7388.0
2024-10-25 10:28:00+00:00,AVGO,175.5800018310547,175.5800018310547,175.60000610351562,175.2899932861328,175.30999755859375,39602.0
2024-10-25 10:28:00+00:00,AVNW,21.0,21.0,21.0,21.0,21.0,701.0
2024-10-25 10:28:00+00:00,AVPT,12.095000267028809,12.095000267028809,12.095000267028809,12.095000267028809,12.095000267028809,252.0
2024-10-25 10:28:00+00:00,AVT,54.900001525878906,54.900001525878906,54.900001525878906,54.8650016784668,54.8650016784668,1044.0
2024-10-25 10:28:00+00:00,BAND,17.809999465942383,17.809999465942383,17.809999465942383,17.809999465942383,17.809999465942383,168.0
2024-10-25 10:28:00+00:00,BCOV,2.279900074005127,2.279900074005127,2.279900074005127,2.279900074005127,2.279900074005127,2.0
2024-10-25 10:28:00+00:00,BELFB,78.88999938964844,78.88999938964844,78.88999938964844,78.88999938964844,78.88999938964844,856.0
2024-10-25 10:28:00+00:00,BL,56.91999816894531,56.91999816894531,56.91999816894531,56.91999816894531,56.91999816894531,905.0
2024-10-25 10:28:00+00:00,BMBL,7.289999961853027,7.289999961853027,7.289999961853027,7.275000095367432,7.275000095367432,2401.0
2024-10-25 10:28:00+00:00,BRZE,31.059999465942383,31.059999465942383,31.059999465942383,31.059999465942383,31.059999465942383,1099.0
2024-10-25 10:28:00+00:00,BSY,49.31999969482422,49.31999969482422,49.31999969482422,49.31999969482422,49.31999969482422,322.0
2024-10-25 10:28:00+00:00,CAN,0.9993000030517578,0.9993000030517578,0.9998999834060669,0.9991999864578247,0.9998999834060669,1652.0
2024-10-25 10:28:00+00:00,CDNS,260.0799865722656,260.0799865722656,260.0799865722656,259.739990234375,259.7799987792969,3711.0
2024-10-25 10:28:00+00:00,CDW,219.89999389648438,219.89999389648438,220.0,219.80999755859375,219.94000244140625,2211.0
2024-10-25 10:28:00+00:00,CFLT,22.454999923706055,22.454999923706055,22.489999771118164,22.420000076293945,22.424999237060547,76510.0
2024-10-25 10:28:00+00:00,CGNX,39.345001220703125,39.345001220703125,39.36000061035156,39.345001220703125,39.345001220703125,2492.0
2024-10-25 10:28:00+00:00,CHKP,208.1699981689453,208.1699981689453,208.1699981689453,208.16250610351562,208.16250610351562,1281.0
2024-10-25 10:28:00+00:00,CLBT,18.18199920654297,18.18199920654297,18.18199920654297,18.18199920654297,18.18199920654297,420.0
2024-10-25 10:28:00+00:00,CLFD,36.849998474121094,36.849998474121094,36.849998474121094,36.849998474121094,36.849998474121094,482.0
2024-10-25 10:28:00+00:00,CLSK,12.20829963684082,12.20829963684082,12.228400230407715,12.120800018310547,12.128800392150879,197859.0
2024-10-25 10:28:00+00:00,CMTL,3.7200000286102295,3.7200000286102295,3.7200000286102295,3.7200000286102295,3.7200000286102295,635.0
2024-10-25 10:28:00+00:00,CNDT,3.7249999046325684,3.7249999046325684,3.7249999046325684,3.7200000286102295,3.7200000286102295,1503.0
2024-10-25 10:28:00+00:00,CNXC,45.27000045776367,45.27000045776367,45.290000915527344,45.27000045776367,45.279998779296875,1774.0
2024-10-25 10:28:00+00:00,COHR,96.9000015258789,96.9000015258789,96.9000015258789,96.68800354003906,96.68800354003906,3059.0
2024-10-25 10:28:00+00:00,COIN,212.39999389648438,212.39999389648438,212.73989868164062,212.10009765625,212.25,14326.0
2024-10-25 10:28:00+00:00,COMM,6.514999866485596,6.514999866485596,6.519599914550781,6.510000228881836,6.519599914550781,1290.0
2024-10-25 10:28:00+00:00,CORZ,13.59000015258789,13.59000015258789,13.619999885559082,13.569999694824219,13.600000381469727,29853.0
2024-10-25 10:28:00+00:00,CRCT,6.519999980926514,6.519999980926514,6.519999980926514,6.514999866485596,6.514999866485596,642.0
2024-10-25 10:28:00+00:00,CRDO,39.76499938964844,39.76499938964844,39.76499938964844,39.66999816894531,39.66999816894531,3162.0
2024-10-25 10:28:00+00:00,CRNC,2.880000114440918,2.880000114440918,2.880000114440918,2.880000114440918,2.880000114440918,644.0
2024-10-25 10:28:00+00:00,CRSR,6.460000038146973,6.460000038146973,6.460000038146973,6.460000038146973,6.460000038146973,1440.0
2024-10-25 10:28:00+00:00,CRWD,310.172607421875,310.172607421875,310.20001220703125,310.0,310.05499267578125,4329.0
2024-10-25 10:28:00+00:00,CSCO,56.45500183105469,56.45500183105469,56.45600128173828,56.41999816894531,56.41999816894531,32657.0
2024-10-25 10:28:00+00:00,CSGS,48.0,48.0,48.0,48.0,48.0,842.0
2024-10-25 10:28:00+00:00,CSIQ,13.600000381469727,13.600000381469727,13.617500305175781,13.5600004196167,13.5600004196167,2475.0
2024-10-25 10:28:00+00:00,CTLP,9.074999809265137,9.074999809265137,9.079999923706055,9.074999809265137,9.079999923706055,1209.0
2024-10-25 10:28:00+00:00,CTSH,75.22000122070312,75.22000122070312,75.22000122070312,75.19000244140625,75.19000244140625,3844.0
2024-10-25 10:28:00+00:00,DAIO,2.4600000381469727,2.4600000381469727,2.4600000381469727,2.4600000381469727,2.4600000381469727,2050.0
2024-10-25 10:28:00+00:00,DAKT,13.380000114440918,13.380000114440918,13.399999618530273,13.380000114440918,13.399999618530273,4194.0
2024-10-25 10:28:00+00:00,DBX,26.110000610351562,26.110000610351562,26.110000610351562,26.09000015258789,26.09000015258789,3787.0
2024-10-25 10:28:00+00:00,DDOG,127.19999694824219,127.19999694824219,127.30000305175781,126.9000015258789,126.94999694824219,21189.0
2024-10-25 10:28:00+00:00,DGHI,1.4299999475479126,1.4299999475479126,1.4299999475479126,1.4299999475479126,1.4299999475479126,500.0
2024-10-25 10:28:00+00:00,DIOD,66.79000091552734,66.79000091552734,66.79000091552734,66.40499877929688,66.40499877929688,9216.0
2024-10-25 10:28:00+00:00,DLO,8.859999656677246,8.859999656677246,8.859999656677246,8.850000381469727,8.850000381469727,2083.0
2024-10-25 10:28:00+00:00,DOCU,70.62000274658203,70.62000274658203,70.62000274658203,70.55999755859375,70.56999969482422,8302.0
2024-10-25 10:28:00+00:00,DSGX,105.16000366210938,105.16000366210938,105.16000366210938,105.11000061035156,105.11000061035156,696.0
2024-10-25 10:28:00+00:00,EEFT,102.27999877929688,102.27999877929688,102.27999877929688,102.27999877929688,102.27999877929688,310.0
2024-10-25 10:28:00+00:00,EMKR,2.113600015640259,2.113600015640259,2.113600015640259,2.113600015640259,2.113600015640259,1137.0
2024-10-25 10:28:00+00:00,ENPH,82.5,82.5,82.5,82.30999755859375,82.44000244140625,7190.0
2024-10-25 10:28:00+00:00,ENTG,104.9894027709961,104.9894027709961,105.0,104.79000091552734,104.80500030517578,5398.0
2024-10-25 10:28:00+00:00,ERIC,8.520000457763672,8.520000457763672,8.520000457763672,8.511300086975098,8.511300086975098,3462.0
2024-10-25 10:28:00+00:00,EVCM,10.630000114440918,10.630000114440918,10.630000114440918,10.600000381469727,10.600000381469727,642.0
2024-10-25 10:28:00+00:00,EXFY,1.725000023841858,1.725000023841858,1.725000023841858,1.725000023841858,1.725000023841858,1273.0
2024-10-25 10:28:00+00:00,EXLS,39.220001220703125,39.220001220703125,39.220001220703125,39.209999084472656,39.209999084472656,1374.0
2024-10-25 10:28:00+00:00,EXTR,14.520000457763672,14.520000457763672,14.569999694824219,14.520000457763672,14.569999694824219,8119.0
2024-10-25 10:28:00+00:00,FARO,17.93000030517578,17.93000030517578,17.93000030517578,17.93000030517578,17.93000030517578,914.0
2024-10-25 10:28:00+00:00,FFIV,216.80499267578125,216.80499267578125,216.80499267578125,216.7899932861328,216.7899932861328,398.0
2024-10-25 10:28:00+00:00,FIVN,30.6299991607666,30.6299991607666,30.639999389648438,30.600000381469727,30.600000381469727,2535.0
2024-10-25 10:28:00+00:00,FLEX,35.65999984741211,35.65999984741211,35.65999984741211,35.619998931884766,35.619998931884766,2499.0
2024-10-25 10:28:00+00:00,FLYW,17.59000015258789,17.59000015258789,17.59000015258789,17.59000015258789,17.59000015258789,200.0
2024-10-25 10:28:00+00:00,FORM,45.42499923706055,45.42499923706055,45.45000076293945,45.279998779296875,45.279998779296875,3007.0
2024-10-25 10:28:00+00:00,FROG,29.575000762939453,29.575000762939453,29.575000762939453,29.575000762939453,29.575000762939453,188.0
2024-10-25 10:28:00+00:00,FRSH,11.739999771118164,11.739999771118164,11.739999771118164,11.734999656677246,11.734999656677246,2827.0
2024-10-25 10:28:00+00:00,FSLR,200.5570068359375,200.5570068359375,200.66000366210938,200.1999969482422,200.1999969482422,19913.0
2024-10-25 10:28:00+00:00,FTCI,0.699999988079071,0.699999988079071,0.699999988079071,0.699999988079071,0.699999988079071,800.0
2024-10-25 10:28:00+00:00,FTNT,81.44499969482422,81.44499969482422,81.47000122070312,81.41999816894531,81.44000244140625,4109.0
2024-10-25 10:28:00+00:00,GCT,25.704999923706055,25.704999923706055,25.769899368286133,25.704999923706055,25.769899368286133,834.0
2024-10-25 10:28:00+00:00,GDS,21.7549991607666,21.7549991607666,21.7549991607666,21.75,21.7549991607666,942.0
2024-10-25 10:28:00+00:00,GFS,41.17499923706055,41.17499923706055,41.2400016784668,41.150001525878906,41.2400016784668,6091.0
2024-10-25 10:28:00+00:00,GNSS,3.869999885559082,3.869999885559082,3.869999885559082,3.869999885559082,3.869999885559082,301.0
2024-10-25 10:28:00+00:00,GRAB,4.082499980926514,4.082499980926514,4.090000152587891,4.082499980926514,4.082499980926514,11335.0
2024-10-25 10:28:00+00:00,GRRR,4.668000221252441,4.668000221252441,4.668000221252441,4.668000221252441,4.668000221252441,1562.0
2024-10-25 10:28:00+00:00,GTLB,56.0,56.0,56.0,56.0,56.0,1856.0
2024-10-25 10:28:00+00:00,HCP,33.630001068115234,33.630001068115234,33.6349983215332,33.630001068115234,33.6349983215332,2947.0
2024-10-25 10:28:00+00:00,HEAR,16.625,16.625,16.625,16.625,16.625,37.0
2024-10-25 10:28:00+00:00,HIMX,6.190000057220459,6.190000057220459,6.190000057220459,6.184999942779541,6.184999942779541,1730.0
2024-10-25 10:28:00+00:00,HLIT,14.864999771118164,14.864999771118164,14.885000228881836,14.800000190734863,14.8149995803833,28959.0
2024-10-25 10:28:00+00:00,HOLO,3.7750000953674316,3.7750000953674316,3.7799999713897705,3.75,3.759999990463257,7145.0
2024-10-25 10:28:00+00:00,HOOD,27.469999313354492,27.469999313354492,27.479999542236328,27.405000686645508,27.440000534057617,41980.0
2024-10-25 10:28:00+00:00,HTCR,1.100000023841858,1.100000023841858,1.100000023841858,1.100000023841858,1.100000023841858,0.0
2024-10-25 10:28:00+00:00,ICHR,27.719999313354492,27.719999313354492,27.735000610351562,27.709999084472656,27.735000610351562,741.0
2024-10-25 10:28:00+00:00,IDN,2.4100000858306885,2.4100000858306885,2.4100000858306885,2.4100000858306885,2.4100000858306885,519.0
2024-10-25 10:28:00+00:00,IIIV,23.1299991607666,23.1299991607666,23.1299991607666,23.1299991607666,23.1299991607666,690.0
2024-10-25 10:28:00+00:00,IMMR,8.789999961853027,8.789999961853027,8.789999961853027,8.78600025177002,8.78600025177002,831.0
2024-10-25 10:28:00+00:00,IMTE,1.600000023841858,1.600000023841858,1.600000023841858,1.600000023841858,1.600000023841858,2151.0
2024-10-25 10:28:00+00:00,INDI,3.609999895095825,3.609999895095825,3.609999895095825,3.5840001106262207,3.5840001106262207,13353.0
2024-10-25 10:28:00+00:00,INFN,6.789999961853027,6.789999961853027,6.795000076293945,6.789999961853027,6.795000076293945,4714.0
2024-10-25 10:28:00+00:00,INOD,20.315000534057617,20.315000534057617,20.315000534057617,20.315000534057617,20.315000534057617,749.0
2024-10-25 10:28:00+00:00,INTA,50.30500030517578,50.30500030517578,50.439998626708984,50.29999923706055,50.439998626708984,4297.0
2024-10-25 10:28:00+00:00,INTC,23.19890022277832,23.19890022277832,23.219999313354492,23.160499572753906,23.161800384521484,341957.0
2024-10-25 10:28:00+00:00,INTU,613.9600219726562,613.9600219726562,613.9600219726562,613.9500122070312,613.9500122070312,1595.0
2024-10-25 10:28:00+00:00,INTZ,0.746999979019165,0.746999979019165,0.746999979019165,0.7390999794006348,0.7390999794006348,500.0
2024-10-25 10:28:00+00:00,IPGP,77.0343017578125,77.0343017578125,77.0343017578125,77.0343017578125,77.0343017578125,695.0
2024-10-25 10:28:00+00:00,ITRI,103.76000213623047,103.76000213623047,103.76000213623047,103.76000213623047,103.76000213623047,1008.0
2024-10-25 10:28:00+00:00,JKHY,185.27999877929688,185.27999877929688,185.27999877929688,185.27999877929688,185.27999877929688,463.0
2024-10-25 10:28:00+00:00,KC,2.765000104904175,2.765000104904175,2.765000104904175,2.759999990463257,2.765000104904175,4319.0
2024-10-25 10:28:00+00:00,KLAC,679.4199829101562,679.4199829101562,679.4199829101562,678.5731811523438,678.5731811523438,1770.0
2024-10-25 10:28:00+00:00,KLIC,44.790000915527344,44.790000915527344,44.790000915527344,44.75,44.75,4.0
2024-10-25 10:28:00+00:00,LASR,10.5600004196167,10.5600004196167,10.5600004196167,10.531000137329102,10.531000137329102,1186.0
2024-10-25 10:28:00+00:00,LINK,4.554999828338623,4.554999828338623,4.849999904632568,4.53000020980835,4.799900054931641,32779.0
2024-10-25 10:28:00+00:00,LITE,64.7699966430664,64.7699966430664,64.7699966430664,64.67250061035156,64.73999786376953,3014.0
2024-10-25 10:28:00+00:00,LOGI,81.0,81.0,81.0,80.98999786376953,80.98999786376953,830.0
2024-10-25 10:28:00+00:00,LRCX,79.31999969482422,79.31999969482422,79.37000274658203,79.13800048828125,79.16000366210938,73844.0
2024-10-25 10:28:00+00:00,LSCC,54.959999084472656,54.959999084472656,54.959999084472656,54.86000061035156,54.880001068115234,5970.0
2024-10-25 10:28:00+00:00,LTRX,4.039999961853027,4.039999961853027,4.039999961853027,4.039999961853027,4.039999961853027,781.0
2024-10-25 10:28:00+00:00,LUNA,1.7699999809265137,1.7699999809265137,1.7699999809265137,1.7699999809265137,1.7699999809265137,124.0
2024-10-25 10:28:00+00:00,LYFT,13.71500015258789,13.71500015258789,13.715999603271484,13.6850004196167,13.6899995803833,34949.0
2024-10-25 10:28:00+00:00,MANH,277.1300048828125,277.1300048828125,277.1300048828125,276.8399963378906,276.8399963378906,2355.0
2024-10-25 10:28:00+00:00,MAXN,5.690000057220459,5.690000057220459,5.690000057220459,5.640200138092041,5.6717000007629395,5377.0
2024-10-25 10:28:00+00:00,MCHP,77.33999633789062,77.33999633789062,77.33999633789062,77.30000305175781,77.30999755859375,7057.0
2024-10-25 10:28:00+00:00,MDB,268.55499267578125,268.55499267578125,268.55499267578125,268.3299865722656,268.3299865722656,1858.0
2024-10-25 10:28:00+00:00,MKSI,101.22000122070312,101.22000122070312,101.22000122070312,101.22000122070312,101.22000122070312,1001.0
2024-10-25 10:28:00+00:00,MNDY,300.760009765625,300.760009765625,300.760009765625,300.6400146484375,300.6400146484375,1398.0
2024-10-25 10:28:00+00:00,MOB,1.315000057220459,1.315000057220459,1.315000057220459,1.315000057220459,1.315000057220459,201.0
2024-10-25 10:28:00+00:00,MOGO,1.034999966621399,1.034999966621399,1.034999966621399,1.034999966621399,1.034999966621399,322.0
2024-10-25 10:28:00+00:00,MPWR,918.864990234375,918.864990234375,918.864990234375,917.875,918.3099975585938,2320.0
2024-10-25 10:28:00+00:00,MQ,5.304999828338623,5.304999828338623,5.309999942779541,5.304999828338623,5.309999942779541,583.0
2024-10-25 10:28:00+00:00,MRVL,83.18499755859375,83.18499755859375,83.22000122070312,83.11109924316406,83.12000274658203,20524.0
2024-10-25 10:28:00+00:00,MSFT,431.0899963378906,431.0899963378906,431.1899108886719,430.8999938964844,430.9599914550781,28465.0
2024-10-25 10:28:00+00:00,MSTR,243.3199005126953,243.3199005126953,243.5001983642578,242.61849975585938,242.8000030517578,56080.0
2024-10-25 10:28:00+00:00,MTC,0.3702000081539154,0.3702000081539154,0.3702000081539154,0.3702000081539154,0.3702000081539154,2000.0
2024-10-25 10:28:00+00:00,MTLS,5.989999771118164,5.989999771118164,6.010000228881836,5.989999771118164,6.010000228881836,1336.0
2024-10-25 10:28:00+00:00,MTSI,119.69599914550781,119.69599914550781,119.69599914550781,119.66999816894531,119.66999816894531,736.0
2024-10-25 10:28:00+00:00,MTTR,4.664999961853027,4.664999961853027,4.664999961853027,4.664999961853027,4.664999961853027,266.0
2024-10-25 10:28:00+00:00,MU,109.81999969482422,109.81999969482422,109.87000274658203,109.66000366210938,109.67500305175781,28681.0
2024-10-25 10:28:00+00:00,MVIS,1.1100000143051147,1.1100000143051147,1.1103999614715576,1.1100000143051147,1.1101000308990479,10511.0
2024-10-25 10:28:00+00:00,MXL,15.020000457763672,15.020000457763672,15.024999618530273,14.989999771118164,15.010000228881836,16188.0
2024-10-25 10:28:00+00:00,MYNA,1.1991000175476074,1.1991000175476074,1.1991000175476074,1.1991000175476074,1.1991000175476074,834.0
2024-10-25 10:28:00+00:00,NCNO,38.33000183105469,38.33000183105469,38.33000183105469,38.33000183105469,38.33000183105469,1063.0
2024-10-25 10:28:00+00:00,NEON,8.024999618530273,8.024999618530273,8.024999618530273,8.024999618530273,8.024999618530273,385.0
2024-10-25 10:28:00+00:00,NNDM,2.3447999954223633,2.3447999954223633,2.3459999561309814,2.3447999954223633,2.3459999561309814,1303.0
2024-10-25 10:28:00+00:00,NSIT,212.5,212.5,212.5,212.33999633789062,212.33999633789062,1161.0
2024-10-25 10:28:00+00:00,NTAP,120.5999984741211,120.5999984741211,120.5999984741211,120.58499908447266,120.59500122070312,984.0
2024-10-25 10:28:00+00:00,NTCT,20.643299102783203,20.643299102783203,20.670000076293945,20.6200008392334,20.6200008392334,1530.0
2024-10-25 10:28:00+00:00,NTGR,20.520000457763672,20.520000457763672,20.520000457763672,20.520000457763672,20.520000457763672,641.0
2024-10-25 10:28:00+00:00,NTNX,62.564998626708984,62.564998626708984,62.58000183105469,62.564998626708984,62.58000183105469,543.0
2024-10-25 10:28:00+00:00,NVDA,143.46499633789062,143.46499633789062,143.5500030517578,143.36000061035156,143.5189971923828,659233.0
2024-10-25 10:28:00+00:00,NVEI,33.525001525878906,33.525001525878906,33.529998779296875,33.525001525878906,33.525001525878906,303.0
2024-10-25 10:28:00+00:00,NVMI,185.17999267578125,185.17999267578125,185.17999267578125,185.1300048828125,185.1300048828125,581.0
2024-10-25 10:28:00+00:00,NVTS,2.589900016784668,2.589900016784668,2.589900016784668,2.575000047683716,2.575000047683716,6260.0
2024-10-25 10:28:00+00:00,NXPI,244.67999267578125,244.67999267578125,244.67999267578125,244.63999938964844,244.63999938964844,810.0
2024-10-25 10:28:00+00:00,OKTA,72.81999969482422,72.81999969482422,72.81999969482422,72.80000305175781,72.80000305175781,1191.0
2024-10-25 10:28:00+00:00,ON,72.29000091552734,72.29000091552734,72.30999755859375,72.2300033569336,72.30999755859375,16524.0
2024-10-25 10:28:00+00:00,OSIS,137.4040985107422,137.4040985107422,137.4040985107422,137.4040985107422,137.4040985107422,466.0
2024-10-25 10:28:00+00:00,OSPN,14.774299621582031,14.774299621582031,14.774299621582031,14.774299621582031,14.774299621582031,875.0
2024-10-25 10:28:00+00:00,OTEX,33.66999816894531,33.66999816894531,33.66999816894531,33.66999816894531,33.66999816894531,307.0
2024-10-25 10:28:00+00:00,PANW,371.2300109863281,371.2300109863281,371.2300109863281,370.9200134277344,370.9200134277344,3738.0
2024-10-25 10:28:00+00:00,PAYO,8.305000305175781,8.305000305175781,8.3100004196167,8.305000305175781,8.3100004196167,815.0
2024-10-25 10:28:00+00:00,PAYS,3.75,3.75,3.7850000858306885,3.75,3.7850000858306885,13520.0
2024-10-25 10:28:00+00:00,PDFS,29.440000534057617,29.440000534057617,29.440000534057617,29.440000534057617,29.440000534057617,309.0
2024-10-25 10:28:00+00:00,PEGA,80.89939880371094,80.89939880371094,80.89939880371094,80.89939880371094,80.89939880371094,418.0
2024-10-25 10:28:00+00:00,PEGY,4.6041998863220215,4.6041998863220215,4.6041998863220215,4.6041998863220215,4.6041998863220215,2316.0
2024-10-25 10:28:00+00:00,PGY,11.890000343322754,11.890000343322754,11.890000343322754,11.890000343322754,11.890000343322754,508.0
2024-10-25 10:28:00+00:00,PHUN,9.600000381469727,9.600000381469727,9.64009952545166,9.590100288391113,9.64009952545166,43561.0
2024-10-25 10:28:00+00:00,PI,199.64999389648438,199.64999389648438,199.64999389648438,199.61000061035156,199.61000061035156,466.0
2024-10-25 10:28:00+00:00,POET,3.9800000190734863,3.9800000190734863,3.990000009536743,3.9800000190734863,3.990000009536743,184.0
2024-10-25 10:28:00+00:00,POWI,63.380001068115234,63.380001068115234,63.44499969482422,63.349998474121094,63.369998931884766,12627.0
2024-10-25 10:28:00+00:00,PRCH,1.375,1.375,1.375,1.3700000047683716,1.375,14785.0
2024-10-25 10:28:00+00:00,PUBM,15.175000190734863,15.175000190734863,15.175000190734863,15.175000190734863,15.175000190734863,545.0
2024-10-25 10:28:00+00:00,QCOM,172.55999755859375,172.55999755859375,172.6199951171875,172.49000549316406,172.5,10374.0
2024-10-25 10:28:00+00:00,QLYS,121.63999938964844,121.63999938964844,121.69000244140625,121.46499633789062,121.46499633789062,3465.0
2024-10-25 10:28:00+00:00,QRVO,100.26499938964844,100.26499938964844,100.26499938964844,100.26499938964844,100.26499938964844,1061.0
2024-10-25 10:28:00+00:00,QUBT,1.1549999713897705,1.1549999713897705,1.1549999713897705,1.1449999809265137,1.1449999809265137,19353.0
2024-10-25 10:28:00+00:00,RCAT,2.75,2.75,2.759999990463257,2.75,2.759999990463257,3348.0
2024-10-25 10:28:00+00:00,RDVT,28.700000762939453,28.700000762939453,28.700000762939453,28.700000762939453,28.700000762939453,250.0
2024-10-25 10:28:00+00:00,REKR,1.100000023841858,1.100000023841858,1.100000023841858,1.100000023841858,1.100000023841858,11121.0
2024-10-25 10:28:00+00:00,RELY,14.779999732971191,14.779999732971191,14.789999961853027,14.779999732971191,14.789999961853027,2022.0
2024-10-25 10:28:00+00:00,RGTI,1.2949999570846558,1.2949999570846558,1.2999999523162842,1.2899999618530273,1.2899999618530273,59181.0
2024-10-25 10:28:00+00:00,RIOT,10.234999656677246,10.234999656677246,10.25,10.204999923706055,10.210000038146973,127020.0
2024-10-25 10:28:00+00:00,RMBS,43.11000061035156,43.11000061035156,43.1150016784668,43.04999923706055,43.04999923706055,5685.0
2024-10-25 10:28:00+00:00,RMNI,1.7400000095367432,1.7400000095367432,1.7400000095367432,1.7400000095367432,1.7400000095367432,100.0
2024-10-25 10:28:00+00:00,RPAY,7.65500020980835,7.65500020980835,7.65500020980835,7.65500020980835,7.65500020980835,458.0
2024-10-25 10:28:00+00:00,RPD,39.52000045776367,39.52000045776367,39.52000045776367,39.52000045776367,39.52000045776367,1144.0
2024-10-25 10:28:00+00:00,RUM,5.805600166320801,5.805600166320801,5.820000171661377,5.800000190734863,5.810800075531006,7058.0
2024-10-25 10:28:00+00:00,RUMBW,1.3300000429153442,1.3300000429153442,1.3300000429153442,1.3300000429153442,1.3300000429153442,311.0
2024-10-25 10:28:00+00:00,RUN,14.53499984741211,14.53499984741211,14.5649995803833,14.510000228881836,14.515000343322754,45162.0
2024-10-25 10:28:00+00:00,SANM,68.05000305175781,68.05000305175781,68.05000305175781,67.87000274658203,67.87000274658203,891.0
2024-10-25 10:28:00+00:00,SATS,25.454999923706055,25.454999923706055,25.454999923706055,25.454999923706055,25.454999923706055,544.0
2024-10-25 10:28:00+00:00,SCSC,45.64500045776367,45.64500045776367,45.68000030517578,45.625,45.65999984741211,1651.0
2024-10-25 10:28:00+00:00,SCWX,8.386500358581543,8.386500358581543,8.386500358581543,8.386500358581543,8.386500358581543,1406.0
2024-10-25 10:28:00+00:00,SEDG,15.880000114440918,15.880000114440918,15.899999618530273,15.869999885559082,15.875,14034.0
2024-10-25 10:28:00+00:00,SHLS,5.263700008392334,5.263700008392334,5.263700008392334,5.25,5.25,8597.0
2024-10-25 10:28:00+00:00,SIMO,56.98500061035156,56.98500061035156,56.98500061035156,56.98500061035156,56.98500061035156,227.0
2024-10-25 10:28:00+00:00,SKYT,10.59000015258789,10.59000015258789,10.59000015258789,10.59000015258789,10.59000015258789,1969.0
2024-10-25 10:28:00+00:00,SLNH,4.159999847412109,4.159999847412109,4.159999847412109,4.159999847412109,4.159999847412109,872.0
2024-10-25 10:28:00+00:00,SMCI,48.09000015258789,48.09000015258789,48.154998779296875,48.08000183105469,48.13999938964844,156950.0
2024-10-25 10:28:00+00:00,SMSI,0.8149999976158142,0.8149999976158142,0.8149999976158142,0.8136000037193298,0.8136000037193298,0.0
2024-10-25 10:28:00+00:00,SMTC,45.83000183105469,45.83000183105469,45.83000183105469,45.7400016784668,45.790000915527344,1296.0
2024-10-25 10:28:00+00:00,SNPS,507.4700012207031,507.4700012207031,507.4700012207031,506.82000732421875,506.82000732421875,1908.0
2024-10-25 10:28:00+00:00,SONO,12.925000190734863,12.925000190734863,12.925000190734863,12.920000076293945,12.920000076293945,1899.0
2024-10-25 10:28:00+00:00,SOUN,5.295000076293945,5.295000076293945,5.300000190734863,5.280099868774414,5.284999847412109,124905.0
2024-10-25 10:28:00+00:00,SPSC,183.97000122070312,183.97000122070312,183.97000122070312,183.97000122070312,183.97000122070312,454.0
2024-10-25 10:28:00+00:00,SPT,27.639999389648438,27.639999389648438,27.649999618530273,27.600000381469727,27.600000381469727,3098.0
2024-10-25 10:28:00+00:00,SRAD,12.395000457763672,12.395000457763672,12.395000457763672,12.395000457763672,12.395000457763672,529.0
2024-10-25 10:28:00+00:00,SSNC,69.9800033569336,69.9800033569336,69.98999786376953,69.97000122070312,69.97000122070312,1616.0
2024-10-25 10:28:00+00:00,SSYS,7.150000095367432,7.150000095367432,7.151000022888184,7.150000095367432,7.150000095367432,4101.0
2024-10-25 10:28:00+00:00,STNE,11.555000305175781,11.555000305175781,11.5649995803833,11.524999618530273,11.524999618530273,40357.0
2024-10-25 10:28:00+00:00,STX,104.68000030517578,104.68000030517578,104.7249984741211,104.61000061035156,104.61000061035156,5007.0
2024-10-25 10:28:00+00:00,SURG,1.7599999904632568,1.7599999904632568,1.7599999904632568,1.75600004196167,1.75600004196167,1062.0
2024-10-25 10:28:00+00:00,SVRE,0.08380000293254852,0.08380000293254852,0.08489999920129776,0.08309999853372574,0.08489999920129776,41736.0
2024-10-25 10:28:00+00:00,SWKS,96.06500244140625,96.06500244140625,96.11000061035156,96.0199966430664,96.0199966430664,3252.0
2024-10-25 10:28:00+00:00,SYNA,73.5,73.5,73.5,73.41000366210938,73.41000366210938,563.0
2024-10-25 10:28:00+00:00,SYTA,1.2793999910354614,1.2793999910354614,1.2894999980926514,1.250100016593933,1.2509000301361084,30118.0
2024-10-25 10:28:00+00:00,TEAM,191.55999755859375,191.55999755859375,191.55999755859375,190.74000549316406,190.96499633789062,10036.0
2024-10-25 10:28:00+00:00,TENB,41.33000183105469,41.33000183105469,41.33000183105469,41.33000183105469,41.33000183105469,1213.0
2024-10-25 10:28:00+00:00,TER,112.81999969482422,112.81999969482422,112.87000274658203,112.75499725341797,112.75499725341797,3967.0
2024-10-25 10:28:00+00:00,TLS,3.640000104904175,3.640000104904175,3.640000104904175,3.640000104904175,3.640000104904175,190.0
2024-10-25 10:28:00+00:00,TRMB,61.20000076293945,61.20000076293945,61.20000076293945,61.20000076293945,61.20000076293945,463.0
2024-10-25 10:28:00+00:00,TSEM,45.560001373291016,45.560001373291016,45.560001373291016,45.560001373291016,45.560001373291016,2227.0
2024-10-25 10:28:00+00:00,TTD,120.43000030517578,120.43000030517578,120.5,120.36000061035156,120.36000061035156,7724.0
2024-10-25 10:28:00+00:00,TTMI,19.649999618530273,19.649999618530273,19.649999618530273,19.6299991607666,19.6299991607666,862.0
2024-10-25 10:28:00+00:00,TWKS,4.449999809265137,4.449999809265137,4.449999809265137,4.449999809265137,4.449999809265137,1669.0
2024-10-25 10:28:00+00:00,TXN,210.3000030517578,210.3000030517578,210.4600067138672,210.13999938964844,210.21499633789062,8503.0
2024-10-25 10:28:00+00:00,UCTT,36.02000045776367,36.02000045776367,36.02000045776367,36.02000045776367,36.02000045776367,353.0
2024-10-25 10:28:00+00:00,VECO,29.649999618530273,29.649999618530273,29.670000076293945,29.649999618530273,29.649999618530273,2907.0
2024-10-25 10:28:00+00:00,VERI,3.549999952316284,3.549999952316284,3.549999952316284,3.5399999618530273,3.5399999618530273,2280.0
2024-10-25 10:28:00+00:00,VERX,42.56999969482422,42.56999969482422,42.56999969482422,42.47999954223633,42.47999954223633,786.0
2024-10-25 10:28:00+00:00,VIAV,9.255000114440918,9.255000114440918,9.255000114440918,9.25,9.25,2926.0
2024-10-25 10:28:00+00:00,VICR,46.91999816894531,46.91999816894531,46.91999816894531,46.91999816894531,46.91999816894531,406.0
2024-10-25 10:28:00+00:00,VRNS,57.13999938964844,57.13999938964844,57.13999938964844,57.09000015258789,57.09000015258789,5503.0
2024-10-25 10:28:00+00:00,VRNT,22.360000610351562,22.360000610351562,22.360000610351562,22.360000610351562,22.360000610351562,208.0
2024-10-25 10:28:00+00:00,VRSN,187.7899932861328,187.7899932861328,187.99000549316406,187.7899932861328,187.99000549316406,1417.0
2024-10-25 10:28:00+00:00,VSAT,10.40999984741211,10.40999984741211,10.40999984741211,10.399999618530273,10.40999984741211,1610.0
2024-10-25 10:28:00+00:00,WALD,3.609999895095825,3.609999895095825,3.640000104904175,3.609999895095825,3.609999895095825,416.0
2024-10-25 10:28:00+00:00,WDAY,241.35000610351562,241.35000610351562,241.47000122070312,241.35000610351562,241.35629272460938,2686.0
2024-10-25 10:28:00+00:00,WDC,73.12000274658203,73.12000274658203,73.19000244140625,72.58999633789062,72.63999938964844,119254.0
2024-10-25 10:28:00+00:00,WISA,1.8350000381469727,1.8350000381469727,1.8350000381469727,1.8350000381469727,1.8350000381469727,1292.0
2024-10-25 10:28:00+00:00,XPER,9.430000305175781,9.430000305175781,9.430000305175781,9.430000305175781,9.430000305175781,239.0
2024-10-25 10:28:00+00:00,XRX,10.249899864196777,10.249899864196777,10.249899864196777,10.239999771118164,10.239999771118164,2703.0
2024-10-25 10:28:00+00:00,ZI,10.630000114440918,10.630000114440918,10.630000114440918,10.619999885559082,10.619999885559082,2800.0
2024-10-25 10:28:00+00:00,ZM,73.2500991821289,73.2500991821289,73.2500991821289,73.2500991821289,73.2500991821289,414.0
2024-10-25 10:28:00+00:00,ZS,186.89999389648438,186.89999389648438,186.97000122070312,186.71499633789062,186.71499633789062,3958.0
2024-10-25 10:29:00+00:00,AAOI,18.170000076293945,18.170000076293945,18.170000076293945,18.06999969482422,18.06999969482422,8938.0
2024-10-25 10:29:00+00:00,AAPL,232.1300048828125,232.1300048828125,232.2100067138672,232.07000732421875,232.08999633789062,61021.0
2024-10-25 10:29:00+00:00,ACIW,49.560001373291016,49.560001373291016,49.584999084472656,49.52000045776367,49.52000045776367,1711.0
2024-10-25 10:29:00+00:00,ACLS,91.5,91.5,91.5,91.41000366210938,91.41999816894531,1220.0
2024-10-25 10:29:00+00:00,ACMR,19.966999053955078,19.966999053955078,19.966999053955078,19.966999053955078,19.966999053955078,1000.0
2024-10-25 10:29:00+00:00,ADBE,487.6300048828125,487.6300048828125,487.7300109863281,487.6300048828125,487.7300109863281,1296.0
2024-10-25 10:29:00+00:00,ADI,234.19000244140625,234.19000244140625,234.3000030517578,234.10499572753906,234.3000030517578,4166.0
2024-10-25 10:29:00+00:00,ADSK,288.3349914550781,288.3349914550781,288.3399963378906,288.3349914550781,288.3399963378906,567.0
2024-10-25 10:29:00+00:00,ADTN,6.389999866485596,6.389999866485596,6.389999866485596,6.389999866485596,6.389999866485596,1519.0
2024-10-25 10:29:00+00:00,AEHR,16.799999237060547,16.799999237060547,16.889999389648438,16.799999237060547,16.83799934387207,27951.0
2024-10-25 10:29:00+00:00,AFRM,42.0,42.0,42.02000045776367,41.97999954223633,41.9900016784668,9456.0
2024-10-25 10:29:00+00:00,AGYS,113.75,113.75,113.75,113.75,113.75,344.0
2024-10-25 10:29:00+00:00,AIP,6.940000057220459,6.940000057220459,6.940000057220459,6.940000057220459,6.940000057220459,129.0
2024-10-25 10:29:00+00:00,AIRG,9.09000015258789,9.09000015258789,9.09000015258789,9.09000015258789,9.09000015258789,216.0
2024-10-25 10:29:00+00:00,AKAM,103.44000244140625,103.44000244140625,103.44000244140625,103.44000244140625,103.44000244140625,657.0
2024-10-25 10:29:00+00:00,AKTS,0.05909999832510948,0.05909999832510948,0.05920000001788139,0.05909999832510948,0.05920000001788139,155554.0
2024-10-25 10:29:00+00:00,ALGM,22.7450008392334,22.7450008392334,22.792499542236328,22.739999771118164,22.780000686645508,7657.0
2024-10-25 10:29:00+00:00,AMAT,189.03750610351562,189.03750610351562,189.15499877929688,188.84019470214844,189.1199951171875,26452.0
2024-10-25 10:29:00+00:00,AMBA,58.154998779296875,58.154998779296875,58.154998779296875,58.154998779296875,58.154998779296875,584.0
2024-10-25 10:29:00+00:00,AMD,158.52960205078125,158.52960205078125,158.66000366210938,158.52000427246094,158.6300048828125,74309.0
2024-10-25 10:29:00+00:00,AMKR,30.059999465942383,30.059999465942383,30.079999923706055,30.059999465942383,30.079999923706055,3765.0
2024-10-25 10:29:00+00:00,AMPL,9.27400016784668,9.27400016784668,9.27400016784668,9.27400016784668,9.27400016784668,415.0
2024-10-25 10:29:00+00:00,ANSS,327.260009765625,327.260009765625,327.260009765625,327.260009765625,327.260009765625,394.0
2024-10-25 10:29:00+00:00,APP,163.68499755859375,163.68499755859375,163.8000030517578,163.6300048828125,163.66209411621094,3320.0
2024-10-25 10:29:00+00:00,APPN,32.41999816894531,32.41999816894531,32.41999816894531,32.369998931884766,32.369998931884766,1580.0
2024-10-25 10:29:00+00:00,APPS,3.1500000953674316,3.1500000953674316,3.1500000953674316,3.1500000953674316,3.1500000953674316,1541.0
2024-10-25 10:29:00+00:00,ARQQ,7.571700096130371,7.571700096130371,7.619999885559082,7.571700096130371,7.619999885559082,601.0
2024-10-25 10:29:00+00:00,ARRY,6.573400020599365,6.573400020599365,6.5960001945495605,6.570000171661377,6.593999862670898,24844.0
2024-10-25 10:29:00+00:00,ASML,722.27001953125,722.27001953125,722.4500122070312,722.22998046875,722.22998046875,2580.0
2024-10-25 10:29:00+00:00,ASTI,2.680000066757202,2.680000066757202,2.680000066757202,2.680000066757202,2.680000066757202,2305.0
2024-10-25 10:29:00+00:00,AUR,6.48799991607666,6.48799991607666,6.489999771118164,6.484499931335449,6.489999771118164,2598.0
2024-10-25 10:29:00+00:00,AVDX,8.225000381469727,8.225000381469727,8.229999542236328,8.225000381469727,8.229999542236328,5538.0
2024-10-25 10:29:00+00:00,AVGO,175.49330139160156,175.49330139160156,175.57249450683594,175.39999389648438,175.5500030517578,17120.0
2024-10-25 10:29:00+00:00,AVPT,12.079999923706055,12.079999923706055,12.09000015258789,12.079999923706055,12.09000015258789,1290.0
2024-10-25 10:29:00+00:00,AVT,54.900001525878906,54.900001525878906,54.915000915527344,54.900001525878906,54.915000915527344,1640.0
2024-10-25 10:29:00+00:00,AXTI,2.684999942779541,2.684999942779541,2.684999942779541,2.684999942779541,2.684999942779541,174.0
2024-10-25 10:29:00+00:00,AZPN,238.0,238.0,238.0,238.0,238.0,582.0
2024-10-25 10:29:00+00:00,BASE,16.489999771118164,16.489999771118164,16.489999771118164,16.489999771118164,16.489999771118164,384.0
2024-10-25 10:29:00+00:00,BIGC,5.363800048828125,5.363800048828125,5.363800048828125,5.363800048828125,5.363800048828125,242.0
2024-10-25 10:29:00+00:00,BRZE,31.079999923706055,31.079999923706055,31.079999923706055,31.079999923706055,31.079999923706055,578.0
2024-10-25 10:29:00+00:00,CAN,0.9993000030517578,0.9993000030517578,0.9998999834060669,0.9993000030517578,0.9998999834060669,10121.0
2024-10-25 10:29:00+00:00,CDNS,259.8599853515625,259.8599853515625,260.0249938964844,259.8599853515625,260.0249938964844,1777.0
2024-10-25 10:29:00+00:00,CDW,219.86500549316406,219.86500549316406,219.9600067138672,219.86500549316406,219.9199981689453,926.0
2024-10-25 10:29:00+00:00,CETX,0.2989000082015991,0.2989000082015991,0.2989000082015991,0.2989000082015991,0.2989000082015991,902.0
2024-10-25 10:29:00+00:00,CFLT,22.454999923706055,22.454999923706055,22.459999084472656,22.454999923706055,22.454999923706055,3701.0
2024-10-25 10:29:00+00:00,CGNX,39.34000015258789,39.34000015258789,39.34000015258789,39.33000183105469,39.33000183105469,717.0
2024-10-25 10:29:00+00:00,CLBT,18.18000030517578,18.18000030517578,18.18000030517578,18.18000030517578,18.18000030517578,137.0
2024-10-25 10:29:00+00:00,CLFD,36.849998474121094,36.849998474121094,36.849998474121094,36.849998474121094,36.849998474121094,642.0
2024-10-25 10:29:00+00:00,CLSK,12.225000381469727,12.225000381469727,12.239999771118164,12.204700469970703,12.210000038146973,150911.0
2024-10-25 10:29:00+00:00,CMTL,3.7100000381469727,3.7100000381469727,3.7249999046325684,3.7100000381469727,3.7249999046325684,619.0
2024-10-25 10:29:00+00:00,CNDT,3.7249999046325684,3.7249999046325684,3.7249999046325684,3.7249999046325684,3.7249999046325684,1155.0
2024-10-25 10:29:00+00:00,CNXC,45.279998779296875,45.279998779296875,45.279998779296875,45.279998779296875,45.279998779296875,752.0
2024-10-25 10:29:00+00:00,COHR,96.81500244140625,96.81500244140625,96.81500244140625,96.81500244140625,96.81500244140625,243.0
2024-10-25 10:29:00+00:00,COIN,212.7100067138672,212.7100067138672,212.77999877929688,212.3000030517578,212.39999389648438,13269.0
2024-10-25 10:29:00+00:00,COMM,6.484000205993652,6.484000205993652,6.514999866485596,6.480000019073486,6.514999866485596,18085.0
2024-10-25 10:29:00+00:00,CORZ,13.569999694824219,13.569999694824219,13.579999923706055,13.569999694824219,13.574999809265137,12439.0
2024-10-25 10:29:00+00:00,CRCT,6.539999961853027,6.539999961853027,6.539999961853027,6.539999961853027,6.539999961853027,403.0
2024-10-25 10:29:00+00:00,CRDO,39.70000076293945,39.70000076293945,39.75,39.70000076293945,39.75,4195.0
2024-10-25 10:29:00+00:00,CRWD,310.0268859863281,310.0268859863281,310.1600036621094,310.0268859863281,310.1600036621094,2338.0
2024-10-25 10:29:00+00:00,CSCO,56.446800231933594,56.446800231933594,56.459999084472656,56.439998626708984,56.45000076293945,14990.0
2024-10-25 10:29:00+00:00,CSIQ,13.640000343322754,13.640000343322754,13.65999984741211,13.610099792480469,13.640000343322754,6020.0
2024-10-25 10:29:00+00:00,CTSH,75.2300033569336,75.2300033569336,75.2300033569336,75.20999908447266,75.20999908447266,1444.0
2024-10-25 10:29:00+00:00,CVLT,134.1999969482422,134.1999969482422,134.1999969482422,134.1999969482422,134.1999969482422,1009.0
2024-10-25 10:29:00+00:00,DAKT,13.329999923706055,13.329999923706055,13.329999923706055,13.329999923706055,13.329999923706055,1106.0
2024-10-25 10:29:00+00:00,DATS,1.6299999952316284,1.6299999952316284,1.6299999952316284,1.6299999952316284,1.6299999952316284,0.0
2024-10-25 10:29:00+00:00,DAVE,40.27000045776367,40.27000045776367,40.27000045776367,40.27000045776367,40.27000045776367,1095.0
2024-10-25 10:29:00+00:00,DBX,26.110000610351562,26.110000610351562,26.114999771118164,26.110000610351562,26.114999771118164,3120.0
2024-10-25 10:29:00+00:00,DDOG,127.18000030517578,127.18000030517578,127.27999877929688,127.12999725341797,127.23999786376953,7921.0
2024-10-25 10:29:00+00:00,DGHI,1.448099970817566,1.448099970817566,1.448099970817566,1.448099970817566,1.448099970817566,3051.0
2024-10-25 10:29:00+00:00,DGII,30.239999771118164,30.239999771118164,30.239999771118164,30.239999771118164,30.239999771118164,261.0
2024-10-25 10:29:00+00:00,DLO,8.850000381469727,8.850000381469727,8.850000381469727,8.850000381469727,8.850000381469727,351.0
2024-10-25 10:29:00+00:00,DOCU,70.61000061035156,70.61000061035156,70.63999938964844,70.56999969482422,70.63999938964844,7818.0
2024-10-25 10:29:00+00:00,DOMO,8.050000190734863,8.050000190734863,8.050000190734863,8.050000190734863,8.050000190734863,296.0
2024-10-25 10:29:00+00:00,DTSS,2.450000047683716,2.450000047683716,2.450000047683716,2.450000047683716,2.450000047683716,148.0
2024-10-25 10:29:00+00:00,EEFT,102.27999877929688,102.27999877929688,102.27999877929688,102.27999877929688,102.27999877929688,295.0
2024-10-25 10:29:00+00:00,ENPH,82.54000091552734,82.54000091552734,82.58000183105469,82.45999908447266,82.45999908447266,5239.0
2024-10-25 10:29:00+00:00,ENTG,104.87000274658203,104.87000274658203,104.91999816894531,104.8499984741211,104.91999816894531,1663.0
2024-10-25 10:29:00+00:00,ERIC,8.515000343322754,8.515000343322754,8.515000343322754,8.515000343322754,8.515000343322754,3844.0
2024-10-25 10:29:00+00:00,EXFY,1.725000023841858,1.725000023841858,1.725000023841858,1.725000023841858,1.725000023841858,630.0
2024-10-25 10:29:00+00:00,EXLS,39.192901611328125,39.192901611328125,39.220001220703125,39.192901611328125,39.220001220703125,1820.0
2024-10-25 10:29:00+00:00,EXTR,14.529999732971191,14.529999732971191,14.529999732971191,14.529999732971191,14.529999732971191,813.0
2024-10-25 10:29:00+00:00,FFIV,216.75999450683594,216.75999450683594,216.7949981689453,216.74000549316406,216.74000549316406,571.0
2024-10-25 10:29:00+00:00,FIVN,30.6299991607666,30.6299991607666,30.6299991607666,30.6299991607666,30.6299991607666,2139.0
2024-10-25 10:29:00+00:00,FLEX,35.650001525878906,35.650001525878906,35.650001525878906,35.64500045776367,35.64500045776367,654.0
2024-10-25 10:29:00+00:00,FLYW,17.625,17.625,17.625,17.600000381469727,17.600000381469727,1156.0
2024-10-25 10:29:00+00:00,FORM,45.40999984741211,45.40999984741211,45.40999984741211,45.40999984741211,45.40999984741211,495.0
2024-10-25 10:29:00+00:00,FROG,29.575000762939453,29.575000762939453,29.575000762939453,29.575000762939453,29.575000762939453,149.0
2024-10-25 10:29:00+00:00,FRSH,11.760000228881836,11.760000228881836,11.760000228881836,11.744999885559082,11.75,6897.0
2024-10-25 10:29:00+00:00,FSLR,199.92770385742188,199.92770385742188,200.69000244140625,199.92770385742188,200.47999572753906,5910.0
2024-10-25 10:29:00+00:00,FTCI,0.699999988079071,0.699999988079071,0.699999988079071,0.699999988079071,0.699999988079071,186.0
2024-10-25 10:29:00+00:00,FTNT,81.51000213623047,81.51000213623047,81.51000213623047,81.44499969482422,81.44830322265625,5764.0
2024-10-25 10:29:00+00:00,GDS,21.7549991607666,21.7549991607666,21.7549991607666,21.719999313354492,21.719999313354492,1300.0
2024-10-25 10:29:00+00:00,GFS,41.06669998168945,41.06669998168945,41.16999816894531,41.06669998168945,41.16999816894531,4356.0
2024-10-25 10:29:00+00:00,GPRO,1.3300000429153442,1.3300000429153442,1.3300000429153442,1.3300000429153442,1.3300000429153442,338.0
2024-10-25 10:29:00+00:00,GRAB,4.0817999839782715,4.0817999839782715,4.089900016784668,4.079999923706055,4.079999923706055,32698.0
2024-10-25 10:29:00+00:00,GSIT,3.3152999877929688,3.3152999877929688,3.319999933242798,3.3152999877929688,3.319999933242798,0.0
2024-10-25 10:29:00+00:00,GVP,4.610000133514404,4.610000133514404,4.610000133514404,4.610000133514404,4.610000133514404,72.0
2024-10-25 10:29:00+00:00,HCP,33.630001068115234,33.630001068115234,33.6349983215332,33.630001068115234,33.6349983215332,4760.0
2024-10-25 10:29:00+00:00,HIMX,6.204999923706055,6.204999923706055,6.204999923706055,6.199999809265137,6.199999809265137,2810.0
2024-10-25 10:29:00+00:00,HLIT,14.869999885559082,14.869999885559082,14.880000114440918,14.850000381469727,14.869999885559082,16541.0
2024-10-25 10:29:00+00:00,HOLO,3.7699999809265137,3.7699999809265137,3.7899999618530273,3.7699999809265137,3.789900064468384,5658.0
2024-10-25 10:29:00+00:00,HOOD,27.4950008392334,27.4950008392334,27.4950008392334,27.46500015258789,27.469999313354492,23499.0
2024-10-25 10:29:00+00:00,ICHR,27.770000457763672,27.770000457763672,27.829999923706055,27.709999084472656,27.770000457763672,3209.0
2024-10-25 10:29:00+00:00,IMTE,1.5920000076293945,1.5920000076293945,1.5920000076293945,1.5920000076293945,1.5920000076293945,169.0
2024-10-25 10:29:00+00:00,INDI,3.6050000190734863,3.6050000190734863,3.609999895095825,3.600800037384033,3.6050000190734863,4838.0
2024-10-25 10:29:00+00:00,INOD,20.360000610351562,20.360000610351562,20.387699127197266,20.360000610351562,20.387699127197266,1253.0
2024-10-25 10:29:00+00:00,INTA,50.2599983215332,50.2599983215332,50.310001373291016,50.25,50.310001373291016,891.0
2024-10-25 10:29:00+00:00,INTC,23.19499969482422,23.19499969482422,23.209999084472656,23.18000030517578,23.19499969482422,142956.0
2024-10-25 10:29:00+00:00,INTU,614.409912109375,614.409912109375,614.409912109375,614.409912109375,614.409912109375,1222.0
2024-10-25 10:29:00+00:00,IPGP,77.19000244140625,77.19000244140625,77.24500274658203,77.19000244140625,77.24500274658203,2884.0
2024-10-25 10:29:00+00:00,ITI,7.199999809265137,7.199999809265137,7.199999809265137,7.199999809265137,7.199999809265137,546.0
2024-10-25 10:29:00+00:00,JKHY,185.27999877929688,185.27999877929688,185.27999877929688,185.27999877929688,185.27999877929688,437.0
2024-10-25 10:29:00+00:00,KC,2.755000114440918,2.755000114440918,2.7607998847961426,2.755000114440918,2.7607998847961426,15882.0
2024-10-25 10:29:00+00:00,KLAC,679.4299926757812,679.4299926757812,679.4299926757812,679.4299926757812,679.4299926757812,736.0
2024-10-25 10:29:00+00:00,KLIC,44.79999923706055,44.79999923706055,44.79999923706055,44.79999923706055,44.79999923706055,557.0
2024-10-25 10:29:00+00:00,KPLT,8.859999656677246,8.859999656677246,8.859999656677246,8.859999656677246,8.859999656677246,145.0
2024-10-25 10:29:00+00:00,LINK,4.599999904632568,4.599999904632568,4.710000038146973,4.340000152587891,4.550000190734863,53585.0
2024-10-25 10:29:00+00:00,LITE,64.82499694824219,64.82499694824219,64.82499694824219,64.82499694824219,64.82499694824219,148.0
2024-10-25 10:29:00+00:00,LOGI,80.9800033569336,80.9800033569336,80.9800033569336,80.9800033569336,80.9800033569336,951.0
2024-10-25 10:29:00+00:00,LPSN,1.2050000429153442,1.2050000429153442,1.2050000429153442,1.2000000476837158,1.2000000476837158,4194.0
2024-10-25 10:29:00+00:00,LRCX,79.38999938964844,79.38999938964844,79.41000366210938,79.30000305175781,79.31999969482422,63524.0
2024-10-25 10:29:00+00:00,LSCC,54.88999938964844,54.88999938964844,54.93000030517578,54.88999938964844,54.93000030517578,1675.0
2024-10-25 10:29:00+00:00,LYFT,13.710000038146973,13.710000038146973,13.720000267028809,13.704999923706055,13.710000038146973,14455.0
2024-10-25 10:29:00+00:00,MAXN,5.690000057220459,5.690000057220459,5.690000057220459,5.664999961853027,5.664999961853027,773.0
2024-10-25 10:29:00+00:00,MCHP,77.2300033569336,77.2300033569336,77.32499694824219,77.19999694824219,77.32499694824219,12628.0
2024-10-25 10:29:00+00:00,MNDY,301.2019958496094,301.2019958496094,301.2019958496094,301.2019958496094,301.2019958496094,1801.0
2024-10-25 10:29:00+00:00,MPWR,918.4500122070312,918.4500122070312,918.6649780273438,917.6849975585938,918.6649780273438,1722.0
2024-10-25 10:29:00+00:00,MQ,5.309999942779541,5.309999942779541,5.309999942779541,5.309999942779541,5.309999942779541,558.0
2024-10-25 10:29:00+00:00,MRVL,83.1449966430664,83.1449966430664,83.19499969482422,83.0999984741211,83.18499755859375,11075.0
2024-10-25 10:29:00+00:00,MSFT,431.0000915527344,431.0000915527344,431.1300048828125,430.9800109863281,431.0799865722656,14770.0
2024-10-25 10:29:00+00:00,MSTR,243.38999938964844,243.38999938964844,243.64999389648438,243.0399932861328,243.2270050048828,57519.0
2024-10-25 10:29:00+00:00,MTC,0.375,0.375,0.375,0.37220001220703125,0.37220001220703125,972.0
2024-10-25 10:29:00+00:00,MTTR,4.6620001792907715,4.6620001792907715,4.6620001792907715,4.6620001792907715,4.6620001792907715,187.0
2024-10-25 10:29:00+00:00,MU,109.72000122070312,109.72000122070312,109.81999969482422,109.72000122070312,109.81500244140625,19031.0
2024-10-25 10:29:00+00:00,MVIS,1.1100000143051147,1.1100000143051147,1.1100000143051147,1.1100000143051147,1.1100000143051147,1826.0
2024-10-25 10:29:00+00:00,MXL,15.0,15.0,15.024999618530273,15.0,15.024999618530273,1798.0
2024-10-25 10:29:00+00:00,NCNO,38.33000183105469,38.33000183105469,38.33000183105469,38.31999969482422,38.31999969482422,1291.0
2024-10-25 10:29:00+00:00,NEON,8.024999618530273,8.024999618530273,8.024999618530273,8.024999618530273,8.024999618530273,184.0
2024-10-25 10:29:00+00:00,NICE,178.03500366210938,178.03500366210938,178.03500366210938,178.0,178.0,3168.0
2024-10-25 10:29:00+00:00,NNDM,2.3399999141693115,2.3399999141693115,2.343100070953369,2.3399999141693115,2.3417999744415283,1484.0
2024-10-25 10:29:00+00:00,NSIT,212.30999755859375,212.30999755859375,212.61500549316406,212.30999755859375,212.61500549316406,2688.0
2024-10-25 10:29:00+00:00,NTAP,120.61000061035156,120.61000061035156,120.61000061035156,120.61000061035156,120.61000061035156,407.0
2024-10-25 10:29:00+00:00,NTCT,20.709999084472656,20.709999084472656,20.709999084472656,20.68000030517578,20.68000030517578,591.0
2024-10-25 10:29:00+00:00,NVDA,143.45010375976562,143.45010375976562,143.52999877929688,143.4199981689453,143.4669952392578,459157.0
2024-10-25 10:29:00+00:00,NVEI,33.529998779296875,33.529998779296875,33.529998779296875,33.529998779296875,33.529998779296875,356.0
2024-10-25 10:29:00+00:00,NVTS,2.5999999046325684,2.5999999046325684,2.609999895095825,2.5840001106262207,2.5840001106262207,42046.0
2024-10-25 10:29:00+00:00,NXPI,244.47000122070312,244.47000122070312,244.5749969482422,244.3699951171875,244.55999755859375,2599.0
2024-10-25 10:29:00+00:00,ON,72.08999633789062,72.08999633789062,72.27999877929688,72.08999633789062,72.27999877929688,21112.0
2024-10-25 10:29:00+00:00,PANW,371.4200134277344,371.4200134277344,371.4200134277344,371.32000732421875,371.32000732421875,614.0
2024-10-25 10:29:00+00:00,PAYO,8.300000190734863,8.300000190734863,8.300000190734863,8.300000190734863,8.300000190734863,1687.0
2024-10-25 10:29:00+00:00,PEGA,80.86499786376953,80.86499786376953,80.93000030517578,80.83999633789062,80.83999633789062,1028.0
2024-10-25 10:29:00+00:00,PEGY,4.550000190734863,4.550000190734863,4.578999996185303,4.548999786376953,4.578999996185303,2231.0
2024-10-25 10:29:00+00:00,PGY,11.90999984741211,11.90999984741211,11.90999984741211,11.899999618530273,11.90999984741211,866.0
2024-10-25 10:29:00+00:00,PHUN,9.545000076293945,9.545000076293945,9.600000381469727,9.520099639892578,9.59850025177002,27443.0
2024-10-25 10:29:00+00:00,PI,199.64999389648438,199.64999389648438,199.74000549316406,199.1999969482422,199.25999450683594,2226.0
2024-10-25 10:29:00+00:00,PLAB,23.7450008392334,23.7450008392334,23.78499984741211,23.7450008392334,23.770000457763672,3253.0
2024-10-25 10:29:00+00:00,POWI,63.38999938964844,63.38999938964844,63.38999938964844,63.38999938964844,63.38999938964844,206.0
2024-10-25 10:29:00+00:00,PTC,185.9105987548828,185.9105987548828,185.9105987548828,185.90029907226562,185.90029907226562,1570.0
2024-10-25 10:29:00+00:00,PUBM,15.219900131225586,15.219900131225586,15.219900131225586,15.204999923706055,15.204999923706055,451.0
2024-10-25 10:29:00+00:00,PYCR,14.449999809265137,14.449999809265137,14.449999809265137,14.4399995803833,14.4399995803833,1286.0
2024-10-25 10:29:00+00:00,QCOM,172.33999633789062,172.33999633789062,172.55999755859375,172.33999633789062,172.55999755859375,4522.0
2024-10-25 10:29:00+00:00,QRVO,100.25499725341797,100.25499725341797,100.27999877929688,100.25499725341797,100.27999877929688,745.0
2024-10-25 10:29:00+00:00,QUBT,1.1588000059127808,1.1588000059127808,1.1592999696731567,1.1582000255584717,1.1591999530792236,1600.0
2024-10-25 10:29:00+00:00,RCAT,2.744999885559082,2.744999885559082,2.744999885559082,2.744999885559082,2.744999885559082,112.0
2024-10-25 10:29:00+00:00,RDVT,29.010000228881836,29.010000228881836,29.010000228881836,29.010000228881836,29.010000228881836,227.0
2024-10-25 10:29:00+00:00,RELY,14.800000190734863,14.800000190734863,14.800000190734863,14.779999732971191,14.779999732971191,1457.0
2024-10-25 10:29:00+00:00,RGTI,1.2949999570846558,1.2949999570846558,1.3049999475479126,1.2901999950408936,1.2949999570846558,219557.0
2024-10-25 10:29:00+00:00,RIOT,10.244999885559082,10.244999885559082,10.25,10.229999542236328,10.239999771118164,86353.0
2024-10-25 10:29:00+00:00,RMBS,43.05500030517578,43.05500030517578,43.13999938964844,43.04999923706055,43.13999938964844,2247.0
2024-10-25 10:29:00+00:00,RMNI,1.7350000143051147,1.7350000143051147,1.7350000143051147,1.7350000143051147,1.7350000143051147,102.0
2024-10-25 10:29:00+00:00,RPAY,7.65500020980835,7.65500020980835,7.65500020980835,7.65500020980835,7.65500020980835,26.0
2024-10-25 10:29:00+00:00,RUM,5.789999961853027,5.789999961853027,5.804999828338623,5.789999961853027,5.804999828338623,7889.0
2024-10-25 10:29:00+00:00,RUN,14.500699996948242,14.500699996948242,14.550000190734863,14.491000175476074,14.550000190734863,17685.0
2024-10-25 10:29:00+00:00,RXT,2.5701000690460205,2.5701000690460205,2.5701000690460205,2.5701000690460205,2.5701000690460205,879.0
2024-10-25 10:29:00+00:00,SANM,67.99500274658203,67.99500274658203,68.04499816894531,67.94000244140625,67.95999908447266,4942.0
2024-10-25 10:29:00+00:00,SATS,25.434999465942383,25.434999465942383,25.434999465942383,25.434999465942383,25.434999465942383,1420.0
2024-10-25 10:29:00+00:00,SEDG,15.859999656677246,15.859999656677246,15.899999618530273,15.859999656677246,15.880000114440918,9516.0
2024-10-25 10:29:00+00:00,SHLS,5.25,5.25,5.269999980926514,5.25,5.2600998878479,28474.0
2024-10-25 10:29:00+00:00,SLAB,114.97000122070312,114.97000122070312,114.97000122070312,114.97000122070312,114.97000122070312,474.0
2024-10-25 10:29:00+00:00,SLNH,4.170000076293945,4.170000076293945,4.170000076293945,4.159999847412109,4.159999847412109,0.0
2024-10-25 10:29:00+00:00,SLNHP,12.548399925231934,12.548399925231934,12.585000038146973,12.520000457763672,12.585000038146973,2215.0
2024-10-25 10:29:00+00:00,SMCI,48.290000915527344,48.290000915527344,48.33000183105469,48.08000183105469,48.09989929199219,326448.0
2024-10-25 10:29:00+00:00,SMTC,45.689998626708984,45.689998626708984,45.810001373291016,45.689998626708984,45.810001373291016,2230.0
2024-10-25 10:29:00+00:00,SNPS,507.6499938964844,507.6499938964844,507.6499938964844,507.1700134277344,507.5,2789.0
2024-10-25 10:29:00+00:00,SONO,12.920000076293945,12.920000076293945,12.920000076293945,12.920000076293945,12.920000076293945,477.0
2024-10-25 10:29:00+00:00,SOUN,5.289999961853027,5.289999961853027,5.300000190734863,5.289999961853027,5.289999961853027,30772.0
2024-10-25 10:29:00+00:00,SPSC,184.25,184.25,184.33999633789062,184.25,184.32000732421875,1441.0
2024-10-25 10:29:00+00:00,SSNC,69.80999755859375,69.80999755859375,69.9749984741211,69.80999755859375,69.9749984741211,8079.0
2024-10-25 10:29:00+00:00,STNE,11.555000305175781,11.555000305175781,11.5600004196167,11.550100326538086,11.555000305175781,4801.0
2024-10-25 10:29:00+00:00,STX,104.80000305175781,104.80000305175781,104.87999725341797,104.7300033569336,104.7300033569336,6032.0
2024-10-25 10:29:00+00:00,SURG,1.7599999904632568,1.7599999904632568,1.7599999904632568,1.7599999904632568,1.7599999904632568,500.0
2024-10-25 10:29:00+00:00,SVRE,0.08380000293254852,0.08380000293254852,0.08380000293254852,0.08380000293254852,0.08380000293254852,2878.0
2024-10-25 10:29:00+00:00,SWKS,96.01000213623047,96.01000213623047,96.06999969482422,95.97000122070312,96.06999969482422,1998.0
2024-10-25 10:29:00+00:00,SYTA,1.2699999809265137,1.2699999809265137,1.2799999713897705,1.2599999904632568,1.274999976158142,3400.0
2024-10-25 10:29:00+00:00,TEAM,191.35800170898438,191.35800170898438,191.35800170898438,191.35800170898438,191.35800170898438,282.0
2024-10-25 10:29:00+00:00,TENB,41.310001373291016,41.310001373291016,41.349998474121094,41.310001373291016,41.349998474121094,863.0
2024-10-25 10:29:00+00:00,TER,112.69499969482422,112.69499969482422,112.81999969482422,112.62000274658203,112.80000305175781,12032.0
2024-10-25 10:29:00+00:00,TLS,3.6449999809265137,3.6449999809265137,3.6449999809265137,3.6449999809265137,3.6449999809265137,221.0
2024-10-25 10:29:00+00:00,TRMB,61.224998474121094,61.224998474121094,61.2400016784668,61.224998474121094,61.224998474121094,654.0
2024-10-25 10:29:00+00:00,TTD,120.5250015258789,120.5250015258789,120.5250015258789,120.4000015258789,120.46499633789062,5022.0
2024-10-25 10:29:00+00:00,TTMI,19.670000076293945,19.670000076293945,19.670000076293945,19.670000076293945,19.670000076293945,512.0
2024-10-25 10:29:00+00:00,TWKS,4.454999923706055,4.454999923706055,4.454999923706055,4.449999809265137,4.449999809265137,8411.0
2024-10-25 10:29:00+00:00,TXN,210.10000610351562,210.10000610351562,210.2899932861328,210.10000610351562,210.2899932861328,9773.0
2024-10-25 10:29:00+00:00,UCTT,36.02000045776367,36.02000045776367,36.02000045776367,36.02000045776367,36.02000045776367,235.0
2024-10-25 10:29:00+00:00,VECO,29.6299991607666,29.6299991607666,29.639999389648438,29.6299991607666,29.639999389648438,527.0
2024-10-25 10:29:00+00:00,VERI,3.5399999618530273,3.5399999618530273,3.5450000762939453,3.5399999618530273,3.5450000762939453,4012.0
2024-10-25 10:29:00+00:00,VIAV,9.255000114440918,9.255000114440918,9.255000114440918,9.255000114440918,9.255000114440918,2503.0
2024-10-25 10:29:00+00:00,VMEO,4.75,4.75,4.760000228881836,4.75,4.760000228881836,501.0
2024-10-25 10:29:00+00:00,VNET,3.4549999237060547,3.4549999237060547,3.4549999237060547,3.452500104904175,3.452500104904175,1390.0
2024-10-25 10:29:00+00:00,VRNS,57.125,57.125,57.150001525878906,57.119998931884766,57.150001525878906,1657.0
2024-10-25 10:29:00+00:00,VRNT,22.389999389648438,22.389999389648438,22.389999389648438,22.389999389648438,22.389999389648438,374.0
2024-10-25 10:29:00+00:00,VRSN,187.66000366210938,187.66000366210938,187.66000366210938,187.66000366210938,187.66000366210938,670.0
2024-10-25 10:29:00+00:00,VSAT,10.390000343322754,10.390000343322754,10.404999732971191,10.390000343322754,10.399999618530273,2081.0
2024-10-25 10:29:00+00:00,VUZI,1.315000057220459,1.315000057220459,1.315000057220459,1.309999942779541,1.309999942779541,11340.0
2024-10-25 10:29:00+00:00,VVPR,0.7699999809265137,0.7699999809265137,0.7699999809265137,0.7699999809265137,0.7699999809265137,2269.0
2024-10-25 10:29:00+00:00,WDAY,241.61000061035156,241.61000061035156,241.8800048828125,241.61000061035156,241.7050018310547,7038.0
2024-10-25 10:29:00+00:00,WDC,72.9301986694336,72.9301986694336,73.19999694824219,72.9301986694336,73.12000274658203,76916.0
2024-10-25 10:29:00+00:00,WISA,1.8040000200271606,1.8040000200271606,1.840000033378601,1.7999999523162842,1.8300000429153442,11178.0
2024-10-25 10:29:00+00:00,WRAP,1.8899999856948853,1.8899999856948853,1.8899999856948853,1.8849999904632568,1.8849999904632568,1048.0
2024-10-25 10:29:00+00:00,XELA,1.9900000095367432,1.9900000095367432,1.9900000095367432,1.9900000095367432,1.9900000095367432,550.0
2024-10-25 10:29:00+00:00,XPER,9.4350004196167,9.4350004196167,9.4399995803833,9.4350004196167,9.4399995803833,365.0
2024-10-25 10:29:00+00:00,XRX,10.234999656677246,10.234999656677246,10.244999885559082,10.229999542236328,10.244999885559082,2624.0
2024-10-25 10:29:00+00:00,ZBRA,365.3432922363281,365.3432922363281,365.3432922363281,365.3432922363281,365.3432922363281,650.0
2024-10-25 10:29:00+00:00,ZI,10.635000228881836,10.635000228881836,10.635000228881836,10.630000114440918,10.630000114440918,3462.0
2024-10-25 10:29:00+00:00,ZM,73.2300033569336,73.2300033569336,73.30999755859375,73.2300033569336,73.30999755859375,4615.0
2024-10-25 10:29:00+00:00,ZS,186.97999572753906,186.97999572753906,186.97999572753906,186.97999572753906,186.97999572753906,1543.0
2024-10-25 10:30:00+00:00,AAOI,18.195999145507812,18.195999145507812,18.260000228881836,18.170000076293945,18.170000076293945,21614.0
2024-10-25 10:30:00+00:00,AAPL,232.24989318847656,232.24989318847656,232.32989501953125,232.1199951171875,232.1199951171875,55985.0
2024-10-25 10:30:00+00:00,ACLS,91.44000244140625,91.44000244140625,91.44000244140625,91.44000244140625,91.44000244140625,121.0
2024-10-25 10:30:00+00:00,ACMR,19.89590072631836,19.89590072631836,19.920700073242188,19.89590072631836,19.920000076293945,3080.0
2024-10-25 10:30:00+00:00,ADBE,487.6300048828125,487.6300048828125,487.79998779296875,487.4750061035156,487.4800109863281,2900.0
2024-10-25 10:30:00+00:00,ADI,234.0749969482422,234.0749969482422,234.14999389648438,233.97999572753906,234.14999389648438,3993.0
2024-10-25 10:30:00+00:00,ADSK,288.3399963378906,288.3399963378906,288.3399963378906,288.2900085449219,288.2900085449219,746.0
2024-10-25 10:30:00+00:00,ADTN,6.385000228881836,6.385000228881836,6.385000228881836,6.385000228881836,6.385000228881836,171.0
2024-10-25 10:30:00+00:00,AEHR,16.781200408935547,16.781200408935547,16.84000015258789,16.781200408935547,16.81999969482422,3547.0
2024-10-25 10:30:00+00:00,AFRM,42.005001068115234,42.005001068115234,42.02000045776367,41.976200103759766,41.9900016784668,7089.0
2024-10-25 10:30:00+00:00,AGYS,113.7699966430664,113.7699966430664,113.7699966430664,113.75,113.75,1014.0
2024-10-25 10:30:00+00:00,AIP,6.960000038146973,6.960000038146973,6.960000038146973,6.945000171661377,6.945000171661377,859.0
2024-10-25 10:30:00+00:00,AKTS,0.05909999832510948,0.05909999832510948,0.05909999832510948,0.05909999832510948,0.05909999832510948,26298.0
2024-10-25 10:30:00+00:00,ALGM,22.795000076293945,22.795000076293945,22.795000076293945,22.739999771118164,22.739999771118164,7979.0
2024-10-25 10:30:00+00:00,ALKT,38.25,38.25,38.25,38.25,38.25,365.0
2024-10-25 10:30:00+00:00,ALOT,14.510000228881836,14.510000228881836,14.510000228881836,14.5,14.5,495.0
2024-10-25 10:30:00+00:00,AMAT,189.00990295410156,189.00990295410156,189.0800018310547,188.86000061035156,189.07000732421875,19374.0
2024-10-25 10:30:00+00:00,AMD,158.44000244140625,158.44000244140625,158.57000732421875,158.36000061035156,158.52000427246094,73034.0
2024-10-25 10:30:00+00:00,AMKR,30.05500030517578,30.05500030517578,30.05500030517578,30.040000915527344,30.040000915527344,956.0
2024-10-25 10:30:00+00:00,AMPL,9.279999732971191,9.279999732971191,9.279999732971191,9.279999732971191,9.279999732971191,409.0
2024-10-25 10:30:00+00:00,ANY,1.0950000286102295,1.0950000286102295,1.0950000286102295,1.0950000286102295,1.0950000286102295,402.0
2024-10-25 10:30:00+00:00,API,2.694999933242798,2.694999933242798,2.694999933242798,2.694999933242798,2.694999933242798,408.0
2024-10-25 10:30:00+00:00,APP,163.6750030517578,163.6750030517578,163.75990295410156,163.57000732421875,163.6649932861328,5596.0
2024-10-25 10:30:00+00:00,APPF,225.88999938964844,225.88999938964844,226.24000549316406,225.88999938964844,226.24000549316406,3094.0
2024-10-25 10:30:00+00:00,APPN,32.41999816894531,32.41999816894531,32.41999816894531,32.41999816894531,32.41999816894531,216.0
2024-10-25 10:30:00+00:00,APPS,3.1449999809265137,3.1449999809265137,3.1449999809265137,3.1449999809265137,3.1449999809265137,110.0
2024-10-25 10:30:00+00:00,ARRY,6.570000171661377,6.570000171661377,6.576000213623047,6.559999942779541,6.570099830627441,16996.0
2024-10-25 10:30:00+00:00,ASML,723.2100219726562,723.2100219726562,723.2100219726562,722.638671875,722.638671875,2610.0
2024-10-25 10:30:00+00:00,AUR,6.5,6.5,6.5,6.485000133514404,6.485000133514404,6205.0
2024-10-25 10:30:00+00:00,AVGO,175.5399932861328,175.5399932861328,175.64999389648438,175.4499969482422,175.4499969482422,40349.0
2024-10-25 10:30:00+00:00,AVNW,21.01300048828125,21.01300048828125,21.01300048828125,21.01300048828125,21.01300048828125,1122.0
2024-10-25 10:30:00+00:00,AVT,54.869998931884766,54.869998931884766,54.900001525878906,54.869998931884766,54.900001525878906,944.0
2024-10-25 10:30:00+00:00,AZPN,238.0800018310547,238.0800018310547,238.0800018310547,238.0800018310547,238.0800018310547,287.0
2024-10-25 10:30:00+00:00,BASE,16.514999389648438,16.514999389648438,16.514999389648438,16.514999389648438,16.514999389648438,172.0
2024-10-25 10:30:00+00:00,BEEM,4.869999885559082,4.869999885559082,4.869999885559082,4.869999885559082,4.869999885559082,59.0
2024-10-25 10:30:00+00:00,BIGC,5.364999771118164,5.364999771118164,5.364999771118164,5.364999771118164,5.364999771118164,873.0
2024-10-25 10:30:00+00:00,BLKB,86.36499786376953,86.36499786376953,86.36499786376953,86.36499786376953,86.36499786376953,190.0
2024-10-25 10:30:00+00:00,BMBL,7.284999847412109,7.284999847412109,7.287399768829346,7.284999847412109,7.287399768829346,1400.0
2024-10-25 10:30:00+00:00,BRZE,31.100000381469727,31.100000381469727,31.110000610351562,31.059999465942383,31.059999465942383,1956.0
2024-10-25 10:30:00+00:00,BSY,49.33000183105469,49.33000183105469,49.33000183105469,49.31999969482422,49.31999969482422,580.0
2024-10-25 10:30:00+00:00,CAMT,78.3499984741211,78.3499984741211,78.36000061035156,78.3499984741211,78.36000061035156,1139.0
2024-10-25 10:30:00+00:00,CAN,0.9994999766349792,0.9994999766349792,1.0,0.9984999895095825,0.9997000098228455,11393.0
2024-10-25 10:30:00+00:00,CDNS,259.8999938964844,259.8999938964844,259.989990234375,259.67999267578125,259.9200134277344,6588.0
2024-10-25 10:30:00+00:00,CDW,219.88999938964844,219.88999938964844,219.88999938964844,219.8699951171875,219.8699951171875,884.0
2024-10-25 10:30:00+00:00,CETX,0.2989000082015991,0.2989000082015991,0.2989000082015991,0.298799991607666,0.298799991607666,15006.0
2024-10-25 10:30:00+00:00,CEVA,24.290000915527344,24.290000915527344,24.290000915527344,24.290000915527344,24.290000915527344,134.0
2024-10-25 10:30:00+00:00,CFLT,22.475000381469727,22.475000381469727,22.485000610351562,22.44499969482422,22.454999923706055,15211.0
2024-10-25 10:30:00+00:00,CGNX,39.369998931884766,39.369998931884766,39.38999938964844,39.34000015258789,39.34000015258789,23334.0
2024-10-25 10:30:00+00:00,CHKP,208.17999267578125,208.17999267578125,208.3769989013672,208.17999267578125,208.36000061035156,3070.0
2024-10-25 10:30:00+00:00,CLBT,18.18000030517578,18.18000030517578,18.18000030517578,18.18000030517578,18.18000030517578,454.0
2024-10-25 10:30:00+00:00,CLSK,12.220000267028809,12.220000267028809,12.276000022888184,12.199999809265137,12.220100402832031,352263.0
2024-10-25 10:30:00+00:00,CNXC,45.15999984741211,45.15999984741211,45.209999084472656,45.15999984741211,45.209999084472656,639.0
2024-10-25 10:30:00+00:00,COHR,96.86000061035156,96.86000061035156,96.86000061035156,96.81999969482422,96.81999969482422,1031.0
2024-10-25 10:30:00+00:00,COHU,26.29829978942871,26.29829978942871,26.29829978942871,26.29829978942871,26.29829978942871,1322.0
2024-10-25 10:30:00+00:00,COIN,213.0989990234375,213.0989990234375,213.36990356445312,212.64500427246094,212.64500427246094,26722.0
2024-10-25 10:30:00+00:00,COMM,6.494999885559082,6.494999885559082,6.494999885559082,6.485000133514404,6.485000133514404,2685.0
2024-10-25 10:30:00+00:00,CORZ,13.545000076293945,13.545000076293945,13.574999809265137,13.524999618530273,13.574999809265137,18753.0
2024-10-25 10:30:00+00:00,CPTN,3.1449999809265137,3.1449999809265137,3.1461000442504883,3.1449999809265137,3.1461000442504883,2609.0
2024-10-25 10:30:00+00:00,CRCT,6.550000190734863,6.550000190734863,6.550000190734863,6.550000190734863,6.550000190734863,409.0
2024-10-25 10:30:00+00:00,CRDO,39.70000076293945,39.70000076293945,39.7400016784668,39.70000076293945,39.720001220703125,920.0
2024-10-25 10:30:00+00:00,CRSR,6.4720001220703125,6.4720001220703125,6.47599983215332,6.4720001220703125,6.47599983215332,2783.0
2024-10-25 10:30:00+00:00,CRUS,123.1050033569336,123.1050033569336,123.1050033569336,123.03399658203125,123.03399658203125,673.0
2024-10-25 10:30:00+00:00,CRWD,310.1199951171875,310.1199951171875,310.3500061035156,309.9590148925781,310.0430908203125,5515.0
2024-10-25 10:30:00+00:00,CSCO,56.44779968261719,56.44779968261719,56.44990158081055,56.43000030517578,56.440101623535156,8950.0
2024-10-25 10:30:00+00:00,CSGS,47.93000030517578,47.93000030517578,47.93000030517578,47.93000030517578,47.93000030517578,660.0
2024-10-25 10:30:00+00:00,CSIQ,13.505000114440918,13.505000114440918,13.609999656677246,13.5,13.609999656677246,6605.0
2024-10-25 10:30:00+00:00,CTSH,75.18000030517578,75.18000030517578,75.20999908447266,75.18000030517578,75.20999908447266,3057.0
2024-10-25 10:30:00+00:00,DAKT,13.359999656677246,13.359999656677246,13.359999656677246,13.359999656677246,13.359999656677246,467.0
2024-10-25 10:30:00+00:00,DATS,1.6200000047683716,1.6200000047683716,1.6200000047683716,1.6200000047683716,1.6200000047683716,0.0
2024-10-25 10:30:00+00:00,DBX,26.114999771118164,26.114999771118164,26.1200008392334,26.110000610351562,26.110000610351562,1839.0
2024-10-25 10:30:00+00:00,DDOG,127.19999694824219,127.19999694824219,127.26000213623047,127.16999816894531,127.16999816894531,26073.0
2024-10-25 10:30:00+00:00,DIOD,66.4800033569336,66.4800033569336,66.4800033569336,66.4800033569336,66.4800033569336,414.0
2024-10-25 10:30:00+00:00,DLO,8.850000381469727,8.850000381469727,8.850000381469727,8.850000381469727,8.850000381469727,578.0
2024-10-25 10:30:00+00:00,DOCU,70.5999984741211,70.5999984741211,70.5999984741211,70.55000305175781,70.55999755859375,3234.0
2024-10-25 10:30:00+00:00,DTSS,2.4100000858306885,2.4100000858306885,2.4100000858306885,2.4100000858306885,2.4100000858306885,216.0
2024-10-25 10:30:00+00:00,DUOL,286.614990234375,286.614990234375,286.614990234375,286.614990234375,286.614990234375,252.0
2024-10-25 10:30:00+00:00,ENPH,82.43000030517578,82.43000030517578,82.4800033569336,82.4000015258789,82.45999908447266,6431.0
2024-10-25 10:30:00+00:00,ENTG,104.75,104.75,104.95500183105469,104.75,104.80999755859375,2607.0
2024-10-25 10:30:00+00:00,ERIC,8.515000343322754,8.515000343322754,8.520000457763672,8.515000343322754,8.51990032196045,22486.0
2024-10-25 10:30:00+00:00,EXFY,1.725000023841858,1.725000023841858,1.725000023841858,1.725000023841858,1.725000023841858,109.0
2024-10-25 10:30:00+00:00,EXTR,14.53600025177002,14.53600025177002,14.53600025177002,14.529999732971191,14.529999732971191,377.0
2024-10-25 10:30:00+00:00,FCUV,0.2500999867916107,0.2500999867916107,0.2500999867916107,0.2500999867916107,0.2500999867916107,2508.0
2024-10-25 10:30:00+00:00,FFIV,216.67999267578125,216.67999267578125,216.7100067138672,216.67999267578125,216.7100067138672,1436.0
2024-10-25 10:30:00+00:00,FIVN,30.639999389648438,30.639999389648438,30.639999389648438,30.6200008392334,30.625,1572.0
2024-10-25 10:30:00+00:00,FLEX,35.650001525878906,35.650001525878906,35.654998779296875,35.650001525878906,35.654998779296875,1938.0
2024-10-25 10:30:00+00:00,FLYW,17.6299991607666,17.6299991607666,17.6299991607666,17.625,17.625,608.0
2024-10-25 10:30:00+00:00,FROG,29.549999237060547,29.549999237060547,29.549999237060547,29.549999237060547,29.549999237060547,685.0
2024-10-25 10:30:00+00:00,FRSH,11.760000228881836,11.760000228881836,11.760000228881836,11.760000228881836,11.760000228881836,776.0
2024-10-25 10:30:00+00:00,FSLR,200.1199951171875,200.1199951171875,200.1199951171875,199.60009765625,199.99989318847656,10619.0
2024-10-25 10:30:00+00:00,FTNT,81.52999877929688,81.52999877929688,81.54000091552734,81.48999786376953,81.5,5282.0
2024-10-25 10:30:00+00:00,GCT,25.700000762939453,25.700000762939453,25.709999084472656,25.69499969482422,25.69499969482422,998.0
2024-10-25 10:30:00+00:00,GDS,21.75,21.75,21.75,21.75,21.75,205.0
2024-10-25 10:30:00+00:00,GDYN,15.670000076293945,15.670000076293945,15.670000076293945,15.670000076293945,15.670000076293945,267.0
2024-10-25 10:30:00+00:00,GFS,41.064998626708984,41.064998626708984,41.06999969482422,41.0099983215332,41.029998779296875,10618.0
2024-10-25 10:30:00+00:00,GNSS,3.869999885559082,3.869999885559082,3.869999885559082,3.869999885559082,3.869999885559082,609.0
2024-10-25 10:30:00+00:00,GPRO,1.340000033378601,1.340000033378601,1.340000033378601,1.3200000524520874,1.3250000476837158,33556.0
2024-10-25 10:30:00+00:00,GRAB,4.089200019836426,4.089200019836426,4.090000152587891,4.085000038146973,4.085000038146973,10519.0
2024-10-25 10:30:00+00:00,GRRR,4.676799774169922,4.676799774169922,4.676799774169922,4.676799774169922,4.676799774169922,312.0
2024-10-25 10:30:00+00:00,GRRRW,0.06350000202655792,0.06350000202655792,0.06350000202655792,0.06350000202655792,0.06350000202655792,4800.0
2024-10-25 10:30:00+00:00,HCP,33.630001068115234,33.630001068115234,33.638099670410156,33.630001068115234,33.6349983215332,4329.0
2024-10-25 10:30:00+00:00,HIMX,6.204999923706055,6.204999923706055,6.204999923706055,6.199999809265137,6.199999809265137,1828.0
2024-10-25 10:30:00+00:00,HLIT,14.869999885559082,14.869999885559082,14.878999710083008,14.869999885559082,14.878999710083008,1109.0
2024-10-25 10:30:00+00:00,HOLO,3.7799999713897705,3.7799999713897705,3.7799999713897705,3.765000104904175,3.765000104904175,7190.0
2024-10-25 10:30:00+00:00,HOOD,27.485000610351562,27.485000610351562,27.4950008392334,27.471399307250977,27.489999771118164,26253.0
2024-10-25 10:30:00+00:00,ICHR,27.797000885009766,27.797000885009766,27.797000885009766,27.75,27.75,1699.0
2024-10-25 10:30:00+00:00,IMTE,1.6398999691009521,1.6398999691009521,1.6398999691009521,1.559999942779541,1.5700000524520874,810.0
2024-10-25 10:30:00+00:00,INDI,3.6080000400543213,3.6080000400543213,3.609999895095825,3.6040000915527344,3.6050000190734863,1652.0
2024-10-25 10:30:00+00:00,INFN,6.795000076293945,6.795000076293945,6.795000076293945,6.795000076293945,6.795000076293945,1059.0
2024-10-25 10:30:00+00:00,INOD,20.3075008392334,20.3075008392334,20.3075008392334,20.3075008392334,20.3075008392334,1047.0
2024-10-25 10:30:00+00:00,INTA,50.25,50.25,50.25,50.25,50.25,620.0
2024-10-25 10:30:00+00:00,INTC,23.19499969482422,23.19499969482422,23.209999084472656,23.174999237060547,23.190000534057617,164182.0
2024-10-25 10:30:00+00:00,INTU,613.9500122070312,613.9500122070312,613.9500122070312,613.9500122070312,613.9500122070312,2214.0
2024-10-25 10:30:00+00:00,INTZ,0.7286999821662903,0.7286999821662903,0.7286999821662903,0.7286999821662903,0.7286999821662903,9260.0
2024-10-25 10:30:00+00:00,ITI,7.196000099182129,7.196000099182129,7.196000099182129,7.196000099182129,7.196000099182129,865.0
2024-10-25 10:30:00+00:00,KC,2.75,2.75,2.755000114440918,2.75,2.75,1134.0
2024-10-25 10:30:00+00:00,KLAC,680.635009765625,680.635009765625,680.635009765625,679.8599853515625,679.8599853515625,2803.0
2024-10-25 10:30:00+00:00,LINK,4.625,4.625,4.699999809265137,4.559999942779541,4.559999942779541,12547.0
2024-10-25 10:30:00+00:00,LITE,64.81500244140625,64.81500244140625,64.81500244140625,64.7750015258789,64.7750015258789,353.0
2024-10-25 10:30:00+00:00,LOGI,81.0199966430664,81.0199966430664,81.0199966430664,80.98999786376953,80.98999786376953,1421.0
2024-10-25 10:30:00+00:00,LRCX,79.31999969482422,79.31999969482422,79.5199966430664,79.31500244140625,79.375,161690.0
2024-10-25 10:30:00+00:00,LSCC,54.814998626708984,54.814998626708984,54.85499954223633,54.814998626708984,54.849998474121094,3162.0
2024-10-25 10:30:00+00:00,LTRX,4.033999919891357,4.033999919891357,4.033999919891357,4.033999919891357,4.033999919891357,365.0
2024-10-25 10:30:00+00:00,LYFT,13.71500015258789,13.71500015258789,13.719900131225586,13.710000038146973,13.710000038146973,20289.0
2024-10-25 10:30:00+00:00,MAXN,5.65339994430542,5.65339994430542,5.690000057220459,5.65339994430542,5.690000057220459,3491.0
2024-10-25 10:30:00+00:00,MCHP,77.2300033569336,77.2300033569336,77.2300033569336,77.16999816894531,77.19000244140625,7936.0
2024-10-25 10:30:00+00:00,MDB,268.7200012207031,268.7200012207031,268.7200012207031,268.7200012207031,268.7200012207031,887.0
2024-10-25 10:30:00+00:00,MITK,8.8149995803833,8.8149995803833,8.8149995803833,8.8149995803833,8.8149995803833,1243.0
2024-10-25 10:30:00+00:00,MKSI,101.27999877929688,101.27999877929688,101.27999877929688,101.27999877929688,101.27999877929688,305.0
2024-10-25 10:30:00+00:00,MKTW,0.6000000238418579,0.6000000238418579,0.6000000238418579,0.6000000238418579,0.6000000238418579,516.0
2024-10-25 10:30:00+00:00,MQ,5.304999828338623,5.304999828338623,5.304999828338623,5.304999828338623,5.304999828338623,525.0
2024-10-25 10:30:00+00:00,MRVL,83.12999725341797,83.12999725341797,83.19000244140625,83.12000274658203,83.12999725341797,10185.0
2024-10-25 10:30:00+00:00,MSFT,430.92999267578125,430.92999267578125,431.2251892089844,430.9049987792969,431.0,27571.0
2024-10-25 10:30:00+00:00,MSTR,243.7100067138672,243.7100067138672,244.4398956298828,243.17999267578125,243.27000427246094,104257.0
2024-10-25 10:30:00+00:00,MTC,0.3749000132083893,0.3749000132083893,0.3749000132083893,0.3749000132083893,0.3749000132083893,1490.0
2024-10-25 10:30:00+00:00,MTLS,5.989999771118164,5.989999771118164,5.989999771118164,5.989999771118164,5.989999771118164,1000.0
2024-10-25 10:30:00+00:00,MTSI,119.44499969482422,119.44499969482422,119.44499969482422,119.44499969482422,119.44499969482422,604.0
2024-10-25 10:30:00+00:00,MTTR,4.659999847412109,4.659999847412109,4.659999847412109,4.659999847412109,4.659999847412109,792.0
2024-10-25 10:30:00+00:00,MU,109.72000122070312,109.72000122070312,109.8499984741211,109.68000030517578,109.69000244140625,23045.0
2024-10-25 10:30:00+00:00,MVIS,1.1150000095367432,1.1150000095367432,1.1150000095367432,1.1150000095367432,1.1150000095367432,901.0
2024-10-25 10:30:00+00:00,MXL,14.970000267028809,14.970000267028809,15.0,14.9399995803833,15.0,6379.0
2024-10-25 10:30:00+00:00,NICE,177.9550018310547,177.9550018310547,177.9550018310547,177.9550018310547,177.9550018310547,707.0
2024-10-25 10:30:00+00:00,NNDM,2.3450000286102295,2.3450000286102295,2.3450000286102295,2.3399999141693115,2.3399999141693115,1338.0
2024-10-25 10:30:00+00:00,NSIT,212.4499969482422,212.4499969482422,212.4499969482422,212.30999755859375,212.30999755859375,698.0
2024-10-25 10:30:00+00:00,NTAP,120.52999877929688,120.52999877929688,120.63040161132812,120.5199966430664,120.5199966430664,2344.0
2024-10-25 10:30:00+00:00,NTNX,62.650001525878906,62.650001525878906,62.685001373291016,62.57500076293945,62.57500076293945,2284.0
2024-10-25 10:30:00+00:00,NVDA,143.5792999267578,143.5792999267578,143.61000061035156,143.42999267578125,143.4600067138672,651517.0
2024-10-25 10:30:00+00:00,NVEI,33.529998779296875,33.529998779296875,33.529998779296875,33.525001525878906,33.529998779296875,5332.0
2024-10-25 10:30:00+00:00,NVTS,2.6050000190734863,2.6050000190734863,2.609999895095825,2.6040000915527344,2.604599952697754,13459.0
2024-10-25 10:30:00+00:00,NXPI,244.30250549316406,244.30250549316406,244.32000732421875,244.10000610351562,244.30999755859375,6305.0
2024-10-25 10:30:00+00:00,OKTA,72.8550033569336,72.8550033569336,72.8550033569336,72.80999755859375,72.80999755859375,1684.0
2024-10-25 10:30:00+00:00,ON,72.05500030517578,72.05500030517578,72.0999984741211,72.02999877929688,72.08000183105469,10517.0
2024-10-25 10:30:00+00:00,OTEX,33.65999984741211,33.65999984741211,33.66899871826172,33.65999984741211,33.66899871826172,777.0
2024-10-25 10:30:00+00:00,PANW,371.29998779296875,371.29998779296875,371.32000732421875,371.114990234375,371.2987060546875,2564.0
2024-10-25 10:30:00+00:00,PAYO,8.305000305175781,8.305000305175781,8.305000305175781,8.300000190734863,8.300000190734863,898.0
2024-10-25 10:30:00+00:00,PEGA,81.12000274658203,81.12000274658203,81.12000274658203,80.83499908447266,80.83999633789062,13301.0
2024-10-25 10:30:00+00:00,PEGY,4.609899997711182,4.609899997711182,4.609899997711182,4.5640997886657715,4.565999984741211,2634.0
2024-10-25 10:30:00+00:00,PGY,11.90999984741211,11.90999984741211,11.90999984741211,11.906000137329102,11.906000137329102,637.0
2024-10-25 10:30:00+00:00,PHUN,9.65999984741211,9.65999984741211,9.65999984741211,9.5600004196167,9.5600004196167,41857.0
2024-10-25 10:30:00+00:00,PI,199.7899932861328,199.7899932861328,199.7899932861328,199.7899932861328,199.7899932861328,1417.0
2024-10-25 10:30:00+00:00,PLAB,23.760000228881836,23.760000228881836,23.760000228881836,23.760000228881836,23.760000228881836,434.0
2024-10-25 10:30:00+00:00,POET,3.996000051498413,3.996000051498413,4.0,3.990000009536743,3.994999885559082,4438.0
2024-10-25 10:30:00+00:00,POWI,63.3650016784668,63.3650016784668,63.3650016784668,63.34000015258789,63.34000015258789,436.0
2024-10-25 10:30:00+00:00,PRCH,1.375,1.375,1.375,1.3739999532699585,1.3739999532699585,894.0
2024-10-25 10:30:00+00:00,PRGS,65.19999694824219,65.19999694824219,65.19999694824219,65.19999694824219,65.19999694824219,490.0
2024-10-25 10:30:00+00:00,PTC,186.38999938964844,186.38999938964844,186.39999389648438,185.94000244140625,185.94000244140625,8289.0
2024-10-25 10:30:00+00:00,PUBM,15.15999984741211,15.15999984741211,15.180000305175781,15.15999984741211,15.180000305175781,1504.0
2024-10-25 10:30:00+00:00,QCOM,172.32000732421875,172.32000732421875,172.43580627441406,172.25030517578125,172.2718963623047,8495.0
2024-10-25 10:30:00+00:00,QH,1.4247000217437744,1.4247000217437744,1.4247000217437744,1.4247000217437744,1.4247000217437744,3800.0
2024-10-25 10:30:00+00:00,QRVO,100.13999938964844,100.13999938964844,100.19000244140625,100.13999938964844,100.19000244140625,2887.0
2024-10-25 10:30:00+00:00,QUBT,1.1549999713897705,1.1549999713897705,1.159999966621399,1.1514999866485596,1.1549999713897705,27432.0
2024-10-25 10:30:00+00:00,RCAT,2.742799997329712,2.742799997329712,2.742799997329712,2.742799997329712,2.742799997329712,1200.0
2024-10-25 10:30:00+00:00,REKR,1.100000023841858,1.100000023841858,1.100000023841858,1.100000023841858,1.100000023841858,828.0
2024-10-25 10:30:00+00:00,RELY,14.795000076293945,14.795000076293945,14.8100004196167,14.795000076293945,14.8100004196167,1427.0
2024-10-25 10:30:00+00:00,RGTI,1.2899999618530273,1.2899999618530273,1.2999000549316406,1.2899999618530273,1.2899999618530273,40393.0
2024-10-25 10:30:00+00:00,RIOT,10.25469970703125,10.25469970703125,10.279399871826172,10.225000381469727,10.244999885559082,106411.0
2024-10-25 10:30:00+00:00,RMBS,43.02000045776367,43.02000045776367,43.02000045776367,43.02000045776367,43.02000045776367,1415.0
2024-10-25 10:30:00+00:00,RMNI,1.7400000095367432,1.7400000095367432,1.7400000095367432,1.7350000143051147,1.7350000143051147,528.0
2024-10-25 10:30:00+00:00,RPAY,7.656000137329102,7.656000137329102,7.656000137329102,7.650000095367432,7.650000095367432,451.0
2024-10-25 10:30:00+00:00,RPD,39.56999969482422,39.56999969482422,39.56999969482422,39.540000915527344,39.551998138427734,1656.0
2024-10-25 10:30:00+00:00,RUM,5.78000020980835,5.78000020980835,5.789999961853027,5.760000228881836,5.789999961853027,18341.0
2024-10-25 10:30:00+00:00,RUN,14.505000114440918,14.505000114440918,14.505000114440918,14.479999542236328,14.5,20879.0
2024-10-25 10:30:00+00:00,RXT,2.575000047683716,2.575000047683716,2.575000047683716,2.575000047683716,2.575000047683716,101.0
2024-10-25 10:30:00+00:00,SANM,67.92500305175781,67.92500305175781,67.93000030517578,67.91999816894531,67.93000030517578,1445.0
2024-10-25 10:30:00+00:00,SATS,25.40999984741211,25.40999984741211,25.440000534057617,25.315000534057617,25.440000534057617,10217.0
2024-10-25 10:30:00+00:00,SEDG,15.845000267028809,15.845000267028809,15.850000381469727,15.8100004196167,15.850000381469727,6903.0
2024-10-25 10:30:00+00:00,SHLS,5.255000114440918,5.255000114440918,5.255000114440918,5.244999885559082,5.244999885559082,7654.0
2024-10-25 10:30:00+00:00,SIMO,56.91999816894531,56.91999816894531,56.91999816894531,56.91999816894531,56.91999816894531,200.0
2024-10-25 10:30:00+00:00,SKYT,10.585000038146973,10.585000038146973,10.585000038146973,10.585000038146973,10.585000038146973,340.0
2024-10-25 10:30:00+00:00,SLNH,4.25,4.25,4.25,4.239999771118164,4.239999771118164,2814.0
2024-10-25 10:30:00+00:00,SMCI,48.209999084472656,48.209999084472656,48.38999938964844,48.180301666259766,48.27000045776367,301363.0
2024-10-25 10:30:00+00:00,SMTC,45.70500183105469,45.70500183105469,45.720001220703125,45.689998626708984,45.720001220703125,2331.0
2024-10-25 10:30:00+00:00,SONO,12.904999732971191,12.904999732971191,12.904999732971191,12.899999618530273,12.904999732971191,1399.0
2024-10-25 10:30:00+00:00,SOUN,5.300000190734863,5.300000190734863,5.300000190734863,5.28000020980835,5.289999961853027,38520.0
2024-10-25 10:30:00+00:00,SPSC,184.7100067138672,184.7100067138672,185.0800018310547,184.27000427246094,184.27000427246094,5541.0
2024-10-25 10:30:00+00:00,SPT,27.56999969482422,27.56999969482422,27.59000015258789,27.56999969482422,27.59000015258789,1002.0
2024-10-25 10:30:00+00:00,SSNC,69.83000183105469,69.83000183105469,69.83999633789062,69.76499938964844,69.79000091552734,15663.0
2024-10-25 10:30:00+00:00,SSYS,7.159999847412109,7.159999847412109,7.159999847412109,7.150000095367432,7.150000095367432,626.0
2024-10-25 10:30:00+00:00,STNE,11.5649995803833,11.5649995803833,11.569999694824219,11.55150032043457,11.55150032043457,5273.0
2024-10-25 10:30:00+00:00,STX,104.97000122070312,104.97000122070312,105.0199966430664,104.75,104.76000213623047,34368.0
2024-10-25 10:30:00+00:00,SVRE,0.08340000361204147,0.08340000361204147,0.08340000361204147,0.08340000361204147,0.08340000361204147,39694.0
2024-10-25 10:30:00+00:00,SWKS,95.94000244140625,95.94000244140625,95.98999786376953,95.94000244140625,95.98999786376953,3104.0
2024-10-25 10:30:00+00:00,SYNA,73.43000030517578,73.43000030517578,73.43000030517578,73.43000030517578,73.43000030517578,398.0
2024-10-25 10:30:00+00:00,SYTA,1.2694000005722046,1.2694000005722046,1.2799999713897705,1.2599999904632568,1.2599999904632568,8421.0
2024-10-25 10:30:00+00:00,TEAM,191.08999633789062,191.08999633789062,191.33999633789062,191.0800018310547,191.33999633789062,1527.0
2024-10-25 10:30:00+00:00,TER,112.5199966430664,112.5199966430664,112.66999816894531,112.5199966430664,112.66999816894531,2912.0
2024-10-25 10:30:00+00:00,TGL,0.675599992275238,0.675599992275238,0.6798999905586243,0.675599992275238,0.6798999905586243,580.0
2024-10-25 10:30:00+00:00,TLS,3.6500000953674316,3.6500000953674316,3.6500000953674316,3.6500000953674316,3.6500000953674316,831.0
2024-10-25 10:30:00+00:00,TRMB,61.16999816894531,61.16999816894531,61.220001220703125,61.16999816894531,61.220001220703125,247.0
2024-10-25 10:30:00+00:00,TSEM,45.56999969482422,45.56999969482422,45.56999969482422,45.56999969482422,45.56999969482422,659.0
2024-10-25 10:30:00+00:00,TTD,120.61000061035156,120.61000061035156,120.61000061035156,120.4800033569336,120.51000213623047,4527.0
2024-10-25 10:30:00+00:00,TWKS,4.451000213623047,4.451000213623047,4.454999923706055,4.449999809265137,4.449999809265137,19989.0
2024-10-25 10:30:00+00:00,TXN,209.94000244140625,209.94000244140625,210.09300231933594,209.94000244140625,210.08999633789062,7623.0
2024-10-25 10:30:00+00:00,UCTT,36.060001373291016,36.060001373291016,36.060001373291016,36.02000045776367,36.02000045776367,490.0
2024-10-25 10:30:00+00:00,VECO,29.6200008392334,29.6200008392334,29.639999389648438,29.6200008392334,29.639999389648438,712.0
2024-10-25 10:30:00+00:00,VIAV,9.255000114440918,9.255000114440918,9.260000228881836,9.255000114440918,9.260000228881836,5955.0
2024-10-25 10:30:00+00:00,VMEO,4.75,4.75,4.760000228881836,4.75,4.755000114440918,438.0
2024-10-25 10:30:00+00:00,VNET,3.444999933242798,3.444999933242798,3.4549999237060547,3.444999933242798,3.4549999237060547,2258.0
2024-10-25 10:30:00+00:00,VRNS,57.130001068115234,57.130001068115234,57.130001068115234,57.08000183105469,57.1150016784668,1011.0
2024-10-25 10:30:00+00:00,VRSN,187.875,187.875,188.1199951171875,187.875,188.11000061035156,3484.0
2024-10-25 10:30:00+00:00,VSAT,10.359999656677246,10.359999656677246,10.380000114440918,10.359999656677246,10.380000114440918,2142.0
2024-10-25 10:30:00+00:00,VVPR,0.7746999859809875,0.7746999859809875,0.7746999859809875,0.7746999859809875,0.7746999859809875,2.0
2024-10-25 10:30:00+00:00,WALD,3.630000114440918,3.630000114440918,3.630000114440918,3.630000114440918,3.630000114440918,500.0
2024-10-25 10:30:00+00:00,WDAY,241.55569458007812,241.55569458007812,241.5800018310547,241.47999572753906,241.52999877929688,2791.0
2024-10-25 10:30:00+00:00,WDC,72.77999877929688,72.77999877929688,73.05999755859375,72.70999908447266,72.94259643554688,76731.0
2024-10-25 10:30:00+00:00,WISA,1.809999942779541,1.809999942779541,1.809999942779541,1.809999942779541,1.809999942779541,640.0
2024-10-25 10:30:00+00:00,XPER,9.430000305175781,9.430000305175781,9.430000305175781,9.430000305175781,9.430000305175781,554.0
2024-10-25 10:30:00+00:00,XRX,10.225000381469727,10.225000381469727,10.234999656677246,10.225000381469727,10.229999542236328,1971.0
2024-10-25 10:30:00+00:00,ZI,10.640000343322754,10.640000343322754,10.645000457763672,10.640000343322754,10.640000343322754,5396.0
2024-10-25 10:30:00+00:00,ZM,73.20500183105469,73.20500183105469,73.20500183105469,73.19000244140625,73.19999694824219,6214.0
2024-10-25 10:30:00+00:00,ZS,187.05999755859375,187.05999755859375,187.16990661621094,186.6999969482422,186.6999969482422,3567.0
2024-10-25 10:31:00+00:00,AAOI,18.18000030517578,18.18000030517578,18.219999313354492,18.149999618530273,18.209999084472656,7288.0
2024-10-25 10:31:00+00:00,AAPL,232.3000030517578,232.3000030517578,232.32000732421875,232.1199951171875,232.24989318847656,55613.0
2024-10-25 10:31:00+00:00,ACIW,49.58000183105469,49.58000183105469,49.58000183105469,49.58000183105469,49.58000183105469,118.0
2024-10-25 10:31:00+00:00,ACLS,91.36000061035156,91.36000061035156,91.44000244140625,91.36000061035156,91.37000274658203,1784.0
2024-10-25 10:31:00+00:00,ACMR,19.889999389648438,19.889999389648438,19.889999389648438,19.889999389648438,19.889999389648438,543.0
2024-10-25 10:31:00+00:00,ADBE,487.6400146484375,487.6400146484375,488.0400085449219,487.6400146484375,487.8900146484375,4128.0
2024-10-25 10:31:00+00:00,ADI,233.85000610351562,233.85000610351562,233.97999572753906,233.85000610351562,233.97999572753906,1646.0
2024-10-25 10:31:00+00:00,ADSK,288.375,288.375,288.375,288.364990234375,288.364990234375,477.0
2024-10-25 10:31:00+00:00,ADTN,6.369999885559082,6.369999885559082,6.380000114440918,6.369999885559082,6.380000114440918,427.0
2024-10-25 10:31:00+00:00,AEHR,16.850000381469727,16.850000381469727,16.878000259399414,16.799999237060547,16.82430076599121,12932.0
2024-10-25 10:31:00+00:00,AFRM,41.93000030517578,41.93000030517578,41.97999954223633,41.91999816894531,41.97999954223633,4116.0
2024-10-25 10:31:00+00:00,AKAM,103.37999725341797,103.37999725341797,103.37999725341797,103.37999725341797,103.37999725341797,134.0
2024-10-25 10:31:00+00:00,AKTS,0.05900000035762787,0.05900000035762787,0.05900000035762787,0.05900000035762787,0.05900000035762787,0.0
2024-10-25 10:31:00+00:00,ALGM,22.790000915527344,22.790000915527344,22.790000915527344,22.780000686645508,22.780000686645508,5006.0
2024-10-25 10:31:00+00:00,ALKT,38.185001373291016,38.185001373291016,38.185001373291016,38.185001373291016,38.185001373291016,485.0
2024-10-25 10:31:00+00:00,ALTR,106.13999938964844,106.13999938964844,106.13999938964844,106.05999755859375,106.05999755859375,2735.0
2024-10-25 10:31:00+00:00,AMAT,188.58999633789062,188.58999633789062,188.93499755859375,188.50030517578125,188.93499755859375,11293.0
2024-10-25 10:31:00+00:00,AMBA,58.1349983215332,58.1349983215332,58.1349983215332,58.1349983215332,58.1349983215332,778.0
2024-10-25 10:31:00+00:00,AMD,158.3350067138672,158.3350067138672,158.48500061035156,158.24000549316406,158.4600067138672,59924.0
2024-10-25 10:31:00+00:00,AMKR,30.040000915527344,30.040000915527344,30.040000915527344,30.040000915527344,30.040000915527344,269.0
2024-10-25 10:31:00+00:00,AMPL,9.279999732971191,9.279999732971191,9.279999732971191,9.279999732971191,9.279999732971191,931.0
2024-10-25 10:31:00+00:00,ANSS,326.75,326.75,326.75,326.75,326.75,1102.0
2024-10-25 10:31:00+00:00,AOSL,36.43000030517578,36.43000030517578,36.439998626708984,36.43000030517578,36.439998626708984,1094.0
2024-10-25 10:31:00+00:00,API,2.694999933242798,2.694999933242798,2.694999933242798,2.694999933242798,2.694999933242798,103.0
2024-10-25 10:31:00+00:00,APP,163.75399780273438,163.75399780273438,163.83999633789062,163.60000610351562,163.6750030517578,5030.0
2024-10-25 10:31:00+00:00,APPF,226.73500061035156,226.73500061035156,226.73500061035156,226.73500061035156,226.73500061035156,202.0
2024-10-25 10:31:00+00:00,APPN,32.54999923706055,32.54999923706055,32.54999923706055,32.43000030517578,32.439998626708984,2094.0
2024-10-25 10:31:00+00:00,APPS,3.1449999809265137,3.1449999809265137,3.1449999809265137,3.1449999809265137,3.1449999809265137,284.0
2024-10-25 10:31:00+00:00,ARRY,6.559999942779541,6.559999942779541,6.570000171661377,6.550000190734863,6.565000057220459,14581.0
2024-10-25 10:31:00+00:00,ASML,723.1165771484375,723.1165771484375,723.1165771484375,722.97900390625,722.97900390625,2503.0
2024-10-25 10:31:00+00:00,AUR,6.489999771118164,6.489999771118164,6.5,6.489999771118164,6.489999771118164,21923.0
2024-10-25 10:31:00+00:00,AVDX,8.22599983215332,8.22599983215332,8.22599983215332,8.225000381469727,8.225000381469727,1511.0
2024-10-25 10:31:00+00:00,AVGO,175.5399932861328,175.5399932861328,175.6199951171875,175.4600067138672,175.6199951171875,18655.0
2024-10-25 10:31:00+00:00,AVPT,12.09000015258789,12.09000015258789,12.09000015258789,12.09000015258789,12.09000015258789,307.0
2024-10-25 10:31:00+00:00,AVT,54.86000061035156,54.86000061035156,54.88999938964844,54.86000061035156,54.88999938964844,1797.0
2024-10-25 10:31:00+00:00,BAND,17.825000762939453,17.825000762939453,17.850000381469727,17.825000762939453,17.850000381469727,265.0
2024-10-25 10:31:00+00:00,BIGC,5.369999885559082,5.369999885559082,5.375,5.369999885559082,5.369999885559082,597.0
2024-10-25 10:31:00+00:00,BLKB,86.44000244140625,86.44000244140625,86.45999908447266,86.44000244140625,86.44000244140625,616.0
2024-10-25 10:31:00+00:00,BLZE,7.251999855041504,7.251999855041504,7.251999855041504,7.251999855041504,7.251999855041504,166.0
2024-10-25 10:31:00+00:00,BMBL,7.289999961853027,7.289999961853027,7.289999961853027,7.289999961853027,7.289999961853027,1175.0
2024-10-25 10:31:00+00:00,BRZE,31.059999465942383,31.059999465942383,31.059999465942383,31.059999465942383,31.059999465942383,126.0
2024-10-25 10:31:00+00:00,BSY,49.31399917602539,49.31399917602539,49.34000015258789,49.31399917602539,49.34000015258789,759.0
2024-10-25 10:31:00+00:00,CAN,1.0,1.0,1.0090999603271484,0.9997000098228455,0.9998000264167786,19802.0
2024-10-25 10:31:00+00:00,CCSI,20.485000610351562,20.485000610351562,20.485000610351562,20.485000610351562,20.485000610351562,110.0
2024-10-25 10:31:00+00:00,CDNS,259.7200012207031,259.7200012207031,259.82501220703125,259.7200012207031,259.7950134277344,2892.0
2024-10-25 10:31:00+00:00,CDW,219.88999938964844,219.88999938964844,219.99000549316406,219.88999938964844,219.99000549316406,1325.0
2024-10-25 10:31:00+00:00,CFLT,22.454999923706055,22.454999923706055,22.469999313354492,22.44499969482422,22.46500015258789,7937.0
2024-10-25 10:31:00+00:00,CGNX,39.34000015258789,39.34000015258789,39.3849983215332,39.334999084472656,39.3849983215332,4208.0
2024-10-25 10:31:00+00:00,CHKP,208.16000366210938,208.16000366210938,208.16000366210938,208.16000366210938,208.16000366210938,308.0
2024-10-25 10:31:00+00:00,CLBT,18.200000762939453,18.200000762939453,18.200000762939453,18.200000762939453,18.200000762939453,1137.0
2024-10-25 10:31:00+00:00,CLSK,12.218899726867676,12.218899726867676,12.244999885559082,12.180100440979004,12.234000205993652,70168.0
2024-10-25 10:31:00+00:00,CMBM,1.2999999523162842,1.2999999523162842,1.2999999523162842,1.2999999523162842,1.2999999523162842,1201.0
2024-10-25 10:31:00+00:00,CMTL,3.7239999771118164,3.7239999771118164,3.7239999771118164,3.7239999771118164,3.7239999771118164,1383.0
2024-10-25 10:31:00+00:00,CNXC,45.224998474121094,45.224998474121094,45.23500061035156,45.224998474121094,45.23500061035156,1219.0
2024-10-25 10:31:00+00:00,COHR,96.70999908447266,96.70999908447266,96.7699966430664,96.70999908447266,96.7699966430664,671.0
2024-10-25 10:31:00+00:00,COHU,26.304000854492188,26.304000854492188,26.304000854492188,26.304000854492188,26.304000854492188,1156.0
2024-10-25 10:31:00+00:00,COIN,212.9774932861328,212.9774932861328,213.1999969482422,212.75,213.02499389648438,20054.0
2024-10-25 10:31:00+00:00,COMM,6.485000133514404,6.485000133514404,6.5,6.485000133514404,6.494999885559082,6266.0
2024-10-25 10:31:00+00:00,CORZ,13.550000190734863,13.550000190734863,13.559900283813477,13.510000228881836,13.550000190734863,32506.0
2024-10-25 10:31:00+00:00,CRCT,6.550000190734863,6.550000190734863,6.559999942779541,6.550000190734863,6.559999942779541,672.0
2024-10-25 10:31:00+00:00,CRDO,39.689998626708984,39.689998626708984,39.74800109863281,39.689998626708984,39.70000076293945,2274.0
2024-10-25 10:31:00+00:00,CRNC,2.875,2.875,2.875,2.874000072479248,2.874000072479248,939.0
2024-10-25 10:31:00+00:00,CRSR,6.46999979019165,6.46999979019165,6.46999979019165,6.46999979019165,6.46999979019165,857.0
2024-10-25 10:31:00+00:00,CRUS,122.96499633789062,122.96499633789062,122.96499633789062,122.96499633789062,122.96499633789062,715.0
2024-10-25 10:31:00+00:00,CRWD,310.10791015625,310.10791015625,310.10791015625,310.10791015625,310.10791015625,826.0
2024-10-25 10:31:00+00:00,CSCO,56.4468994140625,56.4468994140625,56.470001220703125,56.439998626708984,56.44990158081055,14498.0
2024-10-25 10:31:00+00:00,CSIQ,13.539999961853027,13.539999961853027,13.569999694824219,13.442399978637695,13.494500160217285,24120.0
2024-10-25 10:31:00+00:00,CTLP,9.085000038146973,9.085000038146973,9.085000038146973,9.085000038146973,9.085000038146973,484.0
2024-10-25 10:31:00+00:00,CTSH,75.19000244140625,75.19000244140625,75.22000122070312,75.19000244140625,75.19999694824219,3039.0
2024-10-25 10:31:00+00:00,CVLT,134.82000732421875,134.82000732421875,134.82000732421875,134.6699981689453,134.6699981689453,473.0
2024-10-25 10:31:00+00:00,DAIO,2.4800000190734863,2.4800000190734863,2.4800000190734863,2.4800000190734863,2.4800000190734863,200.0
2024-10-25 10:31:00+00:00,DATS,1.5800000429153442,1.5800000429153442,1.6201000213623047,1.5800000429153442,1.6201000213623047,15701.0
2024-10-25 10:31:00+00:00,DBX,26.1200008392334,26.1200008392334,26.1299991607666,26.1200008392334,26.1200008392334,3969.0
2024-10-25 10:31:00+00:00,DDOG,127.2300033569336,127.2300033569336,127.2750015258789,127.1500015258789,127.22000122070312,22742.0
2024-10-25 10:31:00+00:00,DGII,30.260000228881836,30.260000228881836,30.260000228881836,30.2450008392334,30.25,2075.0
2024-10-25 10:31:00+00:00,DIOD,66.47000122070312,66.47000122070312,66.47000122070312,66.47000122070312,66.47000122070312,275.0
2024-10-25 10:31:00+00:00,DLO,8.84000015258789,8.84000015258789,8.84000015258789,8.84000015258789,8.84000015258789,544.0
2024-10-25 10:31:00+00:00,DOCU,70.62999725341797,70.62999725341797,70.62999725341797,70.5999984741211,70.61000061035156,1738.0
2024-10-25 10:31:00+00:00,DOX,90.04000091552734,90.04000091552734,90.04000091552734,90.04000091552734,90.04000091552734,268.0
2024-10-25 10:31:00+00:00,DSGX,105.18000030517578,105.18000030517578,105.18000030517578,105.05000305175781,105.06500244140625,2224.0
2024-10-25 10:31:00+00:00,DUOL,286.17999267578125,286.17999267578125,286.17999267578125,286.17999267578125,286.17999267578125,314.0
2024-10-25 10:31:00+00:00,EEFT,102.19999694824219,102.19999694824219,102.2699966430664,102.12999725341797,102.24099731445312,1018.0
2024-10-25 10:31:00+00:00,ENPH,82.30750274658203,82.30750274658203,82.44000244140625,82.03299713134766,82.44000244140625,17482.0
2024-10-25 10:31:00+00:00,ENTG,104.72000122070312,104.72000122070312,104.83000183105469,104.68000030517578,104.71009826660156,2691.0
2024-10-25 10:31:00+00:00,ERIC,8.505000114440918,8.505000114440918,8.515999794006348,8.503700256347656,8.515000343322754,194306.0
2024-10-25 10:31:00+00:00,EVCM,10.645999908447266,10.645999908447266,10.645999908447266,10.645999908447266,10.645999908447266,352.0
2024-10-25 10:31:00+00:00,EXTR,14.53499984741211,14.53499984741211,14.539999961853027,14.53499984741211,14.53499984741211,1357.0
2024-10-25 10:31:00+00:00,FFIV,216.5850067138672,216.5850067138672,216.5850067138672,216.5850067138672,216.5850067138672,249.0
2024-10-25 10:31:00+00:00,FIVN,30.65999984741211,30.65999984741211,30.670000076293945,30.649999618530273,30.649999618530273,3815.0
2024-10-25 10:31:00+00:00,FLEX,35.63999938964844,35.63999938964844,35.64400100708008,35.63999938964844,35.63999938964844,2756.0
2024-10-25 10:31:00+00:00,FORM,45.38999938964844,45.38999938964844,45.38999938964844,45.38999938964844,45.38999938964844,1486.0
2024-10-25 10:31:00+00:00,FRSH,11.753999710083008,11.753999710083008,11.755000114440918,11.75,11.755000114440918,1863.0
2024-10-25 10:31:00+00:00,FSLR,199.8800048828125,199.8800048828125,199.9600067138672,199.6199951171875,199.88499450683594,3479.0
2024-10-25 10:31:00+00:00,FTCI,0.699999988079071,0.699999988079071,0.699999988079071,0.699999988079071,0.699999988079071,2320.0
2024-10-25 10:31:00+00:00,FTNT,81.55500030517578,81.55500030517578,81.58000183105469,81.5199966430664,81.52999877929688,6735.0
2024-10-25 10:31:00+00:00,GCT,25.68000030517578,25.68000030517578,25.729999542236328,25.68000030517578,25.71500015258789,931.0
2024-10-25 10:31:00+00:00,GDS,21.75,21.75,21.75,21.75,21.75,1497.0
2024-10-25 10:31:00+00:00,GDYN,15.668999671936035,15.668999671936035,15.668999671936035,15.668999671936035,15.668999671936035,584.0
2024-10-25 10:31:00+00:00,GFS,41.04999923706055,41.04999923706055,41.0974006652832,41.04999923706055,41.0974006652832,4818.0
2024-10-25 10:31:00+00:00,GPRO,1.340000033378601,1.340000033378601,1.340000033378601,1.3300000429153442,1.3300000429153442,38586.0
2024-10-25 10:31:00+00:00,GRAB,4.0817999839782715,4.0817999839782715,4.089900016784668,4.079999923706055,4.089700222015381,7611.0
2024-10-25 10:31:00+00:00,GRRR,4.664899826049805,4.664899826049805,4.664899826049805,4.664899826049805,4.664899826049805,341.0
2024-10-25 10:31:00+00:00,GTLB,55.95800018310547,55.95800018310547,56.0,55.93000030517578,55.959999084472656,3083.0
2024-10-25 10:31:00+00:00,HCKT,24.969999313354492,24.969999313354492,24.969999313354492,24.969999313354492,24.969999313354492,639.0
2024-10-25 10:31:00+00:00,HCP,33.630001068115234,33.630001068115234,33.6349983215332,33.630001068115234,33.6349983215332,1924.0
2024-10-25 10:31:00+00:00,HEAR,16.649999618530273,16.649999618530273,16.649999618530273,16.649999618530273,16.649999618530273,439.0
2024-10-25 10:31:00+00:00,HIMX,6.199999809265137,6.199999809265137,6.204999923706055,6.199999809265137,6.204999923706055,576.0
2024-10-25 10:31:00+00:00,HLIT,14.880000114440918,14.880000114440918,14.880000114440918,14.880000114440918,14.880000114440918,2095.0
2024-10-25 10:31:00+00:00,HOLO,3.7839999198913574,3.7839999198913574,3.789900064468384,3.7699999809265137,3.7699999809265137,8123.0
2024-10-25 10:31:00+00:00,HOOD,27.475000381469727,27.475000381469727,27.4950008392334,27.475000381469727,27.485000610351562,9712.0
2024-10-25 10:31:00+00:00,IMMR,8.808799743652344,8.808799743652344,8.808799743652344,8.799300193786621,8.799300193786621,1301.0
2024-10-25 10:31:00+00:00,IMTE,1.565000057220459,1.565000057220459,1.565000057220459,1.565000057220459,1.565000057220459,1062.0
2024-10-25 10:31:00+00:00,INDI,3.5950000286102295,3.5950000286102295,3.615000009536743,3.5950000286102295,3.6050000190734863,20088.0
2024-10-25 10:31:00+00:00,INFN,6.795000076293945,6.795000076293945,6.795000076293945,6.795000076293945,6.795000076293945,768.0
2024-10-25 10:31:00+00:00,INOD,20.271299362182617,20.271299362182617,20.271299362182617,20.271299362182617,20.271299362182617,950.0
2024-10-25 10:31:00+00:00,INTC,23.22599983215332,23.22599983215332,23.25,23.19499969482422,23.19499969482422,323074.0
2024-10-25 10:31:00+00:00,INTZ,0.723800003528595,0.723800003528595,0.7400000095367432,0.723800003528595,0.7400000095367432,575.0
2024-10-25 10:31:00+00:00,IPGP,77.23999786376953,77.23999786376953,77.23999786376953,77.23999786376953,77.23999786376953,2430.0
2024-10-25 10:31:00+00:00,KC,2.755000114440918,2.755000114440918,2.755000114440918,2.75,2.75,17831.0
2024-10-25 10:31:00+00:00,KLIC,44.75,44.75,44.75,44.75,44.75,635.0
2024-10-25 10:31:00+00:00,LASR,10.5600004196167,10.5600004196167,10.5600004196167,10.5600004196167,10.5600004196167,401.0
2024-10-25 10:31:00+00:00,LINK,4.625,4.625,4.650000095367432,4.550000190734863,4.622300148010254,9832.0
2024-10-25 10:31:00+00:00,LITE,64.76799774169922,64.76799774169922,64.79000091552734,64.76000213623047,64.79000091552734,1514.0
2024-10-25 10:31:00+00:00,LOGI,81.0,81.0,81.0,81.0,81.0,211.0
2024-10-25 10:31:00+00:00,LPSN,1.2039999961853027,1.2039999961853027,1.2039999961853027,1.2000999450683594,1.2000999450683594,7540.0
2024-10-25 10:31:00+00:00,LRCX,79.16000366210938,79.16000366210938,79.37999725341797,79.16000366210938,79.31500244140625,65655.0
2024-10-25 10:31:00+00:00,LSCC,54.709999084472656,54.709999084472656,54.83000183105469,54.709999084472656,54.83000183105469,2342.0
2024-10-25 10:31:00+00:00,LTRX,4.034999847412109,4.034999847412109,4.034999847412109,4.034999847412109,4.034999847412109,186.0
2024-10-25 10:31:00+00:00,LYFT,13.699999809265137,13.699999809265137,13.710000038146973,13.699999809265137,13.710000038146973,20459.0
2024-10-25 10:31:00+00:00,MANH,276.8500061035156,276.8500061035156,276.8500061035156,276.8500061035156,276.8500061035156,395.0
2024-10-25 10:31:00+00:00,MAPS,0.8567000031471252,0.8567000031471252,0.8575999736785889,0.8567000031471252,0.8575999736785889,864.0
2024-10-25 10:31:00+00:00,MAXN,5.6504998207092285,5.6504998207092285,5.6504998207092285,5.6504998207092285,5.6504998207092285,276.0
2024-10-25 10:31:00+00:00,MCHP,77.16500091552734,77.16500091552734,77.26000213623047,77.16500091552734,77.23999786376953,6537.0
2024-10-25 10:31:00+00:00,MDB,268.7099914550781,268.7099914550781,268.8900146484375,268.41009521484375,268.41009521484375,1990.0
2024-10-25 10:31:00+00:00,MITK,8.8100004196167,8.8100004196167,8.8100004196167,8.8100004196167,8.8100004196167,690.0
2024-10-25 10:31:00+00:00,MKSI,101.04000091552734,101.04000091552734,101.04000091552734,100.98999786376953,101.0199966430664,1443.0
2024-10-25 10:31:00+00:00,MPWR,917.1900024414062,917.1900024414062,917.3599853515625,917.1900024414062,917.3599853515625,934.0
2024-10-25 10:31:00+00:00,MQ,5.304999828338623,5.304999828338623,5.308899879455566,5.300000190734863,5.308899879455566,2590.0
2024-10-25 10:31:00+00:00,MRVL,83.12999725341797,83.12999725341797,83.15339660644531,83.08000183105469,83.13999938964844,14202.0
2024-10-25 10:31:00+00:00,MSFT,431.1199951171875,431.1199951171875,431.1199951171875,430.9200134277344,431.0,13475.0
2024-10-25 10:31:00+00:00,MSTR,243.57640075683594,243.57640075683594,243.80999755859375,242.91000366210938,243.5561981201172,112133.0
2024-10-25 10:31:00+00:00,MTC,0.3749000132083893,0.3749000132083893,0.3749000132083893,0.37220001220703125,0.37220001220703125,439.0
2024-10-25 10:31:00+00:00,MTTR,4.665999889373779,4.665999889373779,4.665999889373779,4.665999889373779,4.665999889373779,1947.0
2024-10-25 10:31:00+00:00,MU,109.68009948730469,109.68009948730469,109.7699966430664,109.63999938964844,109.75,18156.0
2024-10-25 10:31:00+00:00,MVIS,1.1139999628067017,1.1139999628067017,1.1139999628067017,1.1101000308990479,1.1101000308990479,1063.0
2024-10-25 10:31:00+00:00,MXL,15.0,15.0,15.020000457763672,14.984999656677246,15.0,5375.0
2024-10-25 10:31:00+00:00,NCNO,38.369998931884766,38.369998931884766,38.369998931884766,38.36000061035156,38.36000061035156,1392.0
2024-10-25 10:31:00+00:00,NEON,8.050000190734863,8.050000190734863,8.050000190734863,8.050000190734863,8.050000190734863,146.0
2024-10-25 10:31:00+00:00,NICE,177.9550018310547,177.9550018310547,177.9550018310547,177.9550018310547,177.9550018310547,1011.0
2024-10-25 10:31:00+00:00,NNDM,2.3450000286102295,2.3450000286102295,2.3450000286102295,2.3450000286102295,2.3450000286102295,376.0
2024-10-25 10:31:00+00:00,NSIT,212.84500122070312,212.84500122070312,212.84500122070312,212.60000610351562,212.60000610351562,1104.0
2024-10-25 10:31:00+00:00,NTAP,120.56500244140625,120.56500244140625,120.56500244140625,120.5365982055664,120.5365982055664,1556.0
2024-10-25 10:31:00+00:00,NTCT,20.69499969482422,20.69499969482422,20.69499969482422,20.69499969482422,20.69499969482422,149.0
2024-10-25 10:31:00+00:00,NTGR,20.479999542236328,20.479999542236328,20.479999542236328,20.479999542236328,20.479999542236328,388.0
2024-10-25 10:31:00+00:00,NVDA,143.5,143.5,143.6199951171875,143.38499450683594,143.5800018310547,608942.0
2024-10-25 10:31:00+00:00,NVEI,33.525001525878906,33.525001525878906,33.529998779296875,33.525001525878906,33.529998779296875,5404.0
2024-10-25 10:31:00+00:00,NVMI,184.9550018310547,184.9550018310547,184.9550018310547,184.9550018310547,184.9550018310547,360.0
2024-10-25 10:31:00+00:00,NVTS,2.6050000190734863,2.6050000190734863,2.6098999977111816,2.6040000915527344,2.6098999977111816,8056.0
2024-10-25 10:31:00+00:00,NXPI,244.13499450683594,244.13499450683594,244.32000732421875,244.02000427246094,244.32000732421875,9866.0
2024-10-25 10:31:00+00:00,OKTA,72.87989807128906,72.87989807128906,72.87989807128906,72.70999908447266,72.77999877929688,5316.0
2024-10-25 10:31:00+00:00,OLED,203.8800048828125,203.8800048828125,203.8800048828125,203.8800048828125,203.8800048828125,312.0
2024-10-25 10:31:00+00:00,ON,71.9000015258789,71.9000015258789,72.05999755859375,71.8499984741211,72.05999755859375,51013.0
2024-10-25 10:31:00+00:00,PANW,371.2650146484375,371.2650146484375,371.2650146484375,371.260009765625,371.260009765625,734.0
2024-10-25 10:31:00+00:00,PEGY,4.510000228881836,4.510000228881836,4.510000228881836,4.510000228881836,4.510000228881836,1530.0
2024-10-25 10:31:00+00:00,PGY,11.904999732971191,11.904999732971191,11.90999984741211,11.899999618530273,11.90999984741211,1594.0
2024-10-25 10:31:00+00:00,PHUN,9.66510009765625,9.66510009765625,9.699999809265137,9.64009952545166,9.669699668884277,62664.0
2024-10-25 10:31:00+00:00,PI,199.2949981689453,199.2949981689453,199.52999877929688,199.0800018310547,199.5,1978.0
2024-10-25 10:31:00+00:00,PLUS,99.25,99.25,99.25,99.25,99.25,1327.0
2024-10-25 10:31:00+00:00,PLXS,144.3000030517578,144.3000030517578,144.38999938964844,144.1199951171875,144.14500427246094,1460.0
2024-10-25 10:31:00+00:00,POWI,63.31999969482422,63.31999969482422,63.439998626708984,63.31999969482422,63.439998626708984,608.0
2024-10-25 10:31:00+00:00,PRGS,65.16999816894531,65.16999816894531,65.16999816894531,65.16999816894531,65.16999816894531,459.0
2024-10-25 10:31:00+00:00,PUBM,15.140000343322754,15.140000343322754,15.140000343322754,15.140000343322754,15.140000343322754,331.0
2024-10-25 10:31:00+00:00,PYCR,14.470000267028809,14.470000267028809,14.470000267028809,14.470000267028809,14.470000267028809,341.0
2024-10-25 10:31:00+00:00,QCOM,172.5449981689453,172.5449981689453,172.57000732421875,172.33999633789062,172.3699951171875,37270.0
2024-10-25 10:31:00+00:00,QRVO,100.11000061035156,100.11000061035156,100.13400268554688,100.08999633789062,100.0999984741211,3715.0
2024-10-25 10:31:00+00:00,QUBT,1.1549999713897705,1.1549999713897705,1.1549999713897705,1.1539000272750854,1.1549999713897705,2955.0
2024-10-25 10:31:00+00:00,RCAT,2.75,2.75,2.75,2.744999885559082,2.744999885559082,1829.0
2024-10-25 10:31:00+00:00,REKR,1.1050000190734863,1.1050000190734863,1.1050000190734863,1.1050000190734863,1.1050000190734863,685.0
2024-10-25 10:31:00+00:00,RELY,14.789999961853027,14.789999961853027,14.789999961853027,14.788999557495117,14.788999557495117,1249.0
2024-10-25 10:31:00+00:00,RGTI,1.281499981880188,1.281499981880188,1.2899999618530273,1.281499981880188,1.2899999618530273,18951.0
2024-10-25 10:31:00+00:00,RIOT,10.215999603271484,10.215999603271484,10.260000228881836,10.20009994506836,10.259900093078613,83122.0
2024-10-25 10:31:00+00:00,RMBS,42.939998626708984,42.939998626708984,42.970001220703125,42.939998626708984,42.970001220703125,1329.0
2024-10-25 10:31:00+00:00,RMNI,1.7380000352859497,1.7380000352859497,1.7380000352859497,1.7380000352859497,1.7380000352859497,330.0
2024-10-25 10:31:00+00:00,RPAY,7.65500020980835,7.65500020980835,7.65500020980835,7.65500020980835,7.65500020980835,544.0
2024-10-25 10:31:00+00:00,RUM,5.789999961853027,5.789999961853027,5.789999961853027,5.78000020980835,5.78000020980835,4286.0
2024-10-25 10:31:00+00:00,RUN,14.524999618530273,14.524999618530273,14.524999618530273,14.489999771118164,14.505000114440918,44563.0
2024-10-25 10:31:00+00:00,RXT,2.5739998817443848,2.5739998817443848,2.5739998817443848,2.5739998817443848,2.5739998817443848,621.0
2024-10-25 10:31:00+00:00,SANM,68.0,68.0,68.0,67.95999908447266,67.97000122070312,650.0
2024-10-25 10:31:00+00:00,SATS,25.40999984741211,25.40999984741211,25.40999984741211,25.40999984741211,25.40999984741211,550.0
2024-10-25 10:31:00+00:00,SCSC,45.59000015258789,45.59000015258789,45.59000015258789,45.59000015258789,45.59000015258789,162.0
2024-10-25 10:31:00+00:00,SCWX,8.381199836730957,8.381199836730957,8.381199836730957,8.381199836730957,8.381199836730957,1021.0
2024-10-25 10:31:00+00:00,SEDG,15.795000076293945,15.795000076293945,15.850000381469727,15.770000457763672,15.845000267028809,25901.0
2024-10-25 10:31:00+00:00,SHLS,5.255000114440918,5.255000114440918,5.255000114440918,5.25,5.25,4236.0
2024-10-25 10:31:00+00:00,SIMO,56.98500061035156,56.98500061035156,57.11000061035156,56.98500061035156,56.98500061035156,1704.0
2024-10-25 10:31:00+00:00,SKYT,10.585000038146973,10.585000038146973,10.585000038146973,10.585000038146973,10.585000038146973,667.0
2024-10-25 10:31:00+00:00,SLAB,115.2699966430664,115.2699966430664,115.2699966430664,114.91940307617188,114.91940307617188,2073.0
2024-10-25 10:31:00+00:00,SLNHP,12.501299858093262,12.501299858093262,12.501299858093262,12.501299858093262,12.501299858093262,400.0
2024-10-25 10:31:00+00:00,SMCI,48.275001525878906,48.275001525878906,48.369998931884766,48.189998626708984,48.220001220703125,168097.0
2024-10-25 10:31:00+00:00,SONO,12.880000114440918,12.880000114440918,12.899999618530273,12.880000114440918,12.899999618530273,23753.0
2024-10-25 10:31:00+00:00,SOUN,5.289899826049805,5.289899826049805,5.300000190734863,5.28000020980835,5.296000003814697,61187.0
2024-10-25 10:31:00+00:00,SPSC,184.02999877929688,184.02999877929688,184.1300048828125,184.02999877929688,184.1300048828125,2528.0
2024-10-25 10:31:00+00:00,SRAD,12.404000282287598,12.404000282287598,12.40999984741211,12.404000282287598,12.40999984741211,997.0
2024-10-25 10:31:00+00:00,SSNC,69.95999908447266,69.95999908447266,69.97000122070312,69.83999633789062,69.83999633789062,27950.0
2024-10-25 10:31:00+00:00,SSYS,7.159999847412109,7.159999847412109,7.159999847412109,7.159999847412109,7.159999847412109,423.0
2024-10-25 10:31:00+00:00,STNE,11.5600004196167,11.5600004196167,11.569999694824219,11.550000190734863,11.569999694824219,19966.0
2024-10-25 10:31:00+00:00,STX,104.9800033569336,104.9800033569336,105.0199966430664,104.93000030517578,104.9800033569336,14278.0
2024-10-25 10:31:00+00:00,SVRE,0.08380000293254852,0.08380000293254852,0.08380000293254852,0.0835999995470047,0.0835999995470047,30626.0
2024-10-25 10:31:00+00:00,SWKS,95.91000366210938,95.91000366210938,95.94999694824219,95.91000366210938,95.94000244140625,2515.0
2024-10-25 10:31:00+00:00,SYNA,73.31999969482422,73.31999969482422,73.42749786376953,73.31999969482422,73.42749786376953,543.0
2024-10-25 10:31:00+00:00,SYTA,1.2610000371932983,1.2610000371932983,1.2694000005722046,1.2599999904632568,1.2694000005722046,1449.0
2024-10-25 10:31:00+00:00,TEAM,191.35000610351562,191.35000610351562,191.47000122070312,191.1300048828125,191.1300048828125,2980.0
2024-10-25 10:31:00+00:00,TENB,41.380001068115234,41.380001068115234,41.380001068115234,41.380001068115234,41.380001068115234,291.0
2024-10-25 10:31:00+00:00,TER,112.41000366210938,112.41000366210938,112.5999984741211,112.3499984741211,112.55000305175781,10682.0
2024-10-25 10:31:00+00:00,TRMB,61.160099029541016,61.160099029541016,61.185001373291016,61.160099029541016,61.185001373291016,1125.0
2024-10-25 10:31:00+00:00,TSEM,45.5099983215332,45.5099983215332,45.540000915527344,45.5099983215332,45.53799819946289,1568.0
2024-10-25 10:31:00+00:00,TTD,120.48999786376953,120.48999786376953,120.66999816894531,120.48999786376953,120.58670043945312,12940.0
2024-10-25 10:31:00+00:00,TTMI,19.655000686645508,19.655000686645508,19.655000686645508,19.649999618530273,19.655000686645508,1272.0
2024-10-25 10:31:00+00:00,TWKS,4.454999923706055,4.454999923706055,4.454999923706055,4.449999809265137,4.449999809265137,89.0
2024-10-25 10:31:00+00:00,TXN,209.85000610351562,209.85000610351562,209.94000244140625,209.80999755859375,209.8699951171875,6862.0
2024-10-25 10:31:00+00:00,UCTT,36.040000915527344,36.040000915527344,36.04999923706055,36.040000915527344,36.04999923706055,687.0
2024-10-25 10:31:00+00:00,VCSA,2.4386000633239746,2.4386000633239746,2.4386000633239746,2.4386000633239746,2.4386000633239746,200.0
2024-10-25 10:31:00+00:00,VECO,29.610000610351562,29.610000610351562,29.6200008392334,29.610000610351562,29.6200008392334,1038.0
2024-10-25 10:31:00+00:00,VERX,42.53499984741211,42.53499984741211,42.53499984741211,42.53499984741211,42.53499984741211,1009.0
2024-10-25 10:31:00+00:00,VIAV,9.260000228881836,9.260000228881836,9.260000228881836,9.260000228881836,9.260000228881836,494.0
2024-10-25 10:31:00+00:00,VICR,47.029998779296875,47.029998779296875,47.029998779296875,47.029998779296875,47.029998779296875,242.0
2024-10-25 10:31:00+00:00,VMEO,4.760000228881836,4.760000228881836,4.760000228881836,4.755000114440918,4.755000114440918,313.0
2024-10-25 10:31:00+00:00,VNET,3.440000057220459,3.440000057220459,3.440000057220459,3.440000057220459,3.440000057220459,320.0
2024-10-25 10:31:00+00:00,VRNS,57.11249923706055,57.11249923706055,57.150001525878906,57.099998474121094,57.099998474121094,5327.0
2024-10-25 10:31:00+00:00,VRNT,22.40999984741211,22.40999984741211,22.40999984741211,22.38479995727539,22.38479995727539,250.0
2024-10-25 10:31:00+00:00,VUZI,1.3008999824523926,1.3008999824523926,1.315000057220459,1.3008999824523926,1.315000057220459,14584.0
2024-10-25 10:31:00+00:00,WATT,0.5989000201225281,0.5989000201225281,0.5989000201225281,0.5989000201225281,0.5989000201225281,195.0
2024-10-25 10:31:00+00:00,WDAY,241.3699951171875,241.3699951171875,241.3800048828125,241.3699951171875,241.3800048828125,1585.0
2024-10-25 10:31:00+00:00,WDC,72.94999694824219,72.94999694824219,73.0,72.79000091552734,72.80500030517578,307630.0
2024-10-25 10:31:00+00:00,WISA,1.8300000429153442,1.8300000429153442,1.8300000429153442,1.8300000429153442,1.8300000429153442,1676.0
2024-10-25 10:31:00+00:00,WIX,165.77999877929688,165.77999877929688,165.77999877929688,165.77999877929688,165.77999877929688,850.0
2024-10-25 10:31:00+00:00,XPER,9.420000076293945,9.420000076293945,9.420000076293945,9.420000076293945,9.420000076293945,262.0
2024-10-25 10:31:00+00:00,XRX,10.229999542236328,10.229999542236328,10.229999542236328,10.223999977111816,10.223999977111816,5066.0
2024-10-25 10:31:00+00:00,ZI,10.640000343322754,10.640000343322754,10.640000343322754,10.640000343322754,10.640000343322754,483.0
2024-10-25 10:31:00+00:00,ZM,73.25199890136719,73.25199890136719,73.2699966430664,73.24600219726562,73.25499725341797,1985.0
2024-10-25 10:31:00+00:00,ZS,186.8300018310547,186.8300018310547,186.8300018310547,186.8300018310547,186.8300018310547,422.0
2024-10-25 10:32:00+00:00,AAOI,18.229999542236328,18.229999542236328,18.243000030517578,18.170000076293945,18.170000076293945,6630.0
2024-10-25 10:32:00+00:00,AAPL,232.27999877929688,232.27999877929688,232.44000244140625,232.25999450683594,232.2899932861328,87290.0
2024-10-25 10:32:00+00:00,ACIW,49.54999923706055,49.54999923706055,49.57500076293945,49.54999923706055,49.57500076293945,966.0
2024-10-25 10:32:00+00:00,ACMR,19.884000778198242,19.884000778198242,19.920000076293945,19.884000778198242,19.917999267578125,2702.0
2024-10-25 10:32:00+00:00,ADBE,487.95001220703125,487.95001220703125,487.95001220703125,487.85211181640625,487.8999938964844,1605.0
2024-10-25 10:32:00+00:00,ADI,233.97500610351562,233.97500610351562,233.97500610351562,233.9199981689453,233.9199981689453,1452.0
2024-10-25 10:32:00+00:00,ADSK,288.614990234375,288.614990234375,288.6600036621094,288.5,288.5199890136719,2841.0
2024-10-25 10:32:00+00:00,ADTN,6.375,6.375,6.375,6.375,6.375,1628.0
2024-10-25 10:32:00+00:00,AEHR,16.860000610351562,16.860000610351562,16.8799991607666,16.8439998626709,16.8439998626709,3057.0
2024-10-25 10:32:00+00:00,AFRM,41.96799850463867,41.96799850463867,41.97999954223633,41.959999084472656,41.959999084472656,7348.0
2024-10-25 10:32:00+00:00,AIRG,9.109999656677246,9.109999656677246,9.109999656677246,9.109999656677246,9.109999656677246,249.0
2024-10-25 10:32:00+00:00,AKAM,103.38600158691406,103.38600158691406,103.38600158691406,103.38600158691406,103.38600158691406,666.0
2024-10-25 10:32:00+00:00,AKTS,0.058400001376867294,0.058400001376867294,0.05909999832510948,0.05829999968409538,0.05909999832510948,5600.0
2024-10-25 10:32:00+00:00,ALGM,22.790000915527344,22.790000915527344,22.790000915527344,22.790000915527344,22.790000915527344,1394.0
2024-10-25 10:32:00+00:00,ALRM,55.099998474121094,55.099998474121094,55.099998474121094,55.029998779296875,55.029998779296875,2812.0
2024-10-25 10:32:00+00:00,AMAT,188.61500549316406,188.61500549316406,188.77999877929688,188.59500122070312,188.60000610351562,5141.0
2024-10-25 10:32:00+00:00,AMBA,58.09000015258789,58.09000015258789,58.1349983215332,58.09000015258789,58.1349983215332,393.0
2024-10-25 10:32:00+00:00,AMD,158.1999969482422,158.1999969482422,158.3876953125,158.14999389648438,158.3542022705078,63861.0
2024-10-25 10:32:00+00:00,AMKR,30.035600662231445,30.035600662231445,30.079999923706055,30.035600662231445,30.059999465942383,3605.0
2024-10-25 10:32:00+00:00,ANSS,327.42999267578125,327.42999267578125,327.42999267578125,327.30999755859375,327.30999755859375,269.0
2024-10-25 10:32:00+00:00,ANY,1.100000023841858,1.100000023841858,1.100000023841858,1.100000023841858,1.100000023841858,510.0
2024-10-25 10:32:00+00:00,API,2.694999933242798,2.694999933242798,2.694999933242798,2.694999933242798,2.694999933242798,292.0
2024-10-25 10:32:00+00:00,APP,163.88999938964844,163.88999938964844,163.93499755859375,163.63999938964844,163.77999877929688,6902.0
2024-10-25 10:32:00+00:00,APPF,226.97999572753906,226.97999572753906,227.0,226.97500610351562,226.99000549316406,2350.0
2024-10-25 10:32:00+00:00,APPS,3.148400068283081,3.148400068283081,3.148400068283081,3.1449999809265137,3.1449999809265137,2452.0
2024-10-25 10:32:00+00:00,ARRY,6.554999828338623,6.554999828338623,6.570000171661377,6.554999828338623,6.568900108337402,9754.0
2024-10-25 10:32:00+00:00,ASML,723.075927734375,723.075927734375,723.10009765625,722.77001953125,722.77001953125,4121.0
2024-10-25 10:32:00+00:00,AUR,6.474999904632568,6.474999904632568,6.485000133514404,6.474999904632568,6.485000133514404,11550.0
2024-10-25 10:32:00+00:00,AVDX,8.204999923706055,8.204999923706055,8.220000267028809,8.199999809265137,8.220000267028809,8167.0
2024-10-25 10:32:00+00:00,AVGO,175.69000244140625,175.69000244140625,175.72000122070312,175.50999450683594,175.50999450683594,19779.0
2024-10-25 10:32:00+00:00,BAND,17.825000762939453,17.825000762939453,17.825000762939453,17.825000762939453,17.825000762939453,131.0
2024-10-25 10:32:00+00:00,BIGC,5.364999771118164,5.364999771118164,5.364999771118164,5.364999771118164,5.364999771118164,625.0
2024-10-25 10:32:00+00:00,BLKB,86.3499984741211,86.3499984741211,86.3499984741211,86.3499984741211,86.3499984741211,521.0
2024-10-25 10:32:00+00:00,BMBL,7.295000076293945,7.295000076293945,7.295000076293945,7.295000076293945,7.295000076293945,1835.0
2024-10-25 10:32:00+00:00,BRZE,31.09000015258789,31.09000015258789,31.09000015258789,31.059999465942383,31.059999465942383,766.0
2024-10-25 10:32:00+00:00,CAMT,78.49459838867188,78.49459838867188,78.55999755859375,78.4749984741211,78.55000305175781,3065.0
2024-10-25 10:32:00+00:00,CAN,1.0,1.0,1.0048999786376953,1.0,1.0,420.0
2024-10-25 10:32:00+00:00,CCSI,20.540000915527344,20.540000915527344,20.540000915527344,20.540000915527344,20.540000915527344,200.0
2024-10-25 10:32:00+00:00,CDNS,259.7699890136719,259.7699890136719,259.989990234375,259.7699890136719,259.7699890136719,2626.0
2024-10-25 10:32:00+00:00,CETX,0.29750001430511475,0.29750001430511475,0.29750001430511475,0.29750001430511475,0.29750001430511475,1043.0
2024-10-25 10:32:00+00:00,CEVA,24.308700561523438,24.308700561523438,24.308700561523438,24.284000396728516,24.284000396728516,2863.0
2024-10-25 10:32:00+00:00,CFLT,22.489999771118164,22.489999771118164,22.489999771118164,22.454999923706055,22.454999923706055,3560.0
2024-10-25 10:32:00+00:00,CGNX,39.34000015258789,39.34000015258789,39.36000061035156,39.34000015258789,39.34000015258789,1600.0
2024-10-25 10:32:00+00:00,CHKP,208.1300048828125,208.1300048828125,208.39999389648438,208.1300048828125,208.1699981689453,1092.0
2024-10-25 10:32:00+00:00,CLBT,18.208999633789062,18.208999633789062,18.208999633789062,18.208999633789062,18.208999633789062,474.0
2024-10-25 10:32:00+00:00,CLSK,12.22819995880127,12.22819995880127,12.229999542236328,12.199999809265137,12.215999603271484,67509.0
2024-10-25 10:32:00+00:00,CNXC,45.18000030517578,45.18000030517578,45.18000030517578,45.18000030517578,45.18000030517578,304.0
2024-10-25 10:32:00+00:00,COHR,96.69499969482422,96.69499969482422,96.71080017089844,96.61009979248047,96.61009979248047,2365.0
2024-10-25 10:32:00+00:00,COIN,213.05999755859375,213.05999755859375,213.2346954345703,212.8000946044922,212.98500061035156,14436.0
2024-10-25 10:32:00+00:00,COMM,6.480000019073486,6.480000019073486,6.480000019073486,6.480000019073486,6.480000019073486,1915.0
2024-10-25 10:32:00+00:00,CORZ,13.5600004196167,13.5600004196167,13.5600004196167,13.520000457763672,13.529999732971191,19257.0
2024-10-25 10:32:00+00:00,CRCT,6.559999942779541,6.559999942779541,6.559999942779541,6.559999942779541,6.559999942779541,487.0
2024-10-25 10:32:00+00:00,CRDO,39.724998474121094,39.724998474121094,39.77000045776367,39.689998626708984,39.77000045776367,831.0
2024-10-25 10:32:00+00:00,CRSR,6.46999979019165,6.46999979019165,6.46999979019165,6.466000080108643,6.466000080108643,427.0
2024-10-25 10:32:00+00:00,CRWD,310.010009765625,310.010009765625,310.20001220703125,310.010009765625,310.04998779296875,3054.0
2024-10-25 10:32:00+00:00,CSCO,56.45500183105469,56.45500183105469,56.474998474121094,56.44499969482422,56.44499969482422,11697.0
2024-10-25 10:32:00+00:00,CSGS,47.93000030517578,47.93000030517578,47.93000030517578,47.93000030517578,47.93000030517578,280.0
2024-10-25 10:32:00+00:00,CSIQ,13.571999549865723,13.571999549865723,13.59000015258789,13.539999961853027,13.569999694824219,5777.0
2024-10-25 10:32:00+00:00,CTLP,9.095000267028809,9.095000267028809,9.095000267028809,9.095000267028809,9.095000267028809,238.0
2024-10-25 10:32:00+00:00,CTSH,75.22000122070312,75.22000122070312,75.22000122070312,75.185302734375,75.185302734375,2125.0
2024-10-25 10:32:00+00:00,CVLT,134.88999938964844,134.88999938964844,134.88999938964844,134.8800048828125,134.8800048828125,1082.0
2024-10-25 10:32:00+00:00,DAKT,13.359999656677246,13.359999656677246,13.359999656677246,13.359999656677246,13.359999656677246,538.0
2024-10-25 10:32:00+00:00,DBX,26.110000610351562,26.110000610351562,26.114999771118164,26.110000610351562,26.114999771118164,3085.0
2024-10-25 10:32:00+00:00,DDOG,127.30000305175781,127.30000305175781,127.33000183105469,127.23500061035156,127.23500061035156,6933.0
2024-10-25 10:32:00+00:00,DOCU,70.6500015258789,70.6500015258789,70.69999694824219,70.63999938964844,70.66999816894531,5745.0
2024-10-25 10:32:00+00:00,DOX,90.05999755859375,90.05999755859375,90.05999755859375,90.05999755859375,90.05999755859375,237.0
2024-10-25 10:32:00+00:00,DSP,11.470000267028809,11.470000267028809,11.470000267028809,11.470000267028809,11.470000267028809,497.0
2024-10-25 10:32:00+00:00,DTSS,2.450000047683716,2.450000047683716,2.450000047683716,2.450000047683716,2.450000047683716,106.0
2024-10-25 10:32:00+00:00,DUOL,286.6600036621094,286.6600036621094,286.6600036621094,286.6050109863281,286.6050109863281,445.0
2024-10-25 10:32:00+00:00,EEFT,102.04000091552734,102.04000091552734,102.12000274658203,102.04000091552734,102.12000274658203,1471.0
2024-10-25 10:32:00+00:00,EMKR,2.130000114440918,2.130000114440918,2.140000104904175,2.125,2.125,6348.0
2024-10-25 10:32:00+00:00,ENPH,82.23999786376953,82.23999786376953,82.36000061035156,82.19999694824219,82.3563003540039,9272.0
2024-10-25 10:32:00+00:00,ENTG,104.6500015258789,104.6500015258789,104.73999786376953,104.63999938964844,104.63999938964844,2301.0
2024-10-25 10:32:00+00:00,ERIC,8.509900093078613,8.509900093078613,8.509900093078613,8.5,8.505000114440918,9603.0
2024-10-25 10:32:00+00:00,EXLS,39.209999084472656,39.209999084472656,39.209999084472656,39.209999084472656,39.209999084472656,484.0
2024-10-25 10:32:00+00:00,EXTR,14.56029987335205,14.56029987335205,14.56029987335205,14.53499984741211,14.539999961853027,2788.0
2024-10-25 10:32:00+00:00,FFIV,216.6750030517578,216.6750030517578,216.6750030517578,216.55499267578125,216.55499267578125,966.0
2024-10-25 10:32:00+00:00,FIVN,30.670000076293945,30.670000076293945,30.68000030517578,30.649999618530273,30.649999618530273,2693.0
2024-10-25 10:32:00+00:00,FLEX,35.64390182495117,35.64390182495117,35.654998779296875,35.63999938964844,35.63999938964844,5435.0
2024-10-25 10:32:00+00:00,FRGT,1.9049999713897705,1.9049999713897705,1.909999966621399,1.9049999713897705,1.909999966621399,523.0
2024-10-25 10:32:00+00:00,FRSH,11.744999885559082,11.744999885559082,11.755000114440918,11.739999771118164,11.75,12025.0
2024-10-25 10:32:00+00:00,FSLR,199.36000061035156,199.36000061035156,199.9600067138672,199.2899932861328,199.9600067138672,8713.0
2024-10-25 10:32:00+00:00,FTNT,81.55999755859375,81.55999755859375,81.58989715576172,81.55999755859375,81.56999969482422,6171.0
2024-10-25 10:32:00+00:00,GCT,25.642000198364258,25.642000198364258,25.68000030517578,25.642000198364258,25.68000030517578,2695.0
2024-10-25 10:32:00+00:00,GFS,41.02000045776367,41.02000045776367,41.04999923706055,41.02000045776367,41.04999923706055,1603.0
2024-10-25 10:32:00+00:00,GPRO,1.340000033378601,1.340000033378601,1.340000033378601,1.3350000381469727,1.3350000381469727,3612.0
2024-10-25 10:32:00+00:00,GRAB,4.082499980926514,4.082499980926514,4.089099884033203,4.082499980926514,4.082499980926514,9362.0
2024-10-25 10:32:00+00:00,GSIT,3.268699884414673,3.268699884414673,3.268699884414673,3.2600998878479004,3.2600998878479004,935.0
2024-10-25 10:32:00+00:00,GTLB,55.95000076293945,55.95000076293945,55.95000076293945,55.94499969482422,55.94499969482422,769.0
2024-10-25 10:32:00+00:00,GVP,4.619999885559082,4.619999885559082,4.619999885559082,4.619999885559082,4.619999885559082,1800.0
2024-10-25 10:32:00+00:00,HCP,33.630001068115234,33.630001068115234,33.6349983215332,33.630001068115234,33.6349983215332,3919.0
2024-10-25 10:32:00+00:00,HLIT,14.890000343322754,14.890000343322754,14.890000343322754,14.880000114440918,14.880000114440918,10042.0
2024-10-25 10:32:00+00:00,HOLO,3.7899999618530273,3.7899999618530273,3.7899999618530273,3.7839999198913574,3.789900064468384,1623.0
2024-10-25 10:32:00+00:00,HOOD,27.506000518798828,27.506000518798828,27.520000457763672,27.475000381469727,27.475000381469727,20349.0
2024-10-25 10:32:00+00:00,ICHR,27.709999084472656,27.709999084472656,27.760000228881836,27.700000762939453,27.760000228881836,1726.0
2024-10-25 10:32:00+00:00,IMMR,8.8100004196167,8.8100004196167,8.810099601745605,8.805000305175781,8.805000305175781,1204.0
2024-10-25 10:32:00+00:00,IMXI,17.791000366210938,17.791000366210938,17.791000366210938,17.791000366210938,17.791000366210938,291.0
2024-10-25 10:32:00+00:00,INFN,6.789999961853027,6.789999961853027,6.789999961853027,6.789999961853027,6.789999961853027,4145.0
2024-10-25 10:32:00+00:00,INOD,20.348100662231445,20.348100662231445,20.348100662231445,20.309999465942383,20.334999084472656,2181.0
2024-10-25 10:32:00+00:00,INTA,50.154998779296875,50.154998779296875,50.25,50.154998779296875,50.25,12525.0
2024-10-25 10:32:00+00:00,INTC,23.220199584960938,23.220199584960938,23.25,23.209999084472656,23.22010040283203,229988.0
2024-10-25 10:32:00+00:00,INTU,614.3350219726562,614.3350219726562,614.3350219726562,614.3350219726562,614.3350219726562,462.0
2024-10-25 10:32:00+00:00,JKHY,185.2899932861328,185.2899932861328,185.2899932861328,185.2899932861328,185.2899932861328,249.0
2024-10-25 10:32:00+00:00,KC,2.75,2.75,2.755000114440918,2.75,2.755000114440918,1264.0
2024-10-25 10:32:00+00:00,KLIC,44.64500045776367,44.64500045776367,44.720001220703125,44.64500045776367,44.720001220703125,996.0
2024-10-25 10:32:00+00:00,KLTR,1.340000033378601,1.340000033378601,1.340000033378601,1.340000033378601,1.340000033378601,300.0
2024-10-25 10:32:00+00:00,KOPN,0.7749999761581421,0.7749999761581421,0.7749999761581421,0.7749999761581421,0.7749999761581421,200.0
2024-10-25 10:32:00+00:00,KTCC,5.910399913787842,5.910399913787842,5.910399913787842,5.910399913787842,5.910399913787842,496.0
2024-10-25 10:32:00+00:00,LASR,10.5649995803833,10.5649995803833,10.5649995803833,10.5649995803833,10.5649995803833,626.0
2024-10-25 10:32:00+00:00,LINK,4.679999828338623,4.679999828338623,4.7399001121521,4.619999885559082,4.728000164031982,11345.0
2024-10-25 10:32:00+00:00,LITE,64.7300033569336,64.7300033569336,64.7300033569336,64.7300033569336,64.7300033569336,606.0
2024-10-25 10:32:00+00:00,LOGI,81.05000305175781,81.05000305175781,81.05000305175781,81.02140045166016,81.02999877929688,1561.0
2024-10-25 10:32:00+00:00,LRCX,79.06939697265625,79.06939697265625,79.41000366210938,79.0,79.18990325927734,62173.0
2024-10-25 10:32:00+00:00,LSCC,54.720001220703125,54.720001220703125,54.72999954223633,54.720001220703125,54.72999954223633,1076.0
2024-10-25 10:32:00+00:00,LTRX,4.025000095367432,4.025000095367432,4.025000095367432,4.024799823760986,4.024799823760986,588.0
2024-10-25 10:32:00+00:00,LYFT,13.723999977111816,13.723999977111816,13.729999542236328,13.704000473022461,13.704999923706055,18925.0
2024-10-25 10:32:00+00:00,MANH,277.05999755859375,277.05999755859375,277.05999755859375,277.05999755859375,277.05999755859375,1054.0
2024-10-25 10:32:00+00:00,MCHP,77.06999969482422,77.06999969482422,77.16000366210938,77.06999969482422,77.16000366210938,7105.0
2024-10-25 10:32:00+00:00,MDB,268.9100036621094,268.9100036621094,268.9100036621094,268.8900146484375,268.8900146484375,725.0
2024-10-25 10:32:00+00:00,MITK,8.810400009155273,8.810400009155273,8.810400009155273,8.810400009155273,8.810400009155273,655.0
2024-10-25 10:32:00+00:00,MNDO,1.9700000286102295,1.9700000286102295,1.9700000286102295,1.9700000286102295,1.9700000286102295,1083.0
2024-10-25 10:32:00+00:00,MPWR,917.72998046875,917.72998046875,917.72998046875,917.53662109375,917.53662109375,1374.0
2024-10-25 10:32:00+00:00,MQ,5.304999828338623,5.304999828338623,5.304999828338623,5.304999828338623,5.304999828338623,880.0
2024-10-25 10:32:00+00:00,MRVL,83.16000366210938,83.16000366210938,83.19000244140625,83.12000274658203,83.12000274658203,9541.0
2024-10-25 10:32:00+00:00,MSFT,431.1600036621094,431.1600036621094,431.3399963378906,431.05999755859375,431.1199951171875,22649.0
2024-10-25 10:32:00+00:00,MSTR,243.39999389648438,243.39999389648438,243.906005859375,243.32000732421875,243.65499877929688,35864.0
2024-10-25 10:32:00+00:00,MTSI,119.44000244140625,119.44000244140625,119.44000244140625,119.38249969482422,119.40499877929688,1379.0
2024-10-25 10:32:00+00:00,MU,109.62999725341797,109.62999725341797,109.7750015258789,109.62010192871094,109.69000244140625,28575.0
2024-10-25 10:32:00+00:00,MXL,14.979999542236328,14.979999542236328,15.0,14.979999542236328,15.0,2453.0
2024-10-25 10:32:00+00:00,NCNO,38.3650016784668,38.3650016784668,38.3650016784668,38.3650016784668,38.3650016784668,151.0
2024-10-25 10:32:00+00:00,NEON,8.050000190734863,8.050000190734863,8.050000190734863,8.050000190734863,8.050000190734863,539.0
2024-10-25 10:32:00+00:00,NICE,177.9149932861328,177.9149932861328,177.9149932861328,177.72999572753906,177.72999572753906,2366.0
2024-10-25 10:32:00+00:00,NNDM,2.3450000286102295,2.3450000286102295,2.3450000286102295,2.3450000286102295,2.3450000286102295,130.0
2024-10-25 10:32:00+00:00,NSIT,212.14500427246094,212.14500427246094,212.50999450683594,212.02999877929688,212.50999450683594,4540.0
2024-10-25 10:32:00+00:00,NTAP,120.51000213623047,120.51000213623047,120.55799865722656,120.51000213623047,120.55799865722656,1078.0
2024-10-25 10:32:00+00:00,NTCT,20.65999984741211,20.65999984741211,20.670000076293945,20.65999984741211,20.670000076293945,501.0
2024-10-25 10:32:00+00:00,NTNX,62.65999984741211,62.65999984741211,62.689998626708984,62.65999984741211,62.66999816894531,1559.0
2024-10-25 10:32:00+00:00,NVDA,143.64010620117188,143.64010620117188,143.6699981689453,143.4929962158203,143.49989318847656,671374.0
2024-10-25 10:32:00+00:00,NVEI,33.529998779296875,33.529998779296875,33.529998779296875,33.529998779296875,33.529998779296875,733.0
2024-10-25 10:32:00+00:00,NVTS,2.6040000915527344,2.6040000915527344,2.6098999977111816,2.6010000705718994,2.6059999465942383,4100.0
2024-10-25 10:32:00+00:00,NXPI,244.07000732421875,244.07000732421875,244.13999938964844,244.02000427246094,244.13999938964844,2175.0
2024-10-25 10:32:00+00:00,OKTA,72.87999725341797,72.87999725341797,72.87999725341797,72.87999725341797,72.87999725341797,490.0
2024-10-25 10:32:00+00:00,OLED,204.0500030517578,204.0500030517578,204.0500030517578,204.0500030517578,204.0500030517578,619.0
2024-10-25 10:32:00+00:00,ON,71.87999725341797,71.87999725341797,71.9749984741211,71.87999725341797,71.88999938964844,17096.0
2024-10-25 10:32:00+00:00,OTEX,33.625,33.625,33.625,33.625,33.625,888.0
2024-10-25 10:32:00+00:00,PANW,371.31500244140625,371.31500244140625,371.5,371.2850036621094,371.2850036621094,2867.0
2024-10-25 10:32:00+00:00,PAYO,8.3149995803833,8.3149995803833,8.3149995803833,8.3100004196167,8.3100004196167,2530.0
2024-10-25 10:32:00+00:00,PAYS,3.7699999809265137,3.7699999809265137,3.7699999809265137,3.7699999809265137,3.7699999809265137,126.0
2024-10-25 10:32:00+00:00,PEGA,81.18499755859375,81.18499755859375,81.18499755859375,81.11000061035156,81.11000061035156,5931.0
2024-10-25 10:32:00+00:00,PEGY,4.519999980926514,4.519999980926514,4.519999980926514,4.519999980926514,4.519999980926514,325.0
2024-10-25 10:32:00+00:00,PGY,11.920000076293945,11.920000076293945,11.920000076293945,11.904999732971191,11.904999732971191,203.0
2024-10-25 10:32:00+00:00,PHUN,9.5649995803833,9.5649995803833,9.664999961853027,9.5649995803833,9.664999961853027,97727.0
2024-10-25 10:32:00+00:00,PI,199.2899932861328,199.2899932861328,199.2899932861328,199.2899932861328,199.2899932861328,741.0
2024-10-25 10:32:00+00:00,PLAB,23.709999084472656,23.709999084472656,23.709999084472656,23.709999084472656,23.709999084472656,297.0
2024-10-25 10:32:00+00:00,POET,3.993299961090088,3.993299961090088,3.993299961090088,3.9800000190734863,3.9800000190734863,2354.0
2024-10-25 10:32:00+00:00,PRST,0.0027000000700354576,0.0027000000700354576,0.0027000000700354576,0.0027000000700354576,0.0027000000700354576,200.0
2024-10-25 10:32:00+00:00,PTC,186.4600067138672,186.4600067138672,186.5500030517578,186.4600067138672,186.5500030517578,1023.0
2024-10-25 10:32:00+00:00,PUBM,15.163999557495117,15.163999557495117,15.163999557495117,15.163999557495117,15.163999557495117,870.0
2024-10-25 10:32:00+00:00,PYCR,14.449999809265137,14.449999809265137,14.460000038146973,14.449999809265137,14.460000038146973,2076.0
2024-10-25 10:32:00+00:00,QCOM,172.38499450683594,172.38499450683594,172.6300048828125,172.38499450683594,172.5800018310547,20254.0
2024-10-25 10:32:00+00:00,QRVO,100.13999938964844,100.13999938964844,100.19999694824219,100.13500213623047,100.13500213623047,1928.0
2024-10-25 10:32:00+00:00,QUBT,1.1549999713897705,1.1549999713897705,1.159999966621399,1.149999976158142,1.159500002861023,14165.0
2024-10-25 10:32:00+00:00,RCAT,2.75,2.75,2.75,2.7474000453948975,2.7474000453948975,4578.0
2024-10-25 10:32:00+00:00,RELY,14.789999961853027,14.789999961853027,14.789999961853027,14.789999961853027,14.789999961853027,588.0
2024-10-25 10:32:00+00:00,RGTI,1.2891000509262085,1.2891000509262085,1.2899999618530273,1.284999966621399,1.2864999771118164,11479.0
2024-10-25 10:32:00+00:00,RIOT,10.219900131225586,10.219900131225586,10.219900131225586,10.192399978637695,10.21500015258789,81538.0
2024-10-25 10:32:00+00:00,RMBS,42.95000076293945,42.95000076293945,42.95000076293945,42.93000030517578,42.95000076293945,764.0
2024-10-25 10:32:00+00:00,RPAY,7.65500020980835,7.65500020980835,7.65500020980835,7.65500020980835,7.65500020980835,437.0
2024-10-25 10:32:00+00:00,RUM,5.804999828338623,5.804999828338623,5.804999828338623,5.784999847412109,5.784999847412109,2273.0
2024-10-25 10:32:00+00:00,RUN,14.529999732971191,14.529999732971191,14.539999961853027,14.520000457763672,14.529999732971191,15182.0
2024-10-25 10:32:00+00:00,SANM,67.9260025024414,67.9260025024414,67.9260025024414,67.9260025024414,67.9260025024414,725.0
2024-10-25 10:32:00+00:00,SATS,25.3799991607666,25.3799991607666,25.450000762939453,25.3799991607666,25.43000030517578,16528.0
2024-10-25 10:32:00+00:00,SEDG,15.75,15.75,15.8100004196167,15.75,15.8100004196167,9416.0
2024-10-25 10:32:00+00:00,SHLS,5.254000186920166,5.254000186920166,5.25600004196167,5.254000186920166,5.2555999755859375,2836.0
2024-10-25 10:32:00+00:00,SIMO,56.95500183105469,56.95500183105469,56.970001220703125,56.95500183105469,56.970001220703125,649.0
2024-10-25 10:32:00+00:00,SITM,184.17010498046875,184.17010498046875,184.30999755859375,184.17010498046875,184.30999755859375,781.0
2024-10-25 10:32:00+00:00,SKYT,10.582799911499023,10.582799911499023,10.59000015258789,10.582799911499023,10.59000015258789,2208.0
2024-10-25 10:32:00+00:00,SLNH,4.289999961853027,4.289999961853027,4.289999961853027,4.289999961853027,4.289999961853027,1003.0
2024-10-25 10:32:00+00:00,SLNHP,12.600000381469727,12.600000381469727,12.600000381469727,12.534799575805664,12.534799575805664,404.0
2024-10-25 10:32:00+00:00,SMCI,48.150001525878906,48.150001525878906,48.30500030517578,48.13999938964844,48.275001525878906,176529.0
2024-10-25 10:32:00+00:00,SMTC,45.709999084472656,45.709999084472656,45.709999084472656,45.68000030517578,45.68000030517578,554.0
2024-10-25 10:32:00+00:00,SONO,12.869999885559082,12.869999885559082,12.87600040435791,12.869999885559082,12.875,546.0
2024-10-25 10:32:00+00:00,SOUN,5.295000076293945,5.295000076293945,5.295000076293945,5.284999847412109,5.285999774932861,25833.0
2024-10-25 10:32:00+00:00,SPT,27.559999465942383,27.559999465942383,27.559999465942383,27.559999465942383,27.559999465942383,104.0
2024-10-25 10:32:00+00:00,SSNC,69.93000030517578,69.93000030517578,70.0,69.93000030517578,69.9800033569336,10882.0
2024-10-25 10:32:00+00:00,STNE,11.555000305175781,11.555000305175781,11.555000305175781,11.529999732971191,11.555000305175781,20981.0
2024-10-25 10:32:00+00:00,STX,104.99500274658203,104.99500274658203,105.05989837646484,104.99500274658203,105.05989837646484,6210.0
2024-10-25 10:32:00+00:00,SVRE,0.08370000123977661,0.08370000123977661,0.08380000293254852,0.08349999785423279,0.08380000293254852,3313.0
2024-10-25 10:32:00+00:00,SWKS,95.94999694824219,95.94999694824219,95.96009826660156,95.93000030517578,95.93000030517578,1506.0
2024-10-25 10:32:00+00:00,SYTA,1.2699999809265137,1.2699999809265137,1.2699999809265137,1.2400000095367432,1.2599999904632568,12785.0
2024-10-25 10:32:00+00:00,TEAM,191.33999633789062,191.33999633789062,191.3699951171875,191.33999633789062,191.35000610351562,1722.0
2024-10-25 10:32:00+00:00,TENB,41.45000076293945,41.45000076293945,41.45000076293945,41.45000076293945,41.45000076293945,657.0
2024-10-25 10:32:00+00:00,TER,112.4000015258789,112.4000015258789,112.54499816894531,112.4000015258789,112.43000030517578,3638.0
2024-10-25 10:32:00+00:00,TRMB,61.189998626708984,61.189998626708984,61.189998626708984,61.189998626708984,61.189998626708984,200.0
2024-10-25 10:32:00+00:00,TSEM,45.525001525878906,45.525001525878906,45.525001525878906,45.525001525878906,45.525001525878906,378.0
2024-10-25 10:32:00+00:00,TTD,120.66000366210938,120.66000366210938,120.69000244140625,120.5999984741211,120.62000274658203,4104.0
2024-10-25 10:32:00+00:00,TWKS,4.454999923706055,4.454999923706055,4.454999923706055,4.449999809265137,4.449999809265137,1857.0
2024-10-25 10:32:00+00:00,TXN,209.77000427246094,209.77000427246094,209.9199981689453,209.77000427246094,209.80999755859375,5630.0
2024-10-25 10:32:00+00:00,UCTT,36.040000915527344,36.040000915527344,36.040000915527344,36.040000915527344,36.040000915527344,105.0
2024-10-25 10:32:00+00:00,UEIC,8.149999618530273,8.149999618530273,8.149999618530273,8.149999618530273,8.149999618530273,245.0
2024-10-25 10:32:00+00:00,VECO,29.604999542236328,29.604999542236328,29.604999542236328,29.59000015258789,29.59000015258789,208.0
2024-10-25 10:32:00+00:00,VIAV,9.255000114440918,9.255000114440918,9.255000114440918,9.255000114440918,9.255000114440918,1415.0
2024-10-25 10:32:00+00:00,VMEO,4.75,4.75,4.760000228881836,4.75,4.760000228881836,526.0
2024-10-25 10:32:00+00:00,VNET,3.430000066757202,3.430000066757202,3.440000057220459,3.430000066757202,3.440000057220459,1189.0
2024-10-25 10:32:00+00:00,VOXX,7.683000087738037,7.683000087738037,7.729499816894531,7.683000087738037,7.729499816894531,982.0
2024-10-25 10:32:00+00:00,VRNS,57.11000061035156,57.11000061035156,57.13999938964844,57.099998474121094,57.11000061035156,1455.0
2024-10-25 10:32:00+00:00,VRNT,22.3799991607666,22.3799991607666,22.3799991607666,22.3799991607666,22.3799991607666,749.0
2024-10-25 10:32:00+00:00,VSAT,10.380000114440918,10.380000114440918,10.380000114440918,10.371000289916992,10.371000289916992,1127.0
2024-10-25 10:32:00+00:00,VUZI,1.3099000453948975,1.3099000453948975,1.3099000453948975,1.2999999523162842,1.2999999523162842,9146.0
2024-10-25 10:32:00+00:00,WALD,3.630000114440918,3.630000114440918,3.630000114440918,3.630000114440918,3.630000114440918,417.0
2024-10-25 10:32:00+00:00,WDAY,241.60000610351562,241.60000610351562,241.60000610351562,241.46499633789062,241.46499633789062,1855.0
2024-10-25 10:32:00+00:00,WDC,72.92500305175781,72.92500305175781,73.02989959716797,72.81999969482422,72.94999694824219,52075.0
2024-10-25 10:32:00+00:00,WISA,1.8300000429153442,1.8300000429153442,1.8300000429153442,1.8300000429153442,1.8300000429153442,0.0
2024-10-25 10:32:00+00:00,WRAP,1.899899959564209,1.899899959564209,1.899999976158142,1.899899959564209,1.899999976158142,15000.0
2024-10-25 10:32:00+00:00,ZBRA,364.7900085449219,364.7900085449219,364.7900085449219,364.7900085449219,364.7900085449219,822.0
2024-10-25 10:32:00+00:00,ZI,10.638500213623047,10.638500213623047,10.638500213623047,10.630000114440918,10.630000114440918,1375.0
2024-10-25 10:32:00+00:00,ZM,73.2699966430664,73.2699966430664,73.2699966430664,73.2699966430664,73.2699966430664,1821.0
2024-10-25 10:32:00+00:00,ZS,187.0500030517578,187.0500030517578,187.0500030517578,187.03770446777344,187.03770446777344,1571.0
2024-10-25 10:33:00+00:00,AAOI,18.299999237060547,18.299999237060547,18.299999237060547,18.200000762939453,18.235000610351562,25959.0
2024-10-25 10:33:00+00:00,AAPL,232.35000610351562,232.35000610351562,232.35000610351562,232.1300048828125,232.27000427246094,56224.0
2024-10-25 10:33:00+00:00,ACIW,49.540000915527344,49.540000915527344,49.55500030517578,49.540000915527344,49.55500030517578,520.0
2024-10-25 10:33:00+00:00,ACLS,91.44999694824219,91.44999694824219,91.44999694824219,91.44000244140625,91.44000244140625,243.0
2024-10-25 10:33:00+00:00,ACMR,19.870100021362305,19.870100021362305,19.870100021362305,19.870100021362305,19.870100021362305,893.0
2024-10-25 10:33:00+00:00,ADBE,487.9700012207031,487.9700012207031,488.0,487.6499938964844,487.6499938964844,4059.0
2024-10-25 10:33:00+00:00,ADI,233.8300018310547,233.8300018310547,233.8699951171875,233.8300018310547,233.85000610351562,2025.0
2024-10-25 10:33:00+00:00,ADSK,288.5299987792969,288.5299987792969,288.65399169921875,288.5299987792969,288.614990234375,710.0
2024-10-25 10:33:00+00:00,AEHR,16.8799991607666,16.8799991607666,16.899999618530273,16.846900939941406,16.847000122070312,13074.0
2024-10-25 10:33:00+00:00,AFRM,41.928001403808594,41.928001403808594,41.96080017089844,41.90999984741211,41.96080017089844,5680.0
2024-10-25 10:33:00+00:00,AKAM,103.375,103.375,103.375,103.375,103.375,1101.0
2024-10-25 10:33:00+00:00,AKTS,0.058400001376867294,0.058400001376867294,0.05849999934434891,0.058400001376867294,0.05849999934434891,7982.0
2024-10-25 10:33:00+00:00,ALGM,22.719999313354492,22.719999313354492,22.809999465942383,22.709999084472656,22.795000076293945,57327.0
2024-10-25 10:33:00+00:00,ALOT,14.5,14.5,14.5,14.470000267028809,14.5,424.0
2024-10-25 10:33:00+00:00,ALRM,55.130001068115234,55.130001068115234,55.130001068115234,55.130001068115234,55.130001068115234,416.0
2024-10-25 10:33:00+00:00,ALTR,106.05000305175781,106.05000305175781,106.05000305175781,106.05000305175781,106.05000305175781,639.0
2024-10-25 10:33:00+00:00,AMAT,188.72999572753906,188.72999572753906,188.85000610351562,188.6300048828125,188.6699981689453,2002.0
2024-10-25 10:33:00+00:00,AMD,158.2100067138672,158.2100067138672,158.3498992919922,158.1199951171875,158.2100067138672,126748.0
2024-10-25 10:33:00+00:00,ANSS,327.17999267578125,327.17999267578125,327.17999267578125,326.7950134277344,326.8500061035156,2269.0
2024-10-25 10:33:00+00:00,ANY,1.100000023841858,1.100000023841858,1.100000023841858,1.100000023841858,1.100000023841858,11303.0
2024-10-25 10:33:00+00:00,API,2.694999933242798,2.694999933242798,2.694999933242798,2.694999933242798,2.694999933242798,112.0
2024-10-25 10:33:00+00:00,APP,164.05999755859375,164.05999755859375,164.0800018310547,163.83999633789062,163.89999389648438,5518.0
2024-10-25 10:33:00+00:00,APPF,226.6199951171875,226.6199951171875,227.60000610351562,226.6199951171875,227.60000610351562,531.0
2024-10-25 10:33:00+00:00,APPN,32.474998474121094,32.474998474121094,32.474998474121094,32.474998474121094,32.474998474121094,352.0
2024-10-25 10:33:00+00:00,APPS,3.1449999809265137,3.1449999809265137,3.1449999809265137,3.1449999809265137,3.1449999809265137,860.0
2024-10-25 10:33:00+00:00,ARRY,6.570000171661377,6.570000171661377,6.570000171661377,6.550000190734863,6.554999828338623,14456.0
2024-10-25 10:33:00+00:00,ASML,723.0599975585938,723.0599975585938,723.25,722.8099975585938,723.25,3965.0
2024-10-25 10:33:00+00:00,ATOM,3.3299999237060547,3.3299999237060547,3.3299999237060547,3.3299999237060547,3.3299999237060547,386.0
2024-10-25 10:33:00+00:00,AUR,6.485000133514404,6.485000133514404,6.485000133514404,6.4791998863220215,6.4791998863220215,3647.0
2024-10-25 10:33:00+00:00,AVGO,175.5290069580078,175.5290069580078,175.8000030517578,175.5290069580078,175.6820068359375,49006.0
2024-10-25 10:33:00+00:00,BASE,16.514999389648438,16.514999389648438,16.514999389648438,16.514999389648438,16.514999389648438,107.0
2024-10-25 10:33:00+00:00,BIGC,5.360000133514404,5.360000133514404,5.369999885559082,5.360000133514404,5.369999885559082,993.0
2024-10-25 10:33:00+00:00,BL,56.79999923706055,56.79999923706055,56.79999923706055,56.7599983215332,56.79999923706055,1063.0
2024-10-25 10:33:00+00:00,BMBL,7.289999961853027,7.289999961853027,7.292600154876709,7.289999961853027,7.292600154876709,1327.0
2024-10-25 10:33:00+00:00,BRZE,31.09000015258789,31.09000015258789,31.09000015258789,31.09000015258789,31.09000015258789,450.0
2024-10-25 10:33:00+00:00,BSY,49.345001220703125,49.345001220703125,49.345001220703125,49.33000183105469,49.33000183105469,251.0
2024-10-25 10:33:00+00:00,CAMT,78.48750305175781,78.48750305175781,78.55999755859375,78.48750305175781,78.55000305175781,1143.0
2024-10-25 10:33:00+00:00,CAN,1.0,1.0,1.0049999952316284,1.0,1.0049999952316284,1573.0
2024-10-25 10:33:00+00:00,CCSI,20.535600662231445,20.535600662231445,20.535600662231445,20.535600662231445,20.535600662231445,481.0
2024-10-25 10:33:00+00:00,CDNS,259.8399963378906,259.8399963378906,259.8399963378906,259.7200012207031,259.7699890136719,1916.0
2024-10-25 10:33:00+00:00,CETX,0.29499998688697815,0.29499998688697815,0.2971000075340271,0.29499998688697815,0.2971000075340271,31272.0
2024-10-25 10:33:00+00:00,CFLT,22.46500015258789,22.46500015258789,22.5,22.46500015258789,22.485000610351562,11959.0
2024-10-25 10:33:00+00:00,CGNX,39.34000015258789,39.34000015258789,39.34000015258789,39.34000015258789,39.34000015258789,405.0
2024-10-25 10:33:00+00:00,CHKP,208.1199951171875,208.1199951171875,208.17999267578125,207.99000549316406,208.08999633789062,3063.0
2024-10-25 10:33:00+00:00,CLBT,18.219999313354492,18.219999313354492,18.219999313354492,18.217100143432617,18.217100143432617,1706.0
2024-10-25 10:33:00+00:00,CLSK,12.1899995803833,12.1899995803833,12.239399909973145,12.182499885559082,12.229999542236328,82178.0
2024-10-25 10:33:00+00:00,CMBM,1.309999942779541,1.309999942779541,1.309999942779541,1.309999942779541,1.309999942779541,1193.0
2024-10-25 10:33:00+00:00,CNXC,45.18000030517578,45.18000030517578,45.18000030517578,45.18000030517578,45.18000030517578,156.0
2024-10-25 10:33:00+00:00,COHR,96.7300033569336,96.7300033569336,96.7300033569336,96.62000274658203,96.66999816894531,1587.0
2024-10-25 10:33:00+00:00,COIN,213.24000549316406,213.24000549316406,213.5,212.89999389648438,213.2449951171875,24323.0
2024-10-25 10:33:00+00:00,COMM,6.480000019073486,6.480000019073486,6.480000019073486,6.480000019073486,6.480000019073486,1756.0
2024-10-25 10:33:00+00:00,CORZ,13.574999809265137,13.574999809265137,13.574999809265137,13.524999618530273,13.555000305175781,28893.0
2024-10-25 10:33:00+00:00,CRDO,39.66999816894531,39.66999816894531,39.689998626708984,39.650001525878906,39.689998626708984,4050.0
2024-10-25 10:33:00+00:00,CRNT,2.4600000381469727,2.4600000381469727,2.4649999141693115,2.4600000381469727,2.4639999866485596,10999.0
2024-10-25 10:33:00+00:00,CRSR,6.474999904632568,6.474999904632568,6.474999904632568,6.474999904632568,6.474999904632568,918.0
2024-10-25 10:33:00+00:00,CRUS,122.93000030517578,122.93000030517578,122.93000030517578,122.93000030517578,122.93000030517578,873.0
2024-10-25 10:33:00+00:00,CRWD,310.0799865722656,310.0799865722656,310.2900085449219,309.8999938964844,310.0,5588.0
2024-10-25 10:33:00+00:00,CSCO,56.45000076293945,56.45000076293945,56.45880126953125,56.439998626708984,56.45240020751953,10726.0
2024-10-25 10:33:00+00:00,CSIQ,13.640000343322754,13.640000343322754,13.640000343322754,13.579000473022461,13.59000015258789,5198.0
2024-10-25 10:33:00+00:00,CTLP,9.100000381469727,9.100000381469727,9.100000381469727,9.100000381469727,9.100000381469727,1572.0
2024-10-25 10:33:00+00:00,CTSH,75.19999694824219,75.19999694824219,75.19999694824219,75.18000030517578,75.18000030517578,1741.0
2024-10-25 10:33:00+00:00,DBX,26.104000091552734,26.104000091552734,26.104999542236328,26.104000091552734,26.104999542236328,1386.0
2024-10-25 10:33:00+00:00,DDOG,127.02999877929688,127.02999877929688,127.25,127.02999877929688,127.22000122070312,4003.0
2024-10-25 10:33:00+00:00,DGII,30.264999389648438,30.264999389648438,30.264999389648438,30.264999389648438,30.264999389648438,812.0
2024-10-25 10:33:00+00:00,DIOD,66.3499984741211,66.3499984741211,66.3499984741211,66.3499984741211,66.3499984741211,575.0
2024-10-25 10:33:00+00:00,DOCU,70.69000244140625,70.69000244140625,70.69000244140625,70.62999725341797,70.62999725341797,2961.0
2024-10-25 10:33:00+00:00,DOMO,8.050000190734863,8.050000190734863,8.050000190734863,8.050000190734863,8.050000190734863,174.0
2024-10-25 10:33:00+00:00,DUOL,287.05999755859375,287.05999755859375,287.3399963378906,287.05999755859375,287.3399963378906,539.0
2024-10-25 10:33:00+00:00,ENPH,82.23999786376953,82.23999786376953,82.23999786376953,82.1500015258789,82.19000244140625,4722.0
2024-10-25 10:33:00+00:00,ENTG,104.65499877929688,104.65499877929688,104.65499877929688,104.65499877929688,104.65499877929688,310.0
2024-10-25 10:33:00+00:00,ERIC,8.505000114440918,8.505000114440918,8.505999565124512,8.5,8.5,7370.0
2024-10-25 10:33:00+00:00,EXTR,14.555000305175781,14.555000305175781,14.555000305175781,14.555000305175781,14.555000305175781,200.0
2024-10-25 10:33:00+00:00,FFIV,216.6750030517578,216.6750030517578,216.6750030517578,216.6750030517578,216.6750030517578,382.0
2024-10-25 10:33:00+00:00,FIVN,30.670000076293945,30.670000076293945,30.670000076293945,30.670000076293945,30.670000076293945,547.0
2024-10-25 10:33:00+00:00,FLEX,35.61000061035156,35.61000061035156,35.625,35.599998474121094,35.625,19306.0
2024-10-25 10:33:00+00:00,FLYW,17.610000610351562,17.610000610351562,17.635000228881836,17.610000610351562,17.635000228881836,2060.0
2024-10-25 10:33:00+00:00,FORM,45.402000427246094,45.402000427246094,45.402000427246094,45.402000427246094,45.402000427246094,433.0
2024-10-25 10:33:00+00:00,FROG,29.579999923706055,29.579999923706055,29.579999923706055,29.579999923706055,29.579999923706055,592.0
2024-10-25 10:33:00+00:00,FRSH,11.765000343322754,11.765000343322754,11.765000343322754,11.739999771118164,11.744999885559082,17997.0
2024-10-25 10:33:00+00:00,FSLR,199.53500366210938,199.53500366210938,199.53500366210938,199.0200958251953,199.0200958251953,5285.0
2024-10-25 10:33:00+00:00,FTNT,81.55000305175781,81.55000305175781,81.56999969482422,81.55000305175781,81.55999755859375,3288.0
2024-10-25 10:33:00+00:00,GCT,25.65999984741211,25.65999984741211,25.65999984741211,25.639999389648438,25.639999389648438,1106.0
2024-10-25 10:33:00+00:00,GDS,21.739999771118164,21.739999771118164,21.739999771118164,21.735000610351562,21.735000610351562,4450.0
2024-10-25 10:33:00+00:00,GFS,41.02410125732422,41.02410125732422,41.08000183105469,41.02000045776367,41.029998779296875,4151.0
2024-10-25 10:33:00+00:00,GILT,4.940000057220459,4.940000057220459,4.940000057220459,4.940000057220459,4.940000057220459,126.0
2024-10-25 10:33:00+00:00,GPRO,1.340000033378601,1.340000033378601,1.340000033378601,1.340000033378601,1.340000033378601,1590.0
2024-10-25 10:33:00+00:00,GRAB,4.090000152587891,4.090000152587891,4.090000152587891,4.082499980926514,4.085000038146973,8483.0
2024-10-25 10:33:00+00:00,GSIT,3.2836999893188477,3.2836999893188477,3.2836999893188477,3.2836999893188477,3.2836999893188477,3005.0
2024-10-25 10:33:00+00:00,GTLB,55.88999938964844,55.88999938964844,55.95069885253906,55.810001373291016,55.90999984741211,6479.0
2024-10-25 10:33:00+00:00,GVP,4.619999885559082,4.619999885559082,4.619999885559082,4.619999885559082,4.619999885559082,200.0
2024-10-25 10:33:00+00:00,HCKT,24.940000534057617,24.940000534057617,24.940000534057617,24.940000534057617,24.940000534057617,551.0
2024-10-25 10:33:00+00:00,HCP,33.630001068115234,33.630001068115234,33.6349983215332,33.630001068115234,33.6349983215332,1435.0
2024-10-25 10:33:00+00:00,HIMX,6.204999923706055,6.204999923706055,6.204999923706055,6.204999923706055,6.204999923706055,689.0
2024-10-25 10:33:00+00:00,HLIT,14.890000343322754,14.890000343322754,14.890000343322754,14.890000343322754,14.890000343322754,230.0
2024-10-25 10:33:00+00:00,HOLO,3.7899999618530273,3.7899999618530273,3.7929000854492188,3.7799999713897705,3.7899999618530273,7808.0
2024-10-25 10:33:00+00:00,HOOD,27.469999313354492,27.469999313354492,27.485000610351562,27.467199325561523,27.485000610351562,12378.0
2024-10-25 10:33:00+00:00,HTCR,1.0500999689102173,1.0500999689102173,1.0500999689102173,1.0500999689102173,1.0500999689102173,142.0
2024-10-25 10:33:00+00:00,IMMR,8.805000305175781,8.805000305175781,8.805000305175781,8.805000305175781,8.805000305175781,164.0
2024-10-25 10:33:00+00:00,IMTE,1.6398999691009521,1.6398999691009521,1.6398999691009521,1.6398999691009521,1.6398999691009521,320.0
2024-10-25 10:33:00+00:00,INDI,3.5899999141693115,3.5899999141693115,3.5899999141693115,3.5899999141693115,3.5899999141693115,200.0
2024-10-25 10:33:00+00:00,INFN,6.784999847412109,6.784999847412109,6.784999847412109,6.784999847412109,6.784999847412109,678.0
2024-10-25 10:33:00+00:00,INOD,20.334999084472656,20.334999084472656,20.3799991607666,20.334999084472656,20.3799991607666,470.0
2024-10-25 10:33:00+00:00,INSG,19.80500030517578,19.80500030517578,19.80500030517578,19.80500030517578,19.80500030517578,621.0
2024-10-25 10:33:00+00:00,INTC,23.239999771118164,23.239999771118164,23.25,23.21500015258789,23.22760009765625,199869.0
2024-10-25 10:33:00+00:00,INTU,614.0549926757812,614.0549926757812,614.0900268554688,613.9500122070312,614.0900268554688,2533.0
2024-10-25 10:33:00+00:00,ITRI,103.61000061035156,103.61000061035156,103.61000061035156,103.61000061035156,103.61000061035156,131.0
2024-10-25 10:33:00+00:00,JKHY,185.28250122070312,185.28250122070312,185.28250122070312,185.27000427246094,185.27000427246094,380.0
2024-10-25 10:33:00+00:00,KC,2.744999885559082,2.744999885559082,2.753200054168701,2.744999885559082,2.753200054168701,14407.0
2024-10-25 10:33:00+00:00,KLAC,679.2100219726562,679.2100219726562,679.7000122070312,679.2100219726562,679.7000122070312,476.0
2024-10-25 10:33:00+00:00,KLTR,1.340000033378601,1.340000033378601,1.340000033378601,1.340000033378601,1.340000033378601,112.0
2024-10-25 10:33:00+00:00,KOPN,0.7749999761581421,0.7749999761581421,0.7749999761581421,0.7749999761581421,0.7749999761581421,100.0
2024-10-25 10:33:00+00:00,LASR,10.59000015258789,10.59000015258789,10.59000015258789,10.574999809265137,10.579999923706055,886.0
2024-10-25 10:33:00+00:00,LINK,4.570000171661377,4.570000171661377,4.701300144195557,4.559999942779541,4.701300144195557,11495.0
2024-10-25 10:33:00+00:00,LITE,64.73500061035156,64.73500061035156,64.73500061035156,64.69999694824219,64.72000122070312,1351.0
2024-10-25 10:33:00+00:00,LOGI,81.05000305175781,81.05000305175781,81.05000305175781,81.05000305175781,81.05000305175781,1380.0
2024-10-25 10:33:00+00:00,LPSN,1.2001999616622925,1.2001999616622925,1.2005000114440918,1.2001999616622925,1.2005000114440918,13174.0
2024-10-25 10:33:00+00:00,LRCX,79.16999816894531,79.16999816894531,79.19000244140625,79.0,79.02999877929688,65494.0
2024-10-25 10:33:00+00:00,LSCC,54.68000030517578,54.68000030517578,54.685001373291016,54.650001525878906,54.650001525878906,604.0
2024-10-25 10:33:00+00:00,LYFT,13.71500015258789,13.71500015258789,13.729999542236328,13.71500015258789,13.727899551391602,15344.0
2024-10-25 10:33:00+00:00,MAXN,5.590000152587891,5.590000152587891,5.628499984741211,5.578999996185303,5.628499984741211,3874.0
2024-10-25 10:33:00+00:00,MCHP,77.11000061035156,77.11000061035156,77.12000274658203,77.06999969482422,77.06999969482422,5851.0
2024-10-25 10:33:00+00:00,MDB,268.94500732421875,268.94500732421875,269.0899963378906,268.8330078125,268.9100036621094,3437.0
2024-10-25 10:33:00+00:00,MITK,8.8100004196167,8.8100004196167,8.8100004196167,8.8100004196167,8.8100004196167,157.0
2024-10-25 10:33:00+00:00,MKSI,100.9749984741211,100.9749984741211,100.9749984741211,100.9749984741211,100.9749984741211,102.0
2024-10-25 10:33:00+00:00,MNDY,301.3900146484375,301.3900146484375,301.3900146484375,301.260009765625,301.260009765625,2553.0
2024-10-25 10:33:00+00:00,MQ,5.304999828338623,5.304999828338623,5.304999828338623,5.304999828338623,5.304999828338623,2300.0
2024-10-25 10:33:00+00:00,MRVL,83.13999938964844,83.13999938964844,83.16500091552734,83.12000274658203,83.1530990600586,5785.0
2024-10-25 10:33:00+00:00,MSFT,430.95001220703125,430.95001220703125,431.1700134277344,430.8999938964844,431.1700134277344,21470.0
2024-10-25 10:33:00+00:00,MSTR,242.94000244140625,242.94000244140625,243.74989318847656,242.5,243.33999633789062,52888.0
2024-10-25 10:33:00+00:00,MTC,0.3693999946117401,0.3693999946117401,0.3693999946117401,0.3693999946117401,0.3693999946117401,646.0
2024-10-25 10:33:00+00:00,MTLS,6.019999980926514,6.019999980926514,6.019999980926514,6.019999980926514,6.019999980926514,1783.0
2024-10-25 10:33:00+00:00,MU,109.6760025024414,109.6760025024414,109.77200317382812,109.61009979248047,109.64579772949219,22493.0
2024-10-25 10:33:00+00:00,MXL,14.989999771118164,14.989999771118164,14.989999771118164,14.970000267028809,14.975000381469727,3576.0
2024-10-25 10:33:00+00:00,NCNO,38.369998931884766,38.369998931884766,38.369998931884766,38.369998931884766,38.369998931884766,326.0
2024-10-25 10:33:00+00:00,NNDM,2.3450000286102295,2.3450000286102295,2.3450000286102295,2.3450000286102295,2.3450000286102295,111.0
2024-10-25 10:33:00+00:00,NSIT,212.24000549316406,212.24000549316406,212.24000549316406,212.24000549316406,212.24000549316406,501.0
2024-10-25 10:33:00+00:00,NTAP,120.47000122070312,120.47000122070312,120.52999877929688,120.47000122070312,120.52999877929688,700.0
2024-10-25 10:33:00+00:00,NTCT,20.6560001373291,20.6560001373291,20.6560001373291,20.6560001373291,20.6560001373291,344.0
2024-10-25 10:33:00+00:00,NTNX,62.595001220703125,62.595001220703125,62.67499923706055,62.595001220703125,62.67499923706055,764.0
2024-10-25 10:33:00+00:00,NVDA,143.70799255371094,143.70799255371094,143.74000549316406,143.5601043701172,143.63999938964844,698124.0
2024-10-25 10:33:00+00:00,NVEI,33.529998779296875,33.529998779296875,33.529998779296875,33.529998779296875,33.529998779296875,402.0
2024-10-25 10:33:00+00:00,NVMI,184.5050048828125,184.5050048828125,184.72000122070312,184.5050048828125,184.72000122070312,1334.0
2024-10-25 10:33:00+00:00,NVTS,2.609999895095825,2.609999895095825,2.609999895095825,2.6050000190734863,2.6089000701904297,6450.0
2024-10-25 10:33:00+00:00,NXPI,244.1699981689453,244.1699981689453,244.22999572753906,243.9199981689453,244.07000732421875,5304.0
2024-10-25 10:33:00+00:00,OKTA,72.87999725341797,72.87999725341797,72.87999725341797,72.87999725341797,72.87999725341797,678.0
2024-10-25 10:33:00+00:00,ON,72.04000091552734,72.04000091552734,72.04000091552734,71.87000274658203,71.87000274658203,11318.0
2024-10-25 10:33:00+00:00,ONDS,0.8949999809265137,0.8949999809265137,0.8949999809265137,0.8949999809265137,0.8949999809265137,2171.0
2024-10-25 10:33:00+00:00,OSIS,137.2449951171875,137.2449951171875,137.2449951171875,137.2449951171875,137.2449951171875,212.0
2024-10-25 10:33:00+00:00,OTEX,33.65999984741211,33.65999984741211,33.66999816894531,33.65999984741211,33.65999984741211,3230.0
2024-10-25 10:33:00+00:00,PANW,371.489990234375,371.489990234375,371.489990234375,371.26800537109375,371.29998779296875,1322.0
2024-10-25 10:33:00+00:00,PAYO,8.3149995803833,8.3149995803833,8.3149995803833,8.3100004196167,8.3149995803833,1423.0
2024-10-25 10:33:00+00:00,PEGA,81.12000274658203,81.12000274658203,81.19000244140625,81.08999633789062,81.12000274658203,3054.0
2024-10-25 10:33:00+00:00,PEGY,4.565000057220459,4.565000057220459,4.565000057220459,4.565000057220459,4.565000057220459,2175.0
2024-10-25 10:33:00+00:00,PET,0.8100000023841858,0.8100000023841858,0.8100000023841858,0.8100000023841858,0.8100000023841858,1700.0
2024-10-25 10:33:00+00:00,PGY,11.869999885559082,11.869999885559082,11.90999984741211,11.869999885559082,11.904999732971191,1595.0
2024-10-25 10:33:00+00:00,PHUN,9.503399848937988,9.503399848937988,9.59850025177002,9.5,9.568300247192383,111685.0
2024-10-25 10:33:00+00:00,PI,199.58999633789062,199.58999633789062,199.58999633789062,199.58999633789062,199.58999633789062,1988.0
2024-10-25 10:33:00+00:00,POET,4.0,4.0,4.010000228881836,4.0,4.0,2530.0
2024-10-25 10:33:00+00:00,PRCH,1.3799999952316284,1.3799999952316284,1.3799999952316284,1.3799999952316284,1.3799999952316284,205.0
2024-10-25 10:33:00+00:00,PTC,186.5050048828125,186.5050048828125,186.5050048828125,186.5050048828125,186.5050048828125,153.0
2024-10-25 10:33:00+00:00,PYCR,14.449999809265137,14.449999809265137,14.449999809265137,14.449999809265137,14.449999809265137,627.0
2024-10-25 10:33:00+00:00,QCOM,172.4499969482422,172.4499969482422,172.47500610351562,172.32980346679688,172.38499450683594,13228.0
2024-10-25 10:33:00+00:00,QLYS,121.71499633789062,121.71499633789062,121.71499633789062,121.71499633789062,121.71499633789062,1422.0
2024-10-25 10:33:00+00:00,QRVO,100.09500122070312,100.09500122070312,100.09500122070312,100.09500122070312,100.09500122070312,1207.0
2024-10-25 10:33:00+00:00,QUBT,1.149999976158142,1.149999976158142,1.159600019454956,1.149999976158142,1.1549999713897705,14184.0
2024-10-25 10:33:00+00:00,RCAT,2.75,2.75,2.75,2.75,2.75,880.0
2024-10-25 10:33:00+00:00,RELY,14.789999961853027,14.789999961853027,14.789999961853027,14.789999961853027,14.789999961853027,693.0
2024-10-25 10:33:00+00:00,RGTI,1.2949999570846558,1.2949999570846558,1.298799991607666,1.2899999618530273,1.2899999618530273,11844.0
2024-10-25 10:33:00+00:00,RIOT,10.194999694824219,10.194999694824219,10.22599983215332,10.1899995803833,10.21500015258789,59821.0
2024-10-25 10:33:00+00:00,RMBS,42.939998626708984,42.939998626708984,42.95000076293945,42.91999816894531,42.91999816894531,906.0
2024-10-25 10:33:00+00:00,RMNI,1.7300000190734863,1.7300000190734863,1.7300000190734863,1.7300000190734863,1.7300000190734863,1071.0
2024-10-25 10:33:00+00:00,RPAY,7.650000095367432,7.650000095367432,7.650199890136719,7.650000095367432,7.650199890136719,928.0
2024-10-25 10:33:00+00:00,RPD,39.510101318359375,39.510101318359375,39.510101318359375,39.510101318359375,39.510101318359375,956.0
2024-10-25 10:33:00+00:00,RUM,5.800000190734863,5.800000190734863,5.809700012207031,5.800000190734863,5.809700012207031,2092.0
2024-10-25 10:33:00+00:00,RUN,14.520000457763672,14.520000457763672,14.53499984741211,14.520000457763672,14.520000457763672,7468.0
2024-10-25 10:33:00+00:00,SATS,25.399999618530273,25.399999618530273,25.399999618530273,25.399999618530273,25.399999618530273,2181.0
2024-10-25 10:33:00+00:00,SCSC,45.64500045776367,45.64500045776367,45.64500045776367,45.64500045776367,45.64500045776367,131.0
2024-10-25 10:33:00+00:00,SEDG,15.75,15.75,15.779999732971191,15.75,15.764599800109863,11137.0
2024-10-25 10:33:00+00:00,SIMO,57.060001373291016,57.060001373291016,57.130001068115234,56.9900016784668,56.9900016784668,3800.0
2024-10-25 10:33:00+00:00,SITM,184.1699981689453,184.1699981689453,184.1699981689453,184.1699981689453,184.1699981689453,1192.0
2024-10-25 10:33:00+00:00,SKYT,10.609999656677246,10.609999656677246,10.609999656677246,10.609999656677246,10.609999656677246,992.0
2024-10-25 10:33:00+00:00,SLNH,4.304200172424316,4.304200172424316,4.304200172424316,4.289999961853027,4.289999961853027,5485.0
2024-10-25 10:33:00+00:00,SLNHP,12.520000457763672,12.520000457763672,12.520000457763672,12.510000228881836,12.520000457763672,1096.0
2024-10-25 10:33:00+00:00,SMCI,48.18000030517578,48.18000030517578,48.2400016784668,48.141998291015625,48.18000030517578,100348.0
2024-10-25 10:33:00+00:00,SMTC,45.70500183105469,45.70500183105469,45.70500183105469,45.70500183105469,45.70500183105469,830.0
2024-10-25 10:33:00+00:00,SNPS,507.1000061035156,507.1000061035156,507.1650085449219,507.1000061035156,507.1650085449219,1057.0
2024-10-25 10:33:00+00:00,SONO,12.850000381469727,12.850000381469727,12.869999885559082,12.850000381469727,12.869999885559082,1283.0
2024-10-25 10:33:00+00:00,SOUN,5.300000190734863,5.300000190734863,5.300000190734863,5.29010009765625,5.293000221252441,8753.0
2024-10-25 10:33:00+00:00,SRAD,12.40999984741211,12.40999984741211,12.414999961853027,12.40999984741211,12.414999961853027,4118.0
2024-10-25 10:33:00+00:00,SSNC,69.93000030517578,69.93000030517578,69.94999694824219,69.87999725341797,69.87999725341797,4530.0
2024-10-25 10:33:00+00:00,STNE,11.5649995803833,11.5649995803833,11.569999694824219,11.5600004196167,11.5600004196167,4455.0
2024-10-25 10:33:00+00:00,STX,104.9000015258789,104.9000015258789,105.08000183105469,104.9000015258789,105.05000305175781,5454.0
2024-10-25 10:33:00+00:00,SVRE,0.08330000191926956,0.08330000191926956,0.08330000191926956,0.08330000191926956,0.08330000191926956,11960.0
2024-10-25 10:33:00+00:00,SWKS,95.94000244140625,95.94000244140625,95.94000244140625,95.91999816894531,95.91999816894531,2416.0
2024-10-25 10:33:00+00:00,SYTA,1.2587000131607056,1.2587000131607056,1.2698999643325806,1.2587000131607056,1.269700050354004,20396.0
2024-10-25 10:33:00+00:00,TEAM,191.22000122070312,191.22000122070312,191.38999938964844,191.22000122070312,191.3699951171875,2063.0
2024-10-25 10:33:00+00:00,TER,112.45999908447266,112.45999908447266,112.4800033569336,112.33999633789062,112.33999633789062,6667.0
2024-10-25 10:33:00+00:00,TRMB,61.18000030517578,61.18000030517578,61.185001373291016,61.18000030517578,61.185001373291016,864.0
2024-10-25 10:33:00+00:00,TTD,120.71499633789062,120.71499633789062,120.7300033569336,120.61000061035156,120.61000061035156,7307.0
2024-10-25 10:33:00+00:00,TTEC,5.455999851226807,5.455999851226807,5.455999851226807,5.455999851226807,5.455999851226807,633.0
2024-10-25 10:33:00+00:00,TTMI,19.649999618530273,19.649999618530273,19.649999618530273,19.649999618530273,19.649999618530273,315.0
2024-10-25 10:33:00+00:00,TWKS,4.449999809265137,4.449999809265137,4.449999809265137,4.449999809265137,4.449999809265137,8505.0
2024-10-25 10:33:00+00:00,TXN,209.8699951171875,209.8699951171875,209.8699951171875,209.69000244140625,209.73500061035156,7894.0
2024-10-25 10:33:00+00:00,UCTT,36.06999969482422,36.06999969482422,36.06999969482422,36.060001373291016,36.060001373291016,784.0
2024-10-25 10:33:00+00:00,VECO,29.604999542236328,29.604999542236328,29.604999542236328,29.59000015258789,29.59000015258789,706.0
2024-10-25 10:33:00+00:00,VERI,3.5292999744415283,3.5292999744415283,3.5292999744415283,3.5292999744415283,3.5292999744415283,2079.0
2024-10-25 10:33:00+00:00,VIAV,9.255000114440918,9.255000114440918,9.255000114440918,9.255000114440918,9.255000114440918,1371.0
2024-10-25 10:33:00+00:00,VICR,47.02000045776367,47.02000045776367,47.02000045776367,47.02000045776367,47.02000045776367,113.0
2024-10-25 10:33:00+00:00,VMEO,4.760000228881836,4.760000228881836,4.760000228881836,4.760000228881836,4.760000228881836,358.0
2024-10-25 10:33:00+00:00,VNET,3.430000066757202,3.430000066757202,3.434999942779541,3.430000066757202,3.434999942779541,109.0
2024-10-25 10:33:00+00:00,VRNS,57.1349983215332,57.1349983215332,57.16999816894531,57.11000061035156,57.11000061035156,2910.0
2024-10-25 10:33:00+00:00,VRNT,22.389999389648438,22.389999389648438,22.389999389648438,22.389999389648438,22.389999389648438,575.0
2024-10-25 10:33:00+00:00,VRSN,187.8800048828125,187.8800048828125,188.0500030517578,187.8800048828125,188.0500030517578,999.0
2024-10-25 10:33:00+00:00,VSAT,10.399999618530273,10.399999618530273,10.399999618530273,10.380000114440918,10.390000343322754,758.0
2024-10-25 10:33:00+00:00,VUZI,1.3049999475479126,1.3049999475479126,1.3049999475479126,1.3009999990463257,1.3009999990463257,1834.0
2024-10-25 10:33:00+00:00,WDAY,241.47999572753906,241.47999572753906,241.47999572753906,241.47000122070312,241.47000122070312,1005.0
2024-10-25 10:33:00+00:00,WDC,72.69999694824219,72.69999694824219,72.98999786376953,72.67009735107422,72.94000244140625,51514.0
2024-10-25 10:33:00+00:00,WISA,1.8300000429153442,1.8300000429153442,1.8300000429153442,1.8300000429153442,1.8300000429153442,727.0
2024-10-25 10:33:00+00:00,WRAP,1.919100046157837,1.919100046157837,1.919100046157837,1.899899959564209,1.899999976158142,1885.0
2024-10-25 10:33:00+00:00,XRX,10.220000267028809,10.220000267028809,10.225000381469727,10.210000038146973,10.225000381469727,3579.0
2024-10-25 10:33:00+00:00,ZBRA,364.614990234375,364.614990234375,364.614990234375,364.614990234375,364.614990234375,546.0
2024-10-25 10:33:00+00:00,ZM,73.2699966430664,73.2699966430664,73.2699966430664,73.2699966430664,73.2699966430664,2433.0
2024-10-25 10:33:00+00:00,ZS,187.11000061035156,187.11000061035156,187.1999969482422,187.10000610351562,187.10000610351562,2005.0
2024-10-25 10:34:00+00:00,AAOI,18.239999771118164,18.239999771118164,18.299999237060547,18.239999771118164,18.290000915527344,3780.0
2024-10-25 10:34:00+00:00,AAPL,232.4586944580078,232.4586944580078,232.49000549316406,232.3155059814453,232.33999633789062,74048.0
2024-10-25 10:34:00+00:00,ACIW,49.520999908447266,49.520999908447266,49.529998779296875,49.520999908447266,49.529998779296875,897.0
2024-10-25 10:34:00+00:00,ACLS,91.30999755859375,91.30999755859375,91.41500091552734,91.29000091552734,91.41500091552734,2461.0
2024-10-25 10:34:00+00:00,ACMR,19.913999557495117,19.913999557495117,19.913999557495117,19.913999557495117,19.913999557495117,1470.0
2024-10-25 10:34:00+00:00,ADBE,487.6499938964844,487.6499938964844,487.9200134277344,487.6000061035156,487.8399963378906,3981.0
2024-10-25 10:34:00+00:00,ADI,233.74000549316406,233.74000549316406,233.9199981689453,233.6699981689453,233.9149932861328,4555.0
2024-10-25 10:34:00+00:00,ADSK,288.45001220703125,288.45001220703125,288.5950012207031,288.3550109863281,288.5199890136719,2515.0
2024-10-25 10:34:00+00:00,ADTN,6.389999866485596,6.389999866485596,6.389999866485596,6.375,6.375,9151.0
2024-10-25 10:34:00+00:00,AEHR,16.850000381469727,16.850000381469727,16.899099349975586,16.780000686645508,16.899099349975586,10234.0
2024-10-25 10:34:00+00:00,AFRM,41.939998626708984,41.939998626708984,41.948001861572266,41.900001525878906,41.93130111694336,11534.0
2024-10-25 10:34:00+00:00,AGYS,114.00250244140625,114.00250244140625,114.11000061035156,114.00250244140625,114.11000061035156,452.0
2024-10-25 10:34:00+00:00,AKAM,103.4000015258789,103.4000015258789,103.4000015258789,103.4000015258789,103.4000015258789,1599.0
2024-10-25 10:34:00+00:00,AKTS,0.058400001376867294,0.058400001376867294,0.058400001376867294,0.05829999968409538,0.05829999968409538,19400.0
2024-10-25 10:34:00+00:00,ALGM,22.670000076293945,22.670000076293945,22.709999084472656,22.6200008392334,22.709999084472656,9741.0
2024-10-25 10:34:00+00:00,ALKT,38.25,38.25,38.25,38.25,38.25,137.0
2024-10-25 10:34:00+00:00,ALOT,14.510000228881836,14.510000228881836,14.510000228881836,14.510000228881836,14.510000228881836,616.0
2024-10-25 10:34:00+00:00,ALRM,55.119998931884766,55.119998931884766,55.119998931884766,55.119998931884766,55.119998931884766,533.0
2024-10-25 10:34:00+00:00,AMAT,188.47999572753906,188.47999572753906,188.7899932861328,188.47000122070312,188.71499633789062,17683.0
2024-10-25 10:34:00+00:00,AMD,157.9727020263672,157.9727020263672,158.2899932861328,157.83999633789062,158.24000549316406,270218.0
2024-10-25 10:34:00+00:00,AMKR,30.014999389648438,30.014999389648438,30.03499984741211,30.010000228881836,30.03499984741211,1794.0
2024-10-25 10:34:00+00:00,AMPL,9.260000228881836,9.260000228881836,9.260000228881836,9.260000228881836,9.260000228881836,745.0
2024-10-25 10:34:00+00:00,ANY,1.090000033378601,1.090000033378601,1.090000033378601,1.090000033378601,1.090000033378601,1443.0
2024-10-25 10:34:00+00:00,APP,163.83700561523438,163.83700561523438,164.14999389648438,163.8000030517578,164.06500244140625,16396.0
2024-10-25 10:34:00+00:00,APPF,225.6300048828125,225.6300048828125,226.08999633789062,225.6300048828125,226.0,3860.0
2024-10-25 10:34:00+00:00,APPN,32.459999084472656,32.459999084472656,32.459999084472656,32.459999084472656,32.459999084472656,789.0
2024-10-25 10:34:00+00:00,ARRY,6.530200004577637,6.530200004577637,6.565000057220459,6.5208001136779785,6.559999942779541,49066.0
2024-10-25 10:34:00+00:00,ASML,722.6400146484375,722.6400146484375,723.0800170898438,722.6400146484375,723.0800170898438,3142.0
2024-10-25 10:34:00+00:00,AUR,6.485000133514404,6.485000133514404,6.489999771118164,6.480000019073486,6.489999771118164,8357.0
2024-10-25 10:34:00+00:00,AVGO,175.37249755859375,175.37249755859375,175.57000732421875,175.2899932861328,175.47999572753906,44752.0
2024-10-25 10:34:00+00:00,AVPT,12.095000267028809,12.095000267028809,12.097000122070312,12.095000267028809,12.097000122070312,1289.0
2024-10-25 10:34:00+00:00,AXTI,2.680000066757202,2.680000066757202,2.680000066757202,2.680000066757202,2.680000066757202,200.0
2024-10-25 10:34:00+00:00,BAND,17.81999969482422,17.81999969482422,17.81999969482422,17.81999969482422,17.81999969482422,123.0
2024-10-25 10:34:00+00:00,BASE,16.530000686645508,16.530000686645508,16.530000686645508,16.530000686645508,16.530000686645508,307.0
2024-10-25 10:34:00+00:00,BIGC,5.363999843597412,5.363999843597412,5.363999843597412,5.363999843597412,5.363999843597412,386.0
2024-10-25 10:34:00+00:00,BLZE,7.269999980926514,7.269999980926514,7.269999980926514,7.269999980926514,7.269999980926514,800.0
2024-10-25 10:34:00+00:00,BMBL,7.295000076293945,7.295000076293945,7.295000076293945,7.289999961853027,7.289999961853027,949.0
2024-10-25 10:34:00+00:00,BSY,49.345001220703125,49.345001220703125,49.345001220703125,49.31010055541992,49.31010055541992,2198.0
2024-10-25 10:34:00+00:00,CAMT,78.51000213623047,78.51000213623047,78.51000213623047,78.41000366210938,78.41000366210938,1612.0
2024-10-25 10:34:00+00:00,CAN,1.0,1.0,1.00600004196167,1.0,1.0047999620437622,2406.0
2024-10-25 10:34:00+00:00,CDNS,259.8299865722656,259.8299865722656,259.8299865722656,259.6719970703125,259.7825012207031,2768.0
2024-10-25 10:34:00+00:00,CDW,219.89999389648438,219.89999389648438,220.06500244140625,219.89999389648438,220.00999450683594,3213.0
2024-10-25 10:34:00+00:00,CETX,0.2971999943256378,0.2971999943256378,0.2971999943256378,0.29600000381469727,0.29600000381469727,5062.0
2024-10-25 10:34:00+00:00,CEVA,24.200000762939453,24.200000762939453,24.229999542236328,24.200000762939453,24.229999542236328,739.0
2024-10-25 10:34:00+00:00,CFLT,22.450000762939453,22.450000762939453,22.46030044555664,22.450000762939453,22.46030044555664,3018.0
2024-10-25 10:34:00+00:00,CGNX,39.334999084472656,39.334999084472656,39.34000015258789,39.310001373291016,39.330501556396484,3492.0
2024-10-25 10:34:00+00:00,CHKP,208.11000061035156,208.11000061035156,208.11000061035156,208.11000061035156,208.11000061035156,439.0
2024-10-25 10:34:00+00:00,CLBT,18.219999313354492,18.219999313354492,18.220500946044922,18.219999313354492,18.220500946044922,518.0
2024-10-25 10:34:00+00:00,CLSK,12.145999908447266,12.145999908447266,12.19159984588623,12.101099967956543,12.180000305175781,114004.0
2024-10-25 10:34:00+00:00,CNDT,3.7200000286102295,3.7200000286102295,3.7249999046325684,3.7100000381469727,3.7249999046325684,16027.0
2024-10-25 10:34:00+00:00,CNXC,45.15610122680664,45.15610122680664,45.15610122680664,45.15610122680664,45.15610122680664,994.0
2024-10-25 10:34:00+00:00,COIN,212.74000549316406,212.74000549316406,213.26849365234375,212.5,213.26849365234375,18393.0
2024-10-25 10:34:00+00:00,COMM,6.480100154876709,6.480100154876709,6.480100154876709,6.479400157928467,6.480000019073486,4587.0
2024-10-25 10:34:00+00:00,CORZ,13.5649995803833,13.5649995803833,13.579899787902832,13.545000076293945,13.579899787902832,18827.0
2024-10-25 10:34:00+00:00,CRCT,6.559999942779541,6.559999942779541,6.559999942779541,6.559999942779541,6.559999942779541,435.0
2024-10-25 10:34:00+00:00,CRDO,39.65999984741211,39.65999984741211,39.70000076293945,39.65999984741211,39.65999984741211,1209.0
2024-10-25 10:34:00+00:00,CRNC,2.875,2.875,2.875,2.875,2.875,1399.0
2024-10-25 10:34:00+00:00,CRNT,2.469899892807007,2.469899892807007,2.469899892807007,2.469899892807007,2.469899892807007,17676.0
2024-10-25 10:34:00+00:00,CRWD,310.0899963378906,310.0899963378906,310.0899963378906,310.0899963378906,310.0899963378906,200.0
2024-10-25 10:34:00+00:00,CSCO,56.459999084472656,56.459999084472656,56.459999084472656,56.439998626708984,56.45500183105469,14396.0
2024-10-25 10:34:00+00:00,CSIQ,13.569999694824219,13.569999694824219,13.640000343322754,13.548500061035156,13.625,4368.0
2024-10-25 10:34:00+00:00,CTSH,75.23999786376953,75.23999786376953,75.23999786376953,75.18499755859375,75.19999694824219,26307.0
2024-10-25 10:34:00+00:00,CVLT,135.11500549316406,135.11500549316406,135.11500549316406,135.11500549316406,135.11500549316406,792.0
2024-10-25 10:34:00+00:00,DAVE,40.209999084472656,40.209999084472656,40.31919860839844,40.209999084472656,40.31919860839844,723.0
2024-10-25 10:34:00+00:00,DBX,26.104999542236328,26.104999542236328,26.104999542236328,26.104999542236328,26.104999542236328,328.0
2024-10-25 10:34:00+00:00,DDOG,127.15499877929688,127.15499877929688,127.15499877929688,127.00499725341797,127.00499725341797,6706.0
2024-10-25 10:34:00+00:00,DGHI,1.4292999505996704,1.4292999505996704,1.4292999505996704,1.4292999505996704,1.4292999505996704,2101.0
2024-10-25 10:34:00+00:00,DIOD,66.33000183105469,66.33000183105469,66.33000183105469,66.33000183105469,66.33000183105469,359.0
2024-10-25 10:34:00+00:00,DOCU,70.7699966430664,70.7699966430664,70.7699966430664,70.67500305175781,70.67500305175781,3084.0
2024-10-25 10:34:00+00:00,DOMO,8.050000190734863,8.050000190734863,8.050000190734863,8.045000076293945,8.050000190734863,1110.0
2024-10-25 10:34:00+00:00,DUOL,287.260009765625,287.260009765625,287.260009765625,286.62640380859375,286.62640380859375,969.0
2024-10-25 10:34:00+00:00,ELTK,10.449999809265137,10.449999809265137,10.449999809265137,10.449999809265137,10.449999809265137,0.0
2024-10-25 10:34:00+00:00,ENPH,82.13999938964844,82.13999938964844,82.20999908447266,82.04000091552734,82.20999908447266,7129.0
2024-10-25 10:34:00+00:00,ENTG,104.81999969482422,104.81999969482422,104.81999969482422,104.67500305175781,104.68000030517578,16704.0
2024-10-25 10:34:00+00:00,ERIC,8.514900207519531,8.514900207519531,8.51990032196045,8.5,8.505000114440918,224736.0
2024-10-25 10:34:00+00:00,EXTR,14.555000305175781,14.555000305175781,14.555000305175781,14.555000305175781,14.555000305175781,564.0
2024-10-25 10:34:00+00:00,FFIV,216.5800018310547,216.5800018310547,216.60000610351562,216.5800018310547,216.5800018310547,1561.0
2024-10-25 10:34:00+00:00,FIVN,30.6200008392334,30.6200008392334,30.700000762939453,30.6200008392334,30.68000030517578,6332.0
2024-10-25 10:34:00+00:00,FLEX,35.56999969482422,35.56999969482422,35.599998474121094,35.564998626708984,35.599998474121094,4709.0
2024-10-25 10:34:00+00:00,FLYW,17.59000015258789,17.59000015258789,17.600000381469727,17.59000015258789,17.600000381469727,735.0
2024-10-25 10:34:00+00:00,FROG,29.59000015258789,29.59000015258789,29.59000015258789,29.59000015258789,29.59000015258789,433.0
2024-10-25 10:34:00+00:00,FRSH,11.765000343322754,11.765000343322754,11.774999618530273,11.765000343322754,11.774999618530273,3581.0
2024-10-25 10:34:00+00:00,FSLR,199.70779418945312,199.70779418945312,199.70779418945312,199.2899932861328,199.5679931640625,4677.0
2024-10-25 10:34:00+00:00,FTCI,0.7001000046730042,0.7001000046730042,0.7039999961853027,0.7001000046730042,0.7039999961853027,3301.0
2024-10-25 10:34:00+00:00,FTNT,81.56999969482422,81.56999969482422,81.56999969482422,81.52999877929688,81.55989837646484,5238.0
2024-10-25 10:34:00+00:00,GCT,25.679100036621094,25.679100036621094,25.679100036621094,25.670000076293945,25.670000076293945,926.0
2024-10-25 10:34:00+00:00,GDS,21.742000579833984,21.742000579833984,21.742000579833984,21.709999084472656,21.709999084472656,522.0
2024-10-25 10:34:00+00:00,GFS,41.08000183105469,41.08000183105469,41.08000183105469,41.08000183105469,41.08000183105469,1206.0
2024-10-25 10:34:00+00:00,GPRO,1.3350000381469727,1.3350000381469727,1.340000033378601,1.3350000381469727,1.340000033378601,464.0
2024-10-25 10:34:00+00:00,GRAB,4.085000038146973,4.085000038146973,4.090000152587891,4.079999923706055,4.085000038146973,13620.0
2024-10-25 10:34:00+00:00,GSIT,3.2850000858306885,3.2850000858306885,3.2850000858306885,3.2850000858306885,3.2850000858306885,1500.0
2024-10-25 10:34:00+00:00,GTLB,55.81999969482422,55.81999969482422,55.81999969482422,55.81999969482422,55.81999969482422,274.0
2024-10-25 10:34:00+00:00,GVP,4.599999904632568,4.599999904632568,4.610000133514404,4.599999904632568,4.610000133514404,3788.0
2024-10-25 10:34:00+00:00,HCP,33.630001068115234,33.630001068115234,33.6349983215332,33.630001068115234,33.6349983215332,3426.0
2024-10-25 10:34:00+00:00,HIMX,6.204999923706055,6.204999923706055,6.204999923706055,6.204999923706055,6.204999923706055,200.0
2024-10-25 10:34:00+00:00,HLIT,14.90999984741211,14.90999984741211,14.90999984741211,14.890000343322754,14.890000343322754,2858.0
2024-10-25 10:34:00+00:00,HOLO,3.7899999618530273,3.7899999618530273,3.7950000762939453,3.7899999618530273,3.7899999618530273,4903.0
2024-10-25 10:34:00+00:00,HOOD,27.44499969482422,27.44499969482422,27.46500015258789,27.44499969482422,27.46500015258789,10267.0
2024-10-25 10:34:00+00:00,HTCR,1.100000023841858,1.100000023841858,1.100000023841858,1.100000023841858,1.100000023841858,337.0
2024-10-25 10:34:00+00:00,ICHR,27.709999084472656,27.709999084472656,27.709999084472656,27.709999084472656,27.709999084472656,559.0
2024-10-25 10:34:00+00:00,IMMR,8.805000305175781,8.805000305175781,8.819999694824219,8.805000305175781,8.8149995803833,5475.0
2024-10-25 10:34:00+00:00,IMXI,17.770000457763672,17.770000457763672,17.770000457763672,17.770000457763672,17.770000457763672,377.0
2024-10-25 10:34:00+00:00,INDI,3.5999999046325684,3.5999999046325684,3.5999999046325684,3.5950000286102295,3.5950000286102295,135265.0
2024-10-25 10:34:00+00:00,INFN,6.784999847412109,6.784999847412109,6.784999847412109,6.784999847412109,6.784999847412109,200.0
2024-10-25 10:34:00+00:00,INOD,20.229999542236328,20.229999542236328,20.334999084472656,20.229999542236328,20.334999084472656,1732.0
2024-10-25 10:34:00+00:00,INTA,50.27000045776367,50.27000045776367,50.27000045776367,50.2400016784668,50.2400016784668,485.0
2024-10-25 10:34:00+00:00,INTC,23.2450008392334,23.2450008392334,23.25,23.219999313354492,23.235000610351562,142099.0
2024-10-25 10:34:00+00:00,INTU,613.3499755859375,613.3499755859375,614.0050048828125,613.3499755859375,614.0050048828125,3208.0
2024-10-25 10:34:00+00:00,ITRI,103.72360229492188,103.72360229492188,103.7699966430664,103.72360229492188,103.7699966430664,597.0
2024-10-25 10:34:00+00:00,KARO,40.0,40.0,40.0,39.970001220703125,39.970001220703125,1612.0
2024-10-25 10:34:00+00:00,KC,2.744999885559082,2.744999885559082,2.744999885559082,2.744999885559082,2.744999885559082,607.0
2024-10-25 10:34:00+00:00,KLAC,678.6300048828125,678.6300048828125,679.8300170898438,678.6300048828125,679.8300170898438,2068.0
2024-10-25 10:34:00+00:00,KLIC,44.637001037597656,44.637001037597656,44.637001037597656,44.637001037597656,44.637001037597656,1667.0
2024-10-25 10:34:00+00:00,KOPN,0.7671999931335449,0.7671999931335449,0.7671999931335449,0.7594000101089478,0.7594000101089478,5523.0
2024-10-25 10:34:00+00:00,LASR,10.579999923706055,10.579999923706055,10.579999923706055,10.579999923706055,10.579999923706055,290.0
2024-10-25 10:34:00+00:00,LINK,4.5,4.5,4.649899959564209,4.5,4.56879997253418,18849.0
2024-10-25 10:34:00+00:00,LOGI,81.02999877929688,81.02999877929688,81.02999877929688,81.01000213623047,81.0199966430664,2772.0
2024-10-25 10:34:00+00:00,LPSN,1.2000000476837158,1.2000000476837158,1.2000000476837158,1.2000000476837158,1.2000000476837158,6223.0
2024-10-25 10:34:00+00:00,LRCX,79.20999908447266,79.20999908447266,79.2300033569336,79.1259994506836,79.16000366210938,41219.0
2024-10-25 10:34:00+00:00,LSAK,5.300000190734863,5.300000190734863,5.300000190734863,5.300000190734863,5.300000190734863,1700.0
2024-10-25 10:34:00+00:00,LSCC,54.560001373291016,54.560001373291016,54.70000076293945,54.560001373291016,54.70000076293945,4269.0
2024-10-25 10:34:00+00:00,LTRX,4.025000095367432,4.025000095367432,4.025000095367432,4.025000095367432,4.025000095367432,303.0
2024-10-25 10:34:00+00:00,LYFT,13.699899673461914,13.699899673461914,13.720000267028809,13.694999694824219,13.720000267028809,19267.0
2024-10-25 10:34:00+00:00,MANH,276.7349853515625,276.7349853515625,276.82501220703125,276.7349853515625,276.82501220703125,985.0
2024-10-25 10:34:00+00:00,MAXN,5.611700057983398,5.611700057983398,5.611700057983398,5.570000171661377,5.570000171661377,759.0
2024-10-25 10:34:00+00:00,MCHP,77.05000305175781,77.05000305175781,77.11000061035156,77.02999877929688,77.11000061035156,5188.0
2024-10-25 10:34:00+00:00,MDB,269.19000244140625,269.19000244140625,269.19000244140625,268.7300109863281,268.94000244140625,2773.0
2024-10-25 10:34:00+00:00,MKSI,100.94999694824219,100.94999694824219,101.01000213623047,100.94000244140625,101.01000213623047,2548.0
2024-10-25 10:34:00+00:00,MNDY,300.94500732421875,300.94500732421875,301.0299987792969,300.94500732421875,301.0299987792969,1866.0
2024-10-25 10:34:00+00:00,MPWR,915.5449829101562,915.5449829101562,916.7899169921875,915.5449829101562,915.760009765625,1317.0
2024-10-25 10:34:00+00:00,MQ,5.309999942779541,5.309999942779541,5.309999942779541,5.295000076293945,5.300000190734863,22937.0
2024-10-25 10:34:00+00:00,MRVL,83.03489685058594,83.03489685058594,83.16500091552734,83.02999877929688,83.16000366210938,20024.0
2024-10-25 10:34:00+00:00,MSFT,431.0799865722656,431.0799865722656,431.25,431.0450134277344,431.07501220703125,21314.0
2024-10-25 10:34:00+00:00,MSTR,242.30999755859375,242.30999755859375,242.9698944091797,241.7100067138672,242.8000030517578,65724.0
2024-10-25 10:34:00+00:00,MTSI,119.55999755859375,119.55999755859375,119.55999755859375,119.4375,119.4375,206.0
2024-10-25 10:34:00+00:00,MU,109.55580139160156,109.55580139160156,109.69000244140625,109.51000213623047,109.66100311279297,36254.0
2024-10-25 10:34:00+00:00,MVIS,1.1101000308990479,1.1101000308990479,1.1150000095367432,1.1101000308990479,1.1150000095367432,4273.0
2024-10-25 10:34:00+00:00,MXL,14.984999656677246,14.984999656677246,14.989999771118164,14.977999687194824,14.989999771118164,2876.0
2024-10-25 10:34:00+00:00,NCNO,38.380001068115234,38.380001068115234,38.380001068115234,38.369998931884766,38.369998931884766,918.0
2024-10-25 10:34:00+00:00,NEON,8.03499984741211,8.03499984741211,8.03499984741211,8.03499984741211,8.03499984741211,276.0
2024-10-25 10:34:00+00:00,NNDM,2.3450000286102295,2.3450000286102295,2.3450000286102295,2.3450000286102295,2.3450000286102295,181.0
2024-10-25 10:34:00+00:00,NSIT,211.9199981689453,211.9199981689453,212.16000366210938,211.9199981689453,212.16000366210938,295.0
2024-10-25 10:34:00+00:00,NTAP,120.43000030517578,120.43000030517578,120.52999877929688,120.43000030517578,120.52999877929688,1787.0
2024-10-25 10:34:00+00:00,NTCT,20.65999984741211,20.65999984741211,20.65999984741211,20.65999984741211,20.65999984741211,181.0
2024-10-25 10:34:00+00:00,NTGR,20.479000091552734,20.479000091552734,20.479999542236328,20.479000091552734,20.479999542236328,512.0
2024-10-25 10:34:00+00:00,NTNX,62.630001068115234,62.630001068115234,62.630001068115234,62.630001068115234,62.630001068115234,225.0
2024-10-25 10:34:00+00:00,NVDA,143.57400512695312,143.57400512695312,143.77999877929688,143.52999877929688,143.70989990234375,746727.0
2024-10-25 10:34:00+00:00,NVEI,33.525001525878906,33.525001525878906,33.525001525878906,33.525001525878906,33.525001525878906,400.0
2024-10-25 10:34:00+00:00,NVTS,2.6171000003814697,2.6171000003814697,2.619999885559082,2.609999895095825,2.609999895095825,5257.0
2024-10-25 10:34:00+00:00,NXPI,244.0449981689453,244.0449981689453,244.25,244.0449981689453,244.08999633789062,4031.0
2024-10-25 10:34:00+00:00,OKTA,72.87000274658203,72.87000274658203,72.87000274658203,72.86000061035156,72.86000061035156,1512.0
2024-10-25 10:34:00+00:00,OLED,203.8000030517578,203.8000030517578,203.8000030517578,203.8000030517578,203.8000030517578,991.0
2024-10-25 10:34:00+00:00,ON,71.91000366210938,71.91000366210938,72.04000091552734,71.88619995117188,72.0250015258789,15339.0
2024-10-25 10:34:00+00:00,OSIS,137.20159912109375,137.20159912109375,137.20159912109375,137.20159912109375,137.20159912109375,490.0
2024-10-25 10:34:00+00:00,OTEX,33.650001525878906,33.650001525878906,33.650001525878906,33.650001525878906,33.650001525878906,493.0
2024-10-25 10:34:00+00:00,PANW,371.1000061035156,371.1000061035156,371.4100036621094,370.8800048828125,371.17999267578125,7866.0
2024-10-25 10:34:00+00:00,PAYO,8.3149995803833,8.3149995803833,8.316499710083008,8.3100004196167,8.3100004196167,1785.0
2024-10-25 10:34:00+00:00,PAYS,3.7799999713897705,3.7799999713897705,3.7799999713897705,3.7799999713897705,3.7799999713897705,386.0
2024-10-25 10:34:00+00:00,PDFS,29.474000930786133,29.474000930786133,29.474000930786133,29.474000930786133,29.474000930786133,2193.0
2024-10-25 10:34:00+00:00,PEGA,81.15499877929688,81.15499877929688,81.15499877929688,81.05000305175781,81.12000274658203,3916.0
2024-10-25 10:34:00+00:00,PEGY,4.570000171661377,4.570000171661377,4.570000171661377,4.570000171661377,4.570000171661377,906.0
2024-10-25 10:34:00+00:00,PGY,11.880000114440918,11.880000114440918,11.880000114440918,11.880000114440918,11.880000114440918,200.0
2024-10-25 10:34:00+00:00,PHUN,9.505000114440918,9.505000114440918,9.520000457763672,9.460000038146973,9.502699851989746,56831.0
2024-10-25 10:34:00+00:00,PI,199.49000549316406,199.49000549316406,199.49000549316406,199.49000549316406,199.49000549316406,1519.0
2024-10-25 10:34:00+00:00,PLAB,23.690000534057617,23.690000534057617,23.690000534057617,23.690000534057617,23.690000534057617,252.0
2024-10-25 10:34:00+00:00,POET,4.0304999351501465,4.0304999351501465,4.039999961853027,4.019999980926514,4.019999980926514,4321.0
2024-10-25 10:34:00+00:00,POWI,63.31999969482422,63.31999969482422,63.345001220703125,63.31999969482422,63.345001220703125,1387.0
2024-10-25 10:34:00+00:00,PRTH,5.385000228881836,5.385000228881836,5.385000228881836,5.385000228881836,5.385000228881836,295.0
2024-10-25 10:34:00+00:00,PTC,186.49000549316406,186.49000549316406,186.49000549316406,186.49000549316406,186.49000549316406,689.0
2024-10-25 10:34:00+00:00,QCOM,172.3300018310547,172.3300018310547,172.48989868164062,172.27999877929688,172.48989868164062,5355.0
2024-10-25 10:34:00+00:00,QRVO,100.13999938964844,100.13999938964844,100.13999938964844,100.05999755859375,100.08000183105469,2098.0
2024-10-25 10:34:00+00:00,QUBT,1.1549999713897705,1.1549999713897705,1.1584999561309814,1.1549999713897705,1.1584999561309814,301.0
2024-10-25 10:34:00+00:00,RCAT,2.75,2.75,2.765000104904175,2.75,2.765000104904175,2276.0
2024-10-25 10:34:00+00:00,RDWR,22.459999084472656,22.459999084472656,22.459999084472656,22.450000762939453,22.450000762939453,863.0
2024-10-25 10:34:00+00:00,REKR,1.1050000190734863,1.1050000190734863,1.1050000190734863,1.1050000190734863,1.1050000190734863,400.0
2024-10-25 10:34:00+00:00,RELY,14.800000190734863,14.800000190734863,14.800000190734863,14.800000190734863,14.800000190734863,976.0
2024-10-25 10:34:00+00:00,RGTI,1.2899999618530273,1.2899999618530273,1.2949999570846558,1.2899999618530273,1.2903000116348267,8440.0
2024-10-25 10:34:00+00:00,RIOT,10.180000305175781,10.180000305175781,10.194999694824219,10.15999984741211,10.194999694824219,67116.0
2024-10-25 10:34:00+00:00,RMBS,42.939998626708984,42.939998626708984,42.959999084472656,42.939998626708984,42.959999084472656,1733.0
2024-10-25 10:34:00+00:00,RPD,39.52000045776367,39.52000045776367,39.54999923706055,39.5099983215332,39.5099983215332,1288.0
2024-10-25 10:34:00+00:00,RUM,5.7947001457214355,5.7947001457214355,5.800000190734863,5.789999961853027,5.789999961853027,5176.0
2024-10-25 10:34:00+00:00,RUN,14.520000457763672,14.520000457763672,14.529899597167969,14.494999885559082,14.520000457763672,23729.0
2024-10-25 10:34:00+00:00,SANM,68.0,68.0,68.0,68.0,68.0,758.0
2024-10-25 10:34:00+00:00,SEDG,15.729999542236328,15.729999542236328,15.760000228881836,15.710000038146973,15.757399559020996,12887.0
2024-10-25 10:34:00+00:00,SHLS,5.250100135803223,5.250100135803223,5.255000114440918,5.250100135803223,5.255000114440918,3662.0
2024-10-25 10:34:00+00:00,SKYT,10.614999771118164,10.614999771118164,10.614999771118164,10.614999771118164,10.614999771118164,234.0
2024-10-25 10:34:00+00:00,SLNH,4.309999942779541,4.309999942779541,4.309999942779541,4.20959997177124,4.20959997177124,3406.0
2024-10-25 10:34:00+00:00,SMCI,48.06999969482422,48.06999969482422,48.2400016784668,48.060001373291016,48.20000076293945,99336.0
2024-10-25 10:34:00+00:00,SMTC,45.689998626708984,45.689998626708984,45.689998626708984,45.619998931884766,45.619998931884766,894.0
2024-10-25 10:34:00+00:00,SNPS,507.010009765625,507.010009765625,507.1700134277344,507.010009765625,507.1700134277344,1439.0
2024-10-25 10:34:00+00:00,SONO,12.859999656677246,12.859999656677246,12.859999656677246,12.859999656677246,12.859999656677246,381.0
2024-10-25 10:34:00+00:00,SOUN,5.297399997711182,5.297399997711182,5.300000190734863,5.289999961853027,5.295000076293945,21048.0
2024-10-25 10:34:00+00:00,SPT,27.56999969482422,27.56999969482422,27.56999969482422,27.56999969482422,27.56999969482422,754.0
2024-10-25 10:34:00+00:00,SSNC,69.94499969482422,69.94499969482422,69.9749984741211,69.93000030517578,69.93000030517578,2604.0
2024-10-25 10:34:00+00:00,SSYS,7.159999847412109,7.159999847412109,7.159999847412109,7.159999847412109,7.159999847412109,136.0
2024-10-25 10:34:00+00:00,STNE,11.505000114440918,11.505000114440918,11.5600004196167,11.492899894714355,11.5600004196167,23153.0
2024-10-25 10:34:00+00:00,STX,104.7300033569336,104.7300033569336,104.91999816894531,104.7300033569336,104.91999816894531,2492.0
2024-10-25 10:34:00+00:00,SVRE,0.08380000293254852,0.08380000293254852,0.08380000293254852,0.08129999786615372,0.08320000022649765,28865.0
2024-10-25 10:34:00+00:00,SWKS,95.9000015258789,95.9000015258789,95.94000244140625,95.88500213623047,95.91999816894531,1757.0
2024-10-25 10:34:00+00:00,SYNA,73.2699966430664,73.2699966430664,73.2699966430664,73.2699966430664,73.2699966430664,249.0
2024-10-25 10:34:00+00:00,SYTA,1.2646000385284424,1.2646000385284424,1.2699999809265137,1.2599999904632568,1.2599999904632568,3504.0
2024-10-25 10:34:00+00:00,TEAM,191.5399932861328,191.5399932861328,191.5399932861328,191.38999938964844,191.38999938964844,3041.0
2024-10-25 10:34:00+00:00,TER,112.36000061035156,112.36000061035156,112.45999908447266,112.3499984741211,112.44999694824219,11210.0
2024-10-25 10:34:00+00:00,TRMB,61.20000076293945,61.20000076293945,61.224998474121094,61.20000076293945,61.209999084472656,1596.0
2024-10-25 10:34:00+00:00,TSEM,45.525001525878906,45.525001525878906,45.528499603271484,45.525001525878906,45.528499603271484,1017.0
2024-10-25 10:34:00+00:00,TTD,120.79000091552734,120.79000091552734,120.81999969482422,120.66999816894531,120.72000122070312,5248.0
2024-10-25 10:34:00+00:00,TTMI,19.634000778198242,19.634000778198242,19.645000457763672,19.634000778198242,19.645000457763672,812.0
2024-10-25 10:34:00+00:00,TWKS,4.449999809265137,4.449999809265137,4.454999923706055,4.449999809265137,4.449999809265137,4920.0
2024-10-25 10:34:00+00:00,TXN,209.8350067138672,209.8350067138672,209.92999267578125,209.7050018310547,209.8350067138672,9190.0
2024-10-25 10:34:00+00:00,UCTT,36.040000915527344,36.040000915527344,36.040000915527344,36.040000915527344,36.040000915527344,620.0
2024-10-25 10:34:00+00:00,VIAV,9.260000228881836,9.260000228881836,9.260000228881836,9.255000114440918,9.260000228881836,1097.0
2024-10-25 10:34:00+00:00,VICR,46.920101165771484,46.920101165771484,47.01499938964844,46.920101165771484,47.01499938964844,1666.0
2024-10-25 10:34:00+00:00,VMEO,4.760000228881836,4.760000228881836,4.760000228881836,4.75,4.755000114440918,614.0
2024-10-25 10:34:00+00:00,VRNS,57.119998931884766,57.119998931884766,57.16999816894531,57.119998931884766,57.16999816894531,1342.0
2024-10-25 10:34:00+00:00,VRNT,22.368999481201172,22.368999481201172,22.3799991607666,22.368999481201172,22.3799991607666,1461.0
2024-10-25 10:34:00+00:00,VRSN,188.07000732421875,188.07000732421875,188.07000732421875,188.05999755859375,188.05999755859375,1287.0
2024-10-25 10:34:00+00:00,VSAT,10.380000114440918,10.380000114440918,10.380000114440918,10.380000114440918,10.380000114440918,1139.0
2024-10-25 10:34:00+00:00,VUZI,1.3049999475479126,1.3049999475479126,1.3049999475479126,1.3049999475479126,1.3049999475479126,1000.0
2024-10-25 10:34:00+00:00,VVPR,0.7799999713897705,0.7799999713897705,0.7799999713897705,0.7799999713897705,0.7799999713897705,200.0
2024-10-25 10:34:00+00:00,WDAY,241.4499969482422,241.4499969482422,241.69000244140625,241.4499969482422,241.60000610351562,6250.0
2024-10-25 10:34:00+00:00,WDC,72.87000274658203,72.87000274658203,72.87000274658203,72.58000183105469,72.73999786376953,59221.0
2024-10-25 10:34:00+00:00,WISA,1.840000033378601,1.840000033378601,1.840000033378601,1.829699993133545,1.8300000429153442,1867.0
2024-10-25 10:34:00+00:00,WRAP,1.909999966621399,1.909999966621399,1.909999966621399,1.909999966621399,1.909999966621399,200.0
2024-10-25 10:34:00+00:00,XELA,1.9908000230789185,1.9908000230789185,1.9908000230789185,1.9908000230789185,1.9908000230789185,524.0
2024-10-25 10:34:00+00:00,XPER,9.414999961853027,9.414999961853027,9.414999961853027,9.414999961853027,9.414999961853027,694.0
2024-10-25 10:34:00+00:00,XRX,10.21500015258789,10.21500015258789,10.220000267028809,10.21500015258789,10.21500015258789,1160.0
2024-10-25 10:34:00+00:00,ZBRA,364.6700134277344,364.6700134277344,364.6700134277344,364.6099853515625,364.6099853515625,700.0
2024-10-25 10:34:00+00:00,ZI,10.635000228881836,10.635000228881836,10.635000228881836,10.635000228881836,10.635000228881836,1167.0
2024-10-25 10:34:00+00:00,ZM,73.30000305175781,73.30000305175781,73.31999969482422,73.29000091552734,73.31999969482422,6571.0
2024-10-25 10:34:00+00:00,ZS,186.91000366210938,186.91000366210938,187.10499572753906,186.91000366210938,187.03250122070312,4130.0
2024-10-25 10:35:00+00:00,AAOI,18.219999313354492,18.219999313354492,18.239999771118164,18.190000534057617,18.239999771118164,3569.0
2024-10-25 10:35:00+00:00,AAPL,232.64500427246094,232.64500427246094,232.66000366210938,232.44000244140625,232.4600067138672,110937.0
2024-10-25 10:35:00+00:00,ACMR,19.84000015258789,19.84000015258789,19.8700008392334,19.84000015258789,19.8700008392334,2458.0
2024-10-25 10:35:00+00:00,ADBE,488.1000061035156,488.1000061035156,488.3027038574219,487.3599853515625,487.67498779296875,7122.0
2024-10-25 10:35:00+00:00,ADI,233.90989685058594,233.90989685058594,233.90989685058594,233.8000030517578,233.8000030517578,1313.0
2024-10-25 10:35:00+00:00,ADSK,288.5199890136719,288.5199890136719,288.5199890136719,288.5199890136719,288.5199890136719,583.0
2024-10-25 10:35:00+00:00,ADTN,6.400000095367432,6.400000095367432,6.400000095367432,6.400000095367432,6.400000095367432,838.0
2024-10-25 10:35:00+00:00,AEHR,16.81999969482422,16.81999969482422,16.90999984741211,16.800100326538086,16.800100326538086,22132.0
2024-10-25 10:35:00+00:00,AFRM,41.869998931884766,41.869998931884766,41.928001403808594,41.869998931884766,41.928001403808594,7572.0
2024-10-25 10:35:00+00:00,AGYS,113.69999694824219,113.69999694824219,114.0,113.69999694824219,113.8499984741211,7510.0
2024-10-25 10:35:00+00:00,AKTS,0.05829999968409538,0.05829999968409538,0.05829999968409538,0.05829999968409538,0.05829999968409538,26316.0
2024-10-25 10:35:00+00:00,ALGM,22.690000534057617,22.690000534057617,22.700000762939453,22.65369987487793,22.674999237060547,5110.0
2024-10-25 10:35:00+00:00,ALKT,38.20199966430664,38.20199966430664,38.20199966430664,38.20199966430664,38.20199966430664,1276.0
2024-10-25 10:35:00+00:00,ALTR,106.0,106.0,106.02999877929688,106.0,106.02999877929688,809.0
2024-10-25 10:35:00+00:00,AMAT,188.66000366210938,188.66000366210938,188.69000244140625,188.50999450683594,188.50999450683594,7287.0
2024-10-25 10:35:00+00:00,AMD,157.94149780273438,157.94149780273438,158.08999633789062,157.91000366210938,157.94500732421875,53784.0
2024-10-25 10:35:00+00:00,AMKR,30.049999237060547,30.049999237060547,30.06999969482422,30.040000915527344,30.040000915527344,2298.0
2024-10-25 10:35:00+00:00,AMST,2.839900016784668,2.839900016784668,2.8399999141693115,2.839900016784668,2.8399999141693115,1544.0
2024-10-25 10:35:00+00:00,ANSS,327.1499938964844,327.1499938964844,327.1499938964844,327.1499938964844,327.1499938964844,485.0
2024-10-25 10:35:00+00:00,ANY,1.0800000429153442,1.0800000429153442,1.090000033378601,1.0800000429153442,1.090000033378601,14624.0
2024-10-25 10:35:00+00:00,API,2.694999933242798,2.694999933242798,2.700000047683716,2.694999933242798,2.694999933242798,5601.0
2024-10-25 10:35:00+00:00,APP,163.9196014404297,163.9196014404297,164.00999450683594,163.8000030517578,163.8000030517578,6060.0
2024-10-25 10:35:00+00:00,APPF,223.6280059814453,223.6280059814453,223.97999572753906,223.5500030517578,223.97999572753906,1506.0
2024-10-25 10:35:00+00:00,APPN,32.44200134277344,32.44200134277344,32.44200134277344,32.44200134277344,32.44200134277344,247.0
2024-10-25 10:35:00+00:00,APPS,3.1459999084472656,3.1459999084472656,3.1459999084472656,3.1449999809265137,3.1449999809265137,539.0
2024-10-25 10:35:00+00:00,ARBE,1.909999966621399,1.909999966621399,1.909999966621399,1.909999966621399,1.909999966621399,220.0
2024-10-25 10:35:00+00:00,ARQQ,7.670000076293945,7.670000076293945,7.670000076293945,7.599999904632568,7.599999904632568,1992.0
2024-10-25 10:35:00+00:00,ARRY,6.519999980926514,6.519999980926514,6.539999961853027,6.519999980926514,6.53249979019165,16893.0
2024-10-25 10:35:00+00:00,ASML,722.239990234375,722.239990234375,723.0700073242188,722.239990234375,722.9000244140625,4399.0
2024-10-25 10:35:00+00:00,ASNS,1.340000033378601,1.340000033378601,1.340000033378601,1.340000033378601,1.340000033378601,200.0
2024-10-25 10:35:00+00:00,AUR,6.489699840545654,6.489699840545654,6.489699840545654,6.485000133514404,6.485000133514404,3929.0
2024-10-25 10:35:00+00:00,AVDX,8.210000038146973,8.210000038146973,8.21500015258789,8.204999923706055,8.204999923706055,14778.0
2024-10-25 10:35:00+00:00,AVGO,175.4199981689453,175.4199981689453,175.4813995361328,175.30999755859375,175.36000061035156,32224.0
2024-10-25 10:35:00+00:00,AVPT,12.09000015258789,12.09000015258789,12.09000015258789,12.09000015258789,12.09000015258789,919.0
2024-10-25 10:35:00+00:00,BAND,17.850000381469727,17.850000381469727,17.850000381469727,17.850000381469727,17.850000381469727,208.0
2024-10-25 10:35:00+00:00,BASE,16.479999542236328,16.479999542236328,16.479999542236328,16.479999542236328,16.479999542236328,164.0
2024-10-25 10:35:00+00:00,BL,56.7599983215332,56.7599983215332,56.77000045776367,56.709999084472656,56.709999084472656,1485.0
2024-10-25 10:35:00+00:00,BLKB,86.29000091552734,86.29000091552734,86.29000091552734,86.29000091552734,86.29000091552734,433.0
2024-10-25 10:35:00+00:00,BLZE,7.255000114440918,7.255000114440918,7.255000114440918,7.255000114440918,7.255000114440918,887.0
2024-10-25 10:35:00+00:00,BRZE,31.065000534057617,31.065000534057617,31.065000534057617,31.065000534057617,31.065000534057617,230.0
2024-10-25 10:35:00+00:00,CAN,1.0,1.0,1.0098999738693237,1.0,1.0,1193.0
2024-10-25 10:35:00+00:00,CDNS,259.69500732421875,259.69500732421875,259.8299865722656,259.69000244140625,259.7950134277344,2605.0
2024-10-25 10:35:00+00:00,CDW,220.0019989013672,220.0019989013672,220.0019989013672,219.85000610351562,219.85000610351562,1207.0
2024-10-25 10:35:00+00:00,CETX,0.2955999970436096,0.2955999970436096,0.2955999970436096,0.2955999970436096,0.2955999970436096,2564.0
2024-10-25 10:35:00+00:00,CEVA,24.209999084472656,24.209999084472656,24.209999084472656,24.209999084472656,24.209999084472656,2062.0
2024-10-25 10:35:00+00:00,CFLT,22.4424991607666,22.4424991607666,22.44499969482422,22.440000534057617,22.44499969482422,1720.0
2024-10-25 10:35:00+00:00,CGNT,6.690000057220459,6.690000057220459,6.699999809265137,6.690000057220459,6.690000057220459,2011.0
2024-10-25 10:35:00+00:00,CGNX,39.314998626708984,39.314998626708984,39.34000015258789,39.314998626708984,39.32500076293945,2357.0
2024-10-25 10:35:00+00:00,CHKP,207.80499267578125,207.80499267578125,208.00999450683594,207.80499267578125,207.8699951171875,2649.0
2024-10-25 10:35:00+00:00,CLSK,12.050000190734863,12.050000190734863,12.145000457763672,12.029999732971191,12.145000457763672,94871.0
2024-10-25 10:35:00+00:00,CNXC,45.209999084472656,45.209999084472656,45.209999084472656,45.185001373291016,45.185001373291016,363.0
2024-10-25 10:35:00+00:00,COHR,96.66500091552734,96.66500091552734,96.66500091552734,96.66500091552734,96.66500091552734,188.0
2024-10-25 10:35:00+00:00,COIN,212.00010681152344,212.00010681152344,212.6300048828125,211.94000244140625,212.5,18380.0
2024-10-25 10:35:00+00:00,COMM,6.46999979019165,6.46999979019165,6.489699840545654,6.46999979019165,6.489699840545654,3615.0
2024-10-25 10:35:00+00:00,CORZ,13.510000228881836,13.510000228881836,13.5649995803833,13.510000228881836,13.5649995803833,15707.0
2024-10-25 10:35:00+00:00,CRCT,6.570000171661377,6.570000171661377,6.570000171661377,6.559999942779541,6.559999942779541,1105.0
2024-10-25 10:35:00+00:00,CRDO,39.63999938964844,39.63999938964844,39.688201904296875,39.63999938964844,39.650001525878906,4320.0
2024-10-25 10:35:00+00:00,CRNT,2.4700000286102295,2.4700000286102295,2.4700000286102295,2.4700000286102295,2.4700000286102295,0.0
2024-10-25 10:35:00+00:00,CRWD,309.7200012207031,309.7200012207031,310.1050109863281,309.7200012207031,309.9721984863281,6953.0
2024-10-25 10:35:00+00:00,CSCO,56.43989944458008,56.43989944458008,56.45819854736328,56.43000030517578,56.45500183105469,17431.0
2024-10-25 10:35:00+00:00,CSIQ,13.520099639892578,13.520099639892578,13.563799858093262,13.520000457763672,13.5600004196167,8664.0
2024-10-25 10:35:00+00:00,CTLP,9.11400032043457,9.11400032043457,9.119999885559082,9.11400032043457,9.119999885559082,903.0
2024-10-25 10:35:00+00:00,CTSH,75.26000213623047,75.26000213623047,75.26000213623047,75.2249984741211,75.23999786376953,2662.0
2024-10-25 10:35:00+00:00,DAIO,2.484999895095825,2.484999895095825,2.5,2.484999895095825,2.5,27.0
2024-10-25 10:35:00+00:00,DAVE,40.32500076293945,40.32500076293945,40.32500076293945,40.32500076293945,40.32500076293945,296.0
2024-10-25 10:35:00+00:00,DBX,26.104999542236328,26.104999542236328,26.104999542236328,26.100000381469727,26.104999542236328,1494.0
2024-10-25 10:35:00+00:00,DDOG,127.18000030517578,127.18000030517578,127.19999694824219,127.12999725341797,127.12999725341797,3253.0
2024-10-25 10:35:00+00:00,DGHI,1.4299999475479126,1.4299999475479126,1.4299999475479126,1.4299999475479126,1.4299999475479126,0.0
2024-10-25 10:35:00+00:00,DLO,8.82919979095459,8.82919979095459,8.82919979095459,8.82919979095459,8.82919979095459,152.0
2024-10-25 10:35:00+00:00,DOCU,70.75,70.75,70.76000213623047,70.75,70.76000213623047,2694.0
2024-10-25 10:35:00+00:00,DOMO,8.050000190734863,8.050000190734863,8.050000190734863,8.050000190734863,8.050000190734863,200.0
2024-10-25 10:35:00+00:00,DOX,90.13289642333984,90.13289642333984,90.13289642333984,90.13289642333984,90.13289642333984,420.0
2024-10-25 10:35:00+00:00,DTSS,2.449899911880493,2.449899911880493,2.450000047683716,2.449899911880493,2.450000047683716,245.0
2024-10-25 10:35:00+00:00,DUOL,287.1499938964844,287.1499938964844,287.1601867675781,287.1499938964844,287.1601867675781,261.0
2024-10-25 10:35:00+00:00,ENPH,82.1698989868164,82.1698989868164,82.1698989868164,82.05000305175781,82.13999938964844,3299.0
2024-10-25 10:35:00+00:00,ENTG,104.80000305175781,104.80000305175781,104.94999694824219,104.80000305175781,104.88500213623047,1399.0
2024-10-25 10:35:00+00:00,ERIC,8.514699935913086,8.514699935913086,8.515999794006348,8.510000228881836,8.510000228881836,75041.0
2024-10-25 10:35:00+00:00,EXTR,14.553000450134277,14.553000450134277,14.553000450134277,14.553000450134277,14.553000450134277,615.0
2024-10-25 10:35:00+00:00,FFIV,216.69000244140625,216.69000244140625,216.69000244140625,216.52999877929688,216.64999389648438,1943.0
2024-10-25 10:35:00+00:00,FIVN,30.6200008392334,30.6200008392334,30.6299991607666,30.6200008392334,30.6299991607666,989.0
2024-10-25 10:35:00+00:00,FLEX,35.58000183105469,35.58000183105469,35.584999084472656,35.56999969482422,35.56999969482422,3248.0
2024-10-25 10:35:00+00:00,FLYW,17.610000610351562,17.610000610351562,17.610000610351562,17.579999923706055,17.600000381469727,485.0
2024-10-25 10:35:00+00:00,FORM,45.43000030517578,45.43000030517578,45.439998626708984,45.43000030517578,45.43000030517578,1561.0
2024-10-25 10:35:00+00:00,FRSH,11.739999771118164,11.739999771118164,11.765000343322754,11.739999771118164,11.765000343322754,13650.0
2024-10-25 10:35:00+00:00,FSLR,199.47000122070312,199.47000122070312,199.5500030517578,199.47000122070312,199.5146026611328,2766.0
2024-10-25 10:35:00+00:00,FTCI,0.699999988079071,0.699999988079071,0.7010999917984009,0.699999988079071,0.699999988079071,6673.0
2024-10-25 10:35:00+00:00,FTNT,81.55989837646484,81.55989837646484,81.56999969482422,81.54000091552734,81.56999969482422,4335.0
2024-10-25 10:35:00+00:00,GCT,25.670000076293945,25.670000076293945,25.68400001525879,25.65999984741211,25.65999984741211,1468.0
2024-10-25 10:35:00+00:00,GDS,21.739999771118164,21.739999771118164,21.739999771118164,21.739999771118164,21.739999771118164,903.0
2024-10-25 10:35:00+00:00,GFS,41.08000183105469,41.08000183105469,41.08000183105469,41.029998779296875,41.05500030517578,2615.0
2024-10-25 10:35:00+00:00,GRAB,4.085000038146973,4.085000038146973,4.089900016784668,4.0817999839782715,4.085000038146973,23066.0
2024-10-25 10:35:00+00:00,GSIT,3.303100109100342,3.303100109100342,3.303100109100342,3.303100109100342,3.303100109100342,1450.0
2024-10-25 10:35:00+00:00,GTLB,55.827999114990234,55.827999114990234,55.83000183105469,55.75,55.81999969482422,2630.0
2024-10-25 10:35:00+00:00,GVP,4.610000133514404,4.610000133514404,4.610000133514404,4.610000133514404,4.610000133514404,446.0
2024-10-25 10:35:00+00:00,HCP,33.625,33.625,33.625,33.625,33.625,651.0
2024-10-25 10:35:00+00:00,HEAR,16.690000534057617,16.690000534057617,16.700000762939453,16.690000534057617,16.700000762939453,508.0
2024-10-25 10:35:00+00:00,HIMX,6.199999809265137,6.199999809265137,6.204999923706055,6.199999809265137,6.204999923706055,331.0
2024-10-25 10:35:00+00:00,HOLO,3.7850000858306885,3.7850000858306885,3.7899999618530273,3.7850000858306885,3.7899999618530273,2094.0
2024-10-25 10:35:00+00:00,HOOD,27.400800704956055,27.400800704956055,27.44499969482422,27.395000457763672,27.44499969482422,28896.0
2024-10-25 10:35:00+00:00,HTCR,1.0499999523162842,1.0499999523162842,1.059999942779541,1.0499999523162842,1.0499999523162842,8084.0
2024-10-25 10:35:00+00:00,IMMR,8.826000213623047,8.826000213623047,8.826000213623047,8.8100004196167,8.8100004196167,463.0
2024-10-25 10:35:00+00:00,INDI,3.615000009536743,3.615000009536743,3.615000009536743,3.6050000190734863,3.6050000190734863,4339.0
2024-10-25 10:35:00+00:00,INOD,20.190000534057617,20.190000534057617,20.229999542236328,20.190000534057617,20.229999542236328,246.0
2024-10-25 10:35:00+00:00,INTA,50.13999938964844,50.13999938964844,50.20000076293945,50.13999938964844,50.20000076293945,760.0
2024-10-25 10:35:00+00:00,INTC,23.29129981994629,23.29129981994629,23.299999237060547,23.241600036621094,23.2450008392334,339442.0
2024-10-25 10:35:00+00:00,JKHY,185.2899932861328,185.2899932861328,185.2899932861328,185.2899932861328,185.2899932861328,224.0
2024-10-25 10:35:00+00:00,KC,2.744999885559082,2.744999885559082,2.75,2.740000009536743,2.75,11587.0
2024-10-25 10:35:00+00:00,KLAC,679.2349853515625,679.2349853515625,679.89990234375,679.2349853515625,679.89990234375,530.0
2024-10-25 10:35:00+00:00,KPLT,8.795000076293945,8.795000076293945,8.795000076293945,8.795000076293945,8.795000076293945,220.0
2024-10-25 10:35:00+00:00,LINK,4.53000020980835,4.53000020980835,4.650000095367432,4.480999946594238,4.480999946594238,11176.0
2024-10-25 10:35:00+00:00,LITE,64.69999694824219,64.69999694824219,64.70999908447266,64.69999694824219,64.69999694824219,718.0
2024-10-25 10:35:00+00:00,LRCX,79.23999786376953,79.23999786376953,79.29989624023438,79.18000030517578,79.2020034790039,43262.0
2024-10-25 10:35:00+00:00,LSCC,54.599998474121094,54.599998474121094,54.599998474121094,54.58000183105469,54.58000183105469,1200.0
2024-10-25 10:35:00+00:00,LYFT,13.694999694824219,13.694999694824219,13.704999923706055,13.694999694824219,13.694999694824219,10839.0
2024-10-25 10:35:00+00:00,LYTS,16.367000579833984,16.367000579833984,16.367000579833984,16.367000579833984,16.367000579833984,963.0
2024-10-25 10:35:00+00:00,MANH,276.360107421875,276.360107421875,276.360107421875,276.360107421875,276.360107421875,753.0
2024-10-25 10:35:00+00:00,MAPS,0.8597999811172485,0.8597999811172485,0.8597999811172485,0.8597999811172485,0.8597999811172485,203.0
2024-10-25 10:35:00+00:00,MCHP,77.0999984741211,77.0999984741211,77.12000274658203,77.05000305175781,77.05000305175781,6394.0
2024-10-25 10:35:00+00:00,MITK,8.800000190734863,8.800000190734863,8.800000190734863,8.800000190734863,8.800000190734863,568.0
2024-10-25 10:35:00+00:00,MNDY,300.94500732421875,300.94500732421875,300.9825134277344,300.94500732421875,300.94500732421875,3020.0
2024-10-25 10:35:00+00:00,MPWR,916.469970703125,916.469970703125,916.469970703125,915.5449829101562,915.5449829101562,1323.0
2024-10-25 10:35:00+00:00,MQ,5.320000171661377,5.320000171661377,5.320000171661377,5.320000171661377,5.320000171661377,3199.0
2024-10-25 10:35:00+00:00,MRVL,83.04989624023438,83.04989624023438,83.16000366210938,83.02639770507812,83.05000305175781,15391.0
2024-10-25 10:35:00+00:00,MSFT,431.1300048828125,431.1300048828125,431.2099914550781,431.0,431.0799865722656,20519.0
2024-10-25 10:35:00+00:00,MSTR,242.0500030517578,242.0500030517578,242.4499969482422,240.75999450683594,242.13070678710938,92421.0
2024-10-25 10:35:00+00:00,MTSI,119.43499755859375,119.43499755859375,119.55000305175781,119.43000030517578,119.43000030517578,589.0
2024-10-25 10:35:00+00:00,MU,109.48999786376953,109.48999786376953,109.58989715576172,109.4800033569336,109.56500244140625,19881.0
2024-10-25 10:35:00+00:00,MXL,14.990799903869629,14.990799903869629,15.0,14.989999771118164,14.989999771118164,2977.0
2024-10-25 10:35:00+00:00,NCNO,38.38100051879883,38.38100051879883,38.38100051879883,38.380001068115234,38.380001068115234,679.0
2024-10-25 10:35:00+00:00,NEON,8.001999855041504,8.001999855041504,8.001999855041504,8.001999855041504,8.001999855041504,324.0
2024-10-25 10:35:00+00:00,NICE,177.09010314941406,177.09010314941406,177.09010314941406,177.09010314941406,177.09010314941406,148.0
2024-10-25 10:35:00+00:00,NNDM,2.3450000286102295,2.3450000286102295,2.3450000286102295,2.3450000286102295,2.3450000286102295,804.0
2024-10-25 10:35:00+00:00,NTAP,120.47000122070312,120.47000122070312,120.47000122070312,120.47000122070312,120.47000122070312,789.0
2024-10-25 10:35:00+00:00,NTNX,62.599998474121094,62.599998474121094,62.599998474121094,62.599998474121094,62.599998474121094,243.0
2024-10-25 10:35:00+00:00,NVDA,143.4600067138672,143.4600067138672,143.63999938964844,143.4199981689453,143.5749969482422,528723.0
2024-10-25 10:35:00+00:00,NVEI,33.525001525878906,33.525001525878906,33.529998779296875,33.525001525878906,33.529998779296875,256.0
2024-10-25 10:35:00+00:00,NVTS,2.6110999584198,2.6110999584198,2.619999885559082,2.609999895095825,2.6140999794006348,14141.0
2024-10-25 10:35:00+00:00,NXPI,244.22999572753906,244.22999572753906,244.35000610351562,244.1199951171875,244.1199951171875,2203.0
2024-10-25 10:35:00+00:00,OKTA,72.86000061035156,72.86000061035156,72.9000015258789,72.86000061035156,72.9000015258789,1061.0
2024-10-25 10:35:00+00:00,ON,71.93000030517578,71.93000030517578,71.94999694824219,71.86799621582031,71.91000366210938,31608.0
2024-10-25 10:35:00+00:00,OSIS,136.80999755859375,136.80999755859375,136.80999755859375,136.80999755859375,136.80999755859375,740.0
2024-10-25 10:35:00+00:00,OSPN,14.760000228881836,14.760000228881836,14.760000228881836,14.760000228881836,14.760000228881836,371.0
2024-10-25 10:35:00+00:00,OTEX,33.630001068115234,33.630001068115234,33.630001068115234,33.630001068115234,33.630001068115234,148.0
2024-10-25 10:35:00+00:00,PANW,371.1050109863281,371.1050109863281,371.1050109863281,371.0950012207031,371.0950012207031,825.0
2024-10-25 10:35:00+00:00,PAYO,8.300000190734863,8.300000190734863,8.3100004196167,8.300000190734863,8.3100004196167,3500.0
2024-10-25 10:35:00+00:00,PEGA,81.0250015258789,81.0250015258789,81.1698989868164,80.93499755859375,81.08000183105469,2782.0
2024-10-25 10:35:00+00:00,PEGY,4.606299877166748,4.606299877166748,4.606299877166748,4.606299877166748,4.606299877166748,1174.0
2024-10-25 10:35:00+00:00,PGY,11.869999885559082,11.869999885559082,11.885000228881836,11.869999885559082,11.885000228881836,2366.0
2024-10-25 10:35:00+00:00,PHUN,9.454999923706055,9.454999923706055,9.519200325012207,9.449999809265137,9.509900093078613,72386.0
2024-10-25 10:35:00+00:00,PLAB,23.719999313354492,23.719999313354492,23.719999313354492,23.719999313354492,23.719999313354492,109.0
2024-10-25 10:35:00+00:00,PLXS,143.6199951171875,143.6199951171875,144.1199951171875,143.50999450683594,144.1199951171875,1758.0
2024-10-25 10:35:00+00:00,PRCH,1.375,1.375,1.375,1.375,1.375,1016.0
2024-10-25 10:35:00+00:00,PTC,186.4499969482422,186.4499969482422,186.4499969482422,186.4499969482422,186.4499969482422,385.0
2024-10-25 10:35:00+00:00,PYCR,14.4399995803833,14.4399995803833,14.4399995803833,14.4399995803833,14.4399995803833,1428.0
2024-10-25 10:35:00+00:00,QCOM,172.3800048828125,172.3800048828125,172.4199981689453,172.3300018310547,172.3800048828125,4726.0
2024-10-25 10:35:00+00:00,QRVO,100.16999816894531,100.16999816894531,100.19000244140625,100.16999816894531,100.18000030517578,1708.0
2024-10-25 10:35:00+00:00,QUBT,1.1449999809265137,1.1449999809265137,1.1500999927520752,1.1399999856948853,1.1500999927520752,24473.0
2024-10-25 10:35:00+00:00,RCAT,2.759999990463257,2.759999990463257,2.759999990463257,2.759999990463257,2.759999990463257,200.0
2024-10-25 10:35:00+00:00,RDWR,22.493999481201172,22.493999481201172,22.493999481201172,22.493999481201172,22.493999481201172,635.0
2024-10-25 10:35:00+00:00,REKR,1.1050000190734863,1.1050000190734863,1.1050000190734863,1.1050000190734863,1.1050000190734863,0.0
2024-10-25 10:35:00+00:00,RELY,14.800000190734863,14.800000190734863,14.819999694824219,14.789999961853027,14.8100004196167,2483.0
2024-10-25 10:35:00+00:00,RGTI,1.2899999618530273,1.2899999618530273,1.2949999570846558,1.2899999618530273,1.2949999570846558,8044.0
2024-10-25 10:35:00+00:00,RIOT,10.119999885559082,10.119999885559082,10.175999641418457,10.100000381469727,10.175999641418457,71124.0
2024-10-25 10:35:00+00:00,RMBS,43.095001220703125,43.095001220703125,43.1150016784668,42.95000076293945,42.95000076293945,7736.0
2024-10-25 10:35:00+00:00,RPAY,7.65500020980835,7.65500020980835,7.65500020980835,7.65500020980835,7.65500020980835,368.0
2024-10-25 10:35:00+00:00,RPD,39.529998779296875,39.529998779296875,39.529998779296875,39.529998779296875,39.529998779296875,754.0
2024-10-25 10:35:00+00:00,RUM,5.804999828338623,5.804999828338623,5.804999828338623,5.795000076293945,5.795000076293945,1489.0
2024-10-25 10:35:00+00:00,RUN,14.479999542236328,14.479999542236328,14.510000228881836,14.479100227355957,14.510000228881836,19709.0
2024-10-25 10:35:00+00:00,SANM,68.06999969482422,68.06999969482422,68.06999969482422,68.06999969482422,68.06999969482422,789.0
2024-10-25 10:35:00+00:00,SATS,25.424999237060547,25.424999237060547,25.424999237060547,25.424999237060547,25.424999237060547,291.0
2024-10-25 10:35:00+00:00,SCSC,45.64500045776367,45.64500045776367,45.64500045776367,45.64500045776367,45.64500045776367,671.0
2024-10-25 10:35:00+00:00,SCWX,8.385000228881836,8.385000228881836,8.385000228881836,8.381199836730957,8.381199836730957,1474.0
2024-10-25 10:35:00+00:00,SEDG,15.75,15.75,15.765000343322754,15.75,15.75,2317.0
2024-10-25 10:35:00+00:00,SHLS,5.244999885559082,5.244999885559082,5.260000228881836,5.244999885559082,5.260000228881836,3785.0
2024-10-25 10:35:00+00:00,SIMO,57.15999984741211,57.15999984741211,57.17499923706055,57.15999984741211,57.17499923706055,416.0
2024-10-25 10:35:00+00:00,SKYT,10.59000015258789,10.59000015258789,10.59000015258789,10.59000015258789,10.59000015258789,1722.0
2024-10-25 10:35:00+00:00,SLNHP,12.59000015258789,12.59000015258789,12.59000015258789,12.59000015258789,12.59000015258789,200.0
2024-10-25 10:35:00+00:00,SMCI,47.849700927734375,47.849700927734375,48.09000015258789,47.830299377441406,48.08000183105469,165053.0
2024-10-25 10:35:00+00:00,SMTC,45.689998626708984,45.689998626708984,45.689998626708984,45.689998626708984,45.689998626708984,400.0
2024-10-25 10:35:00+00:00,SNCR,11.050000190734863,11.050000190734863,11.050000190734863,11.050000190734863,11.050000190734863,219.0
2024-10-25 10:35:00+00:00,SONO,12.890000343322754,12.890000343322754,12.899999618530273,12.869999885559082,12.869999885559082,4121.0
2024-10-25 10:35:00+00:00,SOUN,5.289999961853027,5.289999961853027,5.296000003814697,5.284999847412109,5.296000003814697,11273.0
2024-10-25 10:35:00+00:00,SPSC,181.55999755859375,181.55999755859375,182.13999938964844,181.55999755859375,182.13999938964844,1704.0
2024-10-25 10:35:00+00:00,SRAD,12.375,12.375,12.399999618530273,12.375,12.399999618530273,1642.0
2024-10-25 10:35:00+00:00,SSNC,70.04000091552734,70.04000091552734,70.04000091552734,69.94499969482422,69.94499969482422,7917.0
2024-10-25 10:35:00+00:00,STNE,11.494999885559082,11.494999885559082,11.510000228881836,11.489999771118164,11.505000114440918,4918.0
2024-10-25 10:35:00+00:00,STX,104.7699966430664,104.7699966430664,104.94000244140625,104.6449966430664,104.77999877929688,21575.0
2024-10-25 10:35:00+00:00,SVRE,0.08110000193119049,0.08110000193119049,0.08250000327825546,0.08110000193119049,0.08139999955892563,60217.0
2024-10-25 10:35:00+00:00,SWKS,95.9000015258789,95.9000015258789,95.9000015258789,95.875,95.87999725341797,3054.0
2024-10-25 10:35:00+00:00,SYNA,73.33499908447266,73.33499908447266,73.33499908447266,73.33499908447266,73.33499908447266,443.0
2024-10-25 10:35:00+00:00,TASK,11.99899959564209,11.99899959564209,11.99899959564209,11.99899959564209,11.99899959564209,166.0
2024-10-25 10:35:00+00:00,TENB,41.47999954223633,41.47999954223633,41.47999954223633,41.470001220703125,41.470001220703125,361.0
2024-10-25 10:35:00+00:00,TER,112.4000015258789,112.4000015258789,112.45999908447266,112.37000274658203,112.4000015258789,3678.0
2024-10-25 10:35:00+00:00,TRMB,61.220001220703125,61.220001220703125,61.2400016784668,61.220001220703125,61.22999954223633,3271.0
2024-10-25 10:35:00+00:00,TSAT,13.450200080871582,13.450200080871582,13.450200080871582,13.450200080871582,13.450200080871582,172.0
2024-10-25 10:35:00+00:00,TTD,120.7699966430664,120.7699966430664,120.83000183105469,120.7699966430664,120.83000183105469,1386.0
2024-10-25 10:35:00+00:00,TTEC,5.460000038146973,5.460000038146973,5.460000038146973,5.460000038146973,5.460000038146973,991.0
2024-10-25 10:35:00+00:00,TTMI,19.6299991607666,19.6299991607666,19.639999389648438,19.6299991607666,19.639999389648438,501.0
2024-10-25 10:35:00+00:00,TWKS,4.449999809265137,4.449999809265137,4.449999809265137,4.449999809265137,4.449999809265137,190.0
2024-10-25 10:35:00+00:00,TXN,209.7899932861328,209.7899932861328,209.9600067138672,209.7899932861328,209.83999633789062,4621.0
2024-10-25 10:35:00+00:00,UCTT,36.099998474121094,36.099998474121094,36.11000061035156,36.060001373291016,36.060001373291016,2262.0
2024-10-25 10:35:00+00:00,VECO,29.610000610351562,29.610000610351562,29.610000610351562,29.600000381469727,29.600000381469727,1574.0
2024-10-25 10:35:00+00:00,VIAV,9.255000114440918,9.255000114440918,9.255000114440918,9.255000114440918,9.255000114440918,1515.0
2024-10-25 10:35:00+00:00,VMEO,4.755000114440918,4.755000114440918,4.760000228881836,4.755000114440918,4.760000228881836,309.0
2024-10-25 10:35:00+00:00,VNET,3.434999942779541,3.434999942779541,3.434999942779541,3.434999942779541,3.434999942779541,275.0
2024-10-25 10:35:00+00:00,VRNS,57.04999923706055,57.04999923706055,57.119998931884766,57.04999923706055,57.119998931884766,2111.0
2024-10-25 10:35:00+00:00,VRNT,22.360000610351562,22.360000610351562,22.360000610351562,22.360000610351562,22.360000610351562,1934.0
2024-10-25 10:35:00+00:00,VRSN,187.9600067138672,187.9600067138672,188.02000427246094,187.9600067138672,187.9600067138672,1387.0
2024-10-25 10:35:00+00:00,VSAT,10.390000343322754,10.390000343322754,10.390000343322754,10.390000343322754,10.390000343322754,439.0
2024-10-25 10:35:00+00:00,VUZI,1.3049999475479126,1.3049999475479126,1.3049999475479126,1.3043999671936035,1.3043999671936035,1094.0
2024-10-25 10:35:00+00:00,VVPR,0.7850000262260437,0.7850000262260437,0.7850000262260437,0.7850000262260437,0.7850000262260437,2100.0
2024-10-25 10:35:00+00:00,WALDW,0.14800000190734863,0.14800000190734863,0.14800000190734863,0.14800000190734863,0.14800000190734863,1173.0
2024-10-25 10:35:00+00:00,WDAY,241.32000732421875,241.32000732421875,241.53990173339844,241.32000732421875,241.43499755859375,4070.0
2024-10-25 10:35:00+00:00,WDC,72.81999969482422,72.81999969482422,72.9000015258789,72.77999877929688,72.88999938964844,49072.0
2024-10-25 10:35:00+00:00,WISA,1.8350000381469727,1.8350000381469727,1.850000023841858,1.8350000381469727,1.840000033378601,1771.0
2024-10-25 10:35:00+00:00,WRAP,1.9049999713897705,1.9049999713897705,1.9049999713897705,1.9049999713897705,1.9049999713897705,10100.0
2024-10-25 10:35:00+00:00,XPER,9.420000076293945,9.420000076293945,9.420000076293945,9.420000076293945,9.420000076293945,318.0
2024-10-25 10:35:00+00:00,XRX,10.21500015258789,10.21500015258789,10.21500015258789,10.21500015258789,10.21500015258789,1178.0
2024-10-25 10:35:00+00:00,ZBRA,364.6600036621094,364.6600036621094,364.6600036621094,364.6600036621094,364.6600036621094,946.0
2024-10-25 10:35:00+00:00,ZI,10.635000228881836,10.635000228881836,10.635000228881836,10.635000228881836,10.635000228881836,990.0
2024-10-25 10:35:00+00:00,ZM,73.28500366210938,73.28500366210938,73.32990264892578,73.26000213623047,73.30999755859375,3567.0
2024-10-25 10:35:00+00:00,ZS,186.74000549316406,186.74000549316406,186.74000549316406,186.74000549316406,186.74000549316406,1076.0
2024-10-25 10:36:00+00:00,AAOI,18.190000534057617,18.190000534057617,18.209999084472656,18.139999389648438,18.17060089111328,4454.0
2024-10-25 10:36:00+00:00,AAPL,232.47000122070312,232.47000122070312,232.66000366210938,232.3699951171875,232.64999389648438,89038.0
2024-10-25 10:36:00+00:00,ACIW,49.470001220703125,49.470001220703125,49.4900016784668,49.470001220703125,49.4900016784668,1412.0
2024-10-25 10:36:00+00:00,ACLS,91.29000091552734,91.29000091552734,91.29000091552734,91.29000091552734,91.29000091552734,282.0
2024-10-25 10:36:00+00:00,ACMR,19.864999771118164,19.864999771118164,19.8700008392334,19.864999771118164,19.8700008392334,189.0
2024-10-25 10:36:00+00:00,ADBE,488.0799865722656,488.0799865722656,488.1300048828125,487.7900085449219,488.1300048828125,4272.0
2024-10-25 10:36:00+00:00,ADI,233.75999450683594,233.75999450683594,233.7899932861328,233.6199951171875,233.7899932861328,2985.0
2024-10-25 10:36:00+00:00,ADSK,288.5199890136719,288.5199890136719,288.5199890136719,288.3599853515625,288.3599853515625,2197.0
2024-10-25 10:36:00+00:00,AEHR,16.829999923706055,16.829999923706055,16.829999923706055,16.770000457763672,16.815200805664062,3725.0
2024-10-25 10:36:00+00:00,AEYE,23.281400680541992,23.281400680541992,23.281400680541992,23.281400680541992,23.281400680541992,1387.0
2024-10-25 10:36:00+00:00,AFRM,41.810001373291016,41.810001373291016,41.88999938964844,41.810001373291016,41.87990188598633,10021.0
2024-10-25 10:36:00+00:00,AGMH,1.8250000476837158,1.8250000476837158,1.8250000476837158,1.8250000476837158,1.8250000476837158,579.0
2024-10-25 10:36:00+00:00,AKAM,103.4000015258789,103.4000015258789,103.4000015258789,103.37999725341797,103.37999725341797,237.0
2024-10-25 10:36:00+00:00,AKTS,0.058400001376867294,0.058400001376867294,0.058400001376867294,0.05829999968409538,0.05829999968409538,33022.0
2024-10-25 10:36:00+00:00,ALGM,22.610000610351562,22.610000610351562,22.700000762939453,22.56999969482422,22.700000762939453,15762.0
2024-10-25 10:36:00+00:00,ALKT,38.189998626708984,38.189998626708984,38.189998626708984,38.189998626708984,38.189998626708984,226.0
2024-10-25 10:36:00+00:00,AMAT,188.78399658203125,188.78399658203125,188.78399658203125,188.5500030517578,188.6300048828125,5860.0
2024-10-25 10:36:00+00:00,AMD,157.9801025390625,157.9801025390625,158.0500030517578,157.85000610351562,157.9199981689453,67877.0
2024-10-25 10:36:00+00:00,AMKR,30.049999237060547,30.049999237060547,30.049999237060547,30.030000686645508,30.030000686645508,556.0
2024-10-25 10:36:00+00:00,ANY,1.090000033378601,1.090000033378601,1.090000033378601,1.090000033378601,1.090000033378601,3127.0
2024-10-25 10:36:00+00:00,API,2.734999895095825,2.734999895095825,2.740000009536743,2.694999933242798,2.694999933242798,15256.0
2024-10-25 10:36:00+00:00,APP,163.92999267578125,163.92999267578125,163.9499969482422,163.69009399414062,163.89500427246094,7067.0
2024-10-25 10:36:00+00:00,APPF,223.30999755859375,223.30999755859375,223.30999755859375,223.30999755859375,223.30999755859375,1230.0
2024-10-25 10:36:00+00:00,APPN,32.47999954223633,32.47999954223633,32.47999954223633,32.47999954223633,32.47999954223633,1017.0
2024-10-25 10:36:00+00:00,APPS,3.1449999809265137,3.1449999809265137,3.1449999809265137,3.1449999809265137,3.1449999809265137,927.0
2024-10-25 10:36:00+00:00,ARRY,6.5,6.5,6.525000095367432,6.490600109100342,6.525000095367432,15808.0
2024-10-25 10:36:00+00:00,ASML,722.2786865234375,722.2786865234375,722.2786865234375,721.760009765625,722.0465087890625,3713.0
2024-10-25 10:36:00+00:00,AUR,6.46999979019165,6.46999979019165,6.485000133514404,6.46999979019165,6.485000133514404,11413.0
2024-10-25 10:36:00+00:00,AVDX,8.199999809265137,8.199999809265137,8.199999809265137,8.199999809265137,8.199999809265137,951.0
2024-10-25 10:36:00+00:00,AVGO,175.5500030517578,175.5500030517578,175.56260681152344,175.32000732421875,175.38999938964844,28725.0
2024-10-25 10:36:00+00:00,AVPT,12.09000015258789,12.09000015258789,12.09000015258789,12.09000015258789,12.09000015258789,310.0
2024-10-25 10:36:00+00:00,AXTI,2.690000057220459,2.690000057220459,2.690000057220459,2.684000015258789,2.684000015258789,4786.0
2024-10-25 10:36:00+00:00,AZPN,237.75999450683594,237.75999450683594,237.8699951171875,237.75999450683594,237.8699951171875,844.0
2024-10-25 10:36:00+00:00,BASE,16.514999389648438,16.514999389648438,16.514999389648438,16.514999389648438,16.514999389648438,184.0
2024-10-25 10:36:00+00:00,BEEM,4.853499889373779,4.853499889373779,4.853499889373779,4.853499889373779,4.853499889373779,664.0
2024-10-25 10:36:00+00:00,BIGC,5.364999771118164,5.364999771118164,5.364999771118164,5.364999771118164,5.364999771118164,218.0
2024-10-25 10:36:00+00:00,BLKB,86.26000213623047,86.26000213623047,86.26000213623047,86.26000213623047,86.26000213623047,113.0
2024-10-25 10:36:00+00:00,BMBL,7.284999847412109,7.284999847412109,7.289999961853027,7.284999847412109,7.289999961853027,2071.0
2024-10-25 10:36:00+00:00,BRZE,31.079999923706055,31.079999923706055,31.09000015258789,31.079999923706055,31.09000015258789,740.0
2024-10-25 10:36:00+00:00,CAN,1.0,1.0,1.0098999738693237,1.0,1.0049999952316284,1287.0
2024-10-25 10:36:00+00:00,CDNS,259.6600036621094,259.6600036621094,259.79998779296875,259.489990234375,259.79998779296875,5679.0
2024-10-25 10:36:00+00:00,CETX,0.296999990940094,0.296999990940094,0.296999990940094,0.296999990940094,0.296999990940094,1001.0
2024-10-25 10:36:00+00:00,CFLT,22.450000762939453,22.450000762939453,22.450000762939453,22.44499969482422,22.44499969482422,2971.0
2024-10-25 10:36:00+00:00,CGNX,39.279998779296875,39.279998779296875,39.314998626708984,39.279998779296875,39.310001373291016,1685.0
2024-10-25 10:36:00+00:00,CHKP,207.80499267578125,207.80499267578125,207.80499267578125,207.80499267578125,207.80499267578125,672.0
2024-10-25 10:36:00+00:00,CLBT,18.219999313354492,18.219999313354492,18.219999313354492,18.219999313354492,18.219999313354492,496.0
2024-10-25 10:36:00+00:00,CLSK,12.069000244140625,12.069000244140625,12.100000381469727,12.04520034790039,12.050000190734863,91157.0
2024-10-25 10:36:00+00:00,CNDT,3.7200000286102295,3.7200000286102295,3.7200000286102295,3.7149999141693115,3.7149999141693115,1582.0
2024-10-25 10:36:00+00:00,CNXC,45.185001373291016,45.185001373291016,45.185001373291016,45.185001373291016,45.185001373291016,195.0
2024-10-25 10:36:00+00:00,COHR,96.66500091552734,96.66500091552734,96.66500091552734,96.66500091552734,96.66500091552734,336.0
2024-10-25 10:36:00+00:00,COIN,211.74000549316406,211.74000549316406,212.1999969482422,211.74000549316406,212.1699981689453,17879.0
2024-10-25 10:36:00+00:00,COMM,6.464000225067139,6.464000225067139,6.46999979019165,6.458099842071533,6.46019983291626,6150.0
2024-10-25 10:36:00+00:00,CORZ,13.425000190734863,13.425000190734863,13.510000228881836,13.40999984741211,13.510000228881836,38581.0
2024-10-25 10:36:00+00:00,CRCT,6.570000171661377,6.570000171661377,6.579999923706055,6.570000171661377,6.579999923706055,2064.0
2024-10-25 10:36:00+00:00,CRDO,39.57500076293945,39.57500076293945,39.63999938964844,39.57500076293945,39.63999938964844,2333.0
2024-10-25 10:36:00+00:00,CRUS,122.95500183105469,122.95500183105469,122.95500183105469,122.81999969482422,122.81999969482422,677.0
2024-10-25 10:36:00+00:00,CRWD,310.25,310.25,310.260009765625,309.7200012207031,309.7200012207031,2835.0
2024-10-25 10:36:00+00:00,CSCO,56.404998779296875,56.404998779296875,56.43000030517578,56.400001525878906,56.43000030517578,13152.0
2024-10-25 10:36:00+00:00,CSGS,47.93000030517578,47.93000030517578,47.93000030517578,47.93000030517578,47.93000030517578,103.0
2024-10-25 10:36:00+00:00,CSIQ,13.43120002746582,13.43120002746582,13.529999732971191,13.43120002746582,13.529999732971191,31889.0
2024-10-25 10:36:00+00:00,CTLP,9.109999656677246,9.109999656677246,9.109999656677246,9.109999656677246,9.109999656677246,978.0
2024-10-25 10:36:00+00:00,CTSH,75.27999877929688,75.27999877929688,75.27999877929688,75.25990295410156,75.25990295410156,1201.0
2024-10-25 10:36:00+00:00,CYBR,295.6300048828125,295.6300048828125,295.6300048828125,295.6300048828125,295.6300048828125,344.0
2024-10-25 10:36:00+00:00,DAVE,40.16999816894531,40.16999816894531,40.16999816894531,40.16999816894531,40.16999816894531,123.0
2024-10-25 10:36:00+00:00,DBX,26.104999542236328,26.104999542236328,26.104999542236328,26.100000381469727,26.104999542236328,1292.0
2024-10-25 10:36:00+00:00,DDOG,127.18000030517578,127.18000030517578,127.20999908447266,127.0999984741211,127.16000366210938,7017.0
2024-10-25 10:36:00+00:00,DGHI,1.4220000505447388,1.4220000505447388,1.4220000505447388,1.4220000505447388,1.4220000505447388,1000.0
2024-10-25 10:36:00+00:00,DOCU,70.77999877929688,70.77999877929688,70.80000305175781,70.73999786376953,70.75,7348.0
2024-10-25 10:36:00+00:00,DOMO,8.050000190734863,8.050000190734863,8.050000190734863,8.050000190734863,8.050000190734863,87.0
2024-10-25 10:36:00+00:00,DUOL,287.1449890136719,287.1449890136719,287.1449890136719,287.1449890136719,287.1449890136719,1080.0
2024-10-25 10:36:00+00:00,DUOT,4.079999923706055,4.079999923706055,4.079999923706055,4.079999923706055,4.079999923706055,2904.0
2024-10-25 10:36:00+00:00,EEFT,102.12000274658203,102.12000274658203,102.12000274658203,102.12000274658203,102.12000274658203,733.0
2024-10-25 10:36:00+00:00,ENPH,82.02189636230469,82.02189636230469,82.12999725341797,82.0,82.12999725341797,5526.0
2024-10-25 10:36:00+00:00,ENTG,104.73999786376953,104.73999786376953,104.79000091552734,104.73999786376953,104.79000091552734,1020.0
2024-10-25 10:36:00+00:00,ERIC,8.510100364685059,8.510100364685059,8.515000343322754,8.510000228881836,8.515000343322754,31987.0
2024-10-25 10:36:00+00:00,EXFY,1.725000023841858,1.725000023841858,1.725000023841858,1.725000023841858,1.725000023841858,2170.0
2024-10-25 10:36:00+00:00,EXLS,39.209999084472656,39.209999084472656,39.209999084472656,39.209999084472656,39.209999084472656,1965.0
2024-10-25 10:36:00+00:00,EXTR,14.555000305175781,14.555000305175781,14.555000305175781,14.539999961853027,14.550000190734863,1928.0
2024-10-25 10:36:00+00:00,FCUV,0.2556000053882599,0.2556000053882599,0.2556000053882599,0.2533000111579895,0.2556000053882599,1448.0
2024-10-25 10:36:00+00:00,FIVN,30.600000381469727,30.600000381469727,30.600000381469727,30.600000381469727,30.600000381469727,1021.0
2024-10-25 10:36:00+00:00,FLEX,35.56999969482422,35.56999969482422,35.56999969482422,35.56999969482422,35.56999969482422,1468.0
2024-10-25 10:36:00+00:00,FLYW,17.59000015258789,17.59000015258789,17.59000015258789,17.59000015258789,17.59000015258789,502.0
2024-10-25 10:36:00+00:00,FRGT,1.9098999500274658,1.9098999500274658,1.9098999500274658,1.9098999500274658,1.9098999500274658,186.0
2024-10-25 10:36:00+00:00,FROG,29.559999465942383,29.559999465942383,29.559999465942383,29.559999465942383,29.559999465942383,724.0
2024-10-25 10:36:00+00:00,FRSH,11.734999656677246,11.734999656677246,11.739999771118164,11.734999656677246,11.739999771118164,3156.0
2024-10-25 10:36:00+00:00,FSLR,199.39999389648438,199.39999389648438,199.43020629882812,199.32000732421875,199.3800048828125,2227.0
2024-10-25 10:36:00+00:00,FTCI,0.7010999917984009,0.7010999917984009,0.7010999917984009,0.7010999917984009,0.7010999917984009,593.0
2024-10-25 10:36:00+00:00,FTNT,81.66500091552734,81.66500091552734,81.66500091552734,81.58000183105469,81.58000183105469,7180.0
2024-10-25 10:36:00+00:00,GCT,25.645000457763672,25.645000457763672,25.68000030517578,25.6299991607666,25.65999984741211,3196.0
2024-10-25 10:36:00+00:00,GDS,21.770000457763672,21.770000457763672,21.770000457763672,21.770000457763672,21.770000457763672,1025.0
2024-10-25 10:36:00+00:00,GDYN,15.699999809265137,15.699999809265137,15.699999809265137,15.699999809265137,15.699999809265137,626.0
2024-10-25 10:36:00+00:00,GFS,41.11000061035156,41.11000061035156,41.11000061035156,41.06999969482422,41.09989929199219,3842.0
2024-10-25 10:36:00+00:00,GPRO,1.340000033378601,1.340000033378601,1.340000033378601,1.340000033378601,1.340000033378601,153.0
2024-10-25 10:36:00+00:00,GRAB,4.082499980926514,4.082499980926514,4.085000038146973,4.082499980926514,4.082499980926514,22181.0
2024-10-25 10:36:00+00:00,GRRR,4.614299774169922,4.614299774169922,4.619999885559082,4.614299774169922,4.614999771118164,1166.0
2024-10-25 10:36:00+00:00,GTLB,55.84000015258789,55.84000015258789,55.84000015258789,55.84000015258789,55.84000015258789,765.0
2024-10-25 10:36:00+00:00,HCP,33.622501373291016,33.622501373291016,33.62900161743164,33.622501373291016,33.625,5238.0
2024-10-25 10:36:00+00:00,HIMX,6.199999809265137,6.199999809265137,6.199999809265137,6.199999809265137,6.199999809265137,840.0
2024-10-25 10:36:00+00:00,HLIT,14.864999771118164,14.864999771118164,14.880000114440918,14.864999771118164,14.880000114440918,1540.0
2024-10-25 10:36:00+00:00,HOLO,3.7799999713897705,3.7799999713897705,3.7880001068115234,3.7799999713897705,3.7850000858306885,4043.0
2024-10-25 10:36:00+00:00,HOOD,27.354000091552734,27.354000091552734,27.405000686645508,27.34000015258789,27.405000686645508,16584.0
2024-10-25 10:36:00+00:00,IMMR,8.829999923706055,8.829999923706055,8.829999923706055,8.829999923706055,8.829999923706055,145.0
2024-10-25 10:36:00+00:00,INDI,3.6050000190734863,3.6050000190734863,3.619999885559082,3.6050000190734863,3.615000009536743,73693.0
2024-10-25 10:36:00+00:00,INFN,6.784999847412109,6.784999847412109,6.784999847412109,6.784999847412109,6.784999847412109,290.0
2024-10-25 10:36:00+00:00,INOD,20.190000534057617,20.190000534057617,20.190000534057617,20.190000534057617,20.190000534057617,811.0
2024-10-25 10:36:00+00:00,INSG,19.82309913635254,19.82309913635254,19.82309913635254,19.82309913635254,19.82309913635254,252.0
2024-10-25 10:36:00+00:00,INTC,23.309900283813477,23.309900283813477,23.33989906311035,23.290000915527344,23.290000915527344,395830.0
2024-10-25 10:36:00+00:00,INTU,613.72998046875,613.72998046875,613.72998046875,613.3499755859375,613.3499755859375,4580.0
2024-10-25 10:36:00+00:00,ITRN,27.221200942993164,27.221200942993164,27.221200942993164,27.221200942993164,27.221200942993164,1093.0
2024-10-25 10:36:00+00:00,KC,2.744999885559082,2.744999885559082,2.744999885559082,2.740000009536743,2.740000009536743,2237.0
2024-10-25 10:36:00+00:00,KLAC,678.4876098632812,678.4876098632812,678.4876098632812,678.3400268554688,678.3400268554688,631.0
2024-10-25 10:36:00+00:00,KOPN,0.7631000280380249,0.7631000280380249,0.7631000280380249,0.7631000280380249,0.7631000280380249,300.0
2024-10-25 10:36:00+00:00,LINK,4.539999961853027,4.539999961853027,4.570000171661377,4.534999847412109,4.570000171661377,4534.0
2024-10-25 10:36:00+00:00,LITE,64.69000244140625,64.69000244140625,64.69000244140625,64.69000244140625,64.69000244140625,281.0
2024-10-25 10:36:00+00:00,LOGI,81.0199966430664,81.0199966430664,81.0199966430664,81.0199966430664,81.0199966430664,402.0
2024-10-25 10:36:00+00:00,LRCX,79.3949966430664,79.3949966430664,79.41000366210938,79.25,79.25,42915.0
2024-10-25 10:36:00+00:00,LSCC,54.56999969482422,54.56999969482422,54.61000061035156,54.54999923706055,54.599998474121094,1525.0
2024-10-25 10:36:00+00:00,LTRX,4.02400016784668,4.02400016784668,4.02400016784668,4.02400016784668,4.02400016784668,564.0
2024-10-25 10:36:00+00:00,LYFT,13.694999694824219,13.694999694824219,13.699700355529785,13.694999694824219,13.694999694824219,2125.0
2024-10-25 10:36:00+00:00,MCHP,77.08999633789062,77.08999633789062,77.0999984741211,77.06999969482422,77.08000183105469,4796.0
2024-10-25 10:36:00+00:00,MDB,269.0799865722656,269.0799865722656,269.0799865722656,268.822509765625,268.9800109863281,2760.0
2024-10-25 10:36:00+00:00,MGIC,11.221500396728516,11.221500396728516,11.221500396728516,11.221500396728516,11.221500396728516,347.0
2024-10-25 10:36:00+00:00,MIND,3.5,3.5,3.5,3.5,3.5,200.0
2024-10-25 10:36:00+00:00,MITK,8.800000190734863,8.800000190734863,8.800000190734863,8.800000190734863,8.800000190734863,745.0
2024-10-25 10:36:00+00:00,MNDY,300.9150085449219,300.9150085449219,300.9150085449219,300.9150085449219,300.9150085449219,912.0
2024-10-25 10:36:00+00:00,MQ,5.324999809265137,5.324999809265137,5.329999923706055,5.320000171661377,5.320000171661377,6018.0
2024-10-25 10:36:00+00:00,MRAM,6.21999979019165,6.21999979019165,6.21999979019165,6.210000038146973,6.219799995422363,2972.0
2024-10-25 10:36:00+00:00,MRVL,83.05999755859375,83.05999755859375,83.06800079345703,82.98999786376953,83.05000305175781,10474.0
2024-10-25 10:36:00+00:00,MSFT,431.05999755859375,431.05999755859375,431.1300048828125,430.8500061035156,431.125,26744.0
2024-10-25 10:36:00+00:00,MSTR,242.11000061035156,242.11000061035156,242.43609619140625,241.72279357910156,241.97999572753906,64065.0
2024-10-25 10:36:00+00:00,MTTR,4.65500020980835,4.65500020980835,4.659999847412109,4.65500020980835,4.659999847412109,2374.0
2024-10-25 10:36:00+00:00,MU,109.54000091552734,109.54000091552734,109.55000305175781,109.4000015258789,109.51000213623047,26950.0
2024-10-25 10:36:00+00:00,MXL,15.0,15.0,15.0,14.989999771118164,15.0,4772.0
2024-10-25 10:36:00+00:00,NCNO,38.36790084838867,38.36790084838867,38.380001068115234,38.36000061035156,38.380001068115234,2358.0
2024-10-25 10:36:00+00:00,NICE,177.4499969482422,177.4499969482422,177.4499969482422,177.4499969482422,177.4499969482422,267.0
2024-10-25 10:36:00+00:00,NSIT,212.24000549316406,212.24000549316406,212.24000549316406,212.24000549316406,212.24000549316406,151.0
2024-10-25 10:36:00+00:00,NTAP,120.45500183105469,120.45500183105469,120.45500183105469,120.41000366210938,120.43000030517578,1618.0
2024-10-25 10:36:00+00:00,NTCT,20.639999389648438,20.639999389648438,20.639999389648438,20.639999389648438,20.639999389648438,916.0
2024-10-25 10:36:00+00:00,NTGR,20.510000228881836,20.510000228881836,20.510000228881836,20.510000228881836,20.510000228881836,250.0
2024-10-25 10:36:00+00:00,NVDA,143.531005859375,143.531005859375,143.5500030517578,143.4199981689453,143.4499969482422,430772.0
2024-10-25 10:36:00+00:00,NVEI,33.529998779296875,33.529998779296875,33.529998779296875,33.529998779296875,33.529998779296875,535.0
2024-10-25 10:36:00+00:00,NVTS,2.615000009536743,2.615000009536743,2.619999885559082,2.6110999584198,2.619999885559082,8495.0
2024-10-25 10:36:00+00:00,NXPI,244.2100067138672,244.2100067138672,244.32000732421875,244.14999389648438,244.32000732421875,3397.0
2024-10-25 10:36:00+00:00,OKTA,72.87460327148438,72.87460327148438,72.88500213623047,72.87460327148438,72.88500213623047,2772.0
2024-10-25 10:36:00+00:00,ON,71.8949966430664,71.8949966430664,71.93499755859375,71.84500122070312,71.9000015258789,13706.0
2024-10-25 10:36:00+00:00,ONDS,0.8899999856948853,0.8899999856948853,0.8949000239372253,0.8899999856948853,0.8949000239372253,1103.0
2024-10-25 10:36:00+00:00,OSIS,136.99000549316406,136.99000549316406,136.99000549316406,136.99000549316406,136.99000549316406,2159.0
2024-10-25 10:36:00+00:00,OTEX,33.630001068115234,33.630001068115234,33.630001068115234,33.630001068115234,33.630001068115234,2247.0
2024-10-25 10:36:00+00:00,PANW,372.1300048828125,372.1300048828125,372.1300048828125,371.1000061035156,371.1000061035156,21561.0
2024-10-25 10:36:00+00:00,PAYO,8.305000305175781,8.305000305175781,8.305000305175781,8.305000305175781,8.305000305175781,871.0
2024-10-25 10:36:00+00:00,PCTY,173.83999633789062,173.83999633789062,173.83999633789062,173.83999633789062,173.83999633789062,139.0
2024-10-25 10:36:00+00:00,PEGA,80.9000015258789,80.9000015258789,81.13259887695312,80.9000015258789,81.13259887695312,1839.0
2024-10-25 10:36:00+00:00,PEGY,4.526199817657471,4.526199817657471,4.570099830627441,4.519999980926514,4.570099830627441,1231.0
2024-10-25 10:36:00+00:00,PGY,11.859999656677246,11.859999656677246,11.859999656677246,11.84000015258789,11.84000015258789,5112.0
2024-10-25 10:36:00+00:00,PHUN,9.309700012207031,9.309700012207031,9.454999923706055,9.300000190734863,9.449999809265137,168792.0
2024-10-25 10:36:00+00:00,PI,200.14999389648438,200.14999389648438,200.14999389648438,199.67999267578125,199.67999267578125,2052.0
2024-10-25 10:36:00+00:00,PLAB,23.729999542236328,23.729999542236328,23.729999542236328,23.709999084472656,23.709999084472656,1264.0
2024-10-25 10:36:00+00:00,PLXS,143.59500122070312,143.59500122070312,143.59500122070312,143.55499267578125,143.55499267578125,1328.0
2024-10-25 10:36:00+00:00,POET,4.035999774932861,4.035999774932861,4.035999774932861,4.03000020980835,4.03000020980835,637.0
2024-10-25 10:36:00+00:00,PRCH,1.3701000213623047,1.3701000213623047,1.3701000213623047,1.3701000213623047,1.3701000213623047,2000.0
2024-10-25 10:36:00+00:00,PRGS,65.08999633789062,65.08999633789062,65.08999633789062,65.08999633789062,65.08999633789062,524.0
2024-10-25 10:36:00+00:00,PTC,186.41000366210938,186.41000366210938,186.50999450683594,186.40499877929688,186.41000366210938,2301.0
2024-10-25 10:36:00+00:00,PYCR,14.430000305175781,14.430000305175781,14.430000305175781,14.430000305175781,14.430000305175781,806.0
2024-10-25 10:36:00+00:00,QCOM,172.41000366210938,172.41000366210938,172.44000244140625,172.3300018310547,172.41000366210938,2856.0
2024-10-25 10:36:00+00:00,QH,1.4299999475479126,1.4299999475479126,1.4299999475479126,1.4299999475479126,1.4299999475479126,0.0
2024-10-25 10:36:00+00:00,QMCO,5.329999923706055,5.329999923706055,5.329999923706055,5.329999923706055,5.329999923706055,250.0
2024-10-25 10:36:00+00:00,QRVO,100.07499694824219,100.07499694824219,100.13999938964844,100.01000213623047,100.13999938964844,10984.0
2024-10-25 10:36:00+00:00,QUBT,1.1399999856948853,1.1399999856948853,1.1412999629974365,1.1399999856948853,1.1412999629974365,902.0
2024-10-25 10:36:00+00:00,QUIK,8.670000076293945,8.670000076293945,8.680000305175781,8.670000076293945,8.680000305175781,1063.0
2024-10-25 10:36:00+00:00,RDVT,29.1200008392334,29.1200008392334,29.1200008392334,29.1200008392334,29.1200008392334,533.0
2024-10-25 10:36:00+00:00,RELY,14.779999732971191,14.779999732971191,14.789999961853027,14.779999732971191,14.789999961853027,1737.0
2024-10-25 10:36:00+00:00,RGTI,1.2899999618530273,1.2899999618530273,1.2899999618530273,1.2799999713897705,1.2898999452590942,6794.0
2024-10-25 10:36:00+00:00,RIOT,10.116000175476074,10.116000175476074,10.125100135803223,10.104999542236328,10.114999771118164,44772.0
2024-10-25 10:36:00+00:00,RMBS,43.13999938964844,43.13999938964844,43.13999938964844,43.099998474121094,43.099998474121094,800.0
2024-10-25 10:36:00+00:00,RMNI,1.7350000143051147,1.7350000143051147,1.7350000143051147,1.7350000143051147,1.7350000143051147,1109.0
2024-10-25 10:36:00+00:00,RPAY,7.670000076293945,7.670000076293945,7.670000076293945,7.639999866485596,7.650000095367432,5601.0
2024-10-25 10:36:00+00:00,RPD,39.51499938964844,39.51499938964844,39.51499938964844,39.51499938964844,39.51499938964844,335.0
2024-10-25 10:36:00+00:00,RUM,5.81279993057251,5.81279993057251,5.813899993896484,5.800000190734863,5.804999828338623,15014.0
2024-10-25 10:36:00+00:00,RUN,14.470000267028809,14.470000267028809,14.487799644470215,14.449999809265137,14.480299949645996,14807.0
2024-10-25 10:36:00+00:00,SANM,68.02999877929688,68.02999877929688,68.02999877929688,68.02999877929688,68.02999877929688,338.0
2024-10-25 10:36:00+00:00,SATS,25.424999237060547,25.424999237060547,25.452499389648438,25.424999237060547,25.452499389648438,573.0
2024-10-25 10:36:00+00:00,SCKT,1.190000057220459,1.190000057220459,1.190000057220459,1.190000057220459,1.190000057220459,550.0
2024-10-25 10:36:00+00:00,SEDG,15.729999542236328,15.729999542236328,15.779999732971191,15.720000267028809,15.760000228881836,6273.0
2024-10-25 10:36:00+00:00,SHLS,5.21999979019165,5.21999979019165,5.241399765014648,5.21999979019165,5.241399765014648,8387.0
2024-10-25 10:36:00+00:00,SKYT,10.569999694824219,10.569999694824219,10.569999694824219,10.550000190734863,10.569999694824219,2656.0
2024-10-25 10:36:00+00:00,SMCI,47.74919891357422,47.74919891357422,47.88999938964844,47.720001220703125,47.83000183105469,181795.0
2024-10-25 10:36:00+00:00,SMTC,45.689998626708984,45.689998626708984,45.689998626708984,45.689998626708984,45.689998626708984,573.0
2024-10-25 10:36:00+00:00,SNPS,506.760009765625,506.760009765625,506.760009765625,506.110107421875,506.5299987792969,2128.0
2024-10-25 10:36:00+00:00,SONO,12.880000114440918,12.880000114440918,12.885000228881836,12.880000114440918,12.885000228881836,926.0
2024-10-25 10:36:00+00:00,SOUN,5.288000106811523,5.288000106811523,5.289999961853027,5.2829999923706055,5.284999847412109,23560.0
2024-10-25 10:36:00+00:00,SPSC,181.4199981689453,181.4199981689453,181.9499969482422,181.4199981689453,181.86000061035156,2734.0
2024-10-25 10:36:00+00:00,SRAD,12.390000343322754,12.390000343322754,12.40999984741211,12.364999771118164,12.364999771118164,5520.0
2024-10-25 10:36:00+00:00,SSNC,70.08999633789062,70.08999633789062,70.11499786376953,70.04989624023438,70.04989624023438,6012.0
2024-10-25 10:36:00+00:00,STNE,11.5,11.5,11.515000343322754,11.489999771118164,11.492500305175781,25052.0
2024-10-25 10:36:00+00:00,STX,104.8550033569336,104.8550033569336,104.86000061035156,104.73999786376953,104.80999755859375,4581.0
2024-10-25 10:36:00+00:00,SURG,1.7604999542236328,1.7604999542236328,1.7604999542236328,1.7604999542236328,1.7604999542236328,1667.0
2024-10-25 10:36:00+00:00,SVRE,0.08299999684095383,0.08299999684095383,0.08299999684095383,0.08219999819993973,0.08299999684095383,29122.0
2024-10-25 10:36:00+00:00,SWKS,95.91999816894531,95.91999816894531,95.91999816894531,95.8949966430664,95.8949966430664,5672.0
2024-10-25 10:36:00+00:00,SYTA,1.2799999713897705,1.2799999713897705,1.2799999713897705,1.2603000402450562,1.2603000402450562,39009.0
2024-10-25 10:36:00+00:00,TEAM,191.25,191.25,191.2899932861328,191.25,191.2899932861328,1146.0
2024-10-25 10:36:00+00:00,TENB,41.45000076293945,41.45000076293945,41.45000076293945,41.45000076293945,41.45000076293945,934.0
2024-10-25 10:36:00+00:00,TER,112.37000274658203,112.37000274658203,112.43000030517578,112.30999755859375,112.41000366210938,5941.0
2024-10-25 10:36:00+00:00,TLS,3.6449999809265137,3.6449999809265137,3.6449999809265137,3.6449999809265137,3.6449999809265137,402.0
2024-10-25 10:36:00+00:00,TRMB,61.224998474121094,61.224998474121094,61.224998474121094,61.224998474121094,61.224998474121094,497.0
2024-10-25 10:36:00+00:00,TSEM,45.525001525878906,45.525001525878906,45.525001525878906,45.525001525878906,45.525001525878906,907.0
2024-10-25 10:36:00+00:00,TTD,120.7699966430664,120.7699966430664,120.7699966430664,120.6500015258789,120.7699966430664,5944.0
2024-10-25 10:36:00+00:00,TTMI,19.639999389648438,19.639999389648438,19.639999389648438,19.639999389648438,19.639999389648438,390.0
2024-10-25 10:36:00+00:00,TWKS,4.449999809265137,4.449999809265137,4.454999923706055,4.449999809265137,4.449999809265137,12643.0
2024-10-25 10:36:00+00:00,TXN,209.80999755859375,209.80999755859375,209.86500549316406,209.72999572753906,209.86000061035156,5021.0
2024-10-25 10:36:00+00:00,UCTT,36.084999084472656,36.084999084472656,36.084999084472656,36.084999084472656,36.084999084472656,549.0
2024-10-25 10:36:00+00:00,UEIC,8.1899995803833,8.1899995803833,8.1899995803833,8.180000305175781,8.180000305175781,567.0
2024-10-25 10:36:00+00:00,VCSA,2.4600000381469727,2.4600000381469727,2.4600000381469727,2.4600000381469727,2.4600000381469727,132.0
2024-10-25 10:36:00+00:00,VERI,3.509999990463257,3.509999990463257,3.5250000953674316,3.5,3.5250000953674316,14263.0
2024-10-25 10:36:00+00:00,VIAV,9.255000114440918,9.255000114440918,9.255000114440918,9.255000114440918,9.255000114440918,1734.0
2024-10-25 10:36:00+00:00,VMEO,4.75,4.75,4.760000228881836,4.75,4.755000114440918,539.0
2024-10-25 10:36:00+00:00,VNET,3.432499885559082,3.432499885559082,3.432499885559082,3.430000066757202,3.430000066757202,211.0
2024-10-25 10:36:00+00:00,VRNS,57.15999984741211,57.15999984741211,57.16999816894531,57.09000015258789,57.09000015258789,2585.0
2024-10-25 10:36:00+00:00,VRSN,187.77999877929688,187.77999877929688,187.9499969482422,187.7100067138672,187.9499969482422,1814.0
2024-10-25 10:36:00+00:00,VSAT,10.39009952545166,10.39009952545166,10.399999618530273,10.390000343322754,10.399999618530273,3279.0
2024-10-25 10:36:00+00:00,VUZI,1.3049999475479126,1.3049999475479126,1.309999942779541,1.3000999689102173,1.3000999689102173,468.0
2024-10-25 10:36:00+00:00,WALDW,0.1469999998807907,0.1469999998807907,0.14800000190734863,0.1469999998807907,0.14800000190734863,269.0
2024-10-25 10:36:00+00:00,WDC,72.9000015258789,72.9000015258789,73.01000213623047,72.67009735107422,72.79000091552734,368695.0
2024-10-25 10:36:00+00:00,WIX,166.10499572753906,166.10499572753906,166.10499572753906,166.10499572753906,166.10499572753906,101.0
2024-10-25 10:36:00+00:00,WRAP,1.9049999713897705,1.9049999713897705,1.9198999404907227,1.9049999713897705,1.9198999404907227,5430.0
2024-10-25 10:36:00+00:00,XPER,9.430000305175781,9.430000305175781,9.430000305175781,9.430000305175781,9.430000305175781,297.0
2024-10-25 10:36:00+00:00,XRX,10.210000038146973,10.210000038146973,10.225000381469727,10.210000038146973,10.21500015258789,3943.0
2024-10-25 10:36:00+00:00,ZI,10.614999771118164,10.614999771118164,10.635000228881836,10.609999656677246,10.635000228881836,5910.0
2024-10-25 10:36:00+00:00,ZM,73.41000366210938,73.41000366210938,73.41000366210938,73.29000091552734,73.30999755859375,6806.0
2024-10-25 10:36:00+00:00,ZS,186.7899932861328,186.7899932861328,186.86000061035156,186.60000610351562,186.60000610351562,2966.0
2024-10-25 10:37:00+00:00,AAOI,18.229999542236328,18.229999542236328,18.25,18.190000534057617,18.190000534057617,6573.0
2024-10-25 10:37:00+00:00,AAPL,232.3800048828125,232.3800048828125,232.49000549316406,232.32000732421875,232.47999572753906,52713.0
2024-10-25 10:37:00+00:00,ACLS,91.0999984741211,91.0999984741211,91.19999694824219,91.05000305175781,91.19999694824219,2537.0
2024-10-25 10:37:00+00:00,ACMR,19.879899978637695,19.879899978637695,19.879899978637695,19.879899978637695,19.879899978637695,511.0
2024-10-25 10:37:00+00:00,ADBE,487.80499267578125,487.80499267578125,488.04998779296875,487.80499267578125,488.04998779296875,2160.0
2024-10-25 10:37:00+00:00,ADI,233.51499938964844,233.51499938964844,233.71499633789062,233.4600067138672,233.71499633789062,2650.0
2024-10-25 10:37:00+00:00,ADSK,288.739990234375,288.739990234375,288.739990234375,288.5199890136719,288.5199890136719,726.0
2024-10-25 10:37:00+00:00,ADTN,6.420000076293945,6.420000076293945,6.420000076293945,6.400000095367432,6.400000095367432,2162.0
2024-10-25 10:37:00+00:00,AEHR,16.760000228881836,16.760000228881836,16.850000381469727,16.760000228881836,16.825000762939453,4668.0
2024-10-25 10:37:00+00:00,AFRM,41.86000061035156,41.86000061035156,41.86000061035156,41.77009963989258,41.81999969482422,20984.0
2024-10-25 10:37:00+00:00,AGYS,112.9800033569336,112.9800033569336,113.29000091552734,112.9800033569336,113.29000091552734,1079.0
2024-10-25 10:37:00+00:00,AKAM,103.38999938964844,103.38999938964844,103.38999938964844,103.38999938964844,103.38999938964844,282.0
2024-10-25 10:37:00+00:00,AKTS,0.058400001376867294,0.058400001376867294,0.058400001376867294,0.058400001376867294,0.058400001376867294,9507.0
2024-10-25 10:37:00+00:00,ALGM,22.6299991607666,22.6299991607666,22.635000228881836,22.604999542236328,22.6299991607666,3027.0
2024-10-25 10:37:00+00:00,ALKT,38.22999954223633,38.22999954223633,38.22999954223633,38.150001525878906,38.150001525878906,2247.0
2024-10-25 10:37:00+00:00,ALTR,106.0,106.0,106.0,106.0,106.0,176.0
2024-10-25 10:37:00+00:00,AMAT,188.52000427246094,188.52000427246094,188.7550048828125,188.49000549316406,188.7550048828125,12565.0
2024-10-25 10:37:00+00:00,AMBA,58.029998779296875,58.029998779296875,58.040000915527344,58.010101318359375,58.040000915527344,1562.0
2024-10-25 10:37:00+00:00,AMD,157.87600708007812,157.87600708007812,158.0153045654297,157.82009887695312,158.0153045654297,47181.0
2024-10-25 10:37:00+00:00,AMKR,30.020000457763672,30.020000457763672,30.030000686645508,30.020000457763672,30.030000686645508,359.0
2024-10-25 10:37:00+00:00,AMPL,9.239999771118164,9.239999771118164,9.239999771118164,9.239999771118164,9.239999771118164,1119.0
2024-10-25 10:37:00+00:00,ANSS,327.32000732421875,327.32000732421875,327.32000732421875,327.32000732421875,327.32000732421875,411.0
2024-10-25 10:37:00+00:00,API,2.7200000286102295,2.7200000286102295,2.734999895095825,2.7200000286102295,2.734999895095825,3080.0
2024-10-25 10:37:00+00:00,APP,163.92999267578125,163.92999267578125,163.97000122070312,163.7301025390625,163.9600067138672,2379.0
2024-10-25 10:37:00+00:00,APPF,223.22999572753906,223.22999572753906,223.22999572753906,222.36000061035156,222.36000061035156,2069.0
2024-10-25 10:37:00+00:00,APPN,32.459999084472656,32.459999084472656,32.459999084472656,32.459999084472656,32.459999084472656,750.0
2024-10-25 10:37:00+00:00,APPS,3.134999990463257,3.134999990463257,3.140000104904175,3.134999990463257,3.140000104904175,3100.0
2024-10-25 10:37:00+00:00,ARRY,6.485000133514404,6.485000133514404,6.494999885559082,6.4704999923706055,6.490099906921387,20052.0
2024-10-25 10:37:00+00:00,ASML,721.4274291992188,721.4274291992188,721.6329956054688,721.3701171875,721.6329956054688,1264.0
2024-10-25 10:37:00+00:00,AUR,6.480000019073486,6.480000019073486,6.480000019073486,6.460000038146973,6.46999979019165,20400.0
2024-10-25 10:37:00+00:00,AVDX,8.1899995803833,8.1899995803833,8.199999809265137,8.170000076293945,8.194999694824219,22825.0
2024-10-25 10:37:00+00:00,AVGO,175.52999877929688,175.52999877929688,175.57989501953125,175.41000366210938,175.5500030517578,21413.0
2024-10-25 10:37:00+00:00,AVT,54.77000045776367,54.77000045776367,54.77000045776367,54.77000045776367,54.77000045776367,200.0
2024-10-25 10:37:00+00:00,AWRE,1.9850000143051147,1.9850000143051147,1.9850000143051147,1.9850000143051147,1.9850000143051147,77.0
2024-10-25 10:37:00+00:00,AZPN,238.5500030517578,238.5500030517578,238.5500030517578,238.5500030517578,238.5500030517578,675.0
2024-10-25 10:37:00+00:00,BAND,17.829999923706055,17.829999923706055,17.829999923706055,17.770000457763672,17.799999237060547,2988.0
2024-10-25 10:37:00+00:00,BASE,16.549999237060547,16.549999237060547,16.549999237060547,16.549999237060547,16.549999237060547,249.0
2024-10-25 10:37:00+00:00,BIGC,5.364999771118164,5.364999771118164,5.364999771118164,5.360000133514404,5.360000133514404,3476.0
2024-10-25 10:37:00+00:00,BMBL,7.284999847412109,7.284999847412109,7.284999847412109,7.284999847412109,7.284999847412109,834.0
2024-10-25 10:37:00+00:00,BRZE,31.104999542236328,31.104999542236328,31.104999542236328,31.079999923706055,31.079999923706055,2246.0
2024-10-25 10:37:00+00:00,BSY,49.349998474121094,49.349998474121094,49.349998474121094,49.349998474121094,49.349998474121094,384.0
2024-10-25 10:37:00+00:00,CAN,1.0,1.0,1.0049999952316284,1.0,1.0049999952316284,4818.0
2024-10-25 10:37:00+00:00,CCSI,20.540000915527344,20.540000915527344,20.540000915527344,20.534799575805664,20.534799575805664,470.0
2024-10-25 10:37:00+00:00,CDNS,259.8500061035156,259.8500061035156,259.8500061035156,259.7699890136719,259.7699890136719,1266.0
2024-10-25 10:37:00+00:00,CETX,0.2957000136375427,0.2957000136375427,0.29809999465942383,0.2957000136375427,0.29809999465942383,2903.0
2024-10-25 10:37:00+00:00,CEVA,24.2450008392334,24.2450008392334,24.2450008392334,24.2450008392334,24.2450008392334,617.0
2024-10-25 10:37:00+00:00,CFLT,22.454999923706055,22.454999923706055,22.454999923706055,22.44499969482422,22.450000762939453,3471.0
2024-10-25 10:37:00+00:00,CLSK,12.079999923706055,12.079999923706055,12.09000015258789,12.010000228881836,12.068900108337402,132010.0
2024-10-25 10:37:00+00:00,CNDT,3.7300000190734863,3.7300000190734863,3.7300000190734863,3.7249999046325684,3.7249999046325684,2641.0
2024-10-25 10:37:00+00:00,CNXC,45.189998626708984,45.189998626708984,45.189998626708984,45.189998626708984,45.189998626708984,384.0
2024-10-25 10:37:00+00:00,COHR,96.45999908447266,96.45999908447266,96.5999984741211,96.45999908447266,96.5999984741211,5522.0
2024-10-25 10:37:00+00:00,COHU,26.290000915527344,26.290000915527344,26.305999755859375,26.290000915527344,26.305999755859375,1087.0
2024-10-25 10:37:00+00:00,COIN,211.7899932861328,211.7899932861328,211.9499969482422,211.27999877929688,211.77000427246094,25652.0
2024-10-25 10:37:00+00:00,COMM,6.474999904632568,6.474999904632568,6.474999904632568,6.465000152587891,6.465000152587891,4284.0
2024-10-25 10:37:00+00:00,CORZ,13.40999984741211,13.40999984741211,13.418800354003906,13.40999984741211,13.40999984741211,9423.0
2024-10-25 10:37:00+00:00,CRDO,39.459999084472656,39.459999084472656,39.54499816894531,39.45000076293945,39.54499816894531,15352.0
2024-10-25 10:37:00+00:00,CRNC,2.865000009536743,2.865000009536743,2.869999885559082,2.865000009536743,2.869999885559082,2322.0
2024-10-25 10:37:00+00:00,CRSR,6.46999979019165,6.46999979019165,6.46999979019165,6.46999979019165,6.46999979019165,418.0
2024-10-25 10:37:00+00:00,CRUS,122.76000213623047,122.76000213623047,122.76000213623047,122.76000213623047,122.76000213623047,359.0
2024-10-25 10:37:00+00:00,CRWD,309.92999267578125,309.92999267578125,310.1650085449219,309.92999267578125,310.1650085449219,3565.0
2024-10-25 10:37:00+00:00,CSCO,56.3849983215332,56.3849983215332,56.40599822998047,56.369998931884766,56.400001525878906,26504.0
2024-10-25 10:37:00+00:00,CSGS,47.93000030517578,47.93000030517578,47.93000030517578,47.93000030517578,47.93000030517578,474.0
2024-10-25 10:37:00+00:00,CSIQ,13.520000457763672,13.520000457763672,13.520000457763672,13.4399995803833,13.4399995803833,7302.0
2024-10-25 10:37:00+00:00,CTLP,9.079999923706055,9.079999923706055,9.100000381469727,9.079999923706055,9.100000381469727,2473.0
2024-10-25 10:37:00+00:00,CTSH,75.26000213623047,75.26000213623047,75.29000091552734,75.26000213623047,75.29000091552734,1454.0
2024-10-25 10:37:00+00:00,CVLT,134.99000549316406,134.99000549316406,135.13999938964844,134.92999267578125,135.13999938964844,11167.0
2024-10-25 10:37:00+00:00,CYBR,296.05999755859375,296.05999755859375,296.05999755859375,296.05999755859375,296.05999755859375,351.0
2024-10-25 10:37:00+00:00,DAVE,40.08000183105469,40.08000183105469,40.08000183105469,40.08000183105469,40.08000183105469,588.0
2024-10-25 10:37:00+00:00,DBX,26.165000915527344,26.165000915527344,26.165000915527344,26.104999542236328,26.104999542236328,28542.0
2024-10-25 10:37:00+00:00,DDOG,127.2300033569336,127.2300033569336,127.2300033569336,127.16390228271484,127.18000030517578,4900.0
2024-10-25 10:37:00+00:00,DGII,30.209999084472656,30.209999084472656,30.209999084472656,30.19499969482422,30.19499969482422,387.0
2024-10-25 10:37:00+00:00,DOCU,70.77999877929688,70.77999877929688,70.77999877929688,70.77999877929688,70.77999877929688,1546.0
2024-10-25 10:37:00+00:00,DOMO,8.055000305175781,8.055000305175781,8.055000305175781,8.055000305175781,8.055000305175781,229.0
2024-10-25 10:37:00+00:00,DUOL,286.93499755859375,286.93499755859375,286.93499755859375,286.93499755859375,286.93499755859375,146.0
2024-10-25 10:37:00+00:00,EEFT,102.2300033569336,102.2300033569336,102.25,102.2300033569336,102.23999786376953,898.0
2024-10-25 10:37:00+00:00,ENPH,82.05999755859375,82.05999755859375,82.12000274658203,81.91999816894531,81.97000122070312,10637.0
2024-10-25 10:37:00+00:00,ENTG,104.79499816894531,104.79499816894531,104.79499816894531,104.7300033569336,104.79000091552734,1688.0
2024-10-25 10:37:00+00:00,ERIC,8.518600463867188,8.518600463867188,8.518600463867188,8.510000228881836,8.510000228881836,7843.0
2024-10-25 10:37:00+00:00,EXFY,1.725000023841858,1.725000023841858,1.725000023841858,1.725000023841858,1.725000023841858,3465.0
2024-10-25 10:37:00+00:00,EXTR,14.550000190734863,14.550000190734863,14.55090045928955,14.545000076293945,14.55090045928955,1027.0
2024-10-25 10:37:00+00:00,FCUV,0.2556000053882599,0.2556000053882599,0.2556000053882599,0.2556000053882599,0.2556000053882599,1008.0
2024-10-25 10:37:00+00:00,FIVN,30.579999923706055,30.579999923706055,30.594999313354492,30.549999237060547,30.549999237060547,958.0
2024-10-25 10:37:00+00:00,FLEX,35.53499984741211,35.53499984741211,35.56999969482422,35.53499984741211,35.560001373291016,3761.0
2024-10-25 10:37:00+00:00,FORM,45.38999938964844,45.38999938964844,45.38999938964844,45.36000061035156,45.36000061035156,1896.0
2024-10-25 10:37:00+00:00,FROG,29.5,29.5,29.549999237060547,29.5,29.549999237060547,4870.0
2024-10-25 10:37:00+00:00,FRSH,11.739999771118164,11.739999771118164,11.739999771118164,11.739999771118164,11.739999771118164,1374.0
2024-10-25 10:37:00+00:00,FSLR,198.7899932861328,198.7899932861328,199.2100067138672,198.7899932861328,199.19000244140625,3205.0
2024-10-25 10:37:00+00:00,FTNT,81.75,81.75,81.75,81.65499877929688,81.65499877929688,8248.0
2024-10-25 10:37:00+00:00,GCT,25.600000381469727,25.600000381469727,25.639999389648438,25.600000381469727,25.639999389648438,921.0
2024-10-25 10:37:00+00:00,GDS,21.75,21.75,21.780000686645508,21.75,21.753599166870117,1005.0
2024-10-25 10:37:00+00:00,GFS,41.09000015258789,41.09000015258789,41.09000015258789,41.06999969482422,41.06999969482422,666.0
2024-10-25 10:37:00+00:00,GPRO,1.340000033378601,1.340000033378601,1.340000033378601,1.340000033378601,1.340000033378601,102.0
2024-10-25 10:37:00+00:00,GRAB,4.089900016784668,4.089900016784668,4.090000152587891,4.081699848175049,4.090000152587891,22464.0
2024-10-25 10:37:00+00:00,GTLB,55.75,55.75,55.84000015258789,55.75,55.84000015258789,1033.0
2024-10-25 10:37:00+00:00,HCKT,24.899999618530273,24.899999618530273,24.899999618530273,24.899999618530273,24.899999618530273,468.0
2024-10-25 10:37:00+00:00,HCP,33.630001068115234,33.630001068115234,33.630001068115234,33.625,33.62799835205078,4458.0
2024-10-25 10:37:00+00:00,HIMX,6.195000171661377,6.195000171661377,6.195000171661377,6.195000171661377,6.195000171661377,1100.0
2024-10-25 10:37:00+00:00,HOLO,3.7799999713897705,3.7799999713897705,3.7899999618530273,3.7799999713897705,3.7899999618530273,1452.0
2024-10-25 10:37:00+00:00,HOOD,27.385900497436523,27.385900497436523,27.385900497436523,27.333999633789062,27.354999542236328,16852.0
2024-10-25 10:37:00+00:00,IDAI,0.22840000689029694,0.22840000689029694,0.22840000689029694,0.22840000689029694,0.22840000689029694,0.0
2024-10-25 10:37:00+00:00,IMMR,8.819999694824219,8.819999694824219,8.819999694824219,8.819999694824219,8.819999694824219,439.0
2024-10-25 10:37:00+00:00,INDI,3.6059999465942383,3.6059999465942383,3.609999895095825,3.5999999046325684,3.609999895095825,4837.0
2024-10-25 10:37:00+00:00,INOD,20.08340072631836,20.08340072631836,20.08340072631836,20.08340072631836,20.08340072631836,1400.0
2024-10-25 10:37:00+00:00,INTA,50.060001373291016,50.060001373291016,50.119998931884766,50.060001373291016,50.119998931884766,255.0
2024-10-25 10:37:00+00:00,INTC,23.236499786376953,23.236499786376953,23.315000534057617,23.22010040283203,23.3080997467041,213177.0
2024-10-25 10:37:00+00:00,INTU,613.5399780273438,613.5399780273438,613.85498046875,613.4299926757812,613.85498046875,3847.0
2024-10-25 10:37:00+00:00,ITRI,103.63999938964844,103.63999938964844,103.63999938964844,103.63999938964844,103.63999938964844,398.0
2024-10-25 10:37:00+00:00,JKHY,185.2899932861328,185.2899932861328,185.2899932861328,185.2899932861328,185.2899932861328,1962.0
2024-10-25 10:37:00+00:00,KC,2.744999885559082,2.744999885559082,2.75,2.744999885559082,2.744999885559082,1583.0
2024-10-25 10:37:00+00:00,KLAC,678.7349853515625,678.7349853515625,679.4299926757812,678.7050170898438,678.9949951171875,1518.0
2024-10-25 10:37:00+00:00,KLIC,44.61000061035156,44.61000061035156,44.61000061035156,44.61000061035156,44.61000061035156,209.0
2024-10-25 10:37:00+00:00,KOPN,0.7631000280380249,0.7631000280380249,0.7631000280380249,0.7631000280380249,0.7631000280380249,202.0
2024-10-25 10:37:00+00:00,LINK,4.537499904632568,4.537499904632568,4.570000171661377,4.5,4.53000020980835,6398.0
2024-10-25 10:37:00+00:00,LITE,64.6050033569336,64.6050033569336,64.68000030517578,64.6050033569336,64.68000030517578,785.0
2024-10-25 10:37:00+00:00,LOGI,81.0199966430664,81.0199966430664,81.02999877929688,81.0199966430664,81.02999877929688,684.0
2024-10-25 10:37:00+00:00,LRCX,79.34249877929688,79.34249877929688,79.3949966430664,79.26000213623047,79.3949966430664,50698.0
2024-10-25 10:37:00+00:00,LSCC,54.61000061035156,54.61000061035156,54.61000061035156,54.5099983215332,54.540000915527344,4257.0
2024-10-25 10:37:00+00:00,LUNA,1.7699999809265137,1.7699999809265137,1.7699999809265137,1.7699999809265137,1.7699999809265137,179.0
2024-10-25 10:37:00+00:00,LYFT,13.710000038146973,13.710000038146973,13.710000038146973,13.6850004196167,13.694999694824219,13333.0
2024-10-25 10:37:00+00:00,LYT,2.0250000953674316,2.0250000953674316,2.0250000953674316,2.0250000953674316,2.0250000953674316,682.0
2024-10-25 10:37:00+00:00,MANH,276.3900146484375,276.3900146484375,276.5350036621094,276.3900146484375,276.5350036621094,775.0
2024-10-25 10:37:00+00:00,MAXN,5.5731000900268555,5.5731000900268555,5.5731000900268555,5.5731000900268555,5.5731000900268555,925.0
2024-10-25 10:37:00+00:00,MCHP,77.03990173339844,77.03990173339844,77.03990173339844,77.01000213623047,77.01000213623047,1528.0
2024-10-25 10:37:00+00:00,MDB,269.25,269.25,269.25,268.8599853515625,268.8599853515625,1959.0
2024-10-25 10:37:00+00:00,MITK,8.800000190734863,8.800000190734863,8.800000190734863,8.789999961853027,8.789999961853027,813.0
2024-10-25 10:37:00+00:00,MKSI,101.0199966430664,101.0199966430664,101.0199966430664,101.0199966430664,101.0199966430664,866.0
2024-10-25 10:37:00+00:00,MKTW,0.5920000076293945,0.5920000076293945,0.5920000076293945,0.5920000076293945,0.5920000076293945,832.0
2024-10-25 10:37:00+00:00,MNDY,300.7799987792969,300.7799987792969,300.9150085449219,300.7699890136719,300.9150085449219,3187.0
2024-10-25 10:37:00+00:00,MQ,5.324999809265137,5.324999809265137,5.324999809265137,5.320000171661377,5.324999809265137,3172.0
2024-10-25 10:37:00+00:00,MRVL,82.94000244140625,82.94000244140625,83.02999877929688,82.91000366210938,83.02999877929688,8063.0
2024-10-25 10:37:00+00:00,MSFT,431.114990234375,431.114990234375,431.1400146484375,430.9200134277344,431.0799865722656,26375.0
2024-10-25 10:37:00+00:00,MSTR,242.6699981689453,242.6699981689453,242.75,241.50799560546875,242.0010986328125,47375.0
2024-10-25 10:37:00+00:00,MTSI,119.55999755859375,119.55999755859375,119.55999755859375,119.55999755859375,119.55999755859375,107.0
2024-10-25 10:37:00+00:00,MTTR,4.639999866485596,4.639999866485596,4.65500020980835,4.635000228881836,4.65500020980835,50884.0
2024-10-25 10:37:00+00:00,MU,109.47000122070312,109.47000122070312,109.52999877929688,109.4000015258789,109.5,26956.0
2024-10-25 10:37:00+00:00,MVIS,1.1150000095367432,1.1150000095367432,1.1150000095367432,1.1139999628067017,1.1139999628067017,712.0
2024-10-25 10:37:00+00:00,MXL,15.0,15.0,15.0,14.98799991607666,15.0,1896.0
2024-10-25 10:37:00+00:00,NCNO,38.349998474121094,38.349998474121094,38.349998474121094,38.349998474121094,38.349998474121094,256.0
2024-10-25 10:37:00+00:00,NNDM,2.3450000286102295,2.3450000286102295,2.3450000286102295,2.3450000286102295,2.3450000286102295,445.0
2024-10-25 10:37:00+00:00,NOVT,174.5800018310547,174.5800018310547,174.5800018310547,174.5800018310547,174.5800018310547,786.0
2024-10-25 10:37:00+00:00,NTAP,120.45379638671875,120.45379638671875,120.45379638671875,120.41000366210938,120.41000366210938,507.0
2024-10-25 10:37:00+00:00,NTGR,20.489999771118164,20.489999771118164,20.489999771118164,20.489999771118164,20.489999771118164,179.0
2024-10-25 10:37:00+00:00,NTNX,62.59000015258789,62.59000015258789,62.59000015258789,62.59000015258789,62.59000015258789,731.0
2024-10-25 10:37:00+00:00,NVDA,143.4949951171875,143.4949951171875,143.5500030517578,143.41000366210938,143.52999877929688,288560.0
2024-10-25 10:37:00+00:00,NVTS,2.615000009536743,2.615000009536743,2.615000009536743,2.615000009536743,2.615000009536743,2646.0
2024-10-25 10:37:00+00:00,NXPI,244.2050018310547,244.2050018310547,244.33999633789062,244.05999755859375,244.2050018310547,6757.0
2024-10-25 10:37:00+00:00,OCC,2.3550000190734863,2.3550000190734863,2.3550000190734863,2.3550000190734863,2.3550000190734863,28.0
2024-10-25 10:37:00+00:00,OKTA,72.91999816894531,72.91999816894531,72.91999816894531,72.86499786376953,72.86499786376953,1581.0
2024-10-25 10:37:00+00:00,ON,71.8550033569336,71.8550033569336,71.87999725341797,71.81009674072266,71.87999725341797,10825.0
2024-10-25 10:37:00+00:00,ONDS,0.8798999786376953,0.8798999786376953,0.8798999786376953,0.8798999786376953,0.8798999786376953,430.0
2024-10-25 10:37:00+00:00,OSPN,14.755000114440918,14.755000114440918,14.755000114440918,14.755000114440918,14.755000114440918,164.0
2024-10-25 10:37:00+00:00,PANW,372.1099853515625,372.1099853515625,372.1499938964844,372.0,372.0,5737.0
2024-10-25 10:37:00+00:00,PAYO,8.300000190734863,8.300000190734863,8.300000190734863,8.300000190734863,8.300000190734863,523.0
2024-10-25 10:37:00+00:00,PEGA,80.8949966430664,80.8949966430664,80.91999816894531,80.87999725341797,80.87999725341797,1152.0
2024-10-25 10:37:00+00:00,PEGY,4.559899806976318,4.559899806976318,4.570000171661377,4.535999774932861,4.535999774932861,8153.0
2024-10-25 10:37:00+00:00,PGY,11.854999542236328,11.854999542236328,11.854999542236328,11.854999542236328,11.854999542236328,133.0
2024-10-25 10:37:00+00:00,PHUN,9.329999923706055,9.329999923706055,9.350000381469727,9.199999809265137,9.300000190734863,242768.0
2024-10-25 10:37:00+00:00,PI,200.5500030517578,200.5500030517578,200.99000549316406,200.3300018310547,200.3300018310547,4106.0
2024-10-25 10:37:00+00:00,PLAB,23.760000228881836,23.760000228881836,23.760000228881836,23.757999420166016,23.760000228881836,690.0
2024-10-25 10:37:00+00:00,POWI,63.30500030517578,63.30500030517578,63.310001373291016,63.27000045776367,63.310001373291016,1983.0
2024-10-25 10:37:00+00:00,PTC,186.38499450683594,186.38499450683594,186.38499450683594,186.38499450683594,186.38499450683594,500.0
2024-10-25 10:37:00+00:00,QCOM,172.49000549316406,172.49000549316406,172.56500244140625,172.41000366210938,172.5500030517578,9311.0
2024-10-25 10:37:00+00:00,QRVO,100.0199966430664,100.0199966430664,100.05249786376953,99.97000122070312,100.05249786376953,1454.0
2024-10-25 10:37:00+00:00,QUBT,1.1399999856948853,1.1399999856948853,1.1484999656677246,1.1399999856948853,1.1449999809265137,46014.0
2024-10-25 10:37:00+00:00,RCAT,2.769700050354004,2.769700050354004,2.769700050354004,2.759999990463257,2.759999990463257,2742.0
2024-10-25 10:37:00+00:00,RELY,14.800000190734863,14.800000190734863,14.800000190734863,14.779999732971191,14.779999732971191,1559.0
2024-10-25 10:37:00+00:00,RGTI,1.2898999452590942,1.2898999452590942,1.2899999618530273,1.281000018119812,1.2899999618530273,40834.0
2024-10-25 10:37:00+00:00,RIOT,10.114500045776367,10.114500045776367,10.11929988861084,10.083999633789062,10.11929988861084,63985.0
2024-10-25 10:37:00+00:00,RMBS,43.06999969482422,43.06999969482422,43.1150016784668,43.06999969482422,43.1150016784668,1876.0
2024-10-25 10:37:00+00:00,RMNI,1.7400000095367432,1.7400000095367432,1.7400000095367432,1.7400000095367432,1.7400000095367432,400.0
2024-10-25 10:37:00+00:00,RUM,5.804999828338623,5.804999828338623,5.81279993057251,5.789999961853027,5.800000190734863,9442.0
2024-10-25 10:37:00+00:00,RUN,14.46500015258789,14.46500015258789,14.470000267028809,14.449999809265137,14.468899726867676,7605.0
2024-10-25 10:37:00+00:00,RXT,2.5671000480651855,2.5671000480651855,2.5671000480651855,2.565000057220459,2.565000057220459,1068.0
2024-10-25 10:37:00+00:00,SANM,67.98999786376953,67.98999786376953,67.98999786376953,67.98999786376953,67.98999786376953,576.0
2024-10-25 10:37:00+00:00,SATS,25.424999237060547,25.424999237060547,25.459999084472656,25.424999237060547,25.454999923706055,874.0
2024-10-25 10:37:00+00:00,SEDG,15.770000457763672,15.770000457763672,15.770000457763672,15.71500015258789,15.729999542236328,7953.0
2024-10-25 10:37:00+00:00,SHLS,5.216000080108643,5.216000080108643,5.21999979019165,5.210000038146973,5.219900131225586,5893.0
2024-10-25 10:37:00+00:00,SIMO,57.220001220703125,57.220001220703125,57.220001220703125,57.11790084838867,57.11790084838867,465.0
2024-10-25 10:37:00+00:00,SKYT,10.519499778747559,10.519499778747559,10.569999694824219,10.5,10.5600004196167,11112.0
2024-10-25 10:37:00+00:00,SLNHP,12.510000228881836,12.510000228881836,12.510000228881836,12.510000228881836,12.510000228881836,1604.0
2024-10-25 10:37:00+00:00,SMCI,47.736698150634766,47.736698150634766,47.779998779296875,47.650001525878906,47.7599983215332,101450.0
2024-10-25 10:37:00+00:00,SMTC,45.689998626708984,45.689998626708984,45.689998626708984,45.689998626708984,45.689998626708984,820.0
2024-10-25 10:37:00+00:00,SNPS,506.82000732421875,506.82000732421875,506.8299865722656,506.82000732421875,506.8299865722656,715.0
2024-10-25 10:37:00+00:00,SONO,12.880000114440918,12.880000114440918,12.880000114440918,12.875,12.875,335.0
2024-10-25 10:37:00+00:00,SOUN,5.275000095367432,5.275000095367432,5.289999961853027,5.269999980926514,5.284999847412109,164890.0
2024-10-25 10:37:00+00:00,SPSC,182.36000061035156,182.36000061035156,182.36000061035156,182.36000061035156,182.36000061035156,1190.0
2024-10-25 10:37:00+00:00,SRAD,12.40999984741211,12.40999984741211,12.40999984741211,12.40999984741211,12.40999984741211,325.0
2024-10-25 10:37:00+00:00,SSNC,69.91999816894531,69.91999816894531,70.0625,69.91999816894531,70.04000091552734,6198.0
2024-10-25 10:37:00+00:00,STNE,11.494999885559082,11.494999885559082,11.494999885559082,11.489999771118164,11.494999885559082,658.0
2024-10-25 10:37:00+00:00,STX,104.84500122070312,104.84500122070312,104.87999725341797,104.7699966430664,104.83999633789062,5754.0
2024-10-25 10:37:00+00:00,SVRE,0.08259999752044678,0.08259999752044678,0.08299999684095383,0.08169999718666077,0.08259999752044678,44247.0
2024-10-25 10:37:00+00:00,SWKS,96.00689697265625,96.00689697265625,96.0199966430664,95.8949966430664,95.9000015258789,22271.0
2024-10-25 10:37:00+00:00,SYTA,1.3300000429153442,1.3300000429153442,1.350000023841858,1.2893999814987183,1.2899999618530273,60697.0
2024-10-25 10:37:00+00:00,TASK,12.008000373840332,12.008000373840332,12.008000373840332,12.008000373840332,12.008000373840332,442.0
2024-10-25 10:37:00+00:00,TEAM,191.0500030517578,191.0500030517578,191.3800048828125,191.0500030517578,191.32000732421875,1718.0
2024-10-25 10:37:00+00:00,TENB,41.5099983215332,41.5099983215332,41.529998779296875,41.45500183105469,41.45500183105469,1712.0
2024-10-25 10:37:00+00:00,TER,112.2699966430664,112.2699966430664,112.36499786376953,112.2699966430664,112.36000061035156,4793.0
2024-10-25 10:37:00+00:00,TLS,3.6600000858306885,3.6600000858306885,3.6600000858306885,3.6600000858306885,3.6600000858306885,166.0
2024-10-25 10:37:00+00:00,TRMB,61.20500183105469,61.20500183105469,61.20500183105469,61.20500183105469,61.20500183105469,528.0
2024-10-25 10:37:00+00:00,TTD,120.77870178222656,120.77870178222656,120.77999877929688,120.70500183105469,120.70999908447266,4120.0
2024-10-25 10:37:00+00:00,TWKS,4.449999809265137,4.449999809265137,4.454999923706055,4.449999809265137,4.449999809265137,4008.0
2024-10-25 10:37:00+00:00,TXN,209.58999633789062,209.58999633789062,209.75,209.52499389648438,209.74000549316406,10889.0
2024-10-25 10:37:00+00:00,UCTT,36.06999969482422,36.06999969482422,36.06999969482422,36.06999969482422,36.06999969482422,667.0
2024-10-25 10:37:00+00:00,VECO,29.579999923706055,29.579999923706055,29.579999923706055,29.579999923706055,29.579999923706055,1117.0
2024-10-25 10:37:00+00:00,VERB,10.100000381469727,10.100000381469727,10.154999732971191,10.100000381469727,10.154999732971191,878.0
2024-10-25 10:37:00+00:00,VMEO,4.760000228881836,4.760000228881836,4.760000228881836,4.755000114440918,4.755000114440918,508.0
2024-10-25 10:37:00+00:00,VNET,3.4549999237060547,3.4549999237060547,3.4549999237060547,3.440000057220459,3.440000057220459,8188.0
2024-10-25 10:37:00+00:00,VRNS,57.209999084472656,57.209999084472656,57.209999084472656,57.1349983215332,57.1349983215332,2259.0
2024-10-25 10:37:00+00:00,VRNT,22.360000610351562,22.360000610351562,22.360000610351562,22.360000610351562,22.360000610351562,661.0
2024-10-25 10:37:00+00:00,VUZI,1.3049999475479126,1.3049999475479126,1.3049999475479126,1.3049999475479126,1.3049999475479126,1862.0
2024-10-25 10:37:00+00:00,WDAY,241.63499450683594,241.63499450683594,241.63499450683594,241.39999389648438,241.39999389648438,5996.0
2024-10-25 10:37:00+00:00,WDC,72.80509948730469,72.80509948730469,72.9000015258789,72.7300033569336,72.8499984741211,71378.0
2024-10-25 10:37:00+00:00,WIX,166.19000244140625,166.19000244140625,166.33999633789062,166.19000244140625,166.33999633789062,833.0
2024-10-25 10:37:00+00:00,XPER,9.429800033569336,9.429800033569336,9.429800033569336,9.429800033569336,9.429800033569336,707.0
2024-10-25 10:37:00+00:00,XRX,10.21500015258789,10.21500015258789,10.21500015258789,10.21500015258789,10.21500015258789,434.0
2024-10-25 10:37:00+00:00,ZBRA,364.760009765625,364.760009765625,364.760009765625,364.739990234375,364.739990234375,738.0
2024-10-25 10:37:00+00:00,ZI,10.600000381469727,10.600000381469727,10.609999656677246,10.600000381469727,10.609999656677246,1545.0
2024-10-25 10:37:00+00:00,ZM,73.4000015258789,73.4000015258789,73.41999816894531,73.38999938964844,73.41329956054688,7009.0
2024-10-25 10:37:00+00:00,ZS,186.92999267578125,186.92999267578125,186.92999267578125,186.92950439453125,186.92999267578125,1060.0
2024-10-25 10:38:00+00:00,AAOI,18.170000076293945,18.170000076293945,18.25,18.150100708007812,18.25,10117.0
2024-10-25 10:38:00+00:00,AAPL,232.30999755859375,232.30999755859375,232.43499755859375,232.30999755859375,232.4049072265625,35152.0
2024-10-25 10:38:00+00:00,ACIW,49.45500183105469,49.45500183105469,49.45500183105469,49.45500183105469,49.45500183105469,198.0
2024-10-25 10:38:00+00:00,ACLS,91.01000213623047,91.01000213623047,91.01000213623047,91.01000213623047,91.01000213623047,617.0
2024-10-25 10:38:00+00:00,ACMR,19.850000381469727,19.850000381469727,19.850000381469727,19.850000381469727,19.850000381469727,1621.0
2024-10-25 10:38:00+00:00,ADBE,487.7699890136719,487.7699890136719,487.7699890136719,487.5299987792969,487.5299987792969,1461.0
2024-10-25 10:38:00+00:00,ADI,233.4149932861328,233.4149932861328,233.50999450683594,233.36000061035156,233.4600067138672,2929.0
2024-10-25 10:38:00+00:00,ADSK,288.4800109863281,288.4800109863281,288.6099853515625,288.4800109863281,288.6099853515625,1703.0
2024-10-25 10:38:00+00:00,AEHR,16.729999542236328,16.729999542236328,16.848499298095703,16.729999542236328,16.77739906311035,3568.0
2024-10-25 10:38:00+00:00,AFRM,41.7599983215332,41.7599983215332,41.869998931884766,41.75,41.86000061035156,9378.0
2024-10-25 10:38:00+00:00,AKAM,103.4000015258789,103.4000015258789,103.4000015258789,103.4000015258789,103.4000015258789,556.0
2024-10-25 10:38:00+00:00,AKTS,0.058400001376867294,0.058400001376867294,0.058400001376867294,0.058400001376867294,0.058400001376867294,35720.0
2024-10-25 10:38:00+00:00,ALGM,22.614999771118164,22.614999771118164,22.639999389648438,22.610000610351562,22.639999389648438,5790.0
2024-10-25 10:38:00+00:00,ALKT,38.2244987487793,38.2244987487793,38.2244987487793,38.2244987487793,38.2244987487793,188.0
2024-10-25 10:38:00+00:00,ALRM,55.154998779296875,55.154998779296875,55.154998779296875,55.06999969482422,55.08000183105469,5505.0
2024-10-25 10:38:00+00:00,ALTR,106.18000030517578,106.18000030517578,106.18000030517578,105.9749984741211,105.9749984741211,390.0
2024-10-25 10:38:00+00:00,AMAT,188.4199981689453,188.4199981689453,188.6699981689453,188.3300018310547,188.4949951171875,9946.0
2024-10-25 10:38:00+00:00,AMBA,57.93000030517578,57.93000030517578,57.93000030517578,57.93000030517578,57.93000030517578,2216.0
2024-10-25 10:38:00+00:00,AMD,157.77000427246094,157.77000427246094,158.00999450683594,157.7104034423828,157.89990234375,65326.0
2024-10-25 10:38:00+00:00,AMKR,30.024999618530273,30.024999618530273,30.045000076293945,30.023500442504883,30.023500442504883,2557.0
2024-10-25 10:38:00+00:00,ANSS,327.3900146484375,327.3900146484375,327.3900146484375,327.239990234375,327.239990234375,735.0
2024-10-25 10:38:00+00:00,AOSL,36.25,36.25,36.25,36.25,36.25,438.0
2024-10-25 10:38:00+00:00,API,2.744999885559082,2.744999885559082,2.75,2.7300000190734863,2.7300000190734863,5777.0
2024-10-25 10:38:00+00:00,APP,163.47999572753906,163.47999572753906,163.91749572753906,163.35000610351562,163.86500549316406,13449.0
2024-10-25 10:38:00+00:00,APPF,222.58999633789062,222.58999633789062,222.7313995361328,222.58999633789062,222.58999633789062,529.0
2024-10-25 10:38:00+00:00,APPS,3.134999990463257,3.134999990463257,3.139899969100952,3.130000114440918,3.134999990463257,1428.0
2024-10-25 10:38:00+00:00,ARQQ,7.625,7.625,7.625,7.625,7.625,202.0
2024-10-25 10:38:00+00:00,ARRY,6.474999904632568,6.474999904632568,6.489999771118164,6.460000038146973,6.485000133514404,25624.0
2024-10-25 10:38:00+00:00,ASML,721.219970703125,721.219970703125,721.8800048828125,721.219970703125,721.8800048828125,2205.0
2024-10-25 10:38:00+00:00,AUR,6.465000152587891,6.465000152587891,6.474999904632568,6.465000152587891,6.474999904632568,5416.0
2024-10-25 10:38:00+00:00,AVDX,8.194999694824219,8.194999694824219,8.194999694824219,8.194999694824219,8.194999694824219,1049.0
2024-10-25 10:38:00+00:00,AVGO,175.27999877929688,175.27999877929688,175.5500030517578,175.2512969970703,175.47000122070312,24531.0
2024-10-25 10:38:00+00:00,AVNW,21.075000762939453,21.075000762939453,21.075000762939453,21.075000762939453,21.075000762939453,522.0
2024-10-25 10:38:00+00:00,AVPT,12.079999923706055,12.079999923706055,12.079999923706055,12.079999923706055,12.079999923706055,464.0
2024-10-25 10:38:00+00:00,AVT,54.79999923706055,54.79999923706055,54.79999923706055,54.78499984741211,54.78499984741211,356.0
2024-10-25 10:38:00+00:00,BASE,16.507999420166016,16.507999420166016,16.507999420166016,16.507999420166016,16.507999420166016,208.0
2024-10-25 10:38:00+00:00,BL,56.81999969482422,56.81999969482422,56.81999969482422,56.81999969482422,56.81999969482422,1127.0
2024-10-25 10:38:00+00:00,BLKB,86.21499633789062,86.21499633789062,86.25,86.21499633789062,86.25,1986.0
2024-10-25 10:38:00+00:00,BMBL,7.304999828338623,7.304999828338623,7.304999828338623,7.289999961853027,7.289999961853027,6301.0
2024-10-25 10:38:00+00:00,BRZE,31.06999969482422,31.06999969482422,31.06999969482422,31.06999969482422,31.06999969482422,524.0
2024-10-25 10:38:00+00:00,BSY,49.34000015258789,49.34000015258789,49.380001068115234,49.33000183105469,49.380001068115234,898.0
2024-10-25 10:38:00+00:00,CAMP,11.020000457763672,11.020000457763672,11.020000457763672,11.020000457763672,11.020000457763672,1232.0
2024-10-25 10:38:00+00:00,CAMT,78.61000061035156,78.61000061035156,78.61000061035156,78.5999984741211,78.5999984741211,3728.0
2024-10-25 10:38:00+00:00,CAN,1.0,1.0,1.003999948501587,1.0,1.0,9772.0
2024-10-25 10:38:00+00:00,CDNS,259.625,259.625,259.7900085449219,259.54998779296875,259.6700134277344,2847.0
2024-10-25 10:38:00+00:00,CDW,219.99000549316406,219.99000549316406,219.99000549316406,219.8699951171875,219.8699951171875,592.0
2024-10-25 10:38:00+00:00,CETX,0.29580000042915344,0.29580000042915344,0.29580000042915344,0.2957000136375427,0.2957000136375427,14605.0
2024-10-25 10:38:00+00:00,CFLT,22.485000610351562,22.485000610351562,22.485000610351562,22.459999084472656,22.459999084472656,6171.0
2024-10-25 10:38:00+00:00,CGNT,6.679999828338623,6.679999828338623,6.679999828338623,6.679999828338623,6.679999828338623,905.0
2024-10-25 10:38:00+00:00,CGNX,39.290000915527344,39.290000915527344,39.31999969482422,39.290000915527344,39.290000915527344,3105.0
2024-10-25 10:38:00+00:00,CLFD,36.779998779296875,36.779998779296875,36.779998779296875,36.779998779296875,36.779998779296875,226.0
2024-10-25 10:38:00+00:00,CLSK,12.013999938964844,12.013999938964844,12.069999694824219,12.010000228881836,12.069999694824219,105060.0
2024-10-25 10:38:00+00:00,CNDT,3.7149999141693115,3.7149999141693115,3.7300000190734863,3.7149999141693115,3.7300000190734863,10558.0
2024-10-25 10:38:00+00:00,CNXC,45.209999084472656,45.209999084472656,45.209999084472656,45.209999084472656,45.209999084472656,243.0
2024-10-25 10:38:00+00:00,COHR,96.26000213623047,96.26000213623047,96.48999786376953,96.23500061035156,96.46499633789062,6607.0
2024-10-25 10:38:00+00:00,COHU,26.270000457763672,26.270000457763672,26.270000457763672,26.270000457763672,26.270000457763672,839.0
2024-10-25 10:38:00+00:00,COIN,211.35870361328125,211.35870361328125,211.99000549316406,211.35870361328125,211.80999755859375,15590.0
2024-10-25 10:38:00+00:00,COMM,6.46999979019165,6.46999979019165,6.474999904632568,6.46999979019165,6.474999904632568,2279.0
2024-10-25 10:38:00+00:00,CORZ,13.470000267028809,13.470000267028809,13.474200248718262,13.399999618530273,13.40999984741211,39121.0
2024-10-25 10:38:00+00:00,CRCT,6.550000190734863,6.550000190734863,6.550000190734863,6.550000190734863,6.550000190734863,264.0
2024-10-25 10:38:00+00:00,CRDO,39.27000045776367,39.27000045776367,39.5,39.27000045776367,39.5,9218.0
2024-10-25 10:38:00+00:00,CRNC,2.8550000190734863,2.8550000190734863,2.865000009536743,2.8550000190734863,2.865000009536743,9896.0
2024-10-25 10:38:00+00:00,CRNT,2.4600000381469727,2.4600000381469727,2.4600000381469727,2.4600000381469727,2.4600000381469727,1544.0
2024-10-25 10:38:00+00:00,CRSR,6.474999904632568,6.474999904632568,6.474999904632568,6.474999904632568,6.474999904632568,662.0
2024-10-25 10:38:00+00:00,CRUS,122.80000305175781,122.80000305175781,122.81999969482422,122.7699966430664,122.81999969482422,1711.0
2024-10-25 10:38:00+00:00,CRWD,309.875,309.875,310.2799987792969,309.875,310.25,6849.0
2024-10-25 10:38:00+00:00,CSCO,56.3849983215332,56.3849983215332,56.400001525878906,56.375,56.3849983215332,23517.0
2024-10-25 10:38:00+00:00,CSIQ,13.520000457763672,13.520000457763672,13.520000457763672,13.489999771118164,13.500100135803223,9979.0
2024-10-25 10:38:00+00:00,CTLP,9.0600004196167,9.0600004196167,9.063400268554688,9.0600004196167,9.063400268554688,3020.0
2024-10-25 10:38:00+00:00,CTSH,75.24819946289062,75.24819946289062,75.25,75.23999786376953,75.25,1301.0
2024-10-25 10:38:00+00:00,CVLT,135.0,135.0,135.0,135.0,135.0,581.0
2024-10-25 10:38:00+00:00,DBX,26.1200008392334,26.1200008392334,26.161800384521484,26.1200008392334,26.161800384521484,13339.0
2024-10-25 10:38:00+00:00,DDOG,126.95500183105469,126.95500183105469,127.24500274658203,126.95500183105469,127.24500274658203,49066.0
2024-10-25 10:38:00+00:00,DGHI,1.4220000505447388,1.4220000505447388,1.4299999475479126,1.4220000505447388,1.4299999475479126,883.0
2024-10-25 10:38:00+00:00,DGII,30.200000762939453,30.200000762939453,30.200000762939453,30.200000762939453,30.200000762939453,205.0
2024-10-25 10:38:00+00:00,DIOD,66.375,66.375,66.375,66.375,66.375,1306.0
2024-10-25 10:38:00+00:00,DLO,8.819999694824219,8.819999694824219,8.819999694824219,8.819999694824219,8.819999694824219,160.0
2024-10-25 10:38:00+00:00,DMRC,31.28499984741211,31.28499984741211,31.28499984741211,31.139999389648438,31.139999389648438,311.0
2024-10-25 10:38:00+00:00,DOCU,70.7300033569336,70.7300033569336,70.80000305175781,70.7300033569336,70.77999877929688,8223.0
2024-10-25 10:38:00+00:00,DOMO,8.0600004196167,8.0600004196167,8.0600004196167,8.0600004196167,8.0600004196167,121.0
2024-10-25 10:38:00+00:00,DOX,90.09989929199219,90.09989929199219,90.09989929199219,90.09989929199219,90.09989929199219,1573.0
2024-10-25 10:38:00+00:00,DSP,11.5,11.5,11.5,11.5,11.5,436.0
2024-10-25 10:38:00+00:00,DTSS,2.450000047683716,2.450000047683716,2.450000047683716,2.410099983215332,2.410099983215332,329.0
2024-10-25 10:38:00+00:00,DUOL,286.6864929199219,286.6864929199219,286.6864929199219,286.6864929199219,286.6864929199219,681.0
2024-10-25 10:38:00+00:00,EEFT,102.09809875488281,102.09809875488281,102.09809875488281,102.09809875488281,102.09809875488281,523.0
2024-10-25 10:38:00+00:00,ENPH,82.04000091552734,82.04000091552734,82.06999969482422,81.9800033569336,82.02559661865234,6204.0
2024-10-25 10:38:00+00:00,ENTG,104.73999786376953,104.73999786376953,104.83999633789062,104.73999786376953,104.80500030517578,3971.0
2024-10-25 10:38:00+00:00,ERIC,8.506099700927734,8.506099700927734,8.510000228881836,8.505000114440918,8.510000228881836,18965.0
2024-10-25 10:38:00+00:00,EVCM,10.630000114440918,10.630000114440918,10.630000114440918,10.630000114440918,10.630000114440918,1350.0
2024-10-25 10:38:00+00:00,EXTR,14.550000190734863,14.550000190734863,14.550000190734863,14.550000190734863,14.550000190734863,238.0
2024-10-25 10:38:00+00:00,FFIV,216.83999633789062,216.83999633789062,216.83999633789062,216.75,216.75,646.0
2024-10-25 10:38:00+00:00,FIVN,30.600000381469727,30.600000381469727,30.604999542236328,30.589500427246094,30.589500427246094,2033.0
2024-10-25 10:38:00+00:00,FLEX,35.525001525878906,35.525001525878906,35.57500076293945,35.5099983215332,35.53499984741211,6255.0
2024-10-25 10:38:00+00:00,FLYW,17.6200008392334,17.6200008392334,17.6200008392334,17.6200008392334,17.6200008392334,236.0
2024-10-25 10:38:00+00:00,FORM,45.33000183105469,45.33000183105469,45.33000183105469,45.33000183105469,45.33000183105469,1492.0
2024-10-25 10:38:00+00:00,FRSH,11.729999542236328,11.729999542236328,11.744999885559082,11.729999542236328,11.744999885559082,5470.0
2024-10-25 10:38:00+00:00,FSLR,198.66610717773438,198.66610717773438,198.94000244140625,198.58999633789062,198.86000061035156,3244.0
2024-10-25 10:38:00+00:00,FTCI,0.7039999961853027,0.7039999961853027,0.7039999961853027,0.7039999961853027,0.7039999961853027,190.0
2024-10-25 10:38:00+00:00,FTNT,81.75,81.75,81.80000305175781,81.7490005493164,81.7490005493164,6708.0
2024-10-25 10:38:00+00:00,GCT,25.6299991607666,25.6299991607666,25.662500381469727,25.6200008392334,25.635000228881836,1458.0
2024-10-25 10:38:00+00:00,GDS,21.780000686645508,21.780000686645508,21.780000686645508,21.780000686645508,21.780000686645508,1647.0
2024-10-25 10:38:00+00:00,GFS,41.08000183105469,41.08000183105469,41.099998474121094,41.04999923706055,41.04999923706055,3263.0
2024-10-25 10:38:00+00:00,GPRO,1.340000033378601,1.340000033378601,1.340000033378601,1.3350000381469727,1.3387999534606934,914.0
2024-10-25 10:38:00+00:00,GRAB,4.091700077056885,4.091700077056885,4.0954999923706055,4.082499980926514,4.085000038146973,286759.0
2024-10-25 10:38:00+00:00,GSIT,3.309999942779541,3.309999942779541,3.309999942779541,3.309999942779541,3.309999942779541,0.0
2024-10-25 10:38:00+00:00,GTLB,55.75600051879883,55.75600051879883,55.75899887084961,55.75600051879883,55.75899887084961,851.0
2024-10-25 10:38:00+00:00,HCP,33.625,33.625,33.630001068115234,33.625,33.625,10859.0
2024-10-25 10:38:00+00:00,HIMX,6.195000171661377,6.195000171661377,6.195000171661377,6.195000171661377,6.195000171661377,2558.0
2024-10-25 10:38:00+00:00,HLIT,14.84000015258789,14.84000015258789,14.84000015258789,14.84000015258789,14.84000015258789,622.0
2024-10-25 10:38:00+00:00,HOLO,3.759999990463257,3.759999990463257,3.770400047302246,3.759999990463257,3.770400047302246,7705.0
2024-10-25 10:38:00+00:00,HOOD,27.344999313354492,27.344999313354492,27.389999389648438,27.34000015258789,27.381200790405273,20152.0
2024-10-25 10:38:00+00:00,IMMR,8.814000129699707,8.814000129699707,8.814000129699707,8.814000129699707,8.814000129699707,814.0
2024-10-25 10:38:00+00:00,IMXI,17.770000457763672,17.770000457763672,17.770000457763672,17.760000228881836,17.760000228881836,400.0
2024-10-25 10:38:00+00:00,INDI,3.5799999237060547,3.5799999237060547,3.6050000190734863,3.569999933242798,3.6050000190734863,27437.0
2024-10-25 10:38:00+00:00,INFN,6.78000020980835,6.78000020980835,6.78000020980835,6.78000020980835,6.78000020980835,200.0
2024-10-25 10:38:00+00:00,INOD,20.030000686645508,20.030000686645508,20.030000686645508,19.979999542236328,20.020000457763672,2250.0
2024-10-25 10:38:00+00:00,INTA,50.060001373291016,50.060001373291016,50.060001373291016,50.060001373291016,50.060001373291016,701.0
2024-10-25 10:38:00+00:00,INTC,23.274999618530273,23.274999618530273,23.290000915527344,23.229999542236328,23.236000061035156,221472.0
2024-10-25 10:38:00+00:00,KC,2.744999885559082,2.744999885559082,2.749000072479248,2.744999885559082,2.744999885559082,2545.0
2024-10-25 10:38:00+00:00,KLAC,679.2750244140625,679.2750244140625,679.2750244140625,679.2750244140625,679.2750244140625,827.0
2024-10-25 10:38:00+00:00,KLIC,44.58000183105469,44.58000183105469,44.58000183105469,44.58000183105469,44.58000183105469,308.0
2024-10-25 10:38:00+00:00,KLTR,1.340000033378601,1.340000033378601,1.340000033378601,1.340000033378601,1.340000033378601,308.0
2024-10-25 10:38:00+00:00,KOPN,0.7608000040054321,0.7608000040054321,0.7631000280380249,0.7608000040054321,0.7631000280380249,1841.0
2024-10-25 10:38:00+00:00,LASR,10.569999694824219,10.569999694824219,10.569999694824219,10.569999694824219,10.569999694824219,342.0
2024-10-25 10:38:00+00:00,LINK,4.500100135803223,4.500100135803223,4.549900054931641,4.5,4.525000095367432,12072.0
2024-10-25 10:38:00+00:00,LITE,64.61000061035156,64.61000061035156,64.61000061035156,64.61000061035156,64.61000061035156,229.0
2024-10-25 10:38:00+00:00,LPSN,1.1950000524520874,1.1950000524520874,1.1950000524520874,1.190000057220459,1.190000057220459,3627.0
2024-10-25 10:38:00+00:00,LRCX,79.31520080566406,79.31520080566406,79.44000244140625,79.30000305175781,79.36000061035156,77574.0
2024-10-25 10:38:00+00:00,LSCC,54.5099983215332,54.5099983215332,54.599998474121094,54.5,54.599998474121094,3120.0
2024-10-25 10:38:00+00:00,LYFT,13.71500015258789,13.71500015258789,13.720000267028809,13.704999923706055,13.710000038146973,28029.0
2024-10-25 10:38:00+00:00,MANH,276.3299865722656,276.3299865722656,276.6499938964844,276.3299865722656,276.6499938964844,528.0
2024-10-25 10:38:00+00:00,MCHP,77.01000213623047,77.01000213623047,77.04000091552734,77.0,77.0199966430664,9929.0
2024-10-25 10:38:00+00:00,MDB,268.9649963378906,268.9649963378906,269.20001220703125,268.9649963378906,269.20001220703125,3397.0
2024-10-25 10:38:00+00:00,MKSI,100.8499984741211,100.8499984741211,100.88999938964844,100.8499984741211,100.88999938964844,1226.0
2024-10-25 10:38:00+00:00,MKTW,0.5954999923706055,0.5954999923706055,0.5954999923706055,0.5954999923706055,0.5954999923706055,1662.0
2024-10-25 10:38:00+00:00,MNDY,300.5150146484375,300.5150146484375,300.82598876953125,300.4800109863281,300.5751037597656,1599.0
2024-10-25 10:38:00+00:00,MPWR,914.2999877929688,914.2999877929688,914.2999877929688,914.2999877929688,914.2999877929688,662.0
2024-10-25 10:38:00+00:00,MQ,5.324999809265137,5.324999809265137,5.324999809265137,5.320000171661377,5.320000171661377,1166.0
2024-10-25 10:38:00+00:00,MRVL,82.83000183105469,82.83000183105469,82.97000122070312,82.80999755859375,82.95500183105469,17457.0
2024-10-25 10:38:00+00:00,MSFT,430.94000244140625,430.94000244140625,431.17999267578125,430.92999267578125,431.1199951171875,22228.0
2024-10-25 10:38:00+00:00,MSTR,241.875,241.875,242.7799072265625,241.610107421875,242.55999755859375,46618.0
2024-10-25 10:38:00+00:00,MTSI,119.30999755859375,119.30999755859375,119.44999694824219,119.30999755859375,119.44999694824219,926.0
2024-10-25 10:38:00+00:00,MTTR,4.644999980926514,4.644999980926514,4.650000095367432,4.644999980926514,4.650000095367432,1690.0
2024-10-25 10:38:00+00:00,MU,109.31999969482422,109.31999969482422,109.52999877929688,109.27999877929688,109.4800033569336,35634.0
2024-10-25 10:38:00+00:00,MVIS,1.1139999628067017,1.1139999628067017,1.1139999628067017,1.1100000143051147,1.1100000143051147,1500.0
2024-10-25 10:38:00+00:00,MXL,14.979999542236328,14.979999542236328,15.0,14.979999542236328,14.989999771118164,3012.0
2024-10-25 10:38:00+00:00,NCNO,38.375,38.375,38.380001068115234,38.375,38.380001068115234,942.0
2024-10-25 10:38:00+00:00,NNDM,2.3399999141693115,2.3399999141693115,2.3499999046325684,2.3399999141693115,2.3499999046325684,2280.0
2024-10-25 10:38:00+00:00,NSIT,211.94000244140625,211.94000244140625,211.9600067138672,211.8800048828125,211.9199981689453,1155.0
2024-10-25 10:38:00+00:00,NTAP,120.42500305175781,120.42500305175781,120.51000213623047,120.42500305175781,120.4530029296875,2819.0
2024-10-25 10:38:00+00:00,NTGR,20.489999771118164,20.489999771118164,20.489999771118164,20.489999771118164,20.489999771118164,696.0
2024-10-25 10:38:00+00:00,NTNX,62.654998779296875,62.654998779296875,62.654998779296875,62.654998779296875,62.654998779296875,156.0
2024-10-25 10:38:00+00:00,NVDA,143.27749633789062,143.27749633789062,143.57000732421875,143.22500610351562,143.49989318847656,724365.0
2024-10-25 10:38:00+00:00,NVEI,33.525001525878906,33.525001525878906,33.529998779296875,33.525001525878906,33.529998779296875,977.0
2024-10-25 10:38:00+00:00,NVTS,2.615000009536743,2.615000009536743,2.615000009536743,2.609999895095825,2.615000009536743,2272.0
2024-10-25 10:38:00+00:00,NXPI,244.13999938964844,244.13999938964844,244.4199981689453,244.06500244140625,244.35000610351562,6412.0
2024-10-25 10:38:00+00:00,OKTA,72.93000030517578,72.93000030517578,73.0199966430664,72.93000030517578,72.95999908447266,8863.0
2024-10-25 10:38:00+00:00,ON,71.7699966430664,71.7699966430664,71.8499984741211,71.7300033569336,71.83000183105469,16088.0
2024-10-25 10:38:00+00:00,OSPN,14.760000228881836,14.760000228881836,14.760000228881836,14.75,14.760000228881836,1541.0
2024-10-25 10:38:00+00:00,OSS,2.430000066757202,2.430000066757202,2.430000066757202,2.430000066757202,2.430000066757202,2058.0
2024-10-25 10:38:00+00:00,PANW,371.4700012207031,371.4700012207031,372.010009765625,371.4700012207031,372.010009765625,5468.0
2024-10-25 10:38:00+00:00,PAYO,8.289999961853027,8.289999961853027,8.300000190734863,8.289999961853027,8.300000190734863,5930.0
2024-10-25 10:38:00+00:00,PCTY,173.6300048828125,173.6300048828125,173.64999389648438,173.58999633789062,173.64999389648438,1103.0
2024-10-25 10:38:00+00:00,PEGA,80.93499755859375,80.93499755859375,80.9800033569336,80.93499755859375,80.95999908447266,844.0
2024-10-25 10:38:00+00:00,PEGY,4.599999904632568,4.599999904632568,4.599999904632568,4.599999904632568,4.599999904632568,195.0
2024-10-25 10:38:00+00:00,PGY,11.819999694824219,11.819999694824219,11.854999542236328,11.8100004196167,11.84000015258789,4793.0
2024-10-25 10:38:00+00:00,PHUN,9.4399995803833,9.4399995803833,9.460000038146973,9.319999694824219,9.337699890136719,113621.0
2024-10-25 10:38:00+00:00,PI,201.7100067138672,201.7100067138672,201.7100067138672,200.57000732421875,200.57000732421875,6263.0
2024-10-25 10:38:00+00:00,PLAB,23.75,23.75,23.75,23.75,23.75,1708.0
2024-10-25 10:38:00+00:00,POET,4.030099868774414,4.030099868774414,4.030099868774414,4.030099868774414,4.030099868774414,548.0
2024-10-25 10:38:00+00:00,PRCH,1.375,1.375,1.375,1.375,1.375,0.0
2024-10-25 10:38:00+00:00,PTC,186.52000427246094,186.52000427246094,186.52000427246094,186.52000427246094,186.52000427246094,1127.0
2024-10-25 10:38:00+00:00,QCOM,172.33999633789062,172.33999633789062,172.52999877929688,172.33999633789062,172.48500061035156,9064.0
2024-10-25 10:38:00+00:00,QRVO,99.94999694824219,99.94999694824219,100.01000213623047,99.94999694824219,100.01000213623047,2698.0
2024-10-25 10:38:00+00:00,QUBT,1.1299999952316284,1.1299999952316284,1.149999976158142,1.1299999952316284,1.149999976158142,23710.0
2024-10-25 10:38:00+00:00,RELY,14.789999961853027,14.789999961853027,14.795000076293945,14.789999961853027,14.789999961853027,1344.0
2024-10-25 10:38:00+00:00,RGTI,1.284999966621399,1.284999966621399,1.288100004196167,1.2812000513076782,1.284999966621399,0.0
2024-10-25 10:38:00+00:00,RIOT,10.069999694824219,10.069999694824219,10.119999885559082,10.069999694824219,10.11400032043457,48648.0
2024-10-25 10:38:00+00:00,RMBS,43.060001373291016,43.060001373291016,43.099998474121094,43.04499816894531,43.04499816894531,1635.0
2024-10-25 10:38:00+00:00,RMNI,1.7300000190734863,1.7300000190734863,1.7300000190734863,1.7300000190734863,1.7300000190734863,389.0
2024-10-25 10:38:00+00:00,RPAY,7.65500020980835,7.65500020980835,7.65500020980835,7.65500020980835,7.65500020980835,554.0
2024-10-25 10:38:00+00:00,RPD,39.5099983215332,39.5099983215332,39.5099983215332,39.459999084472656,39.459999084472656,647.0
2024-10-25 10:38:00+00:00,RUM,5.799799919128418,5.799799919128418,5.806000232696533,5.799799919128418,5.803999900817871,7789.0
2024-10-25 10:38:00+00:00,RUN,14.444999694824219,14.444999694824219,14.460000038146973,14.444999694824219,14.460000038146973,25186.0
2024-10-25 10:38:00+00:00,SANM,67.9800033569336,67.9800033569336,67.9800033569336,67.93000030517578,67.95999908447266,1557.0
2024-10-25 10:38:00+00:00,SATL,0.9900000095367432,0.9900000095367432,0.9900000095367432,0.9900000095367432,0.9900000095367432,306.0
2024-10-25 10:38:00+00:00,SATS,25.424999237060547,25.424999237060547,25.450000762939453,25.424999237060547,25.450000762939453,1726.0
2024-10-25 10:38:00+00:00,SCSC,45.619998931884766,45.619998931884766,45.619998931884766,45.619998931884766,45.619998931884766,467.0
2024-10-25 10:38:00+00:00,SCWX,8.390000343322754,8.390000343322754,8.390000343322754,8.390000343322754,8.390000343322754,987.0
2024-10-25 10:38:00+00:00,SEDG,15.75,15.75,15.760000228881836,15.729999542236328,15.760000228881836,5312.0
2024-10-25 10:38:00+00:00,SHLS,5.215000152587891,5.215000152587891,5.216000080108643,5.214600086212158,5.215000152587891,515.0
2024-10-25 10:38:00+00:00,SIMO,57.25,57.25,57.25,57.25,57.25,314.0
2024-10-25 10:38:00+00:00,SITM,183.66000366210938,183.66000366210938,183.66000366210938,183.66000366210938,183.66000366210938,1857.0
2024-10-25 10:38:00+00:00,SKYT,10.430000305175781,10.430000305175781,10.475000381469727,10.430000305175781,10.4399995803833,2632.0
2024-10-25 10:38:00+00:00,SLAB,115.16000366210938,115.16000366210938,115.16000366210938,115.16000366210938,115.16000366210938,652.0
2024-10-25 10:38:00+00:00,SLNHP,12.510000228881836,12.510000228881836,12.510000228881836,12.510000228881836,12.510000228881836,393.0
2024-10-25 10:38:00+00:00,SMCI,47.599098205566406,47.599098205566406,47.77920150756836,47.529998779296875,47.74359893798828,136939.0
2024-10-25 10:38:00+00:00,SMTC,45.619998931884766,45.619998931884766,45.619998931884766,45.619998931884766,45.619998931884766,637.0
2024-10-25 10:38:00+00:00,SNPS,506.44000244140625,506.44000244140625,506.5375061035156,506.29998779296875,506.29998779296875,1669.0
2024-10-25 10:38:00+00:00,SONO,12.890000343322754,12.890000343322754,12.890000343322754,12.869999885559082,12.869999885559082,4593.0
2024-10-25 10:38:00+00:00,SOUN,5.264999866485596,5.264999866485596,5.28000020980835,5.260000228881836,5.28000020980835,57847.0
2024-10-25 10:38:00+00:00,SSNC,69.94999694824219,69.94999694824219,69.98500061035156,69.93000030517578,69.93000030517578,4768.0
2024-10-25 10:38:00+00:00,SSYS,7.149899959564209,7.149899959564209,7.149899959564209,7.149899959564209,7.149899959564209,277.0
2024-10-25 10:38:00+00:00,STNE,11.484999656677246,11.484999656677246,11.494999885559082,11.484999656677246,11.489999771118164,3916.0
2024-10-25 10:38:00+00:00,STX,105.01499938964844,105.01499938964844,105.01499938964844,104.91000366210938,104.91000366210938,4272.0
2024-10-25 10:38:00+00:00,SVRE,0.08179999887943268,0.08179999887943268,0.08259999752044678,0.08179999887943268,0.08259999752044678,32432.0
2024-10-25 10:38:00+00:00,SWKS,95.94999694824219,95.94999694824219,96.04000091552734,95.91000366210938,96.04000091552734,3185.0
2024-10-25 10:38:00+00:00,SYNA,73.2125015258789,73.2125015258789,73.2125015258789,73.2125015258789,73.2125015258789,299.0
2024-10-25 10:38:00+00:00,SYTA,1.329800009727478,1.329800009727478,1.350000023841858,1.2999999523162842,1.340000033378601,63001.0
2024-10-25 10:38:00+00:00,TEAM,191.11000061035156,191.11000061035156,191.22999572753906,191.11000061035156,191.22999572753906,2306.0
2024-10-25 10:38:00+00:00,TENB,41.525001525878906,41.525001525878906,41.54999923706055,41.5099983215332,41.540000915527344,3371.0
2024-10-25 10:38:00+00:00,TER,112.29000091552734,112.29000091552734,112.37000274658203,112.22000122070312,112.30999755859375,6840.0
2024-10-25 10:38:00+00:00,TRMB,61.16999816894531,61.16999816894531,61.19499969482422,61.16999816894531,61.16999816894531,920.0
2024-10-25 10:38:00+00:00,TTD,120.44999694824219,120.44999694824219,120.71499633789062,120.44999694824219,120.71499633789062,4507.0
2024-10-25 10:38:00+00:00,TWKS,4.449999809265137,4.449999809265137,4.449999809265137,4.449999809265137,4.449999809265137,293.0
2024-10-25 10:38:00+00:00,TXN,209.4600067138672,209.4600067138672,209.58999633789062,209.4600067138672,209.52999877929688,6719.0
2024-10-25 10:38:00+00:00,UCTT,35.974998474121094,35.974998474121094,36.02000045776367,35.974998474121094,36.02000045776367,5942.0
2024-10-25 10:38:00+00:00,UEIC,8.223899841308594,8.223899841308594,8.223899841308594,8.21500015258789,8.21500015258789,3368.0
2024-10-25 10:38:00+00:00,VERB,10.100000381469727,10.100000381469727,10.100000381469727,10.100000381469727,10.100000381469727,730.0
2024-10-25 10:38:00+00:00,VERX,42.474998474121094,42.474998474121094,42.5,42.474998474121094,42.5,1311.0
2024-10-25 10:38:00+00:00,VMEO,4.75,4.75,4.755000114440918,4.75,4.755000114440918,286.0
2024-10-25 10:38:00+00:00,VNET,3.4549999237060547,3.4549999237060547,3.4549999237060547,3.4549999237060547,3.4549999237060547,300.0
2024-10-25 10:38:00+00:00,VRNS,57.20000076293945,57.20000076293945,57.20000076293945,57.20000076293945,57.20000076293945,416.0
2024-10-25 10:38:00+00:00,VRSN,187.78500366210938,187.78500366210938,187.83999633789062,187.60000610351562,187.60000610351562,3352.0
2024-10-25 10:38:00+00:00,VSAT,10.369999885559082,10.369999885559082,10.390000343322754,10.369999885559082,10.390000343322754,2903.0
2024-10-25 10:38:00+00:00,VUZI,1.3200000524520874,1.3200000524520874,1.3200000524520874,1.309999942779541,1.309999942779541,5820.0
2024-10-25 10:38:00+00:00,VVPR,0.785099983215332,0.785099983215332,0.785099983215332,0.785099983215332,0.785099983215332,834.0
2024-10-25 10:38:00+00:00,WDAY,241.5717010498047,241.5717010498047,241.5717010498047,241.5717010498047,241.5717010498047,1189.0
2024-10-25 10:38:00+00:00,WDC,72.68000030517578,72.68000030517578,72.91999816894531,72.63999938964844,72.77999877929688,55801.0
2024-10-25 10:38:00+00:00,WIX,166.17999267578125,166.17999267578125,166.17999267578125,165.94000244140625,166.17999267578125,1347.0
2024-10-25 10:38:00+00:00,WRAP,1.9199999570846558,1.9199999570846558,1.9199999570846558,1.9198999404907227,1.9199999570846558,531.0
2024-10-25 10:38:00+00:00,XPER,9.420000076293945,9.420000076293945,9.420000076293945,9.420000076293945,9.420000076293945,194.0
2024-10-25 10:38:00+00:00,XRX,10.21500015258789,10.21500015258789,10.21500015258789,10.210000038146973,10.21500015258789,817.0
2024-10-25 10:38:00+00:00,ZI,10.600000381469727,10.600000381469727,10.600000381469727,10.600000381469727,10.600000381469727,3938.0
2024-10-25 10:38:00+00:00,ZM,73.33499908447266,73.33499908447266,73.4000015258789,73.33499908447266,73.37999725341797,5358.0
2024-10-25 10:38:00+00:00,ZS,187.1699981689453,187.1699981689453,187.1699981689453,187.0449981689453,187.07000732421875,1079.0
2024-10-25 10:39:00+00:00,AAOI,18.190000534057617,18.190000534057617,18.209999084472656,18.170000076293945,18.170000076293945,1683.0
2024-10-25 10:39:00+00:00,AAPL,232.37899780273438,232.37899780273438,232.38999938964844,232.25010681152344,232.32000732421875,39223.0
2024-10-25 10:39:00+00:00,ACMR,19.85300064086914,19.85300064086914,19.85300064086914,19.829999923706055,19.829999923706055,8590.0
2024-10-25 10:39:00+00:00,ADBE,487.510009765625,487.510009765625,487.6600036621094,487.30999755859375,487.6600036621094,6047.0
2024-10-25 10:39:00+00:00,ADI,233.60499572753906,233.60499572753906,233.60499572753906,233.4149932861328,233.4149932861328,2628.0
2024-10-25 10:39:00+00:00,ADSK,288.6199951171875,288.6199951171875,288.6700134277344,288.5199890136719,288.6000061035156,1603.0
2024-10-25 10:39:00+00:00,ADTN,6.420000076293945,6.420000076293945,6.420000076293945,6.419899940490723,6.419899940490723,1743.0
2024-10-25 10:39:00+00:00,AEHR,16.81999969482422,16.81999969482422,16.81999969482422,16.780000686645508,16.780000686645508,5791.0
2024-10-25 10:39:00+00:00,AFRM,41.753501892089844,41.753501892089844,41.79999923706055,41.74800109863281,41.74800109863281,15208.0
2024-10-25 10:39:00+00:00,AGYS,113.0,113.0,113.20999908447266,113.0,113.0,13092.0
2024-10-25 10:39:00+00:00,AIP,6.960000038146973,6.960000038146973,6.960000038146973,6.960000038146973,6.960000038146973,386.0
2024-10-25 10:39:00+00:00,AKAM,103.37000274658203,103.37000274658203,103.3844985961914,103.37000274658203,103.3844985961914,1846.0
2024-10-25 10:39:00+00:00,AKTS,0.058400001376867294,0.058400001376867294,0.058400001376867294,0.058400001376867294,0.058400001376867294,107065.0
2024-10-25 10:39:00+00:00,ALGM,22.6299991607666,22.6299991607666,22.639999389648438,22.610000610351562,22.610000610351562,7244.0
2024-10-25 10:39:00+00:00,ALRM,55.13999938964844,55.13999938964844,55.13999938964844,55.13999938964844,55.13999938964844,1596.0
2024-10-25 10:39:00+00:00,ALTR,106.0,106.0,106.01000213623047,106.0,106.01000213623047,226.0
2024-10-25 10:39:00+00:00,AMAT,188.55999755859375,188.55999755859375,188.5850067138672,188.32000732421875,188.4199981689453,9172.0
2024-10-25 10:39:00+00:00,AMD,157.86000061035156,157.86000061035156,157.88999938964844,157.6300048828125,157.74000549316406,66231.0
2024-10-25 10:39:00+00:00,AMKR,30.020000457763672,30.020000457763672,30.020000457763672,30.010000228881836,30.010000228881836,1410.0
2024-10-25 10:39:00+00:00,AMPL,9.239999771118164,9.239999771118164,9.239999771118164,9.239999771118164,9.239999771118164,657.0
2024-10-25 10:39:00+00:00,AMST,2.8301000595092773,2.8301000595092773,2.8949999809265137,2.8301000595092773,2.8499999046325684,1873.0
2024-10-25 10:39:00+00:00,ANY,1.0850000381469727,1.0850000381469727,1.090000033378601,1.0850000381469727,1.090000033378601,771.0
2024-10-25 10:39:00+00:00,API,2.765000104904175,2.765000104904175,2.7699999809265137,2.744999885559082,2.744999885559082,10269.0
2024-10-25 10:39:00+00:00,APP,163.375,163.375,163.5,163.375,163.41229248046875,6875.0
2024-10-25 10:39:00+00:00,APPF,220.96499633789062,220.96499633789062,222.58999633789062,220.30589294433594,222.58999633789062,3422.0
2024-10-25 10:39:00+00:00,APPS,3.130000114440918,3.130000114440918,3.134999990463257,3.130000114440918,3.134999990463257,844.0
2024-10-25 10:39:00+00:00,ARRY,6.474999904632568,6.474999904632568,6.480000019073486,6.46999979019165,6.474999904632568,8383.0
2024-10-25 10:39:00+00:00,ASML,721.47998046875,721.47998046875,721.5599975585938,720.9650268554688,721.0,2440.0
2024-10-25 10:39:00+00:00,ASUR,9.720100402832031,9.720100402832031,9.720100402832031,9.720100402832031,9.720100402832031,865.0
2024-10-25 10:39:00+00:00,AUR,6.474999904632568,6.474999904632568,6.474999904632568,6.460000038146973,6.460000038146973,15406.0
2024-10-25 10:39:00+00:00,AVDX,8.1899995803833,8.1899995803833,8.1899995803833,8.1899995803833,8.1899995803833,728.0
2024-10-25 10:39:00+00:00,AVGO,175.47000122070312,175.47000122070312,175.47000122070312,175.16000366210938,175.27499389648438,14964.0
2024-10-25 10:39:00+00:00,AVPT,12.079999923706055,12.079999923706055,12.079999923706055,12.074999809265137,12.074999809265137,1479.0
2024-10-25 10:39:00+00:00,AVT,54.77000045776367,54.77000045776367,54.77000045776367,54.77000045776367,54.77000045776367,207.0
2024-10-25 10:39:00+00:00,AXTI,2.694999933242798,2.694999933242798,2.694999933242798,2.691499948501587,2.691499948501587,465.0
2024-10-25 10:39:00+00:00,BELFA,103.30999755859375,103.30999755859375,103.30999755859375,103.30999755859375,103.30999755859375,0.0
2024-10-25 10:39:00+00:00,BIGC,5.360000133514404,5.360000133514404,5.364999771118164,5.360000133514404,5.364999771118164,383.0
2024-10-25 10:39:00+00:00,BRZE,31.06999969482422,31.06999969482422,31.06999969482422,31.06999969482422,31.06999969482422,136.0
2024-10-25 10:39:00+00:00,BSY,49.3849983215332,49.3849983215332,49.3849983215332,49.34000015258789,49.34000015258789,1351.0
2024-10-25 10:39:00+00:00,CAN,1.0,1.0,1.0099999904632568,1.0,1.0049999952316284,1643.0
2024-10-25 10:39:00+00:00,CDNS,259.7200012207031,259.7200012207031,259.7200012207031,259.5,259.625,3843.0
2024-10-25 10:39:00+00:00,CDW,219.875,219.875,219.8800048828125,219.8699951171875,219.8800048828125,633.0
2024-10-25 10:39:00+00:00,CETX,0.2992999851703644,0.2992999851703644,0.2992999851703644,0.2992999851703644,0.2992999851703644,3571.0
2024-10-25 10:39:00+00:00,CFLT,22.479999542236328,22.479999542236328,22.489999771118164,22.46500015258789,22.489999771118164,6114.0
2024-10-25 10:39:00+00:00,CGNX,39.279998779296875,39.279998779296875,39.279998779296875,39.279998779296875,39.279998779296875,553.0
2024-10-25 10:39:00+00:00,CHKP,207.80499267578125,207.80499267578125,207.80499267578125,207.80499267578125,207.80499267578125,1090.0
2024-10-25 10:39:00+00:00,CLBT,18.19499969482422,18.19499969482422,18.209999084472656,18.19499969482422,18.209999084472656,572.0
2024-10-25 10:39:00+00:00,CLFD,36.720001220703125,36.720001220703125,36.7400016784668,36.720001220703125,36.7400016784668,2627.0
2024-10-25 10:39:00+00:00,CLSK,12.074999809265137,12.074999809265137,12.078800201416016,12.020000457763672,12.020000457763672,83478.0
2024-10-25 10:39:00+00:00,CNXC,45.209999084472656,45.209999084472656,45.209999084472656,45.209999084472656,45.209999084472656,206.0
2024-10-25 10:39:00+00:00,COHR,96.33999633789062,96.33999633789062,96.3499984741211,96.26000213623047,96.30000305175781,1487.0
2024-10-25 10:39:00+00:00,COIN,211.42080688476562,211.42080688476562,211.63999938964844,211.1199951171875,211.4499969482422,18393.0
2024-10-25 10:39:00+00:00,COMM,6.474999904632568,6.474999904632568,6.474999904632568,6.474999904632568,6.474999904632568,1269.0
2024-10-25 10:39:00+00:00,CORZ,13.46500015258789,13.46500015258789,13.484999656677246,13.4399995803833,13.470000267028809,23897.0
2024-10-25 10:39:00+00:00,CORZW,7.929999828338623,7.929999828338623,7.929999828338623,7.929999828338623,7.929999828338623,672.0
2024-10-25 10:39:00+00:00,CRDO,39.43000030517578,39.43000030517578,39.43000030517578,39.279998779296875,39.30500030517578,4616.0
2024-10-25 10:39:00+00:00,CRSR,6.465000152587891,6.465000152587891,6.465000152587891,6.465000152587891,6.465000152587891,229.0
2024-10-25 10:39:00+00:00,CRWD,310.010009765625,310.010009765625,310.11810302734375,309.7200012207031,309.7300109863281,4480.0
2024-10-25 10:39:00+00:00,CSCO,56.3849983215332,56.3849983215332,56.39500045776367,56.3650016784668,56.38999938964844,14415.0
2024-10-25 10:39:00+00:00,CSIQ,13.550000190734863,13.550000190734863,13.5600004196167,13.510100364685059,13.529999732971191,6810.0
2024-10-25 10:39:00+00:00,CTLP,9.055000305175781,9.055000305175781,9.055000305175781,9.055000305175781,9.055000305175781,113.0
2024-10-25 10:39:00+00:00,CTSH,75.18000030517578,75.18000030517578,75.2300033569336,75.18000030517578,75.2300033569336,20399.0
2024-10-25 10:39:00+00:00,DBX,26.114999771118164,26.114999771118164,26.1200008392334,26.114999771118164,26.1200008392334,2191.0
2024-10-25 10:39:00+00:00,DDOG,126.95999908447266,126.95999908447266,127.01000213623047,126.91000366210938,126.95999908447266,7191.0
2024-10-25 10:39:00+00:00,DGHI,1.4371999502182007,1.4371999502182007,1.4371999502182007,1.4371999502182007,1.4371999502182007,1501.0
2024-10-25 10:39:00+00:00,DGII,30.19499969482422,30.19499969482422,30.19499969482422,30.19499969482422,30.19499969482422,1061.0
2024-10-25 10:39:00+00:00,DLO,8.820799827575684,8.820799827575684,8.820799827575684,8.819999694824219,8.819999694824219,1685.0
2024-10-25 10:39:00+00:00,DMRC,31.1200008392334,31.1200008392334,31.1200008392334,31.1200008392334,31.1200008392334,108.0
2024-10-25 10:39:00+00:00,DOCU,70.7300033569336,70.7300033569336,70.73500061035156,70.7300033569336,70.73500061035156,693.0
2024-10-25 10:39:00+00:00,DTSS,2.430000066757202,2.430000066757202,2.430000066757202,2.430000066757202,2.430000066757202,692.0
2024-10-25 10:39:00+00:00,DUOL,286.4200134277344,286.4200134277344,286.45001220703125,286.3999938964844,286.45001220703125,1116.0
2024-10-25 10:39:00+00:00,ENPH,82.08000183105469,82.08000183105469,82.08000183105469,82.0199966430664,82.04000091552734,5682.0
2024-10-25 10:39:00+00:00,ENTG,105.04000091552734,105.04000091552734,105.04000091552734,104.75,104.75,2589.0
2024-10-25 10:39:00+00:00,ERIC,8.508999824523926,8.508999824523926,8.510000228881836,8.503999710083008,8.505000114440918,33909.0
2024-10-25 10:39:00+00:00,EXFY,1.7200000286102295,1.7200000286102295,1.7200000286102295,1.7200000286102295,1.7200000286102295,293.0
2024-10-25 10:39:00+00:00,FCUV,0.2556000053882599,0.2556000053882599,0.2556000053882599,0.2556000053882599,0.2556000053882599,605.0
2024-10-25 10:39:00+00:00,FFIV,216.83999633789062,216.83999633789062,216.83999633789062,216.83999633789062,216.83999633789062,246.0
2024-10-25 10:39:00+00:00,FIVN,30.610000610351562,30.610000610351562,30.610000610351562,30.59000015258789,30.59000015258789,1692.0
2024-10-25 10:39:00+00:00,FLEX,35.529998779296875,35.529998779296875,35.529998779296875,35.525001525878906,35.525001525878906,1515.0
2024-10-25 10:39:00+00:00,FLYW,17.639999389648438,17.639999389648438,17.639999389648438,17.639999389648438,17.639999389648438,89.0
2024-10-25 10:39:00+00:00,FRGT,1.9098000526428223,1.9098000526428223,1.9098000526428223,1.9049999713897705,1.9049999713897705,307.0
2024-10-25 10:39:00+00:00,FROG,29.559999465942383,29.559999465942383,29.559999465942383,29.524999618530273,29.524999618530273,2081.0
2024-10-25 10:39:00+00:00,FRSH,11.744999885559082,11.744999885559082,11.744999885559082,11.729999542236328,11.734999656677246,24637.0
2024-10-25 10:39:00+00:00,FSLR,198.39999389648438,198.39999389648438,198.7799072265625,198.2677001953125,198.68499755859375,4912.0
2024-10-25 10:39:00+00:00,FTNT,81.7300033569336,81.7300033569336,81.73999786376953,81.70999908447266,81.73999786376953,5752.0
2024-10-25 10:39:00+00:00,GCT,25.614999771118164,25.614999771118164,25.614999771118164,25.614999771118164,25.614999771118164,2291.0
2024-10-25 10:39:00+00:00,GDYN,15.694999694824219,15.694999694824219,15.694999694824219,15.694999694824219,15.694999694824219,105.0
2024-10-25 10:39:00+00:00,GFS,41.09000015258789,41.09000015258789,41.09000015258789,41.040000915527344,41.060001373291016,5276.0
2024-10-25 10:39:00+00:00,GNSS,3.8949999809265137,3.8949999809265137,3.8949999809265137,3.8949999809265137,3.8949999809265137,4165.0
2024-10-25 10:39:00+00:00,GPRO,1.340000033378601,1.340000033378601,1.340000033378601,1.340000033378601,1.340000033378601,143.0
2024-10-25 10:39:00+00:00,GRAB,4.089900016784668,4.089900016784668,4.099999904632568,4.085000038146973,4.09499979019165,311432.0
2024-10-25 10:39:00+00:00,GRRR,4.630000114440918,4.630000114440918,4.630000114440918,4.630000114440918,4.630000114440918,200.0
2024-10-25 10:39:00+00:00,GTLB,55.709999084472656,55.709999084472656,55.709999084472656,55.709999084472656,55.709999084472656,573.0
2024-10-25 10:39:00+00:00,HCP,33.63990020751953,33.63990020751953,33.63999938964844,33.625,33.625,10060.0
2024-10-25 10:39:00+00:00,HEAR,16.68000030517578,16.68000030517578,16.68000030517578,16.670000076293945,16.68000030517578,1580.0
2024-10-25 10:39:00+00:00,HLIT,14.835800170898438,14.835800170898438,14.835800170898438,14.835800170898438,14.835800170898438,610.0
2024-10-25 10:39:00+00:00,HOLO,3.7079999446868896,3.7079999446868896,3.759999990463257,3.700000047683716,3.759999990463257,52135.0
2024-10-25 10:39:00+00:00,HOOD,27.360000610351562,27.360000610351562,27.375,27.329999923706055,27.344999313354492,32898.0
2024-10-25 10:39:00+00:00,IMXI,17.780000686645508,17.780000686645508,17.780000686645508,17.780000686645508,17.780000686645508,559.0
2024-10-25 10:39:00+00:00,INDI,3.565000057220459,3.565000057220459,3.569999933242798,3.565000057220459,3.569999933242798,5938.0
2024-10-25 10:39:00+00:00,INFN,6.784999847412109,6.784999847412109,6.784999847412109,6.78000020980835,6.78000020980835,200.0
2024-10-25 10:39:00+00:00,INOD,20.014999389648438,20.014999389648438,20.014999389648438,20.014999389648438,20.014999389648438,1402.0
2024-10-25 10:39:00+00:00,INTC,23.244600296020508,23.244600296020508,23.280000686645508,23.229999542236328,23.274999618530273,129904.0
2024-10-25 10:39:00+00:00,INTU,613.5,613.5,613.5,613.0700073242188,613.0700073242188,3344.0
2024-10-25 10:39:00+00:00,ITRI,103.4749984741211,103.4749984741211,103.4749984741211,103.4749984741211,103.4749984741211,1299.0
2024-10-25 10:39:00+00:00,KC,2.740000009536743,2.740000009536743,2.744999885559082,2.740000009536743,2.744999885559082,17606.0
2024-10-25 10:39:00+00:00,KLAC,679.1300048828125,679.1300048828125,679.1300048828125,678.1300048828125,678.3900146484375,1755.0
2024-10-25 10:39:00+00:00,KLIC,44.560001373291016,44.560001373291016,44.560001373291016,44.560001373291016,44.560001373291016,479.0
2024-10-25 10:39:00+00:00,LINK,4.53000020980835,4.53000020980835,4.562099933624268,4.53000020980835,4.550000190734863,3974.0
2024-10-25 10:39:00+00:00,LITE,64.61000061035156,64.61000061035156,64.61000061035156,64.61000061035156,64.61000061035156,682.0
2024-10-25 10:39:00+00:00,LOGI,80.95999908447266,80.95999908447266,80.95999908447266,80.95999908447266,80.95999908447266,1559.0
2024-10-25 10:39:00+00:00,LPSN,1.190000057220459,1.190000057220459,1.198199987411499,1.184999942779541,1.190000057220459,19312.0
2024-10-25 10:39:00+00:00,LRCX,79.41500091552734,79.41500091552734,79.42250061035156,79.26000213623047,79.33000183105469,34134.0
2024-10-25 10:39:00+00:00,LSCC,54.54999923706055,54.54999923706055,54.54999923706055,54.52000045776367,54.52000045776367,923.0
2024-10-25 10:39:00+00:00,LYFT,13.699999809265137,13.699999809265137,13.71500015258789,13.69320011138916,13.71500015258789,19374.0
2024-10-25 10:39:00+00:00,MANH,276.3500061035156,276.3500061035156,276.3500061035156,276.3500061035156,276.3500061035156,560.0
2024-10-25 10:39:00+00:00,MAPS,0.8579999804496765,0.8579999804496765,0.8579999804496765,0.8579999804496765,0.8579999804496765,404.0
2024-10-25 10:39:00+00:00,MAXN,5.570000171661377,5.570000171661377,5.570000171661377,5.570000171661377,5.570000171661377,615.0
2024-10-25 10:39:00+00:00,MCHP,77.04000091552734,77.04000091552734,77.04000091552734,76.9800033569336,77.01000213623047,5774.0
2024-10-25 10:39:00+00:00,MDB,268.2900085449219,268.2900085449219,268.43499755859375,268.2900085449219,268.43499755859375,991.0
2024-10-25 10:39:00+00:00,MIND,3.5000998973846436,3.5000998973846436,3.5000998973846436,3.5000998973846436,3.5000998973846436,3806.0
2024-10-25 10:39:00+00:00,MKSI,101.08999633789062,101.08999633789062,101.08999633789062,100.86000061035156,100.86000061035156,12243.0
2024-10-25 10:39:00+00:00,MLAB,116.8949966430664,116.8949966430664,116.8949966430664,116.8949966430664,116.8949966430664,125.0
2024-10-25 10:39:00+00:00,MNDY,300.2572937011719,300.2572937011719,300.4800109863281,300.2572937011719,300.4599914550781,793.0
2024-10-25 10:39:00+00:00,MPWR,912.7650146484375,912.7650146484375,913.7899169921875,912.5,912.510009765625,1344.0
2024-10-25 10:39:00+00:00,MQ,5.320000171661377,5.320000171661377,5.320000171661377,5.320000171661377,5.320000171661377,2370.0
2024-10-25 10:39:00+00:00,MRAM,6.230000019073486,6.230000019073486,6.230000019073486,6.230000019073486,6.230000019073486,501.0
2024-10-25 10:39:00+00:00,MRVL,82.9198989868164,82.9198989868164,82.9198989868164,82.80000305175781,82.81999969482422,10274.0
2024-10-25 10:39:00+00:00,MSFT,431.1499938964844,431.1499938964844,431.19000244140625,430.9100036621094,430.92999267578125,29391.0
2024-10-25 10:39:00+00:00,MSTR,242.77499389648438,242.77499389648438,242.8000030517578,241.7700958251953,241.9915008544922,64174.0
2024-10-25 10:39:00+00:00,MTEK,1.9900000095367432,1.9900000095367432,1.9900000095367432,1.9900000095367432,1.9900000095367432,200.0
2024-10-25 10:39:00+00:00,MTLS,6.010000228881836,6.010000228881836,6.010000228881836,6.005000114440918,6.005000114440918,753.0
2024-10-25 10:39:00+00:00,MTSI,119.4000015258789,119.4000015258789,119.4000015258789,119.4000015258789,119.4000015258789,217.0
2024-10-25 10:39:00+00:00,MU,109.44999694824219,109.44999694824219,109.4740982055664,109.28800201416016,109.29000091552734,22108.0
2024-10-25 10:39:00+00:00,MVIS,1.100000023841858,1.100000023841858,1.1100000143051147,1.100000023841858,1.1100000143051147,2700.0
2024-10-25 10:39:00+00:00,MXL,15.020000457763672,15.020000457763672,15.020000457763672,14.979999542236328,14.979999542236328,4265.0
2024-10-25 10:39:00+00:00,NCNO,38.349998474121094,38.349998474121094,38.3650016784668,38.349998474121094,38.3650016784668,1055.0
2024-10-25 10:39:00+00:00,NEON,7.994999885559082,7.994999885559082,7.994999885559082,7.994999885559082,7.994999885559082,410.0
2024-10-25 10:39:00+00:00,NICE,177.4499969482422,177.4499969482422,177.4499969482422,177.4499969482422,177.4499969482422,297.0
2024-10-25 10:39:00+00:00,NNDM,2.3410000801086426,2.3410000801086426,2.3410000801086426,2.3410000801086426,2.3410000801086426,169.0
2024-10-25 10:39:00+00:00,NSIT,211.47999572753906,211.47999572753906,211.8000030517578,211.47999572753906,211.8000030517578,1266.0
2024-10-25 10:39:00+00:00,NTAP,120.41000366210938,120.41000366210938,120.41000366210938,120.41000366210938,120.41000366210938,491.0
2024-10-25 10:39:00+00:00,NTNX,62.59000015258789,62.59000015258789,62.61000061035156,62.59000015258789,62.61000061035156,1122.0
2024-10-25 10:39:00+00:00,NVDA,143.4149932861328,143.4149932861328,143.4499969482422,143.16000366210938,143.27000427246094,632069.0
2024-10-25 10:39:00+00:00,NVEI,33.525001525878906,33.525001525878906,33.525001525878906,33.525001525878906,33.525001525878906,1078.0
2024-10-25 10:39:00+00:00,NVTS,2.615000009536743,2.615000009536743,2.615000009536743,2.615000009536743,2.615000009536743,421.0
2024-10-25 10:39:00+00:00,NXPI,244.4499969482422,244.4499969482422,244.4499969482422,244.13999938964844,244.13999938964844,3222.0
2024-10-25 10:39:00+00:00,OKTA,72.9000015258789,72.9000015258789,72.9000015258789,72.89849853515625,72.89849853515625,876.0
2024-10-25 10:39:00+00:00,OLED,204.0399932861328,204.0399932861328,204.0399932861328,204.0399932861328,204.0399932861328,961.0
2024-10-25 10:39:00+00:00,ON,71.74500274658203,71.74500274658203,71.80999755859375,71.7300033569336,71.79000091552734,11265.0
2024-10-25 10:39:00+00:00,PANW,371.9049987792969,371.9049987792969,371.9049987792969,371.4241943359375,371.4241943359375,5430.0
2024-10-25 10:39:00+00:00,PAYO,8.300000190734863,8.300000190734863,8.300000190734863,8.28499984741211,8.28499984741211,8219.0
2024-10-25 10:39:00+00:00,PCTY,173.4199981689453,173.4199981689453,173.4199981689453,173.4199981689453,173.4199981689453,2823.0
2024-10-25 10:39:00+00:00,PDFS,29.360000610351562,29.360000610351562,29.360000610351562,29.360000610351562,29.360000610351562,361.0
2024-10-25 10:39:00+00:00,PEGA,80.8550033569336,80.8550033569336,80.9800033569336,80.8550033569336,80.9800033569336,11134.0
2024-10-25 10:39:00+00:00,PEGY,4.577400207519531,4.577400207519531,4.577400207519531,4.577400207519531,4.577400207519531,429.0
2024-10-25 10:39:00+00:00,PGY,11.81089973449707,11.81089973449707,11.81089973449707,11.81089973449707,11.81089973449707,438.0
2024-10-25 10:39:00+00:00,PHUN,9.479999542236328,9.479999542236328,9.5600004196167,9.42020034790039,9.4399995803833,107583.0
2024-10-25 10:39:00+00:00,PI,201.74000549316406,201.74000549316406,201.8000030517578,201.13999938964844,201.8000030517578,6205.0
2024-10-25 10:39:00+00:00,POET,4.03000020980835,4.03000020980835,4.030300140380859,4.03000020980835,4.03000020980835,1350.0
2024-10-25 10:39:00+00:00,PRCH,1.3600000143051147,1.3600000143051147,1.3700000047683716,1.3600000143051147,1.3700000047683716,8948.0
2024-10-25 10:39:00+00:00,PRGS,64.97000122070312,64.97000122070312,64.97000122070312,64.97000122070312,64.97000122070312,1940.0
2024-10-25 10:39:00+00:00,PYCR,14.420000076293945,14.420000076293945,14.430000305175781,14.40999984741211,14.430000305175781,1784.0
2024-10-25 10:39:00+00:00,QCOM,172.4499969482422,172.4499969482422,172.46499633789062,172.25,172.31399536132812,9826.0
2024-10-25 10:39:00+00:00,QH,1.440000057220459,1.440000057220459,1.440000057220459,1.440000057220459,1.440000057220459,3973.0
2024-10-25 10:39:00+00:00,QMCO,5.309999942779541,5.309999942779541,5.309999942779541,5.309999942779541,5.309999942779541,303.0
2024-10-25 10:39:00+00:00,QRVO,100.05000305175781,100.05000305175781,100.05000305175781,100.02999877929688,100.02999877929688,964.0
2024-10-25 10:39:00+00:00,RDVT,28.979999542236328,28.979999542236328,28.979999542236328,28.979999542236328,28.979999542236328,193.0
2024-10-25 10:39:00+00:00,REKR,1.1050000190734863,1.1050000190734863,1.1050000190734863,1.1050000190734863,1.1050000190734863,401.0
2024-10-25 10:39:00+00:00,RELY,14.774999618530273,14.774999618530273,14.779999732971191,14.774999618530273,14.779999732971191,3840.0
2024-10-25 10:39:00+00:00,RGTI,1.2899999618530273,1.2899999618530273,1.2899999618530273,1.280500054359436,1.2897000312805176,7221.0
2024-10-25 10:39:00+00:00,RIOT,10.104000091552734,10.104000091552734,10.10990047454834,10.069999694824219,10.074999809265137,41021.0
2024-10-25 10:39:00+00:00,RMBS,43.099998474121094,43.099998474121094,43.099998474121094,43.06999969482422,43.09000015258789,1227.0
2024-10-25 10:39:00+00:00,RPAY,7.65500020980835,7.65500020980835,7.65500020980835,7.65500020980835,7.65500020980835,523.0
2024-10-25 10:39:00+00:00,RPD,39.470001220703125,39.470001220703125,39.5099983215332,39.459999084472656,39.47999954223633,7479.0
2024-10-25 10:39:00+00:00,RUM,5.815000057220459,5.815000057220459,5.820000171661377,5.795000076293945,5.795000076293945,10011.0
2024-10-25 10:39:00+00:00,RUN,14.430000305175781,14.430000305175781,14.460000038146973,14.430000305175781,14.449999809265137,14758.0
2024-10-25 10:39:00+00:00,SATS,25.43000030517578,25.43000030517578,25.459999084472656,25.43000030517578,25.459999084472656,882.0
2024-10-25 10:39:00+00:00,SCSC,45.68000030517578,45.68000030517578,45.68000030517578,45.68000030517578,45.68000030517578,877.0
2024-10-25 10:39:00+00:00,SEDG,15.760000228881836,15.760000228881836,15.779999732971191,15.744999885559082,15.75,7183.0
2024-10-25 10:39:00+00:00,SHLS,5.2052001953125,5.2052001953125,5.215000152587891,5.204999923706055,5.210000038146973,4333.0
2024-10-25 10:39:00+00:00,SLNH,4.190000057220459,4.190000057220459,4.230000019073486,4.190000057220459,4.230000019073486,980.0
2024-10-25 10:39:00+00:00,SMCI,47.70709991455078,47.70709991455078,47.720001220703125,47.560001373291016,47.59989929199219,128157.0
2024-10-25 10:39:00+00:00,SMTC,45.654998779296875,45.654998779296875,45.654998779296875,45.6349983215332,45.654998779296875,1336.0
2024-10-25 10:39:00+00:00,SNPS,506.5350036621094,506.5350036621094,506.5350036621094,506.5350036621094,506.5350036621094,2278.0
2024-10-25 10:39:00+00:00,SOUN,5.25600004196167,5.25600004196167,5.269999980926514,5.251299858093262,5.264999866485596,113074.0
2024-10-25 10:39:00+00:00,SSNC,69.96499633789062,69.96499633789062,69.98999786376953,69.96499633789062,69.96499633789062,1232.0
2024-10-25 10:39:00+00:00,STNE,11.5,11.5,11.5,11.484999656677246,11.484999656677246,6804.0
2024-10-25 10:39:00+00:00,STX,105.08989715576172,105.08989715576172,105.08989715576172,105.00499725341797,105.00499725341797,2438.0
2024-10-25 10:39:00+00:00,SWKS,96.04499816894531,96.04499816894531,96.04499816894531,95.91000366210938,95.91000366210938,8370.0
2024-10-25 10:39:00+00:00,SYNA,73.25,73.25,73.25,73.23999786376953,73.23999786376953,1398.0
2024-10-25 10:39:00+00:00,SYTA,1.3250000476837158,1.3250000476837158,1.3600000143051147,1.3250000476837158,1.3299000263214111,57574.0
2024-10-25 10:39:00+00:00,TEAM,190.8699951171875,190.8699951171875,191.02999877929688,190.8699951171875,190.88999938964844,1728.0
2024-10-25 10:39:00+00:00,TENB,41.58000183105469,41.58000183105469,41.58000183105469,41.525001525878906,41.525001525878906,2473.0
2024-10-25 10:39:00+00:00,TER,112.3550033569336,112.3550033569336,112.38500213623047,112.1405029296875,112.26000213623047,10017.0
2024-10-25 10:39:00+00:00,TLS,3.6500000953674316,3.6500000953674316,3.6500000953674316,3.640000104904175,3.640000104904175,1115.0
2024-10-25 10:39:00+00:00,TRMB,61.16999816894531,61.16999816894531,61.16999816894531,61.16999816894531,61.16999816894531,861.0
2024-10-25 10:39:00+00:00,TSEM,45.540000915527344,45.540000915527344,45.56990051269531,45.540000915527344,45.56990051269531,428.0
2024-10-25 10:39:00+00:00,TTD,120.51000213623047,120.51000213623047,120.54000091552734,120.38999938964844,120.4800033569336,5997.0
2024-10-25 10:39:00+00:00,TTEC,5.460000038146973,5.460000038146973,5.461699962615967,5.460000038146973,5.461699962615967,2202.0
2024-10-25 10:39:00+00:00,TTMI,19.600000381469727,19.600000381469727,19.610000610351562,19.59000015258789,19.610000610351562,1035.0
2024-10-25 10:39:00+00:00,TWKS,4.454999923706055,4.454999923706055,4.454999923706055,4.449999809265137,4.449999809265137,13130.0
2024-10-25 10:39:00+00:00,TXN,209.6699981689453,209.6699981689453,209.6699981689453,209.32000732421875,209.4550018310547,6754.0
2024-10-25 10:39:00+00:00,UCTT,35.97999954223633,35.97999954223633,35.97999954223633,35.95500183105469,35.970001220703125,742.0
2024-10-25 10:39:00+00:00,UEIC,8.239999771118164,8.239999771118164,8.239999771118164,8.223899841308594,8.223899841308594,643.0
2024-10-25 10:39:00+00:00,VECO,29.579999923706055,29.579999923706055,29.579999923706055,29.579999923706055,29.579999923706055,549.0
2024-10-25 10:39:00+00:00,VERI,3.5,3.5,3.509999990463257,3.5,3.509999990463257,1598.0
2024-10-25 10:39:00+00:00,VERX,42.43000030517578,42.43000030517578,42.43000030517578,42.43000030517578,42.43000030517578,613.0
2024-10-25 10:39:00+00:00,VICR,46.86000061035156,46.86000061035156,46.86000061035156,46.86000061035156,46.86000061035156,441.0
2024-10-25 10:39:00+00:00,VMEO,4.760000228881836,4.760000228881836,4.760000228881836,4.735000133514404,4.75,28673.0
2024-10-25 10:39:00+00:00,VNET,3.4549999237060547,3.4549999237060547,3.4600000381469727,3.4549999237060547,3.4584999084472656,825.0
2024-10-25 10:39:00+00:00,VRNS,57.13999938964844,57.13999938964844,57.154998779296875,57.13999938964844,57.154998779296875,1136.0
2024-10-25 10:39:00+00:00,VRSN,187.6999969482422,187.6999969482422,187.6999969482422,187.6999969482422,187.6999969482422,1671.0
2024-10-25 10:39:00+00:00,VSAT,10.34000015258789,10.34000015258789,10.34000015258789,10.34000015258789,10.34000015258789,2174.0
2024-10-25 10:39:00+00:00,WDAY,241.5800018310547,241.5800018310547,241.6497039794922,241.5800018310547,241.6497039794922,1669.0
2024-10-25 10:39:00+00:00,WDC,72.83799743652344,72.83799743652344,72.8499984741211,72.69000244140625,72.69499969482422,43409.0
2024-10-25 10:39:00+00:00,XPER,9.425000190734863,9.425000190734863,9.425000190734863,9.425000190734863,9.425000190734863,236.0
2024-10-25 10:39:00+00:00,XRX,10.21500015258789,10.21500015258789,10.21500015258789,10.21500015258789,10.21500015258789,501.0
2024-10-25 10:39:00+00:00,ZBRA,364.8299865722656,364.8299865722656,364.8299865722656,364.8299865722656,364.8299865722656,322.0
2024-10-25 10:39:00+00:00,ZI,10.604999542236328,10.604999542236328,10.609999656677246,10.604999542236328,10.604999542236328,4727.0
2024-10-25 10:39:00+00:00,ZM,73.44000244140625,73.44000244140625,73.44000244140625,73.37999725341797,73.37999725341797,3319.0
2024-10-25 10:39:00+00:00,ZS,186.96499633789062,186.96499633789062,187.0,186.96499633789062,187.0,1716.0
2024-10-25 10:40:00+00:00,AAOI,18.139999389648438,18.139999389648438,18.18000030517578,18.110000610351562,18.18000030517578,3680.0
2024-10-25 10:40:00+00:00,AAPL,232.4600067138672,232.4600067138672,232.5,232.3699951171875,232.3699951171875,44152.0
2024-10-25 10:40:00+00:00,ACIW,49.43199920654297,49.43199920654297,49.43429946899414,49.43199920654297,49.43429946899414,821.0
2024-10-25 10:40:00+00:00,ACLS,91.12000274658203,91.12000274658203,91.12999725341797,91.12000274658203,91.12999725341797,1004.0
2024-10-25 10:40:00+00:00,ACMR,19.864999771118164,19.864999771118164,19.875,19.858600616455078,19.8700008392334,5271.0
2024-10-25 10:40:00+00:00,ADBE,487.7699890136719,487.7699890136719,487.7699890136719,487.510009765625,487.510009765625,5880.0
2024-10-25 10:40:00+00:00,ADI,233.82000732421875,233.82000732421875,233.82000732421875,233.71499633789062,233.72000122070312,1626.0
2024-10-25 10:40:00+00:00,ADSK,288.69000244140625,288.69000244140625,288.69000244140625,288.5950012207031,288.5950012207031,689.0
2024-10-25 10:40:00+00:00,AEHR,16.837299346923828,16.837299346923828,16.860000610351562,16.836000442504883,16.836000442504883,1726.0
2024-10-25 10:40:00+00:00,AFRM,41.83509826660156,41.83509826660156,41.84000015258789,41.75,41.75,8483.0
2024-10-25 10:40:00+00:00,AKAM,103.36000061035156,103.36000061035156,103.375,103.36000061035156,103.375,484.0
2024-10-25 10:40:00+00:00,AKTS,0.05900000035762787,0.05900000035762787,0.05900000035762787,0.058400001376867294,0.058400001376867294,46700.0
2024-10-25 10:40:00+00:00,ALGM,22.700000762939453,22.700000762939453,22.709999084472656,22.649999618530273,22.649999618530273,6247.0
2024-10-25 10:40:00+00:00,ALKT,38.18320083618164,38.18320083618164,38.18320083618164,38.18320083618164,38.18320083618164,645.0
2024-10-25 10:40:00+00:00,ALRM,55.1150016784668,55.1150016784668,55.1150016784668,55.1150016784668,55.1150016784668,999.0
2024-10-25 10:40:00+00:00,ALTR,105.98999786376953,105.98999786376953,105.99500274658203,105.98999786376953,105.99500274658203,669.0
2024-10-25 10:40:00+00:00,AMAT,188.71009826660156,188.71009826660156,188.99989318847656,188.63999938964844,188.63999938964844,21017.0
2024-10-25 10:40:00+00:00,AMD,157.9600067138672,157.9600067138672,158.0500030517578,157.88160705566406,157.88160705566406,68881.0
2024-10-25 10:40:00+00:00,AMKR,30.09000015258789,30.09000015258789,30.100000381469727,30.049999237060547,30.049999237060547,3415.0
2024-10-25 10:40:00+00:00,AMPG,1.0299999713897705,1.0299999713897705,1.031000018119812,1.0299999713897705,1.031000018119812,2166.0
2024-10-25 10:40:00+00:00,AMST,2.8334999084472656,2.8334999084472656,2.8334999084472656,2.8301000595092773,2.8301000595092773,200.0
2024-10-25 10:40:00+00:00,ANSS,327.1499938964844,327.1499938964844,327.1499938964844,327.1499938964844,327.1499938964844,593.0
2024-10-25 10:40:00+00:00,ANY,1.0850000381469727,1.0850000381469727,1.0850000381469727,1.0850000381469727,1.0850000381469727,434.0
2024-10-25 10:40:00+00:00,AOSL,36.369998931884766,36.369998931884766,36.369998931884766,36.31999969482422,36.31999969482422,1022.0
2024-10-25 10:40:00+00:00,API,2.7699999809265137,2.7699999809265137,2.7699999809265137,2.765000104904175,2.76990008354187,12071.0
2024-10-25 10:40:00+00:00,APP,163.4456024169922,163.4456024169922,163.5,163.3719940185547,163.37860107421875,3724.0
2024-10-25 10:40:00+00:00,APPF,221.35000610351562,221.35000610351562,221.35000610351562,221.35000610351562,221.35000610351562,1315.0
2024-10-25 10:40:00+00:00,ARQQ,7.599899768829346,7.599899768829346,7.599999904632568,7.539999961853027,7.599999904632568,2492.0
2024-10-25 10:40:00+00:00,ARRY,6.453999996185303,6.453999996185303,6.46999979019165,6.449999809265137,6.46999979019165,11168.0
2024-10-25 10:40:00+00:00,ASML,722.0499877929688,722.0499877929688,722.169921875,721.7301025390625,721.8499755859375,3412.0
2024-10-25 10:40:00+00:00,AUR,6.479400157928467,6.479400157928467,6.480000019073486,6.4791998863220215,6.4791998863220215,4254.0
2024-10-25 10:40:00+00:00,AVGO,175.4949951171875,175.4949951171875,175.6300048828125,175.48500061035156,175.5,23644.0
2024-10-25 10:40:00+00:00,AVT,54.7400016784668,54.7400016784668,54.77000045776367,54.7400016784668,54.77000045776367,412.0
2024-10-25 10:40:00+00:00,BASE,16.575000762939453,16.575000762939453,16.575000762939453,16.549999237060547,16.549999237060547,1856.0
2024-10-25 10:40:00+00:00,BIGC,5.364999771118164,5.364999771118164,5.364999771118164,5.364999771118164,5.364999771118164,372.0
2024-10-25 10:40:00+00:00,BMBL,7.300000190734863,7.300000190734863,7.304999828338623,7.300000190734863,7.304999828338623,1993.0
2024-10-25 10:40:00+00:00,BRZE,31.079999923706055,31.079999923706055,31.079999923706055,31.079999923706055,31.079999923706055,782.0
2024-10-25 10:40:00+00:00,BSY,49.40999984741211,49.40999984741211,49.40999984741211,49.40999984741211,49.40999984741211,619.0
2024-10-25 10:40:00+00:00,CAMT,78.7750015258789,78.7750015258789,78.7750015258789,78.69999694824219,78.69999694824219,1648.0
2024-10-25 10:40:00+00:00,CAN,1.0,1.0,1.0049999952316284,1.0,1.0,1400.0
2024-10-25 10:40:00+00:00,CDNS,259.80499267578125,259.80499267578125,259.8299865722656,259.7300109863281,259.739990234375,3345.0
2024-10-25 10:40:00+00:00,CDW,219.85000610351562,219.85000610351562,219.85000610351562,219.85000610351562,219.85000610351562,1265.0
2024-10-25 10:40:00+00:00,CETX,0.29919999837875366,0.29919999837875366,0.29919999837875366,0.29919999837875366,0.29919999837875366,301.0
2024-10-25 10:40:00+00:00,CFLT,22.489999771118164,22.489999771118164,22.489999771118164,22.479999542236328,22.479999542236328,4508.0
2024-10-25 10:40:00+00:00,CGNX,39.314998626708984,39.314998626708984,39.314998626708984,39.290000915527344,39.290000915527344,1352.0
2024-10-25 10:40:00+00:00,CHKP,207.9199981689453,207.9199981689453,207.9199981689453,207.9199981689453,207.9199981689453,5069.0
2024-10-25 10:40:00+00:00,CLSK,12.130000114440918,12.130000114440918,12.130000114440918,12.0649995803833,12.069999694824219,108315.0
2024-10-25 10:40:00+00:00,CNDT,3.7149999141693115,3.7149999141693115,3.7149999141693115,3.7149999141693115,3.7149999141693115,565.0
2024-10-25 10:40:00+00:00,CNXC,45.209999084472656,45.209999084472656,45.209999084472656,45.209999084472656,45.209999084472656,1574.0
2024-10-25 10:40:00+00:00,COHR,96.43000030517578,96.43000030517578,96.43000030517578,96.31999969482422,96.37000274658203,1607.0
2024-10-25 10:40:00+00:00,COIN,212.1199951171875,212.1199951171875,212.1199951171875,211.4499969482422,211.5,16796.0
2024-10-25 10:40:00+00:00,COMM,6.474999904632568,6.474999904632568,6.474999904632568,6.474999904632568,6.474999904632568,1247.0
2024-10-25 10:40:00+00:00,CORZ,13.515899658203125,13.515899658203125,13.517200469970703,13.470999717712402,13.475000381469727,7637.0
2024-10-25 10:40:00+00:00,CRCT,6.539999961853027,6.539999961853027,6.539999961853027,6.539999961853027,6.539999961853027,965.0
2024-10-25 10:40:00+00:00,CRDO,39.439998626708984,39.439998626708984,39.45000076293945,39.400001525878906,39.43000030517578,3074.0
2024-10-25 10:40:00+00:00,CRSR,6.46999979019165,6.46999979019165,6.46999979019165,6.46999979019165,6.46999979019165,237.0
2024-10-25 10:40:00+00:00,CRUS,122.94000244140625,122.94000244140625,122.94000244140625,122.94000244140625,122.94000244140625,866.0
2024-10-25 10:40:00+00:00,CRWD,310.3599853515625,310.3599853515625,310.3699035644531,310.05999755859375,310.2200012207031,5405.0
2024-10-25 10:40:00+00:00,CSCO,56.37160110473633,56.37160110473633,56.39830017089844,56.369998931884766,56.3849983215332,11949.0
2024-10-25 10:40:00+00:00,CSIQ,13.479999542236328,13.479999542236328,13.555000305175781,13.479999542236328,13.529999732971191,6113.0
2024-10-25 10:40:00+00:00,CTLP,9.055000305175781,9.055000305175781,9.055000305175781,9.055000305175781,9.055000305175781,1337.0
2024-10-25 10:40:00+00:00,CTSH,75.16000366210938,75.16000366210938,75.18499755859375,75.15499877929688,75.18499755859375,5372.0
2024-10-25 10:40:00+00:00,CVLT,135.11500549316406,135.11500549316406,135.1199951171875,135.0749969482422,135.1199951171875,1066.0
2024-10-25 10:40:00+00:00,DBX,26.1299991607666,26.1299991607666,26.1299991607666,26.110000610351562,26.114999771118164,4223.0
2024-10-25 10:40:00+00:00,DDOG,127.03500366210938,127.03500366210938,127.03500366210938,126.98999786376953,127.01000213623047,3029.0
2024-10-25 10:40:00+00:00,DLO,8.829999923706055,8.829999923706055,8.829999923706055,8.829999923706055,8.829999923706055,401.0
2024-10-25 10:40:00+00:00,DMRC,31.229999542236328,31.229999542236328,31.229999542236328,31.229999542236328,31.229999542236328,634.0
2024-10-25 10:40:00+00:00,DOCU,70.75,70.75,70.75,70.7300033569336,70.7499008178711,3243.0
2024-10-25 10:40:00+00:00,DOMO,8.0600004196167,8.0600004196167,8.0600004196167,8.0600004196167,8.0600004196167,184.0
2024-10-25 10:40:00+00:00,DUOL,287.010009765625,287.010009765625,287.010009765625,287.010009765625,287.010009765625,1288.0
2024-10-25 10:40:00+00:00,EEFT,102.25,102.25,102.26599884033203,102.25,102.26599884033203,324.0
2024-10-25 10:40:00+00:00,ENPH,82.15499877929688,82.15499877929688,82.19000244140625,82.05999755859375,82.05999755859375,12776.0
2024-10-25 10:40:00+00:00,ENTG,105.06999969482422,105.06999969482422,105.06999969482422,105.06999969482422,105.06999969482422,687.0
2024-10-25 10:40:00+00:00,ERIC,8.5,8.5,8.510000228881836,8.5,8.509900093078613,107625.0
2024-10-25 10:40:00+00:00,EXTR,14.555000305175781,14.555000305175781,14.555000305175781,14.555000305175781,14.555000305175781,619.0
2024-10-25 10:40:00+00:00,FFIV,216.75999450683594,216.75999450683594,216.75999450683594,216.75999450683594,216.75999450683594,479.0
2024-10-25 10:40:00+00:00,FIVN,30.59149932861328,30.59149932861328,30.59149932861328,30.59149932861328,30.59149932861328,550.0
2024-10-25 10:40:00+00:00,FLEX,35.529998779296875,35.529998779296875,35.529998779296875,35.52000045776367,35.52000045776367,1236.0
2024-10-25 10:40:00+00:00,FLYW,17.610000610351562,17.610000610351562,17.6299991607666,17.610000610351562,17.6299991607666,400.0
2024-10-25 10:40:00+00:00,FORM,45.31999969482422,45.31999969482422,45.34000015258789,45.31999969482422,45.31999969482422,707.0
2024-10-25 10:40:00+00:00,FRGT,1.899999976158142,1.899999976158142,1.899999976158142,1.899999976158142,1.899999976158142,252.0
2024-10-25 10:40:00+00:00,FROG,29.579999923706055,29.579999923706055,29.579999923706055,29.579999923706055,29.579999923706055,960.0
2024-10-25 10:40:00+00:00,FRSH,11.744999885559082,11.744999885559082,11.75,11.744999885559082,11.744999885559082,1314.0
2024-10-25 10:40:00+00:00,FSLR,198.63999938964844,198.63999938964844,198.86990356445312,198.55999755859375,198.55999755859375,3466.0
2024-10-25 10:40:00+00:00,FTNT,81.75,81.75,81.76000213623047,81.7300033569336,81.7300033569336,2751.0
2024-10-25 10:40:00+00:00,GCT,25.6200008392334,25.6200008392334,25.6299991607666,25.6200008392334,25.6299991607666,906.0
2024-10-25 10:40:00+00:00,GDYN,15.699999809265137,15.699999809265137,15.699999809265137,15.699999809265137,15.699999809265137,250.0
2024-10-25 10:40:00+00:00,GFS,41.15480041503906,41.15480041503906,41.16999816894531,41.09000015258789,41.09000015258789,3215.0
2024-10-25 10:40:00+00:00,GILT,4.940000057220459,4.940000057220459,4.940000057220459,4.938899993896484,4.938899993896484,242.0
2024-10-25 10:40:00+00:00,GPRO,1.3350000381469727,1.3350000381469727,1.3350000381469727,1.3313000202178955,1.3313000202178955,1123.0
2024-10-25 10:40:00+00:00,GRAB,4.074999809265137,4.074999809265137,4.099999904632568,4.071599960327148,4.079999923706055,672174.0
2024-10-25 10:40:00+00:00,GRRR,4.63700008392334,4.63700008392334,4.63700008392334,4.627999782562256,4.627999782562256,1193.0
2024-10-25 10:40:00+00:00,GSIT,3.309999942779541,3.309999942779541,3.309999942779541,3.309999942779541,3.309999942779541,200.0
2024-10-25 10:40:00+00:00,HCKT,24.8799991607666,24.8799991607666,24.8799991607666,24.8799991607666,24.8799991607666,158.0
2024-10-25 10:40:00+00:00,HCP,33.63999938964844,33.63999938964844,33.63999938964844,33.630001068115234,33.6349983215332,4734.0
2024-10-25 10:40:00+00:00,HIMX,6.210700035095215,6.210700035095215,6.210700035095215,6.199999809265137,6.199999809265137,3619.0
2024-10-25 10:40:00+00:00,HLIT,14.84000015258789,14.84000015258789,14.84000015258789,14.835000038146973,14.835000038146973,1478.0
2024-10-25 10:40:00+00:00,HOLO,3.7200000286102295,3.7200000286102295,3.7300000190734863,3.7100000381469727,3.7200000286102295,8945.0
2024-10-25 10:40:00+00:00,HOOD,27.390100479125977,27.390100479125977,27.399900436401367,27.360000610351562,27.364999771118164,7845.0
2024-10-25 10:40:00+00:00,HTCR,1.0800000429153442,1.0800000429153442,1.0800000429153442,1.0800000429153442,1.0800000429153442,2150.0
2024-10-25 10:40:00+00:00,ICHR,27.850000381469727,27.850000381469727,27.850000381469727,27.760000228881836,27.760000228881836,1032.0
2024-10-25 10:40:00+00:00,IMMR,8.820099830627441,8.820099830627441,8.82289981842041,8.8100004196167,8.8100004196167,1771.0
2024-10-25 10:40:00+00:00,INDI,3.5799999237060547,3.5799999237060547,3.5799999237060547,3.569999933242798,3.569999933242798,35573.0
2024-10-25 10:40:00+00:00,INFN,6.785999774932861,6.785999774932861,6.785999774932861,6.785999774932861,6.785999774932861,105.0
2024-10-25 10:40:00+00:00,INSG,19.7450008392334,19.7450008392334,19.7450008392334,19.7450008392334,19.7450008392334,1025.0
2024-10-25 10:40:00+00:00,INTA,50.0099983215332,50.0099983215332,50.0099983215332,50.0099983215332,50.0099983215332,746.0
2024-10-25 10:40:00+00:00,INTC,23.274999618530273,23.274999618530273,23.299999237060547,23.2450008392334,23.25,145620.0
2024-10-25 10:40:00+00:00,INTU,614.010009765625,614.010009765625,614.010009765625,613.6500244140625,613.8499755859375,1815.0
2024-10-25 10:40:00+00:00,KC,2.740000009536743,2.740000009536743,2.744999885559082,2.740000009536743,2.744999885559082,800.0
2024-10-25 10:40:00+00:00,KLAC,679.760009765625,679.760009765625,679.760009765625,679.760009765625,679.760009765625,550.0
2024-10-25 10:40:00+00:00,KLIC,44.56999969482422,44.56999969482422,44.56999969482422,44.56999969482422,44.56999969482422,319.0
2024-10-25 10:40:00+00:00,KLTR,1.340000033378601,1.340000033378601,1.340000033378601,1.340000033378601,1.340000033378601,200.0
2024-10-25 10:40:00+00:00,KOPN,0.7551000118255615,0.7551000118255615,0.7551000118255615,0.7551000118255615,0.7551000118255615,300.0
2024-10-25 10:40:00+00:00,LINK,4.599999904632568,4.599999904632568,4.599999904632568,4.519999980926514,4.519999980926514,6324.0
2024-10-25 10:40:00+00:00,LITE,64.61000061035156,64.61000061035156,64.625,64.61000061035156,64.625,931.0
2024-10-25 10:40:00+00:00,LOGI,81.04000091552734,81.04000091552734,81.04000091552734,80.9800033569336,80.9800033569336,696.0
2024-10-25 10:40:00+00:00,LPSN,1.2000000476837158,1.2000000476837158,1.2000000476837158,1.190000057220459,1.190000057220459,7734.0
2024-10-25 10:40:00+00:00,LRCX,79.54000091552734,79.54000091552734,79.5999984741211,79.41500091552734,79.43000030517578,77391.0
2024-10-25 10:40:00+00:00,LSCC,54.57500076293945,54.57500076293945,54.57500076293945,54.56999969482422,54.56999969482422,653.0
2024-10-25 10:40:00+00:00,LTRX,4.01800012588501,4.01800012588501,4.01800012588501,4.01800012588501,4.01800012588501,434.0
2024-10-25 10:40:00+00:00,LUNA,1.7767000198364258,1.7767000198364258,1.7767000198364258,1.7702000141143799,1.7702000141143799,1624.0
2024-10-25 10:40:00+00:00,LYFT,13.710000038146973,13.710000038146973,13.720000267028809,13.699999809265137,13.699999809265137,16316.0
2024-10-25 10:40:00+00:00,MANH,276.6600036621094,276.6600036621094,276.6600036621094,276.6600036621094,276.6600036621094,661.0
2024-10-25 10:40:00+00:00,MCHP,77.12000274658203,77.12000274658203,77.12870025634766,77.05000305175781,77.05000305175781,6746.0
2024-10-25 10:40:00+00:00,MDB,268.4849853515625,268.4849853515625,268.5899963378906,268.3399963378906,268.5899963378906,2350.0
2024-10-25 10:40:00+00:00,MNDY,300.55999755859375,300.55999755859375,300.55999755859375,300.55999755859375,300.55999755859375,886.0
2024-10-25 10:40:00+00:00,MPWR,913.6849975585938,913.6849975585938,914.5999755859375,913.6849975585938,914.0900268554688,3050.0
2024-10-25 10:40:00+00:00,MQ,5.324999809265137,5.324999809265137,5.324999809265137,5.324999809265137,5.324999809265137,3798.0
2024-10-25 10:40:00+00:00,MRVL,83.05500030517578,83.05500030517578,83.11000061035156,82.91999816894531,82.91999816894531,26908.0
2024-10-25 10:40:00+00:00,MSFT,431.3800048828125,431.3800048828125,431.39990234375,431.1300048828125,431.1300048828125,32363.0
2024-10-25 10:40:00+00:00,MSTR,243.75999450683594,243.75999450683594,243.85899353027344,242.69500732421875,242.77499389648438,61694.0
2024-10-25 10:40:00+00:00,MTSI,119.54000091552734,119.54000091552734,119.54000091552734,119.33499908447266,119.33499908447266,492.0
2024-10-25 10:40:00+00:00,MU,109.55000305175781,109.55000305175781,109.58499908447266,109.44000244140625,109.45999908447266,22211.0
2024-10-25 10:40:00+00:00,MVIS,1.1050000190734863,1.1050000190734863,1.1050000190734863,1.1050000190734863,1.1050000190734863,819.0
2024-10-25 10:40:00+00:00,MXL,15.104999542236328,15.104999542236328,15.104999542236328,15.039999961853027,15.039999961853027,4016.0
2024-10-25 10:40:00+00:00,NICE,177.46499633789062,177.46499633789062,177.46499633789062,177.46499633789062,177.46499633789062,863.0
2024-10-25 10:40:00+00:00,NNDM,2.3450000286102295,2.3450000286102295,2.3450000286102295,2.3450000286102295,2.3450000286102295,374.0
2024-10-25 10:40:00+00:00,NTAP,120.44999694824219,120.44999694824219,120.44999694824219,120.44999694824219,120.44999694824219,1245.0
2024-10-25 10:40:00+00:00,NTNX,62.61000061035156,62.61000061035156,62.6349983215332,62.60499954223633,62.619998931884766,3692.0
2024-10-25 10:40:00+00:00,NVDA,143.54010009765625,143.54010009765625,143.6199951171875,143.4199981689453,143.4199981689453,565032.0
2024-10-25 10:40:00+00:00,NVEI,33.529998779296875,33.529998779296875,33.529998779296875,33.529998779296875,33.529998779296875,4303.0
2024-10-25 10:40:00+00:00,NVMI,184.63499450683594,184.63499450683594,184.63499450683594,184.63499450683594,184.63499450683594,514.0
2024-10-25 10:40:00+00:00,NVTS,2.6182000637054443,2.6182000637054443,2.6182000637054443,2.615000009536743,2.6154000759124756,4704.0
2024-10-25 10:40:00+00:00,NXPI,244.61000061035156,244.61000061035156,244.61000061035156,244.41000366210938,244.4499969482422,2501.0
2024-10-25 10:40:00+00:00,ON,71.81500244140625,71.81500244140625,71.86000061035156,71.76000213623047,71.76000213623047,17948.0
2024-10-25 10:40:00+00:00,PANW,371.9731140136719,371.9731140136719,372.0,371.92999267578125,372.0,2751.0
2024-10-25 10:40:00+00:00,PAYO,8.3100004196167,8.3100004196167,8.3149995803833,8.3100004196167,8.3149995803833,1333.0
2024-10-25 10:40:00+00:00,PDFS,29.450000762939453,29.450000762939453,29.459999084472656,29.450000762939453,29.459999084472656,582.0
2024-10-25 10:40:00+00:00,PEGA,80.93000030517578,80.93000030517578,80.93000030517578,80.86000061035156,80.86000061035156,1125.0
2024-10-25 10:40:00+00:00,PET,0.8118000030517578,0.8118000030517578,0.8118000030517578,0.8116999864578247,0.8118000030517578,7621.0
2024-10-25 10:40:00+00:00,PGY,11.859999656677246,11.859999656677246,11.859999656677246,11.829999923706055,11.829999923706055,878.0
2024-10-25 10:40:00+00:00,PHUN,9.479999542236328,9.479999542236328,9.489999771118164,9.470000267028809,9.475000381469727,30802.0
2024-10-25 10:40:00+00:00,PI,201.96499633789062,201.96499633789062,202.27000427246094,201.52000427246094,201.8000030517578,14196.0
2024-10-25 10:40:00+00:00,POET,4.039899826049805,4.039899826049805,4.039999961853027,4.03000020980835,4.03000020980835,1596.0
2024-10-25 10:40:00+00:00,POWI,63.27000045776367,63.27000045776367,63.27000045776367,63.27000045776367,63.27000045776367,918.0
2024-10-25 10:40:00+00:00,PRCH,1.3600000143051147,1.3600000143051147,1.3650000095367432,1.3600000143051147,1.3600000143051147,458.0
2024-10-25 10:40:00+00:00,PXLW,0.7749999761581421,0.7749999761581421,0.7749999761581421,0.7749999761581421,0.7749999761581421,4430.0
2024-10-25 10:40:00+00:00,PYCR,14.435999870300293,14.435999870300293,14.435999870300293,14.420000076293945,14.420000076293945,1464.0
2024-10-25 10:40:00+00:00,QCOM,172.7100067138672,172.7100067138672,172.72000122070312,172.45750427246094,172.47999572753906,13969.0
2024-10-25 10:40:00+00:00,QLYS,121.7300033569336,121.7300033569336,121.7300033569336,121.7300033569336,121.7300033569336,119.0
2024-10-25 10:40:00+00:00,QRVO,100.16999816894531,100.16999816894531,100.16999816894531,100.0999984741211,100.1050033569336,2147.0
2024-10-25 10:40:00+00:00,RELY,14.779999732971191,14.779999732971191,14.789999961853027,14.779999732971191,14.789999961853027,1999.0
2024-10-25 10:40:00+00:00,RGTI,1.2949999570846558,1.2949999570846558,1.2999000549316406,1.2890000343322754,1.2899999618530273,27571.0
2024-10-25 10:40:00+00:00,RIOT,10.154999732971191,10.154999732971191,10.15999984741211,10.102299690246582,10.109000205993652,69547.0
2024-10-25 10:40:00+00:00,RMBS,43.13999938964844,43.13999938964844,43.16999816894531,43.095001220703125,43.099998474121094,3041.0
2024-10-25 10:40:00+00:00,RMNI,1.7400000095367432,1.7400000095367432,1.7400000095367432,1.7400000095367432,1.7400000095367432,200.0
2024-10-25 10:40:00+00:00,RPAY,7.659999847412109,7.659999847412109,7.659999847412109,7.65500020980835,7.65500020980835,1225.0
2024-10-25 10:40:00+00:00,RUM,5.829999923706055,5.829999923706055,5.829999923706055,5.820000171661377,5.820000171661377,33694.0
2024-10-25 10:40:00+00:00,RUN,14.359999656677246,14.359999656677246,14.404999732971191,14.359999656677246,14.404999732971191,10364.0
2024-10-25 10:40:00+00:00,SATS,25.450000762939453,25.450000762939453,25.450000762939453,25.450000762939453,25.450000762939453,799.0
2024-10-25 10:40:00+00:00,SCSC,45.67499923706055,45.67499923706055,45.67499923706055,45.630001068115234,45.630001068115234,2461.0
2024-10-25 10:40:00+00:00,SEDG,15.760000228881836,15.760000228881836,15.770000457763672,15.760000228881836,15.767999649047852,4326.0
2024-10-25 10:40:00+00:00,SHLS,5.215000152587891,5.215000152587891,5.215000152587891,5.204999923706055,5.204999923706055,5629.0
2024-10-25 10:40:00+00:00,SKYT,10.48330020904541,10.48330020904541,10.510000228881836,10.479999542236328,10.479999542236328,2394.0
2024-10-25 10:40:00+00:00,SMCI,47.762001037597656,47.762001037597656,47.790000915527344,47.698001861572266,47.720001220703125,151507.0
2024-10-25 10:40:00+00:00,SMTC,45.78499984741211,45.78499984741211,45.78499984741211,45.650001525878906,45.709999084472656,8516.0
2024-10-25 10:40:00+00:00,SOBR,7.849999904632568,7.849999904632568,7.849999904632568,7.849999904632568,7.849999904632568,5417.0
2024-10-25 10:40:00+00:00,SONO,12.880000114440918,12.880000114440918,12.880000114440918,12.880000114440918,12.880000114440918,706.0
2024-10-25 10:40:00+00:00,SOUN,5.275000095367432,5.275000095367432,5.275000095367432,5.25600004196167,5.260000228881836,17643.0
2024-10-25 10:40:00+00:00,SOUNW,1.8600000143051147,1.8600000143051147,1.8600000143051147,1.8600000143051147,1.8600000143051147,428.0
2024-10-25 10:40:00+00:00,SPSC,181.97999572753906,181.97999572753906,182.44000244140625,181.97999572753906,182.31500244140625,3954.0
2024-10-25 10:40:00+00:00,SRAD,12.399999618530273,12.399999618530273,12.399999618530273,12.399999618530273,12.399999618530273,931.0
2024-10-25 10:40:00+00:00,SSNC,69.99500274658203,69.99500274658203,70.0198974609375,69.96499633789062,69.97160339355469,6589.0
2024-10-25 10:40:00+00:00,SSYS,7.140999794006348,7.140999794006348,7.150000095367432,7.140999794006348,7.150000095367432,300.0
2024-10-25 10:40:00+00:00,STER,16.750699996948242,16.750699996948242,16.750699996948242,16.750699996948242,16.750699996948242,427.0
2024-10-25 10:40:00+00:00,STNE,11.505000114440918,11.505000114440918,11.505000114440918,11.494999885559082,11.494999885559082,4653.0
2024-10-25 10:40:00+00:00,STX,105.125,105.125,105.13999938964844,104.98999786376953,105.0199966430664,13151.0
2024-10-25 10:40:00+00:00,SVRE,0.08240000158548355,0.08240000158548355,0.08240000158548355,0.08209999650716782,0.08209999650716782,4929.0
2024-10-25 10:40:00+00:00,SWKS,96.13999938964844,96.13999938964844,96.13999938964844,96.0999984741211,96.0999984741211,1386.0
2024-10-25 10:40:00+00:00,SYNA,73.31999969482422,73.31999969482422,73.31999969482422,73.31999969482422,73.31999969482422,547.0
2024-10-25 10:40:00+00:00,SYTA,1.2949999570846558,1.2949999570846558,1.3299000263214111,1.2899999618530273,1.3299000263214111,28621.0
2024-10-25 10:40:00+00:00,TEAM,190.9199981689453,190.9199981689453,190.9199981689453,190.9199981689453,190.9199981689453,1706.0
2024-10-25 10:40:00+00:00,TER,112.47000122070312,112.47000122070312,112.4749984741211,112.38999938964844,112.41500091552734,3001.0
2024-10-25 10:40:00+00:00,TSEM,45.539100646972656,45.539100646972656,45.539100646972656,45.539100646972656,45.539100646972656,444.0
2024-10-25 10:40:00+00:00,TTD,120.55000305175781,120.55000305175781,120.62989807128906,120.5199966430664,120.56999969482422,3199.0
2024-10-25 10:40:00+00:00,TTEC,5.460000038146973,5.460000038146973,5.4604997634887695,5.460000038146973,5.460000038146973,2223.0
2024-10-25 10:40:00+00:00,TTMI,19.6299991607666,19.6299991607666,19.6299991607666,19.610000610351562,19.610000610351562,1616.0
2024-10-25 10:40:00+00:00,TWKS,4.449999809265137,4.449999809265137,4.454999923706055,4.449999809265137,4.449999809265137,366.0
2024-10-25 10:40:00+00:00,TXN,209.7899932861328,209.7899932861328,209.80999755859375,209.6699981689453,209.6699981689453,4675.0
2024-10-25 10:40:00+00:00,UCTT,36.040000915527344,36.040000915527344,36.040000915527344,36.0,36.0099983215332,2161.0
2024-10-25 10:40:00+00:00,UEIC,8.286499977111816,8.286499977111816,8.286499977111816,8.286499977111816,8.286499977111816,200.0
2024-10-25 10:40:00+00:00,VECO,29.59000015258789,29.59000015258789,29.59000015258789,29.579999923706055,29.579999923706055,1067.0
2024-10-25 10:40:00+00:00,VERB,10.085000038146973,10.085000038146973,10.085000038146973,10.069999694824219,10.069999694824219,2200.0
2024-10-25 10:40:00+00:00,VERI,3.490000009536743,3.490000009536743,3.490000009536743,3.490000009536743,3.490000009536743,1445.0
2024-10-25 10:40:00+00:00,VICR,47.0,47.0,47.0,47.0,47.0,383.0
2024-10-25 10:40:00+00:00,VMEO,4.764999866485596,4.764999866485596,4.764999866485596,4.764999866485596,4.764999866485596,820.0
2024-10-25 10:40:00+00:00,VRNS,57.14500045776367,57.14500045776367,57.14500045776367,57.14500045776367,57.14500045776367,364.0
2024-10-25 10:40:00+00:00,VRNT,22.389999389648438,22.389999389648438,22.389999389648438,22.3700008392334,22.3700008392334,2361.0
2024-10-25 10:40:00+00:00,VSAT,10.300000190734863,10.300000190734863,10.329999923706055,10.300000190734863,10.329999923706055,3317.0
2024-10-25 10:40:00+00:00,VUZI,1.318600058555603,1.318600058555603,1.3200000524520874,1.318600058555603,1.3200000524520874,2244.0
2024-10-25 10:40:00+00:00,WDAY,241.47999572753906,241.47999572753906,241.63690185546875,241.4600067138672,241.5800018310547,2130.0
2024-10-25 10:40:00+00:00,WDC,72.7699966430664,72.7699966430664,72.91000366210938,72.75,72.83000183105469,29626.0
2024-10-25 10:40:00+00:00,WFCF,11.5,11.5,11.5,11.5,11.5,0.0
2024-10-25 10:40:00+00:00,WISA,1.8350000381469727,1.8350000381469727,1.840000033378601,1.8300000429153442,1.8350000381469727,1072.0
2024-10-25 10:40:00+00:00,XRX,10.21500015258789,10.21500015258789,10.21500015258789,10.210000038146973,10.21500015258789,933.0
2024-10-25 10:40:00+00:00,ZBRA,364.81500244140625,364.81500244140625,364.81500244140625,364.81500244140625,364.81500244140625,586.0
2024-10-25 10:40:00+00:00,ZI,10.579999923706055,10.579999923706055,10.604999542236328,10.579999923706055,10.604999542236328,4398.0
2024-10-25 10:40:00+00:00,ZM,73.37999725341797,73.37999725341797,73.43499755859375,73.36000061035156,73.42500305175781,8610.0
2024-10-25 10:40:00+00:00,ZS,187.0800018310547,187.0800018310547,187.0800018310547,186.97999572753906,187.0399932861328,812.0
2024-10-25 10:41:00+00:00,AAOI,18.10449981689453,18.10449981689453,18.1299991607666,18.10449981689453,18.1299991607666,2266.0
2024-10-25 10:41:00+00:00,AAPL,232.47999572753906,232.47999572753906,232.58999633789062,232.4199981689453,232.4600067138672,81211.0
2024-10-25 10:41:00+00:00,ACMR,19.864999771118164,19.864999771118164,19.864999771118164,19.859600067138672,19.859600067138672,636.0
2024-10-25 10:41:00+00:00,ADBE,487.4200134277344,487.4200134277344,487.69000244140625,487.3900146484375,487.69000244140625,3164.0
2024-10-25 10:41:00+00:00,ADI,233.6999969482422,233.6999969482422,233.8249969482422,233.6999969482422,233.8249969482422,1577.0
2024-10-25 10:41:00+00:00,ADSK,288.9150085449219,288.9150085449219,288.94000244140625,288.6700134277344,288.6700134277344,3412.0
2024-10-25 10:41:00+00:00,AEHR,16.816600799560547,16.816600799560547,16.849899291992188,16.812000274658203,16.829999923706055,2720.0
2024-10-25 10:41:00+00:00,AFRM,41.779998779296875,41.779998779296875,41.81999969482422,41.779998779296875,41.810001373291016,7327.0
2024-10-25 10:41:00+00:00,AKAM,103.38999938964844,103.38999938964844,103.38999938964844,103.38999938964844,103.38999938964844,1043.0
2024-10-25 10:41:00+00:00,AKTS,0.05889999866485596,0.05889999866485596,0.05900000035762787,0.05889999866485596,0.05900000035762787,0.0
2024-10-25 10:41:00+00:00,ALGM,22.71500015258789,22.71500015258789,22.719999313354492,22.69499969482422,22.719999313354492,5011.0
2024-10-25 10:41:00+00:00,ALKT,38.255001068115234,38.255001068115234,38.2599983215332,38.2400016784668,38.2400016784668,554.0
2024-10-25 10:41:00+00:00,ALRM,55.1150016784668,55.1150016784668,55.1150016784668,55.1150016784668,55.1150016784668,158.0
2024-10-25 10:41:00+00:00,AMAT,188.67999267578125,188.67999267578125,188.89990234375,188.67999267578125,188.89990234375,2939.0
2024-10-25 10:41:00+00:00,AMBA,58.06999969482422,58.06999969482422,58.06999969482422,58.06999969482422,58.06999969482422,572.0
2024-10-25 10:41:00+00:00,AMD,157.9600067138672,157.9600067138672,158.01100158691406,157.9219970703125,157.97999572753906,50087.0
2024-10-25 10:41:00+00:00,AMPL,9.244999885559082,9.244999885559082,9.244999885559082,9.244999885559082,9.244999885559082,232.0
2024-10-25 10:41:00+00:00,AMST,2.858099937438965,2.858099937438965,2.8949999809265137,2.8350000381469727,2.8350000381469727,2066.0
2024-10-25 10:41:00+00:00,ANSS,327.4100036621094,327.4100036621094,328.0899963378906,327.4100036621094,328.0899963378906,670.0
2024-10-25 10:41:00+00:00,API,2.765000104904175,2.765000104904175,2.7699999809265137,2.765000104904175,2.7699999809265137,1809.0
2024-10-25 10:41:00+00:00,APP,163.4199981689453,163.4199981689453,163.5,163.39999389648438,163.4199981689453,3723.0
2024-10-25 10:41:00+00:00,APPF,220.17999267578125,220.17999267578125,220.5800018310547,219.8300018310547,220.5800018310547,4618.0
2024-10-25 10:41:00+00:00,APPN,32.439998626708984,32.439998626708984,32.439998626708984,32.439998626708984,32.439998626708984,626.0
2024-10-25 10:41:00+00:00,APPS,3.134999990463257,3.134999990463257,3.134999990463257,3.1312999725341797,3.134999990463257,2105.0
2024-10-25 10:41:00+00:00,ARRY,6.440000057220459,6.440000057220459,6.460000038146973,6.440000057220459,6.460000038146973,25058.0
2024-10-25 10:41:00+00:00,ASML,721.7000122070312,721.7000122070312,722.25,721.7000122070312,721.8900146484375,3397.0
2024-10-25 10:41:00+00:00,AUR,6.505000114440918,6.505000114440918,6.505000114440918,6.485000133514404,6.4899001121521,7642.0
2024-10-25 10:41:00+00:00,AVDX,8.199999809265137,8.199999809265137,8.199999809265137,8.199999809265137,8.199999809265137,5844.0
2024-10-25 10:41:00+00:00,AVGO,175.4600067138672,175.4600067138672,175.5500030517578,175.44000244140625,175.50999450683594,14977.0
2024-10-25 10:41:00+00:00,AVT,54.790000915527344,54.790000915527344,54.790000915527344,54.790000915527344,54.790000915527344,149.0
2024-10-25 10:41:00+00:00,BLKB,86.25499725341797,86.25499725341797,86.30000305175781,86.25499725341797,86.30000305175781,913.0
2024-10-25 10:41:00+00:00,BMBL,7.28000020980835,7.28000020980835,7.28000020980835,7.28000020980835,7.28000020980835,1246.0
2024-10-25 10:41:00+00:00,CAN,1.0,1.0,1.0049999952316284,1.0,1.0049999952316284,600.0
2024-10-25 10:41:00+00:00,CDNS,259.8450012207031,259.8450012207031,259.989990234375,259.7699890136719,259.8800048828125,5099.0
2024-10-25 10:41:00+00:00,CETX,0.29580000042915344,0.29580000042915344,0.29580000042915344,0.29580000042915344,0.29580000042915344,1115.0
2024-10-25 10:41:00+00:00,CFLT,22.540000915527344,22.540000915527344,22.549999237060547,22.4950008392334,22.4950008392334,11881.0
2024-10-25 10:41:00+00:00,CGNT,6.679999828338623,6.679999828338623,6.679999828338623,6.679999828338623,6.679999828338623,502.0
2024-10-25 10:41:00+00:00,CGNX,39.30500030517578,39.30500030517578,39.33000183105469,39.30500030517578,39.314998626708984,907.0
2024-10-25 10:41:00+00:00,CLSK,12.149999618530273,12.149999618530273,12.180000305175781,12.130000114440918,12.140000343322754,101917.0
2024-10-25 10:41:00+00:00,CNDT,3.7149999141693115,3.7149999141693115,3.7149999141693115,3.7149999141693115,3.7149999141693115,1618.0
2024-10-25 10:41:00+00:00,CNXC,45.21500015258789,45.21500015258789,45.25,45.21500015258789,45.25,513.0
2024-10-25 10:41:00+00:00,COHR,96.3499984741211,96.3499984741211,96.41000366210938,96.3499984741211,96.37999725341797,4858.0
2024-10-25 10:41:00+00:00,COHU,26.299999237060547,26.299999237060547,26.299999237060547,26.299999237060547,26.299999237060547,663.0
2024-10-25 10:41:00+00:00,COIN,212.32000732421875,212.32000732421875,212.60670471191406,212.16000366210938,212.2100067138672,16694.0
2024-10-25 10:41:00+00:00,COMM,6.494999885559082,6.494999885559082,6.498000144958496,6.474999904632568,6.474999904632568,9258.0
2024-10-25 10:41:00+00:00,CORZ,13.496000289916992,13.496000289916992,13.510000228881836,13.489999771118164,13.510000228881836,3142.0
2024-10-25 10:41:00+00:00,CRCT,6.539999961853027,6.539999961853027,6.539999961853027,6.539999961853027,6.539999961853027,259.0
2024-10-25 10:41:00+00:00,CRDO,39.470001220703125,39.470001220703125,39.470001220703125,39.44499969482422,39.44499969482422,1193.0
2024-10-25 10:41:00+00:00,CRNC,2.8510000705718994,2.8510000705718994,2.8510000705718994,2.8510000705718994,2.8510000705718994,173.0
2024-10-25 10:41:00+00:00,CRSR,6.46999979019165,6.46999979019165,6.46999979019165,6.46999979019165,6.46999979019165,499.0
2024-10-25 10:41:00+00:00,CRWD,310.5733947753906,310.5733947753906,310.6206970214844,310.375,310.3999938964844,6522.0
2024-10-25 10:41:00+00:00,CSCO,56.349998474121094,56.349998474121094,56.369998931884766,56.349998474121094,56.369998931884766,12095.0
2024-10-25 10:41:00+00:00,CSIQ,13.475000381469727,13.475000381469727,13.5,13.460000038146973,13.5,3377.0
2024-10-25 10:41:00+00:00,CTLP,9.109999656677246,9.109999656677246,9.109999656677246,9.085000038146973,9.085000038146973,40722.0
2024-10-25 10:41:00+00:00,CTSH,75.1449966430664,75.1449966430664,75.1449966430664,75.12999725341797,75.13999938964844,2124.0
2024-10-25 10:41:00+00:00,DAKT,13.341899871826172,13.341899871826172,13.341899871826172,13.341899871826172,13.341899871826172,1231.0
2024-10-25 10:41:00+00:00,DATS,1.5799000263214111,1.5799000263214111,1.5799000263214111,1.5799000263214111,1.5799000263214111,5044.0
2024-10-25 10:41:00+00:00,DAVE,40.10499954223633,40.10499954223633,40.16999816894531,40.10499954223633,40.16999816894531,656.0
2024-10-25 10:41:00+00:00,DBX,26.125,26.125,26.125,26.125,26.125,1015.0
2024-10-25 10:41:00+00:00,DDOG,127.08000183105469,127.08000183105469,127.08000183105469,127.0,127.0,5045.0
2024-10-25 10:41:00+00:00,DGHI,1.4362000226974487,1.4362000226974487,1.4362000226974487,1.4249999523162842,1.4249999523162842,500.0
2024-10-25 10:41:00+00:00,DLO,8.84000015258789,8.84000015258789,8.84000015258789,8.84000015258789,8.84000015258789,355.0
2024-10-25 10:41:00+00:00,DOCU,70.75499725341797,70.75499725341797,70.76679992675781,70.75,70.75,2274.0
2024-10-25 10:41:00+00:00,DOMO,8.055000305175781,8.055000305175781,8.055000305175781,8.055000305175781,8.055000305175781,107.0
2024-10-25 10:41:00+00:00,EEFT,102.38500213623047,102.38500213623047,102.38500213623047,102.2300033569336,102.2300033569336,900.0
2024-10-25 10:41:00+00:00,ENPH,82.08999633789062,82.08999633789062,82.1500015258789,82.04399871826172,82.12999725341797,5032.0
2024-10-25 10:41:00+00:00,ENTG,105.08000183105469,105.08000183105469,105.0999984741211,105.0199966430664,105.0199966430664,1662.0
2024-10-25 10:41:00+00:00,ERIC,8.515000343322754,8.515000343322754,8.520000457763672,8.5,8.5,123203.0
2024-10-25 10:41:00+00:00,EXTR,14.555000305175781,14.555000305175781,14.555000305175781,14.555000305175781,14.555000305175781,461.0
2024-10-25 10:41:00+00:00,FFIV,216.67999267578125,216.67999267578125,216.7550048828125,216.66000366210938,216.7550048828125,2536.0
2024-10-25 10:41:00+00:00,FIVN,30.579999923706055,30.579999923706055,30.579999923706055,30.579999923706055,30.579999923706055,326.0
2024-10-25 10:41:00+00:00,FLEX,35.560001373291016,35.560001373291016,35.560001373291016,35.54999923706055,35.54999923706055,2070.0
2024-10-25 10:41:00+00:00,FLYW,17.649999618530273,17.649999618530273,17.649999618530273,17.639999389648438,17.639999389648438,163.0
2024-10-25 10:41:00+00:00,FORM,45.334999084472656,45.334999084472656,45.334999084472656,45.334999084472656,45.334999084472656,1154.0
2024-10-25 10:41:00+00:00,FRGT,1.9012000560760498,1.9012000560760498,1.9012000560760498,1.899999976158142,1.899999976158142,610.0
2024-10-25 10:41:00+00:00,FRSH,11.739999771118164,11.739999771118164,11.75,11.739999771118164,11.744999885559082,2660.0
2024-10-25 10:41:00+00:00,FSLR,198.7100067138672,198.7100067138672,198.7100067138672,198.7100067138672,198.7100067138672,646.0
2024-10-25 10:41:00+00:00,FTCI,0.699999988079071,0.699999988079071,0.699999988079071,0.699999988079071,0.699999988079071,731.0
2024-10-25 10:41:00+00:00,FTNT,81.73500061035156,81.73500061035156,81.76000213623047,81.7300033569336,81.75499725341797,4406.0
2024-10-25 10:41:00+00:00,GCT,25.6299991607666,25.6299991607666,25.639999389648438,25.6299991607666,25.639999389648438,1980.0
2024-10-25 10:41:00+00:00,GDS,21.770000457763672,21.770000457763672,21.774999618530273,21.770000457763672,21.774999618530273,1392.0
2024-10-25 10:41:00+00:00,GFS,41.13999938964844,41.13999938964844,41.18000030517578,41.119998931884766,41.18000030517578,3580.0
2024-10-25 10:41:00+00:00,GILT,4.939899921417236,4.939899921417236,4.939899921417236,4.939899921417236,4.939899921417236,109.0
2024-10-25 10:41:00+00:00,GPRO,1.340000033378601,1.340000033378601,1.340000033378601,1.340000033378601,1.340000033378601,616.0
2024-10-25 10:41:00+00:00,GRAB,4.073999881744385,4.073999881744385,4.079999923706055,4.070000171661377,4.074999809265137,15307.0
2024-10-25 10:41:00+00:00,GRRR,4.638599872589111,4.638599872589111,4.638599872589111,4.630099773406982,4.630099773406982,1320.0
2024-10-25 10:41:00+00:00,GRRRW,0.06350000202655792,0.06350000202655792,0.06350000202655792,0.06350000202655792,0.06350000202655792,0.0
2024-10-25 10:41:00+00:00,GTLB,55.83000183105469,55.83000183105469,55.849998474121094,55.83000183105469,55.84000015258789,1248.0
2024-10-25 10:41:00+00:00,HCP,33.63999938964844,33.63999938964844,33.63999938964844,33.6349983215332,33.6349983215332,1277.0
2024-10-25 10:41:00+00:00,HOLO,3.734999895095825,3.734999895095825,3.7399001121520996,3.7200000286102295,3.724400043487549,8848.0
2024-10-25 10:41:00+00:00,HOOD,27.40999984741211,27.40999984741211,27.41990089416504,27.3799991607666,27.389999389648438,10759.0
2024-10-25 10:41:00+00:00,HTCR,1.0700000524520874,1.0700000524520874,1.0700000524520874,1.0700000524520874,1.0700000524520874,0.0
2024-10-25 10:41:00+00:00,IIIV,23.100000381469727,23.100000381469727,23.100000381469727,23.100000381469727,23.100000381469727,554.0
2024-10-25 10:41:00+00:00,INDI,3.5850000381469727,3.5850000381469727,3.5850000381469727,3.5799999237060547,3.5799999237060547,1547.0
2024-10-25 10:41:00+00:00,INFN,6.78000020980835,6.78000020980835,6.78000020980835,6.78000020980835,6.78000020980835,300.0
2024-10-25 10:41:00+00:00,INOD,19.9950008392334,19.9950008392334,19.9950008392334,19.9950008392334,19.9950008392334,395.0
2024-10-25 10:41:00+00:00,INTC,23.280000686645508,23.280000686645508,23.299999237060547,23.260000228881836,23.274999618530273,71821.0
2024-10-25 10:41:00+00:00,INTU,614.5800170898438,614.5800170898438,614.5800170898438,614.0399780273438,614.47998046875,1738.0
2024-10-25 10:41:00+00:00,JAMF,16.8700008392334,16.8700008392334,16.878299713134766,16.8700008392334,16.878299713134766,1475.0
2024-10-25 10:41:00+00:00,KC,2.755000114440918,2.755000114440918,2.755000114440918,2.744999885559082,2.744999885559082,15994.0
2024-10-25 10:41:00+00:00,KLAC,680.0399780273438,680.0399780273438,680.0399780273438,680.0399780273438,680.0399780273438,2150.0
2024-10-25 10:41:00+00:00,KLIC,44.57500076293945,44.57500076293945,44.57500076293945,44.57500076293945,44.57500076293945,251.0
2024-10-25 10:41:00+00:00,KLTR,1.340000033378601,1.340000033378601,1.340000033378601,1.340000033378601,1.340000033378601,335.0
2024-10-25 10:41:00+00:00,KOPN,0.7556999921798706,0.7556999921798706,0.7580999732017517,0.7556999921798706,0.7580999732017517,5450.0
2024-10-25 10:41:00+00:00,LINK,4.550000190734863,4.550000190734863,4.650000095367432,4.5,4.639999866485596,17274.0
2024-10-25 10:41:00+00:00,LITE,64.62999725341797,64.62999725341797,64.66999816894531,64.58999633789062,64.66999816894531,1909.0
2024-10-25 10:41:00+00:00,LOGI,81.04000091552734,81.04000091552734,81.04000091552734,81.02999877929688,81.02999877929688,1141.0
2024-10-25 10:41:00+00:00,LPSN,1.1908999681472778,1.1908999681472778,1.2000000476837158,1.1908999681472778,1.2000000476837158,3574.0
2024-10-25 10:41:00+00:00,LRCX,79.29000091552734,79.29000091552734,79.54000091552734,79.29000091552734,79.5250015258789,26937.0
2024-10-25 10:41:00+00:00,LSAK,5.345900058746338,5.345900058746338,5.345900058746338,5.324999809265137,5.324999809265137,3197.0
2024-10-25 10:41:00+00:00,LSCC,54.650001525878906,54.650001525878906,54.65999984741211,54.619998931884766,54.619998931884766,2891.0
2024-10-25 10:41:00+00:00,LTRX,4.019999980926514,4.019999980926514,4.019999980926514,4.019999980926514,4.019999980926514,298.0
2024-10-25 10:41:00+00:00,LYFT,13.704999923706055,13.704999923706055,13.71500015258789,13.70009994506836,13.70009994506836,32886.0
2024-10-25 10:41:00+00:00,MCHP,77.08000183105469,77.08000183105469,77.12000274658203,77.08000183105469,77.11000061035156,5228.0
2024-10-25 10:41:00+00:00,MDB,268.760009765625,268.760009765625,268.760009765625,268.4949951171875,268.4949951171875,1315.0
2024-10-25 10:41:00+00:00,MRAM,6.239999771118164,6.239999771118164,6.239999771118164,6.239999771118164,6.239999771118164,271.0
2024-10-25 10:41:00+00:00,MRVL,83.01200103759766,83.01200103759766,83.06999969482422,83.01200103759766,83.06999969482422,4455.0
2024-10-25 10:41:00+00:00,MSFT,431.1449890136719,431.1449890136719,431.4599914550781,431.1449890136719,431.37860107421875,15905.0
2024-10-25 10:41:00+00:00,MSTR,243.6699981689453,243.6699981689453,244.25,243.58999633789062,243.75,68820.0
2024-10-25 10:41:00+00:00,MTSI,119.63999938964844,119.63999938964844,119.63999938964844,119.5199966430664,119.5199966430664,2218.0
2024-10-25 10:41:00+00:00,MTTR,4.65500020980835,4.65500020980835,4.659999847412109,4.647900104522705,4.647900104522705,8477.0
2024-10-25 10:41:00+00:00,MU,109.57740020751953,109.57740020751953,109.62999725341797,109.52999877929688,109.55999755859375,20116.0
2024-10-25 10:41:00+00:00,MXL,15.079999923706055,15.079999923706055,15.100000381469727,15.079999923706055,15.100000381469727,1779.0
2024-10-25 10:41:00+00:00,NCNO,38.375,38.375,38.377498626708984,38.35200119018555,38.35200119018555,3281.0
2024-10-25 10:41:00+00:00,NICE,177.5,177.5,177.5,177.14999389648438,177.14999389648438,1441.0
2024-10-25 10:41:00+00:00,NNDM,2.345099925994873,2.345099925994873,2.345099925994873,2.345099925994873,2.345099925994873,124.0
2024-10-25 10:41:00+00:00,NTAP,120.5999984741211,120.5999984741211,120.5999984741211,120.44999694824219,120.48999786376953,2844.0
2024-10-25 10:41:00+00:00,NTNX,62.65999984741211,62.65999984741211,62.65999984741211,62.65999984741211,62.65999984741211,351.0
2024-10-25 10:41:00+00:00,NVDA,143.58030700683594,143.58030700683594,143.6199951171875,143.5500030517578,143.5659942626953,410598.0
2024-10-25 10:41:00+00:00,NVEI,33.53499984741211,33.53499984741211,33.53499984741211,33.53499984741211,33.53499984741211,102.0
2024-10-25 10:41:00+00:00,NVMI,184.60000610351562,184.60000610351562,184.97000122070312,184.60000610351562,184.8000030517578,1585.0
2024-10-25 10:41:00+00:00,NVTS,2.630000114440918,2.630000114440918,2.630000114440918,2.615000009536743,2.615000009536743,8499.0
2024-10-25 10:41:00+00:00,NXPI,244.42999267578125,244.42999267578125,244.6999969482422,244.42999267578125,244.61000061035156,3332.0
2024-10-25 10:41:00+00:00,OKTA,72.97750091552734,72.97750091552734,72.97750091552734,72.94999694824219,72.94999694824219,1347.0
2024-10-25 10:41:00+00:00,OLED,203.97999572753906,203.97999572753906,203.97999572753906,203.97999572753906,203.97999572753906,431.0
2024-10-25 10:41:00+00:00,ON,71.76000213623047,71.76000213623047,71.83000183105469,71.75,71.83000183105469,9411.0
2024-10-25 10:41:00+00:00,OSPN,14.779800415039062,14.779800415039062,14.779999732971191,14.779800415039062,14.779999732971191,413.0
2024-10-25 10:41:00+00:00,PANW,372.2799987792969,372.2799987792969,372.2799987792969,372.0350036621094,372.1099853515625,5394.0
2024-10-25 10:41:00+00:00,PAYO,8.3100004196167,8.3100004196167,8.3149995803833,8.3100004196167,8.3149995803833,1252.0
2024-10-25 10:41:00+00:00,PEGA,80.8949966430664,80.8949966430664,80.8949966430664,80.88500213623047,80.88500213623047,665.0
2024-10-25 10:41:00+00:00,PEGY,4.579999923706055,4.579999923706055,4.579999923706055,4.579999923706055,4.579999923706055,1292.0
2024-10-25 10:41:00+00:00,PGY,11.845000267028809,11.845000267028809,11.845000267028809,11.845000267028809,11.845000267028809,468.0
2024-10-25 10:41:00+00:00,PHUN,9.460000038146973,9.460000038146973,9.497599601745605,9.460000038146973,9.479999542236328,31854.0
2024-10-25 10:41:00+00:00,PI,201.88999938964844,201.88999938964844,201.88999938964844,201.77999877929688,201.88499450683594,1251.0
2024-10-25 10:41:00+00:00,POET,4.050000190734863,4.050000190734863,4.050000190734863,4.034999847412109,4.034999847412109,14651.0
2024-10-25 10:41:00+00:00,QCOM,172.6551971435547,172.6551971435547,172.77000427246094,172.6199951171875,172.6999053955078,9029.0
2024-10-25 10:41:00+00:00,QLYS,121.7020034790039,121.7020034790039,121.7020034790039,121.7020034790039,121.7020034790039,763.0
2024-10-25 10:41:00+00:00,QRVO,100.1500015258789,100.1500015258789,100.20500183105469,100.1500015258789,100.16999816894531,2581.0
2024-10-25 10:41:00+00:00,QUBT,1.1401000022888184,1.1401000022888184,1.1401000022888184,1.1401000022888184,1.1401000022888184,2334.0
2024-10-25 10:41:00+00:00,REKR,1.1050000190734863,1.1050000190734863,1.1050000190734863,1.1050000190734863,1.1050000190734863,135.0
2024-10-25 10:41:00+00:00,RELL,13.904999732971191,13.904999732971191,13.904999732971191,13.904999732971191,13.904999732971191,355.0
2024-10-25 10:41:00+00:00,RGTI,1.2999999523162842,1.2999999523162842,1.2999999523162842,1.2949999570846558,1.295300006866455,622.0
2024-10-25 10:41:00+00:00,RIOT,10.170000076293945,10.170000076293945,10.189900398254395,10.159199714660645,10.159199714660645,78190.0
2024-10-25 10:41:00+00:00,RMBS,43.099998474121094,43.099998474121094,43.13999938964844,43.099998474121094,43.13999938964844,1824.0
2024-10-25 10:41:00+00:00,RPD,39.470001220703125,39.470001220703125,39.470001220703125,39.470001220703125,39.470001220703125,483.0
2024-10-25 10:41:00+00:00,RUM,5.840000152587891,5.840000152587891,5.849999904632568,5.835000038146973,5.835000038146973,20792.0
2024-10-25 10:41:00+00:00,RUN,14.359999656677246,14.359999656677246,14.359999656677246,14.345000267028809,14.345000267028809,12128.0
2024-10-25 10:41:00+00:00,SATS,25.450000762939453,25.450000762939453,25.479999542236328,25.450000762939453,25.450000762939453,3437.0
2024-10-25 10:41:00+00:00,SEDG,15.729999542236328,15.729999542236328,15.760000228881836,15.729999542236328,15.760000228881836,2594.0
2024-10-25 10:41:00+00:00,SHLS,5.210000038146973,5.210000038146973,5.215000152587891,5.210000038146973,5.210100173950195,4392.0
2024-10-25 10:41:00+00:00,SKYT,10.533499717712402,10.533499717712402,10.533499717712402,10.510000228881836,10.520000457763672,1197.0
2024-10-25 10:41:00+00:00,SMCI,47.790000915527344,47.790000915527344,47.82490158081055,47.7400016784668,47.75,92807.0
2024-10-25 10:41:00+00:00,SMTC,45.76499938964844,45.76499938964844,45.78499984741211,45.70000076293945,45.78499984741211,1130.0
2024-10-25 10:41:00+00:00,SNPS,507.1400146484375,507.1400146484375,507.1400146484375,507.1400146484375,507.1400146484375,703.0
2024-10-25 10:41:00+00:00,SONO,12.880000114440918,12.880000114440918,12.880000114440918,12.880000114440918,12.880000114440918,357.0
2024-10-25 10:41:00+00:00,SOUN,5.269999980926514,5.269999980926514,5.28000020980835,5.269999980926514,5.270299911499023,13666.0
2024-10-25 10:41:00+00:00,SPSC,182.25,182.25,182.25,182.00999450683594,182.00999450683594,5570.0
2024-10-25 10:41:00+00:00,SPT,27.520000457763672,27.520000457763672,27.520000457763672,27.520000457763672,27.520000457763672,620.0
2024-10-25 10:41:00+00:00,SRAD,12.399999618530273,12.399999618530273,12.399999618530273,12.399999618530273,12.399999618530273,104.0
2024-10-25 10:41:00+00:00,SSNC,70.01000213623047,70.01000213623047,70.0199966430664,70.0,70.0,1509.0
2024-10-25 10:41:00+00:00,SSYS,7.144999980926514,7.144999980926514,7.144999980926514,7.144999980926514,7.144999980926514,137.0
2024-10-25 10:41:00+00:00,STNE,11.517000198364258,11.517000198364258,11.517000198364258,11.501999855041504,11.505000114440918,4418.0
2024-10-25 10:41:00+00:00,STX,105.12999725341797,105.12999725341797,105.16500091552734,105.06999969482422,105.12000274658203,4810.0
2024-10-25 10:41:00+00:00,SVRE,0.0812000036239624,0.0812000036239624,0.08169999718666077,0.0812000036239624,0.08169999718666077,48398.0
2024-10-25 10:41:00+00:00,SWKS,96.12999725341797,96.12999725341797,96.12999725341797,96.1050033569336,96.12000274658203,1641.0
2024-10-25 10:41:00+00:00,SYTA,1.309999942779541,1.309999942779541,1.315000057220459,1.2899999618530273,1.2899999618530273,23663.0
2024-10-25 10:41:00+00:00,TCX,19.709999084472656,19.709999084472656,19.709999084472656,19.709999084472656,19.709999084472656,122.0
2024-10-25 10:41:00+00:00,TEAM,190.94500732421875,190.94500732421875,190.94500732421875,190.94500732421875,190.94500732421875,797.0
2024-10-25 10:41:00+00:00,TENB,41.630001068115234,41.630001068115234,41.630001068115234,41.54999923706055,41.54999923706055,3570.0
2024-10-25 10:41:00+00:00,TER,112.4000015258789,112.4000015258789,112.5,112.38999938964844,112.41999816894531,8778.0
2024-10-25 10:41:00+00:00,TLS,3.6507999897003174,3.6507999897003174,3.6549999713897705,3.6507999897003174,3.6549999713897705,1447.0
2024-10-25 10:41:00+00:00,TSEM,45.27000045776367,45.27000045776367,45.529998779296875,45.27000045776367,45.529998779296875,5765.0
2024-10-25 10:41:00+00:00,TTD,120.5,120.5,120.54499816894531,120.48999786376953,120.48999786376953,2774.0
2024-10-25 10:41:00+00:00,TTMI,19.649999618530273,19.649999618530273,19.649999618530273,19.649999618530273,19.649999618530273,919.0
2024-10-25 10:41:00+00:00,TWKS,4.449999809265137,4.449999809265137,4.449999809265137,4.449999809265137,4.449999809265137,451.0
2024-10-25 10:41:00+00:00,TXN,209.69000244140625,209.69000244140625,209.7050018310547,209.6699981689453,209.7017059326172,4244.0
2024-10-25 10:41:00+00:00,UCTT,36.025001525878906,36.025001525878906,36.025001525878906,36.025001525878906,36.025001525878906,455.0
2024-10-25 10:41:00+00:00,UEIC,8.282600402832031,8.282600402832031,8.282600402832031,8.25,8.25,311.0
2024-10-25 10:41:00+00:00,USIO,1.4077999591827393,1.4077999591827393,1.4077999591827393,1.4077999591827393,1.4077999591827393,0.0
2024-10-25 10:41:00+00:00,VERB,10.050000190734863,10.050000190734863,10.050000190734863,10.050000190734863,10.050000190734863,0.0
2024-10-25 10:41:00+00:00,VERI,3.5097999572753906,3.5097999572753906,3.5097999572753906,3.5097999572753906,3.5097999572753906,836.0
2024-10-25 10:41:00+00:00,VIAV,9.255000114440918,9.255000114440918,9.255000114440918,9.255000114440918,9.255000114440918,6716.0
2024-10-25 10:41:00+00:00,VICR,47.005001068115234,47.005001068115234,47.005001068115234,47.005001068115234,47.005001068115234,353.0
2024-10-25 10:41:00+00:00,VMEO,4.769999980926514,4.769999980926514,4.769999980926514,4.769999980926514,4.769999980926514,1093.0
2024-10-25 10:41:00+00:00,VRNS,57.130001068115234,57.130001068115234,57.16999816894531,57.119998931884766,57.119998931884766,974.0
2024-10-25 10:41:00+00:00,VRSN,187.60000610351562,187.60000610351562,187.60000610351562,187.60000610351562,187.60000610351562,434.0
2024-10-25 10:41:00+00:00,VSAT,10.319999694824219,10.319999694824219,10.319999694824219,10.295000076293945,10.295000076293945,3303.0
2024-10-25 10:41:00+00:00,WDAY,241.47000122070312,241.47000122070312,241.47000122070312,241.40499877929688,241.4600067138672,2275.0
2024-10-25 10:41:00+00:00,WDC,72.5999984741211,72.5999984741211,72.8499984741211,72.51000213623047,72.76000213623047,62055.0
2024-10-25 10:41:00+00:00,WISA,1.840000033378601,1.840000033378601,1.840000033378601,1.840000033378601,1.840000033378601,204.0
2024-10-25 10:41:00+00:00,XRX,10.21500015258789,10.21500015258789,10.21500015258789,10.21500015258789,10.21500015258789,2031.0
2024-10-25 10:41:00+00:00,ZBRA,364.79998779296875,364.79998779296875,364.82000732421875,364.7900085449219,364.7900085449219,894.0
2024-10-25 10:41:00+00:00,ZI,10.579999923706055,10.579999923706055,10.579999923706055,10.579999923706055,10.579999923706055,2587.0
2024-10-25 10:41:00+00:00,ZM,73.42500305175781,73.42500305175781,73.42500305175781,73.38990020751953,73.38990020751953,1648.0
2024-10-25 10:41:00+00:00,ZS,187.38999938964844,187.38999938964844,187.468994140625,187.0399932861328,187.0399932861328,2706.0
2024-10-25 10:42:00+00:00,AAOI,18.137399673461914,18.137399673461914,18.137399673461914,18.110000610351562,18.110000610351562,5164.0
2024-10-25 10:42:00+00:00,AAPL,232.55999755859375,232.55999755859375,232.61000061035156,232.4550018310547,232.47000122070312,59298.0
2024-10-25 10:42:00+00:00,ACLS,91.08999633789062,91.08999633789062,91.08999633789062,91.08999633789062,91.08999633789062,437.0
2024-10-25 10:42:00+00:00,ACMR,19.829999923706055,19.829999923706055,19.84000015258789,19.829999923706055,19.84000015258789,707.0
2024-10-25 10:42:00+00:00,ADBE,487.79998779296875,487.79998779296875,487.79998779296875,487.32708740234375,487.32708740234375,6373.0
2024-10-25 10:42:00+00:00,ADI,233.64999389648438,233.64999389648438,233.6999969482422,233.64999389648438,233.69000244140625,1432.0
2024-10-25 10:42:00+00:00,ADSK,288.95001220703125,288.95001220703125,288.95001220703125,288.95001220703125,288.95001220703125,296.0
2024-10-25 10:42:00+00:00,AEHR,16.81999969482422,16.81999969482422,16.833900451660156,16.796600341796875,16.825000762939453,4803.0
2024-10-25 10:42:00+00:00,AFRM,41.779998779296875,41.779998779296875,41.790000915527344,41.76750183105469,41.77000045776367,3841.0
2024-10-25 10:42:00+00:00,AKTS,0.05849999934434891,0.05849999934434891,0.05900000035762787,0.05849999934434891,0.05869999900460243,111420.0
2024-10-25 10:42:00+00:00,ALGM,22.690000534057617,22.690000534057617,22.729999542236328,22.690000534057617,22.72800064086914,5620.0
2024-10-25 10:42:00+00:00,ALKT,38.268001556396484,38.268001556396484,38.268001556396484,38.268001556396484,38.268001556396484,375.0
2024-10-25 10:42:00+00:00,ALRM,55.1150016784668,55.1150016784668,55.119998931884766,55.11249923706055,55.119998931884766,800.0
2024-10-25 10:42:00+00:00,AMAT,188.4199981689453,188.4199981689453,188.6300048828125,188.4199981689453,188.57000732421875,5855.0
2024-10-25 10:42:00+00:00,AMD,157.74000549316406,157.74000549316406,157.9499053955078,157.74000549316406,157.93499755859375,68632.0
2024-10-25 10:42:00+00:00,AMKR,30.049999237060547,30.049999237060547,30.09000015258789,30.030099868774414,30.09000015258789,4501.0
2024-10-25 10:42:00+00:00,AMPG,1.0499999523162842,1.0499999523162842,1.0499999523162842,1.0399999618530273,1.0399999618530273,1800.0
2024-10-25 10:42:00+00:00,AMST,2.95989990234375,2.95989990234375,2.9600000381469727,2.9100000858306885,2.9100000858306885,5333.0
2024-10-25 10:42:00+00:00,API,2.7699999809265137,2.7699999809265137,2.7699999809265137,2.763000011444092,2.763000011444092,1633.0
2024-10-25 10:42:00+00:00,APP,163.4600067138672,163.4600067138672,163.5,163.33999633789062,163.33999633789062,6986.0
2024-10-25 10:42:00+00:00,APPN,32.400001525878906,32.400001525878906,32.40999984741211,32.400001525878906,32.400001525878906,1088.0
2024-10-25 10:42:00+00:00,APPS,3.134999990463257,3.134999990463257,3.134999990463257,3.130000114440918,3.130000114440918,654.0
2024-10-25 10:42:00+00:00,ARRY,6.429999828338623,6.429999828338623,6.446000099182129,6.420100212097168,6.445000171661377,16773.0
2024-10-25 10:42:00+00:00,ASML,721.3599853515625,721.3599853515625,721.3599853515625,721.3599853515625,721.3599853515625,1516.0
2024-10-25 10:42:00+00:00,ASNS,1.340000033378601,1.340000033378601,1.340000033378601,1.340000033378601,1.340000033378601,870.0
2024-10-25 10:42:00+00:00,AUR,6.510000228881836,6.510000228881836,6.510000228881836,6.5,6.510000228881836,5025.0
2024-10-25 10:42:00+00:00,AVDX,8.199999809265137,8.199999809265137,8.199999809265137,8.199999809265137,8.199999809265137,11170.0
2024-10-25 10:42:00+00:00,AVGO,175.38999938964844,175.38999938964844,175.48069763183594,175.3249969482422,175.42999267578125,15995.0
2024-10-25 10:42:00+00:00,AVPT,12.082500457763672,12.082500457763672,12.082500457763672,12.082500457763672,12.082500457763672,1143.0
2024-10-25 10:42:00+00:00,AVT,54.7599983215332,54.7599983215332,54.7599983215332,54.7599983215332,54.7599983215332,371.0
2024-10-25 10:42:00+00:00,BELFB,79.2750015258789,79.2750015258789,79.2750015258789,79.19999694824219,79.19999694824219,1182.0
2024-10-25 10:42:00+00:00,BSY,49.459999084472656,49.459999084472656,49.459999084472656,49.459999084472656,49.459999084472656,240.0
2024-10-25 10:42:00+00:00,CAN,1.0,1.0,1.0049999952316284,1.0,1.0,9011.0
2024-10-25 10:42:00+00:00,CCSI,20.540000915527344,20.540000915527344,20.56999969482422,20.479999542236328,20.56999969482422,462.0
2024-10-25 10:42:00+00:00,CDNS,259.8299865722656,259.8299865722656,259.8800048828125,259.75,259.7699890136719,4212.0
2024-10-25 10:42:00+00:00,CDW,219.7100067138672,219.7100067138672,219.7100067138672,219.7100067138672,219.7100067138672,387.0
2024-10-25 10:42:00+00:00,CETX,0.29580000042915344,0.29580000042915344,0.29750001430511475,0.29580000042915344,0.29580000042915344,21536.0
2024-10-25 10:42:00+00:00,CFLT,22.53499984741211,22.53499984741211,22.53499984741211,22.520000457763672,22.530000686645508,3263.0
2024-10-25 10:42:00+00:00,CGNX,39.290000915527344,39.290000915527344,39.310001373291016,39.290000915527344,39.29029846191406,2287.0
2024-10-25 10:42:00+00:00,CLBT,18.209999084472656,18.209999084472656,18.209999084472656,18.190000534057617,18.190000534057617,1537.0
2024-10-25 10:42:00+00:00,CLSK,12.100700378417969,12.100700378417969,12.15999984741211,12.100000381469727,12.149999618530273,59428.0
2024-10-25 10:42:00+00:00,CNXC,45.209999084472656,45.209999084472656,45.209999084472656,45.209999084472656,45.209999084472656,889.0
2024-10-25 10:42:00+00:00,COHR,96.36000061035156,96.36000061035156,96.38999938964844,96.3499984741211,96.38999938964844,2255.0
2024-10-25 10:42:00+00:00,COIN,212.1199951171875,212.1199951171875,212.4674072265625,212.10000610351562,212.3249969482422,14671.0
2024-10-25 10:42:00+00:00,COMM,6.5,6.5,6.5,6.494999885559082,6.494999885559082,4239.0
2024-10-25 10:42:00+00:00,CORZ,13.489999771118164,13.489999771118164,13.497900009155273,13.489999771118164,13.494999885559082,2338.0
2024-10-25 10:42:00+00:00,CRCT,6.550000190734863,6.550000190734863,6.550000190734863,6.550000190734863,6.550000190734863,509.0
2024-10-25 10:42:00+00:00,CRDO,39.45000076293945,39.45000076293945,39.47999954223633,39.45000076293945,39.470001220703125,1543.0
2024-10-25 10:42:00+00:00,CRNC,2.8512001037597656,2.8512001037597656,2.8512001037597656,2.8512001037597656,2.8512001037597656,808.0
2024-10-25 10:42:00+00:00,CRWD,310.8800048828125,310.8800048828125,310.8999938964844,310.3800048828125,310.6000061035156,11895.0
2024-10-25 10:42:00+00:00,CSCO,56.35499954223633,56.35499954223633,56.36000061035156,56.34000015258789,56.349998474121094,22334.0
2024-10-25 10:42:00+00:00,CSGS,47.900001525878906,47.900001525878906,47.900001525878906,47.900001525878906,47.900001525878906,875.0
2024-10-25 10:42:00+00:00,CSIQ,13.479999542236328,13.479999542236328,13.5,13.470000267028809,13.489999771118164,17790.0
2024-10-25 10:42:00+00:00,CTLP,9.119999885559082,9.119999885559082,9.13010025024414,9.119999885559082,9.130000114440918,2017.0
2024-10-25 10:42:00+00:00,CTSH,75.1449966430664,75.1449966430664,75.1500015258789,75.13999938964844,75.13999938964844,3079.0
2024-10-25 10:42:00+00:00,CVLT,135.0,135.0,135.0800018310547,135.0,135.0,1016.0
2024-10-25 10:42:00+00:00,CYBR,296.1099853515625,296.1099853515625,296.1099853515625,296.1099853515625,296.1099853515625,192.0
2024-10-25 10:42:00+00:00,DAKT,13.319999694824219,13.319999694824219,13.350000381469727,13.319999694824219,13.350000381469727,810.0
2024-10-25 10:42:00+00:00,DBX,26.15999984741211,26.15999984741211,26.15999984741211,26.125,26.125,3815.0
2024-10-25 10:42:00+00:00,DDOG,127.21499633789062,127.21499633789062,127.2300033569336,126.98999786376953,127.04000091552734,10986.0
2024-10-25 10:42:00+00:00,DLO,8.839500427246094,8.839500427246094,8.839500427246094,8.839500427246094,8.839500427246094,738.0
2024-10-25 10:42:00+00:00,DOCU,70.76499938964844,70.76499938964844,70.76499938964844,70.75,70.75499725341797,2921.0
2024-10-25 10:42:00+00:00,DOMO,8.069999694824219,8.069999694824219,8.069999694824219,8.055000305175781,8.055000305175781,615.0
2024-10-25 10:42:00+00:00,DSP,11.483699798583984,11.483699798583984,11.483699798583984,11.483699798583984,11.483699798583984,379.0
2024-10-25 10:42:00+00:00,DTSS,2.4200000762939453,2.4200000762939453,2.4200000762939453,2.4200000762939453,2.4200000762939453,412.0
2024-10-25 10:42:00+00:00,EEFT,102.30000305175781,102.30000305175781,102.30000305175781,102.30000305175781,102.30000305175781,117.0
2024-10-25 10:42:00+00:00,ENPH,81.97129821777344,81.97129821777344,82.05500030517578,81.91000366210938,82.02999877929688,3006.0
2024-10-25 10:42:00+00:00,ERIC,8.515000343322754,8.515000343322754,8.515999794006348,8.510100364685059,8.515999794006348,14836.0
2024-10-25 10:42:00+00:00,EXTR,14.552200317382812,14.552200317382812,14.555000305175781,14.552200317382812,14.555000305175781,1332.0
2024-10-25 10:42:00+00:00,FIVN,30.579999923706055,30.579999923706055,30.59000015258789,30.579999923706055,30.59000015258789,591.0
2024-10-25 10:42:00+00:00,FLEX,35.54999923706055,35.54999923706055,35.560001373291016,35.54999923706055,35.54999923706055,2356.0
2024-10-25 10:42:00+00:00,FLYW,17.6299991607666,17.6299991607666,17.649999618530273,17.6299991607666,17.649999618530273,222.0
2024-10-25 10:42:00+00:00,FRSH,11.734999656677246,11.734999656677246,11.739999771118164,11.729999542236328,11.739999771118164,1700.0
2024-10-25 10:42:00+00:00,FSLR,198.86990356445312,198.86990356445312,198.86990356445312,198.67799377441406,198.7100067138672,2209.0
2024-10-25 10:42:00+00:00,FTFT,0.32199999690055847,0.32199999690055847,0.32199999690055847,0.32199999690055847,0.32199999690055847,724.0
2024-10-25 10:42:00+00:00,FTNT,81.75,81.75,81.76000213623047,81.72000122070312,81.72000122070312,1819.0
2024-10-25 10:42:00+00:00,GCT,25.65999984741211,25.65999984741211,25.68000030517578,25.65999984741211,25.65999984741211,1323.0
2024-10-25 10:42:00+00:00,GDS,21.770000457763672,21.770000457763672,21.780000686645508,21.770000457763672,21.770000457763672,931.0
2024-10-25 10:42:00+00:00,GFS,41.15999984741211,41.15999984741211,41.15999984741211,41.119998931884766,41.119998931884766,3054.0
2024-10-25 10:42:00+00:00,GPRO,1.3393000364303589,1.3393000364303589,1.3393000364303589,1.3300000429153442,1.3350000381469727,1330.0
2024-10-25 10:42:00+00:00,GRAB,4.070000171661377,4.070000171661377,4.085999965667725,4.070000171661377,4.07859992980957,293848.0
2024-10-25 10:42:00+00:00,GRRR,4.630000114440918,4.630000114440918,4.630000114440918,4.630000114440918,4.630000114440918,0.0
2024-10-25 10:42:00+00:00,GSIT,3.309999942779541,3.309999942779541,3.309999942779541,3.309999942779541,3.309999942779541,100.0
2024-10-25 10:42:00+00:00,HCKT,24.885000228881836,24.885000228881836,24.885000228881836,24.885000228881836,24.885000228881836,2430.0
2024-10-25 10:42:00+00:00,HCP,33.6349983215332,33.6349983215332,33.63999938964844,33.6349983215332,33.6349983215332,3894.0
2024-10-25 10:42:00+00:00,HOLO,3.7200000286102295,3.7200000286102295,3.7399001121520996,3.710099935531616,3.7300000190734863,15405.0
2024-10-25 10:42:00+00:00,HOOD,27.41990089416504,27.41990089416504,27.41990089416504,27.389999389648438,27.389999389648438,7946.0
2024-10-25 10:42:00+00:00,IMMR,8.824999809265137,8.824999809265137,8.824999809265137,8.824999809265137,8.824999809265137,509.0
2024-10-25 10:42:00+00:00,INDI,3.5799999237060547,3.5799999237060547,3.5850000381469727,3.5799999237060547,3.5850000381469727,5218.0
2024-10-25 10:42:00+00:00,INFN,6.78000020980835,6.78000020980835,6.784999847412109,6.78000020980835,6.78000020980835,8360.0
2024-10-25 10:42:00+00:00,INOD,19.959999084472656,19.959999084472656,19.9950008392334,19.959999084472656,19.9950008392334,438.0
2024-10-25 10:42:00+00:00,INTC,23.270000457763672,23.270000457763672,23.290000915527344,23.260099411010742,23.280000686645508,120996.0
2024-10-25 10:42:00+00:00,INTU,615.1099853515625,615.1099853515625,615.1099853515625,613.969970703125,614.0599975585938,6288.0
2024-10-25 10:42:00+00:00,KC,2.744999885559082,2.744999885559082,2.75,2.744999885559082,2.75,5006.0
2024-10-25 10:42:00+00:00,KOPN,0.7609999775886536,0.7609999775886536,0.7609999775886536,0.7609999775886536,0.7609999775886536,0.0
2024-10-25 10:42:00+00:00,LASR,10.560999870300293,10.560999870300293,10.560999870300293,10.560999870300293,10.560999870300293,273.0
2024-10-25 10:42:00+00:00,LINK,4.550000190734863,4.550000190734863,4.634099960327148,4.510700225830078,4.53000020980835,8622.0
2024-10-25 10:42:00+00:00,LPSN,1.2000000476837158,1.2000000476837158,1.2000000476837158,1.2000000476837158,1.2000000476837158,0.0
2024-10-25 10:42:00+00:00,LRCX,79.02999877929688,79.02999877929688,79.23999786376953,79.0199966430664,79.23999786376953,45856.0
2024-10-25 10:42:00+00:00,LSCC,54.68000030517578,54.68000030517578,54.68000030517578,54.619998931884766,54.619998931884766,1865.0
2024-10-25 10:42:00+00:00,LUNA,1.774999976158142,1.774999976158142,1.774999976158142,1.774999976158142,1.774999976158142,0.0
2024-10-25 10:42:00+00:00,LYFT,13.694999694824219,13.694999694824219,13.710000038146973,13.6899995803833,13.704999923706055,11659.0
2024-10-25 10:42:00+00:00,MANH,276.489990234375,276.489990234375,276.489990234375,276.489990234375,276.489990234375,976.0
2024-10-25 10:42:00+00:00,MAXN,5.598999977111816,5.598999977111816,5.598999977111816,5.598999977111816,5.598999977111816,2886.0
2024-10-25 10:42:00+00:00,MCHP,77.05000305175781,77.05000305175781,77.09880065917969,77.04000091552734,77.06999969482422,3654.0
2024-10-25 10:42:00+00:00,MDB,269.3599853515625,269.3599853515625,269.42498779296875,268.45001220703125,268.7650146484375,6044.0
2024-10-25 10:42:00+00:00,MITK,8.800000190734863,8.800000190734863,8.800000190734863,8.800000190734863,8.800000190734863,195.0
2024-10-25 10:42:00+00:00,MKSI,101.0,101.0,101.0,101.0,101.0,682.0
2024-10-25 10:42:00+00:00,MLAB,116.54000091552734,116.54000091552734,116.72000122070312,116.54000091552734,116.72000122070312,2102.0
2024-10-25 10:42:00+00:00,MNDY,300.8500061035156,300.8500061035156,300.8500061035156,300.5400085449219,300.5400085449219,2565.0
2024-10-25 10:42:00+00:00,MPWR,913.7650146484375,913.7650146484375,913.7650146484375,913.7650146484375,913.7650146484375,1850.0
2024-10-25 10:42:00+00:00,MRVL,82.95999908447266,82.95999908447266,82.98999786376953,82.92500305175781,82.98999786376953,11019.0
2024-10-25 10:42:00+00:00,MSFT,431.3500061035156,431.3500061035156,431.4388122558594,431.1199951171875,431.1300048828125,16294.0
2024-10-25 10:42:00+00:00,MSTR,242.69320678710938,242.69320678710938,243.8199005126953,242.50010681152344,243.55999755859375,32225.0
2024-10-25 10:42:00+00:00,MTSI,119.79000091552734,119.79000091552734,119.79000091552734,119.79000091552734,119.79000091552734,122.0
2024-10-25 10:42:00+00:00,MTTR,4.65500020980835,4.65500020980835,4.65500020980835,4.65500020980835,4.65500020980835,1411.0
2024-10-25 10:42:00+00:00,MU,109.43000030517578,109.43000030517578,109.56500244140625,109.43000030517578,109.55000305175781,24750.0
2024-10-25 10:42:00+00:00,MXL,15.050000190734863,15.050000190734863,15.0600004196167,15.050000190734863,15.0600004196167,1612.0
2024-10-25 10:42:00+00:00,NCNO,38.29999923706055,38.29999923706055,38.375,38.29999923706055,38.375,3930.0
2024-10-25 10:42:00+00:00,NNDM,2.3450000286102295,2.3450000286102295,2.3450000286102295,2.3450000286102295,2.3450000286102295,386.0
2024-10-25 10:42:00+00:00,NTAP,120.56999969482422,120.56999969482422,120.62999725341797,120.56999969482422,120.5999984741211,926.0
2024-10-25 10:42:00+00:00,NTCT,20.68000030517578,20.68000030517578,20.68000030517578,20.639999389648438,20.639999389648438,1653.0
2024-10-25 10:42:00+00:00,NTNX,62.6150016784668,62.6150016784668,62.6150016784668,62.56999969482422,62.56999969482422,596.0
2024-10-25 10:42:00+00:00,NVDA,143.5196990966797,143.5196990966797,143.61000061035156,143.47999572753906,143.58009338378906,322946.0
2024-10-25 10:42:00+00:00,NVEI,33.540000915527344,33.540000915527344,33.540000915527344,33.53499984741211,33.53499984741211,5324.0
2024-10-25 10:42:00+00:00,NVMI,184.91000366210938,184.91000366210938,184.91000366210938,184.91000366210938,184.91000366210938,918.0
2024-10-25 10:42:00+00:00,NVTS,2.619999885559082,2.619999885559082,2.628000020980835,2.619999885559082,2.625,9666.0
2024-10-25 10:42:00+00:00,NXPI,244.30499267578125,244.30499267578125,244.36000061035156,244.22000122070312,244.36000061035156,3402.0
2024-10-25 10:42:00+00:00,OLED,203.72999572753906,203.72999572753906,203.76499938964844,203.72999572753906,203.76499938964844,712.0
2024-10-25 10:42:00+00:00,ON,71.75,71.75,71.79070281982422,71.69999694824219,71.75,28707.0
2024-10-25 10:42:00+00:00,OSIS,136.67999267578125,136.67999267578125,136.67999267578125,136.67999267578125,136.67999267578125,372.0
2024-10-25 10:42:00+00:00,OSPN,14.779999732971191,14.779999732971191,14.779999732971191,14.779999732971191,14.779999732971191,2986.0
2024-10-25 10:42:00+00:00,PANW,372.19000244140625,372.19000244140625,372.3999938964844,372.1099853515625,372.1199951171875,2507.0
2024-10-25 10:42:00+00:00,PAYO,8.329999923706055,8.329999923706055,8.329999923706055,8.3149995803833,8.3149995803833,5894.0
2024-10-25 10:42:00+00:00,PEGA,81.06500244140625,81.06500244140625,81.06500244140625,80.93000030517578,80.93000030517578,3704.0
2024-10-25 10:42:00+00:00,PEGY,4.59499979019165,4.59499979019165,4.59499979019165,4.59499979019165,4.59499979019165,600.0
2024-10-25 10:42:00+00:00,PET,0.8109999895095825,0.8109999895095825,0.8109999895095825,0.8109999895095825,0.8109999895095825,0.0
2024-10-25 10:42:00+00:00,PGY,11.84000015258789,11.84000015258789,11.84000015258789,11.84000015258789,11.84000015258789,305.0
2024-10-25 10:42:00+00:00,PHUN,9.550000190734863,9.550000190734863,9.550000190734863,9.451000213623047,9.454999923706055,59469.0
2024-10-25 10:42:00+00:00,PI,201.8800048828125,201.8800048828125,202.08999633789062,201.3800048828125,201.88999938964844,2858.0
2024-10-25 10:42:00+00:00,POET,4.050000190734863,4.050000190734863,4.050000190734863,4.050000190734863,4.050000190734863,200.0
2024-10-25 10:42:00+00:00,PRCH,1.3600000143051147,1.3600000143051147,1.3600000143051147,1.3600000143051147,1.3600000143051147,498.0
2024-10-25 10:42:00+00:00,PTC,186.4949951171875,186.4949951171875,186.4949951171875,186.4949951171875,186.4949951171875,1586.0
2024-10-25 10:42:00+00:00,PUBM,15.15999984741211,15.15999984741211,15.15999984741211,15.15999984741211,15.15999984741211,354.0
2024-10-25 10:42:00+00:00,PXLW,0.7750999927520752,0.7750999927520752,0.7750999927520752,0.7750999927520752,0.7750999927520752,125.0
2024-10-25 10:42:00+00:00,PYCR,14.449999809265137,14.449999809265137,14.454999923706055,14.449999809265137,14.449999809265137,1431.0
2024-10-25 10:42:00+00:00,QCOM,172.60000610351562,172.60000610351562,172.72500610351562,172.60000610351562,172.64999389648438,3219.0
2024-10-25 10:42:00+00:00,QH,1.4210000038146973,1.4210000038146973,1.4210000038146973,1.4210000038146973,1.4210000038146973,500.0
2024-10-25 10:42:00+00:00,QRVO,100.19999694824219,100.19999694824219,100.23999786376953,100.15499877929688,100.15499877929688,1720.0
2024-10-25 10:42:00+00:00,QUBT,1.1299999952316284,1.1299999952316284,1.1349999904632568,1.1299999952316284,1.1299999952316284,6098.0
2024-10-25 10:42:00+00:00,RCAT,2.75,2.75,2.75,2.75,2.75,2970.0
2024-10-25 10:42:00+00:00,REKR,1.1050000190734863,1.1050000190734863,1.1050000190734863,1.1050000190734863,1.1050000190734863,205.0
2024-10-25 10:42:00+00:00,RELY,14.779999732971191,14.779999732971191,14.779999732971191,14.779999732971191,14.779999732971191,1613.0
2024-10-25 10:42:00+00:00,RGTI,1.2999999523162842,1.2999999523162842,1.2999999523162842,1.291100025177002,1.299399971961975,18603.0
2024-10-25 10:42:00+00:00,RIOT,10.154999732971191,10.154999732971191,10.175999641418457,10.145000457763672,10.170100212097168,46392.0
2024-10-25 10:42:00+00:00,RMBS,43.084999084472656,43.084999084472656,43.09000015258789,43.084999084472656,43.09000015258789,1325.0
2024-10-25 10:42:00+00:00,RUM,5.820000171661377,5.820000171661377,5.830100059509277,5.820000171661377,5.829999923706055,5260.0
2024-10-25 10:42:00+00:00,RUN,14.325699806213379,14.325699806213379,14.345000267028809,14.3100004196167,14.34000015258789,6446.0
2024-10-25 10:42:00+00:00,SANM,67.98999786376953,67.98999786376953,67.98999786376953,67.98999786376953,67.98999786376953,677.0
2024-10-25 10:42:00+00:00,SATL,0.9900000095367432,0.9900000095367432,0.9900000095367432,0.9900000095367432,0.9900000095367432,1000.0
2024-10-25 10:42:00+00:00,SATS,25.450000762939453,25.450000762939453,25.450000762939453,25.450000762939453,25.450000762939453,779.0
2024-10-25 10:42:00+00:00,SEDG,15.680000305175781,15.680000305175781,15.729999542236328,15.65999984741211,15.729999542236328,8282.0
2024-10-25 10:42:00+00:00,SHLS,5.195000171661377,5.195000171661377,5.210000038146973,5.195000171661377,5.210000038146973,4859.0
2024-10-25 10:42:00+00:00,SIMO,57.2400016784668,57.2400016784668,57.2400016784668,57.2400016784668,57.2400016784668,444.0
2024-10-25 10:42:00+00:00,SKYT,10.513999938964844,10.513999938964844,10.513999938964844,10.496700286865234,10.496700286865234,608.0
2024-10-25 10:42:00+00:00,SMCI,47.72999954223633,47.72999954223633,47.79999923706055,47.72999954223633,47.79930114746094,60181.0
2024-10-25 10:42:00+00:00,SMTC,45.7400016784668,45.7400016784668,45.7599983215332,45.70000076293945,45.72999954223633,2023.0
2024-10-25 10:42:00+00:00,SNPS,507.07501220703125,507.07501220703125,507.07501220703125,507.07501220703125,507.07501220703125,774.0
2024-10-25 10:42:00+00:00,SONO,12.899999618530273,12.899999618530273,12.899999618530273,12.880000114440918,12.880000114440918,1833.0
2024-10-25 10:42:00+00:00,SOUN,5.284999847412109,5.284999847412109,5.300000190734863,5.275000095367432,5.275000095367432,64045.0
2024-10-25 10:42:00+00:00,SSNC,70.0,70.0,70.05999755859375,69.9800033569336,70.02999877929688,15652.0
2024-10-25 10:42:00+00:00,SSYS,7.144999980926514,7.144999980926514,7.144999980926514,7.144999980926514,7.144999980926514,183.0
2024-10-25 10:42:00+00:00,STNE,11.489999771118164,11.489999771118164,11.515000343322754,11.489999771118164,11.510000228881836,6075.0
2024-10-25 10:42:00+00:00,STX,105.02999877929688,105.02999877929688,105.1500015258789,105.02999877929688,105.08999633789062,12572.0
2024-10-25 10:42:00+00:00,SWKS,96.14399719238281,96.14399719238281,96.14399719238281,96.08999633789062,96.08999633789062,1629.0
2024-10-25 10:42:00+00:00,SYTA,1.3049999475479126,1.3049999475479126,1.3106000423431396,1.2999999523162842,1.309999942779541,8956.0
2024-10-25 10:42:00+00:00,TEAM,190.6999969482422,190.6999969482422,190.85000610351562,190.64999389648438,190.83999633789062,8541.0
2024-10-25 10:42:00+00:00,TER,112.4000015258789,112.4000015258789,112.46499633789062,112.4000015258789,112.46499633789062,1407.0
2024-10-25 10:42:00+00:00,TLS,3.6500000953674316,3.6500000953674316,3.6500000953674316,3.6500000953674316,3.6500000953674316,0.0
2024-10-25 10:42:00+00:00,TRMB,61.19499969482422,61.19499969482422,61.19499969482422,61.189998626708984,61.189998626708984,796.0
2024-10-25 10:42:00+00:00,TSEM,45.290000915527344,45.290000915527344,45.3650016784668,45.2400016784668,45.27000045776367,7670.0
2024-10-25 10:42:00+00:00,TTD,120.55000305175781,120.55000305175781,120.55000305175781,120.44000244140625,120.48999786376953,5396.0
2024-10-25 10:42:00+00:00,TWKS,4.454999923706055,4.454999923706055,4.454999923706055,4.449999809265137,4.449999809265137,11099.0
2024-10-25 10:42:00+00:00,TXN,209.5500030517578,209.5500030517578,209.66000366210938,209.5500030517578,209.5684051513672,9101.0
2024-10-25 10:42:00+00:00,UCTT,36.02000045776367,36.02000045776367,36.040000915527344,36.02000045776367,36.03499984741211,1089.0
2024-10-25 10:42:00+00:00,VECO,29.56999969482422,29.56999969482422,29.579999923706055,29.56999969482422,29.579999923706055,616.0
2024-10-25 10:42:00+00:00,VERI,3.5,3.5,3.5,3.5,3.5,1290.0
2024-10-25 10:42:00+00:00,VERX,42.5,42.5,42.5,42.5,42.5,566.0
2024-10-25 10:42:00+00:00,VIAV,9.25,9.25,9.255000114440918,9.25,9.255000114440918,13378.0
2024-10-25 10:42:00+00:00,VMEO,4.769999980926514,4.769999980926514,4.78000020980835,4.769999980926514,4.771900177001953,2181.0
2024-10-25 10:42:00+00:00,VNET,3.4549999237060547,3.4549999237060547,3.4549999237060547,3.4549999237060547,3.4549999237060547,225.0
2024-10-25 10:42:00+00:00,VOXX,7.690000057220459,7.690000057220459,7.690000057220459,7.690000057220459,7.690000057220459,410.0
2024-10-25 10:42:00+00:00,VRNS,57.15999984741211,57.15999984741211,57.16999816894531,57.15999984741211,57.15999984741211,2127.0
2024-10-25 10:42:00+00:00,VRSN,187.51499938964844,187.51499938964844,187.5399932861328,187.33999633789062,187.5399932861328,3181.0
2024-10-25 10:42:00+00:00,VSAT,10.319999694824219,10.319999694824219,10.324999809265137,10.319999694824219,10.324999809265137,687.0
2024-10-25 10:42:00+00:00,VUZI,1.3250000476837158,1.3250000476837158,1.3250000476837158,1.3250000476837158,1.3250000476837158,1730.0
2024-10-25 10:42:00+00:00,WDC,72.44999694824219,72.44999694824219,72.61000061035156,72.44999694824219,72.58999633789062,35993.0
2024-10-25 10:42:00+00:00,WISA,1.840000033378601,1.840000033378601,1.840000033378601,1.840000033378601,1.840000033378601,300.0
2024-10-25 10:42:00+00:00,WRAP,1.9200999736785889,1.9200999736785889,1.9200999736785889,1.9200999736785889,1.9200999736785889,8989.0
2024-10-25 10:42:00+00:00,XPER,9.420000076293945,9.420000076293945,9.420000076293945,9.420000076293945,9.420000076293945,478.0
2024-10-25 10:42:00+00:00,XRX,10.21500015258789,10.21500015258789,10.21500015258789,10.210000038146973,10.210000038146973,930.0
2024-10-25 10:42:00+00:00,ZI,10.5649995803833,10.5649995803833,10.569999694824219,10.5649995803833,10.569999694824219,833.0
2024-10-25 10:42:00+00:00,ZM,73.43000030517578,73.43000030517578,73.44000244140625,73.42500305175781,73.43000030517578,4215.0
2024-10-25 10:42:00+00:00,ZS,187.3699951171875,187.3699951171875,187.3699951171875,187.2550048828125,187.31500244140625,1361.0
2024-10-25 10:43:00+00:00,AAOI,18.139999389648438,18.139999389648438,18.157899856567383,18.110000610351562,18.110000610351562,7192.0
2024-10-25 10:43:00+00:00,AAPL,232.3300018310547,232.3300018310547,232.57000732421875,232.32000732421875,232.55999755859375,51349.0
2024-10-25 10:43:00+00:00,ACIW,49.439998626708984,49.439998626708984,49.470001220703125,49.439998626708984,49.470001220703125,1199.0
2024-10-25 10:43:00+00:00,ACMR,19.76129913330078,19.76129913330078,19.829999923706055,19.76129913330078,19.829999923706055,2216.0
2024-10-25 10:43:00+00:00,ADBE,487.3800048828125,487.3800048828125,487.5799865722656,487.2200012207031,487.5799865722656,2029.0
2024-10-25 10:43:00+00:00,ADI,233.41000366210938,233.41000366210938,233.72000122070312,233.41000366210938,233.64999389648438,2993.0
2024-10-25 10:43:00+00:00,ADSK,288.8900146484375,288.8900146484375,288.8999938964844,288.8900146484375,288.8999938964844,413.0
2024-10-25 10:43:00+00:00,ADTN,6.414999961853027,6.414999961853027,6.414999961853027,6.414999961853027,6.414999961853027,256.0
2024-10-25 10:43:00+00:00,AEHR,16.784000396728516,16.784000396728516,16.829999923706055,16.784000396728516,16.81999969482422,2882.0
2024-10-25 10:43:00+00:00,AFRM,41.71659851074219,41.71659851074219,41.810001373291016,41.71659851074219,41.79199981689453,5199.0
2024-10-25 10:43:00+00:00,AIP,6.953000068664551,6.953000068664551,6.953000068664551,6.949999809265137,6.949999809265137,1010.0
2024-10-25 10:43:00+00:00,AKAM,103.3499984741211,103.3499984741211,103.3499984741211,103.3499984741211,103.3499984741211,1070.0
2024-10-25 10:43:00+00:00,ALGM,22.65999984741211,22.65999984741211,22.690000534057617,22.65999984741211,22.683799743652344,4880.0
2024-10-25 10:43:00+00:00,ALRM,55.02000045776367,55.02000045776367,55.095001220703125,55.02000045776367,55.095001220703125,3154.0
2024-10-25 10:43:00+00:00,ALTR,105.97000122070312,105.97000122070312,105.97000122070312,105.97000122070312,105.97000122070312,218.0
2024-10-25 10:43:00+00:00,AMAT,188.22500610351562,188.22500610351562,188.49000549316406,188.1999969482422,188.4499969482422,5646.0
2024-10-25 10:43:00+00:00,AMD,157.51100158691406,157.51100158691406,157.7899932861328,157.4600067138672,157.7480010986328,85397.0
2024-10-25 10:43:00+00:00,AMKR,30.020000457763672,30.020000457763672,30.030000686645508,30.020000457763672,30.030000686645508,790.0
2024-10-25 10:43:00+00:00,AMST,2.940000057220459,2.940000057220459,2.990000009536743,2.940000057220459,2.9451000690460205,7710.0
2024-10-25 10:43:00+00:00,API,2.765000104904175,2.765000104904175,2.7699999809265137,2.765000104904175,2.7699999809265137,297.0
2024-10-25 10:43:00+00:00,APP,163.4199981689453,163.4199981689453,163.55999755859375,163.4199981689453,163.43499755859375,4461.0
2024-10-25 10:43:00+00:00,ARRY,6.409999847412109,6.409999847412109,6.425000190734863,6.400000095367432,6.425000190734863,13835.0
2024-10-25 10:43:00+00:00,ASML,719.6699829101562,719.6699829101562,721.1926879882812,719.6699829101562,721.14501953125,3878.0
2024-10-25 10:43:00+00:00,ASUR,9.725000381469727,9.725000381469727,9.725000381469727,9.725000381469727,9.725000381469727,197.0
2024-10-25 10:43:00+00:00,AUR,6.485000133514404,6.485000133514404,6.510000228881836,6.480000019073486,6.505000114440918,12067.0
2024-10-25 10:43:00+00:00,AVDX,8.199999809265137,8.199999809265137,8.199999809265137,8.194999694824219,8.199999809265137,16887.0
2024-10-25 10:43:00+00:00,AVGO,175.24000549316406,175.24000549316406,175.4199981689453,175.1999969482422,175.38169860839844,29324.0
2024-10-25 10:43:00+00:00,AVPT,12.085000038146973,12.085000038146973,12.085000038146973,12.085000038146973,12.085000038146973,1041.0
2024-10-25 10:43:00+00:00,AVT,54.73500061035156,54.73500061035156,54.73500061035156,54.73500061035156,54.73500061035156,522.0
2024-10-25 10:43:00+00:00,BASE,16.55500030517578,16.55500030517578,16.56999969482422,16.55500030517578,16.56999969482422,561.0
2024-10-25 10:43:00+00:00,BCOV,2.259999990463257,2.259999990463257,2.259999990463257,2.259999990463257,2.259999990463257,50001.0
2024-10-25 10:43:00+00:00,BELFB,79.31999969482422,79.31999969482422,79.31999969482422,79.31999969482422,79.31999969482422,1138.0
2024-10-25 10:43:00+00:00,BIGC,5.360000133514404,5.360000133514404,5.360000133514404,5.360000133514404,5.360000133514404,867.0
2024-10-25 10:43:00+00:00,BLKB,86.27999877929688,86.27999877929688,86.27999877929688,86.27999877929688,86.27999877929688,538.0
2024-10-25 10:43:00+00:00,BMBL,7.284999847412109,7.284999847412109,7.284999847412109,7.275000095367432,7.275000095367432,3728.0
2024-10-25 10:43:00+00:00,BRZE,31.049999237060547,31.049999237060547,31.049999237060547,31.049999237060547,31.049999237060547,1065.0
2024-10-25 10:43:00+00:00,BSY,49.41999816894531,49.41999816894531,49.45500183105469,49.41999816894531,49.45500183105469,5787.0
2024-10-25 10:43:00+00:00,CAMT,78.54000091552734,78.54000091552734,78.80000305175781,78.54000091552734,78.80000305175781,1733.0
2024-10-25 10:43:00+00:00,CAN,1.0,1.0,1.0049999952316284,1.0,1.0049999952316284,700.0
2024-10-25 10:43:00+00:00,CDNS,259.4800109863281,259.4800109863281,259.92999267578125,259.4800109863281,259.7950134277344,4556.0
2024-10-25 10:43:00+00:00,CDW,219.7100067138672,219.7100067138672,219.86500549316406,219.7100067138672,219.86500549316406,286.0
2024-10-25 10:43:00+00:00,CETX,0.2980000078678131,0.2980000078678131,0.298799991607666,0.29660001397132874,0.29750001430511475,0.0
2024-10-25 10:43:00+00:00,CFLT,22.4950008392334,22.4950008392334,22.540000915527344,22.490100860595703,22.540000915527344,6075.0
2024-10-25 10:43:00+00:00,CGNX,39.26499938964844,39.26499938964844,39.29249954223633,39.26499938964844,39.28499984741211,1717.0
2024-10-25 10:43:00+00:00,CISO,0.8399999737739563,0.8399999737739563,0.8399999737739563,0.8399999737739563,0.8399999737739563,7320.0
2024-10-25 10:43:00+00:00,CLSK,12.0600004196167,12.0600004196167,12.119999885559082,12.0600004196167,12.100099563598633,60748.0
2024-10-25 10:43:00+00:00,CNDT,3.7149999141693115,3.7149999141693115,3.7149999141693115,3.7149999141693115,3.7149999141693115,464.0
2024-10-25 10:43:00+00:00,CNXC,45.255001068115234,45.255001068115234,45.255001068115234,45.22999954223633,45.22999954223633,1675.0
2024-10-25 10:43:00+00:00,COHR,96.24500274658203,96.24500274658203,96.30999755859375,96.19999694824219,96.30999755859375,1442.0
2024-10-25 10:43:00+00:00,COHU,26.280000686645508,26.280000686645508,26.280000686645508,26.280000686645508,26.280000686645508,144.0
2024-10-25 10:43:00+00:00,COIN,211.5,211.5,212.3300018310547,211.5,212.2825927734375,15546.0
2024-10-25 10:43:00+00:00,COMM,6.494999885559082,6.494999885559082,6.505000114440918,6.489999771118164,6.494999885559082,6179.0
2024-10-25 10:43:00+00:00,CORZ,13.5,13.5,13.53600025177002,13.489999771118164,13.494999885559082,14644.0
2024-10-25 10:43:00+00:00,CRCT,6.550000190734863,6.550000190734863,6.550000190734863,6.550000190734863,6.550000190734863,200.0
2024-10-25 10:43:00+00:00,CRDO,39.42390060424805,39.42390060424805,39.519901275634766,39.42390060424805,39.50450134277344,4772.0
2024-10-25 10:43:00+00:00,CRNT,2.4600000381469727,2.4600000381469727,2.4600000381469727,2.4600000381469727,2.4600000381469727,478.0
2024-10-25 10:43:00+00:00,CRWD,310.360107421875,310.360107421875,310.92999267578125,310.360107421875,310.80999755859375,6085.0
2024-10-25 10:43:00+00:00,CSCO,56.314998626708984,56.314998626708984,56.35499954223633,56.314998626708984,56.349998474121094,9414.0
2024-10-25 10:43:00+00:00,CSIQ,13.470000267028809,13.470000267028809,13.520000457763672,13.460000038146973,13.489999771118164,7304.0
2024-10-25 10:43:00+00:00,CTLP,9.100000381469727,9.100000381469727,9.104999542236328,9.095000267028809,9.104999542236328,1411.0
2024-10-25 10:43:00+00:00,CTSH,75.13999938964844,75.13999938964844,75.16500091552734,75.13999938964844,75.1500015258789,3018.0
2024-10-25 10:43:00+00:00,CVLT,134.97000122070312,134.97000122070312,134.97000122070312,134.875,134.875,3042.0
2024-10-25 10:43:00+00:00,DATS,1.5795999765396118,1.5795999765396118,1.5799000263214111,1.5795999765396118,1.5799000263214111,3400.0
2024-10-25 10:43:00+00:00,DBX,26.149999618530273,26.149999618530273,26.15999984741211,26.149999618530273,26.15999984741211,4768.0
2024-10-25 10:43:00+00:00,DDOG,127.24500274658203,127.24500274658203,127.33000183105469,127.2300033569336,127.25,11731.0
2024-10-25 10:43:00+00:00,DGHI,1.4249999523162842,1.4249999523162842,1.4249999523162842,1.4199999570846558,1.4199999570846558,1227.0
2024-10-25 10:43:00+00:00,DLO,8.84000015258789,8.84000015258789,8.84000015258789,8.84000015258789,8.84000015258789,893.0
2024-10-25 10:43:00+00:00,DOCU,70.7699966430664,70.7699966430664,70.83000183105469,70.75,70.76499938964844,12177.0
2024-10-25 10:43:00+00:00,DOMO,8.055000305175781,8.055000305175781,8.055000305175781,8.055000305175781,8.055000305175781,144.0
2024-10-25 10:43:00+00:00,EEFT,102.3324966430664,102.3324966430664,102.3324966430664,102.3324966430664,102.3324966430664,651.0
2024-10-25 10:43:00+00:00,EMKR,2.130000114440918,2.130000114440918,2.130000114440918,2.130000114440918,2.130000114440918,184.0
2024-10-25 10:43:00+00:00,ENPH,81.73699951171875,81.73699951171875,81.94999694824219,81.7300033569336,81.94000244140625,10289.0
2024-10-25 10:43:00+00:00,ENTG,104.94499969482422,104.94499969482422,105.0199966430664,104.91000366210938,105.0199966430664,2134.0
2024-10-25 10:43:00+00:00,ERIC,8.520000457763672,8.520000457763672,8.520000457763672,8.510000228881836,8.515000343322754,38518.0
2024-10-25 10:43:00+00:00,EVCM,10.637900352478027,10.637900352478027,10.637900352478027,10.637900352478027,10.637900352478027,500.0
2024-10-25 10:43:00+00:00,EXTR,14.5649995803833,14.5649995803833,14.569999694824219,14.555000305175781,14.555000305175781,6334.0
2024-10-25 10:43:00+00:00,FARO,17.959999084472656,17.959999084472656,17.959999084472656,17.93000030517578,17.940000534057617,1008.0
2024-10-25 10:43:00+00:00,FCUV,0.2563999891281128,0.2563999891281128,0.2563999891281128,0.2563999891281128,0.2563999891281128,122.0
2024-10-25 10:43:00+00:00,FFIV,216.63499450683594,216.63499450683594,216.67999267578125,216.63499450683594,216.67999267578125,583.0
2024-10-25 10:43:00+00:00,FIVN,30.594999313354492,30.594999313354492,30.594999313354492,30.594999313354492,30.594999313354492,759.0
2024-10-25 10:43:00+00:00,FLEX,35.529998779296875,35.529998779296875,35.529998779296875,35.529998779296875,35.529998779296875,1012.0
2024-10-25 10:43:00+00:00,FLYW,17.6299991607666,17.6299991607666,17.6299991607666,17.6299991607666,17.6299991607666,561.0
2024-10-25 10:43:00+00:00,FROG,29.510000228881836,29.510000228881836,29.59000015258789,29.510000228881836,29.59000015258789,4020.0
2024-10-25 10:43:00+00:00,FRSH,11.734999656677246,11.734999656677246,11.734999656677246,11.729999542236328,11.734999656677246,1742.0
2024-10-25 10:43:00+00:00,FSLR,198.556396484375,198.556396484375,198.9698944091797,198.4499969482422,198.6840057373047,14315.0
2024-10-25 10:43:00+00:00,FTNT,81.69000244140625,81.69000244140625,81.75,81.69000244140625,81.75,2972.0
2024-10-25 10:43:00+00:00,GCT,25.6200008392334,25.6200008392334,25.690000534057617,25.6200008392334,25.68000030517578,1877.0
2024-10-25 10:43:00+00:00,GDS,21.780000686645508,21.780000686645508,21.780000686645508,21.760000228881836,21.760000228881836,2029.0
2024-10-25 10:43:00+00:00,GFS,41.119998931884766,41.119998931884766,41.15010070800781,41.119998931884766,41.15010070800781,3040.0
2024-10-25 10:43:00+00:00,GILT,4.934999942779541,4.934999942779541,4.934999942779541,4.934999942779541,4.934999942779541,1208.0
2024-10-25 10:43:00+00:00,GRAB,4.073999881744385,4.073999881744385,4.076399803161621,4.070000171661377,4.074399948120117,76276.0
2024-10-25 10:43:00+00:00,GTLB,55.864601135253906,55.864601135253906,55.864601135253906,55.864601135253906,55.864601135253906,857.0
2024-10-25 10:43:00+00:00,HCP,33.650001525878906,33.650001525878906,33.650001525878906,33.6349983215332,33.63999938964844,8271.0
2024-10-25 10:43:00+00:00,HEAR,16.649999618530273,16.649999618530273,16.649999618530273,16.649999618530273,16.649999618530273,314.0
2024-10-25 10:43:00+00:00,HIMX,6.210000038146973,6.210000038146973,6.210000038146973,6.210000038146973,6.210000038146973,610.0
2024-10-25 10:43:00+00:00,HLIT,14.8100004196167,14.8100004196167,14.8100004196167,14.8100004196167,14.8100004196167,567.0
2024-10-25 10:43:00+00:00,HOLO,3.7298998832702637,3.7298998832702637,3.7298998832702637,3.7100000381469727,3.7100000381469727,14330.0
2024-10-25 10:43:00+00:00,HOOD,27.3700008392334,27.3700008392334,27.43000030517578,27.3700008392334,27.40999984741211,8729.0
2024-10-25 10:43:00+00:00,IIIV,23.110000610351562,23.110000610351562,23.110000610351562,23.110000610351562,23.110000610351562,415.0
2024-10-25 10:43:00+00:00,IMMR,8.8149995803833,8.8149995803833,8.8149995803833,8.805000305175781,8.805000305175781,1309.0
2024-10-25 10:43:00+00:00,INDI,3.5850000381469727,3.5850000381469727,3.5880000591278076,3.5799999237060547,3.5799999237060547,2411.0
2024-10-25 10:43:00+00:00,INFN,6.78000020980835,6.78000020980835,6.78000020980835,6.78000020980835,6.78000020980835,133.0
2024-10-25 10:43:00+00:00,INOD,19.93000030517578,19.93000030517578,19.954999923706055,19.93000030517578,19.940000534057617,1777.0
2024-10-25 10:43:00+00:00,INTC,23.2549991607666,23.2549991607666,23.290000915527344,23.239999771118164,23.265399932861328,262712.0
2024-10-25 10:43:00+00:00,INTU,614.22998046875,614.22998046875,614.5999755859375,614.22998046875,614.5900268554688,2507.0
2024-10-25 10:43:00+00:00,ITI,7.195000171661377,7.195000171661377,7.195000171661377,7.195000171661377,7.195000171661377,535.0
2024-10-25 10:43:00+00:00,KC,2.740000009536743,2.740000009536743,2.744999885559082,2.740000009536743,2.744999885559082,2161.0
2024-10-25 10:43:00+00:00,KLAC,678.8350219726562,678.8350219726562,679.3200073242188,678.8350219726562,679.3200073242188,1148.0
2024-10-25 10:43:00+00:00,KLIC,44.564998626708984,44.564998626708984,44.564998626708984,44.5099983215332,44.540000915527344,5090.0
2024-10-25 10:43:00+00:00,KOSS,7.329100131988525,7.329100131988525,7.329100131988525,7.329100131988525,7.329100131988525,1200.0
2024-10-25 10:43:00+00:00,LASR,10.574999809265137,10.574999809265137,10.574999809265137,10.574999809265137,10.574999809265137,276.0
2024-10-25 10:43:00+00:00,LINK,4.560100078582764,4.560100078582764,4.583499908447266,4.559999942779541,4.570000171661377,5712.0
2024-10-25 10:43:00+00:00,LITE,64.58000183105469,64.58000183105469,64.63500213623047,64.58000183105469,64.5999984741211,2088.0
2024-10-25 10:43:00+00:00,LOGI,81.08000183105469,81.08000183105469,81.08000183105469,81.06999969482422,81.06999969482422,648.0
2024-10-25 10:43:00+00:00,LPSN,1.2000000476837158,1.2000000476837158,1.2000000476837158,1.2000000476837158,1.2000000476837158,100.0
2024-10-25 10:43:00+00:00,LRCX,78.9000015258789,78.9000015258789,79.11990356445312,78.9000015258789,79.0199966430664,53737.0
2024-10-25 10:43:00+00:00,LSCC,54.560001373291016,54.560001373291016,54.63999938964844,54.560001373291016,54.599998474121094,2120.0
2024-10-25 10:43:00+00:00,LUNA,1.7799999713897705,1.7799999713897705,1.7799999713897705,1.7799999713897705,1.7799999713897705,788.0
2024-10-25 10:43:00+00:00,LYFT,13.6899995803833,13.6899995803833,13.699999809265137,13.6899995803833,13.699999809265137,9534.0
2024-10-25 10:43:00+00:00,MCHP,77.00499725341797,77.00499725341797,77.08000183105469,77.00499725341797,77.08000183105469,4818.0
2024-10-25 10:43:00+00:00,MDB,269.1300048828125,269.1300048828125,269.5799865722656,269.1300048828125,269.4200134277344,4138.0
2024-10-25 10:43:00+00:00,MIND,3.509999990463257,3.509999990463257,3.509999990463257,3.509000062942505,3.509000062942505,1676.0
2024-10-25 10:43:00+00:00,MKSI,100.87000274658203,100.87000274658203,100.87000274658203,100.87000274658203,100.87000274658203,559.0
2024-10-25 10:43:00+00:00,MKTW,0.5871000289916992,0.5871000289916992,0.5871000289916992,0.5871000289916992,0.5871000289916992,4640.0
2024-10-25 10:43:00+00:00,MQ,5.324999809265137,5.324999809265137,5.324999809265137,5.320000171661377,5.320000171661377,2663.0
2024-10-25 10:43:00+00:00,MRVL,82.94499969482422,82.94499969482422,83.00499725341797,82.94499969482422,82.95999908447266,14192.0
2024-10-25 10:43:00+00:00,MSFT,431.0400085449219,431.0400085449219,431.3999938964844,430.9800109863281,431.364990234375,29420.0
2024-10-25 10:43:00+00:00,MSTR,241.47000122070312,241.47000122070312,243.0,241.43499755859375,242.67999267578125,54666.0
2024-10-25 10:43:00+00:00,MTLS,6.019899845123291,6.019899845123291,6.019899845123291,6.019899845123291,6.019899845123291,557.0
2024-10-25 10:43:00+00:00,MTSI,119.68000030517578,119.68000030517578,119.68000030517578,119.68000030517578,119.68000030517578,102.0
2024-10-25 10:43:00+00:00,MU,109.31009674072266,109.31009674072266,109.50340270996094,109.30999755859375,109.4635009765625,32630.0
2024-10-25 10:43:00+00:00,MVIS,1.100000023841858,1.100000023841858,1.104699969291687,1.100000023841858,1.100000023841858,1488.0
2024-10-25 10:43:00+00:00,MXL,15.100000381469727,15.100000381469727,15.100000381469727,15.010000228881836,15.010000228881836,10389.0
2024-10-25 10:43:00+00:00,NCNO,38.31999969482422,38.31999969482422,38.31999969482422,38.31999969482422,38.31999969482422,3078.0
2024-10-25 10:43:00+00:00,NNDM,2.341099977493286,2.341099977493286,2.341099977493286,2.341099977493286,2.341099977493286,122.0
2024-10-25 10:43:00+00:00,NSIT,211.27999877929688,211.27999877929688,211.27999877929688,211.27999877929688,211.27999877929688,522.0
2024-10-25 10:43:00+00:00,NTAP,120.4800033569336,120.4800033569336,120.62000274658203,120.4800033569336,120.56999969482422,2311.0
2024-10-25 10:43:00+00:00,NTCT,20.700000762939453,20.700000762939453,20.700000762939453,20.700000762939453,20.700000762939453,578.0
2024-10-25 10:43:00+00:00,NTNX,62.6150016784668,62.6150016784668,62.6150016784668,62.564998626708984,62.6150016784668,1413.0
2024-10-25 10:43:00+00:00,NVDA,143.47000122070312,143.47000122070312,143.59010314941406,143.44000244140625,143.52000427246094,366420.0
2024-10-25 10:43:00+00:00,NVTS,2.615000009536743,2.615000009536743,2.619999885559082,2.6110999584198,2.619999885559082,6224.0
2024-10-25 10:43:00+00:00,NXPI,243.9600067138672,243.9600067138672,244.36000061035156,243.92999267578125,244.22000122070312,7601.0
2024-10-25 10:43:00+00:00,OKTA,72.87000274658203,72.87000274658203,73.01000213623047,72.87000274658203,73.01000213623047,2614.0
2024-10-25 10:43:00+00:00,ON,71.67500305175781,71.67500305175781,71.80000305175781,71.67500305175781,71.76000213623047,67276.0
2024-10-25 10:43:00+00:00,OSIS,136.6699981689453,136.6699981689453,136.67999267578125,136.6699981689453,136.67999267578125,1737.0
2024-10-25 10:43:00+00:00,PANW,371.9599914550781,371.9599914550781,372.17999267578125,371.9599914550781,372.17498779296875,2840.0
2024-10-25 10:43:00+00:00,PAYO,8.319999694824219,8.319999694824219,8.329999923706055,8.319999694824219,8.329999923706055,1719.0
2024-10-25 10:43:00+00:00,PCTY,173.58999633789062,173.58999633789062,173.58999633789062,173.27000427246094,173.27000427246094,21989.0
2024-10-25 10:43:00+00:00,PDFS,29.459999084472656,29.459999084472656,29.459999084472656,29.459999084472656,29.459999084472656,197.0
2024-10-25 10:43:00+00:00,PEGA,81.08999633789062,81.08999633789062,81.19000244140625,81.05970001220703,81.09500122070312,10827.0
2024-10-25 10:43:00+00:00,PEGY,4.590000152587891,4.590000152587891,4.590000152587891,4.590000152587891,4.590000152587891,118.0
2024-10-25 10:43:00+00:00,PGY,11.859999656677246,11.859999656677246,11.859999656677246,11.831999778747559,11.831999778747559,809.0
2024-10-25 10:43:00+00:00,PHUN,9.59000015258789,9.59000015258789,9.59000015258789,9.510000228881836,9.550000190734863,73274.0
2024-10-25 10:43:00+00:00,PI,201.66000366210938,201.66000366210938,201.6649932861328,201.58999633789062,201.63999938964844,2808.0
2024-10-25 10:43:00+00:00,POET,4.050000190734863,4.050000190734863,4.054999828338623,4.050000190734863,4.054999828338623,1369.0
2024-10-25 10:43:00+00:00,POWI,63.2400016784668,63.2400016784668,63.25,63.2400016784668,63.25,886.0
2024-10-25 10:43:00+00:00,PUBM,15.169899940490723,15.169899940490723,15.184000015258789,15.169899940490723,15.184000015258789,537.0
2024-10-25 10:43:00+00:00,PYCR,14.430000305175781,14.430000305175781,14.4399995803833,14.430000305175781,14.4399995803833,823.0
2024-10-25 10:43:00+00:00,QCOM,172.3699951171875,172.3699951171875,172.72000122070312,172.3699951171875,172.64999389648438,8000.0
2024-10-25 10:43:00+00:00,QRVO,100.13999938964844,100.13999938964844,100.23999786376953,100.13999938964844,100.20999908447266,3651.0
2024-10-25 10:43:00+00:00,QUBT,1.1288000345230103,1.1288000345230103,1.1354999542236328,1.125,1.1354999542236328,9126.0
2024-10-25 10:43:00+00:00,RELY,14.779999732971191,14.779999732971191,14.779999732971191,14.779999732971191,14.779999732971191,1177.0
2024-10-25 10:43:00+00:00,RGTI,1.3049999475479126,1.3049999475479126,1.309999942779541,1.2960000038146973,1.2960000038146973,78085.0
2024-10-25 10:43:00+00:00,RIOT,10.140000343322754,10.140000343322754,10.180000305175781,10.140000343322754,10.150099754333496,53580.0
2024-10-25 10:43:00+00:00,RMBS,43.09000015258789,43.09000015258789,43.099998474121094,43.06999969482422,43.099998474121094,2432.0
2024-10-25 10:43:00+00:00,RMNI,1.7339999675750732,1.7339999675750732,1.7339999675750732,1.7300000190734863,1.7300000190734863,641.0
2024-10-25 10:43:00+00:00,RPAY,7.664999961853027,7.664999961853027,7.675000190734863,7.664999961853027,7.664999961853027,6759.0
2024-10-25 10:43:00+00:00,RPD,39.400001525878906,39.400001525878906,39.400001525878906,39.400001525878906,39.400001525878906,990.0
2024-10-25 10:43:00+00:00,RUM,5.820000171661377,5.820000171661377,5.820000171661377,5.809999942779541,5.81689977645874,15577.0
2024-10-25 10:43:00+00:00,RUN,14.274999618530273,14.274999618530273,14.350000381469727,14.270000457763672,14.319999694824219,57347.0
2024-10-25 10:43:00+00:00,RXT,2.565000057220459,2.565000057220459,2.565000057220459,2.565000057220459,2.565000057220459,121.0
2024-10-25 10:43:00+00:00,SATS,25.479999542236328,25.479999542236328,25.479999542236328,25.420000076293945,25.43000030517578,8112.0
2024-10-25 10:43:00+00:00,SEDG,15.619999885559082,15.619999885559082,15.675000190734863,15.619999885559082,15.640000343322754,6307.0
2024-10-25 10:43:00+00:00,SHLS,5.195000171661377,5.195000171661377,5.195000171661377,5.190000057220459,5.190100193023682,4142.0
2024-10-25 10:43:00+00:00,SKYT,10.430000305175781,10.430000305175781,10.489999771118164,10.430000305175781,10.489999771118164,2694.0
2024-10-25 10:43:00+00:00,SMCI,47.64799880981445,47.64799880981445,47.77899932861328,47.630001068115234,47.720001220703125,72852.0
2024-10-25 10:43:00+00:00,SMTC,45.66999816894531,45.66999816894531,45.81999969482422,45.66999816894531,45.81999969482422,2231.0
2024-10-25 10:43:00+00:00,SNPS,506.55999755859375,506.55999755859375,507.05499267578125,506.55999755859375,507.05499267578125,1327.0
2024-10-25 10:43:00+00:00,SONO,12.899999618530273,12.899999618530273,12.899999618530273,12.895000457763672,12.895000457763672,1324.0
2024-10-25 10:43:00+00:00,SOUN,5.280600070953369,5.280600070953369,5.289999961853027,5.28000020980835,5.289999961853027,12437.0
2024-10-25 10:43:00+00:00,SPSC,180.5399932861328,180.5399932861328,181.63999938964844,180.5399932861328,181.6199951171875,2187.0
2024-10-25 10:43:00+00:00,SPT,27.509199142456055,27.509199142456055,27.509199142456055,27.509199142456055,27.509199142456055,1061.0
2024-10-25 10:43:00+00:00,SRAD,12.380000114440918,12.380000114440918,12.380000114440918,12.380000114440918,12.380000114440918,239.0
2024-10-25 10:43:00+00:00,SSNC,70.03500366210938,70.03500366210938,70.03500366210938,69.99500274658203,69.99500274658203,3903.0
2024-10-25 10:43:00+00:00,SSYS,7.130000114440918,7.130000114440918,7.135000228881836,7.130000114440918,7.135000228881836,1730.0
2024-10-25 10:43:00+00:00,STNE,11.5,11.5,11.5,11.489999771118164,11.494999885559082,3206.0
2024-10-25 10:43:00+00:00,STX,105.0,105.0,105.05000305175781,104.94000244140625,105.04000091552734,13747.0
2024-10-25 10:43:00+00:00,SVRE,0.0812000036239624,0.0812000036239624,0.0812000036239624,0.0812000036239624,0.0812000036239624,7081.0
2024-10-25 10:43:00+00:00,SWKS,96.02999877929688,96.02999877929688,96.05999755859375,96.02999877929688,96.05999755859375,940.0
2024-10-25 10:43:00+00:00,SYNA,73.2750015258789,73.2750015258789,73.2750015258789,73.26750183105469,73.26750183105469,266.0
2024-10-25 10:43:00+00:00,SYTA,1.2918000221252441,1.2918000221252441,1.309999942779541,1.2899999618530273,1.3062000274658203,9163.0
2024-10-25 10:43:00+00:00,TEAM,190.63999938964844,190.63999938964844,190.6699981689453,190.63999938964844,190.6699981689453,1852.0
2024-10-25 10:43:00+00:00,TENB,41.614498138427734,41.614498138427734,41.614498138427734,41.614498138427734,41.614498138427734,782.0
2024-10-25 10:43:00+00:00,TER,112.37999725341797,112.37999725341797,112.43000030517578,112.3499984741211,112.41500091552734,3987.0
2024-10-25 10:43:00+00:00,TRMB,61.189998626708984,61.189998626708984,61.189998626708984,61.189998626708984,61.189998626708984,719.0
2024-10-25 10:43:00+00:00,TSEM,45.25,45.25,45.2599983215332,45.25,45.25,966.0
2024-10-25 10:43:00+00:00,TTD,120.36199951171875,120.36199951171875,120.5082015991211,120.32499694824219,120.5082015991211,5524.0
2024-10-25 10:43:00+00:00,TTEC,5.460000038146973,5.460000038146973,5.460000038146973,5.460000038146973,5.460000038146973,807.0
2024-10-25 10:43:00+00:00,TTMI,19.639999389648438,19.639999389648438,19.639999389648438,19.639999389648438,19.639999389648438,375.0
2024-10-25 10:43:00+00:00,TWKS,4.449999809265137,4.449999809265137,4.454999923706055,4.449999809265137,4.454999923706055,2331.0
2024-10-25 10:43:00+00:00,TXN,209.55999755859375,209.55999755859375,209.55999755859375,209.49000549316406,209.50999450683594,3694.0
2024-10-25 10:43:00+00:00,UCTT,36.0,36.0,36.0,36.0,36.0,437.0
2024-10-25 10:43:00+00:00,UEIC,8.239999771118164,8.239999771118164,8.300000190734863,8.239999771118164,8.276900291442871,2677.0
2024-10-25 10:43:00+00:00,VECO,29.540000915527344,29.540000915527344,29.540000915527344,29.540000915527344,29.540000915527344,873.0
2024-10-25 10:43:00+00:00,VIAV,9.239999771118164,9.239999771118164,9.25,9.239999771118164,9.25,2156.0
2024-10-25 10:43:00+00:00,VMEO,4.769999980926514,4.769999980926514,4.769999980926514,4.769999980926514,4.769999980926514,181.0
2024-10-25 10:43:00+00:00,VNET,3.4549999237060547,3.4549999237060547,3.4549999237060547,3.4549999237060547,3.4549999237060547,100.0
2024-10-25 10:43:00+00:00,VOXX,7.639999866485596,7.639999866485596,7.639999866485596,7.639999866485596,7.639999866485596,497.0
2024-10-25 10:43:00+00:00,VRNS,57.11000061035156,57.11000061035156,57.14500045776367,57.11000061035156,57.14500045776367,734.0
2024-10-25 10:43:00+00:00,VRNT,22.383800506591797,22.383800506591797,22.383800506591797,22.37310028076172,22.37310028076172,947.0
2024-10-25 10:43:00+00:00,VRSN,187.32000732421875,187.32000732421875,187.3300018310547,187.32000732421875,187.3300018310547,1293.0
2024-10-25 10:43:00+00:00,VSAT,10.319999694824219,10.319999694824219,10.324999809265137,10.319999694824219,10.324999809265137,1337.0
2024-10-25 10:43:00+00:00,VUZI,1.313099980354309,1.313099980354309,1.3200000524520874,1.313099980354309,1.3200000524520874,486.0
2024-10-25 10:43:00+00:00,WALD,3.609999895095825,3.609999895095825,3.609999895095825,3.609999895095825,3.609999895095825,506.0
2024-10-25 10:43:00+00:00,WDAY,241.27499389648438,241.27499389648438,241.4550018310547,241.17999267578125,241.4550018310547,4760.0
2024-10-25 10:43:00+00:00,WDC,72.37999725341797,72.37999725341797,72.54000091552734,72.2300033569336,72.5,46234.0
2024-10-25 10:43:00+00:00,WISA,1.840000033378601,1.840000033378601,1.840000033378601,1.8384000062942505,1.8384000062942505,455.0
2024-10-25 10:43:00+00:00,WIX,165.9324951171875,165.9324951171875,165.9949951171875,165.64999389648438,165.69000244140625,1480.0
2024-10-25 10:43:00+00:00,WRAP,1.9049999713897705,1.9049999713897705,1.9049999713897705,1.899999976158142,1.899999976158142,312.0
2024-10-25 10:43:00+00:00,XPER,9.429900169372559,9.429900169372559,9.429900169372559,9.429900169372559,9.429900169372559,341.0
2024-10-25 10:43:00+00:00,XRX,10.229999542236328,10.229999542236328,10.229999542236328,10.21500015258789,10.21500015258789,6814.0
2024-10-25 10:43:00+00:00,ZI,10.5649995803833,10.5649995803833,10.569999694824219,10.5649995803833,10.5693998336792,1547.0
2024-10-25 10:43:00+00:00,ZM,73.4894027709961,73.4894027709961,73.5,73.44999694824219,73.45500183105469,7054.0
2024-10-25 10:43:00+00:00,ZS,187.61000061035156,187.61000061035156,187.61000061035156,187.3000030517578,187.4199981689453,7812.0
2024-10-25 10:44:00+00:00,AAOI,18.1299991607666,18.1299991607666,18.1299991607666,18.110000610351562,18.1200008392334,1850.0
2024-10-25 10:44:00+00:00,AAPL,232.44000244140625,232.44000244140625,232.4499969482422,232.2100067138672,232.31019592285156,77413.0
2024-10-25 10:44:00+00:00,ACIW,49.439998626708984,49.439998626708984,49.459999084472656,49.42499923706055,49.459999084472656,802.0
2024-10-25 10:44:00+00:00,ACLS,90.8550033569336,90.8550033569336,90.9800033569336,90.83999633789062,90.96109771728516,1731.0
2024-10-25 10:44:00+00:00,ACMR,19.729999542236328,19.729999542236328,19.729999542236328,19.729999542236328,19.729999542236328,2265.0
2024-10-25 10:44:00+00:00,ADBE,486.9599914550781,486.9599914550781,487.2300109863281,486.6700134277344,487.2300109863281,6342.0
2024-10-25 10:44:00+00:00,ADI,233.18499755859375,233.18499755859375,233.19000244140625,233.15499877929688,233.19000244140625,1545.0
2024-10-25 10:44:00+00:00,ADSK,288.69500732421875,288.69500732421875,288.7699890136719,288.5299987792969,288.7300109863281,2120.0
2024-10-25 10:44:00+00:00,ADTN,6.417500019073486,6.417500019073486,6.417500019073486,6.409999847412109,6.414999961853027,1664.0
2024-10-25 10:44:00+00:00,AEHR,16.68000030517578,16.68000030517578,16.719999313354492,16.649999618530273,16.719999313354492,5425.0
2024-10-25 10:44:00+00:00,AFRM,41.65010070800781,41.65010070800781,41.7400016784668,41.65010070800781,41.709999084472656,12381.0
2024-10-25 10:44:00+00:00,AKAM,103.3499984741211,103.3499984741211,103.37249755859375,103.33000183105469,103.37000274658203,1640.0
2024-10-25 10:44:00+00:00,ALGM,22.635000228881836,22.635000228881836,22.649999618530273,22.625,22.649999618530273,2897.0
2024-10-25 10:44:00+00:00,ALKT,38.242000579833984,38.242000579833984,38.242000579833984,38.242000579833984,38.242000579833984,409.0
2024-10-25 10:44:00+00:00,ALOT,14.042900085449219,14.042900085449219,14.042900085449219,14.042900085449219,14.042900085449219,200.0
2024-10-25 10:44:00+00:00,ALRM,55.060001373291016,55.060001373291016,55.064998626708984,54.97999954223633,55.040000915527344,2748.0
2024-10-25 10:44:00+00:00,ALTR,106.02999877929688,106.02999877929688,106.02999877929688,105.88500213623047,105.91999816894531,1170.0
2024-10-25 10:44:00+00:00,AMAT,187.99749755859375,187.99749755859375,188.17999267578125,187.89999389648438,188.13999938964844,26825.0
2024-10-25 10:44:00+00:00,AMD,157.3719940185547,157.3719940185547,157.52000427246094,157.2949981689453,157.49000549316406,116960.0
2024-10-25 10:44:00+00:00,AMKR,29.985000610351562,29.985000610351562,30.0,29.985000610351562,30.0,2619.0
2024-10-25 10:44:00+00:00,AMPL,9.239999771118164,9.239999771118164,9.239999771118164,9.239999771118164,9.239999771118164,1078.0
2024-10-25 10:44:00+00:00,AMST,2.950000047683716,2.950000047683716,2.950000047683716,2.940000057220459,2.940000057220459,732.0
2024-10-25 10:44:00+00:00,ANSS,327.2300109863281,327.2300109863281,327.2300109863281,327.1700134277344,327.1700134277344,226.0
2024-10-25 10:44:00+00:00,AOSL,36.189998626708984,36.189998626708984,36.2400016784668,36.189998626708984,36.2400016784668,699.0
2024-10-25 10:44:00+00:00,API,2.765000104904175,2.765000104904175,2.7699999809265137,2.765000104904175,2.7699999809265137,7296.0
2024-10-25 10:44:00+00:00,APP,163.24000549316406,163.24000549316406,163.36000061035156,163.1999969482422,163.36000061035156,15811.0
2024-10-25 10:44:00+00:00,APPF,220.02000427246094,220.02000427246094,220.02000427246094,220.02000427246094,220.02000427246094,209.0
2024-10-25 10:44:00+00:00,APPN,32.36000061035156,32.36000061035156,32.36000061035156,32.36000061035156,32.36000061035156,706.0
2024-10-25 10:44:00+00:00,APPS,3.115000009536743,3.115000009536743,3.134999990463257,3.115000009536743,3.134999990463257,12128.0
2024-10-25 10:44:00+00:00,ARRY,6.40500020980835,6.40500020980835,6.409999847412109,6.400000095367432,6.404399871826172,7817.0
2024-10-25 10:44:00+00:00,ASML,718.5494995117188,718.5494995117188,719.4400024414062,718.3599853515625,719.4400024414062,3383.0
2024-10-25 10:44:00+00:00,ATOM,3.305000066757202,3.305000066757202,3.305000066757202,3.305000066757202,3.305000066757202,233.0
2024-10-25 10:44:00+00:00,AUR,6.454999923706055,6.454999923706055,6.480000019073486,6.449999809265137,6.480000019073486,15953.0
2024-10-25 10:44:00+00:00,AVDX,8.210000038146973,8.210000038146973,8.210000038146973,8.199999809265137,8.199999809265137,12199.0
2024-10-25 10:44:00+00:00,AVGO,175.125,175.125,175.27000427246094,174.93170166015625,175.27000427246094,73944.0
2024-10-25 10:44:00+00:00,AVPT,12.075499534606934,12.075499534606934,12.075499534606934,12.075499534606934,12.075499534606934,201.0
2024-10-25 10:44:00+00:00,AVT,54.70249938964844,54.70249938964844,54.702999114990234,54.70249938964844,54.702999114990234,446.0
2024-10-25 10:44:00+00:00,BAND,17.809999465942383,17.809999465942383,17.809999465942383,17.809999465942383,17.809999465942383,412.0
2024-10-25 10:44:00+00:00,BASE,16.540000915527344,16.540000915527344,16.540000915527344,16.540000915527344,16.540000915527344,468.0
2024-10-25 10:44:00+00:00,BIGC,5.355000019073486,5.355000019073486,5.360000133514404,5.355000019073486,5.360000133514404,1538.0
2024-10-25 10:44:00+00:00,BMBL,7.284999847412109,7.284999847412109,7.284999847412109,7.28000020980835,7.28000020980835,1517.0
2024-10-25 10:44:00+00:00,BRZE,31.040000915527344,31.040000915527344,31.040000915527344,31.040000915527344,31.040000915527344,611.0
2024-10-25 10:44:00+00:00,BSY,49.46500015258789,49.46500015258789,49.46500015258789,49.46500015258789,49.46500015258789,265.0
2024-10-25 10:44:00+00:00,CAN,0.9959999918937683,0.9959999918937683,1.0098999738693237,0.9959999918937683,1.0049999952316284,70897.0
2024-10-25 10:44:00+00:00,CCSI,20.530000686645508,20.530000686645508,20.530000686645508,20.389999389648438,20.479999542236328,3661.0
2024-10-25 10:44:00+00:00,CDNS,259.0899963378906,259.0899963378906,259.2699890136719,258.9200134277344,259.2699890136719,8021.0
2024-10-25 10:44:00+00:00,CDW,219.56500244140625,219.56500244140625,219.7899932861328,219.56500244140625,219.7100067138672,2559.0
2024-10-25 10:44:00+00:00,CETX,0.29649999737739563,0.29649999737739563,0.29760000109672546,0.29649999737739563,0.29760000109672546,25007.0
2024-10-25 10:44:00+00:00,CFLT,22.5,22.5,22.5,22.479999542236328,22.4950008392334,3474.0
2024-10-25 10:44:00+00:00,CGNX,39.2400016784668,39.2400016784668,39.25,39.2400016784668,39.244998931884766,683.0
2024-10-25 10:44:00+00:00,CLBT,18.209999084472656,18.209999084472656,18.209999084472656,18.204999923706055,18.204999923706055,1258.0
2024-10-25 10:44:00+00:00,CLPS,1.3898999691009521,1.3898999691009521,1.3898999691009521,1.3898999691009521,1.3898999691009521,692.0
2024-10-25 10:44:00+00:00,CLSK,12.024999618530273,12.024999618530273,12.069999694824219,12.010000228881836,12.0600004196167,68593.0
2024-10-25 10:44:00+00:00,CMTL,3.740000009536743,3.740000009536743,3.740000009536743,3.740000009536743,3.740000009536743,319.0
2024-10-25 10:44:00+00:00,CNXC,45.220001220703125,45.220001220703125,45.220001220703125,45.220001220703125,45.220001220703125,313.0
2024-10-25 10:44:00+00:00,COHR,96.20500183105469,96.20500183105469,96.2300033569336,96.1500015258789,96.18000030517578,10631.0
2024-10-25 10:44:00+00:00,COHU,26.260000228881836,26.260000228881836,26.270000457763672,26.260000228881836,26.270000457763672,2127.0
2024-10-25 10:44:00+00:00,COIN,210.9199981689453,210.9199981689453,211.6051025390625,210.3699951171875,211.39779663085938,27453.0
2024-10-25 10:44:00+00:00,COMM,6.474999904632568,6.474999904632568,6.505000114440918,6.474999904632568,6.5,4487.0
2024-10-25 10:44:00+00:00,CORZ,13.450599670410156,13.450599670410156,13.494500160217285,13.414999961853027,13.494500160217285,18279.0
2024-10-25 10:44:00+00:00,CRCT,6.545000076293945,6.545000076293945,6.545000076293945,6.545000076293945,6.545000076293945,303.0
2024-10-25 10:44:00+00:00,CRDO,39.36000061035156,39.36000061035156,39.369998931884766,39.36000061035156,39.369998931884766,796.0
2024-10-25 10:44:00+00:00,CRNC,2.8550000190734863,2.8550000190734863,2.8550000190734863,2.8450000286102295,2.8499999046325684,6658.0
2024-10-25 10:44:00+00:00,CRSR,6.465000152587891,6.465000152587891,6.465000152587891,6.465000152587891,6.465000152587891,783.0
2024-10-25 10:44:00+00:00,CRUS,122.83000183105469,122.83000183105469,122.83000183105469,122.83000183105469,122.83000183105469,640.0
2024-10-25 10:44:00+00:00,CRWD,310.2204895019531,310.2204895019531,310.5150146484375,310.0899963378906,310.5150146484375,6229.0
2024-10-25 10:44:00+00:00,CSCO,56.31999969482422,56.31999969482422,56.31999969482422,56.290000915527344,56.313201904296875,31224.0
2024-10-25 10:44:00+00:00,CSIQ,13.329999923706055,13.329999923706055,13.470000267028809,13.320300102233887,13.470000267028809,37091.0
2024-10-25 10:44:00+00:00,CTLP,9.104999542236328,9.104999542236328,9.104999542236328,9.104999542236328,9.104999542236328,273.0
2024-10-25 10:44:00+00:00,CTSH,75.13999938964844,75.13999938964844,75.13999938964844,75.11000061035156,75.13999938964844,4069.0
2024-10-25 10:44:00+00:00,CVLT,134.5800018310547,134.5800018310547,134.75,134.5800018310547,134.75,937.0
2024-10-25 10:44:00+00:00,DAKT,13.25,13.25,13.25,13.25,13.25,487.0
2024-10-25 10:44:00+00:00,DATS,1.5799000263214111,1.5799000263214111,1.5799000263214111,1.5799000263214111,1.5799000263214111,3904.0
2024-10-25 10:44:00+00:00,DAVE,39.994998931884766,39.994998931884766,40.154998779296875,39.974998474121094,40.02000045776367,6377.0
2024-10-25 10:44:00+00:00,DBX,26.139999389648438,26.139999389648438,26.145000457763672,26.139999389648438,26.145000457763672,2220.0
2024-10-25 10:44:00+00:00,DCBO,46.130001068115234,46.130001068115234,46.130001068115234,46.11000061035156,46.11000061035156,359.0
2024-10-25 10:44:00+00:00,DDOG,127.20999908447266,127.20999908447266,127.29000091552734,127.0999984741211,127.29000091552734,7290.0
2024-10-25 10:44:00+00:00,DLO,8.835000038146973,8.835000038146973,8.84000015258789,8.835000038146973,8.835000038146973,1658.0
2024-10-25 10:44:00+00:00,DMRC,31.235000610351562,31.235000610351562,31.235000610351562,31.235000610351562,31.235000610351562,392.0
2024-10-25 10:44:00+00:00,DOCU,70.75499725341797,70.75499725341797,70.76000213623047,70.73999786376953,70.76000213623047,4265.0
2024-10-25 10:44:00+00:00,DOMO,8.029999732971191,8.029999732971191,8.039999961853027,8.029999732971191,8.039999961853027,2516.0
2024-10-25 10:44:00+00:00,DSGX,105.12999725341797,105.12999725341797,105.12999725341797,105.12999725341797,105.12999725341797,870.0
2024-10-25 10:44:00+00:00,DSP,11.494999885559082,11.494999885559082,11.494999885559082,11.479999542236328,11.479999542236328,786.0
2024-10-25 10:44:00+00:00,DTSS,2.390000104904175,2.390000104904175,2.390000104904175,2.390000104904175,2.390000104904175,162.0
2024-10-25 10:44:00+00:00,DUOL,287.260009765625,287.260009765625,287.5249938964844,287.1099853515625,287.1099853515625,551.0
2024-10-25 10:44:00+00:00,DZSI,0.7900000214576721,0.7900000214576721,0.7900000214576721,0.7900000214576721,0.7900000214576721,1000.0
2024-10-25 10:44:00+00:00,EEFT,102.19499969482422,102.19499969482422,102.19499969482422,102.19499969482422,102.19499969482422,913.0
2024-10-25 10:44:00+00:00,ENPH,81.68000030517578,81.68000030517578,81.88990020751953,81.36199951171875,81.88829803466797,33028.0
2024-10-25 10:44:00+00:00,ENTG,104.84500122070312,104.84500122070312,104.88500213623047,104.77999877929688,104.8499984741211,2369.0
2024-10-25 10:44:00+00:00,ERIC,8.515000343322754,8.515000343322754,8.515999794006348,8.510000228881836,8.515000343322754,49338.0
2024-10-25 10:44:00+00:00,EVCM,10.619999885559082,10.619999885559082,10.619999885559082,10.619999885559082,10.619999885559082,165.0
2024-10-25 10:44:00+00:00,EXFY,1.725000023841858,1.725000023841858,1.725000023841858,1.725000023841858,1.725000023841858,4419.0
2024-10-25 10:44:00+00:00,EXLS,39.220001220703125,39.220001220703125,39.220001220703125,39.220001220703125,39.220001220703125,1167.0
2024-10-25 10:44:00+00:00,EXTR,14.550000190734863,14.550000190734863,14.5600004196167,14.539999961853027,14.5600004196167,3278.0
2024-10-25 10:44:00+00:00,FFIV,216.5050048828125,216.5050048828125,216.57000732421875,216.49000549316406,216.49000549316406,929.0
2024-10-25 10:44:00+00:00,FIVN,30.575000762939453,30.575000762939453,30.579999923706055,30.575000762939453,30.579999923706055,630.0
2024-10-25 10:44:00+00:00,FLEX,35.46500015258789,35.46500015258789,35.5,35.45000076293945,35.5,11251.0
2024-10-25 10:44:00+00:00,FLYW,17.579999923706055,17.579999923706055,17.6299991607666,17.579999923706055,17.6299991607666,2685.0
2024-10-25 10:44:00+00:00,FRSH,11.729999542236328,11.729999542236328,11.734999656677246,11.729999542236328,11.729999542236328,2066.0
2024-10-25 10:44:00+00:00,FSLR,197.6999969482422,197.6999969482422,198.3800048828125,197.6999969482422,198.3800048828125,7141.0
2024-10-25 10:44:00+00:00,FTNT,81.66999816894531,81.66999816894531,81.69000244140625,81.57499694824219,81.69000244140625,7645.0
2024-10-25 10:44:00+00:00,GCT,25.56999969482422,25.56999969482422,25.600000381469727,25.56999969482422,25.600000381469727,761.0
2024-10-25 10:44:00+00:00,GDS,21.774999618530273,21.774999618530273,21.774999618530273,21.760000228881836,21.7716007232666,1192.0
2024-10-25 10:44:00+00:00,GFS,41.11949920654297,41.11949920654297,41.119998931884766,41.11000061035156,41.11000061035156,3290.0
2024-10-25 10:44:00+00:00,GPRO,1.3350000381469727,1.3350000381469727,1.340000033378601,1.3300000429153442,1.340000033378601,3744.0
2024-10-25 10:44:00+00:00,GRAB,4.074999809265137,4.074999809265137,4.079699993133545,4.071499824523926,4.078000068664551,10715.0
2024-10-25 10:44:00+00:00,GTLB,55.75,55.75,55.810001373291016,55.75,55.810001373291016,1865.0
2024-10-25 10:44:00+00:00,HCP,33.654998779296875,33.654998779296875,33.654998779296875,33.650001525878906,33.650001525878906,4700.0
2024-10-25 10:44:00+00:00,HEAR,16.635000228881836,16.635000228881836,16.639999389648438,16.6299991607666,16.639999389648438,747.0
2024-10-25 10:44:00+00:00,HIMX,6.199999809265137,6.199999809265137,6.204999923706055,6.199999809265137,6.204999923706055,396.0
2024-10-25 10:44:00+00:00,HLIT,14.829999923706055,14.829999923706055,14.829999923706055,14.819999694824219,14.819999694824219,1923.0
2024-10-25 10:44:00+00:00,HOLO,3.740000009536743,3.740000009536743,3.740000009536743,3.7200000286102295,3.7200000286102295,3319.0
2024-10-25 10:44:00+00:00,HOOD,27.360000610351562,27.360000610351562,27.36639976501465,27.34480094909668,27.360000610351562,14724.0
2024-10-25 10:44:00+00:00,ICHR,27.770000457763672,27.770000457763672,27.799999237060547,27.770000457763672,27.799999237060547,465.0
2024-10-25 10:44:00+00:00,IMOS,22.549999237060547,22.549999237060547,22.549999237060547,22.549999237060547,22.549999237060547,272.0
2024-10-25 10:44:00+00:00,INDI,3.5799999237060547,3.5799999237060547,3.5799999237060547,3.5799999237060547,3.5799999237060547,1717.0
2024-10-25 10:44:00+00:00,INFN,6.784999847412109,6.784999847412109,6.784999847412109,6.784999847412109,6.784999847412109,2173.0
2024-10-25 10:44:00+00:00,INOD,19.899999618530273,19.899999618530273,19.899999618530273,19.899999618530273,19.899999618530273,238.0
2024-10-25 10:44:00+00:00,INTA,49.95000076293945,49.95000076293945,49.970001220703125,49.95000076293945,49.970001220703125,2028.0
2024-10-25 10:44:00+00:00,INTC,23.21500015258789,23.21500015258789,23.260000228881836,23.200000762939453,23.2549991607666,122718.0
2024-10-25 10:44:00+00:00,IPGP,77.16999816894531,77.16999816894531,77.2699966430664,77.16999816894531,77.26000213623047,5459.0
2024-10-25 10:44:00+00:00,ITRI,103.58999633789062,103.58999633789062,103.58999633789062,103.58999633789062,103.58999633789062,512.0
2024-10-25 10:44:00+00:00,JAMF,16.8799991607666,16.8799991607666,16.8799991607666,16.8700008392334,16.8700008392334,1709.0
2024-10-25 10:44:00+00:00,KC,2.740000009536743,2.740000009536743,2.7488999366760254,2.740000009536743,2.7488999366760254,14140.0
2024-10-25 10:44:00+00:00,KLIC,44.4900016784668,44.4900016784668,44.5,44.4900016784668,44.5,705.0
2024-10-25 10:44:00+00:00,KOSS,7.309999942779541,7.309999942779541,7.309999942779541,7.309999942779541,7.309999942779541,125.0
2024-10-25 10:44:00+00:00,LASR,10.539999961853027,10.539999961853027,10.5600004196167,10.539999961853027,10.5600004196167,2561.0
2024-10-25 10:44:00+00:00,LINK,4.380000114440918,4.380000114440918,4.570000171661377,4.340000152587891,4.570000171661377,28146.0
2024-10-25 10:44:00+00:00,LITE,64.5,64.5,64.5,64.5,64.5,576.0
2024-10-25 10:44:00+00:00,LOGI,81.01000213623047,81.01000213623047,81.05999755859375,81.01000213623047,81.05999755859375,1849.0
2024-10-25 10:44:00+00:00,LPSN,1.190500020980835,1.190500020980835,1.1950000524520874,1.190500020980835,1.1950000524520874,443.0
2024-10-25 10:44:00+00:00,LRCX,78.87999725341797,78.87999725341797,78.91999816894531,78.76000213623047,78.9000015258789,45390.0
2024-10-25 10:44:00+00:00,LSCC,54.41999816894531,54.41999816894531,54.529998779296875,54.41999816894531,54.529998779296875,1844.0
2024-10-25 10:44:00+00:00,LTRX,4.010000228881836,4.010000228881836,4.010000228881836,4.010000228881836,4.010000228881836,722.0
2024-10-25 10:44:00+00:00,LYFT,13.699999809265137,13.699999809265137,13.710000038146973,13.6899995803833,13.6899995803833,24233.0
2024-10-25 10:44:00+00:00,LYT,2.0199999809265137,2.0199999809265137,2.0199999809265137,2.0199999809265137,2.0199999809265137,323.0
2024-10-25 10:44:00+00:00,MANH,276.75,276.75,276.75,276.75,276.75,662.0
2024-10-25 10:44:00+00:00,MAPS,0.8553000092506409,0.8553000092506409,0.8569999933242798,0.8553000092506409,0.8569999933242798,5525.0
2024-10-25 10:44:00+00:00,MCHP,76.91000366210938,76.91000366210938,76.98999786376953,76.9000015258789,76.98999786376953,7723.0
2024-10-25 10:44:00+00:00,MDB,269.4750061035156,269.4750061035156,269.6300048828125,268.92498779296875,269.17999267578125,5030.0
2024-10-25 10:44:00+00:00,MIND,3.5299999713897705,3.5299999713897705,3.5299999713897705,3.5299999713897705,3.5299999713897705,150.0
2024-10-25 10:44:00+00:00,MITK,8.789999961853027,8.789999961853027,8.789999961853027,8.789999961853027,8.789999961853027,689.0
2024-10-25 10:44:00+00:00,MKSI,100.58999633789062,100.58999633789062,100.66999816894531,100.58999633789062,100.66999816894531,675.0
2024-10-25 10:44:00+00:00,MKTW,0.5820000171661377,0.5820000171661377,0.5860000252723694,0.5820000171661377,0.5860000252723694,15509.0
2024-10-25 10:44:00+00:00,MNDO,1.9950000047683716,1.9950000047683716,1.9950000047683716,1.9950000047683716,1.9950000047683716,1011.0
2024-10-25 10:44:00+00:00,MNDY,300.6499938964844,300.6499938964844,300.6600036621094,300.6499938964844,300.6600036621094,876.0
2024-10-25 10:44:00+00:00,MQ,5.324999809265137,5.324999809265137,5.324999809265137,5.315000057220459,5.320000171661377,7297.0
2024-10-25 10:44:00+00:00,MRAM,6.230000019073486,6.230000019073486,6.230000019073486,6.230000019073486,6.230000019073486,550.0
2024-10-25 10:44:00+00:00,MRVL,82.97000122070312,82.97000122070312,82.97000122070312,82.88999938964844,82.90499877929688,44566.0
2024-10-25 10:44:00+00:00,MSFT,430.802490234375,430.802490234375,431.04998779296875,430.6099853515625,431.04998779296875,32533.0
2024-10-25 10:44:00+00:00,MSTR,240.13429260253906,240.13429260253906,241.64939880371094,238.69000244140625,241.64939880371094,188574.0
2024-10-25 10:44:00+00:00,MTC,0.36959999799728394,0.36959999799728394,0.36959999799728394,0.36959999799728394,0.36959999799728394,451.0
2024-10-25 10:44:00+00:00,MTSI,119.60099792480469,119.60099792480469,119.66999816894531,119.48999786376953,119.66999816894531,3603.0
2024-10-25 10:44:00+00:00,MTTR,4.65500020980835,4.65500020980835,4.65500020980835,4.65500020980835,4.65500020980835,1710.0
2024-10-25 10:44:00+00:00,MU,109.29000091552734,109.29000091552734,109.33999633789062,109.19000244140625,109.32489776611328,22355.0
2024-10-25 10:44:00+00:00,MVIS,1.100000023841858,1.100000023841858,1.1050000190734863,1.100000023841858,1.1039999723434448,13878.0
2024-10-25 10:44:00+00:00,MXL,15.095000267028809,15.095000267028809,15.119999885559082,15.095000267028809,15.119999885559082,2028.0
2024-10-25 10:44:00+00:00,NCNO,38.314998626708984,38.314998626708984,38.31999969482422,38.314998626708984,38.31999969482422,1123.0
2024-10-25 10:44:00+00:00,NEON,7.949999809265137,7.949999809265137,7.96999979019165,7.949999809265137,7.96999979019165,2340.0
2024-10-25 10:44:00+00:00,NNDM,2.3450000286102295,2.3450000286102295,2.3450000286102295,2.3450000286102295,2.3450000286102295,1048.0
2024-10-25 10:44:00+00:00,NOVT,174.33999633789062,174.33999633789062,174.55999755859375,174.33999633789062,174.55999755859375,516.0
2024-10-25 10:44:00+00:00,NTAP,120.30999755859375,120.30999755859375,120.43000030517578,120.30999755859375,120.43000030517578,1768.0
2024-10-25 10:44:00+00:00,NTCT,20.68000030517578,20.68000030517578,20.68000030517578,20.68000030517578,20.68000030517578,473.0
2024-10-25 10:44:00+00:00,NTGR,20.440000534057617,20.440000534057617,20.450000762939453,20.440000534057617,20.450000762939453,987.0
2024-10-25 10:44:00+00:00,NTNX,62.630001068115234,62.630001068115234,62.630001068115234,62.630001068115234,62.630001068115234,348.0
2024-10-25 10:44:00+00:00,NVDA,143.36000061035156,143.36000061035156,143.47000122070312,143.19000244140625,143.46499633789062,520254.0
2024-10-25 10:44:00+00:00,NVTS,2.6050000190734863,2.6050000190734863,2.61929988861084,2.6050000190734863,2.61929988861084,9672.0
2024-10-25 10:44:00+00:00,NXPI,243.6999969482422,243.6999969482422,243.9600067138672,243.67999267578125,243.9600067138672,6529.0
2024-10-25 10:44:00+00:00,OKTA,72.83999633789062,72.83999633789062,72.83999633789062,72.82499694824219,72.82499694824219,408.0
2024-10-25 10:44:00+00:00,OLED,203.47000122070312,203.47000122070312,203.47000122070312,203.47000122070312,203.47000122070312,925.0
2024-10-25 10:44:00+00:00,ON,71.52999877929688,71.52999877929688,71.69000244140625,71.48999786376953,71.69000244140625,20959.0
2024-10-25 10:44:00+00:00,OSIS,136.8455047607422,136.8455047607422,136.8455047607422,136.8455047607422,136.8455047607422,6258.0
2024-10-25 10:44:00+00:00,OSPN,14.770000457763672,14.770000457763672,14.770000457763672,14.770000457763672,14.770000457763672,1257.0
2024-10-25 10:44:00+00:00,OTEX,33.59000015258789,33.59000015258789,33.59000015258789,33.59000015258789,33.59000015258789,325.0
2024-10-25 10:44:00+00:00,PANW,371.8500061035156,371.8500061035156,371.8500061035156,371.260009765625,371.8299865722656,6625.0
2024-10-25 10:44:00+00:00,PAYO,8.319999694824219,8.319999694824219,8.319999694824219,8.319999694824219,8.319999694824219,804.0
2024-10-25 10:44:00+00:00,PCTY,173.46499633789062,173.46499633789062,173.46499633789062,173.44500732421875,173.44500732421875,617.0
2024-10-25 10:44:00+00:00,PDFS,29.450000762939453,29.450000762939453,29.450000762939453,29.450000762939453,29.450000762939453,265.0
2024-10-25 10:44:00+00:00,PEGA,81.12999725341797,81.12999725341797,81.12999725341797,80.92500305175781,81.04859924316406,4027.0
2024-10-25 10:44:00+00:00,PEGY,4.602399826049805,4.602399826049805,4.602399826049805,4.602399826049805,4.602399826049805,200.0
2024-10-25 10:44:00+00:00,PGY,11.8100004196167,11.8100004196167,11.84000015258789,11.8100004196167,11.84000015258789,1676.0
2024-10-25 10:44:00+00:00,PHUN,9.576199531555176,9.576199531555176,9.640000343322754,9.530200004577637,9.588000297546387,60328.0
2024-10-25 10:44:00+00:00,PI,201.49000549316406,201.49000549316406,201.6699981689453,201.49000549316406,201.63999938964844,5045.0
2024-10-25 10:44:00+00:00,PLAB,23.700000762939453,23.700000762939453,23.700000762939453,23.700000762939453,23.700000762939453,374.0
2024-10-25 10:44:00+00:00,PLUS,98.88999938964844,98.88999938964844,98.88999938964844,98.88999938964844,98.88999938964844,1062.0
2024-10-25 10:44:00+00:00,PLXS,143.19000244140625,143.19000244140625,143.41000366210938,143.19000244140625,143.41000366210938,1074.0
2024-10-25 10:44:00+00:00,POWI,63.21500015258789,63.21500015258789,63.21500015258789,63.16999816894531,63.18000030517578,837.0
2024-10-25 10:44:00+00:00,PRCH,1.350000023841858,1.350000023841858,1.3600000143051147,1.350000023841858,1.3600000143051147,1945.0
2024-10-25 10:44:00+00:00,PRGS,65.03099822998047,65.03099822998047,65.18000030517578,65.03099822998047,65.16000366210938,6534.0
2024-10-25 10:44:00+00:00,PTC,186.39999389648438,186.39999389648438,186.47000122070312,186.35000610351562,186.42799377441406,4829.0
2024-10-25 10:44:00+00:00,PUBM,15.149999618530273,15.149999618530273,15.15999984741211,15.149999618530273,15.15999984741211,2164.0
2024-10-25 10:44:00+00:00,PXLW,0.7749999761581421,0.7749999761581421,0.7749999761581421,0.7749999761581421,0.7749999761581421,518.0
2024-10-25 10:44:00+00:00,PYCR,14.420000076293945,14.420000076293945,14.420000076293945,14.420000076293945,14.420000076293945,851.0
2024-10-25 10:44:00+00:00,QCOM,172.27000427246094,172.27000427246094,172.44500732421875,172.17010498046875,172.39999389648438,10315.0
2024-10-25 10:44:00+00:00,QLYS,121.6449966430664,121.6449966430664,121.6449966430664,121.54000091552734,121.56719970703125,1971.0
2024-10-25 10:44:00+00:00,QRVO,99.88999938964844,99.88999938964844,100.08499908447266,99.88999938964844,100.08499908447266,5026.0
2024-10-25 10:44:00+00:00,QUBT,1.1298999786376953,1.1298999786376953,1.1299999952316284,1.1200000047683716,1.125,5021.0
2024-10-25 10:44:00+00:00,RELY,14.770000457763672,14.770000457763672,14.779999732971191,14.770000457763672,14.779999732971191,1194.0
2024-10-25 10:44:00+00:00,RGTI,1.3049999475479126,1.3049999475479126,1.309999942779541,1.2999999523162842,1.3049999475479126,62570.0
2024-10-25 10:44:00+00:00,RIOT,10.09000015258789,10.09000015258789,10.149999618530273,10.069999694824219,10.140000343322754,110959.0
2024-10-25 10:44:00+00:00,RMBS,43.0,43.0,43.08000183105469,43.0,43.060001373291016,5160.0
2024-10-25 10:44:00+00:00,RMNI,1.7400000095367432,1.7400000095367432,1.7400000095367432,1.7400000095367432,1.7400000095367432,24.0
2024-10-25 10:44:00+00:00,RUM,5.804999828338623,5.804999828338623,5.815000057220459,5.804999828338623,5.810699939727783,7331.0
2024-10-25 10:44:00+00:00,RUN,14.220000267028809,14.220000267028809,14.289999961853027,14.220000267028809,14.270000457763672,881109.0
2024-10-25 10:44:00+00:00,RXT,2.569700002670288,2.569700002670288,2.569700002670288,2.559000015258789,2.559999942779541,8385.0
2024-10-25 10:44:00+00:00,SANM,67.91000366210938,67.91000366210938,67.98500061035156,67.91000366210938,67.98500061035156,2709.0
2024-10-25 10:44:00+00:00,SATS,25.489999771118164,25.489999771118164,25.489999771118164,25.469999313354492,25.469999313354492,1362.0
2024-10-25 10:44:00+00:00,SCKT,1.1878999471664429,1.1878999471664429,1.1878999471664429,1.1878999471664429,1.1878999471664429,400.0
2024-10-25 10:44:00+00:00,SCSC,45.619998931884766,45.619998931884766,45.619998931884766,45.619998931884766,45.619998931884766,490.0
2024-10-25 10:44:00+00:00,SEDG,15.539999961853027,15.539999961853027,15.640000343322754,15.539999961853027,15.609999656677246,18087.0
2024-10-25 10:44:00+00:00,SHLS,5.195000171661377,5.195000171661377,5.195000171661377,5.190000057220459,5.195000171661377,8623.0
2024-10-25 10:44:00+00:00,SKYT,10.430000305175781,10.430000305175781,10.430000305175781,10.430000305175781,10.430000305175781,2007.0
2024-10-25 10:44:00+00:00,SLAB,114.91000366210938,114.91000366210938,115.05000305175781,114.91000366210938,115.05000305175781,743.0
2024-10-25 10:44:00+00:00,SLNHP,12.670000076293945,12.670000076293945,12.670000076293945,12.600000381469727,12.600000381469727,476.0
2024-10-25 10:44:00+00:00,SMCI,47.7599983215332,47.7599983215332,47.77000045776367,47.64590072631836,47.64590072631836,52473.0
2024-10-25 10:44:00+00:00,SMSI,0.8379999995231628,0.8379999995231628,0.8379999995231628,0.8379999995231628,0.8379999995231628,2987.0
2024-10-25 10:44:00+00:00,SMTC,45.63999938964844,45.63999938964844,45.64500045776367,45.62480163574219,45.62480163574219,612.0
2024-10-25 10:44:00+00:00,SNPS,505.3598937988281,505.3598937988281,505.82000732421875,504.7749938964844,505.82000732421875,2966.0
2024-10-25 10:44:00+00:00,SONO,12.890000343322754,12.890000343322754,12.899999618530273,12.885000228881836,12.899999618530273,2310.0
2024-10-25 10:44:00+00:00,SOUN,5.275000095367432,5.275000095367432,5.289999961853027,5.269999980926514,5.284999847412109,34120.0
2024-10-25 10:44:00+00:00,SOUNW,1.8600000143051147,1.8600000143051147,1.8600000143051147,1.8600000143051147,1.8600000143051147,371.0
2024-10-25 10:44:00+00:00,SPI,0.430400013923645,0.430400013923645,0.430400013923645,0.430400013923645,0.430400013923645,1105.0
2024-10-25 10:44:00+00:00,SPSC,180.13999938964844,180.13999938964844,180.13999938964844,180.13999938964844,180.13999938964844,191.0
2024-10-25 10:44:00+00:00,SPT,27.489999771118164,27.489999771118164,27.489999771118164,27.489999771118164,27.489999771118164,623.0
2024-10-25 10:44:00+00:00,SRAD,12.380000114440918,12.380000114440918,12.390000343322754,12.380000114440918,12.380000114440918,2145.0
2024-10-25 10:44:00+00:00,SSNC,69.9000015258789,69.9000015258789,70.01000213623047,69.86000061035156,70.0,9610.0
2024-10-25 10:44:00+00:00,SSYS,7.119999885559082,7.119999885559082,7.119999885559082,7.119999885559082,7.119999885559082,286.0
2024-10-25 10:44:00+00:00,STNE,11.510000228881836,11.510000228881836,11.510000228881836,11.489999771118164,11.494999885559082,9157.0
2024-10-25 10:44:00+00:00,STX,105.02999877929688,105.02999877929688,105.06999969482422,104.9800033569336,105.0199966430664,15501.0
2024-10-25 10:44:00+00:00,SVRE,0.0812000036239624,0.0812000036239624,0.0812000036239624,0.0812000036239624,0.0812000036239624,176.0
2024-10-25 10:44:00+00:00,SWKS,95.83000183105469,95.83000183105469,95.93000030517578,95.83000183105469,95.93000030517578,15973.0
2024-10-25 10:44:00+00:00,SYNA,73.2750015258789,73.2750015258789,73.2750015258789,73.2300033569336,73.23999786376953,1866.0
2024-10-25 10:44:00+00:00,SYTA,1.26010000705719,1.26010000705719,1.2899999618530273,1.2599999904632568,1.2899999618530273,25038.0
2024-10-25 10:44:00+00:00,TASK,11.979999542236328,11.979999542236328,11.979999542236328,11.979999542236328,11.979999542236328,1456.0
2024-10-25 10:44:00+00:00,TCX,19.65999984741211,19.65999984741211,19.65999984741211,19.65999984741211,19.65999984741211,547.0
2024-10-25 10:44:00+00:00,TEAM,190.67999267578125,190.67999267578125,190.67999267578125,190.5800018310547,190.5800018310547,2329.0
2024-10-25 10:44:00+00:00,TENB,41.58000183105469,41.58000183105469,41.61000061035156,41.58000183105469,41.61000061035156,4350.0
2024-10-25 10:44:00+00:00,TER,112.22000122070312,112.22000122070312,112.4000015258789,112.19999694824219,112.38999938964844,8328.0
2024-10-25 10:44:00+00:00,TLS,3.640000104904175,3.640000104904175,3.6500000953674316,3.640000104904175,3.6500000953674316,1035.0
2024-10-25 10:44:00+00:00,TRMB,61.14500045776367,61.14500045776367,61.16999816894531,61.14500045776367,61.16999816894531,1481.0
2024-10-25 10:44:00+00:00,TSEM,45.255001068115234,45.255001068115234,45.255001068115234,45.255001068115234,45.255001068115234,238.0
2024-10-25 10:44:00+00:00,TTD,120.3499984741211,120.3499984741211,120.37000274658203,120.2300033569336,120.30500030517578,7573.0
2024-10-25 10:44:00+00:00,TTMI,19.649999618530273,19.649999618530273,19.649999618530273,19.6200008392334,19.6299991607666,1271.0
2024-10-25 10:44:00+00:00,TWKS,4.454999923706055,4.454999923706055,4.454999923706055,4.449999809265137,4.449999809265137,4500.0
2024-10-25 10:44:00+00:00,TXN,209.00999450683594,209.00999450683594,209.3300018310547,208.89999389648438,209.3300018310547,20348.0
2024-10-25 10:44:00+00:00,UCTT,35.959999084472656,35.959999084472656,35.974998474121094,35.939998626708984,35.974998474121094,1908.0
2024-10-25 10:44:00+00:00,USIO,1.399999976158142,1.399999976158142,1.399999976158142,1.399999976158142,1.399999976158142,1439.0
2024-10-25 10:44:00+00:00,VECO,29.4950008392334,29.4950008392334,29.510000228881836,29.4950008392334,29.510000228881836,1541.0
2024-10-25 10:44:00+00:00,VERI,3.4800000190734863,3.4800000190734863,3.490000009536743,3.4725000858306885,3.490000009536743,4661.0
2024-10-25 10:44:00+00:00,VIAV,9.239999771118164,9.239999771118164,9.239999771118164,9.239999771118164,9.239999771118164,383.0
2024-10-25 10:44:00+00:00,VICR,46.91999816894531,46.91999816894531,46.91999816894531,46.91999816894531,46.91999816894531,855.0
2024-10-25 10:44:00+00:00,VMEO,4.775000095367432,4.775000095367432,4.775000095367432,4.775000095367432,4.775000095367432,848.0
2024-10-25 10:44:00+00:00,VNET,3.4549999237060547,3.4549999237060547,3.4549999237060547,3.4549999237060547,3.4549999237060547,1754.0
2024-10-25 10:44:00+00:00,VRNS,57.09000015258789,57.09000015258789,57.11000061035156,57.060001373291016,57.11000061035156,1831.0
2024-10-25 10:44:00+00:00,VSAT,10.289999961853027,10.289999961853027,10.300000190734863,10.289999961853027,10.300000190734863,2369.0
2024-10-25 10:44:00+00:00,WDAY,241.24000549316406,241.24000549316406,241.35000610351562,241.03500366210938,241.17999267578125,6231.0
2024-10-25 10:44:00+00:00,WDC,72.51000213623047,72.51000213623047,72.54000091552734,72.30999755859375,72.34200286865234,53672.0
2024-10-25 10:44:00+00:00,WISA,1.840000033378601,1.840000033378601,1.840000033378601,1.840000033378601,1.840000033378601,115.0
2024-10-25 10:44:00+00:00,WRAP,1.9049999713897705,1.9049999713897705,1.9049999713897705,1.9049999713897705,1.9049999713897705,2150.0
2024-10-25 10:44:00+00:00,XPER,9.420000076293945,9.420000076293945,9.420000076293945,9.420000076293945,9.420000076293945,276.0
2024-10-25 10:44:00+00:00,XRX,10.204999923706055,10.204999923706055,10.225000381469727,10.204999923706055,10.225000381469727,2380.0
2024-10-25 10:44:00+00:00,ZBRA,364.29998779296875,364.29998779296875,364.55999755859375,364.29998779296875,364.55999755859375,2477.0
2024-10-25 10:44:00+00:00,ZI,10.5600004196167,10.5600004196167,10.5600004196167,10.555000305175781,10.5600004196167,4233.0
2024-10-25 10:44:00+00:00,ZM,73.31999969482422,73.31999969482422,73.46499633789062,73.31999969482422,73.46499633789062,6137.0
2024-10-25 10:44:00+00:00,ZS,187.6199951171875,187.6199951171875,187.6199951171875,187.57000732421875,187.57000732421875,2260.0
2024-10-25 10:45:00+00:00,AAOI,18.155000686645508,18.155000686645508,18.18000030517578,18.145000457763672,18.145000457763672,3112.0
2024-10-25 10:45:00+00:00,AAPL,232.44000244140625,232.44000244140625,232.57000732421875,232.44000244140625,232.4600067138672,52471.0
2024-10-25 10:45:00+00:00,ACIW,49.494998931884766,49.494998931884766,49.494998931884766,49.494998931884766,49.494998931884766,218.0
2024-10-25 10:45:00+00:00,ACLS,90.9999008178711,90.9999008178711,90.9999008178711,90.88999938964844,90.88999938964844,525.0
2024-10-25 10:45:00+00:00,ACMR,19.799999237060547,19.799999237060547,19.799999237060547,19.77899932861328,19.77899932861328,1899.0
2024-10-25 10:45:00+00:00,ADBE,487.1400146484375,487.1400146484375,487.25,487.1260070800781,487.1260070800781,1787.0
2024-10-25 10:45:00+00:00,ADI,233.3300018310547,233.3300018310547,233.3800048828125,233.18499755859375,233.18499755859375,4133.0
2024-10-25 10:45:00+00:00,ADSK,288.69500732421875,288.69500732421875,288.82000732421875,288.69000244140625,288.69500732421875,1024.0
2024-10-25 10:45:00+00:00,AEHR,16.7549991607666,16.7549991607666,16.7549991607666,16.690000534057617,16.690000534057617,3738.0
2024-10-25 10:45:00+00:00,AFRM,41.720001220703125,41.720001220703125,41.75,41.68009948730469,41.70000076293945,7012.0
2024-10-25 10:45:00+00:00,AKAM,103.38999938964844,103.38999938964844,103.38999938964844,103.375,103.375,2024.0
2024-10-25 10:45:00+00:00,ALGM,22.579999923706055,22.579999923706055,22.670000076293945,22.559999465942383,22.649999618530273,39129.0
2024-10-25 10:45:00+00:00,ALOT,14.039999961853027,14.039999961853027,14.039999961853027,14.039999961853027,14.039999961853027,368.0
2024-10-25 10:45:00+00:00,ALRM,54.970001220703125,54.970001220703125,54.970001220703125,54.970001220703125,54.970001220703125,296.0
2024-10-25 10:45:00+00:00,ALTR,105.94999694824219,105.94999694824219,105.94999694824219,105.88999938964844,105.88999938964844,406.0
2024-10-25 10:45:00+00:00,AMAT,188.16000366210938,188.16000366210938,188.2563018798828,187.99000549316406,188.0399932861328,4616.0
2024-10-25 10:45:00+00:00,AMD,157.50509643554688,157.50509643554688,157.56500244140625,157.381103515625,157.39999389648438,80780.0
2024-10-25 10:45:00+00:00,AMKR,30.0,30.0,30.020000457763672,29.979999542236328,29.985000610351562,5270.0
2024-10-25 10:45:00+00:00,AMST,2.9200000762939453,2.9200000762939453,2.9200000762939453,2.9200000762939453,2.9200000762939453,1481.0
2024-10-25 10:45:00+00:00,ANSS,327.1300048828125,327.1300048828125,327.1300048828125,327.1300048828125,327.1300048828125,499.0
2024-10-25 10:45:00+00:00,ANY,1.0850000381469727,1.0850000381469727,1.0850000381469727,1.0850000381469727,1.0850000381469727,200.0
2024-10-25 10:45:00+00:00,API,2.7750000953674316,2.7750000953674316,2.799999952316284,2.7699999809265137,2.7699999809265137,16345.0
2024-10-25 10:45:00+00:00,APP,163.3498992919922,163.3498992919922,163.3498992919922,163.19000244140625,163.24000549316406,5332.0
2024-10-25 10:45:00+00:00,APPN,32.375,32.375,32.375,32.375,32.375,318.0
2024-10-25 10:45:00+00:00,APPS,3.125,3.125,3.125,3.1198999881744385,3.1198999881744385,3344.0
2024-10-25 10:45:00+00:00,ARQQ,7.545000076293945,7.545000076293945,7.545000076293945,7.545000076293945,7.545000076293945,1146.0
2024-10-25 10:45:00+00:00,ARRY,6.40500020980835,6.40500020980835,6.409999847412109,6.400000095367432,6.40500020980835,13494.0
2024-10-25 10:45:00+00:00,ASML,719.5349731445312,719.5349731445312,719.5349731445312,719.3350219726562,719.3350219726562,2060.0
2024-10-25 10:45:00+00:00,ASUR,9.75,9.75,9.75,9.729999542236328,9.739999771118164,1642.0
2024-10-25 10:45:00+00:00,AUR,6.480000019073486,6.480000019073486,6.480000019073486,6.449999809265137,6.454999923706055,26109.0
2024-10-25 10:45:00+00:00,AVDX,8.204999923706055,8.204999923706055,8.204999923706055,8.204999923706055,8.204999923706055,3964.0
2024-10-25 10:45:00+00:00,AVGO,175.1649932861328,175.1649932861328,175.25,175.1300048828125,175.15199279785156,23867.0
2024-10-25 10:45:00+00:00,AVPT,12.100000381469727,12.100000381469727,12.100000381469727,12.074999809265137,12.074999809265137,1873.0
2024-10-25 10:45:00+00:00,AVT,54.689998626708984,54.689998626708984,54.689998626708984,54.689998626708984,54.689998626708984,894.0
2024-10-25 10:45:00+00:00,AXTI,2.672800064086914,2.672800064086914,2.672800064086914,2.672800064086914,2.672800064086914,530.0
2024-10-25 10:45:00+00:00,BASE,16.559999465942383,16.559999465942383,16.559999465942383,16.559999465942383,16.559999465942383,103.0
2024-10-25 10:45:00+00:00,BIGC,5.355000019073486,5.355000019073486,5.355000019073486,5.355000019073486,5.355000019073486,469.0
2024-10-25 10:45:00+00:00,BL,56.70000076293945,56.70000076293945,56.70000076293945,56.70000076293945,56.70000076293945,320.0
2024-10-25 10:45:00+00:00,BLKB,86.34500122070312,86.34500122070312,86.34500122070312,86.34500122070312,86.34500122070312,109.0
2024-10-25 10:45:00+00:00,BMBL,7.300000190734863,7.300000190734863,7.304999828338623,7.284999847412109,7.284999847412109,7353.0
2024-10-25 10:45:00+00:00,BRZE,31.06999969482422,31.06999969482422,31.06999969482422,31.049999237060547,31.049999237060547,1359.0
2024-10-25 10:45:00+00:00,BSY,49.470001220703125,49.470001220703125,49.470001220703125,49.470001220703125,49.470001220703125,261.0
2024-10-25 10:45:00+00:00,CAN,0.9962999820709229,0.9962999820709229,0.9965000152587891,0.9959999918937683,0.9965000152587891,2037.0
2024-10-25 10:45:00+00:00,CCSI,20.670000076293945,20.670000076293945,20.670000076293945,20.565000534057617,20.565000534057617,891.0
2024-10-25 10:45:00+00:00,CDNS,259.2049865722656,259.2049865722656,259.260009765625,259.1300048828125,259.1600036621094,3205.0
2024-10-25 10:45:00+00:00,CDW,219.625,219.625,219.625,219.47999572753906,219.58999633789062,3974.0
2024-10-25 10:45:00+00:00,CETX,0.29910001158714294,0.29910001158714294,0.29910001158714294,0.29910001158714294,0.29910001158714294,201.0
2024-10-25 10:45:00+00:00,CFLT,22.5,22.5,22.510000228881836,22.4950008392334,22.510000228881836,6710.0
2024-10-25 10:45:00+00:00,CGNX,39.244998931884766,39.244998931884766,39.244998931884766,39.22999954223633,39.2400016784668,1836.0
2024-10-25 10:45:00+00:00,CLBT,18.184999465942383,18.184999465942383,18.209999084472656,18.184999465942383,18.209999084472656,1569.0
2024-10-25 10:45:00+00:00,CLSK,12.069999694824219,12.069999694824219,12.108699798583984,12.020000457763672,12.020000457763672,79927.0
2024-10-25 10:45:00+00:00,CMTL,3.734999895095825,3.734999895095825,3.740000009536743,3.7314999103546143,3.7314999103546143,1210.0
2024-10-25 10:45:00+00:00,COHR,96.19000244140625,96.19000244140625,96.20999908447266,96.1500015258789,96.20500183105469,3827.0
2024-10-25 10:45:00+00:00,COIN,211.52999877929688,211.52999877929688,211.60989379882812,210.8699951171875,211.01499938964844,16786.0
2024-10-25 10:45:00+00:00,COMM,6.474999904632568,6.474999904632568,6.485000133514404,6.474999904632568,6.474999904632568,4039.0
2024-10-25 10:45:00+00:00,CORZ,13.479999542236328,13.479999542236328,13.494999885559082,13.471099853515625,13.475000381469727,11639.0
2024-10-25 10:45:00+00:00,CRCT,6.545000076293945,6.545000076293945,6.550000190734863,6.545000076293945,6.550000190734863,596.0
2024-10-25 10:45:00+00:00,CRDO,39.310001373291016,39.310001373291016,39.36000061035156,39.310001373291016,39.36000061035156,9320.0
2024-10-25 10:45:00+00:00,CRNC,2.859999895095825,2.859999895095825,2.865000009536743,2.859999895095825,2.859999895095825,1426.0
2024-10-25 10:45:00+00:00,CRSR,6.465000152587891,6.465000152587891,6.474999904632568,6.465000152587891,6.474999904632568,1903.0
2024-10-25 10:45:00+00:00,CRUS,122.80000305175781,122.80000305175781,122.80000305175781,122.80000305175781,122.80000305175781,277.0
2024-10-25 10:45:00+00:00,CRWD,310.6400146484375,310.6400146484375,310.67498779296875,310.5,310.5,3937.0
2024-10-25 10:45:00+00:00,CSCO,56.30500030517578,56.30500030517578,56.34000015258789,56.30500030517578,56.31999969482422,14250.0
2024-10-25 10:45:00+00:00,CSGS,47.90999984741211,47.90999984741211,47.90999984741211,47.90999984741211,47.90999984741211,417.0
2024-10-25 10:45:00+00:00,CSIQ,13.349300384521484,13.349300384521484,13.36989974975586,13.349300384521484,13.359999656677246,3573.0
2024-10-25 10:45:00+00:00,CTLP,9.109999656677246,9.109999656677246,9.109999656677246,9.104999542236328,9.104999542236328,962.0
2024-10-25 10:45:00+00:00,CTSH,75.16000366210938,75.16000366210938,75.18000030517578,75.1500015258789,75.1500015258789,3015.0
2024-10-25 10:45:00+00:00,CVLT,134.74000549316406,134.74000549316406,134.74000549316406,134.74000549316406,134.74000549316406,606.0
2024-10-25 10:45:00+00:00,CYBR,296.45001220703125,296.45001220703125,296.45001220703125,296.45001220703125,296.45001220703125,367.0
2024-10-25 10:45:00+00:00,DAKT,13.270000457763672,13.270000457763672,13.270000457763672,13.270000457763672,13.270000457763672,798.0
2024-10-25 10:45:00+00:00,DAVE,40.01499938964844,40.01499938964844,40.01499938964844,40.01499938964844,40.01499938964844,108.0
2024-10-25 10:45:00+00:00,DBX,26.139999389648438,26.139999389648438,26.139999389648438,26.1200008392334,26.1200008392334,1930.0
2024-10-25 10:45:00+00:00,DDOG,127.30000305175781,127.30000305175781,127.4000015258789,127.29000091552734,127.29000091552734,5756.0
2024-10-25 10:45:00+00:00,DGHI,1.437000036239624,1.437000036239624,1.437000036239624,1.4249999523162842,1.4249999523162842,1215.0
2024-10-25 10:45:00+00:00,DIOD,66.31500244140625,66.31500244140625,66.31500244140625,66.31500244140625,66.31500244140625,249.0
2024-10-25 10:45:00+00:00,DLO,8.835000038146973,8.835000038146973,8.835000038146973,8.835000038146973,8.835000038146973,995.0
2024-10-25 10:45:00+00:00,DOCU,70.77999877929688,70.77999877929688,70.79000091552734,70.75,70.7699966430664,2881.0
2024-10-25 10:45:00+00:00,DOMO,8.069999694824219,8.069999694824219,8.069999694824219,8.039999961853027,8.039999961853027,1504.0
2024-10-25 10:45:00+00:00,DSP,11.470000267028809,11.470000267028809,11.479999542236328,11.470000267028809,11.479999542236328,1064.0
2024-10-25 10:45:00+00:00,DUOL,287.6300048828125,287.6300048828125,287.6300048828125,286.8999938964844,287.2449951171875,11507.0
2024-10-25 10:45:00+00:00,ENPH,81.77999877929688,81.77999877929688,81.77999877929688,81.68370056152344,81.68370056152344,3609.0
2024-10-25 10:45:00+00:00,ENTG,104.83999633789062,104.83999633789062,104.94000244140625,104.83999633789062,104.9000015258789,1575.0
2024-10-25 10:45:00+00:00,ERIC,8.515000343322754,8.515000343322754,8.515000343322754,8.515000343322754,8.515000343322754,17328.0
2024-10-25 10:45:00+00:00,EXLS,39.220001220703125,39.220001220703125,39.220001220703125,39.220001220703125,39.220001220703125,929.0
2024-10-25 10:45:00+00:00,FFIV,216.4550018310547,216.4550018310547,216.5399932861328,216.4550018310547,216.5399932861328,687.0
2024-10-25 10:45:00+00:00,FIVN,30.565000534057617,30.565000534057617,30.565000534057617,30.549999237060547,30.559999465942383,1084.0
2024-10-25 10:45:00+00:00,FLEX,35.47999954223633,35.47999954223633,35.494998931884766,35.46500015258789,35.46500015258789,0.0
2024-10-25 10:45:00+00:00,FLYW,17.579999923706055,17.579999923706055,17.59000015258789,17.579999923706055,17.59000015258789,1324.0
2024-10-25 10:45:00+00:00,FORM,45.21500015258789,45.21500015258789,45.21500015258789,45.189998626708984,45.189998626708984,1610.0
2024-10-25 10:45:00+00:00,FRSH,11.729999542236328,11.729999542236328,11.739999771118164,11.729999542236328,11.729999542236328,2378.0
2024-10-25 10:45:00+00:00,FSLR,197.97500610351562,197.97500610351562,198.09500122070312,197.76010131835938,198.02999877929688,4921.0
2024-10-25 10:45:00+00:00,FTCI,0.7039999961853027,0.7039999961853027,0.7039999961853027,0.7001000046730042,0.7001000046730042,1999.0
2024-10-25 10:45:00+00:00,FTNT,81.73999786376953,81.73999786376953,81.73999786376953,81.66999816894531,81.66999816894531,7162.0
2024-10-25 10:45:00+00:00,GCT,25.51740074157715,25.51740074157715,25.56999969482422,25.514999389648438,25.540000915527344,1491.0
2024-10-25 10:45:00+00:00,GDS,21.774999618530273,21.774999618530273,21.774999618530273,21.760000228881836,21.760000228881836,539.0
2024-10-25 10:45:00+00:00,GDYN,15.704999923706055,15.704999923706055,15.704999923706055,15.704999923706055,15.704999923706055,151.0
2024-10-25 10:45:00+00:00,GFS,41.18000030517578,41.18000030517578,41.18000030517578,41.16999816894531,41.16999816894531,1596.0
2024-10-25 10:45:00+00:00,GNSS,3.892899990081787,3.892899990081787,3.892899990081787,3.892899990081787,3.892899990081787,570.0
2024-10-25 10:45:00+00:00,GPRO,1.3300000429153442,1.3300000429153442,1.3350000381469727,1.3300000429153442,1.3350000381469727,579.0
2024-10-25 10:45:00+00:00,GRAB,4.079999923706055,4.079999923706055,4.079999923706055,4.073999881744385,4.073999881744385,31130.0
2024-10-25 10:45:00+00:00,GSIT,3.2699999809265137,3.2699999809265137,3.2699999809265137,3.259999990463257,3.2639999389648438,8699.0
2024-10-25 10:45:00+00:00,GTLB,55.8223991394043,55.8223991394043,55.8223991394043,55.7599983215332,55.7599983215332,1104.0
2024-10-25 10:45:00+00:00,HCP,33.65999984741211,33.65999984741211,33.65999984741211,33.65999984741211,33.65999984741211,544.0
2024-10-25 10:45:00+00:00,HIMX,6.195000171661377,6.195000171661377,6.195000171661377,6.195000171661377,6.195000171661377,2215.0
2024-10-25 10:45:00+00:00,HLIT,14.84000015258789,14.84000015258789,14.84000015258789,14.84000015258789,14.84000015258789,806.0
2024-10-25 10:45:00+00:00,HOLO,3.73009991645813,3.73009991645813,3.7399001121520996,3.73009991645813,3.7399001121520996,3730.0
2024-10-25 10:45:00+00:00,HOOD,27.397199630737305,27.397199630737305,27.415000915527344,27.364099502563477,27.368799209594727,11979.0
2024-10-25 10:45:00+00:00,ICHR,27.790000915527344,27.790000915527344,27.790000915527344,27.790000915527344,27.790000915527344,531.0
2024-10-25 10:45:00+00:00,IDAI,0.22830000519752502,0.22830000519752502,0.22830000519752502,0.22830000519752502,0.22830000519752502,571.0
2024-10-25 10:45:00+00:00,III,3.069999933242798,3.069999933242798,3.069999933242798,3.069999933242798,3.069999933242798,292.0
2024-10-25 10:45:00+00:00,IMMR,8.8100004196167,8.8100004196167,8.819999694824219,8.8100004196167,8.819999694824219,4511.0
2024-10-25 10:45:00+00:00,INDI,3.5799999237060547,3.5799999237060547,3.5850000381469727,3.5799999237060547,3.5799999237060547,1912.0
2024-10-25 10:45:00+00:00,INFN,6.784999847412109,6.784999847412109,6.784999847412109,6.78000020980835,6.78000020980835,0.0
2024-10-25 10:45:00+00:00,INOD,19.857999801635742,19.857999801635742,19.857999801635742,19.857999801635742,19.857999801635742,1104.0
2024-10-25 10:45:00+00:00,INSG,19.860000610351562,19.860000610351562,19.860000610351562,19.860000610351562,19.860000610351562,139.0
2024-10-25 10:45:00+00:00,INTC,23.21769905090332,23.21769905090332,23.25,23.209999084472656,23.217199325561523,157348.0
2024-10-25 10:45:00+00:00,INTU,614.0,614.0,614.3599853515625,614.0,614.3599853515625,3184.0
2024-10-25 10:45:00+00:00,ITI,7.199999809265137,7.199999809265137,7.199999809265137,7.199999809265137,7.199999809265137,394.0
2024-10-25 10:45:00+00:00,ITRI,103.6500015258789,103.6500015258789,103.6500015258789,103.62000274658203,103.62000274658203,965.0
2024-10-25 10:45:00+00:00,KC,2.734999895095825,2.734999895095825,2.734999895095825,2.734999895095825,2.734999895095825,4225.0
2024-10-25 10:45:00+00:00,KLAC,677.8200073242188,677.8200073242188,677.8200073242188,677.2849731445312,677.2849731445312,1636.0
2024-10-25 10:45:00+00:00,KLIC,44.44559860229492,44.44559860229492,44.44559860229492,44.44559860229492,44.44559860229492,348.0
2024-10-25 10:45:00+00:00,LINK,4.46999979019165,4.46999979019165,4.480000019073486,4.349999904632568,4.349999904632568,8606.0
2024-10-25 10:45:00+00:00,LITE,64.4800033569336,64.4800033569336,64.4800033569336,64.4800033569336,64.4800033569336,259.0
2024-10-25 10:45:00+00:00,LOGI,81.06999969482422,81.06999969482422,81.07499694824219,81.0199966430664,81.0199966430664,1645.0
2024-10-25 10:45:00+00:00,LPSN,1.1950000524520874,1.1950000524520874,1.1950000524520874,1.1950000524520874,1.1950000524520874,1827.0
2024-10-25 10:45:00+00:00,LRCX,78.96499633789062,78.96499633789062,78.98999786376953,78.79000091552734,78.88999938964844,55166.0
2024-10-25 10:45:00+00:00,LSCC,54.45000076293945,54.45000076293945,54.470001220703125,54.41999816894531,54.41999816894531,3538.0
2024-10-25 10:45:00+00:00,LTRX,4.010000228881836,4.010000228881836,4.010000228881836,4.010000228881836,4.010000228881836,314.0
2024-10-25 10:45:00+00:00,LYFT,13.721599578857422,13.721599578857422,13.729999542236328,13.710000038146973,13.710000038146973,8653.0
2024-10-25 10:45:00+00:00,MAPS,0.8553000092506409,0.8553000092506409,0.8553000092506409,0.8553000092506409,0.8553000092506409,0.0
2024-10-25 10:45:00+00:00,MAXN,5.538599967956543,5.538599967956543,5.540800094604492,5.5320000648498535,5.5320000648498535,3113.0
2024-10-25 10:45:00+00:00,MCHP,76.95999908447266,76.95999908447266,76.95999908447266,76.93000030517578,76.94000244140625,6415.0
2024-10-25 10:45:00+00:00,MDB,269.6000061035156,269.6000061035156,269.74249267578125,269.5899963378906,269.7300109863281,2268.0
2024-10-25 10:45:00+00:00,MITK,8.78499984741211,8.78499984741211,8.78499984741211,8.78499984741211,8.78499984741211,229.0
2024-10-25 10:45:00+00:00,MKSI,100.63999938964844,100.63999938964844,100.63999938964844,100.63999938964844,100.63999938964844,442.0
2024-10-25 10:45:00+00:00,MPWR,911.0485229492188,911.0485229492188,911.7000122070312,911.0485229492188,911.6599731445312,1809.0
2024-10-25 10:45:00+00:00,MQ,5.329999923706055,5.329999923706055,5.329999923706055,5.320000171661377,5.329999923706055,32734.0
2024-10-25 10:45:00+00:00,MRVL,83.04000091552734,83.04000091552734,83.06999969482422,82.96600341796875,82.97000122070312,14421.0
2024-10-25 10:45:00+00:00,MSFT,430.75,430.75,430.9700012207031,430.70001220703125,430.7699890136719,34308.0
2024-10-25 10:45:00+00:00,MSTR,241.2469024658203,241.2469024658203,241.58990478515625,240.07000732421875,240.11000061035156,80447.0
2024-10-25 10:45:00+00:00,MTTR,4.65500020980835,4.65500020980835,4.65500020980835,4.652900218963623,4.65500020980835,1743.0
2024-10-25 10:45:00+00:00,MU,109.29959869384766,109.29959869384766,109.34500122070312,109.25,109.28500366210938,20784.0
2024-10-25 10:45:00+00:00,MVIS,1.1050000190734863,1.1050000190734863,1.1050000190734863,1.1009000539779663,1.1009000539779663,0.0
2024-10-25 10:45:00+00:00,MXL,15.180000305175781,15.180000305175781,15.199999809265137,15.095000267028809,15.095000267028809,4776.0
2024-10-25 10:45:00+00:00,NEON,7.95419979095459,7.95419979095459,7.95419979095459,7.95419979095459,7.95419979095459,334.0
2024-10-25 10:45:00+00:00,NICE,176.88999938964844,176.88999938964844,176.88999938964844,176.88999938964844,176.88999938964844,342.0
2024-10-25 10:45:00+00:00,NNDM,2.3450000286102295,2.3450000286102295,2.3450000286102295,2.3450000286102295,2.3450000286102295,364.0
2024-10-25 10:45:00+00:00,NTAP,120.40499877929688,120.40499877929688,120.40499877929688,120.29499816894531,120.29499816894531,4266.0
2024-10-25 10:45:00+00:00,NTNX,62.720001220703125,62.720001220703125,62.720001220703125,62.65999984741211,62.65999984741211,1801.0
2024-10-25 10:45:00+00:00,NVDA,143.38009643554688,143.38009643554688,143.49000549316406,143.31019592285156,143.3699951171875,406279.0
2024-10-25 10:45:00+00:00,NVTS,2.6050000190734863,2.6050000190734863,2.6089999675750732,2.600800037384033,2.600800037384033,2099.0
2024-10-25 10:45:00+00:00,NXPI,244.00999450683594,244.00999450683594,244.00999450683594,243.6999969482422,243.6999969482422,3533.0
2024-10-25 10:45:00+00:00,OKTA,72.87000274658203,72.87000274658203,72.87000274658203,72.87000274658203,72.87000274658203,406.0
2024-10-25 10:45:00+00:00,ON,71.54499816894531,71.54499816894531,71.58999633789062,71.50090026855469,71.54000091552734,11694.0
2024-10-25 10:45:00+00:00,OSIS,136.99000549316406,136.99000549316406,137.1999969482422,136.99000549316406,137.1999969482422,1468.0
2024-10-25 10:45:00+00:00,OTEX,33.599998474121094,33.599998474121094,33.599998474121094,33.599998474121094,33.599998474121094,822.0
2024-10-25 10:45:00+00:00,PANW,371.92999267578125,371.92999267578125,371.9700012207031,371.6650085449219,371.6650085449219,2164.0
2024-10-25 10:45:00+00:00,PAYO,8.335000038146973,8.335000038146973,8.335000038146973,8.324999809265137,8.324999809265137,5362.0
2024-10-25 10:45:00+00:00,PAYS,3.759999990463257,3.759999990463257,3.7699999809265137,3.759999990463257,3.7699999809265137,812.0
2024-10-25 10:45:00+00:00,PEGA,81.02999877929688,81.02999877929688,81.04000091552734,81.02999877929688,81.04000091552734,1137.0
2024-10-25 10:45:00+00:00,PEGY,4.630000114440918,4.630000114440918,4.630000114440918,4.625,4.625,270.0
2024-10-25 10:45:00+00:00,PGY,11.779999732971191,11.779999732971191,11.8100004196167,11.73009967803955,11.8100004196167,4558.0
2024-10-25 10:45:00+00:00,PHUN,9.630000114440918,9.630000114440918,9.635000228881836,9.565299987792969,9.569999694824219,83257.0
2024-10-25 10:45:00+00:00,PI,201.67999267578125,201.67999267578125,201.67999267578125,201.47999572753906,201.47999572753906,1235.0
2024-10-25 10:45:00+00:00,POET,4.03000020980835,4.03000020980835,4.03000020980835,4.03000020980835,4.03000020980835,191.0
2024-10-25 10:45:00+00:00,POWI,63.154998779296875,63.154998779296875,63.154998779296875,63.154998779296875,63.154998779296875,695.0
2024-10-25 10:45:00+00:00,PYCR,14.420000076293945,14.420000076293945,14.420000076293945,14.420000076293945,14.420000076293945,522.0
2024-10-25 10:45:00+00:00,QCOM,172.4600067138672,172.4600067138672,172.4600067138672,172.25999450683594,172.30999755859375,5890.0
2024-10-25 10:45:00+00:00,QRVO,99.97000122070312,99.97000122070312,99.98999786376953,99.9000015258789,99.9000015258789,2124.0
2024-10-25 10:45:00+00:00,QUBT,1.125,1.125,1.1399999856948853,1.1200000047683716,1.125,18429.0
2024-10-25 10:45:00+00:00,RCAT,2.759999990463257,2.759999990463257,2.759999990463257,2.755000114440918,2.755000114440918,485.0
2024-10-25 10:45:00+00:00,REKR,1.1050000190734863,1.1050000190734863,1.1050000190734863,1.1050000190734863,1.1050000190734863,383.0
2024-10-25 10:45:00+00:00,RELY,14.770000457763672,14.770000457763672,14.770000457763672,14.770000457763672,14.770000457763672,860.0
2024-10-25 10:45:00+00:00,RGTI,1.3049999475479126,1.3049999475479126,1.3087999820709229,1.3049999475479126,1.3049999475479126,1908.0
2024-10-25 10:45:00+00:00,RIOT,10.117899894714355,10.117899894714355,10.126799583435059,10.079999923706055,10.09000015258789,52606.0
2024-10-25 10:45:00+00:00,RMBS,43.0099983215332,43.0099983215332,43.0099983215332,42.9900016784668,43.005001068115234,2431.0
2024-10-25 10:45:00+00:00,RPAY,7.675000190734863,7.675000190734863,7.675000190734863,7.675000190734863,7.675000190734863,511.0
2024-10-25 10:45:00+00:00,RPD,39.27000045776367,39.27000045776367,39.27000045776367,39.27000045776367,39.27000045776367,252.0
2024-10-25 10:45:00+00:00,RUM,5.835000038146973,5.835000038146973,5.835000038146973,5.809999942779541,5.809999942779541,3996.0
2024-10-25 10:45:00+00:00,RUN,14.235600471496582,14.235600471496582,14.249899864196777,14.210000038146973,14.225000381469727,22085.0
2024-10-25 10:45:00+00:00,RXT,2.569999933242798,2.569999933242798,2.569999933242798,2.569999933242798,2.569999933242798,352.0
2024-10-25 10:45:00+00:00,SANM,67.98999786376953,67.98999786376953,67.98999786376953,67.98999786376953,67.98999786376953,361.0
2024-10-25 10:45:00+00:00,SATS,25.475000381469727,25.475000381469727,25.475000381469727,25.469999313354492,25.469999313354492,799.0
2024-10-25 10:45:00+00:00,SCWX,8.385000228881836,8.385000228881836,8.385000228881836,8.380800247192383,8.380800247192383,2673.0
2024-10-25 10:45:00+00:00,SEDG,15.5600004196167,15.5600004196167,15.630000114440918,15.520000457763672,15.555000305175781,23724.0
2024-10-25 10:45:00+00:00,SHLS,5.190000057220459,5.190000057220459,5.195000171661377,5.190000057220459,5.195000171661377,1452.0
2024-10-25 10:45:00+00:00,SIMO,57.17499923706055,57.17499923706055,57.18000030517578,57.099998474121094,57.18000030517578,2802.0
2024-10-25 10:45:00+00:00,SLNHP,12.667900085449219,12.667900085449219,12.667900085449219,12.667900085449219,12.667900085449219,139.0
2024-10-25 10:45:00+00:00,SMCI,47.90999984741211,47.90999984741211,48.029998779296875,47.72999954223633,47.755001068115234,179489.0
2024-10-25 10:45:00+00:00,SMSI,0.8159999847412109,0.8159999847412109,0.8159999847412109,0.8159999847412109,0.8159999847412109,0.0
2024-10-25 10:45:00+00:00,SNPS,505.2950134277344,505.2950134277344,505.3500061035156,504.8999938964844,504.8999938964844,3076.0
2024-10-25 10:45:00+00:00,SONO,12.899999618530273,12.899999618530273,12.899999618530273,12.890000343322754,12.890000343322754,2139.0
2024-10-25 10:45:00+00:00,SOUN,5.274799823760986,5.274799823760986,5.28000020980835,5.272500038146973,5.275000095367432,11230.0
2024-10-25 10:45:00+00:00,SPSC,180.38499450683594,180.38499450683594,180.38499450683594,180.38499450683594,180.38499450683594,1137.0
2024-10-25 10:45:00+00:00,SRAD,12.380000114440918,12.380000114440918,12.380000114440918,12.380000114440918,12.380000114440918,1512.0
2024-10-25 10:45:00+00:00,SSNC,69.85009765625,69.85009765625,69.88500213623047,69.8499984741211,69.88500213623047,2248.0
2024-10-25 10:45:00+00:00,SSYS,7.119999885559082,7.119999885559082,7.119999885559082,7.119999885559082,7.119999885559082,440.0
2024-10-25 10:45:00+00:00,STNE,11.524999618530273,11.524999618530273,11.529999732971191,11.515000343322754,11.515000343322754,2577.0
2024-10-25 10:45:00+00:00,STX,105.04000091552734,105.04000091552734,105.05500030517578,104.98999786376953,105.02999877929688,12635.0
2024-10-25 10:45:00+00:00,SVRE,0.0812000036239624,0.0812000036239624,0.0812000036239624,0.0812000036239624,0.0812000036239624,5005.0
2024-10-25 10:45:00+00:00,SWKS,96.0,96.0,96.0,95.88999938964844,95.8949966430664,13382.0
2024-10-25 10:45:00+00:00,SYNA,73.2699966430664,73.2699966430664,73.2699966430664,73.2699966430664,73.2699966430664,737.0
2024-10-25 10:45:00+00:00,SYTA,1.2899999618530273,1.2899999618530273,1.2999999523162842,1.2699999809265137,1.2699999809265137,22287.0
2024-10-25 10:45:00+00:00,TEAM,190.7100067138672,190.7100067138672,190.91000366210938,190.7100067138672,190.72500610351562,7974.0
2024-10-25 10:45:00+00:00,TENB,41.58000183105469,41.58000183105469,41.58000183105469,41.58000183105469,41.58000183105469,117.0
2024-10-25 10:45:00+00:00,TER,112.3499984741211,112.3499984741211,112.37999725341797,112.19999694824219,112.2300033569336,20396.0
2024-10-25 10:45:00+00:00,TGL,0.675000011920929,0.675000011920929,0.675000011920929,0.671999990940094,0.671999990940094,392.0
2024-10-25 10:45:00+00:00,TLS,3.634999990463257,3.634999990463257,3.634999990463257,3.634999990463257,3.634999990463257,342.0
2024-10-25 10:45:00+00:00,TRMB,61.165000915527344,61.165000915527344,61.165000915527344,61.165000915527344,61.165000915527344,323.0
2024-10-25 10:45:00+00:00,TSEM,45.17499923706055,45.17499923706055,45.20000076293945,45.17499923706055,45.20000076293945,1928.0
2024-10-25 10:45:00+00:00,TTD,120.38400268554688,120.38400268554688,120.4749984741211,120.36000061035156,120.36000061035156,4381.0
2024-10-25 10:45:00+00:00,TTMI,19.649999618530273,19.649999618530273,19.649999618530273,19.649999618530273,19.649999618530273,310.0
2024-10-25 10:45:00+00:00,TWKS,4.449999809265137,4.449999809265137,4.454999923706055,4.449999809265137,4.449999809265137,12305.0
2024-10-25 10:45:00+00:00,TXN,209.13999938964844,209.13999938964844,209.1999969482422,209.02499389648438,209.02499389648438,10492.0
2024-10-25 10:45:00+00:00,VECO,29.540000915527344,29.540000915527344,29.540000915527344,29.520000457763672,29.520000457763672,1242.0
2024-10-25 10:45:00+00:00,VERB,10.079999923706055,10.079999923706055,10.079999923706055,10.079999923706055,10.079999923706055,2275.0
2024-10-25 10:45:00+00:00,VERI,3.490000009536743,3.490000009536743,3.490000009536743,3.490000009536743,3.490000009536743,1992.0
2024-10-25 10:45:00+00:00,VERX,42.52640151977539,42.52640151977539,42.52640151977539,42.48500061035156,42.48500061035156,788.0
2024-10-25 10:45:00+00:00,VIAV,9.232500076293945,9.232500076293945,9.232500076293945,9.232500076293945,9.232500076293945,747.0
2024-10-25 10:45:00+00:00,VICR,46.88249969482422,46.88249969482422,46.88249969482422,46.81999969482422,46.869998931884766,982.0
2024-10-25 10:45:00+00:00,VMEO,4.769999980926514,4.769999980926514,4.769999980926514,4.769999980926514,4.769999980926514,394.0
2024-10-25 10:45:00+00:00,VNET,3.4549999237060547,3.4549999237060547,3.4549999237060547,3.4549999237060547,3.4549999237060547,452.0
2024-10-25 10:45:00+00:00,VRNS,57.095001220703125,57.095001220703125,57.119998931884766,57.095001220703125,57.119998931884766,1308.0
2024-10-25 10:45:00+00:00,VRNT,22.3700008392334,22.3700008392334,22.3700008392334,22.3700008392334,22.3700008392334,398.0
2024-10-25 10:45:00+00:00,VRSN,187.3300018310547,187.3300018310547,187.3300018310547,187.3300018310547,187.3300018310547,421.0
2024-10-25 10:45:00+00:00,VSAT,10.3100004196167,10.3100004196167,10.3100004196167,10.300000190734863,10.300000190734863,2798.0
2024-10-25 10:45:00+00:00,WDAY,241.41000366210938,241.41000366210938,241.52000427246094,241.3800048828125,241.3800048828125,5224.0
2024-10-25 10:45:00+00:00,WDC,72.5770034790039,72.5770034790039,72.62999725341797,72.41000366210938,72.52999877929688,122521.0
2024-10-25 10:45:00+00:00,WISA,1.840000033378601,1.840000033378601,1.840000033378601,1.8307000398635864,1.8307000398635864,2841.0
2024-10-25 10:45:00+00:00,XPER,9.4399995803833,9.4399995803833,9.4399995803833,9.430000305175781,9.430000305175781,657.0
2024-10-25 10:45:00+00:00,XRX,10.200300216674805,10.200300216674805,10.21500015258789,10.200300216674805,10.210000038146973,2104.0
2024-10-25 10:45:00+00:00,ZI,10.5649995803833,10.5649995803833,10.569999694824219,10.5649995803833,10.569999694824219,4197.0
2024-10-25 10:45:00+00:00,ZM,73.37999725341797,73.37999725341797,73.37999725341797,73.34500122070312,73.34500122070312,2672.0
2024-10-25 10:45:00+00:00,ZS,187.66000366210938,187.66000366210938,187.66000366210938,187.60000610351562,187.60000610351562,1315.0
2024-10-25 10:46:00+00:00,AAOI,18.155000686645508,18.155000686645508,18.179899215698242,18.125,18.179899215698242,2263.0
2024-10-25 10:46:00+00:00,AAPL,232.35360717773438,232.35360717773438,232.5,232.32000732421875,232.4398956298828,67295.0
2024-10-25 10:46:00+00:00,ACIW,49.470001220703125,49.470001220703125,49.470001220703125,49.470001220703125,49.470001220703125,629.0
2024-10-25 10:46:00+00:00,ACMR,19.798999786376953,19.798999786376953,19.798999786376953,19.798999786376953,19.798999786376953,530.0
2024-10-25 10:46:00+00:00,ADBE,486.5899963378906,486.5899963378906,486.8900146484375,486.5899963378906,486.8900146484375,1726.0
2024-10-25 10:46:00+00:00,ADI,233.1300048828125,233.1300048828125,233.1300048828125,233.1300048828125,233.1300048828125,388.0
2024-10-25 10:46:00+00:00,ADSK,288.3949890136719,288.3949890136719,288.6700134277344,288.3949890136719,288.57000732421875,2560.0
2024-10-25 10:46:00+00:00,AEHR,16.719999313354492,16.719999313354492,16.760000228881836,16.719999313354492,16.760000228881836,1434.0
2024-10-25 10:46:00+00:00,AFRM,41.650001525878906,41.650001525878906,41.70000076293945,41.630001068115234,41.70000076293945,13010.0
2024-10-25 10:46:00+00:00,AKAM,103.31999969482422,103.31999969482422,103.31999969482422,103.30999755859375,103.30999755859375,622.0
2024-10-25 10:46:00+00:00,AKTS,0.05889999866485596,0.05889999866485596,0.05889999866485596,0.05869999900460243,0.05869999900460243,13600.0
2024-10-25 10:46:00+00:00,ALGM,22.5049991607666,22.5049991607666,22.56999969482422,22.49250030517578,22.549999237060547,5477.0
2024-10-25 10:46:00+00:00,ALRM,54.88999938964844,54.88999938964844,54.88999938964844,54.88999938964844,54.88999938964844,425.0
2024-10-25 10:46:00+00:00,ALTR,105.94000244140625,105.94000244140625,105.94000244140625,105.91500091552734,105.91999816894531,876.0
2024-10-25 10:46:00+00:00,AMAT,188.0,188.0,188.2554931640625,187.97000122070312,188.2554931640625,4161.0
2024-10-25 10:46:00+00:00,AMD,157.36000061035156,157.36000061035156,157.4600067138672,157.24009704589844,157.4600067138672,82397.0
2024-10-25 10:46:00+00:00,AMKR,29.969999313354492,29.969999313354492,29.969999313354492,29.969999313354492,29.969999313354492,339.0
2024-10-25 10:46:00+00:00,AMPG,1.0449999570846558,1.0449999570846558,1.0449999570846558,1.0449999570846558,1.0449999570846558,125.0
2024-10-25 10:46:00+00:00,AMPL,9.239999771118164,9.239999771118164,9.239999771118164,9.220100402832031,9.220100402832031,1272.0
2024-10-25 10:46:00+00:00,ANSS,326.8800048828125,326.8800048828125,326.8800048828125,326.8450012207031,326.8450012207031,308.0
2024-10-25 10:46:00+00:00,APP,162.94000244140625,162.94000244140625,163.1699981689453,162.61000061035156,163.1199951171875,22751.0
2024-10-25 10:46:00+00:00,APPF,220.88999938964844,220.88999938964844,220.88999938964844,220.64999389648438,220.64999389648438,848.0
2024-10-25 10:46:00+00:00,APPN,32.33000183105469,32.33000183105469,32.349998474121094,32.33000183105469,32.349998474121094,270.0
2024-10-25 10:46:00+00:00,APPS,3.119999885559082,3.119999885559082,3.119999885559082,3.119999885559082,3.119999885559082,959.0
2024-10-25 10:46:00+00:00,ARBE,1.90910005569458,1.90910005569458,1.90910005569458,1.90910005569458,1.90910005569458,200.0
2024-10-25 10:46:00+00:00,ARRY,6.385000228881836,6.385000228881836,6.405300140380859,6.383999824523926,6.405300140380859,13018.0
2024-10-25 10:46:00+00:00,ASML,719.260009765625,719.260009765625,719.5,718.9500122070312,719.27001953125,2698.0
2024-10-25 10:46:00+00:00,ASNS,1.350000023841858,1.350000023841858,1.350000023841858,1.350000023841858,1.350000023841858,1500.0
2024-10-25 10:46:00+00:00,AUDC,9.170000076293945,9.170000076293945,9.170000076293945,9.170000076293945,9.170000076293945,413.0
2024-10-25 10:46:00+00:00,AUR,6.440000057220459,6.440000057220459,6.474999904632568,6.440000057220459,6.474999904632568,6837.0
2024-10-25 10:46:00+00:00,AVDX,8.204999923706055,8.204999923706055,8.210000038146973,8.204999923706055,8.210000038146973,1466.0
2024-10-25 10:46:00+00:00,AVGO,175.00999450683594,175.00999450683594,175.12989807128906,174.9550018310547,175.11500549316406,27969.0
2024-10-25 10:46:00+00:00,AVPT,12.095000267028809,12.095000267028809,12.095000267028809,12.095000267028809,12.095000267028809,395.0
2024-10-25 10:46:00+00:00,AZPN,237.8800048828125,237.8800048828125,238.2100067138672,237.5,238.2100067138672,3295.0
2024-10-25 10:46:00+00:00,BAND,17.799999237060547,17.799999237060547,17.799999237060547,17.799999237060547,17.799999237060547,210.0
2024-10-25 10:46:00+00:00,BASE,16.545000076293945,16.545000076293945,16.545000076293945,16.545000076293945,16.545000076293945,196.0
2024-10-25 10:46:00+00:00,BIGC,5.355000019073486,5.355000019073486,5.355000019073486,5.34499979019165,5.349999904632568,5141.0
2024-10-25 10:46:00+00:00,BLZE,7.269999980926514,7.269999980926514,7.269999980926514,7.239999771118164,7.239999771118164,2396.0
2024-10-25 10:46:00+00:00,BMBL,7.289999961853027,7.289999961853027,7.300000190734863,7.289999961853027,7.300000190734863,2313.0
2024-10-25 10:46:00+00:00,BRZE,31.040000915527344,31.040000915527344,31.040000915527344,31.020000457763672,31.020000457763672,1766.0
2024-10-25 10:46:00+00:00,BSY,49.474998474121094,49.474998474121094,49.474998474121094,49.474998474121094,49.474998474121094,412.0
2024-10-25 10:46:00+00:00,CAMT,78.55000305175781,78.55000305175781,78.55000305175781,78.55000305175781,78.55000305175781,664.0
2024-10-25 10:46:00+00:00,CDNS,259.0950012207031,259.0950012207031,259.1099853515625,259.06500244140625,259.0799865722656,3425.0
2024-10-25 10:46:00+00:00,CDW,219.38999938964844,219.38999938964844,219.4600067138672,219.38999938964844,219.4600067138672,1092.0
2024-10-25 10:46:00+00:00,CETX,0.29670000076293945,0.29670000076293945,0.2980000078678131,0.29670000076293945,0.2980000078678131,9135.0
2024-10-25 10:46:00+00:00,CFLT,22.475000381469727,22.475000381469727,22.5,22.469999313354492,22.5,3145.0
2024-10-25 10:46:00+00:00,CGNX,39.189998626708984,39.189998626708984,39.22999954223633,39.189998626708984,39.22999954223633,2277.0
2024-10-25 10:46:00+00:00,CLSK,12.069999694824219,12.069999694824219,12.079999923706055,12.029999732971191,12.079999923706055,34418.0
2024-10-25 10:46:00+00:00,CMBM,1.304800033569336,1.304800033569336,1.304800033569336,1.304800033569336,1.304800033569336,216.0
2024-10-25 10:46:00+00:00,CMTL,3.7300000190734863,3.7300000190734863,3.7300000190734863,3.7300000190734863,3.7300000190734863,883.0
2024-10-25 10:46:00+00:00,CNDT,3.7149999141693115,3.7149999141693115,3.7149999141693115,3.7149999141693115,3.7149999141693115,794.0
2024-10-25 10:46:00+00:00,CNXC,45.20000076293945,45.20000076293945,45.220001220703125,45.18000030517578,45.220001220703125,3541.0
2024-10-25 10:46:00+00:00,COHR,96.06999969482422,96.06999969482422,96.19000244140625,96.06999969482422,96.19000244140625,1126.0
2024-10-25 10:46:00+00:00,COIN,211.18960571289062,211.18960571289062,211.60670471191406,210.72000122070312,211.60670471191406,14361.0
2024-10-25 10:46:00+00:00,COMM,6.470600128173828,6.470600128173828,6.470600128173828,6.470600128173828,6.470600128173828,617.0
2024-10-25 10:46:00+00:00,CORZ,13.431300163269043,13.431300163269043,13.460000038146973,13.40999984741211,13.449999809265137,16848.0
2024-10-25 10:46:00+00:00,CORZW,7.909999847412109,7.909999847412109,7.909999847412109,7.909999847412109,7.909999847412109,323.0
2024-10-25 10:46:00+00:00,CRCT,6.539999961853027,6.539999961853027,6.550000190734863,6.539999961853027,6.550000190734863,641.0
2024-10-25 10:46:00+00:00,CRDO,39.2599983215332,39.2599983215332,39.29999923706055,39.15999984741211,39.279998779296875,4042.0
2024-10-25 10:46:00+00:00,CRNC,2.8550000190734863,2.8550000190734863,2.865000009536743,2.8550000190734863,2.865000009536743,4277.0
2024-10-25 10:46:00+00:00,CRUS,122.61000061035156,122.61000061035156,122.61000061035156,122.61000061035156,122.61000061035156,961.0
2024-10-25 10:46:00+00:00,CRWD,310.1499938964844,310.1499938964844,310.5050048828125,310.1499938964844,310.5050048828125,4086.0
2024-10-25 10:46:00+00:00,CSCO,56.28499984741211,56.28499984741211,56.29999923706055,56.279998779296875,56.29999923706055,8126.0
2024-10-25 10:46:00+00:00,CSIQ,13.319999694824219,13.319999694824219,13.331000328063965,13.307000160217285,13.329999923706055,5646.0
2024-10-25 10:46:00+00:00,CTSH,75.16999816894531,75.16999816894531,75.16999816894531,75.15499877929688,75.15499877929688,1647.0
2024-10-25 10:46:00+00:00,CVLT,134.38999938964844,134.38999938964844,134.72000122070312,134.38999938964844,134.72000122070312,1266.0
2024-10-25 10:46:00+00:00,DAVE,40.01499938964844,40.01499938964844,40.01499938964844,40.01499938964844,40.01499938964844,798.0
2024-10-25 10:46:00+00:00,DBX,26.1299991607666,26.1299991607666,26.1299991607666,26.1200008392334,26.1299991607666,4817.0
2024-10-25 10:46:00+00:00,DDOG,127.12999725341797,127.12999725341797,127.19429779052734,127.12999725341797,127.19000244140625,2545.0
2024-10-25 10:46:00+00:00,DGII,30.155000686645508,30.155000686645508,30.155000686645508,30.155000686645508,30.155000686645508,177.0
2024-10-25 10:46:00+00:00,DIOD,66.18000030517578,66.18000030517578,66.18000030517578,66.18000030517578,66.18000030517578,572.0
2024-10-25 10:46:00+00:00,DOCU,70.73999786376953,70.73999786376953,70.76499938964844,70.73999786376953,70.76000213623047,3032.0
2024-10-25 10:46:00+00:00,DOMO,8.0600004196167,8.0600004196167,8.0600004196167,8.0600004196167,8.0600004196167,1029.0
2024-10-25 10:46:00+00:00,DTST,3.450000047683716,3.450000047683716,3.450000047683716,3.450000047683716,3.450000047683716,230.0
2024-10-25 10:46:00+00:00,DUOL,287.8999938964844,287.8999938964844,288.3396911621094,287.5899963378906,287.5899963378906,3796.0
2024-10-25 10:46:00+00:00,EEFT,102.0999984741211,102.0999984741211,102.16999816894531,102.08000183105469,102.16999816894531,1569.0
2024-10-25 10:46:00+00:00,ENPH,81.7249984741211,81.7249984741211,81.77999877929688,81.66000366210938,81.72000122070312,5347.0
2024-10-25 10:46:00+00:00,ENTG,104.74500274658203,104.74500274658203,104.83999633789062,104.74500274658203,104.83999633789062,1605.0
2024-10-25 10:46:00+00:00,ERIC,8.510000228881836,8.510000228881836,8.515000343322754,8.510000228881836,8.515000343322754,26970.0
2024-10-25 10:46:00+00:00,EXLS,39.189998626708984,39.189998626708984,39.20000076293945,39.189998626708984,39.20000076293945,1866.0
2024-10-25 10:46:00+00:00,FEIM,12.225000381469727,12.225000381469727,12.225000381469727,12.225000381469727,12.225000381469727,711.0
2024-10-25 10:46:00+00:00,FFIV,216.44500732421875,216.44500732421875,216.44500732421875,216.3800048828125,216.39999389648438,1336.0
2024-10-25 10:46:00+00:00,FIVN,30.584999084472656,30.584999084472656,30.59000015258789,30.559999465942383,30.559999465942383,3201.0
2024-10-25 10:46:00+00:00,FLEX,35.459999084472656,35.459999084472656,35.470001220703125,35.45000076293945,35.470001220703125,3456.0
2024-10-25 10:46:00+00:00,FLYW,17.59000015258789,17.59000015258789,17.59000015258789,17.59000015258789,17.59000015258789,293.0
2024-10-25 10:46:00+00:00,FRGT,1.899999976158142,1.899999976158142,1.899999976158142,1.899999976158142,1.899999976158142,0.0
2024-10-25 10:46:00+00:00,FROG,29.440000534057617,29.440000534057617,29.440000534057617,29.440000534057617,29.440000534057617,227.0
2024-10-25 10:46:00+00:00,FRSH,11.729999542236328,11.729999542236328,11.734999656677246,11.729999542236328,11.729999542236328,1414.0
2024-10-25 10:46:00+00:00,FSLR,197.99000549316406,197.99000549316406,198.19000244140625,197.97500610351562,198.19000244140625,1315.0
2024-10-25 10:46:00+00:00,FTCI,0.699999988079071,0.699999988079071,0.699999988079071,0.699999988079071,0.699999988079071,1136.0
2024-10-25 10:46:00+00:00,FTNT,81.69999694824219,81.69999694824219,81.73999786376953,81.69999694824219,81.73999786376953,2250.0
2024-10-25 10:46:00+00:00,GCT,25.549999237060547,25.549999237060547,25.56999969482422,25.521900177001953,25.56999969482422,11531.0
2024-10-25 10:46:00+00:00,GDS,21.75,21.75,21.760000228881836,21.739999771118164,21.760000228881836,2250.0
2024-10-25 10:46:00+00:00,GPRO,1.3350000381469727,1.3350000381469727,1.3350000381469727,1.3350000381469727,1.3350000381469727,870.0
2024-10-25 10:46:00+00:00,GRAB,4.070099830627441,4.070099830627441,4.079999923706055,4.070099830627441,4.079999923706055,5859.0
2024-10-25 10:46:00+00:00,GRRR,4.590000152587891,4.590000152587891,4.619999885559082,4.590000152587891,4.619999885559082,3393.0
2024-10-25 10:46:00+00:00,HCP,33.65999984741211,33.65999984741211,33.65999984741211,33.654998779296875,33.654998779296875,1259.0
2024-10-25 10:46:00+00:00,HLIT,14.8149995803833,14.8149995803833,14.824999809265137,14.8149995803833,14.824999809265137,636.0
2024-10-25 10:46:00+00:00,HOLO,3.7300000190734863,3.7300000190734863,3.740000009536743,3.7300000190734863,3.734999895095825,8593.0
2024-10-25 10:46:00+00:00,HOOD,27.420000076293945,27.420000076293945,27.420000076293945,27.3700008392334,27.395000457763672,61533.0
2024-10-25 10:46:00+00:00,IMMR,8.800000190734863,8.800000190734863,8.800000190734863,8.779999732971191,8.789999961853027,6040.0
2024-10-25 10:46:00+00:00,IMXI,17.770000457763672,17.770000457763672,17.770000457763672,17.760000228881836,17.760000228881836,1092.0
2024-10-25 10:46:00+00:00,INDI,3.575000047683716,3.575000047683716,3.5799999237060547,3.575000047683716,3.5799999237060547,2095.0
2024-10-25 10:46:00+00:00,INFN,6.78000020980835,6.78000020980835,6.78000020980835,6.78000020980835,6.78000020980835,700.0
2024-10-25 10:46:00+00:00,INOD,19.84000015258789,19.84000015258789,19.895000457763672,19.84000015258789,19.895000457763672,668.0
2024-10-25 10:46:00+00:00,INTC,23.170000076293945,23.170000076293945,23.21500015258789,23.170000076293945,23.21500015258789,171891.0
2024-10-25 10:46:00+00:00,INTU,613.530029296875,613.530029296875,613.8699951171875,613.530029296875,613.8699951171875,1749.0
2024-10-25 10:46:00+00:00,IPGP,77.12999725341797,77.12999725341797,77.25,77.12999725341797,77.25,880.0
2024-10-25 10:46:00+00:00,ITRI,103.6500015258789,103.6500015258789,103.6500015258789,103.6500015258789,103.6500015258789,1039.0
2024-10-25 10:46:00+00:00,JAMF,16.889999389648438,16.889999389648438,16.889999389648438,16.889999389648438,16.889999389648438,385.0
2024-10-25 10:46:00+00:00,KC,2.734999895095825,2.734999895095825,2.7395999431610107,2.734999895095825,2.734999895095825,6575.0
2024-10-25 10:46:00+00:00,KLIC,44.48500061035156,44.48500061035156,44.4900016784668,44.48500061035156,44.4900016784668,433.0
2024-10-25 10:46:00+00:00,KOPN,0.7609000205993652,0.7609000205993652,0.7609000205993652,0.7609000205993652,0.7609000205993652,266.0
2024-10-25 10:46:00+00:00,LASR,10.520000457763672,10.520000457763672,10.520000457763672,10.520000457763672,10.520000457763672,242.0
2024-10-25 10:46:00+00:00,LINK,4.420000076293945,4.420000076293945,4.46999979019165,4.420000076293945,4.46999979019165,2797.0
2024-10-25 10:46:00+00:00,LITE,64.4800033569336,64.4800033569336,64.4800033569336,64.4800033569336,64.4800033569336,937.0
2024-10-25 10:46:00+00:00,LRCX,78.9800033569336,78.9800033569336,78.9800033569336,78.86000061035156,78.93000030517578,36539.0
2024-10-25 10:46:00+00:00,LSCC,54.33000183105469,54.33000183105469,54.41999816894531,54.33000183105469,54.41999816894531,1553.0
2024-10-25 10:46:00+00:00,LTRX,4.010000228881836,4.010000228881836,4.010000228881836,4.010000228881836,4.010000228881836,53.0
2024-10-25 10:46:00+00:00,LYFT,13.720000267028809,13.720000267028809,13.725000381469727,13.711400032043457,13.725000381469727,8766.0
2024-10-25 10:46:00+00:00,MANH,276.739990234375,276.739990234375,276.739990234375,276.739990234375,276.739990234375,1561.0
2024-10-25 10:46:00+00:00,MAXN,5.539999961853027,5.539999961853027,5.539999961853027,5.539999961853027,5.539999961853027,1250.0
2024-10-25 10:46:00+00:00,MCHP,76.8499984741211,76.8499984741211,76.88999938964844,76.83000183105469,76.88999938964844,6950.0
2024-10-25 10:46:00+00:00,MDB,269.18499755859375,269.18499755859375,269.3599853515625,269.17999267578125,269.3599853515625,1394.0
2024-10-25 10:46:00+00:00,MITK,8.78499984741211,8.78499984741211,8.78499984741211,8.774999618530273,8.774999618530273,419.0
2024-10-25 10:46:00+00:00,MKTW,0.5927000045776367,0.5927000045776367,0.5927000045776367,0.5927000045776367,0.5927000045776367,825.0
2024-10-25 10:46:00+00:00,MNDY,300.8299865722656,300.8299865722656,300.8299865722656,300.8299865722656,300.8299865722656,342.0
2024-10-25 10:46:00+00:00,MPWR,910.1749877929688,910.1749877929688,910.6300048828125,910.1749877929688,910.6300048828125,1013.0
2024-10-25 10:46:00+00:00,MRVL,82.95999908447266,82.95999908447266,83.03369903564453,82.94999694824219,83.03369903564453,21650.0
2024-10-25 10:46:00+00:00,MSFT,430.5249938964844,430.5249938964844,430.7650146484375,430.4599914550781,430.7650146484375,21890.0
2024-10-25 10:46:00+00:00,MSTR,241.26809692382812,241.26809692382812,241.44000244140625,239.8800048828125,241.02999877929688,56590.0
2024-10-25 10:46:00+00:00,MTSI,119.62999725341797,119.62999725341797,119.62999725341797,119.62999725341797,119.62999725341797,209.0
2024-10-25 10:46:00+00:00,MTTR,4.65500020980835,4.65500020980835,4.65500020980835,4.65500020980835,4.65500020980835,500.0
2024-10-25 10:46:00+00:00,MU,109.19999694824219,109.19999694824219,109.25499725341797,109.16799926757812,109.25199890136719,23206.0
2024-10-25 10:46:00+00:00,MVIS,1.1100000143051147,1.1100000143051147,1.1100000143051147,1.1100000143051147,1.1100000143051147,0.0
2024-10-25 10:46:00+00:00,MXL,15.180000305175781,15.180000305175781,15.180000305175781,15.145000457763672,15.180000305175781,4013.0
2024-10-25 10:46:00+00:00,NCNO,38.33000183105469,38.33000183105469,38.33000183105469,38.317501068115234,38.317501068115234,902.0
2024-10-25 10:46:00+00:00,NEON,7.980000019073486,7.980000019073486,7.980000019073486,7.980000019073486,7.980000019073486,104.0
2024-10-25 10:46:00+00:00,NICE,176.8699951171875,176.8699951171875,176.8699951171875,176.8699951171875,176.8699951171875,300.0
2024-10-25 10:46:00+00:00,NNDM,2.3399999141693115,2.3399999141693115,2.3459999561309814,2.3399999141693115,2.34089994430542,9381.0
2024-10-25 10:46:00+00:00,NTAP,120.58999633789062,120.58999633789062,120.58999633789062,120.54499816894531,120.54499816894531,1622.0
2024-10-25 10:46:00+00:00,NTGR,20.420000076293945,20.420000076293945,20.420000076293945,20.420000076293945,20.420000076293945,750.0
2024-10-25 10:46:00+00:00,NVDA,143.22999572753906,143.22999572753906,143.38999938964844,143.19000244140625,143.38009643554688,426726.0
2024-10-25 10:46:00+00:00,NVTS,2.6005001068115234,2.6005001068115234,2.6096999645233154,2.5999999046325684,2.5999999046325684,6034.0
2024-10-25 10:46:00+00:00,NXPI,243.7550048828125,243.7550048828125,244.05999755859375,243.72000122070312,244.02000427246094,7841.0
2024-10-25 10:46:00+00:00,OKTA,72.80999755859375,72.80999755859375,72.80999755859375,72.80999755859375,72.80999755859375,973.0
2024-10-25 10:46:00+00:00,OLED,203.60499572753906,203.60499572753906,203.60499572753906,203.60499572753906,203.60499572753906,400.0
2024-10-25 10:46:00+00:00,ON,71.5,71.5,71.55000305175781,71.44999694824219,71.55000305175781,10992.0
2024-10-25 10:46:00+00:00,OSIS,136.39999389648438,136.39999389648438,136.39999389648438,136.39999389648438,136.39999389648438,241.0
2024-10-25 10:46:00+00:00,OTEX,33.59000015258789,33.59000015258789,33.59000015258789,33.59000015258789,33.59000015258789,224.0
2024-10-25 10:46:00+00:00,PALT,1.996000051498413,1.996000051498413,1.996000051498413,1.996000051498413,1.996000051498413,942.0
2024-10-25 10:46:00+00:00,PANW,371.4100036621094,371.4100036621094,371.8340148925781,371.4100036621094,371.8340148925781,4470.0
2024-10-25 10:46:00+00:00,PAYO,8.324999809265137,8.324999809265137,8.329999923706055,8.324999809265137,8.329999923706055,3188.0
2024-10-25 10:46:00+00:00,PAYS,3.75,3.75,3.7560999393463135,3.75,3.7560999393463135,667.0
2024-10-25 10:46:00+00:00,PEGA,80.9749984741211,80.9749984741211,81.05500030517578,80.94000244140625,80.95999908447266,3945.0
2024-10-25 10:46:00+00:00,PGY,11.789999961853027,11.789999961853027,11.789999961853027,11.789999961853027,11.789999961853027,109.0
2024-10-25 10:46:00+00:00,PHUN,9.729999542236328,9.729999542236328,9.759900093078613,9.600099563598633,9.62969970703125,146752.0
2024-10-25 10:46:00+00:00,PI,201.55499267578125,201.55499267578125,201.75,201.55499267578125,201.55499267578125,1238.0
2024-10-25 10:46:00+00:00,PLAB,23.684999465942383,23.684999465942383,23.684999465942383,23.684999465942383,23.684999465942383,336.0
2024-10-25 10:46:00+00:00,PLXS,142.52000427246094,142.52000427246094,142.52000427246094,142.52000427246094,142.52000427246094,382.0
2024-10-25 10:46:00+00:00,POET,4.039999961853027,4.039999961853027,4.039999961853027,4.03000020980835,4.03000020980835,626.0
2024-10-25 10:46:00+00:00,PTC,186.3800048828125,186.3800048828125,186.3800048828125,186.3800048828125,186.3800048828125,356.0
2024-10-25 10:46:00+00:00,QCOM,172.25,172.25,172.3699951171875,172.2050018310547,172.3350067138672,6320.0
2024-10-25 10:46:00+00:00,QRVO,99.87000274658203,99.87000274658203,99.91999816894531,99.87000274658203,99.91999816894531,1387.0
2024-10-25 10:46:00+00:00,QUBT,1.125,1.125,1.125,1.125,1.125,415.0
2024-10-25 10:46:00+00:00,RCAT,2.7528998851776123,2.7528998851776123,2.7528998851776123,2.7528998851776123,2.7528998851776123,1456.0
2024-10-25 10:46:00+00:00,RELY,14.770000457763672,14.770000457763672,14.770000457763672,14.770000457763672,14.770000457763672,1361.0
2024-10-25 10:46:00+00:00,RGTI,1.2900999784469604,1.2900999784469604,1.3049999475479126,1.284999966621399,1.3000999689102173,64155.0
2024-10-25 10:46:00+00:00,RGTIW,0.18299999833106995,0.18299999833106995,0.19509999454021454,0.18299999833106995,0.19509999454021454,0.0
2024-10-25 10:46:00+00:00,RIOT,10.09000015258789,10.09000015258789,10.11989974975586,10.079999923706055,10.11989974975586,25321.0
2024-10-25 10:46:00+00:00,RMBS,42.91999816894531,42.91999816894531,42.98500061035156,42.91999816894531,42.939998626708984,3463.0
2024-10-25 10:46:00+00:00,RPAY,7.670000076293945,7.670000076293945,7.670000076293945,7.670000076293945,7.670000076293945,1475.0
2024-10-25 10:46:00+00:00,RUM,5.827099800109863,5.827099800109863,5.829999923706055,5.820000171661377,5.820000171661377,7235.0
2024-10-25 10:46:00+00:00,RUN,14.204999923706055,14.204999923706055,14.234999656677246,14.199999809265137,14.234999656677246,10645.0
2024-10-25 10:46:00+00:00,RXT,2.569999933242798,2.569999933242798,2.569999933242798,2.569999933242798,2.569999933242798,241.0
2024-10-25 10:46:00+00:00,SANM,67.95999908447266,67.95999908447266,67.95999908447266,67.95999908447266,67.95999908447266,1258.0
2024-10-25 10:46:00+00:00,SATS,25.399999618530273,25.399999618530273,25.475000381469727,25.399999618530273,25.475000381469727,5771.0
2024-10-25 10:46:00+00:00,SCSC,45.61000061035156,45.61000061035156,45.61000061035156,45.59000015258789,45.59000015258789,958.0
2024-10-25 10:46:00+00:00,SEDG,15.53600025177002,15.53600025177002,15.576000213623047,15.489999771118164,15.5600004196167,42379.0
2024-10-25 10:46:00+00:00,SHLS,5.199999809265137,5.199999809265137,5.199999809265137,5.190000057220459,5.190000057220459,3831.0
2024-10-25 10:46:00+00:00,SLNH,4.235000133514404,4.235000133514404,4.235000133514404,4.235000133514404,4.235000133514404,177.0
2024-10-25 10:46:00+00:00,SMCI,47.83000183105469,47.83000183105469,47.900001525878906,47.79999923706055,47.88999938964844,58880.0
2024-10-25 10:46:00+00:00,SMTC,45.69499969482422,45.69499969482422,45.69499969482422,45.69499969482422,45.69499969482422,1336.0
2024-10-25 10:46:00+00:00,SNPS,505.1050109863281,505.1050109863281,505.1449890136719,505.1050109863281,505.1449890136719,1202.0
2024-10-25 10:46:00+00:00,SONO,12.850000381469727,12.850000381469727,12.880000114440918,12.850000381469727,12.880000114440918,1841.0
2024-10-25 10:46:00+00:00,SOUN,5.274700164794922,5.274700164794922,5.28000020980835,5.269999980926514,5.270100116729736,18838.0
2024-10-25 10:46:00+00:00,SSNC,69.7750015258789,69.7750015258789,69.81999969482422,69.70999908447266,69.81999969482422,11911.0
2024-10-25 10:46:00+00:00,SSYS,7.130000114440918,7.130000114440918,7.130000114440918,7.130000114440918,7.130000114440918,110.0
2024-10-25 10:46:00+00:00,STNE,11.53499984741211,11.53499984741211,11.539999961853027,11.520000457763672,11.524999618530273,11083.0
2024-10-25 10:46:00+00:00,STX,104.98999786376953,104.98999786376953,105.0,104.95999908447266,105.0,5374.0
2024-10-25 10:46:00+00:00,SVRE,0.0812000036239624,0.0812000036239624,0.08129999786615372,0.0812000036239624,0.0812000036239624,5446.0
2024-10-25 10:46:00+00:00,SWKS,95.86060333251953,95.86060333251953,95.97000122070312,95.86060333251953,95.97000122070312,2616.0
2024-10-25 10:46:00+00:00,SYTA,1.2899999618530273,1.2899999618530273,1.2900999784469604,1.2899999618530273,1.2899999618530273,2947.0
2024-10-25 10:46:00+00:00,TENB,41.599998474121094,41.599998474121094,41.599998474121094,41.58000183105469,41.58000183105469,403.0
2024-10-25 10:46:00+00:00,TER,112.44999694824219,112.44999694824219,112.45999908447266,112.25499725341797,112.30249786376953,15029.0
2024-10-25 10:46:00+00:00,TRMB,61.15999984741211,61.15999984741211,61.15999984741211,61.15999984741211,61.15999984741211,1215.0
2024-10-25 10:46:00+00:00,TSEM,45.0,45.0,45.0,45.0,45.0,400.0
2024-10-25 10:46:00+00:00,TTD,120.20010375976562,120.20010375976562,120.36000061035156,120.20010375976562,120.36000061035156,3785.0
2024-10-25 10:46:00+00:00,TTMI,19.639999389648438,19.639999389648438,19.639999389648438,19.639999389648438,19.639999389648438,531.0
2024-10-25 10:46:00+00:00,TWKS,4.449999809265137,4.449999809265137,4.454999923706055,4.449999809265137,4.449999809265137,1833.0
2024-10-25 10:46:00+00:00,TXN,208.85000610351562,208.85000610351562,208.97999572753906,208.85000610351562,208.97000122070312,2806.0
2024-10-25 10:46:00+00:00,UCTT,35.92190170288086,35.92190170288086,35.92190170288086,35.92190170288086,35.92190170288086,248.0
2024-10-25 10:46:00+00:00,UPLD,2.190000057220459,2.190000057220459,2.190000057220459,2.190000057220459,2.190000057220459,1380.0
2024-10-25 10:46:00+00:00,VECO,29.489999771118164,29.489999771118164,29.489999771118164,29.489999771118164,29.489999771118164,1508.0
2024-10-25 10:46:00+00:00,VIAV,9.225000381469727,9.225000381469727,9.225000381469727,9.225000381469727,9.225000381469727,492.0
2024-10-25 10:46:00+00:00,VMEO,4.769999980926514,4.769999980926514,4.775000095367432,4.769999980926514,4.775000095367432,1162.0
2024-10-25 10:46:00+00:00,VNET,3.4549999237060547,3.4549999237060547,3.4549999237060547,3.4549999237060547,3.4549999237060547,697.0
2024-10-25 10:46:00+00:00,VRNS,57.005001068115234,57.005001068115234,57.102500915527344,57.005001068115234,57.102500915527344,1398.0
2024-10-25 10:46:00+00:00,VRNT,22.344999313354492,22.344999313354492,22.350000381469727,22.344999313354492,22.350000381469727,1265.0
2024-10-25 10:46:00+00:00,VRSN,187.4499969482422,187.4499969482422,187.51499938964844,187.4499969482422,187.51499938964844,252.0
2024-10-25 10:46:00+00:00,VS,2.600100040435791,2.600100040435791,2.600100040435791,2.600100040435791,2.600100040435791,1004.0
2024-10-25 10:46:00+00:00,VSAT,10.279999732971191,10.279999732971191,10.289999961853027,10.279999732971191,10.289999961853027,1247.0
2024-10-25 10:46:00+00:00,VUZI,1.312600016593933,1.312600016593933,1.312600016593933,1.312600016593933,1.312600016593933,114.0
2024-10-25 10:46:00+00:00,WATT,0.5899999737739563,0.5899999737739563,0.5899999737739563,0.5899999737739563,0.5899999737739563,11272.0
2024-10-25 10:46:00+00:00,WDAY,241.42999267578125,241.42999267578125,241.42999267578125,241.4199981689453,241.4199981689453,844.0
2024-10-25 10:46:00+00:00,WDC,72.52999877929688,72.52999877929688,72.63999938964844,72.4800033569336,72.58999633789062,29019.0
2024-10-25 10:46:00+00:00,WISA,1.840000033378601,1.840000033378601,1.840000033378601,1.8350000381469727,1.8350000381469727,167.0
2024-10-25 10:46:00+00:00,XPER,9.425000190734863,9.425000190734863,9.425000190734863,9.425000190734863,9.425000190734863,132.0
2024-10-25 10:46:00+00:00,XRX,10.1899995803833,10.1899995803833,10.204999923706055,10.1899995803833,10.204999923706055,2912.0
2024-10-25 10:46:00+00:00,ZI,10.5600004196167,10.5600004196167,10.5600004196167,10.555000305175781,10.5600004196167,2025.0
2024-10-25 10:46:00+00:00,ZM,73.29000091552734,73.29000091552734,73.30919647216797,73.29000091552734,73.30780029296875,1501.0
2024-10-25 10:46:00+00:00,ZS,187.3125,187.3125,187.66000366210938,187.27999877929688,187.66000366210938,8440.0
2024-10-25 10:47:00+00:00,AAOI,18.189899444580078,18.189899444580078,18.189899444580078,18.139999389648438,18.149999618530273,1348.0
2024-10-25 10:47:00+00:00,AAPL,232.45989990234375,232.45989990234375,232.51499938964844,232.35000610351562,232.35000610351562,49809.0
2024-10-25 10:47:00+00:00,ACIW,49.415000915527344,49.415000915527344,49.46500015258789,49.40999984741211,49.46500015258789,1384.0
2024-10-25 10:47:00+00:00,ACMR,19.770000457763672,19.770000457763672,19.798099517822266,19.770000457763672,19.798099517822266,1706.0
2024-10-25 10:47:00+00:00,ADBE,486.635009765625,486.635009765625,486.7900085449219,486.2799987792969,486.2799987792969,6741.0
2024-10-25 10:47:00+00:00,ADI,233.2100067138672,233.2100067138672,233.2100067138672,233.2100067138672,233.2100067138672,871.0
2024-10-25 10:47:00+00:00,ADSK,288.489990234375,288.489990234375,288.489990234375,288.3949890136719,288.3949890136719,1490.0
2024-10-25 10:47:00+00:00,ADTN,6.409999847412109,6.409999847412109,6.409999847412109,6.409999847412109,6.409999847412109,529.0
2024-10-25 10:47:00+00:00,AEHR,16.749000549316406,16.749000549316406,16.75,16.718799591064453,16.718799591064453,4711.0
2024-10-25 10:47:00+00:00,AEYE,22.964000701904297,22.964000701904297,23.09000015258789,22.959999084472656,23.09000015258789,4539.0
2024-10-25 10:47:00+00:00,AFRM,41.66999816894531,41.66999816894531,41.689998626708984,41.63999938964844,41.68000030517578,3204.0
2024-10-25 10:47:00+00:00,AKAM,103.22799682617188,103.22799682617188,103.27999877929688,103.22799682617188,103.27999877929688,3009.0
2024-10-25 10:47:00+00:00,AKTS,0.05889999866485596,0.05889999866485596,0.05909999832510948,0.058800000697374344,0.05900000035762787,160777.0
2024-10-25 10:47:00+00:00,ALGM,22.510000228881836,22.510000228881836,22.520000457763672,22.489999771118164,22.5,5872.0
2024-10-25 10:47:00+00:00,ALKT,38.255001068115234,38.255001068115234,38.255001068115234,38.255001068115234,38.255001068115234,1166.0
2024-10-25 10:47:00+00:00,ALTR,105.93499755859375,105.93499755859375,106.01000213623047,105.93499755859375,106.0,3424.0
2024-10-25 10:47:00+00:00,AMAT,188.32000732421875,188.32000732421875,188.35000610351562,188.11000061035156,188.11000061035156,3872.0
2024-10-25 10:47:00+00:00,AMBA,57.904998779296875,57.904998779296875,57.904998779296875,57.904998779296875,57.904998779296875,1654.0
2024-10-25 10:47:00+00:00,AMD,157.39999389648438,157.39999389648438,157.50990295410156,157.360107421875,157.360107421875,48395.0
2024-10-25 10:47:00+00:00,AMKR,30.030000686645508,30.030000686645508,30.030000686645508,30.0049991607666,30.0049991607666,1442.0
2024-10-25 10:47:00+00:00,ANSS,327.1099853515625,327.1099853515625,327.1099853515625,327.1099853515625,327.1099853515625,170.0
2024-10-25 10:47:00+00:00,ANY,1.0850000381469727,1.0850000381469727,1.0850000381469727,1.0850000381469727,1.0850000381469727,303.0
2024-10-25 10:47:00+00:00,API,2.7797000408172607,2.7797000408172607,2.7797000408172607,2.7797000408172607,2.7797000408172607,617.0
2024-10-25 10:47:00+00:00,APP,163.02999877929688,163.02999877929688,163.02999877929688,162.94000244140625,162.9759063720703,2181.0
2024-10-25 10:47:00+00:00,APPF,219.5424041748047,219.5424041748047,219.5424041748047,219.5424041748047,219.5424041748047,1153.0
2024-10-25 10:47:00+00:00,APPN,32.345001220703125,32.345001220703125,32.345001220703125,32.345001220703125,32.345001220703125,483.0
2024-10-25 10:47:00+00:00,APPS,3.109999895095825,3.109999895095825,3.109999895095825,3.109999895095825,3.109999895095825,1041.0
2024-10-25 10:47:00+00:00,ARBE,1.9009000062942505,1.9009000062942505,1.9009000062942505,1.9009000062942505,1.9009000062942505,28.0
2024-10-25 10:47:00+00:00,ARRY,6.369999885559082,6.369999885559082,6.389999866485596,6.369999885559082,6.385000228881836,26798.0
2024-10-25 10:47:00+00:00,ASML,720.135009765625,720.135009765625,720.3400268554688,719.4000244140625,719.4000244140625,4391.0
2024-10-25 10:47:00+00:00,ASUR,9.75,9.75,9.75,9.75,9.75,1835.0
2024-10-25 10:47:00+00:00,AUR,6.443600177764893,6.443600177764893,6.445000171661377,6.443600177764893,6.445000171661377,1539.0
2024-10-25 10:47:00+00:00,AVDX,8.199999809265137,8.199999809265137,8.204999923706055,8.199999809265137,8.204999923706055,10879.0
2024-10-25 10:47:00+00:00,AVGO,175.13999938964844,175.13999938964844,175.1699981689453,174.97999572753906,175.0050048828125,30770.0
2024-10-25 10:47:00+00:00,AVPT,12.079999923706055,12.079999923706055,12.079999923706055,12.079999923706055,12.079999923706055,672.0
2024-10-25 10:47:00+00:00,AVT,54.630001068115234,54.630001068115234,54.630001068115234,54.630001068115234,54.630001068115234,509.0
2024-10-25 10:47:00+00:00,BAND,17.80500030517578,17.80500030517578,17.80500030517578,17.790000915527344,17.790000915527344,1116.0
2024-10-25 10:47:00+00:00,BIGC,5.355000019073486,5.355000019073486,5.364999771118164,5.355000019073486,5.360000133514404,3310.0
2024-10-25 10:47:00+00:00,CAN,0.9959999918937683,0.9959999918937683,0.9988999962806702,0.9959999918937683,0.9975000023841858,776.0
2024-10-25 10:47:00+00:00,CCSI,20.670000076293945,20.670000076293945,20.670000076293945,20.670000076293945,20.670000076293945,294.0
2024-10-25 10:47:00+00:00,CDNS,259.1700134277344,259.1700134277344,259.2300109863281,259.048095703125,259.0967102050781,2737.0
2024-10-25 10:47:00+00:00,CFLT,22.475000381469727,22.475000381469727,22.479999542236328,22.469999313354492,22.479999542236328,3732.0
2024-10-25 10:47:00+00:00,CGNX,39.18000030517578,39.18000030517578,39.189998626708984,39.18000030517578,39.185001373291016,1215.0
2024-10-25 10:47:00+00:00,CLBT,18.184999465942383,18.184999465942383,18.199899673461914,18.184999465942383,18.199899673461914,519.0
2024-10-25 10:47:00+00:00,CLFD,36.6150016784668,36.6150016784668,36.6150016784668,36.6150016784668,36.6150016784668,397.0
2024-10-25 10:47:00+00:00,CLSK,12.024999618530273,12.024999618530273,12.0649995803833,12.005000114440918,12.055000305175781,49873.0
2024-10-25 10:47:00+00:00,CMTL,3.7300000190734863,3.7300000190734863,3.7300000190734863,3.7300000190734863,3.7300000190734863,471.0
2024-10-25 10:47:00+00:00,CNDT,3.694999933242798,3.694999933242798,3.7149999141693115,3.694999933242798,3.7149999141693115,6203.0
2024-10-25 10:47:00+00:00,COHR,96.04000091552734,96.04000091552734,96.1050033569336,96.02999877929688,96.05999755859375,10985.0
2024-10-25 10:47:00+00:00,COIN,210.77499389648438,210.77499389648438,211.3800048828125,210.77499389648438,211.27000427246094,6374.0
2024-10-25 10:47:00+00:00,COMM,6.445000171661377,6.445000171661377,6.47599983215332,6.445000171661377,6.47599983215332,3583.0
2024-10-25 10:47:00+00:00,CORZ,13.414999961853027,13.414999961853027,13.44320011138916,13.414999961853027,13.4399995803833,4716.0
2024-10-25 10:47:00+00:00,CRCT,6.534999847412109,6.534999847412109,6.534999847412109,6.534999847412109,6.534999847412109,200.0
2024-10-25 10:47:00+00:00,CRDO,39.380001068115234,39.380001068115234,39.380001068115234,39.27199935913086,39.31999969482422,3903.0
2024-10-25 10:47:00+00:00,CRNT,2.4549999237060547,2.4549999237060547,2.4600000381469727,2.4549999237060547,2.4549999237060547,7519.0
2024-10-25 10:47:00+00:00,CRUS,122.61499786376953,122.61499786376953,122.61499786376953,122.61499786376953,122.61499786376953,458.0
2024-10-25 10:47:00+00:00,CRWD,310.0899963378906,310.0899963378906,310.36529541015625,310.0899963378906,310.2950134277344,2605.0
2024-10-25 10:47:00+00:00,CSCO,56.27000045776367,56.27000045776367,56.290000915527344,56.27000045776367,56.28200149536133,35431.0
2024-10-25 10:47:00+00:00,CSIQ,13.369999885559082,13.369999885559082,13.369999885559082,13.327699661254883,13.337699890136719,3080.0
2024-10-25 10:47:00+00:00,CTLP,9.109999656677246,9.109999656677246,9.119999885559082,9.109999656677246,9.119999885559082,1111.0
2024-10-25 10:47:00+00:00,CTSH,75.08999633789062,75.08999633789062,75.12999725341797,75.08000183105469,75.12999725341797,4217.0
2024-10-25 10:47:00+00:00,CVLT,134.5399932861328,134.5399932861328,134.5399932861328,134.52000427246094,134.52000427246094,1485.0
2024-10-25 10:47:00+00:00,CYBR,295.69000244140625,295.69000244140625,295.69000244140625,295.69000244140625,295.69000244140625,673.0
2024-10-25 10:47:00+00:00,DAIO,2.470099925994873,2.470099925994873,2.470099925994873,2.470099925994873,2.470099925994873,573.0
2024-10-25 10:47:00+00:00,DBX,26.1200008392334,26.1200008392334,26.125,26.1200008392334,26.125,2301.0
2024-10-25 10:47:00+00:00,DDOG,127.09500122070312,127.09500122070312,127.18499755859375,127.09500122070312,127.12999725341797,4768.0
2024-10-25 10:47:00+00:00,DGII,30.155000686645508,30.155000686645508,30.155000686645508,30.139999389648438,30.139999389648438,635.0
2024-10-25 10:47:00+00:00,DLO,8.835000038146973,8.835000038146973,8.835000038146973,8.835000038146973,8.835000038146973,996.0
2024-10-25 10:47:00+00:00,DMRC,31.235000610351562,31.235000610351562,31.235000610351562,31.235000610351562,31.235000610351562,106.0
2024-10-25 10:47:00+00:00,DOCU,70.69999694824219,70.69999694824219,70.75,70.69999694824219,70.75,3281.0
2024-10-25 10:47:00+00:00,DOMO,8.069999694824219,8.069999694824219,8.069999694824219,8.069999694824219,8.069999694824219,935.0
2024-10-25 10:47:00+00:00,DSGX,104.98500061035156,104.98500061035156,104.98500061035156,104.98500061035156,104.98500061035156,423.0
2024-10-25 10:47:00+00:00,DUOL,287.7799987792969,287.7799987792969,289.7349853515625,287.7799987792969,287.8999938964844,12696.0
2024-10-25 10:47:00+00:00,EMKR,2.119999885559082,2.119999885559082,2.119999885559082,2.119999885559082,2.119999885559082,992.0
2024-10-25 10:47:00+00:00,ENPH,81.73999786376953,81.73999786376953,81.73999786376953,81.68000030517578,81.68000030517578,3355.0
2024-10-25 10:47:00+00:00,ENTG,104.88500213623047,104.88500213623047,104.91000366210938,104.80999755859375,104.80999755859375,1328.0
2024-10-25 10:47:00+00:00,ERIC,8.510000228881836,8.510000228881836,8.515000343322754,8.510000228881836,8.510000228881836,6188.0
2024-10-25 10:47:00+00:00,EXLS,39.150001525878906,39.150001525878906,39.18000030517578,39.150001525878906,39.18000030517578,1067.0
2024-10-25 10:47:00+00:00,FARO,17.950000762939453,17.950000762939453,17.950000762939453,17.950000762939453,17.950000762939453,609.0
2024-10-25 10:47:00+00:00,FIVN,30.600000381469727,30.600000381469727,30.600000381469727,30.59000015258789,30.59000015258789,1333.0
2024-10-25 10:47:00+00:00,FLEX,35.47999954223633,35.47999954223633,35.47999954223633,35.47999954223633,35.47999954223633,1248.0
2024-10-25 10:47:00+00:00,FLYW,17.579999923706055,17.579999923706055,17.579999923706055,17.579999923706055,17.579999923706055,558.0
2024-10-25 10:47:00+00:00,FRSH,11.739999771118164,11.739999771118164,11.739999771118164,11.729999542236328,11.729999542236328,10865.0
2024-10-25 10:47:00+00:00,FSLR,198.08790588378906,198.08790588378906,198.19000244140625,197.83619689941406,197.83999633789062,5889.0
2024-10-25 10:47:00+00:00,FTNT,81.68000030517578,81.68000030517578,81.70999908447266,81.6500015258789,81.69000244140625,6362.0
2024-10-25 10:47:00+00:00,GCT,25.450000762939453,25.450000762939453,25.53499984741211,25.450000762939453,25.53499984741211,2577.0
2024-10-25 10:47:00+00:00,GDS,21.770000457763672,21.770000457763672,21.770000457763672,21.739999771118164,21.739999771118164,550.0
2024-10-25 10:47:00+00:00,GDYN,15.680000305175781,15.680000305175781,15.680000305175781,15.680000305175781,15.680000305175781,263.0
2024-10-25 10:47:00+00:00,GFS,41.189998626708984,41.189998626708984,41.189998626708984,41.14500045776367,41.14500045776367,2498.0
2024-10-25 10:47:00+00:00,GPRO,1.340000033378601,1.340000033378601,1.340000033378601,1.340000033378601,1.340000033378601,164.0
2024-10-25 10:47:00+00:00,GRAB,4.071000099182129,4.071000099182129,4.074999809265137,4.071000099182129,4.074999809265137,6879.0
2024-10-25 10:47:00+00:00,GRRR,4.579999923706055,4.579999923706055,4.590000152587891,4.579999923706055,4.590000152587891,4101.0
2024-10-25 10:47:00+00:00,HCP,33.66999816894531,33.66999816894531,33.66999816894531,33.654998779296875,33.65999984741211,5482.0
2024-10-25 10:47:00+00:00,HEAR,16.649999618530273,16.649999618530273,16.649999618530273,16.649999618530273,16.649999618530273,126.0
2024-10-25 10:47:00+00:00,HIMX,6.190899848937988,6.190899848937988,6.190899848937988,6.190899848937988,6.190899848937988,428.0
2024-10-25 10:47:00+00:00,HLIT,14.829999923706055,14.829999923706055,14.829999923706055,14.829999923706055,14.829999923706055,325.0
2024-10-25 10:47:00+00:00,HOLO,3.719899892807007,3.719899892807007,3.719899892807007,3.7139999866485596,3.7160000801086426,3835.0
2024-10-25 10:47:00+00:00,HOOD,27.389999389648438,27.389999389648438,27.43000030517578,27.3799991607666,27.426000595092773,32952.0
2024-10-25 10:47:00+00:00,HTCR,1.0871000289916992,1.0871000289916992,1.0871000289916992,1.0871000289916992,1.0871000289916992,400.0
2024-10-25 10:47:00+00:00,IIIV,23.059999465942383,23.059999465942383,23.059999465942383,23.059999465942383,23.059999465942383,574.0
2024-10-25 10:47:00+00:00,IMMR,8.805000305175781,8.805000305175781,8.809100151062012,8.805000305175781,8.809100151062012,708.0
2024-10-25 10:47:00+00:00,INDI,3.575000047683716,3.575000047683716,3.575000047683716,3.575000047683716,3.575000047683716,2078.0
2024-10-25 10:47:00+00:00,INFN,6.784999847412109,6.784999847412109,6.784999847412109,6.78000020980835,6.78000020980835,1167.0
2024-10-25 10:47:00+00:00,INSG,19.899999618530273,19.899999618530273,19.899999618530273,19.850000381469727,19.850000381469727,310.0
2024-10-25 10:47:00+00:00,INTC,23.184999465942383,23.184999465942383,23.209999084472656,23.174999237060547,23.174999237060547,161388.0
2024-10-25 10:47:00+00:00,INTU,613.7000122070312,613.7000122070312,613.7000122070312,613.7000122070312,613.7000122070312,1219.0
2024-10-25 10:47:00+00:00,IPGP,77.25,77.25,77.26499938964844,77.25,77.25,1848.0
2024-10-25 10:47:00+00:00,ITRN,27.110000610351562,27.110000610351562,27.110000610351562,27.110000610351562,27.110000610351562,551.0
2024-10-25 10:47:00+00:00,JAMF,16.885000228881836,16.885000228881836,16.885000228881836,16.8799991607666,16.8799991607666,488.0
2024-10-25 10:47:00+00:00,JFU,1.7782000303268433,1.7782000303268433,1.7782000303268433,1.7782000303268433,1.7782000303268433,787.0
2024-10-25 10:47:00+00:00,JKHY,185.2899932861328,185.2899932861328,185.2899932861328,185.2899932861328,185.2899932861328,625.0
2024-10-25 10:47:00+00:00,KC,2.734999895095825,2.734999895095825,2.734999895095825,2.734999895095825,2.734999895095825,9064.0
2024-10-25 10:47:00+00:00,KLAC,678.0900268554688,678.0900268554688,678.0900268554688,678.0900268554688,678.0900268554688,1168.0
2024-10-25 10:47:00+00:00,KLIC,44.4900016784668,44.4900016784668,44.5,44.4900016784668,44.5,682.0
2024-10-25 10:47:00+00:00,KOSS,7.300000190734863,7.300000190734863,7.300000190734863,7.300000190734863,7.300000190734863,1072.0
2024-10-25 10:47:00+00:00,KTCC,5.9303998947143555,5.9303998947143555,5.940000057220459,5.9303998947143555,5.940000057220459,1255.0
2024-10-25 10:47:00+00:00,LINK,4.454999923706055,4.454999923706055,4.460000038146973,4.360099792480469,4.43120002746582,9285.0
2024-10-25 10:47:00+00:00,LITE,64.47000122070312,64.47000122070312,64.47000122070312,64.47000122070312,64.47000122070312,934.0
2024-10-25 10:47:00+00:00,LOGI,81.08999633789062,81.08999633789062,81.08999633789062,81.08000183105469,81.08000183105469,1365.0
2024-10-25 10:47:00+00:00,LRCX,79.01799774169922,79.01799774169922,79.08000183105469,78.96600341796875,78.96600341796875,30133.0
2024-10-25 10:47:00+00:00,LSCC,54.404998779296875,54.404998779296875,54.404998779296875,54.3650016784668,54.3650016784668,1289.0
2024-10-25 10:47:00+00:00,LUNA,1.7999999523162842,1.7999999523162842,1.7999999523162842,1.7999999523162842,1.7999999523162842,304.0
2024-10-25 10:47:00+00:00,LYFT,13.71619987487793,13.71619987487793,13.720000267028809,13.71619987487793,13.720000267028809,2943.0
2024-10-25 10:47:00+00:00,MAXN,5.5177998542785645,5.5177998542785645,5.5177998542785645,5.5,5.5,195.0
2024-10-25 10:47:00+00:00,MCHP,76.94999694824219,76.94999694824219,76.98999786376953,76.87000274658203,76.87000274658203,18059.0
2024-10-25 10:47:00+00:00,MDB,268.79998779296875,268.79998779296875,269.1824951171875,268.79998779296875,269.1619873046875,6218.0
2024-10-25 10:47:00+00:00,MKSI,100.58000183105469,100.58000183105469,100.58000183105469,100.58000183105469,100.58000183105469,245.0
2024-10-25 10:47:00+00:00,MKTW,0.5931000113487244,0.5931000113487244,0.5931000113487244,0.5931000113487244,0.5931000113487244,17986.0
2024-10-25 10:47:00+00:00,MNDY,300.30999755859375,300.30999755859375,300.7349853515625,300.30999755859375,300.7349853515625,1682.0
2024-10-25 10:47:00+00:00,MPWR,911.3200073242188,911.3200073242188,911.3200073242188,910.969970703125,910.969970703125,1444.0
2024-10-25 10:47:00+00:00,MQ,5.324999809265137,5.324999809265137,5.324999809265137,5.324999809265137,5.324999809265137,714.0
2024-10-25 10:47:00+00:00,MRVL,83.06500244140625,83.06500244140625,83.08000183105469,82.97000122070312,82.97000122070312,7239.0
2024-10-25 10:47:00+00:00,MSFT,430.8399963378906,430.8399963378906,430.8500061035156,430.5,430.5,37646.0
2024-10-25 10:47:00+00:00,MSTR,240.52000427246094,240.52000427246094,241.44000244140625,240.1999969482422,241.25999450683594,49431.0
2024-10-25 10:47:00+00:00,MTSI,119.62999725341797,119.62999725341797,119.62999725341797,119.62999725341797,119.62999725341797,318.0
2024-10-25 10:47:00+00:00,MTTR,4.65500020980835,4.65500020980835,4.65500020980835,4.65500020980835,4.65500020980835,1028.0
2024-10-25 10:47:00+00:00,MU,109.23999786376953,109.23999786376953,109.26000213623047,109.19000244140625,109.22000122070312,16632.0
2024-10-25 10:47:00+00:00,MVIS,1.1100000143051147,1.1100000143051147,1.1100000143051147,1.1050000190734863,1.1050000190734863,500.0
2024-10-25 10:47:00+00:00,MXL,15.100000381469727,15.100000381469727,15.1850004196167,15.100000381469727,15.170000076293945,5608.0
2024-10-25 10:47:00+00:00,NCNO,38.33000183105469,38.33000183105469,38.33000183105469,38.33000183105469,38.33000183105469,473.0
2024-10-25 10:47:00+00:00,NICE,176.69000244140625,176.69000244140625,176.8699951171875,176.69000244140625,176.8699951171875,1641.0
2024-10-25 10:47:00+00:00,NNDM,2.3399999141693115,2.3399999141693115,2.3399999141693115,2.331899881362915,2.331899881362915,11907.0
2024-10-25 10:47:00+00:00,NSIT,211.3800048828125,211.3800048828125,211.3800048828125,211.3800048828125,211.3800048828125,332.0
2024-10-25 10:47:00+00:00,NTAP,120.54000091552734,120.54000091552734,120.54000091552734,120.54000091552734,120.54000091552734,660.0
2024-10-25 10:47:00+00:00,NTCT,20.690000534057617,20.690000534057617,20.690000534057617,20.690000534057617,20.690000534057617,263.0
2024-10-25 10:47:00+00:00,NTNX,62.709999084472656,62.709999084472656,62.7400016784668,62.70000076293945,62.709999084472656,2367.0
2024-10-25 10:47:00+00:00,NVDA,143.3498992919922,143.3498992919922,143.39999389648438,143.24400329589844,143.25,292381.0
2024-10-25 10:47:00+00:00,NVTS,2.6050000190734863,2.6050000190734863,2.6050000190734863,2.5999999046325684,2.5999999046325684,6297.0
2024-10-25 10:47:00+00:00,NXPI,244.01499938964844,244.01499938964844,244.01499938964844,243.75,243.75,5425.0
2024-10-25 10:47:00+00:00,OKTA,72.7699966430664,72.7699966430664,72.7699966430664,72.7699966430664,72.7699966430664,1293.0
2024-10-25 10:47:00+00:00,OLED,203.39999389648438,203.39999389648438,203.39999389648438,203.39999389648438,203.39999389648438,650.0
2024-10-25 10:47:00+00:00,ON,71.57980346679688,71.57980346679688,71.57980346679688,71.51499938964844,71.51499938964844,13974.0
2024-10-25 10:47:00+00:00,OSIS,136.39999389648438,136.39999389648438,136.39999389648438,136.39999389648438,136.39999389648438,1477.0
2024-10-25 10:47:00+00:00,OTEX,33.58000183105469,33.58000183105469,33.58000183105469,33.58000183105469,33.58000183105469,1064.0
2024-10-25 10:47:00+00:00,PANW,371.7065124511719,371.7065124511719,371.7065124511719,371.4100036621094,371.510009765625,2571.0
2024-10-25 10:47:00+00:00,PAYO,8.3100004196167,8.3100004196167,8.324999809265137,8.3100004196167,8.319999694824219,12681.0
2024-10-25 10:47:00+00:00,PCTY,173.41000366210938,173.41000366210938,173.41000366210938,173.41000366210938,173.41000366210938,406.0
2024-10-25 10:47:00+00:00,PEGA,81.09500122070312,81.09500122070312,81.1500015258789,81.01000213623047,81.01000213623047,4228.0
2024-10-25 10:47:00+00:00,PGY,11.770000457763672,11.770000457763672,11.789999961853027,11.770000457763672,11.789999961853027,2728.0
2024-10-25 10:47:00+00:00,PHUN,9.680000305175781,9.680000305175781,9.779999732971191,9.670000076293945,9.723699569702148,120380.0
2024-10-25 10:47:00+00:00,PI,201.55499267578125,201.55499267578125,201.55499267578125,201.55499267578125,201.55499267578125,478.0
2024-10-25 10:47:00+00:00,PTC,186.38250732421875,186.38250732421875,186.38250732421875,186.35000610351562,186.35000610351562,471.0
2024-10-25 10:47:00+00:00,PYCR,14.40999984741211,14.40999984741211,14.40999984741211,14.40999984741211,14.40999984741211,388.0
2024-10-25 10:47:00+00:00,QCOM,172.30999755859375,172.30999755859375,172.35000610351562,172.27000427246094,172.27000427246094,7292.0
2024-10-25 10:47:00+00:00,QLYS,121.41000366210938,121.41000366210938,121.41000366210938,121.41000366210938,121.41000366210938,627.0
2024-10-25 10:47:00+00:00,QMCO,5.3420000076293945,5.3420000076293945,5.3420000076293945,5.3420000076293945,5.3420000076293945,200.0
2024-10-25 10:47:00+00:00,QRVO,99.91999816894531,99.91999816894531,99.95999908447266,99.9000015258789,99.91999816894531,2486.0
2024-10-25 10:47:00+00:00,QUBT,1.1200000047683716,1.1200000047683716,1.1299999952316284,1.1200000047683716,1.1201000213623047,17708.0
2024-10-25 10:47:00+00:00,RCAT,2.7562999725341797,2.7562999725341797,2.7562999725341797,2.7562999725341797,2.7562999725341797,0.0
2024-10-25 10:47:00+00:00,REKR,1.100100040435791,1.100100040435791,1.100100040435791,1.100100040435791,1.100100040435791,1202.0
2024-10-25 10:47:00+00:00,RELY,14.770000457763672,14.770000457763672,14.779999732971191,14.770000457763672,14.779999732971191,579.0
2024-10-25 10:47:00+00:00,RGTI,1.2630000114440918,1.2630000114440918,1.2899999618530273,1.2599999904632568,1.2899999618530273,149615.0
2024-10-25 10:47:00+00:00,RIOT,10.072799682617188,10.072799682617188,10.100000381469727,10.061300277709961,10.095000267028809,41546.0
2024-10-25 10:47:00+00:00,RMBS,42.939998626708984,42.939998626708984,42.939998626708984,42.88999938964844,42.912498474121094,3809.0
2024-10-25 10:47:00+00:00,RMNI,1.7300000190734863,1.7300000190734863,1.7400000095367432,1.7300000190734863,1.7400000095367432,320.0
2024-10-25 10:47:00+00:00,RPD,39.20000076293945,39.20000076293945,39.209999084472656,39.20000076293945,39.209999084472656,657.0
2024-10-25 10:47:00+00:00,RUM,5.809999942779541,5.809999942779541,5.824999809265137,5.795000076293945,5.824999809265137,12318.0
2024-10-25 10:47:00+00:00,RUN,14.246000289916992,14.246000289916992,14.270000457763672,14.199999809265137,14.210000038146973,31525.0
2024-10-25 10:47:00+00:00,SANM,67.9000015258789,67.9000015258789,67.9000015258789,67.9000015258789,67.9000015258789,1087.0
2024-10-25 10:47:00+00:00,SEDG,15.600000381469727,15.600000381469727,15.600000381469727,15.545000076293945,15.545000076293945,9551.0
2024-10-25 10:47:00+00:00,SHLS,5.184999942779541,5.184999942779541,5.195000171661377,5.179999828338623,5.195000171661377,11707.0
2024-10-25 10:47:00+00:00,SMCI,47.810001373291016,47.810001373291016,47.880001068115234,47.77000045776367,47.84000015258789,90545.0
2024-10-25 10:47:00+00:00,SNPS,504.9750061035156,504.9750061035156,504.9750061035156,504.9750061035156,504.9750061035156,355.0
2024-10-25 10:47:00+00:00,SONO,12.84000015258789,12.84000015258789,12.84000015258789,12.84000015258789,12.84000015258789,524.0
2024-10-25 10:47:00+00:00,SOUN,5.276000022888184,5.276000022888184,5.2789998054504395,5.269999980926514,5.275000095367432,7511.0
2024-10-25 10:47:00+00:00,SPT,27.450000762939453,27.450000762939453,27.450000762939453,27.450000762939453,27.450000762939453,496.0
2024-10-25 10:47:00+00:00,SSNC,69.72000122070312,69.72000122070312,69.7750015258789,69.72000122070312,69.75,6318.0
2024-10-25 10:47:00+00:00,SSYS,7.119999885559082,7.119999885559082,7.119999885559082,7.119999885559082,7.119999885559082,119.0
2024-10-25 10:47:00+00:00,STNE,11.53499984741211,11.53499984741211,11.539999961853027,11.53499984741211,11.53499984741211,2157.0
2024-10-25 10:47:00+00:00,STX,104.88999938964844,104.88999938964844,104.99500274658203,104.88999938964844,104.97000122070312,8704.0
2024-10-25 10:47:00+00:00,SVRE,0.08169999718666077,0.08169999718666077,0.08229999989271164,0.08150000125169754,0.08150000125169754,10173.0
2024-10-25 10:47:00+00:00,SWKS,95.98999786376953,95.98999786376953,95.98999786376953,95.91000366210938,95.93000030517578,5725.0
2024-10-25 10:47:00+00:00,SYTA,1.2799999713897705,1.2799999713897705,1.2899999618530273,1.2699999809265137,1.2700999975204468,2908.0
2024-10-25 10:47:00+00:00,TENB,41.52000045776367,41.52000045776367,41.57500076293945,41.52000045776367,41.57500076293945,1805.0
2024-10-25 10:47:00+00:00,TER,112.56999969482422,112.56999969482422,112.625,112.44499969482422,112.45999908447266,7307.0
2024-10-25 10:47:00+00:00,TTD,120.23500061035156,120.23500061035156,120.29000091552734,120.20040130615234,120.25,5230.0
2024-10-25 10:47:00+00:00,TTMI,19.6299991607666,19.6299991607666,19.639999389648438,19.6299991607666,19.639999389648438,1400.0
2024-10-25 10:47:00+00:00,TWKS,4.449999809265137,4.449999809265137,4.454999923706055,4.449999809265137,4.449999809265137,522.0
2024-10-25 10:47:00+00:00,TXN,209.10000610351562,209.10000610351562,209.10000610351562,208.9250030517578,208.9250030517578,10667.0
2024-10-25 10:47:00+00:00,UCTT,36.0,36.0,36.0,36.0,36.0,645.0
2024-10-25 10:47:00+00:00,VCSA,2.4600000381469727,2.4600000381469727,2.4600000381469727,2.4600000381469727,2.4600000381469727,134.0
2024-10-25 10:47:00+00:00,VERI,3.4800000190734863,3.4800000190734863,3.4800000190734863,3.4800000190734863,3.4800000190734863,218.0
2024-10-25 10:47:00+00:00,VERX,42.41999816894531,42.41999816894531,42.43000030517578,42.41999816894531,42.43000030517578,1571.0
2024-10-25 10:47:00+00:00,VRNT,22.31999969482422,22.31999969482422,22.31999969482422,22.31999969482422,22.31999969482422,200.0
2024-10-25 10:47:00+00:00,VRSN,187.36000061035156,187.36000061035156,187.36000061035156,187.2899932861328,187.33999633789062,2344.0
2024-10-25 10:47:00+00:00,VS,2.5999999046325684,2.5999999046325684,2.5999999046325684,2.5999999046325684,2.5999999046325684,4011.0
2024-10-25 10:47:00+00:00,VSAT,10.280400276184082,10.280400276184082,10.280400276184082,10.279999732971191,10.279999732971191,1595.0
2024-10-25 10:47:00+00:00,VUZI,1.3100999593734741,1.3100999593734741,1.3100999593734741,1.3100999593734741,1.3100999593734741,235.0
2024-10-25 10:47:00+00:00,WALD,3.5652999877929688,3.5652999877929688,3.5652999877929688,3.5652999877929688,3.5652999877929688,1389.0
2024-10-25 10:47:00+00:00,WDAY,241.40499877929688,241.40499877929688,241.42999267578125,241.36500549316406,241.36500549316406,1499.0
2024-10-25 10:47:00+00:00,WDC,72.4749984741211,72.4749984741211,72.55000305175781,72.4126968383789,72.53500366210938,25113.0
2024-10-25 10:47:00+00:00,WISA,1.840000033378601,1.840000033378601,1.840000033378601,1.840000033378601,1.840000033378601,200.0
2024-10-25 10:47:00+00:00,WRAP,1.8799999952316284,1.8799999952316284,1.8839999437332153,1.8799999952316284,1.8839999437332153,5431.0
2024-10-25 10:47:00+00:00,XRX,10.1850004196167,10.1850004196167,10.1899995803833,10.1850004196167,10.1899995803833,788.0
2024-10-25 10:47:00+00:00,ZBRA,364.29998779296875,364.29998779296875,364.29998779296875,364.29998779296875,364.29998779296875,648.0
2024-10-25 10:47:00+00:00,ZI,10.555000305175781,10.555000305175781,10.555000305175781,10.555000305175781,10.555000305175781,1917.0
2024-10-25 10:47:00+00:00,ZM,73.27999877929688,73.27999877929688,73.31999969482422,73.27999877929688,73.31999969482422,16920.0
2024-10-25 10:47:00+00:00,ZS,187.16000366210938,187.16000366210938,187.36500549316406,187.16000366210938,187.31500244140625,3906.0
2024-10-25 10:48:00+00:00,AAOI,18.100000381469727,18.100000381469727,18.189899444580078,18.100000381469727,18.189899444580078,3634.0
2024-10-25 10:48:00+00:00,AAPL,232.4600067138672,232.4600067138672,232.52000427246094,232.38999938964844,232.4600067138672,49802.0
2024-10-25 10:48:00+00:00,ACLS,90.87999725341797,90.87999725341797,90.87999725341797,90.87999725341797,90.87999725341797,111.0
2024-10-25 10:48:00+00:00,ACMR,19.780000686645508,19.780000686645508,19.780000686645508,19.780000686645508,19.780000686645508,2091.0
2024-10-25 10:48:00+00:00,ADBE,486.5,486.5,486.79998779296875,486.5,486.79998779296875,2246.0
2024-10-25 10:48:00+00:00,ADI,233.40469360351562,233.40469360351562,233.5,233.31500244140625,233.31500244140625,3273.0
2024-10-25 10:48:00+00:00,ADSK,288.4700012207031,288.4700012207031,288.4700012207031,288.4700012207031,288.4700012207031,619.0
2024-10-25 10:48:00+00:00,ADTN,6.385000228881836,6.385000228881836,6.400000095367432,6.385000228881836,6.400000095367432,2123.0
2024-10-25 10:48:00+00:00,AEHR,16.670000076293945,16.670000076293945,16.731800079345703,16.6299991607666,16.731800079345703,6517.0
2024-10-25 10:48:00+00:00,AEYE,22.989999771118164,22.989999771118164,23.139400482177734,22.989999771118164,23.139400482177734,518.0
2024-10-25 10:48:00+00:00,AFRM,41.65999984741211,41.65999984741211,41.68000030517578,41.63999938964844,41.63999938964844,5082.0
2024-10-25 10:48:00+00:00,AKAM,103.23999786376953,103.23999786376953,103.23999786376953,103.20700073242188,103.20700073242188,757.0
2024-10-25 10:48:00+00:00,AKTS,0.05889999866485596,0.05889999866485596,0.05920000001788139,0.05869999900460243,0.05920000001788139,59424.0
2024-10-25 10:48:00+00:00,ALGM,22.44499969482422,22.44499969482422,22.5,22.44499969482422,22.5,5786.0
2024-10-25 10:48:00+00:00,ALRM,54.880001068115234,54.880001068115234,54.880001068115234,54.880001068115234,54.880001068115234,1374.0
2024-10-25 10:48:00+00:00,AMAT,188.02999877929688,188.02999877929688,188.27999877929688,188.02999877929688,188.27999877929688,4115.0
2024-10-25 10:48:00+00:00,AMD,157.2895050048828,157.2895050048828,157.47999572753906,157.25,157.39999389648438,50205.0
2024-10-25 10:48:00+00:00,AMKR,29.989999771118164,29.989999771118164,30.0,29.989999771118164,30.0,815.0
2024-10-25 10:48:00+00:00,AMPL,9.236200332641602,9.236200332641602,9.236200332641602,9.236200332641602,9.236200332641602,1075.0
2024-10-25 10:48:00+00:00,ANSS,326.7749938964844,326.7749938964844,326.7749938964844,326.7749938964844,326.7749938964844,430.0
2024-10-25 10:48:00+00:00,ANY,1.0850000381469727,1.0850000381469727,1.0850000381469727,1.0850000381469727,1.0850000381469727,200.0
2024-10-25 10:48:00+00:00,API,2.7799999713897705,2.7799999713897705,2.7799999713897705,2.7799999713897705,2.7799999713897705,300.0
2024-10-25 10:48:00+00:00,APP,162.8699951171875,162.8699951171875,163.02999877929688,162.8699951171875,163.02999877929688,1869.0
2024-10-25 10:48:00+00:00,APPS,3.1050000190734863,3.1050000190734863,3.111599922180176,3.1050000190734863,3.111599922180176,8213.0
2024-10-25 10:48:00+00:00,ARRY,6.360000133514404,6.360000133514404,6.385000228881836,6.349999904632568,6.369999885559082,11809.0
2024-10-25 10:48:00+00:00,ASML,719.760009765625,719.760009765625,720.3104858398438,719.760009765625,720.3104858398438,2116.0
2024-10-25 10:48:00+00:00,ATOM,3.2799999713897705,3.2799999713897705,3.2839999198913574,3.2799999713897705,3.2839999198913574,1670.0
2024-10-25 10:48:00+00:00,AUR,6.434999942779541,6.434999942779541,6.445000171661377,6.434800148010254,6.440000057220459,1890.0
2024-10-25 10:48:00+00:00,AVDX,8.199999809265137,8.199999809265137,8.199999809265137,8.199999809265137,8.199999809265137,2407.0
2024-10-25 10:48:00+00:00,AVGO,174.97999572753906,174.97999572753906,175.19000244140625,174.97999572753906,175.13999938964844,18469.0
2024-10-25 10:48:00+00:00,AVNW,20.979999542236328,20.979999542236328,20.979999542236328,20.979999542236328,20.979999542236328,102.0
2024-10-25 10:48:00+00:00,AVPT,12.069999694824219,12.069999694824219,12.069999694824219,12.069999694824219,12.069999694824219,431.0
2024-10-25 10:48:00+00:00,AVT,54.619998931884766,54.619998931884766,54.619998931884766,54.619998931884766,54.619998931884766,756.0
2024-10-25 10:48:00+00:00,BASE,16.520000457763672,16.520000457763672,16.520000457763672,16.520000457763672,16.520000457763672,750.0
2024-10-25 10:48:00+00:00,BIGC,5.355000019073486,5.355000019073486,5.355000019073486,5.355000019073486,5.355000019073486,300.0
2024-10-25 10:48:00+00:00,BL,56.75,56.75,56.75,56.75,56.75,848.0
2024-10-25 10:48:00+00:00,BLZE,7.28000020980835,7.28000020980835,7.289899826049805,7.28000020980835,7.289899826049805,559.0
2024-10-25 10:48:00+00:00,BMBL,7.275000095367432,7.275000095367432,7.28000020980835,7.275000095367432,7.28000020980835,1243.0
2024-10-25 10:48:00+00:00,BRZE,30.979999542236328,30.979999542236328,30.979999542236328,30.979999542236328,30.979999542236328,258.0
2024-10-25 10:48:00+00:00,BSY,49.43239974975586,49.43239974975586,49.459999084472656,49.43000030517578,49.45500183105469,2354.0
2024-10-25 10:48:00+00:00,CAMT,78.54000091552734,78.54000091552734,78.54000091552734,78.54000091552734,78.54000091552734,542.0
2024-10-25 10:48:00+00:00,CAN,0.9961000084877014,0.9961000084877014,0.9968000054359436,0.9955999851226807,0.9961000084877014,19417.0
2024-10-25 10:48:00+00:00,CCSI,20.77750015258789,20.77750015258789,20.77750015258789,20.77750015258789,20.77750015258789,3118.0
2024-10-25 10:48:00+00:00,CDNS,259.0050048828125,259.0050048828125,259.2550048828125,258.9700012207031,259.2550048828125,3597.0
2024-10-25 10:48:00+00:00,CDW,219.30999755859375,219.30999755859375,219.33999633789062,219.30999755859375,219.33999633789062,1132.0
2024-10-25 10:48:00+00:00,CEVA,24.200000762939453,24.200000762939453,24.2549991607666,24.190000534057617,24.2549991607666,1095.0
2024-10-25 10:48:00+00:00,CFLT,22.479999542236328,22.479999542236328,22.5,22.475000381469727,22.479999542236328,5062.0
2024-10-25 10:48:00+00:00,CGNX,39.165000915527344,39.165000915527344,39.185001373291016,39.165000915527344,39.185001373291016,1194.0
2024-10-25 10:48:00+00:00,CLSK,11.99940013885498,11.99940013885498,12.045000076293945,11.987000465393066,12.020000457763672,76893.0
2024-10-25 10:48:00+00:00,CNDT,3.694999933242798,3.694999933242798,3.694999933242798,3.694999933242798,3.694999933242798,714.0
2024-10-25 10:48:00+00:00,CNXC,45.130001068115234,45.130001068115234,45.130001068115234,45.130001068115234,45.130001068115234,2114.0
2024-10-25 10:48:00+00:00,COHR,96.05000305175781,96.05000305175781,96.1500015258789,96.05000305175781,96.06999969482422,5358.0
2024-10-25 10:48:00+00:00,COIN,210.6649932861328,210.6649932861328,211.00999450683594,210.64999389648438,210.86500549316406,12056.0
2024-10-25 10:48:00+00:00,COMM,6.434999942779541,6.434999942779541,6.454999923706055,6.429999828338623,6.449999809265137,6469.0
2024-10-25 10:48:00+00:00,CORZ,13.432999610900879,13.432999610900879,13.437399864196777,13.413999557495117,13.413999557495117,8422.0
2024-10-25 10:48:00+00:00,CORZW,7.919899940490723,7.919899940490723,7.919899940490723,7.919899940490723,7.919899940490723,200.0
2024-10-25 10:48:00+00:00,CRCT,6.539999961853027,6.539999961853027,6.539999961853027,6.539999961853027,6.539999961853027,108.0
2024-10-25 10:48:00+00:00,CRDO,39.349998474121094,39.349998474121094,39.3849983215332,39.349998474121094,39.3849983215332,749.0
2024-10-25 10:48:00+00:00,CRNC,2.8499999046325684,2.8499999046325684,2.8499999046325684,2.8499999046325684,2.8499999046325684,828.0
2024-10-25 10:48:00+00:00,CRNT,2.4549999237060547,2.4549999237060547,2.4549999237060547,2.4549999237060547,2.4549999237060547,37.0
2024-10-25 10:48:00+00:00,CRSR,6.460000038146973,6.460000038146973,6.460000038146973,6.460000038146973,6.460000038146973,908.0
2024-10-25 10:48:00+00:00,CRUS,122.75499725341797,122.75499725341797,122.75499725341797,122.75499725341797,122.75499725341797,250.0
2024-10-25 10:48:00+00:00,CRWD,310.010009765625,310.010009765625,310.4209899902344,310.010009765625,310.375,3183.0
2024-10-25 10:48:00+00:00,CSCO,56.255001068115234,56.255001068115234,56.275001525878906,56.244998931884766,56.2599983215332,24925.0
2024-10-25 10:48:00+00:00,CSIQ,13.350000381469727,13.350000381469727,13.396200180053711,13.350000381469727,13.359999656677246,10886.0
2024-10-25 10:48:00+00:00,CTSH,75.11000061035156,75.11000061035156,75.11000061035156,75.0999984741211,75.0999984741211,1365.0
2024-10-25 10:48:00+00:00,CVLT,134.38999938964844,134.38999938964844,134.38999938964844,134.38999938964844,134.38999938964844,548.0
2024-10-25 10:48:00+00:00,DAIO,2.4700000286102295,2.4700000286102295,2.4700000286102295,2.4700000286102295,2.4700000286102295,200.0
2024-10-25 10:48:00+00:00,DAKT,13.239999771118164,13.239999771118164,13.25,13.239999771118164,13.25,346.0
2024-10-25 10:48:00+00:00,DATS,1.5800000429153442,1.5800000429153442,1.5800000429153442,1.5700000524520874,1.579800009727478,2364.0
2024-10-25 10:48:00+00:00,DBX,26.114999771118164,26.114999771118164,26.114999771118164,26.114999771118164,26.114999771118164,1001.0
2024-10-25 10:48:00+00:00,DDOG,127.04499816894531,127.04499816894531,127.13500213623047,127.01370239257812,127.13500213623047,7197.0
2024-10-25 10:48:00+00:00,DGHI,1.4249999523162842,1.4249999523162842,1.4249999523162842,1.4249999523162842,1.4249999523162842,2243.0
2024-10-25 10:48:00+00:00,DGII,30.540000915527344,30.540000915527344,30.844999313354492,30.165000915527344,30.200000762939453,43531.0
2024-10-25 10:48:00+00:00,DIOD,66.23500061035156,66.23500061035156,66.23500061035156,66.23500061035156,66.23500061035156,515.0
2024-10-25 10:48:00+00:00,DLO,8.835000038146973,8.835000038146973,8.835000038146973,8.835000038146973,8.835000038146973,489.0
2024-10-25 10:48:00+00:00,DMRC,31.211999893188477,31.211999893188477,31.211999893188477,31.211999893188477,31.211999893188477,251.0
2024-10-25 10:48:00+00:00,DOCU,70.62999725341797,70.62999725341797,70.68499755859375,70.62999725341797,70.68499755859375,3523.0
2024-10-25 10:48:00+00:00,DUOL,288.3949890136719,288.3949890136719,288.3949890136719,287.7601013183594,287.7601013183594,2092.0
2024-10-25 10:48:00+00:00,EEFT,102.11499786376953,102.11499786376953,102.11499786376953,102.11499786376953,102.11499786376953,218.0
2024-10-25 10:48:00+00:00,EMKR,2.109999895095825,2.109999895095825,2.109999895095825,2.109999895095825,2.109999895095825,934.0
2024-10-25 10:48:00+00:00,ENPH,81.5999984741211,81.5999984741211,81.73999786376953,81.5999984741211,81.72000122070312,5850.0
2024-10-25 10:48:00+00:00,ENTG,104.8499984741211,104.8499984741211,104.8499984741211,104.8499984741211,104.8499984741211,812.0
2024-10-25 10:48:00+00:00,ERIC,8.515999794006348,8.515999794006348,8.515999794006348,8.510000228881836,8.510000228881836,17288.0
2024-10-25 10:48:00+00:00,EVCM,10.635000228881836,10.635000228881836,10.635000228881836,10.635000228881836,10.635000228881836,200.0
2024-10-25 10:48:00+00:00,EXLS,39.130001068115234,39.130001068115234,39.150001525878906,39.130001068115234,39.150001525878906,948.0
2024-10-25 10:48:00+00:00,FFIV,216.26499938964844,216.26499938964844,216.3300018310547,216.22000122070312,216.3300018310547,1713.0
2024-10-25 10:48:00+00:00,FIVN,30.549999237060547,30.549999237060547,30.600000381469727,30.549999237060547,30.600000381469727,2341.0
2024-10-25 10:48:00+00:00,FLEX,35.45000076293945,35.45000076293945,35.4900016784668,35.439998626708984,35.470001220703125,16309.0
2024-10-25 10:48:00+00:00,FORM,45.150001525878906,45.150001525878906,45.150001525878906,45.150001525878906,45.150001525878906,507.0
2024-10-25 10:48:00+00:00,FROG,29.44499969482422,29.44499969482422,29.44499969482422,29.44499969482422,29.44499969482422,367.0
2024-10-25 10:48:00+00:00,FRSH,11.729999542236328,11.729999542236328,11.739999771118164,11.729999542236328,11.734999656677246,1213.0
2024-10-25 10:48:00+00:00,FSLR,198.02499389648438,198.02499389648438,198.19000244140625,197.85000610351562,198.17999267578125,3007.0
2024-10-25 10:48:00+00:00,FTCI,0.699999988079071,0.699999988079071,0.699999988079071,0.699999988079071,0.699999988079071,3928.0
2024-10-25 10:48:00+00:00,FTNT,81.63140106201172,81.63140106201172,81.66999816894531,81.63140106201172,81.6500015258789,2642.0
2024-10-25 10:48:00+00:00,GCT,25.440000534057617,25.440000534057617,25.440000534057617,25.408000946044922,25.440000534057617,1747.0
2024-10-25 10:48:00+00:00,GDS,21.700000762939453,21.700000762939453,21.75,21.700000762939453,21.75,3063.0
2024-10-25 10:48:00+00:00,GDYN,15.670000076293945,15.670000076293945,15.670000076293945,15.670000076293945,15.670000076293945,261.0
2024-10-25 10:48:00+00:00,GFS,41.150001525878906,41.150001525878906,41.15850067138672,41.150001525878906,41.15800094604492,465.0
2024-10-25 10:48:00+00:00,GPRO,1.340000033378601,1.340000033378601,1.340000033378601,1.340000033378601,1.340000033378601,147.0
2024-10-25 10:48:00+00:00,GRAB,4.079999923706055,4.079999923706055,4.079999923706055,4.079999923706055,4.079999923706055,2215.0
2024-10-25 10:48:00+00:00,GRRR,4.589900016784668,4.589900016784668,4.599899768829346,4.579999923706055,4.599899768829346,1810.0
2024-10-25 10:48:00+00:00,GTLB,55.75,55.75,55.81520080566406,55.75,55.77799987792969,923.0
2024-10-25 10:48:00+00:00,HCP,33.67599868774414,33.67599868774414,33.67599868774414,33.66999816894531,33.66999816894531,2924.0
2024-10-25 10:48:00+00:00,HIMX,6.190299987792969,6.190299987792969,6.190299987792969,6.190000057220459,6.190000057220459,680.0
2024-10-25 10:48:00+00:00,HLIT,14.795000076293945,14.795000076293945,14.800000190734863,14.795000076293945,14.800000190734863,999.0
2024-10-25 10:48:00+00:00,HOLO,3.7298998832702637,3.7298998832702637,3.7298998832702637,3.7200000286102295,3.7200000286102295,6154.0
2024-10-25 10:48:00+00:00,HOOD,27.360000610351562,27.360000610351562,27.399999618530273,27.350000381469727,27.395000457763672,44369.0
2024-10-25 10:48:00+00:00,IMMR,8.805000305175781,8.805000305175781,8.805000305175781,8.805000305175781,8.805000305175781,1236.0
2024-10-25 10:48:00+00:00,INDI,3.575000047683716,3.575000047683716,3.575000047683716,3.575000047683716,3.575000047683716,1699.0
2024-10-25 10:48:00+00:00,INOD,19.823200225830078,19.823200225830078,19.823200225830078,19.823200225830078,19.823200225830078,712.0
2024-10-25 10:48:00+00:00,INSG,19.75,19.75,19.89929962158203,19.75,19.89929962158203,550.0
2024-10-25 10:48:00+00:00,INTC,23.1299991607666,23.1299991607666,23.200000762939453,23.1299991607666,23.184999465942383,209549.0
2024-10-25 10:48:00+00:00,INTU,613.3900146484375,613.3900146484375,613.9500122070312,613.3900146484375,613.9500122070312,1815.0
2024-10-25 10:48:00+00:00,IPGP,77.1500015258789,77.1500015258789,77.1500015258789,77.1500015258789,77.1500015258789,280.0
2024-10-25 10:48:00+00:00,ITI,7.195000171661377,7.195000171661377,7.195000171661377,7.195000171661377,7.195000171661377,127.0
2024-10-25 10:48:00+00:00,JKHY,185.28500366210938,185.28500366210938,185.28500366210938,185.28500366210938,185.28500366210938,592.0
2024-10-25 10:48:00+00:00,KC,2.7300000190734863,2.7300000190734863,2.730299949645996,2.7300000190734863,2.730299949645996,740.0
2024-10-25 10:48:00+00:00,KLIC,44.43000030517578,44.43000030517578,44.459999084472656,44.43000030517578,44.459999084472656,451.0
2024-10-25 10:48:00+00:00,KOPN,0.7551000118255615,0.7551000118255615,0.7551000118255615,0.7551000118255615,0.7551000118255615,870.0
2024-10-25 10:48:00+00:00,KOSS,7.295000076293945,7.295000076293945,7.295000076293945,7.295000076293945,7.295000076293945,503.0
2024-10-25 10:48:00+00:00,LFUS,256.9700012207031,256.9700012207031,256.9700012207031,256.9700012207031,256.9700012207031,1519.0
2024-10-25 10:48:00+00:00,LINK,4.46999979019165,4.46999979019165,4.46999979019165,4.460000038146973,4.460000038146973,2066.0
2024-10-25 10:48:00+00:00,LITE,64.38999938964844,64.38999938964844,64.44000244140625,64.38999938964844,64.44000244140625,3214.0
2024-10-25 10:48:00+00:00,LOGI,81.06999969482422,81.06999969482422,81.08000183105469,81.05999755859375,81.08000183105469,912.0
2024-10-25 10:48:00+00:00,LRCX,78.81999969482422,78.81999969482422,79.0250015258789,78.80999755859375,79.01000213623047,30235.0
2024-10-25 10:48:00+00:00,LSCC,54.369998931884766,54.369998931884766,54.435001373291016,54.369998931884766,54.43000030517578,1550.0
2024-10-25 10:48:00+00:00,LYFT,13.720000267028809,13.720000267028809,13.720000267028809,13.711400032043457,13.71500015258789,4041.0
2024-10-25 10:48:00+00:00,MANH,276.0799865722656,276.0799865722656,276.0799865722656,276.0799865722656,276.0799865722656,2737.0
2024-10-25 10:48:00+00:00,MAXN,5.570000171661377,5.570000171661377,5.570000171661377,5.519000053405762,5.519000053405762,668.0
2024-10-25 10:48:00+00:00,MCHP,76.94999694824219,76.94999694824219,77.01000213623047,76.94000244140625,76.94000244140625,8117.0
2024-10-25 10:48:00+00:00,MDB,268.7900085449219,268.7900085449219,269.0400085449219,268.6700134277344,269.0400085449219,2660.0
2024-10-25 10:48:00+00:00,MITK,8.789999961853027,8.789999961853027,8.789999961853027,8.779999732971191,8.779999732971191,2941.0
2024-10-25 10:48:00+00:00,MKSI,100.49009704589844,100.49009704589844,100.49009704589844,100.49009704589844,100.49009704589844,196.0
2024-10-25 10:48:00+00:00,MKTW,0.5931000113487244,0.5931000113487244,0.5931000113487244,0.5931000113487244,0.5931000113487244,0.0
2024-10-25 10:48:00+00:00,MNDY,300.3399963378906,300.3399963378906,300.3399963378906,300.3399963378906,300.3399963378906,435.0
2024-10-25 10:48:00+00:00,MQ,5.324999809265137,5.324999809265137,5.324999809265137,5.320000171661377,5.320000171661377,975.0
2024-10-25 10:48:00+00:00,MRAM,6.230000019073486,6.230000019073486,6.230000019073486,6.230000019073486,6.230000019073486,500.0
2024-10-25 10:48:00+00:00,MRVL,82.88500213623047,82.88500213623047,83.08200073242188,82.88500213623047,83.06999969482422,15084.0
2024-10-25 10:48:00+00:00,MSFT,430.635009765625,430.635009765625,430.94500732421875,430.5350036621094,430.8800048828125,24000.0
2024-10-25 10:48:00+00:00,MSTR,240.41000366210938,240.41000366210938,241.19000244140625,240.24000549316406,240.72000122070312,33595.0
2024-10-25 10:48:00+00:00,MTSI,119.55999755859375,119.55999755859375,119.62000274658203,119.55999755859375,119.62000274658203,523.0
2024-10-25 10:48:00+00:00,MU,109.18000030517578,109.18000030517578,109.30670166015625,109.16200256347656,109.25,16497.0
2024-10-25 10:48:00+00:00,MVIS,1.1050000190734863,1.1050000190734863,1.1050000190734863,1.1050000190734863,1.1050000190734863,231.0
2024-10-25 10:48:00+00:00,MXL,15.21500015258789,15.21500015258789,15.229999542236328,15.119999885559082,15.119999885559082,5862.0
2024-10-25 10:48:00+00:00,NCNO,38.31999969482422,38.31999969482422,38.31999969482422,38.310001373291016,38.310001373291016,988.0
2024-10-25 10:48:00+00:00,NICE,176.52999877929688,176.52999877929688,176.52999877929688,176.52999877929688,176.52999877929688,108.0
2024-10-25 10:48:00+00:00,NOVT,174.0800018310547,174.0800018310547,174.0800018310547,174.0800018310547,174.0800018310547,579.0
2024-10-25 10:48:00+00:00,NTAP,120.44999694824219,120.44999694824219,120.68000030517578,120.44999694824219,120.58999633789062,19132.0
2024-10-25 10:48:00+00:00,NTCT,20.709999084472656,20.709999084472656,20.729999542236328,20.700000762939453,20.700000762939453,2636.0
2024-10-25 10:48:00+00:00,NTGR,20.399999618530273,20.399999618530273,20.40999984741211,20.399999618530273,20.40999984741211,3799.0
2024-10-25 10:48:00+00:00,NTNX,62.66999816894531,62.66999816894531,62.69499969482422,62.63999938964844,62.69499969482422,1603.0
2024-10-25 10:48:00+00:00,NVDA,143.20799255371094,143.20799255371094,143.36529541015625,143.11199951171875,143.3300018310547,407422.0
2024-10-25 10:48:00+00:00,NVTS,2.5899999141693115,2.5899999141693115,2.599900007247925,2.5899999141693115,2.599900007247925,2916.0
2024-10-25 10:48:00+00:00,NXPI,244.14999389648438,244.14999389648438,244.1999969482422,243.81500244140625,243.92950439453125,16591.0
2024-10-25 10:48:00+00:00,OKTA,72.7699966430664,72.7699966430664,72.80000305175781,72.7699966430664,72.80000305175781,1330.0
2024-10-25 10:48:00+00:00,ON,71.55000305175781,71.55000305175781,71.63999938964844,71.54000091552734,71.57499694824219,15345.0
2024-10-25 10:48:00+00:00,OSPN,14.739999771118164,14.739999771118164,14.739999771118164,14.739999771118164,14.739999771118164,611.0
2024-10-25 10:48:00+00:00,PANW,371.489990234375,371.489990234375,371.5987854003906,371.29998779296875,371.29998779296875,3073.0
2024-10-25 10:48:00+00:00,PAYO,8.3100004196167,8.3100004196167,8.3100004196167,8.3100004196167,8.3100004196167,1026.0
2024-10-25 10:48:00+00:00,PEGA,81.06500244140625,81.06500244140625,81.06500244140625,80.98999786376953,80.98999786376953,2075.0
2024-10-25 10:48:00+00:00,PEGY,4.550000190734863,4.550000190734863,4.550000190734863,4.550000190734863,4.550000190734863,1468.0
2024-10-25 10:48:00+00:00,PGY,11.710000038146973,11.710000038146973,11.75,11.710000038146973,11.75,1859.0
2024-10-25 10:48:00+00:00,PHUN,9.704999923706055,9.704999923706055,9.729999542236328,9.65999984741211,9.688899993896484,74336.0
2024-10-25 10:48:00+00:00,PI,200.5500030517578,200.5500030517578,201.55499267578125,200.5500030517578,201.55499267578125,5139.0
2024-10-25 10:48:00+00:00,PLAB,23.65999984741211,23.65999984741211,23.65999984741211,23.65999984741211,23.65999984741211,303.0
2024-10-25 10:48:00+00:00,PLXS,142.7050018310547,142.7050018310547,142.7050018310547,142.7050018310547,142.7050018310547,1398.0
2024-10-25 10:48:00+00:00,POET,4.010000228881836,4.010000228881836,4.032400131225586,4.010000228881836,4.032400131225586,2122.0
2024-10-25 10:48:00+00:00,POWI,63.040000915527344,63.040000915527344,63.040000915527344,63.040000915527344,63.040000915527344,1034.0
2024-10-25 10:48:00+00:00,PTC,186.3800048828125,186.3800048828125,186.3800048828125,186.3800048828125,186.3800048828125,346.0
2024-10-25 10:48:00+00:00,PYCR,14.404999732971191,14.404999732971191,14.404999732971191,14.404999732971191,14.404999732971191,370.0
2024-10-25 10:48:00+00:00,QCOM,172.16000366210938,172.16000366210938,172.30999755859375,172.10000610351562,172.30999755859375,11076.0
2024-10-25 10:48:00+00:00,QLYS,121.2300033569336,121.2300033569336,121.2300033569336,121.2300033569336,121.2300033569336,2155.0
2024-10-25 10:48:00+00:00,QMCO,5.355500221252441,5.355500221252441,5.355500221252441,5.355500221252441,5.355500221252441,1900.0
2024-10-25 10:48:00+00:00,QRVO,99.87999725341797,99.87999725341797,100.01499938964844,99.87999725341797,100.0,6342.0
2024-10-25 10:48:00+00:00,RCAT,2.75,2.75,2.75,2.744999885559082,2.75,2630.0
2024-10-25 10:48:00+00:00,REKR,1.100000023841858,1.100000023841858,1.100000023841858,1.100000023841858,1.100000023841858,0.0
2024-10-25 10:48:00+00:00,RELY,14.760000228881836,14.760000228881836,14.770000457763672,14.760000228881836,14.770000457763672,3225.0
2024-10-25 10:48:00+00:00,RGTI,1.2747000455856323,1.2747000455856323,1.2799999713897705,1.2680000066757202,1.2680000066757202,57434.0
2024-10-25 10:48:00+00:00,RIOT,10.074999809265137,10.074999809265137,10.095000267028809,10.074000358581543,10.079700469970703,31825.0
2024-10-25 10:48:00+00:00,RMBS,42.935001373291016,42.935001373291016,42.939998626708984,42.90999984741211,42.91999816894531,2258.0
2024-10-25 10:48:00+00:00,RUM,5.7829999923706055,5.7829999923706055,5.811800003051758,5.7829999923706055,5.811800003051758,14061.0
2024-10-25 10:48:00+00:00,RUN,14.27750015258789,14.27750015258789,14.279999732971191,14.220000267028809,14.239999771118164,13423.0
2024-10-25 10:48:00+00:00,RXT,2.559999942779541,2.559999942779541,2.559999942779541,2.559999942779541,2.559999942779541,1421.0
2024-10-25 10:48:00+00:00,SEDG,15.600000381469727,15.600000381469727,15.619999885559082,15.59000015258789,15.59000015258789,2730.0
2024-10-25 10:48:00+00:00,SHLS,5.195000171661377,5.195000171661377,5.199999809265137,5.190000057220459,5.190000057220459,6978.0
2024-10-25 10:48:00+00:00,SLNH,4.179999828338623,4.179999828338623,4.199999809265137,4.179999828338623,4.199999809265137,1695.0
2024-10-25 10:48:00+00:00,SMCI,47.779998779296875,47.779998779296875,47.81999969482422,47.72999954223633,47.810001373291016,65931.0
2024-10-25 10:48:00+00:00,SMTC,45.57500076293945,45.57500076293945,45.66999816894531,45.57500076293945,45.66999816894531,2145.0
2024-10-25 10:48:00+00:00,SNPS,504.7900085449219,504.7900085449219,505.09368896484375,504.7900085449219,505.0899963378906,1277.0
2024-10-25 10:48:00+00:00,SONO,12.824999809265137,12.824999809265137,12.824999809265137,12.824999809265137,12.824999809265137,217.0
2024-10-25 10:48:00+00:00,SOUN,5.269999980926514,5.269999980926514,5.28000020980835,5.269999980926514,5.279900074005127,11325.0
2024-10-25 10:48:00+00:00,SPNS,37.2400016784668,37.2400016784668,37.2400016784668,37.2400016784668,37.2400016784668,212.0
2024-10-25 10:48:00+00:00,SPT,27.350000381469727,27.350000381469727,27.350000381469727,27.350000381469727,27.350000381469727,197.0
2024-10-25 10:48:00+00:00,SSNC,69.69000244140625,69.69000244140625,69.72000122070312,69.66999816894531,69.72000122070312,9006.0
2024-10-25 10:48:00+00:00,SSYS,7.130000114440918,7.130000114440918,7.130000114440918,7.130000114440918,7.130000114440918,200.0
2024-10-25 10:48:00+00:00,STNE,11.529999732971191,11.529999732971191,11.539999961853027,11.529999732971191,11.53499984741211,2383.0
2024-10-25 10:48:00+00:00,STX,104.8949966430664,104.8949966430664,104.95999908447266,104.88249969482422,104.9000015258789,1541.0
2024-10-25 10:48:00+00:00,SWKS,95.91000366210938,95.91000366210938,96.0199966430664,95.88999938964844,96.0199966430664,1033.0
2024-10-25 10:48:00+00:00,SWVL,3.450000047683716,3.450000047683716,3.450000047683716,3.450000047683716,3.450000047683716,646.0
2024-10-25 10:48:00+00:00,SYTA,1.2599999904632568,1.2599999904632568,1.2799999713897705,1.2599999904632568,1.2799999713897705,2459.0
2024-10-25 10:48:00+00:00,TASK,11.994999885559082,11.994999885559082,11.994999885559082,11.994999885559082,11.994999885559082,1001.0
2024-10-25 10:48:00+00:00,TEAM,190.7050018310547,190.7050018310547,190.7239990234375,190.6999969482422,190.7239990234375,1057.0
2024-10-25 10:48:00+00:00,TER,112.76499938964844,112.76499938964844,112.79000091552734,112.58000183105469,112.58999633789062,9177.0
2024-10-25 10:48:00+00:00,TLS,3.632499933242798,3.632499933242798,3.632499933242798,3.632499933242798,3.632499933242798,209.0
2024-10-25 10:48:00+00:00,TTD,120.16999816894531,120.16999816894531,120.29000091552734,120.16999816894531,120.21050262451172,5669.0
2024-10-25 10:48:00+00:00,TTMI,19.649999618530273,19.649999618530273,19.649999618530273,19.649999618530273,19.649999618530273,778.0
2024-10-25 10:48:00+00:00,TWKS,4.454999923706055,4.454999923706055,4.454999923706055,4.449999809265137,4.449999809265137,12300.0
2024-10-25 10:48:00+00:00,TXN,209.11000061035156,209.11000061035156,209.13999938964844,209.0800018310547,209.1199951171875,4262.0
2024-10-25 10:48:00+00:00,UCTT,35.9900016784668,35.9900016784668,35.9900016784668,35.9900016784668,35.9900016784668,1048.0
2024-10-25 10:48:00+00:00,UEIC,8.210000038146973,8.210000038146973,8.244999885559082,8.210000038146973,8.244999885559082,800.0
2024-10-25 10:48:00+00:00,UPLD,2.180000066757202,2.180000066757202,2.180000066757202,2.180000066757202,2.180000066757202,0.0
2024-10-25 10:48:00+00:00,VERI,3.4749999046325684,3.4749999046325684,3.4749999046325684,3.4749999046325684,3.4749999046325684,1126.0
2024-10-25 10:48:00+00:00,VIAV,9.21500015258789,9.21500015258789,9.220000267028809,9.21500015258789,9.220000267028809,943.0
2024-10-25 10:48:00+00:00,VMEO,4.771200180053711,4.771200180053711,4.771200180053711,4.770100116729736,4.770100116729736,631.0
2024-10-25 10:48:00+00:00,VNET,3.444999933242798,3.444999933242798,3.450000047683716,3.434999942779541,3.450000047683716,4620.0
2024-10-25 10:48:00+00:00,VOXX,7.599999904632568,7.599999904632568,7.599999904632568,7.599999904632568,7.599999904632568,336.0
2024-10-25 10:48:00+00:00,VRNS,56.95000076293945,56.95000076293945,57.02000045776367,56.939998626708984,56.9900016784668,2076.0
2024-10-25 10:48:00+00:00,VRNT,22.321699142456055,22.321699142456055,22.321699142456055,22.321699142456055,22.321699142456055,114.0
2024-10-25 10:48:00+00:00,VRSN,187.35499572753906,187.35499572753906,187.35499572753906,187.13999938964844,187.35499572753906,1689.0
2024-10-25 10:48:00+00:00,VSAT,10.279999732971191,10.279999732971191,10.279999732971191,10.279999732971191,10.279999732971191,1411.0
2024-10-25 10:48:00+00:00,VUZI,1.309999942779541,1.309999942779541,1.3128000497817993,1.309999942779541,1.3128000497817993,2267.0
2024-10-25 10:48:00+00:00,WDAY,241.11000061035156,241.11000061035156,241.39999389648438,241.10000610351562,241.33999633789062,7533.0
2024-10-25 10:48:00+00:00,WDC,72.55000305175781,72.55000305175781,72.55999755859375,72.44000244140625,72.5,34875.0
2024-10-25 10:48:00+00:00,WISA,1.8109999895095825,1.8109999895095825,1.840000033378601,1.809999942779541,1.840000033378601,5169.0
2024-10-25 10:48:00+00:00,WRAP,1.8600000143051147,1.8600000143051147,1.8600000143051147,1.8600000143051147,1.8600000143051147,127.0
2024-10-25 10:48:00+00:00,XRX,10.180000305175781,10.180000305175781,10.1899995803833,10.180000305175781,10.1850004196167,2049.0
2024-10-25 10:48:00+00:00,ZI,10.550000190734863,10.550000190734863,10.555000305175781,10.550000190734863,10.555000305175781,413.0
2024-10-25 10:48:00+00:00,ZM,73.30999755859375,73.30999755859375,73.33000183105469,73.30000305175781,73.30000305175781,2850.0
2024-10-25 10:48:00+00:00,ZS,187.2100067138672,187.2100067138672,187.24000549316406,187.2100067138672,187.24000549316406,1946.0
2024-10-25 10:49:00+00:00,AAOI,18.170000076293945,18.170000076293945,18.170000076293945,18.1299991607666,18.1299991607666,1132.0
2024-10-25 10:49:00+00:00,AAPL,232.4199981689453,232.4199981689453,232.48919677734375,232.22000122070312,232.48919677734375,76213.0
2024-10-25 10:49:00+00:00,ACLS,90.84500122070312,90.84500122070312,90.84500122070312,90.7699966430664,90.7699966430664,845.0
2024-10-25 10:49:00+00:00,ACMR,19.780000686645508,19.780000686645508,19.780000686645508,19.756999969482422,19.756999969482422,1165.0
2024-10-25 10:49:00+00:00,ADBE,486.30499267578125,486.30499267578125,486.44500732421875,486.2149963378906,486.2200012207031,7926.0
2024-10-25 10:49:00+00:00,ADI,233.22999572753906,233.22999572753906,233.22999572753906,233.14500427246094,233.18499755859375,1889.0
2024-10-25 10:49:00+00:00,ADSK,288.4200134277344,288.4200134277344,288.5,288.4200134277344,288.4700012207031,864.0
2024-10-25 10:49:00+00:00,ADTN,6.380000114440918,6.380000114440918,6.380000114440918,6.380000114440918,6.380000114440918,380.0
2024-10-25 10:49:00+00:00,AEHR,16.680299758911133,16.680299758911133,16.690000534057617,16.673999786376953,16.674999237060547,3000.0
2024-10-25 10:49:00+00:00,AEYE,23.030000686645508,23.030000686645508,23.139999389648438,22.989999771118164,22.989999771118164,970.0
2024-10-25 10:49:00+00:00,AFRM,41.81999969482422,41.81999969482422,41.83000183105469,41.61000061035156,41.629600524902344,16731.0
2024-10-25 10:49:00+00:00,AKAM,103.2300033569336,103.2300033569336,103.2300033569336,103.2300033569336,103.2300033569336,362.0
2024-10-25 10:49:00+00:00,AKTS,0.05979999899864197,0.05979999899864197,0.05990000069141388,0.05979999899864197,0.05990000069141388,48292.0
2024-10-25 10:49:00+00:00,ALGM,22.420000076293945,22.420000076293945,22.43000030517578,22.405000686645508,22.43000030517578,3119.0
2024-10-25 10:49:00+00:00,ALKT,38.220001220703125,38.220001220703125,38.255001068115234,38.220001220703125,38.255001068115234,966.0
2024-10-25 10:49:00+00:00,ALTR,106.0199966430664,106.0199966430664,106.0199966430664,105.90499877929688,105.90499877929688,2204.0
2024-10-25 10:49:00+00:00,AMAT,187.97000122070312,187.97000122070312,188.05499267578125,187.75999450683594,187.97000122070312,8611.0
2024-10-25 10:49:00+00:00,AMD,157.2550048828125,157.2550048828125,157.27000427246094,157.0500030517578,157.25010681152344,109357.0
2024-10-25 10:49:00+00:00,AMKR,29.950000762939453,29.950000762939453,29.959999084472656,29.920000076293945,29.959999084472656,2614.0
2024-10-25 10:49:00+00:00,AMPL,9.234999656677246,9.234999656677246,9.234999656677246,9.234999656677246,9.234999656677246,396.0
2024-10-25 10:49:00+00:00,AMST,2.9600000381469727,2.9600000381469727,2.9890999794006348,2.9000000953674316,2.924999952316284,5876.0
2024-10-25 10:49:00+00:00,ANY,1.0850000381469727,1.0850000381469727,1.0850000381469727,1.0850000381469727,1.0850000381469727,10003.0
2024-10-25 10:49:00+00:00,AOSL,36.29999923706055,36.29999923706055,36.29999923706055,36.209999084472656,36.209999084472656,834.0
2024-10-25 10:49:00+00:00,APCX,0.7390000224113464,0.7390000224113464,0.7390000224113464,0.7390000224113464,0.7390000224113464,302.0
2024-10-25 10:49:00+00:00,API,2.7899999618530273,2.7899999618530273,2.7899999618530273,2.7750000953674316,2.7750000953674316,2437.0
2024-10-25 10:49:00+00:00,APP,162.96249389648438,162.96249389648438,162.96249389648438,162.75,162.8800048828125,5613.0
2024-10-25 10:49:00+00:00,APPF,219.75,219.75,219.75,219.1300048828125,219.22999572753906,3473.0
2024-10-25 10:49:00+00:00,APPN,32.33000183105469,32.33000183105469,32.33000183105469,32.33000183105469,32.33000183105469,1256.0
2024-10-25 10:49:00+00:00,APPS,3.1040000915527344,3.1040000915527344,3.1050000190734863,3.1005001068115234,3.1040000915527344,12953.0
2024-10-25 10:49:00+00:00,ARRY,6.375,6.375,6.389999866485596,6.350200176239014,6.355000019073486,35751.0
2024-10-25 10:49:00+00:00,ASML,719.1799926757812,719.1799926757812,719.60498046875,719.0800170898438,719.0800170898438,3201.0
2024-10-25 10:49:00+00:00,ASNS,1.340000033378601,1.340000033378601,1.340000033378601,1.340000033378601,1.340000033378601,126.0
2024-10-25 10:49:00+00:00,AUR,6.440000057220459,6.440000057220459,6.440000057220459,6.429999828338623,6.434999942779541,14309.0
2024-10-25 10:49:00+00:00,AVDX,8.199999809265137,8.199999809265137,8.199999809265137,8.199999809265137,8.199999809265137,8853.0
2024-10-25 10:49:00+00:00,AVGO,175.02000427246094,175.02000427246094,175.0500030517578,174.86000061035156,174.97999572753906,30102.0
2024-10-25 10:49:00+00:00,AVNW,20.954999923706055,20.954999923706055,20.979999542236328,20.954999923706055,20.979999542236328,1035.0
2024-10-25 10:49:00+00:00,AVPT,12.100000381469727,12.100000381469727,12.100000381469727,12.0649995803833,12.0649995803833,4165.0
2024-10-25 10:49:00+00:00,AVT,54.540000915527344,54.540000915527344,54.56999969482422,54.4900016784668,54.4900016784668,920.0
2024-10-25 10:49:00+00:00,AXTI,2.6700000762939453,2.6700000762939453,2.6700000762939453,2.6700000762939453,2.6700000762939453,426.0
2024-10-25 10:49:00+00:00,BAND,17.790000915527344,17.790000915527344,17.790000915527344,17.790000915527344,17.790000915527344,962.0
2024-10-25 10:49:00+00:00,BIGC,5.360000133514404,5.360000133514404,5.360000133514404,5.355000019073486,5.355000019073486,1755.0
2024-10-25 10:49:00+00:00,BLKB,86.2699966430664,86.2699966430664,86.27999877929688,86.2699966430664,86.27999877929688,889.0
2024-10-25 10:49:00+00:00,BMBL,7.28000020980835,7.28000020980835,7.28000020980835,7.28000020980835,7.28000020980835,1361.0
2024-10-25 10:49:00+00:00,BRZE,31.0,31.0,31.0,30.950000762939453,30.950000762939453,2715.0
2024-10-25 10:49:00+00:00,BSY,49.45500183105469,49.45500183105469,49.45500183105469,49.43000030517578,49.43000030517578,863.0
2024-10-25 10:49:00+00:00,CAMT,78.47000122070312,78.47000122070312,78.47000122070312,78.47000122070312,78.47000122070312,1887.0
2024-10-25 10:49:00+00:00,CAN,0.9955999851226807,0.9955999851226807,0.9955999851226807,0.9955999851226807,0.9955999851226807,524.0
2024-10-25 10:49:00+00:00,CCSI,20.670000076293945,20.670000076293945,20.670000076293945,20.670000076293945,20.670000076293945,541.0
2024-10-25 10:49:00+00:00,CDNS,258.88629150390625,258.88629150390625,258.9324951171875,258.8299865722656,258.9100036621094,4700.0
2024-10-25 10:49:00+00:00,CDW,219.27000427246094,219.27000427246094,219.27000427246094,219.27000427246094,219.27000427246094,874.0
2024-10-25 10:49:00+00:00,CETX,0.29670000076293945,0.29670000076293945,0.29670000076293945,0.29670000076293945,0.29670000076293945,1100.0
2024-10-25 10:49:00+00:00,CEVA,24.2450008392334,24.2450008392334,24.25,24.2450008392334,24.25,1092.0
2024-10-25 10:49:00+00:00,CFLT,22.5049991607666,22.5049991607666,22.5049991607666,22.469999313354492,22.469999313354492,2943.0
2024-10-25 10:49:00+00:00,CGNX,39.13999938964844,39.13999938964844,39.15999984741211,39.11000061035156,39.15999984741211,8859.0
2024-10-25 10:49:00+00:00,CLBT,18.170000076293945,18.170000076293945,18.18000030517578,18.170000076293945,18.170000076293945,1902.0
2024-10-25 10:49:00+00:00,CLSK,12.069999694824219,12.069999694824219,12.069999694824219,11.989999771118164,12.0,128225.0
2024-10-25 10:49:00+00:00,CNDT,3.694999933242798,3.694999933242798,3.694999933242798,3.694999933242798,3.694999933242798,211.0
2024-10-25 10:49:00+00:00,CNXC,45.06999969482422,45.06999969482422,45.09000015258789,45.06999969482422,45.09000015258789,2278.0
2024-10-25 10:49:00+00:00,COHR,96.0,96.0,96.04000091552734,95.94000244140625,96.0,4155.0
2024-10-25 10:49:00+00:00,COIN,211.44729614257812,211.44729614257812,211.52000427246094,210.52999877929688,210.72000122070312,27879.0
2024-10-25 10:49:00+00:00,COMM,6.434999942779541,6.434999942779541,6.440000057220459,6.434000015258789,6.434000015258789,7044.0
2024-10-25 10:49:00+00:00,CORZ,13.464799880981445,13.464799880981445,13.464799880981445,13.420000076293945,13.420000076293945,3177.0
2024-10-25 10:49:00+00:00,CORZW,7.900100231170654,7.900100231170654,7.900100231170654,7.900100231170654,7.900100231170654,589.0
2024-10-25 10:49:00+00:00,CRCT,6.539999961853027,6.539999961853027,6.539999961853027,6.539999961853027,6.539999961853027,315.0
2024-10-25 10:49:00+00:00,CRDO,39.33000183105469,39.33000183105469,39.33000183105469,39.27000045776367,39.290000915527344,1802.0
2024-10-25 10:49:00+00:00,CRNC,2.875,2.875,2.875,2.8450000286102295,2.8450000286102295,8102.0
2024-10-25 10:49:00+00:00,CRSR,6.449999809265137,6.449999809265137,6.449999809265137,6.445000171661377,6.449999809265137,789.0
2024-10-25 10:49:00+00:00,CRUS,122.51000213623047,122.51000213623047,122.58999633789062,122.5,122.58999633789062,2104.0
2024-10-25 10:49:00+00:00,CRWD,310.2149963378906,310.2149963378906,310.2149963378906,309.989990234375,310.07000732421875,3758.0
2024-10-25 10:49:00+00:00,CSCO,56.224998474121094,56.224998474121094,56.25,56.220001220703125,56.25,16773.0
2024-10-25 10:49:00+00:00,CSGS,47.83000183105469,47.83000183105469,47.83000183105469,47.83000183105469,47.83000183105469,255.0
2024-10-25 10:49:00+00:00,CSIQ,13.419899940490723,13.419899940490723,13.419899940490723,13.369999885559082,13.369999885559082,3441.0
2024-10-25 10:49:00+00:00,CTLP,9.100000381469727,9.100000381469727,9.109999656677246,9.100000381469727,9.109999656677246,1548.0
2024-10-25 10:49:00+00:00,CTSH,75.09500122070312,75.09500122070312,75.09500122070312,75.05999755859375,75.08000183105469,3537.0
2024-10-25 10:49:00+00:00,CVLT,134.39999389648438,134.39999389648438,134.39999389648438,134.27999877929688,134.27999877929688,1623.0
2024-10-25 10:49:00+00:00,CYBR,295.3800048828125,295.3800048828125,295.3800048828125,295.3800048828125,295.3800048828125,824.0
2024-10-25 10:49:00+00:00,DBX,26.110000610351562,26.110000610351562,26.110000610351562,26.104999542236328,26.110000610351562,5582.0
2024-10-25 10:49:00+00:00,DCBO,46.13999938964844,46.13999938964844,46.150001525878906,46.13999938964844,46.150001525878906,243.0
2024-10-25 10:49:00+00:00,DDOG,127.19999694824219,127.19999694824219,127.19999694824219,126.98500061035156,127.04499816894531,9080.0
2024-10-25 10:49:00+00:00,DLO,8.84000015258789,8.84000015258789,8.84000015258789,8.84000015258789,8.84000015258789,268.0
2024-10-25 10:49:00+00:00,DMRC,31.211999893188477,31.211999893188477,31.211999893188477,31.211999893188477,31.211999893188477,115.0
2024-10-25 10:49:00+00:00,DOCU,70.63999938964844,70.63999938964844,70.63999938964844,70.55999755859375,70.56999969482422,4509.0
2024-10-25 10:49:00+00:00,DUOL,288.6499938964844,288.6499938964844,289.6199951171875,288.3136901855469,289.0400085449219,12172.0
2024-10-25 10:49:00+00:00,EEFT,101.9800033569336,101.9800033569336,102.0199966430664,101.9800033569336,102.0199966430664,883.0
2024-10-25 10:49:00+00:00,ENPH,81.95999908447266,81.95999908447266,81.95999908447266,81.5,81.58999633789062,15615.0
2024-10-25 10:49:00+00:00,ENTG,104.95999908447266,104.95999908447266,104.95999908447266,104.74500274658203,104.77999877929688,3069.0
2024-10-25 10:49:00+00:00,ERIC,8.515000343322754,8.515000343322754,8.515000343322754,8.510000228881836,8.510000228881836,22429.0
2024-10-25 10:49:00+00:00,EVCM,10.619999885559082,10.619999885559082,10.619999885559082,10.619999885559082,10.619999885559082,400.0
2024-10-25 10:49:00+00:00,EXFY,1.715000033378601,1.715000033378601,1.7200000286102295,1.715000033378601,1.7200000286102295,1383.0
2024-10-25 10:49:00+00:00,EXLS,39.1150016784668,39.1150016784668,39.1150016784668,39.1150016784668,39.1150016784668,355.0
2024-10-25 10:49:00+00:00,EXTR,14.550000190734863,14.550000190734863,14.550000190734863,14.550000190734863,14.550000190734863,766.0
2024-10-25 10:49:00+00:00,FEIM,12.274999618530273,12.274999618530273,12.279999732971191,12.210000038146973,12.279999732971191,1336.0
2024-10-25 10:49:00+00:00,FFIV,216.17999267578125,216.17999267578125,216.2100067138672,216.17999267578125,216.2100067138672,1405.0
2024-10-25 10:49:00+00:00,FIVN,30.579999923706055,30.579999923706055,30.579999923706055,30.549999237060547,30.549999237060547,4383.0
2024-10-25 10:49:00+00:00,FLEX,35.47999954223633,35.47999954223633,35.47999954223633,35.439998626708984,35.439998626708984,6098.0
2024-10-25 10:49:00+00:00,FLYW,17.594999313354492,17.594999313354492,17.594999313354492,17.59000015258789,17.59000015258789,599.0
2024-10-25 10:49:00+00:00,FROG,29.399999618530273,29.399999618530273,29.43000030517578,29.399999618530273,29.43000030517578,931.0
2024-10-25 10:49:00+00:00,FRSH,11.729999542236328,11.729999542236328,11.734999656677246,11.729999542236328,11.729999542236328,48256.0
2024-10-25 10:49:00+00:00,FSLR,198.35000610351562,198.35000610351562,198.3699951171875,197.77000427246094,197.85000610351562,4783.0
2024-10-25 10:49:00+00:00,FTNT,81.625,81.625,81.6500015258789,81.58999633789062,81.61499786376953,4730.0
2024-10-25 10:49:00+00:00,GCT,25.360000610351562,25.360000610351562,25.40999984741211,25.360000610351562,25.40999984741211,8316.0
2024-10-25 10:49:00+00:00,GDS,21.70680046081543,21.70680046081543,21.70680046081543,21.70680046081543,21.70680046081543,2913.0
2024-10-25 10:49:00+00:00,GDYN,15.649999618530273,15.649999618530273,15.6850004196167,15.630000114440918,15.6850004196167,21558.0
2024-10-25 10:49:00+00:00,GFS,41.130001068115234,41.130001068115234,41.130001068115234,41.09000015258789,41.130001068115234,2793.0
2024-10-25 10:49:00+00:00,GPRO,1.340000033378601,1.340000033378601,1.340000033378601,1.3350000381469727,1.3350000381469727,502.0
2024-10-25 10:49:00+00:00,GRAB,4.079999923706055,4.079999923706055,4.079999923706055,4.074999809265137,4.074999809265137,62412.0
2024-10-25 10:49:00+00:00,GRRR,4.579999923706055,4.579999923706055,4.579999923706055,4.579999923706055,4.579999923706055,586.0
2024-10-25 10:49:00+00:00,GSIT,3.2699999809265137,3.2699999809265137,3.2699999809265137,3.255000114440918,3.255000114440918,5600.0
2024-10-25 10:49:00+00:00,GTLB,55.817298889160156,55.817298889160156,55.817298889160156,55.65999984741211,55.68000030517578,5763.0
2024-10-25 10:49:00+00:00,HCP,33.68000030517578,33.68000030517578,33.68000030517578,33.67499923706055,33.67499923706055,1616.0
2024-10-25 10:49:00+00:00,HIMX,6.195000171661377,6.195000171661377,6.195000171661377,6.195000171661377,6.195000171661377,400.0
2024-10-25 10:49:00+00:00,HLIT,14.800000190734863,14.800000190734863,14.800000190734863,14.800000190734863,14.800000190734863,353.0
2024-10-25 10:49:00+00:00,HOLO,3.728300094604492,3.728300094604492,3.7320001125335693,3.720099925994873,3.7300000190734863,6057.0
2024-10-25 10:49:00+00:00,HOOD,27.440000534057617,27.440000534057617,27.440000534057617,27.344999313354492,27.350000381469727,16673.0
2024-10-25 10:49:00+00:00,HTCR,1.0700000524520874,1.0700000524520874,1.0709999799728394,1.0700000524520874,1.0709999799728394,143.0
2024-10-25 10:49:00+00:00,III,3.049999952316284,3.049999952316284,3.049999952316284,3.049999952316284,3.049999952316284,1049.0
2024-10-25 10:49:00+00:00,IMMR,8.805000305175781,8.805000305175781,8.8100004196167,8.800000190734863,8.800000190734863,1561.0
2024-10-25 10:49:00+00:00,IMTE,1.6399999856948853,1.6399999856948853,1.6399999856948853,1.6399999856948853,1.6399999856948853,154.0
2024-10-25 10:49:00+00:00,IMXI,17.760000228881836,17.760000228881836,17.760000228881836,17.760000228881836,17.760000228881836,230.0
2024-10-25 10:49:00+00:00,INDI,3.5850000381469727,3.5850000381469727,3.5899999141693115,3.575000047683716,3.575000047683716,5658.0
2024-10-25 10:49:00+00:00,INFN,6.78000020980835,6.78000020980835,6.78000020980835,6.78000020980835,6.78000020980835,200.0
2024-10-25 10:49:00+00:00,INOD,19.851999282836914,19.851999282836914,19.851999282836914,19.851999282836914,19.851999282836914,424.0
2024-10-25 10:49:00+00:00,INTC,23.097400665283203,23.097400665283203,23.134000778198242,23.079999923706055,23.134000778198242,404578.0
2024-10-25 10:49:00+00:00,INTU,613.0800170898438,613.0800170898438,613.0800170898438,612.4500122070312,613.0,6387.0
2024-10-25 10:49:00+00:00,IPGP,77.11000061035156,77.11000061035156,77.1500015258789,77.11000061035156,77.1500015258789,4180.0
2024-10-25 10:49:00+00:00,JAMF,16.8700008392334,16.8700008392334,16.8700008392334,16.855199813842773,16.8700008392334,1994.0
2024-10-25 10:49:00+00:00,JKHY,185.25999450683594,185.25999450683594,185.25999450683594,185.17999267578125,185.22999572753906,1631.0
2024-10-25 10:49:00+00:00,KC,2.7300000190734863,2.7300000190734863,2.734999895095825,2.7300000190734863,2.73009991645813,509.0
2024-10-25 10:49:00+00:00,KLAC,677.5,677.5,677.5,677.5,677.5,1386.0
2024-10-25 10:49:00+00:00,KLIC,44.39500045776367,44.39500045776367,44.459999084472656,44.380001068115234,44.400001525878906,1404.0
2024-10-25 10:49:00+00:00,KLTR,1.340000033378601,1.340000033378601,1.340000033378601,1.340000033378601,1.340000033378601,218.0
2024-10-25 10:49:00+00:00,KOPN,0.7577999830245972,0.7577999830245972,0.7577999830245972,0.7551000118255615,0.7551000118255615,1174.0
2024-10-25 10:49:00+00:00,LASR,10.5,10.5,10.5,10.5,10.5,235.0
2024-10-25 10:49:00+00:00,LINK,4.468299865722656,4.468299865722656,4.46999979019165,4.468299865722656,4.46999979019165,4403.0
2024-10-25 10:49:00+00:00,LITE,64.37000274658203,64.37000274658203,64.38500213623047,64.20999908447266,64.31999969482422,8026.0
2024-10-25 10:49:00+00:00,LOGI,81.05999755859375,81.05999755859375,81.05999755859375,81.04000091552734,81.04000091552734,1201.0
2024-10-25 10:49:00+00:00,LRCX,78.69000244140625,78.69000244140625,78.82990264892578,78.66000366210938,78.81500244140625,41955.0
2024-10-25 10:49:00+00:00,LSCC,54.28499984741211,54.28499984741211,54.31999969482422,54.26499938964844,54.31999969482422,2427.0
2024-10-25 10:49:00+00:00,LTRX,4.005000114440918,4.005000114440918,4.005000114440918,4.005000114440918,4.005000114440918,106.0
2024-10-25 10:49:00+00:00,LYFT,13.774999618530273,13.774999618530273,13.779999732971191,13.71500015258789,13.71500015258789,36152.0
2024-10-25 10:49:00+00:00,LYT,2.0239999294281006,2.0239999294281006,2.0239999294281006,1.9800000190734863,1.9800000190734863,31.0
2024-10-25 10:49:00+00:00,MAPS,0.8518000245094299,0.8518000245094299,0.8547999858856201,0.8518000245094299,0.8547999858856201,614.0
2024-10-25 10:49:00+00:00,MAXN,5.559999942779541,5.559999942779541,5.559999942779541,5.519000053405762,5.519000053405762,426.0
2024-10-25 10:49:00+00:00,MCHP,76.88999938964844,76.88999938964844,76.91999816894531,76.8499984741211,76.91999816894531,7791.0
2024-10-25 10:49:00+00:00,MDB,268.81500244140625,268.81500244140625,268.8500061035156,268.3599853515625,268.6099853515625,4094.0
2024-10-25 10:49:00+00:00,MITK,8.800000190734863,8.800000190734863,8.800000190734863,8.800000190734863,8.800000190734863,324.0
2024-10-25 10:49:00+00:00,MKSI,100.44000244140625,100.44000244140625,100.6050033569336,100.37999725341797,100.6050033569336,3079.0
2024-10-25 10:49:00+00:00,MNDY,299.95001220703125,299.95001220703125,300.1300048828125,299.95001220703125,300.1300048828125,1121.0
2024-10-25 10:49:00+00:00,MQ,5.329999923706055,5.329999923706055,5.329999923706055,5.320000171661377,5.320000171661377,5717.0
2024-10-25 10:49:00+00:00,MRAM,6.21999979019165,6.21999979019165,6.227499961853027,6.21999979019165,6.227499961853027,350.0
2024-10-25 10:49:00+00:00,MRVL,82.88999938964844,82.88999938964844,82.9000015258789,82.81340026855469,82.9000015258789,32198.0
2024-10-25 10:49:00+00:00,MSFT,430.5,430.5,430.6300048828125,430.2900085449219,430.6300048828125,38820.0
2024-10-25 10:49:00+00:00,MSTR,241.58999633789062,241.58999633789062,241.60000610351562,240.1800994873047,240.27999877929688,37232.0
2024-10-25 10:49:00+00:00,MTC,0.37380000948905945,0.37380000948905945,0.37380000948905945,0.3716999888420105,0.3716999888420105,4070.0
2024-10-25 10:49:00+00:00,MTSI,119.55999755859375,119.55999755859375,119.55999755859375,119.55999755859375,119.55999755859375,1501.0
2024-10-25 10:49:00+00:00,MTTR,4.65500020980835,4.65500020980835,4.65500020980835,4.65500020980835,4.65500020980835,2350.0
2024-10-25 10:49:00+00:00,MU,109.19969940185547,109.19969940185547,109.19969940185547,109.05999755859375,109.13999938964844,35696.0
2024-10-25 10:49:00+00:00,MVIS,1.1050000190734863,1.1050000190734863,1.1100000143051147,1.1050000190734863,1.1100000143051147,300.0
2024-10-25 10:49:00+00:00,MXL,15.220000267028809,15.220000267028809,15.229999542236328,15.210000038146973,15.210000038146973,856.0
2024-10-25 10:49:00+00:00,NCNO,38.279998779296875,38.279998779296875,38.33000183105469,38.279998779296875,38.31999969482422,7171.0
2024-10-25 10:49:00+00:00,NICE,176.79449462890625,176.79449462890625,176.79449462890625,176.6999969482422,176.6999969482422,493.0
2024-10-25 10:49:00+00:00,NNDM,2.3447000980377197,2.3447000980377197,2.349299907684326,2.3399999141693115,2.3399999141693115,3226.0
2024-10-25 10:49:00+00:00,NTAP,120.37000274658203,120.37000274658203,120.44000244140625,120.37000274658203,120.44000244140625,1320.0
2024-10-25 10:49:00+00:00,NTGR,20.389999389648438,20.389999389648438,20.389999389648438,20.389999389648438,20.389999389648438,511.0
2024-10-25 10:49:00+00:00,NTNX,62.630001068115234,62.630001068115234,62.630001068115234,62.630001068115234,62.630001068115234,618.0
2024-10-25 10:49:00+00:00,NVDA,143.25,143.25,143.3000030517578,143.02000427246094,143.1999969482422,566707.0
2024-10-25 10:49:00+00:00,NVTS,2.5940001010894775,2.5940001010894775,2.5999999046325684,2.5940001010894775,2.5945000648498535,2766.0
2024-10-25 10:49:00+00:00,NXPI,243.99000549316406,243.99000549316406,244.1699981689453,243.83999633789062,244.1699981689453,20932.0
2024-10-25 10:49:00+00:00,OKTA,72.73500061035156,72.73500061035156,72.75,72.73500061035156,72.75,1464.0
2024-10-25 10:49:00+00:00,OLED,203.14999389648438,203.14999389648438,203.14999389648438,203.14999389648438,203.14999389648438,2222.0
2024-10-25 10:49:00+00:00,ON,71.4800033569336,71.4800033569336,71.52999877929688,71.41000366210938,71.52999877929688,22737.0
2024-10-25 10:49:00+00:00,PANW,371.2799987792969,371.2799987792969,371.4200134277344,371.2799987792969,371.32000732421875,2153.0
2024-10-25 10:49:00+00:00,PAYO,8.3149995803833,8.3149995803833,8.3149995803833,8.3149995803833,8.3149995803833,388.0
2024-10-25 10:49:00+00:00,PAYS,3.75,3.75,3.75,3.75,3.75,185.0
2024-10-25 10:49:00+00:00,PDFS,29.399999618530273,29.399999618530273,29.40999984741211,29.399999618530273,29.40999984741211,1065.0
2024-10-25 10:49:00+00:00,PEGA,81.05500030517578,81.05500030517578,81.05500030517578,81.04499816894531,81.04499816894531,1730.0
2024-10-25 10:49:00+00:00,PGY,11.6899995803833,11.6899995803833,11.710000038146973,11.649999618530273,11.710000038146973,22217.0
2024-10-25 10:49:00+00:00,PGYWW,0.1680999994277954,0.1680999994277954,0.1680999994277954,0.1680999994277954,0.1680999994277954,0.0
2024-10-25 10:49:00+00:00,PHUN,9.750200271606445,9.750200271606445,9.770000457763672,9.680100440979004,9.699999809265137,46428.0
2024-10-25 10:49:00+00:00,PI,201.375,201.375,201.53500366210938,200.57000732421875,200.57000732421875,6328.0
2024-10-25 10:49:00+00:00,PLAB,23.639999389648438,23.639999389648438,23.639999389648438,23.6200008392334,23.6200008392334,1180.0
2024-10-25 10:49:00+00:00,PLXS,142.9324951171875,142.9324951171875,142.97500610351562,142.7100067138672,142.7100067138672,3956.0
2024-10-25 10:49:00+00:00,PTC,186.4375,186.4375,186.47000122070312,186.25,186.25,2483.0
2024-10-25 10:49:00+00:00,PUBM,15.114999771118164,15.114999771118164,15.114999771118164,15.114999771118164,15.114999771118164,571.0
2024-10-25 10:49:00+00:00,PXLW,0.7515000104904175,0.7515000104904175,0.7515000104904175,0.7515000104904175,0.7515000104904175,7606.0
2024-10-25 10:49:00+00:00,QCOM,172.06500244140625,172.06500244140625,172.1199951171875,171.95460510253906,172.1199951171875,20752.0
2024-10-25 10:49:00+00:00,QMCO,5.354300022125244,5.354300022125244,5.354300022125244,5.354300022125244,5.354300022125244,108.0
2024-10-25 10:49:00+00:00,QRVO,99.87999725341797,99.87999725341797,99.9000015258789,99.80000305175781,99.88500213623047,12561.0
2024-10-25 10:49:00+00:00,QUBT,1.125100016593933,1.125100016593933,1.12909996509552,1.125,1.12909996509552,1232.0
2024-10-25 10:49:00+00:00,REKR,1.100000023841858,1.100000023841858,1.100000023841858,1.100000023841858,1.100000023841858,1820.0
2024-10-25 10:49:00+00:00,RELY,14.760000228881836,14.760000228881836,14.760000228881836,14.760000228881836,14.760000228881836,1037.0
2024-10-25 10:49:00+00:00,RGTI,1.2799999713897705,1.2799999713897705,1.2799999713897705,1.2699999809265137,1.2699999809265137,2032.0
2024-10-25 10:49:00+00:00,RIOT,10.140000343322754,10.140000343322754,10.140000343322754,10.069999694824219,10.074999809265137,79578.0
2024-10-25 10:49:00+00:00,RMBS,42.84000015258789,42.84000015258789,42.869998931884766,42.84000015258789,42.869998931884766,3452.0
2024-10-25 10:49:00+00:00,RUM,5.78000020980835,5.78000020980835,5.78000020980835,5.760000228881836,5.78000020980835,11465.0
2024-10-25 10:49:00+00:00,RUN,14.364999771118164,14.364999771118164,14.364999771118164,14.265000343322754,14.274999618530273,51355.0
2024-10-25 10:49:00+00:00,SANM,67.8499984741211,67.8499984741211,67.8499984741211,67.81999969482422,67.81999969482422,1131.0
2024-10-25 10:49:00+00:00,SATS,25.395000457763672,25.395000457763672,25.395000457763672,25.395000457763672,25.395000457763672,156.0
2024-10-25 10:49:00+00:00,SEDG,15.694999694824219,15.694999694824219,15.699999809265137,15.600000381469727,15.600000381469727,18716.0
2024-10-25 10:49:00+00:00,SHLS,5.204999923706055,5.204999923706055,5.204999923706055,5.184999942779541,5.184999942779541,4795.0
2024-10-25 10:49:00+00:00,SKYT,10.489999771118164,10.489999771118164,10.489999771118164,10.460000038146973,10.460000038146973,521.0
2024-10-25 10:49:00+00:00,SLNHP,12.65999984741211,12.65999984741211,12.65999984741211,12.65999984741211,12.65999984741211,107.0
2024-10-25 10:49:00+00:00,SMCI,47.790000915527344,47.790000915527344,47.810001373291016,47.70000076293945,47.75510025024414,58890.0
2024-10-25 10:49:00+00:00,SMTC,45.41999816894531,45.41999816894531,45.47999954223633,45.41999816894531,45.47999954223633,1380.0
2024-10-25 10:49:00+00:00,SNPS,504.5299987792969,504.5299987792969,504.6000061035156,504.31500244140625,504.6000061035156,3101.0
2024-10-25 10:49:00+00:00,SONO,12.8100004196167,12.8100004196167,12.819999694824219,12.8100004196167,12.819999694824219,3861.0
2024-10-25 10:49:00+00:00,SOUN,5.271999835968018,5.271999835968018,5.28000020980835,5.260000228881836,5.275000095367432,77945.0
2024-10-25 10:49:00+00:00,SPSC,180.22500610351562,180.22500610351562,180.22500610351562,180.22500610351562,180.22500610351562,1575.0
2024-10-25 10:49:00+00:00,SRAD,12.369999885559082,12.369999885559082,12.369999885559082,12.369999885559082,12.369999885559082,1033.0
2024-10-25 10:49:00+00:00,SSNC,69.74400329589844,69.74400329589844,69.76799774169922,69.69000244140625,69.69499969482422,14544.0
2024-10-25 10:49:00+00:00,SSTI,11.59000015258789,11.59000015258789,11.59000015258789,11.59000015258789,11.59000015258789,0.0
2024-10-25 10:49:00+00:00,SSYS,7.1296000480651855,7.1296000480651855,7.1296000480651855,7.1296000480651855,7.1296000480651855,2288.0
2024-10-25 10:49:00+00:00,STNE,11.550000190734863,11.550000190734863,11.550000190734863,11.529999732971191,11.53499984741211,13125.0
2024-10-25 10:49:00+00:00,STX,104.8550033569336,104.8550033569336,104.9000015258789,104.8010025024414,104.9000015258789,7066.0
2024-10-25 10:49:00+00:00,SVRE,0.08229999989271164,0.08229999989271164,0.08229999989271164,0.0820000022649765,0.0820000022649765,29178.0
2024-10-25 10:49:00+00:00,SWKS,95.8949966430664,95.8949966430664,95.8949966430664,95.76000213623047,95.86000061035156,3984.0
2024-10-25 10:49:00+00:00,SWVL,3.200000047683716,3.200000047683716,3.440000057220459,3.200000047683716,3.440000057220459,10420.0
2024-10-25 10:49:00+00:00,SYNA,73.13999938964844,73.13999938964844,73.13999938964844,73.13999938964844,73.13999938964844,1163.0
2024-10-25 10:49:00+00:00,SYTA,1.2599999904632568,1.2599999904632568,1.2699999809265137,1.2599999904632568,1.2599999904632568,19520.0
2024-10-25 10:49:00+00:00,TAIT,2.805000066757202,2.805000066757202,2.805000066757202,2.805000066757202,2.805000066757202,3753.0
2024-10-25 10:49:00+00:00,TASK,11.994999885559082,11.994999885559082,11.994999885559082,11.994999885559082,11.994999885559082,259.0
2024-10-25 10:49:00+00:00,TEAM,190.5850067138672,190.5850067138672,190.86000061035156,190.5,190.5,5884.0
2024-10-25 10:49:00+00:00,TENB,41.619998931884766,41.619998931884766,41.630001068115234,41.5,41.5,45627.0
2024-10-25 10:49:00+00:00,TER,112.84750366210938,112.84750366210938,112.84750366210938,112.66999816894531,112.73999786376953,10521.0
2024-10-25 10:49:00+00:00,TLS,3.619999885559082,3.619999885559082,3.619999885559082,3.619999885559082,3.619999885559082,816.0
2024-10-25 10:49:00+00:00,TRMB,61.095001220703125,61.095001220703125,61.099998474121094,61.08000183105469,61.08000183105469,1052.0
2024-10-25 10:49:00+00:00,TSEM,45.0,45.0,45.0,45.0,45.0,551.0
2024-10-25 10:49:00+00:00,TTD,120.33999633789062,120.33999633789062,120.33999633789062,120.1500015258789,120.16999816894531,13525.0
2024-10-25 10:49:00+00:00,TTMI,19.6299991607666,19.6299991607666,19.639999389648438,19.6299991607666,19.6299991607666,550.0
2024-10-25 10:49:00+00:00,TWKS,4.454999923706055,4.454999923706055,4.454999923706055,4.449999809265137,4.449999809265137,920.0
2024-10-25 10:49:00+00:00,TXN,208.9499969482422,208.9499969482422,208.9499969482422,208.89999389648438,208.94000244140625,6177.0
2024-10-25 10:49:00+00:00,UCTT,35.90999984741211,35.90999984741211,35.90999984741211,35.90999984741211,35.90999984741211,666.0
2024-10-25 10:49:00+00:00,UEIC,8.1850004196167,8.1850004196167,8.1850004196167,8.1850004196167,8.1850004196167,801.0
2024-10-25 10:49:00+00:00,VECO,29.469999313354492,29.469999313354492,29.469999313354492,29.469999313354492,29.469999313354492,2695.0
2024-10-25 10:49:00+00:00,VERI,3.4800000190734863,3.4800000190734863,3.4800000190734863,3.4800000190734863,3.4800000190734863,0.0
2024-10-25 10:49:00+00:00,VERX,42.40999984741211,42.40999984741211,42.40999984741211,42.380001068115234,42.380001068115234,746.0
2024-10-25 10:49:00+00:00,VIAV,9.21500015258789,9.21500015258789,9.21500015258789,9.21500015258789,9.21500015258789,344.0
2024-10-25 10:49:00+00:00,VMEO,4.760000228881836,4.760000228881836,4.769999980926514,4.760000228881836,4.769999980926514,8744.0
2024-10-25 10:49:00+00:00,VNET,3.450000047683716,3.450000047683716,3.450000047683716,3.450000047683716,3.450000047683716,200.0
2024-10-25 10:49:00+00:00,VRNS,56.95000076293945,56.95000076293945,56.95000076293945,56.92499923706055,56.93000030517578,1043.0
2024-10-25 10:49:00+00:00,VRNT,22.309999465942383,22.309999465942383,22.309999465942383,22.309999465942383,22.309999465942383,936.0
2024-10-25 10:49:00+00:00,VRSN,187.27499389648438,187.27499389648438,187.27499389648438,187.27499389648438,187.27499389648438,545.0
2024-10-25 10:49:00+00:00,VSAT,10.279999732971191,10.279999732971191,10.279999732971191,10.279999732971191,10.279999732971191,431.0
2024-10-25 10:49:00+00:00,VVPR,0.7900000214576721,0.7900000214576721,0.7900000214576721,0.7900000214576721,0.7900000214576721,600.0
2024-10-25 10:49:00+00:00,WDAY,241.14500427246094,241.14500427246094,241.2100067138672,240.89999389648438,241.0399932861328,5971.0
2024-10-25 10:49:00+00:00,WDC,72.74929809570312,72.74929809570312,72.74929809570312,72.51000213623047,72.5199966430664,32395.0
2024-10-25 10:49:00+00:00,WISA,1.8250000476837158,1.8250000476837158,1.8250000476837158,1.8200000524520874,1.8200000524520874,1691.0
2024-10-25 10:49:00+00:00,WIX,165.44000244140625,165.44000244140625,165.55499267578125,165.4199981689453,165.55499267578125,1557.0
2024-10-25 10:49:00+00:00,WRAP,1.840000033378601,1.840000033378601,1.840000033378601,1.840000033378601,1.840000033378601,308.0
2024-10-25 10:49:00+00:00,XPER,9.4399995803833,9.4399995803833,9.4399995803833,9.425000190734863,9.425000190734863,1275.0
2024-10-25 10:49:00+00:00,XRX,10.1899995803833,10.1899995803833,10.1899995803833,10.1850004196167,10.1899995803833,1777.0
2024-10-25 10:49:00+00:00,ZBRA,364.0400085449219,364.0400085449219,364.0400085449219,363.8599853515625,363.9800109863281,2051.0
2024-10-25 10:49:00+00:00,ZI,10.550000190734863,10.550000190734863,10.550700187683105,10.550000190734863,10.550700187683105,2755.0
2024-10-25 10:49:00+00:00,ZM,73.36499786376953,73.36499786376953,73.36499786376953,73.27999877929688,73.27999877929688,2701.0
2024-10-25 10:49:00+00:00,ZS,187.11500549316406,187.11500549316406,187.13999938964844,187.02999877929688,187.13499450683594,2185.0
2024-10-25 10:50:00+00:00,AAOI,18.263599395751953,18.263599395751953,18.263599395751953,18.200000762939453,18.200000762939453,3000.0
2024-10-25 10:50:00+00:00,AAPL,232.6092071533203,232.6092071533203,232.6199951171875,232.4134063720703,232.4134063720703,65801.0
2024-10-25 10:50:00+00:00,ACIW,49.40999984741211,49.40999984741211,49.40999984741211,49.38999938964844,49.40299987792969,2470.0
2024-10-25 10:50:00+00:00,ACLS,90.95999908447266,90.95999908447266,90.95999908447266,90.95999908447266,90.95999908447266,302.0
2024-10-25 10:50:00+00:00,ACMR,19.799999237060547,19.799999237060547,19.799999237060547,19.799999237060547,19.799999237060547,1587.0
2024-10-25 10:50:00+00:00,ADI,233.40499877929688,233.40499877929688,233.4499969482422,233.36000061035156,233.36000061035156,1477.0
2024-10-25 10:50:00+00:00,ADSK,288.5799865722656,288.5799865722656,288.6199951171875,288.5799865722656,288.5899963378906,843.0
2024-10-25 10:50:00+00:00,ADTN,6.380899906158447,6.380899906158447,6.380899906158447,6.380899906158447,6.380899906158447,665.0
2024-10-25 10:50:00+00:00,AEYE,23.065000534057617,23.065000534057617,23.065000534057617,23.065000534057617,23.065000534057617,684.0
2024-10-25 10:50:00+00:00,AFRM,41.91400146484375,41.91400146484375,41.959999084472656,41.84000015258789,41.84000015258789,26723.0
2024-10-25 10:50:00+00:00,AGYS,112.16999816894531,112.16999816894531,112.16999816894531,112.16999816894531,112.16999816894531,166.0
2024-10-25 10:50:00+00:00,AIP,6.949999809265137,6.949999809265137,6.949999809265137,6.949999809265137,6.949999809265137,283.0
2024-10-25 10:50:00+00:00,AKTS,0.05849999934434891,0.05849999934434891,0.05979999899864197,0.05849999934434891,0.05979999899864197,54018.0
2024-10-25 10:50:00+00:00,ALGM,22.459999084472656,22.459999084472656,22.469999313354492,22.43000030517578,22.43000030517578,4857.0
2024-10-25 10:50:00+00:00,ALTR,105.94499969482422,105.94499969482422,105.9625015258789,105.94499969482422,105.95249938964844,724.0
2024-10-25 10:50:00+00:00,AMAT,188.17999267578125,188.17999267578125,188.28500366210938,188.0850067138672,188.0850067138672,6323.0
2024-10-25 10:50:00+00:00,AMD,157.3939971923828,157.3939971923828,157.468505859375,157.2415008544922,157.2899932861328,61581.0
2024-10-25 10:50:00+00:00,AMKR,29.969999313354492,29.969999313354492,29.969999313354492,29.959999084472656,29.959999084472656,1676.0
2024-10-25 10:50:00+00:00,AMST,2.979599952697754,2.979599952697754,2.979599952697754,2.979599952697754,2.979599952697754,1230.0
2024-10-25 10:50:00+00:00,ANSS,327.1199951171875,327.1199951171875,327.1199951171875,327.07000732421875,327.07000732421875,394.0
2024-10-25 10:50:00+00:00,API,2.7950000762939453,2.7950000762939453,2.7950000762939453,2.7899999618530273,2.7899999618530273,3690.0
2024-10-25 10:50:00+00:00,APP,163.2899932861328,163.2899932861328,163.44090270996094,162.9149932861328,163.00999450683594,6466.0
2024-10-25 10:50:00+00:00,APPN,32.314998626708984,32.314998626708984,32.314998626708984,32.29999923706055,32.29999923706055,576.0
2024-10-25 10:50:00+00:00,APPS,3.110100030899048,3.110100030899048,3.115000009536743,3.1040000915527344,3.1040000915527344,3568.0
2024-10-25 10:50:00+00:00,ARRY,6.380000114440918,6.380000114440918,6.388899803161621,6.375,6.378499984741211,10360.0
2024-10-25 10:50:00+00:00,ASML,719.8599853515625,719.8599853515625,720.47998046875,719.8599853515625,720.47998046875,2936.0
2024-10-25 10:50:00+00:00,ASTI,2.7200000286102295,2.7200000286102295,2.7200000286102295,2.7200000286102295,2.7200000286102295,443.0
2024-10-25 10:50:00+00:00,ASUR,9.734999656677246,9.734999656677246,9.734999656677246,9.734999656677246,9.734999656677246,547.0
2024-10-25 10:50:00+00:00,AUR,6.450300216674805,6.450300216674805,6.465000152587891,6.449999809265137,6.449999809265137,7995.0
2024-10-25 10:50:00+00:00,AVDX,8.199999809265137,8.199999809265137,8.199999809265137,8.199999809265137,8.199999809265137,32749.0
2024-10-25 10:50:00+00:00,AVGO,175.39999389648438,175.39999389648438,175.39999389648438,175.01499938964844,175.0500030517578,26831.0
2024-10-25 10:50:00+00:00,AVT,54.540000915527344,54.540000915527344,54.54999923706055,54.540000915527344,54.54999923706055,202.0
2024-10-25 10:50:00+00:00,BIGC,5.359899997711182,5.359899997711182,5.359899997711182,5.355000019073486,5.355000019073486,1222.0
2024-10-25 10:50:00+00:00,BMBL,7.284999847412109,7.284999847412109,7.284999847412109,7.284999847412109,7.284999847412109,1378.0
2024-10-25 10:50:00+00:00,BRZE,31.014999389648438,31.014999389648438,31.014999389648438,31.0,31.0,1357.0
2024-10-25 10:50:00+00:00,CAN,0.9975000023841858,0.9975000023841858,0.9975000023841858,0.9955000281333923,0.9955999851226807,5686.0
2024-10-25 10:50:00+00:00,CCSI,20.68000030517578,20.68000030517578,20.809999465942383,20.670000076293945,20.739999771118164,6343.0
2024-10-25 10:50:00+00:00,CDNS,259.07501220703125,259.07501220703125,259.07501220703125,258.8924865722656,258.92999267578125,2631.0
2024-10-25 10:50:00+00:00,CFLT,22.514999389648438,22.514999389648438,22.514999389648438,22.489999771118164,22.5,47078.0
2024-10-25 10:50:00+00:00,CGNX,39.154998779296875,39.154998779296875,39.154998779296875,39.150001525878906,39.150001525878906,1070.0
2024-10-25 10:50:00+00:00,CHKP,208.07000732421875,208.07000732421875,208.1199951171875,208.06500244140625,208.0800018310547,4331.0
2024-10-25 10:50:00+00:00,CLSK,12.119999885559082,12.119999885559082,12.130000114440918,12.069999694824219,12.069999694824219,85597.0
2024-10-25 10:50:00+00:00,CNDT,3.694999933242798,3.694999933242798,3.694999933242798,3.694999933242798,3.694999933242798,358.0
2024-10-25 10:50:00+00:00,COHR,96.16000366210938,96.16000366210938,96.19999694824219,95.99009704589844,95.99009704589844,20217.0
2024-10-25 10:50:00+00:00,COHU,26.290000915527344,26.290000915527344,26.290000915527344,26.290000915527344,26.290000915527344,569.0
2024-10-25 10:50:00+00:00,COIN,212.11000061035156,212.11000061035156,212.13999938964844,211.6824951171875,211.6824951171875,17723.0
2024-10-25 10:50:00+00:00,COMM,6.434999942779541,6.434999942779541,6.434999942779541,6.434999942779541,6.434999942779541,323.0
2024-10-25 10:50:00+00:00,CORZ,13.479999542236328,13.479999542236328,13.489999771118164,13.470000267028809,13.470000267028809,5154.0
2024-10-25 10:50:00+00:00,CRCT,6.539999961853027,6.539999961853027,6.542500019073486,6.539999961853027,6.539999961853027,1044.0
2024-10-25 10:50:00+00:00,CRDO,39.400001525878906,39.400001525878906,39.4093017578125,39.400001525878906,39.400001525878906,1257.0
2024-10-25 10:50:00+00:00,CRNC,2.884999990463257,2.884999990463257,2.884999990463257,2.880000114440918,2.880000114440918,12313.0
2024-10-25 10:50:00+00:00,CRSR,6.454999923706055,6.454999923706055,6.454999923706055,6.454999923706055,6.454999923706055,4200.0
2024-10-25 10:50:00+00:00,CRUS,122.78990173339844,122.78990173339844,122.78990173339844,122.78990173339844,122.78990173339844,498.0
2024-10-25 10:50:00+00:00,CRWD,310.55999755859375,310.55999755859375,310.7099914550781,310.260009765625,310.260009765625,7598.0
2024-10-25 10:50:00+00:00,CSCO,56.20000076293945,56.20000076293945,56.22999954223633,56.16999816894531,56.220001220703125,55325.0
2024-10-25 10:50:00+00:00,CSGS,47.81999969482422,47.81999969482422,47.83000183105469,47.81999969482422,47.83000183105469,717.0
2024-10-25 10:50:00+00:00,CSIQ,13.430000305175781,13.430000305175781,13.460000038146973,13.420100212097168,13.430000305175781,7473.0
2024-10-25 10:50:00+00:00,CTSH,75.06999969482422,75.06999969482422,75.06999969482422,75.06999969482422,75.06999969482422,1879.0
2024-10-25 10:50:00+00:00,DAIO,2.4655001163482666,2.4655001163482666,2.4655001163482666,2.4655001163482666,2.4655001163482666,1225.0
2024-10-25 10:50:00+00:00,DAVE,40.099998474121094,40.099998474121094,40.099998474121094,40.06999969482422,40.06999969482422,1861.0
2024-10-25 10:50:00+00:00,DBX,26.170000076293945,26.170000076293945,26.174999237060547,26.1200008392334,26.1200008392334,24027.0
2024-10-25 10:50:00+00:00,DDOG,127.26000213623047,127.26000213623047,127.28500366210938,127.19999694824219,127.19999694824219,2013.0
2024-10-25 10:50:00+00:00,DGHI,1.4199999570846558,1.4199999570846558,1.4299999475479126,1.4199999570846558,1.4299999475479126,1272.0
2024-10-25 10:50:00+00:00,DGII,30.549999237060547,30.549999237060547,30.549999237060547,30.549999237060547,30.549999237060547,219.0
2024-10-25 10:50:00+00:00,DLO,8.845000267028809,8.845000267028809,8.845000267028809,8.845000267028809,8.845000267028809,1512.0
2024-10-25 10:50:00+00:00,DOCU,70.69000244140625,70.69000244140625,70.7300033569336,70.63999938964844,70.63999938964844,6415.0
2024-10-25 10:50:00+00:00,DOMO,8.069999694824219,8.069999694824219,8.069999694824219,8.069999694824219,8.069999694824219,150.0
2024-10-25 10:50:00+00:00,DSGX,104.97000122070312,104.97000122070312,104.97000122070312,104.97000122070312,104.97000122070312,695.0
2024-10-25 10:50:00+00:00,DUOL,288.6199951171875,288.6199951171875,289.6000061035156,288.2200012207031,289.0141906738281,26077.0
2024-10-25 10:50:00+00:00,ENPH,82.0,82.0,82.0999984741211,81.97000122070312,81.97000122070312,3334.0
2024-10-25 10:50:00+00:00,ENTG,105.04000091552734,105.04000091552734,105.05999755859375,105.04000091552734,105.05999755859375,498.0
2024-10-25 10:50:00+00:00,ERIC,8.515000343322754,8.515000343322754,8.515000343322754,8.515000343322754,8.515000343322754,4175.0
2024-10-25 10:50:00+00:00,EXFY,1.715000033378601,1.715000033378601,1.715000033378601,1.715000033378601,1.715000033378601,200.0
2024-10-25 10:50:00+00:00,EXTR,14.5649995803833,14.5649995803833,14.569999694824219,14.5649995803833,14.5649995803833,713.0
2024-10-25 10:50:00+00:00,FFIV,216.22999572753906,216.22999572753906,216.24000549316406,216.1300048828125,216.24000549316406,346.0
2024-10-25 10:50:00+00:00,FIVN,30.6200008392334,30.6200008392334,30.6200008392334,30.59000015258789,30.600000381469727,2480.0
2024-10-25 10:50:00+00:00,FLEX,35.52000045776367,35.52000045776367,35.52000045776367,35.52000045776367,35.52000045776367,545.0
2024-10-25 10:50:00+00:00,FLYW,17.594999313354492,17.594999313354492,17.594999313354492,17.594999313354492,17.594999313354492,464.0
2024-10-25 10:50:00+00:00,FORM,45.18000030517578,45.18000030517578,45.18000030517578,45.18000030517578,45.18000030517578,385.0
2024-10-25 10:50:00+00:00,FROG,29.469999313354492,29.469999313354492,29.479999542236328,29.424999237060547,29.450000762939453,1919.0
2024-10-25 10:50:00+00:00,FRSH,11.739999771118164,11.739999771118164,11.744999885559082,11.734999656677246,11.734999656677246,4501.0
2024-10-25 10:50:00+00:00,FSLR,198.52499389648438,198.52499389648438,198.65679931640625,198.50999450683594,198.50999450683594,1662.0
2024-10-25 10:50:00+00:00,FTCI,0.7038999795913696,0.7038999795913696,0.7038999795913696,0.7038999795913696,0.7038999795913696,1187.0
2024-10-25 10:50:00+00:00,FTNT,81.68000030517578,81.68000030517578,81.68000030517578,81.62000274658203,81.62000274658203,2689.0
2024-10-25 10:50:00+00:00,GCT,25.489999771118164,25.489999771118164,25.4950008392334,25.40999984741211,25.40999984741211,2183.0
2024-10-25 10:50:00+00:00,GDS,21.75,21.75,21.75,21.739999771118164,21.739999771118164,2277.0
2024-10-25 10:50:00+00:00,GDYN,15.675000190734863,15.675000190734863,15.675000190734863,15.65999984741211,15.65999984741211,4424.0
2024-10-25 10:50:00+00:00,GFS,41.15999984741211,41.15999984741211,41.15999984741211,41.130001068115234,41.130001068115234,1632.0
2024-10-25 10:50:00+00:00,GNSS,3.8949999809265137,3.8949999809265137,3.8949999809265137,3.8949999809265137,3.8949999809265137,200.0
2024-10-25 10:50:00+00:00,GRAB,4.085000038146973,4.085000038146973,4.087699890136719,4.073999881744385,4.079699993133545,215970.0
2024-10-25 10:50:00+00:00,GRRR,4.605000019073486,4.605000019073486,4.605000019073486,4.605000019073486,4.605000019073486,120.0
2024-10-25 10:50:00+00:00,GSIT,3.299999952316284,3.299999952316284,3.309999942779541,3.299999952316284,3.309999942779541,2600.0
2024-10-25 10:50:00+00:00,GTLB,55.720401763916016,55.720401763916016,55.720401763916016,55.720401763916016,55.720401763916016,1023.0
2024-10-25 10:50:00+00:00,HCP,33.67499923706055,33.67499923706055,33.68000030517578,33.67499923706055,33.68000030517578,602.0
2024-10-25 10:50:00+00:00,HIMX,6.199999809265137,6.199999809265137,6.199999809265137,6.195000171661377,6.195000171661377,3210.0
2024-10-25 10:50:00+00:00,HLIT,14.800000190734863,14.800000190734863,14.805999755859375,14.800000190734863,14.800000190734863,2277.0
2024-10-25 10:50:00+00:00,HOLO,3.7200000286102295,3.7200000286102295,3.740000009536743,3.7200000286102295,3.740000009536743,2407.0
2024-10-25 10:50:00+00:00,HOOD,27.481000900268555,27.481000900268555,27.485000610351562,27.440000534057617,27.440000534057617,27204.0
2024-10-25 10:50:00+00:00,III,3.059999942779541,3.059999942779541,3.059999942779541,3.059999942779541,3.059999942779541,3002.0
2024-10-25 10:50:00+00:00,IMMR,8.819999694824219,8.819999694824219,8.819999694824219,8.8100004196167,8.8100004196167,1374.0
2024-10-25 10:50:00+00:00,IMTE,1.659999966621399,1.659999966621399,1.659999966621399,1.649999976158142,1.649999976158142,1414.0
2024-10-25 10:50:00+00:00,INDI,3.5999999046325684,3.5999999046325684,3.5999999046325684,3.5850000381469727,3.5899999141693115,10363.0
2024-10-25 10:50:00+00:00,INFN,6.78000020980835,6.78000020980835,6.78000020980835,6.78000020980835,6.78000020980835,101.0
2024-10-25 10:50:00+00:00,INOD,19.889999389648438,19.889999389648438,19.950000762939453,19.889999389648438,19.920000076293945,711.0
2024-10-25 10:50:00+00:00,INTC,23.109899520874023,23.109899520874023,23.127700805664062,23.09000015258789,23.094999313354492,200632.0
2024-10-25 10:50:00+00:00,INTU,613.489990234375,613.489990234375,613.489990234375,613.489990234375,613.489990234375,629.0
2024-10-25 10:50:00+00:00,IPGP,77.16999816894531,77.16999816894531,77.16999816894531,77.16999816894531,77.16999816894531,1951.0
2024-10-25 10:50:00+00:00,ITRN,27.075000762939453,27.075000762939453,27.075000762939453,27.075000762939453,27.075000762939453,131.0
2024-10-25 10:50:00+00:00,JKHY,185.22500610351562,185.22500610351562,185.22500610351562,185.22500610351562,185.22500610351562,315.0
2024-10-25 10:50:00+00:00,KC,2.734999895095825,2.734999895095825,2.7358999252319336,2.734999895095825,2.7358999252319336,11515.0
2024-10-25 10:50:00+00:00,KLAC,678.4749755859375,678.4749755859375,678.4749755859375,678.4749755859375,678.4749755859375,621.0
2024-10-25 10:50:00+00:00,LASR,10.520000457763672,10.520000457763672,10.520000457763672,10.520000457763672,10.520000457763672,796.0
2024-10-25 10:50:00+00:00,LINK,4.400000095367432,4.400000095367432,4.460000038146973,4.400000095367432,4.460000038146973,3384.0
2024-10-25 10:50:00+00:00,LITE,64.44999694824219,64.44999694824219,64.45999908447266,64.37000274658203,64.37000274658203,2063.0
2024-10-25 10:50:00+00:00,LOGI,81.08000183105469,81.08000183105469,81.08000183105469,81.05999755859375,81.06999969482422,1396.0
2024-10-25 10:50:00+00:00,LPSN,1.2000000476837158,1.2000000476837158,1.2000000476837158,1.1959999799728394,1.2000000476837158,1007.0
2024-10-25 10:50:00+00:00,LRCX,78.7300033569336,78.7300033569336,78.81999969482422,78.72000122070312,78.72000122070312,36653.0
2024-10-25 10:50:00+00:00,LSCC,54.40250015258789,54.40250015258789,54.40999984741211,54.33000183105469,54.33000183105469,2524.0
2024-10-25 10:50:00+00:00,LTRX,4.005000114440918,4.005000114440918,4.005000114440918,4.005000114440918,4.005000114440918,200.0
2024-10-25 10:50:00+00:00,LYFT,13.770099639892578,13.770099639892578,13.800000190734863,13.770000457763672,13.779999732971191,40330.0
2024-10-25 10:50:00+00:00,MANH,276.2099914550781,276.2099914550781,276.2099914550781,276.2099914550781,276.2099914550781,687.0
2024-10-25 10:50:00+00:00,MAPS,0.8500000238418579,0.8500000238418579,0.8508999943733215,0.8500000238418579,0.8507999777793884,14404.0
2024-10-25 10:50:00+00:00,MAXN,5.570000171661377,5.570000171661377,5.570000171661377,5.570000171661377,5.570000171661377,177.0
2024-10-25 10:50:00+00:00,MCHP,76.94000244140625,76.94000244140625,76.9800033569336,76.91999816894531,76.91999816894531,2072.0
2024-10-25 10:50:00+00:00,MDB,268.8699951171875,268.8699951171875,268.8699951171875,268.80999755859375,268.864990234375,1555.0
2024-10-25 10:50:00+00:00,MKSI,100.55000305175781,100.55000305175781,100.6050033569336,100.44000244140625,100.45999908447266,20417.0
2024-10-25 10:50:00+00:00,MNDY,300.5249938964844,300.5249938964844,300.7799987792969,300.3699951171875,300.3699951171875,3840.0
2024-10-25 10:50:00+00:00,MPWR,910.7899780273438,910.7899780273438,910.7899780273438,910.7899780273438,910.7899780273438,778.0
2024-10-25 10:50:00+00:00,MQ,5.335000038146973,5.335000038146973,5.340000152587891,5.329999923706055,5.335000038146973,4530.0
2024-10-25 10:50:00+00:00,MRAM,6.25,6.25,6.25,6.233699798583984,6.233699798583984,1693.0
2024-10-25 10:50:00+00:00,MRVL,83.02999877929688,83.02999877929688,83.05000305175781,82.9000015258789,82.9000015258789,9910.0
2024-10-25 10:50:00+00:00,MSFT,430.885009765625,430.885009765625,430.989990234375,430.5400085449219,430.5400085449219,19036.0
2024-10-25 10:50:00+00:00,MSTR,242.49989318847656,242.49989318847656,242.77999877929688,241.47999572753906,241.52000427246094,54711.0
2024-10-25 10:50:00+00:00,MTC,0.37380000948905945,0.37380000948905945,0.37380000948905945,0.37380000948905945,0.37380000948905945,1457.0
2024-10-25 10:50:00+00:00,MTSI,119.5199966430664,119.5199966430664,119.56999969482422,119.5199966430664,119.56999969482422,1690.0
2024-10-25 10:50:00+00:00,MU,109.31629943847656,109.31629943847656,109.36000061035156,109.19999694824219,109.19999694824219,25207.0
2024-10-25 10:50:00+00:00,MVIS,1.1050000190734863,1.1050000190734863,1.1100000143051147,1.100000023841858,1.1100000143051147,6202.0
2024-10-25 10:50:00+00:00,MXL,15.350000381469727,15.350000381469727,15.359999656677246,15.229999542236328,15.229999542236328,6377.0
2024-10-25 10:50:00+00:00,NEON,7.989999771118164,7.989999771118164,7.989999771118164,7.989999771118164,7.989999771118164,758.0
2024-10-25 10:50:00+00:00,NICE,176.6999969482422,176.6999969482422,176.6999969482422,176.6999969482422,176.6999969482422,649.0
2024-10-25 10:50:00+00:00,NNDM,2.3399999141693115,2.3399999141693115,2.3499999046325684,2.3399999141693115,2.3499999046325684,1497.0
2024-10-25 10:50:00+00:00,NTAP,120.42500305175781,120.42500305175781,120.43000030517578,120.40499877929688,120.43000030517578,1582.0
2024-10-25 10:50:00+00:00,NTCT,20.65999984741211,20.65999984741211,20.670000076293945,20.65999984741211,20.670000076293945,1227.0
2024-10-25 10:50:00+00:00,NTNX,62.65010070800781,62.65010070800781,62.65010070800781,62.65010070800781,62.65010070800781,525.0
2024-10-25 10:50:00+00:00,NVDA,143.460205078125,143.460205078125,143.52000427246094,143.2532958984375,143.25999450683594,793771.0
2024-10-25 10:50:00+00:00,NVMI,184.0050048828125,184.0050048828125,184.02999877929688,184.0050048828125,184.02999877929688,664.0
2024-10-25 10:50:00+00:00,NVTS,2.6050000190734863,2.6050000190734863,2.6050000190734863,2.5999999046325684,2.5999999046325684,2816.0
2024-10-25 10:50:00+00:00,NXPI,244.0800018310547,244.0800018310547,244.16000366210938,244.0800018310547,244.13999938964844,1451.0
2024-10-25 10:50:00+00:00,OKTA,72.83499908447266,72.83499908447266,72.83499908447266,72.83499908447266,72.83499908447266,536.0
2024-10-25 10:50:00+00:00,ON,71.56829833984375,71.56829833984375,71.57499694824219,71.48999786376953,71.5,7496.0
2024-10-25 10:50:00+00:00,OSPN,14.720000267028809,14.720000267028809,14.720000267028809,14.720000267028809,14.720000267028809,184.0
2024-10-25 10:50:00+00:00,OSS,2.444999933242798,2.444999933242798,2.444999933242798,2.444999933242798,2.444999933242798,92.0
2024-10-25 10:50:00+00:00,OTEX,33.56999969482422,33.56999969482422,33.56999969482422,33.56999969482422,33.56999969482422,1135.0
2024-10-25 10:50:00+00:00,PALT,1.9925999641418457,1.9925999641418457,1.9925999641418457,1.9800000190734863,1.9800000190734863,4824.0
2024-10-25 10:50:00+00:00,PANW,371.5799865722656,371.5799865722656,371.5799865722656,371.4800109863281,371.4800109863281,1861.0
2024-10-25 10:50:00+00:00,PAYO,8.324999809265137,8.324999809265137,8.324999809265137,8.319999694824219,8.319999694824219,7971.0
2024-10-25 10:50:00+00:00,PCTY,173.2449951171875,173.2449951171875,173.2449951171875,173.2449951171875,173.2449951171875,139.0
2024-10-25 10:50:00+00:00,PEGA,81.09500122070312,81.09500122070312,81.16000366210938,81.05500030517578,81.05500030517578,4528.0
2024-10-25 10:50:00+00:00,PEGY,4.590000152587891,4.590000152587891,4.590000152587891,4.590000152587891,4.590000152587891,112.0
2024-10-25 10:50:00+00:00,PGY,11.688799858093262,11.688799858093262,11.720000267028809,11.688799858093262,11.720000267028809,551.0
2024-10-25 10:50:00+00:00,PHUN,9.789999961853027,9.789999961853027,9.800000190734863,9.739899635314941,9.750200271606445,88184.0
2024-10-25 10:50:00+00:00,PI,201.36000061035156,201.36000061035156,201.36000061035156,201.36000061035156,201.36000061035156,240.0
2024-10-25 10:50:00+00:00,PLXS,142.81500244140625,142.81500244140625,142.89999389648438,142.74000549316406,142.81500244140625,1898.0
2024-10-25 10:50:00+00:00,POET,4.025000095367432,4.025000095367432,4.025000095367432,4.012800216674805,4.012800216674805,1240.0
2024-10-25 10:50:00+00:00,PRCH,1.3450000286102295,1.3450000286102295,1.3450000286102295,1.3450000286102295,1.3450000286102295,1629.0
2024-10-25 10:50:00+00:00,PTC,186.46499633789062,186.46499633789062,186.46499633789062,186.34500122070312,186.34500122070312,2159.0
2024-10-25 10:50:00+00:00,PYCR,14.420000076293945,14.420000076293945,14.420000076293945,14.420000076293945,14.420000076293945,541.0
2024-10-25 10:50:00+00:00,QCOM,172.32000732421875,172.32000732421875,172.32000732421875,172.0749969482422,172.0749969482422,7588.0
2024-10-25 10:50:00+00:00,QH,1.4399000406265259,1.4399000406265259,1.4399000406265259,1.4399000406265259,1.4399000406265259,10906.0
2024-10-25 10:50:00+00:00,QRVO,99.9000015258789,99.9000015258789,99.9000015258789,99.9000015258789,99.9000015258789,1040.0
2024-10-25 10:50:00+00:00,QUBT,1.120300054550171,1.120300054550171,1.120300054550171,1.120300054550171,1.120300054550171,3299.0
2024-10-25 10:50:00+00:00,REKR,1.100000023841858,1.100000023841858,1.1100000143051147,1.100000023841858,1.1050000190734863,900.0
2024-10-25 10:50:00+00:00,RELY,14.770000457763672,14.770000457763672,14.770000457763672,14.760000228881836,14.770000457763672,3479.0
2024-10-25 10:50:00+00:00,RGTI,1.2799999713897705,1.2799999713897705,1.284999966621399,1.274999976158142,1.274999976158142,5865.0
2024-10-25 10:50:00+00:00,RIOT,10.175000190734863,10.175000190734863,10.180000305175781,10.142200469970703,10.142200469970703,47058.0
2024-10-25 10:50:00+00:00,RMBS,42.939998626708984,42.939998626708984,42.939998626708984,42.87620162963867,42.900001525878906,1222.0
2024-10-25 10:50:00+00:00,RPD,39.27000045776367,39.27000045776367,39.27000045776367,39.25,39.25,1351.0
2024-10-25 10:50:00+00:00,RUM,5.795000076293945,5.795000076293945,5.795000076293945,5.770199775695801,5.775000095367432,5691.0
2024-10-25 10:50:00+00:00,RUN,14.380000114440918,14.380000114440918,14.390000343322754,14.359999656677246,14.359999656677246,231672.0
2024-10-25 10:50:00+00:00,SANM,67.9000015258789,67.9000015258789,67.9000015258789,67.88999938964844,67.88999938964844,768.0
2024-10-25 10:50:00+00:00,SATS,25.360000610351562,25.360000610351562,25.40999984741211,25.350000381469727,25.40999984741211,4760.0
2024-10-25 10:50:00+00:00,SEDG,15.722000122070312,15.722000122070312,15.739899635314941,15.699999809265137,15.699999809265137,20056.0
2024-10-25 10:50:00+00:00,SHLS,5.215000152587891,5.215000152587891,5.215000152587891,5.215000152587891,5.215000152587891,972.0
2024-10-25 10:50:00+00:00,SKYT,10.5,10.5,10.5,10.5,10.5,741.0
2024-10-25 10:50:00+00:00,SLAB,114.94000244140625,114.94000244140625,114.94000244140625,114.94000244140625,114.94000244140625,371.0
2024-10-25 10:50:00+00:00,SMCI,47.867801666259766,47.867801666259766,47.97990036010742,47.79999923706055,47.810001373291016,84764.0
2024-10-25 10:50:00+00:00,SNPS,504.4949951171875,504.4949951171875,504.4949951171875,504.2850036621094,504.2850036621094,2013.0
2024-10-25 10:50:00+00:00,SOUN,5.275100231170654,5.275100231170654,5.28000020980835,5.269999980926514,5.275000095367432,21546.0
2024-10-25 10:50:00+00:00,SPT,27.420000076293945,27.420000076293945,27.440000534057617,27.420000076293945,27.420000076293945,1070.0
2024-10-25 10:50:00+00:00,SRAD,12.380000114440918,12.380000114440918,12.380000114440918,12.380000114440918,12.380000114440918,942.0
2024-10-25 10:50:00+00:00,SSNC,69.58999633789062,69.58999633789062,69.72750091552734,69.54000091552734,69.7249984741211,14839.0
2024-10-25 10:50:00+00:00,STER,16.735000610351562,16.735000610351562,16.739999771118164,16.735000610351562,16.739999771118164,1323.0
2024-10-25 10:50:00+00:00,STNE,11.5600004196167,11.5600004196167,11.569999694824219,11.550000190734863,11.550000190734863,7166.0
2024-10-25 10:50:00+00:00,STX,104.94999694824219,104.94999694824219,104.95999908447266,104.88999938964844,104.88999938964844,3699.0
2024-10-25 10:50:00+00:00,SVRE,0.0820000022649765,0.0820000022649765,0.0820000022649765,0.0820000022649765,0.0820000022649765,8934.0
2024-10-25 10:50:00+00:00,SWKS,95.88999938964844,95.88999938964844,95.91999816894531,95.88999938964844,95.91999816894531,2130.0
2024-10-25 10:50:00+00:00,SWVL,3.240000009536743,3.240000009536743,3.240000009536743,3.2300000190734863,3.2300000190734863,1707.0
2024-10-25 10:50:00+00:00,SYNA,73.20999908447266,73.20999908447266,73.20999908447266,73.20999908447266,73.20999908447266,973.0
2024-10-25 10:50:00+00:00,SYTA,1.2281999588012695,1.2281999588012695,1.2599999904632568,1.2200000286102295,1.2599999904632568,67881.0
2024-10-25 10:50:00+00:00,TAOP,0.46000000834465027,0.46000000834465027,0.46000000834465027,0.46000000834465027,0.46000000834465027,150.0
2024-10-25 10:50:00+00:00,TEAM,191.0,191.0,191.02000427246094,190.60000610351562,190.60000610351562,6470.0
2024-10-25 10:50:00+00:00,TENB,41.61000061035156,41.61000061035156,41.619998931884766,41.5625,41.564998626708984,9445.0
2024-10-25 10:50:00+00:00,TER,113.09500122070312,113.09500122070312,113.09500122070312,112.9000015258789,112.9000015258789,9510.0
2024-10-25 10:50:00+00:00,TSEM,44.9900016784668,44.9900016784668,44.9900016784668,44.9900016784668,44.9900016784668,514.0
2024-10-25 10:50:00+00:00,TTD,120.55999755859375,120.55999755859375,120.5999984741211,120.37999725341797,120.37999725341797,4163.0
2024-10-25 10:50:00+00:00,TTEC,5.420000076293945,5.420000076293945,5.420000076293945,5.420000076293945,5.420000076293945,1781.0
2024-10-25 10:50:00+00:00,TWKS,4.449999809265137,4.449999809265137,4.460000038146973,4.449999809265137,4.454999923706055,1763.0
2024-10-25 10:50:00+00:00,TXN,209.0500030517578,209.0500030517578,209.14500427246094,209.0500030517578,209.10000610351562,13690.0
2024-10-25 10:50:00+00:00,VECO,29.5,29.5,29.5,29.5,29.5,149.0
2024-10-25 10:50:00+00:00,VERI,3.4800000190734863,3.4800000190734863,3.4839000701904297,3.4800000190734863,3.4800000190734863,1731.0
2024-10-25 10:50:00+00:00,VIAV,9.220000267028809,9.220000267028809,9.220000267028809,9.220000267028809,9.220000267028809,1228.0
2024-10-25 10:50:00+00:00,VICR,46.869998931884766,46.869998931884766,46.869998931884766,46.869998931884766,46.869998931884766,201.0
2024-10-25 10:50:00+00:00,VMEO,4.760000228881836,4.760000228881836,4.769999980926514,4.760000228881836,4.764999866485596,2750.0
2024-10-25 10:50:00+00:00,VNET,3.4549999237060547,3.4549999237060547,3.4549999237060547,3.4549999237060547,3.4549999237060547,174.0
2024-10-25 10:50:00+00:00,VRNS,56.970001220703125,56.970001220703125,56.9900016784668,56.970001220703125,56.9900016784668,2104.0
2024-10-25 10:50:00+00:00,VRNT,22.329999923706055,22.329999923706055,22.329999923706055,22.31999969482422,22.31999969482422,385.0
2024-10-25 10:50:00+00:00,VRSN,187.11000061035156,187.11000061035156,187.22000122070312,186.9600067138672,187.0749969482422,7094.0
2024-10-25 10:50:00+00:00,VSAT,10.289999961853027,10.289999961853027,10.289999961853027,10.279999732971191,10.279999732971191,2171.0
2024-10-25 10:50:00+00:00,VUZI,1.3013999462127686,1.3013999462127686,1.3013999462127686,1.3013999462127686,1.3013999462127686,243.0
2024-10-25 10:50:00+00:00,VVPR,0.7900000214576721,0.7900000214576721,0.7900000214576721,0.7900000214576721,0.7900000214576721,600.0
2024-10-25 10:50:00+00:00,WDAY,241.3000030517578,241.3000030517578,241.3000030517578,241.15750122070312,241.15750122070312,1763.0
2024-10-25 10:50:00+00:00,WDC,72.72000122070312,72.72000122070312,72.80999755859375,72.63999938964844,72.7499008178711,34162.0
2024-10-25 10:50:00+00:00,XPER,9.444999694824219,9.444999694824219,9.444999694824219,9.444999694824219,9.444999694824219,446.0
2024-10-25 10:50:00+00:00,XRX,10.204999923706055,10.204999923706055,10.204999923706055,10.1899995803833,10.1899995803833,1543.0
2024-10-25 10:50:00+00:00,ZI,10.5600004196167,10.5600004196167,10.567999839782715,10.5600004196167,10.5600004196167,3584.0
2024-10-25 10:50:00+00:00,ZM,73.41999816894531,73.41999816894531,73.41999816894531,73.38999938964844,73.38999938964844,2430.0
2024-10-25 10:50:00+00:00,ZS,187.4499969482422,187.4499969482422,187.4499969482422,187.3300018310547,187.3300018310547,778.0
2024-10-25 10:51:00+00:00,AAOI,18.2549991607666,18.2549991607666,18.264999389648438,18.25,18.264999389648438,1205.0
2024-10-25 10:51:00+00:00,AAPL,232.55499267578125,232.55499267578125,232.63999938964844,232.54010009765625,232.60020446777344,50103.0
2024-10-25 10:51:00+00:00,ACIW,49.39500045776367,49.39500045776367,49.39500045776367,49.39500045776367,49.39500045776367,1731.0
2024-10-25 10:51:00+00:00,ACMR,19.78499984741211,19.78499984741211,19.790000915527344,19.760000228881836,19.790000915527344,1212.0
2024-10-25 10:51:00+00:00,ADBE,485.69000244140625,485.69000244140625,486.010009765625,485.69000244140625,486.0050048828125,1427.0
2024-10-25 10:51:00+00:00,ADI,233.22999572753906,233.22999572753906,233.35000610351562,233.16000366210938,233.35000610351562,2656.0
2024-10-25 10:51:00+00:00,ADSK,288.3349914550781,288.3349914550781,288.5299987792969,288.3349914550781,288.5299987792969,2276.0
2024-10-25 10:51:00+00:00,ADTN,6.394999980926514,6.394999980926514,6.394999980926514,6.394999980926514,6.394999980926514,375.0
2024-10-25 10:51:00+00:00,AEHR,16.704999923706055,16.704999923706055,16.704999923706055,16.704999923706055,16.704999923706055,261.0
2024-10-25 10:51:00+00:00,AFRM,41.970001220703125,41.970001220703125,41.970001220703125,41.880001068115234,41.900001525878906,17071.0
2024-10-25 10:51:00+00:00,AGMH,1.7999999523162842,1.7999999523162842,1.8522000312805176,1.7999999523162842,1.8522000312805176,1100.0
2024-10-25 10:51:00+00:00,AGYS,112.11000061035156,112.11000061035156,112.11000061035156,112.11000061035156,112.11000061035156,200.0
2024-10-25 10:51:00+00:00,AKAM,103.26000213623047,103.26000213623047,103.26000213623047,103.22000122070312,103.22000122070312,1016.0
2024-10-25 10:51:00+00:00,AKTS,0.05849999934434891,0.05849999934434891,0.05849999934434891,0.05849999934434891,0.05849999934434891,35721.0
2024-10-25 10:51:00+00:00,ALGM,22.412599563598633,22.412599563598633,22.469999313354492,22.412599563598633,22.469999313354492,3660.0
2024-10-25 10:51:00+00:00,ALKT,38.33000183105469,38.33000183105469,38.33000183105469,38.33000183105469,38.33000183105469,878.0
2024-10-25 10:51:00+00:00,AMAT,187.875,187.875,188.13999938964844,187.875,188.13999938964844,6383.0
2024-10-25 10:51:00+00:00,AMD,157.21800231933594,157.21800231933594,157.3800048828125,157.1699981689453,157.3300018310547,58463.0
2024-10-25 10:51:00+00:00,AMKR,29.979999542236328,29.979999542236328,29.979999542236328,29.959999084472656,29.959999084472656,634.0
2024-10-25 10:51:00+00:00,AMPL,9.244999885559082,9.244999885559082,9.244999885559082,9.244000434875488,9.244000434875488,890.0
2024-10-25 10:51:00+00:00,ANSS,326.6650085449219,326.6650085449219,326.6650085449219,326.6650085449219,326.6650085449219,240.0
2024-10-25 10:51:00+00:00,ANY,1.0880000591278076,1.0880000591278076,1.0880000591278076,1.0880000591278076,1.0880000591278076,446.0
2024-10-25 10:51:00+00:00,API,2.7950000762939453,2.7950000762939453,2.7950000762939453,2.7950000762939453,2.7950000762939453,500.0
2024-10-25 10:51:00+00:00,APP,163.13999938964844,163.13999938964844,163.2808074951172,163.1199951171875,163.2808074951172,3990.0
2024-10-25 10:51:00+00:00,APPF,218.47999572753906,218.47999572753906,218.7899932861328,218.47999572753906,218.7899932861328,842.0
2024-10-25 10:51:00+00:00,APPS,3.1050000190734863,3.1050000190734863,3.109999895095825,3.1050000190734863,3.109999895095825,943.0
2024-10-25 10:51:00+00:00,ARRY,6.40500020980835,6.40500020980835,6.40500020980835,6.385000228881836,6.385000228881836,12290.0
2024-10-25 10:51:00+00:00,ASML,719.22998046875,719.22998046875,719.9199829101562,719.1400146484375,719.9199829101562,3029.0
2024-10-25 10:51:00+00:00,AVDX,8.199999809265137,8.199999809265137,8.199999809265137,8.199999809265137,8.199999809265137,18675.0
2024-10-25 10:51:00+00:00,AVGO,175.17759704589844,175.17759704589844,175.44000244140625,175.1566925048828,175.39999389648438,30139.0
2024-10-25 10:51:00+00:00,AVPT,12.110099792480469,12.110099792480469,12.110099792480469,12.110099792480469,12.110099792480469,2109.0
2024-10-25 10:51:00+00:00,AVT,54.54999923706055,54.54999923706055,54.56999969482422,54.54999923706055,54.560001373291016,1308.0
2024-10-25 10:51:00+00:00,BAND,17.834999084472656,17.834999084472656,17.834999084472656,17.834999084472656,17.834999084472656,308.0
2024-10-25 10:51:00+00:00,BEEM,4.850100040435791,4.850100040435791,4.850100040435791,4.849999904632568,4.849999904632568,400.0
2024-10-25 10:51:00+00:00,BL,56.72200012207031,56.72200012207031,56.72200012207031,56.72200012207031,56.72200012207031,256.0
2024-10-25 10:51:00+00:00,BRZE,30.969999313354492,30.969999313354492,30.985000610351562,30.969999313354492,30.969999313354492,550.0
2024-10-25 10:51:00+00:00,BSY,49.43000030517578,49.43000030517578,49.4900016784668,49.43000030517578,49.4900016784668,2458.0
2024-10-25 10:51:00+00:00,CAN,0.9973999857902527,0.9973999857902527,0.9973999857902527,0.9973999857902527,0.9973999857902527,102.0
2024-10-25 10:51:00+00:00,CCSI,20.690000534057617,20.690000534057617,20.690000534057617,20.68000030517578,20.690000534057617,1669.0
2024-10-25 10:51:00+00:00,CDNS,258.82000732421875,258.82000732421875,259.1099853515625,258.7001037597656,259.05999755859375,5525.0
2024-10-25 10:51:00+00:00,CETX,0.29670000076293945,0.29670000076293945,0.29670000076293945,0.29660001397132874,0.29660001397132874,5339.0
2024-10-25 10:51:00+00:00,CFLT,22.549999237060547,22.549999237060547,22.55500030517578,22.513999938964844,22.514999389648438,5353.0
2024-10-25 10:51:00+00:00,CGNX,39.150001525878906,39.150001525878906,39.154998779296875,39.150001525878906,39.154998779296875,731.0
2024-10-25 10:51:00+00:00,CLBT,18.190000534057617,18.190000534057617,18.190000534057617,18.190000534057617,18.190000534057617,431.0
2024-10-25 10:51:00+00:00,CLSK,12.130000114440918,12.130000114440918,12.145000457763672,12.109999656677246,12.109999656677246,55339.0
2024-10-25 10:51:00+00:00,CMTL,3.7249999046325684,3.7249999046325684,3.7249999046325684,3.7200000286102295,3.7200000286102295,1321.0
2024-10-25 10:51:00+00:00,COHR,96.08999633789062,96.08999633789062,96.1500015258789,96.04000091552734,96.08999633789062,3077.0
2024-10-25 10:51:00+00:00,COIN,211.9499969482422,211.9499969482422,212.11399841308594,211.7550048828125,212.02000427246094,13715.0
2024-10-25 10:51:00+00:00,COMM,6.434999942779541,6.434999942779541,6.440000057220459,6.434999942779541,6.434999942779541,3022.0
2024-10-25 10:51:00+00:00,CORZ,13.46500015258789,13.46500015258789,13.484999656677246,13.46500015258789,13.484999656677246,4099.0
2024-10-25 10:51:00+00:00,CRCT,6.550000190734863,6.550000190734863,6.550000190734863,6.545000076293945,6.550000190734863,763.0
2024-10-25 10:51:00+00:00,CRDO,39.369998931884766,39.369998931884766,39.369998931884766,39.369998931884766,39.369998931884766,798.0
2024-10-25 10:51:00+00:00,CREX,4.676000118255615,4.676000118255615,4.676000118255615,4.676000118255615,4.676000118255615,220.0
2024-10-25 10:51:00+00:00,CRNC,2.884999990463257,2.884999990463257,2.890000104904175,2.884999990463257,2.884999990463257,3390.0
2024-10-25 10:51:00+00:00,CRNT,2.459399938583374,2.459399938583374,2.459399938583374,2.459399938583374,2.459399938583374,1321.0
2024-10-25 10:51:00+00:00,CRSR,6.449999809265137,6.449999809265137,6.449999809265137,6.449999809265137,6.449999809265137,0.0
2024-10-25 10:51:00+00:00,CRUS,122.63999938964844,122.63999938964844,122.63999938964844,122.63999938964844,122.63999938964844,147.0
2024-10-25 10:51:00+00:00,CRWD,310.70989990234375,310.70989990234375,310.70989990234375,310.5299987792969,310.5299987792969,1790.0
2024-10-25 10:51:00+00:00,CSCO,56.185001373291016,56.185001373291016,56.20000076293945,56.15999984741211,56.189998626708984,28943.0
2024-10-25 10:51:00+00:00,CSIQ,13.479999542236328,13.479999542236328,13.479999542236328,13.420000076293945,13.430500030517578,4759.0
2024-10-25 10:51:00+00:00,CTSH,75.07830047607422,75.07830047607422,75.08000183105469,75.07830047607422,75.08000183105469,990.0
2024-10-25 10:51:00+00:00,CYBR,295.510009765625,295.510009765625,295.510009765625,295.510009765625,295.510009765625,551.0
2024-10-25 10:51:00+00:00,DAKT,13.244999885559082,13.244999885559082,13.270000457763672,13.244999885559082,13.244999885559082,1015.0
2024-10-25 10:51:00+00:00,DBX,26.170000076293945,26.170000076293945,26.179899215698242,26.170000076293945,26.174999237060547,1082.0
2024-10-25 10:51:00+00:00,DDOG,127.22029876708984,127.22029876708984,127.26000213623047,127.13159942626953,127.22000122070312,3279.0
2024-10-25 10:51:00+00:00,DGHI,1.4175000190734863,1.4175000190734863,1.4199999570846558,1.4175000190734863,1.4175000190734863,1877.0
2024-10-25 10:51:00+00:00,DLO,8.850000381469727,8.850000381469727,8.859999656677246,8.850000381469727,8.859999656677246,1026.0
2024-10-25 10:51:00+00:00,DOCU,70.69000244140625,70.69000244140625,70.69000244140625,70.66999816894531,70.68000030517578,1737.0
2024-10-25 10:51:00+00:00,DOMO,8.079999923706055,8.079999923706055,8.079999923706055,8.074999809265137,8.074999809265137,1151.0
2024-10-25 10:51:00+00:00,DSP,11.449999809265137,11.449999809265137,11.449999809265137,11.449999809265137,11.449999809265137,1160.0
2024-10-25 10:51:00+00:00,DUOL,288.9100036621094,288.9100036621094,288.9100036621094,288.2200012207031,288.55999755859375,6618.0
2024-10-25 10:51:00+00:00,ENPH,82.05999755859375,82.05999755859375,82.05999755859375,82.0,82.0250015258789,4482.0
2024-10-25 10:51:00+00:00,ENTG,105.04499816894531,105.04499816894531,105.12310028076172,104.9800033569336,105.052001953125,1704.0
2024-10-25 10:51:00+00:00,ERIC,8.518699645996094,8.518699645996094,8.518699645996094,8.515999794006348,8.515999794006348,9069.0
2024-10-25 10:51:00+00:00,EXFY,1.715000033378601,1.715000033378601,1.715000033378601,1.715000033378601,1.715000033378601,146.0
2024-10-25 10:51:00+00:00,EXLS,39.1150016784668,39.1150016784668,39.119998931884766,39.11000061035156,39.11000061035156,1119.0
2024-10-25 10:51:00+00:00,EXTR,14.5649995803833,14.5649995803833,14.5649995803833,14.5649995803833,14.5649995803833,340.0
2024-10-25 10:51:00+00:00,FFIV,216.25,216.25,216.25,216.25,216.25,563.0
2024-10-25 10:51:00+00:00,FIVN,30.65999984741211,30.65999984741211,30.65999984741211,30.604999542236328,30.610000610351562,2823.0
2024-10-25 10:51:00+00:00,FLEX,35.5,35.5,35.529998779296875,35.5,35.529998779296875,3043.0
2024-10-25 10:51:00+00:00,FORM,45.15999984741211,45.15999984741211,45.15999984741211,45.13600158691406,45.13600158691406,1440.0
2024-10-25 10:51:00+00:00,FROG,29.5,29.5,29.5,29.489999771118164,29.489999771118164,754.0
2024-10-25 10:51:00+00:00,FRSH,11.734999656677246,11.734999656677246,11.734999656677246,11.725000381469727,11.734999656677246,231430.0
2024-10-25 10:51:00+00:00,FSLR,198.53500366210938,198.53500366210938,198.64590454101562,198.41799926757812,198.47000122070312,2522.0
2024-10-25 10:51:00+00:00,FTNT,81.6500015258789,81.6500015258789,81.69999694824219,81.6500015258789,81.69000244140625,11325.0
2024-10-25 10:51:00+00:00,GCT,25.510000228881836,25.510000228881836,25.510000228881836,25.459999084472656,25.489999771118164,2104.0
2024-10-25 10:51:00+00:00,GDS,21.62019920349121,21.62019920349121,21.75,21.62019920349121,21.75,4774.0
2024-10-25 10:51:00+00:00,GFS,41.130001068115234,41.130001068115234,41.130001068115234,41.130001068115234,41.130001068115234,784.0
2024-10-25 10:51:00+00:00,GILT,4.922999858856201,4.922999858856201,4.922999858856201,4.922999858856201,4.922999858856201,554.0
2024-10-25 10:51:00+00:00,GNSS,3.8949999809265137,3.8949999809265137,3.8949999809265137,3.8949999809265137,3.8949999809265137,280.0
2024-10-25 10:51:00+00:00,GPRO,1.3324999809265137,1.3324999809265137,1.3324999809265137,1.3324999809265137,1.3324999809265137,326.0
2024-10-25 10:51:00+00:00,GRAB,4.0817999839782715,4.0817999839782715,4.090000152587891,4.080399990081787,4.080399990081787,32321.0
2024-10-25 10:51:00+00:00,GRRR,4.619900226593018,4.619900226593018,4.619900226593018,4.619900226593018,4.619900226593018,583.0
2024-10-25 10:51:00+00:00,GSIT,3.338900089263916,3.338900089263916,3.3399999141693115,3.319999933242798,3.319999933242798,3003.0
2024-10-25 10:51:00+00:00,HCP,33.67190170288086,33.67190170288086,33.68000030517578,33.67190170288086,33.68000030517578,1465.0
2024-10-25 10:51:00+00:00,HIMX,6.205999851226807,6.205999851226807,6.206999778747559,6.205999851226807,6.206999778747559,400.0
2024-10-25 10:51:00+00:00,HOLO,3.7200000286102295,3.7200000286102295,3.728800058364868,3.7200000286102295,3.728800058364868,1105.0
2024-10-25 10:51:00+00:00,HOOD,27.506000518798828,27.506000518798828,27.506000518798828,27.48310089111328,27.489999771118164,24779.0
2024-10-25 10:51:00+00:00,IMMR,8.819999694824219,8.819999694824219,8.82800006866455,8.819999694824219,8.819999694824219,3140.0
2024-10-25 10:51:00+00:00,INDI,3.5950000286102295,3.5950000286102295,3.5950000286102295,3.5950000286102295,3.5950000286102295,627.0
2024-10-25 10:51:00+00:00,INOD,19.889999389648438,19.889999389648438,19.889999389648438,19.8799991607666,19.889999389648438,696.0
2024-10-25 10:51:00+00:00,INTC,23.075000762939453,23.075000762939453,23.109899520874023,23.059999465942383,23.109899520874023,93607.0
2024-10-25 10:51:00+00:00,INTU,613.4799194335938,613.4799194335938,613.47998046875,613.1199951171875,613.1199951171875,1309.0
2024-10-25 10:51:00+00:00,IPGP,77.1500015258789,77.1500015258789,77.1500015258789,77.1500015258789,77.1500015258789,1530.0
2024-10-25 10:51:00+00:00,JKHY,185.1300048828125,185.1300048828125,185.1300048828125,185.1300048828125,185.1300048828125,540.0
2024-10-25 10:51:00+00:00,KC,2.734999895095825,2.734999895095825,2.734999895095825,2.7300000190734863,2.7300000190734863,1391.0
2024-10-25 10:51:00+00:00,KLAC,678.0999755859375,678.0999755859375,678.8400268554688,678.0999755859375,678.8400268554688,1062.0
2024-10-25 10:51:00+00:00,KLIC,44.439998626708984,44.439998626708984,44.439998626708984,44.439998626708984,44.439998626708984,278.0
2024-10-25 10:51:00+00:00,KOPN,0.7573000192642212,0.7573000192642212,0.7573000192642212,0.7573000192642212,0.7573000192642212,116.0
2024-10-25 10:51:00+00:00,KOSS,7.300000190734863,7.300000190734863,7.300000190734863,7.300000190734863,7.300000190734863,200.0
2024-10-25 10:51:00+00:00,LINK,4.5,4.5,4.548500061035156,4.400100231170654,4.400100231170654,4495.0
2024-10-25 10:51:00+00:00,LPSN,1.2000000476837158,1.2000000476837158,1.2000000476837158,1.2000000476837158,1.2000000476837158,830.0
2024-10-25 10:51:00+00:00,LRCX,78.58000183105469,78.58000183105469,78.7594985961914,78.55000305175781,78.74500274658203,25142.0
2024-10-25 10:51:00+00:00,LSCC,54.400001525878906,54.400001525878906,54.400001525878906,54.380001068115234,54.39500045776367,1453.0
2024-10-25 10:51:00+00:00,LTRX,4.005000114440918,4.005000114440918,4.005000114440918,4.005000114440918,4.005000114440918,496.0
2024-10-25 10:51:00+00:00,LYFT,13.774999618530273,13.774999618530273,13.774999618530273,13.75,13.774999618530273,31329.0
2024-10-25 10:51:00+00:00,MANH,276.3999938964844,276.3999938964844,276.3999938964844,276.3999938964844,276.3999938964844,771.0
2024-10-25 10:51:00+00:00,MAPS,0.8453999757766724,0.8453999757766724,0.8500999808311462,0.8453999757766724,0.8500999808311462,64115.0
2024-10-25 10:51:00+00:00,MAXN,5.639999866485596,5.639999866485596,5.639999866485596,5.5929999351501465,5.5929999351501465,5601.0
2024-10-25 10:51:00+00:00,MCHP,76.91000366210938,76.91000366210938,76.93000030517578,76.87999725341797,76.93000030517578,4554.0
2024-10-25 10:51:00+00:00,MDB,269.0350036621094,269.0350036621094,269.17498779296875,268.8699951171875,268.8699951171875,2402.0
2024-10-25 10:51:00+00:00,MKSI,100.48999786376953,100.48999786376953,100.55999755859375,100.48999786376953,100.55999755859375,1445.0
2024-10-25 10:51:00+00:00,MKTW,0.5830000042915344,0.5830000042915344,0.5830000042915344,0.5830000042915344,0.5830000042915344,300.0
2024-10-25 10:51:00+00:00,MNDY,300.5249938964844,300.5249938964844,300.5249938964844,300.5249938964844,300.5249938964844,427.0
2024-10-25 10:51:00+00:00,MPWR,910.3699951171875,910.3699951171875,910.3699951171875,910.0399780273438,910.0399780273438,1069.0
2024-10-25 10:51:00+00:00,MQ,5.335000038146973,5.335000038146973,5.335000038146973,5.329999923706055,5.329999923706055,678.0
2024-10-25 10:51:00+00:00,MRVL,82.92500305175781,82.92500305175781,83.00499725341797,82.91000366210938,82.99030303955078,11150.0
2024-10-25 10:51:00+00:00,MSFT,430.6400146484375,430.6400146484375,430.93328857421875,430.6099853515625,430.7705078125,16487.0
2024-10-25 10:51:00+00:00,MSTR,242.16000366210938,242.16000366210938,242.6999053955078,241.91000366210938,242.4886932373047,39810.0
2024-10-25 10:51:00+00:00,MTLS,6.01200008392334,6.01200008392334,6.01200008392334,6.01200008392334,6.01200008392334,184.0
2024-10-25 10:51:00+00:00,MTSI,119.56999969482422,119.56999969482422,119.56999969482422,119.55999755859375,119.55999755859375,2411.0
2024-10-25 10:51:00+00:00,MTTR,4.65500020980835,4.65500020980835,4.65500020980835,4.65500020980835,4.65500020980835,1090.0
2024-10-25 10:51:00+00:00,MU,109.13999938964844,109.13999938964844,109.30999755859375,109.13999938964844,109.30999755859375,18307.0
2024-10-25 10:51:00+00:00,MVIS,1.1050000190734863,1.1050000190734863,1.1050000190734863,1.100000023841858,1.100000023841858,1602.0
2024-10-25 10:51:00+00:00,MXL,15.364999771118164,15.364999771118164,15.380000114440918,15.345000267028809,15.345000267028809,4364.0
2024-10-25 10:51:00+00:00,NCNO,38.220001220703125,38.220001220703125,38.25,38.220001220703125,38.25,965.0
2024-10-25 10:51:00+00:00,NICE,176.50010681152344,176.50010681152344,176.69500732421875,176.50010681152344,176.69500732421875,541.0
2024-10-25 10:51:00+00:00,NSIT,210.0800018310547,210.0800018310547,211.32000732421875,210.0800018310547,210.8800048828125,894.0
2024-10-25 10:51:00+00:00,NTAP,120.3499984741211,120.3499984741211,120.44999694824219,120.3499984741211,120.44999694824219,1960.0
2024-10-25 10:51:00+00:00,NTNX,62.63999938964844,62.63999938964844,62.68000030517578,62.63999938964844,62.68000030517578,515.0
2024-10-25 10:51:00+00:00,NVDA,143.289794921875,143.289794921875,143.47000122070312,143.27999877929688,143.4698944091797,354763.0
2024-10-25 10:51:00+00:00,NVEI,33.540000915527344,33.540000915527344,33.54890060424805,33.540000915527344,33.54890060424805,508.0
2024-10-25 10:51:00+00:00,NVMI,184.10499572753906,184.10499572753906,184.10499572753906,184.10499572753906,184.10499572753906,533.0
2024-10-25 10:51:00+00:00,NVTS,2.6003000736236572,2.6003000736236572,2.6003000736236572,2.6003000736236572,2.6003000736236572,7251.0
2024-10-25 10:51:00+00:00,NXPI,244.05999755859375,244.05999755859375,244.13499450683594,243.97000122070312,244.1300048828125,6591.0
2024-10-25 10:51:00+00:00,OKTA,72.80000305175781,72.80000305175781,72.80000305175781,72.80000305175781,72.80000305175781,240.0
2024-10-25 10:51:00+00:00,ON,71.54000091552734,71.54000091552734,71.61000061035156,71.47000122070312,71.56999969482422,25868.0
2024-10-25 10:51:00+00:00,PANW,371.57501220703125,371.57501220703125,371.57501220703125,371.57501220703125,371.57501220703125,1047.0
2024-10-25 10:51:00+00:00,PAYO,8.329999923706055,8.329999923706055,8.329999923706055,8.329999923706055,8.329999923706055,950.0
2024-10-25 10:51:00+00:00,PCTY,173.05999755859375,173.05999755859375,173.05999755859375,173.05999755859375,173.05999755859375,144.0
2024-10-25 10:51:00+00:00,PEGA,81.09500122070312,81.09500122070312,81.09500122070312,81.09500122070312,81.09500122070312,1768.0
2024-10-25 10:51:00+00:00,PEGY,4.550000190734863,4.550000190734863,4.550000190734863,4.550000190734863,4.550000190734863,286.0
2024-10-25 10:51:00+00:00,PGY,11.710000038146973,11.710000038146973,11.710000038146973,11.710000038146973,11.710000038146973,338.0
2024-10-25 10:51:00+00:00,PHUN,9.769000053405762,9.769000053405762,9.800000190734863,9.739999771118164,9.785099983215332,85847.0
2024-10-25 10:51:00+00:00,PI,201.3350067138672,201.3350067138672,201.6999969482422,201.3350067138672,201.5,3153.0
2024-10-25 10:51:00+00:00,PLXS,142.8524932861328,142.8524932861328,142.92999267578125,142.8350067138672,142.84500122070312,1748.0
2024-10-25 10:51:00+00:00,POET,4.03000020980835,4.03000020980835,4.039999961853027,4.03000020980835,4.039999961853027,222.0
2024-10-25 10:51:00+00:00,PTC,186.46499633789062,186.46499633789062,186.46499633789062,186.46499633789062,186.46499633789062,910.0
2024-10-25 10:51:00+00:00,QCOM,172.23500061035156,172.23500061035156,172.31500244140625,172.1699981689453,172.31500244140625,6039.0
2024-10-25 10:51:00+00:00,QRVO,99.83000183105469,99.83000183105469,99.86000061035156,99.83000183105469,99.86000061035156,1499.0
2024-10-25 10:51:00+00:00,RDVT,28.920000076293945,28.920000076293945,28.920000076293945,28.920000076293945,28.920000076293945,488.0
2024-10-25 10:51:00+00:00,RDWR,22.440000534057617,22.440000534057617,22.450000762939453,22.440000534057617,22.450000762939453,1181.0
2024-10-25 10:51:00+00:00,REKR,1.100000023841858,1.100000023841858,1.1033999919891357,1.100000023841858,1.1033999919891357,400.0
2024-10-25 10:51:00+00:00,RELY,14.789999961853027,14.789999961853027,14.789999961853027,14.770000457763672,14.770000457763672,5735.0
2024-10-25 10:51:00+00:00,RGTI,1.284999966621399,1.284999966621399,1.284999966621399,1.2799999713897705,1.2799999713897705,1178.0
2024-10-25 10:51:00+00:00,RIOT,10.180000305175781,10.180000305175781,10.199899673461914,10.164999961853027,10.170000076293945,82912.0
2024-10-25 10:51:00+00:00,RMBS,42.89500045776367,42.89500045776367,42.89500045776367,42.89500045776367,42.89500045776367,931.0
2024-10-25 10:51:00+00:00,RMNI,1.7350000143051147,1.7350000143051147,1.7350000143051147,1.7350000143051147,1.7350000143051147,676.0
2024-10-25 10:51:00+00:00,RPAY,7.664999961853027,7.664999961853027,7.664999961853027,7.664999961853027,7.664999961853027,379.0
2024-10-25 10:51:00+00:00,RUM,5.809700012207031,5.809700012207031,5.809999942779541,5.800000190734863,5.800000190734863,3959.0
2024-10-25 10:51:00+00:00,RUN,14.404999732971191,14.404999732971191,14.404999732971191,14.367899894714355,14.375,11319.0
2024-10-25 10:51:00+00:00,SATL,0.9900000095367432,0.9900000095367432,0.9900000095367432,0.9900000095367432,0.9900000095367432,250.0
2024-10-25 10:51:00+00:00,SEDG,15.737600326538086,15.737600326538086,15.75,15.708000183105469,15.720000267028809,13437.0
2024-10-25 10:51:00+00:00,SHLS,5.215000152587891,5.215000152587891,5.215000152587891,5.215000152587891,5.215000152587891,795.0
2024-10-25 10:51:00+00:00,SMCI,47.77000045776367,47.77000045776367,47.8494987487793,47.720001220703125,47.8494987487793,90581.0
2024-10-25 10:51:00+00:00,SNPS,504.5299987792969,504.5299987792969,504.5299987792969,504.2300109863281,504.260009765625,526.0
2024-10-25 10:51:00+00:00,SONO,12.850000381469727,12.850000381469727,12.850000381469727,12.810099601745605,12.810099601745605,3547.0
2024-10-25 10:51:00+00:00,SOUN,5.284999847412109,5.284999847412109,5.289999961853027,5.275100231170654,5.275100231170654,19873.0
2024-10-25 10:51:00+00:00,SPI,0.4302999973297119,0.4302999973297119,0.4302999973297119,0.42329999804496765,0.42329999804496765,446.0
2024-10-25 10:51:00+00:00,SPT,27.43000030517578,27.43000030517578,27.450000762939453,27.43000030517578,27.450000762939453,1169.0
2024-10-25 10:51:00+00:00,SSNC,69.50499725341797,69.50499725341797,69.61000061035156,69.50499725341797,69.61000061035156,8155.0
2024-10-25 10:51:00+00:00,STNE,11.574999809265137,11.574999809265137,11.574999809265137,11.550000190734863,11.550000190734863,10579.0
2024-10-25 10:51:00+00:00,STX,104.77999877929688,104.77999877929688,104.94999694824219,104.7750015258789,104.8949966430664,3906.0
2024-10-25 10:51:00+00:00,SURG,1.7699999809265137,1.7699999809265137,1.7699999809265137,1.7699999809265137,1.7699999809265137,384.0
2024-10-25 10:51:00+00:00,SVRE,0.0820000022649765,0.0820000022649765,0.0820000022649765,0.0820000022649765,0.0820000022649765,803.0
2024-10-25 10:51:00+00:00,SWKS,95.86499786376953,95.86499786376953,95.88999938964844,95.86499786376953,95.88999938964844,735.0
2024-10-25 10:51:00+00:00,SYTA,1.2300000190734863,1.2300000190734863,1.2395999431610107,1.2200000286102295,1.222000002861023,11602.0
2024-10-25 10:51:00+00:00,TASK,11.979999542236328,11.979999542236328,12.020000457763672,11.979999542236328,12.010000228881836,2706.0
2024-10-25 10:51:00+00:00,TEAM,190.91000366210938,190.91000366210938,190.91000366210938,190.91000366210938,190.91000366210938,949.0
2024-10-25 10:51:00+00:00,TENB,41.52000045776367,41.52000045776367,41.63999938964844,41.52000045776367,41.63999938964844,4922.0
2024-10-25 10:51:00+00:00,TER,112.94000244140625,112.94000244140625,113.11499786376953,112.9000015258789,113.11499786376953,7244.0
2024-10-25 10:51:00+00:00,TRMB,61.11000061035156,61.11000061035156,61.11000061035156,61.11000061035156,61.11000061035156,591.0
2024-10-25 10:51:00+00:00,TSEM,44.959999084472656,44.959999084472656,44.959999084472656,44.94029998779297,44.94499969482422,1199.0
2024-10-25 10:51:00+00:00,TTD,120.55999755859375,120.55999755859375,120.58999633789062,120.51000213623047,120.58000183105469,2854.0
2024-10-25 10:51:00+00:00,TTEC,5.420000076293945,5.420000076293945,5.420000076293945,5.420000076293945,5.420000076293945,422.0
2024-10-25 10:51:00+00:00,TWKS,4.459000110626221,4.459000110626221,4.459000110626221,4.449999809265137,4.449999809265137,14355.0
2024-10-25 10:51:00+00:00,TXN,208.97500610351562,208.97500610351562,209.16949462890625,208.97000122070312,209.0749969482422,4493.0
2024-10-25 10:51:00+00:00,UCTT,35.95000076293945,35.95000076293945,35.95000076293945,35.95000076293945,35.95000076293945,449.0
2024-10-25 10:51:00+00:00,VECO,29.479999542236328,29.479999542236328,29.479999542236328,29.479999542236328,29.479999542236328,809.0
2024-10-25 10:51:00+00:00,VERI,3.4800000190734863,3.4800000190734863,3.4800000190734863,3.4800000190734863,3.4800000190734863,452.0
2024-10-25 10:51:00+00:00,VMEO,4.760000228881836,4.760000228881836,4.760000228881836,4.760000228881836,4.760000228881836,414.0
2024-10-25 10:51:00+00:00,VRNS,56.959999084472656,56.959999084472656,56.959999084472656,56.939998626708984,56.959999084472656,1876.0
2024-10-25 10:51:00+00:00,VRNT,22.31999969482422,22.31999969482422,22.31999969482422,22.31999969482422,22.31999969482422,2356.0
2024-10-25 10:51:00+00:00,VSAT,10.28339958190918,10.28339958190918,10.300000190734863,10.28339958190918,10.289999961853027,3372.0
2024-10-25 10:51:00+00:00,WALD,3.5869998931884766,3.5869998931884766,3.5869998931884766,3.5869998931884766,3.5869998931884766,198.0
2024-10-25 10:51:00+00:00,WDC,72.44000244140625,72.44000244140625,72.777099609375,72.30999755859375,72.75499725341797,43328.0
2024-10-25 10:51:00+00:00,WISA,1.840000033378601,1.840000033378601,1.840000033378601,1.8200000524520874,1.8200000524520874,615.0
2024-10-25 10:51:00+00:00,ZM,73.30999755859375,73.30999755859375,73.37999725341797,73.30000305175781,73.37999725341797,4936.0
2024-10-25 10:51:00+00:00,ZS,187.6300048828125,187.6300048828125,187.6300048828125,187.6300048828125,187.6300048828125,383.0
2024-10-25 10:52:00+00:00,AAOI,18.44930076599121,18.44930076599121,18.450000762939453,18.270000457763672,18.280000686645508,38323.0
2024-10-25 10:52:00+00:00,AAPL,232.67860412597656,232.67860412597656,232.71499633789062,232.51010131835938,232.5500030517578,77850.0
2024-10-25 10:52:00+00:00,ACLS,90.7699966430664,90.7699966430664,90.88500213623047,90.76000213623047,90.88500213623047,3141.0
2024-10-25 10:52:00+00:00,ADBE,485.9700012207031,485.9700012207031,486.010009765625,485.69000244140625,485.8800048828125,2410.0
2024-10-25 10:52:00+00:00,ADI,233.2949981689453,233.2949981689453,233.3300018310547,233.27999877929688,233.3300018310547,1493.0
2024-10-25 10:52:00+00:00,ADSK,288.45001220703125,288.45001220703125,288.45001220703125,288.45001220703125,288.45001220703125,478.0
2024-10-25 10:52:00+00:00,ADTN,6.400000095367432,6.400000095367432,6.400000095367432,6.400000095367432,6.400000095367432,585.0
2024-10-25 10:52:00+00:00,AEHR,16.75,16.75,16.770000457763672,16.75,16.75,2263.0
2024-10-25 10:52:00+00:00,AFRM,41.935001373291016,41.935001373291016,41.9900016784668,41.91999816894531,41.959999084472656,22787.0
2024-10-25 10:52:00+00:00,AGMH,1.7999999523162842,1.7999999523162842,1.7999999523162842,1.7999999523162842,1.7999999523162842,171.0
2024-10-25 10:52:00+00:00,AGYS,112.25,112.25,112.25,112.25,112.25,4965.0
2024-10-25 10:52:00+00:00,AKAM,103.2699966430664,103.2699966430664,103.2699966430664,103.2699966430664,103.2699966430664,727.0
2024-10-25 10:52:00+00:00,ALGM,22.469999313354492,22.469999313354492,22.479999542236328,22.440000534057617,22.440000534057617,3866.0
2024-10-25 10:52:00+00:00,ALKT,38.30500030517578,38.30500030517578,38.30500030517578,38.30500030517578,38.30500030517578,144.0
2024-10-25 10:52:00+00:00,AMAT,188.05999755859375,188.05999755859375,188.1300048828125,187.9199981689453,187.9199981689453,4173.0
2024-10-25 10:52:00+00:00,AMBA,58.0,58.0,58.0,57.869998931884766,57.869998931884766,2498.0
2024-10-25 10:52:00+00:00,AMD,157.32000732421875,157.32000732421875,157.3679962158203,157.22999572753906,157.22999572753906,47943.0
2024-10-25 10:52:00+00:00,AMKR,29.969999313354492,29.969999313354492,29.979999542236328,29.969999313354492,29.969999313354492,789.0
2024-10-25 10:52:00+00:00,AMPL,9.260000228881836,9.260000228881836,9.260000228881836,9.25,9.25,1983.0
2024-10-25 10:52:00+00:00,ANSS,326.6650085449219,326.6650085449219,326.6650085449219,326.6650085449219,326.6650085449219,276.0
2024-10-25 10:52:00+00:00,ANY,1.090000033378601,1.090000033378601,1.090000033378601,1.090000033378601,1.090000033378601,527.0
2024-10-25 10:52:00+00:00,API,2.7850000858306885,2.7850000858306885,2.7950000762939453,2.7850000858306885,2.7950000762939453,4217.0
2024-10-25 10:52:00+00:00,APP,163.11000061035156,163.11000061035156,163.19000244140625,163.08999633789062,163.11000061035156,6150.0
2024-10-25 10:52:00+00:00,APPF,217.52999877929688,217.52999877929688,218.5,217.52999877929688,218.5,1657.0
2024-10-25 10:52:00+00:00,APPN,32.314998626708984,32.314998626708984,32.314998626708984,32.314998626708984,32.314998626708984,367.0
2024-10-25 10:52:00+00:00,APPS,3.1198999881744385,3.1198999881744385,3.1198999881744385,3.109999895095825,3.109999895095825,2720.0
2024-10-25 10:52:00+00:00,ARRY,6.409999847412109,6.409999847412109,6.429999828338623,6.40500020980835,6.40500020980835,23225.0
2024-10-25 10:52:00+00:00,ASML,719.5800170898438,719.5800170898438,719.7750244140625,719.3300170898438,719.3300170898438,5479.0
2024-10-25 10:52:00+00:00,AUR,6.465000152587891,6.465000152587891,6.465000152587891,6.460000038146973,6.460000038146973,2146.0
2024-10-25 10:52:00+00:00,AVDX,8.199999809265137,8.199999809265137,8.199999809265137,8.199999809265137,8.199999809265137,32514.0
2024-10-25 10:52:00+00:00,AVGO,175.38999938964844,175.38999938964844,175.4178924560547,175.22000122070312,175.22000122070312,13455.0
2024-10-25 10:52:00+00:00,AVT,54.4900016784668,54.4900016784668,54.51499938964844,54.4900016784668,54.51499938964844,313.0
2024-10-25 10:52:00+00:00,BAND,17.8700008392334,17.8700008392334,17.8700008392334,17.850000381469727,17.850000381469727,746.0
2024-10-25 10:52:00+00:00,BL,56.68000030517578,56.68000030517578,56.709999084472656,56.68000030517578,56.70800018310547,2055.0
2024-10-25 10:52:00+00:00,BLZE,7.309999942779541,7.309999942779541,7.309999942779541,7.289999961853027,7.289999961853027,1666.0
2024-10-25 10:52:00+00:00,BMBL,7.284999847412109,7.284999847412109,7.289999961853027,7.284999847412109,7.284999847412109,9428.0
2024-10-25 10:52:00+00:00,BRZE,30.96500015258789,30.96500015258789,30.969999313354492,30.96500015258789,30.969999313354492,360.0
2024-10-25 10:52:00+00:00,CAMT,78.65499877929688,78.65499877929688,78.65499877929688,78.65499877929688,78.65499877929688,1398.0
2024-10-25 10:52:00+00:00,CAN,0.9976000189781189,0.9976000189781189,0.9976000189781189,0.9973999857902527,0.9973999857902527,2029.0
2024-10-25 10:52:00+00:00,CCSI,20.68000030517578,20.68000030517578,20.732500076293945,20.674999237060547,20.674999237060547,5080.0
2024-10-25 10:52:00+00:00,CDNS,258.8500061035156,258.8500061035156,258.9100036621094,258.7090148925781,258.7850036621094,4051.0
2024-10-25 10:52:00+00:00,CDW,219.2100067138672,219.2100067138672,219.2100067138672,219.2100067138672,219.2100067138672,450.0
2024-10-25 10:52:00+00:00,CFLT,22.579999923706055,22.579999923706055,22.579999923706055,22.549999237060547,22.549999237060547,3865.0
2024-10-25 10:52:00+00:00,CGNX,39.17499923706055,39.17499923706055,39.189998626708984,39.150001525878906,39.150001525878906,2281.0
2024-10-25 10:52:00+00:00,CHKP,207.94500732421875,207.94500732421875,207.94500732421875,207.72000122070312,207.83999633789062,1565.0
2024-10-25 10:52:00+00:00,CLBT,18.200000762939453,18.200000762939453,18.200000762939453,18.200000762939453,18.200000762939453,1362.0
2024-10-25 10:52:00+00:00,CLFD,36.630001068115234,36.630001068115234,36.630001068115234,36.630001068115234,36.630001068115234,110.0
2024-10-25 10:52:00+00:00,CLSK,12.164999961853027,12.164999961853027,12.175399780273438,12.130000114440918,12.130000114440918,130552.0
2024-10-25 10:52:00+00:00,CMTL,3.7300000190734863,3.7300000190734863,3.7300000190734863,3.7300000190734863,3.7300000190734863,286.0
2024-10-25 10:52:00+00:00,CNDT,3.694999933242798,3.694999933242798,3.694999933242798,3.694999933242798,3.694999933242798,697.0
2024-10-25 10:52:00+00:00,CNXC,45.1349983215332,45.1349983215332,45.1349983215332,45.119998931884766,45.119998931884766,1101.0
2024-10-25 10:52:00+00:00,CNXN,70.62000274658203,70.62000274658203,70.62000274658203,70.62000274658203,70.62000274658203,139.0
2024-10-25 10:52:00+00:00,COHR,96.17500305175781,96.17500305175781,96.20999908447266,96.11499786376953,96.11499786376953,5681.0
2024-10-25 10:52:00+00:00,COHU,26.24839973449707,26.24839973449707,26.24839973449707,26.24839973449707,26.24839973449707,584.0
2024-10-25 10:52:00+00:00,COIN,212.24000549316406,212.24000549316406,212.35789489746094,212.02000427246094,212.11000061035156,22319.0
2024-10-25 10:52:00+00:00,COMM,6.440000057220459,6.440000057220459,6.449999809265137,6.440000057220459,6.440000057220459,1131.0
2024-10-25 10:52:00+00:00,CORZ,13.52400016784668,13.52400016784668,13.527600288391113,13.464500427246094,13.470000267028809,15631.0
2024-10-25 10:52:00+00:00,CRDO,39.40999984741211,39.40999984741211,39.40999984741211,39.39500045776367,39.39500045776367,687.0
2024-10-25 10:52:00+00:00,CRNC,2.9149999618530273,2.9149999618530273,2.9149999618530273,2.890000104904175,2.890000104904175,4064.0
2024-10-25 10:52:00+00:00,CRNT,2.4549999237060547,2.4549999237060547,2.4549999237060547,2.450000047683716,2.450000047683716,1100.0
2024-10-25 10:52:00+00:00,CRSR,6.460000038146973,6.460000038146973,6.460000038146973,6.460000038146973,6.460000038146973,1353.0
2024-10-25 10:52:00+00:00,CRUS,122.7593002319336,122.7593002319336,122.7593002319336,122.61499786376953,122.61499786376953,813.0
2024-10-25 10:52:00+00:00,CRWD,310.2099914550781,310.2099914550781,310.2749938964844,310.0000915527344,310.2749938964844,2872.0
2024-10-25 10:52:00+00:00,CSCO,56.16999816894531,56.16999816894531,56.189998626708984,56.15999984741211,56.189998626708984,16512.0
2024-10-25 10:52:00+00:00,CSIQ,13.489999771118164,13.489999771118164,13.489999771118164,13.474300384521484,13.475799560546875,3722.0
2024-10-25 10:52:00+00:00,CTLP,9.119999885559082,9.119999885559082,9.130000114440918,9.119999885559082,9.130000114440918,7336.0
2024-10-25 10:52:00+00:00,CTSH,75.05000305175781,75.05000305175781,75.05999755859375,75.04000091552734,75.05999755859375,2620.0
2024-10-25 10:52:00+00:00,CVLT,134.4949951171875,134.4949951171875,134.4949951171875,134.4949951171875,134.4949951171875,137.0
2024-10-25 10:52:00+00:00,DATS,1.5799000263214111,1.5799000263214111,1.5800000429153442,1.5799000263214111,1.5800000429153442,2100.0
2024-10-25 10:52:00+00:00,DBX,26.139999389648438,26.139999389648438,26.18000030517578,26.139999389648438,26.170000076293945,12124.0
2024-10-25 10:52:00+00:00,DDOG,127.18499755859375,127.18499755859375,127.23989868164062,127.16999816894531,127.2300033569336,3595.0
2024-10-25 10:52:00+00:00,DIOD,66.2300033569336,66.2300033569336,66.2300033569336,66.2300033569336,66.2300033569336,266.0
2024-10-25 10:52:00+00:00,DLO,8.864999771118164,8.864999771118164,8.864999771118164,8.859999656677246,8.859999656677246,771.0
2024-10-25 10:52:00+00:00,DOCU,70.7300033569336,70.7300033569336,70.73999786376953,70.69999694824219,70.7300033569336,6209.0
2024-10-25 10:52:00+00:00,DSWL,2.575000047683716,2.575000047683716,2.575000047683716,2.575000047683716,2.575000047683716,291.0
2024-10-25 10:52:00+00:00,DTSS,2.4200000762939453,2.4200000762939453,2.4200000762939453,2.4200000762939453,2.4200000762939453,200.0
2024-10-25 10:52:00+00:00,DUOL,290.2099914550781,290.2099914550781,290.75,289.0205078125,289.239990234375,9916.0
2024-10-25 10:52:00+00:00,EMKR,2.119999885559082,2.119999885559082,2.119999885559082,2.109999895095825,2.109999895095825,5242.0
2024-10-25 10:52:00+00:00,ENPH,82.23999786376953,82.23999786376953,82.25,82.04000091552734,82.1500015258789,3200.0
2024-10-25 10:52:00+00:00,ENTG,105.06999969482422,105.06999969482422,105.11000061035156,105.05000305175781,105.05000305175781,1660.0
2024-10-25 10:52:00+00:00,EXTR,14.5649995803833,14.5649995803833,14.574999809265137,14.5649995803833,14.5649995803833,3361.0
2024-10-25 10:52:00+00:00,FFIV,216.19000244140625,216.19000244140625,216.19000244140625,216.09500122070312,216.09500122070312,1934.0
2024-10-25 10:52:00+00:00,FIVN,30.684999465942383,30.684999465942383,30.700000762939453,30.670000076293945,30.670000076293945,2016.0
2024-10-25 10:52:00+00:00,FLEX,35.5,35.5,35.5,35.4901008605957,35.4901008605957,1473.0
2024-10-25 10:52:00+00:00,FLYW,17.59000015258789,17.59000015258789,17.600000381469727,17.59000015258789,17.600000381469727,3165.0
2024-10-25 10:52:00+00:00,FORM,45.15999984741211,45.15999984741211,45.15999984741211,45.15999984741211,45.15999984741211,1138.0
2024-10-25 10:52:00+00:00,FROG,29.5049991607666,29.5049991607666,29.510000228881836,29.5,29.5,1495.0
2024-10-25 10:52:00+00:00,FRSH,11.710000038146973,11.710000038146973,11.720000267028809,11.710000038146973,11.720000267028809,36443.0
2024-10-25 10:52:00+00:00,FSLR,198.6195068359375,198.6195068359375,198.6699981689453,198.60000610351562,198.60000610351562,2695.0
2024-10-25 10:52:00+00:00,FTNT,81.70999908447266,81.70999908447266,81.70999908447266,81.66000366210938,81.66000366210938,4357.0
2024-10-25 10:52:00+00:00,GCT,25.530000686645508,25.530000686645508,25.549999237060547,25.52359962463379,25.530000686645508,1790.0
2024-10-25 10:52:00+00:00,GDS,21.56999969482422,21.56999969482422,21.625,21.56999969482422,21.625,3071.0
2024-10-25 10:52:00+00:00,GDYN,15.670000076293945,15.670000076293945,15.670000076293945,15.649999618530273,15.649999618530273,265.0
2024-10-25 10:52:00+00:00,GFS,41.17499923706055,41.17499923706055,41.20000076293945,41.15999984741211,41.15999984741211,2829.0
2024-10-25 10:52:00+00:00,GPRO,1.340000033378601,1.340000033378601,1.340000033378601,1.340000033378601,1.340000033378601,583.0
2024-10-25 10:52:00+00:00,GRAB,4.090000152587891,4.090000152587891,4.090000152587891,4.081099987030029,4.090000152587891,44559.0
2024-10-25 10:52:00+00:00,GSIT,3.3399999141693115,3.3399999141693115,3.3399999141693115,3.3399999141693115,3.3399999141693115,0.0
2024-10-25 10:52:00+00:00,HCP,33.685001373291016,33.685001373291016,33.685001373291016,33.68000030517578,33.68000030517578,2427.0
2024-10-25 10:52:00+00:00,HLIT,14.789999961853027,14.789999961853027,14.789999961853027,14.789999961853027,14.789999961853027,499.0
2024-10-25 10:52:00+00:00,HOLO,3.7249999046325684,3.7249999046325684,3.7249999046325684,3.7249999046325684,3.7249999046325684,0.0
2024-10-25 10:52:00+00:00,HOOD,27.56999969482422,27.56999969482422,27.586000442504883,27.510000228881836,27.510000228881836,83248.0
2024-10-25 10:52:00+00:00,HTCR,1.089900016784668,1.089900016784668,1.089900016784668,1.089900016784668,1.089900016784668,1950.0
2024-10-25 10:52:00+00:00,IDN,2.4200000762939453,2.4200000762939453,2.4200000762939453,2.4200000762939453,2.4200000762939453,333.0
2024-10-25 10:52:00+00:00,IFBD,1.9500000476837158,1.9500000476837158,1.9500000476837158,1.9500000476837158,1.9500000476837158,256.0
2024-10-25 10:52:00+00:00,IMMR,8.829999923706055,8.829999923706055,8.829999923706055,8.829999923706055,8.829999923706055,717.0
2024-10-25 10:52:00+00:00,INDI,3.6050000190734863,3.6050000190734863,3.609999895095825,3.5999999046325684,3.5999999046325684,52434.0
2024-10-25 10:52:00+00:00,INFN,6.78000020980835,6.78000020980835,6.78000020980835,6.78000020980835,6.78000020980835,550.0
2024-10-25 10:52:00+00:00,INTC,23.09000015258789,23.09000015258789,23.114999771118164,23.06999969482422,23.075000762939453,83709.0
2024-10-25 10:52:00+00:00,JG,7.474999904632568,7.474999904632568,7.474999904632568,7.474999904632568,7.474999904632568,1303.0
2024-10-25 10:52:00+00:00,JKHY,185.11000061035156,185.11000061035156,185.2100067138672,185.11000061035156,185.2100067138672,1303.0
2024-10-25 10:52:00+00:00,KC,2.734999895095825,2.734999895095825,2.734999895095825,2.734999895095825,2.734999895095825,3207.0
2024-10-25 10:52:00+00:00,KLAC,677.969970703125,677.969970703125,677.969970703125,677.969970703125,677.969970703125,1895.0
2024-10-25 10:52:00+00:00,KLIC,44.459999084472656,44.459999084472656,44.459999084472656,44.459999084472656,44.459999084472656,1070.0
2024-10-25 10:52:00+00:00,KLTR,1.340000033378601,1.340000033378601,1.340000033378601,1.340000033378601,1.340000033378601,200.0
2024-10-25 10:52:00+00:00,KOPN,0.7573000192642212,0.7573000192642212,0.7573000192642212,0.7573000192642212,0.7573000192642212,256.0
2024-10-25 10:52:00+00:00,KOSS,7.349999904632568,7.349999904632568,7.349999904632568,7.300000190734863,7.300000190734863,1334.0
2024-10-25 10:52:00+00:00,LINK,4.650000095367432,4.650000095367432,4.650000095367432,4.490099906921387,4.490099906921387,11865.0
2024-10-25 10:52:00+00:00,LITE,64.44999694824219,64.44999694824219,64.44999694824219,64.44999694824219,64.44999694824219,433.0
2024-10-25 10:52:00+00:00,LOGI,81.08999633789062,81.08999633789062,81.08999633789062,81.05999755859375,81.06800079345703,1357.0
2024-10-25 10:52:00+00:00,LPSN,1.2000000476837158,1.2000000476837158,1.2000000476837158,1.2000000476837158,1.2000000476837158,4186.0
2024-10-25 10:52:00+00:00,LRCX,78.68000030517578,78.68000030517578,78.70999908447266,78.57499694824219,78.57499694824219,40894.0
2024-10-25 10:52:00+00:00,LSCC,54.470001220703125,54.470001220703125,54.529998779296875,54.400001525878906,54.400001525878906,8369.0
2024-10-25 10:52:00+00:00,LUNA,1.7949999570846558,1.7949999570846558,1.7949999570846558,1.7949999570846558,1.7949999570846558,2300.0
2024-10-25 10:52:00+00:00,LYFT,13.774999618530273,13.774999618530273,13.795999526977539,13.774999618530273,13.779999732971191,11448.0
2024-10-25 10:52:00+00:00,MANH,275.8399963378906,275.8399963378906,276.5199890136719,275.8399963378906,276.5199890136719,1852.0
2024-10-25 10:52:00+00:00,MAPS,0.8450999855995178,0.8450999855995178,0.8463000059127808,0.8450999855995178,0.8463000059127808,1416.0
2024-10-25 10:52:00+00:00,MAXN,5.649099826812744,5.649099826812744,5.659999847412109,5.649099826812744,5.659999847412109,798.0
2024-10-25 10:52:00+00:00,MCHP,76.94499969482422,76.94499969482422,76.95999908447266,76.91999816894531,76.94999694824219,2669.0
2024-10-25 10:52:00+00:00,MDB,269.0849914550781,269.0849914550781,269.0849914550781,269.07000732421875,269.07000732421875,1041.0
2024-10-25 10:52:00+00:00,MKSI,100.56999969482422,100.56999969482422,100.62000274658203,100.5,100.5,3479.0
2024-10-25 10:52:00+00:00,MKTW,0.5830000042915344,0.5830000042915344,0.5830000042915344,0.5830000042915344,0.5830000042915344,1804.0
2024-10-25 10:52:00+00:00,MPWR,909.4650268554688,909.4650268554688,909.4650268554688,909.4650268554688,909.4650268554688,135.0
2024-10-25 10:52:00+00:00,MQ,5.335000038146973,5.335000038146973,5.335000038146973,5.3302001953125,5.3302001953125,1734.0
2024-10-25 10:52:00+00:00,MRAM,6.2779998779296875,6.2779998779296875,6.2779998779296875,6.2779998779296875,6.2779998779296875,408.0
2024-10-25 10:52:00+00:00,MRVL,82.91000366210938,82.91000366210938,82.98999786376953,82.88999938964844,82.93000030517578,12669.0
2024-10-25 10:52:00+00:00,MSFT,430.7300109863281,430.7300109863281,430.7900085449219,430.5249938964844,430.57000732421875,16110.0
2024-10-25 10:52:00+00:00,MSTR,242.6374969482422,242.6374969482422,242.97000122070312,242.26100158691406,242.49929809570312,36491.0
2024-10-25 10:52:00+00:00,MTC,0.37380000948905945,0.37380000948905945,0.37380000948905945,0.37380000948905945,0.37380000948905945,3300.0
2024-10-25 10:52:00+00:00,MTLS,6.0,6.0,6.010000228881836,6.0,6.010000228881836,607.0
2024-10-25 10:52:00+00:00,MTTR,4.65500020980835,4.65500020980835,4.65500020980835,4.654200077056885,4.65500020980835,1893.0
2024-10-25 10:52:00+00:00,MU,109.19999694824219,109.19999694824219,109.30000305175781,109.0999984741211,109.14669799804688,28726.0
2024-10-25 10:52:00+00:00,MVIS,1.1050000190734863,1.1050000190734863,1.1100000143051147,1.1050000190734863,1.1050000190734863,142.0
2024-10-25 10:52:00+00:00,MXL,15.430000305175781,15.430000305175781,15.449999809265137,15.380000114440918,15.380000114440918,4642.0
2024-10-25 10:52:00+00:00,MYSZ,1.659999966621399,1.659999966621399,1.659999966621399,1.659999966621399,1.659999966621399,155.0
2024-10-25 10:52:00+00:00,NCNO,38.20000076293945,38.20000076293945,38.209999084472656,38.20000076293945,38.209999084472656,965.0
2024-10-25 10:52:00+00:00,NTAP,120.37999725341797,120.37999725341797,120.37999725341797,120.375,120.375,1628.0
2024-10-25 10:52:00+00:00,NTCT,20.635000228881836,20.635000228881836,20.635000228881836,20.635000228881836,20.635000228881836,1176.0
2024-10-25 10:52:00+00:00,NTNX,62.68000030517578,62.68000030517578,62.68000030517578,62.66999816894531,62.66999816894531,1429.0
2024-10-25 10:52:00+00:00,NVDA,143.47000122070312,143.47000122070312,143.5,143.27000427246094,143.29989624023438,340320.0
2024-10-25 10:52:00+00:00,NVEI,33.54499816894531,33.54499816894531,33.54499816894531,33.54499816894531,33.54499816894531,207.0
2024-10-25 10:52:00+00:00,NVMI,184.10499572753906,184.10499572753906,184.10499572753906,184.0050048828125,184.0050048828125,486.0
2024-10-25 10:52:00+00:00,NVTS,2.6047000885009766,2.6047000885009766,2.6050000190734863,2.5999999046325684,2.6050000190734863,3008.0
2024-10-25 10:52:00+00:00,NXPI,244.4149932861328,244.4149932861328,244.52000427246094,244.25,244.25,6458.0
2024-10-25 10:52:00+00:00,OKTA,72.80000305175781,72.80000305175781,72.80500030517578,72.80000305175781,72.80500030517578,1414.0
2024-10-25 10:52:00+00:00,ON,71.66999816894531,71.66999816894531,71.68000030517578,71.55999755859375,71.55999755859375,24357.0
2024-10-25 10:52:00+00:00,OSIS,136.11000061035156,136.11000061035156,136.11000061035156,136.11000061035156,136.11000061035156,985.0
2024-10-25 10:52:00+00:00,OSS,2.440000057220459,2.440000057220459,2.440000057220459,2.440000057220459,2.440000057220459,900.0
2024-10-25 10:52:00+00:00,PANW,371.57000732421875,371.57000732421875,371.6199951171875,371.57000732421875,371.572509765625,2742.0
2024-10-25 10:52:00+00:00,PAYO,8.335000038146973,8.335000038146973,8.335000038146973,8.324999809265137,8.329999923706055,2747.0
2024-10-25 10:52:00+00:00,PAYS,3.75,3.75,3.75,3.75,3.75,131.0
2024-10-25 10:52:00+00:00,PCTY,173.05999755859375,173.05999755859375,173.05999755859375,173.05999755859375,173.05999755859375,127.0
2024-10-25 10:52:00+00:00,PEGA,81.1500015258789,81.1500015258789,81.16000366210938,81.11000061035156,81.16000366210938,1673.0
2024-10-25 10:52:00+00:00,PEGY,4.628399848937988,4.628399848937988,4.628399848937988,4.628399848937988,4.628399848937988,438.0
2024-10-25 10:52:00+00:00,PET,0.8100000023841858,0.8100000023841858,0.8100000023841858,0.8100000023841858,0.8100000023841858,100.0
2024-10-25 10:52:00+00:00,PGY,11.760000228881836,11.760000228881836,11.760000228881836,11.710000038146973,11.710000038146973,1461.0
2024-10-25 10:52:00+00:00,PHUN,9.710000038146973,9.710000038146973,9.77299976348877,9.699999809265137,9.770000457763672,76282.0
2024-10-25 10:52:00+00:00,PI,201.36000061035156,201.36000061035156,201.74000549316406,201.36000061035156,201.74000549316406,1147.0
2024-10-25 10:52:00+00:00,PLAB,23.68000030517578,23.68000030517578,23.68000030517578,23.68000030517578,23.68000030517578,626.0
2024-10-25 10:52:00+00:00,POET,4.0295000076293945,4.0295000076293945,4.029900074005127,4.019999980926514,4.029900074005127,3404.0
2024-10-25 10:52:00+00:00,PUBM,15.130000114440918,15.130000114440918,15.130000114440918,15.130000114440918,15.130000114440918,578.0
2024-10-25 10:52:00+00:00,PYCR,14.420000076293945,14.420000076293945,14.4399995803833,14.420000076293945,14.4399995803833,1225.0
2024-10-25 10:52:00+00:00,QCOM,172.3000030517578,172.3000030517578,172.32000732421875,172.14999389648438,172.16000366210938,8450.0
2024-10-25 10:52:00+00:00,QRVO,99.9000015258789,99.9000015258789,99.91000366210938,99.87000274658203,99.9000015258789,2725.0
2024-10-25 10:52:00+00:00,QUBT,1.1200000047683716,1.1200000047683716,1.125,1.1100000143051147,1.125,20634.0
2024-10-25 10:52:00+00:00,RCAT,2.7472000122070312,2.7472000122070312,2.7472000122070312,2.7472000122070312,2.7472000122070312,489.0
2024-10-25 10:52:00+00:00,REKR,1.100000023841858,1.100000023841858,1.100000023841858,1.100000023841858,1.100000023841858,100.0
2024-10-25 10:52:00+00:00,RELY,14.779999732971191,14.779999732971191,14.789999961853027,14.770000457763672,14.789999961853027,1913.0
2024-10-25 10:52:00+00:00,RGTI,1.284999966621399,1.284999966621399,1.2899999618530273,1.2799999713897705,1.2899999618530273,5710.0
2024-10-25 10:52:00+00:00,RIOT,10.20989990234375,10.20989990234375,10.210000038146973,10.1850004196167,10.1850004196167,56629.0
2024-10-25 10:52:00+00:00,RMBS,42.915000915527344,42.915000915527344,42.939998626708984,42.900001525878906,42.900001525878906,1980.0
2024-10-25 10:52:00+00:00,RMNI,1.7400000095367432,1.7400000095367432,1.7400000095367432,1.7400000095367432,1.7400000095367432,146.0
2024-10-25 10:52:00+00:00,RUM,5.809999942779541,5.809999942779541,5.809999942779541,5.809999942779541,5.809999942779541,2076.0
2024-10-25 10:52:00+00:00,RUN,14.444000244140625,14.444000244140625,14.449999809265137,14.40999984741211,14.40999984741211,15336.0
2024-10-25 10:52:00+00:00,RXT,2.569999933242798,2.569999933242798,2.569999933242798,2.569999933242798,2.569999933242798,660.0
2024-10-25 10:52:00+00:00,SANM,67.94000244140625,67.94000244140625,67.94000244140625,67.94000244140625,67.94000244140625,384.0
2024-10-25 10:52:00+00:00,SEDG,15.800000190734863,15.800000190734863,15.800000190734863,15.739999771118164,15.739999771118164,10132.0
2024-10-25 10:52:00+00:00,SHLS,5.21999979019165,5.21999979019165,5.224999904632568,5.21999979019165,5.21999979019165,3293.0
2024-10-25 10:52:00+00:00,SLAB,114.91500091552734,114.91500091552734,114.91500091552734,114.91500091552734,114.91500091552734,196.0
2024-10-25 10:52:00+00:00,SLNH,4.204999923706055,4.204999923706055,4.230000019073486,4.199999809265137,4.199999809265137,834.0
2024-10-25 10:52:00+00:00,SLNHP,12.649999618530273,12.649999618530273,12.649999618530273,12.630000114440918,12.630000114440918,3502.0
2024-10-25 10:52:00+00:00,SMCI,47.92409896850586,47.92409896850586,47.97999954223633,47.774898529052734,47.78499984741211,80736.0
2024-10-25 10:52:00+00:00,SMTC,45.63999938964844,45.63999938964844,45.63999938964844,45.58000183105469,45.58000183105469,1924.0
2024-10-25 10:52:00+00:00,SNCR,10.820099830627441,10.820099830627441,10.820099830627441,10.820099830627441,10.820099830627441,600.0
2024-10-25 10:52:00+00:00,SNPS,504.5849914550781,504.5849914550781,504.5849914550781,504.1321105957031,504.1321105957031,3735.0
2024-10-25 10:52:00+00:00,SONO,12.880000114440918,12.880000114440918,12.885499954223633,12.869999885559082,12.869999885559082,3029.0
2024-10-25 10:52:00+00:00,SOUN,5.295000076293945,5.295000076293945,5.300000190734863,5.284999847412109,5.284999847412109,18837.0
2024-10-25 10:52:00+00:00,SPNS,37.2400016784668,37.2400016784668,37.2400016784668,37.2400016784668,37.2400016784668,294.0
2024-10-25 10:52:00+00:00,SRAD,12.390000343322754,12.390000343322754,12.399999618530273,12.390000343322754,12.399999618530273,6461.0
2024-10-25 10:52:00+00:00,SSNC,69.52899932861328,69.52899932861328,69.56500244140625,69.51499938964844,69.52999877929688,9297.0
2024-10-25 10:52:00+00:00,SSYS,7.156199932098389,7.156199932098389,7.156199932098389,7.150000095367432,7.150000095367432,879.0
2024-10-25 10:52:00+00:00,STER,16.75,16.75,16.75,16.75,16.75,5419.0
2024-10-25 10:52:00+00:00,STNE,11.552800178527832,11.552800178527832,11.59000015258789,11.55109977722168,11.579999923706055,14956.0
2024-10-25 10:52:00+00:00,STX,104.78500366210938,104.78500366210938,104.79000091552734,104.7750015258789,104.7750015258789,1225.0
2024-10-25 10:52:00+00:00,SVRE,0.0820000022649765,0.0820000022649765,0.0820000022649765,0.0820000022649765,0.0820000022649765,319.0
2024-10-25 10:52:00+00:00,SWKS,95.88999938964844,95.88999938964844,95.9000015258789,95.87000274658203,95.9000015258789,4358.0
2024-10-25 10:52:00+00:00,SYTA,1.225000023841858,1.225000023841858,1.2350000143051147,1.2100000381469727,1.2329000234603882,17847.0
2024-10-25 10:52:00+00:00,TEAM,190.9199981689453,190.9199981689453,190.9199981689453,190.9199981689453,190.9199981689453,672.0
2024-10-25 10:52:00+00:00,TENB,41.529998779296875,41.529998779296875,41.529998779296875,41.529998779296875,41.529998779296875,510.0
2024-10-25 10:52:00+00:00,TER,113.04499816894531,113.04499816894531,113.1500015258789,113.0,113.0,5334.0
2024-10-25 10:52:00+00:00,TRMB,61.14500045776367,61.14500045776367,61.14500045776367,61.119998931884766,61.119998931884766,1622.0
2024-10-25 10:52:00+00:00,TTD,120.5999984741211,120.5999984741211,120.5999984741211,120.47000122070312,120.51000213623047,4623.0
2024-10-25 10:52:00+00:00,TTEC,5.440000057220459,5.440000057220459,5.440000057220459,5.440000057220459,5.440000057220459,1145.0
2024-10-25 10:52:00+00:00,TTMI,19.639999389648438,19.639999389648438,19.639999389648438,19.639999389648438,19.639999389648438,1655.0
2024-10-25 10:52:00+00:00,TWKS,4.449999809265137,4.449999809265137,4.449999809265137,4.449999809265137,4.449999809265137,1089.0
2024-10-25 10:52:00+00:00,TXN,208.9600067138672,208.9600067138672,209.10000610351562,208.9600067138672,208.97999572753906,9604.0
2024-10-25 10:52:00+00:00,UCTT,35.970001220703125,35.970001220703125,35.970001220703125,35.970001220703125,35.970001220703125,278.0
2024-10-25 10:52:00+00:00,VERI,3.5199999809265137,3.5199999809265137,3.5199999809265137,3.490000009536743,3.490000009536743,787.0
2024-10-25 10:52:00+00:00,VIAV,9.229999542236328,9.229999542236328,9.229999542236328,9.229999542236328,9.229999542236328,1400.0
2024-10-25 10:52:00+00:00,VICR,46.900001525878906,46.900001525878906,46.900001525878906,46.900001525878906,46.900001525878906,460.0
2024-10-25 10:52:00+00:00,VMEO,4.769999980926514,4.769999980926514,4.769999980926514,4.769999980926514,4.769999980926514,654.0
2024-10-25 10:52:00+00:00,VOXX,7.619999885559082,7.619999885559082,7.619999885559082,7.579999923706055,7.579999923706055,852.0
2024-10-25 10:52:00+00:00,VRNS,56.939998626708984,56.939998626708984,56.96500015258789,56.939998626708984,56.939998626708984,559.0
2024-10-25 10:52:00+00:00,VSAT,10.3149995803833,10.3149995803833,10.3149995803833,10.300000190734863,10.300000190734863,1327.0
2024-10-25 10:52:00+00:00,VUZI,1.302299976348877,1.302299976348877,1.302299976348877,1.302299976348877,1.302299976348877,2162.0
2024-10-25 10:52:00+00:00,WDAY,241.13999938964844,241.13999938964844,241.2449951171875,241.13999938964844,241.2449951171875,1727.0
2024-10-25 10:52:00+00:00,WDC,72.5,72.5,72.5873031616211,72.44000244140625,72.5,26916.0
2024-10-25 10:52:00+00:00,WISA,1.8300000429153442,1.8300000429153442,1.8300000429153442,1.7999999523162842,1.8200000524520874,20423.0
2024-10-25 10:52:00+00:00,WIX,165.89999389648438,165.89999389648438,165.89999389648438,165.89999389648438,165.89999389648438,513.0
2024-10-25 10:52:00+00:00,XRX,10.170000076293945,10.170000076293945,10.220000267028809,10.170000076293945,10.210000038146973,3514.0
2024-10-25 10:52:00+00:00,ZBRA,364.8500061035156,364.8500061035156,364.8500061035156,364.1449890136719,364.1449890136719,46833.0
2024-10-25 10:52:00+00:00,ZI,10.595000267028809,10.595000267028809,10.600000381469727,10.569999694824219,10.569999694824219,5179.0
2024-10-25 10:52:00+00:00,ZM,73.33999633789062,73.33999633789062,73.33999633789062,73.30999755859375,73.33000183105469,3612.0
2024-10-25 10:52:00+00:00,ZS,187.6300048828125,187.6300048828125,187.6300048828125,187.5,187.5,2602.0
2024-10-25 10:53:00+00:00,AAOI,18.47800064086914,18.47800064086914,18.489999771118164,18.420000076293945,18.434999465942383,12275.0
2024-10-25 10:53:00+00:00,AAPL,232.77999877929688,232.77999877929688,232.82000732421875,232.69000244140625,232.72000122070312,84915.0
2024-10-25 10:53:00+00:00,ACLS,90.81169891357422,90.81169891357422,90.81169891357422,90.81169891357422,90.81169891357422,284.0
2024-10-25 10:53:00+00:00,ACMR,19.829999923706055,19.829999923706055,19.829999923706055,19.829999923706055,19.829999923706055,1021.0
2024-10-25 10:53:00+00:00,ADBE,485.6099853515625,485.6099853515625,485.8399963378906,485.5130920410156,485.8399963378906,3907.0
2024-10-25 10:53:00+00:00,ADI,233.24989318847656,233.24989318847656,233.24989318847656,233.24989318847656,233.24989318847656,334.0
2024-10-25 10:53:00+00:00,ADSK,288.510009765625,288.510009765625,288.510009765625,288.510009765625,288.510009765625,173.0
2024-10-25 10:53:00+00:00,ADTN,6.400000095367432,6.400000095367432,6.400000095367432,6.394999980926514,6.394999980926514,1017.0
2024-10-25 10:53:00+00:00,AEHR,16.688400268554688,16.688400268554688,16.739999771118164,16.65999984741211,16.739999771118164,2833.0
2024-10-25 10:53:00+00:00,AEYE,23.329999923706055,23.329999923706055,23.329999923706055,23.170000076293945,23.170000076293945,5703.0
2024-10-25 10:53:00+00:00,AFRM,41.97999954223633,41.97999954223633,41.9900016784668,41.93000030517578,41.93000030517578,11933.0
2024-10-25 10:53:00+00:00,AGYS,112.26000213623047,112.26000213623047,112.26000213623047,112.26000213623047,112.26000213623047,476.0
2024-10-25 10:53:00+00:00,AKAM,103.25,103.25,103.25,103.25,103.25,649.0
2024-10-25 10:53:00+00:00,ALGM,22.440000534057617,22.440000534057617,22.469999313354492,22.440000534057617,22.469999313354492,4227.0
2024-10-25 10:53:00+00:00,ALKT,38.310001373291016,38.310001373291016,38.310001373291016,38.30500030517578,38.30500030517578,776.0
2024-10-25 10:53:00+00:00,ALTR,105.88249969482422,105.88249969482422,105.94000244140625,105.88249969482422,105.94000244140625,605.0
2024-10-25 10:53:00+00:00,AMAT,188.0,188.0,188.12399291992188,187.9300994873047,188.07000732421875,9906.0
2024-10-25 10:53:00+00:00,AMD,157.1999969482422,157.1999969482422,157.3300018310547,157.1699981689453,157.3249969482422,43513.0
2024-10-25 10:53:00+00:00,AMKR,29.969999313354492,29.969999313354492,29.969999313354492,29.969999313354492,29.969999313354492,1709.0
2024-10-25 10:53:00+00:00,AMPG,1.0585999488830566,1.0585999488830566,1.0585999488830566,1.0585999488830566,1.0585999488830566,475.0
2024-10-25 10:53:00+00:00,AMPL,9.270000457763672,9.270000457763672,9.270000457763672,9.270000457763672,9.270000457763672,1307.0
2024-10-25 10:53:00+00:00,ANSS,327.2749938964844,327.2749938964844,327.3299865722656,326.82000732421875,326.989990234375,3045.0
2024-10-25 10:53:00+00:00,ANY,1.0950000286102295,1.0950000286102295,1.0950000286102295,1.0950000286102295,1.0950000286102295,3519.0
2024-10-25 10:53:00+00:00,AOSL,36.435001373291016,36.435001373291016,36.435001373291016,36.34000015258789,36.34000015258789,318.0
2024-10-25 10:53:00+00:00,API,2.7850000858306885,2.7850000858306885,2.7850000858306885,2.7799999713897705,2.7850000858306885,36322.0
2024-10-25 10:53:00+00:00,APP,163.35989379882812,163.35989379882812,163.35989379882812,163.07000732421875,163.08999633789062,5741.0
2024-10-25 10:53:00+00:00,APPF,218.10000610351562,218.10000610351562,218.10000610351562,217.48899841308594,217.76499938964844,2230.0
2024-10-25 10:53:00+00:00,APPN,32.290000915527344,32.290000915527344,32.290000915527344,32.290000915527344,32.290000915527344,390.0
2024-10-25 10:53:00+00:00,APPS,3.119999885559082,3.119999885559082,3.125,3.119999885559082,3.119999885559082,1412.0
2024-10-25 10:53:00+00:00,ARBE,1.9049999713897705,1.9049999713897705,1.9049999713897705,1.9049999713897705,1.9049999713897705,286.0
2024-10-25 10:53:00+00:00,ARQQ,7.4355998039245605,7.4355998039245605,7.5,7.4355998039245605,7.5,481.0
2024-10-25 10:53:00+00:00,ARRY,6.394999980926514,6.394999980926514,6.40500020980835,6.380000114440918,6.40500020980835,7221.0
2024-10-25 10:53:00+00:00,ASML,719.6505126953125,719.6505126953125,719.7899780273438,719.6505126953125,719.7899780273438,1516.0
2024-10-25 10:53:00+00:00,AUR,6.46999979019165,6.46999979019165,6.46999979019165,6.465000152587891,6.469399929046631,2813.0
2024-10-25 10:53:00+00:00,AVDX,8.210000038146973,8.210000038146973,8.21500015258789,8.199999809265137,8.199999809265137,18491.0
2024-10-25 10:53:00+00:00,AVGO,175.27999877929688,175.27999877929688,175.41000366210938,175.19000244140625,175.38999938964844,22859.0
2024-10-25 10:53:00+00:00,AVT,54.56999969482422,54.56999969482422,54.56999969482422,54.4900016784668,54.4900016784668,795.0
2024-10-25 10:53:00+00:00,AXTI,2.6600000858306885,2.6600000858306885,2.6600000858306885,2.6600000858306885,2.6600000858306885,200.0
2024-10-25 10:53:00+00:00,BAND,17.8700008392334,17.8700008392334,17.8700008392334,17.8700008392334,17.8700008392334,231.0
2024-10-25 10:53:00+00:00,BL,56.650001525878906,56.650001525878906,56.68000030517578,56.650001525878906,56.68000030517578,2678.0
2024-10-25 10:53:00+00:00,BMBL,7.300000190734863,7.300000190734863,7.300000190734863,7.295000076293945,7.295000076293945,3249.0
2024-10-25 10:53:00+00:00,BOXL,0.47510001063346863,0.47510001063346863,0.47510001063346863,0.47510001063346863,0.47510001063346863,693.0
2024-10-25 10:53:00+00:00,BRZE,30.959999084472656,30.959999084472656,30.959999084472656,30.950000762939453,30.950000762939453,2162.0
2024-10-25 10:53:00+00:00,CAN,0.9973999857902527,0.9973999857902527,0.9975000023841858,0.9973999857902527,0.9975000023841858,877.0
2024-10-25 10:53:00+00:00,CCSI,20.65999984741211,20.65999984741211,20.670000076293945,20.65999984741211,20.670000076293945,1493.0
2024-10-25 10:53:00+00:00,CDNS,258.6499938964844,258.6499938964844,258.8450012207031,258.57000732421875,258.8450012207031,4342.0
2024-10-25 10:53:00+00:00,CETX,0.2969000041484833,0.2969000041484833,0.29789999127388,0.29679998755455017,0.29789999127388,2502.0
2024-10-25 10:53:00+00:00,CFLT,22.665000915527344,22.665000915527344,22.667999267578125,22.575000762939453,22.579999923706055,10652.0
2024-10-25 10:53:00+00:00,CGNX,39.17499923706055,39.17499923706055,39.17499923706055,39.17499923706055,39.17499923706055,101.0
2024-10-25 10:53:00+00:00,CHKP,207.80499267578125,207.80499267578125,207.80499267578125,207.80499267578125,207.80499267578125,3183.0
2024-10-25 10:53:00+00:00,CLSK,12.13010025024414,12.13010025024414,12.160200119018555,12.11400032043457,12.160200119018555,92247.0
2024-10-25 10:53:00+00:00,CNXC,45.130001068115234,45.130001068115234,45.130001068115234,45.130001068115234,45.130001068115234,391.0
2024-10-25 10:53:00+00:00,CNXN,70.62000274658203,70.62000274658203,70.62000274658203,70.62000274658203,70.62000274658203,1746.0
2024-10-25 10:53:00+00:00,COHR,96.19999694824219,96.19999694824219,96.20999908447266,96.16000366210938,96.20999908447266,3379.0
2024-10-25 10:53:00+00:00,COHU,26.270000457763672,26.270000457763672,26.270000457763672,26.270000457763672,26.270000457763672,202.0
2024-10-25 10:53:00+00:00,COIN,211.9499969482422,211.9499969482422,212.18499755859375,211.8000030517578,212.18499755859375,7168.0
2024-10-25 10:53:00+00:00,COMM,6.441400051116943,6.441400051116943,6.441400051116943,6.440000057220459,6.440000057220459,1158.0
2024-10-25 10:53:00+00:00,CORZ,13.520000457763672,13.520000457763672,13.524999618530273,13.5,13.524999618530273,7026.0
2024-10-25 10:53:00+00:00,CRDO,39.349998474121094,39.349998474121094,39.4099006652832,39.349998474121094,39.38999938964844,1456.0
2024-10-25 10:53:00+00:00,CRNC,2.9149999618530273,2.9149999618530273,2.9149999618530273,2.9149999618530273,2.9149999618530273,11831.0
2024-10-25 10:53:00+00:00,CRNT,2.4551000595092773,2.4551000595092773,2.4551000595092773,2.4551000595092773,2.4551000595092773,500.0
2024-10-25 10:53:00+00:00,CRWD,309.95001220703125,309.95001220703125,310.010009765625,309.8700866699219,310.010009765625,1594.0
2024-10-25 10:53:00+00:00,CSCO,56.189998626708984,56.189998626708984,56.189998626708984,56.150001525878906,56.16999816894531,25005.0
2024-10-25 10:53:00+00:00,CSIQ,13.479999542236328,13.479999542236328,13.5,13.470000267028809,13.489999771118164,4967.0
2024-10-25 10:53:00+00:00,CTSH,75.05000305175781,75.05000305175781,75.05000305175781,75.05000305175781,75.05000305175781,1874.0
2024-10-25 10:53:00+00:00,CVLT,134.52499389648438,134.52499389648438,134.52499389648438,134.47999572753906,134.47999572753906,1857.0
2024-10-25 10:53:00+00:00,CYBR,295.7539978027344,295.7539978027344,295.7539978027344,295.7539978027344,295.7539978027344,253.0
2024-10-25 10:53:00+00:00,DBX,26.190000534057617,26.190000534057617,26.19499969482422,26.135000228881836,26.139999389648438,30231.0
2024-10-25 10:53:00+00:00,DCBO,46.14500045776367,46.14500045776367,46.14500045776367,46.14500045776367,46.14500045776367,241.0
2024-10-25 10:53:00+00:00,DDOG,127.09500122070312,127.09500122070312,127.16000366210938,127.08000183105469,127.12000274658203,6115.0
2024-10-25 10:53:00+00:00,DGHI,1.4199999570846558,1.4199999570846558,1.4199999570846558,1.4199999570846558,1.4199999570846558,234.0
2024-10-25 10:53:00+00:00,DGII,30.520000457763672,30.520000457763672,30.520000457763672,30.440000534057617,30.450000762939453,3782.0
2024-10-25 10:53:00+00:00,DLO,8.850000381469727,8.850000381469727,8.850000381469727,8.850000381469727,8.850000381469727,808.0
2024-10-25 10:53:00+00:00,DMRC,31.235000610351562,31.235000610351562,31.25830078125,31.235000610351562,31.25830078125,654.0
2024-10-25 10:53:00+00:00,DOCU,70.69999694824219,70.69999694824219,70.72000122070312,70.67500305175781,70.72000122070312,3737.0
2024-10-25 10:53:00+00:00,DTST,3.4800000190734863,3.4800000190734863,3.4800000190734863,3.440000057220459,3.440000057220459,2541.0
2024-10-25 10:53:00+00:00,DUOL,290.6000061035156,290.6000061035156,290.9100036621094,290.19000244140625,290.9100036621094,6334.0
2024-10-25 10:53:00+00:00,EEFT,101.88999938964844,101.88999938964844,101.94000244140625,101.88999938964844,101.94000244140625,1345.0
2024-10-25 10:53:00+00:00,ENPH,82.27999877929688,82.27999877929688,82.29000091552734,82.19000244140625,82.25,5664.0
2024-10-25 10:53:00+00:00,ERIC,8.515000343322754,8.515000343322754,8.515999794006348,8.515000343322754,8.515999794006348,6075.0
2024-10-25 10:53:00+00:00,EXLS,39.09000015258789,39.09000015258789,39.09000015258789,39.09000015258789,39.09000015258789,930.0
2024-10-25 10:53:00+00:00,FEIM,12.270000457763672,12.270000457763672,12.270000457763672,12.220000267028809,12.270000457763672,600.0
2024-10-25 10:53:00+00:00,FIVN,30.700000762939453,30.700000762939453,30.700000762939453,30.700000762939453,30.700000762939453,893.0
2024-10-25 10:53:00+00:00,FLEX,35.5,35.5,35.5,35.47999954223633,35.47999954223633,3114.0
2024-10-25 10:53:00+00:00,FRSH,11.704999923706055,11.704999923706055,11.71500015258789,11.699999809265137,11.71500015258789,23677.0
2024-10-25 10:53:00+00:00,FSLR,198.9199981689453,198.9199981689453,198.9199981689453,198.79519653320312,198.79519653320312,1014.0
2024-10-25 10:53:00+00:00,FTCI,0.7035999894142151,0.7035999894142151,0.7035999894142151,0.7035999894142151,0.7035999894142151,2232.0
2024-10-25 10:53:00+00:00,FTNT,81.66000366210938,81.66000366210938,81.69999694824219,81.66000366210938,81.69999694824219,1801.0
2024-10-25 10:53:00+00:00,GCT,25.53499984741211,25.53499984741211,25.53499984741211,25.49020004272461,25.530000686645508,1634.0
2024-10-25 10:53:00+00:00,GDS,21.6299991607666,21.6299991607666,21.6299991607666,21.579999923706055,21.584999084472656,2925.0
2024-10-25 10:53:00+00:00,GDYN,15.65999984741211,15.65999984741211,15.65999984741211,15.65999984741211,15.65999984741211,194.0
2024-10-25 10:53:00+00:00,GFS,41.189998626708984,41.189998626708984,41.20000076293945,41.18000030517578,41.18000030517578,7464.0
2024-10-25 10:53:00+00:00,GPRO,1.3301000595092773,1.3301000595092773,1.340000033378601,1.3301000595092773,1.3350000381469727,29139.0
2024-10-25 10:53:00+00:00,GRAB,4.085000038146973,4.085000038146973,4.090000152587891,4.080100059509277,4.085000038146973,49885.0
2024-10-25 10:53:00+00:00,GTLB,55.75,55.75,55.75,55.72999954223633,55.72999954223633,492.0
2024-10-25 10:53:00+00:00,HCP,33.689998626708984,33.689998626708984,33.689998626708984,33.689998626708984,33.689998626708984,200.0
2024-10-25 10:53:00+00:00,HEAR,16.639999389648438,16.639999389648438,16.649999618530273,16.639999389648438,16.649999618530273,458.0
2024-10-25 10:53:00+00:00,HIMX,6.204999923706055,6.204999923706055,6.204999923706055,6.204999923706055,6.204999923706055,456.0
2024-10-25 10:53:00+00:00,HOLO,3.733599901199341,3.733599901199341,3.7499001026153564,3.72189998626709,3.7300000190734863,2681.0
2024-10-25 10:53:00+00:00,HOOD,27.549999237060547,27.549999237060547,27.575000762939453,27.540000915527344,27.570100784301758,19759.0
2024-10-25 10:53:00+00:00,IMMR,8.833399772644043,8.833399772644043,8.84000015258789,8.819999694824219,8.819999694824219,2077.0
2024-10-25 10:53:00+00:00,INDI,3.5850000381469727,3.5850000381469727,3.609999895095825,3.5850000381469727,3.609999895095825,24228.0
2024-10-25 10:53:00+00:00,INFN,6.78000020980835,6.78000020980835,6.78000020980835,6.78000020980835,6.78000020980835,2366.0
2024-10-25 10:53:00+00:00,INOD,19.87470054626465,19.87470054626465,19.87470054626465,19.87470054626465,19.87470054626465,171.0
2024-10-25 10:53:00+00:00,INTA,49.90999984741211,49.90999984741211,49.90999984741211,49.90999984741211,49.90999984741211,411.0
2024-10-25 10:53:00+00:00,INTC,23.079999923706055,23.079999923706055,23.094999313354492,23.075000762939453,23.09000015258789,89388.0
2024-10-25 10:53:00+00:00,INTU,612.6699829101562,612.6699829101562,612.7999877929688,612.6699829101562,612.7999877929688,1391.0
2024-10-25 10:53:00+00:00,IPGP,77.19999694824219,77.19999694824219,77.19999694824219,77.19999694824219,77.19999694824219,1565.0
2024-10-25 10:53:00+00:00,ITI,7.199999809265137,7.199999809265137,7.199999809265137,7.195000171661377,7.195000171661377,727.0
2024-10-25 10:53:00+00:00,JKHY,184.83999633789062,184.83999633789062,185.14500427246094,184.83999633789062,185.14500427246094,1142.0
2024-10-25 10:53:00+00:00,KC,2.734999895095825,2.734999895095825,2.7363998889923096,2.734999895095825,2.734999895095825,5122.0
2024-10-25 10:53:00+00:00,KLAC,677.7100219726562,677.7100219726562,677.7100219726562,677.1701049804688,677.5700073242188,1043.0
2024-10-25 10:53:00+00:00,KLIC,44.470001220703125,44.470001220703125,44.47999954223633,44.470001220703125,44.47999954223633,2035.0
2024-10-25 10:53:00+00:00,KLTR,1.340000033378601,1.340000033378601,1.340000033378601,1.340000033378601,1.340000033378601,58.0
2024-10-25 10:53:00+00:00,KOPN,0.7573000192642212,0.7573000192642212,0.7573000192642212,0.7573000192642212,0.7573000192642212,242.0
2024-10-25 10:53:00+00:00,KPLT,8.800000190734863,8.800000190734863,8.800000190734863,8.800000190734863,8.800000190734863,698.0
2024-10-25 10:53:00+00:00,LINK,4.570099830627441,4.570099830627441,4.699999809265137,4.570099830627441,4.590000152587891,21978.0
2024-10-25 10:53:00+00:00,LITE,64.37010192871094,64.37010192871094,64.37010192871094,64.37010192871094,64.37010192871094,467.0
2024-10-25 10:53:00+00:00,LOGI,81.08999633789062,81.08999633789062,81.1050033569336,81.08999633789062,81.1050033569336,555.0
2024-10-25 10:53:00+00:00,LPSN,1.1900999546051025,1.1900999546051025,1.1950000524520874,1.1900999546051025,1.1950000524520874,5001.0
2024-10-25 10:53:00+00:00,LRCX,78.70999908447266,78.70999908447266,78.70999908447266,78.62999725341797,78.68000030517578,32733.0
2024-10-25 10:53:00+00:00,LSCC,54.5099983215332,54.5099983215332,54.5099983215332,54.439998626708984,54.45500183105469,3045.0
2024-10-25 10:53:00+00:00,LUNA,1.7949999570846558,1.7949999570846558,1.7999999523162842,1.7949999570846558,1.7999999523162842,4004.0
2024-10-25 10:53:00+00:00,LYFT,13.789999961853027,13.789999961853027,13.789999961853027,13.774999618530273,13.774999618530273,6835.0
2024-10-25 10:53:00+00:00,MCHP,76.87999725341797,76.87999725341797,76.94000244140625,76.87999725341797,76.94000244140625,1906.0
2024-10-25 10:53:00+00:00,MDB,268.57000732421875,268.57000732421875,269.19500732421875,268.4700012207031,269.19500732421875,3775.0
2024-10-25 10:53:00+00:00,MKTW,0.5830000042915344,0.5830000042915344,0.5830000042915344,0.5830000042915344,0.5830000042915344,7478.0
2024-10-25 10:53:00+00:00,MNDY,300.20001220703125,300.20001220703125,300.5249938964844,300.20001220703125,300.5249938964844,1095.0
2024-10-25 10:53:00+00:00,MPWR,909.10498046875,909.10498046875,910.3350830078125,908.75,908.75,1405.0
2024-10-25 10:53:00+00:00,MRVL,82.87999725341797,82.87999725341797,82.87999725341797,82.8499984741211,82.86499786376953,5718.0
2024-10-25 10:53:00+00:00,MSFT,430.6199951171875,430.6199951171875,430.7998046875,430.54998779296875,430.6700134277344,24315.0
2024-10-25 10:53:00+00:00,MSTR,241.7050018310547,241.7050018310547,242.64100646972656,241.14999389648438,242.5177001953125,42000.0
2024-10-25 10:53:00+00:00,MTC,0.37049999833106995,0.37049999833106995,0.37049999833106995,0.37049999833106995,0.37049999833106995,7234.0
2024-10-25 10:53:00+00:00,MTTR,4.650000095367432,4.650000095367432,4.654699802398682,4.650000095367432,4.654699802398682,716.0
2024-10-25 10:53:00+00:00,MU,109.06999969482422,109.06999969482422,109.20999908447266,109.05999755859375,109.20999908447266,14716.0
2024-10-25 10:53:00+00:00,MVIS,1.1050000190734863,1.1050000190734863,1.1100000143051147,1.100000023841858,1.1050000190734863,705.0
2024-10-25 10:53:00+00:00,MXL,15.399999618530273,15.399999618530273,15.470000267028809,15.389100074768066,15.442000389099121,11974.0
2024-10-25 10:53:00+00:00,NCNO,38.209999084472656,38.209999084472656,38.209999084472656,38.15999984741211,38.15999984741211,2707.0
2024-10-25 10:53:00+00:00,NEON,7.9644999504089355,7.9644999504089355,7.9644999504089355,7.9644999504089355,7.9644999504089355,250.0
2024-10-25 10:53:00+00:00,NICE,176.52999877929688,176.52999877929688,176.52999877929688,176.52999877929688,176.52999877929688,204.0
2024-10-25 10:53:00+00:00,NTAP,120.45500183105469,120.45500183105469,120.45500183105469,120.375,120.375,2171.0
2024-10-25 10:53:00+00:00,NTGR,20.43000030517578,20.43000030517578,20.43000030517578,20.43000030517578,20.43000030517578,704.0
2024-10-25 10:53:00+00:00,NTNX,62.689998626708984,62.689998626708984,62.689998626708984,62.689998626708984,62.689998626708984,422.0
2024-10-25 10:53:00+00:00,NVDA,143.4600067138672,143.4600067138672,143.52000427246094,143.41000366210938,143.4801025390625,343009.0
2024-10-25 10:53:00+00:00,NVMI,184.3300018310547,184.3300018310547,184.3300018310547,184.11500549316406,184.11500549316406,225.0
2024-10-25 10:53:00+00:00,NVTS,2.5999999046325684,2.5999999046325684,2.6050000190734863,2.5999999046325684,2.5999999046325684,1104.0
2024-10-25 10:53:00+00:00,NXPI,244.3300018310547,244.3300018310547,244.4199981689453,244.27000427246094,244.4149932861328,5212.0
2024-10-25 10:53:00+00:00,OKTA,72.87999725341797,72.87999725341797,72.87999725341797,72.83260345458984,72.83260345458984,2903.0
2024-10-25 10:53:00+00:00,ON,71.5999984741211,71.5999984741211,71.66000366210938,71.5999984741211,71.66000366210938,10231.0
2024-10-25 10:53:00+00:00,OSIS,135.6999969482422,135.6999969482422,135.6999969482422,135.5399932861328,135.5399932861328,413.0
2024-10-25 10:53:00+00:00,PANW,371.30999755859375,371.30999755859375,371.6000061035156,371.30999755859375,371.6000061035156,2595.0
2024-10-25 10:53:00+00:00,PCTY,172.82000732421875,172.82000732421875,173.05999755859375,172.82000732421875,173.05999755859375,733.0
2024-10-25 10:53:00+00:00,PEGA,81.18409729003906,81.18409729003906,81.18409729003906,81.11000061035156,81.1500015258789,7553.0
2024-10-25 10:53:00+00:00,PEGY,4.559999942779541,4.559999942779541,4.559999942779541,4.559999942779541,4.559999942779541,2013.0
2024-10-25 10:53:00+00:00,PGY,11.760000228881836,11.760000228881836,11.760000228881836,11.760000228881836,11.760000228881836,202.0
2024-10-25 10:53:00+00:00,PHUN,9.720000267028809,9.720000267028809,9.720000267028809,9.680100440979004,9.704999923706055,53544.0
2024-10-25 10:53:00+00:00,PI,201.10009765625,201.10009765625,201.10009765625,201.10009765625,201.10009765625,295.0
2024-10-25 10:53:00+00:00,PLXS,142.89999389648438,142.89999389648438,142.89999389648438,142.89999389648438,142.89999389648438,333.0
2024-10-25 10:53:00+00:00,POWI,63.13999938964844,63.13999938964844,63.16999816894531,63.04999923706055,63.119998931884766,81907.0
2024-10-25 10:53:00+00:00,PXLW,0.7501999735832214,0.7501999735832214,0.7501999735832214,0.7501999735832214,0.7501999735832214,0.0
2024-10-25 10:53:00+00:00,PYCR,14.420000076293945,14.420000076293945,14.420000076293945,14.420000076293945,14.420000076293945,1758.0
2024-10-25 10:53:00+00:00,QCOM,172.2801055908203,172.2801055908203,172.3300018310547,172.2100067138672,172.30499267578125,5632.0
2024-10-25 10:53:00+00:00,QRVO,99.87000274658203,99.87000274658203,99.87999725341797,99.87000274658203,99.87999725341797,1695.0
2024-10-25 10:53:00+00:00,QUBT,1.1100000143051147,1.1100000143051147,1.1200000047683716,1.1100000143051147,1.1198999881744385,15798.0
2024-10-25 10:53:00+00:00,REKR,1.100000023841858,1.100000023841858,1.1050000190734863,1.100000023841858,1.1050000190734863,2567.0
2024-10-25 10:53:00+00:00,RELY,14.770000457763672,14.770000457763672,14.770000457763672,14.770000457763672,14.770000457763672,1702.0
2024-10-25 10:53:00+00:00,RGTI,1.2891000509262085,1.2891000509262085,1.2899999618530273,1.2812999486923218,1.2899999618530273,4338.0
2024-10-25 10:53:00+00:00,RIOT,10.18220043182373,10.18220043182373,10.199999809265137,10.15999984741211,10.199999809265137,39760.0
2024-10-25 10:53:00+00:00,RPAY,7.670000076293945,7.670000076293945,7.670000076293945,7.664999961853027,7.664999961853027,775.0
2024-10-25 10:53:00+00:00,RUN,14.454999923706055,14.454999923706055,14.468700408935547,14.4399995803833,14.4399995803833,12658.0
2024-10-25 10:53:00+00:00,RXT,2.569999933242798,2.569999933242798,2.569999933242798,2.569999933242798,2.569999933242798,1029.0
2024-10-25 10:53:00+00:00,SANM,67.91999816894531,67.91999816894531,67.91999816894531,67.91000366210938,67.91000366210938,586.0
2024-10-25 10:53:00+00:00,SATL,0.9501000046730042,0.9501000046730042,0.9501000046730042,0.9501000046730042,0.9501000046730042,600.0
2024-10-25 10:53:00+00:00,SCSC,45.4900016784668,45.4900016784668,45.4900016784668,45.4900016784668,45.4900016784668,311.0
2024-10-25 10:53:00+00:00,SCWX,8.390000343322754,8.390000343322754,8.390000343322754,8.390000343322754,8.390000343322754,1082.0
2024-10-25 10:53:00+00:00,SEDG,15.779999732971191,15.779999732971191,15.809900283813477,15.779999732971191,15.795000076293945,6389.0
2024-10-25 10:53:00+00:00,SHLS,5.21999979019165,5.21999979019165,5.21999979019165,5.21999979019165,5.21999979019165,1690.0
2024-10-25 10:53:00+00:00,SITM,183.39500427246094,183.39500427246094,183.39500427246094,183.39500427246094,183.39500427246094,411.0
2024-10-25 10:53:00+00:00,SMCI,47.9900016784668,47.9900016784668,48.08000183105469,47.93000030517578,47.93000030517578,128925.0
2024-10-25 10:53:00+00:00,SONO,12.885000228881836,12.885000228881836,12.890000343322754,12.880000114440918,12.880000114440918,2576.0
2024-10-25 10:53:00+00:00,SOUN,5.295000076293945,5.295000076293945,5.300000190734863,5.289999961853027,5.289999961853027,44879.0
2024-10-25 10:53:00+00:00,SPSC,180.0,180.0,180.05999755859375,180.0,180.05999755859375,1571.0
2024-10-25 10:53:00+00:00,SSNC,69.44619750976562,69.44619750976562,69.5250015258789,69.41999816894531,69.5199966430664,16734.0
2024-10-25 10:53:00+00:00,SSYS,7.150000095367432,7.150000095367432,7.169899940490723,7.150000095367432,7.169899940490723,1812.0
2024-10-25 10:53:00+00:00,STNE,11.550000190734863,11.550000190734863,11.5600004196167,11.550000190734863,11.5600004196167,2218.0
2024-10-25 10:53:00+00:00,STX,104.83000183105469,104.83000183105469,104.87999725341797,104.79000091552734,104.79000091552734,10527.0
2024-10-25 10:53:00+00:00,SYTA,1.25,1.25,1.25,1.2300000190734863,1.2300000190734863,7074.0
2024-10-25 10:53:00+00:00,TASK,11.979999542236328,11.979999542236328,11.979999542236328,11.979999542236328,11.979999542236328,542.0
2024-10-25 10:53:00+00:00,TEAM,190.94500732421875,190.94500732421875,191.0399932861328,190.91000366210938,191.0399932861328,3992.0
2024-10-25 10:53:00+00:00,TENB,41.5099983215332,41.5099983215332,41.529998779296875,41.5,41.529998779296875,1334.0
2024-10-25 10:53:00+00:00,TER,112.93499755859375,112.93499755859375,113.02999877929688,112.93499755859375,113.01000213623047,2875.0
2024-10-25 10:53:00+00:00,TRMB,61.150001525878906,61.150001525878906,61.16999816894531,61.13999938964844,61.150001525878906,3281.0
2024-10-25 10:53:00+00:00,TTD,120.58000183105469,120.58000183105469,120.62000274658203,120.5250015258789,120.55999755859375,9540.0
2024-10-25 10:53:00+00:00,TTMI,19.649999618530273,19.649999618530273,19.649999618530273,19.649999618530273,19.649999618530273,1832.0
2024-10-25 10:53:00+00:00,TWKS,4.454999923706055,4.454999923706055,4.454999923706055,4.449999809265137,4.449999809265137,99313.0
2024-10-25 10:53:00+00:00,TXN,208.9792022705078,208.9792022705078,209.02000427246094,208.89999389648438,209.02000427246094,2295.0
2024-10-25 10:53:00+00:00,UCTT,36.0,36.0,36.0,35.95000076293945,35.95000076293945,908.0
2024-10-25 10:53:00+00:00,VECO,29.485000610351562,29.485000610351562,29.485000610351562,29.485000610351562,29.485000610351562,353.0
2024-10-25 10:53:00+00:00,VERI,3.490000009536743,3.490000009536743,3.509999990463257,3.4800000190734863,3.509999990463257,3195.0
2024-10-25 10:53:00+00:00,VISL,6.237199783325195,6.237199783325195,6.237199783325195,6.237199783325195,6.237199783325195,0.0
2024-10-25 10:53:00+00:00,VMEO,4.760000228881836,4.760000228881836,4.760000228881836,4.760000228881836,4.760000228881836,222.0
2024-10-25 10:53:00+00:00,VNET,3.444999933242798,3.444999933242798,3.4549999237060547,3.444999933242798,3.4549999237060547,2399.0
2024-10-25 10:53:00+00:00,VOXX,7.635000228881836,7.635000228881836,7.635000228881836,7.635000228881836,7.635000228881836,147.0
2024-10-25 10:53:00+00:00,VRNS,56.959999084472656,56.959999084472656,56.959999084472656,56.959999084472656,56.959999084472656,309.0
2024-10-25 10:53:00+00:00,VRSN,186.80999755859375,186.80999755859375,186.80999755859375,186.80999755859375,186.80999755859375,1004.0
2024-10-25 10:53:00+00:00,VSAT,10.319999694824219,10.319999694824219,10.319999694824219,10.3100004196167,10.3100004196167,1257.0
2024-10-25 10:53:00+00:00,VUZI,1.3099000453948975,1.3099000453948975,1.309999942779541,1.3099000453948975,1.309999942779541,2208.0
2024-10-25 10:53:00+00:00,WDC,72.41000366210938,72.41000366210938,72.4800033569336,72.33000183105469,72.47000122070312,17009.0
2024-10-25 10:53:00+00:00,WRAP,1.8600000143051147,1.8600000143051147,1.8799999952316284,1.8600000143051147,1.8799999952316284,384.0
2024-10-25 10:53:00+00:00,XPER,9.479999542236328,9.479999542236328,9.479999542236328,9.460000038146973,9.460000038146973,351.0
2024-10-25 10:53:00+00:00,XRX,10.175000190734863,10.175000190734863,10.175000190734863,10.160099983215332,10.160099983215332,4496.0
2024-10-25 10:53:00+00:00,ZBRA,364.8450012207031,364.8450012207031,364.8900146484375,364.8450012207031,364.8500061035156,6364.0
2024-10-25 10:53:00+00:00,ZI,10.595000267028809,10.595000267028809,10.600000381469727,10.595000267028809,10.595000267028809,1051.0
2024-10-25 10:53:00+00:00,ZS,187.63499450683594,187.63499450683594,187.75999450683594,187.3699951171875,187.6300048828125,2084.0
2024-10-25 10:54:00+00:00,AAOI,18.479999542236328,18.479999542236328,18.5,18.420000076293945,18.47960090637207,70266.0
2024-10-25 10:54:00+00:00,AAPL,232.82159423828125,232.82159423828125,232.86000061035156,232.75999450683594,232.7899932861328,49431.0
2024-10-25 10:54:00+00:00,ACIW,49.310001373291016,49.310001373291016,49.310001373291016,49.310001373291016,49.310001373291016,909.0
2024-10-25 10:54:00+00:00,ACLS,90.80999755859375,90.80999755859375,90.80999755859375,90.75,90.75,1077.0
2024-10-25 10:54:00+00:00,ADBE,485.7950134277344,485.7950134277344,485.7950134277344,485.5050048828125,485.6099853515625,8188.0
2024-10-25 10:54:00+00:00,ADI,233.3699951171875,233.3699951171875,233.41000366210938,233.27999877929688,233.27999877929688,2921.0
2024-10-25 10:54:00+00:00,ADSK,288.5199890136719,288.5199890136719,288.5199890136719,288.4700012207031,288.4700012207031,1673.0
2024-10-25 10:54:00+00:00,AEHR,16.65999984741211,16.65999984741211,16.65999984741211,16.65999984741211,16.65999984741211,964.0
2024-10-25 10:54:00+00:00,AFRM,41.91999816894531,41.91999816894531,41.97999954223633,41.90999984741211,41.970001220703125,14952.0
2024-10-25 10:54:00+00:00,AGYS,112.25499725341797,112.25499725341797,112.25499725341797,112.25499725341797,112.25499725341797,258.0
2024-10-25 10:54:00+00:00,AKTS,0.05849999934434891,0.05849999934434891,0.05849999934434891,0.05849999934434891,0.05849999934434891,9700.0
2024-10-25 10:54:00+00:00,ALGM,22.5049991607666,22.5049991607666,22.510000228881836,22.459999084472656,22.459999084472656,3349.0
2024-10-25 10:54:00+00:00,ALKT,38.310001373291016,38.310001373291016,38.310001373291016,38.310001373291016,38.310001373291016,522.0
2024-10-25 10:54:00+00:00,AMAT,188.00999450683594,188.00999450683594,188.05999755859375,187.98500061035156,188.0,11579.0
2024-10-25 10:54:00+00:00,AMBA,58.09989929199219,58.09989929199219,58.09989929199219,58.09989929199219,58.09989929199219,1310.0
2024-10-25 10:54:00+00:00,AMD,157.3249969482422,157.3249969482422,157.36000061035156,157.19000244140625,157.32949829101562,37991.0
2024-10-25 10:54:00+00:00,AMPL,9.270000457763672,9.270000457763672,9.270000457763672,9.265000343322754,9.267999649047852,1271.0
2024-10-25 10:54:00+00:00,ANSS,327.4949951171875,327.4949951171875,327.4949951171875,327.2650146484375,327.2650146484375,2383.0
2024-10-25 10:54:00+00:00,ANY,1.090000033378601,1.090000033378601,1.090000033378601,1.090000033378601,1.090000033378601,126.0
2024-10-25 10:54:00+00:00,APP,163.25999450683594,163.25999450683594,163.25999450683594,163.17999267578125,163.17999267578125,1243.0
2024-10-25 10:54:00+00:00,APPF,218.17999267578125,218.17999267578125,218.39999389648438,217.60499572753906,218.39999389648438,2054.0
2024-10-25 10:54:00+00:00,APPN,32.290000915527344,32.290000915527344,32.290000915527344,32.290000915527344,32.290000915527344,624.0
2024-10-25 10:54:00+00:00,ARQQ,7.522299766540527,7.522299766540527,7.522299766540527,7.522299766540527,7.522299766540527,264.0
2024-10-25 10:54:00+00:00,ARRY,6.406000137329102,6.406000137329102,6.406000137329102,6.385000228881836,6.394999980926514,11590.0
2024-10-25 10:54:00+00:00,ASML,719.0349731445312,719.0349731445312,719.7100219726562,718.8599853515625,719.7100219726562,10317.0
2024-10-25 10:54:00+00:00,AUR,6.46999979019165,6.46999979019165,6.474999904632568,6.46999979019165,6.474999904632568,1858.0
2024-10-25 10:54:00+00:00,AVDX,8.199999809265137,8.199999809265137,8.204999923706055,8.194999694824219,8.204999923706055,16493.0
2024-10-25 10:54:00+00:00,AVGO,175.5399932861328,175.5399932861328,175.57000732421875,175.22999572753906,175.32000732421875,29243.0
2024-10-25 10:54:00+00:00,AVPT,12.104999542236328,12.104999542236328,12.104999542236328,12.104999542236328,12.104999542236328,512.0
2024-10-25 10:54:00+00:00,AVT,54.560001373291016,54.560001373291016,54.560001373291016,54.54999923706055,54.54999923706055,1803.0
2024-10-25 10:54:00+00:00,BIGC,5.355000019073486,5.355000019073486,5.359499931335449,5.355000019073486,5.359499931335449,1671.0
2024-10-25 10:54:00+00:00,BL,56.64500045776367,56.64500045776367,56.64500045776367,56.64500045776367,56.64500045776367,771.0
2024-10-25 10:54:00+00:00,BLKB,86.29000091552734,86.29000091552734,86.29000091552734,86.29000091552734,86.29000091552734,216.0
2024-10-25 10:54:00+00:00,BMBL,7.304999828338623,7.304999828338623,7.304999828338623,7.304999828338623,7.304999828338623,206.0
2024-10-25 10:54:00+00:00,BRZE,30.954999923706055,30.954999923706055,30.959999084472656,30.954999923706055,30.959999084472656,375.0
2024-10-25 10:54:00+00:00,CAN,0.9973999857902527,0.9973999857902527,0.9975000023841858,0.9973999857902527,0.9975000023841858,1344.0
2024-10-25 10:54:00+00:00,CDNS,258.67999267578125,258.67999267578125,258.7878112792969,258.6600036621094,258.6600036621094,3302.0
2024-10-25 10:54:00+00:00,CETX,0.29670000076293945,0.29670000076293945,0.29670000076293945,0.29670000076293945,0.29670000076293945,5858.0
2024-10-25 10:54:00+00:00,CFLT,22.65999984741211,22.65999984741211,22.68000030517578,22.6299991607666,22.662099838256836,10110.0
2024-10-25 10:54:00+00:00,CGNX,39.17499923706055,39.17499923706055,39.17499923706055,39.17499923706055,39.17499923706055,1016.0
2024-10-25 10:54:00+00:00,CLFD,36.630001068115234,36.630001068115234,36.630001068115234,36.630001068115234,36.630001068115234,624.0
2024-10-25 10:54:00+00:00,CLSK,12.069999694824219,12.069999694824219,12.135000228881836,12.069999694824219,12.130000114440918,55695.0
2024-10-25 10:54:00+00:00,CMBM,1.2799999713897705,1.2799999713897705,1.2799999713897705,1.2799999713897705,1.2799999713897705,200.0
2024-10-25 10:54:00+00:00,CNXC,45.15999984741211,45.15999984741211,45.15999984741211,45.15999984741211,45.15999984741211,478.0
2024-10-25 10:54:00+00:00,COHR,96.16999816894531,96.16999816894531,96.2300033569336,96.1500015258789,96.19999694824219,10650.0
2024-10-25 10:54:00+00:00,COHU,26.270000457763672,26.270000457763672,26.270000457763672,26.270000457763672,26.270000457763672,172.0
2024-10-25 10:54:00+00:00,COIN,211.75,211.75,211.9499969482422,211.6199951171875,211.93499755859375,7752.0
2024-10-25 10:54:00+00:00,COMM,6.445000171661377,6.445000171661377,6.445000171661377,6.434500217437744,6.440000057220459,2418.0
2024-10-25 10:54:00+00:00,CORZ,13.505000114440918,13.505000114440918,13.524999618530273,13.5,13.524999618530273,14180.0
2024-10-25 10:54:00+00:00,CRCT,6.550000190734863,6.550000190734863,6.550000190734863,6.550000190734863,6.550000190734863,848.0
2024-10-25 10:54:00+00:00,CRDO,39.39500045776367,39.39500045776367,39.39500045776367,39.36000061035156,39.36000061035156,908.0
2024-10-25 10:54:00+00:00,CRNC,2.9149999618530273,2.9149999618530273,2.9200000762939453,2.9149999618530273,2.9200000762939453,577.0
2024-10-25 10:54:00+00:00,CRUS,122.80500030517578,122.80500030517578,122.80500030517578,122.7699966430664,122.7699966430664,1939.0
2024-10-25 10:54:00+00:00,CRWD,310.05999755859375,310.05999755859375,310.1400146484375,309.8900146484375,310.1400146484375,1834.0
2024-10-25 10:54:00+00:00,CSCO,56.18000030517578,56.18000030517578,56.20000076293945,56.18000030517578,56.20000076293945,106956.0
2024-10-25 10:54:00+00:00,CSIQ,13.525899887084961,13.525899887084961,13.539999961853027,13.470000267028809,13.470000267028809,10829.0
2024-10-25 10:54:00+00:00,CTSH,75.06999969482422,75.06999969482422,75.06999969482422,75.04000091552734,75.05000305175781,2030.0
2024-10-25 10:54:00+00:00,CVLT,134.52499389648438,134.52499389648438,134.52499389648438,134.52499389648438,134.52499389648438,1210.0
2024-10-25 10:54:00+00:00,DAKT,13.244999885559082,13.244999885559082,13.244999885559082,13.244999885559082,13.244999885559082,562.0
2024-10-25 10:54:00+00:00,DBX,26.190000534057617,26.190000534057617,26.19499969482422,26.184999465942383,26.190000534057617,10171.0
2024-10-25 10:54:00+00:00,DDOG,127.13999938964844,127.13999938964844,127.1500015258789,127.03009796142578,127.1050033569336,4116.0
2024-10-25 10:54:00+00:00,DGII,30.469999313354492,30.469999313354492,30.469999313354492,30.469999313354492,30.469999313354492,496.0
2024-10-25 10:54:00+00:00,DOCU,70.73500061035156,70.73500061035156,70.74009704589844,70.69000244140625,70.69499969482422,4215.0
2024-10-25 10:54:00+00:00,DOMO,8.069999694824219,8.069999694824219,8.069999694824219,8.069999694824219,8.069999694824219,331.0
2024-10-25 10:54:00+00:00,DUOL,290.614990234375,290.614990234375,290.614990234375,290.25,290.6050109863281,1766.0
2024-10-25 10:54:00+00:00,ENPH,82.23999786376953,82.23999786376953,82.33999633789062,82.20999908447266,82.2603988647461,5325.0
2024-10-25 10:54:00+00:00,ENTG,105.06999969482422,105.06999969482422,105.06999969482422,105.06999969482422,105.06999969482422,294.0
2024-10-25 10:54:00+00:00,ERIC,8.515000343322754,8.515000343322754,8.51990032196045,8.513999938964844,8.515000343322754,33991.0
2024-10-25 10:54:00+00:00,EXLS,39.084999084472656,39.084999084472656,39.099998474121094,39.084999084472656,39.099998474121094,376.0
2024-10-25 10:54:00+00:00,EXTR,14.5649995803833,14.5649995803833,14.5649995803833,14.5649995803833,14.5649995803833,602.0
2024-10-25 10:54:00+00:00,FEIM,12.270000457763672,12.270000457763672,12.270000457763672,12.210000038146973,12.270000457763672,401.0
2024-10-25 10:54:00+00:00,FFIV,216.22999572753906,216.22999572753906,216.22999572753906,216.1699981689453,216.1699981689453,709.0
2024-10-25 10:54:00+00:00,FIVN,30.684999465942383,30.684999465942383,30.690000534057617,30.684999465942383,30.690000534057617,1154.0
2024-10-25 10:54:00+00:00,FLEX,35.52000045776367,35.52000045776367,35.53200149536133,35.52000045776367,35.52000045776367,2375.0
2024-10-25 10:54:00+00:00,FLYW,17.584999084472656,17.584999084472656,17.584999084472656,17.584999084472656,17.584999084472656,276.0
2024-10-25 10:54:00+00:00,FROG,29.530000686645508,29.530000686645508,29.530000686645508,29.520000457763672,29.520000457763672,457.0
2024-10-25 10:54:00+00:00,FRSH,11.699999809265137,11.699999809265137,11.704999923706055,11.699999809265137,11.704999923706055,0.0
2024-10-25 10:54:00+00:00,FSLR,198.82000732421875,198.82000732421875,198.91000366210938,198.82000732421875,198.83999633789062,2117.0
2024-10-25 10:54:00+00:00,FTNT,81.69999694824219,81.69999694824219,81.69999694824219,81.6500015258789,81.6500015258789,3346.0
2024-10-25 10:54:00+00:00,GCT,25.520000457763672,25.520000457763672,25.520000457763672,25.514999389648438,25.514999389648438,715.0
2024-10-25 10:54:00+00:00,GDS,21.6299991607666,21.6299991607666,21.635000228881836,21.6299991607666,21.635000228881836,395.0
2024-10-25 10:54:00+00:00,GDYN,15.6899995803833,15.6899995803833,15.6899995803833,15.680000305175781,15.680000305175781,10686.0
2024-10-25 10:54:00+00:00,GFS,41.224998474121094,41.224998474121094,41.25,41.220001220703125,41.220001220703125,881.0
2024-10-25 10:54:00+00:00,GNSS,3.890000104904175,3.890000104904175,3.890000104904175,3.890000104904175,3.890000104904175,1213.0
2024-10-25 10:54:00+00:00,GRAB,4.084799766540527,4.084799766540527,4.090000152587891,4.084799766540527,4.090000152587891,64693.0
2024-10-25 10:54:00+00:00,GRRR,4.610000133514404,4.610000133514404,4.610000133514404,4.605000019073486,4.610000133514404,985.0
2024-10-25 10:54:00+00:00,GSIT,3.3399999141693115,3.3399999141693115,3.3499999046325684,3.3375000953674316,3.3375000953674316,1675.0
2024-10-25 10:54:00+00:00,GTLB,55.7599983215332,55.7599983215332,55.7599983215332,55.7599983215332,55.7599983215332,462.0
2024-10-25 10:54:00+00:00,HCP,33.685001373291016,33.685001373291016,33.69499969482422,33.68000030517578,33.689998626708984,8406.0
2024-10-25 10:54:00+00:00,HIMX,6.204999923706055,6.204999923706055,6.204999923706055,6.204999923706055,6.204999923706055,1305.0
2024-10-25 10:54:00+00:00,HLIT,14.795000076293945,14.795000076293945,14.8100004196167,14.795000076293945,14.8100004196167,1286.0
2024-10-25 10:54:00+00:00,HOLO,3.75,3.75,3.75,3.7469000816345215,3.7499001026153564,1014.0
2024-10-25 10:54:00+00:00,HOOD,27.559999465942383,27.559999465942383,27.565000534057617,27.540000915527344,27.549999237060547,14885.0
2024-10-25 10:54:00+00:00,HTCR,1.070099949836731,1.070099949836731,1.070099949836731,1.070099949836731,1.070099949836731,6382.0
2024-10-25 10:54:00+00:00,IMMR,8.819999694824219,8.819999694824219,8.819999694824219,8.819999694824219,8.819999694824219,106.0
2024-10-25 10:54:00+00:00,INDI,3.5850000381469727,3.5850000381469727,3.5850000381469727,3.5850000381469727,3.5850000381469727,202.0
2024-10-25 10:54:00+00:00,INFN,6.784999847412109,6.784999847412109,6.784999847412109,6.78000020980835,6.78000020980835,2479.0
2024-10-25 10:54:00+00:00,INOD,19.854000091552734,19.854000091552734,19.854000091552734,19.854000091552734,19.854000091552734,518.0
2024-10-25 10:54:00+00:00,INTC,23.11009979248047,23.11009979248047,23.1299991607666,23.05500030517578,23.086999893188477,442638.0
2024-10-25 10:54:00+00:00,INTU,612.864990234375,612.864990234375,612.864990234375,612.864990234375,612.864990234375,257.0
2024-10-25 10:54:00+00:00,IPGP,77.11000061035156,77.11000061035156,77.2300033569336,77.11000061035156,77.2300033569336,2341.0
2024-10-25 10:54:00+00:00,ITRI,103.48750305175781,103.48750305175781,103.48750305175781,103.48750305175781,103.48750305175781,989.0
2024-10-25 10:54:00+00:00,JKHY,184.80999755859375,184.80999755859375,184.875,184.80999755859375,184.875,559.0
2024-10-25 10:54:00+00:00,KC,2.734999895095825,2.734999895095825,2.734999895095825,2.7300000190734863,2.7300000190734863,1898.0
2024-10-25 10:54:00+00:00,KLIC,44.5,44.5,44.5,44.5,44.5,724.0
2024-10-25 10:54:00+00:00,KOSS,7.329999923706055,7.329999923706055,7.329999923706055,7.303199768066406,7.303199768066406,243.0
2024-10-25 10:54:00+00:00,LASR,10.51259994506836,10.51259994506836,10.51259994506836,10.51259994506836,10.51259994506836,378.0
2024-10-25 10:54:00+00:00,LINK,4.559999942779541,4.559999942779541,4.577499866485596,4.539999961853027,4.570000171661377,4685.0
2024-10-25 10:54:00+00:00,LOGI,81.12000274658203,81.12000274658203,81.12000274658203,81.09500122070312,81.09500122070312,1314.0
2024-10-25 10:54:00+00:00,LPSN,1.1950000524520874,1.1950000524520874,1.1950000524520874,1.1950000524520874,1.1950000524520874,2603.0
2024-10-25 10:54:00+00:00,LRCX,78.63809967041016,78.63809967041016,78.75,78.61399841308594,78.71499633789062,21660.0
2024-10-25 10:54:00+00:00,LSCC,54.43000030517578,54.43000030517578,54.54999923706055,54.43000030517578,54.54999923706055,9518.0
2024-10-25 10:54:00+00:00,LUNA,1.7949999570846558,1.7949999570846558,1.7949999570846558,1.7949999570846558,1.7949999570846558,134.0
2024-10-25 10:54:00+00:00,LYFT,13.78600025177002,13.78600025177002,13.800000190734863,13.78499984741211,13.793999671936035,22776.0
2024-10-25 10:54:00+00:00,MANH,276.489990234375,276.489990234375,276.489990234375,276.489990234375,276.489990234375,754.0
2024-10-25 10:54:00+00:00,MCHP,76.94000244140625,76.94000244140625,76.94000244140625,76.91000366210938,76.91000366210938,2290.0
2024-10-25 10:54:00+00:00,MDB,268.82000732421875,268.82000732421875,268.82000732421875,268.57000732421875,268.57000732421875,899.0
2024-10-25 10:54:00+00:00,MKTW,0.5835999846458435,0.5835999846458435,0.5835999846458435,0.5835999846458435,0.5835999846458435,0.0
2024-10-25 10:54:00+00:00,MNDY,300.57000732421875,300.57000732421875,300.57000732421875,300.57000732421875,300.57000732421875,652.0
2024-10-25 10:54:00+00:00,MPWR,910.3150024414062,910.3150024414062,910.3150024414062,910.260009765625,910.260009765625,1307.0
2024-10-25 10:54:00+00:00,MQ,5.335000038146973,5.335000038146973,5.335000038146973,5.330100059509277,5.330100059509277,2390.0
2024-10-25 10:54:00+00:00,MRVL,82.93000030517578,82.93000030517578,82.93000030517578,82.87999725341797,82.88999938964844,10055.0
2024-10-25 10:54:00+00:00,MSFT,430.6499938964844,430.6499938964844,430.7099914550781,430.5,430.6099853515625,24667.0
2024-10-25 10:54:00+00:00,MSTR,241.23500061035156,241.23500061035156,241.99989318847656,240.92999267578125,241.7050018310547,29207.0
2024-10-25 10:54:00+00:00,MTLS,5.96999979019165,5.96999979019165,6.0,5.9430999755859375,6.0,4553.0
2024-10-25 10:54:00+00:00,MTSI,119.69999694824219,119.69999694824219,119.69999694824219,119.69000244140625,119.69000244140625,596.0
2024-10-25 10:54:00+00:00,MTTR,4.651700019836426,4.651700019836426,4.651700019836426,4.651700019836426,4.651700019836426,3042.0
2024-10-25 10:54:00+00:00,MU,109.19920349121094,109.19920349121094,109.24500274658203,109.08999633789062,109.11000061035156,48727.0
2024-10-25 10:54:00+00:00,MVIS,1.1050000190734863,1.1050000190734863,1.1100000143051147,1.100000023841858,1.1100000143051147,2734.0
2024-10-25 10:54:00+00:00,MXL,15.454999923706055,15.454999923706055,15.470000267028809,15.399999618530273,15.4399995803833,10934.0
2024-10-25 10:54:00+00:00,NNDM,2.3550000190734863,2.3550000190734863,2.3550000190734863,2.3499999046325684,2.3499999046325684,8221.0
2024-10-25 10:54:00+00:00,NTAP,120.4083023071289,120.4083023071289,120.4083023071289,120.4083023071289,120.4083023071289,1700.0
2024-10-25 10:54:00+00:00,NTNX,62.71500015258789,62.71500015258789,62.71500015258789,62.71500015258789,62.71500015258789,106.0
2024-10-25 10:54:00+00:00,NVDA,143.4949951171875,143.4949951171875,143.52000427246094,143.39999389648438,143.48899841308594,289381.0
2024-10-25 10:54:00+00:00,NVEI,33.54499816894531,33.54499816894531,33.54499816894531,33.54499816894531,33.54499816894531,112.0
2024-10-25 10:54:00+00:00,NVMI,184.125,184.125,184.125,184.125,184.125,366.0
2024-10-25 10:54:00+00:00,NVTS,2.5999999046325684,2.5999999046325684,2.6050000190734863,2.5999999046325684,2.5999999046325684,16815.0
2024-10-25 10:54:00+00:00,NXPI,244.47500610351562,244.47500610351562,244.5,244.40499877929688,244.40499877929688,3445.0
2024-10-25 10:54:00+00:00,OKTA,72.8499984741211,72.8499984741211,72.87000274658203,72.8499984741211,72.8499984741211,826.0
2024-10-25 10:54:00+00:00,ON,71.67500305175781,71.67500305175781,71.70999908447266,71.61000061035156,71.62999725341797,9787.0
2024-10-25 10:54:00+00:00,OTEX,33.560001373291016,33.560001373291016,33.56999969482422,33.560001373291016,33.56999969482422,243.0
2024-10-25 10:54:00+00:00,PALT,2.015000104904175,2.015000104904175,2.015000104904175,2.015000104904175,2.015000104904175,505.0
2024-10-25 10:54:00+00:00,PANW,371.2200012207031,371.2200012207031,371.5400085449219,371.2200012207031,371.34600830078125,3366.0
2024-10-25 10:54:00+00:00,PAYO,8.329999923706055,8.329999923706055,8.329999923706055,8.329999923706055,8.329999923706055,2628.0
2024-10-25 10:54:00+00:00,PCTY,173.0850067138672,173.0850067138672,173.0850067138672,172.80999755859375,172.80999755859375,1345.0
2024-10-25 10:54:00+00:00,PEGA,81.19999694824219,81.19999694824219,81.30999755859375,81.19000244140625,81.19000244140625,3591.0
2024-10-25 10:54:00+00:00,PEGY,4.579999923706055,4.579999923706055,4.579999923706055,4.579999923706055,4.579999923706055,202.0
2024-10-25 10:54:00+00:00,PGY,11.75,11.75,11.760000228881836,11.720000267028809,11.760000228881836,601.0
2024-10-25 10:54:00+00:00,PHUN,9.710100173950195,9.710100173950195,9.720000267028809,9.678600311279297,9.720000267028809,24825.0
2024-10-25 10:54:00+00:00,PI,201.94000244140625,201.94000244140625,201.94000244140625,201.36000061035156,201.36000061035156,6060.0
2024-10-25 10:54:00+00:00,PLUS,98.69000244140625,98.69000244140625,98.69000244140625,98.69000244140625,98.69000244140625,1015.0
2024-10-25 10:54:00+00:00,PLXS,142.99000549316406,142.99000549316406,143.0800018310547,142.94500732421875,142.99000549316406,1333.0
2024-10-25 10:54:00+00:00,POET,4.03000020980835,4.03000020980835,4.03000020980835,4.03000020980835,4.03000020980835,1179.0
2024-10-25 10:54:00+00:00,POWI,63.220001220703125,63.220001220703125,63.220001220703125,63.220001220703125,63.220001220703125,323.0
2024-10-25 10:54:00+00:00,PRSO,1.715999960899353,1.715999960899353,1.7699999809265137,1.715999960899353,1.7599999904632568,3884.0
2024-10-25 10:54:00+00:00,PRTH,5.349999904632568,5.349999904632568,5.349999904632568,5.349999904632568,5.349999904632568,257.0
2024-10-25 10:54:00+00:00,PTC,186.55999755859375,186.55999755859375,186.55999755859375,186.47000122070312,186.52999877929688,578.0
2024-10-25 10:54:00+00:00,PYCR,14.420000076293945,14.420000076293945,14.420000076293945,14.420000076293945,14.420000076293945,356.0
2024-10-25 10:54:00+00:00,QCOM,172.2899932861328,172.2899932861328,172.35000610351562,172.25,172.30999755859375,8382.0
2024-10-25 10:54:00+00:00,QMCO,5.300000190734863,5.300000190734863,5.300000190734863,5.300000190734863,5.300000190734863,477.0
2024-10-25 10:54:00+00:00,QRVO,99.9574966430664,99.9574966430664,99.9574966430664,99.87000274658203,99.88999938964844,3710.0
2024-10-25 10:54:00+00:00,QUBT,1.125,1.125,1.125,1.1200000047683716,1.1200000047683716,608.0
2024-10-25 10:54:00+00:00,QUIK,8.680000305175781,8.680000305175781,8.680000305175781,8.680000305175781,8.680000305175781,397.0
2024-10-25 10:54:00+00:00,RELY,14.770000457763672,14.770000457763672,14.770000457763672,14.770000457763672,14.770000457763672,0.0
2024-10-25 10:54:00+00:00,RGTI,1.2999999523162842,1.2999999523162842,1.2999999523162842,1.2899999618530273,1.2899999618530273,30865.0
2024-10-25 10:54:00+00:00,RIOT,10.164999961853027,10.164999961853027,10.1899995803833,10.15999984741211,10.1850004196167,39430.0
2024-10-25 10:54:00+00:00,RMBS,42.96500015258789,42.96500015258789,42.97999954223633,42.91999816894531,42.91999816894531,4235.0
2024-10-25 10:54:00+00:00,RPAY,7.675000190734863,7.675000190734863,7.675000190734863,7.675000190734863,7.675000190734863,530.0
2024-10-25 10:54:00+00:00,RUM,5.824999809265137,5.824999809265137,5.835999965667725,5.824999809265137,5.829999923706055,8606.0
2024-10-25 10:54:00+00:00,RUN,14.46500015258789,14.46500015258789,14.470000267028809,14.444999694824219,14.454999923706055,11448.0
2024-10-25 10:54:00+00:00,SATL,0.9900000095367432,0.9900000095367432,0.9900000095367432,0.9900000095367432,0.9900000095367432,0.0
2024-10-25 10:54:00+00:00,SEDG,15.838000297546387,15.838000297546387,15.838000297546387,15.795000076293945,15.795000076293945,22736.0
2024-10-25 10:54:00+00:00,SHLS,5.21999979019165,5.21999979019165,5.21999979019165,5.21999979019165,5.21999979019165,3894.0
2024-10-25 10:54:00+00:00,SIMO,57.33000183105469,57.33000183105469,57.33000183105469,57.20500183105469,57.20500183105469,2264.0
2024-10-25 10:54:00+00:00,SKYT,10.549599647521973,10.549599647521973,10.549599647521973,10.529999732971191,10.529999732971191,5387.0
2024-10-25 10:54:00+00:00,SLNH,4.199999809265137,4.199999809265137,4.199999809265137,4.199999809265137,4.199999809265137,966.0
2024-10-25 10:54:00+00:00,SLNHP,12.649999618530273,12.649999618530273,12.649999618530273,12.649999618530273,12.649999618530273,460.0
2024-10-25 10:54:00+00:00,SMCI,47.928001403808594,47.928001403808594,48.005001068115234,47.900001525878906,47.9900016784668,75083.0
2024-10-25 10:54:00+00:00,SMSI,0.8159999847412109,0.8159999847412109,0.8159999847412109,0.8159999847412109,0.8159999847412109,310.0
2024-10-25 10:54:00+00:00,SMTC,45.65999984741211,45.65999984741211,45.65999984741211,45.65999984741211,45.65999984741211,236.0
2024-10-25 10:54:00+00:00,SOUN,5.29010009765625,5.29010009765625,5.299900054931641,5.289999961853027,5.295000076293945,6483.0
2024-10-25 10:54:00+00:00,SPI,0.42730000615119934,0.42730000615119934,0.42730000615119934,0.42730000615119934,0.42730000615119934,8630.0
2024-10-25 10:54:00+00:00,SSNC,69.29000091552734,69.29000091552734,69.44999694824219,69.27999877929688,69.44000244140625,7144.0
2024-10-25 10:54:00+00:00,SSYS,7.150000095367432,7.150000095367432,7.150000095367432,7.150000095367432,7.150000095367432,509.0
2024-10-25 10:54:00+00:00,STNE,11.520000457763672,11.520000457763672,11.5649995803833,11.520000457763672,11.5600004196167,19287.0
2024-10-25 10:54:00+00:00,STX,104.94499969482422,104.94499969482422,105.0199966430664,104.79000091552734,104.83499908447266,20659.0
2024-10-25 10:54:00+00:00,SWKS,95.9800033569336,95.9800033569336,95.9800033569336,95.94000244140625,95.94000244140625,1261.0
2024-10-25 10:54:00+00:00,SYTA,1.2503000497817993,1.2503000497817993,1.2503000497817993,1.25,1.25,1678.0
2024-10-25 10:54:00+00:00,TEAM,190.89230346679688,190.89230346679688,190.89230346679688,190.89230346679688,190.89230346679688,724.0
2024-10-25 10:54:00+00:00,TENB,41.51499938964844,41.51499938964844,41.51499938964844,41.51499938964844,41.51499938964844,687.0
2024-10-25 10:54:00+00:00,TER,112.87999725341797,112.87999725341797,112.98999786376953,112.87999725341797,112.93499755859375,7461.0
2024-10-25 10:54:00+00:00,TLS,3.634999990463257,3.634999990463257,3.634999990463257,3.634999990463257,3.634999990463257,1318.0
2024-10-25 10:54:00+00:00,TRMB,61.15999984741211,61.15999984741211,61.15999984741211,61.14500045776367,61.15999984741211,5959.0
2024-10-25 10:54:00+00:00,TSEM,44.970001220703125,44.970001220703125,44.970001220703125,44.970001220703125,44.970001220703125,590.0
2024-10-25 10:54:00+00:00,TTD,120.69000244140625,120.69000244140625,120.69000244140625,120.58999633789062,120.62000274658203,4325.0
2024-10-25 10:54:00+00:00,TTEC,5.431300163269043,5.431300163269043,5.431300163269043,5.431300163269043,5.431300163269043,633.0
2024-10-25 10:54:00+00:00,TWKS,4.454999923706055,4.454999923706055,4.454999923706055,4.449999809265137,4.454999923706055,23293.0
2024-10-25 10:54:00+00:00,TXN,209.02000427246094,209.02000427246094,209.0500030517578,208.89999389648438,208.94000244140625,21274.0
2024-10-25 10:54:00+00:00,UCTT,36.012001037597656,36.012001037597656,36.012001037597656,36.012001037597656,36.012001037597656,589.0
2024-10-25 10:54:00+00:00,VMEO,4.769999980926514,4.769999980926514,4.769999980926514,4.769999980926514,4.769999980926514,539.0
2024-10-25 10:54:00+00:00,VRNS,57.029998779296875,57.029998779296875,57.040000915527344,56.939998626708984,56.939998626708984,3673.0
2024-10-25 10:54:00+00:00,VRSN,186.60499572753906,186.60499572753906,186.6699981689453,186.3800048828125,186.6699981689453,4937.0
2024-10-25 10:54:00+00:00,VS,2.5999999046325684,2.5999999046325684,2.5999999046325684,2.5999999046325684,2.5999999046325684,633.0
2024-10-25 10:54:00+00:00,VSAT,10.317500114440918,10.317500114440918,10.319999694824219,10.317500114440918,10.319999694824219,3319.0
2024-10-25 10:54:00+00:00,VUZI,1.309999942779541,1.309999942779541,1.315000057220459,1.309999942779541,1.315000057220459,858.0
2024-10-25 10:54:00+00:00,WDAY,241.01759338378906,241.01759338378906,241.2100067138672,240.98500061035156,241.02999877929688,3504.0
2024-10-25 10:54:00+00:00,WDC,72.31999969482422,72.31999969482422,72.43000030517578,72.31999969482422,72.43000030517578,16295.0
2024-10-25 10:54:00+00:00,WISA,1.8300000429153442,1.8300000429153442,1.8300000429153442,1.809999942779541,1.809999942779541,546.0
2024-10-25 10:54:00+00:00,ZBRA,364.8450012207031,364.8450012207031,364.92999267578125,364.8450012207031,364.9200134277344,1436.0
2024-10-25 10:54:00+00:00,ZI,10.600000381469727,10.600000381469727,10.600000381469727,10.595000267028809,10.595000267028809,3567.0
2024-10-25 10:54:00+00:00,ZM,73.31999969482422,73.31999969482422,73.31999969482422,73.31999969482422,73.31999969482422,1029.0
2024-10-25 10:54:00+00:00,ZS,187.77000427246094,187.77000427246094,187.77000427246094,187.66000366210938,187.66000366210938,1005.0
2024-10-25 10:55:00+00:00,AAOI,18.465299606323242,18.465299606323242,18.549999237060547,18.459999084472656,18.489999771118164,11621.0
2024-10-25 10:55:00+00:00,AAPL,232.7489013671875,232.7489013671875,232.85000610351562,232.7489013671875,232.8249969482422,45563.0
2024-10-25 10:55:00+00:00,ACIW,49.279998779296875,49.279998779296875,49.279998779296875,49.279998779296875,49.279998779296875,965.0
2024-10-25 10:55:00+00:00,ADBE,485.49749755859375,485.49749755859375,485.7900085449219,485.3599853515625,485.7900085449219,3412.0
2024-10-25 10:55:00+00:00,ADI,233.3000030517578,233.3000030517578,233.32000732421875,233.2949981689453,233.2949981689453,1140.0
2024-10-25 10:55:00+00:00,ADSK,288.29119873046875,288.29119873046875,288.3800048828125,288.29119873046875,288.3599853515625,591.0
2024-10-25 10:55:00+00:00,ADTN,6.400000095367432,6.400000095367432,6.400000095367432,6.400000095367432,6.400000095367432,636.0
2024-10-25 10:55:00+00:00,AEHR,16.655000686645508,16.655000686645508,16.666000366210938,16.655000686645508,16.666000366210938,1561.0
2024-10-25 10:55:00+00:00,AFRM,41.95000076293945,41.95000076293945,41.959999084472656,41.939998626708984,41.939998626708984,3363.0
2024-10-25 10:55:00+00:00,AKAM,103.23999786376953,103.23999786376953,103.23999786376953,103.23999786376953,103.23999786376953,412.0
2024-10-25 10:55:00+00:00,AKTS,0.05790000036358833,0.05790000036358833,0.05829999968409538,0.05790000036358833,0.05829999968409538,83050.0
2024-10-25 10:55:00+00:00,ALGM,22.514999389648438,22.514999389648438,22.520000457763672,22.5,22.520000457763672,1265.0
2024-10-25 10:55:00+00:00,AMAT,187.89999389648438,187.89999389648438,187.9824981689453,187.86000061035156,187.9824981689453,6930.0
2024-10-25 10:55:00+00:00,AMD,157.1558074951172,157.1558074951172,157.36000061035156,157.1558074951172,157.33900451660156,43950.0
2024-10-25 10:55:00+00:00,AMKR,29.969999313354492,29.969999313354492,29.975000381469727,29.969999313354492,29.975000381469727,1326.0
2024-10-25 10:55:00+00:00,ANSS,327.54998779296875,327.54998779296875,327.54998779296875,327.4949951171875,327.4949951171875,845.0
2024-10-25 10:55:00+00:00,API,2.799999952316284,2.799999952316284,2.799999952316284,2.7799999713897705,2.7850000858306885,3819.0
2024-10-25 10:55:00+00:00,APP,163.25,163.25,163.41000366210938,163.16009521484375,163.3498992919922,6337.0
2024-10-25 10:55:00+00:00,ARRY,6.400000095367432,6.400000095367432,6.409999847412109,6.389999866485596,6.40500020980835,12933.0
2024-10-25 10:55:00+00:00,ASML,718.780029296875,718.780029296875,719.010009765625,718.27001953125,719.010009765625,7663.0
2024-10-25 10:55:00+00:00,AUR,6.465000152587891,6.465000152587891,6.46999979019165,6.465000152587891,6.46999979019165,1417.0
2024-10-25 10:55:00+00:00,AVDX,8.194999694824219,8.194999694824219,8.199999809265137,8.194999694824219,8.199999809265137,4226.0
2024-10-25 10:55:00+00:00,AVGO,175.44000244140625,175.44000244140625,175.5500030517578,175.37010192871094,175.51939392089844,24322.0
2024-10-25 10:55:00+00:00,AZPN,237.47000122070312,237.47000122070312,237.47000122070312,237.16000366210938,237.16000366210938,2913.0
2024-10-25 10:55:00+00:00,BMBL,7.304999828338623,7.304999828338623,7.304999828338623,7.304999828338623,7.304999828338623,2005.0
2024-10-25 10:55:00+00:00,CAN,0.9976999759674072,0.9976999759674072,0.9976999759674072,0.9973999857902527,0.9973999857902527,3040.0
2024-10-25 10:55:00+00:00,CCSI,20.68000030517578,20.68000030517578,20.719999313354492,20.68000030517578,20.690000534057617,989.0
2024-10-25 10:55:00+00:00,CDNS,258.6499938964844,258.6499938964844,258.7099914550781,258.6300048828125,258.7099914550781,1526.0
2024-10-25 10:55:00+00:00,CDW,219.10000610351562,219.10000610351562,219.24000549316406,219.10000610351562,219.24000549316406,624.0
2024-10-25 10:55:00+00:00,CETX,0.29600000381469727,0.29600000381469727,0.29670000076293945,0.29600000381469727,0.29670000076293945,6132.0
2024-10-25 10:55:00+00:00,CFLT,22.639999389648438,22.639999389648438,22.65999984741211,22.631999969482422,22.65999984741211,6256.0
2024-10-25 10:55:00+00:00,CGNX,39.18000030517578,39.18000030517578,39.18000030517578,39.17499923706055,39.17499923706055,656.0
2024-10-25 10:55:00+00:00,CLBT,18.219999313354492,18.219999313354492,18.219999313354492,18.200000762939453,18.200000762939453,511.0
2024-10-25 10:55:00+00:00,CLSK,12.050000190734863,12.050000190734863,12.09000015258789,12.04010009765625,12.081000328063965,76122.0
2024-10-25 10:55:00+00:00,CMBM,1.284999966621399,1.284999966621399,1.284999966621399,1.284999966621399,1.284999966621399,518.0
2024-10-25 10:55:00+00:00,CNDT,3.694999933242798,3.694999933242798,3.694999933242798,3.694999933242798,3.694999933242798,495.0
2024-10-25 10:55:00+00:00,COHR,96.1500015258789,96.1500015258789,96.19000244140625,96.1500015258789,96.19000244140625,343.0
2024-10-25 10:55:00+00:00,COHU,26.280000686645508,26.280000686645508,26.280000686645508,26.280000686645508,26.280000686645508,350.0
2024-10-25 10:55:00+00:00,COIN,211.83999633789062,211.83999633789062,211.8800048828125,211.52000427246094,211.7050018310547,5206.0
2024-10-25 10:55:00+00:00,COMM,6.440000057220459,6.440000057220459,6.440000057220459,6.434999942779541,6.434999942779541,741.0
2024-10-25 10:55:00+00:00,CORZ,13.529999732971191,13.529999732971191,13.53499984741211,13.510000228881836,13.510000228881836,6420.0
2024-10-25 10:55:00+00:00,CRDO,39.39500045776367,39.39500045776367,39.39500045776367,39.39500045776367,39.39500045776367,1286.0
2024-10-25 10:55:00+00:00,CRNC,2.910099983215332,2.910099983215332,2.910099983215332,2.910099983215332,2.910099983215332,237.0
2024-10-25 10:55:00+00:00,CRSR,6.474999904632568,6.474999904632568,6.478300094604492,6.46999979019165,6.478300094604492,716.0
2024-10-25 10:55:00+00:00,CRWD,310.1549987792969,310.1549987792969,310.1549987792969,310.04998779296875,310.04998779296875,1243.0
2024-10-25 10:55:00+00:00,CSCO,56.185001373291016,56.185001373291016,56.18600082397461,56.15999984741211,56.18600082397461,17574.0
2024-10-25 10:55:00+00:00,CSIQ,13.5,13.5,13.532500267028809,13.470600128173828,13.532500267028809,11079.0
2024-10-25 10:55:00+00:00,CTLP,9.079999923706055,9.079999923706055,9.104999542236328,9.079999923706055,9.104999542236328,872.0
2024-10-25 10:55:00+00:00,CTSH,74.98999786376953,74.98999786376953,75.01000213623047,74.9800033569336,75.0,2563.0
2024-10-25 10:55:00+00:00,CVLT,134.38999938964844,134.38999938964844,134.52499389648438,134.38999938964844,134.52499389648438,1587.0
2024-10-25 10:55:00+00:00,CYBR,295.5,295.5,295.5,295.3299865722656,295.3299865722656,758.0
2024-10-25 10:55:00+00:00,DBX,26.155000686645508,26.155000686645508,26.190000534057617,26.155000686645508,26.190000534057617,13901.0
2024-10-25 10:55:00+00:00,DDOG,127.04000091552734,127.04000091552734,127.13500213623047,127.04000091552734,127.13500213623047,2748.0
2024-10-25 10:55:00+00:00,DGHI,1.4270000457763672,1.4270000457763672,1.4279999732971191,1.4199999570846558,1.4199999570846558,1690.0
2024-10-25 10:55:00+00:00,DGII,30.549999237060547,30.549999237060547,30.549999237060547,30.520000457763672,30.520000457763672,2183.0
2024-10-25 10:55:00+00:00,DIOD,66.25,66.25,66.25,66.25,66.25,1413.0
2024-10-25 10:55:00+00:00,DOCU,70.7699966430664,70.7699966430664,70.79000091552734,70.75,70.75,5467.0
2024-10-25 10:55:00+00:00,DOX,90.08999633789062,90.08999633789062,90.08999633789062,90.04000091552734,90.06999969482422,3146.0
2024-10-25 10:55:00+00:00,DUOL,290.2650146484375,290.2650146484375,290.614990234375,290.05999755859375,290.4599914550781,2820.0
2024-10-25 10:55:00+00:00,ENPH,82.27999877929688,82.27999877929688,82.28500366210938,82.22000122070312,82.28500366210938,6227.0
2024-10-25 10:55:00+00:00,ENTG,105.19000244140625,105.19000244140625,105.19000244140625,105.05000305175781,105.05000305175781,574.0
2024-10-25 10:55:00+00:00,ERIC,8.515000343322754,8.515000343322754,8.515000343322754,8.515000343322754,8.515000343322754,1031.0
2024-10-25 10:55:00+00:00,EXLS,39.06999969482422,39.06999969482422,39.06999969482422,39.06999969482422,39.06999969482422,1099.0
2024-10-25 10:55:00+00:00,EXTR,14.569999694824219,14.569999694824219,14.569999694824219,14.5649995803833,14.5649995803833,803.0
2024-10-25 10:55:00+00:00,FFIV,216.22999572753906,216.22999572753906,216.22999572753906,216.22000122070312,216.22000122070312,996.0
2024-10-25 10:55:00+00:00,FIVN,30.719999313354492,30.719999313354492,30.729999542236328,30.700000762939453,30.700000762939453,2617.0
2024-10-25 10:55:00+00:00,FLEX,35.52000045776367,35.52000045776367,35.52000045776367,35.52000045776367,35.52000045776367,1240.0
2024-10-25 10:55:00+00:00,FLYW,17.59000015258789,17.59000015258789,17.59000015258789,17.59000015258789,17.59000015258789,649.0
2024-10-25 10:55:00+00:00,FORM,45.150001525878906,45.150001525878906,45.150001525878906,45.150001525878906,45.150001525878906,438.0
2024-10-25 10:55:00+00:00,FRSH,11.704999923706055,11.704999923706055,11.704999923706055,11.704999923706055,11.704999923706055,459.0
2024-10-25 10:55:00+00:00,FSLR,198.6743927001953,198.6743927001953,198.97000122070312,198.61000061035156,198.66000366210938,6190.0
2024-10-25 10:55:00+00:00,FTNT,81.66999816894531,81.66999816894531,81.69000244140625,81.66500091552734,81.69000244140625,4195.0
2024-10-25 10:55:00+00:00,GCT,25.469999313354492,25.469999313354492,25.524999618530273,25.469999313354492,25.510000228881836,15718.0
2024-10-25 10:55:00+00:00,GDS,21.649999618530273,21.649999618530273,21.665000915527344,21.649999618530273,21.665000915527344,709.0
2024-10-25 10:55:00+00:00,GDYN,15.649999618530273,15.649999618530273,15.649999618530273,15.649999618530273,15.649999618530273,762.0
2024-10-25 10:55:00+00:00,GFS,41.212501525878906,41.212501525878906,41.212501525878906,41.20000076293945,41.20000076293945,1292.0
2024-10-25 10:55:00+00:00,GPRO,1.3350000381469727,1.3350000381469727,1.340000033378601,1.3350000381469727,1.3350000381469727,1478.0
2024-10-25 10:55:00+00:00,GRAB,4.085000038146973,4.085000038146973,4.0879998207092285,4.081500053405762,4.085000038146973,62269.0
2024-10-25 10:55:00+00:00,GSIT,3.369999885559082,3.369999885559082,3.389899969100952,3.369999885559082,3.389899969100952,4083.0
2024-10-25 10:55:00+00:00,GTLB,55.709999084472656,55.709999084472656,55.720001220703125,55.709999084472656,55.720001220703125,1055.0
2024-10-25 10:55:00+00:00,HCKT,24.790000915527344,24.790000915527344,24.81999969482422,24.790000915527344,24.81999969482422,933.0
2024-10-25 10:55:00+00:00,HCP,33.689998626708984,33.689998626708984,33.689998626708984,33.685001373291016,33.685001373291016,341.0
2024-10-25 10:55:00+00:00,HIMX,6.204999923706055,6.204999923706055,6.204999923706055,6.204999923706055,6.204999923706055,371.0
2024-10-25 10:55:00+00:00,HLIT,14.8100004196167,14.8100004196167,14.8100004196167,14.800000190734863,14.800000190734863,1837.0
2024-10-25 10:55:00+00:00,HOLO,3.7446000576019287,3.7446000576019287,3.7446000576019287,3.7446000576019287,3.7446000576019287,1054.0
2024-10-25 10:55:00+00:00,HOOD,27.6200008392334,27.6200008392334,27.6299991607666,27.56999969482422,27.56999969482422,96047.0
2024-10-25 10:55:00+00:00,HTCR,1.0709999799728394,1.0709999799728394,1.0709999799728394,1.0709999799728394,1.0709999799728394,108.0
2024-10-25 10:55:00+00:00,IBEX,18.030000686645508,18.030000686645508,18.030000686645508,18.030000686645508,18.030000686645508,350.0
2024-10-25 10:55:00+00:00,IMMR,8.824999809265137,8.824999809265137,8.824999809265137,8.824999809265137,8.824999809265137,1057.0
2024-10-25 10:55:00+00:00,INDI,3.5799999237060547,3.5799999237060547,3.5850000381469727,3.5799999237060547,3.5850000381469727,857.0
2024-10-25 10:55:00+00:00,INFN,6.784999847412109,6.784999847412109,6.784999847412109,6.784999847412109,6.784999847412109,901.0
2024-10-25 10:55:00+00:00,INSG,20.065000534057617,20.065000534057617,20.15999984741211,19.93000030517578,19.93000030517578,5965.0
2024-10-25 10:55:00+00:00,INTA,49.869998931884766,49.869998931884766,49.869998931884766,49.869998931884766,49.869998931884766,3014.0
2024-10-25 10:55:00+00:00,INTC,23.11240005493164,23.11240005493164,23.1200008392334,23.094999313354492,23.110000610351562,80856.0
2024-10-25 10:55:00+00:00,INTU,612.8599853515625,612.8599853515625,612.8599853515625,612.8599853515625,612.8599853515625,351.0
2024-10-25 10:55:00+00:00,IPGP,77.13999938964844,77.13999938964844,77.1500015258789,77.12000274658203,77.1500015258789,4722.0
2024-10-25 10:55:00+00:00,JAMF,16.899999618530273,16.899999618530273,16.899999618530273,16.899999618530273,16.899999618530273,591.0
2024-10-25 10:55:00+00:00,KLIC,44.46500015258789,44.46500015258789,44.46500015258789,44.46500015258789,44.46500015258789,339.0
2024-10-25 10:55:00+00:00,LINK,4.504300117492676,4.504300117492676,4.590000152587891,4.440000057220459,4.590000152587891,5827.0
2024-10-25 10:55:00+00:00,LITE,64.4280014038086,64.4280014038086,64.4280014038086,64.4280014038086,64.4280014038086,131.0
2024-10-25 10:55:00+00:00,LRCX,78.58999633789062,78.58999633789062,78.6500015258789,78.57209777832031,78.625,26084.0
2024-10-25 10:55:00+00:00,LSCC,54.43000030517578,54.43000030517578,54.43000030517578,54.43000030517578,54.43000030517578,1548.0
2024-10-25 10:55:00+00:00,LYFT,13.774900436401367,13.774900436401367,13.779999732971191,13.774900436401367,13.779999732971191,6152.0
2024-10-25 10:55:00+00:00,MAXN,5.690000057220459,5.690000057220459,5.690000057220459,5.688000202178955,5.688000202178955,3503.0
2024-10-25 10:55:00+00:00,MCHP,76.94000244140625,76.94000244140625,76.97000122070312,76.94000244140625,76.97000122070312,3393.0
2024-10-25 10:55:00+00:00,MDB,268.5,268.5,268.82000732421875,268.5,268.82000732421875,2106.0
2024-10-25 10:55:00+00:00,MKSI,100.54000091552734,100.54000091552734,100.54000091552734,100.54000091552734,100.54000091552734,442.0
2024-10-25 10:55:00+00:00,MKTW,0.5835999846458435,0.5835999846458435,0.5835999846458435,0.5835999846458435,0.5835999846458435,200.0
2024-10-25 10:55:00+00:00,MLAB,115.48999786376953,115.48999786376953,115.48999786376953,115.48999786376953,115.48999786376953,444.0
2024-10-25 10:55:00+00:00,MQ,5.329999923706055,5.329999923706055,5.329999923706055,5.329999923706055,5.329999923706055,220.0
2024-10-25 10:55:00+00:00,MRVL,82.86720275878906,82.86720275878906,82.93000030517578,82.83000183105469,82.93000030517578,9228.0
2024-10-25 10:55:00+00:00,MSFT,430.4075012207031,430.4075012207031,430.7049865722656,430.3807067871094,430.6700134277344,25876.0
2024-10-25 10:55:00+00:00,MSTR,241.30990600585938,241.30990600585938,241.49000549316406,240.77999877929688,241.23500061035156,27112.0
2024-10-25 10:55:00+00:00,MTLS,5.985000133514404,5.985000133514404,5.985000133514404,5.96999979019165,5.96999979019165,464.0
2024-10-25 10:55:00+00:00,MTSI,119.80999755859375,119.80999755859375,119.83000183105469,119.80999755859375,119.83000183105469,958.0
2024-10-25 10:55:00+00:00,MTTR,4.650100231170654,4.650100231170654,4.650100231170654,4.650100231170654,4.650100231170654,1700.0
2024-10-25 10:55:00+00:00,MU,109.23400115966797,109.23400115966797,109.25,109.13500213623047,109.23999786376953,31389.0
2024-10-25 10:55:00+00:00,MVIS,1.1050000190734863,1.1050000190734863,1.1050000190734863,1.1050000190734863,1.1050000190734863,2002.0
2024-10-25 10:55:00+00:00,MXL,15.40999984741211,15.40999984741211,15.454999923706055,15.399999618530273,15.454999923706055,13372.0
2024-10-25 10:55:00+00:00,MYNA,1.1800999641418457,1.1800999641418457,1.1800999641418457,1.1800999641418457,1.1800999641418457,5843.0
2024-10-25 10:55:00+00:00,NCNO,38.22999954223633,38.22999954223633,38.22999954223633,38.189998626708984,38.209999084472656,2212.0
2024-10-25 10:55:00+00:00,NNDM,2.3550000190734863,2.3550000190734863,2.3550000190734863,2.3550000190734863,2.3550000190734863,3554.0
2024-10-25 10:55:00+00:00,NTNX,62.69499969482422,62.69499969482422,62.70500183105469,62.69499969482422,62.70500183105469,2394.0
2024-10-25 10:55:00+00:00,NVDA,143.40969848632812,143.40969848632812,143.5,143.3800048828125,143.49000549316406,247429.0
2024-10-25 10:55:00+00:00,NVTS,2.609999895095825,2.609999895095825,2.609999895095825,2.5999999046325684,2.600600004196167,3780.0
2024-10-25 10:55:00+00:00,NXPI,244.3350067138672,244.3350067138672,244.44000244140625,244.3000030517578,244.38999938964844,3434.0
2024-10-25 10:55:00+00:00,OKTA,72.86000061035156,72.86000061035156,72.86000061035156,72.86000061035156,72.86000061035156,416.0
2024-10-25 10:55:00+00:00,ON,71.62999725341797,71.62999725341797,71.66999816894531,71.5999984741211,71.66000366210938,12316.0
2024-10-25 10:55:00+00:00,OSIS,135.77000427246094,135.77000427246094,135.77000427246094,135.77000427246094,135.77000427246094,845.0
2024-10-25 10:55:00+00:00,OSPN,14.729999542236328,14.729999542236328,14.729999542236328,14.729999542236328,14.729999542236328,217.0
2024-10-25 10:55:00+00:00,PANW,371.3349914550781,371.3349914550781,371.3450012207031,371.1499938964844,371.3450012207031,743.0
2024-10-25 10:55:00+00:00,PAYO,8.329999923706055,8.329999923706055,8.329999923706055,8.329999923706055,8.329999923706055,597.0
2024-10-25 10:55:00+00:00,PCTY,173.07000732421875,173.07000732421875,173.07000732421875,173.07000732421875,173.07000732421875,316.0
2024-10-25 10:55:00+00:00,PEGA,81.33499908447266,81.33499908447266,81.37999725341797,81.33000183105469,81.37999725341797,4101.0
2024-10-25 10:55:00+00:00,PET,0.8100000023841858,0.8100000023841858,0.8100000023841858,0.8100000023841858,0.8100000023841858,100.0
2024-10-25 10:55:00+00:00,PGY,11.800000190734863,11.800000190734863,11.800000190734863,11.75,11.75,1226.0
2024-10-25 10:55:00+00:00,PHUN,9.75,9.75,9.755000114440918,9.70009994506836,9.720000267028809,30164.0
2024-10-25 10:55:00+00:00,PI,202.47999572753906,202.47999572753906,202.47999572753906,202.13499450683594,202.15499877929688,833.0
2024-10-25 10:55:00+00:00,PLXS,143.05999755859375,143.05999755859375,143.33270263671875,142.9499969482422,143.33270263671875,2750.0
2024-10-25 10:55:00+00:00,POET,4.03000020980835,4.03000020980835,4.03000020980835,4.03000020980835,4.03000020980835,1160.0
2024-10-25 10:55:00+00:00,POWI,63.2400016784668,63.2400016784668,63.2400016784668,63.2400016784668,63.2400016784668,418.0
2024-10-25 10:55:00+00:00,PRSO,1.6799999475479126,1.6799999475479126,1.690000057220459,1.6799999475479126,1.690000057220459,1497.0
2024-10-25 10:55:00+00:00,PYCR,14.420000076293945,14.420000076293945,14.420000076293945,14.40999984741211,14.40999984741211,1518.0
2024-10-25 10:55:00+00:00,QCOM,172.22999572753906,172.22999572753906,172.36000061035156,172.2100067138672,172.3300018310547,3972.0
2024-10-25 10:55:00+00:00,QRVO,99.9000015258789,99.9000015258789,99.94000244140625,99.9000015258789,99.94000244140625,1676.0
2024-10-25 10:55:00+00:00,RCAT,2.740000009536743,2.740000009536743,2.740000009536743,2.740000009536743,2.740000009536743,750.0
2024-10-25 10:55:00+00:00,REKR,1.100000023841858,1.100000023841858,1.1050000190734863,1.100000023841858,1.1050000190734863,1240.0
2024-10-25 10:55:00+00:00,RELY,14.765000343322754,14.765000343322754,14.770000457763672,14.75,14.770000457763672,2907.0
2024-10-25 10:55:00+00:00,RGTI,1.309999942779541,1.309999942779541,1.309999942779541,1.2990000247955322,1.2999999523162842,33044.0
2024-10-25 10:55:00+00:00,RIOT,10.15999984741211,10.15999984741211,10.178099632263184,10.154999732971191,10.169899940490723,38492.0
2024-10-25 10:55:00+00:00,RMBS,42.948699951171875,42.948699951171875,42.959999084472656,42.93000030517578,42.95000076293945,2623.0
2024-10-25 10:55:00+00:00,RPD,39.26499938964844,39.26499938964844,39.26499938964844,39.26499938964844,39.26499938964844,1045.0
2024-10-25 10:55:00+00:00,RUM,5.829999923706055,5.829999923706055,5.829999923706055,5.824900150299072,5.824900150299072,761.0
2024-10-25 10:55:00+00:00,RUN,14.487500190734863,14.487500190734863,14.489999771118164,14.454999923706055,14.470000267028809,7833.0
2024-10-25 10:55:00+00:00,RXT,2.569999933242798,2.569999933242798,2.569999933242798,2.569999933242798,2.569999933242798,898.0
2024-10-25 10:55:00+00:00,SCSC,45.39500045776367,45.39500045776367,45.470001220703125,45.345001220703125,45.470001220703125,4232.0
2024-10-25 10:55:00+00:00,SEDG,15.789999961853027,15.789999961853027,15.835000038146973,15.789999961853027,15.819999694824219,12219.0
2024-10-25 10:55:00+00:00,SHLS,5.223299980163574,5.223299980163574,5.223999977111816,5.215000152587891,5.215000152587891,2590.0
2024-10-25 10:55:00+00:00,SIMO,57.34000015258789,57.34000015258789,57.40999984741211,57.33000183105469,57.33000183105469,3182.0
2024-10-25 10:55:00+00:00,SLAB,115.0999984741211,115.0999984741211,115.0999984741211,115.0999984741211,115.0999984741211,352.0
2024-10-25 10:55:00+00:00,SMCI,47.95500183105469,47.95500183105469,47.95500183105469,47.86000061035156,47.939998626708984,56517.0
2024-10-25 10:55:00+00:00,SMTC,45.70000076293945,45.70000076293945,45.70750045776367,45.70000076293945,45.70000076293945,1664.0
2024-10-25 10:55:00+00:00,SNPS,504.9599914550781,504.9599914550781,504.9599914550781,504.9599914550781,504.9599914550781,833.0
2024-10-25 10:55:00+00:00,SONO,12.904999732971191,12.904999732971191,12.904999732971191,12.880000114440918,12.880000114440918,1579.0
2024-10-25 10:55:00+00:00,SOUN,5.285999774932861,5.285999774932861,5.300000190734863,5.285999774932861,5.297299861907959,9795.0
2024-10-25 10:55:00+00:00,SPSC,179.6199951171875,179.6199951171875,179.6199951171875,179.6199951171875,179.6199951171875,875.0
2024-10-25 10:55:00+00:00,SRAD,12.399999618530273,12.399999618530273,12.399999618530273,12.399999618530273,12.399999618530273,333.0
2024-10-25 10:55:00+00:00,SSNC,69.29530334472656,69.29530334472656,69.33000183105469,69.27010345458984,69.31999969482422,11671.0
2024-10-25 10:55:00+00:00,SSYS,7.150000095367432,7.150000095367432,7.150000095367432,7.150000095367432,7.150000095367432,229.0
2024-10-25 10:55:00+00:00,STNE,11.529999732971191,11.529999732971191,11.53499984741211,11.524999618530273,11.53499984741211,12401.0
2024-10-25 10:55:00+00:00,STX,104.94499969482422,104.94499969482422,104.94999694824219,104.88999938964844,104.94000244140625,3340.0
2024-10-25 10:55:00+00:00,SVRE,0.0812000036239624,0.0812000036239624,0.0820000022649765,0.0812000036239624,0.0820000022649765,162547.0
2024-10-25 10:55:00+00:00,SWKS,95.91999816894531,95.91999816894531,95.9800033569336,95.91999816894531,95.9800033569336,1414.0
2024-10-25 10:55:00+00:00,SYNA,73.19999694824219,73.19999694824219,73.27999877929688,73.19999694824219,73.27999877929688,319.0
2024-10-25 10:55:00+00:00,SYTA,1.2549999952316284,1.2549999952316284,1.2599999904632568,1.25,1.2599999904632568,6973.0
2024-10-25 10:55:00+00:00,TCX,19.75,19.75,19.75,19.75,19.75,519.0
2024-10-25 10:55:00+00:00,TEAM,190.75999450683594,190.75999450683594,190.81500244140625,190.75999450683594,190.80999755859375,2987.0
2024-10-25 10:55:00+00:00,TENB,41.59000015258789,41.59000015258789,41.59000015258789,41.52000045776367,41.54999923706055,2715.0
2024-10-25 10:55:00+00:00,TER,112.69999694824219,112.69999694824219,112.87000274658203,112.69000244140625,112.87000274658203,6637.0
2024-10-25 10:55:00+00:00,TRMB,61.16999816894531,61.16999816894531,61.16999816894531,61.16999816894531,61.16999816894531,263.0
2024-10-25 10:55:00+00:00,TTD,120.52999877929688,120.52999877929688,120.56999969482422,120.52999877929688,120.56999969482422,1616.0
2024-10-25 10:55:00+00:00,TTEC,5.433700084686279,5.433700084686279,5.433700084686279,5.433700084686279,5.433700084686279,134.0
2024-10-25 10:55:00+00:00,TWKS,4.449999809265137,4.449999809265137,4.449999809265137,4.449999809265137,4.449999809265137,642.0
2024-10-25 10:55:00+00:00,TXN,208.99000549316406,208.99000549316406,209.0,208.94000244140625,208.9600067138672,1705.0
2024-10-25 10:55:00+00:00,UCTT,35.970001220703125,35.970001220703125,36.01359939575195,35.970001220703125,36.01359939575195,852.0
2024-10-25 10:55:00+00:00,VECO,29.489999771118164,29.489999771118164,29.489999771118164,29.489999771118164,29.489999771118164,1053.0
2024-10-25 10:55:00+00:00,VERX,42.45000076293945,42.45000076293945,42.45000076293945,42.45000076293945,42.45000076293945,1091.0
2024-10-25 10:55:00+00:00,VMEO,4.769999980926514,4.769999980926514,4.769999980926514,4.769999980926514,4.769999980926514,3089.0
2024-10-25 10:55:00+00:00,VRNS,57.04999923706055,57.04999923706055,57.04999923706055,57.04999923706055,57.04999923706055,316.0
2024-10-25 10:55:00+00:00,VRNT,22.309999465942383,22.309999465942383,22.309999465942383,22.309999465942383,22.309999465942383,377.0
2024-10-25 10:55:00+00:00,VUZI,1.315999984741211,1.315999984741211,1.315999984741211,1.315999984741211,1.315999984741211,3078.0
2024-10-25 10:55:00+00:00,WDAY,240.97000122070312,240.97000122070312,240.97000122070312,240.97000122070312,240.97000122070312,547.0
2024-10-25 10:55:00+00:00,WDC,72.33999633789062,72.33999633789062,72.37000274658203,72.16999816894531,72.33999633789062,28760.0
2024-10-25 10:55:00+00:00,XPER,9.470000267028809,9.470000267028809,9.470000267028809,9.470000267028809,9.470000267028809,666.0
2024-10-25 10:55:00+00:00,XRX,10.199999809265137,10.199999809265137,10.199999809265137,10.199999809265137,10.199999809265137,287.0
2024-10-25 10:55:00+00:00,ZI,10.595000267028809,10.595000267028809,10.600000381469727,10.595000267028809,10.600000381469727,3366.0
2024-10-25 10:55:00+00:00,ZM,73.27999877929688,73.27999877929688,73.30000305175781,73.27999877929688,73.30000305175781,1958.0
2024-10-25 10:55:00+00:00,ZS,187.8699951171875,187.8699951171875,187.8699951171875,187.86000061035156,187.86000061035156,567.0
2024-10-25 10:56:00+00:00,AAOI,18.420000076293945,18.420000076293945,18.459999084472656,18.420000076293945,18.459999084472656,8265.0
2024-10-25 10:56:00+00:00,AAPL,232.75,232.75,232.77999877929688,232.60009765625,232.74789428710938,69150.0
2024-10-25 10:56:00+00:00,ACMR,19.80340003967285,19.80340003967285,19.80340003967285,19.80340003967285,19.80340003967285,431.0
2024-10-25 10:56:00+00:00,ADBE,485.239990234375,485.239990234375,485.3500061035156,485.1401062011719,485.3500061035156,2944.0
2024-10-25 10:56:00+00:00,ADI,233.2100067138672,233.2100067138672,233.22999572753906,233.14999389648438,233.16000366210938,1913.0
2024-10-25 10:56:00+00:00,ADSK,288.1650085449219,288.1650085449219,288.2749938964844,288.0799865722656,288.2749938964844,1740.0
2024-10-25 10:56:00+00:00,ADTN,6.40500020980835,6.40500020980835,6.40500020980835,6.40500020980835,6.40500020980835,352.0
2024-10-25 10:56:00+00:00,AEHR,16.579999923706055,16.579999923706055,16.600000381469727,16.579999923706055,16.600000381469727,1036.0
2024-10-25 10:56:00+00:00,AFRM,41.91699981689453,41.91699981689453,42.0,41.900001525878906,41.939998626708984,15225.0
2024-10-25 10:56:00+00:00,AKAM,103.23999786376953,103.23999786376953,103.23999786376953,103.21299743652344,103.21299743652344,1458.0
2024-10-25 10:56:00+00:00,AKTS,0.05790000036358833,0.05790000036358833,0.05790000036358833,0.057500001043081284,0.057500001043081284,6083.0
2024-10-25 10:56:00+00:00,ALGM,22.5,22.5,22.520000457763672,22.5,22.514999389648438,6228.0
2024-10-25 10:56:00+00:00,ALRM,54.88999938964844,54.88999938964844,54.88999938964844,54.880001068115234,54.880001068115234,1195.0
2024-10-25 10:56:00+00:00,ALTR,106.0199966430664,106.0199966430664,106.0199966430664,105.98999786376953,105.98999786376953,1439.0
2024-10-25 10:56:00+00:00,AMAT,187.91000366210938,187.91000366210938,188.00990295410156,187.8699951171875,187.9698944091797,15583.0
2024-10-25 10:56:00+00:00,AMD,157.23550415039062,157.23550415039062,157.2698974609375,157.14999389648438,157.1699981689453,40949.0
2024-10-25 10:56:00+00:00,AMKR,29.950000762939453,29.950000762939453,29.950000762939453,29.950000762939453,29.950000762939453,580.0
2024-10-25 10:56:00+00:00,ANSS,327.3550109863281,327.3550109863281,327.5,327.3550109863281,327.3550109863281,2050.0
2024-10-25 10:56:00+00:00,ANY,1.0950000286102295,1.0950000286102295,1.0950000286102295,1.0950000286102295,1.0950000286102295,400.0
2024-10-25 10:56:00+00:00,API,2.803999900817871,2.803999900817871,2.819999933242798,2.799999952316284,2.799999952316284,8418.0
2024-10-25 10:56:00+00:00,APP,163.31500244140625,163.31500244140625,163.4499969482422,163.25999450683594,163.3000030517578,3712.0
2024-10-25 10:56:00+00:00,APPF,217.05499267578125,217.05499267578125,217.47500610351562,217.05499267578125,217.47500610351562,679.0
2024-10-25 10:56:00+00:00,APPS,3.125,3.125,3.125,3.125,3.125,590.0
2024-10-25 10:56:00+00:00,ARQQ,7.510000228881836,7.510000228881836,7.510000228881836,7.510000228881836,7.510000228881836,1017.0
2024-10-25 10:56:00+00:00,ARRY,6.394999980926514,6.394999980926514,6.40500020980835,6.394999980926514,6.40500020980835,4899.0
2024-10-25 10:56:00+00:00,ASML,718.9099731445312,718.9099731445312,719.0499877929688,718.8800048828125,718.97998046875,4900.0
2024-10-25 10:56:00+00:00,ASNS,1.340000033378601,1.340000033378601,1.3598999977111816,1.340000033378601,1.3598999977111816,450.0
2024-10-25 10:56:00+00:00,AUR,6.465000152587891,6.465000152587891,6.465000152587891,6.465000152587891,6.465000152587891,6410.0
2024-10-25 10:56:00+00:00,AUUD,0.6280999779701233,0.6280999779701233,0.6280999779701233,0.6280999779701233,0.6280999779701233,1458.0
2024-10-25 10:56:00+00:00,AVDX,8.199999809265137,8.199999809265137,8.199999809265137,8.199999809265137,8.199999809265137,12740.0
2024-10-25 10:56:00+00:00,AVGO,175.47000122070312,175.47000122070312,175.5399932861328,175.41000366210938,175.44000244140625,22056.0
2024-10-25 10:56:00+00:00,BIGC,5.355000019073486,5.355000019073486,5.355000019073486,5.355000019073486,5.355000019073486,104.0
2024-10-25 10:56:00+00:00,BL,56.650001525878906,56.650001525878906,56.650001525878906,56.650001525878906,56.650001525878906,1014.0
2024-10-25 10:56:00+00:00,BRZE,30.967500686645508,30.967500686645508,30.967500686645508,30.950000762939453,30.950000762939453,814.0
2024-10-25 10:56:00+00:00,BSY,49.43000030517578,49.43000030517578,49.43000030517578,49.43000030517578,49.43000030517578,619.0
2024-10-25 10:56:00+00:00,CAN,0.9976000189781189,0.9976000189781189,0.9976000189781189,0.9976000189781189,0.9976000189781189,583.0
2024-10-25 10:56:00+00:00,CCSI,20.649999618530273,20.649999618530273,20.700000762939453,20.649999618530273,20.700000762939453,4912.0
2024-10-25 10:56:00+00:00,CDNS,258.3999938964844,258.3999938964844,258.7099914550781,258.3999938964844,258.635009765625,4006.0
2024-10-25 10:56:00+00:00,CDW,218.97000122070312,218.97000122070312,219.1699981689453,218.97000122070312,219.1199951171875,1448.0
2024-10-25 10:56:00+00:00,CETX,0.2980000078678131,0.2980000078678131,0.2980000078678131,0.2980000078678131,0.2980000078678131,2591.0
2024-10-25 10:56:00+00:00,CFLT,22.674999237060547,22.674999237060547,22.690000534057617,22.6299991607666,22.6299991607666,8600.0
2024-10-25 10:56:00+00:00,CGNX,39.165000915527344,39.165000915527344,39.18000030517578,39.15999984741211,39.16999816894531,2046.0
2024-10-25 10:56:00+00:00,CLBT,18.20800018310547,18.20800018310547,18.209999084472656,18.20800018310547,18.209999084472656,1686.0
2024-10-25 10:56:00+00:00,CLSK,12.069999694824219,12.069999694824219,12.069999694824219,12.029999732971191,12.045000076293945,19604.0
2024-10-25 10:56:00+00:00,CNDT,3.694999933242798,3.694999933242798,3.694999933242798,3.694999933242798,3.694999933242798,130.0
2024-10-25 10:56:00+00:00,CNXC,45.060001373291016,45.060001373291016,45.11600112915039,45.060001373291016,45.11600112915039,2240.0
2024-10-25 10:56:00+00:00,COHR,96.22000122070312,96.22000122070312,96.22000122070312,96.18000030517578,96.18000030517578,751.0
2024-10-25 10:56:00+00:00,COIN,211.72000122070312,211.72000122070312,211.8300018310547,211.4250030517578,211.82069396972656,13236.0
2024-10-25 10:56:00+00:00,COMM,6.429999828338623,6.429999828338623,6.429999828338623,6.420000076293945,6.429999828338623,2844.0
2024-10-25 10:56:00+00:00,CORZ,13.529999732971191,13.529999732971191,13.53499984741211,13.518500328063965,13.518500328063965,4632.0
2024-10-25 10:56:00+00:00,CRCT,6.550000190734863,6.550000190734863,6.554999828338623,6.550000190734863,6.550000190734863,1199.0
2024-10-25 10:56:00+00:00,CRDO,39.380001068115234,39.380001068115234,39.404998779296875,39.380001068115234,39.400001525878906,2431.0
2024-10-25 10:56:00+00:00,CREX,4.440000057220459,4.440000057220459,4.440000057220459,4.440000057220459,4.440000057220459,0.0
2024-10-25 10:56:00+00:00,CRNC,2.9000000953674316,2.9000000953674316,2.910099983215332,2.9000000953674316,2.910099983215332,2323.0
2024-10-25 10:56:00+00:00,CRNT,2.45989990234375,2.45989990234375,2.45989990234375,2.45989990234375,2.45989990234375,2655.0
2024-10-25 10:56:00+00:00,CRWD,310.23748779296875,310.23748779296875,310.2799987792969,310.0299987792969,310.07501220703125,7093.0
2024-10-25 10:56:00+00:00,CSCO,56.150001525878906,56.150001525878906,56.18000030517578,56.150001525878906,56.18000030517578,11406.0
2024-10-25 10:56:00+00:00,CSIQ,13.550000190734863,13.550000190734863,13.550000190734863,13.495100021362305,13.5,3536.0
2024-10-25 10:56:00+00:00,CTSH,74.94999694824219,74.94999694824219,74.95999908447266,74.94000244140625,74.95999908447266,1016.0
2024-10-25 10:56:00+00:00,CYBR,295.0450134277344,295.0450134277344,295.3500061035156,295.0450134277344,295.3500061035156,651.0
2024-10-25 10:56:00+00:00,CYN,3.559999942779541,3.559999942779541,3.559999942779541,3.559999942779541,3.559999942779541,369.0
2024-10-25 10:56:00+00:00,DBX,26.170000076293945,26.170000076293945,26.200000762939453,26.145000457763672,26.155000686645508,31275.0
2024-10-25 10:56:00+00:00,DDOG,126.98999786376953,126.98999786376953,127.06500244140625,126.98999786376953,127.04000091552734,3788.0
2024-10-25 10:56:00+00:00,DGHI,1.4254000186920166,1.4254000186920166,1.4254000186920166,1.4199999570846558,1.4199999570846558,955.0
2024-10-25 10:56:00+00:00,DOCU,70.78500366210938,70.78500366210938,70.78500366210938,70.73999786376953,70.75,6091.0
2024-10-25 10:56:00+00:00,DOX,90.06999969482422,90.06999969482422,90.06999969482422,90.06999969482422,90.06999969482422,1084.0
2024-10-25 10:56:00+00:00,DTSS,2.450000047683716,2.450000047683716,2.450000047683716,2.4200000762939453,2.4200000762939453,1085.0
2024-10-25 10:56:00+00:00,DUOL,289.6099853515625,289.6099853515625,290.1300048828125,289.6099853515625,290.1300048828125,1681.0
2024-10-25 10:56:00+00:00,EMKR,2.119999885559082,2.119999885559082,2.119999885559082,2.119999885559082,2.119999885559082,539.0
2024-10-25 10:56:00+00:00,ENPH,82.38999938964844,82.38999938964844,82.38999938964844,82.22000122070312,82.22000122070312,8265.0
2024-10-25 10:56:00+00:00,ENTG,105.04000091552734,105.04000091552734,105.12999725341797,105.04000091552734,105.0999984741211,1484.0
2024-10-25 10:56:00+00:00,EXFY,1.715000033378601,1.715000033378601,1.715000033378601,1.715000033378601,1.715000033378601,144.0
2024-10-25 10:56:00+00:00,EXTR,14.5649995803833,14.5649995803833,14.569999694824219,14.5600004196167,14.569999694824219,3190.0
2024-10-25 10:56:00+00:00,FEIM,12.265000343322754,12.265000343322754,12.265000343322754,12.265000343322754,12.265000343322754,248.0
2024-10-25 10:56:00+00:00,FFIV,216.27000427246094,216.27000427246094,216.27000427246094,216.25,216.25,657.0
2024-10-25 10:56:00+00:00,FIVN,30.700000762939453,30.700000762939453,30.719999313354492,30.700000762939453,30.719999313354492,1610.0
2024-10-25 10:56:00+00:00,FLEX,35.51499938964844,35.51499938964844,35.51499938964844,35.51499938964844,35.51499938964844,515.0
2024-10-25 10:56:00+00:00,FLYW,17.56999969482422,17.56999969482422,17.579999923706055,17.56999969482422,17.579999923706055,1670.0
2024-10-25 10:56:00+00:00,FROG,29.530000686645508,29.530000686645508,29.55500030517578,29.5,29.5,3108.0
2024-10-25 10:56:00+00:00,FRSH,11.699999809265137,11.699999809265137,11.699999809265137,11.699999809265137,11.699999809265137,5618.0
2024-10-25 10:56:00+00:00,FSLR,199.60000610351562,199.60000610351562,199.7899932861328,198.66000366210938,198.66000366210938,18702.0
2024-10-25 10:56:00+00:00,FTCI,0.6899999976158142,0.6899999976158142,0.7009999752044678,0.6899999976158142,0.7009999752044678,6233.0
2024-10-25 10:56:00+00:00,FTNT,81.62999725341797,81.62999725341797,81.68000030517578,81.62999725341797,81.68000030517578,1313.0
2024-10-25 10:56:00+00:00,GCT,25.478900909423828,25.478900909423828,25.478900909423828,25.440000534057617,25.440000534057617,1315.0
2024-10-25 10:56:00+00:00,GDS,21.649999618530273,21.649999618530273,21.649999618530273,21.649999618530273,21.649999618530273,221.0
2024-10-25 10:56:00+00:00,GFS,41.220001220703125,41.220001220703125,41.22999954223633,41.209999084472656,41.220001220703125,1372.0
2024-10-25 10:56:00+00:00,GPRO,1.340000033378601,1.340000033378601,1.340000033378601,1.3350000381469727,1.3350000381469727,1118.0
2024-10-25 10:56:00+00:00,GRAB,4.085000038146973,4.085000038146973,4.089700222015381,4.085000038146973,4.085000038146973,10401.0
2024-10-25 10:56:00+00:00,GSIT,3.4000000953674316,3.4000000953674316,3.4000000953674316,3.380000114440918,3.390000104904175,4569.0
2024-10-25 10:56:00+00:00,GTLB,55.529998779296875,55.529998779296875,55.66999816894531,55.52009963989258,55.66999816894531,38816.0
2024-10-25 10:56:00+00:00,HCP,33.685001373291016,33.685001373291016,33.685001373291016,33.685001373291016,33.685001373291016,1266.0
2024-10-25 10:56:00+00:00,HEAR,16.6200008392334,16.6200008392334,16.6200008392334,16.6200008392334,16.6200008392334,117.0
2024-10-25 10:56:00+00:00,HIMX,6.204999923706055,6.204999923706055,6.204999923706055,6.204999923706055,6.204999923706055,200.0
2024-10-25 10:56:00+00:00,HOLO,3.75,3.75,3.75,3.740600109100342,3.74429988861084,880.0
2024-10-25 10:56:00+00:00,HOOD,27.7450008392334,27.7450008392334,27.75,27.610000610351562,27.6200008392334,143715.0
2024-10-25 10:56:00+00:00,HTCR,1.0780999660491943,1.0780999660491943,1.0780999660491943,1.0780999660491943,1.0780999660491943,1500.0
2024-10-25 10:56:00+00:00,IMMR,8.819999694824219,8.819999694824219,8.819999694824219,8.819999694824219,8.819999694824219,149.0
2024-10-25 10:56:00+00:00,IMXI,17.770000457763672,17.770000457763672,17.770000457763672,17.770000457763672,17.770000457763672,342.0
2024-10-25 10:56:00+00:00,INDI,3.5850000381469727,3.5850000381469727,3.5850000381469727,3.5850000381469727,3.5850000381469727,519.0
2024-10-25 10:56:00+00:00,INFN,6.78000020980835,6.78000020980835,6.78000020980835,6.78000020980835,6.78000020980835,33.0
2024-10-25 10:56:00+00:00,INSG,20.020000457763672,20.020000457763672,20.09000015258789,20.020000457763672,20.09000015258789,544.0
2024-10-25 10:56:00+00:00,INTC,23.1200008392334,23.1200008392334,23.1200008392334,23.100000381469727,23.113100051879883,99258.0
2024-10-25 10:56:00+00:00,INTU,612.3800048828125,612.3800048828125,612.5230102539062,612.3800048828125,612.5230102539062,1490.0
2024-10-25 10:56:00+00:00,IPGP,77.19000244140625,77.19000244140625,77.19000244140625,77.19000244140625,77.19000244140625,678.0
2024-10-25 10:56:00+00:00,JKHY,184.63999938964844,184.63999938964844,184.8300018310547,184.63499450683594,184.77000427246094,3899.0
2024-10-25 10:56:00+00:00,KC,2.734999895095825,2.734999895095825,2.734999895095825,2.734999895095825,2.734999895095825,2216.0
2024-10-25 10:56:00+00:00,KLAC,677.0,677.0,677.8984985351562,677.0,677.344970703125,4295.0
2024-10-25 10:56:00+00:00,KOSS,7.289999961853027,7.289999961853027,7.289999961853027,7.289999961853027,7.289999961853027,1361.0
2024-10-25 10:56:00+00:00,LASR,10.510000228881836,10.510000228881836,10.510000228881836,10.510000228881836,10.510000228881836,715.0
2024-10-25 10:56:00+00:00,LINK,4.5,4.5,4.639999866485596,4.5,4.5254998207092285,9586.0
2024-10-25 10:56:00+00:00,LITE,64.30999755859375,64.30999755859375,64.4000015258789,64.30999755859375,64.4000015258789,1091.0
2024-10-25 10:56:00+00:00,LOGI,81.16000366210938,81.16000366210938,81.16000366210938,81.13999938964844,81.13999938964844,790.0
2024-10-25 10:56:00+00:00,LRCX,78.62249755859375,78.62249755859375,78.66999816894531,78.57499694824219,78.58499908447266,25551.0
2024-10-25 10:56:00+00:00,LSCC,54.43000030517578,54.43000030517578,54.459999084472656,54.41999816894531,54.45000076293945,2065.0
2024-10-25 10:56:00+00:00,LYFT,13.774999618530273,13.774999618530273,13.774999618530273,13.770000457763672,13.774999618530273,1989.0
2024-10-25 10:56:00+00:00,LYTS,16.3700008392334,16.3700008392334,16.3700008392334,16.3700008392334,16.3700008392334,533.0
2024-10-25 10:56:00+00:00,MANH,276.4700012207031,276.4700012207031,276.4700012207031,276.3900146484375,276.44500732421875,747.0
2024-10-25 10:56:00+00:00,MAXN,5.690000057220459,5.690000057220459,5.690000057220459,5.690000057220459,5.690000057220459,1439.0
2024-10-25 10:56:00+00:00,MCHP,76.91999816894531,76.91999816894531,76.95999908447266,76.91999816894531,76.94000244140625,3076.0
2024-10-25 10:56:00+00:00,MDB,268.1000061035156,268.1000061035156,268.57501220703125,268.1000061035156,268.57501220703125,1060.0
2024-10-25 10:56:00+00:00,MKSI,100.52999877929688,100.52999877929688,100.52999877929688,100.52999877929688,100.52999877929688,474.0
2024-10-25 10:56:00+00:00,MNDY,300.3450012207031,300.3450012207031,300.6400146484375,300.2799987792969,300.6400146484375,943.0
2024-10-25 10:56:00+00:00,MQ,5.335000038146973,5.335000038146973,5.338900089263916,5.335000038146973,5.338900089263916,663.0
2024-10-25 10:56:00+00:00,MRAM,6.28000020980835,6.28000020980835,6.28000020980835,6.28000020980835,6.28000020980835,160.0
2024-10-25 10:56:00+00:00,MRVL,82.83999633789062,82.83999633789062,82.88990020751953,82.80000305175781,82.86499786376953,7459.0
2024-10-25 10:56:00+00:00,MSFT,430.3500061035156,430.3500061035156,430.5710144042969,430.2799987792969,430.40130615234375,19676.0
2024-10-25 10:56:00+00:00,MSTR,241.6999969482422,241.6999969482422,241.6999969482422,240.81739807128906,240.8699951171875,30208.0
2024-10-25 10:56:00+00:00,MTC,0.3707999885082245,0.3707999885082245,0.3707999885082245,0.3707999885082245,0.3707999885082245,253.0
2024-10-25 10:56:00+00:00,MTLS,5.960000038146973,5.960000038146973,5.960000038146973,5.960000038146973,5.960000038146973,1051.0
2024-10-25 10:56:00+00:00,MTSI,119.69999694824219,119.69999694824219,119.69999694824219,119.69999694824219,119.69999694824219,236.0
2024-10-25 10:56:00+00:00,MU,109.33000183105469,109.33000183105469,109.33000183105469,109.20999908447266,109.22000122070312,21642.0
2024-10-25 10:56:00+00:00,MVIS,1.1050000190734863,1.1050000190734863,1.1100000143051147,1.1050000190734863,1.1100000143051147,500.0
2024-10-25 10:56:00+00:00,MXL,15.414999961853027,15.414999961853027,15.414999961853027,15.399999618530273,15.399999618530273,1307.0
2024-10-25 10:56:00+00:00,NICE,176.69500732421875,176.69500732421875,176.69500732421875,176.69500732421875,176.69500732421875,425.0
2024-10-25 10:56:00+00:00,NNDM,2.359999895095825,2.359999895095825,2.359999895095825,2.359999895095825,2.359999895095825,2038.0
2024-10-25 10:56:00+00:00,NSIT,210.47000122070312,210.47000122070312,210.47000122070312,210.47000122070312,210.47000122070312,864.0
2024-10-25 10:56:00+00:00,NTAP,120.40499877929688,120.40499877929688,120.43000030517578,120.37000274658203,120.37000274658203,1900.0
2024-10-25 10:56:00+00:00,NTNX,62.689998626708984,62.689998626708984,62.69499969482422,62.689998626708984,62.69499969482422,498.0
2024-10-25 10:56:00+00:00,NVDA,143.40499877929688,143.40499877929688,143.50999450683594,143.3699951171875,143.41000366210938,256217.0
2024-10-25 10:56:00+00:00,NXPI,244.25,244.25,244.41000366210938,244.25,244.3000030517578,2068.0
2024-10-25 10:56:00+00:00,OKTA,72.80999755859375,72.80999755859375,72.86000061035156,72.80999755859375,72.86000061035156,977.0
2024-10-25 10:56:00+00:00,ON,71.61000061035156,71.61000061035156,71.66000366210938,71.52999877929688,71.63999938964844,17562.0
2024-10-25 10:56:00+00:00,PANW,371.1199951171875,371.1199951171875,371.2200012207031,370.8399963378906,371.1708068847656,6066.0
2024-10-25 10:56:00+00:00,PAYO,8.324999809265137,8.324999809265137,8.329999923706055,8.324999809265137,8.329999923706055,2444.0
2024-10-25 10:56:00+00:00,PEGA,81.33999633789062,81.33999633789062,81.4198989868164,81.32530212402344,81.34500122070312,7997.0
2024-10-25 10:56:00+00:00,PEGY,4.599899768829346,4.599899768829346,4.599899768829346,4.599899768829346,4.599899768829346,3494.0
2024-10-25 10:56:00+00:00,PGY,11.739999771118164,11.739999771118164,11.789999961853027,11.739999771118164,11.770000457763672,938.0
2024-10-25 10:56:00+00:00,PHUN,9.760000228881836,9.760000228881836,9.760000228881836,9.739999771118164,9.760000228881836,25271.0
2024-10-25 10:56:00+00:00,PI,203.22999572753906,203.22999572753906,203.58999633789062,203.02000427246094,203.02000427246094,1680.0
2024-10-25 10:56:00+00:00,PLXS,143.05999755859375,143.05999755859375,143.05999755859375,143.05999755859375,143.05999755859375,735.0
2024-10-25 10:56:00+00:00,POET,4.039999961853027,4.039999961853027,4.039999961853027,4.039999961853027,4.039999961853027,1158.0
2024-10-25 10:56:00+00:00,PRSO,1.6799999475479126,1.6799999475479126,1.6799999475479126,1.6799999475479126,1.6799999475479126,32.0
2024-10-25 10:56:00+00:00,PTC,186.38999938964844,186.38999938964844,186.4600067138672,186.38999938964844,186.4600067138672,1453.0
2024-10-25 10:56:00+00:00,PUBM,15.140000343322754,15.140000343322754,15.140000343322754,15.119999885559082,15.119999885559082,2033.0
2024-10-25 10:56:00+00:00,PYCR,14.414999961853027,14.414999961853027,14.414999961853027,14.414999961853027,14.414999961853027,705.0
2024-10-25 10:56:00+00:00,QCOM,172.16000366210938,172.16000366210938,172.27000427246094,172.16000366210938,172.22500610351562,6320.0
2024-10-25 10:56:00+00:00,QRVO,99.8949966430664,99.8949966430664,99.8949966430664,99.8949966430664,99.8949966430664,600.0
2024-10-25 10:56:00+00:00,QUBT,1.1288000345230103,1.1288000345230103,1.1288000345230103,1.1204999685287476,1.1204999685287476,2927.0
2024-10-25 10:56:00+00:00,QUIK,8.649999618530273,8.649999618530273,8.649999618530273,8.649999618530273,8.649999618530273,472.0
2024-10-25 10:56:00+00:00,RCAT,2.744999885559082,2.744999885559082,2.744999885559082,2.744999885559082,2.744999885559082,162.0
2024-10-25 10:56:00+00:00,REKR,1.103600025177002,1.103600025177002,1.103600025177002,1.103600025177002,1.103600025177002,464.0
2024-10-25 10:56:00+00:00,RGTI,1.2910000085830688,1.2910000085830688,1.2999999523162842,1.2910000085830688,1.2999999523162842,12598.0
2024-10-25 10:56:00+00:00,RGTIW,0.17990000545978546,0.17990000545978546,0.17990000545978546,0.17990000545978546,0.17990000545978546,4000.0
2024-10-25 10:56:00+00:00,RIOT,10.179900169372559,10.179900169372559,10.180000305175781,10.149999618530273,10.154000282287598,58101.0
2024-10-25 10:56:00+00:00,RMBS,42.915000915527344,42.915000915527344,42.95000076293945,42.900001525878906,42.93000030517578,1852.0
2024-10-25 10:56:00+00:00,RMNI,1.7400000095367432,1.7400000095367432,1.7400000095367432,1.7400000095367432,1.7400000095367432,230.0
2024-10-25 10:56:00+00:00,RPAY,7.664999961853027,7.664999961853027,7.670000076293945,7.664999961853027,7.670000076293945,1829.0
2024-10-25 10:56:00+00:00,RUM,5.820000171661377,5.820000171661377,5.828000068664551,5.820000171661377,5.828000068664551,2753.0
2024-10-25 10:56:00+00:00,RUN,14.505000114440918,14.505000114440918,14.520000457763672,14.484999656677246,14.484999656677246,15200.0
2024-10-25 10:56:00+00:00,SANM,67.97000122070312,67.97000122070312,67.97000122070312,67.97000122070312,67.97000122070312,564.0
2024-10-25 10:56:00+00:00,SATL,0.9900000095367432,0.9900000095367432,0.9900000095367432,0.9900000095367432,0.9900000095367432,333.0
2024-10-25 10:56:00+00:00,SATS,25.315000534057617,25.315000534057617,25.350000381469727,25.315000534057617,25.350000381469727,2136.0
2024-10-25 10:56:00+00:00,SEDG,15.800000190734863,15.800000190734863,15.829999923706055,15.789999961853027,15.805000305175781,7921.0
2024-10-25 10:56:00+00:00,SGMA,2.871000051498413,2.871000051498413,2.871000051498413,2.871000051498413,2.871000051498413,1094.0
2024-10-25 10:56:00+00:00,SHLS,5.21999979019165,5.21999979019165,5.21999979019165,5.210299968719482,5.21999979019165,2839.0
2024-10-25 10:56:00+00:00,SIMO,57.30500030517578,57.30500030517578,57.375,57.30500030517578,57.34000015258789,2231.0
2024-10-25 10:56:00+00:00,SKYT,10.5600004196167,10.5600004196167,10.5600004196167,10.520000457763672,10.520000457763672,2337.0
2024-10-25 10:56:00+00:00,SMCI,47.92900085449219,47.92900085449219,47.97990036010742,47.900001525878906,47.95000076293945,56343.0
2024-10-25 10:56:00+00:00,SMTC,45.7599983215332,45.7599983215332,45.79999923706055,45.72999954223633,45.72999954223633,1801.0
2024-10-25 10:56:00+00:00,SNPS,504.010009765625,504.010009765625,504.010009765625,504.010009765625,504.010009765625,708.0
2024-10-25 10:56:00+00:00,SONO,12.904999732971191,12.904999732971191,12.904999732971191,12.904999732971191,12.904999732971191,659.0
2024-10-25 10:56:00+00:00,SOUN,5.284999847412109,5.284999847412109,5.289999961853027,5.280099868774414,5.2835001945495605,12294.0
2024-10-25 10:56:00+00:00,SOUNW,1.8799999952316284,1.8799999952316284,1.8799999952316284,1.8799999952316284,1.8799999952316284,138.0
2024-10-25 10:56:00+00:00,SSNC,69.5199966430664,69.5199966430664,69.52999877929688,69.30000305175781,69.30000305175781,12617.0
2024-10-25 10:56:00+00:00,SSTI,11.5,11.5,11.5,11.5,11.5,402.0
2024-10-25 10:56:00+00:00,SSYS,7.150000095367432,7.150000095367432,7.150000095367432,7.139999866485596,7.139999866485596,208.0
2024-10-25 10:56:00+00:00,STER,16.75,16.75,16.75,16.75,16.75,106.0
2024-10-25 10:56:00+00:00,STNE,11.529999732971191,11.529999732971191,11.53499984741211,11.524399757385254,11.524399757385254,6717.0
2024-10-25 10:56:00+00:00,STX,105.02760314941406,105.02760314941406,105.08999633789062,104.95999908447266,104.95999908447266,2843.0
2024-10-25 10:56:00+00:00,SVRE,0.08250000327825546,0.08250000327825546,0.08250000327825546,0.08250000327825546,0.08250000327825546,13100.0
2024-10-25 10:56:00+00:00,SWKS,95.97000122070312,95.97000122070312,96.0,95.97000122070312,95.98999786376953,2189.0
2024-10-25 10:56:00+00:00,SYNA,73.20500183105469,73.20500183105469,73.20500183105469,73.20500183105469,73.20500183105469,322.0
2024-10-25 10:56:00+00:00,SYTA,1.2549999952316284,1.2549999952316284,1.2589999437332153,1.2419999837875366,1.2582000494003296,9925.0
2024-10-25 10:56:00+00:00,TAOP,0.46000000834465027,0.46000000834465027,0.46000000834465027,0.45899999141693115,0.45899999141693115,7800.0
2024-10-25 10:56:00+00:00,TEAM,190.72000122070312,190.72000122070312,190.72000122070312,190.6999969482422,190.6999969482422,1255.0
2024-10-25 10:56:00+00:00,TENB,41.58000183105469,41.58000183105469,41.58000183105469,41.54999923706055,41.56999969482422,2775.0
2024-10-25 10:56:00+00:00,TER,112.7249984741211,112.7249984741211,112.7249984741211,112.71749877929688,112.7249984741211,1946.0
2024-10-25 10:56:00+00:00,TRMB,61.150001525878906,61.150001525878906,61.150001525878906,61.150001525878906,61.150001525878906,669.0
2024-10-25 10:56:00+00:00,TTD,120.5,120.5,120.56990051269531,120.47000122070312,120.47000122070312,4648.0
2024-10-25 10:56:00+00:00,TTEC,5.440000057220459,5.440000057220459,5.440000057220459,5.440000057220459,5.440000057220459,112.0
2024-10-25 10:56:00+00:00,TWKS,4.449999809265137,4.449999809265137,4.449999809265137,4.449999809265137,4.449999809265137,401.0
2024-10-25 10:56:00+00:00,TXN,208.88999938964844,208.88999938964844,209.02000427246094,208.88999938964844,208.97999572753906,3420.0
2024-10-25 10:56:00+00:00,VCSA,2.420099973678589,2.420099973678589,2.420099973678589,2.4200000762939453,2.4200000762939453,1146.0
2024-10-25 10:56:00+00:00,VIAV,9.220000267028809,9.220000267028809,9.220000267028809,9.220000267028809,9.220000267028809,796.0
2024-10-25 10:56:00+00:00,VICR,46.84149932861328,46.84149932861328,46.84149932861328,46.84149932861328,46.84149932861328,325.0
2024-10-25 10:56:00+00:00,VRNS,57.029998779296875,57.029998779296875,57.040000915527344,57.029998779296875,57.040000915527344,1009.0
2024-10-25 10:56:00+00:00,VRNT,22.309999465942383,22.309999465942383,22.309999465942383,22.309999465942383,22.309999465942383,283.0
2024-10-25 10:56:00+00:00,VRSN,186.23500061035156,186.23500061035156,186.3699951171875,186.23500061035156,186.3699951171875,2824.0
2024-10-25 10:56:00+00:00,VS,2.6050000190734863,2.6050000190734863,2.6050000190734863,2.6050000190734863,2.6050000190734863,310.0
2024-10-25 10:56:00+00:00,VUZI,1.3200000524520874,1.3200000524520874,1.3200000524520874,1.3200000524520874,1.3200000524520874,20600.0
2024-10-25 10:56:00+00:00,VVPR,0.7997999787330627,0.7997999787330627,0.7997999787330627,0.7997999787330627,0.7997999787330627,670.0
2024-10-25 10:56:00+00:00,WDAY,241.08999633789062,241.08999633789062,241.08999633789062,241.08999633789062,241.08999633789062,308.0
2024-10-25 10:56:00+00:00,WDC,72.4749984741211,72.4749984741211,72.51000213623047,72.34500122070312,72.3499984741211,15917.0
2024-10-25 10:56:00+00:00,WRAP,1.8628000020980835,1.8628000020980835,1.8628000020980835,1.8628000020980835,1.8628000020980835,2000.0
2024-10-25 10:56:00+00:00,XRX,10.199999809265137,10.199999809265137,10.199999809265137,10.194999694824219,10.194999694824219,1097.0
2024-10-25 10:56:00+00:00,ZI,10.609999656677246,10.609999656677246,10.609999656677246,10.604999542236328,10.604999542236328,2466.0
2024-10-25 10:56:00+00:00,ZM,73.26799774169922,73.26799774169922,73.26799774169922,73.23999786376953,73.25,1177.0
2024-10-25 10:56:00+00:00,ZS,187.83580017089844,187.83580017089844,187.91000366210938,187.83580017089844,187.91000366210938,1248.0
2024-10-25 10:57:00+00:00,AAOI,18.360000610351562,18.360000610351562,18.40999984741211,18.360000610351562,18.40999984741211,4592.0
2024-10-25 10:57:00+00:00,AAPL,232.69000244140625,232.69000244140625,232.77000427246094,232.66000366210938,232.72999572753906,54454.0
2024-10-25 10:57:00+00:00,ACIW,49.209999084472656,49.209999084472656,49.209999084472656,49.209999084472656,49.209999084472656,280.0
2024-10-25 10:57:00+00:00,ACLS,90.70999908447266,90.70999908447266,90.70999908447266,90.70999908447266,90.70999908447266,615.0
2024-10-25 10:57:00+00:00,ADBE,485.0960998535156,485.0960998535156,485.2799987792969,485.0960998535156,485.2300109863281,4294.0
2024-10-25 10:57:00+00:00,ADI,233.22500610351562,233.22500610351562,233.24000549316406,233.2050018310547,233.2050018310547,978.0
2024-10-25 10:57:00+00:00,ADSK,288.1650085449219,288.1650085449219,288.1650085449219,288.1650085449219,288.1650085449219,307.0
2024-10-25 10:57:00+00:00,ADTN,6.400000095367432,6.400000095367432,6.400000095367432,6.400000095367432,6.400000095367432,583.0
2024-10-25 10:57:00+00:00,AEHR,16.594999313354492,16.594999313354492,16.594999313354492,16.594999313354492,16.594999313354492,3136.0
2024-10-25 10:57:00+00:00,AEYE,23.325000762939453,23.325000762939453,23.325000762939453,23.325000762939453,23.325000762939453,104.0
2024-10-25 10:57:00+00:00,AFRM,41.97999954223633,41.97999954223633,41.97999954223633,41.90010070800781,41.928001403808594,8507.0
2024-10-25 10:57:00+00:00,AGYS,112.3499984741211,112.3499984741211,112.3499984741211,112.3499984741211,112.3499984741211,396.0
2024-10-25 10:57:00+00:00,AKTS,0.05790000036358833,0.05790000036358833,0.05790000036358833,0.05770000070333481,0.05790000036358833,7674.0
2024-10-25 10:57:00+00:00,ALGM,22.524999618530273,22.524999618530273,22.530000686645508,22.514999389648438,22.514999389648438,2463.0
2024-10-25 10:57:00+00:00,ALRM,54.84000015258789,54.84000015258789,54.84000015258789,54.84000015258789,54.84000015258789,554.0
2024-10-25 10:57:00+00:00,ALTR,106.08000183105469,106.08000183105469,106.08000183105469,105.9749984741211,105.9749984741211,410.0
2024-10-25 10:57:00+00:00,AMAT,187.77000427246094,187.77000427246094,187.8769989013672,187.77000427246094,187.8769989013672,11994.0
2024-10-25 10:57:00+00:00,AMD,157.1699981689453,157.1699981689453,157.21800231933594,157.1103057861328,157.21800231933594,50527.0
2024-10-25 10:57:00+00:00,AMKR,29.93000030517578,29.93000030517578,29.940000534057617,29.93000030517578,29.940000534057617,4258.0
2024-10-25 10:57:00+00:00,AMPL,9.25,9.25,9.260000228881836,9.25,9.260000228881836,1197.0
2024-10-25 10:57:00+00:00,API,2.805000066757202,2.805000066757202,2.805000066757202,2.799999952316284,2.805000066757202,1677.0
2024-10-25 10:57:00+00:00,APP,163.35499572753906,163.35499572753906,163.3800048828125,163.302001953125,163.31500244140625,2394.0
2024-10-25 10:57:00+00:00,APPF,217.16799926757812,217.16799926757812,217.16799926757812,216.5200958251953,217.05499267578125,4927.0
2024-10-25 10:57:00+00:00,APPN,32.20249938964844,32.20249938964844,32.24209976196289,32.20249938964844,32.24209976196289,767.0
2024-10-25 10:57:00+00:00,ARRY,6.383999824523926,6.383999824523926,6.400000095367432,6.380000114440918,6.394999980926514,28093.0
2024-10-25 10:57:00+00:00,ASML,719.0250244140625,719.0250244140625,719.11669921875,718.7999877929688,719.11669921875,1986.0
2024-10-25 10:57:00+00:00,AUR,6.454999923706055,6.454999923706055,6.460000038146973,6.454999923706055,6.460000038146973,5114.0
2024-10-25 10:57:00+00:00,AVDX,8.199999809265137,8.199999809265137,8.199999809265137,8.199999809265137,8.199999809265137,10109.0
2024-10-25 10:57:00+00:00,AVGO,175.4600067138672,175.4600067138672,175.47450256347656,175.3249969482422,175.42999267578125,18640.0
2024-10-25 10:57:00+00:00,AVPT,12.079999923706055,12.079999923706055,12.100000381469727,12.079999923706055,12.100000381469727,1782.0
2024-10-25 10:57:00+00:00,BAND,17.84000015258789,17.84000015258789,17.84000015258789,17.84000015258789,17.84000015258789,312.0
2024-10-25 10:57:00+00:00,BASE,16.55970001220703,16.55970001220703,16.55970001220703,16.55970001220703,16.55970001220703,295.0
2024-10-25 10:57:00+00:00,BIGC,5.357999801635742,5.357999801635742,5.357999801635742,5.357999801635742,5.357999801635742,936.0
2024-10-25 10:57:00+00:00,BRZE,30.979999542236328,30.979999542236328,30.979999542236328,30.96500015258789,30.979999542236328,2512.0
2024-10-25 10:57:00+00:00,BSY,49.369998931884766,49.369998931884766,49.40999984741211,49.369998931884766,49.40999984741211,2163.0
2024-10-25 10:57:00+00:00,CAN,0.9980999827384949,0.9980999827384949,0.998199999332428,0.9979000091552734,0.998199999332428,825.0
2024-10-25 10:57:00+00:00,CCSI,20.670000076293945,20.670000076293945,20.729999542236328,20.670000076293945,20.68000030517578,7039.0
2024-10-25 10:57:00+00:00,CDNS,258.3800048828125,258.3800048828125,258.3900146484375,258.30999755859375,258.375,5173.0
2024-10-25 10:57:00+00:00,CDW,218.92999267578125,218.92999267578125,218.92999267578125,218.92999267578125,218.92999267578125,541.0
2024-10-25 10:57:00+00:00,CETX,0.296999990940094,0.296999990940094,0.2980000078678131,0.296999990940094,0.2980000078678131,2270.0
2024-10-25 10:57:00+00:00,CFLT,22.65999984741211,22.65999984741211,22.670000076293945,22.645000457763672,22.670000076293945,4327.0
2024-10-25 10:57:00+00:00,CGNT,6.659999847412109,6.659999847412109,6.659999847412109,6.659999847412109,6.659999847412109,988.0
2024-10-25 10:57:00+00:00,CGNX,39.13999938964844,39.13999938964844,39.15999984741211,39.13999938964844,39.15999984741211,2303.0
2024-10-25 10:57:00+00:00,CLBT,18.190000534057617,18.190000534057617,18.200000762939453,18.190000534057617,18.200000762939453,705.0
2024-10-25 10:57:00+00:00,CLFD,36.630001068115234,36.630001068115234,36.630001068115234,36.630001068115234,36.630001068115234,178.0
2024-10-25 10:57:00+00:00,CLSK,12.045000076293945,12.045000076293945,12.0600004196167,12.030200004577637,12.0600004196167,28832.0
2024-10-25 10:57:00+00:00,CMTL,3.7249999046325684,3.7249999046325684,3.7249999046325684,3.7249999046325684,3.7249999046325684,339.0
2024-10-25 10:57:00+00:00,CNDT,3.694999933242798,3.694999933242798,3.694999933242798,3.694999933242798,3.694999933242798,1511.0
2024-10-25 10:57:00+00:00,COHR,96.16500091552734,96.16500091552734,96.19999694824219,96.11000061035156,96.19999694824219,3887.0
2024-10-25 10:57:00+00:00,COHU,26.239999771118164,26.239999771118164,26.260000228881836,26.239999771118164,26.260000228881836,601.0
2024-10-25 10:57:00+00:00,COIN,211.6649932861328,211.6649932861328,211.92999267578125,211.5,211.8000030517578,4848.0
2024-10-25 10:57:00+00:00,COMM,6.414999961853027,6.414999961853027,6.421000003814697,6.414999961853027,6.421000003814697,1521.0
2024-10-25 10:57:00+00:00,CORZ,13.507599830627441,13.507599830627441,13.529999732971191,13.5,13.529999732971191,10961.0
2024-10-25 10:57:00+00:00,CRCT,6.539999961853027,6.539999961853027,6.550000190734863,6.539999961853027,6.550000190734863,565.0
2024-10-25 10:57:00+00:00,CRDO,39.400001525878906,39.400001525878906,39.400001525878906,39.400001525878906,39.400001525878906,717.0
2024-10-25 10:57:00+00:00,CRNT,2.4549999237060547,2.4549999237060547,2.4549999237060547,2.4549999237060547,2.4549999237060547,1100.0
2024-10-25 10:57:00+00:00,CRSR,6.460000038146973,6.460000038146973,6.46999979019165,6.460000038146973,6.46999979019165,721.0
2024-10-25 10:57:00+00:00,CRWD,310.17999267578125,310.17999267578125,310.20001220703125,310.0950012207031,310.20001220703125,3023.0
2024-10-25 10:57:00+00:00,CSCO,56.1614990234375,56.1614990234375,56.16999816894531,56.150001525878906,56.150001525878906,29553.0
2024-10-25 10:57:00+00:00,CSGS,47.91999816894531,47.91999816894531,47.91999816894531,47.91999816894531,47.91999816894531,892.0
2024-10-25 10:57:00+00:00,CSIQ,13.53499984741211,13.53499984741211,13.53499984741211,13.529999732971191,13.529999732971191,1283.0
2024-10-25 10:57:00+00:00,CTLP,9.079999923706055,9.079999923706055,9.079999923706055,9.079999923706055,9.079999923706055,999.0
2024-10-25 10:57:00+00:00,CTSH,74.94999694824219,74.94999694824219,74.94999694824219,74.93000030517578,74.94499969482422,1422.0
2024-10-25 10:57:00+00:00,CVLT,134.1300048828125,134.1300048828125,134.1300048828125,134.1300048828125,134.1300048828125,742.0
2024-10-25 10:57:00+00:00,DAKT,13.220000267028809,13.220000267028809,13.220000267028809,13.220000267028809,13.220000267028809,1121.0
2024-10-25 10:57:00+00:00,DBX,26.165000915527344,26.165000915527344,26.170000076293945,26.165000915527344,26.170000076293945,2453.0
2024-10-25 10:57:00+00:00,DDOG,126.94999694824219,126.94999694824219,127.0,126.94499969482422,126.98500061035156,3045.0
2024-10-25 10:57:00+00:00,DGHI,1.4279999732971191,1.4279999732971191,1.4279999732971191,1.4199999570846558,1.4199999570846558,3000.0
2024-10-25 10:57:00+00:00,DOCU,70.75,70.75,70.79000091552734,70.75,70.77999877929688,10220.0
2024-10-25 10:57:00+00:00,DOMO,8.079999923706055,8.079999923706055,8.079999923706055,8.079999923706055,8.079999923706055,814.0
2024-10-25 10:57:00+00:00,DOX,90.06999969482422,90.06999969482422,90.06999969482422,90.02999877929688,90.02999877929688,1793.0
2024-10-25 10:57:00+00:00,DUOL,289.4700012207031,289.4700012207031,290.1600036621094,289.4700012207031,289.6700134277344,3000.0
2024-10-25 10:57:00+00:00,EEFT,101.87999725341797,101.87999725341797,101.9000015258789,101.87999725341797,101.9000015258789,768.0
2024-10-25 10:57:00+00:00,ENPH,82.30500030517578,82.30500030517578,82.35820007324219,82.27999877929688,82.35820007324219,5636.0
2024-10-25 10:57:00+00:00,ENTG,105.1500015258789,105.1500015258789,105.16000366210938,105.05999755859375,105.08999633789062,3902.0
2024-10-25 10:57:00+00:00,ERIC,8.526000022888184,8.526000022888184,8.529999732971191,8.513999938964844,8.520000457763672,138145.0
2024-10-25 10:57:00+00:00,EXTR,14.539999961853027,14.539999961853027,14.555000305175781,14.539999961853027,14.555000305175781,643.0
2024-10-25 10:57:00+00:00,FARO,17.899999618530273,17.899999618530273,17.899999618530273,17.899999618530273,17.899999618530273,1100.0
2024-10-25 10:57:00+00:00,FEIM,12.199999809265137,12.199999809265137,12.3100004196167,12.199999809265137,12.244999885559082,1803.0
2024-10-25 10:57:00+00:00,FFIV,216.22000122070312,216.22000122070312,216.27999877929688,216.2100067138672,216.27999877929688,1487.0
2024-10-25 10:57:00+00:00,FIVN,30.684999465942383,30.684999465942383,30.690000534057617,30.670000076293945,30.690000534057617,1426.0
2024-10-25 10:57:00+00:00,FLEX,35.49089813232422,35.49089813232422,35.51300048828125,35.4900016784668,35.51300048828125,5795.0
2024-10-25 10:57:00+00:00,FROG,29.530000686645508,29.530000686645508,29.559999465942383,29.530000686645508,29.559999465942383,1425.0
2024-10-25 10:57:00+00:00,FRSH,11.704999923706055,11.704999923706055,11.704999923706055,11.699999809265137,11.704999923706055,2108.0
2024-10-25 10:57:00+00:00,FSLR,199.3249969482422,199.3249969482422,199.58999633789062,199.3249969482422,199.58999633789062,2571.0
2024-10-25 10:57:00+00:00,FTNT,81.6500015258789,81.6500015258789,81.6500015258789,81.62999725341797,81.62999725341797,1767.0
2024-10-25 10:57:00+00:00,GCT,25.510000228881836,25.510000228881836,25.510000228881836,25.510000228881836,25.510000228881836,591.0
2024-10-25 10:57:00+00:00,GDS,21.6299991607666,21.6299991607666,21.6299991607666,21.6299991607666,21.6299991607666,200.0
2024-10-25 10:57:00+00:00,GFS,41.197601318359375,41.197601318359375,41.197601318359375,41.197601318359375,41.197601318359375,922.0
2024-10-25 10:57:00+00:00,GPRO,1.3350000381469727,1.3350000381469727,1.3350000381469727,1.3350000381469727,1.3350000381469727,845.0
2024-10-25 10:57:00+00:00,GRAB,4.085999965667725,4.085999965667725,4.085999965667725,4.079999923706055,4.085000038146973,24669.0
2024-10-25 10:57:00+00:00,GRRRW,0.06350000202655792,0.06350000202655792,0.06350000202655792,0.06350000202655792,0.06350000202655792,5300.0
2024-10-25 10:57:00+00:00,GSIT,3.4200000762939453,3.4200000762939453,3.4200000762939453,3.4200000762939453,3.4200000762939453,5924.0
2024-10-25 10:57:00+00:00,GTLB,55.290000915527344,55.290000915527344,55.43000030517578,55.2400016784668,55.43000030517578,3983.0
2024-10-25 10:57:00+00:00,HCP,33.689998626708984,33.689998626708984,33.689998626708984,33.689998626708984,33.689998626708984,1395.0
2024-10-25 10:57:00+00:00,HEAR,16.59000015258789,16.59000015258789,16.59000015258789,16.59000015258789,16.59000015258789,200.0
2024-10-25 10:57:00+00:00,HIMX,6.204999923706055,6.204999923706055,6.204999923706055,6.200200080871582,6.204999923706055,771.0
2024-10-25 10:57:00+00:00,HLIT,14.8149995803833,14.8149995803833,14.819999694824219,14.8149995803833,14.819999694824219,1605.0
2024-10-25 10:57:00+00:00,HOLO,3.749300003051758,3.749300003051758,3.749300003051758,3.748500108718872,3.748500108718872,1082.0
2024-10-25 10:57:00+00:00,HOOD,27.665000915527344,27.665000915527344,27.7450008392334,27.6299991607666,27.7450008392334,44372.0
2024-10-25 10:57:00+00:00,HTCR,1.0722999572753906,1.0722999572753906,1.0722999572753906,1.0722999572753906,1.0722999572753906,900.0
2024-10-25 10:57:00+00:00,III,3.069999933242798,3.069999933242798,3.069999933242798,3.069999933242798,3.069999933242798,150.0
2024-10-25 10:57:00+00:00,IMMR,8.8100004196167,8.8100004196167,8.8100004196167,8.8100004196167,8.8100004196167,582.0
2024-10-25 10:57:00+00:00,INDI,3.5799999237060547,3.5799999237060547,3.5799999237060547,3.5799999237060547,3.5799999237060547,528.0
2024-10-25 10:57:00+00:00,INFN,6.78000020980835,6.78000020980835,6.784999847412109,6.78000020980835,6.784999847412109,1636.0
2024-10-25 10:57:00+00:00,INTC,23.104999542236328,23.104999542236328,23.11989974975586,23.094999313354492,23.115999221801758,203114.0
2024-10-25 10:57:00+00:00,ITRI,103.4000015258789,103.4000015258789,103.4000015258789,103.4000015258789,103.4000015258789,524.0
2024-10-25 10:57:00+00:00,KC,2.734999895095825,2.734999895095825,2.734999895095825,2.734999895095825,2.734999895095825,27066.0
2024-10-25 10:57:00+00:00,KLAC,677.25,677.25,677.25,677.0,677.0,7282.0
2024-10-25 10:57:00+00:00,KLTR,1.3350000381469727,1.3350000381469727,1.3350000381469727,1.3300000429153442,1.3350000381469727,692.0
2024-10-25 10:57:00+00:00,KOPN,0.7591999769210815,0.7591999769210815,0.7591999769210815,0.7591999769210815,0.7591999769210815,280.0
2024-10-25 10:57:00+00:00,KOSS,7.309999942779541,7.309999942779541,7.340000152587891,7.309999942779541,7.335999965667725,2400.0
2024-10-25 10:57:00+00:00,LINK,4.579999923706055,4.579999923706055,4.582099914550781,4.489999771118164,4.5,3622.0
2024-10-25 10:57:00+00:00,LITE,64.30000305175781,64.30000305175781,64.30999755859375,64.30000305175781,64.30999755859375,514.0
2024-10-25 10:57:00+00:00,LOGI,81.1500015258789,81.1500015258789,81.1698989868164,81.1500015258789,81.1698989868164,1041.0
2024-10-25 10:57:00+00:00,LRCX,78.62999725341797,78.62999725341797,78.66999816894531,78.58999633789062,78.63999938964844,22470.0
2024-10-25 10:57:00+00:00,LSAK,5.300000190734863,5.300000190734863,5.300000190734863,5.300000190734863,5.300000190734863,550.0
2024-10-25 10:57:00+00:00,LSCC,54.38999938964844,54.38999938964844,54.38999938964844,54.38999938964844,54.38999938964844,632.0
2024-10-25 10:57:00+00:00,LYFT,13.78499984741211,13.78499984741211,13.78499984741211,13.774999618530273,13.774999618530273,10224.0
2024-10-25 10:57:00+00:00,MANH,275.8500061035156,275.8500061035156,276.0950012207031,275.7799987792969,275.7799987792969,838.0
2024-10-25 10:57:00+00:00,MAPS,0.8452000021934509,0.8452000021934509,0.8452000021934509,0.8452000021934509,0.8452000021934509,152.0
2024-10-25 10:57:00+00:00,MCHP,76.94000244140625,76.94000244140625,76.94000244140625,76.93000030517578,76.93000030517578,4157.0
2024-10-25 10:57:00+00:00,MDB,267.8800048828125,267.8800048828125,267.9700012207031,267.864990234375,267.9700012207031,2351.0
2024-10-25 10:57:00+00:00,MKTW,0.5835999846458435,0.5835999846458435,0.5835999846458435,0.5831000208854675,0.5831000208854675,503.0
2024-10-25 10:57:00+00:00,MNDY,300.1099853515625,300.1099853515625,300.2099914550781,300.1099853515625,300.2099914550781,1516.0
2024-10-25 10:57:00+00:00,MQ,5.340000152587891,5.340000152587891,5.340000152587891,5.335000038146973,5.335000038146973,643.0
2024-10-25 10:57:00+00:00,MRVL,82.83999633789062,82.83999633789062,82.84500122070312,82.80000305175781,82.84500122070312,5411.0
2024-10-25 10:57:00+00:00,MSFT,430.3800048828125,430.3800048828125,430.54998779296875,430.31500244140625,430.3299865722656,18521.0
2024-10-25 10:57:00+00:00,MSTR,241.74310302734375,241.74310302734375,241.88389587402344,241.19000244140625,241.59449768066406,45974.0
2024-10-25 10:57:00+00:00,MTC,0.37380000948905945,0.37380000948905945,0.37380000948905945,0.37380000948905945,0.37380000948905945,6551.0
2024-10-25 10:57:00+00:00,MTEK,1.98989999294281,1.98989999294281,1.98989999294281,1.98989999294281,1.98989999294281,104.0
2024-10-25 10:57:00+00:00,MTSI,119.7699966430664,119.7699966430664,119.7699966430664,119.69999694824219,119.69999694824219,485.0
2024-10-25 10:57:00+00:00,MU,109.33999633789062,109.33999633789062,109.3499984741211,109.26000213623047,109.33999633789062,33713.0
2024-10-25 10:57:00+00:00,MVIS,1.1100000143051147,1.1100000143051147,1.1100000143051147,1.1050000190734863,1.1050000190734863,1114.0
2024-10-25 10:57:00+00:00,MXL,15.425000190734863,15.425000190734863,15.425000190734863,15.425000190734863,15.425000190734863,801.0
2024-10-25 10:57:00+00:00,NCNO,38.20000076293945,38.20000076293945,38.20000076293945,38.20000076293945,38.20000076293945,941.0
2024-10-25 10:57:00+00:00,NICE,176.59500122070312,176.59500122070312,176.59500122070312,176.5,176.5,1897.0
2024-10-25 10:57:00+00:00,NNDM,2.3510000705718994,2.3510000705718994,2.3510000705718994,2.3510000705718994,2.3510000705718994,3272.0
2024-10-25 10:57:00+00:00,NTAP,120.44999694824219,120.44999694824219,120.48999786376953,120.37999725341797,120.41999816894531,2794.0
2024-10-25 10:57:00+00:00,NTNX,62.665000915527344,62.665000915527344,62.665000915527344,62.665000915527344,62.665000915527344,226.0
2024-10-25 10:57:00+00:00,NVDA,143.34500122070312,143.34500122070312,143.4188995361328,143.24000549316406,143.41470336914062,361176.0
2024-10-25 10:57:00+00:00,NVMI,184.0050048828125,184.0050048828125,184.0050048828125,184.0050048828125,184.0050048828125,381.0
2024-10-25 10:57:00+00:00,NVTS,2.6059999465942383,2.6059999465942383,2.609499931335449,2.5999999046325684,2.5999999046325684,705.0
2024-10-25 10:57:00+00:00,NXPI,244.22999572753906,244.22999572753906,244.3699951171875,244.22999572753906,244.30499267578125,1219.0
2024-10-25 10:57:00+00:00,OKTA,72.81999969482422,72.81999969482422,72.81999969482422,72.77999877929688,72.77999877929688,1210.0
2024-10-25 10:57:00+00:00,ON,71.58000183105469,71.58000183105469,71.63999938964844,71.55000305175781,71.61000061035156,14007.0
2024-10-25 10:57:00+00:00,OSPN,14.699899673461914,14.699899673461914,14.699999809265137,14.699899673461914,14.699999809265137,514.0
2024-10-25 10:57:00+00:00,OTEX,33.54999923706055,33.54999923706055,33.54999923706055,33.54999923706055,33.54999923706055,120.0
2024-10-25 10:57:00+00:00,PANW,371.2598876953125,371.2598876953125,371.2598876953125,370.74200439453125,370.9200134277344,763.0
2024-10-25 10:57:00+00:00,PAYO,8.319999694824219,8.319999694824219,8.319999694824219,8.319999694824219,8.319999694824219,780.0
2024-10-25 10:57:00+00:00,PAYS,3.75,3.75,3.75,3.75,3.75,697.0
2024-10-25 10:57:00+00:00,PEGA,81.29000091552734,81.29000091552734,81.30000305175781,81.23999786376953,81.26000213623047,6382.0
2024-10-25 10:57:00+00:00,PGY,11.779999732971191,11.779999732971191,11.779999732971191,11.779999732971191,11.779999732971191,1012.0
2024-10-25 10:57:00+00:00,PHUN,9.760000228881836,9.760000228881836,9.770000457763672,9.75,9.760100364685059,25651.0
2024-10-25 10:57:00+00:00,PI,204.36000061035156,204.36000061035156,204.36000061035156,203.22999572753906,203.24000549316406,4083.0
2024-10-25 10:57:00+00:00,PLAB,23.6200008392334,23.6200008392334,23.6200008392334,23.6200008392334,23.6200008392334,308.0
2024-10-25 10:57:00+00:00,POET,4.019999980926514,4.019999980926514,4.019999980926514,4.019999980926514,4.019999980926514,391.0
2024-10-25 10:57:00+00:00,PXLW,0.7716000080108643,0.7716000080108643,0.7716000080108643,0.7716000080108643,0.7716000080108643,1000.0
2024-10-25 10:57:00+00:00,PYCR,14.390000343322754,14.390000343322754,14.414999961853027,14.390000343322754,14.414999961853027,1358.0
2024-10-25 10:57:00+00:00,QCOM,172.24000549316406,172.24000549316406,172.24000549316406,172.1699981689453,172.20599365234375,4660.0
2024-10-25 10:57:00+00:00,QRVO,99.87000274658203,99.87000274658203,99.87000274658203,99.86000061035156,99.87000274658203,4194.0
2024-10-25 10:57:00+00:00,QUBT,1.125,1.125,1.125,1.125,1.125,1231.0
2024-10-25 10:57:00+00:00,RCAT,2.744999885559082,2.744999885559082,2.744999885559082,2.744999885559082,2.744999885559082,486.0
2024-10-25 10:57:00+00:00,REKR,1.1050000190734863,1.1050000190734863,1.1050000190734863,1.1050000190734863,1.1050000190734863,938.0
2024-10-25 10:57:00+00:00,RELY,14.75,14.75,14.75,14.75,14.75,1238.0
2024-10-25 10:57:00+00:00,RGTI,1.2900999784469604,1.2900999784469604,1.2999999523162842,1.2899999618530273,1.2949999570846558,23827.0
2024-10-25 10:57:00+00:00,RIOT,10.164999961853027,10.164999961853027,10.178799629211426,10.156700134277344,10.17490005493164,34299.0
2024-10-25 10:57:00+00:00,RMBS,42.90999984741211,42.90999984741211,42.90999984741211,42.88999938964844,42.900001525878906,1301.0
2024-10-25 10:57:00+00:00,RUM,5.824999809265137,5.824999809265137,5.825099945068359,5.824999809265137,5.825099945068359,522.0
2024-10-25 10:57:00+00:00,RUN,14.489999771118164,14.489999771118164,14.524999618530273,14.489999771118164,14.507499694824219,20835.0
2024-10-25 10:57:00+00:00,SANM,67.87000274658203,67.87000274658203,67.91999816894531,67.87000274658203,67.91999816894531,2029.0
2024-10-25 10:57:00+00:00,SATS,25.295000076293945,25.295000076293945,25.329999923706055,25.290000915527344,25.329999923706055,3504.0
2024-10-25 10:57:00+00:00,SCSC,45.31999969482422,45.31999969482422,45.31999969482422,45.310001373291016,45.310001373291016,846.0
2024-10-25 10:57:00+00:00,SEDG,15.84000015258789,15.84000015258789,15.84000015258789,15.8100004196167,15.8100004196167,10022.0
2024-10-25 10:57:00+00:00,SHLS,5.21999979019165,5.21999979019165,5.220099925994873,5.21999979019165,5.220099925994873,3399.0
2024-10-25 10:57:00+00:00,SIMO,57.25,57.25,57.25,57.209999084472656,57.209999084472656,561.0
2024-10-25 10:57:00+00:00,SLNHP,12.770000457763672,12.770000457763672,12.770000457763672,12.729999542236328,12.729999542236328,8971.0
2024-10-25 10:57:00+00:00,SMCI,47.9900016784668,47.9900016784668,48.0,47.91999816894531,47.91999816894531,31773.0
2024-10-25 10:57:00+00:00,SMTC,45.70000076293945,45.70000076293945,45.79999923706055,45.70000076293945,45.79999923706055,3663.0
2024-10-25 10:57:00+00:00,SOUN,5.289400100708008,5.289400100708008,5.289999961853027,5.28000020980835,5.287099838256836,44427.0
2024-10-25 10:57:00+00:00,SSNC,69.49500274658203,69.49500274658203,69.5199966430664,69.48500061035156,69.5199966430664,5676.0
2024-10-25 10:57:00+00:00,STNE,11.531000137329102,11.531000137329102,11.53499984741211,11.531000137329102,11.53499984741211,3560.0
2024-10-25 10:57:00+00:00,STX,105.0,105.0,105.08999633789062,104.98799896240234,105.08999633789062,5979.0
2024-10-25 10:57:00+00:00,SVRE,0.0820000022649765,0.0820000022649765,0.0820000022649765,0.0820000022649765,0.0820000022649765,668.0
2024-10-25 10:57:00+00:00,SWKS,95.94000244140625,95.94000244140625,95.95999908447266,95.94000244140625,95.95999908447266,1782.0
2024-10-25 10:57:00+00:00,SYTA,1.2511999607086182,1.2511999607086182,1.2511999607086182,1.2511999607086182,1.2511999607086182,220.0
2024-10-25 10:57:00+00:00,TEAM,190.8000030517578,190.8000030517578,190.80999755859375,190.5800018310547,190.66000366210938,2787.0
2024-10-25 10:57:00+00:00,TENB,41.59000015258789,41.59000015258789,41.59000015258789,41.59000015258789,41.59000015258789,473.0
2024-10-25 10:57:00+00:00,TER,112.80000305175781,112.80000305175781,112.80999755859375,112.7249984741211,112.7249984741211,4119.0
2024-10-25 10:57:00+00:00,TTD,120.42500305175781,120.42500305175781,120.4800033569336,120.42500305175781,120.4800033569336,2593.0
2024-10-25 10:57:00+00:00,TTEC,5.429999828338623,5.429999828338623,5.429999828338623,5.429999828338623,5.429999828338623,200.0
2024-10-25 10:57:00+00:00,TTMI,19.6299991607666,19.6299991607666,19.6299991607666,19.6299991607666,19.6299991607666,346.0
2024-10-25 10:57:00+00:00,TWKS,4.449999809265137,4.449999809265137,4.454999923706055,4.449999809265137,4.454999923706055,10118.0
2024-10-25 10:57:00+00:00,TXN,208.8636932373047,208.8636932373047,208.9499969482422,208.85000610351562,208.89500427246094,24637.0
2024-10-25 10:57:00+00:00,UCTT,35.93000030517578,35.93000030517578,35.939998626708984,35.91999816894531,35.939998626708984,398.0
2024-10-25 10:57:00+00:00,VCSA,2.4000000953674316,2.4000000953674316,2.4000000953674316,2.4000000953674316,2.4000000953674316,342.0
2024-10-25 10:57:00+00:00,VERI,3.490000009536743,3.490000009536743,3.490000009536743,3.4749999046325684,3.4749999046325684,3311.0
2024-10-25 10:57:00+00:00,VIAV,9.210000038146973,9.210000038146973,9.210000038146973,9.210000038146973,9.210000038146973,892.0
2024-10-25 10:57:00+00:00,VICR,46.81999969482422,46.81999969482422,46.81999969482422,46.81999969482422,46.81999969482422,563.0
2024-10-25 10:57:00+00:00,VMEO,4.78000020980835,4.78000020980835,4.78000020980835,4.78000020980835,4.78000020980835,221.0
2024-10-25 10:57:00+00:00,VNET,3.4410998821258545,3.4410998821258545,3.444999933242798,3.4410998821258545,3.444999933242798,683.0
2024-10-25 10:57:00+00:00,VRNS,56.97999954223633,56.97999954223633,57.029998779296875,56.97999954223633,57.029998779296875,1748.0
2024-10-25 10:57:00+00:00,VRNT,22.290000915527344,22.290000915527344,22.309999465942383,22.290000915527344,22.309999465942383,3027.0
2024-10-25 10:57:00+00:00,VRSN,186.0,186.0,186.3000030517578,186.0,186.24249267578125,8169.0
2024-10-25 10:57:00+00:00,VSAT,10.3100004196167,10.3100004196167,10.319999694824219,10.3100004196167,10.319999694824219,3270.0
2024-10-25 10:57:00+00:00,VUZI,1.319100022315979,1.319100022315979,1.319100022315979,1.315000057220459,1.315000057220459,855.0
2024-10-25 10:57:00+00:00,VVPR,0.7900000214576721,0.7900000214576721,0.7900000214576721,0.7900000214576721,0.7900000214576721,290.0
2024-10-25 10:57:00+00:00,WDAY,240.9949951171875,240.9949951171875,240.9949951171875,240.93499755859375,240.97000122070312,2673.0
2024-10-25 10:57:00+00:00,WDC,72.44000244140625,72.44000244140625,72.5199966430664,72.3499984741211,72.44999694824219,89764.0
2024-10-25 10:57:00+00:00,WISA,1.8300000429153442,1.8300000429153442,1.8300000429153442,1.8108999729156494,1.8109999895095825,2061.0
2024-10-25 10:57:00+00:00,WIX,165.92999267578125,165.92999267578125,165.92999267578125,165.92999267578125,165.92999267578125,479.0
2024-10-25 10:57:00+00:00,XRX,10.1850004196167,10.1850004196167,10.194999694824219,10.1850004196167,10.194999694824219,1448.0
2024-10-25 10:57:00+00:00,ZBRA,364.57501220703125,364.57501220703125,364.57501220703125,364.57501220703125,364.57501220703125,165.0
2024-10-25 10:57:00+00:00,ZI,10.609999656677246,10.609999656677246,10.609999656677246,10.609999656677246,10.609999656677246,1007.0
2024-10-25 10:57:00+00:00,ZM,73.2699966430664,73.2699966430664,73.2699966430664,73.26000213623047,73.26529693603516,2387.0
2024-10-25 10:57:00+00:00,ZS,187.44500732421875,187.44500732421875,187.64999389648438,187.42999267578125,187.64999389648438,6176.0
2024-10-25 10:58:00+00:00,AAOI,18.375,18.375,18.389999389648438,18.360000610351562,18.389999389648438,3435.0
2024-10-25 10:58:00+00:00,AAPL,232.80999755859375,232.80999755859375,232.8699951171875,232.69000244140625,232.7100067138672,114970.0
2024-10-25 10:58:00+00:00,ACIW,49.189998626708984,49.189998626708984,49.189998626708984,49.189998626708984,49.189998626708984,546.0
2024-10-25 10:58:00+00:00,ADBE,485.4750061035156,485.4750061035156,485.5,485.260009765625,485.2699890136719,5095.0
2024-10-25 10:58:00+00:00,ADI,233.44500732421875,233.44500732421875,233.44500732421875,233.22000122070312,233.22000122070312,2511.0
2024-10-25 10:58:00+00:00,ADSK,288.3699951171875,288.3699951171875,288.3699951171875,288.3699951171875,288.3699951171875,670.0
2024-10-25 10:58:00+00:00,AEHR,16.6564998626709,16.6564998626709,16.6564998626709,16.600000381469727,16.600000381469727,2487.0
2024-10-25 10:58:00+00:00,AEYE,23.325000762939453,23.325000762939453,23.325000762939453,23.325000762939453,23.325000762939453,242.0
2024-10-25 10:58:00+00:00,AFRM,42.04999923706055,42.04999923706055,42.04999923706055,41.970001220703125,41.970001220703125,13009.0
2024-10-25 10:58:00+00:00,AGMH,1.8587000370025635,1.8587000370025635,1.8587000370025635,1.8587000370025635,1.8587000370025635,1123.0
2024-10-25 10:58:00+00:00,AIRG,9.069999694824219,9.069999694824219,9.069999694824219,9.069999694824219,9.069999694824219,2182.0
2024-10-25 10:58:00+00:00,AKAM,103.19000244140625,103.19000244140625,103.19999694824219,103.19000244140625,103.19999694824219,466.0
2024-10-25 10:58:00+00:00,AKTS,0.05779999867081642,0.05779999867081642,0.05790000036358833,0.05779999867081642,0.05790000036358833,12900.0
2024-10-25 10:58:00+00:00,ALGM,22.549999237060547,22.549999237060547,22.549999237060547,22.510000228881836,22.524999618530273,3141.0
2024-10-25 10:58:00+00:00,ALTR,105.9749984741211,105.9749984741211,106.08999633789062,105.9749984741211,106.08000183105469,2413.0
2024-10-25 10:58:00+00:00,AMAT,188.08999633789062,188.08999633789062,188.08999633789062,187.75,187.76499938964844,18305.0
2024-10-25 10:58:00+00:00,AMD,157.44000244140625,157.44000244140625,157.47000122070312,157.16000366210938,157.1750030517578,83121.0
2024-10-25 10:58:00+00:00,AMKR,29.969999313354492,29.969999313354492,29.969999313354492,29.959999084472656,29.959999084472656,2894.0
2024-10-25 10:58:00+00:00,ANY,1.0950000286102295,1.0950000286102295,1.0950000286102295,1.0950000286102295,1.0950000286102295,200.0
2024-10-25 10:58:00+00:00,AOSL,36.39440155029297,36.39440155029297,36.39440155029297,36.39440155029297,36.39440155029297,209.0
2024-10-25 10:58:00+00:00,API,2.819999933242798,2.819999933242798,2.819999933242798,2.809999942779541,2.809999942779541,3159.0
2024-10-25 10:58:00+00:00,APP,163.4499969482422,163.4499969482422,163.47999572753906,163.35499572753906,163.35499572753906,2761.0
2024-10-25 10:58:00+00:00,APPF,216.00999450683594,216.00999450683594,217.05999755859375,216.00999450683594,217.05999755859375,5544.0
2024-10-25 10:58:00+00:00,APPN,32.290000915527344,32.290000915527344,32.290000915527344,32.2400016784668,32.2400016784668,2122.0
2024-10-25 10:58:00+00:00,ARRY,6.385000228881836,6.385000228881836,6.389999866485596,6.375,6.380000114440918,19236.0
2024-10-25 10:58:00+00:00,ASML,719.0,719.0,719.1699829101562,718.9500122070312,719.0050048828125,9711.0
2024-10-25 10:58:00+00:00,AUR,6.451200008392334,6.451200008392334,6.456200122833252,6.449999809265137,6.449999809265137,3721.0
2024-10-25 10:58:00+00:00,AVDX,8.199999809265137,8.199999809265137,8.199999809265137,8.194999694824219,8.199999809265137,10004.0
2024-10-25 10:58:00+00:00,AVGO,175.74009704589844,175.74009704589844,175.77000427246094,175.48660278320312,175.49000549316406,31255.0
2024-10-25 10:58:00+00:00,AVT,54.47999954223633,54.47999954223633,54.47999954223633,54.47999954223633,54.47999954223633,659.0
2024-10-25 10:58:00+00:00,BAND,17.829999923706055,17.829999923706055,17.829999923706055,17.829999923706055,17.829999923706055,794.0
2024-10-25 10:58:00+00:00,BASE,16.56999969482422,16.56999969482422,16.56999969482422,16.56999969482422,16.56999969482422,146.0
2024-10-25 10:58:00+00:00,BCOV,2.26990008354187,2.26990008354187,2.26990008354187,2.26990008354187,2.26990008354187,0.0
2024-10-25 10:58:00+00:00,BMBL,7.295000076293945,7.295000076293945,7.300000190734863,7.295000076293945,7.300000190734863,2814.0
2024-10-25 10:58:00+00:00,CAN,0.9984999895095825,0.9984999895095825,0.9984999895095825,0.9980999827384949,0.9984999895095825,1060.0
2024-10-25 10:58:00+00:00,CDNS,258.8800048828125,258.8800048828125,258.8800048828125,258.4700012207031,258.4700012207031,6481.0
2024-10-25 10:58:00+00:00,CDW,218.92999267578125,218.92999267578125,218.92999267578125,218.92999267578125,218.92999267578125,890.0
2024-10-25 10:58:00+00:00,CETX,0.296999990940094,0.296999990940094,0.296999990940094,0.296999990940094,0.296999990940094,1003.0
2024-10-25 10:58:00+00:00,CEVA,24.270000457763672,24.270000457763672,24.270000457763672,24.260000228881836,24.260000228881836,544.0
2024-10-25 10:58:00+00:00,CFLT,22.700000762939453,22.700000762939453,22.709999084472656,22.690000534057617,22.690000534057617,11300.0
2024-10-25 10:58:00+00:00,CGNX,39.130001068115234,39.130001068115234,39.13999938964844,39.099998474121094,39.125,4913.0
2024-10-25 10:58:00+00:00,CLBT,18.209999084472656,18.209999084472656,18.209999084472656,18.209999084472656,18.209999084472656,369.0
2024-10-25 10:58:00+00:00,CLSK,12.024999618530273,12.024999618530273,12.045299530029297,12.010299682617188,12.045000076293945,32496.0
2024-10-25 10:58:00+00:00,CNDT,3.694999933242798,3.694999933242798,3.694999933242798,3.694999933242798,3.694999933242798,107.0
2024-10-25 10:58:00+00:00,CNXC,45.060001373291016,45.060001373291016,45.06999969482422,45.060001373291016,45.06999969482422,1033.0
2024-10-25 10:58:00+00:00,COHR,96.25,96.25,96.25,96.12999725341797,96.12999725341797,4808.0
2024-10-25 10:58:00+00:00,COHU,26.299999237060547,26.299999237060547,26.31999969482422,26.259899139404297,26.259899139404297,7240.0
2024-10-25 10:58:00+00:00,COIN,211.63009643554688,211.63009643554688,211.91000366210938,211.63009643554688,211.89999389648438,5231.0
2024-10-25 10:58:00+00:00,COMM,6.419899940490723,6.419899940490723,6.419899940490723,6.414999961853027,6.414999961853027,2937.0
2024-10-25 10:58:00+00:00,CORZ,13.470000267028809,13.470000267028809,13.515999794006348,13.46500015258789,13.505000114440918,30026.0
2024-10-25 10:58:00+00:00,CORZW,7.96999979019165,7.96999979019165,7.96999979019165,7.96999979019165,7.96999979019165,506.0
2024-10-25 10:58:00+00:00,CRCT,6.539999961853027,6.539999961853027,6.539999961853027,6.539999961853027,6.539999961853027,652.0
2024-10-25 10:58:00+00:00,CRDO,39.400001525878906,39.400001525878906,39.400001525878906,39.369998931884766,39.400001525878906,2120.0
2024-10-25 10:58:00+00:00,CRWD,310.29010009765625,310.29010009765625,310.6199035644531,310.29010009765625,310.34759521484375,5219.0
2024-10-25 10:58:00+00:00,CSCO,56.185001373291016,56.185001373291016,56.188499450683594,56.15999984741211,56.15999984741211,30504.0
2024-10-25 10:58:00+00:00,CSIQ,13.553000450134277,13.553000450134277,13.589699745178223,13.520000457763672,13.529999732971191,5472.0
2024-10-25 10:58:00+00:00,CTSH,74.97000122070312,74.97000122070312,74.97000122070312,74.94000244140625,74.94000244140625,2671.0
2024-10-25 10:58:00+00:00,DAKT,13.220000267028809,13.220000267028809,13.220000267028809,13.220000267028809,13.220000267028809,159.0
2024-10-25 10:58:00+00:00,DATS,1.5800000429153442,1.5800000429153442,1.5800000429153442,1.5764000415802002,1.5764000415802002,10112.0
2024-10-25 10:58:00+00:00,DBX,26.15999984741211,26.15999984741211,26.165000915527344,26.15999984741211,26.15999984741211,2387.0
2024-10-25 10:58:00+00:00,DDOG,126.91000366210938,126.91000366210938,127.0199966430664,126.9000015258789,126.95500183105469,11856.0
2024-10-25 10:58:00+00:00,DGHI,1.4500000476837158,1.4500000476837158,1.4500000476837158,1.4199999570846558,1.4199999570846558,4384.0
2024-10-25 10:58:00+00:00,DOCU,70.75990295410156,70.75990295410156,70.76000213623047,70.75,70.75,1475.0
2024-10-25 10:58:00+00:00,DUOL,289.8399963378906,289.8399963378906,289.9200134277344,289.44000244140625,289.82000732421875,3712.0
2024-10-25 10:58:00+00:00,ENPH,82.2699966430664,82.2699966430664,82.33999633789062,82.26000213623047,82.27999877929688,4767.0
2024-10-25 10:58:00+00:00,ENTG,105.30999755859375,105.30999755859375,105.30999755859375,105.16400146484375,105.20999908447266,2268.0
2024-10-25 10:58:00+00:00,ERIC,8.524999618530273,8.524999618530273,8.524999618530273,8.524999618530273,8.524999618530273,1030.0
2024-10-25 10:58:00+00:00,EXTR,14.545000076293945,14.545000076293945,14.545000076293945,14.545000076293945,14.545000076293945,361.0
2024-10-25 10:58:00+00:00,FCUV,0.2549999952316284,0.2549999952316284,0.2549999952316284,0.2549999952316284,0.2549999952316284,2967.0
2024-10-25 10:58:00+00:00,FEIM,12.265000343322754,12.265000343322754,12.3100004196167,12.265000343322754,12.3100004196167,200.0
2024-10-25 10:58:00+00:00,FFIV,216.25,216.25,216.25,216.25,216.25,608.0
2024-10-25 10:58:00+00:00,FIVN,30.69499969482422,30.69499969482422,30.700000762939453,30.69499969482422,30.700000762939453,1593.0
2024-10-25 10:58:00+00:00,FLEX,35.4900016784668,35.4900016784668,35.4900016784668,35.474998474121094,35.474998474121094,2216.0
2024-10-25 10:58:00+00:00,FLYW,17.559999465942383,17.559999465942383,17.559999465942383,17.559999465942383,17.559999465942383,933.0
2024-10-25 10:58:00+00:00,FORM,45.17499923706055,45.17499923706055,45.17499923706055,45.15999984741211,45.15999984741211,489.0
2024-10-25 10:58:00+00:00,FRGT,1.9006999731063843,1.9006999731063843,1.9006999731063843,1.9006999731063843,1.9006999731063843,784.0
2024-10-25 10:58:00+00:00,FROG,29.520000457763672,29.520000457763672,29.530000686645508,29.510000228881836,29.510000228881836,2134.0
2024-10-25 10:58:00+00:00,FRSH,11.704999923706055,11.704999923706055,11.704999923706055,11.699999809265137,11.699999809265137,643.0
2024-10-25 10:58:00+00:00,FSLR,199.5,199.5,199.5,199.19000244140625,199.19000244140625,2316.0
2024-10-25 10:58:00+00:00,FTCI,0.6930999755859375,0.6930999755859375,0.703000009059906,0.6930999755859375,0.703000009059906,4154.0
2024-10-25 10:58:00+00:00,FTNT,81.69000244140625,81.69000244140625,81.69999694824219,81.63999938964844,81.6500015258789,7521.0
2024-10-25 10:58:00+00:00,GCT,25.549999237060547,25.549999237060547,25.569400787353516,25.520000457763672,25.520000457763672,782.0
2024-10-25 10:58:00+00:00,GDS,21.645299911499023,21.645299911499023,21.645299911499023,21.645299911499023,21.645299911499023,364.0
2024-10-25 10:58:00+00:00,GFS,41.2400016784668,41.2400016784668,41.2599983215332,41.22999954223633,41.22999954223633,2610.0
2024-10-25 10:58:00+00:00,GNSS,3.884999990463257,3.884999990463257,3.884999990463257,3.884999990463257,3.884999990463257,407.0
2024-10-25 10:58:00+00:00,GPRO,1.340000033378601,1.340000033378601,1.340000033378601,1.340000033378601,1.340000033378601,511.0
2024-10-25 10:58:00+00:00,GRAB,4.085000038146973,4.085000038146973,4.090000152587891,4.085000038146973,4.085000038146973,20192.0
2024-10-25 10:58:00+00:00,GRRR,4.605000019073486,4.605000019073486,4.605000019073486,4.605000019073486,4.605000019073486,352.0
2024-10-25 10:58:00+00:00,GSIT,3.434999942779541,3.434999942779541,3.434999942779541,3.434999942779541,3.434999942779541,2000.0
2024-10-25 10:58:00+00:00,GTLB,55.4182014465332,55.4182014465332,55.4182014465332,55.220001220703125,55.22999954223633,2359.0
2024-10-25 10:58:00+00:00,HCKT,24.84000015258789,24.84000015258789,24.84000015258789,24.770000457763672,24.770000457763672,2921.0
2024-10-25 10:58:00+00:00,HEAR,16.591800689697266,16.591800689697266,16.591800689697266,16.591800689697266,16.591800689697266,478.0
2024-10-25 10:58:00+00:00,HIMX,6.204999923706055,6.204999923706055,6.204999923706055,6.204999923706055,6.204999923706055,2321.0
2024-10-25 10:58:00+00:00,HOLO,3.734999895095825,3.734999895095825,3.7399001121520996,3.734999895095825,3.7399001121520996,1522.0
2024-10-25 10:58:00+00:00,HOOD,27.659900665283203,27.659900665283203,27.690000534057617,27.639999389648438,27.65999984741211,25818.0
2024-10-25 10:58:00+00:00,IMTE,1.6399999856948853,1.6399999856948853,1.6399999856948853,1.6399999856948853,1.6399999856948853,121.0
2024-10-25 10:58:00+00:00,IMXI,17.760000228881836,17.760000228881836,17.760000228881836,17.760000228881836,17.760000228881836,749.0
2024-10-25 10:58:00+00:00,INDI,3.5899999141693115,3.5899999141693115,3.5950000286102295,3.5850000381469727,3.5850000381469727,11396.0
2024-10-25 10:58:00+00:00,INOD,19.864999771118164,19.864999771118164,19.864999771118164,19.864999771118164,19.864999771118164,390.0
2024-10-25 10:58:00+00:00,INSG,19.989999771118164,19.989999771118164,19.989999771118164,19.989999771118164,19.989999771118164,358.0
2024-10-25 10:58:00+00:00,INTC,23.142900466918945,23.142900466918945,23.149999618530273,23.104999542236328,23.104999542236328,116732.0
2024-10-25 10:58:00+00:00,INTU,612.489990234375,612.489990234375,612.489990234375,612.4849853515625,612.4849853515625,1768.0
2024-10-25 10:58:00+00:00,IPGP,77.22000122070312,77.22000122070312,77.23999786376953,77.22000122070312,77.23999786376953,649.0
2024-10-25 10:58:00+00:00,KC,2.734999895095825,2.734999895095825,2.734999895095825,2.7300000190734863,2.7300000190734863,3911.0
2024-10-25 10:58:00+00:00,KLAC,678.3900146484375,678.3900146484375,678.3900146484375,678.3900146484375,678.3900146484375,612.0
2024-10-25 10:58:00+00:00,KLIC,44.470001220703125,44.470001220703125,44.470001220703125,44.470001220703125,44.470001220703125,105.0
2024-10-25 10:58:00+00:00,KOPN,0.7609999775886536,0.7609999775886536,0.7609999775886536,0.7609999775886536,0.7609999775886536,94.0
2024-10-25 10:58:00+00:00,LINK,4.664999961853027,4.664999961853027,4.699900150299072,4.6072998046875,4.619999885559082,14935.0
2024-10-25 10:58:00+00:00,LITE,64.33000183105469,64.33000183105469,64.37000274658203,64.33000183105469,64.3499984741211,943.0
2024-10-25 10:58:00+00:00,LOGI,81.24340057373047,81.24340057373047,81.24340057373047,81.16999816894531,81.16999816894531,721.0
2024-10-25 10:58:00+00:00,LRCX,78.7699966430664,78.7699966430664,78.77999877929688,78.58999633789062,78.5999984741211,28541.0
2024-10-25 10:58:00+00:00,LSCC,54.46500015258789,54.46500015258789,54.46500015258789,54.41999816894531,54.41999816894531,1840.0
2024-10-25 10:58:00+00:00,LUNA,1.7999999523162842,1.7999999523162842,1.7999999523162842,1.7999999523162842,1.7999999523162842,219.0
2024-10-25 10:58:00+00:00,LYFT,13.800299644470215,13.800299644470215,13.819999694824219,13.78499984741211,13.789999961853027,48792.0
2024-10-25 10:58:00+00:00,MANH,275.95001220703125,275.95001220703125,276.0150146484375,275.7099914550781,276.0150146484375,1819.0
2024-10-25 10:58:00+00:00,MCHP,77.01000213623047,77.01000213623047,77.0199966430664,76.94999694824219,76.95999908447266,7123.0
2024-10-25 10:58:00+00:00,MDB,268.30499267578125,268.30499267578125,268.30499267578125,268.30499267578125,268.30499267578125,709.0
2024-10-25 10:58:00+00:00,MITK,8.8100004196167,8.8100004196167,8.8100004196167,8.8100004196167,8.8100004196167,1126.0
2024-10-25 10:58:00+00:00,MKSI,100.63999938964844,100.63999938964844,100.69999694824219,100.58999633789062,100.69999694824219,1453.0
2024-10-25 10:58:00+00:00,MNDY,300.010009765625,300.010009765625,300.05999755859375,300.010009765625,300.0299987792969,2138.0
2024-10-25 10:58:00+00:00,MPWR,910.70751953125,910.70751953125,910.7100219726562,910.4749755859375,910.7100219726562,1141.0
2024-10-25 10:58:00+00:00,MQ,5.335000038146973,5.335000038146973,5.335000038146973,5.335000038146973,5.335000038146973,131.0
2024-10-25 10:58:00+00:00,MRIN,2.139899969100952,2.139899969100952,2.139899969100952,2.1389000415802,2.1389000415802,536.0
2024-10-25 10:58:00+00:00,MRVL,82.9800033569336,82.9800033569336,82.98999786376953,82.84490203857422,82.84490203857422,14776.0
2024-10-25 10:58:00+00:00,MSFT,430.6549987792969,430.6549987792969,430.67999267578125,430.3399963378906,430.3399963378906,23445.0
2024-10-25 10:58:00+00:00,MSTR,242.28500366210938,242.28500366210938,242.34800720214844,241.7100067138672,241.8800048828125,27177.0
2024-10-25 10:58:00+00:00,MTSI,119.73249816894531,119.73249816894531,119.73249816894531,119.73249816894531,119.73249816894531,474.0
2024-10-25 10:58:00+00:00,MTTR,4.65500020980835,4.65500020980835,4.65500020980835,4.65500020980835,4.65500020980835,423.0
2024-10-25 10:58:00+00:00,MU,109.44010162353516,109.44010162353516,109.46990203857422,109.33000183105469,109.34770202636719,18890.0
2024-10-25 10:58:00+00:00,MVIS,1.1100000143051147,1.1100000143051147,1.1100000143051147,1.1100000143051147,1.1100000143051147,200.0
2024-10-25 10:58:00+00:00,MXL,15.4350004196167,15.4350004196167,15.4399995803833,15.430000305175781,15.430000305175781,4029.0
2024-10-25 10:58:00+00:00,NCNO,38.20000076293945,38.20000076293945,38.20000076293945,38.20000076293945,38.20000076293945,841.0
2024-10-25 10:58:00+00:00,NEON,8.039999961853027,8.039999961853027,8.039999961853027,8.039999961853027,8.039999961853027,427.0
2024-10-25 10:58:00+00:00,NICE,176.35000610351562,176.35000610351562,176.35000610351562,176.35000610351562,176.35000610351562,1422.0
2024-10-25 10:58:00+00:00,NTAP,120.48999786376953,120.48999786376953,120.48999786376953,120.48999786376953,120.48999786376953,903.0
2024-10-25 10:58:00+00:00,NTGR,20.364999771118164,20.364999771118164,20.399999618530273,20.364999771118164,20.399999618530273,1363.0
2024-10-25 10:58:00+00:00,NTNX,62.67499923706055,62.67499923706055,62.70000076293945,62.67499923706055,62.68000030517578,1231.0
2024-10-25 10:58:00+00:00,NVDA,143.48500061035156,143.48500061035156,143.5,143.3000030517578,143.34010314941406,357675.0
2024-10-25 10:58:00+00:00,NVEI,33.540000915527344,33.540000915527344,33.540000915527344,33.540000915527344,33.540000915527344,398.0
2024-10-25 10:58:00+00:00,NVTS,2.625,2.625,2.640000104904175,2.6050000190734863,2.6050000190734863,74891.0
2024-10-25 10:58:00+00:00,NXPI,244.6300048828125,244.6300048828125,244.7100067138672,244.23899841308594,244.36000061035156,5867.0
2024-10-25 10:58:00+00:00,OKTA,72.8499984741211,72.8499984741211,72.8499984741211,72.8499984741211,72.8499984741211,382.0
2024-10-25 10:58:00+00:00,ON,71.75499725341797,71.75499725341797,71.76000213623047,71.5199966430664,71.58999633789062,46948.0
2024-10-25 10:58:00+00:00,PANW,371.0299987792969,371.0299987792969,371.2300109863281,371.0,371.0,3624.0
2024-10-25 10:58:00+00:00,PAYO,8.324999809265137,8.324999809265137,8.329999923706055,8.319999694824219,8.319999694824219,4493.0
2024-10-25 10:58:00+00:00,PEGA,81.33999633789062,81.33999633789062,81.33999633789062,81.29000091552734,81.29000091552734,3062.0
2024-10-25 10:58:00+00:00,PGY,11.829999923706055,11.829999923706055,11.880000114440918,11.779999732971191,11.779999732971191,21172.0
2024-10-25 10:58:00+00:00,PHUN,9.79010009765625,9.79010009765625,9.829999923706055,9.75,9.765000343322754,94870.0
2024-10-25 10:58:00+00:00,PI,204.46499633789062,204.46499633789062,204.46499633789062,204.16000366210938,204.27000427246094,3540.0
2024-10-25 10:58:00+00:00,POET,4.039999961853027,4.039999961853027,4.039999961853027,4.039999961853027,4.039999961853027,373.0
2024-10-25 10:58:00+00:00,POWI,63.349998474121094,63.349998474121094,63.36000061035156,63.349998474121094,63.36000061035156,761.0
2024-10-25 10:58:00+00:00,PXLW,0.7591000199317932,0.7591000199317932,0.7591000199317932,0.7591000199317932,0.7591000199317932,0.0
2024-10-25 10:58:00+00:00,PYCR,14.369999885559082,14.369999885559082,14.380000114440918,14.350000381469727,14.380000114440918,6386.0
2024-10-25 10:58:00+00:00,QCOM,172.45989990234375,172.45989990234375,172.47000122070312,172.24000549316406,172.24000549316406,7096.0
2024-10-25 10:58:00+00:00,QRVO,99.94000244140625,99.94000244140625,99.94000244140625,99.92500305175781,99.92500305175781,1979.0
2024-10-25 10:58:00+00:00,QUBT,1.1200000047683716,1.1200000047683716,1.1299999952316284,1.1200000047683716,1.128499984741211,5699.0
2024-10-25 10:58:00+00:00,RCAT,2.74399995803833,2.74399995803833,2.74399995803833,2.741499900817871,2.741499900817871,3200.0
2024-10-25 10:58:00+00:00,RDWR,22.479999542236328,22.479999542236328,22.510000228881836,22.479999542236328,22.510000228881836,618.0
2024-10-25 10:58:00+00:00,RELY,14.760000228881836,14.760000228881836,14.760000228881836,14.760000228881836,14.760000228881836,109.0
2024-10-25 10:58:00+00:00,RGTI,1.2949999570846558,1.2949999570846558,1.2979999780654907,1.2949999570846558,1.2949999570846558,1096.0
2024-10-25 10:58:00+00:00,RIOT,10.15310001373291,10.15310001373291,10.175000190734863,10.144000053405762,10.164999961853027,42447.0
2024-10-25 10:58:00+00:00,RMBS,42.9900016784668,42.9900016784668,42.9900016784668,42.93000030517578,42.93000030517578,2901.0
2024-10-25 10:58:00+00:00,RUM,5.820000171661377,5.820000171661377,5.824999809265137,5.820000171661377,5.824999809265137,4176.0
2024-10-25 10:58:00+00:00,RUN,14.470199584960938,14.470199584960938,14.510000228881836,14.470199584960938,14.484999656677246,12823.0
2024-10-25 10:58:00+00:00,SATS,25.280000686645508,25.280000686645508,25.280000686645508,25.280000686645508,25.280000686645508,505.0
2024-10-25 10:58:00+00:00,SCSC,45.220001220703125,45.220001220703125,45.220001220703125,45.220001220703125,45.220001220703125,276.0
2024-10-25 10:58:00+00:00,SEDG,15.800000190734863,15.800000190734863,15.84000015258789,15.800000190734863,15.831999778747559,12631.0
2024-10-25 10:58:00+00:00,SHLS,5.21999979019165,5.21999979019165,5.21999979019165,5.210000038146973,5.215000152587891,1408.0
2024-10-25 10:58:00+00:00,SIMO,57.209999084472656,57.209999084472656,57.209999084472656,57.189998626708984,57.189998626708984,498.0
2024-10-25 10:58:00+00:00,SITM,183.35000610351562,183.35000610351562,183.35000610351562,183.11000061035156,183.11000061035156,1092.0
2024-10-25 10:58:00+00:00,SLAB,115.41000366210938,115.41000366210938,115.41000366210938,115.41000366210938,115.41000366210938,1625.0
2024-10-25 10:58:00+00:00,SMCI,48.150001525878906,48.150001525878906,48.189998626708984,47.97999954223633,47.9900016784668,163885.0
2024-10-25 10:58:00+00:00,SMSI,0.8159999847412109,0.8159999847412109,0.8159999847412109,0.8159999847412109,0.8159999847412109,120.0
2024-10-25 10:58:00+00:00,SMTC,45.77000045776367,45.77000045776367,45.77000045776367,45.77000045776367,45.77000045776367,323.0
2024-10-25 10:58:00+00:00,SNPS,504.3900146484375,504.3900146484375,504.3900146484375,504.2099914550781,504.2099914550781,2938.0
2024-10-25 10:58:00+00:00,SONO,12.895000457763672,12.895000457763672,12.899999618530273,12.895000457763672,12.899999618530273,2472.0
2024-10-25 10:58:00+00:00,SOUN,5.284999847412109,5.284999847412109,5.289999961853027,5.283999919891357,5.289999961853027,12236.0
2024-10-25 10:58:00+00:00,SPSC,178.3782958984375,178.3782958984375,178.71499633789062,178.3782958984375,178.71499633789062,995.0
2024-10-25 10:58:00+00:00,SRAD,12.399999618530273,12.399999618530273,12.399999618530273,12.399999618530273,12.399999618530273,207.0
2024-10-25 10:58:00+00:00,SSNC,69.62999725341797,69.62999725341797,69.6594009399414,69.5199966430664,69.5199966430664,6310.0
2024-10-25 10:58:00+00:00,SSYS,7.139999866485596,7.139999866485596,7.139999866485596,7.139999866485596,7.139999866485596,274.0
2024-10-25 10:58:00+00:00,STNE,11.539999961853027,11.539999961853027,11.539999961853027,11.53499984741211,11.539999961853027,4374.0
2024-10-25 10:58:00+00:00,STX,105.05999755859375,105.05999755859375,105.0999984741211,105.0,105.0,9015.0
2024-10-25 10:58:00+00:00,SWKS,96.11000061035156,96.11000061035156,96.11000061035156,95.98999786376953,96.01000213623047,9848.0
2024-10-25 10:58:00+00:00,SYNA,73.23999786376953,73.23999786376953,73.23999786376953,73.23999786376953,73.23999786376953,129.0
2024-10-25 10:58:00+00:00,SYTA,1.25,1.25,1.25,1.2307000160217285,1.25,4808.0
2024-10-25 10:58:00+00:00,TEAM,190.8350067138672,190.8350067138672,190.83999633789062,190.69000244140625,190.69000244140625,6833.0
2024-10-25 10:58:00+00:00,TER,112.78500366210938,112.78500366210938,112.87999725341797,112.73999786376953,112.80999755859375,11852.0
2024-10-25 10:58:00+00:00,TLS,3.634999990463257,3.634999990463257,3.634999990463257,3.634999990463257,3.634999990463257,225.0
2024-10-25 10:58:00+00:00,TRMB,61.15999984741211,61.15999984741211,61.15999984741211,61.154998779296875,61.154998779296875,344.0
2024-10-25 10:58:00+00:00,TTD,120.58499908447266,120.58499908447266,120.58499908447266,120.45659637451172,120.45659637451172,1472.0
2024-10-25 10:58:00+00:00,TTEC,5.429999828338623,5.429999828338623,5.429999828338623,5.429999828338623,5.429999828338623,319.0
2024-10-25 10:58:00+00:00,TTMI,19.610000610351562,19.610000610351562,19.625,19.610000610351562,19.625,786.0
2024-10-25 10:58:00+00:00,TWKS,4.449999809265137,4.449999809265137,4.449999809265137,4.449999809265137,4.449999809265137,1823.0
2024-10-25 10:58:00+00:00,TXN,209.13999938964844,209.13999938964844,209.22999572753906,208.90499877929688,208.90499877929688,10011.0
2024-10-25 10:58:00+00:00,UCTT,35.95000076293945,35.95000076293945,35.95000076293945,35.939998626708984,35.939998626708984,943.0
2024-10-25 10:58:00+00:00,VECO,29.485000610351562,29.485000610351562,29.5,29.485000610351562,29.487499237060547,1216.0
2024-10-25 10:58:00+00:00,VIAV,9.204999923706055,9.204999923706055,9.204999923706055,9.204999923706055,9.204999923706055,286.0
2024-10-25 10:58:00+00:00,VICR,47.16999816894531,47.16999816894531,47.16999816894531,46.979000091552734,46.97999954223633,2027.0
2024-10-25 10:58:00+00:00,VMEO,4.775000095367432,4.775000095367432,4.775000095367432,4.775000095367432,4.775000095367432,139.0
2024-10-25 10:58:00+00:00,VNET,3.444999933242798,3.444999933242798,3.444999933242798,3.444999933242798,3.444999933242798,340.0
2024-10-25 10:58:00+00:00,VRSN,185.77000427246094,185.77000427246094,185.8300018310547,185.61000061035156,185.61000061035156,3269.0
2024-10-25 10:58:00+00:00,VS,2.5999999046325684,2.5999999046325684,2.5999999046325684,2.5999999046325684,2.5999999046325684,6323.0
2024-10-25 10:58:00+00:00,VSAT,10.309200286865234,10.309200286865234,10.309200286865234,10.309200286865234,10.309200286865234,789.0
2024-10-25 10:58:00+00:00,WDAY,240.9949951171875,240.9949951171875,241.01499938964844,240.91000366210938,240.91000366210938,1310.0
2024-10-25 10:58:00+00:00,WDC,72.48999786376953,72.48999786376953,72.48999786376953,72.37000274658203,72.44499969482422,21557.0
2024-10-25 10:58:00+00:00,WRAP,1.8600000143051147,1.8600000143051147,1.8600000143051147,1.8600000143051147,1.8600000143051147,0.0
2024-10-25 10:58:00+00:00,XRX,10.199999809265137,10.199999809265137,10.199999809265137,10.199999809265137,10.199999809265137,280.0
2024-10-25 10:58:00+00:00,ZBRA,364.5799865722656,364.5799865722656,364.5799865722656,364.5799865722656,364.5799865722656,1454.0
2024-10-25 10:58:00+00:00,ZI,10.595000267028809,10.595000267028809,10.604999542236328,10.595000267028809,10.604999542236328,4470.0
2024-10-25 10:58:00+00:00,ZM,73.30000305175781,73.30000305175781,73.30000305175781,73.29000091552734,73.29000091552734,904.0
2024-10-25 10:58:00+00:00,ZS,187.61000061035156,187.61000061035156,187.61000061035156,187.57000732421875,187.57000732421875,834.0
2024-10-25 10:59:00+00:00,AAOI,18.407400131225586,18.407400131225586,18.407400131225586,18.34000015258789,18.357999801635742,5074.0
2024-10-25 10:59:00+00:00,AAPL,232.8446044921875,232.8446044921875,232.91000366210938,232.74000549316406,232.8000030517578,64008.0
2024-10-25 10:59:00+00:00,ACIW,49.19499969482422,49.19499969482422,49.19499969482422,49.19499969482422,49.19499969482422,292.0
2024-10-25 10:59:00+00:00,ACMR,19.80500030517578,19.80500030517578,19.80500030517578,19.795400619506836,19.795400619506836,305.0
2024-10-25 10:59:00+00:00,ADBE,485.510009765625,485.510009765625,485.55999755859375,485.2951965332031,485.4200134277344,7665.0
2024-10-25 10:59:00+00:00,ADI,233.40499877929688,233.40499877929688,233.4499969482422,233.3699951171875,233.3800048828125,2308.0
2024-10-25 10:59:00+00:00,ADSK,288.42999267578125,288.42999267578125,288.44000244140625,288.2950134277344,288.2950134277344,2792.0
2024-10-25 10:59:00+00:00,AEHR,16.6299991607666,16.6299991607666,16.6299991607666,16.624000549316406,16.624000549316406,691.0
2024-10-25 10:59:00+00:00,AFRM,42.05619812011719,42.05619812011719,42.05619812011719,42.0099983215332,42.04999923706055,5407.0
2024-10-25 10:59:00+00:00,AKTS,0.05790000036358833,0.05790000036358833,0.05790000036358833,0.05790000036358833,0.05790000036358833,12000.0
2024-10-25 10:59:00+00:00,ALGM,22.489999771118164,22.489999771118164,22.55500030517578,22.489999771118164,22.545000076293945,4190.0
2024-10-25 10:59:00+00:00,ALKT,38.310001373291016,38.310001373291016,38.31999969482422,38.310001373291016,38.31999969482422,5733.0
2024-10-25 10:59:00+00:00,ALRM,54.810001373291016,54.810001373291016,54.84000015258789,54.810001373291016,54.83000183105469,1031.0
2024-10-25 10:59:00+00:00,ALTR,105.89749908447266,105.89749908447266,105.89749908447266,105.89749908447266,105.89749908447266,419.0
2024-10-25 10:59:00+00:00,AMAT,187.8800048828125,187.8800048828125,188.08999633789062,187.83999633789062,188.05999755859375,9861.0
2024-10-25 10:59:00+00:00,AMD,157.5095977783203,157.5095977783203,157.52999877929688,157.360107421875,157.4499969482422,73821.0
2024-10-25 10:59:00+00:00,AMKR,29.950000762939453,29.950000762939453,29.950000762939453,29.950000762939453,29.950000762939453,2949.0
2024-10-25 10:59:00+00:00,ANY,1.0950000286102295,1.0950000286102295,1.0950000286102295,1.0950000286102295,1.0950000286102295,100.0
2024-10-25 10:59:00+00:00,AOSL,36.474998474121094,36.474998474121094,36.474998474121094,36.474998474121094,36.474998474121094,290.0
2024-10-25 10:59:00+00:00,API,2.815000057220459,2.815000057220459,2.819999933242798,2.815000057220459,2.819999933242798,843.0
2024-10-25 10:59:00+00:00,APP,163.39500427246094,163.39500427246094,163.5,163.39500427246094,163.5,2166.0
2024-10-25 10:59:00+00:00,APPF,216.27000427246094,216.27000427246094,216.27000427246094,215.55499267578125,215.55499267578125,1573.0
2024-10-25 10:59:00+00:00,APPS,3.119999885559082,3.119999885559082,3.119999885559082,3.119999885559082,3.119999885559082,2626.0
2024-10-25 10:59:00+00:00,ARRY,6.369999885559082,6.369999885559082,6.385000228881836,6.369999885559082,6.385000228881836,8294.0
2024-10-25 10:59:00+00:00,ASML,718.6500244140625,718.6500244140625,719.0,718.6400146484375,719.0,3569.0
2024-10-25 10:59:00+00:00,AUR,6.466000080108643,6.466000080108643,6.466000080108643,6.450099945068359,6.454999923706055,12444.0
2024-10-25 10:59:00+00:00,AVDX,8.199999809265137,8.199999809265137,8.199999809265137,8.199999809265137,8.199999809265137,14772.0
2024-10-25 10:59:00+00:00,AVGO,175.84959411621094,175.84959411621094,175.8939971923828,175.75999450683594,175.77999877929688,28179.0
2024-10-25 10:59:00+00:00,AVT,54.470001220703125,54.470001220703125,54.470001220703125,54.470001220703125,54.470001220703125,214.0
2024-10-25 10:59:00+00:00,AXTI,2.6649999618530273,2.6649999618530273,2.6649999618530273,2.6649999618530273,2.6649999618530273,62.0
2024-10-25 10:59:00+00:00,BASE,16.579999923706055,16.579999923706055,16.579999923706055,16.579999923706055,16.579999923706055,261.0
2024-10-25 10:59:00+00:00,BL,56.67499923706055,56.67499923706055,56.70000076293945,56.67499923706055,56.68000030517578,1246.0
2024-10-25 10:59:00+00:00,BLKB,86.20500183105469,86.20500183105469,86.20999908447266,86.20500183105469,86.20999908447266,1537.0
2024-10-25 10:59:00+00:00,BMBL,7.295000076293945,7.295000076293945,7.300000190734863,7.295000076293945,7.300000190734863,3425.0
2024-10-25 10:59:00+00:00,BRZE,30.969999313354492,30.969999313354492,30.969999313354492,30.969999313354492,30.969999313354492,170.0
2024-10-25 10:59:00+00:00,CCSI,20.760000228881836,20.760000228881836,20.760000228881836,20.760000228881836,20.760000228881836,1243.0
2024-10-25 10:59:00+00:00,CDNS,258.87750244140625,258.87750244140625,258.94500732421875,258.82000732421875,258.82000732421875,2918.0
2024-10-25 10:59:00+00:00,CDW,219.0,219.0,219.00999450683594,219.0,219.00999450683594,721.0
2024-10-25 10:59:00+00:00,CETX,0.29750001430511475,0.29750001430511475,0.29750001430511475,0.296999990940094,0.296999990940094,4784.0
2024-10-25 10:59:00+00:00,CFLT,22.690000534057617,22.690000534057617,22.719999313354492,22.674999237060547,22.719999313354492,4354.0
2024-10-25 10:59:00+00:00,CGNX,39.125,39.125,39.125,39.119998931884766,39.125,581.0
2024-10-25 10:59:00+00:00,CLSK,12.009200096130371,12.009200096130371,12.045000076293945,12.0,12.029999732971191,68690.0
2024-10-25 10:59:00+00:00,CMTL,3.7149999141693115,3.7149999141693115,3.7149999141693115,3.7100000381469727,3.7100000381469727,1014.0
2024-10-25 10:59:00+00:00,CNDT,3.684999942779541,3.684999942779541,3.694999933242798,3.684999942779541,3.694999933242798,2809.0
2024-10-25 10:59:00+00:00,CNXC,45.0099983215332,45.0099983215332,45.04499816894531,45.0099983215332,45.04499816894531,1251.0
2024-10-25 10:59:00+00:00,COHR,96.31999969482422,96.31999969482422,96.31999969482422,96.25,96.25,1362.0
2024-10-25 10:59:00+00:00,COIN,211.8260040283203,211.8260040283203,212.0,211.60000610351562,211.92300415039062,6210.0
2024-10-25 10:59:00+00:00,COMM,6.414999961853027,6.414999961853027,6.420000076293945,6.414999961853027,6.420000076293945,3130.0
2024-10-25 10:59:00+00:00,CORZ,13.462800025939941,13.462800025939941,13.494999885559082,13.460000038146973,13.470000267028809,10440.0
2024-10-25 10:59:00+00:00,CORZW,7.945000171661377,7.945000171661377,7.945000171661377,7.945000171661377,7.945000171661377,229.0
2024-10-25 10:59:00+00:00,CRCT,6.545000076293945,6.545000076293945,6.545000076293945,6.545000076293945,6.545000076293945,20.0
2024-10-25 10:59:00+00:00,CRDO,39.400001525878906,39.400001525878906,39.400001525878906,39.369998931884766,39.400001525878906,846.0
2024-10-25 10:59:00+00:00,CRNC,2.909899950027466,2.909899950027466,2.909899950027466,2.9049999713897705,2.9049999713897705,318.0
2024-10-25 10:59:00+00:00,CRNT,2.450000047683716,2.450000047683716,2.450000047683716,2.450000047683716,2.450000047683716,0.0
2024-10-25 10:59:00+00:00,CRUS,122.77999877929688,122.77999877929688,122.77999877929688,122.77999877929688,122.77999877929688,365.0
2024-10-25 10:59:00+00:00,CRWD,310.6700134277344,310.6700134277344,310.74920654296875,310.4848937988281,310.4848937988281,5416.0
2024-10-25 10:59:00+00:00,CSCO,56.185001373291016,56.185001373291016,56.20000076293945,56.16999816894531,56.185001373291016,16863.0
2024-10-25 10:59:00+00:00,CSIQ,13.539999961853027,13.539999961853027,13.579999923706055,13.539999961853027,13.579999923706055,10246.0
2024-10-25 10:59:00+00:00,CTSH,74.94999694824219,74.94999694824219,74.9800033569336,74.93000030517578,74.97000122070312,3408.0
2024-10-25 10:59:00+00:00,DAVE,39.97999954223633,39.97999954223633,40.0,39.97999954223633,40.0,1082.0
2024-10-25 10:59:00+00:00,DBX,26.155000686645508,26.155000686645508,26.155000686645508,26.149999618530273,26.155000686645508,1435.0
2024-10-25 10:59:00+00:00,DDOG,126.94999694824219,126.94999694824219,126.97000122070312,126.8949966430664,126.93000030517578,8594.0
2024-10-25 10:59:00+00:00,DGHI,1.4661999940872192,1.4661999940872192,1.4661999940872192,1.4661999940872192,1.4661999940872192,2755.0
2024-10-25 10:59:00+00:00,DLO,8.845000267028809,8.845000267028809,8.845000267028809,8.845000267028809,8.845000267028809,411.0
2024-10-25 10:59:00+00:00,DOCU,70.76000213623047,70.76000213623047,70.81999969482422,70.76000213623047,70.76000213623047,4860.0
2024-10-25 10:59:00+00:00,DTSS,2.450000047683716,2.450000047683716,2.450000047683716,2.450000047683716,2.450000047683716,125.0
2024-10-25 10:59:00+00:00,DUOL,289.57000732421875,289.57000732421875,290.0400085449219,289.57000732421875,290.0400085449219,1469.0
2024-10-25 10:59:00+00:00,EEFT,101.66000366210938,101.66000366210938,101.87999725341797,101.66000366210938,101.87999725341797,1330.0
2024-10-25 10:59:00+00:00,ENPH,82.22000122070312,82.22000122070312,82.32109832763672,82.22000122070312,82.25,8116.0
2024-10-25 10:59:00+00:00,ERIC,8.524999618530273,8.524999618530273,8.52869987487793,8.520000457763672,8.524999618530273,23552.0
2024-10-25 10:59:00+00:00,EXFY,1.715000033378601,1.715000033378601,1.715000033378601,1.715000033378601,1.715000033378601,244.0
2024-10-25 10:59:00+00:00,EXTR,14.539999961853027,14.539999961853027,14.550000190734863,14.539999961853027,14.545000076293945,963.0
2024-10-25 10:59:00+00:00,FEIM,12.279399871826172,12.279399871826172,12.279399871826172,12.279399871826172,12.279399871826172,906.0
2024-10-25 10:59:00+00:00,FFIV,216.22999572753906,216.22999572753906,216.2949981689453,216.22500610351562,216.2949981689453,1585.0
2024-10-25 10:59:00+00:00,FIVN,30.683900833129883,30.683900833129883,30.683900833129883,30.683900833129883,30.683900833129883,492.0
2024-10-25 10:59:00+00:00,FLEX,35.4900016784668,35.4900016784668,35.4900016784668,35.47999954223633,35.48500061035156,2005.0
2024-10-25 10:59:00+00:00,FROG,29.524999618530273,29.524999618530273,29.524999618530273,29.524999618530273,29.524999618530273,346.0
2024-10-25 10:59:00+00:00,FRSH,11.699999809265137,11.699999809265137,11.704999923706055,11.699999809265137,11.699999809265137,3829.0
2024-10-25 10:59:00+00:00,FSLR,199.2100067138672,199.2100067138672,199.31500244140625,199.2100067138672,199.31500244140625,671.0
2024-10-25 10:59:00+00:00,FTCI,0.6904000043869019,0.6904000043869019,0.6930999755859375,0.6904000043869019,0.6930999755859375,400.0
2024-10-25 10:59:00+00:00,FTNT,81.66999816894531,81.66999816894531,81.70999908447266,81.66999816894531,81.69000244140625,4668.0
2024-10-25 10:59:00+00:00,GCT,25.649999618530273,25.649999618530273,25.649999618530273,25.540000915527344,25.540000915527344,15771.0
2024-10-25 10:59:00+00:00,GDS,21.639999389648438,21.639999389648438,21.639999389648438,21.639999389648438,21.639999389648438,2336.0
2024-10-25 10:59:00+00:00,GFS,41.290000915527344,41.290000915527344,41.290000915527344,41.2599983215332,41.27000045776367,2678.0
2024-10-25 10:59:00+00:00,GPRO,1.3350000381469727,1.3350000381469727,1.340000033378601,1.3350000381469727,1.340000033378601,330.0
2024-10-25 10:59:00+00:00,GRAB,4.085000038146973,4.085000038146973,4.085000038146973,4.079999923706055,4.0802998542785645,34708.0
2024-10-25 10:59:00+00:00,GRRR,4.604000091552734,4.604000091552734,4.604000091552734,4.604000091552734,4.604000091552734,15.0
2024-10-25 10:59:00+00:00,GTLB,55.41790008544922,55.41790008544922,55.5,55.40999984741211,55.40999984741211,5825.0
2024-10-25 10:59:00+00:00,HCKT,24.899999618530273,24.899999618530273,24.899999618530273,24.899999618530273,24.899999618530273,359.0
2024-10-25 10:59:00+00:00,HCP,33.69499969482422,33.69499969482422,33.70000076293945,33.689998626708984,33.689998626708984,2344.0
2024-10-25 10:59:00+00:00,HLIT,14.829999923706055,14.829999923706055,14.829999923706055,14.829999923706055,14.829999923706055,337.0
2024-10-25 10:59:00+00:00,HOLO,3.7399001121520996,3.7399001121520996,3.740000009536743,3.734999895095825,3.740000009536743,1649.0
2024-10-25 10:59:00+00:00,HOOD,27.649900436401367,27.649900436401367,27.65999984741211,27.6200008392334,27.658000946044922,48479.0
2024-10-25 10:59:00+00:00,ICHR,27.860000610351562,27.860000610351562,27.860000610351562,27.860000610351562,27.860000610351562,1889.0
2024-10-25 10:59:00+00:00,III,3.069999933242798,3.069999933242798,3.069999933242798,3.069999933242798,3.069999933242798,126.0
2024-10-25 10:59:00+00:00,IMMR,8.8100004196167,8.8100004196167,8.8100004196167,8.8100004196167,8.8100004196167,546.0
2024-10-25 10:59:00+00:00,INDI,3.5950000286102295,3.5950000286102295,3.5950000286102295,3.594599962234497,3.594599962234497,4265.0
2024-10-25 10:59:00+00:00,INFN,6.784999847412109,6.784999847412109,6.784999847412109,6.78000020980835,6.78000020980835,754.0
2024-10-25 10:59:00+00:00,INOD,19.81999969482422,19.81999969482422,19.81999969482422,19.81999969482422,19.81999969482422,309.0
2024-10-25 10:59:00+00:00,INTC,23.139999389648438,23.139999389648438,23.149999618530273,23.1299991607666,23.139999389648438,78532.0
2024-10-25 10:59:00+00:00,INTU,612.469970703125,612.469970703125,612.7449951171875,612.469970703125,612.7449951171875,1758.0
2024-10-25 10:59:00+00:00,ITRN,26.979999542236328,26.979999542236328,26.979999542236328,26.979999542236328,26.979999542236328,343.0
2024-10-25 10:59:00+00:00,JAMF,16.8799991607666,16.8799991607666,16.8799991607666,16.8799991607666,16.8799991607666,1119.0
2024-10-25 10:59:00+00:00,KC,2.7300000190734863,2.7300000190734863,2.7300000190734863,2.7300000190734863,2.7300000190734863,804.0
2024-10-25 10:59:00+00:00,KLAC,678.4500122070312,678.4500122070312,678.8800048828125,678.4500122070312,678.6300048828125,2227.0
2024-10-25 10:59:00+00:00,KLIC,44.40999984741211,44.40999984741211,44.45000076293945,44.40999984741211,44.45000076293945,715.0
2024-10-25 10:59:00+00:00,KOSS,7.460000038146973,7.460000038146973,7.460000038146973,7.361999988555908,7.361999988555908,6695.0
2024-10-25 10:59:00+00:00,LASR,10.510000228881836,10.510000228881836,10.518699645996094,10.510000228881836,10.518699645996094,3078.0
2024-10-25 10:59:00+00:00,LINK,4.829999923706055,4.829999923706055,4.849999904632568,4.672999858856201,4.699900150299072,26107.0
2024-10-25 10:59:00+00:00,LITE,64.33999633789062,64.33999633789062,64.33999633789062,64.33999633789062,64.33999633789062,520.0
2024-10-25 10:59:00+00:00,LOGI,81.29000091552734,81.29000091552734,81.29000091552734,81.29000091552734,81.29000091552734,448.0
2024-10-25 10:59:00+00:00,LRCX,78.72000122070312,78.72000122070312,78.79000091552734,78.70999908447266,78.77999877929688,32808.0
2024-10-25 10:59:00+00:00,LSCC,54.400001525878906,54.400001525878906,54.4900016784668,54.380001068115234,54.4900016784668,7361.0
2024-10-25 10:59:00+00:00,LYFT,13.795000076293945,13.795000076293945,13.8100004196167,13.789999961853027,13.8100004196167,16079.0
2024-10-25 10:59:00+00:00,MAXN,5.71999979019165,5.71999979019165,5.71999979019165,5.710000038146973,5.710000038146973,1560.0
2024-10-25 10:59:00+00:00,MCHP,76.98999786376953,76.98999786376953,77.0199966430664,76.98999786376953,76.98999786376953,4755.0
2024-10-25 10:59:00+00:00,MGIC,11.130000114440918,11.130000114440918,11.130000114440918,11.130000114440918,11.130000114440918,349.0
2024-10-25 10:59:00+00:00,MKSI,100.5999984741211,100.5999984741211,100.5999984741211,100.56999969482422,100.5999984741211,1284.0
2024-10-25 10:59:00+00:00,MNDY,300.4100036621094,300.4100036621094,300.4100036621094,300.1000061035156,300.1000061035156,2444.0
2024-10-25 10:59:00+00:00,MPWR,911.2999877929688,911.2999877929688,912.760009765625,909.72998046875,909.72998046875,1559.0
2024-10-25 10:59:00+00:00,MQ,5.329999923706055,5.329999923706055,5.335000038146973,5.320000171661377,5.335000038146973,5272.0
2024-10-25 10:59:00+00:00,MRAM,6.286900043487549,6.286900043487549,6.289999961853027,6.286900043487549,6.289999961853027,484.0
2024-10-25 10:59:00+00:00,MRVL,82.97000122070312,82.97000122070312,83.0199966430664,82.95999908447266,82.97000122070312,10972.0
2024-10-25 10:59:00+00:00,MSFT,430.8218078613281,430.8218078613281,431.04998779296875,430.6400146484375,430.7250061035156,40464.0
2024-10-25 10:59:00+00:00,MSTR,242.0500030517578,242.0500030517578,242.66000366210938,241.8000946044922,242.28500366210938,58148.0
2024-10-25 10:59:00+00:00,MTSI,120.0,120.0,120.0,119.8499984741211,119.8499984741211,6541.0
2024-10-25 10:59:00+00:00,MU,109.4000015258789,109.4000015258789,109.4800033569336,109.39019775390625,109.447998046875,16826.0
2024-10-25 10:59:00+00:00,MVIS,1.1100000143051147,1.1100000143051147,1.1100000143051147,1.1100000143051147,1.1100000143051147,500.0
2024-10-25 10:59:00+00:00,MXL,15.390000343322754,15.390000343322754,15.423800468444824,15.378000259399414,15.423800468444824,13561.0
2024-10-25 10:59:00+00:00,NCNO,38.22999954223633,38.22999954223633,38.22999954223633,38.18000030517578,38.19499969482422,8876.0
2024-10-25 10:59:00+00:00,NNDM,2.3550000190734863,2.3550000190734863,2.3550000190734863,2.3550000190734863,2.3550000190734863,1581.0
2024-10-25 10:59:00+00:00,NSIT,209.77000427246094,209.77000427246094,209.77000427246094,209.55999755859375,209.55999755859375,429.0
2024-10-25 10:59:00+00:00,NTNX,62.70000076293945,62.70000076293945,62.720001220703125,62.70000076293945,62.709999084472656,1439.0
2024-10-25 10:59:00+00:00,NVDA,143.4196014404297,143.4196014404297,143.52999877929688,143.41000366210938,143.48500061035156,420521.0
2024-10-25 10:59:00+00:00,NVTS,2.609999895095825,2.609999895095825,2.619999885559082,2.609999895095825,2.619999885559082,5362.0
2024-10-25 10:59:00+00:00,NXPI,244.47000122070312,244.47000122070312,244.75999450683594,244.44000244140625,244.6300048828125,5012.0
2024-10-25 10:59:00+00:00,OKTA,72.8550033569336,72.8550033569336,72.8550033569336,72.8550033569336,72.8550033569336,990.0
2024-10-25 10:59:00+00:00,ON,71.68000030517578,71.68000030517578,71.76000213623047,71.66999816894531,71.76000213623047,18050.0
2024-10-25 10:59:00+00:00,OSIS,135.35000610351562,135.35000610351562,135.35000610351562,135.35000610351562,135.35000610351562,271.0
2024-10-25 10:59:00+00:00,OTEX,33.52000045776367,33.52000045776367,33.540000915527344,33.52000045776367,33.540000915527344,1142.0
2024-10-25 10:59:00+00:00,PANW,371.3949890136719,371.3949890136719,371.3949890136719,371.0299987792969,371.0299987792969,3372.0
2024-10-25 10:59:00+00:00,PAYO,8.324999809265137,8.324999809265137,8.324999809265137,8.319999694824219,8.324999809265137,1014.0
2024-10-25 10:59:00+00:00,PCTY,172.83999633789062,172.83999633789062,172.83999633789062,172.8350067138672,172.8350067138672,1739.0
2024-10-25 10:59:00+00:00,PEGA,81.21499633789062,81.21499633789062,81.29499816894531,81.20999908447266,81.29499816894531,3937.0
2024-10-25 10:59:00+00:00,PGY,11.859999656677246,11.859999656677246,11.859999656677246,11.824999809265137,11.829999923706055,914.0
2024-10-25 10:59:00+00:00,PHUN,9.701899528503418,9.701899528503418,9.789999961853027,9.699999809265137,9.789999961853027,36483.0
2024-10-25 10:59:00+00:00,PI,204.7100067138672,204.7100067138672,204.80999755859375,204.60499572753906,204.72999572753906,2556.0
2024-10-25 10:59:00+00:00,PLAB,23.59000015258789,23.59000015258789,23.59000015258789,23.59000015258789,23.59000015258789,284.0
2024-10-25 10:59:00+00:00,POET,4.039999961853027,4.039999961853027,4.039999961853027,4.020899772644043,4.020899772644043,3297.0
2024-10-25 10:59:00+00:00,PTC,186.4600067138672,186.4600067138672,186.4600067138672,186.4600067138672,186.4600067138672,402.0
2024-10-25 10:59:00+00:00,PUBM,15.129500389099121,15.129500389099121,15.129500389099121,15.129500389099121,15.129500389099121,1575.0
2024-10-25 10:59:00+00:00,PXLW,0.7613000273704529,0.7613000273704529,0.7613000273704529,0.7613000273704529,0.7613000273704529,2300.0
2024-10-25 10:59:00+00:00,PYCR,14.399999618530273,14.399999618530273,14.399999618530273,14.369999885559082,14.369999885559082,1268.0
2024-10-25 10:59:00+00:00,QCOM,172.38999938964844,172.38999938964844,172.5,172.33999633789062,172.43299865722656,11350.0
2024-10-25 10:59:00+00:00,QRVO,100.05000305175781,100.05000305175781,100.05000305175781,100.01000213623047,100.01000213623047,1917.0
2024-10-25 10:59:00+00:00,QUBT,1.1200000047683716,1.1200000047683716,1.125,1.1200000047683716,1.125,2802.0
2024-10-25 10:59:00+00:00,RCAT,2.7493999004364014,2.7493999004364014,2.7493999004364014,2.740000009536743,2.740000009536743,2065.0
2024-10-25 10:59:00+00:00,RELL,13.885000228881836,13.885000228881836,13.885000228881836,13.885000228881836,13.885000228881836,241.0
2024-10-25 10:59:00+00:00,RELY,14.739999771118164,14.739999771118164,14.75,14.729999542236328,14.739999771118164,6102.0
2024-10-25 10:59:00+00:00,RGTI,1.3049999475479126,1.3049999475479126,1.3049999475479126,1.2999000549316406,1.2999000549316406,41162.0
2024-10-25 10:59:00+00:00,RIOT,10.149900436401367,10.149900436401367,10.175299644470215,10.14009952545166,10.154999732971191,41124.0
2024-10-25 10:59:00+00:00,RMBS,43.0,43.0,43.0,42.9900016784668,42.9900016784668,1003.0
2024-10-25 10:59:00+00:00,RMNI,1.7400000095367432,1.7400000095367432,1.7400000095367432,1.7400000095367432,1.7400000095367432,229.0
2024-10-25 10:59:00+00:00,RUM,5.820000171661377,5.820000171661377,5.820000171661377,5.804699897766113,5.820000171661377,5215.0
2024-10-25 10:59:00+00:00,RUMBW,1.389799952507019,1.389799952507019,1.389799952507019,1.3799999952316284,1.3799999952316284,1075.0
2024-10-25 10:59:00+00:00,RUN,14.457500457763672,14.457500457763672,14.489999771118164,14.457500457763672,14.479999542236328,9261.0
2024-10-25 10:59:00+00:00,RXT,2.561000108718872,2.561000108718872,2.561000108718872,2.561000108718872,2.561000108718872,428.0
2024-10-25 10:59:00+00:00,SATS,25.290000915527344,25.290000915527344,25.290000915527344,25.274999618530273,25.274999618530273,1008.0
2024-10-25 10:59:00+00:00,SEDG,15.800000190734863,15.800000190734863,15.819999694824219,15.789999961853027,15.8100004196167,9544.0
2024-10-25 10:59:00+00:00,SHLS,5.224999904632568,5.224999904632568,5.225299835205078,5.223499774932861,5.225299835205078,1774.0
2024-10-25 10:59:00+00:00,SIMO,57.29999923706055,57.29999923706055,57.29999923706055,57.209999084472656,57.209999084472656,929.0
2024-10-25 10:59:00+00:00,SKYT,10.579999923706055,10.579999923706055,10.585000038146973,10.579999923706055,10.585000038146973,489.0
2024-10-25 10:59:00+00:00,SLNHP,12.930000305175781,12.930000305175781,12.930000305175781,12.930000305175781,12.930000305175781,207.0
2024-10-25 10:59:00+00:00,SMCI,48.15999984741211,48.15999984741211,48.20000076293945,48.11000061035156,48.14500045776367,99958.0
2024-10-25 10:59:00+00:00,SMTC,45.790000915527344,45.790000915527344,45.790000915527344,45.7400016784668,45.76499938964844,3065.0
2024-10-25 10:59:00+00:00,SONO,12.895000457763672,12.895000457763672,12.899999618530273,12.885000228881836,12.885000228881836,4735.0
2024-10-25 10:59:00+00:00,SOUN,5.287399768829346,5.287399768829346,5.289999961853027,5.2835001945495605,5.289999961853027,18275.0
2024-10-25 10:59:00+00:00,SPNS,37.34230041503906,37.34230041503906,37.34230041503906,37.34230041503906,37.34230041503906,171.0
2024-10-25 10:59:00+00:00,SPSC,178.3800048828125,178.3800048828125,178.95799255371094,178.3800048828125,178.95799255371094,1829.0
2024-10-25 10:59:00+00:00,SSNC,69.53569793701172,69.53569793701172,69.65889739990234,69.53569793701172,69.65889739990234,8965.0
2024-10-25 10:59:00+00:00,STER,16.75,16.75,16.75,16.75,16.75,140.0
2024-10-25 10:59:00+00:00,STNE,11.555000305175781,11.555000305175781,11.555000305175781,11.532600402832031,11.53499984741211,7265.0
2024-10-25 10:59:00+00:00,STX,105.0,105.0,105.02999877929688,104.94999694824219,105.02999877929688,5913.0
2024-10-25 10:59:00+00:00,SURG,1.774999976158142,1.774999976158142,1.774999976158142,1.774999976158142,1.774999976158142,300.0
2024-10-25 10:59:00+00:00,SVRE,0.08259999752044678,0.08259999752044678,0.08259999752044678,0.08259999752044678,0.08259999752044678,1007.0
2024-10-25 10:59:00+00:00,SYNA,73.25,73.25,73.25,73.25,73.25,166.0
2024-10-25 10:59:00+00:00,SYTA,1.2400000095367432,1.2400000095367432,1.2400000095367432,1.2101999521255493,1.2400000095367432,16689.0
2024-10-25 10:59:00+00:00,TEAM,190.7100067138672,190.7100067138672,190.88999938964844,190.7100067138672,190.88999938964844,1670.0
2024-10-25 10:59:00+00:00,TENB,41.58000183105469,41.58000183105469,41.599998474121094,41.58000183105469,41.599998474121094,407.0
2024-10-25 10:59:00+00:00,TER,112.78500366210938,112.78500366210938,112.80999755859375,112.7300033569336,112.7750015258789,9499.0
2024-10-25 10:59:00+00:00,TRMB,61.15999984741211,61.15999984741211,61.15999984741211,61.15999984741211,61.15999984741211,678.0
2024-10-25 10:59:00+00:00,TSEM,44.869998931884766,44.869998931884766,44.880001068115234,44.869998931884766,44.880001068115234,693.0
2024-10-25 10:59:00+00:00,TTD,120.5999984741211,120.5999984741211,120.72000122070312,120.5999984741211,120.62000274658203,4849.0
2024-10-25 10:59:00+00:00,TTMI,19.610000610351562,19.610000610351562,19.610000610351562,19.610000610351562,19.610000610351562,197.0
2024-10-25 10:59:00+00:00,TWKS,4.449999809265137,4.449999809265137,4.449999809265137,4.449999809265137,4.449999809265137,501.0
2024-10-25 10:59:00+00:00,TXN,209.11000061035156,209.11000061035156,209.25,209.10000610351562,209.22999572753906,3918.0
2024-10-25 10:59:00+00:00,UCTT,35.95199966430664,35.95199966430664,35.95199966430664,35.95199966430664,35.95199966430664,1228.0
2024-10-25 10:59:00+00:00,VECO,29.485000610351562,29.485000610351562,29.485000610351562,29.485000610351562,29.485000610351562,631.0
2024-10-25 10:59:00+00:00,VMEO,4.769999980926514,4.769999980926514,4.769999980926514,4.769999980926514,4.769999980926514,136.0
2024-10-25 10:59:00+00:00,VRNS,56.9900016784668,56.9900016784668,56.994998931884766,56.970001220703125,56.9900016784668,1090.0
2024-10-25 10:59:00+00:00,VRSN,185.6750030517578,185.6750030517578,185.7899932861328,185.38999938964844,185.7899932861328,5488.0
2024-10-25 10:59:00+00:00,VS,2.609999895095825,2.609999895095825,2.609999895095825,2.609999895095825,2.609999895095825,1119.0
2024-10-25 10:59:00+00:00,VSAT,10.300000190734863,10.300000190734863,10.300000190734863,10.300000190734863,10.300000190734863,1007.0
2024-10-25 10:59:00+00:00,WALD,3.5999999046325684,3.5999999046325684,3.5999999046325684,3.5999999046325684,3.5999999046325684,427.0
2024-10-25 10:59:00+00:00,WDAY,240.9949951171875,240.9949951171875,241.10000610351562,240.9949951171875,241.08999633789062,3377.0
2024-10-25 10:59:00+00:00,WDC,72.62999725341797,72.62999725341797,72.63999938964844,72.5,72.5,22748.0
2024-10-25 10:59:00+00:00,WISA,1.819000005722046,1.819000005722046,1.8300000429153442,1.819000005722046,1.8300000429153442,603.0
2024-10-25 10:59:00+00:00,WIX,166.375,166.375,166.375,166.375,166.375,756.0
2024-10-25 10:59:00+00:00,XELA,1.975000023841858,1.975000023841858,1.975000023841858,1.975000023841858,1.975000023841858,160.0
2024-10-25 10:59:00+00:00,XPER,9.449999809265137,9.449999809265137,9.470000267028809,9.449999809265137,9.470000267028809,1467.0
2024-10-25 10:59:00+00:00,XRX,10.194999694824219,10.194999694824219,10.204999923706055,10.194999694824219,10.204999923706055,1093.0
2024-10-25 10:59:00+00:00,ZBRA,364.3599853515625,364.3599853515625,364.3999938964844,364.3599853515625,364.3999938964844,2814.0
2024-10-25 10:59:00+00:00,ZI,10.600000381469727,10.600000381469727,10.600000381469727,10.600000381469727,10.600000381469727,1940.0
2024-10-25 10:59:00+00:00,ZM,73.30999755859375,73.30999755859375,73.30999755859375,73.28500366210938,73.29000091552734,2783.0
2024-10-25 10:59:00+00:00,ZS,187.78990173339844,187.78990173339844,187.78990173339844,187.6300048828125,187.78990173339844,2491.0
2024-10-25 11:00:00+00:00,AAOI,18.389999389648438,18.389999389648438,18.450000762939453,18.387800216674805,18.387800216674805,11081.0
2024-10-25 11:00:00+00:00,AAPL,232.9600067138672,232.9600067138672,233.1999969482422,232.86000061035156,232.86000061035156,204339.0
2024-10-25 11:00:00+00:00,ACLS,90.72000122070312,90.72000122070312,90.75,90.72000122070312,90.75,845.0
2024-10-25 11:00:00+00:00,ACMR,19.803199768066406,19.803199768066406,19.80500030517578,19.803199768066406,19.80500030517578,1310.0
2024-10-25 11:00:00+00:00,ADBE,485.6400146484375,485.6400146484375,486.0,485.5199890136719,485.5199890136719,13806.0
2024-10-25 11:00:00+00:00,ADI,233.5,233.5,233.5,233.41000366210938,233.5,1897.0
2024-10-25 11:00:00+00:00,ADSK,288.55999755859375,288.55999755859375,288.57000732421875,288.4800109863281,288.4800109863281,2190.0
2024-10-25 11:00:00+00:00,AEHR,16.647300720214844,16.647300720214844,16.659400939941406,16.647300720214844,16.659400939941406,1467.0
2024-10-25 11:00:00+00:00,AEYE,23.2549991607666,23.2549991607666,23.325000762939453,23.25,23.325000762939453,1411.0
2024-10-25 11:00:00+00:00,AFRM,42.04999923706055,42.04999923706055,42.060001373291016,42.03010177612305,42.05849838256836,4122.0
2024-10-25 11:00:00+00:00,AGYS,112.51000213623047,112.51000213623047,112.51000213623047,112.51000213623047,112.51000213623047,645.0
2024-10-25 11:00:00+00:00,AKAM,103.20999908447266,103.20999908447266,103.20999908447266,103.18000030517578,103.18000030517578,956.0
2024-10-25 11:00:00+00:00,AKTS,0.0575999990105629,0.0575999990105629,0.05790000036358833,0.0575999990105629,0.0575999990105629,54240.0
2024-10-25 11:00:00+00:00,ALGM,22.55500030517578,22.55500030517578,22.575000762939453,22.540000915527344,22.540000915527344,2290.0
2024-10-25 11:00:00+00:00,ALKT,38.36000061035156,38.36000061035156,38.36000061035156,38.36000061035156,38.36000061035156,460.0
2024-10-25 11:00:00+00:00,ALTR,105.9749984741211,105.9749984741211,105.9749984741211,105.9749984741211,105.9749984741211,449.0
2024-10-25 11:00:00+00:00,AMAT,187.94000244140625,187.94000244140625,188.05850219726562,187.83999633789062,187.92999267578125,14479.0
2024-10-25 11:00:00+00:00,AMBA,58.33000183105469,58.33000183105469,58.33000183105469,58.29999923706055,58.29999923706055,6442.0
2024-10-25 11:00:00+00:00,AMD,157.50999450683594,157.50999450683594,157.6300048828125,157.4600067138672,157.5,88776.0
2024-10-25 11:00:00+00:00,AMKR,29.96500015258789,29.96500015258789,29.969999313354492,29.959999084472656,29.959999084472656,1908.0
2024-10-25 11:00:00+00:00,AMPL,9.25,9.25,9.25,9.25,9.25,657.0
2024-10-25 11:00:00+00:00,ANSS,327.8800048828125,327.8800048828125,327.8800048828125,327.6300048828125,327.6300048828125,2156.0
2024-10-25 11:00:00+00:00,ANY,1.0910999774932861,1.0910999774932861,1.100000023841858,1.0910999774932861,1.100000023841858,116.0
2024-10-25 11:00:00+00:00,API,2.8299999237060547,2.8299999237060547,2.8399999141693115,2.825000047683716,2.825000047683716,2847.0
2024-10-25 11:00:00+00:00,APP,163.64649963378906,163.64649963378906,163.64649963378906,163.3000030517578,163.35000610351562,5791.0
2024-10-25 11:00:00+00:00,APPF,216.25999450683594,216.25999450683594,216.25999450683594,216.25999450683594,216.25999450683594,660.0
2024-10-25 11:00:00+00:00,APPN,32.31999969482422,32.31999969482422,32.31999969482422,32.29999923706055,32.29999923706055,1658.0
2024-10-25 11:00:00+00:00,APPS,3.125,3.125,3.125,3.1217000484466553,3.1217000484466553,543.0
2024-10-25 11:00:00+00:00,ARRY,6.40500020980835,6.40500020980835,6.406000137329102,6.369999885559082,6.375,16863.0
2024-10-25 11:00:00+00:00,ASML,718.52001953125,718.52001953125,719.010009765625,718.52001953125,718.8900146484375,5203.0
2024-10-25 11:00:00+00:00,AUR,6.46999979019165,6.46999979019165,6.46999979019165,6.465400218963623,6.465400218963623,2199.0
2024-10-25 11:00:00+00:00,AVDX,8.194999694824219,8.194999694824219,8.199999809265137,8.194999694824219,8.199999809265137,9423.0
2024-10-25 11:00:00+00:00,AVGO,175.94500732421875,175.94500732421875,175.98609924316406,175.7899932861328,175.84500122070312,47409.0
2024-10-25 11:00:00+00:00,AVT,54.470001220703125,54.470001220703125,54.470001220703125,54.470001220703125,54.470001220703125,343.0
2024-10-25 11:00:00+00:00,BEEM,4.866000175476074,4.866000175476074,4.866000175476074,4.866000175476074,4.866000175476074,237.0
2024-10-25 11:00:00+00:00,BIGC,5.360000133514404,5.360000133514404,5.360000133514404,5.359000205993652,5.359000205993652,1125.0
2024-10-25 11:00:00+00:00,BL,56.59000015258789,56.59000015258789,56.66999816894531,56.59000015258789,56.66999816894531,825.0
2024-10-25 11:00:00+00:00,BRZE,30.989999771118164,30.989999771118164,31.0,30.979999542236328,30.979999542236328,1687.0
2024-10-25 11:00:00+00:00,BSY,49.349998474121094,49.349998474121094,49.349998474121094,49.349998474121094,49.349998474121094,348.0
2024-10-25 11:00:00+00:00,CAN,0.9987000226974487,0.9987000226974487,0.9987999796867371,0.9986000061035156,0.9987999796867371,1921.0
2024-10-25 11:00:00+00:00,CCSI,20.6200008392334,20.6200008392334,20.700000762939453,20.6200008392334,20.700000762939453,5447.0
2024-10-25 11:00:00+00:00,CDNS,259.010009765625,259.010009765625,259.0299987792969,258.8900146484375,258.8900146484375,1814.0
2024-10-25 11:00:00+00:00,CDW,218.9199981689453,218.9199981689453,219.1300048828125,218.9199981689453,218.94000244140625,3282.0
2024-10-25 11:00:00+00:00,CETX,0.2969000041484833,0.2969000041484833,0.2969000041484833,0.2969000041484833,0.2969000041484833,1710.0
2024-10-25 11:00:00+00:00,CEVA,24.264999389648438,24.264999389648438,24.264999389648438,24.264999389648438,24.264999389648438,2068.0
2024-10-25 11:00:00+00:00,CFLT,22.71500015258789,22.71500015258789,22.739999771118164,22.709999084472656,22.709999084472656,4181.0
2024-10-25 11:00:00+00:00,CGNX,39.125,39.125,39.125,39.125,39.125,605.0
2024-10-25 11:00:00+00:00,CLBT,18.19499969482422,18.19499969482422,18.19499969482422,18.19499969482422,18.19499969482422,273.0
2024-10-25 11:00:00+00:00,CLSK,12.04800033569336,12.04800033569336,12.069999694824219,12.0,12.010000228881836,52640.0
2024-10-25 11:00:00+00:00,CNDT,3.684999942779541,3.684999942779541,3.684999942779541,3.684999942779541,3.684999942779541,172.0
2024-10-25 11:00:00+00:00,COHR,96.375,96.375,96.375,96.3499984741211,96.36000061035156,1174.0
2024-10-25 11:00:00+00:00,COHU,26.309999465942383,26.309999465942383,26.309999465942383,26.309999465942383,26.309999465942383,623.0
2024-10-25 11:00:00+00:00,COIN,212.14930725097656,212.14930725097656,212.44500732421875,211.92999267578125,211.92999267578125,22390.0
2024-10-25 11:00:00+00:00,COMM,6.414999961853027,6.414999961853027,6.414999961853027,6.409999847412109,6.409999847412109,769.0
2024-10-25 11:00:00+00:00,CORZ,13.475000381469727,13.475000381469727,13.475000381469727,13.469200134277344,13.469200134277344,1751.0
2024-10-25 11:00:00+00:00,CRDO,39.34000015258789,39.34000015258789,39.38999938964844,39.33000183105469,39.369998931884766,6836.0
2024-10-25 11:00:00+00:00,CRNC,2.9100000858306885,2.9100000858306885,2.9100000858306885,2.9100000858306885,2.9100000858306885,1167.0
2024-10-25 11:00:00+00:00,CRSR,6.460000038146973,6.460000038146973,6.460000038146973,6.460000038146973,6.460000038146973,633.0
2024-10-25 11:00:00+00:00,CRWD,310.7250061035156,310.7250061035156,310.8500061035156,310.6700134277344,310.6700134277344,4190.0
2024-10-25 11:00:00+00:00,CSCO,56.17290115356445,56.17290115356445,56.220001220703125,56.17290115356445,56.189998626708984,21230.0
2024-10-25 11:00:00+00:00,CSIQ,13.585000038146973,13.585000038146973,13.59000015258789,13.539999961853027,13.539999961853027,25.0
2024-10-25 11:00:00+00:00,CTSH,74.94000244140625,74.94000244140625,74.94999694824219,74.93499755859375,74.93499755859375,4349.0
2024-10-25 11:00:00+00:00,CVLT,134.15499877929688,134.15499877929688,134.15499877929688,134.15499877929688,134.15499877929688,726.0
2024-10-25 11:00:00+00:00,CYBR,295.54998779296875,295.54998779296875,295.54998779296875,295.54998779296875,295.54998779296875,268.0
2024-10-25 11:00:00+00:00,DATS,1.5800000429153442,1.5800000429153442,1.5800000429153442,1.5700000524520874,1.5710999965667725,7820.0
2024-10-25 11:00:00+00:00,DBX,26.166000366210938,26.166000366210938,26.166000366210938,26.155000686645508,26.155000686645508,6113.0
2024-10-25 11:00:00+00:00,DDOG,127.05999755859375,127.05999755859375,127.06999969482422,126.98500061035156,126.98500061035156,3700.0
2024-10-25 11:00:00+00:00,DGHI,1.4699000120162964,1.4699000120162964,1.4699000120162964,1.4500000476837158,1.4500000476837158,945.0
2024-10-25 11:00:00+00:00,DLO,8.850000381469727,8.850000381469727,8.850000381469727,8.850000381469727,8.850000381469727,325.0
2024-10-25 11:00:00+00:00,DOCU,70.69000244140625,70.69000244140625,70.7699966430664,70.66000366210938,70.7699966430664,3146.0
2024-10-25 11:00:00+00:00,DOMO,8.0600004196167,8.0600004196167,8.079999923706055,8.0600004196167,8.079999923706055,2003.0
2024-10-25 11:00:00+00:00,DOX,90.01000213623047,90.01000213623047,90.01000213623047,90.01000213623047,90.01000213623047,694.0
2024-10-25 11:00:00+00:00,DSGX,104.93000030517578,104.93000030517578,104.94000244140625,104.93000030517578,104.94000244140625,945.0
2024-10-25 11:00:00+00:00,ENPH,82.33000183105469,82.33000183105469,82.39520263671875,82.19000244140625,82.19000244140625,4530.0
2024-10-25 11:00:00+00:00,ENTG,105.32499694824219,105.32499694824219,105.38999938964844,105.32499694824219,105.36000061035156,966.0
2024-10-25 11:00:00+00:00,ERIC,8.524999618530273,8.524999618530273,8.524999618530273,8.524999618530273,8.524999618530273,1232.0
2024-10-25 11:00:00+00:00,EXLS,39.04499816894531,39.04499816894531,39.04499816894531,39.04499816894531,39.04499816894531,284.0
2024-10-25 11:00:00+00:00,EXTR,14.5600004196167,14.5600004196167,14.5600004196167,14.5600004196167,14.5600004196167,450.0
2024-10-25 11:00:00+00:00,FFIV,216.44000244140625,216.44000244140625,216.4550018310547,216.24000549316406,216.24000549316406,1134.0
2024-10-25 11:00:00+00:00,FIVN,30.68000030517578,30.68000030517578,30.68000030517578,30.68000030517578,30.68000030517578,1321.0
2024-10-25 11:00:00+00:00,FLEX,35.5,35.5,35.5099983215332,35.4900016784668,35.494998931884766,2235.0
2024-10-25 11:00:00+00:00,FORM,45.20000076293945,45.20000076293945,45.209999084472656,45.19499969482422,45.209999084472656,1220.0
2024-10-25 11:00:00+00:00,FROG,29.545000076293945,29.545000076293945,29.545000076293945,29.524999618530273,29.540000915527344,1735.0
2024-10-25 11:00:00+00:00,FRSH,11.704999923706055,11.704999923706055,11.710000038146973,11.704999923706055,11.710000038146973,1793.0
2024-10-25 11:00:00+00:00,FSLR,199.5500030517578,199.5500030517578,199.5500030517578,199.22500610351562,199.22500610351562,1930.0
2024-10-25 11:00:00+00:00,FTCI,0.6904000043869019,0.6904000043869019,0.6945000290870667,0.6904000043869019,0.6945000290870667,1670.0
2024-10-25 11:00:00+00:00,FTNT,81.7300033569336,81.7300033569336,81.7300033569336,81.69059753417969,81.69059753417969,2190.0
2024-10-25 11:00:00+00:00,GCT,25.649999618530273,25.649999618530273,25.649999618530273,25.6299991607666,25.639999389648438,1572.0
2024-10-25 11:00:00+00:00,GDS,21.56999969482422,21.56999969482422,21.56999969482422,21.549999237060547,21.56999969482422,2975.0
2024-10-25 11:00:00+00:00,GFS,41.290000915527344,41.290000915527344,41.34000015258789,41.290000915527344,41.290000915527344,3268.0
2024-10-25 11:00:00+00:00,GILT,4.925000190734863,4.925000190734863,4.925000190734863,4.925000190734863,4.925000190734863,428.0
2024-10-25 11:00:00+00:00,GPRO,1.3350000381469727,1.3350000381469727,1.3350000381469727,1.3350000381469727,1.3350000381469727,513.0
2024-10-25 11:00:00+00:00,GRAB,4.085000038146973,4.085000038146973,4.089900016784668,4.085000038146973,4.085000038146973,11995.0
2024-10-25 11:00:00+00:00,GRRR,4.5995001792907715,4.5995001792907715,4.605000019073486,4.5995001792907715,4.605000019073486,1191.0
2024-10-25 11:00:00+00:00,GRRRW,0.06300000101327896,0.06300000101327896,0.06300000101327896,0.06300000101327896,0.06300000101327896,0.0
2024-10-25 11:00:00+00:00,GSIT,3.440000057220459,3.440000057220459,3.440000057220459,3.440000057220459,3.440000057220459,0.0
2024-10-25 11:00:00+00:00,GTLB,55.61000061035156,55.61000061035156,55.65999984741211,55.4900016784668,55.5,5006.0
2024-10-25 11:00:00+00:00,HCKT,24.854999542236328,24.854999542236328,24.8799991607666,24.854999542236328,24.8799991607666,430.0
2024-10-25 11:00:00+00:00,HCP,33.709999084472656,33.709999084472656,33.709999084472656,33.70000076293945,33.70000076293945,2443.0
2024-10-25 11:00:00+00:00,HIMX,6.204999923706055,6.204999923706055,6.204999923706055,6.204999923706055,6.204999923706055,1835.0
2024-10-25 11:00:00+00:00,HLIT,14.84000015258789,14.84000015258789,14.84000015258789,14.829999923706055,14.829999923706055,1305.0
2024-10-25 11:00:00+00:00,HOLO,3.7200000286102295,3.7200000286102295,3.7300000190734863,3.7200000286102295,3.7300000190734863,19028.0
2024-10-25 11:00:00+00:00,HOOD,27.645000457763672,27.645000457763672,27.665000915527344,27.610000610351562,27.645000457763672,26789.0
2024-10-25 11:00:00+00:00,HTCR,1.0800000429153442,1.0800000429153442,1.0800000429153442,1.0800000429153442,1.0800000429153442,0.0
2024-10-25 11:00:00+00:00,ICHR,27.8799991607666,27.8799991607666,27.8799991607666,27.8799991607666,27.8799991607666,495.0
2024-10-25 11:00:00+00:00,III,3.069999933242798,3.069999933242798,3.069999933242798,3.069999933242798,3.069999933242798,266.0
2024-10-25 11:00:00+00:00,INDI,3.5999999046325684,3.5999999046325684,3.5999999046325684,3.5950000286102295,3.5950000286102295,3469.0
2024-10-25 11:00:00+00:00,INFN,6.784999847412109,6.784999847412109,6.784999847412109,6.784999847412109,6.784999847412109,833.0
2024-10-25 11:00:00+00:00,INOD,19.84000015258789,19.84000015258789,19.878299713134766,19.84000015258789,19.878299713134766,508.0
2024-10-25 11:00:00+00:00,INTA,49.75,49.75,49.84000015258789,49.75,49.77000045776367,1472.0
2024-10-25 11:00:00+00:00,INTC,23.165000915527344,23.165000915527344,23.174999237060547,23.139999389648438,23.145000457763672,133435.0
2024-10-25 11:00:00+00:00,INTU,612.4299926757812,612.4299926757812,612.4299926757812,612.2999877929688,612.2999877929688,943.0
2024-10-25 11:00:00+00:00,KC,2.734999895095825,2.734999895095825,2.734999895095825,2.734999895095825,2.734999895095825,2057.0
2024-10-25 11:00:00+00:00,KLAC,679.0549926757812,679.0549926757812,679.0549926757812,678.6699829101562,678.6699829101562,1372.0
2024-10-25 11:00:00+00:00,KLIC,44.400001525878906,44.400001525878906,44.400001525878906,44.400001525878906,44.400001525878906,806.0
2024-10-25 11:00:00+00:00,KOSS,7.438000202178955,7.438000202178955,7.438000202178955,7.429999828338623,7.429999828338623,1188.0
2024-10-25 11:00:00+00:00,LINK,5.080999851226807,5.080999851226807,5.25,4.8094000816345215,4.824999809265137,60345.0
2024-10-25 11:00:00+00:00,LITE,64.44999694824219,64.44999694824219,64.44999694824219,64.43000030517578,64.43000030517578,741.0
2024-10-25 11:00:00+00:00,LOGI,81.27999877929688,81.27999877929688,81.27999877929688,81.27999877929688,81.27999877929688,1222.0
2024-10-25 11:00:00+00:00,LRCX,78.79750061035156,78.79750061035156,78.91000366210938,78.7300033569336,78.7300033569336,33498.0
2024-10-25 11:00:00+00:00,LSCC,54.400001525878906,54.400001525878906,54.41999816894531,54.39500045776367,54.39500045776367,3788.0
2024-10-25 11:00:00+00:00,LTRX,4.025000095367432,4.025000095367432,4.025000095367432,4.025000095367432,4.025000095367432,114.0
2024-10-25 11:00:00+00:00,LYFT,13.8100004196167,13.8100004196167,13.8149995803833,13.800000190734863,13.800000190734863,10888.0
2024-10-25 11:00:00+00:00,MANH,276.2699890136719,276.2699890136719,276.2699890136719,276.2699890136719,276.2699890136719,1138.0
2024-10-25 11:00:00+00:00,MAPS,0.8450999855995178,0.8450999855995178,0.8450999855995178,0.8450999855995178,0.8450999855995178,3000.0
2024-10-25 11:00:00+00:00,MAXN,5.71999979019165,5.71999979019165,5.71999979019165,5.71999979019165,5.71999979019165,1644.0
2024-10-25 11:00:00+00:00,MCHP,77.01499938964844,77.01499938964844,77.01499938964844,76.9800033569336,76.9800033569336,1731.0
2024-10-25 11:00:00+00:00,MDB,268.79998779296875,268.79998779296875,269.0799865722656,268.6600036621094,268.6600036621094,4112.0
2024-10-25 11:00:00+00:00,MINM,0.7818999886512756,0.7818999886512756,0.8500000238418579,0.7818999886512756,0.8500000238418579,3000.0
2024-10-25 11:00:00+00:00,MITK,8.796099662780762,8.796099662780762,8.796099662780762,8.796099662780762,8.796099662780762,359.0
2024-10-25 11:00:00+00:00,MKSI,100.58999633789062,100.58999633789062,100.61000061035156,100.58999633789062,100.58999633789062,1939.0
2024-10-25 11:00:00+00:00,MKTW,0.5839999914169312,0.5839999914169312,0.5839999914169312,0.5839999914169312,0.5839999914169312,2429.0
2024-10-25 11:00:00+00:00,MNDY,300.3699951171875,300.3699951171875,300.3699951171875,300.3699951171875,300.3699951171875,635.0
2024-10-25 11:00:00+00:00,MPWR,912.9949951171875,912.9949951171875,912.9949951171875,912.4000244140625,912.5,1215.0
2024-10-25 11:00:00+00:00,MQ,5.324999809265137,5.324999809265137,5.329999923706055,5.324999809265137,5.324999809265137,7213.0
2024-10-25 11:00:00+00:00,MRAM,6.282299995422363,6.282299995422363,6.282299995422363,6.282299995422363,6.282299995422363,683.0
2024-10-25 11:00:00+00:00,MRIN,2.140000104904175,2.140000104904175,2.140000104904175,2.140000104904175,2.140000104904175,300.0
2024-10-25 11:00:00+00:00,MRVL,82.97000122070312,82.97000122070312,83.0,82.95999908447266,82.9800033569336,5010.0
2024-10-25 11:00:00+00:00,MSFT,431.17999267578125,431.17999267578125,431.2900085449219,430.9200134277344,430.9200134277344,29096.0
2024-10-25 11:00:00+00:00,MSTR,242.6436004638672,242.6436004638672,243.2100067138672,241.8300018310547,242.0500030517578,69297.0
2024-10-25 11:00:00+00:00,MTC,0.37459999322891235,0.37459999322891235,0.37459999322891235,0.37389999628067017,0.37389999628067017,4386.0
2024-10-25 11:00:00+00:00,MTTR,4.650000095367432,4.650000095367432,4.650000095367432,4.650000095367432,4.650000095367432,3454.0
2024-10-25 11:00:00+00:00,MU,109.41000366210938,109.41000366210938,109.47250366210938,109.3550033569336,109.37000274658203,16431.0
2024-10-25 11:00:00+00:00,MVIS,1.101099967956543,1.101099967956543,1.1100000143051147,1.101099967956543,1.1100000143051147,1000.0
2024-10-25 11:00:00+00:00,MXL,15.395000457763672,15.395000457763672,15.395000457763672,15.395000457763672,15.395000457763672,775.0
2024-10-25 11:00:00+00:00,NCNO,38.189998626708984,38.189998626708984,38.20000076293945,38.185001373291016,38.20000076293945,1271.0
2024-10-25 11:00:00+00:00,NSIT,209.1999969482422,209.1999969482422,209.49000549316406,209.1999969482422,209.49000549316406,1341.0
2024-10-25 11:00:00+00:00,NTAP,120.51000213623047,120.51000213623047,120.55999755859375,120.51000213623047,120.55999755859375,2173.0
2024-10-25 11:00:00+00:00,NTCT,20.595500946044922,20.595500946044922,20.595500946044922,20.595500946044922,20.595500946044922,475.0
2024-10-25 11:00:00+00:00,NTNX,62.67499923706055,62.67499923706055,62.68000030517578,62.67499923706055,62.68000030517578,535.0
2024-10-25 11:00:00+00:00,NVDA,143.4199981689453,143.4199981689453,143.5500030517578,143.39999389648438,143.4199981689453,353694.0
2024-10-25 11:00:00+00:00,NVMI,184.26499938964844,184.26499938964844,184.26499938964844,184.26499938964844,184.26499938964844,137.0
2024-10-25 11:00:00+00:00,NVTS,2.615000009536743,2.615000009536743,2.6198999881744385,2.6050000190734863,2.609999895095825,9877.0
2024-10-25 11:00:00+00:00,NXPI,244.61000061035156,244.61000061035156,244.6300048828125,244.42999267578125,244.42999267578125,1139.0
2024-10-25 11:00:00+00:00,NYAX,26.670000076293945,26.670000076293945,26.670000076293945,26.65999984741211,26.65999984741211,0.0
2024-10-25 11:00:00+00:00,ON,71.54000091552734,71.54000091552734,71.70999908447266,71.54000091552734,71.6500015258789,47030.0
2024-10-25 11:00:00+00:00,ONDS,0.892300009727478,0.892300009727478,0.892300009727478,0.892300009727478,0.892300009727478,200.0
2024-10-25 11:00:00+00:00,OSIS,135.35000610351562,135.35000610351562,135.35000610351562,135.35000610351562,135.35000610351562,216.0
2024-10-25 11:00:00+00:00,OSPN,14.699999809265137,14.699999809265137,14.699999809265137,14.699999809265137,14.699999809265137,455.0
2024-10-25 11:00:00+00:00,OTEX,33.540000915527344,33.540000915527344,33.540000915527344,33.540000915527344,33.540000915527344,445.0
2024-10-25 11:00:00+00:00,PANW,371.885009765625,371.885009765625,371.885009765625,371.4100036621094,371.4100036621094,3221.0
2024-10-25 11:00:00+00:00,PAYO,8.324999809265137,8.324999809265137,8.329999923706055,8.319999694824219,8.319999694824219,3888.0
2024-10-25 11:00:00+00:00,PEGA,81.2300033569336,81.2300033569336,81.23999786376953,81.12000274658203,81.12000274658203,1981.0
2024-10-25 11:00:00+00:00,PGY,11.90999984741211,11.90999984741211,11.920000076293945,11.859999656677246,11.859999656677246,5970.0
2024-10-25 11:00:00+00:00,PHUN,9.739999771118164,9.739999771118164,9.739999771118164,9.691800117492676,9.699999809265137,23376.0
2024-10-25 11:00:00+00:00,PI,204.43499755859375,204.43499755859375,205.0,204.43499755859375,204.9550018310547,1347.0
2024-10-25 11:00:00+00:00,PLAB,23.600000381469727,23.600000381469727,23.600000381469727,23.600000381469727,23.600000381469727,200.0
2024-10-25 11:00:00+00:00,PLXS,143.11500549316406,143.11500549316406,143.11500549316406,143.0072021484375,143.0072021484375,843.0
2024-10-25 11:00:00+00:00,POWI,63.400001525878906,63.400001525878906,63.45000076293945,63.400001525878906,63.45000076293945,1635.0
2024-10-25 11:00:00+00:00,PTC,186.55999755859375,186.55999755859375,186.55999755859375,186.55999755859375,186.55999755859375,2932.0
2024-10-25 11:00:00+00:00,PYCR,14.414999961853027,14.414999961853027,14.414999961853027,14.399999618530273,14.399999618530273,366.0
2024-10-25 11:00:00+00:00,QCOM,172.48599243164062,172.48599243164062,172.58999633789062,172.40499877929688,172.4199981689453,15027.0
2024-10-25 11:00:00+00:00,QRVO,100.08999633789062,100.08999633789062,100.12000274658203,100.04499816894531,100.04499816894531,1705.0
2024-10-25 11:00:00+00:00,QUBT,1.1100000143051147,1.1100000143051147,1.125,1.1100000143051147,1.1200000047683716,13912.0
2024-10-25 11:00:00+00:00,RCAT,2.744999885559082,2.744999885559082,2.744999885559082,2.744999885559082,2.744999885559082,206.0
2024-10-25 11:00:00+00:00,REKR,1.100000023841858,1.100000023841858,1.1050000190734863,1.100000023841858,1.1050000190734863,6975.0
2024-10-25 11:00:00+00:00,RELY,14.729999542236328,14.729999542236328,14.729999542236328,14.720999717712402,14.720999717712402,637.0
2024-10-25 11:00:00+00:00,RGTI,1.3001999855041504,1.3001999855041504,1.3079999685287476,1.2999999523162842,1.2999999523162842,52896.0
2024-10-25 11:00:00+00:00,RIOT,10.160599708557129,10.160599708557129,10.180000305175781,10.13010025024414,10.135000228881836,56338.0
2024-10-25 11:00:00+00:00,RMBS,43.060001373291016,43.060001373291016,43.08000183105469,43.029998779296875,43.029998779296875,713.0
2024-10-25 11:00:00+00:00,RPAY,7.65500020980835,7.65500020980835,7.65500020980835,7.65500020980835,7.65500020980835,868.0
2024-10-25 11:00:00+00:00,RUM,5.7972002029418945,5.7972002029418945,5.815000057220459,5.795000076293945,5.814000129699707,17038.0
2024-10-25 11:00:00+00:00,RUN,14.479999542236328,14.479999542236328,14.489999771118164,14.444999694824219,14.454999923706055,16804.0
2024-10-25 11:00:00+00:00,SATS,25.309999465942383,25.309999465942383,25.309999465942383,25.295000076293945,25.295000076293945,401.0
2024-10-25 11:00:00+00:00,SEDG,15.850000381469727,15.850000381469727,15.859999656677246,15.800000190734863,15.800000190734863,9235.0
2024-10-25 11:00:00+00:00,SHLS,5.231599807739258,5.231599807739258,5.239999771118164,5.21999979019165,5.21999979019165,4174.0
2024-10-25 11:00:00+00:00,SITM,183.73500061035156,183.73500061035156,183.73500061035156,183.73500061035156,183.73500061035156,264.0
2024-10-25 11:00:00+00:00,SLNHP,13.210000038146973,13.210000038146973,13.210000038146973,12.920000076293945,12.920000076293945,9103.0
2024-10-25 11:00:00+00:00,SMCI,48.0359992980957,48.0359992980957,48.169898986816406,48.0,48.154998779296875,121221.0
2024-10-25 11:00:00+00:00,SMTC,45.86000061035156,45.86000061035156,45.90999984741211,45.810001373291016,45.810001373291016,2004.0
2024-10-25 11:00:00+00:00,SONO,12.899999618530273,12.899999618530273,12.899999618530273,12.895000457763672,12.895000457763672,871.0
2024-10-25 11:00:00+00:00,SOUN,5.299799919128418,5.299799919128418,5.299900054931641,5.284999847412109,5.284999847412109,11070.0
2024-10-25 11:00:00+00:00,SPSC,177.80999755859375,177.80999755859375,177.80999755859375,177.80999755859375,177.80999755859375,816.0
2024-10-25 11:00:00+00:00,SRAD,12.399999618530273,12.399999618530273,12.399999618530273,12.399999618530273,12.399999618530273,794.0
2024-10-25 11:00:00+00:00,SSNC,69.3949966430664,69.3949966430664,69.48999786376953,69.3949966430664,69.48999786376953,5324.0
2024-10-25 11:00:00+00:00,SSYS,7.150000095367432,7.150000095367432,7.150000095367432,7.150000095367432,7.150000095367432,329.0
2024-10-25 11:00:00+00:00,STNE,11.569999694824219,11.569999694824219,11.569999694824219,11.555000305175781,11.5600004196167,62505.0
2024-10-25 11:00:00+00:00,STX,104.94999694824219,104.94999694824219,105.02999877929688,104.94999694824219,105.0,2467.0
2024-10-25 11:00:00+00:00,SURG,1.774999976158142,1.774999976158142,1.774999976158142,1.774999976158142,1.774999976158142,58.0
2024-10-25 11:00:00+00:00,SVRE,0.08259999752044678,0.08259999752044678,0.08259999752044678,0.08259999752044678,0.08259999752044678,3015.0
2024-10-25 11:00:00+00:00,SWKS,96.12000274658203,96.12000274658203,96.12000274658203,96.12000274658203,96.12000274658203,765.0
2024-10-25 11:00:00+00:00,SWVL,3.2850000858306885,3.2850000858306885,3.2850000858306885,3.2850000858306885,3.2850000858306885,292.0
2024-10-25 11:00:00+00:00,SYNA,73.33999633789062,73.33999633789062,73.33999633789062,73.2334976196289,73.2334976196289,964.0
2024-10-25 11:00:00+00:00,SYTA,1.2599999904632568,1.2599999904632568,1.2599999904632568,1.2575000524520874,1.2575000524520874,1929.0
2024-10-25 11:00:00+00:00,TAOP,0.45899999141693115,0.45899999141693115,0.45899999141693115,0.45899999141693115,0.45899999141693115,652.0
2024-10-25 11:00:00+00:00,TENB,41.54999923706055,41.54999923706055,41.58000183105469,41.54999923706055,41.58000183105469,357.0
2024-10-25 11:00:00+00:00,TER,112.80000305175781,112.80000305175781,112.83000183105469,112.76000213623047,112.83000183105469,5966.0
2024-10-25 11:00:00+00:00,TLS,3.634999990463257,3.634999990463257,3.634999990463257,3.634999990463257,3.634999990463257,172.0
2024-10-25 11:00:00+00:00,TRMB,61.189998626708984,61.189998626708984,61.19499969482422,61.16999816894531,61.16999816894531,1644.0
2024-10-25 11:00:00+00:00,TSEM,44.89500045776367,44.89500045776367,44.89500045776367,44.89500045776367,44.89500045776367,306.0
2024-10-25 11:00:00+00:00,TTD,120.6500015258789,120.6500015258789,120.6500015258789,120.6500015258789,120.6500015258789,335.0
2024-10-25 11:00:00+00:00,TTMI,19.610000610351562,19.610000610351562,19.610000610351562,19.610000610351562,19.610000610351562,323.0
2024-10-25 11:00:00+00:00,TWKS,4.449999809265137,4.449999809265137,4.454999923706055,4.449999809265137,4.449999809265137,10739.0
2024-10-25 11:00:00+00:00,TXN,209.1649932861328,209.1649932861328,209.2100067138672,209.0500030517578,209.16000366210938,2259.0
2024-10-25 11:00:00+00:00,UCTT,35.94499969482422,35.94499969482422,35.94499969482422,35.93000030517578,35.93000030517578,558.0
2024-10-25 11:00:00+00:00,VECO,29.4950008392334,29.4950008392334,29.5,29.485000610351562,29.5,2526.0
2024-10-25 11:00:00+00:00,VIAV,9.210000038146973,9.210000038146973,9.210000038146973,9.210000038146973,9.210000038146973,355.0
2024-10-25 11:00:00+00:00,VMEO,4.78000020980835,4.78000020980835,4.78000020980835,4.78000020980835,4.78000020980835,106.0
2024-10-25 11:00:00+00:00,VNET,3.440000057220459,3.440000057220459,3.440000057220459,3.440000057220459,3.440000057220459,118.0
2024-10-25 11:00:00+00:00,VRNS,56.994998931884766,56.994998931884766,56.994998931884766,56.9900016784668,56.9900016784668,220.0
2024-10-25 11:00:00+00:00,VRSN,185.97000122070312,185.97000122070312,186.05999755859375,185.74000549316406,185.74000549316406,8363.0
2024-10-25 11:00:00+00:00,VS,2.6010000705718994,2.6010000705718994,2.6010000705718994,2.6010000705718994,2.6010000705718994,340.0
2024-10-25 11:00:00+00:00,VSAT,10.305000305175781,10.305000305175781,10.305000305175781,10.305000305175781,10.305000305175781,1078.0
2024-10-25 11:00:00+00:00,VUZI,1.315000057220459,1.315000057220459,1.315000057220459,1.315000057220459,1.315000057220459,783.0
2024-10-25 11:00:00+00:00,VVPR,0.800000011920929,0.800000011920929,0.800000011920929,0.800000011920929,0.800000011920929,796.0
2024-10-25 11:00:00+00:00,WDAY,241.09800720214844,241.09800720214844,241.1300048828125,240.9949951171875,241.0998992919922,5006.0
2024-10-25 11:00:00+00:00,WDC,72.70999908447266,72.70999908447266,72.86859893798828,72.6050033569336,72.6050033569336,42872.0
2024-10-25 11:00:00+00:00,WFCF,11.292699813842773,11.292699813842773,11.292699813842773,11.292699813842773,11.292699813842773,338.0
2024-10-25 11:00:00+00:00,WISA,1.840000033378601,1.840000033378601,1.8420000076293945,1.8200000524520874,1.8300000429153442,8815.0
2024-10-25 11:00:00+00:00,WRAP,1.8600000143051147,1.8600000143051147,1.8600000143051147,1.8600000143051147,1.8600000143051147,1092.0
2024-10-25 11:00:00+00:00,XELA,1.9815000295639038,1.9815000295639038,1.9815000295639038,1.9815000295639038,1.9815000295639038,400.0
2024-10-25 11:00:00+00:00,XRX,10.194999694824219,10.194999694824219,10.194999694824219,10.194999694824219,10.194999694824219,2333.0
2024-10-25 11:00:00+00:00,ZI,10.595000267028809,10.595000267028809,10.595000267028809,10.595000267028809,10.595000267028809,1490.0
2024-10-25 11:00:00+00:00,ZM,73.33000183105469,73.33000183105469,73.33999633789062,73.30999755859375,73.31120300292969,2740.0
2024-10-25 11:00:00+00:00,ZS,187.7899932861328,187.7899932861328,187.7899932861328,187.6649932861328,187.6649932861328,1016.0
2024-10-25 11:01:00+00:00,AAOI,18.389999389648438,18.389999389648438,18.399999618530273,18.3799991607666,18.389999389648438,3887.0
2024-10-25 11:01:00+00:00,AAPL,233.10009765625,233.10009765625,233.13900756835938,232.97000122070312,232.97000122070312,79031.0
2024-10-25 11:01:00+00:00,ACIW,49.20500183105469,49.20500183105469,49.20500183105469,49.20500183105469,49.20500183105469,139.0
2024-10-25 11:01:00+00:00,ACLS,90.75,90.75,90.75499725341797,90.75,90.75,765.0
2024-10-25 11:01:00+00:00,ACMR,19.809999465942383,19.809999465942383,19.809999465942383,19.790000915527344,19.790000915527344,1860.0
2024-10-25 11:01:00+00:00,ADBE,485.9599914550781,485.9599914550781,485.9599914550781,485.5893859863281,485.6050109863281,5037.0
2024-10-25 11:01:00+00:00,ADI,233.46499633789062,233.46499633789062,233.46499633789062,233.45559692382812,233.45559692382812,1948.0
2024-10-25 11:01:00+00:00,AEHR,16.665000915527344,16.665000915527344,16.673999786376953,16.665000915527344,16.673999786376953,758.0
2024-10-25 11:01:00+00:00,AFRM,42.119998931884766,42.119998931884766,42.119998931884766,42.03010177612305,42.060001373291016,10391.0
2024-10-25 11:01:00+00:00,AKAM,103.22000122070312,103.22000122070312,103.22000122070312,103.22000122070312,103.22000122070312,318.0
2024-10-25 11:01:00+00:00,AKTS,0.05770000070333481,0.05770000070333481,0.05770000070333481,0.05770000070333481,0.05770000070333481,186.0
2024-10-25 11:01:00+00:00,ALGM,22.540000915527344,22.540000915527344,22.584999084472656,22.540000915527344,22.579999923706055,6343.0
2024-10-25 11:01:00+00:00,ALKT,38.33000183105469,38.33000183105469,38.33000183105469,38.33000183105469,38.33000183105469,137.0
2024-10-25 11:01:00+00:00,ALRM,54.8650016784668,54.8650016784668,54.8650016784668,54.8650016784668,54.8650016784668,142.0
2024-10-25 11:01:00+00:00,AMAT,187.94000244140625,187.94000244140625,188.03500366210938,187.91000366210938,187.99000549316406,4827.0
2024-10-25 11:01:00+00:00,AMD,157.4600067138672,157.4600067138672,157.57000732421875,157.3800048828125,157.50369262695312,43316.0
2024-10-25 11:01:00+00:00,AMPL,9.270000457763672,9.270000457763672,9.270000457763672,9.270000457763672,9.270000457763672,248.0
2024-10-25 11:01:00+00:00,API,2.8299999237060547,2.8299999237060547,2.8299999237060547,2.8299999237060547,2.8299999237060547,512.0
2024-10-25 11:01:00+00:00,APP,163.6999969482422,163.6999969482422,163.7100067138672,163.54510498046875,163.63499450683594,3052.0
2024-10-25 11:01:00+00:00,APPF,215.8300018310547,215.8300018310547,215.8300018310547,215.8300018310547,215.8300018310547,2764.0
2024-10-25 11:01:00+00:00,APPN,32.279998779296875,32.279998779296875,32.310001373291016,32.279998779296875,32.310001373291016,632.0
2024-10-25 11:01:00+00:00,APPS,3.125,3.125,3.125,3.119999885559082,3.119999885559082,1021.0
2024-10-25 11:01:00+00:00,ARQQ,7.400000095367432,7.400000095367432,7.400000095367432,7.400000095367432,7.400000095367432,1018.0
2024-10-25 11:01:00+00:00,ARRY,6.446000099182129,6.446000099182129,6.446000099182129,6.4039998054504395,6.409900188446045,26985.0
2024-10-25 11:01:00+00:00,ASML,718.8900146484375,718.8900146484375,719.0588989257812,718.7550048828125,719.0588989257812,6279.0
2024-10-25 11:01:00+00:00,AUR,6.480000019073486,6.480000019073486,6.480000019073486,6.474999904632568,6.480000019073486,11450.0
2024-10-25 11:01:00+00:00,AVGO,175.97500610351562,175.97500610351562,175.97500610351562,175.8596954345703,175.9600067138672,25260.0
2024-10-25 11:01:00+00:00,AVT,54.5,54.5,54.5,54.45000076293945,54.45000076293945,1116.0
2024-10-25 11:01:00+00:00,BMBL,7.295000076293945,7.295000076293945,7.295000076293945,7.295000076293945,7.295000076293945,2197.0
2024-10-25 11:01:00+00:00,BOXL,0.4781000018119812,0.4781000018119812,0.4781000018119812,0.4781000018119812,0.4781000018119812,265.0
2024-10-25 11:01:00+00:00,BRZE,30.950000762939453,30.950000762939453,30.969999313354492,30.93000030517578,30.969999313354492,1748.0
2024-10-25 11:01:00+00:00,BSY,49.41999816894531,49.41999816894531,49.41999816894531,49.41999816894531,49.41999816894531,302.0
2024-10-25 11:01:00+00:00,CAMT,78.77999877929688,78.77999877929688,78.77999877929688,78.77999877929688,78.77999877929688,699.0
2024-10-25 11:01:00+00:00,CAN,0.9988999962806702,0.9988999962806702,0.9994999766349792,0.9986000061035156,0.9987000226974487,8532.0
2024-10-25 11:01:00+00:00,CCSI,20.600000381469727,20.600000381469727,20.614999771118164,20.530000686645508,20.614999771118164,1483.0
2024-10-25 11:01:00+00:00,CDNS,258.80999755859375,258.80999755859375,258.989990234375,258.80999755859375,258.989990234375,2277.0
2024-10-25 11:01:00+00:00,CDW,218.9199981689453,218.9199981689453,218.9199981689453,218.9199981689453,218.9199981689453,1186.0
2024-10-25 11:01:00+00:00,CFLT,22.739999771118164,22.739999771118164,22.7450008392334,22.719999313354492,22.719999313354492,3020.0
2024-10-25 11:01:00+00:00,CGNX,39.119998931884766,39.119998931884766,39.13999938964844,39.119998931884766,39.125,3486.0
2024-10-25 11:01:00+00:00,CHKP,207.67999267578125,207.67999267578125,207.67999267578125,207.67999267578125,207.67999267578125,348.0
2024-10-25 11:01:00+00:00,CLBT,18.209999084472656,18.209999084472656,18.209999084472656,18.209999084472656,18.209999084472656,560.0
2024-10-25 11:01:00+00:00,CLFD,36.599998474121094,36.599998474121094,36.599998474121094,36.599998474121094,36.599998474121094,1047.0
2024-10-25 11:01:00+00:00,CLSK,12.069999694824219,12.069999694824219,12.069999694824219,12.039999961853027,12.045000076293945,32475.0
2024-10-25 11:01:00+00:00,CNDT,3.694999933242798,3.694999933242798,3.7049999237060547,3.684999942779541,3.684999942779541,24086.0
2024-10-25 11:01:00+00:00,COIN,212.47000122070312,212.47000122070312,212.47000122070312,212.01010131835938,212.05999755859375,17075.0
2024-10-25 11:01:00+00:00,COMM,6.414999961853027,6.414999961853027,6.425000190734863,6.414999961853027,6.414999961853027,3247.0
2024-10-25 11:01:00+00:00,CORZ,13.46500015258789,13.46500015258789,13.46500015258789,13.46399974822998,13.46399974822998,3244.0
2024-10-25 11:01:00+00:00,CRCT,6.559999942779541,6.559999942779541,6.559999942779541,6.550000190734863,6.550000190734863,606.0
2024-10-25 11:01:00+00:00,CRDO,39.435001373291016,39.435001373291016,39.435001373291016,39.349998474121094,39.369998931884766,2006.0
2024-10-25 11:01:00+00:00,CRNC,2.9149999618530273,2.9149999618530273,2.9200000762939453,2.9149999618530273,2.9200000762939453,2680.0
2024-10-25 11:01:00+00:00,CRNT,2.4600000381469727,2.4600000381469727,2.4600000381469727,2.4600000381469727,2.4600000381469727,151.0
2024-10-25 11:01:00+00:00,CRUS,122.75,122.75,122.75,122.75,122.75,498.0
2024-10-25 11:01:00+00:00,CRWD,310.95001220703125,310.95001220703125,311.0177917480469,310.68701171875,310.80938720703125,18869.0
2024-10-25 11:01:00+00:00,CSCO,56.165000915527344,56.165000915527344,56.17499923706055,56.150001525878906,56.17499923706055,13841.0
2024-10-25 11:01:00+00:00,CSIQ,13.640000343322754,13.640000343322754,13.640000343322754,13.600000381469727,13.600000381469727,7239.0
2024-10-25 11:01:00+00:00,CTLP,9.039999961853027,9.039999961853027,9.054699897766113,9.039999961853027,9.050000190734863,1444.0
2024-10-25 11:01:00+00:00,CTSH,74.93000030517578,74.93000030517578,74.93000030517578,74.91999816894531,74.91999816894531,1082.0
2024-10-25 11:01:00+00:00,CYBR,295.6499938964844,295.6499938964844,295.6499938964844,295.6499938964844,295.6499938964844,217.0
2024-10-25 11:01:00+00:00,CYN,3.569999933242798,3.569999933242798,3.569999933242798,3.569999933242798,3.569999933242798,174.0
2024-10-25 11:01:00+00:00,DAKT,13.219900131225586,13.219900131225586,13.220000267028809,13.219900131225586,13.220000267028809,2158.0
2024-10-25 11:01:00+00:00,DATS,1.5786000490188599,1.5786000490188599,1.5786000490188599,1.5786000490188599,1.5786000490188599,0.0
2024-10-25 11:01:00+00:00,DBX,26.165000915527344,26.165000915527344,26.165000915527344,26.165000915527344,26.165000915527344,2095.0
2024-10-25 11:01:00+00:00,DCBO,46.119998931884766,46.119998931884766,46.119998931884766,46.119998931884766,46.119998931884766,1450.0
2024-10-25 11:01:00+00:00,DDOG,126.97000122070312,126.97000122070312,127.0999984741211,126.97000122070312,127.0999984741211,3139.0
2024-10-25 11:01:00+00:00,DOCU,70.63999938964844,70.63999938964844,70.68000030517578,70.63999938964844,70.68000030517578,913.0
2024-10-25 11:01:00+00:00,DSGX,104.84500122070312,104.84500122070312,104.84500122070312,104.84500122070312,104.84500122070312,102.0
2024-10-25 11:01:00+00:00,DUOL,289.7799987792969,289.7799987792969,289.7799987792969,289.7799987792969,289.7799987792969,450.0
2024-10-25 11:01:00+00:00,EEFT,101.83999633789062,101.83999633789062,101.86000061035156,101.83999633789062,101.86000061035156,2853.0
2024-10-25 11:01:00+00:00,ENPH,82.5,82.5,82.5199966430664,82.33999633789062,82.3499984741211,15403.0
2024-10-25 11:01:00+00:00,ERIC,8.524999618530273,8.524999618530273,8.524999618530273,8.524999618530273,8.524999618530273,1853.0
2024-10-25 11:01:00+00:00,FFIV,216.50999450683594,216.50999450683594,216.50999450683594,216.50999450683594,216.50999450683594,550.0
2024-10-25 11:01:00+00:00,FIVN,30.684999465942383,30.684999465942383,30.690000534057617,30.684999465942383,30.690000534057617,2114.0
2024-10-25 11:01:00+00:00,FLEX,35.505001068115234,35.505001068115234,35.5099983215332,35.505001068115234,35.505001068115234,1528.0
2024-10-25 11:01:00+00:00,FLYW,17.558300018310547,17.558300018310547,17.558300018310547,17.558300018310547,17.558300018310547,1108.0
2024-10-25 11:01:00+00:00,FRSH,11.720000267028809,11.720000267028809,11.725000381469727,11.704999923706055,11.704999923706055,6995.0
2024-10-25 11:01:00+00:00,FSLR,199.61219787597656,199.61219787597656,199.64999389648438,199.25759887695312,199.32000732421875,2239.0
2024-10-25 11:01:00+00:00,FTCI,0.6945000290870667,0.6945000290870667,0.6945000290870667,0.6945000290870667,0.6945000290870667,1000.0
2024-10-25 11:01:00+00:00,FTNT,81.70999908447266,81.70999908447266,81.73999786376953,81.69000244140625,81.73999786376953,3961.0
2024-10-25 11:01:00+00:00,GCT,25.654800415039062,25.654800415039062,25.6825008392334,25.645000457763672,25.645000457763672,1841.0
2024-10-25 11:01:00+00:00,GDS,21.560199737548828,21.560199737548828,21.560199737548828,21.560199737548828,21.560199737548828,351.0
2024-10-25 11:01:00+00:00,GDYN,15.640000343322754,15.640000343322754,15.640000343322754,15.640000343322754,15.640000343322754,369.0
2024-10-25 11:01:00+00:00,GFS,41.290000915527344,41.290000915527344,41.290000915527344,41.2400016784668,41.290000915527344,3480.0
2024-10-25 11:01:00+00:00,GPRO,1.340000033378601,1.340000033378601,1.340000033378601,1.340000033378601,1.340000033378601,197.0
2024-10-25 11:01:00+00:00,GRAB,4.085000038146973,4.085000038146973,4.0879998207092285,4.082499980926514,4.0879998207092285,21877.0
2024-10-25 11:01:00+00:00,GSIT,3.4000000953674316,3.4000000953674316,3.4000000953674316,3.4000000953674316,3.4000000953674316,602.0
2024-10-25 11:01:00+00:00,GTLB,55.76499938964844,55.76499938964844,55.810001373291016,55.65999984741211,55.65999984741211,5003.0
2024-10-25 11:01:00+00:00,HCKT,24.850000381469727,24.850000381469727,24.850000381469727,24.850000381469727,24.850000381469727,286.0
2024-10-25 11:01:00+00:00,HCP,33.70500183105469,33.70500183105469,33.70500183105469,33.70500183105469,33.70500183105469,208.0
2024-10-25 11:01:00+00:00,HEAR,16.639999389648438,16.639999389648438,16.639999389648438,16.639999389648438,16.639999389648438,678.0
2024-10-25 11:01:00+00:00,HIMX,6.199999809265137,6.199999809265137,6.199999809265137,6.199999809265137,6.199999809265137,221.0
2024-10-25 11:01:00+00:00,HLIT,14.850000381469727,14.850000381469727,14.850000381469727,14.84000015258789,14.850000381469727,1006.0
2024-10-25 11:01:00+00:00,HOLO,3.7200000286102295,3.7200000286102295,3.7200000286102295,3.7200000286102295,3.7200000286102295,2918.0
2024-10-25 11:01:00+00:00,HOOD,27.594999313354492,27.594999313354492,27.645000457763672,27.594999313354492,27.645000457763672,51348.0
2024-10-25 11:01:00+00:00,IMXI,17.780000686645508,17.780000686645508,17.780000686645508,17.780000686645508,17.780000686645508,903.0
2024-10-25 11:01:00+00:00,INDI,3.5999999046325684,3.5999999046325684,3.5999999046325684,3.5950000286102295,3.5999999046325684,1417.0
2024-10-25 11:01:00+00:00,INFN,6.795000076293945,6.795000076293945,6.795000076293945,6.784999847412109,6.784999847412109,9591.0
2024-10-25 11:01:00+00:00,INOD,19.89430046081543,19.89430046081543,19.89430046081543,19.859800338745117,19.860000610351562,630.0
2024-10-25 11:01:00+00:00,INTC,23.15999984741211,23.15999984741211,23.18000030517578,23.149999618530273,23.169200897216797,173384.0
2024-10-25 11:01:00+00:00,INTU,612.3599853515625,612.3599853515625,612.7650146484375,612.2999877929688,612.7650146484375,2204.0
2024-10-25 11:01:00+00:00,IPGP,77.2699966430664,77.2699966430664,77.2699966430664,77.2699966430664,77.2699966430664,236.0
2024-10-25 11:01:00+00:00,ITI,7.199999809265137,7.199999809265137,7.199999809265137,7.195000171661377,7.195000171661377,676.0
2024-10-25 11:01:00+00:00,ITRI,103.28340148925781,103.28340148925781,103.28340148925781,103.28340148925781,103.28340148925781,358.0
2024-10-25 11:01:00+00:00,JKHY,184.42999267578125,184.42999267578125,184.47999572753906,184.42999267578125,184.47999572753906,1360.0
2024-10-25 11:01:00+00:00,KC,2.734999895095825,2.734999895095825,2.734999895095825,2.734999895095825,2.734999895095825,1273.0
2024-10-25 11:01:00+00:00,KLAC,678.614990234375,678.614990234375,678.614990234375,678.614990234375,678.614990234375,318.0
2024-10-25 11:01:00+00:00,KOSS,7.429999828338623,7.429999828338623,7.429999828338623,7.429999828338623,7.429999828338623,971.0
2024-10-25 11:01:00+00:00,LINK,5.289999961853027,5.289999961853027,5.440000057220459,4.900000095367432,5.099999904632568,64687.0
2024-10-25 11:01:00+00:00,LITE,64.4800033569336,64.4800033569336,64.4800033569336,64.4800033569336,64.4800033569336,1178.0
2024-10-25 11:01:00+00:00,LPSN,1.2000000476837158,1.2000000476837158,1.2000000476837158,1.2000000476837158,1.2000000476837158,3754.0
2024-10-25 11:01:00+00:00,LRCX,78.76000213623047,78.76000213623047,78.8125991821289,78.7345962524414,78.78500366210938,15134.0
2024-10-25 11:01:00+00:00,LSCC,54.4900016784668,54.4900016784668,54.5,54.38999938964844,54.39500045776367,6956.0
2024-10-25 11:01:00+00:00,LYFT,13.803500175476074,13.803500175476074,13.805000305175781,13.803500175476074,13.805000305175781,3711.0
2024-10-25 11:01:00+00:00,MAPS,0.8450999855995178,0.8450999855995178,0.8450999855995178,0.8450999855995178,0.8450999855995178,461.0
2024-10-25 11:01:00+00:00,MAXN,5.724299907684326,5.724299907684326,5.724299907684326,5.724299907684326,5.724299907684326,2727.0
2024-10-25 11:01:00+00:00,MCHP,77.05000305175781,77.05000305175781,77.05000305175781,77.02999877929688,77.04000091552734,1842.0
2024-10-25 11:01:00+00:00,MDB,268.989990234375,268.989990234375,268.989990234375,268.94500732421875,268.94500732421875,1444.0
2024-10-25 11:01:00+00:00,MINM,0.699999988079071,0.699999988079071,0.699999988079071,0.699999988079071,0.699999988079071,1000.0
2024-10-25 11:01:00+00:00,MITK,8.800000190734863,8.800000190734863,8.800000190734863,8.800000190734863,8.800000190734863,200.0
2024-10-25 11:01:00+00:00,MKSI,100.62000274658203,100.62000274658203,100.62000274658203,100.58000183105469,100.5999984741211,2056.0
2024-10-25 11:01:00+00:00,MNDY,300.2300109863281,300.2300109863281,300.2300109863281,300.2300109863281,300.2300109863281,351.0
2024-10-25 11:01:00+00:00,MQ,5.329999923706055,5.329999923706055,5.329999923706055,5.329999923706055,5.329999923706055,612.0
2024-10-25 11:01:00+00:00,MRVL,82.94999694824219,82.94999694824219,82.97000122070312,82.90499877929688,82.94999694824219,4193.0
2024-10-25 11:01:00+00:00,MSFT,431.30999755859375,431.30999755859375,431.30999755859375,431.1400146484375,431.1400146484375,22279.0
2024-10-25 11:01:00+00:00,MSTR,243.75999450683594,243.75999450683594,243.75999450683594,242.4499969482422,242.56210327148438,72523.0
2024-10-25 11:01:00+00:00,MU,109.44000244140625,109.44000244140625,109.44000244140625,109.3499984741211,109.41919708251953,12880.0
2024-10-25 11:01:00+00:00,MVIS,1.1050000190734863,1.1050000190734863,1.1100000143051147,1.1050000190734863,1.1050000190734863,122.0
2024-10-25 11:01:00+00:00,MXL,15.380000114440918,15.380000114440918,15.399999618530273,15.380000114440918,15.395000457763672,2479.0
2024-10-25 11:01:00+00:00,NCNO,38.189998626708984,38.189998626708984,38.189998626708984,38.189998626708984,38.189998626708984,111.0
2024-10-25 11:01:00+00:00,NNDM,2.3499999046325684,2.3499999046325684,2.3550000190734863,2.3499999046325684,2.3499999046325684,4219.0
2024-10-25 11:01:00+00:00,NTAP,120.47000122070312,120.47000122070312,120.47000122070312,120.47000122070312,120.47000122070312,169.0
2024-10-25 11:01:00+00:00,NTNX,62.650001525878906,62.650001525878906,62.650001525878906,62.63999938964844,62.63999938964844,382.0
2024-10-25 11:01:00+00:00,NVDA,143.46800231933594,143.46800231933594,143.4774932861328,143.32000732421875,143.41319274902344,263758.0
2024-10-25 11:01:00+00:00,NVEI,33.54499816894531,33.54499816894531,33.54499816894531,33.54499816894531,33.54499816894531,366.0
2024-10-25 11:01:00+00:00,NXPI,244.625,244.625,244.625,244.61500549316406,244.61500549316406,1333.0
2024-10-25 11:01:00+00:00,OKTA,72.87000274658203,72.87000274658203,72.87419891357422,72.87000274658203,72.87419891357422,1509.0
2024-10-25 11:01:00+00:00,ON,71.69000244140625,71.69000244140625,71.69000244140625,71.55000305175781,71.55999755859375,7383.0
2024-10-25 11:01:00+00:00,OSIS,135.47500610351562,135.47500610351562,135.5500030517578,135.4600067138672,135.4600067138672,2917.0
2024-10-25 11:01:00+00:00,OSPN,14.710000038146973,14.710000038146973,14.710000038146973,14.710000038146973,14.710000038146973,274.0
2024-10-25 11:01:00+00:00,OTEX,33.54999923706055,33.54999923706055,33.54999923706055,33.540000915527344,33.540000915527344,1940.0
2024-10-25 11:01:00+00:00,PANW,371.6960144042969,371.6960144042969,371.6960144042969,371.5617980957031,371.5617980957031,943.0
2024-10-25 11:01:00+00:00,PAYO,8.324999809265137,8.324999809265137,8.324999809265137,8.319999694824219,8.319999694824219,1580.0
2024-10-25 11:01:00+00:00,PEGA,81.13999938964844,81.13999938964844,81.26000213623047,81.13999938964844,81.26000213623047,4371.0
2024-10-25 11:01:00+00:00,PEGY,4.605000019073486,4.605000019073486,4.605000019073486,4.570000171661377,4.570000171661377,1719.0
2024-10-25 11:01:00+00:00,PGY,11.90999984741211,11.90999984741211,11.90999984741211,11.885000228881836,11.90999984741211,2028.0
2024-10-25 11:01:00+00:00,PHUN,9.729000091552734,9.729000091552734,9.760000228881836,9.720000267028809,9.73009967803955,29785.0
2024-10-25 11:01:00+00:00,PI,204.5,204.5,204.9199981689453,204.27999877929688,204.9199981689453,13252.0
2024-10-25 11:01:00+00:00,PLAB,23.6200008392334,23.6200008392334,23.6200008392334,23.6200008392334,23.6200008392334,1061.0
2024-10-25 11:01:00+00:00,POWI,63.3650016784668,63.3650016784668,63.3650016784668,63.3650016784668,63.3650016784668,864.0
2024-10-25 11:01:00+00:00,PRCH,1.3459999561309814,1.3459999561309814,1.3459999561309814,1.3459999561309814,1.3459999561309814,201.0
2024-10-25 11:01:00+00:00,PUBM,15.109999656677246,15.109999656677246,15.109999656677246,15.109999656677246,15.109999656677246,507.0
2024-10-25 11:01:00+00:00,PYCR,14.430000305175781,14.430000305175781,14.430000305175781,14.430000305175781,14.430000305175781,548.0
2024-10-25 11:01:00+00:00,QCOM,172.63999938964844,172.63999938964844,172.63999938964844,172.49000549316406,172.49000549316406,4542.0
2024-10-25 11:01:00+00:00,QLYS,121.30999755859375,121.30999755859375,121.30999755859375,121.19000244140625,121.19000244140625,644.0
2024-10-25 11:01:00+00:00,QRVO,100.16999816894531,100.16999816894531,100.20989990234375,100.11000061035156,100.11000061035156,3762.0
2024-10-25 11:01:00+00:00,QUBT,1.1150000095367432,1.1150000095367432,1.1150000095367432,1.1150000095367432,1.1150000095367432,1028.0
2024-10-25 11:01:00+00:00,REKR,1.1019999980926514,1.1019999980926514,1.1019999980926514,1.1019999980926514,1.1019999980926514,385.0
2024-10-25 11:01:00+00:00,RELY,14.729999542236328,14.729999542236328,14.729999542236328,14.729999542236328,14.729999542236328,541.0
2024-10-25 11:01:00+00:00,RGTI,1.2999000549316406,1.2999000549316406,1.2999999523162842,1.298699975013733,1.2999999523162842,9196.0
2024-10-25 11:01:00+00:00,RIOT,10.175200462341309,10.175200462341309,10.180000305175781,10.15999984741211,10.164999961853027,75761.0
2024-10-25 11:01:00+00:00,RMBS,43.08000183105469,43.08000183105469,43.08000183105469,43.06999969482422,43.06999969482422,876.0
2024-10-25 11:01:00+00:00,RUM,5.791800022125244,5.791800022125244,5.795499801635742,5.791800022125244,5.795000076293945,2386.0
2024-10-25 11:01:00+00:00,RUN,14.515000343322754,14.515000343322754,14.515000343322754,14.470000267028809,14.470000267028809,11981.0
2024-10-25 11:01:00+00:00,SCSC,45.220001220703125,45.220001220703125,45.220001220703125,45.220001220703125,45.220001220703125,235.0
2024-10-25 11:01:00+00:00,SEDG,15.960000038146973,15.960000038146973,15.960000038146973,15.859999656677246,15.859999656677246,27489.0
2024-10-25 11:01:00+00:00,SHLS,5.239999771118164,5.239999771118164,5.239999771118164,5.239999771118164,5.239999771118164,3193.0
2024-10-25 11:01:00+00:00,SIMO,57.34000015258789,57.34000015258789,57.34000015258789,57.34000015258789,57.34000015258789,200.0
2024-10-25 11:01:00+00:00,SKYT,10.609999656677246,10.609999656677246,10.609999656677246,10.609999656677246,10.609999656677246,554.0
2024-10-25 11:01:00+00:00,SMCI,48.169700622558594,48.169700622558594,48.17599868774414,48.029998779296875,48.029998779296875,58159.0
2024-10-25 11:01:00+00:00,SMTC,45.900001525878906,45.900001525878906,45.90999984741211,45.849998474121094,45.90999984741211,2793.0
2024-10-25 11:01:00+00:00,SNPS,504.7650146484375,504.7650146484375,505.05499267578125,504.7650146484375,505.05499267578125,1725.0
2024-10-25 11:01:00+00:00,SOUN,5.295000076293945,5.295000076293945,5.298099994659424,5.289999961853027,5.289999961853027,8915.0
2024-10-25 11:01:00+00:00,SPSC,177.14999389648438,177.14999389648438,178.13499450683594,177.14999389648438,177.33999633789062,8029.0
2024-10-25 11:01:00+00:00,SSNC,69.49500274658203,69.49500274658203,69.5,69.41999816894531,69.41999816894531,5517.0
2024-10-25 11:01:00+00:00,STER,16.75,16.75,16.75,16.75,16.75,105.0
2024-10-25 11:01:00+00:00,STNE,11.585000038146973,11.585000038146973,11.585000038146973,11.5649995803833,11.5649995803833,5340.0
2024-10-25 11:01:00+00:00,STX,104.94999694824219,104.94999694824219,104.94999694824219,104.88999938964844,104.9000015258789,1641.0
2024-10-25 11:01:00+00:00,SVRE,0.0820000022649765,0.0820000022649765,0.08209999650716782,0.0820000022649765,0.08209999650716782,15404.0
2024-10-25 11:01:00+00:00,SWKS,96.13500213623047,96.13500213623047,96.16000366210938,96.13500213623047,96.16000366210938,845.0
2024-10-25 11:01:00+00:00,SWVL,3.3299999237060547,3.3299999237060547,3.3299999237060547,3.315000057220459,3.319999933242798,1602.0
2024-10-25 11:01:00+00:00,SYTA,1.25,1.25,1.2599999904632568,1.25,1.2599999904632568,2782.0
2024-10-25 11:01:00+00:00,TASK,11.920000076293945,11.920000076293945,11.979999542236328,11.920000076293945,11.979999542236328,4919.0
2024-10-25 11:01:00+00:00,TEAM,190.8448944091797,190.8448944091797,190.8448944091797,190.7100067138672,190.72000122070312,1812.0
2024-10-25 11:01:00+00:00,TENB,41.54999923706055,41.54999923706055,41.54999923706055,41.54999923706055,41.54999923706055,928.0
2024-10-25 11:01:00+00:00,TER,112.83999633789062,112.83999633789062,112.84500122070312,112.83499908447266,112.84500122070312,2506.0
2024-10-25 11:01:00+00:00,TRMB,61.185001373291016,61.185001373291016,61.185001373291016,61.185001373291016,61.185001373291016,525.0
2024-10-25 11:01:00+00:00,TSEM,44.95000076293945,44.95000076293945,44.95000076293945,44.95000076293945,44.95000076293945,1382.0
2024-10-25 11:01:00+00:00,TTD,120.58000183105469,120.58000183105469,120.6438980102539,120.54000091552734,120.6438980102539,1337.0
2024-10-25 11:01:00+00:00,TTEC,5.420000076293945,5.420000076293945,5.420000076293945,5.420000076293945,5.420000076293945,154.0
2024-10-25 11:01:00+00:00,TTMI,19.610000610351562,19.610000610351562,19.610000610351562,19.610000610351562,19.610000610351562,503.0
2024-10-25 11:01:00+00:00,TWKS,4.460000038146973,4.460000038146973,4.460000038146973,4.454999923706055,4.460000038146973,58229.0
2024-10-25 11:01:00+00:00,TXN,209.1649932861328,209.1649932861328,209.22000122070312,209.10000610351562,209.10000610351562,4332.0
2024-10-25 11:01:00+00:00,VECO,29.4950008392334,29.4950008392334,29.510000228881836,29.4950008392334,29.5,2759.0
2024-10-25 11:01:00+00:00,VERB,10.109999656677246,10.109999656677246,10.109999656677246,10.109999656677246,10.109999656677246,634.0
2024-10-25 11:01:00+00:00,VERI,3.494999885559082,3.494999885559082,3.494999885559082,3.494999885559082,3.494999885559082,2406.0
2024-10-25 11:01:00+00:00,VIAV,9.210000038146973,9.210000038146973,9.210000038146973,9.210000038146973,9.210000038146973,377.0
2024-10-25 11:01:00+00:00,VMEO,4.78000020980835,4.78000020980835,4.78000020980835,4.775000095367432,4.775000095367432,624.0
2024-10-25 11:01:00+00:00,VNET,3.444999933242798,3.444999933242798,3.4498000144958496,3.444999933242798,3.444999933242798,1841.0
2024-10-25 11:01:00+00:00,VRNS,56.994998931884766,56.994998931884766,56.994998931884766,56.994998931884766,56.994998931884766,469.0
2024-10-25 11:01:00+00:00,VRSN,185.99000549316406,185.99000549316406,186.11000061035156,185.99000549316406,186.11000061035156,757.0
2024-10-25 11:01:00+00:00,VSAT,10.3149995803833,10.3149995803833,10.3149995803833,10.307100296020508,10.3100004196167,2063.0
2024-10-25 11:01:00+00:00,VUZI,1.3200000524520874,1.3200000524520874,1.3200000524520874,1.3200000524520874,1.3200000524520874,1032.0
2024-10-25 11:01:00+00:00,WDAY,240.97000122070312,240.97000122070312,240.97000122070312,240.97000122070312,240.97000122070312,824.0
2024-10-25 11:01:00+00:00,WDC,72.6050033569336,72.6050033569336,72.71499633789062,72.56999969482422,72.66999816894531,25173.0
2024-10-25 11:01:00+00:00,WISA,1.850000023841858,1.850000023841858,1.850000023841858,1.8450000286102295,1.8450000286102295,2537.0
2024-10-25 11:01:00+00:00,XRX,10.1899995803833,10.1899995803833,10.1899995803833,10.180000305175781,10.1899995803833,2644.0
2024-10-25 11:01:00+00:00,ZBRA,364.42999267578125,364.42999267578125,364.6099853515625,364.4200134277344,364.4800109863281,1655.0
2024-10-25 11:01:00+00:00,ZI,10.604999542236328,10.604999542236328,10.604999542236328,10.595000267028809,10.595000267028809,4928.0
2024-10-25 11:01:00+00:00,ZM,73.29000091552734,73.29000091552734,73.33499908447266,73.29000091552734,73.33499908447266,4265.0
2024-10-25 11:01:00+00:00,ZS,187.67999267578125,187.67999267578125,187.6999969482422,187.5,187.6999969482422,3631.0
2024-10-25 11:02:00+00:00,AAOI,18.35099983215332,18.35099983215332,18.398700714111328,18.35099983215332,18.389999389648438,6498.0
2024-10-25 11:02:00+00:00,AAPL,232.91000366210938,232.91000366210938,233.11000061035156,232.91000366210938,233.10000610351562,69406.0
2024-10-25 11:02:00+00:00,ACIW,49.20500183105469,49.20500183105469,49.20500183105469,49.20500183105469,49.20500183105469,148.0
2024-10-25 11:02:00+00:00,ACLS,90.75,90.75,90.75,90.75,90.75,212.0
2024-10-25 11:02:00+00:00,ACMR,19.850000381469727,19.850000381469727,19.850000381469727,19.815000534057617,19.815000534057617,2706.0
2024-10-25 11:02:00+00:00,ADBE,485.4049987792969,485.4049987792969,485.7850036621094,485.239990234375,485.7850036621094,4349.0
2024-10-25 11:02:00+00:00,ADI,233.47000122070312,233.47000122070312,233.5050048828125,233.46499633789062,233.5050048828125,681.0
2024-10-25 11:02:00+00:00,ADSK,288.4949951171875,288.4949951171875,288.510009765625,288.4949951171875,288.510009765625,861.0
2024-10-25 11:02:00+00:00,ADTN,6.400000095367432,6.400000095367432,6.400000095367432,6.400000095367432,6.400000095367432,1177.0
2024-10-25 11:02:00+00:00,AEHR,16.6299991607666,16.6299991607666,16.649999618530273,16.6299991607666,16.649999618530273,873.0
2024-10-25 11:02:00+00:00,AEYE,23.231000900268555,23.231000900268555,23.231000900268555,23.231000900268555,23.231000900268555,264.0
2024-10-25 11:02:00+00:00,AFRM,42.09000015258789,42.09000015258789,42.099998474121094,42.05500030517578,42.099998474121094,6855.0
2024-10-25 11:02:00+00:00,AKAM,103.2699966430664,103.2699966430664,103.2699966430664,103.2699966430664,103.2699966430664,935.0
2024-10-25 11:02:00+00:00,ALGM,22.559999465942383,22.559999465942383,22.559999465942383,22.559999465942383,22.559999465942383,601.0
2024-10-25 11:02:00+00:00,ALRM,54.81999969482422,54.81999969482422,54.81999969482422,54.81999969482422,54.81999969482422,263.0
2024-10-25 11:02:00+00:00,AMAT,187.88499450683594,187.88499450683594,188.00999450683594,187.85499572753906,187.8699951171875,3697.0
2024-10-25 11:02:00+00:00,AMBA,58.5,58.5,58.5,58.439998626708984,58.439998626708984,8283.0
2024-10-25 11:02:00+00:00,AMD,157.22500610351562,157.22500610351562,157.49000549316406,157.22000122070312,157.4698944091797,73461.0
2024-10-25 11:02:00+00:00,ANSS,327.7699890136719,327.7699890136719,327.7699890136719,327.69000244140625,327.69000244140625,345.0
2024-10-25 11:02:00+00:00,ANY,1.0901000499725342,1.0901000499725342,1.0950000286102295,1.0901000499725342,1.0950000286102295,342.0
2024-10-25 11:02:00+00:00,API,2.8299999237060547,2.8299999237060547,2.8299999237060547,2.819999933242798,2.8299999237060547,1700.0
2024-10-25 11:02:00+00:00,APP,163.60499572753906,163.60499572753906,163.7180938720703,163.52999877929688,163.7180938720703,3934.0
2024-10-25 11:02:00+00:00,ARQQ,7.369999885559082,7.369999885559082,7.369999885559082,7.369999885559082,7.369999885559082,267.0
2024-10-25 11:02:00+00:00,ARRY,6.420000076293945,6.420000076293945,6.449999809265137,6.420000076293945,6.440000057220459,47811.0
2024-10-25 11:02:00+00:00,ASML,719.1798706054688,719.1798706054688,719.1798706054688,719.0,719.0399780273438,2494.0
2024-10-25 11:02:00+00:00,AUR,6.494999885559082,6.494999885559082,6.5,6.485000133514404,6.485000133514404,42187.0
2024-10-25 11:02:00+00:00,AUUD,0.6284999847412109,0.6284999847412109,0.6284999847412109,0.6284999847412109,0.6284999847412109,1104.0
2024-10-25 11:02:00+00:00,AVDX,8.199999809265137,8.199999809265137,8.204999923706055,8.199999809265137,8.199999809265137,11240.0
2024-10-25 11:02:00+00:00,AVGO,175.9669952392578,175.9669952392578,176.08999633789062,175.96499633789062,175.99000549316406,38574.0
2024-10-25 11:02:00+00:00,AVT,54.4900016784668,54.4900016784668,54.4900016784668,54.4900016784668,54.4900016784668,745.0
2024-10-25 11:02:00+00:00,BIGC,5.360000133514404,5.360000133514404,5.360000133514404,5.360000133514404,5.360000133514404,1188.0
2024-10-25 11:02:00+00:00,BMBL,7.295000076293945,7.295000076293945,7.295000076293945,7.295000076293945,7.295000076293945,1850.0
2024-10-25 11:02:00+00:00,BRZE,30.899999618530273,30.899999618530273,30.90999984741211,30.899999618530273,30.90999984741211,518.0
2024-10-25 11:02:00+00:00,CAN,0.9997000098228455,0.9997000098228455,0.9998999834060669,0.9994000196456909,0.9994000196456909,6923.0
2024-10-25 11:02:00+00:00,CCSI,20.600000381469727,20.600000381469727,20.600000381469727,20.600000381469727,20.600000381469727,1075.0
2024-10-25 11:02:00+00:00,CDNS,258.6400146484375,258.6400146484375,258.7049865722656,258.6000061035156,258.69500732421875,2824.0
2024-10-25 11:02:00+00:00,CDW,219.0,219.0,219.0,218.8699951171875,218.8699951171875,2081.0
2024-10-25 11:02:00+00:00,CETX,0.296999990940094,0.296999990940094,0.296999990940094,0.296999990940094,0.296999990940094,600.0
2024-10-25 11:02:00+00:00,CFLT,22.799999237060547,22.799999237060547,22.809999465942383,22.75,22.75,8043.0
2024-10-25 11:02:00+00:00,CGNX,39.119998931884766,39.119998931884766,39.13999938964844,39.099998474121094,39.130001068115234,4463.0
2024-10-25 11:02:00+00:00,CLBT,18.21540069580078,18.21540069580078,18.21540069580078,18.21540069580078,18.21540069580078,307.0
2024-10-25 11:02:00+00:00,CLSK,12.079999923706055,12.079999923706055,12.09000015258789,12.071599960327148,12.079999923706055,40769.0
2024-10-25 11:02:00+00:00,CMTL,3.684999942779541,3.684999942779541,3.684999942779541,3.684999942779541,3.684999942779541,256.0
2024-10-25 11:02:00+00:00,CNDT,3.690000057220459,3.690000057220459,3.694999933242798,3.690000057220459,3.694999933242798,369.0
2024-10-25 11:02:00+00:00,CNXC,45.060001373291016,45.060001373291016,45.06269836425781,45.060001373291016,45.06269836425781,1127.0
2024-10-25 11:02:00+00:00,COHR,96.33999633789062,96.33999633789062,96.33999633789062,96.33999633789062,96.33999633789062,3398.0
2024-10-25 11:02:00+00:00,COIN,212.3000030517578,212.3000030517578,212.47000122070312,212.22999572753906,212.44000244140625,6101.0
2024-10-25 11:02:00+00:00,COMM,6.414700031280518,6.414700031280518,6.414700031280518,6.414700031280518,6.414700031280518,483.0
2024-10-25 11:02:00+00:00,CORZ,13.484999656677246,13.484999656677246,13.484999656677246,13.470000267028809,13.470000267028809,4355.0
2024-10-25 11:02:00+00:00,CORZW,7.949999809265137,7.949999809265137,7.949999809265137,7.949999809265137,7.949999809265137,662.0
2024-10-25 11:02:00+00:00,CRCT,6.559999942779541,6.559999942779541,6.559999942779541,6.559999942779541,6.559999942779541,559.0
2024-10-25 11:02:00+00:00,CRDO,39.43000030517578,39.43000030517578,39.459999084472656,39.43000030517578,39.45500183105469,632.0
2024-10-25 11:02:00+00:00,CRSR,6.465000152587891,6.465000152587891,6.465000152587891,6.465000152587891,6.465000152587891,274.0
2024-10-25 11:02:00+00:00,CRWD,310.5799865722656,310.5799865722656,310.8500061035156,310.5799865722656,310.8500061035156,3308.0
2024-10-25 11:02:00+00:00,CSCO,56.130001068115234,56.130001068115234,56.15999984741211,56.130001068115234,56.15999984741211,7953.0
2024-10-25 11:02:00+00:00,CSGS,47.91999816894531,47.91999816894531,47.91999816894531,47.91999816894531,47.91999816894531,546.0
2024-10-25 11:02:00+00:00,CSIQ,13.694999694824219,13.694999694824219,13.710000038146973,13.630000114440918,13.639599800109863,26902.0
2024-10-25 11:02:00+00:00,CTLP,9.050000190734863,9.050000190734863,9.050000190734863,9.050000190734863,9.050000190734863,1051.0
2024-10-25 11:02:00+00:00,CTSH,74.91999816894531,74.91999816894531,74.91999816894531,74.91000366210938,74.91999816894531,606.0
2024-10-25 11:02:00+00:00,CYBR,295.2799987792969,295.2799987792969,295.2799987792969,295.2799987792969,295.2799987792969,623.0
2024-10-25 11:02:00+00:00,DAKT,13.199999809265137,13.199999809265137,13.199999809265137,13.199999809265137,13.199999809265137,365.0
2024-10-25 11:02:00+00:00,DATS,1.5786000490188599,1.5786000490188599,1.5786000490188599,1.5786000490188599,1.5786000490188599,400.0
2024-10-25 11:02:00+00:00,DBX,26.149999618530273,26.149999618530273,26.170000076293945,26.149999618530273,26.15999984741211,8042.0
2024-10-25 11:02:00+00:00,DDOG,127.0250015258789,127.0250015258789,127.11000061035156,126.95999908447266,127.0,19861.0
2024-10-25 11:02:00+00:00,DLO,8.854999542236328,8.854999542236328,8.859999656677246,8.850000381469727,8.859999656677246,1936.0
2024-10-25 11:02:00+00:00,DOCU,70.62000274658203,70.62000274658203,70.66999816894531,70.61000061035156,70.66999816894531,3369.0
2024-10-25 11:02:00+00:00,DSGX,104.72000122070312,104.72000122070312,104.80999755859375,104.72000122070312,104.80999755859375,1900.0
2024-10-25 11:02:00+00:00,DUOL,289.3500061035156,289.3500061035156,289.3500061035156,289.2099914550781,289.2200012207031,1149.0
2024-10-25 11:02:00+00:00,ENPH,82.55480194091797,82.55480194091797,82.58999633789062,82.47000122070312,82.54000091552734,15227.0
2024-10-25 11:02:00+00:00,ENTG,105.35749816894531,105.35749816894531,105.41500091552734,105.29000091552734,105.41000366210938,4315.0
2024-10-25 11:02:00+00:00,ERIC,8.530099868774414,8.530099868774414,8.53600025177002,8.524999618530273,8.524999618530273,115632.0
2024-10-25 11:02:00+00:00,EXLS,39.029998779296875,39.029998779296875,39.029998779296875,39.029998779296875,39.029998779296875,1052.0
2024-10-25 11:02:00+00:00,FFIV,216.4600067138672,216.4600067138672,216.4600067138672,216.4600067138672,216.4600067138672,156.0
2024-10-25 11:02:00+00:00,FIVN,30.700000762939453,30.700000762939453,30.700000762939453,30.68000030517578,30.68000030517578,460.0
2024-10-25 11:02:00+00:00,FLEX,35.4900016784668,35.4900016784668,35.4900016784668,35.4900016784668,35.4900016784668,747.0
2024-10-25 11:02:00+00:00,FLYW,17.549999237060547,17.549999237060547,17.549999237060547,17.549999237060547,17.549999237060547,139.0
2024-10-25 11:02:00+00:00,FROG,29.530099868774414,29.530099868774414,29.530099868774414,29.530099868774414,29.530099868774414,1664.0
2024-10-25 11:02:00+00:00,FRSH,11.704999923706055,11.704999923706055,11.71500015258789,11.699999809265137,11.710000038146973,2059.0
2024-10-25 11:02:00+00:00,FSLR,199.60479736328125,199.60479736328125,199.8699951171875,199.47210693359375,199.75999450683594,2140.0
2024-10-25 11:02:00+00:00,FTCI,0.6945000290870667,0.6945000290870667,0.6945000290870667,0.6945000290870667,0.6945000290870667,0.0
2024-10-25 11:02:00+00:00,FTNT,81.62999725341797,81.62999725341797,81.66010284423828,81.61000061035156,81.66010284423828,4679.0
2024-10-25 11:02:00+00:00,GCT,25.674999237060547,25.674999237060547,25.674999237060547,25.649999618530273,25.649999618530273,1444.0
2024-10-25 11:02:00+00:00,GDS,21.579999923706055,21.579999923706055,21.579999923706055,21.579999923706055,21.579999923706055,2551.0
2024-10-25 11:02:00+00:00,GFS,41.29999923706055,41.29999923706055,41.29999923706055,41.290000915527344,41.290000915527344,1197.0
2024-10-25 11:02:00+00:00,GNSS,3.884999990463257,3.884999990463257,3.884999990463257,3.880000114440918,3.880000114440918,259.0
2024-10-25 11:02:00+00:00,GPRO,1.340000033378601,1.340000033378601,1.340000033378601,1.3350000381469727,1.3350000381469727,10583.0
2024-10-25 11:02:00+00:00,GRAB,4.085000038146973,4.085000038146973,4.085000038146973,4.079999923706055,4.085000038146973,17262.0
2024-10-25 11:02:00+00:00,GRRR,4.590000152587891,4.590000152587891,4.590000152587891,4.590000152587891,4.590000152587891,440.0
2024-10-25 11:02:00+00:00,GTLB,55.79999923706055,55.79999923706055,55.81999969482422,55.797698974609375,55.810001373291016,2388.0
2024-10-25 11:02:00+00:00,HCP,33.70000076293945,33.70000076293945,33.70500183105469,33.689998626708984,33.70500183105469,111259.0
2024-10-25 11:02:00+00:00,HIMX,6.21999979019165,6.21999979019165,6.21999979019165,6.210000038146973,6.210000038146973,1520.0
2024-10-25 11:02:00+00:00,HLIT,14.850000381469727,14.850000381469727,14.850000381469727,14.850000381469727,14.850000381469727,795.0
2024-10-25 11:02:00+00:00,HOLO,3.7230000495910645,3.7230000495910645,3.7230000495910645,3.7230000495910645,3.7230000495910645,527.0
2024-10-25 11:02:00+00:00,HOOD,27.584999084472656,27.584999084472656,27.6200008392334,27.565000534057617,27.5939998626709,67317.0
2024-10-25 11:02:00+00:00,III,3.062000036239624,3.062000036239624,3.062000036239624,3.062000036239624,3.062000036239624,5944.0
2024-10-25 11:02:00+00:00,IMTE,1.6999000310897827,1.6999000310897827,1.7000000476837158,1.690000057220459,1.690000057220459,1759.0
2024-10-25 11:02:00+00:00,INDI,3.5999999046325684,3.5999999046325684,3.6098999977111816,3.5999999046325684,3.6047000885009766,1479.0
2024-10-25 11:02:00+00:00,INFN,6.789999961853027,6.789999961853027,6.789999961853027,6.789999961853027,6.789999961853027,1964.0
2024-10-25 11:02:00+00:00,INOD,19.899999618530273,19.899999618530273,19.899999618530273,19.899999618530273,19.899999618530273,539.0
2024-10-25 11:02:00+00:00,INTC,23.149999618530273,23.149999618530273,23.170000076293945,23.145000457763672,23.15999984741211,142781.0
2024-10-25 11:02:00+00:00,INTU,612.1400146484375,612.1400146484375,612.489990234375,612.0599975585938,612.4550170898438,3038.0
2024-10-25 11:02:00+00:00,IPGP,77.47000122070312,77.47000122070312,77.47000122070312,77.33000183105469,77.33000183105469,4570.0
2024-10-25 11:02:00+00:00,ITI,7.190000057220459,7.190000057220459,7.195000171661377,7.190000057220459,7.195000171661377,83.0
2024-10-25 11:02:00+00:00,KC,2.7300000190734863,2.7300000190734863,2.734999895095825,2.7300000190734863,2.734999895095825,3814.0
2024-10-25 11:02:00+00:00,KLAC,677.8099975585938,677.8099975585938,678.3300170898438,677.8099975585938,678.3300170898438,1307.0
2024-10-25 11:02:00+00:00,KLIC,44.38249969482422,44.38249969482422,44.400001525878906,44.369998931884766,44.38999938964844,2021.0
2024-10-25 11:02:00+00:00,KLTR,1.3300000429153442,1.3300000429153442,1.3350000381469727,1.3300000429153442,1.3350000381469727,588.0
2024-10-25 11:02:00+00:00,LINK,4.700099945068359,4.700099945068359,5.253399848937988,4.650000095367432,5.21999979019165,88633.0
2024-10-25 11:02:00+00:00,LRCX,78.63500213623047,78.63500213623047,78.77989959716797,78.62000274658203,78.76010131835938,27563.0
2024-10-25 11:02:00+00:00,LSCC,54.5,54.5,54.5099983215332,54.4900016784668,54.5,2961.0
2024-10-25 11:02:00+00:00,LTRX,4.025000095367432,4.025000095367432,4.025000095367432,4.025000095367432,4.025000095367432,606.0
2024-10-25 11:02:00+00:00,LUNA,1.7999999523162842,1.7999999523162842,1.7999999523162842,1.7999999523162842,1.7999999523162842,153.0
2024-10-25 11:02:00+00:00,LYFT,13.805000305175781,13.805000305175781,13.805399894714355,13.800100326538086,13.800100326538086,8043.0
2024-10-25 11:02:00+00:00,MAPS,0.845300018787384,0.845300018787384,0.8456000089645386,0.8452000021934509,0.8452000021934509,1494.0
2024-10-25 11:02:00+00:00,MCHP,77.06999969482422,77.06999969482422,77.06999969482422,77.05000305175781,77.06999969482422,3614.0
2024-10-25 11:02:00+00:00,MDB,268.94500732421875,268.94500732421875,269.010009765625,268.94500732421875,269.010009765625,2603.0
2024-10-25 11:02:00+00:00,MITK,8.8100004196167,8.8100004196167,8.819999694824219,8.800000190734863,8.800000190734863,2006.0
2024-10-25 11:02:00+00:00,MKSI,100.6500015258789,100.6500015258789,100.66000366210938,100.63999938964844,100.6500015258789,1535.0
2024-10-25 11:02:00+00:00,MKTW,0.5899999737739563,0.5899999737739563,0.5899999737739563,0.585099995136261,0.585099995136261,6863.0
2024-10-25 11:02:00+00:00,MLAB,116.0999984741211,116.0999984741211,116.22000122070312,115.63999938964844,116.22000122070312,1032.0
2024-10-25 11:02:00+00:00,MNDY,300.0,300.0,300.364990234375,299.9700012207031,300.364990234375,4673.0
2024-10-25 11:02:00+00:00,MQ,5.324999809265137,5.324999809265137,5.324999809265137,5.324999809265137,5.324999809265137,487.0
2024-10-25 11:02:00+00:00,MRVL,82.87000274658203,82.87000274658203,82.9625015258789,82.87000274658203,82.95999908447266,4533.0
2024-10-25 11:02:00+00:00,MSFT,431.0618896484375,431.0618896484375,431.3139953613281,430.9849853515625,431.3139953613281,17743.0
2024-10-25 11:02:00+00:00,MSTR,243.77499389648438,243.77499389648438,244.3000030517578,243.50999450683594,243.6199951171875,133237.0
2024-10-25 11:02:00+00:00,MTC,0.37400001287460327,0.37400001287460327,0.37459999322891235,0.37400001287460327,0.37459999322891235,1116.0
2024-10-25 11:02:00+00:00,MTTR,4.650000095367432,4.650000095367432,4.650000095367432,4.640100002288818,4.640100002288818,20599.0
2024-10-25 11:02:00+00:00,MU,109.32990264892578,109.32990264892578,109.44400024414062,109.31999969482422,109.44400024414062,9255.0
2024-10-25 11:02:00+00:00,MVIS,1.1100000143051147,1.1100000143051147,1.1100000143051147,1.1092000007629395,1.1092000007629395,1182.0
2024-10-25 11:02:00+00:00,MXL,15.395000457763672,15.395000457763672,15.397500038146973,15.380000114440918,15.397500038146973,1347.0
2024-10-25 11:02:00+00:00,MYNA,1.1950000524520874,1.1950000524520874,1.1950000524520874,1.1950000524520874,1.1950000524520874,0.0
2024-10-25 11:02:00+00:00,NCNO,38.11000061035156,38.11000061035156,38.189998626708984,38.11000061035156,38.189998626708984,22808.0
2024-10-25 11:02:00+00:00,NNDM,2.352099895477295,2.352099895477295,2.352099895477295,2.352099895477295,2.352099895477295,167.0
2024-10-25 11:02:00+00:00,NOVT,173.9600067138672,173.9600067138672,173.9600067138672,173.9600067138672,173.9600067138672,638.0
2024-10-25 11:02:00+00:00,NTAP,120.47000122070312,120.47000122070312,120.47000122070312,120.47000122070312,120.47000122070312,342.0
2024-10-25 11:02:00+00:00,NTNX,62.63999938964844,62.63999938964844,62.63999938964844,62.63999938964844,62.63999938964844,948.0
2024-10-25 11:02:00+00:00,NVDA,143.4010009765625,143.4010009765625,143.48989868164062,143.3300018310547,143.47259521484375,249896.0
2024-10-25 11:02:00+00:00,NVEI,33.540000915527344,33.540000915527344,33.540000915527344,33.540000915527344,33.540000915527344,93.0
2024-10-25 11:02:00+00:00,NVMI,184.26499938964844,184.26499938964844,184.26499938964844,184.26499938964844,184.26499938964844,135.0
2024-10-25 11:02:00+00:00,NVTS,2.6106998920440674,2.6106998920440674,2.615000009536743,2.6106998920440674,2.615000009536743,1032.0
2024-10-25 11:02:00+00:00,NXPI,244.4600067138672,244.4600067138672,244.49000549316406,244.4600067138672,244.49000549316406,1127.0
2024-10-25 11:02:00+00:00,OKTA,72.86000061035156,72.86000061035156,72.86000061035156,72.86000061035156,72.86000061035156,690.0
2024-10-25 11:02:00+00:00,OLED,203.6699981689453,203.6699981689453,203.6699981689453,203.6699981689453,203.6699981689453,296.0
2024-10-25 11:02:00+00:00,ON,71.70999908447266,71.70999908447266,71.7300033569336,71.6449966430664,71.69000244140625,7975.0
2024-10-25 11:02:00+00:00,PANW,371.5,371.5,371.7349853515625,371.5,371.7349853515625,2423.0
2024-10-25 11:02:00+00:00,PAYO,8.335000038146973,8.335000038146973,8.34000015258789,8.324999809265137,8.324999809265137,7907.0
2024-10-25 11:02:00+00:00,PEGA,81.2249984741211,81.2249984741211,81.23999786376953,81.18499755859375,81.23999786376953,1508.0
2024-10-25 11:02:00+00:00,PGY,11.949999809265137,11.949999809265137,11.949999809265137,11.880000114440918,11.899999618530273,2234.0
2024-10-25 11:02:00+00:00,PHUN,9.859999656677246,9.859999656677246,9.869999885559082,9.720100402832031,9.725000381469727,136865.0
2024-10-25 11:02:00+00:00,PI,204.5500030517578,204.5500030517578,204.99000549316406,204.32009887695312,204.43499755859375,9827.0
2024-10-25 11:02:00+00:00,PLXS,142.8350067138672,142.8350067138672,142.8350067138672,142.8350067138672,142.8350067138672,136.0
2024-10-25 11:02:00+00:00,POET,4.019999980926514,4.019999980926514,4.025000095367432,4.019999980926514,4.019999980926514,1554.0
2024-10-25 11:02:00+00:00,PRCH,1.350000023841858,1.350000023841858,1.350000023841858,1.350000023841858,1.350000023841858,421.0
2024-10-25 11:02:00+00:00,PTC,186.8498992919922,186.8498992919922,186.94000244140625,186.6999969482422,186.6999969482422,4634.0
2024-10-25 11:02:00+00:00,PXLW,0.7612000107765198,0.7612000107765198,0.7612000107765198,0.7612000107765198,0.7612000107765198,2496.0
2024-10-25 11:02:00+00:00,PYCR,14.425000190734863,14.425000190734863,14.425000190734863,14.425000190734863,14.425000190734863,602.0
2024-10-25 11:02:00+00:00,QCOM,172.5200958251953,172.5200958251953,172.64500427246094,172.5200958251953,172.61500549316406,5406.0
2024-10-25 11:02:00+00:00,QLYS,121.19999694824219,121.19999694824219,121.19999694824219,121.19999694824219,121.19999694824219,251.0
2024-10-25 11:02:00+00:00,QRVO,100.16999816894531,100.16999816894531,100.20999908447266,100.16999816894531,100.17500305175781,2102.0
2024-10-25 11:02:00+00:00,QUBT,1.1200000047683716,1.1200000047683716,1.1200000047683716,1.1145999431610107,1.1150000095367432,1611.0
2024-10-25 11:02:00+00:00,RCAT,2.745699882507324,2.745699882507324,2.745699882507324,2.740000009536743,2.744999885559082,5881.0
2024-10-25 11:02:00+00:00,REKR,1.100000023841858,1.100000023841858,1.1050000190734863,1.100000023841858,1.100000023841858,5474.0
2024-10-25 11:02:00+00:00,RELL,13.8641996383667,13.8641996383667,13.8641996383667,13.850000381469727,13.850000381469727,932.0
2024-10-25 11:02:00+00:00,RELY,14.729999542236328,14.729999542236328,14.729999542236328,14.729999542236328,14.729999542236328,199.0
2024-10-25 11:02:00+00:00,RGTI,1.3049999475479126,1.3049999475479126,1.3049999475479126,1.2949999570846558,1.295199990272522,39232.0
2024-10-25 11:02:00+00:00,RIOT,10.17199993133545,10.17199993133545,10.1899995803833,10.17199993133545,10.180000305175781,46436.0
2024-10-25 11:02:00+00:00,RMBS,43.04999923706055,43.04999923706055,43.09000015258789,43.04999923706055,43.09000015258789,473.0
2024-10-25 11:02:00+00:00,RMNI,1.7300000190734863,1.7300000190734863,1.7300000190734863,1.7300000190734863,1.7300000190734863,1236.0
2024-10-25 11:02:00+00:00,RUM,5.795199871063232,5.795199871063232,5.800000190734863,5.7916998863220215,5.7916998863220215,1138.0
2024-10-25 11:02:00+00:00,RUN,14.505000114440918,14.505000114440918,14.529999732971191,14.505000114440918,14.513999938964844,18280.0
2024-10-25 11:02:00+00:00,RXT,2.575000047683716,2.575000047683716,2.575000047683716,2.5685999393463135,2.5685999393463135,3583.0
2024-10-25 11:02:00+00:00,SANM,67.75499725341797,67.75499725341797,67.75499725341797,67.75499725341797,67.75499725341797,677.0
2024-10-25 11:02:00+00:00,SATS,25.295000076293945,25.295000076293945,25.307300567626953,25.295000076293945,25.307300567626953,1107.0
2024-10-25 11:02:00+00:00,SEDG,15.90999984741211,15.90999984741211,15.960000038146973,15.90999984741211,15.960000038146973,8431.0
2024-10-25 11:02:00+00:00,SHLS,5.240200042724609,5.240200042724609,5.240200042724609,5.240200042724609,5.240200042724609,2780.0
2024-10-25 11:02:00+00:00,SIMO,57.22999954223633,57.22999954223633,57.30799865722656,57.22999954223633,57.29999923706055,1084.0
2024-10-25 11:02:00+00:00,SKYT,10.640000343322754,10.640000343322754,10.640000343322754,10.640000343322754,10.640000343322754,1882.0
2024-10-25 11:02:00+00:00,SMCI,48.125,48.125,48.16999816894531,48.029998779296875,48.16999816894531,71214.0
2024-10-25 11:02:00+00:00,SMSI,0.8176000118255615,0.8176000118255615,0.8176000118255615,0.8176000118255615,0.8176000118255615,307.0
2024-10-25 11:02:00+00:00,SMTC,45.790000915527344,45.790000915527344,45.88999938964844,45.790000915527344,45.880001068115234,5720.0
2024-10-25 11:02:00+00:00,SNPS,504.5350036621094,504.5350036621094,504.5350036621094,504.5350036621094,504.5350036621094,264.0
2024-10-25 11:02:00+00:00,SONO,12.920000076293945,12.920000076293945,12.930000305175781,12.90999984741211,12.90999984741211,1881.0
2024-10-25 11:02:00+00:00,SOUN,5.295000076293945,5.295000076293945,5.295000076293945,5.289999961853027,5.289999961853027,5126.0
2024-10-25 11:02:00+00:00,SPSC,176.47000122070312,176.47000122070312,176.7449951171875,176.47000122070312,176.7449951171875,771.0
2024-10-25 11:02:00+00:00,SPT,27.459999084472656,27.459999084472656,27.459999084472656,27.420000076293945,27.420000076293945,869.0
2024-10-25 11:02:00+00:00,SRAD,12.395000457763672,12.395000457763672,12.395000457763672,12.395000457763672,12.395000457763672,129.0
2024-10-25 11:02:00+00:00,SSNC,69.5,69.5,69.55999755859375,69.49500274658203,69.49500274658203,7488.0
2024-10-25 11:02:00+00:00,STER,16.7450008392334,16.7450008392334,16.7450008392334,16.7450008392334,16.7450008392334,244.0
2024-10-25 11:02:00+00:00,STNE,11.555000305175781,11.555000305175781,11.595000267028809,11.555000305175781,11.589900016784668,10761.0
2024-10-25 11:02:00+00:00,STX,104.94000244140625,104.94000244140625,105.0,104.94000244140625,105.0,1305.0
2024-10-25 11:02:00+00:00,SVRE,0.0820000022649765,0.0820000022649765,0.08259999752044678,0.0820000022649765,0.08259999752044678,12383.0
2024-10-25 11:02:00+00:00,SWKS,96.20999908447266,96.20999908447266,96.22000122070312,96.16000366210938,96.19999694824219,5872.0
2024-10-25 11:02:00+00:00,SYTA,1.25,1.25,1.2699999809265137,1.25,1.2599999904632568,1504.0
2024-10-25 11:02:00+00:00,TASK,11.925000190734863,11.925000190734863,11.925000190734863,11.925000190734863,11.925000190734863,202.0
2024-10-25 11:02:00+00:00,TEAM,190.58999633789062,190.58999633789062,190.58999633789062,190.58999633789062,190.58999633789062,783.0
2024-10-25 11:02:00+00:00,TENB,41.56999969482422,41.56999969482422,41.56999969482422,41.56999969482422,41.56999969482422,1325.0
2024-10-25 11:02:00+00:00,TER,112.8499984741211,112.8499984741211,112.8499984741211,112.83999633789062,112.83999633789062,2342.0
2024-10-25 11:02:00+00:00,TLS,3.640000104904175,3.640000104904175,3.640000104904175,3.640000104904175,3.640000104904175,210.0
2024-10-25 11:02:00+00:00,TSEM,44.97999954223633,44.97999954223633,45.02000045776367,44.97999954223633,45.02000045776367,689.0
2024-10-25 11:02:00+00:00,TTD,120.38999938964844,120.38999938964844,120.54000091552734,120.34320068359375,120.54000091552734,1832.0
2024-10-25 11:02:00+00:00,TTMI,19.614999771118164,19.614999771118164,19.614999771118164,19.604999542236328,19.604999542236328,905.0
2024-10-25 11:02:00+00:00,TWKS,4.454999923706055,4.454999923706055,4.460000038146973,4.454999923706055,4.460000038146973,38585.0
2024-10-25 11:02:00+00:00,TXN,209.35000610351562,209.35000610351562,209.38999938964844,209.10000610351562,209.1649932861328,9468.0
2024-10-25 11:02:00+00:00,UCTT,35.95000076293945,35.95000076293945,35.970001220703125,35.95000076293945,35.970001220703125,665.0
2024-10-25 11:02:00+00:00,VCSA,2.4000000953674316,2.4000000953674316,2.4000000953674316,2.4000000953674316,2.4000000953674316,285.0
2024-10-25 11:02:00+00:00,VERX,42.41999816894531,42.41999816894531,42.41999816894531,42.41999816894531,42.41999816894531,1410.0
2024-10-25 11:02:00+00:00,VIAV,9.21500015258789,9.21500015258789,9.21500015258789,9.21500015258789,9.21500015258789,371.0
2024-10-25 11:02:00+00:00,VICR,47.2599983215332,47.2599983215332,47.2599983215332,47.2599983215332,47.2599983215332,446.0
2024-10-25 11:02:00+00:00,VMEO,4.769999980926514,4.769999980926514,4.78000020980835,4.769999980926514,4.78000020980835,882.0
2024-10-25 11:02:00+00:00,VNET,3.440000057220459,3.440000057220459,3.440000057220459,3.440000057220459,3.440000057220459,238.0
2024-10-25 11:02:00+00:00,VRSN,186.08999633789062,186.08999633789062,186.08999633789062,186.05499267578125,186.0800018310547,1351.0
2024-10-25 11:02:00+00:00,VS,2.5999999046325684,2.5999999046325684,2.5999999046325684,2.5999999046325684,2.5999999046325684,502.0
2024-10-25 11:02:00+00:00,VSAT,10.329999923706055,10.329999923706055,10.329999923706055,10.329999923706055,10.329999923706055,3144.0
2024-10-25 11:02:00+00:00,WALD,3.5999999046325684,3.5999999046325684,3.5999999046325684,3.5999999046325684,3.5999999046325684,316.0
2024-10-25 11:02:00+00:00,WDAY,240.85000610351562,240.85000610351562,240.9199981689453,240.85000610351562,240.88999938964844,1511.0
2024-10-25 11:02:00+00:00,WDC,72.5,72.5,72.58999633789062,72.40010070800781,72.58480072021484,25310.0
2024-10-25 11:02:00+00:00,WISA,1.8401999473571777,1.8401999473571777,1.850000023841858,1.8401999473571777,1.8450000286102295,2543.0
2024-10-25 11:02:00+00:00,WRAP,1.8600000143051147,1.8600000143051147,1.8600000143051147,1.8600000143051147,1.8600000143051147,265.0
2024-10-25 11:02:00+00:00,XELAP,1.399999976158142,1.399999976158142,1.4800000190734863,1.399999976158142,1.4800000190734863,0.0
2024-10-25 11:02:00+00:00,XRX,10.1899995803833,10.1899995803833,10.1899995803833,10.1899995803833,10.1899995803833,3739.0
2024-10-25 11:02:00+00:00,ZBRA,364.42999267578125,364.42999267578125,364.42999267578125,364.42999267578125,364.42999267578125,621.0
2024-10-25 11:02:00+00:00,ZI,10.59000015258789,10.59000015258789,10.59000015258789,10.59000015258789,10.59000015258789,301.0
2024-10-25 11:02:00+00:00,ZM,73.27999877929688,73.27999877929688,73.27999877929688,73.27999877929688,73.27999877929688,801.0
2024-10-25 11:02:00+00:00,ZS,187.45750427246094,187.45750427246094,187.45750427246094,187.45750427246094,187.45750427246094,1028.0
2024-10-25 11:03:00+00:00,AAOI,18.31999969482422,18.31999969482422,18.3799991607666,18.271099090576172,18.360000610351562,8834.0
2024-10-25 11:03:00+00:00,AAPL,232.94000244140625,232.94000244140625,232.9499969482422,232.85000610351562,232.91140747070312,47372.0
2024-10-25 11:03:00+00:00,ACIW,49.189998626708984,49.189998626708984,49.189998626708984,49.17399978637695,49.17399978637695,754.0
2024-10-25 11:03:00+00:00,ACLS,90.75,90.75,90.76000213623047,90.69999694824219,90.75,4257.0
2024-10-25 11:03:00+00:00,ACMR,19.81999969482422,19.81999969482422,19.829999923706055,19.809999465942383,19.829999923706055,1137.0
2024-10-25 11:03:00+00:00,ADBE,485.5299987792969,485.5299987792969,485.5299987792969,485.0799865722656,485.2300109863281,6901.0
2024-10-25 11:03:00+00:00,ADI,233.46499633789062,233.46499633789062,233.57000732421875,233.4199981689453,233.4250030517578,39423.0
2024-10-25 11:03:00+00:00,ADSK,288.54998779296875,288.54998779296875,288.6000061035156,288.29998779296875,288.4100036621094,5536.0
2024-10-25 11:03:00+00:00,AEYE,23.231000900268555,23.231000900268555,23.231000900268555,23.231000900268555,23.231000900268555,686.0
2024-10-25 11:03:00+00:00,AFRM,42.00519943237305,42.00519943237305,42.08000183105469,42.00519943237305,42.08000183105469,8578.0
2024-10-25 11:03:00+00:00,AIP,6.963399887084961,6.963399887084961,6.963399887084961,6.963399887084961,6.963399887084961,727.0
2024-10-25 11:03:00+00:00,AKTS,0.05790000036358833,0.05790000036358833,0.05790000036358833,0.05790000036358833,0.05790000036358833,8597.0
2024-10-25 11:03:00+00:00,ALGM,22.55500030517578,22.55500030517578,22.56999969482422,22.540000915527344,22.540000915527344,6762.0
2024-10-25 11:03:00+00:00,ALKT,38.34450149536133,38.34450149536133,38.34450149536133,38.34450149536133,38.34450149536133,395.0
2024-10-25 11:03:00+00:00,ALRM,54.98500061035156,54.98500061035156,54.98500061035156,54.869998931884766,54.869998931884766,1229.0
2024-10-25 11:03:00+00:00,ALTR,105.91000366210938,105.91000366210938,106.0072021484375,105.91000366210938,106.0072021484375,879.0
2024-10-25 11:03:00+00:00,AMAT,187.85499572753906,187.85499572753906,187.91000366210938,187.75,187.83999633789062,12162.0
2024-10-25 11:03:00+00:00,AMBA,58.54999923706055,58.54999923706055,58.54999923706055,58.5,58.5,839.0
2024-10-25 11:03:00+00:00,AMD,157.2012939453125,157.2012939453125,157.2198944091797,157.0800018310547,157.2100067138672,89062.0
2024-10-25 11:03:00+00:00,AMKR,29.969999313354492,29.969999313354492,29.969999313354492,29.969999313354492,29.969999313354492,548.0
2024-10-25 11:03:00+00:00,ANSS,327.0899963378906,327.0899963378906,327.2799987792969,327.0899963378906,327.2799987792969,841.0
2024-10-25 11:03:00+00:00,ANY,1.0950000286102295,1.0950000286102295,1.0950000286102295,1.0950000286102295,1.0950000286102295,79.0
2024-10-25 11:03:00+00:00,API,2.825000047683716,2.825000047683716,2.8299999237060547,2.819999933242798,2.8299999237060547,12024.0
2024-10-25 11:03:00+00:00,APP,163.5449981689453,163.5449981689453,163.6199951171875,163.5,163.52000427246094,6181.0
2024-10-25 11:03:00+00:00,APPS,3.125,3.125,3.125,3.125,3.125,201.0
2024-10-25 11:03:00+00:00,ARQQ,7.360000133514404,7.360000133514404,7.360000133514404,7.360000133514404,7.360000133514404,925.0
2024-10-25 11:03:00+00:00,ARRY,6.420000076293945,6.420000076293945,6.425000190734863,6.414999961853027,6.425000190734863,6615.0
2024-10-25 11:03:00+00:00,ASML,719.0,719.0,719.0,718.5599975585938,718.8900146484375,3484.0
2024-10-25 11:03:00+00:00,AUR,6.474999904632568,6.474999904632568,6.485000133514404,6.474999904632568,6.485000133514404,3796.0
2024-10-25 11:03:00+00:00,AVGO,176.00999450683594,176.00999450683594,176.00999450683594,175.85000610351562,175.94000244140625,28176.0
2024-10-25 11:03:00+00:00,AVNW,20.969999313354492,20.969999313354492,20.969999313354492,20.969999313354492,20.969999313354492,254.0
2024-10-25 11:03:00+00:00,AVPT,12.069999694824219,12.069999694824219,12.069999694824219,12.069999694824219,12.069999694824219,725.0
2024-10-25 11:03:00+00:00,BASE,16.610000610351562,16.610000610351562,16.610000610351562,16.600000381469727,16.600000381469727,376.0
2024-10-25 11:03:00+00:00,BL,56.619998931884766,56.619998931884766,56.619998931884766,56.619998931884766,56.619998931884766,403.0
2024-10-25 11:03:00+00:00,BRZE,30.93000030517578,30.93000030517578,30.93000030517578,30.93000030517578,30.93000030517578,391.0
2024-10-25 11:03:00+00:00,BSY,49.38750076293945,49.38750076293945,49.38750076293945,49.380001068115234,49.380001068115234,724.0
2024-10-25 11:03:00+00:00,CAN,0.9995999932289124,0.9995999932289124,1.0047999620437622,0.9995999932289124,0.9995999932289124,2999.0
2024-10-25 11:03:00+00:00,CCSI,20.5,20.5,20.579999923706055,20.5,20.579999923706055,1277.0
2024-10-25 11:03:00+00:00,CDNS,258.8399963378906,258.8399963378906,258.8399963378906,258.5299987792969,258.5675964355469,3218.0
2024-10-25 11:03:00+00:00,CDW,218.98910522460938,218.98910522460938,218.98910522460938,218.98910522460938,218.98910522460938,75.0
2024-10-25 11:03:00+00:00,CETX,0.29789999127388,0.29789999127388,0.29789999127388,0.29580000042915344,0.296999990940094,5653.0
2024-10-25 11:03:00+00:00,CFLT,22.75,22.75,22.799999237060547,22.739999771118164,22.799999237060547,8152.0
2024-10-25 11:03:00+00:00,CGNX,39.05500030517578,39.05500030517578,39.099998474121094,39.04499816894531,39.099998474121094,1960.0
2024-10-25 11:03:00+00:00,CHKP,207.69000244140625,207.69000244140625,207.69000244140625,207.68499755859375,207.68499755859375,373.0
2024-10-25 11:03:00+00:00,CLSK,12.111000061035156,12.111000061035156,12.114999771118164,12.0600004196167,12.0733003616333,43717.0
2024-10-25 11:03:00+00:00,CMTL,3.7100000381469727,3.7100000381469727,3.7100000381469727,3.690000057220459,3.690000057220459,743.0
2024-10-25 11:03:00+00:00,CNXC,45.05699920654297,45.05699920654297,45.09000015258789,45.05699920654297,45.09000015258789,206.0
2024-10-25 11:03:00+00:00,COHU,26.299999237060547,26.299999237060547,26.299999237060547,26.299999237060547,26.299999237060547,458.0
2024-10-25 11:03:00+00:00,COIN,212.5,212.5,212.5800018310547,212.0,212.22999572753906,32206.0
2024-10-25 11:03:00+00:00,COMM,6.40500020980835,6.40500020980835,6.409999847412109,6.40500020980835,6.409999847412109,2726.0
2024-10-25 11:03:00+00:00,CORZ,13.475000381469727,13.475000381469727,13.479999542236328,13.475000381469727,13.475000381469727,1090.0
2024-10-25 11:03:00+00:00,CRCT,6.559999942779541,6.559999942779541,6.559999942779541,6.559999942779541,6.559999942779541,504.0
2024-10-25 11:03:00+00:00,CRDO,39.400001525878906,39.400001525878906,39.43000030517578,39.400001525878906,39.43000030517578,1624.0
2024-10-25 11:03:00+00:00,CRUS,122.73999786376953,122.73999786376953,122.73999786376953,122.73999786376953,122.73999786376953,638.0
2024-10-25 11:03:00+00:00,CRWD,310.7799987792969,310.7799987792969,310.7799987792969,310.69000244140625,310.75250244140625,2162.0
2024-10-25 11:03:00+00:00,CSCO,56.1349983215332,56.1349983215332,56.13999938964844,56.1150016784668,56.130001068115234,65095.0
2024-10-25 11:03:00+00:00,CSIQ,13.65999984741211,13.65999984741211,13.6899995803833,13.65999984741211,13.689900398254395,7781.0
2024-10-25 11:03:00+00:00,CTSH,74.91500091552734,74.91500091552734,74.91500091552734,74.9000015258789,74.90019989013672,5467.0
2024-10-25 11:03:00+00:00,CVLT,134.33999633789062,134.33999633789062,134.33999633789062,134.33999633789062,134.33999633789062,572.0
2024-10-25 11:03:00+00:00,DBX,26.145000457763672,26.145000457763672,26.145000457763672,26.139999389648438,26.139999389648438,1398.0
2024-10-25 11:03:00+00:00,DDOG,127.20999908447266,127.20999908447266,127.21499633789062,126.98999786376953,126.98999786376953,8541.0
2024-10-25 11:03:00+00:00,DGHI,1.468500018119812,1.468500018119812,1.468500018119812,1.468500018119812,1.468500018119812,3600.0
2024-10-25 11:03:00+00:00,DLO,8.854999542236328,8.854999542236328,8.854999542236328,8.850000381469727,8.854999542236328,6855.0
2024-10-25 11:03:00+00:00,DOCU,70.68000030517578,70.68000030517578,70.68000030517578,70.61000061035156,70.61000061035156,4878.0
2024-10-25 11:03:00+00:00,DTSS,2.450000047683716,2.450000047683716,2.450000047683716,2.450000047683716,2.450000047683716,308.0
2024-10-25 11:03:00+00:00,ENPH,82.51000213623047,82.51000213623047,82.61000061035156,82.4000015258789,82.56520080566406,18058.0
2024-10-25 11:03:00+00:00,ENTG,105.37999725341797,105.37999725341797,105.4000015258789,105.3499984741211,105.4000015258789,2466.0
2024-10-25 11:03:00+00:00,ERIC,8.529999732971191,8.529999732971191,8.539899826049805,8.529999732971191,8.529999732971191,8501.0
2024-10-25 11:03:00+00:00,EXFY,1.7100000381469727,1.7100000381469727,1.715000033378601,1.7100000381469727,1.715000033378601,1630.0
2024-10-25 11:03:00+00:00,EXTR,14.555000305175781,14.555000305175781,14.555000305175781,14.555000305175781,14.555000305175781,233.0
2024-10-25 11:03:00+00:00,FFIV,216.41000366210938,216.41000366210938,216.41000366210938,216.3699951171875,216.41000366210938,1933.0
2024-10-25 11:03:00+00:00,FIVN,30.690000534057617,30.690000534057617,30.709999084472656,30.68000030517578,30.700000762939453,1849.0
2024-10-25 11:03:00+00:00,FLEX,35.4900016784668,35.4900016784668,35.494998931884766,35.4900016784668,35.494998931884766,1294.0
2024-10-25 11:03:00+00:00,FLYW,17.565000534057617,17.565000534057617,17.565000534057617,17.565000534057617,17.565000534057617,270.0
2024-10-25 11:03:00+00:00,FROG,29.524999618530273,29.524999618530273,29.524999618530273,29.524999618530273,29.524999618530273,150.0
2024-10-25 11:03:00+00:00,FRSH,11.71500015258789,11.71500015258789,11.71500015258789,11.704999923706055,11.704999923706055,2545.0
2024-10-25 11:03:00+00:00,FSLR,199.5142059326172,199.5142059326172,199.66000366210938,199.39999389648438,199.66000366210938,4583.0
2024-10-25 11:03:00+00:00,FTNT,81.6500015258789,81.6500015258789,81.6500015258789,81.63999938964844,81.63999938964844,999.0
2024-10-25 11:03:00+00:00,GCT,25.635000228881836,25.635000228881836,25.649999618530273,25.6299991607666,25.6299991607666,1273.0
2024-10-25 11:03:00+00:00,GDS,21.579999923706055,21.579999923706055,21.579999923706055,21.579999923706055,21.579999923706055,343.0
2024-10-25 11:03:00+00:00,GFS,41.27000045776367,41.27000045776367,41.27000045776367,41.27000045776367,41.27000045776367,1870.0
2024-10-25 11:03:00+00:00,GPRO,1.340000033378601,1.340000033378601,1.340000033378601,1.3350000381469727,1.340000033378601,2088.0
2024-10-25 11:03:00+00:00,GRAB,4.070099830627441,4.070099830627441,4.090000152587891,4.070000171661377,4.085000038146973,155153.0
2024-10-25 11:03:00+00:00,GRRR,4.59499979019165,4.59499979019165,4.59499979019165,4.590000152587891,4.590000152587891,975.0
2024-10-25 11:03:00+00:00,GSIT,3.430000066757202,3.430000066757202,3.430000066757202,3.408099889755249,3.408099889755249,600.0
2024-10-25 11:03:00+00:00,GTLB,55.91600036621094,55.91600036621094,55.91600036621094,55.75,55.75,6533.0
2024-10-25 11:03:00+00:00,HCP,33.69499969482422,33.69499969482422,33.69499969482422,33.69499969482422,33.69499969482422,2789.0
2024-10-25 11:03:00+00:00,HOLO,3.7209999561309814,3.7209999561309814,3.7298998832702637,3.7209999561309814,3.7298998832702637,1296.0
2024-10-25 11:03:00+00:00,HOOD,27.559999465942383,27.559999465942383,27.584999084472656,27.549999237060547,27.583999633789062,86080.0
2024-10-25 11:03:00+00:00,INDI,3.6050000190734863,3.6050000190734863,3.6050000190734863,3.5999999046325684,3.5999999046325684,300.0
2024-10-25 11:03:00+00:00,INOD,19.959999084472656,19.959999084472656,19.96820068359375,19.950000762939453,19.950000762939453,1152.0
2024-10-25 11:03:00+00:00,INTC,23.167499542236328,23.167499542236328,23.167499542236328,23.139999389648438,23.15999984741211,119583.0
2024-10-25 11:03:00+00:00,INTU,611.9000244140625,611.9000244140625,611.9000244140625,611.8400268554688,611.8499755859375,1589.0
2024-10-25 11:03:00+00:00,ITI,7.190000057220459,7.190000057220459,7.190000057220459,7.190000057220459,7.190000057220459,103.0
2024-10-25 11:03:00+00:00,ITRI,103.41000366210938,103.41000366210938,103.41000366210938,103.41000366210938,103.41000366210938,1024.0
2024-10-25 11:03:00+00:00,KC,2.7300000190734863,2.7300000190734863,2.7358999252319336,2.7300000190734863,2.7300000190734863,2012.0
2024-10-25 11:03:00+00:00,KLAC,678.6099853515625,678.6099853515625,678.6099853515625,676.97998046875,676.97998046875,3657.0
2024-10-25 11:03:00+00:00,KOPN,0.7609999775886536,0.7609999775886536,0.7687000036239624,0.7609999775886536,0.7687000036239624,6630.0
2024-10-25 11:03:00+00:00,LINK,4.980000019073486,4.980000019073486,5.114999771118164,4.699999809265137,4.700099945068359,25712.0
2024-10-25 11:03:00+00:00,LITE,64.5,64.5,64.5,64.5,64.5,420.0
2024-10-25 11:03:00+00:00,LOGI,81.24500274658203,81.24500274658203,81.24500274658203,81.24500274658203,81.24500274658203,200.0
2024-10-25 11:03:00+00:00,LRCX,78.68609619140625,78.68609619140625,78.69000244140625,78.56999969482422,78.625,23572.0
2024-10-25 11:03:00+00:00,LSCC,54.529998779296875,54.529998779296875,54.529998779296875,54.439998626708984,54.5,39027.0
2024-10-25 11:03:00+00:00,LYFT,13.795299530029297,13.795299530029297,13.805000305175781,13.770000457763672,13.805000305175781,31556.0
2024-10-25 11:03:00+00:00,MANH,276.2699890136719,276.2699890136719,276.2699890136719,276.2699890136719,276.2699890136719,330.0
2024-10-25 11:03:00+00:00,MAPS,0.8478999733924866,0.8478999733924866,0.8478999733924866,0.8478999733924866,0.8478999733924866,1522.0
2024-10-25 11:03:00+00:00,MAXN,5.75,5.75,5.75,5.7382001876831055,5.7382001876831055,2178.0
2024-10-25 11:03:00+00:00,MCHP,77.05000305175781,77.05000305175781,77.05999755859375,77.02999877929688,77.02999877929688,2910.0
2024-10-25 11:03:00+00:00,MDB,268.6400146484375,268.6400146484375,268.989990234375,268.5150146484375,268.989990234375,2221.0
2024-10-25 11:03:00+00:00,MITK,8.8100004196167,8.8100004196167,8.8100004196167,8.8100004196167,8.8100004196167,353.0
2024-10-25 11:03:00+00:00,MKSI,100.61499786376953,100.61499786376953,100.62000274658203,100.61499786376953,100.62000274658203,1715.0
2024-10-25 11:03:00+00:00,MNDY,300.2099914550781,300.2099914550781,300.2300109863281,300.2099914550781,300.2200012207031,2014.0
2024-10-25 11:03:00+00:00,MPWR,911.9400024414062,911.9400024414062,911.9400024414062,911.5599975585938,911.5599975585938,1882.0
2024-10-25 11:03:00+00:00,MQ,5.324999809265137,5.324999809265137,5.324999809265137,5.324999809265137,5.324999809265137,1084.0
2024-10-25 11:03:00+00:00,MRVL,82.91999816894531,82.91999816894531,82.93000030517578,82.8301010131836,82.86000061035156,8711.0
2024-10-25 11:03:00+00:00,MSFT,431.1300048828125,431.1300048828125,431.1700134277344,430.91009521484375,431.0400085449219,21918.0
2024-10-25 11:03:00+00:00,MSTR,244.19000244140625,244.19000244140625,244.32000732421875,243.25999450683594,243.58999633789062,60751.0
2024-10-25 11:03:00+00:00,MU,109.37999725341797,109.37999725341797,109.37999725341797,109.30000305175781,109.30999755859375,15755.0
2024-10-25 11:03:00+00:00,MVIS,1.1100000143051147,1.1100000143051147,1.1100000143051147,1.1050000190734863,1.1050000190734863,402.0
2024-10-25 11:03:00+00:00,MXL,15.34000015258789,15.34000015258789,15.399999618530273,15.329999923706055,15.399999618530273,8453.0
2024-10-25 11:03:00+00:00,NCNO,38.099998474121094,38.099998474121094,38.099998474121094,38.08000183105469,38.082000732421875,1426.0
2024-10-25 11:03:00+00:00,NICE,176.22000122070312,176.22000122070312,176.22000122070312,176.22000122070312,176.22000122070312,412.0
2024-10-25 11:03:00+00:00,NNDM,2.359999895095825,2.359999895095825,2.359999895095825,2.3550000190734863,2.3550000190734863,3779.0
2024-10-25 11:03:00+00:00,NSIT,209.00999450683594,209.00999450683594,209.00999450683594,208.9199981689453,208.9199981689453,1799.0
2024-10-25 11:03:00+00:00,NTAP,120.5,120.5,120.53279876708984,120.45999908447266,120.53279876708984,569.0
2024-10-25 11:03:00+00:00,NTGR,20.389999389648438,20.389999389648438,20.389999389648438,20.389999389648438,20.389999389648438,675.0
2024-10-25 11:03:00+00:00,NTNX,62.65999984741211,62.65999984741211,62.65999984741211,62.619998931884766,62.619998931884766,1081.0
2024-10-25 11:03:00+00:00,NVDA,143.44000244140625,143.44000244140625,143.4600067138672,143.3070068359375,143.41000366210938,266963.0
2024-10-25 11:03:00+00:00,NVTS,2.615000009536743,2.615000009536743,2.615000009536743,2.615000009536743,2.615000009536743,256.0
2024-10-25 11:03:00+00:00,NXPI,244.3800048828125,244.3800048828125,244.52499389648438,244.3800048828125,244.52499389648438,3155.0
2024-10-25 11:03:00+00:00,OKTA,72.86000061035156,72.86000061035156,72.86000061035156,72.86000061035156,72.86000061035156,464.0
2024-10-25 11:03:00+00:00,OLED,203.6699981689453,203.6699981689453,203.6699981689453,203.6699981689453,203.6699981689453,494.0
2024-10-25 11:03:00+00:00,ON,71.7300033569336,71.7300033569336,71.73999786376953,71.66999816894531,71.69000244140625,7537.0
2024-10-25 11:03:00+00:00,OSIS,135.69000244140625,135.69000244140625,135.69000244140625,135.69000244140625,135.69000244140625,861.0
2024-10-25 11:03:00+00:00,OSPN,14.712599754333496,14.712599754333496,14.712599754333496,14.712599754333496,14.712599754333496,333.0
2024-10-25 11:03:00+00:00,OTEX,33.54999923706055,33.54999923706055,33.54999923706055,33.54999923706055,33.54999923706055,1586.0
2024-10-25 11:03:00+00:00,PANW,371.6099853515625,371.6099853515625,371.6099853515625,371.3500061035156,371.54998779296875,1387.0
2024-10-25 11:03:00+00:00,PEGA,81.2074966430664,81.2074966430664,81.23999786376953,81.17500305175781,81.17500305175781,5485.0
2024-10-25 11:03:00+00:00,PEGY,4.579999923706055,4.579999923706055,4.5808000564575195,4.579999923706055,4.5808000564575195,1260.0
2024-10-25 11:03:00+00:00,PET,0.800000011920929,0.800000011920929,0.800000011920929,0.800000011920929,0.800000011920929,195.0
2024-10-25 11:03:00+00:00,PGY,11.9399995803833,11.9399995803833,11.949999809265137,11.924200057983398,11.949999809265137,1718.0
2024-10-25 11:03:00+00:00,PHUN,9.859999656677246,9.859999656677246,9.989999771118164,9.829999923706055,9.865099906921387,158741.0
2024-10-25 11:03:00+00:00,PI,204.52499389648438,204.52499389648438,204.75,204.52499389648438,204.5500030517578,2462.0
2024-10-25 11:03:00+00:00,POET,4.010200023651123,4.010200023651123,4.010200023651123,4.010200023651123,4.010200023651123,350.0
2024-10-25 11:03:00+00:00,PTC,186.82249450683594,186.82249450683594,186.82249450683594,186.82249450683594,186.82249450683594,331.0
2024-10-25 11:03:00+00:00,QCOM,172.6999969482422,172.6999969482422,172.72000122070312,172.5,172.52000427246094,7429.0
2024-10-25 11:03:00+00:00,QRVO,100.25,100.25,100.25,100.16000366210938,100.16000366210938,2459.0
2024-10-25 11:03:00+00:00,QUBT,1.1150000095367432,1.1150000095367432,1.1191999912261963,1.1150000095367432,1.1190999746322632,5509.0
2024-10-25 11:03:00+00:00,RCAT,2.74399995803833,2.74399995803833,2.7499001026153564,2.74399995803833,2.7453999519348145,11248.0
2024-10-25 11:03:00+00:00,RELL,13.831999778747559,13.831999778747559,13.831999778747559,13.831999778747559,13.831999778747559,1187.0
2024-10-25 11:03:00+00:00,RELY,14.729999542236328,14.729999542236328,14.729999542236328,14.720000267028809,14.729999542236328,1033.0
2024-10-25 11:03:00+00:00,RGTI,1.2999999523162842,1.2999999523162842,1.309999942779541,1.2949999570846558,1.309999942779541,29657.0
2024-10-25 11:03:00+00:00,RIOT,10.184000015258789,10.184000015258789,10.199999809265137,10.160099983215332,10.170000076293945,59257.0
2024-10-25 11:03:00+00:00,RMBS,43.09000015258789,43.09000015258789,43.09000015258789,43.064998626708984,43.09000015258789,1826.0
2024-10-25 11:03:00+00:00,RMNI,1.725000023841858,1.725000023841858,1.7300000190734863,1.725000023841858,1.7300000190734863,2445.0
2024-10-25 11:03:00+00:00,RPD,39.2599983215332,39.2599983215332,39.2599983215332,39.2599983215332,39.2599983215332,399.0
2024-10-25 11:03:00+00:00,RUM,5.800000190734863,5.800000190734863,5.800000190734863,5.795000076293945,5.795000076293945,2096.0
2024-10-25 11:03:00+00:00,RUN,14.479999542236328,14.479999542236328,14.510000228881836,14.473600387573242,14.510000228881836,16475.0
2024-10-25 11:03:00+00:00,SATS,25.399900436401367,25.399900436401367,25.399900436401367,25.309999465942383,25.309999465942383,18989.0
2024-10-25 11:03:00+00:00,SCKT,1.1700999736785889,1.1700999736785889,1.1700999736785889,1.1700999736785889,1.1700999736785889,0.0
2024-10-25 11:03:00+00:00,SEDG,15.880000114440918,15.880000114440918,15.90999984741211,15.840100288391113,15.90999984741211,16989.0
2024-10-25 11:03:00+00:00,SHLS,5.25,5.25,5.25,5.25,5.25,2215.0
2024-10-25 11:03:00+00:00,SIMO,57.060001373291016,57.060001373291016,57.20000076293945,57.060001373291016,57.20000076293945,1808.0
2024-10-25 11:03:00+00:00,SKYT,10.635000228881836,10.635000228881836,10.635000228881836,10.635000228881836,10.635000228881836,521.0
2024-10-25 11:03:00+00:00,SLNHP,13.289999961853027,13.289999961853027,13.300000190734863,13.289999961853027,13.300000190734863,539.0
2024-10-25 11:03:00+00:00,SMCI,48.13999938964844,48.13999938964844,48.13999938964844,48.099998474121094,48.119998931884766,66072.0
2024-10-25 11:03:00+00:00,SMTC,45.72999954223633,45.72999954223633,45.790000915527344,45.72999954223633,45.7599983215332,5870.0
2024-10-25 11:03:00+00:00,SNCR,10.774999618530273,10.774999618530273,10.84000015258789,10.774999618530273,10.84000015258789,2758.0
2024-10-25 11:03:00+00:00,SNPS,504.7699890136719,504.7699890136719,504.7699890136719,504.30999755859375,504.5400085449219,1378.0
2024-10-25 11:03:00+00:00,SONO,12.920000076293945,12.920000076293945,12.920000076293945,12.920000076293945,12.920000076293945,107.0
2024-10-25 11:03:00+00:00,SOUN,5.300000190734863,5.300000190734863,5.300000190734863,5.294000148773193,5.296000003814697,15570.0
2024-10-25 11:03:00+00:00,SPNS,37.154998779296875,37.154998779296875,37.154998779296875,37.154998779296875,37.154998779296875,366.0
2024-10-25 11:03:00+00:00,SPSC,176.80499267578125,176.80499267578125,176.80499267578125,176.7449951171875,176.75,3307.0
2024-10-25 11:03:00+00:00,SSNC,69.51000213623047,69.51000213623047,69.58000183105469,69.4800033569336,69.51000213623047,10114.0
2024-10-25 11:03:00+00:00,STER,16.75,16.75,16.75,16.75,16.75,100.0
2024-10-25 11:03:00+00:00,STNE,11.545000076293945,11.545000076293945,11.5600004196167,11.545000076293945,11.5600004196167,5541.0
2024-10-25 11:03:00+00:00,STX,104.93000030517578,104.93000030517578,104.97000122070312,104.87000274658203,104.88999938964844,11292.0
2024-10-25 11:03:00+00:00,SWKS,96.19000244140625,96.19000244140625,96.20999908447266,96.19000244140625,96.19000244140625,3958.0
2024-10-25 11:03:00+00:00,SYNA,73.36000061035156,73.36000061035156,73.36000061035156,73.3499984741211,73.3499984741211,291.0
2024-10-25 11:03:00+00:00,SYTA,1.2599999904632568,1.2599999904632568,1.2599999904632568,1.2549999952316284,1.2549999952316284,800.0
2024-10-25 11:03:00+00:00,TEAM,190.60000610351562,190.60000610351562,190.60000610351562,190.4199981689453,190.52000427246094,2402.0
2024-10-25 11:03:00+00:00,TER,112.97000122070312,112.97000122070312,112.98999786376953,112.7750015258789,112.80999755859375,30362.0
2024-10-25 11:03:00+00:00,TSEM,44.9900016784668,44.9900016784668,45.05500030517578,44.9900016784668,45.05500030517578,471.0
2024-10-25 11:03:00+00:00,TTD,120.3550033569336,120.3550033569336,120.38500213623047,120.30000305175781,120.38500213623047,27944.0
2024-10-25 11:03:00+00:00,TTEC,5.415999889373779,5.415999889373779,5.415999889373779,5.415999889373779,5.415999889373779,118.0
2024-10-25 11:03:00+00:00,TTMI,19.645000457763672,19.645000457763672,19.645000457763672,19.6200008392334,19.6200008392334,2873.0
2024-10-25 11:03:00+00:00,TWKS,4.449999809265137,4.449999809265137,4.454999923706055,4.449999809265137,4.454999923706055,4770.0
2024-10-25 11:03:00+00:00,TXN,209.46499633789062,209.46499633789062,209.46499633789062,209.36000061035156,209.36000061035156,8933.0
2024-10-25 11:03:00+00:00,UPLD,2.190000057220459,2.190000057220459,2.190000057220459,2.190000057220459,2.190000057220459,14022.0
2024-10-25 11:03:00+00:00,VCSA,2.4200000762939453,2.4200000762939453,2.4200000762939453,2.4200000762939453,2.4200000762939453,1688.0
2024-10-25 11:03:00+00:00,VECO,29.479999542236328,29.479999542236328,29.479999542236328,29.479999542236328,29.479999542236328,1284.0
2024-10-25 11:03:00+00:00,VERB,10.119999885559082,10.119999885559082,10.119999885559082,10.119999885559082,10.119999885559082,1098.0
2024-10-25 11:03:00+00:00,VERX,42.38010025024414,42.38010025024414,42.38010025024414,42.38010025024414,42.38010025024414,427.0
2024-10-25 11:03:00+00:00,VICR,47.22999954223633,47.22999954223633,47.22999954223633,47.22999954223633,47.22999954223633,557.0
2024-10-25 11:03:00+00:00,VMEO,4.769999980926514,4.769999980926514,4.78000020980835,4.769999980926514,4.78000020980835,1028.0
2024-10-25 11:03:00+00:00,VNET,3.434999942779541,3.434999942779541,3.440000057220459,3.434999942779541,3.440000057220459,4307.0
2024-10-25 11:03:00+00:00,VRNS,57.0,57.0,57.005001068115234,56.959999084472656,56.9900016784668,2479.0
2024-10-25 11:03:00+00:00,VRSN,186.0500030517578,186.0500030517578,186.1999969482422,185.89999389648438,186.08999633789062,9177.0
2024-10-25 11:03:00+00:00,VS,2.6001999378204346,2.6001999378204346,2.6001999378204346,2.6001999378204346,2.6001999378204346,216.0
2024-10-25 11:03:00+00:00,VUZI,1.315000057220459,1.315000057220459,1.315000057220459,1.315000057220459,1.315000057220459,169.0
2024-10-25 11:03:00+00:00,WDC,72.4574966430664,72.4574966430664,72.5,72.4000015258789,72.44000244140625,21275.0
2024-10-25 11:03:00+00:00,WISA,1.8600000143051147,1.8600000143051147,1.8600000143051147,1.8450000286102295,1.8450000286102295,29630.0
2024-10-25 11:03:00+00:00,WRAP,1.840000033378601,1.840000033378601,1.840000033378601,1.840000033378601,1.840000033378601,160.0
2024-10-25 11:03:00+00:00,XRX,10.194999694824219,10.194999694824219,10.196000099182129,10.194999694824219,10.196000099182129,3417.0
2024-10-25 11:03:00+00:00,ZI,10.585000038146973,10.585000038146973,10.59000015258789,10.579999923706055,10.59000015258789,8550.0
2024-10-25 11:03:00+00:00,ZM,73.29000091552734,73.29000091552734,73.29000091552734,73.29000091552734,73.29000091552734,1177.0
2024-10-25 11:03:00+00:00,ZS,187.52000427246094,187.52000427246094,187.52000427246094,187.52000427246094,187.52000427246094,105.0
2024-10-25 11:04:00+00:00,AAOI,18.299999237060547,18.299999237060547,18.31999969482422,18.299999237060547,18.31999969482422,978.0
2024-10-25 11:04:00+00:00,AAPL,232.9600067138672,232.9600067138672,233.0399932861328,232.88999938964844,232.94000244140625,65120.0
2024-10-25 11:04:00+00:00,ACIW,49.119998931884766,49.119998931884766,49.22990036010742,49.119998931884766,49.22990036010742,3804.0
2024-10-25 11:04:00+00:00,ACLS,90.83000183105469,90.83000183105469,90.83000183105469,90.75,90.75,854.0
2024-10-25 11:04:00+00:00,ACMR,19.860000610351562,19.860000610351562,19.899999618530273,19.81999969482422,19.81999969482422,3990.0
2024-10-25 11:04:00+00:00,ADBE,485.3800048828125,485.3800048828125,485.5,485.3399963378906,485.3581848144531,6245.0
2024-10-25 11:04:00+00:00,ADI,233.5500030517578,233.5500030517578,233.66200256347656,233.5399932861328,233.5500030517578,5154.0
2024-10-25 11:04:00+00:00,ADSK,288.489990234375,288.489990234375,288.6300048828125,288.489990234375,288.6300048828125,996.0
2024-10-25 11:04:00+00:00,AEHR,16.6299991607666,16.6299991607666,16.642000198364258,16.6299991607666,16.642000198364258,1766.0
2024-10-25 11:04:00+00:00,AFRM,42.079898834228516,42.079898834228516,42.08000183105469,42.04999923706055,42.04999923706055,5024.0
2024-10-25 11:04:00+00:00,AKAM,103.25,103.25,103.26000213623047,103.23999786376953,103.23999786376953,1205.0
2024-10-25 11:04:00+00:00,ALGM,22.610000610351562,22.610000610351562,22.610000610351562,22.56999969482422,22.56999969482422,3974.0
2024-10-25 11:04:00+00:00,ALTR,106.0,106.0,106.04000091552734,106.0,106.04000091552734,559.0
2024-10-25 11:04:00+00:00,AMAT,188.22000122070312,188.22000122070312,188.23779296875,187.9499969482422,187.97999572753906,30308.0
2024-10-25 11:04:00+00:00,AMBA,58.649898529052734,58.649898529052734,58.649898529052734,58.55500030517578,58.59000015258789,1801.0
2024-10-25 11:04:00+00:00,AMD,157.3000030517578,157.3000030517578,157.32989501953125,157.1999969482422,157.22000122070312,72576.0
2024-10-25 11:04:00+00:00,AMKR,30.030000686645508,30.030000686645508,30.030000686645508,29.979999542236328,29.979999542236328,2247.0
2024-10-25 11:04:00+00:00,ANSS,326.8370056152344,326.8370056152344,327.1600036621094,326.8370056152344,327.1600036621094,4549.0
2024-10-25 11:04:00+00:00,ANY,1.0950000286102295,1.0950000286102295,1.0950000286102295,1.0950000286102295,1.0950000286102295,300.0
2024-10-25 11:04:00+00:00,AOSL,36.470001220703125,36.470001220703125,36.470001220703125,36.470001220703125,36.470001220703125,413.0
2024-10-25 11:04:00+00:00,API,2.81850004196167,2.81850004196167,2.81850004196167,2.81850004196167,2.81850004196167,274.0
2024-10-25 11:04:00+00:00,APP,163.53500366210938,163.53500366210938,163.61990356445312,163.47000122070312,163.5449981689453,4066.0
2024-10-25 11:04:00+00:00,APPF,217.1199951171875,217.1199951171875,217.32000732421875,216.69349670410156,217.0,2533.0
2024-10-25 11:04:00+00:00,APPN,32.279998779296875,32.279998779296875,32.279998779296875,32.279998779296875,32.279998779296875,639.0
2024-10-25 11:04:00+00:00,APPS,3.119999885559082,3.119999885559082,3.119999885559082,3.119999885559082,3.119999885559082,200.0
2024-10-25 11:04:00+00:00,ARQQ,7.200099945068359,7.200099945068359,7.309999942779541,7.200099945068359,7.309999942779541,4643.0
2024-10-25 11:04:00+00:00,ARRY,6.454999923706055,6.454999923706055,6.45989990234375,6.429800033569336,6.429800033569336,30962.0
2024-10-25 11:04:00+00:00,ASML,719.4600219726562,719.4600219726562,719.6113891601562,718.8900146484375,719.0,6536.0
2024-10-25 11:04:00+00:00,ASNS,1.340000033378601,1.340000033378601,1.340000033378601,1.340000033378601,1.340000033378601,150.0
2024-10-25 11:04:00+00:00,ATOM,3.299999952316284,3.299999952316284,3.309999942779541,3.299999952316284,3.309999942779541,3082.0
2024-10-25 11:04:00+00:00,AUR,6.46999979019165,6.46999979019165,6.489999771118164,6.46999979019165,6.480000019073486,8269.0
2024-10-25 11:04:00+00:00,AVGO,176.0792999267578,176.0792999267578,176.10000610351562,175.99159240722656,176.02999877929688,38280.0
2024-10-25 11:04:00+00:00,AVT,54.470001220703125,54.470001220703125,54.470001220703125,54.470001220703125,54.470001220703125,433.0
2024-10-25 11:04:00+00:00,BAND,17.889999389648438,17.889999389648438,17.889999389648438,17.889999389648438,17.889999389648438,395.0
2024-10-25 11:04:00+00:00,BEEM,4.8531999588012695,4.8531999588012695,4.8531999588012695,4.8531999588012695,4.8531999588012695,790.0
2024-10-25 11:04:00+00:00,BIGC,5.357100009918213,5.357100009918213,5.357100009918213,5.357100009918213,5.357100009918213,204.0
2024-10-25 11:04:00+00:00,BL,56.619998931884766,56.619998931884766,56.619998931884766,56.619998931884766,56.619998931884766,354.0
2024-10-25 11:04:00+00:00,BLZE,7.289999961853027,7.289999961853027,7.289999961853027,7.289999961853027,7.289999961853027,359.0
2024-10-25 11:04:00+00:00,CAN,1.0,1.0,1.0049999952316284,1.0,1.0049999952316284,1993.0
2024-10-25 11:04:00+00:00,CCSI,20.540000915527344,20.540000915527344,20.6200008392334,20.540000915527344,20.6200008392334,3123.0
2024-10-25 11:04:00+00:00,CDNS,259.125,259.125,259.125,258.8800048828125,258.92999267578125,2571.0
2024-10-25 11:04:00+00:00,CDW,218.97999572753906,218.97999572753906,218.97999572753906,218.97999572753906,218.97999572753906,336.0
2024-10-25 11:04:00+00:00,CETX,0.2969000041484833,0.2969000041484833,0.2969000041484833,0.2969000041484833,0.2969000041484833,754.0
2024-10-25 11:04:00+00:00,CEVA,24.25,24.25,24.25,24.25,24.25,291.0
2024-10-25 11:04:00+00:00,CFLT,22.7893009185791,22.7893009185791,22.790000915527344,22.739999771118164,22.739999771118164,4229.0
2024-10-25 11:04:00+00:00,CGNX,39.13999938964844,39.13999938964844,39.150001525878906,39.08000183105469,39.08000183105469,36091.0
2024-10-25 11:04:00+00:00,CHKP,207.5,207.5,207.60000610351562,207.5,207.57000732421875,3236.0
2024-10-25 11:04:00+00:00,CLBT,18.229999542236328,18.229999542236328,18.229999542236328,18.229999542236328,18.229999542236328,970.0
2024-10-25 11:04:00+00:00,CLSK,12.130000114440918,12.130000114440918,12.140999794006348,12.114800453186035,12.114800453186035,52716.0
2024-10-25 11:04:00+00:00,CNDT,3.694999933242798,3.694999933242798,3.694999933242798,3.694999933242798,3.694999933242798,707.0
2024-10-25 11:04:00+00:00,CNXC,45.040000915527344,45.040000915527344,45.09000015258789,45.040000915527344,45.060001373291016,4430.0
2024-10-25 11:04:00+00:00,COHU,26.350000381469727,26.350000381469727,26.350000381469727,26.350000381469727,26.350000381469727,472.0
2024-10-25 11:04:00+00:00,COIN,212.7100067138672,212.7100067138672,212.9499969482422,212.62469482421875,212.6999969482422,21052.0
2024-10-25 11:04:00+00:00,COMM,6.414999961853027,6.414999961853027,6.414999961853027,6.409999847412109,6.409999847412109,1586.0
2024-10-25 11:04:00+00:00,CORZ,13.496800422668457,13.496800422668457,13.5,13.479999542236328,13.479999542236328,8549.0
2024-10-25 11:04:00+00:00,CRCT,6.554999828338623,6.554999828338623,6.554999828338623,6.554999828338623,6.554999828338623,447.0
2024-10-25 11:04:00+00:00,CRDO,39.43000030517578,39.43000030517578,39.43000030517578,39.43000030517578,39.43000030517578,209.0
2024-10-25 11:04:00+00:00,CRNC,2.920099973678589,2.920099973678589,2.920099973678589,2.920099973678589,2.920099973678589,4089.0
2024-10-25 11:04:00+00:00,CRSR,6.465000152587891,6.465000152587891,6.465000152587891,6.465000152587891,6.465000152587891,201.0
2024-10-25 11:04:00+00:00,CRUS,123.01000213623047,123.01000213623047,123.01000213623047,122.92500305175781,122.92500305175781,563.0
2024-10-25 11:04:00+00:00,CRWD,310.7749938964844,310.7749938964844,310.7799987792969,310.5799865722656,310.7799987792969,3182.0
2024-10-25 11:04:00+00:00,CSCO,56.099998474121094,56.099998474121094,56.15999984741211,56.095001220703125,56.13600158691406,64462.0
2024-10-25 11:04:00+00:00,CSGS,47.88999938964844,47.88999938964844,47.88999938964844,47.88999938964844,47.88999938964844,538.0
2024-10-25 11:04:00+00:00,CSIQ,13.65999984741211,13.65999984741211,13.678000450134277,13.650899887084961,13.650899887084961,4501.0
2024-10-25 11:04:00+00:00,CTSH,74.87000274658203,74.87000274658203,74.91000366210938,74.86000061035156,74.91000366210938,2306.0
2024-10-25 11:04:00+00:00,CYN,3.5999999046325684,3.5999999046325684,3.5999999046325684,3.569999933242798,3.569999933242798,2101.0
2024-10-25 11:04:00+00:00,DAKT,13.1899995803833,13.1899995803833,13.199999809265137,13.1899995803833,13.199999809265137,1151.0
2024-10-25 11:04:00+00:00,DATS,1.5784000158309937,1.5784000158309937,1.5784000158309937,1.5700000524520874,1.5700000524520874,857.0
2024-10-25 11:04:00+00:00,DBX,26.139999389648438,26.139999389648438,26.139999389648438,26.139999389648438,26.139999389648438,1599.0
2024-10-25 11:04:00+00:00,DDOG,127.26499938964844,127.26499938964844,127.27999877929688,127.19000244140625,127.19000244140625,4923.0
2024-10-25 11:04:00+00:00,DGHI,1.4671000242233276,1.4671000242233276,1.4671000242233276,1.4671000242233276,1.4671000242233276,3100.0
2024-10-25 11:04:00+00:00,DLO,8.859999656677246,8.859999656677246,8.859999656677246,8.859999656677246,8.859999656677246,178.0
2024-10-25 11:04:00+00:00,DOCU,70.69999694824219,70.69999694824219,70.71499633789062,70.68000030517578,70.70999908447266,2485.0
2024-10-25 11:04:00+00:00,DOMO,8.0600004196167,8.0600004196167,8.0600004196167,8.0600004196167,8.0600004196167,974.0
2024-10-25 11:04:00+00:00,DOX,89.97000122070312,89.97000122070312,90.0199966430664,89.97000122070312,90.0199966430664,2198.0
2024-10-25 11:04:00+00:00,DUOL,289.3699951171875,289.3699951171875,289.3699951171875,289.3699951171875,289.3699951171875,842.0
2024-10-25 11:04:00+00:00,ENPH,82.52999877929688,82.52999877929688,82.59500122070312,82.47000122070312,82.4927978515625,7516.0
2024-10-25 11:04:00+00:00,ENTG,105.48999786376953,105.48999786376953,105.48999786376953,105.47000122070312,105.47000122070312,583.0
2024-10-25 11:04:00+00:00,ERIC,8.529999732971191,8.529999732971191,8.53600025177002,8.529999732971191,8.529999732971191,15689.0
2024-10-25 11:04:00+00:00,EXLS,39.04999923706055,39.04999923706055,39.04999923706055,39.02000045776367,39.02000045776367,1350.0
2024-10-25 11:04:00+00:00,FARO,17.889999389648438,17.889999389648438,17.889999389648438,17.889999389648438,17.889999389648438,836.0
2024-10-25 11:04:00+00:00,FFIV,216.27999877929688,216.27999877929688,216.35000610351562,216.27999877929688,216.35000610351562,384.0
2024-10-25 11:04:00+00:00,FIVN,30.674999237060547,30.674999237060547,30.709999084472656,30.674999237060547,30.690000534057617,2041.0
2024-10-25 11:04:00+00:00,FLEX,35.4900016784668,35.4900016784668,35.4900016784668,35.4900016784668,35.4900016784668,819.0
2024-10-25 11:04:00+00:00,FLYW,17.549999237060547,17.549999237060547,17.549999237060547,17.549999237060547,17.549999237060547,1246.0
2024-10-25 11:04:00+00:00,FORM,45.22999954223633,45.22999954223633,45.22999954223633,45.22999954223633,45.22999954223633,410.0
2024-10-25 11:04:00+00:00,FROG,29.524999618530273,29.524999618530273,29.524999618530273,29.524999618530273,29.524999618530273,612.0
2024-10-25 11:04:00+00:00,FRSH,11.71500015258789,11.71500015258789,11.715499877929688,11.71500015258789,11.715499877929688,1219.0
2024-10-25 11:04:00+00:00,FSLR,199.4199981689453,199.4199981689453,199.49000549316406,199.4199981689453,199.49000549316406,542.0
2024-10-25 11:04:00+00:00,FTCI,0.6901000142097473,0.6901000142097473,0.6901000142097473,0.6901000142097473,0.6901000142097473,1152.0
2024-10-25 11:04:00+00:00,FTNT,81.68000030517578,81.68000030517578,81.68000030517578,81.66000366210938,81.66000366210938,1594.0
2024-10-25 11:04:00+00:00,GCT,25.6299991607666,25.6299991607666,25.6299991607666,25.60610008239746,25.60610008239746,448.0
2024-10-25 11:04:00+00:00,GDS,21.579999923706055,21.579999923706055,21.579999923706055,21.555999755859375,21.559999465942383,1103.0
2024-10-25 11:04:00+00:00,GDYN,15.649999618530273,15.649999618530273,15.649999618530273,15.649999618530273,15.649999618530273,459.0
2024-10-25 11:04:00+00:00,GFS,41.31999969482422,41.31999969482422,41.31999969482422,41.31999969482422,41.31999969482422,1429.0
2024-10-25 11:04:00+00:00,GPRO,1.340000033378601,1.340000033378601,1.340000033378601,1.3393000364303589,1.340000033378601,1508.0
2024-10-25 11:04:00+00:00,GRAB,4.077700138092041,4.077700138092041,4.079999923706055,4.070000171661377,4.079999923706055,10992.0
2024-10-25 11:04:00+00:00,GRRR,4.599999904632568,4.599999904632568,4.610000133514404,4.5920000076293945,4.610000133514404,2154.0
2024-10-25 11:04:00+00:00,GTLB,55.93000030517578,55.93000030517578,55.93000030517578,55.900001525878906,55.900001525878906,454.0
2024-10-25 11:04:00+00:00,HCP,33.685001373291016,33.685001373291016,33.689998626708984,33.685001373291016,33.689998626708984,3256.0
2024-10-25 11:04:00+00:00,HIMX,6.224999904632568,6.224999904632568,6.224999904632568,6.224999904632568,6.224999904632568,2475.0
2024-10-25 11:04:00+00:00,HLIT,14.845000267028809,14.845000267028809,14.845000267028809,14.84000015258789,14.84000015258789,916.0
2024-10-25 11:04:00+00:00,HOLO,3.7263998985290527,3.7263998985290527,3.726900100708008,3.7263998985290527,3.726900100708008,674.0
2024-10-25 11:04:00+00:00,HOOD,27.583999633789062,27.583999633789062,27.59000015258789,27.55500030517578,27.559999465942383,35957.0
2024-10-25 11:04:00+00:00,ICHR,27.899999618530273,27.899999618530273,27.899999618530273,27.899999618530273,27.899999618530273,241.0
2024-10-25 11:04:00+00:00,III,3.069999933242798,3.069999933242798,3.069999933242798,3.069999933242798,3.069999933242798,0.0
2024-10-25 11:04:00+00:00,IIIV,22.993600845336914,22.993600845336914,22.993600845336914,22.993600845336914,22.993600845336914,101.0
2024-10-25 11:04:00+00:00,IMMR,8.819999694824219,8.819999694824219,8.819999694824219,8.8100004196167,8.8100004196167,1274.0
2024-10-25 11:04:00+00:00,INDI,3.5999999046325684,3.5999999046325684,3.6050000190734863,3.5999999046325684,3.6050000190734863,7354.0
2024-10-25 11:04:00+00:00,INFN,6.789999961853027,6.789999961853027,6.789999961853027,6.789999961853027,6.789999961853027,348.0
2024-10-25 11:04:00+00:00,INOD,19.920000076293945,19.920000076293945,19.920000076293945,19.920000076293945,19.920000076293945,762.0
2024-10-25 11:04:00+00:00,INTA,49.78499984741211,49.78499984741211,49.79999923706055,49.78499984741211,49.79999923706055,703.0
2024-10-25 11:04:00+00:00,INTC,23.149999618530273,23.149999618530273,23.19499969482422,23.149999618530273,23.165000915527344,183515.0
2024-10-25 11:04:00+00:00,INTU,611.6300048828125,611.6300048828125,611.89501953125,611.5499877929688,611.7100219726562,1002.0
2024-10-25 11:04:00+00:00,IPGP,77.22000122070312,77.22000122070312,77.37000274658203,77.19000244140625,77.37000274658203,30940.0
2024-10-25 11:04:00+00:00,JAMF,16.864999771118164,16.864999771118164,16.864999771118164,16.864999771118164,16.864999771118164,1361.0
2024-10-25 11:04:00+00:00,JKHY,184.27000427246094,184.27000427246094,184.27000427246094,184.22000122070312,184.25999450683594,2001.0
2024-10-25 11:04:00+00:00,KC,2.7300000190734863,2.7300000190734863,2.7300000190734863,2.7300000190734863,2.7300000190734863,221.0
2024-10-25 11:04:00+00:00,KLAC,678.6300048828125,678.6300048828125,678.6300048828125,678.6300048828125,678.6300048828125,931.0
2024-10-25 11:04:00+00:00,KLIC,44.47999954223633,44.47999954223633,44.47999954223633,44.400001525878906,44.400001525878906,5364.0
2024-10-25 11:04:00+00:00,KOSS,7.405399799346924,7.405399799346924,7.405799865722656,7.405399799346924,7.405799865722656,920.0
2024-10-25 11:04:00+00:00,LINK,4.90500020980835,4.90500020980835,4.980000019073486,4.815000057220459,4.980000019073486,15606.0
2024-10-25 11:04:00+00:00,LITE,64.58000183105469,64.58000183105469,64.61000061035156,64.5,64.5,2181.0
2024-10-25 11:04:00+00:00,LOGI,81.25,81.25,81.25,81.25,81.25,108.0
2024-10-25 11:04:00+00:00,LRCX,78.760498046875,78.760498046875,78.78990173339844,78.67009735107422,78.70999908447266,31403.0
2024-10-25 11:04:00+00:00,LSCC,54.47999954223633,54.47999954223633,54.61000061035156,54.47999954223633,54.54999923706055,9463.0
2024-10-25 11:04:00+00:00,LYFT,13.795000076293945,13.795000076293945,13.8100004196167,13.795000076293945,13.795000076293945,11543.0
2024-10-25 11:04:00+00:00,MANH,276.3699951171875,276.3699951171875,276.3699951171875,276.3699951171875,276.3699951171875,623.0
2024-10-25 11:04:00+00:00,MCHP,77.13999938964844,77.13999938964844,77.1500015258789,77.06999969482422,77.06999969482422,27940.0
2024-10-25 11:04:00+00:00,MDB,268.6700134277344,268.6700134277344,268.70001220703125,268.4800109863281,268.6400146484375,659.0
2024-10-25 11:04:00+00:00,MKSI,100.80000305175781,100.80000305175781,100.80000305175781,100.80000305175781,100.80000305175781,515.0
2024-10-25 11:04:00+00:00,MKTW,0.5906999707221985,0.5906999707221985,0.5906999707221985,0.5906999707221985,0.5906999707221985,1901.0
2024-10-25 11:04:00+00:00,MLAB,115.5999984741211,115.5999984741211,115.5999984741211,115.5999984741211,115.5999984741211,241.0
2024-10-25 11:04:00+00:00,MPWR,914.385009765625,914.385009765625,914.385009765625,910.9500732421875,913.219970703125,1818.0
2024-10-25 11:04:00+00:00,MRVL,82.86000061035156,82.86000061035156,82.94000244140625,82.83999633789062,82.92500305175781,14833.0
2024-10-25 11:04:00+00:00,MSFT,431.1000061035156,431.1000061035156,431.2650146484375,431.0799865722656,431.1600036621094,60342.0
2024-10-25 11:04:00+00:00,MSTR,243.85000610351562,243.85000610351562,244.5,243.78030395507812,244.27999877929688,42003.0
2024-10-25 11:04:00+00:00,MTC,0.37400001287460327,0.37400001287460327,0.37400001287460327,0.37400001287460327,0.37400001287460327,7234.0
2024-10-25 11:04:00+00:00,MTTR,4.65500020980835,4.65500020980835,4.65500020980835,4.65500020980835,4.65500020980835,301.0
2024-10-25 11:04:00+00:00,MU,109.40010070800781,109.40010070800781,109.4800033569336,109.38999938964844,109.3949966430664,26178.0
2024-10-25 11:04:00+00:00,MXL,15.34000015258789,15.34000015258789,15.359999656677246,15.34000015258789,15.350000381469727,4389.0
2024-10-25 11:04:00+00:00,NCNO,38.029998779296875,38.029998779296875,38.10499954223633,38.029998779296875,38.10499954223633,977.0
2024-10-25 11:04:00+00:00,NNDM,2.351300001144409,2.351300001144409,2.351300001144409,2.351300001144409,2.351300001144409,1113.0
2024-10-25 11:04:00+00:00,NTAP,120.45999908447266,120.45999908447266,120.5,120.45999908447266,120.5,706.0
2024-10-25 11:04:00+00:00,NTNX,62.66999816894531,62.66999816894531,62.66999816894531,62.65999984741211,62.65999984741211,1576.0
2024-10-25 11:04:00+00:00,NVDA,143.4600067138672,143.4600067138672,143.50999450683594,143.41000366210938,143.44749450683594,318536.0
2024-10-25 11:04:00+00:00,NVMI,184.26499938964844,184.26499938964844,184.26499938964844,184.26499938964844,184.26499938964844,104.0
2024-10-25 11:04:00+00:00,NVTS,2.6201000213623047,2.6201000213623047,2.625,2.6110000610351562,2.6110000610351562,5956.0
2024-10-25 11:04:00+00:00,NXPI,244.6199951171875,244.6199951171875,244.73500061035156,244.58999633789062,244.61000061035156,3570.0
2024-10-25 11:04:00+00:00,OKTA,72.86000061035156,72.86000061035156,72.86000061035156,72.86000061035156,72.86000061035156,495.0
2024-10-25 11:04:00+00:00,ON,71.70999908447266,71.70999908447266,71.79000091552734,71.70999908447266,71.76000213623047,11819.0
2024-10-25 11:04:00+00:00,OSPN,14.710000038146973,14.710000038146973,14.710000038146973,14.710000038146973,14.710000038146973,304.0
2024-10-25 11:04:00+00:00,PANW,371.5675048828125,371.5675048828125,371.7135925292969,371.3599853515625,371.3599853515625,2293.0
2024-10-25 11:04:00+00:00,PAYO,8.329999923706055,8.329999923706055,8.335000038146973,8.329999923706055,8.335000038146973,349.0
2024-10-25 11:04:00+00:00,PDFS,29.5,29.5,29.5,29.5,29.5,752.0
2024-10-25 11:04:00+00:00,PEGA,81.29000091552734,81.29000091552734,81.3499984741211,81.29000091552734,81.29000091552734,1939.0
2024-10-25 11:04:00+00:00,PGY,11.930000305175781,11.930000305175781,11.9399995803833,11.930000305175781,11.930000305175781,1449.0
2024-10-25 11:04:00+00:00,PHUN,9.834600448608398,9.834600448608398,9.880000114440918,9.8100004196167,9.854999542236328,56241.0
2024-10-25 11:04:00+00:00,PI,204.1300048828125,204.1300048828125,204.3300018310547,204.1300048828125,204.3300018310547,3570.0
2024-10-25 11:04:00+00:00,PLXS,142.86500549316406,142.86500549316406,142.86500549316406,142.86500549316406,142.86500549316406,514.0
2024-10-25 11:04:00+00:00,POET,4.019999980926514,4.019999980926514,4.019999980926514,4.019999980926514,4.019999980926514,2615.0
2024-10-25 11:04:00+00:00,POWI,63.43000030517578,63.43000030517578,63.43000030517578,63.43000030517578,63.43000030517578,308.0
2024-10-25 11:04:00+00:00,PRTH,5.340000152587891,5.340000152587891,5.340000152587891,5.340000152587891,5.340000152587891,180.0
2024-10-25 11:04:00+00:00,PTC,186.67999267578125,186.67999267578125,186.67999267578125,186.67999267578125,186.67999267578125,1093.0
2024-10-25 11:04:00+00:00,PUBM,15.050000190734863,15.050000190734863,15.079999923706055,15.020000457763672,15.079999923706055,3916.0
2024-10-25 11:04:00+00:00,PYCR,14.390000343322754,14.390000343322754,14.399999618530273,14.390000343322754,14.399999618530273,542.0
2024-10-25 11:04:00+00:00,QCOM,172.92999267578125,172.92999267578125,172.9803009033203,172.72000122070312,172.72000122070312,34458.0
2024-10-25 11:04:00+00:00,QLYS,121.19999694824219,121.19999694824219,121.19999694824219,121.19999694824219,121.19999694824219,304.0
2024-10-25 11:04:00+00:00,QUBT,1.1198999881744385,1.1198999881744385,1.1198999881744385,1.1198999881744385,1.1198999881744385,209.0
2024-10-25 11:04:00+00:00,RCAT,2.744999885559082,2.744999885559082,2.744999885559082,2.744999885559082,2.744999885559082,232.0
2024-10-25 11:04:00+00:00,RELL,13.899999618530273,13.899999618530273,13.899999618530273,13.839500427246094,13.850000381469727,2695.0
2024-10-25 11:04:00+00:00,RELY,14.720000267028809,14.720000267028809,14.739999771118164,14.720000267028809,14.729999542236328,3595.0
2024-10-25 11:04:00+00:00,RGTI,1.2949999570846558,1.2949999570846558,1.2999999523162842,1.2949999570846558,1.2999999523162842,7788.0
2024-10-25 11:04:00+00:00,RIOT,10.194999694824219,10.194999694824219,10.199999809265137,10.184000015258789,10.184000015258789,32269.0
2024-10-25 11:04:00+00:00,RMBS,43.13999938964844,43.13999938964844,43.13999938964844,43.099998474121094,43.099998474121094,1560.0
2024-10-25 11:04:00+00:00,RUM,5.804999828338623,5.804999828338623,5.809999942779541,5.800000190734863,5.800000190734863,5126.0
2024-10-25 11:04:00+00:00,RUN,14.454999923706055,14.454999923706055,14.479999542236328,14.454999923706055,14.479999542236328,13509.0
2024-10-25 11:04:00+00:00,SATL,0.9900000095367432,0.9900000095367432,0.9900000095367432,0.9900000095367432,0.9900000095367432,389.0
2024-10-25 11:04:00+00:00,SATS,25.3799991607666,25.3799991607666,25.3799991607666,25.3799991607666,25.3799991607666,2011.0
2024-10-25 11:04:00+00:00,SCKT,1.1699999570846558,1.1699999570846558,1.1699999570846558,1.1699999570846558,1.1699999570846558,230.0
2024-10-25 11:04:00+00:00,SCSC,45.224998474121094,45.224998474121094,45.2599983215332,45.224998474121094,45.2599983215332,244.0
2024-10-25 11:04:00+00:00,SEDG,15.920000076293945,15.920000076293945,15.92199993133545,15.899999618530273,15.899999618530273,2012.0
2024-10-25 11:04:00+00:00,SHLS,5.2519001960754395,5.2519001960754395,5.2519001960754395,5.2519001960754395,5.2519001960754395,1441.0
2024-10-25 11:04:00+00:00,SIMO,57.10499954223633,57.10499954223633,57.10499954223633,57.095001220703125,57.095001220703125,363.0
2024-10-25 11:04:00+00:00,SITM,184.3800048828125,184.3800048828125,184.3800048828125,184.3800048828125,184.3800048828125,606.0
2024-10-25 11:04:00+00:00,SKYT,10.609999656677246,10.609999656677246,10.65999984741211,10.609999656677246,10.65999984741211,428.0
2024-10-25 11:04:00+00:00,SLNH,4.25,4.25,4.25,4.25,4.25,358.0
2024-10-25 11:04:00+00:00,SLNHP,13.279999732971191,13.279999732971191,13.279999732971191,13.279999732971191,13.279999732971191,150.0
2024-10-25 11:04:00+00:00,SMCI,48.13999938964844,48.13999938964844,48.16999816894531,48.11000061035156,48.13999938964844,107738.0
2024-10-25 11:04:00+00:00,SMTC,45.68000030517578,45.68000030517578,45.72999954223633,45.68000030517578,45.720001220703125,578.0
2024-10-25 11:04:00+00:00,SNPS,504.360107421875,504.360107421875,504.360107421875,504.360107421875,504.360107421875,849.0
2024-10-25 11:04:00+00:00,SONO,12.925000190734863,12.925000190734863,12.925000190734863,12.925000190734863,12.925000190734863,1205.0
2024-10-25 11:04:00+00:00,SOUN,5.299200057983398,5.299200057983398,5.300000190734863,5.289999961853027,5.296000003814697,9894.0
2024-10-25 11:04:00+00:00,SPI,0.4230000078678131,0.4230000078678131,0.4230000078678131,0.4230000078678131,0.4230000078678131,1104.0
2024-10-25 11:04:00+00:00,SPNS,37.08000183105469,37.08000183105469,37.08000183105469,37.08000183105469,37.08000183105469,416.0
2024-10-25 11:04:00+00:00,SPSC,176.50999450683594,176.50999450683594,176.86000061035156,176.50999450683594,176.50999450683594,6575.0
2024-10-25 11:04:00+00:00,SSNC,69.48999786376953,69.48999786376953,69.52999877929688,69.48999786376953,69.5,2362.0
2024-10-25 11:04:00+00:00,STNE,11.539999961853027,11.539999961853027,11.545000076293945,11.524999618530273,11.545000076293945,6202.0
2024-10-25 11:04:00+00:00,STX,104.9813003540039,104.9813003540039,105.02999877929688,104.9520034790039,104.9520034790039,2145.0
2024-10-25 11:04:00+00:00,SVRE,0.08250000327825546,0.08250000327825546,0.08250000327825546,0.08250000327825546,0.08250000327825546,30006.0
2024-10-25 11:04:00+00:00,SWKS,96.38999938964844,96.38999938964844,96.38999938964844,96.37999725341797,96.37999725341797,469.0
2024-10-25 11:04:00+00:00,SYNA,73.6500015258789,73.6500015258789,73.6500015258789,73.44000244140625,73.44000244140625,3303.0
2024-10-25 11:04:00+00:00,SYTA,1.2409000396728516,1.2409000396728516,1.2699999809265137,1.2409000396728516,1.2604999542236328,3834.0
2024-10-25 11:04:00+00:00,TASK,11.890000343322754,11.890000343322754,11.899999618530273,11.890000343322754,11.890000343322754,1008.0
2024-10-25 11:04:00+00:00,TEAM,190.5850067138672,190.5850067138672,190.60000610351562,190.4770965576172,190.59500122070312,3155.0
2024-10-25 11:04:00+00:00,TER,113.04499816894531,113.04499816894531,113.05999755859375,112.97000122070312,112.9749984741211,6953.0
2024-10-25 11:04:00+00:00,TLS,3.6500000953674316,3.6500000953674316,3.6500000953674316,3.640000104904175,3.640000104904175,846.0
2024-10-25 11:04:00+00:00,TRMB,61.16999816894531,61.16999816894531,61.18629837036133,61.16999816894531,61.18629837036133,2624.0
2024-10-25 11:04:00+00:00,TSEM,45.0,45.0,45.060001373291016,44.9900016784668,45.04999923706055,2953.0
2024-10-25 11:04:00+00:00,TTD,120.30999755859375,120.30999755859375,120.40989685058594,120.30999755859375,120.36499786376953,3703.0
2024-10-25 11:04:00+00:00,TTMI,19.700000762939453,19.700000762939453,19.700000762939453,19.649999618530273,19.649999618530273,2359.0
2024-10-25 11:04:00+00:00,TWKS,4.454999923706055,4.454999923706055,4.460000038146973,4.449999809265137,4.449999809265137,1995.0
2024-10-25 11:04:00+00:00,TXN,209.63999938964844,209.63999938964844,209.7100067138672,209.50999450683594,209.52310180664062,14372.0
2024-10-25 11:04:00+00:00,UCTT,35.97999954223633,35.97999954223633,35.97999954223633,35.97999954223633,35.97999954223633,637.0
2024-10-25 11:04:00+00:00,UPLD,2.200000047683716,2.200000047683716,2.200000047683716,2.200000047683716,2.200000047683716,311.0
2024-10-25 11:04:00+00:00,VECO,29.520000457763672,29.520000457763672,29.520000457763672,29.489999771118164,29.489999771118164,1964.0
2024-10-25 11:04:00+00:00,VERB,10.180000305175781,10.180000305175781,10.180000305175781,10.180000305175781,10.180000305175781,200.0
2024-10-25 11:04:00+00:00,VMEO,4.78000020980835,4.78000020980835,4.78000020980835,4.78000020980835,4.78000020980835,354.0
2024-10-25 11:04:00+00:00,VNET,3.450000047683716,3.450000047683716,3.450000047683716,3.434999942779541,3.434999942779541,3555.0
2024-10-25 11:04:00+00:00,VOXX,7.639999866485596,7.639999866485596,7.639999866485596,7.639999866485596,7.639999866485596,217.0
2024-10-25 11:04:00+00:00,VRNS,57.03499984741211,57.03499984741211,57.03499984741211,56.9900016784668,56.9900016784668,2553.0
2024-10-25 11:04:00+00:00,VRSN,185.67999267578125,185.67999267578125,185.9149932861328,185.64999389648438,185.89999389648438,2822.0
2024-10-25 11:04:00+00:00,WDAY,240.9199981689453,240.9199981689453,241.00999450683594,240.88999938964844,240.99000549316406,3970.0
2024-10-25 11:04:00+00:00,WDC,72.5,72.5,72.50599670410156,72.4000015258789,72.48999786376953,28140.0
2024-10-25 11:04:00+00:00,WISA,1.8487999439239502,1.8487999439239502,1.8487999439239502,1.8487999439239502,1.8487999439239502,400.0
2024-10-25 11:04:00+00:00,WLDS,3.369999885559082,3.369999885559082,3.369999885559082,3.369999885559082,3.369999885559082,221.0
2024-10-25 11:04:00+00:00,WRAP,1.850000023841858,1.850000023841858,1.850000023841858,1.850000023841858,1.850000023841858,3137.0
2024-10-25 11:04:00+00:00,XPER,9.470800399780273,9.470800399780273,9.470800399780273,9.470800399780273,9.470800399780273,1189.0
2024-10-25 11:04:00+00:00,ZBRA,364.2699890136719,364.2699890136719,364.2699890136719,364.2699890136719,364.2699890136719,649.0
2024-10-25 11:04:00+00:00,ZI,10.600000381469727,10.600000381469727,10.600000381469727,10.582500457763672,10.582500457763672,4896.0
2024-10-25 11:04:00+00:00,ZM,73.30500030517578,73.30500030517578,73.30999755859375,73.30500030517578,73.30999755859375,1511.0
2024-10-25 11:04:00+00:00,ZS,187.6898956298828,187.6898956298828,187.6898956298828,187.40269470214844,187.5428924560547,1682.0
2024-10-25 11:05:00+00:00,AAOI,18.309999465942383,18.309999465942383,18.309999465942383,18.308000564575195,18.308000564575195,715.0
2024-10-25 11:05:00+00:00,AAPL,233.04969787597656,233.04969787597656,233.0749969482422,232.9499969482422,232.9499969482422,44275.0
2024-10-25 11:05:00+00:00,ACIW,49.154998779296875,49.154998779296875,49.198699951171875,49.154998779296875,49.198699951171875,972.0
2024-10-25 11:05:00+00:00,ACLS,90.87000274658203,90.87000274658203,90.87000274658203,90.87000274658203,90.87000274658203,527.0
2024-10-25 11:05:00+00:00,ACMR,19.893400192260742,19.893400192260742,19.899999618530273,19.889999389648438,19.889999389648438,1206.0
2024-10-25 11:05:00+00:00,ADBE,485.4649963378906,485.4649963378906,485.4649963378906,485.2001037597656,485.3800048828125,4814.0
2024-10-25 11:05:00+00:00,ADI,233.48500061035156,233.48500061035156,233.5449981689453,233.48500061035156,233.5449981689453,1895.0
2024-10-25 11:05:00+00:00,ADSK,288.4100036621094,288.4100036621094,288.489990234375,288.4100036621094,288.489990234375,1211.0
2024-10-25 11:05:00+00:00,AEHR,16.625,16.625,16.625,16.625,16.625,577.0
2024-10-25 11:05:00+00:00,AFRM,41.970001220703125,41.970001220703125,42.06999969482422,41.959999084472656,42.06999969482422,8215.0
2024-10-25 11:05:00+00:00,AKAM,103.26000213623047,103.26000213623047,103.26000213623047,103.26000213623047,103.26000213623047,413.0
2024-10-25 11:05:00+00:00,AKTS,0.057500001043081284,0.057500001043081284,0.05770000070333481,0.057500001043081284,0.05770000070333481,23549.0
2024-10-25 11:05:00+00:00,ALGM,22.65999984741211,22.65999984741211,22.65999984741211,22.610000610351562,22.610000610351562,3182.0
2024-10-25 11:05:00+00:00,AMAT,188.1999969482422,188.1999969482422,188.3699951171875,188.19000244140625,188.20010375976562,16040.0
2024-10-25 11:05:00+00:00,AMD,157.35000610351562,157.35000610351562,157.35049438476562,157.27000427246094,157.3000030517578,45042.0
2024-10-25 11:05:00+00:00,AMKR,30.020000457763672,30.020000457763672,30.020000457763672,30.020000457763672,30.020000457763672,289.0
2024-10-25 11:05:00+00:00,ANSS,327.1300048828125,327.1300048828125,327.1300048828125,327.0249938964844,327.0249938964844,550.0
2024-10-25 11:05:00+00:00,APP,163.5500030517578,163.5500030517578,163.6199951171875,163.48500061035156,163.61000061035156,4554.0
2024-10-25 11:05:00+00:00,APPF,215.97000122070312,215.97000122070312,215.97000122070312,215.97000122070312,215.97000122070312,1934.0
2024-10-25 11:05:00+00:00,APPS,3.125,3.125,3.125,3.125,3.125,340.0
2024-10-25 11:05:00+00:00,ARQQ,7.210000038146973,7.210000038146973,7.210000038146973,7.199999809265137,7.199999809265137,2318.0
2024-10-25 11:05:00+00:00,ARRY,6.454999923706055,6.454999923706055,6.460000038146973,6.454999923706055,6.454999923706055,3802.0
2024-10-25 11:05:00+00:00,ASML,719.030029296875,719.030029296875,719.5042114257812,718.9400024414062,719.4349975585938,6128.0
2024-10-25 11:05:00+00:00,AUR,6.46999979019165,6.46999979019165,6.46999979019165,6.46999979019165,6.46999979019165,1277.0
2024-10-25 11:05:00+00:00,AVGO,176.17449951171875,176.17449951171875,176.24000549316406,176.07000732421875,176.10000610351562,28760.0
2024-10-25 11:05:00+00:00,AVT,54.45100021362305,54.45100021362305,54.470001220703125,54.45100021362305,54.470001220703125,254.0
2024-10-25 11:05:00+00:00,BEEM,4.889999866485596,4.889999866485596,4.889999866485596,4.889999866485596,4.889999866485596,0.0
2024-10-25 11:05:00+00:00,BIGC,5.355000019073486,5.355000019073486,5.355000019073486,5.355000019073486,5.355000019073486,1245.0
2024-10-25 11:05:00+00:00,BL,56.51499938964844,56.51499938964844,56.56999969482422,56.5099983215332,56.56999969482422,1158.0
2024-10-25 11:05:00+00:00,BRZE,30.920000076293945,30.920000076293945,30.920000076293945,30.920000076293945,30.920000076293945,291.0
2024-10-25 11:05:00+00:00,BSY,49.380001068115234,49.380001068115234,49.380001068115234,49.380001068115234,49.380001068115234,365.0
2024-10-25 11:05:00+00:00,CAMT,78.68710327148438,78.68710327148438,78.79000091552734,78.68710327148438,78.79000091552734,1881.0
2024-10-25 11:05:00+00:00,CAN,1.0049999952316284,1.0049999952316284,1.00600004196167,1.0,1.0049999952316284,18913.0
2024-10-25 11:05:00+00:00,CDNS,259.2200012207031,259.2200012207031,259.2200012207031,258.989990234375,259.0899963378906,4522.0
2024-10-25 11:05:00+00:00,CDW,218.97999572753906,218.97999572753906,218.97999572753906,218.97999572753906,218.97999572753906,1460.0
2024-10-25 11:05:00+00:00,CEVA,24.264999389648438,24.264999389648438,24.264999389648438,24.264999389648438,24.264999389648438,3358.0
2024-10-25 11:05:00+00:00,CFLT,22.799999237060547,22.799999237060547,22.809999465942383,22.78499984741211,22.78499984741211,4717.0
2024-10-25 11:05:00+00:00,CGNX,39.099998474121094,39.099998474121094,39.11000061035156,39.095001220703125,39.11000061035156,2001.0
2024-10-25 11:05:00+00:00,CHKP,207.4199981689453,207.4199981689453,207.4199981689453,207.4149932861328,207.41749572753906,589.0
2024-10-25 11:05:00+00:00,CLSK,12.13010025024414,12.13010025024414,12.145000457763672,12.109999656677246,12.135000228881836,88613.0
2024-10-25 11:05:00+00:00,CNXC,45.05500030517578,45.05500030517578,45.05500030517578,45.05500030517578,45.05500030517578,465.0
2024-10-25 11:05:00+00:00,COHR,96.43000030517578,96.43000030517578,96.43000030517578,96.43000030517578,96.43000030517578,3754.0
2024-10-25 11:05:00+00:00,COHU,26.399999618530273,26.399999618530273,26.399999618530273,26.399999618530273,26.399999618530273,390.0
2024-10-25 11:05:00+00:00,COIN,212.72999572753906,212.72999572753906,212.8000030517578,212.5,212.7899932861328,10966.0
2024-10-25 11:05:00+00:00,CORZ,13.489999771118164,13.489999771118164,13.489999771118164,13.46500015258789,13.489999771118164,3711.0
2024-10-25 11:05:00+00:00,CRDO,39.45500183105469,39.45500183105469,39.45500183105469,39.41999816894531,39.41999816894531,454.0
2024-10-25 11:05:00+00:00,CRSR,6.466000080108643,6.466000080108643,6.466000080108643,6.465000152587891,6.465000152587891,829.0
2024-10-25 11:05:00+00:00,CRWD,310.8349914550781,310.8349914550781,310.8399963378906,310.7799987792969,310.8399963378906,3183.0
2024-10-25 11:05:00+00:00,CSCO,56.09000015258789,56.09000015258789,56.099998474121094,56.084999084472656,56.095001220703125,33047.0
2024-10-25 11:05:00+00:00,CSIQ,13.678000450134277,13.678000450134277,13.680000305175781,13.660099983215332,13.660099983215332,4739.0
2024-10-25 11:05:00+00:00,CTSH,74.88999938964844,74.88999938964844,74.9000015258789,74.87999725341797,74.87999725341797,4170.0
2024-10-25 11:05:00+00:00,DATS,1.5700000524520874,1.5700000524520874,1.5799000263214111,1.559999942779541,1.559999942779541,2252.0
2024-10-25 11:05:00+00:00,DAVE,40.01499938964844,40.01499938964844,40.01499938964844,40.01499938964844,40.01499938964844,380.0
2024-10-25 11:05:00+00:00,DBX,26.135000228881836,26.135000228881836,26.135000228881836,26.13450050354004,26.13450050354004,988.0
2024-10-25 11:05:00+00:00,DDOG,127.19999694824219,127.19999694824219,127.2699966430664,127.19999694824219,127.24620056152344,2590.0
2024-10-25 11:05:00+00:00,DGHI,1.4670000076293945,1.4670000076293945,1.4696999788284302,1.4670000076293945,1.4696999788284302,5405.0
2024-10-25 11:05:00+00:00,DGII,30.520000457763672,30.520000457763672,30.520000457763672,30.520000457763672,30.520000457763672,381.0
2024-10-25 11:05:00+00:00,DLO,8.859999656677246,8.859999656677246,8.859999656677246,8.859999656677246,8.859999656677246,803.0
2024-10-25 11:05:00+00:00,DOCU,70.72000122070312,70.72000122070312,70.72000122070312,70.69999694824219,70.69999694824219,1160.0
2024-10-25 11:05:00+00:00,DOMO,8.0,8.0,8.050000190734863,8.0,8.050000190734863,15664.0
2024-10-25 11:05:00+00:00,DOX,89.9800033569336,89.9800033569336,89.9800033569336,89.97000122070312,89.97000122070312,431.0
2024-10-25 11:05:00+00:00,DSWL,2.630000114440918,2.630000114440918,2.630000114440918,2.630000114440918,2.630000114440918,354.0
2024-10-25 11:05:00+00:00,ENPH,82.60639953613281,82.60639953613281,82.67990112304688,82.52999877929688,82.58679962158203,9435.0
2024-10-25 11:05:00+00:00,ENTG,105.51499938964844,105.51499938964844,105.51499938964844,105.4749984741211,105.4749984741211,762.0
2024-10-25 11:05:00+00:00,ERIC,8.53499984741211,8.53499984741211,8.53600025177002,8.529999732971191,8.529999732971191,24120.0
2024-10-25 11:05:00+00:00,EXTR,14.569999694824219,14.569999694824219,14.569999694824219,14.5600004196167,14.5600004196167,967.0
2024-10-25 11:05:00+00:00,FEIM,12.201000213623047,12.201000213623047,12.201000213623047,12.201000213623047,12.201000213623047,724.0
2024-10-25 11:05:00+00:00,FFIV,216.32000732421875,216.32000732421875,216.32000732421875,216.27999877929688,216.27999877929688,973.0
2024-10-25 11:05:00+00:00,FIVN,30.56999969482422,30.56999969482422,30.690000534057617,30.559999465942383,30.684900283813477,5047.0
2024-10-25 11:05:00+00:00,FLEX,35.474998474121094,35.474998474121094,35.4900016784668,35.474998474121094,35.4900016784668,3283.0
2024-10-25 11:05:00+00:00,FLYW,17.559999465942383,17.559999465942383,17.56999969482422,17.549999237060547,17.549999237060547,571.0
2024-10-25 11:05:00+00:00,FRGT,1.899999976158142,1.899999976158142,1.899999976158142,1.899999976158142,1.899999976158142,1617.0
2024-10-25 11:05:00+00:00,FRSH,11.720000267028809,11.720000267028809,11.720000267028809,11.710000038146973,11.710000038146973,994.0
2024-10-25 11:05:00+00:00,FSLR,199.5800018310547,199.5800018310547,199.5800018310547,199.28759765625,199.4199981689453,2529.0
2024-10-25 11:05:00+00:00,FTNT,81.61000061035156,81.61000061035156,81.62999725341797,81.58999633789062,81.62000274658203,2510.0
2024-10-25 11:05:00+00:00,GCT,25.565000534057617,25.565000534057617,25.59000015258789,25.565000534057617,25.59000015258789,1076.0
2024-10-25 11:05:00+00:00,GDS,21.575000762939453,21.575000762939453,21.575000762939453,21.575000762939453,21.575000762939453,496.0
2024-10-25 11:05:00+00:00,GFS,41.279998779296875,41.279998779296875,41.33000183105469,41.27000045776367,41.33000183105469,3552.0
2024-10-25 11:05:00+00:00,GPRO,1.3350000381469727,1.3350000381469727,1.340000033378601,1.3350000381469727,1.3350000381469727,1297.0
2024-10-25 11:05:00+00:00,GRAB,4.071599960327148,4.071599960327148,4.079999923706055,4.070000171661377,4.074999809265137,7412.0
2024-10-25 11:05:00+00:00,GRRR,4.594299793243408,4.594299793243408,4.594299793243408,4.591700077056885,4.591700077056885,349.0
2024-10-25 11:05:00+00:00,GTLB,55.9119987487793,55.9119987487793,55.9119987487793,55.9119987487793,55.9119987487793,531.0
2024-10-25 11:05:00+00:00,HCKT,24.850000381469727,24.850000381469727,24.850000381469727,24.850000381469727,24.850000381469727,381.0
2024-10-25 11:05:00+00:00,HOLO,3.7499001026153564,3.7499001026153564,3.7499001026153564,3.7499001026153564,3.7499001026153564,151.0
2024-10-25 11:05:00+00:00,HOOD,27.607999801635742,27.607999801635742,27.610000610351562,27.559999465942383,27.584999084472656,13950.0
2024-10-25 11:05:00+00:00,IIIV,22.9950008392334,22.9950008392334,22.9950008392334,22.9950008392334,22.9950008392334,112.0
2024-10-25 11:05:00+00:00,INDI,3.6050000190734863,3.6050000190734863,3.6050000190734863,3.6050000190734863,3.6050000190734863,7087.0
2024-10-25 11:05:00+00:00,INTC,23.138399124145508,23.138399124145508,23.159000396728516,23.1200008392334,23.155000686645508,132172.0
2024-10-25 11:05:00+00:00,INTU,611.8900146484375,611.8900146484375,611.89501953125,611.6300048828125,611.89501953125,1487.0
2024-10-25 11:05:00+00:00,IPGP,77.18499755859375,77.18499755859375,77.18499755859375,77.18499755859375,77.18499755859375,1061.0
2024-10-25 11:05:00+00:00,ITI,7.199999809265137,7.199999809265137,7.199999809265137,7.199999809265137,7.199999809265137,322.0
2024-10-25 11:05:00+00:00,KC,2.734999895095825,2.734999895095825,2.734999895095825,2.7309000492095947,2.7309000492095947,1173.0
2024-10-25 11:05:00+00:00,KLAC,679.4949951171875,679.4949951171875,679.7100219726562,679.4949951171875,679.6599731445312,2963.0
2024-10-25 11:05:00+00:00,KLIC,44.40999984741211,44.40999984741211,44.40999984741211,44.40999984741211,44.40999984741211,392.0
2024-10-25 11:05:00+00:00,KOSS,7.409999847412109,7.409999847412109,7.429999828338623,7.406000137329102,7.420000076293945,3700.0
2024-10-25 11:05:00+00:00,LINK,4.948699951171875,4.948699951171875,4.949999809265137,4.849999904632568,4.850100040435791,17305.0
2024-10-25 11:05:00+00:00,LITE,64.58999633789062,64.58999633789062,64.58999633789062,64.58000183105469,64.58000183105469,861.0
2024-10-25 11:05:00+00:00,LOGI,81.2300033569336,81.2300033569336,81.25499725341797,81.2300033569336,81.24500274658203,767.0
2024-10-25 11:05:00+00:00,LPSN,1.1950000524520874,1.1950000524520874,1.1950000524520874,1.1950000524520874,1.1950000524520874,20000.0
2024-10-25 11:05:00+00:00,LRCX,78.7699966430664,78.7699966430664,78.81999969482422,78.75,78.75,25740.0
2024-10-25 11:05:00+00:00,LSCC,54.4900016784668,54.4900016784668,54.5,54.4900016784668,54.5,849.0
2024-10-25 11:05:00+00:00,LUNA,1.7949999570846558,1.7949999570846558,1.7949999570846558,1.7949999570846558,1.7949999570846558,109.0
2024-10-25 11:05:00+00:00,LYFT,13.779999732971191,13.779999732971191,13.795000076293945,13.779999732971191,13.79319953918457,13029.0
2024-10-25 11:05:00+00:00,LYT,2.0199999809265137,2.0199999809265137,2.0199999809265137,2.0199999809265137,2.0199999809265137,451.0
2024-10-25 11:05:00+00:00,LYTS,16.350000381469727,16.350000381469727,16.350000381469727,16.350000381469727,16.350000381469727,1241.0
2024-10-25 11:05:00+00:00,MAPS,0.8485000133514404,0.8485000133514404,0.8485000133514404,0.8468999862670898,0.8468999862670898,1240.0
2024-10-25 11:05:00+00:00,MCHP,77.13999938964844,77.13999938964844,77.16000366210938,77.11000061035156,77.1500015258789,10721.0
2024-10-25 11:05:00+00:00,MDB,268.4700012207031,268.4700012207031,268.68560791015625,268.4700012207031,268.68560791015625,1163.0
2024-10-25 11:05:00+00:00,MITK,8.800000190734863,8.800000190734863,8.800000190734863,8.800000190734863,8.800000190734863,408.0
2024-10-25 11:05:00+00:00,MKSI,100.80500030517578,100.80500030517578,100.80500030517578,100.80500030517578,100.80500030517578,721.0
2024-10-25 11:05:00+00:00,MNDY,300.3399963378906,300.3399963378906,300.3399963378906,299.9599914550781,299.9599914550781,3312.0
2024-10-25 11:05:00+00:00,MQ,5.324999809265137,5.324999809265137,5.324999809265137,5.324999809265137,5.324999809265137,1520.0
2024-10-25 11:05:00+00:00,MRVL,82.7300033569336,82.7300033569336,82.87000274658203,82.69000244140625,82.8550033569336,26072.0
2024-10-25 11:05:00+00:00,MSFT,431.1700134277344,431.1700134277344,431.260009765625,431.0899963378906,431.1400146484375,24890.0
2024-10-25 11:05:00+00:00,MSTR,244.39999389648438,244.39999389648438,244.39999389648438,243.31500244140625,243.6999969482422,59105.0
2024-10-25 11:05:00+00:00,MTC,0.37400001287460327,0.37400001287460327,0.37400001287460327,0.37400001287460327,0.37400001287460327,321.0
2024-10-25 11:05:00+00:00,MTTR,4.650199890136719,4.650199890136719,4.650199890136719,4.650000095367432,4.650000095367432,392.0
2024-10-25 11:05:00+00:00,MU,109.44999694824219,109.44999694824219,109.44999694824219,109.37999725341797,109.41999816894531,25684.0
2024-10-25 11:05:00+00:00,MVIS,1.1050000190734863,1.1050000190734863,1.1100000143051147,1.1050000190734863,1.1100000143051147,750.0
2024-10-25 11:05:00+00:00,MXL,15.289999961853027,15.289999961853027,15.34000015258789,15.289999961853027,15.34000015258789,4055.0
2024-10-25 11:05:00+00:00,NCNO,38.010101318359375,38.010101318359375,38.010101318359375,38.010101318359375,38.010101318359375,645.0
2024-10-25 11:05:00+00:00,NNDM,2.3503000736236572,2.3503000736236572,2.3503000736236572,2.3503000736236572,2.3503000736236572,276.0
2024-10-25 11:05:00+00:00,NTAP,120.5199966430664,120.5199966430664,120.5199966430664,120.4800033569336,120.4800033569336,607.0
2024-10-25 11:05:00+00:00,NTCT,20.6200008392334,20.6200008392334,20.6299991607666,20.600000381469727,20.600000381469727,1042.0
2024-10-25 11:05:00+00:00,NTNX,62.630001068115234,62.630001068115234,62.630001068115234,62.630001068115234,62.630001068115234,654.0
2024-10-25 11:05:00+00:00,NVDA,143.5800018310547,143.5800018310547,143.5800018310547,143.4199981689453,143.46600341796875,366107.0
2024-10-25 11:05:00+00:00,NVTS,2.625,2.625,2.625,2.625,2.625,3352.0
2024-10-25 11:05:00+00:00,NXPI,244.70989990234375,244.70989990234375,244.70989990234375,244.5050048828125,244.5050048828125,707.0
2024-10-25 11:05:00+00:00,OKTA,72.87000274658203,72.87000274658203,72.87000274658203,72.87000274658203,72.87000274658203,809.0
2024-10-25 11:05:00+00:00,ON,71.69000244140625,71.69000244140625,71.70099639892578,71.6500015258789,71.70099639892578,3905.0
2024-10-25 11:05:00+00:00,PANW,371.7950134277344,371.7950134277344,371.79998779296875,371.7300109863281,371.7300109863281,3623.0
2024-10-25 11:05:00+00:00,PAYO,8.329999923706055,8.329999923706055,8.329999923706055,8.329999923706055,8.329999923706055,717.0
2024-10-25 11:05:00+00:00,PEGA,81.25,81.25,81.30999755859375,81.2300033569336,81.29000091552734,16385.0
2024-10-25 11:05:00+00:00,PEGY,4.610000133514404,4.610000133514404,4.610000133514404,4.610000133514404,4.610000133514404,168.0
2024-10-25 11:05:00+00:00,PGY,11.949999809265137,11.949999809265137,11.949999809265137,11.920000076293945,11.9399995803833,2690.0
2024-10-25 11:05:00+00:00,PHUN,9.817999839782715,9.817999839782715,9.842599868774414,9.8149995803833,9.829999923706055,23528.0
2024-10-25 11:05:00+00:00,PI,203.24000549316406,203.24000549316406,204.1300048828125,203.24000549316406,204.1300048828125,10418.0
2024-10-25 11:05:00+00:00,POET,4.019999980926514,4.019999980926514,4.019999980926514,4.019999980926514,4.019999980926514,600.0
2024-10-25 11:05:00+00:00,POWI,63.255001068115234,63.255001068115234,63.380001068115234,63.255001068115234,63.380001068115234,665.0
2024-10-25 11:05:00+00:00,PRCH,1.3450000286102295,1.3450000286102295,1.3450000286102295,1.3450000286102295,1.3450000286102295,431.0
2024-10-25 11:05:00+00:00,PUBM,15.024999618530273,15.024999618530273,15.029999732971191,15.020000457763672,15.020000457763672,3335.0
2024-10-25 11:05:00+00:00,PYCR,14.390000343322754,14.390000343322754,14.399999618530273,14.390000343322754,14.399999618530273,795.0
2024-10-25 11:05:00+00:00,QCOM,172.8699951171875,172.8699951171875,172.97000122070312,172.85000610351562,172.97000122070312,17476.0
2024-10-25 11:05:00+00:00,QRVO,100.31999969482422,100.31999969482422,100.375,100.31999969482422,100.37000274658203,1295.0
2024-10-25 11:05:00+00:00,QUBT,1.1150000095367432,1.1150000095367432,1.1150000095367432,1.1150000095367432,1.1150000095367432,1598.0
2024-10-25 11:05:00+00:00,RELL,13.90999984741211,13.90999984741211,13.90999984741211,13.885000228881836,13.885000228881836,2933.0
2024-10-25 11:05:00+00:00,RELY,14.710000038146973,14.710000038146973,14.729999542236328,14.710000038146973,14.720000267028809,2444.0
2024-10-25 11:05:00+00:00,RGTI,1.2999000549316406,1.2999000549316406,1.2999999523162842,1.2905000448226929,1.2999999523162842,14402.0
2024-10-25 11:05:00+00:00,RIOT,10.194999694824219,10.194999694824219,10.196000099182129,10.180000305175781,10.190099716186523,24269.0
2024-10-25 11:05:00+00:00,RMBS,43.099998474121094,43.099998474121094,43.130001068115234,43.09000015258789,43.130001068115234,2031.0
2024-10-25 11:05:00+00:00,RMNI,1.7200000286102295,1.7200000286102295,1.7200000286102295,1.7200000286102295,1.7200000286102295,225.0
2024-10-25 11:05:00+00:00,RPAY,7.65500020980835,7.65500020980835,7.65500020980835,7.65500020980835,7.65500020980835,919.0
2024-10-25 11:05:00+00:00,RPD,39.29999923706055,39.29999923706055,39.29999923706055,39.279998779296875,39.279998779296875,3762.0
2024-10-25 11:05:00+00:00,RUM,5.804999828338623,5.804999828338623,5.804999828338623,5.804999828338623,5.804999828338623,3074.0
2024-10-25 11:05:00+00:00,RUN,14.46500015258789,14.46500015258789,14.470000267028809,14.454700469970703,14.460000038146973,11670.0
2024-10-25 11:05:00+00:00,SEDG,15.930000305175781,15.930000305175781,15.9399995803833,15.910099983215332,15.930000305175781,1768.0
2024-10-25 11:05:00+00:00,SHLS,5.255000114440918,5.255000114440918,5.255000114440918,5.255000114440918,5.255000114440918,8727.0
2024-10-25 11:05:00+00:00,SIMO,57.13050079345703,57.13050079345703,57.13050079345703,57.13050079345703,57.13050079345703,206.0
2024-10-25 11:05:00+00:00,SKYT,10.625,10.625,10.625,10.625,10.625,65.0
2024-10-25 11:05:00+00:00,SLNH,4.25,4.25,4.25,4.25,4.25,786.0
2024-10-25 11:05:00+00:00,SMCI,48.29999923706055,48.29999923706055,48.310001373291016,48.11000061035156,48.13100051879883,263348.0
2024-10-25 11:05:00+00:00,SMTC,45.720001220703125,45.720001220703125,45.720001220703125,45.720001220703125,45.720001220703125,670.0
2024-10-25 11:05:00+00:00,SOUN,5.304999828338623,5.304999828338623,5.308199882507324,5.289999961853027,5.295000076293945,51204.0
2024-10-25 11:05:00+00:00,SPSC,176.875,176.875,177.0,176.6300048828125,177.0,2317.0
2024-10-25 11:05:00+00:00,SRAD,12.395000457763672,12.395000457763672,12.395000457763672,12.395000457763672,12.395000457763672,165.0
2024-10-25 11:05:00+00:00,SSNC,69.5,69.5,69.5199966430664,69.48999786376953,69.48999786376953,5909.0
2024-10-25 11:05:00+00:00,STER,16.75,16.75,16.75,16.75,16.75,7.0
2024-10-25 11:05:00+00:00,STNE,11.53499984741211,11.53499984741211,11.539899826049805,11.53499984741211,11.53600025177002,2701.0
2024-10-25 11:05:00+00:00,STX,105.0,105.0,105.0,104.9800033569336,104.9800033569336,1100.0
2024-10-25 11:05:00+00:00,SVRE,0.08250000327825546,0.08250000327825546,0.08250000327825546,0.08250000327825546,0.08250000327825546,5211.0
2024-10-25 11:05:00+00:00,SWKS,96.43000030517578,96.43000030517578,96.43000030517578,96.3949966430664,96.3949966430664,2717.0
2024-10-25 11:05:00+00:00,SYNA,73.70999908447266,73.70999908447266,73.70999908447266,73.70999908447266,73.70999908447266,542.0
2024-10-25 11:05:00+00:00,SYTA,1.25,1.25,1.25,1.2300000190734863,1.2400000095367432,10606.0
2024-10-25 11:05:00+00:00,TASK,11.869999885559082,11.869999885559082,11.869999885559082,11.869999885559082,11.869999885559082,474.0
2024-10-25 11:05:00+00:00,TEAM,190.53500366210938,190.53500366210938,190.5850067138672,190.4499969482422,190.57269287109375,2418.0
2024-10-25 11:05:00+00:00,TENB,41.56999969482422,41.56999969482422,41.60499954223633,41.56999969482422,41.60499954223633,1983.0
2024-10-25 11:05:00+00:00,TER,113.11499786376953,113.11499786376953,113.16000366210938,113.08599853515625,113.12000274658203,5165.0
2024-10-25 11:05:00+00:00,TRMB,61.16999816894531,61.16999816894531,61.18000030517578,61.16999816894531,61.18000030517578,404.0
2024-10-25 11:05:00+00:00,TTD,120.30249786376953,120.30249786376953,120.33999633789062,120.22059631347656,120.27130126953125,3596.0
2024-10-25 11:05:00+00:00,TWKS,4.454999923706055,4.454999923706055,4.460000038146973,4.454999923706055,4.460000038146973,4001.0
2024-10-25 11:05:00+00:00,TXN,209.5800018310547,209.5800018310547,209.71499633789062,209.55499267578125,209.7050018310547,11088.0
2024-10-25 11:05:00+00:00,VCSA,2.430000066757202,2.430000066757202,2.430000066757202,2.430000066757202,2.430000066757202,818.0
2024-10-25 11:05:00+00:00,VECO,29.520000457763672,29.520000457763672,29.524999618530273,29.520000457763672,29.520000457763672,813.0
2024-10-25 11:05:00+00:00,VERB,10.239999771118164,10.239999771118164,10.239999771118164,10.109999656677246,10.119999885559082,2102.0
2024-10-25 11:05:00+00:00,VERX,42.40359878540039,42.40359878540039,42.40359878540039,42.40359878540039,42.40359878540039,703.0
2024-10-25 11:05:00+00:00,VIAV,9.21500015258789,9.21500015258789,9.21500015258789,9.21500015258789,9.21500015258789,403.0
2024-10-25 11:05:00+00:00,VICR,47.34000015258789,47.34000015258789,47.34000015258789,47.33000183105469,47.33000183105469,1334.0
2024-10-25 11:05:00+00:00,VMEO,4.78000020980835,4.78000020980835,4.78000020980835,4.769999980926514,4.775000095367432,700.0
2024-10-25 11:05:00+00:00,VNET,3.4600000381469727,3.4600000381469727,3.4600000381469727,3.4600000381469727,3.4600000381469727,1401.0
2024-10-25 11:05:00+00:00,VRNS,57.0099983215332,57.0099983215332,57.0099983215332,57.0099983215332,57.0099983215332,1562.0
2024-10-25 11:05:00+00:00,VRNT,22.295000076293945,22.295000076293945,22.295000076293945,22.295000076293945,22.295000076293945,410.0
2024-10-25 11:05:00+00:00,VRSN,185.57749938964844,185.57749938964844,185.72000122070312,185.57749938964844,185.72000122070312,1157.0
2024-10-25 11:05:00+00:00,VSAT,10.319999694824219,10.319999694824219,10.324999809265137,10.319999694824219,10.324999809265137,1013.0
2024-10-25 11:05:00+00:00,VUZI,1.315000057220459,1.315000057220459,1.3174999952316284,1.315000057220459,1.3174999952316284,326.0
2024-10-25 11:05:00+00:00,WDAY,240.8300018310547,240.8300018310547,240.9199981689453,240.8300018310547,240.9199981689453,835.0
2024-10-25 11:05:00+00:00,WDC,72.52999877929688,72.52999877929688,72.52999877929688,72.43000030517578,72.51499938964844,16660.0
2024-10-25 11:05:00+00:00,WISA,1.8487999439239502,1.8487999439239502,1.8487999439239502,1.8450000286102295,1.8450000286102295,596.0
2024-10-25 11:05:00+00:00,XRX,10.194999694824219,10.194999694824219,10.194999694824219,10.1850004196167,10.1899995803833,1949.0
2024-10-25 11:05:00+00:00,ZI,10.595000267028809,10.595000267028809,10.600000381469727,10.59000015258789,10.595000267028809,4287.0
2024-10-25 11:05:00+00:00,ZM,73.26499938964844,73.26499938964844,73.30000305175781,73.26499938964844,73.30000305175781,1963.0
2024-10-25 11:05:00+00:00,ZS,187.63729858398438,187.63729858398438,187.63729858398438,187.63729858398438,187.63729858398438,433.0
2024-10-25 11:06:00+00:00,AAOI,18.360000610351562,18.360000610351562,18.3700008392334,18.34000015258789,18.36989974975586,3181.0
2024-10-25 11:06:00+00:00,AAPL,233.125,233.125,233.13499450683594,233.0,233.05569458007812,71533.0
2024-10-25 11:06:00+00:00,ACLS,91.0,91.0,91.0,90.87000274658203,90.87000274658203,1134.0
2024-10-25 11:06:00+00:00,ACMR,19.93269920349121,19.93269920349121,19.93269920349121,19.93269920349121,19.93269920349121,113.0
2024-10-25 11:06:00+00:00,ADBE,485.3800048828125,485.3800048828125,485.53070068359375,485.2825012207031,485.53070068359375,4699.0
2024-10-25 11:06:00+00:00,ADI,233.77000427246094,233.77000427246094,233.77000427246094,233.50999450683594,233.50999450683594,4103.0
2024-10-25 11:06:00+00:00,ADSK,288.4200134277344,288.4200134277344,288.44000244140625,288.2099914550781,288.2099914550781,835.0
2024-10-25 11:06:00+00:00,AFRM,41.939998626708984,41.939998626708984,41.97999954223633,41.93000030517578,41.97999954223633,8118.0
2024-10-25 11:06:00+00:00,AKTS,0.057100001722574234,0.057100001722574234,0.057100001722574234,0.05700000002980232,0.057100001722574234,26005.0
2024-10-25 11:06:00+00:00,ALGM,22.729999542236328,22.729999542236328,22.729999542236328,22.700000762939453,22.700000762939453,1370.0
2024-10-25 11:06:00+00:00,ALKT,38.33000183105469,38.33000183105469,38.33000183105469,38.33000183105469,38.33000183105469,152.0
2024-10-25 11:06:00+00:00,ALTR,105.90499877929688,105.90499877929688,105.90499877929688,105.90499877929688,105.90499877929688,461.0
2024-10-25 11:06:00+00:00,AMAT,188.5,188.5,188.5,188.19129943847656,188.25999450683594,4892.0
2024-10-25 11:06:00+00:00,AMBA,58.79999923706055,58.79999923706055,58.79999923706055,58.709999084472656,58.709999084472656,1112.0
2024-10-25 11:06:00+00:00,AMD,157.51759338378906,157.51759338378906,157.52999877929688,157.3699951171875,157.3699951171875,63025.0
2024-10-25 11:06:00+00:00,AMKR,30.030000686645508,30.030000686645508,30.040000915527344,30.030000686645508,30.030000686645508,2841.0
2024-10-25 11:06:00+00:00,AMPL,9.265000343322754,9.265000343322754,9.265000343322754,9.265000343322754,9.265000343322754,775.0
2024-10-25 11:06:00+00:00,ANY,1.0902999639511108,1.0902999639511108,1.0950000286102295,1.0902999639511108,1.0950000286102295,1108.0
2024-10-25 11:06:00+00:00,AOSL,36.59000015258789,36.59000015258789,36.59000015258789,36.47999954223633,36.47999954223633,601.0
2024-10-25 11:06:00+00:00,API,2.819499969482422,2.819499969482422,2.819999933242798,2.819499969482422,2.819999933242798,4200.0
2024-10-25 11:06:00+00:00,APP,163.0500030517578,163.0500030517578,163.61500549316406,163.0500030517578,163.61500549316406,22787.0
2024-10-25 11:06:00+00:00,APPF,217.125,217.125,217.1300048828125,216.7550048828125,216.7550048828125,4498.0
2024-10-25 11:06:00+00:00,APPS,3.125,3.125,3.125,3.119999885559082,3.125,1777.0
2024-10-25 11:06:00+00:00,ARQQ,7.2256999015808105,7.2256999015808105,7.2256999015808105,7.2256999015808105,7.2256999015808105,0.0
2024-10-25 11:06:00+00:00,ARRY,6.465000152587891,6.465000152587891,6.469900131225586,6.454999923706055,6.454999923706055,9717.0
2024-10-25 11:06:00+00:00,ASML,719.8599853515625,719.8599853515625,720.0499877929688,719.0,719.0250244140625,8106.0
2024-10-25 11:06:00+00:00,ASUR,9.75,9.75,9.75,9.75,9.75,301.0
2024-10-25 11:06:00+00:00,AUDC,9.180000305175781,9.180000305175781,9.180000305175781,9.180000305175781,9.180000305175781,680.0
2024-10-25 11:06:00+00:00,AUR,6.480000019073486,6.480000019073486,6.480000019073486,6.480000019073486,6.480000019073486,1276.0
2024-10-25 11:06:00+00:00,AVDX,8.194999694824219,8.194999694824219,8.199999809265137,8.194999694824219,8.194999694824219,1390.0
2024-10-25 11:06:00+00:00,AVGO,176.3000030517578,176.3000030517578,176.3000030517578,176.1699981689453,176.24270629882812,28208.0
2024-10-25 11:06:00+00:00,AVT,54.4900016784668,54.4900016784668,54.4900016784668,54.470001220703125,54.470001220703125,671.0
2024-10-25 11:06:00+00:00,BIGC,5.355000019073486,5.355000019073486,5.355000019073486,5.355000019073486,5.355000019073486,687.0
2024-10-25 11:06:00+00:00,BL,56.47999954223633,56.47999954223633,56.47999954223633,56.47999954223633,56.47999954223633,413.0
2024-10-25 11:06:00+00:00,BRZE,30.911500930786133,30.911500930786133,30.911500930786133,30.90999984741211,30.90999984741211,1338.0
2024-10-25 11:06:00+00:00,BSY,49.380001068115234,49.380001068115234,49.380001068115234,49.380001068115234,49.380001068115234,823.0
2024-10-25 11:06:00+00:00,CAN,1.0,1.0,1.0094000101089478,1.0,1.0049999952316284,5106.0
2024-10-25 11:06:00+00:00,CDNS,259.4200134277344,259.4200134277344,259.4200134277344,259.2950134277344,259.29998779296875,2553.0
2024-10-25 11:06:00+00:00,CETX,0.29670000076293945,0.29670000076293945,0.296999990940094,0.2955999970436096,0.2957000136375427,8610.0
2024-10-25 11:06:00+00:00,CFLT,22.799999237060547,22.799999237060547,22.825000762939453,22.790000915527344,22.809999465942383,9502.0
2024-10-25 11:06:00+00:00,CGNX,39.099998474121094,39.099998474121094,39.099998474121094,39.099998474121094,39.099998474121094,843.0
2024-10-25 11:06:00+00:00,CHKP,207.4199981689453,207.4199981689453,207.4199981689453,207.4199981689453,207.4199981689453,318.0
2024-10-25 11:06:00+00:00,CLBT,18.229999542236328,18.229999542236328,18.229999542236328,18.229999542236328,18.229999542236328,305.0
2024-10-25 11:06:00+00:00,CLSK,12.13010025024414,12.13010025024414,12.145000457763672,12.119999885559082,12.140000343322754,33057.0
2024-10-25 11:06:00+00:00,CNXC,45.06999969482422,45.06999969482422,45.06999969482422,45.05500030517578,45.05500030517578,325.0
2024-10-25 11:06:00+00:00,COHR,96.47000122070312,96.47000122070312,96.47000122070312,96.47000122070312,96.47000122070312,229.0
2024-10-25 11:06:00+00:00,COIN,212.75010681152344,212.75010681152344,213.0,212.72999572753906,212.8800048828125,37429.0
2024-10-25 11:06:00+00:00,COMM,6.409999847412109,6.409999847412109,6.420000076293945,6.409999847412109,6.414999961853027,575.0
2024-10-25 11:06:00+00:00,CORZ,13.494999885559082,13.494999885559082,13.499899864196777,13.489999771118164,13.489999771118164,2969.0
2024-10-25 11:06:00+00:00,CRDO,39.5099983215332,39.5099983215332,39.5099983215332,39.43000030517578,39.47999954223633,3643.0
2024-10-25 11:06:00+00:00,CRNT,2.4549999237060547,2.4549999237060547,2.4549999237060547,2.4509999752044678,2.4509999752044678,925.0
2024-10-25 11:06:00+00:00,CRUS,123.2300033569336,123.2300033569336,123.2300033569336,123.12999725341797,123.12999725341797,402.0
2024-10-25 11:06:00+00:00,CRWD,310.7749938964844,310.7749938964844,310.9999084472656,310.7243957519531,310.9999084472656,3016.0
2024-10-25 11:06:00+00:00,CSCO,56.095001220703125,56.095001220703125,56.11000061035156,56.09000015258789,56.095001220703125,13148.0
2024-10-25 11:06:00+00:00,CSIQ,13.699999809265137,13.699999809265137,13.699999809265137,13.675000190734863,13.675000190734863,2636.0
2024-10-25 11:06:00+00:00,CTSH,74.8949966430664,74.8949966430664,74.9000015258789,74.88500213623047,74.88500213623047,946.0
2024-10-25 11:06:00+00:00,CYBR,295.1828918457031,295.1828918457031,295.1828918457031,295.1828918457031,295.1828918457031,469.0
2024-10-25 11:06:00+00:00,DATS,1.5800000429153442,1.5800000429153442,1.5800000429153442,1.5694999694824219,1.5694999694824219,6951.0
2024-10-25 11:06:00+00:00,DBX,26.135000228881836,26.135000228881836,26.135000228881836,26.1299991607666,26.1299991607666,2534.0
2024-10-25 11:06:00+00:00,DDOG,127.29000091552734,127.29000091552734,127.29000091552734,127.22000122070312,127.22000122070312,3919.0
2024-10-25 11:06:00+00:00,DOCU,70.77999877929688,70.77999877929688,70.77999877929688,70.72000122070312,70.72000122070312,3974.0
2024-10-25 11:06:00+00:00,DOX,89.98999786376953,89.98999786376953,89.98999786376953,89.97000122070312,89.97000122070312,1282.0
2024-10-25 11:06:00+00:00,ENPH,82.69999694824219,82.69999694824219,82.70169830322266,82.5999984741211,82.63999938964844,4660.0
2024-10-25 11:06:00+00:00,ENTG,105.56999969482422,105.56999969482422,105.62000274658203,105.55000305175781,105.55000305175781,3382.0
2024-10-25 11:06:00+00:00,ERIC,8.529999732971191,8.529999732971191,8.529999732971191,8.529999732971191,8.529999732971191,1443.0
2024-10-25 11:06:00+00:00,EXTR,14.5600004196167,14.5600004196167,14.5649995803833,14.5600004196167,14.5649995803833,1939.0
2024-10-25 11:06:00+00:00,FCUV,0.2549999952316284,0.2549999952316284,0.2549999952316284,0.2549999952316284,0.2549999952316284,8600.0
2024-10-25 11:06:00+00:00,FFIV,216.41000366210938,216.41000366210938,216.41000366210938,216.38999938964844,216.38999938964844,527.0
2024-10-25 11:06:00+00:00,FIVN,30.579999923706055,30.579999923706055,30.58009910583496,30.579999923706055,30.58009910583496,669.0
2024-10-25 11:06:00+00:00,FLEX,35.5,35.5,35.5,35.47999954223633,35.47999954223633,2567.0
2024-10-25 11:06:00+00:00,FLYW,17.559999465942383,17.559999465942383,17.559999465942383,17.559999465942383,17.559999465942383,750.0
2024-10-25 11:06:00+00:00,FORM,45.2599983215332,45.2599983215332,45.2599983215332,45.2599983215332,45.2599983215332,244.0
2024-10-25 11:06:00+00:00,FROG,29.540000915527344,29.540000915527344,29.540000915527344,29.540000915527344,29.540000915527344,452.0
2024-10-25 11:06:00+00:00,FRSH,11.710000038146973,11.710000038146973,11.720000267028809,11.710000038146973,11.720000267028809,1124.0
2024-10-25 11:06:00+00:00,FSLR,199.4600067138672,199.4600067138672,199.4600067138672,199.4600067138672,199.4600067138672,1229.0
2024-10-25 11:06:00+00:00,FTNT,81.5969009399414,81.5969009399414,81.62000274658203,81.5969009399414,81.5999984741211,847.0
2024-10-25 11:06:00+00:00,GCT,25.545000076293945,25.545000076293945,25.545000076293945,25.545000076293945,25.545000076293945,382.0
2024-10-25 11:06:00+00:00,GFS,41.31999969482422,41.31999969482422,41.33000183105469,41.29999923706055,41.29999923706055,3770.0
2024-10-25 11:06:00+00:00,GPRO,1.340000033378601,1.340000033378601,1.340000033378601,1.3350000381469727,1.3350000381469727,792.0
2024-10-25 11:06:00+00:00,GRAB,4.085000038146973,4.085000038146973,4.085000038146973,4.071599960327148,4.071599960327148,154815.0
2024-10-25 11:06:00+00:00,GRRR,4.5920000076293945,4.5920000076293945,4.5920000076293945,4.5920000076293945,4.5920000076293945,170.0
2024-10-25 11:06:00+00:00,GTLB,55.93000030517578,55.93000030517578,55.93000030517578,55.900001525878906,55.9119987487793,1183.0
2024-10-25 11:06:00+00:00,GVP,4.616499900817871,4.616499900817871,4.616499900817871,4.616499900817871,4.616499900817871,445.0
2024-10-25 11:06:00+00:00,HCP,33.685001373291016,33.685001373291016,33.685001373291016,33.685001373291016,33.685001373291016,798.0
2024-10-25 11:06:00+00:00,HIMX,6.224999904632568,6.224999904632568,6.224999904632568,6.224999904632568,6.224999904632568,623.0
2024-10-25 11:06:00+00:00,HOLO,3.75,3.75,3.75,3.75,3.75,701.0
2024-10-25 11:06:00+00:00,HOOD,27.575000762939453,27.575000762939453,27.6200008392334,27.56599998474121,27.6200008392334,13252.0
2024-10-25 11:06:00+00:00,ICHR,27.93000030517578,27.93000030517578,27.93000030517578,27.93000030517578,27.93000030517578,1355.0
2024-10-25 11:06:00+00:00,IMMR,8.82699966430664,8.82699966430664,8.829000473022461,8.824999809265137,8.829000473022461,1604.0
2024-10-25 11:06:00+00:00,IMXI,17.78499984741211,17.78499984741211,17.78499984741211,17.78499984741211,17.78499984741211,408.0
2024-10-25 11:06:00+00:00,INDI,3.625,3.625,3.625,3.609999895095825,3.609999895095825,122204.0
2024-10-25 11:06:00+00:00,INFN,6.789999961853027,6.789999961853027,6.789999961853027,6.789999961853027,6.789999961853027,301.0
2024-10-25 11:06:00+00:00,INOD,19.959999084472656,19.959999084472656,19.989900588989258,19.959999084472656,19.989900588989258,645.0
2024-10-25 11:06:00+00:00,INSG,19.989999771118164,19.989999771118164,19.989999771118164,19.989999771118164,19.989999771118164,162.0
2024-10-25 11:06:00+00:00,INTA,49.869998931884766,49.869998931884766,49.880001068115234,49.79499816894531,49.79499816894531,2247.0
2024-10-25 11:06:00+00:00,INTC,23.15999984741211,23.15999984741211,23.15999984741211,23.130199432373047,23.135000228881836,104250.0
2024-10-25 11:06:00+00:00,INTU,611.5499877929688,611.5499877929688,611.5499877929688,611.5499877929688,611.5499877929688,917.0
2024-10-25 11:06:00+00:00,IPGP,77.13069915771484,77.13069915771484,77.13069915771484,77.13069915771484,77.13069915771484,345.0
2024-10-25 11:06:00+00:00,JKHY,184.38499450683594,184.38499450683594,184.38499450683594,184.375,184.375,816.0
2024-10-25 11:06:00+00:00,KC,2.734999895095825,2.734999895095825,2.734999895095825,2.734999895095825,2.734999895095825,1649.0
2024-10-25 11:06:00+00:00,KLAC,679.9299926757812,679.9299926757812,679.9299926757812,679.9299926757812,679.9299926757812,1455.0
2024-10-25 11:06:00+00:00,KLTR,1.3300000429153442,1.3300000429153442,1.3300000429153442,1.3300000429153442,1.3300000429153442,201.0
2024-10-25 11:06:00+00:00,KOSS,7.410099983215332,7.410099983215332,7.410099983215332,7.410099983215332,7.410099983215332,0.0
2024-10-25 11:06:00+00:00,LASR,10.520000457763672,10.520000457763672,10.520000457763672,10.510000228881836,10.510000228881836,396.0
2024-10-25 11:06:00+00:00,LINK,5.129899978637695,5.129899978637695,5.130000114440918,4.849999904632568,4.953999996185303,20514.0
2024-10-25 11:06:00+00:00,LITE,64.59500122070312,64.59500122070312,64.63999938964844,64.59500122070312,64.63999938964844,535.0
2024-10-25 11:06:00+00:00,LOGI,81.26000213623047,81.26000213623047,81.26000213623047,81.26000213623047,81.26000213623047,972.0
2024-10-25 11:06:00+00:00,LRCX,78.83999633789062,78.83999633789062,78.87999725341797,78.76000213623047,78.77999877929688,37133.0
2024-10-25 11:06:00+00:00,LSCC,54.529998779296875,54.529998779296875,54.529998779296875,54.505001068115234,54.505001068115234,1200.0
2024-10-25 11:06:00+00:00,LYFT,13.78499984741211,13.78499984741211,13.78499984741211,13.779999732971191,13.78499984741211,3286.0
2024-10-25 11:06:00+00:00,MANH,276.3399963378906,276.3399963378906,276.3399963378906,276.3399963378906,276.3399963378906,604.0
2024-10-25 11:06:00+00:00,MCHP,77.19999694824219,77.19999694824219,77.20999908447266,77.125,77.13999938964844,5796.0
2024-10-25 11:06:00+00:00,MDB,268.2300109863281,268.2300109863281,268.44000244140625,268.20001220703125,268.44000244140625,2110.0
2024-10-25 11:06:00+00:00,MKTW,0.5892000198364258,0.5892000198364258,0.5892000198364258,0.5892000198364258,0.5892000198364258,236.0
2024-10-25 11:06:00+00:00,MQ,5.324999809265137,5.324999809265137,5.324999809265137,5.324999809265137,5.324999809265137,1022.0
2024-10-25 11:06:00+00:00,MRIN,2.130000114440918,2.130000114440918,2.130000114440918,2.130000114440918,2.130000114440918,300.0
2024-10-25 11:06:00+00:00,MRVL,82.77999877929688,82.77999877929688,82.80000305175781,82.73999786376953,82.7699966430664,17971.0
2024-10-25 11:06:00+00:00,MSFT,431.4200134277344,431.4200134277344,431.44000244140625,431.1400146484375,431.2300109863281,39302.0
2024-10-25 11:06:00+00:00,MSTR,244.52999877929688,244.52999877929688,244.85000610351562,244.02020263671875,244.42999267578125,68584.0
2024-10-25 11:06:00+00:00,MTTR,4.65500020980835,4.65500020980835,4.65500020980835,4.65500020980835,4.65500020980835,1127.0
2024-10-25 11:06:00+00:00,MU,109.54000091552734,109.54000091552734,109.56999969482422,109.41000366210938,109.45999908447266,31112.0
2024-10-25 11:06:00+00:00,MVIS,1.1021000146865845,1.1021000146865845,1.1100000143051147,1.1021000146865845,1.1100000143051147,1602.0
2024-10-25 11:06:00+00:00,MXL,15.28499984741211,15.28499984741211,15.295000076293945,15.260000228881836,15.289999961853027,1967.0
2024-10-25 11:06:00+00:00,NEON,8.024999618530273,8.024999618530273,8.024999618530273,8.024999618530273,8.024999618530273,577.0
2024-10-25 11:06:00+00:00,NICE,176.18499755859375,176.18499755859375,176.18499755859375,176.18499755859375,176.18499755859375,922.0
2024-10-25 11:06:00+00:00,NNDM,2.3598999977111816,2.3598999977111816,2.3598999977111816,2.3550000190734863,2.3550000190734863,453.0
2024-10-25 11:06:00+00:00,NTAP,120.5199966430664,120.5199966430664,120.55000305175781,120.5199966430664,120.55000305175781,1428.0
2024-10-25 11:06:00+00:00,NTCT,20.635000228881836,20.635000228881836,20.635000228881836,20.635000228881836,20.635000228881836,177.0
2024-10-25 11:06:00+00:00,NVDA,143.7550048828125,143.7550048828125,143.77000427246094,143.5216064453125,143.57699584960938,878763.0
2024-10-25 11:06:00+00:00,NVEI,33.54499816894531,33.54499816894531,33.54499816894531,33.540000915527344,33.540000915527344,427.0
2024-10-25 11:06:00+00:00,NVMI,184.69500732421875,184.69500732421875,184.69500732421875,184.26499938964844,184.26499938964844,1338.0
2024-10-25 11:06:00+00:00,NVTS,2.625,2.625,2.630000114440918,2.625,2.625,810.0
2024-10-25 11:06:00+00:00,NXPI,244.85000610351562,244.85000610351562,244.85000610351562,244.4949951171875,244.4949951171875,3383.0
2024-10-25 11:06:00+00:00,OKTA,72.88050079345703,72.88050079345703,72.88050079345703,72.88050079345703,72.88050079345703,273.0
2024-10-25 11:06:00+00:00,ON,71.83000183105469,71.83000183105469,71.83000183105469,71.66999816894531,71.69000244140625,11863.0
2024-10-25 11:06:00+00:00,PANW,372.1499938964844,372.1499938964844,372.1499938964844,371.8699951171875,371.92999267578125,3115.0
2024-10-25 11:06:00+00:00,PAYO,8.329999923706055,8.329999923706055,8.329999923706055,8.329999923706055,8.329999923706055,522.0
2024-10-25 11:06:00+00:00,PCTY,172.85000610351562,172.85000610351562,172.85000610351562,172.85000610351562,172.85000610351562,538.0
2024-10-25 11:06:00+00:00,PEGA,81.41000366210938,81.41000366210938,81.44000244140625,81.30000305175781,81.30000305175781,2313.0
2024-10-25 11:06:00+00:00,PEGY,4.639999866485596,4.639999866485596,4.639999866485596,4.579999923706055,4.605999946594238,11565.0
2024-10-25 11:06:00+00:00,PGY,11.970000267028809,11.970000267028809,11.970000267028809,11.9350004196167,11.949999809265137,16550.0
2024-10-25 11:06:00+00:00,PHUN,9.770099639892578,9.770099639892578,9.819999694824219,9.75,9.811400413513184,55308.0
2024-10-25 11:06:00+00:00,PI,204.58999633789062,204.58999633789062,204.58999633789062,203.22999572753906,203.22999572753906,6191.0
2024-10-25 11:06:00+00:00,PLXS,142.875,142.875,142.875,142.8249969482422,142.86000061035156,580.0
2024-10-25 11:06:00+00:00,POWI,63.41999816894531,63.41999816894531,63.41999816894531,63.349998474121094,63.349998474121094,2706.0
2024-10-25 11:06:00+00:00,PRTH,5.369999885559082,5.369999885559082,5.369999885559082,5.34499979019165,5.34499979019165,643.0
2024-10-25 11:06:00+00:00,PYCR,14.390000343322754,14.390000343322754,14.390000343322754,14.390000343322754,14.390000343322754,307.0
2024-10-25 11:06:00+00:00,QCOM,173.17999267578125,173.17999267578125,173.17999267578125,172.89999389648438,172.89999389648438,21154.0
2024-10-25 11:06:00+00:00,QLYS,121.37000274658203,121.37000274658203,121.37000274658203,121.37000274658203,121.37000274658203,144.0
2024-10-25 11:06:00+00:00,QMCO,5.325300216674805,5.325300216674805,5.325300216674805,5.325300216674805,5.325300216674805,141.0
2024-10-25 11:06:00+00:00,QUBT,1.1150000095367432,1.1150000095367432,1.1200000047683716,1.1100000143051147,1.1150000095367432,2219.0
2024-10-25 11:06:00+00:00,RCAT,2.75,2.75,2.75,2.75,2.75,758.0
2024-10-25 11:06:00+00:00,REKR,1.0950000286102295,1.0950000286102295,1.100000023841858,1.0950000286102295,1.100000023841858,3802.0
2024-10-25 11:06:00+00:00,RELL,13.90999984741211,13.90999984741211,13.90999984741211,13.901000022888184,13.901000022888184,498.0
2024-10-25 11:06:00+00:00,RELY,14.710000038146973,14.710000038146973,14.710000038146973,14.699999809265137,14.699999809265137,934.0
2024-10-25 11:06:00+00:00,RGTI,1.2899999618530273,1.2899999618530273,1.2999999523162842,1.2899999618530273,1.2999999523162842,27906.0
2024-10-25 11:06:00+00:00,RIOT,10.194999694824219,10.194999694824219,10.204999923706055,10.1899995803833,10.191499710083008,106405.0
2024-10-25 11:06:00+00:00,RMBS,43.13999938964844,43.13999938964844,43.150001525878906,43.099998474121094,43.099998474121094,1308.0
2024-10-25 11:06:00+00:00,RPAY,7.65500020980835,7.65500020980835,7.65500020980835,7.65500020980835,7.65500020980835,428.0
2024-10-25 11:06:00+00:00,RUM,5.824999809265137,5.824999809265137,5.835000038146973,5.824999809265137,5.829999923706055,521.0
2024-10-25 11:06:00+00:00,RUN,14.454999923706055,14.454999923706055,14.475000381469727,14.449999809265137,14.460000038146973,7571.0
2024-10-25 11:06:00+00:00,RXT,2.5799999237060547,2.5799999237060547,2.5799999237060547,2.5799999237060547,2.5799999237060547,1048.0
2024-10-25 11:06:00+00:00,SEDG,15.929300308227539,15.929300308227539,15.949999809265137,15.920000076293945,15.932000160217285,13048.0
2024-10-25 11:06:00+00:00,SHLS,5.260000228881836,5.260000228881836,5.260000228881836,5.259500026702881,5.259500026702881,3960.0
2024-10-25 11:06:00+00:00,SIMO,57.13999938964844,57.13999938964844,57.13999938964844,57.13999938964844,57.13999938964844,392.0
2024-10-25 11:06:00+00:00,SKYT,10.640000343322754,10.640000343322754,10.640000343322754,10.630000114440918,10.630000114440918,1047.0
2024-10-25 11:06:00+00:00,SLNHP,13.050000190734863,13.050000190734863,13.050000190734863,13.050000190734863,13.050000190734863,1023.0
2024-10-25 11:06:00+00:00,SMCI,48.306400299072266,48.306400299072266,48.31999969482422,48.25,48.31999969482422,99673.0
2024-10-25 11:06:00+00:00,SNPS,504.8599853515625,504.8599853515625,504.8599853515625,504.8599853515625,504.8599853515625,1576.0
2024-10-25 11:06:00+00:00,SONO,12.949999809265137,12.949999809265137,12.949999809265137,12.914999961853027,12.914999961853027,1800.0
2024-10-25 11:06:00+00:00,SOUN,5.308000087738037,5.308000087738037,5.309999942779541,5.302599906921387,5.309999942779541,7609.0
2024-10-25 11:06:00+00:00,SPSC,176.61000061035156,176.61000061035156,176.875,176.61000061035156,176.75999450683594,2023.0
2024-10-25 11:06:00+00:00,SSNC,69.49500274658203,69.49500274658203,69.50499725341797,69.44499969482422,69.5,5224.0
2024-10-25 11:06:00+00:00,SSYS,7.131999969482422,7.131999969482422,7.131999969482422,7.12529993057251,7.12529993057251,401.0
2024-10-25 11:06:00+00:00,STNE,11.545000076293945,11.545000076293945,11.545000076293945,11.529999732971191,11.53499984741211,11997.0
2024-10-25 11:06:00+00:00,STX,105.0250015258789,105.0250015258789,105.06999969482422,104.95999908447266,104.95999908447266,14087.0
2024-10-25 11:06:00+00:00,SVRE,0.0820000022649765,0.0820000022649765,0.08250000327825546,0.0820000022649765,0.08250000327825546,2633.0
2024-10-25 11:06:00+00:00,SWKS,96.4800033569336,96.4800033569336,96.4800033569336,96.38999938964844,96.43000030517578,9742.0
2024-10-25 11:06:00+00:00,SYTA,1.2596999406814575,1.2596999406814575,1.2596999406814575,1.2596999406814575,1.2596999406814575,314.0
2024-10-25 11:06:00+00:00,TEAM,190.53500366210938,190.53500366210938,190.53500366210938,190.53500366210938,190.53500366210938,680.0
2024-10-25 11:06:00+00:00,TER,113.02999877929688,113.02999877929688,113.18000030517578,113.02999877929688,113.12000274658203,7356.0
2024-10-25 11:06:00+00:00,TRMB,61.18000030517578,61.18000030517578,61.18000030517578,61.15999984741211,61.15999984741211,1057.0
2024-10-25 11:06:00+00:00,TTD,120.29499816894531,120.29499816894531,120.30500030517578,120.29499816894531,120.30500030517578,1305.0
2024-10-25 11:06:00+00:00,TTEC,5.420000076293945,5.420000076293945,5.429999828338623,5.420000076293945,5.429999828338623,309.0
2024-10-25 11:06:00+00:00,TWKS,4.449999809265137,4.449999809265137,4.460000038146973,4.449999809265137,4.449999809265137,7189.0
2024-10-25 11:06:00+00:00,TXN,209.67999267578125,209.67999267578125,209.77999877929688,209.5500030517578,209.5749969482422,3708.0
2024-10-25 11:06:00+00:00,UCTT,36.0099983215332,36.0099983215332,36.0099983215332,35.94779968261719,35.94779968261719,763.0
2024-10-25 11:06:00+00:00,UEIC,8.170000076293945,8.170000076293945,8.170000076293945,8.170000076293945,8.170000076293945,347.0
2024-10-25 11:06:00+00:00,VECO,29.579999923706055,29.579999923706055,29.579999923706055,29.520000457763672,29.520000457763672,1925.0
2024-10-25 11:06:00+00:00,VERB,10.239999771118164,10.239999771118164,10.239999771118164,10.239999771118164,10.239999771118164,101.0
2024-10-25 11:06:00+00:00,VERI,3.509999990463257,3.509999990463257,3.51990008354187,3.509999990463257,3.51990008354187,809.0
2024-10-25 11:06:00+00:00,VERX,42.43000030517578,42.43000030517578,42.43000030517578,42.43000030517578,42.43000030517578,256.0
2024-10-25 11:06:00+00:00,VIAV,9.21500015258789,9.21500015258789,9.21500015258789,9.21500015258789,9.21500015258789,322.0
2024-10-25 11:06:00+00:00,VMEO,4.78000020980835,4.78000020980835,4.78000020980835,4.78000020980835,4.78000020980835,104.0
2024-10-25 11:06:00+00:00,VNET,3.4649999141693115,3.4649999141693115,3.4649999141693115,3.4649999141693115,3.4649999141693115,300.0
2024-10-25 11:06:00+00:00,VRNS,57.01499938964844,57.01499938964844,57.040000915527344,57.01499938964844,57.029998779296875,2945.0
2024-10-25 11:06:00+00:00,VRNT,22.295000076293945,22.295000076293945,22.295000076293945,22.295000076293945,22.295000076293945,129.0
2024-10-25 11:06:00+00:00,VRSN,185.89999389648438,185.89999389648438,185.89999389648438,185.5832061767578,185.5832061767578,2394.0
2024-10-25 11:06:00+00:00,VSAT,10.329999923706055,10.329999923706055,10.329999923706055,10.329999923706055,10.329999923706055,887.0
2024-10-25 11:06:00+00:00,VUZI,1.3198000192642212,1.3198000192642212,1.3198000192642212,1.3198000192642212,1.3198000192642212,933.0
2024-10-25 11:06:00+00:00,WDAY,240.6199951171875,240.6199951171875,240.84300231933594,240.6199951171875,240.84300231933594,4238.0
2024-10-25 11:06:00+00:00,WDC,72.54000091552734,72.54000091552734,72.69000244140625,72.48999786376953,72.5,31527.0
2024-10-25 11:06:00+00:00,WRAP,1.8700000047683716,1.8700000047683716,1.8700000047683716,1.8700000047683716,1.8700000047683716,0.0
2024-10-25 11:06:00+00:00,XELA,1.9800000190734863,1.9800000190734863,1.9800000190734863,1.9800000190734863,1.9800000190734863,941.0
2024-10-25 11:06:00+00:00,XRX,10.194999694824219,10.194999694824219,10.194999694824219,10.192899703979492,10.192899703979492,1238.0
2024-10-25 11:06:00+00:00,ZBRA,364.29998779296875,364.29998779296875,364.29998779296875,364.29998779296875,364.29998779296875,970.0
2024-10-25 11:06:00+00:00,ZI,10.574999809265137,10.574999809265137,10.59000015258789,10.574999809265137,10.59000015258789,7754.0
2024-10-25 11:06:00+00:00,ZM,73.33000183105469,73.33000183105469,73.33000183105469,73.29000091552734,73.30000305175781,2788.0
2024-10-25 11:06:00+00:00,ZS,187.36000061035156,187.36000061035156,187.57000732421875,187.36000061035156,187.57000732421875,2454.0
2024-10-25 11:07:00+00:00,AAOI,18.325000762939453,18.325000762939453,18.350000381469727,18.305299758911133,18.350000381469727,7521.0
2024-10-25 11:07:00+00:00,AAPL,233.0800018310547,233.0800018310547,233.12600708007812,233.02999877929688,233.1230926513672,36262.0
2024-10-25 11:07:00+00:00,ACIW,49.119998931884766,49.119998931884766,49.119998931884766,49.119998931884766,49.119998931884766,298.0
2024-10-25 11:07:00+00:00,ACLS,90.77999877929688,90.77999877929688,90.92500305175781,90.75,90.92500305175781,8522.0
2024-10-25 11:07:00+00:00,ACMR,19.920000076293945,19.920000076293945,19.93400001525879,19.90999984741211,19.93400001525879,1122.0
2024-10-25 11:07:00+00:00,ADBE,485.03009033203125,485.03009033203125,485.375,485.03009033203125,485.375,3437.0
2024-10-25 11:07:00+00:00,ADI,233.77999877929688,233.77999877929688,233.80499267578125,233.77999877929688,233.80499267578125,829.0
2024-10-25 11:07:00+00:00,ADSK,288.4949951171875,288.4949951171875,288.4949951171875,288.4949951171875,288.4949951171875,238.0
2024-10-25 11:07:00+00:00,AEHR,16.625,16.625,16.625,16.625,16.625,2824.0
2024-10-25 11:07:00+00:00,AFRM,41.88999938964844,41.88999938964844,41.93000030517578,41.869998931884766,41.93000030517578,9491.0
2024-10-25 11:07:00+00:00,AKAM,103.28500366210938,103.28500366210938,103.28500366210938,103.28500366210938,103.28500366210938,1020.0
2024-10-25 11:07:00+00:00,AKTS,0.05730000138282776,0.05730000138282776,0.057999998331069946,0.05719999969005585,0.05719999969005585,160736.0
2024-10-25 11:07:00+00:00,ALGM,22.75,22.75,22.75,22.719999313354492,22.719999313354492,3488.0
2024-10-25 11:07:00+00:00,ALKT,38.314998626708984,38.314998626708984,38.31999969482422,38.314998626708984,38.31999969482422,839.0
2024-10-25 11:07:00+00:00,AMAT,188.4156036376953,188.4156036376953,188.57000732421875,188.4156036376953,188.57000732421875,3091.0
2024-10-25 11:07:00+00:00,AMD,157.38999938964844,157.38999938964844,157.50999450683594,157.3699951171875,157.4949951171875,89578.0
2024-10-25 11:07:00+00:00,AMKR,30.049999237060547,30.049999237060547,30.049999237060547,30.040000915527344,30.040000915527344,1717.0
2024-10-25 11:07:00+00:00,ANY,1.0950000286102295,1.0950000286102295,1.0950000286102295,1.0950000286102295,1.0950000286102295,306.0
2024-10-25 11:07:00+00:00,API,2.799999952316284,2.799999952316284,2.819999933242798,2.799999952316284,2.819999933242798,5754.0
2024-10-25 11:07:00+00:00,APP,162.6699981689453,162.6699981689453,162.91000366210938,162.58709716796875,162.91000366210938,4811.0
2024-10-25 11:07:00+00:00,ARQQ,7.210000038146973,7.210000038146973,7.214000225067139,7.210000038146973,7.214000225067139,1785.0
2024-10-25 11:07:00+00:00,ARRY,6.470300197601318,6.470300197601318,6.480000019073486,6.445000171661377,6.465000152587891,27568.0
2024-10-25 11:07:00+00:00,ASML,719.7000122070312,719.7000122070312,719.968994140625,719.7000122070312,719.8499755859375,2685.0
2024-10-25 11:07:00+00:00,AUDC,9.175000190734863,9.175000190734863,9.175000190734863,9.175000190734863,9.175000190734863,266.0
2024-10-25 11:07:00+00:00,AVDX,8.194999694824219,8.194999694824219,8.194999694824219,8.194999694824219,8.194999694824219,651.0
2024-10-25 11:07:00+00:00,AVGO,176.1699981689453,176.1699981689453,176.3000030517578,176.16000366210938,176.27589416503906,30486.0
2024-10-25 11:07:00+00:00,AVT,54.5,54.5,54.5,54.5,54.5,721.0
2024-10-25 11:07:00+00:00,BAND,17.8700008392334,17.8700008392334,17.8700008392334,17.8700008392334,17.8700008392334,324.0
2024-10-25 11:07:00+00:00,BASE,16.610000610351562,16.610000610351562,16.610000610351562,16.610000610351562,16.610000610351562,119.0
2024-10-25 11:07:00+00:00,BL,56.505001068115234,56.505001068115234,56.505001068115234,56.505001068115234,56.505001068115234,915.0
2024-10-25 11:07:00+00:00,BMBL,7.294000148773193,7.294000148773193,7.300000190734863,7.293499946594238,7.293499946594238,828.0
2024-10-25 11:07:00+00:00,BSY,49.349998474121094,49.349998474121094,49.349998474121094,49.349998474121094,49.349998474121094,1260.0
2024-10-25 11:07:00+00:00,CAMT,78.822998046875,78.822998046875,78.822998046875,78.822998046875,78.822998046875,257.0
2024-10-25 11:07:00+00:00,CAN,1.0,1.0,1.0049999952316284,1.0,1.0049999952316284,3405.0
2024-10-25 11:07:00+00:00,CCSI,20.625,20.625,20.625,20.625,20.625,464.0
2024-10-25 11:07:00+00:00,CDNS,259.32000732421875,259.32000732421875,259.3800048828125,259.32000732421875,259.3800048828125,3453.0
2024-10-25 11:07:00+00:00,CEVA,24.375,24.375,24.375,24.31999969482422,24.31999969482422,1042.0
2024-10-25 11:07:00+00:00,CFLT,22.769100189208984,22.769100189208984,22.78499984741211,22.75,22.78499984741211,3687.0
2024-10-25 11:07:00+00:00,CGNT,6.679999828338623,6.679999828338623,6.679999828338623,6.670000076293945,6.670000076293945,1139.0
2024-10-25 11:07:00+00:00,CGNX,39.09000015258789,39.09000015258789,39.099998474121094,39.09000015258789,39.099998474121094,806.0
2024-10-25 11:07:00+00:00,CLBT,18.229999542236328,18.229999542236328,18.229999542236328,18.229999542236328,18.229999542236328,165.0
2024-10-25 11:07:00+00:00,CLSK,12.116000175476074,12.116000175476074,12.132100105285645,12.100000381469727,12.132100105285645,113611.0
2024-10-25 11:07:00+00:00,CMTL,3.700000047683716,3.700000047683716,3.700000047683716,3.700000047683716,3.700000047683716,337.0
2024-10-25 11:07:00+00:00,CNDT,3.690000057220459,3.690000057220459,3.690000057220459,3.690000057220459,3.690000057220459,104.0
2024-10-25 11:07:00+00:00,CNXC,45.05739974975586,45.05739974975586,45.060001373291016,45.054100036621094,45.054100036621094,1055.0
2024-10-25 11:07:00+00:00,COIN,212.55999755859375,212.55999755859375,212.84500122070312,212.4600067138672,212.84500122070312,9060.0
2024-10-25 11:07:00+00:00,COMM,6.409999847412109,6.409999847412109,6.410399913787842,6.409999847412109,6.409999847412109,2616.0
2024-10-25 11:07:00+00:00,CORZ,13.470000267028809,13.470000267028809,13.5,13.470000267028809,13.494999885559082,3874.0
2024-10-25 11:07:00+00:00,CRDO,39.494998931884766,39.494998931884766,39.494998931884766,39.494998931884766,39.494998931884766,809.0
2024-10-25 11:07:00+00:00,CREX,4.534999847412109,4.534999847412109,4.534999847412109,4.534999847412109,4.534999847412109,710.0
2024-10-25 11:07:00+00:00,CRNC,2.9149999618530273,2.9149999618530273,2.9200000762939453,2.9149999618530273,2.9200000762939453,376.0
2024-10-25 11:07:00+00:00,CRWD,310.760009765625,310.760009765625,310.9200134277344,310.5799865722656,310.79998779296875,4655.0
2024-10-25 11:07:00+00:00,CSCO,56.11000061035156,56.11000061035156,56.1172981262207,56.095001220703125,56.095001220703125,44675.0
2024-10-25 11:07:00+00:00,CSGS,47.88999938964844,47.88999938964844,47.88999938964844,47.88999938964844,47.88999938964844,325.0
2024-10-25 11:07:00+00:00,CSIQ,13.720000267028809,13.720000267028809,13.729999542236328,13.710000038146973,13.710000038146973,3529.0
2024-10-25 11:07:00+00:00,CTSH,74.8949966430664,74.8949966430664,74.9000015258789,74.88999938964844,74.9000015258789,1628.0
2024-10-25 11:07:00+00:00,CYBR,295.0,295.0,295.0,295.0,295.0,914.0
2024-10-25 11:07:00+00:00,DAKT,13.1899995803833,13.1899995803833,13.1899995803833,13.1899995803833,13.1899995803833,138.0
2024-10-25 11:07:00+00:00,DATS,1.5788999795913696,1.5788999795913696,1.5788999795913696,1.5788999795913696,1.5788999795913696,600.0
2024-10-25 11:07:00+00:00,DBX,26.139999389648438,26.139999389648438,26.139999389648438,26.1299991607666,26.135000228881836,3435.0
2024-10-25 11:07:00+00:00,DDOG,127.12999725341797,127.12999725341797,127.3499984741211,127.12000274658203,127.29000091552734,6598.0
2024-10-25 11:07:00+00:00,DOCU,70.73999786376953,70.73999786376953,70.76000213623047,70.73999786376953,70.76000213623047,4521.0
2024-10-25 11:07:00+00:00,DOMO,8.010000228881836,8.010000228881836,8.010000228881836,8.010000228881836,8.010000228881836,454.0
2024-10-25 11:07:00+00:00,DOX,90.0,90.0,90.0,90.0,90.0,1559.0
2024-10-25 11:07:00+00:00,DTSS,2.450000047683716,2.450000047683716,2.450000047683716,2.450000047683716,2.450000047683716,200.0
2024-10-25 11:07:00+00:00,DUOL,288.5000915527344,288.5000915527344,289.4049987792969,288.5000915527344,289.4049987792969,2303.0
2024-10-25 11:07:00+00:00,ENPH,82.62999725341797,82.62999725341797,82.69999694824219,82.62999725341797,82.69999694824219,3164.0
2024-10-25 11:07:00+00:00,ENTG,105.61499786376953,105.61499786376953,105.61499786376953,105.61499786376953,105.61499786376953,930.0
2024-10-25 11:07:00+00:00,ERIC,8.529999732971191,8.529999732971191,8.53499984741211,8.529999732971191,8.53499984741211,6475.0
2024-10-25 11:07:00+00:00,EXLS,39.04999923706055,39.04999923706055,39.04999923706055,39.04999923706055,39.04999923706055,174.0
2024-10-25 11:07:00+00:00,EXTR,14.555000305175781,14.555000305175781,14.555000305175781,14.555000305175781,14.555000305175781,110.0
2024-10-25 11:07:00+00:00,FFIV,216.34500122070312,216.34500122070312,216.34500122070312,216.34500122070312,216.34500122070312,200.0
2024-10-25 11:07:00+00:00,FIVN,30.5393009185791,30.5393009185791,30.549999237060547,30.5393009185791,30.549999237060547,1934.0
2024-10-25 11:07:00+00:00,FLEX,35.54999923706055,35.54999923706055,35.560001373291016,35.513999938964844,35.513999938964844,14665.0
2024-10-25 11:07:00+00:00,FLYW,17.579999923706055,17.579999923706055,17.579999923706055,17.579999923706055,17.579999923706055,257.0
2024-10-25 11:07:00+00:00,FORM,45.29999923706055,45.29999923706055,45.29999923706055,45.29999923706055,45.29999923706055,2283.0
2024-10-25 11:07:00+00:00,FROG,29.559999465942383,29.559999465942383,29.559999465942383,29.524999618530273,29.524999618530273,2099.0
2024-10-25 11:07:00+00:00,FRSH,11.710000038146973,11.710000038146973,11.71500015258789,11.704999923706055,11.71500015258789,2145.0
2024-10-25 11:07:00+00:00,FSLR,199.40499877929688,199.40499877929688,199.47000122070312,199.40499877929688,199.47000122070312,325.0
2024-10-25 11:07:00+00:00,FTNT,81.55999755859375,81.55999755859375,81.62000274658203,81.55999755859375,81.62000274658203,3002.0
2024-10-25 11:07:00+00:00,GCT,25.549999237060547,25.549999237060547,25.565000534057617,25.549999237060547,25.565000534057617,907.0
2024-10-25 11:07:00+00:00,GDS,21.59000015258789,21.59000015258789,21.59000015258789,21.575000762939453,21.575000762939453,629.0
2024-10-25 11:07:00+00:00,GFS,41.369998931884766,41.369998931884766,41.369998931884766,41.320098876953125,41.334999084472656,4964.0
2024-10-25 11:07:00+00:00,GPRO,1.3350000381469727,1.3350000381469727,1.340000033378601,1.3350000381469727,1.340000033378601,1120.0
2024-10-25 11:07:00+00:00,GRAB,4.082699775695801,4.082699775695801,4.085000038146973,4.082699775695801,4.085000038146973,19613.0
2024-10-25 11:07:00+00:00,GSIT,3.430000066757202,3.430000066757202,3.430000066757202,3.3940999507904053,3.3940999507904053,3188.0
2024-10-25 11:07:00+00:00,GTLB,55.79999923706055,55.79999923706055,55.880001068115234,55.79999923706055,55.880001068115234,1237.0
2024-10-25 11:07:00+00:00,HCKT,24.846500396728516,24.846500396728516,24.846500396728516,24.846500396728516,24.846500396728516,225.0
2024-10-25 11:07:00+00:00,HCP,33.685001373291016,33.685001373291016,33.685001373291016,33.68000030517578,33.685001373291016,2492.0
2024-10-25 11:07:00+00:00,HLIT,14.845000267028809,14.845000267028809,14.845000267028809,14.845000267028809,14.845000267028809,1035.0
2024-10-25 11:07:00+00:00,HOLO,3.7339999675750732,3.7339999675750732,3.740000009536743,3.7339999675750732,3.73799991607666,3000.0
2024-10-25 11:07:00+00:00,HOOD,27.482200622558594,27.482200622558594,27.56999969482422,27.479999542236328,27.56999969482422,21310.0
2024-10-25 11:07:00+00:00,HTCR,1.070099949836731,1.070099949836731,1.070099949836731,1.070099949836731,1.070099949836731,228.0
2024-10-25 11:07:00+00:00,III,3.069999933242798,3.069999933242798,3.069999933242798,3.069999933242798,3.069999933242798,405.0
2024-10-25 11:07:00+00:00,IIIV,23.020000457763672,23.020000457763672,23.020000457763672,22.9950008392334,22.9950008392334,1083.0
2024-10-25 11:07:00+00:00,IMOS,22.520000457763672,22.520000457763672,22.520000457763672,22.520000457763672,22.520000457763672,211.0
2024-10-25 11:07:00+00:00,INDI,3.630000114440918,3.630000114440918,3.630000114440918,3.619999885559082,3.625,7504.0
2024-10-25 11:07:00+00:00,INOD,19.974000930786133,19.974000930786133,19.974000930786133,19.974000930786133,19.974000930786133,995.0
2024-10-25 11:07:00+00:00,INTC,23.135000228881836,23.135000228881836,23.15999984741211,23.1200008392334,23.149999618530273,172554.0
2024-10-25 11:07:00+00:00,INTU,611.5599975585938,611.5599975585938,611.5599975585938,611.5599975585938,611.5599975585938,216.0
2024-10-25 11:07:00+00:00,KC,2.7314999103546143,2.7314999103546143,2.734999895095825,2.7314999103546143,2.734999895095825,1253.0
2024-10-25 11:07:00+00:00,KLIC,44.45000076293945,44.45000076293945,44.45000076293945,44.45000076293945,44.45000076293945,165.0
2024-10-25 11:07:00+00:00,KOSS,7.48199987411499,7.48199987411499,7.48199987411499,7.400000095367432,7.409999847412109,2798.0
2024-10-25 11:07:00+00:00,LINK,5.099899768829346,5.099899768829346,5.150000095367432,5.010000228881836,5.079999923706055,32701.0
2024-10-25 11:07:00+00:00,LITE,64.5999984741211,64.5999984741211,64.5999984741211,64.55000305175781,64.55000305175781,434.0
2024-10-25 11:07:00+00:00,LOGI,81.23999786376953,81.23999786376953,81.23999786376953,81.23999786376953,81.23999786376953,512.0
2024-10-25 11:07:00+00:00,LPSN,1.1950000524520874,1.1950000524520874,1.1950000524520874,1.191499948501587,1.191499948501587,0.0
2024-10-25 11:07:00+00:00,LPTH,1.6950000524520874,1.6950000524520874,1.6950000524520874,1.6950000524520874,1.6950000524520874,253.0
2024-10-25 11:07:00+00:00,LRCX,78.76000213623047,78.76000213623047,78.83000183105469,78.76000213623047,78.83000183105469,26415.0
2024-10-25 11:07:00+00:00,LSCC,54.53499984741211,54.53499984741211,54.540000915527344,54.5099983215332,54.529998779296875,10121.0
2024-10-25 11:07:00+00:00,LYFT,13.765000343322754,13.765000343322754,13.779999732971191,13.760000228881836,13.779999732971191,23058.0
2024-10-25 11:07:00+00:00,MANH,276.3900146484375,276.3900146484375,276.3900146484375,276.375,276.375,679.0
2024-10-25 11:07:00+00:00,MAPS,0.8453999757766724,0.8453999757766724,0.8453999757766724,0.845300018787384,0.8453999757766724,3598.0
2024-10-25 11:07:00+00:00,MCHP,77.22000122070312,77.22000122070312,77.22000122070312,77.16999816894531,77.20999908447266,5506.0
2024-10-25 11:07:00+00:00,MDB,267.5400085449219,267.5400085449219,267.5400085449219,267.0899963378906,267.29998779296875,2340.0
2024-10-25 11:07:00+00:00,MKSI,100.87000274658203,100.87000274658203,100.87000274658203,100.80999755859375,100.80999755859375,1541.0
2024-10-25 11:07:00+00:00,MNDY,300.1499938964844,300.1499938964844,300.2200012207031,300.114990234375,300.2200012207031,3181.0
2024-10-25 11:07:00+00:00,MPWR,915.1199951171875,915.1199951171875,915.1199951171875,915.1199951171875,915.1199951171875,138.0
2024-10-25 11:07:00+00:00,MQ,5.324999809265137,5.324999809265137,5.324999809265137,5.324999809265137,5.324999809265137,844.0
2024-10-25 11:07:00+00:00,MRIN,2.130000114440918,2.130000114440918,2.130000114440918,2.130000114440918,2.130000114440918,166.0
2024-10-25 11:07:00+00:00,MRVL,82.73509979248047,82.73509979248047,82.79920196533203,82.70500183105469,82.79920196533203,8937.0
2024-10-25 11:07:00+00:00,MSFT,431.3299865722656,431.3299865722656,431.4549865722656,431.29901123046875,431.4049987792969,20349.0
2024-10-25 11:07:00+00:00,MSTR,243.89999389648438,243.89999389648438,244.71449279785156,243.8000030517578,244.5500030517578,31435.0
2024-10-25 11:07:00+00:00,MTSI,120.18499755859375,120.18499755859375,120.2300033569336,120.18499755859375,120.2300033569336,883.0
2024-10-25 11:07:00+00:00,MU,109.51000213623047,109.51000213623047,109.55999755859375,109.45999908447266,109.54000091552734,17005.0
2024-10-25 11:07:00+00:00,MVIS,1.1100000143051147,1.1100000143051147,1.1100000143051147,1.1100000143051147,1.1100000143051147,101.0
2024-10-25 11:07:00+00:00,MXL,15.395000457763672,15.395000457763672,15.399999618530273,15.28499984741211,15.289999961853027,5050.0
2024-10-25 11:07:00+00:00,MYSZ,1.6674000024795532,1.6674000024795532,1.6674000024795532,1.6674000024795532,1.6674000024795532,253.0
2024-10-25 11:07:00+00:00,NCNO,37.97999954223633,37.97999954223633,37.9900016784668,37.91999816894531,37.959999084472656,4532.0
2024-10-25 11:07:00+00:00,NNDM,2.3550000190734863,2.3550000190734863,2.3550000190734863,2.3550000190734863,2.3550000190734863,353.0
2024-10-25 11:07:00+00:00,NTAP,120.5199966430664,120.5199966430664,120.5199966430664,120.5199966430664,120.5199966430664,630.0
2024-10-25 11:07:00+00:00,NTCT,20.6200008392334,20.6200008392334,20.6200008392334,20.6200008392334,20.6200008392334,245.0
2024-10-25 11:07:00+00:00,NTNX,62.64979934692383,62.64979934692383,62.64979934692383,62.63999938964844,62.63999938964844,698.0
2024-10-25 11:07:00+00:00,NVDA,143.65699768066406,143.65699768066406,143.77000427246094,143.61160278320312,143.75,447004.0
2024-10-25 11:07:00+00:00,NVTS,2.6212000846862793,2.6212000846862793,2.6212000846862793,2.6212000846862793,2.6212000846862793,295.0
2024-10-25 11:07:00+00:00,NXPI,244.6634979248047,244.6634979248047,244.78500366210938,244.6634979248047,244.78500366210938,697.0
2024-10-25 11:07:00+00:00,OKTA,72.839599609375,72.839599609375,72.87000274658203,72.82330322265625,72.87000274658203,1673.0
2024-10-25 11:07:00+00:00,OLED,203.3000030517578,203.3000030517578,203.3000030517578,203.3000030517578,203.3000030517578,478.0
2024-10-25 11:07:00+00:00,ON,71.91999816894531,71.91999816894531,71.91999816894531,71.80000305175781,71.81999969482422,11473.0
2024-10-25 11:07:00+00:00,OSIS,136.5399932861328,136.5399932861328,136.5399932861328,136.25999450683594,136.25999450683594,1337.0
2024-10-25 11:07:00+00:00,PANW,371.4700012207031,371.4700012207031,372.1099853515625,371.4700012207031,372.1099853515625,3155.0
2024-10-25 11:07:00+00:00,PAYO,8.335000038146973,8.335000038146973,8.335000038146973,8.329999923706055,8.329999923706055,603.0
2024-10-25 11:07:00+00:00,PEGA,81.44000244140625,81.44000244140625,81.44000244140625,81.44000244140625,81.44000244140625,362.0
2024-10-25 11:07:00+00:00,PGY,11.970000267028809,11.970000267028809,11.970000267028809,11.960000038146973,11.970000267028809,1638.0
2024-10-25 11:07:00+00:00,PHUN,9.72029972076416,9.72029972076416,9.789999961853027,9.720000267028809,9.779999732971191,34253.0
2024-10-25 11:07:00+00:00,PI,205.38999938964844,205.38999938964844,205.38999938964844,204.69000244140625,204.9199981689453,7261.0
2024-10-25 11:07:00+00:00,POET,4.037899971008301,4.037899971008301,4.037899971008301,4.019999980926514,4.019999980926514,1072.0
2024-10-25 11:07:00+00:00,POWI,63.38999938964844,63.38999938964844,63.41999816894531,63.38999938964844,63.41999816894531,466.0
2024-10-25 11:07:00+00:00,PTC,186.6999969482422,186.6999969482422,186.6999969482422,186.69000244140625,186.6999969482422,2671.0
2024-10-25 11:07:00+00:00,PUBM,15.039999961853027,15.039999961853027,15.039999961853027,15.039999961853027,15.039999961853027,188.0
2024-10-25 11:07:00+00:00,PYCR,14.369999885559082,14.369999885559082,14.390000343322754,14.369999885559082,14.390000343322754,759.0
2024-10-25 11:07:00+00:00,QCOM,173.10000610351562,173.10000610351562,173.1750030517578,173.0800018310547,173.1501007080078,15478.0
2024-10-25 11:07:00+00:00,QLYS,121.25,121.25,121.25,121.25,121.25,268.0
2024-10-25 11:07:00+00:00,QRVO,100.44999694824219,100.44999694824219,100.44999694824219,100.37999725341797,100.38619995117188,5530.0
2024-10-25 11:07:00+00:00,QUBT,1.115399956703186,1.115399956703186,1.1190999746322632,1.115399956703186,1.1190999746322632,1598.0
2024-10-25 11:07:00+00:00,RCAT,2.7458999156951904,2.7458999156951904,2.7458999156951904,2.7458999156951904,2.7458999156951904,120.0
2024-10-25 11:07:00+00:00,REKR,1.0950000286102295,1.0950000286102295,1.0950000286102295,1.0950000286102295,1.0950000286102295,226.0
2024-10-25 11:07:00+00:00,RELY,14.719900131225586,14.719900131225586,14.719900131225586,14.71500015258789,14.71500015258789,700.0
2024-10-25 11:07:00+00:00,RGTI,1.2899999618530273,1.2899999618530273,1.2949999570846558,1.284999966621399,1.2899999618530273,29440.0
2024-10-25 11:07:00+00:00,RIOT,10.180700302124023,10.180700302124023,10.194999694824219,10.180700302124023,10.194999694824219,36906.0
2024-10-25 11:07:00+00:00,RMBS,43.099998474121094,43.099998474121094,43.15999984741211,43.099998474121094,43.15999984741211,1357.0
2024-10-25 11:07:00+00:00,RMNI,1.7200000286102295,1.7200000286102295,1.7200000286102295,1.7200000286102295,1.7200000286102295,347.0
2024-10-25 11:07:00+00:00,RPAY,7.65500020980835,7.65500020980835,7.65500020980835,7.65500020980835,7.65500020980835,422.0
2024-10-25 11:07:00+00:00,RUM,5.820000171661377,5.820000171661377,5.826000213623047,5.820000171661377,5.826000213623047,2097.0
2024-10-25 11:07:00+00:00,RUN,14.444999694824219,14.444999694824219,14.449999809265137,14.4399995803833,14.449999809265137,12249.0
2024-10-25 11:07:00+00:00,SANM,67.70999908447266,67.70999908447266,67.70999908447266,67.70999908447266,67.70999908447266,307.0
2024-10-25 11:07:00+00:00,SATS,25.399999618530273,25.399999618530273,25.399999618530273,25.3799991607666,25.3799991607666,2438.0
2024-10-25 11:07:00+00:00,SCSC,45.224998474121094,45.224998474121094,45.224998474121094,45.224998474121094,45.224998474121094,186.0
2024-10-25 11:07:00+00:00,SEDG,15.930000305175781,15.930000305175781,15.930500030517578,15.920100212097168,15.930500030517578,5003.0
2024-10-25 11:07:00+00:00,SHLS,5.265500068664551,5.265500068664551,5.265500068664551,5.264999866485596,5.264999866485596,845.0
2024-10-25 11:07:00+00:00,SIMO,57.22999954223633,57.22999954223633,57.22999954223633,57.154998779296875,57.154998779296875,959.0
2024-10-25 11:07:00+00:00,SITM,185.0800018310547,185.0800018310547,185.0800018310547,184.50999450683594,184.50999450683594,416.0
2024-10-25 11:07:00+00:00,SKYT,10.640000343322754,10.640000343322754,10.640000343322754,10.640000343322754,10.640000343322754,512.0
2024-10-25 11:07:00+00:00,SLNHP,13.270000457763672,13.270000457763672,13.270000457763672,13.270000457763672,13.270000457763672,300.0
2024-10-25 11:07:00+00:00,SMCI,48.189998626708984,48.189998626708984,48.31999969482422,48.1870002746582,48.30009841918945,69231.0
2024-10-25 11:07:00+00:00,SMTC,45.75,45.75,45.75,45.75,45.75,162.0
2024-10-25 11:07:00+00:00,SNCR,10.824999809265137,10.824999809265137,10.824999809265137,10.824999809265137,10.824999809265137,175.0
2024-10-25 11:07:00+00:00,SOUN,5.304999828338623,5.304999828338623,5.309899806976318,5.300000190734863,5.304999828338623,26206.0
2024-10-25 11:07:00+00:00,SPI,0.4230000078678131,0.4230000078678131,0.42309999465942383,0.4230000078678131,0.42309999465942383,3460.0
2024-10-25 11:07:00+00:00,SPSC,176.59500122070312,176.59500122070312,176.60499572753906,176.3800048828125,176.60499572753906,2896.0
2024-10-25 11:07:00+00:00,SSNC,69.55999755859375,69.55999755859375,69.55999755859375,69.4800033569336,69.5,5647.0
2024-10-25 11:07:00+00:00,SSYS,7.138000011444092,7.138000011444092,7.149899959564209,7.138000011444092,7.149899959564209,633.0
2024-10-25 11:07:00+00:00,STNE,11.550000190734863,11.550000190734863,11.550000190734863,11.545000076293945,11.545000076293945,2754.0
2024-10-25 11:07:00+00:00,STX,104.94999694824219,104.94999694824219,105.04000091552734,104.93000030517578,105.00499725341797,8108.0
2024-10-25 11:07:00+00:00,SWKS,96.48999786376953,96.48999786376953,96.48999786376953,96.45500183105469,96.4800033569336,3850.0
2024-10-25 11:07:00+00:00,SYTA,1.274999976158142,1.274999976158142,1.274999976158142,1.2599999904632568,1.2599999904632568,1394.0
2024-10-25 11:07:00+00:00,TASK,11.9399995803833,11.9399995803833,11.9399995803833,11.90999984741211,11.90999984741211,1052.0
2024-10-25 11:07:00+00:00,TEAM,190.47500610351562,190.47500610351562,190.47999572753906,190.43499755859375,190.44000244140625,2136.0
2024-10-25 11:07:00+00:00,TER,113.07499694824219,113.07499694824219,113.11000061035156,113.03250122070312,113.03500366210938,2776.0
2024-10-25 11:07:00+00:00,TLS,3.6549999713897705,3.6549999713897705,3.6549999713897705,3.6549999713897705,3.6549999713897705,200.0
2024-10-25 11:07:00+00:00,TRMB,61.189998626708984,61.189998626708984,61.189998626708984,61.189998626708984,61.189998626708984,1131.0
2024-10-25 11:07:00+00:00,TTD,120.23999786376953,120.23999786376953,120.29499816894531,120.23999786376953,120.26000213623047,7596.0
2024-10-25 11:07:00+00:00,TTEC,5.425000190734863,5.425000190734863,5.425000190734863,5.420000076293945,5.420000076293945,573.0
2024-10-25 11:07:00+00:00,TTMI,19.731300354003906,19.731300354003906,19.731300354003906,19.729999542236328,19.729999542236328,857.0
2024-10-25 11:07:00+00:00,TXN,209.88999938964844,209.88999938964844,209.88999938964844,209.77000427246094,209.77999877929688,9818.0
2024-10-25 11:07:00+00:00,UCTT,36.00360107421875,36.00360107421875,36.00360107421875,36.00360107421875,36.00360107421875,140.0
2024-10-25 11:07:00+00:00,VERB,10.239999771118164,10.239999771118164,10.239999771118164,10.239999771118164,10.239999771118164,168.0
2024-10-25 11:07:00+00:00,VERI,3.4800000190734863,3.4800000190734863,3.490000009536743,3.4800000190734863,3.490000009536743,1601.0
2024-10-25 11:07:00+00:00,VERX,42.41389846801758,42.41389846801758,42.41389846801758,42.41389846801758,42.41389846801758,207.0
2024-10-25 11:07:00+00:00,VIAV,9.21500015258789,9.21500015258789,9.21500015258789,9.21500015258789,9.21500015258789,203.0
2024-10-25 11:07:00+00:00,VMEO,4.78000020980835,4.78000020980835,4.78000020980835,4.769999980926514,4.78000020980835,1434.0
2024-10-25 11:07:00+00:00,VNET,3.4649999141693115,3.4649999141693115,3.4649999141693115,3.4649999141693115,3.4649999141693115,100.0
2024-10-25 11:07:00+00:00,VRNS,57.0099983215332,57.0099983215332,57.01499938964844,56.97999954223633,57.01499938964844,2977.0
2024-10-25 11:07:00+00:00,VRNT,22.295000076293945,22.295000076293945,22.295000076293945,22.295000076293945,22.295000076293945,511.0
2024-10-25 11:07:00+00:00,VRSN,186.02000427246094,186.02000427246094,186.07249450683594,186.02000427246094,186.05999755859375,2972.0
2024-10-25 11:07:00+00:00,VSAT,10.34000015258789,10.34000015258789,10.34000015258789,10.329999923706055,10.329999923706055,1240.0
2024-10-25 11:07:00+00:00,VUZI,1.3113000392913818,1.3113000392913818,1.3113000392913818,1.3113000392913818,1.3113000392913818,119.0
2024-10-25 11:07:00+00:00,WALD,3.619999885559082,3.619999885559082,3.619999885559082,3.619999885559082,3.619999885559082,452.0
2024-10-25 11:07:00+00:00,WDAY,240.4375,240.4375,240.52000427246094,240.35000610351562,240.52000427246094,2567.0
2024-10-25 11:07:00+00:00,WDC,72.44000244140625,72.44000244140625,72.55999755859375,72.41000366210938,72.55999755859375,14722.0
2024-10-25 11:07:00+00:00,WISA,1.8401000499725342,1.8401000499725342,1.8496999740600586,1.8401000499725342,1.8496999740600586,6330.0
2024-10-25 11:07:00+00:00,WIX,166.30999755859375,166.30999755859375,166.30999755859375,166.30999755859375,166.30999755859375,531.0
2024-10-25 11:07:00+00:00,WRAP,1.8650000095367432,1.8650000095367432,1.8650000095367432,1.8650000095367432,1.8650000095367432,200.0
2024-10-25 11:07:00+00:00,XPER,9.489999771118164,9.489999771118164,9.489999771118164,9.489999771118164,9.489999771118164,859.0
2024-10-25 11:07:00+00:00,XRX,10.194999694824219,10.194999694824219,10.194999694824219,10.1899995803833,10.1899995803833,581.0
2024-10-25 11:07:00+00:00,ZM,73.20999908447266,73.20999908447266,73.30999755859375,73.20500183105469,73.30999755859375,7545.0
2024-10-25 11:08:00+00:00,AAOI,18.336599349975586,18.336599349975586,18.350000381469727,18.336599349975586,18.33989906311035,1895.0
2024-10-25 11:08:00+00:00,AAPL,232.94000244140625,232.94000244140625,233.0800018310547,232.91000366210938,233.0800018310547,49706.0
2024-10-25 11:08:00+00:00,ACIW,49.11000061035156,49.11000061035156,49.11000061035156,49.11000061035156,49.11000061035156,877.0
2024-10-25 11:08:00+00:00,ACLS,90.88500213623047,90.88500213623047,90.88500213623047,90.88500213623047,90.88500213623047,693.0
2024-10-25 11:08:00+00:00,ADBE,484.7900085449219,484.7900085449219,485.0150146484375,484.7200012207031,485.010009765625,10624.0
2024-10-25 11:08:00+00:00,ADI,233.75,233.75,233.8679962158203,233.75,233.8679962158203,1592.0
2024-10-25 11:08:00+00:00,ADSK,288.2633972167969,288.2633972167969,288.4599914550781,288.2633972167969,288.4599914550781,1295.0
2024-10-25 11:08:00+00:00,ADTN,6.40500020980835,6.40500020980835,6.40500020980835,6.40500020980835,6.40500020980835,578.0
2024-10-25 11:08:00+00:00,AEHR,16.649999618530273,16.649999618530273,16.649999618530273,16.6299991607666,16.6299991607666,1923.0
2024-10-25 11:08:00+00:00,AFRM,41.86000061035156,41.86000061035156,41.900001525878906,41.815101623535156,41.900001525878906,7313.0
2024-10-25 11:08:00+00:00,AGYS,112.2750015258789,112.2750015258789,112.2750015258789,112.2750015258789,112.2750015258789,104.0
2024-10-25 11:08:00+00:00,AKTS,0.05860000103712082,0.05860000103712082,0.05860000103712082,0.05770000070333481,0.05770000070333481,147575.0
2024-10-25 11:08:00+00:00,ALGM,22.739999771118164,22.739999771118164,22.75,22.709999084472656,22.75,8341.0
2024-10-25 11:08:00+00:00,ALRM,54.849998474121094,54.849998474121094,54.86000061035156,54.849998474121094,54.86000061035156,922.0
2024-10-25 11:08:00+00:00,ALTR,106.0,106.0,106.0,106.0,106.0,134.0
2024-10-25 11:08:00+00:00,AMAT,188.21499633789062,188.21499633789062,188.4250030517578,188.21499633789062,188.4199981689453,9413.0
2024-10-25 11:08:00+00:00,AMBA,58.57500076293945,58.57500076293945,58.77000045776367,58.54999923706055,58.77000045776367,3249.0
2024-10-25 11:08:00+00:00,AMD,157.22999572753906,157.22999572753906,157.41529846191406,157.20010375976562,157.39999389648438,61830.0
2024-10-25 11:08:00+00:00,AMKR,30.010000228881836,30.010000228881836,30.040000915527344,30.010000228881836,30.040000915527344,4099.0
2024-10-25 11:08:00+00:00,ANSS,326.9200134277344,326.9200134277344,326.9200134277344,326.8999938964844,326.8999938964844,469.0
2024-10-25 11:08:00+00:00,ANY,1.090000033378601,1.090000033378601,1.090000033378601,1.090000033378601,1.090000033378601,1542.0
2024-10-25 11:08:00+00:00,APP,162.39999389648438,162.39999389648438,162.61000061035156,162.30999755859375,162.61000061035156,8815.0
2024-10-25 11:08:00+00:00,APPF,216.11500549316406,216.11500549316406,216.32000732421875,216.05999755859375,216.05999755859375,2572.0
2024-10-25 11:08:00+00:00,APPN,32.2400016784668,32.2400016784668,32.2599983215332,32.2400016784668,32.2599983215332,811.0
2024-10-25 11:08:00+00:00,APPS,3.115000009536743,3.115000009536743,3.125,3.115000009536743,3.125,2267.0
2024-10-25 11:08:00+00:00,ARQQ,7.319900035858154,7.319900035858154,7.319900035858154,7.319900035858154,7.319900035858154,196.0
2024-10-25 11:08:00+00:00,ARRY,6.465000152587891,6.465000152587891,6.474999904632568,6.461299896240234,6.474999904632568,9453.0
2024-10-25 11:08:00+00:00,ASML,719.125,719.125,719.4000244140625,718.8300170898438,719.4000244140625,9828.0
2024-10-25 11:08:00+00:00,ASUR,9.75,9.75,9.75,9.75,9.75,40.0
2024-10-25 11:08:00+00:00,AUR,6.474999904632568,6.474999904632568,6.480000019073486,6.474999904632568,6.480000019073486,4829.0
2024-10-25 11:08:00+00:00,AVDX,8.21500015258789,8.21500015258789,8.220000267028809,8.194999694824219,8.194999694824219,6680.0
2024-10-25 11:08:00+00:00,AVGO,175.94500732421875,175.94500732421875,176.17990112304688,175.91009521484375,176.15899658203125,31493.0
2024-10-25 11:08:00+00:00,AVPT,12.079999923706055,12.079999923706055,12.086000442504883,12.079999923706055,12.086000442504883,1472.0
2024-10-25 11:08:00+00:00,AVT,54.459999084472656,54.459999084472656,54.470001220703125,54.459999084472656,54.470001220703125,880.0
2024-10-25 11:08:00+00:00,AXTI,2.6649999618530273,2.6649999618530273,2.6649999618530273,2.6600000858306885,2.6600000858306885,1507.0
2024-10-25 11:08:00+00:00,BASE,16.582000732421875,16.582000732421875,16.582000732421875,16.582000732421875,16.582000732421875,200.0
2024-10-25 11:08:00+00:00,BEEM,4.889999866485596,4.889999866485596,4.889999866485596,4.869999885559082,4.889999866485596,2710.0
2024-10-25 11:08:00+00:00,BLKB,86.16000366210938,86.16000366210938,86.18000030517578,86.16000366210938,86.16000366210938,1483.0
2024-10-25 11:08:00+00:00,BLZE,7.289999961853027,7.289999961853027,7.289999961853027,7.289999961853027,7.289999961853027,303.0
2024-10-25 11:08:00+00:00,BMBL,7.300000190734863,7.300000190734863,7.300000190734863,7.300000190734863,7.300000190734863,623.0
2024-10-25 11:08:00+00:00,BRZE,30.889999389648438,30.889999389648438,30.889999389648438,30.889999389648438,30.889999389648438,3134.0
2024-10-25 11:08:00+00:00,BSY,49.34000015258789,49.34000015258789,49.34000015258789,49.34000015258789,49.34000015258789,882.0
2024-10-25 11:08:00+00:00,CAN,1.0049999952316284,1.0049999952316284,1.0049999952316284,1.0049999952316284,1.0049999952316284,987.0
2024-10-25 11:08:00+00:00,CDNS,258.6700134277344,258.6700134277344,259.17999267578125,258.6700134277344,259.17999267578125,7424.0
2024-10-25 11:08:00+00:00,CETX,0.296999990940094,0.296999990940094,0.296999990940094,0.296999990940094,0.296999990940094,4254.0
2024-10-25 11:08:00+00:00,CEVA,24.51799964904785,24.51799964904785,24.51799964904785,24.3799991607666,24.3799991607666,3676.0
2024-10-25 11:08:00+00:00,CFLT,22.690000534057617,22.690000534057617,22.770000457763672,22.690000534057617,22.764999389648438,9183.0
2024-10-25 11:08:00+00:00,CGNX,39.095001220703125,39.095001220703125,39.095001220703125,39.09000015258789,39.09000015258789,546.0
2024-10-25 11:08:00+00:00,CHKP,207.39999389648438,207.39999389648438,207.39999389648438,207.375,207.375,2133.0
2024-10-25 11:08:00+00:00,CLBT,18.215099334716797,18.215099334716797,18.215099334716797,18.215099334716797,18.215099334716797,1120.0
2024-10-25 11:08:00+00:00,CLSK,12.114999771118164,12.114999771118164,12.117600440979004,12.079999923706055,12.116299629211426,80733.0
2024-10-25 11:08:00+00:00,CMTL,3.7100000381469727,3.7100000381469727,3.7100000381469727,3.7100000381469727,3.7100000381469727,372.0
2024-10-25 11:08:00+00:00,CNDT,3.7100000381469727,3.7100000381469727,3.7200000286102295,3.690000057220459,3.690000057220459,16550.0
2024-10-25 11:08:00+00:00,CNXC,45.09000015258789,45.09000015258789,45.09000015258789,45.045799255371094,45.045799255371094,2065.0
2024-10-25 11:08:00+00:00,COIN,212.4071044921875,212.4071044921875,212.5749969482422,212.12010192871094,212.5749969482422,10396.0
2024-10-25 11:08:00+00:00,COMM,6.4004998207092285,6.4004998207092285,6.40500020980835,6.400000095367432,6.40500020980835,3457.0
2024-10-25 11:08:00+00:00,CORZ,13.444999694824219,13.444999694824219,13.477299690246582,13.444999694824219,13.477299690246582,8475.0
2024-10-25 11:08:00+00:00,CRCT,6.559999942779541,6.559999942779541,6.559999942779541,6.559999942779541,6.559999942779541,138.0
2024-10-25 11:08:00+00:00,CRDO,39.470001220703125,39.470001220703125,39.5099983215332,39.46500015258789,39.5099983215332,1436.0
2024-10-25 11:08:00+00:00,CRSR,6.465000152587891,6.465000152587891,6.465000152587891,6.465000152587891,6.465000152587891,885.0
2024-10-25 11:08:00+00:00,CRUS,123.16500091552734,123.16500091552734,123.16500091552734,123.16500091552734,123.16500091552734,1500.0
2024-10-25 11:08:00+00:00,CRWD,309.8900146484375,309.8900146484375,310.5799865722656,309.8900146484375,310.5799865722656,8950.0
2024-10-25 11:08:00+00:00,CSCO,56.10499954223633,56.10499954223633,56.10499954223633,56.095001220703125,56.099998474121094,10151.0
2024-10-25 11:08:00+00:00,CSIQ,13.706600189208984,13.706600189208984,13.725000381469727,13.6899995803833,13.725000381469727,3646.0
2024-10-25 11:08:00+00:00,CTLP,9.0600004196167,9.0600004196167,9.0600004196167,9.0600004196167,9.0600004196167,470.0
2024-10-25 11:08:00+00:00,CTSH,74.88999938964844,74.88999938964844,74.88999938964844,74.87999725341797,74.87999725341797,1767.0
2024-10-25 11:08:00+00:00,CYBR,295.0570068359375,295.0570068359375,295.0570068359375,295.0570068359375,295.0570068359375,136.0
2024-10-25 11:08:00+00:00,DAKT,13.1899995803833,13.1899995803833,13.1899995803833,13.1899995803833,13.1899995803833,2291.0
2024-10-25 11:08:00+00:00,DATS,1.5789999961853027,1.5789999961853027,1.5789999961853027,1.5789999961853027,1.5789999961853027,135.0
2024-10-25 11:08:00+00:00,DAVE,39.900001525878906,39.900001525878906,39.900001525878906,39.900001525878906,39.900001525878906,823.0
2024-10-25 11:08:00+00:00,DBX,26.114999771118164,26.114999771118164,26.1299991607666,26.110000610351562,26.1299991607666,5928.0
2024-10-25 11:08:00+00:00,DDOG,127.23999786376953,127.23999786376953,127.26000213623047,127.09500122070312,127.09500122070312,40046.0
2024-10-25 11:08:00+00:00,DGII,30.530000686645508,30.530000686645508,30.530000686645508,30.530000686645508,30.530000686645508,123.0
2024-10-25 11:08:00+00:00,DIOD,66.26000213623047,66.26000213623047,66.26000213623047,66.25,66.25,337.0
2024-10-25 11:08:00+00:00,DLO,8.859999656677246,8.859999656677246,8.859999656677246,8.859999656677246,8.859999656677246,2672.0
2024-10-25 11:08:00+00:00,DOCU,70.68000030517578,70.68000030517578,70.7300033569336,70.68000030517578,70.7300033569336,2009.0
2024-10-25 11:08:00+00:00,DUOL,288.2200012207031,288.2200012207031,288.80499267578125,288.2200012207031,288.80499267578125,1475.0
2024-10-25 11:08:00+00:00,EEFT,101.5999984741211,101.5999984741211,101.71499633789062,101.5999984741211,101.71499633789062,1540.0
2024-10-25 11:08:00+00:00,EGAN,4.789999961853027,4.789999961853027,4.789999961853027,4.789999961853027,4.789999961853027,784.0
2024-10-25 11:08:00+00:00,ENPH,82.71640014648438,82.71640014648438,82.75,82.56999969482422,82.57019805908203,6713.0
2024-10-25 11:08:00+00:00,ENTG,105.45999908447266,105.45999908447266,105.5,105.45999908447266,105.5,2354.0
2024-10-25 11:08:00+00:00,ERIC,8.53969955444336,8.53969955444336,8.53969955444336,8.529999732971191,8.529999732971191,7376.0
2024-10-25 11:08:00+00:00,EXLS,39.02000045776367,39.02000045776367,39.029998779296875,39.02000045776367,39.029998779296875,1096.0
2024-10-25 11:08:00+00:00,EXTR,14.529999732971191,14.529999732971191,14.555000305175781,14.529999732971191,14.555000305175781,2589.0
2024-10-25 11:08:00+00:00,FFIV,216.34500122070312,216.34500122070312,216.36000061035156,216.34500122070312,216.36000061035156,1033.0
2024-10-25 11:08:00+00:00,FLEX,35.529998779296875,35.529998779296875,35.54999923706055,35.52000045776367,35.54999923706055,3527.0
2024-10-25 11:08:00+00:00,FLYW,17.579999923706055,17.579999923706055,17.579999923706055,17.575000762939453,17.575000762939453,419.0
2024-10-25 11:08:00+00:00,FROG,29.510000228881836,29.510000228881836,29.549999237060547,29.510000228881836,29.540000915527344,3581.0
2024-10-25 11:08:00+00:00,FRSH,11.704999923706055,11.704999923706055,11.704999923706055,11.699999809265137,11.699999809265137,824.0
2024-10-25 11:08:00+00:00,FSLR,199.4199981689453,199.4199981689453,199.47000122070312,199.2801055908203,199.4499969482422,12406.0
2024-10-25 11:08:00+00:00,FTNT,81.53500366210938,81.53500366210938,81.54000091552734,81.53500366210938,81.54000091552734,1180.0
2024-10-25 11:08:00+00:00,GCT,25.5,25.5,25.53499984741211,25.5,25.53499984741211,1024.0
2024-10-25 11:08:00+00:00,GDS,21.575000762939453,21.575000762939453,21.575000762939453,21.575000762939453,21.575000762939453,645.0
2024-10-25 11:08:00+00:00,GDYN,15.649999618530273,15.649999618530273,15.649999618530273,15.649999618530273,15.649999618530273,472.0
2024-10-25 11:08:00+00:00,GFS,41.3849983215332,41.3849983215332,41.38999938964844,41.349998474121094,41.380001068115234,3501.0
2024-10-25 11:08:00+00:00,GILT,4.925000190734863,4.925000190734863,4.925000190734863,4.925000190734863,4.925000190734863,1338.0
2024-10-25 11:08:00+00:00,GPRO,1.3350000381469727,1.3350000381469727,1.340000033378601,1.3350000381469727,1.340000033378601,421.0
2024-10-25 11:08:00+00:00,GRAB,4.085000038146973,4.085000038146973,4.085000038146973,4.081999778747559,4.081999778747559,5265.0
2024-10-25 11:08:00+00:00,GSIT,3.4600000381469727,3.4600000381469727,3.4600000381469727,3.4600000381469727,3.4600000381469727,402.0
2024-10-25 11:08:00+00:00,GTLB,55.70000076293945,55.70000076293945,55.70000076293945,55.68000030517578,55.68000030517578,1394.0
2024-10-25 11:08:00+00:00,HCP,33.685001373291016,33.685001373291016,33.685001373291016,33.68000030517578,33.685001373291016,748.0
2024-10-25 11:08:00+00:00,HOLO,3.734999895095825,3.734999895095825,3.734999895095825,3.7320001125335693,3.7320001125335693,285.0
2024-10-25 11:08:00+00:00,HOOD,27.459999084472656,27.459999084472656,27.489999771118164,27.440000534057617,27.489999771118164,40536.0
2024-10-25 11:08:00+00:00,IMMR,8.819999694824219,8.819999694824219,8.819999694824219,8.819999694824219,8.819999694824219,115.0
2024-10-25 11:08:00+00:00,IMOS,22.5,22.5,22.50200080871582,22.5,22.50200080871582,1848.0
2024-10-25 11:08:00+00:00,IMTE,1.6699999570846558,1.6699999570846558,1.690000057220459,1.6699999570846558,1.6799999475479126,662.0
2024-10-25 11:08:00+00:00,INDI,3.640000104904175,3.640000104904175,3.640000104904175,3.625,3.625,20037.0
2024-10-25 11:08:00+00:00,INFN,6.789999961853027,6.789999961853027,6.789999961853027,6.789999961853027,6.789999961853027,295.0
2024-10-25 11:08:00+00:00,INSG,19.96500015258789,19.96500015258789,19.96500015258789,19.96500015258789,19.96500015258789,901.0
2024-10-25 11:08:00+00:00,INTC,23.104999542236328,23.104999542236328,23.135000228881836,23.100000381469727,23.135000228881836,154876.0
2024-10-25 11:08:00+00:00,INTU,611.4749755859375,611.4749755859375,611.5499877929688,611.0549926757812,611.5499877929688,2469.0
2024-10-25 11:08:00+00:00,JAMF,16.860000610351562,16.860000610351562,16.860000610351562,16.860000610351562,16.860000610351562,221.0
2024-10-25 11:08:00+00:00,KC,2.7300000190734863,2.7300000190734863,2.734999895095825,2.7300000190734863,2.734999895095825,2019.0
2024-10-25 11:08:00+00:00,KLAC,678.8499755859375,678.8499755859375,679.8499755859375,678.8200073242188,679.8499755859375,2306.0
2024-10-25 11:08:00+00:00,KLIC,44.43000030517578,44.43000030517578,44.43000030517578,44.43000030517578,44.43000030517578,432.0
2024-10-25 11:08:00+00:00,KOPN,0.7602999806404114,0.7602999806404114,0.7645000219345093,0.7602999806404114,0.7602999806404114,1203.0
2024-10-25 11:08:00+00:00,KOSS,7.489999771118164,7.489999771118164,7.489999771118164,7.473999977111816,7.473999977111816,1109.0
2024-10-25 11:08:00+00:00,LASR,10.5,10.5,10.510000228881836,10.5,10.510000228881836,1037.0
2024-10-25 11:08:00+00:00,LINK,5.045000076293945,5.045000076293945,5.089600086212158,5.010000228881836,5.089600086212158,19294.0
2024-10-25 11:08:00+00:00,LITE,64.54000091552734,64.54000091552734,64.55999755859375,64.54000091552734,64.55999755859375,1281.0
2024-10-25 11:08:00+00:00,LRCX,78.60079956054688,78.60079956054688,78.76000213623047,78.5999984741211,78.76000213623047,29285.0
2024-10-25 11:08:00+00:00,LSCC,54.4900016784668,54.4900016784668,54.529998779296875,54.4900016784668,54.529998779296875,1238.0
2024-10-25 11:08:00+00:00,LUNA,1.795300006866455,1.795300006866455,1.795300006866455,1.795300006866455,1.795300006866455,132.0
2024-10-25 11:08:00+00:00,LYFT,13.765000343322754,13.765000343322754,13.76990032196045,13.760000228881836,13.761500358581543,3826.0
2024-10-25 11:08:00+00:00,MCHP,77.19000244140625,77.19000244140625,77.22000122070312,77.19000244140625,77.20999908447266,6431.0
2024-10-25 11:08:00+00:00,MDB,267.1400146484375,267.1400146484375,267.30999755859375,267.1400146484375,267.30999755859375,2114.0
2024-10-25 11:08:00+00:00,MIND,3.510499954223633,3.510499954223633,3.510499954223633,3.510499954223633,3.510499954223633,433.0
2024-10-25 11:08:00+00:00,MITK,8.789999961853027,8.789999961853027,8.795000076293945,8.789999961853027,8.795000076293945,2724.0
2024-10-25 11:08:00+00:00,MKSI,100.83999633789062,100.83999633789062,100.83999633789062,100.80000305175781,100.80000305175781,1026.0
2024-10-25 11:08:00+00:00,MKTW,0.5899999737739563,0.5899999737739563,0.5899999737739563,0.5899999737739563,0.5899999737739563,2148.0
2024-10-25 11:08:00+00:00,MPWR,913.6099853515625,913.6099853515625,914.02001953125,913.6099853515625,914.02001953125,1030.0
2024-10-25 11:08:00+00:00,MQ,5.324999809265137,5.324999809265137,5.324999809265137,5.320000171661377,5.320000171661377,1477.0
2024-10-25 11:08:00+00:00,MRVL,82.66600036621094,82.66600036621094,82.75,82.66000366210938,82.74500274658203,19233.0
2024-10-25 11:08:00+00:00,MSFT,431.1199951171875,431.1199951171875,431.3999938964844,431.06201171875,431.3699951171875,21137.0
2024-10-25 11:08:00+00:00,MSTR,243.8300018310547,243.8300018310547,244.0998992919922,243.4499969482422,243.9949951171875,16985.0
2024-10-25 11:08:00+00:00,MTSI,120.3499984741211,120.3499984741211,120.3499984741211,120.3499984741211,120.3499984741211,248.0
2024-10-25 11:08:00+00:00,MTTR,4.650000095367432,4.650000095367432,4.650000095367432,4.650000095367432,4.650000095367432,1949.0
2024-10-25 11:08:00+00:00,MU,109.3499984741211,109.3499984741211,109.51499938964844,109.33999633789062,109.51499938964844,25381.0
2024-10-25 11:08:00+00:00,MVIS,1.1050000190734863,1.1050000190734863,1.1100000143051147,1.1050000190734863,1.1100000143051147,1263.0
2024-10-25 11:08:00+00:00,MXL,15.359999656677246,15.359999656677246,15.390000343322754,15.359999656677246,15.390000343322754,3908.0
2024-10-25 11:08:00+00:00,NCNO,38.0099983215332,38.0099983215332,38.0099983215332,37.98500061035156,37.98500061035156,1003.0
2024-10-25 11:08:00+00:00,NNDM,2.3550000190734863,2.3550000190734863,2.3550000190734863,2.3550000190734863,2.3550000190734863,210.0
2024-10-25 11:08:00+00:00,NTAP,120.45999908447266,120.45999908447266,120.5199966430664,120.45999908447266,120.5199966430664,1122.0
2024-10-25 11:08:00+00:00,NTNX,62.61000061035156,62.61000061035156,62.6599006652832,62.61000061035156,62.654998779296875,3142.0
2024-10-25 11:08:00+00:00,NVDA,143.48890686035156,143.48890686035156,143.658203125,143.43499755859375,143.64999389648438,428843.0
2024-10-25 11:08:00+00:00,NVMI,184.73500061035156,184.73500061035156,184.73500061035156,184.73500061035156,184.73500061035156,461.0
2024-10-25 11:08:00+00:00,NVTS,2.619999885559082,2.619999885559082,2.625,2.619999885559082,2.624000072479248,6571.0
2024-10-25 11:08:00+00:00,NXPI,244.51499938964844,244.51499938964844,244.6699981689453,244.48129272460938,244.6699981689453,2494.0
2024-10-25 11:08:00+00:00,OKTA,72.80999755859375,72.80999755859375,72.80999755859375,72.7699966430664,72.80000305175781,2149.0
2024-10-25 11:08:00+00:00,ON,71.7300033569336,71.7300033569336,71.93000030517578,71.7300033569336,71.93000030517578,21266.0
2024-10-25 11:08:00+00:00,OSPN,14.699999809265137,14.699999809265137,14.699999809265137,14.699999809265137,14.699999809265137,705.0
2024-10-25 11:08:00+00:00,OSS,2.4200000762939453,2.4200000762939453,2.4200000762939453,2.4200000762939453,2.4200000762939453,146.0
2024-10-25 11:08:00+00:00,OTEX,33.52000045776367,33.52000045776367,33.529998779296875,33.52000045776367,33.529998779296875,689.0
2024-10-25 11:08:00+00:00,PANW,371.05499267578125,371.05499267578125,371.70001220703125,371.05499267578125,371.44000244140625,5042.0
2024-10-25 11:08:00+00:00,PAYO,8.329999923706055,8.329999923706055,8.329999923706055,8.329999923706055,8.329999923706055,1319.0
2024-10-25 11:08:00+00:00,PEGA,81.44000244140625,81.44000244140625,81.44000244140625,81.44000244140625,81.44000244140625,5541.0
2024-10-25 11:08:00+00:00,PGY,11.979999542236328,11.979999542236328,11.979999542236328,11.949999809265137,11.949999809265137,7590.0
2024-10-25 11:08:00+00:00,PHUN,9.770000457763672,9.770000457763672,9.770000457763672,9.694999694824219,9.725000381469727,37993.0
2024-10-25 11:08:00+00:00,PI,205.0749969482422,205.0749969482422,205.25,205.0,205.25,8392.0
2024-10-25 11:08:00+00:00,PLXS,142.8000030517578,142.8000030517578,142.89999389648438,142.8000030517578,142.89999389648438,681.0
2024-10-25 11:08:00+00:00,PUBM,15.0,15.0,15.0,15.0,15.0,997.0
2024-10-25 11:08:00+00:00,PYCR,14.350000381469727,14.350000381469727,14.359999656677246,14.350000381469727,14.359999656677246,1047.0
2024-10-25 11:08:00+00:00,QCOM,172.88999938964844,172.88999938964844,173.0800018310547,172.88999938964844,173.0800018310547,13269.0
2024-10-25 11:08:00+00:00,QLYS,121.22000122070312,121.22000122070312,121.22000122070312,121.22000122070312,121.22000122070312,1767.0
2024-10-25 11:08:00+00:00,QRVO,100.30999755859375,100.30999755859375,100.48999786376953,100.30999755859375,100.48999786376953,3740.0
2024-10-25 11:08:00+00:00,QUBT,1.1100000143051147,1.1100000143051147,1.1150000095367432,1.1100000143051147,1.1100000143051147,2519.0
2024-10-25 11:08:00+00:00,RCAT,2.744999885559082,2.744999885559082,2.744999885559082,2.744999885559082,2.744999885559082,611.0
2024-10-25 11:08:00+00:00,REKR,1.0950000286102295,1.0950000286102295,1.100000023841858,1.0950000286102295,1.100000023841858,6142.0
2024-10-25 11:08:00+00:00,RELY,14.71500015258789,14.71500015258789,14.71500015258789,14.71500015258789,14.71500015258789,801.0
2024-10-25 11:08:00+00:00,RGTI,1.2899999618530273,1.2899999618530273,1.2899999618530273,1.2800999879837036,1.2899999618530273,10969.0
2024-10-25 11:08:00+00:00,RIOT,10.154999732971191,10.154999732971191,10.180000305175781,10.140000343322754,10.180000305175781,74398.0
2024-10-25 11:08:00+00:00,RMBS,43.099998474121094,43.099998474121094,43.11000061035156,43.09000015258789,43.099998474121094,1811.0
2024-10-25 11:08:00+00:00,RPAY,7.630000114440918,7.630000114440918,7.650000095367432,7.630000114440918,7.650000095367432,1830.0
2024-10-25 11:08:00+00:00,RPD,39.30500030517578,39.30500030517578,39.30500030517578,39.279998779296875,39.279998779296875,505.0
2024-10-25 11:08:00+00:00,RUM,5.814599990844727,5.814599990844727,5.814599990844727,5.810299873352051,5.810299873352051,2899.0
2024-10-25 11:08:00+00:00,RUN,14.420000076293945,14.420000076293945,14.4399995803833,14.40999984741211,14.420000076293945,13704.0
2024-10-25 11:08:00+00:00,RXT,2.5799999237060547,2.5799999237060547,2.5799999237060547,2.5799999237060547,2.5799999237060547,920.0
2024-10-25 11:08:00+00:00,SANM,67.70500183105469,67.70500183105469,67.70500183105469,67.69000244140625,67.69000244140625,873.0
2024-10-25 11:08:00+00:00,SATS,25.389999389648438,25.389999389648438,25.395000457763672,25.389999389648438,25.395000457763672,323.0
2024-10-25 11:08:00+00:00,SEDG,15.893699645996094,15.893699645996094,15.930000305175781,15.829999923706055,15.930000305175781,13910.0
2024-10-25 11:08:00+00:00,SHLS,5.269999980926514,5.269999980926514,5.269999980926514,5.2600998878479,5.2600998878479,3270.0
2024-10-25 11:08:00+00:00,SKYT,10.65999984741211,10.65999984741211,10.65999984741211,10.65999984741211,10.65999984741211,1403.0
2024-10-25 11:08:00+00:00,SLNHP,13.25,13.25,13.25,13.25,13.25,2.0
2024-10-25 11:08:00+00:00,SMCI,48.08000183105469,48.08000183105469,48.194698333740234,48.060001373291016,48.194698333740234,80618.0
2024-10-25 11:08:00+00:00,SMTC,45.638999938964844,45.638999938964844,45.72999954223633,45.638999938964844,45.72999954223633,2173.0
2024-10-25 11:08:00+00:00,SNPS,504.1700134277344,504.1700134277344,504.45001220703125,503.94000244140625,504.2900085449219,2693.0
2024-10-25 11:08:00+00:00,SOBR,7.65500020980835,7.65500020980835,7.679999828338623,7.65500020980835,7.679999828338623,5001.0
2024-10-25 11:08:00+00:00,SONM,3.5797998905181885,3.5797998905181885,3.599900007247925,3.5797998905181885,3.599900007247925,2653.0
2024-10-25 11:08:00+00:00,SONO,12.944999694824219,12.944999694824219,12.949999809265137,12.944999694824219,12.949999809265137,1898.0
2024-10-25 11:08:00+00:00,SOUN,5.295000076293945,5.295000076293945,5.309899806976318,5.295000076293945,5.309899806976318,6975.0
2024-10-25 11:08:00+00:00,SPSC,176.33999633789062,176.33999633789062,176.6699981689453,176.33999633789062,176.6649932861328,3253.0
2024-10-25 11:08:00+00:00,SRAD,12.390000343322754,12.390000343322754,12.395000457763672,12.390000343322754,12.395000457763672,2148.0
2024-10-25 11:08:00+00:00,SSNC,69.66000366210938,69.66000366210938,69.69499969482422,69.56999969482422,69.56999969482422,7248.0
2024-10-25 11:08:00+00:00,SSTI,11.53499984741211,11.53499984741211,11.53499984741211,11.53499984741211,11.53499984741211,222.0
2024-10-25 11:08:00+00:00,STER,16.75,16.75,16.75,16.75,16.75,104.0
2024-10-25 11:08:00+00:00,STNE,11.5600004196167,11.5600004196167,11.5600004196167,11.545000076293945,11.545000076293945,3903.0
2024-10-25 11:08:00+00:00,STX,104.80999755859375,104.80999755859375,104.87999725341797,104.77999877929688,104.83999633789062,2062.0
2024-10-25 11:08:00+00:00,SWKS,96.43000030517578,96.43000030517578,96.54000091552734,96.43000030517578,96.54000091552734,2817.0
2024-10-25 11:08:00+00:00,SYNA,73.79000091552734,73.79000091552734,73.79000091552734,73.79000091552734,73.79000091552734,168.0
2024-10-25 11:08:00+00:00,SYTA,1.2502000331878662,1.2502000331878662,1.2599999904632568,1.2502000331878662,1.2599999904632568,3758.0
2024-10-25 11:08:00+00:00,TEAM,190.02999877929688,190.02999877929688,190.36000061035156,190.02999877929688,190.36000061035156,3836.0
2024-10-25 11:08:00+00:00,TENB,41.56999969482422,41.56999969482422,41.56999969482422,41.56999969482422,41.56999969482422,809.0
2024-10-25 11:08:00+00:00,TER,113.04000091552734,113.04000091552734,113.08000183105469,113.04000091552734,113.08000183105469,3102.0
2024-10-25 11:08:00+00:00,TLS,3.6549999713897705,3.6549999713897705,3.6549999713897705,3.6549999713897705,3.6549999713897705,1325.0
2024-10-25 11:08:00+00:00,TTD,120.17500305175781,120.17500305175781,120.26000213623047,120.13999938964844,120.26000213623047,7755.0
2024-10-25 11:08:00+00:00,TTMI,19.725000381469727,19.725000381469727,19.725000381469727,19.719999313354492,19.719999313354492,544.0
2024-10-25 11:08:00+00:00,TWKS,4.454999923706055,4.454999923706055,4.460000038146973,4.454999923706055,4.454999923706055,987.0
2024-10-25 11:08:00+00:00,TXN,209.75999450683594,209.75999450683594,209.88999938964844,209.75,209.88999938964844,6032.0
2024-10-25 11:08:00+00:00,UCTT,35.970001220703125,35.970001220703125,36.005001068115234,35.970001220703125,36.0,1003.0
2024-10-25 11:08:00+00:00,USIO,1.4049999713897705,1.4049999713897705,1.4049999713897705,1.4049999713897705,1.4049999713897705,200.0
2024-10-25 11:08:00+00:00,VECO,29.549999237060547,29.549999237060547,29.549999237060547,29.549999237060547,29.549999237060547,709.0
2024-10-25 11:08:00+00:00,VERI,3.484999895095825,3.484999895095825,3.484999895095825,3.484999895095825,3.484999895095825,510.0
2024-10-25 11:08:00+00:00,VERX,42.380001068115234,42.380001068115234,42.380001068115234,42.380001068115234,42.380001068115234,1616.0
2024-10-25 11:08:00+00:00,VIAV,9.21500015258789,9.21500015258789,9.21500015258789,9.21500015258789,9.21500015258789,131.0
2024-10-25 11:08:00+00:00,VICR,47.30500030517578,47.30500030517578,47.30500030517578,47.30500030517578,47.30500030517578,176.0
2024-10-25 11:08:00+00:00,VMEO,4.78000020980835,4.78000020980835,4.78000020980835,4.769999980926514,4.769999980926514,1422.0
2024-10-25 11:08:00+00:00,VNET,3.4639999866485596,3.4639999866485596,3.469899892807007,3.4639999866485596,3.4649999141693115,2458.0
2024-10-25 11:08:00+00:00,VRNS,56.90999984741211,56.90999984741211,56.94499969482422,56.88999938964844,56.94499969482422,3735.0
2024-10-25 11:08:00+00:00,VRNT,22.309999465942383,22.309999465942383,22.309999465942383,22.309999465942383,22.309999465942383,1387.0
2024-10-25 11:08:00+00:00,VRSN,186.0,186.0,186.13499450683594,186.0,186.0,1486.0
2024-10-25 11:08:00+00:00,VSAT,10.34000015258789,10.34000015258789,10.34000015258789,10.34000015258789,10.34000015258789,1546.0
2024-10-25 11:08:00+00:00,WALD,3.60479998588562,3.60479998588562,3.60479998588562,3.60479998588562,3.60479998588562,805.0
2024-10-25 11:08:00+00:00,WDAY,240.35000610351562,240.35000610351562,240.43499755859375,240.35000610351562,240.43499755859375,1615.0
2024-10-25 11:08:00+00:00,WDC,72.31999969482422,72.31999969482422,72.47000122070312,72.27999877929688,72.44999694824219,28668.0
2024-10-25 11:08:00+00:00,WISA,1.850000023841858,1.850000023841858,1.850000023841858,1.850000023841858,1.850000023841858,164.0
2024-10-25 11:08:00+00:00,WKEY,2.069999933242798,2.069999933242798,2.109999895095825,2.069999933242798,2.0999999046325684,963.0
2024-10-25 11:08:00+00:00,XRX,10.1850004196167,10.1850004196167,10.1850004196167,10.1850004196167,10.1850004196167,377.0
2024-10-25 11:08:00+00:00,ZI,10.574999809265137,10.574999809265137,10.574999809265137,10.572500228881836,10.574999809265137,2789.0
2024-10-25 11:08:00+00:00,ZM,73.16999816894531,73.16999816894531,73.16999816894531,73.16999816894531,73.16999816894531,244.0
2024-10-25 11:08:00+00:00,ZS,187.0272979736328,187.0272979736328,187.0272979736328,186.97999572753906,186.97999572753906,1854.0
2024-10-25 11:09:00+00:00,AAOI,18.308000564575195,18.308000564575195,18.360000610351562,18.299999237060547,18.350000381469727,9579.0
2024-10-25 11:09:00+00:00,AAPL,232.80999755859375,232.80999755859375,232.9600067138672,232.75,232.94000244140625,58660.0
2024-10-25 11:09:00+00:00,ACLS,90.80670166015625,90.80670166015625,90.80670166015625,90.7300033569336,90.7300033569336,1158.0
2024-10-25 11:09:00+00:00,ADBE,484.110107421875,484.110107421875,484.7200012207031,484.110107421875,484.7200012207031,4436.0
2024-10-25 11:09:00+00:00,ADI,233.75,233.75,233.75,233.75,233.75,3174.0
2024-10-25 11:09:00+00:00,ADSK,288.3599853515625,288.3599853515625,288.3599853515625,288.3500061035156,288.3500061035156,2143.0
2024-10-25 11:09:00+00:00,ADTN,6.40500020980835,6.40500020980835,6.40500020980835,6.40500020980835,6.40500020980835,547.0
2024-10-25 11:09:00+00:00,AEHR,16.635000228881836,16.635000228881836,16.653799057006836,16.6299991607666,16.653799057006836,1616.0
2024-10-25 11:09:00+00:00,AFRM,41.849998474121094,41.849998474121094,41.899200439453125,41.83000183105469,41.86000061035156,36824.0
2024-10-25 11:09:00+00:00,AGYS,112.3499984741211,112.3499984741211,112.3499984741211,112.3499984741211,112.3499984741211,347.0
2024-10-25 11:09:00+00:00,AKTS,0.058400001376867294,0.058400001376867294,0.05849999934434891,0.058400001376867294,0.05849999934434891,23901.0
2024-10-25 11:09:00+00:00,ALGM,22.739999771118164,22.739999771118164,22.739999771118164,22.649999618530273,22.729999542236328,27115.0
2024-10-25 11:09:00+00:00,ALKT,38.314998626708984,38.314998626708984,38.314998626708984,38.314998626708984,38.314998626708984,424.0
2024-10-25 11:09:00+00:00,ALRM,54.8650016784668,54.8650016784668,54.8650016784668,54.8650016784668,54.8650016784668,453.0
2024-10-25 11:09:00+00:00,ALTR,105.96499633789062,105.96499633789062,106.02999877929688,105.83999633789062,106.02999877929688,3079.0
2024-10-25 11:09:00+00:00,AMAT,188.27000427246094,188.27000427246094,188.29600524902344,188.1300048828125,188.1999969482422,4826.0
2024-10-25 11:09:00+00:00,AMBA,58.595001220703125,58.595001220703125,58.595001220703125,58.595001220703125,58.595001220703125,313.0
2024-10-25 11:09:00+00:00,AMD,157.22909545898438,157.22909545898438,157.30999755859375,157.16009521484375,157.27000427246094,40674.0
2024-10-25 11:09:00+00:00,AMKR,30.030000686645508,30.030000686645508,30.030000686645508,30.010000228881836,30.024999618530273,1585.0
2024-10-25 11:09:00+00:00,ANY,1.0950000286102295,1.0950000286102295,1.0950000286102295,1.0950000286102295,1.0950000286102295,301.0
2024-10-25 11:09:00+00:00,API,2.809999942779541,2.809999942779541,2.809999942779541,2.808000087738037,2.808000087738037,4977.0
2024-10-25 11:09:00+00:00,APP,162.25999450683594,162.25999450683594,162.4199981689453,162.22999572753906,162.4199981689453,3354.0
2024-10-25 11:09:00+00:00,APPF,216.69000244140625,216.69000244140625,216.69000244140625,216.47000122070312,216.47000122070312,302.0
2024-10-25 11:09:00+00:00,APPN,32.189998626708984,32.189998626708984,32.189998626708984,32.189998626708984,32.189998626708984,707.0
2024-10-25 11:09:00+00:00,APPS,3.115000009536743,3.115000009536743,3.115000009536743,3.115000009536743,3.115000009536743,353.0
2024-10-25 11:09:00+00:00,ARRY,6.480000019073486,6.480000019073486,6.480000019073486,6.465000152587891,6.46999979019165,8819.0
2024-10-25 11:09:00+00:00,AUR,6.46999979019165,6.46999979019165,6.474999904632568,6.46999979019165,6.474999904632568,722.0
2024-10-25 11:09:00+00:00,AVDX,8.21500015258789,8.21500015258789,8.21500015258789,8.21500015258789,8.21500015258789,439.0
2024-10-25 11:09:00+00:00,AVGO,175.9792022705078,175.9792022705078,175.9792022705078,175.86500549316406,175.9600067138672,27530.0
2024-10-25 11:09:00+00:00,AVPT,12.074999809265137,12.074999809265137,12.074999809265137,12.074999809265137,12.074999809265137,167.0
2024-10-25 11:09:00+00:00,AVT,54.46500015258789,54.46500015258789,54.46500015258789,54.46500015258789,54.46500015258789,672.0
2024-10-25 11:09:00+00:00,BASE,16.56999969482422,16.56999969482422,16.56999969482422,16.56999969482422,16.56999969482422,1334.0
2024-10-25 11:09:00+00:00,BIGC,5.355000019073486,5.355000019073486,5.355000019073486,5.355000019073486,5.355000019073486,931.0
2024-10-25 11:09:00+00:00,BMBL,7.295000076293945,7.295000076293945,7.295000076293945,7.295000076293945,7.295000076293945,469.0
2024-10-25 11:09:00+00:00,BSY,49.34000015258789,49.34000015258789,49.34000015258789,49.34000015258789,49.34000015258789,1429.0
2024-10-25 11:09:00+00:00,CAMT,78.48999786376953,78.48999786376953,78.48999786376953,78.48999786376953,78.48999786376953,258.0
2024-10-25 11:09:00+00:00,CAN,1.0049999952316284,1.0049999952316284,1.0049999952316284,1.0049999952316284,1.0049999952316284,1576.0
2024-10-25 11:09:00+00:00,CDNS,258.5899963378906,258.5899963378906,258.6300048828125,258.5899963378906,258.61981201171875,1277.0
2024-10-25 11:09:00+00:00,CETX,0.2980000078678131,0.2980000078678131,0.2980000078678131,0.29750001430511475,0.29750001430511475,2024.0
2024-10-25 11:09:00+00:00,CFLT,22.690000534057617,22.690000534057617,22.700000762939453,22.690000534057617,22.700000762939453,4967.0
2024-10-25 11:09:00+00:00,CGNX,39.099998474121094,39.099998474121094,39.1150016784668,39.08000183105469,39.095001220703125,4391.0
2024-10-25 11:09:00+00:00,CHKP,207.39999389648438,207.39999389648438,207.39999389648438,207.39999389648438,207.39999389648438,2973.0
2024-10-25 11:09:00+00:00,CLBT,18.204999923706055,18.204999923706055,18.219999313354492,18.200000762939453,18.219999313354492,6440.0
2024-10-25 11:09:00+00:00,CLSK,12.14009952545166,12.14009952545166,12.145000457763672,12.119999885559082,12.119999885559082,25002.0
2024-10-25 11:09:00+00:00,CMBM,1.2960000038146973,1.2960000038146973,1.2999999523162842,1.2799999713897705,1.2799999713897705,2408.0
2024-10-25 11:09:00+00:00,CNXC,45.060001373291016,45.060001373291016,45.09659957885742,45.060001373291016,45.06999969482422,1704.0
2024-10-25 11:09:00+00:00,COHR,96.31999969482422,96.31999969482422,96.31999969482422,96.31999969482422,96.31999969482422,15117.0
2024-10-25 11:09:00+00:00,COHU,26.3700008392334,26.3700008392334,26.3700008392334,26.3700008392334,26.3700008392334,553.0
2024-10-25 11:09:00+00:00,COIN,212.6699981689453,212.6699981689453,212.75390625,212.42999267578125,212.42999267578125,6639.0
2024-10-25 11:09:00+00:00,COMM,6.40500020980835,6.40500020980835,6.406000137329102,6.400000095367432,6.406000137329102,1608.0
2024-10-25 11:09:00+00:00,CORZ,13.45199966430664,13.45199966430664,13.456100463867188,13.449999809265137,13.449999809265137,7914.0
2024-10-25 11:09:00+00:00,CRCT,6.559999942779541,6.559999942779541,6.559999942779541,6.559999942779541,6.559999942779541,608.0
2024-10-25 11:09:00+00:00,CRDO,39.45000076293945,39.45000076293945,39.47999954223633,39.45000076293945,39.47999954223633,1738.0
2024-10-25 11:09:00+00:00,CRNC,2.9100000858306885,2.9100000858306885,2.9100000858306885,2.9100000858306885,2.9100000858306885,165.0
2024-10-25 11:09:00+00:00,CRNT,2.4509999752044678,2.4509999752044678,2.4509999752044678,2.4509999752044678,2.4509999752044678,550.0
2024-10-25 11:09:00+00:00,CRWD,309.7550048828125,309.7550048828125,310.0,309.7200012207031,310.0,2394.0
2024-10-25 11:09:00+00:00,CSCO,56.095001220703125,56.095001220703125,56.099998474121094,56.08190155029297,56.099998474121094,7637.0
2024-10-25 11:09:00+00:00,CSIQ,13.75,13.75,13.758000373840332,13.715499877929688,13.729999542236328,7845.0
2024-10-25 11:09:00+00:00,CTSH,74.9000015258789,74.9000015258789,74.9000015258789,74.9000015258789,74.9000015258789,153.0
2024-10-25 11:09:00+00:00,CVLT,134.19000244140625,134.19000244140625,134.22000122070312,134.19000244140625,134.2100067138672,1300.0
2024-10-25 11:09:00+00:00,CYBR,294.04998779296875,294.04998779296875,294.04998779296875,294.04998779296875,294.04998779296875,150.0
2024-10-25 11:09:00+00:00,CYN,3.599900007247925,3.599900007247925,3.599900007247925,3.599900007247925,3.599900007247925,517.0
2024-10-25 11:09:00+00:00,DBX,26.09000015258789,26.09000015258789,26.110000610351562,26.09000015258789,26.110000610351562,5537.0
2024-10-25 11:09:00+00:00,DDOG,127.23999786376953,127.23999786376953,127.26499938964844,127.19000244140625,127.23999786376953,2064.0
2024-10-25 11:09:00+00:00,DGHI,1.4900000095367432,1.4900000095367432,1.5099999904632568,1.4700000286102295,1.4700000286102295,32654.0
2024-10-25 11:09:00+00:00,DIOD,66.23999786376953,66.23999786376953,66.23999786376953,66.23999786376953,66.23999786376953,563.0
2024-10-25 11:09:00+00:00,DLO,8.864999771118164,8.864999771118164,8.869999885559082,8.864999771118164,8.869999885559082,690.0
2024-10-25 11:09:00+00:00,DMRC,31.25,31.25,31.25,31.25,31.25,435.0
2024-10-25 11:09:00+00:00,DOCU,70.69999694824219,70.69999694824219,70.69999694824219,70.68499755859375,70.69999694824219,1036.0
2024-10-25 11:09:00+00:00,DOX,89.9800033569336,89.9800033569336,89.9800033569336,89.91000366210938,89.9800033569336,3991.0
2024-10-25 11:09:00+00:00,DUOL,287.7099914550781,287.7099914550781,287.7099914550781,287.7099914550781,287.7099914550781,397.0
2024-10-25 11:09:00+00:00,ENPH,82.78269958496094,82.78269958496094,82.78269958496094,82.66000366210938,82.69999694824219,10095.0
2024-10-25 11:09:00+00:00,ENTG,105.4749984741211,105.4749984741211,105.4749984741211,105.44499969482422,105.44499969482422,951.0
2024-10-25 11:09:00+00:00,ERIC,8.53499984741211,8.53499984741211,8.53499984741211,8.53499984741211,8.53499984741211,7015.0
2024-10-25 11:09:00+00:00,EXLS,39.0099983215332,39.0099983215332,39.0099983215332,39.0099983215332,39.0099983215332,1312.0
2024-10-25 11:09:00+00:00,EXTR,14.529999732971191,14.529999732971191,14.529999732971191,14.529999732971191,14.529999732971191,201.0
2024-10-25 11:09:00+00:00,FCUV,0.2563999891281128,0.2563999891281128,0.2563999891281128,0.2563999891281128,0.2563999891281128,300.0
2024-10-25 11:09:00+00:00,FFIV,216.2100067138672,216.2100067138672,216.25999450683594,216.19000244140625,216.25999450683594,4348.0
2024-10-25 11:09:00+00:00,FIVN,30.524999618530273,30.524999618530273,30.524999618530273,30.524999618530273,30.524999618530273,499.0
2024-10-25 11:09:00+00:00,FLEX,35.52000045776367,35.52000045776367,35.52000045776367,35.52000045776367,35.52000045776367,464.0
2024-10-25 11:09:00+00:00,FLYW,17.600000381469727,17.600000381469727,17.600000381469727,17.600000381469727,17.600000381469727,135.0
2024-10-25 11:09:00+00:00,FROG,29.5,29.5,29.524999618530273,29.5,29.524999618530273,2744.0
2024-10-25 11:09:00+00:00,FRSH,11.704999923706055,11.704999923706055,11.704999923706055,11.704999923706055,11.704999923706055,1422.0
2024-10-25 11:09:00+00:00,FSLR,199.61000061035156,199.61000061035156,199.66000366210938,199.42750549316406,199.48199462890625,2671.0
2024-10-25 11:09:00+00:00,FTNT,81.54000091552734,81.54000091552734,81.54000091552734,81.5199966430664,81.54000091552734,2604.0
2024-10-25 11:09:00+00:00,GCT,25.40999984741211,25.40999984741211,25.549999237060547,25.40999984741211,25.549999237060547,20953.0
2024-10-25 11:09:00+00:00,GDS,21.604999542236328,21.604999542236328,21.604999542236328,21.600000381469727,21.600000381469727,1211.0
2024-10-25 11:09:00+00:00,GFS,41.36000061035156,41.36000061035156,41.391998291015625,41.31999969482422,41.385101318359375,3845.0
2024-10-25 11:09:00+00:00,GRAB,4.085000038146973,4.085000038146973,4.085000038146973,4.081900119781494,4.085000038146973,5361.0
2024-10-25 11:09:00+00:00,GRRR,4.590000152587891,4.590000152587891,4.590000152587891,4.590000152587891,4.590000152587891,304.0
2024-10-25 11:09:00+00:00,GSIT,3.4700000286102295,3.4700000286102295,3.4700000286102295,3.4700000286102295,3.4700000286102295,100.0
2024-10-25 11:09:00+00:00,GTLB,55.599998474121094,55.599998474121094,55.61000061035156,55.599998474121094,55.61000061035156,1562.0
2024-10-25 11:09:00+00:00,HCP,33.68000030517578,33.68000030517578,33.685001373291016,33.68000030517578,33.685001373291016,2291.0
2024-10-25 11:09:00+00:00,HEAR,16.625,16.625,16.625,16.625,16.625,315.0
2024-10-25 11:09:00+00:00,HIMX,6.224999904632568,6.224999904632568,6.224999904632568,6.21999979019165,6.21999979019165,1384.0
2024-10-25 11:09:00+00:00,HLIT,14.859999656677246,14.859999656677246,14.859999656677246,14.859999656677246,14.859999656677246,142.0
2024-10-25 11:09:00+00:00,HOLO,3.7300000190734863,3.7300000190734863,3.7385001182556152,3.7300000190734863,3.7385001182556152,871.0
2024-10-25 11:09:00+00:00,HOOD,27.475000381469727,27.475000381469727,27.479999542236328,27.449899673461914,27.459999084472656,42270.0
2024-10-25 11:09:00+00:00,IBEX,18.200000762939453,18.200000762939453,18.200000762939453,18.145000457763672,18.145000457763672,1543.0
2024-10-25 11:09:00+00:00,IMMR,8.828900337219238,8.828900337219238,8.828900337219238,8.819999694824219,8.819999694824219,575.0
2024-10-25 11:09:00+00:00,INDI,3.6500000953674316,3.6500000953674316,3.6500000953674316,3.640000104904175,3.640000104904175,4554.0
2024-10-25 11:09:00+00:00,INFN,6.789999961853027,6.789999961853027,6.789999961853027,6.789999961853027,6.789999961853027,232.0
2024-10-25 11:09:00+00:00,INTA,49.84000015258789,49.84000015258789,49.84000015258789,49.84000015258789,49.84000015258789,241.0
2024-10-25 11:09:00+00:00,INTC,23.09000015258789,23.09000015258789,23.11989974975586,23.09000015258789,23.110000610351562,84800.0
2024-10-25 11:09:00+00:00,INTU,610.9299926757812,610.9299926757812,611.1300048828125,610.8049926757812,611.0499877929688,3442.0
2024-10-25 11:09:00+00:00,IPGP,77.14749908447266,77.14749908447266,77.14749908447266,77.14749908447266,77.14749908447266,799.0
2024-10-25 11:09:00+00:00,JKHY,184.4199981689453,184.4199981689453,184.4199981689453,184.4199981689453,184.4199981689453,356.0
2024-10-25 11:09:00+00:00,KC,2.734999895095825,2.734999895095825,2.734999895095825,2.734999895095825,2.734999895095825,409.0
2024-10-25 11:09:00+00:00,KOSS,7.489999771118164,7.489999771118164,7.507999897003174,7.46999979019165,7.46999979019165,738.0
2024-10-25 11:09:00+00:00,KVHI,4.700099945068359,4.700099945068359,4.700099945068359,4.699999809265137,4.699999809265137,816.0
2024-10-25 11:09:00+00:00,LASR,10.5,10.5,10.510000228881836,10.5,10.510000228881836,2634.0
2024-10-25 11:09:00+00:00,LINK,4.974999904632568,4.974999904632568,5.079999923706055,4.900100231170654,5.024700164794922,22917.0
2024-10-25 11:09:00+00:00,LITE,64.51000213623047,64.51000213623047,64.51000213623047,64.51000213623047,64.51000213623047,398.0
2024-10-25 11:09:00+00:00,LOGI,81.26000213623047,81.26000213623047,81.26000213623047,81.26000213623047,81.26000213623047,129.0
2024-10-25 11:09:00+00:00,LRCX,78.62000274658203,78.62000274658203,78.66999816894531,78.58000183105469,78.61000061035156,35846.0
2024-10-25 11:09:00+00:00,LSCC,54.47999954223633,54.47999954223633,54.4900016784668,54.47999954223633,54.4900016784668,867.0
2024-10-25 11:09:00+00:00,LUNA,1.7999999523162842,1.7999999523162842,1.7999999523162842,1.7999999523162842,1.7999999523162842,1272.0
2024-10-25 11:09:00+00:00,LYFT,13.805999755859375,13.805999755859375,13.8100004196167,13.765000343322754,13.765000343322754,37463.0
2024-10-25 11:09:00+00:00,MANH,275.43499755859375,275.43499755859375,276.3800048828125,275.43499755859375,276.3800048828125,3491.0
2024-10-25 11:09:00+00:00,MAPS,0.8501999974250793,0.8501999974250793,0.8501999974250793,0.8500999808311462,0.8501999974250793,1897.0
2024-10-25 11:09:00+00:00,MAXN,5.730000019073486,5.730000019073486,5.739999771118164,5.7042999267578125,5.739999771118164,4340.0
2024-10-25 11:09:00+00:00,MCHP,77.16000366210938,77.16000366210938,77.19999694824219,77.16000366210938,77.19000244140625,4081.0
2024-10-25 11:09:00+00:00,MDB,266.7900085449219,266.7900085449219,267.04998779296875,266.7900085449219,267.04998779296875,1243.0
2024-10-25 11:09:00+00:00,MKSI,100.83999633789062,100.83999633789062,100.83999633789062,100.83999633789062,100.83999633789062,297.0
2024-10-25 11:09:00+00:00,MNDY,299.7099914550781,299.7099914550781,300.010009765625,299.5975036621094,299.8699951171875,2841.0
2024-10-25 11:09:00+00:00,MPWR,913.6099853515625,913.6099853515625,913.6099853515625,913.6099853515625,913.6099853515625,1169.0
2024-10-25 11:09:00+00:00,MQ,5.315000057220459,5.315000057220459,5.320000171661377,5.315000057220459,5.320000171661377,4251.0
2024-10-25 11:09:00+00:00,MRAM,6.300000190734863,6.300000190734863,6.300000190734863,6.289999961853027,6.289999961853027,1183.0
2024-10-25 11:09:00+00:00,MRVL,82.6500015258789,82.6500015258789,82.69999694824219,82.5999984741211,82.69000244140625,16107.0
2024-10-25 11:09:00+00:00,MSFT,431.0426025390625,431.0426025390625,431.16778564453125,430.90008544921875,431.1300048828125,16696.0
2024-10-25 11:09:00+00:00,MSTR,244.11000061035156,244.11000061035156,244.2899932861328,243.86000061035156,243.88519287109375,47899.0
2024-10-25 11:09:00+00:00,MTC,0.37400001287460327,0.37400001287460327,0.37400001287460327,0.37400001287460327,0.37400001287460327,584.0
2024-10-25 11:09:00+00:00,MTLS,6.010000228881836,6.010000228881836,6.010000228881836,6.010000228881836,6.010000228881836,428.0
2024-10-25 11:09:00+00:00,MTSI,120.33000183105469,120.33000183105469,120.33000183105469,120.29000091552734,120.29000091552734,2195.0
2024-10-25 11:09:00+00:00,MU,109.44000244140625,109.44000244140625,109.48999786376953,109.3550033569336,109.3550033569336,20905.0
2024-10-25 11:09:00+00:00,MVIS,1.1100000143051147,1.1100000143051147,1.1100000143051147,1.1013000011444092,1.1013000011444092,727.0
2024-10-25 11:09:00+00:00,MXL,15.364999771118164,15.364999771118164,15.364999771118164,15.364999771118164,15.364999771118164,961.0
2024-10-25 11:09:00+00:00,NCNO,38.0,38.0,38.0099983215332,37.9900016784668,37.9900016784668,14543.0
2024-10-25 11:09:00+00:00,NICE,176.17999267578125,176.17999267578125,176.17999267578125,176.17999267578125,176.17999267578125,448.0
2024-10-25 11:09:00+00:00,NNDM,2.353600025177002,2.353600025177002,2.3550000190734863,2.353600025177002,2.3550000190734863,2796.0
2024-10-25 11:09:00+00:00,NOVT,173.8800048828125,173.8800048828125,173.8800048828125,173.8800048828125,173.8800048828125,145.0
2024-10-25 11:09:00+00:00,NTAP,120.41000366210938,120.41000366210938,120.4749984741211,120.41000366210938,120.4749984741211,633.0
2024-10-25 11:09:00+00:00,NTCT,20.639999389648438,20.639999389648438,20.639999389648438,20.6299991607666,20.6299991607666,779.0
2024-10-25 11:09:00+00:00,NTGR,20.43000030517578,20.43000030517578,20.43000030517578,20.43000030517578,20.43000030517578,508.0
2024-10-25 11:09:00+00:00,NVDA,143.5449981689453,143.5449981689453,143.5800018310547,143.4300994873047,143.47999572753906,397428.0
2024-10-25 11:09:00+00:00,NVTS,2.625,2.625,2.625,2.6171000003814697,2.61899995803833,4981.0
2024-10-25 11:09:00+00:00,NXPI,244.4550018310547,244.4550018310547,244.5,244.38999938964844,244.5,834.0
2024-10-25 11:09:00+00:00,OLB,2.200000047683716,2.200000047683716,2.200000047683716,2.200000047683716,2.200000047683716,20787.0
2024-10-25 11:09:00+00:00,ON,71.7249984741211,71.7249984741211,71.76000213623047,71.70999908447266,71.73500061035156,11630.0
2024-10-25 11:09:00+00:00,PANW,370.95001220703125,370.95001220703125,371.3599853515625,370.95001220703125,371.2699890136719,2471.0
2024-10-25 11:09:00+00:00,PAYO,8.329999923706055,8.329999923706055,8.335000038146973,8.329999923706055,8.335000038146973,838.0
2024-10-25 11:09:00+00:00,PEGA,81.44000244140625,81.44000244140625,81.44000244140625,81.44000244140625,81.44000244140625,6606.0
2024-10-25 11:09:00+00:00,PEGY,4.641300201416016,4.641300201416016,4.641300201416016,4.639999866485596,4.639999866485596,356.0
2024-10-25 11:09:00+00:00,PGY,11.960000038146973,11.960000038146973,11.975000381469727,11.960000038146973,11.975000381469727,3784.0
2024-10-25 11:09:00+00:00,PHUN,9.620100021362305,9.620100021362305,9.760000228881836,9.619999885559082,9.760000228881836,100925.0
2024-10-25 11:09:00+00:00,PI,204.5399932861328,204.5399932861328,205.07000732421875,204.5399932861328,205.07000732421875,11377.0
2024-10-25 11:09:00+00:00,POWI,63.380001068115234,63.380001068115234,63.380001068115234,63.380001068115234,63.380001068115234,511.0
2024-10-25 11:09:00+00:00,QCOM,172.88999938964844,172.88999938964844,172.89999389648438,172.77999877929688,172.89999389648438,8333.0
2024-10-25 11:09:00+00:00,QRVO,100.30500030517578,100.30500030517578,100.31999969482422,100.26000213623047,100.30000305175781,2232.0
2024-10-25 11:09:00+00:00,QUBT,1.1100000143051147,1.1100000143051147,1.1150000095367432,1.1100000143051147,1.1133999824523926,1645.0
2024-10-25 11:09:00+00:00,RCAT,2.7400999069213867,2.7400999069213867,2.7400999069213867,2.7400999069213867,2.7400999069213867,2764.0
2024-10-25 11:09:00+00:00,REKR,1.0950000286102295,1.0950000286102295,1.0950000286102295,1.0950000286102295,1.0950000286102295,243.0
2024-10-25 11:09:00+00:00,RELY,14.71500015258789,14.71500015258789,14.71500015258789,14.710000038146973,14.710000038146973,1188.0
2024-10-25 11:09:00+00:00,RGTI,1.2802000045776367,1.2802000045776367,1.2899999618530273,1.2800999879837036,1.2899999618530273,8811.0
2024-10-25 11:09:00+00:00,RIOT,10.166000366210938,10.166000366210938,10.175000190734863,10.154999732971191,10.15999984741211,36310.0
2024-10-25 11:09:00+00:00,RMBS,43.08000183105469,43.08000183105469,43.1150016784668,43.08000183105469,43.1150016784668,7328.0
2024-10-25 11:09:00+00:00,RPD,39.29999923706055,39.29999923706055,39.29999923706055,39.29999923706055,39.29999923706055,1669.0
2024-10-25 11:09:00+00:00,RUM,5.804999828338623,5.804999828338623,5.810299873352051,5.800000190734863,5.810299873352051,7774.0
2024-10-25 11:09:00+00:00,RUN,14.47249984741211,14.47249984741211,14.475000381469727,14.417200088500977,14.420000076293945,14407.0
2024-10-25 11:09:00+00:00,SATS,25.40999984741211,25.40999984741211,25.40999984741211,25.389999389648438,25.389999389648438,508.0
2024-10-25 11:09:00+00:00,SCWX,8.390000343322754,8.390000343322754,8.390000343322754,8.38010025024414,8.390000343322754,1975.0
2024-10-25 11:09:00+00:00,SEDG,16.020000457763672,16.020000457763672,16.039899826049805,15.920000076293945,15.920000076293945,29913.0
2024-10-25 11:09:00+00:00,SHLS,5.269999980926514,5.269999980926514,5.269999980926514,5.2600998878479,5.2600998878479,6774.0
2024-10-25 11:09:00+00:00,SMCI,48.029998779296875,48.029998779296875,48.099998474121094,48.01499938964844,48.070098876953125,45946.0
2024-10-25 11:09:00+00:00,SMTC,45.744998931884766,45.744998931884766,45.81999969482422,45.619998931884766,45.63999938964844,9356.0
2024-10-25 11:09:00+00:00,SNPS,503.7099914550781,503.7099914550781,503.9599914550781,503.70001220703125,503.9599914550781,1259.0
2024-10-25 11:09:00+00:00,SONO,12.949999809265137,12.949999809265137,12.949999809265137,12.949999809265137,12.949999809265137,191.0
2024-10-25 11:09:00+00:00,SOUN,5.299900054931641,5.299900054931641,5.300000190734863,5.29010009765625,5.295000076293945,19278.0
2024-10-25 11:09:00+00:00,SPSC,175.40499877929688,175.40499877929688,176.2050018310547,175.40499877929688,176.2050018310547,1764.0
2024-10-25 11:09:00+00:00,SRAD,12.390000343322754,12.390000343322754,12.390000343322754,12.390000343322754,12.390000343322754,1196.0
2024-10-25 11:09:00+00:00,SSNC,69.70999908447266,69.70999908447266,69.73999786376953,69.65499877929688,69.69000244140625,3848.0
2024-10-25 11:09:00+00:00,SSYS,7.150000095367432,7.150000095367432,7.150000095367432,7.150000095367432,7.150000095367432,390.0
2024-10-25 11:09:00+00:00,STNE,11.550000190734863,11.550000190734863,11.5649995803833,11.539999961853027,11.555000305175781,15519.0
2024-10-25 11:09:00+00:00,STX,104.81500244140625,104.81500244140625,104.81500244140625,104.77999877929688,104.79000091552734,1099.0
2024-10-25 11:09:00+00:00,SWKS,96.36000061035156,96.36000061035156,96.44000244140625,96.3499984741211,96.43000030517578,5741.0
2024-10-25 11:09:00+00:00,SYTA,1.2690999507904053,1.2690999507904053,1.2690999507904053,1.2599999904632568,1.2599999904632568,1015.0
2024-10-25 11:09:00+00:00,TASK,11.920000076293945,11.920000076293945,11.920000076293945,11.920000076293945,11.920000076293945,343.0
2024-10-25 11:09:00+00:00,TEAM,190.0399932861328,190.0399932861328,190.0800018310547,189.92999267578125,189.99000549316406,1403.0
2024-10-25 11:09:00+00:00,TENB,41.58000183105469,41.58000183105469,41.58000183105469,41.58000183105469,41.58000183105469,892.0
2024-10-25 11:09:00+00:00,TER,113.0,113.0,113.03500366210938,112.97000122070312,113.03500366210938,6193.0
2024-10-25 11:09:00+00:00,TSEM,44.92499923706055,44.92499923706055,44.92499923706055,44.92499923706055,44.92499923706055,323.0
2024-10-25 11:09:00+00:00,TTD,120.19999694824219,120.19999694824219,120.19999694824219,120.13999938964844,120.18000030517578,3042.0
2024-10-25 11:09:00+00:00,TTEC,5.434999942779541,5.434999942779541,5.434999942779541,5.42710018157959,5.429999828338623,1986.0
2024-10-25 11:09:00+00:00,TTMI,19.75,19.75,19.75,19.739999771118164,19.739999771118164,629.0
2024-10-25 11:09:00+00:00,TWKS,4.449999809265137,4.449999809265137,4.460000038146973,4.449999809265137,4.460000038146973,11370.0
2024-10-25 11:09:00+00:00,TXN,209.36000061035156,209.36000061035156,209.75,209.32000732421875,209.74000549316406,13196.0
2024-10-25 11:09:00+00:00,UCTT,35.96500015258789,35.96500015258789,35.96500015258789,35.96500015258789,35.96500015258789,195.0
2024-10-25 11:09:00+00:00,VERI,3.430000066757202,3.430000066757202,3.4795000553131104,3.430000066757202,3.4749999046325684,36262.0
2024-10-25 11:09:00+00:00,VERX,42.43000030517578,42.43000030517578,42.43000030517578,42.43000030517578,42.43000030517578,2723.0
2024-10-25 11:09:00+00:00,VIAV,9.21500015258789,9.21500015258789,9.21500015258789,9.21500015258789,9.21500015258789,512.0
2024-10-25 11:09:00+00:00,VICR,47.380001068115234,47.380001068115234,47.380001068115234,47.380001068115234,47.380001068115234,113.0
2024-10-25 11:09:00+00:00,VMEO,4.78000020980835,4.78000020980835,4.78000020980835,4.78000020980835,4.78000020980835,840.0
2024-10-25 11:09:00+00:00,VRNS,56.922000885009766,56.922000885009766,56.970001220703125,56.88999938964844,56.900001525878906,983.0
2024-10-25 11:09:00+00:00,VRNT,22.350000381469727,22.350000381469727,22.350000381469727,22.329999923706055,22.329999923706055,2005.0
2024-10-25 11:09:00+00:00,VRSN,186.43499755859375,186.43499755859375,186.58999633789062,186.01499938964844,186.01499938964844,5807.0
2024-10-25 11:09:00+00:00,VUZI,1.315000057220459,1.315000057220459,1.315000057220459,1.315000057220459,1.315000057220459,2607.0
2024-10-25 11:09:00+00:00,WDAY,240.1999969482422,240.1999969482422,240.22000122070312,240.1999969482422,240.22000122070312,1706.0
2024-10-25 11:09:00+00:00,WDC,72.41000366210938,72.41000366210938,72.44999694824219,72.33000183105469,72.37000274658203,20591.0
2024-10-25 11:09:00+00:00,WISA,1.8406000137329102,1.8406000137329102,1.850000023841858,1.840000033378601,1.8495999574661255,8427.0
2024-10-25 11:09:00+00:00,WIX,166.07000732421875,166.07000732421875,166.07000732421875,166.07000732421875,166.07000732421875,717.0
2024-10-25 11:09:00+00:00,XRX,10.1850004196167,10.1850004196167,10.1850004196167,10.1806001663208,10.1806001663208,539.0
2024-10-25 11:09:00+00:00,ZBRA,364.0,364.0,364.0,363.9599914550781,363.9599914550781,1042.0
2024-10-25 11:09:00+00:00,ZI,10.569999694824219,10.569999694824219,10.569999694824219,10.569999694824219,10.569999694824219,973.0
2024-10-25 11:09:00+00:00,ZM,73.12999725341797,73.12999725341797,73.26799774169922,73.12999725341797,73.16600036621094,31388.0
2024-10-25 11:10:00+00:00,AAOI,18.299999237060547,18.299999237060547,18.308000564575195,18.280099868774414,18.305999755859375,2025.0
2024-10-25 11:10:00+00:00,AAPL,232.83090209960938,232.83090209960938,232.8498992919922,232.6699981689453,232.8022003173828,67668.0
2024-10-25 11:10:00+00:00,ACIW,49.06999969482422,49.06999969482422,49.08000183105469,49.06999969482422,49.08000183105469,1213.0
2024-10-25 11:10:00+00:00,ACMR,19.90999984741211,19.90999984741211,19.90999984741211,19.889999389648438,19.889999389648438,760.0
2024-10-25 11:10:00+00:00,ADBE,484.32000732421875,484.32000732421875,484.3599853515625,484.1099853515625,484.1099853515625,3852.0
2024-10-25 11:10:00+00:00,ADI,233.75999450683594,233.75999450683594,233.77000427246094,233.63999938964844,233.77000427246094,4237.0
2024-10-25 11:10:00+00:00,AEHR,16.635000228881836,16.635000228881836,16.649999618530273,16.635000228881836,16.643199920654297,1367.0
2024-10-25 11:10:00+00:00,AFRM,41.849998474121094,41.849998474121094,41.8650016784668,41.83000183105469,41.849998474121094,5819.0
2024-10-25 11:10:00+00:00,AIP,6.960000038146973,6.960000038146973,6.960000038146973,6.960000038146973,6.960000038146973,129.0
2024-10-25 11:10:00+00:00,AKAM,103.27999877929688,103.27999877929688,103.27999877929688,103.27999877929688,103.27999877929688,737.0
2024-10-25 11:10:00+00:00,AKTS,0.057999998331069946,0.057999998331069946,0.057999998331069946,0.057999998331069946,0.057999998331069946,16585.0
2024-10-25 11:10:00+00:00,ALGM,22.739999771118164,22.739999771118164,22.739999771118164,22.739999771118164,22.739999771118164,1021.0
2024-10-25 11:10:00+00:00,ALKT,38.314998626708984,38.314998626708984,38.314998626708984,38.314998626708984,38.314998626708984,5291.0
2024-10-25 11:10:00+00:00,ALTR,105.96499633789062,105.96499633789062,105.96499633789062,105.96499633789062,105.96499633789062,283.0
2024-10-25 11:10:00+00:00,AMAT,188.25,188.25,188.33999633789062,188.16000366210938,188.16000366210938,9432.0
2024-10-25 11:10:00+00:00,AMD,157.29989624023438,157.29989624023438,157.3000030517578,157.10000610351562,157.22999572753906,64372.0
2024-10-25 11:10:00+00:00,ANSS,326.6199951171875,326.6199951171875,326.6199951171875,326.6199951171875,326.6199951171875,237.0
2024-10-25 11:10:00+00:00,ANY,1.0911999940872192,1.0911999940872192,1.0911999940872192,1.090499997138977,1.090499997138977,2800.0
2024-10-25 11:10:00+00:00,APP,162.02999877929688,162.02999877929688,162.27000427246094,161.8300018310547,162.15499877929688,10174.0
2024-10-25 11:10:00+00:00,APPF,217.0,217.0,217.470703125,216.74000549316406,216.86000061035156,4653.0
2024-10-25 11:10:00+00:00,APPS,3.115000009536743,3.115000009536743,3.115000009536743,3.115000009536743,3.115000009536743,794.0
2024-10-25 11:10:00+00:00,ARRY,6.494999885559082,6.494999885559082,6.5,6.489999771118164,6.489999771118164,11037.0
2024-10-25 11:10:00+00:00,ASML,719.0599975585938,719.0599975585938,719.0599975585938,718.7249755859375,718.8900146484375,5215.0
2024-10-25 11:10:00+00:00,AUR,6.474999904632568,6.474999904632568,6.474999904632568,6.474999904632568,6.474999904632568,634.0
2024-10-25 11:10:00+00:00,AVDX,8.220000267028809,8.220000267028809,8.220000267028809,8.21500015258789,8.21500015258789,489.0
2024-10-25 11:10:00+00:00,AVGO,175.97000122070312,175.97000122070312,175.97000122070312,175.75,175.92999267578125,31092.0
2024-10-25 11:10:00+00:00,AVPT,12.074999809265137,12.074999809265137,12.074999809265137,12.074999809265137,12.074999809265137,156.0
2024-10-25 11:10:00+00:00,BAND,17.850000381469727,17.850000381469727,17.850000381469727,17.850000381469727,17.850000381469727,266.0
2024-10-25 11:10:00+00:00,BELFB,79.45500183105469,79.45500183105469,79.45500183105469,79.45500183105469,79.45500183105469,387.0
2024-10-25 11:10:00+00:00,BIGC,5.355000019073486,5.355000019073486,5.355999946594238,5.354599952697754,5.354599952697754,2183.0
2024-10-25 11:10:00+00:00,BL,56.47999954223633,56.47999954223633,56.47999954223633,56.470001220703125,56.47999954223633,910.0
2024-10-25 11:10:00+00:00,BLZE,7.28000020980835,7.28000020980835,7.28000020980835,7.28000020980835,7.28000020980835,860.0
2024-10-25 11:10:00+00:00,BMBL,7.295000076293945,7.295000076293945,7.300000190734863,7.295000076293945,7.300000190734863,833.0
2024-10-25 11:10:00+00:00,BOXL,0.4778999984264374,0.4778999984264374,0.4778999984264374,0.4778999984264374,0.4778999984264374,211.0
2024-10-25 11:10:00+00:00,BSY,49.290000915527344,49.290000915527344,49.290000915527344,49.290000915527344,49.290000915527344,267.0
2024-10-25 11:10:00+00:00,CAN,1.0,1.0,1.003999948501587,1.0,1.003999948501587,1785.0
2024-10-25 11:10:00+00:00,CDNS,259.0299987792969,259.0299987792969,259.0299987792969,258.57000732421875,258.6199951171875,8268.0
2024-10-25 11:10:00+00:00,CDW,218.8300018310547,218.8300018310547,218.8300018310547,218.8300018310547,218.8300018310547,170.0
2024-10-25 11:10:00+00:00,CETX,0.2971000075340271,0.2971000075340271,0.2971000075340271,0.2971000075340271,0.2971000075340271,2651.0
2024-10-25 11:10:00+00:00,CEVA,24.40999984741211,24.40999984741211,24.40999984741211,24.40999984741211,24.40999984741211,137.0
2024-10-25 11:10:00+00:00,CFLT,22.670000076293945,22.670000076293945,22.700000762939453,22.670000076293945,22.690500259399414,2884.0
2024-10-25 11:10:00+00:00,CGNX,39.095001220703125,39.095001220703125,39.095001220703125,39.095001220703125,39.095001220703125,419.0
2024-10-25 11:10:00+00:00,CLSK,12.154999732971191,12.154999732971191,12.175000190734863,12.140000343322754,12.145000457763672,89851.0
2024-10-25 11:10:00+00:00,CNDT,3.7049999237060547,3.7049999237060547,3.7049999237060547,3.7049999237060547,3.7049999237060547,203.0
2024-10-25 11:10:00+00:00,CNXC,45.130001068115234,45.130001068115234,45.130001068115234,45.130001068115234,45.130001068115234,858.0
2024-10-25 11:10:00+00:00,COIN,212.72999572753906,212.72999572753906,212.80999755859375,212.59010314941406,212.6002960205078,11245.0
2024-10-25 11:10:00+00:00,COMM,6.400000095367432,6.400000095367432,6.400000095367432,6.400000095367432,6.400000095367432,218.0
2024-10-25 11:10:00+00:00,CORZ,13.454999923706055,13.454999923706055,13.460000038146973,13.45199966430664,13.460000038146973,3751.0
2024-10-25 11:10:00+00:00,CRCT,6.585000038146973,6.585000038146973,6.585000038146973,6.559999942779541,6.559999942779541,651.0
2024-10-25 11:10:00+00:00,CRDO,39.45500183105469,39.45500183105469,39.4900016784668,39.43000030517578,39.459999084472656,8940.0
2024-10-25 11:10:00+00:00,CRNC,2.910099983215332,2.910099983215332,2.910099983215332,2.910099983215332,2.910099983215332,3077.0
2024-10-25 11:10:00+00:00,CRNT,2.4549999237060547,2.4549999237060547,2.4549999237060547,2.4549999237060547,2.4549999237060547,2200.0
2024-10-25 11:10:00+00:00,CRSR,6.465000152587891,6.465000152587891,6.465000152587891,6.465000152587891,6.465000152587891,200.0
2024-10-25 11:10:00+00:00,CRWD,309.95989990234375,309.95989990234375,309.95989990234375,309.6000061035156,309.7976989746094,2841.0
2024-10-25 11:10:00+00:00,CSCO,56.09600067138672,56.09600067138672,56.097801208496094,56.07500076293945,56.095001220703125,27493.0
2024-10-25 11:10:00+00:00,CSGS,47.849998474121094,47.849998474121094,47.849998474121094,47.84749984741211,47.84749984741211,981.0
2024-10-25 11:10:00+00:00,CSIQ,13.744000434875488,13.744000434875488,13.760000228881836,13.739999771118164,13.755000114440918,5730.0
2024-10-25 11:10:00+00:00,CTLP,9.064000129699707,9.064000129699707,9.064000129699707,9.064000129699707,9.064000129699707,157.0
2024-10-25 11:10:00+00:00,CTSH,74.91000366210938,74.91000366210938,74.91000366210938,74.9000015258789,74.9000015258789,1420.0
2024-10-25 11:10:00+00:00,CYBR,294.07000732421875,294.07000732421875,294.07000732421875,294.07000732421875,294.07000732421875,1363.0
2024-10-25 11:10:00+00:00,DATS,1.5799000263214111,1.5799000263214111,1.5800000429153442,1.579800009727478,1.579800009727478,6274.0
2024-10-25 11:10:00+00:00,DBX,26.079999923706055,26.079999923706055,26.079999923706055,26.079999923706055,26.079999923706055,1101.0
2024-10-25 11:10:00+00:00,DDOG,127.24109649658203,127.24109649658203,127.29000091552734,127.23999786376953,127.23999786376953,4341.0
2024-10-25 11:10:00+00:00,DGII,30.450000762939453,30.450000762939453,30.524999618530273,30.450000762939453,30.524999618530273,362.0
2024-10-25 11:10:00+00:00,DIOD,66.30999755859375,66.30999755859375,66.38500213623047,66.29000091552734,66.38500213623047,1083.0
2024-10-25 11:10:00+00:00,DOCU,70.66000366210938,70.66000366210938,70.68000030517578,70.66000366210938,70.68000030517578,1464.0
2024-10-25 11:10:00+00:00,DOMO,8.024999618530273,8.024999618530273,8.024999618530273,8.024999618530273,8.024999618530273,522.0
2024-10-25 11:10:00+00:00,DTSS,2.430000066757202,2.430000066757202,2.437000036239624,2.430000066757202,2.437000036239624,1017.0
2024-10-25 11:10:00+00:00,DUOL,287.5799865722656,287.5799865722656,287.6700134277344,287.5799865722656,287.6700134277344,1110.0
2024-10-25 11:10:00+00:00,ENPH,82.779296875,82.779296875,82.78230285644531,82.69000244140625,82.78230285644531,11174.0
2024-10-25 11:10:00+00:00,ERIC,8.53499984741211,8.53499984741211,8.539999961853027,8.534000396728516,8.53499984741211,24341.0
2024-10-25 11:10:00+00:00,EXFY,1.7174999713897705,1.7174999713897705,1.7174999713897705,1.7174999713897705,1.7174999713897705,227.0
2024-10-25 11:10:00+00:00,FCUV,0.25529998540878296,0.25529998540878296,0.25529998540878296,0.2533999979496002,0.2533999979496002,0.0
2024-10-25 11:10:00+00:00,FFIV,216.22000122070312,216.22000122070312,216.22000122070312,216.16000366210938,216.1999969482422,1273.0
2024-10-25 11:10:00+00:00,FIVN,30.51289939880371,30.51289939880371,30.540000915527344,30.51289939880371,30.540000915527344,1257.0
2024-10-25 11:10:00+00:00,FLEX,35.5,35.5,35.522499084472656,35.5,35.52000045776367,2815.0
2024-10-25 11:10:00+00:00,FLYW,17.600000381469727,17.600000381469727,17.600000381469727,17.600000381469727,17.600000381469727,420.0
2024-10-25 11:10:00+00:00,FROG,29.485000610351562,29.485000610351562,29.485000610351562,29.485000610351562,29.485000610351562,227.0
2024-10-25 11:10:00+00:00,FRSH,11.704999923706055,11.704999923706055,11.704999923706055,11.704999923706055,11.704999923706055,993.0
2024-10-25 11:10:00+00:00,FSLR,199.53500366210938,199.53500366210938,199.55499267578125,199.38999938964844,199.52000427246094,2176.0
2024-10-25 11:10:00+00:00,FTNT,81.48999786376953,81.48999786376953,81.52999877929688,81.47000122070312,81.52999877929688,4706.0
2024-10-25 11:10:00+00:00,GCT,25.479999542236328,25.479999542236328,25.479999542236328,25.454999923706055,25.454999923706055,228.0
2024-10-25 11:10:00+00:00,GDS,21.6299991607666,21.6299991607666,21.6299991607666,21.604999542236328,21.604999542236328,884.0
2024-10-25 11:10:00+00:00,GFS,41.34000015258789,41.34000015258789,41.34000015258789,41.34000015258789,41.34000015258789,369.0
2024-10-25 11:10:00+00:00,GPRO,1.3350000381469727,1.3350000381469727,1.340000033378601,1.3350000381469727,1.340000033378601,312.0
2024-10-25 11:10:00+00:00,GRAB,4.085000038146973,4.085000038146973,4.085000038146973,4.080100059509277,4.080100059509277,4760.0
2024-10-25 11:10:00+00:00,GRRR,4.590000152587891,4.590000152587891,4.590000152587891,4.590000152587891,4.590000152587891,150.0
2024-10-25 11:10:00+00:00,GRRRW,0.06300000101327896,0.06300000101327896,0.06300000101327896,0.06300000101327896,0.06300000101327896,0.0
2024-10-25 11:10:00+00:00,GSIT,3.4649999141693115,3.4649999141693115,3.4700000286102295,3.4649999141693115,3.4649999141693115,775.0
2024-10-25 11:10:00+00:00,GTLB,55.665000915527344,55.665000915527344,55.689998626708984,55.61000061035156,55.61000061035156,1074.0
2024-10-25 11:10:00+00:00,HCKT,24.84000015258789,24.84000015258789,24.850000381469727,24.84000015258789,24.850000381469727,893.0
2024-10-25 11:10:00+00:00,HCP,33.685001373291016,33.685001373291016,33.685001373291016,33.68000030517578,33.685001373291016,1544.0
2024-10-25 11:10:00+00:00,HIMX,6.224999904632568,6.224999904632568,6.224999904632568,6.224999904632568,6.224999904632568,1070.0
2024-10-25 11:10:00+00:00,HLIT,14.845000267028809,14.845000267028809,14.845000267028809,14.845000267028809,14.845000267028809,1126.0
2024-10-25 11:10:00+00:00,HOLO,3.7200000286102295,3.7200000286102295,3.7397000789642334,3.7200000286102295,3.7397000789642334,5170.0
2024-10-25 11:10:00+00:00,HOOD,27.5049991607666,27.5049991607666,27.510000228881836,27.475000381469727,27.475000381469727,17747.0
2024-10-25 11:10:00+00:00,IDN,2.4100000858306885,2.4100000858306885,2.4100000858306885,2.4100000858306885,2.4100000858306885,864.0
2024-10-25 11:10:00+00:00,IMMR,8.819999694824219,8.819999694824219,8.819999694824219,8.819999694824219,8.819999694824219,269.0
2024-10-25 11:10:00+00:00,IMOS,22.489999771118164,22.489999771118164,22.489999771118164,22.489999771118164,22.489999771118164,471.0
2024-10-25 11:10:00+00:00,INDI,3.6500000953674316,3.6500000953674316,3.6500000953674316,3.640000104904175,3.640000104904175,4838.0
2024-10-25 11:10:00+00:00,INTC,23.059999465942383,23.059999465942383,23.094999313354492,23.049999237060547,23.094999313354492,180157.0
2024-10-25 11:10:00+00:00,INTU,610.8300170898438,610.8300170898438,611.1798706054688,610.8300170898438,610.8300170898438,1571.0
2024-10-25 11:10:00+00:00,ITI,7.195000171661377,7.195000171661377,7.199999809265137,7.195000171661377,7.199999809265137,2500.0
2024-10-25 11:10:00+00:00,JAMF,16.860000610351562,16.860000610351562,16.860000610351562,16.860000610351562,16.860000610351562,760.0
2024-10-25 11:10:00+00:00,KC,2.7249999046325684,2.7249999046325684,2.7300000190734863,2.7249999046325684,2.7300000190734863,7383.0
2024-10-25 11:10:00+00:00,KLAC,679.280029296875,679.280029296875,679.3300170898438,678.9550170898438,678.9550170898438,2345.0
2024-10-25 11:10:00+00:00,KLTR,1.3300000429153442,1.3300000429153442,1.3350000381469727,1.3300000429153442,1.3350000381469727,2084.0
2024-10-25 11:10:00+00:00,KOPN,0.7687000036239624,0.7687000036239624,0.7687000036239624,0.7687000036239624,0.7687000036239624,103.0
2024-10-25 11:10:00+00:00,KOSS,7.510000228881836,7.510000228881836,7.510000228881836,7.510000228881836,7.510000228881836,168.0
2024-10-25 11:10:00+00:00,LINK,4.793399810791016,4.793399810791016,4.980000019073486,4.699999809265137,4.980000019073486,20850.0
2024-10-25 11:10:00+00:00,LOGI,81.30500030517578,81.30500030517578,81.30500030517578,81.27200317382812,81.27200317382812,1515.0
2024-10-25 11:10:00+00:00,LRCX,78.631103515625,78.631103515625,78.64969635009766,78.55000305175781,78.63500213623047,19641.0
2024-10-25 11:10:00+00:00,LSCC,54.470001220703125,54.470001220703125,54.47999954223633,54.45500183105469,54.474998474121094,2769.0
2024-10-25 11:10:00+00:00,LTRX,4.03000020980835,4.03000020980835,4.03000020980835,4.03000020980835,4.03000020980835,600.0
2024-10-25 11:10:00+00:00,LUNA,1.8200000524520874,1.8200000524520874,1.8200000524520874,1.809999942779541,1.809999942779541,3595.0
2024-10-25 11:10:00+00:00,LYFT,13.805000305175781,13.805000305175781,13.8100004196167,13.800000190734863,13.800000190734863,14034.0
2024-10-25 11:10:00+00:00,MANH,275.29998779296875,275.29998779296875,275.29998779296875,275.29998779296875,275.29998779296875,233.0
2024-10-25 11:10:00+00:00,MCHP,77.20999908447266,77.20999908447266,77.20999908447266,77.16999816894531,77.19000244140625,6589.0
2024-10-25 11:10:00+00:00,MDB,267.0849914550781,267.0849914550781,267.2200012207031,266.81500244140625,266.81500244140625,2760.0
2024-10-25 11:10:00+00:00,MKTW,0.5892000198364258,0.5892000198364258,0.5892000198364258,0.5892000198364258,0.5892000198364258,0.0
2024-10-25 11:10:00+00:00,MNDY,299.5899963378906,299.5899963378906,299.8999938964844,299.5899963378906,299.8949890136719,1992.0
2024-10-25 11:10:00+00:00,MRVL,82.66000366210938,82.66000366210938,82.66000366210938,82.57009887695312,82.65499877929688,12999.0
2024-10-25 11:10:00+00:00,MSFT,431.2300109863281,431.2300109863281,431.2349853515625,430.8599853515625,431.0480041503906,26655.0
2024-10-25 11:10:00+00:00,MSTR,244.33999633789062,244.33999633789062,244.44000244140625,243.82000732421875,244.1999969482422,33847.0
2024-10-25 11:10:00+00:00,MTSI,120.38999938964844,120.38999938964844,120.38999938964844,120.3499984741211,120.3499984741211,703.0
2024-10-25 11:10:00+00:00,MU,109.48500061035156,109.48500061035156,109.48999786376953,109.41000366210938,109.45999908447266,25516.0
2024-10-25 11:10:00+00:00,MVIS,1.1052000522613525,1.1052000522613525,1.1052000522613525,1.1052000522613525,1.1052000522613525,181.0
2024-10-25 11:10:00+00:00,MXL,15.364999771118164,15.364999771118164,15.380000114440918,15.359999656677246,15.364999771118164,1689.0
2024-10-25 11:10:00+00:00,NCNO,37.939998626708984,37.939998626708984,38.005001068115234,37.93000030517578,38.005001068115234,6706.0
2024-10-25 11:10:00+00:00,NICE,176.40499877929688,176.40499877929688,176.6300048828125,176.33999633789062,176.33999633789062,2531.0
2024-10-25 11:10:00+00:00,NTAP,120.47309875488281,120.47309875488281,120.47309875488281,120.47309875488281,120.47309875488281,776.0
2024-10-25 11:10:00+00:00,NTCT,20.649999618530273,20.649999618530273,20.649999618530273,20.649999618530273,20.649999618530273,1126.0
2024-10-25 11:10:00+00:00,NTNX,62.625,62.625,62.630001068115234,62.625,62.630001068115234,1631.0
2024-10-25 11:10:00+00:00,NVDA,143.73599243164062,143.73599243164062,143.75,143.47999572753906,143.5500030517578,460987.0
2024-10-25 11:10:00+00:00,NVTS,2.634999990463257,2.634999990463257,2.634999990463257,2.624000072479248,2.625,4744.0
2024-10-25 11:10:00+00:00,NXPI,244.6300048828125,244.6300048828125,244.6300048828125,244.42999267578125,244.42999267578125,2903.0
2024-10-25 11:10:00+00:00,OKTA,72.77999877929688,72.77999877929688,72.78399658203125,72.77999877929688,72.78399658203125,396.0
2024-10-25 11:10:00+00:00,ON,71.7300033569336,71.7300033569336,71.7300033569336,71.6500015258789,71.70999908447266,11007.0
2024-10-25 11:10:00+00:00,PANW,370.989990234375,370.989990234375,371.1600036621094,370.94000244140625,370.95001220703125,3188.0
2024-10-25 11:10:00+00:00,PAYO,8.329999923706055,8.329999923706055,8.329999923706055,8.329999923706055,8.329999923706055,986.0
2024-10-25 11:10:00+00:00,PEGA,81.36000061035156,81.36000061035156,81.5,81.36000061035156,81.44000244140625,17250.0
2024-10-25 11:10:00+00:00,PGY,11.979999542236328,11.979999542236328,11.979999542236328,11.960000038146973,11.960000038146973,2321.0
2024-10-25 11:10:00+00:00,PHUN,9.710000038146973,9.710000038146973,9.720000267028809,9.621999740600586,9.62969970703125,35948.0
2024-10-25 11:10:00+00:00,PI,204.4001007080078,204.4001007080078,204.58999633789062,204.4001007080078,204.58999633789062,1405.0
2024-10-25 11:10:00+00:00,POWI,63.38999938964844,63.38999938964844,63.38999938964844,63.38999938964844,63.38999938964844,1022.0
2024-10-25 11:10:00+00:00,PRGS,64.87999725341797,64.87999725341797,64.87999725341797,64.87999725341797,64.87999725341797,862.0
2024-10-25 11:10:00+00:00,PTC,186.80999755859375,186.80999755859375,186.80999755859375,186.75999450683594,186.75999450683594,496.0
2024-10-25 11:10:00+00:00,QCOM,172.98500061035156,172.98500061035156,173.0,172.85000610351562,172.88999938964844,11178.0
2024-10-25 11:10:00+00:00,QRVO,100.34249877929688,100.34249877929688,100.34249877929688,100.33999633789062,100.33999633789062,877.0
2024-10-25 11:10:00+00:00,QUBT,1.1162999868392944,1.1162999868392944,1.1162999868392944,1.1102999448776245,1.1102999448776245,1099.0
2024-10-25 11:10:00+00:00,QUIK,8.63010025024414,8.63010025024414,8.640000343322754,8.63010025024414,8.638799667358398,1723.0
2024-10-25 11:10:00+00:00,RELY,14.720000267028809,14.720000267028809,14.720000267028809,14.694999694824219,14.71500015258789,11362.0
2024-10-25 11:10:00+00:00,RGTI,1.2869000434875488,1.2869000434875488,1.2899999618530273,1.280500054359436,1.2898999452590942,22815.0
2024-10-25 11:10:00+00:00,RIOT,10.164999961853027,10.164999961853027,10.175999641418457,10.15999984741211,10.164999961853027,27376.0
2024-10-25 11:10:00+00:00,RMBS,43.150001525878906,43.150001525878906,43.150001525878906,43.08000183105469,43.099998474121094,5377.0
2024-10-25 11:10:00+00:00,RPAY,7.630000114440918,7.630000114440918,7.630000114440918,7.630000114440918,7.630000114440918,230.0
2024-10-25 11:10:00+00:00,RUM,5.804999828338623,5.804999828338623,5.804999828338623,5.789999961853027,5.795000076293945,4223.0
2024-10-25 11:10:00+00:00,RUN,14.5,14.5,14.505000114440918,14.475000381469727,14.475000381469727,10323.0
2024-10-25 11:10:00+00:00,SANM,67.70500183105469,67.70500183105469,67.70500183105469,67.66999816894531,67.66999816894531,642.0
2024-10-25 11:10:00+00:00,SATS,25.34000015258789,25.34000015258789,25.3799991607666,25.329999923706055,25.3700008392334,4831.0
2024-10-25 11:10:00+00:00,SCWX,8.399999618530273,8.399999618530273,8.399999618530273,8.395000457763672,8.395000457763672,99.0
2024-10-25 11:10:00+00:00,SEDG,15.989999771118164,15.989999771118164,16.024999618530273,15.989999771118164,16.010299682617188,24890.0
2024-10-25 11:10:00+00:00,SHLS,5.284999847412109,5.284999847412109,5.284999847412109,5.271999835968018,5.275000095367432,3626.0
2024-10-25 11:10:00+00:00,SKYT,10.609999656677246,10.609999656677246,10.626099586486816,10.609999656677246,10.625,6558.0
2024-10-25 11:10:00+00:00,SMCI,48.0,48.0,48.060001373291016,47.924598693847656,48.04499816894531,111972.0
2024-10-25 11:10:00+00:00,SMTC,45.72999954223633,45.72999954223633,45.72999954223633,45.72999954223633,45.72999954223633,616.0
2024-10-25 11:10:00+00:00,SNCR,10.925100326538086,10.925100326538086,10.925100326538086,10.925100326538086,10.925100326538086,223.0
2024-10-25 11:10:00+00:00,SNPS,503.9599914550781,503.9599914550781,503.9599914550781,503.7149963378906,503.7149963378906,1599.0
2024-10-25 11:10:00+00:00,SONM,3.697999954223633,3.697999954223633,3.7000999450683594,3.6700000762939453,3.6700000762939453,4265.0
2024-10-25 11:10:00+00:00,SONO,12.954999923706055,12.954999923706055,12.957500457763672,12.954999923706055,12.957500457763672,541.0
2024-10-25 11:10:00+00:00,SOTK,4.449999809265137,4.449999809265137,4.449999809265137,4.449999809265137,4.449999809265137,2600.0
2024-10-25 11:10:00+00:00,SOUN,5.295000076293945,5.295000076293945,5.300000190734863,5.291900157928467,5.291900157928467,56505.0
2024-10-25 11:10:00+00:00,SPSC,175.64999389648438,175.64999389648438,175.8000030517578,175.32000732421875,175.40499877929688,6829.0
2024-10-25 11:10:00+00:00,SSNC,69.77999877929688,69.77999877929688,69.80000305175781,69.7300033569336,69.76000213623047,4845.0
2024-10-25 11:10:00+00:00,SSYS,7.150000095367432,7.150000095367432,7.150000095367432,7.150000095367432,7.150000095367432,242.0
2024-10-25 11:10:00+00:00,STNE,11.53499984741211,11.53499984741211,11.53499984741211,11.53499984741211,11.53499984741211,262.0
2024-10-25 11:10:00+00:00,STX,104.83000183105469,104.83000183105469,104.86070251464844,104.77999877929688,104.77999877929688,2952.0
2024-10-25 11:10:00+00:00,SWKS,96.37830352783203,96.37830352783203,96.4000015258789,96.37830352783203,96.4000015258789,619.0
2024-10-25 11:10:00+00:00,SYNA,73.87999725341797,73.87999725341797,73.87999725341797,73.87999725341797,73.87999725341797,271.0
2024-10-25 11:10:00+00:00,SYTA,1.2599999904632568,1.2599999904632568,1.2692999839782715,1.2517000436782837,1.2517000436782837,4141.0
2024-10-25 11:10:00+00:00,TEAM,190.0749969482422,190.0749969482422,190.10000610351562,189.8800048828125,190.10000610351562,30652.0
2024-10-25 11:10:00+00:00,TER,113.04499816894531,113.04499816894531,113.05000305175781,113.0,113.0,1900.0
2024-10-25 11:10:00+00:00,TRMB,61.189998626708984,61.189998626708984,61.189998626708984,61.189998626708984,61.189998626708984,314.0
2024-10-25 11:10:00+00:00,TTD,120.16780090332031,120.16780090332031,120.16780090332031,120.09750366210938,120.12999725341797,11305.0
2024-10-25 11:10:00+00:00,TTEC,5.429999828338623,5.429999828338623,5.429999828338623,5.429999828338623,5.429999828338623,722.0
2024-10-25 11:10:00+00:00,TTMI,19.760000228881836,19.760000228881836,19.760000228881836,19.75200080871582,19.75200080871582,1079.0
2024-10-25 11:10:00+00:00,TWKS,4.449999809265137,4.449999809265137,4.449999809265137,4.449999809265137,4.449999809265137,1425.0
2024-10-25 11:10:00+00:00,TXN,209.22000122070312,209.22000122070312,209.2899932861328,209.1699981689453,209.25999450683594,8185.0
2024-10-25 11:10:00+00:00,VERB,10.170000076293945,10.170000076293945,10.170000076293945,10.170000076293945,10.170000076293945,302.0
2024-10-25 11:10:00+00:00,VERI,3.4600000381469727,3.4600000381469727,3.4600000381469727,3.4600000381469727,3.4600000381469727,300.0
2024-10-25 11:10:00+00:00,VICR,47.34000015258789,47.34000015258789,47.349998474121094,47.34000015258789,47.349998474121094,822.0
2024-10-25 11:10:00+00:00,VMEO,4.769999980926514,4.769999980926514,4.769999980926514,4.769999980926514,4.769999980926514,627.0
2024-10-25 11:10:00+00:00,VRAR,0.7275000214576721,0.7275000214576721,0.7275000214576721,0.7275000214576721,0.7275000214576721,161.0
2024-10-25 11:10:00+00:00,VRNS,56.869998931884766,56.869998931884766,56.915000915527344,56.869998931884766,56.915000915527344,1212.0
2024-10-25 11:10:00+00:00,VS,2.6005001068115234,2.6005001068115234,2.609999895095825,2.6005001068115234,2.609999895095825,371.0
2024-10-25 11:10:00+00:00,VSAT,10.350000381469727,10.350000381469727,10.350000381469727,10.34529972076416,10.34529972076416,2697.0
2024-10-25 11:10:00+00:00,WALD,3.630000114440918,3.630000114440918,3.630000114440918,3.630000114440918,3.630000114440918,0.0
2024-10-25 11:10:00+00:00,WATT,0.6067000031471252,0.6067000031471252,0.6067000031471252,0.6067000031471252,0.6067000031471252,200.0
2024-10-25 11:10:00+00:00,WDAY,240.1999969482422,240.1999969482422,240.3699951171875,240.1999969482422,240.27000427246094,3351.0
2024-10-25 11:10:00+00:00,WDC,72.5645980834961,72.5645980834961,72.5645980834961,72.30999755859375,72.36000061035156,27099.0
2024-10-25 11:10:00+00:00,WISA,1.850000023841858,1.850000023841858,1.850000023841858,1.8450000286102295,1.8450000286102295,0.0
2024-10-25 11:10:00+00:00,WLDS,3.4010000228881836,3.4010000228881836,3.4100000858306885,3.4010000228881836,3.4100000858306885,6521.0
2024-10-25 11:10:00+00:00,XRX,10.1850004196167,10.1850004196167,10.1850004196167,10.1850004196167,10.1850004196167,237.0
2024-10-25 11:10:00+00:00,ZBRA,364.0660095214844,364.0660095214844,364.0660095214844,364.0660095214844,364.0660095214844,381.0
2024-10-25 11:10:00+00:00,ZI,10.574999809265137,10.574999809265137,10.574999809265137,10.569999694824219,10.569999694824219,603.0
2024-10-25 11:10:00+00:00,ZM,73.12999725341797,73.12999725341797,73.13999938964844,73.12999725341797,73.13500213623047,5646.0
2024-10-25 11:10:00+00:00,ZS,186.75,186.75,186.83999633789062,186.69000244140625,186.83999633789062,1626.0
2024-10-25 11:11:00+00:00,AAOI,18.315000534057617,18.315000534057617,18.31999969482422,18.298099517822266,18.299999237060547,3914.0
2024-10-25 11:11:00+00:00,AAPL,232.75999450683594,232.75999450683594,232.9149932861328,232.74000549316406,232.83999633789062,53067.0
2024-10-25 11:11:00+00:00,ACIW,49.05500030517578,49.05500030517578,49.06999969482422,49.04499816894531,49.06999969482422,1440.0
2024-10-25 11:11:00+00:00,ACLS,90.62999725341797,90.62999725341797,90.68000030517578,90.62999725341797,90.68000030517578,1543.0
2024-10-25 11:11:00+00:00,ACMR,19.90999984741211,19.90999984741211,19.920000076293945,19.90999984741211,19.920000076293945,905.0
2024-10-25 11:11:00+00:00,ADBE,484.25,484.25,484.43499755859375,484.1099853515625,484.1099853515625,3513.0
2024-10-25 11:11:00+00:00,ADI,233.6699981689453,233.6699981689453,233.6699981689453,233.6699981689453,233.6699981689453,1592.0
2024-10-25 11:11:00+00:00,ADTN,6.385000228881836,6.385000228881836,6.400000095367432,6.385000228881836,6.400000095367432,1351.0
2024-10-25 11:11:00+00:00,AEHR,16.56999969482422,16.56999969482422,16.6299991607666,16.56999969482422,16.6299991607666,3057.0
2024-10-25 11:11:00+00:00,AEYE,23.21500015258789,23.21500015258789,23.21500015258789,23.21500015258789,23.21500015258789,210.0
2024-10-25 11:11:00+00:00,AFRM,41.790000915527344,41.790000915527344,41.869998931884766,41.779998779296875,41.86000061035156,15759.0
2024-10-25 11:11:00+00:00,AKAM,103.2699966430664,103.2699966430664,103.31999969482422,103.2699966430664,103.31999969482422,1276.0
2024-10-25 11:11:00+00:00,AKTS,0.05849999934434891,0.05849999934434891,0.05849999934434891,0.057999998331069946,0.057999998331069946,163917.0
2024-10-25 11:11:00+00:00,ALGM,22.75,22.75,22.75,22.729999542236328,22.739999771118164,4390.0
2024-10-25 11:11:00+00:00,ALKT,38.314998626708984,38.314998626708984,38.314998626708984,38.314998626708984,38.314998626708984,511.0
2024-10-25 11:11:00+00:00,ALTR,105.94499969482422,105.94499969482422,105.94499969482422,105.7300033569336,105.9000015258789,1928.0
2024-10-25 11:11:00+00:00,AMAT,187.9459991455078,187.9459991455078,188.30999755859375,187.7899932861328,188.25,22360.0
2024-10-25 11:11:00+00:00,AMBA,58.529998779296875,58.529998779296875,58.599998474121094,58.5099983215332,58.599998474121094,1207.0
2024-10-25 11:11:00+00:00,AMD,157.15989685058594,157.15989685058594,157.3699951171875,157.11199951171875,157.27999877929688,45306.0
2024-10-25 11:11:00+00:00,AMKR,30.030000686645508,30.030000686645508,30.049999237060547,30.030000686645508,30.049999237060547,2090.0
2024-10-25 11:11:00+00:00,AMPL,9.260000228881836,9.260000228881836,9.260000228881836,9.260000228881836,9.260000228881836,1423.0
2024-10-25 11:11:00+00:00,ANSS,326.70001220703125,326.70001220703125,326.70001220703125,326.70001220703125,326.70001220703125,407.0
2024-10-25 11:11:00+00:00,ANY,1.0950000286102295,1.0950000286102295,1.0950000286102295,1.0950000286102295,1.0950000286102295,0.0
2024-10-25 11:11:00+00:00,API,2.819999933242798,2.819999933242798,2.819999933242798,2.819999933242798,2.819999933242798,103.0
2024-10-25 11:11:00+00:00,APP,162.17999267578125,162.17999267578125,162.22999572753906,161.83999633789062,162.03500366210938,14429.0
2024-10-25 11:11:00+00:00,APPF,216.22999572753906,216.22999572753906,216.88499450683594,216.22999572753906,216.88499450683594,4693.0
2024-10-25 11:11:00+00:00,APPN,32.25,32.25,32.25,32.220001220703125,32.220001220703125,374.0
2024-10-25 11:11:00+00:00,APPS,3.1050000190734863,3.1050000190734863,3.109999895095825,3.0999999046325684,3.109999895095825,3719.0
2024-10-25 11:11:00+00:00,ARQQ,7.419899940490723,7.419899940490723,7.419899940490723,7.419899940490723,7.419899940490723,145.0
2024-10-25 11:11:00+00:00,ARRY,6.465000152587891,6.465000152587891,6.5,6.465000152587891,6.494999885559082,8920.0
2024-10-25 11:11:00+00:00,ASML,717.489990234375,717.489990234375,718.5900268554688,717.489990234375,718.5900268554688,5941.0
2024-10-25 11:11:00+00:00,AUR,6.46999979019165,6.46999979019165,6.479899883270264,6.46999979019165,6.479899883270264,3420.0
2024-10-25 11:11:00+00:00,AVDX,8.229999542236328,8.229999542236328,8.229999542236328,8.21500015258789,8.220000267028809,1919.0
2024-10-25 11:11:00+00:00,AVGO,175.83999633789062,175.83999633789062,176.0500030517578,175.83799743652344,175.97999572753906,23829.0
2024-10-25 11:11:00+00:00,AVPT,12.069999694824219,12.069999694824219,12.069999694824219,12.0600004196167,12.069999694824219,2196.0
2024-10-25 11:11:00+00:00,AVT,54.43000030517578,54.43000030517578,54.439998626708984,54.43000030517578,54.439998626708984,1384.0
2024-10-25 11:11:00+00:00,BAND,17.850000381469727,17.850000381469727,17.850000381469727,17.850000381469727,17.850000381469727,525.0
2024-10-25 11:11:00+00:00,BIGC,5.349999904632568,5.349999904632568,5.349999904632568,5.34499979019165,5.349999904632568,871.0
2024-10-25 11:11:00+00:00,BLZE,7.269999980926514,7.269999980926514,7.269999980926514,7.269999980926514,7.269999980926514,1236.0
2024-10-25 11:11:00+00:00,BMBL,7.300000190734863,7.300000190734863,7.300000190734863,7.300000190734863,7.300000190734863,221.0
2024-10-25 11:11:00+00:00,BRZE,30.84000015258789,30.84000015258789,30.889999389648438,30.84000015258789,30.889999389648438,4225.0
2024-10-25 11:11:00+00:00,BSY,49.2400016784668,49.2400016784668,49.27000045776367,49.2400016784668,49.27000045776367,794.0
2024-10-25 11:11:00+00:00,CAN,1.0,1.0,1.0049999952316284,1.0,1.0049999952316284,3862.0
2024-10-25 11:11:00+00:00,CDNS,259.0199890136719,259.0199890136719,259.2491149902344,258.92498779296875,259.135009765625,2904.0
2024-10-25 11:11:00+00:00,CDW,218.80999755859375,218.80999755859375,218.80999755859375,218.75289916992188,218.75289916992188,504.0
2024-10-25 11:11:00+00:00,CEVA,24.329999923706055,24.329999923706055,24.329999923706055,24.31999969482422,24.31999969482422,1440.0
2024-10-25 11:11:00+00:00,CFLT,22.6200008392334,22.6200008392334,22.670000076293945,22.6200008392334,22.670000076293945,4872.0
2024-10-25 11:11:00+00:00,CGNX,39.05500030517578,39.05500030517578,39.11000061035156,39.04999923706055,39.09000015258789,3399.0
2024-10-25 11:11:00+00:00,CHKP,207.32000732421875,207.32000732421875,207.32000732421875,207.32000732421875,207.32000732421875,294.0
2024-10-25 11:11:00+00:00,CLBT,18.19499969482422,18.19499969482422,18.200000762939453,18.19499969482422,18.200000762939453,754.0
2024-10-25 11:11:00+00:00,CLSK,12.125,12.125,12.178000450134277,12.119999885559082,12.15999984741211,45886.0
2024-10-25 11:11:00+00:00,CMTL,3.7100000381469727,3.7100000381469727,3.7100000381469727,3.7100000381469727,3.7100000381469727,626.0
2024-10-25 11:11:00+00:00,CNDT,3.7049999237060547,3.7049999237060547,3.7049999237060547,3.7049999237060547,3.7049999237060547,108.0
2024-10-25 11:11:00+00:00,CNXC,44.97999954223633,44.97999954223633,45.040000915527344,44.97999954223633,45.040000915527344,2167.0
2024-10-25 11:11:00+00:00,COHU,26.34000015258789,26.34000015258789,26.34000015258789,26.34000015258789,26.34000015258789,786.0
2024-10-25 11:11:00+00:00,COIN,212.40260314941406,212.40260314941406,212.83990478515625,212.4001007080078,212.71499633789062,7964.0
2024-10-25 11:11:00+00:00,COMM,6.394999980926514,6.394999980926514,6.40500020980835,6.394999980926514,6.40500020980835,3753.0
2024-10-25 11:11:00+00:00,CORZ,13.449999809265137,13.449999809265137,13.475000381469727,13.449999809265137,13.460000038146973,12290.0
2024-10-25 11:11:00+00:00,CRCT,6.579999923706055,6.579999923706055,6.590000152587891,6.570000171661377,6.590000152587891,1831.0
2024-10-25 11:11:00+00:00,CRDO,39.380001068115234,39.380001068115234,39.45500183105469,39.380001068115234,39.45500183105469,2603.0
2024-10-25 11:11:00+00:00,CRNC,2.9100000858306885,2.9100000858306885,2.9200000762939453,2.9100000858306885,2.9200000762939453,892.0
2024-10-25 11:11:00+00:00,CRNT,2.4549999237060547,2.4549999237060547,2.4549999237060547,2.4549999237060547,2.4549999237060547,930.0
2024-10-25 11:11:00+00:00,CRSR,6.460000038146973,6.460000038146973,6.460000038146973,6.460000038146973,6.460000038146973,2065.0
2024-10-25 11:11:00+00:00,CRWD,309.1600036621094,309.1600036621094,309.8900146484375,309.1600036621094,309.8800048828125,6110.0
2024-10-25 11:11:00+00:00,CSCO,56.084999084472656,56.084999084472656,56.0973014831543,56.07500076293945,56.095001220703125,19331.0
2024-10-25 11:11:00+00:00,CSIQ,13.687999725341797,13.687999725341797,13.760000228881836,13.686200141906738,13.760000228881836,4965.0
2024-10-25 11:11:00+00:00,CTSH,74.86000061035156,74.86000061035156,74.91999816894531,74.86000061035156,74.91999816894531,4273.0
2024-10-25 11:11:00+00:00,DAKT,13.208800315856934,13.208800315856934,13.208800315856934,13.208800315856934,13.208800315856934,851.0
2024-10-25 11:11:00+00:00,DATS,1.5743000507354736,1.5743000507354736,1.5800000429153442,1.5743000507354736,1.5794999599456787,4426.0
2024-10-25 11:11:00+00:00,DBX,26.075000762939453,26.075000762939453,26.079999923706055,26.06999969482422,26.075000762939453,6799.0
2024-10-25 11:11:00+00:00,DDOG,127.19000244140625,127.19000244140625,127.2699966430664,127.18000030517578,127.23500061035156,11419.0
2024-10-25 11:11:00+00:00,DGII,30.559999465942383,30.559999465942383,30.559999465942383,30.479999542236328,30.479999542236328,3123.0
2024-10-25 11:11:00+00:00,DIOD,66.33999633789062,66.33999633789062,66.33999633789062,66.27999877929688,66.27999877929688,855.0
2024-10-25 11:11:00+00:00,DLO,8.864999771118164,8.864999771118164,8.864999771118164,8.859999656677246,8.864999771118164,5740.0
2024-10-25 11:11:00+00:00,DOCU,70.56999969482422,70.56999969482422,70.68000030517578,70.56999969482422,70.68000030517578,10225.0
2024-10-25 11:11:00+00:00,DOMO,8.029999732971191,8.029999732971191,8.029999732971191,8.029999732971191,8.029999732971191,477.0
2024-10-25 11:11:00+00:00,DUOL,287.69000244140625,287.69000244140625,287.69000244140625,287.69000244140625,287.69000244140625,463.0
2024-10-25 11:11:00+00:00,ENPH,82.68000030517578,82.68000030517578,82.81500244140625,82.68000030517578,82.79000091552734,7905.0
2024-10-25 11:11:00+00:00,ENTG,105.47000122070312,105.47000122070312,105.4800033569336,105.47000122070312,105.4800033569336,855.0
2024-10-25 11:11:00+00:00,ERIC,8.53499984741211,8.53499984741211,8.53499984741211,8.53499984741211,8.53499984741211,5093.0
2024-10-25 11:11:00+00:00,EXLS,39.005001068115234,39.005001068115234,39.005001068115234,39.005001068115234,39.005001068115234,995.0
2024-10-25 11:11:00+00:00,EXTR,14.510000228881836,14.510000228881836,14.53499984741211,14.510000228881836,14.53499984741211,1211.0
2024-10-25 11:11:00+00:00,FCUV,0.26100000739097595,0.26100000739097595,0.26100000739097595,0.25619998574256897,0.25619998574256897,4911.0
2024-10-25 11:11:00+00:00,FFIV,216.2050018310547,216.2050018310547,216.25,216.2050018310547,216.2100067138672,1931.0
2024-10-25 11:11:00+00:00,FIVN,30.489999771118164,30.489999771118164,30.540000915527344,30.489999771118164,30.510000228881836,9115.0
2024-10-25 11:11:00+00:00,FLEX,35.47999954223633,35.47999954223633,35.5,35.47999954223633,35.4900016784668,1986.0
2024-10-25 11:11:00+00:00,FLYW,17.56999969482422,17.56999969482422,17.610000610351562,17.56999969482422,17.610000610351562,3070.0
2024-10-25 11:11:00+00:00,FORM,45.28499984741211,45.28499984741211,45.28499984741211,45.2599983215332,45.27000045776367,1108.0
2024-10-25 11:11:00+00:00,FROG,29.479999542236328,29.479999542236328,29.479999542236328,29.479999542236328,29.479999542236328,765.0
2024-10-25 11:11:00+00:00,FRSH,11.710000038146973,11.710000038146973,11.710000038146973,11.6899995803833,11.704999923706055,20722.0
2024-10-25 11:11:00+00:00,FSLR,199.26400756835938,199.26400756835938,199.49000549316406,199.22999572753906,199.49000549316406,29846.0
2024-10-25 11:11:00+00:00,FTCI,0.691100001335144,0.691100001335144,0.691100001335144,0.691100001335144,0.691100001335144,2457.0
2024-10-25 11:11:00+00:00,FTNT,81.44999694824219,81.44999694824219,81.51000213623047,81.44999694824219,81.5,6066.0
2024-10-25 11:11:00+00:00,GCT,25.329999923706055,25.329999923706055,25.485000610351562,25.31999969482422,25.485000610351562,3820.0
2024-10-25 11:11:00+00:00,GDS,21.655000686645508,21.655000686645508,21.655000686645508,21.655000686645508,21.655000686645508,437.0
2024-10-25 11:11:00+00:00,GDYN,15.649999618530273,15.649999618530273,15.649999618530273,15.649999618530273,15.649999618530273,341.0
2024-10-25 11:11:00+00:00,GFS,41.25,41.25,41.349998474121094,41.25,41.34000015258789,2917.0
2024-10-25 11:11:00+00:00,GPRO,1.3350000381469727,1.3350000381469727,1.340000033378601,1.3350000381469727,1.340000033378601,852.0
2024-10-25 11:11:00+00:00,GRAB,4.085000038146973,4.085000038146973,4.087200164794922,4.0817999839782715,4.085000038146973,4769.0
2024-10-25 11:11:00+00:00,GRRR,4.580100059509277,4.580100059509277,4.5920000076293945,4.579999923706055,4.5920000076293945,5099.0
2024-10-25 11:11:00+00:00,GSIT,3.4700000286102295,3.4700000286102295,3.4700000286102295,3.469399929046631,3.469399929046631,65.0
2024-10-25 11:11:00+00:00,GTLB,55.68000030517578,55.68000030517578,55.72999954223633,55.65999984741211,55.665000915527344,3232.0
2024-10-25 11:11:00+00:00,HCKT,24.8799991607666,24.8799991607666,24.8799991607666,24.860000610351562,24.860000610351562,599.0
2024-10-25 11:11:00+00:00,HCP,33.685001373291016,33.685001373291016,33.685001373291016,33.685001373291016,33.685001373291016,874.0
2024-10-25 11:11:00+00:00,HIMX,6.21999979019165,6.21999979019165,6.2210001945495605,6.21999979019165,6.2210001945495605,913.0
2024-10-25 11:11:00+00:00,HOLO,3.7100000381469727,3.7100000381469727,3.7200000286102295,3.7100000381469727,3.7200000286102295,6870.0
2024-10-25 11:11:00+00:00,HOOD,27.45989990234375,27.45989990234375,27.505699157714844,27.454999923706055,27.5049991607666,39977.0
2024-10-25 11:11:00+00:00,IBEX,18.190000534057617,18.190000534057617,18.190000534057617,18.190000534057617,18.190000534057617,114.0
2024-10-25 11:11:00+00:00,IMMR,8.8100004196167,8.8100004196167,8.8100004196167,8.8100004196167,8.8100004196167,1384.0
2024-10-25 11:11:00+00:00,IMXI,17.780000686645508,17.780000686645508,17.780000686645508,17.780000686645508,17.780000686645508,629.0
2024-10-25 11:11:00+00:00,INDI,3.634999990463257,3.634999990463257,3.6449999809265137,3.630000114440918,3.6449999809265137,11952.0
2024-10-25 11:11:00+00:00,INTA,49.83000183105469,49.83000183105469,49.83000183105469,49.83000183105469,49.83000183105469,504.0
2024-10-25 11:11:00+00:00,INTC,23.010099411010742,23.010099411010742,23.06999969482422,23.010000228881836,23.06599998474121,133001.0
2024-10-25 11:11:00+00:00,INTU,610.8200073242188,610.8200073242188,611.1300048828125,610.8200073242188,611.1300048828125,1446.0
2024-10-25 11:11:00+00:00,ITI,7.199999809265137,7.199999809265137,7.199999809265137,7.199999809265137,7.199999809265137,0.0
2024-10-25 11:11:00+00:00,KC,2.7249999046325684,2.7249999046325684,2.7249999046325684,2.7249999046325684,2.7249999046325684,998.0
2024-10-25 11:11:00+00:00,KLAC,679.0775146484375,679.0775146484375,679.9799194335938,678.8424072265625,679.3800048828125,2726.0
2024-10-25 11:11:00+00:00,KLIC,44.380001068115234,44.380001068115234,44.380001068115234,44.380001068115234,44.380001068115234,503.0
2024-10-25 11:11:00+00:00,LINK,4.800000190734863,4.800000190734863,4.929800033569336,4.739999771118164,4.83519983291626,8496.0
2024-10-25 11:11:00+00:00,LITE,64.51000213623047,64.51000213623047,64.51000213623047,64.51000213623047,64.51000213623047,512.0
2024-10-25 11:11:00+00:00,LOGI,81.30960083007812,81.30960083007812,81.30960083007812,81.29000091552734,81.30000305175781,1049.0
2024-10-25 11:11:00+00:00,LRCX,78.55999755859375,78.55999755859375,78.7300033569336,78.55999755859375,78.6500015258789,28110.0
2024-10-25 11:11:00+00:00,LSCC,54.400001525878906,54.400001525878906,54.470001220703125,54.38999938964844,54.470001220703125,2629.0
2024-10-25 11:11:00+00:00,LTRX,4.03000020980835,4.03000020980835,4.03000020980835,4.03000020980835,4.03000020980835,100.0
2024-10-25 11:11:00+00:00,LUNA,1.8300000429153442,1.8300000429153442,1.8300000429153442,1.8300000429153442,1.8300000429153442,200.0
2024-10-25 11:11:00+00:00,LYFT,13.8149995803833,13.8149995803833,13.8149995803833,13.8100004196167,13.8100004196167,22472.0
2024-10-25 11:11:00+00:00,MANH,275.489990234375,275.489990234375,275.489990234375,275.4700012207031,275.4700012207031,707.0
2024-10-25 11:11:00+00:00,MAXN,5.769899845123291,5.769899845123291,5.769999980926514,5.769899845123291,5.769999980926514,2316.0
2024-10-25 11:11:00+00:00,MCHP,77.13999938964844,77.13999938964844,77.24479675292969,77.13999938964844,77.22000122070312,9702.0
2024-10-25 11:11:00+00:00,MDB,266.8424987792969,266.8424987792969,266.8800048828125,266.8424987792969,266.8800048828125,1221.0
2024-10-25 11:11:00+00:00,MKSI,100.66500091552734,100.66500091552734,100.81999969482422,100.62000274658203,100.81999969482422,1707.0
2024-10-25 11:11:00+00:00,MNDY,299.93499755859375,299.93499755859375,299.93499755859375,299.93499755859375,299.93499755859375,674.0
2024-10-25 11:11:00+00:00,MPWR,912.6400146484375,912.6400146484375,912.719970703125,912.6400146484375,912.719970703125,1119.0
2024-10-25 11:11:00+00:00,MQ,5.315000057220459,5.315000057220459,5.315000057220459,5.315000057220459,5.315000057220459,354.0
2024-10-25 11:11:00+00:00,MRVL,82.51000213623047,82.51000213623047,82.66000366210938,82.51000213623047,82.66000366210938,15921.0
2024-10-25 11:11:00+00:00,MSFT,430.9901123046875,430.9901123046875,431.30999755859375,430.9901123046875,431.260009765625,17745.0
2024-10-25 11:11:00+00:00,MSTR,244.00999450683594,244.00999450683594,244.7447052001953,243.75,244.33999633789062,36964.0
2024-10-25 11:11:00+00:00,MTLS,6.0,6.0,6.000199794769287,5.989999771118164,6.000199794769287,9062.0
2024-10-25 11:11:00+00:00,MTSI,120.2699966430664,120.2699966430664,120.29000091552734,120.2699966430664,120.2699966430664,907.0
2024-10-25 11:11:00+00:00,MTTR,4.644999980926514,4.644999980926514,4.65500020980835,4.644999980926514,4.65500020980835,7840.0
2024-10-25 11:11:00+00:00,MU,109.36000061035156,109.36000061035156,109.5,109.36000061035156,109.5,13815.0
2024-10-25 11:11:00+00:00,MVIS,1.1050000190734863,1.1050000190734863,1.1100000143051147,1.100000023841858,1.1100000143051147,1938.0
2024-10-25 11:11:00+00:00,MXL,15.319999694824219,15.319999694824219,15.380000114440918,15.319999694824219,15.364999771118164,7114.0
2024-10-25 11:11:00+00:00,NCNO,37.904998779296875,37.904998779296875,37.939998626708984,37.904998779296875,37.939998626708984,1673.0
2024-10-25 11:11:00+00:00,NEON,8.09000015258789,8.09000015258789,8.140000343322754,8.020000457763672,8.020000457763672,6033.0
2024-10-25 11:11:00+00:00,NNDM,2.3550000190734863,2.3550000190734863,2.3550000190734863,2.350600004196167,2.3550000190734863,493.0
2024-10-25 11:11:00+00:00,NSIT,209.39999389648438,209.39999389648438,209.44749450683594,209.32000732421875,209.4250030517578,1949.0
2024-10-25 11:11:00+00:00,NTAP,120.44000244140625,120.44000244140625,120.50150299072266,120.44000244140625,120.4749984741211,1603.0
2024-10-25 11:11:00+00:00,NTGR,20.420000076293945,20.420000076293945,20.43000030517578,20.420000076293945,20.43000030517578,625.0
2024-10-25 11:11:00+00:00,NTNX,62.494998931884766,62.494998931884766,62.619998931884766,62.4900016784668,62.61000061035156,5897.0
2024-10-25 11:11:00+00:00,NVDA,143.54010009765625,143.54010009765625,143.77999877929688,143.50799560546875,143.74099731445312,493193.0
2024-10-25 11:11:00+00:00,NVMI,184.47000122070312,184.47000122070312,184.6300048828125,184.47000122070312,184.6300048828125,543.0
2024-10-25 11:11:00+00:00,NVTS,2.630000114440918,2.630000114440918,2.63070011138916,2.630000114440918,2.63070011138916,13895.0
2024-10-25 11:11:00+00:00,NXPI,244.36000061035156,244.36000061035156,244.6199951171875,244.3300018310547,244.6199951171875,4121.0
2024-10-25 11:11:00+00:00,OKTA,72.69000244140625,72.69000244140625,72.77999877929688,72.69000244140625,72.77999877929688,1822.0
2024-10-25 11:11:00+00:00,OLED,203.55990600585938,203.55990600585938,203.55990600585938,203.55990600585938,203.55990600585938,132.0
2024-10-25 11:11:00+00:00,ON,71.62000274658203,71.62000274658203,71.7300033569336,71.62000274658203,71.7249984741211,9585.0
2024-10-25 11:11:00+00:00,OSPN,14.680000305175781,14.680000305175781,14.6899995803833,14.680000305175781,14.6899995803833,573.0
2024-10-25 11:11:00+00:00,OTEX,33.470001220703125,33.470001220703125,33.47999954223633,33.470001220703125,33.47999954223633,400.0
2024-10-25 11:11:00+00:00,PANW,370.760009765625,370.760009765625,371.1199951171875,370.760009765625,371.1199951171875,2356.0
2024-10-25 11:11:00+00:00,PAYO,8.329999923706055,8.329999923706055,8.329999923706055,8.329999923706055,8.329999923706055,303.0
2024-10-25 11:11:00+00:00,PAYS,3.75,3.75,3.75,3.75,3.75,502.0
2024-10-25 11:11:00+00:00,PCTY,172.82000732421875,172.82000732421875,172.82000732421875,172.82000732421875,172.82000732421875,342.0
2024-10-25 11:11:00+00:00,PDFS,29.479999542236328,29.479999542236328,29.479999542236328,29.479999542236328,29.479999542236328,104.0
2024-10-25 11:11:00+00:00,PEGA,81.20500183105469,81.20500183105469,81.30999755859375,81.13999938964844,81.30000305175781,6251.0
2024-10-25 11:11:00+00:00,PEGY,4.611000061035156,4.611000061035156,4.611000061035156,4.611000061035156,4.611000061035156,561.0
2024-10-25 11:11:00+00:00,PGY,11.960000038146973,11.960000038146973,11.96500015258789,11.960000038146973,11.96500015258789,2504.0
2024-10-25 11:11:00+00:00,PHUN,9.734999656677246,9.734999656677246,9.739999771118164,9.6899995803833,9.699999809265137,30841.0
2024-10-25 11:11:00+00:00,PI,204.55999755859375,204.55999755859375,204.71499633789062,204.55999755859375,204.71499633789062,814.0
2024-10-25 11:11:00+00:00,PLAB,23.649999618530273,23.649999618530273,23.649999618530273,23.6299991607666,23.6299991607666,548.0
2024-10-25 11:11:00+00:00,PLXS,142.80999755859375,142.80999755859375,142.80999755859375,142.80999755859375,142.80999755859375,303.0
2024-10-25 11:11:00+00:00,PRCH,1.3450000286102295,1.3450000286102295,1.3450000286102295,1.3450000286102295,1.3450000286102295,102.0
2024-10-25 11:11:00+00:00,PTC,186.85000610351562,186.85000610351562,186.85000610351562,186.8000030517578,186.8000030517578,1949.0
2024-10-25 11:11:00+00:00,PUBM,14.979000091552734,14.979000091552734,14.979000091552734,14.960100173950195,14.960100173950195,501.0
2024-10-25 11:11:00+00:00,PYCR,14.34000015258789,14.34000015258789,14.34000015258789,14.34000015258789,14.34000015258789,851.0
2024-10-25 11:11:00+00:00,QCOM,172.69000244140625,172.69000244140625,173.0500030517578,172.69000244140625,173.00999450683594,8161.0
2024-10-25 11:11:00+00:00,QRVO,100.2699966430664,100.2699966430664,100.31999969482422,100.2699966430664,100.31999969482422,2373.0
2024-10-25 11:11:00+00:00,QUBT,1.1100000143051147,1.1100000143051147,1.1198999881744385,1.1050000190734863,1.1100000143051147,15000.0
2024-10-25 11:11:00+00:00,QUIK,8.630000114440918,8.630000114440918,8.630000114440918,8.630000114440918,8.630000114440918,399.0
2024-10-25 11:11:00+00:00,RDWR,22.469999313354492,22.469999313354492,22.469999313354492,22.469999313354492,22.469999313354492,623.0
2024-10-25 11:11:00+00:00,REFR,2.200000047683716,2.200000047683716,2.200000047683716,2.200000047683716,2.200000047683716,320.0
2024-10-25 11:11:00+00:00,REKR,1.100000023841858,1.100000023841858,1.100000023841858,1.100000023841858,1.100000023841858,105.0
2024-10-25 11:11:00+00:00,RELY,14.725000381469727,14.725000381469727,14.729999542236328,14.725000381469727,14.729999542236328,857.0
2024-10-25 11:11:00+00:00,RGTI,1.2884999513626099,1.2884999513626099,1.2884999513626099,1.284999966621399,1.284999966621399,4545.0
2024-10-25 11:11:00+00:00,RIOT,10.139900207519531,10.139900207519531,10.170000076293945,10.130000114440918,10.164999961853027,42456.0
2024-10-25 11:11:00+00:00,RMBS,43.099998474121094,43.099998474121094,43.1349983215332,43.099998474121094,43.1349983215332,2553.0
2024-10-25 11:11:00+00:00,RPAY,7.630000114440918,7.630000114440918,7.630000114440918,7.630000114440918,7.630000114440918,117.0
2024-10-25 11:11:00+00:00,RUM,5.800000190734863,5.800000190734863,5.820000171661377,5.800000190734863,5.815800189971924,3909.0
2024-10-25 11:11:00+00:00,RUN,14.449999809265137,14.449999809265137,14.505000114440918,14.449999809265137,14.501399993896484,10084.0
2024-10-25 11:11:00+00:00,RXT,2.5799999237060547,2.5799999237060547,2.5799999237060547,2.5799999237060547,2.5799999237060547,481.0
2024-10-25 11:11:00+00:00,SATS,25.344999313354492,25.344999313354492,25.344999313354492,25.344999313354492,25.344999313354492,396.0
2024-10-25 11:11:00+00:00,SCSC,45.22999954223633,45.22999954223633,45.22999954223633,45.22999954223633,45.22999954223633,231.0
2024-10-25 11:11:00+00:00,SCWX,8.390000343322754,8.390000343322754,8.390000343322754,8.390000343322754,8.390000343322754,213.0
2024-10-25 11:11:00+00:00,SEDG,15.979999542236328,15.979999542236328,16.020000457763672,15.960000038146973,16.020000457763672,7019.0
2024-10-25 11:11:00+00:00,SHLS,5.269999980926514,5.269999980926514,5.284999847412109,5.269999980926514,5.284999847412109,3905.0
2024-10-25 11:11:00+00:00,SITM,184.25,184.25,184.25,184.25,184.25,524.0
2024-10-25 11:11:00+00:00,SKYT,10.680000305175781,10.680000305175781,10.6850004196167,10.680000305175781,10.6850004196167,1783.0
2024-10-25 11:11:00+00:00,SLAB,115.36000061035156,115.36000061035156,115.36000061035156,115.36000061035156,115.36000061035156,736.0
2024-10-25 11:11:00+00:00,SLNHP,13.220000267028809,13.220000267028809,13.220000267028809,13.220000267028809,13.220000267028809,200.0
2024-10-25 11:11:00+00:00,SMCI,47.86920166015625,47.86920166015625,48.02000045776367,47.849998474121094,48.005001068115234,96712.0
2024-10-25 11:11:00+00:00,SMTC,45.65999984741211,45.65999984741211,45.73500061035156,45.65999984741211,45.689998626708984,993.0
2024-10-25 11:11:00+00:00,SNPS,503.42498779296875,503.42498779296875,503.42498779296875,503.42498779296875,503.42498779296875,542.0
2024-10-25 11:11:00+00:00,SONM,3.680000066757202,3.680000066757202,3.680000066757202,3.680000066757202,3.680000066757202,797.0
2024-10-25 11:11:00+00:00,SONO,12.9399995803833,12.9399995803833,12.949999809265137,12.9399995803833,12.949999809265137,3018.0
2024-10-25 11:11:00+00:00,SOUN,5.304999828338623,5.304999828338623,5.309999942779541,5.295000076293945,5.299799919128418,64389.0
2024-10-25 11:11:00+00:00,SPSC,175.77999877929688,175.77999877929688,175.77999877929688,175.5749969482422,175.64999389648438,4184.0
2024-10-25 11:11:00+00:00,SPT,27.3700008392334,27.3700008392334,27.399999618530273,27.3700008392334,27.399999618530273,674.0
2024-10-25 11:11:00+00:00,SSNC,69.7300033569336,69.7300033569336,69.8499984741211,69.7300033569336,69.76499938964844,261825.0
2024-10-25 11:11:00+00:00,SSYS,7.139999866485596,7.139999866485596,7.139999866485596,7.139999866485596,7.139999866485596,583.0
2024-10-25 11:11:00+00:00,STNE,11.520000457763672,11.520000457763672,11.53499984741211,11.520000457763672,11.53499984741211,5702.0
2024-10-25 11:11:00+00:00,STX,104.76000213623047,104.76000213623047,104.83499908447266,104.76000213623047,104.77999877929688,2389.0
2024-10-25 11:11:00+00:00,SVRE,0.08209999650716782,0.08209999650716782,0.08209999650716782,0.08209999650716782,0.08209999650716782,4342.0
2024-10-25 11:11:00+00:00,SWKS,96.36000061035156,96.36000061035156,96.39320373535156,96.36000061035156,96.39320373535156,2450.0
2024-10-25 11:11:00+00:00,SYNA,73.69999694824219,73.69999694824219,73.80000305175781,73.69999694824219,73.80000305175781,819.0
2024-10-25 11:11:00+00:00,TEAM,189.84500122070312,189.84500122070312,190.0850067138672,189.83999633789062,190.0850067138672,3449.0
2024-10-25 11:11:00+00:00,TENB,41.58000183105469,41.58000183105469,41.58000183105469,41.58000183105469,41.58000183105469,705.0
2024-10-25 11:11:00+00:00,TER,112.95999908447266,112.95999908447266,113.16999816894531,112.95999908447266,113.06999969482422,6337.0
2024-10-25 11:11:00+00:00,TLS,3.6549999713897705,3.6549999713897705,3.6549999713897705,3.6500000953674316,3.6500000953674316,706.0
2024-10-25 11:11:00+00:00,TRMB,61.189998626708984,61.189998626708984,61.189998626708984,61.189998626708984,61.189998626708984,1463.0
2024-10-25 11:11:00+00:00,TSEM,44.8849983215332,44.8849983215332,44.8849983215332,44.8849983215332,44.8849983215332,930.0
2024-10-25 11:11:00+00:00,TTD,120.04000091552734,120.04000091552734,120.23999786376953,120.04000091552734,120.18000030517578,8101.0
2024-10-25 11:11:00+00:00,TTEC,5.420000076293945,5.420000076293945,5.420000076293945,5.420000076293945,5.420000076293945,290.0
2024-10-25 11:11:00+00:00,TWKS,4.449999809265137,4.449999809265137,4.449999809265137,4.449999809265137,4.449999809265137,1251.0
2024-10-25 11:11:00+00:00,TXN,208.97000122070312,208.97000122070312,209.24000549316406,208.9499969482422,209.2050018310547,4895.0
2024-10-25 11:11:00+00:00,UCTT,35.970001220703125,35.970001220703125,35.970001220703125,35.970001220703125,35.970001220703125,560.0
2024-10-25 11:11:00+00:00,VECO,29.53499984741211,29.53499984741211,29.53499984741211,29.530000686645508,29.530000686645508,1754.0
2024-10-25 11:11:00+00:00,VERI,3.4516000747680664,3.4516000747680664,3.4516000747680664,3.4516000747680664,3.4516000747680664,286.0
2024-10-25 11:11:00+00:00,VICR,47.380001068115234,47.380001068115234,47.380001068115234,47.380001068115234,47.380001068115234,650.0
2024-10-25 11:11:00+00:00,VRNS,56.849998474121094,56.849998474121094,56.869998931884766,56.83000183105469,56.869998931884766,1154.0
2024-10-25 11:11:00+00:00,VRNT,22.334999084472656,22.334999084472656,22.34000015258789,22.334999084472656,22.34000015258789,1967.0
2024-10-25 11:11:00+00:00,VS,2.690000057220459,2.690000057220459,2.690000057220459,2.690000057220459,2.690000057220459,100.0
2024-10-25 11:11:00+00:00,VSAT,10.319999694824219,10.319999694824219,10.350000381469727,10.319999694824219,10.350000381469727,3043.0
2024-10-25 11:11:00+00:00,VUZI,1.2999999523162842,1.2999999523162842,1.309999942779541,1.2999999523162842,1.309999942779541,32667.0
2024-10-25 11:11:00+00:00,WATT,0.5950000286102295,0.5950000286102295,0.5950000286102295,0.5950000286102295,0.5950000286102295,59.0
2024-10-25 11:11:00+00:00,WDAY,240.27000427246094,240.27000427246094,240.27000427246094,240.27000427246094,240.27000427246094,1453.0
2024-10-25 11:11:00+00:00,WDC,72.5999984741211,72.5999984741211,72.66999816894531,72.5199966430664,72.53469848632812,17646.0
2024-10-25 11:11:00+00:00,WISA,1.850000023841858,1.850000023841858,1.850000023841858,1.850000023841858,1.850000023841858,260.0
2024-10-25 11:11:00+00:00,WRAP,1.8521000146865845,1.8521000146865845,1.8773000240325928,1.8521000146865845,1.8773000240325928,950.0
2024-10-25 11:11:00+00:00,XPER,9.46500015258789,9.46500015258789,9.46500015258789,9.46500015258789,9.46500015258789,1932.0
2024-10-25 11:11:00+00:00,XRX,10.175000190734863,10.175000190734863,10.1850004196167,10.175000190734863,10.1850004196167,1322.0
2024-10-25 11:11:00+00:00,ZBRA,363.6000061035156,363.6000061035156,363.7900085449219,363.6000061035156,363.7900085449219,3541.0
2024-10-25 11:11:00+00:00,ZI,10.555000305175781,10.555000305175781,10.569999694824219,10.555000305175781,10.569999694824219,3696.0
2024-10-25 11:11:00+00:00,ZM,73.05000305175781,73.05000305175781,73.05740356445312,73.05000305175781,73.05740356445312,2347.0
2024-10-25 11:11:00+00:00,ZS,186.42999267578125,186.42999267578125,186.69000244140625,186.42999267578125,186.69000244140625,1937.0
2024-10-25 11:12:00+00:00,AAPL,232.8800048828125,232.8800048828125,232.88999938964844,232.74000549316406,232.74000549316406,39061.0
2024-10-25 11:12:00+00:00,ACMR,19.924999237060547,19.924999237060547,19.924999237060547,19.924999237060547,19.924999237060547,962.0
2024-10-25 11:12:00+00:00,ADBE,483.989990234375,483.989990234375,484.3900146484375,483.8699951171875,484.1199951171875,11304.0
2024-10-25 11:12:00+00:00,ADI,233.58999633789062,233.58999633789062,233.6199951171875,233.36000061035156,233.36000061035156,4738.0
2024-10-25 11:12:00+00:00,ADSK,288.1400146484375,288.1400146484375,288.1400146484375,288.0299987792969,288.0299987792969,1615.0
2024-10-25 11:12:00+00:00,AEHR,16.59000015258789,16.59000015258789,16.59000015258789,16.56999969482422,16.56999969482422,1839.0
2024-10-25 11:12:00+00:00,AEYE,23.309999465942383,23.309999465942383,23.309999465942383,23.202499389648438,23.202499389648438,954.0
2024-10-25 11:12:00+00:00,AFRM,41.810001373291016,41.810001373291016,41.81999969482422,41.79999923706055,41.79999923706055,3009.0
2024-10-25 11:12:00+00:00,AKAM,103.25199890136719,103.25199890136719,103.25199890136719,103.25199890136719,103.25199890136719,25894.0
2024-10-25 11:12:00+00:00,ALGM,22.729999542236328,22.729999542236328,22.75,22.709999084472656,22.739999771118164,6680.0
2024-10-25 11:12:00+00:00,ALKT,38.23500061035156,38.23500061035156,38.310001373291016,38.220001220703125,38.220001220703125,3307.0
2024-10-25 11:12:00+00:00,ALLT,3.4509999752044678,3.4509999752044678,3.4509999752044678,3.4509999752044678,3.4509999752044678,376.0
2024-10-25 11:12:00+00:00,AMAT,188.20849609375,188.20849609375,188.20849609375,187.91000366210938,187.91000366210938,3888.0
2024-10-25 11:12:00+00:00,AMD,157.38999938964844,157.38999938964844,157.38999938964844,157.125,157.1313018798828,36474.0
2024-10-25 11:12:00+00:00,ANSS,326.17999267578125,326.17999267578125,326.17999267578125,326.17999267578125,326.17999267578125,289.0
2024-10-25 11:12:00+00:00,API,2.819999933242798,2.819999933242798,2.819999933242798,2.819999933242798,2.819999933242798,799.0
2024-10-25 11:12:00+00:00,APP,162.27999877929688,162.27999877929688,162.27999877929688,162.13999938964844,162.13999938964844,2327.0
2024-10-25 11:12:00+00:00,APPN,32.22999954223633,32.22999954223633,32.22999954223633,32.22999954223633,32.22999954223633,482.0
2024-10-25 11:12:00+00:00,APPS,3.1013998985290527,3.1013998985290527,3.1050000190734863,3.1013998985290527,3.1019999980926514,1550.0
2024-10-25 11:12:00+00:00,ARRY,6.5,6.5,6.5,6.465000152587891,6.46999979019165,15488.0
2024-10-25 11:12:00+00:00,ASML,718.5650024414062,718.5650024414062,718.5650024414062,717.4401245117188,717.4401245117188,3976.0
2024-10-25 11:12:00+00:00,ASNS,1.340000033378601,1.340000033378601,1.340000033378601,1.340000033378601,1.340000033378601,101.0
2024-10-25 11:12:00+00:00,ASUR,9.75,9.75,9.75,9.75,9.75,101.0
2024-10-25 11:12:00+00:00,ASYS,5.849999904632568,5.849999904632568,5.849999904632568,5.849999904632568,5.849999904632568,0.0
2024-10-25 11:12:00+00:00,ATOM,3.325900077819824,3.325900077819824,3.325900077819824,3.325900077819824,3.325900077819824,317.0
2024-10-25 11:12:00+00:00,AUR,6.505000114440918,6.505000114440918,6.505000114440918,6.46999979019165,6.474999904632568,7945.0
2024-10-25 11:12:00+00:00,AVDX,8.229999542236328,8.229999542236328,8.229999542236328,8.225000381469727,8.225000381469727,458.0
2024-10-25 11:12:00+00:00,AVGO,175.9949951171875,175.9949951171875,176.0131072998047,175.7949981689453,175.8350067138672,21714.0
2024-10-25 11:12:00+00:00,BIGC,5.349999904632568,5.349999904632568,5.349999904632568,5.34499979019165,5.34499979019165,608.0
2024-10-25 11:12:00+00:00,BL,56.439998626708984,56.439998626708984,56.45000076293945,56.439998626708984,56.45000076293945,511.0
2024-10-25 11:12:00+00:00,BMBL,7.300000190734863,7.300000190734863,7.300000190734863,7.300000190734863,7.300000190734863,619.0
2024-10-25 11:12:00+00:00,BRZE,30.811800003051758,30.811800003051758,30.811800003051758,30.811800003051758,30.811800003051758,202.0
2024-10-25 11:12:00+00:00,BSY,49.21500015258789,49.21500015258789,49.22999954223633,49.21500015258789,49.22999954223633,957.0
2024-10-25 11:12:00+00:00,CAMT,78.5199966430664,78.5199966430664,78.5199966430664,78.5199966430664,78.5199966430664,494.0
2024-10-25 11:12:00+00:00,CDNS,259.1400146484375,259.1400146484375,259.1400146484375,258.875,258.875,1527.0
2024-10-25 11:12:00+00:00,CDW,218.5500030517578,218.5500030517578,218.74000549316406,218.5500030517578,218.74000549316406,577.0
2024-10-25 11:12:00+00:00,CFLT,22.639999389648438,22.639999389648438,22.639999389648438,22.6200008392334,22.6299991607666,1520.0
2024-10-25 11:12:00+00:00,CGNX,39.08000183105469,39.08000183105469,39.08000183105469,39.04999923706055,39.04999923706055,3058.0
2024-10-25 11:12:00+00:00,CHKP,207.3249969482422,207.3249969482422,207.3350067138672,207.30999755859375,207.32000732421875,1213.0
2024-10-25 11:12:00+00:00,CLSK,12.149999618530273,12.149999618530273,12.149999618530273,12.119999885559082,12.125,17992.0
2024-10-25 11:12:00+00:00,CNDT,3.700000047683716,3.700000047683716,3.7049999237060547,3.700000047683716,3.7049999237060547,704.0
2024-10-25 11:12:00+00:00,CNXC,44.9900016784668,44.9900016784668,44.9900016784668,44.9900016784668,44.9900016784668,1053.0
2024-10-25 11:12:00+00:00,COHR,96.17500305175781,96.17500305175781,96.17500305175781,96.17500305175781,96.17500305175781,0.0
2024-10-25 11:12:00+00:00,COIN,212.6699981689453,212.6699981689453,212.6699981689453,212.1199951171875,212.3300018310547,10434.0
2024-10-25 11:12:00+00:00,COMM,6.394999980926514,6.394999980926514,6.394999980926514,6.389999866485596,6.394999980926514,983.0
2024-10-25 11:12:00+00:00,CORZ,13.444999694824219,13.444999694824219,13.444999694824219,13.420000076293945,13.430000305175781,3963.0
2024-10-25 11:12:00+00:00,CRDO,39.415000915527344,39.415000915527344,39.415000915527344,39.375,39.375,1487.0
2024-10-25 11:12:00+00:00,CRNC,2.904400110244751,2.904400110244751,2.904400110244751,2.904400110244751,2.904400110244751,231.0
2024-10-25 11:12:00+00:00,CRWD,309.55999755859375,309.55999755859375,309.5950012207031,309.10009765625,309.2349853515625,3080.0
2024-10-25 11:12:00+00:00,CSCO,56.05500030517578,56.05500030517578,56.08000183105469,56.05500030517578,56.08000183105469,17748.0
2024-10-25 11:12:00+00:00,CSGS,47.849998474121094,47.849998474121094,47.849998474121094,47.849998474121094,47.849998474121094,170.0
2024-10-25 11:12:00+00:00,CSIQ,13.725099563598633,13.725099563598633,13.725099563598633,13.6806001663208,13.694999694824219,2845.0
2024-10-25 11:12:00+00:00,CTSH,74.80000305175781,74.80000305175781,74.83999633789062,74.80000305175781,74.83999633789062,3046.0
2024-10-25 11:12:00+00:00,CVLT,134.2100067138672,134.2100067138672,134.2100067138672,134.2100067138672,134.2100067138672,189.0
2024-10-25 11:12:00+00:00,DATS,1.5799000263214111,1.5799000263214111,1.5799000263214111,1.5743999481201172,1.5743999481201172,170.0
2024-10-25 11:12:00+00:00,DBX,26.049999237060547,26.049999237060547,26.059999465942383,26.049999237060547,26.059999465942383,2224.0
2024-10-25 11:12:00+00:00,DDOG,127.19999694824219,127.19999694824219,127.22000122070312,127.12999725341797,127.19000244140625,20150.0
2024-10-25 11:12:00+00:00,DLO,8.869999885559082,8.869999885559082,8.869999885559082,8.869999885559082,8.869999885559082,313.0
2024-10-25 11:12:00+00:00,DOCU,70.55999755859375,70.55999755859375,70.55999755859375,70.48999786376953,70.55000305175781,4167.0
2024-10-25 11:12:00+00:00,DOMO,8.039999961853027,8.039999961853027,8.039999961853027,8.024999618530273,8.029999732971191,5846.0
2024-10-25 11:12:00+00:00,DUOL,288.9054870605469,288.9054870605469,288.9054870605469,288.1700134277344,288.1700134277344,1448.0
2024-10-25 11:12:00+00:00,EEFT,101.30000305175781,101.30000305175781,101.30000305175781,101.30000305175781,101.30000305175781,375.0
2024-10-25 11:12:00+00:00,ENPH,82.5999984741211,82.5999984741211,82.66500091552734,82.5999984741211,82.66000366210938,10542.0
2024-10-25 11:12:00+00:00,ENTG,105.54499816894531,105.54499816894531,105.54499816894531,105.37999725341797,105.47000122070312,1404.0
2024-10-25 11:12:00+00:00,ERIC,8.53499984741211,8.53499984741211,8.53499984741211,8.53499984741211,8.53499984741211,4273.0
2024-10-25 11:12:00+00:00,EXFY,1.7100000381469727,1.7100000381469727,1.7100000381469727,1.7100000381469727,1.7100000381469727,5202.0
2024-10-25 11:12:00+00:00,EXTR,14.510000228881836,14.510000228881836,14.510000228881836,14.510000228881836,14.510000228881836,351.0
2024-10-25 11:12:00+00:00,FCUV,0.26100000739097595,0.26100000739097595,0.26100000739097595,0.26100000739097595,0.26100000739097595,51.0
2024-10-25 11:12:00+00:00,FFIV,216.23500061035156,216.23500061035156,216.23500061035156,216.2050018310547,216.2050018310547,966.0
2024-10-25 11:12:00+00:00,FIVN,30.545000076293945,30.545000076293945,30.545000076293945,30.510000228881836,30.510000228881836,999.0
2024-10-25 11:12:00+00:00,FLEX,35.4900016784668,35.4900016784668,35.5099983215332,35.470001220703125,35.470001220703125,20780.0
2024-10-25 11:12:00+00:00,FROG,29.479999542236328,29.479999542236328,29.479999542236328,29.479999542236328,29.479999542236328,113.0
2024-10-25 11:12:00+00:00,FRSH,11.71500015258789,11.71500015258789,11.71500015258789,11.710000038146973,11.710000038146973,1021.0
2024-10-25 11:12:00+00:00,FSLR,199.35499572753906,199.35499572753906,199.39999389648438,199.19000244140625,199.30999755859375,1779.0
2024-10-25 11:12:00+00:00,FTNT,81.4800033569336,81.4800033569336,81.4800033569336,81.44000244140625,81.47000122070312,3070.0
2024-10-25 11:12:00+00:00,GCT,25.31999969482422,25.31999969482422,25.353500366210938,25.31999969482422,25.353500366210938,494.0
2024-10-25 11:12:00+00:00,GDS,21.639999389648438,21.639999389648438,21.639999389648438,21.639999389648438,21.639999389648438,720.0
2024-10-25 11:12:00+00:00,GFS,41.31999969482422,41.31999969482422,41.33000183105469,41.27000045776367,41.27000045776367,13293.0
2024-10-25 11:12:00+00:00,GPRO,1.340000033378601,1.340000033378601,1.340000033378601,1.340000033378601,1.340000033378601,319.0
2024-10-25 11:12:00+00:00,GRAB,4.085000038146973,4.085000038146973,4.087299823760986,4.079999923706055,4.079999923706055,2433.0
2024-10-25 11:12:00+00:00,GRRR,4.559999942779541,4.559999942779541,4.559999942779541,4.559999942779541,4.559999942779541,2338.0
2024-10-25 11:12:00+00:00,GSIT,3.4700000286102295,3.4700000286102295,3.4700000286102295,3.4700000286102295,3.4700000286102295,300.0
2024-10-25 11:12:00+00:00,GTLB,55.72999954223633,55.72999954223633,55.72999954223633,55.70000076293945,55.70000076293945,746.0
2024-10-25 11:12:00+00:00,HCP,33.685001373291016,33.685001373291016,33.685001373291016,33.68000030517578,33.685001373291016,1741.0
2024-10-25 11:12:00+00:00,HIMX,6.215000152587891,6.215000152587891,6.219200134277344,6.210000038146973,6.219200134277344,4504.0
2024-10-25 11:12:00+00:00,HLIT,14.850000381469727,14.850000381469727,14.850000381469727,14.850000381469727,14.850000381469727,775.0
2024-10-25 11:12:00+00:00,HOLO,3.7200000286102295,3.7200000286102295,3.7200000286102295,3.7100000381469727,3.7100000381469727,2204.0
2024-10-25 11:12:00+00:00,HOOD,27.489999771118164,27.489999771118164,27.489999771118164,27.44499969482422,27.454999923706055,50748.0
2024-10-25 11:12:00+00:00,IBEX,18.219999313354492,18.219999313354492,18.219999313354492,18.219999313354492,18.219999313354492,347.0
2024-10-25 11:12:00+00:00,IMMR,8.791999816894531,8.791999816894531,8.798199653625488,8.791999816894531,8.793399810791016,987.0
2024-10-25 11:12:00+00:00,INDI,3.625,3.625,3.630000114440918,3.619999885559082,3.630000114440918,15237.0
2024-10-25 11:12:00+00:00,INFN,6.795000076293945,6.795000076293945,6.795000076293945,6.795000076293945,6.795000076293945,373.0
2024-10-25 11:12:00+00:00,INSG,19.96500015258789,19.96500015258789,19.96500015258789,19.96500015258789,19.96500015258789,377.0
2024-10-25 11:12:00+00:00,INTC,23.050899505615234,23.050899505615234,23.059999465942383,22.989999771118164,23.010000228881836,280583.0
2024-10-25 11:12:00+00:00,INTU,611.530029296875,611.530029296875,611.530029296875,610.969970703125,610.969970703125,1440.0
2024-10-25 11:12:00+00:00,IPGP,77.0999984741211,77.0999984741211,77.0999984741211,77.0999984741211,77.0999984741211,1586.0
2024-10-25 11:12:00+00:00,KARO,40.095001220703125,40.095001220703125,40.095001220703125,40.0,40.0,3882.0
2024-10-25 11:12:00+00:00,KC,2.7300000190734863,2.7300000190734863,2.7300000190734863,2.7300000190734863,2.7300000190734863,1615.0
2024-10-25 11:12:00+00:00,KLAC,679.739990234375,679.739990234375,679.739990234375,678.3900756835938,678.3900756835938,1013.0
2024-10-25 11:12:00+00:00,KLIC,44.34000015258789,44.34000015258789,44.349998474121094,44.34000015258789,44.349998474121094,782.0
2024-10-25 11:12:00+00:00,KOPN,0.7687000036239624,0.7687000036239624,0.7687000036239624,0.7687000036239624,0.7687000036239624,106.0
2024-10-25 11:12:00+00:00,LINK,4.740099906921387,4.740099906921387,4.789999961853027,4.740099906921387,4.789999961853027,2436.0
2024-10-25 11:12:00+00:00,LITE,64.47000122070312,64.47000122070312,64.52999877929688,64.47000122070312,64.48999786376953,1625.0
2024-10-25 11:12:00+00:00,LOGI,81.23999786376953,81.23999786376953,81.23999786376953,81.2300033569336,81.2300033569336,311.0
2024-10-25 11:12:00+00:00,LRCX,78.66999816894531,78.66999816894531,78.67500305175781,78.54000091552734,78.55000305175781,19491.0
2024-10-25 11:12:00+00:00,LSCC,54.5,54.5,54.5,54.400001525878906,54.400001525878906,8928.0
2024-10-25 11:12:00+00:00,LUNA,1.809999942779541,1.809999942779541,1.8350000381469727,1.809999942779541,1.8309999704360962,6487.0
2024-10-25 11:12:00+00:00,LYFT,13.8149995803833,13.8149995803833,13.819999694824219,13.8100004196167,13.8100004196167,9493.0
2024-10-25 11:12:00+00:00,MAPS,0.8543000221252441,0.8543000221252441,0.8543000221252441,0.8543000221252441,0.8543000221252441,200.0
2024-10-25 11:12:00+00:00,MCHP,77.16999816894531,77.16999816894531,77.19000244140625,77.13999938964844,77.13999938964844,5284.0
2024-10-25 11:12:00+00:00,MDB,266.9049987792969,266.9049987792969,266.95001220703125,266.9049987792969,266.95001220703125,629.0
2024-10-25 11:12:00+00:00,MKTW,0.5924999713897705,0.5924999713897705,0.5924999713897705,0.5911999940872192,0.5911999940872192,5271.0
2024-10-25 11:12:00+00:00,MNDY,300.0,300.0,300.0150146484375,299.70001220703125,299.94000244140625,6739.0
2024-10-25 11:12:00+00:00,MPWR,912.7050170898438,912.7050170898438,912.7050170898438,912.7050170898438,912.7050170898438,231.0
2024-10-25 11:12:00+00:00,MQ,5.315000057220459,5.315000057220459,5.315000057220459,5.315000057220459,5.315000057220459,2642.0
2024-10-25 11:12:00+00:00,MRAM,6.329899787902832,6.329899787902832,6.329999923706055,6.329899787902832,6.329999923706055,269.0
2024-10-25 11:12:00+00:00,MRVL,82.61009979248047,82.61009979248047,82.62000274658203,82.5199966430664,82.52999877929688,34838.0
2024-10-25 11:12:00+00:00,MSFT,431.2699890136719,431.2699890136719,431.2799987792969,430.9700012207031,430.9700012207031,13252.0
2024-10-25 11:12:00+00:00,MSTR,244.5500030517578,244.5500030517578,244.64999389648438,243.39999389648438,243.86000061035156,43095.0
2024-10-25 11:12:00+00:00,MTLS,6.019999980926514,6.019999980926514,6.03000020980835,6.0,6.0,2227.0
2024-10-25 11:12:00+00:00,MTSI,120.19499969482422,120.19499969482422,120.19499969482422,120.11000061035156,120.19499969482422,1127.0
2024-10-25 11:12:00+00:00,MTTR,4.65500020980835,4.65500020980835,4.65500020980835,4.644999980926514,4.644999980926514,14475.0
2024-10-25 11:12:00+00:00,MU,109.41999816894531,109.41999816894531,109.43000030517578,109.33999633789062,109.37000274658203,13500.0
2024-10-25 11:12:00+00:00,MVIS,1.1050000190734863,1.1050000190734863,1.1100000143051147,1.1050000190734863,1.1050000190734863,3000.0
2024-10-25 11:12:00+00:00,MXL,15.319999694824219,15.319999694824219,15.319999694824219,15.3100004196167,15.3149995803833,1329.0
2024-10-25 11:12:00+00:00,NCNO,37.935001373291016,37.935001373291016,37.935001373291016,37.904998779296875,37.904998779296875,2544.0
2024-10-25 11:12:00+00:00,NOVT,173.55999755859375,173.55999755859375,173.55999755859375,173.55999755859375,173.55999755859375,311.0
2024-10-25 11:12:00+00:00,NTAP,120.37999725341797,120.37999725341797,120.37999725341797,120.37999725341797,120.37999725341797,323.0
2024-10-25 11:12:00+00:00,NTNX,62.52000045776367,62.52000045776367,62.52000045776367,62.5,62.5099983215332,1951.0
2024-10-25 11:12:00+00:00,NVDA,143.73890686035156,143.73890686035156,143.74000549316406,143.52000427246094,143.5399932861328,365820.0
2024-10-25 11:12:00+00:00,NVEI,33.529998779296875,33.529998779296875,33.54499816894531,33.529998779296875,33.54499816894531,12768.0
2024-10-25 11:12:00+00:00,NVTS,2.630000114440918,2.630000114440918,2.630000114440918,2.625,2.625,3579.0
2024-10-25 11:12:00+00:00,NXPI,244.3800048828125,244.3800048828125,244.3800048828125,244.36000061035156,244.36000061035156,1340.0
2024-10-25 11:12:00+00:00,OKTA,72.73999786376953,72.73999786376953,72.73999786376953,72.73999786376953,72.73999786376953,772.0
2024-10-25 11:12:00+00:00,ON,71.66000366210938,71.66000366210938,71.68000030517578,71.59500122070312,71.59500122070312,6271.0
2024-10-25 11:12:00+00:00,ONDS,0.8921999931335449,0.8921999931335449,0.8921999931335449,0.8921999931335449,0.8921999931335449,3882.0
2024-10-25 11:12:00+00:00,PANW,370.6900939941406,370.6900939941406,370.7200012207031,370.6900939941406,370.7200012207031,1685.0
2024-10-25 11:12:00+00:00,PAYO,8.324999809265137,8.324999809265137,8.329999923706055,8.324999809265137,8.329999923706055,5040.0
2024-10-25 11:12:00+00:00,PCTY,172.6300048828125,172.6300048828125,172.6300048828125,172.6300048828125,172.6300048828125,389.0
2024-10-25 11:12:00+00:00,PEGA,80.9749984741211,80.9749984741211,81.16470336914062,80.9749984741211,81.16470336914062,1701.0
2024-10-25 11:12:00+00:00,PEGY,4.599999904632568,4.599999904632568,4.599999904632568,4.599999904632568,4.599999904632568,913.0
2024-10-25 11:12:00+00:00,PGY,11.960000038146973,11.960000038146973,11.960000038146973,11.960000038146973,11.960000038146973,255.0
2024-10-25 11:12:00+00:00,PHUN,9.77970027923584,9.77970027923584,9.779999732971191,9.699999809265137,9.720100402832031,32137.0
2024-10-25 11:12:00+00:00,PI,204.22500610351562,204.22500610351562,204.55999755859375,203.63999938964844,204.55999755859375,5015.0
2024-10-25 11:12:00+00:00,PLAB,23.639999389648438,23.639999389648438,23.639999389648438,23.639999389648438,23.639999389648438,819.0
2024-10-25 11:12:00+00:00,PLXS,142.67999267578125,142.67999267578125,142.67999267578125,142.67999267578125,142.67999267578125,137.0
2024-10-25 11:12:00+00:00,PRCH,1.3450000286102295,1.3450000286102295,1.3450000286102295,1.3450000286102295,1.3450000286102295,1633.0
2024-10-25 11:12:00+00:00,PTC,186.55999755859375,186.55999755859375,186.66000366210938,186.5,186.66000366210938,3253.0
2024-10-25 11:12:00+00:00,PXLW,0.7620999813079834,0.7620999813079834,0.7620999813079834,0.7620999813079834,0.7620999813079834,1007.0
2024-10-25 11:12:00+00:00,PYCR,14.34000015258789,14.34000015258789,14.34000015258789,14.34000015258789,14.34000015258789,577.0
2024-10-25 11:12:00+00:00,QCOM,172.85000610351562,172.85000610351562,172.8800048828125,172.6300048828125,172.6300048828125,6615.0
2024-10-25 11:12:00+00:00,QRVO,100.41999816894531,100.41999816894531,100.41999816894531,100.37000274658203,100.375,1785.0
2024-10-25 11:12:00+00:00,RELY,14.729999542236328,14.729999542236328,14.729999542236328,14.720000267028809,14.720000267028809,3010.0
2024-10-25 11:12:00+00:00,RGTI,1.2899999618530273,1.2899999618530273,1.2899999618530273,1.2832000255584717,1.284999966621399,15628.0
2024-10-25 11:12:00+00:00,RIOT,10.14210033416748,10.14210033416748,10.154999732971191,10.132100105285645,10.140000343322754,51333.0
2024-10-25 11:12:00+00:00,RMBS,43.130001068115234,43.130001068115234,43.130001068115234,43.084999084472656,43.11029815673828,2183.0
2024-10-25 11:12:00+00:00,RMNI,1.725000023841858,1.725000023841858,1.725000023841858,1.725000023841858,1.725000023841858,517.0
2024-10-25 11:12:00+00:00,RPAY,7.630000114440918,7.630000114440918,7.630000114440918,7.630000114440918,7.630000114440918,228.0
2024-10-25 11:12:00+00:00,RUM,5.810800075531006,5.810800075531006,5.810800075531006,5.795000076293945,5.795000076293945,2518.0
2024-10-25 11:12:00+00:00,RUN,14.460000038146973,14.460000038146973,14.460000038146973,14.454999923706055,14.454999923706055,4170.0
2024-10-25 11:12:00+00:00,SANM,67.6500015258789,67.6500015258789,67.6500015258789,67.6500015258789,67.6500015258789,343.0
2024-10-25 11:12:00+00:00,SEDG,15.994999885559082,15.994999885559082,16.0,15.979999542236328,15.987099647521973,7538.0
2024-10-25 11:12:00+00:00,SHLS,5.261000156402588,5.261000156402588,5.261000156402588,5.261000156402588,5.261000156402588,1227.0
2024-10-25 11:12:00+00:00,SIMO,57.01499938964844,57.01499938964844,57.09000015258789,57.005001068115234,57.09000015258789,643.0
2024-10-25 11:12:00+00:00,SKYT,10.6899995803833,10.6899995803833,10.6899995803833,10.670000076293945,10.670000076293945,572.0
2024-10-25 11:12:00+00:00,SMCI,47.9364013671875,47.9364013671875,47.939998626708984,47.81010055541992,47.869998931884766,108394.0
2024-10-25 11:12:00+00:00,SMTC,45.63800048828125,45.63800048828125,45.66699981689453,45.63800048828125,45.662899017333984,1294.0
2024-10-25 11:12:00+00:00,SNPS,503.80999755859375,503.80999755859375,504.2117004394531,503.6600036621094,503.6600036621094,3452.0
2024-10-25 11:12:00+00:00,SONM,3.690000057220459,3.690000057220459,3.7100000381469727,3.649899959564209,3.649899959564209,1135.0
2024-10-25 11:12:00+00:00,SONO,12.9350004196167,12.9350004196167,12.9350004196167,12.930000305175781,12.930000305175781,967.0
2024-10-25 11:12:00+00:00,SOUN,5.340000152587891,5.340000152587891,5.340000152587891,5.304999828338623,5.309899806976318,110706.0
2024-10-25 11:12:00+00:00,SPI,0.4259999990463257,0.4259999990463257,0.4259999990463257,0.4259999990463257,0.4259999990463257,374.0
2024-10-25 11:12:00+00:00,SPSC,175.59500122070312,175.59500122070312,175.77000427246094,175.38499450683594,175.72000122070312,4359.0
2024-10-25 11:12:00+00:00,SSNC,69.70500183105469,69.70500183105469,69.75,69.69499969482422,69.72000122070312,5949.0
2024-10-25 11:12:00+00:00,STER,16.73110008239746,16.73110008239746,16.739999771118164,16.729999542236328,16.739999771118164,3462.0
2024-10-25 11:12:00+00:00,STNE,11.515000343322754,11.515000343322754,11.520000457763672,11.515000343322754,11.520000457763672,2128.0
2024-10-25 11:12:00+00:00,STX,104.76000213623047,104.76000213623047,104.77999877929688,104.76000213623047,104.77999877929688,872.0
2024-10-25 11:12:00+00:00,SVRE,0.08209999650716782,0.08209999650716782,0.08209999650716782,0.08209999650716782,0.08209999650716782,601.0
2024-10-25 11:12:00+00:00,SWKS,96.3740005493164,96.3740005493164,96.3740005493164,96.29499816894531,96.29499816894531,2301.0
2024-10-25 11:12:00+00:00,SYNA,73.6449966430664,73.6449966430664,73.73750305175781,73.6449966430664,73.73750305175781,414.0
2024-10-25 11:12:00+00:00,SYTA,1.2599999904632568,1.2599999904632568,1.2698999643325806,1.2599999904632568,1.264299988746643,9888.0
2024-10-25 11:12:00+00:00,TASK,11.90999984741211,11.90999984741211,11.90999984741211,11.90999984741211,11.90999984741211,1056.0
2024-10-25 11:12:00+00:00,TEAM,190.22000122070312,190.22000122070312,190.22000122070312,189.81500244140625,189.81500244140625,7462.0
2024-10-25 11:12:00+00:00,TENB,41.52000045776367,41.52000045776367,41.529998779296875,41.52000045776367,41.529998779296875,594.0
2024-10-25 11:12:00+00:00,TER,113.22000122070312,113.22000122070312,113.22000122070312,112.96499633789062,112.96499633789062,1871.0
2024-10-25 11:12:00+00:00,TLS,3.6549999713897705,3.6549999713897705,3.6549999713897705,3.6549999713897705,3.6549999713897705,300.0
2024-10-25 11:12:00+00:00,TTD,120.08999633789062,120.08999633789062,120.08999633789062,120.05500030517578,120.06999969482422,1025.0
2024-10-25 11:12:00+00:00,TTMI,19.739999771118164,19.739999771118164,19.739999771118164,19.739999771118164,19.739999771118164,185.0
2024-10-25 11:12:00+00:00,TWKS,4.449999809265137,4.449999809265137,4.449999809265137,4.449999809265137,4.449999809265137,10112.0
2024-10-25 11:12:00+00:00,TXN,209.00999450683594,209.00999450683594,209.10000610351562,208.88999938964844,208.89999389648438,5354.0
2024-10-25 11:12:00+00:00,VERB,10.121999740600586,10.121999740600586,10.121999740600586,10.121999740600586,10.121999740600586,200.0
2024-10-25 11:12:00+00:00,VERI,3.442500114440918,3.442500114440918,3.442500114440918,3.442500114440918,3.442500114440918,1257.0
2024-10-25 11:12:00+00:00,VIAV,9.210000038146973,9.210000038146973,9.21500015258789,9.210000038146973,9.210000038146973,5191.0
2024-10-25 11:12:00+00:00,VMEO,4.769999980926514,4.769999980926514,4.78000020980835,4.769999980926514,4.775000095367432,845.0
2024-10-25 11:12:00+00:00,VNET,3.4749999046325684,3.4749999046325684,3.4749999046325684,3.4749999046325684,3.4749999046325684,200.0
2024-10-25 11:12:00+00:00,VRNS,56.8849983215332,56.8849983215332,56.90999984741211,56.849998474121094,56.849998474121094,3417.0
2024-10-25 11:12:00+00:00,VRSN,186.41000366210938,186.41000366210938,186.5399932861328,186.41000366210938,186.44000244140625,732.0
2024-10-25 11:12:00+00:00,VSAT,10.324999809265137,10.324999809265137,10.324999809265137,10.324999809265137,10.324999809265137,1788.0
2024-10-25 11:12:00+00:00,WALD,3.6500000953674316,3.6500000953674316,3.6500000953674316,3.6500000953674316,3.6500000953674316,121.0
2024-10-25 11:12:00+00:00,WDC,72.47000122070312,72.47000122070312,72.58999633789062,72.47000122070312,72.58999633789062,22988.0
2024-10-25 11:12:00+00:00,WISA,1.8300000429153442,1.8300000429153442,1.850000023841858,1.8300000429153442,1.8450000286102295,11205.0
2024-10-25 11:12:00+00:00,WIX,165.75999450683594,165.75999450683594,165.75999450683594,165.75999450683594,165.75999450683594,144.0
2024-10-25 11:12:00+00:00,WRAP,1.8650000095367432,1.8650000095367432,1.8650000095367432,1.8650000095367432,1.8650000095367432,0.0
2024-10-25 11:12:00+00:00,XRX,10.175000190734863,10.175000190734863,10.175000190734863,10.173999786376953,10.173999786376953,668.0
2024-10-25 11:12:00+00:00,ZENV,1.3529000282287598,1.3529000282287598,1.3529000282287598,1.3529000282287598,1.3529000282287598,1012.0
2024-10-25 11:12:00+00:00,ZI,10.555000305175781,10.555000305175781,10.5600004196167,10.555000305175781,10.555000305175781,761.0
2024-10-25 11:12:00+00:00,ZM,73.03009796142578,73.03009796142578,73.03500366210938,73.02200317382812,73.03500366210938,2464.0
2024-10-25 11:12:00+00:00,ZS,186.42999267578125,186.42999267578125,186.6699981689453,186.42999267578125,186.5,3043.0
2024-10-25 11:13:00+00:00,AAOI,18.34000015258789,18.34000015258789,18.360000610351562,18.31999969482422,18.360000610351562,687.0
2024-10-25 11:13:00+00:00,AAPL,232.99549865722656,232.99549865722656,233.0,232.84500122070312,232.88999938964844,58309.0
2024-10-25 11:13:00+00:00,ADI,233.86000061035156,233.86000061035156,233.86000061035156,233.6999969482422,233.6999969482422,3386.0
2024-10-25 11:13:00+00:00,AEHR,16.6299991607666,16.6299991607666,16.6299991607666,16.59000015258789,16.59000015258789,850.0
2024-10-25 11:13:00+00:00,AFRM,41.8849983215332,41.8849983215332,41.88970184326172,41.81999969482422,41.81999969482422,10680.0
2024-10-25 11:13:00+00:00,AGMH,1.8494999408721924,1.8494999408721924,1.8494999408721924,1.8494999408721924,1.8494999408721924,200.0
2024-10-25 11:13:00+00:00,AGYS,112.54000091552734,112.54000091552734,112.54000091552734,112.54000091552734,112.54000091552734,622.0
2024-10-25 11:13:00+00:00,AKAM,103.29000091552734,103.29000091552734,103.29000091552734,103.29000091552734,103.29000091552734,1222.0
2024-10-25 11:13:00+00:00,AKTS,0.0575999990105629,0.0575999990105629,0.0575999990105629,0.0575999990105629,0.0575999990105629,50802.0
2024-10-25 11:13:00+00:00,ALGM,22.729999542236328,22.729999542236328,22.729999542236328,22.729999542236328,22.729999542236328,2774.0
2024-10-25 11:13:00+00:00,ALKT,38.25,38.25,38.25,38.25,38.25,443.0
2024-10-25 11:13:00+00:00,AMAT,188.29539489746094,188.29539489746094,188.3300018310547,188.1649932861328,188.1649932861328,23777.0
2024-10-25 11:13:00+00:00,AMD,157.39990234375,157.39990234375,157.49000549316406,157.3699951171875,157.39999389648438,52145.0
2024-10-25 11:13:00+00:00,ANSS,326.79998779296875,326.79998779296875,326.79998779296875,326.79998779296875,326.79998779296875,552.0
2024-10-25 11:13:00+00:00,ANY,1.0950000286102295,1.0950000286102295,1.0950000286102295,1.0950000286102295,1.0950000286102295,100.0
2024-10-25 11:13:00+00:00,API,2.819999933242798,2.819999933242798,2.819999933242798,2.819999933242798,2.819999933242798,604.0
2024-10-25 11:13:00+00:00,APP,162.3800048828125,162.3800048828125,162.3800048828125,162.24009704589844,162.2899932861328,3154.0
2024-10-25 11:13:00+00:00,ARRY,6.485000133514404,6.485000133514404,6.5,6.474999904632568,6.474999904632568,14053.0
2024-10-25 11:13:00+00:00,ASML,718.8300170898438,718.8300170898438,718.8300170898438,718.739990234375,718.739990234375,1928.0
2024-10-25 11:13:00+00:00,ASYS,5.730000019073486,5.730000019073486,5.730000019073486,5.730000019073486,5.730000019073486,511.0
2024-10-25 11:13:00+00:00,ATOM,3.3264000415802,3.3264000415802,3.3264000415802,3.3264000415802,3.3264000415802,1119.0
2024-10-25 11:13:00+00:00,AUR,6.505899906158447,6.505899906158447,6.509900093078613,6.502900123596191,6.502900123596191,2269.0
2024-10-25 11:13:00+00:00,AVDX,8.229999542236328,8.229999542236328,8.229999542236328,8.225000381469727,8.225000381469727,885.0
2024-10-25 11:13:00+00:00,AVGO,176.14999389648438,176.14999389648438,176.14999389648438,176.00010681152344,176.02000427246094,29687.0
2024-10-25 11:13:00+00:00,AVNW,20.90999984741211,20.90999984741211,20.90999984741211,20.90999984741211,20.90999984741211,361.0
2024-10-25 11:13:00+00:00,AVT,54.36000061035156,54.36000061035156,54.36000061035156,54.36000061035156,54.36000061035156,125.0
2024-10-25 11:13:00+00:00,BASE,16.496400833129883,16.496400833129883,16.496400833129883,16.496400833129883,16.496400833129883,852.0
2024-10-25 11:13:00+00:00,BIGC,5.349999904632568,5.349999904632568,5.349999904632568,5.349999904632568,5.349999904632568,571.0
2024-10-25 11:13:00+00:00,BL,56.494998931884766,56.494998931884766,56.5099983215332,56.494998931884766,56.5099983215332,492.0
2024-10-25 11:13:00+00:00,BRZE,30.829999923706055,30.829999923706055,30.829999923706055,30.829999923706055,30.829999923706055,536.0
2024-10-25 11:13:00+00:00,BSY,49.25,49.25,49.25,49.25,49.25,730.0
2024-10-25 11:13:00+00:00,CAN,1.0,1.0,1.0082000494003296,1.0,1.0049999952316284,16603.0
2024-10-25 11:13:00+00:00,CCSI,20.690000534057617,20.690000534057617,20.690000534057617,20.690000534057617,20.690000534057617,145.0
2024-10-25 11:13:00+00:00,CDNS,259.0799865722656,259.0799865722656,259.17498779296875,259.0799865722656,259.1600036621094,1190.0
2024-10-25 11:13:00+00:00,CDW,218.8249969482422,218.8249969482422,218.8249969482422,218.71499633789062,218.71499633789062,804.0
2024-10-25 11:13:00+00:00,CETX,0.296999990940094,0.296999990940094,0.296999990940094,0.296999990940094,0.296999990940094,3399.0
2024-10-25 11:13:00+00:00,CFLT,22.62019920349121,22.62019920349121,22.649999618530273,22.62019920349121,22.639999389648438,4027.0
2024-10-25 11:13:00+00:00,CGNX,39.099998474121094,39.099998474121094,39.099998474121094,39.099998474121094,39.099998474121094,610.0
2024-10-25 11:13:00+00:00,CHKP,207.31500244140625,207.31500244140625,207.31500244140625,207.31500244140625,207.31500244140625,881.0
2024-10-25 11:13:00+00:00,CLFD,36.61000061035156,36.61000061035156,36.61000061035156,36.59000015258789,36.599998474121094,1978.0
2024-10-25 11:13:00+00:00,CLSK,12.14050006866455,12.14050006866455,12.170000076293945,12.14050006866455,12.149999618530273,26490.0
2024-10-25 11:13:00+00:00,CMTL,3.7200000286102295,3.7200000286102295,3.7200000286102295,3.7200000286102295,3.7200000286102295,200.0
2024-10-25 11:13:00+00:00,CNXC,44.95000076293945,44.95000076293945,44.95000076293945,44.95000076293945,44.95000076293945,559.0
2024-10-25 11:13:00+00:00,COIN,212.75540161132812,212.75540161132812,212.80999755859375,212.63600158691406,212.63600158691406,10121.0
2024-10-25 11:13:00+00:00,COMM,6.394999980926514,6.394999980926514,6.394999980926514,6.394999980926514,6.394999980926514,1431.0
2024-10-25 11:13:00+00:00,CORZ,13.425000190734863,13.425000190734863,13.449999809265137,13.425000190734863,13.449999809265137,15774.0
2024-10-25 11:13:00+00:00,CORZW,7.880000114440918,7.880000114440918,7.880000114440918,7.880000114440918,7.880000114440918,473.0
2024-10-25 11:13:00+00:00,CRDO,39.439998626708984,39.439998626708984,39.439998626708984,39.415000915527344,39.415000915527344,1426.0
2024-10-25 11:13:00+00:00,CRNC,2.9049999713897705,2.9049999713897705,2.9100000858306885,2.9042999744415283,2.9100000858306885,771.0
2024-10-25 11:13:00+00:00,CRSR,6.440000057220459,6.440000057220459,6.449999809265137,6.429999828338623,6.449999809265137,2764.0
2024-10-25 11:13:00+00:00,CRWD,309.57000732421875,309.57000732421875,309.7099914550781,309.41009521484375,309.7099914550781,1510.0
2024-10-25 11:13:00+00:00,CSCO,56.11000061035156,56.11000061035156,56.11000061035156,56.04100036621094,56.05500030517578,25826.0
2024-10-25 11:13:00+00:00,CSIQ,13.720000267028809,13.720000267028809,13.73490047454834,13.711999893188477,13.720000267028809,2501.0
2024-10-25 11:13:00+00:00,CTLP,9.060099601745605,9.060099601745605,9.060099601745605,9.060099601745605,9.060099601745605,418.0
2024-10-25 11:13:00+00:00,CTSH,74.77999877929688,74.77999877929688,74.80999755859375,74.77999877929688,74.80999755859375,2724.0
2024-10-25 11:13:00+00:00,CYBR,294.177490234375,294.177490234375,294.177490234375,294.177490234375,294.177490234375,203.0
2024-10-25 11:13:00+00:00,DBX,26.040000915527344,26.040000915527344,26.040000915527344,26.03499984741211,26.040000915527344,4306.0
2024-10-25 11:13:00+00:00,DDOG,127.23999786376953,127.23999786376953,127.2750015258789,127.20999908447266,127.20999908447266,7201.0
2024-10-25 11:13:00+00:00,DOCU,70.5250015258789,70.5250015258789,70.63999938964844,70.51000213623047,70.55999755859375,10638.0
2024-10-25 11:13:00+00:00,DOX,89.86000061035156,89.86000061035156,89.86000061035156,89.86000061035156,89.86000061035156,318.0
2024-10-25 11:13:00+00:00,EEFT,101.5,101.5,101.5,101.5,101.5,507.0
2024-10-25 11:13:00+00:00,ENPH,82.79499816894531,82.79499816894531,82.82949829101562,82.66000366210938,82.66500091552734,4745.0
2024-10-25 11:13:00+00:00,ENTG,105.58000183105469,105.58000183105469,105.58000183105469,105.45929718017578,105.45929718017578,1121.0
2024-10-25 11:13:00+00:00,ERIC,8.53499984741211,8.53499984741211,8.53499984741211,8.53499984741211,8.53499984741211,6987.0
2024-10-25 11:13:00+00:00,EXLS,38.959999084472656,38.959999084472656,38.959999084472656,38.959999084472656,38.959999084472656,351.0
2024-10-25 11:13:00+00:00,EXTR,14.520000457763672,14.520000457763672,14.520000457763672,14.510000228881836,14.510000228881836,947.0
2024-10-25 11:13:00+00:00,FEIM,12.279999732971191,12.279999732971191,12.279999732971191,12.279999732971191,12.279999732971191,0.0
2024-10-25 11:13:00+00:00,FFIV,216.25999450683594,216.25999450683594,216.25999450683594,216.25999450683594,216.25999450683594,403.0
2024-10-25 11:13:00+00:00,FIVN,30.53499984741211,30.53499984741211,30.549999237060547,30.53499984741211,30.549999237060547,933.0
2024-10-25 11:13:00+00:00,FLEX,35.5,35.5,35.5,35.4900016784668,35.4900016784668,1045.0
2024-10-25 11:13:00+00:00,FLYW,17.559999465942383,17.559999465942383,17.56999969482422,17.559999465942383,17.56999969482422,1577.0
2024-10-25 11:13:00+00:00,FORM,45.29999923706055,45.29999923706055,45.29999923706055,45.29999923706055,45.29999923706055,244.0
2024-10-25 11:13:00+00:00,FROG,29.450000762939453,29.450000762939453,29.459999084472656,29.450000762939453,29.459999084472656,898.0
2024-10-25 11:13:00+00:00,FRSH,11.725000381469727,11.725000381469727,11.725000381469727,11.720000267028809,11.720000267028809,1707.0
2024-10-25 11:13:00+00:00,FSLR,199.5399932861328,199.5399932861328,199.5500030517578,199.4199981689453,199.5500030517578,1553.0
2024-10-25 11:13:00+00:00,FTNT,81.44999694824219,81.44999694824219,81.472900390625,81.44999694824219,81.47000122070312,2919.0
2024-10-25 11:13:00+00:00,GCT,25.260000228881836,25.260000228881836,25.329999923706055,25.260000228881836,25.329999923706055,4061.0
2024-10-25 11:13:00+00:00,GDS,21.639999389648438,21.639999389648438,21.639999389648438,21.639999389648438,21.639999389648438,125.0
2024-10-25 11:13:00+00:00,GFS,41.34000015258789,41.34000015258789,41.34000015258789,41.314998626708984,41.314998626708984,1341.0
2024-10-25 11:13:00+00:00,GPRO,1.340000033378601,1.340000033378601,1.340000033378601,1.340000033378601,1.340000033378601,506.0
2024-10-25 11:13:00+00:00,GRAB,4.087399959564209,4.087399959564209,4.090000152587891,4.084000110626221,4.085000038146973,8866.0
2024-10-25 11:13:00+00:00,GRRR,4.578000068664551,4.578000068664551,4.578000068664551,4.559999942779541,4.559999942779541,6376.0
2024-10-25 11:13:00+00:00,GSIT,3.4600000381469727,3.4600000381469727,3.4612998962402344,3.4600000381469727,3.4612998962402344,550.0
2024-10-25 11:13:00+00:00,GTLB,55.744998931884766,55.744998931884766,55.744998931884766,55.71500015258789,55.744998931884766,730.0
2024-10-25 11:13:00+00:00,HCP,33.685001373291016,33.685001373291016,33.685001373291016,33.685001373291016,33.685001373291016,1218.0
2024-10-25 11:13:00+00:00,HIMX,6.215000152587891,6.215000152587891,6.21619987487793,6.215000152587891,6.215000152587891,2653.0
2024-10-25 11:13:00+00:00,HLIT,14.850000381469727,14.850000381469727,14.850000381469727,14.850000381469727,14.850000381469727,386.0
2024-10-25 11:13:00+00:00,HOLO,3.7100000381469727,3.7100000381469727,3.7200000286102295,3.7100000381469727,3.7200000286102295,8024.0
2024-10-25 11:13:00+00:00,HOOD,27.549999237060547,27.549999237060547,27.549999237060547,27.5,27.5,13634.0
2024-10-25 11:13:00+00:00,IBEX,18.239999771118164,18.239999771118164,18.239999771118164,18.239999771118164,18.239999771118164,73.0
2024-10-25 11:13:00+00:00,ICHR,28.03499984741211,28.03499984741211,28.059999465942383,28.03499984741211,28.059999465942383,488.0
2024-10-25 11:13:00+00:00,IMMR,8.795999526977539,8.795999526977539,8.795999526977539,8.795999526977539,8.795999526977539,328.0
2024-10-25 11:13:00+00:00,IMXI,17.770000457763672,17.770000457763672,17.770000457763672,17.770000457763672,17.770000457763672,412.0
2024-10-25 11:13:00+00:00,INDI,3.624500036239624,3.624500036239624,3.625,3.624500036239624,3.625,1844.0
2024-10-25 11:13:00+00:00,INOD,19.950000762939453,19.950000762939453,19.950000762939453,19.950000762939453,19.950000762939453,624.0
2024-10-25 11:13:00+00:00,INSG,20.099899291992188,20.099899291992188,20.099899291992188,20.099899291992188,20.099899291992188,559.0
2024-10-25 11:13:00+00:00,INTC,23.084999084472656,23.084999084472656,23.09000015258789,23.053800582885742,23.059999465942383,143342.0
2024-10-25 11:13:00+00:00,INTU,611.3300170898438,611.3300170898438,611.72998046875,611.3300170898438,611.72998046875,445.0
2024-10-25 11:13:00+00:00,IPGP,77.16000366210938,77.16000366210938,77.16000366210938,77.16000366210938,77.16000366210938,300.0
2024-10-25 11:13:00+00:00,ITI,7.195000171661377,7.195000171661377,7.195000171661377,7.195000171661377,7.195000171661377,202.0
2024-10-25 11:13:00+00:00,ITRI,103.23999786376953,103.23999786376953,103.23999786376953,103.23999786376953,103.23999786376953,419.0
2024-10-25 11:13:00+00:00,JKHY,184.25,184.25,184.25,184.25,184.25,1527.0
2024-10-25 11:13:00+00:00,KARO,40.095001220703125,40.095001220703125,40.095001220703125,40.02000045776367,40.02000045776367,999.0
2024-10-25 11:13:00+00:00,KC,2.7300000190734863,2.7300000190734863,2.7300000190734863,2.7260000705718994,2.7300000190734863,2795.0
2024-10-25 11:13:00+00:00,KLAC,679.97998046875,679.97998046875,679.97998046875,679.97998046875,679.97998046875,701.0
2024-10-25 11:13:00+00:00,KOSS,7.460000038146973,7.460000038146973,7.490099906921387,7.441699981689453,7.489999771118164,9615.0
2024-10-25 11:13:00+00:00,LINK,4.800000190734863,4.800000190734863,4.853600025177002,4.769999980926514,4.789999961853027,4376.0
2024-10-25 11:13:00+00:00,LITE,64.54000091552734,64.54000091552734,64.54000091552734,64.54000091552734,64.54000091552734,591.0
2024-10-25 11:13:00+00:00,LOGI,81.19999694824219,81.19999694824219,81.23999786376953,81.19999694824219,81.23999786376953,2122.0
2024-10-25 11:13:00+00:00,LRCX,78.7300033569336,78.7300033569336,78.73999786376953,78.68000030517578,78.68000030517578,9246.0
2024-10-25 11:13:00+00:00,LSCC,54.52000045776367,54.52000045776367,54.52000045776367,54.52000045776367,54.52000045776367,2339.0
2024-10-25 11:13:00+00:00,LYFT,13.8149995803833,13.8149995803833,13.819999694824219,13.8100004196167,13.819700241088867,4110.0
2024-10-25 11:13:00+00:00,MANH,275.5799865722656,275.5799865722656,275.5799865722656,275.3399963378906,275.5799865722656,1706.0
2024-10-25 11:13:00+00:00,MAPS,0.8543000221252441,0.8543000221252441,0.8543000221252441,0.8543000221252441,0.8543000221252441,21.0
2024-10-25 11:13:00+00:00,MCHP,77.22689819335938,77.22689819335938,77.22689819335938,77.19999694824219,77.19999694824219,2691.0
2024-10-25 11:13:00+00:00,MDB,267.1199951171875,267.1199951171875,267.2200012207031,266.67999267578125,266.67999267578125,2182.0
2024-10-25 11:13:00+00:00,MKSI,100.70999908447266,100.70999908447266,100.80000305175781,100.70500183105469,100.80000305175781,7185.0
2024-10-25 11:13:00+00:00,MNDY,299.9914855957031,299.9914855957031,299.9914855957031,299.9914855957031,299.9914855957031,765.0
2024-10-25 11:13:00+00:00,MPWR,913.6400146484375,913.6400146484375,914.1799926757812,913.6400146484375,913.9400024414062,1478.0
2024-10-25 11:13:00+00:00,MQ,5.315000057220459,5.315000057220459,5.315000057220459,5.315000057220459,5.315000057220459,426.0
2024-10-25 11:13:00+00:00,MRAM,6.337500095367432,6.337500095367432,6.337500095367432,6.337500095367432,6.337500095367432,200.0
2024-10-25 11:13:00+00:00,MRIN,2.1231000423431396,2.1231000423431396,2.1231000423431396,2.1231000423431396,2.1231000423431396,317.0
2024-10-25 11:13:00+00:00,MRVL,82.70999908447266,82.70999908447266,82.76000213623047,82.62999725341797,82.62999725341797,23577.0
2024-10-25 11:13:00+00:00,MSFT,431.32000732421875,431.32000732421875,431.3500061035156,431.2200927734375,431.30999755859375,27076.0
2024-10-25 11:13:00+00:00,MSTR,244.5032958984375,244.5032958984375,244.75,244.27000427246094,244.58009338378906,27565.0
2024-10-25 11:13:00+00:00,MTC,0.3747999966144562,0.3747999966144562,0.37540000677108765,0.37389999628067017,0.37389999628067017,13542.0
2024-10-25 11:13:00+00:00,MTLS,6.014999866485596,6.014999866485596,6.019999980926514,6.014999866485596,6.019999980926514,5013.0
2024-10-25 11:13:00+00:00,MTSI,120.30500030517578,120.30500030517578,120.3375015258789,120.30500030517578,120.3375015258789,6090.0
2024-10-25 11:13:00+00:00,MU,109.42500305175781,109.42500305175781,109.46499633789062,109.41000366210938,109.44000244140625,10461.0
2024-10-25 11:13:00+00:00,MVIS,1.1100000143051147,1.1100000143051147,1.1100000143051147,1.1050000190734863,1.1050000190734863,1994.0
2024-10-25 11:13:00+00:00,MXL,15.32800006866455,15.32800006866455,15.34000015258789,15.3100004196167,15.329999923706055,4919.0
2024-10-25 11:13:00+00:00,MYSZ,1.6399999856948853,1.6399999856948853,1.659999966621399,1.6399999856948853,1.659999966621399,1015.0
2024-10-25 11:13:00+00:00,NCNO,37.935001373291016,37.935001373291016,37.935001373291016,37.935001373291016,37.935001373291016,166.0
2024-10-25 11:13:00+00:00,NEON,8.100000381469727,8.100000381469727,8.100000381469727,8.100000381469727,8.100000381469727,281.0
2024-10-25 11:13:00+00:00,NICE,176.52999877929688,176.52999877929688,176.5399932861328,176.52999877929688,176.5399932861328,542.0
2024-10-25 11:13:00+00:00,NNDM,2.3499999046325684,2.3499999046325684,2.3499999046325684,2.3499999046325684,2.3499999046325684,2409.0
2024-10-25 11:13:00+00:00,NSIT,209.44500732421875,209.44500732421875,209.44500732421875,209.44500732421875,209.44500732421875,176.0
2024-10-25 11:13:00+00:00,NTAP,120.37999725341797,120.37999725341797,120.37999725341797,120.37999725341797,120.37999725341797,549.0
2024-10-25 11:13:00+00:00,NTGR,20.43000030517578,20.43000030517578,20.43000030517578,20.43000030517578,20.43000030517578,503.0
2024-10-25 11:13:00+00:00,NTNX,62.51499938964844,62.51499938964844,62.51499938964844,62.51499938964844,62.51499938964844,1278.0
2024-10-25 11:13:00+00:00,NVDA,143.7899932861328,143.7899932861328,143.7899932861328,143.6999969482422,143.74000549316406,631020.0
2024-10-25 11:13:00+00:00,NVEI,33.525001525878906,33.525001525878906,33.525001525878906,33.525001525878906,33.525001525878906,962.0
2024-10-25 11:13:00+00:00,NVTS,2.634999990463257,2.634999990463257,2.635999917984009,2.6322999000549316,2.6322999000549316,9619.0
2024-10-25 11:13:00+00:00,NXPI,244.66000366210938,244.66000366210938,244.66000366210938,244.50999450683594,244.50999450683594,3818.0
2024-10-25 11:13:00+00:00,OKTA,72.75,72.75,72.75,72.7300033569336,72.7300033569336,1118.0
2024-10-25 11:13:00+00:00,OLED,203.82000732421875,203.82000732421875,203.82000732421875,203.82000732421875,203.82000732421875,655.0
2024-10-25 11:13:00+00:00,ON,71.83000183105469,71.83000183105469,71.83000183105469,71.6803970336914,71.69000244140625,15525.0
2024-10-25 11:13:00+00:00,OSPN,14.710000038146973,14.710000038146973,14.710000038146973,14.6899995803833,14.6899995803833,1094.0
2024-10-25 11:13:00+00:00,OTEX,33.470001220703125,33.470001220703125,33.470001220703125,33.470001220703125,33.470001220703125,20.0
2024-10-25 11:13:00+00:00,PANW,370.79998779296875,370.79998779296875,370.9849853515625,370.79998779296875,370.9849853515625,3200.0
2024-10-25 11:13:00+00:00,PAYO,8.324999809265137,8.324999809265137,8.324999809265137,8.324999809265137,8.324999809265137,1177.0
2024-10-25 11:13:00+00:00,PEGA,81.03500366210938,81.03500366210938,81.08999633789062,81.03500366210938,81.08999633789062,2269.0
2024-10-25 11:13:00+00:00,PEGY,4.599999904632568,4.599999904632568,4.599999904632568,4.599999904632568,4.599999904632568,3364.0
2024-10-25 11:13:00+00:00,PET,0.800000011920929,0.800000011920929,0.800000011920929,0.800000011920929,0.800000011920929,200.0
2024-10-25 11:13:00+00:00,PGY,11.970000267028809,11.970000267028809,11.975000381469727,11.970000267028809,11.970000267028809,5587.0
2024-10-25 11:13:00+00:00,PHUN,9.801199913024902,9.801199913024902,9.839799880981445,9.779999732971191,9.779999732971191,35301.0
2024-10-25 11:13:00+00:00,PI,204.41000366210938,204.41000366210938,204.4499969482422,204.19000244140625,204.25999450683594,4751.0
2024-10-25 11:13:00+00:00,PLXS,142.75,142.75,142.8000030517578,142.60000610351562,142.8000030517578,1364.0
2024-10-25 11:13:00+00:00,POET,3.9999001026153564,3.9999001026153564,4.005000114440918,3.994800090789795,4.005000114440918,3274.0
2024-10-25 11:13:00+00:00,PTC,186.52999877929688,186.52999877929688,186.52999877929688,186.52999877929688,186.52999877929688,304.0
2024-10-25 11:13:00+00:00,PYCR,14.324999809265137,14.324999809265137,14.335000038146973,14.324999809265137,14.335000038146973,957.0
2024-10-25 11:13:00+00:00,QCOM,172.82000732421875,172.82000732421875,172.9550018310547,172.82000732421875,172.88499450683594,5491.0
2024-10-25 11:13:00+00:00,QRVO,100.41999816894531,100.41999816894531,100.44999694824219,100.41999816894531,100.41999816894531,1666.0
2024-10-25 11:13:00+00:00,QUBT,1.1050000190734863,1.1050000190734863,1.1100000143051147,1.100000023841858,1.1088999509811401,4845.0
2024-10-25 11:13:00+00:00,RCAT,2.744999885559082,2.744999885559082,2.744999885559082,2.744999885559082,2.744999885559082,249.0
2024-10-25 11:13:00+00:00,REKR,1.100000023841858,1.100000023841858,1.100000023841858,1.100000023841858,1.100000023841858,203.0
2024-10-25 11:13:00+00:00,RELY,14.75,14.75,14.760000228881836,14.729999542236328,14.729999542236328,3533.0
2024-10-25 11:13:00+00:00,RGTI,1.2991000413894653,1.2991000413894653,1.2999999523162842,1.284999966621399,1.284999966621399,18404.0
2024-10-25 11:13:00+00:00,RIOT,10.160200119018555,10.160200119018555,10.170000076293945,10.149999618530273,10.149999618530273,20986.0
2024-10-25 11:13:00+00:00,RMBS,43.150001525878906,43.150001525878906,43.150001525878906,43.150001525878906,43.150001525878906,806.0
2024-10-25 11:13:00+00:00,RPAY,7.635000228881836,7.635000228881836,7.635000228881836,7.630000114440918,7.630000114440918,1144.0
2024-10-25 11:13:00+00:00,RUM,5.809999942779541,5.809999942779541,5.820000171661377,5.809999942779541,5.820000171661377,3592.0
2024-10-25 11:13:00+00:00,RUN,14.46030044555664,14.46030044555664,14.489999771118164,14.460000038146973,14.470000267028809,7014.0
2024-10-25 11:13:00+00:00,RXT,2.575000047683716,2.575000047683716,2.575000047683716,2.575000047683716,2.575000047683716,538.0
2024-10-25 11:13:00+00:00,SANM,67.63999938964844,67.63999938964844,67.6500015258789,67.63999938964844,67.6500015258789,870.0
2024-10-25 11:13:00+00:00,SATS,25.344999313354492,25.344999313354492,25.344999313354492,25.344999313354492,25.344999313354492,712.0
2024-10-25 11:13:00+00:00,SEDG,16.030000686645508,16.030000686645508,16.05500030517578,16.0,16.0,12736.0
2024-10-25 11:13:00+00:00,SHLS,5.265999794006348,5.265999794006348,5.265999794006348,5.264999866485596,5.264999866485596,3398.0
2024-10-25 11:13:00+00:00,SIMO,57.029998779296875,57.029998779296875,57.029998779296875,57.02000045776367,57.02000045776367,1020.0
2024-10-25 11:13:00+00:00,SKYT,10.699999809265137,10.699999809265137,10.699999809265137,10.699999809265137,10.699999809265137,502.0
2024-10-25 11:13:00+00:00,SLNHP,13.210000038146973,13.210000038146973,13.210000038146973,13.210000038146973,13.210000038146973,100.0
2024-10-25 11:13:00+00:00,SMCI,47.929901123046875,47.929901123046875,47.97380065917969,47.88999938964844,47.933998107910156,65311.0
2024-10-25 11:13:00+00:00,SMTC,45.62900161743164,45.62900161743164,45.67499923706055,45.62900161743164,45.67499923706055,1698.0
2024-10-25 11:13:00+00:00,SONM,3.69569993019104,3.69569993019104,3.697999954223633,3.5999999046325684,3.697999954223633,2134.0
2024-10-25 11:13:00+00:00,SONO,12.9399995803833,12.9399995803833,12.9399995803833,12.9399995803833,12.9399995803833,706.0
2024-10-25 11:13:00+00:00,SOTK,4.422599792480469,4.422599792480469,4.422599792480469,4.409999847412109,4.409999847412109,0.0
2024-10-25 11:13:00+00:00,SOUN,5.364999771118164,5.364999771118164,5.369999885559082,5.34499979019165,5.34499979019165,56618.0
2024-10-25 11:13:00+00:00,SPI,0.42590001225471497,0.42590001225471497,0.42590001225471497,0.42590001225471497,0.42590001225471497,139.0
2024-10-25 11:13:00+00:00,SPSC,175.47000122070312,175.47000122070312,175.72000122070312,175.27999877929688,175.59500122070312,3603.0
2024-10-25 11:13:00+00:00,SPT,27.367799758911133,27.367799758911133,27.367799758911133,27.367799758911133,27.367799758911133,222.0
2024-10-25 11:13:00+00:00,SRAD,12.390000343322754,12.390000343322754,12.390000343322754,12.390000343322754,12.390000343322754,353.0
2024-10-25 11:13:00+00:00,SSNC,69.7699966430664,69.7699966430664,69.7699966430664,69.69000244140625,69.69999694824219,7824.0
2024-10-25 11:13:00+00:00,STNE,11.510000228881836,11.510000228881836,11.529999732971191,11.510000228881836,11.520000457763672,11074.0
2024-10-25 11:13:00+00:00,STX,104.77999877929688,104.77999877929688,104.82330322265625,104.76000213623047,104.76000213623047,1767.0
2024-10-25 11:13:00+00:00,SVRE,0.08209999650716782,0.08209999650716782,0.08209999650716782,0.0820000022649765,0.08209999650716782,2296.0
2024-10-25 11:13:00+00:00,SWKS,96.45999908447266,96.45999908447266,96.45999908447266,96.38500213623047,96.41000366210938,1629.0
2024-10-25 11:13:00+00:00,SYTA,1.264299988746643,1.264299988746643,1.264299988746643,1.264299988746643,1.264299988746643,1104.0
2024-10-25 11:13:00+00:00,TENB,41.599998474121094,41.599998474121094,41.599998474121094,41.52000045776367,41.52000045776367,1996.0
2024-10-25 11:13:00+00:00,TER,113.33999633789062,113.33999633789062,113.37999725341797,113.26000213623047,113.26000213623047,4495.0
2024-10-25 11:13:00+00:00,TRMB,61.150001525878906,61.150001525878906,61.16999816894531,61.150001525878906,61.16999816894531,268.0
2024-10-25 11:13:00+00:00,TTD,120.1447982788086,120.1447982788086,120.22000122070312,120.11000061035156,120.11000061035156,3053.0
2024-10-25 11:13:00+00:00,TTMI,19.739999771118164,19.739999771118164,19.739999771118164,19.739999771118164,19.739999771118164,106.0
2024-10-25 11:13:00+00:00,TWKS,4.449999809265137,4.449999809265137,4.460000038146973,4.449999809265137,4.460000038146973,1664.0
2024-10-25 11:13:00+00:00,TXN,209.10000610351562,209.10000610351562,209.1024932861328,209.03700256347656,209.0850067138672,3332.0
2024-10-25 11:13:00+00:00,UCTT,35.97999954223633,35.97999954223633,35.9900016784668,35.97999954223633,35.9900016784668,1004.0
2024-10-25 11:13:00+00:00,VECO,29.575000762939453,29.575000762939453,29.575000762939453,29.56999969482422,29.56999969482422,323.0
2024-10-25 11:13:00+00:00,VERB,10.168000221252441,10.168000221252441,10.168000221252441,10.168000221252441,10.168000221252441,1157.0
2024-10-25 11:13:00+00:00,VERI,3.4600000381469727,3.4600000381469727,3.4600000381469727,3.4600000381469727,3.4600000381469727,512.0
2024-10-25 11:13:00+00:00,VICR,47.439998626708984,47.439998626708984,47.439998626708984,47.38999938964844,47.41999816894531,2420.0
2024-10-25 11:13:00+00:00,VNET,3.4700000286102295,3.4700000286102295,3.4700000286102295,3.4700000286102295,3.4700000286102295,327.0
2024-10-25 11:13:00+00:00,VRNS,56.91999816894531,56.91999816894531,56.91999816894531,56.869998931884766,56.87379837036133,1025.0
2024-10-25 11:13:00+00:00,VRNT,22.329999923706055,22.329999923706055,22.329999923706055,22.329999923706055,22.329999923706055,221.0
2024-10-25 11:13:00+00:00,VRSN,186.48500061035156,186.48500061035156,186.5850067138672,186.4199981689453,186.4199981689453,1071.0
2024-10-25 11:13:00+00:00,WDAY,240.2899932861328,240.2899932861328,240.2899932861328,240.2899932861328,240.2899932861328,1866.0
2024-10-25 11:13:00+00:00,WDC,72.55999755859375,72.55999755859375,72.56500244140625,72.47000122070312,72.5,15687.0
2024-10-25 11:13:00+00:00,WISA,1.840000033378601,1.840000033378601,1.840000033378601,1.8300000429153442,1.8300000429153442,14268.0
2024-10-25 11:13:00+00:00,WIX,165.80999755859375,165.80999755859375,165.80999755859375,165.80999755859375,165.80999755859375,294.0
2024-10-25 11:13:00+00:00,XRX,10.170000076293945,10.170000076293945,10.175000190734863,10.170000076293945,10.175000190734863,2771.0
2024-10-25 11:13:00+00:00,ZI,10.550000190734863,10.550000190734863,10.5600004196167,10.550000190734863,10.5600004196167,2238.0
2024-10-25 11:13:00+00:00,ZM,73.06999969482422,73.06999969482422,73.06999969482422,73.03500366210938,73.03500366210938,2528.0
2024-10-25 11:13:00+00:00,ZS,186.33999633789062,186.33999633789062,186.42999267578125,186.33999633789062,186.42999267578125,718.0
2024-10-25 11:14:00+00:00,AAOI,18.3700008392334,18.3700008392334,18.3700008392334,18.354999542236328,18.354999542236328,783.0
2024-10-25 11:14:00+00:00,AAPL,232.97000122070312,232.97000122070312,232.98500061035156,232.91000366210938,232.97000122070312,24346.0
2024-10-25 11:14:00+00:00,ACIW,49.040000915527344,49.040000915527344,49.040000915527344,49.040000915527344,49.040000915527344,589.0
2024-10-25 11:14:00+00:00,ACMR,19.929899215698242,19.929899215698242,19.929899215698242,19.929899215698242,19.929899215698242,304.0
2024-10-25 11:14:00+00:00,ADBE,484.18499755859375,484.18499755859375,484.239990234375,484.0199890136719,484.0400085449219,3326.0
2024-10-25 11:14:00+00:00,ADTN,6.385000228881836,6.385000228881836,6.385000228881836,6.385000228881836,6.385000228881836,164.0
2024-10-25 11:14:00+00:00,AEHR,16.605199813842773,16.605199813842773,16.639699935913086,16.605199813842773,16.6299991607666,1443.0
2024-10-25 11:14:00+00:00,AEYE,23.295000076293945,23.295000076293945,23.295000076293945,23.295000076293945,23.295000076293945,246.0
2024-10-25 11:14:00+00:00,AFRM,41.89500045776367,41.89500045776367,41.9098014831543,41.88600158691406,41.9098014831543,3358.0
2024-10-25 11:14:00+00:00,AGMH,1.809999942779541,1.809999942779541,1.809999942779541,1.809999942779541,1.809999942779541,500.0
2024-10-25 11:14:00+00:00,AKAM,103.25,103.25,103.25,103.25,103.25,496.0
2024-10-25 11:14:00+00:00,AKTS,0.0575999990105629,0.0575999990105629,0.0575999990105629,0.0575999990105629,0.0575999990105629,6001.0
2024-10-25 11:14:00+00:00,ALGM,22.739999771118164,22.739999771118164,22.739999771118164,22.739999771118164,22.739999771118164,321.0
2024-10-25 11:14:00+00:00,ALRM,54.790000915527344,54.790000915527344,54.790000915527344,54.779998779296875,54.790000915527344,1813.0
2024-10-25 11:14:00+00:00,ALTR,105.49500274658203,105.49500274658203,105.63999938964844,105.49500274658203,105.49500274658203,548.0
2024-10-25 11:14:00+00:00,AMAT,188.2180938720703,188.2180938720703,188.30059814453125,188.17999267578125,188.27000427246094,6933.0
2024-10-25 11:14:00+00:00,AMD,157.47999572753906,157.47999572753906,157.50999450683594,157.389404296875,157.3990020751953,1318763.0
2024-10-25 11:14:00+00:00,AMKR,30.079999923706055,30.079999923706055,30.079999923706055,30.07990074157715,30.07990074157715,3316.0
2024-10-25 11:14:00+00:00,ANSS,326.9700012207031,326.9700012207031,326.9700012207031,326.8999938964844,326.8999938964844,835.0
2024-10-25 11:14:00+00:00,ANY,1.090000033378601,1.090000033378601,1.090000033378601,1.090000033378601,1.090000033378601,100.0
2024-10-25 11:14:00+00:00,AOSL,36.630001068115234,36.630001068115234,36.689998626708984,36.630001068115234,36.689998626708984,269.0
2024-10-25 11:14:00+00:00,API,2.809999942779541,2.809999942779541,2.809999942779541,2.809999942779541,2.809999942779541,520.0
2024-10-25 11:14:00+00:00,APP,162.24000549316406,162.24000549316406,162.38999938964844,162.24000549316406,162.37969970703125,2791.0
2024-10-25 11:14:00+00:00,APPF,215.7899932861328,215.7899932861328,216.0500030517578,215.7899932861328,216.0500030517578,922.0
2024-10-25 11:14:00+00:00,ARQQ,7.25,7.25,7.25,7.25,7.25,1642.0
2024-10-25 11:14:00+00:00,ARRY,6.474999904632568,6.474999904632568,6.485000133514404,6.474999904632568,6.484399795532227,6481.0
2024-10-25 11:14:00+00:00,ASML,718.760009765625,718.760009765625,719.135009765625,718.760009765625,718.8200073242188,8252.0
2024-10-25 11:14:00+00:00,ASUR,9.739999771118164,9.739999771118164,9.739999771118164,9.739999771118164,9.739999771118164,211.0
2024-10-25 11:14:00+00:00,AUR,6.505000114440918,6.505000114440918,6.510000228881836,6.505000114440918,6.510000228881836,1986.0
2024-10-25 11:14:00+00:00,AVDX,8.225000381469727,8.225000381469727,8.229999542236328,8.225000381469727,8.229999542236328,715.0
2024-10-25 11:14:00+00:00,AVGO,176.08999633789062,176.08999633789062,176.17999267578125,176.08999633789062,176.1300048828125,17988.0
2024-10-25 11:14:00+00:00,AVT,54.36000061035156,54.36000061035156,54.36000061035156,54.36000061035156,54.36000061035156,587.0
2024-10-25 11:14:00+00:00,BIGC,5.355000019073486,5.355000019073486,5.355000019073486,5.355000019073486,5.355000019073486,157.0
2024-10-25 11:14:00+00:00,BMBL,7.295000076293945,7.295000076293945,7.295000076293945,7.295000076293945,7.295000076293945,455.0
2024-10-25 11:14:00+00:00,BRZE,30.81999969482422,30.81999969482422,30.81999969482422,30.81999969482422,30.81999969482422,590.0
2024-10-25 11:14:00+00:00,CAN,1.0,1.0,1.0096999406814575,1.0,1.0049999952316284,4221.0
2024-10-25 11:14:00+00:00,CDNS,259.04998779296875,259.04998779296875,259.05999755859375,258.9200134277344,259.05999755859375,3459.0
2024-10-25 11:14:00+00:00,CDW,218.59750366210938,218.59750366210938,218.59750366210938,218.52000427246094,218.52000427246094,842.0
2024-10-25 11:14:00+00:00,CETX,0.2962000072002411,0.2962000072002411,0.2962000072002411,0.2962000072002411,0.2962000072002411,1079.0
2024-10-25 11:14:00+00:00,CFLT,22.660499572753906,22.660499572753906,22.670000076293945,22.610000610351562,22.6299991607666,11328.0
2024-10-25 11:14:00+00:00,CGNX,39.092498779296875,39.092498779296875,39.092498779296875,39.08000183105469,39.08000183105469,1137.0
2024-10-25 11:14:00+00:00,CLBT,18.219999313354492,18.219999313354492,18.219999313354492,18.219999313354492,18.219999313354492,370.0
2024-10-25 11:14:00+00:00,CLSK,12.137200355529785,12.137200355529785,12.15999984741211,12.13010025024414,12.149999618530273,27405.0
2024-10-25 11:14:00+00:00,CMTL,3.7149999141693115,3.7149999141693115,3.7149999141693115,3.7149999141693115,3.7149999141693115,181.0
2024-10-25 11:14:00+00:00,CNDT,3.694999933242798,3.694999933242798,3.700000047683716,3.694999933242798,3.700000047683716,1157.0
2024-10-25 11:14:00+00:00,COHR,96.20999908447266,96.20999908447266,96.2699966430664,96.20999908447266,96.2699966430664,316948.0
2024-10-25 11:14:00+00:00,COIN,212.7406005859375,212.7406005859375,212.80999755859375,212.64999389648438,212.77000427246094,6363.0
2024-10-25 11:14:00+00:00,COMM,6.394999980926514,6.394999980926514,6.394999980926514,6.394999980926514,6.394999980926514,786.0
2024-10-25 11:14:00+00:00,CORZ,13.425000190734863,13.425000190734863,13.425000190734863,13.420999526977539,13.424599647521973,2666.0
2024-10-25 11:14:00+00:00,CRCT,6.579999923706055,6.579999923706055,6.579999923706055,6.578499794006348,6.578499794006348,523.0
2024-10-25 11:14:00+00:00,CRDO,39.45790100097656,39.45790100097656,39.45790100097656,39.45790100097656,39.45790100097656,272.0
2024-10-25 11:14:00+00:00,CRSR,6.429999828338623,6.429999828338623,6.434999942779541,6.429999828338623,6.434999942779541,1029.0
2024-10-25 11:14:00+00:00,CRWD,309.45001220703125,309.45001220703125,309.6300048828125,309.29998779296875,309.6300048828125,8242.0
2024-10-25 11:14:00+00:00,CSCO,56.10499954223633,56.10499954223633,56.13999938964844,56.10499954223633,56.125,21952.0
2024-10-25 11:14:00+00:00,CSIQ,13.6899995803833,13.6899995803833,13.725000381469727,13.680000305175781,13.720000267028809,3551.0
2024-10-25 11:14:00+00:00,CTLP,9.0649995803833,9.0649995803833,9.0649995803833,9.0649995803833,9.0649995803833,310.0
2024-10-25 11:14:00+00:00,CTSH,74.76000213623047,74.76000213623047,74.79000091552734,74.76000213623047,74.79000091552734,2506.0
2024-10-25 11:14:00+00:00,CVLT,134.4199981689453,134.4199981689453,134.4199981689453,134.1750030517578,134.1750030517578,2765.0
2024-10-25 11:14:00+00:00,CYBR,293.989990234375,293.989990234375,293.989990234375,293.989990234375,293.989990234375,166.0
2024-10-25 11:14:00+00:00,DAIO,2.490000009536743,2.490000009536743,2.490000009536743,2.490000009536743,2.490000009536743,0.0
2024-10-25 11:14:00+00:00,DBX,26.03499984741211,26.03499984741211,26.04400062561035,26.03499984741211,26.04400062561035,3191.0
2024-10-25 11:14:00+00:00,DDOG,127.0250015258789,127.0250015258789,127.16500091552734,127.0,127.16500091552734,5881.0
2024-10-25 11:14:00+00:00,DLO,8.864999771118164,8.864999771118164,8.864999771118164,8.864999771118164,8.864999771118164,386.0
2024-10-25 11:14:00+00:00,DOCU,70.50499725341797,70.50499725341797,70.5199966430664,70.48999786376953,70.49929809570312,1970.0
2024-10-25 11:14:00+00:00,DOX,89.77999877929688,89.77999877929688,89.77999877929688,89.77999877929688,89.77999877929688,606.0
2024-10-25 11:14:00+00:00,DUOL,288.9949951171875,288.9949951171875,288.9949951171875,288.7799987792969,288.7799987792969,821.0
2024-10-25 11:14:00+00:00,EEFT,101.19000244140625,101.19000244140625,101.43000030517578,101.19000244140625,101.43000030517578,2109.0
2024-10-25 11:14:00+00:00,ENPH,82.72000122070312,82.72000122070312,82.79499816894531,82.72000122070312,82.72000122070312,2407.0
2024-10-25 11:14:00+00:00,ENTG,105.94000244140625,105.94000244140625,105.94000244140625,105.55999755859375,105.58999633789062,14563.0
2024-10-25 11:14:00+00:00,ERIC,8.53499984741211,8.53499984741211,8.53600025177002,8.53499984741211,8.53499984741211,6083.0
2024-10-25 11:14:00+00:00,EXFY,1.7000000476837158,1.7000000476837158,1.7000000476837158,1.7000000476837158,1.7000000476837158,129.0
2024-10-25 11:14:00+00:00,EXLS,38.959999084472656,38.959999084472656,38.959999084472656,38.959999084472656,38.959999084472656,778.0
2024-10-25 11:14:00+00:00,FFIV,216.25,216.25,216.27999877929688,216.25,216.27999877929688,403.0
2024-10-25 11:14:00+00:00,FLEX,35.470001220703125,35.470001220703125,35.5,35.470001220703125,35.5,1494.0
2024-10-25 11:14:00+00:00,FLYW,17.571399688720703,17.571399688720703,17.571399688720703,17.56999969482422,17.56999969482422,491.0
2024-10-25 11:14:00+00:00,FORM,45.33000183105469,45.33000183105469,45.33000183105469,45.33000183105469,45.33000183105469,1876.0
2024-10-25 11:14:00+00:00,FROG,29.459999084472656,29.459999084472656,29.459999084472656,29.459999084472656,29.459999084472656,148.0
2024-10-25 11:14:00+00:00,FSLR,199.64480590820312,199.64480590820312,199.6999969482422,199.53199768066406,199.53199768066406,1198.0
2024-10-25 11:14:00+00:00,FTNT,81.41000366210938,81.41000366210938,81.44000244140625,81.41000366210938,81.44000244140625,2381.0
2024-10-25 11:14:00+00:00,GCT,25.260000228881836,25.260000228881836,25.28499984741211,25.260000228881836,25.27869987487793,1828.0
2024-10-25 11:14:00+00:00,GDS,21.6299991607666,21.6299991607666,21.639999389648438,21.6299991607666,21.639999389648438,1001.0
2024-10-25 11:14:00+00:00,GDYN,15.649999618530273,15.649999618530273,15.649999618530273,15.649999618530273,15.649999618530273,199.0
2024-10-25 11:14:00+00:00,GRAB,4.085000038146973,4.085000038146973,4.090000152587891,4.0802998542785645,4.085000038146973,20463.0
2024-10-25 11:14:00+00:00,GRRR,4.579999923706055,4.579999923706055,4.579999923706055,4.574999809265137,4.574999809265137,350.0
2024-10-25 11:14:00+00:00,GSIT,3.4600000381469727,3.4600000381469727,3.4674999713897705,3.450000047683716,3.4674999713897705,1819.0
2024-10-25 11:14:00+00:00,HCKT,24.90999984741211,24.90999984741211,24.90999984741211,24.90999984741211,24.90999984741211,143.0
2024-10-25 11:14:00+00:00,HCP,33.685001373291016,33.685001373291016,33.689998626708984,33.685001373291016,33.685001373291016,1203.0
2024-10-25 11:14:00+00:00,HOLO,3.7200000286102295,3.7200000286102295,3.7200000286102295,3.7200000286102295,3.7200000286102295,354.0
2024-10-25 11:14:00+00:00,HOOD,27.549999237060547,27.549999237060547,27.559999465942383,27.540000915527344,27.55500030517578,18779.0
2024-10-25 11:14:00+00:00,HTCR,1.0700000524520874,1.0700000524520874,1.0700000524520874,1.0700000524520874,1.0700000524520874,5552.0
2024-10-25 11:14:00+00:00,INDI,3.625,3.625,3.625,3.6201000213623047,3.6201000213623047,2626.0
2024-10-25 11:14:00+00:00,INTC,23.075000762939453,23.075000762939453,23.09000015258789,23.06999969482422,23.089799880981445,73506.0
2024-10-25 11:14:00+00:00,INTU,611.3300170898438,611.3300170898438,611.6749877929688,611.3300170898438,611.6749877929688,936.0
2024-10-25 11:14:00+00:00,IPGP,77.0199966430664,77.0199966430664,77.0199966430664,77.0199966430664,77.0199966430664,905.0
2024-10-25 11:14:00+00:00,JAMF,16.850000381469727,16.850000381469727,16.850000381469727,16.850000381469727,16.850000381469727,556.0
2024-10-25 11:14:00+00:00,KC,2.7300000190734863,2.7300000190734863,2.7300000190734863,2.7249999046325684,2.7300000190734863,3378.0
2024-10-25 11:14:00+00:00,KLAC,680.330078125,680.330078125,680.330078125,680.330078125,680.330078125,693.0
2024-10-25 11:14:00+00:00,KOSS,7.489999771118164,7.489999771118164,7.519999980926514,7.46999979019165,7.480000019073486,5000.0
2024-10-25 11:14:00+00:00,LASR,10.489999771118164,10.489999771118164,10.489999771118164,10.489999771118164,10.489999771118164,241.0
2024-10-25 11:14:00+00:00,LINK,4.909999847412109,4.909999847412109,4.909999847412109,4.769999980926514,4.800000190734863,5564.0
2024-10-25 11:14:00+00:00,LOGI,81.1050033569336,81.1050033569336,81.1050033569336,81.1050033569336,81.1050033569336,290.0
2024-10-25 11:14:00+00:00,LPSN,1.2000000476837158,1.2000000476837158,1.2000000476837158,1.2000000476837158,1.2000000476837158,1882.0
2024-10-25 11:14:00+00:00,LRCX,78.72000122070312,78.72000122070312,78.77999877929688,78.69999694824219,78.73999786376953,15498.0
2024-10-25 11:14:00+00:00,LSCC,54.529998779296875,54.529998779296875,54.529998779296875,54.52000045776367,54.52000045776367,1968.0
2024-10-25 11:14:00+00:00,LTRX,4.039999961853027,4.039999961853027,4.039999961853027,4.039999961853027,4.039999961853027,210.0
2024-10-25 11:14:00+00:00,LYFT,13.824799537658691,13.824799537658691,13.829999923706055,13.8100004196167,13.819899559020996,22286.0
2024-10-25 11:14:00+00:00,LYT,2.061000108718872,2.061000108718872,2.061000108718872,2.061000108718872,2.061000108718872,1801.0
2024-10-25 11:14:00+00:00,MAPS,0.8529000282287598,0.8529000282287598,0.8529000282287598,0.8529000282287598,0.8529000282287598,1448.0
2024-10-25 11:14:00+00:00,MAXN,5.78000020980835,5.78000020980835,5.78000020980835,5.78000020980835,5.78000020980835,2499.0
2024-10-25 11:14:00+00:00,MCHP,77.20500183105469,77.20500183105469,77.2300033569336,77.19999694824219,77.2300033569336,4532.0
2024-10-25 11:14:00+00:00,MDB,267.1449890136719,267.1449890136719,267.16839599609375,267.1449890136719,267.16839599609375,567.0
2024-10-25 11:14:00+00:00,MITK,8.779999732971191,8.779999732971191,8.779999732971191,8.779999732971191,8.779999732971191,688.0
2024-10-25 11:14:00+00:00,MKSI,100.69999694824219,100.69999694824219,100.70500183105469,100.69999694824219,100.70500183105469,1678.0
2024-10-25 11:14:00+00:00,MNDY,300.1099853515625,300.1099853515625,300.1099853515625,300.1099853515625,300.1099853515625,1469.0
2024-10-25 11:14:00+00:00,MPWR,913.7449951171875,913.7449951171875,913.7449951171875,913.7449951171875,913.7449951171875,282.0
2024-10-25 11:14:00+00:00,MRAM,6.3592000007629395,6.3592000007629395,6.3592000007629395,6.3592000007629395,6.3592000007629395,270.0
2024-10-25 11:14:00+00:00,MRVL,82.70999908447266,82.70999908447266,82.70999908447266,82.66999816894531,82.70999908447266,7178.0
2024-10-25 11:14:00+00:00,MSFT,431.3500061035156,431.3500061035156,431.3599853515625,431.2900085449219,431.3599853515625,30833.0
2024-10-25 11:14:00+00:00,MSTR,244.16000366210938,244.16000366210938,244.6999969482422,244.13999938964844,244.58999633789062,16162.0
2024-10-25 11:14:00+00:00,MTC,0.37540000677108765,0.37540000677108765,0.37540000677108765,0.37540000677108765,0.37540000677108765,200.0
2024-10-25 11:14:00+00:00,MTLS,6.013999938964844,6.013999938964844,6.013999938964844,6.013999938964844,6.013999938964844,637.0
2024-10-25 11:14:00+00:00,MTSI,120.27999877929688,120.27999877929688,120.30500030517578,120.27999877929688,120.30500030517578,958.0
2024-10-25 11:14:00+00:00,MTTR,4.650000095367432,4.650000095367432,4.650000095367432,4.650000095367432,4.650000095367432,640.0
2024-10-25 11:14:00+00:00,MU,109.41999816894531,109.41999816894531,109.45989990234375,109.4000015258789,109.42500305175781,22146.0
2024-10-25 11:14:00+00:00,MVIS,1.100000023841858,1.100000023841858,1.100000023841858,1.100000023841858,1.100000023841858,2720.0
2024-10-25 11:14:00+00:00,MXL,15.289999961853027,15.289999961853027,15.399999618530273,15.289999961853027,15.34000015258789,14375.0
2024-10-25 11:14:00+00:00,NCNO,37.94499969482422,37.94499969482422,37.94499969482422,37.94499969482422,37.94499969482422,699.0
2024-10-25 11:14:00+00:00,NEON,8.199999809265137,8.199999809265137,8.199999809265137,8.100000381469727,8.100000381469727,2474.0
2024-10-25 11:14:00+00:00,NNDM,2.3510000705718994,2.3510000705718994,2.3538999557495117,2.3499999046325684,2.3499999046325684,4459.0
2024-10-25 11:14:00+00:00,NTAP,120.37999725341797,120.37999725341797,120.37999725341797,120.37000274658203,120.37000274658203,894.0
2024-10-25 11:14:00+00:00,NTCT,20.65999984741211,20.65999984741211,20.65999984741211,20.65999984741211,20.65999984741211,410.0
2024-10-25 11:14:00+00:00,NTNX,62.53499984741211,62.53499984741211,62.53499984741211,62.53499984741211,62.53499984741211,450.0
2024-10-25 11:14:00+00:00,NTWK,3.1500000953674316,3.1500000953674316,3.1500000953674316,3.1500000953674316,3.1500000953674316,326.0
2024-10-25 11:14:00+00:00,NVDA,143.8350067138672,143.8350067138672,143.86000061035156,143.72999572753906,143.78700256347656,631331.0
2024-10-25 11:14:00+00:00,NVEI,33.52000045776367,33.52000045776367,33.52000045776367,33.52000045776367,33.52000045776367,4541.0
2024-10-25 11:14:00+00:00,NVTS,2.630000114440918,2.630000114440918,2.6389999389648438,2.630000114440918,2.634999990463257,34723.0
2024-10-25 11:14:00+00:00,NXPI,244.74000549316406,244.74000549316406,244.74000549316406,244.74000549316406,244.74000549316406,730.0
2024-10-25 11:14:00+00:00,OKTA,72.7699966430664,72.7699966430664,72.7699966430664,72.75,72.7699966430664,916.0
2024-10-25 11:14:00+00:00,ON,71.79000091552734,71.79000091552734,71.83999633789062,71.7300033569336,71.81999969482422,20315.0
2024-10-25 11:14:00+00:00,ONDS,0.8827000260353088,0.8827000260353088,0.8827000260353088,0.8827000260353088,0.8827000260353088,10400.0
2024-10-25 11:14:00+00:00,PANW,370.239990234375,370.239990234375,370.5,370.239990234375,370.5,1606.0
2024-10-25 11:14:00+00:00,PDFS,29.489999771118164,29.489999771118164,29.489999771118164,29.489999771118164,29.489999771118164,630.0
2024-10-25 11:14:00+00:00,PEGA,81.12000274658203,81.12000274658203,81.12000274658203,81.08999633789062,81.08999633789062,1812.0
2024-10-25 11:14:00+00:00,PGY,11.954999923706055,11.954999923706055,11.975000381469727,11.930000305175781,11.975000381469727,43379.0
2024-10-25 11:14:00+00:00,PHUN,9.75,9.75,9.819999694824219,9.720100402832031,9.8100004196167,27151.0
2024-10-25 11:14:00+00:00,PI,203.9783935546875,203.9783935546875,204.58999633789062,203.9783935546875,204.55999755859375,1474.0
2024-10-25 11:14:00+00:00,POET,4.0,4.0,4.0,3.9700000286102295,3.990000009536743,10299.0
2024-10-25 11:14:00+00:00,QCOM,172.8000030517578,172.8000030517578,172.90829467773438,172.8000030517578,172.8800048828125,5838.0
2024-10-25 11:14:00+00:00,QLYS,120.91000366210938,120.91000366210938,120.91000366210938,120.91000366210938,120.91000366210938,502.0
2024-10-25 11:14:00+00:00,QRVO,100.44999694824219,100.44999694824219,100.44999694824219,100.37999725341797,100.37999725341797,914.0
2024-10-25 11:14:00+00:00,QUBT,1.100600004196167,1.100600004196167,1.1050000190734863,1.100000023841858,1.101199984550476,36891.0
2024-10-25 11:14:00+00:00,RCAT,2.734999895095825,2.734999895095825,2.740000009536743,2.734999895095825,2.740000009536743,8560.0
2024-10-25 11:14:00+00:00,REFR,2.180000066757202,2.180000066757202,2.180000066757202,2.180000066757202,2.180000066757202,1390.0
2024-10-25 11:14:00+00:00,RELY,14.75,14.75,14.760000228881836,14.75,14.760000228881836,720.0
2024-10-25 11:14:00+00:00,RGTI,1.2999999523162842,1.2999999523162842,1.2999999523162842,1.2899999618530273,1.2899999618530273,15789.0
2024-10-25 11:14:00+00:00,RIOT,10.159899711608887,10.159899711608887,10.1697998046875,10.151200294494629,10.164999961853027,29855.0
2024-10-25 11:14:00+00:00,RMNI,1.7200000286102295,1.7200000286102295,1.7200000286102295,1.7200000286102295,1.7200000286102295,131.0
2024-10-25 11:14:00+00:00,RUM,5.800300121307373,5.800300121307373,5.810100078582764,5.78000020980835,5.809999942779541,20255.0
2024-10-25 11:14:00+00:00,RUN,14.420000076293945,14.420000076293945,14.460000038146973,14.420000076293945,14.460000038146973,6292.0
2024-10-25 11:14:00+00:00,RXT,2.5759999752044678,2.5759999752044678,2.5759999752044678,2.5759999752044678,2.5759999752044678,1056.0
2024-10-25 11:14:00+00:00,SCWX,8.399999618530273,8.399999618530273,8.399999618530273,8.390000343322754,8.390000343322754,1665.0
2024-10-25 11:14:00+00:00,SEDG,16.03499984741211,16.03499984741211,16.065000534057617,16.030000686645508,16.038000106811523,15643.0
2024-10-25 11:14:00+00:00,SHLS,5.260000228881836,5.260000228881836,5.269999980926514,5.260000228881836,5.264999866485596,24518.0
2024-10-25 11:14:00+00:00,SKYT,10.739999771118164,10.739999771118164,10.739999771118164,10.699999809265137,10.699999809265137,6739.0
2024-10-25 11:14:00+00:00,SMCI,47.900901794433594,47.900901794433594,47.95000076293945,47.86000061035156,47.900699615478516,69768.0
2024-10-25 11:14:00+00:00,SMSI,0.819599986076355,0.819599986076355,0.819599986076355,0.819599986076355,0.819599986076355,125.0
2024-10-25 11:14:00+00:00,SMTC,45.590999603271484,45.590999603271484,45.61000061035156,45.590999603271484,45.61000061035156,308.0
2024-10-25 11:14:00+00:00,SNPS,504.1700134277344,504.1700134277344,504.1700134277344,504.1700134277344,504.1700134277344,700.0
2024-10-25 11:14:00+00:00,SOBR,7.800000190734863,7.800000190734863,7.800000190734863,7.800000190734863,7.800000190734863,435.0
2024-10-25 11:14:00+00:00,SOPA,0.9610000252723694,0.9610000252723694,0.9610000252723694,0.9610000252723694,0.9610000252723694,1172.0
2024-10-25 11:14:00+00:00,SOUN,5.346799850463867,5.346799850463867,5.364999771118164,5.34499979019165,5.360000133514404,48476.0
2024-10-25 11:14:00+00:00,SPSC,175.6042938232422,175.6042938232422,175.75999450683594,175.39999389648438,175.39999389648438,1681.0
2024-10-25 11:14:00+00:00,SPT,27.375,27.375,27.375,27.350000381469727,27.350000381469727,319.0
2024-10-25 11:14:00+00:00,SSNC,69.80000305175781,69.80000305175781,69.83000183105469,69.78500366210938,69.78500366210938,4479.0
2024-10-25 11:14:00+00:00,SSYS,7.159999847412109,7.159999847412109,7.159999847412109,7.159999847412109,7.159999847412109,1010.0
2024-10-25 11:14:00+00:00,STER,16.735000610351562,16.735000610351562,16.735000610351562,16.735000610351562,16.735000610351562,200.0
2024-10-25 11:14:00+00:00,STNE,11.51669979095459,11.51669979095459,11.520000457763672,11.515000343322754,11.515000343322754,5271.0
2024-10-25 11:14:00+00:00,STX,104.8550033569336,104.8550033569336,104.86000061035156,104.77999877929688,104.77999877929688,2454.0
2024-10-25 11:14:00+00:00,SVRE,0.08209999650716782,0.08209999650716782,0.08209999650716782,0.08110000193119049,0.08110000193119049,2798.0
2024-10-25 11:14:00+00:00,SWKS,96.36000061035156,96.36000061035156,96.38999938964844,96.36000061035156,96.38999938964844,880.0
2024-10-25 11:14:00+00:00,SYTA,1.2698999643325806,1.2698999643325806,1.2698999643325806,1.2698999643325806,1.2698999643325806,400.0
2024-10-25 11:14:00+00:00,TEAM,190.10499572753906,190.10499572753906,190.10499572753906,189.99000549316406,189.99000549316406,1001.0
2024-10-25 11:14:00+00:00,TENB,41.584999084472656,41.584999084472656,41.599998474121094,41.56999969482422,41.599998474121094,1631.0
2024-10-25 11:14:00+00:00,TER,113.46499633789062,113.46499633789062,113.48999786376953,113.37999725341797,113.37999725341797,4211.0
2024-10-25 11:14:00+00:00,TLS,3.6549999713897705,3.6549999713897705,3.6549999713897705,3.6549999713897705,3.6549999713897705,275.0
2024-10-25 11:14:00+00:00,TRMB,61.154998779296875,61.154998779296875,61.16999816894531,61.154998779296875,61.16999816894531,853.0
2024-10-25 11:14:00+00:00,TTD,120.17500305175781,120.17500305175781,120.18499755859375,120.13999938964844,120.18499755859375,1752.0
2024-10-25 11:14:00+00:00,TTMI,19.735000610351562,19.735000610351562,19.735000610351562,19.735000610351562,19.735000610351562,129.0
2024-10-25 11:14:00+00:00,TWKS,4.449999809265137,4.449999809265137,4.454999923706055,4.449999809265137,4.454999923706055,451.0
2024-10-25 11:14:00+00:00,TXN,209.1300048828125,209.1300048828125,209.29989624023438,209.11000061035156,209.11000061035156,7603.0
2024-10-25 11:14:00+00:00,VECO,29.582799911499023,29.582799911499023,29.582799911499023,29.582799911499023,29.582799911499023,397.0
2024-10-25 11:14:00+00:00,VERI,3.4649999141693115,3.4649999141693115,3.4700000286102295,3.4649999141693115,3.4700000286102295,331.0
2024-10-25 11:14:00+00:00,VMEO,4.78000020980835,4.78000020980835,4.78000020980835,4.78000020980835,4.78000020980835,302.0
2024-10-25 11:14:00+00:00,VNET,3.4749999046325684,3.4749999046325684,3.4749999046325684,3.4749999046325684,3.4749999046325684,950.0
2024-10-25 11:14:00+00:00,VRNS,56.89500045776367,56.89500045776367,56.900001525878906,56.88999938964844,56.88999938964844,1006.0
2024-10-25 11:14:00+00:00,VRNT,22.329999923706055,22.329999923706055,22.34079933166504,22.329999923706055,22.34079933166504,1819.0
2024-10-25 11:14:00+00:00,VS,2.623500108718872,2.623500108718872,2.623500108718872,2.623500108718872,2.623500108718872,1900.0
2024-10-25 11:14:00+00:00,VUZI,1.309999942779541,1.309999942779541,1.309999942779541,1.309999942779541,1.309999942779541,1522.0
2024-10-25 11:14:00+00:00,WALD,3.6500000953674316,3.6500000953674316,3.6500000953674316,3.6500000953674316,3.6500000953674316,117.0
2024-10-25 11:14:00+00:00,WATT,0.6011000275611877,0.6011000275611877,0.6011000275611877,0.6011000275611877,0.6011000275611877,2492.0
2024-10-25 11:14:00+00:00,WDAY,240.0399932861328,240.0399932861328,240.2899932861328,240.0,240.2899932861328,9922.0
2024-10-25 11:14:00+00:00,WDC,72.70999908447266,72.70999908447266,72.70999908447266,72.55999755859375,72.57499694824219,15667.0
2024-10-25 11:14:00+00:00,XRX,10.170000076293945,10.170000076293945,10.170000076293945,10.170000076293945,10.170000076293945,1405.0
2024-10-25 11:14:00+00:00,ZM,73.06999969482422,73.06999969482422,73.12000274658203,73.06999969482422,73.08000183105469,1921.0
2024-10-25 11:14:00+00:00,ZS,186.3300018310547,186.3300018310547,186.47000122070312,186.3300018310547,186.47000122070312,1394.0
2024-10-25 11:15:00+00:00,AAOI,18.299999237060547,18.299999237060547,18.354999542236328,18.299999237060547,18.354999542236328,4611.0
2024-10-25 11:15:00+00:00,AAPL,232.9499969482422,232.9499969482422,232.97999572753906,232.90499877929688,232.97999572753906,29435.0
2024-10-25 11:15:00+00:00,ACIW,49.03499984741211,49.03499984741211,49.03499984741211,49.03499984741211,49.03499984741211,111.0
2024-10-25 11:15:00+00:00,ACLS,90.87999725341797,90.87999725341797,90.87999725341797,90.87999725341797,90.87999725341797,737.0
2024-10-25 11:15:00+00:00,ACMR,19.9601993560791,19.9601993560791,19.96500015258789,19.959999084472656,19.959999084472656,1355.0
2024-10-25 11:15:00+00:00,ADBE,484.4700012207031,484.4700012207031,484.6199951171875,484.20001220703125,484.3500061035156,6988.0
2024-10-25 11:15:00+00:00,ADI,233.7100067138672,233.7100067138672,233.7100067138672,233.67999267578125,233.67999267578125,299.0
2024-10-25 11:15:00+00:00,ADSK,288.0400085449219,288.0400085449219,288.0400085449219,288.0400085449219,288.0400085449219,1057.0
2024-10-25 11:15:00+00:00,ADTN,6.385000228881836,6.385000228881836,6.385000228881836,6.385000228881836,6.385000228881836,219.0
2024-10-25 11:15:00+00:00,AEHR,16.73200035095215,16.73200035095215,16.73200035095215,16.607999801635742,16.607999801635742,11894.0
2024-10-25 11:15:00+00:00,AFRM,41.93000030517578,41.93000030517578,41.93000030517578,41.900001525878906,41.92499923706055,3300.0
2024-10-25 11:15:00+00:00,AGYS,112.61000061035156,112.61000061035156,112.61000061035156,112.61000061035156,112.61000061035156,449.0
2024-10-25 11:15:00+00:00,AKAM,103.21499633789062,103.21499633789062,103.24430084228516,103.20999908447266,103.2300033569336,1445.0
2024-10-25 11:15:00+00:00,AKTS,0.0575999990105629,0.0575999990105629,0.0575999990105629,0.0575999990105629,0.0575999990105629,1114.0
2024-10-25 11:15:00+00:00,ALGM,22.71500015258789,22.71500015258789,22.739999771118164,22.71500015258789,22.739999771118164,4246.0
2024-10-25 11:15:00+00:00,ALTR,105.62409973144531,105.62409973144531,105.62409973144531,105.62409973144531,105.62409973144531,1100.0
2024-10-25 11:15:00+00:00,AMAT,188.27000427246094,188.27000427246094,188.36500549316406,188.1667938232422,188.25,23485.0
2024-10-25 11:15:00+00:00,AMD,157.57000732421875,157.57000732421875,157.57000732421875,157.38499450683594,157.49000549316406,49497.0
2024-10-25 11:15:00+00:00,AMKR,30.110000610351562,30.110000610351562,30.110000610351562,30.079999923706055,30.086000442504883,3579.0
2024-10-25 11:15:00+00:00,ANY,1.0950000286102295,1.0950000286102295,1.0950000286102295,1.0908000469207764,1.0950000286102295,589.0
2024-10-25 11:15:00+00:00,API,2.819999933242798,2.819999933242798,2.819999933242798,2.819999933242798,2.819999933242798,513.0
2024-10-25 11:15:00+00:00,APP,162.38999938964844,162.38999938964844,162.38999938964844,162.26499938964844,162.26499938964844,545.0
2024-10-25 11:15:00+00:00,APPF,216.0399932861328,216.0399932861328,216.0399932861328,216.0399932861328,216.0399932861328,613.0
2024-10-25 11:15:00+00:00,APPS,3.115000009536743,3.115000009536743,3.115000009536743,3.109999895095825,3.109999895095825,2339.0
2024-10-25 11:15:00+00:00,ARRY,6.485000133514404,6.485000133514404,6.489999771118164,6.465000152587891,6.474999904632568,13938.0
2024-10-25 11:15:00+00:00,ASML,719.2000122070312,719.2000122070312,719.2000122070312,718.7698974609375,718.7698974609375,9903.0
2024-10-25 11:15:00+00:00,AUR,6.505000114440918,6.505000114440918,6.510000228881836,6.505000114440918,6.510000228881836,3191.0
2024-10-25 11:15:00+00:00,AVDX,8.225000381469727,8.225000381469727,8.229999542236328,8.225000381469727,8.225000381469727,594.0
2024-10-25 11:15:00+00:00,AVGO,176.20440673828125,176.20440673828125,176.2100067138672,176.0800018310547,176.08999633789062,32585.0
2024-10-25 11:15:00+00:00,AVT,54.36000061035156,54.36000061035156,54.36000061035156,54.36000061035156,54.36000061035156,207.0
2024-10-25 11:15:00+00:00,AXTI,2.6640000343322754,2.6640000343322754,2.6640000343322754,2.6640000343322754,2.6640000343322754,102.0
2024-10-25 11:15:00+00:00,BAND,17.850000381469727,17.850000381469727,17.850000381469727,17.850000381469727,17.850000381469727,156.0
2024-10-25 11:15:00+00:00,BL,56.5099983215332,56.5099983215332,56.5099983215332,56.5099983215332,56.5099983215332,369.0
2024-10-25 11:15:00+00:00,BSY,49.2599983215332,49.2599983215332,49.2599983215332,49.2599983215332,49.2599983215332,420.0
2024-10-25 11:15:00+00:00,CAMT,78.51000213623047,78.51000213623047,78.51000213623047,78.51000213623047,78.51000213623047,264.0
2024-10-25 11:15:00+00:00,CAN,1.0,1.0,1.0084999799728394,1.0,1.0049999952316284,1641.0
2024-10-25 11:15:00+00:00,CCSI,20.709999084472656,20.709999084472656,20.709999084472656,20.709999084472656,20.709999084472656,134.0
2024-10-25 11:15:00+00:00,CDNS,259.04998779296875,259.04998779296875,259.04998779296875,258.94000244140625,259.010009765625,3981.0
2024-10-25 11:15:00+00:00,CFLT,22.700000762939453,22.700000762939453,22.700000762939453,22.65999984741211,22.65999984741211,4193.0
2024-10-25 11:15:00+00:00,CGNX,39.06999969482422,39.06999969482422,39.06999969482422,39.06999969482422,39.06999969482422,1300.0
2024-10-25 11:15:00+00:00,CHKP,207.32000732421875,207.32000732421875,207.32000732421875,207.1999969482422,207.32000732421875,1270.0
2024-10-25 11:15:00+00:00,CLSK,12.130200386047363,12.130200386047363,12.135000228881836,12.109999656677246,12.135000228881836,34455.0
2024-10-25 11:15:00+00:00,CNXC,45.02000045776367,45.02000045776367,45.02000045776367,44.915000915527344,44.915000915527344,467.0
2024-10-25 11:15:00+00:00,COHR,96.19999694824219,96.19999694824219,96.23500061035156,96.18000030517578,96.20999908447266,1991.0
2024-10-25 11:15:00+00:00,COIN,212.476806640625,212.476806640625,212.6999969482422,212.2899932861328,212.69500732421875,8564.0
2024-10-25 11:15:00+00:00,COMM,6.39109992980957,6.39109992980957,6.394999980926514,6.390200138092041,6.394999980926514,5888.0
2024-10-25 11:15:00+00:00,CORZ,13.395000457763672,13.395000457763672,13.425000190734863,13.395000457763672,13.420000076293945,41459.0
2024-10-25 11:15:00+00:00,CRCT,6.579999923706055,6.579999923706055,6.579999923706055,6.574999809265137,6.574999809265137,625.0
2024-10-25 11:15:00+00:00,CRDO,39.44499969482422,39.44499969482422,39.44499969482422,39.40999984741211,39.44200134277344,3938.0
2024-10-25 11:15:00+00:00,CRSR,6.429999828338623,6.429999828338623,6.434999942779541,6.429999828338623,6.434999942779541,359.0
2024-10-25 11:15:00+00:00,CRUS,123.0,123.0,123.0,123.0,123.0,149.0
2024-10-25 11:15:00+00:00,CRWD,309.8399963378906,309.8399963378906,309.8399963378906,309.29998779296875,309.30010986328125,5752.0
2024-10-25 11:15:00+00:00,CSCO,56.084999084472656,56.084999084472656,56.100101470947266,56.084999084472656,56.100101470947266,11043.0
2024-10-25 11:15:00+00:00,CSIQ,13.6899995803833,13.6899995803833,13.6899995803833,13.65999984741211,13.680000305175781,8758.0
2024-10-25 11:15:00+00:00,CTLP,9.050000190734863,9.050000190734863,9.055000305175781,9.050000190734863,9.055000305175781,1461.0
2024-10-25 11:15:00+00:00,CTSH,74.76000213623047,74.76000213623047,74.76000213623047,74.75,74.75,2392.0
2024-10-25 11:15:00+00:00,CYBR,293.2099914550781,293.2099914550781,293.4700012207031,293.0,293.4700012207031,1764.0
2024-10-25 11:15:00+00:00,DBX,26.040000915527344,26.040000915527344,26.040000915527344,26.030000686645508,26.030000686645508,622.0
2024-10-25 11:15:00+00:00,DDOG,127.23999786376953,127.23999786376953,127.23999786376953,127.0,127.0250015258789,13974.0
2024-10-25 11:15:00+00:00,DGHI,1.503999948501587,1.503999948501587,1.5369999408721924,1.503999948501587,1.5369999408721924,7700.0
2024-10-25 11:15:00+00:00,DLO,8.864999771118164,8.864999771118164,8.869999885559082,8.864999771118164,8.869999885559082,973.0
2024-10-25 11:15:00+00:00,DMRC,31.229999542236328,31.229999542236328,31.229999542236328,31.229999542236328,31.229999542236328,370.0
2024-10-25 11:15:00+00:00,DOCU,70.55000305175781,70.55000305175781,70.61000061035156,70.45500183105469,70.50499725341797,35143.0
2024-10-25 11:15:00+00:00,DOMO,8.045000076293945,8.045000076293945,8.045000076293945,8.045000076293945,8.045000076293945,200.0
2024-10-25 11:15:00+00:00,DUOL,288.4294128417969,288.4294128417969,288.4294128417969,288.4294128417969,288.4294128417969,1137.0
2024-10-25 11:15:00+00:00,ENPH,82.83000183105469,82.83000183105469,82.83000183105469,82.73500061035156,82.76000213623047,4450.0
2024-10-25 11:15:00+00:00,ENTG,105.81999969482422,105.81999969482422,105.93499755859375,105.81999969482422,105.93499755859375,7576.0
2024-10-25 11:15:00+00:00,ERIC,8.539199829101562,8.539199829101562,8.539199829101562,8.53499984741211,8.53499984741211,6695.0
2024-10-25 11:15:00+00:00,EXFY,1.7050000429153442,1.7050000429153442,1.7050000429153442,1.7050000429153442,1.7050000429153442,117.0
2024-10-25 11:15:00+00:00,EXTR,14.515000343322754,14.515000343322754,14.515000343322754,14.515000343322754,14.515000343322754,506.0
2024-10-25 11:15:00+00:00,FFIV,216.26499938964844,216.26499938964844,216.26499938964844,216.26499938964844,216.26499938964844,517.0
2024-10-25 11:15:00+00:00,FIVN,30.549999237060547,30.549999237060547,30.549999237060547,30.53499984741211,30.53499984741211,2338.0
2024-10-25 11:15:00+00:00,FLEX,35.45000076293945,35.45000076293945,35.470001220703125,35.45000076293945,35.46500015258789,1343.0
2024-10-25 11:15:00+00:00,FLYW,17.574199676513672,17.574199676513672,17.574199676513672,17.574199676513672,17.574199676513672,318.0
2024-10-25 11:15:00+00:00,FORM,45.349998474121094,45.349998474121094,45.36000061035156,45.349998474121094,45.36000061035156,438.0
2024-10-25 11:15:00+00:00,FROG,29.454999923706055,29.454999923706055,29.454999923706055,29.454999923706055,29.454999923706055,228.0
2024-10-25 11:15:00+00:00,FRSH,11.710000038146973,11.710000038146973,11.720000267028809,11.710000038146973,11.720000267028809,4487.0
2024-10-25 11:15:00+00:00,FSLR,199.64999389648438,199.64999389648438,199.66250610351562,199.50999450683594,199.66250610351562,2546.0
2024-10-25 11:15:00+00:00,FTCI,0.6920999884605408,0.6920999884605408,0.6920999884605408,0.6920999884605408,0.6920999884605408,1948.0
2024-10-25 11:15:00+00:00,FTNT,81.41999816894531,81.41999816894531,81.41999816894531,81.37999725341797,81.40499877929688,5730.0
2024-10-25 11:15:00+00:00,GCT,25.290000915527344,25.290000915527344,25.299999237060547,25.260000228881836,25.260000228881836,1784.0
2024-10-25 11:15:00+00:00,GDS,21.670000076293945,21.670000076293945,21.670000076293945,21.670000076293945,21.670000076293945,270.0
2024-10-25 11:15:00+00:00,GFS,41.380001068115234,41.380001068115234,41.380001068115234,41.31999969482422,41.32749938964844,3084.0
2024-10-25 11:15:00+00:00,GILT,4.925000190734863,4.925000190734863,4.925000190734863,4.925000190734863,4.925000190734863,200.0
2024-10-25 11:15:00+00:00,GPRO,1.3350000381469727,1.3350000381469727,1.3350000381469727,1.3350000381469727,1.3350000381469727,581.0
2024-10-25 11:15:00+00:00,GRAB,4.085000038146973,4.085000038146973,4.085000038146973,4.079999923706055,4.085000038146973,15355.0
2024-10-25 11:15:00+00:00,GRRR,4.5879998207092285,4.5879998207092285,4.5879998207092285,4.5879998207092285,4.5879998207092285,206.0
2024-10-25 11:15:00+00:00,GTLB,55.75,55.75,55.75,55.689998626708984,55.689998626708984,827.0
2024-10-25 11:15:00+00:00,HCP,33.685001373291016,33.685001373291016,33.689998626708984,33.685001373291016,33.685001373291016,1284.0
2024-10-25 11:15:00+00:00,HIMX,6.216000080108643,6.216000080108643,6.216000080108643,6.215000152587891,6.215000152587891,835.0
2024-10-25 11:15:00+00:00,HLIT,14.84000015258789,14.84000015258789,14.84000015258789,14.84000015258789,14.84000015258789,874.0
2024-10-25 11:15:00+00:00,HOLO,3.7300000190734863,3.7300000190734863,3.7300000190734863,3.7300000190734863,3.7300000190734863,113.0
2024-10-25 11:15:00+00:00,HOOD,27.520000457763672,27.520000457763672,27.55500030517578,27.510099411010742,27.55500030517578,11922.0
2024-10-25 11:15:00+00:00,ICHR,28.059999465942383,28.059999465942383,28.059999465942383,28.059999465942383,28.059999465942383,208.0
2024-10-25 11:15:00+00:00,IMMR,8.796699523925781,8.796699523925781,8.800000190734863,8.795000076293945,8.79800033569336,4807.0
2024-10-25 11:15:00+00:00,IMTE,1.659999966621399,1.659999966621399,1.659999966621399,1.659999966621399,1.659999966621399,1908.0
2024-10-25 11:15:00+00:00,IMXI,17.760000228881836,17.760000228881836,17.760000228881836,17.760000228881836,17.760000228881836,566.0
2024-10-25 11:15:00+00:00,INDI,3.625,3.625,3.625,3.625,3.625,465.0
2024-10-25 11:15:00+00:00,INFN,6.789999961853027,6.789999961853027,6.789999961853027,6.789999961853027,6.789999961853027,300.0
2024-10-25 11:15:00+00:00,INTA,49.880001068115234,49.880001068115234,49.880001068115234,49.84000015258789,49.84000015258789,700.0
2024-10-25 11:15:00+00:00,INTC,23.100000381469727,23.100000381469727,23.100000381469727,23.06999969482422,23.075899124145508,108255.0
2024-10-25 11:15:00+00:00,INTU,611.4099731445312,611.4099731445312,611.4102172851562,611.4099731445312,611.4102172851562,673.0
2024-10-25 11:15:00+00:00,INVE,3.630000114440918,3.630000114440918,3.630000114440918,3.630000114440918,3.630000114440918,323.0
2024-10-25 11:15:00+00:00,JAMF,16.860000610351562,16.860000610351562,16.860000610351562,16.860000610351562,16.860000610351562,252.0
2024-10-25 11:15:00+00:00,JG,7.205999851226807,7.205999851226807,7.205999851226807,7.205999851226807,7.205999851226807,194.0
2024-10-25 11:15:00+00:00,KC,2.7249999046325684,2.7249999046325684,2.7249999046325684,2.7249999046325684,2.7249999046325684,2065.0
2024-10-25 11:15:00+00:00,KLAC,680.3699951171875,680.3699951171875,680.3699951171875,679.8314208984375,679.8314208984375,2265.0
2024-10-25 11:15:00+00:00,KOPN,0.7663000226020813,0.7663000226020813,0.7663000226020813,0.7663000226020813,0.7663000226020813,428.0
2024-10-25 11:15:00+00:00,KOSS,7.489999771118164,7.489999771118164,7.489999771118164,7.489999771118164,7.489999771118164,214.0
2024-10-25 11:15:00+00:00,LASR,10.5,10.5,10.5,10.5,10.5,827.0
2024-10-25 11:15:00+00:00,LINK,4.849999904632568,4.849999904632568,4.880000114440918,4.849999904632568,4.880000114440918,1787.0
2024-10-25 11:15:00+00:00,LITE,64.56500244140625,64.56500244140625,64.56500244140625,64.56500244140625,64.56500244140625,563.0
2024-10-25 11:15:00+00:00,LOGI,81.11499786376953,81.11499786376953,81.11499786376953,81.0999984741211,81.0999984741211,411.0
2024-10-25 11:15:00+00:00,LPSN,1.1995999813079834,1.1995999813079834,1.1995999813079834,1.1995999813079834,1.1995999813079834,4188.0
2024-10-25 11:15:00+00:00,LRCX,78.88999938964844,78.88999938964844,78.88999938964844,78.72000122070312,78.7300033569336,48318.0
2024-10-25 11:15:00+00:00,LSCC,54.51499938964844,54.51499938964844,54.52000045776367,54.459999084472656,54.5099983215332,4597.0
2024-10-25 11:15:00+00:00,LYFT,13.811300277709961,13.811300277709961,13.829999923706055,13.8100004196167,13.824999809265137,21791.0
2024-10-25 11:15:00+00:00,MANH,275.5799865722656,275.5799865722656,275.5799865722656,275.5799865722656,275.5799865722656,594.0
2024-10-25 11:15:00+00:00,MARK,0.10999999940395355,0.10999999940395355,0.10999999940395355,0.10999999940395355,0.10999999940395355,0.0
2024-10-25 11:15:00+00:00,MCHP,77.19000244140625,77.19000244140625,77.19000244140625,77.1500015258789,77.16000366210938,3198.0
2024-10-25 11:15:00+00:00,MDB,267.6199951171875,267.6199951171875,267.6199951171875,267.135009765625,267.135009765625,3072.0
2024-10-25 11:15:00+00:00,MKSI,100.80000305175781,100.80000305175781,100.80000305175781,100.68000030517578,100.69999694824219,18302.0
2024-10-25 11:15:00+00:00,MNDY,300.06500244140625,300.06500244140625,300.2200012207031,300.06500244140625,300.07501220703125,2883.0
2024-10-25 11:15:00+00:00,MOGO,1.0299999713897705,1.0299999713897705,1.0299999713897705,1.0299999713897705,1.0299999713897705,401.0
2024-10-25 11:15:00+00:00,MQ,5.315000057220459,5.315000057220459,5.315000057220459,5.315000057220459,5.315000057220459,1381.0
2024-10-25 11:15:00+00:00,MRAM,6.340000152587891,6.340000152587891,6.340000152587891,6.340000152587891,6.340000152587891,290.0
2024-10-25 11:15:00+00:00,MRVL,82.76000213623047,82.76000213623047,82.76000213623047,82.69000244140625,82.69999694824219,11251.0
2024-10-25 11:15:00+00:00,MSFT,431.3599853515625,431.3599853515625,431.3599853515625,431.24029541015625,431.3320007324219,24559.0
2024-10-25 11:15:00+00:00,MSTR,244.30999755859375,244.30999755859375,244.32000732421875,243.6199951171875,244.22999572753906,15576.0
2024-10-25 11:15:00+00:00,MTLS,6.014999866485596,6.014999866485596,6.019999980926514,6.014999866485596,6.014999866485596,1385.0
2024-10-25 11:15:00+00:00,MTSI,120.38999938964844,120.38999938964844,120.38999938964844,120.27999877929688,120.27999877929688,965.0
2024-10-25 11:15:00+00:00,MU,109.41000366210938,109.41000366210938,109.43499755859375,109.33999633789062,109.43499755859375,13999.0
2024-10-25 11:15:00+00:00,MVIS,1.100100040435791,1.100100040435791,1.1100000143051147,1.100000023841858,1.1100000143051147,2780.0
2024-10-25 11:15:00+00:00,MXL,15.220000267028809,15.220000267028809,15.289999961853027,15.210000038146973,15.289999961853027,3850.0
2024-10-25 11:15:00+00:00,NCNO,37.970001220703125,37.970001220703125,37.970001220703125,37.95000076293945,37.95000076293945,2664.0
2024-10-25 11:15:00+00:00,NICE,176.52999877929688,176.52999877929688,176.52999877929688,176.52999877929688,176.52999877929688,418.0
2024-10-25 11:15:00+00:00,NTAP,120.31999969482422,120.31999969482422,120.37000274658203,120.29000091552734,120.37000274658203,2683.0
2024-10-25 11:15:00+00:00,NTNX,62.52000045776367,62.52000045776367,62.52000045776367,62.5,62.5099983215332,979.0
2024-10-25 11:15:00+00:00,NVDA,143.85000610351562,143.85000610351562,143.8699951171875,143.67999267578125,143.82989501953125,407673.0
2024-10-25 11:15:00+00:00,NVMI,184.68499755859375,184.68499755859375,184.68499755859375,184.68499755859375,184.68499755859375,133.0
2024-10-25 11:15:00+00:00,NVTS,2.625,2.625,2.630000114440918,2.625,2.630000114440918,739.0
2024-10-25 11:15:00+00:00,NXPI,244.625,244.625,244.625,244.5,244.5,2865.0
2024-10-25 11:15:00+00:00,OBLG,3.6050000190734863,3.6050000190734863,3.6050000190734863,3.6050000190734863,3.6050000190734863,134.0
2024-10-25 11:15:00+00:00,ON,71.77999877929688,71.77999877929688,71.80000305175781,71.69999694824219,71.79000091552734,26110.0
2024-10-25 11:15:00+00:00,OTEX,33.45000076293945,33.45000076293945,33.45000076293945,33.45000076293945,33.45000076293945,107.0
2024-10-25 11:15:00+00:00,PANW,370.55999755859375,370.55999755859375,370.55999755859375,370.3399963378906,370.3399963378906,1199.0
2024-10-25 11:15:00+00:00,PAYO,8.324999809265137,8.324999809265137,8.324999809265137,8.324999809265137,8.324999809265137,1060.0
2024-10-25 11:15:00+00:00,PGY,11.949999809265137,11.949999809265137,11.954999923706055,11.949999809265137,11.954999923706055,2000.0
2024-10-25 11:15:00+00:00,PHUN,9.819999694824219,9.819999694824219,9.819999694824219,9.75,9.755000114440918,14282.0
2024-10-25 11:15:00+00:00,PI,204.5500030517578,204.5500030517578,204.78219604492188,204.5500030517578,204.78219604492188,633.0
2024-10-25 11:15:00+00:00,POET,3.990000009536743,3.990000009536743,3.990000009536743,3.9830000400543213,3.9830000400543213,1755.0
2024-10-25 11:15:00+00:00,PRCH,1.350000023841858,1.350000023841858,1.350000023841858,1.340000033378601,1.340000033378601,3115.0
2024-10-25 11:15:00+00:00,PYCR,14.329999923706055,14.329999923706055,14.329999923706055,14.3100004196167,14.3100004196167,1390.0
2024-10-25 11:15:00+00:00,QCOM,172.94500732421875,172.94500732421875,172.94500732421875,172.75999450683594,172.8000030517578,8225.0
2024-10-25 11:15:00+00:00,QLYS,120.87000274658203,120.87000274658203,121.0,120.87000274658203,120.94999694824219,3741.0
2024-10-25 11:15:00+00:00,QRVO,100.41999816894531,100.41999816894531,100.43499755859375,100.37120056152344,100.37120056152344,886.0
2024-10-25 11:15:00+00:00,QUBT,1.1050000190734863,1.1050000190734863,1.1095999479293823,1.1004999876022339,1.1095999479293823,30409.0
2024-10-25 11:15:00+00:00,REKR,1.0963000059127808,1.0963000059127808,1.0963000059127808,1.0963000059127808,1.0963000059127808,207.0
2024-10-25 11:15:00+00:00,RELL,13.90999984741211,13.90999984741211,13.914999961853027,13.90999984741211,13.914999961853027,1230.0
2024-10-25 11:15:00+00:00,RELY,14.760000228881836,14.760000228881836,14.760000228881836,14.75,14.759900093078613,1736.0
2024-10-25 11:15:00+00:00,RGTI,1.298699975013733,1.298699975013733,1.2999000549316406,1.2899999618530273,1.2949999570846558,21922.0
2024-10-25 11:15:00+00:00,RIOT,10.164999961853027,10.164999961853027,10.166000366210938,10.140000343322754,10.159899711608887,37300.0
2024-10-25 11:15:00+00:00,RMBS,43.15999984741211,43.15999984741211,43.15999984741211,43.15999984741211,43.15999984741211,640.0
2024-10-25 11:15:00+00:00,RUM,5.800000190734863,5.800000190734863,5.800099849700928,5.795000076293945,5.800099849700928,8731.0
2024-10-25 11:15:00+00:00,RUN,14.423399925231934,14.423399925231934,14.430000305175781,14.420000076293945,14.425000190734863,5209.0
2024-10-25 11:15:00+00:00,SATS,25.344999313354492,25.344999313354492,25.344999313354492,25.344999313354492,25.344999313354492,422.0
2024-10-25 11:15:00+00:00,SCSC,45.23500061035156,45.23500061035156,45.23500061035156,45.23500061035156,45.23500061035156,141.0
2024-10-25 11:15:00+00:00,SEDG,16.030000686645508,16.030000686645508,16.059999465942383,16.010000228881836,16.030000686645508,12651.0
2024-10-25 11:15:00+00:00,SKYT,10.710000038146973,10.710000038146973,10.710000038146973,10.710000038146973,10.710000038146973,2700.0
2024-10-25 11:15:00+00:00,SLNH,4.300000190734863,4.300000190734863,4.300000190734863,4.300000190734863,4.300000190734863,537.0
2024-10-25 11:15:00+00:00,SMCI,47.920501708984375,47.920501708984375,47.93000030517578,47.830101013183594,47.88970184326172,67966.0
2024-10-25 11:15:00+00:00,SMTC,45.595001220703125,45.595001220703125,45.61750030517578,45.5629997253418,45.582000732421875,2200.0
2024-10-25 11:15:00+00:00,SONO,12.930000305175781,12.930000305175781,12.930700302124023,12.930000305175781,12.930700302124023,1209.0
2024-10-25 11:15:00+00:00,SOUN,5.340000152587891,5.340000152587891,5.349999904632568,5.340000152587891,5.347899913787842,76608.0
2024-10-25 11:15:00+00:00,SPSC,175.1999969482422,175.1999969482422,175.42999267578125,174.61000061035156,175.34500122070312,5268.0
2024-10-25 11:15:00+00:00,SSNC,69.81600189208984,69.81600189208984,69.83999633789062,69.80999755859375,69.81999969482422,6419.0
2024-10-25 11:15:00+00:00,SSYS,7.150000095367432,7.150000095367432,7.159999847412109,7.150000095367432,7.159999847412109,3228.0
2024-10-25 11:15:00+00:00,STNE,11.520000457763672,11.520000457763672,11.520000457763672,11.515000343322754,11.515000343322754,1787.0
2024-10-25 11:15:00+00:00,STX,104.82499694824219,104.82499694824219,104.8949966430664,104.82499694824219,104.84500122070312,3888.0
2024-10-25 11:15:00+00:00,SVRE,0.08209999650716782,0.08209999650716782,0.08209999650716782,0.08209999650716782,0.08209999650716782,2869.0
2024-10-25 11:15:00+00:00,SWKS,96.36309814453125,96.36309814453125,96.39600372314453,96.36309814453125,96.39600372314453,663.0
2024-10-25 11:15:00+00:00,SYTA,1.2649999856948853,1.2649999856948853,1.2649999856948853,1.26010000705719,1.26010000705719,1107.0
2024-10-25 11:15:00+00:00,TEAM,190.2899932861328,190.2899932861328,190.32000732421875,190.11000061035156,190.11000061035156,6092.0
2024-10-25 11:15:00+00:00,TER,113.5199966430664,113.5199966430664,113.5199966430664,113.41000366210938,113.5,9034.0
2024-10-25 11:15:00+00:00,TLS,3.6549999713897705,3.6549999713897705,3.6549999713897705,3.6549999713897705,3.6549999713897705,110.0
2024-10-25 11:15:00+00:00,TTD,120.12999725341797,120.12999725341797,120.12999725341797,120.11640167236328,120.11640167236328,842.0
2024-10-25 11:15:00+00:00,TTMI,19.739999771118164,19.739999771118164,19.739999771118164,19.739999771118164,19.739999771118164,200.0
2024-10-25 11:15:00+00:00,TWKS,4.454999923706055,4.454999923706055,4.454999923706055,4.449999809265137,4.449999809265137,10185.0
2024-10-25 11:15:00+00:00,TXN,209.22000122070312,209.22000122070312,209.22000122070312,209.11000061035156,209.1750030517578,6414.0
2024-10-25 11:15:00+00:00,UCTT,36.01499938964844,36.01499938964844,36.01499938964844,35.994998931884766,35.994998931884766,972.0
2024-10-25 11:15:00+00:00,VERI,3.4700000286102295,3.4700000286102295,3.4700000286102295,3.4649999141693115,3.4649999141693115,945.0
2024-10-25 11:15:00+00:00,VICR,47.459999084472656,47.459999084472656,47.459999084472656,47.459999084472656,47.459999084472656,173.0
2024-10-25 11:15:00+00:00,VMEO,4.769999980926514,4.769999980926514,4.769999980926514,4.769999980926514,4.769999980926514,420.0
2024-10-25 11:15:00+00:00,VNET,3.4749999046325684,3.4749999046325684,3.4749999046325684,3.4749999046325684,3.4749999046325684,359.0
2024-10-25 11:15:00+00:00,VRNS,56.96799850463867,56.96799850463867,56.96799850463867,56.939998626708984,56.939998626708984,2424.0
2024-10-25 11:15:00+00:00,VRSN,186.3800048828125,186.3800048828125,186.69219970703125,186.3300018310547,186.69219970703125,3618.0
2024-10-25 11:15:00+00:00,WDAY,240.14999389648438,240.14999389648438,240.14999389648438,240.0399932861328,240.0399932861328,1786.0
2024-10-25 11:15:00+00:00,WDC,72.66000366210938,72.66000366210938,72.73500061035156,72.66000366210938,72.70999908447266,10675.0
2024-10-25 11:15:00+00:00,XPER,9.45009994506836,9.45009994506836,9.45009994506836,9.45009994506836,9.45009994506836,1113.0
2024-10-25 11:15:00+00:00,ZI,10.555000305175781,10.555000305175781,10.555000305175781,10.555000305175781,10.555000305175781,905.0
2024-10-25 11:15:00+00:00,ZM,73.11199951171875,73.11199951171875,73.11199951171875,73.08999633789062,73.11000061035156,2665.0
2024-10-25 11:15:00+00:00,ZS,186.47000122070312,186.47000122070312,186.47000122070312,186.35499572753906,186.35499572753906,1417.0
2024-10-25 11:16:00+00:00,AAOI,18.375999450683594,18.375999450683594,18.40999984741211,18.350000381469727,18.350000381469727,9350.0
2024-10-25 11:16:00+00:00,AAPL,232.92579650878906,232.92579650878906,232.97999572753906,232.89500427246094,232.92999267578125,43211.0
2024-10-25 11:16:00+00:00,ACIW,49.03499984741211,49.03499984741211,49.03499984741211,49.03499984741211,49.03499984741211,198.0
2024-10-25 11:16:00+00:00,ACLS,90.87000274658203,90.87000274658203,90.9000015258789,90.87000274658203,90.9000015258789,649.0
2024-10-25 11:16:00+00:00,ACMR,19.975000381469727,19.975000381469727,20.0,19.975000381469727,19.989999771118164,10736.0
2024-10-25 11:16:00+00:00,ADBE,484.7900085449219,484.7900085449219,484.7900085449219,484.4750061035156,484.5799865722656,3295.0
2024-10-25 11:16:00+00:00,ADI,233.6300048828125,233.6300048828125,233.7100067138672,233.6300048828125,233.7100067138672,2844.0
2024-10-25 11:16:00+00:00,ADSK,288.02801513671875,288.02801513671875,288.0799865722656,288.02801513671875,288.0799865722656,639.0
2024-10-25 11:16:00+00:00,AEHR,16.709999084472656,16.709999084472656,16.766000747680664,16.709999084472656,16.75,6121.0
2024-10-25 11:16:00+00:00,AFRM,41.95000076293945,41.95000076293945,41.970001220703125,41.9297981262207,41.9297981262207,14226.0
2024-10-25 11:16:00+00:00,AKTS,0.0575999990105629,0.0575999990105629,0.0575999990105629,0.0575999990105629,0.0575999990105629,200.0
2024-10-25 11:16:00+00:00,ALGM,22.684999465942383,22.684999465942383,22.700000762939453,22.684999465942383,22.700000762939453,2760.0
2024-10-25 11:16:00+00:00,ALTR,105.49500274658203,105.49500274658203,105.49500274658203,105.49500274658203,105.49500274658203,385.0
2024-10-25 11:16:00+00:00,AMAT,188.27999877929688,188.27999877929688,188.39999389648438,188.25,188.27999877929688,3622.0
2024-10-25 11:16:00+00:00,AMBA,58.560001373291016,58.560001373291016,58.560001373291016,58.560001373291016,58.560001373291016,236.0
2024-10-25 11:16:00+00:00,AMD,157.61199951171875,157.61199951171875,157.6300048828125,157.50999450683594,157.57000732421875,50100.0
2024-10-25 11:16:00+00:00,AMKR,30.1299991607666,30.1299991607666,30.1299991607666,30.1299991607666,30.1299991607666,1509.0
2024-10-25 11:16:00+00:00,AMPL,9.260000228881836,9.260000228881836,9.260000228881836,9.260000228881836,9.260000228881836,300.0
2024-10-25 11:16:00+00:00,AMST,2.934999942779541,2.934999942779541,2.934999942779541,2.934999942779541,2.934999942779541,200.0
2024-10-25 11:16:00+00:00,API,2.825000047683716,2.825000047683716,2.825000047683716,2.819999933242798,2.819999933242798,3561.0
2024-10-25 11:16:00+00:00,APP,162.4304962158203,162.4304962158203,162.51499938964844,162.38999938964844,162.38999938964844,1641.0
2024-10-25 11:16:00+00:00,APPF,216.1649932861328,216.1649932861328,216.1649932861328,216.1649932861328,216.1649932861328,250.0
2024-10-25 11:16:00+00:00,APPS,3.119999885559082,3.119999885559082,3.119999885559082,3.119999885559082,3.119999885559082,1614.0
2024-10-25 11:16:00+00:00,ARRY,6.480000019073486,6.480000019073486,6.489999771118164,6.480000019073486,6.485000133514404,3285.0
2024-10-25 11:16:00+00:00,ASML,719.0349731445312,719.0349731445312,719.0349731445312,719.0349731445312,719.0349731445312,1659.0
2024-10-25 11:16:00+00:00,ASUR,9.75,9.75,9.75,9.75,9.75,204.0
2024-10-25 11:16:00+00:00,ATOM,3.3299999237060547,3.3299999237060547,3.3299999237060547,3.3299999237060547,3.3299999237060547,2282.0
2024-10-25 11:16:00+00:00,AUR,6.505000114440918,6.505000114440918,6.506700038909912,6.505000114440918,6.506700038909912,1529.0
2024-10-25 11:16:00+00:00,AVDX,8.225000381469727,8.225000381469727,8.225000381469727,8.225000381469727,8.225000381469727,430.0
2024-10-25 11:16:00+00:00,AVGO,176.1699981689453,176.1699981689453,176.2100067138672,176.1699981689453,176.17999267578125,30659.0
2024-10-25 11:16:00+00:00,AVT,54.34000015258789,54.34000015258789,54.34000015258789,54.34000015258789,54.34000015258789,425.0
2024-10-25 11:16:00+00:00,AXTI,2.6603000164031982,2.6603000164031982,2.662100076675415,2.6600000858306885,2.6617000102996826,4000.0
2024-10-25 11:16:00+00:00,BAND,17.84000015258789,17.84000015258789,17.84000015258789,17.84000015258789,17.84000015258789,628.0
2024-10-25 11:16:00+00:00,BMBL,7.295000076293945,7.295000076293945,7.295000076293945,7.290200233459473,7.295000076293945,930.0
2024-10-25 11:16:00+00:00,BRZE,30.860000610351562,30.860000610351562,30.860000610351562,30.84000015258789,30.850000381469727,2271.0
2024-10-25 11:16:00+00:00,CAMT,78.59500122070312,78.59500122070312,78.59500122070312,78.59500122070312,78.59500122070312,68.0
2024-10-25 11:16:00+00:00,CAN,1.0,1.0,1.0,1.0,1.0,200.0
2024-10-25 11:16:00+00:00,CDNS,259.04998779296875,259.04998779296875,259.04998779296875,259.04998779296875,259.04998779296875,536.0
2024-10-25 11:16:00+00:00,CDW,218.3000030517578,218.3000030517578,218.3000030517578,218.3000030517578,218.3000030517578,301.0
2024-10-25 11:16:00+00:00,CETX,0.2969000041484833,0.2969000041484833,0.296999990940094,0.2969000041484833,0.296999990940094,5787.0
2024-10-25 11:16:00+00:00,CFLT,22.68000030517578,22.68000030517578,22.700000762939453,22.673999786376953,22.690000534057617,4147.0
2024-10-25 11:16:00+00:00,CGNX,39.087501525878906,39.087501525878906,39.087501525878906,39.060001373291016,39.060001373291016,2903.0
2024-10-25 11:16:00+00:00,CLSK,12.177900314331055,12.177900314331055,12.179900169372559,12.130000114440918,12.130499839782715,76802.0
2024-10-25 11:16:00+00:00,CNDT,3.690000057220459,3.690000057220459,3.690000057220459,3.690000057220459,3.690000057220459,260.0
2024-10-25 11:16:00+00:00,COIN,212.89450073242188,212.89450073242188,212.89999389648438,212.5500946044922,212.5500946044922,10541.0
2024-10-25 11:16:00+00:00,COMM,6.395500183105469,6.395500183105469,6.395500183105469,6.395500183105469,6.395500183105469,300.0
2024-10-25 11:16:00+00:00,CORZ,13.369999885559082,13.369999885559082,13.399999618530273,13.350000381469727,13.399900436401367,35036.0
2024-10-25 11:16:00+00:00,CRDO,39.6150016784668,39.6150016784668,39.6150016784668,39.41999816894531,39.45000076293945,12944.0
2024-10-25 11:16:00+00:00,CRSR,6.434999942779541,6.434999942779541,6.434999942779541,6.434999942779541,6.434999942779541,155.0
2024-10-25 11:16:00+00:00,CRUS,122.97000122070312,122.97000122070312,122.97000122070312,122.87000274658203,122.94999694824219,960.0
2024-10-25 11:16:00+00:00,CRWD,309.8125,309.8125,309.8125,309.75,309.75,511.0
2024-10-25 11:16:00+00:00,CSCO,56.06999969482422,56.06999969482422,56.084999084472656,56.06999969482422,56.084999084472656,5099.0
2024-10-25 11:16:00+00:00,CSIQ,13.729999542236328,13.729999542236328,13.729999542236328,13.699999809265137,13.699999809265137,28699.0
2024-10-25 11:16:00+00:00,CTSH,74.79000091552734,74.79000091552734,74.79000091552734,74.7748031616211,74.78500366210938,3624.0
2024-10-25 11:16:00+00:00,DATS,1.5771000385284424,1.5771000385284424,1.5771000385284424,1.5771000385284424,1.5771000385284424,800.0
2024-10-25 11:16:00+00:00,DBX,26.040000915527344,26.040000915527344,26.045000076293945,26.040000915527344,26.040000915527344,3577.0
2024-10-25 11:16:00+00:00,DDOG,127.41999816894531,127.41999816894531,127.41999816894531,127.20999908447266,127.24500274658203,10800.0
2024-10-25 11:16:00+00:00,DLO,8.864999771118164,8.864999771118164,8.864999771118164,8.864999771118164,8.864999771118164,1032.0
2024-10-25 11:16:00+00:00,DOCU,70.55699920654297,70.55699920654297,70.55699920654297,70.51260375976562,70.51260375976562,1811.0
2024-10-25 11:16:00+00:00,DUOL,288.77801513671875,288.77801513671875,288.77801513671875,288.57000732421875,288.57000732421875,789.0
2024-10-25 11:16:00+00:00,EEFT,100.86000061035156,100.86000061035156,100.98999786376953,100.86000061035156,100.98999786376953,787.0
2024-10-25 11:16:00+00:00,ENPH,82.79000091552734,82.79000091552734,82.8499984741211,82.76000213623047,82.8499984741211,4565.0
2024-10-25 11:16:00+00:00,ENTG,105.81999969482422,105.81999969482422,105.91000366210938,105.79000091552734,105.91000366210938,1969.0
2024-10-25 11:16:00+00:00,ERIC,8.529999732971191,8.529999732971191,8.536999702453613,8.529999732971191,8.53499984741211,3414.0
2024-10-25 11:16:00+00:00,EXFY,1.7059999704360962,1.7059999704360962,1.7059999704360962,1.704800009727478,1.7050000429153442,4482.0
2024-10-25 11:16:00+00:00,EXLS,38.939998626708984,38.939998626708984,38.939998626708984,38.939998626708984,38.939998626708984,561.0
2024-10-25 11:16:00+00:00,EXTR,14.515000343322754,14.515000343322754,14.515000343322754,14.515000343322754,14.515000343322754,311.0
2024-10-25 11:16:00+00:00,FEIM,12.34000015258789,12.34000015258789,12.34000015258789,12.319999694824219,12.319999694824219,504.0
2024-10-25 11:16:00+00:00,FIVN,30.559999465942383,30.559999465942383,30.559999465942383,30.530000686645508,30.549999237060547,2258.0
2024-10-25 11:16:00+00:00,FLEX,35.45500183105469,35.45500183105469,35.459999084472656,35.45500183105469,35.459999084472656,876.0
2024-10-25 11:16:00+00:00,FROG,29.469999313354492,29.469999313354492,29.469999313354492,29.469999313354492,29.469999313354492,1329.0
2024-10-25 11:16:00+00:00,FRSH,11.720000267028809,11.720000267028809,11.720000267028809,11.710000038146973,11.710000038146973,2284.0
2024-10-25 11:16:00+00:00,FSLR,199.27000427246094,199.27000427246094,199.52000427246094,199.27000427246094,199.52000427246094,1535.0
2024-10-25 11:16:00+00:00,FTCI,0.6948999762535095,0.6948999762535095,0.6948999762535095,0.6948999762535095,0.6948999762535095,953.0
2024-10-25 11:16:00+00:00,FTNT,81.45099639892578,81.45099639892578,81.45099639892578,81.41000366210938,81.41000366210938,4431.0
2024-10-25 11:16:00+00:00,GCT,25.290000915527344,25.290000915527344,25.290000915527344,25.239999771118164,25.25,3293.0
2024-10-25 11:16:00+00:00,GDYN,15.649999618530273,15.649999618530273,15.649999618530273,15.649999618530273,15.649999618530273,200.0
2024-10-25 11:16:00+00:00,GFS,41.369998931884766,41.369998931884766,41.375,41.36000061035156,41.375,1034.0
2024-10-25 11:16:00+00:00,GRAB,4.088799953460693,4.088799953460693,4.090000152587891,4.079999923706055,4.079999923706055,1705.0
2024-10-25 11:16:00+00:00,GRRRW,0.06300000101327896,0.06300000101327896,0.06300000101327896,0.06300000101327896,0.06300000101327896,200.0
2024-10-25 11:16:00+00:00,GTLB,55.75469970703125,55.75469970703125,55.75469970703125,55.73400115966797,55.75,357.0
2024-10-25 11:16:00+00:00,HCP,33.685001373291016,33.685001373291016,33.685001373291016,33.68000030517578,33.68000030517578,301.0
2024-10-25 11:16:00+00:00,HIMX,6.224999904632568,6.224999904632568,6.224999904632568,6.21999979019165,6.21999979019165,1556.0
2024-10-25 11:16:00+00:00,HOLO,3.7300000190734863,3.7300000190734863,3.7300000190734863,3.7221999168395996,3.7249999046325684,3499.0
2024-10-25 11:16:00+00:00,HOLOW,0.037300001829862595,0.037300001829862595,0.037300001829862595,0.037300001829862595,0.037300001829862595,102.0
2024-10-25 11:16:00+00:00,HOOD,27.510000228881836,27.510000228881836,27.530000686645508,27.510000228881836,27.525999069213867,11058.0
2024-10-25 11:16:00+00:00,HTCR,1.0499999523162842,1.0499999523162842,1.0499999523162842,1.0499999523162842,1.0499999523162842,1580.0
2024-10-25 11:16:00+00:00,IMMR,8.805000305175781,8.805000305175781,8.805000305175781,8.800000190734863,8.800000190734863,501.0
2024-10-25 11:16:00+00:00,INDI,3.609999895095825,3.609999895095825,3.625,3.609999895095825,3.6215999126434326,24566.0
2024-10-25 11:16:00+00:00,INFN,6.789999961853027,6.789999961853027,6.796000003814697,6.789999961853027,6.796000003814697,3186.0
2024-10-25 11:16:00+00:00,INTC,23.094200134277344,23.094200134277344,23.110000610351562,23.09000015258789,23.101999282836914,40277.0
2024-10-25 11:16:00+00:00,INTZ,0.7289999723434448,0.7289999723434448,0.7289999723434448,0.7289999723434448,0.7289999723434448,300.0
2024-10-25 11:16:00+00:00,ITRN,27.024999618530273,27.024999618530273,27.024999618530273,27.024999618530273,27.024999618530273,403.0
2024-10-25 11:16:00+00:00,JAMF,16.860000610351562,16.860000610351562,16.860000610351562,16.860000610351562,16.860000610351562,34.0
2024-10-25 11:16:00+00:00,KC,2.7249999046325684,2.7249999046325684,2.7249999046325684,2.7249999046325684,2.7249999046325684,664.0
2024-10-25 11:16:00+00:00,KLAC,680.0,680.0,680.3699951171875,680.0,680.3699951171875,1311.0
2024-10-25 11:16:00+00:00,KOSS,7.46999979019165,7.46999979019165,7.46999979019165,7.440000057220459,7.440000057220459,251.0
2024-10-25 11:16:00+00:00,LINK,4.800099849700928,4.800099849700928,4.909999847412109,4.800000190734863,4.820000171661377,4259.0
2024-10-25 11:16:00+00:00,LITE,64.58000183105469,64.58000183105469,64.58000183105469,64.58000183105469,64.58000183105469,242.0
2024-10-25 11:16:00+00:00,LRCX,78.83999633789062,78.83999633789062,78.91000366210938,78.81999969482422,78.9000015258789,16861.0
2024-10-25 11:16:00+00:00,LSCC,54.47999954223633,54.47999954223633,54.47999954223633,54.45000076293945,54.45000076293945,893.0
2024-10-25 11:16:00+00:00,LYFT,13.8100004196167,13.8100004196167,13.819999694824219,13.8100004196167,13.819999694824219,3713.0
2024-10-25 11:16:00+00:00,MANH,275.6499938964844,275.6499938964844,275.6600036621094,275.6499938964844,275.6600036621094,885.0
2024-10-25 11:16:00+00:00,MAPS,0.8500000238418579,0.8500000238418579,0.8500999808311462,0.8500000238418579,0.8500999808311462,18386.0
2024-10-25 11:16:00+00:00,MCHP,77.1500015258789,77.1500015258789,77.19000244140625,77.1500015258789,77.19000244140625,5359.0
2024-10-25 11:16:00+00:00,MDB,267.3800048828125,267.3800048828125,267.54998779296875,267.1400146484375,267.5,9225.0
2024-10-25 11:16:00+00:00,MKSI,100.87999725341797,100.87999725341797,100.97000122070312,100.7300033569336,100.79000091552734,11334.0
2024-10-25 11:16:00+00:00,MLAB,115.97000122070312,115.97000122070312,115.97000122070312,115.97000122070312,115.97000122070312,121.0
2024-10-25 11:16:00+00:00,MNDY,300.2799987792969,300.2799987792969,300.2799987792969,300.1700134277344,300.1700134277344,1367.0
2024-10-25 11:16:00+00:00,MPWR,914.5,914.5,914.5,914.5,914.5,846.0
2024-10-25 11:16:00+00:00,MQ,5.315000057220459,5.315000057220459,5.315000057220459,5.315000057220459,5.315000057220459,1472.0
2024-10-25 11:16:00+00:00,MRVL,82.9177017211914,82.9177017211914,82.92500305175781,82.7699966430664,82.7699966430664,12614.0
2024-10-25 11:16:00+00:00,MSFT,431.4704895019531,431.4704895019531,431.55999755859375,431.3299865722656,431.3500061035156,35109.0
2024-10-25 11:16:00+00:00,MSTR,245.17999267578125,245.17999267578125,245.30999755859375,244.39999389648438,244.39999389648438,118845.0
2024-10-25 11:16:00+00:00,MTTR,4.655600070953369,4.655600070953369,4.655600070953369,4.65500020980835,4.65500020980835,700.0
2024-10-25 11:16:00+00:00,MU,109.38999938964844,109.38999938964844,109.44000244140625,109.37010192871094,109.41999816894531,10600.0
2024-10-25 11:16:00+00:00,MVIS,1.1100000143051147,1.1100000143051147,1.1100000143051147,1.1100000143051147,1.1100000143051147,70.0
2024-10-25 11:16:00+00:00,MXL,15.210000038146973,15.210000038146973,15.21500015258789,15.210000038146973,15.21500015258789,507.0
2024-10-25 11:16:00+00:00,NCNO,37.970001220703125,37.970001220703125,37.970001220703125,37.970001220703125,37.970001220703125,219.0
2024-10-25 11:16:00+00:00,NEON,8.262800216674805,8.262800216674805,8.262800216674805,8.262800216674805,8.262800216674805,562.0
2024-10-25 11:16:00+00:00,NNDM,2.359999895095825,2.359999895095825,2.359999895095825,2.359999895095825,2.359999895095825,457.0
2024-10-25 11:16:00+00:00,NTNX,62.51499938964844,62.51499938964844,62.51499938964844,62.51499938964844,62.51499938964844,215.0
2024-10-25 11:16:00+00:00,NVDA,143.83290100097656,143.83290100097656,143.8699951171875,143.78500366210938,143.86000061035156,394884.0
2024-10-25 11:16:00+00:00,NVEI,33.51499938964844,33.51499938964844,33.51499938964844,33.51499938964844,33.51499938964844,1300.0
2024-10-25 11:16:00+00:00,NVMI,184.53500366210938,184.53500366210938,184.53500366210938,184.53500366210938,184.53500366210938,108.0
2024-10-25 11:16:00+00:00,NVTS,2.625,2.625,2.630000114440918,2.6247000694274902,2.625999927520752,4299.0
2024-10-25 11:16:00+00:00,NXPI,244.63499450683594,244.63499450683594,244.63499450683594,244.55999755859375,244.55999755859375,1000.0
2024-10-25 11:16:00+00:00,OKTA,72.81770324707031,72.81770324707031,72.81770324707031,72.81770324707031,72.81770324707031,200.0
2024-10-25 11:16:00+00:00,ON,71.70999908447266,71.70999908447266,71.80999755859375,71.70999908447266,71.80000305175781,7454.0
2024-10-25 11:16:00+00:00,OTEX,33.439998626708984,33.439998626708984,33.439998626708984,33.439998626708984,33.439998626708984,207.0
2024-10-25 11:16:00+00:00,PANW,370.6000061035156,370.6000061035156,370.6000061035156,370.5199890136719,370.5199890136719,1536.0
2024-10-25 11:16:00+00:00,PEGA,81.09500122070312,81.09500122070312,81.09500122070312,81.09500122070312,81.09500122070312,110.0
2024-10-25 11:16:00+00:00,PGY,11.914999961853027,11.914999961853027,11.949999809265137,11.914999961853027,11.949999809265137,9258.0
2024-10-25 11:16:00+00:00,PHUN,9.824999809265137,9.824999809265137,9.850000381469727,9.8100004196167,9.829299926757812,39341.0
2024-10-25 11:16:00+00:00,PLAB,23.674999237060547,23.674999237060547,23.674999237060547,23.674999237060547,23.674999237060547,239.0
2024-10-25 11:16:00+00:00,PLUS,98.55999755859375,98.55999755859375,98.55999755859375,98.44999694824219,98.44999694824219,1206.0
2024-10-25 11:16:00+00:00,POET,3.987799882888794,3.987799882888794,3.987799882888794,3.9800000190734863,3.9800000190734863,10396.0
2024-10-25 11:16:00+00:00,PRCH,1.3450000286102295,1.3450000286102295,1.3450000286102295,1.3450000286102295,1.3450000286102295,129.0
2024-10-25 11:16:00+00:00,PRGS,64.875,64.875,64.875,64.875,64.875,544.0
2024-10-25 11:16:00+00:00,PTC,186.72000122070312,186.72000122070312,186.72000122070312,186.72000122070312,186.72000122070312,454.0
2024-10-25 11:16:00+00:00,PYCR,14.324999809265137,14.324999809265137,14.324999809265137,14.324999809265137,14.324999809265137,136.0
2024-10-25 11:16:00+00:00,QCOM,172.9499969482422,172.9499969482422,173.0,172.92999267578125,172.97999572753906,4317.0
2024-10-25 11:16:00+00:00,QRVO,100.37000274658203,100.37000274658203,100.48999786376953,100.37000274658203,100.48999786376953,1665.0
2024-10-25 11:16:00+00:00,QUBT,1.100000023841858,1.100000023841858,1.1007000207901,1.100000023841858,1.1007000207901,1049.0
2024-10-25 11:16:00+00:00,RCAT,2.765000104904175,2.765000104904175,2.7688000202178955,2.740000009536743,2.740000009536743,8895.0
2024-10-25 11:16:00+00:00,RGTI,1.2899999618530273,1.2899999618530273,1.299399971961975,1.2899999618530273,1.299399971961975,3188.0
2024-10-25 11:16:00+00:00,RIOT,10.189000129699707,10.189000129699707,10.189000129699707,10.15999984741211,10.164999961853027,83259.0
2024-10-25 11:16:00+00:00,RMBS,43.150001525878906,43.150001525878906,43.18000030517578,43.150001525878906,43.18000030517578,490.0
2024-10-25 11:16:00+00:00,RUM,5.81279993057251,5.81279993057251,5.81279993057251,5.809999942779541,5.810100078582764,1058.0
2024-10-25 11:16:00+00:00,RUN,14.385000228881836,14.385000228881836,14.420000076293945,14.385000228881836,14.420000076293945,6546.0
2024-10-25 11:16:00+00:00,RXT,2.5708999633789062,2.5708999633789062,2.575000047683716,2.5708999633789062,2.575000047683716,3130.0
2024-10-25 11:16:00+00:00,SATS,25.3799991607666,25.3799991607666,25.3799991607666,25.360000610351562,25.360000610351562,1024.0
2024-10-25 11:16:00+00:00,SCWX,8.390000343322754,8.390000343322754,8.390000343322754,8.390000343322754,8.390000343322754,200.0
2024-10-25 11:16:00+00:00,SEDG,16.030000686645508,16.030000686645508,16.059999465942383,16.030000686645508,16.040000915527344,5849.0
2024-10-25 11:16:00+00:00,SHLS,5.260000228881836,5.260000228881836,5.264999866485596,5.260000228881836,5.264999866485596,20978.0
2024-10-25 11:16:00+00:00,SIMO,57.04499816894531,57.04499816894531,57.04499816894531,57.04499816894531,57.04499816894531,1353.0
2024-10-25 11:16:00+00:00,SKYT,10.739999771118164,10.739999771118164,10.739999771118164,10.739999771118164,10.739999771118164,1027.0
2024-10-25 11:16:00+00:00,SMCI,47.959999084472656,47.959999084472656,47.99599838256836,47.91740036010742,47.91999816894531,39584.0
2024-10-25 11:16:00+00:00,SMTC,45.59000015258789,45.59000015258789,45.59000015258789,45.529998779296875,45.560001373291016,4492.0
2024-10-25 11:16:00+00:00,SNPS,504.510009765625,504.510009765625,504.510009765625,504.510009765625,504.510009765625,330.0
2024-10-25 11:16:00+00:00,SOBR,7.619999885559082,7.619999885559082,7.627999782562256,7.619999885559082,7.627999782562256,552.0
2024-10-25 11:16:00+00:00,SOUN,5.335000038146973,5.335000038146973,5.340000152587891,5.331500053405762,5.340000152587891,43842.0
2024-10-25 11:16:00+00:00,SPSC,175.36500549316406,175.36500549316406,175.58999633789062,175.1300048828125,175.52000427246094,3520.0
2024-10-25 11:16:00+00:00,SSNC,69.8550033569336,69.8550033569336,69.86000061035156,69.81999969482422,69.83999633789062,5614.0
2024-10-25 11:16:00+00:00,STNE,11.520000457763672,11.520000457763672,11.520000457763672,11.520000457763672,11.520000457763672,5924.0
2024-10-25 11:16:00+00:00,STX,104.82250213623047,104.82250213623047,104.88999938964844,104.82250213623047,104.83679962158203,3897.0
2024-10-25 11:16:00+00:00,SWKS,96.38999938964844,96.38999938964844,96.4749984741211,96.38999938964844,96.45999908447266,2191.0
2024-10-25 11:16:00+00:00,SYTA,1.2698999643325806,1.2698999643325806,1.2699999809265137,1.2698999643325806,1.2699999809265137,245.0
2024-10-25 11:16:00+00:00,TEAM,190.35000610351562,190.35000610351562,190.35000610351562,190.35000610351562,190.35000610351562,352.0
2024-10-25 11:16:00+00:00,TENB,41.599998474121094,41.599998474121094,41.599998474121094,41.599998474121094,41.599998474121094,343.0
2024-10-25 11:16:00+00:00,TER,113.32499694824219,113.32499694824219,113.48999786376953,113.32499694824219,113.48999786376953,5471.0
2024-10-25 11:16:00+00:00,TRMB,61.15999984741211,61.15999984741211,61.15999984741211,61.1349983215332,61.150001525878906,2218.0
2024-10-25 11:16:00+00:00,TTD,120.1521987915039,120.1521987915039,120.1521987915039,120.12999725341797,120.12999725341797,930.0
2024-10-25 11:16:00+00:00,TTEC,5.400000095367432,5.400000095367432,5.400000095367432,5.400000095367432,5.400000095367432,1685.0
2024-10-25 11:16:00+00:00,TTMI,19.739999771118164,19.739999771118164,19.739999771118164,19.739999771118164,19.739999771118164,490.0
2024-10-25 11:16:00+00:00,TWKS,4.449999809265137,4.449999809265137,4.460000038146973,4.449999809265137,4.449999809265137,690.0
2024-10-25 11:16:00+00:00,TXN,209.1649932861328,209.1649932861328,209.25970458984375,209.0780029296875,209.1999969482422,9011.0
2024-10-25 11:16:00+00:00,UCTT,36.02000045776367,36.02000045776367,36.040000915527344,36.02000045776367,36.040000915527344,836.0
2024-10-25 11:16:00+00:00,VECO,29.549999237060547,29.549999237060547,29.549999237060547,29.549999237060547,29.549999237060547,200.0
2024-10-25 11:16:00+00:00,VERI,3.4700000286102295,3.4700000286102295,3.4700000286102295,3.4700000286102295,3.4700000286102295,403.0
2024-10-25 11:16:00+00:00,VIAV,9.210000038146973,9.210000038146973,9.210000038146973,9.210000038146973,9.210000038146973,4800.0
2024-10-25 11:16:00+00:00,VMEO,4.78000020980835,4.78000020980835,4.78000020980835,4.78000020980835,4.78000020980835,202.0
2024-10-25 11:16:00+00:00,VNET,3.4700000286102295,3.4700000286102295,3.4800000190734863,3.4700000286102295,3.4800000190734863,545.0
2024-10-25 11:16:00+00:00,VOXX,7.639999866485596,7.639999866485596,7.639999866485596,7.639999866485596,7.639999866485596,208.0
2024-10-25 11:16:00+00:00,VRNS,57.0,57.0,57.0,56.97999954223633,56.97999954223633,1137.0
2024-10-25 11:16:00+00:00,VRSN,186.24000549316406,186.24000549316406,186.25,186.24000549316406,186.25,326.0
2024-10-25 11:16:00+00:00,VSAT,10.345000267028809,10.345000267028809,10.345000267028809,10.329999923706055,10.329999923706055,907.0
2024-10-25 11:16:00+00:00,VUZI,1.3101999759674072,1.3101999759674072,1.3101999759674072,1.3101999759674072,1.3101999759674072,700.0
2024-10-25 11:16:00+00:00,WDAY,240.0,240.0,240.16000366210938,240.0,240.16000366210938,2316.0
2024-10-25 11:16:00+00:00,WDC,72.6500015258789,72.6500015258789,72.67990112304688,72.62000274658203,72.67990112304688,14309.0
2024-10-25 11:16:00+00:00,WISA,1.8250000476837158,1.8250000476837158,1.8250000476837158,1.8200000524520874,1.8200000524520874,701.0
2024-10-25 11:16:00+00:00,WIX,166.07000732421875,166.07000732421875,166.07000732421875,166.05999755859375,166.07000732421875,1098.0
2024-10-25 11:16:00+00:00,WRAP,1.850000023841858,1.850000023841858,1.850000023841858,1.850000023841858,1.850000023841858,200.0
2024-10-25 11:16:00+00:00,XELA,1.9800000190734863,1.9800000190734863,1.9800000190734863,1.9800000190734863,1.9800000190734863,2100.0
2024-10-25 11:16:00+00:00,XRX,10.175000190734863,10.175000190734863,10.175000190734863,10.175000190734863,10.175000190734863,532.0
2024-10-25 11:16:00+00:00,ZI,10.555000305175781,10.555000305175781,10.5600004196167,10.550000190734863,10.5600004196167,2563.0
2024-10-25 11:16:00+00:00,ZM,73.2594985961914,73.2594985961914,73.26499938964844,73.11930084228516,73.11930084228516,2600.0
2024-10-25 11:16:00+00:00,ZS,186.63999938964844,186.63999938964844,186.63999938964844,186.63999938964844,186.63999938964844,654.0
2024-10-25 11:17:00+00:00,ACIW,49.0,49.0,49.0,49.0,49.0,1504.0
2024-10-25 11:17:00+00:00,ACMR,19.959999084472656,19.959999084472656,19.959999084472656,19.959999084472656,19.959999084472656,2559.0
2024-10-25 11:17:00+00:00,AKAM,103.18000030517578,103.18000030517578,103.18000030517578,103.18000030517578,103.18000030517578,1065.0
2024-10-25 11:17:00+00:00,ALGM,22.71500015258789,22.71500015258789,22.71500015258789,22.71500015258789,22.71500015258789,4723.0
2024-10-25 11:17:00+00:00,AMAT,188.36000061035156,188.36000061035156,188.36000061035156,188.36000061035156,188.36000061035156,7055.0
2024-10-25 11:17:00+00:00,APPF,216.5399932861328,216.5399932861328,216.5399932861328,216.5399932861328,216.5399932861328,1912.0
2024-10-25 11:17:00+00:00,ARRY,6.485000133514404,6.485000133514404,6.485000133514404,6.485000133514404,6.485000133514404,4107.0
2024-10-25 11:17:00+00:00,AUR,6.534999847412109,6.534999847412109,6.534999847412109,6.534999847412109,6.534999847412109,11890.0
2024-10-25 11:17:00+00:00,AVDX,8.239999771118164,8.239999771118164,8.239999771118164,8.239999771118164,8.239999771118164,1756.0
2024-10-25 11:17:00+00:00,AZPN,236.77000427246094,236.77000427246094,236.77000427246094,236.77000427246094,236.77000427246094,840.0
2024-10-25 11:17:00+00:00,BMBL,7.304999828338623,7.304999828338623,7.304999828338623,7.304999828338623,7.304999828338623,4354.0
2024-10-25 11:17:00+00:00,BSY,49.27000045776367,49.27000045776367,49.27000045776367,49.27000045776367,49.27000045776367,233.0
2024-10-25 11:17:00+00:00,CAMT,78.62999725341797,78.62999725341797,78.62999725341797,78.62999725341797,78.62999725341797,44.0
2024-10-25 11:17:00+00:00,CGNX,39.064998626708984,39.064998626708984,39.064998626708984,39.064998626708984,39.064998626708984,659.0
2024-10-25 11:17:00+00:00,CLBT,18.219999313354492,18.219999313354492,18.219999313354492,18.219999313354492,18.219999313354492,1177.0
2024-10-25 11:17:00+00:00,CLFD,36.58000183105469,36.58000183105469,36.58000183105469,36.58000183105469,36.58000183105469,262.0
2024-10-25 11:17:00+00:00,CNDT,3.680000066757202,3.680000066757202,3.680000066757202,3.680000066757202,3.680000066757202,3124.0
2024-10-25 11:17:00+00:00,COHR,96.24500274658203,96.24500274658203,96.24500274658203,96.24500274658203,96.24500274658203,200.0
2024-10-25 11:17:00+00:00,COIN,212.8300018310547,212.8300018310547,212.8300018310547,212.8300018310547,212.8300018310547,12996.0
2024-10-25 11:17:00+00:00,COMM,6.394999980926514,6.394999980926514,6.394999980926514,6.394999980926514,6.394999980926514,3629.0
2024-10-25 11:17:00+00:00,CRNC,2.924999952316284,2.924999952316284,2.924999952316284,2.924999952316284,2.924999952316284,7370.0
2024-10-25 11:17:00+00:00,CRWD,309.7001037597656,309.7001037597656,309.7001037597656,309.7001037597656,309.7001037597656,6356.0
2024-10-25 11:17:00+00:00,CSGS,47.7599983215332,47.7599983215332,47.7599983215332,47.7599983215332,47.7599983215332,755.0
2024-10-25 11:17:00+00:00,CVLT,134.5399932861328,134.5399932861328,134.5399932861328,134.5399932861328,134.5399932861328,1673.0
2024-10-25 11:17:00+00:00,DBX,26.044300079345703,26.044300079345703,26.044300079345703,26.044300079345703,26.044300079345703,824.0
2024-10-25 11:17:00+00:00,DDOG,127.47000122070312,127.47000122070312,127.47000122070312,127.47000122070312,127.47000122070312,12354.0
2024-10-25 11:17:00+00:00,DOMO,8.045000076293945,8.045000076293945,8.045000076293945,8.045000076293945,8.045000076293945,7.0
2024-10-25 11:17:00+00:00,FFIV,216.27000427246094,216.27000427246094,216.27000427246094,216.27000427246094,216.27000427246094,804.0
2024-10-25 11:17:00+00:00,FLEX,35.459999084472656,35.459999084472656,35.459999084472656,35.459999084472656,35.459999084472656,2494.0
2024-10-25 11:17:00+00:00,FORM,45.345001220703125,45.345001220703125,45.345001220703125,45.345001220703125,45.345001220703125,331.0
2024-10-25 11:17:00+00:00,FROG,29.469999313354492,29.469999313354492,29.469999313354492,29.469999313354492,29.469999313354492,255.0
2024-10-25 11:17:00+00:00,FRSH,11.720000267028809,11.720000267028809,11.720000267028809,11.720000267028809,11.720000267028809,2393.0
2024-10-25 11:17:00+00:00,FSLR,199.32000732421875,199.32000732421875,199.32000732421875,199.32000732421875,199.32000732421875,2725.0
2024-10-25 11:17:00+00:00,GPRO,1.3350000381469727,1.3350000381469727,1.3350000381469727,1.3350000381469727,1.3350000381469727,16017.0
2024-10-25 11:17:00+00:00,GTLB,55.79069900512695,55.79069900512695,55.79069900512695,55.79069900512695,55.79069900512695,211.0
2024-10-25 11:17:00+00:00,HEAR,16.600000381469727,16.600000381469727,16.600000381469727,16.600000381469727,16.600000381469727,481.0
2024-10-25 11:17:00+00:00,HOLO,3.7249999046325684,3.7249999046325684,3.7249999046325684,3.7249999046325684,3.7249999046325684,3904.0
2024-10-25 11:17:00+00:00,INDI,3.5950000286102295,3.5950000286102295,3.5950000286102295,3.5950000286102295,3.5950000286102295,15502.0
2024-10-25 11:17:00+00:00,INTU,611.72998046875,611.72998046875,611.72998046875,611.72998046875,611.72998046875,2028.0
2024-10-25 11:17:00+00:00,ITI,7.199999809265137,7.199999809265137,7.199999809265137,7.199999809265137,7.199999809265137,233.0
2024-10-25 11:17:00+00:00,LITE,64.55000305175781,64.55000305175781,64.55000305175781,64.55000305175781,64.55000305175781,496.0
2024-10-25 11:17:00+00:00,LOGI,81.11000061035156,81.11000061035156,81.11000061035156,81.11000061035156,81.11000061035156,948.0
2024-10-25 11:17:00+00:00,LSCC,54.43000030517578,54.43000030517578,54.43000030517578,54.43000030517578,54.43000030517578,1029.0
2024-10-25 11:17:00+00:00,MANH,275.8599853515625,275.8599853515625,275.8599853515625,275.8599853515625,275.8599853515625,1901.0
2024-10-25 11:17:00+00:00,MAXN,5.801300048828125,5.801300048828125,5.801300048828125,5.801300048828125,5.801300048828125,3238.0
2024-10-25 11:17:00+00:00,MDB,267.4949951171875,267.4949951171875,267.4949951171875,267.4949951171875,267.4949951171875,783.0
2024-10-25 11:17:00+00:00,MTC,0.37540000677108765,0.37540000677108765,0.37540000677108765,0.37540000677108765,0.37540000677108765,4370.0
2024-10-25 11:17:00+00:00,MTTR,4.664999961853027,4.664999961853027,4.664999961853027,4.664999961853027,4.664999961853027,8636.0
2024-10-25 11:17:00+00:00,NCNO,37.97999954223633,37.97999954223633,37.97999954223633,37.97999954223633,37.97999954223633,1581.0
2024-10-25 11:17:00+00:00,NICE,176.6699981689453,176.6699981689453,176.6699981689453,176.6699981689453,176.6699981689453,1690.0
2024-10-25 11:17:00+00:00,NNDM,2.3499999046325684,2.3499999046325684,2.3499999046325684,2.3499999046325684,2.3499999046325684,204.0
2024-10-25 11:17:00+00:00,NTAP,120.30000305175781,120.30000305175781,120.30000305175781,120.30000305175781,120.30000305175781,752.0
2024-10-25 11:17:00+00:00,NTCT,20.66900062561035,20.66900062561035,20.66900062561035,20.66900062561035,20.66900062561035,385.0
2024-10-25 11:17:00+00:00,NXPI,244.58999633789062,244.58999633789062,244.58999633789062,244.58999633789062,244.58999633789062,2647.0
2024-10-25 11:17:00+00:00,OKTA,72.81999969482422,72.81999969482422,72.81999969482422,72.81999969482422,72.81999969482422,527.0
2024-10-25 11:17:00+00:00,OTEX,33.44499969482422,33.44499969482422,33.44499969482422,33.44499969482422,33.44499969482422,269.0
2024-10-25 11:17:00+00:00,PANW,370.82501220703125,370.82501220703125,370.82501220703125,370.82501220703125,370.82501220703125,1228.0
2024-10-25 11:17:00+00:00,PAYO,8.324999809265137,8.324999809265137,8.324999809265137,8.324999809265137,8.324999809265137,570.0
2024-10-25 11:17:00+00:00,PEGA,81.08090209960938,81.08090209960938,81.08090209960938,81.08090209960938,81.08090209960938,2296.0
2024-10-25 11:17:00+00:00,PGY,11.89680004119873,11.89680004119873,11.89680004119873,11.89680004119873,11.89680004119873,1098.0
2024-10-25 11:17:00+00:00,POWI,63.345001220703125,63.345001220703125,63.345001220703125,63.345001220703125,63.345001220703125,1194.0
2024-10-25 11:17:00+00:00,QLYS,120.88999938964844,120.88999938964844,120.88999938964844,120.88999938964844,120.88999938964844,560.0
2024-10-25 11:17:00+00:00,QRVO,100.30999755859375,100.30999755859375,100.30999755859375,100.30999755859375,100.30999755859375,7762.0
2024-10-25 11:17:00+00:00,RGTI,1.2826000452041626,1.2826000452041626,1.2826000452041626,1.2826000452041626,1.2826000452041626,3735.0
2024-10-25 11:17:00+00:00,RMBS,43.150001525878906,43.150001525878906,43.150001525878906,43.150001525878906,43.150001525878906,548.0
2024-10-25 11:17:00+00:00,RUM,5.815000057220459,5.815000057220459,5.815000057220459,5.815000057220459,5.815000057220459,1046.0
2024-10-25 11:17:00+00:00,RUN,14.375,14.375,14.375,14.375,14.375,4911.0
2024-10-25 11:17:00+00:00,SANM,67.62999725341797,67.62999725341797,67.62999725341797,67.62999725341797,67.62999725341797,1010.0
2024-10-25 11:17:00+00:00,SHLS,5.269999980926514,5.269999980926514,5.269999980926514,5.269999980926514,5.269999980926514,15906.0
2024-10-25 11:17:00+00:00,SONO,12.925000190734863,12.925000190734863,12.925000190734863,12.925000190734863,12.925000190734863,1222.0
2024-10-25 11:17:00+00:00,SOUN,5.324999809265137,5.324999809265137,5.324999809265137,5.324999809265137,5.324999809265137,57007.0
2024-10-25 11:17:00+00:00,SPSC,176.12750244140625,176.12750244140625,176.12750244140625,176.12750244140625,176.12750244140625,3420.0
2024-10-25 11:17:00+00:00,SPT,27.364999771118164,27.364999771118164,27.364999771118164,27.364999771118164,27.364999771118164,544.0
2024-10-25 11:17:00+00:00,STNE,11.529999732971191,11.529999732971191,11.529999732971191,11.529999732971191,11.529999732971191,5678.0
2024-10-25 11:17:00+00:00,SWKS,96.30000305175781,96.30000305175781,96.30000305175781,96.30000305175781,96.30000305175781,1061.0
2024-10-25 11:17:00+00:00,TEAM,190.50999450683594,190.50999450683594,190.50999450683594,190.50999450683594,190.50999450683594,2620.0
2024-10-25 11:17:00+00:00,TWKS,4.460000038146973,4.460000038146973,4.460000038146973,4.460000038146973,4.460000038146973,1326.0
2024-10-25 11:17:00+00:00,VMEO,4.78000020980835,4.78000020980835,4.78000020980835,4.78000020980835,4.78000020980835,1922.0
2024-10-25 11:17:00+00:00,VNET,3.4700000286102295,3.4700000286102295,3.4700000286102295,3.4700000286102295,3.4700000286102295,21.0
2024-10-25 11:17:00+00:00,VRNS,57.02000045776367,57.02000045776367,57.02000045776367,57.02000045776367,57.02000045776367,412.0
2024-10-25 11:17:00+00:00,VRSN,186.16000366210938,186.16000366210938,186.16000366210938,186.16000366210938,186.16000366210938,1233.0
2024-10-25 11:17:00+00:00,VSAT,10.339799880981445,10.339799880981445,10.339799880981445,10.339799880981445,10.339799880981445,1773.0
2024-10-25 11:17:00+00:00,WDAY,240.47000122070312,240.47000122070312,240.47000122070312,240.47000122070312,240.47000122070312,3402.0
2024-10-25 11:17:00+00:00,WIX,165.9499969482422,165.9499969482422,165.9499969482422,165.9499969482422,165.9499969482422,382.0
2024-10-25 11:17:00+00:00,XRX,10.175000190734863,10.175000190734863,10.175000190734863,10.175000190734863,10.175000190734863,472.0
2024-10-25 11:17:00+00:00,ZM,73.29000091552734,73.29000091552734,73.29000091552734,73.29000091552734,73.29000091552734,1382.0
2024-10-25 11:18:00+00:00,AAOI,18.402299880981445,18.402299880981445,18.402299880981445,18.37339973449707,18.37339973449707,3736.0
2024-10-25 11:18:00+00:00,AAPL,232.9199981689453,232.9199981689453,232.9550018310547,232.91400146484375,232.92999267578125,52243.0
2024-10-25 11:18:00+00:00,ACIW,49.025001525878906,49.025001525878906,49.025001525878906,49.025001525878906,49.025001525878906,255.0
2024-10-25 11:18:00+00:00,ACLS,90.9000015258789,90.9000015258789,90.9000015258789,90.9000015258789,90.9000015258789,369.0
2024-10-25 11:18:00+00:00,ADBE,485.4248046875,485.4248046875,485.4248046875,485.2349853515625,485.2349853515625,5774.0
2024-10-25 11:18:00+00:00,AEHR,16.770000457763672,16.770000457763672,16.770000457763672,16.770000457763672,16.770000457763672,19465.0
2024-10-25 11:18:00+00:00,AFRM,41.91999816894531,41.91999816894531,41.91999816894531,41.91999816894531,41.91999816894531,4544.0
2024-10-25 11:18:00+00:00,AKTS,0.057500001043081284,0.057500001043081284,0.057500001043081284,0.057500001043081284,0.057500001043081284,44452.0
2024-10-25 11:18:00+00:00,ALGM,22.725000381469727,22.725000381469727,22.725000381469727,22.725000381469727,22.725000381469727,200.0
2024-10-25 11:18:00+00:00,AMAT,188.6300048828125,188.6300048828125,188.6300048828125,188.49000549316406,188.5,1968.0
2024-10-25 11:18:00+00:00,AMD,157.77999877929688,157.77999877929688,157.78799438476562,157.7200927734375,157.7449951171875,83850.0
2024-10-25 11:18:00+00:00,ANSS,326.8500061035156,326.8500061035156,326.8500061035156,326.79998779296875,326.79998779296875,562.0
2024-10-25 11:18:00+00:00,APP,162.55999755859375,162.55999755859375,162.55999755859375,162.55999755859375,162.55999755859375,14420.0
2024-10-25 11:18:00+00:00,APPS,3.125,3.125,3.1298999786376953,3.125,3.1298999786376953,1186.0
2024-10-25 11:18:00+00:00,ARRY,6.485000133514404,6.485000133514404,6.489999771118164,6.485000133514404,6.485000133514404,4776.0
2024-10-25 11:18:00+00:00,ATOM,3.3499999046325684,3.3499999046325684,3.3499999046325684,3.3499999046325684,3.3499999046325684,1924.0
2024-10-25 11:18:00+00:00,AUR,6.539999961853027,6.539999961853027,6.539999961853027,6.539999961853027,6.539999961853027,371.0
2024-10-25 11:18:00+00:00,AVGO,176.27499389648438,176.27499389648438,176.27499389648438,176.19500732421875,176.1999969482422,48484.0
2024-10-25 11:18:00+00:00,AVPT,12.0649995803833,12.0649995803833,12.0649995803833,12.0649995803833,12.0649995803833,1599.0
2024-10-25 11:18:00+00:00,BELFB,79.43000030517578,79.43000030517578,79.43000030517578,79.43000030517578,79.43000030517578,542.0
2024-10-25 11:18:00+00:00,BMBL,7.304999828338623,7.304999828338623,7.304999828338623,7.304999828338623,7.304999828338623,202.0
2024-10-25 11:18:00+00:00,BRZE,30.845800399780273,30.845800399780273,30.845800399780273,30.845800399780273,30.845800399780273,3262.0
2024-10-25 11:18:00+00:00,CAMT,78.62000274658203,78.62000274658203,78.62000274658203,78.62000274658203,78.62000274658203,564.0
2024-10-25 11:18:00+00:00,CCSI,20.557300567626953,20.557300567626953,20.557300567626953,20.557300567626953,20.557300567626953,582.0
2024-10-25 11:18:00+00:00,CDNS,259.07000732421875,259.07000732421875,259.07000732421875,259.0350036621094,259.0350036621094,4055.0
2024-10-25 11:18:00+00:00,CETX,0.2955000102519989,0.2955000102519989,0.2955000102519989,0.2955000102519989,0.2955000102519989,3082.0
2024-10-25 11:18:00+00:00,CFLT,22.674400329589844,22.674400329589844,22.674400329589844,22.674400329589844,22.674400329589844,2567.0
2024-10-25 11:18:00+00:00,CLSK,12.21500015258789,12.21500015258789,12.21500015258789,12.1899995803833,12.1899995803833,103070.0
2024-10-25 11:18:00+00:00,COHU,26.3700008392334,26.3700008392334,26.3700008392334,26.3700008392334,26.3700008392334,955.0
2024-10-25 11:18:00+00:00,COIN,212.92999267578125,212.92999267578125,213.08900451660156,212.8800048828125,212.968505859375,16005.0
2024-10-25 11:18:00+00:00,CORZ,13.300000190734863,13.300000190734863,13.327400207519531,13.300000190734863,13.327400207519531,74906.0
2024-10-25 11:18:00+00:00,CRCT,6.570000171661377,6.570000171661377,6.574999809265137,6.559999942779541,6.574999809265137,1521.0
2024-10-25 11:18:00+00:00,CRDO,39.7599983215332,39.7599983215332,39.7599983215332,39.7599983215332,39.7599983215332,10183.0
2024-10-25 11:18:00+00:00,CRNC,2.9240000247955322,2.9240000247955322,2.9240000247955322,2.9240000247955322,2.9240000247955322,2519.0
2024-10-25 11:18:00+00:00,CSCO,56.06999969482422,56.06999969482422,56.06999969482422,56.068199157714844,56.068199157714844,21404.0
2024-10-25 11:18:00+00:00,CSIQ,13.710000038146973,13.710000038146973,13.71500015258789,13.710000038146973,13.710000038146973,4565.0
2024-10-25 11:18:00+00:00,CTSH,74.79930114746094,74.79930114746094,74.81500244140625,74.79499816894531,74.81500244140625,4576.0
2024-10-25 11:18:00+00:00,DBX,26.045000076293945,26.045000076293945,26.045000076293945,26.045000076293945,26.045000076293945,352.0
2024-10-25 11:18:00+00:00,DDOG,127.47000122070312,127.47000122070312,127.47000122070312,127.47000122070312,127.47000122070312,404.0
2024-10-25 11:18:00+00:00,DOCU,70.63999938964844,70.63999938964844,70.6449966430664,70.62999725341797,70.63749694824219,6633.0
2024-10-25 11:18:00+00:00,EEFT,100.82499694824219,100.82499694824219,100.82499694824219,100.82499694824219,100.82499694824219,503.0
2024-10-25 11:18:00+00:00,ENPH,82.82499694824219,82.82499694824219,82.82499694824219,82.82499694824219,82.82499694824219,4886.0
2024-10-25 11:18:00+00:00,ERIC,8.53499984741211,8.53499984741211,8.53499984741211,8.53499984741211,8.53499984741211,13352.0
2024-10-25 11:18:00+00:00,EXTR,14.515000343322754,14.515000343322754,14.515000343322754,14.515000343322754,14.515000343322754,457.0
2024-10-25 11:18:00+00:00,FIVN,30.56999969482422,30.56999969482422,30.56999969482422,30.56999969482422,30.56999969482422,470.0
2024-10-25 11:18:00+00:00,FLEX,35.46419906616211,35.46419906616211,35.46500015258789,35.46419906616211,35.46500015258789,338.0
2024-10-25 11:18:00+00:00,FTNT,81.48500061035156,81.48500061035156,81.48999786376953,81.4800033569336,81.4800033569336,7086.0
2024-10-25 11:18:00+00:00,GCT,25.261699676513672,25.261699676513672,25.261699676513672,25.261699676513672,25.261699676513672,330.0
2024-10-25 11:18:00+00:00,GFS,41.380001068115234,41.380001068115234,41.380001068115234,41.36880111694336,41.36880111694336,5602.0
2024-10-25 11:18:00+00:00,GRAB,4.085000038146973,4.085000038146973,4.085000038146973,4.085000038146973,4.085000038146973,10174.0
2024-10-25 11:18:00+00:00,GTLB,55.75,55.75,55.75,55.75,55.75,303.0
2024-10-25 11:18:00+00:00,HCP,33.689998626708984,33.689998626708984,33.689998626708984,33.689998626708984,33.689998626708984,1249.0
2024-10-25 11:18:00+00:00,HLIT,14.829999923706055,14.829999923706055,14.829999923706055,14.829999923706055,14.829999923706055,590.0
2024-10-25 11:18:00+00:00,HOLO,3.7200000286102295,3.7200000286102295,3.7200000286102295,3.7200000286102295,3.7200000286102295,200.0
2024-10-25 11:18:00+00:00,HOOD,27.540000915527344,27.540000915527344,27.540000915527344,27.524999618530273,27.524999618530273,27345.0
2024-10-25 11:18:00+00:00,IMXI,17.75,17.75,17.75,17.75,17.75,618.0
2024-10-25 11:18:00+00:00,INDI,3.5950000286102295,3.5950000286102295,3.5950000286102295,3.5899999141693115,3.5899999141693115,1006.0
2024-10-25 11:18:00+00:00,INTC,23.1200008392334,23.1200008392334,23.1200008392334,23.084999084472656,23.084999084472656,185866.0
2024-10-25 11:18:00+00:00,INTU,611.8049926757812,611.8049926757812,611.8049926757812,611.72998046875,611.72998046875,780.0
2024-10-25 11:18:00+00:00,ITRN,27.0,27.0,27.0,27.0,27.0,755.0
2024-10-25 11:18:00+00:00,JAMF,16.850000381469727,16.850000381469727,16.850000381469727,16.850000381469727,16.850000381469727,1771.0
2024-10-25 11:18:00+00:00,KC,2.7249999046325684,2.7249999046325684,2.7249999046325684,2.7249999046325684,2.7249999046325684,3250.0
2024-10-25 11:18:00+00:00,LINK,4.809899806976318,4.809899806976318,4.819900035858154,4.809899806976318,4.819900035858154,10121.0
2024-10-25 11:18:00+00:00,LITE,64.58000183105469,64.58000183105469,64.58000183105469,64.58000183105469,64.58000183105469,318.0
2024-10-25 11:18:00+00:00,LOGI,81.12999725341797,81.12999725341797,81.12999725341797,81.12999725341797,81.12999725341797,702.0
2024-10-25 11:18:00+00:00,LRCX,78.91999816894531,78.91999816894531,78.91999816894531,78.88089752197266,78.88999938964844,24967.0
2024-10-25 11:18:00+00:00,LSCC,54.470001220703125,54.470001220703125,54.47999954223633,54.470001220703125,54.47999954223633,1452.0
2024-10-25 11:18:00+00:00,LYFT,13.800100326538086,13.800100326538086,13.805000305175781,13.800000190734863,13.805000305175781,29060.0
2024-10-25 11:18:00+00:00,MAPS,0.8456000089645386,0.8456000089645386,0.8456000089645386,0.8456000089645386,0.8456000089645386,0.0
2024-10-25 11:18:00+00:00,MCHP,77.13999938964844,77.13999938964844,77.16000366210938,77.13999938964844,77.1500015258789,7646.0
2024-10-25 11:18:00+00:00,MDB,267.4949951171875,267.4949951171875,267.5148010253906,267.4949951171875,267.4949951171875,1131.0
2024-10-25 11:18:00+00:00,MNDO,1.9946999549865723,1.9946999549865723,1.9946999549865723,1.9946999549865723,1.9946999549865723,980.0
2024-10-25 11:18:00+00:00,MNDY,300.2049865722656,300.2049865722656,300.2049865722656,300.2049865722656,300.2049865722656,1006.0
2024-10-25 11:18:00+00:00,MRVL,82.83999633789062,82.83999633789062,82.86499786376953,82.81999969482422,82.83499908447266,25017.0
2024-10-25 11:18:00+00:00,MSFT,431.5498962402344,431.5498962402344,431.5899963378906,431.5498962402344,431.54998779296875,33258.0
2024-10-25 11:18:00+00:00,MSTR,245.4185028076172,245.4185028076172,245.56570434570312,245.1999969482422,245.3000030517578,64062.0
2024-10-25 11:18:00+00:00,MTSI,120.20999908447266,120.20999908447266,120.20999908447266,120.20999908447266,120.20999908447266,200.0
2024-10-25 11:18:00+00:00,MU,109.4000015258789,109.4000015258789,109.44999694824219,109.37999725341797,109.38999938964844,23855.0
2024-10-25 11:18:00+00:00,MXL,15.204999923706055,15.204999923706055,15.204999923706055,15.180000305175781,15.180000305175781,3666.0
2024-10-25 11:18:00+00:00,NCNO,37.9900016784668,37.9900016784668,37.9900016784668,37.9900016784668,37.9900016784668,142.0
2024-10-25 11:18:00+00:00,NEON,8.210000038146973,8.210000038146973,8.210000038146973,8.210000038146973,8.210000038146973,400.0
2024-10-25 11:18:00+00:00,NTNX,62.52000045776367,62.52000045776367,62.54999923706055,62.52000045776367,62.54999923706055,7216.0
2024-10-25 11:18:00+00:00,NVDA,143.9600067138672,143.9600067138672,143.97000122070312,143.91000366210938,143.9199981689453,753831.0
2024-10-25 11:18:00+00:00,OBLG,3.7725000381469727,3.7725000381469727,3.7725000381469727,3.7725000381469727,3.7725000381469727,1053.0
2024-10-25 11:18:00+00:00,OKTA,72.87999725341797,72.87999725341797,72.87999725341797,72.87999725341797,72.87999725341797,170.0
2024-10-25 11:18:00+00:00,ON,71.81999969482422,71.81999969482422,71.81999969482422,71.7750015258789,71.7750015258789,17154.0
2024-10-25 11:18:00+00:00,PAYO,8.319999694824219,8.319999694824219,8.319999694824219,8.319999694824219,8.319999694824219,243.0
2024-10-25 11:18:00+00:00,PAYS,3.7400999069213867,3.7400999069213867,3.7400999069213867,3.7400999069213867,3.7400999069213867,831.0
2024-10-25 11:18:00+00:00,PHUN,9.819999694824219,9.819999694824219,9.84000015258789,9.819999694824219,9.84000015258789,52726.0
2024-10-25 11:18:00+00:00,PI,204.9167938232422,204.9167938232422,204.9167938232422,204.44000244140625,204.44000244140625,1880.0
2024-10-25 11:18:00+00:00,PTC,186.6999969482422,186.6999969482422,186.6999969482422,186.6999969482422,186.6999969482422,7757.0
2024-10-25 11:18:00+00:00,PYCR,14.329999923706055,14.329999923706055,14.329999923706055,14.329999923706055,14.329999923706055,530.0
2024-10-25 11:18:00+00:00,QCOM,172.93499755859375,172.93499755859375,172.93499755859375,172.9199981689453,172.9199981689453,16557.0
2024-10-25 11:18:00+00:00,QMCO,5.386899948120117,5.386899948120117,5.386899948120117,5.386899948120117,5.386899948120117,1209.0
2024-10-25 11:18:00+00:00,QRVO,100.30000305175781,100.30000305175781,100.34500122070312,100.29000091552734,100.34500122070312,1860.0
2024-10-25 11:18:00+00:00,QUBT,1.1050000190734863,1.1050000190734863,1.1050000190734863,1.1050000190734863,1.1050000190734863,2344.0
2024-10-25 11:18:00+00:00,RCAT,2.765000104904175,2.765000104904175,2.765000104904175,2.765000104904175,2.765000104904175,572.0
2024-10-25 11:18:00+00:00,REKR,1.0950000286102295,1.0950000286102295,1.0950000286102295,1.0950000286102295,1.0950000286102295,489.0
2024-10-25 11:18:00+00:00,RELY,14.760000228881836,14.760000228881836,14.760000228881836,14.760000228881836,14.760000228881836,2114.0
2024-10-25 11:18:00+00:00,RGTI,1.2805999517440796,1.2805999517440796,1.284999966621399,1.2805999517440796,1.284999966621399,11320.0
2024-10-25 11:18:00+00:00,RIOT,10.201700210571289,10.201700210571289,10.208999633789062,10.194999694824219,10.194999694824219,71598.0
2024-10-25 11:18:00+00:00,RMBS,43.15999984741211,43.15999984741211,43.15999984741211,43.15999984741211,43.15999984741211,390.0
2024-10-25 11:18:00+00:00,RUM,5.809999942779541,5.809999942779541,5.815000057220459,5.809999942779541,5.815000057220459,2060.0
2024-10-25 11:18:00+00:00,RUN,14.380000114440918,14.380000114440918,14.380000114440918,14.380000114440918,14.380000114440918,2050.0
2024-10-25 11:18:00+00:00,SANM,67.62999725341797,67.62999725341797,67.62999725341797,67.62999725341797,67.62999725341797,450.0
2024-10-25 11:18:00+00:00,SCWX,8.390000343322754,8.390000343322754,8.390000343322754,8.390000343322754,8.390000343322754,2512.0
2024-10-25 11:18:00+00:00,SEDG,16.059999465942383,16.059999465942383,16.059999465942383,16.040000915527344,16.040000915527344,13702.0
2024-10-25 11:18:00+00:00,SHLS,5.269999980926514,5.269999980926514,5.269999980926514,5.269999980926514,5.269999980926514,4611.0
2024-10-25 11:18:00+00:00,SMCI,48.012001037597656,48.012001037597656,48.02080154418945,47.970001220703125,47.974998474121094,52912.0
2024-10-25 11:18:00+00:00,SMTC,45.630001068115234,45.630001068115234,45.630001068115234,45.595001220703125,45.595001220703125,653.0
2024-10-25 11:18:00+00:00,SNPS,504.4700012207031,504.4700012207031,504.4700012207031,504.4100036621094,504.4100036621094,1991.0
2024-10-25 11:18:00+00:00,SPSC,176.8000030517578,176.8000030517578,176.8000030517578,176.8000030517578,176.8000030517578,527.0
2024-10-25 11:18:00+00:00,SSNC,69.97000122070312,69.97000122070312,69.9800033569336,69.94999694824219,69.94999694824219,8489.0
2024-10-25 11:18:00+00:00,STNE,11.539999961853027,11.539999961853027,11.539999961853027,11.530900001525879,11.530900001525879,1464.0
2024-10-25 11:18:00+00:00,STX,104.83999633789062,104.83999633789062,104.83999633789062,104.83999633789062,104.83999633789062,5094.0
2024-10-25 11:18:00+00:00,SVRE,0.0820000022649765,0.0820000022649765,0.0820000022649765,0.0820000022649765,0.0820000022649765,2002.0
2024-10-25 11:18:00+00:00,SWKS,96.37000274658203,96.37000274658203,96.37000274658203,96.36000061035156,96.36000061035156,504.0
2024-10-25 11:18:00+00:00,TENB,41.60499954223633,41.60499954223633,41.630001068115234,41.60499954223633,41.6150016784668,1152.0
2024-10-25 11:18:00+00:00,TER,113.36000061035156,113.36000061035156,113.37000274658203,113.33000183105469,113.33000183105469,6005.0
2024-10-25 11:18:00+00:00,TTD,120.13159942626953,120.13159942626953,120.16999816894531,120.13159942626953,120.16999816894531,2814.0
2024-10-25 11:18:00+00:00,TTMI,19.739999771118164,19.739999771118164,19.739999771118164,19.729999542236328,19.729999542236328,600.0
2024-10-25 11:18:00+00:00,TWKS,4.449999809265137,4.449999809265137,4.449999809265137,4.449999809265137,4.449999809265137,9600.0
2024-10-25 11:18:00+00:00,TXN,209.27000427246094,209.27000427246094,209.30999755859375,209.25999450683594,209.25999450683594,4748.0
2024-10-25 11:18:00+00:00,VECO,29.56999969482422,29.56999969482422,29.56999969482422,29.56999969482422,29.56999969482422,285.0
2024-10-25 11:18:00+00:00,VRSN,186.14999389648438,186.14999389648438,186.14999389648438,186.14999389648438,186.14999389648438,268.0
2024-10-25 11:18:00+00:00,WDAY,240.5399932861328,240.5399932861328,240.5399932861328,240.52999877929688,240.52999877929688,1246.0
2024-10-25 11:18:00+00:00,WDC,72.4800033569336,72.4800033569336,72.49500274658203,72.47010040283203,72.49500274658203,25618.0
2024-10-25 11:18:00+00:00,ZI,10.555000305175781,10.555000305175781,10.555000305175781,10.555000305175781,10.555000305175781,404.0
2024-10-25 11:19:00+00:00,AIRG,9.0649995803833,9.0649995803833,9.0649995803833,9.0649995803833,9.0649995803833,1897.0
2024-10-25 11:19:00+00:00,ALRM,54.779998779296875,54.779998779296875,54.779998779296875,54.779998779296875,54.779998779296875,426.0
2024-10-25 11:19:00+00:00,AUID,6.764999866485596,6.764999866485596,6.764999866485596,6.764999866485596,6.764999866485596,86.0
2024-10-25 11:19:00+00:00,CDW,218.52000427246094,218.52000427246094,218.52000427246094,218.52000427246094,218.52000427246094,967.0
2024-10-25 11:19:00+00:00,CLBT,18.219999313354492,18.219999313354492,18.219999313354492,18.219999313354492,18.219999313354492,1299.0
2024-10-25 11:19:00+00:00,CRUS,123.11499786376953,123.11499786376953,123.11499786376953,123.11499786376953,123.11499786376953,811.0
2024-10-25 11:19:00+00:00,CSGS,47.77000045776367,47.77000045776367,47.77000045776367,47.77000045776367,47.77000045776367,596.0
2024-10-25 11:19:00+00:00,CYBR,293.3500061035156,293.3500061035156,293.3500061035156,293.3500061035156,293.3500061035156,468.0
2024-10-25 11:19:00+00:00,DUOL,288.8890075683594,288.8890075683594,288.8890075683594,288.8890075683594,288.8890075683594,1588.0
2024-10-25 11:19:00+00:00,FEIM,12.305000305175781,12.305000305175781,12.305000305175781,12.305000305175781,12.305000305175781,0.0
2024-10-25 11:19:00+00:00,FFIV,216.32000732421875,216.32000732421875,216.32000732421875,216.32000732421875,216.32000732421875,1403.0
2024-10-25 11:19:00+00:00,GFS,41.36000061035156,41.36000061035156,41.36000061035156,41.36000061035156,41.36000061035156,5436.0
2024-10-25 11:19:00+00:00,INTU,610.7849731445312,610.7849731445312,610.7849731445312,610.7849731445312,610.7849731445312,3364.0
2024-10-25 11:19:00+00:00,KLAC,681.010009765625,681.010009765625,681.010009765625,681.010009765625,681.010009765625,2541.0
2024-10-25 11:19:00+00:00,LFUS,255.1199951171875,255.1199951171875,255.1199951171875,255.1199951171875,255.1199951171875,495.0
2024-10-25 11:19:00+00:00,LTRX,4.034999847412109,4.034999847412109,4.034999847412109,4.034999847412109,4.034999847412109,871.0
2024-10-25 11:19:00+00:00,MANH,276.0,276.0,276.0,276.0,276.0,812.0
2024-10-25 11:19:00+00:00,NXPL,1.089900016784668,1.089900016784668,1.089900016784668,1.089900016784668,1.089900016784668,1407.0
2024-10-25 11:19:00+00:00,PEGY,4.658199787139893,4.658199787139893,4.658199787139893,4.658199787139893,4.658199787139893,1111.0
2024-10-25 11:19:00+00:00,RMBS,43.20000076293945,43.20000076293945,43.20000076293945,43.20000076293945,43.20000076293945,3141.0
2024-10-25 11:19:00+00:00,SNPS,504.4049987792969,504.4049987792969,504.4049987792969,504.4049987792969,504.4049987792969,1506.0
2024-10-25 11:19:00+00:00,SONO,12.920000076293945,12.920000076293945,12.920000076293945,12.920000076293945,12.920000076293945,3059.0
2024-10-25 11:19:00+00:00,SPSC,176.66000366210938,176.66000366210938,176.66000366210938,176.66000366210938,176.66000366210938,802.0
2024-10-25 11:19:00+00:00,SSYS,7.150000095367432,7.150000095367432,7.150000095367432,7.150000095367432,7.150000095367432,3317.0
2024-10-25 11:20:00+00:00,AAOI,18.309999465942383,18.309999465942383,18.309999465942383,18.309999465942383,18.309999465942383,5762.0
2024-10-25 11:20:00+00:00,AAPL,232.9550018310547,232.9550018310547,232.9550018310547,232.9550018310547,232.9550018310547,91549.0
2024-10-25 11:20:00+00:00,ACLS,90.9000015258789,90.9000015258789,90.9000015258789,90.9000015258789,90.9000015258789,1336.0
2024-10-25 11:20:00+00:00,ACMR,19.940000534057617,19.940000534057617,19.940000534057617,19.940000534057617,19.940000534057617,4327.0
2024-10-25 11:20:00+00:00,ADBE,485.3349914550781,485.3349914550781,485.3349914550781,485.3349914550781,485.3349914550781,8699.0
2024-10-25 11:20:00+00:00,ADTN,6.375,6.375,6.375,6.375,6.375,1968.0
2024-10-25 11:20:00+00:00,AFRM,41.849998474121094,41.849998474121094,41.849998474121094,41.849998474121094,41.849998474121094,11169.0
2024-10-25 11:20:00+00:00,AKAM,103.26499938964844,103.26499938964844,103.26499938964844,103.26499938964844,103.26499938964844,2324.0
2024-10-25 11:20:00+00:00,ALGM,22.780000686645508,22.780000686645508,22.780000686645508,22.780000686645508,22.780000686645508,9047.0
2024-10-25 11:20:00+00:00,ALKT,38.189998626708984,38.189998626708984,38.189998626708984,38.189998626708984,38.189998626708984,1063.0
2024-10-25 11:20:00+00:00,AMAT,188.6699981689453,188.6699981689453,188.6699981689453,188.6699981689453,188.6699981689453,9906.0
2024-10-25 11:20:00+00:00,AMBA,58.520999908447266,58.520999908447266,58.520999908447266,58.520999908447266,58.520999908447266,690.0
2024-10-25 11:20:00+00:00,AMD,157.75999450683594,157.75999450683594,157.75999450683594,157.75999450683594,157.75999450683594,217059.0
2024-10-25 11:20:00+00:00,AMKR,30.176700592041016,30.176700592041016,30.176700592041016,30.176700592041016,30.176700592041016,3527.0
2024-10-25 11:20:00+00:00,ANSS,326.7200012207031,326.7200012207031,326.7200012207031,326.7200012207031,326.7200012207031,366.0
2024-10-25 11:20:00+00:00,AOSL,36.650001525878906,36.650001525878906,36.650001525878906,36.650001525878906,36.650001525878906,304.0
2024-10-25 11:20:00+00:00,APP,162.1999969482422,162.1999969482422,162.1999969482422,162.1999969482422,162.1999969482422,8855.0
2024-10-25 11:20:00+00:00,APPN,32.224998474121094,32.224998474121094,32.224998474121094,32.224998474121094,32.224998474121094,615.0
2024-10-25 11:20:00+00:00,APPS,3.119999885559082,3.119999885559082,3.119999885559082,3.119999885559082,3.119999885559082,4411.0
2024-10-25 11:20:00+00:00,ARRY,6.465000152587891,6.465000152587891,6.465000152587891,6.465000152587891,6.465000152587891,24903.0
2024-10-25 11:20:00+00:00,ASML,719.2999877929688,719.2999877929688,719.2999877929688,719.2999877929688,719.2999877929688,14449.0
2024-10-25 11:20:00+00:00,ASTI,2.630000114440918,2.630000114440918,2.630000114440918,2.630000114440918,2.630000114440918,198.0
2024-10-25 11:20:00+00:00,AUR,6.559899806976318,6.559899806976318,6.559899806976318,6.559899806976318,6.559899806976318,30957.0
2024-10-25 11:20:00+00:00,AVGO,176.48680114746094,176.48680114746094,176.48680114746094,176.48680114746094,176.48680114746094,84756.0
2024-10-25 11:20:00+00:00,AVNW,20.899999618530273,20.899999618530273,20.899999618530273,20.899999618530273,20.899999618530273,1270.0
2024-10-25 11:20:00+00:00,BIGC,5.349999904632568,5.349999904632568,5.349999904632568,5.349999904632568,5.349999904632568,1269.0
2024-10-25 11:20:00+00:00,CDNS,259.3949890136719,259.3949890136719,259.3949890136719,259.3949890136719,259.3949890136719,24332.0
2024-10-25 11:20:00+00:00,CFLT,22.81999969482422,22.81999969482422,22.81999969482422,22.81999969482422,22.81999969482422,35176.0
2024-10-25 11:20:00+00:00,CGNX,39.03499984741211,39.03499984741211,39.03499984741211,39.03499984741211,39.03499984741211,3548.0
2024-10-25 11:20:00+00:00,CNDT,3.684999942779541,3.684999942779541,3.684999942779541,3.684999942779541,3.684999942779541,848.0
2024-10-25 11:20:00+00:00,CNXC,44.970001220703125,44.970001220703125,44.970001220703125,44.970001220703125,44.970001220703125,1899.0
2024-10-25 11:20:00+00:00,COIN,212.2899932861328,212.2899932861328,212.2899932861328,212.2899932861328,212.2899932861328,18893.0
2024-10-25 11:20:00+00:00,COMM,6.385000228881836,6.385000228881836,6.385000228881836,6.385000228881836,6.385000228881836,6196.0
2024-10-25 11:20:00+00:00,CRDO,39.849998474121094,39.849998474121094,39.849998474121094,39.849998474121094,39.849998474121094,18115.0
2024-10-25 11:20:00+00:00,CRNC,2.9200000762939453,2.9200000762939453,2.9200000762939453,2.9200000762939453,2.9200000762939453,2191.0
2024-10-25 11:20:00+00:00,CRWD,309.67999267578125,309.67999267578125,309.67999267578125,309.67999267578125,309.67999267578125,5621.0
2024-10-25 11:20:00+00:00,CSCO,56.040000915527344,56.040000915527344,56.040000915527344,56.040000915527344,56.040000915527344,61631.0
2024-10-25 11:20:00+00:00,CSIQ,13.668000221252441,13.668000221252441,13.668000221252441,13.668000221252441,13.668000221252441,20166.0
2024-10-25 11:20:00+00:00,CVLT,134.43800354003906,134.43800354003906,134.43800354003906,134.43800354003906,134.43800354003906,3113.0
2024-10-25 11:20:00+00:00,DAVE,40.060001373291016,40.060001373291016,40.060001373291016,40.060001373291016,40.060001373291016,2773.0
2024-10-25 11:20:00+00:00,DBX,26.010000228881836,26.010000228881836,26.010000228881836,26.010000228881836,26.010000228881836,9796.0
2024-10-25 11:20:00+00:00,DDOG,127.62000274658203,127.62000274658203,127.62000274658203,127.62000274658203,127.62000274658203,14998.0
2024-10-25 11:20:00+00:00,DLO,8.895000457763672,8.895000457763672,8.895000457763672,8.895000457763672,8.895000457763672,4803.0
2024-10-25 11:20:00+00:00,DOMO,8.045000076293945,8.045000076293945,8.045000076293945,8.045000076293945,8.045000076293945,347.0
2024-10-25 11:20:00+00:00,ENTG,105.77999877929688,105.77999877929688,105.77999877929688,105.77999877929688,105.77999877929688,2092.0
2024-10-25 11:20:00+00:00,EXTR,14.515000343322754,14.515000343322754,14.515000343322754,14.515000343322754,14.515000343322754,651.0
2024-10-25 11:20:00+00:00,FIVN,30.579999923706055,30.579999923706055,30.579999923706055,30.579999923706055,30.579999923706055,5506.0
2024-10-25 11:20:00+00:00,FORM,45.349998474121094,45.349998474121094,45.349998474121094,45.349998474121094,45.349998474121094,655.0
2024-10-25 11:20:00+00:00,FROG,29.469999313354492,29.469999313354492,29.469999313354492,29.469999313354492,29.469999313354492,793.0
2024-10-25 11:20:00+00:00,FRSH,11.71500015258789,11.71500015258789,11.71500015258789,11.71500015258789,11.71500015258789,4284.0
2024-10-25 11:20:00+00:00,FSLR,199.47999572753906,199.47999572753906,199.47999572753906,199.47999572753906,199.47999572753906,5783.0
2024-10-25 11:20:00+00:00,GCT,25.184999465942383,25.184999465942383,25.184999465942383,25.184999465942383,25.184999465942383,8381.0
2024-10-25 11:20:00+00:00,GPRO,1.340000033378601,1.340000033378601,1.340000033378601,1.340000033378601,1.340000033378601,2059.0
2024-10-25 11:20:00+00:00,GTLB,55.75,55.75,55.75,55.75,55.75,1795.0
2024-10-25 11:20:00+00:00,HIMX,6.224999904632568,6.224999904632568,6.224999904632568,6.224999904632568,6.224999904632568,794.0
2024-10-25 11:20:00+00:00,HLIT,14.824999809265137,14.824999809265137,14.824999809265137,14.824999809265137,14.824999809265137,3653.0
2024-10-25 11:20:00+00:00,HOLO,3.715399980545044,3.715399980545044,3.715399980545044,3.715399980545044,3.715399980545044,8534.0
2024-10-25 11:20:00+00:00,HOOD,27.5,27.5,27.5,27.5,27.5,74866.0
2024-10-25 11:20:00+00:00,ICHR,28.01020050048828,28.01020050048828,28.01020050048828,28.01020050048828,28.01020050048828,864.0
2024-10-25 11:20:00+00:00,INDI,3.575000047683716,3.575000047683716,3.575000047683716,3.575000047683716,3.575000047683716,20242.0
2024-10-25 11:20:00+00:00,ITRI,103.0199966430664,103.0199966430664,103.0199966430664,103.0199966430664,103.0199966430664,516.0
2024-10-25 11:20:00+00:00,KLIC,44.39500045776367,44.39500045776367,44.39500045776367,44.39500045776367,44.39500045776367,483.0
2024-10-25 11:20:00+00:00,LINK,4.775000095367432,4.775000095367432,4.775000095367432,4.775000095367432,4.775000095367432,17873.0
2024-10-25 11:20:00+00:00,LITE,64.3949966430664,64.3949966430664,64.3949966430664,64.3949966430664,64.3949966430664,4500.0
2024-10-25 11:20:00+00:00,LRCX,79.06999969482422,79.06999969482422,79.06999969482422,79.06999969482422,79.06999969482422,79442.0
2024-10-25 11:20:00+00:00,LSCC,54.459999084472656,54.459999084472656,54.459999084472656,54.459999084472656,54.459999084472656,3828.0
2024-10-25 11:20:00+00:00,LUNA,1.815000057220459,1.815000057220459,1.815000057220459,1.815000057220459,1.815000057220459,206.0
2024-10-25 11:20:00+00:00,MCHP,77.125,77.125,77.125,77.125,77.125,17936.0
2024-10-25 11:20:00+00:00,MDB,267.7124938964844,267.7124938964844,267.7124938964844,267.7124938964844,267.7124938964844,13046.0
2024-10-25 11:20:00+00:00,MKSI,100.98999786376953,100.98999786376953,100.98999786376953,100.98999786376953,100.98999786376953,12395.0
2024-10-25 11:20:00+00:00,MNDY,300.0,300.0,300.0,300.0,300.0,3575.0
2024-10-25 11:20:00+00:00,MPWR,917.1298828125,917.1298828125,917.1298828125,917.1298828125,917.1298828125,988.0
2024-10-25 11:20:00+00:00,MQ,5.300000190734863,5.300000190734863,5.300000190734863,5.300000190734863,5.300000190734863,4854.0
2024-10-25 11:20:00+00:00,MRVL,82.91999816894531,82.91999816894531,82.91999816894531,82.91999816894531,82.91999816894531,34479.0
2024-10-25 11:20:00+00:00,MSFT,431.7449951171875,431.7449951171875,431.7449951171875,431.7449951171875,431.7449951171875,44496.0
2024-10-25 11:20:00+00:00,MSTR,244.2899932861328,244.2899932861328,244.2899932861328,244.2899932861328,244.2899932861328,110319.0
2024-10-25 11:20:00+00:00,MTEK,1.9450000524520874,1.9450000524520874,1.9450000524520874,1.9450000524520874,1.9450000524520874,0.0
2024-10-25 11:20:00+00:00,MTTR,4.670000076293945,4.670000076293945,4.670000076293945,4.670000076293945,4.670000076293945,4553.0
2024-10-25 11:20:00+00:00,MU,109.46499633789062,109.46499633789062,109.46499633789062,109.46499633789062,109.46499633789062,52545.0
2024-10-25 11:20:00+00:00,NTAP,120.29000091552734,120.29000091552734,120.29000091552734,120.29000091552734,120.29000091552734,1126.0
2024-10-25 11:20:00+00:00,NTGR,20.389999389648438,20.389999389648438,20.389999389648438,20.389999389648438,20.389999389648438,1132.0
2024-10-25 11:20:00+00:00,NTNX,62.59000015258789,62.59000015258789,62.59000015258789,62.59000015258789,62.59000015258789,4663.0
2024-10-25 11:20:00+00:00,NXPI,244.66000366210938,244.66000366210938,244.66000366210938,244.66000366210938,244.66000366210938,4343.0
2024-10-25 11:20:00+00:00,OKTA,72.83000183105469,72.83000183105469,72.83000183105469,72.83000183105469,72.83000183105469,1652.0
2024-10-25 11:20:00+00:00,ON,71.7699966430664,71.7699966430664,71.7699966430664,71.7699966430664,71.7699966430664,23895.0
2024-10-25 11:20:00+00:00,PANW,370.4599914550781,370.4599914550781,370.4599914550781,370.4599914550781,370.4599914550781,3341.0
2024-10-25 11:20:00+00:00,PAYO,8.3149995803833,8.3149995803833,8.3149995803833,8.3149995803833,8.3149995803833,5696.0
2024-10-25 11:20:00+00:00,PEGA,81.05999755859375,81.05999755859375,81.05999755859375,81.05999755859375,81.05999755859375,13044.0
2024-10-25 11:20:00+00:00,PHUN,9.780099868774414,9.780099868774414,9.780099868774414,9.780099868774414,9.780099868774414,97462.0
2024-10-25 11:20:00+00:00,PI,203.3699951171875,203.3699951171875,203.3699951171875,203.3699951171875,203.3699951171875,7991.0
2024-10-25 11:20:00+00:00,PLXS,142.58999633789062,142.58999633789062,142.58999633789062,142.58999633789062,142.58999633789062,797.0
2024-10-25 11:20:00+00:00,PUBM,14.989999771118164,14.989999771118164,14.989999771118164,14.989999771118164,14.989999771118164,2181.0
2024-10-25 11:20:00+00:00,PYCR,14.350000381469727,14.350000381469727,14.350000381469727,14.350000381469727,14.350000381469727,1598.0
2024-10-25 11:20:00+00:00,QCOM,172.98959350585938,172.98959350585938,172.98959350585938,172.98959350585938,172.98959350585938,20640.0
2024-10-25 11:20:00+00:00,QLYS,120.98999786376953,120.98999786376953,120.98999786376953,120.98999786376953,120.98999786376953,1745.0
2024-10-25 11:20:00+00:00,QRVO,100.25,100.25,100.25,100.25,100.25,6627.0
2024-10-25 11:20:00+00:00,RELY,14.765000343322754,14.765000343322754,14.765000343322754,14.765000343322754,14.765000343322754,3046.0
2024-10-25 11:20:00+00:00,RIOT,10.164999961853027,10.164999961853027,10.164999961853027,10.164999961853027,10.164999961853027,133645.0
2024-10-25 11:20:00+00:00,RUN,14.3100004196167,14.3100004196167,14.3100004196167,14.3100004196167,14.3100004196167,35090.0
2024-10-25 11:20:00+00:00,RXT,2.575000047683716,2.575000047683716,2.575000047683716,2.575000047683716,2.575000047683716,446.0
2024-10-25 11:20:00+00:00,SATS,25.31999969482422,25.31999969482422,25.31999969482422,25.31999969482422,25.31999969482422,3291.0
2024-10-25 11:20:00+00:00,SCSC,45.16999816894531,45.16999816894531,45.16999816894531,45.16999816894531,45.16999816894531,1045.0
2024-10-25 11:20:00+00:00,SMCI,48.04800033569336,48.04800033569336,48.04800033569336,48.04800033569336,48.04800033569336,162791.0
2024-10-25 11:20:00+00:00,SOUN,5.324999809265137,5.324999809265137,5.324999809265137,5.324999809265137,5.324999809265137,33958.0
2024-10-25 11:20:00+00:00,SSNC,69.8550033569336,69.8550033569336,69.8550033569336,69.8550033569336,69.8550033569336,20052.0
2024-10-25 11:20:00+00:00,SVRE,0.08240000158548355,0.08240000158548355,0.08240000158548355,0.08240000158548355,0.08240000158548355,2597.0
2024-10-25 11:20:00+00:00,SWKS,96.2699966430664,96.2699966430664,96.2699966430664,96.2699966430664,96.2699966430664,2419.0
2024-10-25 11:20:00+00:00,TEAM,190.44500732421875,190.44500732421875,190.44500732421875,190.44500732421875,190.44500732421875,2865.0
2024-10-25 11:20:00+00:00,TENB,41.630001068115234,41.630001068115234,41.630001068115234,41.630001068115234,41.630001068115234,3810.0
2024-10-25 11:20:00+00:00,TER,113.41000366210938,113.41000366210938,113.41000366210938,113.41000366210938,113.41000366210938,9633.0
2024-10-25 11:20:00+00:00,TRMB,61.09000015258789,61.09000015258789,61.09000015258789,61.09000015258789,61.09000015258789,2586.0
2024-10-25 11:20:00+00:00,TTD,120.0999984741211,120.0999984741211,120.0999984741211,120.0999984741211,120.0999984741211,10028.0
2024-10-25 11:20:00+00:00,TTMI,19.725000381469727,19.725000381469727,19.725000381469727,19.725000381469727,19.725000381469727,452.0
2024-10-25 11:20:00+00:00,TWKS,4.454999923706055,4.454999923706055,4.454999923706055,4.454999923706055,4.454999923706055,3314.0
2024-10-25 11:20:00+00:00,TXN,209.22999572753906,209.22999572753906,209.22999572753906,209.22999572753906,209.22999572753906,19849.0
2024-10-25 11:20:00+00:00,VERI,3.4600000381469727,3.4600000381469727,3.4600000381469727,3.4600000381469727,3.4600000381469727,4574.0
2024-10-25 11:20:00+00:00,VRNS,56.959999084472656,56.959999084472656,56.959999084472656,56.959999084472656,56.959999084472656,1954.0
2024-10-25 11:20:00+00:00,VRNT,22.31999969482422,22.31999969482422,22.31999969482422,22.31999969482422,22.31999969482422,1521.0
2024-10-25 11:20:00+00:00,VRSN,186.27000427246094,186.27000427246094,186.27000427246094,186.27000427246094,186.27000427246094,3381.0
2024-10-25 11:20:00+00:00,VSAT,10.324999809265137,10.324999809265137,10.324999809265137,10.324999809265137,10.324999809265137,3541.0
2024-10-25 11:20:00+00:00,WDAY,240.4199981689453,240.4199981689453,240.4199981689453,240.4199981689453,240.4199981689453,2765.0
2024-10-25 11:20:00+00:00,WDC,72.46499633789062,72.46499633789062,72.46499633789062,72.46499633789062,72.46499633789062,40166.0
2024-10-25 11:20:00+00:00,WRAP,1.850000023841858,1.850000023841858,1.850000023841858,1.850000023841858,1.850000023841858,1.0
2024-10-25 11:20:00+00:00,XPER,9.444999694824219,9.444999694824219,9.444999694824219,9.444999694824219,9.444999694824219,842.0
2024-10-25 11:20:00+00:00,ZI,10.5649995803833,10.5649995803833,10.5649995803833,10.5649995803833,10.5649995803833,13931.0
2024-10-25 11:20:00+00:00,ZM,73.1449966430664,73.1449966430664,73.1449966430664,73.1449966430664,73.1449966430664,15315.0
2024-10-25 11:20:00+00:00,ZS,186.6999969482422,186.6999969482422,186.6999969482422,186.6999969482422,186.6999969482422,3663.0
2024-10-25 11:21:00+00:00,AAOI,18.299299240112305,18.299299240112305,18.299299240112305,18.290000915527344,18.290000915527344,1248.0
2024-10-25 11:21:00+00:00,AAPL,232.9250030517578,232.9250030517578,232.95010375976562,232.91000366210938,232.95010375976562,7247.0
2024-10-25 11:21:00+00:00,ACIW,48.9900016784668,48.9900016784668,49.0,48.9900016784668,49.0,2272.0
2024-10-25 11:21:00+00:00,ADBE,485.2900085449219,485.2900085449219,485.2900085449219,485.2900085449219,485.2900085449219,218.0
2024-10-25 11:21:00+00:00,ADI,233.86990356445312,233.86990356445312,233.86990356445312,233.86990356445312,233.86990356445312,2816.0
2024-10-25 11:21:00+00:00,AEHR,16.725000381469727,16.725000381469727,16.725000381469727,16.70050048828125,16.725000381469727,21805.0
2024-10-25 11:21:00+00:00,AFRM,41.83000183105469,41.83000183105469,41.83000183105469,41.83000183105469,41.83000183105469,200.0
2024-10-25 11:21:00+00:00,AGMH,1.7899999618530273,1.7899999618530273,1.7899999618530273,1.7899999618530273,1.7899999618530273,0.0
2024-10-25 11:21:00+00:00,ALTR,105.4000015258789,105.4000015258789,105.4000015258789,105.4000015258789,105.4000015258789,13300.0
2024-10-25 11:21:00+00:00,AMAT,188.68499755859375,188.68499755859375,188.73989868164062,188.68499755859375,188.68499755859375,1618.0
2024-10-25 11:21:00+00:00,AMBA,58.455101013183594,58.455101013183594,58.455101013183594,58.455101013183594,58.455101013183594,436.0
2024-10-25 11:21:00+00:00,AMD,157.75999450683594,157.75999450683594,157.77999877929688,157.75,157.77999877929688,6304.0
2024-10-25 11:21:00+00:00,APP,162.36000061035156,162.36000061035156,162.36000061035156,162.36000061035156,162.36000061035156,200.0
2024-10-25 11:21:00+00:00,APPF,216.98500061035156,216.98500061035156,216.98500061035156,216.98500061035156,216.98500061035156,185.0
2024-10-25 11:21:00+00:00,ARRY,6.46999979019165,6.46999979019165,6.46999979019165,6.465000152587891,6.465000152587891,635.0
2024-10-25 11:21:00+00:00,ASUR,9.75,9.75,9.75,9.75,9.75,599.0
2024-10-25 11:21:00+00:00,AUR,6.554999828338623,6.554999828338623,6.554999828338623,6.550000190734863,6.550000190734863,455.0
2024-10-25 11:21:00+00:00,AVDX,8.194999694824219,8.194999694824219,8.210000038146973,8.194999694824219,8.210000038146973,11757.0
2024-10-25 11:21:00+00:00,AVGO,176.44500732421875,176.44500732421875,176.489501953125,176.42999267578125,176.47999572753906,4527.0
2024-10-25 11:21:00+00:00,BMBL,7.289999961853027,7.289999961853027,7.289999961853027,7.289999961853027,7.289999961853027,6731.0
2024-10-25 11:21:00+00:00,CDNS,259.375,259.375,259.3999938964844,259.375,259.3999938964844,481.0
2024-10-25 11:21:00+00:00,CFLT,22.80500030517578,22.80500030517578,22.81999969482422,22.80500030517578,22.81999969482422,1371.0
2024-10-25 11:21:00+00:00,CGNX,39.029998779296875,39.029998779296875,39.029998779296875,39.029998779296875,39.029998779296875,124.0
2024-10-25 11:21:00+00:00,CLFD,36.58000183105469,36.58000183105469,36.58000183105469,36.58000183105469,36.58000183105469,421.0
2024-10-25 11:21:00+00:00,CLSK,12.157299995422363,12.157299995422363,12.15999984741211,12.149999618530273,12.15999984741211,168838.0
2024-10-25 11:21:00+00:00,CNDT,3.674999952316284,3.674999952316284,3.674999952316284,3.674999952316284,3.674999952316284,4017.0
2024-10-25 11:21:00+00:00,COHR,96.09500122070312,96.09500122070312,96.0999984741211,96.0,96.0999984741211,12825.0
2024-10-25 11:21:00+00:00,COIN,212.30999755859375,212.30999755859375,212.30999755859375,212.2899932861328,212.2899932861328,514.0
2024-10-25 11:21:00+00:00,CORZ,13.380000114440918,13.380000114440918,13.380000114440918,13.380000114440918,13.380000114440918,90154.0
2024-10-25 11:21:00+00:00,CRDO,39.8650016784668,39.8650016784668,39.8650016784668,39.8650016784668,39.8650016784668,200.0
2024-10-25 11:21:00+00:00,CRNT,2.450000047683716,2.450000047683716,2.4600000381469727,2.450000047683716,2.4600000381469727,12722.0
2024-10-25 11:21:00+00:00,CRWD,309.6199951171875,309.6199951171875,309.6549987792969,309.6199951171875,309.6549987792969,470.0
2024-10-25 11:21:00+00:00,CSCO,56.04499816894531,56.04499816894531,56.04499816894531,56.04499816894531,56.04499816894531,101.0
2024-10-25 11:21:00+00:00,CSPI,12.84000015258789,12.84000015258789,12.84000015258789,12.84000015258789,12.84000015258789,999.0
2024-10-25 11:21:00+00:00,CTSH,74.7699966430664,74.7699966430664,74.7750015258789,74.7699966430664,74.7750015258789,14587.0
2024-10-25 11:21:00+00:00,DDOG,127.59500122070312,127.59500122070312,127.65499877929688,127.59500122070312,127.65499877929688,19212.0
2024-10-25 11:21:00+00:00,DLO,8.895000457763672,8.895000457763672,8.895000457763672,8.890000343322754,8.895000457763672,4488.0
2024-10-25 11:21:00+00:00,DOCU,70.55999755859375,70.55999755859375,70.55999755859375,70.55999755859375,70.55999755859375,11125.0
2024-10-25 11:21:00+00:00,ENPH,83.0999984741211,83.0999984741211,83.0999984741211,82.99099731445312,83.04499816894531,42822.0
2024-10-25 11:21:00+00:00,ERIC,8.520000457763672,8.520000457763672,8.520000457763672,8.520000457763672,8.520000457763672,134977.0
2024-10-25 11:21:00+00:00,FLEX,35.41899871826172,35.41899871826172,35.41899871826172,35.41899871826172,35.41899871826172,6502.0
2024-10-25 11:21:00+00:00,FLYW,17.559999465942383,17.559999465942383,17.559999465942383,17.559999465942383,17.559999465942383,2796.0
2024-10-25 11:21:00+00:00,FTNT,81.45999908447266,81.45999908447266,81.45999908447266,81.45999908447266,81.45999908447266,5938.0
2024-10-25 11:21:00+00:00,GCT,25.1653995513916,25.1653995513916,25.1653995513916,25.1653995513916,25.1653995513916,516.0
2024-10-25 11:21:00+00:00,GFS,41.380001068115234,41.380001068115234,41.380001068115234,41.380001068115234,41.380001068115234,122.0
2024-10-25 11:21:00+00:00,GPRO,1.3350000381469727,1.3350000381469727,1.3350000381469727,1.3350000381469727,1.3350000381469727,117.0
2024-10-25 11:21:00+00:00,GRAB,4.081200122833252,4.081200122833252,4.081200122833252,4.081200122833252,4.081200122833252,44558.0
2024-10-25 11:21:00+00:00,GTLB,55.73500061035156,55.73500061035156,55.73500061035156,55.73500061035156,55.73500061035156,818.0
2024-10-25 11:21:00+00:00,GVP,4.6082000732421875,4.6082000732421875,4.6082000732421875,4.6082000732421875,4.6082000732421875,3873.0
2024-10-25 11:21:00+00:00,HCP,33.689998626708984,33.689998626708984,33.689998626708984,33.689998626708984,33.689998626708984,3370.0
2024-10-25 11:21:00+00:00,HOOD,27.485000610351562,27.485000610351562,27.489999771118164,27.485000610351562,27.489999771118164,2765.0
2024-10-25 11:21:00+00:00,IDN,2.4200000762939453,2.4200000762939453,2.4200000762939453,2.4200000762939453,2.4200000762939453,341.0
2024-10-25 11:21:00+00:00,IMMR,8.824999809265137,8.824999809265137,8.824999809265137,8.824999809265137,8.824999809265137,5705.0
2024-10-25 11:21:00+00:00,INFN,6.789999961853027,6.789999961853027,6.789999961853027,6.789999961853027,6.789999961853027,1658.0
2024-10-25 11:21:00+00:00,INOD,19.959999084472656,19.959999084472656,19.959999084472656,19.959999084472656,19.959999084472656,1417.0
2024-10-25 11:21:00+00:00,INTA,49.8849983215332,49.8849983215332,49.8849983215332,49.8849983215332,49.8849983215332,550.0
2024-10-25 11:21:00+00:00,INTC,23.102100372314453,23.102100372314453,23.1200008392334,23.100000381469727,23.1200008392334,193539.0
2024-10-25 11:21:00+00:00,KC,2.7300000190734863,2.7300000190734863,2.7300000190734863,2.7300000190734863,2.7300000190734863,14755.0
2024-10-25 11:21:00+00:00,KLIC,44.36000061035156,44.36000061035156,44.36000061035156,44.36000061035156,44.36000061035156,427.0
2024-10-25 11:21:00+00:00,LASR,10.521499633789062,10.521499633789062,10.521499633789062,10.521499633789062,10.521499633789062,2315.0
2024-10-25 11:21:00+00:00,LINK,4.650100231170654,4.650100231170654,4.77869987487793,4.650100231170654,4.700799942016602,923.0
2024-10-25 11:21:00+00:00,LITE,64.45999908447266,64.45999908447266,64.45999908447266,64.45999908447266,64.45999908447266,473.0
2024-10-25 11:21:00+00:00,LOGI,81.12000274658203,81.12000274658203,81.12000274658203,81.12000274658203,81.12000274658203,221.0
2024-10-25 11:21:00+00:00,LRCX,79.06999969482422,79.06999969482422,79.08000183105469,79.05999755859375,79.08000183105469,7470.0
2024-10-25 11:21:00+00:00,LSCC,54.439998626708984,54.439998626708984,54.439998626708984,54.439998626708984,54.439998626708984,226.0
2024-10-25 11:21:00+00:00,LYFT,13.795000076293945,13.795000076293945,13.800000190734863,13.792900085449219,13.800000190734863,49804.0
2024-10-25 11:21:00+00:00,MAXN,5.760000228881836,5.760000228881836,5.760000228881836,5.760000228881836,5.760000228881836,2642.0
2024-10-25 11:21:00+00:00,MDB,267.4849853515625,267.4849853515625,267.7200012207031,267.3900146484375,267.7200012207031,2266.0
2024-10-25 11:21:00+00:00,MNDY,300.135009765625,300.135009765625,300.135009765625,300.1199951171875,300.1199951171875,304.0
2024-10-25 11:21:00+00:00,MQ,5.300000190734863,5.300000190734863,5.300000190734863,5.300000190734863,5.300000190734863,389.0
2024-10-25 11:21:00+00:00,MRVL,82.91999816894531,82.91999816894531,82.94000244140625,82.91000366210938,82.94000244140625,1604.0
2024-10-25 11:21:00+00:00,MSFT,431.7179870605469,431.7179870605469,431.7997131347656,431.7099914550781,431.760009765625,5719.0
2024-10-25 11:21:00+00:00,MSTR,244.5,244.5,244.5,244.10000610351562,244.28990173339844,19391.0
2024-10-25 11:21:00+00:00,MU,109.4749984741211,109.4749984741211,109.4800033569336,109.44000244140625,109.4800033569336,2410.0
2024-10-25 11:21:00+00:00,MVIS,1.1039999723434448,1.1039999723434448,1.1039999723434448,1.1039999723434448,1.1039999723434448,13661.0
2024-10-25 11:21:00+00:00,MXL,15.100000381469727,15.100000381469727,15.100000381469727,15.100000381469727,15.100000381469727,6437.0
2024-10-25 11:21:00+00:00,NCNO,37.96500015258789,37.96500015258789,37.96500015258789,37.96500015258789,37.96500015258789,5963.0
2024-10-25 11:21:00+00:00,NOVT,173.1699981689453,173.1699981689453,173.1699981689453,173.1699981689453,173.1699981689453,739.0
2024-10-25 11:21:00+00:00,NTAP,120.27999877929688,120.27999877929688,120.4000015258789,120.27999877929688,120.37000274658203,2473.0
2024-10-25 11:21:00+00:00,NVDA,143.99000549316406,143.99000549316406,143.99000549316406,143.9727020263672,143.9799041748047,1931304.0
2024-10-25 11:21:00+00:00,NXPI,244.72999572753906,244.72999572753906,244.72999572753906,244.68499755859375,244.68499755859375,243.0
2024-10-25 11:21:00+00:00,OKTA,72.80000305175781,72.80000305175781,72.82499694824219,72.79000091552734,72.82499694824219,888.0
2024-10-25 11:21:00+00:00,ON,71.77999877929688,71.77999877929688,71.77999877929688,71.76499938964844,71.7699966430664,1112.0
2024-10-25 11:21:00+00:00,OSPN,14.699999809265137,14.699999809265137,14.699999809265137,14.699999809265137,14.699999809265137,601.0
2024-10-25 11:21:00+00:00,PGY,11.930000305175781,11.930000305175781,11.930000305175781,11.920000076293945,11.930000305175781,3603.0
2024-10-25 11:21:00+00:00,PHUN,9.788900375366211,9.788900375366211,9.789999961853027,9.780099868774414,9.780099868774414,4244.0
2024-10-25 11:21:00+00:00,PLAB,23.665000915527344,23.665000915527344,23.665000915527344,23.665000915527344,23.665000915527344,3335.0
2024-10-25 11:21:00+00:00,PLXS,142.7899932861328,142.7899932861328,142.7899932861328,142.7899932861328,142.7899932861328,102.0
2024-10-25 11:21:00+00:00,PRCH,1.3450000286102295,1.3450000286102295,1.3450000286102295,1.3450000286102295,1.3450000286102295,217.0
2024-10-25 11:21:00+00:00,PTC,186.6999969482422,186.6999969482422,186.6999969482422,186.49000549316406,186.6999969482422,4556.0
2024-10-25 11:21:00+00:00,QCOM,172.98989868164062,172.98989868164062,172.98989868164062,172.9499969482422,172.9499969482422,820.0
2024-10-25 11:21:00+00:00,QRVO,100.27999877929688,100.27999877929688,100.27999877929688,100.2300033569336,100.2300033569336,815.0
2024-10-25 11:21:00+00:00,QUIK,8.656900405883789,8.656900405883789,8.656900405883789,8.656900405883789,8.656900405883789,248.0
2024-10-25 11:21:00+00:00,RELY,14.765000343322754,14.765000343322754,14.765000343322754,14.765000343322754,14.765000343322754,572.0
2024-10-25 11:21:00+00:00,RGTI,1.2949999570846558,1.2949999570846558,1.2949999570846558,1.2949999570846558,1.2949999570846558,21281.0
2024-10-25 11:21:00+00:00,RIOT,10.163999557495117,10.163999557495117,10.164999961853027,10.161499977111816,10.161499977111816,4917.0
2024-10-25 11:21:00+00:00,RUM,5.820000171661377,5.820000171661377,5.820000171661377,5.820000171661377,5.820000171661377,4636.0
2024-10-25 11:21:00+00:00,RUN,14.3100004196167,14.3100004196167,14.3100004196167,14.3100004196167,14.3100004196167,1494.0
2024-10-25 11:21:00+00:00,SANM,67.5999984741211,67.5999984741211,67.5999984741211,67.5999984741211,67.5999984741211,615.0
2024-10-25 11:21:00+00:00,SATS,25.299999237060547,25.299999237060547,25.30500030517578,25.299999237060547,25.299999237060547,1815.0
2024-10-25 11:21:00+00:00,SEDG,16.079999923706055,16.079999923706055,16.089399337768555,16.079999923706055,16.089399337768555,47902.0
2024-10-25 11:21:00+00:00,SHLS,5.269999980926514,5.269999980926514,5.269999980926514,5.269999980926514,5.269999980926514,7765.0
2024-10-25 11:21:00+00:00,SMCI,48.06999969482422,48.06999969482422,48.08000183105469,48.04999923706055,48.060001373291016,10882.0
2024-10-25 11:21:00+00:00,SMTC,45.59000015258789,45.59000015258789,45.63999938964844,45.59000015258789,45.63999938964844,4533.0
2024-10-25 11:21:00+00:00,SOUN,5.327000141143799,5.327000141143799,5.327000141143799,5.327000141143799,5.327000141143799,320.0
2024-10-25 11:21:00+00:00,SSNC,69.88999938964844,69.88999938964844,69.88999938964844,69.8550033569336,69.8550033569336,5366.0
2024-10-25 11:21:00+00:00,SSYS,7.135000228881836,7.135000228881836,7.135000228881836,7.135000228881836,7.135000228881836,1940.0
2024-10-25 11:21:00+00:00,STNE,11.53499984741211,11.53499984741211,11.539999961853027,11.529999732971191,11.53499984741211,15575.0
2024-10-25 11:21:00+00:00,STX,104.81999969482422,104.81999969482422,104.87999725341797,104.81999969482422,104.87999725341797,26562.0
2024-10-25 11:21:00+00:00,SWVL,3.4200000762939453,3.4200000762939453,3.4200000762939453,3.4200000762939453,3.4200000762939453,1202.0
2024-10-25 11:21:00+00:00,SYNA,73.73999786376953,73.73999786376953,73.73999786376953,73.73999786376953,73.73999786376953,393.0
2024-10-25 11:21:00+00:00,TENB,41.65999984741211,41.65999984741211,41.65999984741211,41.630001068115234,41.630001068115234,490.0
2024-10-25 11:21:00+00:00,TLS,3.6549999713897705,3.6549999713897705,3.6549999713897705,3.6549999713897705,3.6549999713897705,8401.0
2024-10-25 11:21:00+00:00,TRMB,61.07400131225586,61.07400131225586,61.07400131225586,61.07400131225586,61.07400131225586,548.0
2024-10-25 11:21:00+00:00,TTEC,5.389999866485596,5.389999866485596,5.389999866485596,5.389999866485596,5.389999866485596,576.0
2024-10-25 11:21:00+00:00,TWKS,4.454999923706055,4.454999923706055,4.454999923706055,4.449999809265137,4.449999809265137,310.0
2024-10-25 11:21:00+00:00,UCTT,36.01499938964844,36.01499938964844,36.01499938964844,36.0,36.0,2844.0
2024-10-25 11:21:00+00:00,VERX,42.45000076293945,42.45000076293945,42.45000076293945,42.45000076293945,42.45000076293945,1100.0
2024-10-25 11:21:00+00:00,VICR,47.28499984741211,47.28499984741211,47.28499984741211,47.28499984741211,47.28499984741211,1964.0
2024-10-25 11:21:00+00:00,VMEO,4.78000020980835,4.78000020980835,4.789999961853027,4.78000020980835,4.789999961853027,2495.0
2024-10-25 11:21:00+00:00,VRNS,56.939998626708984,56.939998626708984,56.939998626708984,56.939998626708984,56.939998626708984,316.0
2024-10-25 11:21:00+00:00,VSAT,10.3100004196167,10.3100004196167,10.3100004196167,10.3100004196167,10.3100004196167,340.0
2024-10-25 11:21:00+00:00,WDC,72.47000122070312,72.47000122070312,72.4749984741211,72.45999908447266,72.46040344238281,2774.0
2024-10-25 11:21:00+00:00,WIX,165.75999450683594,165.75999450683594,165.75999450683594,165.75999450683594,165.75999450683594,446.0
2024-10-25 11:21:00+00:00,XPER,9.430000305175781,9.430000305175781,9.444999694824219,9.430000305175781,9.4399995803833,916.0
2024-10-25 11:21:00+00:00,ZM,73.16000366210938,73.16000366210938,73.16000366210938,73.1594009399414,73.1594009399414,365.0
2024-10-25 11:21:00+00:00,ZS,186.74000549316406,186.74000549316406,186.74000549316406,186.69500732421875,186.69500732421875,450.0
2024-10-25 11:22:00+00:00,AAOI,18.309999465942383,18.309999465942383,18.309999465942383,18.309999465942383,18.309999465942383,424.0
2024-10-25 11:22:00+00:00,AAPL,232.8300018310547,232.8300018310547,232.83999633789062,232.8300018310547,232.83999633789062,87201.0
2024-10-25 11:22:00+00:00,ACLS,90.88999938964844,90.88999938964844,90.88999938964844,90.88999938964844,90.88999938964844,2293.0
2024-10-25 11:22:00+00:00,ACMR,19.899999618530273,19.899999618530273,19.899999618530273,19.899999618530273,19.899999618530273,4707.0
2024-10-25 11:22:00+00:00,ADBE,485.2850036621094,485.2850036621094,485.2850036621094,485.2850036621094,485.2850036621094,10547.0
2024-10-25 11:22:00+00:00,ADI,233.52000427246094,233.52000427246094,233.52000427246094,233.52000427246094,233.52000427246094,2555.0
2024-10-25 11:22:00+00:00,AEHR,16.68000030517578,16.68000030517578,16.690000534057617,16.68000030517578,16.690000534057617,7977.0
2024-10-25 11:22:00+00:00,AEYE,23.260000228881836,23.260000228881836,23.260000228881836,23.260000228881836,23.260000228881836,650.0
2024-10-25 11:22:00+00:00,AFRM,41.76940155029297,41.76940155029297,41.76940155029297,41.76940155029297,41.76940155029297,9687.0
2024-10-25 11:22:00+00:00,AKAM,103.32499694824219,103.32499694824219,103.32499694824219,103.32499694824219,103.32499694824219,1057.0
2024-10-25 11:22:00+00:00,ALF,10.100000381469727,10.100000381469727,10.100000381469727,10.100000381469727,10.100000381469727,0.0
2024-10-25 11:22:00+00:00,ALGM,22.75,22.75,22.75,22.75,22.75,3387.0
2024-10-25 11:22:00+00:00,AMAT,188.5399932861328,188.5399932861328,188.5500030517578,188.47000122070312,188.5500030517578,9753.0
2024-10-25 11:22:00+00:00,AMD,157.89999389648438,157.89999389648438,157.89999389648438,157.88009643554688,157.89999389648438,81333.0
2024-10-25 11:22:00+00:00,AMKR,30.139999389648438,30.139999389648438,30.15999984741211,30.139999389648438,30.15999984741211,1429.0
2024-10-25 11:22:00+00:00,AMPL,9.25,9.25,9.25,9.25,9.25,846.0
2024-10-25 11:22:00+00:00,AOSL,36.64500045776367,36.64500045776367,36.64500045776367,36.64500045776367,36.64500045776367,200.0
2024-10-25 11:22:00+00:00,APP,162.32000732421875,162.32000732421875,162.32000732421875,162.32000732421875,162.32000732421875,4437.0
2024-10-25 11:22:00+00:00,ASML,718.5,718.5,718.5900268554688,718.5,718.5900268554688,4849.0
2024-10-25 11:22:00+00:00,AVGO,176.41000366210938,176.41000366210938,176.4250030517578,176.3800048828125,176.4250030517578,65732.0
2024-10-25 11:22:00+00:00,AVPT,12.045000076293945,12.045000076293945,12.045000076293945,12.045000076293945,12.045000076293945,2888.0
2024-10-25 11:22:00+00:00,CEVA,24.290000915527344,24.290000915527344,24.290000915527344,24.290000915527344,24.290000915527344,924.0
2024-10-25 11:22:00+00:00,CFLT,22.81999969482422,22.81999969482422,22.820100784301758,22.81999969482422,22.820100784301758,42729.0
2024-10-25 11:22:00+00:00,CGNX,39.0099983215332,39.0099983215332,39.0099983215332,39.0,39.0,2264.0
2024-10-25 11:22:00+00:00,CLSK,12.1072998046875,12.1072998046875,12.107999801635742,12.1072998046875,12.107999801635742,65354.0
2024-10-25 11:22:00+00:00,COHR,95.98999786376953,95.98999786376953,96.0,95.98999786376953,96.0,506.0
2024-10-25 11:22:00+00:00,COIN,211.80999755859375,211.80999755859375,211.80999755859375,211.80999755859375,211.80999755859375,17443.0
2024-10-25 11:22:00+00:00,CORZ,13.345000267028809,13.345000267028809,13.345000267028809,13.345000267028809,13.345000267028809,29283.0
2024-10-25 11:22:00+00:00,CORZW,7.820000171661377,7.820000171661377,7.820000171661377,7.820000171661377,7.820000171661377,4259.0
2024-10-25 11:22:00+00:00,CRWD,309.5299987792969,309.5299987792969,309.5299987792969,309.5299987792969,309.5299987792969,1707.0
2024-10-25 11:22:00+00:00,CSCO,56.07469940185547,56.07469940185547,56.07469940185547,56.07469940185547,56.07469940185547,42982.0
2024-10-25 11:22:00+00:00,CSIQ,13.611499786376953,13.611499786376953,13.611499786376953,13.611499786376953,13.611499786376953,6498.0
2024-10-25 11:22:00+00:00,CTLP,8.984999656677246,8.984999656677246,8.984999656677246,8.984999656677246,8.984999656677246,8414.0
2024-10-25 11:22:00+00:00,DCBO,46.099998474121094,46.099998474121094,46.099998474121094,46.099998474121094,46.099998474121094,886.0
2024-10-25 11:22:00+00:00,ENTG,105.55000305175781,105.55000305175781,105.55999755859375,105.45999908447266,105.55999755859375,8191.0
2024-10-25 11:22:00+00:00,ERIC,8.51990032196045,8.51990032196045,8.51990032196045,8.51990032196045,8.51990032196045,126942.0
2024-10-25 11:22:00+00:00,FCUV,0.2603999972343445,0.2603999972343445,0.2603999972343445,0.2603999972343445,0.2603999972343445,0.0
2024-10-25 11:22:00+00:00,FORM,45.35810089111328,45.35810089111328,45.35810089111328,45.35810089111328,45.35810089111328,936.0
2024-10-25 11:22:00+00:00,FROG,29.469999313354492,29.469999313354492,29.469999313354492,29.469999313354492,29.469999313354492,1759.0
2024-10-25 11:22:00+00:00,FSLR,199.3000030517578,199.3000030517578,199.3000030517578,199.3000030517578,199.3000030517578,4609.0
2024-10-25 11:22:00+00:00,FTNT,81.3582992553711,81.3582992553711,81.40499877929688,81.35800170898438,81.40499877929688,3598.0
2024-10-25 11:22:00+00:00,GCT,25.110000610351562,25.110000610351562,25.14419937133789,25.110000610351562,25.14419937133789,17576.0
2024-10-25 11:22:00+00:00,GDS,21.719999313354492,21.719999313354492,21.719999313354492,21.719999313354492,21.719999313354492,20301.0
2024-10-25 11:22:00+00:00,GRAB,4.085000038146973,4.085000038146973,4.085000038146973,4.085000038146973,4.085000038146973,11862.0
2024-10-25 11:22:00+00:00,GTLB,55.779998779296875,55.779998779296875,55.779998779296875,55.779998779296875,55.779998779296875,390.0
2024-10-25 11:22:00+00:00,HCP,33.685001373291016,33.685001373291016,33.685001373291016,33.685001373291016,33.685001373291016,45050.0
2024-10-25 11:22:00+00:00,HOOD,27.454999923706055,27.454999923706055,27.454999923706055,27.454999923706055,27.454999923706055,13646.0
2024-10-25 11:22:00+00:00,INTC,23.110000610351562,23.110000610351562,23.110000610351562,23.10810089111328,23.108999252319336,141051.0
2024-10-25 11:22:00+00:00,INTU,611.239990234375,611.239990234375,611.239990234375,611.239990234375,611.239990234375,1910.0
2024-10-25 11:22:00+00:00,KLAC,680.3599853515625,680.3599853515625,681.030029296875,680.3599853515625,681.030029296875,3087.0
2024-10-25 11:22:00+00:00,LINK,4.659999847412109,4.659999847412109,4.659999847412109,4.659999847412109,4.659999847412109,14217.0
2024-10-25 11:22:00+00:00,LITE,64.44999694824219,64.44999694824219,64.44999694824219,64.44999694824219,64.44999694824219,1349.0
2024-10-25 11:22:00+00:00,LOGI,81.12999725341797,81.12999725341797,81.15499877929688,81.12999725341797,81.15499877929688,4055.0
2024-10-25 11:22:00+00:00,LRCX,78.95999908447266,78.95999908447266,78.97599792480469,78.95999908447266,78.97599792480469,49536.0
2024-10-25 11:22:00+00:00,LSCC,54.41749954223633,54.41749954223633,54.43000030517578,54.400001525878906,54.41999816894531,4741.0
2024-10-25 11:22:00+00:00,LYFT,13.793499946594238,13.793499946594238,13.795000076293945,13.793499946594238,13.795000076293945,18029.0
2024-10-25 11:22:00+00:00,MANH,276.0299987792969,276.0299987792969,276.0299987792969,276.0299987792969,276.0299987792969,817.0
2024-10-25 11:22:00+00:00,MCHP,77.05999755859375,77.05999755859375,77.05999755859375,77.04000091552734,77.05999755859375,11644.0
2024-10-25 11:22:00+00:00,MGIC,11.109999656677246,11.109999656677246,11.109999656677246,11.109999656677246,11.109999656677246,7705.0
2024-10-25 11:22:00+00:00,MKSI,100.80000305175781,100.80000305175781,100.80000305175781,100.79000091552734,100.80000305175781,2797.0
2024-10-25 11:22:00+00:00,MPWR,914.969970703125,914.969970703125,914.969970703125,914.969970703125,914.969970703125,1523.0
2024-10-25 11:22:00+00:00,MQ,5.295000076293945,5.295000076293945,5.295000076293945,5.295000076293945,5.295000076293945,6964.0
2024-10-25 11:22:00+00:00,MRAM,6.329999923706055,6.329999923706055,6.329999923706055,6.329999923706055,6.329999923706055,1066.0
2024-10-25 11:22:00+00:00,MRVL,82.9000015258789,82.9000015258789,82.91999816894531,82.9000015258789,82.91999816894531,12465.0
2024-10-25 11:22:00+00:00,MSFT,431.70001220703125,431.70001220703125,431.77520751953125,431.70001220703125,431.77520751953125,28842.0
2024-10-25 11:22:00+00:00,MSTR,243.63999938964844,243.63999938964844,243.77000427246094,243.55819702148438,243.58380126953125,61884.0
2024-10-25 11:22:00+00:00,MTLS,5.980000019073486,5.980000019073486,6.005000114440918,5.980000019073486,6.005000114440918,3221.0
2024-10-25 11:22:00+00:00,MU,109.3949966430664,109.3949966430664,109.40989685058594,109.37000274658203,109.40989685058594,25210.0
2024-10-25 11:22:00+00:00,MXL,15.119999885559082,15.119999885559082,15.119999885559082,15.119999885559082,15.119999885559082,2813.0
2024-10-25 11:22:00+00:00,NCNO,37.970001220703125,37.970001220703125,37.970001220703125,37.959999084472656,37.959999084472656,2521.0
2024-10-25 11:22:00+00:00,NICE,176.60499572753906,176.60499572753906,176.60499572753906,176.60499572753906,176.60499572753906,204.0
2024-10-25 11:22:00+00:00,NNDM,2.3499999046325684,2.3499999046325684,2.3499999046325684,2.3499999046325684,2.3499999046325684,2981.0
2024-10-25 11:22:00+00:00,NVDA,144.031005859375,144.031005859375,144.0800018310547,144.00999450683594,144.0800018310547,2001040.0
2024-10-25 11:22:00+00:00,NXPI,244.3300018310547,244.3300018310547,244.3300018310547,244.3300018310547,244.3300018310547,2782.0
2024-10-25 11:22:00+00:00,ON,71.68000030517578,71.68000030517578,71.72229766845703,71.68000030517578,71.72229766845703,26978.0
2024-10-25 11:22:00+00:00,OTEX,33.41999816894531,33.41999816894531,33.41999816894531,33.41999816894531,33.41999816894531,1392.0
2024-10-25 11:22:00+00:00,PANW,370.489990234375,370.489990234375,370.489990234375,370.489990234375,370.489990234375,1879.0
2024-10-25 11:22:00+00:00,PAYO,8.3100004196167,8.3100004196167,8.3100004196167,8.3100004196167,8.3100004196167,861.0
2024-10-25 11:22:00+00:00,PEGA,81.02999877929688,81.02999877929688,81.02999877929688,81.02999877929688,81.02999877929688,2831.0
2024-10-25 11:22:00+00:00,PGY,11.919899940490723,11.919899940490723,11.919899940490723,11.919899940490723,11.919899940490723,1837.0
2024-10-25 11:22:00+00:00,PHUN,9.779999732971191,9.779999732971191,9.779999732971191,9.779999732971191,9.779999732971191,42673.0
2024-10-25 11:22:00+00:00,QCOM,172.8300018310547,172.8300018310547,172.85000610351562,172.8300018310547,172.85000610351562,9889.0
2024-10-25 11:22:00+00:00,QRVO,100.1500015258789,100.1500015258789,100.19999694824219,100.1500015258789,100.19999694824219,4644.0
2024-10-25 11:22:00+00:00,QUBT,1.100000023841858,1.100000023841858,1.100000023841858,1.100000023841858,1.100000023841858,11395.0
2024-10-25 11:22:00+00:00,RIOT,10.109999656677246,10.109999656677246,10.109999656677246,10.109999656677246,10.109999656677246,75051.0
2024-10-25 11:22:00+00:00,RMBS,43.16999816894531,43.16999816894531,43.16999816894531,43.16999816894531,43.16999816894531,2281.0
2024-10-25 11:22:00+00:00,RMNI,1.7300000190734863,1.7300000190734863,1.7300000190734863,1.7300000190734863,1.7300000190734863,13980.0
2024-10-25 11:22:00+00:00,RPAY,7.635000228881836,7.635000228881836,7.635000228881836,7.635000228881836,7.635000228881836,1217.0
2024-10-25 11:22:00+00:00,RUN,14.289999961853027,14.289999961853027,14.289999961853027,14.289999961853027,14.289999961853027,25988.0
2024-10-25 11:22:00+00:00,SEDG,16.030000686645508,16.030000686645508,16.030000686645508,16.030000686645508,16.030000686645508,9629.0
2024-10-25 11:22:00+00:00,SMCI,47.97999954223633,47.97999954223633,47.9900016784668,47.97999954223633,47.9900016784668,154673.0
2024-10-25 11:22:00+00:00,SMTC,45.619998931884766,45.619998931884766,45.619998931884766,45.619998931884766,45.619998931884766,1503.0
2024-10-25 11:22:00+00:00,SNPS,504.4200134277344,504.4200134277344,504.4200134277344,504.4200134277344,504.4200134277344,1396.0
2024-10-25 11:22:00+00:00,SONO,12.90999984741211,12.90999984741211,12.910599708557129,12.90999984741211,12.910599708557129,1479.0
2024-10-25 11:22:00+00:00,SOUN,5.329999923706055,5.329999923706055,5.329999923706055,5.320099830627441,5.324999809265137,63031.0
2024-10-25 11:22:00+00:00,SPT,27.280000686645508,27.280000686645508,27.280000686645508,27.280000686645508,27.280000686645508,0.0
2024-10-25 11:22:00+00:00,STNE,11.520000457763672,11.520000457763672,11.524999618530273,11.520000457763672,11.524999618530273,10285.0
2024-10-25 11:22:00+00:00,STX,104.80000305175781,104.80000305175781,104.80000305175781,104.80000305175781,104.80000305175781,6996.0
2024-10-25 11:22:00+00:00,SWKS,96.2300033569336,96.2300033569336,96.26000213623047,96.2300033569336,96.26000213623047,2000.0
2024-10-25 11:22:00+00:00,TER,113.16500091552734,113.16500091552734,113.17500305175781,113.13999938964844,113.17500305175781,7879.0
2024-10-25 11:22:00+00:00,TRMB,61.08000183105469,61.08000183105469,61.08000183105469,61.08000183105469,61.08000183105469,1389.0
2024-10-25 11:22:00+00:00,TTD,119.94999694824219,119.94999694824219,119.94999694824219,119.94999694824219,119.94999694824219,6524.0
2024-10-25 11:22:00+00:00,TWKS,4.454999923706055,4.454999923706055,4.454999923706055,4.454999923706055,4.454999923706055,11234.0
2024-10-25 11:22:00+00:00,TXN,209.1300048828125,209.1300048828125,209.30999755859375,209.1300048828125,209.30999755859375,13633.0
2024-10-25 11:22:00+00:00,VECO,29.565000534057617,29.565000534057617,29.565000534057617,29.565000534057617,29.565000534057617,5414.0
2024-10-25 11:22:00+00:00,WDC,72.37000274658203,72.37000274658203,72.37000274658203,72.37000274658203,72.37000274658203,19984.0
2024-10-25 11:22:00+00:00,XELA,1.98989999294281,1.98989999294281,1.98989999294281,1.98989999294281,1.98989999294281,0.0
2024-10-25 11:23:00+00:00,ADSK,287.5299987792969,287.5299987792969,287.5299987792969,287.5299987792969,287.5299987792969,5596.0
2024-10-25 11:23:00+00:00,ALRM,54.720001220703125,54.720001220703125,54.720001220703125,54.720001220703125,54.720001220703125,3342.0
2024-10-25 11:23:00+00:00,AMBA,58.46419906616211,58.46419906616211,58.46419906616211,58.46419906616211,58.46419906616211,1348.0
2024-10-25 11:23:00+00:00,ASML,718.1400146484375,718.1400146484375,718.1400146484375,718.1400146484375,718.1400146484375,6451.0
2024-10-25 11:23:00+00:00,CHKP,207.27999877929688,207.27999877929688,207.27999877929688,207.27999877929688,207.27999877929688,9208.0
2024-10-25 11:23:00+00:00,COHR,95.91000366210938,95.91000366210938,95.99500274658203,95.87999725341797,95.99500274658203,2579.0
2024-10-25 11:23:00+00:00,CYN,3.559999942779541,3.559999942779541,3.559999942779541,3.559999942779541,3.559999942779541,1043.0
2024-10-25 11:23:00+00:00,IIIV,22.920000076293945,22.920000076293945,22.920000076293945,22.920000076293945,22.920000076293945,3459.0
2024-10-25 11:23:00+00:00,KLIC,44.310001373291016,44.310001373291016,44.310001373291016,44.310001373291016,44.310001373291016,1069.0
2024-10-25 11:23:00+00:00,MKSI,100.73500061035156,100.73500061035156,100.73500061035156,100.73500061035156,100.73500061035156,782.0
2024-10-25 11:23:00+00:00,OSPN,14.675000190734863,14.675000190734863,14.675000190734863,14.675000190734863,14.675000190734863,807.0
2024-10-25 11:23:00+00:00,PCTY,172.9199981689453,172.9199981689453,172.9199981689453,172.9199981689453,172.9199981689453,10099.0
2024-10-25 11:23:00+00:00,PYCR,14.362000465393066,14.362000465393066,14.362000465393066,14.362000465393066,14.362000465393066,2882.0
2024-10-25 11:23:00+00:00,SHLS,5.275000095367432,5.275000095367432,5.275000095367432,5.275000095367432,5.275000095367432,2695.0
2024-10-25 11:23:00+00:00,XPER,9.4399995803833,9.4399995803833,9.4399995803833,9.4350004196167,9.4350004196167,600.0
2024-10-25 11:23:00+00:00,ZBRA,363.3349914550781,363.3349914550781,363.3349914550781,363.3349914550781,363.3349914550781,2474.0
2024-10-25 11:24:00+00:00,ADBE,485.05999755859375,485.05999755859375,485.05999755859375,485.05999755859375,485.05999755859375,8407.0
2024-10-25 11:24:00+00:00,AIP,6.977399826049805,6.977399826049805,6.977399826049805,6.977399826049805,6.977399826049805,873.0
2024-10-25 11:24:00+00:00,BEEM,4.885700225830078,4.885700225830078,4.885700225830078,4.885700225830078,4.885700225830078,570.0
2024-10-25 11:24:00+00:00,BELFB,79.44010162353516,79.44010162353516,79.44010162353516,79.44010162353516,79.44010162353516,2246.0
2024-10-25 11:24:00+00:00,BL,56.45220184326172,56.45220184326172,56.45220184326172,56.45220184326172,56.45220184326172,4125.0
2024-10-25 11:24:00+00:00,BRZE,30.790000915527344,30.790000915527344,30.790000915527344,30.790000915527344,30.790000915527344,2275.0
2024-10-25 11:24:00+00:00,BSY,49.27000045776367,49.27000045776367,49.27000045776367,49.27000045776367,49.27000045776367,2052.0
2024-10-25 11:24:00+00:00,CDNS,259.0950012207031,259.0950012207031,259.0950012207031,259.0950012207031,259.0950012207031,10825.0
2024-10-25 11:24:00+00:00,COHR,95.77999877929688,95.77999877929688,95.93499755859375,95.77999877929688,95.9000015258789,8545.0
2024-10-25 11:24:00+00:00,CRDO,39.900001525878906,39.900001525878906,39.900001525878906,39.900001525878906,39.900001525878906,8906.0
2024-10-25 11:24:00+00:00,CRWD,308.80999755859375,308.80999755859375,308.80999755859375,308.80999755859375,308.80999755859375,9374.0
2024-10-25 11:24:00+00:00,CSPI,12.9399995803833,12.9399995803833,12.9399995803833,12.9399995803833,12.9399995803833,0.0
2024-10-25 11:24:00+00:00,DAIO,2.4814000129699707,2.4814000129699707,2.4814000129699707,2.4814000129699707,2.4814000129699707,0.0
2024-10-25 11:24:00+00:00,DOX,89.7300033569336,89.7300033569336,89.7300033569336,89.7300033569336,89.7300033569336,1461.0
2024-10-25 11:24:00+00:00,DSP,11.390000343322754,11.390000343322754,11.390000343322754,11.390000343322754,11.390000343322754,1314.0
2024-10-25 11:24:00+00:00,FROG,29.415000915527344,29.415000915527344,29.415000915527344,29.415000915527344,29.415000915527344,4427.0
2024-10-25 11:24:00+00:00,HOOD,27.424999237060547,27.424999237060547,27.424999237060547,27.424999237060547,27.424999237060547,41596.0
2024-10-25 11:24:00+00:00,INDI,3.5850000381469727,3.5850000381469727,3.5850000381469727,3.5850000381469727,3.5850000381469727,11820.0
2024-10-25 11:24:00+00:00,INTU,611.0,611.0,611.0,611.0,611.0,2442.0
2024-10-25 11:24:00+00:00,JAMF,16.82029914855957,16.82029914855957,16.82029914855957,16.82029914855957,16.82029914855957,407.0
2024-10-25 11:24:00+00:00,MANH,275.82000732421875,275.82000732421875,275.82000732421875,275.82000732421875,275.82000732421875,2420.0
2024-10-25 11:24:00+00:00,MAPS,0.8450000286102295,0.8450000286102295,0.8450000286102295,0.8450000286102295,0.8450000286102295,3310.0
2024-10-25 11:24:00+00:00,MXL,15.119999885559082,15.119999885559082,15.119999885559082,15.119999885559082,15.119999885559082,9019.0
2024-10-25 11:24:00+00:00,NTAP,120.2300033569336,120.2300033569336,120.2300033569336,120.2300033569336,120.2300033569336,1233.0
2024-10-25 11:24:00+00:00,OKTA,72.79000091552734,72.79000091552734,72.79000091552734,72.79000091552734,72.79000091552734,2991.0
2024-10-25 11:24:00+00:00,PEGA,81.02999877929688,81.02999877929688,81.02999877929688,81.02999877929688,81.02999877929688,8697.0
2024-10-25 11:24:00+00:00,SNCR,10.829999923706055,10.829999923706055,10.829999923706055,10.829999923706055,10.829999923706055,1230.0
2024-10-25 11:24:00+00:00,SOTK,4.409999847412109,4.409999847412109,4.409999847412109,4.409999847412109,4.409999847412109,17.0
2024-10-25 11:24:00+00:00,SOUNW,1.875,1.875,1.875,1.875,1.875,0.0
2024-10-25 11:24:00+00:00,SPNS,37.01240158081055,37.01240158081055,37.01240158081055,37.01240158081055,37.01240158081055,206.0
2024-10-25 11:24:00+00:00,STX,104.66000366210938,104.66000366210938,104.66000366210938,104.66000366210938,104.66000366210938,7766.0
2024-10-25 11:24:00+00:00,TEAM,190.3699951171875,190.3699951171875,190.3699951171875,190.3699951171875,190.3699951171875,9444.0
2024-10-25 11:24:00+00:00,VRNS,56.81999969482422,56.81999969482422,56.81999969482422,56.81999969482422,56.81999969482422,3169.0
2024-10-25 11:24:00+00:00,XPER,9.441300392150879,9.441300392150879,9.441300392150879,9.441300392150879,9.441300392150879,393.0
2024-10-25 11:25:00+00:00,AAPL,232.65499877929688,232.65499877929688,232.66000366210938,232.6300048828125,232.6300048828125,159409.0
2024-10-25 11:25:00+00:00,AATC,7.440000057220459,7.440000057220459,7.440000057220459,7.440000057220459,7.440000057220459,0.0
2024-10-25 11:25:00+00:00,AFRM,41.7599983215332,41.7599983215332,41.7599983215332,41.7599983215332,41.7599983215332,8795.0
2024-10-25 11:25:00+00:00,AGYS,112.32499694824219,112.32499694824219,112.32499694824219,112.32499694824219,112.32499694824219,839.0
2024-10-25 11:25:00+00:00,ALGM,22.780000686645508,22.780000686645508,22.790000915527344,22.780000686645508,22.790000915527344,12264.0
2024-10-25 11:25:00+00:00,AMBA,58.45000076293945,58.45000076293945,58.45000076293945,58.45000076293945,58.45000076293945,507.0
2024-10-25 11:25:00+00:00,AMD,157.86000061035156,157.86000061035156,157.86000061035156,157.84500122070312,157.84500122070312,121559.0
2024-10-25 11:25:00+00:00,ARRY,6.445000171661377,6.445000171661377,6.445000171661377,6.445000171661377,6.445000171661377,103616.0
2024-10-25 11:25:00+00:00,ASML,718.8900146484375,718.8900146484375,719.0,718.8900146484375,718.9500122070312,707.0
2024-10-25 11:25:00+00:00,AUR,6.480000019073486,6.480000019073486,6.480000019073486,6.480000019073486,6.480000019073486,54689.0
2024-10-25 11:25:00+00:00,AVGO,176.64500427246094,176.64500427246094,176.69000244140625,176.64500427246094,176.66000366210938,106175.0
2024-10-25 11:25:00+00:00,COHR,95.6449966430664,95.6449966430664,95.77999877929688,95.63999938964844,95.77999877929688,13742.0
2024-10-25 11:25:00+00:00,COIN,211.66000366210938,211.66000366210938,211.66000366210938,211.5500030517578,211.5500030517578,32167.0
2024-10-25 11:25:00+00:00,CRDO,39.91999816894531,39.91999816894531,39.93000030517578,39.900001525878906,39.91999816894531,1250.0
2024-10-25 11:25:00+00:00,CRNC,2.9059998989105225,2.9059998989105225,2.9059998989105225,2.9059998989105225,2.9059998989105225,1591.0
2024-10-25 11:25:00+00:00,CRSR,6.410099983215332,6.410099983215332,6.410099983215332,6.410099983215332,6.410099983215332,3027.0
2024-10-25 11:25:00+00:00,CRUS,123.03230285644531,123.03230285644531,123.03230285644531,123.03230285644531,123.03230285644531,1901.0
2024-10-25 11:25:00+00:00,CSIQ,13.59000015258789,13.59000015258789,13.59000015258789,13.59000015258789,13.59000015258789,17647.0
2024-10-25 11:25:00+00:00,CTSH,74.76499938964844,74.76499938964844,74.76499938964844,74.76499938964844,74.76499938964844,13569.0
2024-10-25 11:25:00+00:00,ENPH,82.94309997558594,82.94309997558594,82.94309997558594,82.94309997558594,82.94309997558594,31719.0
2024-10-25 11:25:00+00:00,ENTG,105.55999755859375,105.55999755859375,105.55999755859375,105.55999755859375,105.55999755859375,915.0
2024-10-25 11:25:00+00:00,FSLR,199.52099609375,199.52099609375,199.52099609375,199.52099609375,199.52099609375,8193.0
2024-10-25 11:25:00+00:00,GFS,41.34000015258789,41.34000015258789,41.34000015258789,41.33000183105469,41.33000183105469,7906.0
2024-10-25 11:25:00+00:00,GRAB,4.085000038146973,4.085000038146973,4.085000038146973,4.085000038146973,4.085000038146973,98168.0
2024-10-25 11:25:00+00:00,ITRI,102.58999633789062,102.58999633789062,102.58999633789062,102.58999633789062,102.58999633789062,536.0
2024-10-25 11:25:00+00:00,KLAC,680.760009765625,680.760009765625,680.760009765625,680.760009765625,680.760009765625,3427.0
2024-10-25 11:25:00+00:00,KVHI,4.650100231170654,4.650100231170654,4.650100231170654,4.650100231170654,4.650100231170654,692.0
2024-10-25 11:25:00+00:00,LTRX,4.039999961853027,4.039999961853027,4.039999961853027,4.039999961853027,4.039999961853027,1551.0
2024-10-25 11:25:00+00:00,LYFT,13.805000305175781,13.805000305175781,13.805000305175781,13.805000305175781,13.805000305175781,27214.0
2024-10-25 11:25:00+00:00,MANH,275.7349853515625,275.7349853515625,275.7349853515625,275.7349853515625,275.7349853515625,2302.0
2024-10-25 11:25:00+00:00,MCHP,77.11499786376953,77.11499786376953,77.11499786376953,77.11499786376953,77.11499786376953,49555.0
2024-10-25 11:25:00+00:00,MRVL,82.94000244140625,82.94000244140625,82.94000244140625,82.94000244140625,82.94000244140625,43160.0
2024-10-25 11:25:00+00:00,MSTR,243.97450256347656,243.97450256347656,244.0399932861328,243.79200744628906,243.79200744628906,105687.0
2024-10-25 11:25:00+00:00,MXL,15.09000015258789,15.09000015258789,15.09000015258789,15.0600004196167,15.09000015258789,553.0
2024-10-25 11:25:00+00:00,NVDA,144.10000610351562,144.10000610351562,144.11000061035156,144.0800018310547,144.0800018310547,1908440.0
2024-10-25 11:25:00+00:00,PHUN,9.775899887084961,9.775899887084961,9.775899887084961,9.770000457763672,9.770000457763672,42073.0
2024-10-25 11:25:00+00:00,PLXS,142.8249969482422,142.8249969482422,142.8249969482422,142.8249969482422,142.8249969482422,2391.0
2024-10-25 11:25:00+00:00,QCOM,172.73500061035156,172.73500061035156,172.73500061035156,172.73500061035156,172.73500061035156,18564.0
2024-10-25 11:25:00+00:00,QRVO,100.21499633789062,100.21499633789062,100.25,100.21499633789062,100.25,4532.0
2024-10-25 11:25:00+00:00,RIOT,10.100000381469727,10.100000381469727,10.100000381469727,10.100000381469727,10.100000381469727,86949.0
2024-10-25 11:25:00+00:00,RUM,5.820000171661377,5.820000171661377,5.820000171661377,5.820000171661377,5.820000171661377,26213.0
2024-10-25 11:25:00+00:00,SEDG,16.010000228881836,16.010000228881836,16.020000457763672,16.010000228881836,16.020000457763672,33452.0
2024-10-25 11:25:00+00:00,SILC,13.170000076293945,13.170000076293945,13.170000076293945,13.170000076293945,13.170000076293945,0.0
2024-10-25 11:25:00+00:00,SMCI,47.93669891357422,47.93669891357422,47.949798583984375,47.93040084838867,47.93040084838867,93459.0
2024-10-25 11:25:00+00:00,SPSC,175.42999267578125,175.42999267578125,175.42999267578125,175.42999267578125,175.42999267578125,0.0
2024-10-25 11:25:00+00:00,TER,113.0999984741211,113.0999984741211,113.0999984741211,113.0999984741211,113.0999984741211,10561.0
2024-10-25 11:25:00+00:00,TXN,209.19000244140625,209.19000244140625,209.19000244140625,209.19000244140625,209.19000244140625,12030.0
2024-10-25 11:26:00+00:00,AATC,7.440000057220459,7.440000057220459,7.440000057220459,7.440000057220459,7.440000057220459,400.0
2024-10-25 11:26:00+00:00,ACIW,48.915000915527344,48.915000915527344,48.915000915527344,48.915000915527344,48.915000915527344,1019.0
2024-10-25 11:26:00+00:00,ACLS,90.69999694824219,90.69999694824219,90.69999694824219,90.69999694824219,90.69999694824219,4094.0
2024-10-25 11:26:00+00:00,AEHR,16.59000015258789,16.59000015258789,16.59000015258789,16.59000015258789,16.59000015258789,12913.0
2024-10-25 11:26:00+00:00,AKTS,0.05770000070333481,0.05770000070333481,0.05770000070333481,0.05770000070333481,0.05770000070333481,89779.0
2024-10-25 11:26:00+00:00,AMKR,30.079999923706055,30.079999923706055,30.079999923706055,30.079999923706055,30.079999923706055,6960.0
2024-10-25 11:26:00+00:00,AMPL,9.25,9.25,9.25,9.25,9.25,1253.0
2024-10-25 11:26:00+00:00,ANSS,326.510009765625,326.510009765625,326.510009765625,326.510009765625,326.510009765625,1644.0
2024-10-25 11:26:00+00:00,APPF,215.80999755859375,215.80999755859375,215.80999755859375,215.80999755859375,215.80999755859375,4472.0
2024-10-25 11:26:00+00:00,ASML,717.9699096679688,717.9699096679688,717.9699096679688,717.9699096679688,717.9699096679688,6756.0
2024-10-25 11:26:00+00:00,AZPN,236.41000366210938,236.41000366210938,236.41000366210938,236.41000366210938,236.41000366210938,1680.0
2024-10-25 11:26:00+00:00,CDW,218.4199981689453,218.4199981689453,218.4199981689453,218.4199981689453,218.4199981689453,2496.0
2024-10-25 11:26:00+00:00,CETX,0.296999990940094,0.296999990940094,0.296999990940094,0.296999990940094,0.296999990940094,6766.0
2024-10-25 11:26:00+00:00,CGNX,38.970001220703125,38.970001220703125,38.970001220703125,38.970001220703125,38.970001220703125,11376.0
2024-10-25 11:26:00+00:00,COHR,95.44000244140625,95.44000244140625,95.63999938964844,95.44000244140625,95.63999938964844,8102.0
2024-10-25 11:26:00+00:00,CYBR,293.1701965332031,293.1701965332031,293.1701965332031,293.1701965332031,293.1701965332031,4429.0
2024-10-25 11:26:00+00:00,DSGX,104.51000213623047,104.51000213623047,104.51000213623047,104.51000213623047,104.51000213623047,3167.0
2024-10-25 11:26:00+00:00,EEFT,100.9800033569336,100.9800033569336,100.9800033569336,100.9800033569336,100.9800033569336,1298.0
2024-10-25 11:26:00+00:00,FORM,45.2400016784668,45.2400016784668,45.2400016784668,45.2400016784668,45.2400016784668,2724.0
2024-10-25 11:26:00+00:00,GRRR,4.590000152587891,4.590000152587891,4.590000152587891,4.590000152587891,4.590000152587891,6239.0
2024-10-25 11:26:00+00:00,IMXI,17.670000076293945,17.670000076293945,17.670000076293945,17.670000076293945,17.670000076293945,896.0
2024-10-25 11:26:00+00:00,KC,2.7200000286102295,2.7200000286102295,2.7200000286102295,2.7200000286102295,2.7200000286102295,19419.0
2024-10-25 11:26:00+00:00,MARK,0.10520000010728836,0.10520000010728836,0.10520000010728836,0.10520000010728836,0.10520000010728836,100908.0
2024-10-25 11:26:00+00:00,MKSI,100.63999938964844,100.63999938964844,100.63999938964844,100.63999938964844,100.63999938964844,3806.0
2024-10-25 11:26:00+00:00,MVIS,1.100000023841858,1.100000023841858,1.100000023841858,1.100000023841858,1.100000023841858,32500.0
2024-10-25 11:26:00+00:00,PANW,369.8999938964844,369.8999938964844,369.8999938964844,369.8999938964844,369.8999938964844,13007.0
2024-10-25 11:26:00+00:00,PRCH,1.3300000429153442,1.3300000429153442,1.3300000429153442,1.3300000429153442,1.3300000429153442,4850.0
2024-10-25 11:26:00+00:00,PTC,186.6300048828125,186.6300048828125,186.6300048828125,186.6300048828125,186.6300048828125,10197.0
2024-10-25 11:26:00+00:00,QLYS,120.70999908447266,120.70999908447266,120.70999908447266,120.70999908447266,120.70999908447266,702.0
2024-10-25 11:26:00+00:00,QRVO,100.1500015258789,100.1500015258789,100.1500015258789,100.1500015258789,100.1500015258789,8727.0
2024-10-25 11:26:00+00:00,RCAT,2.765000104904175,2.765000104904175,2.765000104904175,2.765000104904175,2.765000104904175,34923.0
2024-10-25 11:26:00+00:00,SITM,183.55999755859375,183.55999755859375,183.55999755859375,183.55999755859375,183.55999755859375,2282.0
2024-10-25 11:26:00+00:00,SNPS,503.54998779296875,503.54998779296875,503.54998779296875,503.54998779296875,503.54998779296875,4238.0
2024-10-25 11:26:00+00:00,SONO,12.890000343322754,12.890000343322754,12.890000343322754,12.890000343322754,12.890000343322754,0.0
2024-10-25 11:26:00+00:00,SPNS,37.03779983520508,37.03779983520508,37.03779983520508,37.03779983520508,37.03779983520508,387.0
2024-10-25 11:26:00+00:00,SSYS,7.150000095367432,7.150000095367432,7.150000095367432,7.150000095367432,7.150000095367432,0.0
2024-10-25 11:26:00+00:00,SWVL,3.450000047683716,3.450000047683716,3.450000047683716,3.450000047683716,3.450000047683716,1643.0
2024-10-25 11:26:00+00:00,TTEC,5.380000114440918,5.380000114440918,5.380000114440918,5.380000114440918,5.380000114440918,3334.0
2024-10-25 11:26:00+00:00,UCTT,35.97999954223633,35.97999954223633,35.97999954223633,35.97999954223633,35.97999954223633,4391.0
2024-10-25 11:26:00+00:00,UEIC,8.140000343322754,8.140000343322754,8.140000343322754,8.140000343322754,8.140000343322754,232.0
2024-10-25 11:26:00+00:00,XPER,9.4399995803833,9.4399995803833,9.4399995803833,9.4399995803833,9.4399995803833,410.0
2024-10-25 11:27:00+00:00,AAPL,232.4600067138672,232.4600067138672,232.4600067138672,232.41000366210938,232.41729736328125,358783.0
2024-10-25 11:27:00+00:00,ADBE,484.5899963378906,484.5899963378906,484.5899963378906,484.5899963378906,484.5899963378906,12963.0
2024-10-25 11:27:00+00:00,ADSK,287.1300048828125,287.1300048828125,287.1300048828125,287.1300048828125,287.1300048828125,3326.0
2024-10-25 11:27:00+00:00,ADTN,6.380000114440918,6.380000114440918,6.380000114440918,6.380000114440918,6.380000114440918,9185.0
2024-10-25 11:27:00+00:00,AFRM,41.689998626708984,41.689998626708984,41.689998626708984,41.689998626708984,41.689998626708984,26028.0
2024-10-25 11:27:00+00:00,AIP,6.949999809265137,6.949999809265137,6.949999809265137,6.949999809265137,6.949999809265137,0.0
2024-10-25 11:27:00+00:00,AKAM,103.23999786376953,103.23999786376953,103.23999786376953,103.23999786376953,103.23999786376953,8208.0
2024-10-25 11:27:00+00:00,ALGM,22.78499984741211,22.78499984741211,22.78499984741211,22.78499984741211,22.78499984741211,27185.0
2024-10-25 11:27:00+00:00,ALKT,38.1150016784668,38.1150016784668,38.1150016784668,38.1150016784668,38.1150016784668,2224.0
2024-10-25 11:27:00+00:00,AMAT,188.1300048828125,188.1300048828125,188.1300048828125,188.1300048828125,188.1300048828125,61939.0
2024-10-25 11:27:00+00:00,AMD,157.52000427246094,157.52000427246094,157.5399932861328,157.49020385742188,157.49020385742188,159661.0
2024-10-25 11:27:00+00:00,APP,161.80999755859375,161.80999755859375,161.80999755859375,161.80999755859375,161.80999755859375,32560.0
2024-10-25 11:27:00+00:00,AUDC,9.149999618530273,9.149999618530273,9.149999618530273,9.149999618530273,9.149999618530273,696.0
2024-10-25 11:27:00+00:00,AVDX,8.170000076293945,8.170000076293945,8.170000076293945,8.170000076293945,8.170000076293945,14905.0
2024-10-25 11:27:00+00:00,AVGO,176.19500732421875,176.19500732421875,176.21389770507812,176.16000366210938,176.16000366210938,116490.0
2024-10-25 11:27:00+00:00,AVT,54.2224006652832,54.2224006652832,54.2224006652832,54.2224006652832,54.2224006652832,3741.0
2024-10-25 11:27:00+00:00,BIGC,5.304999828338623,5.304999828338623,5.304999828338623,5.304999828338623,5.304999828338623,2011.0
2024-10-25 11:27:00+00:00,BL,56.3650016784668,56.3650016784668,56.3650016784668,56.3650016784668,56.3650016784668,811.0
2024-10-25 11:27:00+00:00,BSY,49.20000076293945,49.20000076293945,49.20000076293945,49.20000076293945,49.20000076293945,2579.0
2024-10-25 11:27:00+00:00,CDNS,258.635009765625,258.635009765625,258.635009765625,258.635009765625,258.635009765625,15296.0
2024-10-25 11:27:00+00:00,CFLT,22.7549991607666,22.7549991607666,22.7549991607666,22.7549991607666,22.7549991607666,55366.0
2024-10-25 11:27:00+00:00,CHKP,207.38999938964844,207.38999938964844,207.38999938964844,207.38999938964844,207.38999938964844,904.0
2024-10-25 11:27:00+00:00,CLSK,12.04170036315918,12.04170036315918,12.04170036315918,12.04170036315918,12.04170036315918,200113.0
2024-10-25 11:27:00+00:00,CNDT,3.6500000953674316,3.6500000953674316,3.6500000953674316,3.6500000953674316,3.6500000953674316,4485.0
2024-10-25 11:27:00+00:00,COHR,95.4000015258789,95.4000015258789,95.5199966430664,95.37999725341797,95.5198974609375,10219.0
2024-10-25 11:27:00+00:00,COIN,211.5,211.5,211.5,211.5,211.5,30491.0
2024-10-25 11:27:00+00:00,CRDO,40.040000915527344,40.040000915527344,40.040000915527344,40.040000915527344,40.040000915527344,30494.0
2024-10-25 11:27:00+00:00,CRUS,123.06999969482422,123.06999969482422,123.06999969482422,123.06999969482422,123.06999969482422,1969.0
2024-10-25 11:27:00+00:00,CRWD,308.37298583984375,308.37298583984375,308.37298583984375,308.37298583984375,308.37298583984375,15362.0
2024-10-25 11:27:00+00:00,CSCO,56.05500030517578,56.05500030517578,56.057498931884766,56.05500030517578,56.057498931884766,99438.0
2024-10-25 11:27:00+00:00,CTSH,74.75,74.75,74.75,74.75,74.75,14620.0
2024-10-25 11:27:00+00:00,DBX,25.940000534057617,25.940000534057617,25.940000534057617,25.940000534057617,25.940000534057617,24440.0
2024-10-25 11:27:00+00:00,DDOG,127.37999725341797,127.37999725341797,127.37999725341797,127.37999725341797,127.37999725341797,42355.0
2024-10-25 11:27:00+00:00,ENPH,83.01499938964844,83.01499938964844,83.03399658203125,83.01499938964844,83.03399658203125,15077.0
2024-10-25 11:27:00+00:00,EXFY,1.7050000429153442,1.7050000429153442,1.7050000429153442,1.7050000429153442,1.7050000429153442,5327.0
2024-10-25 11:27:00+00:00,FFIV,216.47500610351562,216.47500610351562,216.47500610351562,216.47500610351562,216.47500610351562,9088.0
2024-10-25 11:27:00+00:00,FIVN,30.475000381469727,30.475000381469727,30.475000381469727,30.475000381469727,30.475000381469727,5193.0
2024-10-25 11:27:00+00:00,FRGT,1.9014999866485596,1.9014999866485596,1.9014999866485596,1.9014999866485596,1.9014999866485596,199.0
2024-10-25 11:27:00+00:00,FSLR,199.5399932861328,199.5399932861328,199.5399932861328,199.5399932861328,199.5399932861328,6489.0
2024-10-25 11:27:00+00:00,FTNT,81.3550033569336,81.3550033569336,81.37999725341797,81.3550033569336,81.37999725341797,24303.0
2024-10-25 11:27:00+00:00,GFS,41.2599983215332,41.2599983215332,41.2599983215332,41.2599983215332,41.2599983215332,6749.0
2024-10-25 11:27:00+00:00,GRAB,4.085000038146973,4.085000038146973,4.085000038146973,4.085000038146973,4.085000038146973,31471.0
2024-10-25 11:27:00+00:00,HCKT,24.850000381469727,24.850000381469727,24.850000381469727,24.850000381469727,24.850000381469727,2507.0
2024-10-25 11:27:00+00:00,HOLO,3.700000047683716,3.700000047683716,3.700000047683716,3.700000047683716,3.700000047683716,35956.0
2024-10-25 11:27:00+00:00,INTA,49.84000015258789,49.84000015258789,49.84000015258789,49.84000015258789,49.84000015258789,3560.0
2024-10-25 11:27:00+00:00,INTC,23.079999923706055,23.079999923706055,23.079999923706055,23.079999923706055,23.079999923706055,356428.0
2024-10-25 11:27:00+00:00,INTU,610.35498046875,610.35498046875,610.35498046875,610.35498046875,610.35498046875,4307.0
2024-10-25 11:27:00+00:00,IPGP,76.8499984741211,76.8499984741211,76.8499984741211,76.8499984741211,76.8499984741211,5217.0
2024-10-25 11:27:00+00:00,JAMF,16.790000915527344,16.790000915527344,16.790000915527344,16.790000915527344,16.790000915527344,1875.0
2024-10-25 11:27:00+00:00,KARO,40.20000076293945,40.20000076293945,40.20000076293945,40.20000076293945,40.20000076293945,1863.0
2024-10-25 11:27:00+00:00,KLAC,679.844970703125,679.844970703125,679.844970703125,679.844970703125,679.844970703125,4406.0
2024-10-25 11:27:00+00:00,LASR,10.5,10.5,10.5,10.5,10.5,1600.0
2024-10-25 11:27:00+00:00,LINK,4.5157999992370605,4.5157999992370605,4.5157999992370605,4.510000228881836,4.510000228881836,34033.0
2024-10-25 11:27:00+00:00,LITE,64.26000213623047,64.26000213623047,64.26000213623047,64.26000213623047,64.26000213623047,11919.0
2024-10-25 11:27:00+00:00,LRCX,78.84500122070312,78.84500122070312,78.84500122070312,78.83999633789062,78.83999633789062,117112.0
2024-10-25 11:27:00+00:00,LSCC,54.185001373291016,54.185001373291016,54.185001373291016,54.185001373291016,54.185001373291016,17132.0
2024-10-25 11:27:00+00:00,LYFT,13.805000305175781,13.805000305175781,13.805000305175781,13.805000305175781,13.805000305175781,58431.0
2024-10-25 11:27:00+00:00,MCHP,77.05000305175781,77.05000305175781,77.05000305175781,77.02999877929688,77.02999877929688,19119.0
2024-10-25 11:27:00+00:00,MDB,266.7049865722656,266.7049865722656,266.7049865722656,266.7049865722656,266.7049865722656,25663.0
2024-10-25 11:27:00+00:00,MNDY,299.8999938964844,299.8999938964844,299.8999938964844,299.6700134277344,299.8999938964844,17828.0
2024-10-25 11:27:00+00:00,MQ,5.284999847412109,5.284999847412109,5.284999847412109,5.284999847412109,5.284999847412109,13848.0
2024-10-25 11:27:00+00:00,MRVL,82.80000305175781,82.80000305175781,82.80000305175781,82.78500366210938,82.78500366210938,46041.0
2024-10-25 11:27:00+00:00,MSFT,430.8999938964844,430.8999938964844,430.8999938964844,430.8999938964844,430.8999938964844,120731.0
2024-10-25 11:27:00+00:00,MSTR,244.0,244.0,244.0,243.89500427246094,243.89500427246094,70167.0
2024-10-25 11:27:00+00:00,MU,109.18000030517578,109.18000030517578,109.19999694824219,109.18000030517578,109.18000030517578,87176.0
2024-10-25 11:27:00+00:00,MXL,15.045000076293945,15.045000076293945,15.045000076293945,15.045000076293945,15.045000076293945,31710.0
2024-10-25 11:27:00+00:00,NCNO,37.939998626708984,37.939998626708984,37.939998626708984,37.939998626708984,37.939998626708984,7328.0
2024-10-25 11:27:00+00:00,NICE,176.6300048828125,176.6300048828125,176.6300048828125,176.6300048828125,176.6300048828125,1604.0
2024-10-25 11:27:00+00:00,NNDM,2.339900016784668,2.339900016784668,2.339900016784668,2.339900016784668,2.339900016784668,17141.0
2024-10-25 11:27:00+00:00,NSIT,208.27999877929688,208.27999877929688,208.27999877929688,208.27999877929688,208.27999877929688,5880.0
2024-10-25 11:27:00+00:00,NVDA,143.80499267578125,143.80499267578125,143.80979919433594,143.76010131835938,143.76010131835938,1378213.0
2024-10-25 11:27:00+00:00,NVEI,33.52000045776367,33.52000045776367,33.52000045776367,33.52000045776367,33.52000045776367,11784.0
2024-10-25 11:27:00+00:00,NVMI,184.39500427246094,184.39500427246094,184.39500427246094,184.39500427246094,184.39500427246094,2752.0
2024-10-25 11:27:00+00:00,NXPI,244.0050048828125,244.0050048828125,244.0050048828125,244.0050048828125,244.0050048828125,16490.0
2024-10-25 11:27:00+00:00,OKTA,72.69999694824219,72.69999694824219,72.69999694824219,72.69999694824219,72.69999694824219,1219.0
2024-10-25 11:27:00+00:00,ON,71.80000305175781,71.80000305175781,71.80000305175781,71.77999877929688,71.77999877929688,97899.0
2024-10-25 11:27:00+00:00,PAYO,8.3100004196167,8.3100004196167,8.3100004196167,8.3100004196167,8.3100004196167,18024.0
2024-10-25 11:27:00+00:00,PEGY,4.614999771118164,4.614999771118164,4.614999771118164,4.614999771118164,4.614999771118164,1097.0
2024-10-25 11:27:00+00:00,PGY,11.899999618530273,11.899999618530273,11.899999618530273,11.899999618530273,11.899999618530273,8576.0
2024-10-25 11:27:00+00:00,PGYWW,0.1889999955892563,0.1889999955892563,0.1889999955892563,0.1889999955892563,0.1889999955892563,50700.0
2024-10-25 11:27:00+00:00,PHUN,9.75979995727539,9.75979995727539,9.760000228881836,9.755000114440918,9.760000228881836,78531.0
2024-10-25 11:27:00+00:00,PI,203.6999969482422,203.6999969482422,203.6999969482422,203.6999969482422,203.6999969482422,6634.0
2024-10-25 11:27:00+00:00,POWI,63.38999938964844,63.38999938964844,63.38999938964844,63.38999938964844,63.38999938964844,108518.0
2024-10-25 11:27:00+00:00,PTC,186.6199951171875,186.6199951171875,186.6199951171875,186.6199951171875,186.6199951171875,200.0
2024-10-25 11:27:00+00:00,PYCR,14.369999885559082,14.369999885559082,14.369999885559082,14.369999885559082,14.369999885559082,1115.0
2024-10-25 11:27:00+00:00,QCOM,172.5,172.5,172.5,172.4739990234375,172.4739990234375,22176.0
2024-10-25 11:27:00+00:00,QLYS,120.58000183105469,120.58000183105469,120.58000183105469,120.58000183105469,120.58000183105469,606.0
2024-10-25 11:27:00+00:00,RGTI,1.2704999446868896,1.2704999446868896,1.2726999521255493,1.2704999446868896,1.2726999521255493,105519.0
2024-10-25 11:27:00+00:00,RIOT,10.083999633789062,10.083999633789062,10.083999633789062,10.079999923706055,10.079999923706055,94248.0
2024-10-25 11:27:00+00:00,RPD,39.19499969482422,39.19499969482422,39.19499969482422,39.19499969482422,39.19499969482422,2414.0
2024-10-25 11:27:00+00:00,RUM,5.796500205993652,5.796500205993652,5.796500205993652,5.796500205993652,5.796500205993652,8196.0
2024-10-25 11:27:00+00:00,RUN,14.324999809265137,14.324999809265137,14.324999809265137,14.324999809265137,14.324999809265137,87071.0
2024-10-25 11:27:00+00:00,SANM,67.45999908447266,67.45999908447266,67.45999908447266,67.45999908447266,67.45999908447266,1867.0
2024-10-25 11:27:00+00:00,SCSC,45.09000015258789,45.09000015258789,45.09000015258789,45.09000015258789,45.09000015258789,1456.0
2024-10-25 11:27:00+00:00,SEDG,16.0,16.0,16.0,16.0,16.0,13066.0
2024-10-25 11:27:00+00:00,SHLS,5.275000095367432,5.275000095367432,5.275000095367432,5.275000095367432,5.275000095367432,4472.0
2024-10-25 11:27:00+00:00,SMCI,47.69499969482422,47.69499969482422,47.70000076293945,47.68000030517578,47.689998626708984,264939.0
2024-10-25 11:27:00+00:00,SMSI,0.8216000199317932,0.8216000199317932,0.8216000199317932,0.8216000199317932,0.8216000199317932,7860.0
2024-10-25 11:27:00+00:00,SMTC,45.33100128173828,45.33100128173828,45.33100128173828,45.33100128173828,45.33100128173828,9445.0
2024-10-25 11:27:00+00:00,SONO,12.885000228881836,12.885000228881836,12.885000228881836,12.885000228881836,12.885000228881836,236659.0
2024-10-25 11:27:00+00:00,SOUN,5.309999942779541,5.309999942779541,5.309999942779541,5.305500030517578,5.305500030517578,57131.0
2024-10-25 11:27:00+00:00,SRAD,12.359999656677246,12.359999656677246,12.359999656677246,12.359999656677246,12.359999656677246,0.0
2024-10-25 11:27:00+00:00,SSNC,69.88999938964844,69.88999938964844,69.88999938964844,69.88999938964844,69.88999938964844,54848.0
2024-10-25 11:27:00+00:00,STX,104.51000213623047,104.51000213623047,104.51000213623047,104.51000213623047,104.51000213623047,16248.0
2024-10-25 11:27:00+00:00,SVRE,0.08299999684095383,0.08299999684095383,0.08299999684095383,0.08299999684095383,0.08299999684095383,20403.0
2024-10-25 11:27:00+00:00,SWKS,96.26000213623047,96.26000213623047,96.26000213623047,96.2300033569336,96.26000213623047,8896.0
2024-10-25 11:27:00+00:00,TASK,11.90999984741211,11.90999984741211,11.90999984741211,11.90999984741211,11.90999984741211,1125.0
2024-10-25 11:27:00+00:00,TEAM,189.88499450683594,189.88499450683594,189.88499450683594,189.88499450683594,189.88499450683594,4442.0
2024-10-25 11:27:00+00:00,TER,112.98999786376953,112.98999786376953,112.98999786376953,112.9800033569336,112.9800033569336,7808.0
2024-10-25 11:27:00+00:00,TRMB,61.0099983215332,61.0099983215332,61.0099983215332,61.0099983215332,61.0099983215332,6387.0
2024-10-25 11:27:00+00:00,TTD,119.55000305175781,119.55000305175781,119.55000305175781,119.51110076904297,119.51110076904297,15052.0
2024-10-25 11:27:00+00:00,TXN,209.0399932861328,209.0399932861328,209.09500122070312,209.0399932861328,209.09500122070312,17583.0
2024-10-25 11:27:00+00:00,VERX,42.349998474121094,42.349998474121094,42.349998474121094,42.349998474121094,42.349998474121094,2777.0
2024-10-25 11:27:00+00:00,VICR,47.04999923706055,47.04999923706055,47.04999923706055,47.04999923706055,47.04999923706055,1852.0
2024-10-25 11:27:00+00:00,VMEO,4.755000114440918,4.755000114440918,4.755000114440918,4.755000114440918,4.755000114440918,20830.0
2024-10-25 11:27:00+00:00,VRNS,56.720001220703125,56.720001220703125,56.720001220703125,56.720001220703125,56.720001220703125,2578.0
2024-10-25 11:27:00+00:00,VRSN,186.3000030517578,186.3000030517578,186.3000030517578,186.3000030517578,186.3000030517578,8775.0
2024-10-25 11:27:00+00:00,VSAT,10.3149995803833,10.3149995803833,10.3149995803833,10.3149995803833,10.3149995803833,9663.0
2024-10-25 11:27:00+00:00,WDC,72.28500366210938,72.28500366210938,72.30000305175781,72.23999786376953,72.23999786376953,112074.0
2024-10-25 11:27:00+00:00,WIX,165.4499969482422,165.4499969482422,165.4499969482422,165.4499969482422,165.4499969482422,4954.0
2024-10-25 11:27:00+00:00,WRAP,1.8697999715805054,1.8697999715805054,1.8697999715805054,1.8697999715805054,1.8697999715805054,3017.0
2024-10-25 11:27:00+00:00,XPER,9.4399995803833,9.4399995803833,9.4399995803833,9.4350004196167,9.4399995803833,686.0
2024-10-25 11:27:00+00:00,XRX,10.135000228881836,10.135000228881836,10.135000228881836,10.135000228881836,10.135000228881836,12127.0
2024-10-25 11:27:00+00:00,ZBRA,363.6300048828125,363.6300048828125,363.6300048828125,363.6300048828125,363.6300048828125,5797.0
2024-10-25 11:28:00+00:00,ADSK,286.93798828125,286.93798828125,286.93798828125,286.93798828125,286.93798828125,2681.0
2024-10-25 11:28:00+00:00,AMBA,58.34000015258789,58.34000015258789,58.34000015258789,58.34000015258789,58.34000015258789,2698.0
2024-10-25 11:28:00+00:00,AMPL,9.239999771118164,9.239999771118164,9.239999771118164,9.239999771118164,9.239999771118164,721.0
2024-10-25 11:28:00+00:00,AOSL,36.560001373291016,36.560001373291016,36.560001373291016,36.560001373291016,36.560001373291016,5618.0
2024-10-25 11:28:00+00:00,APPF,215.55999755859375,215.55999755859375,215.55999755859375,215.55999755859375,215.55999755859375,4182.0
2024-10-25 11:28:00+00:00,APPN,32.13999938964844,32.13999938964844,32.13999938964844,32.13999938964844,32.13999938964844,5740.0
2024-10-25 11:28:00+00:00,AVPT,12.029999732971191,12.029999732971191,12.029999732971191,12.029999732971191,12.029999732971191,3238.0
2024-10-25 11:28:00+00:00,AWRE,1.9900000095367432,1.9900000095367432,1.9900000095367432,1.9900000095367432,1.9900000095367432,836.0
2024-10-25 11:28:00+00:00,BAND,17.790000915527344,17.790000915527344,17.790000915527344,17.790000915527344,17.790000915527344,2451.0
2024-10-25 11:28:00+00:00,BELFA,103.30999755859375,103.30999755859375,103.30999755859375,103.30999755859375,103.30999755859375,404.0
2024-10-25 11:28:00+00:00,BLKB,85.95999908447266,85.95999908447266,85.95999908447266,85.95999908447266,85.95999908447266,3077.0
2024-10-25 11:28:00+00:00,CCSI,20.809999465942383,20.809999465942383,20.809999465942383,20.809999465942383,20.809999465942383,1565.0
2024-10-25 11:28:00+00:00,CGNT,6.650000095367432,6.650000095367432,6.650000095367432,6.650000095367432,6.650000095367432,454.0
2024-10-25 11:28:00+00:00,CMTL,3.7200000286102295,3.7200000286102295,3.7200000286102295,3.7200000286102295,3.7200000286102295,4297.0
2024-10-25 11:28:00+00:00,CNXC,44.84000015258789,44.84000015258789,44.84000015258789,44.84000015258789,44.84000015258789,3775.0
2024-10-25 11:28:00+00:00,COHR,95.42500305175781,95.42500305175781,95.5199966430664,95.3499984741211,95.45999908447266,14648.0
2024-10-25 11:28:00+00:00,CRSR,6.400000095367432,6.400000095367432,6.400000095367432,6.400000095367432,6.400000095367432,1419.0
2024-10-25 11:28:00+00:00,CSGS,47.66999816894531,47.66999816894531,47.66999816894531,47.66999816894531,47.66999816894531,2106.0
2024-10-25 11:28:00+00:00,CTLP,8.960000038146973,8.960000038146973,8.960000038146973,8.960000038146973,8.960000038146973,2080.0
2024-10-25 11:28:00+00:00,DUOL,288.5350036621094,288.5350036621094,288.5350036621094,288.5350036621094,288.5350036621094,5100.0
2024-10-25 11:28:00+00:00,ENTG,105.45999908447266,105.45999908447266,105.45999908447266,105.45999908447266,105.45999908447266,9113.0
2024-10-25 11:28:00+00:00,EVCM,10.630000114440918,10.630000114440918,10.630000114440918,10.630000114440918,10.630000114440918,2209.0
2024-10-25 11:28:00+00:00,EXLS,38.90999984741211,38.90999984741211,38.90999984741211,38.90999984741211,38.90999984741211,3202.0
2024-10-25 11:28:00+00:00,FARO,17.8700008392334,17.8700008392334,17.8700008392334,17.8700008392334,17.8700008392334,3239.0
2024-10-25 11:28:00+00:00,FTCI,0.696399986743927,0.696399986743927,0.696399986743927,0.696399986743927,0.696399986743927,5407.0
2024-10-25 11:28:00+00:00,GTLB,55.650001525878906,55.650001525878906,55.650001525878906,55.650001525878906,55.650001525878906,8996.0
2024-10-25 11:28:00+00:00,HEAR,16.520000457763672,16.520000457763672,16.520000457763672,16.520000457763672,16.520000457763672,1370.0
2024-10-25 11:28:00+00:00,IMMR,8.774999618530273,8.774999618530273,8.774999618530273,8.774999618530273,8.774999618530273,16123.0
2024-10-25 11:28:00+00:00,ITI,7.195000171661377,7.195000171661377,7.195000171661377,7.195000171661377,7.195000171661377,2694.0
2024-10-25 11:28:00+00:00,ITRI,102.69999694824219,102.69999694824219,102.69999694824219,102.69999694824219,102.69999694824219,524.0
2024-10-25 11:28:00+00:00,KLIC,44.25,44.25,44.25,44.25,44.25,1382.0
2024-10-25 11:28:00+00:00,MKSI,100.68499755859375,100.68499755859375,100.68499755859375,100.68499755859375,100.68499755859375,963.0
2024-10-25 11:28:00+00:00,NEON,8.149999618530273,8.149999618530273,8.149999618530273,8.149999618530273,8.149999618530273,1886.0
2024-10-25 11:28:00+00:00,NSYS,12.029999732971191,12.029999732971191,12.029999732971191,12.029999732971191,12.029999732971191,0.0
2024-10-25 11:28:00+00:00,NTCT,20.639999389648438,20.639999389648438,20.639999389648438,20.639999389648438,20.639999389648438,5347.0
2024-10-25 11:28:00+00:00,NTNX,62.34000015258789,62.34000015258789,62.34000015258789,62.34000015258789,62.34000015258789,18082.0
2024-10-25 11:28:00+00:00,OLED,202.8300018310547,202.8300018310547,202.8300018310547,202.8300018310547,202.8300018310547,6060.0
2024-10-25 11:28:00+00:00,OSPN,14.649999618530273,14.649999618530273,14.649999618530273,14.649999618530273,14.649999618530273,1722.0
2024-10-25 11:28:00+00:00,PLAB,23.645000457763672,23.645000457763672,23.645000457763672,23.645000457763672,23.645000457763672,1433.0
2024-10-25 11:28:00+00:00,PRGS,64.79000091552734,64.79000091552734,64.79000091552734,64.79000091552734,64.79000091552734,3973.0
2024-10-25 11:28:00+00:00,PUBM,14.899999618530273,14.899999618530273,14.899999618530273,14.899999618530273,14.899999618530273,3178.0
2024-10-25 11:28:00+00:00,QRVO,100.11000061035156,100.11000061035156,100.11000061035156,100.11000061035156,100.11000061035156,17249.0
2024-10-25 11:28:00+00:00,RDWR,22.44770050048828,22.44770050048828,22.44770050048828,22.44770050048828,22.44770050048828,1865.0
2024-10-25 11:28:00+00:00,RPD,39.150001525878906,39.150001525878906,39.150001525878906,39.150001525878906,39.150001525878906,689.0
2024-10-25 11:28:00+00:00,RXT,2.559999942779541,2.559999942779541,2.559999942779541,2.559999942779541,2.559999942779541,4047.0
2024-10-25 11:28:00+00:00,SANM,67.44999694824219,67.44999694824219,67.44999694824219,67.44999694824219,67.44999694824219,388.0
2024-10-25 11:28:00+00:00,SATS,25.2549991607666,25.2549991607666,25.2549991607666,25.2549991607666,25.2549991607666,4868.0
2024-10-25 11:28:00+00:00,SLAB,115.08999633789062,115.08999633789062,115.08999633789062,115.08999633789062,115.08999633789062,1050.0
2024-10-25 11:28:00+00:00,SNPS,503.1400146484375,503.1400146484375,503.1400146484375,503.1400146484375,503.1400146484375,3727.0
2024-10-25 11:28:00+00:00,STER,16.729999542236328,16.729999542236328,16.729999542236328,16.729999542236328,16.729999542236328,25450.0
2024-10-25 11:28:00+00:00,SWKS,96.16999816894531,96.16999816894531,96.16999816894531,96.16999816894531,96.16999816894531,4175.0
2024-10-25 11:28:00+00:00,TEAM,189.7100067138672,189.7100067138672,189.7100067138672,189.7100067138672,189.7100067138672,4892.0
2024-10-25 11:28:00+00:00,TRMB,60.97999954223633,60.97999954223633,60.97999954223633,60.97999954223633,60.97999954223633,2908.0
2024-10-25 11:28:00+00:00,TSAT,13.25,13.25,13.25,13.25,13.25,25946.0
2024-10-25 11:28:00+00:00,VRSN,186.1300048828125,186.1300048828125,186.1300048828125,186.1300048828125,186.1300048828125,2958.0
2024-10-25 11:28:00+00:00,VS,2.618000030517578,2.618000030517578,2.618000030517578,2.618000030517578,2.618000030517578,0.0
2024-10-25 11:28:00+00:00,WDAY,239.86500549316406,239.86500549316406,239.86500549316406,239.86500549316406,239.86500549316406,15122.0
2024-10-25 11:28:00+00:00,XPER,9.444999694824219,9.444999694824219,9.444999694824219,9.4399995803833,9.4399995803833,393.0
2024-10-25 11:28:00+00:00,XRX,10.130200386047363,10.130200386047363,10.130200386047363,10.130200386047363,10.130200386047363,3330.0
2024-10-25 11:28:00+00:00,ZS,186.02999877929688,186.02999877929688,186.02999877929688,186.02999877929688,186.02999877929688,5991.0
2024-10-25 11:29:00+00:00,AAOI,18.184999465942383,18.184999465942383,18.184999465942383,18.184999465942383,18.184999465942383,26278.0
2024-10-25 11:29:00+00:00,AAPL,232.22999572753906,232.22999572753906,232.25,232.22999572753906,232.24009704589844,400032.0
2024-10-25 11:29:00+00:00,ACIW,48.85499954223633,48.85499954223633,48.85499954223633,48.85499954223633,48.85499954223633,1903.0
2024-10-25 11:29:00+00:00,ACLS,90.51000213623047,90.51000213623047,90.51000213623047,90.51000213623047,90.51000213623047,7542.0
2024-10-25 11:29:00+00:00,ACMR,19.825000762939453,19.825000762939453,19.825000762939453,19.825000762939453,19.825000762939453,16716.0
2024-10-25 11:29:00+00:00,ADBE,484.4700012207031,484.4700012207031,484.4700012207031,484.4700012207031,484.4700012207031,9532.0
2024-10-25 11:29:00+00:00,ADI,233.3300018310547,233.3300018310547,233.35879516601562,233.3300018310547,233.35879516601562,12841.0
2024-10-25 11:29:00+00:00,AEYE,23.3700008392334,23.3700008392334,23.3700008392334,23.3700008392334,23.3700008392334,1829.0
2024-10-25 11:29:00+00:00,AFRM,41.63999938964844,41.63999938964844,41.63999938964844,41.63999938964844,41.63999938964844,22412.0
2024-10-25 11:29:00+00:00,AKAM,103.19000244140625,103.19000244140625,103.19000244140625,103.19000244140625,103.19000244140625,2826.0
2024-10-25 11:29:00+00:00,ALKT,38.1150016784668,38.1150016784668,38.1150016784668,38.1150016784668,38.1150016784668,2704.0
2024-10-25 11:29:00+00:00,AMAT,188.05999755859375,188.05999755859375,188.05999755859375,188.05999755859375,188.05999755859375,10174.0
2024-10-25 11:29:00+00:00,AMD,157.3300018310547,157.3300018310547,157.3699951171875,157.3000030517578,157.3000030517578,155862.0
2024-10-25 11:29:00+00:00,AMKR,30.049999237060547,30.049999237060547,30.049999237060547,30.049999237060547,30.049999237060547,3556.0
2024-10-25 11:29:00+00:00,ANSS,326.19000244140625,326.19000244140625,326.19000244140625,326.19000244140625,326.19000244140625,520.0
2024-10-25 11:29:00+00:00,APCX,0.7412999868392944,0.7412999868392944,0.7412999868392944,0.7412999868392944,0.7412999868392944,0.0
2024-10-25 11:29:00+00:00,APP,161.90199279785156,161.90199279785156,161.94000244140625,161.90199279785156,161.94000244140625,9024.0
2024-10-25 11:29:00+00:00,ARQQ,7.199999809265137,7.199999809265137,7.199999809265137,7.199999809265137,7.199999809265137,4588.0
2024-10-25 11:29:00+00:00,ARRY,6.445000171661377,6.445000171661377,6.445000171661377,6.445000171661377,6.445000171661377,83848.0
2024-10-25 11:29:00+00:00,ASML,717.22998046875,717.22998046875,717.239990234375,716.8800048828125,716.8800048828125,19138.0
2024-10-25 11:29:00+00:00,AUR,6.480000019073486,6.480000019073486,6.480000019073486,6.480000019073486,6.480000019073486,20190.0
2024-10-25 11:29:00+00:00,AVDX,8.164999961853027,8.164999961853027,8.164999961853027,8.164999961853027,8.164999961853027,828.0
2024-10-25 11:29:00+00:00,AVGO,176.0050048828125,176.0050048828125,176.0050048828125,175.9199981689453,175.9199981689453,80873.0
2024-10-25 11:29:00+00:00,AVT,54.220001220703125,54.220001220703125,54.220001220703125,54.220001220703125,54.220001220703125,1827.0
2024-10-25 11:29:00+00:00,BMBL,7.260000228881836,7.260000228881836,7.260000228881836,7.260000228881836,7.260000228881836,5476.0
2024-10-25 11:29:00+00:00,BSY,49.130001068115234,49.130001068115234,49.130001068115234,49.130001068115234,49.130001068115234,771.0
2024-10-25 11:29:00+00:00,CAMT,78.24500274658203,78.24500274658203,78.24500274658203,78.24500274658203,78.24500274658203,3291.0
2024-10-25 11:29:00+00:00,CDNS,258.6099853515625,258.6099853515625,258.6099853515625,258.5199890136719,258.5199890136719,19500.0
2024-10-25 11:29:00+00:00,CDW,217.94000244140625,217.94000244140625,217.94000244140625,217.94000244140625,217.94000244140625,7388.0
2024-10-25 11:29:00+00:00,CFLT,22.719999313354492,22.719999313354492,22.729999542236328,22.719999313354492,22.729999542236328,12934.0
2024-10-25 11:29:00+00:00,CGNX,38.94499969482422,38.94499969482422,38.94499969482422,38.94499969482422,38.94499969482422,5711.0
2024-10-25 11:29:00+00:00,CHKP,207.47999572753906,207.47999572753906,207.47999572753906,207.47999572753906,207.47999572753906,2849.0
2024-10-25 11:29:00+00:00,CLBT,18.165000915527344,18.165000915527344,18.165000915527344,18.165000915527344,18.165000915527344,3301.0
2024-10-25 11:29:00+00:00,CLSK,12.039999961853027,12.039999961853027,12.039999961853027,12.030099868774414,12.030099868774414,120392.0
2024-10-25 11:29:00+00:00,CNDT,3.6500000953674316,3.6500000953674316,3.6500000953674316,3.6500000953674316,3.6500000953674316,4772.0
2024-10-25 11:29:00+00:00,COHR,95.28500366210938,95.28500366210938,95.44999694824219,95.27999877929688,95.44999694824219,7984.0
2024-10-25 11:29:00+00:00,COHU,26.280000686645508,26.280000686645508,26.280000686645508,26.280000686645508,26.280000686645508,2138.0
2024-10-25 11:29:00+00:00,COIN,211.3000030517578,211.3000030517578,211.3000030517578,211.3000030517578,211.3000030517578,24557.0
2024-10-25 11:29:00+00:00,COMM,6.34499979019165,6.34499979019165,6.34499979019165,6.34499979019165,6.34499979019165,40765.0
2024-10-25 11:29:00+00:00,CORZ,13.37600040435791,13.37600040435791,13.37600040435791,13.37600040435791,13.37600040435791,165595.0
2024-10-25 11:29:00+00:00,CRDO,39.81999969482422,39.81999969482422,39.81999969482422,39.81999969482422,39.81999969482422,14642.0
2024-10-25 11:29:00+00:00,CRWD,308.42498779296875,308.42498779296875,308.42498779296875,308.42498779296875,308.42498779296875,8067.0
2024-10-25 11:29:00+00:00,CSCO,56.029998779296875,56.029998779296875,56.03499984741211,56.029998779296875,56.03499984741211,47084.0
2024-10-25 11:29:00+00:00,CSIQ,13.539999961853027,13.539999961853027,13.539999961853027,13.539999961853027,13.539999961853027,25792.0
2024-10-25 11:29:00+00:00,CTSH,74.71499633789062,74.71499633789062,74.71499633789062,74.71499633789062,74.71499633789062,7391.0
2024-10-25 11:29:00+00:00,CVLT,134.22000122070312,134.22000122070312,134.22000122070312,134.22000122070312,134.22000122070312,5348.0
2024-10-25 11:29:00+00:00,DAVE,39.599998474121094,39.599998474121094,39.599998474121094,39.599998474121094,39.599998474121094,2300.0
2024-10-25 11:29:00+00:00,DBX,25.940000534057617,25.940000534057617,25.940000534057617,25.940000534057617,25.940000534057617,9586.0
2024-10-25 11:29:00+00:00,DDOG,127.30500030517578,127.30500030517578,127.30500030517578,127.2699966430664,127.2699966430664,26885.0
2024-10-25 11:29:00+00:00,DGHI,1.5299999713897705,1.5299999713897705,1.5299999713897705,1.5299999713897705,1.5299999713897705,13074.0
2024-10-25 11:29:00+00:00,DIOD,65.85780334472656,65.85780334472656,65.85780334472656,65.85780334472656,65.85780334472656,1609.0
2024-10-25 11:29:00+00:00,DLO,8.860199928283691,8.860199928283691,8.860199928283691,8.860199928283691,8.860199928283691,7934.0
2024-10-25 11:29:00+00:00,DOCU,70.33000183105469,70.33000183105469,70.33000183105469,70.33000183105469,70.33000183105469,21796.0
2024-10-25 11:29:00+00:00,DOMO,7.989999771118164,7.989999771118164,7.989999771118164,7.989999771118164,7.989999771118164,3675.0
2024-10-25 11:29:00+00:00,EEFT,100.5999984741211,100.5999984741211,100.5999984741211,100.5999984741211,100.5999984741211,4352.0
2024-10-25 11:29:00+00:00,ENPH,82.85399627685547,82.85399627685547,82.9000015258789,82.85399627685547,82.86599731445312,25739.0
2024-10-25 11:29:00+00:00,EXTR,14.40999984741211,14.40999984741211,14.40999984741211,14.40999984741211,14.40999984741211,11314.0
2024-10-25 11:29:00+00:00,FFIV,216.53500366210938,216.53500366210938,216.53500366210938,216.53500366210938,216.53500366210938,4787.0
2024-10-25 11:29:00+00:00,FIVN,30.424999237060547,30.424999237060547,30.43000030517578,30.424999237060547,30.43000030517578,1681.0
2024-10-25 11:29:00+00:00,FLEX,35.29999923706055,35.29999923706055,35.29999923706055,35.29999923706055,35.29999923706055,35641.0
2024-10-25 11:29:00+00:00,FLYW,17.510000228881836,17.510000228881836,17.510000228881836,17.510000228881836,17.510000228881836,5967.0
2024-10-25 11:29:00+00:00,FORM,45.18000030517578,45.18000030517578,45.18000030517578,45.18000030517578,45.18000030517578,2021.0
2024-10-25 11:29:00+00:00,FROG,29.360000610351562,29.360000610351562,29.360000610351562,29.360000610351562,29.360000610351562,2958.0
2024-10-25 11:29:00+00:00,FRSH,11.704999923706055,11.704999923706055,11.704999923706055,11.704999923706055,11.704999923706055,28615.0
2024-10-25 11:29:00+00:00,FSLR,199.82000732421875,199.82000732421875,199.82000732421875,199.5749969482422,199.5749969482422,8868.0
2024-10-25 11:29:00+00:00,FTNT,81.26000213623047,81.26000213623047,81.26000213623047,81.25,81.25,9881.0
2024-10-25 11:29:00+00:00,GCT,25.030000686645508,25.030000686645508,25.030000686645508,25.030000686645508,25.030000686645508,31338.0
2024-10-25 11:29:00+00:00,GFS,41.27000045776367,41.27000045776367,41.27000045776367,41.27000045776367,41.27000045776367,16494.0
2024-10-25 11:29:00+00:00,GNSS,3.890000104904175,3.890000104904175,3.890000104904175,3.890000104904175,3.890000104904175,2586.0
2024-10-25 11:29:00+00:00,GPRO,1.3350000381469727,1.3350000381469727,1.3350000381469727,1.3350000381469727,1.3350000381469727,5627.0
2024-10-25 11:29:00+00:00,GRAB,4.085000038146973,4.085000038146973,4.085000038146973,4.085000038146973,4.085000038146973,38945.0
2024-10-25 11:29:00+00:00,HCP,33.70000076293945,33.70000076293945,33.70500183105469,33.70000076293945,33.70000076293945,21453.0
2024-10-25 11:29:00+00:00,HLIT,14.770000457763672,14.770000457763672,14.770000457763672,14.770000457763672,14.770000457763672,10466.0
2024-10-25 11:29:00+00:00,HOLO,3.649899959564209,3.649899959564209,3.6500000953674316,3.640000104904175,3.6500000953674316,50699.0
2024-10-25 11:29:00+00:00,HOOD,27.364999771118164,27.364999771118164,27.375,27.364999771118164,27.375,74314.0
2024-10-25 11:29:00+00:00,ICHR,27.8799991607666,27.8799991607666,27.8799991607666,27.8799991607666,27.8799991607666,3157.0
2024-10-25 11:29:00+00:00,INFN,6.784999847412109,6.784999847412109,6.784999847412109,6.784999847412109,6.784999847412109,15152.0
2024-10-25 11:29:00+00:00,INTC,23.02989959716797,23.02989959716797,23.030000686645508,23.020000457763672,23.026199340820312,290645.0
2024-10-25 11:29:00+00:00,INTU,610.1500244140625,610.1500244140625,610.1500244140625,610.1500244140625,610.1500244140625,1646.0
2024-10-25 11:29:00+00:00,IPGP,76.5,76.5,76.5,76.5,76.5,4430.0
2024-10-25 11:29:00+00:00,JKHY,183.69500732421875,183.69500732421875,183.69500732421875,183.69500732421875,183.69500732421875,3821.0
2024-10-25 11:29:00+00:00,KC,2.7249999046325684,2.7249999046325684,2.7249999046325684,2.7249999046325684,2.7249999046325684,7170.0
2024-10-25 11:29:00+00:00,KLAC,679.1849975585938,679.1849975585938,679.1849975585938,679.1849975585938,679.1849975585938,2635.0
2024-10-25 11:29:00+00:00,LINK,4.579999923706055,4.579999923706055,4.579999923706055,4.579999923706055,4.579999923706055,13340.0
2024-10-25 11:29:00+00:00,LITE,64.0999984741211,64.0999984741211,64.0999984741211,64.0999984741211,64.0999984741211,4000.0
2024-10-25 11:29:00+00:00,LOGI,81.06999969482422,81.06999969482422,81.06999969482422,81.06999969482422,81.06999969482422,27690.0
2024-10-25 11:29:00+00:00,LRCX,78.86000061035156,78.86000061035156,78.86000061035156,78.79000091552734,78.79000091552734,132568.0
2024-10-25 11:29:00+00:00,LSCC,54.119998931884766,54.119998931884766,54.119998931884766,54.119998931884766,54.119998931884766,4914.0
2024-10-25 11:29:00+00:00,LUNA,1.809999942779541,1.809999942779541,1.809999942779541,1.809999942779541,1.809999942779541,333.0
2024-10-25 11:29:00+00:00,LYFT,13.78499984741211,13.78499984741211,13.78499984741211,13.78499984741211,13.78499984741211,73843.0
2024-10-25 11:29:00+00:00,MANH,274.8949890136719,274.8949890136719,274.8949890136719,274.8949890136719,274.8949890136719,1299.0
2024-10-25 11:29:00+00:00,MCHP,76.97000122070312,76.97000122070312,76.97000122070312,76.94999694824219,76.94999694824219,14315.0
2024-10-25 11:29:00+00:00,MDB,266.6400146484375,266.6400146484375,266.6700134277344,266.4649963378906,266.4649963378906,7699.0
2024-10-25 11:29:00+00:00,MITK,8.779999732971191,8.779999732971191,8.779999732971191,8.779999732971191,8.779999732971191,5142.0
2024-10-25 11:29:00+00:00,MNDY,300.55499267578125,300.55499267578125,300.55499267578125,300.55499267578125,300.55499267578125,50152.0
2024-10-25 11:29:00+00:00,MOB,1.3114999532699585,1.3114999532699585,1.3114999532699585,1.3114999532699585,1.3114999532699585,1346.0
2024-10-25 11:29:00+00:00,MPWR,913.5599975585938,913.5599975585938,913.5599975585938,913.5599975585938,913.5599975585938,5826.0
2024-10-25 11:29:00+00:00,MQ,5.284999847412109,5.284999847412109,5.284999847412109,5.284999847412109,5.284999847412109,2534.0
2024-10-25 11:29:00+00:00,MRAM,6.300000190734863,6.300000190734863,6.300000190734863,6.300000190734863,6.300000190734863,4569.0
2024-10-25 11:29:00+00:00,MRVL,82.69999694824219,82.69999694824219,82.69999694824219,82.69000244140625,82.69000244140625,26707.0
2024-10-25 11:29:00+00:00,MSFT,430.7749938964844,430.7749938964844,430.7749938964844,430.739990234375,430.760009765625,60842.0
2024-10-25 11:29:00+00:00,MSTR,243.5399932861328,243.5399932861328,243.5399932861328,243.38999938964844,243.38999938964844,63099.0
2024-10-25 11:29:00+00:00,MTSI,119.69000244140625,119.69000244140625,119.69999694824219,119.58499908447266,119.58499908447266,47528.0
2024-10-25 11:29:00+00:00,MU,108.98999786376953,108.98999786376953,109.0,108.94999694824219,108.94999694824219,97803.0
2024-10-25 11:29:00+00:00,MVIS,1.0950000286102295,1.0950000286102295,1.0950000286102295,1.0950000286102295,1.0950000286102295,17807.0
2024-10-25 11:29:00+00:00,MXL,14.949999809265137,14.949999809265137,14.949999809265137,14.949999809265137,14.949999809265137,6651.0
2024-10-25 11:29:00+00:00,NCNO,37.900001525878906,37.900001525878906,37.900001525878906,37.900001525878906,37.900001525878906,19652.0
2024-10-25 11:29:00+00:00,NSIT,209.47999572753906,209.47999572753906,209.47999572753906,209.47999572753906,209.47999572753906,3479.0
2024-10-25 11:29:00+00:00,NTAP,120.16999816894531,120.16999816894531,120.16999816894531,120.16999816894531,120.16999816894531,15394.0
2024-10-25 11:29:00+00:00,NVDA,143.7299041748047,143.7299041748047,143.72999572753906,143.67709350585938,143.67709350585938,1098560.0
2024-10-25 11:29:00+00:00,NXPI,244.36000061035156,244.36000061035156,244.36000061035156,244.05999755859375,244.05999755859375,26832.0
2024-10-25 11:29:00+00:00,OKTA,72.6500015258789,72.6500015258789,72.6500015258789,72.6500015258789,72.6500015258789,2790.0
2024-10-25 11:29:00+00:00,ON,71.76000213623047,71.76000213623047,71.76000213623047,71.70999908447266,71.70999908447266,87630.0
2024-10-25 11:29:00+00:00,PANW,369.3500061035156,369.3500061035156,369.489990234375,369.3500061035156,369.489990234375,5277.0
2024-10-25 11:29:00+00:00,PAYO,8.295000076293945,8.295000076293945,8.300000190734863,8.295000076293945,8.295000076293945,9317.0
2024-10-25 11:29:00+00:00,PEGA,80.51000213623047,80.51000213623047,80.51000213623047,80.51000213623047,80.51000213623047,13840.0
2024-10-25 11:29:00+00:00,PHUN,9.708499908447266,9.708499908447266,9.710000038146973,9.699999809265137,9.710000038146973,47803.0
2024-10-25 11:29:00+00:00,PI,203.86300659179688,203.86300659179688,203.86300659179688,203.86300659179688,203.86300659179688,1700.0
2024-10-25 11:29:00+00:00,PLUS,98.08499908447266,98.08499908447266,98.08499908447266,98.08499908447266,98.08499908447266,1889.0
2024-10-25 11:29:00+00:00,PLXS,142.86000061035156,142.86000061035156,142.86000061035156,142.86000061035156,142.86000061035156,2068.0
2024-10-25 11:29:00+00:00,POET,3.9700000286102295,3.9700000286102295,3.9700000286102295,3.9700000286102295,3.9700000286102295,7095.0
2024-10-25 11:29:00+00:00,PRTH,5.394000053405762,5.394000053405762,5.394000053405762,5.394000053405762,5.394000053405762,1497.0
2024-10-25 11:29:00+00:00,PTC,186.4199981689453,186.4199981689453,186.4199981689453,186.4199981689453,186.4199981689453,4873.0
2024-10-25 11:29:00+00:00,PYCR,14.369999885559082,14.369999885559082,14.369999885559082,14.369999885559082,14.369999885559082,969.0
2024-10-25 11:29:00+00:00,QCOM,172.52999877929688,172.52999877929688,172.52999877929688,172.4199981689453,172.4199981689453,23618.0
2024-10-25 11:29:00+00:00,QRVO,100.06999969482422,100.06999969482422,100.0999984741211,100.06999969482422,100.0999984741211,1225.0
2024-10-25 11:29:00+00:00,QUBT,1.0800000429153442,1.0800000429153442,1.090000033378601,1.0800000429153442,1.090000033378601,115072.0
2024-10-25 11:29:00+00:00,REKR,1.0950000286102295,1.0950000286102295,1.0950000286102295,1.0950000286102295,1.0950000286102295,1619.0
2024-10-25 11:29:00+00:00,RELY,14.760000228881836,14.760000228881836,14.760000228881836,14.760000228881836,14.760000228881836,13351.0
2024-10-25 11:29:00+00:00,RGTI,1.2649999856948853,1.2649999856948853,1.2699999809265137,1.2649999856948853,1.2699999809265137,57058.0
2024-10-25 11:29:00+00:00,RIOT,10.0649995803833,10.0649995803833,10.066800117492676,10.0649995803833,10.066800117492676,81587.0
2024-10-25 11:29:00+00:00,RMBS,43.189998626708984,43.189998626708984,43.189998626708984,43.189998626708984,43.189998626708984,15049.0
2024-10-25 11:29:00+00:00,RPAY,7.599999904632568,7.599999904632568,7.599999904632568,7.599999904632568,7.599999904632568,8615.0
2024-10-25 11:29:00+00:00,RUM,5.775000095367432,5.775000095367432,5.775000095367432,5.775000095367432,5.775000095367432,5668.0
2024-10-25 11:29:00+00:00,SCSC,45.04999923706055,45.04999923706055,45.04999923706055,45.04999923706055,45.04999923706055,947.0
2024-10-25 11:29:00+00:00,SEDG,15.970000267028809,15.970000267028809,15.975000381469727,15.960100173950195,15.96500015258789,15455.0
2024-10-25 11:29:00+00:00,SHLS,5.264999866485596,5.264999866485596,5.264999866485596,5.264999866485596,5.264999866485596,10100.0
2024-10-25 11:29:00+00:00,SMCI,47.76029968261719,47.76029968261719,47.76029968261719,47.709999084472656,47.72999954223633,226455.0
2024-10-25 11:29:00+00:00,SMTC,45.25,45.25,45.25,45.25,45.25,8556.0
2024-10-25 11:29:00+00:00,SOUN,5.3069000244140625,5.3069000244140625,5.3069000244140625,5.302499771118164,5.304999828338623,86075.0
2024-10-25 11:29:00+00:00,SPSC,174.05999755859375,174.05999755859375,174.05999755859375,174.05999755859375,174.05999755859375,256806.0
2024-10-25 11:29:00+00:00,SPT,27.092899322509766,27.092899322509766,27.092899322509766,27.087499618530273,27.087499618530273,45231.0
2024-10-25 11:29:00+00:00,SSNC,69.6050033569336,69.6050033569336,69.6050033569336,69.6050033569336,69.6050033569336,21523.0
2024-10-25 11:29:00+00:00,SSYS,7.139999866485596,7.139999866485596,7.139999866485596,7.139999866485596,7.139999866485596,88981.0
2024-10-25 11:29:00+00:00,STNE,11.484999656677246,11.484999656677246,11.484999656677246,11.484999656677246,11.484999656677246,43650.0
2024-10-25 11:29:00+00:00,STX,104.2699966430664,104.2699966430664,104.2699966430664,104.2699966430664,104.2699966430664,18096.0
2024-10-25 11:29:00+00:00,SVRE,0.0828000009059906,0.0828000009059906,0.0828000009059906,0.0828000009059906,0.0828000009059906,5239.0
2024-10-25 11:29:00+00:00,SYNA,73.43000030517578,73.43000030517578,73.43000030517578,73.43000030517578,73.43000030517578,6506.0
2024-10-25 11:29:00+00:00,SYTA,1.25,1.25,1.25,1.25,1.25,20008.0
2024-10-25 11:29:00+00:00,TEAM,189.88999938964844,189.88999938964844,189.9600067138672,189.73500061035156,189.73500061035156,6690.0
2024-10-25 11:29:00+00:00,TENB,41.529998779296875,41.529998779296875,41.529998779296875,41.529998779296875,41.529998779296875,34030.0
2024-10-25 11:29:00+00:00,TER,112.93000030517578,112.93000030517578,112.93000030517578,112.91000366210938,112.91000366210938,18523.0
2024-10-25 11:29:00+00:00,TGL,0.6700999736785889,0.6700999736785889,0.6700999736785889,0.6700999736785889,0.6700999736785889,1800.0
2024-10-25 11:29:00+00:00,TSEM,44.8650016784668,44.8650016784668,44.89500045776367,44.8650016784668,44.89500045776367,2395.0
2024-10-25 11:29:00+00:00,TTD,119.58000183105469,119.58000183105469,119.5999984741211,119.55999755859375,119.55999755859375,20896.0
2024-10-25 11:29:00+00:00,TWKS,4.449999809265137,4.449999809265137,4.449999809265137,4.449999809265137,4.449999809265137,48493.0
2024-10-25 11:29:00+00:00,TXN,209.0850067138672,209.0850067138672,209.14999389648438,209.0749969482422,209.0749969482422,17160.0
2024-10-25 11:29:00+00:00,UCTT,35.90999984741211,35.90999984741211,35.90999984741211,35.90999984741211,35.90999984741211,1311.0
2024-10-25 11:29:00+00:00,UPLD,2.16759991645813,2.16759991645813,2.16759991645813,2.16759991645813,2.16759991645813,3520.0
2024-10-25 11:29:00+00:00,VERB,10.045000076293945,10.045000076293945,10.045000076293945,10.045000076293945,10.045000076293945,11991.0
2024-10-25 11:29:00+00:00,VIAV,9.180000305175781,9.180000305175781,9.180000305175781,9.180000305175781,9.180000305175781,7034.0
2024-10-25 11:29:00+00:00,VICR,46.845001220703125,46.845001220703125,46.845001220703125,46.845001220703125,46.845001220703125,234.0
2024-10-25 11:29:00+00:00,VMEO,4.75,4.75,4.75,4.75,4.75,7177.0
2024-10-25 11:29:00+00:00,VNET,3.4749999046325684,3.4749999046325684,3.4749999046325684,3.4749999046325684,3.4749999046325684,11037.0
2024-10-25 11:29:00+00:00,VRNS,56.69499969482422,56.69499969482422,56.69499969482422,56.69499969482422,56.69499969482422,4951.0
2024-10-25 11:29:00+00:00,VRNT,22.364999771118164,22.364999771118164,22.364999771118164,22.364999771118164,22.364999771118164,8721.0
2024-10-25 11:29:00+00:00,VUZI,1.3250000476837158,1.3250000476837158,1.3250000476837158,1.3250000476837158,1.3250000476837158,21203.0
2024-10-25 11:29:00+00:00,WDC,72.13500213623047,72.13500213623047,72.13500213623047,72.13500213623047,72.13500213623047,77159.0
2024-10-25 11:29:00+00:00,WRAP,1.8600000143051147,1.8600000143051147,1.8600000143051147,1.8600000143051147,1.8600000143051147,12732.0
2024-10-25 11:29:00+00:00,ZI,10.515000343322754,10.515000343322754,10.515000343322754,10.515000343322754,10.515000343322754,81678.0
2024-10-25 11:29:00+00:00,ZM,73.0199966430664,73.0199966430664,73.0199966430664,72.98999786376953,72.98999786376953,30895.0
2024-10-25 11:29:00+00:00,ZS,186.0399932861328,186.0399932861328,186.0399932861328,186.0399932861328,186.0399932861328,513.0
2024-10-25 11:30:00+00:00,AAPL,232.3489990234375,232.3489990234375,232.35499572753906,232.2050018310547,232.22999572753906,14667.0
2024-10-25 11:30:00+00:00,ACIW,48.8849983215332,48.8849983215332,48.8849983215332,48.869998931884766,48.869998931884766,679.0
2024-10-25 11:30:00+00:00,ACLS,90.50499725341797,90.50499725341797,90.50499725341797,90.47000122070312,90.48999786376953,382.0
2024-10-25 11:30:00+00:00,ACMR,19.799999237060547,19.799999237060547,19.819000244140625,19.795000076293945,19.795000076293945,3450.0
2024-10-25 11:30:00+00:00,ADBE,484.67999267578125,484.67999267578125,484.67999267578125,484.67999267578125,484.67999267578125,203.0
2024-10-25 11:30:00+00:00,ADI,233.46499633789062,233.46499633789062,233.5399932861328,233.46499633789062,233.5399932861328,691.0
2024-10-25 11:30:00+00:00,AEHR,16.639999389648438,16.639999389648438,16.639999389648438,16.639999389648438,16.639999389648438,4162.0
2024-10-25 11:30:00+00:00,AFRM,41.665000915527344,41.665000915527344,41.66999816894531,41.65999984741211,41.65999984741211,1582.0
2024-10-25 11:30:00+00:00,ALLT,3.440000057220459,3.440000057220459,3.440000057220459,3.440000057220459,3.440000057220459,2248.0
2024-10-25 11:30:00+00:00,AMAT,188.1999969482422,188.1999969482422,188.1999969482422,188.13999938964844,188.13999938964844,656.0
2024-10-25 11:30:00+00:00,AMD,157.42990112304688,157.42990112304688,157.43800354003906,157.3179931640625,157.3419952392578,21535.0
2024-10-25 11:30:00+00:00,AMKR,30.049999237060547,30.049999237060547,30.049999237060547,30.049999237060547,30.049999237060547,522.0
2024-10-25 11:30:00+00:00,API,2.8450000286102295,2.8450000286102295,2.8550000190734863,2.8399999141693115,2.8499999046325684,51659.0
2024-10-25 11:30:00+00:00,APP,162.00999450683594,162.00999450683594,162.00999450683594,161.9199981689453,161.9199981689453,1327.0
2024-10-25 11:30:00+00:00,APPN,32.18000030517578,32.18000030517578,32.18000030517578,32.16999816894531,32.16999816894531,680.0
2024-10-25 11:30:00+00:00,ARQQ,7.159999847412109,7.159999847412109,7.159999847412109,7.159999847412109,7.159999847412109,306.0
2024-10-25 11:30:00+00:00,ARRY,6.434999942779541,6.434999942779541,6.445000171661377,6.429999828338623,6.445000171661377,3527.0
2024-10-25 11:30:00+00:00,ASML,717.25,717.25,717.25,717.1699829101562,717.25,7966.0
2024-10-25 11:30:00+00:00,AVGO,176.0500030517578,176.0500030517578,176.1199951171875,175.99000549316406,176.0399932861328,21435.0
2024-10-25 11:30:00+00:00,BIGC,5.300000190734863,5.300000190734863,5.300000190734863,5.300000190734863,5.300000190734863,4398.0
2024-10-25 11:30:00+00:00,BLIN,1.090000033378601,1.090000033378601,1.090000033378601,1.090000033378601,1.090000033378601,0.0
2024-10-25 11:30:00+00:00,CAN,1.0,1.0,1.0,1.0,1.0,59351.0
2024-10-25 11:30:00+00:00,CDNS,258.6600036621094,258.6600036621094,258.6600036621094,258.6600036621094,258.6600036621094,620.0
2024-10-25 11:30:00+00:00,CETX,0.2969000041484833,0.2969000041484833,0.2969000041484833,0.2969000041484833,0.2969000041484833,1000.0
2024-10-25 11:30:00+00:00,CFLT,22.729999542236328,22.729999542236328,22.729999542236328,22.729999542236328,22.729999542236328,380.0
2024-10-25 11:30:00+00:00,CHKP,207.41000366210938,207.41000366210938,207.41000366210938,207.41000366210938,207.41000366210938,200.0
2024-10-25 11:30:00+00:00,CLSK,12.059000015258789,12.059000015258789,12.059900283813477,12.050000190734863,12.050000190734863,17364.0
2024-10-25 11:30:00+00:00,CNXC,44.8849983215332,44.8849983215332,44.8849983215332,44.8849983215332,44.8849983215332,200.0
2024-10-25 11:30:00+00:00,COHR,95.36499786376953,95.36499786376953,95.41999816894531,95.3499984741211,95.3499984741211,4478.0
2024-10-25 11:30:00+00:00,COIN,211.48500061035156,211.48500061035156,211.5800018310547,211.48500061035156,211.5800018310547,1666.0
2024-10-25 11:30:00+00:00,CORZ,13.380000114440918,13.380000114440918,13.380000114440918,13.380000114440918,13.380000114440918,1295.0
2024-10-25 11:30:00+00:00,CRDO,39.85599899291992,39.85599899291992,39.85599899291992,39.85599899291992,39.85599899291992,520.0
2024-10-25 11:30:00+00:00,CRWD,308.5899963378906,308.5899963378906,308.5899963378906,308.5899963378906,308.5899963378906,490.0
2024-10-25 11:30:00+00:00,CSCO,56.025001525878906,56.025001525878906,56.029998779296875,56.025001525878906,56.029998779296875,2666.0
2024-10-25 11:30:00+00:00,CSIQ,13.545000076293945,13.545000076293945,13.545000076293945,13.545000076293945,13.545000076293945,135.0
2024-10-25 11:30:00+00:00,CTSH,74.71499633789062,74.71499633789062,74.71499633789062,74.71499633789062,74.71499633789062,352.0
2024-10-25 11:30:00+00:00,CVLT,134.22000122070312,134.22000122070312,134.22000122070312,134.22000122070312,134.22000122070312,335.0
2024-10-25 11:30:00+00:00,DBX,25.940000534057617,25.940000534057617,25.940000534057617,25.940000534057617,25.940000534057617,917.0
2024-10-25 11:30:00+00:00,DDOG,127.44000244140625,127.44000244140625,127.44000244140625,127.29859924316406,127.29859924316406,1779.0
2024-10-25 11:30:00+00:00,DOCU,70.3550033569336,70.3550033569336,70.3550033569336,70.3499984741211,70.3499984741211,1568.0
2024-10-25 11:30:00+00:00,DOX,89.69000244140625,89.69000244140625,89.69000244140625,89.69000244140625,89.69000244140625,775.0
2024-10-25 11:30:00+00:00,ENPH,82.83499908447266,82.83499908447266,82.8550033569336,82.80999755859375,82.80999755859375,1136.0
2024-10-25 11:30:00+00:00,ERIC,8.505000114440918,8.505000114440918,8.509900093078613,8.505000114440918,8.505000114440918,214713.0
2024-10-25 11:30:00+00:00,EXFY,1.7050000429153442,1.7050000429153442,1.7050000429153442,1.7050000429153442,1.7050000429153442,1179.0
2024-10-25 11:30:00+00:00,EXTR,14.420000076293945,14.420000076293945,14.420000076293945,14.420000076293945,14.420000076293945,205.0
2024-10-25 11:30:00+00:00,FFIV,216.44500732421875,216.44500732421875,216.44500732421875,216.44500732421875,216.44500732421875,341.0
2024-10-25 11:30:00+00:00,FLEX,35.30009841918945,35.30009841918945,35.30009841918945,35.30009841918945,35.30009841918945,200.0
2024-10-25 11:30:00+00:00,FRSH,11.704999923706055,11.704999923706055,11.704999923706055,11.704999923706055,11.704999923706055,283.0
2024-10-25 11:30:00+00:00,FTNT,81.29000091552734,81.29000091552734,81.29000091552734,81.27999877929688,81.27999877929688,791.0
2024-10-25 11:30:00+00:00,GCT,25.024999618530273,25.024999618530273,25.024999618530273,25.024999618530273,25.024999618530273,253.0
2024-10-25 11:30:00+00:00,GFS,41.33000183105469,41.33000183105469,41.33000183105469,41.27000045776367,41.279998779296875,6079.0
2024-10-25 11:30:00+00:00,GILT,4.90500020980835,4.90500020980835,4.909999847412109,4.900000095367432,4.909999847412109,7690.0
2024-10-25 11:30:00+00:00,GRAB,4.085000038146973,4.085000038146973,4.090000152587891,4.085000038146973,4.090000152587891,3578.0
2024-10-25 11:30:00+00:00,GRRR,4.519999980926514,4.519999980926514,4.550000190734863,4.519999980926514,4.550000190734863,3880.0
2024-10-25 11:30:00+00:00,GTLB,55.709999084472656,55.709999084472656,55.709999084472656,55.709999084472656,55.709999084472656,530.0
2024-10-25 11:30:00+00:00,HCP,33.70500183105469,33.70500183105469,33.70500183105469,33.70500183105469,33.70500183105469,402.0
2024-10-25 11:30:00+00:00,HIMX,6.204999923706055,6.204999923706055,6.204999923706055,6.204999923706055,6.204999923706055,5158.0
2024-10-25 11:30:00+00:00,HOLO,3.640500068664551,3.640500068664551,3.640500068664551,3.640500068664551,3.640500068664551,202.0
2024-10-25 11:30:00+00:00,HOOD,27.3700008392334,27.3700008392334,27.3700008392334,27.36199951171875,27.363000869750977,9524.0
2024-10-25 11:30:00+00:00,IMMR,8.770000457763672,8.770000457763672,8.770000457763672,8.770000457763672,8.770000457763672,747.0
2024-10-25 11:30:00+00:00,INFN,6.784599781036377,6.784599781036377,6.784999847412109,6.784599781036377,6.784999847412109,1238.0
2024-10-25 11:30:00+00:00,INTC,23.059999465942383,23.059999465942383,23.059999465942383,23.030000686645508,23.035999298095703,37213.0
2024-10-25 11:30:00+00:00,JKHY,183.82000732421875,183.82000732421875,183.82000732421875,183.80999755859375,183.80999755859375,599.0
2024-10-25 11:30:00+00:00,KC,2.7149999141693115,2.7149999141693115,2.7249999046325684,2.7149999141693115,2.7249999046325684,8772.0
2024-10-25 11:30:00+00:00,KLAC,679.39501953125,679.39501953125,679.39501953125,679.39501953125,679.39501953125,651.0
2024-10-25 11:30:00+00:00,LITE,64.12999725341797,64.12999725341797,64.12999725341797,64.12999725341797,64.12999725341797,102.0
2024-10-25 11:30:00+00:00,LOGI,81.0999984741211,81.0999984741211,81.0999984741211,81.08000183105469,81.08000183105469,496.0
2024-10-25 11:30:00+00:00,LPSN,1.1799999475479126,1.1799999475479126,1.1799999475479126,1.1799999475479126,1.1799999475479126,83127.0
2024-10-25 11:30:00+00:00,LRCX,78.91000366210938,78.91000366210938,78.91999816894531,78.8550033569336,78.8550033569336,6787.0
2024-10-25 11:30:00+00:00,LSCC,54.11000061035156,54.11000061035156,54.11000061035156,54.08000183105469,54.08000183105469,481.0
2024-10-25 11:30:00+00:00,LYFT,13.78499984741211,13.78499984741211,13.78499984741211,13.78499984741211,13.78499984741211,133.0
2024-10-25 11:30:00+00:00,MCHP,77.0,77.0,77.0,76.9800033569336,76.9800033569336,2374.0
2024-10-25 11:30:00+00:00,MDB,266.6700134277344,266.6700134277344,266.6700134277344,266.6700134277344,266.6700134277344,109.0
2024-10-25 11:30:00+00:00,MKSI,100.75,100.75,100.75,100.75,100.75,132.0
2024-10-25 11:30:00+00:00,MLAB,115.12000274658203,115.12000274658203,115.12000274658203,115.12000274658203,115.12000274658203,1029.0
2024-10-25 11:30:00+00:00,MOGO,1.017899990081787,1.017899990081787,1.017899990081787,1.017899990081787,1.017899990081787,588.0
2024-10-25 11:30:00+00:00,MQ,5.284999847412109,5.284999847412109,5.284999847412109,5.284999847412109,5.284999847412109,316.0
2024-10-25 11:30:00+00:00,MRVL,82.75,82.75,82.75,82.70999908447266,82.72000122070312,3413.0
2024-10-25 11:30:00+00:00,MSFT,430.9100036621094,430.9100036621094,430.93231201171875,430.7300109863281,430.8190002441406,9206.0
2024-10-25 11:30:00+00:00,MSTR,243.84539794921875,243.84539794921875,243.99000549316406,243.52000427246094,243.5399932861328,9195.0
2024-10-25 11:30:00+00:00,MTTR,4.664999961853027,4.664999961853027,4.664999961853027,4.664999961853027,4.664999961853027,39628.0
2024-10-25 11:30:00+00:00,MU,109.04199981689453,109.04199981689453,109.05989837646484,109.01000213623047,109.01000213623047,3666.0
2024-10-25 11:30:00+00:00,MXL,14.960000038146973,14.960000038146973,14.970000267028809,14.949999809265137,14.960000038146973,2295.0
2024-10-25 11:30:00+00:00,NCNO,37.91999816894531,37.91999816894531,37.93000030517578,37.91999816894531,37.93000030517578,1046.0
2024-10-25 11:30:00+00:00,NTAP,120.12999725341797,120.12999725341797,120.12999725341797,120.12999725341797,120.12999725341797,768.0
2024-10-25 11:30:00+00:00,NTCT,20.6299991607666,20.6299991607666,20.6299991607666,20.6299991607666,20.6299991607666,200.0
2024-10-25 11:30:00+00:00,NVDA,143.80599975585938,143.80599975585938,143.82000732421875,143.69000244140625,143.74000549316406,175274.0
2024-10-25 11:30:00+00:00,NVTS,2.5899999141693115,2.5899999141693115,2.5899999141693115,2.5899999141693115,2.5899999141693115,56434.0
2024-10-25 11:30:00+00:00,NXPI,244.39999389648438,244.39999389648438,244.41000366210938,244.36000061035156,244.41000366210938,1370.0
2024-10-25 11:30:00+00:00,OKTA,72.69999694824219,72.69999694824219,72.69999694824219,72.69999694824219,72.69999694824219,275.0
2024-10-25 11:30:00+00:00,ON,71.79000091552734,71.79000091552734,71.79000091552734,71.75,71.75,1376.0
2024-10-25 11:30:00+00:00,ONDS,0.8851000070571899,0.8851000070571899,0.8851000070571899,0.8851000070571899,0.8851000070571899,10598.0
2024-10-25 11:30:00+00:00,OSPN,14.649999618530273,14.649999618530273,14.649999618530273,14.649999618530273,14.649999618530273,334.0
2024-10-25 11:30:00+00:00,PANW,369.8299865722656,369.8299865722656,369.8299865722656,369.2499084472656,369.2499084472656,1071.0
2024-10-25 11:30:00+00:00,PDFS,29.469999313354492,29.469999313354492,29.469999313354492,29.469999313354492,29.469999313354492,1164.0
2024-10-25 11:30:00+00:00,PGY,11.850000381469727,11.850000381469727,11.850000381469727,11.850000381469727,11.850000381469727,5058.0
2024-10-25 11:30:00+00:00,PGYWW,0.18799999356269836,0.18799999356269836,0.18799999356269836,0.18799999356269836,0.18799999356269836,60959.0
2024-10-25 11:30:00+00:00,PHUN,9.699999809265137,9.699999809265137,9.704000473022461,9.699999809265137,9.699999809265137,5105.0
2024-10-25 11:30:00+00:00,PLAB,23.670000076293945,23.670000076293945,23.670000076293945,23.670000076293945,23.670000076293945,1551.0
2024-10-25 11:30:00+00:00,PRST,0.0027000000700354576,0.0027000000700354576,0.002899999963119626,0.0027000000700354576,0.002899999963119626,11016.0
2024-10-25 11:30:00+00:00,PTC,186.43499755859375,186.43499755859375,186.43499755859375,186.43499755859375,186.43499755859375,101.0
2024-10-25 11:30:00+00:00,PUBM,14.90999984741211,14.90999984741211,14.90999984741211,14.90999984741211,14.90999984741211,600.0
2024-10-25 11:30:00+00:00,QCOM,172.7122039794922,172.7122039794922,172.7122039794922,172.55999755859375,172.55999755859375,2236.0
2024-10-25 11:30:00+00:00,QLYS,120.5250015258789,120.5250015258789,120.5250015258789,120.5250015258789,120.5250015258789,1219.0
2024-10-25 11:30:00+00:00,QRVO,100.12000274658203,100.12000274658203,100.12000274658203,100.12000274658203,100.12000274658203,232.0
2024-10-25 11:30:00+00:00,QUIK,8.645999908447266,8.645999908447266,8.645999908447266,8.645999908447266,8.645999908447266,1676.0
2024-10-25 11:30:00+00:00,RELY,14.760000228881836,14.760000228881836,14.760000228881836,14.760000228881836,14.760000228881836,3446.0
2024-10-25 11:30:00+00:00,RGTI,1.2699999809265137,1.2699999809265137,1.2699999809265137,1.2699999809265137,1.2699999809265137,501.0
2024-10-25 11:30:00+00:00,RIOT,10.067999839782715,10.067999839782715,10.074999809265137,10.064000129699707,10.074999809265137,9698.0
2024-10-25 11:30:00+00:00,RUN,14.359999656677246,14.359999656677246,14.369999885559082,14.359999656677246,14.369999885559082,48890.0
2024-10-25 11:30:00+00:00,SATS,25.260000228881836,25.260000228881836,25.260000228881836,25.260000228881836,25.260000228881836,698.0
2024-10-25 11:30:00+00:00,SEDG,15.970000267028809,15.970000267028809,15.970000267028809,15.970000267028809,15.970000267028809,127.0
2024-10-25 11:30:00+00:00,SHLS,5.260000228881836,5.260000228881836,5.264999866485596,5.260000228881836,5.264999866485596,2202.0
2024-10-25 11:30:00+00:00,SMCI,47.7859992980957,47.7859992980957,47.7953987121582,47.755001068115234,47.755001068115234,11422.0
2024-10-25 11:30:00+00:00,SOUN,5.307799816131592,5.307799816131592,5.307799816131592,5.307499885559082,5.307499885559082,806.0
2024-10-25 11:30:00+00:00,SPT,27.110000610351562,27.110000610351562,27.110000610351562,27.100000381469727,27.100000381469727,1362.0
2024-10-25 11:30:00+00:00,SSNC,69.56500244140625,69.56500244140625,69.5999984741211,69.56500244140625,69.56500244140625,1098.0
2024-10-25 11:30:00+00:00,STX,104.2750015258789,104.2750015258789,104.2750015258789,104.2750015258789,104.2750015258789,211.0
2024-10-25 11:30:00+00:00,SYTA,1.2599999904632568,1.2599999904632568,1.2599999904632568,1.2599999904632568,1.2599999904632568,100.0
2024-10-25 11:30:00+00:00,TEAM,189.88999938964844,189.88999938964844,189.88999938964844,189.88999938964844,189.88999938964844,1098.0
2024-10-25 11:30:00+00:00,TER,113.0,113.0,113.0,112.96499633789062,112.96499633789062,1230.0
2024-10-25 11:30:00+00:00,TTD,119.56999969482422,119.56999969482422,119.6050033569336,119.56999969482422,119.58999633789062,430.0
2024-10-25 11:30:00+00:00,TXN,209.1999969482422,209.1999969482422,209.1999969482422,209.1999969482422,209.1999969482422,1064.0
2024-10-25 11:30:00+00:00,UCTT,35.90999984741211,35.90999984741211,35.90999984741211,35.90999984741211,35.90999984741211,455.0
2024-10-25 11:30:00+00:00,VERX,42.27000045776367,42.27000045776367,42.27000045776367,42.27000045776367,42.27000045776367,522.0
2024-10-25 11:30:00+00:00,VRSN,186.17999267578125,186.17999267578125,186.17999267578125,186.17999267578125,186.17999267578125,673.0
2024-10-25 11:30:00+00:00,VSAT,10.289999961853027,10.289999961853027,10.289999961853027,10.289999961853027,10.289999961853027,201.0
2024-10-25 11:30:00+00:00,VUZI,1.3250000476837158,1.3250000476837158,1.3250000476837158,1.3250000476837158,1.3250000476837158,200.0
2024-10-25 11:30:00+00:00,VVPR,0.800000011920929,0.800000011920929,0.800000011920929,0.800000011920929,0.800000011920929,3777.0
2024-10-25 11:30:00+00:00,WDC,72.06999969482422,72.06999969482422,72.13500213623047,72.05000305175781,72.13500213623047,11603.0
2024-10-25 11:30:00+00:00,ZS,186.2449951171875,186.2449951171875,186.2449951171875,186.1363983154297,186.14990234375,2843.0
2024-10-25 11:31:00+00:00,ADBE,484.7900085449219,484.7900085449219,484.7900085449219,484.7900085449219,484.7900085449219,3883.0
2024-10-25 11:31:00+00:00,AEHR,16.650100708007812,16.650100708007812,16.650100708007812,16.650100708007812,16.650100708007812,9547.0
2024-10-25 11:31:00+00:00,AMKR,30.09000015258789,30.09000015258789,30.09000015258789,30.09000015258789,30.09000015258789,1739.0
2024-10-25 11:31:00+00:00,BAND,17.774999618530273,17.774999618530273,17.774999618530273,17.774999618530273,17.774999618530273,442.0
2024-10-25 11:31:00+00:00,BASE,16.43000030517578,16.43000030517578,16.43000030517578,16.43000030517578,16.43000030517578,1637.0
2024-10-25 11:31:00+00:00,BIGC,5.304999828338623,5.304999828338623,5.304999828338623,5.304999828338623,5.304999828338623,3439.0
2024-10-25 11:31:00+00:00,BLKB,85.84500122070312,85.84500122070312,85.84500122070312,85.84500122070312,85.84500122070312,531.0
2024-10-25 11:31:00+00:00,BSY,49.14550018310547,49.14550018310547,49.14550018310547,49.14550018310547,49.14550018310547,1026.0
2024-10-25 11:31:00+00:00,CETX,0.2969000041484833,0.2969000041484833,0.2969000041484833,0.2969000041484833,0.2969000041484833,1647.0
2024-10-25 11:31:00+00:00,CGNT,6.650000095367432,6.650000095367432,6.650000095367432,6.650000095367432,6.650000095367432,834.0
2024-10-25 11:31:00+00:00,CHKP,207.5,207.5,207.5,207.5,207.5,7542.0
2024-10-25 11:31:00+00:00,CNDT,3.6649999618530273,3.6649999618530273,3.6649999618530273,3.6649999618530273,3.6649999618530273,15538.0
2024-10-25 11:31:00+00:00,CNXC,44.849998474121094,44.849998474121094,44.849998474121094,44.849998474121094,44.849998474121094,905.0
2024-10-25 11:31:00+00:00,COHR,95.45500183105469,95.45500183105469,95.47000122070312,95.37999725341797,95.37999725341797,3237.0
2024-10-25 11:31:00+00:00,CRDO,39.880001068115234,39.880001068115234,39.880001068115234,39.880001068115234,39.880001068115234,3661.0
2024-10-25 11:31:00+00:00,CTSH,74.70999908447266,74.70999908447266,74.70999908447266,74.70999908447266,74.70999908447266,4413.0
2024-10-25 11:31:00+00:00,CVLT,134.36000061035156,134.36000061035156,134.36000061035156,134.36000061035156,134.36000061035156,4618.0
2024-10-25 11:31:00+00:00,DOMO,8.010000228881836,8.010000228881836,8.010000228881836,8.010000228881836,8.010000228881836,1143.0
2024-10-25 11:31:00+00:00,EEFT,100.56999969482422,100.56999969482422,100.56999969482422,100.56999969482422,100.56999969482422,456.0
2024-10-25 11:31:00+00:00,EXTR,14.4350004196167,14.4350004196167,14.4350004196167,14.4350004196167,14.4350004196167,2712.0
2024-10-25 11:31:00+00:00,GTLB,55.7599983215332,55.7599983215332,55.7599983215332,55.7599983215332,55.7599983215332,610.0
2024-10-25 11:31:00+00:00,ICHR,27.920000076293945,27.920000076293945,27.920000076293945,27.920000076293945,27.920000076293945,949.0
2024-10-25 11:31:00+00:00,INTU,611.1199951171875,611.1199951171875,611.1199951171875,611.1199951171875,611.1199951171875,3241.0
2024-10-25 11:31:00+00:00,IPGP,76.72000122070312,76.72000122070312,76.72000122070312,76.72000122070312,76.72000122070312,3609.0
2024-10-25 11:31:00+00:00,KLIC,44.290000915527344,44.290000915527344,44.290000915527344,44.290000915527344,44.290000915527344,606.0
2024-10-25 11:31:00+00:00,LFUS,253.74000549316406,253.74000549316406,253.74000549316406,253.74000549316406,253.74000549316406,2581.0
2024-10-25 11:31:00+00:00,LITE,64.12000274658203,64.12000274658203,64.12000274658203,64.12000274658203,64.12000274658203,2237.0
2024-10-25 11:31:00+00:00,MPWR,914.9849853515625,914.9849853515625,914.9849853515625,914.9849853515625,914.9849853515625,1992.0
2024-10-25 11:31:00+00:00,NTCT,20.645000457763672,20.645000457763672,20.645000457763672,20.645000457763672,20.645000457763672,964.0
2024-10-25 11:31:00+00:00,OLED,203.33999633789062,203.33999633789062,203.33999633789062,203.33999633789062,203.33999633789062,4440.0
2024-10-25 11:31:00+00:00,OSIS,136.63999938964844,136.63999938964844,136.63999938964844,136.63999938964844,136.63999938964844,39815.0
2024-10-25 11:31:00+00:00,PI,203.71200561523438,203.71200561523438,203.71200561523438,203.71200561523438,203.71200561523438,2742.0
2024-10-25 11:31:00+00:00,PLXS,142.85000610351562,142.85000610351562,142.85000610351562,142.85000610351562,142.85000610351562,2257.0
2024-10-25 11:31:00+00:00,QRVO,100.29000091552734,100.29000091552734,100.29000091552734,100.29000091552734,100.29000091552734,2141.0
2024-10-25 11:31:00+00:00,RPD,39.07500076293945,39.07500076293945,39.07500076293945,39.07500076293945,39.07500076293945,441.0
2024-10-25 11:31:00+00:00,SCSC,45.06999969482422,45.06999969482422,45.06999969482422,45.06999969482422,45.06999969482422,1627.0
2024-10-25 11:31:00+00:00,SNPS,503.4100036621094,503.4100036621094,503.4100036621094,503.4100036621094,503.4100036621094,2478.0
2024-10-25 11:31:00+00:00,SVRE,0.08299999684095383,0.08299999684095383,0.08299999684095383,0.08299999684095383,0.08299999684095383,4328.0
2024-10-25 11:31:00+00:00,TENB,41.56999969482422,41.56999969482422,41.56999969482422,41.56999969482422,41.56999969482422,423.0
2024-10-25 11:31:00+00:00,TSEM,44.90999984741211,44.90999984741211,44.90999984741211,44.90999984741211,44.90999984741211,1709.0
2024-10-25 11:31:00+00:00,UCTT,35.939998626708984,35.939998626708984,35.939998626708984,35.939998626708984,35.939998626708984,733.0
2024-10-25 11:31:00+00:00,VMEO,4.760000228881836,4.760000228881836,4.760000228881836,4.760000228881836,4.760000228881836,1561.0
2024-10-25 11:31:00+00:00,VSAT,10.289999961853027,10.289999961853027,10.289999961853027,10.289999961853027,10.289999961853027,2853.0
2024-10-25 11:31:00+00:00,XPER,9.449999809265137,9.449999809265137,9.449999809265137,9.449999809265137,9.449999809265137,538.0
2024-10-25 11:32:00+00:00,AAOI,18.229999542236328,18.229999542236328,18.229999542236328,18.229999542236328,18.229999542236328,5918.0
2024-10-25 11:32:00+00:00,AAPL,232.2779998779297,232.2779998779297,232.27999877929688,232.24000549316406,232.27999877929688,160794.0
2024-10-25 11:32:00+00:00,ACIW,48.91999816894531,48.91999816894531,48.91999816894531,48.91999816894531,48.91999816894531,5811.0
2024-10-25 11:32:00+00:00,ACLS,90.4801025390625,90.4801025390625,90.4801025390625,90.4801025390625,90.4801025390625,4872.0
2024-10-25 11:32:00+00:00,ACMR,19.809999465942383,19.809999465942383,19.81999969482422,19.780000686645508,19.81999969482422,9390.0
2024-10-25 11:32:00+00:00,ADBE,484.70001220703125,484.70001220703125,484.82000732421875,484.70001220703125,484.82000732421875,1090.0
2024-10-25 11:32:00+00:00,ADI,233.8249969482422,233.8249969482422,233.8249969482422,233.8249969482422,233.8249969482422,4197.0
2024-10-25 11:32:00+00:00,ADSK,287.13250732421875,287.13250732421875,287.13250732421875,287.13250732421875,287.13250732421875,5206.0
2024-10-25 11:32:00+00:00,AEHR,16.700000762939453,16.700000762939453,16.700000762939453,16.700000762939453,16.700000762939453,501.0
2024-10-25 11:32:00+00:00,AEYE,23.139999389648438,23.139999389648438,23.2549991607666,23.131999969482422,23.18000030517578,3567.0
2024-10-25 11:32:00+00:00,AFRM,41.757999420166016,41.757999420166016,41.757999420166016,41.7400016784668,41.75,15240.0
2024-10-25 11:32:00+00:00,AKTS,0.05739999935030937,0.05739999935030937,0.05770000070333481,0.057100001722574234,0.05719999969005585,115860.0
2024-10-25 11:32:00+00:00,ALGM,22.739999771118164,22.739999771118164,22.739999771118164,22.739999771118164,22.739999771118164,30419.0
2024-10-25 11:32:00+00:00,ALKT,38.15999984741211,38.15999984741211,38.15999984741211,38.15999984741211,38.15999984741211,970.0
2024-10-25 11:32:00+00:00,ALRM,54.654998779296875,54.654998779296875,54.654998779296875,54.654998779296875,54.654998779296875,422.0
2024-10-25 11:32:00+00:00,ALTR,104.26000213623047,104.26000213623047,104.52249908447266,104.19000244140625,104.5,28010.0
2024-10-25 11:32:00+00:00,AMAT,188.35000610351562,188.35000610351562,188.35000610351562,188.3155975341797,188.33999633789062,11776.0
2024-10-25 11:32:00+00:00,AMBA,58.43000030517578,58.43000030517578,58.43000030517578,58.43000030517578,58.43000030517578,555.0
2024-10-25 11:32:00+00:00,AMD,157.57000732421875,157.57000732421875,157.57000732421875,157.5399932861328,157.5399932861328,106202.0
2024-10-25 11:32:00+00:00,ANSS,326.32000732421875,326.32000732421875,326.32000732421875,326.19000244140625,326.19000244140625,960.0
2024-10-25 11:32:00+00:00,API,2.8450000286102295,2.8450000286102295,2.8450000286102295,2.8450000286102295,2.8450000286102295,1219.0
2024-10-25 11:32:00+00:00,APP,161.92999267578125,161.92999267578125,161.92999267578125,161.92999267578125,161.92999267578125,4853.0
2024-10-25 11:32:00+00:00,APPF,214.90499877929688,214.90499877929688,214.90499877929688,214.90499877929688,214.90499877929688,3022.0
2024-10-25 11:32:00+00:00,APPS,3.0950000286102295,3.0950000286102295,3.0950000286102295,3.0950000286102295,3.0950000286102295,15007.0
2024-10-25 11:32:00+00:00,ARQQ,7.235000133514404,7.235000133514404,7.235000133514404,7.235000133514404,7.235000133514404,2698.0
2024-10-25 11:32:00+00:00,ARRY,6.454999923706055,6.454999923706055,6.454999923706055,6.454999923706055,6.454999923706055,99513.0
2024-10-25 11:32:00+00:00,ASML,718.0250244140625,718.0250244140625,718.0250244140625,717.6199951171875,717.6199951171875,32182.0
2024-10-25 11:32:00+00:00,ASUR,9.725000381469727,9.725000381469727,9.737500190734863,9.725000381469727,9.737500190734863,306.0
2024-10-25 11:32:00+00:00,AUR,6.489999771118164,6.489999771118164,6.489999771118164,6.489999771118164,6.489999771118164,21455.0
2024-10-25 11:32:00+00:00,AVDX,8.164999961853027,8.164999961853027,8.164999961853027,8.164999961853027,8.164999961853027,1977.0
2024-10-25 11:32:00+00:00,AVGO,176.3300018310547,176.3300018310547,176.3300018310547,176.27000427246094,176.2899932861328,63317.0
2024-10-25 11:32:00+00:00,AVNW,20.864999771118164,20.864999771118164,20.864999771118164,20.864999771118164,20.864999771118164,270.0
2024-10-25 11:32:00+00:00,AWRE,1.9801000356674194,1.9801000356674194,1.9801000356674194,1.9801000356674194,1.9801000356674194,101.0
2024-10-25 11:32:00+00:00,BMBL,7.28000020980835,7.28000020980835,7.28000020980835,7.28000020980835,7.28000020980835,8769.0
2024-10-25 11:32:00+00:00,BRZE,30.709999084472656,30.709999084472656,30.709999084472656,30.690000534057617,30.690000534057617,4652.0
2024-10-25 11:32:00+00:00,CDNS,259.510009765625,259.510009765625,259.5299987792969,259.4200134277344,259.5299987792969,24319.0
2024-10-25 11:32:00+00:00,CDW,218.05999755859375,218.05999755859375,218.13999938964844,218.05999755859375,218.1300048828125,10388.0
2024-10-25 11:32:00+00:00,CEVA,24.209999084472656,24.209999084472656,24.209999084472656,24.209999084472656,24.209999084472656,372.0
2024-10-25 11:32:00+00:00,CFLT,22.719999313354492,22.719999313354492,22.719999313354492,22.719999313354492,22.719999313354492,5927.0
2024-10-25 11:32:00+00:00,CGNX,39.025001525878906,39.025001525878906,39.025001525878906,39.025001525878906,39.025001525878906,3422.0
2024-10-25 11:32:00+00:00,CLSK,12.03689956665039,12.03689956665039,12.048500061035156,12.03499984741211,12.048500061035156,105758.0
2024-10-25 11:32:00+00:00,CMBM,1.25,1.25,1.25,1.25,1.25,3902.0
2024-10-25 11:32:00+00:00,CMTL,3.7200000286102295,3.7200000286102295,3.7200000286102295,3.7200000286102295,3.7200000286102295,388.0
2024-10-25 11:32:00+00:00,COHR,95.5199966430664,95.5199966430664,95.56999969482422,95.44000244140625,95.45999908447266,6207.0
2024-10-25 11:32:00+00:00,COHU,26.295000076293945,26.295000076293945,26.295000076293945,26.295000076293945,26.295000076293945,436.0
2024-10-25 11:32:00+00:00,COIN,212.35000610351562,212.35000610351562,212.42140197753906,212.24819946289062,212.42140197753906,23125.0
2024-10-25 11:32:00+00:00,COMM,6.355000019073486,6.355000019073486,6.355000019073486,6.355000019073486,6.355000019073486,8792.0
2024-10-25 11:32:00+00:00,CORZ,13.39009952545166,13.39009952545166,13.395000457763672,13.390000343322754,13.395000457763672,11774.0
2024-10-25 11:32:00+00:00,CRWD,309.17999267578125,309.17999267578125,309.20001220703125,309.0199890136719,309.20001220703125,16186.0
2024-10-25 11:32:00+00:00,CSCO,56.04499816894531,56.04499816894531,56.05569839477539,56.04499816894531,56.05569839477539,54348.0
2024-10-25 11:32:00+00:00,CSIQ,13.569999694824219,13.569999694824219,13.579999923706055,13.569999694824219,13.579999923706055,9553.0
2024-10-25 11:32:00+00:00,CTLP,8.940099716186523,8.940099716186523,8.975000381469727,8.940099716186523,8.975000381469727,2405.0
2024-10-25 11:32:00+00:00,DAKT,13.154999732971191,13.154999732971191,13.154999732971191,13.154999732971191,13.154999732971191,4719.0
2024-10-25 11:32:00+00:00,DBX,25.969999313354492,25.969999313354492,25.969999313354492,25.969999313354492,25.969999313354492,3753.0
2024-10-25 11:32:00+00:00,DDOG,127.53500366210938,127.53500366210938,127.56749725341797,127.53500366210938,127.56749725341797,12259.0
2024-10-25 11:32:00+00:00,DGII,30.540000915527344,30.540000915527344,30.6200008392334,30.540000915527344,30.6200008392334,4934.0
2024-10-25 11:32:00+00:00,DLO,8.829999923706055,8.829999923706055,8.829999923706055,8.829999923706055,8.829999923706055,2488.0
2024-10-25 11:32:00+00:00,DOCU,70.37000274658203,70.37000274658203,70.37000274658203,70.37000274658203,70.37000274658203,18100.0
2024-10-25 11:32:00+00:00,DUOL,288.3800048828125,288.3800048828125,288.3800048828125,288.3800048828125,288.3800048828125,2095.0
2024-10-25 11:32:00+00:00,ENPH,82.95500183105469,82.95500183105469,82.95500183105469,82.88500213623047,82.88500213623047,15273.0
2024-10-25 11:32:00+00:00,ERIC,8.509300231933594,8.509300231933594,8.509300231933594,8.505000114440918,8.505000114440918,8168.0
2024-10-25 11:32:00+00:00,EXLS,38.880001068115234,38.880001068115234,38.880001068115234,38.880001068115234,38.880001068115234,2226.0
2024-10-25 11:32:00+00:00,FFIV,216.3800048828125,216.3800048828125,216.3800048828125,216.3800048828125,216.3800048828125,7180.0
2024-10-25 11:32:00+00:00,FIVN,30.450000762939453,30.450000762939453,30.450000762939453,30.450000762939453,30.450000762939453,944.0
2024-10-25 11:32:00+00:00,FLEX,35.32500076293945,35.32500076293945,35.32500076293945,35.32500076293945,35.32500076293945,6208.0
2024-10-25 11:32:00+00:00,FRSH,11.699999809265137,11.699999809265137,11.699999809265137,11.699999809265137,11.699999809265137,2538.0
2024-10-25 11:32:00+00:00,FSLR,199.8699951171875,199.8699951171875,199.8699951171875,199.8249969482422,199.8249969482422,3099.0
2024-10-25 11:32:00+00:00,FTNT,81.27999877929688,81.27999877929688,81.30999755859375,81.27100372314453,81.30999755859375,7950.0
2024-10-25 11:32:00+00:00,GCT,25.091999053955078,25.091999053955078,25.091999053955078,25.08009910583496,25.08009910583496,4581.0
2024-10-25 11:32:00+00:00,GDYN,15.640000343322754,15.640000343322754,15.640000343322754,15.640000343322754,15.640000343322754,5512.0
2024-10-25 11:32:00+00:00,GFS,41.45000076293945,41.45000076293945,41.4900016784668,41.45000076293945,41.4900016784668,13644.0
2024-10-25 11:32:00+00:00,GNSS,3.880000114440918,3.880000114440918,3.880000114440918,3.880000114440918,3.880000114440918,671.0
2024-10-25 11:32:00+00:00,GRAB,4.079999923706055,4.079999923706055,4.079999923706055,4.079999923706055,4.079999923706055,26879.0
2024-10-25 11:32:00+00:00,GRRR,4.543399810791016,4.543399810791016,4.543399810791016,4.539999961853027,4.539999961853027,0.0
2024-10-25 11:32:00+00:00,GTLB,55.720001220703125,55.720001220703125,55.720001220703125,55.720001220703125,55.720001220703125,224.0
2024-10-25 11:32:00+00:00,HCP,33.70500183105469,33.70500183105469,33.709999084472656,33.70500183105469,33.709999084472656,2216.0
2024-10-25 11:32:00+00:00,HIMX,6.210000038146973,6.210000038146973,6.210000038146973,6.210000038146973,6.210000038146973,2617.0
2024-10-25 11:32:00+00:00,HOLO,3.6600000858306885,3.6600000858306885,3.6798999309539795,3.6600000858306885,3.6649999618530273,21576.0
2024-10-25 11:32:00+00:00,HOOD,27.3700008392334,27.3700008392334,27.389999389648438,27.3700008392334,27.389999389648438,28104.0
2024-10-25 11:32:00+00:00,HTCR,1.0700000524520874,1.0700000524520874,1.0709999799728394,1.0700000524520874,1.0709999799728394,3539.0
2024-10-25 11:32:00+00:00,INDI,3.5799999237060547,3.5799999237060547,3.5899999141693115,3.5799999237060547,3.5799999237060547,47200.0
2024-10-25 11:32:00+00:00,INOD,19.93000030517578,19.93000030517578,19.93000030517578,19.93000030517578,19.93000030517578,11215.0
2024-10-25 11:32:00+00:00,INTA,49.959999084472656,49.959999084472656,49.959999084472656,49.959999084472656,49.959999084472656,2145.0
2024-10-25 11:32:00+00:00,INTC,23.094999313354492,23.094999313354492,23.100000381469727,23.09000015258789,23.090299606323242,244001.0
2024-10-25 11:32:00+00:00,INTU,611.1649780273438,611.1649780273438,611.1649780273438,611.1649780273438,611.1649780273438,200.0
2024-10-25 11:32:00+00:00,INTZ,0.7409999966621399,0.7409999966621399,0.7409999966621399,0.7409999966621399,0.7409999966621399,4970.0
2024-10-25 11:32:00+00:00,JAMF,16.799999237060547,16.799999237060547,16.799999237060547,16.799999237060547,16.799999237060547,2391.0
2024-10-25 11:32:00+00:00,JKHY,183.74000549316406,183.74000549316406,183.74000549316406,183.74000549316406,183.74000549316406,1205.0
2024-10-25 11:32:00+00:00,KC,2.7200000286102295,2.7200000286102295,2.7200000286102295,2.7200000286102295,2.7200000286102295,630.0
2024-10-25 11:32:00+00:00,KLAC,680.7000122070312,680.7000122070312,680.7000122070312,680.7000122070312,680.7000122070312,3023.0
2024-10-25 11:32:00+00:00,KOPN,0.7702000141143799,0.7702000141143799,0.7702000141143799,0.7702000141143799,0.7702000141143799,7722.0
2024-10-25 11:32:00+00:00,LASR,10.470000267028809,10.470000267028809,10.470000267028809,10.470000267028809,10.470000267028809,1114.0
2024-10-25 11:32:00+00:00,LINK,4.580100059509277,4.580100059509277,4.580100059509277,4.580100059509277,4.580100059509277,3297.0
2024-10-25 11:32:00+00:00,LITE,64.15059661865234,64.15059661865234,64.16000366210938,64.12000274658203,64.16000366210938,1934.0
2024-10-25 11:32:00+00:00,LOGI,81.06999969482422,81.06999969482422,81.06999969482422,81.06999969482422,81.06999969482422,1105.0
2024-10-25 11:32:00+00:00,LRCX,78.88999938964844,78.88999938964844,78.88999938964844,78.87000274658203,78.87000274658203,54784.0
2024-10-25 11:32:00+00:00,LSCC,54.2400016784668,54.2400016784668,54.2400016784668,54.2400016784668,54.2400016784668,5129.0
2024-10-25 11:32:00+00:00,LYFT,13.774999618530273,13.774999618530273,13.774999618530273,13.774999618530273,13.774999618530273,168584.0
2024-10-25 11:32:00+00:00,MCHP,77.08999633789062,77.08999633789062,77.11000061035156,77.08999633789062,77.11000061035156,13523.0
2024-10-25 11:32:00+00:00,MDB,266.7900085449219,266.7900085449219,267.0,266.7900085449219,267.0,54236.0
2024-10-25 11:32:00+00:00,MITK,8.789999961853027,8.789999961853027,8.789999961853027,8.789999961853027,8.789999961853027,294.0
2024-10-25 11:32:00+00:00,MKSI,100.66999816894531,100.66999816894531,100.66999816894531,100.66999816894531,100.66999816894531,6171.0
2024-10-25 11:32:00+00:00,MNDY,300.0899963378906,300.0899963378906,300.0899963378906,300.0899963378906,300.0899963378906,4051.0
2024-10-25 11:32:00+00:00,MQ,5.284999847412109,5.284999847412109,5.284999847412109,5.284999847412109,5.284999847412109,2684.0
2024-10-25 11:32:00+00:00,MRVL,82.875,82.875,82.87999725341797,82.86000061035156,82.87999725341797,20599.0
2024-10-25 11:32:00+00:00,MSFT,430.7799987792969,430.7799987792969,430.8500061035156,430.7699890136719,430.79998779296875,42701.0
2024-10-25 11:32:00+00:00,MSTR,243.7480926513672,243.7480926513672,244.02000427246094,243.72000122070312,243.8260040283203,85846.0
2024-10-25 11:32:00+00:00,MTTR,4.664999961853027,4.664999961853027,4.664999961853027,4.664999961853027,4.664999961853027,2548.0
2024-10-25 11:32:00+00:00,MU,109.01499938964844,109.01499938964844,109.05000305175781,109.0,109.0479965209961,40686.0
2024-10-25 11:32:00+00:00,MVIS,1.0950000286102295,1.0950000286102295,1.0950000286102295,1.0950000286102295,1.0950000286102295,200.0
2024-10-25 11:32:00+00:00,MXL,15.0,15.0,15.0,15.0,15.0,9307.0
2024-10-25 11:32:00+00:00,NCNO,37.94200134277344,37.94200134277344,37.95000076293945,37.94200134277344,37.95000076293945,3563.0
2024-10-25 11:32:00+00:00,NICE,176.5050048828125,176.5050048828125,176.5050048828125,176.5050048828125,176.5050048828125,1552.0
2024-10-25 11:32:00+00:00,NNDM,2.319999933242798,2.319999933242798,2.319999933242798,2.319999933242798,2.319999933242798,1869.0
2024-10-25 11:32:00+00:00,NTAP,120.12999725341797,120.12999725341797,120.12999725341797,120.12999725341797,120.12999725341797,220.0
2024-10-25 11:32:00+00:00,NVDA,143.9199981689453,143.9199981689453,143.94000244140625,143.91000366210938,143.9199981689453,796675.0
2024-10-25 11:32:00+00:00,NVEI,33.51499938964844,33.51499938964844,33.525001525878906,33.51499938964844,33.525001525878906,10588.0
2024-10-25 11:32:00+00:00,NVMI,184.32000732421875,184.32000732421875,184.32000732421875,184.32000732421875,184.32000732421875,423.0
2024-10-25 11:32:00+00:00,NVTS,2.5950000286102295,2.5950000286102295,2.5950000286102295,2.5950000286102295,2.5950000286102295,2901.0
2024-10-25 11:32:00+00:00,NXPI,244.57000732421875,244.57000732421875,244.57000732421875,244.57000732421875,244.57000732421875,8362.0
2024-10-25 11:32:00+00:00,OKTA,72.7300033569336,72.7300033569336,72.7300033569336,72.7300033569336,72.7300033569336,1930.0
2024-10-25 11:32:00+00:00,ON,71.80999755859375,71.80999755859375,71.8499984741211,71.80000305175781,71.8499984741211,74456.0
2024-10-25 11:32:00+00:00,OTEX,33.36000061035156,33.36000061035156,33.36000061035156,33.36000061035156,33.36000061035156,2391.0
2024-10-25 11:32:00+00:00,PANW,370.1980895996094,370.1980895996094,370.1980895996094,370.1980895996094,370.1980895996094,2564.0
2024-10-25 11:32:00+00:00,PAYO,8.305000305175781,8.305000305175781,8.305000305175781,8.305000305175781,8.305000305175781,3523.0
2024-10-25 11:32:00+00:00,PEGA,80.49500274658203,80.49500274658203,80.49500274658203,80.49500274658203,80.49500274658203,2016.0
2024-10-25 11:32:00+00:00,PGY,11.859999656677246,11.859999656677246,11.869999885559082,11.859999656677246,11.869999885559082,1765.0
2024-10-25 11:32:00+00:00,PHUN,9.710000038146973,9.710000038146973,9.710000038146973,9.680000305175781,9.680000305175781,102398.0
2024-10-25 11:32:00+00:00,POWI,63.47999954223633,63.47999954223633,63.47999954223633,63.47999954223633,63.47999954223633,4886.0
2024-10-25 11:32:00+00:00,PRCH,1.3250000476837158,1.3250000476837158,1.3250000476837158,1.3250000476837158,1.3250000476837158,1523.0
2024-10-25 11:32:00+00:00,PRGS,64.72000122070312,64.72000122070312,64.80999755859375,64.72000122070312,64.80999755859375,3988.0
2024-10-25 11:32:00+00:00,PTC,186.38499450683594,186.38499450683594,186.38499450683594,186.38499450683594,186.38499450683594,617.0
2024-10-25 11:32:00+00:00,PYCR,14.359999656677246,14.359999656677246,14.359999656677246,14.359999656677246,14.359999656677246,4663.0
2024-10-25 11:32:00+00:00,QCOM,172.81460571289062,172.81460571289062,172.8679962158203,172.80999755859375,172.8679962158203,17473.0
2024-10-25 11:32:00+00:00,QUBT,1.0850000381469727,1.0850000381469727,1.0850000381469727,1.0850000381469727,1.0850000381469727,8877.0
2024-10-25 11:32:00+00:00,RCAT,2.7699999809265137,2.7699999809265137,2.7699999809265137,2.7699999809265137,2.7699999809265137,14645.0
2024-10-25 11:32:00+00:00,RGTI,1.2599999904632568,1.2599999904632568,1.2599999904632568,1.2599999904632568,1.2599999904632568,51686.0
2024-10-25 11:32:00+00:00,RGTIW,0.18019999563694,0.18019999563694,0.18019999563694,0.18019999563694,0.18019999563694,868.0
2024-10-25 11:32:00+00:00,RIOT,10.050000190734863,10.050000190734863,10.055000305175781,10.050000190734863,10.055000305175781,111900.0
2024-10-25 11:32:00+00:00,RMBS,43.29999923706055,43.29999923706055,43.29999923706055,43.27000045776367,43.28499984741211,7038.0
2024-10-25 11:32:00+00:00,RMNI,1.7300000190734863,1.7300000190734863,1.7300000190734863,1.7300000190734863,1.7300000190734863,2160.0
2024-10-25 11:32:00+00:00,RPAY,7.59499979019165,7.59499979019165,7.59499979019165,7.59499979019165,7.59499979019165,1225.0
2024-10-25 11:32:00+00:00,RPD,39.09000015258789,39.09000015258789,39.09000015258789,39.09000015258789,39.09000015258789,472.0
2024-10-25 11:32:00+00:00,RUM,5.75,5.75,5.760000228881836,5.75,5.760000228881836,15645.0
2024-10-25 11:32:00+00:00,RUN,14.470000267028809,14.470000267028809,14.47189998626709,14.449999809265137,14.449999809265137,43104.0
2024-10-25 11:32:00+00:00,SANM,67.5,67.5,67.5,67.5,67.5,1534.0
2024-10-25 11:32:00+00:00,SEDG,16.024999618530273,16.024999618530273,16.024999618530273,15.994999885559082,15.994999885559082,11858.0
2024-10-25 11:32:00+00:00,SHLS,5.275000095367432,5.275000095367432,5.275000095367432,5.275000095367432,5.275000095367432,6236.0
2024-10-25 11:32:00+00:00,SKYT,10.694999694824219,10.694999694824219,10.694999694824219,10.694999694824219,10.694999694824219,6705.0
2024-10-25 11:32:00+00:00,SMCI,47.84000015258789,47.84000015258789,47.84600067138672,47.79999923706055,47.84000015258789,167855.0
2024-10-25 11:32:00+00:00,SMTC,45.25,45.25,45.25,45.25,45.25,2544.0
2024-10-25 11:32:00+00:00,SONO,12.859999656677246,12.859999656677246,12.859999656677246,12.859999656677246,12.859999656677246,2272.0
2024-10-25 11:32:00+00:00,SOUN,5.315000057220459,5.315000057220459,5.319300174713135,5.314000129699707,5.315000057220459,67809.0
2024-10-25 11:32:00+00:00,SRAD,12.364999771118164,12.364999771118164,12.364999771118164,12.34000015258789,12.34000015258789,70512.0
2024-10-25 11:32:00+00:00,SSNC,69.62999725341797,69.62999725341797,69.6500015258789,69.61000061035156,69.62999725341797,13029.0
2024-10-25 11:32:00+00:00,STNE,11.494999885559082,11.494999885559082,11.494999885559082,11.484000205993652,11.484000205993652,25316.0
2024-10-25 11:32:00+00:00,STX,104.5,104.5,104.55999755859375,104.5,104.51000213623047,13549.0
2024-10-25 11:32:00+00:00,SURG,1.7872999906539917,1.7872999906539917,1.7872999906539917,1.7872999906539917,1.7872999906539917,2225.0
2024-10-25 11:32:00+00:00,SWKS,96.51000213623047,96.51000213623047,96.51000213623047,96.51000213623047,96.51000213623047,34509.0
2024-10-25 11:32:00+00:00,SYTA,1.309399962425232,1.309399962425232,1.3097000122070312,1.2999999523162842,1.2999999523162842,41241.0
2024-10-25 11:32:00+00:00,TEAM,190.05499267578125,190.05499267578125,190.05499267578125,190.05499267578125,190.05499267578125,11634.0
2024-10-25 11:32:00+00:00,TER,113.08999633789062,113.08999633789062,113.08999633789062,113.07499694824219,113.07499694824219,12535.0
2024-10-25 11:32:00+00:00,TRMB,61.03499984741211,61.03499984741211,61.03499984741211,61.03499984741211,61.03499984741211,2073.0
2024-10-25 11:32:00+00:00,TSEM,44.91999816894531,44.91999816894531,44.91999816894531,44.90999984741211,44.90999984741211,477.0
2024-10-25 11:32:00+00:00,TTD,119.52999877929688,119.52999877929688,119.59500122070312,119.52999877929688,119.59500122070312,12432.0
2024-10-25 11:32:00+00:00,TTEC,5.389999866485596,5.389999866485596,5.389999866485596,5.389999866485596,5.389999866485596,382.0
2024-10-25 11:32:00+00:00,TWKS,4.449999809265137,4.449999809265137,4.454999923706055,4.449999809265137,4.449999809265137,13699.0
2024-10-25 11:32:00+00:00,TXN,209.3000030517578,209.3000030517578,209.3000030517578,209.2949981689453,209.2949981689453,13617.0
2024-10-25 11:32:00+00:00,VERB,10.029999732971191,10.029999732971191,10.029999732971191,10.029999732971191,10.029999732971191,777.0
2024-10-25 11:32:00+00:00,VRNS,56.709999084472656,56.709999084472656,56.709999084472656,56.65250015258789,56.709999084472656,2559.0
2024-10-25 11:32:00+00:00,WDAY,240.15499877929688,240.15499877929688,240.15499877929688,240.15499877929688,240.15499877929688,4304.0
2024-10-25 11:32:00+00:00,WDC,72.0250015258789,72.0250015258789,72.12000274658203,72.0,72.1050033569336,73603.0
2024-10-25 11:32:00+00:00,WISA,1.8300000429153442,1.8300000429153442,1.8300000429153442,1.8250000476837158,1.8250000476837158,6381.0
2024-10-25 11:32:00+00:00,WIX,165.2899932861328,165.2899932861328,165.2899932861328,165.2899932861328,165.2899932861328,801.0
2024-10-25 11:32:00+00:00,XRX,10.135000228881836,10.135000228881836,10.135000228881836,10.135000228881836,10.135000228881836,2680.0
2024-10-25 11:32:00+00:00,ZI,10.524999618530273,10.524999618530273,10.524999618530273,10.524999618530273,10.524999618530273,13933.0
2024-10-25 11:32:00+00:00,ZM,73.08999633789062,73.08999633789062,73.08999633789062,73.08499908447266,73.08499908447266,6915.0
2024-10-25 11:32:00+00:00,ZS,186.39999389648438,186.39999389648438,186.39999389648438,186.2375030517578,186.2375030517578,1514.0
2024-10-25 11:33:00+00:00,APPN,32.165000915527344,32.165000915527344,32.165000915527344,32.165000915527344,32.165000915527344,603.0
2024-10-25 11:33:00+00:00,CLFD,36.470001220703125,36.470001220703125,36.470001220703125,36.470001220703125,36.470001220703125,1166.0
2024-10-25 11:33:00+00:00,CLRO,0.5802000164985657,0.5802000164985657,0.5802000164985657,0.5802000164985657,0.5802000164985657,1581.0
2024-10-25 11:33:00+00:00,CNXC,44.81999969482422,44.81999969482422,44.81999969482422,44.81999969482422,44.81999969482422,2705.0
2024-10-25 11:33:00+00:00,COHR,95.43000030517578,95.43000030517578,95.5199966430664,95.43000030517578,95.5199966430664,5388.0
2024-10-25 11:33:00+00:00,CRNT,2.4500999450683594,2.4500999450683594,2.4500999450683594,2.4500999450683594,2.4500999450683594,2615.0
2024-10-25 11:33:00+00:00,CYBR,292.79998779296875,292.79998779296875,292.79998779296875,292.79998779296875,292.79998779296875,8016.0
2024-10-25 11:33:00+00:00,ICHR,27.889999389648438,27.889999389648438,27.889999389648438,27.889999389648438,27.889999389648438,570.0
2024-10-25 11:33:00+00:00,KOSS,7.409999847412109,7.409999847412109,7.409999847412109,7.409999847412109,7.409999847412109,3119.0
2024-10-25 11:33:00+00:00,LYT,1.9800000190734863,1.9800000190734863,1.9800000190734863,1.9800000190734863,1.9800000190734863,1493.0
2024-10-25 11:33:00+00:00,PALT,1.9800000190734863,1.9800000190734863,1.9800000190734863,1.9800000190734863,1.9800000190734863,6371.0
2024-10-25 11:33:00+00:00,RPAY,7.614999771118164,7.614999771118164,7.614999771118164,7.614999771118164,7.614999771118164,7273.0
2024-10-25 11:33:00+00:00,TASK,11.920000076293945,11.920000076293945,11.920000076293945,11.920000076293945,11.920000076293945,2132.0
2024-10-25 11:34:00+00:00,AKAM,103.25499725341797,103.25499725341797,103.25499725341797,103.25499725341797,103.25499725341797,1349.0
2024-10-25 11:34:00+00:00,AMPG,1.0499000549316406,1.0499000549316406,1.0499000549316406,1.0499000549316406,1.0499000549316406,0.0
2024-10-25 11:34:00+00:00,AMST,2.8778998851776123,2.8778998851776123,2.8778998851776123,2.8778998851776123,2.8778998851776123,0.0
2024-10-25 11:34:00+00:00,ATOM,3.359999895095825,3.359999895095825,3.359999895095825,3.359999895095825,3.359999895095825,5402.0
2024-10-25 11:34:00+00:00,AVT,54.26499938964844,54.26499938964844,54.26499938964844,54.26499938964844,54.26499938964844,2154.0
2024-10-25 11:34:00+00:00,AWRE,1.9450000524520874,1.9450000524520874,1.9450000524520874,1.9450000524520874,1.9450000524520874,0.0
2024-10-25 11:34:00+00:00,BLZE,7.239999771118164,7.239999771118164,7.239999771118164,7.239999771118164,7.239999771118164,2433.0
2024-10-25 11:34:00+00:00,BMBL,7.28000020980835,7.28000020980835,7.28000020980835,7.28000020980835,7.28000020980835,3298.0
2024-10-25 11:34:00+00:00,BRZE,30.709999084472656,30.709999084472656,30.709999084472656,30.709999084472656,30.709999084472656,1011.0
2024-10-25 11:34:00+00:00,CGNX,39.005001068115234,39.005001068115234,39.005001068115234,39.005001068115234,39.005001068115234,5226.0
2024-10-25 11:34:00+00:00,COHR,95.375,95.375,95.43000030517578,95.33000183105469,95.4000015258789,3112.0
2024-10-25 11:34:00+00:00,DATS,1.5703999996185303,1.5703999996185303,1.5703999996185303,1.5703999996185303,1.5703999996185303,0.0
2024-10-25 11:34:00+00:00,DOX,89.66999816894531,89.66999816894531,89.66999816894531,89.66999816894531,89.66999816894531,1336.0
2024-10-25 11:34:00+00:00,DUOL,288.29998779296875,288.29998779296875,288.29998779296875,288.29998779296875,288.29998779296875,1617.0
2024-10-25 11:34:00+00:00,EEFT,100.58999633789062,100.58999633789062,100.58999633789062,100.58999633789062,100.58999633789062,1665.0
2024-10-25 11:34:00+00:00,EXTR,14.430800437927246,14.430800437927246,14.430800437927246,14.430800437927246,14.430800437927246,1866.0
2024-10-25 11:34:00+00:00,FFIV,216.5500030517578,216.5500030517578,216.5500030517578,216.5500030517578,216.5500030517578,3409.0
2024-10-25 11:34:00+00:00,GDYN,15.680000305175781,15.680000305175781,15.680000305175781,15.680000305175781,15.680000305175781,1777.0
2024-10-25 11:34:00+00:00,GPRO,1.3350000381469727,1.3350000381469727,1.3350000381469727,1.3350000381469727,1.3350000381469727,7016.0
2024-10-25 11:34:00+00:00,GVP,4.599999904632568,4.599999904632568,4.599999904632568,4.599999904632568,4.599999904632568,142.0
2024-10-25 11:34:00+00:00,IFBD,1.9500000476837158,1.9500000476837158,1.9500000476837158,1.9500000476837158,1.9500000476837158,3622.0
2024-10-25 11:34:00+00:00,IMMR,8.768699645996094,8.768699645996094,8.768699645996094,8.768699645996094,8.768699645996094,1536.0
2024-10-25 11:34:00+00:00,IMXI,17.68000030517578,17.68000030517578,17.68000030517578,17.68000030517578,17.68000030517578,319.0
2024-10-25 11:34:00+00:00,ITRI,102.8499984741211,102.8499984741211,102.8499984741211,102.8499984741211,102.8499984741211,2077.0
2024-10-25 11:34:00+00:00,JKHY,183.50999450683594,183.50999450683594,183.50999450683594,183.50999450683594,183.50999450683594,1698.0
2024-10-25 11:34:00+00:00,MANH,275.2900085449219,275.2900085449219,275.2900085449219,275.2900085449219,275.2900085449219,2685.0
2024-10-25 11:34:00+00:00,MKTW,0.598800003528595,0.598800003528595,0.598800003528595,0.598800003528595,0.598800003528595,3327.0
2024-10-25 11:34:00+00:00,MRAM,6.315000057220459,6.315000057220459,6.315000057220459,6.315000057220459,6.315000057220459,917.0
2024-10-25 11:34:00+00:00,MTLS,5.923099994659424,5.923099994659424,5.923099994659424,5.923099994659424,5.923099994659424,7996.0
2024-10-25 11:34:00+00:00,NSIT,209.02499389648438,209.02499389648438,209.02499389648438,209.02499389648438,209.02499389648438,3487.0
2024-10-25 11:34:00+00:00,NTGR,20.415000915527344,20.415000915527344,20.415000915527344,20.415000915527344,20.415000915527344,13316.0
2024-10-25 11:34:00+00:00,RDVT,28.899999618530273,28.899999618530273,28.899999618530273,28.899999618530273,28.899999618530273,22131.0
2024-10-25 11:34:00+00:00,RDWR,22.440000534057617,22.440000534057617,22.440000534057617,22.440000534057617,22.440000534057617,302.0
2024-10-25 11:34:00+00:00,RXT,2.555000066757202,2.555000066757202,2.555000066757202,2.555000066757202,2.555000066757202,941.0
2024-10-25 11:34:00+00:00,SIMO,57.04999923706055,57.04999923706055,57.04999923706055,57.04999923706055,57.04999923706055,4786.0
2024-10-25 11:34:00+00:00,SKYT,10.675000190734863,10.675000190734863,10.675000190734863,10.675000190734863,10.675000190734863,2378.0
2024-10-25 11:34:00+00:00,SPNS,36.73500061035156,36.73500061035156,36.73500061035156,36.73500061035156,36.73500061035156,2125.0
2024-10-25 11:34:00+00:00,SVRE,0.08290000259876251,0.08290000259876251,0.08290000259876251,0.08290000259876251,0.08290000259876251,2678.0
2024-10-25 11:34:00+00:00,TTEC,5.389999866485596,5.389999866485596,5.389999866485596,5.389999866485596,5.389999866485596,139.0
2024-10-25 11:34:00+00:00,TTMI,19.68000030517578,19.68000030517578,19.68000030517578,19.68000030517578,19.68000030517578,5183.0
2024-10-25 11:34:00+00:00,USIO,1.399999976158142,1.399999976158142,1.399999976158142,1.399999976158142,1.399999976158142,0.0
2024-10-25 11:34:00+00:00,VERB,9.990699768066406,9.990699768066406,9.990699768066406,9.990699768066406,9.990699768066406,6128.0
2024-10-25 11:34:00+00:00,WIX,165.13499450683594,165.13499450683594,165.13499450683594,165.13499450683594,165.13499450683594,932.0
2024-10-25 11:34:00+00:00,XPER,9.460000038146973,9.460000038146973,9.460000038146973,9.460000038146973,9.460000038146973,288.0
2024-10-25 11:34:00+00:00,XRX,10.135000228881836,10.135000228881836,10.135000228881836,10.135000228881836,10.135000228881836,1711.0
2024-10-25 11:35:00+00:00,ACMR,19.829999923706055,19.829999923706055,19.829999923706055,19.829999923706055,19.829999923706055,587.0
2024-10-25 11:35:00+00:00,AEHR,16.729999542236328,16.729999542236328,16.729999542236328,16.729999542236328,16.729999542236328,9405.0
2024-10-25 11:35:00+00:00,AEYE,23.110000610351562,23.110000610351562,23.110000610351562,23.110000610351562,23.110000610351562,1151.0
2024-10-25 11:35:00+00:00,ALKT,38.082000732421875,38.082000732421875,38.082000732421875,38.082000732421875,38.082000732421875,1333.0
2024-10-25 11:35:00+00:00,ANSS,325.9599914550781,325.9599914550781,325.9599914550781,325.9599914550781,325.9599914550781,4313.0
2024-10-25 11:35:00+00:00,APPF,215.1300048828125,215.1300048828125,215.1300048828125,215.1300048828125,215.1300048828125,5192.0
2024-10-25 11:35:00+00:00,APPS,3.0899999141693115,3.0899999141693115,3.0899999141693115,3.0899999141693115,3.0899999141693115,1010.0
2024-10-25 11:35:00+00:00,ARBE,1.8799999952316284,1.8799999952316284,1.8799999952316284,1.8799999952316284,1.8799999952316284,4106.0
2024-10-25 11:35:00+00:00,ARQQ,7.150000095367432,7.150000095367432,7.150000095367432,7.150000095367432,7.150000095367432,1156.0
2024-10-25 11:35:00+00:00,ASUR,9.729999542236328,9.729999542236328,9.729999542236328,9.729999542236328,9.729999542236328,349.0
2024-10-25 11:35:00+00:00,AVDX,8.180000305175781,8.180000305175781,8.180000305175781,8.180000305175781,8.180000305175781,1667.0
2024-10-25 11:35:00+00:00,AVPT,12.029999732971191,12.029999732971191,12.029999732971191,12.029999732971191,12.029999732971191,2043.0
2024-10-25 11:35:00+00:00,AXTI,2.67930006980896,2.67930006980896,2.67930006980896,2.67930006980896,2.67930006980896,4996.0
2024-10-25 11:35:00+00:00,AZPN,236.55999755859375,236.55999755859375,236.55999755859375,236.55999755859375,236.55999755859375,1525.0
2024-10-25 11:35:00+00:00,BL,56.29999923706055,56.29999923706055,56.29999923706055,56.29999923706055,56.29999923706055,2848.0
2024-10-25 11:35:00+00:00,BSY,49.119998931884766,49.119998931884766,49.119998931884766,49.119998931884766,49.119998931884766,1599.0
2024-10-25 11:35:00+00:00,CAMT,78.29000091552734,78.29000091552734,78.29000091552734,78.29000091552734,78.29000091552734,2919.0
2024-10-25 11:35:00+00:00,COHR,95.23999786376953,95.23999786376953,95.37999725341797,95.2300033569336,95.33999633789062,24566.0
2024-10-25 11:35:00+00:00,COHU,26.309999465942383,26.309999465942383,26.309999465942383,26.309999465942383,26.309999465942383,1107.0
2024-10-25 11:35:00+00:00,COMM,6.380000114440918,6.380000114440918,6.380000114440918,6.380000114440918,6.380000114440918,14714.0
2024-10-25 11:35:00+00:00,CRNC,2.9100000858306885,2.9100000858306885,2.9100000858306885,2.9100000858306885,2.9100000858306885,3070.0
2024-10-25 11:35:00+00:00,CRSR,6.409999847412109,6.409999847412109,6.409999847412109,6.409999847412109,6.409999847412109,3126.0
2024-10-25 11:35:00+00:00,CRUS,123.25499725341797,123.25499725341797,123.25499725341797,123.25499725341797,123.25499725341797,9336.0
2024-10-25 11:35:00+00:00,CTLP,8.957099914550781,8.957099914550781,8.957099914550781,8.957099914550781,8.957099914550781,14797.0
2024-10-25 11:35:00+00:00,DAVE,39.709999084472656,39.709999084472656,39.709999084472656,39.709999084472656,39.709999084472656,1407.0
2024-10-25 11:35:00+00:00,DIOD,66.19000244140625,66.19000244140625,66.19000244140625,66.19000244140625,66.19000244140625,2699.0
2024-10-25 11:35:00+00:00,DTSS,2.450000047683716,2.450000047683716,2.450000047683716,2.450000047683716,2.450000047683716,6804.0
2024-10-25 11:35:00+00:00,ENTG,105.61000061035156,105.61000061035156,105.61000061035156,105.61000061035156,105.61000061035156,8319.0
2024-10-25 11:35:00+00:00,EXLS,38.84000015258789,38.84000015258789,38.84000015258789,38.84000015258789,38.84000015258789,2610.0
2024-10-25 11:35:00+00:00,FIVN,30.450000762939453,30.450000762939453,30.450000762939453,30.450000762939453,30.450000762939453,3604.0
2024-10-25 11:35:00+00:00,FTCI,0.699999988079071,0.699999988079071,0.699999988079071,0.699999988079071,0.699999988079071,1903.0
2024-10-25 11:35:00+00:00,GDS,21.670000076293945,21.670000076293945,21.670000076293945,21.670000076293945,21.670000076293945,6340.0
2024-10-25 11:35:00+00:00,GTLB,55.71500015258789,55.71500015258789,55.71500015258789,55.71500015258789,55.71500015258789,4540.0
2024-10-25 11:35:00+00:00,HIMX,6.210000038146973,6.210000038146973,6.210000038146973,6.210000038146973,6.210000038146973,1597.0
2024-10-25 11:35:00+00:00,INOD,19.950000762939453,19.950000762939453,19.950000762939453,19.950000762939453,19.950000762939453,2400.0
2024-10-25 11:35:00+00:00,INSG,20.110000610351562,20.110000610351562,20.110000610351562,20.110000610351562,20.110000610351562,6107.0
2024-10-25 11:35:00+00:00,INTA,49.93000030517578,49.93000030517578,49.93000030517578,49.93000030517578,49.93000030517578,1300.0
2024-10-25 11:35:00+00:00,INTU,610.3699951171875,610.3699951171875,610.3699951171875,610.3699951171875,610.3699951171875,2676.0
2024-10-25 11:35:00+00:00,KLAC,679.3599853515625,679.3599853515625,679.3599853515625,679.3599853515625,679.3599853515625,2572.0
2024-10-25 11:35:00+00:00,KTCC,5.929999828338623,5.929999828338623,5.929999828338623,5.929999828338623,5.929999828338623,510.0
2024-10-25 11:35:00+00:00,LITE,64.20999908447266,64.20999908447266,64.20999908447266,64.20999908447266,64.20999908447266,6014.0
2024-10-25 11:35:00+00:00,LOGI,81.07499694824219,81.07499694824219,81.07499694824219,81.07499694824219,81.07499694824219,1231.0
2024-10-25 11:35:00+00:00,MRIN,2.119999885559082,2.119999885559082,2.119999885559082,2.119999885559082,2.119999885559082,514.0
2024-10-25 11:35:00+00:00,NNDM,2.325000047683716,2.325000047683716,2.325000047683716,2.325000047683716,2.325000047683716,3397.0
2024-10-25 11:35:00+00:00,NVMI,184.47500610351562,184.47500610351562,184.47500610351562,184.47500610351562,184.47500610351562,825.0
2024-10-25 11:35:00+00:00,ONDS,0.8482999801635742,0.8482999801635742,0.8482999801635742,0.8482999801635742,0.8482999801635742,0.0
2024-10-25 11:35:00+00:00,OSPN,14.649999618530273,14.649999618530273,14.649999618530273,14.649999618530273,14.649999618530273,1910.0
2024-10-25 11:35:00+00:00,PANW,369.8044128417969,369.8044128417969,369.8044128417969,369.8044128417969,369.8044128417969,5336.0
2024-10-25 11:35:00+00:00,PEGA,80.6500015258789,80.6500015258789,80.6500015258789,80.6500015258789,80.6500015258789,20415.0
2024-10-25 11:35:00+00:00,PLXS,142.80999755859375,142.80999755859375,142.80999755859375,142.80999755859375,142.80999755859375,1174.0
2024-10-25 11:35:00+00:00,POET,3.9600000381469727,3.9600000381469727,3.9600000381469727,3.9600000381469727,3.9600000381469727,651.0
2024-10-25 11:35:00+00:00,POWI,63.62799835205078,63.62799835205078,63.62799835205078,63.62799835205078,63.62799835205078,2586.0
2024-10-25 11:35:00+00:00,RELY,14.760000228881836,14.760000228881836,14.760000228881836,14.760000228881836,14.760000228881836,2957.0
2024-10-25 11:35:00+00:00,RGTI,1.25,1.25,1.25,1.25,1.25,69672.0
2024-10-25 11:35:00+00:00,RMNI,1.7300000190734863,1.7300000190734863,1.7300000190734863,1.7300000190734863,1.7300000190734863,150.0
2024-10-25 11:35:00+00:00,SCSC,45.07500076293945,45.07500076293945,45.07500076293945,45.07500076293945,45.07500076293945,284.0
2024-10-25 11:35:00+00:00,SCWX,8.385899543762207,8.385899543762207,8.385899543762207,8.385899543762207,8.385899543762207,2342.0
2024-10-25 11:35:00+00:00,SLAB,114.98500061035156,114.98500061035156,114.98500061035156,114.98500061035156,114.98500061035156,1337.0
2024-10-25 11:35:00+00:00,SPSC,173.6199951171875,173.6199951171875,173.6199951171875,173.6199951171875,173.6199951171875,2069.0
2024-10-25 11:35:00+00:00,SPT,27.09749984741211,27.09749984741211,27.09749984741211,27.09749984741211,27.09749984741211,6341.0
2024-10-25 11:35:00+00:00,STNE,11.489999771118164,11.489999771118164,11.489999771118164,11.489999771118164,11.489999771118164,27160.0
2024-10-25 11:35:00+00:00,TEAM,189.7100067138672,189.7100067138672,189.7100067138672,189.7100067138672,189.7100067138672,6713.0
2024-10-25 11:35:00+00:00,TSEM,44.88999938964844,44.88999938964844,44.88999938964844,44.88999938964844,44.88999938964844,621.0
2024-10-25 11:35:00+00:00,UPLD,2.174999952316284,2.174999952316284,2.174999952316284,2.174999952316284,2.174999952316284,793.0
2024-10-25 11:35:00+00:00,VS,2.6010000705718994,2.6010000705718994,2.6010000705718994,2.6010000705718994,2.6010000705718994,4174.0
2024-10-25 11:35:00+00:00,VSAT,10.329999923706055,10.329999923706055,10.329999923706055,10.329999923706055,10.329999923706055,3262.0
2024-10-25 11:35:00+00:00,XELA,1.975000023841858,1.975000023841858,1.975000023841858,1.975000023841858,1.975000023841858,837.0
2024-10-25 11:35:00+00:00,ZBRA,363.4100036621094,363.4100036621094,363.4100036621094,363.4100036621094,363.4100036621094,6597.0
2024-10-25 11:35:00+00:00,ZM,73.07499694824219,73.07499694824219,73.07499694824219,73.07499694824219,73.07499694824219,4907.0
2024-10-25 11:35:00+00:00,ZS,186.16000366210938,186.16000366210938,186.16000366210938,186.16000366210938,186.16000366210938,2749.0
2024-10-25 11:36:00+00:00,AAOI,18.200000762939453,18.200000762939453,18.209999084472656,18.184999465942383,18.200000762939453,31323.0
2024-10-25 11:36:00+00:00,AAPL,232.11000061035156,232.11000061035156,232.11000061035156,231.97999572753906,232.08580017089844,401200.0
2024-10-25 11:36:00+00:00,ACLS,90.38200378417969,90.38200378417969,90.38200378417969,90.36499786376953,90.36499786376953,7032.0
2024-10-25 11:36:00+00:00,ACMR,19.809999465942383,19.809999465942383,19.834999084472656,19.809999465942383,19.825000762939453,665.0
2024-10-25 11:36:00+00:00,ADBE,484.2200012207031,484.2200012207031,484.2200012207031,483.9599914550781,484.1099853515625,14637.0
2024-10-25 11:36:00+00:00,ADI,233.47500610351562,233.47500610351562,233.5399932861328,233.3699951171875,233.52000427246094,10221.0
2024-10-25 11:36:00+00:00,ADSK,286.8374938964844,286.8374938964844,286.8500061035156,286.6700134277344,286.7349853515625,9937.0
2024-10-25 11:36:00+00:00,ADTN,6.385000228881836,6.385000228881836,6.385000228881836,6.385000228881836,6.385000228881836,3402.0
2024-10-25 11:36:00+00:00,AEHR,16.729999542236328,16.729999542236328,16.729999542236328,16.729999542236328,16.729999542236328,469.0
2024-10-25 11:36:00+00:00,AFRM,41.939998626708984,41.939998626708984,41.959999084472656,41.89229965209961,41.94179916381836,129636.0
2024-10-25 11:36:00+00:00,AGYS,112.33499908447266,112.33499908447266,112.33499908447266,112.33499908447266,112.33499908447266,1031.0
2024-10-25 11:36:00+00:00,AKAM,103.2300033569336,103.2300033569336,103.2300033569336,103.2300033569336,103.2300033569336,948.0
2024-10-25 11:36:00+00:00,AKTS,0.057500001043081284,0.057500001043081284,0.057500001043081284,0.057500001043081284,0.057500001043081284,178914.0
2024-10-25 11:36:00+00:00,ALGM,22.770000457763672,22.770000457763672,22.770000457763672,22.75,22.7549991607666,13612.0
2024-10-25 11:36:00+00:00,ALRM,54.709999084472656,54.709999084472656,54.720001220703125,54.709999084472656,54.720001220703125,2420.0
2024-10-25 11:36:00+00:00,ALTR,104.19000244140625,104.19000244140625,104.19000244140625,104.19000244140625,104.19000244140625,3299.0
2024-10-25 11:36:00+00:00,AMAT,187.93499755859375,187.93499755859375,188.00999450683594,187.8000030517578,188.00999450683594,44046.0
2024-10-25 11:36:00+00:00,AMBA,58.310001373291016,58.310001373291016,58.380001068115234,58.310001373291016,58.380001068115234,598.0
2024-10-25 11:36:00+00:00,AMD,157.50999450683594,157.50999450683594,157.50999450683594,157.3800048828125,157.47500610351562,153591.0
2024-10-25 11:36:00+00:00,AMKR,30.079999923706055,30.079999923706055,30.079999923706055,30.079999923706055,30.079999923706055,4087.0
2024-10-25 11:36:00+00:00,ANY,1.0750000476837158,1.0750000476837158,1.0750000476837158,1.0750000476837158,1.0750000476837158,14894.0
2024-10-25 11:36:00+00:00,APP,161.8000030517578,161.8000030517578,161.97000122070312,161.75999450683594,161.8800048828125,19434.0
2024-10-25 11:36:00+00:00,APPF,214.72999572753906,214.72999572753906,214.72999572753906,214.6199951171875,214.72999572753906,1992.0
2024-10-25 11:36:00+00:00,ARRY,6.465000152587891,6.465000152587891,6.46999979019165,6.460000038146973,6.46999979019165,172032.0
2024-10-25 11:36:00+00:00,ASML,718.1300048828125,718.1300048828125,718.1300048828125,718.1300048828125,718.1300048828125,17112.0
2024-10-25 11:36:00+00:00,ASNS,1.350000023841858,1.350000023841858,1.350000023841858,1.350000023841858,1.350000023841858,1334.0
2024-10-25 11:36:00+00:00,ASUR,9.725000381469727,9.725000381469727,9.725000381469727,9.725000381469727,9.725000381469727,200.0
2024-10-25 11:36:00+00:00,AUR,6.494999885559082,6.494999885559082,6.494999885559082,6.494999885559082,6.494999885559082,7368.0
2024-10-25 11:36:00+00:00,AVGO,176.38999938964844,176.38999938964844,176.4199981689453,176.24000549316406,176.41000366210938,78495.0
2024-10-25 11:36:00+00:00,BIGC,5.306700229644775,5.306700229644775,5.306700229644775,5.300000190734863,5.300000190734863,1616.0
2024-10-25 11:36:00+00:00,BL,56.28499984741211,56.28499984741211,56.28499984741211,56.28499984741211,56.28499984741211,154.0
2024-10-25 11:36:00+00:00,BMBL,7.269999980926514,7.269999980926514,7.269999980926514,7.269999980926514,7.269999980926514,435.0
2024-10-25 11:36:00+00:00,BRZE,30.719999313354492,30.719999313354492,30.719999313354492,30.709999084472656,30.709999084472656,1507.0
2024-10-25 11:36:00+00:00,CAMT,78.31999969482422,78.31999969482422,78.31999969482422,78.31999969482422,78.31999969482422,368.0
2024-10-25 11:36:00+00:00,CDNS,259.1099853515625,259.1099853515625,259.1099853515625,258.94000244140625,259.1099853515625,19227.0
2024-10-25 11:36:00+00:00,CDW,218.19000244140625,218.19000244140625,218.19000244140625,218.19000244140625,218.19000244140625,2430.0
2024-10-25 11:36:00+00:00,CETX,0.2962999939918518,0.2962999939918518,0.2962999939918518,0.2955999970436096,0.2955999970436096,8637.0
2024-10-25 11:36:00+00:00,CFLT,22.610000610351562,22.610000610351562,22.670000076293945,22.610000610351562,22.670000076293945,62822.0
2024-10-25 11:36:00+00:00,CGNX,38.9900016784668,38.9900016784668,38.9900016784668,38.9900016784668,38.9900016784668,697.0
2024-10-25 11:36:00+00:00,CLBT,18.190000534057617,18.190000534057617,18.190000534057617,18.18000030517578,18.18000030517578,1845.0
2024-10-25 11:36:00+00:00,CLSK,12.170000076293945,12.170000076293945,12.174799919128418,12.130000114440918,12.140000343322754,356612.0
2024-10-25 11:36:00+00:00,CMTL,3.7149999141693115,3.7149999141693115,3.7149999141693115,3.7149999141693115,3.7149999141693115,104.0
2024-10-25 11:36:00+00:00,COHR,95.16110229492188,95.16110229492188,95.28500366210938,95.16110229492188,95.27999877929688,5603.0
2024-10-25 11:36:00+00:00,COHU,26.239999771118164,26.239999771118164,26.280099868774414,26.239999771118164,26.280000686645508,2614.0
2024-10-25 11:36:00+00:00,COIN,212.3800048828125,212.3800048828125,212.389892578125,211.94500732421875,212.30999755859375,75333.0
2024-10-25 11:36:00+00:00,COMM,6.375,6.375,6.375,6.375,6.375,215.0
2024-10-25 11:36:00+00:00,CORZ,13.404999732971191,13.404999732971191,13.430000305175781,13.404999732971191,13.430000305175781,33921.0
2024-10-25 11:36:00+00:00,CPSH,1.440000057220459,1.440000057220459,1.440000057220459,1.440000057220459,1.440000057220459,8530.0
2024-10-25 11:36:00+00:00,CRCT,6.570000171661377,6.570000171661377,6.570000171661377,6.570000171661377,6.570000171661377,7504.0
2024-10-25 11:36:00+00:00,CRDO,39.8849983215332,39.8849983215332,39.915000915527344,39.8849983215332,39.915000915527344,9556.0
2024-10-25 11:36:00+00:00,CRSR,6.409999847412109,6.409999847412109,6.409999847412109,6.409999847412109,6.409999847412109,1024.0
2024-10-25 11:36:00+00:00,CRWD,308.9198913574219,308.9198913574219,308.97869873046875,308.6499938964844,308.97869873046875,16089.0
2024-10-25 11:36:00+00:00,CSCO,55.9900016784668,55.9900016784668,55.9900016784668,55.96500015258789,55.97999954223633,85473.0
2024-10-25 11:36:00+00:00,CSGS,47.69499969482422,47.69499969482422,47.69499969482422,47.69499969482422,47.69499969482422,470.0
2024-10-25 11:36:00+00:00,CSIQ,13.640000343322754,13.640000343322754,13.659700393676758,13.640000343322754,13.659700393676758,10236.0
2024-10-25 11:36:00+00:00,CTLP,8.950200080871582,8.950200080871582,8.950200080871582,8.950200080871582,8.950200080871582,101.0
2024-10-25 11:36:00+00:00,CTSH,74.6500015258789,74.6500015258789,74.66000366210938,74.625,74.62999725341797,24140.0
2024-10-25 11:36:00+00:00,CVLT,134.2050018310547,134.2050018310547,134.25,134.2050018310547,134.2100067138672,1364.0
2024-10-25 11:36:00+00:00,DAKT,13.170000076293945,13.170000076293945,13.170000076293945,13.170000076293945,13.170000076293945,1048.0
2024-10-25 11:36:00+00:00,DBX,25.96500015258789,25.96500015258789,25.96500015258789,25.959999084472656,25.96500015258789,9747.0
2024-10-25 11:36:00+00:00,DDOG,127.29000091552734,127.29000091552734,127.4000015258789,127.29000091552734,127.32499694824219,31910.0
2024-10-25 11:36:00+00:00,DGHI,1.5099999904632568,1.5099999904632568,1.5099999904632568,1.5099999904632568,1.5099999904632568,4845.0
2024-10-25 11:36:00+00:00,DLO,8.84000015258789,8.84000015258789,8.84000015258789,8.84000015258789,8.84000015258789,1062.0
2024-10-25 11:36:00+00:00,DMRC,31.184999465942383,31.184999465942383,31.184999465942383,31.184999465942383,31.184999465942383,162.0
2024-10-25 11:36:00+00:00,DOCU,70.21499633789062,70.21499633789062,70.24500274658203,70.21499633789062,70.23999786376953,18073.0
2024-10-25 11:36:00+00:00,DOMO,7.989999771118164,7.989999771118164,7.989999771118164,7.989999771118164,7.989999771118164,1803.0
2024-10-25 11:36:00+00:00,DOX,89.63999938964844,89.63999938964844,89.63999938964844,89.63999938964844,89.63999938964844,4737.0
2024-10-25 11:36:00+00:00,DUOL,288.0874938964844,288.0874938964844,288.2674865722656,288.0,288.05999755859375,1163.0
2024-10-25 11:36:00+00:00,EEFT,100.65499877929688,100.65499877929688,100.65750122070312,100.65499877929688,100.65750122070312,838.0
2024-10-25 11:36:00+00:00,EGAN,4.755300045013428,4.755300045013428,4.755300045013428,4.755300045013428,4.755300045013428,752.0
2024-10-25 11:36:00+00:00,ENPH,83.4021987915039,83.4021987915039,83.43000030517578,83.27239990234375,83.27239990234375,65363.0
2024-10-25 11:36:00+00:00,ENTG,105.54499816894531,105.54499816894531,105.54499816894531,105.54499816894531,105.54499816894531,637.0
2024-10-25 11:36:00+00:00,ERIC,8.484000205993652,8.484000205993652,8.484000205993652,8.484000205993652,8.484000205993652,112199.0
2024-10-25 11:36:00+00:00,EXTR,14.4399995803833,14.4399995803833,14.4399995803833,14.4399995803833,14.4399995803833,459.0
2024-10-25 11:36:00+00:00,FLEX,35.2400016784668,35.2400016784668,35.279998779296875,35.2400016784668,35.279998779296875,7790.0
2024-10-25 11:36:00+00:00,FLYW,17.5,17.5,17.5,17.5,17.5,4017.0
2024-10-25 11:36:00+00:00,FORM,45.15999984741211,45.15999984741211,45.15999984741211,45.15999984741211,45.15999984741211,143.0
2024-10-25 11:36:00+00:00,FROG,29.344999313354492,29.344999313354492,29.344999313354492,29.344999313354492,29.344999313354492,3454.0
2024-10-25 11:36:00+00:00,FRSH,11.6850004196167,11.6850004196167,11.6850004196167,11.6850004196167,11.6850004196167,8201.0
2024-10-25 11:36:00+00:00,FSLR,200.3137969970703,200.3137969970703,200.3137969970703,199.97000122070312,200.3000030517578,29114.0
2024-10-25 11:36:00+00:00,FTNT,81.26499938964844,81.26499938964844,81.2699966430664,81.23500061035156,81.2699966430664,11577.0
2024-10-25 11:36:00+00:00,GCT,25.1299991607666,25.1299991607666,25.164100646972656,25.1299991607666,25.1299991607666,5947.0
2024-10-25 11:36:00+00:00,GDS,21.649999618530273,21.649999618530273,21.649999618530273,21.649999618530273,21.649999618530273,176.0
2024-10-25 11:36:00+00:00,GFS,41.380001068115234,41.380001068115234,41.380001068115234,41.290000915527344,41.31999969482422,8278.0
2024-10-25 11:36:00+00:00,GRAB,4.085000038146973,4.085000038146973,4.085000038146973,4.085000038146973,4.085000038146973,28121.0
2024-10-25 11:36:00+00:00,GRRR,4.534999847412109,4.534999847412109,4.536799907684326,4.534999847412109,4.536799907684326,5073.0
2024-10-25 11:36:00+00:00,GSIT,3.4375998973846436,3.4375998973846436,3.4375998973846436,3.4375998973846436,3.4375998973846436,10638.0
2024-10-25 11:36:00+00:00,HCP,33.69499969482422,33.69499969482422,33.69499969482422,33.69499969482422,33.69499969482422,18310.0
2024-10-25 11:36:00+00:00,HLIT,14.779999732971191,14.779999732971191,14.779999732971191,14.779999732971191,14.779999732971191,4870.0
2024-10-25 11:36:00+00:00,HOLO,3.649899959564209,3.649899959564209,3.6500000953674316,3.640000104904175,3.6500000953674316,34574.0
2024-10-25 11:36:00+00:00,HOOD,27.40489959716797,27.40489959716797,27.40999984741211,27.384000778198242,27.405000686645508,51712.0
2024-10-25 11:36:00+00:00,IDAI,0.22920000553131104,0.22920000553131104,0.22920000553131104,0.22920000553131104,0.22920000553131104,10017.0
2024-10-25 11:36:00+00:00,IIIV,22.850000381469727,22.850000381469727,22.850000381469727,22.850000381469727,22.850000381469727,421.0
2024-10-25 11:36:00+00:00,INDI,3.5799999237060547,3.5799999237060547,3.5850000381469727,3.5799999237060547,3.5850000381469727,7719.0
2024-10-25 11:36:00+00:00,INFN,6.795000076293945,6.795000076293945,6.795000076293945,6.795000076293945,6.795000076293945,10130.0
2024-10-25 11:36:00+00:00,INTA,49.900001525878906,49.900001525878906,49.900001525878906,49.900001525878906,49.900001525878906,332.0
2024-10-25 11:36:00+00:00,INTC,23.114999771118164,23.114999771118164,23.114999771118164,23.09000015258789,23.104999542236328,258377.0
2024-10-25 11:36:00+00:00,INTU,609.6599731445312,609.6599731445312,610.1199951171875,609.6599731445312,610.1199951171875,1955.0
2024-10-25 11:36:00+00:00,JKHY,183.63999938964844,183.63999938964844,183.63999938964844,183.63999938964844,183.63999938964844,271.0
2024-10-25 11:36:00+00:00,KC,2.7200000286102295,2.7200000286102295,2.7200000286102295,2.7200000286102295,2.7200000286102295,7777.0
2024-10-25 11:36:00+00:00,KLAC,679.177490234375,679.177490234375,679.469970703125,679.0,679.0,1589.0
2024-10-25 11:36:00+00:00,KLIC,44.29999923706055,44.29999923706055,44.29999923706055,44.29999923706055,44.29999923706055,3085.0
2024-10-25 11:36:00+00:00,LINK,4.676700115203857,4.676700115203857,4.676700115203857,4.570000171661377,4.650000095367432,14555.0
2024-10-25 11:36:00+00:00,LITE,64.1449966430664,64.1449966430664,64.1449966430664,64.1449966430664,64.1449966430664,414.0
2024-10-25 11:36:00+00:00,LOGI,81.08000183105469,81.08000183105469,81.08000183105469,81.05999755859375,81.05999755859375,468.0
2024-10-25 11:36:00+00:00,LPSN,1.1749999523162842,1.1749999523162842,1.1799999475479126,1.1749999523162842,1.1799999475479126,34365.0
2024-10-25 11:36:00+00:00,LRCX,78.83999633789062,78.83999633789062,78.83999633789062,78.75,78.83000183105469,99865.0
2024-10-25 11:36:00+00:00,LSCC,54.209999084472656,54.209999084472656,54.209999084472656,54.18000030517578,54.18000030517578,7033.0
2024-10-25 11:36:00+00:00,LYFT,13.774999618530273,13.774999618530273,13.779999732971191,13.774999618530273,13.774999618530273,121291.0
2024-10-25 11:36:00+00:00,LYT,1.9199999570846558,1.9199999570846558,1.9701000452041626,1.9199999570846558,1.9701000452041626,1123.0
2024-10-25 11:36:00+00:00,MANH,275.2799987792969,275.2799987792969,275.2799987792969,275.2699890136719,275.2799987792969,675.0
2024-10-25 11:36:00+00:00,MAXN,5.741099834442139,5.741099834442139,5.741099834442139,5.741099834442139,5.741099834442139,12546.0
2024-10-25 11:36:00+00:00,MCHP,77.16999816894531,77.16999816894531,77.18000030517578,77.13999938964844,77.16000366210938,26847.0
2024-10-25 11:36:00+00:00,MDB,266.510009765625,266.510009765625,267.07501220703125,266.510009765625,267.07501220703125,6355.0
2024-10-25 11:36:00+00:00,MIND,3.5100998878479004,3.5100998878479004,3.5100998878479004,3.5100998878479004,3.5100998878479004,3220.0
2024-10-25 11:36:00+00:00,MITK,8.78499984741211,8.78499984741211,8.78499984741211,8.78499984741211,8.78499984741211,124.0
2024-10-25 11:36:00+00:00,MKSI,100.45249938964844,100.45249938964844,100.48500061035156,100.43000030517578,100.48500061035156,19584.0
2024-10-25 11:36:00+00:00,MNDY,300.2749938964844,300.2749938964844,300.2749938964844,299.93499755859375,300.1600036621094,7533.0
2024-10-25 11:36:00+00:00,MPWR,915.5399780273438,915.5399780273438,915.5399780273438,915.5399780273438,915.5399780273438,3870.0
2024-10-25 11:36:00+00:00,MQ,5.284999847412109,5.284999847412109,5.284999847412109,5.284999847412109,5.284999847412109,5623.0
2024-10-25 11:36:00+00:00,MRVL,82.9000015258789,82.9000015258789,82.9000015258789,82.81999969482422,82.87000274658203,39555.0
2024-10-25 11:36:00+00:00,MSFT,430.6600036621094,430.6600036621094,430.7049865722656,430.5,430.6700134277344,82028.0
2024-10-25 11:36:00+00:00,MSTR,243.56500244140625,243.56500244140625,243.60870361328125,242.8699951171875,243.3000030517578,185613.0
2024-10-25 11:36:00+00:00,MTC,0.3700000047683716,0.3700000047683716,0.3700000047683716,0.3700000047683716,0.3700000047683716,5164.0
2024-10-25 11:36:00+00:00,MTLS,5.954999923706055,5.954999923706055,5.954999923706055,5.940000057220459,5.940000057220459,4676.0
2024-10-25 11:36:00+00:00,MTSI,119.31500244140625,119.31500244140625,119.50499725341797,119.31500244140625,119.50499725341797,16127.0
2024-10-25 11:36:00+00:00,MTTR,4.665999889373779,4.665999889373779,4.665999889373779,4.665999889373779,4.665999889373779,4829.0
2024-10-25 11:36:00+00:00,MU,109.12000274658203,109.12000274658203,109.12000274658203,109.02999877929688,109.08999633789062,82967.0
2024-10-25 11:36:00+00:00,MVIS,1.100000023841858,1.100000023841858,1.100000023841858,1.100000023841858,1.100000023841858,577.0
2024-10-25 11:36:00+00:00,MXL,14.973299980163574,14.973299980163574,14.989999771118164,14.973299980163574,14.989999771118164,13369.0
2024-10-25 11:36:00+00:00,NCNO,37.96500015258789,37.96500015258789,37.970001220703125,37.957801818847656,37.970001220703125,5555.0
2024-10-25 11:36:00+00:00,NEON,8.1899995803833,8.1899995803833,8.1899995803833,8.1899995803833,8.1899995803833,488.0
2024-10-25 11:36:00+00:00,NICE,176.6199951171875,176.6199951171875,176.6199951171875,176.6199951171875,176.6199951171875,12355.0
2024-10-25 11:36:00+00:00,NTAP,120.06999969482422,120.06999969482422,120.06999969482422,120.06999969482422,120.06999969482422,4961.0
2024-10-25 11:36:00+00:00,NTCT,20.639999389648438,20.639999389648438,20.639999389648438,20.639999389648438,20.639999389648438,1248.0
2024-10-25 11:36:00+00:00,NTNX,62.29999923706055,62.29999923706055,62.29999923706055,62.29999923706055,62.29999923706055,11422.0
2024-10-25 11:36:00+00:00,NVDA,143.69000244140625,143.69000244140625,143.71499633789062,143.572998046875,143.6898956298828,1378061.0
2024-10-25 11:36:00+00:00,NVEI,33.52000045776367,33.52000045776367,33.52000045776367,33.52000045776367,33.52000045776367,10289.0
2024-10-25 11:36:00+00:00,NVTS,2.5950000286102295,2.5950000286102295,2.5950000286102295,2.5950000286102295,2.5950000286102295,4322.0
2024-10-25 11:36:00+00:00,NXPI,244.46499633789062,244.46499633789062,244.55999755859375,244.24000549316406,244.32000732421875,32652.0
2024-10-25 11:36:00+00:00,OKTA,72.61000061035156,72.61000061035156,72.62000274658203,72.5999984741211,72.61000061035156,10879.0
2024-10-25 11:36:00+00:00,ON,71.8499984741211,71.8499984741211,71.87000274658203,71.80000305175781,71.87000274658203,65232.0
2024-10-25 11:36:00+00:00,OSIS,136.72500610351562,136.72500610351562,136.82400512695312,136.66000366210938,136.82400512695312,1752.0
2024-10-25 11:36:00+00:00,OTEX,33.33000183105469,33.33000183105469,33.33000183105469,33.33000183105469,33.33000183105469,848.0
2024-10-25 11:36:00+00:00,PANW,369.75,369.75,369.9049987792969,369.75,369.9049987792969,2160.0
2024-10-25 11:36:00+00:00,PAYO,8.300000190734863,8.300000190734863,8.305000305175781,8.300000190734863,8.305000305175781,5509.0
2024-10-25 11:36:00+00:00,PEGA,80.6500015258789,80.6500015258789,80.6500015258789,80.6500015258789,80.6500015258789,384.0
2024-10-25 11:36:00+00:00,PEGY,4.600100040435791,4.600100040435791,4.600100040435791,4.600100040435791,4.600100040435791,10389.0
2024-10-25 11:36:00+00:00,PET,0.8009999990463257,0.8009999990463257,0.8009999990463257,0.8009999990463257,0.8009999990463257,1106.0
2024-10-25 11:36:00+00:00,PGY,11.8100004196167,11.8100004196167,11.8100004196167,11.8100004196167,11.8100004196167,5241.0
2024-10-25 11:36:00+00:00,PHUN,9.879899978637695,9.879899978637695,9.930000305175781,9.770000457763672,9.789999961853027,271396.0
2024-10-25 11:36:00+00:00,PI,204.17999267578125,204.17999267578125,204.17999267578125,204.17999267578125,204.17999267578125,6039.0
2024-10-25 11:36:00+00:00,PLAB,23.65999984741211,23.65999984741211,23.670000076293945,23.649999618530273,23.670000076293945,1257.0
2024-10-25 11:36:00+00:00,PLXS,142.83999633789062,142.83999633789062,142.8800048828125,142.83999633789062,142.8800048828125,689.0
2024-10-25 11:36:00+00:00,PRCH,1.3250000476837158,1.3250000476837158,1.3250000476837158,1.3250000476837158,1.3250000476837158,417.0
2024-10-25 11:36:00+00:00,PTC,186.5399932861328,186.5399932861328,186.67999267578125,186.47000122070312,186.55999755859375,15171.0
2024-10-25 11:36:00+00:00,PUBM,14.925000190734863,14.925000190734863,14.925000190734863,14.925000190734863,14.925000190734863,3225.0
2024-10-25 11:36:00+00:00,PXLW,0.7501999735832214,0.7501999735832214,0.7501999735832214,0.7501999735832214,0.7501999735832214,4931.0
2024-10-25 11:36:00+00:00,PYCR,14.359999656677246,14.359999656677246,14.362000465393066,14.359999656677246,14.359999656677246,5475.0
2024-10-25 11:36:00+00:00,QCOM,172.63999938964844,172.63999938964844,172.63999938964844,172.47999572753906,172.58999633789062,58587.0
2024-10-25 11:36:00+00:00,QRVO,100.08499908447266,100.08499908447266,100.13999938964844,100.06999969482422,100.13999938964844,8855.0
2024-10-25 11:36:00+00:00,QUBT,1.059999942779541,1.059999942779541,1.0608999729156494,1.059999942779541,1.0608999729156494,90978.0
2024-10-25 11:36:00+00:00,RCAT,2.759999990463257,2.759999990463257,2.759999990463257,2.759999990463257,2.759999990463257,1233.0
2024-10-25 11:36:00+00:00,REKR,1.100000023841858,1.100000023841858,1.100000023841858,1.100000023841858,1.100000023841858,564.0
2024-10-25 11:36:00+00:00,RGTI,1.2503000497817993,1.2503000497817993,1.2503000497817993,1.2503000497817993,1.2503000497817993,6247.0
2024-10-25 11:36:00+00:00,RIOT,10.149999618530273,10.149999618530273,10.149999618530273,10.119999885559082,10.123499870300293,205899.0
2024-10-25 11:36:00+00:00,RMBS,43.16999816894531,43.16999816894531,43.16999816894531,43.13999938964844,43.13999938964844,6673.0
2024-10-25 11:36:00+00:00,RPD,39.09000015258789,39.09000015258789,39.09000015258789,39.09000015258789,39.09000015258789,413.0
2024-10-25 11:36:00+00:00,RUM,5.769899845123291,5.769899845123291,5.769899845123291,5.763700008392334,5.763700008392334,28017.0
2024-10-25 11:36:00+00:00,RUN,14.510000228881836,14.510000228881836,14.520000457763672,14.479999542236328,14.479999542236328,48009.0
2024-10-25 11:36:00+00:00,SATS,25.260000228881836,25.260000228881836,25.260000228881836,25.260000228881836,25.260000228881836,1533.0
2024-10-25 11:36:00+00:00,SEDG,16.040000915527344,16.040000915527344,16.065000534057617,16.040000915527344,16.065000534057617,31043.0
2024-10-25 11:36:00+00:00,SHLS,5.28000020980835,5.28000020980835,5.28000020980835,5.28000020980835,5.28000020980835,19076.0
2024-10-25 11:36:00+00:00,SMCI,47.77619934082031,47.77619934082031,47.790000915527344,47.72999954223633,47.779998779296875,305469.0
2024-10-25 11:36:00+00:00,SMTC,45.31999969482422,45.31999969482422,45.349998474121094,45.27000045776367,45.349998474121094,6553.0
2024-10-25 11:36:00+00:00,SNPS,503.0,503.0,503.0,503.0,503.0,3575.0
2024-10-25 11:36:00+00:00,SOBR,7.6519999504089355,7.6519999504089355,7.6519999504089355,7.650100231170654,7.650100231170654,7994.0
2024-10-25 11:36:00+00:00,SONO,12.850000381469727,12.850000381469727,12.850000381469727,12.850000381469727,12.850000381469727,1973.0
2024-10-25 11:36:00+00:00,SOUN,5.324999809265137,5.324999809265137,5.324999809265137,5.324999809265137,5.324999809265137,46589.0
2024-10-25 11:36:00+00:00,SPSC,173.96499633789062,173.96499633789062,173.96499633789062,173.96499633789062,173.96499633789062,119.0
2024-10-25 11:36:00+00:00,SSNC,69.6050033569336,69.6050033569336,69.6050033569336,69.47000122070312,69.47000122070312,35111.0
2024-10-25 11:36:00+00:00,SSTI,11.529999732971191,11.529999732971191,11.529999732971191,11.529999732971191,11.529999732971191,6582.0
2024-10-25 11:36:00+00:00,STNE,11.489999771118164,11.489999771118164,11.489999771118164,11.484999656677246,11.484999656677246,2697.0
2024-10-25 11:36:00+00:00,STX,104.11000061035156,104.11000061035156,104.19999694824219,104.11000061035156,104.19999694824219,10756.0
2024-10-25 11:36:00+00:00,SWKS,96.31999969482422,96.31999969482422,96.37000274658203,96.31999969482422,96.37000274658203,9135.0
2024-10-25 11:36:00+00:00,SYTA,1.250599980354309,1.250599980354309,1.2599999904632568,1.250599980354309,1.2599999904632568,64904.0
2024-10-25 11:36:00+00:00,TEAM,189.77999877929688,189.77999877929688,189.77999877929688,189.77000427246094,189.77000427246094,510.0
2024-10-25 11:36:00+00:00,TENB,41.599998474121094,41.599998474121094,41.599998474121094,41.599998474121094,41.599998474121094,1231.0
2024-10-25 11:36:00+00:00,TER,112.95999908447266,112.95999908447266,112.97000122070312,112.94000244140625,112.97000122070312,18021.0
2024-10-25 11:36:00+00:00,TLS,3.6700000762939453,3.6700000762939453,3.6700000762939453,3.6700000762939453,3.6700000762939453,7355.0
2024-10-25 11:36:00+00:00,TRMB,60.97999954223633,60.97999954223633,60.97999954223633,60.97999954223633,60.97999954223633,2368.0
2024-10-25 11:36:00+00:00,TSEM,44.90399932861328,44.90399932861328,44.90399932861328,44.90399932861328,44.90399932861328,551.0
2024-10-25 11:36:00+00:00,TTD,119.62000274658203,119.62000274658203,119.62000274658203,119.62000274658203,119.62000274658203,18645.0
2024-10-25 11:36:00+00:00,TTMI,19.665000915527344,19.665000915527344,19.670000076293945,19.665000915527344,19.670000076293945,292.0
2024-10-25 11:36:00+00:00,TWKS,4.457499980926514,4.457499980926514,4.457499980926514,4.449999809265137,4.449999809265137,25698.0
2024-10-25 11:36:00+00:00,TXN,208.8350067138672,208.8350067138672,208.8800048828125,208.6300048828125,208.781005859375,44306.0
2024-10-25 11:36:00+00:00,UCTT,36.005699157714844,36.005699157714844,36.005699157714844,36.0,36.0,5415.0
2024-10-25 11:36:00+00:00,VECO,29.59000015258789,29.59000015258789,29.59000015258789,29.575000762939453,29.575000762939453,14701.0
2024-10-25 11:36:00+00:00,VERX,42.209999084472656,42.209999084472656,42.209999084472656,42.209999084472656,42.209999084472656,162.0
2024-10-25 11:36:00+00:00,VIAV,9.1899995803833,9.1899995803833,9.1899995803833,9.1899995803833,9.1899995803833,2226.0
2024-10-25 11:36:00+00:00,VICR,46.790000915527344,46.790000915527344,46.790000915527344,46.790000915527344,46.790000915527344,2709.0
2024-10-25 11:36:00+00:00,VMEO,4.760000228881836,4.760000228881836,4.760000228881836,4.760000228881836,4.760000228881836,2053.0
2024-10-25 11:36:00+00:00,VNET,3.4700000286102295,3.4700000286102295,3.4700000286102295,3.4700000286102295,3.4700000286102295,248.0
2024-10-25 11:36:00+00:00,VOXX,7.599999904632568,7.599999904632568,7.599999904632568,7.599999904632568,7.599999904632568,515.0
2024-10-25 11:36:00+00:00,VRNS,56.720001220703125,56.720001220703125,56.72999954223633,56.720001220703125,56.72999954223633,7151.0
2024-10-25 11:36:00+00:00,VRNT,22.260000228881836,22.260000228881836,22.260000228881836,22.260000228881836,22.260000228881836,7736.0
2024-10-25 11:36:00+00:00,VRSN,186.0,186.0,186.1199951171875,185.99000549316406,186.1199951171875,8730.0
2024-10-25 11:36:00+00:00,VSAT,10.34000015258789,10.34000015258789,10.34000015258789,10.329999923706055,10.329999923706055,351.0
2024-10-25 11:36:00+00:00,VUZI,1.3259999752044678,1.3259999752044678,1.3259999752044678,1.3259999752044678,1.3259999752044678,10388.0
2024-10-25 11:36:00+00:00,WALD,3.609999895095825,3.609999895095825,3.609999895095825,3.609999895095825,3.609999895095825,3850.0
2024-10-25 11:36:00+00:00,WDAY,239.875,239.875,239.94500732421875,239.875,239.94500732421875,8445.0
2024-10-25 11:36:00+00:00,WDC,71.46499633789062,71.46499633789062,71.58999633789062,71.38999938964844,71.56999969482422,162496.0
2024-10-25 11:36:00+00:00,WKEY,2.089900016784668,2.089900016784668,2.089900016784668,2.089900016784668,2.089900016784668,1000.0
2024-10-25 11:36:00+00:00,XPER,9.454999923706055,9.454999923706055,9.454999923706055,9.449999809265137,9.454999923706055,543.0
2024-10-25 11:36:00+00:00,XRX,10.129899978637695,10.129899978637695,10.129899978637695,10.129899978637695,10.129899978637695,1462.0
2024-10-25 11:36:00+00:00,ZBRA,363.1499938964844,363.1499938964844,363.30999755859375,363.1499938964844,363.30999755859375,1420.0
2024-10-25 11:36:00+00:00,ZI,10.53499984741211,10.53499984741211,10.538900375366211,10.53499984741211,10.538900375366211,20638.0
2024-10-25 11:36:00+00:00,ZM,73.06500244140625,73.06500244140625,73.06500244140625,73.05000305175781,73.05000305175781,1174.0
2024-10-25 11:36:00+00:00,ZS,186.08999633789062,186.08999633789062,186.30239868164062,186.08999633789062,186.30239868164062,515.0
2024-10-25 11:37:00+00:00,AAOI,18.190000534057617,18.190000534057617,18.219999313354492,18.190000534057617,18.209999084472656,4354.0
2024-10-25 11:37:00+00:00,AAPL,232.02000427246094,232.02000427246094,232.13499450683594,231.97000122070312,232.1199951171875,68038.0
2024-10-25 11:37:00+00:00,ACLS,90.30000305175781,90.30000305175781,90.36499786376953,90.30000305175781,90.36499786376953,798.0
2024-10-25 11:37:00+00:00,ACMR,19.81999969482422,19.81999969482422,19.839000701904297,19.80500030517578,19.839000701904297,4413.0
2024-10-25 11:37:00+00:00,ADBE,484.2099914550781,484.2099914550781,484.2300109863281,484.19000244140625,484.19000244140625,1372.0
2024-10-25 11:37:00+00:00,ADI,233.47999572753906,233.47999572753906,233.5500030517578,233.41000366210938,233.49000549316406,3126.0
2024-10-25 11:37:00+00:00,ADSK,286.8999938964844,286.8999938964844,287.010009765625,286.79998779296875,286.79998779296875,1901.0
2024-10-25 11:37:00+00:00,AEHR,16.860000610351562,16.860000610351562,16.889999389648438,16.714000701904297,16.714000701904297,17939.0
2024-10-25 11:37:00+00:00,AFRM,41.91999816894531,41.91999816894531,41.939998626708984,41.90999984741211,41.939998626708984,6673.0
2024-10-25 11:37:00+00:00,AKAM,103.19000244140625,103.19000244140625,103.19000244140625,103.19000244140625,103.19000244140625,467.0
2024-10-25 11:37:00+00:00,AKTS,0.05770000070333481,0.05770000070333481,0.05770000070333481,0.057500001043081284,0.057500001043081284,14500.0
2024-10-25 11:37:00+00:00,ALGM,22.75,22.75,22.760000228881836,22.739999771118164,22.7549991607666,3173.0
2024-10-25 11:37:00+00:00,ALRM,54.720001220703125,54.720001220703125,54.720001220703125,54.720001220703125,54.720001220703125,207.0
2024-10-25 11:37:00+00:00,AMAT,187.85780334472656,187.85780334472656,187.9842071533203,187.85000610351562,187.97999572753906,5781.0
2024-10-25 11:37:00+00:00,AMBA,58.380001068115234,58.380001068115234,58.380001068115234,58.310001373291016,58.310001373291016,550.0
2024-10-25 11:37:00+00:00,AMD,157.54649353027344,157.54649353027344,157.57000732421875,157.46009826660156,157.52999877929688,32021.0
2024-10-25 11:37:00+00:00,AMKR,30.084999084472656,30.084999084472656,30.084999084472656,30.084999084472656,30.084999084472656,329.0
2024-10-25 11:37:00+00:00,AMPL,9.25,9.25,9.25,9.25,9.25,1481.0
2024-10-25 11:37:00+00:00,ANSS,325.6700134277344,325.6700134277344,325.6700134277344,325.6700134277344,325.6700134277344,285.0
2024-10-25 11:37:00+00:00,API,2.841200113296509,2.841200113296509,2.841200113296509,2.841200113296509,2.841200113296509,12943.0
2024-10-25 11:37:00+00:00,APP,161.74000549316406,161.74000549316406,161.80999755859375,161.72999572753906,161.74000549316406,3314.0
2024-10-25 11:37:00+00:00,APPF,214.9949951171875,214.9949951171875,215.42999267578125,214.72500610351562,215.0,5166.0
2024-10-25 11:37:00+00:00,APPS,3.0950000286102295,3.0950000286102295,3.0950000286102295,3.0899999141693115,3.0899999141693115,2160.0
2024-10-25 11:37:00+00:00,ARRY,6.434999942779541,6.434999942779541,6.46999979019165,6.429999828338623,6.465000152587891,43591.0
2024-10-25 11:37:00+00:00,ASML,717.1849975585938,717.1849975585938,717.510009765625,716.77001953125,717.510009765625,6263.0
2024-10-25 11:37:00+00:00,ASUR,9.725000381469727,9.725000381469727,9.75,9.725000381469727,9.75,289.0
2024-10-25 11:37:00+00:00,AUR,6.494999885559082,6.494999885559082,6.494999885559082,6.494999885559082,6.494999885559082,918.0
2024-10-25 11:37:00+00:00,AVDX,8.180000305175781,8.180000305175781,8.180000305175781,8.180000305175781,8.180000305175781,527.0
2024-10-25 11:37:00+00:00,AVGO,176.2100067138672,176.2100067138672,176.44000244140625,176.2100067138672,176.4199981689453,25612.0
2024-10-25 11:37:00+00:00,AVNW,20.8700008392334,20.8700008392334,20.8700008392334,20.8700008392334,20.8700008392334,478.0
2024-10-25 11:37:00+00:00,AVT,54.2400016784668,54.2400016784668,54.2400016784668,54.2400016784668,54.2400016784668,385.0
2024-10-25 11:37:00+00:00,BIGC,5.300000190734863,5.300000190734863,5.304999828338623,5.300000190734863,5.304999828338623,944.0
2024-10-25 11:37:00+00:00,BL,56.28499984741211,56.28499984741211,56.28499984741211,56.28499984741211,56.28499984741211,337.0
2024-10-25 11:37:00+00:00,BLZE,7.210000038146973,7.210000038146973,7.210000038146973,7.210000038146973,7.210000038146973,369.0
2024-10-25 11:37:00+00:00,BRZE,30.719999313354492,30.719999313354492,30.719999313354492,30.719999313354492,30.719999313354492,2732.0
2024-10-25 11:37:00+00:00,CAN,1.0,1.0,1.0049999952316284,1.0,1.000499963760376,17232.0
2024-10-25 11:37:00+00:00,CDNS,259.0899963378906,259.0899963378906,259.0899963378906,258.8301086425781,259.0400085449219,3234.0
2024-10-25 11:37:00+00:00,CDW,218.2100067138672,218.2100067138672,218.25999450683594,218.2100067138672,218.25,686.0
2024-10-25 11:37:00+00:00,CFLT,22.709999084472656,22.709999084472656,22.709999084472656,22.649999618530273,22.655000686645508,4267.0
2024-10-25 11:37:00+00:00,CGNX,38.98500061035156,38.98500061035156,38.9900016784668,38.97999954223633,38.9900016784668,2150.0
2024-10-25 11:37:00+00:00,CLSK,12.164999961853027,12.164999961853027,12.1899995803833,12.15999984741211,12.180000305175781,53206.0
2024-10-25 11:37:00+00:00,CMTL,3.7149999141693115,3.7149999141693115,3.7149999141693115,3.7149999141693115,3.7149999141693115,117.0
2024-10-25 11:37:00+00:00,CNDT,3.6549999713897705,3.6549999713897705,3.6600000858306885,3.6549999713897705,3.6600000858306885,3783.0
2024-10-25 11:37:00+00:00,COHR,95.1675033569336,95.1675033569336,95.23999786376953,95.13999938964844,95.20999908447266,7734.0
2024-10-25 11:37:00+00:00,COIN,211.99009704589844,211.99009704589844,212.39999389648438,211.91009521484375,212.22999572753906,17493.0
2024-10-25 11:37:00+00:00,COMM,6.375,6.375,6.375,6.375,6.375,670.0
2024-10-25 11:37:00+00:00,CORZ,13.380000114440918,13.380000114440918,13.404999732971191,13.380000114440918,13.404999732971191,4952.0
2024-10-25 11:37:00+00:00,CRCT,6.570000171661377,6.570000171661377,6.570000171661377,6.570000171661377,6.570000171661377,400.0
2024-10-25 11:37:00+00:00,CRDO,39.92179870605469,39.92179870605469,39.92179870605469,39.92179870605469,39.92179870605469,458.0
2024-10-25 11:37:00+00:00,CRUS,123.33999633789062,123.33999633789062,123.33999633789062,123.33999633789062,123.33999633789062,510.0
2024-10-25 11:37:00+00:00,CRWD,308.95001220703125,308.95001220703125,309.07000732421875,308.8699951171875,308.9599914550781,4669.0
2024-10-25 11:37:00+00:00,CSCO,55.98500061035156,55.98500061035156,55.99700164794922,55.97999954223633,55.994998931884766,71350.0
2024-10-25 11:37:00+00:00,CSGS,47.689998626708984,47.689998626708984,47.689998626708984,47.689998626708984,47.689998626708984,1027.0
2024-10-25 11:37:00+00:00,CSIQ,13.649999618530273,13.649999618530273,13.649999618530273,13.649999618530273,13.649999618530273,2170.0
2024-10-25 11:37:00+00:00,CTSH,74.6449966430664,74.6449966430664,74.6500015258789,74.63999938964844,74.63999938964844,2904.0
2024-10-25 11:37:00+00:00,CVLT,134.22000122070312,134.22000122070312,134.22000122070312,134.20750427246094,134.21499633789062,956.0
2024-10-25 11:37:00+00:00,DAKT,13.149999618530273,13.149999618530273,13.149999618530273,13.149999618530273,13.149999618530273,971.0
2024-10-25 11:37:00+00:00,DBX,25.959999084472656,25.959999084472656,25.965200424194336,25.959999084472656,25.965200424194336,1546.0
2024-10-25 11:37:00+00:00,DDOG,127.27999877929688,127.27999877929688,127.3499984741211,127.19000244140625,127.19999694824219,16101.0
2024-10-25 11:37:00+00:00,DGHI,1.5,1.5,1.5,1.5,1.5,425.0
2024-10-25 11:37:00+00:00,DLO,8.84000015258789,8.84000015258789,8.84000015258789,8.84000015258789,8.84000015258789,526.0
2024-10-25 11:37:00+00:00,DOCU,70.19999694824219,70.19999694824219,70.21499633789062,70.16999816894531,70.21499633789062,6784.0
2024-10-25 11:37:00+00:00,DUOL,288.05999755859375,288.05999755859375,288.05999755859375,288.05999755859375,288.05999755859375,517.0
2024-10-25 11:37:00+00:00,EEFT,100.54499816894531,100.54499816894531,100.56999969482422,100.54499816894531,100.56999969482422,808.0
2024-10-25 11:37:00+00:00,ENPH,83.3949966430664,83.3949966430664,83.4800033569336,83.33000183105469,83.43000030517578,19913.0
2024-10-25 11:37:00+00:00,ENTG,105.56999969482422,105.56999969482422,105.56999969482422,105.56999969482422,105.56999969482422,1318.0
2024-10-25 11:37:00+00:00,ERIC,8.484999656677246,8.484999656677246,8.484999656677246,8.484999656677246,8.484999656677246,1368.0
2024-10-25 11:37:00+00:00,EXFY,1.7050000429153442,1.7050000429153442,1.7050000429153442,1.7050000429153442,1.7050000429153442,839.0
2024-10-25 11:37:00+00:00,EXLS,38.83000183105469,38.83000183105469,38.83000183105469,38.83000183105469,38.83000183105469,412.0
2024-10-25 11:37:00+00:00,EXTR,14.4399995803833,14.4399995803833,14.449999809265137,14.4399995803833,14.444999694824219,1793.0
2024-10-25 11:37:00+00:00,FFIV,216.59500122070312,216.59500122070312,216.69000244140625,216.59500122070312,216.59500122070312,1142.0
2024-10-25 11:37:00+00:00,FIVN,30.440000534057617,30.440000534057617,30.440000534057617,30.43000030517578,30.43000030517578,1535.0
2024-10-25 11:37:00+00:00,FLEX,35.2400016784668,35.2400016784668,35.2400016784668,35.22999954223633,35.22999954223633,2191.0
2024-10-25 11:37:00+00:00,FLYW,17.50040054321289,17.50040054321289,17.511999130249023,17.50040054321289,17.511999130249023,3489.0
2024-10-25 11:37:00+00:00,FORM,45.189998626708984,45.189998626708984,45.189998626708984,45.189998626708984,45.189998626708984,324.0
2024-10-25 11:37:00+00:00,FROG,29.345500946044922,29.345500946044922,29.345500946044922,29.345500946044922,29.345500946044922,358.0
2024-10-25 11:37:00+00:00,FRSH,11.680000305175781,11.680000305175781,11.6850004196167,11.680000305175781,11.6850004196167,1024.0
2024-10-25 11:37:00+00:00,FSLR,199.8699951171875,199.8699951171875,200.1199951171875,199.75,200.1199951171875,30464.0
2024-10-25 11:37:00+00:00,FTCI,0.6899999976158142,0.6899999976158142,0.6927000284194946,0.6899999976158142,0.6927000284194946,27337.0
2024-10-25 11:37:00+00:00,FTNT,81.27999877929688,81.27999877929688,81.27999877929688,81.23999786376953,81.2699966430664,2135.0
2024-10-25 11:37:00+00:00,GCT,24.989999771118164,24.989999771118164,25.1156005859375,24.989999771118164,25.100000381469727,7489.0
2024-10-25 11:37:00+00:00,GDS,21.649999618530273,21.649999618530273,21.649999618530273,21.649999618530273,21.649999618530273,1199.0
2024-10-25 11:37:00+00:00,GFS,41.41999816894531,41.41999816894531,41.41999816894531,41.38999938964844,41.38999938964844,2502.0
2024-10-25 11:37:00+00:00,GILT,4.929999828338623,4.929999828338623,4.929999828338623,4.920100212097168,4.920100212097168,10350.0
2024-10-25 11:37:00+00:00,GRAB,4.085000038146973,4.085000038146973,4.085000038146973,4.085000038146973,4.085000038146973,8272.0
2024-10-25 11:37:00+00:00,GRRR,4.530099868774414,4.530099868774414,4.530099868774414,4.53000020980835,4.53000020980835,1380.0
2024-10-25 11:37:00+00:00,HCP,33.69499969482422,33.69499969482422,33.69499969482422,33.69499969482422,33.69499969482422,794.0
2024-10-25 11:37:00+00:00,HLIT,14.779999732971191,14.779999732971191,14.779999732971191,14.779999732971191,14.779999732971191,450.0
2024-10-25 11:37:00+00:00,HOLO,3.6500000953674316,3.6500000953674316,3.6510000228881836,3.640000104904175,3.6500000953674316,4433.0
2024-10-25 11:37:00+00:00,HOOD,27.406299591064453,27.406299591064453,27.40999984741211,27.385000228881836,27.40999984741211,8989.0
2024-10-25 11:37:00+00:00,HTCR,1.0850000381469727,1.0850000381469727,1.0850000381469727,1.0850000381469727,1.0850000381469727,7153.0
2024-10-25 11:37:00+00:00,ICHR,27.809999465942383,27.809999465942383,27.885000228881836,27.809999465942383,27.885000228881836,2271.0
2024-10-25 11:37:00+00:00,IMMR,8.765999794006348,8.765999794006348,8.765999794006348,8.763899803161621,8.763899803161621,326.0
2024-10-25 11:37:00+00:00,IMXI,17.670000076293945,17.670000076293945,17.670000076293945,17.670000076293945,17.670000076293945,373.0
2024-10-25 11:37:00+00:00,INDI,3.5850000381469727,3.5850000381469727,3.5850000381469727,3.5850000381469727,3.5850000381469727,354.0
2024-10-25 11:37:00+00:00,INOD,19.90999984741211,19.90999984741211,19.90999984741211,19.90999984741211,19.90999984741211,157.0
2024-10-25 11:37:00+00:00,INSG,20.040000915527344,20.040000915527344,20.040000915527344,20.040000915527344,20.040000915527344,308.0
2024-10-25 11:37:00+00:00,INTA,49.869998931884766,49.869998931884766,49.90999984741211,49.869998931884766,49.90999984741211,865.0
2024-10-25 11:37:00+00:00,INTC,23.13599967956543,23.13599967956543,23.139999389648438,23.114999771118164,23.114999771118164,112950.0
2024-10-25 11:37:00+00:00,ITRI,102.71499633789062,102.71499633789062,102.71499633789062,102.71499633789062,102.71499633789062,528.0
2024-10-25 11:37:00+00:00,JKHY,183.44000244140625,183.44000244140625,183.5500030517578,183.44000244140625,183.49000549316406,1004.0
2024-10-25 11:37:00+00:00,KC,2.7200000286102295,2.7200000286102295,2.7200000286102295,2.7200000286102295,2.7200000286102295,257.0
2024-10-25 11:37:00+00:00,KLAC,680.1027221679688,680.1027221679688,680.1027221679688,680.1027221679688,680.1027221679688,678.0
2024-10-25 11:37:00+00:00,KLTR,1.3350000381469727,1.3350000381469727,1.3350000381469727,1.3350000381469727,1.3350000381469727,1938.0
2024-10-25 11:37:00+00:00,LASR,10.460000038146973,10.460000038146973,10.460000038146973,10.460000038146973,10.460000038146973,125.0
2024-10-25 11:37:00+00:00,LINK,4.570000171661377,4.570000171661377,4.722099781036377,4.570000171661377,4.722099781036377,2021.0
2024-10-25 11:37:00+00:00,LITE,64.13500213623047,64.13500213623047,64.13999938964844,64.12000274658203,64.13999938964844,1471.0
2024-10-25 11:37:00+00:00,LOGI,81.04000091552734,81.04000091552734,81.05999755859375,81.04000091552734,81.05999755859375,348.0
2024-10-25 11:37:00+00:00,LPSN,1.1700999736785889,1.1700999736785889,1.1700999736785889,1.1700999736785889,1.1700999736785889,8202.0
2024-10-25 11:37:00+00:00,LRCX,78.81289672851562,78.81289672851562,78.8499984741211,78.7699966430664,78.8499984741211,19517.0
2024-10-25 11:37:00+00:00,LSCC,54.23500061035156,54.23500061035156,54.27000045776367,54.23500061035156,54.25,1183.0
2024-10-25 11:37:00+00:00,LUNA,1.809999942779541,1.809999942779541,1.809999942779541,1.809999942779541,1.809999942779541,330.0
2024-10-25 11:37:00+00:00,LYFT,13.779999732971191,13.779999732971191,13.779999732971191,13.770000457763672,13.774999618530273,16311.0
2024-10-25 11:37:00+00:00,MAPS,0.8436999917030334,0.8436999917030334,0.8450000286102295,0.8436999917030334,0.8450000286102295,52250.0
2024-10-25 11:37:00+00:00,MAXN,5.764200210571289,5.764200210571289,5.78000020980835,5.739999771118164,5.78000020980835,1694.0
2024-10-25 11:37:00+00:00,MCHP,77.12000274658203,77.12000274658203,77.19000244140625,77.12000274658203,77.19000244140625,4292.0
2024-10-25 11:37:00+00:00,MDB,266.92498779296875,266.92498779296875,266.92498779296875,266.6199951171875,266.8299865722656,2333.0
2024-10-25 11:37:00+00:00,MKSI,100.56500244140625,100.56500244140625,100.58000183105469,100.5,100.55999755859375,2942.0
2024-10-25 11:37:00+00:00,MNDY,300.2749938964844,300.2749938964844,300.2749938964844,300.2749938964844,300.2749938964844,128.0
2024-10-25 11:37:00+00:00,MQ,5.284999847412109,5.284999847412109,5.284999847412109,5.284999847412109,5.284999847412109,3604.0
2024-10-25 11:37:00+00:00,MRVL,82.87000274658203,82.87000274658203,82.91999816894531,82.87000274658203,82.87999725341797,11753.0
2024-10-25 11:37:00+00:00,MSFT,430.8522033691406,430.8522033691406,430.8689880371094,430.5299987792969,430.6449890136719,19069.0
2024-10-25 11:37:00+00:00,MSTR,243.58999633789062,243.58999633789062,243.7899932861328,243.08999633789062,243.74000549316406,46372.0
2024-10-25 11:37:00+00:00,MTSI,119.3499984741211,119.3499984741211,119.48999786376953,119.3499984741211,119.38999938964844,5237.0
2024-10-25 11:37:00+00:00,MTTR,4.665500164031982,4.665500164031982,4.665500164031982,4.665500164031982,4.665500164031982,722.0
2024-10-25 11:37:00+00:00,MU,109.12409973144531,109.12409973144531,109.1500015258789,109.08000183105469,109.1500015258789,15323.0
2024-10-25 11:37:00+00:00,MVIS,1.100000023841858,1.100000023841858,1.100000023841858,1.100000023841858,1.100000023841858,108.0
2024-10-25 11:37:00+00:00,MXL,14.989999771118164,14.989999771118164,14.989999771118164,14.975000381469727,14.975000381469727,541.0
2024-10-25 11:37:00+00:00,NEON,8.210000038146973,8.210000038146973,8.210000038146973,8.210000038146973,8.210000038146973,2532.0
2024-10-25 11:37:00+00:00,NNDM,2.320199966430664,2.320199966430664,2.320199966430664,2.319999933242798,2.319999933242798,1312.0
2024-10-25 11:37:00+00:00,NTAP,120.01499938964844,120.01499938964844,120.01499938964844,120.01499938964844,120.01499938964844,792.0
2024-10-25 11:37:00+00:00,NTCT,20.65999984741211,20.65999984741211,20.65999984741211,20.65999984741211,20.65999984741211,459.0
2024-10-25 11:37:00+00:00,NVDA,143.61000061035156,143.61000061035156,143.6999969482422,143.5500030517578,143.69500732421875,267775.0
2024-10-25 11:37:00+00:00,NVEI,33.52000045776367,33.52000045776367,33.52000045776367,33.52000045776367,33.52000045776367,1875.0
2024-10-25 11:37:00+00:00,NVTS,2.5899999141693115,2.5899999141693115,2.5950000286102295,2.5899999141693115,2.5950000286102295,59952.0
2024-10-25 11:37:00+00:00,NXPI,244.4499969482422,244.4499969482422,244.4499969482422,244.35499572753906,244.40499877929688,2460.0
2024-10-25 11:37:00+00:00,OKTA,72.60070037841797,72.60070037841797,72.62000274658203,72.5999984741211,72.62000274658203,1580.0
2024-10-25 11:37:00+00:00,ON,71.87999725341797,71.87999725341797,71.93000030517578,71.8499984741211,71.87000274658203,46019.0
2024-10-25 11:37:00+00:00,OTEX,33.31999969482422,33.31999969482422,33.31999969482422,33.31999969482422,33.31999969482422,208.0
2024-10-25 11:37:00+00:00,PANW,369.8974914550781,369.8974914550781,369.8974914550781,369.7250061035156,369.8399963378906,1505.0
2024-10-25 11:37:00+00:00,PCTY,173.16000366210938,173.16000366210938,173.16000366210938,173.16000366210938,173.16000366210938,288.0
2024-10-25 11:37:00+00:00,PEGA,80.55999755859375,80.55999755859375,80.625,80.55999755859375,80.625,892.0
2024-10-25 11:37:00+00:00,PEGY,4.644999980926514,4.644999980926514,4.644999980926514,4.644999980926514,4.644999980926514,108.0
2024-10-25 11:37:00+00:00,PGY,11.8149995803833,11.8149995803833,11.8149995803833,11.800000190734863,11.8149995803833,501.0
2024-10-25 11:37:00+00:00,PHUN,10.137900352478027,10.137900352478027,10.17959976196289,9.880000114440918,9.880000114440918,413301.0
2024-10-25 11:37:00+00:00,PRGS,64.69000244140625,64.69000244140625,64.69999694824219,64.69000244140625,64.69999694824219,1144.0
2024-10-25 11:37:00+00:00,PTC,186.5449981689453,186.5449981689453,186.6199951171875,186.5449981689453,186.6199951171875,378.0
2024-10-25 11:37:00+00:00,PUBM,14.935999870300293,14.935999870300293,14.944999694824219,14.930000305175781,14.9399995803833,1688.0
2024-10-25 11:37:00+00:00,PYCR,14.359999656677246,14.359999656677246,14.364999771118164,14.359999656677246,14.364999771118164,886.0
2024-10-25 11:37:00+00:00,QCOM,172.6199951171875,172.6199951171875,172.7100067138672,172.6199951171875,172.6750030517578,4841.0
2024-10-25 11:37:00+00:00,QRVO,100.16999816894531,100.16999816894531,100.16999816894531,100.1500015258789,100.1500015258789,1016.0
2024-10-25 11:37:00+00:00,QUBT,1.059999942779541,1.059999942779541,1.059999942779541,1.059999942779541,1.059999942779541,6761.0
2024-10-25 11:37:00+00:00,RCAT,2.759999990463257,2.759999990463257,2.759999990463257,2.759999990463257,2.759999990463257,407.0
2024-10-25 11:37:00+00:00,RELY,14.75,14.75,14.75,14.75,14.75,1094.0
2024-10-25 11:37:00+00:00,RGTI,1.25,1.25,1.2589999437332153,1.25,1.2502000331878662,7563.0
2024-10-25 11:37:00+00:00,RIOT,10.12600040435791,10.12600040435791,10.149900436401367,10.119999885559082,10.14009952545166,26315.0
2024-10-25 11:37:00+00:00,RMBS,43.18000030517578,43.18000030517578,43.189998626708984,43.18000030517578,43.189998626708984,1656.0
2024-10-25 11:37:00+00:00,RPD,39.07500076293945,39.07500076293945,39.07500076293945,39.060001373291016,39.060001373291016,735.0
2024-10-25 11:37:00+00:00,RUM,5.770299911499023,5.770299911499023,5.779900074005127,5.770299911499023,5.779900074005127,1830.0
2024-10-25 11:37:00+00:00,RUN,14.489999771118164,14.489999771118164,14.515000343322754,14.489999771118164,14.510000228881836,10920.0
2024-10-25 11:37:00+00:00,RXT,2.549999952316284,2.549999952316284,2.549999952316284,2.549999952316284,2.549999952316284,135.0
2024-10-25 11:37:00+00:00,SATS,25.280000686645508,25.280000686645508,25.280000686645508,25.280000686645508,25.280000686645508,433.0
2024-10-25 11:37:00+00:00,SCKT,1.1700999736785889,1.1700999736785889,1.1700999736785889,1.1700999736785889,1.1700999736785889,2866.0
2024-10-25 11:37:00+00:00,SEDG,16.049999237060547,16.049999237060547,16.06999969482422,16.020000457763672,16.059999465942383,8535.0
2024-10-25 11:37:00+00:00,SHLS,5.284999847412109,5.284999847412109,5.284999847412109,5.28000020980835,5.28000020980835,12671.0
2024-10-25 11:37:00+00:00,SLNH,4.189899921417236,4.189899921417236,4.189899921417236,4.189899921417236,4.189899921417236,2213.0
2024-10-25 11:37:00+00:00,SMCI,47.66619873046875,47.66619873046875,47.78200149536133,47.650001525878906,47.78200149536133,83842.0
2024-10-25 11:37:00+00:00,SMTC,45.40999984741211,45.40999984741211,45.40999984741211,45.40999984741211,45.40999984741211,1088.0
2024-10-25 11:37:00+00:00,SNPS,502.8299865722656,502.8299865722656,503.1050109863281,502.82501220703125,502.82501220703125,1599.0
2024-10-25 11:37:00+00:00,SONO,12.84000015258789,12.84000015258789,12.84000015258789,12.84000015258789,12.84000015258789,1178.0
2024-10-25 11:37:00+00:00,SOUN,5.314300060272217,5.314300060272217,5.324999809265137,5.314300060272217,5.324999809265137,29731.0
2024-10-25 11:37:00+00:00,SPSC,174.5399932861328,174.5399932861328,174.5399932861328,173.96499633789062,173.96499633789062,1599.0
2024-10-25 11:37:00+00:00,SRAD,12.359999656677246,12.359999656677246,12.359999656677246,12.359999656677246,12.359999656677246,1751.0
2024-10-25 11:37:00+00:00,SSNC,69.5999984741211,69.5999984741211,69.62000274658203,69.59500122070312,69.61000061035156,3915.0
2024-10-25 11:37:00+00:00,SSYS,7.139999866485596,7.139999866485596,7.139999866485596,7.139999866485596,7.139999866485596,10221.0
2024-10-25 11:37:00+00:00,STNE,11.484999656677246,11.484999656677246,11.489999771118164,11.479999542236328,11.489999771118164,5403.0
2024-10-25 11:37:00+00:00,STX,104.25,104.25,104.25,104.11000061035156,104.11000061035156,7737.0
2024-10-25 11:37:00+00:00,SVRE,0.08110000193119049,0.08110000193119049,0.0820000022649765,0.08110000193119049,0.0820000022649765,2156.0
2024-10-25 11:37:00+00:00,SWKS,96.31500244140625,96.31500244140625,96.33999633789062,96.31500244140625,96.33999633789062,1479.0
2024-10-25 11:37:00+00:00,SYTA,1.2400000095367432,1.2400000095367432,1.25409996509552,1.2400000095367432,1.2506999969482422,1878.0
2024-10-25 11:37:00+00:00,TAOP,0.47200000286102295,0.47200000286102295,0.47200000286102295,0.4699999988079071,0.4699999988079071,31609.0
2024-10-25 11:37:00+00:00,TEAM,189.91000366210938,189.91000366210938,189.9600067138672,189.77999877929688,189.88999938964844,11252.0
2024-10-25 11:37:00+00:00,TENB,41.60499954223633,41.60499954223633,41.60499954223633,41.599998474121094,41.599998474121094,1936.0
2024-10-25 11:37:00+00:00,TER,113.01000213623047,113.01000213623047,113.04499816894531,112.98999786376953,113.04000091552734,2721.0
2024-10-25 11:37:00+00:00,TLS,3.6700000762939453,3.6700000762939453,3.6700000762939453,3.6700000762939453,3.6700000762939453,811.0
2024-10-25 11:37:00+00:00,TRMB,60.959999084472656,60.959999084472656,60.97999954223633,60.959999084472656,60.97999954223633,826.0
2024-10-25 11:37:00+00:00,TSEM,44.86000061035156,44.86000061035156,44.86000061035156,44.86000061035156,44.86000061035156,684.0
2024-10-25 11:37:00+00:00,TTD,119.6500015258789,119.6500015258789,119.68000030517578,119.62000274658203,119.6449966430664,2238.0
2024-10-25 11:37:00+00:00,TTMI,19.670000076293945,19.670000076293945,19.670000076293945,19.65999984741211,19.670000076293945,1628.0
2024-10-25 11:37:00+00:00,TWKS,4.454999923706055,4.454999923706055,4.460000038146973,4.449999809265137,4.449999809265137,15155.0
2024-10-25 11:37:00+00:00,TXN,208.75,208.75,208.8350067138672,208.72999572753906,208.8350067138672,6125.0
2024-10-25 11:37:00+00:00,VECO,29.600000381469727,29.600000381469727,29.600000381469727,29.59000015258789,29.59000015258789,1349.0
2024-10-25 11:37:00+00:00,VERI,3.4200000762939453,3.4200000762939453,3.4200000762939453,3.4200000762939453,3.4200000762939453,9162.0
2024-10-25 11:37:00+00:00,VIAV,9.194000244140625,9.194000244140625,9.194000244140625,9.194000244140625,9.194000244140625,358.0
2024-10-25 11:37:00+00:00,VMEO,4.760000228881836,4.760000228881836,4.760000228881836,4.760000228881836,4.760000228881836,107.0
2024-10-25 11:37:00+00:00,VNET,3.4800000190734863,3.4800000190734863,3.4800000190734863,3.4800000190734863,3.4800000190734863,300.0
2024-10-25 11:37:00+00:00,VRNS,56.7400016784668,56.7400016784668,56.7400016784668,56.7400016784668,56.7400016784668,704.0
2024-10-25 11:37:00+00:00,VRSN,186.0399932861328,186.0399932861328,186.16000366210938,186.0399932861328,186.11000061035156,1989.0
2024-10-25 11:37:00+00:00,VSAT,10.329999923706055,10.329999923706055,10.329999923706055,10.329999923706055,10.329999923706055,309.0
2024-10-25 11:37:00+00:00,WDAY,239.99000549316406,239.99000549316406,240.0449981689453,239.85499572753906,239.85499572753906,4809.0
2024-10-25 11:37:00+00:00,WDC,71.48200225830078,71.48200225830078,71.52999877929688,71.4000015258789,71.46499633789062,15542.0
2024-10-25 11:37:00+00:00,WISA,1.8300000429153442,1.8300000429153442,1.8300000429153442,1.8250000476837158,1.8250000476837158,5026.0
2024-10-25 11:37:00+00:00,WKEY,2.059999942779541,2.059999942779541,2.059999942779541,2.059999942779541,2.059999942779541,51.0
2024-10-25 11:37:00+00:00,XPER,9.460000038146973,9.460000038146973,9.460000038146973,9.460000038146973,9.460000038146973,806.0
2024-10-25 11:37:00+00:00,ZBRA,363.2349853515625,363.2349853515625,363.2349853515625,363.2349853515625,363.2349853515625,1364.0
2024-10-25 11:37:00+00:00,ZI,10.53499984741211,10.53499984741211,10.539999961853027,10.529999732971191,10.539999961853027,1903.0
2024-10-25 11:37:00+00:00,ZM,73.05500030517578,73.05500030517578,73.06999969482422,73.05500030517578,73.05999755859375,2423.0
2024-10-25 11:37:00+00:00,ZS,186.32000732421875,186.32000732421875,186.32000732421875,186.32000732421875,186.32000732421875,589.0
2024-10-25 11:38:00+00:00,AAOI,18.143999099731445,18.143999099731445,18.190000534057617,18.110000610351562,18.190000534057617,23194.0
2024-10-25 11:38:00+00:00,AAPL,231.98019409179688,231.98019409179688,232.0399932861328,231.93179321289062,232.00999450683594,45769.0
2024-10-25 11:38:00+00:00,ACLS,90.33000183105469,90.33000183105469,90.33000183105469,90.33000183105469,90.33000183105469,186.0
2024-10-25 11:38:00+00:00,ACMR,19.83989906311035,19.83989906311035,19.83989906311035,19.809999465942383,19.809999465942383,605.0
2024-10-25 11:38:00+00:00,ADBE,484.1400146484375,484.1400146484375,484.20001220703125,484.0,484.20001220703125,2368.0
2024-10-25 11:38:00+00:00,ADI,233.44500732421875,233.44500732421875,233.5399932861328,233.44000244140625,233.44000244140625,1621.0
2024-10-25 11:38:00+00:00,ADSK,287.04998779296875,287.04998779296875,287.0799865722656,286.9750061035156,287.0799865722656,3893.0
2024-10-25 11:38:00+00:00,AEHR,16.920000076293945,16.920000076293945,16.920000076293945,16.875,16.875,7129.0
2024-10-25 11:38:00+00:00,AFRM,41.770301818847656,41.770301818847656,41.91699981689453,41.770301818847656,41.90999984741211,7890.0
2024-10-25 11:38:00+00:00,AKAM,103.17500305175781,103.17500305175781,103.17500305175781,103.17500305175781,103.17500305175781,325.0
2024-10-25 11:38:00+00:00,AKTS,0.05770000070333481,0.05770000070333481,0.05770000070333481,0.0575999990105629,0.0575999990105629,61302.0
2024-10-25 11:38:00+00:00,ALGM,22.729999542236328,22.729999542236328,22.760000228881836,22.700000762939453,22.75,7972.0
2024-10-25 11:38:00+00:00,ALRM,54.709999084472656,54.709999084472656,54.709999084472656,54.709999084472656,54.709999084472656,987.0
2024-10-25 11:38:00+00:00,ALTR,104.08000183105469,104.08000183105469,104.08000183105469,104.08000183105469,104.08000183105469,528.0
2024-10-25 11:38:00+00:00,AMAT,188.00579833984375,188.00579833984375,188.00579833984375,187.7906951904297,187.8800048828125,3391.0
2024-10-25 11:38:00+00:00,AMD,157.4600067138672,157.4600067138672,157.5399932861328,157.3101043701172,157.5399932861328,51147.0
2024-10-25 11:38:00+00:00,AMKR,30.100000381469727,30.100000381469727,30.100000381469727,30.06999969482422,30.07200050354004,3644.0
2024-10-25 11:38:00+00:00,AMPL,9.225000381469727,9.225000381469727,9.239999771118164,9.225000381469727,9.239999771118164,1938.0
2024-10-25 11:38:00+00:00,ANSS,325.9800109863281,325.9800109863281,325.9800109863281,325.9599914550781,325.9599914550781,519.0
2024-10-25 11:38:00+00:00,AOSL,36.755001068115234,36.755001068115234,36.755001068115234,36.65999984741211,36.65999984741211,1160.0
2024-10-25 11:38:00+00:00,API,2.8499999046325684,2.8499999046325684,2.8499999046325684,2.8499999046325684,2.8499999046325684,622.0
2024-10-25 11:38:00+00:00,APP,161.9199981689453,161.9199981689453,161.9499969482422,161.69000244140625,161.72999572753906,5835.0
2024-10-25 11:38:00+00:00,APPF,214.8300018310547,214.8300018310547,214.8300018310547,214.8300018310547,214.8300018310547,516.0
2024-10-25 11:38:00+00:00,APPS,3.0899999141693115,3.0899999141693115,3.0899999141693115,3.0899999141693115,3.0899999141693115,672.0
2024-10-25 11:38:00+00:00,ARRY,6.420000076293945,6.420000076293945,6.425000190734863,6.409999847412109,6.425000190734863,16867.0
2024-10-25 11:38:00+00:00,ASML,717.2750244140625,717.2750244140625,717.4000244140625,717.0084838867188,717.3499755859375,3378.0
2024-10-25 11:38:00+00:00,AUR,6.489999771118164,6.489999771118164,6.499899864196777,6.489999771118164,6.499899864196777,6368.0
2024-10-25 11:38:00+00:00,AVDX,8.180000305175781,8.180000305175781,8.180000305175781,8.175000190734863,8.180000305175781,477.0
2024-10-25 11:38:00+00:00,AVGO,176.1699981689453,176.1699981689453,176.2100067138672,176.07009887695312,176.19000244140625,17522.0
2024-10-25 11:38:00+00:00,AVNW,20.81999969482422,20.81999969482422,20.81999969482422,20.81999969482422,20.81999969482422,0.0
2024-10-25 11:38:00+00:00,AXTI,2.674999952316284,2.674999952316284,2.674999952316284,2.674999952316284,2.674999952316284,336.0
2024-10-25 11:38:00+00:00,BASE,16.420000076293945,16.420000076293945,16.420000076293945,16.420000076293945,16.420000076293945,964.0
2024-10-25 11:38:00+00:00,BMBL,7.264999866485596,7.264999866485596,7.264999866485596,7.264999866485596,7.264999866485596,266.0
2024-10-25 11:38:00+00:00,CAMT,78.20999908447266,78.20999908447266,78.22000122070312,78.20999908447266,78.22000122070312,856.0
2024-10-25 11:38:00+00:00,CCSI,20.760000228881836,20.760000228881836,20.760000228881836,20.760000228881836,20.760000228881836,171.0
2024-10-25 11:38:00+00:00,CDNS,259.0400085449219,259.0400085449219,259.0400085449219,258.8299865722656,258.9700012207031,3726.0
2024-10-25 11:38:00+00:00,CDW,218.30999755859375,218.30999755859375,218.32000732421875,218.19000244140625,218.19000244140625,1959.0
2024-10-25 11:38:00+00:00,CETX,0.2955999970436096,0.2955999970436096,0.2957000136375427,0.2955999970436096,0.2957000136375427,478.0
2024-10-25 11:38:00+00:00,CFLT,22.719999313354492,22.719999313354492,22.719999313354492,22.700000762939453,22.709999084472656,1962.0
2024-10-25 11:38:00+00:00,CGNX,39.0099983215332,39.0099983215332,39.02000045776367,39.0099983215332,39.02000045776367,736.0
2024-10-25 11:38:00+00:00,CLBT,18.170000076293945,18.170000076293945,18.170000076293945,18.170000076293945,18.170000076293945,575.0
2024-10-25 11:38:00+00:00,CLSK,12.15999984741211,12.15999984741211,12.15999984741211,12.130000114440918,12.15999984741211,94052.0
2024-10-25 11:38:00+00:00,CNDT,3.6500000953674316,3.6500000953674316,3.6549999713897705,3.6500000953674316,3.6549999713897705,3875.0
2024-10-25 11:38:00+00:00,CNXC,44.75,44.75,44.75,44.75,44.75,604.0
2024-10-25 11:38:00+00:00,COHR,95.32949829101562,95.32949829101562,95.32949829101562,95.13999938964844,95.18000030517578,6294.0
2024-10-25 11:38:00+00:00,COHU,26.25,26.25,26.2549991607666,26.25,26.2549991607666,528.0
2024-10-25 11:38:00+00:00,COIN,212.00999450683594,212.00999450683594,212.02000427246094,211.62159729003906,212.02000427246094,10561.0
2024-10-25 11:38:00+00:00,COMM,6.375,6.375,6.375,6.375,6.375,435.0
2024-10-25 11:38:00+00:00,CORZ,13.380000114440918,13.380000114440918,13.380000114440918,13.359999656677246,13.369999885559082,11077.0
2024-10-25 11:38:00+00:00,CRCT,6.570000171661377,6.570000171661377,6.570000171661377,6.570000171661377,6.570000171661377,213.0
2024-10-25 11:38:00+00:00,CRDO,39.900001525878906,39.900001525878906,39.900001525878906,39.88999938964844,39.88999938964844,409.0
2024-10-25 11:38:00+00:00,CREX,4.364999771118164,4.364999771118164,4.364999771118164,4.364999771118164,4.364999771118164,200.0
2024-10-25 11:38:00+00:00,CRWD,308.53009033203125,308.53009033203125,308.768310546875,308.53009033203125,308.6600036621094,5699.0
2024-10-25 11:38:00+00:00,CSCO,55.974998474121094,55.974998474121094,56.0,55.94499969482422,55.98500061035156,52554.0
2024-10-25 11:38:00+00:00,CSIQ,13.630599975585938,13.630599975585938,13.640000343322754,13.630000114440918,13.640000343322754,2301.0
2024-10-25 11:38:00+00:00,CTLP,8.954999923706055,8.954999923706055,8.954999923706055,8.954999923706055,8.954999923706055,1588.0
2024-10-25 11:38:00+00:00,CTSH,74.66999816894531,74.66999816894531,74.66999816894531,74.66000366210938,74.66000366210938,2290.0
2024-10-25 11:38:00+00:00,CVLT,134.21499633789062,134.21499633789062,134.21749877929688,134.21499633789062,134.21749877929688,215.0
2024-10-25 11:38:00+00:00,DBX,25.96500015258789,25.96500015258789,25.96500015258789,25.96500015258789,25.96500015258789,468.0
2024-10-25 11:38:00+00:00,DDOG,127.26000213623047,127.26000213623047,127.26000213623047,127.19999694824219,127.19999694824219,2055.0
2024-10-25 11:38:00+00:00,DLO,8.845000267028809,8.845000267028809,8.845000267028809,8.845000267028809,8.845000267028809,1027.0
2024-10-25 11:38:00+00:00,DOCU,70.12000274658203,70.12000274658203,70.18499755859375,70.12000274658203,70.18499755859375,7978.0
2024-10-25 11:38:00+00:00,DOMO,7.974999904632568,7.974999904632568,7.974999904632568,7.974999904632568,7.974999904632568,159.0
2024-10-25 11:38:00+00:00,DUOL,288.4512023925781,288.4512023925781,288.4512023925781,287.9599914550781,288.0,684.0
2024-10-25 11:38:00+00:00,EEFT,100.43000030517578,100.43000030517578,100.43000030517578,100.43000030517578,100.43000030517578,521.0
2024-10-25 11:38:00+00:00,EMKR,2.109999895095825,2.109999895095825,2.109999895095825,2.109999895095825,2.109999895095825,1502.0
2024-10-25 11:38:00+00:00,ENPH,83.30000305175781,83.30000305175781,83.45999908447266,83.23999786376953,83.45999908447266,11120.0
2024-10-25 11:38:00+00:00,ENTG,105.58000183105469,105.58000183105469,105.58000183105469,105.58000183105469,105.58000183105469,2354.0
2024-10-25 11:38:00+00:00,ERIC,8.48009967803955,8.48009967803955,8.48009967803955,8.48009967803955,8.48009967803955,1237.0
2024-10-25 11:38:00+00:00,EXLS,38.90999984741211,38.90999984741211,38.90999984741211,38.84000015258789,38.84000015258789,1960.0
2024-10-25 11:38:00+00:00,FFIV,216.5749969482422,216.5749969482422,216.5749969482422,216.5749969482422,216.5749969482422,768.0
2024-10-25 11:38:00+00:00,FIVN,30.434999465942383,30.434999465942383,30.434999465942383,30.420000076293945,30.43000030517578,608.0
2024-10-25 11:38:00+00:00,FLEX,35.2400016784668,35.2400016784668,35.2400016784668,35.2400016784668,35.2400016784668,489.0
2024-10-25 11:38:00+00:00,FLYW,17.490800857543945,17.490800857543945,17.5,17.490800857543945,17.5,1472.0
2024-10-25 11:38:00+00:00,FORM,45.185001373291016,45.185001373291016,45.185001373291016,45.185001373291016,45.185001373291016,273.0
2024-10-25 11:38:00+00:00,FROG,29.344999313354492,29.344999313354492,29.344999313354492,29.344999313354492,29.344999313354492,512.0
2024-10-25 11:38:00+00:00,FRSH,11.680000305175781,11.680000305175781,11.684700012207031,11.680000305175781,11.680000305175781,1557.0
2024-10-25 11:38:00+00:00,FSLR,199.77499389648438,199.77499389648438,199.7899932861328,199.69009399414062,199.7899932861328,2884.0
2024-10-25 11:38:00+00:00,FTCI,0.6899999976158142,0.6899999976158142,0.6899999976158142,0.6899999976158142,0.6899999976158142,4733.0
2024-10-25 11:38:00+00:00,FTFT,0.3239000141620636,0.3239000141620636,0.3239000141620636,0.3239000141620636,0.3239000141620636,223.0
2024-10-25 11:38:00+00:00,FTNT,81.23500061035156,81.23500061035156,81.27999877929688,81.23500061035156,81.26499938964844,4057.0
2024-10-25 11:38:00+00:00,GCT,25.010000228881836,25.010000228881836,25.010000228881836,24.90999984741211,24.950000762939453,4337.0
2024-10-25 11:38:00+00:00,GDS,21.649999618530273,21.649999618530273,21.652599334716797,21.649999618530273,21.652599334716797,715.0
2024-10-25 11:38:00+00:00,GFS,41.369998931884766,41.369998931884766,41.369998931884766,41.36000061035156,41.36000061035156,703.0
2024-10-25 11:38:00+00:00,GILT,4.929999828338623,4.929999828338623,4.929999828338623,4.929999828338623,4.929999828338623,400.0
2024-10-25 11:38:00+00:00,GRAB,4.085000038146973,4.085000038146973,4.090000152587891,4.079999923706055,4.085000038146973,18619.0
2024-10-25 11:38:00+00:00,GRRR,4.514999866485596,4.514999866485596,4.514999866485596,4.514999866485596,4.514999866485596,250.0
2024-10-25 11:38:00+00:00,HCP,33.689998626708984,33.689998626708984,33.689998626708984,33.689998626708984,33.689998626708984,257.0
2024-10-25 11:38:00+00:00,HLIT,14.774999618530273,14.774999618530273,14.774999618530273,14.774999618530273,14.774999618530273,390.0
2024-10-25 11:38:00+00:00,HOLO,3.640000104904175,3.640000104904175,3.640000104904175,3.619999885559082,3.630000114440918,5065.0
2024-10-25 11:38:00+00:00,HOOD,27.420000076293945,27.420000076293945,27.420000076293945,27.395000457763672,27.40999984741211,22135.0
2024-10-25 11:38:00+00:00,HTCR,1.0800000429153442,1.0800000429153442,1.0800000429153442,1.0800000429153442,1.0800000429153442,0.0
2024-10-25 11:38:00+00:00,IBEX,18.149999618530273,18.149999618530273,18.149999618530273,18.149999618530273,18.149999618530273,2918.0
2024-10-25 11:38:00+00:00,IMMR,8.75,8.75,8.770000457763672,8.75,8.770000457763672,2285.0
2024-10-25 11:38:00+00:00,IMXI,17.668500900268555,17.668500900268555,17.668500900268555,17.668500900268555,17.668500900268555,297.0
2024-10-25 11:38:00+00:00,INDI,3.589900016784668,3.589900016784668,3.589900016784668,3.5799999237060547,3.5799999237060547,449.0
2024-10-25 11:38:00+00:00,INFN,6.789999961853027,6.789999961853027,6.789999961853027,6.789999961853027,6.789999961853027,200.0
2024-10-25 11:38:00+00:00,INOD,19.88800048828125,19.88800048828125,19.88800048828125,19.88800048828125,19.88800048828125,353.0
2024-10-25 11:38:00+00:00,INSG,19.972999572753906,19.972999572753906,19.972999572753906,19.972999572753906,19.972999572753906,226.0
2024-10-25 11:38:00+00:00,INTA,49.880001068115234,49.880001068115234,49.8849983215332,49.880001068115234,49.8849983215332,750.0
2024-10-25 11:38:00+00:00,INTC,23.125,23.125,23.139999389648438,23.110000610351562,23.1299991607666,47671.0
2024-10-25 11:38:00+00:00,INTU,609.9650268554688,609.9650268554688,609.9949951171875,609.9650268554688,609.9949951171875,1075.0
2024-10-25 11:38:00+00:00,JG,7.21999979019165,7.21999979019165,7.21999979019165,7.21999979019165,7.21999979019165,413.0
2024-10-25 11:38:00+00:00,JKHY,183.49000549316406,183.49000549316406,183.49000549316406,183.4550018310547,183.4550018310547,831.0
2024-10-25 11:38:00+00:00,KC,2.7200000286102295,2.7200000286102295,2.7200000286102295,2.7200000286102295,2.7200000286102295,733.0
2024-10-25 11:38:00+00:00,KLAC,679.919921875,679.919921875,679.919921875,679.919921875,679.919921875,331.0
2024-10-25 11:38:00+00:00,LASR,10.460000038146973,10.460000038146973,10.460000038146973,10.460000038146973,10.460000038146973,1275.0
2024-10-25 11:38:00+00:00,LINK,4.644999980926514,4.644999980926514,4.700399875640869,4.644999980926514,4.700399875640869,600.0
2024-10-25 11:38:00+00:00,LITE,64.19499969482422,64.19499969482422,64.20999908447266,64.11499786376953,64.15019989013672,6491.0
2024-10-25 11:38:00+00:00,LOGI,81.05000305175781,81.05000305175781,81.05000305175781,81.04000091552734,81.04000091552734,829.0
2024-10-25 11:38:00+00:00,LPSN,1.1750999689102173,1.1750999689102173,1.1750999689102173,1.1750999689102173,1.1750999689102173,20197.0
2024-10-25 11:38:00+00:00,LRCX,78.91940307617188,78.91940307617188,78.91999816894531,78.79000091552734,78.80000305175781,21569.0
2024-10-25 11:38:00+00:00,LSCC,54.2599983215332,54.2599983215332,54.2599983215332,54.220001220703125,54.220001220703125,1590.0
2024-10-25 11:38:00+00:00,LTRX,4.03000020980835,4.03000020980835,4.03000020980835,4.03000020980835,4.03000020980835,482.0
2024-10-25 11:38:00+00:00,LYFT,13.78499984741211,13.78499984741211,13.78499984741211,13.779999732971191,13.78499984741211,10538.0
2024-10-25 11:38:00+00:00,MANH,275.2799987792969,275.2799987792969,275.2799987792969,275.2799987792969,275.2799987792969,598.0
2024-10-25 11:38:00+00:00,MAPS,0.8399999737739563,0.8399999737739563,0.8399999737739563,0.8399999737739563,0.8399999737739563,200.0
2024-10-25 11:38:00+00:00,MCHP,77.12000274658203,77.12000274658203,77.12000274658203,77.08000183105469,77.0999984741211,5099.0
2024-10-25 11:38:00+00:00,MDB,266.6499938964844,266.6499938964844,266.6499938964844,266.6499938964844,266.6499938964844,179.0
2024-10-25 11:38:00+00:00,MINM,0.6800000071525574,0.6800000071525574,0.6800000071525574,0.6800000071525574,0.6800000071525574,170.0
2024-10-25 11:38:00+00:00,MITK,8.779999732971191,8.779999732971191,8.78499984741211,8.779999732971191,8.78499984741211,981.0
2024-10-25 11:38:00+00:00,MKSI,100.55999755859375,100.55999755859375,100.56999969482422,100.5,100.54000091552734,3785.0
2024-10-25 11:38:00+00:00,MNDY,300.2099914550781,300.2099914550781,300.2749938964844,299.7550048828125,300.2749938964844,3871.0
2024-10-25 11:38:00+00:00,MPWR,914.8242797851562,914.8242797851562,914.8242797851562,914.8242797851562,914.8242797851562,651.0
2024-10-25 11:38:00+00:00,MRVL,82.9000015258789,82.9000015258789,82.9000015258789,82.81999969482422,82.86000061035156,5291.0
2024-10-25 11:38:00+00:00,MSFT,430.6000061035156,430.6000061035156,430.80999755859375,430.6000061035156,430.80999755859375,15269.0
2024-10-25 11:38:00+00:00,MSTR,243.72000122070312,243.72000122070312,243.7899932861328,243.0399932861328,243.61500549316406,16805.0
2024-10-25 11:38:00+00:00,MTC,0.3700000047683716,0.3700000047683716,0.3700000047683716,0.3700000047683716,0.3700000047683716,284.0
2024-10-25 11:38:00+00:00,MU,109.16000366210938,109.16000366210938,109.19999694824219,109.08499908447266,109.12000274658203,10821.0
2024-10-25 11:38:00+00:00,MVIS,1.100000023841858,1.100000023841858,1.100000023841858,1.100000023841858,1.100000023841858,300.0
2024-10-25 11:38:00+00:00,MXL,14.979999542236328,14.979999542236328,14.989999771118164,14.970000267028809,14.970000267028809,1302.0
2024-10-25 11:38:00+00:00,NCNO,37.96500015258789,37.96500015258789,37.96500015258789,37.96500015258789,37.96500015258789,223.0
2024-10-25 11:38:00+00:00,NICE,176.52000427246094,176.52000427246094,176.52000427246094,176.46499633789062,176.46499633789062,2767.0
2024-10-25 11:38:00+00:00,NNDM,2.3259999752044678,2.3259999752044678,2.3259999752044678,2.3201000690460205,2.3201000690460205,1243.0
2024-10-25 11:38:00+00:00,NTNX,62.28499984741211,62.28499984741211,62.29999923706055,62.27000045776367,62.27000045776367,835.0
2024-10-25 11:38:00+00:00,NVDA,143.5800018310547,143.5800018310547,143.60400390625,143.47000122070312,143.60400390625,563370.0
2024-10-25 11:38:00+00:00,NVEI,33.51499938964844,33.51499938964844,33.52000045776367,33.51499938964844,33.52000045776367,1046.0
2024-10-25 11:38:00+00:00,NVMI,184.22000122070312,184.22000122070312,184.22000122070312,184.22000122070312,184.22000122070312,306.0
2024-10-25 11:38:00+00:00,NVTS,2.5801000595092773,2.5801000595092773,2.5899999141693115,2.5799999237060547,2.5899999141693115,6547.0
2024-10-25 11:38:00+00:00,NXPI,244.50999450683594,244.50999450683594,244.50999450683594,244.24000549316406,244.4600067138672,7766.0
2024-10-25 11:38:00+00:00,OKTA,72.58000183105469,72.58000183105469,72.58000183105469,72.58000183105469,72.58000183105469,308.0
2024-10-25 11:38:00+00:00,ON,71.87999725341797,71.87999725341797,71.87999725341797,71.79000091552734,71.87000274658203,10194.0
2024-10-25 11:38:00+00:00,OSIS,136.8800048828125,136.8800048828125,137.0399932861328,136.63999938964844,136.7899932861328,8264.0
2024-10-25 11:38:00+00:00,OSPN,14.625,14.625,14.625,14.625,14.625,356.0
2024-10-25 11:38:00+00:00,PANW,369.2950134277344,369.2950134277344,369.6600036621094,369.1600036621094,369.6600036621094,5565.0
2024-10-25 11:38:00+00:00,PDFS,29.460100173950195,29.460100173950195,29.460100173950195,29.460100173950195,29.460100173950195,374.0
2024-10-25 11:38:00+00:00,PEGA,80.46499633789062,80.46499633789062,80.56999969482422,80.46499633789062,80.56999969482422,1432.0
2024-10-25 11:38:00+00:00,PEGY,4.690000057220459,4.690000057220459,4.690000057220459,4.679999828338623,4.679999828338623,2961.0
2024-10-25 11:38:00+00:00,PGY,11.8149995803833,11.8149995803833,11.8149995803833,11.8149995803833,11.8149995803833,200.0
2024-10-25 11:38:00+00:00,PHUN,10.164999961853027,10.164999961853027,10.329899787902832,10.101099967956543,10.130999565124512,293451.0
2024-10-25 11:38:00+00:00,PI,204.32989501953125,204.32989501953125,204.32989501953125,204.32989501953125,204.32989501953125,1051.0
2024-10-25 11:38:00+00:00,POET,3.9630000591278076,3.9630000591278076,3.9630000591278076,3.9630000591278076,3.9630000591278076,186.0
2024-10-25 11:38:00+00:00,PTC,186.47000122070312,186.47000122070312,186.6199951171875,186.47000122070312,186.6199951171875,3106.0
2024-10-25 11:38:00+00:00,PUBM,14.944999694824219,14.944999694824219,14.944999694824219,14.944999694824219,14.944999694824219,405.0
2024-10-25 11:38:00+00:00,PYCR,14.359999656677246,14.359999656677246,14.359999656677246,14.359999656677246,14.359999656677246,171.0
2024-10-25 11:38:00+00:00,QCOM,172.61000061035156,172.61000061035156,172.6199951171875,172.52999877929688,172.5937042236328,7104.0
2024-10-25 11:38:00+00:00,QLYS,120.56749725341797,120.56749725341797,120.56749725341797,120.56749725341797,120.56749725341797,1005.0
2024-10-25 11:38:00+00:00,QRVO,100.08999633789062,100.08999633789062,100.08999633789062,100.08999633789062,100.08999633789062,462.0
2024-10-25 11:38:00+00:00,QUBT,1.0591000318527222,1.0591000318527222,1.059999942779541,1.0499999523162842,1.0599000453948975,12708.0
2024-10-25 11:38:00+00:00,RCAT,2.755000114440918,2.755000114440918,2.765000104904175,2.75,2.755000114440918,8260.0
2024-10-25 11:38:00+00:00,REFR,2.190000057220459,2.190000057220459,2.190000057220459,2.190000057220459,2.190000057220459,2120.0
2024-10-25 11:38:00+00:00,REKR,1.0950000286102295,1.0950000286102295,1.0950000286102295,1.0950000286102295,1.0950000286102295,711.0
2024-10-25 11:38:00+00:00,RELY,14.739999771118164,14.739999771118164,14.75,14.739999771118164,14.75,850.0
2024-10-25 11:38:00+00:00,RGTI,1.2515000104904175,1.2515000104904175,1.2599999904632568,1.25,1.2549999952316284,4152.0
2024-10-25 11:38:00+00:00,RIOT,10.12600040435791,10.12600040435791,10.130000114440918,10.104999542236328,10.119999885559082,31668.0
2024-10-25 11:38:00+00:00,RMBS,43.15999984741211,43.15999984741211,43.16999816894531,43.15999984741211,43.16999816894531,6267.0
2024-10-25 11:38:00+00:00,RMNI,1.7300000190734863,1.7300000190734863,1.7300000190734863,1.7300000190734863,1.7300000190734863,133.0
2024-10-25 11:38:00+00:00,RUM,5.765999794006348,5.765999794006348,5.775000095367432,5.765999794006348,5.775000095367432,4713.0
2024-10-25 11:38:00+00:00,RUN,14.479999542236328,14.479999542236328,14.489999771118164,14.470000267028809,14.489999771118164,11073.0
2024-10-25 11:38:00+00:00,SATS,25.276899337768555,25.276899337768555,25.276899337768555,25.276899337768555,25.276899337768555,430.0
2024-10-25 11:38:00+00:00,SEDG,16.010000228881836,16.010000228881836,16.049999237060547,16.010000228881836,16.049999237060547,7303.0
2024-10-25 11:38:00+00:00,SHLS,5.284999847412109,5.284999847412109,5.284999847412109,5.281199932098389,5.284999847412109,1062.0
2024-10-25 11:38:00+00:00,SLNH,4.1697998046875,4.1697998046875,4.1697998046875,4.150000095367432,4.150000095367432,474.0
2024-10-25 11:38:00+00:00,SLNHP,13.0,13.0,13.050000190734863,13.0,13.050000190734863,2479.0
2024-10-25 11:38:00+00:00,SMCI,47.68000030517578,47.68000030517578,47.70000076293945,47.630001068115234,47.68000030517578,69637.0
2024-10-25 11:38:00+00:00,SNPS,502.82501220703125,502.82501220703125,502.82501220703125,502.82501220703125,502.82501220703125,166.0
2024-10-25 11:38:00+00:00,SOUN,5.297900199890137,5.297900199890137,5.315000057220459,5.29010009765625,5.311600208282471,43798.0
2024-10-25 11:38:00+00:00,SOUNW,1.8899999856948853,1.8899999856948853,1.909999966621399,1.8899999856948853,1.909999966621399,12552.0
2024-10-25 11:38:00+00:00,SPNS,36.599998474121094,36.599998474121094,36.599998474121094,36.599998474121094,36.599998474121094,220.0
2024-10-25 11:38:00+00:00,SRAD,12.345000267028809,12.345000267028809,12.345000267028809,12.345000267028809,12.345000267028809,207.0
2024-10-25 11:38:00+00:00,SSNC,69.67250061035156,69.67250061035156,69.69999694824219,69.5999984741211,69.61000061035156,10590.0
2024-10-25 11:38:00+00:00,SSYS,7.149899959564209,7.149899959564209,7.149899959564209,7.149899959564209,7.149899959564209,1900.0
2024-10-25 11:38:00+00:00,STNE,11.475000381469727,11.475000381469727,11.479999542236328,11.475000381469727,11.479999542236328,6013.0
2024-10-25 11:38:00+00:00,STX,104.30500030517578,104.30500030517578,104.30500030517578,104.30500030517578,104.30500030517578,744.0
2024-10-25 11:38:00+00:00,SVRE,0.08299999684095383,0.08299999684095383,0.08299999684095383,0.08299999684095383,0.08299999684095383,30069.0
2024-10-25 11:38:00+00:00,SWKS,96.33999633789062,96.33999633789062,96.33999633789062,96.27999877929688,96.29000091552734,2318.0
2024-10-25 11:38:00+00:00,TAOP,0.47200000286102295,0.47200000286102295,0.47200000286102295,0.47200000286102295,0.47200000286102295,0.0
2024-10-25 11:38:00+00:00,TEAM,189.74000549316406,189.74000549316406,189.85000610351562,189.7100067138672,189.85000610351562,3836.0
2024-10-25 11:38:00+00:00,TENB,41.54999923706055,41.54999923706055,41.54999923706055,41.54999923706055,41.54999923706055,134.0
2024-10-25 11:38:00+00:00,TER,113.11900329589844,113.11900329589844,113.11900329589844,112.95999908447266,112.95999908447266,4828.0
2024-10-25 11:38:00+00:00,TLS,3.6700000762939453,3.6700000762939453,3.6700000762939453,3.6700000762939453,3.6700000762939453,2087.0
2024-10-25 11:38:00+00:00,TRMB,60.97999954223633,60.97999954223633,60.97999954223633,60.97999954223633,60.97999954223633,434.0
2024-10-25 11:38:00+00:00,TSEM,44.88999938964844,44.88999938964844,44.88999938964844,44.849998474121094,44.849998474121094,433.0
2024-10-25 11:38:00+00:00,TTMI,19.670000076293945,19.670000076293945,19.670000076293945,19.670000076293945,19.670000076293945,1156.0
2024-10-25 11:38:00+00:00,TWKS,4.449999809265137,4.449999809265137,4.457499980926514,4.449999809265137,4.449999809265137,1178.0
2024-10-25 11:38:00+00:00,TXN,208.7100067138672,208.7100067138672,208.75999450683594,208.61000061035156,208.61000061035156,10708.0
2024-10-25 11:38:00+00:00,VECO,29.6299991607666,29.6299991607666,29.6299991607666,29.59000015258789,29.59000015258789,1228.0
2024-10-25 11:38:00+00:00,VERX,42.209999084472656,42.209999084472656,42.209999084472656,42.209999084472656,42.209999084472656,795.0
2024-10-25 11:38:00+00:00,VIAV,9.1899995803833,9.1899995803833,9.1899995803833,9.1899995803833,9.1899995803833,695.0
2024-10-25 11:38:00+00:00,VMEO,4.75,4.75,4.760000228881836,4.75,4.755000114440918,609.0
2024-10-25 11:38:00+00:00,VNET,3.4700000286102295,3.4700000286102295,3.4700000286102295,3.4700000286102295,3.4700000286102295,0.0
2024-10-25 11:38:00+00:00,VRNS,56.724998474121094,56.724998474121094,56.7400016784668,56.709999084472656,56.739898681640625,1602.0
2024-10-25 11:38:00+00:00,VSAT,10.350000381469727,10.350000381469727,10.350000381469727,10.329899787902832,10.329899787902832,3425.0
2024-10-25 11:38:00+00:00,VUZI,1.3250000476837158,1.3250000476837158,1.3250000476837158,1.3250000476837158,1.3250000476837158,800.0
2024-10-25 11:38:00+00:00,WDAY,240.0,240.0,240.0,240.0,240.0,359.0
2024-10-25 11:38:00+00:00,WDC,71.58499908447266,71.58499908447266,71.5999984741211,71.45999908447266,71.49500274658203,16202.0
2024-10-25 11:38:00+00:00,WISA,1.8300000429153442,1.8300000429153442,1.8300000429153442,1.8300000429153442,1.8300000429153442,523.0
2024-10-25 11:38:00+00:00,ZI,10.539999961853027,10.539999961853027,10.539999961853027,10.53499984741211,10.53499984741211,3540.0
2024-10-25 11:38:00+00:00,ZM,73.11000061035156,73.11000061035156,73.11499786376953,73.05999755859375,73.08499908447266,7190.0
2024-10-25 11:38:00+00:00,ZS,186.26429748535156,186.26429748535156,186.26429748535156,186.05999755859375,186.05999755859375,934.0
2024-10-25 11:39:00+00:00,AAOI,18.110000610351562,18.110000610351562,18.155000686645508,18.110000610351562,18.142499923706055,4794.0
2024-10-25 11:39:00+00:00,AAPL,231.99000549316406,231.99000549316406,232.0,231.91000366210938,231.97999572753906,60028.0
2024-10-25 11:39:00+00:00,ACIW,48.88999938964844,48.88999938964844,48.88999938964844,48.87820053100586,48.87820053100586,525.0
2024-10-25 11:39:00+00:00,ACLS,90.36000061035156,90.36000061035156,90.36000061035156,90.36000061035156,90.36000061035156,250.0
2024-10-25 11:39:00+00:00,ACMR,19.827999114990234,19.827999114990234,19.827999114990234,19.81999969482422,19.81999969482422,378.0
2024-10-25 11:39:00+00:00,ADBE,483.95001220703125,483.95001220703125,483.989990234375,483.6600036621094,483.8599853515625,5932.0
2024-10-25 11:39:00+00:00,ADI,233.2821044921875,233.2821044921875,233.52999877929688,233.2821044921875,233.49000549316406,1383.0
2024-10-25 11:39:00+00:00,ADSK,286.6700134277344,286.6700134277344,286.9200134277344,286.6700134277344,286.9200134277344,1694.0
2024-10-25 11:39:00+00:00,ADTN,6.369999885559082,6.369999885559082,6.369999885559082,6.369999885559082,6.369999885559082,716.0
2024-10-25 11:39:00+00:00,AEHR,16.90999984741211,16.90999984741211,16.931900024414062,16.8799991607666,16.90999984741211,3163.0
2024-10-25 11:39:00+00:00,AEYE,23.017099380493164,23.017099380493164,23.017099380493164,23.017099380493164,23.017099380493164,875.0
2024-10-25 11:39:00+00:00,AFRM,41.79999923706055,41.79999923706055,41.82979965209961,41.75,41.790000915527344,9905.0
2024-10-25 11:39:00+00:00,AKAM,103.19750213623047,103.19750213623047,103.19750213623047,103.19750213623047,103.19750213623047,803.0
2024-10-25 11:39:00+00:00,AKTS,0.05770000070333481,0.05770000070333481,0.05770000070333481,0.0575999990105629,0.0575999990105629,9922.0
2024-10-25 11:39:00+00:00,ALGM,22.719999313354492,22.719999313354492,22.739999771118164,22.719999313354492,22.725000381469727,2936.0
2024-10-25 11:39:00+00:00,ALKT,38.061500549316406,38.061500549316406,38.1150016784668,38.061500549316406,38.1150016784668,914.0
2024-10-25 11:39:00+00:00,ALRM,54.709999084472656,54.709999084472656,54.709999084472656,54.685001373291016,54.685001373291016,771.0
2024-10-25 11:39:00+00:00,ALTR,103.9749984741211,103.9749984741211,103.9749984741211,103.9749984741211,103.9749984741211,490.0
2024-10-25 11:39:00+00:00,AMAT,187.77000427246094,187.77000427246094,187.89999389648438,187.77000427246094,187.89999389648438,5821.0
2024-10-25 11:39:00+00:00,AMBA,58.40999984741211,58.40999984741211,58.40999984741211,58.40999984741211,58.40999984741211,416.0
2024-10-25 11:39:00+00:00,AMD,157.41650390625,157.41650390625,157.4499969482422,157.360107421875,157.4499969482422,19488.0
2024-10-25 11:39:00+00:00,AMKR,30.06999969482422,30.06999969482422,30.09000015258789,30.06999969482422,30.09000015258789,1958.0
2024-10-25 11:39:00+00:00,API,2.8450000286102295,2.8450000286102295,2.8499999046325684,2.8450000286102295,2.8499999046325684,951.0
2024-10-25 11:39:00+00:00,APP,161.8350067138672,161.8350067138672,161.9199981689453,161.7899932861328,161.88499450683594,5355.0
2024-10-25 11:39:00+00:00,APPF,214.6199951171875,214.6199951171875,214.80499267578125,214.61000061035156,214.80499267578125,2725.0
2024-10-25 11:39:00+00:00,APPN,32.15999984741211,32.15999984741211,32.15999984741211,32.15999984741211,32.15999984741211,320.0
2024-10-25 11:39:00+00:00,APPS,3.0899999141693115,3.0899999141693115,3.0899999141693115,3.0899999141693115,3.0899999141693115,452.0
2024-10-25 11:39:00+00:00,ARRY,6.445000171661377,6.445000171661377,6.449999809265137,6.420000076293945,6.425000190734863,47954.0
2024-10-25 11:39:00+00:00,ASML,716.3599853515625,716.3599853515625,717.030029296875,716.3599853515625,717.030029296875,5645.0
2024-10-25 11:39:00+00:00,ASUR,9.725000381469727,9.725000381469727,9.725000381469727,9.725000381469727,9.725000381469727,145.0
2024-10-25 11:39:00+00:00,AUR,6.480000019073486,6.480000019073486,6.480000019073486,6.474999904632568,6.480000019073486,6896.0
2024-10-25 11:39:00+00:00,AVDX,8.164999961853027,8.164999961853027,8.170000076293945,8.164999961853027,8.170000076293945,3033.0
2024-10-25 11:39:00+00:00,AVGO,176.0601043701172,176.0601043701172,176.1300048828125,175.97999572753906,176.1300048828125,22861.0
2024-10-25 11:39:00+00:00,AVPT,12.010000228881836,12.010000228881836,12.010000228881836,12.010000228881836,12.010000228881836,1282.0
2024-10-25 11:39:00+00:00,AVT,54.225399017333984,54.225399017333984,54.225399017333984,54.220001220703125,54.220001220703125,1450.0
2024-10-25 11:39:00+00:00,BAND,17.75,17.75,17.75,17.75,17.75,1260.0
2024-10-25 11:39:00+00:00,BIGC,5.300600051879883,5.300600051879883,5.304999828338623,5.295000076293945,5.300000190734863,8945.0
2024-10-25 11:39:00+00:00,BL,56.27239990234375,56.27239990234375,56.27239990234375,56.27239990234375,56.27239990234375,460.0
2024-10-25 11:39:00+00:00,BLZE,7.25,7.25,7.25,7.210000038146973,7.210000038146973,2714.0
2024-10-25 11:39:00+00:00,BMBL,7.264999866485596,7.264999866485596,7.264999866485596,7.264999866485596,7.264999866485596,3735.0
2024-10-25 11:39:00+00:00,BSY,49.1150016784668,49.1150016784668,49.1150016784668,49.1150016784668,49.1150016784668,459.0
2024-10-25 11:39:00+00:00,CDNS,259.02740478515625,259.02740478515625,259.0899963378906,258.989990234375,259.0150146484375,1663.0
2024-10-25 11:39:00+00:00,CDW,218.4600067138672,218.4600067138672,218.4600067138672,218.4600067138672,218.4600067138672,1012.0
2024-10-25 11:39:00+00:00,CETX,0.296099990606308,0.296099990606308,0.296099990606308,0.296099990606308,0.296099990606308,10103.0
2024-10-25 11:39:00+00:00,CFLT,22.690000534057617,22.690000534057617,22.709999084472656,22.690000534057617,22.709999084472656,1770.0
2024-10-25 11:39:00+00:00,CLBT,18.170000076293945,18.170000076293945,18.170000076293945,18.15999984741211,18.15999984741211,397.0
2024-10-25 11:39:00+00:00,CLSK,12.09000015258789,12.09000015258789,12.15999984741211,12.079999923706055,12.15999984741211,77465.0
2024-10-25 11:39:00+00:00,CMTL,3.7149999141693115,3.7149999141693115,3.7149999141693115,3.7149999141693115,3.7149999141693115,557.0
2024-10-25 11:39:00+00:00,COHR,95.23999786376953,95.23999786376953,95.28690338134766,95.16000366210938,95.25,13646.0
2024-10-25 11:39:00+00:00,COIN,211.32009887695312,211.32009887695312,212.12989807128906,211.32009887695312,212.12989807128906,6435.0
2024-10-25 11:39:00+00:00,COMM,6.375,6.375,6.375,6.375,6.375,2559.0
2024-10-25 11:39:00+00:00,CORZ,13.369999885559082,13.369999885559082,13.375,13.369999885559082,13.375,1807.0
2024-10-25 11:39:00+00:00,CRCT,6.554999828338623,6.554999828338623,6.570000171661377,6.554999828338623,6.570000171661377,1411.0
2024-10-25 11:39:00+00:00,CRDO,39.959999084472656,39.959999084472656,39.959999084472656,39.89500045776367,39.89500045776367,1342.0
2024-10-25 11:39:00+00:00,CRUS,123.38500213623047,123.38500213623047,123.38500213623047,123.38500213623047,123.38500213623047,145.0
2024-10-25 11:39:00+00:00,CRWD,308.69000244140625,308.69000244140625,308.7250061035156,308.5799865722656,308.7250061035156,2846.0
2024-10-25 11:39:00+00:00,CSCO,55.96500015258789,55.96500015258789,55.97999954223633,55.959999084472656,55.970298767089844,40931.0
2024-10-25 11:39:00+00:00,CSIQ,13.609999656677246,13.609999656677246,13.630000114440918,13.600000381469727,13.630000114440918,4042.0
2024-10-25 11:39:00+00:00,CTSH,74.66999816894531,74.66999816894531,74.66999816894531,74.6500015258789,74.66000366210938,2815.0
2024-10-25 11:39:00+00:00,CVLT,134.22500610351562,134.22500610351562,134.3000030517578,134.22500610351562,134.3000030517578,879.0
2024-10-25 11:39:00+00:00,DAKT,13.130000114440918,13.130000114440918,13.140000343322754,13.130000114440918,13.140000343322754,837.0
2024-10-25 11:39:00+00:00,DBX,25.940000534057617,25.940000534057617,25.959999084472656,25.934999465942383,25.959999084472656,6658.0
2024-10-25 11:39:00+00:00,DDOG,127.31999969482422,127.31999969482422,127.31999969482422,127.19249725341797,127.25499725341797,17150.0
2024-10-25 11:39:00+00:00,DGHI,1.5099999904632568,1.5099999904632568,1.5099999904632568,1.5099999904632568,1.5099999904632568,383.0
2024-10-25 11:39:00+00:00,DLO,8.845000267028809,8.845000267028809,8.850000381469727,8.845000267028809,8.850000381469727,414.0
2024-10-25 11:39:00+00:00,DOCU,70.12000274658203,70.12000274658203,70.12000274658203,70.08000183105469,70.12000274658203,4405.0
2024-10-25 11:39:00+00:00,DOX,89.6050033569336,89.6050033569336,89.6050033569336,89.6050033569336,89.6050033569336,136.0
2024-10-25 11:39:00+00:00,DZSI,0.800000011920929,0.800000011920929,0.800000011920929,0.800000011920929,0.800000011920929,2200.0
2024-10-25 11:39:00+00:00,ENPH,83.3499984741211,83.3499984741211,83.3499984741211,83.25,83.25,12648.0
2024-10-25 11:39:00+00:00,ERIC,8.484999656677246,8.484999656677246,8.484999656677246,8.479999542236328,8.479999542236328,7405.0
2024-10-25 11:39:00+00:00,EXTR,14.430000305175781,14.430000305175781,14.4350004196167,14.430000305175781,14.4350004196167,2023.0
2024-10-25 11:39:00+00:00,FFIV,216.60000610351562,216.60000610351562,216.60000610351562,216.60000610351562,216.60000610351562,295.0
2024-10-25 11:39:00+00:00,FIVN,30.399999618530273,30.399999618530273,30.399999618530273,30.399999618530273,30.399999618530273,214.0
2024-10-25 11:39:00+00:00,FLEX,35.2400016784668,35.2400016784668,35.2400016784668,35.23500061035156,35.23500061035156,1135.0
2024-10-25 11:39:00+00:00,FLYW,17.510000228881836,17.510000228881836,17.510000228881836,17.5,17.5,1930.0
2024-10-25 11:39:00+00:00,FROG,29.344999313354492,29.344999313354492,29.347999572753906,29.344999313354492,29.347999572753906,645.0
2024-10-25 11:39:00+00:00,FRSH,11.65999984741211,11.65999984741211,11.680000305175781,11.65999984741211,11.680000305175781,9566.0
2024-10-25 11:39:00+00:00,FSLR,199.72000122070312,199.72000122070312,199.72000122070312,199.49000549316406,199.67999267578125,9175.0
2024-10-25 11:39:00+00:00,FTNT,81.2300033569336,81.2300033569336,81.2300033569336,81.19999694824219,81.2300033569336,6902.0
2024-10-25 11:39:00+00:00,GCT,24.899999618530273,24.899999618530273,25.03499984741211,24.829999923706055,25.03499984741211,12954.0
2024-10-25 11:39:00+00:00,GDS,21.63629913330078,21.63629913330078,21.645000457763672,21.63599967956543,21.645000457763672,1292.0
2024-10-25 11:39:00+00:00,GDYN,15.630000114440918,15.630000114440918,15.640000343322754,15.630000114440918,15.640000343322754,1317.0
2024-10-25 11:39:00+00:00,GFS,41.380001068115234,41.380001068115234,41.380001068115234,41.36000061035156,41.380001068115234,2954.0
2024-10-25 11:39:00+00:00,GPRO,1.3350000381469727,1.3350000381469727,1.3350000381469727,1.3350000381469727,1.3350000381469727,930.0
2024-10-25 11:39:00+00:00,GRAB,4.085000038146973,4.085000038146973,4.090000152587891,4.085000038146973,4.085000038146973,18023.0
2024-10-25 11:39:00+00:00,GTLB,55.70000076293945,55.70000076293945,55.70000076293945,55.599998474121094,55.599998474121094,7508.0
2024-10-25 11:39:00+00:00,HCP,33.69499969482422,33.69499969482422,33.69499969482422,33.689998626708984,33.69499969482422,1400.0
2024-10-25 11:39:00+00:00,HEAR,16.510000228881836,16.510000228881836,16.510000228881836,16.510000228881836,16.510000228881836,239.0
2024-10-25 11:39:00+00:00,HIMX,6.210000038146973,6.210000038146973,6.210000038146973,6.210000038146973,6.210000038146973,1103.0
2024-10-25 11:39:00+00:00,HLIT,14.774999618530273,14.774999618530273,14.774999618530273,14.774999618530273,14.774999618530273,402.0
2024-10-25 11:39:00+00:00,HOLO,3.639899969100952,3.639899969100952,3.639899969100952,3.634999990463257,3.636699914932251,1943.0
2024-10-25 11:39:00+00:00,HOOD,27.399999618530273,27.399999618530273,27.415000915527344,27.389999389648438,27.40999984741211,16233.0
2024-10-25 11:39:00+00:00,ICHR,27.760000228881836,27.760000228881836,27.760000228881836,27.760000228881836,27.760000228881836,122.0
2024-10-25 11:39:00+00:00,IMMR,8.738200187683105,8.738200187683105,8.738200187683105,8.738200187683105,8.738200187683105,115.0
2024-10-25 11:39:00+00:00,IMXI,17.670000076293945,17.670000076293945,17.670000076293945,17.670000076293945,17.670000076293945,136.0
2024-10-25 11:39:00+00:00,INDI,3.575000047683716,3.575000047683716,3.5850000381469727,3.575000047683716,3.5804998874664307,6731.0
2024-10-25 11:39:00+00:00,INOD,19.8799991607666,19.8799991607666,19.8799991607666,19.8799991607666,19.8799991607666,1435.0
2024-10-25 11:39:00+00:00,INTC,23.1299991607666,23.1299991607666,23.135000228881836,23.114999771118164,23.120100021362305,80790.0
2024-10-25 11:39:00+00:00,JKHY,183.63999938964844,183.63999938964844,183.63999938964844,183.4949951171875,183.4949951171875,1269.0
2024-10-25 11:39:00+00:00,KC,2.7200000286102295,2.7200000286102295,2.7200000286102295,2.7200000286102295,2.7200000286102295,712.0
2024-10-25 11:39:00+00:00,KLAC,679.4500122070312,679.4500122070312,679.4500122070312,679.4500122070312,679.4500122070312,646.0
2024-10-25 11:39:00+00:00,KOSS,7.420000076293945,7.420000076293945,7.420000076293945,7.420000076293945,7.420000076293945,1479.0
2024-10-25 11:39:00+00:00,LINK,4.650000095367432,4.650000095367432,4.702499866485596,4.630000114440918,4.630000114440918,989.0
2024-10-25 11:39:00+00:00,LITE,64.2300033569336,64.2300033569336,64.26000213623047,64.22000122070312,64.22000122070312,660.0
2024-10-25 11:39:00+00:00,LRCX,78.86519622802734,78.86519622802734,78.88999938964844,78.81500244140625,78.88999938964844,16358.0
2024-10-25 11:39:00+00:00,LSCC,54.2400016784668,54.2400016784668,54.2400016784668,54.2400016784668,54.2400016784668,695.0
2024-10-25 11:39:00+00:00,LYFT,13.78499984741211,13.78499984741211,13.78499984741211,13.774800300598145,13.779999732971191,8494.0
2024-10-25 11:39:00+00:00,LYTS,16.263999938964844,16.263999938964844,16.263999938964844,16.263999938964844,16.263999938964844,713.0
2024-10-25 11:39:00+00:00,MAPS,0.8399999737739563,0.8399999737739563,0.8399999737739563,0.8399999737739563,0.8399999737739563,20557.0
2024-10-25 11:39:00+00:00,MCHP,77.08999633789062,77.08999633789062,77.11000061035156,77.08999633789062,77.11000061035156,2136.0
2024-10-25 11:39:00+00:00,MDB,266.5199890136719,266.5199890136719,266.5199890136719,266.5199890136719,266.5199890136719,816.0
2024-10-25 11:39:00+00:00,MITK,8.779999732971191,8.779999732971191,8.779999732971191,8.770000457763672,8.779999732971191,764.0
2024-10-25 11:39:00+00:00,MKSI,100.51000213623047,100.51000213623047,100.56999969482422,100.51000213623047,100.56999969482422,514.0
2024-10-25 11:39:00+00:00,MNDY,300.19000244140625,300.19000244140625,300.19000244140625,300.19000244140625,300.19000244140625,2044.0
2024-10-25 11:39:00+00:00,MPWR,914.9450073242188,914.9450073242188,914.9450073242188,914.9450073242188,914.9450073242188,353.0
2024-10-25 11:39:00+00:00,MQ,5.276000022888184,5.276000022888184,5.28000020980835,5.269999980926514,5.28000020980835,5381.0
2024-10-25 11:39:00+00:00,MRVL,82.8499984741211,82.8499984741211,82.88999938964844,82.8499984741211,82.88999938964844,3885.0
2024-10-25 11:39:00+00:00,MSFT,430.5950012207031,430.5950012207031,430.64990234375,430.3999938964844,430.64990234375,21697.0
2024-10-25 11:39:00+00:00,MSTR,242.9600067138672,242.9600067138672,243.72410583496094,242.74000549316406,243.72410583496094,40253.0
2024-10-25 11:39:00+00:00,MTC,0.3714999854564667,0.3714999854564667,0.37310001254081726,0.36500000953674316,0.3716000020503998,24613.0
2024-10-25 11:39:00+00:00,MTLS,5.96999979019165,5.96999979019165,5.96999979019165,5.958000183105469,5.9679999351501465,2004.0
2024-10-25 11:39:00+00:00,MU,109.13999938964844,109.13999938964844,109.15989685058594,109.0999984741211,109.13999938964844,19200.0
2024-10-25 11:39:00+00:00,MVIS,1.0950000286102295,1.0950000286102295,1.100000023841858,1.0950000286102295,1.100000023841858,200.0
2024-10-25 11:39:00+00:00,MXL,14.930000305175781,14.930000305175781,14.989999771118164,14.930000305175781,14.989999771118164,2794.0
2024-10-25 11:39:00+00:00,MYNA,1.1758999824523926,1.1758999824523926,1.1758999824523926,1.1758999824523926,1.1758999824523926,358.0
2024-10-25 11:39:00+00:00,NCNO,37.959999084472656,37.959999084472656,37.96500015258789,37.939998626708984,37.96500015258789,2118.0
2024-10-25 11:39:00+00:00,NNDM,2.319999933242798,2.319999933242798,2.3203001022338867,2.319999933242798,2.3203001022338867,1586.0
2024-10-25 11:39:00+00:00,NOVT,172.86000061035156,172.86000061035156,172.86000061035156,172.86000061035156,172.86000061035156,1229.0
2024-10-25 11:39:00+00:00,NTGR,20.415000915527344,20.415000915527344,20.415000915527344,20.415000915527344,20.415000915527344,1109.0
2024-10-25 11:39:00+00:00,NTNX,62.22999954223633,62.22999954223633,62.279998779296875,62.2239990234375,62.279998779296875,3383.0
2024-10-25 11:39:00+00:00,NVDA,143.45399475097656,143.45399475097656,143.57760620117188,143.4250030517578,143.57000732421875,376094.0
2024-10-25 11:39:00+00:00,NVEI,33.52000045776367,33.52000045776367,33.52000045776367,33.51499938964844,33.51499938964844,2100.0
2024-10-25 11:39:00+00:00,NVTS,2.5859999656677246,2.5859999656677246,2.5859999656677246,2.5840001106262207,2.5850000381469727,401.0
2024-10-25 11:39:00+00:00,NXPI,244.30999755859375,244.30999755859375,244.3800048828125,244.30999755859375,244.3800048828125,1595.0
2024-10-25 11:39:00+00:00,OKTA,72.55000305175781,72.55000305175781,72.56999969482422,72.52999877929688,72.5624008178711,8793.0
2024-10-25 11:39:00+00:00,ON,71.83999633789062,71.83999633789062,71.83999633789062,71.79499816894531,71.81999969482422,9827.0
2024-10-25 11:39:00+00:00,OSIS,136.53500366210938,136.53500366210938,136.61000061035156,136.39999389648438,136.5800018310547,3584.0
2024-10-25 11:39:00+00:00,PANW,369.2025146484375,369.2025146484375,369.2025146484375,369.2025146484375,369.2025146484375,608.0
2024-10-25 11:39:00+00:00,PDFS,29.459999084472656,29.459999084472656,29.459999084472656,29.459999084472656,29.459999084472656,190.0
2024-10-25 11:39:00+00:00,PEGY,4.635200023651123,4.635200023651123,4.708899974822998,4.635200023651123,4.675000190734863,3265.0
2024-10-25 11:39:00+00:00,PGY,11.78499984741211,11.78499984741211,11.800000190734863,11.770000457763672,11.800000190734863,1831.0
2024-10-25 11:39:00+00:00,PHUN,10.116700172424316,10.116700172424316,10.170000076293945,10.050000190734863,10.164999961853027,173009.0
2024-10-25 11:39:00+00:00,PI,203.9774932861328,203.9774932861328,203.9774932861328,203.9774932861328,203.9774932861328,417.0
2024-10-25 11:39:00+00:00,POET,3.969599962234497,3.969599962234497,3.969599962234497,3.969599962234497,3.969599962234497,500.0
2024-10-25 11:39:00+00:00,POWI,63.73500061035156,63.73500061035156,63.73500061035156,63.73500061035156,63.73500061035156,415.0
2024-10-25 11:39:00+00:00,PTC,186.22000122070312,186.22000122070312,186.42999267578125,186.22000122070312,186.42999267578125,970.0
2024-10-25 11:39:00+00:00,PUBM,14.960000038146973,14.960000038146973,14.960000038146973,14.944999694824219,14.944999694824219,519.0
2024-10-25 11:39:00+00:00,PYCR,14.359999656677246,14.359999656677246,14.359999656677246,14.359999656677246,14.359999656677246,205.0
2024-10-25 11:39:00+00:00,QCOM,172.5,172.5,172.57000732421875,172.47999572753906,172.52999877929688,5579.0
2024-10-25 11:39:00+00:00,QMCO,5.28000020980835,5.28000020980835,5.28000020980835,5.28000020980835,5.28000020980835,1437.0
2024-10-25 11:39:00+00:00,QRVO,100.12000274658203,100.12000274658203,100.12000274658203,100.12000274658203,100.12000274658203,572.0
2024-10-25 11:39:00+00:00,QUIK,8.630000114440918,8.630000114440918,8.630000114440918,8.630000114440918,8.630000114440918,280.0
2024-10-25 11:39:00+00:00,RCAT,2.755000114440918,2.755000114440918,2.755000114440918,2.755000114440918,2.755000114440918,920.0
2024-10-25 11:39:00+00:00,RELY,14.739999771118164,14.739999771118164,14.739999771118164,14.739999771118164,14.739999771118164,1007.0
2024-10-25 11:39:00+00:00,RGTI,1.2497999668121338,1.2497999668121338,1.250100016593933,1.2400000095367432,1.25,20188.0
2024-10-25 11:39:00+00:00,RIOT,10.100000381469727,10.100000381469727,10.125,10.085000038146973,10.120599746704102,36044.0
2024-10-25 11:39:00+00:00,RMBS,43.18000030517578,43.18000030517578,43.18000030517578,43.13999938964844,43.15999984741211,1720.0
2024-10-25 11:39:00+00:00,RPAY,7.610000133514404,7.610000133514404,7.610000133514404,7.610000133514404,7.610000133514404,985.0
2024-10-25 11:39:00+00:00,RUM,5.790299892425537,5.790299892425537,5.790299892425537,5.7600998878479,5.7600998878479,10182.0
2024-10-25 11:39:00+00:00,RUN,14.479999542236328,14.479999542236328,14.479999542236328,14.470000267028809,14.479999542236328,4026.0
2024-10-25 11:39:00+00:00,RXT,2.549999952316284,2.549999952316284,2.549999952316284,2.549999952316284,2.549999952316284,578.0
2024-10-25 11:39:00+00:00,SATS,25.280000686645508,25.280000686645508,25.280000686645508,25.280000686645508,25.280000686645508,216.0
2024-10-25 11:39:00+00:00,SCSC,45.07500076293945,45.07500076293945,45.07500076293945,45.07500076293945,45.07500076293945,1360.0
2024-10-25 11:39:00+00:00,SCWX,8.385000228881836,8.385000228881836,8.385000228881836,8.380000114440918,8.380000114440918,7111.0
2024-10-25 11:39:00+00:00,SEDG,15.989999771118164,15.989999771118164,16.010000228881836,15.970000267028809,16.0,9929.0
2024-10-25 11:39:00+00:00,SHLS,5.309999942779541,5.309999942779541,5.309999942779541,5.28000020980835,5.288000106811523,32502.0
2024-10-25 11:39:00+00:00,SKYT,10.654999732971191,10.654999732971191,10.65999984741211,10.654999732971191,10.65999984741211,1236.0
2024-10-25 11:39:00+00:00,SMCI,47.59000015258789,47.59000015258789,47.65999984741211,47.560001373291016,47.65999984741211,107982.0
2024-10-25 11:39:00+00:00,SMTC,45.474998474121094,45.474998474121094,45.474998474121094,45.474998474121094,45.474998474121094,384.0
2024-10-25 11:39:00+00:00,SNCR,10.770000457763672,10.770000457763672,10.770000457763672,10.770000457763672,10.770000457763672,336.0
2024-10-25 11:39:00+00:00,SNPS,502.7749938964844,502.7749938964844,502.8299865722656,502.7749938964844,502.8299865722656,794.0
2024-10-25 11:39:00+00:00,SONO,12.835000038146973,12.835000038146973,12.835000038146973,12.835000038146973,12.835000038146973,576.0
2024-10-25 11:39:00+00:00,SOUN,5.295000076293945,5.295000076293945,5.300000190734863,5.29010009765625,5.29010009765625,64370.0
2024-10-25 11:39:00+00:00,SRAD,12.345000267028809,12.345000267028809,12.345000267028809,12.345000267028809,12.345000267028809,119.0
2024-10-25 11:39:00+00:00,SSNC,69.66999816894531,69.66999816894531,69.69000244140625,69.66000366210938,69.67500305175781,6489.0
2024-10-25 11:39:00+00:00,SSYS,7.14109992980957,7.14109992980957,7.14109992980957,7.14109992980957,7.14109992980957,0.0
2024-10-25 11:39:00+00:00,STNE,11.475000381469727,11.475000381469727,11.477899551391602,11.475000381469727,11.477899551391602,1049.0
2024-10-25 11:39:00+00:00,STX,104.31500244140625,104.31500244140625,104.36000061035156,104.30500030517578,104.30500030517578,1353.0
2024-10-25 11:39:00+00:00,SVRE,0.08299999684095383,0.08299999684095383,0.08299999684095383,0.08299999684095383,0.08299999684095383,2369.0
2024-10-25 11:39:00+00:00,SWKS,96.32499694824219,96.32499694824219,96.33999633789062,96.32499694824219,96.33999633789062,1303.0
2024-10-25 11:39:00+00:00,TASK,11.944999694824219,11.944999694824219,11.949999809265137,11.9399995803833,11.9399995803833,1433.0
2024-10-25 11:39:00+00:00,TEAM,189.7050018310547,189.7050018310547,189.7050018310547,189.66000366210938,189.66000366210938,1587.0
2024-10-25 11:39:00+00:00,TENB,41.560001373291016,41.560001373291016,41.560001373291016,41.52000045776367,41.52000045776367,9106.0
2024-10-25 11:39:00+00:00,TER,112.92500305175781,112.92500305175781,113.0,112.92500305175781,113.0,2880.0
2024-10-25 11:39:00+00:00,TGL,0.6798999905586243,0.6798999905586243,0.6798999905586243,0.6798999905586243,0.6798999905586243,2894.0
2024-10-25 11:39:00+00:00,TRMB,60.9900016784668,60.9900016784668,60.9900016784668,60.9900016784668,60.9900016784668,368.0
2024-10-25 11:39:00+00:00,TTD,119.52999877929688,119.52999877929688,119.55000305175781,119.51000213623047,119.55000305175781,1819.0
2024-10-25 11:39:00+00:00,TWKS,4.449999809265137,4.449999809265137,4.457499980926514,4.449999809265137,4.457499980926514,10209.0
2024-10-25 11:39:00+00:00,TXN,208.72000122070312,208.72000122070312,208.72500610351562,208.6199951171875,208.72500610351562,21459.0
2024-10-25 11:39:00+00:00,UCTT,36.0,36.0,36.0,35.99829864501953,35.99829864501953,466.0
2024-10-25 11:39:00+00:00,VECO,29.610000610351562,29.610000610351562,29.610000610351562,29.610000610351562,29.610000610351562,242.0
2024-10-25 11:39:00+00:00,VMEO,4.760000228881836,4.760000228881836,4.760000228881836,4.760000228881836,4.760000228881836,255.0
2024-10-25 11:39:00+00:00,VNET,3.4700000286102295,3.4700000286102295,3.4700000286102295,3.4700000286102295,3.4700000286102295,137.0
2024-10-25 11:39:00+00:00,VRNS,56.689998626708984,56.689998626708984,56.724998474121094,56.689998626708984,56.724998474121094,1639.0
2024-10-25 11:39:00+00:00,VSAT,10.35200023651123,10.35200023651123,10.35200023651123,10.350000381469727,10.350000381469727,2561.0
2024-10-25 11:39:00+00:00,VUZI,1.3250000476837158,1.3250000476837158,1.3250000476837158,1.3250000476837158,1.3250000476837158,800.0
2024-10-25 11:39:00+00:00,WDAY,240.0,240.0,240.0,240.0,240.0,640.0
2024-10-25 11:39:00+00:00,WDC,71.76000213623047,71.76000213623047,71.77999877929688,71.58999633789062,71.5999984741211,13306.0
2024-10-25 11:39:00+00:00,WISA,1.8300000429153442,1.8300000429153442,1.8300000429153442,1.8250000476837158,1.8250000476837158,300.0
2024-10-25 11:39:00+00:00,WRAP,1.8387999534606934,1.8387999534606934,1.8387999534606934,1.8387999534606934,1.8387999534606934,14299.0
2024-10-25 11:39:00+00:00,XRX,10.109999656677246,10.109999656677246,10.119999885559082,10.109999656677246,10.119999885559082,802.0
2024-10-25 11:39:00+00:00,ZI,10.539999961853027,10.539999961853027,10.539999961853027,10.531800270080566,10.539999961853027,7445.0
2024-10-25 11:39:00+00:00,ZM,73.07499694824219,73.07499694824219,73.08999633789062,73.07499694824219,73.08999633789062,1730.0
2024-10-25 11:40:00+00:00,AAOI,18.139999389648438,18.139999389648438,18.190000534057617,18.110000610351562,18.110000610351562,5014.0
2024-10-25 11:40:00+00:00,AAPL,232.0449981689453,232.0449981689453,232.08999633789062,231.97999572753906,232.00999450683594,73264.0
2024-10-25 11:40:00+00:00,ACLS,90.25,90.25,90.30000305175781,90.25,90.30000305175781,1454.0
2024-10-25 11:40:00+00:00,ACMR,19.809999465942383,19.809999465942383,19.809999465942383,19.809999465942383,19.809999465942383,773.0
2024-10-25 11:40:00+00:00,ADBE,483.5899963378906,483.5899963378906,484.0,483.5899963378906,483.9700012207031,5697.0
2024-10-25 11:40:00+00:00,ADI,233.35000610351562,233.35000610351562,233.52999877929688,233.35000610351562,233.375,3371.0
2024-10-25 11:40:00+00:00,ADSK,286.4700012207031,286.4700012207031,286.7699890136719,286.4700012207031,286.7699890136719,2157.0
2024-10-25 11:40:00+00:00,ADTN,6.364999771118164,6.364999771118164,6.369999885559082,6.364999771118164,6.369999885559082,449.0
2024-10-25 11:40:00+00:00,AEHR,16.940000534057617,16.940000534057617,16.959999084472656,16.90999984741211,16.90999984741211,4682.0
2024-10-25 11:40:00+00:00,AFRM,41.763099670410156,41.763099670410156,41.83000183105469,41.763099670410156,41.810001373291016,5569.0
2024-10-25 11:40:00+00:00,AKAM,103.20999908447266,103.20999908447266,103.20999908447266,103.20999908447266,103.20999908447266,1189.0
2024-10-25 11:40:00+00:00,AKTS,0.05770000070333481,0.05770000070333481,0.05770000070333481,0.05770000070333481,0.05770000070333481,59680.0
2024-10-25 11:40:00+00:00,ALGM,22.739999771118164,22.739999771118164,22.760000228881836,22.739999771118164,22.739999771118164,3058.0
2024-10-25 11:40:00+00:00,ALTR,103.87000274658203,103.87000274658203,103.87000274658203,103.87000274658203,103.87000274658203,911.0
2024-10-25 11:40:00+00:00,AMAT,187.80999755859375,187.80999755859375,187.94000244140625,187.77999877929688,187.79600524902344,10637.0
2024-10-25 11:40:00+00:00,AMBA,58.41999816894531,58.41999816894531,58.41999816894531,58.41999816894531,58.41999816894531,333.0
2024-10-25 11:40:00+00:00,AMD,157.49000549316406,157.49000549316406,157.69940185546875,157.4499969482422,157.4600067138672,72181.0
2024-10-25 11:40:00+00:00,AMKR,30.079999923706055,30.079999923706055,30.09000015258789,30.079999923706055,30.09000015258789,1684.0
2024-10-25 11:40:00+00:00,ANY,1.0759999752044678,1.0759999752044678,1.0759999752044678,1.0700000524520874,1.0700000524520874,13195.0
2024-10-25 11:40:00+00:00,APCX,0.7394999861717224,0.7394999861717224,0.7394999861717224,0.7394999861717224,0.7394999861717224,20996.0
2024-10-25 11:40:00+00:00,API,2.8499999046325684,2.8499999046325684,2.8499999046325684,2.8499999046325684,2.8499999046325684,1048.0
2024-10-25 11:40:00+00:00,APP,161.85000610351562,161.85000610351562,161.9199981689453,161.77749633789062,161.82000732421875,3783.0
2024-10-25 11:40:00+00:00,APPF,214.6262969970703,214.6262969970703,214.78500366210938,214.6262969970703,214.77000427246094,1161.0
2024-10-25 11:40:00+00:00,APPN,32.16999816894531,32.16999816894531,32.16999816894531,32.16999816894531,32.16999816894531,130.0
2024-10-25 11:40:00+00:00,APPS,3.0899999141693115,3.0899999141693115,3.0899999141693115,3.0899999141693115,3.0899999141693115,777.0
2024-10-25 11:40:00+00:00,ARRY,6.445000171661377,6.445000171661377,6.449999809265137,6.440000057220459,6.446400165557861,26288.0
2024-10-25 11:40:00+00:00,ASML,717.219970703125,717.219970703125,717.4398803710938,717.0,717.0,3394.0
2024-10-25 11:40:00+00:00,ASNS,1.350000023841858,1.350000023841858,1.350000023841858,1.350000023841858,1.350000023841858,101.0
2024-10-25 11:40:00+00:00,ASTI,2.7298998832702637,2.7298998832702637,2.7298998832702637,2.7298998832702637,2.7298998832702637,1455.0
2024-10-25 11:40:00+00:00,AUR,6.460000038146973,6.460000038146973,6.474999904632568,6.460000038146973,6.474400043487549,16716.0
2024-10-25 11:40:00+00:00,AVDX,8.149999618530273,8.149999618530273,8.15999984741211,8.149999618530273,8.15999984741211,1900.0
2024-10-25 11:40:00+00:00,AVGO,176.1300048828125,176.1300048828125,176.27000427246094,176.0800018310547,176.0800018310547,15786.0
2024-10-25 11:40:00+00:00,AVNW,20.809999465942383,20.809999465942383,20.809999465942383,20.809999465942383,20.809999465942383,1033.0
2024-10-25 11:40:00+00:00,AVPT,12.020000457763672,12.020000457763672,12.020000457763672,12.020000457763672,12.020000457763672,974.0
2024-10-25 11:40:00+00:00,AVT,54.189998626708984,54.189998626708984,54.189998626708984,54.189998626708984,54.189998626708984,963.0
2024-10-25 11:40:00+00:00,BASE,16.420000076293945,16.420000076293945,16.420000076293945,16.420000076293945,16.420000076293945,284.0
2024-10-25 11:40:00+00:00,BIGC,5.300000190734863,5.300000190734863,5.300000190734863,5.295000076293945,5.300000190734863,3328.0
2024-10-25 11:40:00+00:00,BOXL,0.4740000069141388,0.4740000069141388,0.4740000069141388,0.4740000069141388,0.4740000069141388,200.0
2024-10-25 11:40:00+00:00,BSY,49.1150016784668,49.1150016784668,49.1150016784668,49.1150016784668,49.1150016784668,346.0
2024-10-25 11:40:00+00:00,CAMT,78.06300354003906,78.06300354003906,78.06300354003906,78.06300354003906,78.06300354003906,1259.0
2024-10-25 11:40:00+00:00,CCSI,20.690000534057617,20.690000534057617,20.760000228881836,20.690000534057617,20.760000228881836,781.0
2024-10-25 11:40:00+00:00,CDNS,259.04998779296875,259.04998779296875,259.2900085449219,259.04998779296875,259.1300048828125,5506.0
2024-10-25 11:40:00+00:00,CETX,0.29670000076293945,0.29670000076293945,0.29670000076293945,0.29670000076293945,0.29670000076293945,1704.0
2024-10-25 11:40:00+00:00,CFLT,22.68000030517578,22.68000030517578,22.709999084472656,22.68000030517578,22.700000762939453,4099.0
2024-10-25 11:40:00+00:00,CGNX,38.900001525878906,38.900001525878906,39.0099983215332,38.88999938964844,39.0,46218.0
2024-10-25 11:40:00+00:00,CLBT,18.149999618530273,18.149999618530273,18.149999618530273,18.149999618530273,18.149999618530273,233.0
2024-10-25 11:40:00+00:00,CLSK,11.998900413513184,11.998900413513184,12.09000015258789,11.989999771118164,12.088000297546387,122230.0
2024-10-25 11:40:00+00:00,CMTL,3.7149999141693115,3.7149999141693115,3.7149999141693115,3.7149999141693115,3.7149999141693115,1392.0
2024-10-25 11:40:00+00:00,COHR,95.30000305175781,95.30000305175781,95.33000183105469,95.23999786376953,95.23999786376953,7839.0
2024-10-25 11:40:00+00:00,COIN,210.9199981689453,210.9199981689453,211.47000122070312,210.85000610351562,211.42999267578125,21250.0
2024-10-25 11:40:00+00:00,COMM,6.375100135803223,6.375100135803223,6.375100135803223,6.375,6.375,550.0
2024-10-25 11:40:00+00:00,CORZ,13.3149995803833,13.3149995803833,13.399999618530273,13.3149995803833,13.369999885559082,12191.0
2024-10-25 11:40:00+00:00,CRCT,6.554999828338623,6.554999828338623,6.554999828338623,6.554999828338623,6.554999828338623,205.0
2024-10-25 11:40:00+00:00,CRDO,40.01499938964844,40.01499938964844,40.03990173339844,39.959999084472656,39.959999084472656,4240.0
2024-10-25 11:40:00+00:00,CREX,4.340000152587891,4.340000152587891,4.340000152587891,4.340000152587891,4.340000152587891,100.0
2024-10-25 11:40:00+00:00,CRNC,2.9100000858306885,2.9100000858306885,2.9100000858306885,2.9100000858306885,2.9100000858306885,830.0
2024-10-25 11:40:00+00:00,CRSR,6.409999847412109,6.409999847412109,6.409999847412109,6.409999847412109,6.409999847412109,270.0
2024-10-25 11:40:00+00:00,CRUS,123.39250183105469,123.39250183105469,123.43000030517578,123.37000274658203,123.38500213623047,1153.0
2024-10-25 11:40:00+00:00,CRWD,308.4200134277344,308.4200134277344,309.2998962402344,308.4200134277344,308.8599853515625,7051.0
2024-10-25 11:40:00+00:00,CSCO,55.994998931884766,55.994998931884766,56.005699157714844,55.962398529052734,55.96500015258789,38283.0
2024-10-25 11:40:00+00:00,CSIQ,13.640000343322754,13.640000343322754,13.649999618530273,13.619999885559082,13.619999885559082,4580.0
2024-10-25 11:40:00+00:00,CTSH,74.69000244140625,74.69000244140625,74.69000244140625,74.66999816894531,74.66999816894531,2143.0
2024-10-25 11:40:00+00:00,CVLT,134.22000122070312,134.22000122070312,134.22500610351562,134.1300048828125,134.22500610351562,1736.0
2024-10-25 11:40:00+00:00,CYBR,292.760009765625,292.760009765625,292.760009765625,292.760009765625,292.760009765625,816.0
2024-10-25 11:40:00+00:00,DAKT,13.119999885559082,13.119999885559082,13.130000114440918,13.114999771118164,13.130000114440918,1714.0
2024-10-25 11:40:00+00:00,DBX,25.940000534057617,25.940000534057617,25.94499969482422,25.940000534057617,25.94499969482422,2264.0
2024-10-25 11:40:00+00:00,DDOG,127.33000183105469,127.33000183105469,127.4000015258789,127.30999755859375,127.33000183105469,16397.0
2024-10-25 11:40:00+00:00,DLO,8.84000015258789,8.84000015258789,8.845000267028809,8.84000015258789,8.845000267028809,769.0
2024-10-25 11:40:00+00:00,DOCU,70.08000183105469,70.08000183105469,70.12000274658203,70.08000183105469,70.11380004882812,2602.0
2024-10-25 11:40:00+00:00,DOX,89.58999633789062,89.58999633789062,89.58999633789062,89.58999633789062,89.58999633789062,1041.0
2024-10-25 11:40:00+00:00,DTSS,2.450000047683716,2.450000047683716,2.450000047683716,2.450000047683716,2.450000047683716,221.0
2024-10-25 11:40:00+00:00,DUOL,288.2250061035156,288.2250061035156,288.3500061035156,288.2250061035156,288.3500061035156,826.0
2024-10-25 11:40:00+00:00,ENPH,83.36000061035156,83.36000061035156,83.44999694824219,83.30000305175781,83.33309936523438,17990.0
2024-10-25 11:40:00+00:00,ENTG,105.56999969482422,105.56999969482422,105.61499786376953,105.55999755859375,105.61499786376953,2122.0
2024-10-25 11:40:00+00:00,EVCM,10.630000114440918,10.630000114440918,10.630000114440918,10.630000114440918,10.630000114440918,751.0
2024-10-25 11:40:00+00:00,EXFY,1.7050000429153442,1.7050000429153442,1.7050000429153442,1.7050000429153442,1.7050000429153442,414.0
2024-10-25 11:40:00+00:00,EXLS,38.900001525878906,38.900001525878906,38.915000915527344,38.900001525878906,38.904998779296875,2098.0
2024-10-25 11:40:00+00:00,EXTR,14.430000305175781,14.430000305175781,14.430000305175781,14.430000305175781,14.430000305175781,418.0
2024-10-25 11:40:00+00:00,FARO,17.895000457763672,17.895000457763672,17.895000457763672,17.895000457763672,17.895000457763672,496.0
2024-10-25 11:40:00+00:00,FFIV,216.61000061035156,216.61000061035156,216.66000366210938,216.61000061035156,216.66000366210938,569.0
2024-10-25 11:40:00+00:00,FIVN,30.3799991607666,30.3799991607666,30.389999389648438,30.3799991607666,30.389999389648438,1650.0
2024-10-25 11:40:00+00:00,FLEX,35.2599983215332,35.2599983215332,35.2599983215332,35.2400016784668,35.2400016784668,2979.0
2024-10-25 11:40:00+00:00,FORM,45.20000076293945,45.20000076293945,45.20000076293945,45.189998626708984,45.189998626708984,500.0
2024-10-25 11:40:00+00:00,FRSH,11.654999732971191,11.654999732971191,11.664999961853027,11.654999732971191,11.664999961853027,1368.0
2024-10-25 11:40:00+00:00,FSLR,199.8300018310547,199.8300018310547,199.89500427246094,199.8300018310547,199.86000061035156,2527.0
2024-10-25 11:40:00+00:00,FTNT,81.23999786376953,81.23999786376953,81.26000213623047,81.22000122070312,81.2300033569336,8517.0
2024-10-25 11:40:00+00:00,GCT,25.0,25.0,25.010000228881836,24.860000610351562,24.860000610351562,4220.0
2024-10-25 11:40:00+00:00,GDS,21.690000534057617,21.690000534057617,21.690000534057617,21.690000534057617,21.690000534057617,792.0
2024-10-25 11:40:00+00:00,GFS,41.400001525878906,41.400001525878906,41.439998626708984,41.400001525878906,41.400001525878906,2708.0
2024-10-25 11:40:00+00:00,GILT,4.940000057220459,4.940000057220459,4.940000057220459,4.940000057220459,4.940000057220459,335.0
2024-10-25 11:40:00+00:00,GPRO,1.3300000429153442,1.3300000429153442,1.3315999507904053,1.3300000429153442,1.3315999507904053,1017.0
2024-10-25 11:40:00+00:00,GRAB,4.081299781799316,4.081299781799316,4.085000038146973,4.081299781799316,4.085000038146973,8874.0
2024-10-25 11:40:00+00:00,GRRR,4.53000020980835,4.53000020980835,4.53000020980835,4.519999980926514,4.519999980926514,475.0
2024-10-25 11:40:00+00:00,GRRRW,0.06300000101327896,0.06300000101327896,0.06300000101327896,0.06300000101327896,0.06300000101327896,1699.0
2024-10-25 11:40:00+00:00,GSIT,3.4690001010894775,3.4690001010894775,3.4690001010894775,3.440000057220459,3.440000057220459,1200.0
2024-10-25 11:40:00+00:00,GTLB,55.65999984741211,55.65999984741211,55.66999816894531,55.65999984741211,55.66999816894531,899.0
2024-10-25 11:40:00+00:00,HCP,33.689998626708984,33.689998626708984,33.69499969482422,33.689998626708984,33.69499969482422,1227.0
2024-10-25 11:40:00+00:00,HIMX,6.199999809265137,6.199999809265137,6.204999923706055,6.199999809265137,6.204999923706055,1583.0
2024-10-25 11:40:00+00:00,HLIT,14.774999618530273,14.774999618530273,14.774999618530273,14.77340030670166,14.77340030670166,706.0
2024-10-25 11:40:00+00:00,HOLO,3.621000051498413,3.621000051498413,3.63919997215271,3.609999895095825,3.63919997215271,22639.0
2024-10-25 11:40:00+00:00,HOOD,27.325000762939453,27.325000762939453,27.399999618530273,27.31999969482422,27.399999618530273,15288.0
2024-10-25 11:40:00+00:00,IBEX,18.1200008392334,18.1200008392334,18.1200008392334,18.1200008392334,18.1200008392334,153.0
2024-10-25 11:40:00+00:00,IMMR,8.729999542236328,8.729999542236328,8.734999656677246,8.721199989318848,8.73009967803955,1176.0
2024-10-25 11:40:00+00:00,INDI,3.575000047683716,3.575000047683716,3.5799999237060547,3.575000047683716,3.5799999237060547,721.0
2024-10-25 11:40:00+00:00,INOD,19.8799991607666,19.8799991607666,19.8799991607666,19.8799991607666,19.8799991607666,1546.0
2024-10-25 11:40:00+00:00,INTC,23.125,23.125,23.149900436401367,23.1200008392334,23.12019920349121,56513.0
2024-10-25 11:40:00+00:00,INTU,609.6799926757812,609.6799926757812,609.8499755859375,609.6799926757812,609.8499755859375,1774.0
2024-10-25 11:40:00+00:00,IPGP,76.77999877929688,76.77999877929688,76.77999877929688,76.77999877929688,76.77999877929688,303.0
2024-10-25 11:40:00+00:00,JAMF,16.780000686645508,16.780000686645508,16.780000686645508,16.780000686645508,16.780000686645508,966.0
2024-10-25 11:40:00+00:00,JKHY,183.4949951171875,183.4949951171875,183.4949951171875,183.4949951171875,183.4949951171875,671.0
2024-10-25 11:40:00+00:00,KC,2.7149999141693115,2.7149999141693115,2.7249999046325684,2.710099935531616,2.7200000286102295,9198.0
2024-10-25 11:40:00+00:00,KLAC,680.1812744140625,680.1812744140625,680.1812744140625,679.52001953125,679.9199829101562,1414.0
2024-10-25 11:40:00+00:00,LINK,4.690000057220459,4.690000057220459,4.690000057220459,4.690000057220459,4.690000057220459,702.0
2024-10-25 11:40:00+00:00,LITE,64.27999877929688,64.27999877929688,64.27999877929688,64.2300033569336,64.2300033569336,1352.0
2024-10-25 11:40:00+00:00,LOGI,81.0199966430664,81.0199966430664,81.0199966430664,81.0199966430664,81.0199966430664,426.0
2024-10-25 11:40:00+00:00,LPSN,1.1749999523162842,1.1749999523162842,1.1749999523162842,1.1749999523162842,1.1749999523162842,215.0
2024-10-25 11:40:00+00:00,LRCX,78.87999725341797,78.87999725341797,78.93800354003906,78.87000274658203,78.87000274658203,15986.0
2024-10-25 11:40:00+00:00,LSCC,54.25,54.25,54.29499816894531,54.25,54.25,3076.0
2024-10-25 11:40:00+00:00,LYFT,13.78499984741211,13.78499984741211,13.789999961853027,13.78499984741211,13.78499984741211,2618.0
2024-10-25 11:40:00+00:00,MANH,275.0050048828125,275.0050048828125,275.0050048828125,274.82000732421875,274.82000732421875,857.0
2024-10-25 11:40:00+00:00,MAXN,5.78000020980835,5.78000020980835,5.78000020980835,5.759699821472168,5.759699821472168,641.0
2024-10-25 11:40:00+00:00,MCHP,77.05999755859375,77.05999755859375,77.12999725341797,77.05999755859375,77.06999969482422,5037.0
2024-10-25 11:40:00+00:00,MDB,266.4949951171875,266.4949951171875,266.7200012207031,266.4949951171875,266.67999267578125,2277.0
2024-10-25 11:40:00+00:00,MKSI,100.54000091552734,100.54000091552734,100.61250305175781,100.54000091552734,100.58999633789062,4912.0
2024-10-25 11:40:00+00:00,MNDY,299.9599914550781,299.9599914550781,300.1600036621094,299.6300048828125,300.1449890136719,14563.0
2024-10-25 11:40:00+00:00,MPWR,915.8350219726562,915.8350219726562,915.8350219726562,915.7899780273438,915.7899780273438,1860.0
2024-10-25 11:40:00+00:00,MQ,5.264999866485596,5.264999866485596,5.269999980926514,5.264999866485596,5.269999980926514,4539.0
2024-10-25 11:40:00+00:00,MRVL,82.91999816894531,82.91999816894531,82.9800033569336,82.8550033569336,82.8550033569336,16635.0
2024-10-25 11:40:00+00:00,MSFT,430.3999938964844,430.3999938964844,430.760009765625,430.3699951171875,430.6099853515625,20773.0
2024-10-25 11:40:00+00:00,MSTR,241.42999267578125,241.42999267578125,242.7626953125,241.27999877929688,242.75,89053.0
2024-10-25 11:40:00+00:00,MTLS,5.949999809265137,5.949999809265137,5.949999809265137,5.931300163269043,5.931300163269043,2325.0
2024-10-25 11:40:00+00:00,MTSI,119.3949966430664,119.3949966430664,119.55999755859375,119.3949966430664,119.47000122070312,15522.0
2024-10-25 11:40:00+00:00,MU,109.2249984741211,109.2249984741211,109.31990051269531,109.13749694824219,109.13749694824219,24879.0
2024-10-25 11:40:00+00:00,MVIS,1.0950000286102295,1.0950000286102295,1.0950000286102295,1.0950000286102295,1.0950000286102295,310.0
2024-10-25 11:40:00+00:00,MXL,14.9399995803833,14.9399995803833,14.960000038146973,14.9399995803833,14.949999809265137,3439.0
2024-10-25 11:40:00+00:00,NCNO,37.94499969482422,37.94499969482422,37.94499969482422,37.939998626708984,37.939998626708984,418.0
2024-10-25 11:40:00+00:00,NSIT,208.44000244140625,208.44000244140625,208.5500030517578,208.44000244140625,208.5500030517578,1232.0
2024-10-25 11:40:00+00:00,NTAP,119.94000244140625,119.94000244140625,119.97000122070312,119.94000244140625,119.95999908447266,1785.0
2024-10-25 11:40:00+00:00,NTNX,62.220001220703125,62.220001220703125,62.25,62.220001220703125,62.2400016784668,3805.0
2024-10-25 11:40:00+00:00,NVDA,143.52999877929688,143.52999877929688,143.64999389648438,143.44740295410156,143.4550018310547,501917.0
2024-10-25 11:40:00+00:00,NVEI,33.529998779296875,33.529998779296875,33.529998779296875,33.52000045776367,33.52000045776367,4728.0
2024-10-25 11:40:00+00:00,NVMI,184.38499450683594,184.38499450683594,184.38499450683594,184.38499450683594,184.38499450683594,504.0
2024-10-25 11:40:00+00:00,NVTS,2.5850000381469727,2.5850000381469727,2.5850000381469727,2.5799999237060547,2.5799999237060547,1954.0
2024-10-25 11:40:00+00:00,NXPI,244.30999755859375,244.30999755859375,244.6199951171875,244.30999755859375,244.5399932861328,3656.0
2024-10-25 11:40:00+00:00,OKTA,72.58000183105469,72.58000183105469,72.62999725341797,72.54000091552734,72.62999725341797,1107.0
2024-10-25 11:40:00+00:00,ON,71.8949966430664,71.8949966430664,71.9000015258789,71.83000183105469,71.8499984741211,14789.0
2024-10-25 11:40:00+00:00,OSIS,136.88999938964844,136.88999938964844,136.88999938964844,136.4600067138672,136.4600067138672,2877.0
2024-10-25 11:40:00+00:00,OSPN,14.625,14.625,14.625,14.625,14.625,204.0
2024-10-25 11:40:00+00:00,OTEX,33.290000915527344,33.290000915527344,33.29999923706055,33.290000915527344,33.29999923706055,779.0
2024-10-25 11:40:00+00:00,PANW,368.989990234375,368.989990234375,369.45001220703125,368.989990234375,369.2449951171875,3953.0
2024-10-25 11:40:00+00:00,PAYO,8.300000190734863,8.300000190734863,8.300000190734863,8.300000190734863,8.300000190734863,1704.0
2024-10-25 11:40:00+00:00,PAYS,3.7300000190734863,3.7300000190734863,3.7300000190734863,3.7300000190734863,3.7300000190734863,372.0
2024-10-25 11:40:00+00:00,PEGA,80.46499633789062,80.46499633789062,80.46499633789062,80.46499633789062,80.46499633789062,732.0
2024-10-25 11:40:00+00:00,PEGY,4.639999866485596,4.639999866485596,4.739999771118164,4.639999866485596,4.739999771118164,1670.0
2024-10-25 11:40:00+00:00,PGY,11.789999961853027,11.789999961853027,11.800000190734863,11.789999961853027,11.800000190734863,300.0
2024-10-25 11:40:00+00:00,PHUN,9.994999885559082,9.994999885559082,10.119999885559082,9.960000038146973,10.119500160217285,145970.0
2024-10-25 11:40:00+00:00,PI,203.84500122070312,203.84500122070312,204.19000244140625,203.84500122070312,203.99000549316406,3411.0
2024-10-25 11:40:00+00:00,PLXS,142.72000122070312,142.72000122070312,142.72000122070312,142.72000122070312,142.72000122070312,1882.0
2024-10-25 11:40:00+00:00,POET,3.960900068283081,3.960900068283081,3.9700000286102295,3.9600000381469727,3.9600000381469727,881.0
2024-10-25 11:40:00+00:00,PRCH,1.315000057220459,1.315000057220459,1.320099949836731,1.315000057220459,1.3200000524520874,4500.0
2024-10-25 11:40:00+00:00,PRSO,1.7419999837875366,1.7419999837875366,1.7419999837875366,1.7350000143051147,1.7350000143051147,1712.0
2024-10-25 11:40:00+00:00,PUBM,14.930299758911133,14.930299758911133,14.930299758911133,14.930299758911133,14.930299758911133,565.0
2024-10-25 11:40:00+00:00,PYCR,14.354999542236328,14.354999542236328,14.354999542236328,14.354999542236328,14.354999542236328,937.0
2024-10-25 11:40:00+00:00,QCOM,172.6280059814453,172.6280059814453,172.67999267578125,172.49000549316406,172.55999755859375,10829.0
2024-10-25 11:40:00+00:00,QLYS,120.5199966430664,120.5199966430664,120.5199966430664,120.5,120.5,458.0
2024-10-25 11:40:00+00:00,QMCO,5.199999809265137,5.199999809265137,5.210000038146973,5.199999809265137,5.210000038146973,471.0
2024-10-25 11:40:00+00:00,QRVO,100.12000274658203,100.12000274658203,100.20999908447266,100.12000274658203,100.20999908447266,2631.0
2024-10-25 11:40:00+00:00,QUBT,1.0549999475479126,1.0549999475479126,1.059000015258789,1.0499999523162842,1.059000015258789,2720.0
2024-10-25 11:40:00+00:00,RCAT,2.755000114440918,2.755000114440918,2.755000114440918,2.755000114440918,2.755000114440918,705.0
2024-10-25 11:40:00+00:00,REKR,1.0950000286102295,1.0950000286102295,1.0950000286102295,1.090000033378601,1.0950000286102295,32270.0
2024-10-25 11:40:00+00:00,RELY,14.744999885559082,14.744999885559082,14.75,14.720000267028809,14.742600440979004,26067.0
2024-10-25 11:40:00+00:00,RGTI,1.2300000190734863,1.2300000190734863,1.249899983406067,1.2300000190734863,1.2400000095367432,53956.0
2024-10-25 11:40:00+00:00,RIOT,10.0600004196167,10.0600004196167,10.098600387573242,10.0600004196167,10.092100143432617,39245.0
2024-10-25 11:40:00+00:00,RMBS,43.19499969482422,43.19499969482422,43.19499969482422,43.18000030517578,43.18000030517578,2288.0
2024-10-25 11:40:00+00:00,RPD,39.08000183105469,39.08000183105469,39.08000183105469,39.08000183105469,39.08000183105469,596.0
2024-10-25 11:40:00+00:00,RUM,5.784999847412109,5.784999847412109,5.795000076293945,5.784999847412109,5.795000076293945,4063.0
2024-10-25 11:40:00+00:00,RUN,14.489899635314941,14.489899635314941,14.505599975585938,14.489899635314941,14.5,4323.0
2024-10-25 11:40:00+00:00,RXT,2.549999952316284,2.549999952316284,2.549999952316284,2.549999952316284,2.549999952316284,1511.0
2024-10-25 11:40:00+00:00,SANM,67.43000030517578,67.43000030517578,67.43000030517578,67.43000030517578,67.43000030517578,1124.0
2024-10-25 11:40:00+00:00,SCWX,8.380000114440918,8.380000114440918,8.385000228881836,8.380000114440918,8.385000228881836,1775.0
2024-10-25 11:40:00+00:00,SEDG,15.960000038146973,15.960000038146973,16.0,15.960000038146973,16.0,16391.0
2024-10-25 11:40:00+00:00,SHLS,5.304999828338623,5.304999828338623,5.315000057220459,5.300000190734863,5.300000190734863,22966.0
2024-10-25 11:40:00+00:00,SIMO,57.064998626708984,57.064998626708984,57.064998626708984,57.064998626708984,57.064998626708984,389.0
2024-10-25 11:40:00+00:00,SLNH,4.099999904632568,4.099999904632568,4.150000095367432,4.099999904632568,4.150000095367432,837.0
2024-10-25 11:40:00+00:00,SLNHP,12.899999618530273,12.899999618530273,12.899999618530273,12.899999618530273,12.899999618530273,100.0
2024-10-25 11:40:00+00:00,SMCI,47.59000015258789,47.59000015258789,47.630001068115234,47.560001373291016,47.58000183105469,102071.0
2024-10-25 11:40:00+00:00,SMTC,45.470001220703125,45.470001220703125,45.470001220703125,45.470001220703125,45.470001220703125,1574.0
2024-10-25 11:40:00+00:00,SNPS,502.42999267578125,502.42999267578125,502.42999267578125,502.42999267578125,502.42999267578125,320.0
2024-10-25 11:40:00+00:00,SONO,12.835000038146973,12.835000038146973,12.835000038146973,12.835000038146973,12.835000038146973,2373.0
2024-10-25 11:40:00+00:00,SOUN,5.28000020980835,5.28000020980835,5.295000076293945,5.28000020980835,5.295000076293945,470911.0
2024-10-25 11:40:00+00:00,SPSC,174.67999267578125,174.67999267578125,174.67999267578125,174.47999572753906,174.47999572753906,229.0
2024-10-25 11:40:00+00:00,SPT,27.190000534057617,27.190000534057617,27.190000534057617,27.15999984741211,27.15999984741211,812.0
2024-10-25 11:40:00+00:00,SSNC,69.66999816894531,69.66999816894531,69.67500305175781,69.66000366210938,69.67500305175781,4512.0
2024-10-25 11:40:00+00:00,STNE,11.46500015258789,11.46500015258789,11.475000381469727,11.46500015258789,11.475000381469727,3671.0
2024-10-25 11:40:00+00:00,STX,104.27999877929688,104.27999877929688,104.4000015258789,104.27999877929688,104.37999725341797,4126.0
2024-10-25 11:40:00+00:00,SWKS,96.37999725341797,96.37999725341797,96.41999816894531,96.37999725341797,96.41999816894531,1479.0
2024-10-25 11:40:00+00:00,SWVL,3.4200000762939453,3.4200000762939453,3.5,3.4200000762939453,3.5,598.0
2024-10-25 11:40:00+00:00,SWVLW,0.016200000420212746,0.016200000420212746,0.016200000420212746,0.016200000420212746,0.016200000420212746,0.0
2024-10-25 11:40:00+00:00,SYTA,1.2669999599456787,1.2669999599456787,1.2699999809265137,1.2549999952316284,1.2699999809265137,313.0
2024-10-25 11:40:00+00:00,TACT,4.164999961853027,4.164999961853027,4.164999961853027,4.164999961853027,4.164999961853027,763.0
2024-10-25 11:40:00+00:00,TEAM,189.69000244140625,189.69000244140625,189.70750427246094,189.67999267578125,189.7050018310547,1284.0
2024-10-25 11:40:00+00:00,TENB,41.56999969482422,41.56999969482422,41.56999969482422,41.529998779296875,41.529998779296875,1261.0
2024-10-25 11:40:00+00:00,TER,112.9749984741211,112.9749984741211,112.9800033569336,112.92500305175781,112.96920013427734,4029.0
2024-10-25 11:40:00+00:00,TRMB,60.94499969482422,60.94499969482422,60.97999954223633,60.94499969482422,60.97999954223633,1556.0
2024-10-25 11:40:00+00:00,TSAT,13.050000190734863,13.050000190734863,13.229999542236328,13.050000190734863,13.229999542236328,2352.0
2024-10-25 11:40:00+00:00,TTD,119.46859741210938,119.46859741210938,119.5,119.46859741210938,119.5,1074.0
2024-10-25 11:40:00+00:00,TTMI,19.6200008392334,19.6200008392334,19.6200008392334,19.6200008392334,19.6200008392334,377.0
2024-10-25 11:40:00+00:00,TWKS,4.449999809265137,4.449999809265137,4.449999809265137,4.449999809265137,4.449999809265137,1605.0
2024-10-25 11:40:00+00:00,TXN,208.77999877929688,208.77999877929688,208.86000061035156,208.6300048828125,208.6300048828125,7959.0
2024-10-25 11:40:00+00:00,UEIC,8.09000015258789,8.09000015258789,8.09000015258789,8.09000015258789,8.09000015258789,186.0
2024-10-25 11:40:00+00:00,VECO,29.645000457763672,29.645000457763672,29.645000457763672,29.6299991607666,29.6299991607666,669.0
2024-10-25 11:40:00+00:00,VERX,42.18009948730469,42.18009948730469,42.220001220703125,42.18009948730469,42.220001220703125,736.0
2024-10-25 11:40:00+00:00,VIAV,9.1850004196167,9.1850004196167,9.1899995803833,9.1850004196167,9.1899995803833,1563.0
2024-10-25 11:40:00+00:00,VICR,46.790000915527344,46.790000915527344,46.790000915527344,46.790000915527344,46.790000915527344,445.0
2024-10-25 11:40:00+00:00,VMEO,4.760000228881836,4.760000228881836,4.760000228881836,4.760000228881836,4.760000228881836,314.0
2024-10-25 11:40:00+00:00,VNET,3.484999895095825,3.484999895095825,3.484999895095825,3.4800000190734863,3.4800000190734863,3337.0
2024-10-25 11:40:00+00:00,VOXX,7.559999942779541,7.559999942779541,7.639900207519531,7.559999942779541,7.639900207519531,2060.0
2024-10-25 11:40:00+00:00,VRNS,56.599998474121094,56.599998474121094,56.709999084472656,56.599998474121094,56.709999084472656,4097.0
2024-10-25 11:40:00+00:00,VRSN,186.0749969482422,186.0749969482422,186.0749969482422,186.0749969482422,186.0749969482422,764.0
2024-10-25 11:40:00+00:00,VSAT,10.369999885559082,10.369999885559082,10.369999885559082,10.359999656677246,10.359999656677246,1163.0
2024-10-25 11:40:00+00:00,WDAY,240.08999633789062,240.08999633789062,240.1699981689453,239.88999938964844,239.99000549316406,3133.0
2024-10-25 11:40:00+00:00,WDC,71.70179748535156,71.70179748535156,71.83999633789062,71.68000030517578,71.79989624023438,30543.0
2024-10-25 11:40:00+00:00,WISA,1.8300000429153442,1.8300000429153442,1.8300000429153442,1.8250000476837158,1.8250000476837158,400.0
2024-10-25 11:40:00+00:00,WIX,164.72000122070312,164.72000122070312,164.72000122070312,164.55999755859375,164.55999755859375,2405.0
2024-10-25 11:40:00+00:00,XPER,9.460000038146973,9.460000038146973,9.460000038146973,9.460000038146973,9.460000038146973,679.0
2024-10-25 11:40:00+00:00,XRX,10.114999771118164,10.114999771118164,10.114999771118164,10.11400032043457,10.114999771118164,1890.0
2024-10-25 11:40:00+00:00,ZBRA,362.6400146484375,362.6400146484375,362.6400146484375,362.6400146484375,362.6400146484375,885.0
2024-10-25 11:40:00+00:00,ZI,10.515000343322754,10.515000343322754,10.539999961853027,10.515000343322754,10.53499984741211,10119.0
2024-10-25 11:40:00+00:00,ZM,73.01499938964844,73.01499938964844,73.08999633789062,73.01499938964844,73.08999633789062,4774.0
2024-10-25 11:40:00+00:00,ZS,185.8800048828125,185.8800048828125,186.14999389648438,185.8800048828125,186.01499938964844,3108.0
2024-10-25 11:41:00+00:00,AAOI,18.149999618530273,18.149999618530273,18.149999618530273,18.1200008392334,18.1200008392334,2935.0
2024-10-25 11:41:00+00:00,AAPL,231.99000549316406,231.99000549316406,232.10000610351562,231.92999267578125,232.0500030517578,59454.0
2024-10-25 11:41:00+00:00,ACIW,48.86000061035156,48.86000061035156,48.869998931884766,48.86000061035156,48.86000061035156,2088.0
2024-10-25 11:41:00+00:00,ACMR,19.834999084472656,19.834999084472656,19.850000381469727,19.834999084472656,19.834999084472656,957.0
2024-10-25 11:41:00+00:00,ADI,233.3043975830078,233.3043975830078,233.50999450683594,233.3043975830078,233.38999938964844,2880.0
2024-10-25 11:41:00+00:00,ADTN,6.369999885559082,6.369999885559082,6.369999885559082,6.369999885559082,6.369999885559082,1855.0
2024-10-25 11:41:00+00:00,AEHR,16.898000717163086,16.898000717163086,16.915000915527344,16.889999389648438,16.90399932861328,3119.0
2024-10-25 11:41:00+00:00,AFRM,41.70000076293945,41.70000076293945,41.7599983215332,41.69499969482422,41.7599983215332,7103.0
2024-10-25 11:41:00+00:00,AIRG,9.0649995803833,9.0649995803833,9.0649995803833,9.0649995803833,9.0649995803833,1989.0
2024-10-25 11:41:00+00:00,AKAM,103.1500015258789,103.1500015258789,103.1500015258789,103.1500015258789,103.1500015258789,1338.0
2024-10-25 11:41:00+00:00,AKTS,0.05770000070333481,0.05770000070333481,0.05770000070333481,0.05770000070333481,0.05770000070333481,0.0
2024-10-25 11:41:00+00:00,ALGM,22.739999771118164,22.739999771118164,22.739999771118164,22.729999542236328,22.739999771118164,1609.0
2024-10-25 11:41:00+00:00,ALLT,3.450000047683716,3.450000047683716,3.450000047683716,3.450000047683716,3.450000047683716,733.0
2024-10-25 11:41:00+00:00,ALRM,54.67499923706055,54.67499923706055,54.68000030517578,54.65999984741211,54.65999984741211,3899.0
2024-10-25 11:41:00+00:00,AMAT,187.86839294433594,187.86839294433594,188.0399932861328,187.85000610351562,187.92999267578125,6805.0
2024-10-25 11:41:00+00:00,AMD,157.5399932861328,157.5399932861328,157.63999938964844,157.45050048828125,157.49000549316406,51959.0
2024-10-25 11:41:00+00:00,ANSS,325.79998779296875,325.79998779296875,325.79998779296875,325.7799987792969,325.7799987792969,329.0
2024-10-25 11:41:00+00:00,API,2.8499999046325684,2.8499999046325684,2.8499999046325684,2.8499999046325684,2.8499999046325684,2651.0
2024-10-25 11:41:00+00:00,APP,161.76499938964844,161.76499938964844,161.83999633789062,161.6999969482422,161.77000427246094,3493.0
2024-10-25 11:41:00+00:00,APPN,32.15999984741211,32.15999984741211,32.15999984741211,32.15999984741211,32.15999984741211,514.0
2024-10-25 11:41:00+00:00,APPS,3.0850000381469727,3.0850000381469727,3.0850000381469727,3.0850000381469727,3.0850000381469727,8224.0
2024-10-25 11:41:00+00:00,ARRY,6.433499813079834,6.433499813079834,6.440000057220459,6.429999828338623,6.440000057220459,8990.0
2024-10-25 11:41:00+00:00,ASML,717.114990234375,717.114990234375,717.1900024414062,717.0449829101562,717.1900024414062,1512.0
2024-10-25 11:41:00+00:00,ASNS,1.350100040435791,1.350100040435791,1.350100040435791,1.350100040435791,1.350100040435791,442.0
2024-10-25 11:41:00+00:00,ATOM,3.359999895095825,3.359999895095825,3.359999895095825,3.359999895095825,3.359999895095825,110.0
2024-10-25 11:41:00+00:00,AUR,6.460000038146973,6.460000038146973,6.465000152587891,6.455900192260742,6.455900192260742,5223.0
2024-10-25 11:41:00+00:00,AVDX,8.140000343322754,8.140000343322754,8.145000457763672,8.140000343322754,8.145000457763672,1330.0
2024-10-25 11:41:00+00:00,AVGO,176.05499267578125,176.05499267578125,176.22000122070312,175.99000549316406,176.14599609375,20895.0
2024-10-25 11:41:00+00:00,AXTI,2.67930006980896,2.67930006980896,2.67930006980896,2.67930006980896,2.67930006980896,1206.0
2024-10-25 11:41:00+00:00,BIGC,5.304999828338623,5.304999828338623,5.304999828338623,5.300000190734863,5.304999828338623,938.0
2024-10-25 11:41:00+00:00,BL,56.255001068115234,56.255001068115234,56.255001068115234,56.2400016784668,56.2400016784668,629.0
2024-10-25 11:41:00+00:00,BMBL,7.25,7.25,7.260000228881836,7.25,7.260000228881836,1655.0
2024-10-25 11:41:00+00:00,BSY,49.11000061035156,49.11000061035156,49.1150016784668,49.11000061035156,49.1150016784668,1087.0
2024-10-25 11:41:00+00:00,CAN,1.0,1.0,1.0,1.0,1.0,3176.0
2024-10-25 11:41:00+00:00,CDNS,259.2200012207031,259.2200012207031,259.2200012207031,259.05499267578125,259.0899963378906,6747.0
2024-10-25 11:41:00+00:00,CETX,0.2957000136375427,0.2957000136375427,0.29679998755455017,0.2957000136375427,0.29679998755455017,8331.0
2024-10-25 11:41:00+00:00,CFLT,22.684999465942383,22.684999465942383,22.684999465942383,22.670000076293945,22.68000030517578,2509.0
2024-10-25 11:41:00+00:00,CGNX,38.912498474121094,38.912498474121094,38.912498474121094,38.849998474121094,38.900001525878906,6648.0
2024-10-25 11:41:00+00:00,CLBT,18.139999389648438,18.139999389648438,18.139999389648438,18.139999389648438,18.139999389648438,303.0
2024-10-25 11:41:00+00:00,CLSK,11.997300148010254,11.997300148010254,12.0,11.96500015258789,11.994999885559082,122164.0
2024-10-25 11:41:00+00:00,CMTL,3.7149999141693115,3.7149999141693115,3.7149999141693115,3.7149999141693115,3.7149999141693115,186.0
2024-10-25 11:41:00+00:00,CNXC,44.81999969482422,44.81999969482422,44.81999969482422,44.81999969482422,44.81999969482422,370.0
2024-10-25 11:41:00+00:00,COHR,95.43499755859375,95.43499755859375,95.43499755859375,95.36000061035156,95.41999816894531,2145.0
2024-10-25 11:41:00+00:00,COHU,26.229999542236328,26.229999542236328,26.229999542236328,26.229999542236328,26.229999542236328,781.0
2024-10-25 11:41:00+00:00,COIN,211.0,211.0,211.0,210.52000427246094,210.73399353027344,16003.0
2024-10-25 11:41:00+00:00,COMM,6.375999927520752,6.375999927520752,6.375999927520752,6.371099948883057,6.371099948883057,1096.0
2024-10-25 11:41:00+00:00,CORZ,13.34000015258789,13.34000015258789,13.34000015258789,13.313799858093262,13.313799858093262,6129.0
2024-10-25 11:41:00+00:00,CRCT,6.554999828338623,6.554999828338623,6.554999828338623,6.554999828338623,6.554999828338623,428.0
2024-10-25 11:41:00+00:00,CRDO,40.040000915527344,40.040000915527344,40.099998474121094,40.040000915527344,40.06999969482422,3597.0
2024-10-25 11:41:00+00:00,CRSR,6.400100231170654,6.400100231170654,6.40500020980835,6.400100231170654,6.40500020980835,570.0
2024-10-25 11:41:00+00:00,CRUS,123.48999786376953,123.48999786376953,123.51000213623047,123.48999786376953,123.51000213623047,1815.0
2024-10-25 11:41:00+00:00,CRWD,308.3699951171875,308.3699951171875,308.6199951171875,308.25,308.5299987792969,2132.0
2024-10-25 11:41:00+00:00,CSCO,56.002201080322266,56.002201080322266,56.0099983215332,55.98109817504883,55.994998931884766,15652.0
2024-10-25 11:41:00+00:00,CSGS,47.58000183105469,47.58000183105469,47.61000061035156,47.58000183105469,47.61000061035156,261.0
2024-10-25 11:41:00+00:00,CSIQ,13.670000076293945,13.670000076293945,13.670000076293945,13.654999732971191,13.654999732971191,471.0
2024-10-25 11:41:00+00:00,CSPI,12.852499961853027,12.852499961853027,12.864999771118164,12.852499961853027,12.864999771118164,4742.0
2024-10-25 11:41:00+00:00,CTLP,8.9399995803833,8.9399995803833,8.949999809265137,8.9399995803833,8.949999809265137,1049.0
2024-10-25 11:41:00+00:00,CTSH,74.66000366210938,74.66000366210938,74.69000244140625,74.66000366210938,74.69000244140625,2673.0
2024-10-25 11:41:00+00:00,CVLT,134.13999938964844,134.13999938964844,134.25,134.13999938964844,134.25,2488.0
2024-10-25 11:41:00+00:00,DAVE,39.59000015258789,39.59000015258789,39.59000015258789,39.59000015258789,39.59000015258789,195.0
2024-10-25 11:41:00+00:00,DBX,25.93000030517578,25.93000030517578,25.934999465942383,25.93000030517578,25.934999465942383,840.0
2024-10-25 11:41:00+00:00,DDOG,127.30999755859375,127.30999755859375,127.31999969482422,127.19999694824219,127.31999969482422,7753.0
2024-10-25 11:41:00+00:00,DGHI,1.5392999649047852,1.5392999649047852,1.5398999452590942,1.5199999809265137,1.5199999809265137,3100.0
2024-10-25 11:41:00+00:00,DLO,8.824000358581543,8.824000358581543,8.824000358581543,8.824000358581543,8.824000358581543,1472.0
2024-10-25 11:41:00+00:00,DOCU,70.05999755859375,70.05999755859375,70.08000183105469,70.05999755859375,70.06999969482422,1145.0
2024-10-25 11:41:00+00:00,DOX,89.50499725341797,89.50499725341797,89.50499725341797,89.50499725341797,89.50499725341797,203.0
2024-10-25 11:41:00+00:00,DSGX,104.2699966430664,104.2699966430664,104.2699966430664,104.23999786376953,104.23999786376953,922.0
2024-10-25 11:41:00+00:00,DTSS,2.450000047683716,2.450000047683716,2.450000047683716,2.450000047683716,2.450000047683716,62.0
2024-10-25 11:41:00+00:00,EEFT,100.44000244140625,100.44000244140625,100.44000244140625,100.44000244140625,100.44000244140625,859.0
2024-10-25 11:41:00+00:00,ENPH,83.23999786376953,83.23999786376953,83.37999725341797,83.19999694824219,83.36000061035156,19341.0
2024-10-25 11:41:00+00:00,ENTG,105.58999633789062,105.58999633789062,105.58999633789062,105.58999633789062,105.58999633789062,1428.0
2024-10-25 11:41:00+00:00,EXFY,1.7050000429153442,1.7050000429153442,1.7050000429153442,1.7050000429153442,1.7050000429153442,123.0
2024-10-25 11:41:00+00:00,EXLS,38.8849983215332,38.8849983215332,38.8849983215332,38.8849983215332,38.8849983215332,311.0
2024-10-25 11:41:00+00:00,EXTR,14.430000305175781,14.430000305175781,14.4350004196167,14.430000305175781,14.4350004196167,1476.0
2024-10-25 11:41:00+00:00,FFIV,216.59500122070312,216.59500122070312,216.59500122070312,216.59500122070312,216.59500122070312,936.0
2024-10-25 11:41:00+00:00,FIVN,30.395000457763672,30.395000457763672,30.395000457763672,30.3799991607666,30.3799991607666,1181.0
2024-10-25 11:41:00+00:00,FLEX,35.2599983215332,35.2599983215332,35.2599983215332,35.244998931884766,35.244998931884766,1121.0
2024-10-25 11:41:00+00:00,FRSH,11.649999618530273,11.649999618530273,11.654999732971191,11.649999618530273,11.654999732971191,793.0
2024-10-25 11:41:00+00:00,FSLR,199.97000122070312,199.97000122070312,199.99000549316406,199.80999755859375,199.80999755859375,4387.0
2024-10-25 11:41:00+00:00,FTNT,81.25499725341797,81.25499725341797,81.29000091552734,81.23999786376953,81.23999786376953,4355.0
2024-10-25 11:41:00+00:00,GCT,25.020000457763672,25.020000457763672,25.020000457763672,25.0049991607666,25.0049991607666,475.0
2024-10-25 11:41:00+00:00,GDS,21.670000076293945,21.670000076293945,21.670000076293945,21.670000076293945,21.670000076293945,1110.0
2024-10-25 11:41:00+00:00,GDYN,15.630000114440918,15.630000114440918,15.630000114440918,15.619999885559082,15.619999885559082,1278.0
2024-10-25 11:41:00+00:00,GFS,41.43000030517578,41.43000030517578,41.43000030517578,41.40999984741211,41.40999984741211,2069.0
2024-10-25 11:41:00+00:00,GILT,4.940000057220459,4.940000057220459,4.940000057220459,4.940000057220459,4.940000057220459,207.0
2024-10-25 11:41:00+00:00,GPRO,1.3350000381469727,1.3350000381469727,1.3350000381469727,1.3300000429153442,1.3300000429153442,1182.0
2024-10-25 11:41:00+00:00,GRAB,4.085000038146973,4.085000038146973,4.085000038146973,4.079999923706055,4.085000038146973,25244.0
2024-10-25 11:41:00+00:00,HCP,33.69499969482422,33.69499969482422,33.69499969482422,33.689998626708984,33.69499969482422,3107.0
2024-10-25 11:41:00+00:00,HEAR,16.520000457763672,16.520000457763672,16.520000457763672,16.520000457763672,16.520000457763672,458.0
2024-10-25 11:41:00+00:00,HLIT,14.779999732971191,14.779999732971191,14.779999732971191,14.770000457763672,14.770000457763672,1757.0
2024-10-25 11:41:00+00:00,HOLO,3.6247000694274902,3.6247000694274902,3.640000104904175,3.609999895095825,3.611999988555908,5502.0
2024-10-25 11:41:00+00:00,HOOD,27.34000015258789,27.34000015258789,27.34950065612793,27.309999465942383,27.329999923706055,23420.0
2024-10-25 11:41:00+00:00,ICHR,27.764999389648438,27.764999389648438,27.764999389648438,27.764999389648438,27.764999389648438,408.0
2024-10-25 11:41:00+00:00,IMMR,8.739999771118164,8.739999771118164,8.739999771118164,8.729999542236328,8.729999542236328,546.0
2024-10-25 11:41:00+00:00,IMXI,17.65999984741211,17.65999984741211,17.65999984741211,17.65999984741211,17.65999984741211,269.0
2024-10-25 11:41:00+00:00,INSG,19.950000762939453,19.950000762939453,19.950000762939453,19.950000762939453,19.950000762939453,208.0
2024-10-25 11:41:00+00:00,INTA,49.8650016784668,49.8650016784668,49.8650016784668,49.8650016784668,49.8650016784668,352.0
2024-10-25 11:41:00+00:00,INTC,23.115999221801758,23.115999221801758,23.146299362182617,23.110000610351562,23.1299991607666,71381.0
2024-10-25 11:41:00+00:00,INTU,610.0,610.0,610.2000122070312,609.8499755859375,609.8699951171875,2774.0
2024-10-25 11:41:00+00:00,JKHY,183.30999755859375,183.30999755859375,183.4949951171875,183.30999755859375,183.4949951171875,2645.0
2024-10-25 11:41:00+00:00,KC,2.7149999141693115,2.7149999141693115,2.7149999141693115,2.7149999141693115,2.7149999141693115,1635.0
2024-10-25 11:41:00+00:00,KLAC,679.97998046875,679.97998046875,679.97998046875,679.97998046875,679.97998046875,789.0
2024-10-25 11:41:00+00:00,LINK,4.759399890899658,4.759399890899658,4.760000228881836,4.660600185394287,4.70989990234375,5328.0
2024-10-25 11:41:00+00:00,LITE,64.25,64.25,64.30000305175781,64.25,64.30000305175781,796.0
2024-10-25 11:41:00+00:00,LRCX,78.93000030517578,78.93000030517578,78.97000122070312,78.87000274658203,78.88500213623047,18201.0
2024-10-25 11:41:00+00:00,LSCC,54.20000076293945,54.20000076293945,54.224998474121094,54.18000030517578,54.224998474121094,2723.0
2024-10-25 11:41:00+00:00,LTRX,4.027599811553955,4.027599811553955,4.027599811553955,4.027599811553955,4.027599811553955,249.0
2024-10-25 11:41:00+00:00,LUNA,1.8079999685287476,1.8079999685287476,1.8079999685287476,1.8079999685287476,1.8079999685287476,1403.0
2024-10-25 11:41:00+00:00,LYFT,13.78499984741211,13.78499984741211,13.78499984741211,13.760000228881836,13.78499984741211,21295.0
2024-10-25 11:41:00+00:00,MANH,274.6099853515625,274.6099853515625,275.1300048828125,274.6099853515625,275.1300048828125,3827.0
2024-10-25 11:41:00+00:00,MAXN,5.776599884033203,5.776599884033203,5.776599884033203,5.776599884033203,5.776599884033203,430.0
2024-10-25 11:41:00+00:00,MCHP,77.13999938964844,77.13999938964844,77.1500015258789,77.06999969482422,77.08000183105469,7497.0
2024-10-25 11:41:00+00:00,MDB,266.8299865722656,266.8299865722656,266.9200134277344,266.4849853515625,266.5849914550781,3652.0
2024-10-25 11:41:00+00:00,MGIC,11.135199546813965,11.135199546813965,11.135199546813965,11.135199546813965,11.135199546813965,516.0
2024-10-25 11:41:00+00:00,MKSI,100.6050033569336,100.6050033569336,100.6050033569336,100.55000305175781,100.5999984741211,1168.0
2024-10-25 11:41:00+00:00,MKTW,0.5986999869346619,0.5986999869346619,0.5986999869346619,0.5986999869346619,0.5986999869346619,326.0
2024-10-25 11:41:00+00:00,MNDY,300.0,300.0,300.1300048828125,299.8500061035156,299.9599914550781,10398.0
2024-10-25 11:41:00+00:00,MQ,5.260000228881836,5.260000228881836,5.264999866485596,5.260000228881836,5.264999866485596,1234.0
2024-10-25 11:41:00+00:00,MRVL,82.94000244140625,82.94000244140625,82.95999908447266,82.9000015258789,82.93000030517578,10951.0
2024-10-25 11:41:00+00:00,MSFT,430.1726989746094,430.1726989746094,430.5899963378906,430.0,430.45001220703125,35677.0
2024-10-25 11:41:00+00:00,MSTR,242.07369995117188,242.07369995117188,242.19000244140625,241.3000030517578,241.4237060546875,57346.0
2024-10-25 11:41:00+00:00,MTLS,5.901400089263916,5.901400089263916,5.949999809265137,5.901400089263916,5.949999809265137,2847.0
2024-10-25 11:41:00+00:00,MTSI,119.41500091552734,119.41500091552734,119.49500274658203,119.12000274658203,119.45999908447266,28811.0
2024-10-25 11:41:00+00:00,MU,109.2979965209961,109.2979965209961,109.30999755859375,109.20999908447266,109.23999786376953,25308.0
2024-10-25 11:41:00+00:00,MVIS,1.100000023841858,1.100000023841858,1.100000023841858,1.0950000286102295,1.0950000286102295,33110.0
2024-10-25 11:41:00+00:00,MXL,14.960000038146973,14.960000038146973,14.960000038146973,14.949999809265137,14.949999809265137,438.0
2024-10-25 11:41:00+00:00,NCNO,37.869998931884766,37.869998931884766,37.92499923706055,37.860801696777344,37.90999984741211,7316.0
2024-10-25 11:41:00+00:00,NEON,8.1850004196167,8.1850004196167,8.1899995803833,8.1850004196167,8.1899995803833,746.0
2024-10-25 11:41:00+00:00,NTCT,20.645000457763672,20.645000457763672,20.649999618530273,20.645000457763672,20.649999618530273,1124.0
2024-10-25 11:41:00+00:00,NVDA,143.60000610351562,143.60000610351562,143.64999389648438,143.51010131835938,143.52999877929688,2356379.0
2024-10-25 11:41:00+00:00,NVEI,33.529998779296875,33.529998779296875,33.529998779296875,33.529998779296875,33.529998779296875,118.0
2024-10-25 11:41:00+00:00,NVTS,2.5799999237060547,2.5799999237060547,2.5799999237060547,2.575000047683716,2.575000047683716,1818.0
2024-10-25 11:41:00+00:00,NXPI,244.5,244.5,244.61000061035156,244.5,244.61000061035156,1071.0
2024-10-25 11:41:00+00:00,OKTA,72.58000183105469,72.58000183105469,72.58000183105469,72.55999755859375,72.56839752197266,1252.0
2024-10-25 11:41:00+00:00,ON,71.98999786376953,71.98999786376953,72.0199966430664,71.9000015258789,71.91000366210938,15327.0
2024-10-25 11:41:00+00:00,OSPN,14.619999885559082,14.619999885559082,14.619999885559082,14.619999885559082,14.619999885559082,226.0
2024-10-25 11:41:00+00:00,OTEX,33.2599983215332,33.2599983215332,33.279998779296875,33.2599983215332,33.279998779296875,394.0
2024-10-25 11:41:00+00:00,PANW,369.0150146484375,369.0150146484375,369.0150146484375,369.0150146484375,369.0150146484375,244.0
2024-10-25 11:41:00+00:00,PAYO,8.289999961853027,8.289999961853027,8.289999961853027,8.289999961853027,8.289999961853027,711.0
2024-10-25 11:41:00+00:00,PCTY,173.1300048828125,173.1300048828125,173.13499450683594,173.1300048828125,173.13499450683594,429.0
2024-10-25 11:41:00+00:00,PEGA,80.46499633789062,80.46499633789062,80.46499633789062,80.46499633789062,80.46499633789062,323.0
2024-10-25 11:41:00+00:00,PEGY,4.65369987487793,4.65369987487793,4.65369987487793,4.65369987487793,4.65369987487793,1876.0
2024-10-25 11:41:00+00:00,PGY,11.800000190734863,11.800000190734863,11.800000190734863,11.779999732971191,11.789999961853027,2500.0
2024-10-25 11:41:00+00:00,PHUN,10.045999526977539,10.045999526977539,10.104999542236328,9.992500305175781,9.992500305175781,120193.0
2024-10-25 11:41:00+00:00,POET,3.969899892807007,3.969899892807007,3.9700000286102295,3.9600000381469727,3.9600000381469727,3656.0
2024-10-25 11:41:00+00:00,POWI,63.81999969482422,63.81999969482422,63.81999969482422,63.81999969482422,63.81999969482422,104.0
2024-10-25 11:41:00+00:00,PRCH,1.315000057220459,1.315000057220459,1.315000057220459,1.315000057220459,1.315000057220459,749.0
2024-10-25 11:41:00+00:00,PRSO,1.7599999904632568,1.7599999904632568,1.7599999904632568,1.7599999904632568,1.7599999904632568,405.0
2024-10-25 11:41:00+00:00,PTC,186.0399932861328,186.0399932861328,186.0399932861328,186.0399932861328,186.0399932861328,141.0
2024-10-25 11:41:00+00:00,PYCR,14.354999542236328,14.354999542236328,14.354999542236328,14.354999542236328,14.354999542236328,877.0
2024-10-25 11:41:00+00:00,QCOM,172.60000610351562,172.60000610351562,172.66000366210938,172.55999755859375,172.61000061035156,3282.0
2024-10-25 11:41:00+00:00,QLYS,120.37000274658203,120.37000274658203,120.37000274658203,120.37000274658203,120.37000274658203,246.0
2024-10-25 11:41:00+00:00,QRVO,100.16999816894531,100.16999816894531,100.16999816894531,100.12999725341797,100.16999816894531,1924.0
2024-10-25 11:41:00+00:00,QUBT,1.0549999475479126,1.0549999475479126,1.0549999475479126,1.0499999523162842,1.0503000020980835,2388.0
2024-10-25 11:41:00+00:00,RCAT,2.755000114440918,2.755000114440918,2.755000114440918,2.755000114440918,2.755000114440918,412.0
2024-10-25 11:41:00+00:00,REKR,1.0950000286102295,1.0950000286102295,1.0950000286102295,1.0950000286102295,1.0950000286102295,0.0
2024-10-25 11:41:00+00:00,RELY,14.739999771118164,14.739999771118164,14.744999885559082,14.729999542236328,14.739999771118164,3853.0
2024-10-25 11:41:00+00:00,RGTI,1.2319999933242798,1.2319999933242798,1.23989999294281,1.2300000190734863,1.23989999294281,10087.0
2024-10-25 11:41:00+00:00,RIOT,10.060099601745605,10.060099601745605,10.069999694824219,10.039999961853027,10.05210018157959,27313.0
2024-10-25 11:41:00+00:00,RMBS,43.22999954223633,43.22999954223633,43.22999954223633,43.22999954223633,43.22999954223633,621.0
2024-10-25 11:41:00+00:00,RMNI,1.7300000190734863,1.7300000190734863,1.7300000190734863,1.7300000190734863,1.7300000190734863,311.0
2024-10-25 11:41:00+00:00,RPAY,7.590000152587891,7.590000152587891,7.595200061798096,7.573999881744385,7.593999862670898,10358.0
2024-10-25 11:41:00+00:00,RUN,14.506799697875977,14.506799697875977,14.506799697875977,14.475000381469727,14.479999542236328,5223.0
2024-10-25 11:41:00+00:00,RXT,2.549999952316284,2.549999952316284,2.549999952316284,2.549999952316284,2.549999952316284,801.0
2024-10-25 11:41:00+00:00,SANM,67.42500305175781,67.42500305175781,67.42500305175781,67.42500305175781,67.42500305175781,228.0
2024-10-25 11:41:00+00:00,SATS,25.200000762939453,25.200000762939453,25.280000686645508,25.200000762939453,25.280000686645508,3045.0
2024-10-25 11:41:00+00:00,SEDG,15.960000038146973,15.960000038146973,15.979999542236328,15.960000038146973,15.975000381469727,4890.0
2024-10-25 11:41:00+00:00,SHLS,5.31879997253418,5.31879997253418,5.320000171661377,5.304999828338623,5.304999828338623,36269.0
2024-10-25 11:41:00+00:00,SKYT,10.654999732971191,10.654999732971191,10.654999732971191,10.654999732971191,10.654999732971191,549.0
2024-10-25 11:41:00+00:00,SMCI,47.62990188598633,47.62990188598633,47.630001068115234,47.56800079345703,47.59989929199219,55880.0
2024-10-25 11:41:00+00:00,SNPS,502.5104064941406,502.5104064941406,502.9100036621094,502.5104064941406,502.9100036621094,925.0
2024-10-25 11:41:00+00:00,SOUN,5.284999847412109,5.284999847412109,5.289999961853027,5.28000020980835,5.28000020980835,6035.0
2024-10-25 11:41:00+00:00,SPSC,173.97000122070312,173.97000122070312,173.97000122070312,173.97000122070312,173.97000122070312,423.0
2024-10-25 11:41:00+00:00,SPT,27.15999984741211,27.15999984741211,27.15999984741211,27.15999984741211,27.15999984741211,113.0
2024-10-25 11:41:00+00:00,SRAD,12.359999656677246,12.359999656677246,12.359999656677246,12.350000381469727,12.350000381469727,999.0
2024-10-25 11:41:00+00:00,SSNC,69.72000122070312,69.72000122070312,69.72000122070312,69.66500091552734,69.66999816894531,6607.0
2024-10-25 11:41:00+00:00,SSYS,7.139999866485596,7.139999866485596,7.139999866485596,7.139999866485596,7.139999866485596,509.0
2024-10-25 11:41:00+00:00,STNE,11.46500015258789,11.46500015258789,11.470000267028809,11.46500015258789,11.470000267028809,1075.0
2024-10-25 11:41:00+00:00,STX,104.16500091552734,104.16500091552734,104.28500366210938,104.16500091552734,104.28500366210938,4757.0
2024-10-25 11:41:00+00:00,SWKS,96.41000366210938,96.41000366210938,96.41000366210938,96.41000366210938,96.41000366210938,802.0
2024-10-25 11:41:00+00:00,SYNA,73.61000061035156,73.61000061035156,73.61000061035156,73.61000061035156,73.61000061035156,241.0
2024-10-25 11:41:00+00:00,SYTA,1.2898999452590942,1.2898999452590942,1.2898999452590942,1.2699999809265137,1.2699999809265137,2631.0
2024-10-25 11:41:00+00:00,TEAM,189.69000244140625,189.69000244140625,189.69000244140625,189.69000244140625,189.69000244140625,667.0
2024-10-25 11:41:00+00:00,TENB,41.5099983215332,41.5099983215332,41.560001373291016,41.5099983215332,41.560001373291016,241.0
2024-10-25 11:41:00+00:00,TER,113.05000305175781,113.05000305175781,113.05000305175781,112.98999786376953,112.98999786376953,1842.0
2024-10-25 11:41:00+00:00,TLS,3.6649999618530273,3.6649999618530273,3.6700000762939453,3.6649999618530273,3.6700000762939453,520.0
2024-10-25 11:41:00+00:00,TRMB,60.95000076293945,60.95000076293945,60.970001220703125,60.939998626708984,60.959999084472656,794.0
2024-10-25 11:41:00+00:00,TTD,119.40499877929688,119.40499877929688,119.5,119.40499877929688,119.48999786376953,2342.0
2024-10-25 11:41:00+00:00,TTEC,5.380000114440918,5.380000114440918,5.380000114440918,5.380000114440918,5.380000114440918,1602.0
2024-10-25 11:41:00+00:00,TWKS,4.454699993133545,4.454699993133545,4.454699993133545,4.449999809265137,4.449999809265137,2885.0
2024-10-25 11:41:00+00:00,TXN,208.82000732421875,208.82000732421875,208.9600067138672,208.8000030517578,208.8000030517578,6403.0
2024-10-25 11:41:00+00:00,UCTT,36.0099983215332,36.0099983215332,36.0099983215332,36.0099983215332,36.0099983215332,900.0
2024-10-25 11:41:00+00:00,VERI,3.430000066757202,3.430000066757202,3.430000066757202,3.430000066757202,3.430000066757202,103.0
2024-10-25 11:41:00+00:00,VMEO,4.75,4.75,4.75,4.75,4.75,488.0
2024-10-25 11:41:00+00:00,VOXX,7.559999942779541,7.559999942779541,7.559999942779541,7.559999942779541,7.559999942779541,200.0
2024-10-25 11:41:00+00:00,VRNS,56.6349983215332,56.6349983215332,56.6349983215332,56.599998474121094,56.6349983215332,1542.0
2024-10-25 11:41:00+00:00,VRNT,22.200000762939453,22.200000762939453,22.209999084472656,22.200000762939453,22.209999084472656,6494.0
2024-10-25 11:41:00+00:00,VRSN,186.1999969482422,186.1999969482422,186.1999969482422,186.1999969482422,186.1999969482422,136.0
2024-10-25 11:41:00+00:00,VS,2.615000009536743,2.615000009536743,2.615000009536743,2.615000009536743,2.615000009536743,1212.0
2024-10-25 11:41:00+00:00,VUZI,1.3250000476837158,1.3250000476837158,1.3250000476837158,1.3250000476837158,1.3250000476837158,300.0
2024-10-25 11:41:00+00:00,WDAY,240.08999633789062,240.08999633789062,240.08999633789062,240.0850067138672,240.0850067138672,771.0
2024-10-25 11:41:00+00:00,WDC,71.8550033569336,71.8550033569336,71.86000061035156,71.62000274658203,71.70500183105469,21672.0
2024-10-25 11:41:00+00:00,WISA,1.8300000429153442,1.8300000429153442,1.8300000429153442,1.8250000476837158,1.8250000476837158,128.0
2024-10-25 11:41:00+00:00,XRX,10.109999656677246,10.109999656677246,10.109999656677246,10.104999542236328,10.109999656677246,1154.0
2024-10-25 11:41:00+00:00,ZBRA,363.0400085449219,363.0400085449219,363.0400085449219,362.44500732421875,362.44500732421875,2866.0
2024-10-25 11:41:00+00:00,ZI,10.505000114440918,10.505000114440918,10.510000228881836,10.505000114440918,10.510000228881836,3710.0
2024-10-25 11:41:00+00:00,ZM,73.0199966430664,73.0199966430664,73.0199966430664,73.0199966430664,73.0199966430664,2108.0
2024-10-25 11:41:00+00:00,ZS,185.85499572753906,185.85499572753906,185.89999389648438,185.7899932861328,185.89999389648438,2113.0
2024-10-25 11:42:00+00:00,AAOI,18.178800582885742,18.178800582885742,18.178800582885742,18.145000457763672,18.15999984741211,2347.0
2024-10-25 11:42:00+00:00,AAPL,232.1363983154297,232.1363983154297,232.13999938964844,231.92999267578125,231.97000122070312,65042.0
2024-10-25 11:42:00+00:00,ACIW,48.869998931884766,48.869998931884766,48.869998931884766,48.869998931884766,48.869998931884766,210.0
2024-10-25 11:42:00+00:00,ACLS,90.30000305175781,90.30000305175781,90.3499984741211,90.30000305175781,90.30500030517578,1491.0
2024-10-25 11:42:00+00:00,ACMR,19.84000015258789,19.84000015258789,19.84000015258789,19.84000015258789,19.84000015258789,178.0
2024-10-25 11:42:00+00:00,ADBE,484.3399963378906,484.3399963378906,484.3399963378906,484.1000061035156,484.1000061035156,22243.0
2024-10-25 11:42:00+00:00,ADI,233.69000244140625,233.69000244140625,233.69000244140625,233.60000610351562,233.60000610351562,1414.0
2024-10-25 11:42:00+00:00,ADSK,286.55999755859375,286.55999755859375,286.6300048828125,286.55499267578125,286.6300048828125,1425.0
2024-10-25 11:42:00+00:00,AEHR,17.09000015258789,17.09000015258789,17.09000015258789,16.870100021362305,16.907800674438477,33832.0
2024-10-25 11:42:00+00:00,AFRM,41.63999938964844,41.63999938964844,41.724998474121094,41.63999938964844,41.70000076293945,5404.0
2024-10-25 11:42:00+00:00,AIP,6.960000038146973,6.960000038146973,6.960000038146973,6.960000038146973,6.960000038146973,7749.0
2024-10-25 11:42:00+00:00,AKTS,0.05770000070333481,0.05770000070333481,0.05770000070333481,0.05770000070333481,0.05770000070333481,14838.0
2024-10-25 11:42:00+00:00,ALGM,22.770000457763672,22.770000457763672,22.770000457763672,22.760000228881836,22.760000228881836,1646.0
2024-10-25 11:42:00+00:00,ALRM,54.71500015258789,54.71500015258789,54.720001220703125,54.71500015258789,54.720001220703125,290.0
2024-10-25 11:42:00+00:00,ALTR,103.95999908447266,103.95999908447266,103.98999786376953,103.95999908447266,103.98999786376953,695.0
2024-10-25 11:42:00+00:00,AMAT,188.0500030517578,188.0500030517578,188.0500030517578,187.84010314941406,187.84010314941406,12601.0
2024-10-25 11:42:00+00:00,AMBA,58.40999984741211,58.40999984741211,58.45000076293945,58.369998931884766,58.45000076293945,1381.0
2024-10-25 11:42:00+00:00,AMD,157.7091064453125,157.7091064453125,157.73980712890625,157.50999450683594,157.5399932861328,48684.0
2024-10-25 11:42:00+00:00,AMKR,30.11989974975586,30.11989974975586,30.11989974975586,30.10569953918457,30.110000610351562,2326.0
2024-10-25 11:42:00+00:00,AMPG,1.0774999856948853,1.0774999856948853,1.0774999856948853,1.065000057220459,1.065000057220459,26921.0
2024-10-25 11:42:00+00:00,ANSS,325.79998779296875,325.79998779296875,325.79998779296875,325.79998779296875,325.79998779296875,709.0
2024-10-25 11:42:00+00:00,ANY,1.065000057220459,1.065000057220459,1.065000057220459,1.065000057220459,1.065000057220459,1279.0
2024-10-25 11:42:00+00:00,API,2.859999895095825,2.859999895095825,2.859999895095825,2.8499999046325684,2.8499999046325684,1797.0
2024-10-25 11:42:00+00:00,APP,161.9600067138672,161.9600067138672,162.01499938964844,161.8249969482422,161.8300018310547,8381.0
2024-10-25 11:42:00+00:00,APPF,214.92999267578125,214.92999267578125,214.92999267578125,214.92999267578125,214.92999267578125,895.0
2024-10-25 11:42:00+00:00,APPS,3.0899999141693115,3.0899999141693115,3.0899999141693115,3.0799999237060547,3.0850000381469727,21436.0
2024-10-25 11:42:00+00:00,ARRY,6.440000057220459,6.440000057220459,6.455999851226807,6.434999942779541,6.434999942779541,34361.0
2024-10-25 11:42:00+00:00,ASML,717.239990234375,717.239990234375,717.4849853515625,717.1199951171875,717.1199951171875,5557.0
2024-10-25 11:42:00+00:00,AUR,6.46999979019165,6.46999979019165,6.480000019073486,6.46999979019165,6.46999979019165,3302.0
2024-10-25 11:42:00+00:00,AVDX,8.140000343322754,8.140000343322754,8.140000343322754,8.140000343322754,8.140000343322754,1189.0
2024-10-25 11:42:00+00:00,AVGO,176.27549743652344,176.27549743652344,176.33999633789062,175.97999572753906,176.0,22767.0
2024-10-25 11:42:00+00:00,AVT,54.220001220703125,54.220001220703125,54.220001220703125,54.220001220703125,54.220001220703125,346.0
2024-10-25 11:42:00+00:00,AXTI,2.684999942779541,2.684999942779541,2.700000047683716,2.678999900817871,2.678999900817871,4432.0
2024-10-25 11:42:00+00:00,BASE,16.40999984741211,16.40999984741211,16.40999984741211,16.40999984741211,16.40999984741211,117.0
2024-10-25 11:42:00+00:00,BIGC,5.304999828338623,5.304999828338623,5.304999828338623,5.304999828338623,5.304999828338623,441.0
2024-10-25 11:42:00+00:00,BL,56.29999923706055,56.29999923706055,56.29999923706055,56.27000045776367,56.27000045776367,1706.0
2024-10-25 11:42:00+00:00,BLKB,85.86000061035156,85.86000061035156,85.86000061035156,85.86000061035156,85.86000061035156,303.0
2024-10-25 11:42:00+00:00,BMBL,7.255000114440918,7.255000114440918,7.260000228881836,7.25,7.25,3289.0
2024-10-25 11:42:00+00:00,BRZE,30.674999237060547,30.674999237060547,30.674999237060547,30.674999237060547,30.674999237060547,1046.0
2024-10-25 11:42:00+00:00,CDNS,259.3800048828125,259.3800048828125,259.3999938964844,259.2300109863281,259.2300109863281,2227.0
2024-10-25 11:42:00+00:00,CETX,0.2969000041484833,0.2969000041484833,0.2969000041484833,0.2969000041484833,0.2969000041484833,0.0
2024-10-25 11:42:00+00:00,CFLT,22.700000762939453,22.700000762939453,22.709999084472656,22.670000076293945,22.690000534057617,7076.0
2024-10-25 11:42:00+00:00,CHKP,207.4600067138672,207.4600067138672,207.47999572753906,207.4600067138672,207.47999572753906,1594.0
2024-10-25 11:42:00+00:00,CLBT,18.13800048828125,18.13800048828125,18.13800048828125,18.13800048828125,18.13800048828125,210.0
2024-10-25 11:42:00+00:00,CLSK,11.970000267028809,11.970000267028809,12.016599655151367,11.970000267028809,11.994999885559082,64820.0
2024-10-25 11:42:00+00:00,CMTL,3.7149999141693115,3.7149999141693115,3.7149999141693115,3.7149999141693115,3.7149999141693115,515.0
2024-10-25 11:42:00+00:00,COHR,95.43000030517578,95.43000030517578,95.45999908447266,95.38999938964844,95.45999908447266,1521.0
2024-10-25 11:42:00+00:00,COIN,210.8885955810547,210.8885955810547,211.23399353027344,210.8000030517578,211.0554962158203,9598.0
2024-10-25 11:42:00+00:00,COMM,6.375,6.375,6.375699996948242,6.375,6.375,1348.0
2024-10-25 11:42:00+00:00,CORZ,13.329999923706055,13.329999923706055,13.359999656677246,13.329999923706055,13.350000381469727,28957.0
2024-10-25 11:42:00+00:00,CRSR,6.409900188446045,6.409900188446045,6.409999847412109,6.409900188446045,6.409999847412109,885.0
2024-10-25 11:42:00+00:00,CRUS,123.4800033569336,123.4800033569336,123.5,123.44000244140625,123.45999908447266,1507.0
2024-10-25 11:42:00+00:00,CRWD,308.6300048828125,308.6300048828125,308.6499938964844,308.3500061035156,308.3500061035156,3931.0
2024-10-25 11:42:00+00:00,CSCO,56.005001068115234,56.005001068115234,56.005001068115234,55.9900016784668,55.994998931884766,3803.0
2024-10-25 11:42:00+00:00,CSGS,47.66999816894531,47.66999816894531,47.66999816894531,47.65999984741211,47.65999984741211,1663.0
2024-10-25 11:42:00+00:00,CSIQ,13.645000457763672,13.645000457763672,13.65999984741211,13.64169979095459,13.654999732971191,4259.0
2024-10-25 11:42:00+00:00,CTSH,74.66999816894531,74.66999816894531,74.66999816894531,74.6500015258789,74.6500015258789,2383.0
2024-10-25 11:42:00+00:00,CVLT,134.2100067138672,134.2100067138672,134.2449951171875,134.1999969482422,134.2100067138672,1646.0
2024-10-25 11:42:00+00:00,CYBR,291.67999267578125,291.67999267578125,291.67999267578125,291.67999267578125,291.67999267578125,513.0
2024-10-25 11:42:00+00:00,DATS,1.570099949836731,1.570099949836731,1.570099949836731,1.570099949836731,1.570099949836731,218235.0
2024-10-25 11:42:00+00:00,DAVE,39.54999923706055,39.54999923706055,39.54999923706055,39.54999923706055,39.54999923706055,162.0
2024-10-25 11:42:00+00:00,DBX,25.940000534057617,25.940000534057617,25.940000534057617,25.93000030517578,25.93000030517578,1663.0
2024-10-25 11:42:00+00:00,DDOG,127.44999694824219,127.44999694824219,127.44999694824219,127.2699966430664,127.32250213623047,4429.0
2024-10-25 11:42:00+00:00,DGHI,1.5399999618530273,1.5399999618530273,1.5399999618530273,1.5399999618530273,1.5399999618530273,11123.0
2024-10-25 11:42:00+00:00,DOCU,70.12999725341797,70.12999725341797,70.1500015258789,70.08999633789062,70.08999633789062,7745.0
2024-10-25 11:42:00+00:00,DOMO,7.989699840545654,7.989699840545654,7.989699840545654,7.974999904632568,7.974999904632568,1375.0
2024-10-25 11:42:00+00:00,DOX,89.5,89.5,89.5,89.5,89.5,150.0
2024-10-25 11:42:00+00:00,ENPH,83.48989868164062,83.48989868164062,83.48989868164062,83.23999786376953,83.27999877929688,9856.0
2024-10-25 11:42:00+00:00,ENTG,105.70999908447266,105.70999908447266,105.70999908447266,105.69999694824219,105.69999694824219,1913.0
2024-10-25 11:42:00+00:00,ERIC,8.48009967803955,8.48009967803955,8.48009967803955,8.48009967803955,8.48009967803955,1125.0
2024-10-25 11:42:00+00:00,EXLS,38.88999938964844,38.88999938964844,38.88999938964844,38.88999938964844,38.88999938964844,257.0
2024-10-25 11:42:00+00:00,EXTR,14.444999694824219,14.444999694824219,14.444999694824219,14.4399995803833,14.4399995803833,759.0
2024-10-25 11:42:00+00:00,FIVN,30.449199676513672,30.449199676513672,30.449199676513672,30.395000457763672,30.40999984741211,2397.0
2024-10-25 11:42:00+00:00,FLEX,35.2599983215332,35.2599983215332,35.279998779296875,35.23500061035156,35.23500061035156,6346.0
2024-10-25 11:42:00+00:00,FROG,29.344999313354492,29.344999313354492,29.344999313354492,29.329999923706055,29.344999313354492,443.0
2024-10-25 11:42:00+00:00,FRSH,11.649999618530273,11.649999618530273,11.654999732971191,11.649999618530273,11.654999732971191,645.0
2024-10-25 11:42:00+00:00,FSLR,200.0,200.0,200.2100067138672,199.9499969482422,199.9499969482422,2101.0
2024-10-25 11:42:00+00:00,FTCI,0.6633999943733215,0.6633999943733215,0.6800000071525574,0.6434999704360962,0.6800000071525574,69438.0
2024-10-25 11:42:00+00:00,FTNT,81.29969787597656,81.29969787597656,81.30000305175781,81.26499938964844,81.2699966430664,5960.0
2024-10-25 11:42:00+00:00,GCT,25.02199935913086,25.02199935913086,25.02199935913086,25.020000457763672,25.020000457763672,780.0
2024-10-25 11:42:00+00:00,GDYN,15.585000038146973,15.585000038146973,15.600000381469727,15.579999923706055,15.600000381469727,1723.0
2024-10-25 11:42:00+00:00,GFS,41.53839874267578,41.53839874267578,41.540000915527344,41.435001373291016,41.435001373291016,3426.0
2024-10-25 11:42:00+00:00,GILT,4.949999809265137,4.949999809265137,4.949999809265137,4.949999809265137,4.949999809265137,400.0
2024-10-25 11:42:00+00:00,GRAB,4.085000038146973,4.085000038146973,4.090000152587891,4.079999923706055,4.090000152587891,15930.0
2024-10-25 11:42:00+00:00,GRRR,4.529900074005127,4.529900074005127,4.529900074005127,4.528500080108643,4.528500080108643,1547.0
2024-10-25 11:42:00+00:00,GSIT,3.5,3.5,3.5,3.450000047683716,3.450000047683716,3811.0
2024-10-25 11:42:00+00:00,HCP,33.69499969482422,33.69499969482422,33.69499969482422,33.69499969482422,33.69499969482422,1422.0
2024-10-25 11:42:00+00:00,HIMX,6.209700107574463,6.209700107574463,6.209700107574463,6.209700107574463,6.209700107574463,955.0
2024-10-25 11:42:00+00:00,HLIT,14.789999961853027,14.789999961853027,14.789999961853027,14.789999961853027,14.789999961853027,727.0
2024-10-25 11:42:00+00:00,HOLO,3.621999979019165,3.621999979019165,3.630000114440918,3.6205999851226807,3.6298999786376953,4255.0
2024-10-25 11:42:00+00:00,HOOD,27.339000701904297,27.339000701904297,27.356000900268555,27.33009910583496,27.334999084472656,12422.0
2024-10-25 11:42:00+00:00,IDN,2.3849000930786133,2.3849000930786133,2.3849000930786133,2.3849000930786133,2.3849000930786133,596.0
2024-10-25 11:42:00+00:00,IIIV,22.864999771118164,22.864999771118164,22.864999771118164,22.864999771118164,22.864999771118164,507.0
2024-10-25 11:42:00+00:00,IMMR,8.739999771118164,8.739999771118164,8.739999771118164,8.739999771118164,8.739999771118164,617.0
2024-10-25 11:42:00+00:00,INDI,3.575000047683716,3.575000047683716,3.575000047683716,3.575000047683716,3.575000047683716,452.0
2024-10-25 11:42:00+00:00,INFN,6.795000076293945,6.795000076293945,6.795000076293945,6.795000076293945,6.795000076293945,407.0
2024-10-25 11:42:00+00:00,INOD,19.875,19.875,19.875,19.875,19.875,236.0
2024-10-25 11:42:00+00:00,INSG,19.99410057067871,19.99410057067871,19.99410057067871,19.99410057067871,19.99410057067871,190.0
2024-10-25 11:42:00+00:00,INTA,49.93000030517578,49.93000030517578,49.93000030517578,49.869998931884766,49.869998931884766,895.0
2024-10-25 11:42:00+00:00,INTC,23.125,23.125,23.1299991607666,23.100000381469727,23.11009979248047,101758.0
2024-10-25 11:42:00+00:00,INTU,610.3900146484375,610.3900146484375,610.3900146484375,610.3900146484375,610.3900146484375,1491.0
2024-10-25 11:42:00+00:00,ITRI,102.81999969482422,102.81999969482422,102.81999969482422,102.81999969482422,102.81999969482422,562.0
2024-10-25 11:42:00+00:00,JAMF,16.790000915527344,16.790000915527344,16.790000915527344,16.790000915527344,16.790000915527344,322.0
2024-10-25 11:42:00+00:00,KLAC,680.3847045898438,680.3847045898438,680.3847045898438,679.9600830078125,679.9600830078125,1043.0
2024-10-25 11:42:00+00:00,KLIC,44.33000183105469,44.33000183105469,44.33000183105469,44.29999923706055,44.29999923706055,874.0
2024-10-25 11:42:00+00:00,LINK,4.745100021362305,4.745100021362305,4.760000228881836,4.679999828338623,4.759799957275391,9753.0
2024-10-25 11:42:00+00:00,LITE,64.26000213623047,64.26000213623047,64.26000213623047,64.26000213623047,64.26000213623047,709.0
2024-10-25 11:42:00+00:00,LOGI,81.01000213623047,81.01000213623047,81.01000213623047,80.98999786376953,80.98999786376953,613.0
2024-10-25 11:42:00+00:00,LRCX,79.08000183105469,79.08000183105469,79.08000183105469,78.91000366210938,78.91000366210938,77960.0
2024-10-25 11:42:00+00:00,LSAK,5.300000190734863,5.300000190734863,5.301000118255615,5.300000190734863,5.301000118255615,3512.0
2024-10-25 11:42:00+00:00,LSCC,54.19499969482422,54.19499969482422,54.20000076293945,54.189998626708984,54.20000076293945,723.0
2024-10-25 11:42:00+00:00,LYFT,13.807499885559082,13.807499885559082,13.8100004196167,13.78499984741211,13.78499984741211,20839.0
2024-10-25 11:42:00+00:00,MAPS,0.8399999737739563,0.8399999737739563,0.8399999737739563,0.8399999737739563,0.8399999737739563,2196.0
2024-10-25 11:42:00+00:00,MAXN,5.76800012588501,5.76800012588501,5.78000020980835,5.76800012588501,5.76800012588501,1099.0
2024-10-25 11:42:00+00:00,MCHP,77.16999816894531,77.16999816894531,77.18000030517578,77.11000061035156,77.11000061035156,5292.0
2024-10-25 11:42:00+00:00,MDB,267.125,267.125,267.25,267.125,267.17999267578125,1441.0
2024-10-25 11:42:00+00:00,MKSI,100.72000122070312,100.72000122070312,100.72000122070312,100.56500244140625,100.6050033569336,4714.0
2024-10-25 11:42:00+00:00,MNDY,300.1300048828125,300.1300048828125,300.1499938964844,299.8999938964844,299.95001220703125,2457.0
2024-10-25 11:42:00+00:00,MQ,5.264999866485596,5.264999866485596,5.264999866485596,5.255000114440918,5.260000228881836,11203.0
2024-10-25 11:42:00+00:00,MRVL,82.95999908447266,82.95999908447266,82.9800033569336,82.88999938964844,82.93000030517578,11401.0
2024-10-25 11:42:00+00:00,MSFT,430.29010009765625,430.29010009765625,430.34991455078125,430.05999755859375,430.0650939941406,24680.0
2024-10-25 11:42:00+00:00,MSTR,242.14500427246094,242.14500427246094,242.7584991455078,241.91000366210938,242.18359375,48817.0
2024-10-25 11:42:00+00:00,MTLS,5.925000190734863,5.925000190734863,5.925000190734863,5.925000190734863,5.925000190734863,1494.0
2024-10-25 11:42:00+00:00,MTSI,119.41999816894531,119.41999816894531,119.41999816894531,119.41999816894531,119.41999816894531,628.0
2024-10-25 11:42:00+00:00,MU,109.41500091552734,109.41500091552734,109.4198989868164,109.25,109.28500366210938,24601.0
2024-10-25 11:42:00+00:00,MVIS,1.0985000133514404,1.0985000133514404,1.100000023841858,1.0985000133514404,1.100000023841858,2110.0
2024-10-25 11:42:00+00:00,MXL,15.0,15.0,15.0,14.960000038146973,14.960000038146973,11651.0
2024-10-25 11:42:00+00:00,NCNO,37.834999084472656,37.834999084472656,37.869998931884766,37.83000183105469,37.86000061035156,3345.0
2024-10-25 11:42:00+00:00,NTAP,119.93000030517578,119.93000030517578,119.93000030517578,119.93000030517578,119.93000030517578,391.0
2024-10-25 11:42:00+00:00,NVDA,143.64999389648438,143.64999389648438,143.69000244140625,143.5399932861328,143.59010314941406,299381.0
2024-10-25 11:42:00+00:00,NVMI,184.40499877929688,184.40499877929688,184.40499877929688,184.40499877929688,184.40499877929688,274.0
2024-10-25 11:42:00+00:00,NVTS,2.575000047683716,2.575000047683716,2.575000047683716,2.575000047683716,2.575000047683716,8.0
2024-10-25 11:42:00+00:00,NXPI,244.9199981689453,244.9199981689453,244.9199981689453,244.6699981689453,244.6699981689453,2184.0
2024-10-25 11:42:00+00:00,ON,71.98999786376953,71.98999786376953,72.05999755859375,71.97000122070312,72.0,25124.0
2024-10-25 11:42:00+00:00,OTEX,33.290000915527344,33.290000915527344,33.290000915527344,33.290000915527344,33.290000915527344,889.0
2024-10-25 11:42:00+00:00,PANW,369.20001220703125,369.20001220703125,369.3599853515625,368.80499267578125,368.80499267578125,8259.0
2024-10-25 11:42:00+00:00,PAYO,8.295000076293945,8.295000076293945,8.295000076293945,8.289999961853027,8.289999961853027,909.0
2024-10-25 11:42:00+00:00,PCTY,173.125,173.125,173.125,173.125,173.125,384.0
2024-10-25 11:42:00+00:00,PEGA,80.55000305175781,80.55000305175781,80.58000183105469,80.44499969482422,80.44499969482422,1974.0
2024-10-25 11:42:00+00:00,PEGY,4.73799991607666,4.73799991607666,4.73799991607666,4.73799991607666,4.73799991607666,357.0
2024-10-25 11:42:00+00:00,PHUN,10.129899978637695,10.129899978637695,10.130000114440918,10.04010009765625,10.045000076293945,69681.0
2024-10-25 11:42:00+00:00,PI,203.9550018310547,203.9550018310547,203.9550018310547,203.9550018310547,203.9550018310547,719.0
2024-10-25 11:42:00+00:00,PLAB,23.674999237060547,23.674999237060547,23.674999237060547,23.674999237060547,23.674999237060547,566.0
2024-10-25 11:42:00+00:00,POET,3.9549999237060547,3.9549999237060547,3.9600000381469727,3.9549999237060547,3.9600000381469727,1149.0
2024-10-25 11:42:00+00:00,POWI,63.81999969482422,63.81999969482422,63.81999969482422,63.81999969482422,63.81999969482422,626.0
2024-10-25 11:42:00+00:00,PRCH,1.315000057220459,1.315000057220459,1.315000057220459,1.315000057220459,1.315000057220459,726.0
2024-10-25 11:42:00+00:00,PTC,186.0500030517578,186.0500030517578,186.0500030517578,186.0493927001953,186.0493927001953,511.0
2024-10-25 11:42:00+00:00,PYCR,14.354999542236328,14.354999542236328,14.354999542236328,14.354999542236328,14.354999542236328,481.0
2024-10-25 11:42:00+00:00,QCOM,172.6699981689453,172.6699981689453,172.6699981689453,172.5800018310547,172.58990478515625,4129.0
2024-10-25 11:42:00+00:00,QLYS,120.51000213623047,120.51000213623047,120.55999755859375,120.42500305175781,120.42500305175781,1492.0
2024-10-25 11:42:00+00:00,QRVO,100.18000030517578,100.18000030517578,100.20999908447266,100.12000274658203,100.12000274658203,2180.0
2024-10-25 11:42:00+00:00,QUBT,1.0499999523162842,1.0499999523162842,1.0599000453948975,1.0499999523162842,1.0599000453948975,8476.0
2024-10-25 11:42:00+00:00,RCAT,2.758699893951416,2.758699893951416,2.758699893951416,2.758699893951416,2.758699893951416,240.0
2024-10-25 11:42:00+00:00,REKR,1.090000033378601,1.090000033378601,1.0950000286102295,1.090000033378601,1.0950000286102295,1277.0
2024-10-25 11:42:00+00:00,RELY,14.729999542236328,14.729999542236328,14.729999542236328,14.729999542236328,14.729999542236328,753.0
2024-10-25 11:42:00+00:00,RGTI,1.238700032234192,1.238700032234192,1.2400000095367432,1.238700032234192,1.2400000095367432,1094.0
2024-10-25 11:42:00+00:00,RIOT,10.050000190734863,10.050000190734863,10.069999694824219,10.048999786376953,10.0649995803833,10590.0
2024-10-25 11:42:00+00:00,RMBS,43.27000045776367,43.27000045776367,43.27000045776367,43.25,43.25,1717.0
2024-10-25 11:42:00+00:00,RPAY,7.590000152587891,7.590000152587891,7.590000152587891,7.585000038146973,7.590000152587891,2107.0
2024-10-25 11:42:00+00:00,RPD,39.06999969482422,39.06999969482422,39.06999969482422,39.06999969482422,39.06999969482422,145.0
2024-10-25 11:42:00+00:00,RUM,5.794000148773193,5.794000148773193,5.798799991607666,5.781000137329102,5.789999961853027,5285.0
2024-10-25 11:42:00+00:00,RUN,14.505000114440918,14.505000114440918,14.510000228881836,14.5,14.5,4097.0
2024-10-25 11:42:00+00:00,SANM,67.45999908447266,67.45999908447266,67.48999786376953,67.44999694824219,67.44999694824219,1973.0
2024-10-25 11:42:00+00:00,SATS,25.239999771118164,25.239999771118164,25.239999771118164,25.239999771118164,25.239999771118164,732.0
2024-10-25 11:42:00+00:00,SCSC,44.96500015258789,44.96500015258789,44.96500015258789,44.959999084472656,44.959999084472656,991.0
2024-10-25 11:42:00+00:00,SEDG,16.010000228881836,16.010000228881836,16.010000228881836,15.960000038146973,15.96500015258789,4238.0
2024-10-25 11:42:00+00:00,SHLS,5.320000171661377,5.320000171661377,5.329999923706055,5.310100078582764,5.310100078582764,6764.0
2024-10-25 11:42:00+00:00,SIMO,56.970001220703125,56.970001220703125,57.0099983215332,56.970001220703125,57.0099983215332,1861.0
2024-10-25 11:42:00+00:00,SLAB,115.33999633789062,115.33999633789062,115.33999633789062,115.31999969482422,115.31999969482422,605.0
2024-10-25 11:42:00+00:00,SMCI,47.63990020751953,47.63990020751953,47.66999816894531,47.59000015258789,47.61000061035156,63584.0
2024-10-25 11:42:00+00:00,SNPS,502.7449951171875,502.7449951171875,503.0400085449219,502.7449951171875,502.9100036621094,2177.0
2024-10-25 11:42:00+00:00,SONM,3.5899999141693115,3.5899999141693115,3.5899999141693115,3.5899999141693115,3.5899999141693115,186.0
2024-10-25 11:42:00+00:00,SOUN,5.298500061035156,5.298500061035156,5.300000190734863,5.289999961853027,5.289999961853027,16347.0
2024-10-25 11:42:00+00:00,SOUNW,1.8845000267028809,1.8845000267028809,1.8845000267028809,1.8845000267028809,1.8845000267028809,556.0
2024-10-25 11:42:00+00:00,SPSC,173.97999572753906,173.97999572753906,173.97999572753906,173.97999572753906,173.97999572753906,262.0
2024-10-25 11:42:00+00:00,SPT,27.219999313354492,27.219999313354492,27.219999313354492,27.170000076293945,27.170000076293945,1792.0
2024-10-25 11:42:00+00:00,SSNC,69.73999786376953,69.73999786376953,69.73999786376953,69.69999694824219,69.71859741210938,13582.0
2024-10-25 11:42:00+00:00,STNE,11.460000038146973,11.460000038146973,11.460000038146973,11.453200340270996,11.460000038146973,4428.0
2024-10-25 11:42:00+00:00,STX,104.19499969482422,104.19499969482422,104.19499969482422,104.19180297851562,104.19499969482422,1101.0
2024-10-25 11:42:00+00:00,SWKS,96.43000030517578,96.43000030517578,96.43000030517578,96.41500091552734,96.41500091552734,908.0
2024-10-25 11:42:00+00:00,SWVL,3.358599901199341,3.358599901199341,3.358799934387207,3.358599901199341,3.358799934387207,769.0
2024-10-25 11:42:00+00:00,SYNA,73.62000274658203,73.62000274658203,73.62000274658203,73.62000274658203,73.62000274658203,200.0
2024-10-25 11:42:00+00:00,SYTA,1.2700999975204468,1.2700999975204468,1.2799999713897705,1.2700999975204468,1.2702000141143799,3175.0
2024-10-25 11:42:00+00:00,TEAM,190.0050048828125,190.0050048828125,190.0500030517578,189.69000244140625,189.69000244140625,9523.0
2024-10-25 11:42:00+00:00,TENB,41.540000915527344,41.540000915527344,41.540000915527344,41.540000915527344,41.540000915527344,415.0
2024-10-25 11:42:00+00:00,TER,113.16500091552734,113.16500091552734,113.19000244140625,113.01000213623047,113.05000305175781,5818.0
2024-10-25 11:42:00+00:00,TLS,3.6649999618530273,3.6649999618530273,3.6649999618530273,3.6649999618530273,3.6649999618530273,454.0
2024-10-25 11:42:00+00:00,TRMB,60.970001220703125,60.970001220703125,60.970001220703125,60.95000076293945,60.95000076293945,566.0
2024-10-25 11:42:00+00:00,TTD,119.68000030517578,119.68000030517578,119.70999908447266,119.40499877929688,119.40750122070312,11306.0
2024-10-25 11:42:00+00:00,TTMI,19.649999618530273,19.649999618530273,19.649999618530273,19.6200008392334,19.6200008392334,3275.0
2024-10-25 11:42:00+00:00,TWKS,4.449999809265137,4.449999809265137,4.454999923706055,4.449999809265137,4.449999809265137,11127.0
2024-10-25 11:42:00+00:00,TXN,208.9149932861328,208.9149932861328,209.02000427246094,208.75,208.75,5389.0
2024-10-25 11:42:00+00:00,UCTT,36.06999969482422,36.06999969482422,36.06999969482422,36.06990051269531,36.06990051269531,820.0
2024-10-25 11:42:00+00:00,VECO,29.65999984741211,29.65999984741211,29.65999984741211,29.65999984741211,29.65999984741211,1062.0
2024-10-25 11:42:00+00:00,VERI,3.430000066757202,3.430000066757202,3.430000066757202,3.430000066757202,3.430000066757202,161.0
2024-10-25 11:42:00+00:00,VERX,42.20000076293945,42.20000076293945,42.20000076293945,42.20000076293945,42.20000076293945,232.0
2024-10-25 11:42:00+00:00,VIAV,9.1899995803833,9.1899995803833,9.1899995803833,9.1899995803833,9.1899995803833,1307.0
2024-10-25 11:42:00+00:00,VNET,3.484999895095825,3.484999895095825,3.4899001121520996,3.484999895095825,3.4899001121520996,501.0
2024-10-25 11:42:00+00:00,VOXX,7.590000152587891,7.590000152587891,7.590000152587891,7.590000152587891,7.590000152587891,528.0
2024-10-25 11:42:00+00:00,VRNS,56.66999816894531,56.66999816894531,56.66999816894531,56.61000061035156,56.61000061035156,1138.0
2024-10-25 11:42:00+00:00,VRSN,186.43499755859375,186.43499755859375,186.43499755859375,186.1999969482422,186.1999969482422,3683.0
2024-10-25 11:42:00+00:00,VSAT,10.359999656677246,10.359999656677246,10.359999656677246,10.350000381469727,10.359999656677246,1635.0
2024-10-25 11:42:00+00:00,WDAY,240.22000122070312,240.22000122070312,240.22000122070312,240.09500122070312,240.09500122070312,2596.0
2024-10-25 11:42:00+00:00,WDC,71.86000061035156,71.86000061035156,71.86000061035156,71.66000366210938,71.80000305175781,15944.0
2024-10-25 11:42:00+00:00,WISA,1.8300000429153442,1.8300000429153442,1.8300000429153442,1.8300000429153442,1.8300000429153442,275.0
2024-10-25 11:42:00+00:00,WRAP,1.815000057220459,1.815000057220459,1.815000057220459,1.815000057220459,1.815000057220459,2223.0
2024-10-25 11:42:00+00:00,XRX,10.114999771118164,10.114999771118164,10.114999771118164,10.11400032043457,10.114999771118164,851.0
2024-10-25 11:42:00+00:00,ZI,10.505000114440918,10.505000114440918,10.510000228881836,10.505000114440918,10.510000228881836,2620.0
2024-10-25 11:42:00+00:00,ZM,73.05999755859375,73.05999755859375,73.05999755859375,73.0199966430664,73.04000091552734,3652.0
2024-10-25 11:43:00+00:00,AAOI,18.170000076293945,18.170000076293945,18.170000076293945,18.163299560546875,18.163299560546875,458.0
2024-10-25 11:43:00+00:00,AAPL,231.99020385742188,231.99020385742188,232.1750030517578,231.98500061035156,232.14500427246094,73003.0
2024-10-25 11:43:00+00:00,ACIW,48.83000183105469,48.83000183105469,48.84000015258789,48.83000183105469,48.84000015258789,641.0
2024-10-25 11:43:00+00:00,ACLS,90.33499908447266,90.33499908447266,90.33499908447266,90.30000305175781,90.32499694824219,2309.0
2024-10-25 11:43:00+00:00,ACMR,19.860000610351562,19.860000610351562,19.860000610351562,19.860000610351562,19.860000610351562,1008.0
2024-10-25 11:43:00+00:00,ADBE,484.4100036621094,484.4100036621094,484.5089111328125,484.07269287109375,484.07269287109375,1450.0
2024-10-25 11:43:00+00:00,ADI,233.5500030517578,233.5500030517578,233.6999969482422,233.5500030517578,233.6999969482422,3892.0
2024-10-25 11:43:00+00:00,ADSK,286.6099853515625,286.6099853515625,286.6099853515625,286.6099853515625,286.6099853515625,537.0
2024-10-25 11:43:00+00:00,AEHR,17.094999313354492,17.094999313354492,17.18000030517578,17.079999923706055,17.079999923706055,11973.0
2024-10-25 11:43:00+00:00,AFRM,41.59600067138672,41.59600067138672,41.652000427246094,41.58000183105469,41.652000427246094,15953.0
2024-10-25 11:43:00+00:00,ALGM,22.790000915527344,22.790000915527344,22.790000915527344,22.770000457763672,22.770000457763672,3533.0
2024-10-25 11:43:00+00:00,ALTR,103.94000244140625,103.94000244140625,103.94000244140625,103.94000244140625,103.94000244140625,231.0
2024-10-25 11:43:00+00:00,AMAT,187.9499969482422,187.9499969482422,188.16000366210938,187.9499969482422,188.08999633789062,10005.0
2024-10-25 11:43:00+00:00,AMBA,58.33000183105469,58.33000183105469,58.33000183105469,58.33000183105469,58.33000183105469,609.0
2024-10-25 11:43:00+00:00,AMD,157.6999969482422,157.6999969482422,157.7899932861328,157.67010498046875,157.74960327148438,32619.0
2024-10-25 11:43:00+00:00,AMKR,30.09000015258789,30.09000015258789,30.104999542236328,30.09000015258789,30.104999542236328,3524.0
2024-10-25 11:43:00+00:00,ANY,1.059999942779541,1.059999942779541,1.059999942779541,1.059999942779541,1.059999942779541,2103.0
2024-10-25 11:43:00+00:00,API,2.859999895095825,2.859999895095825,2.859999895095825,2.859999895095825,2.859999895095825,8429.0
2024-10-25 11:43:00+00:00,APP,162.1300048828125,162.1300048828125,162.1300048828125,161.97000122070312,161.97999572753906,3727.0
2024-10-25 11:43:00+00:00,APPF,215.0800018310547,215.0800018310547,215.0800018310547,215.0800018310547,215.0800018310547,594.0
2024-10-25 11:43:00+00:00,APPN,32.209999084472656,32.209999084472656,32.209999084472656,32.189998626708984,32.189998626708984,1656.0
2024-10-25 11:43:00+00:00,ARRY,6.445000171661377,6.445000171661377,6.445000171661377,6.434999942779541,6.445000171661377,17490.0
2024-10-25 11:43:00+00:00,ASML,717.8400268554688,717.8400268554688,717.8400268554688,717.8400268554688,717.8400268554688,856.0
2024-10-25 11:43:00+00:00,AUR,6.46999979019165,6.46999979019165,6.47629976272583,6.46999979019165,6.4704999923706055,1835.0
2024-10-25 11:43:00+00:00,AVDX,8.140000343322754,8.140000343322754,8.140000343322754,8.140000343322754,8.140000343322754,704.0
2024-10-25 11:43:00+00:00,AVGO,176.0800018310547,176.0800018310547,176.33999633789062,176.0800018310547,176.27999877929688,20173.0
2024-10-25 11:43:00+00:00,AVT,54.20000076293945,54.20000076293945,54.209999084472656,54.20000076293945,54.209999084472656,864.0
2024-10-25 11:43:00+00:00,AXTI,2.6893999576568604,2.6893999576568604,2.6893999576568604,2.6893999576568604,2.6893999576568604,2020.0
2024-10-25 11:43:00+00:00,BASE,16.421199798583984,16.421199798583984,16.421199798583984,16.421199798583984,16.421199798583984,1816.0
2024-10-25 11:43:00+00:00,BIGC,5.308800220489502,5.308800220489502,5.308800220489502,5.300000190734863,5.304999828338623,910.0
2024-10-25 11:43:00+00:00,BMBL,7.255000114440918,7.255000114440918,7.255000114440918,7.25,7.255000114440918,2773.0
2024-10-25 11:43:00+00:00,BRZE,30.700000762939453,30.700000762939453,30.700000762939453,30.690000534057617,30.690000534057617,1685.0
2024-10-25 11:43:00+00:00,CAMT,78.2699966430664,78.2699966430664,78.33000183105469,78.26000213623047,78.33000183105469,1039.0
2024-10-25 11:43:00+00:00,CAN,1.0095000267028809,1.0095000267028809,1.0095000267028809,1.00600004196167,1.00600004196167,2307.0
2024-10-25 11:43:00+00:00,CCSI,20.780000686645508,20.780000686645508,20.780000686645508,20.780000686645508,20.780000686645508,456.0
2024-10-25 11:43:00+00:00,CDNS,259.2662048339844,259.2662048339844,259.4800109863281,259.2200012207031,259.4800109863281,3804.0
2024-10-25 11:43:00+00:00,CDW,218.6699981689453,218.6699981689453,218.6699981689453,218.51499938964844,218.5800018310547,1012.0
2024-10-25 11:43:00+00:00,CETX,0.2969000041484833,0.2969000041484833,0.2969000041484833,0.2969000041484833,0.2969000041484833,1105.0
2024-10-25 11:43:00+00:00,CFLT,22.68000030517578,22.68000030517578,22.719999313354492,22.68000030517578,22.696300506591797,5554.0
2024-10-25 11:43:00+00:00,CGNX,38.974998474121094,38.974998474121094,38.9900016784668,38.970001220703125,38.9900016784668,1556.0
2024-10-25 11:43:00+00:00,CLBT,18.1200008392334,18.1200008392334,18.125,18.1200008392334,18.125,469.0
2024-10-25 11:43:00+00:00,CLSK,11.930000305175781,11.930000305175781,11.975000381469727,11.920000076293945,11.960000038146973,72754.0
2024-10-25 11:43:00+00:00,CNXC,44.810001373291016,44.810001373291016,44.810001373291016,44.80500030517578,44.80500030517578,659.0
2024-10-25 11:43:00+00:00,CNXN,70.13999938964844,70.13999938964844,70.13999938964844,70.13999938964844,70.13999938964844,262.0
2024-10-25 11:43:00+00:00,COHR,95.3499984741211,95.3499984741211,95.51000213623047,95.3499984741211,95.5,4862.0
2024-10-25 11:43:00+00:00,COIN,210.55999755859375,210.55999755859375,211.07000732421875,210.55999755859375,210.9781951904297,15875.0
2024-10-25 11:43:00+00:00,COMM,6.355000019073486,6.355000019073486,6.375,6.355000019073486,6.374000072479248,3999.0
2024-10-25 11:43:00+00:00,CORZ,13.3100004196167,13.3100004196167,13.329999923706055,13.300000190734863,13.329999923706055,25295.0
2024-10-25 11:43:00+00:00,CRCT,6.550000190734863,6.550000190734863,6.550000190734863,6.550000190734863,6.550000190734863,310.0
2024-10-25 11:43:00+00:00,CRDO,40.025001525878906,40.025001525878906,40.060001373291016,40.02000045776367,40.060001373291016,1919.0
2024-10-25 11:43:00+00:00,CRNC,2.9049999713897705,2.9049999713897705,2.9049999713897705,2.9000000953674316,2.9000000953674316,659.0
2024-10-25 11:43:00+00:00,CSCO,56.02000045776367,56.02000045776367,56.02000045776367,55.9900016784668,56.002498626708984,14290.0
2024-10-25 11:43:00+00:00,CSIQ,13.654999732971191,13.654999732971191,13.654999732971191,13.631500244140625,13.654999732971191,4608.0
2024-10-25 11:43:00+00:00,CTSH,74.63999938964844,74.63999938964844,74.68000030517578,74.63999938964844,74.67500305175781,3764.0
2024-10-25 11:43:00+00:00,CVLT,134.22000122070312,134.22000122070312,134.22000122070312,134.22000122070312,134.22000122070312,214.0
2024-10-25 11:43:00+00:00,DAKT,13.109999656677246,13.109999656677246,13.109999656677246,13.109999656677246,13.109999656677246,327.0
2024-10-25 11:43:00+00:00,DATS,1.570099949836731,1.570099949836731,1.570099949836731,1.5700000524520874,1.5700000524520874,16414.0
2024-10-25 11:43:00+00:00,DAVE,39.529998779296875,39.529998779296875,39.529998779296875,39.529998779296875,39.529998779296875,1509.0
2024-10-25 11:43:00+00:00,DBX,25.94499969482422,25.94499969482422,25.950000762939453,25.94499969482422,25.950000762939453,3331.0
2024-10-25 11:43:00+00:00,DDOG,127.33999633789062,127.33999633789062,127.47000122070312,127.33999633789062,127.47000122070312,7067.0
2024-10-25 11:43:00+00:00,DGHI,1.5494999885559082,1.5494999885559082,1.5494999885559082,1.5494999885559082,1.5494999885559082,5160.0
2024-10-25 11:43:00+00:00,DOCU,70.1500015258789,70.1500015258789,70.1500015258789,70.0999984741211,70.12999725341797,3426.0
2024-10-25 11:43:00+00:00,DOX,89.54000091552734,89.54000091552734,89.54000091552734,89.54000091552734,89.54000091552734,600.0
2024-10-25 11:43:00+00:00,DUOL,288.25,288.25,288.25,288.25,288.25,227.0
2024-10-25 11:43:00+00:00,EEFT,100.4000015258789,100.4000015258789,100.4000015258789,100.4000015258789,100.4000015258789,466.0
2024-10-25 11:43:00+00:00,EMKR,2.119999885559082,2.119999885559082,2.119999885559082,2.119999885559082,2.119999885559082,0.0
2024-10-25 11:43:00+00:00,ENPH,83.33000183105469,83.33000183105469,83.41999816894531,83.20999908447266,83.33999633789062,16509.0
2024-10-25 11:43:00+00:00,ERIC,8.486000061035156,8.486000061035156,8.486000061035156,8.486000061035156,8.486000061035156,4819.0
2024-10-25 11:43:00+00:00,EXLS,38.880001068115234,38.880001068115234,38.880001068115234,38.880001068115234,38.880001068115234,705.0
2024-10-25 11:43:00+00:00,FFIV,216.5050048828125,216.5050048828125,216.5050048828125,216.47999572753906,216.5,1271.0
2024-10-25 11:43:00+00:00,FIVN,30.420000076293945,30.420000076293945,30.434600830078125,30.420000076293945,30.434600830078125,63.0
2024-10-25 11:43:00+00:00,FLYW,17.530000686645508,17.530000686645508,17.530000686645508,17.520000457763672,17.520000457763672,862.0
2024-10-25 11:43:00+00:00,FORM,45.22999954223633,45.22999954223633,45.22999954223633,45.22999954223633,45.22999954223633,524.0
2024-10-25 11:43:00+00:00,FROG,29.389999389648438,29.389999389648438,29.420000076293945,29.344999313354492,29.344999313354492,3981.0
2024-10-25 11:43:00+00:00,FRSH,11.654999732971191,11.654999732971191,11.654999732971191,11.654999732971191,11.654999732971191,1947.0
2024-10-25 11:43:00+00:00,FSLR,200.09500122070312,200.09500122070312,200.1425018310547,199.97000122070312,200.13499450683594,3487.0
2024-10-25 11:43:00+00:00,FTCI,0.6633999943733215,0.6633999943733215,0.6633999943733215,0.6633999943733215,0.6633999943733215,1161.0
2024-10-25 11:43:00+00:00,FTNT,81.27999877929688,81.27999877929688,81.30000305175781,81.27999877929688,81.30000305175781,3984.0
2024-10-25 11:43:00+00:00,GCT,24.979999542236328,24.979999542236328,25.045000076293945,24.979999542236328,25.030000686645508,1801.0
2024-10-25 11:43:00+00:00,GDS,21.66990089416504,21.66990089416504,21.66990089416504,21.649999618530273,21.649999618530273,1548.0
2024-10-25 11:43:00+00:00,GDYN,15.569999694824219,15.569999694824219,15.569999694824219,15.569999694824219,15.569999694824219,544.0
2024-10-25 11:43:00+00:00,GFS,41.47999954223633,41.47999954223633,41.5,41.47999954223633,41.5,1282.0
2024-10-25 11:43:00+00:00,GILT,4.949999809265137,4.949999809265137,4.949999809265137,4.949999809265137,4.949999809265137,5.0
2024-10-25 11:43:00+00:00,GPRO,1.3350000381469727,1.3350000381469727,1.3350000381469727,1.3350000381469727,1.3350000381469727,766.0
2024-10-25 11:43:00+00:00,GRAB,4.085000038146973,4.085000038146973,4.090000152587891,4.0802998542785645,4.085000038146973,3199.0
2024-10-25 11:43:00+00:00,GSIT,3.4856998920440674,3.4856998920440674,3.4856998920440674,3.4856998920440674,3.4856998920440674,100.0
2024-10-25 11:43:00+00:00,GTLB,55.709999084472656,55.709999084472656,55.71500015258789,55.709999084472656,55.71500015258789,971.0
2024-10-25 11:43:00+00:00,HOLO,3.609999895095825,3.609999895095825,3.640000104904175,3.5799999237060547,3.630000114440918,25881.0
2024-10-25 11:43:00+00:00,HOOD,27.30500030517578,27.30500030517578,27.34000015258789,27.299999237060547,27.337400436401367,6720.0
2024-10-25 11:43:00+00:00,ICHR,27.760000228881836,27.760000228881836,27.81999969482422,27.729999542236328,27.799999237060547,5341.0
2024-10-25 11:43:00+00:00,IMMR,8.73799991607666,8.73799991607666,8.739999771118164,8.73799991607666,8.739999771118164,1362.0
2024-10-25 11:43:00+00:00,IMXI,17.649999618530273,17.649999618530273,17.649999618530273,17.649999618530273,17.649999618530273,491.0
2024-10-25 11:43:00+00:00,INDI,3.575000047683716,3.575000047683716,3.575000047683716,3.575000047683716,3.575000047683716,1189.0
2024-10-25 11:43:00+00:00,INOD,19.80699920654297,19.80699920654297,19.809999465942383,19.80699920654297,19.809999465942383,716.0
2024-10-25 11:43:00+00:00,INSG,19.934999465942383,19.934999465942383,19.934999465942383,19.934999465942383,19.934999465942383,1033.0
2024-10-25 11:43:00+00:00,INTC,23.130300521850586,23.130300521850586,23.149999618530273,23.1200008392334,23.12380027770996,110789.0
2024-10-25 11:43:00+00:00,IPGP,76.73999786376953,76.73999786376953,76.73999786376953,76.73999786376953,76.73999786376953,214.0
2024-10-25 11:43:00+00:00,JKHY,183.37249755859375,183.37249755859375,183.37249755859375,183.37249755859375,183.37249755859375,282.0
2024-10-25 11:43:00+00:00,KC,2.7200000286102295,2.7200000286102295,2.7200000286102295,2.7200000286102295,2.7200000286102295,119.0
2024-10-25 11:43:00+00:00,KLAC,680.1799926757812,680.1799926757812,681.5800170898438,680.1799926757812,681.02001953125,2133.0
2024-10-25 11:43:00+00:00,KOPN,0.7730000019073486,0.7730000019073486,0.7730000019073486,0.7730000019073486,0.7730000019073486,838.0
2024-10-25 11:43:00+00:00,LINK,4.670000076293945,4.670000076293945,4.670000076293945,4.660999774932861,4.660999774932861,685.0
2024-10-25 11:43:00+00:00,LITE,64.37000274658203,64.37000274658203,64.37000274658203,64.33999633789062,64.33999633789062,576.0
2024-10-25 11:43:00+00:00,LOGI,81.0,81.0,81.01000213623047,80.98999786376953,81.01000213623047,3000.0
2024-10-25 11:43:00+00:00,LPSN,1.179800033569336,1.179800033569336,1.179800033569336,1.179800033569336,1.179800033569336,336.0
2024-10-25 11:43:00+00:00,LRCX,79.02799987792969,79.02799987792969,79.13999938964844,79.0000991821289,79.0770034790039,32672.0
2024-10-25 11:43:00+00:00,LSCC,54.17499923706055,54.17499923706055,54.22999954223633,54.17499923706055,54.22999954223633,891.0
2024-10-25 11:43:00+00:00,LUNA,1.809999942779541,1.809999942779541,1.809999942779541,1.809999942779541,1.809999942779541,296.0
2024-10-25 11:43:00+00:00,LYFT,13.793999671936035,13.793999671936035,13.810099601745605,13.793999671936035,13.803999900817871,28904.0
2024-10-25 11:43:00+00:00,MAPS,0.8400999903678894,0.8400999903678894,0.8450999855995178,0.8399999737739563,0.8399999737739563,3526.0
2024-10-25 11:43:00+00:00,MAXN,5.755099773406982,5.755099773406982,5.755099773406982,5.7546000480651855,5.7546000480651855,260.0
2024-10-25 11:43:00+00:00,MCHP,77.16000366210938,77.16000366210938,77.18000030517578,77.1500015258789,77.18000030517578,4311.0
2024-10-25 11:43:00+00:00,MKSI,100.67500305175781,100.67500305175781,100.76000213623047,100.62000274658203,100.69000244140625,16729.0
2024-10-25 11:43:00+00:00,MKTW,0.5942999720573425,0.5942999720573425,0.5942999720573425,0.5942999720573425,0.5942999720573425,1414.0
2024-10-25 11:43:00+00:00,MNDY,300.4150085449219,300.4150085449219,300.4150085449219,300.260009765625,300.260009765625,3099.0
2024-10-25 11:43:00+00:00,MQ,5.264999866485596,5.264999866485596,5.264999866485596,5.264999866485596,5.264999866485596,1373.0
2024-10-25 11:43:00+00:00,MRVL,82.87999725341797,82.87999725341797,82.9800033569336,82.86000061035156,82.95999908447266,10009.0
2024-10-25 11:43:00+00:00,MSFT,430.0150146484375,430.0150146484375,430.3900146484375,429.989990234375,430.32000732421875,32521.0
2024-10-25 11:43:00+00:00,MSTR,241.77520751953125,241.77520751953125,242.47869873046875,241.75999450683594,242.2100067138672,40839.0
2024-10-25 11:43:00+00:00,MTSI,119.73999786376953,119.73999786376953,119.73999786376953,119.73999786376953,119.73999786376953,108.0
2024-10-25 11:43:00+00:00,MTTR,4.660999774932861,4.660999774932861,4.670000076293945,4.660999774932861,4.664999961853027,31147.0
2024-10-25 11:43:00+00:00,MU,109.30000305175781,109.30000305175781,109.45999908447266,109.30000305175781,109.41529846191406,26665.0
2024-10-25 11:43:00+00:00,MVIS,1.100000023841858,1.100000023841858,1.100000023841858,1.100000023841858,1.100000023841858,0.0
2024-10-25 11:43:00+00:00,MXL,15.069999694824219,15.069999694824219,15.069999694824219,15.010000228881836,15.010000228881836,1364.0
2024-10-25 11:43:00+00:00,NCNO,37.834999084472656,37.834999084472656,37.834999084472656,37.834999084472656,37.834999084472656,400.0
2024-10-25 11:43:00+00:00,NTAP,119.99800109863281,119.99800109863281,120.02999877929688,119.96499633789062,120.0,2988.0
2024-10-25 11:43:00+00:00,NTGR,20.389999389648438,20.389999389648438,20.389999389648438,20.389999389648438,20.389999389648438,604.0
2024-10-25 11:43:00+00:00,NTNX,62.16999816894531,62.16999816894531,62.16999816894531,62.16999816894531,62.16999816894531,386.0
2024-10-25 11:43:00+00:00,NVDA,143.5800018310547,143.5800018310547,143.68299865722656,143.57000732421875,143.6649932861328,325836.0
2024-10-25 11:43:00+00:00,NVEI,33.525001525878906,33.525001525878906,33.525001525878906,33.525001525878906,33.525001525878906,101.0
2024-10-25 11:43:00+00:00,NVTS,2.5739998817443848,2.5739998817443848,2.5739998817443848,2.569999933242798,2.569999933242798,520.0
2024-10-25 11:43:00+00:00,NXPI,244.75999450683594,244.75999450683594,244.92999267578125,244.75999450683594,244.92999267578125,2047.0
2024-10-25 11:43:00+00:00,OKTA,72.66000366210938,72.66000366210938,72.66000366210938,72.62000274658203,72.62999725341797,1722.0
2024-10-25 11:43:00+00:00,ON,71.8550033569336,71.8550033569336,72.0199966430664,71.83000183105469,72.0,26422.0
2024-10-25 11:43:00+00:00,OSIS,136.9149932861328,136.9149932861328,136.9149932861328,136.9149932861328,136.9149932861328,171.0
2024-10-25 11:43:00+00:00,PANW,369.1000061035156,369.1000061035156,369.2300109863281,369.1000061035156,369.2300109863281,3039.0
2024-10-25 11:43:00+00:00,PAYO,8.279999732971191,8.279999732971191,8.295000076293945,8.279999732971191,8.295000076293945,5464.0
2024-10-25 11:43:00+00:00,PEGA,80.58999633789062,80.58999633789062,80.5999984741211,80.58999633789062,80.5999984741211,1258.0
2024-10-25 11:43:00+00:00,PGY,11.8100004196167,11.8100004196167,11.8100004196167,11.789999961853027,11.789999961853027,1152.0
2024-10-25 11:43:00+00:00,PHUN,10.149900436401367,10.149900436401367,10.15999984741211,10.069999694824219,10.125,145807.0
2024-10-25 11:43:00+00:00,PI,204.59500122070312,204.59500122070312,204.6300048828125,204.3800048828125,204.44000244140625,4012.0
2024-10-25 11:43:00+00:00,PRTH,5.329999923706055,5.329999923706055,5.375,5.329999923706055,5.375,1531.0
2024-10-25 11:43:00+00:00,PUBM,14.949999809265137,14.949999809265137,14.949999809265137,14.944999694824219,14.944999694824219,314.0
2024-10-25 11:43:00+00:00,PYCR,14.354999542236328,14.354999542236328,14.354999542236328,14.350000381469727,14.354999542236328,2215.0
2024-10-25 11:43:00+00:00,QCOM,172.66000366210938,172.66000366210938,172.75999450683594,172.66000366210938,172.72999572753906,4759.0
2024-10-25 11:43:00+00:00,QRVO,100.19000244140625,100.19000244140625,100.2699966430664,100.19000244140625,100.2699966430664,2378.0
2024-10-25 11:43:00+00:00,QUBT,1.0501999855041504,1.0501999855041504,1.059999942779541,1.0499999523162842,1.059999942779541,4568.0
2024-10-25 11:43:00+00:00,RDVT,28.889999389648438,28.889999389648438,28.889999389648438,28.889999389648438,28.889999389648438,287.0
2024-10-25 11:43:00+00:00,REKR,1.0950000286102295,1.0950000286102295,1.0950000286102295,1.090000033378601,1.090000033378601,468.0
2024-10-25 11:43:00+00:00,RELY,14.734999656677246,14.734999656677246,14.734999656677246,14.734999656677246,14.734999656677246,1160.0
2024-10-25 11:43:00+00:00,RGTI,1.2400000095367432,1.2400000095367432,1.2400000095367432,1.2351000308990479,1.2351000308990479,615.0
2024-10-25 11:43:00+00:00,RIOT,10.03219985961914,10.03219985961914,10.048800468444824,10.029999732971191,10.045000076293945,21736.0
2024-10-25 11:43:00+00:00,RPAY,7.605000019073486,7.605000019073486,7.605000019073486,7.59499979019165,7.599999904632568,5336.0
2024-10-25 11:43:00+00:00,RPD,39.099998474121094,39.099998474121094,39.150001525878906,39.099998474121094,39.099998474121094,1137.0
2024-10-25 11:43:00+00:00,RUM,5.783299922943115,5.783299922943115,5.795000076293945,5.78000020980835,5.789999961853027,8298.0
2024-10-25 11:43:00+00:00,RUN,14.494999885559082,14.494999885559082,14.505000114440918,14.484100341796875,14.5,21089.0
2024-10-25 11:43:00+00:00,SATS,25.229999542236328,25.229999542236328,25.229999542236328,25.229999542236328,25.229999542236328,205.0
2024-10-25 11:43:00+00:00,SCSC,44.959999084472656,44.959999084472656,44.959999084472656,44.959999084472656,44.959999084472656,320.0
2024-10-25 11:43:00+00:00,SCWX,8.385000228881836,8.385000228881836,8.385000228881836,8.385000228881836,8.385000228881836,841.0
2024-10-25 11:43:00+00:00,SEDG,15.979999542236328,15.979999542236328,16.000999450683594,15.979999542236328,16.0,9270.0
2024-10-25 11:43:00+00:00,SHLS,5.324999809265137,5.324999809265137,5.324999809265137,5.320000171661377,5.324999809265137,6057.0
2024-10-25 11:43:00+00:00,SILC,12.994999885559082,12.994999885559082,12.994999885559082,12.994999885559082,12.994999885559082,380.0
2024-10-25 11:43:00+00:00,SKYT,10.648099899291992,10.648099899291992,10.664999961853027,10.648099899291992,10.664999961853027,1347.0
2024-10-25 11:43:00+00:00,SLNHP,12.979999542236328,12.979999542236328,12.979999542236328,12.970000267028809,12.970000267028809,1150.0
2024-10-25 11:43:00+00:00,SMCI,47.619998931884766,47.619998931884766,47.65999984741211,47.599998474121094,47.630001068115234,77453.0
2024-10-25 11:43:00+00:00,SNPS,502.7950134277344,502.7950134277344,502.7950134277344,502.4800109863281,502.4800109863281,454.0
2024-10-25 11:43:00+00:00,SONO,12.8100004196167,12.8100004196167,12.8100004196167,12.8100004196167,12.8100004196167,447.0
2024-10-25 11:43:00+00:00,SOUN,5.2891998291015625,5.2891998291015625,5.300000190734863,5.280099868774414,5.295000076293945,19830.0
2024-10-25 11:43:00+00:00,SSNC,69.72250366210938,69.72250366210938,69.7300033569336,69.72000122070312,69.7300033569336,3296.0
2024-10-25 11:43:00+00:00,SSTI,11.475000381469727,11.475000381469727,11.475000381469727,11.475000381469727,11.475000381469727,195.0
2024-10-25 11:43:00+00:00,STNE,11.470000267028809,11.470000267028809,11.470000267028809,11.449999809265137,11.454999923706055,24468.0
2024-10-25 11:43:00+00:00,STX,104.1449966430664,104.1449966430664,104.23999786376953,104.13999938964844,104.2300033569336,3549.0
2024-10-25 11:43:00+00:00,SWKS,96.41999816894531,96.41999816894531,96.4800033569336,96.41999816894531,96.4800033569336,4139.0
2024-10-25 11:43:00+00:00,SWVL,3.25,3.25,3.308300018310547,3.25,3.308300018310547,1109.0
2024-10-25 11:43:00+00:00,SYNA,73.56999969482422,73.56999969482422,73.69999694824219,73.56999969482422,73.69000244140625,3036.0
2024-10-25 11:43:00+00:00,SYTA,1.2702000141143799,1.2702000141143799,1.2702000141143799,1.2702000141143799,1.2702000141143799,4452.0
2024-10-25 11:43:00+00:00,TAOP,0.45820000767707825,0.45820000767707825,0.45820000767707825,0.45820000767707825,0.45820000767707825,2701.0
2024-10-25 11:43:00+00:00,TASK,11.944999694824219,11.944999694824219,11.944999694824219,11.944999694824219,11.944999694824219,265.0
2024-10-25 11:43:00+00:00,TEAM,190.07000732421875,190.07000732421875,190.07000732421875,190.0050048828125,190.0050048828125,873.0
2024-10-25 11:43:00+00:00,TENB,41.56999969482422,41.56999969482422,41.56999969482422,41.56999969482422,41.56999969482422,339.0
2024-10-25 11:43:00+00:00,TER,113.13500213623047,113.13500213623047,113.18000030517578,113.12999725341797,113.18000030517578,2017.0
2024-10-25 11:43:00+00:00,TLS,3.6649999618530273,3.6649999618530273,3.6649999618530273,3.6649999618530273,3.6649999618530273,900.0
2024-10-25 11:43:00+00:00,TRMB,60.95000076293945,60.95000076293945,60.959999084472656,60.95000076293945,60.959999084472656,546.0
2024-10-25 11:43:00+00:00,TTD,119.66999816894531,119.66999816894531,119.73999786376953,119.66999816894531,119.69000244140625,2395.0
2024-10-25 11:43:00+00:00,TWKS,4.449999809265137,4.449999809265137,4.449999809265137,4.449999809265137,4.449999809265137,1088.0
2024-10-25 11:43:00+00:00,TXN,208.9550018310547,208.9550018310547,209.02000427246094,208.89999389648438,209.02000427246094,6678.0
2024-10-25 11:43:00+00:00,UCTT,36.22999954223633,36.22999954223633,36.2599983215332,36.099998474121094,36.099998474121094,4286.0
2024-10-25 11:43:00+00:00,VMEO,4.75,4.75,4.75,4.75,4.75,3425.0
2024-10-25 11:43:00+00:00,VRNS,56.66999816894531,56.66999816894531,56.66999816894531,56.66999816894531,56.66999816894531,2418.0
2024-10-25 11:43:00+00:00,VRNT,22.209999084472656,22.209999084472656,22.209999084472656,22.18000030517578,22.18000030517578,1885.0
2024-10-25 11:43:00+00:00,VSAT,10.359999656677246,10.359999656677246,10.369999885559082,10.359999656677246,10.369999885559082,574.0
2024-10-25 11:43:00+00:00,VUZI,1.3236000537872314,1.3236000537872314,1.3236000537872314,1.323199987411499,1.323199987411499,1732.0
2024-10-25 11:43:00+00:00,WDC,71.7300033569336,71.7300033569336,71.93000030517578,71.7300033569336,71.87000274658203,22379.0
2024-10-25 11:43:00+00:00,WISA,1.8300000429153442,1.8300000429153442,1.8300000429153442,1.8200000524520874,1.8250000476837158,7480.0
2024-10-25 11:43:00+00:00,XPER,9.430000305175781,9.430000305175781,9.449999809265137,9.430000305175781,9.449999809265137,1054.0
2024-10-25 11:43:00+00:00,XRX,10.114999771118164,10.114999771118164,10.114999771118164,10.114999771118164,10.114999771118164,200.0
2024-10-25 11:43:00+00:00,ZI,10.505000114440918,10.505000114440918,10.510000228881836,10.505000114440918,10.510000228881836,847.0
2024-10-25 11:43:00+00:00,ZM,73.08999633789062,73.08999633789062,73.08999633789062,73.08000183105469,73.08000183105469,2214.0
2024-10-25 11:43:00+00:00,ZS,186.10000610351562,186.10000610351562,186.17999267578125,186.10000610351562,186.17999267578125,473.0
2024-10-25 11:44:00+00:00,AAOI,18.190000534057617,18.190000534057617,18.219999313354492,18.190000534057617,18.190000534057617,1644.0
2024-10-25 11:44:00+00:00,AAPL,232.08999633789062,232.08999633789062,232.10000610351562,231.96499633789062,231.97999572753906,62053.0
2024-10-25 11:44:00+00:00,ACIW,48.83000183105469,48.83000183105469,48.83000183105469,48.83000183105469,48.83000183105469,304.0
2024-10-25 11:44:00+00:00,ACLS,90.3499984741211,90.3499984741211,90.51000213623047,90.33000183105469,90.37999725341797,7515.0
2024-10-25 11:44:00+00:00,ACMR,19.84000015258789,19.84000015258789,19.84000015258789,19.832000732421875,19.832000732421875,775.0
2024-10-25 11:44:00+00:00,ADBE,484.739990234375,484.739990234375,484.7900085449219,484.4100036621094,484.4100036621094,3376.0
2024-10-25 11:44:00+00:00,ADI,233.69000244140625,233.69000244140625,233.74000549316406,233.69000244140625,233.69000244140625,1699.0
2024-10-25 11:44:00+00:00,ADSK,286.7900085449219,286.7900085449219,286.79400634765625,286.7200012207031,286.7200012207031,967.0
2024-10-25 11:44:00+00:00,AEHR,17.149999618530273,17.149999618530273,17.15999984741211,17.09000015258789,17.100000381469727,19251.0
2024-10-25 11:44:00+00:00,AFRM,41.61000061035156,41.61000061035156,41.63990020751953,41.59000015258789,41.59000015258789,4117.0
2024-10-25 11:44:00+00:00,AGYS,112.5,112.5,112.5,112.5,112.5,295.0
2024-10-25 11:44:00+00:00,AKAM,103.12000274658203,103.12000274658203,103.12000274658203,103.12000274658203,103.12000274658203,204.0
2024-10-25 11:44:00+00:00,AKTS,0.05770000070333481,0.05770000070333481,0.05770000070333481,0.05770000070333481,0.05770000070333481,33450.0
2024-10-25 11:44:00+00:00,ALGM,22.825000762939453,22.825000762939453,22.829999923706055,22.770000457763672,22.78499984741211,6581.0
2024-10-25 11:44:00+00:00,ALKT,38.060001373291016,38.060001373291016,38.095001220703125,38.060001373291016,38.095001220703125,687.0
2024-10-25 11:44:00+00:00,ALRM,54.68000030517578,54.68000030517578,54.68000030517578,54.68000030517578,54.68000030517578,166.0
2024-10-25 11:44:00+00:00,ALTR,104.19000244140625,104.19000244140625,104.19000244140625,104.00499725341797,104.00499725341797,1983.0
2024-10-25 11:44:00+00:00,AMAT,188.00999450683594,188.00999450683594,188.0399932861328,187.89999389648438,187.89999389648438,11491.0
2024-10-25 11:44:00+00:00,AMD,157.86000061035156,157.86000061035156,157.86000061035156,157.6540069580078,157.6699981689453,48895.0
2024-10-25 11:44:00+00:00,AMKR,30.1299991607666,30.1299991607666,30.139999389648438,30.110000610351562,30.110000610351562,2668.0
2024-10-25 11:44:00+00:00,ANSS,325.94000244140625,325.94000244140625,325.94000244140625,325.6199951171875,325.6199951171875,482.0
2024-10-25 11:44:00+00:00,API,2.8499999046325684,2.8499999046325684,2.8580000400543213,2.8499999046325684,2.8550000190734863,3353.0
2024-10-25 11:44:00+00:00,APP,162.1699981689453,162.1699981689453,162.22250366210938,162.08999633789062,162.08999633789062,4134.0
2024-10-25 11:44:00+00:00,APPF,215.0800018310547,215.0800018310547,215.0800018310547,214.83999633789062,214.83999633789062,2110.0
2024-10-25 11:44:00+00:00,APPS,3.0950000286102295,3.0950000286102295,3.0950000286102295,3.0899999141693115,3.0899999141693115,644.0
2024-10-25 11:44:00+00:00,ARRY,6.445000171661377,6.445000171661377,6.449999809265137,6.445000171661377,6.445000171661377,6659.0
2024-10-25 11:44:00+00:00,ASML,717.4832153320312,717.4832153320312,717.4832153320312,717.0,717.0999755859375,1792.0
2024-10-25 11:44:00+00:00,ASUR,9.725000381469727,9.725000381469727,9.725000381469727,9.725000381469727,9.725000381469727,338.0
2024-10-25 11:44:00+00:00,AUR,6.460000038146973,6.460000038146973,6.469900131225586,6.460000038146973,6.469900131225586,7525.0
2024-10-25 11:44:00+00:00,AVDX,8.149999618530273,8.149999618530273,8.149999618530273,8.149999618530273,8.149999618530273,787.0
2024-10-25 11:44:00+00:00,AVGO,176.25999450683594,176.25999450683594,176.27000427246094,176.0500030517578,176.10000610351562,26671.0
2024-10-25 11:44:00+00:00,AVT,54.217498779296875,54.217498779296875,54.22999954223633,54.217498779296875,54.22999954223633,746.0
2024-10-25 11:44:00+00:00,AXTI,2.700000047683716,2.700000047683716,2.7200000286102295,2.684999942779541,2.684999942779541,3679.0
2024-10-25 11:44:00+00:00,AZPN,235.9600067138672,235.9600067138672,235.9600067138672,235.58999633789062,235.58999633789062,484.0
2024-10-25 11:44:00+00:00,BAND,17.700000762939453,17.700000762939453,17.700000762939453,17.700000762939453,17.700000762939453,266.0
2024-10-25 11:44:00+00:00,BIGC,5.300000190734863,5.300000190734863,5.300000190734863,5.300000190734863,5.300000190734863,1091.0
2024-10-25 11:44:00+00:00,BRZE,30.719999313354492,30.719999313354492,30.719999313354492,30.686399459838867,30.690000534057617,4325.0
2024-10-25 11:44:00+00:00,CAN,1.0,1.0,1.00600004196167,1.0,1.0049999952316284,61590.0
2024-10-25 11:44:00+00:00,CCSI,20.729999542236328,20.729999542236328,20.729999542236328,20.709999084472656,20.709999084472656,686.0
2024-10-25 11:44:00+00:00,CDNS,259.5299987792969,259.5299987792969,259.5299987792969,259.1650085449219,259.1650085449219,3528.0
2024-10-25 11:44:00+00:00,CETX,0.29660001397132874,0.29660001397132874,0.29679998755455017,0.2957000136375427,0.29580000042915344,1973.0
2024-10-25 11:44:00+00:00,CEVA,24.149999618530273,24.149999618530273,24.184999465942383,24.149999618530273,24.184999465942383,1242.0
2024-10-25 11:44:00+00:00,CFLT,22.690000534057617,22.690000534057617,22.700000762939453,22.68549919128418,22.690000534057617,3299.0
2024-10-25 11:44:00+00:00,CGNX,39.0,39.0,39.0099983215332,38.97999954223633,38.97999954223633,1589.0
2024-10-25 11:44:00+00:00,CLBT,18.128000259399414,18.128000259399414,18.128000259399414,18.110000610351562,18.110000610351562,674.0
2024-10-25 11:44:00+00:00,CLSK,11.960000038146973,11.960000038146973,11.970000267028809,11.90999984741211,11.92650032043457,128039.0
2024-10-25 11:44:00+00:00,CMTL,3.7149999141693115,3.7149999141693115,3.7149999141693115,3.7149999141693115,3.7149999141693115,883.0
2024-10-25 11:44:00+00:00,CNXC,44.86000061035156,44.86000061035156,44.86000061035156,44.86000061035156,44.86000061035156,1069.0
2024-10-25 11:44:00+00:00,COHR,95.3499984741211,95.3499984741211,95.3550033569336,95.29000091552734,95.33999633789062,3288.0
2024-10-25 11:44:00+00:00,COIN,210.8300018310547,210.8300018310547,210.8498992919922,210.41000366210938,210.5500030517578,21024.0
2024-10-25 11:44:00+00:00,COMM,6.355000019073486,6.355000019073486,6.355000019073486,6.355000019073486,6.355000019073486,1462.0
2024-10-25 11:44:00+00:00,CORZ,13.300000190734863,13.300000190734863,13.329999923706055,13.300000190734863,13.3100004196167,53743.0
2024-10-25 11:44:00+00:00,CRDO,40.040000915527344,40.040000915527344,40.040000915527344,40.0,40.0,1102.0
2024-10-25 11:44:00+00:00,CRUS,123.45999908447266,123.45999908447266,123.47000122070312,123.45999908447266,123.47000122070312,1814.0
2024-10-25 11:44:00+00:00,CRWD,308.8699951171875,308.8699951171875,308.8699951171875,308.6700134277344,308.6700134277344,1939.0
2024-10-25 11:44:00+00:00,CSCO,56.025001525878906,56.025001525878906,56.029998779296875,56.01499938964844,56.020999908447266,7445.0
2024-10-25 11:44:00+00:00,CSIQ,13.670000076293945,13.670000076293945,13.676199913024902,13.651599884033203,13.656599998474121,3232.0
2024-10-25 11:44:00+00:00,CTSH,74.68000030517578,74.68000030517578,74.68000030517578,74.67500305175781,74.68000030517578,1101.0
2024-10-25 11:44:00+00:00,DATS,1.5800000429153442,1.5800000429153442,1.5800000429153442,1.5499999523162842,1.5499999523162842,22681.0
2024-10-25 11:44:00+00:00,DAVE,39.41999816894531,39.41999816894531,39.41999816894531,39.41999816894531,39.41999816894531,133.0
2024-10-25 11:44:00+00:00,DBX,25.969999313354492,25.969999313354492,25.969999313354492,25.950000762939453,25.950000762939453,1507.0
2024-10-25 11:44:00+00:00,DCBO,45.869998931884766,45.869998931884766,45.900001525878906,45.777000427246094,45.880001068115234,1935.0
2024-10-25 11:44:00+00:00,DDOG,127.37999725341797,127.37999725341797,127.45999908447266,127.3550033569336,127.3550033569336,5870.0
2024-10-25 11:44:00+00:00,DGHI,1.5444999933242798,1.5444999933242798,1.5449999570846558,1.5444999933242798,1.5449999570846558,1360.0
2024-10-25 11:44:00+00:00,DOCU,70.125,70.125,70.15499877929688,70.125,70.125,1929.0
2024-10-25 11:44:00+00:00,DUOL,288.25,288.25,288.25,288.25,288.25,1902.0
2024-10-25 11:44:00+00:00,EEFT,100.48999786376953,100.48999786376953,100.58999633789062,100.4000015258789,100.4000015258789,3076.0
2024-10-25 11:44:00+00:00,ENPH,83.48999786376953,83.48999786376953,83.54499816894531,83.2750015258789,83.2750015258789,9922.0
2024-10-25 11:44:00+00:00,ENTG,105.63999938964844,105.63999938964844,105.7699966430664,105.63999938964844,105.70500183105469,2977.0
2024-10-25 11:44:00+00:00,ERIC,8.475000381469727,8.475000381469727,8.479999542236328,8.470499992370605,8.479999542236328,170306.0
2024-10-25 11:44:00+00:00,EXFY,1.7050000429153442,1.7050000429153442,1.7050000429153442,1.7050000429153442,1.7050000429153442,482.0
2024-10-25 11:44:00+00:00,EXLS,38.875,38.875,38.875,38.875,38.875,490.0
2024-10-25 11:44:00+00:00,EXTR,14.449999809265137,14.449999809265137,14.449999809265137,14.444999694824219,14.444999694824219,602.0
2024-10-25 11:44:00+00:00,FFIV,216.46499633789062,216.46499633789062,216.46499633789062,216.46499633789062,216.46499633789062,435.0
2024-10-25 11:44:00+00:00,FIVN,30.440000534057617,30.440000534057617,30.440000534057617,30.434999465942383,30.434999465942383,429.0
2024-10-25 11:44:00+00:00,FLEX,35.27000045776367,35.27000045776367,35.27000045776367,35.2599983215332,35.2599983215332,2582.0
2024-10-25 11:44:00+00:00,FLYW,17.530000686645508,17.530000686645508,17.549999237060547,17.530000686645508,17.530000686645508,1247.0
2024-10-25 11:44:00+00:00,FORM,45.25,45.25,45.25,45.22999954223633,45.22999954223633,368.0
2024-10-25 11:44:00+00:00,FROG,29.389999389648438,29.389999389648438,29.389999389648438,29.389999389648438,29.389999389648438,342.0
2024-10-25 11:44:00+00:00,FRSH,11.654999732971191,11.654999732971191,11.65999984741211,11.654999732971191,11.65999984741211,3389.0
2024-10-25 11:44:00+00:00,FSLR,200.24000549316406,200.24000549316406,200.3699951171875,200.17999267578125,200.25999450683594,6820.0
2024-10-25 11:44:00+00:00,FTNT,81.31999969482422,81.31999969482422,81.31999969482422,81.2300033569336,81.27999877929688,8065.0
2024-10-25 11:44:00+00:00,GDS,21.65999984741211,21.65999984741211,21.65999984741211,21.65999984741211,21.65999984741211,313.0
2024-10-25 11:44:00+00:00,GFS,41.52000045776367,41.52000045776367,41.52000045776367,41.47999954223633,41.5,2699.0
2024-10-25 11:44:00+00:00,GILT,4.949999809265137,4.949999809265137,4.949999809265137,4.949999809265137,4.949999809265137,409.0
2024-10-25 11:44:00+00:00,GPRO,1.3350000381469727,1.3350000381469727,1.3350000381469727,1.3350000381469727,1.3350000381469727,200.0
2024-10-25 11:44:00+00:00,GRAB,4.089900016784668,4.089900016784668,4.089900016784668,4.079999923706055,4.085000038146973,13113.0
2024-10-25 11:44:00+00:00,GSIT,3.48799991607666,3.48799991607666,3.4967000484466553,3.484999895095825,3.484999895095825,1004.0
2024-10-25 11:44:00+00:00,GTLB,55.72999954223633,55.72999954223633,55.72999954223633,55.72999954223633,55.72999954223633,336.0
2024-10-25 11:44:00+00:00,HLIT,14.779999732971191,14.779999732971191,14.779999732971191,14.779999732971191,14.779999732971191,1128.0
2024-10-25 11:44:00+00:00,HOLO,3.6098999977111816,3.6098999977111816,3.609999895095825,3.590100049972534,3.6080000400543213,24777.0
2024-10-25 11:44:00+00:00,HOOD,27.34000015258789,27.34000015258789,27.34000015258789,27.280000686645508,27.299999237060547,36409.0
2024-10-25 11:44:00+00:00,IDAI,0.2295999974012375,0.2295999974012375,0.2295999974012375,0.2295999974012375,0.2295999974012375,5081.0
2024-10-25 11:44:00+00:00,INDI,3.5799999237060547,3.5799999237060547,3.5799999237060547,3.5799999237060547,3.5799999237060547,609.0
2024-10-25 11:44:00+00:00,INTA,49.875,49.875,49.875,49.875,49.875,246.0
2024-10-25 11:44:00+00:00,INTC,23.15999984741211,23.15999984741211,23.15999984741211,23.1299991607666,23.133800506591797,62094.0
2024-10-25 11:44:00+00:00,IPGP,76.80999755859375,76.80999755859375,76.83999633789062,76.79000091552734,76.79000091552734,2882.0
2024-10-25 11:44:00+00:00,JAMF,16.795000076293945,16.795000076293945,16.795000076293945,16.795000076293945,16.795000076293945,1844.0
2024-10-25 11:44:00+00:00,JKHY,183.38499450683594,183.38499450683594,183.38499450683594,183.38499450683594,183.38499450683594,164.0
2024-10-25 11:44:00+00:00,KC,2.7149999141693115,2.7149999141693115,2.7200000286102295,2.7123000621795654,2.7149999141693115,4569.0
2024-10-25 11:44:00+00:00,KLIC,44.31999969482422,44.31999969482422,44.31999969482422,44.31999969482422,44.31999969482422,855.0
2024-10-25 11:44:00+00:00,LINK,4.658299922943115,4.658299922943115,4.758800029754639,4.579999923706055,4.758800029754639,8065.0
2024-10-25 11:44:00+00:00,LITE,64.41000366210938,64.41000366210938,64.41000366210938,64.3550033569336,64.3550033569336,764.0
2024-10-25 11:44:00+00:00,LOGI,81.02999877929688,81.02999877929688,81.02999877929688,81.02999877929688,81.02999877929688,584.0
2024-10-25 11:44:00+00:00,LRCX,79.0199966430664,79.0199966430664,79.06999969482422,78.95010375976562,79.01000213623047,24895.0
2024-10-25 11:44:00+00:00,LSCC,54.20000076293945,54.20000076293945,54.20000076293945,54.130001068115234,54.130001068115234,3305.0
2024-10-25 11:44:00+00:00,LYFT,13.805000305175781,13.805000305175781,13.805000305175781,13.789999961853027,13.795000076293945,99993.0
2024-10-25 11:44:00+00:00,MANH,274.6099853515625,274.6099853515625,274.7749938964844,274.6099853515625,274.7749938964844,2571.0
2024-10-25 11:44:00+00:00,MAXN,5.78000020980835,5.78000020980835,5.78000020980835,5.78000020980835,5.78000020980835,150.0
2024-10-25 11:44:00+00:00,MCHP,77.2300033569336,77.2300033569336,77.2300033569336,77.16000366210938,77.16000366210938,4223.0
2024-10-25 11:44:00+00:00,MITK,8.770000457763672,8.770000457763672,8.779999732971191,8.770000457763672,8.779999732971191,222.0
2024-10-25 11:44:00+00:00,MKSI,100.7300033569336,100.7300033569336,100.7300033569336,100.6500015258789,100.70999908447266,5712.0
2024-10-25 11:44:00+00:00,MOB,1.3100999593734741,1.3100999593734741,1.3100999593734741,1.309999942779541,1.309999942779541,4874.0
2024-10-25 11:44:00+00:00,MPWR,915.5399780273438,915.5399780273438,916.6099853515625,914.6500244140625,914.6500244140625,1669.0
2024-10-25 11:44:00+00:00,MQ,5.264999866485596,5.264999866485596,5.264999866485596,5.264999866485596,5.264999866485596,617.0
2024-10-25 11:44:00+00:00,MRVL,82.95989990234375,82.95989990234375,82.95999908447266,82.87999725341797,82.88500213623047,7548.0
2024-10-25 11:44:00+00:00,MSFT,430.239990234375,430.239990234375,430.239990234375,430.0249938964844,430.0400085449219,25880.0
2024-10-25 11:44:00+00:00,MSTR,241.75,241.75,242.04530334472656,240.80999755859375,241.75999450683594,78959.0
2024-10-25 11:44:00+00:00,MTLS,5.949999809265137,5.949999809265137,5.969900131225586,5.949999809265137,5.969900131225586,305.0
2024-10-25 11:44:00+00:00,MTSI,119.55999755859375,119.55999755859375,119.55999755859375,119.54329681396484,119.54329681396484,2170.0
2024-10-25 11:44:00+00:00,MTTR,4.664999961853027,4.664999961853027,4.665999889373779,4.664999961853027,4.665999889373779,400.0
2024-10-25 11:44:00+00:00,MU,109.34290313720703,109.34290313720703,109.36699676513672,109.2750015258789,109.27999877929688,16636.0
2024-10-25 11:44:00+00:00,MVIS,1.0917999744415283,1.0917999744415283,1.100000023841858,1.0917999744415283,1.100000023841858,3128.0
2024-10-25 11:44:00+00:00,MXL,15.085000038146973,15.085000038146973,15.09000015258789,15.069999694824219,15.069999694824219,2178.0
2024-10-25 11:44:00+00:00,NCNO,37.834999084472656,37.834999084472656,37.834999084472656,37.81999969482422,37.834999084472656,1749.0
2024-10-25 11:44:00+00:00,NNDM,2.319999933242798,2.319999933242798,2.325000047683716,2.319999933242798,2.325000047683716,4707.0
2024-10-25 11:44:00+00:00,NTNX,62.33000183105469,62.33000183105469,62.33000183105469,62.17100143432617,62.185001373291016,9735.0
2024-10-25 11:44:00+00:00,NVDA,143.625,143.625,143.64999389648438,143.5,143.56500244140625,283613.0
2024-10-25 11:44:00+00:00,NVEI,33.529998779296875,33.529998779296875,33.529998779296875,33.525001525878906,33.525001525878906,302.0
2024-10-25 11:44:00+00:00,NVTS,2.5799999237060547,2.5799999237060547,2.5799999237060547,2.5799999237060547,2.5799999237060547,2046.0
2024-10-25 11:44:00+00:00,NXPI,244.77999877929688,244.77999877929688,244.77999877929688,244.6199951171875,244.6199951171875,1970.0
2024-10-25 11:44:00+00:00,ON,71.91500091552734,71.91500091552734,71.94000244140625,71.83999633789062,71.83999633789062,10301.0
2024-10-25 11:44:00+00:00,OSIS,136.5850067138672,136.5850067138672,136.5850067138672,136.5850067138672,136.5850067138672,340.0
2024-10-25 11:44:00+00:00,PANW,369.3699951171875,369.3699951171875,369.3699951171875,369.2250061035156,369.2699890136719,4033.0
2024-10-25 11:44:00+00:00,PAYO,8.28499984741211,8.28499984741211,8.28499984741211,8.274999618530273,8.274999618530273,7324.0
2024-10-25 11:44:00+00:00,PEGA,80.54350280761719,80.54350280761719,80.54350280761719,80.54350280761719,80.54350280761719,1242.0
2024-10-25 11:44:00+00:00,PEGY,4.679999828338623,4.679999828338623,4.7153000831604,4.671999931335449,4.7153000831604,1397.0
2024-10-25 11:44:00+00:00,PGY,11.8100004196167,11.8100004196167,11.8100004196167,11.8100004196167,11.8100004196167,639.0
2024-10-25 11:44:00+00:00,PHUN,10.100000381469727,10.100000381469727,10.141400337219238,10.039999961853027,10.141400337219238,87330.0
2024-10-25 11:44:00+00:00,PRGS,64.75,64.75,64.75,64.66999816894531,64.66999816894531,1351.0
2024-10-25 11:44:00+00:00,PTC,186.19000244140625,186.19000244140625,186.19000244140625,186.19000244140625,186.19000244140625,595.0
2024-10-25 11:44:00+00:00,PYCR,14.354999542236328,14.354999542236328,14.359999656677246,14.354999542236328,14.354999542236328,1764.0
2024-10-25 11:44:00+00:00,QCOM,172.7899932861328,172.7899932861328,172.7899932861328,172.60000610351562,172.61000061035156,5177.0
2024-10-25 11:44:00+00:00,QRVO,100.16000366210938,100.16000366210938,100.19000244140625,100.12000274658203,100.12000274658203,1683.0
2024-10-25 11:44:00+00:00,QUBT,1.0499999523162842,1.0499999523162842,1.059999942779541,1.0499999523162842,1.0499999523162842,19651.0
2024-10-25 11:44:00+00:00,QUIK,8.60200023651123,8.60200023651123,8.60200023651123,8.60200023651123,8.60200023651123,231.0
2024-10-25 11:44:00+00:00,RCAT,2.755000114440918,2.755000114440918,2.755000114440918,2.755000114440918,2.755000114440918,234.0
2024-10-25 11:44:00+00:00,RDWR,22.444000244140625,22.444000244140625,22.444000244140625,22.444000244140625,22.444000244140625,372.0
2024-10-25 11:44:00+00:00,REKR,1.090000033378601,1.090000033378601,1.090000033378601,1.090000033378601,1.090000033378601,400.0
2024-10-25 11:44:00+00:00,RELY,14.744999885559082,14.744999885559082,14.744999885559082,14.739999771118164,14.739999771118164,625.0
2024-10-25 11:44:00+00:00,RGTI,1.2350000143051147,1.2350000143051147,1.2400000095367432,1.2350000143051147,1.2400000095367432,1887.0
2024-10-25 11:44:00+00:00,RIOT,10.050000190734863,10.050000190734863,10.055000305175781,10.030099868774414,10.030099868774414,32230.0
2024-10-25 11:44:00+00:00,RMBS,43.349998474121094,43.349998474121094,43.349998474121094,43.279998779296875,43.279998779296875,4123.0
2024-10-25 11:44:00+00:00,RPD,39.099998474121094,39.099998474121094,39.099998474121094,39.099998474121094,39.099998474121094,1648.0
2024-10-25 11:44:00+00:00,RUM,5.78000020980835,5.78000020980835,5.784999847412109,5.78000020980835,5.784999847412109,3141.0
2024-10-25 11:44:00+00:00,RUN,14.510000228881836,14.510000228881836,14.510000228881836,14.493800163269043,14.5,13498.0
2024-10-25 11:44:00+00:00,RXT,2.5399999618530273,2.5399999618530273,2.5399999618530273,2.5399999618530273,2.5399999618530273,1048.0
2024-10-25 11:44:00+00:00,SATS,25.219999313354492,25.219999313354492,25.219999313354492,25.219999313354492,25.219999313354492,769.0
2024-10-25 11:44:00+00:00,SCSC,44.959999084472656,44.959999084472656,44.959999084472656,44.959999084472656,44.959999084472656,903.0
2024-10-25 11:44:00+00:00,SEDG,16.029499053955078,16.029499053955078,16.029499053955078,15.970000267028809,15.970000267028809,5046.0
2024-10-25 11:44:00+00:00,SHLS,5.324999809265137,5.324999809265137,5.324999809265137,5.320099830627441,5.320099830627441,11362.0
2024-10-25 11:44:00+00:00,SLNH,4.135000228881836,4.135000228881836,4.135000228881836,4.135000228881836,4.135000228881836,245.0
2024-10-25 11:44:00+00:00,SLNHP,13.0,13.0,13.0,13.0,13.0,520.0
2024-10-25 11:44:00+00:00,SMCI,47.659400939941406,47.659400939941406,47.659400939941406,47.599998474121094,47.619998931884766,39796.0
2024-10-25 11:44:00+00:00,SMTC,45.52000045776367,45.52000045776367,45.52000045776367,45.52000045776367,45.52000045776367,368.0
2024-10-25 11:44:00+00:00,SNPS,502.7449951171875,502.7449951171875,502.7449951171875,502.7449951171875,502.7449951171875,359.0
2024-10-25 11:44:00+00:00,SOBR,7.699999809265137,7.699999809265137,7.699999809265137,7.699999809265137,7.699999809265137,3654.0
2024-10-25 11:44:00+00:00,SOUN,5.295000076293945,5.295000076293945,5.300000190734863,5.280099868774414,5.284999847412109,6752.0
2024-10-25 11:44:00+00:00,SSNC,69.80000305175781,69.80000305175781,69.80000305175781,69.7249984741211,69.7249984741211,9894.0
2024-10-25 11:44:00+00:00,STNE,11.46500015258789,11.46500015258789,11.46500015258789,11.46500015258789,11.46500015258789,435.0
2024-10-25 11:44:00+00:00,STX,104.17500305175781,104.17500305175781,104.17500305175781,104.12000274658203,104.13999938964844,2069.0
2024-10-25 11:44:00+00:00,SWKS,96.41999816894531,96.41999816894531,96.41999816894531,96.41999816894531,96.41999816894531,681.0
2024-10-25 11:44:00+00:00,SYTA,1.2699999809265137,1.2699999809265137,1.2699999809265137,1.2699999809265137,1.2699999809265137,195.0
2024-10-25 11:44:00+00:00,TEAM,190.05999755859375,190.05999755859375,190.05999755859375,190.0500030517578,190.05999755859375,1510.0
2024-10-25 11:44:00+00:00,TER,113.16000366210938,113.16000366210938,113.16000366210938,113.02999877929688,113.11000061035156,5588.0
2024-10-25 11:44:00+00:00,TLS,3.6649999618530273,3.6649999618530273,3.6649999618530273,3.6649999618530273,3.6649999618530273,446.0
2024-10-25 11:44:00+00:00,TRMB,60.959999084472656,60.959999084472656,60.959999084472656,60.95000076293945,60.95000076293945,1002.0
2024-10-25 11:44:00+00:00,TSEM,44.891998291015625,44.891998291015625,44.891998291015625,44.891998291015625,44.891998291015625,315.0
2024-10-25 11:44:00+00:00,TTD,119.73999786376953,119.73999786376953,119.73999786376953,119.66999816894531,119.66999816894531,1013.0
2024-10-25 11:44:00+00:00,TWKS,4.449999809265137,4.449999809265137,4.449999809265137,4.449999809265137,4.449999809265137,1547.0
2024-10-25 11:44:00+00:00,TXN,209.02999877929688,209.02999877929688,209.0800018310547,208.9199981689453,208.9550018310547,9040.0
2024-10-25 11:44:00+00:00,UCTT,36.231998443603516,36.231998443603516,36.231998443603516,36.2317008972168,36.2317008972168,953.0
2024-10-25 11:44:00+00:00,VECO,29.649999618530273,29.649999618530273,29.649999618530273,29.649999618530273,29.649999618530273,859.0
2024-10-25 11:44:00+00:00,VNET,3.484999895095825,3.484999895095825,3.484999895095825,3.484999895095825,3.484999895095825,617.0
2024-10-25 11:44:00+00:00,VRNS,56.66999816894531,56.66999816894531,56.66999816894531,56.665000915527344,56.665000915527344,680.0
2024-10-25 11:44:00+00:00,VRNT,22.219999313354492,22.219999313354492,22.219999313354492,22.20800018310547,22.20800018310547,1361.0
2024-10-25 11:44:00+00:00,VRSN,186.44000244140625,186.44000244140625,186.44000244140625,186.44000244140625,186.44000244140625,1225.0
2024-10-25 11:44:00+00:00,VSAT,10.359999656677246,10.359999656677246,10.359999656677246,10.350000381469727,10.350000381469727,1874.0
2024-10-25 11:44:00+00:00,WDAY,240.47000122070312,240.47000122070312,240.47000122070312,240.36000061035156,240.36000061035156,1941.0
2024-10-25 11:44:00+00:00,WDC,71.7699966430664,71.7699966430664,71.7699966430664,71.72000122070312,71.73999786376953,17466.0
2024-10-25 11:44:00+00:00,WISA,1.840000033378601,1.840000033378601,1.840000033378601,1.8200000524520874,1.8350000381469727,5927.0
2024-10-25 11:44:00+00:00,XRX,10.119999885559082,10.119999885559082,10.119999885559082,10.114999771118164,10.114999771118164,2238.0
2024-10-25 11:44:00+00:00,ZI,10.510000228881836,10.510000228881836,10.510000228881836,10.505000114440918,10.505000114440918,6067.0
2024-10-25 11:44:00+00:00,ZM,73.08999633789062,73.08999633789062,73.08999633789062,73.08999633789062,73.08999633789062,1175.0
2024-10-25 11:44:00+00:00,ZS,185.9600067138672,185.9600067138672,186.22000122070312,185.9600067138672,186.09500122070312,3030.0
2024-10-25 11:45:00+00:00,AAOI,18.18000030517578,18.18000030517578,18.204999923706055,18.18000030517578,18.204999923706055,1380.0
2024-10-25 11:45:00+00:00,AAPL,232.02499389648438,232.02499389648438,232.1199951171875,232.02000427246094,232.093994140625,63910.0
2024-10-25 11:45:00+00:00,ACIW,48.849998474121094,48.849998474121094,48.86000061035156,48.849998474121094,48.86000061035156,941.0
2024-10-25 11:45:00+00:00,ACLS,90.48500061035156,90.48500061035156,90.48500061035156,90.48500061035156,90.48500061035156,579.0
2024-10-25 11:45:00+00:00,ACMR,19.860000610351562,19.860000610351562,19.860000610351562,19.844999313354492,19.844999313354492,1738.0
2024-10-25 11:45:00+00:00,ADBE,484.8399963378906,484.8399963378906,485.1499938964844,484.6549987792969,484.6549987792969,5843.0
2024-10-25 11:45:00+00:00,ADI,233.64999389648438,233.64999389648438,233.7559051513672,233.64999389648438,233.69000244140625,3250.0
2024-10-25 11:45:00+00:00,ADSK,286.8500061035156,286.8500061035156,286.9100036621094,286.7799987792969,286.9100036621094,4158.0
2024-10-25 11:45:00+00:00,AEHR,17.1072998046875,17.1072998046875,17.149999618530273,17.079999923706055,17.149999618530273,7747.0
2024-10-25 11:45:00+00:00,AFRM,41.64799880981445,41.64799880981445,41.65999984741211,41.641998291015625,41.650001525878906,3082.0
2024-10-25 11:45:00+00:00,AGYS,112.33000183105469,112.33000183105469,112.33000183105469,112.33000183105469,112.33000183105469,544.0
2024-10-25 11:45:00+00:00,AKTS,0.057500001043081284,0.057500001043081284,0.0575999990105629,0.057500001043081284,0.0575999990105629,77876.0
2024-10-25 11:45:00+00:00,ALGM,22.825000762939453,22.825000762939453,22.84000015258789,22.825000762939453,22.829999923706055,2477.0
2024-10-25 11:45:00+00:00,ALKT,38.095001220703125,38.095001220703125,38.095001220703125,38.095001220703125,38.095001220703125,331.0
2024-10-25 11:45:00+00:00,ALRM,54.75,54.75,54.75,54.75,54.75,650.0
2024-10-25 11:45:00+00:00,ALTR,104.22000122070312,104.22000122070312,104.22000122070312,104.22000122070312,104.22000122070312,921.0
2024-10-25 11:45:00+00:00,AMAT,188.09500122070312,188.09500122070312,188.09500122070312,188.06500244140625,188.07000732421875,6091.0
2024-10-25 11:45:00+00:00,AMD,157.9149932861328,157.9149932861328,157.99000549316406,157.83999633789062,157.8520050048828,76128.0
2024-10-25 11:45:00+00:00,AMKR,30.170000076293945,30.170000076293945,30.190000534057617,30.15999984741211,30.15999984741211,3456.0
2024-10-25 11:45:00+00:00,ANSS,325.9599914550781,325.9599914550781,325.9599914550781,325.9599914550781,325.9599914550781,969.0
2024-10-25 11:45:00+00:00,API,2.8299999237060547,2.8299999237060547,2.8299999237060547,2.8299999237060547,2.8299999237060547,2996.0
2024-10-25 11:45:00+00:00,APP,162.10000610351562,162.10000610351562,162.24000549316406,162.10000610351562,162.24000549316406,3159.0
2024-10-25 11:45:00+00:00,ARQQ,7.21750020980835,7.21750020980835,7.21750020980835,7.21750020980835,7.21750020980835,2951.0
2024-10-25 11:45:00+00:00,ARRY,6.454999923706055,6.454999923706055,6.460000038146973,6.445000171661377,6.449999809265137,55330.0
2024-10-25 11:45:00+00:00,ASML,717.760009765625,717.760009765625,717.760009765625,717.3099975585938,717.4099731445312,4172.0
2024-10-25 11:45:00+00:00,AUR,6.454999923706055,6.454999923706055,6.454999923706055,6.454999923706055,6.454999923706055,1763.0
2024-10-25 11:45:00+00:00,AVGO,176.30999755859375,176.30999755859375,176.4199981689453,176.25010681152344,176.27000427246094,23616.0
2024-10-25 11:45:00+00:00,AVNW,20.889999389648438,20.889999389648438,20.889999389648438,20.860000610351562,20.860000610351562,1114.0
2024-10-25 11:45:00+00:00,AVT,54.25,54.25,54.25,54.25,54.25,213.0
2024-10-25 11:45:00+00:00,BELFB,79.0999984741211,79.0999984741211,79.0999984741211,79.0999984741211,79.0999984741211,567.0
2024-10-25 11:45:00+00:00,BIGC,5.304999828338623,5.304999828338623,5.304999828338623,5.304999828338623,5.304999828338623,402.0
2024-10-25 11:45:00+00:00,BLKB,85.80500030517578,85.80500030517578,85.80500030517578,85.80500030517578,85.80500030517578,166.0
2024-10-25 11:45:00+00:00,BMBL,7.260000228881836,7.260000228881836,7.260000228881836,7.255000114440918,7.255000114440918,1108.0
2024-10-25 11:45:00+00:00,BOXL,0.4749000072479248,0.4749000072479248,0.4749000072479248,0.4749000072479248,0.4749000072479248,572.0
2024-10-25 11:45:00+00:00,BRZE,30.729999542236328,30.729999542236328,30.729999542236328,30.729999542236328,30.729999542236328,530.0
2024-10-25 11:45:00+00:00,BSY,49.119998931884766,49.119998931884766,49.13999938964844,49.119998931884766,49.119998931884766,1454.0
2024-10-25 11:45:00+00:00,CAMT,78.29499816894531,78.29499816894531,78.29499816894531,78.29499816894531,78.29499816894531,252.0
2024-10-25 11:45:00+00:00,CAN,0.9907000064849854,0.9907000064849854,1.0,0.9904999732971191,1.0,80698.0
2024-10-25 11:45:00+00:00,CCSI,20.709999084472656,20.709999084472656,20.709999084472656,20.709999084472656,20.709999084472656,510.0
2024-10-25 11:45:00+00:00,CDNS,259.6199951171875,259.6199951171875,259.6199951171875,259.510009765625,259.5299987792969,3278.0
2024-10-25 11:45:00+00:00,CDW,218.69000244140625,218.69000244140625,218.75999450683594,218.69000244140625,218.75999450683594,440.0
2024-10-25 11:45:00+00:00,CETX,0.2962999939918518,0.2962999939918518,0.2962999939918518,0.2962999939918518,0.2962999939918518,201.0
2024-10-25 11:45:00+00:00,CFLT,22.68000030517578,22.68000030517578,22.719999313354492,22.68000030517578,22.719999313354492,4673.0
2024-10-25 11:45:00+00:00,CGNX,39.02000045776367,39.02000045776367,39.02000045776367,39.0,39.0,985.0
2024-10-25 11:45:00+00:00,CLFD,36.494998931884766,36.494998931884766,36.494998931884766,36.494998931884766,36.494998931884766,246.0
2024-10-25 11:45:00+00:00,CLSK,11.925000190734863,11.925000190734863,11.975000381469727,11.925000190734863,11.960000038146973,106249.0
2024-10-25 11:45:00+00:00,CNDT,3.6549999713897705,3.6549999713897705,3.6549999713897705,3.6549999713897705,3.6549999713897705,132.0
2024-10-25 11:45:00+00:00,CNXC,44.88999938964844,44.88999938964844,44.88999938964844,44.88999938964844,44.88999938964844,537.0
2024-10-25 11:45:00+00:00,COHR,95.41500091552734,95.41500091552734,95.45999908447266,95.35639953613281,95.36000061035156,1950.0
2024-10-25 11:45:00+00:00,COHU,26.25,26.25,26.270000457763672,26.25,26.270000457763672,1401.0
2024-10-25 11:45:00+00:00,COIN,210.6562957763672,210.6562957763672,210.89999389648438,210.63999938964844,210.74400329589844,8346.0
2024-10-25 11:45:00+00:00,COMM,6.355000019073486,6.355000019073486,6.356599807739258,6.354000091552734,6.355000019073486,4197.0
2024-10-25 11:45:00+00:00,CORZ,13.300000190734863,13.300000190734863,13.310099601745605,13.300000190734863,13.3100004196167,38064.0
2024-10-25 11:45:00+00:00,CRDO,40.13999938964844,40.13999938964844,40.13999938964844,40.08000183105469,40.08000183105469,2847.0
2024-10-25 11:45:00+00:00,CRNC,2.9149999618530273,2.9149999618530273,2.9149999618530273,2.9049999713897705,2.9049999713897705,2066.0
2024-10-25 11:45:00+00:00,CRWD,308.7300109863281,308.7300109863281,308.80999755859375,308.55010986328125,308.80999755859375,1772.0
2024-10-25 11:45:00+00:00,CSCO,56.029998779296875,56.029998779296875,56.04499816894531,56.022499084472656,56.022499084472656,5797.0
2024-10-25 11:45:00+00:00,CSIQ,13.6899995803833,13.6899995803833,13.699999809265137,13.680000305175781,13.680000305175781,11188.0
2024-10-25 11:45:00+00:00,CTSH,74.71920013427734,74.71920013427734,74.71920013427734,74.69499969482422,74.69499969482422,1711.0
2024-10-25 11:45:00+00:00,CVLT,134.14999389648438,134.14999389648438,134.14999389648438,134.14999389648438,134.14999389648438,679.0
2024-10-25 11:45:00+00:00,CYBR,292.5350036621094,292.5350036621094,292.5350036621094,292.5350036621094,292.5350036621094,279.0
2024-10-25 11:45:00+00:00,DAVE,39.474998474121094,39.474998474121094,39.474998474121094,39.474998474121094,39.474998474121094,200.0
2024-10-25 11:45:00+00:00,DBX,25.969999313354492,25.969999313354492,25.969999313354492,25.969999313354492,25.969999313354492,1282.0
2024-10-25 11:45:00+00:00,DDOG,127.41999816894531,127.41999816894531,127.47000122070312,127.4000015258789,127.4000015258789,5536.0
2024-10-25 11:45:00+00:00,DGHI,1.5499999523162842,1.5499999523162842,1.5499999523162842,1.5499999523162842,1.5499999523162842,351.0
2024-10-25 11:45:00+00:00,DGII,30.549999237060547,30.549999237060547,30.549999237060547,30.514999389648438,30.514999389648438,568.0
2024-10-25 11:45:00+00:00,DJCO,485.8500061035156,485.8500061035156,485.8500061035156,485.8500061035156,485.8500061035156,1742.0
2024-10-25 11:45:00+00:00,DOCU,70.1449966430664,70.1449966430664,70.15499877929688,70.14289855957031,70.1500015258789,1403.0
2024-10-25 11:45:00+00:00,DOX,89.5,89.5,89.5,89.5,89.5,320.0
2024-10-25 11:45:00+00:00,DTSS,2.450000047683716,2.450000047683716,2.450000047683716,2.450000047683716,2.450000047683716,203.0
2024-10-25 11:45:00+00:00,DZSI,0.7900000214576721,0.7900000214576721,0.7900000214576721,0.7900000214576721,0.7900000214576721,15807.0
2024-10-25 11:45:00+00:00,ENPH,83.68000030517578,83.68000030517578,83.75990295410156,83.55000305175781,83.56999969482422,18299.0
2024-10-25 11:45:00+00:00,ENTG,105.7699966430664,105.7699966430664,105.7699966430664,105.7699966430664,105.7699966430664,1927.0
2024-10-25 11:45:00+00:00,ERIC,8.477800369262695,8.477800369262695,8.479999542236328,8.473999977111816,8.475000381469727,49603.0
2024-10-25 11:45:00+00:00,EXTR,14.460000038146973,14.460000038146973,14.460000038146973,14.460000038146973,14.460000038146973,652.0
2024-10-25 11:45:00+00:00,FFIV,216.58999633789062,216.58999633789062,216.58999633789062,216.58999633789062,216.58999633789062,656.0
2024-10-25 11:45:00+00:00,FIVN,30.43000030517578,30.43000030517578,30.450000762939453,30.43000030517578,30.450000762939453,1354.0
2024-10-25 11:45:00+00:00,FLEX,35.290000915527344,35.290000915527344,35.290000915527344,35.279998779296875,35.279998779296875,1841.0
2024-10-25 11:45:00+00:00,FORM,45.23500061035156,45.23500061035156,45.25,45.23500061035156,45.25,929.0
2024-10-25 11:45:00+00:00,FROG,29.420000076293945,29.420000076293945,29.420000076293945,29.40999984741211,29.40999984741211,1144.0
2024-10-25 11:45:00+00:00,FRSH,11.654999732971191,11.654999732971191,11.65999984741211,11.654999732971191,11.654999732971191,4310.0
2024-10-25 11:45:00+00:00,FSLR,200.28500366210938,200.28500366210938,200.47900390625,200.28500366210938,200.47900390625,2835.0
2024-10-25 11:45:00+00:00,FTCI,0.6611999869346619,0.6611999869346619,0.6611999869346619,0.6611999869346619,0.6611999869346619,800.0
2024-10-25 11:45:00+00:00,FTNT,81.31999969482422,81.31999969482422,81.33000183105469,81.30000305175781,81.30999755859375,3600.0
2024-10-25 11:45:00+00:00,GCT,24.899999618530273,24.899999618530273,25.0,24.899999618530273,25.0,2632.0
2024-10-25 11:45:00+00:00,GDYN,15.5600004196167,15.5600004196167,15.569999694824219,15.555000305175781,15.555000305175781,3352.0
2024-10-25 11:45:00+00:00,GFS,41.54999923706055,41.54999923706055,41.58000183105469,41.540000915527344,41.56999969482422,3652.0
2024-10-25 11:45:00+00:00,GPRO,1.3350000381469727,1.3350000381469727,1.3350000381469727,1.3350000381469727,1.3350000381469727,651.0
2024-10-25 11:45:00+00:00,GRAB,4.076000213623047,4.076000213623047,4.085999965667725,4.070000171661377,4.085000038146973,216066.0
2024-10-25 11:45:00+00:00,GRRR,4.5,4.5,4.5,4.5,4.5,7808.0
2024-10-25 11:45:00+00:00,GTLB,55.72999954223633,55.72999954223633,55.72999954223633,55.724998474121094,55.724998474121094,727.0
2024-10-25 11:45:00+00:00,HCP,33.70000076293945,33.70000076293945,33.70000076293945,33.69499969482422,33.70000076293945,1425.0
2024-10-25 11:45:00+00:00,HIMX,6.199999809265137,6.199999809265137,6.204999923706055,6.199999809265137,6.204999923706055,5913.0
2024-10-25 11:45:00+00:00,HLIT,14.800000190734863,14.800000190734863,14.800000190734863,14.789999961853027,14.789999961853027,2555.0
2024-10-25 11:45:00+00:00,HOLO,3.5999999046325684,3.5999999046325684,3.6050000190734863,3.5899999141693115,3.6050000190734863,29266.0
2024-10-25 11:45:00+00:00,HOOD,27.31999969482422,27.31999969482422,27.344999313354492,27.315000534057617,27.344999313354492,11486.0
2024-10-25 11:45:00+00:00,ICHR,27.829999923706055,27.829999923706055,27.829999923706055,27.829999923706055,27.829999923706055,183.0
2024-10-25 11:45:00+00:00,IMMR,8.770099639892578,8.770099639892578,8.770099639892578,8.744999885559082,8.744999885559082,1345.0
2024-10-25 11:45:00+00:00,IMXI,17.65999984741211,17.65999984741211,17.65999984741211,17.65999984741211,17.65999984741211,167.0
2024-10-25 11:45:00+00:00,INDI,3.575000047683716,3.575000047683716,3.5799999237060547,3.575000047683716,3.5799999237060547,12735.0
2024-10-25 11:45:00+00:00,INOD,19.809999465942383,19.809999465942383,19.809999465942383,19.809999465942383,19.809999465942383,785.0
2024-10-25 11:45:00+00:00,INTA,49.915000915527344,49.915000915527344,49.915000915527344,49.915000915527344,49.915000915527344,286.0
2024-10-25 11:45:00+00:00,INTC,23.155000686645508,23.155000686645508,23.170000076293945,23.149999618530273,23.159900665283203,85995.0
2024-10-25 11:45:00+00:00,INTU,610.6699829101562,610.6699829101562,610.7849731445312,610.6699829101562,610.7849731445312,1942.0
2024-10-25 11:45:00+00:00,JKHY,183.38499450683594,183.38499450683594,183.38499450683594,183.38499450683594,183.38499450683594,334.0
2024-10-25 11:45:00+00:00,KC,2.7200000286102295,2.7200000286102295,2.7200000286102295,2.7200000286102295,2.7200000286102295,2317.0
2024-10-25 11:45:00+00:00,KLAC,681.2379760742188,681.2379760742188,681.47998046875,681.2379760742188,681.4299926757812,1219.0
2024-10-25 11:45:00+00:00,KOSS,7.380000114440918,7.380000114440918,7.380000114440918,7.380000114440918,7.380000114440918,177.0
2024-10-25 11:45:00+00:00,LITE,64.41000366210938,64.41000366210938,64.41000366210938,64.38999938964844,64.38999938964844,245.0
2024-10-25 11:45:00+00:00,LOGI,81.05000305175781,81.05000305175781,81.07499694824219,81.05000305175781,81.07499694824219,882.0
2024-10-25 11:45:00+00:00,LRCX,79.0999984741211,79.0999984741211,79.11199951171875,79.03600311279297,79.03600311279297,45136.0
2024-10-25 11:45:00+00:00,LSCC,54.220001220703125,54.220001220703125,54.275001525878906,54.220001220703125,54.25,1543.0
2024-10-25 11:45:00+00:00,LTRX,4.029900074005127,4.029900074005127,4.029900074005127,4.029900074005127,4.029900074005127,1107.0
2024-10-25 11:45:00+00:00,LYFT,13.807499885559082,13.807499885559082,13.809900283813477,13.805000305175781,13.809900283813477,6185.0
2024-10-25 11:45:00+00:00,LYTS,16.260000228881836,16.260000228881836,16.260000228881836,16.260000228881836,16.260000228881836,174.0
2024-10-25 11:45:00+00:00,MCHP,77.2300033569336,77.2300033569336,77.25,77.2300033569336,77.23999786376953,4704.0
2024-10-25 11:45:00+00:00,MITK,8.770000457763672,8.770000457763672,8.770000457763672,8.770000457763672,8.770000457763672,290.0
2024-10-25 11:45:00+00:00,MKSI,100.75,100.75,100.7699966430664,100.72000122070312,100.7300033569336,12801.0
2024-10-25 11:45:00+00:00,MKTW,0.5899999737739563,0.5899999737739563,0.5916000008583069,0.5899999737739563,0.5916000008583069,7593.0
2024-10-25 11:45:00+00:00,MNDY,300.2099914550781,300.2099914550781,300.4200134277344,300.2099914550781,300.4198913574219,1618.0
2024-10-25 11:45:00+00:00,MPWR,916.6099853515625,916.6099853515625,916.6099853515625,916.6099853515625,916.6099853515625,339.0
2024-10-25 11:45:00+00:00,MQ,5.264999866485596,5.264999866485596,5.264999866485596,5.264999866485596,5.264999866485596,725.0
2024-10-25 11:45:00+00:00,MRVL,82.9000015258789,82.9000015258789,82.9749984741211,82.9000015258789,82.95999908447266,12570.0
2024-10-25 11:45:00+00:00,MSFT,430.0,430.0,430.42999267578125,430.0,430.2040100097656,20897.0
2024-10-25 11:45:00+00:00,MSTR,241.27999877929688,241.27999877929688,241.875,241.27999877929688,241.6999969482422,39025.0
2024-10-25 11:45:00+00:00,MTSI,119.7300033569336,119.7300033569336,119.77999877929688,119.7300033569336,119.7699966430664,2272.0
2024-10-25 11:45:00+00:00,MTTR,4.664999961853027,4.664999961853027,4.664999961853027,4.664999961853027,4.664999961853027,1955.0
2024-10-25 11:45:00+00:00,MU,109.37999725341797,109.37999725341797,109.41999816894531,109.3499984741211,109.36000061035156,18463.0
2024-10-25 11:45:00+00:00,MVIS,1.090000033378601,1.090000033378601,1.100000023841858,1.090000033378601,1.100000023841858,1100.0
2024-10-25 11:45:00+00:00,MXL,15.069999694824219,15.069999694824219,15.085000038146973,15.069999694824219,15.085000038146973,1622.0
2024-10-25 11:45:00+00:00,NCNO,37.790000915527344,37.790000915527344,37.814998626708984,37.790000915527344,37.79999923706055,1173.0
2024-10-25 11:45:00+00:00,NEON,8.199999809265137,8.199999809265137,8.220000267028809,8.199999809265137,8.220000267028809,2698.0
2024-10-25 11:45:00+00:00,NNDM,2.325000047683716,2.325000047683716,2.325000047683716,2.325000047683716,2.325000047683716,1186.0
2024-10-25 11:45:00+00:00,NSIT,208.38999938964844,208.38999938964844,208.38999938964844,208.38999938964844,208.38999938964844,195.0
2024-10-25 11:45:00+00:00,NTAP,120.36000061035156,120.36000061035156,120.36000061035156,120.02999877929688,120.05999755859375,18578.0
2024-10-25 11:45:00+00:00,NTNX,62.34000015258789,62.34000015258789,62.34000015258789,62.32500076293945,62.32500076293945,1028.0
2024-10-25 11:45:00+00:00,NVDA,143.70010375976562,143.70010375976562,143.75999450683594,143.63999938964844,143.64999389648438,352719.0
2024-10-25 11:45:00+00:00,NVEI,33.525001525878906,33.525001525878906,33.525001525878906,33.525001525878906,33.525001525878906,331.0
2024-10-25 11:45:00+00:00,NVMI,184.4499969482422,184.4499969482422,184.4499969482422,184.4499969482422,184.4499969482422,152.0
2024-10-25 11:45:00+00:00,NVTS,2.5850000381469727,2.5850000381469727,2.5875000953674316,2.575000047683716,2.575000047683716,9103.0
2024-10-25 11:45:00+00:00,NXPI,244.85000610351562,244.85000610351562,244.92999267578125,244.72999572753906,244.85000610351562,4707.0
2024-10-25 11:45:00+00:00,OKTA,72.66000366210938,72.66000366210938,72.69999694824219,72.66000366210938,72.69999694824219,1839.0
2024-10-25 11:45:00+00:00,ON,71.88999938964844,71.88999938964844,71.97000122070312,71.86000061035156,71.93000030517578,15421.0
2024-10-25 11:45:00+00:00,PANW,369.6300048828125,369.6300048828125,369.6300048828125,369.3559875488281,369.4599914550781,2480.0
2024-10-25 11:45:00+00:00,PAYO,8.28499984741211,8.28499984741211,8.28499984741211,8.28499984741211,8.28499984741211,887.0
2024-10-25 11:45:00+00:00,PDFS,29.510000228881836,29.510000228881836,29.510000228881836,29.510000228881836,29.510000228881836,687.0
2024-10-25 11:45:00+00:00,PGY,11.829999923706055,11.829999923706055,11.829999923706055,11.819999694824219,11.819999694824219,1391.0
2024-10-25 11:45:00+00:00,PHUN,10.116100311279297,10.116100311279297,10.149999618530273,10.0802001953125,10.080300331115723,64580.0
2024-10-25 11:45:00+00:00,PI,204.5749969482422,204.5749969482422,204.5749969482422,204.5749969482422,204.5749969482422,606.0
2024-10-25 11:45:00+00:00,POET,3.9649999141693115,3.9649999141693115,3.9649999141693115,3.9600000381469727,3.9600000381469727,2225.0
2024-10-25 11:45:00+00:00,PRCH,1.315000057220459,1.315000057220459,1.315000057220459,1.315000057220459,1.315000057220459,200.0
2024-10-25 11:45:00+00:00,PRTH,5.320000171661377,5.320000171661377,5.320000171661377,5.300000190734863,5.320000171661377,1384.0
2024-10-25 11:45:00+00:00,PTC,186.57000732421875,186.57000732421875,186.57000732421875,186.33999633789062,186.33999633789062,1684.0
2024-10-25 11:45:00+00:00,PUBM,14.920000076293945,14.920000076293945,14.960000038146973,14.920000076293945,14.960000038146973,3876.0
2024-10-25 11:45:00+00:00,PYCR,14.350000381469727,14.350000381469727,14.359999656677246,14.350000381469727,14.359999656677246,3538.0
2024-10-25 11:45:00+00:00,QCOM,172.86000061035156,172.86000061035156,172.87399291992188,172.80990600585938,172.80990600585938,8395.0
2024-10-25 11:45:00+00:00,QRVO,100.19000244140625,100.19000244140625,100.23999786376953,100.18499755859375,100.18499755859375,2086.0
2024-10-25 11:45:00+00:00,QUBT,1.0549999475479126,1.0549999475479126,1.0549999475479126,1.0549999475479126,1.0549999475479126,293.0
2024-10-25 11:45:00+00:00,QUIK,8.590299606323242,8.590299606323242,8.60200023651123,8.590299606323242,8.60200023651123,714.0
2024-10-25 11:45:00+00:00,RCAT,2.755000114440918,2.755000114440918,2.755000114440918,2.75,2.75,2589.0
2024-10-25 11:45:00+00:00,REKR,1.090000033378601,1.090000033378601,1.0950000286102295,1.090000033378601,1.090000033378601,625.0
2024-10-25 11:45:00+00:00,RELY,14.739999771118164,14.739999771118164,14.744999885559082,14.734999656677246,14.744999885559082,1456.0
2024-10-25 11:45:00+00:00,RGTI,1.238700032234192,1.238700032234192,1.2400000095367432,1.238700032234192,1.2400000095367432,1596.0
2024-10-25 11:45:00+00:00,RIOT,10.039999961853027,10.039999961853027,10.059000015258789,10.039999961853027,10.055000305175781,22234.0
2024-10-25 11:45:00+00:00,RMNI,1.725000023841858,1.725000023841858,1.725000023841858,1.725000023841858,1.725000023841858,309.0
2024-10-25 11:45:00+00:00,RPAY,7.599999904632568,7.599999904632568,7.605000019073486,7.599999904632568,7.605000019073486,1020.0
2024-10-25 11:45:00+00:00,RUM,5.776000022888184,5.776000022888184,5.78000020980835,5.775000095367432,5.78000020980835,1058.0
2024-10-25 11:45:00+00:00,RUN,14.5,14.5,14.510000228881836,14.5,14.510000228881836,11474.0
2024-10-25 11:45:00+00:00,SANM,67.47000122070312,67.47000122070312,67.5199966430664,67.47000122070312,67.51000213623047,565.0
2024-10-25 11:45:00+00:00,SCSC,45.0,45.0,45.0,45.0,45.0,227.0
2024-10-25 11:45:00+00:00,SEDG,16.03499984741211,16.03499984741211,16.04319953918457,16.020000457763672,16.020000457763672,5533.0
2024-10-25 11:45:00+00:00,SHLS,5.335000038146973,5.335000038146973,5.335000038146973,5.324999809265137,5.324999809265137,5779.0
2024-10-25 11:45:00+00:00,SKYT,10.720000267028809,10.720000267028809,10.720000267028809,10.6899995803833,10.6899995803833,1404.0
2024-10-25 11:45:00+00:00,SLNHP,13.0,13.0,13.0,13.0,13.0,585.0
2024-10-25 11:45:00+00:00,SMCI,47.65010070800781,47.65010070800781,47.720001220703125,47.65010070800781,47.65999984741211,69900.0
2024-10-25 11:45:00+00:00,SMTC,45.529998779296875,45.529998779296875,45.53200149536133,45.529998779296875,45.53200149536133,535.0
2024-10-25 11:45:00+00:00,SNPS,503.114990234375,503.114990234375,503.114990234375,503.1000061035156,503.1099853515625,1321.0
2024-10-25 11:45:00+00:00,SONO,12.811300277709961,12.811300277709961,12.811300277709961,12.811300277709961,12.811300277709961,753.0
2024-10-25 11:45:00+00:00,SOUN,5.297299861907959,5.297299861907959,5.300000190734863,5.289999961853027,5.295000076293945,21620.0
2024-10-25 11:45:00+00:00,SSNC,69.83000183105469,69.83000183105469,69.83000183105469,69.81500244140625,69.81500244140625,2205.0
2024-10-25 11:45:00+00:00,SSTI,11.489999771118164,11.489999771118164,11.489999771118164,11.489999771118164,11.489999771118164,216.0
2024-10-25 11:45:00+00:00,SSYS,7.139999866485596,7.139999866485596,7.139999866485596,7.139999866485596,7.139999866485596,411.0
2024-10-25 11:45:00+00:00,STER,16.735000610351562,16.735000610351562,16.735000610351562,16.735000610351562,16.735000610351562,899.0
2024-10-25 11:45:00+00:00,STNE,11.479999542236328,11.479999542236328,11.494999885559082,11.467700004577637,11.467700004577637,14168.0
2024-10-25 11:45:00+00:00,STX,104.33999633789062,104.33999633789062,104.33999633789062,104.2300033569336,104.2300033569336,4253.0
2024-10-25 11:45:00+00:00,SURG,1.784000039100647,1.784000039100647,1.784000039100647,1.784000039100647,1.784000039100647,200.0
2024-10-25 11:45:00+00:00,SVRE,0.08229999989271164,0.08229999989271164,0.08229999989271164,0.08229999989271164,0.08229999989271164,309.0
2024-10-25 11:45:00+00:00,SWKS,96.44999694824219,96.44999694824219,96.4800033569336,96.44000244140625,96.44999694824219,4001.0
2024-10-25 11:45:00+00:00,SYTA,1.2696000337600708,1.2696000337600708,1.2696000337600708,1.260699987411499,1.2661000490188599,1136.0
2024-10-25 11:45:00+00:00,TASK,11.960000038146973,11.960000038146973,11.960000038146973,11.960000038146973,11.960000038146973,190.0
2024-10-25 11:45:00+00:00,TEAM,190.0500030517578,190.0500030517578,190.05999755859375,190.0500030517578,190.05999755859375,610.0
2024-10-25 11:45:00+00:00,TENB,41.599998474121094,41.599998474121094,41.599998474121094,41.59000015258789,41.59000015258789,1062.0
2024-10-25 11:45:00+00:00,TER,113.16999816894531,113.16999816894531,113.2249984741211,113.15499877929688,113.15499877929688,12759.0
2024-10-25 11:45:00+00:00,TLS,3.6700000762939453,3.6700000762939453,3.6700000762939453,3.6700000762939453,3.6700000762939453,473.0
2024-10-25 11:45:00+00:00,TRMB,60.98500061035156,60.98500061035156,60.98500061035156,60.970001220703125,60.970001220703125,607.0
2024-10-25 11:45:00+00:00,TSAT,13.25,13.25,13.25,13.25,13.25,1.0
2024-10-25 11:45:00+00:00,TTD,119.75,119.75,119.80000305175781,119.73999786376953,119.7699966430664,2923.0
2024-10-25 11:45:00+00:00,TTEC,5.369999885559082,5.369999885559082,5.369999885559082,5.369999885559082,5.369999885559082,406.0
2024-10-25 11:45:00+00:00,TWKS,4.449999809265137,4.449999809265137,4.449999809265137,4.449999809265137,4.449999809265137,10537.0
2024-10-25 11:45:00+00:00,TXN,208.89999389648438,208.89999389648438,209.11990356445312,208.89999389648438,209.0399932861328,8625.0
2024-10-25 11:45:00+00:00,VECO,29.655000686645508,29.655000686645508,29.65999984741211,29.655000686645508,29.65999984741211,1024.0
2024-10-25 11:45:00+00:00,VERB,10.051799774169922,10.051799774169922,10.051799774169922,10.051799774169922,10.051799774169922,151.0
2024-10-25 11:45:00+00:00,VERI,3.430000066757202,3.430000066757202,3.430000066757202,3.430000066757202,3.430000066757202,200.0
2024-10-25 11:45:00+00:00,VERX,42.25,42.25,42.25,42.25,42.25,522.0
2024-10-25 11:45:00+00:00,VIAV,9.199999809265137,9.199999809265137,9.199999809265137,9.199999809265137,9.199999809265137,1057.0
2024-10-25 11:45:00+00:00,VICR,46.75,46.75,46.834999084472656,46.75,46.834999084472656,348.0
2024-10-25 11:45:00+00:00,VMEO,4.75,4.75,4.755000114440918,4.75,4.755000114440918,511.0
2024-10-25 11:45:00+00:00,VNET,3.484999895095825,3.484999895095825,3.484999895095825,3.484999895095825,3.484999895095825,626.0
2024-10-25 11:45:00+00:00,VRNS,56.68000030517578,56.68000030517578,56.689998626708984,56.68000030517578,56.68000030517578,1239.0
2024-10-25 11:45:00+00:00,VRNT,22.219999313354492,22.219999313354492,22.229999542236328,22.219999313354492,22.229999542236328,1820.0
2024-10-25 11:45:00+00:00,VS,2.6050000190734863,2.6050000190734863,2.6050000190734863,2.6050000190734863,2.6050000190734863,443.0
2024-10-25 11:45:00+00:00,VSAT,10.359999656677246,10.359999656677246,10.359999656677246,10.359999656677246,10.359999656677246,1914.0
2024-10-25 11:45:00+00:00,WDC,71.78199768066406,71.78199768066406,71.9000015258789,71.75,71.75,28116.0
2024-10-25 11:45:00+00:00,XRX,10.12399959564209,10.12399959564209,10.12399959564209,10.12399959564209,10.12399959564209,612.0
2024-10-25 11:45:00+00:00,ZBRA,362.92999267578125,362.92999267578125,363.0899963378906,362.92999267578125,363.0899963378906,1329.0
2024-10-25 11:45:00+00:00,ZI,10.515000343322754,10.515000343322754,10.520000457763672,10.515000343322754,10.520000457763672,2991.0
2024-10-25 11:45:00+00:00,ZM,73.12999725341797,73.12999725341797,73.1489028930664,73.125,73.125,1819.0
2024-10-25 11:45:00+00:00,ZS,185.9600067138672,185.9600067138672,186.06500244140625,185.9600067138672,186.06500244140625,373.0
2024-10-25 11:46:00+00:00,AAOI,18.190000534057617,18.190000534057617,18.190000534057617,18.176599502563477,18.18000030517578,1095.0
2024-10-25 11:46:00+00:00,AAPL,232.11000061035156,232.11000061035156,232.14999389648438,232.0200958251953,232.0200958251953,55475.0
2024-10-25 11:46:00+00:00,ADBE,484.8599853515625,484.8599853515625,484.8599853515625,484.79998779296875,484.80999755859375,1658.0
2024-10-25 11:46:00+00:00,ADI,233.6999969482422,233.6999969482422,233.6999969482422,233.66000366210938,233.66000366210938,1564.0
2024-10-25 11:46:00+00:00,ADSK,286.8450012207031,286.8450012207031,286.8450012207031,286.8450012207031,286.8450012207031,439.0
2024-10-25 11:46:00+00:00,ADTN,6.389999866485596,6.389999866485596,6.389999866485596,6.389999866485596,6.389999866485596,796.0
2024-10-25 11:46:00+00:00,AEHR,17.145000457763672,17.145000457763672,17.229999542236328,17.094999313354492,17.094999313354492,27644.0
2024-10-25 11:46:00+00:00,AEYE,23.065399169921875,23.065399169921875,23.065399169921875,23.059999465942383,23.059999465942383,302.0
2024-10-25 11:46:00+00:00,AFRM,41.62350082397461,41.62350082397461,41.65999984741211,41.599998474121094,41.64799880981445,7447.0
2024-10-25 11:46:00+00:00,AKAM,103.19999694824219,103.19999694824219,103.19999694824219,103.13999938964844,103.13999938964844,1067.0
2024-10-25 11:46:00+00:00,ALGM,22.834999084472656,22.834999084472656,22.834999084472656,22.834999084472656,22.834999084472656,1706.0
2024-10-25 11:46:00+00:00,AMAT,188.1300048828125,188.1300048828125,188.1699981689453,188.0019989013672,188.0019989013672,11077.0
2024-10-25 11:46:00+00:00,AMD,158.0281982421875,158.0281982421875,158.0399932861328,157.8699951171875,157.92799377441406,72987.0
2024-10-25 11:46:00+00:00,AOSL,36.81999969482422,36.81999969482422,36.81999969482422,36.81999969482422,36.81999969482422,236.0
2024-10-25 11:46:00+00:00,API,2.8299999237060547,2.8299999237060547,2.8350000381469727,2.8299999237060547,2.8350000381469727,10690.0
2024-10-25 11:46:00+00:00,APP,162.2100067138672,162.2100067138672,162.2100067138672,162.1300048828125,162.14500427246094,2534.0
2024-10-25 11:46:00+00:00,APPN,32.2400016784668,32.2400016784668,32.2400016784668,32.2400016784668,32.2400016784668,430.0
2024-10-25 11:46:00+00:00,ARQQ,7.21999979019165,7.21999979019165,7.21999979019165,7.21999979019165,7.21999979019165,261.0
2024-10-25 11:46:00+00:00,ARRY,6.465000152587891,6.465000152587891,6.465000152587891,6.449999809265137,6.454999923706055,43672.0
2024-10-25 11:46:00+00:00,ASML,718.614990234375,718.614990234375,718.614990234375,718.4299926757812,718.4299926757812,2301.0
2024-10-25 11:46:00+00:00,AUR,6.449999809265137,6.449999809265137,6.454999923706055,6.449999809265137,6.449999809265137,6707.0
2024-10-25 11:46:00+00:00,AUUD,0.6201000213623047,0.6201000213623047,0.6201000213623047,0.6201000213623047,0.6201000213623047,5767.0
2024-10-25 11:46:00+00:00,AVGO,176.4499969482422,176.4499969482422,176.47000122070312,176.2899932861328,176.2899932861328,26938.0
2024-10-25 11:46:00+00:00,AVPT,12.020000457763672,12.020000457763672,12.020000457763672,12.020000457763672,12.020000457763672,110.0
2024-10-25 11:46:00+00:00,AVT,54.22999954223633,54.22999954223633,54.244998931884766,54.19499969482422,54.2400016784668,3536.0
2024-10-25 11:46:00+00:00,BAND,17.700000762939453,17.700000762939453,17.700000762939453,17.700000762939453,17.700000762939453,219.0
2024-10-25 11:46:00+00:00,BIGC,5.304999828338623,5.304999828338623,5.304999828338623,5.304999828338623,5.304999828338623,368.0
2024-10-25 11:46:00+00:00,BLKB,85.8499984741211,85.8499984741211,85.8499984741211,85.8499984741211,85.8499984741211,449.0
2024-10-25 11:46:00+00:00,BMBL,7.255000114440918,7.255000114440918,7.255000114440918,7.255000114440918,7.255000114440918,901.0
2024-10-25 11:46:00+00:00,BSY,49.15999984741211,49.15999984741211,49.15999984741211,49.15999984741211,49.15999984741211,602.0
2024-10-25 11:46:00+00:00,CAMT,78.29499816894531,78.29499816894531,78.29499816894531,78.29499816894531,78.29499816894531,137.0
2024-10-25 11:46:00+00:00,CAN,0.9907000064849854,0.9907000064849854,0.9984999895095825,0.9907000064849854,0.9907000064849854,25051.0
2024-10-25 11:46:00+00:00,CDNS,259.7799987792969,259.7799987792969,259.7799987792969,259.6199951171875,259.6199951171875,3536.0
2024-10-25 11:46:00+00:00,CDW,218.9550018310547,218.9550018310547,219.02999877929688,218.77000427246094,218.8000030517578,1683.0
2024-10-25 11:46:00+00:00,CETX,0.296099990606308,0.296099990606308,0.296099990606308,0.296099990606308,0.296099990606308,1282.0
2024-10-25 11:46:00+00:00,CFLT,22.709999084472656,22.709999084472656,22.71500015258789,22.670000076293945,22.690000534057617,5281.0
2024-10-25 11:46:00+00:00,CGNX,39.040000915527344,39.040000915527344,39.040000915527344,39.040000915527344,39.040000915527344,571.0
2024-10-25 11:46:00+00:00,CLSK,11.910099983215332,11.910099983215332,11.930000305175781,11.90999984741211,11.920000076293945,60740.0
2024-10-25 11:46:00+00:00,CNDT,3.6600000858306885,3.6600000858306885,3.6600000858306885,3.6549999713897705,3.6549999713897705,1631.0
2024-10-25 11:46:00+00:00,CNXC,44.95000076293945,44.95000076293945,44.95000076293945,44.88999938964844,44.89500045776367,4440.0
2024-10-25 11:46:00+00:00,COHR,95.38999938964844,95.38999938964844,95.41000366210938,95.27999877929688,95.4000015258789,14908.0
2024-10-25 11:46:00+00:00,COHU,26.187400817871094,26.187400817871094,26.187400817871094,26.187400817871094,26.187400817871094,1156.0
2024-10-25 11:46:00+00:00,COIN,210.47999572753906,210.47999572753906,210.6699981689453,210.36000061035156,210.6199951171875,12961.0
2024-10-25 11:46:00+00:00,COMM,6.355000019073486,6.355000019073486,6.355000019073486,6.355000019073486,6.355000019073486,594.0
2024-10-25 11:46:00+00:00,CORZ,13.255000114440918,13.255000114440918,13.300000190734863,13.239999771118164,13.300000190734863,81423.0
2024-10-25 11:46:00+00:00,CORZW,7.760000228881836,7.760000228881836,7.760000228881836,7.760000228881836,7.760000228881836,1408.0
2024-10-25 11:46:00+00:00,CRDO,40.119998931884766,40.119998931884766,40.13999938964844,40.099998474121094,40.119998931884766,5782.0
2024-10-25 11:46:00+00:00,CRNC,2.9200000762939453,2.9200000762939453,2.9200000762939453,2.9200000762939453,2.9200000762939453,200.0
2024-10-25 11:46:00+00:00,CRSR,6.420000076293945,6.420000076293945,6.420000076293945,6.420000076293945,6.420000076293945,193.0
2024-10-25 11:46:00+00:00,CRWD,309.07000732421875,309.07000732421875,309.1099853515625,308.70001220703125,308.70001220703125,3012.0
2024-10-25 11:46:00+00:00,CSCO,56.07500076293945,56.07500076293945,56.07600021362305,56.029998779296875,56.04010009765625,15967.0
2024-10-25 11:46:00+00:00,CSIQ,13.694499969482422,13.694499969482422,13.710000038146973,13.680000305175781,13.680100440979004,18918.0
2024-10-25 11:46:00+00:00,CTLP,8.902999877929688,8.902999877929688,8.930999755859375,8.900500297546387,8.930999755859375,8576.0
2024-10-25 11:46:00+00:00,CTSH,74.76000213623047,74.76000213623047,74.7699966430664,74.70999908447266,74.71499633789062,4871.0
2024-10-25 11:46:00+00:00,CYBR,292.7099914550781,292.7099914550781,292.7099914550781,292.7099914550781,292.7099914550781,201.0
2024-10-25 11:46:00+00:00,DAVE,39.45500183105469,39.45500183105469,39.474998474121094,39.41999816894531,39.474998474121094,2221.0
2024-10-25 11:46:00+00:00,DBX,25.975000381469727,25.975000381469727,25.975000381469727,25.975000381469727,25.975000381469727,528.0
2024-10-25 11:46:00+00:00,DDOG,127.4000015258789,127.4000015258789,127.45999908447266,127.37999725341797,127.37999725341797,6285.0
2024-10-25 11:46:00+00:00,DGHI,1.5449999570846558,1.5449999570846558,1.5449999570846558,1.5449999570846558,1.5449999570846558,311.0
2024-10-25 11:46:00+00:00,DOCU,70.16000366210938,70.16000366210938,70.16000366210938,70.1500015258789,70.16000366210938,1803.0
2024-10-25 11:46:00+00:00,DOX,89.62000274658203,89.62000274658203,89.62000274658203,89.58999633789062,89.61000061035156,595.0
2024-10-25 11:46:00+00:00,DSP,11.399999618530273,11.399999618530273,11.399999618530273,11.399999618530273,11.399999618530273,1226.0
2024-10-25 11:46:00+00:00,EEFT,100.66999816894531,100.66999816894531,100.66999816894531,100.66999816894531,100.66999816894531,448.0
2024-10-25 11:46:00+00:00,ENPH,83.66000366210938,83.66000366210938,83.72000122070312,83.57499694824219,83.68000030517578,12139.0
2024-10-25 11:46:00+00:00,ENTG,105.91000366210938,105.91000366210938,105.91000366210938,105.76000213623047,105.76000213623047,2591.0
2024-10-25 11:46:00+00:00,ERIC,8.484999656677246,8.484999656677246,8.489999771118164,8.473999977111816,8.475000381469727,141092.0
2024-10-25 11:46:00+00:00,EXLS,38.88999938964844,38.88999938964844,38.88999938964844,38.88999938964844,38.88999938964844,1771.0
2024-10-25 11:46:00+00:00,EXTR,14.46500015258789,14.46500015258789,14.46500015258789,14.454999923706055,14.454999923706055,975.0
2024-10-25 11:46:00+00:00,FFIV,216.97999572753906,216.97999572753906,216.97999572753906,216.5800018310547,216.66000366210938,1583.0
2024-10-25 11:46:00+00:00,FIVN,30.420000076293945,30.420000076293945,30.43000030517578,30.420000076293945,30.420000076293945,1274.0
2024-10-25 11:46:00+00:00,FLEX,35.31999969482422,35.31999969482422,35.31999969482422,35.29999923706055,35.29999923706055,1825.0
2024-10-25 11:46:00+00:00,FLYW,17.520000457763672,17.520000457763672,17.559999465942383,17.520000457763672,17.559999465942383,1853.0
2024-10-25 11:46:00+00:00,FRGT,1.899999976158142,1.899999976158142,1.899999976158142,1.899999976158142,1.899999976158142,111.0
2024-10-25 11:46:00+00:00,FROG,29.422500610351562,29.422500610351562,29.422500610351562,29.422500610351562,29.422500610351562,947.0
2024-10-25 11:46:00+00:00,FRSH,11.670000076293945,11.670000076293945,11.670000076293945,11.654999732971191,11.654999732971191,2593.0
2024-10-25 11:46:00+00:00,FSLR,200.3699951171875,200.3699951171875,200.44000244140625,200.22999572753906,200.31500244140625,8340.0
2024-10-25 11:46:00+00:00,FTCI,0.6690999865531921,0.6690999865531921,0.6690999865531921,0.6690999865531921,0.6690999865531921,160.0
2024-10-25 11:46:00+00:00,FTNT,81.33000183105469,81.33000183105469,81.33999633789062,81.30999755859375,81.31549835205078,2342.0
2024-10-25 11:46:00+00:00,GCT,24.90999984741211,24.90999984741211,24.959999084472656,24.899999618530273,24.899999618530273,4594.0
2024-10-25 11:46:00+00:00,GDS,21.674999237060547,21.674999237060547,21.674999237060547,21.674999237060547,21.674999237060547,257.0
2024-10-25 11:46:00+00:00,GFS,41.53609848022461,41.53609848022461,41.54999923706055,41.5099983215332,41.54999923706055,3307.0
2024-10-25 11:46:00+00:00,GRAB,4.074999809265137,4.074999809265137,4.079899787902832,4.073999881744385,4.079899787902832,33685.0
2024-10-25 11:46:00+00:00,GRRR,4.489999771118164,4.489999771118164,4.489999771118164,4.489999771118164,4.489999771118164,230.0
2024-10-25 11:46:00+00:00,GSIT,3.509999990463257,3.509999990463257,3.509999990463257,3.509999990463257,3.509999990463257,1994.0
2024-10-25 11:46:00+00:00,HCP,33.70000076293945,33.70000076293945,33.70000076293945,33.69499969482422,33.69499969482422,662.0
2024-10-25 11:46:00+00:00,HIMX,6.204999923706055,6.204999923706055,6.204999923706055,6.204999923706055,6.204999923706055,231.0
2024-10-25 11:46:00+00:00,HOLO,3.600100040435791,3.600100040435791,3.609999895095825,3.5999999046325684,3.5999999046325684,7504.0
2024-10-25 11:46:00+00:00,HOOD,27.31999969482422,27.31999969482422,27.329999923706055,27.315000534057617,27.325000762939453,5671.0
2024-10-25 11:46:00+00:00,IMXI,17.65999984741211,17.65999984741211,17.65999984741211,17.65999984741211,17.65999984741211,345.0
2024-10-25 11:46:00+00:00,INDI,3.5799999237060547,3.5799999237060547,3.5799999237060547,3.575000047683716,3.575000047683716,2115.0
2024-10-25 11:46:00+00:00,INFN,6.795000076293945,6.795000076293945,6.795000076293945,6.795000076293945,6.795000076293945,604.0
2024-10-25 11:46:00+00:00,INTA,49.904998779296875,49.904998779296875,49.904998779296875,49.904998779296875,49.904998779296875,972.0
2024-10-25 11:46:00+00:00,INTC,23.165000915527344,23.165000915527344,23.170000076293945,23.149999618530273,23.155000686645508,28977.0
2024-10-25 11:46:00+00:00,INTU,610.47998046875,610.47998046875,610.47998046875,610.47998046875,610.47998046875,957.0
2024-10-25 11:46:00+00:00,IPGP,76.88999938964844,76.88999938964844,76.91999816894531,76.87000274658203,76.87999725341797,2990.0
2024-10-25 11:46:00+00:00,ITRN,27.040000915527344,27.040000915527344,27.040000915527344,27.040000915527344,27.040000915527344,474.0
2024-10-25 11:46:00+00:00,JKHY,183.58999633789062,183.58999633789062,183.58999633789062,183.47000122070312,183.47000122070312,896.0
2024-10-25 11:46:00+00:00,KC,2.7149999141693115,2.7149999141693115,2.7149999141693115,2.7149999141693115,2.7149999141693115,2420.0
2024-10-25 11:46:00+00:00,KLAC,681.5800170898438,681.5800170898438,681.5800170898438,681.5800170898438,681.5800170898438,828.0
2024-10-25 11:46:00+00:00,LFUS,254.82000732421875,254.82000732421875,254.82000732421875,254.82000732421875,254.82000732421875,553.0
2024-10-25 11:46:00+00:00,LINK,4.759900093078613,4.759900093078613,4.759900093078613,4.693999767303467,4.693999767303467,408.0
2024-10-25 11:46:00+00:00,LITE,64.3499984741211,64.3499984741211,64.3499984741211,64.3499984741211,64.3499984741211,2278.0
2024-10-25 11:46:00+00:00,LOGI,81.0999984741211,81.0999984741211,81.0999984741211,81.05000305175781,81.05000305175781,553.0
2024-10-25 11:46:00+00:00,LRCX,79.11000061035156,79.11000061035156,79.13999938964844,79.04000091552734,79.0999984741211,24941.0
2024-10-25 11:46:00+00:00,LSAK,5.300000190734863,5.300000190734863,5.324999809265137,5.300000190734863,5.324999809265137,1119.0
2024-10-25 11:46:00+00:00,LSCC,54.26499938964844,54.26499938964844,54.29999923706055,54.23500061035156,54.23500061035156,4489.0
2024-10-25 11:46:00+00:00,LUNA,1.809999942779541,1.809999942779541,1.809999942779541,1.809999942779541,1.809999942779541,124.0
2024-10-25 11:46:00+00:00,LYFT,13.805000305175781,13.805000305175781,13.805000305175781,13.805000305175781,13.805000305175781,2170.0
2024-10-25 11:46:00+00:00,MANH,274.8599853515625,274.8599853515625,274.8599853515625,274.6400146484375,274.6400146484375,2964.0
2024-10-25 11:46:00+00:00,MAXN,5.764999866485596,5.764999866485596,5.78000020980835,5.764999866485596,5.78000020980835,827.0
2024-10-25 11:46:00+00:00,MCHP,77.2699966430664,77.2699966430664,77.2699966430664,77.23999786376953,77.23999786376953,5887.0
2024-10-25 11:46:00+00:00,MKSI,100.80999755859375,100.80999755859375,100.8949966430664,100.75,100.75,8880.0
2024-10-25 11:46:00+00:00,MNDY,300.7200012207031,300.7200012207031,300.7200012207031,300.3599853515625,300.3599853515625,1592.0
2024-10-25 11:46:00+00:00,MPWR,917.4099731445312,917.4099731445312,917.4099731445312,917.4099731445312,917.4099731445312,601.0
2024-10-25 11:46:00+00:00,MQ,5.264999866485596,5.264999866485596,5.264999866485596,5.264999866485596,5.264999866485596,882.0
2024-10-25 11:46:00+00:00,MRAM,6.320000171661377,6.320000171661377,6.320000171661377,6.320000171661377,6.320000171661377,466.0
2024-10-25 11:46:00+00:00,MRVL,82.8949966430664,82.8949966430664,82.9000015258789,82.8499984741211,82.87999725341797,8617.0
2024-10-25 11:46:00+00:00,MSFT,430.3689880371094,430.3689880371094,430.3689880371094,430.07000732421875,430.07000732421875,18857.0
2024-10-25 11:46:00+00:00,MSTR,241.44000244140625,241.44000244140625,241.72999572753906,241.0,241.36000061035156,64464.0
2024-10-25 11:46:00+00:00,MTSI,119.7300033569336,119.7300033569336,119.7300033569336,119.7300033569336,119.7300033569336,1282.0
2024-10-25 11:46:00+00:00,MTTR,4.665999889373779,4.665999889373779,4.665999889373779,4.665999889373779,4.665999889373779,1916.0
2024-10-25 11:46:00+00:00,MU,109.38999938964844,109.38999938964844,109.41999816894531,109.36000061035156,109.37000274658203,17524.0
2024-10-25 11:46:00+00:00,MVIS,1.100000023841858,1.100000023841858,1.100000023841858,1.100000023841858,1.100000023841858,0.0
2024-10-25 11:46:00+00:00,MXL,15.100000381469727,15.100000381469727,15.100000381469727,15.0600004196167,15.074999809265137,2578.0
2024-10-25 11:46:00+00:00,NCNO,37.779998779296875,37.779998779296875,37.779998779296875,37.77000045776367,37.779998779296875,657.0
2024-10-25 11:46:00+00:00,NEON,8.199999809265137,8.199999809265137,8.199999809265137,8.199999809265137,8.199999809265137,121.0
2024-10-25 11:46:00+00:00,NICE,176.47999572753906,176.47999572753906,176.47999572753906,176.47999572753906,176.47999572753906,797.0
2024-10-25 11:46:00+00:00,NNDM,2.319999933242798,2.319999933242798,2.3224000930786133,2.319999933242798,2.3224000930786133,2663.0
2024-10-25 11:46:00+00:00,NSIT,208.69000244140625,208.69000244140625,208.69000244140625,208.69000244140625,208.69000244140625,829.0
2024-10-25 11:46:00+00:00,NTAP,120.26000213623047,120.26000213623047,120.4000015258789,120.25,120.4000015258789,6396.0
2024-10-25 11:46:00+00:00,NTCT,20.645000457763672,20.645000457763672,20.645000457763672,20.645000457763672,20.645000457763672,437.0
2024-10-25 11:46:00+00:00,NTNX,62.369998931884766,62.369998931884766,62.369998931884766,62.36000061035156,62.36000061035156,809.0
2024-10-25 11:46:00+00:00,NVDA,143.75,143.75,143.7899932861328,143.639892578125,143.7050018310547,315072.0
2024-10-25 11:46:00+00:00,NVEI,33.525001525878906,33.525001525878906,33.525001525878906,33.525001525878906,33.525001525878906,108.0
2024-10-25 11:46:00+00:00,NXPI,244.9499969482422,244.9499969482422,244.99000549316406,244.86500549316406,244.86500549316406,3380.0
2024-10-25 11:46:00+00:00,ON,71.98999786376953,71.98999786376953,72.01000213623047,71.86000061035156,71.87999725341797,16904.0
2024-10-25 11:46:00+00:00,OSPN,14.640000343322754,14.640000343322754,14.640000343322754,14.640000343322754,14.640000343322754,483.0
2024-10-25 11:46:00+00:00,OTEX,33.310001373291016,33.310001373291016,33.310001373291016,33.310001373291016,33.310001373291016,1079.0
2024-10-25 11:46:00+00:00,PANW,369.45001220703125,369.45001220703125,369.45001220703125,369.42999267578125,369.42999267578125,776.0
2024-10-25 11:46:00+00:00,PAYO,8.28499984741211,8.28499984741211,8.28499984741211,8.279999732971191,8.279999732971191,987.0
2024-10-25 11:46:00+00:00,PEGA,80.59860229492188,80.59860229492188,80.59860229492188,80.59860229492188,80.59860229492188,1320.0
2024-10-25 11:46:00+00:00,PEGY,4.679999828338623,4.679999828338623,4.679999828338623,4.679999828338623,4.679999828338623,1368.0
2024-10-25 11:46:00+00:00,PGY,11.829999923706055,11.829999923706055,11.831600189208984,11.829999923706055,11.829999923706055,982.0
2024-10-25 11:46:00+00:00,PGYWW,0.18799999356269836,0.18799999356269836,0.18799999356269836,0.18799999356269836,0.18799999356269836,100055.0
2024-10-25 11:46:00+00:00,PHUN,10.109999656677246,10.109999656677246,10.140000343322754,10.100199699401855,10.114999771118164,46104.0
2024-10-25 11:46:00+00:00,PI,205.44000244140625,205.44000244140625,205.44000244140625,204.86000061035156,204.86000061035156,2719.0
2024-10-25 11:46:00+00:00,PLXS,142.65499877929688,142.65499877929688,142.65499877929688,142.65499877929688,142.65499877929688,215.0
2024-10-25 11:46:00+00:00,PRCH,1.3198000192642212,1.3198000192642212,1.3198000192642212,1.3198000192642212,1.3198000192642212,606.0
2024-10-25 11:46:00+00:00,PTC,186.43499755859375,186.43499755859375,186.57000732421875,186.3699951171875,186.57000732421875,1181.0
2024-10-25 11:46:00+00:00,PUBM,14.932900428771973,14.932900428771973,14.9350004196167,14.932900428771973,14.9350004196167,550.0
2024-10-25 11:46:00+00:00,PXLW,0.75,0.75,0.7501000165939331,0.75,0.7501000165939331,4101.0
2024-10-25 11:46:00+00:00,QCOM,172.91000366210938,172.91000366210938,172.92999267578125,172.8000030517578,172.83909606933594,6573.0
2024-10-25 11:46:00+00:00,QLYS,120.69999694824219,120.69999694824219,120.69999694824219,120.69999694824219,120.69999694824219,321.0
2024-10-25 11:46:00+00:00,QRVO,100.22000122070312,100.22000122070312,100.25,100.20999908447266,100.20999908447266,1984.0
2024-10-25 11:46:00+00:00,QUBT,1.0606000423431396,1.0606000423431396,1.0606000423431396,1.0499999523162842,1.059999942779541,4457.0
2024-10-25 11:46:00+00:00,RCAT,2.755000114440918,2.755000114440918,2.755000114440918,2.755000114440918,2.755000114440918,949.0
2024-10-25 11:46:00+00:00,REKR,1.090000033378601,1.090000033378601,1.090000033378601,1.090000033378601,1.090000033378601,266.0
2024-10-25 11:46:00+00:00,RELY,14.729999542236328,14.729999542236328,14.734999656677246,14.729999542236328,14.734999656677246,1424.0
2024-10-25 11:46:00+00:00,RGTI,1.2400000095367432,1.2400000095367432,1.2400000095367432,1.2300000190734863,1.2400000095367432,11356.0
2024-10-25 11:46:00+00:00,RIOT,10.03499984741211,10.03499984741211,10.039999961853027,10.029999732971191,10.039999961853027,23780.0
2024-10-25 11:46:00+00:00,RPAY,7.614999771118164,7.614999771118164,7.614999771118164,7.605000019073486,7.605000019073486,1371.0
2024-10-25 11:46:00+00:00,RUM,5.78000020980835,5.78000020980835,5.791600227355957,5.779900074005127,5.779900074005127,25368.0
2024-10-25 11:46:00+00:00,RUN,14.494999885559082,14.494999885559082,14.5,14.479999542236328,14.484999656677246,7547.0
2024-10-25 11:46:00+00:00,SANM,67.69000244140625,67.69000244140625,67.70099639892578,67.5199966430664,67.5199966430664,9484.0
2024-10-25 11:46:00+00:00,SCSC,44.98500061035156,44.98500061035156,44.98500061035156,44.98500061035156,44.98500061035156,481.0
2024-10-25 11:46:00+00:00,SEDG,16.02400016784668,16.02400016784668,16.04949951171875,16.020000457763672,16.030000686645508,6782.0
2024-10-25 11:46:00+00:00,SHLS,5.335000038146973,5.335000038146973,5.335000038146973,5.335000038146973,5.335000038146973,632.0
2024-10-25 11:46:00+00:00,SIMO,56.970001220703125,56.970001220703125,56.970001220703125,56.970001220703125,56.970001220703125,270.0
2024-10-25 11:46:00+00:00,SKYT,10.725000381469727,10.725000381469727,10.725000381469727,10.725000381469727,10.725000381469727,630.0
2024-10-25 11:46:00+00:00,SMCI,47.65299987792969,47.65299987792969,47.68000030517578,47.65299987792969,47.65999984741211,36857.0
2024-10-25 11:46:00+00:00,SMTC,45.560001373291016,45.560001373291016,45.560001373291016,45.560001373291016,45.560001373291016,1165.0
2024-10-25 11:46:00+00:00,SNPS,503.6499938964844,503.6499938964844,503.6499938964844,503.6499938964844,503.6499938964844,376.0
2024-10-25 11:46:00+00:00,SONO,12.829899787902832,12.829899787902832,12.829899787902832,12.819999694824219,12.819999694824219,1175.0
2024-10-25 11:46:00+00:00,SOUN,5.290900230407715,5.290900230407715,5.29640007019043,5.289999961853027,5.295499801635742,6746.0
2024-10-25 11:46:00+00:00,SRAD,12.359999656677246,12.359999656677246,12.359999656677246,12.359999656677246,12.359999656677246,226.0
2024-10-25 11:46:00+00:00,SSNC,69.87000274658203,69.87000274658203,69.88999938964844,69.79000091552734,69.81999969482422,15393.0
2024-10-25 11:46:00+00:00,STER,16.739999771118164,16.739999771118164,16.739999771118164,16.735000610351562,16.735000610351562,575.0
2024-10-25 11:46:00+00:00,STNE,11.484999656677246,11.484999656677246,11.484999656677246,11.479999542236328,11.484999656677246,3029.0
2024-10-25 11:46:00+00:00,STX,104.43000030517578,104.43000030517578,104.44000244140625,104.31500244140625,104.31500244140625,2535.0
2024-10-25 11:46:00+00:00,SURG,1.7799999713897705,1.7799999713897705,1.784000039100647,1.7799999713897705,1.784000039100647,1376.0
2024-10-25 11:46:00+00:00,SVRE,0.08100000023841858,0.08100000023841858,0.08100000023841858,0.08100000023841858,0.08100000023841858,1865.0
2024-10-25 11:46:00+00:00,SWKS,96.5,96.5,96.51000213623047,96.44999694824219,96.44999694824219,1308.0
2024-10-25 11:46:00+00:00,SYNA,73.55999755859375,73.55999755859375,73.62000274658203,73.53019714355469,73.62000274658203,3413.0
2024-10-25 11:46:00+00:00,TAIT,2.8299999237060547,2.8299999237060547,2.8299999237060547,2.8299999237060547,2.8299999237060547,214.0
2024-10-25 11:46:00+00:00,TASK,11.970000267028809,11.970000267028809,11.970000267028809,11.970000267028809,11.970000267028809,106.0
2024-10-25 11:46:00+00:00,TEAM,189.99000549316406,189.99000549316406,189.99000549316406,189.9600067138672,189.9600067138672,1760.0
2024-10-25 11:46:00+00:00,TENB,41.63999938964844,41.63999938964844,41.63999938964844,41.63999938964844,41.63999938964844,630.0
2024-10-25 11:46:00+00:00,TER,113.2249984741211,113.2249984741211,113.2300033569336,113.16000366210938,113.19000244140625,1385.0
2024-10-25 11:46:00+00:00,TLS,3.6649999618530273,3.6649999618530273,3.6649999618530273,3.6649999618530273,3.6649999618530273,633.0
2024-10-25 11:46:00+00:00,TRMB,60.9900016784668,60.9900016784668,60.9900016784668,60.9900016784668,60.9900016784668,410.0
2024-10-25 11:46:00+00:00,TSAT,12.9399995803833,12.9399995803833,12.9399995803833,12.9399995803833,12.9399995803833,0.0
2024-10-25 11:46:00+00:00,TTD,119.73500061035156,119.73500061035156,119.73500061035156,119.73500061035156,119.73500061035156,1093.0
2024-10-25 11:46:00+00:00,TTMI,19.659000396728516,19.659000396728516,19.659000396728516,19.649999618530273,19.649999618530273,614.0
2024-10-25 11:46:00+00:00,TWKS,4.449999809265137,4.449999809265137,4.449999809265137,4.449999809265137,4.449999809265137,1190.0
2024-10-25 11:46:00+00:00,TXN,208.9499969482422,208.9499969482422,208.97000122070312,208.8800048828125,208.92999267578125,5942.0
2024-10-25 11:46:00+00:00,UCTT,36.29999923706055,36.29999923706055,36.29999923706055,36.29999923706055,36.29999923706055,166.0
2024-10-25 11:46:00+00:00,VECO,29.670000076293945,29.670000076293945,29.68000030517578,29.65999984741211,29.68000030517578,1314.0
2024-10-25 11:46:00+00:00,VERB,10.050000190734863,10.050000190734863,10.050000190734863,10.050000190734863,10.050000190734863,327.0
2024-10-25 11:46:00+00:00,VERI,3.430000066757202,3.430000066757202,3.430000066757202,3.430000066757202,3.430000066757202,497.0
2024-10-25 11:46:00+00:00,VIAV,9.204999923706055,9.204999923706055,9.204999923706055,9.204999923706055,9.204999923706055,499.0
2024-10-25 11:46:00+00:00,VMEO,4.759799957275391,4.759799957275391,4.759799957275391,4.759799957275391,4.759799957275391,873.0
2024-10-25 11:46:00+00:00,VNET,3.4800000190734863,3.4800000190734863,3.484999895095825,3.4800000190734863,3.484999895095825,213.0
2024-10-25 11:46:00+00:00,VRNS,56.69499969482422,56.69499969482422,56.70000076293945,56.69499969482422,56.70000076293945,1999.0
2024-10-25 11:46:00+00:00,VRNT,22.200000762939453,22.200000762939453,22.200000762939453,22.200000762939453,22.200000762939453,550.0
2024-10-25 11:46:00+00:00,VRSN,186.7899932861328,186.7899932861328,186.7899932861328,186.4600067138672,186.4600067138672,3675.0
2024-10-25 11:46:00+00:00,VUZI,1.3207999467849731,1.3207999467849731,1.3207999467849731,1.3207999467849731,1.3207999467849731,200.0
2024-10-25 11:46:00+00:00,WALD,3.6291000843048096,3.6291000843048096,3.6291000843048096,3.6291000843048096,3.6291000843048096,514.0
2024-10-25 11:46:00+00:00,WDAY,240.55999755859375,240.55999755859375,240.55999755859375,240.5,240.5,1842.0
2024-10-25 11:46:00+00:00,WDC,71.86499786376953,71.86499786376953,71.87000274658203,71.77999877929688,71.79000091552734,13733.0
2024-10-25 11:46:00+00:00,WISA,1.8193999528884888,1.8193999528884888,1.8194999694824219,1.815000057220459,1.815000057220459,2862.0
2024-10-25 11:46:00+00:00,XELA,1.9700000286102295,1.9700000286102295,1.9700000286102295,1.9700000286102295,1.9700000286102295,394.0
2024-10-25 11:46:00+00:00,XPER,9.444999694824219,9.444999694824219,9.444999694824219,9.4399995803833,9.4399995803833,620.0
2024-10-25 11:46:00+00:00,XRX,10.130000114440918,10.130000114440918,10.130000114440918,10.125,10.125,2252.0
2024-10-25 11:46:00+00:00,ZI,10.515000343322754,10.515000343322754,10.520000457763672,10.515000343322754,10.520000457763672,1994.0
2024-10-25 11:46:00+00:00,ZM,73.125,73.125,73.12999725341797,73.12000274658203,73.12999725341797,2435.0
2024-10-25 11:46:00+00:00,ZS,186.02499389648438,186.02499389648438,186.02499389648438,186.0,186.0,664.0
2024-10-25 11:47:00+00:00,AAOI,18.219999313354492,18.219999313354492,18.219999313354492,18.200000762939453,18.200000762939453,1234.0
2024-10-25 11:47:00+00:00,AAPL,232.2100067138672,232.2100067138672,232.289794921875,232.10000610351562,232.10000610351562,79904.0
2024-10-25 11:47:00+00:00,ACMR,19.870800018310547,19.870800018310547,19.892499923706055,19.870800018310547,19.892499923706055,558.0
2024-10-25 11:47:00+00:00,ADBE,485.1050109863281,485.1050109863281,485.20001220703125,485.1000061035156,485.1099853515625,1414.0
2024-10-25 11:47:00+00:00,ADI,233.6999969482422,233.6999969482422,233.7449951171875,233.58999633789062,233.7449951171875,3181.0
2024-10-25 11:47:00+00:00,ADSK,286.8450012207031,286.8450012207031,286.8450012207031,286.8450012207031,286.8450012207031,1801.0
2024-10-25 11:47:00+00:00,AEHR,17.145000457763672,17.145000457763672,17.166900634765625,17.139999389648438,17.166900634765625,1397.0
2024-10-25 11:47:00+00:00,AEYE,23.059999465942383,23.059999465942383,23.059999465942383,23.059999465942383,23.059999465942383,136.0
2024-10-25 11:47:00+00:00,AFRM,41.64500045776367,41.64500045776367,41.65999984741211,41.61000061035156,41.62200164794922,8496.0
2024-10-25 11:47:00+00:00,AKAM,103.2300033569336,103.2300033569336,103.2300033569336,103.2300033569336,103.2300033569336,162.0
2024-10-25 11:47:00+00:00,ALGM,22.850000381469727,22.850000381469727,22.860000610351562,22.844999313354492,22.850000381469727,3448.0
2024-10-25 11:47:00+00:00,ALTR,104.22000122070312,104.22000122070312,104.22000122070312,104.19999694824219,104.19999694824219,12222.0
2024-10-25 11:47:00+00:00,AMAT,188.3800048828125,188.3800048828125,188.3800048828125,188.1300048828125,188.1300048828125,5787.0
2024-10-25 11:47:00+00:00,AMBA,58.39500045776367,58.39500045776367,58.39500045776367,58.39500045776367,58.39500045776367,850.0
2024-10-25 11:47:00+00:00,AMD,158.10989379882812,158.10989379882812,158.11000061035156,158.00689697265625,158.0399932861328,76208.0
2024-10-25 11:47:00+00:00,AMKR,30.209999084472656,30.209999084472656,30.209999084472656,30.209999084472656,30.209999084472656,598.0
2024-10-25 11:47:00+00:00,ANSS,326.44000244140625,326.44000244140625,326.44000244140625,326.3500061035156,326.3500061035156,3062.0
2024-10-25 11:47:00+00:00,ANY,1.065000057220459,1.065000057220459,1.065000057220459,1.065000057220459,1.065000057220459,117.0
2024-10-25 11:47:00+00:00,AOSL,36.744998931884766,36.744998931884766,36.744998931884766,36.744998931884766,36.744998931884766,233.0
2024-10-25 11:47:00+00:00,API,2.825000047683716,2.825000047683716,2.825000047683716,2.825000047683716,2.825000047683716,435.0
2024-10-25 11:47:00+00:00,APP,162.2449951171875,162.2449951171875,162.27000427246094,162.22000122070312,162.22000122070312,2030.0
2024-10-25 11:47:00+00:00,APPF,215.43499755859375,215.43499755859375,215.43499755859375,215.43499755859375,215.43499755859375,489.0
2024-10-25 11:47:00+00:00,APPN,32.27000045776367,32.27000045776367,32.27000045776367,32.25,32.25,703.0
2024-10-25 11:47:00+00:00,APPS,3.0999999046325684,3.0999999046325684,3.0999999046325684,3.0999999046325684,3.0999999046325684,656.0
2024-10-25 11:47:00+00:00,ARRY,6.465000152587891,6.465000152587891,6.465000152587891,6.460000038146973,6.465000152587891,8068.0
2024-10-25 11:47:00+00:00,ASML,719.02001953125,719.02001953125,719.3699951171875,718.9500122070312,719.1300048828125,5869.0
2024-10-25 11:47:00+00:00,ASUR,9.6899995803833,9.6899995803833,9.699999809265137,9.6899995803833,9.699999809265137,308.0
2024-10-25 11:47:00+00:00,AUR,6.465000152587891,6.465000152587891,6.465000152587891,6.460000038146973,6.460000038146973,1995.0
2024-10-25 11:47:00+00:00,AUUD,0.6201000213623047,0.6201000213623047,0.6201000213623047,0.6201000213623047,0.6201000213623047,0.0
2024-10-25 11:47:00+00:00,AVGO,176.6999969482422,176.6999969482422,176.6999969482422,176.44000244140625,176.44000244140625,34276.0
2024-10-25 11:47:00+00:00,AVNW,20.969999313354492,20.969999313354492,20.969999313354492,20.969999313354492,20.969999313354492,156.0
2024-10-25 11:47:00+00:00,AVPT,12.020000457763672,12.020000457763672,12.020000457763672,12.020000457763672,12.020000457763672,182.0
2024-10-25 11:47:00+00:00,AVT,54.2400016784668,54.2400016784668,54.2400016784668,54.22999954223633,54.22999954223633,581.0
2024-10-25 11:47:00+00:00,BAND,17.709999084472656,17.709999084472656,17.709999084472656,17.709999084472656,17.709999084472656,571.0
2024-10-25 11:47:00+00:00,BCOV,2.259999990463257,2.259999990463257,2.259999990463257,2.259999990463257,2.259999990463257,1416.0
2024-10-25 11:47:00+00:00,BELFB,78.95999908447266,78.95999908447266,78.95999908447266,78.95999908447266,78.95999908447266,609.0
2024-10-25 11:47:00+00:00,BIGC,5.300000190734863,5.300000190734863,5.300000190734863,5.300000190734863,5.300000190734863,185.0
2024-10-25 11:47:00+00:00,BL,56.34000015258789,56.34000015258789,56.34000015258789,56.34000015258789,56.34000015258789,484.0
2024-10-25 11:47:00+00:00,BLZE,7.254300117492676,7.254300117492676,7.254300117492676,7.254300117492676,7.254300117492676,255.0
2024-10-25 11:47:00+00:00,BRZE,30.735000610351562,30.735000610351562,30.735000610351562,30.735000610351562,30.735000610351562,117.0
2024-10-25 11:47:00+00:00,BSY,49.18000030517578,49.18000030517578,49.18000030517578,49.18000030517578,49.18000030517578,873.0
2024-10-25 11:47:00+00:00,CAMT,78.29499816894531,78.29499816894531,78.29499816894531,78.29499816894531,78.29499816894531,928.0
2024-10-25 11:47:00+00:00,CAN,0.9922000169754028,0.9922000169754028,0.9977999925613403,0.9908000230789185,0.9944000244140625,859.0
2024-10-25 11:47:00+00:00,CDNS,259.8949890136719,259.8949890136719,259.9150085449219,259.7900085449219,259.7900085449219,2650.0
2024-10-25 11:47:00+00:00,CDW,219.0800018310547,219.0800018310547,219.16000366210938,218.88999938964844,219.0,11699.0
2024-10-25 11:47:00+00:00,CFLT,22.7593994140625,22.7593994140625,22.7593994140625,22.709999084472656,22.709999084472656,5073.0
2024-10-25 11:47:00+00:00,CHKP,207.3074951171875,207.3074951171875,207.3074951171875,207.30499267578125,207.30499267578125,845.0
2024-10-25 11:47:00+00:00,CLBT,18.1299991607666,18.1299991607666,18.1299991607666,18.1299991607666,18.1299991607666,300.0
2024-10-25 11:47:00+00:00,CLSK,11.891500473022461,11.891500473022461,11.920000076293945,11.871999740600586,11.914999961853027,117370.0
2024-10-25 11:47:00+00:00,COHR,95.37000274658203,95.37000274658203,95.41000366210938,95.3499984741211,95.41000366210938,2958.0
2024-10-25 11:47:00+00:00,COIN,210.5189971923828,210.5189971923828,210.5207977294922,210.22000122070312,210.36000061035156,13593.0
2024-10-25 11:47:00+00:00,COMM,6.355000019073486,6.355000019073486,6.355000019073486,6.355000019073486,6.355000019073486,1608.0
2024-10-25 11:47:00+00:00,CORZ,13.264200210571289,13.264200210571289,13.274999618530273,13.244999885559082,13.25,28144.0
2024-10-25 11:47:00+00:00,CRCT,6.559999942779541,6.559999942779541,6.559999942779541,6.550000190734863,6.550000190734863,1354.0
2024-10-25 11:47:00+00:00,CRDO,40.16999816894531,40.16999816894531,40.189998626708984,40.13999938964844,40.13999938964844,12899.0
2024-10-25 11:47:00+00:00,CRNC,2.9149999618530273,2.9149999618530273,2.9149999618530273,2.9149999618530273,2.9149999618530273,363.0
2024-10-25 11:47:00+00:00,CRSR,6.429999828338623,6.429999828338623,6.429999828338623,6.425000190734863,6.425000190734863,5816.0
2024-10-25 11:47:00+00:00,CRWD,309.1600036621094,309.1600036621094,309.3699951171875,309.07000732421875,309.1098937988281,2298.0
2024-10-25 11:47:00+00:00,CSCO,56.06999969482422,56.06999969482422,56.08000183105469,56.060001373291016,56.071998596191406,14537.0
2024-10-25 11:47:00+00:00,CSIQ,13.739999771118164,13.739999771118164,13.739999771118164,13.720000267028809,13.720000267028809,3191.0
2024-10-25 11:47:00+00:00,CTLP,8.90999984741211,8.90999984741211,8.90999984741211,8.90999984741211,8.90999984741211,401.0
2024-10-25 11:47:00+00:00,CTSH,74.77999877929688,74.77999877929688,74.80000305175781,74.7699966430664,74.77999877929688,4654.0
2024-10-25 11:47:00+00:00,CVLT,134.24000549316406,134.24000549316406,134.24000549316406,134.24000549316406,134.24000549316406,494.0
2024-10-25 11:47:00+00:00,DBX,25.985000610351562,25.985000610351562,25.989999771118164,25.975000381469727,25.975000381469727,6765.0
2024-10-25 11:47:00+00:00,DDOG,127.42500305175781,127.42500305175781,127.42500305175781,127.38999938964844,127.38999938964844,1932.0
2024-10-25 11:47:00+00:00,DOCU,70.18499755859375,70.18499755859375,70.19499969482422,70.15499877929688,70.15499877929688,3686.0
2024-10-25 11:47:00+00:00,DSGX,104.37000274658203,104.37000274658203,104.37000274658203,104.36000061035156,104.36000061035156,883.0
2024-10-25 11:47:00+00:00,ENPH,83.73999786376953,83.73999786376953,83.73999786376953,83.60009765625,83.66999816894531,11702.0
2024-10-25 11:47:00+00:00,ENTG,105.91000366210938,105.91000366210938,105.91000366210938,105.91000366210938,105.91000366210938,790.0
2024-10-25 11:47:00+00:00,ERIC,8.484999656677246,8.484999656677246,8.486000061035156,8.479999542236328,8.484999656677246,118095.0
2024-10-25 11:47:00+00:00,EXLS,38.88999938964844,38.88999938964844,38.88999938964844,38.88999938964844,38.88999938964844,900.0
2024-10-25 11:47:00+00:00,EXTR,14.473299980163574,14.473299980163574,14.475000381469727,14.470000267028809,14.470000267028809,912.0
2024-10-25 11:47:00+00:00,FFIV,216.7100067138672,216.7100067138672,216.72000122070312,216.7100067138672,216.72000122070312,278.0
2024-10-25 11:47:00+00:00,FIVN,30.450000762939453,30.450000762939453,30.450000762939453,30.420000076293945,30.420000076293945,7720.0
2024-10-25 11:47:00+00:00,FLEX,35.33000183105469,35.33000183105469,35.33000183105469,35.31999969482422,35.32500076293945,3414.0
2024-10-25 11:47:00+00:00,FLYW,17.469999313354492,17.469999313354492,17.510000228881836,17.469999313354492,17.510000228881836,1052.0
2024-10-25 11:47:00+00:00,FORM,45.2599983215332,45.2599983215332,45.2599983215332,45.2599983215332,45.2599983215332,372.0
2024-10-25 11:47:00+00:00,FRSH,11.675000190734863,11.675000190734863,11.675000190734863,11.670000076293945,11.670000076293945,1499.0
2024-10-25 11:47:00+00:00,FSLR,200.39999389648438,200.39999389648438,200.5399932861328,200.39999389648438,200.4199981689453,9707.0
2024-10-25 11:47:00+00:00,FTNT,81.37000274658203,81.37000274658203,81.37000274658203,81.33999633789062,81.3499984741211,3043.0
2024-10-25 11:47:00+00:00,GCT,24.979999542236328,24.979999542236328,24.979999542236328,24.969999313354492,24.969999313354492,1140.0
2024-10-25 11:47:00+00:00,GDS,21.674999237060547,21.674999237060547,21.674999237060547,21.674999237060547,21.674999237060547,2314.0
2024-10-25 11:47:00+00:00,GFS,41.529998779296875,41.529998779296875,41.54999923706055,41.529998779296875,41.54010009765625,2058.0
2024-10-25 11:47:00+00:00,GRAB,4.073999881744385,4.073999881744385,4.079999923706055,4.072500228881836,4.075699806213379,21354.0
2024-10-25 11:47:00+00:00,GRRR,4.5,4.5,4.5,4.489999771118164,4.489999771118164,788.0
2024-10-25 11:47:00+00:00,GSIT,3.5,3.5,3.5,3.450000047683716,3.490000009536743,3301.0
2024-10-25 11:47:00+00:00,GTLB,55.81999969482422,55.81999969482422,55.81999969482422,55.779998779296875,55.779998779296875,1978.0
2024-10-25 11:47:00+00:00,HCP,33.70500183105469,33.70500183105469,33.709999084472656,33.69499969482422,33.70000076293945,261036.0
2024-10-25 11:47:00+00:00,HIMX,6.204999923706055,6.204999923706055,6.204999923706055,6.204999923706055,6.204999923706055,1133.0
2024-10-25 11:47:00+00:00,HLIT,14.795000076293945,14.795000076293945,14.795000076293945,14.795000076293945,14.795000076293945,1258.0
2024-10-25 11:47:00+00:00,HOLO,3.5950000286102295,3.5950000286102295,3.609999895095825,3.5899999141693115,3.6098999977111816,9528.0
2024-10-25 11:47:00+00:00,HOOD,27.309999465942383,27.309999465942383,27.325000762939453,27.30500030517578,27.31999969482422,7626.0
2024-10-25 11:47:00+00:00,IMMR,8.774999618530273,8.774999618530273,8.774999618530273,8.774999618530273,8.774999618530273,156.0
2024-10-25 11:47:00+00:00,INSG,19.989999771118164,19.989999771118164,19.989999771118164,19.989999771118164,19.989999771118164,101.0
2024-10-25 11:47:00+00:00,INTC,23.17569923400879,23.17569923400879,23.18000030517578,23.15999984741211,23.15999984741211,47504.0
2024-10-25 11:47:00+00:00,INTU,611.030029296875,611.030029296875,611.2050170898438,611.030029296875,611.2050170898438,1572.0
2024-10-25 11:47:00+00:00,ITRI,102.91000366210938,102.91000366210938,102.91000366210938,102.81999969482422,102.81999969482422,1042.0
2024-10-25 11:47:00+00:00,JKHY,183.7550048828125,183.7550048828125,183.7550048828125,183.7550048828125,183.7550048828125,249.0
2024-10-25 11:47:00+00:00,KC,2.7200000286102295,2.7200000286102295,2.7200000286102295,2.7200000286102295,2.7200000286102295,599.0
2024-10-25 11:47:00+00:00,KLAC,682.0399780273438,682.0399780273438,682.186279296875,682.0399780273438,682.186279296875,1150.0
2024-10-25 11:47:00+00:00,LASR,10.470000267028809,10.470000267028809,10.470000267028809,10.470000267028809,10.470000267028809,352.0
2024-10-25 11:47:00+00:00,LINK,4.595699787139893,4.595699787139893,4.670000076293945,4.579999923706055,4.650199890136719,1238.0
2024-10-25 11:47:00+00:00,LOGI,81.11000061035156,81.11000061035156,81.11000061035156,81.11000061035156,81.11000061035156,139.0
2024-10-25 11:47:00+00:00,LRCX,79.22000122070312,79.22000122070312,79.22000122070312,79.11499786376953,79.125,37060.0
2024-10-25 11:47:00+00:00,LSCC,54.310001373291016,54.310001373291016,54.310001373291016,54.279998779296875,54.279998779296875,2264.0
2024-10-25 11:47:00+00:00,LYFT,13.81350040435791,13.81350040435791,13.8149995803833,13.803999900817871,13.8100004196167,13264.0
2024-10-25 11:47:00+00:00,MAXN,5.764999866485596,5.764999866485596,5.764999866485596,5.764999866485596,5.764999866485596,251.0
2024-10-25 11:47:00+00:00,MCHP,77.27999877929688,77.27999877929688,77.29000091552734,77.26000213623047,77.27999877929688,5196.0
2024-10-25 11:47:00+00:00,MDB,267.3900146484375,267.3900146484375,267.3900146484375,267.2099914550781,267.2099914550781,1795.0
2024-10-25 11:47:00+00:00,MITK,8.779999732971191,8.779999732971191,8.779999732971191,8.779999732971191,8.779999732971191,643.0
2024-10-25 11:47:00+00:00,MKSI,101.0,101.0,101.06999969482422,100.99500274658203,100.99500274658203,1186.0
2024-10-25 11:47:00+00:00,MNDY,300.7349853515625,300.7349853515625,300.7349853515625,300.7099914550781,300.7099914550781,880.0
2024-10-25 11:47:00+00:00,MPWR,917.4299926757812,917.4299926757812,917.4299926757812,917.4299926757812,917.4299926757812,472.0
2024-10-25 11:47:00+00:00,MQ,5.269999980926514,5.269999980926514,5.269999980926514,5.269999980926514,5.269999980926514,878.0
2024-10-25 11:47:00+00:00,MRAM,6.327400207519531,6.327400207519531,6.327400207519531,6.327400207519531,6.327400207519531,1141.0
2024-10-25 11:47:00+00:00,MRVL,82.88999938964844,82.88999938964844,82.93000030517578,82.83999633789062,82.8949966430664,17724.0
2024-10-25 11:47:00+00:00,MSFT,430.45001220703125,430.45001220703125,430.6000061035156,430.32000732421875,430.3599853515625,21528.0
2024-10-25 11:47:00+00:00,MSTR,240.9241943359375,240.9241943359375,241.3699951171875,240.50999450683594,241.3300018310547,66623.0
2024-10-25 11:47:00+00:00,MTLS,5.936200141906738,5.936200141906738,5.936200141906738,5.936200141906738,5.936200141906738,2460.0
2024-10-25 11:47:00+00:00,MTSI,120.16999816894531,120.16999816894531,120.16999816894531,120.16999816894531,120.16999816894531,239.0
2024-10-25 11:47:00+00:00,MU,109.43499755859375,109.43499755859375,109.44999694824219,109.4000015258789,109.41000366210938,11561.0
2024-10-25 11:47:00+00:00,MVIS,1.100000023841858,1.100000023841858,1.100000023841858,1.100000023841858,1.100000023841858,45.0
2024-10-25 11:47:00+00:00,MXL,15.050000190734863,15.050000190734863,15.09000015258789,15.050000190734863,15.09000015258789,5629.0
2024-10-25 11:47:00+00:00,NCNO,37.78499984741211,37.78499984741211,37.79999923706055,37.72999954223633,37.790000915527344,12334.0
2024-10-25 11:47:00+00:00,NEON,8.180000305175781,8.180000305175781,8.180000305175781,8.180000305175781,8.180000305175781,2037.0
2024-10-25 11:47:00+00:00,NNDM,2.319999933242798,2.319999933242798,2.319999933242798,2.319999933242798,2.319999933242798,221.0
2024-10-25 11:47:00+00:00,NSIT,209.30999755859375,209.30999755859375,209.30999755859375,209.30999755859375,209.30999755859375,460.0
2024-10-25 11:47:00+00:00,NTAP,120.36000061035156,120.36000061035156,120.36000061035156,120.33999633789062,120.33999633789062,1212.0
2024-10-25 11:47:00+00:00,NTCT,20.645000457763672,20.645000457763672,20.645000457763672,20.645000457763672,20.645000457763672,617.0
2024-10-25 11:47:00+00:00,NTNX,62.439998626708984,62.439998626708984,62.45000076293945,62.40999984741211,62.40999984741211,1770.0
2024-10-25 11:47:00+00:00,NVDA,143.9698944091797,143.9698944091797,143.9709930419922,143.74630737304688,143.75999450683594,498753.0
2024-10-25 11:47:00+00:00,NVEI,33.525001525878906,33.525001525878906,33.525001525878906,33.525001525878906,33.525001525878906,643.0
2024-10-25 11:47:00+00:00,NVMI,184.77000427246094,184.77000427246094,184.77000427246094,184.50999450683594,184.50999450683594,1929.0
2024-10-25 11:47:00+00:00,NVTS,2.5950000286102295,2.5950000286102295,2.5950000286102295,2.5850000381469727,2.5850000381469727,3293.0
2024-10-25 11:47:00+00:00,NXPI,244.97999572753906,244.97999572753906,245.00999450683594,244.97999572753906,245.00999450683594,1514.0
2024-10-25 11:47:00+00:00,OKTA,72.7300033569336,72.7300033569336,72.7300033569336,72.7300033569336,72.7300033569336,1694.0
2024-10-25 11:47:00+00:00,ON,71.97000122070312,71.97000122070312,72.0199966430664,71.97000122070312,72.01000213623047,17608.0
2024-10-25 11:47:00+00:00,OSIS,136.88999938964844,136.88999938964844,136.88999938964844,136.88999938964844,136.88999938964844,296.0
2024-10-25 11:47:00+00:00,PANW,369.4100036621094,369.4100036621094,369.6700134277344,369.4100036621094,369.4700012207031,1151.0
2024-10-25 11:47:00+00:00,PAYO,8.289999961853027,8.289999961853027,8.289999961853027,8.289999961853027,8.289999961853027,3360.0
2024-10-25 11:47:00+00:00,PEGY,4.78000020980835,4.78000020980835,4.78000020980835,4.730100154876709,4.730100154876709,5321.0
2024-10-25 11:47:00+00:00,PGY,11.8100004196167,11.8100004196167,11.829999923706055,11.8100004196167,11.829999923706055,3316.0
2024-10-25 11:47:00+00:00,PHUN,10.215700149536133,10.215700149536133,10.239999771118164,10.100000381469727,10.100000381469727,181491.0
2024-10-25 11:47:00+00:00,PI,205.36700439453125,205.36700439453125,205.49989318847656,205.36000061035156,205.36000061035156,1071.0
2024-10-25 11:47:00+00:00,PLAB,23.67009925842285,23.67009925842285,23.67009925842285,23.67009925842285,23.67009925842285,2203.0
2024-10-25 11:47:00+00:00,POET,3.960099935531616,3.960099935531616,3.960099935531616,3.960099935531616,3.960099935531616,2536.0
2024-10-25 11:47:00+00:00,PRCH,1.315000057220459,1.315000057220459,1.315000057220459,1.315000057220459,1.315000057220459,0.0
2024-10-25 11:47:00+00:00,PTC,186.5800018310547,186.5800018310547,186.5800018310547,186.5800018310547,186.5800018310547,307.0
2024-10-25 11:47:00+00:00,PYCR,14.354999542236328,14.354999542236328,14.354999542236328,14.350000381469727,14.350000381469727,2500.0
2024-10-25 11:47:00+00:00,QCOM,172.9499969482422,172.9499969482422,172.97999572753906,172.85000610351562,172.9600067138672,13469.0
2024-10-25 11:47:00+00:00,QLYS,120.75,120.75,120.75,120.625,120.625,478.0
2024-10-25 11:47:00+00:00,QMCO,5.159999847412109,5.159999847412109,5.159999847412109,5.159999847412109,5.159999847412109,1010.0
2024-10-25 11:47:00+00:00,QRVO,100.23999786376953,100.23999786376953,100.25,100.23999786376953,100.25,1189.0
2024-10-25 11:47:00+00:00,QUBT,1.0700000524520874,1.0700000524520874,1.0700000524520874,1.059999942779541,1.065000057220459,2322.0
2024-10-25 11:47:00+00:00,RELY,14.729999542236328,14.729999542236328,14.729999542236328,14.725000381469727,14.725000381469727,1679.0
2024-10-25 11:47:00+00:00,RGTI,1.2400000095367432,1.2400000095367432,1.2400000095367432,1.2350000143051147,1.2400000095367432,2073.0
2024-10-25 11:47:00+00:00,RIOT,10.03499984741211,10.03499984741211,10.039999961853027,10.020000457763672,10.029999732971191,27007.0
2024-10-25 11:47:00+00:00,RUM,5.790999889373779,5.790999889373779,5.795000076293945,5.78000020980835,5.7820000648498535,9884.0
2024-10-25 11:47:00+00:00,RUN,14.489800453186035,14.489800453186035,14.5,14.489800453186035,14.5,10761.0
2024-10-25 11:47:00+00:00,SATS,25.235000610351562,25.235000610351562,25.239999771118164,25.235000610351562,25.239999771118164,993.0
2024-10-25 11:47:00+00:00,SEDG,16.06999969482422,16.06999969482422,16.100000381469727,16.030000686645508,16.030000686645508,6272.0
2024-10-25 11:47:00+00:00,SHLS,5.34499979019165,5.34499979019165,5.349899768829346,5.335000038146973,5.335000038146973,18590.0
2024-10-25 11:47:00+00:00,SILC,13.180000305175781,13.180000305175781,13.180000305175781,13.180000305175781,13.180000305175781,229.0
2024-10-25 11:47:00+00:00,SLAB,115.41000366210938,115.41000366210938,115.41000366210938,115.41000366210938,115.41000366210938,155.0
2024-10-25 11:47:00+00:00,SMCI,47.72999954223633,47.72999954223633,47.7400016784668,47.689998626708984,47.689998626708984,65542.0
2024-10-25 11:47:00+00:00,SNCR,10.768600463867188,10.768600463867188,10.768600463867188,10.768600463867188,10.768600463867188,870.0
2024-10-25 11:47:00+00:00,SNPS,503.68499755859375,503.68499755859375,503.68499755859375,503.68499755859375,503.68499755859375,539.0
2024-10-25 11:47:00+00:00,SOUN,5.29010009765625,5.29010009765625,5.300000190734863,5.289999961853027,5.294600009918213,5695.0
2024-10-25 11:47:00+00:00,SRAD,12.354999542236328,12.354999542236328,12.354999542236328,12.354999542236328,12.354999542236328,477.0
2024-10-25 11:47:00+00:00,SSNC,69.8499984741211,69.8499984741211,69.87000274658203,69.83999633789062,69.86000061035156,16802.0
2024-10-25 11:47:00+00:00,SSYS,7.139999866485596,7.139999866485596,7.139999866485596,7.139999866485596,7.139999866485596,506.0
2024-10-25 11:47:00+00:00,STNE,11.484999656677246,11.484999656677246,11.489999771118164,11.484999656677246,11.489999771118164,1296.0
2024-10-25 11:47:00+00:00,STX,104.44499969482422,104.44499969482422,104.48999786376953,104.44499969482422,104.44999694824219,952.0
2024-10-25 11:47:00+00:00,SWKS,96.5,96.5,96.52999877929688,96.48999786376953,96.5199966430664,3021.0
2024-10-25 11:47:00+00:00,TACT,4.164999961853027,4.164999961853027,4.164999961853027,4.164999961853027,4.164999961853027,5.0
2024-10-25 11:47:00+00:00,TAIT,2.799999952316284,2.799999952316284,2.799999952316284,2.799999952316284,2.799999952316284,3494.0
2024-10-25 11:47:00+00:00,TASK,11.979999542236328,11.979999542236328,11.979999542236328,11.970000267028809,11.970000267028809,1952.0
2024-10-25 11:47:00+00:00,TEAM,189.99000549316406,189.99000549316406,190.08999633789062,189.99000549316406,189.99000549316406,3133.0
2024-10-25 11:47:00+00:00,TENB,41.70000076293945,41.70000076293945,41.70000076293945,41.64500045776367,41.64500045776367,1700.0
2024-10-25 11:47:00+00:00,TER,113.29499816894531,113.29499816894531,113.30000305175781,113.2249984741211,113.2249984741211,3075.0
2024-10-25 11:47:00+00:00,TLS,3.6649999618530273,3.6649999618530273,3.6649999618530273,3.6612000465393066,3.6612000465393066,415.0
2024-10-25 11:47:00+00:00,TRMB,61.0099983215332,61.0099983215332,61.0099983215332,61.0099983215332,61.0099983215332,405.0
2024-10-25 11:47:00+00:00,TSEM,44.959999084472656,44.959999084472656,44.959999084472656,44.939998626708984,44.939998626708984,1326.0
2024-10-25 11:47:00+00:00,TTD,119.79000091552734,119.79000091552734,119.79000091552734,119.79000091552734,119.79000091552734,2797.0
2024-10-25 11:47:00+00:00,TTMI,19.6299991607666,19.6299991607666,19.65999984741211,19.6200008392334,19.65999984741211,3217.0
2024-10-25 11:47:00+00:00,TWKS,4.449999809265137,4.449999809265137,4.449999809265137,4.449999809265137,4.449999809265137,1297.0
2024-10-25 11:47:00+00:00,TXN,208.8699951171875,208.8699951171875,209.02000427246094,208.77999877929688,208.9600067138672,13466.0
2024-10-25 11:47:00+00:00,UCTT,36.29999923706055,36.29999923706055,36.310001373291016,36.29499816894531,36.29499816894531,933.0
2024-10-25 11:47:00+00:00,VECO,29.674999237060547,29.674999237060547,29.68000030517578,29.665000915527344,29.665000915527344,2306.0
2024-10-25 11:47:00+00:00,VERX,42.209999084472656,42.209999084472656,42.209999084472656,42.209999084472656,42.209999084472656,261.0
2024-10-25 11:47:00+00:00,VIAV,9.204999923706055,9.204999923706055,9.204999923706055,9.204999923706055,9.204999923706055,669.0
2024-10-25 11:47:00+00:00,VICR,46.779998779296875,46.779998779296875,46.779998779296875,46.779998779296875,46.779998779296875,296.0
2024-10-25 11:47:00+00:00,VRNS,56.78499984741211,56.78499984741211,56.78499984741211,56.709999084472656,56.720001220703125,5307.0
2024-10-25 11:47:00+00:00,VRNT,22.18000030517578,22.18000030517578,22.18000030517578,22.18000030517578,22.18000030517578,871.0
2024-10-25 11:47:00+00:00,VRSN,186.86000061035156,186.86000061035156,186.86000061035156,186.75,186.75,3755.0
2024-10-25 11:47:00+00:00,VSAT,10.364999771118164,10.364999771118164,10.364999771118164,10.359999656677246,10.359999656677246,585.0
2024-10-25 11:47:00+00:00,VUZI,1.3250000476837158,1.3250000476837158,1.3250000476837158,1.3250000476837158,1.3250000476837158,201.0
2024-10-25 11:47:00+00:00,VVPR,0.7860000133514404,0.7860000133514404,0.7860000133514404,0.7860000133514404,0.7860000133514404,200.0
2024-10-25 11:47:00+00:00,WDAY,240.6699981689453,240.6699981689453,240.67999267578125,240.55999755859375,240.55999755859375,1580.0
2024-10-25 11:47:00+00:00,WDC,71.77999877929688,71.77999877929688,71.8499984741211,71.75,71.8499984741211,18848.0
2024-10-25 11:47:00+00:00,WRAP,1.812000036239624,1.812000036239624,1.812000036239624,1.812000036239624,1.812000036239624,2400.0
2024-10-25 11:47:00+00:00,XELA,1.9800000190734863,1.9800000190734863,1.9800000190734863,1.9800000190734863,1.9800000190734863,1255.0
2024-10-25 11:47:00+00:00,XPER,9.449999809265137,9.449999809265137,9.449999809265137,9.449999809265137,9.449999809265137,122.0
2024-10-25 11:47:00+00:00,XRX,10.130000114440918,10.130000114440918,10.130000114440918,10.130000114440918,10.130000114440918,910.0
2024-10-25 11:47:00+00:00,ZI,10.520000457763672,10.520000457763672,10.520000457763672,10.515000343322754,10.515000343322754,4048.0
2024-10-25 11:47:00+00:00,ZM,73.11000061035156,73.11000061035156,73.11000061035156,73.0999984741211,73.11000061035156,2251.0
2024-10-25 11:47:00+00:00,ZS,186.1750030517578,186.1750030517578,186.1750030517578,185.94000244140625,185.94000244140625,1495.0
2024-10-25 11:48:00+00:00,AAOI,18.219999313354492,18.219999313354492,18.219999313354492,18.215700149536133,18.215999603271484,782.0
2024-10-25 11:48:00+00:00,AAPL,232.1999969482422,232.1999969482422,232.33999633789062,232.1999969482422,232.22999572753906,51517.0
2024-10-25 11:48:00+00:00,ACIW,48.92499923706055,48.92499923706055,48.95000076293945,48.869998931884766,48.880001068115234,2091.0
2024-10-25 11:48:00+00:00,ACLS,90.7300033569336,90.7300033569336,90.7300033569336,90.70999908447266,90.70999908447266,720.0
2024-10-25 11:48:00+00:00,ACMR,19.8799991607666,19.8799991607666,19.8799991607666,19.860000610351562,19.871999740600586,1417.0
2024-10-25 11:48:00+00:00,ADBE,485.04998779296875,485.04998779296875,485.1099853515625,484.9139099121094,485.1099853515625,2869.0
2024-10-25 11:48:00+00:00,ADI,233.44000244140625,233.44000244140625,233.6750030517578,233.44000244140625,233.63999938964844,2038.0
2024-10-25 11:48:00+00:00,ADSK,286.89691162109375,286.89691162109375,287.0400085449219,286.89691162109375,286.989990234375,3104.0
2024-10-25 11:48:00+00:00,AEHR,17.030000686645508,17.030000686645508,17.189800262451172,17.030000686645508,17.189800262451172,7820.0
2024-10-25 11:48:00+00:00,AFRM,41.630001068115234,41.630001068115234,41.68000030517578,41.62409973144531,41.642398834228516,25425.0
2024-10-25 11:48:00+00:00,AKAM,103.21499633789062,103.21499633789062,103.21499633789062,103.21499633789062,103.21499633789062,170.0
2024-10-25 11:48:00+00:00,ALGM,22.81999969482422,22.81999969482422,22.854999542236328,22.81999969482422,22.854999542236328,13841.0
2024-10-25 11:48:00+00:00,ALRM,54.79999923706055,54.79999923706055,54.79999923706055,54.79999923706055,54.79999923706055,112.0
2024-10-25 11:48:00+00:00,ALTR,104.22000122070312,104.22000122070312,104.2249984741211,104.21499633789062,104.21499633789062,692.0
2024-10-25 11:48:00+00:00,AMAT,188.0399932861328,188.0399932861328,188.375,188.0399932861328,188.375,7767.0
2024-10-25 11:48:00+00:00,AMD,157.94500732421875,157.94500732421875,158.14999389648438,157.88999938964844,158.11000061035156,103166.0
2024-10-25 11:48:00+00:00,AMKR,30.18000030517578,30.18000030517578,30.18000030517578,30.18000030517578,30.18000030517578,774.0
2024-10-25 11:48:00+00:00,ANY,1.059999942779541,1.059999942779541,1.059999942779541,1.059999942779541,1.059999942779541,0.0
2024-10-25 11:48:00+00:00,APP,162.17999267578125,162.17999267578125,162.39999389648438,162.1699981689453,162.30999755859375,3998.0
2024-10-25 11:48:00+00:00,APPF,215.44000244140625,215.44000244140625,215.44000244140625,215.44000244140625,215.44000244140625,860.0
2024-10-25 11:48:00+00:00,APPS,3.099900007247925,3.099900007247925,3.099900007247925,3.099900007247925,3.099900007247925,399.0
2024-10-25 11:48:00+00:00,ARRY,6.505000114440918,6.505000114440918,6.509900093078613,6.460000038146973,6.460000038146973,47751.0
2024-10-25 11:48:00+00:00,AUR,6.460000038146973,6.460000038146973,6.460100173950195,6.460000038146973,6.460100173950195,2291.0
2024-10-25 11:48:00+00:00,AUUD,0.6244999766349792,0.6244999766349792,0.6244999766349792,0.6244999766349792,0.6244999766349792,1899.0
2024-10-25 11:48:00+00:00,AVGO,176.5800018310547,176.5800018310547,176.79600524902344,176.5399932861328,176.69000244140625,38058.0
2024-10-25 11:48:00+00:00,AVNW,21.014999389648438,21.014999389648438,21.040000915527344,20.989999771118164,20.989999771118164,1617.0
2024-10-25 11:48:00+00:00,AVPT,12.024999618530273,12.024999618530273,12.024999618530273,12.020099639892578,12.020099639892578,1116.0
2024-10-25 11:48:00+00:00,AXTI,2.694999933242798,2.694999933242798,2.694999933242798,2.694999933242798,2.694999933242798,105.0
2024-10-25 11:48:00+00:00,BAND,17.71500015258789,17.71500015258789,17.719999313354492,17.71500015258789,17.719999313354492,2119.0
2024-10-25 11:48:00+00:00,BASE,16.440000534057617,16.440000534057617,16.440000534057617,16.440000534057617,16.440000534057617,123.0
2024-10-25 11:48:00+00:00,BIGC,5.300000190734863,5.300000190734863,5.300000190734863,5.300000190734863,5.300000190734863,205.0
2024-10-25 11:48:00+00:00,BMBL,7.260000228881836,7.260000228881836,7.260000228881836,7.260000228881836,7.260000228881836,232.0
2024-10-25 11:48:00+00:00,BRZE,30.760000228881836,30.760000228881836,30.760000228881836,30.739999771118164,30.749900817871094,6846.0
2024-10-25 11:48:00+00:00,CCSI,20.65999984741211,20.65999984741211,20.65999984741211,20.65999984741211,20.65999984741211,172.0
2024-10-25 11:48:00+00:00,CDNS,259.7900085449219,259.7900085449219,260.04998779296875,259.7900085449219,260.0400085449219,4451.0
2024-10-25 11:48:00+00:00,CDW,219.4250030517578,219.4250030517578,219.4250030517578,219.38999938964844,219.38999938964844,676.0
2024-10-25 11:48:00+00:00,CETX,0.2969000041484833,0.2969000041484833,0.2969000041484833,0.29679998755455017,0.2969000041484833,3347.0
2024-10-25 11:48:00+00:00,CFLT,22.739999771118164,22.739999771118164,22.770000457763672,22.739999771118164,22.7549991607666,3918.0
2024-10-25 11:48:00+00:00,CGNX,39.040000915527344,39.040000915527344,39.05500030517578,39.040000915527344,39.05500030517578,1355.0
2024-10-25 11:48:00+00:00,CLSK,11.875,11.875,11.909899711608887,11.859999656677246,11.899900436401367,69413.0
2024-10-25 11:48:00+00:00,CMTL,3.7100000381469727,3.7100000381469727,3.7100000381469727,3.7100000381469727,3.7100000381469727,207.0
2024-10-25 11:48:00+00:00,COHR,95.38790130615234,95.38790130615234,95.45999908447266,95.37000274658203,95.40499877929688,3785.0
2024-10-25 11:48:00+00:00,COIN,210.12139892578125,210.12139892578125,210.65499877929688,210.1199951171875,210.52000427246094,14777.0
2024-10-25 11:48:00+00:00,CORZ,13.274999618530273,13.274999618530273,13.291299819946289,13.260000228881836,13.265000343322754,24199.0
2024-10-25 11:48:00+00:00,CRCT,6.570000171661377,6.570000171661377,6.570000171661377,6.570000171661377,6.570000171661377,517.0
2024-10-25 11:48:00+00:00,CRDO,40.040000915527344,40.040000915527344,40.16999816894531,40.040000915527344,40.16999816894531,7433.0
2024-10-25 11:48:00+00:00,CRNC,2.9100000858306885,2.9100000858306885,2.9149999618530273,2.9100000858306885,2.9149999618530273,2213.0
2024-10-25 11:48:00+00:00,CRWD,309.2222900390625,309.2222900390625,309.45001220703125,309.0899963378906,309.45001220703125,2536.0
2024-10-25 11:48:00+00:00,CSCO,56.025001525878906,56.025001525878906,56.06999969482422,56.025001525878906,56.064998626708984,17594.0
2024-10-25 11:48:00+00:00,CSIQ,13.739999771118164,13.739999771118164,13.75,13.729999542236328,13.739999771118164,9940.0
2024-10-25 11:48:00+00:00,CTSH,74.79000091552734,74.79000091552734,74.80999755859375,74.79000091552734,74.79000091552734,4382.0
2024-10-25 11:48:00+00:00,CYN,3.599900007247925,3.599900007247925,3.5999999046325684,3.599900007247925,3.5999999046325684,900.0
2024-10-25 11:48:00+00:00,DDOG,127.38500213623047,127.38500213623047,127.44999694824219,127.3499984741211,127.44000244140625,2274.0
2024-10-25 11:48:00+00:00,DGHI,1.5449999570846558,1.5449999570846558,1.5449999570846558,1.5449999570846558,1.5449999570846558,289.0
2024-10-25 11:48:00+00:00,DOCU,70.16000366210938,70.16000366210938,70.18499755859375,70.16000366210938,70.18499755859375,551.0
2024-10-25 11:48:00+00:00,DTSS,2.449899911880493,2.449899911880493,2.449899911880493,2.449899911880493,2.449899911880493,137.0
2024-10-25 11:48:00+00:00,DUOL,288.7200012207031,288.7200012207031,288.7799987792969,288.7200012207031,288.7799987792969,442.0
2024-10-25 11:48:00+00:00,ELTK,10.399999618530273,10.399999618530273,10.399999618530273,10.399999618530273,10.399999618530273,759.0
2024-10-25 11:48:00+00:00,ENPH,83.80509948730469,83.80509948730469,83.80509948730469,83.60150146484375,83.7300033569336,15764.0
2024-10-25 11:48:00+00:00,ENTG,105.80999755859375,105.80999755859375,105.91500091552734,105.80999755859375,105.86000061035156,3806.0
2024-10-25 11:48:00+00:00,ERIC,8.480600357055664,8.480600357055664,8.480600357055664,8.479999542236328,8.479999542236328,5743.0
2024-10-25 11:48:00+00:00,EXLS,38.900001525878906,38.900001525878906,38.900001525878906,38.88999938964844,38.88999938964844,769.0
2024-10-25 11:48:00+00:00,EXTR,14.479999542236328,14.479999542236328,14.479999542236328,14.479999542236328,14.479999542236328,428.0
2024-10-25 11:48:00+00:00,FFIV,216.7100067138672,216.7100067138672,216.7100067138672,216.7100067138672,216.7100067138672,199.0
2024-10-25 11:48:00+00:00,FIVN,30.440000534057617,30.440000534057617,30.479999542236328,30.440000534057617,30.469999313354492,2770.0
2024-10-25 11:48:00+00:00,FLEX,35.33000183105469,35.33000183105469,35.33000183105469,35.33000183105469,35.33000183105469,388.0
2024-10-25 11:48:00+00:00,FLYW,17.479999542236328,17.479999542236328,17.479999542236328,17.459999084472656,17.459999084472656,1432.0
2024-10-25 11:48:00+00:00,FORM,45.22999954223633,45.22999954223633,45.22999954223633,45.22999954223633,45.22999954223633,465.0
2024-10-25 11:48:00+00:00,FROG,29.415000915527344,29.415000915527344,29.415000915527344,29.415000915527344,29.415000915527344,193.0
2024-10-25 11:48:00+00:00,FRSH,11.675000190734863,11.675000190734863,11.675000190734863,11.675000190734863,11.675000190734863,700.0
2024-10-25 11:48:00+00:00,FSLR,200.6699981689453,200.6699981689453,200.6999969482422,200.36000061035156,200.47000122070312,6046.0
2024-10-25 11:48:00+00:00,FTCI,0.6639000177383423,0.6639000177383423,0.6639000177383423,0.6639000177383423,0.6639000177383423,116.0
2024-10-25 11:48:00+00:00,FTFT,0.32100000977516174,0.32100000977516174,0.32100000977516174,0.32100000977516174,0.32100000977516174,659.0
2024-10-25 11:48:00+00:00,FTNT,81.37249755859375,81.37249755859375,81.38500213623047,81.33999633789062,81.36000061035156,2862.0
2024-10-25 11:48:00+00:00,GCT,24.920000076293945,24.920000076293945,25.0,24.920000076293945,25.0,1291.0
2024-10-25 11:48:00+00:00,GDS,21.739900588989258,21.739900588989258,21.739900588989258,21.709999084472656,21.709999084472656,1523.0
2024-10-25 11:48:00+00:00,GFS,41.5,41.5,41.54999923706055,41.5,41.54999923706055,2483.0
2024-10-25 11:48:00+00:00,GRAB,4.085999965667725,4.085999965667725,4.090000152587891,4.070000171661377,4.074999809265137,159657.0
2024-10-25 11:48:00+00:00,GRRR,4.489999771118164,4.489999771118164,4.489999771118164,4.489999771118164,4.489999771118164,216.0
2024-10-25 11:48:00+00:00,HCP,33.70500183105469,33.70500183105469,33.709999084472656,33.70500183105469,33.709999084472656,596.0
2024-10-25 11:48:00+00:00,HEAR,16.524999618530273,16.524999618530273,16.524999618530273,16.524999618530273,16.524999618530273,310.0
2024-10-25 11:48:00+00:00,HIMX,6.204999923706055,6.204999923706055,6.208000183105469,6.204999923706055,6.204999923706055,3650.0
2024-10-25 11:48:00+00:00,HOLO,3.590100049972534,3.590100049972534,3.6050000190734863,3.590100049972534,3.6050000190734863,4376.0
2024-10-25 11:48:00+00:00,HOOD,27.280000686645508,27.280000686645508,27.30500030517578,27.280000686645508,27.30500030517578,18315.0
2024-10-25 11:48:00+00:00,ICHR,27.832300186157227,27.832300186157227,27.832300186157227,27.832300186157227,27.832300186157227,1085.0
2024-10-25 11:48:00+00:00,IMMR,8.779999732971191,8.779999732971191,8.779999732971191,8.779999732971191,8.779999732971191,307.0
2024-10-25 11:48:00+00:00,INDI,3.575000047683716,3.575000047683716,3.575000047683716,3.569999933242798,3.575000047683716,18752.0
2024-10-25 11:48:00+00:00,INTC,23.135000228881836,23.135000228881836,23.17620086669922,23.135000228881836,23.174999237060547,79953.0
2024-10-25 11:48:00+00:00,INTU,611.1900024414062,611.1900024414062,611.5982055664062,611.1900024414062,611.364990234375,1629.0
2024-10-25 11:48:00+00:00,KC,2.7200000286102295,2.7200000286102295,2.7200000286102295,2.7200000286102295,2.7200000286102295,200.0
2024-10-25 11:48:00+00:00,KLAC,681.9699096679688,681.9699096679688,681.9699096679688,681.5900268554688,681.5900268554688,605.0
2024-10-25 11:48:00+00:00,KLIC,44.38999938964844,44.38999938964844,44.40999984741211,44.38999938964844,44.40999984741211,1129.0
2024-10-25 11:48:00+00:00,LINK,4.581699848175049,4.581699848175049,4.590000152587891,4.581699848175049,4.590000152587891,381.0
2024-10-25 11:48:00+00:00,LITE,64.43000030517578,64.43000030517578,64.43000030517578,64.4000015258789,64.41000366210938,2260.0
2024-10-25 11:48:00+00:00,LPSN,1.1749999523162842,1.1749999523162842,1.1749999523162842,1.1749999523162842,1.1749999523162842,609.0
2024-10-25 11:48:00+00:00,LRCX,79.05999755859375,79.05999755859375,79.2300033569336,79.05999755859375,79.20999908447266,36722.0
2024-10-25 11:48:00+00:00,LSCC,54.224998474121094,54.224998474121094,54.290000915527344,54.224998474121094,54.290000915527344,862.0
2024-10-25 11:48:00+00:00,LYFT,13.84000015258789,13.84000015258789,13.84000015258789,13.819999694824219,13.819999694824219,80772.0
2024-10-25 11:48:00+00:00,MANH,275.2799987792969,275.2799987792969,275.2799987792969,275.2799987792969,275.2799987792969,211.0
2024-10-25 11:48:00+00:00,MAXN,5.78000020980835,5.78000020980835,5.78000020980835,5.754700183868408,5.760000228881836,704.0
2024-10-25 11:48:00+00:00,MCHP,77.16999816894531,77.16999816894531,77.27999877929688,77.16999816894531,77.27999877929688,11383.0
2024-10-25 11:48:00+00:00,MIND,3.5188000202178955,3.5188000202178955,3.5188000202178955,3.5188000202178955,3.5188000202178955,249.0
2024-10-25 11:48:00+00:00,MKSI,101.0,101.0,101.0,101.0,101.0,542.0
2024-10-25 11:48:00+00:00,MPWR,916.3800048828125,916.3800048828125,916.3800048828125,916.3800048828125,916.3800048828125,904.0
2024-10-25 11:48:00+00:00,MQ,5.264999866485596,5.264999866485596,5.264999866485596,5.264999866485596,5.264999866485596,575.0
2024-10-25 11:48:00+00:00,MRVL,82.77100372314453,82.77100372314453,82.9000015258789,82.75,82.9000015258789,16586.0
2024-10-25 11:48:00+00:00,MSFT,430.2699890136719,430.2699890136719,430.54998779296875,430.20001220703125,430.44000244140625,22483.0
2024-10-25 11:48:00+00:00,MSTR,239.9600067138672,239.9600067138672,240.9375,239.3699951171875,240.9250030517578,111176.0
2024-10-25 11:48:00+00:00,MTSI,120.47000122070312,120.47000122070312,120.47000122070312,120.37999725341797,120.37999725341797,218.0
2024-10-25 11:48:00+00:00,MU,109.30000305175781,109.30000305175781,109.45989990234375,109.30000305175781,109.44499969482422,18610.0
2024-10-25 11:48:00+00:00,MVIS,1.100000023841858,1.100000023841858,1.100000023841858,1.100000023841858,1.100000023841858,401.0
2024-10-25 11:48:00+00:00,MXL,15.020000457763672,15.020000457763672,15.055000305175781,15.020000457763672,15.055000305175781,1642.0
2024-10-25 11:48:00+00:00,NNDM,2.325000047683716,2.325000047683716,2.3350000381469727,2.325000047683716,2.3299999237060547,24439.0
2024-10-25 11:48:00+00:00,NSIT,209.5,209.5,209.5,209.3000030517578,209.3000030517578,2412.0
2024-10-25 11:48:00+00:00,NTCT,20.6299991607666,20.6299991607666,20.6299991607666,20.6299991607666,20.6299991607666,509.0
2024-10-25 11:48:00+00:00,NTNX,62.46500015258789,62.46500015258789,62.46500015258789,62.45000076293945,62.45000076293945,1535.0
2024-10-25 11:48:00+00:00,NVDA,143.81500244140625,143.81500244140625,144.0500030517578,143.77000427246094,143.97000122070312,838409.0
2024-10-25 11:48:00+00:00,NVTS,2.5950000286102295,2.5950000286102295,2.5950000286102295,2.5950000286102295,2.5950000286102295,300.0
2024-10-25 11:48:00+00:00,NXPI,244.77000427246094,244.77000427246094,245.0574951171875,244.77000427246094,245.0574951171875,4077.0
2024-10-25 11:48:00+00:00,ON,71.91999816894531,71.91999816894531,72.0198974609375,71.91059875488281,71.9800033569336,19516.0
2024-10-25 11:48:00+00:00,OSIS,136.88999938964844,136.88999938964844,136.88999938964844,136.88999938964844,136.88999938964844,533.0
2024-10-25 11:48:00+00:00,OSPN,14.65999984741211,14.65999984741211,14.65999984741211,14.65999984741211,14.65999984741211,175.0
2024-10-25 11:48:00+00:00,PANW,369.68499755859375,369.68499755859375,369.9399108886719,369.68499755859375,369.7060852050781,1102.0
2024-10-25 11:48:00+00:00,PAYO,8.295000076293945,8.295000076293945,8.295000076293945,8.295000076293945,8.295000076293945,1703.0
2024-10-25 11:48:00+00:00,PCTY,173.6199951171875,173.6199951171875,173.6199951171875,173.32000732421875,173.3300018310547,1493.0
2024-10-25 11:48:00+00:00,PEGY,4.769999980926514,4.769999980926514,4.769999980926514,4.769999980926514,4.769999980926514,945.0
2024-10-25 11:48:00+00:00,PET,0.800000011920929,0.800000011920929,0.800000011920929,0.800000011920929,0.800000011920929,108.0
2024-10-25 11:48:00+00:00,PGY,11.8100004196167,11.8100004196167,11.819999694824219,11.8100004196167,11.819999694824219,923.0
2024-10-25 11:48:00+00:00,PHUN,10.09000015258789,10.09000015258789,10.289999961853027,10.070099830627441,10.218000411987305,149688.0
2024-10-25 11:48:00+00:00,PI,205.8668975830078,205.8668975830078,205.94000244140625,205.5,205.5,2121.0
2024-10-25 11:48:00+00:00,PLXS,142.65499877929688,142.65499877929688,142.65499877929688,142.65499877929688,142.65499877929688,347.0
2024-10-25 11:48:00+00:00,POET,3.9798998832702637,3.9798998832702637,3.9798998832702637,3.9798998832702637,3.9798998832702637,1082.0
2024-10-25 11:48:00+00:00,POWI,63.91999816894531,63.91999816894531,63.91999816894531,63.91999816894531,63.91999816894531,1296.0
2024-10-25 11:48:00+00:00,PUBM,14.9350004196167,14.9350004196167,14.9350004196167,14.9350004196167,14.9350004196167,200.0
2024-10-25 11:48:00+00:00,PXLW,0.7390999794006348,0.7390999794006348,0.7390999794006348,0.7390999794006348,0.7390999794006348,0.0
2024-10-25 11:48:00+00:00,PYCR,14.354999542236328,14.354999542236328,14.354999542236328,14.354999542236328,14.354999542236328,403.0
2024-10-25 11:48:00+00:00,QCOM,172.72999572753906,172.72999572753906,172.94000244140625,172.67999267578125,172.94000244140625,4828.0
2024-10-25 11:48:00+00:00,QLYS,120.81999969482422,120.81999969482422,120.81999969482422,120.81999969482422,120.81999969482422,188.0
2024-10-25 11:48:00+00:00,QRVO,100.16999816894531,100.16999816894531,100.29000091552734,100.16999816894531,100.23999786376953,5523.0
2024-10-25 11:48:00+00:00,QUBT,1.065000057220459,1.065000057220459,1.065000057220459,1.065000057220459,1.065000057220459,300.0
2024-10-25 11:48:00+00:00,RDWR,22.459999084472656,22.459999084472656,22.459999084472656,22.459999084472656,22.459999084472656,650.0
2024-10-25 11:48:00+00:00,REFR,2.190000057220459,2.190000057220459,2.190000057220459,2.190000057220459,2.190000057220459,543.0
2024-10-25 11:48:00+00:00,RELY,14.734999656677246,14.734999656677246,14.734999656677246,14.734999656677246,14.734999656677246,500.0
2024-10-25 11:48:00+00:00,RGTI,1.2400000095367432,1.2400000095367432,1.2400000095367432,1.2391999959945679,1.2400000095367432,44164.0
2024-10-25 11:48:00+00:00,RIOT,10.020000457763672,10.020000457763672,10.038999557495117,10.01099967956543,10.034000396728516,26462.0
2024-10-25 11:48:00+00:00,RMBS,43.34000015258789,43.34000015258789,43.400001525878906,43.34000015258789,43.38999938964844,5398.0
2024-10-25 11:48:00+00:00,RUM,5.800000190734863,5.800000190734863,5.809999942779541,5.789999961853027,5.800000190734863,17555.0
2024-10-25 11:48:00+00:00,RUN,14.515000343322754,14.515000343322754,14.520000457763672,14.470000267028809,14.489999771118164,22804.0
2024-10-25 11:48:00+00:00,SATS,25.229999542236328,25.229999542236328,25.229999542236328,25.209999084472656,25.219999313354492,2303.0
2024-10-25 11:48:00+00:00,SEDG,16.094999313354492,16.094999313354492,16.100000381469727,16.059999465942383,16.065000534057617,16507.0
2024-10-25 11:48:00+00:00,SHLS,5.355000019073486,5.355000019073486,5.355000019073486,5.34499979019165,5.34499979019165,16468.0
2024-10-25 11:48:00+00:00,SIMO,57.0,57.0,57.0,57.0,57.0,542.0
2024-10-25 11:48:00+00:00,SMCI,47.65999984741211,47.65999984741211,47.779998779296875,47.65999984741211,47.75,66019.0
2024-10-25 11:48:00+00:00,SNPS,504.0450134277344,504.0450134277344,504.0450134277344,504.0450134277344,504.0450134277344,1574.0
2024-10-25 11:48:00+00:00,SOUN,5.297299861907959,5.297299861907959,5.298699855804443,5.29010009765625,5.295000076293945,4886.0
2024-10-25 11:48:00+00:00,SPSC,174.19000244140625,174.19000244140625,174.19000244140625,174.19000244140625,174.19000244140625,486.0
2024-10-25 11:48:00+00:00,SSNC,69.83000183105469,69.83000183105469,69.83999633789062,69.80999755859375,69.83499908447266,26726.0
2024-10-25 11:48:00+00:00,SSYS,7.139999866485596,7.139999866485596,7.150000095367432,7.139999866485596,7.150000095367432,1954.0
2024-10-25 11:48:00+00:00,STER,16.739999771118164,16.739999771118164,16.739999771118164,16.735000610351562,16.739999771118164,605.0
2024-10-25 11:48:00+00:00,STNE,11.480299949645996,11.480299949645996,11.484999656677246,11.480299949645996,11.484999656677246,1494.0
2024-10-25 11:48:00+00:00,STX,104.52999877929688,104.52999877929688,104.55500030517578,104.5,104.55000305175781,1127.0
2024-10-25 11:48:00+00:00,SVRE,0.08100000023841858,0.08100000023841858,0.08299999684095383,0.08100000023841858,0.08299999684095383,6324.0
2024-10-25 11:48:00+00:00,SWKS,96.43000030517578,96.43000030517578,96.4800033569336,96.41000366210938,96.47000122070312,2917.0
2024-10-25 11:48:00+00:00,SYTA,1.2697999477386475,1.2697999477386475,1.2697999477386475,1.2506999969482422,1.2506999969482422,1115.0
2024-10-25 11:48:00+00:00,TEAM,190.1999969482422,190.1999969482422,190.27999877929688,190.0800018310547,190.0800018310547,6110.0
2024-10-25 11:48:00+00:00,TENB,41.70000076293945,41.70000076293945,41.70000076293945,41.70000076293945,41.70000076293945,367.0
2024-10-25 11:48:00+00:00,TER,112.97250366210938,112.97250366210938,113.29499816894531,112.97250366210938,113.29499816894531,9144.0
2024-10-25 11:48:00+00:00,TLS,3.6649999618530273,3.6649999618530273,3.6649999618530273,3.6600000858306885,3.6600000858306885,1907.0
2024-10-25 11:48:00+00:00,TRMB,61.02000045776367,61.02000045776367,61.029998779296875,61.0099983215332,61.0099983215332,1241.0
2024-10-25 11:48:00+00:00,TSAT,13.25,13.25,13.25,13.180000305175781,13.180000305175781,48730.0
2024-10-25 11:48:00+00:00,TSEM,45.025001525878906,45.025001525878906,45.025001525878906,44.9900016784668,44.9900016784668,894.0
2024-10-25 11:48:00+00:00,TTMI,19.6299991607666,19.6299991607666,19.6299991607666,19.6299991607666,19.6299991607666,212.0
2024-10-25 11:48:00+00:00,TWKS,4.449999809265137,4.449999809265137,4.449999809265137,4.449999809265137,4.449999809265137,10655.0
2024-10-25 11:48:00+00:00,TXN,208.61500549316406,208.61500549316406,208.73500061035156,208.61500549316406,208.73500061035156,6297.0
2024-10-25 11:48:00+00:00,UCTT,36.2599983215332,36.2599983215332,36.34000015258789,36.2599983215332,36.34000015258789,3186.0
2024-10-25 11:48:00+00:00,UEIC,8.100000381469727,8.100000381469727,8.100000381469727,8.09000015258789,8.09000015258789,278.0
2024-10-25 11:48:00+00:00,VECO,29.690000534057617,29.690000534057617,29.690000534057617,29.68000030517578,29.68000030517578,1536.0
2024-10-25 11:48:00+00:00,VERB,10.04640007019043,10.04640007019043,10.04640007019043,10.04640007019043,10.04640007019043,514.0
2024-10-25 11:48:00+00:00,VERI,3.424999952316284,3.424999952316284,3.424999952316284,3.424999952316284,3.424999952316284,702.0
2024-10-25 11:48:00+00:00,VIAV,9.204999923706055,9.204999923706055,9.204999923706055,9.204999923706055,9.204999923706055,513.0
2024-10-25 11:48:00+00:00,VICR,46.7400016784668,46.7400016784668,46.7400016784668,46.7400016784668,46.7400016784668,492.0
2024-10-25 11:48:00+00:00,VMEO,4.75,4.75,4.75,4.75,4.75,744.0
2024-10-25 11:48:00+00:00,VNET,3.4800000190734863,3.4800000190734863,3.4800000190734863,3.4800000190734863,3.4800000190734863,313.0
2024-10-25 11:48:00+00:00,VRNS,56.71500015258789,56.71500015258789,56.78499984741211,56.709999084472656,56.78499984741211,3915.0
2024-10-25 11:48:00+00:00,VRSN,186.83999633789062,186.83999633789062,186.86000061035156,186.83999633789062,186.86000061035156,901.0
2024-10-25 11:48:00+00:00,VSAT,10.364999771118164,10.364999771118164,10.364999771118164,10.364999771118164,10.364999771118164,1244.0
2024-10-25 11:48:00+00:00,VUZI,1.3250000476837158,1.3250000476837158,1.3250000476837158,1.3250000476837158,1.3250000476837158,400.0
2024-10-25 11:48:00+00:00,WALD,3.640000104904175,3.640000104904175,3.640000104904175,3.640000104904175,3.640000104904175,149.0
2024-10-25 11:48:00+00:00,WDAY,240.6699981689453,240.6699981689453,240.6750030517578,240.6699981689453,240.6750030517578,1250.0
2024-10-25 11:48:00+00:00,WDC,71.79000091552734,71.79000091552734,71.9000015258789,71.79000091552734,71.80000305175781,18377.0
2024-10-25 11:48:00+00:00,WISA,1.820099949836731,1.820099949836731,1.840000033378601,1.820099949836731,1.840000033378601,950.0
2024-10-25 11:48:00+00:00,WIX,165.1999969482422,165.1999969482422,165.1999969482422,165.1999969482422,165.1999969482422,308.0
2024-10-25 11:48:00+00:00,WKEY,2.030100107192993,2.030100107192993,2.049999952316284,2.030100107192993,2.049999952316284,2408.0
2024-10-25 11:48:00+00:00,XPER,9.449999809265137,9.449999809265137,9.449999809265137,9.446599960327148,9.446599960327148,755.0
2024-10-25 11:48:00+00:00,XRX,10.125,10.125,10.125,10.125,10.125,572.0
2024-10-25 11:48:00+00:00,ZI,10.524999618530273,10.524999618530273,10.524999618530273,10.520000457763672,10.520000457763672,2420.0
2024-10-25 11:48:00+00:00,ZM,73.12000274658203,73.12000274658203,73.12000274658203,73.12000274658203,73.12000274658203,989.0
2024-10-25 11:48:00+00:00,ZS,186.30999755859375,186.30999755859375,186.30999755859375,186.30999755859375,186.30999755859375,313.0
2024-10-25 11:49:00+00:00,AAOI,18.219999313354492,18.219999313354492,18.219999313354492,18.209999084472656,18.209999084472656,672.0
2024-10-25 11:49:00+00:00,AAPL,232.24000549316406,232.24000549316406,232.27000427246094,232.19000244140625,232.19009399414062,34758.0
2024-10-25 11:49:00+00:00,ACMR,19.878999710083008,19.878999710083008,19.878999710083008,19.878999710083008,19.878999710083008,262.0
2024-10-25 11:49:00+00:00,ADBE,485.1300048828125,485.1300048828125,485.1300048828125,485.1000061035156,485.1000061035156,1142.0
2024-10-25 11:49:00+00:00,ADI,233.44000244140625,233.44000244140625,233.47999572753906,233.44000244140625,233.47999572753906,993.0
2024-10-25 11:49:00+00:00,ADSK,286.9700012207031,286.9700012207031,286.9700012207031,286.8999938964844,286.8999938964844,1080.0
2024-10-25 11:49:00+00:00,AEHR,17.024999618530273,17.024999618530273,17.049800872802734,17.024999618530273,17.049800872802734,816.0
2024-10-25 11:49:00+00:00,AFRM,41.61000061035156,41.61000061035156,41.630001068115234,41.599998474121094,41.61000061035156,13537.0
2024-10-25 11:49:00+00:00,AIP,6.949999809265137,6.949999809265137,6.949999809265137,6.949999809265137,6.949999809265137,162.0
2024-10-25 11:49:00+00:00,AKAM,103.27999877929688,103.27999877929688,103.27999877929688,103.23999786376953,103.23999786376953,1161.0
2024-10-25 11:49:00+00:00,AKTS,0.05770000070333481,0.05770000070333481,0.05779999867081642,0.05770000070333481,0.05779999867081642,4128.0
2024-10-25 11:49:00+00:00,ALGM,22.81999969482422,22.81999969482422,22.84000015258789,22.81999969482422,22.834999084472656,2980.0
2024-10-25 11:49:00+00:00,ALKT,38.13999938964844,38.13999938964844,38.13999938964844,38.13999938964844,38.13999938964844,859.0
2024-10-25 11:49:00+00:00,ALRM,54.81999969482422,54.81999969482422,54.81999969482422,54.790000915527344,54.790000915527344,698.0
2024-10-25 11:49:00+00:00,AMAT,187.88999938964844,187.88999938964844,188.06320190429688,187.88999938964844,187.99000549316406,1959.0
2024-10-25 11:49:00+00:00,AMD,157.89999389648438,157.89999389648438,157.99000549316406,157.89500427246094,157.9600067138672,33928.0
2024-10-25 11:49:00+00:00,AMKR,30.135000228881836,30.135000228881836,30.15999984741211,30.1299991607666,30.15999984741211,1751.0
2024-10-25 11:49:00+00:00,AMPL,9.234999656677246,9.234999656677246,9.234999656677246,9.234999656677246,9.234999656677246,211.0
2024-10-25 11:49:00+00:00,ANSS,326.44000244140625,326.44000244140625,326.44000244140625,326.44000244140625,326.44000244140625,1372.0
2024-10-25 11:49:00+00:00,API,2.825000047683716,2.825000047683716,2.825000047683716,2.819999933242798,2.825000047683716,2796.0
2024-10-25 11:49:00+00:00,APP,162.05999755859375,162.05999755859375,162.17999267578125,162.05999755859375,162.1699981689453,3816.0
2024-10-25 11:49:00+00:00,APPF,215.43499755859375,215.43499755859375,215.43499755859375,215.43499755859375,215.43499755859375,641.0
2024-10-25 11:49:00+00:00,APPS,3.0899999141693115,3.0899999141693115,3.0899999141693115,3.0899999141693115,3.0899999141693115,545.0
2024-10-25 11:49:00+00:00,ARRY,6.525000095367432,6.525000095367432,6.550000190734863,6.505000114440918,6.505000114440918,33053.0
2024-10-25 11:49:00+00:00,ASUR,9.75,9.75,9.75,9.71500015258789,9.720000267028809,1701.0
2024-10-25 11:49:00+00:00,AUUD,0.6290000081062317,0.6290000081062317,0.6290000081062317,0.6290000081062317,0.6290000081062317,0.0
2024-10-25 11:49:00+00:00,AVDX,8.149999618530273,8.149999618530273,8.149999618530273,8.149999618530273,8.149999618530273,5501.0
2024-10-25 11:49:00+00:00,AVGO,176.4499969482422,176.4499969482422,176.57000732421875,176.38470458984375,176.53790283203125,18952.0
2024-10-25 11:49:00+00:00,AVNW,21.0,21.0,21.0,21.0,21.0,460.0
2024-10-25 11:49:00+00:00,AVT,54.290000915527344,54.290000915527344,54.310001373291016,54.244998931884766,54.244998931884766,6748.0
2024-10-25 11:49:00+00:00,AZPN,236.0532989501953,236.0532989501953,236.0532989501953,236.0532989501953,236.0532989501953,734.0
2024-10-25 11:49:00+00:00,BL,56.36000061035156,56.36000061035156,56.380001068115234,56.345001220703125,56.345001220703125,973.0
2024-10-25 11:49:00+00:00,BLKB,85.88500213623047,85.88500213623047,85.88500213623047,85.88500213623047,85.88500213623047,134.0
2024-10-25 11:49:00+00:00,BLZE,7.269999980926514,7.269999980926514,7.269999980926514,7.269999980926514,7.269999980926514,419.0
2024-10-25 11:49:00+00:00,BMBL,7.255000114440918,7.255000114440918,7.255000114440918,7.255000114440918,7.255000114440918,822.0
2024-10-25 11:49:00+00:00,BRZE,30.799800872802734,30.799800872802734,30.799800872802734,30.770000457763672,30.770000457763672,2508.0
2024-10-25 11:49:00+00:00,BSY,49.17919921875,49.17919921875,49.17919921875,49.165000915527344,49.165000915527344,2749.0
2024-10-25 11:49:00+00:00,CAN,0.9943000078201294,0.9943000078201294,0.9957000017166138,0.9943000078201294,0.9957000017166138,431.0
2024-10-25 11:49:00+00:00,CDNS,259.8399963378906,259.8399963378906,259.8399963378906,259.8399963378906,259.8399963378906,473.0
2024-10-25 11:49:00+00:00,CDW,219.5,219.5,219.52999877929688,219.5,219.52999877929688,1676.0
2024-10-25 11:49:00+00:00,CFLT,22.75,22.75,22.780000686645508,22.75,22.764999389648438,4572.0
2024-10-25 11:49:00+00:00,CGNX,39.099998474121094,39.099998474121094,39.099998474121094,39.03010177612305,39.040000915527344,4803.0
2024-10-25 11:49:00+00:00,CLFD,36.51499938964844,36.51499938964844,36.51499938964844,36.51499938964844,36.51499938964844,309.0
2024-10-25 11:49:00+00:00,CLSK,11.880000114440918,11.880000114440918,11.889900207519531,11.845000267028809,11.870100021362305,60693.0
2024-10-25 11:49:00+00:00,CNXC,45.029998779296875,45.029998779296875,45.029998779296875,45.0,45.0,809.0
2024-10-25 11:49:00+00:00,COHR,95.37000274658203,95.37000274658203,95.37000274658203,95.37000274658203,95.37000274658203,1347.0
2024-10-25 11:49:00+00:00,COIN,210.39500427246094,210.39500427246094,210.4600067138672,210.17730712890625,210.2899932861328,14624.0
2024-10-25 11:49:00+00:00,COMM,6.355000019073486,6.355000019073486,6.359899997711182,6.355000019073486,6.355000019073486,2745.0
2024-10-25 11:49:00+00:00,CORZ,13.268099784851074,13.268099784851074,13.28499984741211,13.260000228881836,13.28499984741211,10555.0
2024-10-25 11:49:00+00:00,CRCT,6.570000171661377,6.570000171661377,6.570000171661377,6.570000171661377,6.570000171661377,94.0
2024-10-25 11:49:00+00:00,CRDO,39.9900016784668,39.9900016784668,40.060001373291016,39.9900016784668,40.029998779296875,1595.0
2024-10-25 11:49:00+00:00,CREX,4.364999771118164,4.364999771118164,4.364999771118164,4.364999771118164,4.364999771118164,100.0
2024-10-25 11:49:00+00:00,CRNC,2.9100000858306885,2.9100000858306885,2.9100000858306885,2.9100000858306885,2.9100000858306885,303.0
2024-10-25 11:49:00+00:00,CRUS,123.54000091552734,123.54000091552734,123.54000091552734,123.44000244140625,123.44000244140625,1607.0
2024-10-25 11:49:00+00:00,CRWD,309.2300109863281,309.2300109863281,309.4299011230469,309.1099853515625,309.2099914550781,6112.0
2024-10-25 11:49:00+00:00,CSCO,55.994998931884766,55.994998931884766,56.025001525878906,55.994998931884766,56.025001525878906,37683.0
2024-10-25 11:49:00+00:00,CSIQ,13.760000228881836,13.760000228881836,13.760000228881836,13.739999771118164,13.739999771118164,4193.0
2024-10-25 11:49:00+00:00,CTLP,8.920000076293945,8.920000076293945,8.920000076293945,8.920000076293945,8.920000076293945,516.0
2024-10-25 11:49:00+00:00,CTSH,74.83000183105469,74.83000183105469,74.83000183105469,74.79000091552734,74.79000091552734,2424.0
2024-10-25 11:49:00+00:00,CYBR,292.0751953125,292.0751953125,292.0751953125,292.0751953125,292.0751953125,1028.0
2024-10-25 11:49:00+00:00,DDOG,127.30000305175781,127.30000305175781,127.38999938964844,127.30000305175781,127.37000274658203,785.0
2024-10-25 11:49:00+00:00,DGHI,1.5491000413894653,1.5491000413894653,1.5499000549316406,1.5491000413894653,1.5499000549316406,1051.0
2024-10-25 11:49:00+00:00,DOCU,70.1449966430664,70.1449966430664,70.18000030517578,70.1449966430664,70.1500015258789,2361.0
2024-10-25 11:49:00+00:00,DOMO,7.974999904632568,7.974999904632568,7.974999904632568,7.974999904632568,7.974999904632568,127.0
2024-10-25 11:49:00+00:00,DTSS,2.450000047683716,2.450000047683716,2.450000047683716,2.450000047683716,2.450000047683716,104.0
2024-10-25 11:49:00+00:00,DTST,3.4800000190734863,3.4800000190734863,3.4800000190734863,3.4621999263763428,3.4621999263763428,557.0
2024-10-25 11:49:00+00:00,DUOL,288.82000732421875,288.82000732421875,288.82000732421875,288.4549865722656,288.4549865722656,1047.0
2024-10-25 11:49:00+00:00,EEFT,100.61499786376953,100.61499786376953,100.71499633789062,100.61499786376953,100.71499633789062,700.0
2024-10-25 11:49:00+00:00,EMKR,2.130000114440918,2.130000114440918,2.130000114440918,2.130000114440918,2.130000114440918,10000.0
2024-10-25 11:49:00+00:00,ENPH,83.83999633789062,83.83999633789062,83.94000244140625,83.81500244140625,83.81500244140625,13523.0
2024-10-25 11:49:00+00:00,ENTG,105.81999969482422,105.81999969482422,105.88500213623047,105.77999877929688,105.79000091552734,1970.0
2024-10-25 11:49:00+00:00,ERIC,8.484999656677246,8.484999656677246,8.484999656677246,8.479999542236328,8.479999542236328,2244.0
2024-10-25 11:49:00+00:00,EXFY,1.7050000429153442,1.7050000429153442,1.7050000429153442,1.704699993133545,1.704699993133545,2260.0
2024-10-25 11:49:00+00:00,EXLS,38.970001220703125,38.970001220703125,38.970001220703125,38.93000030517578,38.93000030517578,1031.0
2024-10-25 11:49:00+00:00,EXTR,14.484999656677246,14.484999656677246,14.484999656677246,14.479999542236328,14.479999542236328,607.0
2024-10-25 11:49:00+00:00,FFIV,216.80999755859375,216.80999755859375,216.80999755859375,216.80999755859375,216.80999755859375,270.0
2024-10-25 11:49:00+00:00,FIVN,30.434999465942383,30.434999465942383,30.434999465942383,30.43000030517578,30.43000030517578,409.0
2024-10-25 11:49:00+00:00,FLEX,35.33000183105469,35.33000183105469,35.33000183105469,35.31999969482422,35.31999969482422,551.0
2024-10-25 11:49:00+00:00,FLYW,17.489999771118164,17.489999771118164,17.489999771118164,17.489999771118164,17.489999771118164,1187.0
2024-10-25 11:49:00+00:00,FROG,29.43000030517578,29.43000030517578,29.43000030517578,29.415000915527344,29.43000030517578,795.0
2024-10-25 11:49:00+00:00,FRSH,11.680000305175781,11.680000305175781,11.680000305175781,11.680000305175781,11.680000305175781,944.0
2024-10-25 11:49:00+00:00,FSLR,200.75,200.75,200.83990478515625,200.5399932861328,200.83990478515625,4165.0
2024-10-25 11:49:00+00:00,FTNT,81.37000274658203,81.37000274658203,81.37999725341797,81.3550033569336,81.36000061035156,1556.0
2024-10-25 11:49:00+00:00,GCT,24.954999923706055,24.954999923706055,24.979999542236328,24.950000762939453,24.950000762939453,675.0
2024-10-25 11:49:00+00:00,GDYN,15.573399543762207,15.573399543762207,15.573399543762207,15.573399543762207,15.573399543762207,209.0
2024-10-25 11:49:00+00:00,GFS,41.5,41.5,41.5,41.5,41.5,319.0
2024-10-25 11:49:00+00:00,GILT,4.949999809265137,4.949999809265137,4.949999809265137,4.949999809265137,4.949999809265137,710.0
2024-10-25 11:49:00+00:00,GRAB,4.087100028991699,4.087100028991699,4.087100028991699,4.081699848175049,4.081699848175049,17035.0
2024-10-25 11:49:00+00:00,GTLB,55.80500030517578,55.80500030517578,55.80500030517578,55.80009841918945,55.80009841918945,819.0
2024-10-25 11:49:00+00:00,GVP,4.610000133514404,4.610000133514404,4.610000133514404,4.610000133514404,4.610000133514404,1654.0
2024-10-25 11:49:00+00:00,HCP,33.709999084472656,33.709999084472656,33.709999084472656,33.709999084472656,33.709999084472656,225.0
2024-10-25 11:49:00+00:00,HEAR,16.524999618530273,16.524999618530273,16.524999618530273,16.524999618530273,16.524999618530273,583.0
2024-10-25 11:49:00+00:00,HIMX,6.204999923706055,6.204999923706055,6.204999923706055,6.204999923706055,6.204999923706055,342.0
2024-10-25 11:49:00+00:00,HLIT,14.800000190734863,14.800000190734863,14.800000190734863,14.800000190734863,14.800000190734863,1009.0
2024-10-25 11:49:00+00:00,HOLO,3.5999999046325684,3.5999999046325684,3.5999999046325684,3.5989999771118164,3.599600076675415,3253.0
2024-10-25 11:49:00+00:00,HOOD,27.325000762939453,27.325000762939453,27.325000762939453,27.280000686645508,27.28499984741211,28583.0
2024-10-25 11:49:00+00:00,IBEX,18.110000610351562,18.110000610351562,18.110000610351562,18.110000610351562,18.110000610351562,200.0
2024-10-25 11:49:00+00:00,INDI,3.575000047683716,3.575000047683716,3.575000047683716,3.575000047683716,3.575000047683716,285.0
2024-10-25 11:49:00+00:00,INFN,6.789999961853027,6.789999961853027,6.789999961853027,6.789999961853027,6.789999961853027,407.0
2024-10-25 11:49:00+00:00,INTC,23.135000228881836,23.135000228881836,23.139999389648438,23.1299991607666,23.132099151611328,31700.0
2024-10-25 11:49:00+00:00,JKHY,183.69000244140625,183.69000244140625,183.69000244140625,183.6300048828125,183.6300048828125,974.0
2024-10-25 11:49:00+00:00,KC,2.7200000286102295,2.7200000286102295,2.7200000286102295,2.7200000286102295,2.7200000286102295,1647.0
2024-10-25 11:49:00+00:00,KLAC,681.5399780273438,681.5399780273438,681.5399780273438,681.2122192382812,681.2122192382812,2113.0
2024-10-25 11:49:00+00:00,KLIC,44.349998474121094,44.349998474121094,44.349998474121094,44.34550094604492,44.34550094604492,876.0
2024-10-25 11:49:00+00:00,LASR,10.479999542236328,10.479999542236328,10.479999542236328,10.479999542236328,10.479999542236328,875.0
2024-10-25 11:49:00+00:00,LINK,4.721399784088135,4.721399784088135,4.721399784088135,4.579999923706055,4.670000076293945,1546.0
2024-10-25 11:49:00+00:00,LITE,64.48999786376953,64.48999786376953,64.48999786376953,64.48999786376953,64.48999786376953,404.0
2024-10-25 11:49:00+00:00,LRCX,78.98999786376953,78.98999786376953,79.04000091552734,78.98999786376953,79.0199966430664,10634.0
2024-10-25 11:49:00+00:00,LSCC,54.22999954223633,54.22999954223633,54.25,54.22999954223633,54.23749923706055,2037.0
2024-10-25 11:49:00+00:00,LYFT,13.850000381469727,13.850000381469727,13.859999656677246,13.845000267028809,13.850000381469727,18484.0
2024-10-25 11:49:00+00:00,MANH,275.510009765625,275.510009765625,275.510009765625,275.510009765625,275.510009765625,719.0
2024-10-25 11:49:00+00:00,MCHP,77.13999938964844,77.13999938964844,77.16999816894531,77.12000274658203,77.16999816894531,51566.0
2024-10-25 11:49:00+00:00,MDB,267.32000732421875,267.32000732421875,267.32000732421875,267.32000732421875,267.32000732421875,159.0
2024-10-25 11:49:00+00:00,MITK,8.779999732971191,8.779999732971191,8.779999732971191,8.779999732971191,8.779999732971191,636.0
2024-10-25 11:49:00+00:00,MKSI,101.08499908447266,101.08499908447266,101.08499908447266,101.02999877929688,101.02999877929688,1610.0
2024-10-25 11:49:00+00:00,MNDY,300.69000244140625,300.69000244140625,300.9150085449219,300.69000244140625,300.9150085449219,1548.0
2024-10-25 11:49:00+00:00,MPWR,916.760009765625,916.760009765625,916.760009765625,916.760009765625,916.760009765625,331.0
2024-10-25 11:49:00+00:00,MQ,5.269999980926514,5.269999980926514,5.269999980926514,5.264999866485596,5.264999866485596,710.0
2024-10-25 11:49:00+00:00,MRVL,82.70999908447266,82.70999908447266,82.76000213623047,82.68499755859375,82.76000213623047,17796.0
2024-10-25 11:49:00+00:00,MSFT,430.1401062011719,430.1401062011719,430.3299865722656,430.1401062011719,430.239990234375,18430.0
2024-10-25 11:49:00+00:00,MSTR,240.75,240.75,240.9199981689453,239.6199951171875,239.8489990234375,75998.0
2024-10-25 11:49:00+00:00,MTSI,120.16000366210938,120.16000366210938,120.16500091552734,120.16000366210938,120.16500091552734,849.0
2024-10-25 11:49:00+00:00,MTTR,4.659999847412109,4.659999847412109,4.659999847412109,4.659999847412109,4.659999847412109,2121.0
2024-10-25 11:49:00+00:00,MU,109.30000305175781,109.30000305175781,109.33989715576172,109.28359985351562,109.30000305175781,8900.0
2024-10-25 11:49:00+00:00,MVIS,1.100000023841858,1.100000023841858,1.100000023841858,1.100000023841858,1.100000023841858,190.0
2024-10-25 11:49:00+00:00,MXL,15.0,15.0,15.039999961853027,15.0,15.039999961853027,1190.0
2024-10-25 11:49:00+00:00,NCNO,37.810001373291016,37.810001373291016,37.810001373291016,37.810001373291016,37.810001373291016,309.0
2024-10-25 11:49:00+00:00,NSIT,209.7949981689453,209.7949981689453,209.7949981689453,209.69500732421875,209.69500732421875,2513.0
2024-10-25 11:49:00+00:00,NTCT,20.610000610351562,20.610000610351562,20.639999389648438,20.610000610351562,20.639999389648438,3206.0
2024-10-25 11:49:00+00:00,NVDA,143.80599975585938,143.80599975585938,143.83990478515625,143.76019287109375,143.8166961669922,450216.0
2024-10-25 11:49:00+00:00,NVEI,33.525001525878906,33.525001525878906,33.525001525878906,33.525001525878906,33.525001525878906,4972.0
2024-10-25 11:49:00+00:00,NVTS,2.5899999141693115,2.5899999141693115,2.5940001010894775,2.5899999141693115,2.5940001010894775,2513.0
2024-10-25 11:49:00+00:00,NXPI,244.74000549316406,244.74000549316406,244.83999633789062,244.74000549316406,244.83999633789062,1745.0
2024-10-25 11:49:00+00:00,OKTA,72.73999786376953,72.73999786376953,72.74970245361328,72.73999786376953,72.74970245361328,929.0
2024-10-25 11:49:00+00:00,OLED,203.94000244140625,203.94000244140625,203.94000244140625,203.53570556640625,203.53570556640625,2386.0
2024-10-25 11:49:00+00:00,ON,71.91999816894531,71.91999816894531,71.93000030517578,71.88999938964844,71.93000030517578,8599.0
2024-10-25 11:49:00+00:00,ONDS,0.8801000118255615,0.8801000118255615,0.8801000118255615,0.8801000118255615,0.8801000118255615,64952.0
2024-10-25 11:49:00+00:00,OSIS,136.49310302734375,136.49310302734375,136.69000244140625,136.49310302734375,136.69000244140625,1589.0
2024-10-25 11:49:00+00:00,OTEX,33.33000183105469,33.33000183105469,33.33000183105469,33.33000183105469,33.33000183105469,589.0
2024-10-25 11:49:00+00:00,PANW,369.68499755859375,369.68499755859375,369.80999755859375,369.68499755859375,369.80999755859375,1215.0
2024-10-25 11:49:00+00:00,PCTY,173.71499633789062,173.71499633789062,173.71499633789062,173.6999969482422,173.6999969482422,546.0
2024-10-25 11:49:00+00:00,PEGY,4.685100078582764,4.685100078582764,4.685100078582764,4.685100078582764,4.685100078582764,314.0
2024-10-25 11:49:00+00:00,PGY,11.819999694824219,11.819999694824219,11.819999694824219,11.819999694824219,11.819999694824219,263.0
2024-10-25 11:49:00+00:00,PHUN,10.009900093078613,10.009900093078613,10.088800430297852,9.970100402832031,10.088800430297852,181210.0
2024-10-25 11:49:00+00:00,PLXS,142.65499877929688,142.65499877929688,142.65499877929688,142.65499877929688,142.65499877929688,307.0
2024-10-25 11:49:00+00:00,PRCH,1.315000057220459,1.315000057220459,1.315000057220459,1.315000057220459,1.315000057220459,3251.0
2024-10-25 11:49:00+00:00,PTC,186.77999877929688,186.77999877929688,186.77999877929688,186.57000732421875,186.57000732421875,1533.0
2024-10-25 11:49:00+00:00,PUBM,14.920000076293945,14.920000076293945,14.930000305175781,14.920000076293945,14.925999641418457,3763.0
2024-10-25 11:49:00+00:00,QCOM,172.69000244140625,172.69000244140625,172.7050018310547,172.66000366210938,172.7050018310547,5916.0
2024-10-25 11:49:00+00:00,QLYS,120.7699966430664,120.7699966430664,120.7699966430664,120.7699966430664,120.7699966430664,748.0
2024-10-25 11:49:00+00:00,QRVO,100.15010070800781,100.15010070800781,100.18000030517578,100.15010070800781,100.18000030517578,1732.0
2024-10-25 11:49:00+00:00,QUBT,1.065000057220459,1.065000057220459,1.0700000524520874,1.059999942779541,1.0678999423980713,6735.0
2024-10-25 11:49:00+00:00,REKR,1.0950000286102295,1.0950000286102295,1.0950000286102295,1.0950000286102295,1.0950000286102295,487.0
2024-10-25 11:49:00+00:00,RELY,14.729999542236328,14.729999542236328,14.729999542236328,14.729999542236328,14.729999542236328,1102.0
2024-10-25 11:49:00+00:00,RGTI,1.2350000143051147,1.2350000143051147,1.2400000095367432,1.2350000143051147,1.2400000095367432,10212.0
2024-10-25 11:49:00+00:00,RIOT,10.050000190734863,10.050000190734863,10.055000305175781,10.013999938964844,10.013999938964844,61882.0
2024-10-25 11:49:00+00:00,RMBS,43.380001068115234,43.380001068115234,43.380001068115234,43.380001068115234,43.380001068115234,530.0
2024-10-25 11:49:00+00:00,RMNI,1.7300000190734863,1.7300000190734863,1.7300000190734863,1.7300000190734863,1.7300000190734863,169.0
2024-10-25 11:49:00+00:00,RPAY,7.614999771118164,7.614999771118164,7.614999771118164,7.614999771118164,7.614999771118164,322.0
2024-10-25 11:49:00+00:00,RUM,5.840000152587891,5.840000152587891,5.840000152587891,5.800000190734863,5.806000232696533,20344.0
2024-10-25 11:49:00+00:00,RUN,14.539999961853027,14.539999961853027,14.539999961853027,14.520000457763672,14.520000457763672,12765.0
2024-10-25 11:49:00+00:00,SATS,25.229999542236328,25.229999542236328,25.229999542236328,25.229999542236328,25.229999542236328,457.0
2024-10-25 11:49:00+00:00,SCSC,44.98500061035156,44.98500061035156,44.98500061035156,44.98500061035156,44.98500061035156,136.0
2024-10-25 11:49:00+00:00,SEDG,16.110000610351562,16.110000610351562,16.110000610351562,16.09000015258789,16.09600067138672,6229.0
2024-10-25 11:49:00+00:00,SHLS,5.364999771118164,5.364999771118164,5.364999771118164,5.355000019073486,5.355000019073486,3633.0
2024-10-25 11:49:00+00:00,SLNH,4.135000228881836,4.135000228881836,4.159999847412109,4.135000228881836,4.150000095367432,1108.0
2024-10-25 11:49:00+00:00,SMCI,47.63169860839844,47.63169860839844,47.689998626708984,47.630001068115234,47.65999984741211,36006.0
2024-10-25 11:49:00+00:00,SMTC,45.595001220703125,45.595001220703125,45.595001220703125,45.595001220703125,45.595001220703125,1870.0
2024-10-25 11:49:00+00:00,SONO,12.829999923706055,12.829999923706055,12.829999923706055,12.829999923706055,12.829999923706055,1144.0
2024-10-25 11:49:00+00:00,SOUN,5.295000076293945,5.295000076293945,5.295000076293945,5.293799877166748,5.295000076293945,3982.0
2024-10-25 11:49:00+00:00,SPSC,173.72500610351562,173.72500610351562,173.72500610351562,173.72500610351562,173.72500610351562,146.0
2024-10-25 11:49:00+00:00,SPT,27.239999771118164,27.239999771118164,27.239999771118164,27.239999771118164,27.239999771118164,141.0
2024-10-25 11:49:00+00:00,SRAD,12.359999656677246,12.359999656677246,12.359999656677246,12.359999656677246,12.359999656677246,1105.0
2024-10-25 11:49:00+00:00,SSNC,69.83000183105469,69.83000183105469,69.87000274658203,69.83000183105469,69.83999633789062,5423.0
2024-10-25 11:49:00+00:00,SSYS,7.147200107574463,7.147200107574463,7.147200107574463,7.147200107574463,7.147200107574463,802.0
2024-10-25 11:49:00+00:00,STNE,11.479999542236328,11.479999542236328,11.484999656677246,11.470000267028809,11.484999656677246,8250.0
2024-10-25 11:49:00+00:00,STX,104.55000305175781,104.55000305175781,104.55500030517578,104.51000213623047,104.5250015258789,2928.0
2024-10-25 11:49:00+00:00,SURG,1.7599999904632568,1.7599999904632568,1.774999976158142,1.7599999904632568,1.774999976158142,7932.0
2024-10-25 11:49:00+00:00,TEAM,190.27999877929688,190.27999877929688,190.3800048828125,190.23500061035156,190.23500061035156,1115.0
2024-10-25 11:49:00+00:00,TENB,41.7400016784668,41.7400016784668,41.7400016784668,41.7400016784668,41.7400016784668,241.0
2024-10-25 11:49:00+00:00,TER,113.05000305175781,113.05000305175781,113.05000305175781,112.9749984741211,112.9749984741211,3876.0
2024-10-25 11:49:00+00:00,TRMB,61.029998779296875,61.029998779296875,61.029998779296875,61.029998779296875,61.029998779296875,813.0
2024-10-25 11:49:00+00:00,TSEM,45.060001373291016,45.060001373291016,45.060001373291016,45.060001373291016,45.060001373291016,397.0
2024-10-25 11:49:00+00:00,TTD,119.75,119.75,119.8499984741211,119.75,119.8499984741211,6245.0
2024-10-25 11:49:00+00:00,TTMI,19.6299991607666,19.6299991607666,19.6299991607666,19.621400833129883,19.621400833129883,742.0
2024-10-25 11:49:00+00:00,TWKS,4.449999809265137,4.449999809265137,4.454999923706055,4.449999809265137,4.454999923706055,700.0
2024-10-25 11:49:00+00:00,TXN,208.4499969482422,208.4499969482422,208.5998992919922,208.4499969482422,208.47999572753906,4047.0
2024-10-25 11:49:00+00:00,UCTT,36.27000045776367,36.27000045776367,36.279998779296875,36.27000045776367,36.279998779296875,266.0
2024-10-25 11:49:00+00:00,VECO,29.670000076293945,29.670000076293945,29.674999237060547,29.670000076293945,29.674999237060547,725.0
2024-10-25 11:49:00+00:00,VIAV,9.204999923706055,9.204999923706055,9.204999923706055,9.204999923706055,9.204999923706055,683.0
2024-10-25 11:49:00+00:00,VRNS,56.75,56.75,56.75,56.72999954223633,56.72999954223633,1284.0
2024-10-25 11:49:00+00:00,VRSN,187.2794952392578,187.2794952392578,187.2794952392578,187.00999450683594,187.00999450683594,1608.0
2024-10-25 11:49:00+00:00,VSAT,10.369999885559082,10.369999885559082,10.369999885559082,10.364999771118164,10.364999771118164,1373.0
2024-10-25 11:49:00+00:00,VUZI,1.3200000524520874,1.3200000524520874,1.3250000476837158,1.3200000524520874,1.3250000476837158,2217.0
2024-10-25 11:49:00+00:00,VVPR,0.789900004863739,0.789900004863739,0.7900000214576721,0.789900004863739,0.7900000214576721,900.0
2024-10-25 11:49:00+00:00,WDAY,240.4600067138672,240.4600067138672,240.47999572753906,240.4600067138672,240.47999572753906,1341.0
2024-10-25 11:49:00+00:00,WDC,71.86000061035156,71.86000061035156,71.86499786376953,71.79000091552734,71.79000091552734,14253.0
2024-10-25 11:49:00+00:00,WISA,1.840000033378601,1.840000033378601,1.840000033378601,1.8300000429153442,1.8300000429153442,0.0
2024-10-25 11:49:00+00:00,WKEY,2.0,2.0,2.0,2.0,2.0,668.0
2024-10-25 11:49:00+00:00,ZBRA,363.3999938964844,363.3999938964844,363.3999938964844,363.1700134277344,363.1700134277344,671.0
2024-10-25 11:49:00+00:00,ZI,10.53499984741211,10.53499984741211,10.53499984741211,10.524999618530273,10.529999732971191,40087.0
2024-10-25 11:49:00+00:00,ZM,73.1050033569336,73.1050033569336,73.1050033569336,73.1050033569336,73.1050033569336,542.0
2024-10-25 11:49:00+00:00,ZS,186.3300018310547,186.3300018310547,186.3300018310547,186.25999450683594,186.25999450683594,1222.0
2024-10-25 11:50:00+00:00,AAOI,18.200000762939453,18.200000762939453,18.235000610351562,18.200000762939453,18.229999542236328,2333.0
2024-10-25 11:50:00+00:00,AAPL,232.1199951171875,232.1199951171875,232.27999877929688,232.1199951171875,232.24000549316406,44647.0
2024-10-25 11:50:00+00:00,ACIW,48.939998626708984,48.939998626708984,48.959999084472656,48.92499923706055,48.959999084472656,2713.0
2024-10-25 11:50:00+00:00,ACLS,90.66000366210938,90.66000366210938,90.66000366210938,90.66000366210938,90.66000366210938,867.0
2024-10-25 11:50:00+00:00,ADBE,484.8550109863281,484.8550109863281,485.0400085449219,484.8550109863281,485.0400085449219,3782.0
2024-10-25 11:50:00+00:00,ADI,233.3800048828125,233.3800048828125,233.4550018310547,233.3800048828125,233.4550018310547,1904.0
2024-10-25 11:50:00+00:00,ADSK,286.95001220703125,286.95001220703125,286.9775085449219,286.95001220703125,286.9700012207031,888.0
2024-10-25 11:50:00+00:00,AEHR,16.950000762939453,16.950000762939453,17.030000686645508,16.950000762939453,17.026199340820312,4800.0
2024-10-25 11:50:00+00:00,AFRM,41.630001068115234,41.630001068115234,41.630001068115234,41.60770034790039,41.60770034790039,0.0
2024-10-25 11:50:00+00:00,ALGM,22.799999237060547,22.799999237060547,22.825000762939453,22.799999237060547,22.825000762939453,2872.0
2024-10-25 11:50:00+00:00,ALRM,54.810001373291016,54.810001373291016,54.81999969482422,54.810001373291016,54.81999969482422,741.0
2024-10-25 11:50:00+00:00,AMAT,187.77000427246094,187.77000427246094,187.97999572753906,187.77000427246094,187.97000122070312,4681.0
2024-10-25 11:50:00+00:00,AMD,157.86410522460938,157.86410522460938,157.96820068359375,157.85000610351562,157.92999267578125,42283.0
2024-10-25 11:50:00+00:00,AMKR,30.139999389648438,30.139999389648438,30.139999389648438,30.139999389648438,30.139999389648438,757.0
2024-10-25 11:50:00+00:00,AMPG,1.0700000524520874,1.0700000524520874,1.0700000524520874,1.0700000524520874,1.0700000524520874,0.0
2024-10-25 11:50:00+00:00,AMPL,9.234999656677246,9.234999656677246,9.234999656677246,9.234999656677246,9.234999656677246,205.0
2024-10-25 11:50:00+00:00,ANSS,326.3399963378906,326.3399963378906,326.3399963378906,325.7701110839844,325.7701110839844,1472.0
2024-10-25 11:50:00+00:00,APP,162.10000610351562,162.10000610351562,162.2299041748047,162.02999877929688,162.07000732421875,7003.0
2024-10-25 11:50:00+00:00,APPF,215.46499633789062,215.46499633789062,215.46499633789062,215.46499633789062,215.46499633789062,1700.0
2024-10-25 11:50:00+00:00,APPN,32.25,32.25,32.25,32.25,32.25,103.0
2024-10-25 11:50:00+00:00,APPS,3.0940001010894775,3.0940001010894775,3.0940001010894775,3.0940001010894775,3.0940001010894775,446.0
2024-10-25 11:50:00+00:00,ARQQ,7.25,7.25,7.25,7.150000095367432,7.21999979019165,4644.0
2024-10-25 11:50:00+00:00,ARRY,6.519999980926514,6.519999980926514,6.53000020980835,6.519999980926514,6.525000095367432,19816.0
2024-10-25 11:50:00+00:00,ASML,717.4199829101562,717.4199829101562,718.4899291992188,717.4199829101562,717.8699951171875,2069.0
2024-10-25 11:50:00+00:00,AUDC,9.149999618530273,9.149999618530273,9.149999618530273,9.130000114440918,9.130000114440918,1289.0
2024-10-25 11:50:00+00:00,AUR,6.449999809265137,6.449999809265137,6.449999809265137,6.449999809265137,6.449999809265137,235.0
2024-10-25 11:50:00+00:00,AVGO,176.3300018310547,176.3300018310547,176.55999755859375,176.32000732421875,176.43960571289062,22940.0
2024-10-25 11:50:00+00:00,AVNW,21.040000915527344,21.040000915527344,21.049999237060547,21.0,21.049999237060547,899.0
2024-10-25 11:50:00+00:00,AVT,54.279998779296875,54.279998779296875,54.290000915527344,54.279998779296875,54.290000915527344,965.0
2024-10-25 11:50:00+00:00,BASE,16.447999954223633,16.447999954223633,16.447999954223633,16.447999954223633,16.447999954223633,374.0
2024-10-25 11:50:00+00:00,BELFB,79.13500213623047,79.13500213623047,79.19999694824219,79.12000274658203,79.12000274658203,1107.0
2024-10-25 11:50:00+00:00,BIGC,5.304999828338623,5.304999828338623,5.304999828338623,5.304999828338623,5.304999828338623,115.0
2024-10-25 11:50:00+00:00,BMBL,7.260000228881836,7.260000228881836,7.260000228881836,7.255000114440918,7.255000114440918,700.0
2024-10-25 11:50:00+00:00,BRZE,30.760000228881836,30.760000228881836,30.799999237060547,30.760000228881836,30.799999237060547,3090.0
2024-10-25 11:50:00+00:00,BSY,49.19499969482422,49.19499969482422,49.19499969482422,49.17499923706055,49.17499923706055,897.0
2024-10-25 11:50:00+00:00,CAN,0.9979000091552734,0.9979000091552734,0.9979000091552734,0.9979000091552734,0.9979000091552734,204.0
2024-10-25 11:50:00+00:00,CDNS,259.8399963378906,259.8399963378906,259.8399963378906,259.7699890136719,259.8399963378906,3319.0
2024-10-25 11:50:00+00:00,CDW,219.47000122070312,219.47000122070312,219.55999755859375,219.47000122070312,219.51499938964844,1612.0
2024-10-25 11:50:00+00:00,CETX,0.2969000041484833,0.2969000041484833,0.2969000041484833,0.2969000041484833,0.2969000041484833,3507.0
2024-10-25 11:50:00+00:00,CFLT,22.709999084472656,22.709999084472656,22.75,22.709999084472656,22.75,7437.0
2024-10-25 11:50:00+00:00,CGNX,39.11000061035156,39.11000061035156,39.11000061035156,39.099998474121094,39.099998474121094,732.0
2024-10-25 11:50:00+00:00,CLBT,18.11039924621582,18.11039924621582,18.11039924621582,18.11039924621582,18.11039924621582,1095.0
2024-10-25 11:50:00+00:00,CLSK,11.835000038146973,11.835000038146973,11.880000114440918,11.831600189208984,11.875,53197.0
2024-10-25 11:50:00+00:00,CNDT,3.6649999618530273,3.6649999618530273,3.6649999618530273,3.6600000858306885,3.6600000858306885,1754.0
2024-10-25 11:50:00+00:00,CNXC,45.07500076293945,45.07500076293945,45.07500076293945,45.07500076293945,45.07500076293945,828.0
2024-10-25 11:50:00+00:00,CNXN,70.30500030517578,70.30500030517578,70.30500030517578,70.30500030517578,70.30500030517578,1350.0
2024-10-25 11:50:00+00:00,COHR,95.41000366210938,95.41000366210938,95.44000244140625,95.37000274658203,95.37000274658203,6035.0
2024-10-25 11:50:00+00:00,COIN,210.25,210.25,210.52000427246094,210.25,210.32000732421875,13025.0
2024-10-25 11:50:00+00:00,COMM,6.349999904632568,6.349999904632568,6.364999771118164,6.349999904632568,6.360000133514404,7114.0
2024-10-25 11:50:00+00:00,CORZ,13.254500389099121,13.254500389099121,13.265000343322754,13.254500389099121,13.263799667358398,8709.0
2024-10-25 11:50:00+00:00,CRCT,6.579999923706055,6.579999923706055,6.579999923706055,6.570000171661377,6.570000171661377,877.0
2024-10-25 11:50:00+00:00,CRDO,39.88999938964844,39.88999938964844,39.959999084472656,39.88999938964844,39.959999084472656,3373.0
2024-10-25 11:50:00+00:00,CRNC,2.9100000858306885,2.9100000858306885,2.9100000858306885,2.9100000858306885,2.9100000858306885,401.0
2024-10-25 11:50:00+00:00,CRSR,6.449999809265137,6.449999809265137,6.449999809265137,6.449999809265137,6.449999809265137,518.0
2024-10-25 11:50:00+00:00,CRUS,123.54000091552734,123.54000091552734,123.54519653320312,123.54000091552734,123.54000091552734,783.0
2024-10-25 11:50:00+00:00,CRWD,308.9549865722656,308.9549865722656,309.3381042480469,308.9549865722656,309.2900085449219,3090.0
2024-10-25 11:50:00+00:00,CSCO,55.9900016784668,55.9900016784668,56.0,55.9900016784668,55.998199462890625,11790.0
2024-10-25 11:50:00+00:00,CSIQ,13.755000114440918,13.755000114440918,13.760100364685059,13.75,13.760000228881836,9738.0
2024-10-25 11:50:00+00:00,CTLP,8.920000076293945,8.920000076293945,8.920000076293945,8.920000076293945,8.920000076293945,526.0
2024-10-25 11:50:00+00:00,CTSH,74.80000305175781,74.80000305175781,74.83000183105469,74.80000305175781,74.83000183105469,3028.0
2024-10-25 11:50:00+00:00,CVLT,134.30999755859375,134.30999755859375,134.30999755859375,134.30999755859375,134.30999755859375,270.0
2024-10-25 11:50:00+00:00,CYN,3.599900007247925,3.599900007247925,3.599900007247925,3.5989999771118164,3.5989999771118164,1190.0
2024-10-25 11:50:00+00:00,DAKT,13.119999885559082,13.119999885559082,13.119999885559082,13.119999885559082,13.119999885559082,934.0
2024-10-25 11:50:00+00:00,DBX,25.985000610351562,25.985000610351562,25.985000610351562,25.985000610351562,25.985000610351562,1268.0
2024-10-25 11:50:00+00:00,DDOG,127.16000366210938,127.16000366210938,127.33000183105469,127.16000366210938,127.33000183105469,1769.0
2024-10-25 11:50:00+00:00,DGHI,1.5484999418258667,1.5484999418258667,1.5499999523162842,1.5484999418258667,1.5499999523162842,5925.0
2024-10-25 11:50:00+00:00,DOCU,70.13999938964844,70.13999938964844,70.16000366210938,70.12000274658203,70.1449966430664,2848.0
2024-10-25 11:50:00+00:00,DOMO,7.965400218963623,7.965400218963623,7.965400218963623,7.965400218963623,7.965400218963623,403.0
2024-10-25 11:50:00+00:00,DUOL,288.6000061035156,288.6000061035156,288.6000061035156,288.6000061035156,288.6000061035156,196.0
2024-10-25 11:50:00+00:00,ELTK,10.359999656677246,10.359999656677246,10.359999656677246,10.359999656677246,10.359999656677246,104.0
2024-10-25 11:50:00+00:00,EMKR,2.130000114440918,2.130000114440918,2.130000114440918,2.130000114440918,2.130000114440918,0.0
2024-10-25 11:50:00+00:00,ENPH,83.84239959716797,83.84239959716797,83.93000030517578,83.83000183105469,83.9000015258789,12852.0
2024-10-25 11:50:00+00:00,ENTG,105.82499694824219,105.82499694824219,105.83999633789062,105.80999755859375,105.83000183105469,1663.0
2024-10-25 11:50:00+00:00,ERIC,8.479999542236328,8.479999542236328,8.484000205993652,8.479999542236328,8.484000205993652,7780.0
2024-10-25 11:50:00+00:00,EXFY,1.7200000286102295,1.7200000286102295,1.7200000286102295,1.7100000381469727,1.7100000381469727,1481.0
2024-10-25 11:50:00+00:00,EXLS,38.974998474121094,38.974998474121094,38.9900016784668,38.970001220703125,38.970001220703125,2308.0
2024-10-25 11:50:00+00:00,EXTR,14.479999542236328,14.479999542236328,14.484999656677246,14.479999542236328,14.484999656677246,1262.0
2024-10-25 11:50:00+00:00,FIVN,30.389999389648438,30.389999389648438,30.43000030517578,30.389999389648438,30.43000030517578,4572.0
2024-10-25 11:50:00+00:00,FLEX,35.349998474121094,35.349998474121094,35.349998474121094,35.34000015258789,35.34000015258789,1583.0
2024-10-25 11:50:00+00:00,FORM,45.22999954223633,45.22999954223633,45.22999954223633,45.209999084472656,45.224998474121094,1593.0
2024-10-25 11:50:00+00:00,FRSH,11.6850004196167,11.6850004196167,11.6850004196167,11.6850004196167,11.6850004196167,974.0
2024-10-25 11:50:00+00:00,FSLR,200.85009765625,200.85009765625,200.94000244140625,200.85009765625,200.94000244140625,2282.0
2024-10-25 11:50:00+00:00,FTCI,0.6690999865531921,0.6690999865531921,0.6690999865531921,0.6690999865531921,0.6690999865531921,200.0
2024-10-25 11:50:00+00:00,FTNT,81.30999755859375,81.30999755859375,81.37999725341797,81.30999755859375,81.37999725341797,3891.0
2024-10-25 11:50:00+00:00,GCT,24.95549964904785,24.95549964904785,24.95549964904785,24.950000762939453,24.950000762939453,918.0
2024-10-25 11:50:00+00:00,GFS,41.375,41.375,41.4900016784668,41.369998931884766,41.4900016784668,4943.0
2024-10-25 11:50:00+00:00,GILT,4.949999809265137,4.949999809265137,4.949999809265137,4.949999809265137,4.949999809265137,132.0
2024-10-25 11:50:00+00:00,GRAB,4.085000038146973,4.085000038146973,4.085000038146973,4.079999923706055,4.085000038146973,15883.0
2024-10-25 11:50:00+00:00,GRRR,4.5,4.5,4.5,4.480000019073486,4.480000019073486,2147.0
2024-10-25 11:50:00+00:00,GSIT,3.4800000190734863,3.4800000190734863,3.4800000190734863,3.468600034713745,3.4800000190734863,1461.0
2024-10-25 11:50:00+00:00,HCKT,24.90999984741211,24.90999984741211,24.90999984741211,24.90999984741211,24.90999984741211,726.0
2024-10-25 11:50:00+00:00,HCP,33.70500183105469,33.70500183105469,33.709999084472656,33.70500183105469,33.709999084472656,2749.0
2024-10-25 11:50:00+00:00,HEAR,16.559999465942383,16.559999465942383,16.559999465942383,16.559999465942383,16.559999465942383,242.0
2024-10-25 11:50:00+00:00,HIMX,6.204999923706055,6.204999923706055,6.204999923706055,6.204999923706055,6.204999923706055,357.0
2024-10-25 11:50:00+00:00,HOLO,3.6143999099731445,3.6143999099731445,3.615000009536743,3.609999895095825,3.609999895095825,10431.0
2024-10-25 11:50:00+00:00,HOOD,27.299999237060547,27.299999237060547,27.329999923706055,27.299999237060547,27.315000534057617,3965.0
2024-10-25 11:50:00+00:00,IBEX,18.110000610351562,18.110000610351562,18.110000610351562,18.110000610351562,18.110000610351562,211.0
2024-10-25 11:50:00+00:00,INDI,3.575000047683716,3.575000047683716,3.575000047683716,3.575000047683716,3.575000047683716,2880.0
2024-10-25 11:50:00+00:00,INOD,19.8700008392334,19.8700008392334,19.8700008392334,19.850000381469727,19.850000381469727,1737.0
2024-10-25 11:50:00+00:00,INSG,20.049999237060547,20.049999237060547,20.049999237060547,20.049999237060547,20.049999237060547,561.0
2024-10-25 11:50:00+00:00,INTC,23.115999221801758,23.115999221801758,23.139999389648438,23.114999771118164,23.135000228881836,49510.0
2024-10-25 11:50:00+00:00,INTU,611.0250244140625,611.0250244140625,611.0250244140625,610.7554931640625,610.7554931640625,1281.0
2024-10-25 11:50:00+00:00,ITRI,102.92500305175781,102.92500305175781,102.92500305175781,102.92500305175781,102.92500305175781,166.0
2024-10-25 11:50:00+00:00,JAMF,16.821199417114258,16.821199417114258,16.821199417114258,16.821199417114258,16.821199417114258,569.0
2024-10-25 11:50:00+00:00,JKHY,183.63499450683594,183.63499450683594,183.9199981689453,183.63499450683594,183.77000427246094,823.0
2024-10-25 11:50:00+00:00,KC,2.7200000286102295,2.7200000286102295,2.7200000286102295,2.7100000381469727,2.7200000286102295,3269.0
2024-10-25 11:50:00+00:00,KLIC,44.33000183105469,44.33000183105469,44.34000015258789,44.33000183105469,44.34000015258789,491.0
2024-10-25 11:50:00+00:00,KOSS,7.380000114440918,7.380000114440918,7.380000114440918,7.364999771118164,7.364999771118164,5265.0
2024-10-25 11:50:00+00:00,LINK,4.60129976272583,4.60129976272583,4.60129976272583,4.60129976272583,4.60129976272583,400.0
2024-10-25 11:50:00+00:00,LITE,64.47000122070312,64.47000122070312,64.47000122070312,64.41999816894531,64.41999816894531,573.0
2024-10-25 11:50:00+00:00,LOGI,81.1449966430664,81.1449966430664,81.1449966430664,81.1449966430664,81.1449966430664,834.0
2024-10-25 11:50:00+00:00,LPSN,1.1740000247955322,1.1740000247955322,1.1799999475479126,1.1740000247955322,1.1749999523162842,12196.0
2024-10-25 11:50:00+00:00,LRCX,78.95999908447266,78.95999908447266,79.05999755859375,78.94999694824219,79.00499725341797,18146.0
2024-10-25 11:50:00+00:00,LSCC,54.2400016784668,54.2400016784668,54.2400016784668,54.20000076293945,54.20500183105469,2511.0
2024-10-25 11:50:00+00:00,LTRX,4.019999980926514,4.019999980926514,4.019999980926514,4.019999980926514,4.019999980926514,145.0
2024-10-25 11:50:00+00:00,LYFT,13.850000381469727,13.850000381469727,13.850000381469727,13.845000267028809,13.845999717712402,4357.0
2024-10-25 11:50:00+00:00,MANH,275.6000061035156,275.6000061035156,275.6000061035156,275.6000061035156,275.6000061035156,601.0
2024-10-25 11:50:00+00:00,MAXN,5.78000020980835,5.78000020980835,5.78000020980835,5.78000020980835,5.78000020980835,104.0
2024-10-25 11:50:00+00:00,MCHP,77.06999969482422,77.06999969482422,77.16000366210938,77.06999969482422,77.15499877929688,8525.0
2024-10-25 11:50:00+00:00,MDB,267.20001220703125,267.20001220703125,267.5150146484375,267.20001220703125,267.5150146484375,2620.0
2024-10-25 11:50:00+00:00,MITK,8.770000457763672,8.770000457763672,8.770000457763672,8.760000228881836,8.770000457763672,1508.0
2024-10-25 11:50:00+00:00,MKSI,101.08999633789062,101.08999633789062,101.08999633789062,101.08999633789062,101.08999633789062,796.0
2024-10-25 11:50:00+00:00,MPWR,916.7899780273438,916.7899780273438,916.875,916.0999755859375,916.875,1174.0
2024-10-25 11:50:00+00:00,MQ,5.264999866485596,5.264999866485596,5.264999866485596,5.264999866485596,5.264999866485596,1144.0
2024-10-25 11:50:00+00:00,MRVL,82.69000244140625,82.69000244140625,82.7300033569336,82.69000244140625,82.69999694824219,7204.0
2024-10-25 11:50:00+00:00,MSFT,430.07501220703125,430.07501220703125,430.2550048828125,429.9700012207031,430.135009765625,24679.0
2024-10-25 11:50:00+00:00,MSTR,240.0399932861328,240.0399932861328,240.74349975585938,240.0399932861328,240.74349975585938,38798.0
2024-10-25 11:50:00+00:00,MTSI,120.11000061035156,120.11000061035156,120.11000061035156,120.11000061035156,120.11000061035156,103.0
2024-10-25 11:50:00+00:00,MU,109.18000030517578,109.18000030517578,109.30999755859375,109.18000030517578,109.30000305175781,16338.0
2024-10-25 11:50:00+00:00,MVIS,1.100000023841858,1.100000023841858,1.100000023841858,1.100000023841858,1.100000023841858,101.0
2024-10-25 11:50:00+00:00,MXL,15.005000114440918,15.005000114440918,15.020000457763672,15.005000114440918,15.020000457763672,2123.0
2024-10-25 11:50:00+00:00,NCNO,37.790000915527344,37.790000915527344,37.79999923706055,37.78200149536133,37.78200149536133,2069.0
2024-10-25 11:50:00+00:00,NSIT,210.13999938964844,210.13999938964844,210.13999938964844,210.13999938964844,210.13999938964844,240.0
2024-10-25 11:50:00+00:00,NTAP,120.44999694824219,120.44999694824219,120.44999694824219,120.4395980834961,120.4395980834961,740.0
2024-10-25 11:50:00+00:00,NTCT,20.639999389648438,20.639999389648438,20.639999389648438,20.6200008392334,20.6200008392334,1846.0
2024-10-25 11:50:00+00:00,NTGR,20.399999618530273,20.399999618530273,20.399999618530273,20.399999618530273,20.399999618530273,864.0
2024-10-25 11:50:00+00:00,NTNX,62.45000076293945,62.45000076293945,62.45000076293945,62.43000030517578,62.43000030517578,1232.0
2024-10-25 11:50:00+00:00,NVDA,143.74000549316406,143.74000549316406,143.88499450683594,143.72500610351562,143.8000946044922,317775.0
2024-10-25 11:50:00+00:00,NVEI,33.525001525878906,33.525001525878906,33.525001525878906,33.525001525878906,33.525001525878906,298.0
2024-10-25 11:50:00+00:00,NVMI,184.86000061035156,184.86000061035156,184.86000061035156,184.86000061035156,184.86000061035156,334.0
2024-10-25 11:50:00+00:00,NXPI,244.80999755859375,244.80999755859375,244.80999755859375,244.80999755859375,244.80999755859375,171.0
2024-10-25 11:50:00+00:00,OLED,203.72000122070312,203.72000122070312,203.72000122070312,203.72000122070312,203.72000122070312,354.0
2024-10-25 11:50:00+00:00,ON,71.91500091552734,71.91500091552734,71.93000030517578,71.86000061035156,71.93000030517578,17346.0
2024-10-25 11:50:00+00:00,OSIS,136.9499969482422,136.9499969482422,136.9499969482422,136.9499969482422,136.9499969482422,210.0
2024-10-25 11:50:00+00:00,OSPN,14.65999984741211,14.65999984741211,14.65999984741211,14.649999618530273,14.649999618530273,283.0
2024-10-25 11:50:00+00:00,OSS,2.424999952316284,2.424999952316284,2.424999952316284,2.424999952316284,2.424999952316284,308.0
2024-10-25 11:50:00+00:00,PANW,369.2699890136719,369.2699890136719,369.5,369.2699890136719,369.5,1593.0
2024-10-25 11:50:00+00:00,PCTY,173.8000030517578,173.8000030517578,173.8000030517578,173.8000030517578,173.8000030517578,1019.0
2024-10-25 11:50:00+00:00,PEGA,80.68209838867188,80.68209838867188,80.68209838867188,80.68209838867188,80.68209838867188,3154.0
2024-10-25 11:50:00+00:00,PEGY,4.795000076293945,4.795000076293945,4.829999923706055,4.789899826049805,4.789899826049805,9002.0
2024-10-25 11:50:00+00:00,PGY,11.8100004196167,11.8100004196167,11.8100004196167,11.8100004196167,11.8100004196167,140.0
2024-10-25 11:50:00+00:00,PHUN,10.085000038146973,10.085000038146973,10.085000038146973,9.949999809265137,10.005000114440918,67652.0
2024-10-25 11:50:00+00:00,PI,205.99989318847656,205.99989318847656,205.99989318847656,205.99989318847656,205.99989318847656,1491.0
2024-10-25 11:50:00+00:00,PLAB,23.69499969482422,23.69499969482422,23.69499969482422,23.69499969482422,23.69499969482422,779.0
2024-10-25 11:50:00+00:00,PLUS,98.17500305175781,98.17500305175781,98.17500305175781,98.1050033569336,98.1050033569336,564.0
2024-10-25 11:50:00+00:00,PLXS,142.82000732421875,142.82000732421875,142.9199981689453,142.65499877929688,142.65499877929688,2508.0
2024-10-25 11:50:00+00:00,POWI,63.8650016784668,63.8650016784668,63.8650016784668,63.8650016784668,63.8650016784668,216.0
2024-10-25 11:50:00+00:00,PRCH,1.3300000429153442,1.3300000429153442,1.3300000429153442,1.3200000524520874,1.3200000524520874,1116.0
2024-10-25 11:50:00+00:00,PRGS,64.81999969482422,64.81999969482422,64.81999969482422,64.81999969482422,64.81999969482422,472.0
2024-10-25 11:50:00+00:00,PYCR,14.354999542236328,14.354999542236328,14.354999542236328,14.354999542236328,14.354999542236328,116.0
2024-10-25 11:50:00+00:00,QCOM,172.61500549316406,172.61500549316406,172.76480102539062,172.61500549316406,172.72000122070312,5643.0
2024-10-25 11:50:00+00:00,QRVO,100.1500015258789,100.1500015258789,100.20999908447266,100.1500015258789,100.20999908447266,2504.0
2024-10-25 11:50:00+00:00,QUBT,1.059999942779541,1.059999942779541,1.0699000358581543,1.059999942779541,1.0693999528884888,1900.0
2024-10-25 11:50:00+00:00,QUIK,8.649999618530273,8.649999618530273,8.649999618530273,8.649999618530273,8.649999618530273,269.0
2024-10-25 11:50:00+00:00,RCAT,2.748300075531006,2.748300075531006,2.748300075531006,2.744999885559082,2.744999885559082,4621.0
2024-10-25 11:50:00+00:00,RELY,14.729999542236328,14.729999542236328,14.729999542236328,14.729999542236328,14.729999542236328,379.0
2024-10-25 11:50:00+00:00,RGTI,1.2400000095367432,1.2400000095367432,1.2400000095367432,1.2400000095367432,1.2400000095367432,300.0
2024-10-25 11:50:00+00:00,RIOT,10.04520034790039,10.04520034790039,10.059900283813477,10.039999961853027,10.045000076293945,38572.0
2024-10-25 11:50:00+00:00,RMBS,43.36249923706055,43.36249923706055,43.380001068115234,43.349998474121094,43.36800003051758,2723.0
2024-10-25 11:50:00+00:00,RMNI,1.725000023841858,1.725000023841858,1.725000023841858,1.725000023841858,1.725000023841858,228.0
2024-10-25 11:50:00+00:00,RPAY,7.614999771118164,7.614999771118164,7.614999771118164,7.614999771118164,7.614999771118164,108.0
2024-10-25 11:50:00+00:00,RUM,5.829899787902832,5.829899787902832,5.855000019073486,5.809999942779541,5.849999904632568,39142.0
2024-10-25 11:50:00+00:00,RUN,14.529999732971191,14.529999732971191,14.545700073242188,14.529999732971191,14.539999961853027,14849.0
2024-10-25 11:50:00+00:00,SCSC,45.0099983215332,45.0099983215332,45.06990051269531,44.98500061035156,44.98500061035156,2154.0
2024-10-25 11:50:00+00:00,SEDG,16.114999771118164,16.114999771118164,16.1200008392334,16.100000381469727,16.100000381469727,4830.0
2024-10-25 11:50:00+00:00,SHLS,5.349999904632568,5.349999904632568,5.364999771118164,5.34499979019165,5.364999771118164,32968.0
2024-10-25 11:50:00+00:00,SILC,13.007499694824219,13.007499694824219,13.149999618530273,12.800000190734863,13.130000114440918,2047.0
2024-10-25 11:50:00+00:00,SKYT,10.710000038146973,10.710000038146973,10.710000038146973,10.710000038146973,10.710000038146973,239.0
2024-10-25 11:50:00+00:00,SLAB,115.47000122070312,115.47000122070312,115.47000122070312,115.47000122070312,115.47000122070312,864.0
2024-10-25 11:50:00+00:00,SLNH,4.159999847412109,4.159999847412109,4.159999847412109,4.159999847412109,4.159999847412109,232.0
2024-10-25 11:50:00+00:00,SMCI,47.50849914550781,47.50849914550781,47.625099182128906,47.470001220703125,47.619998931884766,183730.0
2024-10-25 11:50:00+00:00,SMTC,45.7599983215332,45.7599983215332,45.849998474121094,45.709999084472656,45.709999084472656,2652.0
2024-10-25 11:50:00+00:00,SOBR,7.710000038146973,7.710000038146973,7.710000038146973,7.710000038146973,7.710000038146973,5339.0
2024-10-25 11:50:00+00:00,SONO,12.835000038146973,12.835000038146973,12.835000038146973,12.835000038146973,12.835000038146973,1004.0
2024-10-25 11:50:00+00:00,SOUN,5.289999961853027,5.289999961853027,5.299900054931641,5.289999961853027,5.295000076293945,20040.0
2024-10-25 11:50:00+00:00,SSNC,69.79989624023438,69.79989624023438,69.80999755859375,69.7300033569336,69.80999755859375,10521.0
2024-10-25 11:50:00+00:00,SSYS,7.150000095367432,7.150000095367432,7.150000095367432,7.150000095367432,7.150000095367432,289.0
2024-10-25 11:50:00+00:00,STNE,11.475000381469727,11.475000381469727,11.475000381469727,11.470000267028809,11.470000267028809,2249.0
2024-10-25 11:50:00+00:00,STX,104.5250015258789,104.5250015258789,104.55500030517578,104.4800033569336,104.55000305175781,4258.0
2024-10-25 11:50:00+00:00,SURG,1.75,1.75,1.75,1.75,1.75,500.0
2024-10-25 11:50:00+00:00,SWKS,96.4000015258789,96.4000015258789,96.45999908447266,96.38999938964844,96.45999908447266,1841.0
2024-10-25 11:50:00+00:00,SYTA,1.2694000005722046,1.2694000005722046,1.2694000005722046,1.2599999904632568,1.2599999904632568,319.0
2024-10-25 11:50:00+00:00,TAIT,2.808000087738037,2.808000087738037,2.808000087738037,2.808000087738037,2.808000087738037,2551.0
2024-10-25 11:50:00+00:00,TAOP,0.46470001339912415,0.46470001339912415,0.46470001339912415,0.46470001339912415,0.46470001339912415,1000.0
2024-10-25 11:50:00+00:00,TEAM,190.27999877929688,190.27999877929688,190.27999877929688,190.27999877929688,190.27999877929688,316.0
2024-10-25 11:50:00+00:00,TENB,41.720001220703125,41.720001220703125,41.720001220703125,41.689998626708984,41.689998626708984,756.0
2024-10-25 11:50:00+00:00,TER,113.07499694824219,113.07499694824219,113.12999725341797,113.02999877929688,113.05000305175781,9790.0
2024-10-25 11:50:00+00:00,TRMB,61.029998779296875,61.029998779296875,61.029998779296875,61.029998779296875,61.029998779296875,280.0
2024-10-25 11:50:00+00:00,TSEM,45.0,45.0,45.0,45.0,45.0,1018.0
2024-10-25 11:50:00+00:00,TTD,119.58000183105469,119.58000183105469,119.75,119.58000183105469,119.75,2062.0
2024-10-25 11:50:00+00:00,TTEC,5.389999866485596,5.389999866485596,5.400000095367432,5.389999866485596,5.400000095367432,2091.0
2024-10-25 11:50:00+00:00,TTMI,19.6299991607666,19.6299991607666,19.6299991607666,19.6299991607666,19.6299991607666,215.0
2024-10-25 11:50:00+00:00,TWKS,4.449999809265137,4.449999809265137,4.454999923706055,4.449999809265137,4.449999809265137,2096.0
2024-10-25 11:50:00+00:00,TXN,208.50999450683594,208.50999450683594,208.52000427246094,208.46499633789062,208.52000427246094,2938.0
2024-10-25 11:50:00+00:00,UCTT,36.2400016784668,36.2400016784668,36.2400016784668,36.2400016784668,36.2400016784668,296.0
2024-10-25 11:50:00+00:00,VERX,42.209999084472656,42.209999084472656,42.2400016784668,42.209999084472656,42.2400016784668,546.0
2024-10-25 11:50:00+00:00,VIAV,9.204999923706055,9.204999923706055,9.204999923706055,9.204999923706055,9.204999923706055,1604.0
2024-10-25 11:50:00+00:00,VMEO,4.75,4.75,4.751500129699707,4.75,4.751500129699707,1214.0
2024-10-25 11:50:00+00:00,VNET,3.4800000190734863,3.4800000190734863,3.4800000190734863,3.4800000190734863,3.4800000190734863,237.0
2024-10-25 11:50:00+00:00,VRNS,56.73500061035156,56.73500061035156,56.7599983215332,56.720001220703125,56.7599983215332,1192.0
2024-10-25 11:50:00+00:00,VRSN,186.97500610351562,186.97500610351562,187.05499267578125,186.97500610351562,187.05499267578125,1441.0
2024-10-25 11:50:00+00:00,VSAT,10.399999618530273,10.399999618530273,10.399999618530273,10.375,10.375,1984.0
2024-10-25 11:50:00+00:00,VUZI,1.3200000524520874,1.3200000524520874,1.3200000524520874,1.3200000524520874,1.3200000524520874,616.0
2024-10-25 11:50:00+00:00,WALD,3.6700000762939453,3.6700000762939453,3.6700000762939453,3.6700000762939453,3.6700000762939453,103.0
2024-10-25 11:50:00+00:00,WDAY,240.10000610351562,240.10000610351562,240.2899932861328,240.10000610351562,240.24000549316406,2995.0
2024-10-25 11:50:00+00:00,WDC,71.68000030517578,71.68000030517578,71.88410186767578,71.66999816894531,71.87999725341797,29688.0
2024-10-25 11:50:00+00:00,WISA,1.840000033378601,1.840000033378601,1.840000033378601,1.840000033378601,1.840000033378601,100.0
2024-10-25 11:50:00+00:00,WRAP,1.8003000020980835,1.8003000020980835,1.8003000020980835,1.8003000020980835,1.8003000020980835,1150.0
2024-10-25 11:50:00+00:00,XRX,10.140000343322754,10.140000343322754,10.140000343322754,10.140000343322754,10.140000343322754,868.0
2024-10-25 11:50:00+00:00,ZBRA,363.5199890136719,363.5199890136719,363.5199890136719,363.5199890136719,363.5199890136719,394.0
2024-10-25 11:50:00+00:00,ZI,10.515000343322754,10.515000343322754,10.53499984741211,10.510000228881836,10.53499984741211,14560.0
2024-10-25 11:50:00+00:00,ZM,73.05500030517578,73.05500030517578,73.0999984741211,73.05500030517578,73.0999984741211,4202.0
2024-10-25 11:50:00+00:00,ZS,186.32000732421875,186.32000732421875,186.3800048828125,186.25,186.3800048828125,2151.0
2024-10-25 11:51:00+00:00,AAOI,18.197200775146484,18.197200775146484,18.200000762939453,18.190000534057617,18.190000534057617,1493.0
2024-10-25 11:51:00+00:00,AAPL,231.9199981689453,231.9199981689453,232.15989685058594,231.8800048828125,232.1199951171875,83701.0
2024-10-25 11:51:00+00:00,ACIW,48.880001068115234,48.880001068115234,48.96500015258789,48.880001068115234,48.91999816894531,13605.0
2024-10-25 11:51:00+00:00,ACMR,19.850000381469727,19.850000381469727,19.861000061035156,19.850000381469727,19.861000061035156,544.0
2024-10-25 11:51:00+00:00,ADBE,484.4800109863281,484.4800109863281,484.67999267578125,484.4800109863281,484.67999267578125,2562.0
2024-10-25 11:51:00+00:00,ADI,233.25999450683594,233.25999450683594,233.35000610351562,233.25999450683594,233.35000610351562,1373.0
2024-10-25 11:51:00+00:00,ADSK,286.57000732421875,286.57000732421875,286.8299865722656,286.57000732421875,286.8299865722656,643.0
2024-10-25 11:51:00+00:00,AEHR,16.954999923706055,16.954999923706055,16.989999771118164,16.954999923706055,16.989999771118164,1761.0
2024-10-25 11:51:00+00:00,AEYE,23.0,23.0,23.0,23.0,23.0,228.0
2024-10-25 11:51:00+00:00,AFRM,41.63199996948242,41.63199996948242,41.65999984741211,41.6150016784668,41.63999938964844,11687.0
2024-10-25 11:51:00+00:00,AIP,6.949999809265137,6.949999809265137,6.949999809265137,6.949999809265137,6.949999809265137,260.0
2024-10-25 11:51:00+00:00,AKAM,103.25,103.25,103.29000091552734,103.25,103.29000091552734,1790.0
2024-10-25 11:51:00+00:00,AKTS,0.057100001722574234,0.057100001722574234,0.057100001722574234,0.05649999901652336,0.057100001722574234,267644.0
2024-10-25 11:51:00+00:00,ALGM,22.790000915527344,22.790000915527344,22.799999237060547,22.770000457763672,22.799999237060547,3309.0
2024-10-25 11:51:00+00:00,ALKT,38.064998626708984,38.064998626708984,38.099998474121094,38.04999923706055,38.04999923706055,1782.0
2024-10-25 11:51:00+00:00,ALRM,54.779998779296875,54.779998779296875,54.779998779296875,54.779998779296875,54.779998779296875,160.0
2024-10-25 11:51:00+00:00,ALTR,104.22000122070312,104.22000122070312,104.22000122070312,104.22000122070312,104.22000122070312,604.0
2024-10-25 11:51:00+00:00,AMAT,187.6999969482422,187.6999969482422,187.77000427246094,187.63499450683594,187.76499938964844,6938.0
2024-10-25 11:51:00+00:00,AMD,157.6999969482422,157.6999969482422,157.8300018310547,157.6699981689453,157.8249969482422,84763.0
2024-10-25 11:51:00+00:00,AMKR,30.094999313354492,30.094999313354492,30.1200008392334,30.090099334716797,30.1200008392334,2860.0
2024-10-25 11:51:00+00:00,AMPL,9.229999542236328,9.229999542236328,9.229999542236328,9.229999542236328,9.229999542236328,163.0
2024-10-25 11:51:00+00:00,ANSS,325.739990234375,325.739990234375,326.19000244140625,325.7120056152344,326.19000244140625,2720.0
2024-10-25 11:51:00+00:00,API,2.8350000381469727,2.8350000381469727,2.8350000381469727,2.8299999237060547,2.8299999237060547,3072.0
2024-10-25 11:51:00+00:00,APP,161.99000549316406,161.99000549316406,162.10499572753906,161.9499969482422,162.07000732421875,1762.0
2024-10-25 11:51:00+00:00,APPF,215.1085968017578,215.1085968017578,215.4199981689453,214.9600067138672,215.4199981689453,2101.0
2024-10-25 11:51:00+00:00,APPN,32.230098724365234,32.230098724365234,32.230098724365234,32.230098724365234,32.230098724365234,497.0
2024-10-25 11:51:00+00:00,APPS,3.0950000286102295,3.0950000286102295,3.0950000286102295,3.0950000286102295,3.0950000286102295,640.0
2024-10-25 11:51:00+00:00,ARRY,6.565000057220459,6.565000057220459,6.570000171661377,6.52400016784668,6.525000095367432,60096.0
2024-10-25 11:51:00+00:00,ASML,716.9000244140625,716.9000244140625,717.14501953125,716.9000244140625,717.14501953125,1826.0
2024-10-25 11:51:00+00:00,ATOM,3.3550000190734863,3.3550000190734863,3.3550000190734863,3.3550000190734863,3.3550000190734863,200.0
2024-10-25 11:51:00+00:00,AUR,6.440000057220459,6.440000057220459,6.454999923706055,6.440000057220459,6.449999809265137,2738.0
2024-10-25 11:51:00+00:00,AVGO,176.05999755859375,176.05999755859375,176.3300018310547,176.02999877929688,176.3300018310547,17187.0
2024-10-25 11:51:00+00:00,AVNW,21.05500030517578,21.05500030517578,21.05500030517578,21.05500030517578,21.05500030517578,110.0
2024-10-25 11:51:00+00:00,AVPT,12.02400016784668,12.02400016784668,12.02400016784668,12.02400016784668,12.02400016784668,2281.0
2024-10-25 11:51:00+00:00,AVT,54.2599983215332,54.2599983215332,54.29499816894531,54.2599983215332,54.29499816894531,842.0
2024-10-25 11:51:00+00:00,BASE,16.43000030517578,16.43000030517578,16.43000030517578,16.43000030517578,16.43000030517578,410.0
2024-10-25 11:51:00+00:00,BCOV,2.25,2.25,2.25,2.25,2.25,970.0
2024-10-25 11:51:00+00:00,BIGC,5.301000118255615,5.301000118255615,5.301000118255615,5.300000190734863,5.300000190734863,376.0
2024-10-25 11:51:00+00:00,BL,56.349998474121094,56.349998474121094,56.349998474121094,56.33000183105469,56.33000183105469,2859.0
2024-10-25 11:51:00+00:00,BMBL,7.260000228881836,7.260000228881836,7.264999866485596,7.260000228881836,7.264999866485596,605.0
2024-10-25 11:51:00+00:00,BRZE,30.7450008392334,30.7450008392334,30.7450008392334,30.739999771118164,30.739999771118164,223.0
2024-10-25 11:51:00+00:00,BSY,49.20000076293945,49.20000076293945,49.20500183105469,49.16999816894531,49.20500183105469,1900.0
2024-10-25 11:51:00+00:00,CDNS,259.5899963378906,259.5899963378906,259.81500244140625,259.5899963378906,259.81500244140625,3562.0
2024-10-25 11:51:00+00:00,CDW,219.1999969482422,219.1999969482422,219.42999267578125,219.17999267578125,219.42999267578125,2183.0
2024-10-25 11:51:00+00:00,CETX,0.2969000041484833,0.2969000041484833,0.2969000041484833,0.2969000041484833,0.2969000041484833,208.0
2024-10-25 11:51:00+00:00,CFLT,22.700000762939453,22.700000762939453,22.713899612426758,22.690000534057617,22.700000762939453,3680.0
2024-10-25 11:51:00+00:00,CGNT,6.639999866485596,6.639999866485596,6.639999866485596,6.639999866485596,6.639999866485596,1242.0
2024-10-25 11:51:00+00:00,CGNX,39.11000061035156,39.11000061035156,39.11000061035156,39.11000061035156,39.11000061035156,467.0
2024-10-25 11:51:00+00:00,CHKP,207.25999450683594,207.25999450683594,207.25999450683594,207.25999450683594,207.25999450683594,1656.0
2024-10-25 11:51:00+00:00,CLBT,18.1200008392334,18.1200008392334,18.1200008392334,18.1200008392334,18.1200008392334,513.0
2024-10-25 11:51:00+00:00,CLFD,36.47999954223633,36.47999954223633,36.47999954223633,36.47999954223633,36.47999954223633,560.0
2024-10-25 11:51:00+00:00,CLSK,11.765600204467773,11.765600204467773,11.836000442504883,11.765000343322754,11.836000442504883,184475.0
2024-10-25 11:51:00+00:00,CMTL,3.7049999237060547,3.7049999237060547,3.7149999141693115,3.7039999961853027,3.7100000381469727,1035.0
2024-10-25 11:51:00+00:00,CNDT,3.6600000858306885,3.6600000858306885,3.6600000858306885,3.6600000858306885,3.6600000858306885,599.0
2024-10-25 11:51:00+00:00,CNXC,45.029998779296875,45.029998779296875,45.029998779296875,45.029998779296875,45.029998779296875,426.0
2024-10-25 11:51:00+00:00,COHR,95.30999755859375,95.30999755859375,95.43000030517578,95.2699966430664,95.39720153808594,4821.0
2024-10-25 11:51:00+00:00,COHU,26.200000762939453,26.200000762939453,26.200000762939453,26.200000762939453,26.200000762939453,465.0
2024-10-25 11:51:00+00:00,COIN,208.81199645996094,208.81199645996094,210.1999969482422,208.66000366210938,210.1999969482422,74098.0
2024-10-25 11:51:00+00:00,COMM,6.355000019073486,6.355000019073486,6.355000019073486,6.355000019073486,6.355000019073486,635.0
2024-10-25 11:51:00+00:00,CORZ,13.217700004577637,13.217700004577637,13.25,13.210200309753418,13.25,25817.0
2024-10-25 11:51:00+00:00,CORZW,7.710000038146973,7.710000038146973,7.75,7.710000038146973,7.75,2400.0
2024-10-25 11:51:00+00:00,CRCT,6.565000057220459,6.565000057220459,6.579999923706055,6.565000057220459,6.579999923706055,509.0
2024-10-25 11:51:00+00:00,CRDO,39.8849983215332,39.8849983215332,39.93000030517578,39.8849983215332,39.904998779296875,2072.0
2024-10-25 11:51:00+00:00,CRNC,2.9049999713897705,2.9049999713897705,2.9100000858306885,2.9049999713897705,2.9100000858306885,1626.0
2024-10-25 11:51:00+00:00,CRUS,123.53500366210938,123.53500366210938,123.58499908447266,123.52999877929688,123.52999877929688,1461.0
2024-10-25 11:51:00+00:00,CRWD,309.1300048828125,309.1300048828125,309.1300048828125,308.7984924316406,308.9549865722656,2649.0
2024-10-25 11:51:00+00:00,CSCO,55.958499908447266,55.958499908447266,55.97999954223633,55.958499908447266,55.97999954223633,6814.0
2024-10-25 11:51:00+00:00,CSIQ,13.765000343322754,13.765000343322754,13.770000457763672,13.75,13.75,2994.0
2024-10-25 11:51:00+00:00,CTLP,8.930000305175781,8.930000305175781,8.931500434875488,8.930000305175781,8.930100440979004,1643.0
2024-10-25 11:51:00+00:00,CTSH,74.80000305175781,74.80000305175781,74.83000183105469,74.80000305175781,74.80000305175781,5821.0
2024-10-25 11:51:00+00:00,CVLT,134.27999877929688,134.27999877929688,134.38999938964844,134.27999877929688,134.38999938964844,1173.0
2024-10-25 11:51:00+00:00,DATS,1.5999000072479248,1.5999000072479248,1.5999000072479248,1.5999000072479248,1.5999000072479248,2000.0
2024-10-25 11:51:00+00:00,DBX,25.9950008392334,25.9950008392334,25.9950008392334,25.979999542236328,25.985000610351562,7621.0
2024-10-25 11:51:00+00:00,DDOG,127.16000366210938,127.16000366210938,127.23999786376953,127.12999725341797,127.1500015258789,9243.0
2024-10-25 11:51:00+00:00,DGHI,1.5491000413894653,1.5491000413894653,1.5494999885559082,1.5470000505447388,1.5470000505447388,1102.0
2024-10-25 11:51:00+00:00,DOCU,70.06999969482422,70.06999969482422,70.13999938964844,70.04000091552734,70.13999938964844,8449.0
2024-10-25 11:51:00+00:00,DOX,89.6500015258789,89.6500015258789,89.6500015258789,89.58000183105469,89.58000183105469,1080.0
2024-10-25 11:51:00+00:00,DUOL,288.79998779296875,288.79998779296875,288.79998779296875,288.7300109863281,288.7300109863281,3966.0
2024-10-25 11:51:00+00:00,EEFT,100.70999908447266,100.70999908447266,100.70999908447266,100.70999908447266,100.70999908447266,278.0
2024-10-25 11:51:00+00:00,EMKR,2.130000114440918,2.130000114440918,2.130000114440918,2.130000114440918,2.130000114440918,1157.0
2024-10-25 11:51:00+00:00,ENPH,83.9000015258789,83.9000015258789,83.95500183105469,83.82060241699219,83.83999633789062,13032.0
2024-10-25 11:51:00+00:00,ENTG,105.75,105.75,105.77870178222656,105.75,105.77870178222656,1834.0
2024-10-25 11:51:00+00:00,ERIC,8.484999656677246,8.484999656677246,8.484999656677246,8.484999656677246,8.484999656677246,8602.0
2024-10-25 11:51:00+00:00,EXFY,1.715000033378601,1.715000033378601,1.715000033378601,1.715000033378601,1.715000033378601,3354.0
2024-10-25 11:51:00+00:00,EXLS,38.97999954223633,38.97999954223633,38.97999954223633,38.97999954223633,38.97999954223633,1526.0
2024-10-25 11:51:00+00:00,EXTR,14.46500015258789,14.46500015258789,14.475000381469727,14.46500015258789,14.475000381469727,1556.0
2024-10-25 11:51:00+00:00,FFIV,216.6750030517578,216.6750030517578,216.7100067138672,216.6750030517578,216.7100067138672,706.0
2024-10-25 11:51:00+00:00,FIVN,30.399999618530273,30.399999618530273,30.399999618530273,30.399999618530273,30.399999618530273,984.0
2024-10-25 11:51:00+00:00,FLEX,35.369998931884766,35.369998931884766,35.369998931884766,35.34000015258789,35.34000015258789,5122.0
2024-10-25 11:51:00+00:00,FORM,45.189998626708984,45.189998626708984,45.189998626708984,45.189998626708984,45.189998626708984,359.0
2024-10-25 11:51:00+00:00,FROG,29.389999389648438,29.389999389648438,29.399999618530273,29.3799991607666,29.399999618530273,2166.0
2024-10-25 11:51:00+00:00,FRSH,11.680000305175781,11.680000305175781,11.6850004196167,11.680000305175781,11.6850004196167,1343.0
2024-10-25 11:51:00+00:00,FSLR,200.75540161132812,200.75540161132812,200.9499969482422,200.75540161132812,200.8699951171875,8125.0
2024-10-25 11:51:00+00:00,FTCI,0.6700000166893005,0.6700000166893005,0.6700000166893005,0.6700000166893005,0.6700000166893005,401.0
2024-10-25 11:51:00+00:00,FTNT,81.2300033569336,81.2300033569336,81.31999969482422,81.2300033569336,81.31500244140625,2421.0
2024-10-25 11:51:00+00:00,GCT,24.93000030517578,24.93000030517578,24.93000030517578,24.920000076293945,24.920000076293945,358.0
2024-10-25 11:51:00+00:00,GDYN,15.579999923706055,15.579999923706055,15.579999923706055,15.579999923706055,15.579999923706055,553.0
2024-10-25 11:51:00+00:00,GFS,41.279998779296875,41.279998779296875,41.349998474121094,41.279998779296875,41.349998474121094,3233.0
2024-10-25 11:51:00+00:00,GPRO,1.340000033378601,1.340000033378601,1.340000033378601,1.340000033378601,1.340000033378601,614.0
2024-10-25 11:51:00+00:00,GRAB,4.085000038146973,4.085000038146973,4.090000152587891,4.085000038146973,4.090000152587891,6288.0
2024-10-25 11:51:00+00:00,GTLB,55.720001220703125,55.720001220703125,55.775001525878906,55.720001220703125,55.7599983215332,1497.0
2024-10-25 11:51:00+00:00,HLIT,14.795000076293945,14.795000076293945,14.795000076293945,14.795000076293945,14.795000076293945,822.0
2024-10-25 11:51:00+00:00,HOLO,3.6198999881744385,3.6198999881744385,3.625,3.618499994277954,3.618499994277954,3932.0
2024-10-25 11:51:00+00:00,HOOD,27.26140022277832,27.26140022277832,27.309999465942383,27.26140022277832,27.309999465942383,25265.0
2024-10-25 11:51:00+00:00,IMMR,8.770000457763672,8.770000457763672,8.770000457763672,8.770000457763672,8.770000457763672,934.0
2024-10-25 11:51:00+00:00,INDI,3.575000047683716,3.575000047683716,3.575000047683716,3.575000047683716,3.575000047683716,514.0
2024-10-25 11:51:00+00:00,INFN,6.795000076293945,6.795000076293945,6.795000076293945,6.789999961853027,6.795000076293945,806.0
2024-10-25 11:51:00+00:00,INOD,19.782499313354492,19.782499313354492,19.782499313354492,19.782499313354492,19.782499313354492,278.0
2024-10-25 11:51:00+00:00,INTA,49.900001525878906,49.900001525878906,49.900001525878906,49.900001525878906,49.900001525878906,512.0
2024-10-25 11:51:00+00:00,INTC,23.096200942993164,23.096200942993164,23.1200008392334,23.09000015258789,23.1200008392334,79186.0
2024-10-25 11:51:00+00:00,INTU,610.3300170898438,610.3300170898438,610.6849975585938,610.1900024414062,610.52001953125,1085.0
2024-10-25 11:51:00+00:00,IPGP,76.91999816894531,76.91999816894531,76.91999816894531,76.91999816894531,76.91999816894531,451.0
2024-10-25 11:51:00+00:00,ITRI,103.05999755859375,103.05999755859375,103.05999755859375,103.05999755859375,103.05999755859375,520.0
2024-10-25 11:51:00+00:00,KC,2.7200000286102295,2.7200000286102295,2.7200000286102295,2.7200000286102295,2.7200000286102295,242.0
2024-10-25 11:51:00+00:00,KLAC,680.5198974609375,680.5198974609375,680.5198974609375,680.2449951171875,680.2449951171875,696.0
2024-10-25 11:51:00+00:00,LINK,4.599999904632568,4.599999904632568,4.599999904632568,4.599999904632568,4.599999904632568,0.0
2024-10-25 11:51:00+00:00,LITE,64.38999938964844,64.38999938964844,64.4800033569336,64.38999938964844,64.4800033569336,872.0
2024-10-25 11:51:00+00:00,LOGI,81.12000274658203,81.12000274658203,81.12000274658203,81.12000274658203,81.12000274658203,270.0
2024-10-25 11:51:00+00:00,LRCX,78.84200286865234,78.84200286865234,78.94000244140625,78.84200286865234,78.91999816894531,13261.0
2024-10-25 11:51:00+00:00,LSCC,54.185001373291016,54.185001373291016,54.26499938964844,54.185001373291016,54.22999954223633,4164.0
2024-10-25 11:51:00+00:00,LTRX,4.014999866485596,4.014999866485596,4.019999980926514,4.014999866485596,4.019999980926514,600.0
2024-10-25 11:51:00+00:00,LYFT,13.864999771118164,13.864999771118164,13.869999885559082,13.84000015258789,13.850000381469727,155299.0
2024-10-25 11:51:00+00:00,MANH,275.44500732421875,275.44500732421875,275.44500732421875,275.44500732421875,275.44500732421875,564.0
2024-10-25 11:51:00+00:00,MCHP,77.01000213623047,77.01000213623047,77.08000183105469,77.00499725341797,77.08000183105469,7085.0
2024-10-25 11:51:00+00:00,MDB,266.6499938964844,266.6499938964844,266.94500732421875,266.6499938964844,266.94500732421875,902.0
2024-10-25 11:51:00+00:00,MINM,0.6499999761581421,0.6499999761581421,0.6499999761581421,0.6499999761581421,0.6499999761581421,1000.0
2024-10-25 11:51:00+00:00,MKSI,101.08999633789062,101.08999633789062,101.08999633789062,101.08000183105469,101.08999633789062,415.0
2024-10-25 11:51:00+00:00,MNDY,300.1700134277344,300.1700134277344,300.239990234375,300.1700134277344,300.239990234375,1147.0
2024-10-25 11:51:00+00:00,MPWR,916.9500122070312,916.9500122070312,917.2753295898438,915.8129272460938,916.64501953125,3095.0
2024-10-25 11:51:00+00:00,MQ,5.260000228881836,5.260000228881836,5.264999866485596,5.260000228881836,5.264999866485596,8726.0
2024-10-25 11:51:00+00:00,MRAM,6.340000152587891,6.340000152587891,6.340000152587891,6.340000152587891,6.340000152587891,260.0
2024-10-25 11:51:00+00:00,MRVL,82.5999984741211,82.5999984741211,82.68000030517578,82.5999984741211,82.67500305175781,14654.0
2024-10-25 11:51:00+00:00,MSFT,429.739990234375,429.739990234375,430.1080017089844,429.7200012207031,430.0350036621094,33330.0
2024-10-25 11:51:00+00:00,MSTR,238.852294921875,238.852294921875,240.32000732421875,238.4199981689453,240.3000030517578,70621.0
2024-10-25 11:51:00+00:00,MTC,0.3686000108718872,0.3686000108718872,0.3686000108718872,0.3686000108718872,0.3686000108718872,1052.0
2024-10-25 11:51:00+00:00,MTLS,5.960000038146973,5.960000038146973,5.960000038146973,5.960000038146973,5.960000038146973,771.0
2024-10-25 11:51:00+00:00,MTSI,120.01000213623047,120.01000213623047,120.11000061035156,119.9000015258789,120.11000061035156,3500.0
2024-10-25 11:51:00+00:00,MU,109.06999969482422,109.06999969482422,109.19000244140625,109.06999969482422,109.19000244140625,15939.0
2024-10-25 11:51:00+00:00,MVIS,1.100000023841858,1.100000023841858,1.100000023841858,1.090499997138977,1.100000023841858,5309.0
2024-10-25 11:51:00+00:00,MXL,14.989999771118164,14.989999771118164,15.010000228881836,14.989999771118164,15.010000228881836,9229.0
2024-10-25 11:51:00+00:00,NCNO,37.772499084472656,37.772499084472656,37.81999969482422,37.772499084472656,37.81999969482422,1593.0
2024-10-25 11:51:00+00:00,NICE,176.4600067138672,176.4600067138672,176.4600067138672,176.4600067138672,176.4600067138672,238.0
2024-10-25 11:51:00+00:00,NNDM,2.3299999237060547,2.3299999237060547,2.3299999237060547,2.3299999237060547,2.3299999237060547,5062.0
2024-10-25 11:51:00+00:00,NSIT,209.61000061035156,209.61000061035156,209.61000061035156,209.61000061035156,209.61000061035156,1476.0
2024-10-25 11:51:00+00:00,NTAP,120.3499984741211,120.3499984741211,120.3499984741211,120.3499984741211,120.3499984741211,1205.0
2024-10-25 11:51:00+00:00,NTNX,62.45399856567383,62.45399856567383,62.459999084472656,62.45399856567383,62.459999084472656,603.0
2024-10-25 11:51:00+00:00,NVDA,143.67999267578125,143.67999267578125,143.77999877929688,143.64999389648438,143.72000122070312,289566.0
2024-10-25 11:51:00+00:00,NVEI,33.525001525878906,33.525001525878906,33.525001525878906,33.525001525878906,33.525001525878906,359.0
2024-10-25 11:51:00+00:00,NVMI,184.55499267578125,184.55499267578125,184.55499267578125,184.5,184.5,805.0
2024-10-25 11:51:00+00:00,NVTS,2.589900016784668,2.589900016784668,2.589900016784668,2.589900016784668,2.589900016784668,286.0
2024-10-25 11:51:00+00:00,NXPI,244.41000366210938,244.41000366210938,244.58999633789062,244.41000366210938,244.58999633789062,2793.0
2024-10-25 11:51:00+00:00,OKTA,72.68000030517578,72.68000030517578,72.70999908447266,72.68000030517578,72.70999908447266,1033.0
2024-10-25 11:51:00+00:00,OLED,203.5399932861328,203.5399932861328,203.5399932861328,203.5399932861328,203.5399932861328,779.0
2024-10-25 11:51:00+00:00,ON,71.80999755859375,71.80999755859375,71.93000030517578,71.80999755859375,71.9000015258789,16090.0
2024-10-25 11:51:00+00:00,PANW,369.0,369.0,369.0892028808594,369.0,369.0892028808594,1552.0
2024-10-25 11:51:00+00:00,PAYO,8.289999961853027,8.289999961853027,8.289999961853027,8.289999961853027,8.289999961853027,584.0
2024-10-25 11:51:00+00:00,PDFS,29.510000228881836,29.510000228881836,29.510000228881836,29.510000228881836,29.510000228881836,279.0
2024-10-25 11:51:00+00:00,PEGA,80.68499755859375,80.68499755859375,80.68499755859375,80.68499755859375,80.68499755859375,622.0
2024-10-25 11:51:00+00:00,PEGY,4.769999980926514,4.769999980926514,4.769999980926514,4.769999980926514,4.769999980926514,323.0
2024-10-25 11:51:00+00:00,PGY,11.800000190734863,11.800000190734863,11.8100004196167,11.789999961853027,11.8100004196167,2008.0
2024-10-25 11:51:00+00:00,PHUN,10.031499862670898,10.031499862670898,10.100000381469727,10.029999732971191,10.08899974822998,25559.0
2024-10-25 11:51:00+00:00,PI,204.8800048828125,204.8800048828125,205.1999969482422,204.66000366210938,205.1999969482422,2383.0
2024-10-25 11:51:00+00:00,POWI,63.86000061035156,63.86000061035156,63.8650016784668,63.86000061035156,63.8650016784668,462.0
2024-10-25 11:51:00+00:00,PRCH,1.3350000381469727,1.3350000381469727,1.3350000381469727,1.3299000263214111,1.3299000263214111,4348.0
2024-10-25 11:51:00+00:00,PRGS,64.81999969482422,64.81999969482422,64.81999969482422,64.81999969482422,64.81999969482422,959.0
2024-10-25 11:51:00+00:00,PTC,186.57000732421875,186.57000732421875,186.6699981689453,186.55999755859375,186.6699981689453,1611.0
2024-10-25 11:51:00+00:00,PYCR,14.354999542236328,14.354999542236328,14.354999542236328,14.354999542236328,14.354999542236328,183.0
2024-10-25 11:51:00+00:00,QCOM,172.4499053955078,172.4499053955078,172.60000610351562,172.39999389648438,172.60000610351562,7706.0
2024-10-25 11:51:00+00:00,QRVO,100.08000183105469,100.08000183105469,100.12999725341797,100.08000183105469,100.12999725341797,2093.0
2024-10-25 11:51:00+00:00,QUBT,1.065000057220459,1.065000057220459,1.065000057220459,1.065000057220459,1.065000057220459,100.0
2024-10-25 11:51:00+00:00,RCAT,2.740799903869629,2.740799903869629,2.744999885559082,2.740799903869629,2.744999885559082,1020.0
2024-10-25 11:51:00+00:00,REKR,1.0958000421524048,1.0958000421524048,1.0958000421524048,1.0958000421524048,1.0958000421524048,484.0
2024-10-25 11:51:00+00:00,RELY,14.725000381469727,14.725000381469727,14.729999542236328,14.725000381469727,14.729999542236328,2264.0
2024-10-25 11:51:00+00:00,RGTI,1.2400000095367432,1.2400000095367432,1.2400000095367432,1.2301000356674194,1.2301000356674194,13830.0
2024-10-25 11:51:00+00:00,RIOT,9.990900039672852,9.990900039672852,10.045000076293945,9.990900039672852,10.045000076293945,86912.0
2024-10-25 11:51:00+00:00,RMBS,43.41999816894531,43.41999816894531,43.459999084472656,43.380001068115234,43.380001068115234,8560.0
2024-10-25 11:51:00+00:00,RMNI,1.725000023841858,1.725000023841858,1.7294000387191772,1.725000023841858,1.7294000387191772,5779.0
2024-10-25 11:51:00+00:00,RPAY,7.610000133514404,7.610000133514404,7.610000133514404,7.610000133514404,7.610000133514404,407.0
2024-10-25 11:51:00+00:00,RUM,5.826000213623047,5.826000213623047,5.826000213623047,5.820099830627441,5.820099830627441,891.0
2024-10-25 11:51:00+00:00,RUN,14.59000015258789,14.59000015258789,14.59000015258789,14.53499984741211,14.53499984741211,57906.0
2024-10-25 11:51:00+00:00,RXT,2.5471999645233154,2.5471999645233154,2.5471999645233154,2.5471999645233154,2.5471999645233154,516.0
2024-10-25 11:51:00+00:00,SANM,67.6500015258789,67.6500015258789,67.6500015258789,67.6500015258789,67.6500015258789,108.0
2024-10-25 11:51:00+00:00,SATS,25.239999771118164,25.239999771118164,25.239999771118164,25.239999771118164,25.239999771118164,562.0
2024-10-25 11:51:00+00:00,SEDG,16.149999618530273,16.149999618530273,16.149999618530273,16.110000610351562,16.114999771118164,20824.0
2024-10-25 11:51:00+00:00,SHLS,5.349999904632568,5.349999904632568,5.360000133514404,5.349999904632568,5.350100040435791,5468.0
2024-10-25 11:51:00+00:00,SKYT,10.680000305175781,10.680000305175781,10.6899995803833,10.680000305175781,10.6899995803833,1471.0
2024-10-25 11:51:00+00:00,SLAB,115.54499816894531,115.54499816894531,115.54499816894531,115.54499816894531,115.54499816894531,262.0
2024-10-25 11:51:00+00:00,SMCI,47.36000061035156,47.36000061035156,47.499298095703125,47.34000015258789,47.4900016784668,105784.0
2024-10-25 11:51:00+00:00,SMTC,45.81999969482422,45.81999969482422,45.81999969482422,45.720001220703125,45.7400016784668,985.0
2024-10-25 11:51:00+00:00,SNPS,503.5899963378906,503.5899963378906,503.5899963378906,503.5899963378906,503.5899963378906,738.0
2024-10-25 11:51:00+00:00,SONO,12.830100059509277,12.830100059509277,12.830100059509277,12.830100059509277,12.830100059509277,134.0
2024-10-25 11:51:00+00:00,SOUN,5.281700134277344,5.281700134277344,5.289999961853027,5.28000020980835,5.284999847412109,23691.0
2024-10-25 11:51:00+00:00,SPNS,36.73500061035156,36.73500061035156,36.73500061035156,36.73500061035156,36.73500061035156,543.0
2024-10-25 11:51:00+00:00,SPSC,173.38499450683594,173.38499450683594,173.38499450683594,173.38499450683594,173.38499450683594,3562.0
2024-10-25 11:51:00+00:00,SPT,27.2450008392334,27.2450008392334,27.2450008392334,27.2450008392334,27.2450008392334,383.0
2024-10-25 11:51:00+00:00,SRAD,12.369999885559082,12.369999885559082,12.369999885559082,12.359999656677246,12.359999656677246,500.0
2024-10-25 11:51:00+00:00,SSNC,69.69999694824219,69.69999694824219,69.76000213623047,69.69999694824219,69.76000213623047,5587.0
2024-10-25 11:51:00+00:00,SSYS,7.139999866485596,7.139999866485596,7.139999866485596,7.139999866485596,7.139999866485596,391.0
2024-10-25 11:51:00+00:00,STNE,11.470000267028809,11.470000267028809,11.475000381469727,11.470000267028809,11.475000381469727,2740.0
2024-10-25 11:51:00+00:00,STX,104.4000015258789,104.4000015258789,104.48999786376953,104.38009643554688,104.4800033569336,3663.0
2024-10-25 11:51:00+00:00,SWKS,96.375,96.375,96.41000366210938,96.375,96.41000366210938,1480.0
2024-10-25 11:51:00+00:00,SYNA,73.51000213623047,73.51000213623047,73.55999755859375,73.51000213623047,73.55999755859375,547.0
2024-10-25 11:51:00+00:00,SYTA,1.2699999809265137,1.2699999809265137,1.2699999809265137,1.2699999809265137,1.2699999809265137,974.0
2024-10-25 11:51:00+00:00,TACT,4.164999961853027,4.164999961853027,4.164999961853027,4.164999961853027,4.164999961853027,400.0
2024-10-25 11:51:00+00:00,TEAM,189.99000549316406,189.99000549316406,190.2100067138672,189.99000549316406,190.2100067138672,3397.0
2024-10-25 11:51:00+00:00,TENB,41.720001220703125,41.720001220703125,41.720001220703125,41.71500015258789,41.71500015258789,563.0
2024-10-25 11:51:00+00:00,TER,113.00499725341797,113.00499725341797,113.06500244140625,112.98999786376953,113.06500244140625,3148.0
2024-10-25 11:51:00+00:00,TSEM,44.939998626708984,44.939998626708984,45.002498626708984,44.939998626708984,45.002498626708984,1270.0
2024-10-25 11:51:00+00:00,TTD,119.57080078125,119.57080078125,119.63999938964844,119.54499816894531,119.55000305175781,5278.0
2024-10-25 11:51:00+00:00,TTMI,19.6299991607666,19.6299991607666,19.6299991607666,19.6299991607666,19.6299991607666,117.0
2024-10-25 11:51:00+00:00,TWKS,4.449999809265137,4.449999809265137,4.449999809265137,4.449999809265137,4.449999809265137,10106.0
2024-10-25 11:51:00+00:00,TXN,208.3800048828125,208.3800048828125,208.5,208.3800048828125,208.38999938964844,5695.0
2024-10-25 11:51:00+00:00,UCTT,36.220001220703125,36.220001220703125,36.220001220703125,36.20009994506836,36.20009994506836,598.0
2024-10-25 11:51:00+00:00,UPLD,2.180000066757202,2.180000066757202,2.180000066757202,2.180000066757202,2.180000066757202,615.0
2024-10-25 11:51:00+00:00,VECO,29.649999618530273,29.649999618530273,29.649999618530273,29.649999618530273,29.649999618530273,717.0
2024-10-25 11:51:00+00:00,VERI,3.4140000343322754,3.4140000343322754,3.424999952316284,3.4140000343322754,3.424999952316284,2802.0
2024-10-25 11:51:00+00:00,VMEO,4.75,4.75,4.760000228881836,4.75,4.760000228881836,265.0
2024-10-25 11:51:00+00:00,VNET,3.4800000190734863,3.4800000190734863,3.4800000190734863,3.4800000190734863,3.4800000190734863,166.0
2024-10-25 11:51:00+00:00,VRNS,56.720001220703125,56.720001220703125,56.7599983215332,56.709999084472656,56.709999084472656,1423.0
2024-10-25 11:51:00+00:00,VRNT,22.19379997253418,22.19379997253418,22.19379997253418,22.19379997253418,22.19379997253418,1052.0
2024-10-25 11:51:00+00:00,VRSN,186.85000610351562,186.85000610351562,186.85000610351562,186.8300018310547,186.85000610351562,1569.0
2024-10-25 11:51:00+00:00,VSAT,10.395000457763672,10.395000457763672,10.395000457763672,10.395000457763672,10.395000457763672,920.0
2024-10-25 11:51:00+00:00,VUZI,1.3200000524520874,1.3200000524520874,1.3200000524520874,1.3200000524520874,1.3200000524520874,387.0
2024-10-25 11:51:00+00:00,WDAY,240.0,240.0,240.15499877929688,240.0,240.15499877929688,1468.0
2024-10-25 11:51:00+00:00,WDC,71.73999786376953,71.73999786376953,71.82499694824219,71.7300033569336,71.73999786376953,15190.0
2024-10-25 11:51:00+00:00,WISA,1.8300000429153442,1.8300000429153442,1.840000033378601,1.8300000429153442,1.840000033378601,700.0
2024-10-25 11:51:00+00:00,WIX,164.94000244140625,164.94000244140625,164.94000244140625,164.94000244140625,164.94000244140625,872.0
2024-10-25 11:51:00+00:00,WRAP,1.809999942779541,1.809999942779541,1.809999942779541,1.809999942779541,1.809999942779541,0.0
2024-10-25 11:51:00+00:00,XRX,10.125,10.125,10.125,10.125,10.125,236.0
2024-10-25 11:51:00+00:00,ZBRA,363.7449951171875,363.7449951171875,363.7449951171875,363.7449951171875,363.7449951171875,899.0
2024-10-25 11:51:00+00:00,ZI,10.515000343322754,10.515000343322754,10.515000343322754,10.515000343322754,10.515000343322754,2115.0
2024-10-25 11:51:00+00:00,ZM,73.05000305175781,73.05000305175781,73.05000305175781,73.05000305175781,73.05000305175781,1201.0
2024-10-25 11:51:00+00:00,ZS,185.89500427246094,185.89500427246094,186.1999969482422,185.89500427246094,186.1999969482422,4262.0
2024-10-25 11:52:00+00:00,AAOI,18.170000076293945,18.170000076293945,18.170000076293945,18.170000076293945,18.170000076293945,910.0
2024-10-25 11:52:00+00:00,AAPL,231.82000732421875,231.82000732421875,231.89999389648438,231.75999450683594,231.89999389648438,43252.0
2024-10-25 11:52:00+00:00,ACIW,48.880001068115234,48.880001068115234,48.880001068115234,48.880001068115234,48.880001068115234,753.0
2024-10-25 11:52:00+00:00,ACLS,90.58000183105469,90.58000183105469,90.58999633789062,90.58000183105469,90.58999633789062,775.0
2024-10-25 11:52:00+00:00,ACMR,19.850000381469727,19.850000381469727,19.850000381469727,19.850000381469727,19.850000381469727,717.0
2024-10-25 11:52:00+00:00,ADBE,484.3479919433594,484.3479919433594,484.4700012207031,484.2650146484375,484.2650146484375,2491.0
2024-10-25 11:52:00+00:00,ADI,233.3000030517578,233.3000030517578,233.3000030517578,233.1649932861328,233.19000244140625,2911.0
2024-10-25 11:52:00+00:00,ADSK,286.5849914550781,286.5849914550781,286.5849914550781,286.5849914550781,286.5849914550781,881.0
2024-10-25 11:52:00+00:00,ADTN,6.389999866485596,6.389999866485596,6.394999980926514,6.389999866485596,6.394999980926514,573.0
2024-10-25 11:52:00+00:00,AEHR,16.940000534057617,16.940000534057617,16.95560073852539,16.93670082092285,16.95560073852539,2532.0
2024-10-25 11:52:00+00:00,AEYE,22.700000762939453,22.700000762939453,23.0,22.700000762939453,23.0,5113.0
2024-10-25 11:52:00+00:00,AFRM,41.62799835205078,41.62799835205078,41.65999984741211,41.619998931884766,41.63999938964844,10951.0
2024-10-25 11:52:00+00:00,AGYS,112.16000366210938,112.16000366210938,112.16000366210938,112.16000366210938,112.16000366210938,262.0
2024-10-25 11:52:00+00:00,AKTS,0.05810000002384186,0.05810000002384186,0.05810000002384186,0.057999998331069946,0.057999998331069946,119418.0
2024-10-25 11:52:00+00:00,ALGM,22.81999969482422,22.81999969482422,22.81999969482422,22.78499984741211,22.78499984741211,5343.0
2024-10-25 11:52:00+00:00,ALKT,38.05759811401367,38.05759811401367,38.05759811401367,38.05759811401367,38.05759811401367,687.0
2024-10-25 11:52:00+00:00,ALRM,54.79999923706055,54.79999923706055,54.79999923706055,54.79999923706055,54.79999923706055,236.0
2024-10-25 11:52:00+00:00,AMAT,187.6750030517578,187.6750030517578,187.67999267578125,187.52999877929688,187.6300048828125,31446.0
2024-10-25 11:52:00+00:00,AMBA,58.2599983215332,58.2599983215332,58.2599983215332,58.2599983215332,58.2599983215332,802.0
2024-10-25 11:52:00+00:00,AMD,157.73060607910156,157.73060607910156,157.75999450683594,157.60000610351562,157.68910217285156,74171.0
2024-10-25 11:52:00+00:00,AMKR,30.07900047302246,30.07900047302246,30.07900047302246,30.07900047302246,30.07900047302246,909.0
2024-10-25 11:52:00+00:00,AMPL,9.229999542236328,9.229999542236328,9.229999542236328,9.229999542236328,9.229999542236328,219.0
2024-10-25 11:52:00+00:00,ANY,1.0700000524520874,1.0700000524520874,1.0700000524520874,1.0700000524520874,1.0700000524520874,873.0
2024-10-25 11:52:00+00:00,API,2.8399999141693115,2.8399999141693115,2.8399999141693115,2.8350000381469727,2.8399999141693115,1776.0
2024-10-25 11:52:00+00:00,APP,161.69760131835938,161.69760131835938,161.97000122070312,161.64999389648438,161.97000122070312,3325.0
2024-10-25 11:52:00+00:00,APPS,3.0850000381469727,3.0850000381469727,3.090100049972534,3.0850000381469727,3.090100049972534,2633.0
2024-10-25 11:52:00+00:00,ARRY,6.565499782562256,6.565499782562256,6.570000171661377,6.559999942779541,6.565000057220459,5988.0
2024-10-25 11:52:00+00:00,ASML,716.5999755859375,716.5999755859375,716.6149291992188,716.5999755859375,716.6149291992188,1177.0
2024-10-25 11:52:00+00:00,AUDC,9.130000114440918,9.130000114440918,9.130000114440918,9.130000114440918,9.130000114440918,311.0
2024-10-25 11:52:00+00:00,AUR,6.429999828338623,6.429999828338623,6.440000057220459,6.429999828338623,6.440000057220459,8520.0
2024-10-25 11:52:00+00:00,AVDX,8.140000343322754,8.140000343322754,8.149999618530273,8.140000343322754,8.149999618530273,4142.0
2024-10-25 11:52:00+00:00,AVGO,175.96499633789062,175.96499633789062,176.05990600585938,175.88499450683594,176.03199768066406,20502.0
2024-10-25 11:52:00+00:00,AVNW,21.049999237060547,21.049999237060547,21.065000534057617,21.049999237060547,21.065000534057617,504.0
2024-10-25 11:52:00+00:00,AVPT,12.020000457763672,12.020000457763672,12.020000457763672,12.020000457763672,12.020000457763672,269.0
2024-10-25 11:52:00+00:00,AVT,54.25,54.25,54.25,54.25,54.25,1439.0
2024-10-25 11:52:00+00:00,BEEM,4.889999866485596,4.889999866485596,4.889999866485596,4.889999866485596,4.889999866485596,1066.0
2024-10-25 11:52:00+00:00,BIGC,5.300099849700928,5.300099849700928,5.300099849700928,5.300099849700928,5.300099849700928,881.0
2024-10-25 11:52:00+00:00,BLKB,85.88999938964844,85.88999938964844,85.88999938964844,85.88999938964844,85.88999938964844,205.0
2024-10-25 11:52:00+00:00,BMBL,7.239999771118164,7.239999771118164,7.25,7.239999771118164,7.25,696.0
2024-10-25 11:52:00+00:00,BRZE,30.7450008392334,30.7450008392334,30.7450008392334,30.7450008392334,30.7450008392334,629.0
2024-10-25 11:52:00+00:00,CAMP,11.0,11.0,11.0,11.0,11.0,143.0
2024-10-25 11:52:00+00:00,CAMT,78.23999786376953,78.23999786376953,78.25,78.23999786376953,78.23999786376953,2121.0
2024-10-25 11:52:00+00:00,CCSI,20.690000534057617,20.690000534057617,20.690000534057617,20.690000534057617,20.690000534057617,495.0
2024-10-25 11:52:00+00:00,CDNS,259.6953125,259.6953125,259.6953125,259.55499267578125,259.57501220703125,2175.0
2024-10-25 11:52:00+00:00,CDW,219.05999755859375,219.05999755859375,219.05999755859375,219.05999755859375,219.05999755859375,147.0
2024-10-25 11:52:00+00:00,CETX,0.29679998755455017,0.29679998755455017,0.29679998755455017,0.29679998755455017,0.29679998755455017,309.0
2024-10-25 11:52:00+00:00,CFLT,22.709999084472656,22.709999084472656,22.709999084472656,22.700000762939453,22.709999084472656,4966.0
2024-10-25 11:52:00+00:00,CGNT,6.650000095367432,6.650000095367432,6.650000095367432,6.6479997634887695,6.6479997634887695,1079.0
2024-10-25 11:52:00+00:00,CGNX,39.11000061035156,39.11000061035156,39.11000061035156,39.11000061035156,39.11000061035156,743.0
2024-10-25 11:52:00+00:00,CLSK,11.76990032196045,11.76990032196045,11.789999961853027,11.753999710083008,11.760000228881836,141729.0
2024-10-25 11:52:00+00:00,CNDT,3.6549999713897705,3.6549999713897705,3.6549999713897705,3.6549999713897705,3.6549999713897705,130.0
2024-10-25 11:52:00+00:00,CNXC,45.04499816894531,45.04499816894531,45.04499816894531,45.04499816894531,45.04499816894531,187.0
2024-10-25 11:52:00+00:00,COHR,95.18000030517578,95.18000030517578,95.30000305175781,95.1500015258789,95.2300033569336,4643.0
2024-10-25 11:52:00+00:00,COHU,26.260000228881836,26.260000228881836,26.260000228881836,26.200000762939453,26.200000762939453,2142.0
2024-10-25 11:52:00+00:00,COIN,208.64999389648438,208.64999389648438,209.0,208.27999877929688,208.84800720214844,44806.0
2024-10-25 11:52:00+00:00,COMM,6.34499979019165,6.34499979019165,6.349999904632568,6.341899871826172,6.349999904632568,2488.0
2024-10-25 11:52:00+00:00,CORZ,13.149999618530273,13.149999618530273,13.21500015258789,13.149999618530273,13.21500015258789,53557.0
2024-10-25 11:52:00+00:00,CRCT,6.570000171661377,6.570000171661377,6.570000171661377,6.565000057220459,6.565000057220459,506.0
2024-10-25 11:52:00+00:00,CRDO,39.875,39.875,39.875,39.83000183105469,39.83000183105469,2879.0
2024-10-25 11:52:00+00:00,CRNC,2.9049999713897705,2.9049999713897705,2.9100000858306885,2.9049999713897705,2.9100000858306885,903.0
2024-10-25 11:52:00+00:00,CRSR,6.429999828338623,6.429999828338623,6.429999828338623,6.429999828338623,6.429999828338623,1250.0
2024-10-25 11:52:00+00:00,CRWD,308.6400146484375,308.6400146484375,308.6499938964844,308.6400146484375,308.6434020996094,1922.0
2024-10-25 11:52:00+00:00,CSCO,55.94499969482422,55.94499969482422,55.959999084472656,55.93000030517578,55.95500183105469,11126.0
2024-10-25 11:52:00+00:00,CSGS,47.7599983215332,47.7599983215332,47.7599983215332,47.7599983215332,47.7599983215332,250.0
2024-10-25 11:52:00+00:00,CSIQ,13.739999771118164,13.739999771118164,13.760000228881836,13.720000267028809,13.760000228881836,4599.0
2024-10-25 11:52:00+00:00,CSPI,12.930000305175781,12.930000305175781,12.930000305175781,12.930000305175781,12.930000305175781,301.0
2024-10-25 11:52:00+00:00,CTSH,74.83999633789062,74.83999633789062,74.83999633789062,74.80000305175781,74.80000305175781,1711.0
2024-10-25 11:52:00+00:00,DAKT,13.119999885559082,13.119999885559082,13.119999885559082,13.119999885559082,13.119999885559082,101.0
2024-10-25 11:52:00+00:00,DATS,1.5995999574661255,1.5995999574661255,1.600000023841858,1.5995999574661255,1.600000023841858,0.0
2024-10-25 11:52:00+00:00,DBX,25.9950008392334,25.9950008392334,26.0049991607666,25.9950008392334,25.9950008392334,13495.0
2024-10-25 11:52:00+00:00,DDOG,127.19000244140625,127.19000244140625,127.19000244140625,127.13999938964844,127.16500091552734,3593.0
2024-10-25 11:52:00+00:00,DGHI,1.5440000295639038,1.5440000295639038,1.5440000295639038,1.5399999618530273,1.5399999618530273,1702.0
2024-10-25 11:52:00+00:00,DLO,8.805000305175781,8.805000305175781,8.819999694824219,8.805000305175781,8.819999694824219,1104.0
2024-10-25 11:52:00+00:00,DMRC,31.44499969482422,31.44499969482422,31.469999313354492,31.219999313354492,31.239999771118164,3430.0
2024-10-25 11:52:00+00:00,DOCU,70.08999633789062,70.08999633789062,70.12000274658203,70.04000091552734,70.06999969482422,3917.0
2024-10-25 11:52:00+00:00,DOMO,7.974999904632568,7.974999904632568,7.974999904632568,7.974999904632568,7.974999904632568,111.0
2024-10-25 11:52:00+00:00,DSGX,104.19000244140625,104.19000244140625,104.19000244140625,104.19000244140625,104.19000244140625,220.0
2024-10-25 11:52:00+00:00,DUOL,288.875,288.875,288.875,288.8299865722656,288.8299865722656,487.0
2024-10-25 11:52:00+00:00,EEFT,100.72000122070312,100.72000122070312,100.79000091552734,100.6500015258789,100.70999908447266,5299.0
2024-10-25 11:52:00+00:00,ENPH,83.73999786376953,83.73999786376953,83.9000015258789,83.65010070800781,83.9000015258789,13690.0
2024-10-25 11:52:00+00:00,ENTG,105.69000244140625,105.69000244140625,105.69000244140625,105.6500015258789,105.6500015258789,2892.0
2024-10-25 11:52:00+00:00,ERIC,8.489999771118164,8.489999771118164,8.489999771118164,8.479999542236328,8.479999542236328,25034.0
2024-10-25 11:52:00+00:00,EXFY,1.7200000286102295,1.7200000286102295,1.7200000286102295,1.7200000286102295,1.7200000286102295,117.0
2024-10-25 11:52:00+00:00,EXLS,38.97999954223633,38.97999954223633,38.97999954223633,38.97999954223633,38.97999954223633,270.0
2024-10-25 11:52:00+00:00,EXTR,14.46500015258789,14.46500015258789,14.46500015258789,14.460000038146973,14.460000038146973,515.0
2024-10-25 11:52:00+00:00,FEIM,12.305000305175781,12.305000305175781,12.305000305175781,12.305000305175781,12.305000305175781,7959.0
2024-10-25 11:52:00+00:00,FLEX,35.33639907836914,35.33639907836914,35.35499954223633,35.33639907836914,35.35499954223633,4671.0
2024-10-25 11:52:00+00:00,FLYW,17.485000610351562,17.485000610351562,17.489999771118164,17.485000610351562,17.489999771118164,1672.0
2024-10-25 11:52:00+00:00,FORM,45.154998779296875,45.154998779296875,45.154998779296875,45.13999938964844,45.13999938964844,860.0
2024-10-25 11:52:00+00:00,FRSH,11.675000190734863,11.675000190734863,11.675000190734863,11.675000190734863,11.675000190734863,387.0
2024-10-25 11:52:00+00:00,FSLR,200.6820068359375,200.6820068359375,200.91180419921875,200.67999267578125,200.91180419921875,5500.0
2024-10-25 11:52:00+00:00,FTFT,0.3066999912261963,0.3066999912261963,0.3109999895095825,0.3066999912261963,0.3109999895095825,8552.0
2024-10-25 11:52:00+00:00,FTNT,81.2300033569336,81.2300033569336,81.24500274658203,81.20999908447266,81.23999786376953,1881.0
2024-10-25 11:52:00+00:00,GCT,24.8799991607666,24.8799991607666,24.899999618530273,24.8799991607666,24.899999618530273,1847.0
2024-10-25 11:52:00+00:00,GFS,41.29999923706055,41.29999923706055,41.29999923706055,41.2400016784668,41.27000045776367,4456.0
2024-10-25 11:52:00+00:00,GPRO,1.3350000381469727,1.3350000381469727,1.3350000381469727,1.3350000381469727,1.3350000381469727,1904.0
2024-10-25 11:52:00+00:00,GRAB,4.085000038146973,4.085000038146973,4.085000038146973,4.085000038146973,4.085000038146973,2766.0
2024-10-25 11:52:00+00:00,GRRR,4.489999771118164,4.489999771118164,4.499899864196777,4.489999771118164,4.499899864196777,6507.0
2024-10-25 11:52:00+00:00,GTLB,55.66999816894531,55.66999816894531,55.72990036010742,55.66999816894531,55.72990036010742,1987.0
2024-10-25 11:52:00+00:00,HCP,33.70500183105469,33.70500183105469,33.70500183105469,33.70500183105469,33.70500183105469,1353.0
2024-10-25 11:52:00+00:00,HIMX,6.204999923706055,6.204999923706055,6.204999923706055,6.204999923706055,6.204999923706055,208.0
2024-10-25 11:52:00+00:00,HOLO,3.630000114440918,3.630000114440918,3.630000114440918,3.611999988555908,3.619999885559082,10608.0
2024-10-25 11:52:00+00:00,HOOD,27.229999542236328,27.229999542236328,27.270000457763672,27.229999542236328,27.270000457763672,53451.0
2024-10-25 11:52:00+00:00,HTCR,1.0700000524520874,1.0700000524520874,1.0700000524520874,1.0700000524520874,1.0700000524520874,200.0
2024-10-25 11:52:00+00:00,IBEX,18.09000015258789,18.09000015258789,18.09000015258789,18.09000015258789,18.09000015258789,581.0
2024-10-25 11:52:00+00:00,IMMR,8.760000228881836,8.760000228881836,8.760000228881836,8.758000373840332,8.758000373840332,943.0
2024-10-25 11:52:00+00:00,INDI,3.575000047683716,3.575000047683716,3.575000047683716,3.575000047683716,3.575000047683716,1163.0
2024-10-25 11:52:00+00:00,INTC,23.11750030517578,23.11750030517578,23.11750030517578,23.070100784301758,23.090200424194336,92288.0
2024-10-25 11:52:00+00:00,INTU,610.3250122070312,610.3250122070312,610.3250122070312,610.3250122070312,610.3250122070312,528.0
2024-10-25 11:52:00+00:00,JAMF,16.825000762939453,16.825000762939453,16.825000762939453,16.825000762939453,16.825000762939453,267.0
2024-10-25 11:52:00+00:00,JKHY,183.625,183.625,183.625,183.625,183.625,1942.0
2024-10-25 11:52:00+00:00,KC,2.7100000381469727,2.7100000381469727,2.7100000381469727,2.7100000381469727,2.7100000381469727,130.0
2024-10-25 11:52:00+00:00,KLAC,679.54248046875,679.54248046875,679.7999877929688,679.4400024414062,679.4400024414062,1135.0
2024-10-25 11:52:00+00:00,KLIC,44.29999923706055,44.29999923706055,44.29999923706055,44.29999923706055,44.29999923706055,413.0
2024-10-25 11:52:00+00:00,KVHI,4.670000076293945,4.670000076293945,4.670000076293945,4.670000076293945,4.670000076293945,413.0
2024-10-25 11:52:00+00:00,LINK,4.659999847412109,4.659999847412109,4.659999847412109,4.617599964141846,4.617599964141846,757.0
2024-10-25 11:52:00+00:00,LITE,64.38999938964844,64.38999938964844,64.38999938964844,64.38999938964844,64.38999938964844,543.0
2024-10-25 11:52:00+00:00,LOGI,81.09500122070312,81.09500122070312,81.09500122070312,81.09500122070312,81.09500122070312,446.0
2024-10-25 11:52:00+00:00,LRCX,78.97000122070312,78.97000122070312,78.97000122070312,78.77999877929688,78.83000183105469,41688.0
2024-10-25 11:52:00+00:00,LSCC,54.2400016784668,54.2400016784668,54.2400016784668,54.15999984741211,54.15999984741211,2454.0
2024-10-25 11:52:00+00:00,LUNA,1.809999942779541,1.809999942779541,1.809999942779541,1.809999942779541,1.809999942779541,149.0
2024-10-25 11:52:00+00:00,LYFT,13.864999771118164,13.864999771118164,13.864999771118164,13.854000091552734,13.864999771118164,49926.0
2024-10-25 11:52:00+00:00,MANH,275.6700134277344,275.6700134277344,275.6700134277344,275.260009765625,275.260009765625,828.0
2024-10-25 11:52:00+00:00,MAXN,5.780700206756592,5.780700206756592,5.780700206756592,5.78000020980835,5.78000020980835,2156.0
2024-10-25 11:52:00+00:00,MCHP,77.0199966430664,77.0199966430664,77.0199966430664,76.94999694824219,76.9800033569336,5426.0
2024-10-25 11:52:00+00:00,MDB,266.6499938964844,266.6499938964844,266.6499938964844,266.4800109863281,266.4800109863281,1053.0
2024-10-25 11:52:00+00:00,MITK,8.770000457763672,8.770000457763672,8.770000457763672,8.770000457763672,8.770000457763672,315.0
2024-10-25 11:52:00+00:00,MKSI,101.08999633789062,101.08999633789062,101.08999633789062,101.08999633789062,101.08999633789062,1657.0
2024-10-25 11:52:00+00:00,MNDY,300.2149963378906,300.2149963378906,300.2149963378906,300.2149963378906,300.2149963378906,836.0
2024-10-25 11:52:00+00:00,MPWR,916.1799926757812,916.1799926757812,916.1799926757812,915.3800048828125,915.6799926757812,989.0
2024-10-25 11:52:00+00:00,MQ,5.264999866485596,5.264999866485596,5.269999980926514,5.264999866485596,5.264999866485596,4485.0
2024-10-25 11:52:00+00:00,MRAM,6.340000152587891,6.340000152587891,6.340000152587891,6.340000152587891,6.340000152587891,28.0
2024-10-25 11:52:00+00:00,MRVL,82.56999969482422,82.56999969482422,82.58000183105469,82.5,82.56999969482422,14261.0
2024-10-25 11:52:00+00:00,MSFT,429.67999267578125,429.67999267578125,429.7413024902344,429.5,429.6659851074219,30855.0
2024-10-25 11:52:00+00:00,MSTR,238.22999572753906,238.22999572753906,238.98899841308594,238.0800018310547,238.67999267578125,61613.0
2024-10-25 11:52:00+00:00,MU,109.0250015258789,109.0250015258789,109.08000183105469,108.94000244140625,109.08000183105469,83454.0
2024-10-25 11:52:00+00:00,MVIS,1.100000023841858,1.100000023841858,1.100000023841858,1.0950000286102295,1.0950000286102295,101.0
2024-10-25 11:52:00+00:00,MXL,14.930000305175781,14.930000305175781,14.970000267028809,14.850000381469727,14.970000267028809,35704.0
2024-10-25 11:52:00+00:00,MYSZ,1.6399999856948853,1.6399999856948853,1.6399999856948853,1.6399999856948853,1.6399999856948853,118.0
2024-10-25 11:52:00+00:00,NCNO,37.70000076293945,37.70000076293945,37.744998931884766,37.70000076293945,37.7400016784668,7983.0
2024-10-25 11:52:00+00:00,NNDM,2.3350000381469727,2.3350000381469727,2.3350000381469727,2.3350000381469727,2.3350000381469727,2281.0
2024-10-25 11:52:00+00:00,NTAP,120.31999969482422,120.31999969482422,120.31999969482422,120.31999969482422,120.31999969482422,507.0
2024-10-25 11:52:00+00:00,NTNX,62.45500183105469,62.45500183105469,62.459999084472656,62.439998626708984,62.459999084472656,1566.0
2024-10-25 11:52:00+00:00,NVDA,143.64500427246094,143.64500427246094,143.6699981689453,143.5800018310547,143.66000366210938,300738.0
2024-10-25 11:52:00+00:00,NVEI,33.525001525878906,33.525001525878906,33.525001525878906,33.525001525878906,33.525001525878906,202.0
2024-10-25 11:52:00+00:00,NVTS,2.5739998817443848,2.5739998817443848,2.5799999237060547,2.5739998817443848,2.5799999237060547,3344.0
2024-10-25 11:52:00+00:00,NXPI,244.64999389648438,244.64999389648438,244.7100067138672,244.40499877929688,244.40499877929688,4217.0
2024-10-25 11:52:00+00:00,OKTA,72.63999938964844,72.63999938964844,72.66000366210938,72.63999938964844,72.66000366210938,663.0
2024-10-25 11:52:00+00:00,ON,71.80999755859375,71.80999755859375,71.80999755859375,71.75,71.76799774169922,8858.0
2024-10-25 11:52:00+00:00,OSIS,136.9499969482422,136.9499969482422,136.9499969482422,136.9499969482422,136.9499969482422,380.0
2024-10-25 11:52:00+00:00,OTEX,33.33000183105469,33.33000183105469,33.33000183105469,33.33000183105469,33.33000183105469,1379.0
2024-10-25 11:52:00+00:00,PANW,368.7239990234375,368.7239990234375,368.7239990234375,368.5600891113281,368.5600891113281,1436.0
2024-10-25 11:52:00+00:00,PAYO,8.28499984741211,8.28499984741211,8.289999961853027,8.28499984741211,8.289999961853027,2018.0
2024-10-25 11:52:00+00:00,PCTY,173.99000549316406,173.99000549316406,173.99000549316406,173.8000030517578,173.8000030517578,670.0
2024-10-25 11:52:00+00:00,PEGA,80.76000213623047,80.76000213623047,80.76000213623047,80.68499755859375,80.69999694824219,3121.0
2024-10-25 11:52:00+00:00,PGY,11.789999961853027,11.789999961853027,11.800000190734863,11.789999961853027,11.800000190734863,1329.0
2024-10-25 11:52:00+00:00,PHUN,9.989999771118164,9.989999771118164,10.038200378417969,9.970000267028809,10.031200408935547,48949.0
2024-10-25 11:52:00+00:00,PI,204.83999633789062,204.83999633789062,204.83999633789062,203.74000549316406,204.8249969482422,9582.0
2024-10-25 11:52:00+00:00,PLAB,23.670000076293945,23.670000076293945,23.670000076293945,23.670000076293945,23.670000076293945,507.0
2024-10-25 11:52:00+00:00,POET,3.9800000190734863,3.9800000190734863,3.9800000190734863,3.9800000190734863,3.9800000190734863,1748.0
2024-10-25 11:52:00+00:00,POWI,63.90999984741211,63.90999984741211,63.90999984741211,63.86000061035156,63.86000061035156,922.0
2024-10-25 11:52:00+00:00,PUBM,14.90999984741211,14.90999984741211,14.90999984741211,14.90999984741211,14.90999984741211,574.0
2024-10-25 11:52:00+00:00,PXLW,0.7389000058174133,0.7389000058174133,0.7389000058174133,0.7389000058174133,0.7389000058174133,133.0
2024-10-25 11:52:00+00:00,PYCR,14.350000381469727,14.350000381469727,14.350000381469727,14.350000381469727,14.350000381469727,1061.0
2024-10-25 11:52:00+00:00,QCOM,172.32000732421875,172.32000732421875,172.39999389648438,172.22000122070312,172.38999938964844,15002.0
2024-10-25 11:52:00+00:00,QRVO,100.12750244140625,100.12750244140625,100.12750244140625,100.05999755859375,100.05999755859375,2282.0
2024-10-25 11:52:00+00:00,QUBT,1.0699000358581543,1.0699000358581543,1.0699000358581543,1.0699000358581543,1.0699000358581543,240.0
2024-10-25 11:52:00+00:00,RCAT,2.7446000576019287,2.7446000576019287,2.7446000576019287,2.7446000576019287,2.7446000576019287,4302.0
2024-10-25 11:52:00+00:00,RELY,14.732000350952148,14.732000350952148,14.739999771118164,14.725000381469727,14.725000381469727,2374.0
2024-10-25 11:52:00+00:00,RGTI,1.2200000286102295,1.2200000286102295,1.2400000095367432,1.2200000286102295,1.2350000143051147,88584.0
2024-10-25 11:52:00+00:00,RIOT,9.973999977111816,9.973999977111816,10.0,9.970000267028809,9.994999885559082,36898.0
2024-10-25 11:52:00+00:00,RMBS,43.380001068115234,43.380001068115234,43.40999984741211,43.369998931884766,43.400001525878906,2174.0
2024-10-25 11:52:00+00:00,RMNI,1.725000023841858,1.725000023841858,1.725000023841858,1.7200000286102295,1.725000023841858,3962.0
2024-10-25 11:52:00+00:00,RPAY,7.610000133514404,7.610000133514404,7.610000133514404,7.610000133514404,7.610000133514404,938.0
2024-10-25 11:52:00+00:00,RUM,5.82420015335083,5.82420015335083,5.82420015335083,5.82420015335083,5.82420015335083,153.0
2024-10-25 11:52:00+00:00,RUN,14.53499984741211,14.53499984741211,14.59000015258789,14.529999732971191,14.59000015258789,21493.0
2024-10-25 11:52:00+00:00,RXT,2.5399999618530273,2.5399999618530273,2.5399999618530273,2.5399999618530273,2.5399999618530273,323.0
2024-10-25 11:52:00+00:00,SANM,67.6500015258789,67.6500015258789,67.6500015258789,67.6500015258789,67.6500015258789,219.0
2024-10-25 11:52:00+00:00,SEDG,16.139999389648438,16.139999389648438,16.149700164794922,16.125,16.139999389648438,7415.0
2024-10-25 11:52:00+00:00,SHLS,5.355000019073486,5.355000019073486,5.355000019073486,5.349999904632568,5.355000019073486,10656.0
2024-10-25 11:52:00+00:00,SIMO,56.970001220703125,56.970001220703125,56.97999954223633,56.970001220703125,56.97999954223633,373.0
2024-10-25 11:52:00+00:00,SKYT,10.65999984741211,10.65999984741211,10.65999984741211,10.65999984741211,10.65999984741211,1259.0
2024-10-25 11:52:00+00:00,SMCI,47.400001525878906,47.400001525878906,47.470001220703125,47.29999923706055,47.349998474121094,116339.0
2024-10-25 11:52:00+00:00,SMTC,45.814998626708984,45.814998626708984,45.89059829711914,45.810001373291016,45.89059829711914,4024.0
2024-10-25 11:52:00+00:00,SONO,12.829999923706055,12.829999923706055,12.831100463867188,12.829999923706055,12.831100463867188,1851.0
2024-10-25 11:52:00+00:00,SOUN,5.2804999351501465,5.2804999351501465,5.289999961853027,5.280099868774414,5.280399799346924,9688.0
2024-10-25 11:52:00+00:00,SOUNW,1.8701000213623047,1.8701000213623047,1.8701000213623047,1.8700000047683716,1.8700000047683716,206.0
2024-10-25 11:52:00+00:00,SPT,27.204999923706055,27.204999923706055,27.219999313354492,27.204999923706055,27.204999923706055,1597.0
2024-10-25 11:52:00+00:00,SSNC,69.73999786376953,69.73999786376953,69.73999786376953,69.72000122070312,69.72000122070312,4061.0
2024-10-25 11:52:00+00:00,SSYS,7.148799896240234,7.148799896240234,7.148799896240234,7.148799896240234,7.148799896240234,280.0
2024-10-25 11:52:00+00:00,STER,16.739999771118164,16.739999771118164,16.739999771118164,16.739999771118164,16.739999771118164,141.0
2024-10-25 11:52:00+00:00,STNE,11.460000038146973,11.460000038146973,11.465999603271484,11.460000038146973,11.465999603271484,875.0
2024-10-25 11:52:00+00:00,STX,104.33499908447266,104.33499908447266,104.36000061035156,104.31999969482422,104.36000061035156,1184.0
2024-10-25 11:52:00+00:00,SURG,1.7467999458312988,1.7467999458312988,1.7467999458312988,1.7467999458312988,1.7467999458312988,8599.0
2024-10-25 11:52:00+00:00,SWKS,96.38500213623047,96.38500213623047,96.38500213623047,96.30999755859375,96.33000183105469,2690.0
2024-10-25 11:52:00+00:00,TEAM,189.875,189.875,189.8800048828125,189.875,189.8800048828125,1111.0
2024-10-25 11:52:00+00:00,TENB,41.720001220703125,41.720001220703125,41.720001220703125,41.689998626708984,41.689998626708984,1349.0
2024-10-25 11:52:00+00:00,TER,112.95500183105469,112.95500183105469,112.97000122070312,112.94000244140625,112.94000244140625,1438.0
2024-10-25 11:52:00+00:00,TRMB,61.040000915527344,61.040000915527344,61.040000915527344,61.040000915527344,61.040000915527344,176.0
2024-10-25 11:52:00+00:00,TSAT,13.25,13.25,13.25,13.25,13.25,0.0
2024-10-25 11:52:00+00:00,TTD,119.5,119.5,119.56999969482422,119.5,119.5199966430664,2346.0
2024-10-25 11:52:00+00:00,TWKS,4.449999809265137,4.449999809265137,4.451499938964844,4.449999809265137,4.449999809265137,1795.0
2024-10-25 11:52:00+00:00,TXN,208.72999572753906,208.72999572753906,208.72999572753906,208.39500427246094,208.39500427246094,7988.0
2024-10-25 11:52:00+00:00,UCTT,36.22460174560547,36.22460174560547,36.22460174560547,36.22460174560547,36.22460174560547,610.0
2024-10-25 11:52:00+00:00,VCSA,2.440000057220459,2.440000057220459,2.440000057220459,2.440000057220459,2.440000057220459,283.0
2024-10-25 11:52:00+00:00,VECO,29.670000076293945,29.670000076293945,29.670000076293945,29.6299991607666,29.6299991607666,2586.0
2024-10-25 11:52:00+00:00,VERI,3.4200000762939453,3.4200000762939453,3.4200000762939453,3.4200000762939453,3.4200000762939453,219.0
2024-10-25 11:52:00+00:00,VERX,42.244998931884766,42.244998931884766,42.244998931884766,42.244998931884766,42.244998931884766,126.0
2024-10-25 11:52:00+00:00,VIAV,9.194999694824219,9.194999694824219,9.199999809265137,9.194999694824219,9.199999809265137,3406.0
2024-10-25 11:52:00+00:00,VMEO,4.760000228881836,4.760000228881836,4.760000228881836,4.760000228881836,4.760000228881836,243.0
2024-10-25 11:52:00+00:00,VNET,3.484999895095825,3.484999895095825,3.484999895095825,3.484999895095825,3.484999895095825,1236.0
2024-10-25 11:52:00+00:00,VRNS,56.71500015258789,56.71500015258789,56.71500015258789,56.68000030517578,56.68000030517578,607.0
2024-10-25 11:52:00+00:00,VRNT,22.16200065612793,22.16200065612793,22.16200065612793,22.16200065612793,22.16200065612793,978.0
2024-10-25 11:52:00+00:00,VSAT,10.395000457763672,10.395000457763672,10.395000457763672,10.395000457763672,10.395000457763672,1706.0
2024-10-25 11:52:00+00:00,WDAY,239.8350067138672,239.8350067138672,239.9499969482422,239.8350067138672,239.9499969482422,1564.0
2024-10-25 11:52:00+00:00,WDC,71.73999786376953,71.73999786376953,71.75,71.68289947509766,71.75,12211.0
2024-10-25 11:52:00+00:00,WISA,1.840000033378601,1.840000033378601,1.840000033378601,1.840000033378601,1.840000033378601,150.0
2024-10-25 11:52:00+00:00,WRAP,1.7999999523162842,1.7999999523162842,1.7999999523162842,1.7999999523162842,1.7999999523162842,130.0
2024-10-25 11:52:00+00:00,XPER,9.454999923706055,9.454999923706055,9.454999923706055,9.454999923706055,9.454999923706055,503.0
2024-10-25 11:52:00+00:00,XRX,10.114999771118164,10.114999771118164,10.119999885559082,10.114999771118164,10.119999885559082,1032.0
2024-10-25 11:52:00+00:00,ZI,10.520000457763672,10.520000457763672,10.520000457763672,10.505000114440918,10.505000114440918,8805.0
2024-10-25 11:52:00+00:00,ZM,73.04000091552734,73.04000091552734,73.04000091552734,73.02999877929688,73.04000091552734,1296.0
2024-10-25 11:53:00+00:00,AAOI,18.1200008392334,18.1200008392334,18.135000228881836,18.1200008392334,18.1200008392334,939.0
2024-10-25 11:53:00+00:00,AAPL,231.88499450683594,231.88499450683594,231.92990112304688,231.77000427246094,231.82040405273438,71665.0
2024-10-25 11:53:00+00:00,ACIW,48.869998931884766,48.869998931884766,48.869998931884766,48.869998931884766,48.869998931884766,411.0
2024-10-25 11:53:00+00:00,ADBE,484.3500061035156,484.3500061035156,484.3699951171875,484.3500061035156,484.3699951171875,627.0
2024-10-25 11:53:00+00:00,ADI,233.41000366210938,233.41000366210938,233.41000366210938,233.35000610351562,233.35000610351562,1695.0
2024-10-25 11:53:00+00:00,ADTN,6.385000228881836,6.385000228881836,6.385000228881836,6.385000228881836,6.385000228881836,326.0
2024-10-25 11:53:00+00:00,AEHR,16.989999771118164,16.989999771118164,16.989999771118164,16.954999923706055,16.954999923706055,1369.0
2024-10-25 11:53:00+00:00,AFRM,41.650001525878906,41.650001525878906,41.65959930419922,41.619998931884766,41.619998931884766,12353.0
2024-10-25 11:53:00+00:00,AIRG,9.015000343322754,9.015000343322754,9.015000343322754,9.015000343322754,9.015000343322754,1305.0
2024-10-25 11:53:00+00:00,AKAM,103.16000366210938,103.16000366210938,103.16000366210938,103.16000366210938,103.16000366210938,320.0
2024-10-25 11:53:00+00:00,ALGM,22.809999465942383,22.809999465942383,22.81999969482422,22.809999465942383,22.809999465942383,1460.0
2024-10-25 11:53:00+00:00,ALRM,54.77000045776367,54.77000045776367,54.810001373291016,54.77000045776367,54.79999923706055,2936.0
2024-10-25 11:53:00+00:00,ALTR,103.875,103.875,104.11000061035156,103.875,104.08999633789062,1689.0
2024-10-25 11:53:00+00:00,AMAT,187.86500549316406,187.86500549316406,187.86500549316406,187.74000549316406,187.7449951171875,19731.0
2024-10-25 11:53:00+00:00,AMBA,58.25,58.25,58.25,58.25,58.25,508.0
2024-10-25 11:53:00+00:00,AMD,157.7550048828125,157.7550048828125,157.8000030517578,157.6999969482422,157.75,39815.0
2024-10-25 11:53:00+00:00,AMKR,30.079999923706055,30.079999923706055,30.079999923706055,30.06999969482422,30.06999969482422,325.0
2024-10-25 11:53:00+00:00,AMPL,9.229999542236328,9.229999542236328,9.229999542236328,9.229999542236328,9.229999542236328,116.0
2024-10-25 11:53:00+00:00,ANSS,325.79998779296875,325.79998779296875,325.79998779296875,325.739990234375,325.739990234375,578.0
2024-10-25 11:53:00+00:00,API,2.8399999141693115,2.8399999141693115,2.8399999141693115,2.8299999237060547,2.8399999141693115,989.0
2024-10-25 11:53:00+00:00,APP,161.47999572753906,161.47999572753906,161.5500030517578,161.47999572753906,161.52999877929688,3481.0
2024-10-25 11:53:00+00:00,APPF,214.75,214.75,214.97999572753906,214.6199951171875,214.97999572753906,1255.0
2024-10-25 11:53:00+00:00,ARQQ,7.199999809265137,7.199999809265137,7.199999809265137,7.199999809265137,7.199999809265137,132.0
2024-10-25 11:53:00+00:00,ARRY,6.554999828338623,6.554999828338623,6.559999942779541,6.552000045776367,6.559999942779541,10941.0
2024-10-25 11:53:00+00:00,ASML,717.4328002929688,717.4328002929688,717.4328002929688,716.5100708007812,716.5100708007812,1827.0
2024-10-25 11:53:00+00:00,ASUR,9.72249984741211,9.72249984741211,9.725000381469727,9.72249984741211,9.725000381469727,342.0
2024-10-25 11:53:00+00:00,AUR,6.429900169372559,6.429900169372559,6.434999942779541,6.420000076293945,6.434999942779541,13279.0
2024-10-25 11:53:00+00:00,AVGO,175.8300018310547,175.8300018310547,176.02000427246094,175.8300018310547,175.99000549316406,31937.0
2024-10-25 11:53:00+00:00,AVNW,21.040000915527344,21.040000915527344,21.049999237060547,21.040000915527344,21.049999237060547,722.0
2024-10-25 11:53:00+00:00,BAND,17.700000762939453,17.700000762939453,17.700000762939453,17.700000762939453,17.700000762939453,908.0
2024-10-25 11:53:00+00:00,BCOV,2.25,2.25,2.25,2.25,2.25,2381.0
2024-10-25 11:53:00+00:00,BIGC,5.304999828338623,5.304999828338623,5.304999828338623,5.304999828338623,5.304999828338623,3894.0
2024-10-25 11:53:00+00:00,BLKB,85.88999938964844,85.88999938964844,85.88999938964844,85.88999938964844,85.88999938964844,213.0
2024-10-25 11:53:00+00:00,BMBL,7.25,7.25,7.25,7.244999885559082,7.2494001388549805,2801.0
2024-10-25 11:53:00+00:00,BRZE,30.7450008392334,30.7450008392334,30.7450008392334,30.7450008392334,30.7450008392334,298.0
2024-10-25 11:53:00+00:00,CAMT,78.37999725341797,78.37999725341797,78.43000030517578,78.33000183105469,78.43000030517578,2163.0
2024-10-25 11:53:00+00:00,CAN,0.9919000267982483,0.9919000267982483,0.9950000047683716,0.9919000267982483,0.9950000047683716,1078.0
2024-10-25 11:53:00+00:00,CCSI,20.6200008392334,20.6200008392334,20.690000534057617,20.6200008392334,20.690000534057617,897.0
2024-10-25 11:53:00+00:00,CDNS,259.67999267578125,259.67999267578125,259.67999267578125,259.67999267578125,259.67999267578125,2096.0
2024-10-25 11:53:00+00:00,CDW,219.11500549316406,219.11500549316406,219.15499877929688,219.11500549316406,219.15499877929688,1489.0
2024-10-25 11:53:00+00:00,CETX,0.296099990606308,0.296099990606308,0.29649999737739563,0.296099990606308,0.296099990606308,2525.0
2024-10-25 11:53:00+00:00,CFLT,22.719999313354492,22.719999313354492,22.719999313354492,22.709999084472656,22.719999313354492,2531.0
2024-10-25 11:53:00+00:00,CGNX,39.11000061035156,39.11000061035156,39.11000061035156,39.11000061035156,39.11000061035156,977.0
2024-10-25 11:53:00+00:00,CHKP,207.24000549316406,207.24000549316406,207.25,207.17999267578125,207.25,4595.0
2024-10-25 11:53:00+00:00,CLBT,18.100000381469727,18.100000381469727,18.100000381469727,18.100000381469727,18.100000381469727,291.0
2024-10-25 11:53:00+00:00,CLSK,11.729999542236328,11.729999542236328,11.760000228881836,11.720000267028809,11.760000228881836,269937.0
2024-10-25 11:53:00+00:00,CMTL,3.706399917602539,3.706399917602539,3.706399917602539,3.706399917602539,3.706399917602539,345.0
2024-10-25 11:53:00+00:00,CNXC,45.08000183105469,45.08000183105469,45.08000183105469,45.04999923706055,45.04999923706055,631.0
2024-10-25 11:53:00+00:00,COHR,95.08000183105469,95.08000183105469,95.16999816894531,95.05000305175781,95.13999938964844,4132.0
2024-10-25 11:53:00+00:00,COIN,208.26499938964844,208.26499938964844,208.63999938964844,208.0500946044922,208.5,29350.0
2024-10-25 11:53:00+00:00,COMM,6.304999828338623,6.304999828338623,6.34089994430542,6.303999900817871,6.34089994430542,39431.0
2024-10-25 11:53:00+00:00,CORZ,13.15999984741211,13.15999984741211,13.170000076293945,13.119999885559082,13.154999732971191,63253.0
2024-10-25 11:53:00+00:00,CORZW,7.639999866485596,7.639999866485596,7.659999847412109,7.639999866485596,7.659999847412109,700.0
2024-10-25 11:53:00+00:00,CRCT,6.570000171661377,6.570000171661377,6.570000171661377,6.570000171661377,6.570000171661377,365.0
2024-10-25 11:53:00+00:00,CRDO,39.814998626708984,39.814998626708984,39.84000015258789,39.79999923706055,39.84000015258789,1011.0
2024-10-25 11:53:00+00:00,CRNC,2.9056999683380127,2.9056999683380127,2.9056999683380127,2.9056999683380127,2.9056999683380127,176.0
2024-10-25 11:53:00+00:00,CRSR,6.425000190734863,6.425000190734863,6.429999828338623,6.425000190734863,6.429999828338623,1326.0
2024-10-25 11:53:00+00:00,CRUS,123.56790161132812,123.56790161132812,123.56790161132812,123.56790161132812,123.56790161132812,182.0
2024-10-25 11:53:00+00:00,CRWD,308.6400146484375,308.6400146484375,308.7650146484375,308.4100036621094,308.7650146484375,4813.0
2024-10-25 11:53:00+00:00,CSCO,55.94499969482422,55.94499969482422,55.94499969482422,55.939998626708984,55.94499969482422,5160.0
2024-10-25 11:53:00+00:00,CSGS,47.75,47.75,47.75,47.75,47.75,334.0
2024-10-25 11:53:00+00:00,CSIQ,13.700699806213379,13.700699806213379,13.729999542236328,13.699999809265137,13.729999542236328,4163.0
2024-10-25 11:53:00+00:00,CTSH,74.80999755859375,74.80999755859375,74.83999633789062,74.80999755859375,74.83000183105469,1899.0
2024-10-25 11:53:00+00:00,CYBR,292.0849914550781,292.0849914550781,292.0874938964844,292.0849914550781,292.0874938964844,800.0
2024-10-25 11:53:00+00:00,DAKT,13.119999885559082,13.119999885559082,13.119999885559082,13.119999885559082,13.119999885559082,435.0
2024-10-25 11:53:00+00:00,DATS,1.600000023841858,1.600000023841858,1.600000023841858,1.600000023841858,1.600000023841858,600.0
2024-10-25 11:53:00+00:00,DBX,25.989999771118164,25.989999771118164,25.9950008392334,25.975000381469727,25.9950008392334,5267.0
2024-10-25 11:53:00+00:00,DDOG,127.19000244140625,127.19000244140625,127.19000244140625,127.16000366210938,127.19000244140625,1748.0
2024-10-25 11:53:00+00:00,DGHI,1.5449999570846558,1.5449999570846558,1.5494999885559082,1.5449999570846558,1.5494999885559082,1859.0
2024-10-25 11:53:00+00:00,DOCU,70.08999633789062,70.08999633789062,70.09500122070312,70.0884017944336,70.08999633789062,1557.0
2024-10-25 11:53:00+00:00,DOMO,7.974999904632568,7.974999904632568,7.974999904632568,7.974999904632568,7.974999904632568,233.0
2024-10-25 11:53:00+00:00,DUOL,288.875,288.875,288.875,288.875,288.875,411.0
2024-10-25 11:53:00+00:00,ENPH,83.74500274658203,83.74500274658203,83.83999633789062,83.70999908447266,83.73999786376953,16363.0
2024-10-25 11:53:00+00:00,ENTG,105.76499938964844,105.76499938964844,105.79000091552734,105.76499938964844,105.79000091552734,1804.0
2024-10-25 11:53:00+00:00,ERIC,8.479999542236328,8.479999542236328,8.486000061035156,8.479999542236328,8.479999542236328,27097.0
2024-10-25 11:53:00+00:00,EXLS,38.97999954223633,38.97999954223633,38.97999954223633,38.97999954223633,38.97999954223633,735.0
2024-10-25 11:53:00+00:00,EXTR,14.444999694824219,14.444999694824219,14.460000038146973,14.444999694824219,14.460000038146973,981.0
2024-10-25 11:53:00+00:00,FCUV,0.2565000057220459,0.2565000057220459,0.2565999925136566,0.2565000057220459,0.2565999925136566,66542.0
2024-10-25 11:53:00+00:00,FFIV,216.77999877929688,216.77999877929688,216.77999877929688,216.77999877929688,216.77999877929688,277.0
2024-10-25 11:53:00+00:00,FIVN,30.399999618530273,30.399999618530273,30.399999618530273,30.389999389648438,30.399999618530273,892.0
2024-10-25 11:53:00+00:00,FLEX,35.314998626708984,35.314998626708984,35.34000015258789,35.314998626708984,35.34000015258789,2985.0
2024-10-25 11:53:00+00:00,FRGT,1.899999976158142,1.899999976158142,1.899999976158142,1.899999976158142,1.899999976158142,2000.0
2024-10-25 11:53:00+00:00,FROG,29.399999618530273,29.399999618530273,29.399999618530273,29.3799991607666,29.389999389648438,948.0
2024-10-25 11:53:00+00:00,FRSH,11.670000076293945,11.670000076293945,11.670000076293945,11.670000076293945,11.670000076293945,957.0
2024-10-25 11:53:00+00:00,FSLR,200.6699981689453,200.6699981689453,200.75,200.64999389648438,200.6999969482422,3067.0
2024-10-25 11:53:00+00:00,FTCI,0.6733999848365784,0.6733999848365784,0.6735000014305115,0.6721000075340271,0.6735000014305115,2517.0
2024-10-25 11:53:00+00:00,FTNT,81.22000122070312,81.22000122070312,81.2300033569336,81.20999908447266,81.20999908447266,1401.0
2024-10-25 11:53:00+00:00,GCT,24.850000381469727,24.850000381469727,24.860000610351562,24.850000381469727,24.860000610351562,883.0
2024-10-25 11:53:00+00:00,GDS,21.690000534057617,21.690000534057617,21.700000762939453,21.690000534057617,21.700000762939453,1090.0
2024-10-25 11:53:00+00:00,GRAB,4.085000038146973,4.085000038146973,4.090000152587891,4.085000038146973,4.085000038146973,4553.0
2024-10-25 11:53:00+00:00,HCP,33.720001220703125,33.720001220703125,33.720001220703125,33.709999084472656,33.709999084472656,5429.0
2024-10-25 11:53:00+00:00,HEAR,16.549999237060547,16.549999237060547,16.549999237060547,16.549999237060547,16.549999237060547,1291.0
2024-10-25 11:53:00+00:00,HLIT,14.795000076293945,14.795000076293945,14.795000076293945,14.795000076293945,14.795000076293945,566.0
2024-10-25 11:53:00+00:00,HOLO,3.649899959564209,3.649899959564209,3.649899959564209,3.619999885559082,3.630000114440918,17471.0
2024-10-25 11:53:00+00:00,HOOD,27.239999771118164,27.239999771118164,27.2549991607666,27.23200035095215,27.239999771118164,6288.0
2024-10-25 11:53:00+00:00,IIIV,22.850000381469727,22.850000381469727,22.850000381469727,22.850000381469727,22.850000381469727,200.0
2024-10-25 11:53:00+00:00,INDI,3.575000047683716,3.575000047683716,3.575000047683716,3.575000047683716,3.575000047683716,3839.0
2024-10-25 11:53:00+00:00,INOD,19.795000076293945,19.795000076293945,19.795000076293945,19.795000076293945,19.795000076293945,752.0
2024-10-25 11:53:00+00:00,INTC,23.100099563598633,23.100099563598633,23.1200008392334,23.100000381469727,23.118999481201172,37298.0
2024-10-25 11:53:00+00:00,INTU,609.97998046875,609.97998046875,610.3099975585938,609.97998046875,610.3099975585938,606.0
2024-10-25 11:53:00+00:00,JAMF,16.829999923706055,16.829999923706055,16.829999923706055,16.829999923706055,16.829999923706055,200.0
2024-10-25 11:53:00+00:00,KC,2.7049999237060547,2.7049999237060547,2.7149999141693115,2.700000047683716,2.7149999141693115,9607.0
2024-10-25 11:53:00+00:00,KLAC,680.1199951171875,680.1199951171875,680.1199951171875,679.9299926757812,679.9299926757812,1298.0
2024-10-25 11:53:00+00:00,LITE,64.30999755859375,64.30999755859375,64.3499984741211,64.30000305175781,64.3499984741211,1937.0
2024-10-25 11:53:00+00:00,LOGI,81.12999725341797,81.12999725341797,81.12999725341797,81.12999725341797,81.12999725341797,1099.0
2024-10-25 11:53:00+00:00,LPSN,1.1749999523162842,1.1749999523162842,1.1749999523162842,1.1749999523162842,1.1749999523162842,200.0
2024-10-25 11:53:00+00:00,LRCX,79.02999877929688,79.02999877929688,79.02999877929688,78.97000122070312,78.97000122070312,18442.0
2024-10-25 11:53:00+00:00,LSCC,54.279998779296875,54.279998779296875,54.279998779296875,54.2599983215332,54.2599983215332,1260.0
2024-10-25 11:53:00+00:00,LYFT,13.864999771118164,13.864999771118164,13.869999885559082,13.864999771118164,13.869999885559082,2823.0
2024-10-25 11:53:00+00:00,MANH,275.6700134277344,275.6700134277344,275.6700134277344,275.3999938964844,275.3999938964844,574.0
2024-10-25 11:53:00+00:00,MCHP,77.05000305175781,77.05000305175781,77.05000305175781,77.02999877929688,77.02999877929688,1817.0
2024-10-25 11:53:00+00:00,MKTW,0.5820000171661377,0.5820000171661377,0.5849999785423279,0.5820000171661377,0.5849999785423279,24699.0
2024-10-25 11:53:00+00:00,MNDY,300.1300048828125,300.1300048828125,300.20849609375,300.0,300.1499938964844,3062.0
2024-10-25 11:53:00+00:00,MRVL,82.45999908447266,82.45999908447266,82.58999633789062,82.45999908447266,82.55000305175781,23691.0
2024-10-25 11:53:00+00:00,MSFT,429.69000244140625,429.69000244140625,429.7698974609375,429.61700439453125,429.6842956542969,17781.0
2024-10-25 11:53:00+00:00,MSTR,237.8000030517578,237.8000030517578,239.10989379882812,237.8000030517578,238.10000610351562,101901.0
2024-10-25 11:53:00+00:00,MU,109.05000305175781,109.05000305175781,109.08999633789062,109.01909637451172,109.02999877929688,32126.0
2024-10-25 11:53:00+00:00,MVIS,1.100000023841858,1.100000023841858,1.100000023841858,1.0950000286102295,1.100000023841858,567.0
2024-10-25 11:53:00+00:00,MXL,14.949999809265137,14.949999809265137,14.949999809265137,14.949999809265137,14.949999809265137,191.0
2024-10-25 11:53:00+00:00,NCNO,37.69499969482422,37.69499969482422,37.70500183105469,37.69499969482422,37.70000076293945,3561.0
2024-10-25 11:53:00+00:00,NTNX,62.43000030517578,62.43000030517578,62.43000030517578,62.43000030517578,62.43000030517578,1085.0
2024-10-25 11:53:00+00:00,NVDA,143.5509033203125,143.5509033203125,143.64500427246094,143.52000427246094,143.64500427246094,327647.0
2024-10-25 11:53:00+00:00,NVEI,33.525001525878906,33.525001525878906,33.525001525878906,33.525001525878906,33.525001525878906,232.0
2024-10-25 11:53:00+00:00,NXPI,244.9199981689453,244.9199981689453,244.9199981689453,244.75,244.75,2806.0
2024-10-25 11:53:00+00:00,ON,71.87000274658203,71.87000274658203,71.87999725341797,71.80000305175781,71.80999755859375,9684.0
2024-10-25 11:53:00+00:00,ONDS,0.8834999799728394,0.8834999799728394,0.8834999799728394,0.8834999799728394,0.8834999799728394,1000.0
2024-10-25 11:53:00+00:00,OSPN,14.640000343322754,14.640000343322754,14.640000343322754,14.640000343322754,14.640000343322754,1022.0
2024-10-25 11:53:00+00:00,PANW,368.760009765625,368.760009765625,368.760009765625,368.6138000488281,368.6400146484375,955.0
2024-10-25 11:53:00+00:00,PAYO,8.289999961853027,8.289999961853027,8.289999961853027,8.289999961853027,8.289999961853027,852.0
2024-10-25 11:53:00+00:00,PAYS,3.7300000190734863,3.7300000190734863,3.7300000190734863,3.7300000190734863,3.7300000190734863,310.0
2024-10-25 11:53:00+00:00,PEGA,80.7300033569336,80.7300033569336,80.76000213623047,80.7300033569336,80.76000213623047,1793.0
2024-10-25 11:53:00+00:00,PEGY,4.730000019073486,4.730000019073486,4.735000133514404,4.730000019073486,4.735000133514404,1607.0
2024-10-25 11:53:00+00:00,PGY,11.770000457763672,11.770000457763672,11.779999732971191,11.765000343322754,11.779999732971191,3001.0
2024-10-25 11:53:00+00:00,PHUN,9.930000305175781,9.930000305175781,9.999799728393555,9.890000343322754,9.999799728393555,104663.0
2024-10-25 11:53:00+00:00,PI,204.83999633789062,204.83999633789062,204.83999633789062,204.4600067138672,204.4600067138672,16193.0
2024-10-25 11:53:00+00:00,PLXS,142.8000030517578,142.8000030517578,142.8000030517578,142.8000030517578,142.8000030517578,1236.0
2024-10-25 11:53:00+00:00,POET,3.9709999561309814,3.9709999561309814,3.9709999561309814,3.9709999561309814,3.9709999561309814,0.0
2024-10-25 11:53:00+00:00,POWI,63.97999954223633,63.97999954223633,63.97999954223633,63.97999954223633,63.97999954223633,472.0
2024-10-25 11:53:00+00:00,PRTH,5.300000190734863,5.300000190734863,5.300000190734863,5.300000190734863,5.300000190734863,301.0
2024-10-25 11:53:00+00:00,PTC,186.57000732421875,186.57000732421875,186.57000732421875,186.57000732421875,186.57000732421875,106.0
2024-10-25 11:53:00+00:00,PYCR,14.354999542236328,14.354999542236328,14.354999542236328,14.350700378417969,14.350700378417969,1545.0
2024-10-25 11:53:00+00:00,QCOM,172.3300018310547,172.3300018310547,172.377197265625,172.27999877929688,172.30999755859375,8438.0
2024-10-25 11:53:00+00:00,QLYS,120.5,120.5,120.55000305175781,120.5,120.55000305175781,1806.0
2024-10-25 11:53:00+00:00,QRVO,100.22000122070312,100.22000122070312,100.22250366210938,100.22000122070312,100.22250366210938,891.0
2024-10-25 11:53:00+00:00,QUBT,1.065000057220459,1.065000057220459,1.065000057220459,1.059999942779541,1.0640000104904175,6417.0
2024-10-25 11:53:00+00:00,REKR,1.090000033378601,1.090000033378601,1.0950000286102295,1.090000033378601,1.0950000286102295,900.0
2024-10-25 11:53:00+00:00,RELY,14.729999542236328,14.729999542236328,14.729999542236328,14.729999542236328,14.729999542236328,204.0
2024-10-25 11:53:00+00:00,RGTI,1.2288000583648682,1.2288000583648682,1.229699969291687,1.2200000286102295,1.229699969291687,25182.0
2024-10-25 11:53:00+00:00,RIOT,9.951399803161621,9.951399803161621,9.970399856567383,9.949999809265137,9.970399856567383,57130.0
2024-10-25 11:53:00+00:00,RMBS,43.40999984741211,43.40999984741211,43.40999984741211,43.36750030517578,43.36750030517578,2024.0
2024-10-25 11:53:00+00:00,RPAY,7.605000019073486,7.605000019073486,7.605000019073486,7.605000019073486,7.605000019073486,455.0
2024-10-25 11:53:00+00:00,RPD,39.16999816894531,39.16999816894531,39.16999816894531,39.16999816894531,39.16999816894531,801.0
2024-10-25 11:53:00+00:00,RUM,5.815000057220459,5.815000057220459,5.829899787902832,5.815000057220459,5.820000171661377,7430.0
2024-10-25 11:53:00+00:00,RUN,14.53499984741211,14.53499984741211,14.548500061035156,14.529999732971191,14.529999732971191,16241.0
2024-10-25 11:53:00+00:00,SATS,25.260000228881836,25.260000228881836,25.260000228881836,25.239999771118164,25.25,2254.0
2024-10-25 11:53:00+00:00,SCWX,8.385000228881836,8.385000228881836,8.385000228881836,8.380000114440918,8.385000228881836,1495.0
2024-10-25 11:53:00+00:00,SEDG,16.149999618530273,16.149999618530273,16.149999618530273,16.13599967956543,16.145000457763672,5810.0
2024-10-25 11:53:00+00:00,SHLS,5.349999904632568,5.349999904632568,5.360000133514404,5.349999904632568,5.349999904632568,1226.0
2024-10-25 11:53:00+00:00,SIMO,57.025001525878906,57.025001525878906,57.025001525878906,57.025001525878906,57.025001525878906,472.0
2024-10-25 11:53:00+00:00,SKYT,10.640000343322754,10.640000343322754,10.640000343322754,10.640000343322754,10.640000343322754,996.0
2024-10-25 11:53:00+00:00,SLAB,115.58999633789062,115.58999633789062,115.58999633789062,115.58999633789062,115.58999633789062,896.0
2024-10-25 11:53:00+00:00,SMCI,47.390201568603516,47.390201568603516,47.470001220703125,47.38100051879883,47.40999984741211,51574.0
2024-10-25 11:53:00+00:00,SMTC,45.72999954223633,45.72999954223633,45.72999954223633,45.72999954223633,45.72999954223633,296.0
2024-10-25 11:53:00+00:00,SNPS,503.2099914550781,503.2099914550781,503.2099914550781,503.2099914550781,503.2099914550781,470.0
2024-10-25 11:53:00+00:00,SOUN,5.28000020980835,5.28000020980835,5.289999961853027,5.269999980926514,5.285999774932861,83056.0
2024-10-25 11:53:00+00:00,SSNC,69.80000305175781,69.80000305175781,69.80000305175781,69.73999786376953,69.75,10485.0
2024-10-25 11:53:00+00:00,SSYS,7.150000095367432,7.150000095367432,7.150000095367432,7.150000095367432,7.150000095367432,351.0
2024-10-25 11:53:00+00:00,STNE,11.46500015258789,11.46500015258789,11.46500015258789,11.46500015258789,11.46500015258789,200.0
2024-10-25 11:53:00+00:00,STX,104.3550033569336,104.3550033569336,104.37999725341797,104.3550033569336,104.3655014038086,4774.0
2024-10-25 11:53:00+00:00,SVRE,0.08100000023841858,0.08100000023841858,0.08100000023841858,0.08100000023841858,0.08100000023841858,116198.0
2024-10-25 11:53:00+00:00,SWKS,96.44999694824219,96.44999694824219,96.44999694824219,96.44999694824219,96.44999694824219,447.0
2024-10-25 11:53:00+00:00,SYNA,73.63999938964844,73.63999938964844,73.63999938964844,73.58999633789062,73.5999984741211,2065.0
2024-10-25 11:53:00+00:00,SYTA,1.2599999904632568,1.2599999904632568,1.2599999904632568,1.2599999904632568,1.2599999904632568,434.0
2024-10-25 11:53:00+00:00,TAOP,0.46470001339912415,0.46470001339912415,0.46470001339912415,0.46470001339912415,0.46470001339912415,14502.0
2024-10-25 11:53:00+00:00,TEAM,189.86500549316406,189.86500549316406,189.875,189.85000610351562,189.875,777.0
2024-10-25 11:53:00+00:00,TENB,41.77000045776367,41.77000045776367,41.790000915527344,41.709999084472656,41.709999084472656,1712.0
2024-10-25 11:53:00+00:00,TER,113.06999969482422,113.06999969482422,113.06999969482422,112.95999908447266,112.95999908447266,6876.0
2024-10-25 11:53:00+00:00,TRMB,61.029998779296875,61.029998779296875,61.03499984741211,61.029998779296875,61.03499984741211,927.0
2024-10-25 11:53:00+00:00,TTD,119.48999786376953,119.48999786376953,119.48999786376953,119.47000122070312,119.47000122070312,507.0
2024-10-25 11:53:00+00:00,TTMI,19.6200008392334,19.6200008392334,19.6200008392334,19.6200008392334,19.6200008392334,3216.0
2024-10-25 11:53:00+00:00,TWKS,4.449999809265137,4.449999809265137,4.449999809265137,4.449999809265137,4.449999809265137,1414.0
2024-10-25 11:53:00+00:00,TXN,208.7550048828125,208.7550048828125,208.80999755859375,208.75,208.75,3609.0
2024-10-25 11:53:00+00:00,VERX,42.18000030517578,42.18000030517578,42.18000030517578,42.18000030517578,42.18000030517578,471.0
2024-10-25 11:53:00+00:00,VIAV,9.194999694824219,9.194999694824219,9.194999694824219,9.194999694824219,9.194999694824219,583.0
2024-10-25 11:53:00+00:00,VMEO,4.760000228881836,4.760000228881836,4.760000228881836,4.755000114440918,4.755000114440918,357.0
2024-10-25 11:53:00+00:00,VNET,3.4800000190734863,3.4800000190734863,3.4800000190734863,3.4800000190734863,3.4800000190734863,384.0
2024-10-25 11:53:00+00:00,VRNS,56.709999084472656,56.709999084472656,56.709999084472656,56.68000030517578,56.689998626708984,3446.0
2024-10-25 11:53:00+00:00,VRSN,186.6999969482422,186.6999969482422,186.6999969482422,186.6999969482422,186.6999969482422,311.0
2024-10-25 11:53:00+00:00,VS,2.5799999237060547,2.5799999237060547,2.5799999237060547,2.5799999237060547,2.5799999237060547,332.0
2024-10-25 11:53:00+00:00,VSAT,10.392000198364258,10.392000198364258,10.399999618530273,10.392000198364258,10.399999618530273,1585.0
2024-10-25 11:53:00+00:00,WDC,71.76000213623047,71.76000213623047,71.77999877929688,71.72689819335938,71.73999786376953,7703.0
2024-10-25 11:53:00+00:00,WISA,1.840000033378601,1.840000033378601,1.840000033378601,1.8300000429153442,1.8300000429153442,601.0
2024-10-25 11:53:00+00:00,WRAP,1.7800999879837036,1.7800999879837036,1.7800999879837036,1.7800999879837036,1.7800999879837036,1531.0
2024-10-25 11:53:00+00:00,XRX,10.114999771118164,10.114999771118164,10.114999771118164,10.114999771118164,10.114999771118164,145.0
2024-10-25 11:53:00+00:00,ZI,10.524999618530273,10.524999618530273,10.524999618530273,10.524999618530273,10.524999618530273,1619.0
2024-10-25 11:53:00+00:00,ZM,73.04000091552734,73.04000091552734,73.04000091552734,73.02999877929688,73.04000091552734,2267.0
2024-10-25 11:54:00+00:00,AAOI,18.1200008392334,18.1200008392334,18.1200008392334,18.1200008392334,18.1200008392334,1026.0
2024-10-25 11:54:00+00:00,AAPL,231.80999755859375,231.80999755859375,231.89999389648438,231.77000427246094,231.88499450683594,55008.0
2024-10-25 11:54:00+00:00,ACLS,90.6500015258789,90.6500015258789,90.6500015258789,90.6500015258789,90.6500015258789,979.0
2024-10-25 11:54:00+00:00,ACMR,19.844999313354492,19.844999313354492,19.844999313354492,19.844999313354492,19.844999313354492,538.0
2024-10-25 11:54:00+00:00,ADBE,484.42999267578125,484.42999267578125,484.42999267578125,484.2560119628906,484.29998779296875,3330.0
2024-10-25 11:54:00+00:00,ADI,233.30999755859375,233.30999755859375,233.40499877929688,233.30999755859375,233.35000610351562,1498.0
2024-10-25 11:54:00+00:00,AEHR,16.940000534057617,16.940000534057617,16.96500015258789,16.929000854492188,16.940000534057617,3744.0
2024-10-25 11:54:00+00:00,AFRM,41.689998626708984,41.689998626708984,41.70000076293945,41.630001068115234,41.6349983215332,12900.0
2024-10-25 11:54:00+00:00,AIP,6.960000038146973,6.960000038146973,6.960000038146973,6.960000038146973,6.960000038146973,346.0
2024-10-25 11:54:00+00:00,AKAM,103.12999725341797,103.12999725341797,103.18000030517578,103.125,103.18000030517578,1362.0
2024-10-25 11:54:00+00:00,AKTS,0.05790000036358833,0.05790000036358833,0.05790000036358833,0.05779999867081642,0.05779999867081642,37420.0
2024-10-25 11:54:00+00:00,ALGM,22.809999465942383,22.809999465942383,22.815000534057617,22.780000686645508,22.799999237060547,4672.0
2024-10-25 11:54:00+00:00,ALLT,3.444999933242798,3.444999933242798,3.444999933242798,3.444999933242798,3.444999933242798,130.0
2024-10-25 11:54:00+00:00,ALRM,54.77000045776367,54.77000045776367,54.77000045776367,54.77000045776367,54.77000045776367,1099.0
2024-10-25 11:54:00+00:00,ALTR,103.87999725341797,103.87999725341797,103.87999725341797,103.87999725341797,103.87999725341797,432.0
2024-10-25 11:54:00+00:00,AMAT,187.85499572753906,187.85499572753906,187.9199981689453,187.7010955810547,187.8350067138672,4854.0
2024-10-25 11:54:00+00:00,AMD,157.7324981689453,157.7324981689453,157.7324981689453,157.61000061035156,157.72000122070312,50365.0
2024-10-25 11:54:00+00:00,AMKR,30.075000762939453,30.075000762939453,30.075000762939453,30.075000762939453,30.075000762939453,181.0
2024-10-25 11:54:00+00:00,AMPL,9.234999656677246,9.234999656677246,9.234999656677246,9.234999656677246,9.234999656677246,374.0
2024-10-25 11:54:00+00:00,API,2.8450000286102295,2.8450000286102295,2.8450000286102295,2.8399999141693115,2.8399999141693115,2208.0
2024-10-25 11:54:00+00:00,APP,161.43499755859375,161.43499755859375,161.44500732421875,161.43499755859375,161.44500732421875,1303.0
2024-10-25 11:54:00+00:00,APPF,214.4499969482422,214.4499969482422,214.7050018310547,214.4499969482422,214.7050018310547,2184.0
2024-10-25 11:54:00+00:00,APPN,32.25,32.25,32.25,32.25,32.25,163.0
2024-10-25 11:54:00+00:00,APPS,3.0840001106262207,3.0840001106262207,3.0840001106262207,3.0840001106262207,3.0840001106262207,1328.0
2024-10-25 11:54:00+00:00,ARRY,6.574999809265137,6.574999809265137,6.574999809265137,6.544000148773193,6.554999828338623,25434.0
2024-10-25 11:54:00+00:00,ASML,716.8250122070312,716.8250122070312,716.8250122070312,716.8250122070312,716.8250122070312,523.0
2024-10-25 11:54:00+00:00,AUR,6.429999828338623,6.429999828338623,6.429999828338623,6.425000190734863,6.425000190734863,4362.0
2024-10-25 11:54:00+00:00,AVGO,175.81500244140625,175.81500244140625,175.8975067138672,175.75999450683594,175.82000732421875,30156.0
2024-10-25 11:54:00+00:00,AVPT,12.020000457763672,12.020000457763672,12.020000457763672,12.020000457763672,12.020000457763672,858.0
2024-10-25 11:54:00+00:00,AVT,54.25,54.25,54.25,54.25,54.25,795.0
2024-10-25 11:54:00+00:00,AXTI,2.694999933242798,2.694999933242798,2.694999933242798,2.680000066757202,2.680000066757202,3138.0
2024-10-25 11:54:00+00:00,BEEM,4.885000228881836,4.885000228881836,4.885000228881836,4.880000114440918,4.880000114440918,1199.0
2024-10-25 11:54:00+00:00,BIGC,5.304999828338623,5.304999828338623,5.304999828338623,5.300000190734863,5.300000190734863,423.0
2024-10-25 11:54:00+00:00,BMBL,7.25,7.25,7.25,7.25,7.25,1009.0
2024-10-25 11:54:00+00:00,BRZE,30.729999542236328,30.729999542236328,30.739999771118164,30.729999542236328,30.739999771118164,490.0
2024-10-25 11:54:00+00:00,BSY,49.150001525878906,49.150001525878906,49.18000030517578,49.150001525878906,49.18000030517578,626.0
2024-10-25 11:54:00+00:00,CAN,0.9919999837875366,0.9919999837875366,0.9926999807357788,0.9919999837875366,0.9926999807357788,867.0
2024-10-25 11:54:00+00:00,CDNS,259.3999938964844,259.3999938964844,259.6400146484375,259.3999938964844,259.6400146484375,2887.0
2024-10-25 11:54:00+00:00,CDW,219.13999938964844,219.13999938964844,219.14999389648438,219.13999938964844,219.14999389648438,575.0
2024-10-25 11:54:00+00:00,CFLT,22.719999313354492,22.719999313354492,22.719999313354492,22.719999313354492,22.719999313354492,1517.0
2024-10-25 11:54:00+00:00,CGNX,39.099998474121094,39.099998474121094,39.099998474121094,39.099998474121094,39.099998474121094,693.0
2024-10-25 11:54:00+00:00,CLSK,11.734999656677246,11.734999656677246,11.744999885559082,11.720000267028809,11.725000381469727,102011.0
2024-10-25 11:54:00+00:00,CNXC,45.119998931884766,45.119998931884766,45.119998931884766,45.119998931884766,45.119998931884766,569.0
2024-10-25 11:54:00+00:00,COHR,95.05979919433594,95.05979919433594,95.06999969482422,95.01010131835938,95.05000305175781,1104.0
2024-10-25 11:54:00+00:00,COIN,208.47999572753906,208.47999572753906,208.8249969482422,208.12789916992188,208.1999969482422,27392.0
2024-10-25 11:54:00+00:00,COMM,6.324999809265137,6.324999809265137,6.324999809265137,6.28000020980835,6.304999828338623,21278.0
2024-10-25 11:54:00+00:00,CORZ,13.16189956665039,13.16189956665039,13.168600082397461,13.140000343322754,13.15999984741211,28193.0
2024-10-25 11:54:00+00:00,CRDO,39.79499816894531,39.79499816894531,39.79499816894531,39.72999954223633,39.77000045776367,2532.0
2024-10-25 11:54:00+00:00,CREX,4.364999771118164,4.364999771118164,4.364999771118164,4.364999771118164,4.364999771118164,600.0
2024-10-25 11:54:00+00:00,CRNC,2.9049999713897705,2.9049999713897705,2.9049999713897705,2.9049999713897705,2.9049999713897705,315.0
2024-10-25 11:54:00+00:00,CRUS,123.6050033569336,123.6050033569336,123.6050033569336,123.6050033569336,123.6050033569336,720.0
2024-10-25 11:54:00+00:00,CRWD,308.7349853515625,308.7349853515625,308.7699890136719,308.5299987792969,308.6400146484375,2988.0
2024-10-25 11:54:00+00:00,CSCO,55.970001220703125,55.970001220703125,55.97309875488281,55.94499969482422,55.94499969482422,10163.0
2024-10-25 11:54:00+00:00,CSIQ,13.699999809265137,13.699999809265137,13.699999809265137,13.6899995803833,13.699999809265137,1648.0
2024-10-25 11:54:00+00:00,CTLP,8.925000190734863,8.925000190734863,8.925000190734863,8.925000190734863,8.925000190734863,698.0
2024-10-25 11:54:00+00:00,CTSH,74.82499694824219,74.82499694824219,74.83000183105469,74.80000305175781,74.80000305175781,3740.0
2024-10-25 11:54:00+00:00,DAIO,2.4846999645233154,2.4846999645233154,2.4846999645233154,2.4846999645233154,2.4846999645233154,17511.0
2024-10-25 11:54:00+00:00,DBX,26.020000457763672,26.020000457763672,26.020000457763672,25.989999771118164,25.989999771118164,7575.0
2024-10-25 11:54:00+00:00,DDOG,127.19999694824219,127.19999694824219,127.22000122070312,127.17500305175781,127.18000030517578,2894.0
2024-10-25 11:54:00+00:00,DOCU,70.1500015258789,70.1500015258789,70.16999816894531,70.11000061035156,70.11000061035156,4986.0
2024-10-25 11:54:00+00:00,DTSS,2.450000047683716,2.450000047683716,2.450000047683716,2.450000047683716,2.450000047683716,200.0
2024-10-25 11:54:00+00:00,DUOL,289.29998779296875,289.29998779296875,289.44989013671875,289.0010986328125,289.0010986328125,1179.0
2024-10-25 11:54:00+00:00,EEFT,100.78500366210938,100.78500366210938,100.78500366210938,100.78500366210938,100.78500366210938,119.0
2024-10-25 11:54:00+00:00,ENPH,83.76499938964844,83.76499938964844,83.83000183105469,83.62999725341797,83.6449966430664,7779.0
2024-10-25 11:54:00+00:00,ERIC,8.484999656677246,8.484999656677246,8.486000061035156,8.484999656677246,8.484999656677246,5975.0
2024-10-25 11:54:00+00:00,EXFY,1.715000033378601,1.715000033378601,1.715000033378601,1.715000033378601,1.715000033378601,3000.0
2024-10-25 11:54:00+00:00,EXLS,38.97999954223633,38.97999954223633,38.9900016784668,38.97999954223633,38.9900016784668,704.0
2024-10-25 11:54:00+00:00,FFIV,216.69000244140625,216.69000244140625,216.69000244140625,216.69000244140625,216.69000244140625,538.0
2024-10-25 11:54:00+00:00,FIVN,30.364999771118164,30.364999771118164,30.389999389648438,30.364999771118164,30.389999389648438,1530.0
2024-10-25 11:54:00+00:00,FLEX,35.29999923706055,35.29999923706055,35.310001373291016,35.297401428222656,35.30500030517578,5122.0
2024-10-25 11:54:00+00:00,FLYW,17.485000610351562,17.485000610351562,17.485000610351562,17.485000610351562,17.485000610351562,362.0
2024-10-25 11:54:00+00:00,FROG,29.399999618530273,29.399999618530273,29.399999618530273,29.399999618530273,29.399999618530273,103.0
2024-10-25 11:54:00+00:00,FRSH,11.670000076293945,11.670000076293945,11.670000076293945,11.670000076293945,11.670000076293945,143.0
2024-10-25 11:54:00+00:00,FSLR,200.65499877929688,200.65499877929688,200.65499877929688,200.64999389648438,200.64999389648438,879.0
2024-10-25 11:54:00+00:00,FTCI,0.6782000064849854,0.6782000064849854,0.6782000064849854,0.6782000064849854,0.6782000064849854,661.0
2024-10-25 11:54:00+00:00,FTNT,81.21499633789062,81.21499633789062,81.22000122070312,81.20999908447266,81.20999908447266,2491.0
2024-10-25 11:54:00+00:00,GCT,24.8700008392334,24.8700008392334,24.8700008392334,24.832700729370117,24.850000381469727,1971.0
2024-10-25 11:54:00+00:00,GDS,21.719999313354492,21.719999313354492,21.719999313354492,21.690000534057617,21.690000534057617,2401.0
2024-10-25 11:54:00+00:00,GFS,41.375,41.375,41.380001068115234,41.345001220703125,41.345001220703125,1326.0
2024-10-25 11:54:00+00:00,GILT,4.949900150299072,4.949900150299072,4.949900150299072,4.949900150299072,4.949900150299072,1561.0
2024-10-25 11:54:00+00:00,GRAB,4.090000152587891,4.090000152587891,4.090000152587891,4.082499980926514,4.090000152587891,2229.0
2024-10-25 11:54:00+00:00,HCKT,24.899999618530273,24.899999618530273,24.899999618530273,24.899999618530273,24.899999618530273,512.0
2024-10-25 11:54:00+00:00,HIMX,6.199999809265137,6.199999809265137,6.199999809265137,6.199999809265137,6.199999809265137,110.0
2024-10-25 11:54:00+00:00,HOLO,3.6679999828338623,3.6679999828338623,3.690000057220459,3.649899959564209,3.649899959564209,15431.0
2024-10-25 11:54:00+00:00,HOOD,27.239999771118164,27.239999771118164,27.2450008392334,27.235000610351562,27.239999771118164,5962.0
2024-10-25 11:54:00+00:00,ICHR,27.815000534057617,27.815000534057617,27.815000534057617,27.815000534057617,27.815000534057617,107.0
2024-10-25 11:54:00+00:00,IDAI,0.2298000007867813,0.2298000007867813,0.22990000247955322,0.2296999990940094,0.2296999990940094,6503.0
2024-10-25 11:54:00+00:00,IIIV,22.860000610351562,22.860000610351562,22.860000610351562,22.850000381469727,22.850000381469727,1366.0
2024-10-25 11:54:00+00:00,IMMR,8.75,8.75,8.755000114440918,8.75,8.755000114440918,769.0
2024-10-25 11:54:00+00:00,IMXI,17.649999618530273,17.649999618530273,17.649999618530273,17.649999618530273,17.649999618530273,1045.0
2024-10-25 11:54:00+00:00,INDI,3.5799999237060547,3.5799999237060547,3.5799999237060547,3.569999933242798,3.575000047683716,15806.0
2024-10-25 11:54:00+00:00,INFN,6.789999961853027,6.789999961853027,6.789999961853027,6.789999961853027,6.789999961853027,309.0
2024-10-25 11:54:00+00:00,INTC,23.103599548339844,23.103599548339844,23.110000610351562,23.090099334716797,23.100000381469727,24598.0
2024-10-25 11:54:00+00:00,INTU,610.4149780273438,610.4149780273438,610.4149780273438,610.4000244140625,610.405029296875,1262.0
2024-10-25 11:54:00+00:00,INTZ,0.7448999881744385,0.7448999881744385,0.7450000047683716,0.7448999881744385,0.7450000047683716,2480.0
2024-10-25 11:54:00+00:00,JAMF,16.829999923706055,16.829999923706055,16.84000015258789,16.829999923706055,16.84000015258789,386.0
2024-10-25 11:54:00+00:00,KC,2.700000047683716,2.700000047683716,2.700000047683716,2.700000047683716,2.700000047683716,452.0
2024-10-25 11:54:00+00:00,KLIC,44.31999969482422,44.31999969482422,44.31999969482422,44.30799865722656,44.30799865722656,1113.0
2024-10-25 11:54:00+00:00,LASR,10.470000267028809,10.470000267028809,10.470000267028809,10.470000267028809,10.470000267028809,298.0
2024-10-25 11:54:00+00:00,LINK,4.635000228881836,4.635000228881836,4.635000228881836,4.635000228881836,4.635000228881836,686.0
2024-10-25 11:54:00+00:00,LITE,64.19999694824219,64.19999694824219,64.31320190429688,64.19999694824219,64.31320190429688,3235.0
2024-10-25 11:54:00+00:00,LOGI,81.12999725341797,81.12999725341797,81.12999725341797,81.11000061035156,81.11000061035156,821.0
2024-10-25 11:54:00+00:00,LRCX,79.0,79.0,79.0199966430664,78.94999694824219,79.0199966430664,21355.0
2024-10-25 11:54:00+00:00,LSCC,54.334999084472656,54.334999084472656,54.334999084472656,54.2400016784668,54.25,5333.0
2024-10-25 11:54:00+00:00,LYFT,13.864999771118164,13.864999771118164,13.875,13.859999656677246,13.869999885559082,18074.0
2024-10-25 11:54:00+00:00,LYTS,16.24049949645996,16.24049949645996,16.24049949645996,16.24049949645996,16.24049949645996,107.0
2024-10-25 11:54:00+00:00,MAXN,5.78000020980835,5.78000020980835,5.78000020980835,5.78000020980835,5.78000020980835,880.0
2024-10-25 11:54:00+00:00,MCHP,77.05000305175781,77.05000305175781,77.08999633789062,77.0199966430664,77.02999877929688,6017.0
2024-10-25 11:54:00+00:00,MDB,266.5899963378906,266.5899963378906,266.5899963378906,266.5899963378906,266.5899963378906,570.0
2024-10-25 11:54:00+00:00,MKTW,0.5809999704360962,0.5809999704360962,0.5809999704360962,0.5809999704360962,0.5809999704360962,9190.0
2024-10-25 11:54:00+00:00,MNDY,300.239990234375,300.239990234375,300.2900085449219,300.239990234375,300.2900085449219,996.0
2024-10-25 11:54:00+00:00,MQ,5.264999866485596,5.264999866485596,5.264999866485596,5.264900207519531,5.264999866485596,3524.0
2024-10-25 11:54:00+00:00,MRVL,82.4375,82.4375,82.49579620361328,82.41999816894531,82.45999908447266,20381.0
2024-10-25 11:54:00+00:00,MSFT,429.7929992675781,429.7929992675781,429.8999938964844,429.5799865722656,429.71990966796875,673791.0
2024-10-25 11:54:00+00:00,MSTR,238.35000610351562,238.35000610351562,238.6300048828125,237.60000610351562,237.85000610351562,57177.0
2024-10-25 11:54:00+00:00,MTLS,5.960299968719482,5.960299968719482,5.960299968719482,5.960299968719482,5.960299968719482,296.0
2024-10-25 11:54:00+00:00,MTTR,4.65500020980835,4.65500020980835,4.664999961853027,4.65500020980835,4.664999961853027,6615.0
2024-10-25 11:54:00+00:00,MU,109.02999877929688,109.02999877929688,109.04499816894531,108.9749984741211,109.04000091552734,56866.0
2024-10-25 11:54:00+00:00,MVIS,1.100000023841858,1.100000023841858,1.100000023841858,1.0950000286102295,1.0950000286102295,1104.0
2024-10-25 11:54:00+00:00,MXL,14.989999771118164,14.989999771118164,14.998000144958496,14.960000038146973,14.960000038146973,2607.0
2024-10-25 11:54:00+00:00,NCNO,37.665000915527344,37.665000915527344,37.665000915527344,37.665000915527344,37.665000915527344,108.0
2024-10-25 11:54:00+00:00,NICE,176.4550018310547,176.4550018310547,176.4550018310547,176.4550018310547,176.4550018310547,520.0
2024-10-25 11:54:00+00:00,NTAP,120.41000366210938,120.41000366210938,120.41000366210938,120.3550033569336,120.3550033569336,676.0
2024-10-25 11:54:00+00:00,NTNX,62.435001373291016,62.435001373291016,62.44499969482422,62.435001373291016,62.44499969482422,5579.0
2024-10-25 11:54:00+00:00,NVDA,143.48500061035156,143.48500061035156,143.5500030517578,143.41000366210938,143.5500030517578,485224.0
2024-10-25 11:54:00+00:00,NVTS,2.575000047683716,2.575000047683716,2.5789999961853027,2.575000047683716,2.5789999961853027,275.0
2024-10-25 11:54:00+00:00,NXPI,245.19000244140625,245.19000244140625,245.22999572753906,244.86000061035156,244.94000244140625,8850.0
2024-10-25 11:54:00+00:00,OKTA,72.66999816894531,72.66999816894531,72.66999816894531,72.62999725341797,72.62999725341797,2699.0
2024-10-25 11:54:00+00:00,ON,71.80000305175781,71.80000305175781,71.84500122070312,71.7699966430664,71.83000183105469,27162.0
2024-10-25 11:54:00+00:00,ONDS,0.8799999952316284,0.8799999952316284,0.8799999952316284,0.8799999952316284,0.8799999952316284,1602.0
2024-10-25 11:54:00+00:00,OSIS,136.4600067138672,136.4600067138672,136.89999389648438,136.4600067138672,136.81539916992188,1761.0
2024-10-25 11:54:00+00:00,OTEX,33.349998474121094,33.349998474121094,33.349998474121094,33.31999969482422,33.31999969482422,3121.0
2024-10-25 11:54:00+00:00,PANW,368.5199890136719,368.5199890136719,368.67999267578125,368.5101013183594,368.5101013183594,4330.0
2024-10-25 11:54:00+00:00,PEGA,80.75,80.75,80.75,80.75,80.75,1002.0
2024-10-25 11:54:00+00:00,PEGY,4.769999980926514,4.769999980926514,4.769999980926514,4.769999980926514,4.769999980926514,1204.0
2024-10-25 11:54:00+00:00,PGY,11.770000457763672,11.770000457763672,11.770000457763672,11.770000457763672,11.770000457763672,390.0
2024-10-25 11:54:00+00:00,PHUN,9.925000190734863,9.925000190734863,9.979999542236328,9.920100212097168,9.924200057983398,43349.0
2024-10-25 11:54:00+00:00,PI,204.3000030517578,204.3000030517578,204.3000030517578,204.3000030517578,204.3000030517578,485.0
2024-10-25 11:54:00+00:00,POET,3.979099988937378,3.979099988937378,3.979099988937378,3.9784998893737793,3.9784998893737793,1609.0
2024-10-25 11:54:00+00:00,PRCH,1.3350000381469727,1.3350000381469727,1.3350000381469727,1.3350000381469727,1.3350000381469727,651.0
2024-10-25 11:54:00+00:00,PRTH,5.300000190734863,5.300000190734863,5.300000190734863,5.300000190734863,5.300000190734863,52.0
2024-10-25 11:54:00+00:00,PTC,186.5800018310547,186.5800018310547,186.5800018310547,186.57000732421875,186.57000732421875,867.0
2024-10-25 11:54:00+00:00,PYCR,14.350000381469727,14.350000381469727,14.350000381469727,14.350000381469727,14.350000381469727,14672.0
2024-10-25 11:54:00+00:00,QCOM,172.32000732421875,172.32000732421875,172.3699951171875,172.27000427246094,172.3000030517578,9391.0
2024-10-25 11:54:00+00:00,QLYS,120.3499984741211,120.3499984741211,120.3499984741211,120.3499984741211,120.3499984741211,475.0
2024-10-25 11:54:00+00:00,QRVO,100.19999694824219,100.19999694824219,100.22000122070312,100.18000030517578,100.19000244140625,1739.0
2024-10-25 11:54:00+00:00,QUBT,1.065000057220459,1.065000057220459,1.065000057220459,1.0600999593734741,1.0600999593734741,1904.0
2024-10-25 11:54:00+00:00,QUIK,8.653599739074707,8.653599739074707,8.653599739074707,8.653599739074707,8.653599739074707,1327.0
2024-10-25 11:54:00+00:00,REKR,1.09089994430542,1.09089994430542,1.09089994430542,1.09089994430542,1.09089994430542,409.0
2024-10-25 11:54:00+00:00,RELY,14.729999542236328,14.729999542236328,14.729999542236328,14.729999542236328,14.729999542236328,992.0
2024-10-25 11:54:00+00:00,RGTI,1.2300000190734863,1.2300000190734863,1.2300000190734863,1.2200000286102295,1.225000023841858,9713.0
2024-10-25 11:54:00+00:00,RIOT,9.96500015258789,9.96500015258789,9.969900131225586,9.949999809265137,9.954999923706055,23199.0
2024-10-25 11:54:00+00:00,RMBS,43.40999984741211,43.40999984741211,43.415000915527344,43.400001525878906,43.400001525878906,1961.0
2024-10-25 11:54:00+00:00,RMNI,1.725000023841858,1.725000023841858,1.725000023841858,1.725000023841858,1.725000023841858,4951.0
2024-10-25 11:54:00+00:00,RUM,5.829999923706055,5.829999923706055,5.829999923706055,5.815000057220459,5.815000057220459,7471.0
2024-10-25 11:54:00+00:00,RUN,14.550000190734863,14.550000190734863,14.550000190734863,14.520000457763672,14.520000457763672,7994.0
2024-10-25 11:54:00+00:00,RXT,2.5409998893737793,2.5409998893737793,2.5409998893737793,2.5409998893737793,2.5409998893737793,574.0
2024-10-25 11:54:00+00:00,SANM,67.62999725341797,67.62999725341797,67.62999725341797,67.62999725341797,67.62999725341797,435.0
2024-10-25 11:54:00+00:00,SCSC,45.0099983215332,45.0099983215332,45.0099983215332,45.0099983215332,45.0099983215332,437.0
2024-10-25 11:54:00+00:00,SCWX,8.380000114440918,8.380000114440918,8.380000114440918,8.380000114440918,8.380000114440918,800.0
2024-10-25 11:54:00+00:00,SEDG,16.139999389648438,16.139999389648438,16.149599075317383,16.1200008392334,16.139999389648438,39341.0
2024-10-25 11:54:00+00:00,SHLS,5.349999904632568,5.349999904632568,5.349999904632568,5.34499979019165,5.349999904632568,3593.0
2024-10-25 11:54:00+00:00,SKYT,10.640000343322754,10.640000343322754,10.640000343322754,10.640000343322754,10.640000343322754,116.0
2024-10-25 11:54:00+00:00,SLNHP,13.14840030670166,13.14840030670166,13.14840030670166,13.14840030670166,13.14840030670166,2799.0
2024-10-25 11:54:00+00:00,SMCI,47.4900016784668,47.4900016784668,47.5,47.37990188598633,47.400001525878906,81816.0
2024-10-25 11:54:00+00:00,SMTC,45.7400016784668,45.7400016784668,45.7400016784668,45.7400016784668,45.7400016784668,686.0
2024-10-25 11:54:00+00:00,SNPS,503.510009765625,503.510009765625,503.510009765625,503.1600036621094,503.3949890136719,1803.0
2024-10-25 11:54:00+00:00,SOUN,5.270500183105469,5.270500183105469,5.28000020980835,5.269999980926514,5.274700164794922,48495.0
2024-10-25 11:54:00+00:00,SPT,27.20330047607422,27.20330047607422,27.209999084472656,27.19499969482422,27.209999084472656,1032.0
2024-10-25 11:54:00+00:00,SRAD,12.359999656677246,12.359999656677246,12.359999656677246,12.359999656677246,12.359999656677246,992.0
2024-10-25 11:54:00+00:00,SSNC,69.8499984741211,69.8499984741211,69.8499984741211,69.80000305175781,69.80000305175781,6958.0
2024-10-25 11:54:00+00:00,SSYS,7.142000198364258,7.142000198364258,7.142000198364258,7.142000198364258,7.142000198364258,2018.0
2024-10-25 11:54:00+00:00,STNE,11.46500015258789,11.46500015258789,11.46500015258789,11.46500015258789,11.46500015258789,1361.0
2024-10-25 11:54:00+00:00,STX,104.33499908447266,104.33499908447266,104.3499984741211,104.33499908447266,104.3499984741211,1318.0
2024-10-25 11:54:00+00:00,SWKS,96.48999786376953,96.48999786376953,96.5199966430664,96.44999694824219,96.44999694824219,2832.0
2024-10-25 11:54:00+00:00,TAIT,2.7899999618530273,2.7899999618530273,2.799999952316284,2.7899999618530273,2.799999952316284,2901.0
2024-10-25 11:54:00+00:00,TEAM,189.86500549316406,189.86500549316406,189.86500549316406,189.86500549316406,189.86500549316406,1509.0
2024-10-25 11:54:00+00:00,TENB,41.779998779296875,41.779998779296875,41.779998779296875,41.775001525878906,41.775001525878906,1991.0
2024-10-25 11:54:00+00:00,TER,113.04000091552734,113.04000091552734,113.08000183105469,113.0,113.0,3769.0
2024-10-25 11:54:00+00:00,TLS,3.6700000762939453,3.6700000762939453,3.6700000762939453,3.6700000762939453,3.6700000762939453,103.0
2024-10-25 11:54:00+00:00,TTD,119.43229675292969,119.43229675292969,119.48999786376953,119.43229675292969,119.4800033569336,4376.0
2024-10-25 11:54:00+00:00,TTMI,19.6200008392334,19.6200008392334,19.6200008392334,19.6200008392334,19.6200008392334,595.0
2024-10-25 11:54:00+00:00,TWKS,4.449999809265137,4.449999809265137,4.449999809265137,4.449999809265137,4.449999809265137,10367.0
2024-10-25 11:54:00+00:00,TXN,208.8699951171875,208.8699951171875,208.91000366210938,208.77000427246094,208.77000427246094,3984.0
2024-10-25 11:54:00+00:00,UPLD,2.184999942779541,2.184999942779541,2.184999942779541,2.184999942779541,2.184999942779541,201.0
2024-10-25 11:54:00+00:00,VECO,29.649999618530273,29.649999618530273,29.65999984741211,29.649999618530273,29.655000686645508,1330.0
2024-10-25 11:54:00+00:00,VICR,46.58000183105469,46.58000183105469,46.58000183105469,46.58000183105469,46.58000183105469,452.0
2024-10-25 11:54:00+00:00,VMEO,4.760000228881836,4.760000228881836,4.760000228881836,4.760000228881836,4.760000228881836,227.0
2024-10-25 11:54:00+00:00,VNET,3.484999895095825,3.484999895095825,3.484999895095825,3.484999895095825,3.484999895095825,207.0
2024-10-25 11:54:00+00:00,VRNS,56.7400016784668,56.7400016784668,56.7400016784668,56.68830108642578,56.68830108642578,933.0
2024-10-25 11:54:00+00:00,VRNT,22.179800033569336,22.179800033569336,22.179800033569336,22.179800033569336,22.179800033569336,833.0
2024-10-25 11:54:00+00:00,VRSN,186.5800018310547,186.5800018310547,186.72999572753906,186.5050048828125,186.6699981689453,12898.0
2024-10-25 11:54:00+00:00,VS,2.5606000423431396,2.5606000423431396,2.563800096511841,2.5606000423431396,2.563800096511841,525.0
2024-10-25 11:54:00+00:00,VSAT,10.399999618530273,10.399999618530273,10.399999618530273,10.395000457763672,10.399999618530273,1572.0
2024-10-25 11:54:00+00:00,VUZI,1.315000057220459,1.315000057220459,1.315000057220459,1.315000057220459,1.315000057220459,157.0
2024-10-25 11:54:00+00:00,VVPR,0.7940000295639038,0.7940000295639038,0.7940000295639038,0.7940000295639038,0.7940000295639038,200.0
2024-10-25 11:54:00+00:00,WDAY,239.80999755859375,239.80999755859375,240.02999877929688,239.80999755859375,239.91000366210938,2448.0
2024-10-25 11:54:00+00:00,WDC,71.68499755859375,71.68499755859375,71.75,71.66999816894531,71.75,23945.0
2024-10-25 11:54:00+00:00,XPER,9.449999809265137,9.449999809265137,9.449999809265137,9.449999809265137,9.449999809265137,385.0
2024-10-25 11:54:00+00:00,XRX,10.114999771118164,10.114999771118164,10.114999771118164,10.114999771118164,10.114999771118164,285.0
2024-10-25 11:54:00+00:00,ZBRA,363.3999938964844,363.3999938964844,363.57501220703125,363.3999938964844,363.57501220703125,739.0
2024-10-25 11:54:00+00:00,ZI,10.539999961853027,10.539999961853027,10.550000190734863,10.524999618530273,10.524999618530273,12790.0
2024-10-25 11:54:00+00:00,ZM,73.05000305175781,73.05000305175781,73.05000305175781,73.04499816894531,73.04499816894531,1348.0
2024-10-25 11:55:00+00:00,AAOI,18.1299991607666,18.1299991607666,18.1299991607666,18.114200592041016,18.114200592041016,955.0
2024-10-25 11:55:00+00:00,AAPL,231.8101043701172,231.8101043701172,231.88999938964844,231.80999755859375,231.80999755859375,55109.0
2024-10-25 11:55:00+00:00,ACIW,48.83000183105469,48.83000183105469,48.83000183105469,48.83000183105469,48.83000183105469,575.0
2024-10-25 11:55:00+00:00,ACMR,19.840499877929688,19.840499877929688,19.840499877929688,19.840499877929688,19.840499877929688,432.0
2024-10-25 11:55:00+00:00,ADI,233.30499267578125,233.30499267578125,233.31500244140625,233.30499267578125,233.31500244140625,492.0
2024-10-25 11:55:00+00:00,ADSK,286.42999267578125,286.42999267578125,286.42999267578125,286.42999267578125,286.42999267578125,535.0
2024-10-25 11:55:00+00:00,ADTN,6.389999866485596,6.389999866485596,6.389999866485596,6.389999866485596,6.389999866485596,389.0
2024-10-25 11:55:00+00:00,AEHR,16.90999984741211,16.90999984741211,16.90999984741211,16.889999389648438,16.889999389648438,643.0
2024-10-25 11:55:00+00:00,AEYE,22.75,22.75,22.75,22.75,22.75,119.0
2024-10-25 11:55:00+00:00,AFRM,41.720001220703125,41.720001220703125,41.7400016784668,41.689998626708984,41.689998626708984,5995.0
2024-10-25 11:55:00+00:00,AKAM,103.0999984741211,103.0999984741211,103.0999984741211,103.0999984741211,103.0999984741211,1025.0
2024-10-25 11:55:00+00:00,ALGM,22.799999237060547,22.799999237060547,22.81999969482422,22.799999237060547,22.809999465942383,2475.0
2024-10-25 11:55:00+00:00,AMAT,187.77000427246094,187.77000427246094,187.97000122070312,187.77000427246094,187.85499572753906,4947.0
2024-10-25 11:55:00+00:00,AMBA,58.13999938964844,58.13999938964844,58.13999938964844,58.13999938964844,58.13999938964844,1044.0
2024-10-25 11:55:00+00:00,AMD,157.61990356445312,157.61990356445312,157.7698974609375,157.61000061035156,157.73500061035156,35861.0
2024-10-25 11:55:00+00:00,AMKR,30.09000015258789,30.09000015258789,30.09000015258789,30.075000762939453,30.075000762939453,2070.0
2024-10-25 11:55:00+00:00,ANSS,325.739990234375,325.739990234375,325.739990234375,325.7300109863281,325.7300109863281,473.0
2024-10-25 11:55:00+00:00,API,2.8575000762939453,2.8575000762939453,2.859999895095825,2.8499999046325684,2.8499999046325684,482.0
2024-10-25 11:55:00+00:00,APP,161.4149932861328,161.4149932861328,161.52000427246094,161.3699951171875,161.43499755859375,5040.0
2024-10-25 11:55:00+00:00,ARRY,6.554999828338623,6.554999828338623,6.570000171661377,6.550000190734863,6.570000171661377,22214.0
2024-10-25 11:55:00+00:00,ASML,716.9400024414062,716.9400024414062,716.9400024414062,716.9400024414062,716.9400024414062,1172.0
2024-10-25 11:55:00+00:00,ASUR,9.710000038146973,9.710000038146973,9.710000038146973,9.6899995803833,9.699999809265137,795.0
2024-10-25 11:55:00+00:00,AUR,6.423999786376953,6.423999786376953,6.429999828338623,6.420000076293945,6.429999828338623,6275.0
2024-10-25 11:55:00+00:00,AVDX,8.140000343322754,8.140000343322754,8.140000343322754,8.140000343322754,8.140000343322754,795.0
2024-10-25 11:55:00+00:00,AVGO,175.60000610351562,175.60000610351562,175.80999755859375,175.60000610351562,175.77999877929688,26848.0
2024-10-25 11:55:00+00:00,BASE,16.399999618530273,16.399999618530273,16.399999618530273,16.399999618530273,16.399999618530273,276.0
2024-10-25 11:55:00+00:00,BIGC,5.304999828338623,5.304999828338623,5.304999828338623,5.300000190734863,5.304999828338623,779.0
2024-10-25 11:55:00+00:00,BRZE,30.743999481201172,30.743999481201172,30.760000228881836,30.739999771118164,30.739999771118164,2357.0
2024-10-25 11:55:00+00:00,CAN,0.9934999942779541,0.9934999942779541,0.9950000047683716,0.9919999837875366,0.9919999837875366,1891.0
2024-10-25 11:55:00+00:00,CDNS,259.260009765625,259.260009765625,259.4800109863281,259.19000244140625,259.4800109863281,9855.0
2024-10-25 11:55:00+00:00,CDW,219.14500427246094,219.14500427246094,219.22000122070312,219.14500427246094,219.22000122070312,1227.0
2024-10-25 11:55:00+00:00,CETX,0.29679998755455017,0.29679998755455017,0.29679998755455017,0.29679998755455017,0.29679998755455017,524.0
2024-10-25 11:55:00+00:00,CFLT,22.760000228881836,22.760000228881836,22.760000228881836,22.739999771118164,22.739999771118164,7390.0
2024-10-25 11:55:00+00:00,CGNX,39.03499984741211,39.03499984741211,39.09000015258789,39.029998779296875,39.09000015258789,7643.0
2024-10-25 11:55:00+00:00,CLBT,18.100000381469727,18.100000381469727,18.100000381469727,18.100000381469727,18.100000381469727,326.0
2024-10-25 11:55:00+00:00,CLSK,11.78499984741211,11.78499984741211,11.8100004196167,11.729999542236328,11.734999656677246,107839.0
2024-10-25 11:55:00+00:00,COHR,94.94000244140625,94.94000244140625,95.11000061035156,94.94000244140625,95.08000183105469,6029.0
2024-10-25 11:55:00+00:00,COIN,209.22000122070312,209.22000122070312,209.476806640625,208.52000427246094,208.52000427246094,14007.0
2024-10-25 11:55:00+00:00,COMM,6.320000171661377,6.320000171661377,6.329999923706055,6.320000171661377,6.322700023651123,12151.0
2024-10-25 11:55:00+00:00,CORZ,13.170000076293945,13.170000076293945,13.220000267028809,13.15999984741211,13.163999557495117,35261.0
2024-10-25 11:55:00+00:00,CRCT,6.565000057220459,6.565000057220459,6.565000057220459,6.565000057220459,6.565000057220459,545.0
2024-10-25 11:55:00+00:00,CRDO,39.78499984741211,39.78499984741211,39.790000915527344,39.7599983215332,39.7599983215332,831.0
2024-10-25 11:55:00+00:00,CREX,4.329999923706055,4.329999923706055,4.340000152587891,4.329999923706055,4.340000152587891,1400.0
2024-10-25 11:55:00+00:00,CRNC,2.9100000858306885,2.9100000858306885,2.9100000858306885,2.9100000858306885,2.9100000858306885,926.0
2024-10-25 11:55:00+00:00,CRUS,123.7300033569336,123.7300033569336,123.7300033569336,123.63999938964844,123.66999816894531,2389.0
2024-10-25 11:55:00+00:00,CRWD,308.7300109863281,308.7300109863281,308.7300109863281,308.7300109863281,308.7300109863281,814.0
2024-10-25 11:55:00+00:00,CSCO,55.939998626708984,55.939998626708984,55.959999084472656,55.939998626708984,55.959999084472656,7415.0
2024-10-25 11:55:00+00:00,CSIQ,13.660599708557129,13.660599708557129,13.71500015258789,13.660599708557129,13.710000038146973,8001.0
2024-10-25 11:55:00+00:00,CTLP,8.930000305175781,8.930000305175781,8.930000305175781,8.925000190734863,8.930000305175781,556.0
2024-10-25 11:55:00+00:00,CTSH,74.80999755859375,74.80999755859375,74.80999755859375,74.80999755859375,74.80999755859375,1106.0
2024-10-25 11:55:00+00:00,CVLT,134.2899932861328,134.2899932861328,134.2949981689453,134.2899932861328,134.2949981689453,397.0
2024-10-25 11:55:00+00:00,DAKT,13.149999618530273,13.149999618530273,13.149999618530273,13.119999885559082,13.119999885559082,2228.0
2024-10-25 11:55:00+00:00,DAVE,39.48500061035156,39.48500061035156,39.48500061035156,39.48500061035156,39.48500061035156,153.0
2024-10-25 11:55:00+00:00,DBX,26.030000686645508,26.030000686645508,26.030000686645508,26.030000686645508,26.030000686645508,929.0
2024-10-25 11:55:00+00:00,DDOG,127.23500061035156,127.23500061035156,127.23999786376953,127.21499633789062,127.21499633789062,1246.0
2024-10-25 11:55:00+00:00,DOCU,70.20500183105469,70.20500183105469,70.20500183105469,70.16000366210938,70.16500091552734,4652.0
2024-10-25 11:55:00+00:00,DUOL,288.9549865722656,288.9549865722656,288.9549865722656,288.9549865722656,288.9549865722656,708.0
2024-10-25 11:55:00+00:00,EEFT,100.83000183105469,100.83000183105469,100.83000183105469,100.83000183105469,100.83000183105469,622.0
2024-10-25 11:55:00+00:00,ENPH,83.91999816894531,83.91999816894531,84.0,83.70999908447266,83.72219848632812,14302.0
2024-10-25 11:55:00+00:00,ENTG,105.69000244140625,105.69000244140625,105.7699966430664,105.69000244140625,105.7699966430664,637.0
2024-10-25 11:55:00+00:00,ERIC,8.484999656677246,8.484999656677246,8.489899635314941,8.48069953918457,8.484999656677246,11396.0
2024-10-25 11:55:00+00:00,EXFY,1.7200000286102295,1.7200000286102295,1.7200000286102295,1.715000033378601,1.715000033378601,0.0
2024-10-25 11:55:00+00:00,EXLS,38.97999954223633,38.97999954223633,38.97999954223633,38.97999954223633,38.97999954223633,456.0
2024-10-25 11:55:00+00:00,EXTR,14.444999694824219,14.444999694824219,14.444999694824219,14.4399995803833,14.444999694824219,783.0
2024-10-25 11:55:00+00:00,FEIM,12.324999809265137,12.324999809265137,12.390000343322754,12.324999809265137,12.390000343322754,259.0
2024-10-25 11:55:00+00:00,FFIV,216.7100067138672,216.7100067138672,216.7899932861328,216.7100067138672,216.7899932861328,282.0
2024-10-25 11:55:00+00:00,FIVN,30.344999313354492,30.344999313354492,30.350000381469727,30.344999313354492,30.350000381469727,832.0
2024-10-25 11:55:00+00:00,FLEX,35.31999969482422,35.31999969482422,35.31999969482422,35.310001373291016,35.31999969482422,938.0
2024-10-25 11:55:00+00:00,FLYW,17.510000228881836,17.510000228881836,17.520000457763672,17.485000610351562,17.485000610351562,2596.0
2024-10-25 11:55:00+00:00,FRGT,1.906000018119812,1.906000018119812,1.906000018119812,1.906000018119812,1.906000018119812,1.0
2024-10-25 11:55:00+00:00,FROG,29.420000076293945,29.420000076293945,29.420000076293945,29.420000076293945,29.420000076293945,1005.0
2024-10-25 11:55:00+00:00,FRSH,11.670000076293945,11.670000076293945,11.670000076293945,11.670000076293945,11.670000076293945,388.0
2024-10-25 11:55:00+00:00,FSLR,200.6999969482422,200.6999969482422,200.73049926757812,200.55999755859375,200.6300048828125,2952.0
2024-10-25 11:55:00+00:00,FTNT,81.25,81.25,81.26000213623047,81.2300033569336,81.2300033569336,3481.0
2024-10-25 11:55:00+00:00,GCT,24.8700008392334,24.8700008392334,24.8700008392334,24.846500396728516,24.8700008392334,1316.0
2024-10-25 11:55:00+00:00,GFS,41.380001068115234,41.380001068115234,41.380001068115234,41.380001068115234,41.380001068115234,249.0
2024-10-25 11:55:00+00:00,GPRO,1.3350000381469727,1.3350000381469727,1.340000033378601,1.3350000381469727,1.340000033378601,222.0
2024-10-25 11:55:00+00:00,GRAB,4.085000038146973,4.085000038146973,4.090000152587891,4.085000038146973,4.090000152587891,3161.0
2024-10-25 11:55:00+00:00,GRRR,4.489999771118164,4.489999771118164,4.499000072479248,4.485000133514404,4.485000133514404,995.0
2024-10-25 11:55:00+00:00,GSIT,3.5,3.5,3.5,3.5,3.5,205.0
2024-10-25 11:55:00+00:00,GTLB,55.70000076293945,55.70000076293945,55.70000076293945,55.6885986328125,55.6885986328125,1130.0
2024-10-25 11:55:00+00:00,HCP,33.71500015258789,33.71500015258789,33.720001220703125,33.71500015258789,33.720001220703125,2796.0
2024-10-25 11:55:00+00:00,HIMX,6.204999923706055,6.204999923706055,6.204999923706055,6.204999923706055,6.204999923706055,306.0
2024-10-25 11:55:00+00:00,HLIT,14.795000076293945,14.795000076293945,14.795000076293945,14.795000076293945,14.795000076293945,386.0
2024-10-25 11:55:00+00:00,HOLO,3.6700000762939453,3.6700000762939453,3.680000066757202,3.6607000827789307,3.6607000827789307,5262.0
2024-10-25 11:55:00+00:00,HOOD,27.270000457763672,27.270000457763672,27.270000457763672,27.2450008392334,27.2450008392334,10452.0
2024-10-25 11:55:00+00:00,ICHR,27.790000915527344,27.790000915527344,27.790000915527344,27.790000915527344,27.790000915527344,174.0
2024-10-25 11:55:00+00:00,INDI,3.5799999237060547,3.5799999237060547,3.5799999237060547,3.575000047683716,3.575000047683716,1453.0
2024-10-25 11:55:00+00:00,INFN,6.789999961853027,6.789999961853027,6.789999961853027,6.789999961853027,6.789999961853027,189.0
2024-10-25 11:55:00+00:00,INTC,23.110000610351562,23.110000610351562,23.11989974975586,23.093599319458008,23.104999542236328,43531.0
2024-10-25 11:55:00+00:00,INTU,610.4400024414062,610.4400024414062,610.510009765625,610.4400024414062,610.510009765625,1517.0
2024-10-25 11:55:00+00:00,KC,2.700000047683716,2.700000047683716,2.700000047683716,2.700000047683716,2.700000047683716,154.0
2024-10-25 11:55:00+00:00,KLAC,679.8350219726562,679.8350219726562,679.8350219726562,679.8350219726562,679.8350219726562,1223.0
2024-10-25 11:55:00+00:00,KLIC,44.33000183105469,44.33000183105469,44.33000183105469,44.33000183105469,44.33000183105469,438.0
2024-10-25 11:55:00+00:00,KOSS,7.360000133514404,7.360000133514404,7.360000133514404,7.360000133514404,7.360000133514404,230.0
2024-10-25 11:55:00+00:00,LASR,10.470000267028809,10.470000267028809,10.470000267028809,10.470000267028809,10.470000267028809,307.0
2024-10-25 11:55:00+00:00,LITE,64.19000244140625,64.19000244140625,64.22000122070312,64.19000244140625,64.19499969482422,2099.0
2024-10-25 11:55:00+00:00,LOGI,81.12999725341797,81.12999725341797,81.12999725341797,81.125,81.125,242.0
2024-10-25 11:55:00+00:00,LRCX,79.0,79.0,79.07499694824219,78.99600219726562,78.99600219726562,17057.0
2024-10-25 11:55:00+00:00,LSCC,54.349998474121094,54.349998474121094,54.369998931884766,54.29750061035156,54.29750061035156,4070.0
2024-10-25 11:55:00+00:00,LYFT,13.864999771118164,13.864999771118164,13.869999885559082,13.864999771118164,13.864999771118164,7907.0
2024-10-25 11:55:00+00:00,LYTS,16.260000228881836,16.260000228881836,16.260000228881836,16.260000228881836,16.260000228881836,102.0
2024-10-25 11:55:00+00:00,MANH,275.6400146484375,275.6400146484375,275.6400146484375,275.6400146484375,275.6400146484375,505.0
2024-10-25 11:55:00+00:00,MAXN,5.78000020980835,5.78000020980835,5.78000020980835,5.78000020980835,5.78000020980835,605.0
2024-10-25 11:55:00+00:00,MCHP,77.05000305175781,77.05000305175781,77.08999633789062,77.05000305175781,77.05500030517578,2682.0
2024-10-25 11:55:00+00:00,MDB,266.7799987792969,266.7799987792969,266.8900146484375,266.5400085449219,266.5400085449219,1848.0
2024-10-25 11:55:00+00:00,MGIC,11.149999618530273,11.149999618530273,11.149999618530273,11.130000114440918,11.140000343322754,1530.0
2024-10-25 11:55:00+00:00,MKSI,101.19000244140625,101.19000244140625,101.19000244140625,101.19000244140625,101.19000244140625,786.0
2024-10-25 11:55:00+00:00,MNDY,300.5299987792969,300.5299987792969,300.5299987792969,300.31500244140625,300.31500244140625,533.0
2024-10-25 11:55:00+00:00,MQ,5.264999866485596,5.264999866485596,5.264999866485596,5.264999866485596,5.264999866485596,1146.0
2024-10-25 11:55:00+00:00,MRVL,82.37999725341797,82.37999725341797,82.44999694824219,82.37999725341797,82.43000030517578,22789.0
2024-10-25 11:55:00+00:00,MSFT,429.5899963378906,429.5899963378906,429.83990478515625,429.5292053222656,429.83990478515625,653583.0
2024-10-25 11:55:00+00:00,MSTR,239.7449951171875,239.7449951171875,240.16000366210938,238.3094024658203,238.32000732421875,67664.0
2024-10-25 11:55:00+00:00,MTC,0.3686000108718872,0.3686000108718872,0.3686000108718872,0.3686000108718872,0.3686000108718872,200.0
2024-10-25 11:55:00+00:00,MU,108.91000366210938,108.91000366210938,109.04000091552734,108.91000366210938,109.01499938964844,18176.0
2024-10-25 11:55:00+00:00,MVIS,1.100000023841858,1.100000023841858,1.100000023841858,1.100000023841858,1.100000023841858,113.0
2024-10-25 11:55:00+00:00,MXL,15.029999732971191,15.029999732971191,15.029999732971191,15.0,15.0,6389.0
2024-10-25 11:55:00+00:00,NCNO,37.68000030517578,37.68000030517578,37.68000030517578,37.68000030517578,37.68000030517578,260.0
2024-10-25 11:55:00+00:00,NTAP,120.30000305175781,120.30000305175781,120.30000305175781,120.30000305175781,120.30000305175781,579.0
2024-10-25 11:55:00+00:00,NTNX,62.43000030517578,62.43000030517578,62.439998626708984,62.43000030517578,62.439998626708984,700.0
2024-10-25 11:55:00+00:00,NVDA,143.51499938964844,143.51499938964844,143.6199951171875,143.45399475097656,143.47999572753906,359212.0
2024-10-25 11:55:00+00:00,NVEI,33.525001525878906,33.525001525878906,33.525001525878906,33.525001525878906,33.525001525878906,101.0
2024-10-25 11:55:00+00:00,NVTS,2.5899999141693115,2.5899999141693115,2.5899999141693115,2.5789999961853027,2.5789999961853027,3157.0
2024-10-25 11:55:00+00:00,NXPI,245.1699981689453,245.1699981689453,245.2899932861328,245.11000061035156,245.1300048828125,4278.0
2024-10-25 11:55:00+00:00,OKTA,72.6449966430664,72.6449966430664,72.6449966430664,72.55999755859375,72.55999755859375,1028.0
2024-10-25 11:55:00+00:00,OLED,203.32000732421875,203.32000732421875,203.32000732421875,203.32000732421875,203.32000732421875,835.0
2024-10-25 11:55:00+00:00,ON,71.76000213623047,71.76000213623047,71.80999755859375,71.76000213623047,71.78500366210938,14430.0
2024-10-25 11:55:00+00:00,OSIS,136.60499572753906,136.60499572753906,136.60499572753906,136.60499572753906,136.60499572753906,249.0
2024-10-25 11:55:00+00:00,OTEX,33.34000015258789,33.34000015258789,33.349998474121094,33.34000015258789,33.349998474121094,559.0
2024-10-25 11:55:00+00:00,PANW,368.7579040527344,368.7579040527344,368.7699890136719,368.7099914550781,368.7699890136719,2092.0
2024-10-25 11:55:00+00:00,PAYO,8.279999732971191,8.279999732971191,8.279999732971191,8.279999732971191,8.279999732971191,511.0
2024-10-25 11:55:00+00:00,PEGA,80.70500183105469,80.70500183105469,80.76000213623047,80.69000244140625,80.73500061035156,2741.0
2024-10-25 11:55:00+00:00,PEGY,4.800000190734863,4.800000190734863,4.800000190734863,4.800000190734863,4.800000190734863,560.0
2024-10-25 11:55:00+00:00,PGY,11.779999732971191,11.779999732971191,11.779999732971191,11.779999732971191,11.779999732971191,2089.0
2024-10-25 11:55:00+00:00,PHUN,9.93019962310791,9.93019962310791,9.970000267028809,9.920000076293945,9.920000076293945,41203.0
2024-10-25 11:55:00+00:00,PI,204.69000244140625,204.69000244140625,204.80999755859375,204.5,204.80999755859375,2459.0
2024-10-25 11:55:00+00:00,POET,3.9732000827789307,3.9732000827789307,3.9732000827789307,3.9732000827789307,3.9732000827789307,475.0
2024-10-25 11:55:00+00:00,PTC,186.5399932861328,186.5399932861328,186.5399932861328,186.5,186.5,506.0
2024-10-25 11:55:00+00:00,PYCR,14.350000381469727,14.350000381469727,14.350000381469727,14.350000381469727,14.350000381469727,1833.0
2024-10-25 11:55:00+00:00,QCOM,172.33999633789062,172.33999633789062,172.3695068359375,172.27999877929688,172.3000030517578,11470.0
2024-10-25 11:55:00+00:00,QRVO,100.23999786376953,100.23999786376953,100.26000213623047,100.19999694824219,100.19999694824219,3495.0
2024-10-25 11:55:00+00:00,QUBT,1.065000057220459,1.065000057220459,1.065000057220459,1.065000057220459,1.065000057220459,258.0
2024-10-25 11:55:00+00:00,RELY,14.729999542236328,14.729999542236328,14.729999542236328,14.720999717712402,14.729999542236328,1008.0
2024-10-25 11:55:00+00:00,RGTI,1.23989999294281,1.23989999294281,1.23989999294281,1.2300000190734863,1.2300000190734863,9219.0
2024-10-25 11:55:00+00:00,RIOT,9.989999771118164,9.989999771118164,10.0,9.962200164794922,9.962200164794922,34041.0
2024-10-25 11:55:00+00:00,RMBS,43.43000030517578,43.43000030517578,43.439998626708984,43.41999816894531,43.439998626708984,2115.0
2024-10-25 11:55:00+00:00,RMNI,1.7200000286102295,1.7200000286102295,1.7200000286102295,1.7200000286102295,1.7200000286102295,411.0
2024-10-25 11:55:00+00:00,RPAY,7.599999904632568,7.599999904632568,7.599999904632568,7.599999904632568,7.599999904632568,484.0
2024-10-25 11:55:00+00:00,RUM,5.849999904632568,5.849999904632568,5.849999904632568,5.84499979019165,5.849999904632568,10135.0
2024-10-25 11:55:00+00:00,RUN,14.550000190734863,14.550000190734863,14.5600004196167,14.550000190734863,14.550000190734863,6083.0
2024-10-25 11:55:00+00:00,SATS,25.24090003967285,25.24090003967285,25.24090003967285,25.24090003967285,25.24090003967285,231.0
2024-10-25 11:55:00+00:00,SEDG,16.139999389648438,16.139999389648438,16.15999984741211,16.139999389648438,16.149999618530273,10719.0
2024-10-25 11:55:00+00:00,SHLS,5.331200122833252,5.331200122833252,5.341000080108643,5.329999923706055,5.341000080108643,17857.0
2024-10-25 11:55:00+00:00,SITM,183.8800048828125,183.8800048828125,183.8800048828125,183.8800048828125,183.8800048828125,1144.0
2024-10-25 11:55:00+00:00,SKYT,10.630000114440918,10.630000114440918,10.630000114440918,10.630000114440918,10.630000114440918,1361.0
2024-10-25 11:55:00+00:00,SMCI,47.540000915527344,47.540000915527344,47.57500076293945,47.47999954223633,47.48939895629883,97679.0
2024-10-25 11:55:00+00:00,SMTC,45.82500076293945,45.82500076293945,45.82500076293945,45.82500076293945,45.82500076293945,192.0
2024-10-25 11:55:00+00:00,SNPS,503.0,503.0,503.0,503.0,503.0,278.0
2024-10-25 11:55:00+00:00,SONO,12.820799827575684,12.820799827575684,12.820799827575684,12.820799827575684,12.820799827575684,1215.0
2024-10-25 11:55:00+00:00,SOUN,5.265999794006348,5.265999794006348,5.270100116729736,5.260000228881836,5.269999980926514,22963.0
2024-10-25 11:55:00+00:00,SPSC,173.8000030517578,173.8000030517578,174.32000732421875,173.8000030517578,174.25,3118.0
2024-10-25 11:55:00+00:00,SPT,27.25,27.25,27.260000228881836,27.204999923706055,27.204999923706055,2357.0
2024-10-25 11:55:00+00:00,SSNC,69.8550033569336,69.8550033569336,69.87000274658203,69.81999969482422,69.84500122070312,6532.0
2024-10-25 11:55:00+00:00,STER,16.735000610351562,16.735000610351562,16.735000610351562,16.735000610351562,16.735000610351562,152.0
2024-10-25 11:55:00+00:00,STNE,11.469900131225586,11.469900131225586,11.469900131225586,11.46500015258789,11.46500015258789,2559.0
2024-10-25 11:55:00+00:00,STX,104.18000030517578,104.18000030517578,104.33000183105469,104.18000030517578,104.33000183105469,2788.0
2024-10-25 11:55:00+00:00,SWKS,96.54499816894531,96.54499816894531,96.57499694824219,96.52999877929688,96.52999877929688,1819.0
2024-10-25 11:55:00+00:00,SYTA,1.2599999904632568,1.2599999904632568,1.2599999904632568,1.2599999904632568,1.2599999904632568,810.0
2024-10-25 11:55:00+00:00,TEAM,189.83999633789062,189.83999633789062,189.86500549316406,189.83999633789062,189.86500549316406,932.0
2024-10-25 11:55:00+00:00,TENB,41.79999923706055,41.79999923706055,41.810001373291016,41.79999923706055,41.810001373291016,1010.0
2024-10-25 11:55:00+00:00,TER,112.9800033569336,112.9800033569336,113.05000305175781,112.9800033569336,113.04499816894531,3617.0
2024-10-25 11:55:00+00:00,TRMB,61.01499938964844,61.01499938964844,61.01499938964844,61.010101318359375,61.010101318359375,433.0
2024-10-25 11:55:00+00:00,TSEM,44.939998626708984,44.939998626708984,44.939998626708984,44.939998626708984,44.939998626708984,216.0
2024-10-25 11:55:00+00:00,TTD,119.45500183105469,119.45500183105469,119.45500183105469,119.45500183105469,119.45500183105469,440.0
2024-10-25 11:55:00+00:00,TTMI,19.6299991607666,19.6299991607666,19.6299991607666,19.6299991607666,19.6299991607666,1457.0
2024-10-25 11:55:00+00:00,TWKS,4.449999809265137,4.449999809265137,4.449999809265137,4.449999809265137,4.449999809265137,2001.0
2024-10-25 11:55:00+00:00,TXN,208.9199981689453,208.9199981689453,208.9499969482422,208.88999938964844,208.91000366210938,2304.0
2024-10-25 11:55:00+00:00,UCTT,36.2599983215332,36.2599983215332,36.2599983215332,36.2599983215332,36.2599983215332,893.0
2024-10-25 11:55:00+00:00,UPLD,2.18149995803833,2.18149995803833,2.18149995803833,2.180000066757202,2.180000066757202,1088.0
2024-10-25 11:55:00+00:00,VERI,3.40339994430542,3.40339994430542,3.4240000247955322,3.40339994430542,3.4200000762939453,3329.0
2024-10-25 11:55:00+00:00,VMEO,4.760000228881836,4.760000228881836,4.760000228881836,4.75,4.760000228881836,490.0
2024-10-25 11:55:00+00:00,VNET,3.484999895095825,3.484999895095825,3.484999895095825,3.484999895095825,3.484999895095825,500.0
2024-10-25 11:55:00+00:00,VRNS,56.77000045776367,56.77000045776367,56.779998779296875,56.7400016784668,56.7400016784668,2830.0
2024-10-25 11:55:00+00:00,VRNT,22.149999618530273,22.149999618530273,22.149999618530273,22.149999618530273,22.149999618530273,2244.0
2024-10-25 11:55:00+00:00,VRSN,186.5,186.5,186.5,186.5,186.5,510.0
2024-10-25 11:55:00+00:00,VSAT,10.390000343322754,10.390000343322754,10.420000076293945,10.390000343322754,10.404999732971191,8418.0
2024-10-25 11:55:00+00:00,WALD,3.6700000762939453,3.6700000762939453,3.6700000762939453,3.6700000762939453,3.6700000762939453,400.0
2024-10-25 11:55:00+00:00,WDAY,239.75999450683594,239.75999450683594,239.83999633789062,239.75999450683594,239.83999633789062,1867.0
2024-10-25 11:55:00+00:00,WDC,71.375,71.375,71.68000030517578,71.375,71.68000030517578,63567.0
2024-10-25 11:55:00+00:00,WISA,1.840000033378601,1.840000033378601,1.840000033378601,1.8300000429153442,1.8300000429153442,210.0
2024-10-25 11:55:00+00:00,XRX,10.114999771118164,10.114999771118164,10.114999771118164,10.109999656677246,10.109999656677246,505.0
2024-10-25 11:55:00+00:00,ZBRA,362.760009765625,362.760009765625,363.3299865722656,362.760009765625,363.3299865722656,2131.0
2024-10-25 11:55:00+00:00,ZI,10.545000076293945,10.545000076293945,10.545000076293945,10.539999961853027,10.539999961853027,4011.0
2024-10-25 11:55:00+00:00,ZM,73.03500366210938,73.03500366210938,73.03500366210938,73.03500366210938,73.03500366210938,714.0
2024-10-25 11:55:00+00:00,ZS,186.0699005126953,186.0699005126953,186.0699005126953,186.0399932861328,186.0399932861328,427.0
2024-10-25 11:56:00+00:00,AAOI,18.139799118041992,18.139799118041992,18.139799118041992,18.139799118041992,18.139799118041992,916.0
2024-10-25 11:56:00+00:00,AAPL,231.8800048828125,231.8800048828125,231.89999389648438,231.8000030517578,231.80999755859375,38045.0
2024-10-25 11:56:00+00:00,ACIW,48.827999114990234,48.827999114990234,48.827999114990234,48.827999114990234,48.827999114990234,565.0
2024-10-25 11:56:00+00:00,ACMR,19.8518009185791,19.8518009185791,19.8518009185791,19.8518009185791,19.8518009185791,744.0
2024-10-25 11:56:00+00:00,ADBE,484.2276916503906,484.2276916503906,484.5400085449219,484.2276916503906,484.5400085449219,3490.0
2024-10-25 11:56:00+00:00,ADI,233.55999755859375,233.55999755859375,233.57000732421875,233.31500244140625,233.31500244140625,2186.0
2024-10-25 11:56:00+00:00,ADSK,286.489990234375,286.489990234375,286.55999755859375,286.489990234375,286.55999755859375,668.0
2024-10-25 11:56:00+00:00,AEHR,16.89940071105957,16.89940071105957,16.89940071105957,16.889999389648438,16.889999389648438,595.0
2024-10-25 11:56:00+00:00,AFRM,41.720001220703125,41.720001220703125,41.75,41.720001220703125,41.744998931884766,3512.0
2024-10-25 11:56:00+00:00,AKAM,103.08000183105469,103.08000183105469,103.0999984741211,103.08000183105469,103.0999984741211,1192.0
2024-10-25 11:56:00+00:00,AKTS,0.05779999867081642,0.05779999867081642,0.05779999867081642,0.05779999867081642,0.05779999867081642,39792.0
2024-10-25 11:56:00+00:00,ALGM,22.815000534057617,22.815000534057617,22.815000534057617,22.780000686645508,22.790000915527344,4944.0
2024-10-25 11:56:00+00:00,AMAT,187.89500427246094,187.89500427246094,187.89999389648438,187.8000030517578,187.8000030517578,2460.0
2024-10-25 11:56:00+00:00,AMD,157.72000122070312,157.72000122070312,157.74000549316406,157.61000061035156,157.61500549316406,38595.0
2024-10-25 11:56:00+00:00,AMKR,30.110000610351562,30.110000610351562,30.110000610351562,30.09000015258789,30.09000015258789,1794.0
2024-10-25 11:56:00+00:00,AMPL,9.234999656677246,9.234999656677246,9.234999656677246,9.234999656677246,9.234999656677246,201.0
2024-10-25 11:56:00+00:00,ANSS,325.6000061035156,325.6000061035156,325.6000061035156,325.54998779296875,325.54998779296875,1757.0
2024-10-25 11:56:00+00:00,AOSL,36.66749954223633,36.66749954223633,36.70000076293945,36.66749954223633,36.70000076293945,654.0
2024-10-25 11:56:00+00:00,APP,161.4199981689453,161.4199981689453,161.44000244140625,161.4199981689453,161.44000244140625,1130.0
2024-10-25 11:56:00+00:00,APPN,32.2599983215332,32.2599983215332,32.279998779296875,32.2599983215332,32.279998779296875,525.0
2024-10-25 11:56:00+00:00,APPS,3.0799999237060547,3.0799999237060547,3.0799999237060547,3.0799999237060547,3.0799999237060547,560.0
2024-10-25 11:56:00+00:00,ARRY,6.545000076293945,6.545000076293945,6.550000190734863,6.539999961853027,6.550000190734863,6408.0
2024-10-25 11:56:00+00:00,ASML,716.280029296875,716.280029296875,716.6400146484375,716.219970703125,716.6400146484375,3172.0
2024-10-25 11:56:00+00:00,AUR,6.420000076293945,6.420000076293945,6.425000190734863,6.420000076293945,6.425000190734863,1848.0
2024-10-25 11:56:00+00:00,AUUD,0.6274999976158142,0.6274999976158142,0.6274999976158142,0.6274999976158142,0.6274999976158142,1031.0
2024-10-25 11:56:00+00:00,AVDX,8.135000228881836,8.135000228881836,8.135000228881836,8.135000228881836,8.135000228881836,595.0
2024-10-25 11:56:00+00:00,AVGO,175.6699981689453,175.6699981689453,175.69000244140625,175.6199951171875,175.63999938964844,19295.0
2024-10-25 11:56:00+00:00,AVT,54.209999084472656,54.209999084472656,54.2400016784668,54.20000076293945,54.2400016784668,1821.0
2024-10-25 11:56:00+00:00,BCOV,2.240000009536743,2.240000009536743,2.25,2.240000009536743,2.242000102996826,4375.0
2024-10-25 11:56:00+00:00,BIGC,5.304999828338623,5.304999828338623,5.309999942779541,5.300300121307373,5.300300121307373,3334.0
2024-10-25 11:56:00+00:00,BMBL,7.242000102996826,7.242000102996826,7.244999885559082,7.239999771118164,7.239999771118164,1037.0
2024-10-25 11:56:00+00:00,BRZE,30.790000915527344,30.790000915527344,30.790000915527344,30.780000686645508,30.780000686645508,1138.0
2024-10-25 11:56:00+00:00,BSY,49.15999984741211,49.15999984741211,49.15999984741211,49.15999984741211,49.15999984741211,911.0
2024-10-25 11:56:00+00:00,CAN,0.9936000108718872,0.9936000108718872,0.9936000108718872,0.9936000108718872,0.9936000108718872,1728.0
2024-10-25 11:56:00+00:00,CDNS,259.4200134277344,259.4200134277344,259.4200134277344,259.2200012207031,259.2349853515625,4258.0
2024-10-25 11:56:00+00:00,CETX,0.29679998755455017,0.29679998755455017,0.29679998755455017,0.29679998755455017,0.29679998755455017,253.0
2024-10-25 11:56:00+00:00,CFLT,22.774999618530273,22.774999618530273,22.780000686645508,22.760000228881836,22.760000228881836,2243.0
2024-10-25 11:56:00+00:00,CGNX,39.0099983215332,39.0099983215332,39.029998779296875,39.0099983215332,39.029998779296875,3701.0
2024-10-25 11:56:00+00:00,CLSK,11.849900245666504,11.849900245666504,11.849900245666504,11.779999732971191,11.784000396728516,173508.0
2024-10-25 11:56:00+00:00,CMTL,3.7200000286102295,3.7200000286102295,3.7200000286102295,3.7049999237060547,3.7049999237060547,814.0
2024-10-25 11:56:00+00:00,CNDT,3.6500000953674316,3.6500000953674316,3.6500000953674316,3.6500000953674316,3.6500000953674316,118.0
2024-10-25 11:56:00+00:00,CNXC,45.08000183105469,45.08000183105469,45.08000183105469,45.08000183105469,45.08000183105469,1241.0
2024-10-25 11:56:00+00:00,COHR,95.0,95.0,95.0,94.88999938964844,94.94999694824219,8572.0
2024-10-25 11:56:00+00:00,COIN,209.64500427246094,209.64500427246094,209.6719970703125,209.22999572753906,209.22999572753906,17402.0
2024-10-25 11:56:00+00:00,COMM,6.335000038146973,6.335000038146973,6.34499979019165,6.3125,6.315000057220459,11450.0
2024-10-25 11:56:00+00:00,CORZ,13.210000038146973,13.210000038146973,13.21500015258789,13.170000076293945,13.170000076293945,5204.0
2024-10-25 11:56:00+00:00,CORZW,7.749499797821045,7.749499797821045,7.749499797821045,7.749499797821045,7.749499797821045,232.0
2024-10-25 11:56:00+00:00,CRDO,39.79999923706055,39.79999923706055,39.81999969482422,39.79999923706055,39.79999923706055,642.0
2024-10-25 11:56:00+00:00,CRNC,2.9098000526428223,2.9098000526428223,2.9098000526428223,2.9098000526428223,2.9098000526428223,294.0
2024-10-25 11:56:00+00:00,CRUS,123.55000305175781,123.55000305175781,123.55000305175781,123.55000305175781,123.55000305175781,397.0
2024-10-25 11:56:00+00:00,CRWD,308.7394104003906,308.7394104003906,308.8800048828125,308.5101013183594,308.8800048828125,503.0
2024-10-25 11:56:00+00:00,CSCO,55.935001373291016,55.935001373291016,55.944000244140625,55.9208984375,55.944000244140625,10667.0
2024-10-25 11:56:00+00:00,CSIQ,13.699999809265137,13.699999809265137,13.699999809265137,13.6850004196167,13.6850004196167,3071.0
2024-10-25 11:56:00+00:00,CTLP,8.954999923706055,8.954999923706055,8.960000038146973,8.9399995803833,8.9399995803833,2459.0
2024-10-25 11:56:00+00:00,CTSH,74.81999969482422,74.81999969482422,74.81999969482422,74.79000091552734,74.79000091552734,2239.0
2024-10-25 11:56:00+00:00,CVLT,134.31399536132812,134.31399536132812,134.31399536132812,134.31399536132812,134.31399536132812,394.0
2024-10-25 11:56:00+00:00,DATS,1.5800000429153442,1.5800000429153442,1.5950000286102295,1.5800000429153442,1.5950000286102295,3273.0
2024-10-25 11:56:00+00:00,DAVE,39.55500030517578,39.55500030517578,39.619998931884766,39.55500030517578,39.58000183105469,2242.0
2024-10-25 11:56:00+00:00,DBX,26.020000457763672,26.020000457763672,26.020000457763672,26.020000457763672,26.020000457763672,1924.0
2024-10-25 11:56:00+00:00,DDOG,127.2300033569336,127.2300033569336,127.23999786376953,127.2300033569336,127.2300033569336,1094.0
2024-10-25 11:56:00+00:00,DOCU,70.19999694824219,70.19999694824219,70.20500183105469,70.18000030517578,70.19999694824219,3362.0
2024-10-25 11:56:00+00:00,DUOL,288.9800109863281,288.9800109863281,289.3999938964844,288.9549865722656,288.9549865722656,2009.0
2024-10-25 11:56:00+00:00,ENPH,84.08599853515625,84.08599853515625,84.08599853515625,83.8405990600586,83.91500091552734,46155.0
2024-10-25 11:56:00+00:00,ENTG,105.76000213623047,105.76000213623047,105.76000213623047,105.69000244140625,105.69000244140625,1781.0
2024-10-25 11:56:00+00:00,EXFY,1.7200000286102295,1.7200000286102295,1.725000023841858,1.7200000286102295,1.725000023841858,3692.0
2024-10-25 11:56:00+00:00,EXLS,39.0099983215332,39.0099983215332,39.0099983215332,38.97999954223633,38.9900016784668,1293.0
2024-10-25 11:56:00+00:00,EXTR,14.444999694824219,14.444999694824219,14.444999694824219,14.444999694824219,14.444999694824219,553.0
2024-10-25 11:56:00+00:00,FFIV,216.71499633789062,216.71499633789062,216.8300018310547,216.71499633789062,216.8300018310547,593.0
2024-10-25 11:56:00+00:00,FIVN,30.34000015258789,30.34000015258789,30.360000610351562,30.34000015258789,30.350000381469727,1647.0
2024-10-25 11:56:00+00:00,FLEX,35.31999969482422,35.31999969482422,35.31999969482422,35.29999923706055,35.310001373291016,4157.0
2024-10-25 11:56:00+00:00,FLYW,17.5049991607666,17.5049991607666,17.510000228881836,17.5,17.5,2277.0
2024-10-25 11:56:00+00:00,FRSH,11.675000190734863,11.675000190734863,11.675000190734863,11.675000190734863,11.675000190734863,842.0
2024-10-25 11:56:00+00:00,FSLR,200.72500610351562,200.72500610351562,200.7899932861328,200.55999755859375,200.63999938964844,4697.0
2024-10-25 11:56:00+00:00,FTCI,0.6779000163078308,0.6779000163078308,0.6779000163078308,0.6776999831199646,0.6776999831199646,286.0
2024-10-25 11:56:00+00:00,FTNT,81.26000213623047,81.26000213623047,81.2699966430664,81.25,81.25,3676.0
2024-10-25 11:56:00+00:00,GCT,24.860000610351562,24.860000610351562,24.8799991607666,24.84000015258789,24.8799991607666,2486.0
2024-10-25 11:56:00+00:00,GFS,41.380001068115234,41.380001068115234,41.380001068115234,41.3385009765625,41.349998474121094,3408.0
2024-10-25 11:56:00+00:00,GILT,4.949999809265137,4.949999809265137,4.949999809265137,4.949999809265137,4.949999809265137,177.0
2024-10-25 11:56:00+00:00,GPRO,1.3350000381469727,1.3350000381469727,1.3350000381469727,1.3350000381469727,1.3350000381469727,200.0
2024-10-25 11:56:00+00:00,GRAB,4.084000110626221,4.084000110626221,4.085000038146973,4.081900119781494,4.082499980926514,15930.0
2024-10-25 11:56:00+00:00,GRRR,4.519800186157227,4.519800186157227,4.519800186157227,4.489999771118164,4.489999771118164,1650.0
2024-10-25 11:56:00+00:00,GSIT,3.480299949645996,3.480299949645996,3.480299949645996,3.480299949645996,3.480299949645996,1031.0
2024-10-25 11:56:00+00:00,HCP,33.71500015258789,33.71500015258789,33.71500015258789,33.71500015258789,33.71500015258789,1033.0
2024-10-25 11:56:00+00:00,HLIT,14.770000457763672,14.770000457763672,14.795000076293945,14.770000457763672,14.795000076293945,4783.0
2024-10-25 11:56:00+00:00,HOLO,3.650099992752075,3.650099992752075,3.6700000762939453,3.650099992752075,3.669300079345703,4346.0
2024-10-25 11:56:00+00:00,HOOD,27.290000915527344,27.290000915527344,27.299999237060547,27.264999389648438,27.270000457763672,19033.0
2024-10-25 11:56:00+00:00,IDAI,0.2298000007867813,0.2298000007867813,0.2298000007867813,0.2296999990940094,0.2296999990940094,500.0
2024-10-25 11:56:00+00:00,IMMR,8.75,8.75,8.75,8.75,8.75,126.0
2024-10-25 11:56:00+00:00,INDI,3.5799999237060547,3.5799999237060547,3.5799999237060547,3.5799999237060547,3.5799999237060547,742.0
2024-10-25 11:56:00+00:00,INOD,19.8700008392334,19.8700008392334,19.8700008392334,19.7549991607666,19.799999237060547,5398.0
2024-10-25 11:56:00+00:00,INTA,49.904998779296875,49.904998779296875,49.904998779296875,49.904998779296875,49.904998779296875,675.0
2024-10-25 11:56:00+00:00,INTC,23.114999771118164,23.114999771118164,23.114999771118164,23.100000381469727,23.100000381469727,33449.0
2024-10-25 11:56:00+00:00,KLAC,679.375,679.375,679.75,679.375,679.75,474.0
2024-10-25 11:56:00+00:00,LINK,4.607500076293945,4.607500076293945,4.607500076293945,4.607500076293945,4.607500076293945,1396.0
2024-10-25 11:56:00+00:00,LITE,64.2750015258789,64.2750015258789,64.2750015258789,64.16999816894531,64.19000244140625,3020.0
2024-10-25 11:56:00+00:00,LOGI,81.11000061035156,81.11000061035156,81.11499786376953,81.0999984741211,81.11000061035156,923.0
2024-10-25 11:56:00+00:00,LPSN,1.1700999736785889,1.1700999736785889,1.1700999736785889,1.1700999736785889,1.1700999736785889,2402.0
2024-10-25 11:56:00+00:00,LRCX,79.01000213623047,79.01000213623047,79.02999877929688,78.95999908447266,78.95999908447266,11904.0
2024-10-25 11:56:00+00:00,LSCC,54.380001068115234,54.380001068115234,54.380001068115234,54.34000015258789,54.34000015258789,725.0
2024-10-25 11:56:00+00:00,LUNA,1.8200000524520874,1.8200000524520874,1.8200000524520874,1.8200000524520874,1.8200000524520874,1246.0
2024-10-25 11:56:00+00:00,LYFT,13.864999771118164,13.864999771118164,13.869999885559082,13.860600471496582,13.860600471496582,5159.0
2024-10-25 11:56:00+00:00,MANH,275.6549987792969,275.6549987792969,275.6549987792969,275.6549987792969,275.6549987792969,1120.0
2024-10-25 11:56:00+00:00,MAXN,5.720099925994873,5.720099925994873,5.770100116729736,5.720099925994873,5.769999980926514,5720.0
2024-10-25 11:56:00+00:00,MCHP,77.0999984741211,77.0999984741211,77.0999984741211,77.05000305175781,77.05000305175781,3067.0
2024-10-25 11:56:00+00:00,MDB,266.94500732421875,266.94500732421875,266.94500732421875,266.94500732421875,266.94500732421875,123.0
2024-10-25 11:56:00+00:00,MKSI,101.2699966430664,101.2699966430664,101.2699966430664,101.2699966430664,101.2699966430664,302.0
2024-10-25 11:56:00+00:00,MKTW,0.5799999833106995,0.5799999833106995,0.5831000208854675,0.5799999833106995,0.5814999938011169,18508.0
2024-10-25 11:56:00+00:00,MPWR,916.6699829101562,916.6699829101562,917.0,915.1799926757812,915.1799926757812,1249.0
2024-10-25 11:56:00+00:00,MQ,5.264999866485596,5.264999866485596,5.264999866485596,5.264999866485596,5.264999866485596,2067.0
2024-10-25 11:56:00+00:00,MRVL,82.41999816894531,82.41999816894531,82.44000244140625,82.3499984741211,82.3499984741211,26344.0
2024-10-25 11:56:00+00:00,MSFT,429.55010986328125,429.55010986328125,429.6000061035156,429.4772033691406,429.5513000488281,13227.0
2024-10-25 11:56:00+00:00,MSTR,240.3800048828125,240.3800048828125,240.50999450683594,239.74009704589844,239.80999755859375,49843.0
2024-10-25 11:56:00+00:00,MTSI,120.1500015258789,120.1500015258789,120.1500015258789,120.01499938964844,120.01499938964844,1960.0
2024-10-25 11:56:00+00:00,MTTR,4.65500020980835,4.65500020980835,4.659999847412109,4.650000095367432,4.651500225067139,4974.0
2024-10-25 11:56:00+00:00,MU,108.97989654541016,108.97989654541016,108.9800033569336,108.90789794921875,108.90789794921875,9297.0
2024-10-25 11:56:00+00:00,MVIS,1.0950000286102295,1.0950000286102295,1.100000023841858,1.0950000286102295,1.100000023841858,2700.0
2024-10-25 11:56:00+00:00,MXL,14.949999809265137,14.949999809265137,15.029999732971191,14.930000305175781,15.010000228881836,5383.0
2024-10-25 11:56:00+00:00,NCNO,37.70000076293945,37.70000076293945,37.70000076293945,37.68000030517578,37.68000030517578,903.0
2024-10-25 11:56:00+00:00,NNDM,2.3499999046325684,2.3499999046325684,2.3499999046325684,2.3399999141693115,2.3399999141693115,5589.0
2024-10-25 11:56:00+00:00,NOVT,172.94000244140625,172.94000244140625,172.94000244140625,172.94000244140625,172.94000244140625,252.0
2024-10-25 11:56:00+00:00,NTAP,120.25,120.25,120.30000305175781,120.25,120.27999877929688,1513.0
2024-10-25 11:56:00+00:00,NTNX,62.43000030517578,62.43000030517578,62.43000030517578,62.43000030517578,62.43000030517578,1036.0
2024-10-25 11:56:00+00:00,NVDA,143.53030395507812,143.53030395507812,143.55499267578125,143.4600067138672,143.51080322265625,278919.0
2024-10-25 11:56:00+00:00,NVEI,33.525001525878906,33.525001525878906,33.525001525878906,33.52000045776367,33.52000045776367,201.0
2024-10-25 11:56:00+00:00,NVTS,2.581700086593628,2.581700086593628,2.581700086593628,2.581700086593628,2.581700086593628,792.0
2024-10-25 11:56:00+00:00,NXPI,245.1699981689453,245.1699981689453,245.1699981689453,245.08999633789062,245.08999633789062,1213.0
2024-10-25 11:56:00+00:00,OKTA,72.63999938964844,72.63999938964844,72.63999938964844,72.63999938964844,72.63999938964844,435.0
2024-10-25 11:56:00+00:00,ON,71.83000183105469,71.83000183105469,71.83000183105469,71.75,71.75,5310.0
2024-10-25 11:56:00+00:00,PCTY,173.57000732421875,173.57000732421875,173.73500061035156,173.57000732421875,173.73500061035156,1202.0
2024-10-25 11:56:00+00:00,PEGY,4.782899856567383,4.782899856567383,4.800000190734863,4.782899856567383,4.789999961853027,2330.0
2024-10-25 11:56:00+00:00,PGY,11.789999961853027,11.789999961853027,11.789999961853027,11.789999961853027,11.789999961853027,200.0
2024-10-25 11:56:00+00:00,PHUN,10.039999961853027,10.039999961853027,10.050000190734863,9.9350004196167,9.9350004196167,52427.0
2024-10-25 11:56:00+00:00,PI,204.69000244140625,204.69000244140625,204.69000244140625,204.59500122070312,204.60000610351562,800.0
2024-10-25 11:56:00+00:00,PLAB,23.690000534057617,23.690000534057617,23.690000534057617,23.690000534057617,23.690000534057617,599.0
2024-10-25 11:56:00+00:00,POET,3.9649999141693115,3.9649999141693115,3.9700000286102295,3.9649999141693115,3.9700000286102295,1608.0
2024-10-25 11:56:00+00:00,PRCH,1.3350000381469727,1.3350000381469727,1.3350000381469727,1.3350000381469727,1.3350000381469727,100.0
2024-10-25 11:56:00+00:00,PRTH,5.25,5.25,5.28000020980835,5.25,5.28000020980835,4446.0
2024-10-25 11:56:00+00:00,PTC,186.6699981689453,186.6699981689453,186.6699981689453,186.6699981689453,186.6699981689453,216.0
2024-10-25 11:56:00+00:00,PYCR,14.354999542236328,14.354999542236328,14.354999542236328,14.354999542236328,14.354999542236328,992.0
2024-10-25 11:56:00+00:00,QCOM,172.3800048828125,172.3800048828125,172.38999938964844,172.27999877929688,172.33999633789062,9073.0
2024-10-25 11:56:00+00:00,QLYS,120.5199966430664,120.5199966430664,120.5199966430664,120.5199966430664,120.5199966430664,347.0
2024-10-25 11:56:00+00:00,QRVO,100.27999877929688,100.27999877929688,100.27999877929688,100.26000213623047,100.26000213623047,1302.0
2024-10-25 11:56:00+00:00,QUBT,1.065000057220459,1.065000057220459,1.065000057220459,1.065000057220459,1.065000057220459,743.0
2024-10-25 11:56:00+00:00,RCAT,2.75,2.75,2.75,2.745300054550171,2.745300054550171,300.0
2024-10-25 11:56:00+00:00,REKR,1.090000033378601,1.090000033378601,1.0950000286102295,1.090000033378601,1.0950000286102295,822.0
2024-10-25 11:56:00+00:00,RELY,14.729999542236328,14.729999542236328,14.729999542236328,14.729999542236328,14.729999542236328,916.0
2024-10-25 11:56:00+00:00,RGTI,1.2396999597549438,1.2396999597549438,1.2400000095367432,1.2300000190734863,1.2300000190734863,17427.0
2024-10-25 11:56:00+00:00,RIOT,9.999199867248535,9.999199867248535,9.999699592590332,9.975000381469727,9.979999542236328,46959.0
2024-10-25 11:56:00+00:00,RMBS,43.470001220703125,43.470001220703125,43.47999954223633,43.43000030517578,43.43000030517578,2097.0
2024-10-25 11:56:00+00:00,RUM,5.846700191497803,5.846700191497803,5.846700191497803,5.846700191497803,5.846700191497803,138.0
2024-10-25 11:56:00+00:00,RUN,14.539999961853027,14.539999961853027,14.545000076293945,14.539899826049805,14.539999961853027,8438.0
2024-10-25 11:56:00+00:00,SATS,25.239999771118164,25.239999771118164,25.239999771118164,25.239999771118164,25.239999771118164,764.0
2024-10-25 11:56:00+00:00,SCWX,8.385000228881836,8.385000228881836,8.390000343322754,8.380000114440918,8.380000114440918,21167.0
2024-10-25 11:56:00+00:00,SEDG,16.149999618530273,16.149999618530273,16.15999984741211,16.1299991607666,16.1299991607666,4892.0
2024-10-25 11:56:00+00:00,SHLS,5.350100040435791,5.350100040435791,5.350100040435791,5.334099769592285,5.335000038146973,11157.0
2024-10-25 11:56:00+00:00,SILC,13.029999732971191,13.029999732971191,13.050000190734863,13.029999732971191,13.050000190734863,321.0
2024-10-25 11:56:00+00:00,SLNHP,13.100000381469727,13.100000381469727,13.140000343322754,13.100000381469727,13.140000343322754,0.0
2024-10-25 11:56:00+00:00,SMCI,47.59000015258789,47.59000015258789,47.59000015258789,47.51499938964844,47.54999923706055,88419.0
2024-10-25 11:56:00+00:00,SMTC,45.84000015258789,45.84000015258789,45.84000015258789,45.84000015258789,45.84000015258789,646.0
2024-10-25 11:56:00+00:00,SONO,12.8100004196167,12.8100004196167,12.819999694824219,12.8100004196167,12.819999694824219,1667.0
2024-10-25 11:56:00+00:00,SOUN,5.264999866485596,5.264999866485596,5.269999980926514,5.2600998878479,5.264999866485596,30114.0
2024-10-25 11:56:00+00:00,SPT,27.260000228881836,27.260000228881836,27.260000228881836,27.260000228881836,27.260000228881836,572.0
2024-10-25 11:56:00+00:00,SSNC,69.79000091552734,69.79000091552734,69.82499694824219,69.77999877929688,69.80999755859375,6648.0
2024-10-25 11:56:00+00:00,SSYS,7.139999866485596,7.139999866485596,7.139999866485596,7.139999866485596,7.139999866485596,497.0
2024-10-25 11:56:00+00:00,STNE,11.470000267028809,11.470000267028809,11.470000267028809,11.46500015258789,11.46500015258789,330.0
2024-10-25 11:56:00+00:00,STX,103.9800033569336,103.9800033569336,104.13999938964844,103.91999816894531,104.12000274658203,9876.0
2024-10-25 11:56:00+00:00,SURG,1.75,1.75,1.75,1.75,1.75,0.0
2024-10-25 11:56:00+00:00,SWKS,96.58999633789062,96.58999633789062,96.58999633789062,96.55000305175781,96.55000305175781,2018.0
2024-10-25 11:56:00+00:00,SYNA,73.69999694824219,73.69999694824219,73.75800323486328,73.69999694824219,73.72799682617188,779.0
2024-10-25 11:56:00+00:00,SYTA,1.2699999809265137,1.2699999809265137,1.2725000381469727,1.2699999809265137,1.270900011062622,1686.0
2024-10-25 11:56:00+00:00,TEAM,190.08990478515625,190.08990478515625,190.08990478515625,189.9499969482422,189.9499969482422,3560.0
2024-10-25 11:56:00+00:00,TER,112.9000015258789,112.9000015258789,112.94999694824219,112.83999633789062,112.94999694824219,4870.0
2024-10-25 11:56:00+00:00,TLS,3.6649999618530273,3.6649999618530273,3.6649999618530273,3.6649999618530273,3.6649999618530273,564.0
2024-10-25 11:56:00+00:00,TRMB,60.994998931884766,60.994998931884766,61.01499938964844,60.994998931884766,61.01499938964844,1051.0
2024-10-25 11:56:00+00:00,TTD,119.41190338134766,119.41190338134766,119.45999908447266,119.40499877929688,119.41999816894531,2596.0
2024-10-25 11:56:00+00:00,TWKS,4.449999809265137,4.449999809265137,4.449999809265137,4.449999809265137,4.449999809265137,71.0
2024-10-25 11:56:00+00:00,TXN,209.0800018310547,209.0800018310547,209.0800018310547,208.88999938964844,208.9499969482422,4629.0
2024-10-25 11:56:00+00:00,UCTT,36.220001220703125,36.220001220703125,36.220001220703125,36.220001220703125,36.220001220703125,1680.0
2024-10-25 11:56:00+00:00,VERX,42.224998474121094,42.224998474121094,42.224998474121094,42.224998474121094,42.224998474121094,836.0
2024-10-25 11:56:00+00:00,VMEO,4.760000228881836,4.760000228881836,4.760000228881836,4.760000228881836,4.760000228881836,167.0
2024-10-25 11:56:00+00:00,VNET,3.4702000617980957,3.4702000617980957,3.484999895095825,3.4702000617980957,3.484999895095825,14560.0
2024-10-25 11:56:00+00:00,VRNS,56.7599983215332,56.7599983215332,56.77000045776367,56.7599983215332,56.77000045776367,717.0
2024-10-25 11:56:00+00:00,VRSN,186.5050048828125,186.5050048828125,186.6999969482422,186.5050048828125,186.6699981689453,2083.0
2024-10-25 11:56:00+00:00,VSAT,10.390000343322754,10.390000343322754,10.40999984741211,10.390000343322754,10.390000343322754,13572.0
2024-10-25 11:56:00+00:00,WDAY,239.5500946044922,239.5500946044922,239.75999450683594,239.5500946044922,239.6199951171875,1476.0
2024-10-25 11:56:00+00:00,WDC,71.4000015258789,71.4000015258789,71.41000366210938,71.19999694824219,71.3499984741211,39490.0
2024-10-25 11:56:00+00:00,WISA,1.840000033378601,1.840000033378601,1.840000033378601,1.8300000429153442,1.8300000429153442,1706.0
2024-10-25 11:56:00+00:00,XRX,10.114999771118164,10.114999771118164,10.114999771118164,10.114999771118164,10.114999771118164,244.0
2024-10-25 11:56:00+00:00,ZBRA,362.7300109863281,362.7300109863281,362.7300109863281,362.4200134277344,362.6600036621094,2604.0
2024-10-25 11:56:00+00:00,ZI,10.5649995803833,10.5649995803833,10.5649995803833,10.545000076293945,10.545000076293945,16858.0
2024-10-25 11:56:00+00:00,ZM,73.0199966430664,73.0199966430664,73.0199966430664,73.0199966430664,73.0199966430664,1567.0
2024-10-25 11:56:00+00:00,ZS,185.9199981689453,185.9199981689453,185.9199981689453,185.9199981689453,185.9199981689453,424.0
2024-10-25 11:57:00+00:00,AAOI,18.149999618530273,18.149999618530273,18.149999618530273,18.139999389648438,18.139999389648438,366.0
2024-10-25 11:57:00+00:00,AAPL,231.97000122070312,231.97000122070312,231.97000122070312,231.86000061035156,231.86000061035156,43969.0
2024-10-25 11:57:00+00:00,ACLS,90.69999694824219,90.69999694824219,90.81999969482422,90.69000244140625,90.79000091552734,6706.0
2024-10-25 11:57:00+00:00,ADBE,484.2300109863281,484.2300109863281,484.5899963378906,484.2300109863281,484.2300109863281,2389.0
2024-10-25 11:57:00+00:00,ADI,233.57000732421875,233.57000732421875,233.57000732421875,233.56500244140625,233.56500244140625,1385.0
2024-10-25 11:57:00+00:00,ADSK,286.489990234375,286.489990234375,286.489990234375,286.489990234375,286.489990234375,834.0
2024-10-25 11:57:00+00:00,AEHR,16.93000030517578,16.93000030517578,16.93000030517578,16.93000030517578,16.93000030517578,2540.0
2024-10-25 11:57:00+00:00,AEYE,22.7549991607666,22.7549991607666,22.7549991607666,22.7549991607666,22.7549991607666,365.0
2024-10-25 11:57:00+00:00,AFRM,41.4900016784668,41.4900016784668,41.709999084472656,41.459999084472656,41.709999084472656,213491.0
2024-10-25 11:57:00+00:00,AIRG,9.005000114440918,9.005000114440918,9.005000114440918,9.005000114440918,9.005000114440918,0.0
2024-10-25 11:57:00+00:00,AKTS,0.05779999867081642,0.05779999867081642,0.05779999867081642,0.05779999867081642,0.05779999867081642,35292.0
2024-10-25 11:57:00+00:00,ALGM,22.829999923706055,22.829999923706055,22.829999923706055,22.809999465942383,22.809999465942383,1639.0
2024-10-25 11:57:00+00:00,AMAT,188.0399932861328,188.0399932861328,188.0399932861328,187.94500732421875,187.9600067138672,2258.0
2024-10-25 11:57:00+00:00,AMD,157.7899932861328,157.7899932861328,157.8050994873047,157.67999267578125,157.71499633789062,43903.0
2024-10-25 11:57:00+00:00,AMST,2.899899959564209,2.899899959564209,2.9000000953674316,2.899899959564209,2.9000000953674316,43904.0
2024-10-25 11:57:00+00:00,API,2.859999895095825,2.859999895095825,2.859999895095825,2.859999895095825,2.859999895095825,565.0
2024-10-25 11:57:00+00:00,APP,161.33999633789062,161.33999633789062,161.34500122070312,161.33999633789062,161.34500122070312,1256.0
2024-10-25 11:57:00+00:00,APPF,213.8000030517578,213.8000030517578,214.625,213.7899932861328,214.625,4977.0
2024-10-25 11:57:00+00:00,APPN,32.29999923706055,32.29999923706055,32.29999923706055,32.279998779296875,32.279998779296875,976.0
2024-10-25 11:57:00+00:00,ARRY,6.539999961853027,6.539999961853027,6.559999942779541,6.530200004577637,6.545499801635742,55272.0
2024-10-25 11:57:00+00:00,ASML,716.530029296875,716.530029296875,716.5449829101562,716.530029296875,716.5449829101562,558.0
2024-10-25 11:57:00+00:00,AUR,6.425000190734863,6.425000190734863,6.425300121307373,6.425000190734863,6.425000190734863,3179.0
2024-10-25 11:57:00+00:00,AUUD,0.621999979019165,0.621999979019165,0.621999979019165,0.621999979019165,0.621999979019165,200.0
2024-10-25 11:57:00+00:00,AVGO,175.72999572753906,175.72999572753906,175.8300018310547,175.64999389648438,175.64999389648438,8877.0
2024-10-25 11:57:00+00:00,AZPN,235.67999267578125,235.67999267578125,235.67999267578125,235.67999267578125,235.67999267578125,1205.0
2024-10-25 11:57:00+00:00,BIGC,5.315000057220459,5.315000057220459,5.315000057220459,5.315000057220459,5.315000057220459,1349.0
2024-10-25 11:57:00+00:00,BMBL,7.244999885559082,7.244999885559082,7.25,7.242499828338623,7.242499828338623,4719.0
2024-10-25 11:57:00+00:00,BRZE,30.81999969482422,30.81999969482422,30.81999969482422,30.799999237060547,30.799999237060547,508.0
2024-10-25 11:57:00+00:00,CAN,0.9936000108718872,0.9936000108718872,0.9940000176429749,0.9936000108718872,0.9936000108718872,19258.0
2024-10-25 11:57:00+00:00,CDNS,259.45001220703125,259.45001220703125,259.4599914550781,259.3800048828125,259.4100036621094,1150.0
2024-10-25 11:57:00+00:00,CDW,219.125,219.125,219.13499450683594,219.125,219.13499450683594,3181.0
2024-10-25 11:57:00+00:00,CFLT,22.770000457763672,22.770000457763672,22.780000686645508,22.770000457763672,22.780000686645508,567.0
2024-10-25 11:57:00+00:00,CHKP,207.1699981689453,207.1699981689453,207.1699981689453,207.1699981689453,207.1699981689453,274.0
2024-10-25 11:57:00+00:00,CLBT,18.110000610351562,18.110000610351562,18.110000610351562,18.100000381469727,18.100000381469727,1785.0
2024-10-25 11:57:00+00:00,CLSK,11.829999923706055,11.829999923706055,11.850000381469727,11.824999809265137,11.84000015258789,114555.0
2024-10-25 11:57:00+00:00,COHR,94.98999786376953,94.98999786376953,95.05000305175781,94.93009948730469,94.97000122070312,4268.0
2024-10-25 11:57:00+00:00,COIN,209.58090209960938,209.58090209960938,209.83999633789062,209.33399963378906,209.69000244140625,22680.0
2024-10-25 11:57:00+00:00,COMM,6.335000038146973,6.335000038146973,6.360000133514404,6.335000038146973,6.337399959564209,9516.0
2024-10-25 11:57:00+00:00,CORZ,13.219900131225586,13.219900131225586,13.229999542236328,13.20009994506836,13.219900131225586,6711.0
2024-10-25 11:57:00+00:00,CRDO,39.81999969482422,39.81999969482422,39.81999969482422,39.81999969482422,39.81999969482422,1048.0
2024-10-25 11:57:00+00:00,CRNC,2.9100000858306885,2.9100000858306885,2.9100000858306885,2.9100000858306885,2.9100000858306885,129.0
2024-10-25 11:57:00+00:00,CRUS,123.68000030517578,123.68000030517578,123.68000030517578,123.68000030517578,123.68000030517578,291.0
2024-10-25 11:57:00+00:00,CRWD,308.95001220703125,308.95001220703125,308.95001220703125,308.6012878417969,308.8800048828125,1512.0
2024-10-25 11:57:00+00:00,CSCO,55.94499969482422,55.94499969482422,55.94499969482422,55.93349838256836,55.93880081176758,10427.0
2024-10-25 11:57:00+00:00,CSIQ,13.699999809265137,13.699999809265137,13.699999809265137,13.695899963378906,13.695899963378906,2805.0
2024-10-25 11:57:00+00:00,CTSH,74.81500244140625,74.81500244140625,74.81999969482422,74.81500244140625,74.81500244140625,970.0
2024-10-25 11:57:00+00:00,DBX,26.014999389648438,26.014999389648438,26.014999389648438,26.010000228881836,26.010000228881836,1844.0
2024-10-25 11:57:00+00:00,DDOG,127.19499969482422,127.19499969482422,127.23500061035156,127.19000244140625,127.20999908447266,3581.0
2024-10-25 11:57:00+00:00,DGHI,1.5449999570846558,1.5449999570846558,1.5494999885559082,1.5449999570846558,1.5494999885559082,5541.0
2024-10-25 11:57:00+00:00,DOCU,70.20999908447266,70.20999908447266,70.20999908447266,70.19499969482422,70.19999694824219,1231.0
2024-10-25 11:57:00+00:00,DOMO,7.974999904632568,7.974999904632568,7.989999771118164,7.974999904632568,7.989999771118164,519.0
2024-10-25 11:57:00+00:00,DOX,89.62000274658203,89.62000274658203,89.62000274658203,89.62000274658203,89.62000274658203,261.0
2024-10-25 11:57:00+00:00,DUOL,289.2300109863281,289.2300109863281,289.2300109863281,289.2300109863281,289.2300109863281,871.0
2024-10-25 11:57:00+00:00,EEFT,101.04000091552734,101.04000091552734,101.04000091552734,100.86000061035156,100.86000061035156,5113.0
2024-10-25 11:57:00+00:00,ENPH,84.08999633789062,84.08999633789062,84.22000122070312,83.94000244140625,84.06890106201172,37671.0
2024-10-25 11:57:00+00:00,ENTG,105.81999969482422,105.81999969482422,105.83000183105469,105.81999969482422,105.83000183105469,1183.0
2024-10-25 11:57:00+00:00,ERIC,8.484999656677246,8.484999656677246,8.484999656677246,8.484999656677246,8.484999656677246,3238.0
2024-10-25 11:57:00+00:00,EVCM,10.649999618530273,10.649999618530273,10.649999618530273,10.649999618530273,10.649999618530273,232.0
2024-10-25 11:57:00+00:00,EXLS,39.01499938964844,39.01499938964844,39.01499938964844,39.0099983215332,39.0099983215332,450.0
2024-10-25 11:57:00+00:00,EXTR,14.454999923706055,14.454999923706055,14.454999923706055,14.454999923706055,14.454999923706055,116.0
2024-10-25 11:57:00+00:00,FIVN,30.350000381469727,30.350000381469727,30.364999771118164,30.350000381469727,30.364999771118164,1521.0
2024-10-25 11:57:00+00:00,FLEX,35.33000183105469,35.33000183105469,35.33000183105469,35.33000183105469,35.33000183105469,425.0
2024-10-25 11:57:00+00:00,FLYW,17.510000228881836,17.510000228881836,17.510000228881836,17.510000228881836,17.510000228881836,242.0
2024-10-25 11:57:00+00:00,FORM,45.19499969482422,45.19499969482422,45.2400016784668,45.19499969482422,45.220001220703125,709.0
2024-10-25 11:57:00+00:00,FROG,29.40999984741211,29.40999984741211,29.434999465942383,29.40999984741211,29.420000076293945,1873.0
2024-10-25 11:57:00+00:00,FRSH,11.675000190734863,11.675000190734863,11.675000190734863,11.675000190734863,11.675000190734863,1140.0
2024-10-25 11:57:00+00:00,FSLR,200.74000549316406,200.74000549316406,200.8300018310547,200.74000549316406,200.75999450683594,2031.0
2024-10-25 11:57:00+00:00,FTCI,0.6733999848365784,0.6733999848365784,0.6733999848365784,0.6733999848365784,0.6733999848365784,2052.0
2024-10-25 11:57:00+00:00,FTNT,81.26000213623047,81.26000213623047,81.26000213623047,81.23999786376953,81.23999786376953,2684.0
2024-10-25 11:57:00+00:00,GCT,24.829999923706055,24.829999923706055,24.84709930419922,24.829999923706055,24.84000015258789,860.0
2024-10-25 11:57:00+00:00,GDS,21.729900360107422,21.729900360107422,21.729900360107422,21.709999084472656,21.71500015258789,2976.0
2024-10-25 11:57:00+00:00,GPRO,1.3350000381469727,1.3350000381469727,1.340000033378601,1.3350000381469727,1.340000033378601,4615.0
2024-10-25 11:57:00+00:00,GRAB,4.081699848175049,4.081699848175049,4.085000038146973,4.079999923706055,4.085000038146973,8279.0
2024-10-25 11:57:00+00:00,GRRR,4.519999980926514,4.519999980926514,4.519999980926514,4.510000228881836,4.513299942016602,5212.0
2024-10-25 11:57:00+00:00,GTLB,55.724998474121094,55.724998474121094,55.724998474121094,55.724998474121094,55.724998474121094,420.0
2024-10-25 11:57:00+00:00,HCP,33.71500015258789,33.71500015258789,33.71500015258789,33.71500015258789,33.71500015258789,941.0
2024-10-25 11:57:00+00:00,HIMX,6.199999809265137,6.199999809265137,6.199999809265137,6.199999809265137,6.199999809265137,438.0
2024-10-25 11:57:00+00:00,HLIT,14.760000228881836,14.760000228881836,14.770000457763672,14.757699966430664,14.757699966430664,2570.0
2024-10-25 11:57:00+00:00,HOLO,3.6600000858306885,3.6600000858306885,3.674999952316284,3.6600000858306885,3.674999952316284,5021.0
2024-10-25 11:57:00+00:00,HOOD,27.290000915527344,27.290000915527344,27.295000076293945,27.280000686645508,27.28499984741211,7597.0
2024-10-25 11:57:00+00:00,ICHR,27.815000534057617,27.815000534057617,27.829999923706055,27.815000534057617,27.829999923706055,1633.0
2024-10-25 11:57:00+00:00,IMMR,8.744999885559082,8.744999885559082,8.75,8.744999885559082,8.75,1253.0
2024-10-25 11:57:00+00:00,INDI,3.5799999237060547,3.5799999237060547,3.5799999237060547,3.5799999237060547,3.5799999237060547,450.0
2024-10-25 11:57:00+00:00,INFN,6.793600082397461,6.793600082397461,6.793600082397461,6.793600082397461,6.793600082397461,1283.0
2024-10-25 11:57:00+00:00,INOD,19.8700008392334,19.8700008392334,19.8700008392334,19.850000381469727,19.850000381469727,823.0
2024-10-25 11:57:00+00:00,INTC,23.120100021362305,23.120100021362305,23.1299991607666,23.110000610351562,23.114999771118164,49779.0
2024-10-25 11:57:00+00:00,ITI,7.195000171661377,7.195000171661377,7.195000171661377,7.195000171661377,7.195000171661377,114.0
2024-10-25 11:57:00+00:00,KLAC,680.1199951171875,680.1199951171875,680.1199951171875,679.8615112304688,679.8615112304688,1302.0
2024-10-25 11:57:00+00:00,KOPN,0.7799000144004822,0.7799000144004822,0.7799000144004822,0.7728000283241272,0.7799000144004822,4268.0
2024-10-25 11:57:00+00:00,KOSS,7.406499862670898,7.406499862670898,7.406499862670898,7.406499862670898,7.406499862670898,1057.0
2024-10-25 11:57:00+00:00,LINK,4.809999942779541,4.809999942779541,4.809999942779541,4.648600101470947,4.648600101470947,9356.0
2024-10-25 11:57:00+00:00,LITE,64.28500366210938,64.28500366210938,64.28500366210938,64.28500366210938,64.28500366210938,314.0
2024-10-25 11:57:00+00:00,LOGI,81.16999816894531,81.16999816894531,81.16999816894531,81.12999725341797,81.12999725341797,1984.0
2024-10-25 11:57:00+00:00,LPSN,1.1699999570846558,1.1699999570846558,1.1699999570846558,1.1699999570846558,1.1699999570846558,566.0
2024-10-25 11:57:00+00:00,LRCX,79.06999969482422,79.06999969482422,79.08280181884766,79.0,79.01750183105469,10873.0
2024-10-25 11:57:00+00:00,LSCC,54.415000915527344,54.415000915527344,54.415000915527344,54.380001068115234,54.380001068115234,1551.0
2024-10-25 11:57:00+00:00,LYFT,13.864999771118164,13.864999771118164,13.869999885559082,13.864999771118164,13.869999885559082,2841.0
2024-10-25 11:57:00+00:00,LYTS,16.260000228881836,16.260000228881836,16.260000228881836,16.260000228881836,16.260000228881836,101.0
2024-10-25 11:57:00+00:00,MAPS,0.8497999906539917,0.8497999906539917,0.8497999906539917,0.8497999906539917,0.8497999906539917,198.0
2024-10-25 11:57:00+00:00,MCHP,77.1500015258789,77.1500015258789,77.1500015258789,77.11000061035156,77.12000274658203,3393.0
2024-10-25 11:57:00+00:00,MDB,266.82000732421875,266.82000732421875,266.94500732421875,266.82000732421875,266.94500732421875,719.0
2024-10-25 11:57:00+00:00,MKTW,0.574999988079071,0.574999988079071,0.574999988079071,0.574999988079071,0.574999988079071,889.0
2024-10-25 11:57:00+00:00,MLAB,114.3499984741211,114.3499984741211,114.3499984741211,114.3499984741211,114.3499984741211,980.0
2024-10-25 11:57:00+00:00,MNDY,300.989990234375,300.989990234375,300.989990234375,300.5299987792969,300.5299987792969,1139.0
2024-10-25 11:57:00+00:00,MPWR,917.0,917.0,918.9199829101562,917.0,917.97998046875,983.0
2024-10-25 11:57:00+00:00,MQ,5.264999866485596,5.264999866485596,5.264999866485596,5.264999866485596,5.264999866485596,454.0
2024-10-25 11:57:00+00:00,MRVL,82.4800033569336,82.4800033569336,82.48999786376953,82.4000015258789,82.41999816894531,12468.0
2024-10-25 11:57:00+00:00,MSFT,429.739990234375,429.739990234375,429.7699890136719,429.57000732421875,429.5820007324219,29758.0
2024-10-25 11:57:00+00:00,MSTR,239.74429321289062,239.74429321289062,240.5,239.38999938964844,240.49000549316406,51721.0
2024-10-25 11:57:00+00:00,MTC,0.3693999946117401,0.3693999946117401,0.3693999946117401,0.3693999946117401,0.3693999946117401,1585.0
2024-10-25 11:57:00+00:00,MTLS,5.96999979019165,5.96999979019165,5.96999979019165,5.96999979019165,5.96999979019165,951.0
2024-10-25 11:57:00+00:00,MU,109.05989837646484,109.05989837646484,109.05989837646484,108.9800033569336,108.9800033569336,14948.0
2024-10-25 11:57:00+00:00,MVIS,1.100000023841858,1.100000023841858,1.100000023841858,1.0950000286102295,1.100000023841858,0.0
2024-10-25 11:57:00+00:00,MXL,14.979999542236328,14.979999542236328,14.979999542236328,14.930000305175781,14.944999694824219,1772.0
2024-10-25 11:57:00+00:00,NCNO,37.70000076293945,37.70000076293945,37.720001220703125,37.689998626708984,37.70000076293945,3300.0
2024-10-25 11:57:00+00:00,NNDM,2.3499999046325684,2.3499999046325684,2.3499999046325684,2.3499999046325684,2.3499999046325684,1116.0
2024-10-25 11:57:00+00:00,NTGR,20.399999618530273,20.399999618530273,20.399999618530273,20.399999618530273,20.399999618530273,684.0
2024-10-25 11:57:00+00:00,NTNX,62.415000915527344,62.415000915527344,62.415000915527344,62.415000915527344,62.415000915527344,174.0
2024-10-25 11:57:00+00:00,NVDA,143.66000366210938,143.66000366210938,143.6750030517578,143.50999450683594,143.53500366210938,388879.0
2024-10-25 11:57:00+00:00,NVEI,33.529300689697266,33.529300689697266,33.529300689697266,33.52000045776367,33.52000045776367,2148.0
2024-10-25 11:57:00+00:00,NVMI,184.3800048828125,184.3800048828125,184.3800048828125,184.3800048828125,184.3800048828125,206.0
2024-10-25 11:57:00+00:00,NVTS,2.5850000381469727,2.5850000381469727,2.589900016784668,2.5850000381469727,2.589900016784668,4506.0
2024-10-25 11:57:00+00:00,NXPI,245.22000122070312,245.22000122070312,245.30999755859375,245.16000366210938,245.16000366210938,1332.0
2024-10-25 11:57:00+00:00,OKTA,72.62999725341797,72.62999725341797,72.62999725341797,72.62000274658203,72.62000274658203,567.0
2024-10-25 11:57:00+00:00,ON,71.81999969482422,71.81999969482422,71.87000274658203,71.81999969482422,71.83000183105469,10417.0
2024-10-25 11:57:00+00:00,OSIS,136.5,136.5,136.5,136.5,136.5,1431.0
2024-10-25 11:57:00+00:00,PAYO,8.28499984741211,8.28499984741211,8.289999961853027,8.28499984741211,8.28499984741211,1756.0
2024-10-25 11:57:00+00:00,PEGA,80.63690185546875,80.63690185546875,80.67500305175781,80.63690185546875,80.67500305175781,804.0
2024-10-25 11:57:00+00:00,PEGY,4.800000190734863,4.800000190734863,4.800000190734863,4.800000190734863,4.800000190734863,4002.0
2024-10-25 11:57:00+00:00,PGY,11.789999961853027,11.789999961853027,11.789999961853027,11.789999961853027,11.789999961853027,1900.0
2024-10-25 11:57:00+00:00,PHUN,10.03499984741211,10.03499984741211,10.077500343322754,10.029999732971191,10.039999961853027,40161.0
2024-10-25 11:57:00+00:00,PI,204.6999969482422,204.6999969482422,204.6999969482422,204.6999969482422,204.6999969482422,392.0
2024-10-25 11:57:00+00:00,POWI,64.1050033569336,64.1050033569336,64.1050033569336,64.09459686279297,64.09459686279297,1015.0
2024-10-25 11:57:00+00:00,PRCH,1.340000033378601,1.340000033378601,1.340000033378601,1.340000033378601,1.340000033378601,100.0
2024-10-25 11:57:00+00:00,PRTH,5.25,5.25,5.275000095367432,5.25,5.275000095367432,39920.0
2024-10-25 11:57:00+00:00,PTC,186.5500030517578,186.5500030517578,186.5500030517578,186.5500030517578,186.5500030517578,823.0
2024-10-25 11:57:00+00:00,PYCR,14.354999542236328,14.354999542236328,14.359999656677246,14.350000381469727,14.350000381469727,1359.0
2024-10-25 11:57:00+00:00,QCOM,172.53500366210938,172.53500366210938,172.53500366210938,172.41009521484375,172.4499969482422,5435.0
2024-10-25 11:57:00+00:00,QLYS,120.5,120.5,120.5,120.5,120.5,394.0
2024-10-25 11:57:00+00:00,QMCO,5.175000190734863,5.175000190734863,5.175000190734863,5.175000190734863,5.175000190734863,858.0
2024-10-25 11:57:00+00:00,QRVO,100.37999725341797,100.37999725341797,100.37999725341797,100.37999725341797,100.37999725341797,567.0
2024-10-25 11:57:00+00:00,RCAT,2.744999885559082,2.744999885559082,2.744999885559082,2.744999885559082,2.744999885559082,268.0
2024-10-25 11:57:00+00:00,RELY,14.720000267028809,14.720000267028809,14.720000267028809,14.720000267028809,14.720000267028809,986.0
2024-10-25 11:57:00+00:00,RGTI,1.2300000190734863,1.2300000190734863,1.2400000095367432,1.2300000190734863,1.2350000143051147,20343.0
2024-10-25 11:57:00+00:00,RIOT,9.989999771118164,9.989999771118164,10.0,9.984000205993652,9.994999885559082,20679.0
2024-10-25 11:57:00+00:00,RMBS,43.47999954223633,43.47999954223633,43.47999954223633,43.47999954223633,43.47999954223633,676.0
2024-10-25 11:57:00+00:00,RMNI,1.7300000190734863,1.7300000190734863,1.7300000190734863,1.725000023841858,1.725000023841858,1084.0
2024-10-25 11:57:00+00:00,RUM,5.843999862670898,5.843999862670898,5.84499979019165,5.840000152587891,5.84499979019165,1224.0
2024-10-25 11:57:00+00:00,RUN,14.529999732971191,14.529999732971191,14.545999526977539,14.529999732971191,14.539999961853027,2444.0
2024-10-25 11:57:00+00:00,SANM,67.66999816894531,67.66999816894531,67.66999816894531,67.66999816894531,67.66999816894531,654.0
2024-10-25 11:57:00+00:00,SATS,25.229999542236328,25.229999542236328,25.239999771118164,25.209999084472656,25.239999771118164,4357.0
2024-10-25 11:57:00+00:00,SCKT,1.1699999570846558,1.1699999570846558,1.1699999570846558,1.1699999570846558,1.1699999570846558,205.0
2024-10-25 11:57:00+00:00,SEDG,16.170000076293945,16.170000076293945,16.170000076293945,16.149999618530273,16.149999618530273,5584.0
2024-10-25 11:57:00+00:00,SHLS,5.355000019073486,5.355000019073486,5.355000019073486,5.349999904632568,5.355000019073486,5876.0
2024-10-25 11:57:00+00:00,SIMO,57.060001373291016,57.060001373291016,57.08000183105469,57.04999923706055,57.08000183105469,1245.0
2024-10-25 11:57:00+00:00,SMCI,47.650001525878906,47.650001525878906,47.749900817871094,47.560001373291016,47.59989929199219,130917.0
2024-10-25 11:57:00+00:00,SNPS,502.9949951171875,502.9949951171875,502.9949951171875,502.9949951171875,502.9949951171875,694.0
2024-10-25 11:57:00+00:00,SOUN,5.25,5.25,5.269999980926514,5.25,5.269999980926514,130353.0
2024-10-25 11:57:00+00:00,SPSC,173.6699981689453,173.6699981689453,173.6999969482422,173.64500427246094,173.6999969482422,1491.0
2024-10-25 11:57:00+00:00,SSNC,69.81500244140625,69.81500244140625,69.81999969482422,69.79499816894531,69.80999755859375,2907.0
2024-10-25 11:57:00+00:00,STNE,11.479999542236328,11.479999542236328,11.489999771118164,11.465200424194336,11.465200424194336,10381.0
2024-10-25 11:57:00+00:00,STX,104.05000305175781,104.05000305175781,104.08000183105469,103.9800033569336,103.9800033569336,2989.0
2024-10-25 11:57:00+00:00,SVRE,0.08209999650716782,0.08209999650716782,0.08209999650716782,0.08209999650716782,0.08209999650716782,4022.0
2024-10-25 11:57:00+00:00,SWKS,96.70999908447266,96.70999908447266,96.70999908447266,96.70999908447266,96.70999908447266,183.0
2024-10-25 11:57:00+00:00,SYNA,73.70500183105469,73.70500183105469,73.70500183105469,73.70500183105469,73.70500183105469,1278.0
2024-10-25 11:57:00+00:00,TEAM,190.02499389648438,190.02499389648438,190.07000732421875,190.02499389648438,190.07000732421875,1004.0
2024-10-25 11:57:00+00:00,TER,112.95939636230469,112.95939636230469,112.95999908447266,112.87899780273438,112.91500091552734,2778.0
2024-10-25 11:57:00+00:00,TLS,3.6649999618530273,3.6649999618530273,3.6700000762939453,3.6649999618530273,3.6700000762939453,305.0
2024-10-25 11:57:00+00:00,TRMB,61.0099983215332,61.0099983215332,61.0099983215332,61.0099983215332,61.0099983215332,474.0
2024-10-25 11:57:00+00:00,TTD,119.44000244140625,119.44000244140625,119.44000244140625,119.44000244140625,119.44000244140625,847.0
2024-10-25 11:57:00+00:00,TWKS,4.449999809265137,4.449999809265137,4.449999809265137,4.449999809265137,4.449999809265137,11215.0
2024-10-25 11:57:00+00:00,TXN,209.0500030517578,209.0500030517578,209.14999389648438,209.02999877929688,209.07000732421875,3646.0
2024-10-25 11:57:00+00:00,UCTT,36.24129867553711,36.24129867553711,36.24129867553711,36.24129867553711,36.24129867553711,475.0
2024-10-25 11:57:00+00:00,VECO,29.59000015258789,29.59000015258789,29.649999618530273,29.59000015258789,29.649999618530273,13211.0
2024-10-25 11:57:00+00:00,VMEO,4.760000228881836,4.760000228881836,4.760000228881836,4.760000228881836,4.760000228881836,350.0
2024-10-25 11:57:00+00:00,VRNS,56.86000061035156,56.86000061035156,56.86000061035156,56.79999923706055,56.79999923706055,1980.0
2024-10-25 11:57:00+00:00,VSAT,10.430000305175781,10.430000305175781,10.430000305175781,10.399999618530273,10.399999618530273,2905.0
2024-10-25 11:57:00+00:00,WATT,0.5950000286102295,0.5950000286102295,0.5950000286102295,0.5950000286102295,0.5950000286102295,844.0
2024-10-25 11:57:00+00:00,WDC,71.45999908447266,71.45999908447266,71.47000122070312,71.37470245361328,71.37470245361328,5793.0
2024-10-25 11:57:00+00:00,WISA,1.850000023841858,1.850000023841858,1.850000023841858,1.8450000286102295,1.8450000286102295,300.0
2024-10-25 11:57:00+00:00,WRAP,1.7800999879837036,1.7800999879837036,1.809999942779541,1.7800999879837036,1.809999942779541,4248.0
2024-10-25 11:57:00+00:00,XPER,9.449999809265137,9.449999809265137,9.449999809265137,9.449999809265137,9.449999809265137,297.0
2024-10-25 11:57:00+00:00,XRX,10.114999771118164,10.114999771118164,10.114999771118164,10.114999771118164,10.114999771118164,841.0
2024-10-25 11:57:00+00:00,ZI,10.5649995803833,10.5649995803833,10.5649995803833,10.5649995803833,10.5649995803833,2546.0
2024-10-25 11:57:00+00:00,ZM,73.02989959716797,73.02989959716797,73.02999877929688,73.01000213623047,73.01000213623047,2944.0
2024-10-25 11:57:00+00:00,ZS,186.13999938964844,186.13999938964844,186.13999938964844,186.07000732421875,186.07000732421875,686.0
2024-10-25 11:58:00+00:00,AAOI,18.149999618530273,18.149999618530273,18.170000076293945,18.149999618530273,18.15880012512207,1307.0
2024-10-25 11:58:00+00:00,AAPL,231.9499969482422,231.9499969482422,231.97000122070312,231.9300994873047,231.9499969482422,25338.0
2024-10-25 11:58:00+00:00,ACLS,90.69000244140625,90.69000244140625,90.69999694824219,90.69000244140625,90.69999694824219,2029.0
2024-10-25 11:58:00+00:00,ACMR,19.875,19.875,19.8799991607666,19.8700008392334,19.8700008392334,1253.0
2024-10-25 11:58:00+00:00,ADBE,484.3349914550781,484.3349914550781,484.3500061035156,484.0600891113281,484.3500061035156,4075.0
2024-10-25 11:58:00+00:00,ADI,233.55999755859375,233.55999755859375,233.63499450683594,233.55999755859375,233.63499450683594,3517.0
2024-10-25 11:58:00+00:00,ADSK,286.5199890136719,286.5199890136719,286.5199890136719,286.5199890136719,286.5199890136719,1318.0
2024-10-25 11:58:00+00:00,ADTN,6.394999980926514,6.394999980926514,6.394999980926514,6.389999866485596,6.389999866485596,1080.0
2024-10-25 11:58:00+00:00,AEHR,16.950000762939453,16.950000762939453,16.979999542236328,16.950000762939453,16.979999542236328,1270.0
2024-10-25 11:58:00+00:00,AEYE,22.75,22.75,22.75,22.75,22.75,1365.0
2024-10-25 11:58:00+00:00,AFRM,41.560001373291016,41.560001373291016,41.560001373291016,41.505001068115234,41.5099983215332,9560.0
2024-10-25 11:58:00+00:00,AKAM,103.0999984741211,103.0999984741211,103.0999984741211,103.0999984741211,103.0999984741211,466.0
2024-10-25 11:58:00+00:00,AKTS,0.05779999867081642,0.05779999867081642,0.05779999867081642,0.05779999867081642,0.05779999867081642,3560.0
2024-10-25 11:58:00+00:00,ALGM,22.84000015258789,22.84000015258789,22.84000015258789,22.825000762939453,22.84000015258789,2645.0
2024-10-25 11:58:00+00:00,ALKT,38.154998779296875,38.154998779296875,38.15999984741211,38.11000061035156,38.11000061035156,3396.0
2024-10-25 11:58:00+00:00,ALTR,104.16000366210938,104.16000366210938,104.16000366210938,104.01000213623047,104.01000213623047,2498.0
2024-10-25 11:58:00+00:00,AMAT,188.19000244140625,188.19000244140625,188.19000244140625,188.0399932861328,188.0500030517578,3225.0
2024-10-25 11:58:00+00:00,AMD,157.826904296875,157.826904296875,157.85000610351562,157.72999572753906,157.77499389648438,27769.0
2024-10-25 11:58:00+00:00,AMKR,30.1299991607666,30.1299991607666,30.1299991607666,30.1299991607666,30.1299991607666,835.0
2024-10-25 11:58:00+00:00,AMPL,9.239100456237793,9.239100456237793,9.239100456237793,9.239100456237793,9.239100456237793,243.0
2024-10-25 11:58:00+00:00,ANSS,325.7099914550781,325.7099914550781,325.7099914550781,325.489990234375,325.489990234375,2543.0
2024-10-25 11:58:00+00:00,API,2.8499999046325684,2.8499999046325684,2.8550000190734863,2.8499999046325684,2.8550000190734863,8442.0
2024-10-25 11:58:00+00:00,APP,161.5,161.5,161.52999877929688,161.42999267578125,161.42999267578125,5013.0
2024-10-25 11:58:00+00:00,APPF,214.14999389648438,214.14999389648438,214.14999389648438,213.7899932861328,213.7899932861328,1999.0
2024-10-25 11:58:00+00:00,APPN,32.290000915527344,32.290000915527344,32.29999923706055,32.290000915527344,32.29999923706055,1140.0
2024-10-25 11:58:00+00:00,APPS,3.0850000381469727,3.0850000381469727,3.0850000381469727,3.0850000381469727,3.0850000381469727,742.0
2024-10-25 11:58:00+00:00,ARQQ,7.199999809265137,7.199999809265137,7.199999809265137,7.199999809265137,7.199999809265137,179.0
2024-10-25 11:58:00+00:00,ARRY,6.5355000495910645,6.5355000495910645,6.550000190734863,6.5355000495910645,6.539999961853027,9758.0
2024-10-25 11:58:00+00:00,ASML,716.6900024414062,716.6900024414062,716.6900024414062,716.6900024414062,716.6900024414062,1284.0
2024-10-25 11:58:00+00:00,AUR,6.414400100708008,6.414400100708008,6.420000076293945,6.414400100708008,6.420000076293945,5414.0
2024-10-25 11:58:00+00:00,AVGO,175.85000610351562,175.85000610351562,175.85000610351562,175.72000122070312,175.72999572753906,10904.0
2024-10-25 11:58:00+00:00,AVT,54.22999954223633,54.22999954223633,54.22999954223633,54.22999954223633,54.22999954223633,1365.0
2024-10-25 11:58:00+00:00,BAND,17.690000534057617,17.690000534057617,17.690000534057617,17.690000534057617,17.690000534057617,1560.0
2024-10-25 11:58:00+00:00,BL,56.415000915527344,56.415000915527344,56.415000915527344,56.4026985168457,56.4026985168457,1537.0
2024-10-25 11:58:00+00:00,BLKB,86.125,86.125,86.125,85.91000366210938,85.91000366210938,2305.0
2024-10-25 11:58:00+00:00,BRZE,30.770000457763672,30.770000457763672,30.809999465942383,30.770000457763672,30.809999465942383,2068.0
2024-10-25 11:58:00+00:00,BSY,49.189998626708984,49.189998626708984,49.189998626708984,49.189998626708984,49.189998626708984,508.0
2024-10-25 11:58:00+00:00,CAMT,78.37999725341797,78.37999725341797,78.37999725341797,78.37999725341797,78.37999725341797,900.0
2024-10-25 11:58:00+00:00,CAN,0.9934999942779541,0.9934999942779541,0.9937999844551086,0.9934999942779541,0.9936000108718872,1549.0
2024-10-25 11:58:00+00:00,CDNS,259.4800109863281,259.4800109863281,259.4800109863281,259.3900146484375,259.4100036621094,2643.0
2024-10-25 11:58:00+00:00,CDW,219.1699981689453,219.1699981689453,219.19000244140625,219.1649932861328,219.19000244140625,1628.0
2024-10-25 11:58:00+00:00,CETX,0.29760000109672546,0.29760000109672546,0.29760000109672546,0.2969000041484833,0.2969000041484833,9378.0
2024-10-25 11:58:00+00:00,CFLT,22.757999420166016,22.757999420166016,22.770000457763672,22.757999420166016,22.760000228881836,2944.0
2024-10-25 11:58:00+00:00,CGNX,39.0099983215332,39.0099983215332,39.0099983215332,39.0099983215332,39.0099983215332,523.0
2024-10-25 11:58:00+00:00,CHKP,207.29750061035156,207.29750061035156,207.3300018310547,207.27999877929688,207.27999877929688,2792.0
2024-10-25 11:58:00+00:00,CLSK,11.835000038146973,11.835000038146973,11.84000015258789,11.824999809265137,11.831600189208984,32734.0
2024-10-25 11:58:00+00:00,CNDT,3.6549999713897705,3.6549999713897705,3.6549999713897705,3.6549999713897705,3.6549999713897705,934.0
2024-10-25 11:58:00+00:00,CNXC,45.099998474121094,45.099998474121094,45.099998474121094,45.099998474121094,45.099998474121094,1551.0
2024-10-25 11:58:00+00:00,COHR,95.05000305175781,95.05000305175781,95.08000183105469,95.01000213623047,95.05000305175781,3493.0
2024-10-25 11:58:00+00:00,COHU,26.290000915527344,26.290000915527344,26.290000915527344,26.290000915527344,26.290000915527344,384.0
2024-10-25 11:58:00+00:00,COIN,209.77000427246094,209.77000427246094,209.8000030517578,209.4344024658203,209.60000610351562,6880.0
2024-10-25 11:58:00+00:00,CORZ,13.234700202941895,13.234700202941895,13.236000061035156,13.210000038146973,13.21500015258789,8731.0
2024-10-25 11:58:00+00:00,CRDO,39.80500030517578,39.80500030517578,39.80500030517578,39.79999923706055,39.79999923706055,1083.0
2024-10-25 11:58:00+00:00,CRWD,308.95001220703125,308.95001220703125,308.95001220703125,308.9200134277344,308.92999267578125,1850.0
2024-10-25 11:58:00+00:00,CSCO,55.96500015258789,55.96500015258789,55.970001220703125,55.94499969482422,55.95000076293945,9168.0
2024-10-25 11:58:00+00:00,CSIQ,13.725000381469727,13.725000381469727,13.729999542236328,13.720000267028809,13.720000267028809,2686.0
2024-10-25 11:58:00+00:00,CTLP,8.923999786376953,8.923999786376953,8.949999809265137,8.920000076293945,8.949999809265137,3434.0
2024-10-25 11:58:00+00:00,CTSH,74.8499984741211,74.8499984741211,74.86000061035156,74.81500244140625,74.81500244140625,3609.0
2024-10-25 11:58:00+00:00,CVLT,134.38999938964844,134.38999938964844,134.44500732421875,134.38999938964844,134.38999938964844,1372.0
2024-10-25 11:58:00+00:00,DAVE,39.750301361083984,39.750301361083984,39.750301361083984,39.750301361083984,39.750301361083984,232.0
2024-10-25 11:58:00+00:00,DBX,26.020000457763672,26.020000457763672,26.024999618530273,26.014999389648438,26.014999389648438,4989.0
2024-10-25 11:58:00+00:00,DDOG,127.16500091552734,127.16500091552734,127.19000244140625,127.16500091552734,127.18000030517578,3055.0
2024-10-25 11:58:00+00:00,DGHI,1.559999942779541,1.559999942779541,1.559999942779541,1.5499999523162842,1.5499999523162842,7369.0
2024-10-25 11:58:00+00:00,DGII,30.579999923706055,30.579999923706055,30.579999923706055,30.579999923706055,30.579999923706055,1194.0
2024-10-25 11:58:00+00:00,DLO,8.8100004196167,8.8100004196167,8.8100004196167,8.805000305175781,8.8100004196167,1491.0
2024-10-25 11:58:00+00:00,DOCU,70.20500183105469,70.20500183105469,70.20500183105469,70.19499969482422,70.20500183105469,1838.0
2024-10-25 11:58:00+00:00,DOMO,8.0,8.0,8.0,7.96999979019165,7.96999979019165,6105.0
2024-10-25 11:58:00+00:00,DTSS,2.450000047683716,2.450000047683716,2.450000047683716,2.450000047683716,2.450000047683716,308.0
2024-10-25 11:58:00+00:00,DUOL,288.8500061035156,288.8500061035156,288.9800109863281,288.8500061035156,288.9800109863281,1189.0
2024-10-25 11:58:00+00:00,ENPH,84.25,84.25,84.25,84.04000091552734,84.0999984741211,11935.0
2024-10-25 11:58:00+00:00,ENTG,105.91500091552734,105.91500091552734,105.93000030517578,105.83000183105469,105.83999633789062,1765.0
2024-10-25 11:58:00+00:00,ERIC,8.484999656677246,8.484999656677246,8.484999656677246,8.484999656677246,8.484999656677246,5961.0
2024-10-25 11:58:00+00:00,EVCM,10.649999618530273,10.649999618530273,10.649999618530273,10.649999618530273,10.649999618530273,100.0
2024-10-25 11:58:00+00:00,EXFY,1.725000023841858,1.725000023841858,1.725000023841858,1.725000023841858,1.725000023841858,7820.0
2024-10-25 11:58:00+00:00,EXLS,39.025001525878906,39.025001525878906,39.025001525878906,39.025001525878906,39.025001525878906,2378.0
2024-10-25 11:58:00+00:00,EXTR,14.46500015258789,14.46500015258789,14.470000267028809,14.449999809265137,14.449999809265137,1399.0
2024-10-25 11:58:00+00:00,FFIV,216.80499267578125,216.80499267578125,216.91000366210938,216.80499267578125,216.8300018310547,1395.0
2024-10-25 11:58:00+00:00,FIVN,30.350000381469727,30.350000381469727,30.350000381469727,30.350000381469727,30.350000381469727,149.0
2024-10-25 11:58:00+00:00,FLEX,35.36000061035156,35.36000061035156,35.36000061035156,35.334999084472656,35.334999084472656,1791.0
2024-10-25 11:58:00+00:00,FLYW,17.485000610351562,17.485000610351562,17.489999771118164,17.485000610351562,17.489999771118164,1180.0
2024-10-25 11:58:00+00:00,FSLR,200.74000549316406,200.74000549316406,200.74000549316406,200.72500610351562,200.72500610351562,720.0
2024-10-25 11:58:00+00:00,FTFT,0.33489999175071716,0.33489999175071716,0.33489999175071716,0.32499998807907104,0.32499998807907104,46357.0
2024-10-25 11:58:00+00:00,FTNT,81.2750015258789,81.2750015258789,81.2750015258789,81.25499725341797,81.25499725341797,3455.0
2024-10-25 11:58:00+00:00,GCT,24.83099937438965,24.83099937438965,24.860000610351562,24.83099937438965,24.84000015258789,2209.0
2024-10-25 11:58:00+00:00,GFS,41.43000030517578,41.43000030517578,41.43000030517578,41.40999984741211,41.40999984741211,998.0
2024-10-25 11:58:00+00:00,GPRO,1.340000033378601,1.340000033378601,1.340000033378601,1.3350000381469727,1.3350000381469727,476.0
2024-10-25 11:58:00+00:00,GRAB,4.085000038146973,4.085000038146973,4.090000152587891,4.079999923706055,4.079999923706055,7853.0
2024-10-25 11:58:00+00:00,GRRR,4.53000020980835,4.53000020980835,4.539999961853027,4.53000020980835,4.539999961853027,5785.0
2024-10-25 11:58:00+00:00,GSIT,3.494999885559082,3.494999885559082,3.494999885559082,3.4823999404907227,3.4823999404907227,1344.0
2024-10-25 11:58:00+00:00,GTLB,55.720001220703125,55.720001220703125,55.720001220703125,55.689998626708984,55.689998626708984,915.0
2024-10-25 11:58:00+00:00,HCKT,24.895599365234375,24.895599365234375,24.895599365234375,24.895599365234375,24.895599365234375,333.0
2024-10-25 11:58:00+00:00,HCP,33.71500015258789,33.71500015258789,33.71500015258789,33.71500015258789,33.71500015258789,501.0
2024-10-25 11:58:00+00:00,HIMX,6.204999923706055,6.204999923706055,6.204999923706055,6.204999923706055,6.204999923706055,234.0
2024-10-25 11:58:00+00:00,HLIT,14.765000343322754,14.765000343322754,14.765000343322754,14.765000343322754,14.765000343322754,406.0
2024-10-25 11:58:00+00:00,HOLO,3.700000047683716,3.700000047683716,3.7200000286102295,3.660099983215332,3.660099983215332,45956.0
2024-10-25 11:58:00+00:00,HOOD,27.30500030517578,27.30500030517578,27.30500030517578,27.280000686645508,27.290000915527344,14832.0
2024-10-25 11:58:00+00:00,IIIV,22.889999389648438,22.889999389648438,22.889999389648438,22.889999389648438,22.889999389648438,360.0
2024-10-25 11:58:00+00:00,IMMR,8.739999771118164,8.739999771118164,8.739999771118164,8.739999771118164,8.739999771118164,515.0
2024-10-25 11:58:00+00:00,INDI,3.575000047683716,3.575000047683716,3.575000047683716,3.575000047683716,3.575000047683716,184.0
2024-10-25 11:58:00+00:00,INFN,6.789999961853027,6.789999961853027,6.789999961853027,6.789999961853027,6.789999961853027,101.0
2024-10-25 11:58:00+00:00,INOD,19.832000732421875,19.832000732421875,19.832000732421875,19.832000732421875,19.832000732421875,1596.0
2024-10-25 11:58:00+00:00,INTC,23.125,23.125,23.1299991607666,23.120100021362305,23.127899169921875,27025.0
2024-10-25 11:58:00+00:00,IPGP,76.80999755859375,76.80999755859375,76.80999755859375,76.80999755859375,76.80999755859375,259.0
2024-10-25 11:58:00+00:00,JAMF,16.829999923706055,16.829999923706055,16.829999923706055,16.829999923706055,16.829999923706055,870.0
2024-10-25 11:58:00+00:00,KC,2.7100000381469727,2.7100000381469727,2.7100000381469727,2.700000047683716,2.700000047683716,1477.0
2024-10-25 11:58:00+00:00,KLIC,44.369998931884766,44.369998931884766,44.369998931884766,44.369998931884766,44.369998931884766,809.0
2024-10-25 11:58:00+00:00,LINK,4.897600173950195,4.897600173950195,4.909900188446045,4.804999828338623,4.873199939727783,2278.0
2024-10-25 11:58:00+00:00,LITE,64.2750015258789,64.2750015258789,64.2750015258789,64.2750015258789,64.2750015258789,17390.0
2024-10-25 11:58:00+00:00,LOGI,81.19000244140625,81.19000244140625,81.19000244140625,81.19000244140625,81.19000244140625,462.0
2024-10-25 11:58:00+00:00,LRCX,79.12000274658203,79.12000274658203,79.12999725341797,79.06999969482422,79.08000183105469,9504.0
2024-10-25 11:58:00+00:00,LSCC,54.41999816894531,54.41999816894531,54.41999816894531,54.41999816894531,54.41999816894531,716.0
2024-10-25 11:58:00+00:00,LTRX,4.050000190734863,4.050000190734863,4.050000190734863,4.03000020980835,4.03000020980835,3147.0
2024-10-25 11:58:00+00:00,LYFT,13.864999771118164,13.864999771118164,13.86989974975586,13.859999656677246,13.864999771118164,4172.0
2024-10-25 11:58:00+00:00,LYTS,16.280000686645508,16.280000686645508,16.280000686645508,16.280000686645508,16.280000686645508,204.0
2024-10-25 11:58:00+00:00,MANH,275.4750061035156,275.4750061035156,275.4750061035156,275.4750061035156,275.4750061035156,130.0
2024-10-25 11:58:00+00:00,MAXN,5.725399971008301,5.725399971008301,5.725399971008301,5.725399971008301,5.725399971008301,600.0
2024-10-25 11:58:00+00:00,MCHP,77.1500015258789,77.1500015258789,77.1500015258789,77.12999725341797,77.13999938964844,4136.0
2024-10-25 11:58:00+00:00,MDB,266.9549865722656,266.9549865722656,266.9549865722656,266.9549865722656,266.9549865722656,317.0
2024-10-25 11:58:00+00:00,MITK,8.770000457763672,8.770000457763672,8.770000457763672,8.770000457763672,8.770000457763672,5123.0
2024-10-25 11:58:00+00:00,MKSI,101.3550033569336,101.3550033569336,101.36000061035156,101.3550033569336,101.36000061035156,718.0
2024-10-25 11:58:00+00:00,MNDY,300.55999755859375,300.55999755859375,300.55999755859375,300.55999755859375,300.55999755859375,280.0
2024-10-25 11:58:00+00:00,MPWR,919.1099853515625,919.1099853515625,919.1099853515625,919.1099853515625,919.1099853515625,544.0
2024-10-25 11:58:00+00:00,MQ,5.264999866485596,5.264999866485596,5.264999866485596,5.260000228881836,5.264999866485596,1392.0
2024-10-25 11:58:00+00:00,MRVL,82.42939758300781,82.42939758300781,82.47000122070312,82.41010284423828,82.47000122070312,8879.0
2024-10-25 11:58:00+00:00,MSFT,429.760009765625,429.760009765625,429.8099060058594,429.69000244140625,429.760009765625,9920.0
2024-10-25 11:58:00+00:00,MSTR,239.60000610351562,239.60000610351562,240.06500244140625,239.57000732421875,239.82940673828125,59110.0
2024-10-25 11:58:00+00:00,MTTR,4.65500020980835,4.65500020980835,4.65500020980835,4.65500020980835,4.65500020980835,2290.0
2024-10-25 11:58:00+00:00,MU,109.13990020751953,109.13990020751953,109.13999938964844,109.05000305175781,109.05000305175781,11147.0
2024-10-25 11:58:00+00:00,MVIS,1.100000023841858,1.100000023841858,1.100000023841858,1.100000023841858,1.100000023841858,136.0
2024-10-25 11:58:00+00:00,MXL,15.010000228881836,15.010000228881836,15.010000228881836,14.989999771118164,14.989999771118164,787.0
2024-10-25 11:58:00+00:00,NCNO,37.7599983215332,37.7599983215332,37.7599983215332,37.70000076293945,37.70000076293945,4015.0
2024-10-25 11:58:00+00:00,NEON,8.308199882507324,8.308199882507324,8.308199882507324,8.308199882507324,8.308199882507324,2383.0
2024-10-25 11:58:00+00:00,NTAP,120.43000030517578,120.43000030517578,120.43000030517578,120.33999633789062,120.33999633789062,2148.0
2024-10-25 11:58:00+00:00,NTNX,62.41999816894531,62.41999816894531,62.41999816894531,62.41999816894531,62.41999816894531,486.0
2024-10-25 11:58:00+00:00,NVDA,143.58399963378906,143.58399963378906,143.67999267578125,143.5800018310547,143.65530395507812,222843.0
2024-10-25 11:58:00+00:00,NVEI,33.52000045776367,33.52000045776367,33.52000045776367,33.52000045776367,33.52000045776367,222.0
2024-10-25 11:58:00+00:00,NVMI,184.38999938964844,184.38999938964844,184.38999938964844,184.38999938964844,184.38999938964844,171.0
2024-10-25 11:58:00+00:00,NVTS,2.5899999141693115,2.5899999141693115,2.5899999141693115,2.5899999141693115,2.5899999141693115,1383.0
2024-10-25 11:58:00+00:00,NXPI,245.28500366210938,245.28500366210938,245.35000610351562,245.25999450683594,245.3000030517578,2922.0
2024-10-25 11:58:00+00:00,OKTA,72.59380340576172,72.59380340576172,72.61000061035156,72.55999755859375,72.61000061035156,1555.0
2024-10-25 11:58:00+00:00,ON,71.8499984741211,71.8499984741211,71.9000015258789,71.81999969482422,71.8499984741211,10784.0
2024-10-25 11:58:00+00:00,OTEX,33.349998474121094,33.349998474121094,33.349998474121094,33.349998474121094,33.349998474121094,323.0
2024-10-25 11:58:00+00:00,PANW,368.6600036621094,368.6600036621094,368.6600036621094,368.6600036621094,368.6600036621094,1356.0
2024-10-25 11:58:00+00:00,PEGA,80.54000091552734,80.54000091552734,80.68499755859375,80.53500366210938,80.68499755859375,4603.0
2024-10-25 11:58:00+00:00,PEGY,4.84499979019165,4.84499979019165,4.84499979019165,4.802000045776367,4.802000045776367,2494.0
2024-10-25 11:58:00+00:00,PGY,11.8149995803833,11.8149995803833,11.8149995803833,11.789999961853027,11.789999961853027,1176.0
2024-10-25 11:58:00+00:00,PHUN,10.069999694824219,10.069999694824219,10.079999923706055,10.020099639892578,10.039999961853027,25641.0
2024-10-25 11:58:00+00:00,PI,204.83999633789062,204.83999633789062,204.83999633789062,204.80999755859375,204.80999755859375,503.0
2024-10-25 11:58:00+00:00,POET,3.9700000286102295,3.9700000286102295,3.9700000286102295,3.9700000286102295,3.9700000286102295,2179.0
2024-10-25 11:58:00+00:00,PRCH,1.340000033378601,1.340000033378601,1.340000033378601,1.340000033378601,1.340000033378601,166.0
2024-10-25 11:58:00+00:00,PRGS,64.80999755859375,64.80999755859375,64.80999755859375,64.80999755859375,64.80999755859375,935.0
2024-10-25 11:58:00+00:00,PRTH,5.319900035858154,5.319900035858154,5.319900035858154,5.319900035858154,5.319900035858154,0.0
2024-10-25 11:58:00+00:00,PUBM,14.919899940490723,14.919899940490723,14.919899940490723,14.919899940490723,14.919899940490723,391.0
2024-10-25 11:58:00+00:00,PYCR,14.359999656677246,14.359999656677246,14.359999656677246,14.354999542236328,14.354999542236328,2025.0
2024-10-25 11:58:00+00:00,QCOM,172.69000244140625,172.69000244140625,172.7100067138672,172.66000366210938,172.67999267578125,4127.0
2024-10-25 11:58:00+00:00,QRVO,100.42500305175781,100.42500305175781,100.42500305175781,100.42500305175781,100.42500305175781,145.0
2024-10-25 11:58:00+00:00,QUBT,1.065000057220459,1.065000057220459,1.065000057220459,1.065000057220459,1.065000057220459,400.0
2024-10-25 11:58:00+00:00,RCAT,2.75,2.75,2.75,2.744999885559082,2.744999885559082,1096.0
2024-10-25 11:58:00+00:00,REKR,1.0950000286102295,1.0950000286102295,1.0950000286102295,1.0950000286102295,1.0950000286102295,1303.0
2024-10-25 11:58:00+00:00,RGTI,1.225000023841858,1.225000023841858,1.238800048828125,1.225000023841858,1.238800048828125,12817.0
2024-10-25 11:58:00+00:00,RIOT,10.008999824523926,10.008999824523926,10.010000228881836,9.980799674987793,9.980799674987793,26150.0
2024-10-25 11:58:00+00:00,RMBS,43.5099983215332,43.5099983215332,43.51499938964844,43.5,43.5,2866.0
2024-10-25 11:58:00+00:00,RPD,39.15999984741211,39.15999984741211,39.15999984741211,39.15999984741211,39.15999984741211,704.0
2024-10-25 11:58:00+00:00,RUM,5.820000171661377,5.820000171661377,5.840000152587891,5.809999942779541,5.840000152587891,5241.0
2024-10-25 11:58:00+00:00,RUN,14.515000343322754,14.515000343322754,14.524999618530273,14.510000228881836,14.524999618530273,3729.0
2024-10-25 11:58:00+00:00,SANM,67.69999694824219,67.69999694824219,67.69999694824219,67.69999694824219,67.69999694824219,254.0
2024-10-25 11:58:00+00:00,SATS,25.280000686645508,25.280000686645508,25.280000686645508,25.21500015258789,25.21500015258789,5125.0
2024-10-25 11:58:00+00:00,SEDG,16.15690040588379,16.15690040588379,16.190000534057617,16.15690040588379,16.170000076293945,15476.0
2024-10-25 11:58:00+00:00,SHLS,5.355000019073486,5.355000019073486,5.355500221252441,5.355000019073486,5.355000019073486,2034.0
2024-10-25 11:58:00+00:00,SIMO,57.029998779296875,57.029998779296875,57.029998779296875,57.029998779296875,57.029998779296875,537.0
2024-10-25 11:58:00+00:00,SLNHP,13.093999862670898,13.093999862670898,13.093999862670898,13.093999862670898,13.093999862670898,200.0
2024-10-25 11:58:00+00:00,SMCI,47.650001525878906,47.650001525878906,47.650001525878906,47.59000015258789,47.63999938964844,32970.0
2024-10-25 11:58:00+00:00,SMTC,45.940799713134766,45.940799713134766,45.940799713134766,45.86000061035156,45.86000061035156,1836.0
2024-10-25 11:58:00+00:00,SNPS,503.2900085449219,503.2900085449219,503.2900085449219,503.2900085449219,503.2900085449219,1568.0
2024-10-25 11:58:00+00:00,SONO,12.8149995803833,12.8149995803833,12.819899559020996,12.8149995803833,12.819899559020996,435.0
2024-10-25 11:58:00+00:00,SOUN,5.259900093078613,5.259900093078613,5.260000228881836,5.25,5.255000114440918,10426.0
2024-10-25 11:58:00+00:00,SPSC,172.86000061035156,172.86000061035156,173.5399932861328,172.86000061035156,173.5399932861328,2205.0
2024-10-25 11:58:00+00:00,SSNC,69.80999755859375,69.80999755859375,69.83999633789062,69.77749633789062,69.81500244140625,12630.0
2024-10-25 11:58:00+00:00,STNE,11.479999542236328,11.479999542236328,11.479999542236328,11.470000267028809,11.475000381469727,12196.0
2024-10-25 11:58:00+00:00,STX,104.1050033569336,104.1050033569336,104.12999725341797,104.08000183105469,104.0999984741211,3644.0
2024-10-25 11:58:00+00:00,SVRE,0.08209999650716782,0.08209999650716782,0.08209999650716782,0.08209999650716782,0.08209999650716782,125.0
2024-10-25 11:58:00+00:00,SWKS,96.68000030517578,96.68000030517578,96.72000122070312,96.68000030517578,96.72000122070312,2975.0
2024-10-25 11:58:00+00:00,TEAM,190.07000732421875,190.07000732421875,190.07000732421875,190.07000732421875,190.07000732421875,745.0
2024-10-25 11:58:00+00:00,TENB,41.81999969482422,41.81999969482422,41.81999969482422,41.81999969482422,41.81999969482422,380.0
2024-10-25 11:58:00+00:00,TER,112.93499755859375,112.93499755859375,112.94000244140625,112.90499877929688,112.94000244140625,2270.0
2024-10-25 11:58:00+00:00,TLS,3.6649999618530273,3.6649999618530273,3.6649999618530273,3.6649999618530273,3.6649999618530273,644.0
2024-10-25 11:58:00+00:00,TRMB,61.02000045776367,61.02000045776367,61.02000045776367,61.02000045776367,61.02000045776367,537.0
2024-10-25 11:58:00+00:00,TTD,119.45999908447266,119.45999908447266,119.5,119.45999908447266,119.5,870.0
2024-10-25 11:58:00+00:00,TWKS,4.449999809265137,4.449999809265137,4.449999809265137,4.449999809265137,4.449999809265137,781.0
2024-10-25 11:58:00+00:00,TXN,209.02000427246094,209.02000427246094,209.14999389648438,209.0,209.02000427246094,4136.0
2024-10-25 11:58:00+00:00,UCTT,36.27000045776367,36.27000045776367,36.27000045776367,36.27000045776367,36.27000045776367,731.0
2024-10-25 11:58:00+00:00,VIAV,9.194999694824219,9.194999694824219,9.194999694824219,9.194999694824219,9.194999694824219,553.0
2024-10-25 11:58:00+00:00,VMEO,4.755000114440918,4.755000114440918,4.760000228881836,4.75,4.755000114440918,569.0
2024-10-25 11:58:00+00:00,VNET,3.4749999046325684,3.4749999046325684,3.4749999046325684,3.4709999561309814,3.4709999561309814,906.0
2024-10-25 11:58:00+00:00,VRNT,22.170000076293945,22.170000076293945,22.170000076293945,22.170000076293945,22.170000076293945,1878.0
2024-10-25 11:58:00+00:00,VRSN,186.50999450683594,186.50999450683594,186.50999450683594,186.50999450683594,186.50999450683594,1230.0
2024-10-25 11:58:00+00:00,VUZI,1.3200000524520874,1.3200000524520874,1.3200000524520874,1.3200000524520874,1.3200000524520874,190.0
2024-10-25 11:58:00+00:00,WALD,3.6549999713897705,3.6549999713897705,3.6549999713897705,3.6549999713897705,3.6549999713897705,200.0
2024-10-25 11:58:00+00:00,WDAY,239.89999389648438,239.89999389648438,239.89999389648438,239.74000549316406,239.74000549316406,2025.0
2024-10-25 11:58:00+00:00,WDC,71.4749984741211,71.4749984741211,71.56700134277344,71.45999908447266,71.45999908447266,25234.0
2024-10-25 11:58:00+00:00,WISA,1.850000023841858,1.850000023841858,1.850000023841858,1.8450000286102295,1.8497999906539917,642.0
2024-10-25 11:58:00+00:00,XRX,10.125,10.125,10.125,10.119999885559082,10.119999885559082,1416.0
2024-10-25 11:58:00+00:00,ZBRA,363.19000244140625,363.19000244140625,363.19000244140625,363.19000244140625,363.19000244140625,1238.0
2024-10-25 11:58:00+00:00,ZI,10.5649995803833,10.5649995803833,10.5649995803833,10.5649995803833,10.5649995803833,2143.0
2024-10-25 11:58:00+00:00,ZM,73.08999633789062,73.08999633789062,73.08999633789062,73.02999877929688,73.02999877929688,5463.0
2024-10-25 11:58:00+00:00,ZS,186.01499938964844,186.01499938964844,186.16000366210938,185.89999389648438,186.16000366210938,2535.0
2024-10-25 11:59:00+00:00,AAOI,18.1200008392334,18.1200008392334,18.139999389648438,18.1200008392334,18.139999389648438,1244.0
2024-10-25 11:59:00+00:00,AAPL,232.0500030517578,232.0500030517578,232.0749969482422,231.94500732421875,231.9499969482422,101241.0
2024-10-25 11:59:00+00:00,ACIW,48.80849838256836,48.80849838256836,48.80849838256836,48.80849838256836,48.80849838256836,380.0
2024-10-25 11:59:00+00:00,ACLS,90.76000213623047,90.76000213623047,90.76000213623047,90.73999786376953,90.73999786376953,1062.0
2024-10-25 11:59:00+00:00,ACMR,19.8799991607666,19.8799991607666,19.8799991607666,19.8799991607666,19.8799991607666,168.0
2024-10-25 11:59:00+00:00,ADBE,484.7974853515625,484.7974853515625,484.7974853515625,484.4849853515625,484.5,3053.0
2024-10-25 11:59:00+00:00,ADSK,286.6400146484375,286.6400146484375,286.6400146484375,286.57000732421875,286.57000732421875,1528.0
2024-10-25 11:59:00+00:00,ADTN,6.394999980926514,6.394999980926514,6.394999980926514,6.394999980926514,6.394999980926514,315.0
2024-10-25 11:59:00+00:00,AEHR,16.979999542236328,16.979999542236328,16.979999542236328,16.979999542236328,16.979999542236328,506.0
2024-10-25 11:59:00+00:00,AFRM,41.52000045776367,41.52000045776367,41.56999969482422,41.4900016784668,41.560001373291016,19658.0
2024-10-25 11:59:00+00:00,AGYS,112.4000015258789,112.4000015258789,112.4000015258789,112.4000015258789,112.4000015258789,735.0
2024-10-25 11:59:00+00:00,AKAM,103.09500122070312,103.09500122070312,103.09500122070312,103.09500122070312,103.09500122070312,1343.0
2024-10-25 11:59:00+00:00,ALGM,22.80500030517578,22.80500030517578,22.84000015258789,22.80500030517578,22.825000762939453,6268.0
2024-10-25 11:59:00+00:00,ALTR,104.11000061035156,104.11000061035156,104.11000061035156,104.11000061035156,104.11000061035156,625.0
2024-10-25 11:59:00+00:00,AMAT,188.1300048828125,188.1300048828125,188.25,188.1300048828125,188.13999938964844,2940.0
2024-10-25 11:59:00+00:00,AMBA,58.290000915527344,58.290000915527344,58.290000915527344,58.290000915527344,58.290000915527344,1329.0
2024-10-25 11:59:00+00:00,AMD,157.82000732421875,157.82000732421875,157.86000061035156,157.7899932861328,157.8345947265625,29378.0
2024-10-25 11:59:00+00:00,AMKR,30.1299991607666,30.1299991607666,30.1299991607666,30.1299991607666,30.1299991607666,984.0
2024-10-25 11:59:00+00:00,ANSS,325.95001220703125,325.95001220703125,325.95001220703125,325.79998779296875,325.79998779296875,245.0
2024-10-25 11:59:00+00:00,API,2.8450000286102295,2.8450000286102295,2.8450000286102295,2.8450000286102295,2.8450000286102295,500.0
2024-10-25 11:59:00+00:00,APP,161.52999877929688,161.52999877929688,161.5749969482422,161.44000244140625,161.4698944091797,2310.0
2024-10-25 11:59:00+00:00,APPN,32.310001373291016,32.310001373291016,32.310001373291016,32.310001373291016,32.310001373291016,393.0
2024-10-25 11:59:00+00:00,APPS,3.0850000381469727,3.0850000381469727,3.0850000381469727,3.0850000381469727,3.0850000381469727,530.0
2024-10-25 11:59:00+00:00,ARRY,6.545000076293945,6.545000076293945,6.545000076293945,6.5320000648498535,6.539999961853027,10482.0
2024-10-25 11:59:00+00:00,ASML,716.885009765625,716.885009765625,716.885009765625,716.85498046875,716.85498046875,943.0
2024-10-25 11:59:00+00:00,ASNS,1.350100040435791,1.350100040435791,1.350100040435791,1.350000023841858,1.350000023841858,8253.0
2024-10-25 11:59:00+00:00,ATOM,3.3524999618530273,3.3524999618530273,3.3550000190734863,3.3524999618530273,3.3550000190734863,393.0
2024-10-25 11:59:00+00:00,AUR,6.394999980926514,6.394999980926514,6.420000076293945,6.394999980926514,6.414999961853027,35295.0
2024-10-25 11:59:00+00:00,AUUD,0.6219000220298767,0.6219000220298767,0.6219000220298767,0.6219000220298767,0.6219000220298767,430.0
2024-10-25 11:59:00+00:00,AVDX,8.135000228881836,8.135000228881836,8.135000228881836,8.135000228881836,8.135000228881836,653.0
2024-10-25 11:59:00+00:00,AVGO,175.97999572753906,175.97999572753906,176.0399932861328,175.8300018310547,175.86749267578125,26553.0
2024-10-25 11:59:00+00:00,BASE,16.424999237060547,16.424999237060547,16.424999237060547,16.424999237060547,16.424999237060547,572.0
2024-10-25 11:59:00+00:00,BELFB,79.30500030517578,79.30500030517578,79.33999633789062,79.19000244140625,79.33999633789062,1891.0
2024-10-25 11:59:00+00:00,BLKB,86.08000183105469,86.08000183105469,86.08000183105469,86.08000183105469,86.08000183105469,293.0
2024-10-25 11:59:00+00:00,BLZE,7.255000114440918,7.255000114440918,7.255000114440918,7.255000114440918,7.255000114440918,352.0
2024-10-25 11:59:00+00:00,BMBL,7.244999885559082,7.244999885559082,7.25,7.244999885559082,7.244999885559082,6288.0
2024-10-25 11:59:00+00:00,BSY,49.22999954223633,49.22999954223633,49.2400016784668,49.22999954223633,49.2400016784668,632.0
2024-10-25 11:59:00+00:00,CAMT,78.37000274658203,78.37000274658203,78.37000274658203,78.37000274658203,78.37000274658203,367.0
2024-10-25 11:59:00+00:00,CDNS,259.55499267578125,259.55499267578125,259.57501220703125,259.4849853515625,259.4849853515625,2284.0
2024-10-25 11:59:00+00:00,CDW,219.19500732421875,219.19500732421875,219.3000030517578,219.1699981689453,219.1699981689453,4653.0
2024-10-25 11:59:00+00:00,CETX,0.2976999878883362,0.2976999878883362,0.2976999878883362,0.2976999878883362,0.2976999878883362,1143.0
2024-10-25 11:59:00+00:00,CFLT,22.770000457763672,22.770000457763672,22.81999969482422,22.770000457763672,22.799999237060547,4568.0
2024-10-25 11:59:00+00:00,CGNX,39.0,39.0,39.02000045776367,39.0,39.02000045776367,1636.0
2024-10-25 11:59:00+00:00,CLSK,11.859999656677246,11.859999656677246,11.859999656677246,11.835000038146973,11.84000015258789,99523.0
2024-10-25 11:59:00+00:00,CMTL,3.7100000381469727,3.7100000381469727,3.7100000381469727,3.7100000381469727,3.7100000381469727,1426.0
2024-10-25 11:59:00+00:00,CNXC,45.11000061035156,45.11000061035156,45.11000061035156,45.09000015258789,45.099998474121094,2142.0
2024-10-25 11:59:00+00:00,COHR,95.08999633789062,95.08999633789062,95.12000274658203,95.04000091552734,95.08499908447266,3302.0
2024-10-25 11:59:00+00:00,COIN,210.02000427246094,210.02000427246094,210.1999969482422,209.6999969482422,209.6999969482422,19448.0
2024-10-25 11:59:00+00:00,COMM,6.335000038146973,6.335000038146973,6.335000038146973,6.331699848175049,6.331699848175049,730.0
2024-10-25 11:59:00+00:00,CORZ,13.239999771118164,13.239999771118164,13.28499984741211,13.234999656677246,13.234999656677246,12927.0
2024-10-25 11:59:00+00:00,CRCT,6.570000171661377,6.570000171661377,6.570000171661377,6.570000171661377,6.570000171661377,978.0
2024-10-25 11:59:00+00:00,CRDO,39.83000183105469,39.83000183105469,39.83000183105469,39.79999923706055,39.79999923706055,583.0
2024-10-25 11:59:00+00:00,CRNT,2.450500011444092,2.450500011444092,2.450500011444092,2.450500011444092,2.450500011444092,4218.0
2024-10-25 11:59:00+00:00,CRSR,6.434999942779541,6.434999942779541,6.434999942779541,6.434999942779541,6.434999942779541,350.0
2024-10-25 11:59:00+00:00,CRUS,123.76000213623047,123.76000213623047,123.76000213623047,123.76000213623047,123.76000213623047,839.0
2024-10-25 11:59:00+00:00,CRWD,309.17559814453125,309.17559814453125,309.19000244140625,308.9700012207031,308.9700012207031,2244.0
2024-10-25 11:59:00+00:00,CSCO,55.97999954223633,55.97999954223633,55.98500061035156,55.959999084472656,55.959999084472656,18728.0
2024-10-25 11:59:00+00:00,CSGS,47.744998931884766,47.744998931884766,47.744998931884766,47.744998931884766,47.744998931884766,797.0
2024-10-25 11:59:00+00:00,CSIQ,13.6899995803833,13.6899995803833,13.710000038146973,13.680999755859375,13.710000038146973,4136.0
2024-10-25 11:59:00+00:00,CTLP,8.930000305175781,8.930000305175781,8.930000305175781,8.930000305175781,8.930000305175781,119.0
2024-10-25 11:59:00+00:00,CTSH,74.87000274658203,74.87000274658203,74.87000274658203,74.87000274658203,74.87000274658203,1157.0
2024-10-25 11:59:00+00:00,CVLT,134.2949981689453,134.2949981689453,134.3800048828125,134.25,134.3800048828125,1322.0
2024-10-25 11:59:00+00:00,CYBR,292.1700134277344,292.1700134277344,292.1700134277344,292.1700134277344,292.1700134277344,736.0
2024-10-25 11:59:00+00:00,DAKT,13.149999618530273,13.149999618530273,13.154999732971191,13.149999618530273,13.154999732971191,1846.0
2024-10-25 11:59:00+00:00,DBX,26.024999618530273,26.024999618530273,26.024999618530273,26.024999618530273,26.024999618530273,1228.0
2024-10-25 11:59:00+00:00,DDOG,127.2300033569336,127.2300033569336,127.23999786376953,127.19000244140625,127.19000244140625,2858.0
2024-10-25 11:59:00+00:00,DGHI,1.5799000263214111,1.5799000263214111,1.5800000429153442,1.5700000524520874,1.5700000524520874,2825.0
2024-10-25 11:59:00+00:00,DIOD,66.3499984741211,66.3499984741211,66.3499984741211,66.26000213623047,66.26000213623047,711.0
2024-10-25 11:59:00+00:00,DOCU,70.15010070800781,70.15010070800781,70.2300033569336,70.15010070800781,70.22000122070312,4716.0
2024-10-25 11:59:00+00:00,DOMO,7.960000038146973,7.960000038146973,8.005000114440918,7.960000038146973,8.005000114440918,12588.0
2024-10-25 11:59:00+00:00,DOX,89.63999938964844,89.63999938964844,89.63999938964844,89.63999938964844,89.63999938964844,1442.0
2024-10-25 11:59:00+00:00,DSGX,104.26000213623047,104.26000213623047,104.26000213623047,104.26000213623047,104.26000213623047,169.0
2024-10-25 11:59:00+00:00,DUOL,289.5899963378906,289.5899963378906,289.5899963378906,289.5899963378906,289.5899963378906,917.0
2024-10-25 11:59:00+00:00,ENPH,83.90499877929688,83.90499877929688,84.30000305175781,83.73999786376953,84.1760025024414,59435.0
2024-10-25 11:59:00+00:00,ENTG,105.94000244140625,105.94000244140625,106.0,105.91000366210938,105.91999816894531,3166.0
2024-10-25 11:59:00+00:00,ERIC,8.486000061035156,8.486000061035156,8.489999771118164,8.48009967803955,8.489899635314941,174975.0
2024-10-25 11:59:00+00:00,EVCM,10.649999618530273,10.649999618530273,10.649999618530273,10.649999618530273,10.649999618530273,147.0
2024-10-25 11:59:00+00:00,EXFY,1.725000023841858,1.725000023841858,1.725000023841858,1.725000023841858,1.725000023841858,0.0
2024-10-25 11:59:00+00:00,EXTR,14.46500015258789,14.46500015258789,14.46500015258789,14.46500015258789,14.46500015258789,441.0
2024-10-25 11:59:00+00:00,FFIV,216.82000732421875,216.82000732421875,216.82000732421875,216.82000732421875,216.82000732421875,534.0
2024-10-25 11:59:00+00:00,FIVN,30.28499984741211,30.28499984741211,30.350000381469727,30.28499984741211,30.350000381469727,1848.0
2024-10-25 11:59:00+00:00,FLEX,35.35499954223633,35.35499954223633,35.3650016784668,35.35499954223633,35.3650016784668,1540.0
2024-10-25 11:59:00+00:00,FORM,45.290000915527344,45.290000915527344,45.290000915527344,45.290000915527344,45.290000915527344,971.0
2024-10-25 11:59:00+00:00,FRSH,11.675000190734863,11.675000190734863,11.680000305175781,11.675000190734863,11.675000190734863,2430.0
2024-10-25 11:59:00+00:00,FSLR,200.47999572753906,200.47999572753906,200.72999572753906,200.47999572753906,200.63999938964844,4272.0
2024-10-25 11:59:00+00:00,FTCI,0.6797999739646912,0.6797999739646912,0.6797999739646912,0.6797999739646912,0.6797999739646912,179.0
2024-10-25 11:59:00+00:00,FTNT,81.27249908447266,81.27249908447266,81.29000091552734,81.26000213623047,81.27999877929688,3874.0
2024-10-25 11:59:00+00:00,GCT,24.860000610351562,24.860000610351562,24.860000610351562,24.84000015258789,24.854999542236328,915.0
2024-10-25 11:59:00+00:00,GDS,21.764999389648438,21.764999389648438,21.770000457763672,21.739999771118164,21.739999771118164,4460.0
2024-10-25 11:59:00+00:00,GFS,41.45000076293945,41.45000076293945,41.46229934692383,41.45000076293945,41.46229934692383,965.0
2024-10-25 11:59:00+00:00,GILT,4.945000171661377,4.945000171661377,4.949999809265137,4.945000171661377,4.949999809265137,7271.0
2024-10-25 11:59:00+00:00,GPRO,1.340000033378601,1.340000033378601,1.340000033378601,1.340000033378601,1.340000033378601,105.0
2024-10-25 11:59:00+00:00,GRAB,4.090000152587891,4.090000152587891,4.090000152587891,4.079999923706055,4.079999923706055,13157.0
2024-10-25 11:59:00+00:00,GRRR,4.539999961853027,4.539999961853027,4.539999961853027,4.539999961853027,4.539999961853027,878.0
2024-10-25 11:59:00+00:00,GTLB,55.72999954223633,55.72999954223633,55.72999954223633,55.705101013183594,55.705101013183594,881.0
2024-10-25 11:59:00+00:00,HCP,33.71500015258789,33.71500015258789,33.71500015258789,33.71500015258789,33.71500015258789,1720.0
2024-10-25 11:59:00+00:00,HIMX,6.199999809265137,6.199999809265137,6.204999923706055,6.199999809265137,6.204999923706055,1658.0
2024-10-25 11:59:00+00:00,HLIT,14.765000343322754,14.765000343322754,14.765000343322754,14.765000343322754,14.765000343322754,353.0
2024-10-25 11:59:00+00:00,HOLO,3.700000047683716,3.700000047683716,3.7200000286102295,3.6830999851226807,3.70989990234375,10649.0
2024-10-25 11:59:00+00:00,HOOD,27.31999969482422,27.31999969482422,27.31999969482422,27.30500030517578,27.309999465942383,18771.0
2024-10-25 11:59:00+00:00,ICHR,27.860000610351562,27.860000610351562,27.860000610351562,27.837499618530273,27.850000381469727,2402.0
2024-10-25 11:59:00+00:00,INDI,3.579900026321411,3.579900026321411,3.5799999237060547,3.5739998817443848,3.5799999237060547,3382.0
2024-10-25 11:59:00+00:00,INFN,6.795000076293945,6.795000076293945,6.795000076293945,6.795000076293945,6.795000076293945,2170.0
2024-10-25 11:59:00+00:00,INTA,49.95000076293945,49.95000076293945,49.97999954223633,49.95000076293945,49.95000076293945,1505.0
2024-10-25 11:59:00+00:00,INTC,23.155000686645508,23.155000686645508,23.15999984741211,23.121200561523438,23.126399993896484,103046.0
2024-10-25 11:59:00+00:00,INTU,610.8900146484375,610.8900146484375,610.8900146484375,610.719970703125,610.719970703125,1232.0
2024-10-25 11:59:00+00:00,ITRI,103.08000183105469,103.08000183105469,103.08000183105469,103.08000183105469,103.08000183105469,1711.0
2024-10-25 11:59:00+00:00,KC,2.7149999141693115,2.7149999141693115,2.7149999141693115,2.7100000381469727,2.7100000381469727,8974.0
2024-10-25 11:59:00+00:00,KLAC,679.989990234375,679.989990234375,679.989990234375,679.989990234375,679.989990234375,666.0
2024-10-25 11:59:00+00:00,KOPN,0.7764999866485596,0.7764999866485596,0.7799000144004822,0.7764999866485596,0.7799000144004822,2735.0
2024-10-25 11:59:00+00:00,LASR,10.470000267028809,10.470000267028809,10.470000267028809,10.470000267028809,10.470000267028809,813.0
2024-10-25 11:59:00+00:00,LINK,4.768499851226807,4.768499851226807,4.768499851226807,4.768499851226807,4.768499851226807,656.0
2024-10-25 11:59:00+00:00,LITE,64.33000183105469,64.33000183105469,64.33000183105469,64.31999969482422,64.31999969482422,374.0
2024-10-25 11:59:00+00:00,LRCX,79.1050033569336,79.1050033569336,79.1781005859375,79.09500122070312,79.12999725341797,26157.0
2024-10-25 11:59:00+00:00,LTCH,0.44999998807907104,0.44999998807907104,0.44999998807907104,0.44999998807907104,0.44999998807907104,60000.0
2024-10-25 11:59:00+00:00,LTRX,4.054999828338623,4.054999828338623,4.054999828338623,4.054999828338623,4.054999828338623,135.0
2024-10-25 11:59:00+00:00,LUNA,1.8300000429153442,1.8300000429153442,1.8300000429153442,1.8300000429153442,1.8300000429153442,184.0
2024-10-25 11:59:00+00:00,LYFT,13.864999771118164,13.864999771118164,13.869999885559082,13.863200187683105,13.864999771118164,5789.0
2024-10-25 11:59:00+00:00,MANH,275.69000244140625,275.69000244140625,275.69000244140625,275.69000244140625,275.69000244140625,413.0
2024-10-25 11:59:00+00:00,MCHP,77.16999816894531,77.16999816894531,77.16999816894531,77.12999725341797,77.1500015258789,3599.0
2024-10-25 11:59:00+00:00,MDB,266.80999755859375,266.80999755859375,266.9700012207031,266.80999755859375,266.9700012207031,2259.0
2024-10-25 11:59:00+00:00,MITK,8.779999732971191,8.779999732971191,8.779999732971191,8.779999732971191,8.779999732971191,1306.0
2024-10-25 11:59:00+00:00,MKSI,101.2699966430664,101.2699966430664,101.37000274658203,101.2699966430664,101.37000274658203,3751.0
2024-10-25 11:59:00+00:00,MKTW,0.5752000212669373,0.5752000212669373,0.5752000212669373,0.5752000212669373,0.5752000212669373,2101.0
2024-10-25 11:59:00+00:00,MPWR,918.6400146484375,918.6400146484375,918.6400146484375,918.010009765625,918.010009765625,426.0
2024-10-25 11:59:00+00:00,MQ,5.269999980926514,5.269999980926514,5.269999980926514,5.264999866485596,5.264999866485596,1625.0
2024-10-25 11:59:00+00:00,MRAM,6.340000152587891,6.340000152587891,6.340000152587891,6.340000152587891,6.340000152587891,284.0
2024-10-25 11:59:00+00:00,MRVL,82.48999786376953,82.48999786376953,82.49800109863281,82.44000244140625,82.44000244140625,8802.0
2024-10-25 11:59:00+00:00,MSFT,429.94000244140625,429.94000244140625,430.0369873046875,429.760009765625,429.760009765625,44381.0
2024-10-25 11:59:00+00:00,MSTR,240.1300048828125,240.1300048828125,240.3000030517578,239.6300048828125,239.63999938964844,89979.0
2024-10-25 11:59:00+00:00,MTSI,120.20999908447266,120.20999908447266,120.20999908447266,120.16500091552734,120.16500091552734,674.0
2024-10-25 11:59:00+00:00,MU,109.125,109.125,109.15499877929688,109.0999984741211,109.12000274658203,13075.0
2024-10-25 11:59:00+00:00,MVIS,1.100000023841858,1.100000023841858,1.100000023841858,1.100000023841858,1.100000023841858,103.0
2024-10-25 11:59:00+00:00,MXL,14.920000076293945,14.920000076293945,14.994999885559082,14.920000076293945,14.994999885559082,2398.0
2024-10-25 11:59:00+00:00,NCNO,37.7599983215332,37.7599983215332,37.790000915527344,37.7599983215332,37.7843017578125,2048.0
2024-10-25 11:59:00+00:00,NEON,8.260000228881836,8.260000228881836,8.260000228881836,8.211299896240234,8.211299896240234,714.0
2024-10-25 11:59:00+00:00,NNDM,2.3450000286102295,2.3450000286102295,2.3450000286102295,2.340100049972534,2.340100049972534,201.0
2024-10-25 11:59:00+00:00,NOVT,173.4949951171875,173.4949951171875,173.4949951171875,173.24000549316406,173.24000549316406,1795.0
2024-10-25 11:59:00+00:00,NTAP,120.44999694824219,120.44999694824219,120.48529815673828,120.44999694824219,120.48529815673828,428.0
2024-10-25 11:59:00+00:00,NTCT,20.670000076293945,20.670000076293945,20.670000076293945,20.670000076293945,20.670000076293945,194.0
2024-10-25 11:59:00+00:00,NTNX,62.470001220703125,62.470001220703125,62.470001220703125,62.43000030517578,62.43000030517578,443.0
2024-10-25 11:59:00+00:00,NVDA,143.72000122070312,143.72000122070312,143.74000549316406,143.5800018310547,143.5800018310547,304402.0
2024-10-25 11:59:00+00:00,NVEI,33.525001525878906,33.525001525878906,33.525001525878906,33.52000045776367,33.52000045776367,300.0
2024-10-25 11:59:00+00:00,NVMI,184.61000061035156,184.61000061035156,184.68499755859375,184.61000061035156,184.68499755859375,222.0
2024-10-25 11:59:00+00:00,NVTS,2.5899999141693115,2.5899999141693115,2.5899999141693115,2.5899999141693115,2.5899999141693115,296.0
2024-10-25 11:59:00+00:00,NXPI,245.2949981689453,245.2949981689453,245.2949981689453,245.2899932861328,245.2899932861328,797.0
2024-10-25 11:59:00+00:00,OKTA,72.62999725341797,72.62999725341797,72.62999725341797,72.61000061035156,72.61000061035156,952.0
2024-10-25 11:59:00+00:00,OLED,203.91000366210938,203.91000366210938,204.25999450683594,203.80999755859375,203.9600067138672,2563.0
2024-10-25 11:59:00+00:00,ON,71.86000061035156,71.86000061035156,71.87000274658203,71.83999633789062,71.8499984741211,7859.0
2024-10-25 11:59:00+00:00,PANW,368.8299865722656,368.8299865722656,368.8299865722656,368.6050109863281,368.6050109863281,3747.0
2024-10-25 11:59:00+00:00,PAYO,8.28499984741211,8.28499984741211,8.28499984741211,8.28499984741211,8.28499984741211,954.0
2024-10-25 11:59:00+00:00,PCTY,173.7100067138672,173.7100067138672,173.7100067138672,173.7100067138672,173.7100067138672,498.0
2024-10-25 11:59:00+00:00,PEGA,80.48999786376953,80.48999786376953,80.5199966430664,80.48999786376953,80.5199966430664,897.0
2024-10-25 11:59:00+00:00,PEGY,4.829999923706055,4.829999923706055,4.829999923706055,4.829999923706055,4.829999923706055,1386.0
2024-10-25 11:59:00+00:00,PGY,11.829999923706055,11.829999923706055,11.829999923706055,11.8100004196167,11.8100004196167,1448.0
2024-10-25 11:59:00+00:00,PHUN,10.11989974975586,10.11989974975586,10.119999885559082,10.070099830627441,10.075200080871582,62748.0
2024-10-25 11:59:00+00:00,PI,205.39999389648438,205.39999389648438,205.39999389648438,204.9550018310547,204.9550018310547,1576.0
2024-10-25 11:59:00+00:00,PLAB,23.71500015258789,23.71500015258789,23.71500015258789,23.71500015258789,23.71500015258789,307.0
2024-10-25 11:59:00+00:00,PLXS,142.6649932861328,142.6649932861328,142.6649932861328,142.63999938964844,142.63999938964844,909.0
2024-10-25 11:59:00+00:00,POET,3.9800000190734863,3.9800000190734863,3.9800000190734863,3.9649999141693115,3.9649999141693115,2034.0
2024-10-25 11:59:00+00:00,PRCH,1.3350000381469727,1.3350000381469727,1.340000033378601,1.3350000381469727,1.340000033378601,358.0
2024-10-25 11:59:00+00:00,PRTH,5.289999961853027,5.289999961853027,5.289999961853027,5.289999961853027,5.289999961853027,92.0
2024-10-25 11:59:00+00:00,PTC,186.64999389648438,186.64999389648438,186.64999389648438,186.64999389648438,186.64999389648438,710.0
2024-10-25 11:59:00+00:00,PUBM,14.91100025177002,14.91100025177002,14.91100025177002,14.91100025177002,14.91100025177002,152.0
2024-10-25 11:59:00+00:00,QCOM,172.6649932861328,172.6649932861328,172.6699981689453,172.6300048828125,172.6300048828125,4712.0
2024-10-25 11:59:00+00:00,QLYS,120.45980072021484,120.45980072021484,120.5,120.45980072021484,120.5,1194.0
2024-10-25 11:59:00+00:00,QRVO,100.42500305175781,100.42500305175781,100.45999908447266,100.42500305175781,100.45999908447266,965.0
2024-10-25 11:59:00+00:00,QUBT,1.0606000423431396,1.0606000423431396,1.0606000423431396,1.0606000423431396,1.0606000423431396,1674.0
2024-10-25 11:59:00+00:00,RCAT,2.7400999069213867,2.7400999069213867,2.75,2.7400999069213867,2.740999937057495,3025.0
2024-10-25 11:59:00+00:00,REKR,1.0950000286102295,1.0950000286102295,1.0950000286102295,1.0950000286102295,1.0950000286102295,352.0
2024-10-25 11:59:00+00:00,RGTI,1.225000023841858,1.225000023841858,1.2300000190734863,1.222000002861023,1.225000023841858,18119.0
2024-10-25 11:59:00+00:00,RIOT,10.015999794006348,10.015999794006348,10.020000457763672,10.010000228881836,10.010000228881836,18490.0
2024-10-25 11:59:00+00:00,RMBS,43.54999923706055,43.54999923706055,43.56999969482422,43.54999923706055,43.56999969482422,791.0
2024-10-25 11:59:00+00:00,RPAY,7.605000019073486,7.605000019073486,7.605000019073486,7.605000019073486,7.605000019073486,587.0
2024-10-25 11:59:00+00:00,RUM,5.824999809265137,5.824999809265137,5.829999923706055,5.820099830627441,5.824999809265137,1950.0
2024-10-25 11:59:00+00:00,RUN,14.505000114440918,14.505000114440918,14.520000457763672,14.505000114440918,14.515000343322754,4668.0
2024-10-25 11:59:00+00:00,SEDG,16.149999618530273,16.149999618530273,16.18000030517578,16.1299991607666,16.165000915527344,9734.0
2024-10-25 11:59:00+00:00,SHLS,5.355000019073486,5.355000019073486,5.360000133514404,5.355000019073486,5.355000019073486,733.0
2024-10-25 11:59:00+00:00,SMCI,47.63999938964844,47.63999938964844,47.70000076293945,47.63999938964844,47.65999984741211,45818.0
2024-10-25 11:59:00+00:00,SMSI,0.8100000023841858,0.8100000023841858,0.8100000023841858,0.8100000023841858,0.8100000023841858,1720.0
2024-10-25 11:59:00+00:00,SNPS,503.44500732421875,503.44500732421875,503.44500732421875,503.44500732421875,503.44500732421875,550.0
2024-10-25 11:59:00+00:00,SONO,12.819999694824219,12.819999694824219,12.819999694824219,12.8149995803833,12.8149995803833,824.0
2024-10-25 11:59:00+00:00,SOUN,5.258999824523926,5.258999824523926,5.260000228881836,5.255000114440918,5.255000114440918,21567.0
2024-10-25 11:59:00+00:00,SPSC,172.7050018310547,172.7050018310547,173.0,172.7050018310547,173.0,470.0
2024-10-25 11:59:00+00:00,SPT,27.280000686645508,27.280000686645508,27.280000686645508,27.260000228881836,27.274999618530273,1602.0
2024-10-25 11:59:00+00:00,SSNC,69.81999969482422,69.81999969482422,69.83999633789062,69.79499816894531,69.83000183105469,4367.0
2024-10-25 11:59:00+00:00,SSYS,7.130000114440918,7.130000114440918,7.139999866485596,7.130000114440918,7.139999866485596,1029.0
2024-10-25 11:59:00+00:00,STER,16.739999771118164,16.739999771118164,16.739999771118164,16.739999771118164,16.739999771118164,190.0
2024-10-25 11:59:00+00:00,STNE,11.470000267028809,11.470000267028809,11.479999542236328,11.470000267028809,11.475000381469727,820.0
2024-10-25 11:59:00+00:00,STX,104.19000244140625,104.19000244140625,104.19000244140625,104.1050033569336,104.1050033569336,647.0
2024-10-25 11:59:00+00:00,SWKS,96.72000122070312,96.72000122070312,96.72000122070312,96.72000122070312,96.72000122070312,418.0
2024-10-25 11:59:00+00:00,SYNA,73.77999877929688,73.77999877929688,73.77999877929688,73.77999877929688,73.77999877929688,713.0
2024-10-25 11:59:00+00:00,SYTA,1.2799999713897705,1.2799999713897705,1.2799999713897705,1.2799999713897705,1.2799999713897705,510.0
2024-10-25 11:59:00+00:00,TEAM,190.11000061035156,190.11000061035156,190.25,190.10000610351562,190.16000366210938,4472.0
2024-10-25 11:59:00+00:00,TENB,41.79499816894531,41.79499816894531,41.79499816894531,41.79499816894531,41.79499816894531,409.0
2024-10-25 11:59:00+00:00,TER,112.9000015258789,112.9000015258789,112.94000244140625,112.9000015258789,112.93499755859375,3191.0
2024-10-25 11:59:00+00:00,TLS,3.6649999618530273,3.6649999618530273,3.6649999618530273,3.6649999618530273,3.6649999618530273,101.0
2024-10-25 11:59:00+00:00,TRMB,61.04999923706055,61.04999923706055,61.04999923706055,61.04999923706055,61.04999923706055,420.0
2024-10-25 11:59:00+00:00,TSEM,44.970001220703125,44.970001220703125,44.970001220703125,44.970001220703125,44.970001220703125,863.0
2024-10-25 11:59:00+00:00,TTD,119.41500091552734,119.41500091552734,119.51000213623047,119.41500091552734,119.51000213623047,1328.0
2024-10-25 11:59:00+00:00,TTEC,5.380000114440918,5.380000114440918,5.380000114440918,5.380000114440918,5.380000114440918,160.0
2024-10-25 11:59:00+00:00,TTMI,19.649999618530273,19.649999618530273,19.649999618530273,19.649999618530273,19.649999618530273,570.0
2024-10-25 11:59:00+00:00,TWKS,4.449999809265137,4.449999809265137,4.454999923706055,4.449999809265137,4.449999809265137,1299.0
2024-10-25 11:59:00+00:00,TXN,209.0800018310547,209.0800018310547,209.11000061035156,209.0399932861328,209.04800415039062,2433.0
2024-10-25 11:59:00+00:00,VECO,29.610000610351562,29.610000610351562,29.625,29.601999282836914,29.6200008392334,4919.0
2024-10-25 11:59:00+00:00,VERX,42.25,42.25,42.25,42.25,42.25,174.0
2024-10-25 11:59:00+00:00,VIAV,9.199999809265137,9.199999809265137,9.199999809265137,9.199999809265137,9.199999809265137,1193.0
2024-10-25 11:59:00+00:00,VICR,46.54999923706055,46.54999923706055,46.6150016784668,46.54999923706055,46.6150016784668,836.0
2024-10-25 11:59:00+00:00,VMEO,4.760000228881836,4.760000228881836,4.760000228881836,4.760000228881836,4.760000228881836,144.0
2024-10-25 11:59:00+00:00,VNET,3.4749999046325684,3.4749999046325684,3.4749999046325684,3.4749999046325684,3.4749999046325684,1017.0
2024-10-25 11:59:00+00:00,VRNS,56.86000061035156,56.86000061035156,56.86000061035156,56.81999969482422,56.81999969482422,1581.0
2024-10-25 11:59:00+00:00,VRNT,22.18000030517578,22.18000030517578,22.18000030517578,22.18000030517578,22.18000030517578,1663.0
2024-10-25 11:59:00+00:00,VSAT,10.460000038146973,10.460000038146973,10.460000038146973,10.430000305175781,10.430000305175781,2858.0
2024-10-25 11:59:00+00:00,VUZI,1.311400055885315,1.311400055885315,1.311400055885315,1.311400055885315,1.311400055885315,182.0
2024-10-25 11:59:00+00:00,VVPR,0.7919999957084656,0.7919999957084656,0.7919999957084656,0.7919999957084656,0.7919999957084656,320.0
2024-10-25 11:59:00+00:00,WALD,3.6500000953674316,3.6500000953674316,3.6500000953674316,3.6500000953674316,3.6500000953674316,100.0
2024-10-25 11:59:00+00:00,WDAY,239.89999389648438,239.89999389648438,239.9499969482422,239.89999389648438,239.91000366210938,1734.0
2024-10-25 11:59:00+00:00,WDC,71.6449966430664,71.6449966430664,71.66000366210938,71.45999908447266,71.45999908447266,25467.0
2024-10-25 11:59:00+00:00,WISA,1.8499000072479248,1.8499000072479248,1.850000023841858,1.8499000072479248,1.850000023841858,605.0
2024-10-25 11:59:00+00:00,XPER,9.449999809265137,9.449999809265137,9.449999809265137,9.444000244140625,9.444000244140625,730.0
2024-10-25 11:59:00+00:00,ZBRA,363.114990234375,363.114990234375,363.114990234375,363.114990234375,363.114990234375,858.0
2024-10-25 11:59:00+00:00,ZI,10.5649995803833,10.5649995803833,10.5649995803833,10.5649995803833,10.5649995803833,1941.0
2024-10-25 11:59:00+00:00,ZM,73.07499694824219,73.07499694824219,73.08000183105469,73.05999755859375,73.06999969482422,1542.0
2024-10-25 11:59:00+00:00,ZS,186.14999389648438,186.14999389648438,186.14999389648438,186.14999389648438,186.14999389648438,658.0
2024-10-25 12:00:00+00:00,AAOI,18.075000762939453,18.075000762939453,18.100000381469727,18.06999969482422,18.100000381469727,1600.0
2024-10-25 12:00:00+00:00,AAPL,231.97999572753906,231.97999572753906,232.07000732421875,231.94290161132812,232.02999877929688,61400.0
2024-10-25 12:00:00+00:00,ACMR,19.876800537109375,19.876800537109375,19.876800537109375,19.8700008392334,19.8700008392334,504.0
2024-10-25 12:00:00+00:00,ADBE,484.7349853515625,484.7349853515625,484.7799987792969,484.6400146484375,484.7799987792969,1888.0
2024-10-25 12:00:00+00:00,ADI,233.5,233.5,233.5850067138672,233.5,233.5399932861328,2265.0
2024-10-25 12:00:00+00:00,ADSK,286.6400146484375,286.6400146484375,286.6400146484375,286.6400146484375,286.6400146484375,1212.0
2024-10-25 12:00:00+00:00,AEHR,16.934999465942383,16.934999465942383,16.934999465942383,16.920000076293945,16.920000076293945,1455.0
2024-10-25 12:00:00+00:00,AFRM,41.439998626708984,41.439998626708984,41.529998779296875,41.43000030517578,41.525001525878906,26477.0
2024-10-25 12:00:00+00:00,AIP,6.960000038146973,6.960000038146973,6.960000038146973,6.960000038146973,6.960000038146973,104.0
2024-10-25 12:00:00+00:00,AKAM,103.01000213623047,103.01000213623047,103.06999969482422,103.01000213623047,103.06999969482422,1432.0
2024-10-25 12:00:00+00:00,ALGM,22.739999771118164,22.739999771118164,22.808000564575195,22.739999771118164,22.80500030517578,7659.0
2024-10-25 12:00:00+00:00,AMAT,188.02499389648438,188.02499389648438,188.10499572753906,188.02499389648438,188.0500030517578,5359.0
2024-10-25 12:00:00+00:00,AMD,157.7550048828125,157.7550048828125,157.9199981689453,157.74000549316406,157.82000732421875,45583.0
2024-10-25 12:00:00+00:00,ANSS,325.8399963378906,325.8399963378906,325.8599853515625,325.8399963378906,325.8599853515625,489.0
2024-10-25 12:00:00+00:00,ANY,1.0600999593734741,1.0600999593734741,1.0600999593734741,1.0600999593734741,1.0600999593734741,10542.0
2024-10-25 12:00:00+00:00,API,2.8450000286102295,2.8450000286102295,2.8450000286102295,2.8450000286102295,2.8450000286102295,906.0
2024-10-25 12:00:00+00:00,APP,161.5500030517578,161.5500030517578,161.5500030517578,161.4199981689453,161.5,4244.0
2024-10-25 12:00:00+00:00,APPF,214.14999389648438,214.14999389648438,214.14999389648438,214.14999389648438,214.14999389648438,3501.0
2024-10-25 12:00:00+00:00,APPN,32.290000915527344,32.290000915527344,32.290000915527344,32.290000915527344,32.290000915527344,245.0
2024-10-25 12:00:00+00:00,ARRY,6.534999847412109,6.534999847412109,6.550000190734863,6.534999847412109,6.545000076293945,12716.0
2024-10-25 12:00:00+00:00,ASML,716.1099853515625,716.1099853515625,716.52001953125,716.1099853515625,716.2899780273438,3436.0
2024-10-25 12:00:00+00:00,AUDC,9.125,9.125,9.125,9.125,9.125,1298.0
2024-10-25 12:00:00+00:00,AUR,6.399799823760986,6.399799823760986,6.399799823760986,6.389999866485596,6.394999980926514,11050.0
2024-10-25 12:00:00+00:00,AVDX,8.140000343322754,8.140000343322754,8.140000343322754,8.140000343322754,8.140000343322754,240.0
2024-10-25 12:00:00+00:00,AVGO,175.9149932861328,175.9149932861328,176.00840759277344,175.9093017578125,175.9600067138672,12367.0
2024-10-25 12:00:00+00:00,BELFB,79.22000122070312,79.22000122070312,79.22000122070312,79.22000122070312,79.22000122070312,370.0
2024-10-25 12:00:00+00:00,BIGC,5.309999942779541,5.309999942779541,5.309999942779541,5.309999942779541,5.309999942779541,1162.0
2024-10-25 12:00:00+00:00,BMBL,7.244999885559082,7.244999885559082,7.244999885559082,7.244999885559082,7.244999885559082,373.0
2024-10-25 12:00:00+00:00,BSY,49.220001220703125,49.220001220703125,49.220001220703125,49.220001220703125,49.220001220703125,633.0
2024-10-25 12:00:00+00:00,CDNS,259.5,259.5,259.6400146484375,259.5,259.55499267578125,3378.0
2024-10-25 12:00:00+00:00,CDW,219.19000244140625,219.19000244140625,219.19000244140625,219.125,219.15499877929688,1740.0
2024-10-25 12:00:00+00:00,CFLT,22.780000686645508,22.780000686645508,22.795000076293945,22.780000686645508,22.780000686645508,2701.0
2024-10-25 12:00:00+00:00,CGNX,39.0099983215332,39.0099983215332,39.0099983215332,39.0099983215332,39.0099983215332,760.0
2024-10-25 12:00:00+00:00,CHKP,207.30999755859375,207.30999755859375,207.30999755859375,207.30999755859375,207.30999755859375,549.0
2024-10-25 12:00:00+00:00,CLSK,11.840100288391113,11.840100288391113,11.875,11.84000015258789,11.850000381469727,81082.0
2024-10-25 12:00:00+00:00,COHR,94.97000122070312,94.97000122070312,95.05000305175781,94.97000122070312,95.05000305175781,2299.0
2024-10-25 12:00:00+00:00,COHU,26.270000457763672,26.270000457763672,26.270000457763672,26.270000457763672,26.270000457763672,921.0
2024-10-25 12:00:00+00:00,COIN,209.98989868164062,209.98989868164062,210.22000122070312,209.7825927734375,209.94000244140625,19810.0
2024-10-25 12:00:00+00:00,COMM,6.335000038146973,6.335000038146973,6.335000038146973,6.329999923706055,6.335000038146973,1289.0
2024-10-25 12:00:00+00:00,CORZ,13.234999656677246,13.234999656677246,13.239999771118164,13.229999542236328,13.239999771118164,5566.0
2024-10-25 12:00:00+00:00,CRCT,6.570000171661377,6.570000171661377,6.570000171661377,6.570000171661377,6.570000171661377,200.0
2024-10-25 12:00:00+00:00,CRDO,39.69499969482422,39.69499969482422,39.845001220703125,39.69499969482422,39.79999923706055,2614.0
2024-10-25 12:00:00+00:00,CRNC,2.9049999713897705,2.9049999713897705,2.9049999713897705,2.9049999713897705,2.9049999713897705,326.0
2024-10-25 12:00:00+00:00,CRUS,123.6449966430664,123.6449966430664,123.69999694824219,123.6449966430664,123.69999694824219,466.0
2024-10-25 12:00:00+00:00,CRWD,308.9501037597656,308.9501037597656,308.9501037597656,308.9501037597656,308.9501037597656,1209.0
2024-10-25 12:00:00+00:00,CSCO,55.96500015258789,55.96500015258789,55.98500061035156,55.96500015258789,55.98500061035156,13547.0
2024-10-25 12:00:00+00:00,CSIQ,13.699999809265137,13.699999809265137,13.710000038146973,13.699999809265137,13.699999809265137,2082.0
2024-10-25 12:00:00+00:00,CTLP,8.935999870300293,8.935999870300293,8.935999870300293,8.934399604797363,8.934399604797363,464.0
2024-10-25 12:00:00+00:00,CTSH,74.81999969482422,74.81999969482422,74.87999725341797,74.80000305175781,74.87999725341797,3593.0
2024-10-25 12:00:00+00:00,CYBR,292.42999267578125,292.42999267578125,292.42999267578125,292.42999267578125,292.42999267578125,305.0
2024-10-25 12:00:00+00:00,DAVE,39.650001525878906,39.650001525878906,39.650001525878906,39.650001525878906,39.650001525878906,399.0
2024-10-25 12:00:00+00:00,DBX,26.024999618530273,26.024999618530273,26.030000686645508,26.024999618530273,26.024999618530273,2147.0
2024-10-25 12:00:00+00:00,DDOG,127.33999633789062,127.33999633789062,127.33999633789062,127.23999786376953,127.23999786376953,3050.0
2024-10-25 12:00:00+00:00,DLO,8.8149995803833,8.8149995803833,8.8149995803833,8.8149995803833,8.8149995803833,203.0
2024-10-25 12:00:00+00:00,DOCU,69.91999816894531,69.91999816894531,70.11000061035156,69.9000015258789,70.11000061035156,8854.0
2024-10-25 12:00:00+00:00,DOMO,7.989999771118164,7.989999771118164,7.989999771118164,7.989999771118164,7.989999771118164,393.0
2024-10-25 12:00:00+00:00,DSGX,104.20719909667969,104.20719909667969,104.20719909667969,104.20719909667969,104.20719909667969,115.0
2024-10-25 12:00:00+00:00,DUOL,288.9849853515625,288.9849853515625,288.9849853515625,288.9849853515625,288.9849853515625,1465.0
2024-10-25 12:00:00+00:00,EEFT,100.92500305175781,100.92500305175781,100.92500305175781,100.92500305175781,100.92500305175781,911.0
2024-10-25 12:00:00+00:00,ENPH,83.76499938964844,83.76499938964844,84.1050033569336,83.62999725341797,83.88999938964844,12448.0
2024-10-25 12:00:00+00:00,ENTG,105.73500061035156,105.73500061035156,105.87999725341797,105.72000122070312,105.87999725341797,5594.0
2024-10-25 12:00:00+00:00,ERIC,8.484999656677246,8.484999656677246,8.486000061035156,8.479999542236328,8.48009967803955,40582.0
2024-10-25 12:00:00+00:00,EVCM,10.649999618530273,10.649999618530273,10.649999618530273,10.649999618530273,10.649999618530273,376.0
2024-10-25 12:00:00+00:00,EXFY,1.725000023841858,1.725000023841858,1.7300000190734863,1.725000023841858,1.725000023841858,552.0
2024-10-25 12:00:00+00:00,EXLS,39.0,39.0,39.0,38.9900016784668,38.9900016784668,2160.0
2024-10-25 12:00:00+00:00,EXTR,14.479999542236328,14.479999542236328,14.479999542236328,14.470000267028809,14.470000267028809,1547.0
2024-10-25 12:00:00+00:00,FFIV,216.78500366210938,216.78500366210938,216.78500366210938,216.67999267578125,216.75,2041.0
2024-10-25 12:00:00+00:00,FIVN,30.260000228881836,30.260000228881836,30.290000915527344,30.239999771118164,30.290000915527344,2438.0
2024-10-25 12:00:00+00:00,FLEX,35.34000015258789,35.34000015258789,35.35499954223633,35.34000015258789,35.35499954223633,1011.0
2024-10-25 12:00:00+00:00,FLYW,17.469999313354492,17.469999313354492,17.469999313354492,17.469999313354492,17.469999313354492,200.0
2024-10-25 12:00:00+00:00,FORM,45.310001373291016,45.310001373291016,45.33000183105469,45.310001373291016,45.33000183105469,377.0
2024-10-25 12:00:00+00:00,FRSH,11.675000190734863,11.675000190734863,11.680000305175781,11.675000190734863,11.680000305175781,710.0
2024-10-25 12:00:00+00:00,FSLR,200.13999938964844,200.13999938964844,200.38999938964844,200.02029418945312,200.35000610351562,15967.0
2024-10-25 12:00:00+00:00,FTFT,0.3212999999523163,0.3212999999523163,0.3212999999523163,0.3212999999523163,0.3212999999523163,329.0
2024-10-25 12:00:00+00:00,FTNT,81.31999969482422,81.31999969482422,81.32029724121094,81.25,81.26000213623047,12027.0
2024-10-25 12:00:00+00:00,GCT,24.8799991607666,24.8799991607666,24.8799991607666,24.850000381469727,24.854999542236328,2239.0
2024-10-25 12:00:00+00:00,GDYN,15.579999923706055,15.579999923706055,15.579999923706055,15.579999923706055,15.579999923706055,301.0
2024-10-25 12:00:00+00:00,GFS,41.459999084472656,41.459999084472656,41.4723014831543,41.439998626708984,41.470001220703125,1149.0
2024-10-25 12:00:00+00:00,GILT,4.940000057220459,4.940000057220459,4.940000057220459,4.940000057220459,4.940000057220459,351.0
2024-10-25 12:00:00+00:00,GRAB,4.085000038146973,4.085000038146973,4.090000152587891,4.085000038146973,4.090000152587891,5182.0
2024-10-25 12:00:00+00:00,HCP,33.70000076293945,33.70000076293945,33.709999084472656,33.70000076293945,33.709999084472656,9062.0
2024-10-25 12:00:00+00:00,HEAR,16.565000534057617,16.565000534057617,16.565000534057617,16.565000534057617,16.565000534057617,704.0
2024-10-25 12:00:00+00:00,HLIT,14.789999961853027,14.789999961853027,14.789999961853027,14.765000343322754,14.765000343322754,2307.0
2024-10-25 12:00:00+00:00,HOLO,3.690000057220459,3.690000057220459,3.700000047683716,3.6816999912261963,3.6900999546051025,3004.0
2024-10-25 12:00:00+00:00,HOOD,27.280000686645508,27.280000686645508,27.315000534057617,27.280000686645508,27.309999465942383,8269.0
2024-10-25 12:00:00+00:00,HTCR,1.0700000524520874,1.0700000524520874,1.0700000524520874,1.0700000524520874,1.0700000524520874,216.0
2024-10-25 12:00:00+00:00,III,3.065000057220459,3.065000057220459,3.065000057220459,3.065000057220459,3.065000057220459,383.0
2024-10-25 12:00:00+00:00,INDI,3.5799999237060547,3.5799999237060547,3.5799999237060547,3.575000047683716,3.575000047683716,914.0
2024-10-25 12:00:00+00:00,INFN,6.789999961853027,6.789999961853027,6.789999961853027,6.789999961853027,6.789999961853027,200.0
2024-10-25 12:00:00+00:00,INTA,49.97999954223633,49.97999954223633,49.97999954223633,49.95500183105469,49.95500183105469,1050.0
2024-10-25 12:00:00+00:00,INTC,23.124000549316406,23.124000549316406,23.149999618530273,23.1200008392334,23.149999618530273,96770.0
2024-10-25 12:00:00+00:00,INTU,611.010009765625,611.010009765625,611.010009765625,610.8099975585938,610.8099975585938,2798.0
2024-10-25 12:00:00+00:00,IPGP,76.9000015258789,76.9000015258789,76.9000015258789,76.9000015258789,76.9000015258789,381.0
2024-10-25 12:00:00+00:00,ITI,7.199999809265137,7.199999809265137,7.199999809265137,7.199999809265137,7.199999809265137,581.0
2024-10-25 12:00:00+00:00,KC,2.7149999141693115,2.7149999141693115,2.7149999141693115,2.7149999141693115,2.7149999141693115,1895.0
2024-10-25 12:00:00+00:00,KLAC,680.2698974609375,680.2698974609375,680.2698974609375,679.905029296875,679.905029296875,1023.0
2024-10-25 12:00:00+00:00,KLIC,44.38999938964844,44.38999938964844,44.38999938964844,44.38999938964844,44.38999938964844,139.0
2024-10-25 12:00:00+00:00,LINK,4.800000190734863,4.800000190734863,4.889999866485596,4.800000190734863,4.889999866485596,1846.0
2024-10-25 12:00:00+00:00,LITE,64.33999633789062,64.33999633789062,64.38999938964844,64.33499908447266,64.33499908447266,1159.0
2024-10-25 12:00:00+00:00,LRCX,79.05999755859375,79.05999755859375,79.08499908447266,79.0,79.06600189208984,25195.0
2024-10-25 12:00:00+00:00,LSCC,54.349998474121094,54.349998474121094,54.43000030517578,54.349998474121094,54.400001525878906,2910.0
2024-10-25 12:00:00+00:00,LYFT,13.84000015258789,13.84000015258789,13.864999771118164,13.829999923706055,13.864999771118164,47475.0
2024-10-25 12:00:00+00:00,LYT,1.999899983406067,1.999899983406067,1.999899983406067,1.9359999895095825,1.9359999895095825,6082.0
2024-10-25 12:00:00+00:00,MANH,275.6300048828125,275.6300048828125,275.7900085449219,275.6300048828125,275.7850036621094,1377.0
2024-10-25 12:00:00+00:00,MAXN,5.75,5.75,5.75,5.75,5.75,214.0
2024-10-25 12:00:00+00:00,MCHP,77.11000061035156,77.11000061035156,77.1500015258789,77.11000061035156,77.1500015258789,3984.0
2024-10-25 12:00:00+00:00,MDB,266.8900146484375,266.8900146484375,267.04998779296875,266.80999755859375,266.80999755859375,2319.0
2024-10-25 12:00:00+00:00,MGIC,11.149999618530273,11.149999618530273,11.149999618530273,11.149999618530273,11.149999618530273,300.0
2024-10-25 12:00:00+00:00,MITK,8.779999732971191,8.779999732971191,8.779999732971191,8.779999732971191,8.779999732971191,203.0
2024-10-25 12:00:00+00:00,MKSI,101.16000366210938,101.16000366210938,101.2300033569336,101.16000366210938,101.2300033569336,452.0
2024-10-25 12:00:00+00:00,MNDY,300.7699890136719,300.7699890136719,300.7699890136719,300.55999755859375,300.55999755859375,1840.0
2024-10-25 12:00:00+00:00,MPWR,917.7150268554688,917.7150268554688,919.5,917.4550170898438,918.64501953125,2410.0
2024-10-25 12:00:00+00:00,MQ,5.269999980926514,5.269999980926514,5.269999980926514,5.263999938964844,5.263999938964844,3156.0
2024-10-25 12:00:00+00:00,MRVL,82.43499755859375,82.43499755859375,82.51499938964844,82.43000030517578,82.48500061035156,18071.0
2024-10-25 12:00:00+00:00,MSFT,429.70001220703125,429.70001220703125,429.9100036621094,429.67999267578125,429.8399963378906,17938.0
2024-10-25 12:00:00+00:00,MSTR,240.37989807128906,240.37989807128906,240.61000061035156,239.74000549316406,240.0,46812.0
2024-10-25 12:00:00+00:00,MTC,0.3693999946117401,0.3693999946117401,0.3693999946117401,0.3693999946117401,0.3693999946117401,329.0
2024-10-25 12:00:00+00:00,MTLS,5.985000133514404,5.985000133514404,5.985000133514404,5.985000133514404,5.985000133514404,346.0
2024-10-25 12:00:00+00:00,MTSI,120.16999816894531,120.16999816894531,120.19999694824219,120.16999816894531,120.19999694824219,1181.0
2024-10-25 12:00:00+00:00,MTTR,4.652100086212158,4.652100086212158,4.659999847412109,4.652100086212158,4.654300212860107,3268.0
2024-10-25 12:00:00+00:00,MU,109.03099822998047,109.03099822998047,109.12000274658203,109.03099822998047,109.0999984741211,12152.0
2024-10-25 12:00:00+00:00,MVIS,1.100000023841858,1.100000023841858,1.100000023841858,1.100000023841858,1.100000023841858,104.0
2024-10-25 12:00:00+00:00,MXL,14.9350004196167,14.9350004196167,14.949999809265137,14.90999984741211,14.925000190734863,4109.0
2024-10-25 12:00:00+00:00,NCNO,37.70000076293945,37.70000076293945,37.7400016784668,37.68000030517578,37.72999954223633,17433.0
2024-10-25 12:00:00+00:00,NNDM,2.3450000286102295,2.3450000286102295,2.3459999561309814,2.3450000286102295,2.3459999561309814,1840.0
2024-10-25 12:00:00+00:00,NTAP,120.44000244140625,120.44000244140625,120.44000244140625,120.44000244140625,120.44000244140625,673.0
2024-10-25 12:00:00+00:00,NTCT,20.729999542236328,20.729999542236328,20.729999542236328,20.670000076293945,20.670000076293945,1784.0
2024-10-25 12:00:00+00:00,NTNX,62.40999984741211,62.40999984741211,62.47999954223633,62.40999984741211,62.459999084472656,1667.0
2024-10-25 12:00:00+00:00,NVDA,143.6750030517578,143.6750030517578,143.77000427246094,143.63999938964844,143.71499633789062,292233.0
2024-10-25 12:00:00+00:00,NVEI,33.525001525878906,33.525001525878906,33.525001525878906,33.525001525878906,33.525001525878906,1074.0
2024-10-25 12:00:00+00:00,NVMI,184.47000122070312,184.47000122070312,184.72500610351562,184.47000122070312,184.72500610351562,330.0
2024-10-25 12:00:00+00:00,NXPI,245.1999969482422,245.1999969482422,245.22000122070312,245.13999938964844,245.22000122070312,6957.0
2024-10-25 12:00:00+00:00,OKTA,72.56999969482422,72.56999969482422,72.56999969482422,72.56999969482422,72.56999969482422,376.0
2024-10-25 12:00:00+00:00,ON,71.78500366210938,71.78500366210938,71.8499984741211,71.77999877929688,71.83000183105469,6166.0
2024-10-25 12:00:00+00:00,OTEX,33.36000061035156,33.36000061035156,33.36000061035156,33.36000061035156,33.36000061035156,384.0
2024-10-25 12:00:00+00:00,PANW,368.489990234375,368.489990234375,368.68499755859375,368.489990234375,368.68499755859375,1709.0
2024-10-25 12:00:00+00:00,PCTY,173.77999877929688,173.77999877929688,173.77999877929688,173.77999877929688,173.77999877929688,573.0
2024-10-25 12:00:00+00:00,PEGA,80.44999694824219,80.44999694824219,80.48999786376953,80.375,80.48999786376953,3798.0
2024-10-25 12:00:00+00:00,PEGY,4.8221001625061035,4.8221001625061035,4.8221001625061035,4.8221001625061035,4.8221001625061035,386.0
2024-10-25 12:00:00+00:00,PGY,11.829999923706055,11.829999923706055,11.829999923706055,11.829999923706055,11.829999923706055,346.0
2024-10-25 12:00:00+00:00,PHUN,10.050600051879883,10.050600051879883,10.119999885559082,10.050200462341309,10.119999885559082,50482.0
2024-10-25 12:00:00+00:00,PI,205.60000610351562,205.60000610351562,205.6699981689453,204.6999969482422,204.6999969482422,6071.0
2024-10-25 12:00:00+00:00,PLAB,23.700000762939453,23.700000762939453,23.700000762939453,23.700000762939453,23.700000762939453,463.0
2024-10-25 12:00:00+00:00,POET,3.979300022125244,3.979300022125244,3.9800000190734863,3.979300022125244,3.9800000190734863,1796.0
2024-10-25 12:00:00+00:00,POWI,64.13999938964844,64.13999938964844,64.13999938964844,64.13999938964844,64.13999938964844,141.0
2024-10-25 12:00:00+00:00,PRCH,1.3350000381469727,1.3350000381469727,1.3350000381469727,1.3350000381469727,1.3350000381469727,95.0
2024-10-25 12:00:00+00:00,PRST,0.0027000000700354576,0.0027000000700354576,0.0027000000700354576,0.0027000000700354576,0.0027000000700354576,16387.0
2024-10-25 12:00:00+00:00,PUBM,14.920000076293945,14.920000076293945,14.920000076293945,14.913100242614746,14.913100242614746,985.0
2024-10-25 12:00:00+00:00,PYCR,14.380000114440918,14.380000114440918,14.380000114440918,14.364999771118164,14.364999771118164,1754.0
2024-10-25 12:00:00+00:00,QCOM,172.5,172.5,172.64999389648438,172.5,172.6300048828125,5714.0
2024-10-25 12:00:00+00:00,QRVO,100.31999969482422,100.31999969482422,100.41000366210938,100.31999969482422,100.41000366210938,2324.0
2024-10-25 12:00:00+00:00,QUBT,1.06850004196167,1.06850004196167,1.0700000524520874,1.065000057220459,1.0700000524520874,7085.0
2024-10-25 12:00:00+00:00,RDVT,28.889999389648438,28.889999389648438,28.889999389648438,28.889999389648438,28.889999389648438,718.0
2024-10-25 12:00:00+00:00,RELY,14.729999542236328,14.729999542236328,14.729999542236328,14.729999542236328,14.729999542236328,1516.0
2024-10-25 12:00:00+00:00,RGTI,1.215000033378601,1.215000033378601,1.222000002861023,1.2100000381469727,1.222000002861023,79285.0
2024-10-25 12:00:00+00:00,RIOT,10.013999938964844,10.013999938964844,10.029899597167969,10.011500358581543,10.019800186157227,30716.0
2024-10-25 12:00:00+00:00,RMBS,43.56999969482422,43.56999969482422,43.59000015258789,43.540000915527344,43.58000183105469,1346.0
2024-10-25 12:00:00+00:00,RMNI,1.725000023841858,1.725000023841858,1.725000023841858,1.725000023841858,1.725000023841858,930.0
2024-10-25 12:00:00+00:00,RPAY,7.605000019073486,7.605000019073486,7.607999801635742,7.605000019073486,7.605000019073486,823.0
2024-10-25 12:00:00+00:00,RUM,5.824999809265137,5.824999809265137,5.824999809265137,5.820099830627441,5.820099830627441,315.0
2024-10-25 12:00:00+00:00,RUN,14.460000038146973,14.460000038146973,14.505000114440918,14.460000038146973,14.505000114440918,10776.0
2024-10-25 12:00:00+00:00,SATS,25.290000915527344,25.290000915527344,25.290000915527344,25.274999618530273,25.274999618530273,634.0
2024-10-25 12:00:00+00:00,SEDG,16.100000381469727,16.100000381469727,16.149999618530273,16.100000381469727,16.1200008392334,7119.0
2024-10-25 12:00:00+00:00,SHLS,5.324999809265137,5.324999809265137,5.355000019073486,5.324999809265137,5.355000019073486,13965.0
2024-10-25 12:00:00+00:00,SKYT,10.65999984741211,10.65999984741211,10.65999984741211,10.649999618530273,10.649999618530273,710.0
2024-10-25 12:00:00+00:00,SMCI,47.738399505615234,47.738399505615234,47.739898681640625,47.599998474121094,47.619998931884766,112473.0
2024-10-25 12:00:00+00:00,SMTC,45.849998474121094,45.849998474121094,45.939998626708984,45.849998474121094,45.939998626708984,2024.0
2024-10-25 12:00:00+00:00,SOUN,5.255000114440918,5.255000114440918,5.259300231933594,5.250999927520752,5.255000114440918,10339.0
2024-10-25 12:00:00+00:00,SPSC,172.44500732421875,172.44500732421875,172.65499877929688,172.4149932861328,172.65499877929688,2189.0
2024-10-25 12:00:00+00:00,SSNC,69.80999755859375,69.80999755859375,69.83999633789062,69.80999755859375,69.81990051269531,7374.0
2024-10-25 12:00:00+00:00,STNE,11.46500015258789,11.46500015258789,11.479999542236328,11.46500015258789,11.479999542236328,6056.0
2024-10-25 12:00:00+00:00,STX,104.19999694824219,104.19999694824219,104.19999694824219,104.19999694824219,104.19999694824219,1289.0
2024-10-25 12:00:00+00:00,SVRE,0.08219999819993973,0.08219999819993973,0.0828000009059906,0.08219999819993973,0.0828000009059906,1505.0
2024-10-25 12:00:00+00:00,SWKS,96.62000274658203,96.62000274658203,96.69000244140625,96.62000274658203,96.69000244140625,3179.0
2024-10-25 12:00:00+00:00,TEAM,189.9499969482422,189.9499969482422,190.08999633789062,189.9499969482422,190.05999755859375,1532.0
2024-10-25 12:00:00+00:00,TENB,41.72999954223633,41.72999954223633,41.77000045776367,41.72999954223633,41.77000045776367,1682.0
2024-10-25 12:00:00+00:00,TER,112.70999908447266,112.70999908447266,112.87999725341797,112.63999938964844,112.87999725341797,9844.0
2024-10-25 12:00:00+00:00,TRMB,61.029998779296875,61.029998779296875,61.03499984741211,61.0099983215332,61.03499984741211,1748.0
2024-10-25 12:00:00+00:00,TTD,119.37000274658203,119.37000274658203,119.41999816894531,119.27999877929688,119.37999725341797,5780.0
2024-10-25 12:00:00+00:00,TTMI,19.639999389648438,19.639999389648438,19.639999389648438,19.639999389648438,19.639999389648438,254.0
2024-10-25 12:00:00+00:00,TWKS,4.449999809265137,4.449999809265137,4.449999809265137,4.449999809265137,4.449999809265137,10673.0
2024-10-25 12:00:00+00:00,TXN,208.92999267578125,208.92999267578125,209.11000061035156,208.92999267578125,209.11000061035156,7194.0
2024-10-25 12:00:00+00:00,UCTT,36.220001220703125,36.220001220703125,36.309898376464844,36.220001220703125,36.275001525878906,1916.0
2024-10-25 12:00:00+00:00,VECO,29.56999969482422,29.56999969482422,29.56999969482422,29.56999969482422,29.56999969482422,305.0
2024-10-25 12:00:00+00:00,VERI,3.4200000762939453,3.4200000762939453,3.4200000762939453,3.4200000762939453,3.4200000762939453,152.0
2024-10-25 12:00:00+00:00,VERX,42.22999954223633,42.22999954223633,42.22999954223633,42.22999954223633,42.22999954223633,458.0
2024-10-25 12:00:00+00:00,VIAV,9.25,9.25,9.25,9.204999923706055,9.204999923706055,69139.0
2024-10-25 12:00:00+00:00,VMEO,4.760000228881836,4.760000228881836,4.760000228881836,4.75,4.755000114440918,1187.0
2024-10-25 12:00:00+00:00,VNET,3.450000047683716,3.450000047683716,3.4700000286102295,3.450000047683716,3.4700000286102295,2213.0
2024-10-25 12:00:00+00:00,VRNS,56.83000183105469,56.83000183105469,56.849998474121094,56.83000183105469,56.849998474121094,967.0
2024-10-25 12:00:00+00:00,VSAT,10.460000038146973,10.460000038146973,10.460000038146973,10.460000038146973,10.460000038146973,327.0
2024-10-25 12:00:00+00:00,WDAY,240.0449981689453,240.0449981689453,240.0449981689453,240.02000427246094,240.02000427246094,757.0
2024-10-25 12:00:00+00:00,WDC,71.60990142822266,71.60990142822266,71.69000244140625,71.51000213623047,71.66999816894531,71319.0
2024-10-25 12:00:00+00:00,WISA,1.850000023841858,1.850000023841858,1.850000023841858,1.8450000286102295,1.8450000286102295,1292.0
2024-10-25 12:00:00+00:00,WRAP,1.7999999523162842,1.7999999523162842,1.7999999523162842,1.7999999523162842,1.7999999523162842,1045.0
2024-10-25 12:00:00+00:00,XPER,9.449999809265137,9.449999809265137,9.449999809265137,9.449999809265137,9.449999809265137,333.0
2024-10-25 12:00:00+00:00,XRX,10.114999771118164,10.114999771118164,10.119999885559082,10.114999771118164,10.119999885559082,820.0
2024-10-25 12:00:00+00:00,ZBRA,362.8500061035156,362.8500061035156,362.8500061035156,362.8500061035156,362.8500061035156,637.0
2024-10-25 12:00:00+00:00,ZI,10.539999961853027,10.539999961853027,10.569999694824219,10.539999961853027,10.5649995803833,13528.0
2024-10-25 12:00:00+00:00,ZM,73.07720184326172,73.07720184326172,73.07720184326172,73.07499694824219,73.07499694824219,1745.0
2024-10-25 12:00:00+00:00,ZS,186.14999389648438,186.14999389648438,186.14999389648438,186.08999633789062,186.08999633789062,602.0
2024-10-25 12:01:00+00:00,AAOI,18.072500228881836,18.072500228881836,18.072500228881836,18.072500228881836,18.072500228881836,141.0
2024-10-25 12:01:00+00:00,AAPL,232.02000427246094,232.02000427246094,232.0500030517578,231.9759979248047,231.9844970703125,36703.0
2024-10-25 12:01:00+00:00,ACIW,48.83000183105469,48.83000183105469,48.83000183105469,48.816001892089844,48.816001892089844,1050.0
2024-10-25 12:01:00+00:00,ACLS,90.68000030517578,90.68000030517578,90.68000030517578,90.68000030517578,90.68000030517578,201.0
2024-10-25 12:01:00+00:00,ACMR,19.889999389648438,19.889999389648438,19.889999389648438,19.889999389648438,19.889999389648438,195.0
2024-10-25 12:01:00+00:00,ADBE,484.75,484.75,484.75,484.75,484.75,910.0
2024-10-25 12:01:00+00:00,ADTN,6.40500020980835,6.40500020980835,6.40500020980835,6.400000095367432,6.400000095367432,1292.0
2024-10-25 12:01:00+00:00,AEHR,16.889999389648438,16.889999389648438,16.90999984741211,16.875,16.90999984741211,2541.0
2024-10-25 12:01:00+00:00,AEYE,22.690000534057617,22.690000534057617,22.690900802612305,22.690000534057617,22.690900802612305,5832.0
2024-10-25 12:01:00+00:00,AFRM,41.58000183105469,41.58000183105469,41.59000015258789,41.439998626708984,41.439998626708984,23082.0
2024-10-25 12:01:00+00:00,AKAM,102.94999694824219,102.94999694824219,102.94999694824219,102.94999694824219,102.94999694824219,459.0
2024-10-25 12:01:00+00:00,AKTS,0.05739999935030937,0.05739999935030937,0.0575999990105629,0.05739999935030937,0.0575999990105629,15519.0
2024-10-25 12:01:00+00:00,ALGM,22.739999771118164,22.739999771118164,22.770000457763672,22.729999542236328,22.729999542236328,6593.0
2024-10-25 12:01:00+00:00,ALRM,54.739601135253906,54.739601135253906,54.76959991455078,54.739601135253906,54.76959991455078,733.0
2024-10-25 12:01:00+00:00,ALTR,104.02999877929688,104.02999877929688,104.02999877929688,104.02999877929688,104.02999877929688,364.0
2024-10-25 12:01:00+00:00,AMAT,188.02000427246094,188.02000427246094,188.05999755859375,188.02000427246094,188.05999755859375,2585.0
2024-10-25 12:01:00+00:00,AMBA,58.189998626708984,58.189998626708984,58.189998626708984,58.189998626708984,58.189998626708984,231.0
2024-10-25 12:01:00+00:00,AMD,157.71400451660156,157.71400451660156,157.79400634765625,157.63009643554688,157.7550048828125,30183.0
2024-10-25 12:01:00+00:00,AMKR,30.128999710083008,30.128999710083008,30.128999710083008,30.128999710083008,30.128999710083008,437.0
2024-10-25 12:01:00+00:00,AMPL,9.234800338745117,9.234800338745117,9.234800338745117,9.234800338745117,9.234800338745117,114.0
2024-10-25 12:01:00+00:00,ANSS,325.7900085449219,325.7900085449219,325.7900085449219,325.7900085449219,325.7900085449219,202.0
2024-10-25 12:01:00+00:00,ANY,1.0700000524520874,1.0700000524520874,1.0700000524520874,1.0700000524520874,1.0700000524520874,0.0
2024-10-25 12:01:00+00:00,API,2.8450000286102295,2.8450000286102295,2.8450000286102295,2.8450000286102295,2.8450000286102295,307.0
2024-10-25 12:01:00+00:00,APP,161.32000732421875,161.32000732421875,161.4600067138672,161.28500366210938,161.38009643554688,3688.0
2024-10-25 12:01:00+00:00,ARQQ,7.274600028991699,7.274600028991699,7.274600028991699,7.274600028991699,7.274600028991699,127.0
2024-10-25 12:01:00+00:00,ARRY,6.534999847412109,6.534999847412109,6.539999961853027,6.530099868774414,6.533599853515625,10379.0
2024-10-25 12:01:00+00:00,ASML,716.4298706054688,716.4298706054688,716.4298706054688,716.0499877929688,716.0499877929688,959.0
2024-10-25 12:01:00+00:00,ASYS,5.849999904632568,5.849999904632568,5.849999904632568,5.764999866485596,5.764999866485596,854.0
2024-10-25 12:01:00+00:00,AUR,6.394999980926514,6.394999980926514,6.394999980926514,6.389999866485596,6.389999866485596,5772.0
2024-10-25 12:01:00+00:00,AVDX,8.135000228881836,8.135000228881836,8.135000228881836,8.135000228881836,8.135000228881836,411.0
2024-10-25 12:01:00+00:00,AVGO,176.0399932861328,176.0399932861328,176.0399932861328,175.8800048828125,175.91000366210938,13020.0
2024-10-25 12:01:00+00:00,AVNW,21.05500030517578,21.05500030517578,21.084999084472656,21.030000686645508,21.040000915527344,695.0
2024-10-25 12:01:00+00:00,BIGC,5.300000190734863,5.300000190734863,5.300000190734863,5.300000190734863,5.300000190734863,341.0
2024-10-25 12:01:00+00:00,BL,56.47999954223633,56.47999954223633,56.47999954223633,56.47999954223633,56.47999954223633,369.0
2024-10-25 12:01:00+00:00,BSY,49.18000030517578,49.18000030517578,49.20000076293945,49.18000030517578,49.20000076293945,642.0
2024-10-25 12:01:00+00:00,CAN,0.9919999837875366,0.9919999837875366,0.9934999942779541,0.9919000267982483,0.9934999942779541,15201.0
2024-10-25 12:01:00+00:00,CDNS,259.5899963378906,259.5899963378906,259.5899963378906,259.55499267578125,259.57501220703125,3128.0
2024-10-25 12:01:00+00:00,CDW,219.19000244140625,219.19000244140625,219.19000244140625,219.19000244140625,219.19000244140625,580.0
2024-10-25 12:01:00+00:00,CFLT,22.78499984741211,22.78499984741211,22.78499984741211,22.739999771118164,22.760000228881836,8550.0
2024-10-25 12:01:00+00:00,CGNX,38.9900016784668,38.9900016784668,39.0,38.9900016784668,39.0,766.0
2024-10-25 12:01:00+00:00,CLBT,18.110000610351562,18.110000610351562,18.110000610351562,18.110000610351562,18.110000610351562,1164.0
2024-10-25 12:01:00+00:00,CLSK,11.850000381469727,11.850000381469727,11.880000114440918,11.84000015258789,11.845000267028809,90457.0
2024-10-25 12:01:00+00:00,CMTL,3.7200000286102295,3.7200000286102295,3.7200000286102295,3.7200000286102295,3.7200000286102295,1345.0
2024-10-25 12:01:00+00:00,COHR,94.87000274658203,94.87000274658203,95.0199966430664,94.87000274658203,94.98999786376953,8066.0
2024-10-25 12:01:00+00:00,COIN,209.63780212402344,209.63780212402344,210.0,209.6199951171875,209.97149658203125,26055.0
2024-10-25 12:01:00+00:00,COMM,6.324999809265137,6.324999809265137,6.335000038146973,6.324999809265137,6.329999923706055,2222.0
2024-10-25 12:01:00+00:00,CORZ,13.260000228881836,13.260000228881836,13.260000228881836,13.234999656677246,13.234999656677246,11714.0
2024-10-25 12:01:00+00:00,CRCT,6.579999923706055,6.579999923706055,6.579999923706055,6.579999923706055,6.579999923706055,212.0
2024-10-25 12:01:00+00:00,CRDO,39.72999954223633,39.72999954223633,39.72999954223633,39.724998474121094,39.72999954223633,1900.0
2024-10-25 12:01:00+00:00,CRSR,6.440000057220459,6.440000057220459,6.440000057220459,6.439799785614014,6.439799785614014,1071.0
2024-10-25 12:01:00+00:00,CRUS,123.63999938964844,123.63999938964844,123.74230194091797,123.61000061035156,123.74230194091797,1437.0
2024-10-25 12:01:00+00:00,CRWD,309.30999755859375,309.30999755859375,309.44000244140625,308.94000244140625,308.94000244140625,7581.0
2024-10-25 12:01:00+00:00,CSCO,55.94499969482422,55.94499969482422,55.96500015258789,55.939998626708984,55.96500015258789,22095.0
2024-10-25 12:01:00+00:00,CSIQ,13.699999809265137,13.699999809265137,13.710000038146973,13.699999809265137,13.699999809265137,1118.0
2024-10-25 12:01:00+00:00,CTSH,74.84500122070312,74.84500122070312,74.86000061035156,74.83999633789062,74.8499984741211,2141.0
2024-10-25 12:01:00+00:00,CVLT,134.2100067138672,134.2100067138672,134.2100067138672,134.2100067138672,134.2100067138672,1388.0
2024-10-25 12:01:00+00:00,CYBR,292.0299987792969,292.0299987792969,292.0299987792969,292.0299987792969,292.0299987792969,140.0
2024-10-25 12:01:00+00:00,DAKT,13.170000076293945,13.170000076293945,13.170000076293945,13.15999984741211,13.15999984741211,242.0
2024-10-25 12:01:00+00:00,DBX,26.024999618530273,26.024999618530273,26.030000686645508,26.020000457763672,26.020000457763672,2060.0
2024-10-25 12:01:00+00:00,DDOG,127.3499984741211,127.3499984741211,127.3499984741211,127.23999786376953,127.32499694824219,6146.0
2024-10-25 12:01:00+00:00,DGHI,1.6100000143051147,1.6100000143051147,1.6100000143051147,1.589900016784668,1.589900016784668,5708.0
2024-10-25 12:01:00+00:00,DGII,30.579999923706055,30.579999923706055,30.579999923706055,30.579999923706055,30.579999923706055,351.0
2024-10-25 12:01:00+00:00,DIOD,66.27010345458984,66.27010345458984,66.27010345458984,66.27010345458984,66.27010345458984,448.0
2024-10-25 12:01:00+00:00,DOCU,69.83999633789062,69.83999633789062,69.91999816894531,69.83999633789062,69.91999816894531,4060.0
2024-10-25 12:01:00+00:00,DSGX,104.18000030517578,104.18000030517578,104.18000030517578,104.18000030517578,104.18000030517578,426.0
2024-10-25 12:01:00+00:00,DUOL,289.1700134277344,289.1700134277344,289.1700134277344,289.01800537109375,289.01800537109375,432.0
2024-10-25 12:01:00+00:00,ENPH,83.80490112304688,83.80490112304688,83.86000061035156,83.685302734375,83.685302734375,7885.0
2024-10-25 12:01:00+00:00,ENTG,105.79499816894531,105.79499816894531,105.79499816894531,105.79499816894531,105.79499816894531,749.0
2024-10-25 12:01:00+00:00,ERIC,8.488200187683105,8.488200187683105,8.488200187683105,8.479999542236328,8.479999542236328,1130.0
2024-10-25 12:01:00+00:00,EVCM,10.649999618530273,10.649999618530273,10.649999618530273,10.649999618530273,10.649999618530273,380.0
2024-10-25 12:01:00+00:00,EXTR,14.489999771118164,14.489999771118164,14.494999885559082,14.479999542236328,14.48009967803955,4030.0
2024-10-25 12:01:00+00:00,FARO,17.895000457763672,17.895000457763672,17.895000457763672,17.895000457763672,17.895000457763672,455.0
2024-10-25 12:01:00+00:00,FFIV,216.67999267578125,216.67999267578125,216.67999267578125,216.6699981689453,216.6699981689453,755.0
2024-10-25 12:01:00+00:00,FIVN,30.200000762939453,30.200000762939453,30.260000228881836,30.200000762939453,30.260000228881836,2900.0
2024-10-25 12:01:00+00:00,FLEX,35.34000015258789,35.34000015258789,35.34000015258789,35.334999084472656,35.34000015258789,1354.0
2024-10-25 12:01:00+00:00,FLYW,17.485000610351562,17.485000610351562,17.485000610351562,17.485000610351562,17.485000610351562,370.0
2024-10-25 12:01:00+00:00,FORM,45.29999923706055,45.29999923706055,45.3286018371582,45.29999923706055,45.3286018371582,576.0
2024-10-25 12:01:00+00:00,FROG,29.3799991607666,29.3799991607666,29.417499542236328,29.3799991607666,29.40999984741211,4871.0
2024-10-25 12:01:00+00:00,FRSH,11.675000190734863,11.675000190734863,11.675000190734863,11.675000190734863,11.675000190734863,1073.0
2024-10-25 12:01:00+00:00,FSLR,200.02479553222656,200.02479553222656,200.13999938964844,200.02479553222656,200.13999938964844,2177.0
2024-10-25 12:01:00+00:00,FTNT,81.37999725341797,81.37999725341797,81.38999938964844,81.33000183105469,81.33000183105469,6125.0
2024-10-25 12:01:00+00:00,GCT,24.8700008392334,24.8700008392334,24.8700008392334,24.862300872802734,24.862300872802734,753.0
2024-10-25 12:01:00+00:00,GDS,21.780000686645508,21.780000686645508,21.790000915527344,21.760000228881836,21.760000228881836,3030.0
2024-10-25 12:01:00+00:00,GFS,41.4723014831543,41.4723014831543,41.4723014831543,41.435001373291016,41.435001373291016,1787.0
2024-10-25 12:01:00+00:00,GNSS,3.890000104904175,3.890000104904175,3.890000104904175,3.890000104904175,3.890000104904175,135.0
2024-10-25 12:01:00+00:00,GPRO,1.3350000381469727,1.3350000381469727,1.340000033378601,1.3350000381469727,1.340000033378601,352.0
2024-10-25 12:01:00+00:00,GRAB,4.085000038146973,4.085000038146973,4.090000152587891,4.085000038146973,4.088099956512451,4442.0
2024-10-25 12:01:00+00:00,GSIT,3.5,3.5,3.5,3.5,3.5,300.0
2024-10-25 12:01:00+00:00,HCP,33.70500183105469,33.70500183105469,33.70500183105469,33.70500183105469,33.70500183105469,1312.0
2024-10-25 12:01:00+00:00,HLIT,14.779999732971191,14.779999732971191,14.793100357055664,14.779999732971191,14.793100357055664,625.0
2024-10-25 12:01:00+00:00,HOLO,3.688999891281128,3.688999891281128,3.690000057220459,3.688199996948242,3.690000057220459,1809.0
2024-10-25 12:01:00+00:00,HOOD,27.270000457763672,27.270000457763672,27.289899826049805,27.264999389648438,27.280000686645508,11927.0
2024-10-25 12:01:00+00:00,HTCR,1.0700000524520874,1.0700000524520874,1.0700000524520874,1.0700000524520874,1.0700000524520874,301.0
2024-10-25 12:01:00+00:00,ICHR,27.879899978637695,27.879899978637695,27.879899978637695,27.879899978637695,27.879899978637695,505.0
2024-10-25 12:01:00+00:00,III,3.069999933242798,3.069999933242798,3.069999933242798,3.069999933242798,3.069999933242798,780.0
2024-10-25 12:01:00+00:00,INFN,6.795000076293945,6.795000076293945,6.795000076293945,6.789999961853027,6.789999961853027,300.0
2024-10-25 12:01:00+00:00,INTC,23.125,23.125,23.1299991607666,23.1200008392334,23.1299991607666,30159.0
2024-10-25 12:01:00+00:00,INTZ,0.7121000289916992,0.7121000289916992,0.7121000289916992,0.7121000289916992,0.7121000289916992,222.0
2024-10-25 12:01:00+00:00,KLIC,44.380001068115234,44.380001068115234,44.380001068115234,44.380001068115234,44.380001068115234,327.0
2024-10-25 12:01:00+00:00,LINK,4.849999904632568,4.849999904632568,4.883999824523926,4.849999904632568,4.883999824523926,1368.0
2024-10-25 12:01:00+00:00,LITE,64.33499908447266,64.33499908447266,64.37000274658203,64.33499908447266,64.37000274658203,402.0
2024-10-25 12:01:00+00:00,LOGI,81.19000244140625,81.19000244140625,81.19000244140625,81.19000244140625,81.19000244140625,400.0
2024-10-25 12:01:00+00:00,LRCX,79.04000091552734,79.04000091552734,79.05000305175781,79.0199966430664,79.03199768066406,16011.0
2024-10-25 12:01:00+00:00,LSCC,54.290000915527344,54.290000915527344,54.334999084472656,54.290000915527344,54.334999084472656,1656.0
2024-10-25 12:01:00+00:00,LTRX,4.050000190734863,4.050000190734863,4.050000190734863,4.050000190734863,4.050000190734863,185.0
2024-10-25 12:01:00+00:00,LYFT,13.845000267028809,13.845000267028809,13.845000267028809,13.84000015258789,13.84000015258789,13147.0
2024-10-25 12:01:00+00:00,MAXN,5.730000019073486,5.730000019073486,5.75,5.730000019073486,5.75,940.0
2024-10-25 12:01:00+00:00,MCHP,77.07499694824219,77.07499694824219,77.11000061035156,77.05999755859375,77.0999984741211,7795.0
2024-10-25 12:01:00+00:00,MDB,266.5,266.5,266.54998779296875,266.364990234375,266.3699951171875,2469.0
2024-10-25 12:01:00+00:00,MGIC,11.170000076293945,11.170000076293945,11.170000076293945,11.170000076293945,11.170000076293945,169.0
2024-10-25 12:01:00+00:00,MITK,8.770000457763672,8.770000457763672,8.770000457763672,8.770000457763672,8.770000457763672,309.0
2024-10-25 12:01:00+00:00,MKSI,100.9800033569336,100.9800033569336,101.12000274658203,100.9800033569336,101.12000274658203,4441.0
2024-10-25 12:01:00+00:00,MQ,5.269999980926514,5.269999980926514,5.269999980926514,5.264999866485596,5.269999980926514,4732.0
2024-10-25 12:01:00+00:00,MRVL,82.41999816894531,82.41999816894531,82.48999786376953,82.41000366210938,82.44999694824219,9728.0
2024-10-25 12:01:00+00:00,MSFT,429.82000732421875,429.82000732421875,429.82000732421875,429.54998779296875,429.7099914550781,12655.0
2024-10-25 12:01:00+00:00,MSTR,240.4810028076172,240.4810028076172,240.52780151367188,239.96510314941406,240.01210021972656,37268.0
2024-10-25 12:01:00+00:00,MTEK,1.934999942779541,1.934999942779541,1.9500000476837158,1.934999942779541,1.934999942779541,7572.0
2024-10-25 12:01:00+00:00,MTSI,120.21499633789062,120.21499633789062,120.23999786376953,120.20999908447266,120.20999908447266,1404.0
2024-10-25 12:01:00+00:00,MTTR,4.659999847412109,4.659999847412109,4.659999847412109,4.659999847412109,4.659999847412109,612.0
2024-10-25 12:01:00+00:00,MU,109.04000091552734,109.04000091552734,109.05999755859375,109.02999877929688,109.05000305175781,7763.0
2024-10-25 12:01:00+00:00,MVIS,1.100000023841858,1.100000023841858,1.100000023841858,1.100000023841858,1.100000023841858,135.0
2024-10-25 12:01:00+00:00,MXL,14.9399995803833,14.9399995803833,14.9399995803833,14.914999961853027,14.925000190734863,1265.0
2024-10-25 12:01:00+00:00,NEON,8.260000228881836,8.260000228881836,8.260000228881836,8.260000228881836,8.260000228881836,555.0
2024-10-25 12:01:00+00:00,NTCT,20.70800018310547,20.70800018310547,20.70800018310547,20.70800018310547,20.70800018310547,404.0
2024-10-25 12:01:00+00:00,NTGR,20.399999618530273,20.399999618530273,20.399999618530273,20.399999618530273,20.399999618530273,481.0
2024-10-25 12:01:00+00:00,NTNX,62.310001373291016,62.310001373291016,62.400001525878906,62.310001373291016,62.400001525878906,2221.0
2024-10-25 12:01:00+00:00,NVDA,143.72500610351562,143.72500610351562,143.72999572753906,143.66490173339844,143.6699981689453,217097.0
2024-10-25 12:01:00+00:00,NVMI,184.72500610351562,184.72500610351562,184.72500610351562,184.72500610351562,184.72500610351562,103.0
2024-10-25 12:01:00+00:00,NVTS,2.5850000381469727,2.5850000381469727,2.5850000381469727,2.5850000381469727,2.5850000381469727,220.0
2024-10-25 12:01:00+00:00,NXPI,244.97999572753906,244.97999572753906,245.10000610351562,244.88999938964844,245.08999633789062,3803.0
2024-10-25 12:01:00+00:00,OKTA,72.51000213623047,72.51000213623047,72.55000305175781,72.47000122070312,72.52999877929688,3270.0
2024-10-25 12:01:00+00:00,ON,71.83000183105469,71.83000183105469,71.87999725341797,71.76000213623047,71.78500366210938,12166.0
2024-10-25 12:01:00+00:00,OTEX,33.349998474121094,33.349998474121094,33.349998474121094,33.34000015258789,33.34000015258789,613.0
2024-10-25 12:01:00+00:00,PANW,369.0400085449219,369.0400085449219,369.0400085449219,368.5199890136719,368.67498779296875,2104.0
2024-10-25 12:01:00+00:00,PAYO,8.28499984741211,8.28499984741211,8.28499984741211,8.28499984741211,8.28499984741211,1061.0
2024-10-25 12:01:00+00:00,PDFS,29.544700622558594,29.544700622558594,29.544700622558594,29.544700622558594,29.544700622558594,730.0
2024-10-25 12:01:00+00:00,PEGA,80.45500183105469,80.45500183105469,80.45500183105469,80.45500183105469,80.45500183105469,416.0
2024-10-25 12:01:00+00:00,PEGY,4.840000152587891,4.840000152587891,4.840000152587891,4.820000171661377,4.820000171661377,1002.0
2024-10-25 12:01:00+00:00,PET,0.800000011920929,0.800000011920929,0.800000011920929,0.800000011920929,0.800000011920929,227.0
2024-10-25 12:01:00+00:00,PGY,11.829999923706055,11.829999923706055,11.829999923706055,11.819999694824219,11.819999694824219,211.0
2024-10-25 12:01:00+00:00,PHUN,10.0649995803833,10.0649995803833,10.095000267028809,10.059800148010254,10.059800148010254,29542.0
2024-10-25 12:01:00+00:00,PI,205.5,205.5,205.5,205.49000549316406,205.49000549316406,2464.0
2024-10-25 12:01:00+00:00,PLAB,23.71150016784668,23.71150016784668,23.71150016784668,23.71150016784668,23.71150016784668,312.0
2024-10-25 12:01:00+00:00,POWI,64.24500274658203,64.24500274658203,64.24500274658203,64.20999908447266,64.22000122070312,952.0
2024-10-25 12:01:00+00:00,PRGS,64.79399871826172,64.79399871826172,64.79399871826172,64.79399871826172,64.79399871826172,710.0
2024-10-25 12:01:00+00:00,PTC,186.68499755859375,186.68499755859375,186.68499755859375,186.68499755859375,186.68499755859375,594.0
2024-10-25 12:01:00+00:00,PUBM,14.930000305175781,14.930000305175781,14.930000305175781,14.930000305175781,14.930000305175781,287.0
2024-10-25 12:01:00+00:00,PXLW,0.7418000102043152,0.7418000102043152,0.7418000102043152,0.7418000102043152,0.7418000102043152,110.0
2024-10-25 12:01:00+00:00,PYCR,14.369999885559082,14.369999885559082,14.369999885559082,14.369999885559082,14.369999885559082,2055.0
2024-10-25 12:01:00+00:00,QCOM,172.50999450683594,172.50999450683594,172.50999450683594,172.47000122070312,172.50999450683594,4425.0
2024-10-25 12:01:00+00:00,QH,1.4199999570846558,1.4199999570846558,1.4199999570846558,1.4199999570846558,1.4199999570846558,1798.0
2024-10-25 12:01:00+00:00,QLYS,120.44000244140625,120.44000244140625,120.44000244140625,120.44000244140625,120.44000244140625,153.0
2024-10-25 12:01:00+00:00,QRVO,100.23999786376953,100.23999786376953,100.29000091552734,100.23999786376953,100.29000091552734,2223.0
2024-10-25 12:01:00+00:00,QUBT,1.0612000226974487,1.0612000226974487,1.0612000226974487,1.0612000226974487,1.0612000226974487,190.0
2024-10-25 12:01:00+00:00,RDWR,22.34000015258789,22.34000015258789,22.34000015258789,22.34000015258789,22.34000015258789,573.0
2024-10-25 12:01:00+00:00,RELY,14.75,14.75,14.75,14.739999771118164,14.739999771118164,5064.0
2024-10-25 12:01:00+00:00,RGTI,1.2200000286102295,1.2200000286102295,1.2200000286102295,1.2000000476837158,1.215000033378601,68452.0
2024-10-25 12:01:00+00:00,RIOT,10.022199630737305,10.022199630737305,10.029999732971191,10.020000457763672,10.024999618530273,12081.0
2024-10-25 12:01:00+00:00,RMBS,43.540000915527344,43.540000915527344,43.540000915527344,43.540000915527344,43.540000915527344,538.0
2024-10-25 12:01:00+00:00,RPAY,7.605000019073486,7.605000019073486,7.605000019073486,7.605000019073486,7.605000019073486,463.0
2024-10-25 12:01:00+00:00,RUM,5.824999809265137,5.824999809265137,5.824999809265137,5.824999809265137,5.824999809265137,876.0
2024-10-25 12:01:00+00:00,RUN,14.479999542236328,14.479999542236328,14.479999542236328,14.470000267028809,14.470000267028809,5692.0
2024-10-25 12:01:00+00:00,RXT,2.5399999618530273,2.5399999618530273,2.5399999618530273,2.5399999618530273,2.5399999618530273,258.0
2024-10-25 12:01:00+00:00,SANM,67.73500061035156,67.73500061035156,67.73500061035156,67.73500061035156,67.73500061035156,254.0
2024-10-25 12:01:00+00:00,SATS,25.274999618530273,25.274999618530273,25.274999618530273,25.274999618530273,25.274999618530273,673.0
2024-10-25 12:01:00+00:00,SCWX,8.390000343322754,8.390000343322754,8.390000343322754,8.385000228881836,8.385000228881836,554.0
2024-10-25 12:01:00+00:00,SEDG,16.094999313354492,16.094999313354492,16.110000610351562,16.09000015258789,16.100000381469727,18336.0
2024-10-25 12:01:00+00:00,SHLS,5.324999809265137,5.324999809265137,5.324999809265137,5.324999809265137,5.324999809265137,3659.0
2024-10-25 12:01:00+00:00,SIMO,57.10499954223633,57.10499954223633,57.10499954223633,57.10499954223633,57.10499954223633,802.0
2024-10-25 12:01:00+00:00,SKYT,10.65999984741211,10.65999984741211,10.65999984741211,10.65999984741211,10.65999984741211,139.0
2024-10-25 12:01:00+00:00,SMCI,47.709999084472656,47.709999084472656,47.739898681640625,47.65999984741211,47.72999954223633,51295.0
2024-10-25 12:01:00+00:00,SMTC,45.86000061035156,45.86000061035156,45.86470031738281,45.86000061035156,45.86470031738281,584.0
2024-10-25 12:01:00+00:00,SNPS,503.9984130859375,503.9984130859375,503.9984130859375,503.9984130859375,503.9984130859375,702.0
2024-10-25 12:01:00+00:00,SONO,12.805000305175781,12.805000305175781,12.819999694824219,12.805000305175781,12.8149995803833,3700.0
2024-10-25 12:01:00+00:00,SOUN,5.255000114440918,5.255000114440918,5.260000228881836,5.25,5.255000114440918,66902.0
2024-10-25 12:01:00+00:00,SPSC,172.00999450683594,172.00999450683594,172.39999389648438,171.77000427246094,171.8000030517578,4482.0
2024-10-25 12:01:00+00:00,SPT,27.280000686645508,27.280000686645508,27.280000686645508,27.280000686645508,27.280000686645508,300.0
2024-10-25 12:01:00+00:00,SSNC,69.80999755859375,69.80999755859375,69.80999755859375,69.80999755859375,69.80999755859375,1808.0
2024-10-25 12:01:00+00:00,STNE,11.46500015258789,11.46500015258789,11.46500015258789,11.464900016784668,11.46500015258789,2968.0
2024-10-25 12:01:00+00:00,STX,104.1500015258789,104.1500015258789,104.1500015258789,104.1500015258789,104.1500015258789,570.0
2024-10-25 12:01:00+00:00,SWKS,96.55000305175781,96.55000305175781,96.55999755859375,96.55000305175781,96.55999755859375,1081.0
2024-10-25 12:01:00+00:00,SYNA,73.7300033569336,73.7300033569336,73.7300033569336,73.7300033569336,73.7300033569336,397.0
2024-10-25 12:01:00+00:00,SYTA,1.2698999643325806,1.2698999643325806,1.2699999809265137,1.2599999904632568,1.2699999809265137,10000.0
2024-10-25 12:01:00+00:00,TEAM,190.0050048828125,190.0050048828125,190.07000732421875,189.89999389648438,190.07000732421875,2165.0
2024-10-25 12:01:00+00:00,TENB,41.900001525878906,41.900001525878906,41.900001525878906,41.75,41.75,5099.0
2024-10-25 12:01:00+00:00,TER,112.7249984741211,112.7249984741211,112.75,112.68000030517578,112.71499633789062,5905.0
2024-10-25 12:01:00+00:00,TRMB,61.02000045776367,61.02000045776367,61.029998779296875,61.02000045776367,61.02000045776367,620.0
2024-10-25 12:01:00+00:00,TTD,119.32060241699219,119.32060241699219,119.43000030517578,119.29499816894531,119.43000030517578,846.0
2024-10-25 12:01:00+00:00,TTMI,19.649999618530273,19.649999618530273,19.649999618530273,19.639999389648438,19.639999389648438,568.0
2024-10-25 12:01:00+00:00,TWKS,4.449999809265137,4.449999809265137,4.454999923706055,4.449999809265137,4.449999809265137,2403.0
2024-10-25 12:01:00+00:00,TXN,208.77499389648438,208.77499389648438,208.77499389648438,208.75999450683594,208.75999450683594,2686.0
2024-10-25 12:01:00+00:00,UCTT,36.2140007019043,36.2140007019043,36.2140007019043,36.2140007019043,36.2140007019043,282.0
2024-10-25 12:01:00+00:00,UEIC,8.122200012207031,8.122200012207031,8.122200012207031,8.069999694824219,8.119999885559082,6117.0
2024-10-25 12:01:00+00:00,VECO,29.549999237060547,29.549999237060547,29.56999969482422,29.549999237060547,29.56999969482422,652.0
2024-10-25 12:01:00+00:00,VERB,10.100000381469727,10.100000381469727,10.100000381469727,10.100000381469727,10.100000381469727,202.0
2024-10-25 12:01:00+00:00,VIAV,9.244999885559082,9.244999885559082,9.244999885559082,9.244999885559082,9.244999885559082,1278.0
2024-10-25 12:01:00+00:00,VMEO,4.75,4.75,4.760000228881836,4.75,4.760000228881836,1336.0
2024-10-25 12:01:00+00:00,VRNS,56.82500076293945,56.82500076293945,56.82500076293945,56.81999969482422,56.81999969482422,1071.0
2024-10-25 12:01:00+00:00,VRSN,185.9149932861328,185.9149932861328,186.31500244140625,185.9149932861328,186.31500244140625,3640.0
2024-10-25 12:01:00+00:00,VSAT,10.449999809265137,10.449999809265137,10.460000038146973,10.447999954223633,10.447999954223633,2403.0
2024-10-25 12:01:00+00:00,VUZI,1.309999942779541,1.309999942779541,1.309999942779541,1.309999942779541,1.309999942779541,542.0
2024-10-25 12:01:00+00:00,WALD,3.6500000953674316,3.6500000953674316,3.6700000762939453,3.6500000953674316,3.6700000762939453,222.0
2024-10-25 12:01:00+00:00,WDAY,240.16000366210938,240.16000366210938,240.16000366210938,240.16000366210938,240.16000366210938,748.0
2024-10-25 12:01:00+00:00,WDC,71.58000183105469,71.58000183105469,71.66000366210938,71.58000183105469,71.58999633789062,9501.0
2024-10-25 12:01:00+00:00,WISA,1.850000023841858,1.850000023841858,1.850000023841858,1.8450000286102295,1.8450000286102295,405.0
2024-10-25 12:01:00+00:00,XRX,10.119999885559082,10.119999885559082,10.119999885559082,10.11400032043457,10.11400032043457,558.0
2024-10-25 12:01:00+00:00,ZBRA,362.70001220703125,362.70001220703125,362.70001220703125,362.70001220703125,362.70001220703125,298.0
2024-10-25 12:01:00+00:00,ZI,10.529999732971191,10.529999732971191,10.539999961853027,10.529999732971191,10.539999961853027,2838.0
2024-10-25 12:01:00+00:00,ZM,73.06500244140625,73.06500244140625,73.06500244140625,73.05999755859375,73.05999755859375,709.0
2024-10-25 12:01:00+00:00,ZS,185.9499969482422,185.9499969482422,186.0449981689453,185.9499969482422,186.0449981689453,1068.0
2024-10-25 12:02:00+00:00,AAOI,18.065000534057617,18.065000534057617,18.065000534057617,18.049999237060547,18.059999465942383,1414.0
2024-10-25 12:02:00+00:00,AAPL,232.08999633789062,232.08999633789062,232.1300048828125,232.0001983642578,232.02999877929688,50215.0
2024-10-25 12:02:00+00:00,ACMR,19.87619972229004,19.87619972229004,19.87619972229004,19.87619972229004,19.87619972229004,608.0
2024-10-25 12:02:00+00:00,ADBE,484.82000732421875,484.82000732421875,484.82000732421875,484.81500244140625,484.81500244140625,1154.0
2024-10-25 12:02:00+00:00,ADI,233.3800048828125,233.3800048828125,233.3800048828125,233.3699951171875,233.3699951171875,1075.0
2024-10-25 12:02:00+00:00,ADSK,286.5249938964844,286.5249938964844,286.5249938964844,286.5249938964844,286.5249938964844,519.0
2024-10-25 12:02:00+00:00,AEHR,16.920000076293945,16.920000076293945,16.920000076293945,16.89419937133789,16.89419937133789,1883.0
2024-10-25 12:02:00+00:00,AEYE,22.6471004486084,22.6471004486084,22.690000534057617,22.6471004486084,22.690000534057617,1832.0
2024-10-25 12:02:00+00:00,AFRM,41.58000183105469,41.58000183105469,41.58000183105469,41.57400131225586,41.57400131225586,1537.0
2024-10-25 12:02:00+00:00,AKAM,102.91000366210938,102.91000366210938,102.94999694824219,102.91000366210938,102.94999694824219,382.0
2024-10-25 12:02:00+00:00,ALGM,22.75,22.75,22.760000228881836,22.729999542236328,22.729999542236328,7020.0
2024-10-25 12:02:00+00:00,AMAT,188.1999969482422,188.1999969482422,188.1999969482422,188.02000427246094,188.1199951171875,4886.0
2024-10-25 12:02:00+00:00,AMD,157.8238067626953,157.8238067626953,157.85000610351562,157.6699981689453,157.71499633789062,26765.0
2024-10-25 12:02:00+00:00,ANSS,325.79998779296875,325.79998779296875,325.79998779296875,325.79998779296875,325.79998779296875,371.0
2024-10-25 12:02:00+00:00,AOSL,36.7400016784668,36.7400016784668,36.7400016784668,36.7400016784668,36.7400016784668,200.0
2024-10-25 12:02:00+00:00,API,2.8450000286102295,2.8450000286102295,2.8450000286102295,2.8450000286102295,2.8450000286102295,400.0
2024-10-25 12:02:00+00:00,APP,161.3000030517578,161.3000030517578,161.3699951171875,161.24319458007812,161.24319458007812,1013.0
2024-10-25 12:02:00+00:00,APPN,32.29999923706055,32.29999923706055,32.29999923706055,32.29999923706055,32.29999923706055,828.0
2024-10-25 12:02:00+00:00,APPS,3.0799999237060547,3.0799999237060547,3.0799999237060547,3.0799999237060547,3.0799999237060547,122.0
2024-10-25 12:02:00+00:00,ARRY,6.554999828338623,6.554999828338623,6.554999828338623,6.533999919891357,6.539999961853027,25483.0
2024-10-25 12:02:00+00:00,ASML,716.552978515625,716.552978515625,716.552978515625,716.3800048828125,716.3800048828125,3558.0
2024-10-25 12:02:00+00:00,ASTI,2.700000047683716,2.700000047683716,2.700000047683716,2.700000047683716,2.700000047683716,304.0
2024-10-25 12:02:00+00:00,AUR,6.385000228881836,6.385000228881836,6.394999980926514,6.380000114440918,6.394999980926514,22516.0
2024-10-25 12:02:00+00:00,AVDX,8.140000343322754,8.140000343322754,8.140000343322754,8.140000343322754,8.140000343322754,549.0
2024-10-25 12:02:00+00:00,AVGO,176.05999755859375,176.05999755859375,176.1199951171875,175.89999389648438,176.02999877929688,25735.0
2024-10-25 12:02:00+00:00,AVPT,12.020000457763672,12.020000457763672,12.020000457763672,12.020000457763672,12.020000457763672,365.0
2024-10-25 12:02:00+00:00,AVT,54.189998626708984,54.189998626708984,54.189998626708984,54.189998626708984,54.189998626708984,638.0
2024-10-25 12:02:00+00:00,AXTI,2.694999933242798,2.694999933242798,2.694999933242798,2.694999933242798,2.694999933242798,330.0
2024-10-25 12:02:00+00:00,BL,56.439998626708984,56.439998626708984,56.47999954223633,56.439998626708984,56.47999954223633,601.0
2024-10-25 12:02:00+00:00,BLKB,86.06999969482422,86.06999969482422,86.06999969482422,86.06999969482422,86.06999969482422,326.0
2024-10-25 12:02:00+00:00,BRZE,30.809999465942383,30.809999465942383,30.809999465942383,30.809999465942383,30.809999465942383,222.0
2024-10-25 12:02:00+00:00,CAMT,78.35089874267578,78.35089874267578,78.35089874267578,78.35089874267578,78.35089874267578,292.0
2024-10-25 12:02:00+00:00,CDNS,259.70001220703125,259.70001220703125,259.70001220703125,259.6000061035156,259.67999267578125,1089.0
2024-10-25 12:02:00+00:00,CDW,219.27000427246094,219.27000427246094,219.27000427246094,219.27000427246094,219.27000427246094,534.0
2024-10-25 12:02:00+00:00,CETX,0.2980000078678131,0.2980000078678131,0.2980000078678131,0.2962000072002411,0.2962000072002411,3754.0
2024-10-25 12:02:00+00:00,CFLT,22.770000457763672,22.770000457763672,22.790000915527344,22.770000457763672,22.790000915527344,1613.0
2024-10-25 12:02:00+00:00,CGNX,39.0,39.0,39.0099983215332,38.9900016784668,38.9900016784668,1946.0
2024-10-25 12:02:00+00:00,CHKP,207.42999267578125,207.42999267578125,207.42999267578125,207.4199981689453,207.4199981689453,1414.0
2024-10-25 12:02:00+00:00,CLSK,11.870100021362305,11.870100021362305,11.875,11.850000381469727,11.859999656677246,52251.0
2024-10-25 12:02:00+00:00,CNXC,45.130001068115234,45.130001068115234,45.130001068115234,45.0900993347168,45.0900993347168,506.0
2024-10-25 12:02:00+00:00,COHR,94.9000015258789,94.9000015258789,94.92500305175781,94.69999694824219,94.92500305175781,20909.0
2024-10-25 12:02:00+00:00,COIN,209.6699981689453,209.6699981689453,209.6699981689453,209.47799682617188,209.6199951171875,12963.0
2024-10-25 12:02:00+00:00,COMM,6.320000171661377,6.320000171661377,6.324999809265137,6.320000171661377,6.320000171661377,3668.0
2024-10-25 12:02:00+00:00,CORZ,13.265000343322754,13.265000343322754,13.270000457763672,13.25220012664795,13.255000114440918,12810.0
2024-10-25 12:02:00+00:00,CORZW,7.754000186920166,7.754000186920166,7.789999961853027,7.754000186920166,7.789999961853027,10099.0
2024-10-25 12:02:00+00:00,CRCT,6.579999923706055,6.579999923706055,6.579999923706055,6.579999923706055,6.579999923706055,217.0
2024-10-25 12:02:00+00:00,CRDO,39.76499938964844,39.76499938964844,39.79999923706055,39.720001220703125,39.7599983215332,8044.0
2024-10-25 12:02:00+00:00,CRWD,309.29998779296875,309.29998779296875,309.4800109863281,309.2799987792969,309.31500244140625,8695.0
2024-10-25 12:02:00+00:00,CSCO,55.94499969482422,55.94499969482422,55.95000076293945,55.94499969482422,55.94499969482422,5856.0
2024-10-25 12:02:00+00:00,CSIQ,13.699999809265137,13.699999809265137,13.699999809265137,13.694999694824219,13.694999694824219,488.0
2024-10-25 12:02:00+00:00,CTLP,8.913000106811523,8.913000106811523,8.930000305175781,8.899999618530273,8.930000305175781,2936.0
2024-10-25 12:02:00+00:00,CTSH,74.87000274658203,74.87000274658203,74.87000274658203,74.86000061035156,74.86000061035156,1316.0
2024-10-25 12:02:00+00:00,CYBR,292.32501220703125,292.32501220703125,292.32501220703125,292.32501220703125,292.32501220703125,564.0
2024-10-25 12:02:00+00:00,DAKT,13.154999732971191,13.154999732971191,13.154999732971191,13.154999732971191,13.154999732971191,568.0
2024-10-25 12:02:00+00:00,DBX,26.020000457763672,26.020000457763672,26.024999618530273,26.020000457763672,26.020000457763672,1924.0
2024-10-25 12:02:00+00:00,DDOG,127.36499786376953,127.36499786376953,127.375,127.33999633789062,127.375,1516.0
2024-10-25 12:02:00+00:00,DGHI,1.590000033378601,1.590000033378601,1.590000033378601,1.590000033378601,1.590000033378601,42.0
2024-10-25 12:02:00+00:00,DLO,8.8100004196167,8.8100004196167,8.8100004196167,8.8100004196167,8.8100004196167,917.0
2024-10-25 12:02:00+00:00,DOCU,69.75,69.75,69.78500366210938,69.75,69.78500366210938,1145.0
2024-10-25 12:02:00+00:00,DTSS,2.450000047683716,2.450000047683716,2.450000047683716,2.450000047683716,2.450000047683716,328.0
2024-10-25 12:02:00+00:00,DUOL,289.3699951171875,289.3699951171875,289.3699951171875,289.3699951171875,289.3699951171875,240.0
2024-10-25 12:02:00+00:00,EEFT,100.70999908447266,100.70999908447266,100.70999908447266,100.70999908447266,100.70999908447266,367.0
2024-10-25 12:02:00+00:00,ENPH,83.7249984741211,83.7249984741211,83.88200378417969,83.66999816894531,83.88200378417969,13448.0
2024-10-25 12:02:00+00:00,ERIC,8.484999656677246,8.484999656677246,8.484999656677246,8.484999656677246,8.484999656677246,14519.0
2024-10-25 12:02:00+00:00,EXFY,1.725000023841858,1.725000023841858,1.725000023841858,1.725000023841858,1.725000023841858,200.0
2024-10-25 12:02:00+00:00,EXTR,14.5,14.5,14.5,14.489999771118164,14.494999885559082,532.0
2024-10-25 12:02:00+00:00,FFIV,216.66000366210938,216.66000366210938,216.66000366210938,216.5500030517578,216.66000366210938,664.0
2024-10-25 12:02:00+00:00,FIVN,30.190000534057617,30.190000534057617,30.200000762939453,30.18000030517578,30.200000762939453,1270.0
2024-10-25 12:02:00+00:00,FLEX,35.33000183105469,35.33000183105469,35.34000015258789,35.33000183105469,35.34000015258789,2022.0
2024-10-25 12:02:00+00:00,FLYW,17.450000762939453,17.450000762939453,17.479999542236328,17.450000762939453,17.479999542236328,3636.0
2024-10-25 12:02:00+00:00,FRSH,11.680000305175781,11.680000305175781,11.680000305175781,11.675000190734863,11.675000190734863,3499.0
2024-10-25 12:02:00+00:00,FSLR,199.97000122070312,199.97000122070312,200.0800018310547,199.88999938964844,200.0,4032.0
2024-10-25 12:02:00+00:00,FTNT,81.38500213623047,81.38500213623047,81.41000366210938,81.37999725341797,81.37999725341797,3788.0
2024-10-25 12:02:00+00:00,GCT,24.920000076293945,24.920000076293945,24.920000076293945,24.850000381469727,24.889999389648438,2133.0
2024-10-25 12:02:00+00:00,GDS,21.7549991607666,21.7549991607666,21.77989959716797,21.75,21.760000228881836,1590.0
2024-10-25 12:02:00+00:00,GFS,41.45000076293945,41.45000076293945,41.45000076293945,41.45000076293945,41.45000076293945,709.0
2024-10-25 12:02:00+00:00,GPRO,1.340000033378601,1.340000033378601,1.340000033378601,1.340000033378601,1.340000033378601,200.0
2024-10-25 12:02:00+00:00,GRAB,4.085000038146973,4.085000038146973,4.085000038146973,4.079999923706055,4.085000038146973,57254.0
2024-10-25 12:02:00+00:00,GRRRW,0.06199999898672104,0.06199999898672104,0.06199999898672104,0.06199999898672104,0.06199999898672104,600.0
2024-10-25 12:02:00+00:00,GSIT,3.5,3.5,3.5,3.5,3.5,11.0
2024-10-25 12:02:00+00:00,GTLB,55.689998626708984,55.689998626708984,55.714599609375,55.689998626708984,55.714599609375,369.0
2024-10-25 12:02:00+00:00,HCP,33.70000076293945,33.70000076293945,33.70500183105469,33.70000076293945,33.70500183105469,18424.0
2024-10-25 12:02:00+00:00,HIMX,6.204599857330322,6.204599857330322,6.204599857330322,6.199999809265137,6.199999809265137,286.0
2024-10-25 12:02:00+00:00,HLIT,14.789999961853027,14.789999961853027,14.789999961853027,14.774999618530273,14.779999732971191,9219.0
2024-10-25 12:02:00+00:00,HOLO,3.690000057220459,3.690000057220459,3.690000057220459,3.690000057220459,3.690000057220459,1943.0
2024-10-25 12:02:00+00:00,HOOD,27.28499984741211,27.28499984741211,27.285999298095703,27.260000228881836,27.260000228881836,11086.0
2024-10-25 12:02:00+00:00,HTCR,1.0700000524520874,1.0700000524520874,1.0700000524520874,1.0700000524520874,1.0700000524520874,6274.0
2024-10-25 12:02:00+00:00,ICHR,27.854999542236328,27.854999542236328,27.854999542236328,27.854999542236328,27.854999542236328,487.0
2024-10-25 12:02:00+00:00,III,3.069999933242798,3.069999933242798,3.069999933242798,3.069999933242798,3.069999933242798,2735.0
2024-10-25 12:02:00+00:00,INDI,3.575000047683716,3.575000047683716,3.5799999237060547,3.575000047683716,3.5799999237060547,627.0
2024-10-25 12:02:00+00:00,INFN,6.789999961853027,6.789999961853027,6.789999961853027,6.789999961853027,6.789999961853027,205.0
2024-10-25 12:02:00+00:00,INTC,23.12849998474121,23.12849998474121,23.1299991607666,23.1200008392334,23.125,29113.0
2024-10-25 12:02:00+00:00,INTU,610.7650146484375,610.7650146484375,610.8099975585938,610.7650146484375,610.7650146484375,879.0
2024-10-25 12:02:00+00:00,INVE,3.619999885559082,3.619999885559082,3.619999885559082,3.619999885559082,3.619999885559082,625.0
2024-10-25 12:02:00+00:00,JAMF,16.829999923706055,16.829999923706055,16.829999923706055,16.829999923706055,16.829999923706055,335.0
2024-10-25 12:02:00+00:00,KC,2.7149999141693115,2.7149999141693115,2.7200000286102295,2.7149999141693115,2.7149999141693115,1298.0
2024-10-25 12:02:00+00:00,KLAC,680.0999755859375,680.0999755859375,680.0999755859375,680.0999755859375,680.0999755859375,569.0
2024-10-25 12:02:00+00:00,KOPN,0.7799000144004822,0.7799000144004822,0.7799000144004822,0.7799000144004822,0.7799000144004822,200.0
2024-10-25 12:02:00+00:00,LINK,4.770199775695801,4.770199775695801,4.809999942779541,4.699999809265137,4.796299934387207,2878.0
2024-10-25 12:02:00+00:00,LITE,64.3499984741211,64.3499984741211,64.3499984741211,64.33999633789062,64.33999633789062,385.0
2024-10-25 12:02:00+00:00,LRCX,79.05000305175781,79.05000305175781,79.05000305175781,79.0,79.04000091552734,10526.0
2024-10-25 12:02:00+00:00,LSCC,54.31999969482422,54.31999969482422,54.31999969482422,54.31999969482422,54.31999969482422,516.0
2024-10-25 12:02:00+00:00,LYFT,13.845000267028809,13.845000267028809,13.850000381469727,13.845000267028809,13.845000267028809,4413.0
2024-10-25 12:02:00+00:00,MANH,275.5799865722656,275.5799865722656,275.79998779296875,275.5799865722656,275.7950134277344,759.0
2024-10-25 12:02:00+00:00,MAPS,0.8501999974250793,0.8501999974250793,0.8501999974250793,0.8497999906539917,0.8497999906539917,2263.0
2024-10-25 12:02:00+00:00,MCHP,77.02999877929688,77.02999877929688,77.04000091552734,77.01000213623047,77.04000091552734,4040.0
2024-10-25 12:02:00+00:00,MDB,266.4910888671875,266.4910888671875,266.7099914550781,266.4910888671875,266.7099914550781,2691.0
2024-10-25 12:02:00+00:00,MIND,3.5299999713897705,3.5299999713897705,3.5299999713897705,3.5299999713897705,3.5299999713897705,1098.0
2024-10-25 12:02:00+00:00,MKSI,101.0199966430664,101.0199966430664,101.0199966430664,101.0199966430664,101.0199966430664,1480.0
2024-10-25 12:02:00+00:00,MNDY,300.55999755859375,300.55999755859375,300.55999755859375,300.55999755859375,300.55999755859375,153.0
2024-10-25 12:02:00+00:00,MPWR,917.5800170898438,917.5800170898438,917.5800170898438,917.5800170898438,917.5800170898438,571.0
2024-10-25 12:02:00+00:00,MQ,5.269999980926514,5.269999980926514,5.269999980926514,5.264999866485596,5.264999866485596,3065.0
2024-10-25 12:02:00+00:00,MRIN,2.109999895095825,2.109999895095825,2.109999895095825,2.109999895095825,2.109999895095825,646.0
2024-10-25 12:02:00+00:00,MRVL,82.38999938964844,82.38999938964844,82.44999694824219,82.33000183105469,82.43779754638672,18581.0
2024-10-25 12:02:00+00:00,MSFT,429.9100036621094,429.9100036621094,429.92999267578125,429.8299865722656,429.8299865722656,11205.0
2024-10-25 12:02:00+00:00,MSTR,239.8489990234375,239.8489990234375,240.3000030517578,239.4033966064453,240.25,48986.0
2024-10-25 12:02:00+00:00,MTLS,5.96999979019165,5.96999979019165,5.96999979019165,5.96999979019165,5.96999979019165,1491.0
2024-10-25 12:02:00+00:00,MTSI,120.37999725341797,120.37999725341797,120.37999725341797,120.37999725341797,120.37999725341797,563.0
2024-10-25 12:02:00+00:00,MU,109.05000305175781,109.05000305175781,109.06749725341797,109.01000213623047,109.06749725341797,8838.0
2024-10-25 12:02:00+00:00,MXL,14.9399995803833,14.9399995803833,14.949999809265137,14.930000305175781,14.930000305175781,1698.0
2024-10-25 12:02:00+00:00,NCNO,37.724998474121094,37.724998474121094,37.724998474121094,37.724998474121094,37.724998474121094,559.0
2024-10-25 12:02:00+00:00,NNDM,2.3450000286102295,2.3450000286102295,2.3450000286102295,2.3450000286102295,2.3450000286102295,603.0
2024-10-25 12:02:00+00:00,NTAP,120.4800033569336,120.4800033569336,120.4800033569336,120.4000015258789,120.4000015258789,883.0
2024-10-25 12:02:00+00:00,NVDA,143.6800994873047,143.6800994873047,143.74000549316406,143.64599609375,143.72000122070312,198945.0
2024-10-25 12:02:00+00:00,NVEI,33.52000045776367,33.52000045776367,33.525001525878906,33.52000045776367,33.525001525878906,301.0
2024-10-25 12:02:00+00:00,NXPI,244.99000549316406,244.99000549316406,244.99000549316406,244.98500061035156,244.98500061035156,745.0
2024-10-25 12:02:00+00:00,ON,71.72000122070312,71.72000122070312,71.83000183105469,71.72000122070312,71.83000183105469,13585.0
2024-10-25 12:02:00+00:00,OSIS,136.7449951171875,136.7449951171875,136.7449951171875,136.3800048828125,136.5399932861328,3260.0
2024-10-25 12:02:00+00:00,PANW,369.1025085449219,369.1025085449219,369.1025085449219,369.1025085449219,369.1025085449219,432.0
2024-10-25 12:02:00+00:00,PAYO,8.28499984741211,8.28499984741211,8.289999961853027,8.28499984741211,8.28499984741211,3445.0
2024-10-25 12:02:00+00:00,PEGA,80.2699966430664,80.2699966430664,80.44000244140625,80.22000122070312,80.37000274658203,2701.0
2024-10-25 12:02:00+00:00,PEGY,4.848800182342529,4.848800182342529,4.860000133514404,4.848800182342529,4.860000133514404,5535.0
2024-10-25 12:02:00+00:00,PGY,11.829999923706055,11.829999923706055,11.829999923706055,11.810999870300293,11.829999923706055,850.0
2024-10-25 12:02:00+00:00,PHUN,10.0649995803833,10.0649995803833,10.07859992980957,10.039999961853027,10.069999694824219,27441.0
2024-10-25 12:02:00+00:00,PI,205.19500732421875,205.19500732421875,205.19500732421875,205.19500732421875,205.19500732421875,754.0
2024-10-25 12:02:00+00:00,POWI,64.19999694824219,64.19999694824219,64.19999694824219,64.19999694824219,64.19999694824219,803.0
2024-10-25 12:02:00+00:00,PRCH,1.3300000429153442,1.3300000429153442,1.3300000429153442,1.3300000429153442,1.3300000429153442,100.0
2024-10-25 12:02:00+00:00,PTC,186.53500366210938,186.53500366210938,186.74000549316406,186.53500366210938,186.74000549316406,613.0
2024-10-25 12:02:00+00:00,QCOM,172.4949951171875,172.4949951171875,172.52000427246094,172.4949951171875,172.50010681152344,1777.0
2024-10-25 12:02:00+00:00,QRVO,100.19000244140625,100.19000244140625,100.20999908447266,100.19000244140625,100.20999908447266,1543.0
2024-10-25 12:02:00+00:00,QUBT,1.065000057220459,1.065000057220459,1.065000057220459,1.0600999593734741,1.065000057220459,5030.0
2024-10-25 12:02:00+00:00,QUIK,8.680000305175781,8.680000305175781,8.6899995803833,8.680000305175781,8.680000305175781,561.0
2024-10-25 12:02:00+00:00,RCAT,2.75,2.75,2.75,2.75,2.75,128.0
2024-10-25 12:02:00+00:00,RELY,14.729999542236328,14.729999542236328,14.75,14.725000381469727,14.75,4036.0
2024-10-25 12:02:00+00:00,RGTI,1.222000002861023,1.222000002861023,1.222000002861023,1.2207000255584717,1.2207000255584717,5295.0
2024-10-25 12:02:00+00:00,RIOT,10.024999618530273,10.024999618530273,10.029999732971191,10.015000343322754,10.02400016784668,15404.0
2024-10-25 12:02:00+00:00,RMBS,43.4900016784668,43.4900016784668,43.52000045776367,43.474998474121094,43.5,1672.0
2024-10-25 12:02:00+00:00,RPAY,7.610000133514404,7.610000133514404,7.610000133514404,7.610000133514404,7.610000133514404,267.0
2024-10-25 12:02:00+00:00,RUM,5.823599815368652,5.823599815368652,5.824999809265137,5.823599815368652,5.824100017547607,7291.0
2024-10-25 12:02:00+00:00,RUN,14.484999656677246,14.484999656677246,14.484999656677246,14.484999656677246,14.484999656677246,1029.0
2024-10-25 12:02:00+00:00,RXT,2.5399999618530273,2.5399999618530273,2.5399999618530273,2.5399999618530273,2.5399999618530273,1043.0
2024-10-25 12:02:00+00:00,SANM,67.70999908447266,67.70999908447266,67.70999908447266,67.70999908447266,67.70999908447266,347.0
2024-10-25 12:02:00+00:00,SATS,25.290000915527344,25.290000915527344,25.290000915527344,25.290000915527344,25.290000915527344,422.0
2024-10-25 12:02:00+00:00,SEDG,16.139999389648438,16.139999389648438,16.139999389648438,16.094999313354492,16.094999313354492,5110.0
2024-10-25 12:02:00+00:00,SHLS,5.324999809265137,5.324999809265137,5.329400062561035,5.324999809265137,5.324999809265137,8701.0
2024-10-25 12:02:00+00:00,SIMO,57.0099983215332,57.0099983215332,57.10499954223633,57.0099983215332,57.10499954223633,223.0
2024-10-25 12:02:00+00:00,SKYT,10.670000076293945,10.670000076293945,10.670000076293945,10.670000076293945,10.670000076293945,1023.0
2024-10-25 12:02:00+00:00,SMCI,47.68989944458008,47.68989944458008,47.709999084472656,47.66999816894531,47.709999084472656,69834.0
2024-10-25 12:02:00+00:00,SNPS,503.0400085449219,503.0400085449219,503.0400085449219,502.897705078125,502.897705078125,540.0
2024-10-25 12:02:00+00:00,SONO,12.8149995803833,12.8149995803833,12.8149995803833,12.809900283813477,12.809900283813477,893.0
2024-10-25 12:02:00+00:00,SOUN,5.2540998458862305,5.2540998458862305,5.260000228881836,5.25,5.25,11692.0
2024-10-25 12:02:00+00:00,SPSC,171.9550018310547,171.9550018310547,172.4499969482422,171.9550018310547,172.4499969482422,4047.0
2024-10-25 12:02:00+00:00,SSNC,69.82499694824219,69.82499694824219,69.82499694824219,69.80999755859375,69.80999755859375,3212.0
2024-10-25 12:02:00+00:00,SSTI,11.494999885559082,11.494999885559082,11.494999885559082,11.494999885559082,11.494999885559082,517.0
2024-10-25 12:02:00+00:00,SSYS,7.125,7.125,7.125,7.125,7.125,386.0
2024-10-25 12:02:00+00:00,TACT,4.164999961853027,4.164999961853027,4.164999961853027,4.164999961853027,4.164999961853027,0.0
2024-10-25 12:02:00+00:00,TEAM,189.83999633789062,189.83999633789062,189.83999633789062,189.83999633789062,189.83999633789062,565.0
2024-10-25 12:02:00+00:00,TENB,41.880001068115234,41.880001068115234,41.90999984741211,41.880001068115234,41.90999984741211,578.0
2024-10-25 12:02:00+00:00,TER,112.7750015258789,112.7750015258789,112.77999877929688,112.72000122070312,112.7300033569336,3870.0
2024-10-25 12:02:00+00:00,TLS,3.666599988937378,3.666599988937378,3.666599988937378,3.666599988937378,3.666599988937378,325.0
2024-10-25 12:02:00+00:00,TRMB,61.0099983215332,61.0099983215332,61.02000045776367,61.0099983215332,61.02000045776367,863.0
2024-10-25 12:02:00+00:00,TTD,119.29000091552734,119.29000091552734,119.31999969482422,119.29000091552734,119.31999969482422,1133.0
2024-10-25 12:02:00+00:00,TTEC,5.380000114440918,5.380000114440918,5.380000114440918,5.380000114440918,5.380000114440918,2739.0
2024-10-25 12:02:00+00:00,TWKS,4.449999809265137,4.449999809265137,4.449999809265137,4.449999809265137,4.449999809265137,1287.0
2024-10-25 12:02:00+00:00,TXN,208.52999877929688,208.52999877929688,208.75,208.5050048828125,208.72999572753906,9769.0
2024-10-25 12:02:00+00:00,UEIC,8.12720012664795,8.12720012664795,8.130000114440918,8.114100456237793,8.116000175476074,0.0
2024-10-25 12:02:00+00:00,VECO,29.56450080871582,29.56450080871582,29.56450080871582,29.56450080871582,29.56450080871582,1240.0
2024-10-25 12:02:00+00:00,VERI,3.430000066757202,3.430000066757202,3.430000066757202,3.4298999309539795,3.4298999309539795,2145.0
2024-10-25 12:02:00+00:00,VERX,42.244998931884766,42.244998931884766,42.244998931884766,42.220001220703125,42.220001220703125,738.0
2024-10-25 12:02:00+00:00,VIAV,9.25,9.25,9.25,9.25,9.25,1234.0
2024-10-25 12:02:00+00:00,VISL,6.320000171661377,6.320000171661377,6.320000171661377,6.320000171661377,6.320000171661377,246.0
2024-10-25 12:02:00+00:00,VMEO,4.755000114440918,4.755000114440918,4.760000228881836,4.75,4.760000228881836,788.0
2024-10-25 12:02:00+00:00,VNET,3.450000047683716,3.450000047683716,3.450000047683716,3.450000047683716,3.450000047683716,111.0
2024-10-25 12:02:00+00:00,VOXX,7.570000171661377,7.570000171661377,7.599999904632568,7.570000171661377,7.599999904632568,1172.0
2024-10-25 12:02:00+00:00,VRNS,56.79999923706055,56.79999923706055,56.82500076293945,56.79999923706055,56.82500076293945,587.0
2024-10-25 12:02:00+00:00,VRNT,22.200000762939453,22.200000762939453,22.200000762939453,22.200000762939453,22.200000762939453,385.0
2024-10-25 12:02:00+00:00,VRSN,186.22500610351562,186.22500610351562,186.22500610351562,186.00999450683594,186.00999450683594,1363.0
2024-10-25 12:02:00+00:00,VSAT,10.4399995803833,10.4399995803833,10.4399995803833,10.4399995803833,10.4399995803833,2257.0
2024-10-25 12:02:00+00:00,WDAY,240.125,240.125,240.125,240.0500030517578,240.0500030517578,1449.0
2024-10-25 12:02:00+00:00,WDC,71.58999633789062,71.58999633789062,71.62999725341797,71.58999633789062,71.60659790039062,5424.0
2024-10-25 12:02:00+00:00,WISA,1.850000023841858,1.850000023841858,1.850000023841858,1.8450000286102295,1.8450000286102295,770.0
2024-10-25 12:02:00+00:00,XPER,9.460000038146973,9.460000038146973,9.460000038146973,9.454999923706055,9.454999923706055,309.0
2024-10-25 12:02:00+00:00,XRX,10.114999771118164,10.114999771118164,10.114999771118164,10.114999771118164,10.114999771118164,957.0
2024-10-25 12:02:00+00:00,ZI,10.53499984741211,10.53499984741211,10.53499984741211,10.53499984741211,10.53499984741211,998.0
2024-10-25 12:02:00+00:00,ZM,73.04499816894531,73.04499816894531,73.06999969482422,73.04499816894531,73.06999969482422,2476.0
2024-10-25 12:02:00+00:00,ZS,186.1300048828125,186.1300048828125,186.1300048828125,186.1300048828125,186.1300048828125,667.0
2024-10-25 12:03:00+00:00,AAOI,18.063199996948242,18.063199996948242,18.063199996948242,18.063199996948242,18.063199996948242,1468.0
2024-10-25 12:03:00+00:00,AAPL,232.24000549316406,232.24000549316406,232.24000549316406,232.08999633789062,232.08999633789062,40553.0
2024-10-25 12:03:00+00:00,ACIW,48.83000183105469,48.83000183105469,48.83000183105469,48.83000183105469,48.83000183105469,718.0
2024-10-25 12:03:00+00:00,ACMR,19.90999984741211,19.90999984741211,19.90999984741211,19.895000457763672,19.895000457763672,1384.0
2024-10-25 12:03:00+00:00,ADBE,484.760009765625,484.760009765625,484.89239501953125,484.67999267578125,484.67999267578125,1823.0
2024-10-25 12:03:00+00:00,ADSK,286.7099914550781,286.7099914550781,286.7099914550781,286.5249938964844,286.5249938964844,1303.0
2024-10-25 12:03:00+00:00,AEHR,16.9242000579834,16.9242000579834,16.9242000579834,16.90999984741211,16.90999984741211,508.0
2024-10-25 12:03:00+00:00,AFRM,41.59000015258789,41.59000015258789,41.65999984741211,41.59000015258789,41.59000015258789,10351.0
2024-10-25 12:03:00+00:00,AKAM,102.91000366210938,102.91000366210938,102.94999694824219,102.91000366210938,102.94999694824219,588.0
2024-10-25 12:03:00+00:00,AKTS,0.057100001722574234,0.057100001722574234,0.05719999969005585,0.057100001722574234,0.05719999969005585,16114.0
2024-10-25 12:03:00+00:00,ALGM,22.764999389648438,22.764999389648438,22.764999389648438,22.760000228881836,22.760000228881836,1170.0
2024-10-25 12:03:00+00:00,ALRM,54.72999954223633,54.72999954223633,54.72999954223633,54.72999954223633,54.72999954223633,522.0
2024-10-25 12:03:00+00:00,AMAT,188.35870361328125,188.35870361328125,188.4199981689453,188.1999969482422,188.25,7109.0
2024-10-25 12:03:00+00:00,AMD,157.83999633789062,157.83999633789062,157.85989379882812,157.7100067138672,157.8000030517578,32388.0
2024-10-25 12:03:00+00:00,AMKR,30.14229965209961,30.14229965209961,30.14229965209961,30.1299991607666,30.1299991607666,1780.0
2024-10-25 12:03:00+00:00,AMPL,9.25,9.25,9.25,9.239999771118164,9.239999771118164,1371.0
2024-10-25 12:03:00+00:00,ANSS,325.79998779296875,325.79998779296875,325.8599853515625,325.79998779296875,325.8599853515625,540.0
2024-10-25 12:03:00+00:00,AOSL,36.66999816894531,36.66999816894531,36.70000076293945,36.619998931884766,36.70000076293945,756.0
2024-10-25 12:03:00+00:00,API,2.840100049972534,2.840100049972534,2.8450000286102295,2.840100049972534,2.8450000286102295,1239.0
2024-10-25 12:03:00+00:00,APP,161.30999755859375,161.30999755859375,161.30999755859375,161.1699981689453,161.30999755859375,3551.0
2024-10-25 12:03:00+00:00,APPN,32.31999969482422,32.31999969482422,32.349998474121094,32.31999969482422,32.34000015258789,1979.0
2024-10-25 12:03:00+00:00,APPS,3.0799999237060547,3.0799999237060547,3.0799999237060547,3.0799999237060547,3.0799999237060547,200.0
2024-10-25 12:03:00+00:00,ARRY,6.559999942779541,6.559999942779541,6.570000171661377,6.550099849700928,6.559999942779541,24921.0
2024-10-25 12:03:00+00:00,AUR,6.380000114440918,6.380000114440918,6.385000228881836,6.369999885559082,6.385000228881836,30159.0
2024-10-25 12:03:00+00:00,AVDX,8.140000343322754,8.140000343322754,8.140000343322754,8.140000343322754,8.140000343322754,310.0
2024-10-25 12:03:00+00:00,AVGO,176.1199951171875,176.1199951171875,176.13499450683594,176.01499938964844,176.0623016357422,19560.0
2024-10-25 12:03:00+00:00,AVPT,12.020000457763672,12.020000457763672,12.020000457763672,12.018099784851074,12.018099784851074,1321.0
2024-10-25 12:03:00+00:00,AVT,54.16999816894531,54.16999816894531,54.16999816894531,54.16999816894531,54.16999816894531,359.0
2024-10-25 12:03:00+00:00,BELFB,79.20999908447266,79.20999908447266,79.20999908447266,79.20999908447266,79.20999908447266,558.0
2024-10-25 12:03:00+00:00,BIGC,5.306600093841553,5.306600093841553,5.306600093841553,5.300000190734863,5.300000190734863,667.0
2024-10-25 12:03:00+00:00,BMBL,7.244999885559082,7.244999885559082,7.244999885559082,7.235000133514404,7.239999771118164,3035.0
2024-10-25 12:03:00+00:00,BRZE,30.809999465942383,30.809999465942383,30.809999465942383,30.809999465942383,30.809999465942383,530.0
2024-10-25 12:03:00+00:00,BSY,49.18000030517578,49.18000030517578,49.209999084472656,49.18000030517578,49.209999084472656,772.0
2024-10-25 12:03:00+00:00,CAMT,78.38500213623047,78.38500213623047,78.38500213623047,78.38500213623047,78.38500213623047,302.0
2024-10-25 12:03:00+00:00,CAN,0.9922000169754028,0.9922000169754028,0.9922000169754028,0.9922000169754028,0.9922000169754028,413.0
2024-10-25 12:03:00+00:00,CDNS,259.864990234375,259.864990234375,259.864990234375,259.6000061035156,259.6000061035156,3855.0
2024-10-25 12:03:00+00:00,CDW,219.27000427246094,219.27000427246094,219.27000427246094,219.27000427246094,219.27000427246094,376.0
2024-10-25 12:03:00+00:00,CETX,0.29580000042915344,0.29580000042915344,0.29679998755455017,0.29580000042915344,0.29679998755455017,6331.0
2024-10-25 12:03:00+00:00,CEVA,24.239999771118164,24.239999771118164,24.239999771118164,24.239999771118164,24.239999771118164,197.0
2024-10-25 12:03:00+00:00,CFLT,22.760000228881836,22.760000228881836,22.770000457763672,22.760000228881836,22.770000457763672,1241.0
2024-10-25 12:03:00+00:00,CGNX,39.01250076293945,39.01250076293945,39.029998779296875,39.0099983215332,39.02000045776367,2068.0
2024-10-25 12:03:00+00:00,CHKP,207.57000732421875,207.57000732421875,207.5800018310547,207.42250061035156,207.42250061035156,770.0
2024-10-25 12:03:00+00:00,CLSK,11.901100158691406,11.901100158691406,11.925000190734863,11.871000289916992,11.871000289916992,71516.0
2024-10-25 12:03:00+00:00,CNXC,45.13999938964844,45.13999938964844,45.13999938964844,45.130001068115234,45.130001068115234,261.0
2024-10-25 12:03:00+00:00,COHR,94.9800033569336,94.9800033569336,95.06999969482422,94.93000030517578,94.93000030517578,3973.0
2024-10-25 12:03:00+00:00,COHU,26.280000686645508,26.280000686645508,26.290000915527344,26.271699905395508,26.271699905395508,1316.0
2024-10-25 12:03:00+00:00,COIN,209.7949981689453,209.7949981689453,210.00999450683594,209.64999389648438,209.80999755859375,23348.0
2024-10-25 12:03:00+00:00,COMM,6.324999809265137,6.324999809265137,6.325500011444092,6.324999809265137,6.324999809265137,3032.0
2024-10-25 12:03:00+00:00,CORZ,13.265000343322754,13.265000343322754,13.295000076293945,13.265000343322754,13.289999961853027,14748.0
2024-10-25 12:03:00+00:00,CRCT,6.590000152587891,6.590000152587891,6.590000152587891,6.590000152587891,6.590000152587891,722.0
2024-10-25 12:03:00+00:00,CRDO,39.720001220703125,39.720001220703125,39.77000045776367,39.720001220703125,39.77000045776367,1169.0
2024-10-25 12:03:00+00:00,CRNC,2.910900115966797,2.910900115966797,2.910900115966797,2.9100000858306885,2.9100000858306885,1426.0
2024-10-25 12:03:00+00:00,CRNT,2.4593000411987305,2.4593000411987305,2.4593000411987305,2.4593000411987305,2.4593000411987305,0.0
2024-10-25 12:03:00+00:00,CRSR,6.449999809265137,6.449999809265137,6.449999809265137,6.449999809265137,6.449999809265137,137.0
2024-10-25 12:03:00+00:00,CRWD,309.6315002441406,309.6315002441406,309.6499938964844,309.3999938964844,309.3999938964844,2506.0
2024-10-25 12:03:00+00:00,CSCO,55.959999084472656,55.959999084472656,55.96500015258789,55.94499969482422,55.94499969482422,4758.0
2024-10-25 12:03:00+00:00,CSIQ,13.74020004272461,13.74020004272461,13.760000228881836,13.699999809265137,13.699999809265137,2653.0
2024-10-25 12:03:00+00:00,CTSH,74.8499984741211,74.8499984741211,74.86000061035156,74.8499984741211,74.86000061035156,2218.0
2024-10-25 12:03:00+00:00,DATS,1.559999942779541,1.559999942779541,1.559999942779541,1.559999942779541,1.559999942779541,306.0
2024-10-25 12:03:00+00:00,DAVE,39.61000061035156,39.61000061035156,39.61000061035156,39.61000061035156,39.61000061035156,662.0
2024-10-25 12:03:00+00:00,DBX,26.03499984741211,26.03499984741211,26.03499984741211,26.030000686645508,26.030000686645508,4662.0
2024-10-25 12:03:00+00:00,DDOG,127.38500213623047,127.38500213623047,127.38500213623047,127.36000061035156,127.36499786376953,1859.0
2024-10-25 12:03:00+00:00,DGHI,1.590000033378601,1.590000033378601,1.590000033378601,1.590000033378601,1.590000033378601,864.0
2024-10-25 12:03:00+00:00,DGII,30.600000381469727,30.600000381469727,30.600000381469727,30.600000381469727,30.600000381469727,1258.0
2024-10-25 12:03:00+00:00,DIOD,66.4000015258789,66.4000015258789,66.4000015258789,66.4000015258789,66.4000015258789,507.0
2024-10-25 12:03:00+00:00,DLO,8.8149995803833,8.8149995803833,8.8149995803833,8.8149995803833,8.8149995803833,436.0
2024-10-25 12:03:00+00:00,DOCU,69.78500366210938,69.78500366210938,69.79000091552734,69.73999786376953,69.74500274658203,9150.0
2024-10-25 12:03:00+00:00,DTSS,2.4214999675750732,2.4214999675750732,2.4214999675750732,2.4214999675750732,2.4214999675750732,983.0
2024-10-25 12:03:00+00:00,DUOL,288.7025146484375,288.7025146484375,288.7025146484375,288.7025146484375,288.7025146484375,446.0
2024-10-25 12:03:00+00:00,DUOT,4.079999923706055,4.079999923706055,4.079999923706055,4.079999923706055,4.079999923706055,928.0
2024-10-25 12:03:00+00:00,EEFT,100.7249984741211,100.7249984741211,100.7249984741211,100.7249984741211,100.7249984741211,140.0
2024-10-25 12:03:00+00:00,ENPH,84.03800201416016,84.03800201416016,84.05999755859375,83.81999969482422,83.81999969482422,11612.0
2024-10-25 12:03:00+00:00,ENTG,105.78199768066406,105.78199768066406,105.79000091552734,105.7301025390625,105.79000091552734,1657.0
2024-10-25 12:03:00+00:00,ERIC,8.484999656677246,8.484999656677246,8.489899635314941,8.484999656677246,8.489899635314941,19476.0
2024-10-25 12:03:00+00:00,EXFY,1.725000023841858,1.725000023841858,1.725000023841858,1.725000023841858,1.725000023841858,139.0
2024-10-25 12:03:00+00:00,EXLS,38.939998626708984,38.939998626708984,38.95000076293945,38.939998626708984,38.95000076293945,1044.0
2024-10-25 12:03:00+00:00,EXTR,14.5,14.5,14.5,14.494999885559082,14.494999885559082,557.0
2024-10-25 12:03:00+00:00,FCUV,0.2581999897956848,0.2581999897956848,0.2581999897956848,0.2565000057220459,0.2565000057220459,4000.0
2024-10-25 12:03:00+00:00,FIVN,30.200000762939453,30.200000762939453,30.209999084472656,30.18000030517578,30.200000762939453,2322.0
2024-10-25 12:03:00+00:00,FLEX,35.34000015258789,35.34000015258789,35.345001220703125,35.33100128173828,35.334999084472656,2581.0
2024-10-25 12:03:00+00:00,FLYW,17.479999542236328,17.479999542236328,17.489999771118164,17.450000762939453,17.459999084472656,1064.0
2024-10-25 12:03:00+00:00,FORM,45.31999969482422,45.31999969482422,45.31999969482422,45.31999969482422,45.31999969482422,349.0
2024-10-25 12:03:00+00:00,FRSH,11.694999694824219,11.694999694824219,11.694999694824219,11.6899995803833,11.6899995803833,3060.0
2024-10-25 12:03:00+00:00,FSLR,200.19000244140625,200.19000244140625,200.3300018310547,200.02000427246094,200.02000427246094,4233.0
2024-10-25 12:03:00+00:00,FTNT,81.37000274658203,81.37000274658203,81.4000015258789,81.37000274658203,81.38999938964844,2859.0
2024-10-25 12:03:00+00:00,GCT,24.959999084472656,24.959999084472656,24.959999084472656,24.955799102783203,24.955799102783203,2378.0
2024-10-25 12:03:00+00:00,GFS,41.46580123901367,41.46580123901367,41.47999954223633,41.46500015258789,41.470001220703125,2304.0
2024-10-25 12:03:00+00:00,GPRO,1.3350000381469727,1.3350000381469727,1.3350000381469727,1.3350000381469727,1.3350000381469727,32.0
2024-10-25 12:03:00+00:00,GRAB,4.085000038146973,4.085000038146973,4.090000152587891,4.085000038146973,4.090000152587891,46928.0
2024-10-25 12:03:00+00:00,GSIT,3.5,3.5,3.5,3.4814000129699707,3.5,1318.0
2024-10-25 12:03:00+00:00,GTLB,55.72999954223633,55.72999954223633,55.72999954223633,55.72999954223633,55.72999954223633,1121.0
2024-10-25 12:03:00+00:00,HOLO,3.680000066757202,3.680000066757202,3.685499906539917,3.680000066757202,3.685499906539917,3284.0
2024-10-25 12:03:00+00:00,HOOD,27.30500030517578,27.30500030517578,27.31999969482422,27.290000915527344,27.290000915527344,23987.0
2024-10-25 12:03:00+00:00,IMMR,8.75,8.75,8.75,8.75,8.75,973.0
2024-10-25 12:03:00+00:00,INDI,3.5899999141693115,3.5899999141693115,3.5899999141693115,3.5799999237060547,3.5799999237060547,3346.0
2024-10-25 12:03:00+00:00,INSG,20.041000366210938,20.041000366210938,20.041000366210938,20.041000366210938,20.041000366210938,1255.0
2024-10-25 12:03:00+00:00,INTA,49.959999084472656,49.959999084472656,49.97999954223633,49.95000076293945,49.97999954223633,2858.0
2024-10-25 12:03:00+00:00,INTC,23.139999389648438,23.139999389648438,23.149900436401367,23.123699188232422,23.125,43753.0
2024-10-25 12:03:00+00:00,INTU,611.114990234375,611.114990234375,611.114990234375,610.72998046875,610.9000244140625,2004.0
2024-10-25 12:03:00+00:00,ITRN,27.059999465942383,27.059999465942383,27.059999465942383,27.059999465942383,27.059999465942383,248.0
2024-10-25 12:03:00+00:00,JAMF,16.81999969482422,16.81999969482422,16.81999969482422,16.81999969482422,16.81999969482422,312.0
2024-10-25 12:03:00+00:00,KLAC,680.4400024414062,680.4400024414062,680.4400024414062,680.4400024414062,680.4400024414062,1261.0
2024-10-25 12:03:00+00:00,KLIC,44.43000030517578,44.43000030517578,44.43000030517578,44.43000030517578,44.43000030517578,255.0
2024-10-25 12:03:00+00:00,KOPN,0.7799000144004822,0.7799000144004822,0.7799000144004822,0.7799000144004822,0.7799000144004822,4541.0
2024-10-25 12:03:00+00:00,LFUS,254.36500549316406,254.36500549316406,254.61000061035156,254.36500549316406,254.61000061035156,1131.0
2024-10-25 12:03:00+00:00,LINK,4.700099945068359,4.700099945068359,4.768099784851074,4.699999809265137,4.700099945068359,1863.0
2024-10-25 12:03:00+00:00,LITE,64.43000030517578,64.43000030517578,64.43000030517578,64.3550033569336,64.3550033569336,960.0
2024-10-25 12:03:00+00:00,LOGI,81.20999908447266,81.20999908447266,81.20999908447266,81.20999908447266,81.20999908447266,331.0
2024-10-25 12:03:00+00:00,LPSN,1.1799999475479126,1.1799999475479126,1.1799999475479126,1.1799999475479126,1.1799999475479126,10113.0
2024-10-25 12:03:00+00:00,LRCX,79.11000061035156,79.11000061035156,79.11000061035156,79.05000305175781,79.05999755859375,14877.0
2024-10-25 12:03:00+00:00,LSCC,54.375,54.375,54.375,54.33000183105469,54.33000183105469,2102.0
2024-10-25 12:03:00+00:00,LYFT,13.835000038146973,13.835000038146973,13.854999542236328,13.835000038146973,13.84749984741211,29603.0
2024-10-25 12:03:00+00:00,LYTS,16.280000686645508,16.280000686645508,16.280000686645508,16.280000686645508,16.280000686645508,368.0
2024-10-25 12:03:00+00:00,MANH,275.79998779296875,275.79998779296875,275.79998779296875,275.79998779296875,275.79998779296875,534.0
2024-10-25 12:03:00+00:00,MCHP,77.04280090332031,77.04280090332031,77.04280090332031,77.0199966430664,77.0199966430664,3961.0
2024-10-25 12:03:00+00:00,MIND,3.5100998878479004,3.5100998878479004,3.5100998878479004,3.5100998878479004,3.5100998878479004,51.0
2024-10-25 12:03:00+00:00,MKTW,0.5799000263214111,0.5799000263214111,0.5799000263214111,0.5799000263214111,0.5799000263214111,699.0
2024-10-25 12:03:00+00:00,MNDY,300.5150146484375,300.5150146484375,300.5150146484375,300.5150146484375,300.5150146484375,9206.0
2024-10-25 12:03:00+00:00,MRVL,82.4000015258789,82.4000015258789,82.41999816894531,82.37000274658203,82.37999725341797,12535.0
2024-10-25 12:03:00+00:00,MSFT,429.9200134277344,429.9200134277344,430.010009765625,429.8080139160156,429.94000244140625,15840.0
2024-10-25 12:03:00+00:00,MSTR,240.0800018310547,240.0800018310547,240.73989868164062,239.71009826660156,239.97999572753906,35791.0
2024-10-25 12:03:00+00:00,MTTR,4.65500020980835,4.65500020980835,4.65500020980835,4.65500020980835,4.65500020980835,365.0
2024-10-25 12:03:00+00:00,MU,109.12999725341797,109.12999725341797,109.13600158691406,109.05000305175781,109.05000305175781,18465.0
2024-10-25 12:03:00+00:00,MVIS,1.100000023841858,1.100000023841858,1.100000023841858,1.100000023841858,1.100000023841858,300.0
2024-10-25 12:03:00+00:00,MXL,14.949999809265137,14.949999809265137,14.949999809265137,14.9399995803833,14.9399995803833,910.0
2024-10-25 12:03:00+00:00,NCNO,37.742000579833984,37.742000579833984,37.742000579833984,37.742000579833984,37.742000579833984,540.0
2024-10-25 12:03:00+00:00,NICE,176.50999450683594,176.50999450683594,176.6199951171875,176.50999450683594,176.50999450683594,459.0
2024-10-25 12:03:00+00:00,NTAP,120.41000366210938,120.41000366210938,120.41000366210938,120.41000366210938,120.41000366210938,102.0
2024-10-25 12:03:00+00:00,NTCT,20.719999313354492,20.719999313354492,20.719999313354492,20.719999313354492,20.719999313354492,1414.0
2024-10-25 12:03:00+00:00,NVDA,143.74000549316406,143.74000549316406,143.75,143.6699981689453,143.68499755859375,218710.0
2024-10-25 12:03:00+00:00,NVMI,185.01499938964844,185.01499938964844,185.01499938964844,185.01499938964844,185.01499938964844,223.0
2024-10-25 12:03:00+00:00,NVTS,2.5810000896453857,2.5810000896453857,2.5850000381469727,2.5810000896453857,2.5850000381469727,5210.0
2024-10-25 12:03:00+00:00,NXPI,245.0500030517578,245.0500030517578,245.1199951171875,244.97999572753906,244.97999572753906,3458.0
2024-10-25 12:03:00+00:00,ON,71.73999786376953,71.73999786376953,71.7699966430664,71.72000122070312,71.72000122070312,13624.0
2024-10-25 12:03:00+00:00,OSIS,136.5500030517578,136.5500030517578,136.5500030517578,136.5500030517578,136.5500030517578,105.0
2024-10-25 12:03:00+00:00,PANW,369.1700134277344,369.1700134277344,369.32000732421875,369.1700134277344,369.17498779296875,1575.0
2024-10-25 12:03:00+00:00,PAYO,8.295000076293945,8.295000076293945,8.295000076293945,8.289999961853027,8.289999961853027,5675.0
2024-10-25 12:03:00+00:00,PEGA,80.30999755859375,80.30999755859375,80.30999755859375,80.22000122070312,80.22000122070312,2364.0
2024-10-25 12:03:00+00:00,PEGY,4.840099811553955,4.840099811553955,4.849999904632568,4.800000190734863,4.849999904632568,9371.0
2024-10-25 12:03:00+00:00,PGY,11.84000015258789,11.84000015258789,11.84000015258789,11.824999809265137,11.824999809265137,2048.0
2024-10-25 12:03:00+00:00,PHUN,10.139900207519531,10.139900207519531,10.1899995803833,10.069899559020996,10.069999694824219,72423.0
2024-10-25 12:03:00+00:00,PI,205.5399932861328,205.5399932861328,205.5399932861328,205.5399932861328,205.5399932861328,632.0
2024-10-25 12:03:00+00:00,PLAB,23.690099716186523,23.690099716186523,23.700199127197266,23.690099716186523,23.700199127197266,920.0
2024-10-25 12:03:00+00:00,PLXS,142.6649932861328,142.6649932861328,142.6649932861328,142.6649932861328,142.6649932861328,728.0
2024-10-25 12:03:00+00:00,PRCH,1.3350000381469727,1.3350000381469727,1.3350000381469727,1.3350000381469727,1.3350000381469727,217.0
2024-10-25 12:03:00+00:00,PTC,186.72000122070312,186.72000122070312,186.72000122070312,186.72000122070312,186.72000122070312,693.0
2024-10-25 12:03:00+00:00,PUBM,14.920000076293945,14.920000076293945,14.920000076293945,14.920000076293945,14.920000076293945,400.0
2024-10-25 12:03:00+00:00,PYCR,14.359999656677246,14.359999656677246,14.359999656677246,14.359999656677246,14.359999656677246,323.0
2024-10-25 12:03:00+00:00,QCOM,172.5749969482422,172.5749969482422,172.60989379882812,172.4949951171875,172.4949951171875,6907.0
2024-10-25 12:03:00+00:00,QLYS,120.38999938964844,120.38999938964844,120.38999938964844,120.38999938964844,120.38999938964844,496.0
2024-10-25 12:03:00+00:00,QRVO,100.22000122070312,100.22000122070312,100.25,100.19000244140625,100.25,3022.0
2024-10-25 12:03:00+00:00,RCAT,2.744999885559082,2.744999885559082,2.744999885559082,2.744999885559082,2.744999885559082,218.0
2024-10-25 12:03:00+00:00,REKR,1.0950000286102295,1.0950000286102295,1.0950000286102295,1.0950000286102295,1.0950000286102295,344.0
2024-10-25 12:03:00+00:00,RELY,14.729999542236328,14.729999542236328,14.729999542236328,14.729999542236328,14.729999542236328,279.0
2024-10-25 12:03:00+00:00,RGTI,1.2200000286102295,1.2200000286102295,1.2200000286102295,1.219099998474121,1.2200000286102295,11608.0
2024-10-25 12:03:00+00:00,RIOT,10.055000305175781,10.055000305175781,10.065999984741211,10.024999618530273,10.024999618530273,31577.0
2024-10-25 12:03:00+00:00,RMBS,43.525001525878906,43.525001525878906,43.529998779296875,43.5099983215332,43.5099983215332,3682.0
2024-10-25 12:03:00+00:00,RMNI,1.725000023841858,1.725000023841858,1.725000023841858,1.725000023841858,1.725000023841858,342.0
2024-10-25 12:03:00+00:00,RPD,39.209999084472656,39.209999084472656,39.209999084472656,39.209999084472656,39.209999084472656,464.0
2024-10-25 12:03:00+00:00,RUM,5.849999904632568,5.849999904632568,5.849999904632568,5.849999904632568,5.849999904632568,108.0
2024-10-25 12:03:00+00:00,RUN,14.510000228881836,14.510000228881836,14.510000228881836,14.489999771118164,14.489999771118164,4298.0
2024-10-25 12:03:00+00:00,SANM,67.72000122070312,67.72000122070312,67.72000122070312,67.72000122070312,67.72000122070312,291.0
2024-10-25 12:03:00+00:00,SCWX,8.385000228881836,8.385000228881836,8.385000228881836,8.385000228881836,8.385000228881836,162.0
2024-10-25 12:03:00+00:00,SEDG,16.209999084472656,16.209999084472656,16.209999084472656,16.1299991607666,16.1299991607666,20367.0
2024-10-25 12:03:00+00:00,SHLS,5.329999923706055,5.329999923706055,5.335000038146973,5.329999923706055,5.329999923706055,5022.0
2024-10-25 12:03:00+00:00,SMCI,47.70500183105469,47.70500183105469,47.72999954223633,47.66999816894531,47.68899917602539,24936.0
2024-10-25 12:03:00+00:00,SMTC,45.90999984741211,45.90999984741211,45.90999984741211,45.90999984741211,45.90999984741211,718.0
2024-10-25 12:03:00+00:00,SNPS,503.42999267578125,503.42999267578125,503.42999267578125,503.1564025878906,503.1564025878906,2169.0
2024-10-25 12:03:00+00:00,SONO,12.819999694824219,12.819999694824219,12.819999694824219,12.819999694824219,12.819999694824219,1124.0
2024-10-25 12:03:00+00:00,SOUN,5.264999866485596,5.264999866485596,5.269999980926514,5.25,5.257900238037109,19973.0
2024-10-25 12:03:00+00:00,SRAD,12.364999771118164,12.364999771118164,12.369999885559082,12.364999771118164,12.369999885559082,580.0
2024-10-25 12:03:00+00:00,SSNC,69.80999755859375,69.80999755859375,69.81999969482422,69.80999755859375,69.81999969482422,5089.0
2024-10-25 12:03:00+00:00,SSTI,11.5,11.5,11.5,11.5,11.5,1987.0
2024-10-25 12:03:00+00:00,STNE,11.470000267028809,11.470000267028809,11.470000267028809,11.461199760437012,11.470000267028809,2493.0
2024-10-25 12:03:00+00:00,STX,104.07499694824219,104.07499694824219,104.19000244140625,104.06999969482422,104.13500213623047,4725.0
2024-10-25 12:03:00+00:00,SWKS,96.55000305175781,96.55000305175781,96.55999755859375,96.5199966430664,96.5199966430664,1761.0
2024-10-25 12:03:00+00:00,SYNA,73.7699966430664,73.7699966430664,73.7699966430664,73.7699966430664,73.7699966430664,520.0
2024-10-25 12:03:00+00:00,TEAM,189.97999572753906,189.97999572753906,189.97999572753906,189.8000030517578,189.8000030517578,1845.0
2024-10-25 12:03:00+00:00,TENB,41.86000061035156,41.86000061035156,41.86000061035156,41.86000061035156,41.86000061035156,494.0
2024-10-25 12:03:00+00:00,TER,112.8499984741211,112.8499984741211,112.8499984741211,112.80999755859375,112.80999755859375,3887.0
2024-10-25 12:03:00+00:00,TRMB,61.029998779296875,61.029998779296875,61.029998779296875,61.029998779296875,61.029998779296875,741.0
2024-10-25 12:03:00+00:00,TTD,119.33999633789062,119.33999633789062,119.4000015258789,119.27999877929688,119.4000015258789,5067.0
2024-10-25 12:03:00+00:00,TWKS,4.449999809265137,4.449999809265137,4.449999809265137,4.449999809265137,4.449999809265137,10201.0
2024-10-25 12:03:00+00:00,TXN,208.5500030517578,208.5500030517578,208.59249877929688,208.5500030517578,208.59249877929688,918.0
2024-10-25 12:03:00+00:00,UCTT,36.220001220703125,36.220001220703125,36.220001220703125,36.220001220703125,36.220001220703125,540.0
2024-10-25 12:03:00+00:00,UEIC,8.140000343322754,8.140000343322754,8.140000343322754,8.139900207519531,8.139900207519531,307.0
2024-10-25 12:03:00+00:00,VECO,29.609899520874023,29.609899520874023,29.609899520874023,29.609899520874023,29.609899520874023,691.0
2024-10-25 12:03:00+00:00,VERI,3.421999931335449,3.421999931335449,3.421999931335449,3.421999931335449,3.421999931335449,322.0
2024-10-25 12:03:00+00:00,VERX,42.244998931884766,42.244998931884766,42.244998931884766,42.244998931884766,42.244998931884766,445.0
2024-10-25 12:03:00+00:00,VMEO,4.755000114440918,4.755000114440918,4.760000228881836,4.75,4.760000228881836,646.0
2024-10-25 12:03:00+00:00,VNET,3.444999933242798,3.444999933242798,3.4549999237060547,3.444999933242798,3.4519999027252197,17718.0
2024-10-25 12:03:00+00:00,VOXX,7.585000038146973,7.585000038146973,7.585000038146973,7.585000038146973,7.585000038146973,14.0
2024-10-25 12:03:00+00:00,VRNS,56.814998626708984,56.814998626708984,56.83000183105469,56.814998626708984,56.83000183105469,1041.0
2024-10-25 12:03:00+00:00,VRNT,22.21500015258789,22.21500015258789,22.21500015258789,22.21500015258789,22.21500015258789,1319.0
2024-10-25 12:03:00+00:00,VRSN,185.74000549316406,185.74000549316406,185.9600067138672,185.74000549316406,185.9600067138672,3020.0
2024-10-25 12:03:00+00:00,VSAT,10.449999809265137,10.449999809265137,10.449999809265137,10.441300392150879,10.441300392150879,2053.0
2024-10-25 12:03:00+00:00,WDC,71.75499725341797,71.75499725341797,71.77999877929688,71.61000061035156,71.62999725341797,15673.0
2024-10-25 12:03:00+00:00,WISA,1.850000023841858,1.850000023841858,1.850000023841858,1.8450000286102295,1.8450000286102295,400.0
2024-10-25 12:03:00+00:00,WIX,165.27000427246094,165.27000427246094,165.27000427246094,165.27000427246094,165.27000427246094,1738.0
2024-10-25 12:03:00+00:00,XRX,10.125,10.125,10.125,10.125,10.125,478.0
2024-10-25 12:03:00+00:00,ZI,10.53499984741211,10.53499984741211,10.53499984741211,10.529999732971191,10.529999732971191,1426.0
2024-10-25 12:03:00+00:00,ZM,73.05999755859375,73.05999755859375,73.05999755859375,73.04499816894531,73.04499816894531,908.0
2024-10-25 12:03:00+00:00,ZS,186.1300048828125,186.1300048828125,186.17999267578125,186.11000061035156,186.16000366210938,1206.0
2024-10-25 12:04:00+00:00,AAOI,18.079999923706055,18.079999923706055,18.079999923706055,18.079999923706055,18.079999923706055,943.0
2024-10-25 12:04:00+00:00,AAPL,232.2100067138672,232.2100067138672,232.2989959716797,232.2100067138672,232.23500061035156,39023.0
2024-10-25 12:04:00+00:00,ACMR,19.924999237060547,19.924999237060547,19.924999237060547,19.924999237060547,19.924999237060547,102.0
2024-10-25 12:04:00+00:00,ADBE,484.8550109863281,484.8550109863281,484.9700012207031,484.6954040527344,484.6954040527344,2206.0
2024-10-25 12:04:00+00:00,ADI,233.27239990234375,233.27239990234375,233.3800048828125,233.27239990234375,233.3800048828125,1235.0
2024-10-25 12:04:00+00:00,ADSK,286.69000244140625,286.69000244140625,286.69000244140625,286.69000244140625,286.69000244140625,610.0
2024-10-25 12:04:00+00:00,ADTN,6.40500020980835,6.40500020980835,6.40500020980835,6.40500020980835,6.40500020980835,148.0
2024-10-25 12:04:00+00:00,AEHR,16.920000076293945,16.920000076293945,16.924999237060547,16.920000076293945,16.924999237060547,897.0
2024-10-25 12:04:00+00:00,AEYE,22.81999969482422,22.81999969482422,22.829999923706055,22.81999969482422,22.81999969482422,1034.0
2024-10-25 12:04:00+00:00,AFRM,41.540000915527344,41.540000915527344,41.584999084472656,41.52000045776367,41.584999084472656,12946.0
2024-10-25 12:04:00+00:00,AKAM,102.9000015258789,102.9000015258789,102.91000366210938,102.9000015258789,102.91000366210938,733.0
2024-10-25 12:04:00+00:00,AKTS,0.05719999969005585,0.05719999969005585,0.05719999969005585,0.05719999969005585,0.05719999969005585,103.0
2024-10-25 12:04:00+00:00,ALGM,22.760000228881836,22.760000228881836,22.770000457763672,22.760000228881836,22.764999389648438,1452.0
2024-10-25 12:04:00+00:00,AMAT,188.4499969482422,188.4499969482422,188.4600067138672,188.3820037841797,188.38999938964844,5650.0
2024-10-25 12:04:00+00:00,AMD,157.75250244140625,157.75250244140625,157.86000061035156,157.72000122070312,157.85000610351562,26936.0
2024-10-25 12:04:00+00:00,AMKR,30.1299991607666,30.1299991607666,30.139999389648438,30.1299991607666,30.139999389648438,3542.0
2024-10-25 12:04:00+00:00,ANY,1.065000057220459,1.065000057220459,1.065000057220459,1.065000057220459,1.065000057220459,1938.0
2024-10-25 12:04:00+00:00,APP,161.55029296875,161.55029296875,161.55029296875,161.25,161.25,6843.0
2024-10-25 12:04:00+00:00,APPN,32.290000915527344,32.290000915527344,32.31999969482422,32.290000915527344,32.31999969482422,1154.0
2024-10-25 12:04:00+00:00,APPS,3.0885000228881836,3.0885000228881836,3.0885000228881836,3.0799999237060547,3.0799999237060547,495.0
2024-10-25 12:04:00+00:00,ARQQ,7.184999942779541,7.184999942779541,7.219900131225586,7.130000114440918,7.219900131225586,6124.0
2024-10-25 12:04:00+00:00,ARRY,6.554999828338623,6.554999828338623,6.559999942779541,6.545000076293945,6.554999828338623,7599.0
2024-10-25 12:04:00+00:00,ASML,716.5999755859375,716.5999755859375,716.8875732421875,716.5999755859375,716.610595703125,927.0
2024-10-25 12:04:00+00:00,AUR,6.40500020980835,6.40500020980835,6.40500020980835,6.385000228881836,6.389699935913086,9325.0
2024-10-25 12:04:00+00:00,AVDX,8.140000343322754,8.140000343322754,8.140000343322754,8.140000343322754,8.140000343322754,529.0
2024-10-25 12:04:00+00:00,AVGO,176.10000610351562,176.10000610351562,176.1199951171875,176.05799865722656,176.10000610351562,13234.0
2024-10-25 12:04:00+00:00,AVPT,12.015000343322754,12.015000343322754,12.015000343322754,12.015000343322754,12.015000343322754,276.0
2024-10-25 12:04:00+00:00,AWRE,1.9900000095367432,1.9900000095367432,1.9900000095367432,1.9850000143051147,1.9850000143051147,2454.0
2024-10-25 12:04:00+00:00,BIGC,5.306600093841553,5.306600093841553,5.306600093841553,5.300000190734863,5.300000190734863,738.0
2024-10-25 12:04:00+00:00,BMBL,7.239999771118164,7.239999771118164,7.239999771118164,7.239999771118164,7.239999771118164,382.0
2024-10-25 12:04:00+00:00,BRZE,30.829999923706055,30.829999923706055,30.829999923706055,30.829999923706055,30.829999923706055,160.0
2024-10-25 12:04:00+00:00,BSY,49.18000030517578,49.18000030517578,49.18000030517578,49.18000030517578,49.18000030517578,453.0
2024-10-25 12:04:00+00:00,CDNS,259.7699890136719,259.7699890136719,259.864990234375,259.7699890136719,259.864990234375,3513.0
2024-10-25 12:04:00+00:00,CDW,219.16000366210938,219.16000366210938,219.16000366210938,219.16000366210938,219.16000366210938,450.0
2024-10-25 12:04:00+00:00,CETX,0.2957000136375427,0.2957000136375427,0.2957000136375427,0.2957000136375427,0.2957000136375427,0.0
2024-10-25 12:04:00+00:00,CFLT,22.729999542236328,22.729999542236328,22.75,22.719999313354492,22.75,10069.0
2024-10-25 12:04:00+00:00,CGNX,39.0099983215332,39.0099983215332,39.0099983215332,39.0099983215332,39.0099983215332,850.0
2024-10-25 12:04:00+00:00,CHKP,207.57000732421875,207.57000732421875,207.57000732421875,207.57000732421875,207.57000732421875,107.0
2024-10-25 12:04:00+00:00,CLSK,11.899999618530273,11.899999618530273,11.914999961853027,11.885299682617188,11.900099754333496,32989.0
2024-10-25 12:04:00+00:00,CNXC,45.1349983215332,45.1349983215332,45.13999938964844,45.1349983215332,45.13999938964844,745.0
2024-10-25 12:04:00+00:00,COHR,95.10990142822266,95.10990142822266,95.10990142822266,95.00499725341797,95.01000213623047,2533.0
2024-10-25 12:04:00+00:00,COIN,209.38499450683594,209.38499450683594,209.6826934814453,209.38499450683594,209.6826934814453,17613.0
2024-10-25 12:04:00+00:00,COMM,6.324999809265137,6.324999809265137,6.324999809265137,6.324999809265137,6.324999809265137,969.0
2024-10-25 12:04:00+00:00,CORZ,13.244999885559082,13.244999885559082,13.270000457763672,13.239999771118164,13.25,10501.0
2024-10-25 12:04:00+00:00,CRDO,39.709999084472656,39.709999084472656,39.720001220703125,39.70000076293945,39.720001220703125,1214.0
2024-10-25 12:04:00+00:00,CRUS,123.75,123.75,123.75499725341797,123.75,123.75499725341797,545.0
2024-10-25 12:04:00+00:00,CRWD,309.4200134277344,309.4200134277344,309.6000061035156,309.4200134277344,309.6000061035156,2944.0
2024-10-25 12:04:00+00:00,CSCO,55.95500183105469,55.95500183105469,55.970001220703125,55.95500183105469,55.970001220703125,7031.0
2024-10-25 12:04:00+00:00,CSIQ,13.75,13.75,13.770000457763672,13.739999771118164,13.755000114440918,4775.0
2024-10-25 12:04:00+00:00,CSPI,12.859999656677246,12.859999656677246,12.859999656677246,12.859999656677246,12.859999656677246,1199.0
2024-10-25 12:04:00+00:00,CTSH,74.80999755859375,74.80999755859375,74.80999755859375,74.80999755859375,74.80999755859375,930.0
2024-10-25 12:04:00+00:00,DAIO,2.490000009536743,2.490000009536743,2.490000009536743,2.490000009536743,2.490000009536743,2182.0
2024-10-25 12:04:00+00:00,DBX,26.020099639892578,26.020099639892578,26.03499984741211,26.020099639892578,26.03499984741211,5117.0
2024-10-25 12:04:00+00:00,DDOG,127.33999633789062,127.33999633789062,127.43000030517578,127.33999633789062,127.38999938964844,7392.0
2024-10-25 12:04:00+00:00,DGHI,1.5999000072479248,1.5999000072479248,1.600000023841858,1.5800000429153442,1.5800000429153442,10492.0
2024-10-25 12:04:00+00:00,DLO,8.8149995803833,8.8149995803833,8.8149995803833,8.8149995803833,8.8149995803833,357.0
2024-10-25 12:04:00+00:00,DOCU,69.77999877929688,69.77999877929688,69.80000305175781,69.75,69.79000091552734,2772.0
2024-10-25 12:04:00+00:00,DSGX,104.21499633789062,104.21499633789062,104.23999786376953,104.21499633789062,104.23999786376953,909.0
2024-10-25 12:04:00+00:00,EEFT,100.69499969482422,100.69499969482422,100.69499969482422,100.69499969482422,100.69499969482422,1090.0
2024-10-25 12:04:00+00:00,EGAN,4.789599895477295,4.789599895477295,4.789599895477295,4.789599895477295,4.789599895477295,2201.0
2024-10-25 12:04:00+00:00,ELTK,10.449999809265137,10.449999809265137,10.449999809265137,10.449999809265137,10.449999809265137,104.0
2024-10-25 12:04:00+00:00,ENPH,83.83000183105469,83.83000183105469,84.05000305175781,83.83000183105469,84.05000305175781,4658.0
2024-10-25 12:04:00+00:00,ENTG,105.72000122070312,105.72000122070312,105.79499816894531,105.72000122070312,105.7300033569336,2403.0
2024-10-25 12:04:00+00:00,ERIC,8.484999656677246,8.484999656677246,8.489999771118164,8.484999656677246,8.484999656677246,19740.0
2024-10-25 12:04:00+00:00,EXTR,14.494999885559082,14.494999885559082,14.494999885559082,14.494999885559082,14.494999885559082,461.0
2024-10-25 12:04:00+00:00,FFIV,216.64500427246094,216.64500427246094,216.64500427246094,216.50999450683594,216.6300048828125,423.0
2024-10-25 12:04:00+00:00,FIVN,30.19499969482422,30.19499969482422,30.19499969482422,30.190000534057617,30.190000534057617,464.0
2024-10-25 12:04:00+00:00,FLEX,35.34000015258789,35.34000015258789,35.34000015258789,35.34000015258789,35.34000015258789,852.0
2024-10-25 12:04:00+00:00,FLYW,17.469999313354492,17.469999313354492,17.479999542236328,17.469999313354492,17.479999542236328,1549.0
2024-10-25 12:04:00+00:00,FRGT,1.899999976158142,1.899999976158142,1.899999976158142,1.899999976158142,1.899999976158142,1067.0
2024-10-25 12:04:00+00:00,FROG,29.389999389648438,29.389999389648438,29.389999389648438,29.389999389648438,29.389999389648438,476.0
2024-10-25 12:04:00+00:00,FRSH,11.694999694824219,11.694999694824219,11.694999694824219,11.6899995803833,11.694999694824219,2680.0
2024-10-25 12:04:00+00:00,FSLR,200.27000427246094,200.27000427246094,200.27000427246094,200.27000427246094,200.27000427246094,635.0
2024-10-25 12:04:00+00:00,FTNT,81.34320068359375,81.34320068359375,81.37999725341797,81.33000183105469,81.37999725341797,3144.0
2024-10-25 12:04:00+00:00,GCT,24.93000030517578,24.93000030517578,24.952999114990234,24.93000030517578,24.940000534057617,1477.0
2024-10-25 12:04:00+00:00,GDS,21.7549991607666,21.7549991607666,21.7549991607666,21.7549991607666,21.7549991607666,888.0
2024-10-25 12:04:00+00:00,GDYN,15.595000267028809,15.595000267028809,15.595000267028809,15.595000267028809,15.595000267028809,113.0
2024-10-25 12:04:00+00:00,GFS,41.4900016784668,41.4900016784668,41.4900016784668,41.4900016784668,41.4900016784668,1252.0
2024-10-25 12:04:00+00:00,GPRO,1.340000033378601,1.340000033378601,1.340000033378601,1.340000033378601,1.340000033378601,630.0
2024-10-25 12:04:00+00:00,GRAB,4.085000038146973,4.085000038146973,4.090000152587891,4.079999923706055,4.085000038146973,4378.0
2024-10-25 12:04:00+00:00,GRRR,4.494999885559082,4.494999885559082,4.494999885559082,4.494999885559082,4.494999885559082,220.0
2024-10-25 12:04:00+00:00,GTLB,55.63999938964844,55.63999938964844,55.63999938964844,55.63999938964844,55.63999938964844,168.0
2024-10-25 12:04:00+00:00,HIMX,6.199999809265137,6.199999809265137,6.199999809265137,6.199999809265137,6.199999809265137,115.0
2024-10-25 12:04:00+00:00,HLIT,14.785699844360352,14.785699844360352,14.785699844360352,14.785699844360352,14.785699844360352,320.0
2024-10-25 12:04:00+00:00,HOLO,3.680000066757202,3.680000066757202,3.6800999641418457,3.680000066757202,3.680000066757202,2000.0
2024-10-25 12:04:00+00:00,HOOD,27.295000076293945,27.295000076293945,27.299999237060547,27.280000686645508,27.299999237060547,7667.0
2024-10-25 12:04:00+00:00,IBEX,18.1299991607666,18.1299991607666,18.1299991607666,18.1299991607666,18.1299991607666,373.0
2024-10-25 12:04:00+00:00,ICHR,27.829999923706055,27.829999923706055,27.829999923706055,27.829999923706055,27.829999923706055,240.0
2024-10-25 12:04:00+00:00,IIIV,22.8700008392334,22.8700008392334,22.8700008392334,22.8700008392334,22.8700008392334,887.0
2024-10-25 12:04:00+00:00,INDI,3.5850000381469727,3.5850000381469727,3.5850000381469727,3.5850000381469727,3.5850000381469727,2076.0
2024-10-25 12:04:00+00:00,INOD,19.940000534057617,19.940000534057617,19.950000762939453,19.940000534057617,19.950000762939453,1984.0
2024-10-25 12:04:00+00:00,INTA,50.0099983215332,50.0099983215332,50.0099983215332,50.0,50.0,10139.0
2024-10-25 12:04:00+00:00,INTC,23.145000457763672,23.145000457763672,23.149999618530273,23.140100479125977,23.145000457763672,22805.0
2024-10-25 12:04:00+00:00,INTU,610.8300170898438,610.8300170898438,610.8300170898438,610.8300170898438,610.8300170898438,3063.0
2024-10-25 12:04:00+00:00,IPGP,76.80000305175781,76.80000305175781,76.80000305175781,76.80000305175781,76.80000305175781,350.0
2024-10-25 12:04:00+00:00,JKHY,183.75,183.75,183.75,183.66000366210938,183.66000366210938,1022.0
2024-10-25 12:04:00+00:00,KC,2.7200000286102295,2.7200000286102295,2.7200000286102295,2.7200000286102295,2.7200000286102295,217.0
2024-10-25 12:04:00+00:00,KOPN,0.7799000144004822,0.7799000144004822,0.7799000144004822,0.7799000144004822,0.7799000144004822,104.0
2024-10-25 12:04:00+00:00,KVHI,4.670000076293945,4.670000076293945,4.670000076293945,4.670000076293945,4.670000076293945,807.0
2024-10-25 12:04:00+00:00,LINK,4.710000038146973,4.710000038146973,4.7164998054504395,4.710000038146973,4.7164998054504395,3545.0
2024-10-25 12:04:00+00:00,LRCX,79.12000274658203,79.12000274658203,79.12000274658203,79.06999969482422,79.10009765625,10506.0
2024-10-25 12:04:00+00:00,LSCC,54.369998931884766,54.369998931884766,54.38999938964844,54.349998474121094,54.38999938964844,3029.0
2024-10-25 12:04:00+00:00,LTRX,4.050000190734863,4.050000190734863,4.050000190734863,4.041200160980225,4.041200160980225,1305.0
2024-10-25 12:04:00+00:00,LYFT,13.805000305175781,13.805000305175781,13.835000038146973,13.805000305175781,13.835000038146973,20396.0
2024-10-25 12:04:00+00:00,MANH,275.79998779296875,275.79998779296875,275.79998779296875,275.4700012207031,275.4700012207031,1332.0
2024-10-25 12:04:00+00:00,MARK,0.10599999874830246,0.10599999874830246,0.11500000208616257,0.10599999874830246,0.11500000208616257,42000.0
2024-10-25 12:04:00+00:00,MCHP,77.04000091552734,77.04000091552734,77.05000305175781,77.01000213623047,77.01000213623047,3808.0
2024-10-25 12:04:00+00:00,MIND,3.5199999809265137,3.5199999809265137,3.5199999809265137,3.5199999809265137,3.5199999809265137,0.0
2024-10-25 12:04:00+00:00,MITK,8.779999732971191,8.779999732971191,8.779999732971191,8.779999732971191,8.779999732971191,259.0
2024-10-25 12:04:00+00:00,MKSI,101.0,101.0,101.0,101.0,101.0,140.0
2024-10-25 12:04:00+00:00,MNDY,300.260009765625,300.260009765625,300.260009765625,300.1000061035156,300.1600036621094,4294.0
2024-10-25 12:04:00+00:00,MPWR,917.5850219726562,917.5850219726562,917.5850219726562,916.6199951171875,916.6199951171875,1004.0
2024-10-25 12:04:00+00:00,MQ,5.264999866485596,5.264999866485596,5.264999866485596,5.264999866485596,5.264999866485596,358.0
2024-10-25 12:04:00+00:00,MRAM,6.324999809265137,6.324999809265137,6.324999809265137,6.320000171661377,6.320000171661377,605.0
2024-10-25 12:04:00+00:00,MRVL,82.3949966430664,82.3949966430664,82.41000366210938,82.37000274658203,82.41000366210938,11940.0
2024-10-25 12:04:00+00:00,MSFT,429.7701110839844,429.7701110839844,429.94000244140625,429.7701110839844,429.9200134277344,12781.0
2024-10-25 12:04:00+00:00,MSTR,239.6280059814453,239.6280059814453,240.14500427246094,239.4001007080078,240.14500427246094,20690.0
2024-10-25 12:04:00+00:00,MTC,0.3686000108718872,0.3686000108718872,0.3686000108718872,0.3686000108718872,0.3686000108718872,855.0
2024-10-25 12:04:00+00:00,MTSI,120.3499984741211,120.3499984741211,120.3499984741211,120.3499984741211,120.3499984741211,891.0
2024-10-25 12:04:00+00:00,MTTR,4.650100231170654,4.650100231170654,4.650100231170654,4.650100231170654,4.650100231170654,413.0
2024-10-25 12:04:00+00:00,MU,109.197998046875,109.197998046875,109.21990203857422,109.143798828125,109.143798828125,11083.0
2024-10-25 12:04:00+00:00,MVIS,1.0925999879837036,1.0925999879837036,1.100000023841858,1.0925999879837036,1.100000023841858,452.0
2024-10-25 12:04:00+00:00,MXL,14.989999771118164,14.989999771118164,15.0,14.989999771118164,15.0,11409.0
2024-10-25 12:04:00+00:00,NICE,176.65989685058594,176.65989685058594,176.65989685058594,176.5930938720703,176.5930938720703,914.0
2024-10-25 12:04:00+00:00,NTAP,120.41999816894531,120.41999816894531,120.44999694824219,120.4000015258789,120.4000015258789,1214.0
2024-10-25 12:04:00+00:00,NVDA,143.70989990234375,143.70989990234375,143.7449951171875,143.64999389648438,143.7449951171875,263391.0
2024-10-25 12:04:00+00:00,NVEI,33.52000045776367,33.52000045776367,33.52000045776367,33.52000045776367,33.52000045776367,424.0
2024-10-25 12:04:00+00:00,NVTS,2.588200092315674,2.588200092315674,2.588200092315674,2.5850000381469727,2.5850000381469727,900.0
2024-10-25 12:04:00+00:00,NXPI,244.88999938964844,244.88999938964844,245.14500427246094,244.88999938964844,245.14500427246094,12619.0
2024-10-25 12:04:00+00:00,OKTA,72.53170013427734,72.53170013427734,72.56900024414062,72.53170013427734,72.56900024414062,963.0
2024-10-25 12:04:00+00:00,ON,71.7699966430664,71.7699966430664,71.83550262451172,71.72000122070312,71.75990295410156,17772.0
2024-10-25 12:04:00+00:00,OSIS,136.5399932861328,136.5399932861328,136.5399932861328,136.5399932861328,136.5399932861328,565.0
2024-10-25 12:04:00+00:00,OTEX,33.36000061035156,33.36000061035156,33.36000061035156,33.36000061035156,33.36000061035156,201.0
2024-10-25 12:04:00+00:00,PANW,369.090087890625,369.090087890625,369.24688720703125,369.090087890625,369.24688720703125,857.0
2024-10-25 12:04:00+00:00,PAYO,8.295000076293945,8.295000076293945,8.295000076293945,8.295000076293945,8.295000076293945,478.0
2024-10-25 12:04:00+00:00,PCTY,173.2050018310547,173.2050018310547,173.57000732421875,173.2050018310547,173.57000732421875,1855.0
2024-10-25 12:04:00+00:00,PEGA,80.22000122070312,80.22000122070312,80.2760009765625,80.22000122070312,80.2760009765625,2427.0
2024-10-25 12:04:00+00:00,PEGY,4.834000110626221,4.834000110626221,4.848499774932861,4.834000110626221,4.840000152587891,1473.0
2024-10-25 12:04:00+00:00,PGY,11.835000038146973,11.835000038146973,11.84000015258789,11.835000038146973,11.84000015258789,331.0
2024-10-25 12:04:00+00:00,PHUN,10.160099983215332,10.160099983215332,10.160099983215332,10.090100288391113,10.131999969482422,40227.0
2024-10-25 12:04:00+00:00,PRSO,1.7699999809265137,1.7699999809265137,1.7699999809265137,1.7699999809265137,1.7699999809265137,380.0
2024-10-25 12:04:00+00:00,PTC,186.6699981689453,186.6699981689453,186.73500061035156,186.6699981689453,186.6750030517578,1209.0
2024-10-25 12:04:00+00:00,PUBM,14.920000076293945,14.920000076293945,14.920000076293945,14.920000076293945,14.920000076293945,204.0
2024-10-25 12:04:00+00:00,PYCR,14.350000381469727,14.350000381469727,14.359999656677246,14.350000381469727,14.359999656677246,1228.0
2024-10-25 12:04:00+00:00,QCOM,172.63999938964844,172.63999938964844,172.64999389648438,172.5749969482422,172.5749969482422,4329.0
2024-10-25 12:04:00+00:00,QRVO,100.22000122070312,100.22000122070312,100.23999786376953,100.19000244140625,100.19000244140625,1841.0
2024-10-25 12:04:00+00:00,QUBT,1.065000057220459,1.065000057220459,1.0700000524520874,1.059999942779541,1.059999942779541,7179.0
2024-10-25 12:04:00+00:00,RCAT,2.740000009536743,2.740000009536743,2.7499001026153564,2.740000009536743,2.7499001026153564,784.0
2024-10-25 12:04:00+00:00,RDWR,22.399999618530273,22.399999618530273,22.399999618530273,22.3799991607666,22.3799991607666,831.0
2024-10-25 12:04:00+00:00,REKR,1.090000033378601,1.090000033378601,1.090000033378601,1.090000033378601,1.090000033378601,2124.0
2024-10-25 12:04:00+00:00,RELL,13.9399995803833,13.9399995803833,13.9399995803833,13.9399995803833,13.9399995803833,543.0
2024-10-25 12:04:00+00:00,RELY,14.739999771118164,14.739999771118164,14.75,14.720000267028809,14.720000267028809,9587.0
2024-10-25 12:04:00+00:00,RGTI,1.2173000574111938,1.2173000574111938,1.2200000286102295,1.2108999490737915,1.218000054359436,2273.0
2024-10-25 12:04:00+00:00,RIOT,10.043999671936035,10.043999671936035,10.055000305175781,10.04010009765625,10.05150032043457,16514.0
2024-10-25 12:04:00+00:00,RPAY,7.605000019073486,7.605000019073486,7.610000133514404,7.605000019073486,7.610000133514404,450.0
2024-10-25 12:04:00+00:00,RUM,5.840000152587891,5.840000152587891,5.849999904632568,5.840000152587891,5.849999904632568,4637.0
2024-10-25 12:04:00+00:00,RUN,14.479999542236328,14.479999542236328,14.5,14.479999542236328,14.5,3785.0
2024-10-25 12:04:00+00:00,SANM,67.71499633789062,67.71499633789062,67.71499633789062,67.71499633789062,67.71499633789062,114.0
2024-10-25 12:04:00+00:00,SATL,0.9900000095367432,0.9900000095367432,0.9900000095367432,0.9900000095367432,0.9900000095367432,646.0
2024-10-25 12:04:00+00:00,SATS,25.278600692749023,25.278600692749023,25.278600692749023,25.278600692749023,25.278600692749023,764.0
2024-10-25 12:04:00+00:00,SCSC,45.0099983215332,45.0099983215332,45.0099983215332,45.0099983215332,45.0099983215332,314.0
2024-10-25 12:04:00+00:00,SEDG,16.200000762939453,16.200000762939453,16.229999542236328,16.190000534057617,16.209999084472656,9795.0
2024-10-25 12:04:00+00:00,SHLS,5.329999923706055,5.329999923706055,5.335000038146973,5.329999923706055,5.329999923706055,3333.0
2024-10-25 12:04:00+00:00,SIMO,57.1349983215332,57.1349983215332,57.1349983215332,57.1349983215332,57.1349983215332,917.0
2024-10-25 12:04:00+00:00,SLNHP,13.09000015258789,13.09000015258789,13.09000015258789,13.09000015258789,13.09000015258789,700.0
2024-10-25 12:04:00+00:00,SMCI,47.72999954223633,47.72999954223633,47.79999923706055,47.70389938354492,47.70389938354492,154175.0
2024-10-25 12:04:00+00:00,SONO,12.822500228881836,12.822500228881836,12.822500228881836,12.822500228881836,12.822500228881836,1153.0
2024-10-25 12:04:00+00:00,SOUN,5.264999866485596,5.264999866485596,5.269999980926514,5.260000228881836,5.263999938964844,17642.0
2024-10-25 12:04:00+00:00,SOUNW,1.8782000541687012,1.8782000541687012,1.8782000541687012,1.8782000541687012,1.8782000541687012,410.0
2024-10-25 12:04:00+00:00,SPSC,171.69000244140625,171.69000244140625,172.5299072265625,171.69000244140625,172.0800018310547,1814.0
2024-10-25 12:04:00+00:00,SSNC,69.81999969482422,69.81999969482422,69.83999633789062,69.80999755859375,69.80999755859375,5400.0
2024-10-25 12:04:00+00:00,SSYS,7.130000114440918,7.130000114440918,7.130000114440918,7.130000114440918,7.130000114440918,133.0
2024-10-25 12:04:00+00:00,STNE,11.46500015258789,11.46500015258789,11.46500015258789,11.46500015258789,11.46500015258789,1310.0
2024-10-25 12:04:00+00:00,STX,104.02999877929688,104.02999877929688,104.06749725341797,104.0199966430664,104.06749725341797,2444.0
2024-10-25 12:04:00+00:00,SVRE,0.08219999819993973,0.08219999819993973,0.08219999819993973,0.08219999819993973,0.08219999819993973,2635.0
2024-10-25 12:04:00+00:00,SWKS,96.52999877929688,96.52999877929688,96.52999877929688,96.51499938964844,96.5199966430664,1573.0
2024-10-25 12:04:00+00:00,SYNA,73.7750015258789,73.7750015258789,73.7750015258789,73.7750015258789,73.7750015258789,252.0
2024-10-25 12:04:00+00:00,SYTA,1.2899999618530273,1.2899999618530273,1.2899999618530273,1.269700050354004,1.269700050354004,3319.0
2024-10-25 12:04:00+00:00,TENB,41.91999816894531,41.91999816894531,41.95000076293945,41.91999816894531,41.95000076293945,2903.0
2024-10-25 12:04:00+00:00,TER,112.75,112.75,112.8499984741211,112.75,112.8499984741211,3935.0
2024-10-25 12:04:00+00:00,TGL,0.6800000071525574,0.6800000071525574,0.6800000071525574,0.6700000166893005,0.6700000166893005,3200.0
2024-10-25 12:04:00+00:00,TRMB,61.029998779296875,61.029998779296875,61.029998779296875,61.02000045776367,61.029998779296875,731.0
2024-10-25 12:04:00+00:00,TTD,119.3499984741211,119.3499984741211,119.36000061035156,119.3499984741211,119.3550033569336,2238.0
2024-10-25 12:04:00+00:00,TWKS,4.449999809265137,4.449999809265137,4.449999809265137,4.449999809265137,4.449999809265137,1354.0
2024-10-25 12:04:00+00:00,TXN,208.60000610351562,208.60000610351562,208.60000610351562,208.5102996826172,208.5102996826172,4178.0
2024-10-25 12:04:00+00:00,UCTT,36.209999084472656,36.209999084472656,36.209999084472656,36.209999084472656,36.209999084472656,470.0
2024-10-25 12:04:00+00:00,UEIC,8.149999618530273,8.149999618530273,8.149999618530273,8.121000289916992,8.140000343322754,533.0
2024-10-25 12:04:00+00:00,VECO,29.610000610351562,29.610000610351562,29.610000610351562,29.590999603271484,29.590999603271484,1093.0
2024-10-25 12:04:00+00:00,VIAV,9.244999885559082,9.244999885559082,9.25,9.239999771118164,9.239999771118164,5491.0
2024-10-25 12:04:00+00:00,VMEO,4.760000228881836,4.760000228881836,4.760000228881836,4.755000114440918,4.760000228881836,307.0
2024-10-25 12:04:00+00:00,VRNS,56.790000915527344,56.790000915527344,56.79999923706055,56.790000915527344,56.790000915527344,765.0
2024-10-25 12:04:00+00:00,VS,2.5899999141693115,2.5899999141693115,2.5899999141693115,2.5899999141693115,2.5899999141693115,866.0
2024-10-25 12:04:00+00:00,VSAT,10.4399995803833,10.4399995803833,10.441300392150879,10.4399995803833,10.441300392150879,1522.0
2024-10-25 12:04:00+00:00,VUZI,1.319100022315979,1.319100022315979,1.319100022315979,1.315000057220459,1.315000057220459,2015.0
2024-10-25 12:04:00+00:00,WDAY,240.1300048828125,240.1300048828125,240.19500732421875,240.1300048828125,240.19500732421875,1786.0
2024-10-25 12:04:00+00:00,WDC,71.75499725341797,71.75499725341797,71.86000061035156,71.72000122070312,71.75499725341797,31793.0
2024-10-25 12:04:00+00:00,WISA,1.8450000286102295,1.8450000286102295,1.8450000286102295,1.8450000286102295,1.8450000286102295,608.0
2024-10-25 12:04:00+00:00,XPER,9.460000038146973,9.460000038146973,9.460000038146973,9.460000038146973,9.460000038146973,129.0
2024-10-25 12:04:00+00:00,XRX,10.119999885559082,10.119999885559082,10.119999885559082,10.119999885559082,10.119999885559082,120.0
2024-10-25 12:04:00+00:00,ZBRA,362.8299865722656,362.8299865722656,362.8299865722656,362.8299865722656,362.8299865722656,851.0
2024-10-25 12:04:00+00:00,ZI,10.520000457763672,10.520000457763672,10.529999732971191,10.520000457763672,10.529999732971191,2617.0
2024-10-25 12:04:00+00:00,ZM,73.06990051269531,73.06990051269531,73.06990051269531,73.04000091552734,73.05999755859375,830.0
2024-10-25 12:04:00+00:00,ZS,186.10000610351562,186.10000610351562,186.17999267578125,186.0749969482422,186.0749969482422,830.0
2024-10-25 12:05:00+00:00,AAOI,18.129899978637695,18.129899978637695,18.1299991607666,18.110000610351562,18.1200008392334,3964.0
2024-10-25 12:05:00+00:00,AAPL,232.31500244140625,232.31500244140625,232.36000061035156,232.1999969482422,232.2100067138672,53581.0
2024-10-25 12:05:00+00:00,ACLS,90.58999633789062,90.58999633789062,90.63999938964844,90.58999633789062,90.63999938964844,1962.0
2024-10-25 12:05:00+00:00,ACMR,19.924999237060547,19.924999237060547,19.940000534057617,19.91080093383789,19.91080093383789,844.0
2024-10-25 12:05:00+00:00,ADBE,484.8800048828125,484.8800048828125,485.0,484.8800048828125,484.94000244140625,2416.0
2024-10-25 12:05:00+00:00,ADI,233.50999450683594,233.50999450683594,233.50999450683594,233.4199981689453,233.49209594726562,2901.0
2024-10-25 12:05:00+00:00,AEHR,16.940000534057617,16.940000534057617,16.940000534057617,16.940000534057617,16.940000534057617,153.0
2024-10-25 12:05:00+00:00,AFRM,41.58000183105469,41.58000183105469,41.58000183105469,41.537498474121094,41.53799819946289,5781.0
2024-10-25 12:05:00+00:00,AKAM,102.88020324707031,102.88020324707031,102.88020324707031,102.88020324707031,102.88020324707031,896.0
2024-10-25 12:05:00+00:00,AKTS,0.057100001722574234,0.057100001722574234,0.05719999969005585,0.057100001722574234,0.05719999969005585,109645.0
2024-10-25 12:05:00+00:00,ALGM,22.780000686645508,22.780000686645508,22.780000686645508,22.760799407958984,22.770000457763672,2124.0
2024-10-25 12:05:00+00:00,ALTR,104.00499725341797,104.00499725341797,104.01000213623047,104.00499725341797,104.01000213623047,449.0
2024-10-25 12:05:00+00:00,AMAT,188.48500061035156,188.48500061035156,188.52000427246094,188.4499969482422,188.52000427246094,9242.0
2024-10-25 12:05:00+00:00,AMBA,58.43000030517578,58.43000030517578,58.43000030517578,58.29999923706055,58.29999923706055,971.0
2024-10-25 12:05:00+00:00,AMD,157.80999755859375,157.80999755859375,157.8280029296875,157.72799682617188,157.72799682617188,27501.0
2024-10-25 12:05:00+00:00,AMKR,30.139999389648438,30.139999389648438,30.139999389648438,30.139999389648438,30.139999389648438,288.0
2024-10-25 12:05:00+00:00,ANSS,326.0,326.0,326.04998779296875,325.9800109863281,325.9800109863281,1356.0
2024-10-25 12:05:00+00:00,ANY,1.0700000524520874,1.0700000524520874,1.0700000524520874,1.0700000524520874,1.0700000524520874,0.0
2024-10-25 12:05:00+00:00,AOSL,36.560001373291016,36.560001373291016,36.58000183105469,36.560001373291016,36.58000183105469,574.0
2024-10-25 12:05:00+00:00,API,2.8499999046325684,2.8499999046325684,2.8499999046325684,2.8450000286102295,2.8450000286102295,320.0
2024-10-25 12:05:00+00:00,APP,161.4949951171875,161.4949951171875,161.4949951171875,161.43060302734375,161.43060302734375,1060.0
2024-10-25 12:05:00+00:00,APPF,214.9199981689453,214.9199981689453,214.9199981689453,214.5399932861328,214.5399932861328,1226.0
2024-10-25 12:05:00+00:00,APPN,32.290000915527344,32.290000915527344,32.290000915527344,32.290000915527344,32.290000915527344,989.0
2024-10-25 12:05:00+00:00,APPS,3.0850000381469727,3.0850000381469727,3.0850000381469727,3.0850000381469727,3.0850000381469727,224.0
2024-10-25 12:05:00+00:00,ARRY,6.550000190734863,6.550000190734863,6.555500030517578,6.550000190734863,6.554999828338623,1760.0
2024-10-25 12:05:00+00:00,ASML,717.7999877929688,717.7999877929688,717.7999877929688,717.0399780273438,717.0899047851562,5020.0
2024-10-25 12:05:00+00:00,ATOM,3.369999885559082,3.369999885559082,3.369999885559082,3.369999885559082,3.369999885559082,200.0
2024-10-25 12:05:00+00:00,AUR,6.4039998054504395,6.4039998054504395,6.40500020980835,6.4039998054504395,6.40500020980835,2979.0
2024-10-25 12:05:00+00:00,AVDX,8.140000343322754,8.140000343322754,8.140000343322754,8.140000343322754,8.140000343322754,696.0
2024-10-25 12:05:00+00:00,AVGO,176.19000244140625,176.19000244140625,176.27000427246094,176.0684051513672,176.11000061035156,13374.0
2024-10-25 12:05:00+00:00,AVT,54.15999984741211,54.15999984741211,54.15999984741211,54.154998779296875,54.154998779296875,484.0
2024-10-25 12:05:00+00:00,BIGC,5.304999828338623,5.304999828338623,5.304999828338623,5.300000190734863,5.303999900817871,10294.0
2024-10-25 12:05:00+00:00,BRZE,30.829999923706055,30.829999923706055,30.829999923706055,30.829999923706055,30.829999923706055,273.0
2024-10-25 12:05:00+00:00,BSY,49.189998626708984,49.189998626708984,49.189998626708984,49.189998626708984,49.189998626708984,488.0
2024-10-25 12:05:00+00:00,CDNS,259.739990234375,259.739990234375,259.7799987792969,259.7049865722656,259.7300109863281,3781.0
2024-10-25 12:05:00+00:00,CETX,0.2969000041484833,0.2969000041484833,0.2969000041484833,0.2969000041484833,0.2969000041484833,327.0
2024-10-25 12:05:00+00:00,CEVA,24.235000610351562,24.235000610351562,24.235000610351562,24.235000610351562,24.235000610351562,359.0
2024-10-25 12:05:00+00:00,CFLT,22.700000762939453,22.700000762939453,22.719999313354492,22.700000762939453,22.719999313354492,5609.0
2024-10-25 12:05:00+00:00,CGNX,39.02000045776367,39.02000045776367,39.02000045776367,39.02000045776367,39.02000045776367,881.0
2024-10-25 12:05:00+00:00,CHKP,207.57000732421875,207.57000732421875,207.57000732421875,207.57000732421875,207.57000732421875,346.0
2024-10-25 12:05:00+00:00,CLSK,11.911100387573242,11.911100387573242,11.920000076293945,11.895000457763672,11.895000457763672,27849.0
2024-10-25 12:05:00+00:00,CNXC,45.11000061035156,45.11000061035156,45.11000061035156,45.11000061035156,45.11000061035156,1097.0
2024-10-25 12:05:00+00:00,COHR,95.06999969482422,95.06999969482422,95.11000061035156,95.05500030517578,95.06999969482422,1417.0
2024-10-25 12:05:00+00:00,COIN,209.44000244140625,209.44000244140625,209.44000244140625,209.16000366210938,209.2949981689453,13909.0
2024-10-25 12:05:00+00:00,COMM,6.325900077819824,6.325900077819824,6.325900077819824,6.324999809265137,6.324999809265137,414.0
2024-10-25 12:05:00+00:00,CORZ,13.255000114440918,13.255000114440918,13.255000114440918,13.239999771118164,13.25,6451.0
2024-10-25 12:05:00+00:00,CPTNW,0.009499999694526196,0.009499999694526196,0.009499999694526196,0.009499999694526196,0.009499999694526196,0.0
2024-10-25 12:05:00+00:00,CRCT,6.585000038146973,6.585000038146973,6.585000038146973,6.585000038146973,6.585000038146973,201.0
2024-10-25 12:05:00+00:00,CRDO,39.68000030517578,39.68000030517578,39.68000030517578,39.68000030517578,39.68000030517578,176.0
2024-10-25 12:05:00+00:00,CRNC,2.9049999713897705,2.9049999713897705,2.9100000858306885,2.9049999713897705,2.9100000858306885,810.0
2024-10-25 12:05:00+00:00,CRWD,309.5094909667969,309.5094909667969,309.72650146484375,309.46240234375,309.489990234375,8243.0
2024-10-25 12:05:00+00:00,CSCO,55.974998474121094,55.974998474121094,55.97650146484375,55.959999084472656,55.959999084472656,7296.0
2024-10-25 12:05:00+00:00,CSIQ,13.789999961853027,13.789999961853027,13.789999961853027,13.750100135803223,13.750100135803223,11264.0
2024-10-25 12:05:00+00:00,CTLP,8.920000076293945,8.920000076293945,8.925999641418457,8.920000076293945,8.925999641418457,551.0
2024-10-25 12:05:00+00:00,CTSH,74.81500244140625,74.81500244140625,74.81999969482422,74.79000091552734,74.80000305175781,2489.0
2024-10-25 12:05:00+00:00,CYBR,292.2550048828125,292.2550048828125,292.2550048828125,292.2550048828125,292.2550048828125,965.0
2024-10-25 12:05:00+00:00,DBX,26.03499984741211,26.03499984741211,26.03499984741211,26.020000457763672,26.024999618530273,7841.0
2024-10-25 12:05:00+00:00,DDOG,127.41999816894531,127.41999816894531,127.41999816894531,127.34619903564453,127.34619903564453,1829.0
2024-10-25 12:05:00+00:00,DLO,8.8100004196167,8.8100004196167,8.8149995803833,8.8100004196167,8.8149995803833,744.0
2024-10-25 12:05:00+00:00,DOCU,69.80000305175781,69.80000305175781,69.81500244140625,69.80000305175781,69.81500244140625,884.0
2024-10-25 12:05:00+00:00,DSP,11.40999984741211,11.40999984741211,11.40999984741211,11.40999984741211,11.40999984741211,210.0
2024-10-25 12:05:00+00:00,DTSS,2.434999942779541,2.434999942779541,2.434999942779541,2.434999942779541,2.434999942779541,202.0
2024-10-25 12:05:00+00:00,ENPH,83.94999694824219,83.94999694824219,83.94999694824219,83.83000183105469,83.9000015258789,3051.0
2024-10-25 12:05:00+00:00,ENTG,105.7750015258789,105.7750015258789,105.7750015258789,105.7750015258789,105.7750015258789,118.0
2024-10-25 12:05:00+00:00,ERIC,8.484999656677246,8.484999656677246,8.488800048828125,8.484999656677246,8.488800048828125,13076.0
2024-10-25 12:05:00+00:00,EXFY,1.7350000143051147,1.7350000143051147,1.7350000143051147,1.7300000190734863,1.7300000190734863,771.0
2024-10-25 12:05:00+00:00,EXLS,38.900001525878906,38.900001525878906,38.904598236083984,38.900001525878906,38.904598236083984,448.0
2024-10-25 12:05:00+00:00,EXTR,14.494999885559082,14.494999885559082,14.5,14.494999885559082,14.5,316.0
2024-10-25 12:05:00+00:00,FFIV,216.5749969482422,216.5749969482422,216.5749969482422,216.5749969482422,216.5749969482422,547.0
2024-10-25 12:05:00+00:00,FIVN,30.1200008392334,30.1200008392334,30.15999984741211,30.1200008392334,30.15999984741211,734.0
2024-10-25 12:05:00+00:00,FLEX,35.33000183105469,35.33000183105469,35.349998474121094,35.33000183105469,35.33000183105469,2485.0
2024-10-25 12:05:00+00:00,FRSH,11.694999694824219,11.694999694824219,11.694999694824219,11.694999694824219,11.694999694824219,1012.0
2024-10-25 12:05:00+00:00,FSLR,200.52000427246094,200.52000427246094,200.63999938964844,200.30050659179688,200.30050659179688,2464.0
2024-10-25 12:05:00+00:00,FTCI,0.6797000169754028,0.6797000169754028,0.6797000169754028,0.6797000169754028,0.6797000169754028,339.0
2024-10-25 12:05:00+00:00,FTNT,81.37999725341797,81.37999725341797,81.37999725341797,81.36000061035156,81.36000061035156,2485.0
2024-10-25 12:05:00+00:00,GCT,24.90999984741211,24.90999984741211,24.920000076293945,24.90999984741211,24.920000076293945,498.0
2024-10-25 12:05:00+00:00,GDYN,15.595000267028809,15.595000267028809,15.595000267028809,15.59000015258789,15.59000015258789,402.0
2024-10-25 12:05:00+00:00,GFS,41.5,41.5,41.5,41.5,41.5,856.0
2024-10-25 12:05:00+00:00,GPRO,1.3350000381469727,1.3350000381469727,1.340000033378601,1.3350000381469727,1.340000033378601,515.0
2024-10-25 12:05:00+00:00,GRAB,4.085000038146973,4.085000038146973,4.090000152587891,4.079999923706055,4.090000152587891,6397.0
2024-10-25 12:05:00+00:00,GRRR,4.5,4.5,4.5,4.489999771118164,4.489999771118164,10009.0
2024-10-25 12:05:00+00:00,GSIT,3.51990008354187,3.51990008354187,3.51990008354187,3.515399932861328,3.515399932861328,4200.0
2024-10-25 12:05:00+00:00,GTLB,55.61000061035156,55.61000061035156,55.650001525878906,55.61000061035156,55.650001525878906,2004.0
2024-10-25 12:05:00+00:00,HCP,33.69499969482422,33.69499969482422,33.70000076293945,33.69499969482422,33.70000076293945,1205.0
2024-10-25 12:05:00+00:00,HEAR,16.6200008392334,16.6200008392334,16.6200008392334,16.606000900268555,16.606000900268555,2010.0
2024-10-25 12:05:00+00:00,HIMX,6.204999923706055,6.204999923706055,6.204999923706055,6.204999923706055,6.204999923706055,1191.0
2024-10-25 12:05:00+00:00,HLIT,14.78499984741211,14.78499984741211,14.78499984741211,14.78499984741211,14.78499984741211,619.0
2024-10-25 12:05:00+00:00,HOLO,3.6700000762939453,3.6700000762939453,3.690000057220459,3.660399913787842,3.6898999214172363,15078.0
2024-10-25 12:05:00+00:00,HOOD,27.270000457763672,27.270000457763672,27.295000076293945,27.264999389648438,27.295000076293945,13460.0
2024-10-25 12:05:00+00:00,IBEX,18.125,18.125,18.125,18.125,18.125,243.0
2024-10-25 12:05:00+00:00,INDI,3.5899999141693115,3.5899999141693115,3.5899999141693115,3.5848000049591064,3.5848000049591064,1566.0
2024-10-25 12:05:00+00:00,INFN,6.800000190734863,6.800000190734863,6.800000190734863,6.789999961853027,6.795000076293945,837.0
2024-10-25 12:05:00+00:00,INTC,23.163299560546875,23.163299560546875,23.170000076293945,23.142799377441406,23.145000457763672,51829.0
2024-10-25 12:05:00+00:00,IPGP,76.86000061035156,76.86000061035156,76.9000015258789,76.81999969482422,76.9000015258789,1325.0
2024-10-25 12:05:00+00:00,KC,2.7149999141693115,2.7149999141693115,2.7149999141693115,2.7149999141693115,2.7149999141693115,2053.0
2024-10-25 12:05:00+00:00,KLAC,681.3900146484375,681.3900146484375,681.3900146484375,680.8200073242188,680.8200073242188,749.0
2024-10-25 12:05:00+00:00,KLIC,44.45000076293945,44.45000076293945,44.45000076293945,44.44499969482422,44.44499969482422,303.0
2024-10-25 12:05:00+00:00,KOPN,0.777899980545044,0.777899980545044,0.777899980545044,0.777899980545044,0.777899980545044,200.0
2024-10-25 12:05:00+00:00,KOSS,7.381899833679199,7.381899833679199,7.381899833679199,7.381899833679199,7.381899833679199,207.0
2024-10-25 12:05:00+00:00,LITE,64.41500091552734,64.41500091552734,64.44000244140625,64.4021987915039,64.4021987915039,1376.0
2024-10-25 12:05:00+00:00,LOGI,81.20500183105469,81.20500183105469,81.20500183105469,81.20500183105469,81.20500183105469,134.0
2024-10-25 12:05:00+00:00,LRCX,79.18000030517578,79.18000030517578,79.18000030517578,79.125,79.12999725341797,8831.0
2024-10-25 12:05:00+00:00,LSCC,54.40999984741211,54.40999984741211,54.40999984741211,54.40999984741211,54.40999984741211,1080.0
2024-10-25 12:05:00+00:00,LTRX,4.059899806976318,4.059899806976318,4.059899806976318,4.059899806976318,4.059899806976318,2875.0
2024-10-25 12:05:00+00:00,LYFT,13.8100004196167,13.8100004196167,13.8100004196167,13.789999961853027,13.805000305175781,14402.0
2024-10-25 12:05:00+00:00,MAPS,0.8499000072479248,0.8499000072479248,0.8499000072479248,0.8499000072479248,0.8499000072479248,1375.0
2024-10-25 12:05:00+00:00,MARK,0.1062999963760376,0.1062999963760376,0.1062999963760376,0.1062999963760376,0.1062999963760376,400.0
2024-10-25 12:05:00+00:00,MAXN,5.7342000007629395,5.7342000007629395,5.739999771118164,5.7342000007629395,5.739999771118164,432.0
2024-10-25 12:05:00+00:00,MCHP,77.07890319824219,77.07890319824219,77.08000183105469,77.05999755859375,77.05999755859375,2925.0
2024-10-25 12:05:00+00:00,MKSI,101.0,101.0,101.0,101.0,101.0,310.0
2024-10-25 12:05:00+00:00,MNDY,299.9200134277344,299.9200134277344,300.260009765625,299.9049987792969,300.260009765625,7933.0
2024-10-25 12:05:00+00:00,MPWR,918.5499877929688,918.5499877929688,918.5499877929688,918.5499877929688,918.5499877929688,1020.0
2024-10-25 12:05:00+00:00,MQ,5.264999866485596,5.264999866485596,5.269999980926514,5.264999866485596,5.264999866485596,1038.0
2024-10-25 12:05:00+00:00,MRVL,82.43000030517578,82.43000030517578,82.43000030517578,82.38999938964844,82.38999938964844,9056.0
2024-10-25 12:05:00+00:00,MSFT,430.0799865722656,430.0799865722656,430.0799865722656,429.79998779296875,429.80999755859375,11976.0
2024-10-25 12:05:00+00:00,MSTR,239.5601043701172,239.5601043701172,239.89830017089844,239.3000946044922,239.50379943847656,31631.0
2024-10-25 12:05:00+00:00,MU,109.23999786376953,109.23999786376953,109.26499938964844,109.19010162353516,109.20999908447266,17855.0
2024-10-25 12:05:00+00:00,MVIS,1.100000023841858,1.100000023841858,1.100000023841858,1.0986000299453735,1.0986000299453735,351.0
2024-10-25 12:05:00+00:00,MXL,14.989999771118164,14.989999771118164,15.005000114440918,14.989999771118164,15.0,6768.0
2024-10-25 12:05:00+00:00,NCNO,37.73500061035156,37.73500061035156,37.73500061035156,37.73500061035156,37.73500061035156,663.0
2024-10-25 12:05:00+00:00,NICE,176.35000610351562,176.35000610351562,176.35000610351562,176.35000610351562,176.35000610351562,279.0
2024-10-25 12:05:00+00:00,NTAP,120.36499786376953,120.36499786376953,120.36499786376953,120.36000061035156,120.36000061035156,1070.0
2024-10-25 12:05:00+00:00,NTNX,62.30500030517578,62.30500030517578,62.30500030517578,62.290000915527344,62.290000915527344,1434.0
2024-10-25 12:05:00+00:00,NVDA,143.64500427246094,143.64500427246094,143.70989990234375,143.61000061035156,143.70989990234375,156553.0
2024-10-25 12:05:00+00:00,NVMI,184.72000122070312,184.72000122070312,184.72000122070312,184.72000122070312,184.72000122070312,217.0
2024-10-25 12:05:00+00:00,NVTS,2.5850000381469727,2.5850000381469727,2.5850000381469727,2.5850000381469727,2.5850000381469727,1.0
2024-10-25 12:05:00+00:00,NXPI,245.17999267578125,245.17999267578125,245.17999267578125,244.85499572753906,244.85499572753906,2896.0
2024-10-25 12:05:00+00:00,ON,71.81999969482422,71.81999969482422,71.83000183105469,71.77999877929688,71.77999877929688,10207.0
2024-10-25 12:05:00+00:00,ONDS,0.8600999712944031,0.8600999712944031,0.8600999712944031,0.8600999712944031,0.8600999712944031,2120.0
2024-10-25 12:05:00+00:00,OSPN,14.649999618530273,14.649999618530273,14.649999618530273,14.649999618530273,14.649999618530273,1292.0
2024-10-25 12:05:00+00:00,OTEX,33.35329818725586,33.35329818725586,33.35329818725586,33.35150146484375,33.35150146484375,1264.0
2024-10-25 12:05:00+00:00,PAYO,8.295000076293945,8.295000076293945,8.295000076293945,8.295000076293945,8.295000076293945,1400.0
2024-10-25 12:05:00+00:00,PCTY,173.49000549316406,173.49000549316406,173.49000549316406,173.49000549316406,173.49000549316406,2076.0
2024-10-25 12:05:00+00:00,PEGA,80.26000213623047,80.26000213623047,80.26000213623047,80.26000213623047,80.26000213623047,1302.0
2024-10-25 12:05:00+00:00,PGY,11.829999923706055,11.829999923706055,11.84000015258789,11.829999923706055,11.84000015258789,268.0
2024-10-25 12:05:00+00:00,PHUN,10.194999694824219,10.194999694824219,10.220000267028809,10.160099983215332,10.169899940490723,116199.0
2024-10-25 12:05:00+00:00,PRGS,64.80500030517578,64.80500030517578,64.80500030517578,64.80500030517578,64.80500030517578,7455.0
2024-10-25 12:05:00+00:00,PTC,186.66000366210938,186.66000366210938,186.67999267578125,186.66000366210938,186.67999267578125,676.0
2024-10-25 12:05:00+00:00,PUBM,14.927200317382812,14.927200317382812,14.927200317382812,14.927200317382812,14.927200317382812,507.0
2024-10-25 12:05:00+00:00,PYCR,14.329999923706055,14.329999923706055,14.354999542236328,14.329999923706055,14.354999542236328,1603.0
2024-10-25 12:05:00+00:00,QCOM,172.71499633789062,172.71499633789062,172.7449951171875,172.68060302734375,172.69000244140625,5903.0
2024-10-25 12:05:00+00:00,QRVO,100.25250244140625,100.25250244140625,100.25250244140625,100.23500061035156,100.23500061035156,797.0
2024-10-25 12:05:00+00:00,QUBT,1.065000057220459,1.065000057220459,1.065000057220459,1.065000057220459,1.065000057220459,360.0
2024-10-25 12:05:00+00:00,QUIK,8.6850004196167,8.6850004196167,8.6850004196167,8.6850004196167,8.6850004196167,200.0
2024-10-25 12:05:00+00:00,RCAT,2.744999885559082,2.744999885559082,2.744999885559082,2.744999885559082,2.744999885559082,2000.0
2024-10-25 12:05:00+00:00,RGTI,1.2200000286102295,1.2200000286102295,1.2200000286102295,1.2100000381469727,1.2100000381469727,24745.0
2024-10-25 12:05:00+00:00,RIOT,10.045000076293945,10.045000076293945,10.050000190734863,10.039999961853027,10.045000076293945,12901.0
2024-10-25 12:05:00+00:00,RMBS,43.54999923706055,43.54999923706055,43.54999923706055,43.52000045776367,43.52000045776367,816.0
2024-10-25 12:05:00+00:00,RUM,5.835000038146973,5.835000038146973,5.835000038146973,5.829999923706055,5.829999923706055,1866.0
2024-10-25 12:05:00+00:00,RUN,14.479999542236328,14.479999542236328,14.489999771118164,14.479999542236328,14.489999771118164,3607.0
2024-10-25 12:05:00+00:00,SCSC,45.005001068115234,45.005001068115234,45.005001068115234,45.005001068115234,45.005001068115234,967.0
2024-10-25 12:05:00+00:00,SEDG,16.184999465942383,16.184999465942383,16.190000534057617,16.171600341796875,16.18000030517578,8869.0
2024-10-25 12:05:00+00:00,SHLS,5.339900016784668,5.339900016784668,5.339900016784668,5.329999923706055,5.329999923706055,2478.0
2024-10-25 12:05:00+00:00,SIMO,57.13999938964844,57.13999938964844,57.13999938964844,57.13999938964844,57.13999938964844,461.0
2024-10-25 12:05:00+00:00,SMCI,47.75,47.75,47.77000045776367,47.68000030517578,47.720001220703125,26427.0
2024-10-25 12:05:00+00:00,SMTC,45.95800018310547,45.95800018310547,45.95800018310547,45.95800018310547,45.95800018310547,107.0
2024-10-25 12:05:00+00:00,SNPS,503.7650146484375,503.7650146484375,503.7650146484375,503.56500244140625,503.6600036621094,1021.0
2024-10-25 12:05:00+00:00,SONO,12.819999694824219,12.819999694824219,12.829999923706055,12.819999694824219,12.819999694824219,1782.0
2024-10-25 12:05:00+00:00,SOUN,5.264999866485596,5.264999866485596,5.269899845123291,5.261000156402588,5.267600059509277,17700.0
2024-10-25 12:05:00+00:00,SOUNW,1.8918999433517456,1.8918999433517456,1.899999976158142,1.8912999629974365,1.899999976158142,2300.0
2024-10-25 12:05:00+00:00,SPSC,171.2899932861328,171.2899932861328,171.7100067138672,171.2899932861328,171.66000366210938,3350.0
2024-10-25 12:05:00+00:00,SRAD,12.360099792480469,12.360099792480469,12.366000175476074,12.360099792480469,12.366000175476074,875.0
2024-10-25 12:05:00+00:00,SSNC,69.80999755859375,69.80999755859375,69.81999969482422,69.80999755859375,69.81999969482422,3823.0
2024-10-25 12:05:00+00:00,STNE,11.46500015258789,11.46500015258789,11.46500015258789,11.46500015258789,11.46500015258789,732.0
2024-10-25 12:05:00+00:00,STX,104.00499725341797,104.00499725341797,104.02200317382812,103.98069763183594,103.98069763183594,2433.0
2024-10-25 12:05:00+00:00,SVRE,0.08250000327825546,0.08250000327825546,0.08269999921321869,0.08250000327825546,0.08269999921321869,2716.0
2024-10-25 12:05:00+00:00,SWKS,96.54000091552734,96.54000091552734,96.54000091552734,96.54000091552734,96.54000091552734,613.0
2024-10-25 12:05:00+00:00,SYTA,1.2999000549316406,1.2999000549316406,1.2999000549316406,1.2898999452590942,1.2899999618530273,7353.0
2024-10-25 12:05:00+00:00,TEAM,189.86000061035156,189.86000061035156,189.86000061035156,189.86000061035156,189.86000061035156,263.0
2024-10-25 12:05:00+00:00,TER,112.83999633789062,112.83999633789062,112.83999633789062,112.78500366210938,112.78500366210938,3510.0
2024-10-25 12:05:00+00:00,TRMB,61.025001525878906,61.025001525878906,61.025001525878906,61.025001525878906,61.025001525878906,294.0
2024-10-25 12:05:00+00:00,TTD,119.4280014038086,119.4280014038086,119.44000244140625,119.3499984741211,119.3499984741211,5335.0
2024-10-25 12:05:00+00:00,TWKS,4.449999809265137,4.449999809265137,4.449999809265137,4.449999809265137,4.449999809265137,400.0
2024-10-25 12:05:00+00:00,TXN,208.7899932861328,208.7899932861328,208.7899932861328,208.61000061035156,208.61000061035156,3906.0
2024-10-25 12:05:00+00:00,VCSA,2.430299997329712,2.430299997329712,2.430299997329712,2.430299997329712,2.430299997329712,1111.0
2024-10-25 12:05:00+00:00,VERI,3.4200000762939453,3.4200000762939453,3.4200000762939453,3.4200000762939453,3.4200000762939453,745.0
2024-10-25 12:05:00+00:00,VERX,42.220001220703125,42.220001220703125,42.220001220703125,42.220001220703125,42.220001220703125,655.0
2024-10-25 12:05:00+00:00,VIAV,9.255000114440918,9.255000114440918,9.255000114440918,9.25,9.25,1875.0
2024-10-25 12:05:00+00:00,VICR,46.58000183105469,46.58000183105469,46.58000183105469,46.58000183105469,46.58000183105469,153.0
2024-10-25 12:05:00+00:00,VMEO,4.755000114440918,4.755000114440918,4.760000228881836,4.755000114440918,4.760000228881836,240.0
2024-10-25 12:05:00+00:00,VNET,3.4549999237060547,3.4549999237060547,3.4549999237060547,3.444999933242798,3.450000047683716,4347.0
2024-10-25 12:05:00+00:00,VRNS,56.77000045776367,56.77000045776367,56.77000045776367,56.77000045776367,56.77000045776367,532.0
2024-10-25 12:05:00+00:00,VRNT,22.170000076293945,22.170000076293945,22.170000076293945,22.170000076293945,22.170000076293945,1091.0
2024-10-25 12:05:00+00:00,VRSN,185.6300048828125,185.6300048828125,185.74000549316406,185.6300048828125,185.6300048828125,1503.0
2024-10-25 12:05:00+00:00,VSAT,10.399999618530273,10.399999618530273,10.430000305175781,10.399999618530273,10.430000305175781,5798.0
2024-10-25 12:05:00+00:00,VUZI,1.3040000200271606,1.3040000200271606,1.315000057220459,1.2999999523162842,1.315000057220459,36793.0
2024-10-25 12:05:00+00:00,WDAY,240.19500732421875,240.19500732421875,240.19500732421875,240.156005859375,240.156005859375,943.0
2024-10-25 12:05:00+00:00,WDC,71.80000305175781,71.80000305175781,71.80000305175781,71.7249984741211,71.75,20441.0
2024-10-25 12:05:00+00:00,WISA,1.850000023841858,1.850000023841858,1.850000023841858,1.840000033378601,1.8450000286102295,1952.0
2024-10-25 12:05:00+00:00,XRX,10.109999656677246,10.109999656677246,10.109999656677246,10.109999656677246,10.109999656677246,586.0
2024-10-25 12:05:00+00:00,ZI,10.515000343322754,10.515000343322754,10.524999618530273,10.515000343322754,10.520000457763672,11430.0
2024-10-25 12:05:00+00:00,ZM,73.02999877929688,73.02999877929688,73.06999969482422,73.02999877929688,73.06999969482422,3179.0
2024-10-25 12:05:00+00:00,ZS,186.1699981689453,186.1699981689453,186.1699981689453,186.1699981689453,186.1699981689453,821.0
2024-10-25 12:06:00+00:00,AAOI,18.18000030517578,18.18000030517578,18.18000030517578,18.142000198364258,18.149999618530273,2977.0
2024-10-25 12:06:00+00:00,AAPL,232.35989379882812,232.35989379882812,232.4093017578125,232.31399536132812,232.31399536132812,57530.0
2024-10-25 12:06:00+00:00,ACMR,19.939899444580078,19.939899444580078,19.939899444580078,19.93000030517578,19.93000030517578,894.0
2024-10-25 12:06:00+00:00,ADBE,485.2799987792969,485.2799987792969,485.2799987792969,485.17999267578125,485.17999267578125,1673.0
2024-10-25 12:06:00+00:00,ADSK,286.79998779296875,286.79998779296875,286.8500061035156,286.79998779296875,286.80999755859375,2400.0
2024-10-25 12:06:00+00:00,AFRM,41.56999969482422,41.56999969482422,41.59000015258789,41.540000915527344,41.59000015258789,6028.0
2024-10-25 12:06:00+00:00,AKAM,102.90499877929688,102.90499877929688,102.90499877929688,102.9000015258789,102.9000015258789,373.0
2024-10-25 12:06:00+00:00,AKTS,0.057100001722574234,0.057100001722574234,0.057100001722574234,0.057100001722574234,0.057100001722574234,0.0
2024-10-25 12:06:00+00:00,ALGM,22.75,22.75,22.780000686645508,22.75,22.780000686645508,8109.0
2024-10-25 12:06:00+00:00,ALTR,104.0,104.0,104.0,104.0,104.0,832.0
2024-10-25 12:06:00+00:00,AMAT,188.4550018310547,188.4550018310547,188.50999450683594,188.4149932861328,188.48500061035156,5977.0
2024-10-25 12:06:00+00:00,AMD,157.63999938964844,157.63999938964844,157.82000732421875,157.63999938964844,157.82000732421875,34645.0
2024-10-25 12:06:00+00:00,AMKR,30.149999618530273,30.149999618530273,30.149999618530273,30.149999618530273,30.149999618530273,2043.0
2024-10-25 12:06:00+00:00,AMPL,9.234999656677246,9.234999656677246,9.241999626159668,9.234999656677246,9.241999626159668,2079.0
2024-10-25 12:06:00+00:00,ANSS,326.1300048828125,326.1300048828125,326.1300048828125,326.1300048828125,326.1300048828125,649.0
2024-10-25 12:06:00+00:00,API,2.8450000286102295,2.8450000286102295,2.8499999046325684,2.8450000286102295,2.8499999046325684,1300.0
2024-10-25 12:06:00+00:00,APP,161.6300048828125,161.6300048828125,161.6300048828125,161.57119750976562,161.58999633789062,1874.0
2024-10-25 12:06:00+00:00,ARRY,6.554100036621094,6.554100036621094,6.559999942779541,6.550000190734863,6.550099849700928,19386.0
2024-10-25 12:06:00+00:00,ASML,717.1799926757812,717.1799926757812,717.489990234375,717.1799926757812,717.489990234375,812.0
2024-10-25 12:06:00+00:00,AUR,6.440000057220459,6.440000057220459,6.440000057220459,6.40500020980835,6.40500020980835,20731.0
2024-10-25 12:06:00+00:00,AUUD,0.6438999772071838,0.6438999772071838,0.6438999772071838,0.6438999772071838,0.6438999772071838,0.0
2024-10-25 12:06:00+00:00,AVDX,8.140000343322754,8.140000343322754,8.140000343322754,8.140000343322754,8.140000343322754,139.0
2024-10-25 12:06:00+00:00,AVGO,176.13999938964844,176.13999938964844,176.25,176.10000610351562,176.2100067138672,11730.0
2024-10-25 12:06:00+00:00,AVPT,12.029999732971191,12.029999732971191,12.029999732971191,12.015000343322754,12.015000343322754,1085.0
2024-10-25 12:06:00+00:00,AVT,54.165000915527344,54.165000915527344,54.165000915527344,54.165000915527344,54.165000915527344,351.0
2024-10-25 12:06:00+00:00,AXTI,2.694999933242798,2.694999933242798,2.694999933242798,2.694999933242798,2.694999933242798,100.0
2024-10-25 12:06:00+00:00,BEEM,4.929999828338623,4.929999828338623,4.929999828338623,4.895899772644043,4.895899772644043,2463.0
2024-10-25 12:06:00+00:00,BIGC,5.300000190734863,5.300000190734863,5.300000190734863,5.300000190734863,5.300000190734863,4032.0
2024-10-25 12:06:00+00:00,BMBL,7.244999885559082,7.244999885559082,7.244999885559082,7.239999771118164,7.239999771118164,712.0
2024-10-25 12:06:00+00:00,BSY,49.20000076293945,49.20000076293945,49.20000076293945,49.20000076293945,49.20000076293945,427.0
2024-10-25 12:06:00+00:00,CAMT,78.5,78.5,78.5,78.38749694824219,78.38999938964844,3342.0
2024-10-25 12:06:00+00:00,CDNS,259.8800048828125,259.8800048828125,259.8999938964844,259.7699890136719,259.7699890136719,1076.0
2024-10-25 12:06:00+00:00,CDW,219.2550048828125,219.2550048828125,219.2550048828125,219.2100067138672,219.25,647.0
2024-10-25 12:06:00+00:00,CETX,0.2980000078678131,0.2980000078678131,0.2980000078678131,0.29660001397132874,0.29660001397132874,4426.0
2024-10-25 12:06:00+00:00,CFLT,22.690000534057617,22.690000534057617,22.700000762939453,22.684999465942383,22.700000762939453,1384.0
2024-10-25 12:06:00+00:00,CHKP,207.72000122070312,207.72000122070312,207.72000122070312,207.72000122070312,207.72000122070312,470.0
2024-10-25 12:06:00+00:00,CLSK,11.890000343322754,11.890000343322754,11.920000076293945,11.883999824523926,11.90999984741211,53065.0
2024-10-25 12:06:00+00:00,COHR,95.05999755859375,95.05999755859375,95.18000030517578,95.05999755859375,95.11000061035156,4468.0
2024-10-25 12:06:00+00:00,COIN,209.125,209.125,209.41000366210938,209.08999633789062,209.41000366210938,8785.0
2024-10-25 12:06:00+00:00,COMM,6.324999809265137,6.324999809265137,6.324999809265137,6.324999809265137,6.324999809265137,819.0
2024-10-25 12:06:00+00:00,CORZ,13.255999565124512,13.255999565124512,13.270000457763672,13.255999565124512,13.265999794006348,7470.0
2024-10-25 12:06:00+00:00,CRDO,39.709999084472656,39.709999084472656,39.709999084472656,39.68000030517578,39.709999084472656,3488.0
2024-10-25 12:06:00+00:00,CRNC,2.9049999713897705,2.9049999713897705,2.9049999713897705,2.900899887084961,2.900899887084961,842.0
2024-10-25 12:06:00+00:00,CRSR,6.445000171661377,6.445000171661377,6.445000171661377,6.445000171661377,6.445000171661377,591.0
2024-10-25 12:06:00+00:00,CRWD,309.8656005859375,309.8656005859375,309.9599914550781,309.68719482421875,309.68719482421875,3585.0
2024-10-25 12:06:00+00:00,CSCO,55.99599838256836,55.99599838256836,55.99599838256836,55.97999954223633,55.97999954223633,7358.0
2024-10-25 12:06:00+00:00,CSIQ,13.75,13.75,13.789999961853027,13.75,13.789999961853027,5056.0
2024-10-25 12:06:00+00:00,CTSH,74.8550033569336,74.8550033569336,74.86000061035156,74.8499984741211,74.86000061035156,1576.0
2024-10-25 12:06:00+00:00,DAKT,13.1899995803833,13.1899995803833,13.1899995803833,13.1899995803833,13.1899995803833,520.0
2024-10-25 12:06:00+00:00,DBX,26.045000076293945,26.045000076293945,26.049999237060547,26.03499984741211,26.03499984741211,4189.0
2024-10-25 12:06:00+00:00,DDOG,127.46710205078125,127.46710205078125,127.46710205078125,127.46710205078125,127.46710205078125,1532.0
2024-10-25 12:06:00+00:00,DGHI,1.5791000127792358,1.5791000127792358,1.600000023841858,1.5702999830245972,1.600000023841858,3891.0
2024-10-25 12:06:00+00:00,DLO,8.8149995803833,8.8149995803833,8.8149995803833,8.8149995803833,8.8149995803833,249.0
2024-10-25 12:06:00+00:00,DOCU,69.80999755859375,69.80999755859375,69.80999755859375,69.75,69.7699966430664,1496.0
2024-10-25 12:06:00+00:00,ENPH,83.94400024414062,83.94400024414062,84.04989624023438,83.9000015258789,83.98999786376953,8996.0
2024-10-25 12:06:00+00:00,ENTG,105.80000305175781,105.80000305175781,105.80000305175781,105.80000305175781,105.80000305175781,1143.0
2024-10-25 12:06:00+00:00,ERIC,8.484999656677246,8.484999656677246,8.489899635314941,8.484000205993652,8.484999656677246,71866.0
2024-10-25 12:06:00+00:00,EXFY,1.7350000143051147,1.7350000143051147,1.7350000143051147,1.7350000143051147,1.7350000143051147,0.0
2024-10-25 12:06:00+00:00,EXLS,38.88999938964844,38.88999938964844,38.88999938964844,38.88999938964844,38.88999938964844,676.0
2024-10-25 12:06:00+00:00,EXTR,14.494999885559082,14.494999885559082,14.494999885559082,14.494999885559082,14.494999885559082,188.0
2024-10-25 12:06:00+00:00,FCUV,0.25999999046325684,0.25999999046325684,0.25999999046325684,0.2581000030040741,0.2581000030040741,702.0
2024-10-25 12:06:00+00:00,FIVN,30.1299991607666,30.1299991607666,30.1299991607666,30.1200008392334,30.1200008392334,917.0
2024-10-25 12:06:00+00:00,FLEX,35.33000183105469,35.33000183105469,35.34000015258789,35.33000183105469,35.34000015258789,1562.0
2024-10-25 12:06:00+00:00,FORM,45.29999923706055,45.29999923706055,45.31999969482422,45.29999923706055,45.31999969482422,723.0
2024-10-25 12:06:00+00:00,FROG,29.405000686645508,29.405000686645508,29.405000686645508,29.405000686645508,29.405000686645508,157.0
2024-10-25 12:06:00+00:00,FRSH,11.6899995803833,11.6899995803833,11.6899995803833,11.6899995803833,11.6899995803833,299.0
2024-10-25 12:06:00+00:00,FSLR,200.51499938964844,200.51499938964844,200.52780151367188,200.50999450683594,200.52780151367188,2449.0
2024-10-25 12:06:00+00:00,FTCI,0.6735000014305115,0.6735000014305115,0.6796000003814697,0.6735000014305115,0.6796000003814697,2732.0
2024-10-25 12:06:00+00:00,FTNT,81.43000030517578,81.43000030517578,81.43000030517578,81.4000015258789,81.4000015258789,2316.0
2024-10-25 12:06:00+00:00,GCT,24.959999084472656,24.959999084472656,24.969999313354492,24.940000534057617,24.940000534057617,4180.0
2024-10-25 12:06:00+00:00,GDYN,15.595000267028809,15.595000267028809,15.595000267028809,15.595000267028809,15.595000267028809,107.0
2024-10-25 12:06:00+00:00,GFS,41.505001068115234,41.505001068115234,41.5099983215332,41.505001068115234,41.5099983215332,721.0
2024-10-25 12:06:00+00:00,GPRO,1.3350000381469727,1.3350000381469727,1.3350000381469727,1.330299973487854,1.330299973487854,2090.0
2024-10-25 12:06:00+00:00,GRAB,4.085000038146973,4.085000038146973,4.085000038146973,4.085000038146973,4.085000038146973,2239.0
2024-10-25 12:06:00+00:00,GRRR,4.492000102996826,4.492000102996826,4.492000102996826,4.492000102996826,4.492000102996826,431.0
2024-10-25 12:06:00+00:00,GSIT,3.509999990463257,3.509999990463257,3.509999990463257,3.509999990463257,3.509999990463257,0.0
2024-10-25 12:06:00+00:00,GTLB,55.61000061035156,55.61000061035156,55.61000061035156,55.58000183105469,55.58000183105469,2024.0
2024-10-25 12:06:00+00:00,HCP,33.69990158081055,33.69990158081055,33.69990158081055,33.69499969482422,33.69499969482422,1138.0
2024-10-25 12:06:00+00:00,HLIT,14.779999732971191,14.779999732971191,14.78499984741211,14.779999732971191,14.78499984741211,1319.0
2024-10-25 12:06:00+00:00,HOLO,3.640000104904175,3.640000104904175,3.690000057220459,3.640000104904175,3.6700000762939453,3497.0
2024-10-25 12:06:00+00:00,HOOD,27.236000061035156,27.236000061035156,27.270000457763672,27.219999313354492,27.270000457763672,6253.0
2024-10-25 12:06:00+00:00,IMTE,1.7100000381469727,1.7100000381469727,1.7100000381469727,1.6799999475479126,1.6799999475479126,1695.0
2024-10-25 12:06:00+00:00,INDI,3.5799999237060547,3.5799999237060547,3.5899999141693115,3.5799999237060547,3.5899999141693115,8479.0
2024-10-25 12:06:00+00:00,INOD,19.90999984741211,19.90999984741211,19.920000076293945,19.90999984741211,19.920000076293945,841.0
2024-10-25 12:06:00+00:00,INTA,50.09000015258789,50.09000015258789,50.09000015258789,50.09000015258789,50.09000015258789,361.0
2024-10-25 12:06:00+00:00,INTC,23.165000915527344,23.165000915527344,23.170000076293945,23.16200065612793,23.1697998046875,18965.0
2024-10-25 12:06:00+00:00,IPGP,76.87999725341797,76.87999725341797,76.87999725341797,76.87999725341797,76.87999725341797,227.0
2024-10-25 12:06:00+00:00,ITI,7.195799827575684,7.195799827575684,7.195799827575684,7.195799827575684,7.195799827575684,701.0
2024-10-25 12:06:00+00:00,JAMF,16.829999923706055,16.829999923706055,16.829999923706055,16.829999923706055,16.829999923706055,148.0
2024-10-25 12:06:00+00:00,KC,2.7149999141693115,2.7149999141693115,2.7149999141693115,2.7149999141693115,2.7149999141693115,586.0
2024-10-25 12:06:00+00:00,KLAC,681.4149780273438,681.4149780273438,681.510009765625,681.4149780273438,681.510009765625,685.0
2024-10-25 12:06:00+00:00,KLIC,44.39500045776367,44.39500045776367,44.439998626708984,44.39500045776367,44.439998626708984,1261.0
2024-10-25 12:06:00+00:00,KOPN,0.777899980545044,0.777899980545044,0.777899980545044,0.777899980545044,0.777899980545044,1900.0
2024-10-25 12:06:00+00:00,KOSS,7.404600143432617,7.404600143432617,7.404600143432617,7.404600143432617,7.404600143432617,133.0
2024-10-25 12:06:00+00:00,LINK,4.74429988861084,4.74429988861084,4.74429988861084,4.74429988861084,4.74429988861084,777.0
2024-10-25 12:06:00+00:00,LITE,64.41459655761719,64.41459655761719,64.41459655761719,64.41459655761719,64.41459655761719,448.0
2024-10-25 12:06:00+00:00,LOGI,81.23500061035156,81.23500061035156,81.23999786376953,81.23500061035156,81.23999786376953,578.0
2024-10-25 12:06:00+00:00,LPSN,1.1780999898910522,1.1780999898910522,1.1780999898910522,1.1780999898910522,1.1780999898910522,183.0
2024-10-25 12:06:00+00:00,LRCX,79.12999725341797,79.12999725341797,79.18000030517578,79.11000061035156,79.18000030517578,12598.0
2024-10-25 12:06:00+00:00,LUNA,1.840000033378601,1.840000033378601,1.840000033378601,1.840000033378601,1.840000033378601,3110.0
2024-10-25 12:06:00+00:00,LYFT,13.803999900817871,13.803999900817871,13.8149995803833,13.802499771118164,13.8100004196167,17555.0
2024-10-25 12:06:00+00:00,MAPS,0.8500000238418579,0.8500000238418579,0.8500000238418579,0.8500000238418579,0.8500000238418579,2227.0
2024-10-25 12:06:00+00:00,MARK,0.10679999738931656,0.10679999738931656,0.10679999738931656,0.10679999738931656,0.10679999738931656,100.0
2024-10-25 12:06:00+00:00,MCHP,77.06999969482422,77.06999969482422,77.06999969482422,77.06999969482422,77.06999969482422,1372.0
2024-10-25 12:06:00+00:00,MKSI,100.95999908447266,100.95999908447266,101.0,100.95999908447266,101.0,794.0
2024-10-25 12:06:00+00:00,MNDY,300.06500244140625,300.06500244140625,300.0799865722656,300.06500244140625,300.0799865722656,1486.0
2024-10-25 12:06:00+00:00,MQ,5.264999866485596,5.264999866485596,5.269999980926514,5.264999866485596,5.269999980926514,776.0
2024-10-25 12:06:00+00:00,MRVL,82.38999938964844,82.38999938964844,82.4384994506836,82.38999938964844,82.42500305175781,15502.0
2024-10-25 12:06:00+00:00,MSFT,430.256591796875,430.256591796875,430.256591796875,430.11981201171875,430.11981201171875,21612.0
2024-10-25 12:06:00+00:00,MSTR,239.22000122070312,239.22000122070312,239.889892578125,239.16000366210938,239.57000732421875,39642.0
2024-10-25 12:06:00+00:00,MTC,0.3700000047683716,0.3700000047683716,0.3700000047683716,0.3686000108718872,0.36880001425743103,6125.0
2024-10-25 12:06:00+00:00,MTSI,120.45999908447266,120.45999908447266,120.45999908447266,120.45999908447266,120.45999908447266,651.0
2024-10-25 12:06:00+00:00,MU,109.18679809570312,109.18679809570312,109.25499725341797,109.18679809570312,109.25,13464.0
2024-10-25 12:06:00+00:00,MVIS,1.0902999639511108,1.0902999639511108,1.100000023841858,1.0902999639511108,1.100000023841858,3130.0
2024-10-25 12:06:00+00:00,NCNO,37.75,37.75,37.7599983215332,37.75,37.7599983215332,1546.0
2024-10-25 12:06:00+00:00,NNDM,2.3450000286102295,2.3450000286102295,2.3450000286102295,2.3450000286102295,2.3450000286102295,117.0
2024-10-25 12:06:00+00:00,NTAP,120.41999816894531,120.41999816894531,120.44000244140625,120.375,120.375,1613.0
2024-10-25 12:06:00+00:00,NTNX,62.310001373291016,62.310001373291016,62.334999084472656,62.310001373291016,62.334999084472656,1372.0
2024-10-25 12:06:00+00:00,NTWK,3.1500000953674316,3.1500000953674316,3.1500000953674316,3.1500000953674316,3.1500000953674316,160.0
2024-10-25 12:06:00+00:00,NVDA,143.5500030517578,143.5500030517578,143.6999969482422,143.5399932861328,143.66000366210938,189269.0
2024-10-25 12:06:00+00:00,NVEI,33.52000045776367,33.52000045776367,33.52000045776367,33.52000045776367,33.52000045776367,229.0
2024-10-25 12:06:00+00:00,OKTA,72.54139709472656,72.54139709472656,72.55000305175781,72.54139709472656,72.55000305175781,416.0
2024-10-25 12:06:00+00:00,ON,71.87000274658203,71.87000274658203,71.87999725341797,71.80149841308594,71.80149841308594,11031.0
2024-10-25 12:06:00+00:00,OSIS,136.53500366210938,136.53500366210938,136.5399932861328,136.53500366210938,136.5399932861328,361.0
2024-10-25 12:06:00+00:00,OSPN,14.649999618530273,14.649999618530273,14.649999618530273,14.649999618530273,14.649999618530273,645.0
2024-10-25 12:06:00+00:00,PANW,369.7699890136719,369.7699890136719,369.7699890136719,369.67999267578125,369.67999267578125,1374.0
2024-10-25 12:06:00+00:00,PAYO,8.295000076293945,8.295000076293945,8.295000076293945,8.295000076293945,8.295000076293945,0.0
2024-10-25 12:06:00+00:00,PAYS,3.7300000190734863,3.7300000190734863,3.7300000190734863,3.7300000190734863,3.7300000190734863,569.0
2024-10-25 12:06:00+00:00,PEGY,4.840000152587891,4.840000152587891,4.840000152587891,4.840000152587891,4.840000152587891,277.0
2024-10-25 12:06:00+00:00,PGY,11.8100004196167,11.8100004196167,11.829999923706055,11.8100004196167,11.829999923706055,2902.0
2024-10-25 12:06:00+00:00,PHUN,10.125,10.125,10.190999984741211,10.120100021362305,10.190999984741211,66550.0
2024-10-25 12:06:00+00:00,PI,205.13499450683594,205.13499450683594,205.13499450683594,205.13499450683594,205.13499450683594,250.0
2024-10-25 12:06:00+00:00,PLUS,98.12999725341797,98.12999725341797,98.12999725341797,98.03500366210938,98.03500366210938,466.0
2024-10-25 12:06:00+00:00,POET,3.9700000286102295,3.9700000286102295,3.9700000286102295,3.9700000286102295,3.9700000286102295,190.0
2024-10-25 12:06:00+00:00,PRGS,64.80590057373047,64.80590057373047,64.80590057373047,64.80590057373047,64.80590057373047,205.0
2024-10-25 12:06:00+00:00,PXLW,0.7415000200271606,0.7415000200271606,0.7415000200271606,0.7415000200271606,0.7415000200271606,4000.0
2024-10-25 12:06:00+00:00,PYCR,14.329999923706055,14.329999923706055,14.329999923706055,14.329999923706055,14.329999923706055,501.0
2024-10-25 12:06:00+00:00,QCOM,172.6501007080078,172.6501007080078,172.6999969482422,172.63999938964844,172.6999969482422,4298.0
2024-10-25 12:06:00+00:00,QRVO,100.2300033569336,100.2300033569336,100.25,100.2300033569336,100.25,1052.0
2024-10-25 12:06:00+00:00,QUBT,1.069700002670288,1.069700002670288,1.069700002670288,1.069700002670288,1.069700002670288,763.0
2024-10-25 12:06:00+00:00,RCAT,2.740000009536743,2.740000009536743,2.740000009536743,2.740000009536743,2.740000009536743,0.0
2024-10-25 12:06:00+00:00,RGTI,1.2200000286102295,1.2200000286102295,1.2200000286102295,1.2100000381469727,1.2105000019073486,40938.0
2024-10-25 12:06:00+00:00,RIOT,10.026000022888184,10.026000022888184,10.045000076293945,10.021200180053711,10.045000076293945,12790.0
2024-10-25 12:06:00+00:00,RMBS,43.5099983215332,43.5099983215332,43.529998779296875,43.5099983215332,43.5099983215332,1821.0
2024-10-25 12:06:00+00:00,RPAY,7.605000019073486,7.605000019073486,7.605000019073486,7.605000019073486,7.605000019073486,109.0
2024-10-25 12:06:00+00:00,RUM,5.820000171661377,5.820000171661377,5.840000152587891,5.820000171661377,5.840000152587891,7543.0
2024-10-25 12:06:00+00:00,RUN,14.470000267028809,14.470000267028809,14.489999771118164,14.470000267028809,14.477999687194824,9557.0
2024-10-25 12:06:00+00:00,SATS,25.274999618530273,25.274999618530273,25.274999618530273,25.274999618530273,25.274999618530273,367.0
2024-10-25 12:06:00+00:00,SEDG,16.170000076293945,16.170000076293945,16.190000534057617,16.170000076293945,16.18000030517578,5540.0
2024-10-25 12:06:00+00:00,SHLS,5.329999923706055,5.329999923706055,5.335000038146973,5.329999923706055,5.335000038146973,1265.0
2024-10-25 12:06:00+00:00,SIMO,57.130001068115234,57.130001068115234,57.150001525878906,57.130001068115234,57.150001525878906,1987.0
2024-10-25 12:06:00+00:00,SKYT,10.680000305175781,10.680000305175781,10.680000305175781,10.680000305175781,10.680000305175781,773.0
2024-10-25 12:06:00+00:00,SMCI,47.70000076293945,47.70000076293945,47.779998779296875,47.70000076293945,47.77000045776367,29550.0
2024-10-25 12:06:00+00:00,SMTC,45.84000015258789,45.84000015258789,45.95500183105469,45.84000015258789,45.91999816894531,3584.0
2024-10-25 12:06:00+00:00,SNPS,503.7550048828125,503.7550048828125,503.7550048828125,503.4800109863281,503.75,1489.0
2024-10-25 12:06:00+00:00,SOBR,7.659999847412109,7.659999847412109,7.659999847412109,7.650000095367432,7.650000095367432,373.0
2024-10-25 12:06:00+00:00,SOUN,5.268199920654297,5.268199920654297,5.269999980926514,5.260000228881836,5.265100002288818,36647.0
2024-10-25 12:06:00+00:00,SOUNW,1.8970999717712402,1.8970999717712402,1.8970999717712402,1.8970999717712402,1.8970999717712402,676.0
2024-10-25 12:06:00+00:00,SPSC,171.2899932861328,171.2899932861328,171.2899932861328,171.2899932861328,171.2899932861328,1673.0
2024-10-25 12:06:00+00:00,SRAD,12.369999885559082,12.369999885559082,12.369999885559082,12.369999885559082,12.369999885559082,172.0
2024-10-25 12:06:00+00:00,SSNC,69.80999755859375,69.80999755859375,69.82990264892578,69.80999755859375,69.80999755859375,3876.0
2024-10-25 12:06:00+00:00,STER,16.736000061035156,16.736000061035156,16.739999771118164,16.736000061035156,16.739999771118164,550.0
2024-10-25 12:06:00+00:00,STNE,11.46500015258789,11.46500015258789,11.46500015258789,11.46500015258789,11.46500015258789,429.0
2024-10-25 12:06:00+00:00,STX,103.91999816894531,103.91999816894531,104.05999755859375,103.91999816894531,104.0199966430664,3521.0
2024-10-25 12:06:00+00:00,SURG,1.75,1.75,1.75,1.75,1.75,400.0
2024-10-25 12:06:00+00:00,SWKS,96.54000091552734,96.54000091552734,96.56999969482422,96.54000091552734,96.56999969482422,1121.0
2024-10-25 12:06:00+00:00,SYNA,73.81999969482422,73.81999969482422,73.81999969482422,73.81999969482422,73.81999969482422,193.0
2024-10-25 12:06:00+00:00,SYTA,1.3200000524520874,1.3200000524520874,1.3200000524520874,1.3049999475479126,1.3049999475479126,22232.0
2024-10-25 12:06:00+00:00,TEAM,190.00999450683594,190.00999450683594,190.00999450683594,190.00999450683594,190.00999450683594,939.0
2024-10-25 12:06:00+00:00,TENB,41.849998474121094,41.849998474121094,41.880001068115234,41.849998474121094,41.880001068115234,1516.0
2024-10-25 12:06:00+00:00,TER,112.80000305175781,112.80000305175781,112.83000183105469,112.79000091552734,112.83000183105469,3021.0
2024-10-25 12:06:00+00:00,TGL,0.6700000166893005,0.6700000166893005,0.6700000166893005,0.6700000166893005,0.6700000166893005,0.0
2024-10-25 12:06:00+00:00,TRMB,61.02399826049805,61.02399826049805,61.029998779296875,61.02399826049805,61.029998779296875,826.0
2024-10-25 12:06:00+00:00,TTD,119.4000015258789,119.4000015258789,119.4000015258789,119.3499984741211,119.36000061035156,1879.0
2024-10-25 12:06:00+00:00,TTMI,19.6200008392334,19.6200008392334,19.6200008392334,19.6200008392334,19.6200008392334,570.0
2024-10-25 12:06:00+00:00,TWKS,4.449999809265137,4.449999809265137,4.449999809265137,4.449999809265137,4.449999809265137,19755.0
2024-10-25 12:06:00+00:00,TXN,208.75999450683594,208.75999450683594,208.7899932861328,208.7100067138672,208.7899932861328,1909.0
2024-10-25 12:06:00+00:00,UCTT,36.189998626708984,36.189998626708984,36.20000076293945,36.189998626708984,36.20000076293945,357.0
2024-10-25 12:06:00+00:00,VECO,29.614500045776367,29.614500045776367,29.614500045776367,29.614500045776367,29.614500045776367,349.0
2024-10-25 12:06:00+00:00,VICR,46.599998474121094,46.599998474121094,46.599998474121094,46.599998474121094,46.599998474121094,1284.0
2024-10-25 12:06:00+00:00,VMEO,4.760000228881836,4.760000228881836,4.760000228881836,4.760000228881836,4.760000228881836,179.0
2024-10-25 12:06:00+00:00,VNET,3.4700000286102295,3.4700000286102295,3.4700000286102295,3.4600000381469727,3.4600000381469727,1951.0
2024-10-25 12:06:00+00:00,VOXX,7.579999923706055,7.579999923706055,7.579999923706055,7.579999923706055,7.579999923706055,219.0
2024-10-25 12:06:00+00:00,VRNT,22.15999984741211,22.15999984741211,22.170000076293945,22.15999984741211,22.170000076293945,1295.0
2024-10-25 12:06:00+00:00,VRSN,185.82000732421875,185.82000732421875,185.82000732421875,185.82000732421875,185.82000732421875,1242.0
2024-10-25 12:06:00+00:00,VSAT,10.40999984741211,10.40999984741211,10.411999702453613,10.40999984741211,10.411999702453613,723.0
2024-10-25 12:06:00+00:00,VUZI,1.309999942779541,1.309999942779541,1.309999942779541,1.3049999475479126,1.3049999475479126,2186.0
2024-10-25 12:06:00+00:00,WDAY,240.0500030517578,240.0500030517578,240.0500030517578,240.0500030517578,240.0500030517578,150.0
2024-10-25 12:06:00+00:00,WDC,71.69000244140625,71.69000244140625,71.81999969482422,71.69000244140625,71.80500030517578,16921.0
2024-10-25 12:06:00+00:00,XPER,9.460000038146973,9.460000038146973,9.460000038146973,9.460000038146973,9.460000038146973,970.0
2024-10-25 12:06:00+00:00,XRX,10.114999771118164,10.114999771118164,10.114999771118164,10.114999771118164,10.114999771118164,1071.0
2024-10-25 12:06:00+00:00,ZBRA,362.82501220703125,362.82501220703125,362.82501220703125,362.82501220703125,362.82501220703125,1208.0
2024-10-25 12:06:00+00:00,ZI,10.529999732971191,10.529999732971191,10.529999732971191,10.524999618530273,10.524999618530273,766.0
2024-10-25 12:06:00+00:00,ZM,73.0479965209961,73.0479965209961,73.0479965209961,73.0479965209961,73.0479965209961,387.0
2024-10-25 12:06:00+00:00,ZS,186.52999877929688,186.52999877929688,186.52999877929688,186.4199981689453,186.4199981689453,897.0
2024-10-25 12:07:00+00:00,AAOI,18.139999389648438,18.139999389648438,18.18000030517578,18.139999389648438,18.18000030517578,2430.0
2024-10-25 12:07:00+00:00,AAPL,232.19400024414062,232.19400024414062,232.42999267578125,232.1916046142578,232.3699951171875,60411.0
2024-10-25 12:07:00+00:00,ACIW,48.814998626708984,48.814998626708984,48.814998626708984,48.814998626708984,48.814998626708984,141.0
2024-10-25 12:07:00+00:00,ACMR,19.922100067138672,19.922100067138672,19.922100067138672,19.922100067138672,19.922100067138672,192.0
2024-10-25 12:07:00+00:00,ADBE,485.17999267578125,485.17999267578125,485.375,485.17999267578125,485.375,1424.0
2024-10-25 12:07:00+00:00,ADI,233.44000244140625,233.44000244140625,233.44000244140625,233.44000244140625,233.44000244140625,773.0
2024-10-25 12:07:00+00:00,ADSK,286.625,286.625,286.80999755859375,286.625,286.79998779296875,3033.0
2024-10-25 12:07:00+00:00,ADTN,6.385200023651123,6.385200023651123,6.400000095367432,6.380000114440918,6.400000095367432,7046.0
2024-10-25 12:07:00+00:00,AEHR,16.947500228881836,16.947500228881836,16.97249984741211,16.924999237060547,16.924999237060547,9911.0
2024-10-25 12:07:00+00:00,AFRM,41.645999908447266,41.645999908447266,41.65999984741211,41.58000183105469,41.58890151977539,10674.0
2024-10-25 12:07:00+00:00,AGYS,112.43499755859375,112.43499755859375,112.43499755859375,112.43499755859375,112.43499755859375,303.0
2024-10-25 12:07:00+00:00,AKAM,102.92980194091797,102.92980194091797,102.92980194091797,102.91000366210938,102.91000366210938,564.0
2024-10-25 12:07:00+00:00,AKTS,0.05719999969005585,0.05719999969005585,0.05719999969005585,0.05719999969005585,0.05719999969005585,27505.0
2024-10-25 12:07:00+00:00,ALGM,22.7549991607666,22.7549991607666,22.760000228881836,22.739999771118164,22.753999710083008,3974.0
2024-10-25 12:07:00+00:00,ALTR,103.79499816894531,103.79499816894531,103.79499816894531,103.79499816894531,103.79499816894531,889.0
2024-10-25 12:07:00+00:00,AMAT,188.38999938964844,188.38999938964844,188.4499969482422,188.33999633789062,188.4499969482422,6725.0
2024-10-25 12:07:00+00:00,AMBA,58.459999084472656,58.459999084472656,58.459999084472656,58.459999084472656,58.459999084472656,1870.0
2024-10-25 12:07:00+00:00,AMD,157.47000122070312,157.47000122070312,157.6623992919922,157.4499969482422,157.64199829101562,61237.0
2024-10-25 12:07:00+00:00,AMKR,30.15999984741211,30.15999984741211,30.15999984741211,30.15999984741211,30.15999984741211,598.0
2024-10-25 12:07:00+00:00,API,2.8450000286102295,2.8450000286102295,2.8450000286102295,2.8450000286102295,2.8450000286102295,400.0
2024-10-25 12:07:00+00:00,APP,161.5,161.5,161.60000610351562,161.5,161.60000610351562,9926.0
2024-10-25 12:07:00+00:00,APPS,3.0799999237060547,3.0799999237060547,3.0799999237060547,3.0799999237060547,3.0799999237060547,495.0
2024-10-25 12:07:00+00:00,ARQQ,7.139999866485596,7.139999866485596,7.139999866485596,7.139999866485596,7.139999866485596,108.0
2024-10-25 12:07:00+00:00,ARRY,6.534999847412109,6.534999847412109,6.559999942779541,6.53000020980835,6.554999828338623,17783.0
2024-10-25 12:07:00+00:00,ATOM,3.3550000190734863,3.3550000190734863,3.3550000190734863,3.3550000190734863,3.3550000190734863,563.0
2024-10-25 12:07:00+00:00,AUR,6.434999942779541,6.434999942779541,6.439899921417236,6.434999942779541,6.434999942779541,1795.0
2024-10-25 12:07:00+00:00,AVDX,8.135000228881836,8.135000228881836,8.140000343322754,8.135000228881836,8.140000343322754,461.0
2024-10-25 12:07:00+00:00,AVGO,176.07000732421875,176.07000732421875,176.17999267578125,176.0500030517578,176.14999389648438,12570.0
2024-10-25 12:07:00+00:00,AVPT,12.030099868774414,12.030099868774414,12.030099868774414,12.030099868774414,12.030099868774414,135.0
2024-10-25 12:07:00+00:00,AXTI,2.694999933242798,2.694999933242798,2.694999933242798,2.694999933242798,2.694999933242798,192.0
2024-10-25 12:07:00+00:00,AZPN,235.99000549316406,235.99000549316406,235.99000549316406,235.99000549316406,235.99000549316406,328.0
2024-10-25 12:07:00+00:00,BIGC,5.304999828338623,5.304999828338623,5.304999828338623,5.304999828338623,5.304999828338623,637.0
2024-10-25 12:07:00+00:00,BRZE,30.829999923706055,30.829999923706055,30.829999923706055,30.829999923706055,30.829999923706055,133.0
2024-10-25 12:07:00+00:00,CAN,0.9945999979972839,0.9945999979972839,0.9945999979972839,0.9929999709129333,0.9929999709129333,6051.0
2024-10-25 12:07:00+00:00,CDNS,259.7300109863281,259.7300109863281,259.8699951171875,259.6400146484375,259.8349914550781,3381.0
2024-10-25 12:07:00+00:00,CDW,219.2449951171875,219.2449951171875,219.2449951171875,219.24249267578125,219.24249267578125,216.0
2024-10-25 12:07:00+00:00,CETX,0.2980000078678131,0.2980000078678131,0.2980000078678131,0.2980000078678131,0.2980000078678131,4400.0
2024-10-25 12:07:00+00:00,CFLT,22.690000534057617,22.690000534057617,22.700000762939453,22.690000534057617,22.69499969482422,1952.0
2024-10-25 12:07:00+00:00,CGNX,39.0,39.0,39.0099983215332,39.0,39.0099983215332,1435.0
2024-10-25 12:07:00+00:00,CHKP,207.69000244140625,207.69000244140625,207.6999969482422,207.69000244140625,207.6999969482422,551.0
2024-10-25 12:07:00+00:00,CLSK,11.890000343322754,11.890000343322754,11.90999984741211,11.860099792480469,11.88010025024414,85344.0
2024-10-25 12:07:00+00:00,COHR,95.05000305175781,95.05000305175781,95.14240264892578,95.05000305175781,95.14240264892578,2157.0
2024-10-25 12:07:00+00:00,COIN,208.6699981689453,208.6699981689453,209.0800018310547,208.6699981689453,209.05999755859375,17734.0
2024-10-25 12:07:00+00:00,COMM,6.315000057220459,6.315000057220459,6.320000171661377,6.315000057220459,6.320000171661377,1401.0
2024-10-25 12:07:00+00:00,CORZ,13.265000343322754,13.265000343322754,13.265000343322754,13.239999771118164,13.251299858093262,10926.0
2024-10-25 12:07:00+00:00,CRCT,6.579999923706055,6.579999923706055,6.579999923706055,6.579999923706055,6.579999923706055,419.0
2024-10-25 12:07:00+00:00,CRDO,39.68000030517578,39.68000030517578,39.70500183105469,39.68000030517578,39.70500183105469,2064.0
2024-10-25 12:07:00+00:00,CREX,4.3383002281188965,4.3383002281188965,4.349999904632568,4.3383002281188965,4.349999904632568,834.0
2024-10-25 12:07:00+00:00,CRNC,2.9079999923706055,2.9079999923706055,2.9079999923706055,2.9079999923706055,2.9079999923706055,1513.0
2024-10-25 12:07:00+00:00,CRSR,6.445000171661377,6.445000171661377,6.445000171661377,6.440000057220459,6.445000171661377,5905.0
2024-10-25 12:07:00+00:00,CRWD,309.70001220703125,309.70001220703125,309.9599914550781,309.6903991699219,309.9599914550781,7117.0
2024-10-25 12:07:00+00:00,CSCO,55.97999954223633,55.97999954223633,55.994998931884766,55.97999954223633,55.9900016784668,3755.0
2024-10-25 12:07:00+00:00,CSGS,47.7599983215332,47.7599983215332,47.7599983215332,47.7599983215332,47.7599983215332,408.0
2024-10-25 12:07:00+00:00,CSIQ,13.75,13.75,13.75100040435791,13.75,13.75100040435791,1600.0
2024-10-25 12:07:00+00:00,CTSH,74.83999633789062,74.83999633789062,74.8499984741211,74.83999633789062,74.8499984741211,1297.0
2024-10-25 12:07:00+00:00,DAIO,2.494999885559082,2.494999885559082,2.4995999336242676,2.494999885559082,2.4995999336242676,1709.0
2024-10-25 12:07:00+00:00,DATS,1.559999942779541,1.559999942779541,1.559999942779541,1.559999942779541,1.559999942779541,332.0
2024-10-25 12:07:00+00:00,DDOG,127.4000015258789,127.4000015258789,127.42500305175781,127.4000015258789,127.42500305175781,1046.0
2024-10-25 12:07:00+00:00,DGII,30.6200008392334,30.6200008392334,30.6200008392334,30.6200008392334,30.6200008392334,347.0
2024-10-25 12:07:00+00:00,DIOD,66.46499633789062,66.46499633789062,66.46499633789062,66.46499633789062,66.46499633789062,459.0
2024-10-25 12:07:00+00:00,DLO,8.819999694824219,8.819999694824219,8.819999694824219,8.819999694824219,8.819999694824219,570.0
2024-10-25 12:07:00+00:00,DOCU,69.83000183105469,69.83000183105469,69.83000183105469,69.7874984741211,69.81999969482422,5342.0
2024-10-25 12:07:00+00:00,DTSS,2.450000047683716,2.450000047683716,2.450000047683716,2.450000047683716,2.450000047683716,200.0
2024-10-25 12:07:00+00:00,DUOL,289.29998779296875,289.29998779296875,289.29998779296875,288.9649963378906,289.0,1402.0
2024-10-25 12:07:00+00:00,DUOT,4.096499919891357,4.096499919891357,4.096499919891357,4.09499979019165,4.09499979019165,1201.0
2024-10-25 12:07:00+00:00,ENPH,83.83999633789062,83.83999633789062,84.0,83.79000091552734,83.95500183105469,7647.0
2024-10-25 12:07:00+00:00,ENTG,105.7509994506836,105.7509994506836,105.76000213623047,105.75,105.75,3208.0
2024-10-25 12:07:00+00:00,ERIC,8.484999656677246,8.484999656677246,8.484999656677246,8.484999656677246,8.484999656677246,7447.0
2024-10-25 12:07:00+00:00,EXFY,1.7300000190734863,1.7300000190734863,1.7350000143051147,1.7300000190734863,1.7350000143051147,2682.0
2024-10-25 12:07:00+00:00,EXTR,14.494999885559082,14.494999885559082,14.5,14.494999885559082,14.5,651.0
2024-10-25 12:07:00+00:00,FCUV,0.2587999999523163,0.2587999999523163,0.2587999999523163,0.25690001249313354,0.25690001249313354,700.0
2024-10-25 12:07:00+00:00,FFIV,216.4250030517578,216.4250030517578,216.4250030517578,216.4250030517578,216.4250030517578,169.0
2024-10-25 12:07:00+00:00,FIVN,30.110000610351562,30.110000610351562,30.110000610351562,30.06999969482422,30.110000610351562,2632.0
2024-10-25 12:07:00+00:00,FLEX,35.29999923706055,35.29999923706055,35.321998596191406,35.29999923706055,35.321998596191406,1290.0
2024-10-25 12:07:00+00:00,FRSH,11.694999694824219,11.694999694824219,11.694999694824219,11.6850004196167,11.694000244140625,6208.0
2024-10-25 12:07:00+00:00,FSLR,200.33999633789062,200.33999633789062,200.61099243164062,200.33999633789062,200.61099243164062,4322.0
2024-10-25 12:07:00+00:00,FTCI,0.671999990940094,0.671999990940094,0.6733999848365784,0.671999990940094,0.6733999848365784,2195.0
2024-10-25 12:07:00+00:00,FTNT,81.3949966430664,81.3949966430664,81.42500305175781,81.38999938964844,81.41999816894531,3609.0
2024-10-25 12:07:00+00:00,GCT,24.93000030517578,24.93000030517578,24.959999084472656,24.93000030517578,24.93000030517578,0.0
2024-10-25 12:07:00+00:00,GDS,21.68000030517578,21.68000030517578,21.739999771118164,21.68000030517578,21.739999771118164,3621.0
2024-10-25 12:07:00+00:00,GDYN,15.59000015258789,15.59000015258789,15.595000267028809,15.59000015258789,15.595000267028809,1219.0
2024-10-25 12:07:00+00:00,GFS,41.494998931884766,41.494998931884766,41.525001525878906,41.47999954223633,41.52000045776367,4053.0
2024-10-25 12:07:00+00:00,GNSS,3.884999990463257,3.884999990463257,3.884999990463257,3.884999990463257,3.884999990463257,4445.0
2024-10-25 12:07:00+00:00,GPRO,1.340000033378601,1.340000033378601,1.340000033378601,1.340000033378601,1.340000033378601,0.0
2024-10-25 12:07:00+00:00,GRAB,4.079999923706055,4.079999923706055,4.085000038146973,4.079999923706055,4.085000038146973,4301.0
2024-10-25 12:07:00+00:00,GRRR,4.510000228881836,4.510000228881836,4.510000228881836,4.510000228881836,4.510000228881836,255.0
2024-10-25 12:07:00+00:00,GSIT,3.490000009536743,3.490000009536743,3.490000009536743,3.490000009536743,3.490000009536743,121.0
2024-10-25 12:07:00+00:00,GVP,4.599999904632568,4.599999904632568,4.599999904632568,4.599999904632568,4.599999904632568,200.0
2024-10-25 12:07:00+00:00,HCP,33.69499969482422,33.69499969482422,33.69499969482422,33.69499969482422,33.69499969482422,200.0
2024-10-25 12:07:00+00:00,HOLO,3.6600000858306885,3.6600000858306885,3.676100015640259,3.640000104904175,3.6600000858306885,10577.0
2024-10-25 12:07:00+00:00,HOOD,27.219999313354492,27.219999313354492,27.239999771118164,27.209999084472656,27.239999771118164,18519.0
2024-10-25 12:07:00+00:00,HTCR,1.0499999523162842,1.0499999523162842,1.0499999523162842,1.0499999523162842,1.0499999523162842,642.0
2024-10-25 12:07:00+00:00,ICHR,27.780000686645508,27.780000686645508,27.81999969482422,27.780000686645508,27.81999969482422,915.0
2024-10-25 12:07:00+00:00,IDN,2.380000114440918,2.380000114440918,2.380000114440918,2.380000114440918,2.380000114440918,642.0
2024-10-25 12:07:00+00:00,INDI,3.575000047683716,3.575000047683716,3.5799999237060547,3.575000047683716,3.5799999237060547,4786.0
2024-10-25 12:07:00+00:00,INFN,6.795000076293945,6.795000076293945,6.795000076293945,6.789999961853027,6.789999961853027,1830.0
2024-10-25 12:07:00+00:00,INOD,19.895000457763672,19.895000457763672,19.895000457763672,19.895000457763672,19.895000457763672,211.0
2024-10-25 12:07:00+00:00,INTC,23.179899215698242,23.179899215698242,23.18000030517578,23.15999984741211,23.165000915527344,48301.0
2024-10-25 12:07:00+00:00,INTU,610.8300170898438,610.8300170898438,610.9650268554688,610.8300170898438,610.8699951171875,1071.0
2024-10-25 12:07:00+00:00,ITI,7.195000171661377,7.195000171661377,7.195000171661377,7.195000171661377,7.195000171661377,815.0
2024-10-25 12:07:00+00:00,JAMF,16.829999923706055,16.829999923706055,16.829999923706055,16.829999923706055,16.829999923706055,226.0
2024-10-25 12:07:00+00:00,JKHY,183.8699951171875,183.8699951171875,183.8699951171875,183.8699951171875,183.8699951171875,180.0
2024-10-25 12:07:00+00:00,KARO,40.27000045776367,40.27000045776367,40.27000045776367,40.27000045776367,40.27000045776367,315.0
2024-10-25 12:07:00+00:00,KC,2.7149999141693115,2.7149999141693115,2.7149999141693115,2.7149999141693115,2.7149999141693115,1536.0
2024-10-25 12:07:00+00:00,KLAC,681.9398803710938,681.9398803710938,681.9398803710938,681.2550048828125,681.2550048828125,3364.0
2024-10-25 12:07:00+00:00,KOPN,0.7760000228881836,0.7760000228881836,0.7760000228881836,0.7760000228881836,0.7760000228881836,0.0
2024-10-25 12:07:00+00:00,KOSS,7.380000114440918,7.380000114440918,7.380000114440918,7.380000114440918,7.380000114440918,205.0
2024-10-25 12:07:00+00:00,LINK,4.78000020980835,4.78000020980835,4.78000020980835,4.769999980926514,4.769999980926514,2432.0
2024-10-25 12:07:00+00:00,LITE,64.38999938964844,64.38999938964844,64.43000030517578,64.38999938964844,64.43000030517578,384.0
2024-10-25 12:07:00+00:00,LOGI,81.23300170898438,81.23300170898438,81.23300170898438,81.23300170898438,81.23300170898438,533.0
2024-10-25 12:07:00+00:00,LRCX,79.1500015258789,79.1500015258789,79.16000366210938,79.12000274658203,79.12000274658203,11679.0
2024-10-25 12:07:00+00:00,LSCC,54.41999816894531,54.41999816894531,54.43000030517578,54.400001525878906,54.41999816894531,2123.0
2024-10-25 12:07:00+00:00,LYFT,13.805000305175781,13.805000305175781,13.8100004196167,13.803999900817871,13.805000305175781,3617.0
2024-10-25 12:07:00+00:00,LYTS,16.270000457763672,16.270000457763672,16.270000457763672,16.270000457763672,16.270000457763672,1151.0
2024-10-25 12:07:00+00:00,MANH,275.5400085449219,275.5400085449219,275.5400085449219,275.5199890136719,275.5199890136719,528.0
2024-10-25 12:07:00+00:00,MCHP,77.05400085449219,77.05400085449219,77.06999969482422,77.05000305175781,77.06999969482422,2398.0
2024-10-25 12:07:00+00:00,MITK,8.779999732971191,8.779999732971191,8.779999732971191,8.779999732971191,8.779999732971191,745.0
2024-10-25 12:07:00+00:00,MLAB,115.05000305175781,115.05000305175781,115.05000305175781,115.05000305175781,115.05000305175781,504.0
2024-10-25 12:07:00+00:00,MNDY,300.0,300.0,300.0249938964844,299.7550048828125,299.9200134277344,6670.0
2024-10-25 12:07:00+00:00,MPWR,918.4099731445312,918.4099731445312,918.4099731445312,918.4099731445312,918.4099731445312,331.0
2024-10-25 12:07:00+00:00,MQ,5.264999866485596,5.264999866485596,5.264999866485596,5.264999866485596,5.264999866485596,182.0
2024-10-25 12:07:00+00:00,MRVL,82.41000366210938,82.41000366210938,82.41500091552734,82.38999938964844,82.4000015258789,9667.0
2024-10-25 12:07:00+00:00,MSFT,430.1189880371094,430.1189880371094,430.29998779296875,430.0849914550781,430.25,18584.0
2024-10-25 12:07:00+00:00,MSTR,238.61500549316406,238.61500549316406,239.3000030517578,238.39999389648438,239.2899932861328,106282.0
2024-10-25 12:07:00+00:00,MTC,0.36500000953674316,0.36500000953674316,0.3693000078201294,0.36500000953674316,0.3686999976634979,11703.0
2024-10-25 12:07:00+00:00,MTTR,4.650100231170654,4.650100231170654,4.650100231170654,4.650100231170654,4.650100231170654,695.0
2024-10-25 12:07:00+00:00,MU,109.08999633789062,109.08999633789062,109.19000244140625,109.08000183105469,109.18360137939453,8730.0
2024-10-25 12:07:00+00:00,MVIS,1.100000023841858,1.100000023841858,1.100000023841858,1.100000023841858,1.100000023841858,101.0
2024-10-25 12:07:00+00:00,MXL,15.020000457763672,15.020000457763672,15.020000457763672,14.9399995803833,14.979999542236328,21854.0
2024-10-25 12:07:00+00:00,MYNA,1.1038999557495117,1.1038999557495117,1.1640000343322754,1.090000033378601,1.159999966621399,14807.0
2024-10-25 12:07:00+00:00,NICE,176.33999633789062,176.33999633789062,176.33999633789062,176.33999633789062,176.33999633789062,347.0
2024-10-25 12:07:00+00:00,NNDM,2.3450000286102295,2.3450000286102295,2.3450000286102295,2.3399999141693115,2.3399999141693115,2882.0
2024-10-25 12:07:00+00:00,NTAP,120.41000366210938,120.41000366210938,120.44000244140625,120.38999938964844,120.41999816894531,2677.0
2024-10-25 12:07:00+00:00,NTNX,62.310001373291016,62.310001373291016,62.310001373291016,62.310001373291016,62.310001373291016,1203.0
2024-10-25 12:07:00+00:00,NVDA,143.49000549316406,143.49000549316406,143.5800018310547,143.46499633789062,143.5500030517578,306001.0
2024-10-25 12:07:00+00:00,NVEI,33.525001525878906,33.525001525878906,33.525001525878906,33.525001525878906,33.525001525878906,300.0
2024-10-25 12:07:00+00:00,NVTS,2.5850000381469727,2.5850000381469727,2.589900016784668,2.5850000381469727,2.5850000381469727,12169.0
2024-10-25 12:07:00+00:00,NXPI,245.0500030517578,245.0500030517578,245.0500030517578,245.0399932861328,245.0399932861328,2226.0
2024-10-25 12:07:00+00:00,OKTA,72.54499816894531,72.54499816894531,72.54499816894531,72.54499816894531,72.54499816894531,648.0
2024-10-25 12:07:00+00:00,ON,71.86000061035156,71.86000061035156,71.87999725341797,71.8499984741211,71.87000274658203,6544.0
2024-10-25 12:07:00+00:00,OSIS,136.7449951171875,136.7449951171875,136.7449951171875,136.52499389648438,136.52499389648438,3795.0
2024-10-25 12:07:00+00:00,OTEX,33.36980056762695,33.36980056762695,33.36980056762695,33.36980056762695,33.36980056762695,484.0
2024-10-25 12:07:00+00:00,PANW,369.6449890136719,369.6449890136719,369.6449890136719,369.6199951171875,369.6199951171875,933.0
2024-10-25 12:07:00+00:00,PAYO,8.295000076293945,8.295000076293945,8.295000076293945,8.295000076293945,8.295000076293945,425.0
2024-10-25 12:07:00+00:00,PEGY,4.769999980926514,4.769999980926514,4.78000020980835,4.769999980926514,4.78000020980835,1192.0
2024-10-25 12:07:00+00:00,PGY,11.77079963684082,11.77079963684082,11.800000190734863,11.77079963684082,11.800000190734863,788.0
2024-10-25 12:07:00+00:00,PHUN,10.167499542236328,10.167499542236328,10.195199966430664,10.119999885559082,10.130000114440918,42771.0
2024-10-25 12:07:00+00:00,PI,205.0399932861328,205.0399932861328,205.1199951171875,205.0399932861328,205.1199951171875,1473.0
2024-10-25 12:07:00+00:00,POET,3.9700000286102295,3.9700000286102295,3.9700000286102295,3.9700000286102295,3.9700000286102295,2540.0
2024-10-25 12:07:00+00:00,PUBM,14.90999984741211,14.90999984741211,14.920000076293945,14.90999984741211,14.920000076293945,1560.0
2024-10-25 12:07:00+00:00,PYCR,14.319999694824219,14.319999694824219,14.329999923706055,14.319999694824219,14.329999923706055,456.0
2024-10-25 12:07:00+00:00,QCOM,172.6750030517578,172.6750030517578,172.72000122070312,172.6699981689453,172.6999969482422,4292.0
2024-10-25 12:07:00+00:00,QRVO,100.19000244140625,100.19000244140625,100.20999908447266,100.19000244140625,100.20999908447266,765.0
2024-10-25 12:07:00+00:00,QUBT,1.065000057220459,1.065000057220459,1.0700000524520874,1.065000057220459,1.0700000524520874,11419.0
2024-10-25 12:07:00+00:00,RELY,14.739999771118164,14.739999771118164,14.739999771118164,14.739999771118164,14.739999771118164,551.0
2024-10-25 12:07:00+00:00,RGTI,1.2100000381469727,1.2100000381469727,1.2200000286102295,1.2100000381469727,1.2200000286102295,36627.0
2024-10-25 12:07:00+00:00,RIOT,10.020099639892578,10.020099639892578,10.026000022888184,10.01990032196045,10.024100303649902,25437.0
2024-10-25 12:07:00+00:00,RMBS,43.505001068115234,43.505001068115234,43.529998779296875,43.505001068115234,43.529998779296875,674.0
2024-10-25 12:07:00+00:00,RPAY,7.605999946594238,7.605999946594238,7.610000133514404,7.605999946594238,7.610000133514404,1121.0
2024-10-25 12:07:00+00:00,RPD,39.13999938964844,39.13999938964844,39.13999938964844,39.119998931884766,39.13999938964844,639.0
2024-10-25 12:07:00+00:00,RUM,5.811500072479248,5.811500072479248,5.811500072479248,5.811500072479248,5.811500072479248,168.0
2024-10-25 12:07:00+00:00,RUN,14.46500015258789,14.46500015258789,14.475000381469727,14.460000038146973,14.461000442504883,4636.0
2024-10-25 12:07:00+00:00,SANM,67.72000122070312,67.72000122070312,67.72000122070312,67.72000122070312,67.72000122070312,885.0
2024-10-25 12:07:00+00:00,SATS,25.274999618530273,25.274999618530273,25.274999618530273,25.274999618530273,25.274999618530273,113.0
2024-10-25 12:07:00+00:00,SCWX,8.385000228881836,8.385000228881836,8.385000228881836,8.385000228881836,8.385000228881836,110.0
2024-10-25 12:07:00+00:00,SEDG,16.170000076293945,16.170000076293945,16.181299209594727,16.15999984741211,16.15999984741211,4218.0
2024-10-25 12:07:00+00:00,SHLS,5.324999809265137,5.324999809265137,5.335000038146973,5.324999809265137,5.335000038146973,4639.0
2024-10-25 12:07:00+00:00,SKYT,10.720000267028809,10.720000267028809,10.720000267028809,10.699999809265137,10.699999809265137,1741.0
2024-10-25 12:07:00+00:00,SLAB,115.7249984741211,115.7249984741211,115.7249984741211,115.7249984741211,115.7249984741211,389.0
2024-10-25 12:07:00+00:00,SLNH,4.150000095367432,4.150000095367432,4.150000095367432,4.150000095367432,4.150000095367432,300.0
2024-10-25 12:07:00+00:00,SMCI,47.645599365234375,47.645599365234375,47.76499938964844,47.641998291015625,47.70000076293945,100955.0
2024-10-25 12:07:00+00:00,SMTC,45.709999084472656,45.709999084472656,45.79999923706055,45.709999084472656,45.79999923706055,1331.0
2024-10-25 12:07:00+00:00,SNPS,503.3500061035156,503.3500061035156,503.3500061035156,503.3500061035156,503.3500061035156,516.0
2024-10-25 12:07:00+00:00,SONO,12.8100004196167,12.8100004196167,12.8100004196167,12.8100004196167,12.8100004196167,648.0
2024-10-25 12:07:00+00:00,SOUN,5.268499851226807,5.268499851226807,5.269999980926514,5.260000228881836,5.264999866485596,24849.0
2024-10-25 12:07:00+00:00,SOUNW,1.909999966621399,1.909999966621399,1.909999966621399,1.909999966621399,1.909999966621399,152.0
2024-10-25 12:07:00+00:00,SPSC,171.72000122070312,171.72000122070312,171.72000122070312,171.63999938964844,171.64999389648438,2375.0
2024-10-25 12:07:00+00:00,SPT,27.260000228881836,27.260000228881836,27.260000228881836,27.260000228881836,27.260000228881836,237.0
2024-10-25 12:07:00+00:00,SSNC,69.81990051269531,69.81990051269531,69.81999969482422,69.81500244140625,69.81999969482422,2385.0
2024-10-25 12:07:00+00:00,SSYS,7.121300220489502,7.121300220489502,7.121300220489502,7.121300220489502,7.121300220489502,350.0
2024-10-25 12:07:00+00:00,STNE,11.46500015258789,11.46500015258789,11.470000267028809,11.46500015258789,11.46500015258789,1333.0
2024-10-25 12:07:00+00:00,STX,103.9000015258789,103.9000015258789,103.91000366210938,103.875,103.91000366210938,1466.0
2024-10-25 12:07:00+00:00,SVRE,0.08250000327825546,0.08250000327825546,0.08250000327825546,0.08250000327825546,0.08250000327825546,11343.0
2024-10-25 12:07:00+00:00,SWKS,96.53500366210938,96.53500366210938,96.53500366210938,96.52999877929688,96.52999877929688,715.0
2024-10-25 12:07:00+00:00,SWVL,3.3399999141693115,3.3399999141693115,3.3399999141693115,3.3399999141693115,3.3399999141693115,175.0
2024-10-25 12:07:00+00:00,SYTA,1.3200000524520874,1.3200000524520874,1.3200000524520874,1.309999942779541,1.3198000192642212,3509.0
2024-10-25 12:07:00+00:00,TEAM,189.9199981689453,189.9199981689453,190.00999450683594,189.9199981689453,190.00999450683594,987.0
2024-10-25 12:07:00+00:00,TENB,41.849998474121094,41.849998474121094,41.900001525878906,41.849998474121094,41.849998474121094,914.0
2024-10-25 12:07:00+00:00,TER,112.76499938964844,112.76499938964844,112.80999755859375,112.76000213623047,112.80500030517578,11741.0
2024-10-25 12:07:00+00:00,TLS,3.6649999618530273,3.6649999618530273,3.6649999618530273,3.6649999618530273,3.6649999618530273,5004.0
2024-10-25 12:07:00+00:00,TRMB,61.029998779296875,61.029998779296875,61.040000915527344,61.029998779296875,61.040000915527344,2050.0
2024-10-25 12:07:00+00:00,TTD,119.4749984741211,119.4749984741211,119.58000183105469,119.44000244140625,119.44000244140625,5842.0
2024-10-25 12:07:00+00:00,TWKS,4.449999809265137,4.449999809265137,4.449999809265137,4.449999809265137,4.449999809265137,17812.0
2024-10-25 12:07:00+00:00,TXN,208.68499755859375,208.68499755859375,208.7050018310547,208.64100646972656,208.7050018310547,3852.0
2024-10-25 12:07:00+00:00,UCTT,36.22829818725586,36.22829818725586,36.22829818725586,36.22829818725586,36.22829818725586,294.0
2024-10-25 12:07:00+00:00,VECO,29.610000610351562,29.610000610351562,29.610000610351562,29.610000610351562,29.610000610351562,1031.0
2024-10-25 12:07:00+00:00,VERI,3.4149999618530273,3.4149999618530273,3.4149999618530273,3.4149999618530273,3.4149999618530273,5237.0
2024-10-25 12:07:00+00:00,VMEO,4.760000228881836,4.760000228881836,4.760000228881836,4.75,4.75,258.0
2024-10-25 12:07:00+00:00,VRNS,56.81999969482422,56.81999969482422,56.81999969482422,56.77000045776367,56.77000045776367,1589.0
2024-10-25 12:07:00+00:00,VRNT,22.15999984741211,22.15999984741211,22.15999984741211,22.15999984741211,22.15999984741211,271.0
2024-10-25 12:07:00+00:00,VRSN,185.7949981689453,185.7949981689453,185.7949981689453,185.7949981689453,185.7949981689453,954.0
2024-10-25 12:07:00+00:00,VSAT,10.40999984741211,10.40999984741211,10.40999984741211,10.40999984741211,10.40999984741211,463.0
2024-10-25 12:07:00+00:00,VUZI,1.3049999475479126,1.3049999475479126,1.309999942779541,1.3049999475479126,1.309999942779541,288.0
2024-10-25 12:07:00+00:00,WALD,3.6549999713897705,3.6549999713897705,3.6549999713897705,3.6549999713897705,3.6549999713897705,391.0
2024-10-25 12:07:00+00:00,WDAY,240.2100067138672,240.2100067138672,240.2100067138672,240.2100067138672,240.2100067138672,391.0
2024-10-25 12:07:00+00:00,WDC,71.66000366210938,71.66000366210938,71.69499969482422,71.61000061035156,71.69499969482422,16620.0
2024-10-25 12:07:00+00:00,WISA,1.8494999408721924,1.8494999408721924,1.850000023841858,1.8450000286102295,1.8450000286102295,9450.0
2024-10-25 12:07:00+00:00,ZENV,1.440000057220459,1.440000057220459,1.440000057220459,1.440000057220459,1.440000057220459,108.0
2024-10-25 12:07:00+00:00,ZI,10.52400016784668,10.52400016784668,10.524999618530273,10.52400016784668,10.524999618530273,2820.0
2024-10-25 12:07:00+00:00,ZM,73.03399658203125,73.03399658203125,73.03399658203125,73.03399658203125,73.03399658203125,2459.0
2024-10-25 12:07:00+00:00,ZS,186.4600067138672,186.4600067138672,186.4600067138672,186.43499755859375,186.4550018310547,642.0
2024-10-25 12:08:00+00:00,AAOI,18.145999908447266,18.145999908447266,18.145999908447266,18.145999908447266,18.145999908447266,25.0
2024-10-25 12:08:00+00:00,AAPL,232.1750030517578,232.1750030517578,232.22000122070312,232.10000610351562,232.19000244140625,47559.0
2024-10-25 12:08:00+00:00,ACIW,48.779998779296875,48.779998779296875,48.79999923706055,48.779998779296875,48.79999923706055,2424.0
2024-10-25 12:08:00+00:00,ACLS,90.6050033569336,90.6050033569336,90.64959716796875,90.5,90.64959716796875,3148.0
2024-10-25 12:08:00+00:00,ACMR,19.92919921875,19.92919921875,19.92919921875,19.90999984741211,19.920000076293945,990.0
2024-10-25 12:08:00+00:00,ADBE,485.0400085449219,485.0400085449219,485.42999267578125,485.0400085449219,485.1000061035156,1702.0
2024-10-25 12:08:00+00:00,ADI,233.42999267578125,233.42999267578125,233.47000122070312,233.42999267578125,233.47000122070312,2571.0
2024-10-25 12:08:00+00:00,ADTN,6.380000114440918,6.380000114440918,6.386099815368652,6.380000114440918,6.386099815368652,6275.0
2024-10-25 12:08:00+00:00,AEHR,16.9950008392334,16.9950008392334,16.9950008392334,16.994600296020508,16.994600296020508,256.0
2024-10-25 12:08:00+00:00,AEYE,22.799999237060547,22.799999237060547,22.799999237060547,22.799999237060547,22.799999237060547,321.0
2024-10-25 12:08:00+00:00,AFRM,41.70000076293945,41.70000076293945,41.70000076293945,41.650001525878906,41.66999816894531,8720.0
2024-10-25 12:08:00+00:00,AKAM,102.93000030517578,102.93000030517578,102.95999908447266,102.91500091552734,102.91500091552734,2265.0
2024-10-25 12:08:00+00:00,AKTS,0.05719999969005585,0.05719999969005585,0.05719999969005585,0.05719999969005585,0.05719999969005585,4000.0
2024-10-25 12:08:00+00:00,ALGM,22.760000228881836,22.760000228881836,22.760000228881836,22.75,22.760000228881836,1873.0
2024-10-25 12:08:00+00:00,ALKT,38.14500045776367,38.14500045776367,38.150001525878906,38.14500045776367,38.150001525878906,437.0
2024-10-25 12:08:00+00:00,ALRM,54.709999084472656,54.709999084472656,54.709999084472656,54.709999084472656,54.709999084472656,590.0
2024-10-25 12:08:00+00:00,AMAT,188.41000366210938,188.41000366210938,188.41000366210938,188.25999450683594,188.32449340820312,6891.0
2024-10-25 12:08:00+00:00,AMD,157.460205078125,157.460205078125,157.5,157.3708953857422,157.47000122070312,53694.0
2024-10-25 12:08:00+00:00,AMKR,30.15399932861328,30.15399932861328,30.15399932861328,30.149999618530273,30.149999618530273,2229.0
2024-10-25 12:08:00+00:00,AMPL,9.23009967803955,9.23009967803955,9.23009967803955,9.23009967803955,9.23009967803955,203.0
2024-10-25 12:08:00+00:00,ANSS,325.9700012207031,325.9700012207031,326.010009765625,325.9700012207031,326.0,3267.0
2024-10-25 12:08:00+00:00,APCX,0.7397000193595886,0.7397000193595886,0.7397000193595886,0.7396000027656555,0.7396000027656555,2042.0
2024-10-25 12:08:00+00:00,API,2.8450000286102295,2.8450000286102295,2.8450000286102295,2.8450000286102295,2.8450000286102295,342.0
2024-10-25 12:08:00+00:00,APP,161.6300048828125,161.6300048828125,161.6300048828125,161.57000732421875,161.57000732421875,906.0
2024-10-25 12:08:00+00:00,APPF,214.9199981689453,214.9199981689453,214.9199981689453,214.9199981689453,214.9199981689453,803.0
2024-10-25 12:08:00+00:00,APPS,3.0799999237060547,3.0799999237060547,3.0799999237060547,3.0799999237060547,3.0799999237060547,228.0
2024-10-25 12:08:00+00:00,ARQQ,7.150000095367432,7.150000095367432,7.150000095367432,7.150000095367432,7.150000095367432,1049.0
2024-10-25 12:08:00+00:00,ARRY,6.53000020980835,6.53000020980835,6.539999961853027,6.53000020980835,6.534999847412109,5459.0
2024-10-25 12:08:00+00:00,ASML,716.75,716.75,717.385009765625,716.75,717.385009765625,1432.0
2024-10-25 12:08:00+00:00,AUR,6.429999828338623,6.429999828338623,6.434999942779541,6.429999828338623,6.434999942779541,1169.0
2024-10-25 12:08:00+00:00,AVDX,8.140000343322754,8.140000343322754,8.140000343322754,8.135000228881836,8.135000228881836,1572.0
2024-10-25 12:08:00+00:00,AVGO,176.0500030517578,176.0500030517578,176.0800018310547,175.9499969482422,176.05099487304688,16472.0
2024-10-25 12:08:00+00:00,AVPT,12.029999732971191,12.029999732971191,12.029999732971191,12.029999732971191,12.029999732971191,333.0
2024-10-25 12:08:00+00:00,AVT,54.09000015258789,54.09000015258789,54.150001525878906,54.09000015258789,54.150001525878906,3623.0
2024-10-25 12:08:00+00:00,BASE,16.40999984741211,16.40999984741211,16.40999984741211,16.40999984741211,16.40999984741211,117.0
2024-10-25 12:08:00+00:00,BIGC,5.304999828338623,5.304999828338623,5.304999828338623,5.304999828338623,5.304999828338623,932.0
2024-10-25 12:08:00+00:00,BMBL,7.244999885559082,7.244999885559082,7.244999885559082,7.240099906921387,7.244999885559082,3007.0
2024-10-25 12:08:00+00:00,BRZE,30.815000534057617,30.815000534057617,30.815000534057617,30.809999465942383,30.809999465942383,2211.0
2024-10-25 12:08:00+00:00,BSY,49.209999084472656,49.209999084472656,49.209999084472656,49.209999084472656,49.209999084472656,358.0
2024-10-25 12:08:00+00:00,CAN,0.9922000169754028,0.9922000169754028,0.995199978351593,0.9922000169754028,0.9940000176429749,57499.0
2024-10-25 12:08:00+00:00,CDNS,259.5,259.5,259.5350036621094,259.5,259.5350036621094,1111.0
2024-10-25 12:08:00+00:00,CDW,219.1999969482422,219.1999969482422,219.1999969482422,219.1999969482422,219.1999969482422,1405.0
2024-10-25 12:08:00+00:00,CETX,0.29750001430511475,0.29750001430511475,0.29750001430511475,0.2962000072002411,0.2962000072002411,1501.0
2024-10-25 12:08:00+00:00,CFLT,22.684999465942383,22.684999465942383,22.690000534057617,22.684999465942383,22.690000534057617,2305.0
2024-10-25 12:08:00+00:00,CGNX,39.0,39.0,39.0099983215332,39.0,39.0,1443.0
2024-10-25 12:08:00+00:00,CHKP,207.68499755859375,207.68499755859375,207.68499755859375,207.68499755859375,207.68499755859375,1022.0
2024-10-25 12:08:00+00:00,CLBT,18.139999389648438,18.139999389648438,18.139999389648438,18.114999771118164,18.114999771118164,2968.0
2024-10-25 12:08:00+00:00,CLSK,11.939900398254395,11.939900398254395,11.9399995803833,11.880000114440918,11.885000228881836,112868.0
2024-10-25 12:08:00+00:00,CNDT,3.6549999713897705,3.6549999713897705,3.6549999713897705,3.6549999713897705,3.6549999713897705,500.0
2024-10-25 12:08:00+00:00,COHR,95.06009674072266,95.06009674072266,95.11000061035156,95.03500366210938,95.05000305175781,6246.0
2024-10-25 12:08:00+00:00,COHU,26.299999237060547,26.299999237060547,26.299999237060547,26.299999237060547,26.299999237060547,162.0
2024-10-25 12:08:00+00:00,COIN,209.27000427246094,209.27000427246094,209.27000427246094,208.47000122070312,208.7550048828125,27168.0
2024-10-25 12:08:00+00:00,COMM,6.314000129699707,6.314000129699707,6.315000057220459,6.314000129699707,6.314000129699707,3686.0
2024-10-25 12:08:00+00:00,CORZ,13.27750015258789,13.27750015258789,13.28600025177002,13.260000228881836,13.265000343322754,27315.0
2024-10-25 12:08:00+00:00,CRCT,6.590000152587891,6.590000152587891,6.590000152587891,6.579999923706055,6.579999923706055,746.0
2024-10-25 12:08:00+00:00,CRDO,39.650001525878906,39.650001525878906,39.650001525878906,39.650001525878906,39.650001525878906,305.0
2024-10-25 12:08:00+00:00,CRNC,2.9149999618530273,2.9149999618530273,2.9149999618530273,2.9000000953674316,2.9059998989105225,9154.0
2024-10-25 12:08:00+00:00,CRUS,123.62999725341797,123.62999725341797,123.62999725341797,123.5999984741211,123.5999984741211,613.0
2024-10-25 12:08:00+00:00,CRWD,309.6600036621094,309.6600036621094,309.6600036621094,309.6600036621094,309.6600036621094,899.0
2024-10-25 12:08:00+00:00,CSCO,55.9900016784668,55.9900016784668,55.9900016784668,55.97999954223633,55.98500061035156,11678.0
2024-10-25 12:08:00+00:00,CSIQ,13.670000076293945,13.670000076293945,13.739999771118164,13.649999618530273,13.739999771118164,10474.0
2024-10-25 12:08:00+00:00,CTLP,8.904999732971191,8.904999732971191,8.90999984741211,8.904999732971191,8.90999984741211,803.0
2024-10-25 12:08:00+00:00,CTSH,74.86000061035156,74.86000061035156,74.86000061035156,74.83999633789062,74.83999633789062,973.0
2024-10-25 12:08:00+00:00,DBX,26.045000076293945,26.045000076293945,26.045000076293945,26.045000076293945,26.045000076293945,716.0
2024-10-25 12:08:00+00:00,DDOG,127.4000015258789,127.4000015258789,127.40229797363281,127.37699890136719,127.40229797363281,1804.0
2024-10-25 12:08:00+00:00,DIOD,66.46499633789062,66.46499633789062,66.46499633789062,66.46499633789062,66.46499633789062,312.0
2024-10-25 12:08:00+00:00,DLO,8.8149995803833,8.8149995803833,8.8149995803833,8.8149995803833,8.8149995803833,266.0
2024-10-25 12:08:00+00:00,DOCU,69.83999633789062,69.83999633789062,69.8499984741211,69.82319641113281,69.82319641113281,1448.0
2024-10-25 12:08:00+00:00,DOMO,8.0,8.0,8.0,8.0,8.0,174.0
2024-10-25 12:08:00+00:00,DUOT,4.105000019073486,4.105000019073486,4.11959981918335,4.079999923706055,4.09499979019165,1700.0
2024-10-25 12:08:00+00:00,ENPH,83.8499984741211,83.8499984741211,83.8499984741211,83.75,83.81999969482422,6047.0
2024-10-25 12:08:00+00:00,ERIC,8.475000381469727,8.475000381469727,8.484999656677246,8.475000381469727,8.484999656677246,66146.0
2024-10-25 12:08:00+00:00,EXLS,38.90999984741211,38.90999984741211,38.91999816894531,38.90999984741211,38.90999984741211,883.0
2024-10-25 12:08:00+00:00,EXTR,14.510000228881836,14.510000228881836,14.510000228881836,14.494999885559082,14.494999885559082,2140.0
2024-10-25 12:08:00+00:00,FARO,17.915000915527344,17.915000915527344,17.915000915527344,17.915000915527344,17.915000915527344,309.0
2024-10-25 12:08:00+00:00,FCUV,0.258899986743927,0.258899986743927,0.258899986743927,0.258899986743927,0.258899986743927,988.0
2024-10-25 12:08:00+00:00,FFIV,216.39999389648438,216.39999389648438,216.4250030517578,216.36000061035156,216.4199981689453,2257.0
2024-10-25 12:08:00+00:00,FIVN,30.100000381469727,30.100000381469727,30.131000518798828,30.100000381469727,30.104999542236328,1456.0
2024-10-25 12:08:00+00:00,FLEX,35.31999969482422,35.31999969482422,35.31999969482422,35.29999923706055,35.3125,2297.0
2024-10-25 12:08:00+00:00,FORM,45.310001373291016,45.310001373291016,45.310001373291016,45.290000915527344,45.290000915527344,820.0
2024-10-25 12:08:00+00:00,FROG,29.395000457763672,29.395000457763672,29.395000457763672,29.395000457763672,29.395000457763672,103.0
2024-10-25 12:08:00+00:00,FRSH,11.694999694824219,11.694999694824219,11.694999694824219,11.694999694824219,11.694999694824219,758.0
2024-10-25 12:08:00+00:00,FSLR,200.05999755859375,200.05999755859375,200.4499969482422,200.0399932861328,200.4499969482422,4940.0
2024-10-25 12:08:00+00:00,FTCI,0.6643999814987183,0.6643999814987183,0.6643999814987183,0.6643999814987183,0.6643999814987183,762.0
2024-10-25 12:08:00+00:00,FTNT,81.3927001953125,81.3927001953125,81.3949966430664,81.38999938964844,81.3949966430664,989.0
2024-10-25 12:08:00+00:00,GCT,24.950000762939453,24.950000762939453,24.950000762939453,24.924999237060547,24.924999237060547,1888.0
2024-10-25 12:08:00+00:00,GDS,21.700000762939453,21.700000762939453,21.700000762939453,21.700000762939453,21.700000762939453,399.0
2024-10-25 12:08:00+00:00,GFS,41.470001220703125,41.470001220703125,41.47999954223633,41.46500015258789,41.47999954223633,1689.0
2024-10-25 12:08:00+00:00,GPRO,1.3350000381469727,1.3350000381469727,1.3350000381469727,1.3350000381469727,1.3350000381469727,455.0
2024-10-25 12:08:00+00:00,GRAB,4.085000038146973,4.085000038146973,4.088200092315674,4.085000038146973,4.085000038146973,6687.0
2024-10-25 12:08:00+00:00,GRRR,4.5,4.5,4.5,4.5,4.5,153.0
2024-10-25 12:08:00+00:00,GSIT,3.460099935531616,3.460099935531616,3.460099935531616,3.4600000381469727,3.4600000381469727,600.0
2024-10-25 12:08:00+00:00,GTLB,55.58000183105469,55.58000183105469,55.58000183105469,55.58000183105469,55.58000183105469,854.0
2024-10-25 12:08:00+00:00,HCP,33.70000076293945,33.70000076293945,33.70000076293945,33.69499969482422,33.69599914550781,2405.0
2024-10-25 12:08:00+00:00,HLIT,14.755000114440918,14.755000114440918,14.760000228881836,14.755000114440918,14.760000228881836,2057.0
2024-10-25 12:08:00+00:00,HOLO,3.640000104904175,3.640000104904175,3.640000104904175,3.640000104904175,3.640000104904175,305.0
2024-10-25 12:08:00+00:00,HOOD,27.2549991607666,27.2549991607666,27.260000228881836,27.21500015258789,27.219999313354492,8861.0
2024-10-25 12:08:00+00:00,IDAI,0.2298000007867813,0.2298000007867813,0.2298000007867813,0.2298000007867813,0.2298000007867813,200.0
2024-10-25 12:08:00+00:00,III,3.059999942779541,3.059999942779541,3.059999942779541,3.059999942779541,3.059999942779541,733.0
2024-10-25 12:08:00+00:00,IMMR,8.744999885559082,8.744999885559082,8.75,8.744999885559082,8.75,484.0
2024-10-25 12:08:00+00:00,INDI,3.578900098800659,3.578900098800659,3.578900098800659,3.575000047683716,3.575000047683716,1646.0
2024-10-25 12:08:00+00:00,INTA,50.13999938964844,50.13999938964844,50.14500045776367,50.13999938964844,50.14500045776367,998.0
2024-10-25 12:08:00+00:00,INTC,23.184999465942383,23.184999465942383,23.190000534057617,23.170000076293945,23.174999237060547,51644.0
2024-10-25 12:08:00+00:00,INTU,610.8699951171875,610.8699951171875,610.8699951171875,610.8699951171875,610.8699951171875,1593.0
2024-10-25 12:08:00+00:00,IPGP,76.80999755859375,76.80999755859375,76.8550033569336,76.80999755859375,76.8550033569336,1222.0
2024-10-25 12:08:00+00:00,ITRN,27.059999465942383,27.059999465942383,27.059999465942383,27.059999465942383,27.059999465942383,233.0
2024-10-25 12:08:00+00:00,JAMF,16.829999923706055,16.829999923706055,16.829999923706055,16.829999923706055,16.829999923706055,92.0
2024-10-25 12:08:00+00:00,JKHY,183.8699951171875,183.8699951171875,183.8699951171875,183.8699951171875,183.8699951171875,645.0
2024-10-25 12:08:00+00:00,KARO,40.11000061035156,40.11000061035156,40.119998931884766,40.11000061035156,40.119998931884766,1772.0
2024-10-25 12:08:00+00:00,KLAC,681.75,681.75,681.75,681.75,681.75,470.0
2024-10-25 12:08:00+00:00,KLIC,44.380001068115234,44.380001068115234,44.380001068115234,44.380001068115234,44.380001068115234,405.0
2024-10-25 12:08:00+00:00,LINK,4.640900135040283,4.640900135040283,4.78000020980835,4.640900135040283,4.78000020980835,10510.0
2024-10-25 12:08:00+00:00,LITE,64.38999938964844,64.38999938964844,64.38999938964844,64.37000274658203,64.37000274658203,2015.0
2024-10-25 12:08:00+00:00,LPSN,1.1740000247955322,1.1740000247955322,1.1740000247955322,1.1740000247955322,1.1740000247955322,2563.0
2024-10-25 12:08:00+00:00,LRCX,79.1500015258789,79.1500015258789,79.16999816894531,79.12000274658203,79.16999816894531,12560.0
2024-10-25 12:08:00+00:00,LSCC,54.45000076293945,54.45000076293945,54.45000076293945,54.38999938964844,54.38999938964844,1446.0
2024-10-25 12:08:00+00:00,LYFT,13.807499885559082,13.807499885559082,13.8100004196167,13.805000305175781,13.805000305175781,2080.0
2024-10-25 12:08:00+00:00,MAPS,0.8500999808311462,0.8500999808311462,0.8500999808311462,0.8500999808311462,0.8500999808311462,4310.0
2024-10-25 12:08:00+00:00,MARK,0.10540000349283218,0.10540000349283218,0.10540000349283218,0.10540000349283218,0.10540000349283218,300.0
2024-10-25 12:08:00+00:00,MAXN,5.730100154876709,5.730100154876709,5.730100154876709,5.730100154876709,5.730100154876709,275.0
2024-10-25 12:08:00+00:00,MCHP,77.07499694824219,77.07499694824219,77.07499694824219,77.04000091552734,77.04000091552734,2394.0
2024-10-25 12:08:00+00:00,MITK,8.770000457763672,8.770000457763672,8.770000457763672,8.770000457763672,8.770000457763672,121.0
2024-10-25 12:08:00+00:00,MKSI,101.00499725341797,101.00499725341797,101.00499725341797,101.00499725341797,101.00499725341797,366.0
2024-10-25 12:08:00+00:00,MNDY,298.7850036621094,298.7850036621094,300.0,298.7850036621094,300.0,6882.0
2024-10-25 12:08:00+00:00,MPWR,919.239990234375,919.239990234375,919.239990234375,919.239990234375,919.239990234375,531.0
2024-10-25 12:08:00+00:00,MQ,5.264999866485596,5.264999866485596,5.264999866485596,5.264999866485596,5.264999866485596,354.0
2024-10-25 12:08:00+00:00,MRVL,82.44999694824219,82.44999694824219,82.44999694824219,82.38500213623047,82.41000366210938,17232.0
2024-10-25 12:08:00+00:00,MSFT,429.8500061035156,429.8500061035156,430.114990234375,429.8500061035156,430.1099853515625,29915.0
2024-10-25 12:08:00+00:00,MSTR,239.5500030517578,239.5500030517578,239.5500030517578,238.02999877929688,238.60000610351562,38355.0
2024-10-25 12:08:00+00:00,MTLS,6.0,6.0,6.0,6.0,6.0,332.0
2024-10-25 12:08:00+00:00,MTSI,120.23999786376953,120.23999786376953,120.23999786376953,120.23999786376953,120.23999786376953,115.0
2024-10-25 12:08:00+00:00,MU,109.16000366210938,109.16000366210938,109.16500091552734,109.05999755859375,109.08499908447266,9252.0
2024-10-25 12:08:00+00:00,MVIS,1.090000033378601,1.090000033378601,1.090000033378601,1.090000033378601,1.090000033378601,4000.0
2024-10-25 12:08:00+00:00,MXL,15.024999618530273,15.024999618530273,15.024999618530273,15.015000343322754,15.020000457763672,3671.0
2024-10-25 12:08:00+00:00,NCNO,37.689998626708984,37.689998626708984,37.70000076293945,37.685001373291016,37.689998626708984,2933.0
2024-10-25 12:08:00+00:00,NNDM,2.3450000286102295,2.3450000286102295,2.3450000286102295,2.343899965286255,2.3450000286102295,8029.0
2024-10-25 12:08:00+00:00,NTAP,120.48999786376953,120.48999786376953,120.48999786376953,120.44000244140625,120.44000244140625,1305.0
2024-10-25 12:08:00+00:00,NTNX,62.27000045776367,62.27000045776367,62.270999908447266,62.27000045776367,62.270999908447266,378.0
2024-10-25 12:08:00+00:00,NVDA,143.58990478515625,143.58990478515625,143.58999633789062,143.42999267578125,143.49000549316406,295157.0
2024-10-25 12:08:00+00:00,NVEI,33.52000045776367,33.52000045776367,33.52000045776367,33.52000045776367,33.52000045776367,113.0
2024-10-25 12:08:00+00:00,NVTS,2.5850000381469727,2.5850000381469727,2.5850000381469727,2.5850000381469727,2.5850000381469727,2044.0
2024-10-25 12:08:00+00:00,NXPI,245.06500244140625,245.06500244140625,245.06500244140625,245.0050048828125,245.0050048828125,838.0
2024-10-25 12:08:00+00:00,OKTA,72.52249908447266,72.52249908447266,72.52999877929688,72.5,72.51000213623047,2244.0
2024-10-25 12:08:00+00:00,ON,71.875,71.875,71.9000015258789,71.83000183105469,71.8499984741211,6132.0
2024-10-25 12:08:00+00:00,OSIS,136.38999938964844,136.38999938964844,136.7449951171875,136.27999877929688,136.52499389648438,15862.0
2024-10-25 12:08:00+00:00,PANW,369.5950012207031,369.5950012207031,369.6549987792969,369.5950012207031,369.6549987792969,1194.0
2024-10-25 12:08:00+00:00,PAYO,8.295000076293945,8.295000076293945,8.299799919128418,8.295000076293945,8.299799919128418,549.0
2024-10-25 12:08:00+00:00,PEGA,79.80000305175781,79.80000305175781,80.17500305175781,79.80000305175781,80.17500305175781,3946.0
2024-10-25 12:08:00+00:00,PGY,11.791799545288086,11.791799545288086,11.791799545288086,11.770000457763672,11.770000457763672,3233.0
2024-10-25 12:08:00+00:00,PHUN,10.1697998046875,10.1697998046875,10.180000305175781,10.150099754333496,10.164999961853027,23221.0
2024-10-25 12:08:00+00:00,PI,205.0399932861328,205.0399932861328,205.0399932861328,205.0399932861328,205.0399932861328,785.0
2024-10-25 12:08:00+00:00,PLXS,142.72000122070312,142.72000122070312,142.75999450683594,142.6750030517578,142.6750030517578,4765.0
2024-10-25 12:08:00+00:00,POET,3.9700000286102295,3.9700000286102295,3.9800000190734863,3.9700000286102295,3.9700000286102295,953.0
2024-10-25 12:08:00+00:00,PRGS,64.80500030517578,64.80500030517578,64.80500030517578,64.80500030517578,64.80500030517578,1228.0
2024-10-25 12:08:00+00:00,PTC,186.63999938964844,186.63999938964844,186.64999389648438,186.5800018310547,186.64999389648438,1771.0
2024-10-25 12:08:00+00:00,PUBM,14.890000343322754,14.890000343322754,14.899999618530273,14.890000343322754,14.899999618530273,642.0
2024-10-25 12:08:00+00:00,PYCR,14.335000038146973,14.335000038146973,14.34000015258789,14.335000038146973,14.34000015258789,1573.0
2024-10-25 12:08:00+00:00,QCOM,172.60000610351562,172.60000610351562,172.6750030517578,172.5399932861328,172.6750030517578,8507.0
2024-10-25 12:08:00+00:00,QLYS,120.37999725341797,120.37999725341797,120.37999725341797,120.37999725341797,120.37999725341797,256.0
2024-10-25 12:08:00+00:00,QRVO,100.18000030517578,100.18000030517578,100.18000030517578,100.18000030517578,100.18000030517578,522.0
2024-10-25 12:08:00+00:00,QUBT,1.0606000423431396,1.0606000423431396,1.0699000358581543,1.059999942779541,1.065000057220459,20532.0
2024-10-25 12:08:00+00:00,QUIK,8.6850004196167,8.6850004196167,8.6850004196167,8.6850004196167,8.6850004196167,189.0
2024-10-25 12:08:00+00:00,RCAT,2.75,2.75,2.75,2.744999885559082,2.744999885559082,9429.0
2024-10-25 12:08:00+00:00,RELY,14.75,14.75,14.75,14.75,14.75,612.0
2024-10-25 12:08:00+00:00,RGTI,1.2199000120162964,1.2199000120162964,1.2200000286102295,1.200700044631958,1.2091000080108643,70904.0
2024-10-25 12:08:00+00:00,RIOT,10.055000305175781,10.055000305175781,10.0600004196167,10.010000228881836,10.020999908447266,44745.0
2024-10-25 12:08:00+00:00,RMBS,43.505001068115234,43.505001068115234,43.505001068115234,43.505001068115234,43.505001068115234,1379.0
2024-10-25 12:08:00+00:00,RPD,39.064998626708984,39.064998626708984,39.064998626708984,39.064998626708984,39.064998626708984,649.0
2024-10-25 12:08:00+00:00,RUM,5.820000171661377,5.820000171661377,5.820000171661377,5.820000171661377,5.820000171661377,845.0
2024-10-25 12:08:00+00:00,RUN,14.4350004196167,14.4350004196167,14.46500015258789,14.4350004196167,14.46500015258789,6797.0
2024-10-25 12:08:00+00:00,SATS,25.274999618530273,25.274999618530273,25.274999618530273,25.274999618530273,25.274999618530273,385.0
2024-10-25 12:08:00+00:00,SEDG,16.16990089416504,16.16990089416504,16.16990089416504,16.158000946044922,16.15999984741211,3498.0
2024-10-25 12:08:00+00:00,SHLS,5.32450008392334,5.32450008392334,5.324999809265137,5.320000171661377,5.320000171661377,3987.0
2024-10-25 12:08:00+00:00,SIMO,57.154998779296875,57.154998779296875,57.154998779296875,57.13999938964844,57.13999938964844,1974.0
2024-10-25 12:08:00+00:00,SMCI,47.70500183105469,47.70500183105469,47.71989822387695,47.600101470947266,47.658199310302734,54387.0
2024-10-25 12:08:00+00:00,SMTC,45.72999954223633,45.72999954223633,45.72999954223633,45.72999954223633,45.72999954223633,252.0
2024-10-25 12:08:00+00:00,SNPS,503.8699035644531,503.8699035644531,503.8699035644531,503.8699035644531,503.8699035644531,294.0
2024-10-25 12:08:00+00:00,SOBR,7.650000095367432,7.650000095367432,7.659999847412109,7.650000095367432,7.659999847412109,3799.0
2024-10-25 12:08:00+00:00,SOUN,5.269999980926514,5.269999980926514,5.269999980926514,5.250100135803223,5.260200023651123,31251.0
2024-10-25 12:08:00+00:00,SPSC,172.6699981689453,172.6699981689453,172.9149932861328,172.6699981689453,172.9149932861328,526.0
2024-10-25 12:08:00+00:00,SRAD,12.359999656677246,12.359999656677246,12.359999656677246,12.359999656677246,12.359999656677246,739.0
2024-10-25 12:08:00+00:00,SSNC,69.83499908447266,69.83499908447266,69.8499984741211,69.81500244140625,69.81500244140625,5024.0
2024-10-25 12:08:00+00:00,SSYS,7.130000114440918,7.130000114440918,7.130000114440918,7.130000114440918,7.130000114440918,0.0
2024-10-25 12:08:00+00:00,STNE,11.46500015258789,11.46500015258789,11.470000267028809,11.46500015258789,11.46500015258789,921.0
2024-10-25 12:08:00+00:00,STX,103.87999725341797,103.87999725341797,103.9000015258789,103.86000061035156,103.86499786376953,2339.0
2024-10-25 12:08:00+00:00,SURG,1.7549999952316284,1.7549999952316284,1.7549999952316284,1.7549999952316284,1.7549999952316284,200.0
2024-10-25 12:08:00+00:00,SWKS,96.53500366210938,96.53500366210938,96.53500366210938,96.5,96.5,2170.0
2024-10-25 12:08:00+00:00,SYNA,73.7699966430664,73.7699966430664,73.7699966430664,73.7699966430664,73.7699966430664,114.0
2024-10-25 12:08:00+00:00,SYTA,1.309999942779541,1.309999942779541,1.3179999589920044,1.2999999523162842,1.2999999523162842,3804.0
2024-10-25 12:08:00+00:00,TEAM,189.9199981689453,189.9199981689453,189.94500732421875,189.8800048828125,189.92999267578125,2323.0
2024-10-25 12:08:00+00:00,TER,112.8550033569336,112.8550033569336,112.87000274658203,112.75,112.75,5023.0
2024-10-25 12:08:00+00:00,TGL,0.6798999905586243,0.6798999905586243,0.6798999905586243,0.6798999905586243,0.6798999905586243,910.0
2024-10-25 12:08:00+00:00,TLS,3.6600000858306885,3.6600000858306885,3.6600000858306885,3.6600000858306885,3.6600000858306885,1399.0
2024-10-25 12:08:00+00:00,TTD,119.56999969482422,119.56999969482422,119.56999969482422,119.44000244140625,119.44000244140625,1993.0
2024-10-25 12:08:00+00:00,TTMI,19.600000381469727,19.600000381469727,19.600000381469727,19.600000381469727,19.600000381469727,1803.0
2024-10-25 12:08:00+00:00,TWKS,4.449999809265137,4.449999809265137,4.449999809265137,4.449999809265137,4.449999809265137,934.0
2024-10-25 12:08:00+00:00,TXN,208.69000244140625,208.69000244140625,208.69000244140625,208.63999938964844,208.63999938964844,3521.0
2024-10-25 12:08:00+00:00,UEIC,8.130000114440918,8.130000114440918,8.149999618530273,8.130000114440918,8.149999618530273,2710.0
2024-10-25 12:08:00+00:00,VECO,29.6200008392334,29.6200008392334,29.6200008392334,29.6200008392334,29.6200008392334,414.0
2024-10-25 12:08:00+00:00,VERI,3.4000000953674316,3.4000000953674316,3.4000000953674316,3.4000000953674316,3.4000000953674316,567.0
2024-10-25 12:08:00+00:00,VERX,42.220001220703125,42.220001220703125,42.22999954223633,42.220001220703125,42.22999954223633,411.0
2024-10-25 12:08:00+00:00,VIAV,9.255000114440918,9.255000114440918,9.255000114440918,9.255000114440918,9.255000114440918,490.0
2024-10-25 12:08:00+00:00,VICR,46.66999816894531,46.66999816894531,46.68000030517578,46.650001525878906,46.68000030517578,1622.0
2024-10-25 12:08:00+00:00,VMEO,4.755000114440918,4.755000114440918,4.760000228881836,4.755000114440918,4.760000228881836,355.0
2024-10-25 12:08:00+00:00,VRAR,0.7293000221252441,0.7293000221252441,0.7293000221252441,0.7293000221252441,0.7293000221252441,177.0
2024-10-25 12:08:00+00:00,VRNS,56.814998626708984,56.814998626708984,56.814998626708984,56.8125,56.8125,360.0
2024-10-25 12:08:00+00:00,VSAT,10.40999984741211,10.40999984741211,10.414999961853027,10.40999984741211,10.40999984741211,1002.0
2024-10-25 12:08:00+00:00,VUZI,1.3200000524520874,1.3200000524520874,1.3200000524520874,1.309999942779541,1.309999942779541,1778.0
2024-10-25 12:08:00+00:00,WDAY,240.3074951171875,240.3074951171875,240.3074951171875,240.1649932861328,240.1649932861328,1204.0
2024-10-25 12:08:00+00:00,WDC,71.6500015258789,71.6500015258789,71.66000366210938,71.62000274658203,71.66000366210938,6652.0
2024-10-25 12:08:00+00:00,WISA,1.8450000286102295,1.8450000286102295,1.850000023841858,1.8450000286102295,1.850000023841858,1109.0
2024-10-25 12:08:00+00:00,WRAP,1.809999942779541,1.809999942779541,1.809999942779541,1.809999942779541,1.809999942779541,383.0
2024-10-25 12:08:00+00:00,XRX,10.119999885559082,10.119999885559082,10.119999885559082,10.119999885559082,10.119999885559082,551.0
2024-10-25 12:08:00+00:00,ZI,10.524999618530273,10.524999618530273,10.529999732971191,10.520000457763672,10.524999618530273,5023.0
2024-10-25 12:08:00+00:00,ZM,73.0999984741211,73.0999984741211,73.11000061035156,73.08000183105469,73.08000183105469,3167.0
2024-10-25 12:08:00+00:00,ZS,186.47000122070312,186.47000122070312,186.52999877929688,186.47000122070312,186.52999877929688,609.0
2024-10-25 12:09:00+00:00,AAOI,18.170000076293945,18.170000076293945,18.170000076293945,18.149999618530273,18.149999618530273,1184.0
2024-10-25 12:09:00+00:00,AAPL,232.3699951171875,232.3699951171875,232.39999389648438,232.17120361328125,232.172607421875,38493.0
2024-10-25 12:09:00+00:00,ACIW,48.779998779296875,48.779998779296875,48.79999923706055,48.7599983215332,48.779998779296875,1985.0
2024-10-25 12:09:00+00:00,ACLS,90.55000305175781,90.55000305175781,90.55000305175781,90.55000305175781,90.55000305175781,657.0
2024-10-25 12:09:00+00:00,ACMR,19.924999237060547,19.924999237060547,19.925899505615234,19.924999237060547,19.925899505615234,438.0
2024-10-25 12:09:00+00:00,ADBE,485.20001220703125,485.20001220703125,485.20001220703125,484.9442138671875,484.9442138671875,1028.0
2024-10-25 12:09:00+00:00,ADI,233.55999755859375,233.55999755859375,233.55999755859375,233.47000122070312,233.47000122070312,1556.0
2024-10-25 12:09:00+00:00,ADSK,286.6300048828125,286.6300048828125,286.6300048828125,286.6300048828125,286.6300048828125,763.0
2024-10-25 12:09:00+00:00,AEHR,17.049999237060547,17.049999237060547,17.049999237060547,17.0,17.0,5479.0
2024-10-25 12:09:00+00:00,AFRM,41.790000915527344,41.790000915527344,41.790000915527344,41.71200180053711,41.720001220703125,7513.0
2024-10-25 12:09:00+00:00,AKAM,102.93000030517578,102.93000030517578,102.93000030517578,102.93000030517578,102.93000030517578,776.0
2024-10-25 12:09:00+00:00,AKTS,0.05700000002980232,0.05700000002980232,0.057100001722574234,0.05700000002980232,0.05700000002980232,162981.0
2024-10-25 12:09:00+00:00,ALGM,22.809999465942383,22.809999465942383,22.809999465942383,22.760000228881836,22.760000228881836,3457.0
2024-10-25 12:09:00+00:00,ALTR,103.66000366210938,103.66000366210938,103.66000366210938,103.66000366210938,103.66000366210938,332.0
2024-10-25 12:09:00+00:00,AMAT,188.50999450683594,188.50999450683594,188.50999450683594,188.37869262695312,188.37869262695312,1880.0
2024-10-25 12:09:00+00:00,AMD,157.5850067138672,157.5850067138672,157.60989379882812,157.4600067138672,157.47000122070312,50490.0
2024-10-25 12:09:00+00:00,AMKR,30.15999984741211,30.15999984741211,30.15999984741211,30.149999618530273,30.149999618530273,3012.0
2024-10-25 12:09:00+00:00,AMPL,9.234999656677246,9.234999656677246,9.234999656677246,9.234999656677246,9.234999656677246,384.0
2024-10-25 12:09:00+00:00,ANSS,326.0299987792969,326.0299987792969,326.0299987792969,326.0299987792969,326.0299987792969,116.0
2024-10-25 12:09:00+00:00,ANY,1.0700000524520874,1.0700000524520874,1.0700000524520874,1.0700000524520874,1.0700000524520874,1866.0
2024-10-25 12:09:00+00:00,AOSL,36.540000915527344,36.540000915527344,36.540000915527344,36.540000915527344,36.540000915527344,399.0
2024-10-25 12:09:00+00:00,API,2.8450000286102295,2.8450000286102295,2.8450000286102295,2.8450000286102295,2.8450000286102295,1150.0
2024-10-25 12:09:00+00:00,APP,161.82000732421875,161.82000732421875,161.8300018310547,161.69000244140625,161.69000244140625,2920.0
2024-10-25 12:09:00+00:00,APPF,215.08999633789062,215.08999633789062,215.08999633789062,215.08999633789062,215.08999633789062,940.0
2024-10-25 12:09:00+00:00,APPS,3.0799999237060547,3.0799999237060547,3.0799999237060547,3.0799999237060547,3.0799999237060547,104.0
2024-10-25 12:09:00+00:00,ARQQ,7.03000020980835,7.03000020980835,7.099999904632568,7.03000020980835,7.099999904632568,2834.0
2024-10-25 12:09:00+00:00,ARRY,6.545000076293945,6.545000076293945,6.550000190734863,6.534999847412109,6.534999847412109,9403.0
2024-10-25 12:09:00+00:00,ASML,717.4677734375,717.4677734375,717.489990234375,717.1400146484375,717.1400146484375,800.0
2024-10-25 12:09:00+00:00,AUR,6.439899921417236,6.439899921417236,6.439899921417236,6.434999942779541,6.434999942779541,8050.0
2024-10-25 12:09:00+00:00,AUUD,0.6317999958992004,0.6317999958992004,0.6317999958992004,0.6317999958992004,0.6317999958992004,384.0
2024-10-25 12:09:00+00:00,AVDX,8.149999618530273,8.149999618530273,8.149999618530273,8.140000343322754,8.140000343322754,1462.0
2024-10-25 12:09:00+00:00,AVGO,176.17999267578125,176.17999267578125,176.25,176.0749969482422,176.0749969482422,9948.0
2024-10-25 12:09:00+00:00,AVNW,21.030000686645508,21.030000686645508,21.030000686645508,21.030000686645508,21.030000686645508,183.0
2024-10-25 12:09:00+00:00,AVT,54.150001525878906,54.150001525878906,54.15999984741211,54.11000061035156,54.11000061035156,4919.0
2024-10-25 12:09:00+00:00,BIGC,5.300000190734863,5.300000190734863,5.300000190734863,5.300000190734863,5.300000190734863,457.0
2024-10-25 12:09:00+00:00,BL,56.47999954223633,56.47999954223633,56.47999954223633,56.47999954223633,56.47999954223633,527.0
2024-10-25 12:09:00+00:00,BLZE,7.269999980926514,7.269999980926514,7.269999980926514,7.269999980926514,7.269999980926514,210.0
2024-10-25 12:09:00+00:00,BMBL,7.255000114440918,7.255000114440918,7.260000228881836,7.244999885559082,7.244999885559082,4090.0
2024-10-25 12:09:00+00:00,BSY,49.209999084472656,49.209999084472656,49.209999084472656,49.209999084472656,49.209999084472656,756.0
2024-10-25 12:09:00+00:00,CAMT,78.69000244140625,78.69000244140625,78.69000244140625,78.69000244140625,78.69000244140625,278.0
2024-10-25 12:09:00+00:00,CAN,0.9944000244140625,0.9944000244140625,0.9944000244140625,0.9922000169754028,0.9944000244140625,56732.0
2024-10-25 12:09:00+00:00,CDNS,259.5400085449219,259.5400085449219,259.5400085449219,259.45001220703125,259.5150146484375,6740.0
2024-10-25 12:09:00+00:00,CFLT,22.704999923706055,22.704999923706055,22.704999923706055,22.690000534057617,22.690000534057617,2952.0
2024-10-25 12:09:00+00:00,CGNX,39.0,39.0,39.0099983215332,39.0,39.0099983215332,504.0
2024-10-25 12:09:00+00:00,CLSK,11.930000305175781,11.930000305175781,11.9350004196167,11.90999984741211,11.9350004196167,29165.0
2024-10-25 12:09:00+00:00,CNDT,3.6549999713897705,3.6549999713897705,3.6600000858306885,3.6549999713897705,3.6600000858306885,803.0
2024-10-25 12:09:00+00:00,CNXC,45.10499954223633,45.10499954223633,45.10499954223633,45.10499954223633,45.10499954223633,1525.0
2024-10-25 12:09:00+00:00,COHR,95.21499633789062,95.21499633789062,95.21499633789062,95.09500122070312,95.09500122070312,4024.0
2024-10-25 12:09:00+00:00,COHU,26.309999465942383,26.309999465942383,26.309999465942383,26.309999465942383,26.309999465942383,637.0
2024-10-25 12:09:00+00:00,COIN,209.4499969482422,209.4499969482422,209.5,209.1199951171875,209.32000732421875,9633.0
2024-10-25 12:09:00+00:00,COMM,6.304999828338623,6.304999828338623,6.315000057220459,6.291999816894531,6.315000057220459,5371.0
2024-10-25 12:09:00+00:00,CORZ,13.270000457763672,13.270000457763672,13.279999732971191,13.25,13.270000457763672,17658.0
2024-10-25 12:09:00+00:00,CRCT,6.590000152587891,6.590000152587891,6.590000152587891,6.590000152587891,6.590000152587891,321.0
2024-10-25 12:09:00+00:00,CRDO,39.70000076293945,39.70000076293945,39.709999084472656,39.68000030517578,39.70000076293945,3678.0
2024-10-25 12:09:00+00:00,CRNC,2.9149999618530273,2.9149999618530273,2.9149999618530273,2.9149999618530273,2.9149999618530273,100.0
2024-10-25 12:09:00+00:00,CRUS,123.66000366210938,123.66000366210938,123.66000366210938,123.66000366210938,123.66000366210938,231.0
2024-10-25 12:09:00+00:00,CRWD,309.7349853515625,309.7349853515625,309.7950134277344,309.5899963378906,309.75,4276.0
2024-10-25 12:09:00+00:00,CSCO,56.0099983215332,56.0099983215332,56.0099983215332,55.994998931884766,55.994998931884766,4796.0
2024-10-25 12:09:00+00:00,CSIQ,13.699999809265137,13.699999809265137,13.699999809265137,13.678000450134277,13.680000305175781,3842.0
2024-10-25 12:09:00+00:00,CTSH,74.87999725341797,74.87999725341797,74.87999725341797,74.85900115966797,74.85900115966797,1891.0
2024-10-25 12:09:00+00:00,DBX,26.05500030517578,26.05500030517578,26.05500030517578,26.049999237060547,26.049999237060547,2392.0
2024-10-25 12:09:00+00:00,DDOG,127.37000274658203,127.37000274658203,127.37999725341797,127.37000274658203,127.37999725341797,2306.0
2024-10-25 12:09:00+00:00,DIOD,66.5199966430664,66.5199966430664,66.5199966430664,66.5199966430664,66.5199966430664,624.0
2024-10-25 12:09:00+00:00,DLO,8.8149995803833,8.8149995803833,8.8149995803833,8.8149995803833,8.8149995803833,358.0
2024-10-25 12:09:00+00:00,DOCU,69.87999725341797,69.87999725341797,69.8916015625,69.83660125732422,69.83660125732422,2372.0
2024-10-25 12:09:00+00:00,DOMO,8.010000228881836,8.010000228881836,8.010000228881836,8.010000228881836,8.010000228881836,113.0
2024-10-25 12:09:00+00:00,DUOL,289.3486022949219,289.3486022949219,289.3486022949219,289.3486022949219,289.3486022949219,379.0
2024-10-25 12:09:00+00:00,DUOT,4.099999904632568,4.099999904632568,4.119999885559082,4.099999904632568,4.118899822235107,1827.0
2024-10-25 12:09:00+00:00,EMKR,2.1201000213623047,2.1201000213623047,2.120300054550171,2.1201000213623047,2.1201000213623047,4066.0
2024-10-25 12:09:00+00:00,ENPH,83.71700286865234,83.71700286865234,83.8499984741211,83.66999816894531,83.8499984741211,22901.0
2024-10-25 12:09:00+00:00,ENTG,105.9800033569336,105.9800033569336,105.9800033569336,105.77999877929688,105.77999877929688,3302.0
2024-10-25 12:09:00+00:00,ERIC,8.475000381469727,8.475000381469727,8.475000381469727,8.470100402832031,8.475000381469727,0.0
2024-10-25 12:09:00+00:00,EXLS,38.935001373291016,38.935001373291016,38.939998626708984,38.93000030517578,38.93000030517578,689.0
2024-10-25 12:09:00+00:00,FIVN,30.100000381469727,30.100000381469727,30.100000381469727,30.079999923706055,30.100000381469727,863.0
2024-10-25 12:09:00+00:00,FLEX,35.33000183105469,35.33000183105469,35.334999084472656,35.31999969482422,35.31999969482422,1732.0
2024-10-25 12:09:00+00:00,FLYW,17.459999084472656,17.459999084472656,17.459999084472656,17.459999084472656,17.459999084472656,1240.0
2024-10-25 12:09:00+00:00,FORM,45.33000183105469,45.33000183105469,45.33000183105469,45.33000183105469,45.33000183105469,1401.0
2024-10-25 12:09:00+00:00,FROG,29.40999984741211,29.40999984741211,29.40999984741211,29.40999984741211,29.40999984741211,776.0
2024-10-25 12:09:00+00:00,FRSH,11.699999809265137,11.699999809265137,11.704999923706055,11.699999809265137,11.699999809265137,4618.0
2024-10-25 12:09:00+00:00,FSLR,199.6999969482422,199.6999969482422,199.89999389648438,199.6999969482422,199.85000610351562,3642.0
2024-10-25 12:09:00+00:00,FTCI,0.6643000245094299,0.6643000245094299,0.6643000245094299,0.6643000245094299,0.6643000245094299,800.0
2024-10-25 12:09:00+00:00,FTNT,81.44999694824219,81.44999694824219,81.44999694824219,81.4000015258789,81.4000015258789,2700.0
2024-10-25 12:09:00+00:00,GCT,24.940000534057617,24.940000534057617,24.940000534057617,24.90239906311035,24.90239906311035,1315.0
2024-10-25 12:09:00+00:00,GDS,21.700000762939453,21.700000762939453,21.709999084472656,21.700000762939453,21.709999084472656,2037.0
2024-10-25 12:09:00+00:00,GFS,41.540000915527344,41.540000915527344,41.540000915527344,41.5,41.5,2393.0
2024-10-25 12:09:00+00:00,GILT,4.942800045013428,4.942800045013428,4.942800045013428,4.940000057220459,4.940000057220459,1174.0
2024-10-25 12:09:00+00:00,GPRO,1.3350000381469727,1.3350000381469727,1.3350000381469727,1.3350000381469727,1.3350000381469727,450.0
2024-10-25 12:09:00+00:00,GRAB,4.085000038146973,4.085000038146973,4.085000038146973,4.079999923706055,4.079999923706055,7667.0
2024-10-25 12:09:00+00:00,GRRR,4.50029993057251,4.50029993057251,4.510000228881836,4.50029993057251,4.50600004196167,2161.0
2024-10-25 12:09:00+00:00,GTLB,55.59000015258789,55.59000015258789,55.59000015258789,55.59000015258789,55.59000015258789,347.0
2024-10-25 12:09:00+00:00,GVP,4.599999904632568,4.599999904632568,4.599999904632568,4.599999904632568,4.599999904632568,100.0
2024-10-25 12:09:00+00:00,HCKT,24.895000457763672,24.895000457763672,24.895000457763672,24.895000457763672,24.895000457763672,146.0
2024-10-25 12:09:00+00:00,HOLO,3.6500000953674316,3.6500000953674316,3.6600000858306885,3.6500000953674316,3.6545000076293945,2042.0
2024-10-25 12:09:00+00:00,HOOD,27.260099411010742,27.260099411010742,27.270000457763672,27.25,27.25,6878.0
2024-10-25 12:09:00+00:00,HTCR,1.0673999786376953,1.0673999786376953,1.0673999786376953,1.0499999523162842,1.0501999855041504,5494.0
2024-10-25 12:09:00+00:00,ICHR,27.860000610351562,27.860000610351562,27.860000610351562,27.825000762939453,27.84000015258789,1248.0
2024-10-25 12:09:00+00:00,IMMR,8.75,8.75,8.75,8.75,8.75,438.0
2024-10-25 12:09:00+00:00,INDI,3.575000047683716,3.575000047683716,3.575000047683716,3.572200059890747,3.5741000175476074,2360.0
2024-10-25 12:09:00+00:00,INFN,6.795000076293945,6.795000076293945,6.795000076293945,6.795000076293945,6.795000076293945,222.0
2024-10-25 12:09:00+00:00,INTC,23.209699630737305,23.209699630737305,23.209999084472656,23.187999725341797,23.190000534057617,130044.0
2024-10-25 12:09:00+00:00,IPGP,77.02999877929688,77.02999877929688,77.02999877929688,76.87000274658203,76.87999725341797,2842.0
2024-10-25 12:09:00+00:00,JAMF,16.829999923706055,16.829999923706055,16.829999923706055,16.829999923706055,16.829999923706055,1244.0
2024-10-25 12:09:00+00:00,JKHY,184.0399932861328,184.0399932861328,184.0399932861328,184.0399932861328,184.0399932861328,235.0
2024-10-25 12:09:00+00:00,KC,2.7149999141693115,2.7149999141693115,2.7149999141693115,2.7149999141693115,2.7149999141693115,211.0
2024-10-25 12:09:00+00:00,KLAC,681.9400024414062,681.9400024414062,681.9400024414062,681.719970703125,681.719970703125,2425.0
2024-10-25 12:09:00+00:00,KOPN,0.7760000228881836,0.7760000228881836,0.7760000228881836,0.7760000228881836,0.7760000228881836,842.0
2024-10-25 12:09:00+00:00,KOSS,7.409999847412109,7.409999847412109,7.409999847412109,7.409999847412109,7.409999847412109,210.0
2024-10-25 12:09:00+00:00,KVHI,4.670000076293945,4.670000076293945,4.670000076293945,4.670000076293945,4.670000076293945,108.0
2024-10-25 12:09:00+00:00,LASR,10.470000267028809,10.470000267028809,10.470000267028809,10.470000267028809,10.470000267028809,304.0
2024-10-25 12:09:00+00:00,LINK,4.599999904632568,4.599999904632568,4.7210001945495605,4.599999904632568,4.632900238037109,3637.0
2024-10-25 12:09:00+00:00,LITE,64.4800033569336,64.4800033569336,64.4800033569336,64.39749908447266,64.39749908447266,1138.0
2024-10-25 12:09:00+00:00,LOGI,81.23500061035156,81.23500061035156,81.23500061035156,81.23500061035156,81.23500061035156,424.0
2024-10-25 12:09:00+00:00,LPTH,1.7000000476837158,1.7000000476837158,1.7000000476837158,1.7000000476837158,1.7000000476837158,650.0
2024-10-25 12:09:00+00:00,LRCX,79.16999816894531,79.16999816894531,79.2300033569336,79.14099884033203,79.14099884033203,13479.0
2024-10-25 12:09:00+00:00,LSCC,54.47999954223633,54.47999954223633,54.4900016784668,54.45000076293945,54.470001220703125,3606.0
2024-10-25 12:09:00+00:00,LYFT,13.8149995803833,13.8149995803833,13.8149995803833,13.803199768066406,13.8100004196167,8056.0
2024-10-25 12:09:00+00:00,MANH,275.5400085449219,275.5400085449219,275.5400085449219,275.5249938964844,275.5249938964844,1354.0
2024-10-25 12:09:00+00:00,MAXN,5.760000228881836,5.760000228881836,5.760000228881836,5.760000228881836,5.760000228881836,117.0
2024-10-25 12:09:00+00:00,MCHP,77.1051025390625,77.1051025390625,77.1051025390625,77.05999755859375,77.06999969482422,5824.0
2024-10-25 12:09:00+00:00,MKSI,101.01499938964844,101.01499938964844,101.01499938964844,101.01499938964844,101.01499938964844,281.0
2024-10-25 12:09:00+00:00,MNDY,298.5,298.5,298.9599914550781,297.9750061035156,298.7850036621094,6069.0
2024-10-25 12:09:00+00:00,MPWR,919.0399780273438,919.0399780273438,919.4500122070312,919.013427734375,919.4500122070312,908.0
2024-10-25 12:09:00+00:00,MQ,5.260000228881836,5.260000228881836,5.275000095367432,5.260000228881836,5.269999980926514,24012.0
2024-10-25 12:09:00+00:00,MRVL,82.63999938964844,82.63999938964844,82.63999938964844,82.45999908447266,82.45999908447266,10599.0
2024-10-25 12:09:00+00:00,MSFT,430.1199951171875,430.1199951171875,430.1700134277344,429.8500061035156,429.8800048828125,16627.0
2024-10-25 12:09:00+00:00,MSTR,239.89990234375,239.89990234375,239.89990234375,239.3000030517578,239.3000030517578,35082.0
2024-10-25 12:09:00+00:00,MTLS,6.019899845123291,6.019899845123291,6.019899845123291,6.0,6.0,262.0
2024-10-25 12:09:00+00:00,MTSI,120.43000030517578,120.43000030517578,120.43000030517578,120.30999755859375,120.30999755859375,812.0
2024-10-25 12:09:00+00:00,MU,109.23500061035156,109.23500061035156,109.26000213623047,109.15499877929688,109.16000366210938,23222.0
2024-10-25 12:09:00+00:00,MVIS,1.100000023841858,1.100000023841858,1.100000023841858,1.0907000303268433,1.0907000303268433,200.0
2024-10-25 12:09:00+00:00,MXL,15.09000015258789,15.09000015258789,15.09000015258789,15.024999618530273,15.024999618530273,4186.0
2024-10-25 12:09:00+00:00,NCNO,37.685001373291016,37.685001373291016,37.70000076293945,37.68000030517578,37.689998626708984,4146.0
2024-10-25 12:09:00+00:00,NNDM,2.3450000286102295,2.3450000286102295,2.3450000286102295,2.3450000286102295,2.3450000286102295,162.0
2024-10-25 12:09:00+00:00,NTAP,120.51499938964844,120.51499938964844,120.55000305175781,120.48999786376953,120.48999786376953,7168.0
2024-10-25 12:09:00+00:00,NTCT,20.760000228881836,20.760000228881836,20.760000228881836,20.760000228881836,20.760000228881836,1932.0
2024-10-25 12:09:00+00:00,NTNX,62.29999923706055,62.29999923706055,62.29999923706055,62.279998779296875,62.279998779296875,2256.0
2024-10-25 12:09:00+00:00,NVDA,143.69500732421875,143.69500732421875,143.6999969482422,143.5500030517578,143.58009338378906,283987.0
2024-10-25 12:09:00+00:00,NVMI,184.67999267578125,184.67999267578125,184.72999572753906,184.67999267578125,184.72999572753906,244.0
2024-10-25 12:09:00+00:00,NVTS,2.5850000381469727,2.5850000381469727,2.5850000381469727,2.5850000381469727,2.5850000381469727,214.0
2024-10-25 12:09:00+00:00,NXPI,245.1999969482422,245.1999969482422,245.1999969482422,245.13999938964844,245.13999938964844,1634.0
2024-10-25 12:09:00+00:00,OKTA,72.42009735107422,72.42009735107422,72.5250015258789,72.42009735107422,72.5,2288.0
2024-10-25 12:09:00+00:00,ON,71.94000244140625,71.94000244140625,71.97000122070312,71.875,71.875,11803.0
2024-10-25 12:09:00+00:00,OSIS,136.55999755859375,136.55999755859375,136.55999755859375,136.55999755859375,136.55999755859375,1060.0
2024-10-25 12:09:00+00:00,OTEX,33.369998931884766,33.369998931884766,33.369998931884766,33.369998931884766,33.369998931884766,800.0
2024-10-25 12:09:00+00:00,PANW,369.81988525390625,369.81988525390625,369.81988525390625,369.54998779296875,369.54998779296875,1130.0
2024-10-25 12:09:00+00:00,PAYO,8.300000190734863,8.300000190734863,8.300000190734863,8.300000190734863,8.300000190734863,998.0
2024-10-25 12:09:00+00:00,PEGA,79.72000122070312,79.72000122070312,79.72000122070312,79.72000122070312,79.72000122070312,624.0
2024-10-25 12:09:00+00:00,PGY,11.800000190734863,11.800000190734863,11.800000190734863,11.800000190734863,11.800000190734863,228.0
2024-10-25 12:09:00+00:00,PHUN,10.190099716186523,10.190099716186523,10.199999809265137,10.170000076293945,10.170000076293945,36078.0
2024-10-25 12:09:00+00:00,PLXS,142.8350067138672,142.8350067138672,142.8350067138672,142.72000122070312,142.72000122070312,1539.0
2024-10-25 12:09:00+00:00,POET,3.9700000286102295,3.9700000286102295,3.9700000286102295,3.9700000286102295,3.9700000286102295,637.0
2024-10-25 12:09:00+00:00,POWI,64.27999877929688,64.27999877929688,64.27999877929688,64.25,64.25,882.0
2024-10-25 12:09:00+00:00,PRCH,1.3350000381469727,1.3350000381469727,1.3350000381469727,1.3350000381469727,1.3350000381469727,200.0
2024-10-25 12:09:00+00:00,PTC,186.60000610351562,186.60000610351562,186.60000610351562,186.60000610351562,186.60000610351562,777.0
2024-10-25 12:09:00+00:00,PUBM,14.880000114440918,14.880000114440918,14.880000114440918,14.875,14.875,1277.0
2024-10-25 12:09:00+00:00,QCOM,172.71380615234375,172.71380615234375,172.71380615234375,172.60000610351562,172.60000610351562,4435.0
2024-10-25 12:09:00+00:00,QMCO,5.25,5.25,5.25,5.25,5.25,1400.0
2024-10-25 12:09:00+00:00,QRVO,100.31999969482422,100.31999969482422,100.31999969482422,100.22750091552734,100.25,3608.0
2024-10-25 12:09:00+00:00,QUBT,1.0648000240325928,1.0648000240325928,1.065000057220459,1.0648000240325928,1.065000057220459,3318.0
2024-10-25 12:09:00+00:00,RCAT,2.759999990463257,2.759999990463257,2.759999990463257,2.750200033187866,2.759999990463257,840.0
2024-10-25 12:09:00+00:00,RELL,13.965200424194336,13.965200424194336,13.965200424194336,13.965200424194336,13.965200424194336,1867.0
2024-10-25 12:09:00+00:00,RELY,14.744000434875488,14.744000434875488,14.75,14.744000434875488,14.75,788.0
2024-10-25 12:09:00+00:00,RGTI,1.2200000286102295,1.2200000286102295,1.2200000286102295,1.215000033378601,1.2187000513076782,7039.0
2024-10-25 12:09:00+00:00,RIOT,10.065999984741211,10.065999984741211,10.069899559020996,10.055000305175781,10.055000305175781,36299.0
2024-10-25 12:09:00+00:00,RMBS,43.525001525878906,43.525001525878906,43.529998779296875,43.5099983215332,43.5099983215332,1237.0
2024-10-25 12:09:00+00:00,RMNI,1.7259999513626099,1.7259999513626099,1.7259999513626099,1.7259999513626099,1.7259999513626099,656.0
2024-10-25 12:09:00+00:00,RPAY,7.599999904632568,7.599999904632568,7.599999904632568,7.599999904632568,7.599999904632568,505.0
2024-10-25 12:09:00+00:00,RUM,5.815700054168701,5.815700054168701,5.815700054168701,5.815700054168701,5.815700054168701,101.0
2024-10-25 12:09:00+00:00,RUN,14.4399995803833,14.4399995803833,14.444999694824219,14.4350004196167,14.4350004196167,4529.0
2024-10-25 12:09:00+00:00,SEDG,16.149999618530273,16.149999618530273,16.178800582885742,16.1200008392334,16.165000915527344,9729.0
2024-10-25 12:09:00+00:00,SHLS,5.324999809265137,5.324999809265137,5.325099945068359,5.324999809265137,5.325099945068359,0.0
2024-10-25 12:09:00+00:00,SIMO,57.189998626708984,57.189998626708984,57.189998626708984,57.189998626708984,57.189998626708984,266.0
2024-10-25 12:09:00+00:00,SLAB,115.8499984741211,115.8499984741211,115.8499984741211,115.8499984741211,115.8499984741211,566.0
2024-10-25 12:09:00+00:00,SMCI,47.77000045776367,47.77000045776367,47.77000045776367,47.689998626708984,47.700801849365234,36741.0
2024-10-25 12:09:00+00:00,SMTC,45.72999954223633,45.72999954223633,45.72999954223633,45.709999084472656,45.709999084472656,472.0
2024-10-25 12:09:00+00:00,SNPS,503.75799560546875,503.75799560546875,503.75799560546875,503.75799560546875,503.75799560546875,492.0
2024-10-25 12:09:00+00:00,SONO,12.8149995803833,12.8149995803833,12.8149995803833,12.8149995803833,12.8149995803833,1183.0
2024-10-25 12:09:00+00:00,SOUN,5.265699863433838,5.265699863433838,5.269999980926514,5.264999866485596,5.269999980926514,23010.0
2024-10-25 12:09:00+00:00,SPSC,173.10000610351562,173.10000610351562,173.2888946533203,173.10000610351562,173.2888946533203,808.0
2024-10-25 12:09:00+00:00,SSNC,69.88999938964844,69.88999938964844,69.91000366210938,69.83499908447266,69.8499984741211,15322.0
2024-10-25 12:09:00+00:00,SSTI,11.5,11.5,11.5,11.5,11.5,439.0
2024-10-25 12:09:00+00:00,STNE,11.5,11.5,11.5,11.470000267028809,11.470000267028809,38925.0
2024-10-25 12:09:00+00:00,STX,103.91999816894531,103.91999816894531,103.91999816894531,103.87000274658203,103.87000274658203,2911.0
2024-10-25 12:09:00+00:00,SWKS,96.55999755859375,96.55999755859375,96.55999755859375,96.52999877929688,96.52999877929688,2683.0
2024-10-25 12:09:00+00:00,SYNA,73.7699966430664,73.7699966430664,73.7699966430664,73.7699966430664,73.7699966430664,614.0
2024-10-25 12:09:00+00:00,SYTA,1.309999942779541,1.309999942779541,1.315000057220459,1.309999942779541,1.315000057220459,2731.0
2024-10-25 12:09:00+00:00,TACT,4.164999961853027,4.164999961853027,4.164999961853027,4.164999961853027,4.164999961853027,101.0
2024-10-25 12:09:00+00:00,TEAM,189.8800048828125,189.8800048828125,189.89999389648438,189.875,189.89999389648438,987.0
2024-10-25 12:09:00+00:00,TENB,41.849998474121094,41.849998474121094,41.849998474121094,41.849998474121094,41.849998474121094,196.0
2024-10-25 12:09:00+00:00,TER,112.97000122070312,112.97000122070312,112.97000122070312,112.88999938964844,112.88999938964844,2792.0
2024-10-25 12:09:00+00:00,TRMB,61.060001373291016,61.060001373291016,61.06129837036133,61.04999923706055,61.04999923706055,1129.0
2024-10-25 12:09:00+00:00,TSEM,44.97999954223633,44.97999954223633,44.97999954223633,44.97999954223633,44.97999954223633,469.0
2024-10-25 12:09:00+00:00,TTD,119.63500213623047,119.63500213623047,119.63999938964844,119.58999633789062,119.58999633789062,1462.0
2024-10-25 12:09:00+00:00,TWKS,4.449999809265137,4.449999809265137,4.449999809265137,4.449999809265137,4.449999809265137,10552.0
2024-10-25 12:09:00+00:00,TXN,208.80999755859375,208.80999755859375,208.80999755859375,208.6699981689453,208.6699981689453,2864.0
2024-10-25 12:09:00+00:00,UEIC,8.135000228881836,8.135000228881836,8.15999984741211,8.135000228881836,8.15999984741211,131.0
2024-10-25 12:09:00+00:00,VECO,29.59000015258789,29.59000015258789,29.6200008392334,29.59000015258789,29.610000610351562,4623.0
2024-10-25 12:09:00+00:00,VERX,42.224998474121094,42.224998474121094,42.224998474121094,42.224998474121094,42.224998474121094,435.0
2024-10-25 12:09:00+00:00,VMEO,4.760000228881836,4.760000228881836,4.760000228881836,4.755000114440918,4.760000228881836,363.0
2024-10-25 12:09:00+00:00,VOXX,7.590000152587891,7.590000152587891,7.590000152587891,7.590000152587891,7.590000152587891,1008.0
2024-10-25 12:09:00+00:00,VRNS,56.814998626708984,56.814998626708984,56.814998626708984,56.810001373291016,56.810001373291016,466.0
2024-10-25 12:09:00+00:00,VRNT,22.209999084472656,22.209999084472656,22.209999084472656,22.174999237060547,22.190000534057617,9057.0
2024-10-25 12:09:00+00:00,VRSN,185.5800018310547,185.5800018310547,185.75,185.5800018310547,185.75,856.0
2024-10-25 12:09:00+00:00,VSAT,10.414999961853027,10.414999961853027,10.416000366210938,10.414999961853027,10.414999961853027,4075.0
2024-10-25 12:09:00+00:00,VVPR,0.7900000214576721,0.7900000214576721,0.7979999780654907,0.7900000214576721,0.7979999780654907,1450.0
2024-10-25 12:09:00+00:00,WDAY,240.25,240.25,240.3000030517578,240.25,240.2550048828125,1775.0
2024-10-25 12:09:00+00:00,WDC,71.67500305175781,71.67500305175781,71.69999694824219,71.62999725341797,71.62999725341797,16238.0
2024-10-25 12:09:00+00:00,WISA,1.8407000303268433,1.8407000303268433,1.850000023841858,1.8401000499725342,1.8401000499725342,1916.0
2024-10-25 12:09:00+00:00,WRAP,1.8250000476837158,1.8250000476837158,1.8250000476837158,1.8250000476837158,1.8250000476837158,11092.0
2024-10-25 12:09:00+00:00,XRX,10.114999771118164,10.114999771118164,10.114999771118164,10.114999771118164,10.114999771118164,293.0
2024-10-25 12:09:00+00:00,ZI,10.529999732971191,10.529999732971191,10.529999732971191,10.526300430297852,10.526300430297852,1357.0
2024-10-25 12:09:00+00:00,ZM,73.0999984741211,73.0999984741211,73.0999984741211,73.09010314941406,73.09010314941406,517.0
2024-10-25 12:09:00+00:00,ZS,186.45140075683594,186.45140075683594,186.45140075683594,186.45140075683594,186.45140075683594,421.0
2024-10-25 12:10:00+00:00,AAOI,18.200000762939453,18.200000762939453,18.200000762939453,18.200000762939453,18.200000762939453,273.0
2024-10-25 12:10:00+00:00,AAPL,232.52999877929688,232.52999877929688,232.52999877929688,232.32000732421875,232.36000061035156,67151.0
2024-10-25 12:10:00+00:00,ACLS,90.5999984741211,90.5999984741211,90.62999725341797,90.5999984741211,90.62999725341797,957.0
2024-10-25 12:10:00+00:00,ACMR,19.93000030517578,19.93000030517578,19.940000534057617,19.920000076293945,19.92530059814453,905.0
2024-10-25 12:10:00+00:00,ADBE,485.2449951171875,485.2449951171875,485.2449951171875,485.0830078125,485.2149963378906,1185.0
2024-10-25 12:10:00+00:00,ADI,233.6300048828125,233.6300048828125,233.6300048828125,233.6300048828125,233.6300048828125,622.0
2024-10-25 12:10:00+00:00,ADSK,286.6449890136719,286.6449890136719,286.6449890136719,286.635009765625,286.635009765625,2922.0
2024-10-25 12:10:00+00:00,ADTN,6.389999866485596,6.389999866485596,6.389999866485596,6.380000114440918,6.380000114440918,1463.0
2024-10-25 12:10:00+00:00,AEHR,17.06999969482422,17.06999969482422,17.06999969482422,17.0575008392334,17.06570053100586,2645.0
2024-10-25 12:10:00+00:00,AFRM,41.869998931884766,41.869998931884766,41.869998931884766,41.779998779296875,41.779998779296875,12100.0
2024-10-25 12:10:00+00:00,AKAM,102.94499969482422,102.94499969482422,102.94499969482422,102.93000030517578,102.93000030517578,884.0
2024-10-25 12:10:00+00:00,AKTS,0.057100001722574234,0.057100001722574234,0.057100001722574234,0.057100001722574234,0.057100001722574234,0.0
2024-10-25 12:10:00+00:00,ALGM,22.829999923706055,22.829999923706055,22.84000015258789,22.81999969482422,22.829999923706055,2804.0
2024-10-25 12:10:00+00:00,ALRM,54.70500183105469,54.70500183105469,54.70500183105469,54.70500183105469,54.70500183105469,472.0
2024-10-25 12:10:00+00:00,ALTR,103.69999694824219,103.69999694824219,103.69999694824219,103.69999694824219,103.69999694824219,239.0
2024-10-25 12:10:00+00:00,AMAT,188.47999572753906,188.47999572753906,188.5399932861328,188.4600067138672,188.49249267578125,18852.0
2024-10-25 12:10:00+00:00,AMD,157.6199951171875,157.6199951171875,157.63999938964844,157.55099487304688,157.5850067138672,32933.0
2024-10-25 12:10:00+00:00,AMKR,30.163999557495117,30.163999557495117,30.163999557495117,30.163999557495117,30.163999557495117,1039.0
2024-10-25 12:10:00+00:00,AMST,2.875,2.875,2.875,2.875,2.875,4000.0
2024-10-25 12:10:00+00:00,ANSS,326.0,326.0,326.0,326.0,326.0,1709.0
2024-10-25 12:10:00+00:00,API,2.8450000286102295,2.8450000286102295,2.8450000286102295,2.8450000286102295,2.8450000286102295,306.0
2024-10-25 12:10:00+00:00,APP,161.9149932861328,161.9149932861328,161.9698944091797,161.77999877929688,161.7899932861328,3668.0
2024-10-25 12:10:00+00:00,APPF,215.0659942626953,215.0659942626953,215.50999450683594,215.0659942626953,215.50999450683594,412.0
2024-10-25 12:10:00+00:00,APPS,3.0799999237060547,3.0799999237060547,3.085099935531616,3.0799999237060547,3.0850000381469727,1632.0
2024-10-25 12:10:00+00:00,ARRY,6.545000076293945,6.545000076293945,6.550000190734863,6.539999961853027,6.545000076293945,6361.0
2024-10-25 12:10:00+00:00,ASML,717.5,717.5,717.5,717.489990234375,717.489990234375,3764.0
2024-10-25 12:10:00+00:00,AVDX,8.149999618530273,8.149999618530273,8.149999618530273,8.149999618530273,8.149999618530273,952.0
2024-10-25 12:10:00+00:00,AVGO,176.17999267578125,176.17999267578125,176.22000122070312,176.1300048828125,176.16000366210938,20307.0
2024-10-25 12:10:00+00:00,AVNW,21.030000686645508,21.030000686645508,21.030000686645508,21.030000686645508,21.030000686645508,260.0
2024-10-25 12:10:00+00:00,AVPT,12.020000457763672,12.020000457763672,12.029999732971191,12.020000457763672,12.029999732971191,1639.0
2024-10-25 12:10:00+00:00,AVT,54.15999984741211,54.15999984741211,54.15999984741211,54.15999984741211,54.15999984741211,1503.0
2024-10-25 12:10:00+00:00,BAND,17.729999542236328,17.729999542236328,17.729999542236328,17.709999084472656,17.709999084472656,1090.0
2024-10-25 12:10:00+00:00,BASE,16.414499282836914,16.414499282836914,16.414499282836914,16.414499282836914,16.414499282836914,928.0
2024-10-25 12:10:00+00:00,BIGC,5.315000057220459,5.315000057220459,5.315000057220459,5.309999942779541,5.309999942779541,4009.0
2024-10-25 12:10:00+00:00,BMBL,7.255000114440918,7.255000114440918,7.255000114440918,7.25,7.255000114440918,1691.0
2024-10-25 12:10:00+00:00,CAMT,78.69000244140625,78.69000244140625,78.69000244140625,78.69000244140625,78.69000244140625,432.0
2024-10-25 12:10:00+00:00,CAN,0.9927999973297119,0.9927999973297119,0.9976999759674072,0.9927999973297119,0.9944999814033508,28041.0
2024-10-25 12:10:00+00:00,CDNS,259.6300048828125,259.6300048828125,259.6300048828125,259.5,259.5,2246.0
2024-10-25 12:10:00+00:00,CFLT,22.69499969482422,22.69499969482422,22.700000762939453,22.690000534057617,22.700000762939453,3867.0
2024-10-25 12:10:00+00:00,CGNX,39.040000915527344,39.040000915527344,39.040000915527344,39.029998779296875,39.029998779296875,333.0
2024-10-25 12:10:00+00:00,CLBT,18.149999618530273,18.149999618530273,18.149999618530273,18.149999618530273,18.149999618530273,466.0
2024-10-25 12:10:00+00:00,CLSK,11.944000244140625,11.944000244140625,11.944999694824219,11.920000076293945,11.930000305175781,47359.0
2024-10-25 12:10:00+00:00,CNDT,3.6549999713897705,3.6549999713897705,3.6549999713897705,3.6549999713897705,3.6549999713897705,229.0
2024-10-25 12:10:00+00:00,COHR,95.23500061035156,95.23500061035156,95.25,95.18000030517578,95.21499633789062,1866.0
2024-10-25 12:10:00+00:00,COIN,209.57000732421875,209.57000732421875,209.5998992919922,209.25,209.4499969482422,7930.0
2024-10-25 12:10:00+00:00,COMM,6.304999828338623,6.304999828338623,6.304999828338623,6.300300121307373,6.301300048828125,3079.0
2024-10-25 12:10:00+00:00,CORZ,13.3100004196167,13.3100004196167,13.319999694824219,13.289899826049805,13.289899826049805,22308.0
2024-10-25 12:10:00+00:00,CORZW,7.770100116729736,7.770100116729736,7.770100116729736,7.769999980926514,7.769999980926514,10205.0
2024-10-25 12:10:00+00:00,CRDO,39.70000076293945,39.70000076293945,39.720001220703125,39.689998626708984,39.720001220703125,3034.0
2024-10-25 12:10:00+00:00,CRNC,2.9049999713897705,2.9049999713897705,2.9100000858306885,2.9049999713897705,2.9100000858306885,8044.0
2024-10-25 12:10:00+00:00,CRUS,123.70999908447266,123.70999908447266,123.70999908447266,123.66000366210938,123.66000366210938,214.0
2024-10-25 12:10:00+00:00,CRWD,309.473388671875,309.473388671875,309.86749267578125,309.473388671875,309.86749267578125,7325.0
2024-10-25 12:10:00+00:00,CSCO,56.01499938964844,56.01499938964844,56.02000045776367,56.005001068115234,56.006900787353516,5024.0
2024-10-25 12:10:00+00:00,CSIQ,13.739999771118164,13.739999771118164,13.739999771118164,13.710000038146973,13.710000038146973,2471.0
2024-10-25 12:10:00+00:00,CTLP,8.90999984741211,8.90999984741211,8.90999984741211,8.90999984741211,8.90999984741211,1352.0
2024-10-25 12:10:00+00:00,CTSH,74.87999725341797,74.87999725341797,74.87999725341797,74.87999725341797,74.87999725341797,1224.0
2024-10-25 12:10:00+00:00,DBX,26.05500030517578,26.05500030517578,26.05500030517578,26.05500030517578,26.05500030517578,1697.0
2024-10-25 12:10:00+00:00,DDOG,127.41000366210938,127.41000366210938,127.41000366210938,127.41000366210938,127.41000366210938,358.0
2024-10-25 12:10:00+00:00,DGHI,1.5999000072479248,1.5999000072479248,1.5999000072479248,1.590000033378601,1.590000033378601,0.0
2024-10-25 12:10:00+00:00,DMRC,31.5,31.5,31.5,31.5,31.5,827.0
2024-10-25 12:10:00+00:00,DOCU,69.81500244140625,69.81500244140625,69.87000274658203,69.81500244140625,69.85009765625,4794.0
2024-10-25 12:10:00+00:00,DOMO,8.0,8.0,8.0,8.0,8.0,131.0
2024-10-25 12:10:00+00:00,DOX,89.69999694824219,89.69999694824219,89.69999694824219,89.69000244140625,89.69000244140625,1828.0
2024-10-25 12:10:00+00:00,ENPH,83.75,83.75,83.80000305175781,83.61000061035156,83.7249984741211,18745.0
2024-10-25 12:10:00+00:00,ENTG,105.94499969482422,105.94499969482422,105.94499969482422,105.94499969482422,105.94499969482422,973.0
2024-10-25 12:10:00+00:00,ERIC,8.479499816894531,8.479499816894531,8.479900360107422,8.473099708557129,8.475000381469727,91786.0
2024-10-25 12:10:00+00:00,EXLS,38.90999984741211,38.90999984741211,38.91999816894531,38.90999984741211,38.91999816894531,737.0
2024-10-25 12:10:00+00:00,EXTR,14.505000114440918,14.505000114440918,14.505000114440918,14.505000114440918,14.505000114440918,696.0
2024-10-25 12:10:00+00:00,FIVN,30.104999542236328,30.104999542236328,30.104999542236328,30.104999542236328,30.104999542236328,1672.0
2024-10-25 12:10:00+00:00,FLEX,35.34000015258789,35.34000015258789,35.34000015258789,35.34000015258789,35.34000015258789,995.0
2024-10-25 12:10:00+00:00,FROG,29.399999618530273,29.399999618530273,29.399999618530273,29.399999618530273,29.399999618530273,291.0
2024-10-25 12:10:00+00:00,FRSH,11.699999809265137,11.699999809265137,11.699999809265137,11.699999809265137,11.699999809265137,1466.0
2024-10-25 12:10:00+00:00,FSLR,199.63999938964844,199.63999938964844,199.90499877929688,199.63999938964844,199.8300018310547,7522.0
2024-10-25 12:10:00+00:00,FTCI,0.6643000245094299,0.6643000245094299,0.6660000085830688,0.6643000245094299,0.6660000085830688,0.0
2024-10-25 12:10:00+00:00,FTNT,81.41000366210938,81.41000366210938,81.44999694824219,81.41000366210938,81.44000244140625,2301.0
2024-10-25 12:10:00+00:00,GCT,24.950000762939453,24.950000762939453,24.950000762939453,24.930099487304688,24.930099487304688,1220.0
2024-10-25 12:10:00+00:00,GDYN,15.598999977111816,15.598999977111816,15.598999977111816,15.598999977111816,15.598999977111816,101.0
2024-10-25 12:10:00+00:00,GFS,41.52000045776367,41.52000045776367,41.52000045776367,41.52000045776367,41.52000045776367,558.0
2024-10-25 12:10:00+00:00,GPRO,1.3350000381469727,1.3350000381469727,1.3350000381469727,1.3350000381469727,1.3350000381469727,0.0
2024-10-25 12:10:00+00:00,GRAB,4.079999923706055,4.079999923706055,4.079999923706055,4.079999923706055,4.079999923706055,1440.0
2024-10-25 12:10:00+00:00,GSIT,3.4700000286102295,3.4700000286102295,3.4700000286102295,3.450000047683716,3.450000047683716,5157.0
2024-10-25 12:10:00+00:00,GTLB,55.59000015258789,55.59000015258789,55.59000015258789,55.59000015258789,55.59000015258789,397.0
2024-10-25 12:10:00+00:00,HIMX,6.199999809265137,6.199999809265137,6.199999809265137,6.199999809265137,6.199999809265137,105.0
2024-10-25 12:10:00+00:00,HOLO,3.6500000953674316,3.6500000953674316,3.6549999713897705,3.640000104904175,3.640000104904175,3439.0
2024-10-25 12:10:00+00:00,HOOD,27.270000457763672,27.270000457763672,27.274999618530273,27.263999938964844,27.264999389648438,10688.0
2024-10-25 12:10:00+00:00,ICHR,27.84000015258789,27.84000015258789,27.850000381469727,27.84000015258789,27.850000381469727,456.0
2024-10-25 12:10:00+00:00,INDI,3.575000047683716,3.575000047683716,3.575000047683716,3.575000047683716,3.575000047683716,507.0
2024-10-25 12:10:00+00:00,INFN,6.789999961853027,6.789999961853027,6.789999961853027,6.789999961853027,6.789999961853027,365.0
2024-10-25 12:10:00+00:00,INOD,19.920000076293945,19.920000076293945,19.920000076293945,19.899999618530273,19.920000076293945,2419.0
2024-10-25 12:10:00+00:00,INTA,50.14500045776367,50.14500045776367,50.14500045776367,50.14500045776367,50.14500045776367,790.0
2024-10-25 12:10:00+00:00,INTC,23.21500015258789,23.21500015258789,23.219999313354492,23.20400047302246,23.209999084472656,64668.0
2024-10-25 12:10:00+00:00,INTU,611.3699951171875,611.3699951171875,611.3699951171875,611.1500244140625,611.1500244140625,1052.0
2024-10-25 12:10:00+00:00,JKHY,183.98500061035156,183.98500061035156,183.98500061035156,183.98500061035156,183.98500061035156,559.0
2024-10-25 12:10:00+00:00,KC,2.7200000286102295,2.7200000286102295,2.7200000286102295,2.7200000286102295,2.7200000286102295,415.0
2024-10-25 12:10:00+00:00,KOSS,7.40500020980835,7.40500020980835,7.40500020980835,7.40500020980835,7.40500020980835,95.0
2024-10-25 12:10:00+00:00,LINK,4.690000057220459,4.690000057220459,4.690000057220459,4.670000076293945,4.670000076293945,485.0
2024-10-25 12:10:00+00:00,LITE,64.44000244140625,64.44000244140625,64.44000244140625,64.44000244140625,64.44000244140625,1101.0
2024-10-25 12:10:00+00:00,LOGI,81.30000305175781,81.30000305175781,81.30000305175781,81.26000213623047,81.26000213623047,1405.0
2024-10-25 12:10:00+00:00,LRCX,79.20999908447266,79.20999908447266,79.25,79.19499969482422,79.19499969482422,12916.0
2024-10-25 12:10:00+00:00,LSCC,54.4900016784668,54.4900016784668,54.505001068115234,54.4900016784668,54.4900016784668,2671.0
2024-10-25 12:10:00+00:00,LTRX,4.039999961853027,4.039999961853027,4.050000190734863,4.039999961853027,4.050000190734863,2930.0
2024-10-25 12:10:00+00:00,LUNA,1.8350000381469727,1.8350000381469727,1.8350000381469727,1.8350000381469727,1.8350000381469727,103.0
2024-10-25 12:10:00+00:00,LYFT,13.8149995803833,13.8149995803833,13.819999694824219,13.8100004196167,13.8149995803833,8199.0
2024-10-25 12:10:00+00:00,MAPS,0.8567000031471252,0.8567000031471252,0.8567000031471252,0.8567000031471252,0.8567000031471252,0.0
2024-10-25 12:10:00+00:00,MCHP,77.06999969482422,77.06999969482422,77.12000274658203,77.06999969482422,77.11499786376953,2665.0
2024-10-25 12:10:00+00:00,MDB,267.0350036621094,267.0350036621094,267.0350036621094,266.8900146484375,266.9100036621094,3107.0
2024-10-25 12:10:00+00:00,MIND,3.509999990463257,3.509999990463257,3.509999990463257,3.509999990463257,3.509999990463257,100.0
2024-10-25 12:10:00+00:00,MITK,8.770000457763672,8.770000457763672,8.774999618530273,8.760000228881836,8.770000457763672,1926.0
2024-10-25 12:10:00+00:00,MKSI,101.06999969482422,101.06999969482422,101.06999969482422,101.01499938964844,101.01499938964844,736.0
2024-10-25 12:10:00+00:00,MNDO,1.9950000047683716,1.9950000047683716,1.9950000047683716,1.9950000047683716,1.9950000047683716,199.0
2024-10-25 12:10:00+00:00,MNDY,298.3500061035156,298.3500061035156,298.3500061035156,298.3500061035156,298.3500061035156,1361.0
2024-10-25 12:10:00+00:00,MPWR,919.8245239257812,919.8245239257812,919.8245239257812,918.080078125,918.080078125,986.0
2024-10-25 12:10:00+00:00,MQ,5.264999866485596,5.264999866485596,5.264999866485596,5.264999866485596,5.264999866485596,3036.0
2024-10-25 12:10:00+00:00,MRVL,82.6500015258789,82.6500015258789,82.69000244140625,82.6500015258789,82.66999816894531,21158.0
2024-10-25 12:10:00+00:00,MSFT,430.25,430.25,430.2699890136719,430.07000732421875,430.1000061035156,16802.0
2024-10-25 12:10:00+00:00,MSTR,240.0,240.0,240.0,239.27999877929688,239.78370666503906,49145.0
2024-10-25 12:10:00+00:00,MTTR,4.65500020980835,4.65500020980835,4.65500020980835,4.65500020980835,4.65500020980835,655.0
2024-10-25 12:10:00+00:00,MU,109.16000366210938,109.16000366210938,109.25,109.1500015258789,109.23999786376953,12659.0
2024-10-25 12:10:00+00:00,MXL,15.100000381469727,15.100000381469727,15.100000381469727,15.09000015258789,15.093999862670898,2394.0
2024-10-25 12:10:00+00:00,NCNO,37.709999084472656,37.709999084472656,37.709999084472656,37.70000076293945,37.70000076293945,2185.0
2024-10-25 12:10:00+00:00,NEON,8.239999771118164,8.239999771118164,8.239999771118164,8.239999771118164,8.239999771118164,776.0
2024-10-25 12:10:00+00:00,NICE,176.5050048828125,176.5050048828125,176.5050048828125,176.5050048828125,176.5050048828125,323.0
2024-10-25 12:10:00+00:00,NVDA,143.75999450683594,143.75999450683594,143.75999450683594,143.69000244140625,143.6999969482422,295655.0
2024-10-25 12:10:00+00:00,NVEI,33.52360153198242,33.52360153198242,33.52360153198242,33.52360153198242,33.52360153198242,643.0
2024-10-25 12:10:00+00:00,NVTS,2.5899999141693115,2.5899999141693115,2.5899999141693115,2.58870005607605,2.5899999141693115,3646.0
2024-10-25 12:10:00+00:00,NXPI,245.2899932861328,245.2899932861328,245.2899932861328,245.27000427246094,245.27000427246094,1270.0
2024-10-25 12:10:00+00:00,OKTA,72.46499633789062,72.46499633789062,72.46499633789062,72.46499633789062,72.46499633789062,252.0
2024-10-25 12:10:00+00:00,OLED,203.8000030517578,203.8000030517578,203.8000030517578,203.8000030517578,203.8000030517578,365.0
2024-10-25 12:10:00+00:00,ON,71.8499984741211,71.8499984741211,71.93000030517578,71.83000183105469,71.93000030517578,7312.0
2024-10-25 12:10:00+00:00,ONDS,0.8700000047683716,0.8700000047683716,0.8700000047683716,0.8700000047683716,0.8700000047683716,621.0
2024-10-25 12:10:00+00:00,PANW,369.79998779296875,369.79998779296875,369.79998779296875,369.79998779296875,369.79998779296875,804.0
2024-10-25 12:10:00+00:00,PAYO,8.295000076293945,8.295000076293945,8.295000076293945,8.295000076293945,8.295000076293945,1145.0
2024-10-25 12:10:00+00:00,PDFS,29.56999969482422,29.56999969482422,29.56999969482422,29.56999969482422,29.56999969482422,227.0
2024-10-25 12:10:00+00:00,PEGA,79.72000122070312,79.72000122070312,79.72000122070312,79.72000122070312,79.72000122070312,735.0
2024-10-25 12:10:00+00:00,PEGY,4.809999942779541,4.809999942779541,4.809999942779541,4.809999942779541,4.809999942779541,1513.0
2024-10-25 12:10:00+00:00,PGY,11.779999732971191,11.779999732971191,11.779999732971191,11.779999732971191,11.779999732971191,513.0
2024-10-25 12:10:00+00:00,PHUN,10.279999732971191,10.279999732971191,10.300000190734863,10.199999809265137,10.199999809265137,119055.0
2024-10-25 12:10:00+00:00,PI,204.92999267578125,204.92999267578125,204.92999267578125,204.92999267578125,204.92999267578125,299.0
2024-10-25 12:10:00+00:00,PLAB,23.700000762939453,23.700000762939453,23.700000762939453,23.700000762939453,23.700000762939453,372.0
2024-10-25 12:10:00+00:00,POET,3.9700000286102295,3.9700000286102295,3.9700000286102295,3.9700000286102295,3.9700000286102295,420.0
2024-10-25 12:10:00+00:00,PRCH,1.3350000381469727,1.3350000381469727,1.3350000381469727,1.3350000381469727,1.3350000381469727,78.0
2024-10-25 12:10:00+00:00,PUBM,14.880000114440918,14.880000114440918,14.880000114440918,14.880000114440918,14.880000114440918,530.0
2024-10-25 12:10:00+00:00,QCOM,172.72000122070312,172.72000122070312,172.72000122070312,172.66000366210938,172.69000244140625,3152.0
2024-10-25 12:10:00+00:00,QLYS,120.44499969482422,120.44499969482422,120.44499969482422,120.44499969482422,120.44499969482422,178.0
2024-10-25 12:10:00+00:00,QMCO,5.143400192260742,5.143400192260742,5.143400192260742,5.143400192260742,5.143400192260742,0.0
2024-10-25 12:10:00+00:00,RCAT,2.765000104904175,2.765000104904175,2.765000104904175,2.755000114440918,2.755000114440918,1893.0
2024-10-25 12:10:00+00:00,RELY,14.744999885559082,14.744999885559082,14.744999885559082,14.744999885559082,14.744999885559082,193.0
2024-10-25 12:10:00+00:00,RGTI,1.2200000286102295,1.2200000286102295,1.2200000286102295,1.215000033378601,1.215000033378601,910.0
2024-10-25 12:10:00+00:00,RIOT,10.079000473022461,10.079000473022461,10.079999923706055,10.060600280761719,10.06149959564209,20781.0
2024-10-25 12:10:00+00:00,RMBS,43.55500030517578,43.55500030517578,43.560001373291016,43.54999923706055,43.54999923706055,1341.0
2024-10-25 12:10:00+00:00,RMNI,1.725000023841858,1.725000023841858,1.725000023841858,1.725000023841858,1.725000023841858,500.0
2024-10-25 12:10:00+00:00,RUM,5.779900074005127,5.779900074005127,5.820000171661377,5.779900074005127,5.820000171661377,23087.0
2024-10-25 12:10:00+00:00,RUN,14.447500228881836,14.447500228881836,14.449999809265137,14.444999694824219,14.444999694824219,3082.0
2024-10-25 12:10:00+00:00,RXT,2.5450000762939453,2.5450000762939453,2.5450000762939453,2.5450000762939453,2.5450000762939453,911.0
2024-10-25 12:10:00+00:00,SANM,67.69999694824219,67.69999694824219,67.72000122070312,67.69999694824219,67.72000122070312,1508.0
2024-10-25 12:10:00+00:00,SEDG,16.170000076293945,16.170000076293945,16.170000076293945,16.139999389648438,16.145000457763672,9254.0
2024-10-25 12:10:00+00:00,SHLS,5.335000038146973,5.335000038146973,5.335000038146973,5.329999923706055,5.329999923706055,5451.0
2024-10-25 12:10:00+00:00,SIMO,57.244998931884766,57.244998931884766,57.244998931884766,57.20500183105469,57.20500183105469,459.0
2024-10-25 12:10:00+00:00,SLNH,4.130000114440918,4.130000114440918,4.130000114440918,4.130000114440918,4.130000114440918,61.0
2024-10-25 12:10:00+00:00,SMCI,47.77000045776367,47.77000045776367,47.779998779296875,47.720001220703125,47.779998779296875,68328.0
2024-10-25 12:10:00+00:00,SMTC,45.77000045776367,45.77000045776367,45.77000045776367,45.77000045776367,45.77000045776367,412.0
2024-10-25 12:10:00+00:00,SONO,12.824999809265137,12.824999809265137,12.824999809265137,12.824999809265137,12.824999809265137,679.0
2024-10-25 12:10:00+00:00,SOUN,5.284999847412109,5.284999847412109,5.284999847412109,5.264999866485596,5.264999866485596,11024.0
2024-10-25 12:10:00+00:00,SPNS,36.75,36.75,36.75,36.75,36.75,255.0
2024-10-25 12:10:00+00:00,SPT,27.219999313354492,27.219999313354492,27.239999771118164,27.219999313354492,27.239999771118164,352.0
2024-10-25 12:10:00+00:00,SSNC,69.93000030517578,69.93000030517578,69.94000244140625,69.91690063476562,69.91690063476562,9441.0
2024-10-25 12:10:00+00:00,SSYS,7.135000228881836,7.135000228881836,7.135000228881836,7.135000228881836,7.135000228881836,535.0
2024-10-25 12:10:00+00:00,STNE,11.510000228881836,11.510000228881836,11.510000228881836,11.5,11.5,2595.0
2024-10-25 12:10:00+00:00,STX,103.95999908447266,103.95999908447266,103.95999908447266,103.88999938964844,103.9000015258789,4660.0
2024-10-25 12:10:00+00:00,SWKS,96.65499877929688,96.65499877929688,96.65499877929688,96.62000274658203,96.62000274658203,1208.0
2024-10-25 12:10:00+00:00,SYTA,1.2999999523162842,1.2999999523162842,1.309999942779541,1.2999999523162842,1.309999942779541,6535.0
2024-10-25 12:10:00+00:00,TCX,19.6299991607666,19.6299991607666,19.6299991607666,19.6299991607666,19.6299991607666,1187.0
2024-10-25 12:10:00+00:00,TEAM,189.92999267578125,189.92999267578125,190.00999450683594,189.89999389648438,189.89999389648438,7487.0
2024-10-25 12:10:00+00:00,TENB,41.900001525878906,41.900001525878906,41.900001525878906,41.88999938964844,41.88999938964844,505.0
2024-10-25 12:10:00+00:00,TER,112.94750213623047,112.94750213623047,112.9800033569336,112.94750213623047,112.9800033569336,6861.0
2024-10-25 12:10:00+00:00,TLS,3.6600000858306885,3.6600000858306885,3.6600000858306885,3.6549999713897705,3.6549999713897705,806.0
2024-10-25 12:10:00+00:00,TRMB,61.09000015258789,61.09000015258789,61.09000015258789,61.06999969482422,61.06999969482422,1194.0
2024-10-25 12:10:00+00:00,TSEM,45.0,45.0,45.040000915527344,45.0,45.0,9640.0
2024-10-25 12:10:00+00:00,TTD,119.69999694824219,119.69999694824219,119.73880004882812,119.62999725341797,119.62999725341797,1990.0
2024-10-25 12:10:00+00:00,TWKS,4.449999809265137,4.449999809265137,4.449999809265137,4.449999809265137,4.449999809265137,1230.0
2024-10-25 12:10:00+00:00,TXN,208.7100067138672,208.7100067138672,208.80999755859375,208.70120239257812,208.80999755859375,4018.0
2024-10-25 12:10:00+00:00,UCTT,36.22999954223633,36.22999954223633,36.22999954223633,36.224998474121094,36.224998474121094,332.0
2024-10-25 12:10:00+00:00,UEIC,8.138199806213379,8.138199806213379,8.138199806213379,8.107799530029297,8.107799530029297,2069.0
2024-10-25 12:10:00+00:00,UPLD,2.184999942779541,2.184999942779541,2.184999942779541,2.184999942779541,2.184999942779541,246.0
2024-10-25 12:10:00+00:00,USIO,1.399999976158142,1.399999976158142,1.399999976158142,1.399999976158142,1.399999976158142,6859.0
2024-10-25 12:10:00+00:00,VECO,29.614999771118164,29.614999771118164,29.614999771118164,29.596500396728516,29.596500396728516,1165.0
2024-10-25 12:10:00+00:00,VERI,3.4100000858306885,3.4100000858306885,3.4100000858306885,3.4100000858306885,3.4100000858306885,1567.0
2024-10-25 12:10:00+00:00,VERX,42.20000076293945,42.20000076293945,42.20000076293945,42.20000076293945,42.20000076293945,287.0
2024-10-25 12:10:00+00:00,VIAV,9.270000457763672,9.270000457763672,9.270000457763672,9.260000228881836,9.260000228881836,951.0
2024-10-25 12:10:00+00:00,VMEO,4.75,4.75,4.760000228881836,4.75,4.760000228881836,686.0
2024-10-25 12:10:00+00:00,VRNS,56.79999923706055,56.79999923706055,56.79999923706055,56.79999923706055,56.79999923706055,1484.0
2024-10-25 12:10:00+00:00,VRNT,22.25,22.25,22.25,22.239999771118164,22.239999771118164,758.0
2024-10-25 12:10:00+00:00,VRSN,185.47500610351562,185.47500610351562,185.5800018310547,185.47000122070312,185.57000732421875,1485.0
2024-10-25 12:10:00+00:00,VSAT,10.40999984741211,10.40999984741211,10.40999984741211,10.40999984741211,10.40999984741211,338.0
2024-10-25 12:10:00+00:00,VUZI,1.3250000476837158,1.3250000476837158,1.3279999494552612,1.3200000524520874,1.3200000524520874,17944.0
2024-10-25 12:10:00+00:00,VVPR,0.8075000047683716,0.8075000047683716,0.8080000281333923,0.7900000214576721,0.7900000214576721,6826.0
2024-10-25 12:10:00+00:00,WDAY,240.27999877929688,240.27999877929688,240.27999877929688,240.24000549316406,240.24000549316406,651.0
2024-10-25 12:10:00+00:00,WDC,71.3550033569336,71.3550033569336,71.70999908447266,71.3550033569336,71.69999694824219,33314.0
2024-10-25 12:10:00+00:00,WISA,1.8799999952316284,1.8799999952316284,1.8799999952316284,1.8450000286102295,1.8450000286102295,24553.0
2024-10-25 12:10:00+00:00,XRX,10.119999885559082,10.119999885559082,10.119999885559082,10.11989974975586,10.11989974975586,1331.0
2024-10-25 12:10:00+00:00,ZI,10.539999961853027,10.539999961853027,10.539999961853027,10.524999618530273,10.524999618530273,5494.0
2024-10-25 12:10:00+00:00,ZM,73.12000274658203,73.12000274658203,73.12000274658203,73.1050033569336,73.1050033569336,1788.0
2024-10-25 12:10:00+00:00,ZS,186.57000732421875,186.57000732421875,186.57000732421875,186.57000732421875,186.57000732421875,1113.0
2024-10-25 12:11:00+00:00,AAOI,18.249900817871094,18.249900817871094,18.25,18.200000762939453,18.200000762939453,1084.0
2024-10-25 12:11:00+00:00,AAPL,232.48599243164062,232.48599243164062,232.5399932861328,232.47000122070312,232.5399932861328,55565.0
2024-10-25 12:11:00+00:00,ACIW,48.80500030517578,48.80500030517578,48.80500030517578,48.80500030517578,48.80500030517578,201.0
2024-10-25 12:11:00+00:00,ACLS,90.6449966430664,90.6449966430664,90.6449966430664,90.5999984741211,90.5999984741211,2264.0
2024-10-25 12:11:00+00:00,ACMR,19.93199920654297,19.93199920654297,19.93199920654297,19.917400360107422,19.917400360107422,217.0
2024-10-25 12:11:00+00:00,ADBE,485.2900085449219,485.2900085449219,485.5249938964844,485.239990234375,485.3550109863281,3423.0
2024-10-25 12:11:00+00:00,ADI,233.64999389648438,233.64999389648438,233.64999389648438,233.55999755859375,233.55999755859375,1013.0
2024-10-25 12:11:00+00:00,AEHR,17.06999969482422,17.06999969482422,17.14900016784668,17.06999969482422,17.09000015258789,8776.0
2024-10-25 12:11:00+00:00,AFRM,41.880001068115234,41.880001068115234,41.900001525878906,41.86000061035156,41.880001068115234,13029.0
2024-10-25 12:11:00+00:00,AKAM,102.94999694824219,102.94999694824219,102.97000122070312,102.94000244140625,102.95999908447266,3275.0
2024-10-25 12:11:00+00:00,ALGM,22.829999923706055,22.829999923706055,22.84000015258789,22.81999969482422,22.81999969482422,2835.0
2024-10-25 12:11:00+00:00,AMAT,188.47999572753906,188.47999572753906,188.5449981689453,188.4600067138672,188.49440002441406,6157.0
2024-10-25 12:11:00+00:00,AMD,157.52000427246094,157.52000427246094,157.6750030517578,157.48599243164062,157.6199951171875,55992.0
2024-10-25 12:11:00+00:00,AMKR,30.1299991607666,30.1299991607666,30.1299991607666,30.1200008392334,30.1299991607666,4241.0
2024-10-25 12:11:00+00:00,ANSS,325.8299865722656,325.8299865722656,325.8299865722656,325.8299865722656,325.8299865722656,481.0
2024-10-25 12:11:00+00:00,API,2.8450000286102295,2.8450000286102295,2.8450000286102295,2.8450000286102295,2.8450000286102295,400.0
2024-10-25 12:11:00+00:00,APP,161.86500549316406,161.86500549316406,162.0,161.85000610351562,161.9149932861328,6868.0
2024-10-25 12:11:00+00:00,APPF,215.13999938964844,215.13999938964844,215.13999938964844,215.13999938964844,215.13999938964844,472.0
2024-10-25 12:11:00+00:00,ARQQ,7.04010009765625,7.04010009765625,7.04010009765625,7.04010009765625,7.04010009765625,163.0
2024-10-25 12:11:00+00:00,ARRY,6.554999828338623,6.554999828338623,6.554999828338623,6.545000076293945,6.545000076293945,11104.0
2024-10-25 12:11:00+00:00,ASML,717.5800170898438,717.5800170898438,717.5800170898438,717.2224731445312,717.492919921875,2233.0
2024-10-25 12:11:00+00:00,AUR,6.434999942779541,6.434999942779541,6.434999942779541,6.434999942779541,6.434999942779541,263.0
2024-10-25 12:11:00+00:00,AVGO,176.13999938964844,176.13999938964844,176.25,176.13999938964844,176.1699981689453,11466.0
2024-10-25 12:11:00+00:00,AVPT,12.020000457763672,12.020000457763672,12.020000457763672,12.020000457763672,12.020000457763672,197.0
2024-10-25 12:11:00+00:00,AVT,54.16999816894531,54.16999816894531,54.18000030517578,54.15999984741211,54.18000030517578,1921.0
2024-10-25 12:11:00+00:00,BLZE,7.28000020980835,7.28000020980835,7.28000020980835,7.269999980926514,7.269999980926514,1284.0
2024-10-25 12:11:00+00:00,BMBL,7.255000114440918,7.255000114440918,7.260000228881836,7.255000114440918,7.260000228881836,1483.0
2024-10-25 12:11:00+00:00,BRZE,30.799999237060547,30.799999237060547,30.815000534057617,30.799999237060547,30.815000534057617,1027.0
2024-10-25 12:11:00+00:00,BSY,49.16999816894531,49.16999816894531,49.20500183105469,49.150001525878906,49.20500183105469,7762.0
2024-10-25 12:11:00+00:00,CAN,0.9904999732971191,0.9904999732971191,0.9954000115394592,0.9904999732971191,0.9927999973297119,40456.0
2024-10-25 12:11:00+00:00,CDNS,259.6449890136719,259.6449890136719,259.6449890136719,259.6400146484375,259.6400146484375,933.0
2024-10-25 12:11:00+00:00,CDW,219.41000366210938,219.41000366210938,219.41000366210938,219.41000366210938,219.41000366210938,415.0
2024-10-25 12:11:00+00:00,CETX,0.29789999127388,0.29789999127388,0.29789999127388,0.2973000109195709,0.29760000109672546,1324.0
2024-10-25 12:11:00+00:00,CFLT,22.670000076293945,22.670000076293945,22.704999923706055,22.65999984741211,22.704999923706055,6278.0
2024-10-25 12:11:00+00:00,CGNX,39.0364990234375,39.0364990234375,39.04999923706055,39.0364990234375,39.040000915527344,1107.0
2024-10-25 12:11:00+00:00,CLBT,18.149999618530273,18.149999618530273,18.149999618530273,18.145000457763672,18.145000457763672,1420.0
2024-10-25 12:11:00+00:00,CLSK,11.984000205993652,11.984000205993652,11.997200012207031,11.940500259399414,11.941499710083008,114128.0
2024-10-25 12:11:00+00:00,CMTL,3.7200000286102295,3.7200000286102295,3.7200000286102295,3.7200000286102295,3.7200000286102295,408.0
2024-10-25 12:11:00+00:00,COHR,95.20999908447266,95.20999908447266,95.24500274658203,95.19000244140625,95.23500061035156,3935.0
2024-10-25 12:11:00+00:00,COIN,209.86959838867188,209.86959838867188,210.0,209.60000610351562,209.61770629882812,11559.0
2024-10-25 12:11:00+00:00,COMM,6.304999828338623,6.304999828338623,6.304999828338623,6.304999828338623,6.304999828338623,373.0
2024-10-25 12:11:00+00:00,CORZ,13.354999542236328,13.354999542236328,13.369999885559082,13.3100004196167,13.319899559020996,52197.0
2024-10-25 12:11:00+00:00,CORZW,7.869999885559082,7.869999885559082,7.869999885559082,7.869999885559082,7.869999885559082,1574.0
2024-10-25 12:11:00+00:00,CRDO,39.709999084472656,39.709999084472656,39.720001220703125,39.709999084472656,39.709999084472656,2617.0
2024-10-25 12:11:00+00:00,CRNC,2.9049999713897705,2.9049999713897705,2.9049999713897705,2.8949999809265137,2.9049999713897705,11850.0
2024-10-25 12:11:00+00:00,CRSR,6.445000171661377,6.445000171661377,6.445000171661377,6.445000171661377,6.445000171661377,162.0
2024-10-25 12:11:00+00:00,CRUS,123.69999694824219,123.69999694824219,123.69999694824219,123.69999694824219,123.69999694824219,150.0
2024-10-25 12:11:00+00:00,CRWD,309.4798889160156,309.4798889160156,309.5799865722656,309.3699951171875,309.5799865722656,5462.0
2024-10-25 12:11:00+00:00,CSCO,56.02000045776367,56.02000045776367,56.03499984741211,56.01499938964844,56.02000045776367,7438.0
2024-10-25 12:11:00+00:00,CSIQ,13.728699684143066,13.728699684143066,13.75,13.720100402832031,13.748000144958496,7525.0
2024-10-25 12:11:00+00:00,CTSH,74.88999938964844,74.88999938964844,74.88999938964844,74.88999938964844,74.88999938964844,900.0
2024-10-25 12:11:00+00:00,DAKT,13.1899995803833,13.1899995803833,13.1899995803833,13.15999984741211,13.15999984741211,522.0
2024-10-25 12:11:00+00:00,DBX,26.049999237060547,26.049999237060547,26.052499771118164,26.045000076293945,26.049999237060547,6122.0
2024-10-25 12:11:00+00:00,DDOG,127.44000244140625,127.44000244140625,127.44000244140625,127.41500091552734,127.41500091552734,2852.0
2024-10-25 12:11:00+00:00,DOCU,69.83499908447266,69.83499908447266,69.83499908447266,69.83499908447266,69.83499908447266,199.0
2024-10-25 12:11:00+00:00,DTSS,2.450000047683716,2.450000047683716,2.450000047683716,2.450000047683716,2.450000047683716,35.0
2024-10-25 12:11:00+00:00,EMKR,2.119999885559082,2.119999885559082,2.130000114440918,2.119999885559082,2.130000114440918,5551.0
2024-10-25 12:11:00+00:00,ENPH,83.77999877929688,83.77999877929688,83.95999908447266,83.74500274658203,83.75,32147.0
2024-10-25 12:11:00+00:00,ENTG,105.95999908447266,105.95999908447266,105.95999908447266,105.95999908447266,105.95999908447266,603.0
2024-10-25 12:11:00+00:00,ERIC,8.479999542236328,8.479999542236328,8.479999542236328,8.470000267028809,8.479299545288086,31456.0
2024-10-25 12:11:00+00:00,EXTR,14.505000114440918,14.505000114440918,14.505000114440918,14.505000114440918,14.505000114440918,402.0
2024-10-25 12:11:00+00:00,FFIV,216.5,216.5,216.5,216.5,216.5,135.0
2024-10-25 12:11:00+00:00,FIVN,30.1299991607666,30.1299991607666,30.1299991607666,30.114999771118164,30.114999771118164,4090.0
2024-10-25 12:11:00+00:00,FLEX,35.33000183105469,35.33000183105469,35.33000183105469,35.33000183105469,35.33000183105469,160.0
2024-10-25 12:11:00+00:00,FRSH,11.694999694824219,11.694999694824219,11.694999694824219,11.694999694824219,11.694999694824219,798.0
2024-10-25 12:11:00+00:00,FSLR,199.7449951171875,199.7449951171875,199.7449951171875,199.74000549316406,199.74000549316406,219.0
2024-10-25 12:11:00+00:00,FTCI,0.6642000079154968,0.6642000079154968,0.6656000018119812,0.6642000079154968,0.6654999852180481,1872.0
2024-10-25 12:11:00+00:00,FTNT,81.38379669189453,81.38379669189453,81.41000366210938,81.38379669189453,81.41000366210938,1969.0
2024-10-25 12:11:00+00:00,GCT,24.949899673461914,24.949899673461914,24.949899673461914,24.934999465942383,24.934999465942383,613.0
2024-10-25 12:11:00+00:00,GDS,21.69499969482422,21.69499969482422,21.69499969482422,21.69499969482422,21.69499969482422,627.0
2024-10-25 12:11:00+00:00,GFS,41.4900016784668,41.4900016784668,41.51499938964844,41.4900016784668,41.51499938964844,1183.0
2024-10-25 12:11:00+00:00,GPRO,1.3300000429153442,1.3300000429153442,1.3350000381469727,1.3300000429153442,1.3350000381469727,364.0
2024-10-25 12:11:00+00:00,GRAB,4.079999923706055,4.079999923706055,4.079999923706055,4.079999923706055,4.079999923706055,2365.0
2024-10-25 12:11:00+00:00,GRRR,4.505000114440918,4.505000114440918,4.505000114440918,4.505000114440918,4.505000114440918,103.0
2024-10-25 12:11:00+00:00,GRRRW,0.06199999898672104,0.06199999898672104,0.06199999898672104,0.06199999898672104,0.06199999898672104,700.0
2024-10-25 12:11:00+00:00,GSIT,3.509999990463257,3.509999990463257,3.509999990463257,3.4800000190734863,3.4800000190734863,463.0
2024-10-25 12:11:00+00:00,GTLB,55.63999938964844,55.63999938964844,55.63999938964844,55.619998931884766,55.619998931884766,2441.0
2024-10-25 12:11:00+00:00,HCP,33.70000076293945,33.70000076293945,33.70000076293945,33.70000076293945,33.70000076293945,330.0
2024-10-25 12:11:00+00:00,HLIT,14.760000228881836,14.760000228881836,14.760000228881836,14.760000228881836,14.760000228881836,848.0
2024-10-25 12:11:00+00:00,HOLO,3.6500000953674316,3.6500000953674316,3.6586999893188477,3.6500000953674316,3.6586999893188477,1836.0
2024-10-25 12:11:00+00:00,HOOD,27.290000915527344,27.290000915527344,27.295000076293945,27.274999618530273,27.274999618530273,7002.0
2024-10-25 12:11:00+00:00,INDI,3.575000047683716,3.575000047683716,3.575000047683716,3.575000047683716,3.575000047683716,234.0
2024-10-25 12:11:00+00:00,INFN,6.800000190734863,6.800000190734863,6.800000190734863,6.800000190734863,6.800000190734863,200.0
2024-10-25 12:11:00+00:00,INTC,23.21500015258789,23.21500015258789,23.219999313354492,23.209999084472656,23.219999313354492,39487.0
2024-10-25 12:11:00+00:00,INTU,611.1649780273438,611.1649780273438,611.1649780273438,611.0447998046875,611.1599731445312,1459.0
2024-10-25 12:11:00+00:00,KC,2.7249999046325684,2.7249999046325684,2.7249999046325684,2.7149999141693115,2.7149999141693115,11279.0
2024-10-25 12:11:00+00:00,KOPN,0.777899980545044,0.777899980545044,0.777899980545044,0.7760000228881836,0.7760000228881836,1656.0
2024-10-25 12:11:00+00:00,LFUS,254.1475067138672,254.1475067138672,254.1475067138672,254.1475067138672,254.1475067138672,816.0
2024-10-25 12:11:00+00:00,LINK,4.690000057220459,4.690000057220459,4.690000057220459,4.690000057220459,4.690000057220459,591.0
2024-10-25 12:11:00+00:00,LITE,64.4749984741211,64.4749984741211,64.5199966430664,64.42500305175781,64.42500305175781,1199.0
2024-10-25 12:11:00+00:00,LOGI,81.2699966430664,81.2699966430664,81.2699966430664,81.2699966430664,81.2699966430664,323.0
2024-10-25 12:11:00+00:00,LRCX,79.1957015991211,79.1957015991211,79.22000122070312,79.19000244140625,79.19000244140625,8134.0
2024-10-25 12:11:00+00:00,LSCC,54.5,54.5,54.5,54.459999084472656,54.47999954223633,2125.0
2024-10-25 12:11:00+00:00,LYFT,13.8149995803833,13.8149995803833,13.815999984741211,13.810099601745605,13.8149995803833,5582.0
2024-10-25 12:11:00+00:00,MAXN,5.760000228881836,5.760000228881836,5.760000228881836,5.756199836730957,5.756199836730957,607.0
2024-10-25 12:11:00+00:00,MCHP,77.06999969482422,77.06999969482422,77.08000183105469,77.05000305175781,77.05999755859375,3962.0
2024-10-25 12:11:00+00:00,MKSI,101.04000091552734,101.04000091552734,101.04000091552734,101.04000091552734,101.04000091552734,556.0
2024-10-25 12:11:00+00:00,MLAB,115.0,115.0,115.0,115.0,115.0,610.0
2024-10-25 12:11:00+00:00,MPWR,919.0399780273438,919.0399780273438,919.7999877929688,919.0399780273438,919.7999877929688,1656.0
2024-10-25 12:11:00+00:00,MQ,5.264999866485596,5.264999866485596,5.264999866485596,5.264999866485596,5.264999866485596,1855.0
2024-10-25 12:11:00+00:00,MRVL,82.62999725341797,82.62999725341797,82.66999816894531,82.58999633789062,82.63999938964844,16694.0
2024-10-25 12:11:00+00:00,MSFT,430.2327880859375,430.2327880859375,430.3299865722656,430.2327880859375,430.30999755859375,16159.0
2024-10-25 12:11:00+00:00,MSTR,239.82000732421875,239.82000732421875,240.41000366210938,239.5500946044922,239.875,52888.0
2024-10-25 12:11:00+00:00,MTSI,120.38999938964844,120.38999938964844,120.38999938964844,120.38999938964844,120.38999938964844,148.0
2024-10-25 12:11:00+00:00,MTTR,4.65500020980835,4.65500020980835,4.65500020980835,4.65500020980835,4.65500020980835,1034.0
2024-10-25 12:11:00+00:00,MU,109.16000366210938,109.16000366210938,109.19999694824219,109.1500015258789,109.1500015258789,9948.0
2024-10-25 12:11:00+00:00,MVIS,1.100000023841858,1.100000023841858,1.100000023841858,1.100000023841858,1.100000023841858,87.0
2024-10-25 12:11:00+00:00,MXL,15.100000381469727,15.100000381469727,15.109999656677246,15.095000267028809,15.100000381469727,2122.0
2024-10-25 12:11:00+00:00,NNDM,2.3450000286102295,2.3450000286102295,2.3450000286102295,2.340100049972534,2.340100049972534,586.0
2024-10-25 12:11:00+00:00,NTAP,120.5250015258789,120.5250015258789,120.5250015258789,120.5250015258789,120.5250015258789,201.0
2024-10-25 12:11:00+00:00,NTNX,62.31999969482422,62.31999969482422,62.31999969482422,62.290000915527344,62.29999923706055,2094.0
2024-10-25 12:11:00+00:00,NVDA,143.69009399414062,143.69009399414062,143.7899932861328,143.67999267578125,143.75,325023.0
2024-10-25 12:11:00+00:00,NVEI,33.52000045776367,33.52000045776367,33.52000045776367,33.52000045776367,33.52000045776367,1221.0
2024-10-25 12:11:00+00:00,NVMI,185.01499938964844,185.01499938964844,185.01499938964844,185.01499938964844,185.01499938964844,460.0
2024-10-25 12:11:00+00:00,NVTS,2.615000009536743,2.615000009536743,2.630000114440918,2.5950000286102295,2.5950000286102295,114784.0
2024-10-25 12:11:00+00:00,NXPI,245.1199951171875,245.1199951171875,245.27999877929688,245.07000732421875,245.27999877929688,3656.0
2024-10-25 12:11:00+00:00,OKTA,72.44000244140625,72.44000244140625,72.44000244140625,72.44000244140625,72.44000244140625,490.0
2024-10-25 12:11:00+00:00,ON,71.80500030517578,71.80500030517578,71.86000061035156,71.80000305175781,71.8550033569336,6943.0
2024-10-25 12:11:00+00:00,ONDS,0.8571000099182129,0.8571000099182129,0.8571000099182129,0.8571000099182129,0.8571000099182129,897.0
2024-10-25 12:11:00+00:00,PEGA,79.7300033569336,79.7300033569336,79.7300033569336,79.7300033569336,79.7300033569336,201.0
2024-10-25 12:11:00+00:00,PGY,11.829999923706055,11.829999923706055,11.829999923706055,11.829999923706055,11.829999923706055,525.0
2024-10-25 12:11:00+00:00,PHUN,10.281000137329102,10.281000137329102,10.369999885559082,10.281000137329102,10.289999961853027,153630.0
2024-10-25 12:11:00+00:00,PI,204.860107421875,204.860107421875,205.3300018310547,204.860107421875,204.92999267578125,2515.0
2024-10-25 12:11:00+00:00,PLUS,98.11499786376953,98.11499786376953,98.11499786376953,98.11499786376953,98.11499786376953,239.0
2024-10-25 12:11:00+00:00,PLXS,142.875,142.875,142.875,142.875,142.875,298.0
2024-10-25 12:11:00+00:00,POET,3.9700000286102295,3.9700000286102295,3.9700000286102295,3.9700000286102295,3.9700000286102295,2523.0
2024-10-25 12:11:00+00:00,POWI,64.43000030517578,64.43000030517578,64.43000030517578,64.37000274658203,64.39360046386719,1998.0
2024-10-25 12:11:00+00:00,PUBM,14.890000343322754,14.890000343322754,14.890000343322754,14.890000343322754,14.890000343322754,300.0
2024-10-25 12:11:00+00:00,PYCR,14.335000038146973,14.335000038146973,14.335000038146973,14.335000038146973,14.335000038146973,2289.0
2024-10-25 12:11:00+00:00,QCOM,172.66000366210938,172.66000366210938,172.72999572753906,172.66000366210938,172.7100067138672,3787.0
2024-10-25 12:11:00+00:00,QLYS,120.56500244140625,120.56500244140625,120.56500244140625,120.56500244140625,120.56500244140625,394.0
2024-10-25 12:11:00+00:00,QRVO,100.30999755859375,100.30999755859375,100.31999969482422,100.30999755859375,100.31999969482422,765.0
2024-10-25 12:11:00+00:00,QUBT,1.065000057220459,1.065000057220459,1.069000005722046,1.065000057220459,1.069000005722046,9699.0
2024-10-25 12:11:00+00:00,RCAT,2.765000104904175,2.765000104904175,2.765000104904175,2.765000104904175,2.765000104904175,203.0
2024-10-25 12:11:00+00:00,RDWR,22.399999618530273,22.399999618530273,22.399999618530273,22.399999618530273,22.399999618530273,451.0
2024-10-25 12:11:00+00:00,REKR,1.0994000434875488,1.0994000434875488,1.0994000434875488,1.0994000434875488,1.0994000434875488,2323.0
2024-10-25 12:11:00+00:00,RELY,14.75,14.75,14.75,14.75,14.75,2037.0
2024-10-25 12:11:00+00:00,RGTI,1.2200000286102295,1.2200000286102295,1.2200000286102295,1.2200000286102295,1.2200000286102295,15784.0
2024-10-25 12:11:00+00:00,RIOT,10.076000213623047,10.076000213623047,10.09000015258789,10.070799827575684,10.079899787902832,24042.0
2024-10-25 12:11:00+00:00,RMBS,43.56999969482422,43.56999969482422,43.56999969482422,43.560001373291016,43.56990051269531,784.0
2024-10-25 12:11:00+00:00,RMNI,1.725000023841858,1.725000023841858,1.725000023841858,1.725000023841858,1.725000023841858,330.0
2024-10-25 12:11:00+00:00,RPAY,7.610000133514404,7.610000133514404,7.610000133514404,7.610000133514404,7.610000133514404,159.0
2024-10-25 12:11:00+00:00,RUM,5.79010009765625,5.79010009765625,5.79010009765625,5.789999961853027,5.789999961853027,542.0
2024-10-25 12:11:00+00:00,RUN,14.40999984741211,14.40999984741211,14.430000305175781,14.40999984741211,14.430000305175781,1788.0
2024-10-25 12:11:00+00:00,SATS,25.290000915527344,25.290000915527344,25.290000915527344,25.290000915527344,25.290000915527344,1100.0
2024-10-25 12:11:00+00:00,SEDG,16.170000076293945,16.170000076293945,16.18000030517578,16.15999984741211,16.170000076293945,4225.0
2024-10-25 12:11:00+00:00,SIMO,57.220001220703125,57.220001220703125,57.2400016784668,57.220001220703125,57.2400016784668,929.0
2024-10-25 12:11:00+00:00,SMCI,47.779998779296875,47.779998779296875,47.79999923706055,47.744998931884766,47.75,35791.0
2024-10-25 12:11:00+00:00,SNPS,503.5,503.5,503.5,503.5,503.5,838.0
2024-10-25 12:11:00+00:00,SOUN,5.289999961853027,5.289999961853027,5.289999961853027,5.28000020980835,5.284999847412109,25139.0
2024-10-25 12:11:00+00:00,SPSC,173.05599975585938,173.05599975585938,173.05599975585938,173.05599975585938,173.05599975585938,320.0
2024-10-25 12:11:00+00:00,SPT,27.219999313354492,27.219999313354492,27.23040008544922,27.219999313354492,27.219999313354492,2629.0
2024-10-25 12:11:00+00:00,SRAD,12.380000114440918,12.380000114440918,12.380000114440918,12.380000114440918,12.380000114440918,200.0
2024-10-25 12:11:00+00:00,SSNC,69.93800354003906,69.93800354003906,69.93800354003906,69.88500213623047,69.91500091552734,4533.0
2024-10-25 12:11:00+00:00,STNE,11.5,11.5,11.515000343322754,11.479999542236328,11.510000228881836,27874.0
2024-10-25 12:11:00+00:00,STX,103.95999908447266,103.95999908447266,103.98999786376953,103.95999908447266,103.98999786376953,1256.0
2024-10-25 12:11:00+00:00,SWKS,96.63999938964844,96.63999938964844,96.63999938964844,96.62999725341797,96.62999725341797,2230.0
2024-10-25 12:11:00+00:00,SYTA,1.2999000549316406,1.2999000549316406,1.2999999523162842,1.2900999784469604,1.299399971961975,9897.0
2024-10-25 12:11:00+00:00,TEAM,189.92999267578125,189.92999267578125,189.92999267578125,189.92999267578125,189.92999267578125,738.0
2024-10-25 12:11:00+00:00,TER,112.94000244140625,112.94000244140625,112.98500061035156,112.94000244140625,112.94999694824219,4208.0
2024-10-25 12:11:00+00:00,TRMB,61.099998474121094,61.099998474121094,61.11000061035156,61.099998474121094,61.11000061035156,402.0
2024-10-25 12:11:00+00:00,TSEM,45.0099983215332,45.0099983215332,45.0099983215332,45.0099983215332,45.0099983215332,976.0
2024-10-25 12:11:00+00:00,TTD,119.63009643554688,119.63009643554688,119.69999694824219,119.63009643554688,119.65799713134766,1416.0
2024-10-25 12:11:00+00:00,TWKS,4.449999809265137,4.449999809265137,4.449999809265137,4.449999809265137,4.449999809265137,962.0
2024-10-25 12:11:00+00:00,TXN,208.64999389648438,208.64999389648438,208.82000732421875,208.61000061035156,208.82000732421875,5748.0
2024-10-25 12:11:00+00:00,USIO,1.399999976158142,1.399999976158142,1.399999976158142,1.399999976158142,1.399999976158142,10500.0
2024-10-25 12:11:00+00:00,VECO,29.614999771118164,29.614999771118164,29.629899978637695,29.604999542236328,29.604999542236328,3095.0
2024-10-25 12:11:00+00:00,VERI,3.4198999404907227,3.4198999404907227,3.4198999404907227,3.4198999404907227,3.4198999404907227,1028.0
2024-10-25 12:11:00+00:00,VIAV,9.265999794006348,9.265999794006348,9.265999794006348,9.265000343322754,9.265000343322754,938.0
2024-10-25 12:11:00+00:00,VMEO,4.760000228881836,4.760000228881836,4.760000228881836,4.75,4.759900093078613,1056.0
2024-10-25 12:11:00+00:00,VNET,3.4749999046325684,3.4749999046325684,3.4749999046325684,3.4749999046325684,3.4749999046325684,700.0
2024-10-25 12:11:00+00:00,VOXX,7.650000095367432,7.650000095367432,7.650000095367432,7.650000095367432,7.650000095367432,921.0
2024-10-25 12:11:00+00:00,VRNS,56.80500030517578,56.80500030517578,56.83000183105469,56.790000915527344,56.790000915527344,2354.0
2024-10-25 12:11:00+00:00,VRNT,22.270000457763672,22.270000457763672,22.270000457763672,22.2450008392334,22.25,683.0
2024-10-25 12:11:00+00:00,VRSN,185.39999389648438,185.39999389648438,185.47500610351562,185.39999389648438,185.47500610351562,1787.0
2024-10-25 12:11:00+00:00,VSAT,10.40999984741211,10.40999984741211,10.40999984741211,10.40999984741211,10.40999984741211,271.0
2024-10-25 12:11:00+00:00,WDAY,240.2061004638672,240.2061004638672,240.30999755859375,240.2061004638672,240.30999755859375,2514.0
2024-10-25 12:11:00+00:00,WDC,71.33000183105469,71.33000183105469,71.36000061035156,71.25,71.33000183105469,16544.0
2024-10-25 12:11:00+00:00,WISA,1.850000023841858,1.850000023841858,1.8799999952316284,1.850000023841858,1.8700000047683716,17860.0
2024-10-25 12:11:00+00:00,XRX,10.125,10.125,10.125,10.125,10.125,318.0
2024-10-25 12:11:00+00:00,ZBRA,363.05999755859375,363.05999755859375,363.05999755859375,363.05999755859375,363.05999755859375,863.0
2024-10-25 12:11:00+00:00,ZI,10.539999961853027,10.539999961853027,10.539999961853027,10.53499984741211,10.539999961853027,5218.0
2024-10-25 12:11:00+00:00,ZM,73.13999938964844,73.13999938964844,73.13999938964844,73.13999938964844,73.13999938964844,761.0
2024-10-25 12:12:00+00:00,AAOI,18.249900817871094,18.249900817871094,18.249900817871094,18.229999542236328,18.249900817871094,1555.0
2024-10-25 12:12:00+00:00,AAPL,232.42999267578125,232.42999267578125,232.5399932861328,232.3699951171875,232.52000427246094,48631.0
2024-10-25 12:12:00+00:00,ACIW,48.83000183105469,48.83000183105469,48.86000061035156,48.83000183105469,48.83000183105469,1984.0
2024-10-25 12:12:00+00:00,ACLS,90.55000305175781,90.55000305175781,90.55000305175781,90.55000305175781,90.55000305175781,477.0
2024-10-25 12:12:00+00:00,ACMR,19.90999984741211,19.90999984741211,19.93000030517578,19.90999984741211,19.93000030517578,1526.0
2024-10-25 12:12:00+00:00,ADBE,485.135009765625,485.135009765625,485.2550048828125,484.93011474609375,485.1758117675781,2040.0
2024-10-25 12:12:00+00:00,ADI,233.5399932861328,233.5399932861328,233.6300048828125,233.5399932861328,233.6300048828125,1619.0
2024-10-25 12:12:00+00:00,ADTN,6.385000228881836,6.385000228881836,6.385000228881836,6.385000228881836,6.385000228881836,600.0
2024-10-25 12:12:00+00:00,AEHR,17.079999923706055,17.079999923706055,17.079999923706055,17.079999923706055,17.079999923706055,576.0
2024-10-25 12:12:00+00:00,AFRM,41.86000061035156,41.86000061035156,41.880001068115234,41.849998474121094,41.880001068115234,11352.0
2024-10-25 12:12:00+00:00,AGYS,112.27999877929688,112.27999877929688,112.27999877929688,112.2300033569336,112.2300033569336,2621.0
2024-10-25 12:12:00+00:00,AKTS,0.057100001722574234,0.057100001722574234,0.057100001722574234,0.057100001722574234,0.057100001722574234,6129.0
2024-10-25 12:12:00+00:00,ALGM,22.829999923706055,22.829999923706055,22.829999923706055,22.820899963378906,22.820899963378906,961.0
2024-10-25 12:12:00+00:00,ALRM,54.66999816894531,54.66999816894531,54.68000030517578,54.65999984741211,54.68000030517578,2115.0
2024-10-25 12:12:00+00:00,AMAT,188.34039306640625,188.34039306640625,188.44000244140625,188.2100067138672,188.44000244140625,6734.0
2024-10-25 12:12:00+00:00,AMD,157.43499755859375,157.43499755859375,157.52999877929688,157.38999938964844,157.51499938964844,38172.0
2024-10-25 12:12:00+00:00,AMKR,30.100000381469727,30.100000381469727,30.100000381469727,30.100000381469727,30.100000381469727,802.0
2024-10-25 12:12:00+00:00,AMPL,9.234999656677246,9.234999656677246,9.234999656677246,9.234999656677246,9.234999656677246,237.0
2024-10-25 12:12:00+00:00,API,2.8450000286102295,2.8450000286102295,2.8450000286102295,2.8450000286102295,2.8450000286102295,400.0
2024-10-25 12:12:00+00:00,APP,161.89500427246094,161.89500427246094,161.89500427246094,161.7899932861328,161.7899932861328,2440.0
2024-10-25 12:12:00+00:00,APPS,3.0799999237060547,3.0799999237060547,3.0799999237060547,3.0799999237060547,3.0799999237060547,435.0
2024-10-25 12:12:00+00:00,ARQQ,7.050000190734863,7.050000190734863,7.050000190734863,7.050000190734863,7.050000190734863,367.0
2024-10-25 12:12:00+00:00,ARRY,6.545000076293945,6.545000076293945,6.554999828338623,6.545000076293945,6.554999828338623,16896.0
2024-10-25 12:12:00+00:00,ASML,717.1699829101562,717.1699829101562,717.239990234375,717.030029296875,717.239990234375,1619.0
2024-10-25 12:12:00+00:00,AUR,6.434999942779541,6.434999942779541,6.435999870300293,6.429999828338623,6.434999942779541,6125.0
2024-10-25 12:12:00+00:00,AVGO,176.0399932861328,176.0399932861328,176.17999267578125,176.02999877929688,176.1300048828125,10848.0
2024-10-25 12:12:00+00:00,AVT,54.15999984741211,54.15999984741211,54.17499923706055,54.15999984741211,54.17499923706055,631.0
2024-10-25 12:12:00+00:00,BMBL,7.260000228881836,7.260000228881836,7.260000228881836,7.255000114440918,7.255000114440918,1507.0
2024-10-25 12:12:00+00:00,BRZE,30.764999389648438,30.764999389648438,30.764999389648438,30.760000228881836,30.760099411010742,3740.0
2024-10-25 12:12:00+00:00,BSY,49.13999938964844,49.13999938964844,49.13999938964844,49.13999938964844,49.13999938964844,294.0
2024-10-25 12:12:00+00:00,CAMT,78.56999969482422,78.56999969482422,78.58000183105469,78.56999969482422,78.58000183105469,590.0
2024-10-25 12:12:00+00:00,CAN,0.9904999732971191,0.9904999732971191,0.9905999898910522,0.9904999732971191,0.9905999898910522,7101.0
2024-10-25 12:12:00+00:00,CCSI,20.72599983215332,20.72599983215332,20.72599983215332,20.72599983215332,20.72599983215332,351.0
2024-10-25 12:12:00+00:00,CDNS,259.3999938964844,259.3999938964844,259.6199951171875,259.2799987792969,259.55999755859375,4146.0
2024-10-25 12:12:00+00:00,CDW,219.4149932861328,219.4149932861328,219.4149932861328,219.4149932861328,219.4149932861328,334.0
2024-10-25 12:12:00+00:00,CFLT,22.69499969482422,22.69499969482422,22.700000762939453,22.65999984741211,22.670000076293945,7856.0
2024-10-25 12:12:00+00:00,CGNX,39.02000045776367,39.02000045776367,39.029998779296875,39.02000045776367,39.029998779296875,1164.0
2024-10-25 12:12:00+00:00,CLSK,11.973999977111816,11.973999977111816,12.0,11.973999977111816,11.989999771118164,143489.0
2024-10-25 12:12:00+00:00,CMTL,3.7149999141693115,3.7149999141693115,3.7160000801086426,3.7149999141693115,3.7160000801086426,510.0
2024-10-25 12:12:00+00:00,CNDT,3.6549999713897705,3.6549999713897705,3.6549999713897705,3.6549999713897705,3.6549999713897705,328.0
2024-10-25 12:12:00+00:00,CNXC,45.06010055541992,45.06010055541992,45.06010055541992,45.06010055541992,45.06010055541992,1076.0
2024-10-25 12:12:00+00:00,COHR,95.2699966430664,95.2699966430664,95.31999969482422,95.16999816894531,95.20999908447266,6560.0
2024-10-25 12:12:00+00:00,COHU,26.309999465942383,26.309999465942383,26.309999465942383,26.309999465942383,26.309999465942383,355.0
2024-10-25 12:12:00+00:00,COIN,209.83729553222656,209.83729553222656,209.89999389648438,209.7100067138672,209.8668975830078,9845.0
2024-10-25 12:12:00+00:00,COMM,6.295000076293945,6.295000076293945,6.300000190734863,6.295000076293945,6.300000190734863,2321.0
2024-10-25 12:12:00+00:00,CORZ,13.359999656677246,13.359999656677246,13.377300262451172,13.34000015258789,13.349300384521484,11529.0
2024-10-25 12:12:00+00:00,CRCT,6.590000152587891,6.590000152587891,6.590000152587891,6.590000152587891,6.590000152587891,434.0
2024-10-25 12:12:00+00:00,CRDO,39.68000030517578,39.68000030517578,39.68000030517578,39.68000030517578,39.68000030517578,733.0
2024-10-25 12:12:00+00:00,CRNC,2.9049999713897705,2.9049999713897705,2.9049999713897705,2.9049999713897705,2.9049999713897705,710.0
2024-10-25 12:12:00+00:00,CRNT,2.4549999237060547,2.4549999237060547,2.4549999237060547,2.4549999237060547,2.4549999237060547,432.0
2024-10-25 12:12:00+00:00,CRSR,6.440000057220459,6.440000057220459,6.440000057220459,6.440000057220459,6.440000057220459,1125.0
2024-10-25 12:12:00+00:00,CRUS,123.6500015258789,123.6500015258789,123.70500183105469,123.6500015258789,123.70500183105469,1159.0
2024-10-25 12:12:00+00:00,CRWD,309.1499938964844,309.1499938964844,309.4620056152344,309.1499938964844,309.4190979003906,6022.0
2024-10-25 12:12:00+00:00,CSCO,56.0099983215332,56.0099983215332,56.025001525878906,56.00709915161133,56.025001525878906,5541.0
2024-10-25 12:12:00+00:00,CSIQ,13.739999771118164,13.739999771118164,13.739999771118164,13.72130012512207,13.734999656677246,1706.0
2024-10-25 12:12:00+00:00,CTSH,74.91300201416016,74.91300201416016,74.91300201416016,74.88999938964844,74.91000366210938,2264.0
2024-10-25 12:12:00+00:00,CYBR,292.5950012207031,292.5950012207031,292.8999938964844,292.5950012207031,292.8999938964844,488.0
2024-10-25 12:12:00+00:00,DAKT,13.175000190734863,13.175000190734863,13.175000190734863,13.175000190734863,13.175000190734863,267.0
2024-10-25 12:12:00+00:00,DBX,26.045000076293945,26.045000076293945,26.049999237060547,26.045000076293945,26.045000076293945,7395.0
2024-10-25 12:12:00+00:00,DDOG,127.41999816894531,127.41999816894531,127.44000244140625,127.41000366210938,127.44000244140625,1745.0
2024-10-25 12:12:00+00:00,DGHI,1.5800000429153442,1.5800000429153442,1.590000033378601,1.5800000429153442,1.590000033378601,1817.0
2024-10-25 12:12:00+00:00,DGII,30.625,30.625,30.625,30.625,30.625,807.0
2024-10-25 12:12:00+00:00,DLO,8.817999839782715,8.817999839782715,8.817999839782715,8.817999839782715,8.817999839782715,361.0
2024-10-25 12:12:00+00:00,DOCU,69.81500244140625,69.81500244140625,69.81500244140625,69.80000305175781,69.80999755859375,3191.0
2024-10-25 12:12:00+00:00,DOMO,8.0,8.0,8.0,8.0,8.0,585.0
2024-10-25 12:12:00+00:00,EEFT,100.69499969482422,100.69499969482422,100.69499969482422,100.69499969482422,100.69499969482422,728.0
2024-10-25 12:12:00+00:00,ENPH,83.7750015258789,83.7750015258789,83.7925033569336,83.70999908447266,83.74500274658203,5278.0
2024-10-25 12:12:00+00:00,ENTG,105.90499877929688,105.90499877929688,105.91999816894531,105.90499877929688,105.91999816894531,624.0
2024-10-25 12:12:00+00:00,ERIC,8.479999542236328,8.479999542236328,8.479999542236328,8.47070026397705,8.475000381469727,59965.0
2024-10-25 12:12:00+00:00,EXTR,14.505000114440918,14.505000114440918,14.505000114440918,14.505000114440918,14.505000114440918,145.0
2024-10-25 12:12:00+00:00,FFIV,216.36000061035156,216.36000061035156,216.36000061035156,216.36000061035156,216.36000061035156,129.0
2024-10-25 12:12:00+00:00,FLEX,35.32500076293945,35.32500076293945,35.33000183105469,35.314998626708984,35.33000183105469,1437.0
2024-10-25 12:12:00+00:00,FROG,29.3799991607666,29.3799991607666,29.3799991607666,29.3799991607666,29.3799991607666,203.0
2024-10-25 12:12:00+00:00,FRSH,11.694999694824219,11.694999694824219,11.694999694824219,11.694999694824219,11.694999694824219,1569.0
2024-10-25 12:12:00+00:00,FSLR,199.6649932861328,199.6649932861328,199.75,199.58999633789062,199.75,6586.0
2024-10-25 12:12:00+00:00,FTNT,81.41000366210938,81.41000366210938,81.41500091552734,81.38999938964844,81.38999938964844,3098.0
2024-10-25 12:12:00+00:00,GCT,24.940000534057617,24.940000534057617,24.940000534057617,24.920000076293945,24.920000076293945,857.0
2024-10-25 12:12:00+00:00,GDYN,15.579999923706055,15.579999923706055,15.579999923706055,15.579999923706055,15.579999923706055,468.0
2024-10-25 12:12:00+00:00,GFS,41.54999923706055,41.54999923706055,41.54999923706055,41.529998779296875,41.529998779296875,2289.0
2024-10-25 12:12:00+00:00,GPRO,1.3350000381469727,1.3350000381469727,1.3350000381469727,1.3350000381469727,1.3350000381469727,192.0
2024-10-25 12:12:00+00:00,GRAB,4.085000038146973,4.085000038146973,4.090000152587891,4.079999923706055,4.085000038146973,10003.0
2024-10-25 12:12:00+00:00,GRRR,4.505000114440918,4.505000114440918,4.509900093078613,4.504000186920166,4.509900093078613,951.0
2024-10-25 12:12:00+00:00,GTLB,55.595001220703125,55.595001220703125,55.595001220703125,55.595001220703125,55.595001220703125,624.0
2024-10-25 12:12:00+00:00,GVP,4.599999904632568,4.599999904632568,4.599999904632568,4.599999904632568,4.599999904632568,100.0
2024-10-25 12:12:00+00:00,HCP,33.70000076293945,33.70000076293945,33.70000076293945,33.70000076293945,33.70000076293945,1243.0
2024-10-25 12:12:00+00:00,HIMX,6.199999809265137,6.199999809265137,6.199999809265137,6.199999809265137,6.199999809265137,101.0
2024-10-25 12:12:00+00:00,HLIT,14.755000114440918,14.755000114440918,14.755000114440918,14.755000114440918,14.755000114440918,1061.0
2024-10-25 12:12:00+00:00,HOLO,3.6600000858306885,3.6600000858306885,3.6600000858306885,3.6507999897003174,3.6507999897003174,1192.0
2024-10-25 12:12:00+00:00,HOOD,27.274999618530273,27.274999618530273,27.290000915527344,27.270000457763672,27.290000915527344,7268.0
2024-10-25 12:12:00+00:00,HTCR,1.0700000524520874,1.0700000524520874,1.0700000524520874,1.0700000524520874,1.0700000524520874,800.0
2024-10-25 12:12:00+00:00,ICHR,27.844999313354492,27.844999313354492,27.844999313354492,27.844999313354492,27.844999313354492,433.0
2024-10-25 12:12:00+00:00,IDAI,0.2296999990940094,0.2296999990940094,0.2296999990940094,0.2296999990940094,0.2296999990940094,0.0
2024-10-25 12:12:00+00:00,INDI,3.575000047683716,3.575000047683716,3.575000047683716,3.574700117111206,3.574700117111206,6150.0
2024-10-25 12:12:00+00:00,INFN,6.789999961853027,6.789999961853027,6.789999961853027,6.789999961853027,6.789999961853027,146.0
2024-10-25 12:12:00+00:00,INOD,19.969999313354492,19.969999313354492,20.0,19.940000534057617,19.940000534057617,1659.0
2024-10-25 12:12:00+00:00,INTC,23.184999465942383,23.184999465942383,23.219999313354492,23.18000030517578,23.21980094909668,163231.0
2024-10-25 12:12:00+00:00,INTU,610.9500122070312,610.9500122070312,611.155029296875,610.9500122070312,611.155029296875,1916.0
2024-10-25 12:12:00+00:00,ITI,7.195000171661377,7.195000171661377,7.195000171661377,7.195000171661377,7.195000171661377,1626.0
2024-10-25 12:12:00+00:00,KC,2.7249999046325684,2.7249999046325684,2.7249999046325684,2.7249999046325684,2.7249999046325684,12521.0
2024-10-25 12:12:00+00:00,KLAC,681.4000244140625,681.4000244140625,681.4400024414062,681.4000244140625,681.4400024414062,1439.0
2024-10-25 12:12:00+00:00,KLIC,44.400001525878906,44.400001525878906,44.400001525878906,44.400001525878906,44.400001525878906,591.0
2024-10-25 12:12:00+00:00,KOPN,0.777899980545044,0.777899980545044,0.777899980545044,0.777899980545044,0.777899980545044,933.0
2024-10-25 12:12:00+00:00,KOSS,7.385000228881836,7.385000228881836,7.385000228881836,7.385000228881836,7.385000228881836,581.0
2024-10-25 12:12:00+00:00,LASR,10.479999542236328,10.479999542236328,10.479999542236328,10.479999542236328,10.479999542236328,187.0
2024-10-25 12:12:00+00:00,LINK,4.715000152587891,4.715000152587891,4.715000152587891,4.715000152587891,4.715000152587891,205.0
2024-10-25 12:12:00+00:00,LITE,64.47000122070312,64.47000122070312,64.47000122070312,64.47000122070312,64.47000122070312,298.0
2024-10-25 12:12:00+00:00,LPSN,1.1799999475479126,1.1799999475479126,1.1799999475479126,1.1799999475479126,1.1799999475479126,486.0
2024-10-25 12:12:00+00:00,LRCX,79.13999938964844,79.13999938964844,79.19499969482422,79.1050033569336,79.19139862060547,16974.0
2024-10-25 12:12:00+00:00,LSCC,54.43000030517578,54.43000030517578,54.45000076293945,54.43000030517578,54.45000076293945,804.0
2024-10-25 12:12:00+00:00,LYFT,13.805000305175781,13.805000305175781,13.8149995803833,13.805000305175781,13.8100004196167,11684.0
2024-10-25 12:12:00+00:00,LYT,1.9299999475479126,1.9299999475479126,1.9299999475479126,1.9299999475479126,1.9299999475479126,6300.0
2024-10-25 12:12:00+00:00,MANH,275.7850036621094,275.7850036621094,275.7850036621094,275.7699890136719,275.7850036621094,826.0
2024-10-25 12:12:00+00:00,MAXN,5.751299858093262,5.751299858093262,5.751299858093262,5.751299858093262,5.751299858093262,474.0
2024-10-25 12:12:00+00:00,MCHP,77.06999969482422,77.06999969482422,77.06999969482422,77.02999877929688,77.05000305175781,3072.0
2024-10-25 12:12:00+00:00,MINM,0.6499999761581421,0.6499999761581421,0.6499999761581421,0.6499999761581421,0.6499999761581421,443.0
2024-10-25 12:12:00+00:00,MKSI,100.97000122070312,100.97000122070312,100.97000122070312,100.95999908447266,100.95999908447266,467.0
2024-10-25 12:12:00+00:00,MLAB,115.5,115.5,115.5,115.5,115.5,832.0
2024-10-25 12:12:00+00:00,MPWR,918.5499877929688,918.5499877929688,918.75,918.0800170898438,918.0800170898438,3097.0
2024-10-25 12:12:00+00:00,MRVL,82.62999725341797,82.62999725341797,82.63999938964844,82.61000061035156,82.63500213623047,11150.0
2024-10-25 12:12:00+00:00,MSFT,429.94500732421875,429.94500732421875,430.2799987792969,429.9247131347656,430.260009765625,55710.0
2024-10-25 12:12:00+00:00,MSTR,239.8907012939453,239.8907012939453,240.41000366210938,239.55999755859375,239.6999969482422,79886.0
2024-10-25 12:12:00+00:00,MTEK,1.940000057220459,1.940000057220459,1.940000057220459,1.940000057220459,1.940000057220459,234.0
2024-10-25 12:12:00+00:00,MTSI,120.18000030517578,120.18000030517578,120.27999877929688,120.18000030517578,120.2699966430664,1726.0
2024-10-25 12:12:00+00:00,MTTR,4.65500020980835,4.65500020980835,4.65500020980835,4.65500020980835,4.65500020980835,321.0
2024-10-25 12:12:00+00:00,MU,109.12000274658203,109.12000274658203,109.1698989868164,109.11000061035156,109.1698989868164,6660.0
2024-10-25 12:12:00+00:00,MVIS,1.100000023841858,1.100000023841858,1.100000023841858,1.100000023841858,1.100000023841858,265.0
2024-10-25 12:12:00+00:00,MXL,15.09000015258789,15.09000015258789,15.100000381469727,15.079999923706055,15.100000381469727,2114.0
2024-10-25 12:12:00+00:00,NEON,8.220000267028809,8.220000267028809,8.220000267028809,8.220000267028809,8.220000267028809,236.0
2024-10-25 12:12:00+00:00,NNDM,2.3450000286102295,2.3450000286102295,2.3464999198913574,2.3450000286102295,2.3464999198913574,775.0
2024-10-25 12:12:00+00:00,NTAP,120.5,120.5,120.51499938964844,120.45999908447266,120.51499938964844,1443.0
2024-10-25 12:12:00+00:00,NTNX,62.290000915527344,62.290000915527344,62.290000915527344,62.290000915527344,62.290000915527344,2288.0
2024-10-25 12:12:00+00:00,NVDA,143.55999755859375,143.55999755859375,143.6999969482422,143.5200958251953,143.6990966796875,272192.0
2024-10-25 12:12:00+00:00,NVEI,33.52000045776367,33.52000045776367,33.52000045776367,33.52000045776367,33.52000045776367,679.0
2024-10-25 12:12:00+00:00,NVTS,2.5999999046325684,2.5999999046325684,2.615000009536743,2.5999999046325684,2.609999895095825,5415.0
2024-10-25 12:12:00+00:00,NXPI,245.0500030517578,245.0500030517578,245.0500030517578,245.0399932861328,245.04119873046875,1737.0
2024-10-25 12:12:00+00:00,OKTA,72.44000244140625,72.44000244140625,72.44000244140625,72.44000244140625,72.44000244140625,642.0
2024-10-25 12:12:00+00:00,ON,71.8499984741211,71.8499984741211,71.8499984741211,71.79000091552734,71.81999969482422,8157.0
2024-10-25 12:12:00+00:00,PANW,369.739990234375,369.739990234375,369.739990234375,369.4800109863281,369.6449890136719,2517.0
2024-10-25 12:12:00+00:00,PAYO,8.295000076293945,8.295000076293945,8.295000076293945,8.295000076293945,8.295000076293945,195.0
2024-10-25 12:12:00+00:00,PEGA,79.82499694824219,79.82499694824219,79.83200073242188,79.81500244140625,79.81500244140625,2040.0
2024-10-25 12:12:00+00:00,PGY,11.850000381469727,11.850000381469727,11.850000381469727,11.850000381469727,11.850000381469727,320.0
2024-10-25 12:12:00+00:00,PHUN,10.340100288391113,10.340100288391113,10.369999885559082,10.279999732971191,10.279999732971191,123499.0
2024-10-25 12:12:00+00:00,PLXS,142.94500732421875,142.94500732421875,142.94500732421875,142.94500732421875,142.94500732421875,528.0
2024-10-25 12:12:00+00:00,POWI,64.47000122070312,64.47000122070312,64.47000122070312,64.47000122070312,64.47000122070312,205.0
2024-10-25 12:12:00+00:00,PYCR,14.324999809265137,14.324999809265137,14.34000015258789,14.319999694824219,14.335000038146973,1217.0
2024-10-25 12:12:00+00:00,QCOM,172.60000610351562,172.60000610351562,172.69000244140625,172.57000732421875,172.69000244140625,3987.0
2024-10-25 12:12:00+00:00,QLYS,120.45999908447266,120.45999908447266,120.5250015258789,120.45999908447266,120.5250015258789,561.0
2024-10-25 12:12:00+00:00,QRVO,100.28500366210938,100.28500366210938,100.30999755859375,100.28500366210938,100.30999755859375,1233.0
2024-10-25 12:12:00+00:00,RGTI,1.225000023841858,1.225000023841858,1.229099988937378,1.2200000286102295,1.2207000255584717,6614.0
2024-10-25 12:12:00+00:00,RIOT,10.085000038146973,10.085000038146973,10.095000267028809,10.070099830627441,10.079999923706055,39174.0
2024-10-25 12:12:00+00:00,RMBS,43.58000183105469,43.58000183105469,43.58000183105469,43.560001373291016,43.560001373291016,1039.0
2024-10-25 12:12:00+00:00,RUM,5.78000020980835,5.78000020980835,5.790200233459473,5.78000020980835,5.790200233459473,6801.0
2024-10-25 12:12:00+00:00,RUN,14.414999961853027,14.414999961853027,14.420000076293945,14.408499717712402,14.41100025177002,5276.0
2024-10-25 12:12:00+00:00,SATS,25.25,25.25,25.295000076293945,25.25,25.290000915527344,8597.0
2024-10-25 12:12:00+00:00,SCWX,8.385000228881836,8.385000228881836,8.385000228881836,8.369999885559082,8.380000114440918,8628.0
2024-10-25 12:12:00+00:00,SEDG,16.18000030517578,16.18000030517578,16.18000030517578,16.15999984741211,16.170000076293945,2005.0
2024-10-25 12:12:00+00:00,SHLS,5.332900047302246,5.332900047302246,5.335000038146973,5.332900047302246,5.335000038146973,1077.0
2024-10-25 12:12:00+00:00,SKYT,10.734999656677246,10.734999656677246,10.734999656677246,10.734999656677246,10.734999656677246,1384.0
2024-10-25 12:12:00+00:00,SMCI,47.72999954223633,47.72999954223633,47.79999923706055,47.70000076293945,47.79999923706055,57409.0
2024-10-25 12:12:00+00:00,SMTC,45.79499816894531,45.79499816894531,45.79499816894531,45.7599983215332,45.7599983215332,202.0
2024-10-25 12:12:00+00:00,SNPS,503.20001220703125,503.20001220703125,503.4200134277344,503.20001220703125,503.4200134277344,1887.0
2024-10-25 12:12:00+00:00,SOUN,5.283999919891357,5.283999919891357,5.289999961853027,5.28000020980835,5.28980016708374,16479.0
2024-10-25 12:12:00+00:00,SRAD,12.375,12.375,12.375,12.375,12.375,333.0
2024-10-25 12:12:00+00:00,SSNC,69.9800033569336,69.9800033569336,70.0,69.94999694824219,69.94999694824219,12061.0
2024-10-25 12:12:00+00:00,STER,16.739999771118164,16.739999771118164,16.739999771118164,16.739999771118164,16.739999771118164,479.0
2024-10-25 12:12:00+00:00,STNE,11.490799903869629,11.490799903869629,11.494999885559082,11.490799903869629,11.494999885559082,2288.0
2024-10-25 12:12:00+00:00,STX,103.8499984741211,103.8499984741211,103.96199798583984,103.8499984741211,103.96199798583984,1211.0
2024-10-25 12:12:00+00:00,SVRE,0.08169999718666077,0.08169999718666077,0.08169999718666077,0.08169999718666077,0.08169999718666077,1916.0
2024-10-25 12:12:00+00:00,SWKS,96.62999725341797,96.62999725341797,96.63999938964844,96.62999725341797,96.63999938964844,1354.0
2024-10-25 12:12:00+00:00,SYTA,1.270400047302246,1.270400047302246,1.2949999570846558,1.2699999809265137,1.2949999570846558,2995.0
2024-10-25 12:12:00+00:00,TEAM,190.04620361328125,190.04620361328125,190.08999633789062,189.92999267578125,189.92999267578125,5704.0
2024-10-25 12:12:00+00:00,TENB,41.84000015258789,41.84000015258789,41.86000061035156,41.81999969482422,41.849998474121094,10399.0
2024-10-25 12:12:00+00:00,TER,112.8949966430664,112.8949966430664,112.8949966430664,112.88999938964844,112.88999938964844,1364.0
2024-10-25 12:12:00+00:00,TRMB,61.099998474121094,61.099998474121094,61.099998474121094,61.09000015258789,61.09000015258789,667.0
2024-10-25 12:12:00+00:00,TTD,119.62999725341797,119.62999725341797,119.69329833984375,119.62999725341797,119.63009643554688,1862.0
2024-10-25 12:12:00+00:00,TWKS,4.449999809265137,4.449999809265137,4.449999809265137,4.449999809265137,4.449999809265137,10756.0
2024-10-25 12:12:00+00:00,TXN,208.66000366210938,208.66000366210938,208.66000366210938,208.61000061035156,208.64999389648438,2672.0
2024-10-25 12:12:00+00:00,UCTT,36.18000030517578,36.18000030517578,36.209999084472656,36.18000030517578,36.209999084472656,2019.0
2024-10-25 12:12:00+00:00,UEIC,8.15999984741211,8.15999984741211,8.15999984741211,8.15999984741211,8.15999984741211,0.0
2024-10-25 12:12:00+00:00,VECO,29.600000381469727,29.600000381469727,29.61389923095703,29.600000381469727,29.600000381469727,578.0
2024-10-25 12:12:00+00:00,VERI,3.418600082397461,3.418600082397461,3.418600082397461,3.4149999618530273,3.4149999618530273,250.0
2024-10-25 12:12:00+00:00,VERX,42.21500015258789,42.21500015258789,42.21500015258789,42.21500015258789,42.21500015258789,496.0
2024-10-25 12:12:00+00:00,VIAV,9.268199920654297,9.268199920654297,9.268199920654297,9.265000343322754,9.265000343322754,1661.0
2024-10-25 12:12:00+00:00,VMEO,4.760000228881836,4.760000228881836,4.760000228881836,4.760000228881836,4.760000228881836,477.0
2024-10-25 12:12:00+00:00,VNET,3.4749999046325684,3.4749999046325684,3.4749999046325684,3.4749999046325684,3.4749999046325684,984.0
2024-10-25 12:12:00+00:00,VRNS,56.79999923706055,56.79999923706055,56.814998626708984,56.79999923706055,56.814998626708984,623.0
2024-10-25 12:12:00+00:00,VRSN,185.72250366210938,185.72250366210938,185.82000732421875,185.72250366210938,185.82000732421875,701.0
2024-10-25 12:12:00+00:00,VS,2.5999999046325684,2.5999999046325684,2.5999999046325684,2.5999999046325684,2.5999999046325684,503.0
2024-10-25 12:12:00+00:00,VSAT,10.414999961853027,10.414999961853027,10.420000076293945,10.40999984741211,10.420000076293945,1787.0
2024-10-25 12:12:00+00:00,VUZI,1.3299000263214111,1.3299000263214111,1.3299000263214111,1.3299000263214111,1.3299000263214111,600.0
2024-10-25 12:12:00+00:00,WALD,3.6700000762939453,3.6700000762939453,3.6700000762939453,3.6700000762939453,3.6700000762939453,551.0
2024-10-25 12:12:00+00:00,WDC,71.37999725341797,71.37999725341797,71.40989685058594,71.29000091552734,71.29000091552734,8467.0
2024-10-25 12:12:00+00:00,WISA,1.8428000211715698,1.8428000211715698,1.8450000286102295,1.8401000499725342,1.8450000286102295,944.0
2024-10-25 12:12:00+00:00,XRX,10.125,10.125,10.125,10.125,10.125,204.0
2024-10-25 12:12:00+00:00,ZI,10.53499984741211,10.53499984741211,10.539999961853027,10.53499984741211,10.535099983215332,5183.0
2024-10-25 12:12:00+00:00,ZM,73.13999938964844,73.13999938964844,73.1449966430664,73.13999938964844,73.13999938964844,2007.0
2024-10-25 12:12:00+00:00,ZS,186.36000061035156,186.36000061035156,186.36000061035156,186.36000061035156,186.36000061035156,887.0
2024-10-25 12:13:00+00:00,AAOI,18.229999542236328,18.229999542236328,18.229999542236328,18.229999542236328,18.229999542236328,844.0
2024-10-25 12:13:00+00:00,AAPL,232.44000244140625,232.44000244140625,232.49000549316406,232.42010498046875,232.42999267578125,29203.0
2024-10-25 12:13:00+00:00,ACIW,48.88999938964844,48.88999938964844,48.90999984741211,48.8650016784668,48.8650016784668,1215.0
2024-10-25 12:13:00+00:00,ACLS,90.59249877929688,90.59249877929688,90.61000061035156,90.58000183105469,90.5999984741211,1267.0
2024-10-25 12:13:00+00:00,ADBE,485.1199951171875,485.1199951171875,485.17999267578125,485.1199951171875,485.1300048828125,1382.0
2024-10-25 12:13:00+00:00,ADI,233.60000610351562,233.60000610351562,233.61000061035156,233.60000610351562,233.61000061035156,976.0
2024-10-25 12:13:00+00:00,ADTN,6.385000228881836,6.385000228881836,6.385000228881836,6.385000228881836,6.385000228881836,331.0
2024-10-25 12:13:00+00:00,AEHR,17.059999465942383,17.059999465942383,17.059999465942383,17.059999465942383,17.059999465942383,534.0
2024-10-25 12:13:00+00:00,AFRM,41.84000015258789,41.84000015258789,41.86000061035156,41.83000183105469,41.86000061035156,7364.0
2024-10-25 12:13:00+00:00,AKAM,102.94999694824219,102.94999694824219,102.94999694824219,102.94999694824219,102.94999694824219,1526.0
2024-10-25 12:13:00+00:00,ALGM,22.809999465942383,22.809999465942383,22.81999969482422,22.799999237060547,22.81999969482422,3234.0
2024-10-25 12:13:00+00:00,ALKT,38.099998474121094,38.099998474121094,38.099998474121094,38.099998474121094,38.099998474121094,647.0
2024-10-25 12:13:00+00:00,ALRM,54.69499969482422,54.69499969482422,54.69499969482422,54.69499969482422,54.69499969482422,304.0
2024-10-25 12:13:00+00:00,ALTR,103.63500213623047,103.63500213623047,103.68000030517578,103.63500213623047,103.68000030517578,429.0
2024-10-25 12:13:00+00:00,AMAT,188.27000427246094,188.27000427246094,188.3699951171875,188.27000427246094,188.2740020751953,2100.0
2024-10-25 12:13:00+00:00,AMD,157.47500610351562,157.47500610351562,157.5,157.44500732421875,157.44500732421875,17085.0
2024-10-25 12:13:00+00:00,AMPG,1.034999966621399,1.034999966621399,1.0499999523162842,1.034999966621399,1.0499999523162842,4695.0
2024-10-25 12:13:00+00:00,AMST,2.890000104904175,2.890000104904175,2.890000104904175,2.890000104904175,2.890000104904175,0.0
2024-10-25 12:13:00+00:00,ANSS,325.69000244140625,325.69000244140625,325.69000244140625,325.69000244140625,325.69000244140625,169.0
2024-10-25 12:13:00+00:00,API,2.8450000286102295,2.8450000286102295,2.8450000286102295,2.8450000286102295,2.8450000286102295,400.0
2024-10-25 12:13:00+00:00,APP,161.85499572753906,161.85499572753906,161.9069061279297,161.80999755859375,161.86000061035156,2031.0
2024-10-25 12:13:00+00:00,APPF,215.13800048828125,215.13800048828125,215.16000366210938,214.80999755859375,214.80999755859375,2763.0
2024-10-25 12:13:00+00:00,APPN,32.15999984741211,32.15999984741211,32.27000045776367,32.15999984741211,32.27000045776367,4271.0
2024-10-25 12:13:00+00:00,APPS,3.0850000381469727,3.0850000381469727,3.0850000381469727,3.0799999237060547,3.0799999237060547,300.0
2024-10-25 12:13:00+00:00,ARRY,6.539999961853027,6.539999961853027,6.550000190734863,6.539999961853027,6.545000076293945,3154.0
2024-10-25 12:13:00+00:00,ASML,716.6748046875,716.6748046875,717.0499877929688,716.6748046875,717.030029296875,1300.0
2024-10-25 12:13:00+00:00,ATOM,3.359999895095825,3.359999895095825,3.359999895095825,3.359999895095825,3.359999895095825,160.0
2024-10-25 12:13:00+00:00,AUR,6.434999942779541,6.434999942779541,6.434999942779541,6.434999942779541,6.434999942779541,865.0
2024-10-25 12:13:00+00:00,AVGO,176.02000427246094,176.02000427246094,176.05999755859375,176.00999450683594,176.0399932861328,10472.0
2024-10-25 12:13:00+00:00,AVPT,12.010000228881836,12.010000228881836,12.010000228881836,12.010000228881836,12.010000228881836,695.0
2024-10-25 12:13:00+00:00,AVT,54.17499923706055,54.17499923706055,54.17499923706055,54.17499923706055,54.17499923706055,314.0
2024-10-25 12:13:00+00:00,AXTI,2.694999933242798,2.694999933242798,2.694999933242798,2.694999933242798,2.694999933242798,324.0
2024-10-25 12:13:00+00:00,AZPN,235.8300018310547,235.8300018310547,235.8300018310547,235.7949981689453,235.7949981689453,1480.0
2024-10-25 12:13:00+00:00,BAND,17.700000762939453,17.700000762939453,17.719999313354492,17.700000762939453,17.719999313354492,981.0
2024-10-25 12:13:00+00:00,BIGC,5.315000057220459,5.315000057220459,5.315000057220459,5.309999942779541,5.309999942779541,889.0
2024-10-25 12:13:00+00:00,BL,56.4900016784668,56.4900016784668,56.4900016784668,56.4900016784668,56.4900016784668,861.0
2024-10-25 12:13:00+00:00,BRZE,30.764999389648438,30.764999389648438,30.764999389648438,30.764999389648438,30.764999389648438,284.0
2024-10-25 12:13:00+00:00,CAN,0.9919999837875366,0.9919999837875366,0.995199978351593,0.9919999837875366,0.995199978351593,28881.0
2024-10-25 12:13:00+00:00,CDNS,259.32708740234375,259.32708740234375,259.3699951171875,259.32708740234375,259.3699951171875,580.0
2024-10-25 12:13:00+00:00,CDW,219.39999389648438,219.39999389648438,219.4149932861328,219.30999755859375,219.4149932861328,2009.0
2024-10-25 12:13:00+00:00,CETX,0.296099990606308,0.296099990606308,0.296099990606308,0.296099990606308,0.296099990606308,2282.0
2024-10-25 12:13:00+00:00,CFLT,22.700000762939453,22.700000762939453,22.709999084472656,22.690000534057617,22.690000534057617,3571.0
2024-10-25 12:13:00+00:00,CGNX,39.0,39.0,39.0,39.0,39.0,1246.0
2024-10-25 12:13:00+00:00,CHKP,207.6905059814453,207.6905059814453,207.6905059814453,207.6905059814453,207.6905059814453,730.0
2024-10-25 12:13:00+00:00,CLSK,11.944999694824219,11.944999694824219,11.975000381469727,11.940099716186523,11.975000381469727,88388.0
2024-10-25 12:13:00+00:00,CMTL,3.7160000801086426,3.7160000801086426,3.7160000801086426,3.7160000801086426,3.7160000801086426,104.0
2024-10-25 12:13:00+00:00,COHR,95.30000305175781,95.30000305175781,95.30000305175781,95.2699966430664,95.2699966430664,1049.0
2024-10-25 12:13:00+00:00,COIN,209.52999877929688,209.52999877929688,209.92999267578125,209.5,209.83999633789062,12988.0
2024-10-25 12:13:00+00:00,COMM,6.315000057220459,6.315000057220459,6.315000057220459,6.300000190734863,6.300000190734863,3104.0
2024-10-25 12:13:00+00:00,CORZ,13.354999542236328,13.354999542236328,13.364999771118164,13.350000381469727,13.364999771118164,13912.0
2024-10-25 12:13:00+00:00,CPSH,1.4299999475479126,1.4299999475479126,1.4299999475479126,1.4299999475479126,1.4299999475479126,190.0
2024-10-25 12:13:00+00:00,CRCT,6.599999904632568,6.599999904632568,6.599999904632568,6.590000152587891,6.590000152587891,1414.0
2024-10-25 12:13:00+00:00,CRDO,39.70000076293945,39.70000076293945,39.70000076293945,39.70000076293945,39.70000076293945,809.0
2024-10-25 12:13:00+00:00,CRNC,2.9000000953674316,2.9000000953674316,2.9000000953674316,2.9000000953674316,2.9000000953674316,6597.0
2024-10-25 12:13:00+00:00,CRSR,6.440000057220459,6.440000057220459,6.440000057220459,6.434999942779541,6.434999942779541,497.0
2024-10-25 12:13:00+00:00,CRWD,309.30999755859375,309.30999755859375,309.3299865722656,309.1499938964844,309.1499938964844,5530.0
2024-10-25 12:13:00+00:00,CSCO,56.00600051879883,56.00600051879883,56.01499938964844,56.0,56.01499938964844,5233.0
2024-10-25 12:13:00+00:00,CSIQ,13.730799674987793,13.730799674987793,13.732500076293945,13.720000267028809,13.729999542236328,10459.0
2024-10-25 12:13:00+00:00,CTSH,74.9000015258789,74.9000015258789,74.9000015258789,74.89019775390625,74.9000015258789,2189.0
2024-10-25 12:13:00+00:00,CVLT,134.17999267578125,134.17999267578125,134.17999267578125,134.17999267578125,134.17999267578125,706.0
2024-10-25 12:13:00+00:00,DATS,1.5981999635696411,1.5981999635696411,1.5981999635696411,1.579699993133545,1.579699993133545,1284.0
2024-10-25 12:13:00+00:00,DBX,26.040000915527344,26.040000915527344,26.040000915527344,26.040000915527344,26.040000915527344,581.0
2024-10-25 12:13:00+00:00,DDOG,127.48999786376953,127.48999786376953,127.5,127.30000305175781,127.30000305175781,22575.0
2024-10-25 12:13:00+00:00,DGHI,1.590000033378601,1.590000033378601,1.590000033378601,1.590000033378601,1.590000033378601,681.0
2024-10-25 12:13:00+00:00,DIOD,66.53500366210938,66.53500366210938,66.53500366210938,66.53500366210938,66.53500366210938,217.0
2024-10-25 12:13:00+00:00,DLO,8.8149995803833,8.8149995803833,8.8149995803833,8.8149995803833,8.8149995803833,209.0
2024-10-25 12:13:00+00:00,DOCU,69.80500030517578,69.80500030517578,69.83000183105469,69.80500030517578,69.80999755859375,1603.0
2024-10-25 12:13:00+00:00,DTSS,2.420099973678589,2.420099973678589,2.420099973678589,2.420099973678589,2.420099973678589,253.0
2024-10-25 12:13:00+00:00,DUOL,289.59100341796875,289.59100341796875,289.59100341796875,289.59100341796875,289.59100341796875,720.0
2024-10-25 12:13:00+00:00,EEFT,100.69000244140625,100.69000244140625,100.69000244140625,100.69000244140625,100.69000244140625,764.0
2024-10-25 12:13:00+00:00,ENPH,83.71759796142578,83.71759796142578,83.77999877929688,83.61000061035156,83.70999908447266,9455.0
2024-10-25 12:13:00+00:00,ENTG,105.93000030517578,105.93000030517578,105.93000030517578,105.93000030517578,105.93000030517578,1027.0
2024-10-25 12:13:00+00:00,ERIC,8.486000061035156,8.486000061035156,8.486000061035156,8.479999542236328,8.479999542236328,59778.0
2024-10-25 12:13:00+00:00,EVCM,10.649999618530273,10.649999618530273,10.649999618530273,10.649999618530273,10.649999618530273,329.0
2024-10-25 12:13:00+00:00,EXLS,38.915000915527344,38.915000915527344,38.915000915527344,38.915000915527344,38.915000915527344,251.0
2024-10-25 12:13:00+00:00,EXTR,14.508999824523926,14.508999824523926,14.508999824523926,14.5,14.505000114440918,2271.0
2024-10-25 12:13:00+00:00,FFIV,216.4149932861328,216.4149932861328,216.4149932861328,216.4149932861328,216.4149932861328,119.0
2024-10-25 12:13:00+00:00,FIVN,30.149999618530273,30.149999618530273,30.149999618530273,30.100000381469727,30.110000610351562,3249.0
2024-10-25 12:13:00+00:00,FLEX,35.31999969482422,35.31999969482422,35.31999969482422,35.31999969482422,35.31999969482422,830.0
2024-10-25 12:13:00+00:00,FLYW,17.479999542236328,17.479999542236328,17.479999542236328,17.479999542236328,17.479999542236328,110.0
2024-10-25 12:13:00+00:00,FROG,29.40999984741211,29.40999984741211,29.40999984741211,29.40999984741211,29.40999984741211,604.0
2024-10-25 12:13:00+00:00,FSLR,199.5500030517578,199.5500030517578,199.66000366210938,199.4600067138672,199.66000366210938,3595.0
2024-10-25 12:13:00+00:00,FTCI,0.660099983215332,0.660099983215332,0.660099983215332,0.660099983215332,0.660099983215332,600.0
2024-10-25 12:13:00+00:00,FTNT,81.42250061035156,81.42250061035156,81.43000030517578,81.40499877929688,81.41000366210938,4537.0
2024-10-25 12:13:00+00:00,GCT,24.94499969482422,24.94499969482422,24.94499969482422,24.94499969482422,24.94499969482422,552.0
2024-10-25 12:13:00+00:00,GDS,21.68000030517578,21.68000030517578,21.70989990234375,21.670000076293945,21.704999923706055,7978.0
2024-10-25 12:13:00+00:00,GFS,41.529998779296875,41.529998779296875,41.54999923706055,41.529998779296875,41.54999923706055,1544.0
2024-10-25 12:13:00+00:00,GILT,4.960000038146973,4.960000038146973,4.960000038146973,4.949999809265137,4.949999809265137,538.0
2024-10-25 12:13:00+00:00,GPRO,1.3350000381469727,1.3350000381469727,1.3350000381469727,1.3350000381469727,1.3350000381469727,931.0
2024-10-25 12:13:00+00:00,GRAB,4.085000038146973,4.085000038146973,4.090000152587891,4.079999923706055,4.088099956512451,6825.0
2024-10-25 12:13:00+00:00,GRRR,4.494999885559082,4.494999885559082,4.510000228881836,4.494999885559082,4.510000228881836,560.0
2024-10-25 12:13:00+00:00,GTLB,55.59000015258789,55.59000015258789,55.59000015258789,55.59000015258789,55.59000015258789,329.0
2024-10-25 12:13:00+00:00,HCKT,24.899999618530273,24.899999618530273,24.899999618530273,24.889999389648438,24.889999389648438,635.0
2024-10-25 12:13:00+00:00,HCP,33.70000076293945,33.70000076293945,33.70000076293945,33.70000076293945,33.70000076293945,212.0
2024-10-25 12:13:00+00:00,HOLO,3.6600000858306885,3.6600000858306885,3.6600000858306885,3.6500000953674316,3.6600000858306885,2370.0
2024-10-25 12:13:00+00:00,HOOD,27.260000228881836,27.260000228881836,27.270000457763672,27.235000610351562,27.270000457763672,16119.0
2024-10-25 12:13:00+00:00,IDN,2.369999885559082,2.369999885559082,2.369999885559082,2.369999885559082,2.369999885559082,264.0
2024-10-25 12:13:00+00:00,IMMR,8.75,8.75,8.75,8.75,8.75,193.0
2024-10-25 12:13:00+00:00,INDI,3.575000047683716,3.575000047683716,3.575000047683716,3.575000047683716,3.575000047683716,731.0
2024-10-25 12:13:00+00:00,INOD,19.989999771118164,19.989999771118164,19.989999771118164,19.989999771118164,19.989999771118164,317.0
2024-10-25 12:13:00+00:00,INTC,23.19499969482422,23.19499969482422,23.200000762939453,23.190000534057617,23.190200805664062,27789.0
2024-10-25 12:13:00+00:00,INTU,610.864990234375,610.864990234375,610.864990234375,610.864990234375,610.864990234375,570.0
2024-10-25 12:13:00+00:00,IPGP,76.97000122070312,76.97000122070312,77.06999969482422,76.97000122070312,77.06999969482422,1150.0
2024-10-25 12:13:00+00:00,ITRI,103.0199966430664,103.0199966430664,103.0199966430664,103.0199966430664,103.0199966430664,763.0
2024-10-25 12:13:00+00:00,JKHY,183.97000122070312,183.97000122070312,183.97000122070312,183.97000122070312,183.97000122070312,373.0
2024-10-25 12:13:00+00:00,KARO,40.36000061035156,40.36000061035156,40.36000061035156,40.36000061035156,40.36000061035156,270.0
2024-10-25 12:13:00+00:00,KC,2.7249999046325684,2.7249999046325684,2.7249999046325684,2.7249999046325684,2.7249999046325684,659.0
2024-10-25 12:13:00+00:00,KLAC,681.3350219726562,681.3350219726562,681.4199829101562,681.3350219726562,681.4199829101562,787.0
2024-10-25 12:13:00+00:00,KOPN,0.7797999978065491,0.7797999978065491,0.7797999978065491,0.7797999978065491,0.7797999978065491,5065.0
2024-10-25 12:13:00+00:00,LINK,4.789999961853027,4.789999961853027,4.789999961853027,4.679999828338623,4.679999828338623,1314.0
2024-10-25 12:13:00+00:00,LOGI,81.19000244140625,81.19000244140625,81.22000122070312,81.19000244140625,81.22000122070312,1071.0
2024-10-25 12:13:00+00:00,LRCX,79.11609649658203,79.11609649658203,79.16000366210938,79.11609649658203,79.1500015258789,10306.0
2024-10-25 12:13:00+00:00,LSCC,54.43000030517578,54.43000030517578,54.43000030517578,54.43000030517578,54.43000030517578,1101.0
2024-10-25 12:13:00+00:00,LYFT,13.805000305175781,13.805000305175781,13.805000305175781,13.800000190734863,13.800000190734863,4281.0
2024-10-25 12:13:00+00:00,MCHP,77.08000183105469,77.08000183105469,77.1050033569336,77.08000183105469,77.08999633789062,2082.0
2024-10-25 12:13:00+00:00,MDB,266.6499938964844,266.6499938964844,266.7900085449219,266.6400146484375,266.7900085449219,1124.0
2024-10-25 12:13:00+00:00,MITK,8.770000457763672,8.770000457763672,8.770000457763672,8.770000457763672,8.770000457763672,599.0
2024-10-25 12:13:00+00:00,MNDY,297.4949951171875,297.4949951171875,297.7300109863281,296.7705078125,296.8399963378906,8050.0
2024-10-25 12:13:00+00:00,MOGO,1.0191999673843384,1.0191999673843384,1.0191999673843384,1.0191999673843384,1.0191999673843384,2000.0
2024-10-25 12:13:00+00:00,MPWR,918.844970703125,918.844970703125,918.844970703125,918.844970703125,918.844970703125,421.0
2024-10-25 12:13:00+00:00,MQ,5.289999961853027,5.289999961853027,5.289999961853027,5.269999980926514,5.269999980926514,18207.0
2024-10-25 12:13:00+00:00,MRVL,82.67500305175781,82.67500305175781,82.67500305175781,82.62000274658203,82.62000274658203,4797.0
2024-10-25 12:13:00+00:00,MSFT,429.9700012207031,429.9700012207031,430.0350036621094,429.9006042480469,429.95001220703125,19138.0
2024-10-25 12:13:00+00:00,MSTR,239.2050018310547,239.2050018310547,239.88999938964844,239.2050018310547,239.88999938964844,71667.0
2024-10-25 12:13:00+00:00,MTC,0.3684999942779541,0.3684999942779541,0.3684999942779541,0.3684999942779541,0.3684999942779541,3540.0
2024-10-25 12:13:00+00:00,MTLS,6.0,6.0,6.0,6.0,6.0,296.0
2024-10-25 12:13:00+00:00,MTSI,120.18000030517578,120.18000030517578,120.27999877929688,120.18000030517578,120.27999877929688,447.0
2024-10-25 12:13:00+00:00,MU,109.0999984741211,109.0999984741211,109.12000274658203,109.09500122070312,109.12000274658203,7017.0
2024-10-25 12:13:00+00:00,MVIS,1.100000023841858,1.100000023841858,1.100000023841858,1.100000023841858,1.100000023841858,102.0
2024-10-25 12:13:00+00:00,MXL,15.09000015258789,15.09000015258789,15.100000381469727,15.09000015258789,15.095000267028809,1955.0
2024-10-25 12:13:00+00:00,NCNO,37.7599983215332,37.7599983215332,37.7599983215332,37.7599983215332,37.7599983215332,766.0
2024-10-25 12:13:00+00:00,NNDM,2.3450000286102295,2.3450000286102295,2.3450000286102295,2.3450000286102295,2.3450000286102295,628.0
2024-10-25 12:13:00+00:00,NSIT,210.2899932861328,210.2899932861328,210.2899932861328,210.03500366210938,210.03500366210938,966.0
2024-10-25 12:13:00+00:00,NTAP,120.45999908447266,120.45999908447266,120.45999908447266,120.45999908447266,120.45999908447266,328.0
2024-10-25 12:13:00+00:00,NVDA,143.46499633789062,143.46499633789062,143.58999633789062,143.44000244140625,143.5550994873047,400693.0
2024-10-25 12:13:00+00:00,NVTS,2.6050000190734863,2.6050000190734863,2.6050000190734863,2.6050000190734863,2.6050000190734863,1211.0
2024-10-25 12:13:00+00:00,NXPI,245.00379943847656,245.00379943847656,245.0399932861328,245.0,245.0399932861328,1150.0
2024-10-25 12:13:00+00:00,OKTA,72.44000244140625,72.44000244140625,72.45999908447266,72.44000244140625,72.45999908447266,340.0
2024-10-25 12:13:00+00:00,ON,71.8550033569336,71.8550033569336,71.87000274658203,71.80999755859375,71.80999755859375,7370.0
2024-10-25 12:13:00+00:00,ONDS,0.8571000099182129,0.8571000099182129,0.8636999726295471,0.8571000099182129,0.8636999726295471,2300.0
2024-10-25 12:13:00+00:00,PANW,369.510009765625,369.510009765625,369.5899963378906,369.510009765625,369.5899963378906,1073.0
2024-10-25 12:13:00+00:00,PAYO,8.295000076293945,8.295000076293945,8.297499656677246,8.295000076293945,8.297499656677246,795.0
2024-10-25 12:13:00+00:00,PEGA,79.91999816894531,79.91999816894531,79.91999816894531,79.76000213623047,79.76000213623047,1887.0
2024-10-25 12:13:00+00:00,PET,0.800000011920929,0.800000011920929,0.800000011920929,0.800000011920929,0.800000011920929,200.0
2024-10-25 12:13:00+00:00,PGY,11.835000038146973,11.835000038146973,11.850000381469727,11.835000038146973,11.850000381469727,820.0
2024-10-25 12:13:00+00:00,PHUN,10.349900245666504,10.349900245666504,10.369999885559082,10.320099830627441,10.340499877929688,69323.0
2024-10-25 12:13:00+00:00,PI,205.02000427246094,205.02000427246094,205.02000427246094,205.02000427246094,205.02000427246094,1467.0
2024-10-25 12:13:00+00:00,PLXS,143.05499267578125,143.05499267578125,143.05499267578125,143.05499267578125,143.05499267578125,316.0
2024-10-25 12:13:00+00:00,POET,3.9600000381469727,3.9600000381469727,3.9600000381469727,3.9600000381469727,3.9600000381469727,910.0
2024-10-25 12:13:00+00:00,PRGS,64.80000305175781,64.80000305175781,64.81500244140625,64.80000305175781,64.80999755859375,2428.0
2024-10-25 12:13:00+00:00,PTC,186.65499877929688,186.65499877929688,186.65499877929688,186.6475067138672,186.65499877929688,800.0
2024-10-25 12:13:00+00:00,QCOM,172.6300048828125,172.6300048828125,172.6300048828125,172.61000061035156,172.61000061035156,1721.0
2024-10-25 12:13:00+00:00,QLYS,120.49400329589844,120.49400329589844,120.49400329589844,120.38999938964844,120.38999938964844,1021.0
2024-10-25 12:13:00+00:00,QRVO,100.29000091552734,100.29000091552734,100.31999969482422,100.29000091552734,100.30999755859375,877.0
2024-10-25 12:13:00+00:00,QUBT,1.069200038909912,1.069200038909912,1.069200038909912,1.069200038909912,1.069200038909912,1002.0
2024-10-25 12:13:00+00:00,RCAT,2.7655999660491943,2.7655999660491943,2.7699999809265137,2.7655999660491943,2.7699999809265137,2102.0
2024-10-25 12:13:00+00:00,RELY,14.75,14.75,14.755000114440918,14.75,14.755000114440918,2905.0
2024-10-25 12:13:00+00:00,RGTI,1.2300000190734863,1.2300000190734863,1.2300000190734863,1.225000023841858,1.2300000190734863,245.0
2024-10-25 12:13:00+00:00,RIOT,10.064000129699707,10.064000129699707,10.079999923706055,10.064000129699707,10.079999923706055,14368.0
2024-10-25 12:13:00+00:00,RMBS,43.560001373291016,43.560001373291016,43.58000183105469,43.560001373291016,43.560001373291016,1617.0
2024-10-25 12:13:00+00:00,RPAY,7.610000133514404,7.610000133514404,7.610000133514404,7.610000133514404,7.610000133514404,391.0
2024-10-25 12:13:00+00:00,RPD,38.97999954223633,38.97999954223633,39.040000915527344,38.939998626708984,39.040000915527344,15154.0
2024-10-25 12:13:00+00:00,RUM,5.779900074005127,5.779900074005127,5.779900074005127,5.779900074005127,5.779900074005127,10031.0
2024-10-25 12:13:00+00:00,RUN,14.40999984741211,14.40999984741211,14.419899940490723,14.40999984741211,14.419899940490723,2124.0
2024-10-25 12:13:00+00:00,SATS,25.270000457763672,25.270000457763672,25.270000457763672,25.264999389648438,25.264999389648438,1737.0
2024-10-25 12:13:00+00:00,SCWX,8.369999885559082,8.369999885559082,8.369999885559082,8.369999885559082,8.369999885559082,1170.0
2024-10-25 12:13:00+00:00,SEDG,16.1299991607666,16.1299991607666,16.18000030517578,16.1299991607666,16.18000030517578,8454.0
2024-10-25 12:13:00+00:00,SHLS,5.335000038146973,5.335000038146973,5.335000038146973,5.329999923706055,5.329999923706055,1513.0
2024-10-25 12:13:00+00:00,SMCI,47.685001373291016,47.685001373291016,47.72800064086914,47.68000030517578,47.72800064086914,25665.0
2024-10-25 12:13:00+00:00,SMTC,45.790000915527344,45.790000915527344,45.79499816894531,45.7599983215332,45.79499816894531,1760.0
2024-10-25 12:13:00+00:00,SONO,12.819999694824219,12.819999694824219,12.82390022277832,12.819999694824219,12.82390022277832,821.0
2024-10-25 12:13:00+00:00,SOUN,5.287499904632568,5.287499904632568,5.289000034332275,5.280099868774414,5.284999847412109,6183.0
2024-10-25 12:13:00+00:00,SPSC,173.26499938964844,173.26499938964844,173.26499938964844,172.79049682617188,172.97500610351562,3472.0
2024-10-25 12:13:00+00:00,SRAD,12.380000114440918,12.380000114440918,12.399999618530273,12.380000114440918,12.380000114440918,1369.0
2024-10-25 12:13:00+00:00,SSNC,69.98590087890625,69.98590087890625,70.0,69.98590087890625,69.99259948730469,17208.0
2024-10-25 12:13:00+00:00,STX,103.83499908447266,103.83499908447266,103.86499786376953,103.83000183105469,103.86000061035156,1714.0
2024-10-25 12:13:00+00:00,SWKS,96.62999725341797,96.62999725341797,96.63999938964844,96.62000274658203,96.63249969482422,2432.0
2024-10-25 12:13:00+00:00,SYNA,73.80000305175781,73.80000305175781,73.80000305175781,73.80000305175781,73.80000305175781,929.0
2024-10-25 12:13:00+00:00,SYTA,1.283400058746338,1.283400058746338,1.283400058746338,1.283400058746338,1.283400058746338,2506.0
2024-10-25 12:13:00+00:00,TEAM,190.02999877929688,190.02999877929688,190.02999877929688,190.02999877929688,190.02999877929688,120.0
2024-10-25 12:13:00+00:00,TENB,41.85499954223633,41.85499954223633,41.869998931884766,41.849998474121094,41.849998474121094,536.0
2024-10-25 12:13:00+00:00,TER,112.94000244140625,112.94000244140625,112.94499969482422,112.87000274658203,112.94499969482422,6086.0
2024-10-25 12:13:00+00:00,TLS,3.6549999713897705,3.6549999713897705,3.6600000858306885,3.6549999713897705,3.6600000858306885,1047.0
2024-10-25 12:13:00+00:00,TRMB,61.09000015258789,61.09000015258789,61.09000015258789,61.08000183105469,61.08000183105469,908.0
2024-10-25 12:13:00+00:00,TTD,119.62999725341797,119.62999725341797,119.7020034790039,119.62999725341797,119.7020034790039,1538.0
2024-10-25 12:13:00+00:00,TTMI,19.600000381469727,19.600000381469727,19.610000610351562,19.600000381469727,19.610000610351562,1682.0
2024-10-25 12:13:00+00:00,TWKS,4.449999809265137,4.449999809265137,4.449999809265137,4.449999809265137,4.449999809265137,2946.0
2024-10-25 12:13:00+00:00,TXN,208.72999572753906,208.72999572753906,208.75999450683594,208.7100067138672,208.7100067138672,2628.0
2024-10-25 12:13:00+00:00,VECO,29.59000015258789,29.59000015258789,29.601299285888672,29.59000015258789,29.601299285888672,1153.0
2024-10-25 12:13:00+00:00,VMEO,4.760000228881836,4.760000228881836,4.760000228881836,4.75,4.75,523.0
2024-10-25 12:13:00+00:00,VRNS,56.81999969482422,56.81999969482422,56.81999969482422,56.79999923706055,56.79999923706055,1471.0
2024-10-25 12:13:00+00:00,VRNT,22.270000457763672,22.270000457763672,22.270000457763672,22.270000457763672,22.270000457763672,155.0
2024-10-25 12:13:00+00:00,VSAT,10.404999732971191,10.404999732971191,10.40999984741211,10.404999732971191,10.40999984741211,1709.0
2024-10-25 12:13:00+00:00,VUZI,1.3299000263214111,1.3299000263214111,1.3299000263214111,1.3203999996185303,1.3203999996185303,122.0
2024-10-25 12:13:00+00:00,WDAY,240.0500030517578,240.0500030517578,240.17999267578125,240.0500030517578,240.17999267578125,2009.0
2024-10-25 12:13:00+00:00,WDC,71.58999633789062,71.58999633789062,71.58999633789062,71.3499984741211,71.37999725341797,10499.0
2024-10-25 12:13:00+00:00,WISA,1.850000023841858,1.850000023841858,1.850000023841858,1.8489999771118164,1.8489999771118164,1318.0
2024-10-25 12:13:00+00:00,XRX,10.119999885559082,10.119999885559082,10.125,10.119999885559082,10.125,946.0
2024-10-25 12:13:00+00:00,ZBRA,363.010009765625,363.010009765625,363.010009765625,363.010009765625,363.010009765625,901.0
2024-10-25 12:13:00+00:00,ZI,10.53499984741211,10.53499984741211,10.539999961853027,10.53499984741211,10.53499984741211,3346.0
2024-10-25 12:13:00+00:00,ZM,73.15499877929688,73.15499877929688,73.16000366210938,73.13500213623047,73.13500213623047,2829.0
2024-10-25 12:14:00+00:00,AAOI,18.280000686645508,18.280000686645508,18.29990005493164,18.25,18.25,2578.0
2024-10-25 12:14:00+00:00,AAPL,232.47999572753906,232.47999572753906,232.5225067138672,232.4600067138672,232.4600067138672,37874.0
2024-10-25 12:14:00+00:00,ACLS,90.5999984741211,90.5999984741211,90.62999725341797,90.5999984741211,90.5999984741211,2426.0
2024-10-25 12:14:00+00:00,ADBE,485.1300048828125,485.1300048828125,485.2699890136719,485.07501220703125,485.2200012207031,1825.0
2024-10-25 12:14:00+00:00,ADI,233.66000366210938,233.66000366210938,233.6699981689453,233.57640075683594,233.57640075683594,2548.0
2024-10-25 12:14:00+00:00,ADSK,286.6700134277344,286.6700134277344,286.6700134277344,286.5899963378906,286.5899963378906,1964.0
2024-10-25 12:14:00+00:00,AEHR,17.059999465942383,17.059999465942383,17.059999465942383,17.041400909423828,17.041400909423828,800.0
2024-10-25 12:14:00+00:00,AFRM,41.91999816894531,41.91999816894531,41.91999816894531,41.83649826049805,41.84000015258789,5760.0
2024-10-25 12:14:00+00:00,AKTS,0.057100001722574234,0.057100001722574234,0.057100001722574234,0.057100001722574234,0.057100001722574234,7602.0
2024-10-25 12:14:00+00:00,ALGM,22.829999923706055,22.829999923706055,22.829999923706055,22.809999465942383,22.809999465942383,3591.0
2024-10-25 12:14:00+00:00,AMAT,188.25999450683594,188.25999450683594,188.3699951171875,188.25999450683594,188.31500244140625,2435.0
2024-10-25 12:14:00+00:00,AMBA,58.5,58.5,58.5,58.5,58.5,139.0
2024-10-25 12:14:00+00:00,AMD,157.61399841308594,157.61399841308594,157.63999938964844,157.46009826660156,157.46009826660156,23639.0
2024-10-25 12:14:00+00:00,AMKR,30.093299865722656,30.093299865722656,30.093299865722656,30.09000015258789,30.09000015258789,1150.0
2024-10-25 12:14:00+00:00,AMPL,9.234999656677246,9.234999656677246,9.234999656677246,9.234999656677246,9.234999656677246,297.0
2024-10-25 12:14:00+00:00,ANSS,325.6700134277344,325.6700134277344,325.6700134277344,325.6700134277344,325.6700134277344,106.0
2024-10-25 12:14:00+00:00,AOSL,36.46070098876953,36.46070098876953,36.46070098876953,36.46070098876953,36.46070098876953,454.0
2024-10-25 12:14:00+00:00,API,2.825000047683716,2.825000047683716,2.8450000286102295,2.825000047683716,2.8450000286102295,4713.0
2024-10-25 12:14:00+00:00,APP,161.85000610351562,161.85000610351562,161.85000610351562,161.7801055908203,161.7801055908203,1561.0
2024-10-25 12:14:00+00:00,APPF,215.0850067138672,215.0850067138672,215.0850067138672,215.0800018310547,215.0800018310547,468.0
2024-10-25 12:14:00+00:00,APPN,32.18000030517578,32.18000030517578,32.18000030517578,32.18000030517578,32.18000030517578,544.0
2024-10-25 12:14:00+00:00,APPS,3.0850000381469727,3.0850000381469727,3.0850000381469727,3.0799999237060547,3.0850000381469727,2449.0
2024-10-25 12:14:00+00:00,ARRY,6.514999866485596,6.514999866485596,6.547500133514404,6.510000228881836,6.545000076293945,14259.0
2024-10-25 12:14:00+00:00,ASML,716.6201171875,716.6201171875,716.6201171875,716.6201171875,716.6201171875,1686.0
2024-10-25 12:14:00+00:00,ASTI,2.680000066757202,2.680000066757202,2.680000066757202,2.680000066757202,2.680000066757202,744.0
2024-10-25 12:14:00+00:00,AUR,6.429999828338623,6.429999828338623,6.434999942779541,6.429999828338623,6.430600166320801,6267.0
2024-10-25 12:14:00+00:00,AVDX,8.145000457763672,8.145000457763672,8.145000457763672,8.145000457763672,8.145000457763672,151.0
2024-10-25 12:14:00+00:00,AVGO,176.1300048828125,176.1300048828125,176.1300048828125,176.02000427246094,176.02000427246094,11468.0
2024-10-25 12:14:00+00:00,AVT,54.18000030517578,54.18000030517578,54.189998626708984,54.17499923706055,54.189998626708984,3963.0
2024-10-25 12:14:00+00:00,BMBL,7.255000114440918,7.255000114440918,7.255000114440918,7.255000114440918,7.255000114440918,833.0
2024-10-25 12:14:00+00:00,BRZE,30.719999313354492,30.719999313354492,30.75,30.719999313354492,30.75,1520.0
2024-10-25 12:14:00+00:00,BSY,49.119998931884766,49.119998931884766,49.119998931884766,49.119998931884766,49.119998931884766,454.0
2024-10-25 12:14:00+00:00,CAMT,78.58000183105469,78.58000183105469,78.58000183105469,78.58000183105469,78.58000183105469,924.0
2024-10-25 12:14:00+00:00,CAN,0.9936000108718872,0.9936000108718872,0.9936000108718872,0.9936000108718872,0.9936000108718872,0.0
2024-10-25 12:14:00+00:00,CCSI,20.7549991607666,20.7549991607666,20.7549991607666,20.690000534057617,20.690000534057617,478.0
2024-10-25 12:14:00+00:00,CDNS,259.4700012207031,259.4700012207031,259.4700012207031,259.3572998046875,259.3599853515625,1987.0
2024-10-25 12:14:00+00:00,CFLT,22.68939971923828,22.68939971923828,22.70989990234375,22.68939971923828,22.700300216674805,3128.0
2024-10-25 12:14:00+00:00,CGNX,39.0,39.0,39.0,39.0,39.0,713.0
2024-10-25 12:14:00+00:00,CHKP,207.67999267578125,207.67999267578125,207.67999267578125,207.67999267578125,207.67999267578125,2547.0
2024-10-25 12:14:00+00:00,CLSK,11.980199813842773,11.980199813842773,12.0,11.9399995803833,11.940099716186523,63532.0
2024-10-25 12:14:00+00:00,CMTL,3.7135000228881836,3.7135000228881836,3.7135000228881836,3.7135000228881836,3.7135000228881836,532.0
2024-10-25 12:14:00+00:00,COHR,95.30000305175781,95.30000305175781,95.38999938964844,95.30000305175781,95.31999969482422,3169.0
2024-10-25 12:14:00+00:00,COIN,209.9550018310547,209.9550018310547,210.08380126953125,209.52999877929688,209.62399291992188,19942.0
2024-10-25 12:14:00+00:00,COMM,6.315000057220459,6.315000057220459,6.315000057220459,6.315000057220459,6.315000057220459,182.0
2024-10-25 12:14:00+00:00,CORZ,13.385000228881836,13.385000228881836,13.395999908447266,13.354999542236328,13.354999542236328,11882.0
2024-10-25 12:14:00+00:00,CRCT,6.590000152587891,6.590000152587891,6.59499979019165,6.590000152587891,6.59499979019165,249.0
2024-10-25 12:14:00+00:00,CRDO,39.73500061035156,39.73500061035156,39.73500061035156,39.720001220703125,39.720001220703125,950.0
2024-10-25 12:14:00+00:00,CRNT,2.4600000381469727,2.4600000381469727,2.4600000381469727,2.4549999237060547,2.4549999237060547,1349.0
2024-10-25 12:14:00+00:00,CRSR,6.445000171661377,6.445000171661377,6.445000171661377,6.439499855041504,6.439499855041504,989.0
2024-10-25 12:14:00+00:00,CRWD,309.4599914550781,309.4599914550781,309.4800109863281,309.18560791015625,309.3634948730469,2294.0
2024-10-25 12:14:00+00:00,CSCO,56.005001068115234,56.005001068115234,56.0099983215332,56.005001068115234,56.005001068115234,10712.0
2024-10-25 12:14:00+00:00,CSIQ,13.739999771118164,13.739999771118164,13.739999771118164,13.725000381469727,13.739999771118164,1104.0
2024-10-25 12:14:00+00:00,CTSH,74.90499877929688,74.90499877929688,74.90499877929688,74.88999938964844,74.88999938964844,1644.0
2024-10-25 12:14:00+00:00,CVLT,134.3000030517578,134.3000030517578,134.3000030517578,134.3000030517578,134.3000030517578,953.0
2024-10-25 12:14:00+00:00,CYBR,292.3901062011719,292.3901062011719,292.3901062011719,292.3901062011719,292.3901062011719,327.0
2024-10-25 12:14:00+00:00,DATS,1.559999942779541,1.559999942779541,1.5808000564575195,1.559999942779541,1.5808000564575195,501.0
2024-10-25 12:14:00+00:00,DAVE,39.60499954223633,39.60499954223633,39.60499954223633,39.60499954223633,39.60499954223633,331.0
2024-10-25 12:14:00+00:00,DBX,26.041099548339844,26.041099548339844,26.049999237060547,26.041099548339844,26.049999237060547,397.0
2024-10-25 12:14:00+00:00,DDOG,127.5896987915039,127.5896987915039,127.58999633789062,127.46499633789062,127.48999786376953,11009.0
2024-10-25 12:14:00+00:00,DGII,30.68000030517578,30.68000030517578,30.68000030517578,30.68000030517578,30.68000030517578,286.0
2024-10-25 12:14:00+00:00,DLO,8.81089973449707,8.81089973449707,8.816300392150879,8.81089973449707,8.816300392150879,854.0
2024-10-25 12:14:00+00:00,DMRC,31.809999465942383,31.809999465942383,31.809999465942383,31.809999465942383,31.809999465942383,184.0
2024-10-25 12:14:00+00:00,DOCU,69.84500122070312,69.84500122070312,69.8499984741211,69.80500030517578,69.81050109863281,5950.0
2024-10-25 12:14:00+00:00,DTST,3.490000009536743,3.490000009536743,3.490000009536743,3.490000009536743,3.490000009536743,1119.0
2024-10-25 12:14:00+00:00,ENPH,83.6050033569336,83.6050033569336,83.77999877929688,83.5199966430664,83.77999877929688,13168.0
2024-10-25 12:14:00+00:00,ERIC,8.484999656677246,8.484999656677246,8.484999656677246,8.48009967803955,8.484999656677246,14695.0
2024-10-25 12:14:00+00:00,EXTR,14.505000114440918,14.505000114440918,14.505000114440918,14.505000114440918,14.505000114440918,559.0
2024-10-25 12:14:00+00:00,FFIV,216.4149932861328,216.4149932861328,216.4149932861328,216.3979949951172,216.3979949951172,357.0
2024-10-25 12:14:00+00:00,FIVN,30.165000915527344,30.165000915527344,30.165000915527344,30.1299991607666,30.139999389648438,3167.0
2024-10-25 12:14:00+00:00,FLEX,35.32500076293945,35.32500076293945,35.32500076293945,35.31999969482422,35.31999969482422,1287.0
2024-10-25 12:14:00+00:00,FLYW,17.489999771118164,17.489999771118164,17.489999771118164,17.489999771118164,17.489999771118164,200.0
2024-10-25 12:14:00+00:00,FSLR,199.639892578125,199.639892578125,199.639892578125,199.639892578125,199.639892578125,726.0
2024-10-25 12:14:00+00:00,FTCI,0.6620000004768372,0.6620000004768372,0.6620000004768372,0.6600000262260437,0.6600000262260437,2891.0
2024-10-25 12:14:00+00:00,FTNT,81.44999694824219,81.44999694824219,81.44999694824219,81.42500305175781,81.42500305175781,3099.0
2024-10-25 12:14:00+00:00,GCT,24.885000228881836,24.885000228881836,24.920000076293945,24.8799991607666,24.889999389648438,1181.0
2024-10-25 12:14:00+00:00,GDS,21.639999389648438,21.639999389648438,21.65999984741211,21.639999389648438,21.65999984741211,2165.0
2024-10-25 12:14:00+00:00,GFS,41.540000915527344,41.540000915527344,41.54999923706055,41.53499984741211,41.53499984741211,1330.0
2024-10-25 12:14:00+00:00,GPRO,1.3350000381469727,1.3350000381469727,1.3350000381469727,1.3350000381469727,1.3350000381469727,141.0
2024-10-25 12:14:00+00:00,GRAB,4.085100173950195,4.085100173950195,4.085100173950195,4.079999923706055,4.085000038146973,5286.0
2024-10-25 12:14:00+00:00,GTLB,55.619998931884766,55.619998931884766,55.619998931884766,55.58000183105469,55.58000183105469,686.0
2024-10-25 12:14:00+00:00,HCP,33.70000076293945,33.70000076293945,33.70000076293945,33.70000076293945,33.70000076293945,388.0
2024-10-25 12:14:00+00:00,HIMX,6.200099945068359,6.200099945068359,6.204999923706055,6.200099945068359,6.204999923706055,1026.0
2024-10-25 12:14:00+00:00,HOLO,3.6668999195098877,3.6668999195098877,3.6668999195098877,3.6668999195098877,3.6668999195098877,315.0
2024-10-25 12:14:00+00:00,HOOD,27.27400016784668,27.27400016784668,27.279800415039062,27.250999450683594,27.250999450683594,10434.0
2024-10-25 12:14:00+00:00,INOD,19.97599983215332,19.97599983215332,19.989999771118164,19.97599983215332,19.989999771118164,740.0
2024-10-25 12:14:00+00:00,INTA,50.2400016784668,50.2400016784668,50.2400016784668,50.189998626708984,50.189998626708984,1350.0
2024-10-25 12:14:00+00:00,INTC,23.204999923706055,23.204999923706055,23.209999084472656,23.184999465942383,23.190000534057617,50422.0
2024-10-25 12:14:00+00:00,INTU,610.8200073242188,610.8200073242188,610.9127197265625,610.8200073242188,610.9127197265625,893.0
2024-10-25 12:14:00+00:00,JAMF,16.829999923706055,16.829999923706055,16.829999923706055,16.829999923706055,16.829999923706055,382.0
2024-10-25 12:14:00+00:00,JKHY,183.98500061035156,183.98500061035156,183.98500061035156,183.875,183.9250030517578,951.0
2024-10-25 12:14:00+00:00,KLAC,681.7188110351562,681.7188110351562,681.7188110351562,681.7188110351562,681.7188110351562,455.0
2024-10-25 12:14:00+00:00,KLIC,44.404998779296875,44.404998779296875,44.404998779296875,44.38999938964844,44.38999938964844,909.0
2024-10-25 12:14:00+00:00,KOPN,0.7799000144004822,0.7799000144004822,0.7799000144004822,0.7799000144004822,0.7799000144004822,5018.0
2024-10-25 12:14:00+00:00,LINK,4.800000190734863,4.800000190734863,4.889999866485596,4.699999809265137,4.699999809265137,7748.0
2024-10-25 12:14:00+00:00,LITE,64.45999908447266,64.45999908447266,64.45999908447266,64.45999908447266,64.45999908447266,457.0
2024-10-25 12:14:00+00:00,LRCX,79.17500305175781,79.17500305175781,79.17500305175781,79.12000274658203,79.12000274658203,8856.0
2024-10-25 12:14:00+00:00,LUNA,1.850000023841858,1.850000023841858,1.850000023841858,1.850000023841858,1.850000023841858,249.0
2024-10-25 12:14:00+00:00,LYFT,13.8100004196167,13.8100004196167,13.8100004196167,13.800000190734863,13.800000190734863,5383.0
2024-10-25 12:14:00+00:00,MAPS,0.8495000004768372,0.8495000004768372,0.8495000004768372,0.8495000004768372,0.8495000004768372,112.0
2024-10-25 12:14:00+00:00,MARK,0.11640000343322754,0.11640000343322754,0.11640000343322754,0.11500000208616257,0.11500000208616257,19544.0
2024-10-25 12:14:00+00:00,MCHP,77.0999984741211,77.0999984741211,77.0999984741211,77.06999969482422,77.06999969482422,1622.0
2024-10-25 12:14:00+00:00,MDB,266.6199951171875,266.6199951171875,266.6199951171875,266.6199951171875,266.6199951171875,829.0
2024-10-25 12:14:00+00:00,MKSI,101.0199966430664,101.0199966430664,101.05000305175781,101.0199966430664,101.0199966430664,988.0
2024-10-25 12:14:00+00:00,MNDY,298.0199890136719,298.0199890136719,298.0199890136719,298.0199890136719,298.0199890136719,1019.0
2024-10-25 12:14:00+00:00,MOGO,1.0192999839782715,1.0192999839782715,1.0192999839782715,1.0099999904632568,1.0110000371932983,10959.0
2024-10-25 12:14:00+00:00,MPWR,918.8499755859375,918.8499755859375,918.8499755859375,918.8499755859375,918.8499755859375,329.0
2024-10-25 12:14:00+00:00,MQ,5.300000190734863,5.300000190734863,5.300000190734863,5.289999961853027,5.289999961853027,7257.0
2024-10-25 12:14:00+00:00,MRIN,2.100600004196167,2.100600004196167,2.100600004196167,2.100600004196167,2.100600004196167,381.0
2024-10-25 12:14:00+00:00,MRVL,82.74500274658203,82.74500274658203,82.74500274658203,82.66500091552734,82.68000030517578,6873.0
2024-10-25 12:14:00+00:00,MSFT,430.05499267578125,430.05499267578125,430.1499938964844,429.92999267578125,429.947998046875,7423.0
2024-10-25 12:14:00+00:00,MSTR,239.77000427246094,239.77000427246094,240.0,239.01010131835938,239.02879333496094,26672.0
2024-10-25 12:14:00+00:00,MTLS,6.0,6.0,6.0,6.0,6.0,217.0
2024-10-25 12:14:00+00:00,MTSI,120.5,120.5,120.5,120.33000183105469,120.33000183105469,1487.0
2024-10-25 12:14:00+00:00,MTTR,4.65500020980835,4.65500020980835,4.65500020980835,4.65500020980835,4.65500020980835,960.0
2024-10-25 12:14:00+00:00,MU,109.12000274658203,109.12000274658203,109.12999725341797,109.06009674072266,109.06009674072266,7832.0
2024-10-25 12:14:00+00:00,MXL,15.140000343322754,15.140000343322754,15.140000343322754,15.100000381469727,15.100000381469727,2936.0
2024-10-25 12:14:00+00:00,NCNO,37.78499984741211,37.78499984741211,37.78499984741211,37.7599983215332,37.7599983215332,2781.0
2024-10-25 12:14:00+00:00,NEON,8.220000267028809,8.220000267028809,8.220000267028809,8.220000267028809,8.220000267028809,285.0
2024-10-25 12:14:00+00:00,NTAP,120.51000213623047,120.51000213623047,120.51000213623047,120.51000213623047,120.51000213623047,519.0
2024-10-25 12:14:00+00:00,NTGR,20.399999618530273,20.399999618530273,20.399999618530273,20.399999618530273,20.399999618530273,406.0
2024-10-25 12:14:00+00:00,NVDA,143.5240020751953,143.5240020751953,143.5800018310547,143.4499969482422,143.4698028564453,332842.0
2024-10-25 12:14:00+00:00,NVEI,33.52000045776367,33.52000045776367,33.52000045776367,33.52000045776367,33.52000045776367,116.0
2024-10-25 12:14:00+00:00,NVMI,184.73500061035156,184.73500061035156,184.73500061035156,184.73500061035156,184.73500061035156,252.0
2024-10-25 12:14:00+00:00,NXPI,245.27000427246094,245.27000427246094,245.27000427246094,245.1300048828125,245.1300048828125,2323.0
2024-10-25 12:14:00+00:00,OKTA,72.45500183105469,72.45500183105469,72.45999908447266,72.45500183105469,72.45500183105469,800.0
2024-10-25 12:14:00+00:00,ON,71.87999725341797,71.87999725341797,71.87999725341797,71.8550033569336,71.8550033569336,5206.0
2024-10-25 12:14:00+00:00,PANW,369.62249755859375,369.62249755859375,369.635009765625,369.62249755859375,369.635009765625,314.0
2024-10-25 12:14:00+00:00,PAYO,8.295000076293945,8.295000076293945,8.295000076293945,8.295000076293945,8.295000076293945,538.0
2024-10-25 12:14:00+00:00,PGY,11.84000015258789,11.84000015258789,11.850000381469727,11.84000015258789,11.850000381469727,1402.0
2024-10-25 12:14:00+00:00,PHUN,10.36989974975586,10.36989974975586,10.369999885559082,10.329999923706055,10.340100288391113,61163.0
2024-10-25 12:14:00+00:00,PI,204.83999633789062,204.83999633789062,204.83999633789062,204.8350067138672,204.8350067138672,864.0
2024-10-25 12:14:00+00:00,PLAB,23.719999313354492,23.719999313354492,23.719999313354492,23.719999313354492,23.719999313354492,199.0
2024-10-25 12:14:00+00:00,PRTH,5.304999828338623,5.304999828338623,5.304999828338623,5.304999828338623,5.304999828338623,785.0
2024-10-25 12:14:00+00:00,PYCR,14.319999694824219,14.319999694824219,14.324999809265137,14.319999694824219,14.324999809265137,371.0
2024-10-25 12:14:00+00:00,QCOM,172.72000122070312,172.72000122070312,172.72000122070312,172.6300048828125,172.6300048828125,3343.0
2024-10-25 12:14:00+00:00,QRVO,100.37999725341797,100.37999725341797,100.37999725341797,100.30000305175781,100.30000305175781,1528.0
2024-10-25 12:14:00+00:00,QUBT,1.0657000541687012,1.0657000541687012,1.0657000541687012,1.065000057220459,1.065000057220459,1606.0
2024-10-25 12:14:00+00:00,RCAT,2.765000104904175,2.765000104904175,2.765000104904175,2.765000104904175,2.765000104904175,629.0
2024-10-25 12:14:00+00:00,RGTI,1.2100000381469727,1.2100000381469727,1.225000023841858,1.2100000381469727,1.225000023841858,17838.0
2024-10-25 12:14:00+00:00,RIOT,10.089900016784668,10.089900016784668,10.098699569702148,10.069899559020996,10.069899559020996,18264.0
2024-10-25 12:14:00+00:00,RMBS,43.560001373291016,43.560001373291016,43.560001373291016,43.560001373291016,43.560001373291016,231.0
2024-10-25 12:14:00+00:00,RPD,39.119998931884766,39.119998931884766,39.119998931884766,39.099998474121094,39.099998474121094,1466.0
2024-10-25 12:14:00+00:00,RUM,5.769999980926514,5.769999980926514,5.789000034332275,5.769999980926514,5.789000034332275,6676.0
2024-10-25 12:14:00+00:00,RUN,14.420000076293945,14.420000076293945,14.420000076293945,14.40999984741211,14.413700103759766,5492.0
2024-10-25 12:14:00+00:00,SATS,25.270000457763672,25.270000457763672,25.270000457763672,25.270000457763672,25.270000457763672,562.0
2024-10-25 12:14:00+00:00,SEDG,16.170000076293945,16.170000076293945,16.170000076293945,16.1200008392334,16.1299991607666,4479.0
2024-10-25 12:14:00+00:00,SHLS,5.320000171661377,5.320000171661377,5.330100059509277,5.320000171661377,5.329999923706055,7742.0
2024-10-25 12:14:00+00:00,SMCI,47.75210189819336,47.75210189819336,47.762001037597656,47.66999816894531,47.685001373291016,17501.0
2024-10-25 12:14:00+00:00,SMTC,45.7400016784668,45.7400016784668,45.7400016784668,45.7400016784668,45.7400016784668,451.0
2024-10-25 12:14:00+00:00,SONO,12.819999694824219,12.819999694824219,12.819999694824219,12.819999694824219,12.819999694824219,430.0
2024-10-25 12:14:00+00:00,SOUN,5.289999961853027,5.289999961853027,5.289999961853027,5.280099868774414,5.284999847412109,15634.0
2024-10-25 12:14:00+00:00,SSNC,69.9000015258789,69.9000015258789,69.98500061035156,69.88500213623047,69.98500061035156,8433.0
2024-10-25 12:14:00+00:00,STNE,11.494999885559082,11.494999885559082,11.494999885559082,11.494999885559082,11.494999885559082,558.0
2024-10-25 12:14:00+00:00,STX,103.94499969482422,103.94499969482422,103.94999694824219,103.8499984741211,103.94999694824219,8551.0
2024-10-25 12:14:00+00:00,SVRE,0.08219999819993973,0.08219999819993973,0.08219999819993973,0.0820000022649765,0.0820000022649765,717.0
2024-10-25 12:14:00+00:00,SWKS,96.66000366210938,96.66000366210938,96.66000366210938,96.62999725341797,96.63999938964844,2083.0
2024-10-25 12:14:00+00:00,TEAM,190.39999389648438,190.39999389648438,190.39999389648438,190.02999877929688,190.02999877929688,9807.0
2024-10-25 12:14:00+00:00,TENB,41.81999969482422,41.81999969482422,41.849998474121094,41.81999969482422,41.849998474121094,801.0
2024-10-25 12:14:00+00:00,TER,113.16500091552734,113.16500091552734,113.16500091552734,112.94000244140625,112.94000244140625,4639.0
2024-10-25 12:14:00+00:00,TRMB,61.08000183105469,61.08000183105469,61.08000183105469,61.08000183105469,61.08000183105469,471.0
2024-10-25 12:14:00+00:00,TTD,119.66000366210938,119.66000366210938,119.72000122070312,119.66000366210938,119.72000122070312,2001.0
2024-10-25 12:14:00+00:00,TTEC,5.400000095367432,5.400000095367432,5.400000095367432,5.389999866485596,5.389999866485596,830.0
2024-10-25 12:14:00+00:00,TTMI,19.639999389648438,19.639999389648438,19.639999389648438,19.6200008392334,19.6200008392334,2794.0
2024-10-25 12:14:00+00:00,TWKS,4.449999809265137,4.449999809265137,4.449999809265137,4.449999809265137,4.449999809265137,721.0
2024-10-25 12:14:00+00:00,TXN,208.82000732421875,208.82000732421875,208.88999938964844,208.6800994873047,208.72500610351562,6288.0
2024-10-25 12:14:00+00:00,UCTT,36.189998626708984,36.189998626708984,36.189998626708984,36.189998626708984,36.189998626708984,218.0
2024-10-25 12:14:00+00:00,UEIC,8.140000343322754,8.140000343322754,8.140000343322754,8.140000343322754,8.140000343322754,321.0
2024-10-25 12:14:00+00:00,VECO,29.593399047851562,29.593399047851562,29.593399047851562,29.593399047851562,29.593399047851562,420.0
2024-10-25 12:14:00+00:00,VIAV,9.265000343322754,9.265000343322754,9.265000343322754,9.265000343322754,9.265000343322754,1134.0
2024-10-25 12:14:00+00:00,VOXX,7.649899959564209,7.649899959564209,7.649899959564209,7.649899959564209,7.649899959564209,199.0
2024-10-25 12:14:00+00:00,VRNS,56.81999969482422,56.81999969482422,56.84000015258789,56.790000915527344,56.81999969482422,2918.0
2024-10-25 12:14:00+00:00,VRNT,22.200000762939453,22.200000762939453,22.270000457763672,22.18000030517578,22.270000457763672,20896.0
2024-10-25 12:14:00+00:00,VRSN,185.91949462890625,185.91949462890625,186.0500030517578,185.91949462890625,186.0500030517578,1001.0
2024-10-25 12:14:00+00:00,VSAT,10.399999618530273,10.399999618530273,10.399999618530273,10.399999618530273,10.399999618530273,821.0
2024-10-25 12:14:00+00:00,VUZI,1.3279999494552612,1.3279999494552612,1.3279999494552612,1.3279999494552612,1.3279999494552612,150.0
2024-10-25 12:14:00+00:00,WDC,71.5199966430664,71.5199966430664,71.63999938964844,71.47000122070312,71.58499908447266,14595.0
2024-10-25 12:14:00+00:00,WISA,1.8603999614715576,1.8603999614715576,1.8603999614715576,1.8503999710083008,1.8503999710083008,1526.0
2024-10-25 12:14:00+00:00,XRX,10.114999771118164,10.114999771118164,10.114999771118164,10.114999771118164,10.114999771118164,378.0
2024-10-25 12:14:00+00:00,ZI,10.53499984741211,10.53499984741211,10.539999961853027,10.53499984741211,10.53499984741211,1947.0
2024-10-25 12:14:00+00:00,ZM,73.16000366210938,73.16000366210938,73.16000366210938,73.16000366210938,73.16000366210938,1415.0
2024-10-25 12:15:00+00:00,AAOI,18.270000457763672,18.270000457763672,18.28499984741211,18.270000457763672,18.28499984741211,1222.0
2024-10-25 12:15:00+00:00,AAPL,232.49000549316406,232.49000549316406,232.5299072265625,232.45799255371094,232.47000122070312,28036.0
2024-10-25 12:15:00+00:00,ACMR,19.899999618530273,19.899999618530273,19.899999618530273,19.899999618530273,19.899999618530273,303.0
2024-10-25 12:15:00+00:00,ADBE,485.1700134277344,485.1700134277344,485.1700134277344,484.9100036621094,485.07501220703125,2529.0
2024-10-25 12:15:00+00:00,ADI,233.61000061035156,233.61000061035156,233.61000061035156,233.61000061035156,233.61000061035156,974.0
2024-10-25 12:15:00+00:00,ADSK,286.70001220703125,286.70001220703125,286.70001220703125,286.6300048828125,286.6600036621094,963.0
2024-10-25 12:15:00+00:00,AEHR,17.040000915527344,17.040000915527344,17.059999465942383,17.027799606323242,17.059999465942383,2138.0
2024-10-25 12:15:00+00:00,AFRM,41.85200119018555,41.85200119018555,41.91999816894531,41.83000183105469,41.91999816894531,19193.0
2024-10-25 12:15:00+00:00,AIP,6.940000057220459,6.940000057220459,6.940000057220459,6.940000057220459,6.940000057220459,210.0
2024-10-25 12:15:00+00:00,AKAM,102.97000122070312,102.97000122070312,102.97000122070312,102.97000122070312,102.97000122070312,609.0
2024-10-25 12:15:00+00:00,AKTS,0.057100001722574234,0.057100001722574234,0.057100001722574234,0.057100001722574234,0.057100001722574234,67422.0
2024-10-25 12:15:00+00:00,ALGM,22.829999923706055,22.829999923706055,22.829999923706055,22.815000534057617,22.829999923706055,1972.0
2024-10-25 12:15:00+00:00,AMAT,188.30999755859375,188.30999755859375,188.38519287109375,188.30999755859375,188.3350067138672,2670.0
2024-10-25 12:15:00+00:00,AMD,157.63499450683594,157.63499450683594,157.66360473632812,157.55050659179688,157.60000610351562,30465.0
2024-10-25 12:15:00+00:00,AMST,2.875,2.875,2.875,2.875,2.875,1900.0
2024-10-25 12:15:00+00:00,ANSS,325.6499938964844,325.6499938964844,325.6499938964844,325.6499938964844,325.6499938964844,348.0
2024-10-25 12:15:00+00:00,ANY,1.0640000104904175,1.0640000104904175,1.0700000524520874,1.0640000104904175,1.0700000524520874,1604.0
2024-10-25 12:15:00+00:00,API,2.825000047683716,2.825000047683716,2.825000047683716,2.825000047683716,2.825000047683716,1412.0
2024-10-25 12:15:00+00:00,APP,161.8000030517578,161.8000030517578,161.80999755859375,161.7899932861328,161.7899932861328,1576.0
2024-10-25 12:15:00+00:00,APPS,3.069999933242798,3.069999933242798,3.0799999237060547,3.069999933242798,3.0799999237060547,10138.0
2024-10-25 12:15:00+00:00,ARRY,6.525000095367432,6.525000095367432,6.53000020980835,6.514999866485596,6.514999866485596,15473.0
2024-10-25 12:15:00+00:00,ASML,716.8200073242188,716.8200073242188,717.4163208007812,716.8200073242188,717.4163208007812,1198.0
2024-10-25 12:15:00+00:00,AUID,6.800000190734863,6.800000190734863,6.800000190734863,6.800000190734863,6.800000190734863,1260.0
2024-10-25 12:15:00+00:00,AUR,6.445000171661377,6.445000171661377,6.445000171661377,6.434999942779541,6.436100006103516,6414.0
2024-10-25 12:15:00+00:00,AVGO,176.0399932861328,176.0399932861328,176.1199951171875,176.0399932861328,176.11000061035156,9825.0
2024-10-25 12:15:00+00:00,AVT,54.16999816894531,54.16999816894531,54.16999816894531,54.16999816894531,54.16999816894531,341.0
2024-10-25 12:15:00+00:00,AXTI,2.694999933242798,2.694999933242798,2.694999933242798,2.694999933242798,2.694999933242798,509.0
2024-10-25 12:15:00+00:00,BRZE,30.75,30.75,30.75,30.729999542236328,30.729999542236328,2161.0
2024-10-25 12:15:00+00:00,CAN,0.9919999837875366,0.9919999837875366,0.9940000176429749,0.9919999837875366,0.9940000176429749,7299.0
2024-10-25 12:15:00+00:00,CDNS,259.35101318359375,259.35101318359375,259.45001220703125,259.35101318359375,259.45001220703125,6774.0
2024-10-25 12:15:00+00:00,CETX,0.29679998755455017,0.29679998755455017,0.29679998755455017,0.29679998755455017,0.29679998755455017,0.0
2024-10-25 12:15:00+00:00,CFLT,22.649999618530273,22.649999618530273,22.68000030517578,22.649999618530273,22.68000030517578,2561.0
2024-10-25 12:15:00+00:00,CGNX,39.0,39.0,39.02000045776367,39.0,39.0099983215332,2241.0
2024-10-25 12:15:00+00:00,CLFD,36.54499816894531,36.54499816894531,36.54499816894531,36.54499816894531,36.54499816894531,152.0
2024-10-25 12:15:00+00:00,CLSK,12.0,12.0,12.0,11.970000267028809,11.984999656677246,86625.0
2024-10-25 12:15:00+00:00,CMTL,3.7149999141693115,3.7149999141693115,3.7200000286102295,3.714200019836426,3.7200000286102295,1117.0
2024-10-25 12:15:00+00:00,COHR,95.30999755859375,95.30999755859375,95.35990142822266,95.29000091552734,95.33000183105469,1977.0
2024-10-25 12:15:00+00:00,COIN,209.99000549316406,209.99000549316406,209.99989318847656,209.6999969482422,209.85000610351562,6186.0
2024-10-25 12:15:00+00:00,COMM,6.315000057220459,6.315000057220459,6.315000057220459,6.315000057220459,6.315000057220459,356.0
2024-10-25 12:15:00+00:00,CORZ,13.395000457763672,13.395000457763672,13.395000457763672,13.375,13.375,14332.0
2024-10-25 12:15:00+00:00,CRCT,6.610000133514404,6.610000133514404,6.610000133514404,6.599999904632568,6.599999904632568,828.0
2024-10-25 12:15:00+00:00,CRUS,123.68000030517578,123.68000030517578,123.68499755859375,123.68000030517578,123.68499755859375,416.0
2024-10-25 12:15:00+00:00,CRWD,309.7298889160156,309.7298889160156,309.7298889160156,309.4800109863281,309.4800109863281,1394.0
2024-10-25 12:15:00+00:00,CSCO,55.97999954223633,55.97999954223633,56.0,55.97999954223633,56.0,5291.0
2024-10-25 12:15:00+00:00,CSGS,47.77939987182617,47.77939987182617,47.77939987182617,47.7599983215332,47.7599983215332,1205.0
2024-10-25 12:15:00+00:00,CSIQ,13.744999885559082,13.744999885559082,13.760000228881836,13.725000381469727,13.744999885559082,8151.0
2024-10-25 12:15:00+00:00,CTSH,74.9000015258789,74.9000015258789,74.91999816894531,74.9000015258789,74.91999816894531,2352.0
2024-10-25 12:15:00+00:00,CYBR,292.42999267578125,292.42999267578125,292.7251892089844,292.42999267578125,292.7251892089844,1211.0
2024-10-25 12:15:00+00:00,DAKT,13.1899995803833,13.1899995803833,13.1899995803833,13.1899995803833,13.1899995803833,222.0
2024-10-25 12:15:00+00:00,DBX,26.045000076293945,26.045000076293945,26.049999237060547,26.040000915527344,26.045000076293945,3461.0
2024-10-25 12:15:00+00:00,DDOG,127.4800033569336,127.4800033569336,127.51000213623047,127.4800033569336,127.51000213623047,2113.0
2024-10-25 12:15:00+00:00,DGHI,1.597000002861023,1.597000002861023,1.6100000143051147,1.590000033378601,1.590000033378601,7543.0
2024-10-25 12:15:00+00:00,DLO,8.8149995803833,8.8149995803833,8.819999694824219,8.8149995803833,8.819999694824219,835.0
2024-10-25 12:15:00+00:00,DOCU,69.84459686279297,69.84459686279297,69.86499786376953,69.84459686279297,69.86000061035156,984.0
2024-10-25 12:15:00+00:00,DUOL,289.4599914550781,289.4599914550781,289.4599914550781,289.4599914550781,289.4599914550781,264.0
2024-10-25 12:15:00+00:00,ENPH,83.58000183105469,83.58000183105469,83.58000183105469,83.5199966430664,83.58000183105469,2473.0
2024-10-25 12:15:00+00:00,ENTG,105.95999908447266,105.95999908447266,105.95999908447266,105.94999694824219,105.94999694824219,1494.0
2024-10-25 12:15:00+00:00,ERIC,8.48009967803955,8.48009967803955,8.486000061035156,8.479999542236328,8.484999656677246,97582.0
2024-10-25 12:15:00+00:00,EXLS,38.88999938964844,38.88999938964844,38.900001525878906,38.88999938964844,38.900001525878906,1071.0
2024-10-25 12:15:00+00:00,FCUV,0.258899986743927,0.258899986743927,0.258899986743927,0.258899986743927,0.258899986743927,0.0
2024-10-25 12:15:00+00:00,FIVN,30.149999618530273,30.149999618530273,30.184999465942383,30.139999389648438,30.184999465942383,5957.0
2024-10-25 12:15:00+00:00,FLEX,35.32500076293945,35.32500076293945,35.32500076293945,35.310001373291016,35.310001373291016,2723.0
2024-10-25 12:15:00+00:00,FLYW,17.530000686645508,17.530000686645508,17.530000686645508,17.489999771118164,17.489999771118164,2201.0
2024-10-25 12:15:00+00:00,FRSH,11.694999694824219,11.694999694824219,11.694999694824219,11.694999694824219,11.694999694824219,1473.0
2024-10-25 12:15:00+00:00,FSLR,199.4600067138672,199.4600067138672,199.47000122070312,199.4600067138672,199.47000122070312,1240.0
2024-10-25 12:15:00+00:00,FTCI,0.6600000262260437,0.6600000262260437,0.6600000262260437,0.6600000262260437,0.6600000262260437,236.0
2024-10-25 12:15:00+00:00,FTNT,81.43499755859375,81.43499755859375,81.43499755859375,81.43000030517578,81.43199920654297,2113.0
2024-10-25 12:15:00+00:00,GCT,24.920000076293945,24.920000076293945,24.920000076293945,24.860000610351562,24.91990089416504,1011.0
2024-10-25 12:15:00+00:00,GFS,41.560001373291016,41.560001373291016,41.560001373291016,41.560001373291016,41.560001373291016,1236.0
2024-10-25 12:15:00+00:00,GNSS,3.884999990463257,3.884999990463257,3.884999990463257,3.884999990463257,3.884999990463257,511.0
2024-10-25 12:15:00+00:00,GPRO,1.330299973487854,1.330299973487854,1.330299973487854,1.330299973487854,1.330299973487854,163.0
2024-10-25 12:15:00+00:00,GRAB,4.085000038146973,4.085000038146973,4.090000152587891,4.079999923706055,4.090000152587891,5472.0
2024-10-25 12:15:00+00:00,GRRR,4.489999771118164,4.489999771118164,4.510000228881836,4.489999771118164,4.510000228881836,1880.0
2024-10-25 12:15:00+00:00,GTLB,55.63999938964844,55.63999938964844,55.63999938964844,55.619998931884766,55.619998931884766,1164.0
2024-10-25 12:15:00+00:00,HCP,33.70000076293945,33.70000076293945,33.70000076293945,33.69499969482422,33.70000076293945,1813.0
2024-10-25 12:15:00+00:00,HIMX,6.204999923706055,6.204999923706055,6.204999923706055,6.204999923706055,6.204999923706055,701.0
2024-10-25 12:15:00+00:00,HOLO,3.6649999618530273,3.6649999618530273,3.6649999618530273,3.6600000858306885,3.6600000858306885,2997.0
2024-10-25 12:15:00+00:00,HOOD,27.280000686645508,27.280000686645508,27.280000686645508,27.274999618530273,27.280000686645508,8206.0
2024-10-25 12:15:00+00:00,IMMR,8.75,8.75,8.75,8.75,8.75,400.0
2024-10-25 12:15:00+00:00,INDI,3.579699993133545,3.579699993133545,3.5799999237060547,3.575000047683716,3.575000047683716,1743.0
2024-10-25 12:15:00+00:00,INOD,19.969999313354492,19.969999313354492,19.969999313354492,19.969999313354492,19.969999313354492,637.0
2024-10-25 12:15:00+00:00,INTC,23.190000534057617,23.190000534057617,23.206199645996094,23.18000030517578,23.206199645996094,103564.0
2024-10-25 12:15:00+00:00,INTU,610.77001953125,610.77001953125,610.77001953125,610.77001953125,610.77001953125,591.0
2024-10-25 12:15:00+00:00,JAMF,16.829999923706055,16.829999923706055,16.829999923706055,16.829999923706055,16.829999923706055,1121.0
2024-10-25 12:15:00+00:00,KLAC,681.8300170898438,681.8300170898438,681.8300170898438,681.47998046875,681.47998046875,535.0
2024-10-25 12:15:00+00:00,KOPN,0.7799000144004822,0.7799000144004822,0.7799000144004822,0.7799000144004822,0.7799000144004822,1466.0
2024-10-25 12:15:00+00:00,LASR,10.470000267028809,10.470000267028809,10.471400260925293,10.470000267028809,10.471400260925293,956.0
2024-10-25 12:15:00+00:00,LINK,4.763599872589111,4.763599872589111,4.800000190734863,4.760000228881836,4.760000228881836,484.0
2024-10-25 12:15:00+00:00,LITE,64.48999786376953,64.48999786376953,64.48999786376953,64.48999786376953,64.48999786376953,236.0
2024-10-25 12:15:00+00:00,LRCX,79.18499755859375,79.18499755859375,79.19000244140625,79.16000366210938,79.16999816894531,11438.0
2024-10-25 12:15:00+00:00,LUNA,1.850000023841858,1.850000023841858,1.850000023841858,1.840000033378601,1.840000033378601,629.0
2024-10-25 12:15:00+00:00,LYFT,13.805000305175781,13.805000305175781,13.8149995803833,13.795000076293945,13.800000190734863,51321.0
2024-10-25 12:15:00+00:00,MANH,275.5450134277344,275.5450134277344,275.7049865722656,275.5450134277344,275.7049865722656,873.0
2024-10-25 12:15:00+00:00,MARK,0.11509999632835388,0.11509999632835388,0.11509999632835388,0.11509999632835388,0.11509999632835388,200.0
2024-10-25 12:15:00+00:00,MAXN,5.75,5.75,5.75,5.75,5.75,200.0
2024-10-25 12:15:00+00:00,MCHP,77.12000274658203,77.12000274658203,77.12000274658203,77.11000061035156,77.11000061035156,1673.0
2024-10-25 12:15:00+00:00,MIND,3.5201001167297363,3.5201001167297363,3.5201001167297363,3.5199999809265137,3.5199999809265137,2120.0
2024-10-25 12:15:00+00:00,MITK,8.760000228881836,8.760000228881836,8.760000228881836,8.760000228881836,8.760000228881836,1368.0
2024-10-25 12:15:00+00:00,MPWR,919.6599731445312,919.6599731445312,919.6599731445312,918.0900268554688,918.0900268554688,1492.0
2024-10-25 12:15:00+00:00,MRVL,82.7249984741211,82.7249984741211,82.75,82.72000122070312,82.75,6696.0
2024-10-25 12:15:00+00:00,MSFT,430.08428955078125,430.08428955078125,430.09368896484375,430.0,430.0201110839844,8523.0
2024-10-25 12:15:00+00:00,MSTR,239.79730224609375,239.79730224609375,239.8000030517578,239.3000946044922,239.5850067138672,23059.0
2024-10-25 12:15:00+00:00,MTTR,4.650199890136719,4.650199890136719,4.650199890136719,4.650199890136719,4.650199890136719,1520.0
2024-10-25 12:15:00+00:00,MU,109.19000244140625,109.19000244140625,109.19000244140625,109.12000274658203,109.13500213623047,9395.0
2024-10-25 12:15:00+00:00,MVIS,1.100000023841858,1.100000023841858,1.100000023841858,1.090000033378601,1.0906000137329102,3660.0
2024-10-25 12:15:00+00:00,MXL,15.140000343322754,15.140000343322754,15.149999618530273,15.140000343322754,15.149999618530273,2520.0
2024-10-25 12:15:00+00:00,NTWK,3.1600000858306885,3.1600000858306885,3.1600000858306885,3.1600000858306885,3.1600000858306885,694.0
2024-10-25 12:15:00+00:00,NVDA,143.46400451660156,143.46400451660156,143.52999877929688,143.4499969482422,143.52000427246094,278296.0
2024-10-25 12:15:00+00:00,NVEI,33.52000045776367,33.52000045776367,33.52000045776367,33.52000045776367,33.52000045776367,291.0
2024-10-25 12:15:00+00:00,NVTS,2.6050000190734863,2.6050000190734863,2.6050000190734863,2.6050000190734863,2.6050000190734863,306.0
2024-10-25 12:15:00+00:00,NXPI,245.32000732421875,245.32000732421875,245.36000061035156,245.27000427246094,245.27000427246094,3062.0
2024-10-25 12:15:00+00:00,OKTA,72.47000122070312,72.47000122070312,72.47000122070312,72.47000122070312,72.47000122070312,143.0
2024-10-25 12:15:00+00:00,OLED,204.0449981689453,204.0449981689453,204.0449981689453,204.0449981689453,204.0449981689453,289.0
2024-10-25 12:15:00+00:00,ON,71.90499877929688,71.90499877929688,71.90499877929688,71.875,71.875,10202.0
2024-10-25 12:15:00+00:00,OTEX,33.38999938964844,33.38999938964844,33.38999938964844,33.38999938964844,33.38999938964844,1431.0
2024-10-25 12:15:00+00:00,PANW,369.40008544921875,369.40008544921875,369.40008544921875,369.3999938964844,369.3999938964844,484.0
2024-10-25 12:15:00+00:00,PAYO,8.300000190734863,8.300000190734863,8.300000190734863,8.300000190734863,8.300000190734863,1293.0
2024-10-25 12:15:00+00:00,PEGA,80.02999877929688,80.02999877929688,80.02999877929688,79.96499633789062,79.96499633789062,602.0
2024-10-25 12:15:00+00:00,PGY,11.850000381469727,11.850000381469727,11.850000381469727,11.850000381469727,11.850000381469727,120.0
2024-10-25 12:15:00+00:00,PHUN,10.265199661254883,10.265199661254883,10.364999771118164,10.240099906921387,10.359999656677246,114371.0
2024-10-25 12:15:00+00:00,PI,204.1999969482422,204.1999969482422,204.89999389648438,204.1999969482422,204.89999389648438,2829.0
2024-10-25 12:15:00+00:00,PLXS,143.07000732421875,143.07000732421875,143.07000732421875,143.07000732421875,143.07000732421875,414.0
2024-10-25 12:15:00+00:00,PRCH,1.340000033378601,1.340000033378601,1.340000033378601,1.340000033378601,1.340000033378601,463.0
2024-10-25 12:15:00+00:00,PTC,186.58999633789062,186.58999633789062,186.61500549316406,186.58999633789062,186.61500549316406,269.0
2024-10-25 12:15:00+00:00,PUBM,14.880499839782715,14.880499839782715,14.880499839782715,14.880499839782715,14.880499839782715,743.0
2024-10-25 12:15:00+00:00,PXLW,0.7400000095367432,0.7400000095367432,0.7400000095367432,0.7400000095367432,0.7400000095367432,0.0
2024-10-25 12:15:00+00:00,PYCR,14.324999809265137,14.324999809265137,14.324999809265137,14.324999809265137,14.324999809265137,132.0
2024-10-25 12:15:00+00:00,QCOM,172.7100067138672,172.7100067138672,172.72999572753906,172.69000244140625,172.69000244140625,5179.0
2024-10-25 12:15:00+00:00,QLYS,120.36000061035156,120.36000061035156,120.36000061035156,120.36000061035156,120.36000061035156,382.0
2024-10-25 12:15:00+00:00,QRVO,100.31999969482422,100.31999969482422,100.33999633789062,100.31999969482422,100.33999633789062,853.0
2024-10-25 12:15:00+00:00,QUBT,1.065000057220459,1.065000057220459,1.065000057220459,1.065000057220459,1.065000057220459,899.0
2024-10-25 12:15:00+00:00,RELY,14.75,14.75,14.75,14.739999771118164,14.739999771118164,3912.0
2024-10-25 12:15:00+00:00,RGTI,1.2100000381469727,1.2100000381469727,1.215000033378601,1.2100000381469727,1.215000033378601,4680.0
2024-10-25 12:15:00+00:00,RIOT,10.09000015258789,10.09000015258789,10.095000267028809,10.069999694824219,10.085000038146973,55956.0
2024-10-25 12:15:00+00:00,RMBS,43.58000183105469,43.58000183105469,43.58000183105469,43.54499816894531,43.54499816894531,410.0
2024-10-25 12:15:00+00:00,RPAY,7.610000133514404,7.610000133514404,7.610000133514404,7.610000133514404,7.610000133514404,153.0
2024-10-25 12:15:00+00:00,RUM,5.78000020980835,5.78000020980835,5.78000020980835,5.760000228881836,5.769800186157227,9634.0
2024-10-25 12:15:00+00:00,RUMBW,1.3898999691009521,1.3898999691009521,1.3898999691009521,1.3799999952316284,1.3799999952316284,800.0
2024-10-25 12:15:00+00:00,RUN,14.449999809265137,14.449999809265137,14.459099769592285,14.424500465393066,14.425000190734863,6325.0
2024-10-25 12:15:00+00:00,SEDG,16.18000030517578,16.18000030517578,16.18000030517578,16.149999618530273,16.170000076293945,8887.0
2024-10-25 12:15:00+00:00,SHLS,5.320000171661377,5.320000171661377,5.320000171661377,5.320000171661377,5.320000171661377,114.0
2024-10-25 12:15:00+00:00,SMCI,47.77000045776367,47.77000045776367,47.779998779296875,47.72999954223633,47.749000549316406,15280.0
2024-10-25 12:15:00+00:00,SMSI,0.8148999810218811,0.8148999810218811,0.8148999810218811,0.8148999810218811,0.8148999810218811,200.0
2024-10-25 12:15:00+00:00,SMTC,45.73500061035156,45.73500061035156,45.73500061035156,45.73500061035156,45.73500061035156,269.0
2024-10-25 12:15:00+00:00,SOBR,7.75,7.75,7.843999862670898,7.75,7.843999862670898,4560.0
2024-10-25 12:15:00+00:00,SONO,12.824999809265137,12.824999809265137,12.824999809265137,12.824999809265137,12.824999809265137,720.0
2024-10-25 12:15:00+00:00,SOUN,5.28000020980835,5.28000020980835,5.289999961853027,5.28000020980835,5.289999961853027,24394.0
2024-10-25 12:15:00+00:00,SRAD,12.390000343322754,12.390000343322754,12.390000343322754,12.390000343322754,12.390000343322754,110.0
2024-10-25 12:15:00+00:00,SSNC,69.83999633789062,69.83999633789062,69.87000274658203,69.83999633789062,69.86000061035156,1991.0
2024-10-25 12:15:00+00:00,STNE,11.494999885559082,11.494999885559082,11.494999885559082,11.494999885559082,11.494999885559082,2292.0
2024-10-25 12:15:00+00:00,STX,104.02999877929688,104.02999877929688,104.04000091552734,103.95500183105469,103.95500183105469,3330.0
2024-10-25 12:15:00+00:00,SWKS,96.66000366210938,96.66000366210938,96.66000366210938,96.66000366210938,96.66000366210938,200.0
2024-10-25 12:15:00+00:00,SYNA,73.88500213623047,73.88500213623047,73.88500213623047,73.88500213623047,73.88500213623047,253.0
2024-10-25 12:15:00+00:00,SYTA,1.270300030708313,1.270300030708313,1.2799999713897705,1.2699999809265137,1.2799999713897705,7229.0
2024-10-25 12:15:00+00:00,TAOP,0.4697999954223633,0.4697999954223633,0.4697999954223633,0.4697999954223633,0.4697999954223633,758.0
2024-10-25 12:15:00+00:00,TASK,11.970000267028809,11.970000267028809,11.970000267028809,11.970000267028809,11.970000267028809,1530.0
2024-10-25 12:15:00+00:00,TEAM,190.3699951171875,190.3699951171875,190.38999938964844,190.3000030517578,190.38999938964844,2089.0
2024-10-25 12:15:00+00:00,TENB,41.81999969482422,41.81999969482422,41.86000061035156,41.81999969482422,41.81999969482422,1630.0
2024-10-25 12:15:00+00:00,TER,113.1500015258789,113.1500015258789,113.19999694824219,113.08000183105469,113.16500091552734,4628.0
2024-10-25 12:15:00+00:00,TTD,119.64219665527344,119.64219665527344,119.69000244140625,119.62999725341797,119.69000244140625,1165.0
2024-10-25 12:15:00+00:00,TWKS,4.449999809265137,4.449999809265137,4.449999809265137,4.449999809265137,4.449999809265137,10484.0
2024-10-25 12:15:00+00:00,TXN,208.8699951171875,208.8699951171875,208.8699951171875,208.77999877929688,208.8249969482422,1282.0
2024-10-25 12:15:00+00:00,UCTT,36.189998626708984,36.189998626708984,36.189998626708984,36.189998626708984,36.189998626708984,121.0
2024-10-25 12:15:00+00:00,VECO,29.579999923706055,29.579999923706055,29.610000610351562,29.579999923706055,29.610000610351562,5365.0
2024-10-25 12:15:00+00:00,VERI,3.430000066757202,3.430000066757202,3.430000066757202,3.4189999103546143,3.4189999103546143,1479.0
2024-10-25 12:15:00+00:00,VMEO,4.75,4.75,4.760000228881836,4.75,4.760000228881836,693.0
2024-10-25 12:15:00+00:00,VNET,3.4749999046325684,3.4749999046325684,3.4749999046325684,3.4749999046325684,3.4749999046325684,201.0
2024-10-25 12:15:00+00:00,VRNS,56.86000061035156,56.86000061035156,56.86000061035156,56.86000061035156,56.86000061035156,836.0
2024-10-25 12:15:00+00:00,VRNT,22.15999984741211,22.15999984741211,22.190000534057617,22.15999984741211,22.190000534057617,1916.0
2024-10-25 12:15:00+00:00,VSAT,10.399999618530273,10.399999618530273,10.40999984741211,10.390000343322754,10.390000343322754,1206.0
2024-10-25 12:15:00+00:00,WDC,71.62000274658203,71.62000274658203,71.76000213623047,71.55000305175781,71.56999969482422,16378.0
2024-10-25 12:15:00+00:00,WISA,1.8700000047683716,1.8700000047683716,1.8700000047683716,1.8700000047683716,1.8700000047683716,255.0
2024-10-25 12:15:00+00:00,WRAP,1.809999942779541,1.809999942779541,1.809999942779541,1.809999942779541,1.809999942779541,2955.0
2024-10-25 12:15:00+00:00,XRX,10.114999771118164,10.114999771118164,10.114999771118164,10.114999771118164,10.114999771118164,420.0
2024-10-25 12:15:00+00:00,ZI,10.539999961853027,10.539999961853027,10.539999961853027,10.53499984741211,10.53499984741211,1898.0
2024-10-25 12:15:00+00:00,ZM,73.13999938964844,73.13999938964844,73.13999938964844,73.12999725341797,73.12999725341797,670.0
2024-10-25 12:16:00+00:00,AAOI,18.329999923706055,18.329999923706055,18.329999923706055,18.297399520874023,18.297399520874023,7543.0
2024-10-25 12:16:00+00:00,AAPL,232.50999450683594,232.50999450683594,232.548095703125,232.47000122070312,232.47000122070312,30880.0
2024-10-25 12:16:00+00:00,ACLS,90.62999725341797,90.62999725341797,90.69999694824219,90.62999725341797,90.69999694824219,2574.0
2024-10-25 12:16:00+00:00,ACMR,19.915000915527344,19.915000915527344,19.915000915527344,19.915000915527344,19.915000915527344,309.0
2024-10-25 12:16:00+00:00,ADBE,485.0299987792969,485.0299987792969,485.33990478515625,485.0,485.0,1784.0
2024-10-25 12:16:00+00:00,ADSK,286.6449890136719,286.6449890136719,286.6449890136719,286.6449890136719,286.6449890136719,429.0
2024-10-25 12:16:00+00:00,ADTN,6.385000228881836,6.385000228881836,6.385000228881836,6.385000228881836,6.385000228881836,267.0
2024-10-25 12:16:00+00:00,AEHR,17.094999313354492,17.094999313354492,17.110000610351562,17.05900001525879,17.05900001525879,4438.0
2024-10-25 12:16:00+00:00,AFRM,41.8849983215332,41.8849983215332,41.8849983215332,41.84000015258789,41.849998474121094,6875.0
2024-10-25 12:16:00+00:00,AKAM,102.95999908447266,102.95999908447266,102.95999908447266,102.95999908447266,102.95999908447266,503.0
2024-10-25 12:16:00+00:00,ALGM,22.84000015258789,22.84000015258789,22.84000015258789,22.815000534057617,22.815000534057617,3552.0
2024-10-25 12:16:00+00:00,ALTR,103.77999877929688,103.77999877929688,103.77999877929688,103.69999694824219,103.70999908447266,2360.0
2024-10-25 12:16:00+00:00,AMAT,188.22999572753906,188.22999572753906,188.32000732421875,188.22999572753906,188.25999450683594,3940.0
2024-10-25 12:16:00+00:00,AMBA,58.56999969482422,58.56999969482422,58.56999969482422,58.55500030517578,58.55500030517578,434.0
2024-10-25 12:16:00+00:00,AMD,157.69000244140625,157.69000244140625,157.6938934326172,157.61180114746094,157.63600158691406,20595.0
2024-10-25 12:16:00+00:00,AMKR,30.06999969482422,30.06999969482422,30.06999969482422,30.06999969482422,30.06999969482422,1783.0
2024-10-25 12:16:00+00:00,ANSS,325.739990234375,325.739990234375,325.739990234375,325.739990234375,325.739990234375,280.0
2024-10-25 12:16:00+00:00,APP,161.81190490722656,161.81190490722656,161.81190490722656,161.7100067138672,161.8000030517578,2756.0
2024-10-25 12:16:00+00:00,APPF,214.99000549316406,214.99000549316406,214.99000549316406,214.72000122070312,214.91000366210938,1636.0
2024-10-25 12:16:00+00:00,APPN,32.20000076293945,32.20000076293945,32.20000076293945,32.20000076293945,32.20000076293945,1476.0
2024-10-25 12:16:00+00:00,APPS,3.075000047683716,3.075000047683716,3.075000047683716,3.075000047683716,3.075000047683716,1589.0
2024-10-25 12:16:00+00:00,ARQQ,7.099999904632568,7.099999904632568,7.099999904632568,7.090000152587891,7.090000152587891,4053.0
2024-10-25 12:16:00+00:00,ARRY,6.534999847412109,6.534999847412109,6.539400100708008,6.524799823760986,6.525000095367432,27761.0
2024-10-25 12:16:00+00:00,ASML,717.4998779296875,717.4998779296875,717.4998779296875,717.0599975585938,717.0750122070312,1689.0
2024-10-25 12:16:00+00:00,AUR,6.449999809265137,6.449999809265137,6.449999809265137,6.445000171661377,6.445000171661377,4463.0
2024-10-25 12:16:00+00:00,AVDX,8.149999618530273,8.149999618530273,8.149999618530273,8.149999618530273,8.149999618530273,1007.0
2024-10-25 12:16:00+00:00,AVGO,176.03500366210938,176.03500366210938,176.0500030517578,175.99000549316406,176.02999877929688,13003.0
2024-10-25 12:16:00+00:00,AVNW,21.059999465942383,21.059999465942383,21.059999465942383,21.059999465942383,21.059999465942383,136.0
2024-10-25 12:16:00+00:00,AVPT,12.005999565124512,12.005999565124512,12.005999565124512,12.005999565124512,12.005999565124512,1115.0
2024-10-25 12:16:00+00:00,AVT,54.150001525878906,54.150001525878906,54.15999984741211,54.14500045776367,54.15999984741211,3169.0
2024-10-25 12:16:00+00:00,BIGC,5.315000057220459,5.315000057220459,5.315000057220459,5.315000057220459,5.315000057220459,1090.0
2024-10-25 12:16:00+00:00,BMBL,7.255000114440918,7.255000114440918,7.255000114440918,7.255000114440918,7.255000114440918,854.0
2024-10-25 12:16:00+00:00,BRZE,30.7450008392334,30.7450008392334,30.759199142456055,30.739999771118164,30.739999771118164,1176.0
2024-10-25 12:16:00+00:00,CAMP,11.0,11.0,11.0,11.0,11.0,327.0
2024-10-25 12:16:00+00:00,CAN,0.9919999837875366,0.9919999837875366,0.9937000274658203,0.9919999837875366,0.9921000003814697,2815.0
2024-10-25 12:16:00+00:00,CDNS,258.93499755859375,258.93499755859375,259.2699890136719,258.9100036621094,259.2699890136719,3344.0
2024-10-25 12:16:00+00:00,CDW,219.47500610351562,219.47500610351562,219.4949951171875,219.44500732421875,219.49000549316406,2168.0
2024-10-25 12:16:00+00:00,CFLT,22.655000686645508,22.655000686645508,22.690000534057617,22.655000686645508,22.655000686645508,3130.0
2024-10-25 12:16:00+00:00,CGNX,39.029998779296875,39.029998779296875,39.029998779296875,39.0099983215332,39.0099983215332,5561.0
2024-10-25 12:16:00+00:00,CLSK,12.005000114440918,12.005000114440918,12.005000114440918,11.984000205993652,12.005000114440918,56294.0
2024-10-25 12:16:00+00:00,CNDT,3.6600000858306885,3.6600000858306885,3.6600000858306885,3.6600000858306885,3.6600000858306885,308.0
2024-10-25 12:16:00+00:00,CNXC,45.06999969482422,45.06999969482422,45.06999969482422,45.06999969482422,45.06999969482422,251.0
2024-10-25 12:16:00+00:00,COHR,95.3499984741211,95.3499984741211,95.3499984741211,95.3499984741211,95.3499984741211,359.0
2024-10-25 12:16:00+00:00,COIN,209.94869995117188,209.94869995117188,210.08999633789062,209.841796875,209.841796875,4945.0
2024-10-25 12:16:00+00:00,COMM,6.329999923706055,6.329999923706055,6.329999923706055,6.315000057220459,6.315000057220459,2891.0
2024-10-25 12:16:00+00:00,CORZ,13.404999732971191,13.404999732971191,13.430000305175781,13.399999618530273,13.40999984741211,14768.0
2024-10-25 12:16:00+00:00,CRDO,39.73500061035156,39.73500061035156,39.73500061035156,39.73500061035156,39.73500061035156,487.0
2024-10-25 12:16:00+00:00,CRNC,2.8949999809265137,2.8949999809265137,2.9000000953674316,2.8949999809265137,2.9000000953674316,11907.0
2024-10-25 12:16:00+00:00,CRNT,2.4549999237060547,2.4549999237060547,2.4549999237060547,2.4549999237060547,2.4549999237060547,426.0
2024-10-25 12:16:00+00:00,CRSR,6.440000057220459,6.440000057220459,6.441100120544434,6.440000057220459,6.441100120544434,2916.0
2024-10-25 12:16:00+00:00,CRUS,123.71499633789062,123.71499633789062,123.71499633789062,123.71499633789062,123.71499633789062,513.0
2024-10-25 12:16:00+00:00,CRWD,309.6199951171875,309.6199951171875,309.7699890136719,309.5165100097656,309.69000244140625,3059.0
2024-10-25 12:16:00+00:00,CSCO,55.95000076293945,55.95000076293945,55.97999954223633,55.939998626708984,55.97999954223633,28206.0
2024-10-25 12:16:00+00:00,CSGS,47.75,47.75,47.75,47.75,47.75,311.0
2024-10-25 12:16:00+00:00,CSIQ,13.75,13.75,13.75,13.739999771118164,13.739999771118164,3115.0
2024-10-25 12:16:00+00:00,CTSH,74.91000366210938,74.91000366210938,74.91000366210938,74.87000274658203,74.87000274658203,1467.0
2024-10-25 12:16:00+00:00,DAIO,2.494999885559082,2.494999885559082,2.494999885559082,2.494999885559082,2.494999885559082,1.0
2024-10-25 12:16:00+00:00,DATS,1.5999000072479248,1.5999000072479248,1.5999000072479248,1.5999000072479248,1.5999000072479248,2000.0
2024-10-25 12:16:00+00:00,DBX,26.03499984741211,26.03499984741211,26.045000076293945,26.03499984741211,26.040000915527344,6230.0
2024-10-25 12:16:00+00:00,DDOG,127.51000213623047,127.51000213623047,127.5199966430664,127.44999694824219,127.44999694824219,4110.0
2024-10-25 12:16:00+00:00,DLO,8.819999694824219,8.819999694824219,8.819999694824219,8.819999694824219,8.819999694824219,249.0
2024-10-25 12:16:00+00:00,DOCU,69.80999755859375,69.80999755859375,69.8499984741211,69.80999755859375,69.8499984741211,1235.0
2024-10-25 12:16:00+00:00,DSP,11.410099983215332,11.410099983215332,11.410099983215332,11.40999984741211,11.40999984741211,1964.0
2024-10-25 12:16:00+00:00,DTSS,2.450000047683716,2.450000047683716,2.450000047683716,2.450000047683716,2.450000047683716,101.0
2024-10-25 12:16:00+00:00,EEFT,100.62999725341797,100.62999725341797,100.62999725341797,100.62999725341797,100.62999725341797,683.0
2024-10-25 12:16:00+00:00,ENPH,83.51499938964844,83.51499938964844,83.58999633789062,83.34609985351562,83.57890319824219,12222.0
2024-10-25 12:16:00+00:00,ENTG,105.91999816894531,105.91999816894531,106.0,105.88999938964844,106.0,4862.0
2024-10-25 12:16:00+00:00,ERIC,8.484999656677246,8.484999656677246,8.486000061035156,8.479999542236328,8.479999542236328,51998.0
2024-10-25 12:16:00+00:00,EXLS,38.88999938964844,38.88999938964844,38.88999938964844,38.88999938964844,38.88999938964844,492.0
2024-10-25 12:16:00+00:00,EXTR,14.505000114440918,14.505000114440918,14.505000114440918,14.5,14.5,358.0
2024-10-25 12:16:00+00:00,FFIV,216.5,216.5,216.5,216.5,216.5,381.0
2024-10-25 12:16:00+00:00,FIVN,30.200000762939453,30.200000762939453,30.200000762939453,30.170000076293945,30.170000076293945,3661.0
2024-10-25 12:16:00+00:00,FLEX,35.31999969482422,35.31999969482422,35.31999969482422,35.31999969482422,35.31999969482422,1740.0
2024-10-25 12:16:00+00:00,FLYW,17.540000915527344,17.540000915527344,17.540000915527344,17.540000915527344,17.540000915527344,887.0
2024-10-25 12:16:00+00:00,FROG,29.40250015258789,29.40250015258789,29.40250015258789,29.40250015258789,29.40250015258789,810.0
2024-10-25 12:16:00+00:00,FRSH,11.694999694824219,11.694999694824219,11.694999694824219,11.694999694824219,11.694999694824219,1272.0
2024-10-25 12:16:00+00:00,FSLR,199.52490234375,199.52490234375,199.55999755859375,199.52490234375,199.5500030517578,786.0
2024-10-25 12:16:00+00:00,FTCI,0.656499981880188,0.656499981880188,0.656499981880188,0.656499981880188,0.656499981880188,800.0
2024-10-25 12:16:00+00:00,FTFT,0.3212999999523163,0.3212999999523163,0.3212999999523163,0.3212999999523163,0.3212999999523163,469.0
2024-10-25 12:16:00+00:00,FTNT,81.44999694824219,81.44999694824219,81.44999694824219,81.43499755859375,81.43499755859375,1878.0
2024-10-25 12:16:00+00:00,GCT,24.93000030517578,24.93000030517578,24.93000030517578,24.90999984741211,24.90999984741211,784.0
2024-10-25 12:16:00+00:00,GFS,41.53609848022461,41.53609848022461,41.56999969482422,41.52000045776367,41.54999923706055,6894.0
2024-10-25 12:16:00+00:00,GPRO,1.340000033378601,1.340000033378601,1.340000033378601,1.3309999704360962,1.3309999704360962,1233.0
2024-10-25 12:16:00+00:00,GRAB,4.085000038146973,4.085000038146973,4.085000038146973,4.085000038146973,4.085000038146973,8611.0
2024-10-25 12:16:00+00:00,GTLB,55.678199768066406,55.678199768066406,55.678199768066406,55.678199768066406,55.678199768066406,366.0
2024-10-25 12:16:00+00:00,HCP,33.70000076293945,33.70000076293945,33.70000076293945,33.70000076293945,33.70000076293945,237.0
2024-10-25 12:16:00+00:00,HIMX,6.204999923706055,6.204999923706055,6.204999923706055,6.204999923706055,6.204999923706055,2032.0
2024-10-25 12:16:00+00:00,HLIT,14.75,14.75,14.75,14.75,14.75,109.0
2024-10-25 12:16:00+00:00,HOLO,3.640000104904175,3.640000104904175,3.6600000858306885,3.640000104904175,3.6600000858306885,8208.0
2024-10-25 12:16:00+00:00,HOOD,27.295000076293945,27.295000076293945,27.309999465942383,27.290000915527344,27.29400062561035,11740.0
2024-10-25 12:16:00+00:00,ICHR,27.829999923706055,27.829999923706055,27.829999923706055,27.829999923706055,27.829999923706055,734.0
2024-10-25 12:16:00+00:00,IMMR,8.755000114440918,8.755000114440918,8.755000114440918,8.755000114440918,8.755000114440918,373.0
2024-10-25 12:16:00+00:00,IMXI,17.610000610351562,17.610000610351562,17.610000610351562,17.610000610351562,17.610000610351562,682.0
2024-10-25 12:16:00+00:00,INDI,3.575000047683716,3.575000047683716,3.575000047683716,3.575000047683716,3.575000047683716,708.0
2024-10-25 12:16:00+00:00,INTA,50.2400016784668,50.2400016784668,50.25,50.2400016784668,50.25,407.0
2024-10-25 12:16:00+00:00,INTC,23.15999984741211,23.15999984741211,23.183799743652344,23.143999099731445,23.183799743652344,189083.0
2024-10-25 12:16:00+00:00,INTU,610.5900268554688,610.5900268554688,610.5900268554688,610.5900268554688,610.5900268554688,481.0
2024-10-25 12:16:00+00:00,ITRI,103.00499725341797,103.00499725341797,103.00499725341797,103.00499725341797,103.00499725341797,214.0
2024-10-25 12:16:00+00:00,KC,2.7200000286102295,2.7200000286102295,2.7249999046325684,2.7200000286102295,2.7200000286102295,4481.0
2024-10-25 12:16:00+00:00,KLAC,682.017578125,682.017578125,682.017578125,682.017578125,682.017578125,1190.0
2024-10-25 12:16:00+00:00,KOPN,0.7799000144004822,0.7799000144004822,0.7799000144004822,0.7799000144004822,0.7799000144004822,161.0
2024-10-25 12:16:00+00:00,LINK,4.889999866485596,4.889999866485596,4.889999866485596,4.760000228881836,4.849999904632568,2775.0
2024-10-25 12:16:00+00:00,LITE,64.44000244140625,64.44000244140625,64.44000244140625,64.44000244140625,64.44000244140625,0.0
2024-10-25 12:16:00+00:00,LPSN,1.1799999475479126,1.1799999475479126,1.1799999475479126,1.1710000038146973,1.1710000038146973,2200.0
2024-10-25 12:16:00+00:00,LRCX,79.16999816894531,79.16999816894531,79.18000030517578,79.1500015258789,79.18000030517578,10245.0
2024-10-25 12:16:00+00:00,LSCC,54.45000076293945,54.45000076293945,54.46500015258789,54.41999816894531,54.46500015258789,3046.0
2024-10-25 12:16:00+00:00,LTRX,4.045000076293945,4.045000076293945,4.045000076293945,4.045000076293945,4.045000076293945,369.0
2024-10-25 12:16:00+00:00,LYFT,13.8149995803833,13.8149995803833,13.8149995803833,13.805000305175781,13.805000305175781,7207.0
2024-10-25 12:16:00+00:00,MANH,275.7799987792969,275.7799987792969,275.7799987792969,275.7799987792969,275.7799987792969,644.0
2024-10-25 12:16:00+00:00,MAXN,5.760000228881836,5.760000228881836,5.760000228881836,5.75,5.75,1190.0
2024-10-25 12:16:00+00:00,MCHP,77.08999633789062,77.08999633789062,77.12000274658203,77.08999633789062,77.11000061035156,5498.0
2024-10-25 12:16:00+00:00,MDB,267.0150146484375,267.0150146484375,267.0150146484375,267.0150146484375,267.0150146484375,884.0
2024-10-25 12:16:00+00:00,MKSI,101.0199966430664,101.0199966430664,101.0199966430664,101.0199966430664,101.0199966430664,211.0
2024-10-25 12:16:00+00:00,MNDY,297.8399963378906,297.8399963378906,297.8399963378906,297.8399963378906,297.8399963378906,762.0
2024-10-25 12:16:00+00:00,MPWR,919.0750122070312,919.0750122070312,919.0750122070312,918.9400024414062,918.9400024414062,519.0
2024-10-25 12:16:00+00:00,MRVL,82.72000122070312,82.72000122070312,82.73999786376953,82.69999694824219,82.7249984741211,12356.0
2024-10-25 12:16:00+00:00,MSFT,429.9750061035156,429.9750061035156,430.0799865722656,429.9599914550781,430.0,11973.0
2024-10-25 12:16:00+00:00,MSTR,239.6699981689453,239.6699981689453,239.89990234375,239.44000244140625,239.7899932861328,25345.0
2024-10-25 12:16:00+00:00,MTC,0.3686999976634979,0.3686999976634979,0.3686999976634979,0.3684999942779541,0.3684999942779541,11989.0
2024-10-25 12:16:00+00:00,MTSI,120.46499633789062,120.46499633789062,120.58999633789062,120.45500183105469,120.45999908447266,1467.0
2024-10-25 12:16:00+00:00,MTTR,4.65500020980835,4.65500020980835,4.65500020980835,4.65500020980835,4.65500020980835,1309.0
2024-10-25 12:16:00+00:00,MU,109.19499969482422,109.19499969482422,109.19499969482422,109.12999725341797,109.12999725341797,7353.0
2024-10-25 12:16:00+00:00,MXL,15.145000457763672,15.145000457763672,15.145000457763672,15.140000343322754,15.145000457763672,1406.0
2024-10-25 12:16:00+00:00,NCNO,37.779998779296875,37.779998779296875,37.79499816894531,37.779998779296875,37.79499816894531,371.0
2024-10-25 12:16:00+00:00,NTAP,120.50499725341797,120.50499725341797,120.50499725341797,120.47000122070312,120.47000122070312,835.0
2024-10-25 12:16:00+00:00,NTCT,20.739999771118164,20.739999771118164,20.75,20.739999771118164,20.739999771118164,1152.0
2024-10-25 12:16:00+00:00,NVDA,143.4499969482422,143.4499969482422,143.52000427246094,143.32000732421875,143.46499633789062,462775.0
2024-10-25 12:16:00+00:00,NVEC,76.94000244140625,76.94000244140625,76.94000244140625,76.94000244140625,76.94000244140625,0.0
2024-10-25 12:16:00+00:00,NVEI,33.529998779296875,33.529998779296875,33.529998779296875,33.52000045776367,33.52000045776367,212.0
2024-10-25 12:16:00+00:00,NVTS,2.6050000190734863,2.6050000190734863,2.6059999465942383,2.6050000190734863,2.6059999465942383,1021.0
2024-10-25 12:16:00+00:00,NXPI,245.22999572753906,245.22999572753906,245.2899932861328,245.22999572753906,245.2899932861328,673.0
2024-10-25 12:16:00+00:00,OKTA,72.4613037109375,72.4613037109375,72.46749877929688,72.43720245361328,72.46749877929688,1534.0
2024-10-25 12:16:00+00:00,ON,71.94000244140625,71.94000244140625,71.9749984741211,71.91000366210938,71.91000366210938,13326.0
2024-10-25 12:16:00+00:00,OSIS,136.67999267578125,136.67999267578125,136.67999267578125,136.55999755859375,136.55999755859375,1994.0
2024-10-25 12:16:00+00:00,PANW,369.5899963378906,369.5899963378906,369.5899963378906,369.5899963378906,369.5899963378906,1371.0
2024-10-25 12:16:00+00:00,PDFS,29.469999313354492,29.469999313354492,29.540000915527344,29.469999313354492,29.540000915527344,1058.0
2024-10-25 12:16:00+00:00,PEGA,80.07499694824219,80.07499694824219,80.1500015258789,79.9800033569336,79.9800033569336,5427.0
2024-10-25 12:16:00+00:00,PEGY,4.866000175476074,4.866000175476074,4.866000175476074,4.824999809265137,4.824999809265137,1647.0
2024-10-25 12:16:00+00:00,PGY,11.850000381469727,11.850000381469727,11.850000381469727,11.84000015258789,11.84000015258789,1016.0
2024-10-25 12:16:00+00:00,PHUN,10.34000015258789,10.34000015258789,10.34000015258789,10.269800186157227,10.279999732971191,78211.0
2024-10-25 12:16:00+00:00,PI,204.32000732421875,204.32000732421875,204.32000732421875,204.32000732421875,204.32000732421875,1758.0
2024-10-25 12:16:00+00:00,POET,3.9660000801086426,3.9660000801086426,3.9660000801086426,3.9660000801086426,3.9660000801086426,644.0
2024-10-25 12:16:00+00:00,PRCH,1.3350000381469727,1.3350000381469727,1.3350000381469727,1.3350000381469727,1.3350000381469727,200.0
2024-10-25 12:16:00+00:00,PTC,186.57000732421875,186.57000732421875,186.57000732421875,186.57000732421875,186.57000732421875,1104.0
2024-10-25 12:16:00+00:00,PYCR,14.324999809265137,14.324999809265137,14.324999809265137,14.319999694824219,14.319999694824219,270.0
2024-10-25 12:16:00+00:00,QCOM,172.6199951171875,172.6199951171875,172.72000122070312,172.6199951171875,172.72000122070312,2893.0
2024-10-25 12:16:00+00:00,QRVO,100.29000091552734,100.29000091552734,100.31999969482422,100.29000091552734,100.31999969482422,1651.0
2024-10-25 12:16:00+00:00,QUBT,1.0669000148773193,1.0669000148773193,1.0669000148773193,1.0669000148773193,1.0669000148773193,672.0
2024-10-25 12:16:00+00:00,REKR,1.0951999425888062,1.0951999425888062,1.0951999425888062,1.0951999425888062,1.0951999425888062,333.0
2024-10-25 12:16:00+00:00,RELY,14.744999885559082,14.744999885559082,14.744999885559082,14.744999885559082,14.744999885559082,1684.0
2024-10-25 12:16:00+00:00,RGTI,1.2108999490737915,1.2108999490737915,1.2200000286102295,1.2108999490737915,1.215000033378601,26722.0
2024-10-25 12:16:00+00:00,RIOT,10.095000267028809,10.095000267028809,10.095999717712402,10.09000015258789,10.09000015258789,12789.0
2024-10-25 12:16:00+00:00,RMBS,43.540000915527344,43.540000915527344,43.56999969482422,43.540000915527344,43.56999969482422,895.0
2024-10-25 12:16:00+00:00,RUM,5.78000020980835,5.78000020980835,5.78000020980835,5.764999866485596,5.7789998054504395,15187.0
2024-10-25 12:16:00+00:00,RUN,14.489999771118164,14.489999771118164,14.5,14.45829963684082,14.45829963684082,8736.0
2024-10-25 12:16:00+00:00,SCSC,44.939998626708984,44.939998626708984,44.959999084472656,44.939998626708984,44.959999084472656,1991.0
2024-10-25 12:16:00+00:00,SCWX,8.375,8.375,8.375,8.375,8.375,115.0
2024-10-25 12:16:00+00:00,SEDG,16.18000030517578,16.18000030517578,16.190000534057617,16.170000076293945,16.18000030517578,5952.0
2024-10-25 12:16:00+00:00,SHLS,5.335000038146973,5.335000038146973,5.335000038146973,5.324999809265137,5.329999923706055,8036.0
2024-10-25 12:16:00+00:00,SMCI,47.779998779296875,47.779998779296875,47.799598693847656,47.75,47.7599983215332,30939.0
2024-10-25 12:16:00+00:00,SMSI,0.8100000023841858,0.8100000023841858,0.8100000023841858,0.8100000023841858,0.8100000023841858,3.0
2024-10-25 12:16:00+00:00,SNPS,502.989990234375,502.989990234375,503.0,502.760009765625,502.8800048828125,3267.0
2024-10-25 12:16:00+00:00,SOUN,5.284999847412109,5.284999847412109,5.289999961853027,5.28000020980835,5.280099868774414,10035.0
2024-10-25 12:16:00+00:00,SSNC,69.87000274658203,69.87000274658203,69.87999725341797,69.84500122070312,69.84500122070312,5148.0
2024-10-25 12:16:00+00:00,STX,104.06999969482422,104.06999969482422,104.06999969482422,103.96499633789062,104.01499938964844,2477.0
2024-10-25 12:16:00+00:00,SWKS,96.58999633789062,96.58999633789062,96.66000366210938,96.58999633789062,96.66000366210938,2607.0
2024-10-25 12:16:00+00:00,SYNA,73.86000061035156,73.86000061035156,73.86000061035156,73.86000061035156,73.86000061035156,543.0
2024-10-25 12:16:00+00:00,SYTA,1.2793999910354614,1.2793999910354614,1.2793999910354614,1.2793999910354614,1.2793999910354614,0.0
2024-10-25 12:16:00+00:00,TEAM,190.39999389648438,190.39999389648438,190.39999389648438,190.35499572753906,190.35499572753906,701.0
2024-10-25 12:16:00+00:00,TENB,41.86000061035156,41.86000061035156,41.86000061035156,41.81999969482422,41.81999969482422,523.0
2024-10-25 12:16:00+00:00,TER,113.0,113.0,113.04000091552734,112.94999694824219,113.04000091552734,6096.0
2024-10-25 12:16:00+00:00,TRMB,61.07500076293945,61.07500076293945,61.07500076293945,61.07500076293945,61.07500076293945,212.0
2024-10-25 12:16:00+00:00,TSEM,45.0,45.0,45.0,45.0,45.0,419.0
2024-10-25 12:16:00+00:00,TTD,119.66999816894531,119.66999816894531,119.66999816894531,119.62999725341797,119.62999725341797,2849.0
2024-10-25 12:16:00+00:00,TWKS,4.449999809265137,4.449999809265137,4.455999851226807,4.449999809265137,4.449999809265137,5008.0
2024-10-25 12:16:00+00:00,TXN,208.91000366210938,208.91000366210938,208.91000366210938,208.83999633789062,208.83999633789062,3568.0
2024-10-25 12:16:00+00:00,UCTT,36.099998474121094,36.099998474121094,36.185001373291016,36.099998474121094,36.185001373291016,1757.0
2024-10-25 12:16:00+00:00,UPLD,2.184999942779541,2.184999942779541,2.184999942779541,2.184999942779541,2.184999942779541,70.0
2024-10-25 12:16:00+00:00,VECO,29.56999969482422,29.56999969482422,29.584999084472656,29.56999969482422,29.579999923706055,2429.0
2024-10-25 12:16:00+00:00,VERB,10.09000015258789,10.09000015258789,10.09000015258789,10.09000015258789,10.09000015258789,603.0
2024-10-25 12:16:00+00:00,VERI,3.4272000789642334,3.4272000789642334,3.4272000789642334,3.4272000789642334,3.4272000789642334,702.0
2024-10-25 12:16:00+00:00,VERX,42.238399505615234,42.238399505615234,42.238399505615234,42.238399505615234,42.238399505615234,252.0
2024-10-25 12:16:00+00:00,VMEO,4.764999866485596,4.764999866485596,4.764999866485596,4.760000228881836,4.760000228881836,3794.0
2024-10-25 12:16:00+00:00,VNET,3.4749999046325684,3.4749999046325684,3.4749999046325684,3.4749999046325684,3.4749999046325684,400.0
2024-10-25 12:16:00+00:00,VRNS,56.849998474121094,56.849998474121094,56.86750030517578,56.849998474121094,56.8650016784668,679.0
2024-10-25 12:16:00+00:00,VRNT,22.139999389648438,22.139999389648438,22.18000030517578,22.139999389648438,22.139999389648438,825.0
2024-10-25 12:16:00+00:00,VSAT,10.408100128173828,10.408100128173828,10.408100128173828,10.390000343322754,10.390000343322754,800.0
2024-10-25 12:16:00+00:00,WALD,3.6500000953674316,3.6500000953674316,3.6500000953674316,3.6500000953674316,3.6500000953674316,2453.0
2024-10-25 12:16:00+00:00,WDAY,240.1699981689453,240.1699981689453,240.1699981689453,240.05999755859375,240.05999755859375,671.0
2024-10-25 12:16:00+00:00,WDC,71.56999969482422,71.56999969482422,71.5999984741211,71.55000305175781,71.58999633789062,6678.0
2024-10-25 12:16:00+00:00,WISA,1.8700000047683716,1.8700000047683716,1.8700000047683716,1.8600000143051147,1.8650000095367432,4440.0
2024-10-25 12:16:00+00:00,XRX,10.114999771118164,10.114999771118164,10.114999771118164,10.114999771118164,10.114999771118164,203.0
2024-10-25 12:16:00+00:00,ZBRA,362.7200012207031,362.7200012207031,362.7200012207031,362.7200012207031,362.7200012207031,652.0
2024-10-25 12:16:00+00:00,ZI,10.529999732971191,10.529999732971191,10.539999961853027,10.529999732971191,10.53499984741211,2041.0
2024-10-25 12:16:00+00:00,ZM,73.13999938964844,73.13999938964844,73.13999938964844,73.13999938964844,73.13999938964844,1163.0
2024-10-25 12:16:00+00:00,ZS,186.45779418945312,186.45779418945312,186.49000549316406,186.45779418945312,186.49000549316406,1125.0
2024-10-25 12:17:00+00:00,AAOI,18.329999923706055,18.329999923706055,18.329999923706055,18.299999237060547,18.299999237060547,783.0
2024-10-25 12:17:00+00:00,AAPL,232.55499267578125,232.55499267578125,232.57989501953125,232.47000122070312,232.5,39570.0
2024-10-25 12:17:00+00:00,ACIW,48.880001068115234,48.880001068115234,48.904998779296875,48.869998931884766,48.904998779296875,3042.0
2024-10-25 12:17:00+00:00,ADBE,485.0,485.0,485.3399963378906,484.9801025390625,485.2950134277344,2175.0
2024-10-25 12:17:00+00:00,ADI,233.61500549316406,233.61500549316406,233.61500549316406,233.58999633789062,233.58999633789062,3851.0
2024-10-25 12:17:00+00:00,ADSK,286.6499938964844,286.6499938964844,286.67999267578125,286.6499938964844,286.6499938964844,920.0
2024-10-25 12:17:00+00:00,ADTN,6.385000228881836,6.385000228881836,6.385000228881836,6.385000228881836,6.385000228881836,167.0
2024-10-25 12:17:00+00:00,AEHR,17.114999771118164,17.114999771118164,17.1200008392334,17.094100952148438,17.094999313354492,2544.0
2024-10-25 12:17:00+00:00,AEYE,22.860000610351562,22.860000610351562,22.860000610351562,22.860000610351562,22.860000610351562,354.0
2024-10-25 12:17:00+00:00,AFRM,41.849998474121094,41.849998474121094,41.900001525878906,41.849998474121094,41.880001068115234,18605.0
2024-10-25 12:17:00+00:00,AIP,6.941199779510498,6.941199779510498,6.941199779510498,6.941199779510498,6.941199779510498,136.0
2024-10-25 12:17:00+00:00,AKAM,102.97000122070312,102.97000122070312,102.97000122070312,102.97000122070312,102.97000122070312,1122.0
2024-10-25 12:17:00+00:00,AKTS,0.057100001722574234,0.057100001722574234,0.057100001722574234,0.057100001722574234,0.057100001722574234,41621.0
2024-10-25 12:17:00+00:00,ALGM,22.84000015258789,22.84000015258789,22.84000015258789,22.825000762939453,22.829999923706055,2761.0
2024-10-25 12:17:00+00:00,AMAT,188.3249969482422,188.3249969482422,188.35000610351562,188.27999877929688,188.27999877929688,2865.0
2024-10-25 12:17:00+00:00,AMBA,58.53499984741211,58.53499984741211,58.53499984741211,58.52000045776367,58.52000045776367,1041.0
2024-10-25 12:17:00+00:00,AMD,157.78030395507812,157.78030395507812,157.7899932861328,157.6020050048828,157.69020080566406,24912.0
2024-10-25 12:17:00+00:00,AMKR,30.059999465942383,30.059999465942383,30.06999969482422,30.059999465942383,30.06999969482422,949.0
2024-10-25 12:17:00+00:00,AMPL,9.234999656677246,9.234999656677246,9.234999656677246,9.234999656677246,9.234999656677246,1024.0
2024-10-25 12:17:00+00:00,AMST,2.8564999103546143,2.8564999103546143,2.8564999103546143,2.8564999103546143,2.8564999103546143,58.0
2024-10-25 12:17:00+00:00,ANSS,325.7900085449219,325.7900085449219,325.7900085449219,325.7699890136719,325.7699890136719,318.0
2024-10-25 12:17:00+00:00,ANY,1.0663000345230103,1.0663000345230103,1.0663000345230103,1.0640000104904175,1.0640000104904175,2281.0
2024-10-25 12:17:00+00:00,API,2.819999933242798,2.819999933242798,2.819999933242798,2.819999933242798,2.819999933242798,288.0
2024-10-25 12:17:00+00:00,APP,162.0,162.0,162.0,161.6999969482422,161.72000122070312,5009.0
2024-10-25 12:17:00+00:00,ARRY,6.534999847412109,6.534999847412109,6.539999961853027,6.534999847412109,6.539999961853027,2844.0
2024-10-25 12:17:00+00:00,ASML,717.0650024414062,717.0650024414062,717.0650024414062,717.0599975585938,717.0599975585938,1061.0
2024-10-25 12:17:00+00:00,AUR,6.445000171661377,6.445000171661377,6.445300102233887,6.440000057220459,6.440000057220459,2164.0
2024-10-25 12:17:00+00:00,AVDX,8.149999618530273,8.149999618530273,8.149999618530273,8.149999618530273,8.149999618530273,425.0
2024-10-25 12:17:00+00:00,AVGO,176.11000061035156,176.11000061035156,176.11000061035156,175.97039794921875,176.03500366210938,15718.0
2024-10-25 12:17:00+00:00,AVPT,12.010000228881836,12.010000228881836,12.010000228881836,12.010000228881836,12.010000228881836,701.0
2024-10-25 12:17:00+00:00,BAND,17.709999084472656,17.709999084472656,17.709999084472656,17.709999084472656,17.709999084472656,238.0
2024-10-25 12:17:00+00:00,BLKB,86.05000305175781,86.05000305175781,86.07499694824219,86.05000305175781,86.07499694824219,518.0
2024-10-25 12:17:00+00:00,BMBL,7.255000114440918,7.255000114440918,7.255000114440918,7.255000114440918,7.255000114440918,707.0
2024-10-25 12:17:00+00:00,BRZE,30.7450008392334,30.7450008392334,30.7450008392334,30.7450008392334,30.7450008392334,499.0
2024-10-25 12:17:00+00:00,BSY,49.13999938964844,49.13999938964844,49.13999938964844,49.119998931884766,49.119998931884766,418.0
2024-10-25 12:17:00+00:00,CAN,0.9936000108718872,0.9936000108718872,0.9936000108718872,0.9936000108718872,0.9936000108718872,26513.0
2024-10-25 12:17:00+00:00,CDNS,259.1199951171875,259.1199951171875,259.1199951171875,258.80010986328125,258.80010986328125,4694.0
2024-10-25 12:17:00+00:00,CDW,219.49000549316406,219.49000549316406,219.5449981689453,219.4499969482422,219.47000122070312,3984.0
2024-10-25 12:17:00+00:00,CFLT,22.670000076293945,22.670000076293945,22.674999237060547,22.649999618530273,22.650100708007812,3392.0
2024-10-25 12:17:00+00:00,CGNX,39.025001525878906,39.025001525878906,39.029998779296875,39.025001525878906,39.02899932861328,495.0
2024-10-25 12:17:00+00:00,CLSK,12.024999618530273,12.024999618530273,12.029999732971191,12.0,12.005999565124512,34368.0
2024-10-25 12:17:00+00:00,CMTL,3.7300000190734863,3.7300000190734863,3.7300000190734863,3.719899892807007,3.7200000286102295,672.0
2024-10-25 12:17:00+00:00,COHR,95.31500244140625,95.31500244140625,95.3499984741211,95.29000091552734,95.3499984741211,1158.0
2024-10-25 12:17:00+00:00,COHU,26.299999237060547,26.299999237060547,26.299999237060547,26.299999237060547,26.299999237060547,897.0
2024-10-25 12:17:00+00:00,COIN,209.79209899902344,209.79209899902344,210.0,209.78399658203125,209.89999389648438,12033.0
2024-10-25 12:17:00+00:00,COMM,6.329999923706055,6.329999923706055,6.335000038146973,6.329999923706055,6.335000038146973,2398.0
2024-10-25 12:17:00+00:00,CORZ,13.414999961853027,13.414999961853027,13.414999961853027,13.404999732971191,13.404999732971191,1578.0
2024-10-25 12:17:00+00:00,CRCT,6.610000133514404,6.610000133514404,6.610000133514404,6.599999904632568,6.605000019073486,865.0
2024-10-25 12:17:00+00:00,CRDO,39.77000045776367,39.77000045776367,39.77000045776367,39.75,39.77000045776367,973.0
2024-10-25 12:17:00+00:00,CRNC,2.865000009536743,2.865000009536743,2.890000104904175,2.865000009536743,2.890000104904175,5419.0
2024-10-25 12:17:00+00:00,CRNT,2.4547998905181885,2.4547998905181885,2.4547998905181885,2.4547998905181885,2.4547998905181885,1800.0
2024-10-25 12:17:00+00:00,CRUS,123.70249938964844,123.70249938964844,123.70249938964844,123.70249938964844,123.70249938964844,240.0
2024-10-25 12:17:00+00:00,CRWD,309.8800048828125,309.8800048828125,309.8800048828125,309.4700927734375,309.4833984375,5336.0
2024-10-25 12:17:00+00:00,CSCO,55.95000076293945,55.95000076293945,55.95500183105469,55.94029998779297,55.95000076293945,17169.0
2024-10-25 12:17:00+00:00,CSIQ,13.76140022277832,13.76140022277832,13.770000457763672,13.760000228881836,13.760000228881836,12680.0
2024-10-25 12:17:00+00:00,CTSH,74.93000030517578,74.93000030517578,74.94999694824219,74.91500091552734,74.91500091552734,2441.0
2024-10-25 12:17:00+00:00,DAKT,13.180000305175781,13.180000305175781,13.180000305175781,13.180000305175781,13.180000305175781,564.0
2024-10-25 12:17:00+00:00,DATS,1.6398999691009521,1.6398999691009521,1.6399999856948853,1.5894999504089355,1.600000023841858,22703.0
2024-10-25 12:17:00+00:00,DAVE,39.564998626708984,39.564998626708984,39.564998626708984,39.564998626708984,39.564998626708984,364.0
2024-10-25 12:17:00+00:00,DBX,26.03499984741211,26.03499984741211,26.03499984741211,26.030000686645508,26.030000686645508,1636.0
2024-10-25 12:17:00+00:00,DDOG,127.51000213623047,127.51000213623047,127.51000213623047,127.5,127.51000213623047,2111.0
2024-10-25 12:17:00+00:00,DOCU,69.87000274658203,69.87000274658203,69.87000274658203,69.83000183105469,69.83000183105469,1996.0
2024-10-25 12:17:00+00:00,DOMO,8.0600004196167,8.0600004196167,8.0600004196167,8.010000228881836,8.010000228881836,6802.0
2024-10-25 12:17:00+00:00,DUOL,289.60589599609375,289.60589599609375,289.60589599609375,289.60589599609375,289.60589599609375,237.0
2024-10-25 12:17:00+00:00,ENPH,83.53500366210938,83.53500366210938,83.58999633789062,83.3917007446289,83.54149627685547,6702.0
2024-10-25 12:17:00+00:00,ENTG,105.91000366210938,105.91000366210938,105.91000366210938,105.90499877929688,105.90499877929688,977.0
2024-10-25 12:17:00+00:00,ERIC,8.480400085449219,8.480400085449219,8.480400085449219,8.479999542236328,8.479999542236328,8984.0
2024-10-25 12:17:00+00:00,FFIV,216.5,216.5,216.5,216.4149932861328,216.42999267578125,735.0
2024-10-25 12:17:00+00:00,FIVN,30.1299991607666,30.1299991607666,30.15999984741211,30.1299991607666,30.15999984741211,1116.0
2024-10-25 12:17:00+00:00,FLEX,35.314998626708984,35.314998626708984,35.314998626708984,35.314998626708984,35.314998626708984,439.0
2024-10-25 12:17:00+00:00,FLYW,17.56999969482422,17.56999969482422,17.56999969482422,17.56999969482422,17.56999969482422,119.0
2024-10-25 12:17:00+00:00,FORM,45.29999923706055,45.29999923706055,45.29999923706055,45.29999923706055,45.29999923706055,695.0
2024-10-25 12:17:00+00:00,FRGT,1.899999976158142,1.899999976158142,1.899999976158142,1.899999976158142,1.899999976158142,1106.0
2024-10-25 12:17:00+00:00,FROG,29.40999984741211,29.40999984741211,29.40999984741211,29.40999984741211,29.40999984741211,2012.0
2024-10-25 12:17:00+00:00,FRSH,11.694999694824219,11.694999694824219,11.694999694824219,11.694999694824219,11.694999694824219,1572.0
2024-10-25 12:17:00+00:00,FSLR,199.5399932861328,199.5399932861328,199.58999633789062,199.44000244140625,199.5850067138672,2818.0
2024-10-25 12:17:00+00:00,FTCI,0.6564000248908997,0.6564000248908997,0.6601999998092651,0.6564000248908997,0.6601999998092651,35048.0
2024-10-25 12:17:00+00:00,FTNT,81.45999908447266,81.45999908447266,81.45999908447266,81.43000030517578,81.43499755859375,2584.0
2024-10-25 12:17:00+00:00,GCT,24.950000762939453,24.950000762939453,24.950000762939453,24.950000762939453,24.950000762939453,161.0
2024-10-25 12:17:00+00:00,GDYN,15.579999923706055,15.579999923706055,15.579999923706055,15.579999923706055,15.579999923706055,254.0
2024-10-25 12:17:00+00:00,GFS,41.51499938964844,41.51499938964844,41.52000045776367,41.505001068115234,41.505001068115234,2483.0
2024-10-25 12:17:00+00:00,GILT,4.949999809265137,4.949999809265137,4.949999809265137,4.949999809265137,4.949999809265137,199.0
2024-10-25 12:17:00+00:00,GPRO,1.3366999626159668,1.3366999626159668,1.3366999626159668,1.3366999626159668,1.3366999626159668,225.0
2024-10-25 12:17:00+00:00,GRAB,4.085000038146973,4.085000038146973,4.085000038146973,4.079999923706055,4.085000038146973,1480.0
2024-10-25 12:17:00+00:00,GTLB,55.650001525878906,55.650001525878906,55.674400329589844,55.650001525878906,55.674400329589844,728.0
2024-10-25 12:17:00+00:00,GVP,4.599999904632568,4.599999904632568,4.599999904632568,4.599999904632568,4.599999904632568,1.0
2024-10-25 12:17:00+00:00,HCP,33.69499969482422,33.69499969482422,33.70000076293945,33.69499969482422,33.69499969482422,472.0
2024-10-25 12:17:00+00:00,HIMX,6.199999809265137,6.199999809265137,6.199999809265137,6.199999809265137,6.199999809265137,1004.0
2024-10-25 12:17:00+00:00,HLIT,14.770000457763672,14.770000457763672,14.770000457763672,14.744999885559082,14.75,3210.0
2024-10-25 12:17:00+00:00,HOLO,3.6600000858306885,3.6600000858306885,3.6600000858306885,3.6500000953674316,3.6500000953674316,300.0
2024-10-25 12:17:00+00:00,HOOD,27.30500030517578,27.30500030517578,27.30500030517578,27.28499984741211,27.295000076293945,17025.0
2024-10-25 12:17:00+00:00,INDI,3.5799999237060547,3.5799999237060547,3.5799999237060547,3.569999933242798,3.569999933242798,614.0
2024-10-25 12:17:00+00:00,INFN,6.789999961853027,6.789999961853027,6.789999961853027,6.789999961853027,6.789999961853027,403.0
2024-10-25 12:17:00+00:00,INTA,50.22999954223633,50.22999954223633,50.25,50.22999954223633,50.25,600.0
2024-10-25 12:17:00+00:00,INTC,23.174999237060547,23.174999237060547,23.174999237060547,23.149999618530273,23.15999984741211,65511.0
2024-10-25 12:17:00+00:00,INTU,610.8150024414062,610.8150024414062,610.8150024414062,610.8150024414062,610.8150024414062,237.0
2024-10-25 12:17:00+00:00,IPGP,76.97000122070312,76.97000122070312,76.97000122070312,76.88999938964844,76.97000122070312,1398.0
2024-10-25 12:17:00+00:00,JAMF,16.850000381469727,16.850000381469727,16.850000381469727,16.850000381469727,16.850000381469727,1564.0
2024-10-25 12:17:00+00:00,KC,2.7249999046325684,2.7249999046325684,2.7249999046325684,2.7200000286102295,2.7200000286102295,3518.0
2024-10-25 12:17:00+00:00,KLAC,681.5549926757812,681.5549926757812,681.5549926757812,681.5549926757812,681.5549926757812,588.0
2024-10-25 12:17:00+00:00,KOPN,0.7850000262260437,0.7850000262260437,0.7850000262260437,0.7799999713897705,0.7799999713897705,6369.0
2024-10-25 12:17:00+00:00,LINK,4.866000175476074,4.866000175476074,4.879799842834473,4.860799789428711,4.879799842834473,2009.0
2024-10-25 12:17:00+00:00,LITE,64.4749984741211,64.4749984741211,64.48999786376953,64.4749984741211,64.48999786376953,688.0
2024-10-25 12:17:00+00:00,LOGI,81.18000030517578,81.18000030517578,81.18499755859375,81.18000030517578,81.18499755859375,350.0
2024-10-25 12:17:00+00:00,LPSN,1.1740000247955322,1.1740000247955322,1.1740000247955322,1.1740000247955322,1.1740000247955322,88.0
2024-10-25 12:17:00+00:00,LRCX,79.19000244140625,79.19000244140625,79.19999694824219,79.12000274658203,79.1552963256836,15238.0
2024-10-25 12:17:00+00:00,LSCC,54.46500015258789,54.46500015258789,54.46500015258789,54.45000076293945,54.45000076293945,229.0
2024-10-25 12:17:00+00:00,LYFT,13.829999923706055,13.829999923706055,13.829999923706055,13.8149995803833,13.819899559020996,17157.0
2024-10-25 12:17:00+00:00,MANH,275.75,275.75,275.75,275.75,275.75,382.0
2024-10-25 12:17:00+00:00,MAPS,0.8481000065803528,0.8481000065803528,0.8481000065803528,0.8481000065803528,0.8481000065803528,475.0
2024-10-25 12:17:00+00:00,MCHP,77.10749816894531,77.10749816894531,77.10749816894531,77.06999969482422,77.06999969482422,3105.0
2024-10-25 12:17:00+00:00,MKSI,100.97000122070312,100.97000122070312,100.99749755859375,100.95999908447266,100.99749755859375,559.0
2024-10-25 12:17:00+00:00,MPWR,919.1649780273438,919.1649780273438,919.1649780273438,919.1649780273438,919.1649780273438,1127.0
2024-10-25 12:17:00+00:00,MQ,5.295000076293945,5.295000076293945,5.295000076293945,5.295000076293945,5.295000076293945,1317.0
2024-10-25 12:17:00+00:00,MRVL,82.66999816894531,82.66999816894531,82.70500183105469,82.62999725341797,82.69999694824219,15310.0
2024-10-25 12:17:00+00:00,MSFT,430.1700134277344,430.1700134277344,430.17999267578125,429.9150085449219,429.95001220703125,12679.0
2024-10-25 12:17:00+00:00,MSTR,239.72500610351562,239.72500610351562,239.89999389648438,239.44000244140625,239.560302734375,23538.0
2024-10-25 12:17:00+00:00,MTTR,4.65500020980835,4.65500020980835,4.65500020980835,4.65500020980835,4.65500020980835,200.0
2024-10-25 12:17:00+00:00,MU,109.19999694824219,109.19999694824219,109.20999908447266,109.13999938964844,109.18000030517578,7906.0
2024-10-25 12:17:00+00:00,MVIS,1.100000023841858,1.100000023841858,1.100000023841858,1.093999981880188,1.093999981880188,1035.0
2024-10-25 12:17:00+00:00,MXL,15.100000381469727,15.100000381469727,15.145000457763672,15.100000381469727,15.145000457763672,3603.0
2024-10-25 12:17:00+00:00,NICE,176.6699981689453,176.6699981689453,176.6699981689453,176.65499877929688,176.65499877929688,1453.0
2024-10-25 12:17:00+00:00,NNDM,2.3450000286102295,2.3450000286102295,2.3450000286102295,2.3450000286102295,2.3450000286102295,1039.0
2024-10-25 12:17:00+00:00,NSIT,210.27000427246094,210.27000427246094,210.74000549316406,210.27000427246094,210.44000244140625,4367.0
2024-10-25 12:17:00+00:00,NTAP,120.44000244140625,120.44000244140625,120.4800033569336,120.44000244140625,120.4800033569336,991.0
2024-10-25 12:17:00+00:00,NTCT,20.739999771118164,20.739999771118164,20.739999771118164,20.739999771118164,20.739999771118164,192.0
2024-10-25 12:17:00+00:00,NTNX,62.2599983215332,62.2599983215332,62.2599983215332,62.2599983215332,62.2599983215332,335.0
2024-10-25 12:17:00+00:00,NTWK,3.1798999309539795,3.1798999309539795,3.1798999309539795,3.178800106048584,3.178800106048584,1075.0
2024-10-25 12:17:00+00:00,NVDA,143.40499877929688,143.40499877929688,143.4600067138672,143.32000732421875,143.44090270996094,315978.0
2024-10-25 12:17:00+00:00,NVEI,33.52000045776367,33.52000045776367,33.52000045776367,33.52000045776367,33.52000045776367,168.0
2024-10-25 12:17:00+00:00,NXPI,245.4199981689453,245.4199981689453,245.4199981689453,245.22999572753906,245.22999572753906,4465.0
2024-10-25 12:17:00+00:00,OBLG,3.76990008354187,3.76990008354187,3.76990008354187,3.76990008354187,3.76990008354187,265.0
2024-10-25 12:17:00+00:00,OKTA,72.5,72.5,72.51000213623047,72.48999786376953,72.51000213623047,2095.0
2024-10-25 12:17:00+00:00,ON,71.95999908447266,71.95999908447266,71.95999908447266,71.93000030517578,71.93000030517578,14149.0
2024-10-25 12:17:00+00:00,ONDS,0.8744000196456909,0.8744000196456909,0.8744000196456909,0.8744000196456909,0.8744000196456909,4200.0
2024-10-25 12:17:00+00:00,PANW,369.9100036621094,369.9100036621094,369.9100036621094,369.5299987792969,369.7345886230469,2245.0
2024-10-25 12:17:00+00:00,PEGA,80.08000183105469,80.08000183105469,80.08000183105469,80.08000183105469,80.08000183105469,319.0
2024-10-25 12:17:00+00:00,PEGY,4.869999885559082,4.869999885559082,4.869999885559082,4.869999885559082,4.869999885559082,283.0
2024-10-25 12:17:00+00:00,PGY,11.869999885559082,11.869999885559082,11.880000114440918,11.869999885559082,11.880000114440918,653.0
2024-10-25 12:17:00+00:00,PHUN,10.40999984741211,10.40999984741211,10.470000267028809,10.329999923706055,10.34000015258789,132992.0
2024-10-25 12:17:00+00:00,PLAB,23.719999313354492,23.719999313354492,23.719999313354492,23.719999313354492,23.719999313354492,850.0
2024-10-25 12:17:00+00:00,POET,3.960200071334839,3.960200071334839,3.9639999866485596,3.960200071334839,3.9639999866485596,2690.0
2024-10-25 12:17:00+00:00,POWI,64.41000366210938,64.41000366210938,64.4800033569336,64.41000366210938,64.4800033569336,2456.0
2024-10-25 12:17:00+00:00,PRSO,1.7692999839782715,1.7692999839782715,1.769700050354004,1.7692999839782715,1.769700050354004,1200.0
2024-10-25 12:17:00+00:00,PRST,0.0027000000700354576,0.0027000000700354576,0.0027000000700354576,0.0027000000700354576,0.0027000000700354576,145.0
2024-10-25 12:17:00+00:00,PUBM,14.890000343322754,14.890000343322754,14.890000343322754,14.890000343322754,14.890000343322754,741.0
2024-10-25 12:17:00+00:00,PYCR,14.324999809265137,14.324999809265137,14.324999809265137,14.324999809265137,14.324999809265137,138.0
2024-10-25 12:17:00+00:00,QCOM,172.66000366210938,172.66000366210938,172.66000366210938,172.55999755859375,172.5850067138672,2170.0
2024-10-25 12:17:00+00:00,QRVO,100.31999969482422,100.31999969482422,100.31999969482422,100.27999877929688,100.27999877929688,1209.0
2024-10-25 12:17:00+00:00,QUBT,1.065000057220459,1.065000057220459,1.069700002670288,1.065000057220459,1.069700002670288,1400.0
2024-10-25 12:17:00+00:00,QUIK,8.649999618530273,8.649999618530273,8.670000076293945,8.649999618530273,8.670000076293945,388.0
2024-10-25 12:17:00+00:00,RCAT,2.759999990463257,2.759999990463257,2.759999990463257,2.759999990463257,2.759999990463257,985.0
2024-10-25 12:17:00+00:00,REKR,1.0950000286102295,1.0950000286102295,1.0950000286102295,1.0950000286102295,1.0950000286102295,267.0
2024-10-25 12:17:00+00:00,RELY,14.744999885559082,14.744999885559082,14.744999885559082,14.744999885559082,14.744999885559082,634.0
2024-10-25 12:17:00+00:00,RGTI,1.219499945640564,1.219499945640564,1.2200000286102295,1.215000033378601,1.2192000150680542,14100.0
2024-10-25 12:17:00+00:00,RIOT,10.119999885559082,10.119999885559082,10.119999885559082,10.09000015258789,10.09000015258789,33222.0
2024-10-25 12:17:00+00:00,RMBS,43.540000915527344,43.540000915527344,43.560001373291016,43.540000915527344,43.560001373291016,2377.0
2024-10-25 12:17:00+00:00,RMNI,1.725000023841858,1.725000023841858,1.725000023841858,1.725000023841858,1.725000023841858,305.0
2024-10-25 12:17:00+00:00,RPAY,7.605000019073486,7.605000019073486,7.610000133514404,7.605000019073486,7.610000133514404,1044.0
2024-10-25 12:17:00+00:00,RUN,14.460000038146973,14.460000038146973,14.496399879455566,14.460000038146973,14.489999771118164,9291.0
2024-10-25 12:17:00+00:00,SATS,25.219999313354492,25.219999313354492,25.270000457763672,25.219999313354492,25.270000457763672,8970.0
2024-10-25 12:17:00+00:00,SCWX,8.375,8.375,8.375,8.375,8.375,5.0
2024-10-25 12:17:00+00:00,SEDG,16.170000076293945,16.170000076293945,16.18000030517578,16.15999984741211,16.15999984741211,3036.0
2024-10-25 12:17:00+00:00,SHLS,5.335000038146973,5.335000038146973,5.340000152587891,5.324999809265137,5.335000038146973,20355.0
2024-10-25 12:17:00+00:00,SMCI,47.779998779296875,47.779998779296875,47.79999923706055,47.77000045776367,47.790000915527344,35995.0
2024-10-25 12:17:00+00:00,SMTC,45.81999969482422,45.81999969482422,45.81999969482422,45.79499816894531,45.79499816894531,1088.0
2024-10-25 12:17:00+00:00,SNPS,503.07501220703125,503.07501220703125,503.07501220703125,503.05499267578125,503.05499267578125,1295.0
2024-10-25 12:17:00+00:00,SOUN,5.2881999015808105,5.2881999015808105,5.289899826049805,5.281499862670898,5.284999847412109,7808.0
2024-10-25 12:17:00+00:00,SPT,27.149999618530273,27.149999618530273,27.149999618530273,27.149999618530273,27.149999618530273,278.0
2024-10-25 12:17:00+00:00,SSNC,69.74500274658203,69.74500274658203,69.9000015258789,69.73999786376953,69.87999725341797,61229.0
2024-10-25 12:17:00+00:00,STNE,11.5,11.5,11.5,11.494999885559082,11.5,755.0
2024-10-25 12:17:00+00:00,STX,104.04000091552734,104.04000091552734,104.04000091552734,104.04000091552734,104.04000091552734,234.0
2024-10-25 12:17:00+00:00,SVRE,0.08229999989271164,0.08229999989271164,0.08229999989271164,0.08229999989271164,0.08229999989271164,1015.0
2024-10-25 12:17:00+00:00,SWKS,96.58999633789062,96.58999633789062,96.5999984741211,96.58499908447266,96.5999984741211,1376.0
2024-10-25 12:17:00+00:00,SYNA,73.81999969482422,73.81999969482422,73.87999725341797,73.81999969482422,73.87999725341797,1364.0
2024-10-25 12:17:00+00:00,SYTA,1.2798999547958374,1.2798999547958374,1.2798999547958374,1.2798999547958374,1.2798999547958374,4318.0
2024-10-25 12:17:00+00:00,TEAM,190.41000366210938,190.41000366210938,190.41000366210938,190.40499877929688,190.40499877929688,824.0
2024-10-25 12:17:00+00:00,TER,112.87999725341797,112.87999725341797,112.92500305175781,112.86000061035156,112.92500305175781,4636.0
2024-10-25 12:17:00+00:00,TGL,0.6779000163078308,0.6779000163078308,0.6779000163078308,0.6779000163078308,0.6779000163078308,3049.0
2024-10-25 12:17:00+00:00,TRMB,61.09000015258789,61.09000015258789,61.09000015258789,61.09000015258789,61.09000015258789,384.0
2024-10-25 12:17:00+00:00,TSEM,45.0,45.0,45.0,45.0,45.0,784.0
2024-10-25 12:17:00+00:00,TTMI,19.6299991607666,19.6299991607666,19.6299991607666,19.6299991607666,19.6299991607666,119.0
2024-10-25 12:17:00+00:00,TWKS,4.449999809265137,4.449999809265137,4.449999809265137,4.449999809265137,4.449999809265137,804.0
2024-10-25 12:17:00+00:00,TXN,208.91000366210938,208.91000366210938,208.91000366210938,208.80999755859375,208.85000610351562,3706.0
2024-10-25 12:17:00+00:00,UCTT,36.11600112915039,36.11600112915039,36.11600112915039,36.11600112915039,36.11600112915039,358.0
2024-10-25 12:17:00+00:00,VECO,29.520000457763672,29.520000457763672,29.559999465942383,29.5,29.559999465942383,2916.0
2024-10-25 12:17:00+00:00,VERX,42.220001220703125,42.220001220703125,42.2400016784668,42.220001220703125,42.2400016784668,1263.0
2024-10-25 12:17:00+00:00,VIAV,9.260000228881836,9.260000228881836,9.260000228881836,9.260000228881836,9.260000228881836,302.0
2024-10-25 12:17:00+00:00,VMEO,4.762499809265137,4.762499809265137,4.764999866485596,4.762499809265137,4.764999866485596,387.0
2024-10-25 12:17:00+00:00,VNET,3.4725000858306885,3.4725000858306885,3.4749999046325684,3.4725000858306885,3.4749999046325684,318.0
2024-10-25 12:17:00+00:00,VRNS,56.8650016784668,56.8650016784668,56.8650016784668,56.86249923706055,56.86249923706055,722.0
2024-10-25 12:17:00+00:00,VRNT,22.139999389648438,22.139999389648438,22.200000762939453,22.139999389648438,22.200000762939453,1520.0
2024-10-25 12:17:00+00:00,VRSN,185.7899932861328,185.7899932861328,185.7899932861328,185.7899932861328,185.7899932861328,1056.0
2024-10-25 12:17:00+00:00,VSAT,10.390000343322754,10.390000343322754,10.390000343322754,10.390000343322754,10.390000343322754,678.0
2024-10-25 12:17:00+00:00,VUZI,1.3200000524520874,1.3200000524520874,1.3250000476837158,1.3200000524520874,1.3229999542236328,2811.0
2024-10-25 12:17:00+00:00,WDAY,239.72999572753906,239.72999572753906,240.05999755859375,239.72999572753906,240.05999755859375,8639.0
2024-10-25 12:17:00+00:00,WDC,71.58999633789062,71.58999633789062,71.58999633789062,71.52999877929688,71.55000305175781,10373.0
2024-10-25 12:17:00+00:00,WISA,1.8600000143051147,1.8600000143051147,1.8600000143051147,1.8600000143051147,1.8600000143051147,800.0
2024-10-25 12:17:00+00:00,WIX,165.61000061035156,165.61000061035156,165.61000061035156,165.61000061035156,165.61000061035156,951.0
2024-10-25 12:17:00+00:00,XRX,10.114999771118164,10.114999771118164,10.114999771118164,10.114999771118164,10.114999771118164,1828.0
2024-10-25 12:17:00+00:00,ZBRA,362.8800048828125,362.8800048828125,362.8800048828125,362.8800048828125,362.8800048828125,939.0
2024-10-25 12:17:00+00:00,ZI,10.53499984741211,10.53499984741211,10.53499984741211,10.53499984741211,10.53499984741211,3762.0
2024-10-25 12:17:00+00:00,ZM,73.12999725341797,73.12999725341797,73.12999725341797,73.12999725341797,73.12999725341797,2111.0
2024-10-25 12:17:00+00:00,ZS,186.49000549316406,186.49000549316406,186.49000549316406,186.49000549316406,186.49000549316406,477.0
2024-10-25 12:18:00+00:00,AAOI,18.295000076293945,18.295000076293945,18.329999923706055,18.290000915527344,18.315000534057617,3707.0
2024-10-25 12:18:00+00:00,AAPL,232.5500030517578,232.5500030517578,232.57850646972656,232.52999877929688,232.5500030517578,32069.0
2024-10-25 12:18:00+00:00,ACMR,19.91200065612793,19.91200065612793,19.91200065612793,19.91200065612793,19.91200065612793,1181.0
2024-10-25 12:18:00+00:00,ADBE,485.5169982910156,485.5169982910156,485.54998779296875,485.0849914550781,485.2149963378906,3649.0
2024-10-25 12:18:00+00:00,ADI,233.64999389648438,233.64999389648438,233.6699981689453,233.64999389648438,233.6699981689453,672.0
2024-10-25 12:18:00+00:00,ADSK,286.6449890136719,286.6449890136719,286.6449890136719,286.6449890136719,286.6449890136719,1251.0
2024-10-25 12:18:00+00:00,ADTN,6.385000228881836,6.385000228881836,6.385000228881836,6.385000228881836,6.385000228881836,147.0
2024-10-25 12:18:00+00:00,AEHR,17.100000381469727,17.100000381469727,17.110000610351562,17.06999969482422,17.094999313354492,10819.0
2024-10-25 12:18:00+00:00,AEYE,22.895000457763672,22.895000457763672,22.895000457763672,22.895000457763672,22.895000457763672,117.0
2024-10-25 12:18:00+00:00,AFRM,41.84000015258789,41.84000015258789,41.874000549316406,41.84000015258789,41.85499954223633,3071.0
2024-10-25 12:18:00+00:00,ALGM,22.829999923706055,22.829999923706055,22.850000381469727,22.809999465942383,22.84000015258789,4254.0
2024-10-25 12:18:00+00:00,ALRM,54.67499923706055,54.67499923706055,54.67499923706055,54.67499923706055,54.67499923706055,757.0
2024-10-25 12:18:00+00:00,ALTR,103.81999969482422,103.81999969482422,103.83000183105469,103.81999969482422,103.83000183105469,1482.0
2024-10-25 12:18:00+00:00,AMAT,188.25999450683594,188.25999450683594,188.41000366210938,188.25999450683594,188.39999389648438,2453.0
2024-10-25 12:18:00+00:00,AMBA,58.540000915527344,58.540000915527344,58.540000915527344,58.540000915527344,58.540000915527344,855.0
2024-10-25 12:18:00+00:00,AMD,157.89999389648438,157.89999389648438,157.92999267578125,157.7700958251953,157.77999877929688,49222.0
2024-10-25 12:18:00+00:00,AMKR,30.06999969482422,30.06999969482422,30.06999969482422,30.06999969482422,30.06999969482422,1205.0
2024-10-25 12:18:00+00:00,AMPL,9.229999542236328,9.229999542236328,9.229999542236328,9.229999542236328,9.229999542236328,791.0
2024-10-25 12:18:00+00:00,ANSS,325.8800048828125,325.8800048828125,325.8800048828125,325.8800048828125,325.8800048828125,543.0
2024-10-25 12:18:00+00:00,ANY,1.0606000423431396,1.0606000423431396,1.0606000423431396,1.0606000423431396,1.0606000423431396,1108.0
2024-10-25 12:18:00+00:00,API,2.8299999237060547,2.8299999237060547,2.8299999237060547,2.825000047683716,2.825000047683716,1010.0
2024-10-25 12:18:00+00:00,APP,162.0399932861328,162.0399932861328,162.0399932861328,162.0050048828125,162.0050048828125,606.0
2024-10-25 12:18:00+00:00,APPF,215.69000244140625,215.69000244140625,215.69000244140625,215.19500732421875,215.19500732421875,2294.0
2024-10-25 12:18:00+00:00,APPS,3.0759999752044678,3.0759999752044678,3.0759999752044678,3.0759999752044678,3.0759999752044678,3000.0
2024-10-25 12:18:00+00:00,ARRY,6.534999847412109,6.534999847412109,6.559899806976318,6.534999847412109,6.534999847412109,59864.0
2024-10-25 12:18:00+00:00,ASML,716.7401123046875,716.7401123046875,716.7401123046875,716.7401123046875,716.7401123046875,402.0
2024-10-25 12:18:00+00:00,ATOM,3.359999895095825,3.359999895095825,3.369999885559082,3.359999895095825,3.369999885559082,223.0
2024-10-25 12:18:00+00:00,AUR,6.440000057220459,6.440000057220459,6.440000057220459,6.440000057220459,6.440000057220459,4820.0
2024-10-25 12:18:00+00:00,AVDX,8.145000457763672,8.145000457763672,8.149999618530273,8.145000457763672,8.149999618530273,992.0
2024-10-25 12:18:00+00:00,AVGO,176.00999450683594,176.00999450683594,176.11000061035156,176.00999450683594,176.0850067138672,12224.0
2024-10-25 12:18:00+00:00,AVT,54.165000915527344,54.165000915527344,54.165000915527344,54.165000915527344,54.165000915527344,621.0
2024-10-25 12:18:00+00:00,BIGC,5.315000057220459,5.315000057220459,5.315000057220459,5.315000057220459,5.315000057220459,592.0
2024-10-25 12:18:00+00:00,BLKB,86.07499694824219,86.07499694824219,86.07499694824219,86.07499694824219,86.07499694824219,588.0
2024-10-25 12:18:00+00:00,BSY,49.13999938964844,49.13999938964844,49.13999938964844,49.13999938964844,49.13999938964844,392.0
2024-10-25 12:18:00+00:00,CAN,0.9911999702453613,0.9911999702453613,0.9929999709129333,0.9911999702453613,0.9929999709129333,13888.0
2024-10-25 12:18:00+00:00,CETX,0.296999990940094,0.296999990940094,0.2980000078678131,0.296999990940094,0.2980000078678131,12100.0
2024-10-25 12:18:00+00:00,CFLT,22.655000686645508,22.655000686645508,22.674999237060547,22.655000686645508,22.65999984741211,1844.0
2024-10-25 12:18:00+00:00,CGNX,39.03499984741211,39.03499984741211,39.040000915527344,39.029998779296875,39.029998779296875,1500.0
2024-10-25 12:18:00+00:00,CHKP,207.52499389648438,207.52499389648438,207.52499389648438,207.52499389648438,207.52499389648438,699.0
2024-10-25 12:18:00+00:00,CLSK,11.989999771118164,11.989999771118164,12.050000190734863,11.989999771118164,12.024999618530273,59282.0
2024-10-25 12:18:00+00:00,CMTL,3.7249999046325684,3.7249999046325684,3.7249999046325684,3.7249999046325684,3.7249999046325684,217.0
2024-10-25 12:18:00+00:00,CNXC,45.11000061035156,45.11000061035156,45.11000061035156,45.095001220703125,45.095001220703125,513.0
2024-10-25 12:18:00+00:00,COHR,95.31999969482422,95.31999969482422,95.38999938964844,95.30999755859375,95.33999633789062,6887.0
2024-10-25 12:18:00+00:00,COIN,209.72000122070312,209.72000122070312,209.8699951171875,209.6300048828125,209.7899932861328,6009.0
2024-10-25 12:18:00+00:00,COMM,6.324999809265137,6.324999809265137,6.324999809265137,6.324999809265137,6.324999809265137,1871.0
2024-10-25 12:18:00+00:00,CORZ,13.400899887084961,13.400899887084961,13.425000190734863,13.400899887084961,13.420000076293945,3135.0
2024-10-25 12:18:00+00:00,CORZW,7.896399974822998,7.896399974822998,7.896399974822998,7.896399974822998,7.896399974822998,1032.0
2024-10-25 12:18:00+00:00,CRDO,39.790000915527344,39.790000915527344,39.790000915527344,39.790000915527344,39.790000915527344,223.0
2024-10-25 12:18:00+00:00,CRNC,2.865000009536743,2.865000009536743,2.865000009536743,2.865000009536743,2.865000009536743,100.0
2024-10-25 12:18:00+00:00,CRSR,6.431000232696533,6.431000232696533,6.434999942779541,6.431000232696533,6.434999942779541,335.0
2024-10-25 12:18:00+00:00,CRWD,309.8999938964844,309.8999938964844,309.8999938964844,309.75,309.7749938964844,1321.0
2024-10-25 12:18:00+00:00,CSCO,55.939998626708984,55.939998626708984,55.95000076293945,55.939998626708984,55.94499969482422,5840.0
2024-10-25 12:18:00+00:00,CSGS,47.709999084472656,47.709999084472656,47.75,47.709999084472656,47.75,1695.0
2024-10-25 12:18:00+00:00,CSIQ,13.760000228881836,13.760000228881836,13.770000457763672,13.760000228881836,13.770000457763672,12470.0
2024-10-25 12:18:00+00:00,CTSH,74.93000030517578,74.93000030517578,74.94999694824219,74.91999816894531,74.91999816894531,4773.0
2024-10-25 12:18:00+00:00,DATS,1.631500005722046,1.631500005722046,1.6447999477386475,1.631500005722046,1.6399999856948853,9761.0
2024-10-25 12:18:00+00:00,DBX,26.040000915527344,26.040000915527344,26.040000915527344,26.030000686645508,26.040000915527344,903.0
2024-10-25 12:18:00+00:00,DDOG,127.41000366210938,127.41000366210938,127.51000213623047,127.41000366210938,127.51000213623047,4486.0
2024-10-25 12:18:00+00:00,DIOD,66.53500366210938,66.53500366210938,66.53500366210938,66.53500366210938,66.53500366210938,216.0
2024-10-25 12:18:00+00:00,DLO,8.8149995803833,8.8149995803833,8.8149995803833,8.8149995803833,8.8149995803833,256.0
2024-10-25 12:18:00+00:00,DOCU,69.83999633789062,69.83999633789062,69.8499984741211,69.83999633789062,69.8499984741211,2074.0
2024-10-25 12:18:00+00:00,DOMO,8.079999923706055,8.079999923706055,8.079999923706055,8.069999694824219,8.069999694824219,1446.0
2024-10-25 12:18:00+00:00,DOX,89.66500091552734,89.66500091552734,89.66500091552734,89.66500091552734,89.66500091552734,774.0
2024-10-25 12:18:00+00:00,ENPH,83.56500244140625,83.56500244140625,83.61000061035156,83.55000305175781,83.61000061035156,3024.0
2024-10-25 12:18:00+00:00,ENTG,105.91999816894531,105.91999816894531,105.91999816894531,105.91999816894531,105.91999816894531,842.0
2024-10-25 12:18:00+00:00,ERIC,8.475000381469727,8.475000381469727,8.479999542236328,8.475000381469727,8.479999542236328,39553.0
2024-10-25 12:18:00+00:00,EXLS,38.89500045776367,38.89500045776367,38.89500045776367,38.89500045776367,38.89500045776367,262.0
2024-10-25 12:18:00+00:00,EXTR,14.505000114440918,14.505000114440918,14.505000114440918,14.505000114440918,14.505000114440918,207.0
2024-10-25 12:18:00+00:00,FFIV,216.57000732421875,216.57000732421875,216.75999450683594,216.4149932861328,216.4149932861328,3743.0
2024-10-25 12:18:00+00:00,FIVN,30.139999389648438,30.139999389648438,30.139999389648438,30.139999389648438,30.139999389648438,306.0
2024-10-25 12:18:00+00:00,FLEX,35.29999923706055,35.29999923706055,35.310001373291016,35.29499816894531,35.30500030517578,3931.0
2024-10-25 12:18:00+00:00,FROG,29.43000030517578,29.43000030517578,29.43000030517578,29.420000076293945,29.420000076293945,1138.0
2024-10-25 12:18:00+00:00,FRSH,11.694999694824219,11.694999694824219,11.694999694824219,11.694999694824219,11.694999694824219,242.0
2024-10-25 12:18:00+00:00,FSLR,199.47999572753906,199.47999572753906,199.54299926757812,199.4199981689453,199.50999450683594,3247.0
2024-10-25 12:18:00+00:00,FTNT,81.44999694824219,81.44999694824219,81.45500183105469,81.43000030517578,81.44999694824219,2250.0
2024-10-25 12:18:00+00:00,GCT,24.90399932861328,24.90399932861328,24.949899673461914,24.90399932861328,24.934999465942383,912.0
2024-10-25 12:18:00+00:00,GDS,21.600000381469727,21.600000381469727,21.629899978637695,21.594999313354492,21.594999313354492,1361.0
2024-10-25 12:18:00+00:00,GFS,41.54499816894531,41.54499816894531,41.58000183105469,41.529998779296875,41.529998779296875,4202.0
2024-10-25 12:18:00+00:00,GILT,4.960000038146973,4.960000038146973,4.960000038146973,4.960000038146973,4.960000038146973,104.0
2024-10-25 12:18:00+00:00,GPRO,1.3350000381469727,1.3350000381469727,1.340000033378601,1.3350000381469727,1.340000033378601,1055.0
2024-10-25 12:18:00+00:00,GRAB,4.085000038146973,4.085000038146973,4.090000152587891,4.081500053405762,4.090000152587891,3298.0
2024-10-25 12:18:00+00:00,GTLB,55.70000076293945,55.70000076293945,55.70000076293945,55.67499923706055,55.67499923706055,1498.0
2024-10-25 12:18:00+00:00,HCP,33.70000076293945,33.70000076293945,33.70000076293945,33.69499969482422,33.70000076293945,1937.0
2024-10-25 12:18:00+00:00,HEAR,16.68000030517578,16.68000030517578,16.68000030517578,16.68000030517578,16.68000030517578,252.0
2024-10-25 12:18:00+00:00,HIMX,6.204999923706055,6.204999923706055,6.204999923706055,6.204999923706055,6.204999923706055,642.0
2024-10-25 12:18:00+00:00,HOLO,3.6700000762939453,3.6700000762939453,3.6700000762939453,3.6700000762939453,3.6700000762939453,605.0
2024-10-25 12:18:00+00:00,HOOD,27.292800903320312,27.292800903320312,27.309999465942383,27.290000915527344,27.309999465942383,19968.0
2024-10-25 12:18:00+00:00,IBEX,18.110000610351562,18.110000610351562,18.1200008392334,18.110000610351562,18.1200008392334,507.0
2024-10-25 12:18:00+00:00,ICHR,27.799999237060547,27.799999237060547,27.809999465942383,27.799999237060547,27.809999465942383,519.0
2024-10-25 12:18:00+00:00,IIIV,22.850000381469727,22.850000381469727,22.850000381469727,22.84000015258789,22.84000015258789,535.0
2024-10-25 12:18:00+00:00,IMMR,8.75,8.75,8.75,8.75,8.75,919.0
2024-10-25 12:18:00+00:00,INDI,3.5799999237060547,3.5799999237060547,3.5799999237060547,3.5799999237060547,3.5799999237060547,331.0
2024-10-25 12:18:00+00:00,INTA,50.20000076293945,50.20000076293945,50.25,50.20000076293945,50.25,2107.0
2024-10-25 12:18:00+00:00,INTC,23.15999984741211,23.15999984741211,23.18000030517578,23.155000686645508,23.174999237060547,86200.0
2024-10-25 12:18:00+00:00,INTU,610.7949829101562,610.7949829101562,610.7949829101562,610.5399780273438,610.5399780273438,940.0
2024-10-25 12:18:00+00:00,IPGP,76.80000305175781,76.80000305175781,76.88999938964844,76.80000305175781,76.88999938964844,1600.0
2024-10-25 12:18:00+00:00,JAMF,16.84000015258789,16.84000015258789,16.850000381469727,16.84000015258789,16.850000381469727,395.0
2024-10-25 12:18:00+00:00,KC,2.7149999141693115,2.7149999141693115,2.7200000286102295,2.7149999141693115,2.7200000286102295,3734.0
2024-10-25 12:18:00+00:00,KLAC,681.5625,681.5625,681.7100219726562,681.5625,681.7100219726562,1157.0
2024-10-25 12:18:00+00:00,KLIC,44.380001068115234,44.380001068115234,44.400001525878906,44.380001068115234,44.400001525878906,968.0
2024-10-25 12:18:00+00:00,LASR,10.470000267028809,10.470000267028809,10.470000267028809,10.470000267028809,10.470000267028809,370.0
2024-10-25 12:18:00+00:00,LINK,4.888599872589111,4.888599872589111,4.889400005340576,4.888599872589111,4.889400005340576,929.0
2024-10-25 12:18:00+00:00,LITE,64.44000244140625,64.44000244140625,64.4800033569336,64.44000244140625,64.4800033569336,1283.0
2024-10-25 12:18:00+00:00,LOGI,81.16999816894531,81.16999816894531,81.16999816894531,81.16999816894531,81.16999816894531,319.0
2024-10-25 12:18:00+00:00,LRCX,79.13999938964844,79.13999938964844,79.19999694824219,79.13999938964844,79.19000244140625,10074.0
2024-10-25 12:18:00+00:00,LSAK,5.309999942779541,5.309999942779541,5.309999942779541,5.309999942779541,5.309999942779541,356.0
2024-10-25 12:18:00+00:00,LSCC,54.45800018310547,54.45800018310547,54.470001220703125,54.45800018310547,54.470001220703125,1162.0
2024-10-25 12:18:00+00:00,LYFT,13.8149995803833,13.8149995803833,13.829999923706055,13.8149995803833,13.820099830627441,15641.0
2024-10-25 12:18:00+00:00,MANH,275.5299987792969,275.5299987792969,275.5299987792969,275.5299987792969,275.5299987792969,368.0
2024-10-25 12:18:00+00:00,MAXN,5.760000228881836,5.760000228881836,5.760000228881836,5.760000228881836,5.760000228881836,142.0
2024-10-25 12:18:00+00:00,MCHP,77.07499694824219,77.07499694824219,77.12000274658203,77.07499694824219,77.1050033569336,7060.0
2024-10-25 12:18:00+00:00,MITK,8.760000228881836,8.760000228881836,8.760000228881836,8.760000228881836,8.760000228881836,302.0
2024-10-25 12:18:00+00:00,MKSI,100.94999694824219,100.94999694824219,101.01000213623047,100.91999816894531,101.01000213623047,1035.0
2024-10-25 12:18:00+00:00,MPWR,920.22998046875,920.22998046875,920.22998046875,920.22998046875,920.22998046875,155.0
2024-10-25 12:18:00+00:00,MRVL,82.66000366210938,82.66000366210938,82.69999694824219,82.66000366210938,82.68789672851562,10060.0
2024-10-25 12:18:00+00:00,MSFT,430.1000061035156,430.1000061035156,430.1700134277344,430.010009765625,430.1700134277344,9662.0
2024-10-25 12:18:00+00:00,MSTR,239.64999389648438,239.64999389648438,239.89999389648438,239.4600067138672,239.72500610351562,26821.0
2024-10-25 12:18:00+00:00,MTSI,120.47000122070312,120.47000122070312,120.47000122070312,120.47000122070312,120.47000122070312,102.0
2024-10-25 12:18:00+00:00,MTTR,4.650000095367432,4.650000095367432,4.65500020980835,4.650000095367432,4.65500020980835,2058.0
2024-10-25 12:18:00+00:00,MU,109.16000366210938,109.16000366210938,109.19000244140625,109.16000366210938,109.16999816894531,5094.0
2024-10-25 12:18:00+00:00,MVIS,1.100000023841858,1.100000023841858,1.100000023841858,1.100000023841858,1.100000023841858,592.0
2024-10-25 12:18:00+00:00,MXL,15.109999656677246,15.109999656677246,15.109999656677246,15.100000381469727,15.104999542236328,2373.0
2024-10-25 12:18:00+00:00,NCNO,37.79499816894531,37.79499816894531,37.79499816894531,37.79499816894531,37.79499816894531,157.0
2024-10-25 12:18:00+00:00,NEON,8.239999771118164,8.239999771118164,8.239999771118164,8.239999771118164,8.239999771118164,334.0
2024-10-25 12:18:00+00:00,NSIT,210.02999877929688,210.02999877929688,210.02999877929688,210.02999877929688,210.02999877929688,1289.0
2024-10-25 12:18:00+00:00,NTAP,120.44999694824219,120.44999694824219,120.44999694824219,120.44999694824219,120.44999694824219,224.0
2024-10-25 12:18:00+00:00,NTCT,20.719999313354492,20.719999313354492,20.735000610351562,20.719999313354492,20.735000610351562,3110.0
2024-10-25 12:18:00+00:00,NTGR,20.389999389648438,20.389999389648438,20.389999389648438,20.389999389648438,20.389999389648438,1062.0
2024-10-25 12:18:00+00:00,NVDA,143.49000549316406,143.49000549316406,143.50999450683594,143.39999389648438,143.40499877929688,262022.0
2024-10-25 12:18:00+00:00,NVEI,33.52000045776367,33.52000045776367,33.52000045776367,33.52000045776367,33.52000045776367,119.0
2024-10-25 12:18:00+00:00,NVTS,2.6050000190734863,2.6050000190734863,2.6050000190734863,2.6050000190734863,2.6050000190734863,1973.0
2024-10-25 12:18:00+00:00,NXPI,245.30999755859375,245.30999755859375,245.41000366210938,245.30999755859375,245.41000366210938,1423.0
2024-10-25 12:18:00+00:00,OKTA,72.5199966430664,72.5199966430664,72.5199966430664,72.48999786376953,72.5199966430664,4843.0
2024-10-25 12:18:00+00:00,ON,71.97000122070312,71.97000122070312,71.98500061035156,71.95999908447266,71.96800231933594,10769.0
2024-10-25 12:18:00+00:00,ONDS,0.8744000196456909,0.8744000196456909,0.8744000196456909,0.8744000196456909,0.8744000196456909,0.0
2024-10-25 12:18:00+00:00,OSPN,14.640000343322754,14.640000343322754,14.640000343322754,14.640000343322754,14.640000343322754,563.0
2024-10-25 12:18:00+00:00,OSS,2.439199924468994,2.439199924468994,2.439199924468994,2.439199924468994,2.439199924468994,276.0
2024-10-25 12:18:00+00:00,PANW,369.8999938964844,369.8999938964844,369.8999938964844,369.8999938964844,369.8999938964844,358.0
2024-10-25 12:18:00+00:00,PAYO,8.289999961853027,8.289999961853027,8.289999961853027,8.28499984741211,8.289999961853027,3622.0
2024-10-25 12:18:00+00:00,PDFS,29.489999771118164,29.489999771118164,29.489999771118164,29.479999542236328,29.479999542236328,882.0
2024-10-25 12:18:00+00:00,PEGA,80.08599853515625,80.08599853515625,80.08599853515625,80.08599853515625,80.08599853515625,331.0
2024-10-25 12:18:00+00:00,PEGY,4.820000171661377,4.820000171661377,4.820000171661377,4.820000171661377,4.820000171661377,590.0
2024-10-25 12:18:00+00:00,PGY,11.869999885559082,11.869999885559082,11.890000343322754,11.869999885559082,11.890000343322754,326.0
2024-10-25 12:18:00+00:00,PHUN,10.385000228881836,10.385000228881836,10.419899940490723,10.359999656677246,10.399999618530273,83526.0
2024-10-25 12:18:00+00:00,PLXS,143.08999633789062,143.08999633789062,143.08999633789062,143.0800018310547,143.0800018310547,420.0
2024-10-25 12:18:00+00:00,POET,3.950000047683716,3.950000047683716,3.9600000381469727,3.950000047683716,3.9600000381469727,1745.0
2024-10-25 12:18:00+00:00,PRCH,1.3300000429153442,1.3300000429153442,1.3350000381469727,1.3300000429153442,1.3300000429153442,2390.0
2024-10-25 12:18:00+00:00,PRGS,64.81999969482422,64.81999969482422,64.81999969482422,64.81999969482422,64.81999969482422,1655.0
2024-10-25 12:18:00+00:00,PRTH,5.304999828338623,5.304999828338623,5.304999828338623,5.304999828338623,5.304999828338623,263.0
2024-10-25 12:18:00+00:00,PTC,186.625,186.625,186.625,186.625,186.625,540.0
2024-10-25 12:18:00+00:00,PUBM,14.880000114440918,14.880000114440918,14.890000343322754,14.880000114440918,14.890000343322754,2346.0
2024-10-25 12:18:00+00:00,PYCR,14.324999809265137,14.324999809265137,14.324999809265137,14.324999809265137,14.324999809265137,325.0
2024-10-25 12:18:00+00:00,QCOM,172.6999969482422,172.6999969482422,172.74989318847656,172.6699981689453,172.6699981689453,5519.0
2024-10-25 12:18:00+00:00,QH,1.399999976158142,1.399999976158142,1.399999976158142,1.399999976158142,1.399999976158142,6540.0
2024-10-25 12:18:00+00:00,QRVO,100.3499984741211,100.3499984741211,100.3499984741211,100.3499984741211,100.3499984741211,468.0
2024-10-25 12:18:00+00:00,QUBT,1.0698000192642212,1.0698000192642212,1.0698000192642212,1.0698000192642212,1.0698000192642212,585.0
2024-10-25 12:18:00+00:00,QUIK,8.649999618530273,8.649999618530273,8.649999618530273,8.649999618530273,8.649999618530273,276.0
2024-10-25 12:18:00+00:00,RCAT,2.755000114440918,2.755000114440918,2.755000114440918,2.755000114440918,2.755000114440918,1125.0
2024-10-25 12:18:00+00:00,RGTI,1.2384999990463257,1.2384999990463257,1.2384999990463257,1.2115000486373901,1.2200000286102295,29453.0
2024-10-25 12:18:00+00:00,RIOT,10.09589958190918,10.09589958190918,10.11620044708252,10.09000015258789,10.109999656677246,32408.0
2024-10-25 12:18:00+00:00,RMBS,43.53499984741211,43.53499984741211,43.53499984741211,43.53499984741211,43.53499984741211,231.0
2024-10-25 12:18:00+00:00,RUM,5.77400016784668,5.77400016784668,5.789999961853027,5.760000228881836,5.789999961853027,11540.0
2024-10-25 12:18:00+00:00,RUN,14.449999809265137,14.449999809265137,14.489999771118164,14.449999809265137,14.479999542236328,13764.0
2024-10-25 12:18:00+00:00,SATS,25.170000076293945,25.170000076293945,25.18000030517578,25.170000076293945,25.18000030517578,1812.0
2024-10-25 12:18:00+00:00,SCSC,44.98500061035156,44.98500061035156,44.98500061035156,44.98500061035156,44.98500061035156,488.0
2024-10-25 12:18:00+00:00,SEDG,16.18000030517578,16.18000030517578,16.190000534057617,16.15999984741211,16.170000076293945,5046.0
2024-10-25 12:18:00+00:00,SHLS,5.315999984741211,5.315999984741211,5.334000110626221,5.315000057220459,5.334000110626221,5731.0
2024-10-25 12:18:00+00:00,SIMO,57.209999084472656,57.209999084472656,57.209999084472656,57.209999084472656,57.209999084472656,472.0
2024-10-25 12:18:00+00:00,SITM,184.75999450683594,184.75999450683594,184.75999450683594,184.75999450683594,184.75999450683594,1400.0
2024-10-25 12:18:00+00:00,SKYT,10.729999542236328,10.729999542236328,10.729999542236328,10.729999542236328,10.729999542236328,796.0
2024-10-25 12:18:00+00:00,SLAB,115.95999908447266,115.95999908447266,115.95999908447266,115.95999908447266,115.95999908447266,315.0
2024-10-25 12:18:00+00:00,SMCI,47.77000045776367,47.77000045776367,47.77000045776367,47.7400016784668,47.77000045776367,34512.0
2024-10-25 12:18:00+00:00,SMTC,45.7400016784668,45.7400016784668,45.75,45.7400016784668,45.75,493.0
2024-10-25 12:18:00+00:00,SONO,12.824999809265137,12.824999809265137,12.824999809265137,12.824999809265137,12.824999809265137,510.0
2024-10-25 12:18:00+00:00,SOUN,5.284999847412109,5.284999847412109,5.284999847412109,5.28000020980835,5.284999847412109,6698.0
2024-10-25 12:18:00+00:00,SPNS,36.75,36.75,36.75,36.75,36.75,190.0
2024-10-25 12:18:00+00:00,SPSC,172.50999450683594,172.50999450683594,173.22000122070312,172.50999450683594,173.22000122070312,378.0
2024-10-25 12:18:00+00:00,SRAD,12.390000343322754,12.390000343322754,12.390000343322754,12.390000343322754,12.390000343322754,200.0
2024-10-25 12:18:00+00:00,SSNC,69.68499755859375,69.68499755859375,69.79000091552734,69.68499755859375,69.76000213623047,5336.0
2024-10-25 12:18:00+00:00,STNE,11.494999885559082,11.494999885559082,11.5,11.494999885559082,11.494999885559082,814.0
2024-10-25 12:18:00+00:00,STX,104.03500366210938,104.03500366210938,104.06999969482422,104.0250015258789,104.02999877929688,1664.0
2024-10-25 12:18:00+00:00,SWKS,96.58999633789062,96.58999633789062,96.61499786376953,96.58999633789062,96.61499786376953,926.0
2024-10-25 12:18:00+00:00,SYNA,73.76000213623047,73.76000213623047,73.76000213623047,73.76000213623047,73.76000213623047,399.0
2024-10-25 12:18:00+00:00,TENB,41.8484001159668,41.8484001159668,41.8484001159668,41.8484001159668,41.8484001159668,530.0
2024-10-25 12:18:00+00:00,TER,112.88500213623047,112.88500213623047,112.9000015258789,112.87999725341797,112.9000015258789,3252.0
2024-10-25 12:18:00+00:00,TGL,0.6700000166893005,0.6700000166893005,0.6700000166893005,0.6700000166893005,0.6700000166893005,357.0
2024-10-25 12:18:00+00:00,TLS,3.6559998989105225,3.6559998989105225,3.6559998989105225,3.6559998989105225,3.6559998989105225,123.0
2024-10-25 12:18:00+00:00,TRMB,61.08000183105469,61.08000183105469,61.09000015258789,61.08000183105469,61.09000015258789,643.0
2024-10-25 12:18:00+00:00,TTD,119.66999816894531,119.66999816894531,119.72000122070312,119.66000366210938,119.66000366210938,3107.0
2024-10-25 12:18:00+00:00,TTMI,19.6299991607666,19.6299991607666,19.6299991607666,19.6299991607666,19.6299991607666,244.0
2024-10-25 12:18:00+00:00,TWKS,4.449999809265137,4.449999809265137,4.449999809265137,4.449999809265137,4.449999809265137,10200.0
2024-10-25 12:18:00+00:00,TXN,208.9600067138672,208.9600067138672,208.99000549316406,208.89999389648438,208.89999389648438,2976.0
2024-10-25 12:18:00+00:00,UCTT,36.1150016784668,36.1150016784668,36.1150016784668,36.1150016784668,36.1150016784668,694.0
2024-10-25 12:18:00+00:00,VECO,29.520299911499023,29.520299911499023,29.524999618530273,29.520000457763672,29.524999618530273,983.0
2024-10-25 12:18:00+00:00,VERI,3.430000066757202,3.430000066757202,3.430000066757202,3.430000066757202,3.430000066757202,1058.0
2024-10-25 12:18:00+00:00,VIAV,9.265000343322754,9.265000343322754,9.265000343322754,9.260000228881836,9.265000343322754,1201.0
2024-10-25 12:18:00+00:00,VMEO,4.769999980926514,4.769999980926514,4.769999980926514,4.769999980926514,4.769999980926514,107.0
2024-10-25 12:18:00+00:00,VRNS,56.900001525878906,56.900001525878906,56.900001525878906,56.880001068115234,56.880001068115234,2921.0
2024-10-25 12:18:00+00:00,VRNT,22.139999389648438,22.139999389648438,22.139999389648438,22.139999389648438,22.139999389648438,959.0
2024-10-25 12:18:00+00:00,VSAT,10.385000228881836,10.385000228881836,10.385000228881836,10.380000114440918,10.380000114440918,1383.0
2024-10-25 12:18:00+00:00,WDAY,239.8000030517578,239.8000030517578,239.89999389648438,239.8000030517578,239.89999389648438,533.0
2024-10-25 12:18:00+00:00,WDC,71.63999938964844,71.63999938964844,71.63999938964844,71.56999969482422,71.57499694824219,5567.0
2024-10-25 12:18:00+00:00,XPER,9.449999809265137,9.449999809265137,9.454999923706055,9.449999809265137,9.454999923706055,1103.0
2024-10-25 12:18:00+00:00,XRX,10.114999771118164,10.114999771118164,10.114999771118164,10.114999771118164,10.114999771118164,1469.0
2024-10-25 12:18:00+00:00,ZI,10.539999961853027,10.539999961853027,10.539999961853027,10.53499984741211,10.539999961853027,1420.0
2024-10-25 12:18:00+00:00,ZM,73.1500015258789,73.1500015258789,73.1500015258789,73.13500213623047,73.13500213623047,4588.0
2024-10-25 12:18:00+00:00,ZS,186.5458984375,186.5458984375,186.5458984375,186.5458984375,186.5458984375,503.0
2024-10-25 12:19:00+00:00,AAOI,18.299999237060547,18.299999237060547,18.299999237060547,18.280000686645508,18.280000686645508,4243.0
2024-10-25 12:19:00+00:00,AAPL,232.50999450683594,232.50999450683594,232.57000732421875,232.47000122070312,232.55880737304688,25116.0
2024-10-25 12:19:00+00:00,ACIW,48.86000061035156,48.86000061035156,48.86000061035156,48.86000061035156,48.86000061035156,200.0
2024-10-25 12:19:00+00:00,ACMR,19.8799991607666,19.8799991607666,19.889999389648438,19.8799991607666,19.8799991607666,2058.0
2024-10-25 12:19:00+00:00,ADBE,485.4150085449219,485.4150085449219,485.4150085449219,485.4150085449219,485.4150085449219,901.0
2024-10-25 12:19:00+00:00,ADI,233.47500610351562,233.47500610351562,233.64999389648438,233.47500610351562,233.64999389648438,3662.0
2024-10-25 12:19:00+00:00,ADSK,286.6400146484375,286.6400146484375,286.6499938964844,286.55999755859375,286.6499938964844,1663.0
2024-10-25 12:19:00+00:00,ADTN,6.380000114440918,6.380000114440918,6.380000114440918,6.380000114440918,6.380000114440918,360.0
2024-10-25 12:19:00+00:00,AEHR,17.06999969482422,17.06999969482422,17.110000610351562,17.06999969482422,17.110000610351562,2767.0
2024-10-25 12:19:00+00:00,AFRM,41.834999084472656,41.834999084472656,41.84199905395508,41.810001373291016,41.84000015258789,8947.0
2024-10-25 12:19:00+00:00,AIRG,8.930000305175781,8.930000305175781,9.0,8.930000305175781,9.0,1799.0
2024-10-25 12:19:00+00:00,AKAM,103.01000213623047,103.01000213623047,103.01000213623047,103.01000213623047,103.01000213623047,512.0
2024-10-25 12:19:00+00:00,ALGM,22.80500030517578,22.80500030517578,22.815000534057617,22.80500030517578,22.809999465942383,3888.0
2024-10-25 12:19:00+00:00,AMAT,188.0500030517578,188.0500030517578,188.22999572753906,188.0500030517578,188.22999572753906,3304.0
2024-10-25 12:19:00+00:00,AMD,157.89999389648438,157.89999389648438,157.89999389648438,157.8000946044922,157.88999938964844,23327.0
2024-10-25 12:19:00+00:00,AMKR,30.065000534057617,30.065000534057617,30.065000534057617,30.059999465942383,30.059999465942383,1749.0
2024-10-25 12:19:00+00:00,AMPL,9.234999656677246,9.234999656677246,9.234999656677246,9.234999656677246,9.234999656677246,597.0
2024-10-25 12:19:00+00:00,ANSS,325.8399963378906,325.8399963378906,325.8399963378906,325.8399963378906,325.8399963378906,317.0
2024-10-25 12:19:00+00:00,ANY,1.059999942779541,1.059999942779541,1.065000057220459,1.059999942779541,1.059999942779541,1059.0
2024-10-25 12:19:00+00:00,API,2.8299999237060547,2.8299999237060547,2.8299999237060547,2.8299999237060547,2.8299999237060547,200.0
2024-10-25 12:19:00+00:00,APP,162.11000061035156,162.11000061035156,162.11000061035156,161.9499969482422,162.0050048828125,6189.0
2024-10-25 12:19:00+00:00,APPF,215.38999938964844,215.38999938964844,215.38999938964844,215.38999938964844,215.38999938964844,869.0
2024-10-25 12:19:00+00:00,APPS,3.075000047683716,3.075000047683716,3.075000047683716,3.075000047683716,3.075000047683716,0.0
2024-10-25 12:19:00+00:00,ARRY,6.519999980926514,6.519999980926514,6.535999774932861,6.519999980926514,6.535999774932861,5319.0
2024-10-25 12:19:00+00:00,ASML,717.0399780273438,717.0399780273438,717.3212890625,717.0399780273438,717.0999755859375,1528.0
2024-10-25 12:19:00+00:00,AUID,6.690000057220459,6.690000057220459,6.690000057220459,6.670000076293945,6.670000076293945,1366.0
2024-10-25 12:19:00+00:00,AUR,6.434999942779541,6.434999942779541,6.434999942779541,6.434999942779541,6.434999942779541,218.0
2024-10-25 12:19:00+00:00,AVDX,8.149999618530273,8.149999618530273,8.149999618530273,8.145000457763672,8.145000457763672,3723.0
2024-10-25 12:19:00+00:00,AVGO,175.99000549316406,175.99000549316406,176.02999877929688,175.9113006591797,176.01499938964844,13806.0
2024-10-25 12:19:00+00:00,AVNW,21.0,21.0,21.010000228881836,21.0,21.010000228881836,821.0
2024-10-25 12:19:00+00:00,AVT,54.15999984741211,54.15999984741211,54.16999816894531,54.150001525878906,54.150001525878906,2534.0
2024-10-25 12:19:00+00:00,BL,56.5099983215332,56.5099983215332,56.5099983215332,56.5099983215332,56.5099983215332,238.0
2024-10-25 12:19:00+00:00,BLIN,1.100000023841858,1.100000023841858,1.100000023841858,1.100000023841858,1.100000023841858,2724.0
2024-10-25 12:19:00+00:00,BRZE,30.7450008392334,30.7450008392334,30.7450008392334,30.7450008392334,30.7450008392334,150.0
2024-10-25 12:19:00+00:00,BSY,49.13999938964844,49.13999938964844,49.13999938964844,49.13999938964844,49.13999938964844,604.0
2024-10-25 12:19:00+00:00,CAN,0.9919999837875366,0.9919999837875366,0.9919999837875366,0.9919999837875366,0.9919999837875366,366.0
2024-10-25 12:19:00+00:00,CDNS,259.0199890136719,259.0199890136719,259.114990234375,259.0199890136719,259.114990234375,1401.0
2024-10-25 12:19:00+00:00,CDW,219.47000122070312,219.47000122070312,219.5,219.47000122070312,219.5,1394.0
2024-10-25 12:19:00+00:00,CEVA,24.25,24.25,24.25,24.25,24.25,163.0
2024-10-25 12:19:00+00:00,CFLT,22.639999389648438,22.639999389648438,22.645099639892578,22.639999389648438,22.645099639892578,2434.0
2024-10-25 12:19:00+00:00,CGNX,39.029998779296875,39.029998779296875,39.029998779296875,39.02000045776367,39.02000045776367,632.0
2024-10-25 12:19:00+00:00,CLBT,18.149999618530273,18.149999618530273,18.149999618530273,18.149999618530273,18.149999618530273,1073.0
2024-10-25 12:19:00+00:00,CLSK,11.969900131225586,11.969900131225586,11.989999771118164,11.960100173950195,11.9891996383667,50138.0
2024-10-25 12:19:00+00:00,CNXC,45.11000061035156,45.11000061035156,45.11000061035156,45.11000061035156,45.11000061035156,603.0
2024-10-25 12:19:00+00:00,COHR,95.26000213623047,95.26000213623047,95.3125,95.19999694824219,95.29000091552734,5288.0
2024-10-25 12:19:00+00:00,COHU,26.299999237060547,26.299999237060547,26.299999237060547,26.299999237060547,26.299999237060547,245.0
2024-10-25 12:19:00+00:00,COIN,209.7989959716797,209.7989959716797,209.7989959716797,209.5500030517578,209.66000366210938,7450.0
2024-10-25 12:19:00+00:00,COMM,6.320000171661377,6.320000171661377,6.324999809265137,6.320000171661377,6.324999809265137,1520.0
2024-10-25 12:19:00+00:00,CORZ,13.395000457763672,13.395000457763672,13.409899711608887,13.390000343322754,13.404999732971191,8863.0
2024-10-25 12:19:00+00:00,CRDO,39.77000045776367,39.77000045776367,39.77000045776367,39.7400016784668,39.7400016784668,732.0
2024-10-25 12:19:00+00:00,CRNC,2.8450000286102295,2.8450000286102295,2.865000009536743,2.8450000286102295,2.865000009536743,7720.0
2024-10-25 12:19:00+00:00,CRWD,309.6700134277344,309.6700134277344,309.7699890136719,309.6400146484375,309.739990234375,1965.0
2024-10-25 12:19:00+00:00,CSCO,55.94599914550781,55.94599914550781,55.94990158081055,55.93000030517578,55.94499969482422,4239.0
2024-10-25 12:19:00+00:00,CSIQ,13.760000228881836,13.760000228881836,13.760000228881836,13.760000228881836,13.760000228881836,911.0
2024-10-25 12:19:00+00:00,CTLP,8.930000305175781,8.930000305175781,8.930000305175781,8.930000305175781,8.930000305175781,138.0
2024-10-25 12:19:00+00:00,DAIO,2.4999001026153564,2.4999001026153564,2.4999001026153564,2.4999001026153564,2.4999001026153564,9998.0
2024-10-25 12:19:00+00:00,DATS,1.6420999765396118,1.6420999765396118,1.690000057220459,1.6301000118255615,1.6399999856948853,9502.0
2024-10-25 12:19:00+00:00,DBX,26.03499984741211,26.03499984741211,26.03499984741211,26.030000686645508,26.030000686645508,2463.0
2024-10-25 12:19:00+00:00,DDOG,127.43000030517578,127.43000030517578,127.43000030517578,127.3499984741211,127.3550033569336,5639.0
2024-10-25 12:19:00+00:00,DGII,30.635000228881836,30.635000228881836,30.635000228881836,30.635000228881836,30.635000228881836,752.0
2024-10-25 12:19:00+00:00,DIOD,66.37999725341797,66.37999725341797,66.49500274658203,66.37999725341797,66.43000030517578,2941.0
2024-10-25 12:19:00+00:00,DLO,8.8149995803833,8.8149995803833,8.8149995803833,8.8149995803833,8.8149995803833,248.0
2024-10-25 12:19:00+00:00,DOCU,69.8499984741211,69.8499984741211,69.8499984741211,69.8499984741211,69.8499984741211,1437.0
2024-10-25 12:19:00+00:00,DUOL,289.5199890136719,289.5199890136719,289.5199890136719,289.4700012207031,289.4700012207031,1070.0
2024-10-25 12:19:00+00:00,DZSI,0.7799999713897705,0.7799999713897705,0.7799999713897705,0.7799999713897705,0.7799999713897705,1.0
2024-10-25 12:19:00+00:00,EEFT,100.33999633789062,100.33999633789062,100.54000091552734,100.33999633789062,100.54000091552734,1407.0
2024-10-25 12:19:00+00:00,ENPH,83.52999877929688,83.52999877929688,83.56500244140625,83.44010162353516,83.56500244140625,8327.0
2024-10-25 12:19:00+00:00,ENTG,105.77999877929688,105.77999877929688,105.83499908447266,105.77999877929688,105.83499908447266,1768.0
2024-10-25 12:19:00+00:00,ERIC,8.478799819946289,8.478799819946289,8.479999542236328,8.473999977111816,8.479900360107422,19528.0
2024-10-25 12:19:00+00:00,EXTR,14.494999885559082,14.494999885559082,14.510000228881836,14.494999885559082,14.510000228881836,2530.0
2024-10-25 12:19:00+00:00,FIVN,30.1299991607666,30.1299991607666,30.1299991607666,30.1200008392334,30.1299991607666,1057.0
2024-10-25 12:19:00+00:00,FLEX,35.310001373291016,35.310001373291016,35.310001373291016,35.30500030517578,35.30500030517578,2294.0
2024-10-25 12:19:00+00:00,FLYW,17.540000915527344,17.540000915527344,17.549999237060547,17.540000915527344,17.549999237060547,2252.0
2024-10-25 12:19:00+00:00,FROG,29.450000762939453,29.450000762939453,29.450000762939453,29.424999237060547,29.424999237060547,2125.0
2024-10-25 12:19:00+00:00,FRSH,11.6850004196167,11.6850004196167,11.694999694824219,11.6850004196167,11.6899995803833,14314.0
2024-10-25 12:19:00+00:00,FSLR,199.5,199.5,199.64999389648438,199.4199981689453,199.47999572753906,5955.0
2024-10-25 12:19:00+00:00,FTCI,0.6600000262260437,0.6600000262260437,0.6600000262260437,0.6600000262260437,0.6600000262260437,437.0
2024-10-25 12:19:00+00:00,FTFT,0.32420000433921814,0.32420000433921814,0.32420000433921814,0.32420000433921814,0.32420000433921814,200.0
2024-10-25 12:19:00+00:00,FTNT,81.41999816894531,81.41999816894531,81.44000244140625,81.41999816894531,81.43000030517578,1451.0
2024-10-25 12:19:00+00:00,GCT,24.889999389648438,24.889999389648438,24.889999389648438,24.889999389648438,24.889999389648438,1224.0
2024-10-25 12:19:00+00:00,GFS,41.53499984741211,41.53499984741211,41.540000915527344,41.5260009765625,41.540000915527344,1707.0
2024-10-25 12:19:00+00:00,GILT,4.949999809265137,4.949999809265137,4.949999809265137,4.949999809265137,4.949999809265137,107.0
2024-10-25 12:19:00+00:00,GRAB,4.085000038146973,4.085000038146973,4.090000152587891,4.079999923706055,4.085000038146973,16714.0
2024-10-25 12:19:00+00:00,GRRR,4.494999885559082,4.494999885559082,4.494999885559082,4.494999885559082,4.494999885559082,260.0
2024-10-25 12:19:00+00:00,GTLB,55.654998779296875,55.654998779296875,55.654998779296875,55.654998779296875,55.654998779296875,105.0
2024-10-25 12:19:00+00:00,HCKT,24.883499145507812,24.883499145507812,24.883499145507812,24.883499145507812,24.883499145507812,265.0
2024-10-25 12:19:00+00:00,HCP,33.69499969482422,33.69499969482422,33.70000076293945,33.69499969482422,33.70000076293945,600.0
2024-10-25 12:19:00+00:00,HIMX,6.204999923706055,6.204999923706055,6.204999923706055,6.204999923706055,6.204999923706055,325.0
2024-10-25 12:19:00+00:00,HLIT,14.770000457763672,14.770000457763672,14.770000457763672,14.770000457763672,14.770000457763672,562.0
2024-10-25 12:19:00+00:00,HOLO,3.6549999713897705,3.6549999713897705,3.6549999713897705,3.6512999534606934,3.6540000438690186,1580.0
2024-10-25 12:19:00+00:00,HOOD,27.28499984741211,27.28499984741211,27.290000915527344,27.28499984741211,27.290000915527344,3968.0
2024-10-25 12:19:00+00:00,IDN,2.3299999237060547,2.3299999237060547,2.3299999237060547,2.3299999237060547,2.3299999237060547,1094.0
2024-10-25 12:19:00+00:00,IIIV,22.8799991607666,22.8799991607666,22.8799991607666,22.8799991607666,22.8799991607666,429.0
2024-10-25 12:19:00+00:00,INDI,3.575000047683716,3.575000047683716,3.575000047683716,3.575000047683716,3.575000047683716,1107.0
2024-10-25 12:19:00+00:00,INOD,19.99570083618164,19.99570083618164,19.99570083618164,19.979999542236328,19.979999542236328,1079.0
2024-10-25 12:19:00+00:00,INSG,20.03619956970215,20.03619956970215,20.03619956970215,20.03619956970215,20.03619956970215,551.0
2024-10-25 12:19:00+00:00,INTC,23.145000457763672,23.145000457763672,23.1560001373291,23.139999389648438,23.1560001373291,23182.0
2024-10-25 12:19:00+00:00,INTU,610.5,610.5,610.5399780273438,610.5,610.5399780273438,1105.0
2024-10-25 12:19:00+00:00,IPGP,76.9000015258789,76.9000015258789,76.9000015258789,76.9000015258789,76.9000015258789,239.0
2024-10-25 12:19:00+00:00,JAMF,16.850000381469727,16.850000381469727,16.850000381469727,16.844999313354492,16.844999313354492,471.0
2024-10-25 12:19:00+00:00,JG,7.461999893188477,7.461999893188477,7.461999893188477,7.461999893188477,7.461999893188477,390.0
2024-10-25 12:19:00+00:00,KLAC,680.4401245117188,680.4401245117188,681.010009765625,680.4401245117188,681.010009765625,2085.0
2024-10-25 12:19:00+00:00,LINK,4.960000038146973,4.960000038146973,4.96999979019165,4.889999866485596,4.889999866485596,12285.0
2024-10-25 12:19:00+00:00,LITE,64.39009857177734,64.39009857177734,64.41000366210938,64.39009857177734,64.41000366210938,1305.0
2024-10-25 12:19:00+00:00,LOGI,81.1500015258789,81.1500015258789,81.1500015258789,81.13999938964844,81.13999938964844,792.0
2024-10-25 12:19:00+00:00,LRCX,79.06999969482422,79.06999969482422,79.13130187988281,79.0199966430664,79.12999725341797,20789.0
2024-10-25 12:19:00+00:00,LSCC,54.404998779296875,54.404998779296875,54.41999816894531,54.400001525878906,54.400001525878906,1391.0
2024-10-25 12:19:00+00:00,LYFT,13.8149995803833,13.8149995803833,13.8149995803833,13.8149995803833,13.8149995803833,3025.0
2024-10-25 12:19:00+00:00,MAXN,5.75,5.75,5.75,5.75,5.75,501.0
2024-10-25 12:19:00+00:00,MCHP,77.04000091552734,77.04000091552734,77.05999755859375,77.0250015258789,77.05000305175781,5704.0
2024-10-25 12:19:00+00:00,MITK,8.770000457763672,8.770000457763672,8.770000457763672,8.760000228881836,8.760000228881836,3258.0
2024-10-25 12:19:00+00:00,MKSI,100.87000274658203,100.87000274658203,100.92500305175781,100.87000274658203,100.92500305175781,1489.0
2024-10-25 12:19:00+00:00,MNDY,297.9800109863281,297.9800109863281,297.9800109863281,297.8299865722656,297.8299865722656,640.0
2024-10-25 12:19:00+00:00,MPWR,920.3250122070312,920.3250122070312,920.3250122070312,920.3250122070312,920.3250122070312,676.0
2024-10-25 12:19:00+00:00,MQ,5.300000190734863,5.300000190734863,5.300000190734863,5.300000190734863,5.300000190734863,236.0
2024-10-25 12:19:00+00:00,MRAM,6.329999923706055,6.329999923706055,6.329999923706055,6.329999923706055,6.329999923706055,486.0
2024-10-25 12:19:00+00:00,MRVL,82.62000274658203,82.62000274658203,82.65499877929688,82.61000061035156,82.65499877929688,7086.0
2024-10-25 12:19:00+00:00,MSFT,430.04998779296875,430.04998779296875,430.0950012207031,429.93359375,430.0950012207031,9942.0
2024-10-25 12:19:00+00:00,MSTR,239.53610229492188,239.53610229492188,239.86000061035156,239.11000061035156,239.71499633789062,21006.0
2024-10-25 12:19:00+00:00,MTC,0.3693000078201294,0.3693000078201294,0.3693999946117401,0.3693000078201294,0.3693000078201294,3100.0
2024-10-25 12:19:00+00:00,MTSI,120.68000030517578,120.68000030517578,120.73999786376953,120.58000183105469,120.62000274658203,1443.0
2024-10-25 12:19:00+00:00,MTTR,4.650100231170654,4.650100231170654,4.650100231170654,4.650100231170654,4.650100231170654,4121.0
2024-10-25 12:19:00+00:00,MU,109.04499816894531,109.04499816894531,109.1500015258789,109.0199966430664,109.1500015258789,15272.0
2024-10-25 12:19:00+00:00,MXL,15.100000381469727,15.100000381469727,15.109999656677246,15.100000381469727,15.104999542236328,3273.0
2024-10-25 12:19:00+00:00,NCNO,37.80580139160156,37.80580139160156,37.80580139160156,37.80580139160156,37.80580139160156,605.0
2024-10-25 12:19:00+00:00,NSIT,209.67999267578125,209.67999267578125,209.67999267578125,209.67999267578125,209.67999267578125,865.0
2024-10-25 12:19:00+00:00,NTAP,120.41999816894531,120.41999816894531,120.44000244140625,120.41999816894531,120.44000244140625,1399.0
2024-10-25 12:19:00+00:00,NTNX,62.16210174560547,62.16210174560547,62.244998931884766,62.16210174560547,62.244998931884766,2386.0
2024-10-25 12:19:00+00:00,NVDA,143.36000061035156,143.36000061035156,143.5,143.30999755859375,143.49000549316406,342556.0
2024-10-25 12:19:00+00:00,NVMI,184.75,184.75,184.75,184.75,184.75,338.0
2024-10-25 12:19:00+00:00,NXPI,245.2550048828125,245.2550048828125,245.3300018310547,245.2550048828125,245.3300018310547,812.0
2024-10-25 12:19:00+00:00,OKTA,72.45999908447266,72.45999908447266,72.47000122070312,72.45999908447266,72.47000122070312,404.0
2024-10-25 12:19:00+00:00,OLED,203.9949951171875,203.9949951171875,203.9949951171875,203.89999389648438,203.89999389648438,1156.0
2024-10-25 12:19:00+00:00,ON,71.94999694824219,71.94999694824219,71.95999908447266,71.88500213623047,71.94999694824219,22549.0
2024-10-25 12:19:00+00:00,ONDS,0.8899999856948853,0.8899999856948853,0.8899999856948853,0.8899999856948853,0.8899999856948853,9400.0
2024-10-25 12:19:00+00:00,OSPN,14.625,14.625,14.625,14.625,14.625,279.0
2024-10-25 12:19:00+00:00,PANW,369.7417907714844,369.7417907714844,369.8399963378906,369.57000732421875,369.8399963378906,2515.0
2024-10-25 12:19:00+00:00,PAYO,8.3149995803833,8.3149995803833,8.3149995803833,8.295000076293945,8.295000076293945,12343.0
2024-10-25 12:19:00+00:00,PEGA,80.0999984741211,80.0999984741211,80.0999984741211,80.0999984741211,80.0999984741211,989.0
2024-10-25 12:19:00+00:00,PEGY,4.840000152587891,4.840000152587891,4.840000152587891,4.840000152587891,4.840000152587891,1500.0
2024-10-25 12:19:00+00:00,PGY,11.890000343322754,11.890000343322754,11.890000343322754,11.869999885559082,11.869999885559082,451.0
2024-10-25 12:19:00+00:00,PHUN,10.350000381469727,10.350000381469727,10.420000076293945,10.300000190734863,10.390000343322754,82906.0
2024-10-25 12:19:00+00:00,PI,203.75999450683594,203.75999450683594,204.1999969482422,203.75999450683594,204.1999969482422,1508.0
2024-10-25 12:19:00+00:00,POET,3.9600000381469727,3.9600000381469727,3.9600000381469727,3.9600000381469727,3.9600000381469727,350.0
2024-10-25 12:19:00+00:00,PYCR,14.324999809265137,14.324999809265137,14.324999809265137,14.319999694824219,14.324999809265137,1226.0
2024-10-25 12:19:00+00:00,QCOM,172.6199951171875,172.6199951171875,172.6699981689453,172.60000610351562,172.6699981689453,3184.0
2024-10-25 12:19:00+00:00,QRVO,100.26000213623047,100.26000213623047,100.30000305175781,100.26000213623047,100.30000305175781,1335.0
2024-10-25 12:19:00+00:00,RCAT,2.7599000930786133,2.7599000930786133,2.7599000930786133,2.7599000930786133,2.7599000930786133,2000.0
2024-10-25 12:19:00+00:00,RDWR,22.389999389648438,22.389999389648438,22.389999389648438,22.389999389648438,22.389999389648438,468.0
2024-10-25 12:19:00+00:00,RELY,14.75,14.75,14.75,14.744999885559082,14.744999885559082,455.0
2024-10-25 12:19:00+00:00,RGTI,1.225000023841858,1.225000023841858,1.2350000143051147,1.225000023841858,1.2350000143051147,193172.0
2024-10-25 12:19:00+00:00,RIOT,10.083999633789062,10.083999633789062,10.095000267028809,10.080599784851074,10.095000267028809,16178.0
2024-10-25 12:19:00+00:00,RMBS,43.540000915527344,43.540000915527344,43.540000915527344,43.5099983215332,43.53499984741211,3972.0
2024-10-25 12:19:00+00:00,RMNI,1.725000023841858,1.725000023841858,1.725000023841858,1.725000023841858,1.725000023841858,239.0
2024-10-25 12:19:00+00:00,RPAY,7.610000133514404,7.610000133514404,7.610000133514404,7.610000133514404,7.610000133514404,158.0
2024-10-25 12:19:00+00:00,RUM,5.769999980926514,5.769999980926514,5.769999980926514,5.760300159454346,5.764999866485596,2979.0
2024-10-25 12:19:00+00:00,RUN,14.449999809265137,14.449999809265137,14.460000038146973,14.4350004196167,14.444999694824219,12723.0
2024-10-25 12:19:00+00:00,SATL,0.960099995136261,0.960099995136261,0.960099995136261,0.960099995136261,0.960099995136261,1136.0
2024-10-25 12:19:00+00:00,SATS,25.165000915527344,25.165000915527344,25.165000915527344,25.165000915527344,25.165000915527344,526.0
2024-10-25 12:19:00+00:00,SEDG,16.200000762939453,16.200000762939453,16.200000762939453,16.170000076293945,16.170000076293945,9191.0
2024-10-25 12:19:00+00:00,SHLS,5.324999809265137,5.324999809265137,5.324999809265137,5.315000057220459,5.315000057220459,2543.0
2024-10-25 12:19:00+00:00,SIMO,57.13999938964844,57.13999938964844,57.13999938964844,57.13999938964844,57.13999938964844,1465.0
2024-10-25 12:19:00+00:00,SKYT,10.737500190734863,10.737500190734863,10.737500190734863,10.737500190734863,10.737500190734863,1513.0
2024-10-25 12:19:00+00:00,SMCI,47.83000183105469,47.83000183105469,47.849998474121094,47.75,47.77989959716797,61321.0
2024-10-25 12:19:00+00:00,SMTC,45.689998626708984,45.689998626708984,45.689998626708984,45.689998626708984,45.689998626708984,203.0
2024-10-25 12:19:00+00:00,SNPS,503.4690856933594,503.4690856933594,503.4690856933594,503.17498779296875,503.17498779296875,1128.0
2024-10-25 12:19:00+00:00,SOBR,7.75,7.75,7.75,7.739999771118164,7.739999771118164,8834.0
2024-10-25 12:19:00+00:00,SOUN,5.275000095367432,5.275000095367432,5.284999847412109,5.275000095367432,5.283999919891357,64774.0
2024-10-25 12:19:00+00:00,SPNS,36.63999938964844,36.63999938964844,36.650001525878906,36.63999938964844,36.650001525878906,608.0
2024-10-25 12:19:00+00:00,SPSC,172.38499450683594,172.38499450683594,172.38499450683594,172.38499450683594,172.38499450683594,1041.0
2024-10-25 12:19:00+00:00,SPT,27.110000610351562,27.110000610351562,27.110000610351562,27.110000610351562,27.110000610351562,314.0
2024-10-25 12:19:00+00:00,SRAD,12.390000343322754,12.390000343322754,12.390000343322754,12.390000343322754,12.390000343322754,419.0
2024-10-25 12:19:00+00:00,SSNC,69.7300033569336,69.7300033569336,69.7300033569336,69.68000030517578,69.69499969482422,7354.0
2024-10-25 12:19:00+00:00,SSTI,11.479999542236328,11.479999542236328,11.479999542236328,11.479999542236328,11.479999542236328,887.0
2024-10-25 12:19:00+00:00,STER,16.739999771118164,16.739999771118164,16.739999771118164,16.739999771118164,16.739999771118164,167.0
2024-10-25 12:19:00+00:00,STNE,11.494999885559082,11.494999885559082,11.494999885559082,11.494999885559082,11.494999885559082,2725.0
2024-10-25 12:19:00+00:00,STX,103.97000122070312,103.97000122070312,104.03500366210938,103.97000122070312,104.01000213623047,1501.0
2024-10-25 12:19:00+00:00,SVRE,0.08229999989271164,0.08229999989271164,0.08229999989271164,0.08229999989271164,0.08229999989271164,1111.0
2024-10-25 12:19:00+00:00,SWKS,96.54499816894531,96.54499816894531,96.55999755859375,96.54000091552734,96.55999755859375,1419.0
2024-10-25 12:19:00+00:00,SYNA,73.63999938964844,73.63999938964844,73.63999938964844,73.63999938964844,73.63999938964844,449.0
2024-10-25 12:19:00+00:00,SYTA,1.2699999809265137,1.2699999809265137,1.2799999713897705,1.2699999809265137,1.2710000276565552,1169.0
2024-10-25 12:19:00+00:00,TEAM,190.72999572753906,190.72999572753906,190.72999572753906,190.61000061035156,190.64999389648438,644.0
2024-10-25 12:19:00+00:00,TENB,41.84000015258789,41.84000015258789,41.849998474121094,41.81999969482422,41.81999969482422,1340.0
2024-10-25 12:19:00+00:00,TER,112.81999969482422,112.81999969482422,112.87999725341797,112.81999969482422,112.87999725341797,3148.0
2024-10-25 12:19:00+00:00,TRMB,61.099998474121094,61.099998474121094,61.099998474121094,61.099998474121094,61.099998474121094,284.0
2024-10-25 12:19:00+00:00,TTD,119.55999755859375,119.55999755859375,119.63999938964844,119.55999755859375,119.63999938964844,3498.0
2024-10-25 12:19:00+00:00,TTMI,19.625,19.625,19.625,19.625,19.625,1230.0
2024-10-25 12:19:00+00:00,TWKS,4.449999809265137,4.449999809265137,4.449999809265137,4.449999809265137,4.449999809265137,990.0
2024-10-25 12:19:00+00:00,TXN,208.83999633789062,208.83999633789062,209.02999877929688,208.63999938964844,208.9600067138672,19975.0
2024-10-25 12:19:00+00:00,VECO,29.510000228881836,29.510000228881836,29.530000686645508,29.510000228881836,29.530000686645508,1817.0
2024-10-25 12:19:00+00:00,VERB,10.023699760437012,10.023699760437012,10.023699760437012,10.023699760437012,10.023699760437012,340.0
2024-10-25 12:19:00+00:00,VERX,42.18000030517578,42.18000030517578,42.189998626708984,42.18000030517578,42.189998626708984,785.0
2024-10-25 12:19:00+00:00,VIAV,9.265000343322754,9.265000343322754,9.265000343322754,9.265000343322754,9.265000343322754,472.0
2024-10-25 12:19:00+00:00,VMEO,4.769999980926514,4.769999980926514,4.769999980926514,4.769999980926514,4.769999980926514,310.0
2024-10-25 12:19:00+00:00,VNET,3.4749999046325684,3.4749999046325684,3.4749999046325684,3.4749999046325684,3.4749999046325684,450.0
2024-10-25 12:19:00+00:00,VRNS,56.88999938964844,56.88999938964844,56.88999938964844,56.88999938964844,56.88999938964844,658.0
2024-10-25 12:19:00+00:00,VRNT,22.110000610351562,22.110000610351562,22.110000610351562,22.110000610351562,22.110000610351562,453.0
2024-10-25 12:19:00+00:00,VS,2.5999999046325684,2.5999999046325684,2.5999999046325684,2.5999999046325684,2.5999999046325684,953.0
2024-10-25 12:19:00+00:00,VSAT,10.380000114440918,10.380000114440918,10.380000114440918,10.380000114440918,10.380000114440918,324.0
2024-10-25 12:19:00+00:00,VUZI,1.3202999830245972,1.3202999830245972,1.3202999830245972,1.3202999830245972,1.3202999830245972,887.0
2024-10-25 12:19:00+00:00,WDAY,239.8000030517578,239.8000030517578,239.8000030517578,239.8000030517578,239.8000030517578,4347.0
2024-10-25 12:19:00+00:00,WDC,71.38500213623047,71.38500213623047,71.63500213623047,71.37000274658203,71.625,12850.0
2024-10-25 12:19:00+00:00,XRX,10.11400032043457,10.11400032043457,10.114999771118164,10.11400032043457,10.114999771118164,2559.0
2024-10-25 12:19:00+00:00,ZBRA,362.875,362.875,362.875,362.7099914550781,362.7099914550781,568.0
2024-10-25 12:19:00+00:00,ZI,10.53499984741211,10.53499984741211,10.539999961853027,10.53499984741211,10.539999961853027,3057.0
2024-10-25 12:19:00+00:00,ZM,73.1449966430664,73.1449966430664,73.1449966430664,73.1449966430664,73.1449966430664,940.0
2024-10-25 12:19:00+00:00,ZS,186.35000610351562,186.35000610351562,186.39999389648438,186.35000610351562,186.39999389648438,2046.0
2024-10-25 12:20:00+00:00,AAOI,18.299999237060547,18.299999237060547,18.299999237060547,18.290000915527344,18.290000915527344,687.0
2024-10-25 12:20:00+00:00,AAPL,232.50990295410156,232.50990295410156,232.51499938964844,232.4199981689453,232.5,37782.0
2024-10-25 12:20:00+00:00,ACIW,48.84000015258789,48.84000015258789,48.84000015258789,48.84000015258789,48.84000015258789,408.0
2024-10-25 12:20:00+00:00,ACLS,90.61250305175781,90.61250305175781,90.61250305175781,90.61250305175781,90.61250305175781,295.0
2024-10-25 12:20:00+00:00,ACMR,19.90999984741211,19.90999984741211,19.920000076293945,19.889999389648438,19.889999389648438,1822.0
2024-10-25 12:20:00+00:00,ADBE,484.92010498046875,484.92010498046875,485.2300109863281,484.92010498046875,485.2239074707031,1630.0
2024-10-25 12:20:00+00:00,AEHR,17.079999923706055,17.079999923706055,17.09000015258789,17.075000762939453,17.075000762939453,1636.0
2024-10-25 12:20:00+00:00,AEYE,22.895000457763672,22.895000457763672,22.895000457763672,22.895000457763672,22.895000457763672,377.0
2024-10-25 12:20:00+00:00,AFRM,41.86199951171875,41.86199951171875,41.88970184326172,41.81999969482422,41.834999084472656,18685.0
2024-10-25 12:20:00+00:00,AGYS,111.58999633789062,111.58999633789062,111.58999633789062,111.58999633789062,111.58999633789062,421.0
2024-10-25 12:20:00+00:00,AKAM,102.95999908447266,102.95999908447266,103.01000213623047,102.95999908447266,103.01000213623047,2274.0
2024-10-25 12:20:00+00:00,AKTS,0.05700000002980232,0.05700000002980232,0.057100001722574234,0.05700000002980232,0.057100001722574234,70036.0
2024-10-25 12:20:00+00:00,ALGM,22.81999969482422,22.81999969482422,22.81999969482422,22.81999969482422,22.81999969482422,2375.0
2024-10-25 12:20:00+00:00,ALKT,38.12699890136719,38.12699890136719,38.12699890136719,38.12699890136719,38.12699890136719,423.0
2024-10-25 12:20:00+00:00,AMAT,188.21240234375,188.21240234375,188.22999572753906,188.0500030517578,188.0500030517578,5659.0
2024-10-25 12:20:00+00:00,AMD,157.94500732421875,157.94500732421875,157.9508056640625,157.8574981689453,157.88999938964844,19670.0
2024-10-25 12:20:00+00:00,ANSS,325.7799987792969,325.7799987792969,325.7799987792969,325.7799987792969,325.7799987792969,1274.0
2024-10-25 12:20:00+00:00,ANY,1.0606000423431396,1.0606000423431396,1.0606000423431396,1.0606000423431396,1.0606000423431396,1380.0
2024-10-25 12:20:00+00:00,APCX,0.7350999712944031,0.7350999712944031,0.7350999712944031,0.7350999712944031,0.7350999712944031,100.0
2024-10-25 12:20:00+00:00,API,2.8299999237060547,2.8299999237060547,2.8299999237060547,2.8299999237060547,2.8299999237060547,830.0
2024-10-25 12:20:00+00:00,APP,162.19000244140625,162.19000244140625,162.1999053955078,162.11000061035156,162.11000061035156,2716.0
2024-10-25 12:20:00+00:00,APPN,32.19499969482422,32.19499969482422,32.19499969482422,32.189998626708984,32.189998626708984,653.0
2024-10-25 12:20:00+00:00,APPS,3.069999933242798,3.069999933242798,3.069999933242798,3.069999933242798,3.069999933242798,259.0
2024-10-25 12:20:00+00:00,ARQQ,7.030099868774414,7.030099868774414,7.030099868774414,7.030099868774414,7.030099868774414,115.0
2024-10-25 12:20:00+00:00,ARRY,6.52400016784668,6.52400016784668,6.525000095367432,6.52400016784668,6.525000095367432,2670.0
2024-10-25 12:20:00+00:00,ASML,717.3099975585938,717.3099975585938,717.3099975585938,717.2288208007812,717.2288208007812,1648.0
2024-10-25 12:20:00+00:00,AUID,6.690000057220459,6.690000057220459,6.690000057220459,6.690000057220459,6.690000057220459,935.0
2024-10-25 12:20:00+00:00,AUR,6.434000015258789,6.434000015258789,6.435999870300293,6.434000015258789,6.434999942779541,1957.0
2024-10-25 12:20:00+00:00,AVGO,176.05999755859375,176.05999755859375,176.05999755859375,175.94000244140625,176.0,9526.0
2024-10-25 12:20:00+00:00,AVNW,21.0,21.0,21.0,21.0,21.0,658.0
2024-10-25 12:20:00+00:00,AVPT,12.0,12.0,12.0,12.0,12.0,224.0
2024-10-25 12:20:00+00:00,AVT,54.1349983215332,54.1349983215332,54.150001525878906,54.119998931884766,54.150001525878906,6960.0
2024-10-25 12:20:00+00:00,BL,56.52000045776367,56.52000045776367,56.52000045776367,56.52000045776367,56.52000045776367,357.0
2024-10-25 12:20:00+00:00,BMBL,7.25,7.25,7.255000114440918,7.25,7.255000114440918,1713.0
2024-10-25 12:20:00+00:00,BRZE,30.7450008392334,30.7450008392334,30.7450008392334,30.7450008392334,30.7450008392334,343.0
2024-10-25 12:20:00+00:00,CDNS,259.1600036621094,259.1600036621094,259.1600036621094,259.06500244140625,259.06500244140625,2389.0
2024-10-25 12:20:00+00:00,CETX,0.2971000075340271,0.2971000075340271,0.2976999878883362,0.2971000075340271,0.2976999878883362,0.0
2024-10-25 12:20:00+00:00,CFLT,22.645000457763672,22.645000457763672,22.645000457763672,22.639999389648438,22.639999389648438,1155.0
2024-10-25 12:20:00+00:00,CGNX,39.02000045776367,39.02000045776367,39.040000915527344,39.02000045776367,39.040000915527344,1173.0
2024-10-25 12:20:00+00:00,CHKP,207.32000732421875,207.32000732421875,207.65350341796875,207.32000732421875,207.65350341796875,2645.0
2024-10-25 12:20:00+00:00,CLBT,18.139999389648438,18.139999389648438,18.139999389648438,18.1299991607666,18.1299991607666,446.0
2024-10-25 12:20:00+00:00,CLSK,11.944999694824219,11.944999694824219,11.969900131225586,11.9399995803833,11.96500015258789,64950.0
2024-10-25 12:20:00+00:00,CNXC,45.130001068115234,45.130001068115234,45.130001068115234,45.10499954223633,45.10499954223633,2217.0
2024-10-25 12:20:00+00:00,COHR,95.26499938964844,95.26499938964844,95.26499938964844,95.22000122070312,95.25,629.0
2024-10-25 12:20:00+00:00,COHU,26.30500030517578,26.30500030517578,26.30500030517578,26.30500030517578,26.30500030517578,2321.0
2024-10-25 12:20:00+00:00,COIN,209.8000030517578,209.8000030517578,209.8800048828125,209.6300048828125,209.64019775390625,12773.0
2024-10-25 12:20:00+00:00,COMM,6.319900035858154,6.319900035858154,6.319900035858154,6.315000057220459,6.315000057220459,1157.0
2024-10-25 12:20:00+00:00,CORZ,13.369999885559082,13.369999885559082,13.390000343322754,13.369999885559082,13.390000343322754,8403.0
2024-10-25 12:20:00+00:00,CRDO,39.7400016784668,39.7400016784668,39.77000045776367,39.72999954223633,39.77000045776367,1155.0
2024-10-25 12:20:00+00:00,CRNC,2.8450000286102295,2.8450000286102295,2.8450000286102295,2.8450000286102295,2.8450000286102295,203.0
2024-10-25 12:20:00+00:00,CRSR,6.434999942779541,6.434999942779541,6.434999942779541,6.430099964141846,6.430099964141846,777.0
2024-10-25 12:20:00+00:00,CRUS,123.70500183105469,123.70500183105469,123.70500183105469,123.70500183105469,123.70500183105469,1093.0
2024-10-25 12:20:00+00:00,CRWD,309.6000061035156,309.6000061035156,309.6632080078125,309.6000061035156,309.6000061035156,3421.0
2024-10-25 12:20:00+00:00,CSCO,55.95500183105469,55.95500183105469,55.95500183105469,55.939998626708984,55.94499969482422,4817.0
2024-10-25 12:20:00+00:00,CSIQ,13.8100004196167,13.8100004196167,13.8100004196167,13.766500473022461,13.770000457763672,67572.0
2024-10-25 12:20:00+00:00,CTLP,8.9350004196167,8.9350004196167,8.9350004196167,8.9350004196167,8.9350004196167,200.0
2024-10-25 12:20:00+00:00,CTSH,74.94999694824219,74.94999694824219,74.95999908447266,74.93000030517578,74.95999908447266,3109.0
2024-10-25 12:20:00+00:00,CVLT,134.3280029296875,134.3280029296875,134.3280029296875,134.3280029296875,134.3280029296875,449.0
2024-10-25 12:20:00+00:00,DATS,1.6399999856948853,1.6399999856948853,1.6399999856948853,1.6399999856948853,1.6399999856948853,24.0
2024-10-25 12:20:00+00:00,DDOG,127.44999694824219,127.44999694824219,127.5,127.41000366210938,127.43499755859375,2796.0
2024-10-25 12:20:00+00:00,DIOD,66.45500183105469,66.45500183105469,66.45500183105469,66.45500183105469,66.45500183105469,331.0
2024-10-25 12:20:00+00:00,DLO,8.8149995803833,8.8149995803833,8.8149995803833,8.8149995803833,8.8149995803833,623.0
2024-10-25 12:20:00+00:00,DMRC,31.8700008392334,31.8700008392334,31.8700008392334,31.760000228881836,31.760000228881836,1132.0
2024-10-25 12:20:00+00:00,DOCU,69.8949966430664,69.8949966430664,69.94999694824219,69.86000061035156,69.86000061035156,14988.0
2024-10-25 12:20:00+00:00,DSGX,104.33999633789062,104.33999633789062,104.3499984741211,104.30000305175781,104.3499984741211,1689.0
2024-10-25 12:20:00+00:00,DTSS,2.450000047683716,2.450000047683716,2.450000047683716,2.450000047683716,2.450000047683716,101.0
2024-10-25 12:20:00+00:00,ENPH,83.56999969482422,83.56999969482422,83.56999969482422,83.56999969482422,83.56999969482422,295.0
2024-10-25 12:20:00+00:00,ENTG,105.75,105.75,105.75,105.66500091552734,105.66500091552734,803.0
2024-10-25 12:20:00+00:00,EVCM,10.640000343322754,10.640000343322754,10.640000343322754,10.640000343322754,10.640000343322754,1297.0
2024-10-25 12:20:00+00:00,EXTR,14.494999885559082,14.494999885559082,14.5,14.494999885559082,14.494999885559082,500.0
2024-10-25 12:20:00+00:00,FIVN,30.079999923706055,30.079999923706055,30.1200008392334,30.06999969482422,30.1200008392334,2830.0
2024-10-25 12:20:00+00:00,FLEX,35.32500076293945,35.32500076293945,35.334999084472656,35.31999969482422,35.31999969482422,5188.0
2024-10-25 12:20:00+00:00,FROG,29.450000762939453,29.450000762939453,29.450000762939453,29.450000762939453,29.450000762939453,205.0
2024-10-25 12:20:00+00:00,FRSH,11.6850004196167,11.6850004196167,11.6850004196167,11.6850004196167,11.6850004196167,1370.0
2024-10-25 12:20:00+00:00,FSLR,199.55499267578125,199.55499267578125,199.55499267578125,199.55499267578125,199.55499267578125,1399.0
2024-10-25 12:20:00+00:00,FTCI,0.6633999943733215,0.6633999943733215,0.6633999943733215,0.6633999943733215,0.6633999943733215,5300.0
2024-10-25 12:20:00+00:00,FTNT,81.39990234375,81.39990234375,81.41000366210938,81.38999938964844,81.41000366210938,3562.0
2024-10-25 12:20:00+00:00,GCT,24.875,24.875,24.875,24.875,24.875,285.0
2024-10-25 12:20:00+00:00,GDS,21.59000015258789,21.59000015258789,21.59000015258789,21.59000015258789,21.59000015258789,477.0
2024-10-25 12:20:00+00:00,GDYN,15.580300331115723,15.580300331115723,15.580300331115723,15.580300331115723,15.580300331115723,399.0
2024-10-25 12:20:00+00:00,GFS,41.529998779296875,41.529998779296875,41.529998779296875,41.5,41.52000045776367,1929.0
2024-10-25 12:20:00+00:00,GILT,4.960000038146973,4.960000038146973,4.960000038146973,4.960000038146973,4.960000038146973,201.0
2024-10-25 12:20:00+00:00,GPRO,1.3350000381469727,1.3350000381469727,1.3350000381469727,1.3350000381469727,1.3350000381469727,1706.0
2024-10-25 12:20:00+00:00,GRAB,4.085000038146973,4.085000038146973,4.085000038146973,4.085000038146973,4.085000038146973,1135.0
2024-10-25 12:20:00+00:00,GTLB,55.67470169067383,55.67470169067383,55.675201416015625,55.67470169067383,55.675201416015625,600.0
2024-10-25 12:20:00+00:00,HCP,33.70000076293945,33.70000076293945,33.70000076293945,33.69499969482422,33.70000076293945,358.0
2024-10-25 12:20:00+00:00,HEAR,16.65999984741211,16.65999984741211,16.65999984741211,16.65999984741211,16.65999984741211,485.0
2024-10-25 12:20:00+00:00,HOLO,3.6449999809265137,3.6449999809265137,3.6565001010894775,3.640000104904175,3.6501998901367188,6539.0
2024-10-25 12:20:00+00:00,HOOD,27.270000457763672,27.270000457763672,27.290000915527344,27.270000457763672,27.280000686645508,9060.0
2024-10-25 12:20:00+00:00,ICHR,27.825000762939453,27.825000762939453,27.825000762939453,27.825000762939453,27.825000762939453,540.0
2024-10-25 12:20:00+00:00,INDI,3.5799999237060547,3.5799999237060547,3.5799999237060547,3.575000047683716,3.575000047683716,1368.0
2024-10-25 12:20:00+00:00,INOD,19.984800338745117,19.984800338745117,19.984800338745117,19.984800338745117,19.984800338745117,122.0
2024-10-25 12:20:00+00:00,INTC,23.155000686645508,23.155000686645508,23.155000686645508,23.131799697875977,23.14620018005371,73789.0
2024-10-25 12:20:00+00:00,INTU,610.5999755859375,610.5999755859375,610.5999755859375,610.5999755859375,610.5999755859375,700.0
2024-10-25 12:20:00+00:00,IPGP,76.95999908447266,76.95999908447266,76.95999908447266,76.91000366210938,76.91000366210938,745.0
2024-10-25 12:20:00+00:00,ITRI,103.0199966430664,103.0199966430664,103.0199966430664,103.0199966430664,103.0199966430664,899.0
2024-10-25 12:20:00+00:00,JKHY,183.98500061035156,183.98500061035156,183.98500061035156,183.98500061035156,183.98500061035156,1308.0
2024-10-25 12:20:00+00:00,KLAC,680.8200073242188,680.8200073242188,680.8200073242188,680.8200073242188,680.8200073242188,1223.0
2024-10-25 12:20:00+00:00,LINK,5.045000076293945,5.045000076293945,5.050000190734863,4.929999828338623,4.929999828338623,14319.0
2024-10-25 12:20:00+00:00,LITE,64.38999938964844,64.38999938964844,64.43830108642578,64.38999938964844,64.43830108642578,18457.0
2024-10-25 12:20:00+00:00,LOGI,81.16400146484375,81.16400146484375,81.16400146484375,81.16400146484375,81.16400146484375,659.0
2024-10-25 12:20:00+00:00,LRCX,79.08499908447266,79.08499908447266,79.09010314941406,79.01000213623047,79.04000091552734,11900.0
2024-10-25 12:20:00+00:00,LSCC,54.41999816894531,54.41999816894531,54.41999816894531,54.41999816894531,54.41999816894531,326.0
2024-10-25 12:20:00+00:00,LTRX,4.03000020980835,4.03000020980835,4.03000020980835,4.03000020980835,4.03000020980835,1018.0
2024-10-25 12:20:00+00:00,LUNA,1.8586000204086304,1.8586000204086304,1.8586000204086304,1.8586000204086304,1.8586000204086304,200.0
2024-10-25 12:20:00+00:00,LYFT,13.8149995803833,13.8149995803833,13.819999694824219,13.8149995803833,13.819999694824219,1110.0
2024-10-25 12:20:00+00:00,MANH,275.6700134277344,275.6700134277344,275.6700134277344,275.5299987792969,275.5299987792969,1072.0
2024-10-25 12:20:00+00:00,MAXN,5.760000228881836,5.760000228881836,5.760000228881836,5.760000228881836,5.760000228881836,507.0
2024-10-25 12:20:00+00:00,MCHP,77.04199981689453,77.04199981689453,77.05000305175781,77.0199966430664,77.04000091552734,3477.0
2024-10-25 12:20:00+00:00,MDB,266.7699890136719,266.7699890136719,267.0484924316406,266.7699890136719,266.91351318359375,1796.0
2024-10-25 12:20:00+00:00,MPWR,920.3250122070312,920.3250122070312,920.3250122070312,920.3250122070312,920.3250122070312,856.0
2024-10-25 12:20:00+00:00,MQ,5.295000076293945,5.295000076293945,5.295000076293945,5.295000076293945,5.295000076293945,1430.0
2024-10-25 12:20:00+00:00,MRVL,82.62000274658203,82.62000274658203,82.6500015258789,82.5999984741211,82.61499786376953,10092.0
2024-10-25 12:20:00+00:00,MSFT,430.1099853515625,430.1099853515625,430.1099853515625,429.94000244140625,429.9849853515625,10176.0
2024-10-25 12:20:00+00:00,MSTR,239.39999389648438,239.39999389648438,239.95989990234375,239.0,239.60000610351562,17652.0
2024-10-25 12:20:00+00:00,MTC,0.3693999946117401,0.3693999946117401,0.3693999946117401,0.3693000078201294,0.3693000078201294,5000.0
2024-10-25 12:20:00+00:00,MTEKW,0.13510000705718994,0.13510000705718994,0.13510000705718994,0.13510000705718994,0.13510000705718994,0.0
2024-10-25 12:20:00+00:00,MTLS,5.989999771118164,5.989999771118164,5.989999771118164,5.989999771118164,5.989999771118164,322.0
2024-10-25 12:20:00+00:00,MTTR,4.652299880981445,4.652299880981445,4.652299880981445,4.652299880981445,4.652299880981445,1889.0
2024-10-25 12:20:00+00:00,MU,109.05999755859375,109.05999755859375,109.05999755859375,109.0,109.04010009765625,18999.0
2024-10-25 12:20:00+00:00,MVIS,1.090000033378601,1.090000033378601,1.090000033378601,1.090000033378601,1.090000033378601,5002.0
2024-10-25 12:20:00+00:00,MXL,15.079999923706055,15.079999923706055,15.109999656677246,15.079999923706055,15.100000381469727,6185.0
2024-10-25 12:20:00+00:00,MYSZ,1.6301000118255615,1.6301000118255615,1.6301000118255615,1.6200000047683716,1.6301000118255615,2387.0
2024-10-25 12:20:00+00:00,NNDM,2.3420000076293945,2.3420000076293945,2.3450000286102295,2.3420000076293945,2.3450000286102295,2200.0
2024-10-25 12:20:00+00:00,NTAP,120.42500305175781,120.42500305175781,120.43000030517578,120.42500305175781,120.43000030517578,558.0
2024-10-25 12:20:00+00:00,NTCT,20.639999389648438,20.639999389648438,20.700000762939453,20.639999389648438,20.700000762939453,4539.0
2024-10-25 12:20:00+00:00,NVDA,143.42999267578125,143.42999267578125,143.46499633789062,143.30999755859375,143.36500549316406,260365.0
2024-10-25 12:20:00+00:00,NVEI,33.52000045776367,33.52000045776367,33.52000045776367,33.52000045776367,33.52000045776367,506.0
2024-10-25 12:20:00+00:00,NVMI,184.75,184.75,184.75,184.75,184.75,442.0
2024-10-25 12:20:00+00:00,NVTS,2.6050000190734863,2.6050000190734863,2.6050000190734863,2.604099988937378,2.604099988937378,3391.0
2024-10-25 12:20:00+00:00,NXPI,245.25999450683594,245.25999450683594,245.25999450683594,245.2550048828125,245.2550048828125,413.0
2024-10-25 12:20:00+00:00,OKTA,72.46499633789062,72.46499633789062,72.47000122070312,72.45179748535156,72.47000122070312,1196.0
2024-10-25 12:20:00+00:00,ON,71.94499969482422,71.94499969482422,71.94999694824219,71.92500305175781,71.94499969482422,6749.0
2024-10-25 12:20:00+00:00,OSPN,14.625,14.625,14.625,14.625,14.625,267.0
2024-10-25 12:20:00+00:00,OTEX,33.380001068115234,33.380001068115234,33.380001068115234,33.369998931884766,33.380001068115234,1977.0
2024-10-25 12:20:00+00:00,PANW,369.5150146484375,369.5150146484375,369.57501220703125,369.3900146484375,369.57501220703125,1109.0
2024-10-25 12:20:00+00:00,PAYO,8.3149995803833,8.3149995803833,8.3149995803833,8.3149995803833,8.3149995803833,2495.0
2024-10-25 12:20:00+00:00,PEGA,80.1050033569336,80.1050033569336,80.1050033569336,80.04869842529297,80.04869842529297,984.0
2024-10-25 12:20:00+00:00,PGY,11.890000343322754,11.890000343322754,11.890000343322754,11.890000343322754,11.890000343322754,542.0
2024-10-25 12:20:00+00:00,PHUN,10.349900245666504,10.349900245666504,10.35990047454834,10.34000015258789,10.345000267028809,35884.0
2024-10-25 12:20:00+00:00,PI,203.47500610351562,203.47500610351562,203.5800018310547,203.2449951171875,203.2449951171875,1305.0
2024-10-25 12:20:00+00:00,PLAB,23.700000762939453,23.700000762939453,23.704999923706055,23.700000762939453,23.704999923706055,467.0
2024-10-25 12:20:00+00:00,PLXS,143.09500122070312,143.09500122070312,143.09500122070312,143.09500122070312,143.09500122070312,528.0
2024-10-25 12:20:00+00:00,POWI,64.27999877929688,64.27999877929688,64.29000091552734,64.27999877929688,64.29000091552734,786.0
2024-10-25 12:20:00+00:00,PYCR,14.325599670410156,14.325599670410156,14.325599670410156,14.319999694824219,14.324999809265137,4232.0
2024-10-25 12:20:00+00:00,QCOM,172.72579956054688,172.72579956054688,172.72579956054688,172.63999938964844,172.63999938964844,2059.0
2024-10-25 12:20:00+00:00,QLYS,120.46499633789062,120.46499633789062,120.46499633789062,120.46499633789062,120.46499633789062,746.0
2024-10-25 12:20:00+00:00,QRVO,100.26119995117188,100.26119995117188,100.26499938964844,100.25,100.26499938964844,1920.0
2024-10-25 12:20:00+00:00,QUBT,1.065000057220459,1.065000057220459,1.065000057220459,1.0600999593734741,1.0600999593734741,410.0
2024-10-25 12:20:00+00:00,RCAT,2.755000114440918,2.755000114440918,2.755000114440918,2.755000114440918,2.755000114440918,0.0
2024-10-25 12:20:00+00:00,REKR,1.100000023841858,1.100000023841858,1.100000023841858,1.100000023841858,1.100000023841858,112.0
2024-10-25 12:20:00+00:00,RELY,14.75,14.75,14.75,14.744999885559082,14.744999885559082,654.0
2024-10-25 12:20:00+00:00,RGTI,1.2196999788284302,1.2196999788284302,1.2200000286102295,1.2100000381469727,1.2200000286102295,16290.0
2024-10-25 12:20:00+00:00,RIOT,10.074999809265137,10.074999809265137,10.09000015258789,10.069999694824219,10.079999923706055,17238.0
2024-10-25 12:20:00+00:00,RMBS,43.54499816894531,43.54499816894531,43.54999923706055,43.540000915527344,43.540000915527344,1430.0
2024-10-25 12:20:00+00:00,RMNI,1.725000023841858,1.725000023841858,1.725000023841858,1.725000023841858,1.725000023841858,119.0
2024-10-25 12:20:00+00:00,RPAY,7.599999904632568,7.599999904632568,7.599999904632568,7.599999904632568,7.599999904632568,375.0
2024-10-25 12:20:00+00:00,RUM,5.769999980926514,5.769999980926514,5.769999980926514,5.763999938964844,5.763999938964844,888.0
2024-10-25 12:20:00+00:00,RUN,14.430100440979004,14.430100440979004,14.449999809265137,14.430100440979004,14.444999694824219,12353.0
2024-10-25 12:20:00+00:00,SANM,67.71499633789062,67.71499633789062,67.71499633789062,67.71499633789062,67.71499633789062,633.0
2024-10-25 12:20:00+00:00,SATS,25.110000610351562,25.110000610351562,25.15999984741211,25.110000610351562,25.15999984741211,3725.0
2024-10-25 12:20:00+00:00,SCWX,8.380000114440918,8.380000114440918,8.380000114440918,8.375,8.375,800.0
2024-10-25 12:20:00+00:00,SEDG,16.19499969482422,16.19499969482422,16.200000762939453,16.18000030517578,16.190000534057617,3484.0
2024-10-25 12:20:00+00:00,SHLS,5.326000213623047,5.326000213623047,5.326000213623047,5.320000171661377,5.320199966430664,1683.0
2024-10-25 12:20:00+00:00,SMCI,47.83000183105469,47.83000183105469,47.849998474121094,47.779998779296875,47.84000015258789,32977.0
2024-10-25 12:20:00+00:00,SMSI,0.8137999773025513,0.8137999773025513,0.8137999773025513,0.8137999773025513,0.8137999773025513,3740.0
2024-10-25 12:20:00+00:00,SMTC,45.73500061035156,45.73500061035156,45.7400016784668,45.73500061035156,45.7400016784668,945.0
2024-10-25 12:20:00+00:00,SNPS,503.20001220703125,503.20001220703125,503.20001220703125,503.20001220703125,503.20001220703125,214.0
2024-10-25 12:20:00+00:00,SONO,12.824999809265137,12.824999809265137,12.824999809265137,12.824999809265137,12.824999809265137,1028.0
2024-10-25 12:20:00+00:00,SOUN,5.279799938201904,5.279799938201904,5.279900074005127,5.275000095367432,5.275000095367432,8590.0
2024-10-25 12:20:00+00:00,SPT,27.094999313354492,27.094999313354492,27.139999389648438,27.094999313354492,27.1299991607666,4651.0
2024-10-25 12:20:00+00:00,SRAD,12.390000343322754,12.390000343322754,12.390000343322754,12.390000343322754,12.390000343322754,1013.0
2024-10-25 12:20:00+00:00,SSNC,69.76000213623047,69.76000213623047,69.76000213623047,69.73999786376953,69.73999786376953,4278.0
2024-10-25 12:20:00+00:00,STNE,11.494999885559082,11.494999885559082,11.5,11.494999885559082,11.5,1057.0
2024-10-25 12:20:00+00:00,STX,103.94000244140625,103.94000244140625,103.9999008178711,103.91000366210938,103.96499633789062,2877.0
2024-10-25 12:20:00+00:00,SWKS,96.55500030517578,96.55500030517578,96.55500030517578,96.55500030517578,96.55500030517578,474.0
2024-10-25 12:20:00+00:00,SYTA,1.274999976158142,1.274999976158142,1.274999976158142,1.274999976158142,1.274999976158142,259.0
2024-10-25 12:20:00+00:00,TEAM,190.78500366210938,190.78500366210938,190.82000732421875,190.6199951171875,190.6699981689453,3150.0
2024-10-25 12:20:00+00:00,TENB,41.7400016784668,41.7400016784668,41.81999969482422,41.7400016784668,41.81999969482422,3016.0
2024-10-25 12:20:00+00:00,TER,112.77999877929688,112.77999877929688,112.81999969482422,112.76000213623047,112.77999877929688,6343.0
2024-10-25 12:20:00+00:00,TRMB,61.084999084472656,61.084999084472656,61.084999084472656,61.084999084472656,61.084999084472656,199.0
2024-10-25 12:20:00+00:00,TSEM,45.0,45.0,45.0,45.0,45.0,873.0
2024-10-25 12:20:00+00:00,TTD,119.65499877929688,119.65499877929688,119.65499877929688,119.56800079345703,119.56800079345703,3910.0
2024-10-25 12:20:00+00:00,TWKS,4.449999809265137,4.449999809265137,4.449999809265137,4.449999809265137,4.449999809265137,201.0
2024-10-25 12:20:00+00:00,TXN,208.85499572753906,208.85499572753906,208.8957977294922,208.75489807128906,208.75489807128906,3820.0
2024-10-25 12:20:00+00:00,UCTT,36.08000183105469,36.08000183105469,36.08000183105469,36.08000183105469,36.08000183105469,174.0
2024-10-25 12:20:00+00:00,USIO,1.399999976158142,1.399999976158142,1.399999976158142,1.399999976158142,1.399999976158142,2000.0
2024-10-25 12:20:00+00:00,VERI,3.4298999309539795,3.4298999309539795,3.4298999309539795,3.4298999309539795,3.4298999309539795,2245.0
2024-10-25 12:20:00+00:00,VIAV,9.264100074768066,9.264100074768066,9.264100074768066,9.264100074768066,9.264100074768066,437.0
2024-10-25 12:20:00+00:00,VMEO,4.769999980926514,4.769999980926514,4.769999980926514,4.769999980926514,4.769999980926514,442.0
2024-10-25 12:20:00+00:00,VOXX,7.670000076293945,7.670000076293945,7.670000076293945,7.670000076293945,7.670000076293945,321.0
2024-10-25 12:20:00+00:00,VRNS,56.869998931884766,56.869998931884766,56.900001525878906,56.86000061035156,56.900001525878906,1642.0
2024-10-25 12:20:00+00:00,VRNT,22.110000610351562,22.110000610351562,22.1200008392334,22.104999542236328,22.110000610351562,1784.0
2024-10-25 12:20:00+00:00,VSAT,10.390000343322754,10.390000343322754,10.390000343322754,10.385000228881836,10.390000343322754,2544.0
2024-10-25 12:20:00+00:00,VUZI,1.309999942779541,1.309999942779541,1.3250000476837158,1.309999942779541,1.3250000476837158,17281.0
2024-10-25 12:20:00+00:00,VVPR,0.7997000217437744,0.7997000217437744,0.7997000217437744,0.7997000217437744,0.7997000217437744,105.0
2024-10-25 12:20:00+00:00,WDC,71.33499908447266,71.33499908447266,71.38999938964844,71.33000183105469,71.38500213623047,8167.0
2024-10-25 12:20:00+00:00,XRX,10.109999656677246,10.109999656677246,10.114999771118164,10.109999656677246,10.114999771118164,657.0
2024-10-25 12:20:00+00:00,ZBRA,362.875,362.875,362.875,362.875,362.875,135.0
2024-10-25 12:20:00+00:00,ZI,10.53499984741211,10.53499984741211,10.545000076293945,10.53499984741211,10.53499984741211,10264.0
2024-10-25 12:20:00+00:00,ZM,73.15799713134766,73.15799713134766,73.16000366210938,73.1500015258789,73.1500015258789,725.0
2024-10-25 12:20:00+00:00,ZS,186.36199951171875,186.36199951171875,186.36199951171875,186.36199951171875,186.36199951171875,255.0
2024-10-25 12:21:00+00:00,AAOI,18.360000610351562,18.360000610351562,18.3700008392334,18.290000915527344,18.290000915527344,10818.0
2024-10-25 12:21:00+00:00,AAPL,232.5500030517578,232.5500030517578,232.57000732421875,232.47999572753906,232.5,35360.0
2024-10-25 12:21:00+00:00,ACLS,90.62999725341797,90.62999725341797,90.63999938964844,90.5999984741211,90.61000061035156,1045.0
2024-10-25 12:21:00+00:00,ACMR,19.940000534057617,19.940000534057617,19.940000534057617,19.920000076293945,19.920000076293945,1567.0
2024-10-25 12:21:00+00:00,ADBE,485.1734924316406,485.1734924316406,485.489990234375,485.1734924316406,485.2749938964844,964.0
2024-10-25 12:21:00+00:00,ADI,233.68499755859375,233.68499755859375,233.74000549316406,233.68499755859375,233.74000549316406,1069.0
2024-10-25 12:21:00+00:00,AEHR,17.09000015258789,17.09000015258789,17.09000015258789,17.084999084472656,17.084999084472656,1792.0
2024-10-25 12:21:00+00:00,AFRM,41.85499954223633,41.85499954223633,41.873600006103516,41.84000015258789,41.849998474121094,2980.0
2024-10-25 12:21:00+00:00,AIP,6.949999809265137,6.949999809265137,6.949999809265137,6.949999809265137,6.949999809265137,140.0
2024-10-25 12:21:00+00:00,AKAM,103.04000091552734,103.04000091552734,103.04000091552734,102.95999908447266,102.95999908447266,1645.0
2024-10-25 12:21:00+00:00,AKTS,0.057100001722574234,0.057100001722574234,0.057100001722574234,0.057100001722574234,0.057100001722574234,800.0
2024-10-25 12:21:00+00:00,ALGM,22.844999313354492,22.844999313354492,22.844999313354492,22.834999084472656,22.834999084472656,1655.0
2024-10-25 12:21:00+00:00,ALLT,3.440000057220459,3.440000057220459,3.440000057220459,3.440000057220459,3.440000057220459,246.0
2024-10-25 12:21:00+00:00,ALRM,54.65999984741211,54.65999984741211,54.65999984741211,54.65999984741211,54.65999984741211,537.0
2024-10-25 12:21:00+00:00,AMAT,188.31809997558594,188.31809997558594,188.31809997558594,188.27000427246094,188.27000427246094,1739.0
2024-10-25 12:21:00+00:00,AMD,157.9499969482422,157.9499969482422,157.9600067138672,157.90660095214844,157.92999267578125,33747.0
2024-10-25 12:21:00+00:00,AMKR,30.05500030517578,30.05500030517578,30.05500030517578,30.05500030517578,30.05500030517578,973.0
2024-10-25 12:21:00+00:00,API,2.825000047683716,2.825000047683716,2.825000047683716,2.825000047683716,2.825000047683716,220.0
2024-10-25 12:21:00+00:00,APP,162.13499450683594,162.13499450683594,162.17950439453125,162.08999633789062,162.13499450683594,3935.0
2024-10-25 12:21:00+00:00,APPF,215.32000732421875,215.32000732421875,215.52999877929688,215.3000030517578,215.3000030517578,831.0
2024-10-25 12:21:00+00:00,APPS,3.069999933242798,3.069999933242798,3.069999933242798,3.069999933242798,3.069999933242798,200.0
2024-10-25 12:21:00+00:00,ARRY,6.545000076293945,6.545000076293945,6.549799919128418,6.525000095367432,6.526000022888184,38586.0
2024-10-25 12:21:00+00:00,ASML,717.8499755859375,717.8499755859375,717.8499755859375,717.2442016601562,717.2442016601562,2448.0
2024-10-25 12:21:00+00:00,AUR,6.434999942779541,6.434999942779541,6.434999942779541,6.434999942779541,6.434999942779541,483.0
2024-10-25 12:21:00+00:00,AVDX,8.149999618530273,8.149999618530273,8.149999618530273,8.149999618530273,8.149999618530273,287.0
2024-10-25 12:21:00+00:00,AVGO,176.085205078125,176.085205078125,176.11000061035156,176.0,176.0699005126953,11778.0
2024-10-25 12:21:00+00:00,AVPT,12.010000228881836,12.010000228881836,12.010000228881836,12.010000228881836,12.010000228881836,1211.0
2024-10-25 12:21:00+00:00,AVT,54.1349983215332,54.1349983215332,54.14649963378906,54.1349983215332,54.1349983215332,1334.0
2024-10-25 12:21:00+00:00,BASE,16.450000762939453,16.450000762939453,16.450000762939453,16.43000030517578,16.43000030517578,1375.0
2024-10-25 12:21:00+00:00,BIGC,5.315000057220459,5.315000057220459,5.315000057220459,5.309999942779541,5.31279993057251,2008.0
2024-10-25 12:21:00+00:00,BMBL,7.255000114440918,7.255000114440918,7.255000114440918,7.255000114440918,7.255000114440918,959.0
2024-10-25 12:21:00+00:00,BRZE,30.7450008392334,30.7450008392334,30.7450008392334,30.7450008392334,30.7450008392334,217.0
2024-10-25 12:21:00+00:00,BSY,49.15999984741211,49.15999984741211,49.15999984741211,49.15999984741211,49.15999984741211,801.0
2024-10-25 12:21:00+00:00,CAMT,78.55500030517578,78.55500030517578,78.55500030517578,78.55500030517578,78.55500030517578,531.0
2024-10-25 12:21:00+00:00,CCSI,20.674999237060547,20.674999237060547,20.715999603271484,20.670000076293945,20.699100494384766,2099.0
2024-10-25 12:21:00+00:00,CDNS,259.17669677734375,259.17669677734375,259.17999267578125,259.0950012207031,259.0950012207031,1690.0
2024-10-25 12:21:00+00:00,CDW,219.49000549316406,219.49000549316406,219.49000549316406,219.4199981689453,219.44000244140625,1912.0
2024-10-25 12:21:00+00:00,CETX,0.29789999127388,0.29789999127388,0.29789999127388,0.29750001430511475,0.29750001430511475,2855.0
2024-10-25 12:21:00+00:00,CFLT,22.639999389648438,22.639999389648438,22.639999389648438,22.635000228881836,22.635000228881836,1737.0
2024-10-25 12:21:00+00:00,CGNX,39.029998779296875,39.029998779296875,39.040000915527344,39.025001525878906,39.025001525878906,1527.0
2024-10-25 12:21:00+00:00,CLBT,18.1299991607666,18.1299991607666,18.1299991607666,18.1299991607666,18.1299991607666,117.0
2024-10-25 12:21:00+00:00,CLSK,11.930000305175781,11.930000305175781,11.954999923706055,11.920000076293945,11.944999694824219,36098.0
2024-10-25 12:21:00+00:00,CMTL,3.7300000190734863,3.7300000190734863,3.7300000190734863,3.7300000190734863,3.7300000190734863,541.0
2024-10-25 12:21:00+00:00,CNDT,3.6549999713897705,3.6549999713897705,3.6589999198913574,3.6549999713897705,3.6589999198913574,831.0
2024-10-25 12:21:00+00:00,CNXC,45.09000015258789,45.09000015258789,45.11000061035156,45.09000015258789,45.11000061035156,1367.0
2024-10-25 12:21:00+00:00,COHR,95.29550170898438,95.29550170898438,95.29550170898438,95.29550170898438,95.29550170898438,937.0
2024-10-25 12:21:00+00:00,COIN,209.64599609375,209.64599609375,209.82989501953125,209.44000244140625,209.71499633789062,12462.0
2024-10-25 12:21:00+00:00,COMM,6.315000057220459,6.315000057220459,6.315000057220459,6.315000057220459,6.315000057220459,467.0
2024-10-25 12:21:00+00:00,CORZ,13.375,13.375,13.375,13.364999771118164,13.375,2048.0
2024-10-25 12:21:00+00:00,CRDO,39.78499984741211,39.78499984741211,39.78499984741211,39.77000045776367,39.77000045776367,1110.0
2024-10-25 12:21:00+00:00,CRNC,2.8447999954223633,2.8447999954223633,2.8450000286102295,2.8399999141693115,2.8450000286102295,2288.0
2024-10-25 12:21:00+00:00,CRNT,2.4600000381469727,2.4600000381469727,2.4600000381469727,2.4600000381469727,2.4600000381469727,2129.0
2024-10-25 12:21:00+00:00,CRWD,309.7149963378906,309.7149963378906,309.8999938964844,309.7149963378906,309.80999755859375,1916.0
2024-10-25 12:21:00+00:00,CSCO,55.98500061035156,55.98500061035156,55.98500061035156,55.95009994506836,55.95009994506836,11300.0
2024-10-25 12:21:00+00:00,CSIQ,13.819999694824219,13.819999694824219,13.84000015258789,13.8100004196167,13.8100004196167,6925.0
2024-10-25 12:21:00+00:00,CTLP,8.9399995803833,8.9399995803833,8.9399995803833,8.9399995803833,8.9399995803833,335.0
2024-10-25 12:21:00+00:00,CTSH,74.94999694824219,74.94999694824219,74.94999694824219,74.94499969482422,74.94999694824219,2232.0
2024-10-25 12:21:00+00:00,DATS,1.7000000476837158,1.7000000476837158,1.7000000476837158,1.7000000476837158,1.7000000476837158,9488.0
2024-10-25 12:21:00+00:00,DAVE,39.5,39.5,39.5,39.5,39.5,392.0
2024-10-25 12:21:00+00:00,DBX,26.045000076293945,26.045000076293945,26.045000076293945,26.034000396728516,26.034000396728516,5370.0
2024-10-25 12:21:00+00:00,DDOG,127.46499633789062,127.46499633789062,127.47000122070312,127.46499633789062,127.47000122070312,901.0
2024-10-25 12:21:00+00:00,DIOD,66.45500183105469,66.45500183105469,66.45500183105469,66.45500183105469,66.45500183105469,518.0
2024-10-25 12:21:00+00:00,DOCU,69.88500213623047,69.88500213623047,69.93000030517578,69.88500213623047,69.91999816894531,4035.0
2024-10-25 12:21:00+00:00,DOMO,8.061800003051758,8.061800003051758,8.069999694824219,8.061800003051758,8.069999694824219,1470.0
2024-10-25 12:21:00+00:00,EEFT,100.33000183105469,100.33000183105469,100.33000183105469,100.33000183105469,100.33000183105469,145.0
2024-10-25 12:21:00+00:00,EGAN,4.78000020980835,4.78000020980835,4.78000020980835,4.78000020980835,4.78000020980835,533.0
2024-10-25 12:21:00+00:00,ENPH,83.6500015258789,83.6500015258789,83.6500015258789,83.56500244140625,83.58499908447266,5399.0
2024-10-25 12:21:00+00:00,ENTG,105.81999969482422,105.81999969482422,105.83000183105469,105.75,105.76000213623047,2390.0
2024-10-25 12:21:00+00:00,ERIC,8.475000381469727,8.475000381469727,8.475000381469727,8.475000381469727,8.475000381469727,652.0
2024-10-25 12:21:00+00:00,EXLS,38.90660095214844,38.90660095214844,38.90660095214844,38.89550018310547,38.89550018310547,1485.0
2024-10-25 12:21:00+00:00,EXTR,14.494999885559082,14.494999885559082,14.5,14.494999885559082,14.5,711.0
2024-10-25 12:21:00+00:00,FIVN,30.09000015258789,30.09000015258789,30.100000381469727,30.079999923706055,30.100000381469727,2251.0
2024-10-25 12:21:00+00:00,FLEX,35.310001373291016,35.310001373291016,35.31999969482422,35.29999923706055,35.31999969482422,1139.0
2024-10-25 12:21:00+00:00,FLYW,17.55500030517578,17.55500030517578,17.55500030517578,17.55500030517578,17.55500030517578,334.0
2024-10-25 12:21:00+00:00,FRGT,1.8799999952316284,1.8799999952316284,1.8799999952316284,1.8799999952316284,1.8799999952316284,988.0
2024-10-25 12:21:00+00:00,FROG,29.44230079650879,29.44230079650879,29.44230079650879,29.440799713134766,29.440799713134766,1432.0
2024-10-25 12:21:00+00:00,FRSH,11.694999694824219,11.694999694824219,11.694999694824219,11.6899995803833,11.6899995803833,4129.0
2024-10-25 12:21:00+00:00,FSLR,199.72000122070312,199.72000122070312,199.72000122070312,199.72000122070312,199.72000122070312,589.0
2024-10-25 12:21:00+00:00,FTCI,0.6600000262260437,0.6600000262260437,0.6600000262260437,0.6600000262260437,0.6600000262260437,0.0
2024-10-25 12:21:00+00:00,FTNT,81.42250061035156,81.42250061035156,81.42500305175781,81.4000015258789,81.4000015258789,4518.0
2024-10-25 12:21:00+00:00,GCT,24.899999618530273,24.899999618530273,24.899999618530273,24.8799991607666,24.899999618530273,1128.0
2024-10-25 12:21:00+00:00,GFS,41.52000045776367,41.52000045776367,41.52000045776367,41.4900016784668,41.5,7055.0
2024-10-25 12:21:00+00:00,GPRO,1.3350000381469727,1.3350000381469727,1.3350000381469727,1.3350000381469727,1.3350000381469727,319.0
2024-10-25 12:21:00+00:00,GRAB,4.085000038146973,4.085000038146973,4.085000038146973,4.079999923706055,4.085000038146973,13083.0
2024-10-25 12:21:00+00:00,HCP,33.69499969482422,33.69499969482422,33.70000076293945,33.692501068115234,33.69499969482422,613.0
2024-10-25 12:21:00+00:00,HIMX,6.204999923706055,6.204999923706055,6.204999923706055,6.204999923706055,6.204999923706055,915.0
2024-10-25 12:21:00+00:00,HLIT,14.770000457763672,14.770000457763672,14.770000457763672,14.769499778747559,14.769499778747559,1730.0
2024-10-25 12:21:00+00:00,HOLO,3.6500000953674316,3.6500000953674316,3.6500000953674316,3.6449999809265137,3.6449999809265137,864.0
2024-10-25 12:21:00+00:00,HOLOW,0.037300001829862595,0.037300001829862595,0.037300001829862595,0.03700000047683716,0.03700000047683716,5486.0
2024-10-25 12:21:00+00:00,HOOD,27.30500030517578,27.30500030517578,27.308000564575195,27.270000457763672,27.270000457763672,11722.0
2024-10-25 12:21:00+00:00,INFN,6.789999961853027,6.789999961853027,6.795000076293945,6.789999961853027,6.795000076293945,632.0
2024-10-25 12:21:00+00:00,INOD,20.0,20.0,20.0,19.985000610351562,19.985000610351562,574.0
2024-10-25 12:21:00+00:00,INTA,50.20500183105469,50.20500183105469,50.20500183105469,50.20500183105469,50.20500183105469,348.0
2024-10-25 12:21:00+00:00,INTC,23.145599365234375,23.145599365234375,23.150100708007812,23.140300750732422,23.149999618530273,34840.0
2024-10-25 12:21:00+00:00,INTU,610.3800048828125,610.3800048828125,610.4500122070312,610.1900024414062,610.4500122070312,4009.0
2024-10-25 12:21:00+00:00,IPGP,76.94999694824219,76.94999694824219,76.97000122070312,76.94999694824219,76.97000122070312,1889.0
2024-10-25 12:21:00+00:00,ITRN,27.10810089111328,27.10810089111328,27.10810089111328,27.10810089111328,27.10810089111328,258.0
2024-10-25 12:21:00+00:00,JAMF,16.84000015258789,16.84000015258789,16.84000015258789,16.84000015258789,16.84000015258789,1020.0
2024-10-25 12:21:00+00:00,KTCC,5.900000095367432,5.900000095367432,5.900000095367432,5.900000095367432,5.900000095367432,1321.0
2024-10-25 12:21:00+00:00,LINK,5.112800121307373,5.112800121307373,5.150000095367432,5.033699989318848,5.099999904632568,15241.0
2024-10-25 12:21:00+00:00,LITE,64.41000366210938,64.41000366210938,64.41000366210938,64.41000366210938,64.41000366210938,1909.0
2024-10-25 12:21:00+00:00,LRCX,79.08000183105469,79.08000183105469,79.0999984741211,79.05999755859375,79.08000183105469,7741.0
2024-10-25 12:21:00+00:00,LSCC,54.470001220703125,54.470001220703125,54.470001220703125,54.43000030517578,54.43000030517578,1656.0
2024-10-25 12:21:00+00:00,LUNA,1.8278000354766846,1.8278000354766846,1.850000023841858,1.8278000354766846,1.850000023841858,1777.0
2024-10-25 12:21:00+00:00,LYFT,13.8149995803833,13.8149995803833,13.8149995803833,13.8100004196167,13.814000129699707,20148.0
2024-10-25 12:21:00+00:00,MAPS,0.8568000197410583,0.8568000197410583,0.8568000197410583,0.8568000197410583,0.8568000197410583,862.0
2024-10-25 12:21:00+00:00,MCHP,77.05000305175781,77.05000305175781,77.06999969482422,77.05000305175781,77.05000305175781,1729.0
2024-10-25 12:21:00+00:00,MDB,266.8049011230469,266.8049011230469,267.0199890136719,266.8049011230469,267.0199890136719,454.0
2024-10-25 12:21:00+00:00,MKSI,100.88500213623047,100.88500213623047,100.88500213623047,100.88500213623047,100.88500213623047,1006.0
2024-10-25 12:21:00+00:00,MNDY,298.3949890136719,298.3949890136719,298.3949890136719,297.9075012207031,297.9700012207031,2760.0
2024-10-25 12:21:00+00:00,MPWR,922.22998046875,922.22998046875,922.22998046875,921.6500244140625,921.6500244140625,1301.0
2024-10-25 12:21:00+00:00,MQ,5.289999961853027,5.289999961853027,5.298799991607666,5.289999961853027,5.298799991607666,3329.0
2024-10-25 12:21:00+00:00,MRVL,82.66999816894531,82.66999816894531,82.66999816894531,82.6050033569336,82.6050033569336,3538.0
2024-10-25 12:21:00+00:00,MSFT,430.32000732421875,430.32000732421875,430.3500061035156,430.101806640625,430.1199951171875,10563.0
2024-10-25 12:21:00+00:00,MSTR,239.6699981689453,239.6699981689453,239.6699981689453,239.0,239.29649353027344,19042.0
2024-10-25 12:21:00+00:00,MTLS,6.0,6.0,6.0,5.989999771118164,5.989999771118164,944.0
2024-10-25 12:21:00+00:00,MTSI,120.60160064697266,120.60160064697266,120.60160064697266,120.60160064697266,120.60160064697266,287.0
2024-10-25 12:21:00+00:00,MU,109.0999984741211,109.0999984741211,109.11499786376953,109.04979705810547,109.04979705810547,6889.0
2024-10-25 12:21:00+00:00,MVIS,1.0850000381469727,1.0850000381469727,1.089900016784668,1.0850000381469727,1.0850000381469727,7373.0
2024-10-25 12:21:00+00:00,MXL,15.154999732971191,15.154999732971191,15.154999732971191,15.09000015258789,15.100000381469727,8291.0
2024-10-25 12:21:00+00:00,NCNO,37.79999923706055,37.79999923706055,37.79999923706055,37.79999923706055,37.79999923706055,233.0
2024-10-25 12:21:00+00:00,NICE,176.6300048828125,176.6300048828125,176.6300048828125,176.6300048828125,176.6300048828125,321.0
2024-10-25 12:21:00+00:00,NNDM,2.349900007247925,2.349900007247925,2.349900007247925,2.349900007247925,2.349900007247925,657.0
2024-10-25 12:21:00+00:00,NTAP,120.4375,120.4375,120.4375,120.42500305175781,120.42500305175781,538.0
2024-10-25 12:21:00+00:00,NTCT,20.635000228881836,20.635000228881836,20.635000228881836,20.635000228881836,20.635000228881836,343.0
2024-10-25 12:21:00+00:00,NTNX,62.18000030517578,62.18000030517578,62.18000030517578,62.18000030517578,62.18000030517578,254.0
2024-10-25 12:21:00+00:00,NVDA,143.4499969482422,143.4499969482422,143.4600067138672,143.3939971923828,143.4248046875,211242.0
2024-10-25 12:21:00+00:00,NVEI,33.52000045776367,33.52000045776367,33.52000045776367,33.52000045776367,33.52000045776367,25.0
2024-10-25 12:21:00+00:00,NVTS,2.6089999675750732,2.6089999675750732,2.6089999675750732,2.6089999675750732,2.6089999675750732,1237.0
2024-10-25 12:21:00+00:00,NXPI,245.25999450683594,245.25999450683594,245.2899932861328,245.25999450683594,245.2899932861328,374.0
2024-10-25 12:21:00+00:00,OKTA,72.48999786376953,72.48999786376953,72.48999786376953,72.46499633789062,72.46499633789062,856.0
2024-10-25 12:21:00+00:00,ON,71.97000122070312,71.97000122070312,71.9800033569336,71.94519805908203,71.94999694824219,9724.0
2024-10-25 12:21:00+00:00,OSIS,136.5449981689453,136.5449981689453,136.5449981689453,136.5449981689453,136.5449981689453,267.0
2024-10-25 12:21:00+00:00,PANW,369.44000244140625,369.44000244140625,369.44000244140625,369.44000244140625,369.44000244140625,168.0
2024-10-25 12:21:00+00:00,PGY,11.845000267028809,11.845000267028809,11.880000114440918,11.84000015258789,11.859999656677246,5209.0
2024-10-25 12:21:00+00:00,PHUN,10.310099601745605,10.310099601745605,10.350000381469727,10.251199722290039,10.350000381469727,151830.0
2024-10-25 12:21:00+00:00,PI,203.92999267578125,203.92999267578125,203.92999267578125,203.80999755859375,203.80999755859375,1401.0
2024-10-25 12:21:00+00:00,PLAB,23.693500518798828,23.693500518798828,23.693500518798828,23.693500518798828,23.693500518798828,214.0
2024-10-25 12:21:00+00:00,PLUS,98.1500015258789,98.1500015258789,98.1500015258789,98.1500015258789,98.1500015258789,643.0
2024-10-25 12:21:00+00:00,POWI,64.2300033569336,64.2300033569336,64.2739028930664,64.2300033569336,64.2739028930664,961.0
2024-10-25 12:21:00+00:00,PTC,186.625,186.625,186.625,186.625,186.625,191.0
2024-10-25 12:21:00+00:00,PYCR,14.329999923706055,14.329999923706055,14.329999923706055,14.324999809265137,14.324999809265137,2325.0
2024-10-25 12:21:00+00:00,QCOM,172.80999755859375,172.80999755859375,172.82000732421875,172.75,172.75,5193.0
2024-10-25 12:21:00+00:00,QH,1.4000999927520752,1.4000999927520752,1.4149999618530273,1.4000999927520752,1.4149999618530273,974.0
2024-10-25 12:21:00+00:00,QRVO,100.30000305175781,100.30000305175781,100.31999969482422,100.29000091552734,100.31999969482422,1319.0
2024-10-25 12:21:00+00:00,QUBT,1.065000057220459,1.065000057220459,1.065000057220459,1.065000057220459,1.065000057220459,427.0
2024-10-25 12:21:00+00:00,RDWR,22.399999618530273,22.399999618530273,22.399999618530273,22.399999618530273,22.399999618530273,212.0
2024-10-25 12:21:00+00:00,REKR,1.0994000434875488,1.0994000434875488,1.0994000434875488,1.0994000434875488,1.0994000434875488,2010.0
2024-10-25 12:21:00+00:00,RELY,14.744999885559082,14.744999885559082,14.744999885559082,14.744999885559082,14.744999885559082,229.0
2024-10-25 12:21:00+00:00,RGTI,1.215000033378601,1.215000033378601,1.2199000120162964,1.215000033378601,1.215000033378601,27102.0
2024-10-25 12:21:00+00:00,RIOT,10.076399803161621,10.076399803161621,10.085000038146973,10.0600004196167,10.074000358581543,28394.0
2024-10-25 12:21:00+00:00,RMBS,43.564998626708984,43.564998626708984,43.564998626708984,43.55500030517578,43.560001373291016,1009.0
2024-10-25 12:21:00+00:00,RPAY,7.599999904632568,7.599999904632568,7.610000133514404,7.599999904632568,7.605000019073486,766.0
2024-10-25 12:21:00+00:00,RUM,5.78000020980835,5.78000020980835,5.78000020980835,5.769999980926514,5.769999980926514,1762.0
2024-10-25 12:21:00+00:00,RUN,14.425000190734863,14.425000190734863,14.430000305175781,14.414999961853027,14.430000305175781,14597.0
2024-10-25 12:21:00+00:00,SANM,67.72000122070312,67.72000122070312,67.73999786376953,67.72000122070312,67.73999786376953,917.0
2024-10-25 12:21:00+00:00,SATS,25.110000610351562,25.110000610351562,25.110000610351562,25.110000610351562,25.110000610351562,290.0
2024-10-25 12:21:00+00:00,SCWX,8.375,8.375,8.375,8.375,8.375,100.0
2024-10-25 12:21:00+00:00,SEDG,16.209999084472656,16.209999084472656,16.209999084472656,16.19499969482422,16.19499969482422,5959.0
2024-10-25 12:21:00+00:00,SHLS,5.320000171661377,5.320000171661377,5.320499897003174,5.320000171661377,5.320499897003174,2879.0
2024-10-25 12:21:00+00:00,SMCI,47.869998931884766,47.869998931884766,47.880001068115234,47.8297004699707,47.8297004699707,77030.0
2024-10-25 12:21:00+00:00,SNPS,503.20001220703125,503.20001220703125,503.20001220703125,503.20001220703125,503.20001220703125,721.0
2024-10-25 12:21:00+00:00,SONO,12.824999809265137,12.824999809265137,12.824999809265137,12.819999694824219,12.819999694824219,1241.0
2024-10-25 12:21:00+00:00,SOUN,5.280099868774414,5.280099868774414,5.280099868774414,5.272900104522705,5.276199817657471,9455.0
2024-10-25 12:21:00+00:00,SPNS,36.64500045776367,36.64500045776367,36.64500045776367,36.64500045776367,36.64500045776367,309.0
2024-10-25 12:21:00+00:00,SPSC,171.64999389648438,171.64999389648438,172.11000061035156,171.64999389648438,171.85499572753906,3725.0
2024-10-25 12:21:00+00:00,SSNC,69.72000122070312,69.72000122070312,69.7699966430664,69.72000122070312,69.7699966430664,6847.0
2024-10-25 12:21:00+00:00,STNE,11.494999885559082,11.494999885559082,11.494999885559082,11.491100311279297,11.491100311279297,1971.0
2024-10-25 12:21:00+00:00,STX,103.92500305175781,103.92500305175781,103.92500305175781,103.9000015258789,103.9000015258789,1011.0
2024-10-25 12:21:00+00:00,SVRE,0.08250000327825546,0.08250000327825546,0.08250000327825546,0.08250000327825546,0.08250000327825546,2100.0
2024-10-25 12:21:00+00:00,SWKS,96.59500122070312,96.59500122070312,96.59500122070312,96.56999969482422,96.56999969482422,1273.0
2024-10-25 12:21:00+00:00,TEAM,190.8699951171875,190.8699951171875,190.8699951171875,190.7550048828125,190.75999450683594,1639.0
2024-10-25 12:21:00+00:00,TER,112.87999725341797,112.87999725341797,112.87999725341797,112.80049896240234,112.80049896240234,3150.0
2024-10-25 12:21:00+00:00,TRMB,61.099998474121094,61.099998474121094,61.099998474121094,61.099998474121094,61.099998474121094,583.0
2024-10-25 12:21:00+00:00,TTD,119.66999816894531,119.66999816894531,119.66999816894531,119.58000183105469,119.58000183105469,2444.0
2024-10-25 12:21:00+00:00,TWKS,4.449999809265137,4.449999809265137,4.449999809265137,4.449999809265137,4.449999809265137,7906.0
2024-10-25 12:21:00+00:00,TXN,208.92999267578125,208.92999267578125,208.92999267578125,208.86000061035156,208.86000061035156,3562.0
2024-10-25 12:21:00+00:00,UCTT,36.06999969482422,36.06999969482422,36.099998474121094,36.06999969482422,36.099998474121094,1186.0
2024-10-25 12:21:00+00:00,VECO,29.521799087524414,29.521799087524414,29.540000915527344,29.521799087524414,29.530000686645508,1001.0
2024-10-25 12:21:00+00:00,VERB,10.0,10.0,10.00100040435791,10.0,10.0,1367.0
2024-10-25 12:21:00+00:00,VERX,42.18000030517578,42.18000030517578,42.18000030517578,42.18000030517578,42.18000030517578,298.0
2024-10-25 12:21:00+00:00,VIAV,9.265000343322754,9.265000343322754,9.265000343322754,9.265000343322754,9.265000343322754,547.0
2024-10-25 12:21:00+00:00,VMEO,4.760000228881836,4.760000228881836,4.769999980926514,4.760000228881836,4.769999980926514,238.0
2024-10-25 12:21:00+00:00,VNET,3.4749999046325684,3.4749999046325684,3.4749999046325684,3.4700000286102295,3.4749999046325684,3840.0
2024-10-25 12:21:00+00:00,VRNS,56.84000015258789,56.84000015258789,56.869998931884766,56.84000015258789,56.84000015258789,407.0
2024-10-25 12:21:00+00:00,VRNT,22.110000610351562,22.110000610351562,22.114999771118164,22.110000610351562,22.114999771118164,1371.0
2024-10-25 12:21:00+00:00,VS,2.57450008392334,2.57450008392334,2.57450008392334,2.569999933242798,2.569999933242798,3358.0
2024-10-25 12:21:00+00:00,VSAT,10.380000114440918,10.380000114440918,10.380000114440918,10.380000114440918,10.380000114440918,1388.0
2024-10-25 12:21:00+00:00,VUZI,1.309999942779541,1.309999942779541,1.3200000524520874,1.309999942779541,1.3200000524520874,1912.0
2024-10-25 12:21:00+00:00,WDC,71.4800033569336,71.4800033569336,71.4800033569336,71.30000305175781,71.30000305175781,11722.0
2024-10-25 12:21:00+00:00,WISA,1.8600000143051147,1.8600000143051147,1.8600000143051147,1.8600000143051147,1.8600000143051147,380.0
2024-10-25 12:21:00+00:00,XRX,10.114999771118164,10.114999771118164,10.114999771118164,10.114999771118164,10.114999771118164,606.0
2024-10-25 12:21:00+00:00,ZBRA,363.0299987792969,363.0299987792969,363.04998779296875,363.0299987792969,363.04998779296875,442.0
2024-10-25 12:21:00+00:00,ZI,10.53499984741211,10.53499984741211,10.53499984741211,10.53499984741211,10.53499984741211,0.0
2024-10-25 12:21:00+00:00,ZM,73.16000366210938,73.16000366210938,73.16719818115234,73.16000366210938,73.16719818115234,891.0
2024-10-25 12:21:00+00:00,ZS,186.35989379882812,186.35989379882812,186.35989379882812,186.35000610351562,186.35000610351562,351.0
2024-10-25 12:22:00+00:00,AAOI,18.309999465942383,18.309999465942383,18.360000610351562,18.309999465942383,18.360000610351562,2494.0
2024-10-25 12:22:00+00:00,AAPL,232.5800018310547,232.5800018310547,232.58999633789062,232.47000122070312,232.55499267578125,48891.0
2024-10-25 12:22:00+00:00,ACIW,48.81999969482422,48.81999969482422,48.85369873046875,48.81610107421875,48.85210037231445,3547.0
2024-10-25 12:22:00+00:00,ACLS,90.66310119628906,90.66310119628906,90.71189880371094,90.63999938964844,90.63999938964844,2003.0
2024-10-25 12:22:00+00:00,ACMR,19.97909927368164,19.97909927368164,19.97909927368164,19.940000534057617,19.949899673461914,8209.0
2024-10-25 12:22:00+00:00,ADBE,485.375,485.375,485.510009765625,485.1700134277344,485.481201171875,4268.0
2024-10-25 12:22:00+00:00,ADI,233.72999572753906,233.72999572753906,233.7342071533203,233.64540100097656,233.69000244140625,6060.0
2024-10-25 12:22:00+00:00,ADSK,286.7699890136719,286.7699890136719,286.7699890136719,286.6449890136719,286.6449890136719,2314.0
2024-10-25 12:22:00+00:00,ADTN,6.385000228881836,6.385000228881836,6.385000228881836,6.385000228881836,6.385000228881836,732.0
2024-10-25 12:22:00+00:00,AEHR,17.105899810791016,17.105899810791016,17.105899810791016,17.09000015258789,17.099599838256836,7205.0
2024-10-25 12:22:00+00:00,AEYE,22.889999389648438,22.889999389648438,22.889999389648438,22.889999389648438,22.889999389648438,364.0
2024-10-25 12:22:00+00:00,AFRM,41.90999984741211,41.90999984741211,41.93000030517578,41.88999938964844,41.88999938964844,6259.0
2024-10-25 12:22:00+00:00,AIRG,8.846699714660645,8.846699714660645,8.846699714660645,8.846699714660645,8.846699714660645,109.0
2024-10-25 12:22:00+00:00,AKAM,103.07270050048828,103.07270050048828,103.07270050048828,103.07039642333984,103.07039642333984,997.0
2024-10-25 12:22:00+00:00,AKTS,0.057100001722574234,0.057100001722574234,0.057100001722574234,0.057100001722574234,0.057100001722574234,25112.0
2024-10-25 12:22:00+00:00,ALGM,22.850000381469727,22.850000381469727,22.850000381469727,22.84000015258789,22.850000381469727,3942.0
2024-10-25 12:22:00+00:00,AMAT,188.39990234375,188.39990234375,188.39990234375,188.3300018310547,188.3300018310547,710.0
2024-10-25 12:22:00+00:00,AMD,157.9250030517578,157.9250030517578,157.97520446777344,157.87010192871094,157.94000244140625,24175.0
2024-10-25 12:22:00+00:00,AMKR,30.059099197387695,30.059099197387695,30.059099197387695,30.059099197387695,30.059099197387695,310.0
2024-10-25 12:22:00+00:00,API,2.815000057220459,2.815000057220459,2.825000047683716,2.815000057220459,2.825000047683716,3676.0
2024-10-25 12:22:00+00:00,APPF,215.64500427246094,215.64500427246094,215.64500427246094,215.64500427246094,215.64500427246094,914.0
2024-10-25 12:22:00+00:00,APPS,3.0785000324249268,3.0785000324249268,3.0785000324249268,3.075000047683716,3.075000047683716,511.0
2024-10-25 12:22:00+00:00,ARQQ,7.031599998474121,7.031599998474121,7.031599998474121,7.031599998474121,7.031599998474121,1240.0
2024-10-25 12:22:00+00:00,ARRY,6.550000190734863,6.550000190734863,6.550000190734863,6.539999961853027,6.545000076293945,3413.0
2024-10-25 12:22:00+00:00,ASML,718.3521728515625,718.3521728515625,718.3521728515625,717.9500122070312,717.9500122070312,1604.0
2024-10-25 12:22:00+00:00,AUR,6.434299945831299,6.434299945831299,6.434999942779541,6.434299945831299,6.434999942779541,1204.0
2024-10-25 12:22:00+00:00,AVDX,8.149999618530273,8.149999618530273,8.149999618530273,8.149999618530273,8.149999618530273,510.0
2024-10-25 12:22:00+00:00,AVGO,176.11000061035156,176.11000061035156,176.14990234375,176.05360412597656,176.08999633789062,11581.0
2024-10-25 12:22:00+00:00,AVT,54.13750076293945,54.13750076293945,54.13750076293945,54.1349983215332,54.13750076293945,1490.0
2024-10-25 12:22:00+00:00,BIGC,5.315000057220459,5.315000057220459,5.315000057220459,5.315000057220459,5.315000057220459,253.0
2024-10-25 12:22:00+00:00,BMBL,7.255000114440918,7.255000114440918,7.255000114440918,7.25,7.255000114440918,1219.0
2024-10-25 12:22:00+00:00,BRZE,30.770000457763672,30.770000457763672,30.770000457763672,30.75,30.75,1699.0
2024-10-25 12:22:00+00:00,BSY,49.189998626708984,49.189998626708984,49.189998626708984,49.189998626708984,49.189998626708984,502.0
2024-10-25 12:22:00+00:00,CDNS,259.19000244140625,259.19000244140625,259.19000244140625,259.1600036621094,259.17498779296875,2542.0
2024-10-25 12:22:00+00:00,CETX,0.30000001192092896,0.30000001192092896,0.30000001192092896,0.2980000078678131,0.2980000078678131,78496.0
2024-10-25 12:22:00+00:00,CFLT,22.639999389648438,22.639999389648438,22.645000457763672,22.63450050354004,22.639999389648438,3189.0
2024-10-25 12:22:00+00:00,CGNX,39.040000915527344,39.040000915527344,39.040000915527344,39.029998779296875,39.029998779296875,6063.0
2024-10-25 12:22:00+00:00,CHKP,207.29949951171875,207.29949951171875,207.39999389648438,207.29949951171875,207.39999389648438,1415.0
2024-10-25 12:22:00+00:00,CLBT,18.139999389648438,18.139999389648438,18.139999389648438,18.139999389648438,18.139999389648438,460.0
2024-10-25 12:22:00+00:00,CLSK,11.906499862670898,11.906499862670898,11.925000190734863,11.890000343322754,11.925000190734863,50977.0
2024-10-25 12:22:00+00:00,COHR,95.26000213623047,95.26000213623047,95.29000091552734,95.26000213623047,95.29000091552734,2656.0
2024-10-25 12:22:00+00:00,COIN,209.72500610351562,209.72500610351562,209.72500610351562,209.5500030517578,209.6750030517578,4209.0
2024-10-25 12:22:00+00:00,COMM,6.315000057220459,6.315000057220459,6.315000057220459,6.315000057220459,6.315000057220459,562.0
2024-10-25 12:22:00+00:00,CORZ,13.375,13.375,13.379899978637695,13.375,13.379899978637695,3223.0
2024-10-25 12:22:00+00:00,CORZW,7.840000152587891,7.840000152587891,7.840000152587891,7.840000152587891,7.840000152587891,618.0
2024-10-25 12:22:00+00:00,CRCT,6.610000133514404,6.610000133514404,6.610000133514404,6.610000133514404,6.610000133514404,201.0
2024-10-25 12:22:00+00:00,CRDO,39.79999923706055,39.79999923706055,39.79999923706055,39.79999923706055,39.79999923706055,639.0
2024-10-25 12:22:00+00:00,CRNC,2.8475000858306885,2.8475000858306885,2.8475000858306885,2.8475000858306885,2.8475000858306885,202.0
2024-10-25 12:22:00+00:00,CRNT,2.4563000202178955,2.4563000202178955,2.4600000381469727,2.4563000202178955,2.4600000381469727,8600.0
2024-10-25 12:22:00+00:00,CRSR,6.4309000968933105,6.4309000968933105,6.4309000968933105,6.4309000968933105,6.4309000968933105,323.0
2024-10-25 12:22:00+00:00,CRWD,309.6099853515625,309.6099853515625,309.7900085449219,309.5799865722656,309.7900085449219,5925.0
2024-10-25 12:22:00+00:00,CSCO,55.994998931884766,55.994998931884766,56.0,55.98500061035156,55.9900016784668,10045.0
2024-10-25 12:22:00+00:00,CSGS,47.709999084472656,47.709999084472656,47.709999084472656,47.709999084472656,47.709999084472656,463.0
2024-10-25 12:22:00+00:00,CSIQ,13.829999923706055,13.829999923706055,13.850000381469727,13.829999923706055,13.84000015258789,12448.0
2024-10-25 12:22:00+00:00,CTSH,74.9800033569336,74.9800033569336,74.9800033569336,74.95500183105469,74.95500183105469,2793.0
2024-10-25 12:22:00+00:00,CYBR,292.3500061035156,292.3500061035156,292.3500061035156,292.3500061035156,292.3500061035156,305.0
2024-10-25 12:22:00+00:00,DATS,1.690000057220459,1.690000057220459,1.7000000476837158,1.649999976158142,1.6699999570846558,5428.0
2024-10-25 12:22:00+00:00,DAVE,39.41999816894531,39.41999816894531,39.41999816894531,39.400001525878906,39.41999816894531,1133.0
2024-10-25 12:22:00+00:00,DBX,26.045000076293945,26.045000076293945,26.045000076293945,26.045000076293945,26.045000076293945,1920.0
2024-10-25 12:22:00+00:00,DDOG,127.48999786376953,127.48999786376953,127.48999786376953,127.47730255126953,127.47730255126953,1675.0
2024-10-25 12:22:00+00:00,DLO,8.819999694824219,8.819999694824219,8.819999694824219,8.8149995803833,8.8149995803833,599.0
2024-10-25 12:22:00+00:00,DOCU,69.96499633789062,69.96499633789062,69.96499633789062,69.88500213623047,69.88500213623047,3335.0
2024-10-25 12:22:00+00:00,DOMO,8.0600004196167,8.0600004196167,8.0600004196167,8.0600004196167,8.0600004196167,1957.0
2024-10-25 12:22:00+00:00,DUOL,289.5350036621094,289.5350036621094,289.7699890136719,289.29998779296875,289.7699890136719,1906.0
2024-10-25 12:22:00+00:00,EEFT,100.33000183105469,100.33000183105469,100.33000183105469,100.33000183105469,100.33000183105469,441.0
2024-10-25 12:22:00+00:00,ENPH,83.55999755859375,83.55999755859375,83.63500213623047,83.48999786376953,83.5999984741211,5941.0
2024-10-25 12:22:00+00:00,ENTG,105.8499984741211,105.8499984741211,105.8499984741211,105.8499984741211,105.8499984741211,141.0
2024-10-25 12:22:00+00:00,ERIC,8.479999542236328,8.479999542236328,8.479999542236328,8.475000381469727,8.475000381469727,41075.0
2024-10-25 12:22:00+00:00,EVCM,10.630000114440918,10.630000114440918,10.630000114440918,10.630000114440918,10.630000114440918,1367.0
2024-10-25 12:22:00+00:00,EXFY,1.7274999618530273,1.7274999618530273,1.7274999618530273,1.7274999618530273,1.7274999618530273,480.0
2024-10-25 12:22:00+00:00,EXLS,38.90999984741211,38.90999984741211,38.90999984741211,38.90999984741211,38.90999984741211,1757.0
2024-10-25 12:22:00+00:00,EXTR,14.489999771118164,14.489999771118164,14.494999885559082,14.489999771118164,14.494999885559082,1529.0
2024-10-25 12:22:00+00:00,FFIV,216.76499938964844,216.76499938964844,216.76499938964844,216.67999267578125,216.76499938964844,1938.0
2024-10-25 12:22:00+00:00,FIVN,30.097999572753906,30.097999572753906,30.097999572753906,30.097999572753906,30.097999572753906,251.0
2024-10-25 12:22:00+00:00,FLEX,35.34000015258789,35.34000015258789,35.34000015258789,35.314998626708984,35.314998626708984,2175.0
2024-10-25 12:22:00+00:00,FORM,45.25,45.25,45.25,45.25,45.25,152.0
2024-10-25 12:22:00+00:00,FROG,29.440000534057617,29.440000534057617,29.440000534057617,29.440000534057617,29.440000534057617,3327.0
2024-10-25 12:22:00+00:00,FRSH,11.680100440979004,11.680100440979004,11.6899995803833,11.680100440979004,11.6899995803833,1719.0
2024-10-25 12:22:00+00:00,FSLR,199.5449981689453,199.5449981689453,199.75999450683594,199.47999572753906,199.75999450683594,6278.0
2024-10-25 12:22:00+00:00,FTCI,0.6600000262260437,0.6600000262260437,0.6635000109672546,0.6600000262260437,0.6635000109672546,444.0
2024-10-25 12:22:00+00:00,FTNT,81.41999816894531,81.41999816894531,81.43499755859375,81.41000366210938,81.43000030517578,3880.0
2024-10-25 12:22:00+00:00,GCT,24.950000762939453,24.950000762939453,24.950000762939453,24.8799991607666,24.899999618530273,3646.0
2024-10-25 12:22:00+00:00,GFS,41.5,41.5,41.5,41.5,41.5,199.0
2024-10-25 12:22:00+00:00,GILT,4.949999809265137,4.949999809265137,4.949999809265137,4.949999809265137,4.949999809265137,405.0
2024-10-25 12:22:00+00:00,GPRO,1.3350000381469727,1.3350000381469727,1.3350000381469727,1.3350000381469727,1.3350000381469727,563.0
2024-10-25 12:22:00+00:00,GRAB,4.085000038146973,4.085000038146973,4.085000038146973,4.0802001953125,4.085000038146973,4341.0
2024-10-25 12:22:00+00:00,GTLB,55.67720031738281,55.67720031738281,55.67720031738281,55.67720031738281,55.67720031738281,202.0
2024-10-25 12:22:00+00:00,HCP,33.70000076293945,33.70000076293945,33.70000076293945,33.69499969482422,33.70000076293945,1883.0
2024-10-25 12:22:00+00:00,HEAR,16.65999984741211,16.65999984741211,16.65999984741211,16.65999984741211,16.65999984741211,180.0
2024-10-25 12:22:00+00:00,HLIT,14.755000114440918,14.755000114440918,14.770000457763672,14.755000114440918,14.760000228881836,3406.0
2024-10-25 12:22:00+00:00,HOLO,3.6412999629974365,3.6412999629974365,3.6500000953674316,3.6412999629974365,3.6500000953674316,2018.0
2024-10-25 12:22:00+00:00,HOOD,27.30500030517578,27.30500030517578,27.30500030517578,27.295000076293945,27.299999237060547,8108.0
2024-10-25 12:22:00+00:00,ICHR,27.82550048828125,27.82550048828125,27.82550048828125,27.82550048828125,27.82550048828125,467.0
2024-10-25 12:22:00+00:00,IDAI,0.22990000247955322,0.22990000247955322,0.22990000247955322,0.22990000247955322,0.22990000247955322,502.0
2024-10-25 12:22:00+00:00,IMOS,22.549999237060547,22.549999237060547,22.569900512695312,22.549999237060547,22.569900512695312,603.0
2024-10-25 12:22:00+00:00,INDI,3.575000047683716,3.575000047683716,3.575000047683716,3.575000047683716,3.575000047683716,299.0
2024-10-25 12:22:00+00:00,INFN,6.789999961853027,6.789999961853027,6.789999961853027,6.789999961853027,6.789999961853027,100.0
2024-10-25 12:22:00+00:00,INOD,19.985700607299805,19.985700607299805,19.985700607299805,19.985700607299805,19.985700607299805,923.0
2024-10-25 12:22:00+00:00,INTC,23.139999389648438,23.139999389648438,23.15999984741211,23.1299991607666,23.139999389648438,85172.0
2024-10-25 12:22:00+00:00,INTU,610.2999877929688,610.2999877929688,610.375,610.2999877929688,610.375,1483.0
2024-10-25 12:22:00+00:00,ITRN,27.020000457763672,27.020000457763672,27.020000457763672,27.020000457763672,27.020000457763672,157.0
2024-10-25 12:22:00+00:00,KC,2.7149999141693115,2.7149999141693115,2.7149999141693115,2.7100000381469727,2.7149999141693115,4185.0
2024-10-25 12:22:00+00:00,KOPN,0.7792999744415283,0.7792999744415283,0.7792999744415283,0.7792999744415283,0.7792999744415283,7437.0
2024-10-25 12:22:00+00:00,LINK,5.099999904632568,5.099999904632568,5.150000095367432,4.980000019073486,5.099999904632568,13094.0
2024-10-25 12:22:00+00:00,LITE,64.45999908447266,64.45999908447266,64.45999908447266,64.43000030517578,64.43000030517578,3150.0
2024-10-25 12:22:00+00:00,LPSN,1.1799999475479126,1.1799999475479126,1.1799999475479126,1.1799999475479126,1.1799999475479126,1099.0
2024-10-25 12:22:00+00:00,LRCX,79.06009674072266,79.06009674072266,79.11000061035156,79.05000305175781,79.08000183105469,12904.0
2024-10-25 12:22:00+00:00,LSCC,54.459999084472656,54.459999084472656,54.47999954223633,54.459999084472656,54.47999954223633,1268.0
2024-10-25 12:22:00+00:00,LUNA,1.7991000413894653,1.7991000413894653,1.8200000524520874,1.7991000413894653,1.8200000524520874,9852.0
2024-10-25 12:22:00+00:00,LYFT,13.795000076293945,13.795000076293945,13.8149995803833,13.795000076293945,13.8149995803833,17915.0
2024-10-25 12:22:00+00:00,MANH,275.4949951171875,275.4949951171875,275.7099914550781,275.4949951171875,275.7099914550781,857.0
2024-10-25 12:22:00+00:00,MAPS,0.8567000031471252,0.8567000031471252,0.8567000031471252,0.8567000031471252,0.8567000031471252,2000.0
2024-10-25 12:22:00+00:00,MAXN,5.744999885559082,5.744999885559082,5.760000228881836,5.735199928283691,5.760000228881836,553.0
2024-10-25 12:22:00+00:00,MCHP,77.05000305175781,77.05000305175781,77.05999755859375,77.0363998413086,77.05999755859375,2392.0
2024-10-25 12:22:00+00:00,MDB,267.0799865722656,267.0799865722656,267.0799865722656,267.0799865722656,267.0799865722656,398.0
2024-10-25 12:22:00+00:00,MKTW,0.5835999846458435,0.5835999846458435,0.5835999846458435,0.5835999846458435,0.5835999846458435,2353.0
2024-10-25 12:22:00+00:00,MPWR,921.6799926757812,921.6799926757812,921.6799926757812,921.6799926757812,921.6799926757812,319.0
2024-10-25 12:22:00+00:00,MQ,5.289999961853027,5.289999961853027,5.289999961853027,5.289999961853027,5.289999961853027,560.0
2024-10-25 12:22:00+00:00,MRVL,82.66000366210938,82.66000366210938,82.66999816894531,82.63009643554688,82.66500091552734,10015.0
2024-10-25 12:22:00+00:00,MSFT,430.3399963378906,430.3399963378906,430.4381103515625,430.29010009765625,430.29010009765625,15633.0
2024-10-25 12:22:00+00:00,MSTR,239.42999267578125,239.42999267578125,239.73989868164062,238.6999969482422,239.57000732421875,34710.0
2024-10-25 12:22:00+00:00,MTSI,120.54000091552734,120.54000091552734,120.54499816894531,120.43000030517578,120.54499816894531,3022.0
2024-10-25 12:22:00+00:00,MTTR,4.650000095367432,4.650000095367432,4.650000095367432,4.650000095367432,4.650000095367432,511.0
2024-10-25 12:22:00+00:00,MU,109.06999969482422,109.06999969482422,109.08999633789062,109.05000305175781,109.08999633789062,5174.0
2024-10-25 12:22:00+00:00,MXL,15.170000076293945,15.170000076293945,15.170000076293945,15.154999732971191,15.154999732971191,859.0
2024-10-25 12:22:00+00:00,NCNO,37.81999969482422,37.81999969482422,37.81999969482422,37.809898376464844,37.809898376464844,1505.0
2024-10-25 12:22:00+00:00,NEON,8.289999961853027,8.289999961853027,8.289999961853027,8.289999961853027,8.289999961853027,606.0
2024-10-25 12:22:00+00:00,NTAP,120.4000015258789,120.4000015258789,120.41000366210938,120.37000274658203,120.4000015258789,3652.0
2024-10-25 12:22:00+00:00,NTNX,62.18000030517578,62.18000030517578,62.18000030517578,62.18000030517578,62.18000030517578,618.0
2024-10-25 12:22:00+00:00,NVDA,143.47500610351562,143.47500610351562,143.47500610351562,143.3719940185547,143.45010375976562,227666.0
2024-10-25 12:22:00+00:00,NVEI,33.52000045776367,33.52000045776367,33.52000045776367,33.52000045776367,33.52000045776367,414.0
2024-10-25 12:22:00+00:00,NVMI,184.69000244140625,184.69000244140625,184.75,184.69000244140625,184.75,1945.0
2024-10-25 12:22:00+00:00,NVTS,2.6050000190734863,2.6050000190734863,2.6050000190734863,2.604599952697754,2.604599952697754,1713.0
2024-10-25 12:22:00+00:00,NXPI,245.41000366210938,245.41000366210938,245.41000366210938,245.25999450683594,245.31520080566406,1889.0
2024-10-25 12:22:00+00:00,OKTA,72.48999786376953,72.48999786376953,72.48999786376953,72.47100067138672,72.4800033569336,886.0
2024-10-25 12:22:00+00:00,OLED,204.4600067138672,204.4600067138672,204.4600067138672,204.4600067138672,204.4600067138672,369.0
2024-10-25 12:22:00+00:00,ON,72.04000091552734,72.04000091552734,72.04000091552734,71.97000122070312,71.97000122070312,16615.0
2024-10-25 12:22:00+00:00,OSIS,136.36000061035156,136.36000061035156,136.36000061035156,135.86000061035156,136.36000061035156,5411.0
2024-10-25 12:22:00+00:00,PANW,369.7099914550781,369.7099914550781,369.7099914550781,369.455810546875,369.455810546875,989.0
2024-10-25 12:22:00+00:00,PEGA,80.16999816894531,80.16999816894531,80.16999816894531,80.08999633789062,80.09760284423828,1090.0
2024-10-25 12:22:00+00:00,PGY,11.845000267028809,11.845000267028809,11.845000267028809,11.845000267028809,11.845000267028809,774.0
2024-10-25 12:22:00+00:00,PHUN,10.259900093078613,10.259900093078613,10.300000190734863,10.210000038146973,10.300000190734863,97849.0
2024-10-25 12:22:00+00:00,PI,203.86500549316406,203.86500549316406,203.86500549316406,203.86500549316406,203.86500549316406,726.0
2024-10-25 12:22:00+00:00,POET,3.9621999263763428,3.9621999263763428,3.9621999263763428,3.9621999263763428,3.9621999263763428,1312.0
2024-10-25 12:22:00+00:00,POWI,64.16500091552734,64.16500091552734,64.16500091552734,64.16500091552734,64.16500091552734,512.0
2024-10-25 12:22:00+00:00,PTC,186.625,186.625,186.625,186.625,186.625,188.0
2024-10-25 12:22:00+00:00,PYCR,14.335000038146973,14.335000038146973,14.339900016784668,14.335000038146973,14.339900016784668,357.0
2024-10-25 12:22:00+00:00,QCOM,172.83999633789062,172.83999633789062,172.83999633789062,172.8000030517578,172.82000732421875,3551.0
2024-10-25 12:22:00+00:00,QRVO,100.30999755859375,100.30999755859375,100.30999755859375,100.30999755859375,100.30999755859375,910.0
2024-10-25 12:22:00+00:00,QUBT,1.065000057220459,1.065000057220459,1.0700000524520874,1.0607999563217163,1.0699000358581543,4050.0
2024-10-25 12:22:00+00:00,RDWR,22.399999618530273,22.399999618530273,22.399999618530273,22.3799991607666,22.3799991607666,635.0
2024-10-25 12:22:00+00:00,REKR,1.0950000286102295,1.0950000286102295,1.0950000286102295,1.0950000286102295,1.0950000286102295,500.0
2024-10-25 12:22:00+00:00,RGTI,1.228700041770935,1.228700041770935,1.228700041770935,1.2200000286102295,1.2200000286102295,18263.0
2024-10-25 12:22:00+00:00,RGTIW,0.18000000715255737,0.18000000715255737,0.18000000715255737,0.18000000715255737,0.18000000715255737,10819.0
2024-10-25 12:22:00+00:00,RIOT,10.0649995803833,10.0649995803833,10.069999694824219,10.053999900817871,10.069999694824219,17377.0
2024-10-25 12:22:00+00:00,RMBS,43.54999923706055,43.54999923706055,43.564998626708984,43.54999923706055,43.564998626708984,1599.0
2024-10-25 12:22:00+00:00,RPD,39.116798400878906,39.116798400878906,39.116798400878906,39.116798400878906,39.116798400878906,316.0
2024-10-25 12:22:00+00:00,RUM,5.755000114440918,5.755000114440918,5.775100231170654,5.755000114440918,5.775100231170654,6452.0
2024-10-25 12:22:00+00:00,RUN,14.425000190734863,14.425000190734863,14.449999809265137,14.425000190734863,14.430000305175781,7102.0
2024-10-25 12:22:00+00:00,RXT,2.544600009918213,2.544600009918213,2.544600009918213,2.544600009918213,2.544600009918213,544.0
2024-10-25 12:22:00+00:00,SATS,25.104999542236328,25.104999542236328,25.104999542236328,25.104999542236328,25.104999542236328,454.0
2024-10-25 12:22:00+00:00,SCWX,8.369999885559082,8.369999885559082,8.369999885559082,8.369999885559082,8.369999885559082,13.0
2024-10-25 12:22:00+00:00,SEDG,16.219999313354492,16.219999313354492,16.225000381469727,16.209999084472656,16.219999313354492,5234.0
2024-10-25 12:22:00+00:00,SHLS,5.321199893951416,5.321199893951416,5.325200080871582,5.321199893951416,5.325200080871582,407.0
2024-10-25 12:22:00+00:00,SLAB,115.9800033569336,115.9800033569336,115.9800033569336,115.9800033569336,115.9800033569336,652.0
2024-10-25 12:22:00+00:00,SMCI,47.93989944458008,47.93989944458008,47.939998626708984,47.81100082397461,47.869998931884766,88617.0
2024-10-25 12:22:00+00:00,SMTC,45.7400016784668,45.7400016784668,45.7400016784668,45.72999954223633,45.72999954223633,1269.0
2024-10-25 12:22:00+00:00,SNPS,503.0400085449219,503.0400085449219,503.0400085449219,503.0400085449219,503.0400085449219,513.0
2024-10-25 12:22:00+00:00,SONM,3.5899999141693115,3.5899999141693115,3.5899999141693115,3.5899999141693115,3.5899999141693115,185.0
2024-10-25 12:22:00+00:00,SONO,12.835000038146973,12.835000038146973,12.835000038146973,12.824999809265137,12.824999809265137,2322.0
2024-10-25 12:22:00+00:00,SOUN,5.284999847412109,5.284999847412109,5.285999774932861,5.28000020980835,5.285399913787842,11500.0
2024-10-25 12:22:00+00:00,SPI,0.42250001430511475,0.42250001430511475,0.42250001430511475,0.42250001430511475,0.42250001430511475,449.0
2024-10-25 12:22:00+00:00,SPSC,172.36000061035156,172.36000061035156,172.36000061035156,172.0,172.0800018310547,8824.0
2024-10-25 12:22:00+00:00,SSNC,69.62000274658203,69.62000274658203,69.73500061035156,69.5999984741211,69.72000122070312,107446.0
2024-10-25 12:22:00+00:00,SSYS,7.135000228881836,7.135000228881836,7.139999866485596,7.135000228881836,7.139999866485596,738.0
2024-10-25 12:22:00+00:00,STNE,11.494999885559082,11.494999885559082,11.5,11.489999771118164,11.499799728393555,1428.0
2024-10-25 12:22:00+00:00,STX,104.06999969482422,104.06999969482422,104.06999969482422,103.94000244140625,103.94000244140625,3525.0
2024-10-25 12:22:00+00:00,SVRE,0.08250000327825546,0.08250000327825546,0.08250000327825546,0.08250000327825546,0.08250000327825546,1607.0
2024-10-25 12:22:00+00:00,SWKS,96.61000061035156,96.61000061035156,96.625,96.61000061035156,96.625,964.0
2024-10-25 12:22:00+00:00,SYNA,73.44999694824219,73.44999694824219,73.61000061035156,73.44999694824219,73.61000061035156,4359.0
2024-10-25 12:22:00+00:00,TEAM,190.9199981689453,190.9199981689453,190.9199981689453,190.8022003173828,190.8022003173828,1305.0
2024-10-25 12:22:00+00:00,TENB,41.77000045776367,41.77000045776367,41.790000915527344,41.77000045776367,41.790000915527344,1229.0
2024-10-25 12:22:00+00:00,TER,112.87999725341797,112.87999725341797,112.88999938964844,112.87000274658203,112.87000274658203,1044.0
2024-10-25 12:22:00+00:00,TLS,3.6549999713897705,3.6549999713897705,3.6549999713897705,3.6549999713897705,3.6549999713897705,214.0
2024-10-25 12:22:00+00:00,TRMB,61.11000061035156,61.11000061035156,61.11000061035156,61.099998474121094,61.099998474121094,1382.0
2024-10-25 12:22:00+00:00,TSEM,45.005001068115234,45.005001068115234,45.005001068115234,45.005001068115234,45.005001068115234,668.0
2024-10-25 12:22:00+00:00,TWKS,4.454999923706055,4.454999923706055,4.454999923706055,4.449999809265137,4.449999809265137,2904.0
2024-10-25 12:22:00+00:00,TXN,208.88119506835938,208.88119506835938,208.97000122070312,208.88119506835938,208.90499877929688,2128.0
2024-10-25 12:22:00+00:00,VECO,29.540000915527344,29.540000915527344,29.540000915527344,29.530000686645508,29.530000686645508,613.0
2024-10-25 12:22:00+00:00,VERI,3.424999952316284,3.424999952316284,3.424999952316284,3.424999952316284,3.424999952316284,1255.0
2024-10-25 12:22:00+00:00,VIAV,9.265000343322754,9.265000343322754,9.270000457763672,9.265000343322754,9.270000457763672,601.0
2024-10-25 12:22:00+00:00,VNET,3.4600000381469727,3.4600000381469727,3.4700000286102295,3.4600000381469727,3.4700000286102295,2513.0
2024-10-25 12:22:00+00:00,VRNS,56.88999938964844,56.88999938964844,56.88999938964844,56.87879943847656,56.87879943847656,3400.0
2024-10-25 12:22:00+00:00,VRNT,22.135000228881836,22.135000228881836,22.135000228881836,22.1299991607666,22.1299991607666,1537.0
2024-10-25 12:22:00+00:00,VRSN,185.83999633789062,185.83999633789062,185.83999633789062,185.83999633789062,185.83999633789062,1397.0
2024-10-25 12:22:00+00:00,VSAT,10.380000114440918,10.380000114440918,10.380000114440918,10.380000114440918,10.380000114440918,210.0
2024-10-25 12:22:00+00:00,VUZI,1.315000057220459,1.315000057220459,1.315000057220459,1.315000057220459,1.315000057220459,151.0
2024-10-25 12:22:00+00:00,WDAY,239.77000427246094,239.77000427246094,239.88999938964844,239.77000427246094,239.88999938964844,1417.0
2024-10-25 12:22:00+00:00,WDC,71.56999969482422,71.56999969482422,71.62480163574219,71.44000244140625,71.44000244140625,14605.0
2024-10-25 12:22:00+00:00,WISA,1.8799999952316284,1.8799999952316284,1.8799999952316284,1.875,1.875,9192.0
2024-10-25 12:22:00+00:00,WLDS,3.359999895095825,3.359999895095825,3.359999895095825,3.299999952316284,3.3299999237060547,4142.0
2024-10-25 12:22:00+00:00,ZBRA,363.1099853515625,363.1099853515625,363.1099853515625,362.92999267578125,362.92999267578125,1257.0
2024-10-25 12:22:00+00:00,ZI,10.53909969329834,10.53909969329834,10.539999961853027,10.53499984741211,10.53499984741211,3764.0
2024-10-25 12:22:00+00:00,ZM,73.18000030517578,73.18000030517578,73.18000030517578,73.16999816894531,73.16999816894531,1876.0
2024-10-25 12:22:00+00:00,ZS,186.47999572753906,186.47999572753906,186.47999572753906,186.42999267578125,186.42999267578125,627.0
2024-10-25 12:23:00+00:00,AAOI,18.260000228881836,18.260000228881836,18.290000915527344,18.260000228881836,18.290000915527344,1392.0
2024-10-25 12:23:00+00:00,AAPL,232.5800018310547,232.5800018310547,232.6154022216797,232.5800018310547,232.5800018310547,28665.0
2024-10-25 12:23:00+00:00,ADBE,485.4849853515625,485.4849853515625,485.4849853515625,485.3450012207031,485.3450012207031,2388.0
2024-10-25 12:23:00+00:00,ADI,233.63499450683594,233.63499450683594,233.66000366210938,233.61000061035156,233.61000061035156,2135.0
2024-10-25 12:23:00+00:00,ADSK,286.75,286.75,286.81500244140625,286.75,286.81500244140625,1546.0
2024-10-25 12:23:00+00:00,ADTN,6.380000114440918,6.380000114440918,6.380000114440918,6.380000114440918,6.380000114440918,1512.0
2024-10-25 12:23:00+00:00,AEHR,17.110000610351562,17.110000610351562,17.110000610351562,17.09600067138672,17.09600067138672,1360.0
2024-10-25 12:23:00+00:00,AEYE,22.979999542236328,22.979999542236328,22.979999542236328,22.969999313354492,22.969999313354492,826.0
2024-10-25 12:23:00+00:00,AFRM,41.902000427246094,41.902000427246094,41.93000030517578,41.902000427246094,41.93000030517578,3546.0
2024-10-25 12:23:00+00:00,AKAM,103.07160186767578,103.07160186767578,103.07160186767578,103.07160186767578,103.07160186767578,856.0
2024-10-25 12:23:00+00:00,AKTS,0.05700000002980232,0.05700000002980232,0.05700000002980232,0.05700000002980232,0.05700000002980232,28124.0
2024-10-25 12:23:00+00:00,ALGM,22.850000381469727,22.850000381469727,22.850000381469727,22.84000015258789,22.850000381469727,1884.0
2024-10-25 12:23:00+00:00,ALKT,38.13999938964844,38.13999938964844,38.141700744628906,38.13999938964844,38.141700744628906,1313.0
2024-10-25 12:23:00+00:00,ALRM,54.65999984741211,54.65999984741211,54.689998626708984,54.65999984741211,54.65999984741211,466.0
2024-10-25 12:23:00+00:00,AMAT,188.43780517578125,188.43780517578125,188.43780517578125,188.2895050048828,188.3800048828125,4222.0
2024-10-25 12:23:00+00:00,AMD,158.09500122070312,158.09500122070312,158.11000061035156,157.9300994873047,157.94000244140625,80384.0
2024-10-25 12:23:00+00:00,AMKR,30.040000915527344,30.040000915527344,30.040000915527344,30.040000915527344,30.040000915527344,538.0
2024-10-25 12:23:00+00:00,AMPL,9.234999656677246,9.234999656677246,9.234999656677246,9.234999656677246,9.234999656677246,309.0
2024-10-25 12:23:00+00:00,ANSS,325.57000732421875,325.57000732421875,325.7699890136719,325.57000732421875,325.7699890136719,1853.0
2024-10-25 12:23:00+00:00,AOSL,36.51499938964844,36.51499938964844,36.51499938964844,36.51499938964844,36.51499938964844,352.0
2024-10-25 12:23:00+00:00,API,2.815000057220459,2.815000057220459,2.819999933242798,2.815000057220459,2.815000057220459,1430.0
2024-10-25 12:23:00+00:00,APP,162.13499450683594,162.13499450683594,162.19000244140625,162.13499450683594,162.19000244140625,2350.0
2024-10-25 12:23:00+00:00,APPF,215.22999572753906,215.22999572753906,215.64999389648438,215.22999572753906,215.64999389648438,2111.0
2024-10-25 12:23:00+00:00,APPS,3.075000047683716,3.075000047683716,3.075000047683716,3.069999933242798,3.069999933242798,999.0
2024-10-25 12:23:00+00:00,ARRY,6.554999828338623,6.554999828338623,6.554999828338623,6.545000076293945,6.545000076293945,7323.0
2024-10-25 12:23:00+00:00,ASML,718.106689453125,718.106689453125,718.106689453125,718.0,718.0,716.0
2024-10-25 12:23:00+00:00,AUDC,9.210000038146973,9.210000038146973,9.210000038146973,9.210000038146973,9.210000038146973,478.0
2024-10-25 12:23:00+00:00,AUID,6.800000190734863,6.800000190734863,6.820000171661377,6.800000190734863,6.820000171661377,1921.0
2024-10-25 12:23:00+00:00,AUR,6.439899921417236,6.439899921417236,6.439899921417236,6.429999828338623,6.429999828338623,1143.0
2024-10-25 12:23:00+00:00,AVDX,8.15999984741211,8.15999984741211,8.15999984741211,8.149999618530273,8.149999618530273,929.0
2024-10-25 12:23:00+00:00,AVGO,176.17999267578125,176.17999267578125,176.17999267578125,176.0500030517578,176.10000610351562,12870.0
2024-10-25 12:23:00+00:00,AVT,54.165000915527344,54.165000915527344,54.165000915527344,54.15999984741211,54.15999984741211,1069.0
2024-10-25 12:23:00+00:00,BAND,17.709999084472656,17.709999084472656,17.709999084472656,17.709999084472656,17.709999084472656,290.0
2024-10-25 12:23:00+00:00,BL,56.52000045776367,56.52000045776367,56.52000045776367,56.52000045776367,56.52000045776367,296.0
2024-10-25 12:23:00+00:00,BSY,49.20000076293945,49.20000076293945,49.20000076293945,49.18119812011719,49.18119812011719,440.0
2024-10-25 12:23:00+00:00,CCSI,20.545000076293945,20.545000076293945,20.549999237060547,20.510000228881836,20.549999237060547,1283.0
2024-10-25 12:23:00+00:00,CDNS,259.2099914550781,259.2099914550781,259.2099914550781,259.1300048828125,259.1700134277344,2189.0
2024-10-25 12:23:00+00:00,CDW,219.51499938964844,219.51499938964844,219.51499938964844,219.51499938964844,219.51499938964844,200.0
2024-10-25 12:23:00+00:00,CETX,0.30149999260902405,0.30149999260902405,0.30149999260902405,0.30149999260902405,0.30149999260902405,2726.0
2024-10-25 12:23:00+00:00,CEVA,24.235000610351562,24.235000610351562,24.235000610351562,24.229999542236328,24.229999542236328,1066.0
2024-10-25 12:23:00+00:00,CFLT,22.645000457763672,22.645000457763672,22.645000457763672,22.6299991607666,22.635000228881836,2195.0
2024-10-25 12:23:00+00:00,CGNT,6.659999847412109,6.659999847412109,6.659999847412109,6.659999847412109,6.659999847412109,206.0
2024-10-25 12:23:00+00:00,CLSK,11.87969970703125,11.87969970703125,11.909899711608887,11.869999885559082,11.900199890136719,37734.0
2024-10-25 12:23:00+00:00,COHR,95.3468017578125,95.3468017578125,95.36000061035156,95.28500366210938,95.30000305175781,5058.0
2024-10-25 12:23:00+00:00,COHU,26.290000915527344,26.290000915527344,26.290000915527344,26.290000915527344,26.290000915527344,1293.0
2024-10-25 12:23:00+00:00,COIN,209.3800048828125,209.3800048828125,209.72999572753906,209.25,209.6999969482422,7876.0
2024-10-25 12:23:00+00:00,COMM,6.315000057220459,6.315000057220459,6.319300174713135,6.3140997886657715,6.3140997886657715,2222.0
2024-10-25 12:23:00+00:00,CORZ,13.375,13.375,13.375,13.37399959564209,13.37399959564209,2773.0
2024-10-25 12:23:00+00:00,CORZW,7.849999904632568,7.849999904632568,7.849999904632568,7.849999904632568,7.849999904632568,695.0
2024-10-25 12:23:00+00:00,CRCT,6.610000133514404,6.610000133514404,6.610000133514404,6.610000133514404,6.610000133514404,470.0
2024-10-25 12:23:00+00:00,CRDO,39.869998931884766,39.869998931884766,39.869998931884766,39.83000183105469,39.83000183105469,389.0
2024-10-25 12:23:00+00:00,CRNT,2.4549999237060547,2.4549999237060547,2.4549999237060547,2.4549999237060547,2.4549999237060547,0.0
2024-10-25 12:23:00+00:00,CRSR,6.434999942779541,6.434999942779541,6.440000057220459,6.434999942779541,6.440000057220459,437.0
2024-10-25 12:23:00+00:00,CRUS,123.7699966430664,123.7699966430664,123.7699966430664,123.7699966430664,123.7699966430664,219.0
2024-10-25 12:23:00+00:00,CRWD,309.5950012207031,309.5950012207031,309.6199951171875,309.5,309.5,3787.0
2024-10-25 12:23:00+00:00,CSCO,55.994998931884766,55.994998931884766,55.99599838256836,55.9900016784668,55.99599838256836,6180.0
2024-10-25 12:23:00+00:00,CSIQ,13.845000267028809,13.845000267028809,13.850000381469727,13.84000015258789,13.850000381469727,2176.0
2024-10-25 12:23:00+00:00,CTLP,8.920000076293945,8.920000076293945,8.930000305175781,8.920000076293945,8.930000305175781,1870.0
2024-10-25 12:23:00+00:00,CTSH,74.98999786376953,74.98999786376953,74.98999786376953,74.97000122070312,74.97000122070312,2004.0
2024-10-25 12:23:00+00:00,CVLT,134.3574981689453,134.3574981689453,134.41000366210938,134.3574981689453,134.41000366210938,1978.0
2024-10-25 12:23:00+00:00,CYBR,292.3500061035156,292.3500061035156,292.3500061035156,292.3500061035156,292.3500061035156,242.0
2024-10-25 12:23:00+00:00,DAKT,13.180000305175781,13.180000305175781,13.180000305175781,13.180000305175781,13.180000305175781,182.0
2024-10-25 12:23:00+00:00,DATS,1.6500999927520752,1.6500999927520752,1.7000000476837158,1.649999976158142,1.690000057220459,4062.0
2024-10-25 12:23:00+00:00,DAVE,39.40999984741211,39.40999984741211,39.41999816894531,39.40999984741211,39.41999816894531,1093.0
2024-10-25 12:23:00+00:00,DDOG,127.55000305175781,127.55000305175781,127.55000305175781,127.48999786376953,127.5,3142.0
2024-10-25 12:23:00+00:00,DGII,30.670000076293945,30.670000076293945,30.670000076293945,30.670000076293945,30.670000076293945,343.0
2024-10-25 12:23:00+00:00,DLO,8.810099601745605,8.810099601745605,8.810099601745605,8.810099601745605,8.810099601745605,279.0
2024-10-25 12:23:00+00:00,DMRC,31.59000015258789,31.59000015258789,31.59000015258789,31.59000015258789,31.59000015258789,345.0
2024-10-25 12:23:00+00:00,DOCU,69.91999816894531,69.91999816894531,69.9800033569336,69.91999816894531,69.96499633789062,2738.0
2024-10-25 12:23:00+00:00,DOX,89.69499969482422,89.69499969482422,89.69499969482422,89.69499969482422,89.69499969482422,644.0
2024-10-25 12:23:00+00:00,DSP,11.425000190734863,11.425000190734863,11.425000190734863,11.425000190734863,11.425000190734863,200.0
2024-10-25 12:23:00+00:00,EEFT,100.33000183105469,100.33000183105469,100.33000183105469,100.33000183105469,100.33000183105469,246.0
2024-10-25 12:23:00+00:00,ENPH,83.5999984741211,83.5999984741211,83.62000274658203,83.5250015258789,83.55999755859375,4670.0
2024-10-25 12:23:00+00:00,ENTG,105.86000061035156,105.86000061035156,105.86000061035156,105.86000061035156,105.86000061035156,978.0
2024-10-25 12:23:00+00:00,ERIC,8.470499992370605,8.470499992370605,8.479999542236328,8.470499992370605,8.475000381469727,119358.0
2024-10-25 12:23:00+00:00,EXTR,14.475000381469727,14.475000381469727,14.479999542236328,14.475000381469727,14.479999542236328,621.0
2024-10-25 12:23:00+00:00,FIVN,30.06999969482422,30.06999969482422,30.100000381469727,30.06999969482422,30.100000381469727,1198.0
2024-10-25 12:23:00+00:00,FLYW,17.56999969482422,17.56999969482422,17.56999969482422,17.559999465942383,17.559999465942383,474.0
2024-10-25 12:23:00+00:00,FROG,29.44499969482422,29.44499969482422,29.44499969482422,29.44499969482422,29.44499969482422,227.0
2024-10-25 12:23:00+00:00,FRSH,11.6850004196167,11.6850004196167,11.6850004196167,11.6850004196167,11.6850004196167,959.0
2024-10-25 12:23:00+00:00,FSLR,199.5758056640625,199.5758056640625,199.5758056640625,199.47000122070312,199.5500030517578,3209.0
2024-10-25 12:23:00+00:00,FTNT,81.38749694824219,81.38749694824219,81.41500091552734,81.38749694824219,81.41500091552734,1902.0
2024-10-25 12:23:00+00:00,GCT,24.920000076293945,24.920000076293945,24.920000076293945,24.920000076293945,24.920000076293945,134.0
2024-10-25 12:23:00+00:00,GDS,21.584999084472656,21.584999084472656,21.584999084472656,21.584999084472656,21.584999084472656,719.0
2024-10-25 12:23:00+00:00,GDYN,15.59000015258789,15.59000015258789,15.59000015258789,15.579999923706055,15.59000015258789,412.0
2024-10-25 12:23:00+00:00,GFS,41.5099983215332,41.5099983215332,41.529998779296875,41.5099983215332,41.52000045776367,2508.0
2024-10-25 12:23:00+00:00,GPRO,1.3350000381469727,1.3350000381469727,1.3350000381469727,1.3350000381469727,1.3350000381469727,246.0
2024-10-25 12:23:00+00:00,GRAB,4.085000038146973,4.085000038146973,4.085000038146973,4.079999923706055,4.085000038146973,48730.0
2024-10-25 12:23:00+00:00,GRRR,4.5,4.5,4.5,4.5,4.5,310.0
2024-10-25 12:23:00+00:00,GSIT,3.4897000789642334,3.4897000789642334,3.4897000789642334,3.4897000789642334,3.4897000789642334,4000.0
2024-10-25 12:23:00+00:00,GTLB,55.689998626708984,55.689998626708984,55.689998626708984,55.65999984741211,55.65999984741211,807.0
2024-10-25 12:23:00+00:00,HCP,33.70000076293945,33.70000076293945,33.70000076293945,33.69499969482422,33.69499969482422,616.0
2024-10-25 12:23:00+00:00,HIMX,6.199999809265137,6.199999809265137,6.199999809265137,6.199999809265137,6.199999809265137,251.0
2024-10-25 12:23:00+00:00,HLIT,14.75,14.75,14.75,14.75,14.75,800.0
2024-10-25 12:23:00+00:00,HOLO,3.6500000953674316,3.6500000953674316,3.6500000953674316,3.6470999717712402,3.6500000953674316,5935.0
2024-10-25 12:23:00+00:00,HOOD,27.33139991760254,27.33139991760254,27.34000015258789,27.290000915527344,27.299999237060547,14917.0
2024-10-25 12:23:00+00:00,IMXI,17.614999771118164,17.614999771118164,17.614999771118164,17.614999771118164,17.614999771118164,379.0
2024-10-25 12:23:00+00:00,INDI,3.575000047683716,3.575000047683716,3.575000047683716,3.5748000144958496,3.575000047683716,3551.0
2024-10-25 12:23:00+00:00,INTC,23.114999771118164,23.114999771118164,23.136600494384766,23.110000610351562,23.135000228881836,99812.0
2024-10-25 12:23:00+00:00,INTU,610.5549926757812,610.5549926757812,610.6500244140625,610.4299926757812,610.4299926757812,3364.0
2024-10-25 12:23:00+00:00,KC,2.7100000381469727,2.7100000381469727,2.7100000381469727,2.7100000381469727,2.7100000381469727,385.0
2024-10-25 12:23:00+00:00,KLAC,680.8914794921875,680.8914794921875,680.8914794921875,680.8914794921875,680.8914794921875,494.0
2024-10-25 12:23:00+00:00,KOPN,0.779699981212616,0.779699981212616,0.7850000262260437,0.7792999744415283,0.7792999744415283,9063.0
2024-10-25 12:23:00+00:00,LASR,10.460000038146973,10.460000038146973,10.460000038146973,10.460000038146973,10.460000038146973,375.0
2024-10-25 12:23:00+00:00,LINK,5.0879998207092285,5.0879998207092285,5.099999904632568,4.989999771118164,5.048900127410889,7459.0
2024-10-25 12:23:00+00:00,LRCX,79.05999755859375,79.05999755859375,79.06999969482422,79.05000305175781,79.05999755859375,12012.0
2024-10-25 12:23:00+00:00,LSCC,54.45000076293945,54.45000076293945,54.45500183105469,54.45000076293945,54.45500183105469,904.0
2024-10-25 12:23:00+00:00,LUNA,1.8300000429153442,1.8300000429153442,1.8300000429153442,1.815000057220459,1.815000057220459,401.0
2024-10-25 12:23:00+00:00,LYFT,13.793000221252441,13.793000221252441,13.795000076293945,13.760199546813965,13.795000076293945,92299.0
2024-10-25 12:23:00+00:00,MAXN,5.735199928283691,5.735199928283691,5.735199928283691,5.735000133514404,5.735000133514404,403.0
2024-10-25 12:23:00+00:00,MCHP,77.00499725341797,77.00499725341797,77.05750274658203,77.0,77.05750274658203,6099.0
2024-10-25 12:23:00+00:00,MDB,267.489990234375,267.489990234375,267.489990234375,267.0899963378906,267.0899963378906,1241.0
2024-10-25 12:23:00+00:00,MITK,8.770000457763672,8.770000457763672,8.770000457763672,8.770000457763672,8.770000457763672,300.0
2024-10-25 12:23:00+00:00,MKSI,100.95870208740234,100.95870208740234,100.97000122070312,100.95870208740234,100.97000122070312,763.0
2024-10-25 12:23:00+00:00,MNDY,298.30999755859375,298.30999755859375,298.30999755859375,298.30999755859375,298.30999755859375,136.0
2024-10-25 12:23:00+00:00,MPWR,922.5,922.5,922.5,922.5,922.5,534.0
2024-10-25 12:23:00+00:00,MQ,5.295000076293945,5.295000076293945,5.295000076293945,5.289999961853027,5.295000076293945,1543.0
2024-10-25 12:23:00+00:00,MRVL,82.72000122070312,82.72000122070312,82.72000122070312,82.66999816894531,82.66999816894531,5499.0
2024-10-25 12:23:00+00:00,MSFT,430.3399963378906,430.3399963378906,430.375,430.30999755859375,430.3450012207031,10221.0
2024-10-25 12:23:00+00:00,MSTR,238.71499633789062,238.71499633789062,239.4499969482422,238.5500030517578,239.1750030517578,20163.0
2024-10-25 12:23:00+00:00,MTTR,4.659999847412109,4.659999847412109,4.659999847412109,4.659999847412109,4.659999847412109,919.0
2024-10-25 12:23:00+00:00,MU,109.08999633789062,109.08999633789062,109.09500122070312,109.05999755859375,109.05999755859375,7061.0
2024-10-25 12:23:00+00:00,MVIS,1.0850000381469727,1.0850000381469727,1.0850000381469727,1.0850000381469727,1.0850000381469727,0.0
2024-10-25 12:23:00+00:00,MXL,15.175000190734863,15.175000190734863,15.1899995803833,15.170000076293945,15.180000305175781,4662.0
2024-10-25 12:23:00+00:00,NCNO,37.869998931884766,37.869998931884766,37.869998931884766,37.869998931884766,37.869998931884766,329.0
2024-10-25 12:23:00+00:00,NTAP,120.41999816894531,120.41999816894531,120.41999816894531,120.41999816894531,120.41999816894531,638.0
2024-10-25 12:23:00+00:00,NTCT,20.670000076293945,20.670000076293945,20.670000076293945,20.635000228881836,20.649999618530273,2907.0
2024-10-25 12:23:00+00:00,NVDA,143.51870727539062,143.51870727539062,143.52999877929688,143.47000122070312,143.47860717773438,269179.0
2024-10-25 12:23:00+00:00,NVEI,33.52000045776367,33.52000045776367,33.52000045776367,33.52000045776367,33.52000045776367,103.0
2024-10-25 12:23:00+00:00,NVTS,2.603800058364868,2.603800058364868,2.603800058364868,2.5999999046325684,2.5999999046325684,1441.0
2024-10-25 12:23:00+00:00,NXPI,245.33999633789062,245.33999633789062,245.44000244140625,245.3300018310547,245.41000366210938,3046.0
2024-10-25 12:23:00+00:00,NXPL,1.0801000595092773,1.0801000595092773,1.0801000595092773,1.0801000595092773,1.0801000595092773,102.0
2024-10-25 12:23:00+00:00,OKTA,72.5,72.5,72.5,72.4800033569336,72.4800033569336,1170.0
2024-10-25 12:23:00+00:00,OLED,204.27000427246094,204.27000427246094,204.27000427246094,204.27000427246094,204.27000427246094,641.0
2024-10-25 12:23:00+00:00,ON,72.0,72.0,72.05000305175781,71.88999938964844,72.03469848632812,34599.0
2024-10-25 12:23:00+00:00,ONDS,0.891700029373169,0.891700029373169,0.891700029373169,0.891700029373169,0.891700029373169,3484.0
2024-10-25 12:23:00+00:00,OSPN,14.630000114440918,14.630000114440918,14.630000114440918,14.630000114440918,14.630000114440918,549.0
2024-10-25 12:23:00+00:00,PANW,369.5450134277344,369.5450134277344,369.5799865722656,369.5450134277344,369.5799865722656,736.0
2024-10-25 12:23:00+00:00,PAYO,8.3149995803833,8.3149995803833,8.3149995803833,8.3149995803833,8.3149995803833,217.0
2024-10-25 12:23:00+00:00,PAYS,3.7360000610351562,3.7360000610351562,3.7360000610351562,3.7360000610351562,3.7360000610351562,598.0
2024-10-25 12:23:00+00:00,PEGA,80.23999786376953,80.23999786376953,80.23999786376953,80.16999816894531,80.16999816894531,2036.0
2024-10-25 12:23:00+00:00,PHUN,10.303899765014648,10.303899765014648,10.303899765014648,10.25,10.250200271606445,35342.0
2024-10-25 12:23:00+00:00,POWI,64.11000061035156,64.11000061035156,64.11000061035156,64.11000061035156,64.11000061035156,1253.0
2024-10-25 12:23:00+00:00,PTC,186.625,186.625,186.625,186.625,186.625,328.0
2024-10-25 12:23:00+00:00,PUBM,14.869999885559082,14.869999885559082,14.869999885559082,14.869999885559082,14.869999885559082,816.0
2024-10-25 12:23:00+00:00,PYCR,14.335000038146973,14.335000038146973,14.335000038146973,14.329999923706055,14.329999923706055,1273.0
2024-10-25 12:23:00+00:00,QCOM,172.7899932861328,172.7899932861328,172.8350067138672,172.77999877929688,172.82000732421875,4587.0
2024-10-25 12:23:00+00:00,QUBT,1.0700000524520874,1.0700000524520874,1.0700000524520874,1.0640000104904175,1.069000005722046,2578.0
2024-10-25 12:23:00+00:00,RCAT,2.7599000930786133,2.7599000930786133,2.7599000930786133,2.7599000930786133,2.7599000930786133,1082.0
2024-10-25 12:23:00+00:00,RDWR,22.399999618530273,22.399999618530273,22.399999618530273,22.399999618530273,22.399999618530273,29.0
2024-10-25 12:23:00+00:00,RELL,14.010000228881836,14.010000228881836,14.010000228881836,14.010000228881836,14.010000228881836,921.0
2024-10-25 12:23:00+00:00,RELY,14.744999885559082,14.744999885559082,14.744999885559082,14.744999885559082,14.744999885559082,309.0
2024-10-25 12:23:00+00:00,RGTI,1.2200000286102295,1.2200000286102295,1.2300000190734863,1.2200000286102295,1.2300000190734863,15401.0
2024-10-25 12:23:00+00:00,RIOT,10.055299758911133,10.055299758911133,10.0649995803833,10.039999961853027,10.060099601745605,23122.0
2024-10-25 12:23:00+00:00,RPAY,7.599999904632568,7.599999904632568,7.599999904632568,7.599999904632568,7.599999904632568,174.0
2024-10-25 12:23:00+00:00,RUM,5.749000072479248,5.749000072479248,5.755000114440918,5.739999771118164,5.755000114440918,6198.0
2024-10-25 12:23:00+00:00,RUN,14.4399995803833,14.4399995803833,14.4399995803833,14.430000305175781,14.430000305175781,2691.0
2024-10-25 12:23:00+00:00,SATS,25.100000381469727,25.100000381469727,25.110000610351562,25.100000381469727,25.110000610351562,1035.0
2024-10-25 12:23:00+00:00,SCWX,8.375,8.375,8.375,8.375,8.375,200.0
2024-10-25 12:23:00+00:00,SEDG,16.239999771118164,16.239999771118164,16.239999771118164,16.209999084472656,16.21500015258789,5833.0
2024-10-25 12:23:00+00:00,SHLS,5.329999923706055,5.329999923706055,5.329999923706055,5.324999809265137,5.324999809265137,934.0
2024-10-25 12:23:00+00:00,SLAB,115.98999786376953,115.98999786376953,115.98999786376953,115.98999786376953,115.98999786376953,689.0
2024-10-25 12:23:00+00:00,SLNH,4.139999866485596,4.139999866485596,4.150000095367432,4.079999923706055,4.142000198364258,3354.0
2024-10-25 12:23:00+00:00,SMCI,47.939998626708984,47.939998626708984,47.939998626708984,47.850101470947266,47.93000030517578,69732.0
2024-10-25 12:23:00+00:00,SMTC,45.7599983215332,45.7599983215332,45.77989959716797,45.75,45.75,1377.0
2024-10-25 12:23:00+00:00,SNPS,503.1600036621094,503.1600036621094,503.1600036621094,503.1199951171875,503.1199951171875,416.0
2024-10-25 12:23:00+00:00,SOUN,5.285999774932861,5.285999774932861,5.285999774932861,5.280200004577637,5.283999919891357,2088.0
2024-10-25 12:23:00+00:00,SPSC,171.91000366210938,171.91000366210938,172.07000732421875,171.91000366210938,172.07000732421875,1210.0
2024-10-25 12:23:00+00:00,SRAD,12.390000343322754,12.390000343322754,12.390000343322754,12.390000343322754,12.390000343322754,308.0
2024-10-25 12:23:00+00:00,SSNC,69.689697265625,69.689697265625,69.69000244140625,69.62000274658203,69.62000274658203,5802.0
2024-10-25 12:23:00+00:00,SSYS,7.135000228881836,7.135000228881836,7.135000228881836,7.135000228881836,7.135000228881836,184.0
2024-10-25 12:23:00+00:00,STNE,11.494999885559082,11.494999885559082,11.494999885559082,11.494999885559082,11.494999885559082,1477.0
2024-10-25 12:23:00+00:00,STX,104.04000091552734,104.04000091552734,104.08000183105469,104.04000091552734,104.08000183105469,736.0
2024-10-25 12:23:00+00:00,SWKS,96.57499694824219,96.57499694824219,96.5999984741211,96.57499694824219,96.5999984741211,1078.0
2024-10-25 12:23:00+00:00,SYNA,73.45999908447266,73.45999908447266,73.45999908447266,73.45999908447266,73.45999908447266,215.0
2024-10-25 12:23:00+00:00,TER,112.83000183105469,112.83000183105469,112.91000366210938,112.83000183105469,112.88500213623047,6983.0
2024-10-25 12:23:00+00:00,TRMB,61.11000061035156,61.11000061035156,61.11000061035156,61.11000061035156,61.11000061035156,410.0
2024-10-25 12:23:00+00:00,TTD,119.70819854736328,119.70819854736328,119.70989990234375,119.67500305175781,119.67500305175781,1628.0
2024-10-25 12:23:00+00:00,TTEC,5.409999847412109,5.409999847412109,5.409999847412109,5.409999847412109,5.409999847412109,493.0
2024-10-25 12:23:00+00:00,TWKS,4.449999809265137,4.449999809265137,4.449999809265137,4.449999809265137,4.449999809265137,100.0
2024-10-25 12:23:00+00:00,TXN,209.0,209.0,209.0,208.89999389648438,208.95419311523438,2670.0
2024-10-25 12:23:00+00:00,UCTT,36.099998474121094,36.099998474121094,36.099998474121094,36.099998474121094,36.099998474121094,126.0
2024-10-25 12:23:00+00:00,VECO,29.530000686645508,29.530000686645508,29.530000686645508,29.530000686645508,29.530000686645508,1027.0
2024-10-25 12:23:00+00:00,VERI,3.4200000762939453,3.4200000762939453,3.4200000762939453,3.4200000762939453,3.4200000762939453,352.0
2024-10-25 12:23:00+00:00,VIAV,9.270000457763672,9.270000457763672,9.270000457763672,9.270000457763672,9.270000457763672,414.0
2024-10-25 12:23:00+00:00,VISL,6.269999980926514,6.269999980926514,6.339000225067139,6.269999980926514,6.339000225067139,1938.0
2024-10-25 12:23:00+00:00,VMEO,4.769999980926514,4.769999980926514,4.769999980926514,4.769999980926514,4.769999980926514,683.0
2024-10-25 12:23:00+00:00,VRNS,56.935001373291016,56.935001373291016,56.95000076293945,56.900001525878906,56.900001525878906,5723.0
2024-10-25 12:23:00+00:00,VSAT,10.369999885559082,10.369999885559082,10.375699996948242,10.369999885559082,10.375699996948242,1766.0
2024-10-25 12:23:00+00:00,VUZI,1.3193999528884888,1.3193999528884888,1.3193999528884888,1.3193999528884888,1.3193999528884888,785.0
2024-10-25 12:23:00+00:00,WDAY,239.7899932861328,239.7899932861328,239.88999938964844,239.7899932861328,239.88999938964844,782.0
2024-10-25 12:23:00+00:00,WDC,71.54000091552734,71.54000091552734,71.56500244140625,71.5,71.55000305175781,7170.0
2024-10-25 12:23:00+00:00,WISA,1.8798999786376953,1.8798999786376953,1.8798999786376953,1.8798999786376953,1.8798999786376953,200.0
2024-10-25 12:23:00+00:00,WLDS,3.4100000858306885,3.4100000858306885,3.4100000858306885,3.390000104904175,3.390000104904175,1167.0
2024-10-25 12:23:00+00:00,XRX,10.109999656677246,10.109999656677246,10.110099792480469,10.109999656677246,10.110099792480469,2016.0
2024-10-25 12:23:00+00:00,ZBRA,363.22601318359375,363.22601318359375,363.2799987792969,363.22601318359375,363.2799987792969,848.0
2024-10-25 12:23:00+00:00,ZI,10.53499984741211,10.53499984741211,10.53499984741211,10.53499984741211,10.53499984741211,1162.0
2024-10-25 12:23:00+00:00,ZM,73.18000030517578,73.18000030517578,73.18000030517578,73.17500305175781,73.17500305175781,1549.0
2024-10-25 12:23:00+00:00,ZS,186.50999450683594,186.50999450683594,186.50999450683594,186.50999450683594,186.50999450683594,1581.0
2024-10-25 12:24:00+00:00,AAOI,18.239999771118164,18.239999771118164,18.239999771118164,18.239999771118164,18.239999771118164,1432.0
2024-10-25 12:24:00+00:00,AAPL,232.64010620117188,232.64010620117188,232.65570068359375,232.5402069091797,232.5850067138672,49436.0
2024-10-25 12:24:00+00:00,ACIW,48.84000015258789,48.84000015258789,48.88999938964844,48.84000015258789,48.875,1891.0
2024-10-25 12:24:00+00:00,ADBE,485.45001220703125,485.45001220703125,485.4800109863281,485.1654968261719,485.2900085449219,1853.0
2024-10-25 12:24:00+00:00,ADI,233.6699981689453,233.6699981689453,233.6999969482422,233.6699981689453,233.6999969482422,1228.0
2024-10-25 12:24:00+00:00,ADSK,286.80999755859375,286.80999755859375,286.80999755859375,286.7850036621094,286.7850036621094,595.0
2024-10-25 12:24:00+00:00,AEHR,17.079999923706055,17.079999923706055,17.1200008392334,17.06999969482422,17.110000610351562,7081.0
2024-10-25 12:24:00+00:00,AFRM,41.90999984741211,41.90999984741211,41.90999984741211,41.88999938964844,41.88999938964844,4078.0
2024-10-25 12:24:00+00:00,ALGM,22.864999771118164,22.864999771118164,22.864999771118164,22.844999313354492,22.844999313354492,5411.0
2024-10-25 12:24:00+00:00,ALTR,103.81500244140625,103.81500244140625,103.81500244140625,103.81500244140625,103.81500244140625,371.0
2024-10-25 12:24:00+00:00,AMAT,188.36500549316406,188.36500549316406,188.4600067138672,188.33009338378906,188.39999389648438,6620.0
2024-10-25 12:24:00+00:00,AMD,158.15310668945312,158.15310668945312,158.2100067138672,158.07620239257812,158.10000610351562,77582.0
2024-10-25 12:24:00+00:00,AMKR,30.09000015258789,30.09000015258789,30.09000015258789,30.056100845336914,30.056100845336914,3315.0
2024-10-25 12:24:00+00:00,API,2.815000057220459,2.815000057220459,2.815000057220459,2.815000057220459,2.815000057220459,390.0
2024-10-25 12:24:00+00:00,APP,162.10499572753906,162.10499572753906,162.1699981689453,162.0399932861328,162.1199951171875,11018.0
2024-10-25 12:24:00+00:00,APPS,3.075000047683716,3.075000047683716,3.075000047683716,3.069999933242798,3.0717999935150146,396.0
2024-10-25 12:24:00+00:00,ARRY,6.539899826049805,6.539899826049805,6.554999828338623,6.53000020980835,6.554999828338623,17713.0
2024-10-25 12:24:00+00:00,ASML,718.4000244140625,718.4000244140625,718.492919921875,718.0200805664062,718.2391967773438,6405.0
2024-10-25 12:24:00+00:00,AUR,6.429999828338623,6.429999828338623,6.440000057220459,6.429999828338623,6.434999942779541,23259.0
2024-10-25 12:24:00+00:00,AVDX,8.154999732971191,8.154999732971191,8.15999984741211,8.154999732971191,8.15999984741211,755.0
2024-10-25 12:24:00+00:00,AVGO,176.13800048828125,176.13800048828125,176.19970703125,176.0800018310547,176.1699981689453,32817.0
2024-10-25 12:24:00+00:00,AVNW,21.03499984741211,21.03499984741211,21.03499984741211,21.014999389648438,21.014999389648438,966.0
2024-10-25 12:24:00+00:00,AVT,54.18000030517578,54.18000030517578,54.189998626708984,54.18000030517578,54.18000030517578,1180.0
2024-10-25 12:24:00+00:00,AZPN,235.7550048828125,235.7550048828125,235.7550048828125,235.7550048828125,235.7550048828125,431.0
2024-10-25 12:24:00+00:00,BELFA,103.66069793701172,103.66069793701172,103.66069793701172,103.66069793701172,103.66069793701172,753.0
2024-10-25 12:24:00+00:00,BIGC,5.309999942779541,5.309999942779541,5.309999942779541,5.309999942779541,5.309999942779541,438.0
2024-10-25 12:24:00+00:00,BMBL,7.255000114440918,7.255000114440918,7.255000114440918,7.255000114440918,7.255000114440918,1555.0
2024-10-25 12:24:00+00:00,BRZE,30.780000686645508,30.780000686645508,30.780000686645508,30.780000686645508,30.780000686645508,344.0
2024-10-25 12:24:00+00:00,BSY,49.189998626708984,49.189998626708984,49.189998626708984,49.189998626708984,49.189998626708984,201.0
2024-10-25 12:24:00+00:00,CAMT,78.56500244140625,78.56500244140625,78.56500244140625,78.56500244140625,78.56500244140625,224.0
2024-10-25 12:24:00+00:00,CAN,0.9936000108718872,0.9936000108718872,0.9936000108718872,0.9936000108718872,0.9936000108718872,490.0
2024-10-25 12:24:00+00:00,CCSI,20.600000381469727,20.600000381469727,20.600000381469727,20.559999465942383,20.56999969482422,1280.0
2024-10-25 12:24:00+00:00,CDNS,259.2900085449219,259.2900085449219,259.3299865722656,259.0592041015625,259.1300048828125,5080.0
2024-10-25 12:24:00+00:00,CDW,219.5,219.5,219.51499938964844,219.4864959716797,219.4864959716797,928.0
2024-10-25 12:24:00+00:00,CEVA,24.2549991607666,24.2549991607666,24.2549991607666,24.2549991607666,24.2549991607666,276.0
2024-10-25 12:24:00+00:00,CFLT,22.670000076293945,22.670000076293945,22.68000030517578,22.645000457763672,22.645000457763672,4369.0
2024-10-25 12:24:00+00:00,CGNX,39.09000015258789,39.09000015258789,39.09000015258789,39.084999084472656,39.09000015258789,634.0
2024-10-25 12:24:00+00:00,CLBT,18.139999389648438,18.139999389648438,18.139999389648438,18.13010025024414,18.13010025024414,1778.0
2024-10-25 12:24:00+00:00,CLSK,11.862799644470215,11.862799644470215,11.87600040435791,11.859999656677246,11.875,31167.0
2024-10-25 12:24:00+00:00,CMTL,3.7200000286102295,3.7200000286102295,3.7300000190734863,3.7200000286102295,3.7300000190734863,315.0
2024-10-25 12:24:00+00:00,COHR,95.29000091552734,95.29000091552734,95.36499786376953,95.29000091552734,95.36000061035156,5035.0
2024-10-25 12:24:00+00:00,COIN,209.36700439453125,209.36700439453125,209.46359252929688,209.24000549316406,209.42630004882812,6565.0
2024-10-25 12:24:00+00:00,COMM,6.320000171661377,6.320000171661377,6.329999923706055,6.320000171661377,6.320000171661377,2682.0
2024-10-25 12:24:00+00:00,CORZ,13.364999771118164,13.364999771118164,13.369999885559082,13.364999771118164,13.369999885559082,1571.0
2024-10-25 12:24:00+00:00,CRCT,6.610000133514404,6.610000133514404,6.610000133514404,6.610000133514404,6.610000133514404,258.0
2024-10-25 12:24:00+00:00,CRDO,39.869998931884766,39.869998931884766,39.869998931884766,39.8650016784668,39.8650016784668,459.0
2024-10-25 12:24:00+00:00,CRSR,6.435200214385986,6.435200214385986,6.435200214385986,6.435200214385986,6.435200214385986,666.0
2024-10-25 12:24:00+00:00,CRUS,123.81999969482422,123.81999969482422,123.87000274658203,123.80989837646484,123.80989837646484,2179.0
2024-10-25 12:24:00+00:00,CRWD,309.7698974609375,309.7698974609375,309.7698974609375,309.6499938964844,309.6499938964844,3882.0
2024-10-25 12:24:00+00:00,CSCO,56.0,56.0,56.0099983215332,55.994998931884766,55.997398376464844,8279.0
2024-10-25 12:24:00+00:00,CSIQ,13.815999984741211,13.815999984741211,13.845000267028809,13.815999984741211,13.845000267028809,7865.0
2024-10-25 12:24:00+00:00,CTLP,8.913999557495117,8.913999557495117,8.913999557495117,8.913999557495117,8.913999557495117,275.0
2024-10-25 12:24:00+00:00,CTSH,75.0199966430664,75.0199966430664,75.0199966430664,74.9800033569336,74.98600006103516,2627.0
2024-10-25 12:24:00+00:00,CYBR,292.3550109863281,292.3550109863281,292.3550109863281,292.3550109863281,292.3550109863281,397.0
2024-10-25 12:24:00+00:00,DATS,1.6598999500274658,1.6598999500274658,1.659999966621399,1.649999976158142,1.649999976158142,13222.0
2024-10-25 12:24:00+00:00,DDOG,127.6500015258789,127.6500015258789,127.6500015258789,127.55999755859375,127.55999755859375,5564.0
2024-10-25 12:24:00+00:00,DGHI,1.6198999881744385,1.6198999881744385,1.6198999881744385,1.590000033378601,1.590000033378601,4029.0
2024-10-25 12:24:00+00:00,DGII,30.690000534057617,30.690000534057617,30.690000534057617,30.690000534057617,30.690000534057617,521.0
2024-10-25 12:24:00+00:00,DLO,8.819999694824219,8.819999694824219,8.819999694824219,8.819999694824219,8.819999694824219,587.0
2024-10-25 12:24:00+00:00,DOCU,69.93000030517578,69.93000030517578,69.94000244140625,69.91500091552734,69.93199920654297,2278.0
2024-10-25 12:24:00+00:00,DOX,89.67500305175781,89.67500305175781,89.67500305175781,89.67500305175781,89.67500305175781,275.0
2024-10-25 12:24:00+00:00,DSP,11.423199653625488,11.423199653625488,11.423199653625488,11.423199653625488,11.423199653625488,748.0
2024-10-25 12:24:00+00:00,DUOL,289.6885070800781,289.6885070800781,290.0,289.6885070800781,289.95001220703125,5686.0
2024-10-25 12:24:00+00:00,ENPH,83.3499984741211,83.3499984741211,83.62000274658203,83.34500122070312,83.56500244140625,11470.0
2024-10-25 12:24:00+00:00,ENTG,105.83999633789062,105.83999633789062,105.87999725341797,105.83999633789062,105.86000061035156,3491.0
2024-10-25 12:24:00+00:00,ERIC,8.475000381469727,8.475000381469727,8.479999542236328,8.470000267028809,8.4798002243042,47939.0
2024-10-25 12:24:00+00:00,EXLS,38.913299560546875,38.913299560546875,38.913299560546875,38.913299560546875,38.913299560546875,1375.0
2024-10-25 12:24:00+00:00,EXTR,14.475000381469727,14.475000381469727,14.475000381469727,14.475000381469727,14.475000381469727,420.0
2024-10-25 12:24:00+00:00,FARO,17.895000457763672,17.895000457763672,17.895000457763672,17.895000457763672,17.895000457763672,290.0
2024-10-25 12:24:00+00:00,FFIV,216.6649932861328,216.6649932861328,216.67999267578125,216.6649932861328,216.67999267578125,1001.0
2024-10-25 12:24:00+00:00,FIVN,30.065000534057617,30.065000534057617,30.065000534057617,30.065000534057617,30.065000534057617,452.0
2024-10-25 12:24:00+00:00,FLEX,35.36000061035156,35.36000061035156,35.369998931884766,35.34000015258789,35.34989929199219,3929.0
2024-10-25 12:24:00+00:00,FLYW,17.579999923706055,17.579999923706055,17.579999923706055,17.559999465942383,17.559999465942383,1406.0
2024-10-25 12:24:00+00:00,FORM,45.27000045776367,45.27000045776367,45.27000045776367,45.27000045776367,45.27000045776367,460.0
2024-10-25 12:24:00+00:00,FROG,29.450000762939453,29.450000762939453,29.454200744628906,29.450000762939453,29.454200744628906,311.0
2024-10-25 12:24:00+00:00,FRSH,11.6850004196167,11.6850004196167,11.6850004196167,11.6850004196167,11.6850004196167,866.0
2024-10-25 12:24:00+00:00,FSLR,199.64500427246094,199.64500427246094,199.74000549316406,199.6300048828125,199.66000366210938,2688.0
2024-10-25 12:24:00+00:00,FTCI,0.6600000262260437,0.6600000262260437,0.6600000262260437,0.6600000262260437,0.6600000262260437,11440.0
2024-10-25 12:24:00+00:00,FTFT,0.3352999985218048,0.3352999985218048,0.3352999985218048,0.3352999985218048,0.3352999985218048,3300.0
2024-10-25 12:24:00+00:00,FTNT,81.4000015258789,81.4000015258789,81.41000366210938,81.38999938964844,81.38999938964844,3800.0
2024-10-25 12:24:00+00:00,GCT,24.93000030517578,24.93000030517578,24.940000534057617,24.93000030517578,24.940000534057617,1089.0
2024-10-25 12:24:00+00:00,GFS,41.41999816894531,41.41999816894531,41.439998626708984,41.41999816894531,41.439998626708984,20877.0
2024-10-25 12:24:00+00:00,GPRO,1.3350000381469727,1.3350000381469727,1.3350000381469727,1.3350000381469727,1.3350000381469727,863.0
2024-10-25 12:24:00+00:00,GRAB,4.085000038146973,4.085000038146973,4.090000152587891,4.085000038146973,4.085000038146973,3866.0
2024-10-25 12:24:00+00:00,GRRR,4.501999855041504,4.501999855041504,4.501999855041504,4.501999855041504,4.501999855041504,260.0
2024-10-25 12:24:00+00:00,GRRRW,0.06199999898672104,0.06199999898672104,0.06199999898672104,0.06199999898672104,0.06199999898672104,1300.0
2024-10-25 12:24:00+00:00,GTLB,55.68000030517578,55.68000030517578,55.72999954223633,55.68000030517578,55.70000076293945,1988.0
2024-10-25 12:24:00+00:00,HCP,33.69499969482422,33.69499969482422,33.70000076293945,33.69499969482422,33.70000076293945,377.0
2024-10-25 12:24:00+00:00,HIMX,6.199999809265137,6.199999809265137,6.204999923706055,6.199999809265137,6.201000213623047,5302.0
2024-10-25 12:24:00+00:00,HOLO,3.6668999195098877,3.6668999195098877,3.6668999195098877,3.6600000858306885,3.6600000858306885,527.0
2024-10-25 12:24:00+00:00,HOLOW,0.03709999844431877,0.03709999844431877,0.03709999844431877,0.03709999844431877,0.03709999844431877,400.0
2024-10-25 12:24:00+00:00,HOOD,27.325000762939453,27.325000762939453,27.360000610351562,27.31999969482422,27.34000015258789,15957.0
2024-10-25 12:24:00+00:00,IBEX,18.100000381469727,18.100000381469727,18.100000381469727,18.100000381469727,18.100000381469727,1379.0
2024-10-25 12:24:00+00:00,III,3.075000047683716,3.075000047683716,3.075000047683716,3.069999933242798,3.069999933242798,515.0
2024-10-25 12:24:00+00:00,IMOS,22.569900512695312,22.569900512695312,22.569900512695312,22.569900512695312,22.569900512695312,446.0
2024-10-25 12:24:00+00:00,INDI,3.575000047683716,3.575000047683716,3.575000047683716,3.575000047683716,3.575000047683716,2186.0
2024-10-25 12:24:00+00:00,INFN,6.789999961853027,6.789999961853027,6.789999961853027,6.789999961853027,6.789999961853027,62.0
2024-10-25 12:24:00+00:00,INTA,50.22999954223633,50.22999954223633,50.22999954223633,50.22999954223633,50.22999954223633,630.0
2024-10-25 12:24:00+00:00,INTC,23.1299991607666,23.1299991607666,23.139699935913086,23.114999771118164,23.114999771118164,44306.0
2024-10-25 12:24:00+00:00,INTU,610.5650024414062,610.5650024414062,610.5650024414062,610.3341064453125,610.3341064453125,862.0
2024-10-25 12:24:00+00:00,ITRN,27.104000091552734,27.104000091552734,27.159900665283203,27.104000091552734,27.159900665283203,1411.0
2024-10-25 12:24:00+00:00,JKHY,184.0800018310547,184.0800018310547,184.0800018310547,184.0800018310547,184.0800018310547,327.0
2024-10-25 12:24:00+00:00,KLAC,681.1799926757812,681.1799926757812,681.1799926757812,680.5869750976562,680.5869750976562,2516.0
2024-10-25 12:24:00+00:00,KLIC,44.38050079345703,44.38050079345703,44.38050079345703,44.38050079345703,44.38050079345703,204.0
2024-10-25 12:24:00+00:00,KOPN,0.7797999978065491,0.7797999978065491,0.7797999978065491,0.7797999978065491,0.7797999978065491,0.0
2024-10-25 12:24:00+00:00,LINK,5.088399887084961,5.088399887084961,5.090000152587891,5.000100135803223,5.019000053405762,6149.0
2024-10-25 12:24:00+00:00,LITE,64.45999908447266,64.45999908447266,64.4800033569336,64.45999908447266,64.4800033569336,544.0
2024-10-25 12:24:00+00:00,LOGI,81.13500213623047,81.13500213623047,81.15499877929688,81.13500213623047,81.15499877929688,2027.0
2024-10-25 12:24:00+00:00,LRCX,79.05000305175781,79.05000305175781,79.12999725341797,79.05000305175781,79.06500244140625,14708.0
2024-10-25 12:24:00+00:00,LSCC,54.470001220703125,54.470001220703125,54.470001220703125,54.4375,54.4375,4618.0
2024-10-25 12:24:00+00:00,LYFT,13.805000305175781,13.805000305175781,13.805000305175781,13.795000076293945,13.795000076293945,5221.0
2024-10-25 12:24:00+00:00,LYT,1.944599986076355,1.944599986076355,1.944599986076355,1.944599986076355,1.944599986076355,0.0
2024-10-25 12:24:00+00:00,MANH,275.7300109863281,275.7300109863281,275.75,275.67999267578125,275.68499755859375,2162.0
2024-10-25 12:24:00+00:00,MAPS,0.8568000197410583,0.8568000197410583,0.8568000197410583,0.8568000197410583,0.8568000197410583,0.0
2024-10-25 12:24:00+00:00,MCHP,77.0199966430664,77.0199966430664,77.0199966430664,77.01000213623047,77.0199966430664,5790.0
2024-10-25 12:24:00+00:00,MDB,268.0350036621094,268.0350036621094,268.0799865722656,267.5400085449219,267.6600036621094,1788.0
2024-10-25 12:24:00+00:00,MQ,5.295000076293945,5.295000076293945,5.295000076293945,5.295000076293945,5.295000076293945,549.0
2024-10-25 12:24:00+00:00,MRVL,82.73999786376953,82.73999786376953,82.75,82.71499633789062,82.7239990234375,15779.0
2024-10-25 12:24:00+00:00,MSFT,430.42999267578125,430.42999267578125,430.5249938964844,430.3399963378906,430.3399963378906,30022.0
2024-10-25 12:24:00+00:00,MSTR,239.08999633789062,239.08999633789062,239.16000366210938,238.64999389648438,238.8300018310547,20987.0
2024-10-25 12:24:00+00:00,MTLS,5.989999771118164,5.989999771118164,5.989999771118164,5.989999771118164,5.989999771118164,200.0
2024-10-25 12:24:00+00:00,MTSI,120.51000213623047,120.51000213623047,120.54499816894531,120.47000122070312,120.47000122070312,503.0
2024-10-25 12:24:00+00:00,MTTR,4.65500020980835,4.65500020980835,4.65500020980835,4.65500020980835,4.65500020980835,1234.0
2024-10-25 12:24:00+00:00,MU,109.14990234375,109.14990234375,109.16799926757812,109.0999984741211,109.0999984741211,6940.0
2024-10-25 12:24:00+00:00,MXL,15.180000305175781,15.180000305175781,15.199999809265137,15.180000305175781,15.1899995803833,2155.0
2024-10-25 12:24:00+00:00,NCNO,37.87820053100586,37.87820053100586,37.880001068115234,37.869998931884766,37.880001068115234,564.0
2024-10-25 12:24:00+00:00,NICE,176.98500061035156,176.98500061035156,176.98500061035156,176.75999450683594,176.75999450683594,955.0
2024-10-25 12:24:00+00:00,NTAP,120.44000244140625,120.44000244140625,120.44000244140625,120.40499877929688,120.40499877929688,1021.0
2024-10-25 12:24:00+00:00,NVDA,143.5749969482422,143.5749969482422,143.6300048828125,143.50999450683594,143.51089477539062,314348.0
2024-10-25 12:24:00+00:00,NVEI,33.52000045776367,33.52000045776367,33.52000045776367,33.52000045776367,33.52000045776367,189.0
2024-10-25 12:24:00+00:00,NVMI,185.27000427246094,185.27000427246094,185.27000427246094,185.0500030517578,185.0500030517578,311.0
2024-10-25 12:24:00+00:00,NXPI,245.39999389648438,245.39999389648438,245.4499969482422,245.39999389648438,245.4499969482422,1168.0
2024-10-25 12:24:00+00:00,OKTA,72.52999877929688,72.52999877929688,72.52999877929688,72.5,72.5,3334.0
2024-10-25 12:24:00+00:00,ON,72.0,72.0,72.0199966430664,72.0,72.01000213623047,32529.0
2024-10-25 12:24:00+00:00,ONDS,0.891700029373169,0.891700029373169,0.891700029373169,0.891700029373169,0.891700029373169,0.0
2024-10-25 12:24:00+00:00,OSIS,136.15499877929688,136.15499877929688,136.38999938964844,136.15499877929688,136.38999938964844,344.0
2024-10-25 12:24:00+00:00,OSS,2.434000015258789,2.434000015258789,2.434000015258789,2.434000015258789,2.434000015258789,235.0
2024-10-25 12:24:00+00:00,OTEX,33.380001068115234,33.380001068115234,33.380001068115234,33.380001068115234,33.380001068115234,380.0
2024-10-25 12:24:00+00:00,PANW,369.7149963378906,369.7149963378906,369.7300109863281,369.5899963378906,369.5899963378906,1976.0
2024-10-25 12:24:00+00:00,PAYO,8.3149995803833,8.3149995803833,8.3149995803833,8.3149995803833,8.3149995803833,505.0
2024-10-25 12:24:00+00:00,PAYS,3.75,3.75,3.75,3.740000009536743,3.740000009536743,342.0
2024-10-25 12:24:00+00:00,PCTY,173.3800048828125,173.3800048828125,173.3800048828125,173.3800048828125,173.3800048828125,2903.0
2024-10-25 12:24:00+00:00,PEGA,80.2300033569336,80.2300033569336,80.2300033569336,80.2300033569336,80.2300033569336,3528.0
2024-10-25 12:24:00+00:00,PGY,11.831199645996094,11.831199645996094,11.845000267028809,11.824999809265137,11.845000267028809,2778.0
2024-10-25 12:24:00+00:00,PHUN,10.359999656677246,10.359999656677246,10.359999656677246,10.300100326538086,10.300100326538086,41496.0
2024-10-25 12:24:00+00:00,PLAB,23.680099487304688,23.680099487304688,23.680099487304688,23.680099487304688,23.680099487304688,440.0
2024-10-25 12:24:00+00:00,PRTH,5.284999847412109,5.284999847412109,5.304200172424316,5.269999980926514,5.289999961853027,1448.0
2024-10-25 12:24:00+00:00,PTC,186.75,186.75,186.75,186.72000122070312,186.72000122070312,1255.0
2024-10-25 12:24:00+00:00,PYCR,14.335000038146973,14.335000038146973,14.335000038146973,14.335000038146973,14.335000038146973,459.0
2024-10-25 12:24:00+00:00,QCOM,172.7899932861328,172.7899932861328,172.8300018310547,172.7899932861328,172.8000030517578,6462.0
2024-10-25 12:24:00+00:00,QRVO,100.30000305175781,100.30000305175781,100.30000305175781,100.27999877929688,100.30000305175781,1570.0
2024-10-25 12:24:00+00:00,QUBT,1.065000057220459,1.065000057220459,1.0699000358581543,1.059999942779541,1.0698000192642212,2500.0
2024-10-25 12:24:00+00:00,RCAT,2.755000114440918,2.755000114440918,2.755000114440918,2.755000114440918,2.755000114440918,255.0
2024-10-25 12:24:00+00:00,RDWR,22.3799991607666,22.3799991607666,22.399999618530273,22.3799991607666,22.399999618530273,718.0
2024-10-25 12:24:00+00:00,REKR,1.0992000102996826,1.0992000102996826,1.0992000102996826,1.093999981880188,1.0950000286102295,2408.0
2024-10-25 12:24:00+00:00,RELY,14.744999885559082,14.744999885559082,14.744999885559082,14.744999885559082,14.744999885559082,1161.0
2024-10-25 12:24:00+00:00,RGTI,1.2200000286102295,1.2200000286102295,1.2200000286102295,1.2200000286102295,1.2200000286102295,693.0
2024-10-25 12:24:00+00:00,RIOT,10.034000396728516,10.034000396728516,10.0600004196167,10.034000396728516,10.059800148010254,44018.0
2024-10-25 12:24:00+00:00,RMBS,43.564998626708984,43.564998626708984,43.564998626708984,43.564998626708984,43.564998626708984,418.0
2024-10-25 12:24:00+00:00,RPAY,7.605000019073486,7.605000019073486,7.605000019073486,7.605000019073486,7.605000019073486,251.0
2024-10-25 12:24:00+00:00,RUM,5.760000228881836,5.760000228881836,5.764999866485596,5.749899864196777,5.749899864196777,1039.0
2024-10-25 12:24:00+00:00,RUN,14.399999618530273,14.399999618530273,14.4399995803833,14.390000343322754,14.438699722290039,14493.0
2024-10-25 12:24:00+00:00,SANM,67.75,67.75,67.75,67.72000122070312,67.72000122070312,1543.0
2024-10-25 12:24:00+00:00,SATS,25.118999481201172,25.118999481201172,25.1200008392334,25.05500030517578,25.101999282836914,5910.0
2024-10-25 12:24:00+00:00,SCSC,44.93000030517578,44.93000030517578,44.98500061035156,44.93000030517578,44.98500061035156,830.0
2024-10-25 12:24:00+00:00,SEDG,16.219999313354492,16.219999313354492,16.235000610351562,16.219999313354492,16.235000610351562,8767.0
2024-10-25 12:24:00+00:00,SHLS,5.3225998878479,5.3225998878479,5.32919979095459,5.3225998878479,5.32919979095459,462.0
2024-10-25 12:24:00+00:00,SIMO,57.185001373291016,57.185001373291016,57.189998626708984,57.150001525878906,57.150001525878906,1584.0
2024-10-25 12:24:00+00:00,SKYT,10.729999542236328,10.729999542236328,10.729999542236328,10.729999542236328,10.729999542236328,169.0
2024-10-25 12:24:00+00:00,SLAB,115.87999725341797,115.87999725341797,115.87999725341797,115.87999725341797,115.87999725341797,1256.0
2024-10-25 12:24:00+00:00,SMCI,47.935001373291016,47.935001373291016,47.970001220703125,47.93000030517578,47.939998626708984,32717.0
2024-10-25 12:24:00+00:00,SMSI,0.8050000071525574,0.8050000071525574,0.8050000071525574,0.8050000071525574,0.8050000071525574,685.0
2024-10-25 12:24:00+00:00,SNPS,503.5299987792969,503.5299987792969,503.5299987792969,503.090087890625,503.30999755859375,2478.0
2024-10-25 12:24:00+00:00,SONO,12.824999809265137,12.824999809265137,12.829999923706055,12.824999809265137,12.829999923706055,3376.0
2024-10-25 12:24:00+00:00,SOUN,5.284999847412109,5.284999847412109,5.289899826049805,5.284999847412109,5.284999847412109,14761.0
2024-10-25 12:24:00+00:00,SPSC,171.76499938964844,171.76499938964844,171.76499938964844,171.75,171.75,983.0
2024-10-25 12:24:00+00:00,SSNC,69.69000244140625,69.69000244140625,69.7300033569336,69.68499755859375,69.68499755859375,8980.0
2024-10-25 12:24:00+00:00,STNE,11.5,11.5,11.5,11.494999885559082,11.5,3511.0
2024-10-25 12:24:00+00:00,STX,103.98999786376953,103.98999786376953,104.04499816894531,103.98999786376953,104.04499816894531,2555.0
2024-10-25 12:24:00+00:00,SWKS,96.55500030517578,96.55500030517578,96.59500122070312,96.55500030517578,96.58000183105469,909.0
2024-10-25 12:24:00+00:00,SYNA,73.44200134277344,73.44200134277344,73.45500183105469,73.44200134277344,73.45500183105469,1123.0
2024-10-25 12:24:00+00:00,TEAM,191.05250549316406,191.05250549316406,191.10000610351562,190.92799377441406,190.94500732421875,5241.0
2024-10-25 12:24:00+00:00,TENB,41.75,41.75,41.75,41.75,41.75,925.0
2024-10-25 12:24:00+00:00,TER,112.91000366210938,112.91000366210938,112.91000366210938,112.83999633789062,112.83999633789062,5534.0
2024-10-25 12:24:00+00:00,TLS,3.6549999713897705,3.6549999713897705,3.6549999713897705,3.6549999713897705,3.6549999713897705,408.0
2024-10-25 12:24:00+00:00,TRMB,61.130001068115234,61.130001068115234,61.130001068115234,61.119998931884766,61.119998931884766,1055.0
2024-10-25 12:24:00+00:00,TSEM,45.005001068115234,45.005001068115234,45.005001068115234,45.005001068115234,45.005001068115234,250.0
2024-10-25 12:24:00+00:00,TTD,119.66999816894531,119.66999816894531,119.72000122070312,119.66999816894531,119.6875,1937.0
2024-10-25 12:24:00+00:00,TWKS,4.449999809265137,4.449999809265137,4.449999809265137,4.449999809265137,4.449999809265137,6986.0
2024-10-25 12:24:00+00:00,TXN,208.97500610351562,208.97500610351562,209.05999755859375,208.9550018310547,209.0,6183.0
2024-10-25 12:24:00+00:00,UCTT,36.11000061035156,36.11000061035156,36.11000061035156,36.11000061035156,36.11000061035156,408.0
2024-10-25 12:24:00+00:00,UEIC,8.085000038146973,8.085000038146973,8.085000038146973,8.085000038146973,8.085000038146973,1388.0
2024-10-25 12:24:00+00:00,VECO,29.540000915527344,29.540000915527344,29.540000915527344,29.540000915527344,29.540000915527344,1248.0
2024-10-25 12:24:00+00:00,VERI,3.430000066757202,3.430000066757202,3.430000066757202,3.430000066757202,3.430000066757202,310.0
2024-10-25 12:24:00+00:00,VERX,42.18000030517578,42.18000030517578,42.18000030517578,42.18000030517578,42.18000030517578,195.0
2024-10-25 12:24:00+00:00,VIAV,9.270000457763672,9.270000457763672,9.270000457763672,9.265000343322754,9.265000343322754,442.0
2024-10-25 12:24:00+00:00,VISL,6.392000198364258,6.392000198364258,6.392000198364258,6.320000171661377,6.320000171661377,1974.0
2024-10-25 12:24:00+00:00,VNET,3.4600000381469727,3.4600000381469727,3.4600000381469727,3.4600000381469727,3.4600000381469727,273.0
2024-10-25 12:24:00+00:00,VRNS,56.970001220703125,56.970001220703125,56.98500061035156,56.91999816894531,56.91999816894531,8642.0
2024-10-25 12:24:00+00:00,VSAT,10.359999656677246,10.359999656677246,10.359999656677246,10.359999656677246,10.359999656677246,903.0
2024-10-25 12:24:00+00:00,WATT,0.5950999855995178,0.5950999855995178,0.5950999855995178,0.5950999855995178,0.5950999855995178,2701.0
2024-10-25 12:24:00+00:00,WDAY,239.83999633789062,239.83999633789062,239.83999633789062,239.7899932861328,239.7899932861328,677.0
2024-10-25 12:24:00+00:00,WDC,71.53150177001953,71.53150177001953,71.55000305175781,71.48999786376953,71.53500366210938,12099.0
2024-10-25 12:24:00+00:00,WISA,1.8799999952316284,1.8799999952316284,1.8799999952316284,1.875,1.875,438.0
2024-10-25 12:24:00+00:00,WLDS,3.4586000442504883,3.4586000442504883,3.4586000442504883,3.4586000442504883,3.4586000442504883,301.0
2024-10-25 12:24:00+00:00,XRX,10.11400032043457,10.11400032043457,10.114999771118164,10.11400032043457,10.114999771118164,1313.0
2024-10-25 12:24:00+00:00,ZI,10.550000190734863,10.550000190734863,10.550000190734863,10.539999961853027,10.539999961853027,4191.0
2024-10-25 12:24:00+00:00,ZM,73.18499755859375,73.18499755859375,73.19000244140625,73.18499755859375,73.19000244140625,1061.0
2024-10-25 12:24:00+00:00,ZS,186.6999969482422,186.6999969482422,186.6999969482422,186.6999969482422,186.6999969482422,110.0
2024-10-25 12:25:00+00:00,AAOI,18.219999313354492,18.219999313354492,18.229999542236328,18.219999313354492,18.229999542236328,2509.0
2024-10-25 12:25:00+00:00,AAPL,232.59800720214844,232.59800720214844,232.69000244140625,232.58070373535156,232.63999938964844,45443.0
2024-10-25 12:25:00+00:00,ACIW,48.8849983215332,48.8849983215332,48.8849983215332,48.8400993347168,48.8400993347168,1902.0
2024-10-25 12:25:00+00:00,ACMR,20.030000686645508,20.030000686645508,20.06999969482422,20.0,20.0,31143.0
2024-10-25 12:25:00+00:00,ADBE,485.2401123046875,485.2401123046875,485.6499938964844,485.2401123046875,485.29010009765625,1138.0
2024-10-25 12:25:00+00:00,ADI,233.6699981689453,233.6699981689453,233.6699981689453,233.6699981689453,233.6699981689453,517.0
2024-10-25 12:25:00+00:00,ADSK,286.79998779296875,286.79998779296875,286.79998779296875,286.79998779296875,286.79998779296875,418.0
2024-10-25 12:25:00+00:00,AEHR,17.06999969482422,17.06999969482422,17.06999969482422,17.059999465942383,17.059999465942383,989.0
2024-10-25 12:25:00+00:00,AEYE,23.100000381469727,23.100000381469727,23.100000381469727,22.989999771118164,22.989999771118164,1985.0
2024-10-25 12:25:00+00:00,AFRM,41.880001068115234,41.880001068115234,41.88999938964844,41.869998931884766,41.869998931884766,2698.0
2024-10-25 12:25:00+00:00,AGYS,111.53389739990234,111.53389739990234,111.53389739990234,111.53389739990234,111.53389739990234,460.0
2024-10-25 12:25:00+00:00,ALGM,22.860000610351562,22.860000610351562,22.8799991607666,22.860000610351562,22.864999771118164,6274.0
2024-10-25 12:25:00+00:00,ALKT,38.275001525878906,38.275001525878906,38.275001525878906,38.16999816894531,38.16999816894531,3158.0
2024-10-25 12:25:00+00:00,AMAT,188.35000610351562,188.35000610351562,188.4199981689453,188.33999633789062,188.38499450683594,5363.0
2024-10-25 12:25:00+00:00,AMBA,58.48500061035156,58.48500061035156,58.48500061035156,58.48500061035156,58.48500061035156,176.0
2024-10-25 12:25:00+00:00,AMD,158.13999938964844,158.13999938964844,158.1999969482422,158.10000610351562,158.16000366210938,30562.0
2024-10-25 12:25:00+00:00,API,2.825000047683716,2.825000047683716,2.825000047683716,2.815000057220459,2.818000078201294,11799.0
2024-10-25 12:25:00+00:00,APP,161.97000122070312,161.97000122070312,162.08999633789062,161.9499969482422,162.0399932861328,7270.0
2024-10-25 12:25:00+00:00,APPF,215.19000244140625,215.19000244140625,215.1999969482422,215.19000244140625,215.1999969482422,850.0
2024-10-25 12:25:00+00:00,APPS,3.075000047683716,3.075000047683716,3.075000047683716,3.0706000328063965,3.0706000328063965,361.0
2024-10-25 12:25:00+00:00,ARRY,6.534999847412109,6.534999847412109,6.539999961853027,6.53000020980835,6.534999847412109,2034.0
2024-10-25 12:25:00+00:00,ASML,718.3699951171875,718.3699951171875,718.6300048828125,718.3499755859375,718.6300048828125,4095.0
2024-10-25 12:25:00+00:00,AUID,6.889999866485596,6.889999866485596,6.889999866485596,6.889999866485596,6.889999866485596,173.0
2024-10-25 12:25:00+00:00,AUR,6.429999828338623,6.429999828338623,6.434999942779541,6.429999828338623,6.434999942779541,1224.0
2024-10-25 12:25:00+00:00,AVDX,8.15999984741211,8.15999984741211,8.15999984741211,8.154999732971191,8.15999984741211,1339.0
2024-10-25 12:25:00+00:00,AVGO,176.13999938964844,176.13999938964844,176.1699981689453,176.11000061035156,176.1300048828125,12687.0
2024-10-25 12:25:00+00:00,AVT,54.16999816894531,54.16999816894531,54.16999816894531,54.165000915527344,54.165000915527344,1211.0
2024-10-25 12:25:00+00:00,AXTI,2.7049999237060547,2.7049999237060547,2.7049999237060547,2.700000047683716,2.700000047683716,3907.0
2024-10-25 12:25:00+00:00,AZPN,235.7550048828125,235.7550048828125,235.7550048828125,235.7550048828125,235.7550048828125,229.0
2024-10-25 12:25:00+00:00,BIGC,5.315000057220459,5.315000057220459,5.315000057220459,5.315000057220459,5.315000057220459,404.0
2024-10-25 12:25:00+00:00,BL,56.48500061035156,56.48500061035156,56.48500061035156,56.46799850463867,56.48030090332031,345.0
2024-10-25 12:25:00+00:00,BMBL,7.255000114440918,7.255000114440918,7.255000114440918,7.253600120544434,7.253600120544434,779.0
2024-10-25 12:25:00+00:00,BRZE,30.760000228881836,30.760000228881836,30.760000228881836,30.760000228881836,30.760000228881836,336.0
2024-10-25 12:25:00+00:00,BSY,49.20949935913086,49.20949935913086,49.220001220703125,49.18009948730469,49.18960189819336,5619.0
2024-10-25 12:25:00+00:00,CAN,0.9937000274658203,0.9937000274658203,0.9937000274658203,0.9936000108718872,0.9936000108718872,1500.0
2024-10-25 12:25:00+00:00,CDNS,259.4100036621094,259.4100036621094,259.4100036621094,259.30499267578125,259.30499267578125,1647.0
2024-10-25 12:25:00+00:00,CDW,219.52000427246094,219.52000427246094,219.52000427246094,219.52000427246094,219.52000427246094,399.0
2024-10-25 12:25:00+00:00,CETX,0.30149999260902405,0.30149999260902405,0.30149999260902405,0.30149999260902405,0.30149999260902405,5075.0
2024-10-25 12:25:00+00:00,CFLT,22.665000915527344,22.665000915527344,22.665000915527344,22.665000915527344,22.665000915527344,1082.0
2024-10-25 12:25:00+00:00,CGNX,39.06999969482422,39.06999969482422,39.084999084472656,39.06999969482422,39.084999084472656,2530.0
2024-10-25 12:25:00+00:00,CHKP,207.27499389648438,207.27499389648438,207.27499389648438,207.20010375976562,207.20010375976562,1196.0
2024-10-25 12:25:00+00:00,CLFD,36.47999954223633,36.47999954223633,36.47999954223633,36.47999954223633,36.47999954223633,328.0
2024-10-25 12:25:00+00:00,CLSK,11.880000114440918,11.880000114440918,11.880000114440918,11.850000381469727,11.859999656677246,64568.0
2024-10-25 12:25:00+00:00,CMTL,3.7300000190734863,3.7300000190734863,3.7300000190734863,3.728100061416626,3.7300000190734863,846.0
2024-10-25 12:25:00+00:00,CNDT,3.6549999713897705,3.6549999713897705,3.6549999713897705,3.6549999713897705,3.6549999713897705,123.0
2024-10-25 12:25:00+00:00,COHR,95.33000183105469,95.33000183105469,95.33000183105469,95.33000183105469,95.33000183105469,200.0
2024-10-25 12:25:00+00:00,COIN,209.39999389648438,209.39999389648438,209.44000244140625,209.1999969482422,209.27000427246094,12525.0
2024-10-25 12:25:00+00:00,COMM,6.315000057220459,6.315000057220459,6.320000171661377,6.315000057220459,6.320000171661377,2401.0
2024-10-25 12:25:00+00:00,CORZ,13.35200023651123,13.35200023651123,13.359999656677246,13.35200023651123,13.359999656677246,3736.0
2024-10-25 12:25:00+00:00,CRCT,6.610000133514404,6.610000133514404,6.614999771118164,6.610000133514404,6.614999771118164,968.0
2024-10-25 12:25:00+00:00,CRDO,39.81999969482422,39.81999969482422,39.849998474121094,39.81999969482422,39.849998474121094,1514.0
2024-10-25 12:25:00+00:00,CRNC,2.815000057220459,2.815000057220459,2.8450000286102295,2.809999942779541,2.8450000286102295,16839.0
2024-10-25 12:25:00+00:00,CRSR,6.440000057220459,6.440000057220459,6.440000057220459,6.440000057220459,6.440000057220459,158.0
2024-10-25 12:25:00+00:00,CRUS,123.70999908447266,123.70999908447266,123.80500030517578,123.70999908447266,123.80500030517578,1908.0
2024-10-25 12:25:00+00:00,CRWD,309.75,309.75,309.7567138671875,309.57000732421875,309.7567138671875,3955.0
2024-10-25 12:25:00+00:00,CSCO,56.000301361083984,56.000301361083984,56.005001068115234,56.00019836425781,56.00019836425781,2794.0
2024-10-25 12:25:00+00:00,CSIQ,13.829999923706055,13.829999923706055,13.829999923706055,13.819999694824219,13.829999923706055,1237.0
2024-10-25 12:25:00+00:00,CTSH,75.04000091552734,75.04000091552734,75.04000091552734,75.0199966430664,75.0199966430664,1856.0
2024-10-25 12:25:00+00:00,CYBR,292.5299987792969,292.5299987792969,292.5299987792969,292.2749938964844,292.2749938964844,891.0
2024-10-25 12:25:00+00:00,DAKT,13.15999984741211,13.15999984741211,13.15999984741211,13.15999984741211,13.15999984741211,333.0
2024-10-25 12:25:00+00:00,DAVE,39.540000915527344,39.540000915527344,39.540000915527344,39.540000915527344,39.540000915527344,208.0
2024-10-25 12:25:00+00:00,DBX,26.045000076293945,26.045000076293945,26.045000076293945,26.045000076293945,26.045000076293945,827.0
2024-10-25 12:25:00+00:00,DDOG,127.6500015258789,127.6500015258789,127.6500015258789,127.63500213623047,127.63500213623047,543.0
2024-10-25 12:25:00+00:00,DGII,30.6924991607666,30.6924991607666,30.6924991607666,30.6924991607666,30.6924991607666,518.0
2024-10-25 12:25:00+00:00,DIOD,66.44999694824219,66.44999694824219,66.44999694824219,66.44999694824219,66.44999694824219,104.0
2024-10-25 12:25:00+00:00,DOCU,69.90499877929688,69.90499877929688,69.91999816894531,69.88999938964844,69.91999816894531,2339.0
2024-10-25 12:25:00+00:00,DOX,89.72000122070312,89.72000122070312,89.72000122070312,89.72000122070312,89.72000122070312,915.0
2024-10-25 12:25:00+00:00,DTSS,2.450000047683716,2.450000047683716,2.450000047683716,2.450000047683716,2.450000047683716,200.0
2024-10-25 12:25:00+00:00,DUOL,290.25,290.25,290.2699890136719,290.25,290.2699890136719,1197.0
2024-10-25 12:25:00+00:00,EMKR,2.1201000213623047,2.1201000213623047,2.1201000213623047,2.1201000213623047,2.1201000213623047,426.0
2024-10-25 12:25:00+00:00,ENPH,83.51000213623047,83.51000213623047,83.51000213623047,83.31009674072266,83.38999938964844,6392.0
2024-10-25 12:25:00+00:00,ERIC,8.475000381469727,8.475000381469727,8.475000381469727,8.473999977111816,8.475000381469727,17149.0
2024-10-25 12:25:00+00:00,EXTR,14.46500015258789,14.46500015258789,14.470000267028809,14.46500015258789,14.470000267028809,1061.0
2024-10-25 12:25:00+00:00,FIVN,30.059999465942383,30.059999465942383,30.06999969482422,30.040000915527344,30.040000915527344,2599.0
2024-10-25 12:25:00+00:00,FLEX,35.369998931884766,35.369998931884766,35.369998931884766,35.369998931884766,35.369998931884766,492.0
2024-10-25 12:25:00+00:00,FLYW,17.600000381469727,17.600000381469727,17.600000381469727,17.600000381469727,17.600000381469727,225.0
2024-10-25 12:25:00+00:00,FORM,45.290000915527344,45.290000915527344,45.290000915527344,45.290000915527344,45.290000915527344,120.0
2024-10-25 12:25:00+00:00,FROG,29.459999084472656,29.459999084472656,29.459999084472656,29.459999084472656,29.459999084472656,1778.0
2024-10-25 12:25:00+00:00,FSLR,199.6300048828125,199.6300048828125,199.64500427246094,199.6300048828125,199.64500427246094,292.0
2024-10-25 12:25:00+00:00,FTCI,0.6635000109672546,0.6635000109672546,0.6635000109672546,0.6618000268936157,0.6618000268936157,32200.0
2024-10-25 12:25:00+00:00,FTNT,81.4000015258789,81.4000015258789,81.41000366210938,81.38999938964844,81.41000366210938,2574.0
2024-10-25 12:25:00+00:00,GCT,24.93000030517578,24.93000030517578,24.93000030517578,24.915000915527344,24.915000915527344,483.0
2024-10-25 12:25:00+00:00,GDS,21.549999237060547,21.549999237060547,21.579999923706055,21.549999237060547,21.559999465942383,1593.0
2024-10-25 12:25:00+00:00,GDYN,15.59000015258789,15.59000015258789,15.59000015258789,15.59000015258789,15.59000015258789,618.0
2024-10-25 12:25:00+00:00,GFS,41.40999984741211,41.40999984741211,41.439998626708984,41.380001068115234,41.43000030517578,2971.0
2024-10-25 12:25:00+00:00,GPRO,1.3350000381469727,1.3350000381469727,1.3350000381469727,1.3350000381469727,1.3350000381469727,290.0
2024-10-25 12:25:00+00:00,GRAB,4.085000038146973,4.085000038146973,4.085000038146973,4.079999923706055,4.080100059509277,7711.0
2024-10-25 12:25:00+00:00,GRRR,4.501999855041504,4.501999855041504,4.501999855041504,4.501999855041504,4.501999855041504,3546.0
2024-10-25 12:25:00+00:00,GSIT,3.490000009536743,3.490000009536743,3.490000009536743,3.490000009536743,3.490000009536743,0.0
2024-10-25 12:25:00+00:00,GTLB,55.79499816894531,55.79499816894531,55.81999969482422,55.70000076293945,55.70000076293945,17985.0
2024-10-25 12:25:00+00:00,HCP,33.70000076293945,33.70000076293945,33.70000076293945,33.69499969482422,33.70000076293945,1221.0
2024-10-25 12:25:00+00:00,HIMX,6.179999828338623,6.179999828338623,6.195000171661377,6.179999828338623,6.195000171661377,794.0
2024-10-25 12:25:00+00:00,HOLO,3.674299955368042,3.674299955368042,3.680000066757202,3.674299955368042,3.680000066757202,3511.0
2024-10-25 12:25:00+00:00,HOOD,27.350000381469727,27.350000381469727,27.350000381469727,27.31999969482422,27.329999923706055,8018.0
2024-10-25 12:25:00+00:00,IBEX,18.09000015258789,18.09000015258789,18.09000015258789,18.09000015258789,18.09000015258789,334.0
2024-10-25 12:25:00+00:00,IDAI,0.2295999974012375,0.2295999974012375,0.2295999974012375,0.2295999974012375,0.2295999974012375,650.0
2024-10-25 12:25:00+00:00,IMMR,8.744999885559082,8.744999885559082,8.744999885559082,8.744999885559082,8.744999885559082,759.0
2024-10-25 12:25:00+00:00,IMOS,22.440000534057617,22.440000534057617,22.459999084472656,22.440000534057617,22.459999084472656,959.0
2024-10-25 12:25:00+00:00,IMXI,17.6200008392334,17.6200008392334,17.6200008392334,17.6200008392334,17.6200008392334,1228.0
2024-10-25 12:25:00+00:00,INDI,3.575000047683716,3.575000047683716,3.575000047683716,3.569999933242798,3.575000047683716,23118.0
2024-10-25 12:25:00+00:00,INFN,6.789999961853027,6.789999961853027,6.789999961853027,6.789999961853027,6.789999961853027,101.0
2024-10-25 12:25:00+00:00,INOD,20.020000457763672,20.020000457763672,20.020000457763672,20.020000457763672,20.020000457763672,254.0
2024-10-25 12:25:00+00:00,INTC,23.130300521850586,23.130300521850586,23.139999389648438,23.1299991607666,23.1299991607666,38236.0
2024-10-25 12:25:00+00:00,INTU,610.4400024414062,610.4400024414062,610.4400024414062,610.4400024414062,610.4400024414062,471.0
2024-10-25 12:25:00+00:00,JKHY,184.0500030517578,184.0500030517578,184.0500030517578,184.01499938964844,184.01499938964844,333.0
2024-10-25 12:25:00+00:00,KLIC,44.369998931884766,44.369998931884766,44.369998931884766,44.369998931884766,44.369998931884766,732.0
2024-10-25 12:25:00+00:00,LFUS,254.41000366210938,254.41000366210938,254.86000061035156,254.41000366210938,254.86000061035156,1114.0
2024-10-25 12:25:00+00:00,LINK,4.983500003814697,4.983500003814697,5.079999923706055,4.980000019073486,5.050000190734863,3904.0
2024-10-25 12:25:00+00:00,LITE,64.48999786376953,64.48999786376953,64.48999786376953,64.4749984741211,64.4749984741211,949.0
2024-10-25 12:25:00+00:00,LRCX,79.04000091552734,79.04000091552734,79.06999969482422,79.02999877929688,79.05000305175781,7765.0
2024-10-25 12:25:00+00:00,LUNA,1.815000057220459,1.815000057220459,1.815000057220459,1.815000057220459,1.815000057220459,139.0
2024-10-25 12:25:00+00:00,LYFT,13.805000305175781,13.805000305175781,13.805000305175781,13.805000305175781,13.805000305175781,245.0
2024-10-25 12:25:00+00:00,MANH,275.7900085449219,275.7900085449219,275.7900085449219,275.7900085449219,275.7900085449219,807.0
2024-10-25 12:25:00+00:00,MAXN,5.75,5.75,5.75,5.75,5.75,880.0
2024-10-25 12:25:00+00:00,MCHP,76.98999786376953,76.98999786376953,77.01000213623047,76.98500061035156,77.01000213623047,5677.0
2024-10-25 12:25:00+00:00,MDB,268.12701416015625,268.12701416015625,268.32000732421875,267.9150085449219,268.0350036621094,1437.0
2024-10-25 12:25:00+00:00,MNDY,298.70989990234375,298.70989990234375,298.70989990234375,298.70989990234375,298.70989990234375,716.0
2024-10-25 12:25:00+00:00,MPWR,921.8400268554688,921.8400268554688,922.5999755859375,921.7249755859375,921.7249755859375,871.0
2024-10-25 12:25:00+00:00,MQ,5.295000076293945,5.295000076293945,5.295000076293945,5.295000076293945,5.295000076293945,594.0
2024-10-25 12:25:00+00:00,MRVL,82.80000305175781,82.80000305175781,82.86000061035156,82.7249984741211,82.7300033569336,14684.0
2024-10-25 12:25:00+00:00,MSFT,430.4200134277344,430.4200134277344,430.4849853515625,430.35009765625,430.42498779296875,7722.0
2024-10-25 12:25:00+00:00,MSTR,239.8260955810547,239.8260955810547,240.33999633789062,238.78439331054688,238.91000366210938,50358.0
2024-10-25 12:25:00+00:00,MTEK,1.9299999475479126,1.9299999475479126,1.9299999475479126,1.9299999475479126,1.9299999475479126,610.0
2024-10-25 12:25:00+00:00,MTSI,120.62999725341797,120.62999725341797,120.62999725341797,120.62999725341797,120.62999725341797,103.0
2024-10-25 12:25:00+00:00,MU,109.16580200195312,109.16580200195312,109.19999694824219,109.13999938964844,109.13999938964844,12559.0
2024-10-25 12:25:00+00:00,MVIS,1.0850000381469727,1.0850000381469727,1.0850000381469727,1.0850000381469727,1.0850000381469727,200.0
2024-10-25 12:25:00+00:00,MXL,15.180000305175781,15.180000305175781,15.180000305175781,15.170000076293945,15.170000076293945,1247.0
2024-10-25 12:25:00+00:00,NCNO,37.880001068115234,37.880001068115234,37.880001068115234,37.875,37.875,678.0
2024-10-25 12:25:00+00:00,NSIT,209.6699981689453,209.6699981689453,209.6699981689453,209.6699981689453,209.6699981689453,1321.0
2024-10-25 12:25:00+00:00,NTNX,62.244998931884766,62.244998931884766,62.244998931884766,62.18000030517578,62.18000030517578,4037.0
2024-10-25 12:25:00+00:00,NVDA,143.52999877929688,143.52999877929688,143.57859802246094,143.52000427246094,143.57000732421875,170854.0
2024-10-25 12:25:00+00:00,NVEI,33.52000045776367,33.52000045776367,33.52000045776367,33.52000045776367,33.52000045776367,175.0
2024-10-25 12:25:00+00:00,NVMI,185.625,185.625,185.625,185.30999755859375,185.30999755859375,725.0
2024-10-25 12:25:00+00:00,NVTS,2.6059999465942383,2.6059999465942383,2.6059999465942383,2.6059999465942383,2.6059999465942383,1057.0
2024-10-25 12:25:00+00:00,NXPI,245.47000122070312,245.47000122070312,245.52499389648438,245.3249969482422,245.3300018310547,20700.0
2024-10-25 12:25:00+00:00,OKTA,72.54000091552734,72.54000091552734,72.54000091552734,72.52999877929688,72.52999877929688,1886.0
2024-10-25 12:25:00+00:00,ON,71.95999908447266,71.95999908447266,72.01000213623047,71.94999694824219,72.0,20952.0
2024-10-25 12:25:00+00:00,OSIS,136.13999938964844,136.13999938964844,136.13999938964844,136.13999938964844,136.13999938964844,715.0
2024-10-25 12:25:00+00:00,PANW,369.7300109863281,369.7300109863281,369.7300109863281,369.7300109863281,369.7300109863281,1737.0
2024-10-25 12:25:00+00:00,PAYO,8.319999694824219,8.319999694824219,8.319999694824219,8.319999694824219,8.319999694824219,576.0
2024-10-25 12:25:00+00:00,PEGA,80.2300033569336,80.2300033569336,80.2300033569336,80.2300033569336,80.2300033569336,1466.0
2024-10-25 12:25:00+00:00,PGY,11.824999809265137,11.824999809265137,11.824999809265137,11.824999809265137,11.824999809265137,280.0
2024-10-25 12:25:00+00:00,PHUN,10.170100212097168,10.170100212097168,10.369999885559082,10.170000076293945,10.343099594116211,170314.0
2024-10-25 12:25:00+00:00,PI,204.07000732421875,204.07000732421875,204.07000732421875,204.07000732421875,204.07000732421875,659.0
2024-10-25 12:25:00+00:00,PLXS,143.1199951171875,143.1199951171875,143.1199951171875,143.1199951171875,143.1199951171875,220.0
2024-10-25 12:25:00+00:00,POWI,64.0199966430664,64.0199966430664,64.0199966430664,64.0199966430664,64.0199966430664,252.0
2024-10-25 12:25:00+00:00,PTC,186.743896484375,186.743896484375,186.88270568847656,186.743896484375,186.7949981689453,2278.0
2024-10-25 12:25:00+00:00,PXLW,0.7401999831199646,0.7401999831199646,0.7401999831199646,0.7401000261306763,0.7401000261306763,762.0
2024-10-25 12:25:00+00:00,QCOM,172.83999633789062,172.83999633789062,172.83999633789062,172.8000030517578,172.82000732421875,3538.0
2024-10-25 12:25:00+00:00,QLYS,120.54000091552734,120.54000091552734,120.56500244140625,120.54000091552734,120.56500244140625,522.0
2024-10-25 12:25:00+00:00,QRVO,100.2699966430664,100.2699966430664,100.29000091552734,100.2699966430664,100.29000091552734,1462.0
2024-10-25 12:25:00+00:00,QUBT,1.065000057220459,1.065000057220459,1.0700000524520874,1.0604000091552734,1.0604000091552734,9403.0
2024-10-25 12:25:00+00:00,RDWR,22.399999618530273,22.399999618530273,22.399999618530273,22.399999618530273,22.399999618530273,733.0
2024-10-25 12:25:00+00:00,REKR,1.0988999605178833,1.0988999605178833,1.0988999605178833,1.0950000286102295,1.0950000286102295,0.0
2024-10-25 12:25:00+00:00,RELY,14.744999885559082,14.744999885559082,14.744999885559082,14.744999885559082,14.744999885559082,354.0
2024-10-25 12:25:00+00:00,RGTI,1.225000023841858,1.225000023841858,1.225000023841858,1.225000023841858,1.225000023841858,156.0
2024-10-25 12:25:00+00:00,RIOT,10.050000190734863,10.050000190734863,10.050000190734863,10.030099868774414,10.03499984741211,30694.0
2024-10-25 12:25:00+00:00,RMBS,43.56999969482422,43.56999969482422,43.56999969482422,43.54999923706055,43.54999923706055,828.0
2024-10-25 12:25:00+00:00,RUM,5.749800205230713,5.749800205230713,5.760000228881836,5.749800205230713,5.760000228881836,2268.0
2024-10-25 12:25:00+00:00,RUN,14.4197998046875,14.4197998046875,14.4197998046875,14.38010025024414,14.390000343322754,16771.0
2024-10-25 12:25:00+00:00,SCSC,44.9900016784668,44.9900016784668,44.9900016784668,44.9900016784668,44.9900016784668,557.0
2024-10-25 12:25:00+00:00,SCWX,8.380000114440918,8.380000114440918,8.380000114440918,8.380000114440918,8.380000114440918,84.0
2024-10-25 12:25:00+00:00,SEDG,16.165000915527344,16.165000915527344,16.209999084472656,16.149999618530273,16.209999084472656,14341.0
2024-10-25 12:25:00+00:00,SHLS,5.335000038146973,5.335000038146973,5.335000038146973,5.324999809265137,5.324999809265137,6040.0
2024-10-25 12:25:00+00:00,SIMO,57.150001525878906,57.150001525878906,57.150001525878906,57.150001525878906,57.150001525878906,101.0
2024-10-25 12:25:00+00:00,SKYT,10.759900093078613,10.759900093078613,10.759900093078613,10.720000267028809,10.729999542236328,1796.0
2024-10-25 12:25:00+00:00,SMCI,47.95989990234375,47.95989990234375,47.97999954223633,47.91999816894531,47.93000030517578,71459.0
2024-10-25 12:25:00+00:00,SNPS,503.5199890136719,503.5199890136719,503.5199890136719,503.5199890136719,503.5199890136719,785.0
2024-10-25 12:25:00+00:00,SOPA,0.9610000252723694,0.9610000252723694,0.9649999737739563,0.9610000252723694,0.9649999737739563,1399.0
2024-10-25 12:25:00+00:00,SOUN,5.284999847412109,5.284999847412109,5.289999961853027,5.282400131225586,5.284999847412109,5047.0
2024-10-25 12:25:00+00:00,SPSC,171.97000122070312,171.97000122070312,172.1699981689453,171.6699981689453,171.89999389648438,3048.0
2024-10-25 12:25:00+00:00,SRAD,12.399999618530273,12.399999618530273,12.399999618530273,12.399999618530273,12.399999618530273,619.0
2024-10-25 12:25:00+00:00,SSNC,69.7300033569336,69.7300033569336,69.7300033569336,69.69999694824219,69.69999694824219,2372.0
2024-10-25 12:25:00+00:00,STNE,11.494999885559082,11.494999885559082,11.494999885559082,11.494999885559082,11.494999885559082,1028.0
2024-10-25 12:25:00+00:00,STX,103.96499633789062,103.96499633789062,104.01000213623047,103.96499633789062,104.01000213623047,1030.0
2024-10-25 12:25:00+00:00,SWKS,96.58499908447266,96.58499908447266,96.58499908447266,96.58499908447266,96.58499908447266,272.0
2024-10-25 12:25:00+00:00,TEAM,190.75999450683594,190.75999450683594,191.00999450683594,190.75999450683594,191.00999450683594,2822.0
2024-10-25 12:25:00+00:00,TENB,41.810001373291016,41.810001373291016,41.83000183105469,41.7400016784668,41.7400016784668,3398.0
2024-10-25 12:25:00+00:00,TER,112.8949966430664,112.8949966430664,112.9000015258789,112.875,112.875,2754.0
2024-10-25 12:25:00+00:00,TRMB,61.130001068115234,61.130001068115234,61.13999938964844,61.130001068115234,61.13999938964844,460.0
2024-10-25 12:25:00+00:00,TTD,119.69999694824219,119.69999694824219,119.69999694824219,119.66010284423828,119.68000030517578,1770.0
2024-10-25 12:25:00+00:00,TTMI,19.604999542236328,19.604999542236328,19.604999542236328,19.600000381469727,19.600000381469727,766.0
2024-10-25 12:25:00+00:00,TWKS,4.449999809265137,4.449999809265137,4.449999809265137,4.449999809265137,4.449999809265137,910.0
2024-10-25 12:25:00+00:00,TXN,208.99000549316406,208.99000549316406,209.0500030517578,208.94000244140625,208.9499969482422,4160.0
2024-10-25 12:25:00+00:00,UCTT,36.099998474121094,36.099998474121094,36.11000061035156,36.098899841308594,36.104000091552734,1870.0
2024-10-25 12:25:00+00:00,VECO,29.514999389648438,29.514999389648438,29.52389907836914,29.500600814819336,29.52389907836914,1216.0
2024-10-25 12:25:00+00:00,VERI,3.4298999309539795,3.4298999309539795,3.430000066757202,3.4251999855041504,3.430000066757202,640.0
2024-10-25 12:25:00+00:00,VIAV,9.274999618530273,9.274999618530273,9.274999618530273,9.265000343322754,9.270000457763672,2465.0
2024-10-25 12:25:00+00:00,VNET,3.4649999141693115,3.4649999141693115,3.4649999141693115,3.4649999141693115,3.4649999141693115,109.0
2024-10-25 12:25:00+00:00,VRNS,57.02000045776367,57.02000045776367,57.02000045776367,56.97999954223633,56.97999954223633,2760.0
2024-10-25 12:25:00+00:00,VRNT,22.15999984741211,22.15999984741211,22.15999984741211,22.15999984741211,22.15999984741211,393.0
2024-10-25 12:25:00+00:00,VSAT,10.36299991607666,10.36299991607666,10.36299991607666,10.36299991607666,10.36299991607666,150.0
2024-10-25 12:25:00+00:00,WDAY,239.8000030517578,239.8000030517578,239.8000030517578,239.8000030517578,239.8000030517578,271.0
2024-10-25 12:25:00+00:00,WDC,71.52999877929688,71.52999877929688,71.66000366210938,71.52999877929688,71.52999877929688,9912.0
2024-10-25 12:25:00+00:00,WISA,1.8788000345230103,1.8788000345230103,1.8799999952316284,1.875,1.875,502.0
2024-10-25 12:25:00+00:00,WLDS,3.450000047683716,3.450000047683716,3.450000047683716,3.440000057220459,3.440000057220459,2312.0
2024-10-25 12:25:00+00:00,XRX,10.104999542236328,10.104999542236328,10.109999656677246,10.104999542236328,10.109999656677246,704.0
2024-10-25 12:25:00+00:00,ZBRA,363.3800048828125,363.3800048828125,363.3800048828125,363.32000732421875,363.32000732421875,1188.0
2024-10-25 12:25:00+00:00,ZI,10.545000076293945,10.545000076293945,10.545000076293945,10.545000076293945,10.545000076293945,404.0
2024-10-25 12:25:00+00:00,ZM,73.16999816894531,73.16999816894531,73.16999816894531,73.16999816894531,73.16999816894531,736.0
2024-10-25 12:25:00+00:00,ZS,186.64999389648438,186.64999389648438,186.64999389648438,186.64999389648438,186.64999389648438,143.0
2024-10-25 12:26:00+00:00,AAPL,232.64199829101562,232.64199829101562,232.64999389648438,232.5500946044922,232.59500122070312,32678.0
2024-10-25 12:26:00+00:00,ACIW,48.8849983215332,48.8849983215332,48.8849983215332,48.8849983215332,48.8849983215332,268.0
2024-10-25 12:26:00+00:00,ACLS,90.63999938964844,90.63999938964844,90.63999938964844,90.62999725341797,90.62999725341797,430.0
2024-10-25 12:26:00+00:00,ACMR,20.114999771118164,20.114999771118164,20.114999771118164,19.979999542236328,20.030000686645508,30884.0
2024-10-25 12:26:00+00:00,ADBE,485.6499938964844,485.6499938964844,485.6499938964844,485.4549865722656,485.4549865722656,724.0
2024-10-25 12:26:00+00:00,ADI,233.64999389648438,233.64999389648438,233.64999389648438,233.64999389648438,233.64999389648438,399.0
2024-10-25 12:26:00+00:00,ADSK,286.80499267578125,286.80499267578125,286.80499267578125,286.80499267578125,286.80499267578125,539.0
2024-10-25 12:26:00+00:00,AEHR,17.100000381469727,17.100000381469727,17.100000381469727,17.06800079345703,17.06800079345703,3271.0
2024-10-25 12:26:00+00:00,AEYE,23.05500030517578,23.05500030517578,23.100000381469727,23.05500030517578,23.100000381469727,495.0
2024-10-25 12:26:00+00:00,AFRM,41.86000061035156,41.86000061035156,41.86050033569336,41.84000015258789,41.86000061035156,2747.0
2024-10-25 12:26:00+00:00,AKAM,103.06999969482422,103.06999969482422,103.06999969482422,103.06999969482422,103.06999969482422,931.0
2024-10-25 12:26:00+00:00,ALGM,22.889999389648438,22.889999389648438,22.889999389648438,22.850000381469727,22.864999771118164,9212.0
2024-10-25 12:26:00+00:00,ALKT,38.29999923706055,38.29999923706055,38.29999923706055,38.29999923706055,38.29999923706055,237.0
2024-10-25 12:26:00+00:00,AMAT,188.38999938964844,188.38999938964844,188.39999389648438,188.2899932861328,188.3000030517578,11584.0
2024-10-25 12:26:00+00:00,AMBA,58.48500061035156,58.48500061035156,58.48500061035156,58.48500061035156,58.48500061035156,799.0
2024-10-25 12:26:00+00:00,AMD,158.1300048828125,158.1300048828125,158.14999389648438,158.0301055908203,158.1300048828125,31525.0
2024-10-25 12:26:00+00:00,AMKR,30.06999969482422,30.06999969482422,30.06999969482422,30.06999969482422,30.06999969482422,747.0
2024-10-25 12:26:00+00:00,AMPL,9.234999656677246,9.234999656677246,9.234999656677246,9.234999656677246,9.234999656677246,1410.0
2024-10-25 12:26:00+00:00,AMST,2.8526999950408936,2.8526999950408936,2.8526999950408936,2.8526999950408936,2.8526999950408936,542.0
2024-10-25 12:26:00+00:00,ANSS,325.7799987792969,325.7799987792969,325.7799987792969,325.7799987792969,325.7799987792969,333.0
2024-10-25 12:26:00+00:00,API,2.8299999237060547,2.8299999237060547,2.8299999237060547,2.825000047683716,2.825000047683716,330.0
2024-10-25 12:26:00+00:00,APP,162.3350067138672,162.3350067138672,162.3350067138672,161.97000122070312,162.03500366210938,10698.0
2024-10-25 12:26:00+00:00,APPF,215.25,215.25,215.25,215.25,215.25,723.0
2024-10-25 12:26:00+00:00,APPS,3.069999933242798,3.069999933242798,3.069999933242798,3.069999933242798,3.069999933242798,200.0
2024-10-25 12:26:00+00:00,ARQQ,7.0,7.0,7.010000228881836,7.0,7.010000228881836,1669.0
2024-10-25 12:26:00+00:00,ARRY,6.539999961853027,6.539999961853027,6.539999961853027,6.53000020980835,6.53000020980835,19047.0
2024-10-25 12:26:00+00:00,ASML,718.0399780273438,718.0399780273438,718.1199951171875,718.0,718.1199951171875,1608.0
2024-10-25 12:26:00+00:00,AUID,6.800099849700928,6.800099849700928,6.809999942779541,6.800099849700928,6.809999942779541,341.0
2024-10-25 12:26:00+00:00,AUR,6.434999942779541,6.434999942779541,6.434999942779541,6.429999828338623,6.434999942779541,2751.0
2024-10-25 12:26:00+00:00,AVGO,176.2100067138672,176.2100067138672,176.2100067138672,176.0850067138672,176.1199951171875,10468.0
2024-10-25 12:26:00+00:00,BAND,17.729999542236328,17.729999542236328,17.729999542236328,17.729999542236328,17.729999542236328,444.0
2024-10-25 12:26:00+00:00,BL,56.465999603271484,56.465999603271484,56.465999603271484,56.465999603271484,56.465999603271484,902.0
2024-10-25 12:26:00+00:00,BLZE,7.269999980926514,7.269999980926514,7.269999980926514,7.269999980926514,7.269999980926514,574.0
2024-10-25 12:26:00+00:00,BMBL,7.255000114440918,7.255000114440918,7.260000228881836,7.255000114440918,7.260000228881836,2607.0
2024-10-25 12:26:00+00:00,BRZE,30.760400772094727,30.760400772094727,30.760400772094727,30.760400772094727,30.760400772094727,861.0
2024-10-25 12:26:00+00:00,BSY,49.18519973754883,49.18519973754883,49.189998626708984,49.18519973754883,49.189998626708984,2369.0
2024-10-25 12:26:00+00:00,CDNS,259.239990234375,259.239990234375,259.32501220703125,259.239990234375,259.32501220703125,1958.0
2024-10-25 12:26:00+00:00,CDW,219.5500030517578,219.5500030517578,219.5500030517578,219.50999450683594,219.52499389648438,2581.0
2024-10-25 12:26:00+00:00,CEVA,24.25,24.25,24.25,24.239999771118164,24.239999771118164,390.0
2024-10-25 12:26:00+00:00,CFLT,22.684999465942383,22.684999465942383,22.690000534057617,22.684999465942383,22.684999465942383,2645.0
2024-10-25 12:26:00+00:00,CGNT,6.659999847412109,6.659999847412109,6.659999847412109,6.656400203704834,6.6595001220703125,947.0
2024-10-25 12:26:00+00:00,CGNX,39.07500076293945,39.07500076293945,39.07500076293945,39.060001373291016,39.06719970703125,2315.0
2024-10-25 12:26:00+00:00,CLBT,18.139999389648438,18.139999389648438,18.139999389648438,18.139999389648438,18.139999389648438,592.0
2024-10-25 12:26:00+00:00,CLSK,11.885899543762207,11.885899543762207,11.890000343322754,11.859999656677246,11.88070011138916,39295.0
2024-10-25 12:26:00+00:00,CMTL,3.7392001152038574,3.7392001152038574,3.7392001152038574,3.7392001152038574,3.7392001152038574,171.0
2024-10-25 12:26:00+00:00,CNDT,3.6549999713897705,3.6549999713897705,3.65910005569458,3.6549999713897705,3.6549999713897705,2461.0
2024-10-25 12:26:00+00:00,CNXC,45.099998474121094,45.099998474121094,45.099998474121094,45.099998474121094,45.099998474121094,1245.0
2024-10-25 12:26:00+00:00,COHR,95.33000183105469,95.33000183105469,95.33000183105469,95.2699966430664,95.29000091552734,1299.0
2024-10-25 12:26:00+00:00,COHU,26.228300094604492,26.228300094604492,26.264999389648438,26.228300094604492,26.264999389648438,801.0
2024-10-25 12:26:00+00:00,COIN,209.4600067138672,209.4600067138672,209.5800018310547,209.3800048828125,209.49000549316406,5692.0
2024-10-25 12:26:00+00:00,COMM,6.309999942779541,6.309999942779541,6.309999942779541,6.309999942779541,6.309999942779541,489.0
2024-10-25 12:26:00+00:00,CORZ,13.36989974975586,13.36989974975586,13.36989974975586,13.354999542236328,13.354999542236328,3082.0
2024-10-25 12:26:00+00:00,CRCT,6.610000133514404,6.610000133514404,6.610000133514404,6.610000133514404,6.610000133514404,471.0
2024-10-25 12:26:00+00:00,CRDO,39.82500076293945,39.82500076293945,39.82500076293945,39.79999923706055,39.810001373291016,594.0
2024-10-25 12:26:00+00:00,CRNC,2.825000047683716,2.825000047683716,2.825000047683716,2.825000047683716,2.825000047683716,572.0
2024-10-25 12:26:00+00:00,CRWD,309.6203918457031,309.6203918457031,309.6203918457031,309.6050109863281,309.6099853515625,1158.0
2024-10-25 12:26:00+00:00,CSCO,55.994998931884766,55.994998931884766,56.0,55.994998931884766,56.0,3026.0
2024-10-25 12:26:00+00:00,CSIQ,13.84000015258789,13.84000015258789,13.84000015258789,13.829999923706055,13.829999923706055,1598.0
2024-10-25 12:26:00+00:00,CTSH,75.04000091552734,75.04000091552734,75.04000091552734,75.04000091552734,75.04000091552734,1124.0
2024-10-25 12:26:00+00:00,DATS,1.6699999570846558,1.6699999570846558,1.6699999570846558,1.659999966621399,1.659999966621399,949.0
2024-10-25 12:26:00+00:00,DAVE,39.59000015258789,39.59000015258789,39.59000015258789,39.59000015258789,39.59000015258789,662.0
2024-10-25 12:26:00+00:00,DBX,26.045000076293945,26.045000076293945,26.049999237060547,26.045000076293945,26.049999237060547,2016.0
2024-10-25 12:26:00+00:00,DDOG,127.69999694824219,127.69999694824219,127.69999694824219,127.62000274658203,127.64399719238281,3036.0
2024-10-25 12:26:00+00:00,DGHI,1.6299999952316284,1.6299999952316284,1.6299999952316284,1.5954999923706055,1.5954999923706055,7426.0
2024-10-25 12:26:00+00:00,DIOD,66.45999908447266,66.45999908447266,66.45999908447266,66.45999908447266,66.45999908447266,349.0
2024-10-25 12:26:00+00:00,DLO,8.8149995803833,8.8149995803833,8.8149995803833,8.8149995803833,8.8149995803833,420.0
2024-10-25 12:26:00+00:00,DOCU,69.87999725341797,69.87999725341797,69.8949966430664,69.86000061035156,69.8949966430664,2588.0
2024-10-25 12:26:00+00:00,DUOL,290.8900146484375,290.8900146484375,290.8900146484375,290.8900146484375,290.8900146484375,605.0
2024-10-25 12:26:00+00:00,ENPH,83.55999755859375,83.55999755859375,83.5999984741211,83.45999908447266,83.51000213623047,6228.0
2024-10-25 12:26:00+00:00,ENTG,105.80000305175781,105.80000305175781,105.80999755859375,105.80000305175781,105.80999755859375,1121.0
2024-10-25 12:26:00+00:00,ERIC,8.475000381469727,8.475000381469727,8.479499816894531,8.470499992370605,8.475000381469727,5248.0
2024-10-25 12:26:00+00:00,EXFY,1.725000023841858,1.725000023841858,1.725000023841858,1.725000023841858,1.725000023841858,185.0
2024-10-25 12:26:00+00:00,EXTR,14.470000267028809,14.470000267028809,14.470000267028809,14.470000267028809,14.470000267028809,342.0
2024-10-25 12:26:00+00:00,FIVN,30.059999465942383,30.059999465942383,30.059999465942383,30.049999237060547,30.049999237060547,770.0
2024-10-25 12:26:00+00:00,FLEX,35.375,35.375,35.375,35.375,35.375,764.0
2024-10-25 12:26:00+00:00,FLYW,17.584999084472656,17.584999084472656,17.600000381469727,17.584999084472656,17.584999084472656,2100.0
2024-10-25 12:26:00+00:00,FORM,45.2599983215332,45.2599983215332,45.2599983215332,45.2599983215332,45.2599983215332,920.0
2024-10-25 12:26:00+00:00,FRSH,11.6850004196167,11.6850004196167,11.6850004196167,11.6850004196167,11.6850004196167,750.0
2024-10-25 12:26:00+00:00,FSLR,199.83999633789062,199.83999633789062,199.83999633789062,199.64500427246094,199.64500427246094,6540.0
2024-10-25 12:26:00+00:00,FTCI,0.6656000018119812,0.6656000018119812,0.6699000000953674,0.6600000262260437,0.6600000262260437,18922.0
2024-10-25 12:26:00+00:00,FTNT,81.38999938964844,81.38999938964844,81.4000015258789,81.37999725341797,81.4000015258789,2435.0
2024-10-25 12:26:00+00:00,GCT,24.940000534057617,24.940000534057617,24.940000534057617,24.920000076293945,24.920000076293945,357.0
2024-10-25 12:26:00+00:00,GDS,21.540000915527344,21.540000915527344,21.540000915527344,21.540000915527344,21.540000915527344,399.0
2024-10-25 12:26:00+00:00,GFS,41.22999954223633,41.22999954223633,41.369998931884766,41.22999954223633,41.369998931884766,16178.0
2024-10-25 12:26:00+00:00,GRAB,4.085000038146973,4.085000038146973,4.085000038146973,4.085000038146973,4.085000038146973,2736.0
2024-10-25 12:26:00+00:00,GRRR,4.509900093078613,4.509900093078613,4.509900093078613,4.509399890899658,4.509399890899658,0.0
2024-10-25 12:26:00+00:00,GTLB,55.779998779296875,55.779998779296875,55.816001892089844,55.779998779296875,55.810001373291016,1595.0
2024-10-25 12:26:00+00:00,HCKT,24.88960075378418,24.88960075378418,24.88960075378418,24.88960075378418,24.88960075378418,209.0
2024-10-25 12:26:00+00:00,HCP,33.69499969482422,33.69499969482422,33.69499969482422,33.69499969482422,33.69499969482422,1698.0
2024-10-25 12:26:00+00:00,HIMX,6.175000190734863,6.175000190734863,6.179999828338623,6.175000190734863,6.179999828338623,1132.0
2024-10-25 12:26:00+00:00,HLIT,14.755000114440918,14.755000114440918,14.755000114440918,14.755000114440918,14.755000114440918,1373.0
2024-10-25 12:26:00+00:00,HOLO,3.680000066757202,3.680000066757202,3.680000066757202,3.6710000038146973,3.6710000038146973,5789.0
2024-10-25 12:26:00+00:00,HOOD,27.358200073242188,27.358200073242188,27.360000610351562,27.344999313354492,27.350000381469727,10136.0
2024-10-25 12:26:00+00:00,HTCR,1.0399999618530273,1.0399999618530273,1.0499999523162842,1.0399999618530273,1.0499999523162842,7299.0
2024-10-25 12:26:00+00:00,ICHR,27.75,27.75,27.780000686645508,27.75,27.780000686645508,1513.0
2024-10-25 12:26:00+00:00,INDI,3.575000047683716,3.575000047683716,3.575000047683716,3.575000047683716,3.575000047683716,765.0
2024-10-25 12:26:00+00:00,INFN,6.789999961853027,6.789999961853027,6.789999961853027,6.789999961853027,6.789999961853027,300.0
2024-10-25 12:26:00+00:00,INOD,20.0,20.0,20.0,20.0,20.0,596.0
2024-10-25 12:26:00+00:00,INSG,19.9950008392334,19.9950008392334,19.9950008392334,19.9950008392334,19.9950008392334,542.0
2024-10-25 12:26:00+00:00,INTA,50.224998474121094,50.224998474121094,50.224998474121094,50.224998474121094,50.224998474121094,527.0
2024-10-25 12:26:00+00:00,INTC,23.125,23.125,23.1299991607666,23.1200008392334,23.1299991607666,20582.0
2024-10-25 12:26:00+00:00,INTU,610.6799926757812,610.6799926757812,610.6799926757812,610.6799926757812,610.6799926757812,1621.0
2024-10-25 12:26:00+00:00,JAMF,16.81999969482422,16.81999969482422,16.81999969482422,16.81999969482422,16.81999969482422,1164.0
2024-10-25 12:26:00+00:00,JKHY,184.10000610351562,184.10000610351562,184.10000610351562,184.05999755859375,184.08999633789062,825.0
2024-10-25 12:26:00+00:00,KC,2.7149999141693115,2.7149999141693115,2.7149999141693115,2.7149999141693115,2.7149999141693115,1125.0
2024-10-25 12:26:00+00:00,KLAC,680.649169921875,680.649169921875,680.8099975585938,680.649169921875,680.8099975585938,536.0
2024-10-25 12:26:00+00:00,LINK,4.820000171661377,4.820000171661377,4.989999771118164,4.809999942779541,4.989999771118164,6720.0
2024-10-25 12:26:00+00:00,LITE,64.4749984741211,64.4749984741211,64.4749984741211,64.4749984741211,64.4749984741211,140.0
2024-10-25 12:26:00+00:00,LOGI,81.1449966430664,81.1449966430664,81.1449966430664,81.1449966430664,81.1449966430664,848.0
2024-10-25 12:26:00+00:00,LRCX,79.1050033569336,79.1050033569336,79.1050033569336,78.98999786376953,79.01000213623047,12865.0
2024-10-25 12:26:00+00:00,LSAK,5.327199935913086,5.327199935913086,5.327199935913086,5.327199935913086,5.327199935913086,195.0
2024-10-25 12:26:00+00:00,LSCC,54.470001220703125,54.470001220703125,54.4900016784668,54.470001220703125,54.4900016784668,2297.0
2024-10-25 12:26:00+00:00,LYFT,13.8149995803833,13.8149995803833,13.8149995803833,13.805000305175781,13.807499885559082,11670.0
2024-10-25 12:26:00+00:00,MANH,275.94000244140625,275.94000244140625,276.0199890136719,275.94000244140625,276.0199890136719,610.0
2024-10-25 12:26:00+00:00,MAXN,5.760000228881836,5.760000228881836,5.760000228881836,5.760000228881836,5.760000228881836,137.0
2024-10-25 12:26:00+00:00,MCHP,76.98999786376953,76.98999786376953,77.0,76.98999786376953,77.0,2482.0
2024-10-25 12:26:00+00:00,MDB,267.9549865722656,267.9549865722656,268.0899963378906,267.8800048828125,268.0899963378906,1459.0
2024-10-25 12:26:00+00:00,MKSI,100.9000015258789,100.9000015258789,100.9000015258789,100.9000015258789,100.9000015258789,719.0
2024-10-25 12:26:00+00:00,MKTW,0.5846999883651733,0.5846999883651733,0.5846999883651733,0.5845999717712402,0.5845999717712402,558.0
2024-10-25 12:26:00+00:00,MNDY,298.43499755859375,298.43499755859375,298.43499755859375,298.43499755859375,298.43499755859375,226.0
2024-10-25 12:26:00+00:00,MQ,5.295000076293945,5.295000076293945,5.295000076293945,5.295000076293945,5.295000076293945,590.0
2024-10-25 12:26:00+00:00,MRVL,82.87000274658203,82.87000274658203,82.87000274658203,82.79000091552734,82.80000305175781,6800.0
2024-10-25 12:26:00+00:00,MSFT,430.42999267578125,430.42999267578125,430.46990966796875,430.3599853515625,430.4200134277344,21786.0
2024-10-25 12:26:00+00:00,MSTR,240.0449981689453,240.0449981689453,240.14990234375,239.30999755859375,239.9499969482422,32442.0
2024-10-25 12:26:00+00:00,MTLS,5.989999771118164,5.989999771118164,5.989999771118164,5.989999771118164,5.989999771118164,326.0
2024-10-25 12:26:00+00:00,MTSI,120.55000305175781,120.55000305175781,120.55000305175781,120.55000305175781,120.55000305175781,321.0
2024-10-25 12:26:00+00:00,MU,109.16490173339844,109.16490173339844,109.19999694824219,109.16010284423828,109.1771011352539,6365.0
2024-10-25 12:26:00+00:00,MVIS,1.0898000001907349,1.0898000001907349,1.0898000001907349,1.0830999612808228,1.0830999612808228,11632.0
2024-10-25 12:26:00+00:00,MXL,15.180000305175781,15.180000305175781,15.180000305175781,15.180000305175781,15.180000305175781,1203.0
2024-10-25 12:26:00+00:00,NCNO,37.875,37.875,37.875,37.875,37.875,454.0
2024-10-25 12:26:00+00:00,NEON,8.289999961853027,8.289999961853027,8.289999961853027,8.289999961853027,8.289999961853027,606.0
2024-10-25 12:26:00+00:00,NTAP,120.47000122070312,120.47000122070312,120.47000122070312,120.38999938964844,120.38999938964844,1607.0
2024-10-25 12:26:00+00:00,NTNX,62.2599983215332,62.2599983215332,62.2599983215332,62.244998931884766,62.244998931884766,1247.0
2024-10-25 12:26:00+00:00,NVDA,143.4250030517578,143.4250030517578,143.5399932861328,143.41000366210938,143.53500366210938,301021.0
2024-10-25 12:26:00+00:00,NVEI,33.52000045776367,33.52000045776367,33.52000045776367,33.52000045776367,33.52000045776367,415.0
2024-10-25 12:26:00+00:00,NVMI,185.61500549316406,185.61500549316406,185.8300018310547,185.61500549316406,185.8300018310547,332.0
2024-10-25 12:26:00+00:00,NVTS,2.600100040435791,2.600100040435791,2.600100040435791,2.600100040435791,2.600100040435791,124.0
2024-10-25 12:26:00+00:00,ON,71.95999908447266,71.95999908447266,71.98999786376953,71.93000030517578,71.95999908447266,15390.0
2024-10-25 12:26:00+00:00,OTEX,33.400001525878906,33.400001525878906,33.400001525878906,33.400001525878906,33.400001525878906,355.0
2024-10-25 12:26:00+00:00,PAYO,8.3149995803833,8.3149995803833,8.319999694824219,8.3149995803833,8.319999694824219,1007.0
2024-10-25 12:26:00+00:00,PEGA,80.20999908447266,80.20999908447266,80.20999908447266,80.20999908447266,80.20999908447266,716.0
2024-10-25 12:26:00+00:00,PEGY,4.799699783325195,4.799699783325195,4.799699783325195,4.799699783325195,4.799699783325195,1051.0
2024-10-25 12:26:00+00:00,PGY,11.854999542236328,11.854999542236328,11.854999542236328,11.819999694824219,11.84000015258789,4270.0
2024-10-25 12:26:00+00:00,PHUN,10.197099685668945,10.197099685668945,10.208100318908691,10.130000114440918,10.170000076293945,116420.0
2024-10-25 12:26:00+00:00,POET,3.969899892807007,3.969899892807007,3.969899892807007,3.969899892807007,3.969899892807007,200.0
2024-10-25 12:26:00+00:00,PYCR,14.335000038146973,14.335000038146973,14.335000038146973,14.335000038146973,14.335000038146973,259.0
2024-10-25 12:26:00+00:00,QCOM,172.83999633789062,172.83999633789062,172.8699951171875,172.8262939453125,172.85000610351562,3269.0
2024-10-25 12:26:00+00:00,QLYS,120.7249984741211,120.7249984741211,120.7249984741211,120.70999908447266,120.72000122070312,2041.0
2024-10-25 12:26:00+00:00,QRVO,100.28500366210938,100.28500366210938,100.28500366210938,100.27999877929688,100.27999877929688,446.0
2024-10-25 12:26:00+00:00,QUIK,8.649999618530273,8.649999618530273,8.649999618530273,8.649999618530273,8.649999618530273,101.0
2024-10-25 12:26:00+00:00,REKR,1.0993000268936157,1.0993000268936157,1.0993000268936157,1.0993000268936157,1.0993000268936157,1342.0
2024-10-25 12:26:00+00:00,RGTI,1.215000033378601,1.215000033378601,1.225000023841858,1.215000033378601,1.225000023841858,6203.0
2024-10-25 12:26:00+00:00,RIOT,10.050000190734863,10.050000190734863,10.0649995803833,10.039999961853027,10.039999961853027,52684.0
2024-10-25 12:26:00+00:00,RMBS,43.505001068115234,43.505001068115234,43.52000045776367,43.4900016784668,43.52000045776367,2183.0
2024-10-25 12:26:00+00:00,RPAY,7.605000019073486,7.605000019073486,7.605000019073486,7.605000019073486,7.605000019073486,289.0
2024-10-25 12:26:00+00:00,RPD,39.09000015258789,39.09000015258789,39.119998931884766,39.09000015258789,39.119998931884766,1181.0
2024-10-25 12:26:00+00:00,RUN,14.40999984741211,14.40999984741211,14.414999961853027,14.399999618530273,14.414999961853027,6786.0
2024-10-25 12:26:00+00:00,SANM,67.75,67.75,67.75,67.75,67.75,299.0
2024-10-25 12:26:00+00:00,SATS,25.114999771118164,25.114999771118164,25.1200008392334,25.114999771118164,25.1200008392334,910.0
2024-10-25 12:26:00+00:00,SEDG,16.170000076293945,16.170000076293945,16.18000030517578,16.1299991607666,16.149999618530273,7313.0
2024-10-25 12:26:00+00:00,SHLS,5.340000152587891,5.340000152587891,5.340000152587891,5.335000038146973,5.335000038146973,4388.0
2024-10-25 12:26:00+00:00,SIMO,57.18000030517578,57.18000030517578,57.18000030517578,57.18000030517578,57.18000030517578,200.0
2024-10-25 12:26:00+00:00,SITM,184.47999572753906,184.47999572753906,184.47999572753906,184.47999572753906,184.47999572753906,272.0
2024-10-25 12:26:00+00:00,SKYT,10.770000457763672,10.770000457763672,10.770000457763672,10.770000457763672,10.770000457763672,384.0
2024-10-25 12:26:00+00:00,SMCI,48.01499938964844,48.01499938964844,48.04999923706055,47.938899993896484,47.959999084472656,175115.0
2024-10-25 12:26:00+00:00,SMTC,45.790000915527344,45.790000915527344,45.790000915527344,45.790000915527344,45.790000915527344,644.0
2024-10-25 12:26:00+00:00,SNPS,503.55999755859375,503.55999755859375,503.8599853515625,503.5400085449219,503.5400085449219,1759.0
2024-10-25 12:26:00+00:00,SONO,12.824999809265137,12.824999809265137,12.824999809265137,12.824999809265137,12.824999809265137,645.0
2024-10-25 12:26:00+00:00,SOUN,5.287300109863281,5.287300109863281,5.289999961853027,5.2829999923706055,5.288700103759766,6298.0
2024-10-25 12:26:00+00:00,SPI,0.4221000075340271,0.4221000075340271,0.4242999851703644,0.4221000075340271,0.4242999851703644,2270.0
2024-10-25 12:26:00+00:00,SPSC,172.00999450683594,172.00999450683594,172.0800018310547,172.0,172.0,1764.0
2024-10-25 12:26:00+00:00,SRAD,12.390000343322754,12.390000343322754,12.390000343322754,12.390000343322754,12.390000343322754,221.0
2024-10-25 12:26:00+00:00,SSNC,69.76000213623047,69.76000213623047,69.76000213623047,69.7300033569336,69.7300033569336,6805.0
2024-10-25 12:26:00+00:00,STER,16.739999771118164,16.739999771118164,16.739999771118164,16.735000610351562,16.735000610351562,309.0
2024-10-25 12:26:00+00:00,STNE,11.494999885559082,11.494999885559082,11.5,11.49120044708252,11.5,2334.0
2024-10-25 12:26:00+00:00,STX,104.07499694824219,104.07499694824219,104.07499694824219,103.96499633789062,103.96499633789062,2662.0
2024-10-25 12:26:00+00:00,SURG,1.7599999904632568,1.7599999904632568,1.7599999904632568,1.7599999904632568,1.7599999904632568,200.0
2024-10-25 12:26:00+00:00,SWKS,96.54499816894531,96.54499816894531,96.56999969482422,96.54499816894531,96.56999969482422,1200.0
2024-10-25 12:26:00+00:00,TAOP,0.4697999954223633,0.4697999954223633,0.4697999954223633,0.4697999954223633,0.4697999954223633,3748.0
2024-10-25 12:26:00+00:00,TEAM,190.77000427246094,190.77000427246094,190.77000427246094,190.77000427246094,190.77000427246094,421.0
2024-10-25 12:26:00+00:00,TENB,41.93000030517578,41.93000030517578,41.93000030517578,41.84000015258789,41.84000015258789,699.0
2024-10-25 12:26:00+00:00,TER,112.875,112.875,112.9000015258789,112.87000274658203,112.8949966430664,2445.0
2024-10-25 12:26:00+00:00,TRMB,61.130001068115234,61.130001068115234,61.130001068115234,61.130001068115234,61.130001068115234,808.0
2024-10-25 12:26:00+00:00,TSEM,45.005001068115234,45.005001068115234,45.005001068115234,45.0,45.0,661.0
2024-10-25 12:26:00+00:00,TTD,119.7300033569336,119.7300033569336,119.7300033569336,119.66999816894531,119.66999816894531,1613.0
2024-10-25 12:26:00+00:00,TTMI,19.56999969482422,19.56999969482422,19.600000381469727,19.56999969482422,19.600000381469727,1659.0
2024-10-25 12:26:00+00:00,TWKS,4.449999809265137,4.449999809265137,4.449999809265137,4.449999809265137,4.449999809265137,1000.0
2024-10-25 12:26:00+00:00,TXN,209.02000427246094,209.02000427246094,209.0500030517578,208.93499755859375,209.0500030517578,1771.0
2024-10-25 12:26:00+00:00,UCTT,36.04999923706055,36.04999923706055,36.09000015258789,36.04999923706055,36.09000015258789,1468.0
2024-10-25 12:26:00+00:00,VECO,29.5,29.5,29.514999389648438,29.5,29.514999389648438,657.0
2024-10-25 12:26:00+00:00,VERI,3.424999952316284,3.424999952316284,3.424999952316284,3.4240000247955322,3.4240000247955322,1403.0
2024-10-25 12:26:00+00:00,VERX,42.18000030517578,42.18000030517578,42.18000030517578,42.18000030517578,42.18000030517578,452.0
2024-10-25 12:26:00+00:00,VIAV,9.270000457763672,9.270000457763672,9.270000457763672,9.270000457763672,9.270000457763672,1243.0
2024-10-25 12:26:00+00:00,VMEO,4.769999980926514,4.769999980926514,4.769999980926514,4.760000228881836,4.769999980926514,675.0
2024-10-25 12:26:00+00:00,VRNS,57.02000045776367,57.02000045776367,57.040000915527344,57.02000045776367,57.040000915527344,872.0
2024-10-25 12:26:00+00:00,VSAT,10.359999656677246,10.359999656677246,10.359999656677246,10.359999656677246,10.359999656677246,523.0
2024-10-25 12:26:00+00:00,VUZI,1.3200000524520874,1.3200000524520874,1.3200000524520874,1.3200000524520874,1.3200000524520874,1064.0
2024-10-25 12:26:00+00:00,WATT,0.5950000286102295,0.5950000286102295,0.5950000286102295,0.5950000286102295,0.5950000286102295,400.0
2024-10-25 12:26:00+00:00,WDAY,239.91000366210938,239.91000366210938,239.91000366210938,239.91000366210938,239.91000366210938,902.0
2024-10-25 12:26:00+00:00,WDC,71.51619720458984,71.51619720458984,71.56999969482422,71.4800033569336,71.52999877929688,18624.0
2024-10-25 12:26:00+00:00,WISA,1.8949999809265137,1.8949999809265137,1.899999976158142,1.875,1.875,29590.0
2024-10-25 12:26:00+00:00,WIX,165.8000030517578,165.8000030517578,165.8000030517578,165.8000030517578,165.8000030517578,511.0
2024-10-25 12:26:00+00:00,WRAP,1.8250000476837158,1.8250000476837158,1.8250000476837158,1.8250000476837158,1.8250000476837158,440.0
2024-10-25 12:26:00+00:00,XRX,10.109999656677246,10.109999656677246,10.109999656677246,10.104999542236328,10.104999542236328,1708.0
2024-10-25 12:26:00+00:00,ZI,10.53499984741211,10.53499984741211,10.539999961853027,10.529999732971191,10.539999961853027,3920.0
2024-10-25 12:26:00+00:00,ZM,73.16999816894531,73.16999816894531,73.16999816894531,73.16999816894531,73.16999816894531,1025.0
2024-10-25 12:26:00+00:00,ZS,186.77000427246094,186.77000427246094,186.77000427246094,186.64999389648438,186.64999389648438,380.0
2024-10-25 12:27:00+00:00,AAOI,18.228200912475586,18.228200912475586,18.228200912475586,18.228200912475586,18.228200912475586,778.0
2024-10-25 12:27:00+00:00,AAPL,232.66000366210938,232.66000366210938,232.66000366210938,232.60009765625,232.63999938964844,35282.0
2024-10-25 12:27:00+00:00,ACIW,48.849998474121094,48.849998474121094,48.849998474121094,48.849998474121094,48.849998474121094,1760.0
2024-10-25 12:27:00+00:00,ACLS,90.597900390625,90.597900390625,90.597900390625,90.597900390625,90.597900390625,207.0
2024-10-25 12:27:00+00:00,ACMR,20.1200008392334,20.1200008392334,20.149999618530273,20.110000610351562,20.1200008392334,11928.0
2024-10-25 12:27:00+00:00,ADBE,485.6600036621094,485.6600036621094,485.6700134277344,485.4523010253906,485.57000732421875,1878.0
2024-10-25 12:27:00+00:00,ADI,233.66000366210938,233.66000366210938,233.66000366210938,233.66000366210938,233.66000366210938,454.0
2024-10-25 12:27:00+00:00,ADSK,286.81500244140625,286.81500244140625,286.81500244140625,286.81500244140625,286.81500244140625,1816.0
2024-10-25 12:27:00+00:00,AEHR,17.109899520874023,17.109899520874023,17.109899520874023,17.090099334716797,17.090099334716797,1831.0
2024-10-25 12:27:00+00:00,AFRM,41.891998291015625,41.891998291015625,41.903900146484375,41.87969970703125,41.87969970703125,1438.0
2024-10-25 12:27:00+00:00,AKTS,0.057100001722574234,0.057100001722574234,0.057100001722574234,0.057100001722574234,0.057100001722574234,0.0
2024-10-25 12:27:00+00:00,ALGM,22.860000610351562,22.860000610351562,22.889999389648438,22.850000381469727,22.885000228881836,7860.0
2024-10-25 12:27:00+00:00,ALKT,38.279998779296875,38.279998779296875,38.279998779296875,38.279998779296875,38.279998779296875,260.0
2024-10-25 12:27:00+00:00,ALRM,54.650001525878906,54.650001525878906,54.66999816894531,54.650001525878906,54.650001525878906,1861.0
2024-10-25 12:27:00+00:00,AMAT,188.38999938964844,188.38999938964844,188.39999389648438,188.36000061035156,188.36000061035156,2453.0
2024-10-25 12:27:00+00:00,AMBA,58.4900016784668,58.4900016784668,58.4900016784668,58.4900016784668,58.4900016784668,177.0
2024-10-25 12:27:00+00:00,AMD,158.1199951171875,158.1199951171875,158.14999389648438,158.10000610351562,158.11000061035156,22697.0
2024-10-25 12:27:00+00:00,AMKR,30.079999923706055,30.079999923706055,30.079999923706055,30.079999923706055,30.079999923706055,565.0
2024-10-25 12:27:00+00:00,ANY,1.0612000226974487,1.0612000226974487,1.0612000226974487,1.0612000226974487,1.0612000226974487,384.0
2024-10-25 12:27:00+00:00,API,2.825000047683716,2.825000047683716,2.8299999237060547,2.825000047683716,2.8299999237060547,1120.0
2024-10-25 12:27:00+00:00,APP,162.47999572753906,162.47999572753906,162.47999572753906,162.3350067138672,162.3350067138672,1648.0
2024-10-25 12:27:00+00:00,APPS,3.069999933242798,3.069999933242798,3.069999933242798,3.069999933242798,3.069999933242798,403.0
2024-10-25 12:27:00+00:00,ARBE,1.850100040435791,1.850100040435791,1.850100040435791,1.850100040435791,1.850100040435791,903.0
2024-10-25 12:27:00+00:00,ARQQ,7.0,7.0,7.000100135803223,7.0,7.000100135803223,3163.0
2024-10-25 12:27:00+00:00,ARRY,6.545000076293945,6.545000076293945,6.554999828338623,6.530099868774414,6.534999847412109,41406.0
2024-10-25 12:27:00+00:00,ASML,718.177490234375,718.177490234375,718.177490234375,718.177490234375,718.177490234375,385.0
2024-10-25 12:27:00+00:00,AUID,6.809999942779541,6.809999942779541,6.809999942779541,6.809999942779541,6.809999942779541,5551.0
2024-10-25 12:27:00+00:00,AVDX,8.149999618530273,8.149999618530273,8.15999984741211,8.149999618530273,8.15999984741211,4423.0
2024-10-25 12:27:00+00:00,AVGO,176.19500732421875,176.19500732421875,176.2100067138672,176.14999389648438,176.19500732421875,8679.0
2024-10-25 12:27:00+00:00,BIGC,5.309999942779541,5.309999942779541,5.315000057220459,5.309999942779541,5.315000057220459,413.0
2024-10-25 12:27:00+00:00,BMBL,7.260000228881836,7.260000228881836,7.264999866485596,7.25,7.25,3447.0
2024-10-25 12:27:00+00:00,BSY,49.18730163574219,49.18730163574219,49.20989990234375,49.18730163574219,49.19990158081055,1464.0
2024-10-25 12:27:00+00:00,CAMT,78.56500244140625,78.56500244140625,78.56500244140625,78.56500244140625,78.56500244140625,401.0
2024-10-25 12:27:00+00:00,CAN,0.9919999837875366,0.9919999837875366,0.9926000237464905,0.9909999966621399,0.9909999966621399,1616.0
2024-10-25 12:27:00+00:00,CDNS,259.3900146484375,259.3900146484375,259.3900146484375,259.2575988769531,259.2575988769531,2027.0
2024-10-25 12:27:00+00:00,CFLT,22.68000030517578,22.68000030517578,22.69499969482422,22.674999237060547,22.681900024414062,4525.0
2024-10-25 12:27:00+00:00,CGNX,39.06999969482422,39.06999969482422,39.06999969482422,39.06999969482422,39.06999969482422,125.0
2024-10-25 12:27:00+00:00,CLBT,18.145000457763672,18.145000457763672,18.145000457763672,18.145000457763672,18.145000457763672,216.0
2024-10-25 12:27:00+00:00,CLSK,11.899999618530273,11.899999618530273,11.904999732971191,11.869999885559082,11.88010025024414,25028.0
2024-10-25 12:27:00+00:00,CNXC,45.119998931884766,45.119998931884766,45.119998931884766,45.119998931884766,45.119998931884766,365.0
2024-10-25 12:27:00+00:00,COHR,95.24980163574219,95.24980163574219,95.27999877929688,95.24980163574219,95.26000213623047,809.0
2024-10-25 12:27:00+00:00,COIN,209.69000244140625,209.69000244140625,209.7899932861328,209.33999633789062,209.39500427246094,12028.0
2024-10-25 12:27:00+00:00,COMM,6.315000057220459,6.315000057220459,6.315000057220459,6.315000057220459,6.315000057220459,1172.0
2024-10-25 12:27:00+00:00,CORZ,13.369999885559082,13.369999885559082,13.369999885559082,13.364999771118164,13.364999771118164,2154.0
2024-10-25 12:27:00+00:00,CRDO,39.83000183105469,39.83000183105469,39.83000183105469,39.810001373291016,39.810001373291016,442.0
2024-10-25 12:27:00+00:00,CRSR,6.440000057220459,6.440000057220459,6.440000057220459,6.440000057220459,6.440000057220459,605.0
2024-10-25 12:27:00+00:00,CRUS,123.72209930419922,123.72209930419922,123.74500274658203,123.72209930419922,123.74500274658203,973.0
2024-10-25 12:27:00+00:00,CRWD,309.8599853515625,309.8599853515625,310.010009765625,309.6499938964844,309.6499938964844,8028.0
2024-10-25 12:27:00+00:00,CSCO,55.994998931884766,55.994998931884766,56.0,55.9900016784668,55.994998931884766,15982.0
2024-10-25 12:27:00+00:00,CSIQ,13.84000015258789,13.84000015258789,13.850000381469727,13.832099914550781,13.834799766540527,2366.0
2024-10-25 12:27:00+00:00,CTLP,8.920000076293945,8.920000076293945,8.920000076293945,8.920000076293945,8.920000076293945,297.0
2024-10-25 12:27:00+00:00,CTSH,75.0199966430664,75.0199966430664,75.04000091552734,75.0199966430664,75.02999877929688,2181.0
2024-10-25 12:27:00+00:00,CYBR,292.6549987792969,292.6549987792969,292.6549987792969,292.6549987792969,292.6549987792969,274.0
2024-10-25 12:27:00+00:00,DBX,26.040000915527344,26.040000915527344,26.045000076293945,26.040000915527344,26.045000076293945,454.0
2024-10-25 12:27:00+00:00,DDOG,127.72000122070312,127.72000122070312,127.72000122070312,127.70999908447266,127.70999908447266,1059.0
2024-10-25 12:27:00+00:00,DIOD,66.44999694824219,66.44999694824219,66.44999694824219,66.44999694824219,66.44999694824219,205.0
2024-10-25 12:27:00+00:00,DOCU,69.9000015258789,69.9000015258789,69.91000366210938,69.88999938964844,69.88999938964844,2128.0
2024-10-25 12:27:00+00:00,DOMO,8.0600004196167,8.0600004196167,8.0600004196167,8.055000305175781,8.055000305175781,1078.0
2024-10-25 12:27:00+00:00,DUOL,290.92999267578125,290.92999267578125,291.0,290.6400146484375,290.6400146484375,2037.0
2024-10-25 12:27:00+00:00,EEFT,100.31999969482422,100.31999969482422,100.31999969482422,100.29000091552734,100.29000091552734,595.0
2024-10-25 12:27:00+00:00,EMKR,2.125999927520752,2.125999927520752,2.125999927520752,2.125999927520752,2.125999927520752,1713.0
2024-10-25 12:27:00+00:00,ENPH,83.62000274658203,83.62000274658203,83.62999725341797,83.55999755859375,83.56999969482422,3593.0
2024-10-25 12:27:00+00:00,ENTG,105.83999633789062,105.83999633789062,105.83999633789062,105.81999969482422,105.81999969482422,2005.0
2024-10-25 12:27:00+00:00,ERIC,8.475000381469727,8.475000381469727,8.475000381469727,8.470499992370605,8.470499992370605,8546.0
2024-10-25 12:27:00+00:00,EXTR,14.475000381469727,14.475000381469727,14.475000381469727,14.470000267028809,14.470000267028809,1169.0
2024-10-25 12:27:00+00:00,FFIV,216.67999267578125,216.67999267578125,216.67999267578125,216.67999267578125,216.67999267578125,232.0
2024-10-25 12:27:00+00:00,FIVN,30.049999237060547,30.049999237060547,30.079999923706055,30.049999237060547,30.06999969482422,1370.0
2024-10-25 12:27:00+00:00,FLEX,35.375,35.375,35.375,35.375,35.375,300.0
2024-10-25 12:27:00+00:00,FLYW,17.59000015258789,17.59000015258789,17.600000381469727,17.59000015258789,17.600000381469727,431.0
2024-10-25 12:27:00+00:00,FRSH,11.6899995803833,11.6899995803833,11.6899995803833,11.6850004196167,11.6850004196167,1264.0
2024-10-25 12:27:00+00:00,FSLR,200.02000427246094,200.02000427246094,200.02999877929688,199.88999938964844,199.88999938964844,3494.0
2024-10-25 12:27:00+00:00,FTCI,0.6654999852180481,0.6654999852180481,0.6654999852180481,0.6654999852180481,0.6654999852180481,8035.0
2024-10-25 12:27:00+00:00,FTFT,0.33570000529289246,0.33570000529289246,0.33570000529289246,0.3215000033378601,0.3215000033378601,3903.0
2024-10-25 12:27:00+00:00,GCT,24.950000762939453,24.950000762939453,24.950000762939453,24.950000762939453,24.950000762939453,1124.0
2024-10-25 12:27:00+00:00,GPRO,1.3350000381469727,1.3350000381469727,1.3350000381469727,1.3350000381469727,1.3350000381469727,313.0
2024-10-25 12:27:00+00:00,GRAB,4.085000038146973,4.085000038146973,4.090000152587891,4.079999923706055,4.085000038146973,9182.0
2024-10-25 12:27:00+00:00,GRRR,4.510000228881836,4.510000228881836,4.510000228881836,4.510000228881836,4.510000228881836,1004.0
2024-10-25 12:27:00+00:00,HCP,33.69499969482422,33.69499969482422,33.69499969482422,33.69499969482422,33.69499969482422,1369.0
2024-10-25 12:27:00+00:00,HEAR,16.670000076293945,16.670000076293945,16.670000076293945,16.670000076293945,16.670000076293945,200.0
2024-10-25 12:27:00+00:00,HIMX,6.175000190734863,6.175000190734863,6.175000190734863,6.175000190734863,6.175000190734863,397.0
2024-10-25 12:27:00+00:00,HOLO,3.6500000953674316,3.6500000953674316,3.6500000953674316,3.640000104904175,3.640000104904175,4096.0
2024-10-25 12:27:00+00:00,HOOD,27.364999771118164,27.364999771118164,27.3700008392334,27.354999542236328,27.354999542236328,8388.0
2024-10-25 12:27:00+00:00,HTCR,1.0199999809265137,1.0199999809265137,1.0199999809265137,1.0199999809265137,1.0199999809265137,2721.0
2024-10-25 12:27:00+00:00,IMTE,1.600000023841858,1.600000023841858,1.649999976158142,1.600000023841858,1.649999976158142,726.0
2024-10-25 12:27:00+00:00,INDI,3.575000047683716,3.575000047683716,3.575000047683716,3.575000047683716,3.575000047683716,403.0
2024-10-25 12:27:00+00:00,INOD,20.020000457763672,20.020000457763672,20.021499633789062,20.014999389648438,20.014999389648438,2020.0
2024-10-25 12:27:00+00:00,INTA,50.224998474121094,50.224998474121094,50.224998474121094,50.224998474121094,50.224998474121094,451.0
2024-10-25 12:27:00+00:00,INTC,23.13990020751953,23.13990020751953,23.139999389648438,23.1200008392334,23.125,93114.0
2024-10-25 12:27:00+00:00,INTU,610.4000244140625,610.4000244140625,610.6799926757812,610.4000244140625,610.6799926757812,447.0
2024-10-25 12:27:00+00:00,JKHY,184.10000610351562,184.10000610351562,184.11000061035156,184.0399932861328,184.0399932861328,3005.0
2024-10-25 12:27:00+00:00,KC,2.7249999046325684,2.7249999046325684,2.7249999046325684,2.7200000286102295,2.7200000286102295,8849.0
2024-10-25 12:27:00+00:00,LINK,4.934999942779541,4.934999942779541,4.973599910736084,4.8333001136779785,4.8333001136779785,1811.0
2024-10-25 12:27:00+00:00,LITE,64.48999786376953,64.48999786376953,64.48999786376953,64.48999786376953,64.48999786376953,417.0
2024-10-25 12:27:00+00:00,LRCX,79.11000061035156,79.11000061035156,79.12000274658203,79.06999969482422,79.12000274658203,9096.0
2024-10-25 12:27:00+00:00,LSCC,54.529998779296875,54.529998779296875,54.529998779296875,54.47999954223633,54.47999954223633,2096.0
2024-10-25 12:27:00+00:00,LYFT,13.8149995803833,13.8149995803833,13.819999694824219,13.8100004196167,13.8149995803833,9037.0
2024-10-25 12:27:00+00:00,MANH,276.0,276.0,276.0,275.79998779296875,275.79998779296875,381.0
2024-10-25 12:27:00+00:00,MCHP,76.9800033569336,76.9800033569336,77.0,76.9800033569336,77.0,3926.0
2024-10-25 12:27:00+00:00,MDB,267.79998779296875,267.79998779296875,267.79998779296875,267.79998779296875,267.79998779296875,1862.0
2024-10-25 12:27:00+00:00,MNDY,298.489990234375,298.489990234375,298.489990234375,298.489990234375,298.489990234375,1095.0
2024-10-25 12:27:00+00:00,MRVL,82.86000061035156,82.86000061035156,82.87000274658203,82.80999755859375,82.86000061035156,11021.0
2024-10-25 12:27:00+00:00,MSFT,430.4700012207031,430.4700012207031,430.5,430.3699951171875,430.3931884765625,10098.0
2024-10-25 12:27:00+00:00,MSTR,240.0749969482422,240.0749969482422,240.1999969482422,239.61529541015625,240.1999053955078,38556.0
2024-10-25 12:27:00+00:00,MTSI,120.79000091552734,120.79000091552734,120.79000091552734,120.62000274658203,120.62000274658203,846.0
2024-10-25 12:27:00+00:00,MTTR,4.659999847412109,4.659999847412109,4.659999847412109,4.65500020980835,4.65500020980835,3400.0
2024-10-25 12:27:00+00:00,MU,109.19989776611328,109.19989776611328,109.19989776611328,109.13999938964844,109.1500015258789,21800.0
2024-10-25 12:27:00+00:00,MVIS,1.0898000001907349,1.0898000001907349,1.0898000001907349,1.0808000564575195,1.0808000564575195,2120.0
2024-10-25 12:27:00+00:00,MXL,15.180000305175781,15.180000305175781,15.180000305175781,15.180000305175781,15.180000305175781,710.0
2024-10-25 12:27:00+00:00,NCNO,37.849998474121094,37.849998474121094,37.88999938964844,37.849998474121094,37.880001068115234,3130.0
2024-10-25 12:27:00+00:00,NNDM,2.3450000286102295,2.3450000286102295,2.3450000286102295,2.3450000286102295,2.3450000286102295,171.0
2024-10-25 12:27:00+00:00,NSIT,209.2899932861328,209.2899932861328,209.2899932861328,209.19000244140625,209.22000122070312,2207.0
2024-10-25 12:27:00+00:00,NTGR,20.389999389648438,20.389999389648438,20.389999389648438,20.389999389648438,20.389999389648438,598.0
2024-10-25 12:27:00+00:00,NTNX,62.25,62.25,62.2599983215332,62.25,62.2599983215332,2213.0
2024-10-25 12:27:00+00:00,NVDA,143.41000366210938,143.41000366210938,143.43499755859375,143.36000061035156,143.4199981689453,206660.0
2024-10-25 12:27:00+00:00,NXPI,245.4149932861328,245.4149932861328,245.4149932861328,245.4149932861328,245.4149932861328,225.0
2024-10-25 12:27:00+00:00,OKTA,72.5999984741211,72.5999984741211,72.5999984741211,72.5999984741211,72.5999984741211,413.0
2024-10-25 12:27:00+00:00,OLED,204.48500061035156,204.48500061035156,204.48500061035156,204.47000122070312,204.47000122070312,1065.0
2024-10-25 12:27:00+00:00,ON,72.0,72.0,72.0,71.95999908447266,71.97000122070312,14407.0
2024-10-25 12:27:00+00:00,PANW,369.760009765625,369.760009765625,369.79998779296875,369.7149963378906,369.7149963378906,2210.0
2024-10-25 12:27:00+00:00,PET,0.8134999871253967,0.8134999871253967,0.8134999871253967,0.8134999871253967,0.8134999871253967,425.0
2024-10-25 12:27:00+00:00,PGY,11.864999771118164,11.864999771118164,11.864999771118164,11.864999771118164,11.864999771118164,323.0
2024-10-25 12:27:00+00:00,PHUN,10.187800407409668,10.187800407409668,10.220000267028809,10.15999984741211,10.194999694824219,45308.0
2024-10-25 12:27:00+00:00,PI,203.88499450683594,203.88499450683594,203.89999389648438,203.88499450683594,203.89999389648438,898.0
2024-10-25 12:27:00+00:00,PLAB,23.670000076293945,23.670000076293945,23.68000030517578,23.670000076293945,23.68000030517578,1632.0
2024-10-25 12:27:00+00:00,POET,3.9700000286102295,3.9700000286102295,3.9700000286102295,3.9700000286102295,3.9700000286102295,800.0
2024-10-25 12:27:00+00:00,POWI,64.0199966430664,64.0199966430664,64.0199966430664,64.0199966430664,64.0199966430664,2274.0
2024-10-25 12:27:00+00:00,PTC,186.86500549316406,186.86500549316406,186.86500549316406,186.80499267578125,186.86000061035156,26877.0
2024-10-25 12:27:00+00:00,QCOM,172.8065948486328,172.8065948486328,172.85000610351562,172.77000427246094,172.83999633789062,6275.0
2024-10-25 12:27:00+00:00,QH,1.3601000308990479,1.3601000308990479,1.399999976158142,1.350000023841858,1.399999976158142,13549.0
2024-10-25 12:27:00+00:00,QLYS,120.7249984741211,120.7249984741211,120.7249984741211,120.7249984741211,120.7249984741211,479.0
2024-10-25 12:27:00+00:00,QRVO,100.23999786376953,100.23999786376953,100.23999786376953,100.23999786376953,100.23999786376953,699.0
2024-10-25 12:27:00+00:00,RCAT,2.755000114440918,2.755000114440918,2.755000114440918,2.755000114440918,2.755000114440918,1580.0
2024-10-25 12:27:00+00:00,RDWR,22.399999618530273,22.399999618530273,22.399999618530273,22.399999618530273,22.399999618530273,423.0
2024-10-25 12:27:00+00:00,RELY,14.75,14.75,14.75,14.75,14.75,552.0
2024-10-25 12:27:00+00:00,RGTI,1.2100000381469727,1.2100000381469727,1.215000033378601,1.2100000381469727,1.2100000381469727,14019.0
2024-10-25 12:27:00+00:00,RIOT,10.072099685668945,10.072099685668945,10.076000213623047,10.04990005493164,10.055000305175781,23171.0
2024-10-25 12:27:00+00:00,RMBS,43.4900016784668,43.4900016784668,43.4900016784668,43.47999954223633,43.47999954223633,634.0
2024-10-25 12:27:00+00:00,RMNI,1.7200000286102295,1.7200000286102295,1.725000023841858,1.7200000286102295,1.725000023841858,212.0
2024-10-25 12:27:00+00:00,RPAY,7.610000133514404,7.610000133514404,7.610000133514404,7.610000133514404,7.610000133514404,349.0
2024-10-25 12:27:00+00:00,RPD,39.09000015258789,39.09000015258789,39.119998931884766,39.09000015258789,39.119998931884766,341.0
2024-10-25 12:27:00+00:00,RUM,5.735000133514404,5.735000133514404,5.741600036621094,5.735000133514404,5.739999771118164,5619.0
2024-10-25 12:27:00+00:00,RUN,14.4399995803833,14.4399995803833,14.4399995803833,14.420000076293945,14.420000076293945,28071.0
2024-10-25 12:27:00+00:00,SANM,67.75,67.75,67.75,67.75,67.75,110.0
2024-10-25 12:27:00+00:00,SATS,25.114999771118164,25.114999771118164,25.114999771118164,25.114999771118164,25.114999771118164,345.0
2024-10-25 12:27:00+00:00,SEDG,16.209999084472656,16.209999084472656,16.209999084472656,16.19499969482422,16.19499969482422,813.0
2024-10-25 12:27:00+00:00,SHLS,5.340000152587891,5.340000152587891,5.340000152587891,5.340000152587891,5.340000152587891,13511.0
2024-10-25 12:27:00+00:00,SIMO,57.16999816894531,57.16999816894531,57.189998626708984,57.16999816894531,57.18000030517578,1601.0
2024-10-25 12:27:00+00:00,SKYT,10.774999618530273,10.774999618530273,10.774999618530273,10.774999618530273,10.774999618530273,1147.0
2024-10-25 12:27:00+00:00,SMCI,48.05950164794922,48.05950164794922,48.079898834228516,48.0,48.013999938964844,64279.0
2024-10-25 12:27:00+00:00,SNPS,503.614990234375,503.614990234375,503.8599853515625,503.614990234375,503.6737976074219,1858.0
2024-10-25 12:27:00+00:00,SONO,12.829999923706055,12.829999923706055,12.829999923706055,12.829999923706055,12.829999923706055,408.0
2024-10-25 12:27:00+00:00,SOPA,0.9610000252723694,0.9610000252723694,0.9610000252723694,0.9610000252723694,0.9610000252723694,0.0
2024-10-25 12:27:00+00:00,SOUN,5.282299995422363,5.282299995422363,5.289999961853027,5.28000020980835,5.289999961853027,9327.0
2024-10-25 12:27:00+00:00,SPSC,172.3350067138672,172.3350067138672,172.3350067138672,172.02999877929688,172.30499267578125,3570.0
2024-10-25 12:27:00+00:00,SPT,27.049999237060547,27.049999237060547,27.049999237060547,27.049999237060547,27.049999237060547,260.0
2024-10-25 12:27:00+00:00,SRAD,12.394200325012207,12.394200325012207,12.394200325012207,12.394200325012207,12.394200325012207,758.0
2024-10-25 12:27:00+00:00,SSNC,69.76000213623047,69.76000213623047,69.76000213623047,69.76000213623047,69.76000213623047,1296.0
2024-10-25 12:27:00+00:00,STNE,11.5,11.5,11.5,11.494999885559082,11.5,1071.0
2024-10-25 12:27:00+00:00,SVRE,0.08240000158548355,0.08240000158548355,0.08240000158548355,0.08240000158548355,0.08240000158548355,5139.0
2024-10-25 12:27:00+00:00,SWKS,96.54499816894531,96.54499816894531,96.54499816894531,96.54499816894531,96.54499816894531,1225.0
2024-10-25 12:27:00+00:00,SYNA,73.47000122070312,73.47000122070312,73.48999786376953,73.3499984741211,73.48999786376953,648.0
2024-10-25 12:27:00+00:00,SYTA,1.270300030708313,1.270300030708313,1.274999976158142,1.270300030708313,1.274999976158142,568.0
2024-10-25 12:27:00+00:00,TAOP,0.47870001196861267,0.47870001196861267,0.47870001196861267,0.47870001196861267,0.47870001196861267,2454.0
2024-10-25 12:27:00+00:00,TEAM,190.77999877929688,190.77999877929688,190.77999877929688,190.77999877929688,190.77999877929688,1056.0
2024-10-25 12:27:00+00:00,TENB,41.93000030517578,41.93000030517578,41.93000030517578,41.93000030517578,41.93000030517578,711.0
2024-10-25 12:27:00+00:00,TER,112.88500213623047,112.88500213623047,112.93000030517578,112.86000061035156,112.87999725341797,8406.0
2024-10-25 12:27:00+00:00,TLS,3.6549999713897705,3.6549999713897705,3.6549999713897705,3.6549999713897705,3.6549999713897705,755.0
2024-10-25 12:27:00+00:00,TRMB,61.150001525878906,61.150001525878906,61.150001525878906,61.12810134887695,61.13999938964844,810.0
2024-10-25 12:27:00+00:00,TSEM,45.002498626708984,45.002498626708984,45.002498626708984,45.002498626708984,45.002498626708984,128.0
2024-10-25 12:27:00+00:00,TTD,119.70999908447266,119.70999908447266,119.70999908447266,119.68000030517578,119.70649719238281,2231.0
2024-10-25 12:27:00+00:00,TTMI,19.575000762939453,19.575000762939453,19.575000762939453,19.559999465942383,19.559999465942383,1068.0
2024-10-25 12:27:00+00:00,TWKS,4.449999809265137,4.449999809265137,4.449999809265137,4.449999809265137,4.449999809265137,7011.0
2024-10-25 12:27:00+00:00,TXN,209.02999877929688,209.02999877929688,209.0500030517578,208.98500061035156,209.0500030517578,1191.0
2024-10-25 12:27:00+00:00,UCTT,36.04499816894531,36.04499816894531,36.04499816894531,36.04499816894531,36.04499816894531,527.0
2024-10-25 12:27:00+00:00,VECO,29.520000457763672,29.520000457763672,29.530000686645508,29.520000457763672,29.52869987487793,1509.0
2024-10-25 12:27:00+00:00,VERX,42.18000030517578,42.18000030517578,42.18000030517578,42.18000030517578,42.18000030517578,1577.0
2024-10-25 12:27:00+00:00,VIAV,9.255000114440918,9.255000114440918,9.270000457763672,9.244999885559082,9.270000457763672,5842.0
2024-10-25 12:27:00+00:00,VMEO,4.769999980926514,4.769999980926514,4.769999980926514,4.769999980926514,4.769999980926514,247.0
2024-10-25 12:27:00+00:00,VNET,3.4600000381469727,3.4600000381469727,3.4600000381469727,3.4600000381469727,3.4600000381469727,369.0
2024-10-25 12:27:00+00:00,VRNS,57.08000183105469,57.08000183105469,57.08000183105469,57.040000915527344,57.040000915527344,1932.0
2024-10-25 12:27:00+00:00,VSAT,10.350000381469727,10.350000381469727,10.369999885559082,10.350000381469727,10.359999656677246,1548.0
2024-10-25 12:27:00+00:00,VUZI,1.3250000476837158,1.3250000476837158,1.3250000476837158,1.3200000524520874,1.3200000524520874,1484.0
2024-10-25 12:27:00+00:00,WDAY,239.89500427246094,239.89500427246094,239.89500427246094,239.89500427246094,239.89500427246094,479.0
2024-10-25 12:27:00+00:00,WDC,71.52999877929688,71.52999877929688,71.54000091552734,71.51000213623047,71.51000213623047,3086.0
2024-10-25 12:27:00+00:00,WISA,1.909999966621399,1.909999966621399,1.909999966621399,1.8899999856948853,1.8949999809265137,9963.0
2024-10-25 12:27:00+00:00,WIX,165.8000030517578,165.8000030517578,165.8000030517578,165.8000030517578,165.8000030517578,726.0
2024-10-25 12:27:00+00:00,WLDS,3.4200000762939453,3.4200000762939453,3.430000066757202,3.4100000858306885,3.4200000762939453,609.0
2024-10-25 12:27:00+00:00,ZI,10.53499984741211,10.53499984741211,10.539999961853027,10.53499984741211,10.53499984741211,1772.0
2024-10-25 12:27:00+00:00,ZM,73.18000030517578,73.18000030517578,73.19000244140625,73.16999816894531,73.18000030517578,2517.0
2024-10-25 12:27:00+00:00,ZS,186.70140075683594,186.70140075683594,186.70140075683594,186.6999969482422,186.6999969482422,898.0
2024-10-25 12:28:00+00:00,AAOI,18.22010040283203,18.22010040283203,18.235000610351562,18.22010040283203,18.235000610351562,851.0
2024-10-25 12:28:00+00:00,AAPL,232.7100067138672,232.7100067138672,232.72999572753906,232.63999938964844,232.63999938964844,50622.0
2024-10-25 12:28:00+00:00,ACIW,48.85499954223633,48.85499954223633,48.86000061035156,48.85499954223633,48.86000061035156,774.0
2024-10-25 12:28:00+00:00,ACLS,90.61000061035156,90.61000061035156,90.61000061035156,90.5999984741211,90.61000061035156,678.0
2024-10-25 12:28:00+00:00,ACMR,20.09000015258789,20.09000015258789,20.1299991607666,20.09000015258789,20.1299991607666,7769.0
2024-10-25 12:28:00+00:00,ADBE,485.6700134277344,485.6700134277344,485.6700134277344,485.57000732421875,485.57000732421875,1608.0
2024-10-25 12:28:00+00:00,AEHR,17.15999984741211,17.15999984741211,17.15999984741211,17.110000610351562,17.110000610351562,6511.0
2024-10-25 12:28:00+00:00,AFRM,41.904998779296875,41.904998779296875,41.91999816894531,41.89899826049805,41.91999816894531,1290.0
2024-10-25 12:28:00+00:00,AGYS,111.49500274658203,111.49500274658203,111.49500274658203,111.49500274658203,111.49500274658203,298.0
2024-10-25 12:28:00+00:00,AIRG,8.914999961853027,8.914999961853027,8.914999961853027,8.914999961853027,8.914999961853027,341.0
2024-10-25 12:28:00+00:00,AKTS,0.057100001722574234,0.057100001722574234,0.057100001722574234,0.05700000002980232,0.05700000002980232,10100.0
2024-10-25 12:28:00+00:00,ALGM,22.8799991607666,22.8799991607666,22.8799991607666,22.8700008392334,22.8700008392334,2351.0
2024-10-25 12:28:00+00:00,ALKT,38.31990051269531,38.31990051269531,38.31990051269531,38.31990051269531,38.31990051269531,39.0
2024-10-25 12:28:00+00:00,ALRM,54.650001525878906,54.650001525878906,54.650001525878906,54.650001525878906,54.650001525878906,294.0
2024-10-25 12:28:00+00:00,AMAT,188.52999877929688,188.52999877929688,188.52999877929688,188.3820037841797,188.3820037841797,3581.0
2024-10-25 12:28:00+00:00,AMD,158.19000244140625,158.19000244140625,158.2100067138672,158.10499572753906,158.11500549316406,40394.0
2024-10-25 12:28:00+00:00,AMKR,30.100000381469727,30.100000381469727,30.100000381469727,30.079999923706055,30.079999923706055,1024.0
2024-10-25 12:28:00+00:00,ANSS,325.8900146484375,325.8900146484375,325.8900146484375,325.8900146484375,325.8900146484375,741.0
2024-10-25 12:28:00+00:00,ANY,1.059999942779541,1.059999942779541,1.065000057220459,1.059999942779541,1.065000057220459,930.0
2024-10-25 12:28:00+00:00,API,2.8350000381469727,2.8350000381469727,2.8350000381469727,2.8299999237060547,2.8299999237060547,1587.0
2024-10-25 12:28:00+00:00,APP,162.47000122070312,162.47000122070312,162.47999572753906,162.35499572753906,162.4199981689453,5035.0
2024-10-25 12:28:00+00:00,APPF,215.47999572753906,215.47999572753906,215.47999572753906,215.27999877929688,215.27999877929688,2777.0
2024-10-25 12:28:00+00:00,APPS,3.075000047683716,3.075000047683716,3.075000047683716,3.075000047683716,3.075000047683716,118.0
2024-10-25 12:28:00+00:00,ARRY,6.550000190734863,6.550000190734863,6.556000232696533,6.534999847412109,6.545000076293945,48818.0
2024-10-25 12:28:00+00:00,ASML,718.3900146484375,718.3900146484375,718.3900146484375,718.0850219726562,718.0850219726562,1797.0
2024-10-25 12:28:00+00:00,ASUR,9.625,9.625,9.630399703979492,9.625,9.630399703979492,435.0
2024-10-25 12:28:00+00:00,AUR,6.434999942779541,6.434999942779541,6.435699939727783,6.429999828338623,6.429999828338623,1352.0
2024-10-25 12:28:00+00:00,AVDX,8.149999618530273,8.149999618530273,8.15999984741211,8.149999618530273,8.15999984741211,498.0
2024-10-25 12:28:00+00:00,AVGO,176.21499633789062,176.21499633789062,176.22000122070312,176.17059326171875,176.17999267578125,14323.0
2024-10-25 12:28:00+00:00,BIGC,5.309999942779541,5.309999942779541,5.309999942779541,5.309999942779541,5.309999942779541,1022.0
2024-10-25 12:28:00+00:00,BLKB,86.12999725341797,86.12999725341797,86.1500015258789,86.07499694824219,86.1500015258789,457.0
2024-10-25 12:28:00+00:00,BMBL,7.264999866485596,7.264999866485596,7.264999866485596,7.264999866485596,7.264999866485596,1274.0
2024-10-25 12:28:00+00:00,BRZE,30.790000915527344,30.790000915527344,30.790000915527344,30.780000686645508,30.780000686645508,1661.0
2024-10-25 12:28:00+00:00,BSY,49.224998474121094,49.224998474121094,49.224998474121094,49.18000030517578,49.18000030517578,1992.0
2024-10-25 12:28:00+00:00,CCSI,20.559999465942383,20.559999465942383,20.559999465942383,20.559999465942383,20.559999465942383,325.0
2024-10-25 12:28:00+00:00,CDNS,259.57989501953125,259.57989501953125,259.5799865722656,259.44000244140625,259.5299987792969,2977.0
2024-10-25 12:28:00+00:00,CDW,219.6699981689453,219.6699981689453,219.6699981689453,219.6199951171875,219.6199951171875,747.0
2024-10-25 12:28:00+00:00,CETX,0.3000999987125397,0.3000999987125397,0.30059999227523804,0.3000999987125397,0.30059999227523804,7804.0
2024-10-25 12:28:00+00:00,CFLT,22.690000534057617,22.690000534057617,22.690000534057617,22.68000030517578,22.68000030517578,495.0
2024-10-25 12:28:00+00:00,CGNX,39.084999084472656,39.084999084472656,39.084999084472656,39.06999969482422,39.06999969482422,1281.0
2024-10-25 12:28:00+00:00,CHKP,207.32000732421875,207.32000732421875,207.32000732421875,207.30999755859375,207.32000732421875,2779.0
2024-10-25 12:28:00+00:00,CLBT,18.143999099731445,18.143999099731445,18.143999099731445,18.143999099731445,18.143999099731445,335.0
2024-10-25 12:28:00+00:00,CLSK,11.895000457763672,11.895000457763672,11.909899711608887,11.885000228881836,11.900099754333496,26130.0
2024-10-25 12:28:00+00:00,CNXC,45.119998931884766,45.119998931884766,45.130001068115234,45.119998931884766,45.119998931884766,1410.0
2024-10-25 12:28:00+00:00,COHR,95.31999969482422,95.31999969482422,95.31999969482422,95.2300033569336,95.2300033569336,9481.0
2024-10-25 12:28:00+00:00,COHU,26.2450008392334,26.2450008392334,26.2450008392334,26.2450008392334,26.2450008392334,584.0
2024-10-25 12:28:00+00:00,COIN,209.74000549316406,209.74000549316406,209.74000549316406,209.52999877929688,209.74000549316406,8795.0
2024-10-25 12:28:00+00:00,COMM,6.315000057220459,6.315000057220459,6.315000057220459,6.315000057220459,6.315000057220459,684.0
2024-10-25 12:28:00+00:00,CORZ,13.399999618530273,13.399999618530273,13.404999732971191,13.390000343322754,13.390000343322754,9613.0
2024-10-25 12:28:00+00:00,CRDO,39.849998474121094,39.849998474121094,39.849998474121094,39.83000183105469,39.849998474121094,602.0
2024-10-25 12:28:00+00:00,CRWD,309.78009033203125,309.78009033203125,309.92498779296875,309.78009033203125,309.8699951171875,2011.0
2024-10-25 12:28:00+00:00,CSCO,56.005001068115234,56.005001068115234,56.005001068115234,55.994998931884766,55.994998931884766,5814.0
2024-10-25 12:28:00+00:00,CSGS,47.72999954223633,47.72999954223633,47.72999954223633,47.72999954223633,47.72999954223633,260.0
2024-10-25 12:28:00+00:00,CSIQ,13.819999694824219,13.819999694824219,13.829999923706055,13.810099601745605,13.829999923706055,6511.0
2024-10-25 12:28:00+00:00,CTLP,8.920000076293945,8.920000076293945,8.920000076293945,8.914999961853027,8.920000076293945,1613.0
2024-10-25 12:28:00+00:00,CTSH,75.04499816894531,75.04499816894531,75.04499816894531,75.02999877929688,75.02999877929688,1710.0
2024-10-25 12:28:00+00:00,CYBR,292.54998779296875,292.54998779296875,292.6549987792969,292.4700012207031,292.4700012207031,1024.0
2024-10-25 12:28:00+00:00,DAKT,13.180000305175781,13.180000305175781,13.180000305175781,13.180000305175781,13.180000305175781,267.0
2024-10-25 12:28:00+00:00,DBX,26.049999237060547,26.049999237060547,26.049999237060547,26.04490089416504,26.04490089416504,3170.0
2024-10-25 12:28:00+00:00,DCBO,46.060001373291016,46.060001373291016,46.060001373291016,46.060001373291016,46.060001373291016,271.0
2024-10-25 12:28:00+00:00,DDOG,127.66500091552734,127.66500091552734,127.70999908447266,127.6500015258789,127.69999694824219,4340.0
2024-10-25 12:28:00+00:00,DGHI,1.6094000339508057,1.6094000339508057,1.6094000339508057,1.6094000339508057,1.6094000339508057,0.0
2024-10-25 12:28:00+00:00,DIOD,66.55500030517578,66.55500030517578,66.55500030517578,66.47820281982422,66.47820281982422,1197.0
2024-10-25 12:28:00+00:00,DLO,8.81980037689209,8.81980037689209,8.81980037689209,8.81980037689209,8.81980037689209,1138.0
2024-10-25 12:28:00+00:00,DOCU,69.94999694824219,69.94999694824219,69.96859741210938,69.88999938964844,69.9000015258789,4776.0
2024-10-25 12:28:00+00:00,DOMO,8.0600004196167,8.0600004196167,8.0600004196167,8.0600004196167,8.0600004196167,237.0
2024-10-25 12:28:00+00:00,DSGX,104.63500213623047,104.63500213623047,104.63500213623047,104.57150268554688,104.61000061035156,1621.0
2024-10-25 12:28:00+00:00,EEFT,100.30999755859375,100.30999755859375,100.4000015258789,100.30999755859375,100.37000274658203,2300.0
2024-10-25 12:28:00+00:00,EMKR,2.119999885559082,2.119999885559082,2.119999885559082,2.119999885559082,2.119999885559082,0.0
2024-10-25 12:28:00+00:00,ENPH,83.65740203857422,83.65740203857422,83.69000244140625,83.62000274658203,83.62000274658203,1459.0
2024-10-25 12:28:00+00:00,ENTG,105.98999786376953,105.98999786376953,105.98999786376953,105.91999816894531,105.91999816894531,2504.0
2024-10-25 12:28:00+00:00,ERIC,8.48009967803955,8.48009967803955,8.486000061035156,8.477100372314453,8.479499816894531,156078.0
2024-10-25 12:28:00+00:00,EXLS,38.93000030517578,38.93000030517578,38.93000030517578,38.93000030517578,38.93000030517578,328.0
2024-10-25 12:28:00+00:00,EXTR,14.475000381469727,14.475000381469727,14.475000381469727,14.475000381469727,14.475000381469727,211.0
2024-10-25 12:28:00+00:00,FFIV,216.6750030517578,216.6750030517578,216.6750030517578,216.6750030517578,216.6750030517578,742.0
2024-10-25 12:28:00+00:00,FIVN,30.100000381469727,30.100000381469727,30.100000381469727,30.06999969482422,30.06999969482422,2925.0
2024-10-25 12:28:00+00:00,FLEX,35.38999938964844,35.38999938964844,35.39500045776367,35.380001068115234,35.380001068115234,1992.0
2024-10-25 12:28:00+00:00,FLYW,17.600000381469727,17.600000381469727,17.600000381469727,17.59000015258789,17.59000015258789,1366.0
2024-10-25 12:28:00+00:00,FROG,29.459999084472656,29.459999084472656,29.459999084472656,29.459999084472656,29.459999084472656,135.0
2024-10-25 12:28:00+00:00,FRSH,11.6850004196167,11.6850004196167,11.6850004196167,11.6850004196167,11.6850004196167,1234.0
2024-10-25 12:28:00+00:00,FSLR,200.14999389648438,200.14999389648438,200.14999389648438,200.0500030517578,200.07000732421875,2724.0
2024-10-25 12:28:00+00:00,FTFT,0.3070000112056732,0.3070000112056732,0.3070000112056732,0.3070000112056732,0.3070000112056732,7332.0
2024-10-25 12:28:00+00:00,FTNT,81.4000015258789,81.4000015258789,81.4000015258789,81.38999938964844,81.38999938964844,1608.0
2024-10-25 12:28:00+00:00,GCT,24.940000534057617,24.940000534057617,24.940000534057617,24.905000686645508,24.920000076293945,905.0
2024-10-25 12:28:00+00:00,GDS,21.55500030517578,21.55500030517578,21.55500030517578,21.55500030517578,21.55500030517578,656.0
2024-10-25 12:28:00+00:00,GFS,41.20500183105469,41.20500183105469,41.20500183105469,41.20500183105469,41.20500183105469,478.0
2024-10-25 12:28:00+00:00,GPRO,1.3350000381469727,1.3350000381469727,1.3350000381469727,1.3350000381469727,1.3350000381469727,5160.0
2024-10-25 12:28:00+00:00,GRAB,4.085000038146973,4.085000038146973,4.085000038146973,4.085000038146973,4.085000038146973,1357.0
2024-10-25 12:28:00+00:00,GRRR,4.510000228881836,4.510000228881836,4.510000228881836,4.510000228881836,4.510000228881836,3487.0
2024-10-25 12:28:00+00:00,GSIT,3.4700000286102295,3.4700000286102295,3.4800000190734863,3.4700000286102295,3.4800000190734863,605.0
2024-10-25 12:28:00+00:00,GTLB,55.77000045776367,55.77000045776367,55.77000045776367,55.77000045776367,55.77000045776367,901.0
2024-10-25 12:28:00+00:00,GVP,4.610000133514404,4.610000133514404,4.610000133514404,4.610000133514404,4.610000133514404,310.0
2024-10-25 12:28:00+00:00,HCP,33.69499969482422,33.69499969482422,33.69499969482422,33.689998626708984,33.69499969482422,1045.0
2024-10-25 12:28:00+00:00,HEAR,16.65250015258789,16.65250015258789,16.65250015258789,16.65250015258789,16.65250015258789,560.0
2024-10-25 12:28:00+00:00,HIMX,6.184999942779541,6.184999942779541,6.184999942779541,6.175000190734863,6.175000190734863,7494.0
2024-10-25 12:28:00+00:00,HLIT,14.75,14.75,14.75,14.744999885559082,14.75,3548.0
2024-10-25 12:28:00+00:00,HOLO,3.6500000953674316,3.6500000953674316,3.6500000953674316,3.640000104904175,3.6500000953674316,5727.0
2024-10-25 12:28:00+00:00,HOOD,27.344999313354492,27.344999313354492,27.360000610351562,27.344999313354492,27.360000610351562,7207.0
2024-10-25 12:28:00+00:00,IBEX,18.09000015258789,18.09000015258789,18.110000610351562,18.09000015258789,18.110000610351562,415.0
2024-10-25 12:28:00+00:00,IMMR,8.734999656677246,8.734999656677246,8.75,8.734999656677246,8.744999885559082,14753.0
2024-10-25 12:28:00+00:00,IMTE,1.6549999713897705,1.6549999713897705,1.6549999713897705,1.6086000204086304,1.6086000204086304,518.0
2024-10-25 12:28:00+00:00,INDI,3.575000047683716,3.575000047683716,3.575000047683716,3.569999933242798,3.569999933242798,613.0
2024-10-25 12:28:00+00:00,INOD,20.018400192260742,20.018400192260742,20.059999465942383,20.018400192260742,20.024999618530273,2388.0
2024-10-25 12:28:00+00:00,INTC,23.145000457763672,23.145000457763672,23.149999618530273,23.1299991607666,23.135000228881836,29918.0
2024-10-25 12:28:00+00:00,INTU,610.6649780273438,610.6649780273438,610.6699829101562,610.6649780273438,610.6699829101562,10686.0
2024-10-25 12:28:00+00:00,IPGP,76.94999694824219,76.94999694824219,76.94999694824219,76.94999694824219,76.94999694824219,1156.0
2024-10-25 12:28:00+00:00,ITRI,103.36000061035156,103.36000061035156,103.36000061035156,103.0,103.12000274658203,1825.0
2024-10-25 12:28:00+00:00,JKHY,184.10000610351562,184.10000610351562,184.10000610351562,184.10000610351562,184.10000610351562,494.0
2024-10-25 12:28:00+00:00,KC,2.7249999046325684,2.7249999046325684,2.7249999046325684,2.7249999046325684,2.7249999046325684,2207.0
2024-10-25 12:28:00+00:00,KLAC,680.8800048828125,680.8800048828125,680.8800048828125,680.8800048828125,680.8800048828125,390.0
2024-10-25 12:28:00+00:00,KVHI,4.656000137329102,4.656000137329102,4.656000137329102,4.656000137329102,4.656000137329102,393.0
2024-10-25 12:28:00+00:00,LINK,4.96999979019165,4.96999979019165,4.96999979019165,4.860000133514404,4.940000057220459,2228.0
2024-10-25 12:28:00+00:00,LITE,64.47000122070312,64.47000122070312,64.47000122070312,64.45999908447266,64.45999908447266,1209.0
2024-10-25 12:28:00+00:00,LOGI,81.16000366210938,81.16000366210938,81.16000366210938,81.16000366210938,81.16000366210938,389.0
2024-10-25 12:28:00+00:00,LPSN,1.1749999523162842,1.1749999523162842,1.1786999702453613,1.1749999523162842,1.1786999702453613,300.0
2024-10-25 12:28:00+00:00,LRCX,79.15139770507812,79.15139770507812,79.15139770507812,79.11000061035156,79.11000061035156,10819.0
2024-10-25 12:28:00+00:00,LSCC,54.540000915527344,54.540000915527344,54.540000915527344,54.540000915527344,54.540000915527344,1292.0
2024-10-25 12:28:00+00:00,LYFT,13.8149995803833,13.8149995803833,13.819999694824219,13.8149995803833,13.8149995803833,3442.0
2024-10-25 12:28:00+00:00,MANH,276.0799865722656,276.0799865722656,276.0799865722656,276.0299987792969,276.0299987792969,566.0
2024-10-25 12:28:00+00:00,MAXN,5.75,5.75,5.760000228881836,5.739999771118164,5.760000228881836,1500.0
2024-10-25 12:28:00+00:00,MCHP,77.0,77.0,77.01000213623047,76.9800033569336,76.9800033569336,2879.0
2024-10-25 12:28:00+00:00,MDB,268.0799865722656,268.0799865722656,268.0799865722656,267.9599914550781,267.9599914550781,649.0
2024-10-25 12:28:00+00:00,MITK,8.779999732971191,8.779999732971191,8.779999732971191,8.779999732971191,8.779999732971191,679.0
2024-10-25 12:28:00+00:00,MKSI,101.0,101.0,101.0,101.0,101.0,367.0
2024-10-25 12:28:00+00:00,MNDY,299.1575012207031,299.1575012207031,299.1575012207031,298.6300048828125,298.6300048828125,1370.0
2024-10-25 12:28:00+00:00,MPWR,921.9249877929688,921.9249877929688,922.5599975585938,921.8400268554688,921.8400268554688,766.0
2024-10-25 12:28:00+00:00,MQ,5.295000076293945,5.295000076293945,5.295000076293945,5.295000076293945,5.295000076293945,1284.0
2024-10-25 12:28:00+00:00,MRVL,82.83999633789062,82.83999633789062,82.91000366210938,82.83000183105469,82.86000061035156,17818.0
2024-10-25 12:28:00+00:00,MSFT,430.60400390625,430.60400390625,430.6300048828125,430.42999267578125,430.42999267578125,26666.0
2024-10-25 12:28:00+00:00,MSTR,239.42520141601562,239.42520141601562,240.0749969482422,239.10009765625,240.0749969482422,34018.0
2024-10-25 12:28:00+00:00,MTSI,120.85590362548828,120.85590362548828,120.85590362548828,120.85590362548828,120.85590362548828,2105.0
2024-10-25 12:28:00+00:00,MTTR,4.65500020980835,4.65500020980835,4.65500020980835,4.65500020980835,4.65500020980835,926.0
2024-10-25 12:28:00+00:00,MU,109.18800354003906,109.18800354003906,109.19999694824219,109.16999816894531,109.19999694824219,18496.0
2024-10-25 12:28:00+00:00,MVIS,1.090000033378601,1.090000033378601,1.090000033378601,1.090000033378601,1.090000033378601,9045.0
2024-10-25 12:28:00+00:00,MXL,15.239999771118164,15.239999771118164,15.25,15.180000305175781,15.180000305175781,5865.0
2024-10-25 12:28:00+00:00,NCNO,37.849998474121094,37.849998474121094,37.849998474121094,37.849998474121094,37.849998474121094,327.0
2024-10-25 12:28:00+00:00,NICE,177.1199951171875,177.1199951171875,177.1199951171875,177.1199951171875,177.1199951171875,662.0
2024-10-25 12:28:00+00:00,NTAP,120.47000122070312,120.47000122070312,120.47000122070312,120.44999694824219,120.44999694824219,880.0
2024-10-25 12:28:00+00:00,NTGR,20.399999618530273,20.399999618530273,20.399999618530273,20.399999618530273,20.399999618530273,313.0
2024-10-25 12:28:00+00:00,NVDA,143.47000122070312,143.47000122070312,143.47999572753906,143.38499450683594,143.39999389648438,175225.0
2024-10-25 12:28:00+00:00,NVEI,33.52000045776367,33.52000045776367,33.52000045776367,33.52000045776367,33.52000045776367,172.0
2024-10-25 12:28:00+00:00,NVMI,185.63999938964844,185.63999938964844,185.63999938964844,185.63999938964844,185.63999938964844,302.0
2024-10-25 12:28:00+00:00,NVTS,2.6010000705718994,2.6010000705718994,2.609999895095825,2.6010000705718994,2.6050000190734863,3103.0
2024-10-25 12:28:00+00:00,NXPI,245.4499969482422,245.4499969482422,245.4499969482422,245.4199981689453,245.4199981689453,1395.0
2024-10-25 12:28:00+00:00,ON,72.05000305175781,72.05000305175781,72.05000305175781,71.98999786376953,71.98999786376953,14811.0
2024-10-25 12:28:00+00:00,OTEX,33.400001525878906,33.400001525878906,33.400001525878906,33.400001525878906,33.400001525878906,290.0
2024-10-25 12:28:00+00:00,PANW,370.0199890136719,370.0199890136719,370.0199890136719,369.760009765625,369.760009765625,2833.0
2024-10-25 12:28:00+00:00,PEGA,80.20999908447266,80.20999908447266,80.2300033569336,80.20999908447266,80.2300033569336,1329.0
2024-10-25 12:28:00+00:00,PEGY,4.780799865722656,4.780799865722656,4.780799865722656,4.780799865722656,4.780799865722656,400.0
2024-10-25 12:28:00+00:00,PGY,11.880000114440918,11.880000114440918,11.880000114440918,11.880000114440918,11.880000114440918,200.0
2024-10-25 12:28:00+00:00,PHUN,10.227999687194824,10.227999687194824,10.25,10.210000038146973,10.210000038146973,21442.0
2024-10-25 12:28:00+00:00,PI,204.35000610351562,204.35000610351562,204.35000610351562,204.03790283203125,204.03790283203125,1516.0
2024-10-25 12:28:00+00:00,PLXS,143.13999938964844,143.13999938964844,143.21499633789062,143.13999938964844,143.13999938964844,629.0
2024-10-25 12:28:00+00:00,POET,3.9700000286102295,3.9700000286102295,3.9700000286102295,3.9700000286102295,3.9700000286102295,0.0
2024-10-25 12:28:00+00:00,PRCH,1.3300000429153442,1.3300000429153442,1.3350000381469727,1.3300000429153442,1.3300000429153442,8031.0
2024-10-25 12:28:00+00:00,PRGS,64.86000061035156,64.86000061035156,64.86000061035156,64.83999633789062,64.83999633789062,1654.0
2024-10-25 12:28:00+00:00,PRST,0.0027000000700354576,0.0027000000700354576,0.0027000000700354576,0.0027000000700354576,0.0027000000700354576,15320.0
2024-10-25 12:28:00+00:00,PRTH,5.28000020980835,5.28000020980835,5.28000020980835,5.28000020980835,5.28000020980835,203.0
2024-10-25 12:28:00+00:00,PYCR,14.335000038146973,14.335000038146973,14.335000038146973,14.335000038146973,14.335000038146973,425.0
2024-10-25 12:28:00+00:00,QCOM,172.74000549316406,172.74000549316406,172.78500366210938,172.74000549316406,172.78500366210938,7581.0
2024-10-25 12:28:00+00:00,QH,1.4299999475479126,1.4299999475479126,1.4299999475479126,1.3700000047683716,1.3700000047683716,11459.0
2024-10-25 12:28:00+00:00,QRVO,100.25,100.25,100.25,100.20999908447266,100.22000122070312,2497.0
2024-10-25 12:28:00+00:00,QUBT,1.0679999589920044,1.0679999589920044,1.0679999589920044,1.065000057220459,1.065000057220459,1071.0
2024-10-25 12:28:00+00:00,RCAT,2.755000114440918,2.755000114440918,2.755000114440918,2.755000114440918,2.755000114440918,139.0
2024-10-25 12:28:00+00:00,RELY,14.760000228881836,14.760000228881836,14.760000228881836,14.75,14.75,5341.0
2024-10-25 12:28:00+00:00,RGTI,1.2063000202178955,1.2063000202178955,1.2174999713897705,1.2050000429153442,1.2100000381469727,10898.0
2024-10-25 12:28:00+00:00,RIOT,10.071399688720703,10.071399688720703,10.076000213623047,10.064000129699707,10.076000213623047,21511.0
2024-10-25 12:28:00+00:00,RMBS,43.54499816894531,43.54499816894531,43.54999923706055,43.518001556396484,43.518001556396484,4166.0
2024-10-25 12:28:00+00:00,RMNI,1.7200000286102295,1.7200000286102295,1.725000023841858,1.7200000286102295,1.725000023841858,258.0
2024-10-25 12:28:00+00:00,RPAY,7.610000133514404,7.610000133514404,7.610000133514404,7.610000133514404,7.610000133514404,270.0
2024-10-25 12:28:00+00:00,RUM,5.724999904632568,5.724999904632568,5.730299949645996,5.724999904632568,5.730299949645996,1020.0
2024-10-25 12:28:00+00:00,RUN,14.449999809265137,14.449999809265137,14.456500053405762,14.449999809265137,14.449999809265137,10392.0
2024-10-25 12:28:00+00:00,SANM,67.77999877929688,67.77999877929688,67.77999877929688,67.76000213623047,67.76000213623047,1101.0
2024-10-25 12:28:00+00:00,SATS,25.1200008392334,25.1200008392334,25.1200008392334,25.1200008392334,25.1200008392334,430.0
2024-10-25 12:28:00+00:00,SEDG,16.170000076293945,16.170000076293945,16.219900131225586,16.170000076293945,16.219900131225586,5724.0
2024-10-25 12:28:00+00:00,SHLS,5.349999904632568,5.349999904632568,5.349999904632568,5.349999904632568,5.349999904632568,944.0
2024-10-25 12:28:00+00:00,SLNHP,13.09000015258789,13.09000015258789,13.09000015258789,13.09000015258789,13.09000015258789,4039.0
2024-10-25 12:28:00+00:00,SMCI,48.0,48.0,48.05500030517578,47.97999954223633,48.05500030517578,68658.0
2024-10-25 12:28:00+00:00,SMTC,45.790000915527344,45.790000915527344,45.84000015258789,45.790000915527344,45.84000015258789,1615.0
2024-10-25 12:28:00+00:00,SNPS,504.0400085449219,504.0400085449219,504.0400085449219,503.7099914550781,504.0400085449219,2102.0
2024-10-25 12:28:00+00:00,SONM,3.5799999237060547,3.5799999237060547,3.5799999237060547,3.5799999237060547,3.5799999237060547,111.0
2024-10-25 12:28:00+00:00,SOUN,5.284999847412109,5.284999847412109,5.289999961853027,5.28000020980835,5.284999847412109,5153.0
2024-10-25 12:28:00+00:00,SPSC,172.2100067138672,172.2100067138672,172.66000366210938,172.02999877929688,172.17730712890625,9942.0
2024-10-25 12:28:00+00:00,SPT,27.100000381469727,27.100000381469727,27.100000381469727,27.049999237060547,27.049999237060547,2311.0
2024-10-25 12:28:00+00:00,SSNC,69.7750015258789,69.7750015258789,69.81999969482422,69.7699966430664,69.7699966430664,7993.0
2024-10-25 12:28:00+00:00,SSYS,7.119999885559082,7.119999885559082,7.135000228881836,7.119999885559082,7.135000228881836,2717.0
2024-10-25 12:28:00+00:00,STNE,11.494999885559082,11.494999885559082,11.5,11.494999885559082,11.5,3565.0
2024-10-25 12:28:00+00:00,STX,104.0999984741211,104.0999984741211,104.0999984741211,104.04730224609375,104.04730224609375,1324.0
2024-10-25 12:28:00+00:00,SWKS,96.55999755859375,96.55999755859375,96.58000183105469,96.55999755859375,96.56999969482422,3083.0
2024-10-25 12:28:00+00:00,SYNA,73.42500305175781,73.42500305175781,73.42500305175781,73.42500305175781,73.42500305175781,330.0
2024-10-25 12:28:00+00:00,SYTA,1.274999976158142,1.274999976158142,1.274999976158142,1.270300030708313,1.270300030708313,4675.0
2024-10-25 12:28:00+00:00,TACT,4.164999961853027,4.164999961853027,4.164999961853027,4.164999961853027,4.164999961853027,200.0
2024-10-25 12:28:00+00:00,TAOP,0.4745999872684479,0.4745999872684479,0.4745999872684479,0.4745999872684479,0.4745999872684479,2800.0
2024-10-25 12:28:00+00:00,TEAM,190.875,190.875,190.875,190.875,190.875,613.0
2024-10-25 12:28:00+00:00,TENB,41.939998626708984,41.939998626708984,42.0,41.939998626708984,41.959999084472656,2040.0
2024-10-25 12:28:00+00:00,TER,112.97000122070312,112.97000122070312,113.0,112.88500213623047,112.88500213623047,6671.0
2024-10-25 12:28:00+00:00,TRMB,61.150001525878906,61.150001525878906,61.150001525878906,61.13199996948242,61.13199996948242,1013.0
2024-10-25 12:28:00+00:00,TSEM,45.130001068115234,45.130001068115234,45.150001525878906,45.00510025024414,45.00510025024414,3537.0
2024-10-25 12:28:00+00:00,TTD,119.75,119.75,119.75,119.75,119.75,800.0
2024-10-25 12:28:00+00:00,TTMI,19.56999969482422,19.56999969482422,19.56999969482422,19.56999969482422,19.56999969482422,438.0
2024-10-25 12:28:00+00:00,TWKS,4.449999809265137,4.449999809265137,4.449999809265137,4.449999809265137,4.449999809265137,920.0
2024-10-25 12:28:00+00:00,TXN,209.07000732421875,209.07000732421875,209.07000732421875,209.00999450683594,209.0399932861328,3297.0
2024-10-25 12:28:00+00:00,UCTT,36.06999969482422,36.06999969482422,36.06999969482422,36.06999969482422,36.06999969482422,970.0
2024-10-25 12:28:00+00:00,VECO,29.510099411010742,29.510099411010742,29.530000686645508,29.510099411010742,29.530000686645508,1598.0
2024-10-25 12:28:00+00:00,VIAV,9.260000228881836,9.260000228881836,9.260000228881836,9.260000228881836,9.260000228881836,460.0
2024-10-25 12:28:00+00:00,VMEO,4.769999980926514,4.769999980926514,4.769999980926514,4.760000228881836,4.760000228881836,858.0
2024-10-25 12:28:00+00:00,VRNS,57.10499954223633,57.10499954223633,57.10499954223633,57.08000183105469,57.08000183105469,1370.0
2024-10-25 12:28:00+00:00,VRNT,22.190000534057617,22.190000534057617,22.190000534057617,22.190000534057617,22.190000534057617,670.0
2024-10-25 12:28:00+00:00,WDAY,239.89500427246094,239.89500427246094,239.89500427246094,239.89500427246094,239.89500427246094,1786.0
2024-10-25 12:28:00+00:00,WDC,71.66999816894531,71.66999816894531,71.69000244140625,71.55999755859375,71.55999755859375,11404.0
2024-10-25 12:28:00+00:00,WISA,1.8990999460220337,1.8990999460220337,1.909999966621399,1.8990999460220337,1.9086999893188477,16047.0
2024-10-25 12:28:00+00:00,WKEY,2.0999999046325684,2.0999999046325684,2.0999999046325684,2.0999999046325684,2.0999999046325684,513.0
2024-10-25 12:28:00+00:00,WLDS,3.4200000762939453,3.4200000762939453,3.4200000762939453,3.4200000762939453,3.4200000762939453,825.0
2024-10-25 12:28:00+00:00,XRX,10.104999542236328,10.104999542236328,10.10990047454834,10.104999542236328,10.10990047454834,666.0
2024-10-25 12:28:00+00:00,ZI,10.539999961853027,10.539999961853027,10.539999961853027,10.539999961853027,10.539999961853027,918.0
2024-10-25 12:28:00+00:00,ZM,73.16000366210938,73.16000366210938,73.18000030517578,73.1500015258789,73.18000030517578,3959.0
2024-10-25 12:29:00+00:00,AAOI,18.235000610351562,18.235000610351562,18.235000610351562,18.235000610351562,18.235000610351562,772.0
2024-10-25 12:29:00+00:00,AAPL,232.7100067138672,232.7100067138672,232.73199462890625,232.66000366210938,232.71009826660156,36553.0
2024-10-25 12:29:00+00:00,ACIW,48.91999816894531,48.91999816894531,48.91999816894531,48.91999816894531,48.91999816894531,872.0
2024-10-25 12:29:00+00:00,ACLS,90.61000061035156,90.61000061035156,90.67400360107422,90.5999984741211,90.67400360107422,2523.0
2024-10-25 12:29:00+00:00,ACMR,20.100000381469727,20.100000381469727,20.100000381469727,20.100000381469727,20.100000381469727,288.0
2024-10-25 12:29:00+00:00,ADBE,485.7699890136719,485.7699890136719,485.7900085449219,485.70001220703125,485.70001220703125,1661.0
2024-10-25 12:29:00+00:00,ADI,233.6999969482422,233.6999969482422,233.75999450683594,233.6300048828125,233.6300048828125,4440.0
2024-10-25 12:29:00+00:00,ADSK,287.04998779296875,287.04998779296875,287.04998779296875,286.92498779296875,286.92498779296875,1806.0
2024-10-25 12:29:00+00:00,ADTN,6.380000114440918,6.380000114440918,6.380000114440918,6.380000114440918,6.380000114440918,1288.0
2024-10-25 12:29:00+00:00,AEHR,17.16950035095215,17.16950035095215,17.170000076293945,17.13680076599121,17.155000686645508,5926.0
2024-10-25 12:29:00+00:00,AFRM,41.900001525878906,41.900001525878906,41.900001525878906,41.88999938964844,41.88999938964844,2541.0
2024-10-25 12:29:00+00:00,ALGM,22.899999618530273,22.899999618530273,22.899999618530273,22.885000228881836,22.885000228881836,8302.0
2024-10-25 12:29:00+00:00,ALRM,54.68000030517578,54.68000030517578,54.720001220703125,54.654998779296875,54.654998779296875,1816.0
2024-10-25 12:29:00+00:00,ALTR,103.81500244140625,103.81500244140625,103.81500244140625,103.81500244140625,103.81500244140625,293.0
2024-10-25 12:29:00+00:00,AMAT,188.5500030517578,188.5500030517578,188.5800018310547,188.52999877929688,188.52999877929688,4573.0
2024-10-25 12:29:00+00:00,AMBA,58.54999923706055,58.54999923706055,58.54999923706055,58.54999923706055,58.54999923706055,846.0
2024-10-25 12:29:00+00:00,AMD,158.23500061035156,158.23500061035156,158.26010131835938,158.1573944091797,158.18499755859375,29519.0
2024-10-25 12:29:00+00:00,AMKR,30.100000381469727,30.100000381469727,30.100000381469727,30.094999313354492,30.094999313354492,2019.0
2024-10-25 12:29:00+00:00,ANSS,326.0400085449219,326.0400085449219,326.0400085449219,326.0400085449219,326.0400085449219,1500.0
2024-10-25 12:29:00+00:00,ANY,1.065000057220459,1.065000057220459,1.0693999528884888,1.065000057220459,1.0693999528884888,2890.0
2024-10-25 12:29:00+00:00,API,2.8350000381469727,2.8350000381469727,2.8350000381469727,2.8350000381469727,2.8350000381469727,1200.0
2024-10-25 12:29:00+00:00,APP,162.44000244140625,162.44000244140625,162.4550018310547,162.42999267578125,162.4550018310547,2295.0
2024-10-25 12:29:00+00:00,APPF,215.1699981689453,215.1699981689453,215.1699981689453,214.85499572753906,214.85499572753906,1122.0
2024-10-25 12:29:00+00:00,APPS,3.0750999450683594,3.0750999450683594,3.0750999450683594,3.072499990463257,3.072499990463257,3845.0
2024-10-25 12:29:00+00:00,ARQQ,7.0,7.0,7.0,7.0,7.0,4311.0
2024-10-25 12:29:00+00:00,ARRY,6.539999961853027,6.539999961853027,6.559999942779541,6.539999961853027,6.550000190734863,48560.0
2024-10-25 12:29:00+00:00,ASML,718.8399047851562,718.8399047851562,718.8399047851562,718.8399047851562,718.8399047851562,1186.0
2024-10-25 12:29:00+00:00,AUR,6.434999942779541,6.434999942779541,6.434999942779541,6.429999828338623,6.434999942779541,1412.0
2024-10-25 12:29:00+00:00,AVDX,8.170000076293945,8.170000076293945,8.170000076293945,8.149999618530273,8.15999984741211,1970.0
2024-10-25 12:29:00+00:00,AVGO,176.23500061035156,176.23500061035156,176.25,176.17999267578125,176.2100067138672,14743.0
2024-10-25 12:29:00+00:00,AVT,54.209999084472656,54.209999084472656,54.220001220703125,54.209999084472656,54.220001220703125,920.0
2024-10-25 12:29:00+00:00,BAND,17.709999084472656,17.709999084472656,17.729999542236328,17.709999084472656,17.729999542236328,2349.0
2024-10-25 12:29:00+00:00,BEEM,4.909999847412109,4.909999847412109,4.909999847412109,4.909999847412109,4.909999847412109,270.0
2024-10-25 12:29:00+00:00,BELFB,79.51499938964844,79.51499938964844,79.51499938964844,79.37000274658203,79.37000274658203,504.0
2024-10-25 12:29:00+00:00,BL,56.47999954223633,56.47999954223633,56.47999954223633,56.47999954223633,56.47999954223633,689.0
2024-10-25 12:29:00+00:00,BLIN,1.090000033378601,1.090000033378601,1.090000033378601,1.090000033378601,1.090000033378601,200.0
2024-10-25 12:29:00+00:00,BLKB,86.1500015258789,86.1500015258789,86.1500015258789,86.07499694824219,86.07499694824219,1270.0
2024-10-25 12:29:00+00:00,BLZE,7.289999961853027,7.289999961853027,7.289999961853027,7.289999961853027,7.289999961853027,822.0
2024-10-25 12:29:00+00:00,BMBL,7.264999866485596,7.264999866485596,7.264999866485596,7.264999866485596,7.264999866485596,575.0
2024-10-25 12:29:00+00:00,BSY,49.220001220703125,49.220001220703125,49.2239990234375,49.220001220703125,49.2239990234375,736.0
2024-10-25 12:29:00+00:00,CAN,0.991100013256073,0.991100013256073,0.991100013256073,0.991100013256073,0.991100013256073,237.0
2024-10-25 12:29:00+00:00,CDNS,259.5799865722656,259.5799865722656,259.5799865722656,259.5799865722656,259.5799865722656,745.0
2024-10-25 12:29:00+00:00,CETX,0.2989000082015991,0.2989000082015991,0.30000001192092896,0.2989000082015991,0.29910001158714294,7550.0
2024-10-25 12:29:00+00:00,CFLT,22.690000534057617,22.690000534057617,22.700000762939453,22.684999465942383,22.684999465942383,1600.0
2024-10-25 12:29:00+00:00,CGNX,39.09000015258789,39.09000015258789,39.099998474121094,39.09000015258789,39.09000015258789,715.0
2024-10-25 12:29:00+00:00,CLBT,18.145000457763672,18.145000457763672,18.145000457763672,18.145000457763672,18.145000457763672,690.0
2024-10-25 12:29:00+00:00,CLSK,11.840100288391113,11.840100288391113,11.899900436401367,11.840100288391113,11.895999908447266,47059.0
2024-10-25 12:29:00+00:00,CNDT,3.6600000858306885,3.6600000858306885,3.6600000858306885,3.6600000858306885,3.6600000858306885,117.0
2024-10-25 12:29:00+00:00,COHR,95.37000274658203,95.37000274658203,95.37000274658203,95.30999755859375,95.30999755859375,990.0
2024-10-25 12:29:00+00:00,COIN,209.22999572753906,209.22999572753906,209.60549926757812,209.2100067138672,209.52999877929688,6536.0
2024-10-25 12:29:00+00:00,COMM,6.320000171661377,6.320000171661377,6.324999809265137,6.320000171661377,6.320000171661377,1623.0
2024-10-25 12:29:00+00:00,CORZ,13.395000457763672,13.395000457763672,13.395000457763672,13.390000343322754,13.390000343322754,15046.0
2024-10-25 12:29:00+00:00,CRCT,6.605000019073486,6.605000019073486,6.610000133514404,6.604000091552734,6.610000133514404,7653.0
2024-10-25 12:29:00+00:00,CRDO,39.875,39.875,39.900001525878906,39.869998931884766,39.869998931884766,977.0
2024-10-25 12:29:00+00:00,CRNC,2.8299999237060547,2.8299999237060547,2.8299999237060547,2.819999933242798,2.819999933242798,5193.0
2024-10-25 12:29:00+00:00,CRUS,123.7699966430664,123.7699966430664,123.7699966430664,123.76499938964844,123.76499938964844,318.0
2024-10-25 12:29:00+00:00,CRWD,310.3299865722656,310.3299865722656,310.3699951171875,310.00140380859375,310.0148010253906,6346.0
2024-10-25 12:29:00+00:00,CSCO,56.00389862060547,56.00389862060547,56.0099983215332,56.0,56.0,5070.0
2024-10-25 12:29:00+00:00,CSGS,47.7400016784668,47.7400016784668,47.7400016784668,47.7400016784668,47.7400016784668,470.0
2024-10-25 12:29:00+00:00,CSIQ,13.770000457763672,13.770000457763672,13.829999923706055,13.770000457763672,13.829999923706055,5189.0
2024-10-25 12:29:00+00:00,CTLP,8.920000076293945,8.920000076293945,8.920000076293945,8.920000076293945,8.920000076293945,298.0
2024-10-25 12:29:00+00:00,CTSH,75.04499816894531,75.04499816894531,75.05000305175781,75.04499816894531,75.05000305175781,1714.0
2024-10-25 12:29:00+00:00,CVLT,134.32000732421875,134.32000732421875,134.32000732421875,134.30999755859375,134.30999755859375,1766.0
2024-10-25 12:29:00+00:00,CYBR,292.4700012207031,292.4700012207031,292.760009765625,292.4700012207031,292.5150146484375,1403.0
2024-10-25 12:29:00+00:00,DATS,1.656000018119812,1.656000018119812,1.659999966621399,1.649999976158142,1.649999976158142,3137.0
2024-10-25 12:29:00+00:00,DBX,26.05500030517578,26.05500030517578,26.05500030517578,26.049999237060547,26.049999237060547,6953.0
2024-10-25 12:29:00+00:00,DDOG,127.68499755859375,127.68499755859375,127.69000244140625,127.66500091552734,127.66500091552734,5173.0
2024-10-25 12:29:00+00:00,DGII,30.790000915527344,30.790000915527344,30.790000915527344,30.719999313354492,30.719999313354492,1821.0
2024-10-25 12:29:00+00:00,DIOD,66.59500122070312,66.59500122070312,66.59500122070312,66.59500122070312,66.59500122070312,405.0
2024-10-25 12:29:00+00:00,DLO,8.819999694824219,8.819999694824219,8.819999694824219,8.819999694824219,8.819999694824219,1510.0
2024-10-25 12:29:00+00:00,DOCU,69.95999908447266,69.95999908447266,69.95999908447266,69.94499969482422,69.95500183105469,1532.0
2024-10-25 12:29:00+00:00,DOMO,8.079999923706055,8.079999923706055,8.079999923706055,8.069999694824219,8.069999694824219,9115.0
2024-10-25 12:29:00+00:00,DOX,89.82499694824219,89.82499694824219,89.82499694824219,89.82499694824219,89.82499694824219,230.0
2024-10-25 12:29:00+00:00,DSGX,104.51499938964844,104.51499938964844,104.56999969482422,104.4800033569336,104.56999969482422,1330.0
2024-10-25 12:29:00+00:00,DTSS,2.450000047683716,2.450000047683716,2.450000047683716,2.450000047683716,2.450000047683716,100.0
2024-10-25 12:29:00+00:00,DUOL,291.0729064941406,291.0729064941406,291.0729064941406,290.92999267578125,290.92999267578125,705.0
2024-10-25 12:29:00+00:00,EEFT,100.4000015258789,100.4000015258789,100.4000015258789,100.4000015258789,100.4000015258789,1923.0
2024-10-25 12:29:00+00:00,ENPH,83.68499755859375,83.68499755859375,83.74549865722656,83.62079620361328,83.63999938964844,8316.0
2024-10-25 12:29:00+00:00,ENTG,106.08000183105469,106.08000183105469,106.08000183105469,105.93000030517578,105.93000030517578,2595.0
2024-10-25 12:29:00+00:00,ERIC,8.483799934387207,8.483799934387207,8.486000061035156,8.48009967803955,8.48009967803955,55475.0
2024-10-25 12:29:00+00:00,EXLS,38.92829895019531,38.92829895019531,38.939998626708984,38.92829895019531,38.939998626708984,721.0
2024-10-25 12:29:00+00:00,EXTR,14.484999656677246,14.484999656677246,14.484999656677246,14.479999542236328,14.479999542236328,1004.0
2024-10-25 12:29:00+00:00,FARO,17.940000534057617,17.940000534057617,17.940000534057617,17.940000534057617,17.940000534057617,307.0
2024-10-25 12:29:00+00:00,FIVN,30.09000015258789,30.09000015258789,30.100000381469727,30.079999923706055,30.100000381469727,1813.0
2024-10-25 12:29:00+00:00,FLEX,35.380001068115234,35.380001068115234,35.39500045776367,35.380001068115234,35.39500045776367,1059.0
2024-10-25 12:29:00+00:00,FORM,45.27000045776367,45.27000045776367,45.279998779296875,45.22999954223633,45.22999954223633,2076.0
2024-10-25 12:29:00+00:00,FROG,29.479999542236328,29.479999542236328,29.479999542236328,29.479999542236328,29.479999542236328,1111.0
2024-10-25 12:29:00+00:00,FRSH,11.694999694824219,11.694999694824219,11.694999694824219,11.6899995803833,11.6899995803833,2515.0
2024-10-25 12:29:00+00:00,FSLR,200.13999938964844,200.13999938964844,200.13999938964844,200.08999633789062,200.08999633789062,1130.0
2024-10-25 12:29:00+00:00,FTCI,0.6611999869346619,0.6611999869346619,0.6611999869346619,0.6611999869346619,0.6611999869346619,630.0
2024-10-25 12:29:00+00:00,FTNT,81.41500091552734,81.41500091552734,81.41999816894531,81.40989685058594,81.40989685058594,3828.0
2024-10-25 12:29:00+00:00,GCT,24.950000762939453,24.950000762939453,24.950000762939453,24.950000762939453,24.950000762939453,200.0
2024-10-25 12:29:00+00:00,GDS,21.56999969482422,21.56999969482422,21.56999969482422,21.56999969482422,21.56999969482422,629.0
2024-10-25 12:29:00+00:00,GDYN,15.579999923706055,15.579999923706055,15.579999923706055,15.579999923706055,15.579999923706055,141.0
2024-10-25 12:29:00+00:00,GFS,41.16999816894531,41.16999816894531,41.16999816894531,41.16999816894531,41.16999816894531,995.0
2024-10-25 12:29:00+00:00,GRAB,4.079999923706055,4.079999923706055,4.085000038146973,4.079999923706055,4.085000038146973,5457.0
2024-10-25 12:29:00+00:00,GRRR,4.519999980926514,4.519999980926514,4.53000020980835,4.505000114440918,4.505000114440918,5306.0
2024-10-25 12:29:00+00:00,GTLB,55.779998779296875,55.779998779296875,55.814998626708984,55.779998779296875,55.814998626708984,690.0
2024-10-25 12:29:00+00:00,HCP,33.69499969482422,33.69499969482422,33.69499969482422,33.69499969482422,33.69499969482422,1143.0
2024-10-25 12:29:00+00:00,HLIT,14.744999885559082,14.744999885559082,14.744999885559082,14.739999771118164,14.744999885559082,1564.0
2024-10-25 12:29:00+00:00,HOLO,3.6510000228881836,3.6510000228881836,3.6549999713897705,3.6459999084472656,3.6459999084472656,2575.0
2024-10-25 12:29:00+00:00,HOOD,27.325000762939453,27.325000762939453,27.340900421142578,27.325000762939453,27.340900421142578,11040.0
2024-10-25 12:29:00+00:00,IMMR,8.725000381469727,8.725000381469727,8.734999656677246,8.725000381469727,8.734999656677246,878.0
2024-10-25 12:29:00+00:00,INDI,3.5701000690460205,3.5701000690460205,3.5701000690460205,3.5701000690460205,3.5701000690460205,180.0
2024-10-25 12:29:00+00:00,INFN,6.795000076293945,6.795000076293945,6.795000076293945,6.789999961853027,6.789999961853027,200.0
2024-10-25 12:29:00+00:00,INOD,20.040000915527344,20.040000915527344,20.040000915527344,20.040000915527344,20.040000915527344,1082.0
2024-10-25 12:29:00+00:00,INTC,23.145000457763672,23.145000457763672,23.149999618530273,23.139999389648438,23.144399642944336,33918.0
2024-10-25 12:29:00+00:00,INTU,611.2000122070312,611.2000122070312,611.2000122070312,610.9400024414062,610.9400024414062,1497.0
2024-10-25 12:29:00+00:00,IPGP,77.0999984741211,77.0999984741211,77.0999984741211,77.0999984741211,77.0999984741211,461.0
2024-10-25 12:29:00+00:00,ITI,7.195000171661377,7.195000171661377,7.195000171661377,7.195000171661377,7.195000171661377,2691.0
2024-10-25 12:29:00+00:00,ITRI,103.38990020751953,103.38990020751953,103.38990020751953,103.38990020751953,103.38990020751953,2995.0
2024-10-25 12:29:00+00:00,JKHY,184.0500030517578,184.0500030517578,184.0500030517578,184.0500030517578,184.0500030517578,388.0
2024-10-25 12:29:00+00:00,KC,2.7249999046325684,2.7249999046325684,2.7249999046325684,2.7249999046325684,2.7249999046325684,1153.0
2024-10-25 12:29:00+00:00,KLAC,681.3624877929688,681.3624877929688,681.3624877929688,681.3624877929688,681.3624877929688,390.0
2024-10-25 12:29:00+00:00,KLIC,44.400001525878906,44.400001525878906,44.400001525878906,44.400001525878906,44.400001525878906,816.0
2024-10-25 12:29:00+00:00,LASR,10.460000038146973,10.460000038146973,10.460000038146973,10.460000038146973,10.460000038146973,724.0
2024-10-25 12:29:00+00:00,LINK,4.96999979019165,4.96999979019165,4.96999979019165,4.96999979019165,4.96999979019165,761.0
2024-10-25 12:29:00+00:00,LITE,64.48999786376953,64.48999786376953,64.48999786376953,64.44999694824219,64.44999694824219,2429.0
2024-10-25 12:29:00+00:00,LRCX,79.1500015258789,79.1500015258789,79.16999816894531,79.13999938964844,79.1500015258789,11434.0
2024-10-25 12:29:00+00:00,LSCC,54.599998474121094,54.599998474121094,54.599998474121094,54.56999969482422,54.56999969482422,3018.0
2024-10-25 12:29:00+00:00,LYFT,13.805000305175781,13.805000305175781,13.8149995803833,13.803999900817871,13.8149995803833,10872.0
2024-10-25 12:29:00+00:00,LYTS,16.260000228881836,16.260000228881836,16.260000228881836,16.260000228881836,16.260000228881836,664.0
2024-10-25 12:29:00+00:00,MANH,276.4100036621094,276.4100036621094,276.4100036621094,276.4100036621094,276.4100036621094,980.0
2024-10-25 12:29:00+00:00,MAXN,5.690000057220459,5.690000057220459,5.739999771118164,5.690000057220459,5.730100154876709,4713.0
2024-10-25 12:29:00+00:00,MCHP,77.05000305175781,77.05000305175781,77.05000305175781,77.00990295410156,77.01200103759766,2603.0
2024-10-25 12:29:00+00:00,MDB,267.8500061035156,267.8500061035156,268.239990234375,267.8500061035156,268.1400146484375,2233.0
2024-10-25 12:29:00+00:00,MITK,8.779999732971191,8.779999732971191,8.779999732971191,8.779999732971191,8.779999732971191,250.0
2024-10-25 12:29:00+00:00,MKSI,101.0,101.0,101.0199966430664,101.0,101.0,2356.0
2024-10-25 12:29:00+00:00,MKTW,0.5864999890327454,0.5864999890327454,0.5864999890327454,0.5864999890327454,0.5864999890327454,1101.0
2024-10-25 12:29:00+00:00,MPWR,922.7999877929688,922.7999877929688,922.7999877929688,922.7000122070312,922.7000122070312,992.0
2024-10-25 12:29:00+00:00,MQ,5.295000076293945,5.295000076293945,5.295000076293945,5.295000076293945,5.295000076293945,1863.0
2024-10-25 12:29:00+00:00,MRVL,82.875,82.875,82.88999938964844,82.83499908447266,82.84500122070312,6920.0
2024-10-25 12:29:00+00:00,MSFT,430.6838073730469,430.6838073730469,430.6838073730469,430.5799865722656,430.5799865722656,15441.0
2024-10-25 12:29:00+00:00,MSTR,238.9149932861328,238.9149932861328,239.41419982910156,238.75999450683594,239.41000366210938,32242.0
2024-10-25 12:29:00+00:00,MTTR,4.65500020980835,4.65500020980835,4.65500020980835,4.65500020980835,4.65500020980835,4306.0
2024-10-25 12:29:00+00:00,MU,109.20999908447266,109.20999908447266,109.20999908447266,109.16000366210938,109.19999694824219,7263.0
2024-10-25 12:29:00+00:00,MVIS,1.0809999704360962,1.0809999704360962,1.090000033378601,1.0809999704360962,1.090000033378601,0.0
2024-10-25 12:29:00+00:00,MXL,15.199999809265137,15.199999809265137,15.229999542236328,15.199999809265137,15.229999542236328,2635.0
2024-10-25 12:29:00+00:00,NCNO,37.8557014465332,37.8557014465332,37.8557014465332,37.8557014465332,37.8557014465332,560.0
2024-10-25 12:29:00+00:00,NNDM,2.3450000286102295,2.3450000286102295,2.3450000286102295,2.3450000286102295,2.3450000286102295,902.0
2024-10-25 12:29:00+00:00,NSIT,209.60000610351562,209.60000610351562,209.60000610351562,209.46499633789062,209.5449981689453,957.0
2024-10-25 12:29:00+00:00,NTAP,120.47000122070312,120.47000122070312,120.47000122070312,120.46499633789062,120.46499633789062,824.0
2024-10-25 12:29:00+00:00,NTCT,20.68000030517578,20.68000030517578,20.68000030517578,20.68000030517578,20.68000030517578,732.0
2024-10-25 12:29:00+00:00,NVDA,143.6199951171875,143.6199951171875,143.63999938964844,143.4199981689453,143.47000122070312,436752.0
2024-10-25 12:29:00+00:00,NVMI,186.03500366210938,186.03500366210938,186.03500366210938,186.03500366210938,186.03500366210938,518.0
2024-10-25 12:29:00+00:00,NVTS,2.609999895095825,2.609999895095825,2.609999895095825,2.6059999465942383,2.6059999465942383,623.0
2024-10-25 12:29:00+00:00,NXPI,245.5800018310547,245.5800018310547,245.5800018310547,245.5399932861328,245.5399932861328,2081.0
2024-10-25 12:29:00+00:00,OKTA,72.56009674072266,72.56009674072266,72.56999969482422,72.56009674072266,72.56999969482422,1473.0
2024-10-25 12:29:00+00:00,OLED,204.38999938964844,204.38999938964844,204.38999938964844,204.38999938964844,204.38999938964844,388.0
2024-10-25 12:29:00+00:00,ON,72.06999969482422,72.06999969482422,72.08000183105469,72.02999877929688,72.04000091552734,7161.0
2024-10-25 12:29:00+00:00,OSIS,135.82000732421875,135.82000732421875,136.0050048828125,135.39999389648438,136.0050048828125,6065.0
2024-10-25 12:29:00+00:00,OSPN,14.640000343322754,14.640000343322754,14.640000343322754,14.640000343322754,14.640000343322754,849.0
2024-10-25 12:29:00+00:00,OTEX,33.404998779296875,33.404998779296875,33.404998779296875,33.404998779296875,33.404998779296875,696.0
2024-10-25 12:29:00+00:00,PANW,370.0450134277344,370.0450134277344,370.1000061035156,369.9849853515625,370.1000061035156,750.0
2024-10-25 12:29:00+00:00,PAYO,8.3149995803833,8.3149995803833,8.3149995803833,8.3149995803833,8.3149995803833,1289.0
2024-10-25 12:29:00+00:00,PEGA,80.21640014648438,80.21640014648438,80.27999877929688,80.21640014648438,80.22000122070312,2260.0
2024-10-25 12:29:00+00:00,PEGY,4.78000020980835,4.78000020980835,4.78000020980835,4.78000020980835,4.78000020980835,648.0
2024-10-25 12:29:00+00:00,PGY,11.880000114440918,11.880000114440918,11.880000114440918,11.864999771118164,11.864999771118164,241.0
2024-10-25 12:29:00+00:00,PHUN,10.35200023651123,10.35200023651123,10.369999885559082,10.225000381469727,10.225000381469727,100607.0
2024-10-25 12:29:00+00:00,PRCH,1.3350000381469727,1.3350000381469727,1.3350000381469727,1.3350000381469727,1.3350000381469727,440.0
2024-10-25 12:29:00+00:00,PRGS,64.9000015258789,64.9000015258789,64.9000015258789,64.9000015258789,64.9000015258789,1460.0
2024-10-25 12:29:00+00:00,PTC,186.83999633789062,186.83999633789062,186.83999633789062,186.75,186.77000427246094,5052.0
2024-10-25 12:29:00+00:00,PUBM,14.869999885559082,14.869999885559082,14.869999885559082,14.869799613952637,14.869799613952637,873.0
2024-10-25 12:29:00+00:00,PYCR,14.34000015258789,14.34000015258789,14.34000015258789,14.335000038146973,14.335000038146973,2542.0
2024-10-25 12:29:00+00:00,QCOM,172.77999877929688,172.77999877929688,172.7949981689453,172.6699981689453,172.75,11315.0
2024-10-25 12:29:00+00:00,QLYS,120.7300033569336,120.7300033569336,120.7300033569336,120.7300033569336,120.7300033569336,107.0
2024-10-25 12:29:00+00:00,QRVO,100.30000305175781,100.30000305175781,100.32499694824219,100.30000305175781,100.32499694824219,2378.0
2024-10-25 12:29:00+00:00,QUBT,1.0679999589920044,1.0679999589920044,1.0679999589920044,1.0616999864578247,1.0616999864578247,3550.0
2024-10-25 12:29:00+00:00,QUIK,8.649999618530273,8.649999618530273,8.649999618530273,8.649999618530273,8.649999618530273,837.0
2024-10-25 12:29:00+00:00,RDWR,22.3700008392334,22.3700008392334,22.399999618530273,22.3700008392334,22.399999618530273,1559.0
2024-10-25 12:29:00+00:00,RELY,14.779999732971191,14.779999732971191,14.779999732971191,14.765000343322754,14.765000343322754,2079.0
2024-10-25 12:29:00+00:00,RGTI,1.2200000286102295,1.2200000286102295,1.2200000286102295,1.2050000429153442,1.2050000429153442,17082.0
2024-10-25 12:29:00+00:00,RIOT,10.069000244140625,10.069000244140625,10.069499969482422,10.056599617004395,10.0649995803833,14602.0
2024-10-25 12:29:00+00:00,RMBS,43.61970138549805,43.61970138549805,43.61970138549805,43.560001373291016,43.560001373291016,3252.0
2024-10-25 12:29:00+00:00,RMNI,1.725000023841858,1.725000023841858,1.725000023841858,1.725000023841858,1.725000023841858,438.0
2024-10-25 12:29:00+00:00,RPD,39.09000015258789,39.09000015258789,39.09000015258789,39.064998626708984,39.09000015258789,703.0
2024-10-25 12:29:00+00:00,RUM,5.730000019073486,5.730000019073486,5.730000019073486,5.729899883270264,5.729899883270264,974.0
2024-10-25 12:29:00+00:00,RUN,14.475000381469727,14.475000381469727,14.475000381469727,14.449999809265137,14.449999809265137,6998.0
2024-10-25 12:29:00+00:00,RXT,2.549999952316284,2.549999952316284,2.549999952316284,2.5450000762939453,2.5450000762939453,1746.0
2024-10-25 12:29:00+00:00,SANM,67.83000183105469,67.83000183105469,67.83000183105469,67.79000091552734,67.79000091552734,1347.0
2024-10-25 12:29:00+00:00,SATS,25.139999389648438,25.139999389648438,25.139999389648438,25.1200008392334,25.1200008392334,887.0
2024-10-25 12:29:00+00:00,SEDG,16.18000030517578,16.18000030517578,16.190000534057617,16.149999618530273,16.170000076293945,4810.0
2024-10-25 12:29:00+00:00,SHLS,5.349999904632568,5.349999904632568,5.349999904632568,5.349999904632568,5.349999904632568,311.0
2024-10-25 12:29:00+00:00,SIMO,57.16999816894531,57.16999816894531,57.16999816894531,57.16999816894531,57.16999816894531,105.0
2024-10-25 12:29:00+00:00,SKYT,10.779999732971191,10.779999732971191,10.779999732971191,10.779999732971191,10.779999732971191,262.0
2024-10-25 12:29:00+00:00,SMCI,47.95000076293945,47.95000076293945,48.040000915527344,47.95000076293945,48.019901275634766,62126.0
2024-10-25 12:29:00+00:00,SMTC,45.84000015258789,45.84000015258789,45.84000015258789,45.77000045776367,45.77000045776367,7076.0
2024-10-25 12:29:00+00:00,SONO,12.829999923706055,12.829999923706055,12.829999923706055,12.829999923706055,12.829999923706055,2100.0
2024-10-25 12:29:00+00:00,SOPA,0.9599999785423279,0.9599999785423279,0.9599999785423279,0.9599999785423279,0.9599999785423279,14001.0
2024-10-25 12:29:00+00:00,SOUN,5.28849983215332,5.28849983215332,5.289999961853027,5.284999847412109,5.284999847412109,2836.0
2024-10-25 12:29:00+00:00,SPSC,172.13999938964844,172.13999938964844,172.13999938964844,171.77499389648438,171.77499389648438,1288.0
2024-10-25 12:29:00+00:00,SSNC,69.76000213623047,69.76000213623047,69.7750015258789,69.76000213623047,69.7750015258789,3096.0
2024-10-25 12:29:00+00:00,STNE,11.494999885559082,11.494999885559082,11.510000228881836,11.494999885559082,11.5,12656.0
2024-10-25 12:29:00+00:00,STX,104.16000366210938,104.16000366210938,104.16999816894531,104.11000061035156,104.12000274658203,3229.0
2024-10-25 12:29:00+00:00,SURG,1.7599999904632568,1.7599999904632568,1.7599999904632568,1.7599999904632568,1.7599999904632568,100.0
2024-10-25 12:29:00+00:00,SVRE,0.08269999921321869,0.08269999921321869,0.08269999921321869,0.08269999921321869,0.08269999921321869,3179.0
2024-10-25 12:29:00+00:00,SWKS,96.58000183105469,96.58000183105469,96.58000183105469,96.55500030517578,96.56500244140625,2215.0
2024-10-25 12:29:00+00:00,SYTA,1.2799999713897705,1.2799999713897705,1.2799999713897705,1.2700999975204468,1.2700999975204468,0.0
2024-10-25 12:29:00+00:00,TENB,41.9900016784668,41.9900016784668,41.9900016784668,41.9900016784668,41.9900016784668,760.0
2024-10-25 12:29:00+00:00,TER,112.94000244140625,112.94000244140625,113.0,112.94000244140625,112.94499969482422,11802.0
2024-10-25 12:29:00+00:00,TTD,119.7699966430664,119.7699966430664,119.79000091552734,119.72000122070312,119.73999786376953,3443.0
2024-10-25 12:29:00+00:00,TWKS,4.449999809265137,4.449999809265137,4.449999809265137,4.449999809265137,4.449999809265137,2187.0
2024-10-25 12:29:00+00:00,TXN,209.0399932861328,209.0399932861328,209.07000732421875,208.9810028076172,209.0399932861328,3637.0
2024-10-25 12:29:00+00:00,VECO,29.514999389648438,29.514999389648438,29.514999389648438,29.514999389648438,29.514999389648438,395.0
2024-10-25 12:29:00+00:00,VERI,3.430000066757202,3.430000066757202,3.430000066757202,3.430000066757202,3.430000066757202,1860.0
2024-10-25 12:29:00+00:00,VIAV,9.255000114440918,9.255000114440918,9.255000114440918,9.255000114440918,9.255000114440918,1138.0
2024-10-25 12:29:00+00:00,VMEO,4.769999980926514,4.769999980926514,4.769999980926514,4.769999980926514,4.769999980926514,427.0
2024-10-25 12:29:00+00:00,VNET,3.4649999141693115,3.4649999141693115,3.4649999141693115,3.4649999141693115,3.4649999141693115,200.0
2024-10-25 12:29:00+00:00,VRNS,57.150001525878906,57.150001525878906,57.150001525878906,57.119998931884766,57.119998931884766,1657.0
2024-10-25 12:29:00+00:00,VSAT,10.34000015258789,10.34000015258789,10.34000015258789,10.34000015258789,10.34000015258789,1091.0
2024-10-25 12:29:00+00:00,VUZI,1.3250000476837158,1.3250000476837158,1.3250000476837158,1.3250000476837158,1.3250000476837158,524.0
2024-10-25 12:29:00+00:00,WDC,71.68990325927734,71.68990325927734,71.68990325927734,71.62000274658203,71.63999938964844,11028.0
2024-10-25 12:29:00+00:00,WISA,1.8949999809265137,1.8949999809265137,1.8949999809265137,1.8949999809265137,1.8949999809265137,3443.0
2024-10-25 12:29:00+00:00,WIX,165.9499969482422,165.9499969482422,165.9499969482422,165.9499969482422,165.9499969482422,1559.0
2024-10-25 12:29:00+00:00,WLDS,3.470599889755249,3.470599889755249,3.490000009536743,3.4200000762939453,3.4200000762939453,2385.0
2024-10-25 12:29:00+00:00,XRX,10.114999771118164,10.114999771118164,10.114999771118164,10.109999656677246,10.109999656677246,1292.0
2024-10-25 12:29:00+00:00,ZBRA,363.7799987792969,363.7799987792969,363.7799987792969,363.7799987792969,363.7799987792969,338.0
2024-10-25 12:29:00+00:00,ZI,10.529999732971191,10.529999732971191,10.529999732971191,10.529999732971191,10.529999732971191,1305.0
2024-10-25 12:29:00+00:00,ZM,73.16000366210938,73.16000366210938,73.16500091552734,73.1500015258789,73.16000366210938,1651.0
2024-10-25 12:29:00+00:00,ZS,186.8000030517578,186.8000030517578,186.8300018310547,186.8000030517578,186.8300018310547,536.0
2024-10-25 12:30:00+00:00,AAOI,18.25,18.25,18.25,18.219999313354492,18.219999313354492,1498.0
2024-10-25 12:30:00+00:00,AAPL,232.7700958251953,232.7700958251953,232.77999877929688,232.6999969482422,232.73500061035156,43453.0
2024-10-25 12:30:00+00:00,ACIW,48.93000030517578,48.93000030517578,48.93000030517578,48.915000915527344,48.915000915527344,271.0
2024-10-25 12:30:00+00:00,ACLS,90.5999984741211,90.5999984741211,90.5999984741211,90.59500122070312,90.59500122070312,755.0
2024-10-25 12:30:00+00:00,ACMR,20.114500045776367,20.114500045776367,20.114500045776367,20.114500045776367,20.114500045776367,517.0
2024-10-25 12:30:00+00:00,ADBE,485.79998779296875,485.79998779296875,485.8900146484375,485.760009765625,485.7699890136719,3979.0
2024-10-25 12:30:00+00:00,ADI,233.63999938964844,233.63999938964844,233.63999938964844,233.63999938964844,233.63999938964844,1748.0
2024-10-25 12:30:00+00:00,ADSK,287.20001220703125,287.20001220703125,287.2200012207031,287.17999267578125,287.17999267578125,4871.0
2024-10-25 12:30:00+00:00,AEHR,17.145000457763672,17.145000457763672,17.145000457763672,17.145000457763672,17.145000457763672,659.0
2024-10-25 12:30:00+00:00,AEYE,23.084999084472656,23.084999084472656,23.084999084472656,23.084999084472656,23.084999084472656,352.0
2024-10-25 12:30:00+00:00,AFRM,41.9275016784668,41.9275016784668,41.939998626708984,41.901100158691406,41.901100158691406,1443.0
2024-10-25 12:30:00+00:00,AKAM,103.08999633789062,103.08999633789062,103.08999633789062,103.06999969482422,103.08000183105469,1272.0
2024-10-25 12:30:00+00:00,ALGM,22.915000915527344,22.915000915527344,22.920000076293945,22.90999984741211,22.90999984741211,2709.0
2024-10-25 12:30:00+00:00,AMAT,188.52999877929688,188.52999877929688,188.5670928955078,188.47000122070312,188.5670928955078,5089.0
2024-10-25 12:30:00+00:00,AMD,158.1800994873047,158.1800994873047,158.2698974609375,158.16000366210938,158.23800659179688,30037.0
2024-10-25 12:30:00+00:00,ANY,1.0693999528884888,1.0693999528884888,1.0693999528884888,1.0693999528884888,1.0693999528884888,3128.0
2024-10-25 12:30:00+00:00,API,2.8299999237060547,2.8299999237060547,2.8350000381469727,2.8299999237060547,2.8299999237060547,5580.0
2024-10-25 12:30:00+00:00,APP,162.4149932861328,162.4149932861328,162.52999877929688,162.38999938964844,162.52999877929688,4049.0
2024-10-25 12:30:00+00:00,APPF,215.25999450683594,215.25999450683594,215.25999450683594,215.25999450683594,215.25999450683594,794.0
2024-10-25 12:30:00+00:00,APPS,3.075000047683716,3.075000047683716,3.075000047683716,3.075000047683716,3.075000047683716,1205.0
2024-10-25 12:30:00+00:00,ARRY,6.539999961853027,6.539999961853027,6.550000190734863,6.539999961853027,6.545000076293945,2514.0
2024-10-25 12:30:00+00:00,AUR,6.445000171661377,6.445000171661377,6.445000171661377,6.440000057220459,6.440000057220459,5906.0
2024-10-25 12:30:00+00:00,AVDX,8.170000076293945,8.170000076293945,8.170000076293945,8.170000076293945,8.170000076293945,578.0
2024-10-25 12:30:00+00:00,AVGO,176.18499755859375,176.18499755859375,176.3000030517578,176.18499755859375,176.23500061035156,38626.0
2024-10-25 12:30:00+00:00,AVPT,12.010000228881836,12.010000228881836,12.010000228881836,12.010000228881836,12.010000228881836,353.0
2024-10-25 12:30:00+00:00,AZPN,235.7550048828125,235.7550048828125,235.7550048828125,235.7550048828125,235.7550048828125,1373.0
2024-10-25 12:30:00+00:00,BASE,16.459999084472656,16.459999084472656,16.459999084472656,16.459999084472656,16.459999084472656,595.0
2024-10-25 12:30:00+00:00,BMBL,7.264999866485596,7.264999866485596,7.264999866485596,7.264999866485596,7.264999866485596,1263.0
2024-10-25 12:30:00+00:00,BSY,49.25859832763672,49.25859832763672,49.2599983215332,49.22999954223633,49.22999954223633,1907.0
2024-10-25 12:30:00+00:00,CDNS,259.510009765625,259.510009765625,259.57501220703125,259.510009765625,259.5320129394531,2160.0
2024-10-25 12:30:00+00:00,CDW,219.9499969482422,219.9499969482422,220.0500030517578,219.89999389648438,219.89999389648438,928.0
2024-10-25 12:30:00+00:00,CETX,0.30000001192092896,0.30000001192092896,0.30000001192092896,0.30000001192092896,0.30000001192092896,0.0
2024-10-25 12:30:00+00:00,CFLT,22.704999923706055,22.704999923706055,22.70989990234375,22.700000762939453,22.70989990234375,2744.0
2024-10-25 12:30:00+00:00,CGNX,39.11859893798828,39.11859893798828,39.11859893798828,39.1150016784668,39.1150016784668,1146.0
2024-10-25 12:30:00+00:00,CHKP,207.60000610351562,207.60000610351562,207.60000610351562,207.60000610351562,207.60000610351562,397.0
2024-10-25 12:30:00+00:00,CLSK,11.850000381469727,11.850000381469727,11.850000381469727,11.829999923706055,11.845000267028809,21167.0
2024-10-25 12:30:00+00:00,CMTL,3.73009991645813,3.73009991645813,3.7360000610351562,3.73009991645813,3.7360000610351562,1556.0
2024-10-25 12:30:00+00:00,CNDT,3.6600000858306885,3.6600000858306885,3.6649999618530273,3.6600000858306885,3.6600000858306885,1766.0
2024-10-25 12:30:00+00:00,COHR,95.30000305175781,95.30000305175781,95.3550033569336,95.29000091552734,95.3550033569336,3214.0
2024-10-25 12:30:00+00:00,COIN,209.1699981689453,209.1699981689453,209.22999572753906,208.9199981689453,209.13999938964844,9208.0
2024-10-25 12:30:00+00:00,COMM,6.315000057220459,6.315000057220459,6.315000057220459,6.315000057220459,6.315000057220459,1574.0
2024-10-25 12:30:00+00:00,CORZ,13.375,13.375,13.390000343322754,13.375,13.390000343322754,2040.0
2024-10-25 12:30:00+00:00,CRCT,6.59499979019165,6.59499979019165,6.605999946594238,6.590000152587891,6.600100040435791,3447.0
2024-10-25 12:30:00+00:00,CRDO,39.84000015258789,39.84000015258789,39.880001068115234,39.84000015258789,39.880001068115234,2240.0
2024-10-25 12:30:00+00:00,CRNC,2.8499999046325684,2.8499999046325684,2.8499999046325684,2.8399999141693115,2.8399999141693115,2826.0
2024-10-25 12:30:00+00:00,CRSR,6.445000171661377,6.445000171661377,6.445000171661377,6.445000171661377,6.445000171661377,218.0
2024-10-25 12:30:00+00:00,CRUS,123.81500244140625,123.81500244140625,123.81500244140625,123.7300033569336,123.7300033569336,693.0
2024-10-25 12:30:00+00:00,CRWD,310.57000732421875,310.57000732421875,310.57000732421875,310.32000732421875,310.32000732421875,7634.0
2024-10-25 12:30:00+00:00,CSCO,56.01499938964844,56.01499938964844,56.025001525878906,56.0,56.0099983215332,12565.0
2024-10-25 12:30:00+00:00,CSIQ,13.819999694824219,13.819999694824219,13.819999694824219,13.8100004196167,13.8100004196167,1651.0
2024-10-25 12:30:00+00:00,CTSH,75.04000091552734,75.04000091552734,75.06999969482422,75.04000091552734,75.05000305175781,2652.0
2024-10-25 12:30:00+00:00,CYBR,292.7123107910156,292.7123107910156,292.7123107910156,292.7123107910156,292.7123107910156,2017.0
2024-10-25 12:30:00+00:00,DAKT,13.130000114440918,13.130000114440918,13.15999984741211,13.130000114440918,13.15999984741211,1135.0
2024-10-25 12:30:00+00:00,DAVE,39.54800033569336,39.54800033569336,39.54800033569336,39.54800033569336,39.54800033569336,308.0
2024-10-25 12:30:00+00:00,DBX,26.065000534057617,26.065000534057617,26.06999969482422,26.059999465942383,26.059999465942383,2570.0
2024-10-25 12:30:00+00:00,DDOG,127.62000274658203,127.62000274658203,127.69000244140625,127.59500122070312,127.69000244140625,3250.0
2024-10-25 12:30:00+00:00,DOCU,70.0,70.0,70.0199966430664,70.0,70.01200103759766,2199.0
2024-10-25 12:30:00+00:00,DOX,89.81999969482422,89.81999969482422,89.83000183105469,89.81999969482422,89.83000183105469,943.0
2024-10-25 12:30:00+00:00,DUOL,290.92498779296875,290.92498779296875,290.92498779296875,290.92498779296875,290.92498779296875,1770.0
2024-10-25 12:30:00+00:00,ENPH,83.625,83.625,83.6875,83.62000274658203,83.6875,3471.0
2024-10-25 12:30:00+00:00,ENTG,106.00499725341797,106.00499725341797,106.02999877929688,105.97000122070312,106.02999877929688,3052.0
2024-10-25 12:30:00+00:00,ERIC,8.470499992370605,8.470499992370605,8.484999656677246,8.470000267028809,8.484999656677246,82184.0
2024-10-25 12:30:00+00:00,EXFY,1.725000023841858,1.725000023841858,1.725000023841858,1.725000023841858,1.725000023841858,117.0
2024-10-25 12:30:00+00:00,EXLS,38.939998626708984,38.939998626708984,38.939998626708984,38.939998626708984,38.939998626708984,578.0
2024-10-25 12:30:00+00:00,EXTR,14.489999771118164,14.489999771118164,14.489999771118164,14.489999771118164,14.489999771118164,1046.0
2024-10-25 12:30:00+00:00,FFIV,216.72000122070312,216.72000122070312,216.72000122070312,216.72000122070312,216.72000122070312,376.0
2024-10-25 12:30:00+00:00,FIVN,30.079999923706055,30.079999923706055,30.110000610351562,30.079999923706055,30.079999923706055,2352.0
2024-10-25 12:30:00+00:00,FLEX,35.39149856567383,35.39149856567383,35.39149856567383,35.380001068115234,35.380001068115234,2049.0
2024-10-25 12:30:00+00:00,FLYW,17.6299991607666,17.6299991607666,17.6299991607666,17.600000381469727,17.600000381469727,596.0
2024-10-25 12:30:00+00:00,FORM,45.28229904174805,45.28229904174805,45.29999923706055,45.28229904174805,45.29999923706055,1775.0
2024-10-25 12:30:00+00:00,FROG,29.5,29.5,29.5,29.475000381469727,29.475000381469727,654.0
2024-10-25 12:30:00+00:00,FSLR,200.1300048828125,200.1300048828125,200.16000366210938,200.07000732421875,200.16000366210938,2139.0
2024-10-25 12:30:00+00:00,FTCI,0.6611999869346619,0.6611999869346619,0.6611999869346619,0.6611999869346619,0.6611999869346619,353.0
2024-10-25 12:30:00+00:00,FTFT,0.3359000086784363,0.3359000086784363,0.3359000086784363,0.3224000036716461,0.3224000036716461,0.0
2024-10-25 12:30:00+00:00,FTNT,81.44999694824219,81.44999694824219,81.44999694824219,81.41999816894531,81.43499755859375,6435.0
2024-10-25 12:30:00+00:00,GCT,24.940000534057617,24.940000534057617,24.940000534057617,24.920000076293945,24.940000534057617,841.0
2024-10-25 12:30:00+00:00,GDS,21.520000457763672,21.520000457763672,21.569900512695312,21.520000457763672,21.52199935913086,1789.0
2024-10-25 12:30:00+00:00,GDYN,15.588399887084961,15.588399887084961,15.588399887084961,15.58590030670166,15.58590030670166,722.0
2024-10-25 12:30:00+00:00,GFS,41.2599983215332,41.2599983215332,41.2599983215332,41.19499969482422,41.220001220703125,3647.0
2024-10-25 12:30:00+00:00,GPRO,1.3350000381469727,1.3350000381469727,1.3350000381469727,1.3350000381469727,1.3350000381469727,210.0
2024-10-25 12:30:00+00:00,GRAB,4.085000038146973,4.085000038146973,4.085000038146973,4.079999923706055,4.079999923706055,2298.0
2024-10-25 12:30:00+00:00,GRRR,4.534999847412109,4.534999847412109,4.534999847412109,4.534999847412109,4.534999847412109,549.0
2024-10-25 12:30:00+00:00,GSIT,3.4844000339508057,3.4844000339508057,3.4844000339508057,3.450000047683716,3.4800000190734863,12087.0
2024-10-25 12:30:00+00:00,GTLB,55.77000045776367,55.77000045776367,55.77000045776367,55.77000045776367,55.77000045776367,347.0
2024-10-25 12:30:00+00:00,HCKT,24.899999618530273,24.899999618530273,24.899999618530273,24.899999618530273,24.899999618530273,380.0
2024-10-25 12:30:00+00:00,HCP,33.689998626708984,33.689998626708984,33.69499969482422,33.689998626708984,33.69499969482422,7808.0
2024-10-25 12:30:00+00:00,HLIT,14.760000228881836,14.760000228881836,14.760000228881836,14.760000228881836,14.760000228881836,751.0
2024-10-25 12:30:00+00:00,HOLO,3.6628000736236572,3.6628000736236572,3.6640000343322754,3.6628000736236572,3.6640000343322754,2450.0
2024-10-25 12:30:00+00:00,HOOD,27.334999084472656,27.334999084472656,27.334999084472656,27.309999465942383,27.32699966430664,19110.0
2024-10-25 12:30:00+00:00,IIIV,22.90999984741211,22.90999984741211,22.90999984741211,22.899999618530273,22.899999618530273,901.0
2024-10-25 12:30:00+00:00,IMMR,8.739999771118164,8.739999771118164,8.739999771118164,8.729999542236328,8.729999542236328,761.0
2024-10-25 12:30:00+00:00,IMOS,22.43000030517578,22.43000030517578,22.43000030517578,22.43000030517578,22.43000030517578,509.0
2024-10-25 12:30:00+00:00,IMTE,1.6549999713897705,1.6549999713897705,1.6549999713897705,1.6549999713897705,1.6549999713897705,100.0
2024-10-25 12:30:00+00:00,INDI,3.575000047683716,3.575000047683716,3.575000047683716,3.575000047683716,3.575000047683716,604.0
2024-10-25 12:30:00+00:00,INFN,6.790599822998047,6.790599822998047,6.790999889373779,6.790599822998047,6.790999889373779,5075.0
2024-10-25 12:30:00+00:00,INTA,50.23500061035156,50.23500061035156,50.25,50.220001220703125,50.25,1670.0
2024-10-25 12:30:00+00:00,INTC,23.18000030517578,23.18000030517578,23.18000030517578,23.139999389648438,23.148399353027344,68846.0
2024-10-25 12:30:00+00:00,INTU,611.02001953125,611.02001953125,611.3800048828125,611.02001953125,611.3150024414062,2420.0
2024-10-25 12:30:00+00:00,ITRI,103.31999969482422,103.31999969482422,103.31999969482422,103.31999969482422,103.31999969482422,187.0
2024-10-25 12:30:00+00:00,JKHY,184.2100067138672,184.2100067138672,184.2100067138672,184.10000610351562,184.10000610351562,1536.0
2024-10-25 12:30:00+00:00,KARO,40.119998931884766,40.119998931884766,40.119998931884766,40.119998931884766,40.119998931884766,571.0
2024-10-25 12:30:00+00:00,KC,2.7249999046325684,2.7249999046325684,2.7249999046325684,2.7200000286102295,2.7249999046325684,2041.0
2024-10-25 12:30:00+00:00,KLIC,44.400001525878906,44.400001525878906,44.400001525878906,44.400001525878906,44.400001525878906,1899.0
2024-10-25 12:30:00+00:00,KOPN,0.7802000045776367,0.7802000045776367,0.7802000045776367,0.7802000045776367,0.7802000045776367,276.0
2024-10-25 12:30:00+00:00,LINK,4.989999771118164,4.989999771118164,4.989999771118164,4.989999771118164,4.989999771118164,106.0
2024-10-25 12:30:00+00:00,LITE,64.48999786376953,64.48999786376953,64.5,64.47000122070312,64.4800033569336,2670.0
2024-10-25 12:30:00+00:00,LOGI,81.18499755859375,81.18499755859375,81.18499755859375,81.18499755859375,81.18499755859375,468.0
2024-10-25 12:30:00+00:00,LRCX,79.11000061035156,79.11000061035156,79.15499877929688,79.05999755859375,79.15499877929688,48842.0
2024-10-25 12:30:00+00:00,LSCC,54.599998474121094,54.599998474121094,54.61000061035156,54.59000015258789,54.61000061035156,1933.0
2024-10-25 12:30:00+00:00,LYFT,13.795000076293945,13.795000076293945,13.805000305175781,13.795000076293945,13.805000305175781,15814.0
2024-10-25 12:30:00+00:00,MANH,276.57000732421875,276.57000732421875,276.57000732421875,276.57000732421875,276.57000732421875,941.0
2024-10-25 12:30:00+00:00,MAXN,5.680699825286865,5.680699825286865,5.681000232696533,5.680699825286865,5.681000232696533,460.0
2024-10-25 12:30:00+00:00,MCHP,77.04000091552734,77.04000091552734,77.05000305175781,77.0199966430664,77.05000305175781,5064.0
2024-10-25 12:30:00+00:00,MKSI,101.02999877929688,101.02999877929688,101.04000091552734,100.98999786376953,100.98999786376953,3225.0
2024-10-25 12:30:00+00:00,MNDY,299.5474853515625,299.5474853515625,299.5474853515625,299.42999267578125,299.42999267578125,868.0
2024-10-25 12:30:00+00:00,MPWR,923.9000244140625,923.9000244140625,923.9000244140625,923.9000244140625,923.9000244140625,352.0
2024-10-25 12:30:00+00:00,MQ,5.295000076293945,5.295000076293945,5.295000076293945,5.295000076293945,5.295000076293945,1110.0
2024-10-25 12:30:00+00:00,MRAM,6.320000171661377,6.320000171661377,6.320000171661377,6.320000171661377,6.320000171661377,919.0
2024-10-25 12:30:00+00:00,MRVL,82.91000366210938,82.91000366210938,82.91000366210938,82.86000061035156,82.875,7263.0
2024-10-25 12:30:00+00:00,MSFT,430.7699890136719,430.7699890136719,430.7850036621094,430.6600036621094,430.6617126464844,28830.0
2024-10-25 12:30:00+00:00,MSTR,239.1699981689453,239.1699981689453,239.42999267578125,238.77999877929688,239.0998992919922,21911.0
2024-10-25 12:30:00+00:00,MTC,0.3693999946117401,0.3693999946117401,0.3693999946117401,0.3693999946117401,0.3693999946117401,0.0
2024-10-25 12:30:00+00:00,MTLS,5.9969000816345215,5.9969000816345215,5.9969000816345215,5.9969000816345215,5.9969000816345215,339.0
2024-10-25 12:30:00+00:00,MTTR,4.65500020980835,4.65500020980835,4.65500020980835,4.65500020980835,4.65500020980835,797.0
2024-10-25 12:30:00+00:00,MU,109.19999694824219,109.19999694824219,109.22000122070312,109.13999938964844,109.19999694824219,21869.0
2024-10-25 12:30:00+00:00,MVIS,1.100000023841858,1.100000023841858,1.100000023841858,1.089900016784668,1.089900016784668,9918.0
2024-10-25 12:30:00+00:00,MXL,15.229999542236328,15.229999542236328,15.25,15.199999809265137,15.220000267028809,6857.0
2024-10-25 12:30:00+00:00,NCNO,37.845001220703125,37.845001220703125,37.845001220703125,37.845001220703125,37.845001220703125,228.0
2024-10-25 12:30:00+00:00,NSIT,209.5449981689453,209.5449981689453,209.5449981689453,209.47500610351562,209.47500610351562,1584.0
2024-10-25 12:30:00+00:00,NTAP,120.48999786376953,120.48999786376953,120.48999786376953,120.46499633789062,120.46499633789062,930.0
2024-10-25 12:30:00+00:00,NTNX,62.2400016784668,62.2400016784668,62.2400016784668,62.22010040283203,62.2400016784668,4906.0
2024-10-25 12:30:00+00:00,NVDA,143.58380126953125,143.58380126953125,143.6300048828125,143.55999755859375,143.61990356445312,233354.0
2024-10-25 12:30:00+00:00,NVEI,33.525001525878906,33.525001525878906,33.525001525878906,33.525001525878906,33.525001525878906,470.0
2024-10-25 12:30:00+00:00,NXPI,245.57000732421875,245.57000732421875,245.57000732421875,245.57000732421875,245.57000732421875,1188.0
2024-10-25 12:30:00+00:00,OKTA,72.62000274658203,72.62000274658203,72.62000274658203,72.62000274658203,72.62000274658203,582.0
2024-10-25 12:30:00+00:00,OLED,204.65499877929688,204.65499877929688,204.65499877929688,204.54510498046875,204.54510498046875,706.0
2024-10-25 12:30:00+00:00,ON,72.05999755859375,72.05999755859375,72.08000183105469,72.02999877929688,72.05999755859375,9205.0
2024-10-25 12:30:00+00:00,OSIS,136.03500366210938,136.03500366210938,136.07000732421875,136.03500366210938,136.07000732421875,2182.0
2024-10-25 12:30:00+00:00,OSPN,14.649999618530273,14.649999618530273,14.649999618530273,14.649999618530273,14.649999618530273,2054.0
2024-10-25 12:30:00+00:00,PANW,370.22711181640625,370.22711181640625,370.30999755859375,370.1130065917969,370.2099914550781,2880.0
2024-10-25 12:30:00+00:00,PAYO,8.3149995803833,8.3149995803833,8.3149995803833,8.3149995803833,8.3149995803833,1298.0
2024-10-25 12:30:00+00:00,PEGA,80.31999969482422,80.31999969482422,80.31999969482422,80.27999877929688,80.29000091552734,2658.0
2024-10-25 12:30:00+00:00,PGY,11.890000343322754,11.890000343322754,11.890000343322754,11.869999885559082,11.869999885559082,466.0
2024-10-25 12:30:00+00:00,PHUN,10.30840015411377,10.30840015411377,10.369999885559082,10.300100326538086,10.350000381469727,35179.0
2024-10-25 12:30:00+00:00,PLAB,23.700000762939453,23.700000762939453,23.700000762939453,23.700000762939453,23.700000762939453,174.0
2024-10-25 12:30:00+00:00,PUBM,14.880000114440918,14.880000114440918,14.880000114440918,14.880000114440918,14.880000114440918,240.0
2024-10-25 12:30:00+00:00,QCOM,172.74000549316406,172.74000549316406,172.80999755859375,172.69000244140625,172.7899932861328,7294.0
2024-10-25 12:30:00+00:00,QLYS,120.5,120.5,120.62000274658203,120.5,120.61499786376953,3357.0
2024-10-25 12:30:00+00:00,QUBT,1.065000057220459,1.065000057220459,1.065000057220459,1.0640000104904175,1.065000057220459,2221.0
2024-10-25 12:30:00+00:00,RCAT,2.7551000118255615,2.7551000118255615,2.759999990463257,2.755000114440918,2.755000114440918,3213.0
2024-10-25 12:30:00+00:00,RDWR,22.3799991607666,22.3799991607666,22.3799991607666,22.3799991607666,22.3799991607666,139.0
2024-10-25 12:30:00+00:00,RELY,14.800000190734863,14.800000190734863,14.800000190734863,14.789999961853027,14.789999961853027,1164.0
2024-10-25 12:30:00+00:00,RGTI,1.215000033378601,1.215000033378601,1.2200000286102295,1.215000033378601,1.2200000286102295,30041.0
2024-10-25 12:30:00+00:00,RIOT,10.074999809265137,10.074999809265137,10.074999809265137,10.053999900817871,10.0649995803833,25716.0
2024-10-25 12:30:00+00:00,RMBS,43.599998474121094,43.599998474121094,43.599998474121094,43.56999969482422,43.59000015258789,1142.0
2024-10-25 12:30:00+00:00,RPAY,7.610000133514404,7.610000133514404,7.610000133514404,7.610000133514404,7.610000133514404,289.0
2024-10-25 12:30:00+00:00,RPD,39.060001373291016,39.060001373291016,39.060001373291016,39.04999923706055,39.060001373291016,1173.0
2024-10-25 12:30:00+00:00,RUM,5.735000133514404,5.735000133514404,5.735000133514404,5.730000019073486,5.730000019073486,1072.0
2024-10-25 12:30:00+00:00,RUN,14.470000267028809,14.470000267028809,14.476200103759766,14.46500015258789,14.475000381469727,4000.0
2024-10-25 12:30:00+00:00,SATS,25.159700393676758,25.159700393676758,25.159700393676758,25.159700393676758,25.159700393676758,614.0
2024-10-25 12:30:00+00:00,SCSC,44.974998474121094,44.974998474121094,44.974998474121094,44.974998474121094,44.974998474121094,622.0
2024-10-25 12:30:00+00:00,SEDG,16.204999923706055,16.204999923706055,16.204999923706055,16.18000030517578,16.18000030517578,5159.0
2024-10-25 12:30:00+00:00,SHLS,5.340000152587891,5.340000152587891,5.349999904632568,5.340000152587891,5.349899768829346,4882.0
2024-10-25 12:30:00+00:00,SIMO,57.185001373291016,57.185001373291016,57.21739959716797,57.185001373291016,57.21739959716797,1379.0
2024-10-25 12:30:00+00:00,SLNH,4.135000228881836,4.135000228881836,4.135000228881836,4.135000228881836,4.135000228881836,103.0
2024-10-25 12:30:00+00:00,SMCI,47.99959945678711,47.99959945678711,48.02000045776367,47.94350051879883,47.969200134277344,44010.0
2024-10-25 12:30:00+00:00,SMTC,45.93000030517578,45.93000030517578,45.93000030517578,45.93000030517578,45.93000030517578,300.0
2024-10-25 12:30:00+00:00,SNPS,503.9150085449219,503.9150085449219,503.94000244140625,503.67999267578125,503.94000244140625,1588.0
2024-10-25 12:30:00+00:00,SOBR,7.724999904632568,7.724999904632568,7.724999904632568,7.724999904632568,7.724999904632568,1107.0
2024-10-25 12:30:00+00:00,SONO,12.829999923706055,12.829999923706055,12.829999923706055,12.829999923706055,12.829999923706055,1500.0
2024-10-25 12:30:00+00:00,SOUN,5.284999847412109,5.284999847412109,5.284999847412109,5.284999847412109,5.284999847412109,1390.0
2024-10-25 12:30:00+00:00,SPT,27.1200008392334,27.1200008392334,27.1200008392334,27.1200008392334,27.1200008392334,807.0
2024-10-25 12:30:00+00:00,SRAD,12.390000343322754,12.390000343322754,12.390000343322754,12.390000343322754,12.390000343322754,1160.0
2024-10-25 12:30:00+00:00,SSNC,69.73999786376953,69.73999786376953,69.7699966430664,69.73999786376953,69.7699966430664,3338.0
2024-10-25 12:30:00+00:00,STNE,11.5,11.5,11.5,11.494999885559082,11.499099731445312,2078.0
2024-10-25 12:30:00+00:00,STX,104.25,104.25,104.25,104.15499877929688,104.16000366210938,1623.0
2024-10-25 12:30:00+00:00,SWKS,96.5602035522461,96.5602035522461,96.62999725341797,96.5602035522461,96.62999725341797,1658.0
2024-10-25 12:30:00+00:00,SYTA,1.279099941253662,1.279099941253662,1.279099941253662,1.279099941253662,1.279099941253662,900.0
2024-10-25 12:30:00+00:00,TAOP,0.47999998927116394,0.47999998927116394,0.47999998927116394,0.4787999987602234,0.4787999987602234,931.0
2024-10-25 12:30:00+00:00,TEAM,190.93499755859375,190.93499755859375,190.93499755859375,190.93499755859375,190.93499755859375,448.0
2024-10-25 12:30:00+00:00,TENB,42.0,42.0,42.029998779296875,41.970001220703125,42.02000045776367,1382.0
2024-10-25 12:30:00+00:00,TER,112.9000015258789,112.9000015258789,112.94999694824219,112.9000015258789,112.94999694824219,2449.0
2024-10-25 12:30:00+00:00,TLS,3.6549999713897705,3.6549999713897705,3.6549999713897705,3.6549999713897705,3.6549999713897705,476.0
2024-10-25 12:30:00+00:00,TRMB,61.189998626708984,61.189998626708984,61.189998626708984,61.16999816894531,61.16999816894531,1231.0
2024-10-25 12:30:00+00:00,TSEM,45.189998626708984,45.189998626708984,45.189998626708984,45.189998626708984,45.189998626708984,817.0
2024-10-25 12:30:00+00:00,TTD,119.77999877929688,119.77999877929688,119.80000305175781,119.75,119.7699966430664,3481.0
2024-10-25 12:30:00+00:00,TTMI,19.56999969482422,19.56999969482422,19.56999969482422,19.560100555419922,19.560100555419922,394.0
2024-10-25 12:30:00+00:00,TWKS,4.449999809265137,4.449999809265137,4.449999809265137,4.449999809265137,4.449999809265137,6240.0
2024-10-25 12:30:00+00:00,TXN,209.0500030517578,209.0500030517578,209.11000061035156,208.97999572753906,209.0800018310547,10289.0
2024-10-25 12:30:00+00:00,UCTT,36.1349983215332,36.1349983215332,36.1349983215332,36.130001068115234,36.130001068115234,438.0
2024-10-25 12:30:00+00:00,USIO,1.4199999570846558,1.4199999570846558,1.4199999570846558,1.399899959564209,1.399999976158142,10300.0
2024-10-25 12:30:00+00:00,VERI,3.411099910736084,3.411099910736084,3.424999952316284,3.411099910736084,3.4200000762939453,2580.0
2024-10-25 12:30:00+00:00,VICR,46.665000915527344,46.665000915527344,46.665000915527344,46.665000915527344,46.665000915527344,249.0
2024-10-25 12:30:00+00:00,VMEO,4.769999980926514,4.769999980926514,4.769999980926514,4.760000228881836,4.760000228881836,5448.0
2024-10-25 12:30:00+00:00,VNET,3.4600000381469727,3.4600000381469727,3.4600000381469727,3.4600000381469727,3.4600000381469727,140.0
2024-10-25 12:30:00+00:00,VRNS,57.15999984741211,57.15999984741211,57.15999984741211,57.119998931884766,57.13999938964844,1211.0
2024-10-25 12:30:00+00:00,VRNT,22.219999313354492,22.219999313354492,22.219999313354492,22.219999313354492,22.219999313354492,425.0
2024-10-25 12:30:00+00:00,VRSN,186.02999877929688,186.02999877929688,186.02999877929688,185.89999389648438,185.9600067138672,3228.0
2024-10-25 12:30:00+00:00,VSAT,10.350000381469727,10.350000381469727,10.354999542236328,10.350000381469727,10.354999542236328,2159.0
2024-10-25 12:30:00+00:00,VUZI,1.3235000371932983,1.3235000371932983,1.3235000371932983,1.3235000371932983,1.3235000371932983,400.0
2024-10-25 12:30:00+00:00,VVPR,0.7860000133514404,0.7860000133514404,0.7860000133514404,0.7860000133514404,0.7860000133514404,1232.0
2024-10-25 12:30:00+00:00,WDAY,239.89500427246094,239.89500427246094,239.89500427246094,239.89500427246094,239.89500427246094,512.0
2024-10-25 12:30:00+00:00,WDC,71.625,71.625,71.68000030517578,71.56999969482422,71.6500015258789,14636.0
2024-10-25 12:30:00+00:00,ZBRA,363.67498779296875,363.67498779296875,363.67498779296875,363.67498779296875,363.67498779296875,409.0
2024-10-25 12:30:00+00:00,ZI,10.550000190734863,10.550000190734863,10.550000190734863,10.539999961853027,10.539999961853027,1457.0
2024-10-25 12:30:00+00:00,ZM,73.19999694824219,73.19999694824219,73.19999694824219,73.18000030517578,73.18000030517578,3067.0
2024-10-25 12:30:00+00:00,ZS,186.8800048828125,186.8800048828125,186.8800048828125,186.81610107421875,186.81610107421875,886.0
2024-10-25 12:31:00+00:00,AAOI,18.21500015258789,18.21500015258789,18.274999618530273,18.21500015258789,18.274999618530273,3304.0
2024-10-25 12:31:00+00:00,AAPL,232.52999877929688,232.52999877929688,232.75999450683594,232.5200958251953,232.75999450683594,53547.0
2024-10-25 12:31:00+00:00,ACIW,48.93000030517578,48.93000030517578,48.93000030517578,48.93000030517578,48.93000030517578,782.0
2024-10-25 12:31:00+00:00,ACLS,90.55000305175781,90.55000305175781,90.5999984741211,90.55000305175781,90.5999984741211,604.0
2024-10-25 12:31:00+00:00,ACMR,20.069900512695312,20.069900512695312,20.110000610351562,20.059999465942383,20.110000610351562,1927.0
2024-10-25 12:31:00+00:00,ADBE,485.44000244140625,485.44000244140625,485.7749938964844,485.44000244140625,485.7749938964844,2141.0
2024-10-25 12:31:00+00:00,ADI,233.55499267578125,233.55499267578125,233.6699981689453,233.52999877929688,233.6699981689453,3392.0
2024-10-25 12:31:00+00:00,AEHR,17.09000015258789,17.09000015258789,17.139999389648438,17.08009910583496,17.139999389648438,4192.0
2024-10-25 12:31:00+00:00,AFRM,41.869998931884766,41.869998931884766,41.939998626708984,41.869998931884766,41.939998626708984,4410.0
2024-10-25 12:31:00+00:00,AKAM,103.05000305175781,103.05000305175781,103.05000305175781,103.05000305175781,103.05000305175781,1191.0
2024-10-25 12:31:00+00:00,ALGM,22.899999618530273,22.899999618530273,22.920000076293945,22.899999618530273,22.899999618530273,18503.0
2024-10-25 12:31:00+00:00,ALKT,38.22999954223633,38.22999954223633,38.22999954223633,38.22999954223633,38.22999954223633,361.0
2024-10-25 12:31:00+00:00,ALTR,103.81500244140625,103.81500244140625,103.81500244140625,103.81500244140625,103.81500244140625,482.0
2024-10-25 12:31:00+00:00,AMAT,188.4199981689453,188.4199981689453,188.52029418945312,188.4199981689453,188.4949951171875,1588.0
2024-10-25 12:31:00+00:00,AMBA,58.57500076293945,58.57500076293945,58.57500076293945,58.560001373291016,58.560001373291016,691.0
2024-10-25 12:31:00+00:00,AMD,158.0,158.0,158.17999267578125,157.95989990234375,158.17529296875,81125.0
2024-10-25 12:31:00+00:00,AMKR,30.059999465942383,30.059999465942383,30.100000381469727,30.059999465942383,30.100000381469727,2362.0
2024-10-25 12:31:00+00:00,AOSL,36.459999084472656,36.459999084472656,36.459999084472656,36.459999084472656,36.459999084472656,105.0
2024-10-25 12:31:00+00:00,API,2.8299999237060547,2.8299999237060547,2.8303000926971436,2.8299999237060547,2.8303000926971436,6820.0
2024-10-25 12:31:00+00:00,APP,162.30999755859375,162.30999755859375,162.3699951171875,162.30999755859375,162.3699951171875,3069.0
2024-10-25 12:31:00+00:00,APPN,32.22999954223633,32.22999954223633,32.22999954223633,32.220001220703125,32.220001220703125,664.0
2024-10-25 12:31:00+00:00,APPS,3.075000047683716,3.075000047683716,3.075000047683716,3.069999933242798,3.075000047683716,703.0
2024-10-25 12:31:00+00:00,ARRY,6.539999961853027,6.539999961853027,6.550000190734863,6.539999961853027,6.545000076293945,12432.0
2024-10-25 12:31:00+00:00,ASML,718.7388916015625,718.7388916015625,718.7388916015625,718.7388916015625,718.7388916015625,902.0
2024-10-25 12:31:00+00:00,AUR,6.445000171661377,6.445000171661377,6.445000171661377,6.445000171661377,6.445000171661377,242.0
2024-10-25 12:31:00+00:00,AVDX,8.170000076293945,8.170000076293945,8.170000076293945,8.170000076293945,8.170000076293945,100.0
2024-10-25 12:31:00+00:00,AVGO,176.02999877929688,176.02999877929688,176.2100067138672,176.02999877929688,176.1999969482422,22177.0
2024-10-25 12:31:00+00:00,AVNW,21.020000457763672,21.020000457763672,21.020000457763672,20.989999771118164,21.020000457763672,1472.0
2024-10-25 12:31:00+00:00,AVPT,12.020000457763672,12.020000457763672,12.020000457763672,12.020000457763672,12.020000457763672,120.0
2024-10-25 12:31:00+00:00,AVT,54.224998474121094,54.224998474121094,54.224998474121094,54.224998474121094,54.224998474121094,160.0
2024-10-25 12:31:00+00:00,BAND,17.719999313354492,17.719999313354492,17.719999313354492,17.719999313354492,17.719999313354492,1082.0
2024-10-25 12:31:00+00:00,BIGC,5.315000057220459,5.315000057220459,5.315000057220459,5.309999942779541,5.309999942779541,1101.0
2024-10-25 12:31:00+00:00,BSY,49.25,49.25,49.25,49.24660110473633,49.24660110473633,785.0
2024-10-25 12:31:00+00:00,CAMP,11.100000381469727,11.100000381469727,11.100000381469727,11.100000381469727,11.100000381469727,125.0
2024-10-25 12:31:00+00:00,CDNS,259.2699890136719,259.2699890136719,259.510009765625,259.2699890136719,259.4599914550781,3323.0
2024-10-25 12:31:00+00:00,CDW,219.77000427246094,219.77000427246094,219.82000732421875,219.77000427246094,219.82000732421875,1279.0
2024-10-25 12:31:00+00:00,CETX,0.2994999885559082,0.2994999885559082,0.2994999885559082,0.2994999885559082,0.2994999885559082,383.0
2024-10-25 12:31:00+00:00,CFLT,22.687599182128906,22.687599182128906,22.704999923706055,22.68000030517578,22.704999923706055,4059.0
2024-10-25 12:31:00+00:00,CGNX,39.09000015258789,39.09000015258789,39.10499954223633,39.09000015258789,39.10499954223633,2465.0
2024-10-25 12:31:00+00:00,CLSK,11.810799598693848,11.810799598693848,11.85990047454834,11.810799598693848,11.851900100708008,75460.0
2024-10-25 12:31:00+00:00,CNDT,3.6549999713897705,3.6549999713897705,3.6600000858306885,3.6549999713897705,3.6600000858306885,6361.0
2024-10-25 12:31:00+00:00,CNXC,45.11000061035156,45.11000061035156,45.165000915527344,45.11000061035156,45.15010070800781,1637.0
2024-10-25 12:31:00+00:00,COHR,95.2750015258789,95.2750015258789,95.27999877929688,95.2750015258789,95.27999877929688,474.0
2024-10-25 12:31:00+00:00,COIN,208.85000610351562,208.85000610351562,209.11000061035156,208.67950439453125,209.10000610351562,4890.0
2024-10-25 12:31:00+00:00,COMM,6.315000057220459,6.315000057220459,6.315000057220459,6.314000129699707,6.315000057220459,1351.0
2024-10-25 12:31:00+00:00,CORZ,13.345000267028809,13.345000267028809,13.37399959564209,13.345000267028809,13.37399959564209,8663.0
2024-10-25 12:31:00+00:00,CPTNW,0.009499999694526196,0.009499999694526196,0.009499999694526196,0.009499999694526196,0.009499999694526196,0.0
2024-10-25 12:31:00+00:00,CRCT,6.599999904632568,6.599999904632568,6.599999904632568,6.599999904632568,6.599999904632568,419.0
2024-10-25 12:31:00+00:00,CRDO,39.810001373291016,39.810001373291016,39.810001373291016,39.810001373291016,39.810001373291016,175.0
2024-10-25 12:31:00+00:00,CRNC,2.865000009536743,2.865000009536743,2.865000009536743,2.859999895095825,2.859999895095825,8099.0
2024-10-25 12:31:00+00:00,CRWD,310.489990234375,310.489990234375,310.6400146484375,310.4800109863281,310.6400146484375,3082.0
2024-10-25 12:31:00+00:00,CSCO,55.94049835205078,55.94049835205078,56.01499938964844,55.94049835205078,56.0099983215332,21884.0
2024-10-25 12:31:00+00:00,CSIQ,13.829999923706055,13.829999923706055,13.850000381469727,13.829999923706055,13.850000381469727,1567.0
2024-10-25 12:31:00+00:00,CTLP,8.92020034790039,8.92020034790039,8.92020034790039,8.92020034790039,8.92020034790039,521.0
2024-10-25 12:31:00+00:00,CTSH,75.0199966430664,75.0199966430664,75.05000305175781,75.0199966430664,75.04000091552734,2672.0
2024-10-25 12:31:00+00:00,DAKT,13.145000457763672,13.145000457763672,13.145000457763672,13.145000457763672,13.145000457763672,384.0
2024-10-25 12:31:00+00:00,DATS,1.6624000072479248,1.6624000072479248,1.6624000072479248,1.6624000072479248,1.6624000072479248,0.0
2024-10-25 12:31:00+00:00,DBX,26.049999237060547,26.049999237060547,26.061500549316406,26.049999237060547,26.061500549316406,3192.0
2024-10-25 12:31:00+00:00,DDOG,127.62000274658203,127.62000274658203,127.6500015258789,127.59500122070312,127.6500015258789,4462.0
2024-10-25 12:31:00+00:00,DGHI,1.5499999523162842,1.5499999523162842,1.559999942779541,1.5499999523162842,1.559999942779541,1457.0
2024-10-25 12:31:00+00:00,DLO,8.829999923706055,8.829999923706055,8.829999923706055,8.829999923706055,8.829999923706055,448.0
2024-10-25 12:31:00+00:00,DOCU,69.98999786376953,69.98999786376953,69.98999786376953,69.98999786376953,69.98999786376953,1048.0
2024-10-25 12:31:00+00:00,DOMO,8.0600004196167,8.0600004196167,8.0600004196167,8.0600004196167,8.0600004196167,707.0
2024-10-25 12:31:00+00:00,DOX,89.80000305175781,89.80000305175781,89.80000305175781,89.80000305175781,89.80000305175781,4764.0
2024-10-25 12:31:00+00:00,DSGX,104.47000122070312,104.47000122070312,104.47000122070312,104.47000122070312,104.47000122070312,1037.0
2024-10-25 12:31:00+00:00,DSP,11.420000076293945,11.420000076293945,11.420000076293945,11.420000076293945,11.420000076293945,219.0
2024-10-25 12:31:00+00:00,EEFT,100.49250030517578,100.49250030517578,100.49250030517578,100.40950012207031,100.40950012207031,602.0
2024-10-25 12:31:00+00:00,ENPH,83.63999938964844,83.63999938964844,83.6500015258789,83.58000183105469,83.6500015258789,1345.0
2024-10-25 12:31:00+00:00,ENTG,105.91999816894531,105.91999816894531,105.91999816894531,105.91999816894531,105.91999816894531,1755.0
2024-10-25 12:31:00+00:00,ERIC,8.475000381469727,8.475000381469727,8.479999542236328,8.475000381469727,8.479999542236328,7149.0
2024-10-25 12:31:00+00:00,EXFY,1.725000023841858,1.725000023841858,1.7259999513626099,1.725000023841858,1.7259999513626099,2292.0
2024-10-25 12:31:00+00:00,EXLS,38.91999816894531,38.91999816894531,38.91999816894531,38.91999816894531,38.91999816894531,156.0
2024-10-25 12:31:00+00:00,EXTR,14.489999771118164,14.489999771118164,14.489999771118164,14.489999771118164,14.489999771118164,1564.0
2024-10-25 12:31:00+00:00,FIVN,30.079999923706055,30.079999923706055,30.09000015258789,30.079999923706055,30.09000015258789,1488.0
2024-10-25 12:31:00+00:00,FLEX,35.38999938964844,35.38999938964844,35.39500045776367,35.38999938964844,35.38999938964844,5044.0
2024-10-25 12:31:00+00:00,FLYW,17.549999237060547,17.549999237060547,17.59000015258789,17.549999237060547,17.59000015258789,3505.0
2024-10-25 12:31:00+00:00,FRSH,11.6899995803833,11.6899995803833,11.694999694824219,11.6899995803833,11.694999694824219,2987.0
2024-10-25 12:31:00+00:00,FSLR,199.99000549316406,199.99000549316406,200.10000610351562,199.99000549316406,200.00999450683594,1474.0
2024-10-25 12:31:00+00:00,FTCI,0.6696000099182129,0.6696000099182129,0.6696000099182129,0.6696000099182129,0.6696000099182129,2000.0
2024-10-25 12:31:00+00:00,FTNT,81.4124984741211,81.4124984741211,81.44999694824219,81.4000015258789,81.44400024414062,5684.0
2024-10-25 12:31:00+00:00,GCT,24.915000915527344,24.915000915527344,24.940000534057617,24.915000915527344,24.940000534057617,645.0
2024-10-25 12:31:00+00:00,GDS,21.420000076293945,21.420000076293945,21.540000915527344,21.420000076293945,21.540000915527344,4478.0
2024-10-25 12:31:00+00:00,GDYN,15.59000015258789,15.59000015258789,15.59000015258789,15.59000015258789,15.59000015258789,109.0
2024-10-25 12:31:00+00:00,GFS,41.22800064086914,41.22800064086914,41.2599983215332,41.22800064086914,41.2599983215332,3274.0
2024-10-25 12:31:00+00:00,GPRO,1.340000033378601,1.340000033378601,1.340000033378601,1.340000033378601,1.340000033378601,304.0
2024-10-25 12:31:00+00:00,GRAB,4.085000038146973,4.085000038146973,4.089900016784668,4.079999923706055,4.085000038146973,29956.0
2024-10-25 12:31:00+00:00,GTLB,55.7599983215332,55.7599983215332,55.812599182128906,55.7599983215332,55.8114013671875,2292.0
2024-10-25 12:31:00+00:00,HCP,33.689998626708984,33.689998626708984,33.689998626708984,33.689998626708984,33.689998626708984,551.0
2024-10-25 12:31:00+00:00,HIMX,6.179999828338623,6.179999828338623,6.1859002113342285,6.179999828338623,6.184999942779541,2781.0
2024-10-25 12:31:00+00:00,HLIT,14.770000457763672,14.770000457763672,14.770000457763672,14.770000457763672,14.770000457763672,535.0
2024-10-25 12:31:00+00:00,HOLO,3.66129994392395,3.66129994392395,3.6693999767303467,3.660099983215332,3.6693999767303467,690.0
2024-10-25 12:31:00+00:00,HOOD,27.31209945678711,27.31209945678711,27.329999923706055,27.309999465942383,27.329999923706055,6660.0
2024-10-25 12:31:00+00:00,HTCR,1.0499999523162842,1.0499999523162842,1.0499999523162842,1.0499999523162842,1.0499999523162842,2000.0
2024-10-25 12:31:00+00:00,INDI,3.575000047683716,3.575000047683716,3.5799999237060547,3.575000047683716,3.5799999237060547,1024.0
2024-10-25 12:31:00+00:00,INFN,6.789999961853027,6.789999961853027,6.795000076293945,6.789999961853027,6.795000076293945,0.0
2024-10-25 12:31:00+00:00,INTA,50.209999084472656,50.209999084472656,50.220001220703125,50.209999084472656,50.220001220703125,2209.0
2024-10-25 12:31:00+00:00,INTC,23.145999908447266,23.145999908447266,23.18000030517578,23.139999389648438,23.174999237060547,70656.0
2024-10-25 12:31:00+00:00,INTU,610.875,610.875,611.2650146484375,610.843994140625,611.1400146484375,2721.0
2024-10-25 12:31:00+00:00,INTZ,0.7285000085830688,0.7285000085830688,0.7285000085830688,0.7285000085830688,0.7285000085830688,600.0
2024-10-25 12:31:00+00:00,IPGP,77.1449966430664,77.1449966430664,77.1449966430664,77.1449966430664,77.1449966430664,940.0
2024-10-25 12:31:00+00:00,JAMF,16.84000015258789,16.84000015258789,16.84000015258789,16.84000015258789,16.84000015258789,592.0
2024-10-25 12:31:00+00:00,KC,2.7249999046325684,2.7249999046325684,2.7249999046325684,2.7200000286102295,2.7200000286102295,1209.0
2024-10-25 12:31:00+00:00,KLAC,681.010009765625,681.010009765625,681.5671997070312,681.010009765625,681.5671997070312,1602.0
2024-10-25 12:31:00+00:00,KOPN,0.7850000262260437,0.7850000262260437,0.7850000262260437,0.7850000262260437,0.7850000262260437,140.0
2024-10-25 12:31:00+00:00,LINK,4.900000095367432,4.900000095367432,5.059999942779541,4.900000095367432,5.059999942779541,1236.0
2024-10-25 12:31:00+00:00,LITE,64.43000030517578,64.43000030517578,64.45999908447266,64.43000030517578,64.45999908447266,1763.0
2024-10-25 12:31:00+00:00,LPSN,1.1790000200271606,1.1790000200271606,1.1790000200271606,1.1749999523162842,1.1749999523162842,1016.0
2024-10-25 12:31:00+00:00,LRCX,79.05139923095703,79.05139923095703,79.0999984741211,79.05139923095703,79.0999984741211,12444.0
2024-10-25 12:31:00+00:00,LSCC,54.599998474121094,54.599998474121094,54.599998474121094,54.599998474121094,54.599998474121094,635.0
2024-10-25 12:31:00+00:00,LUNA,1.815000057220459,1.815000057220459,1.815000057220459,1.815000057220459,1.815000057220459,200.0
2024-10-25 12:31:00+00:00,LYFT,13.795000076293945,13.795000076293945,13.79520034790039,13.789999961853027,13.795000076293945,12116.0
2024-10-25 12:31:00+00:00,MANH,276.42999267578125,276.42999267578125,276.42999267578125,276.42999267578125,276.42999267578125,160.0
2024-10-25 12:31:00+00:00,MCHP,77.0,77.0,77.05000305175781,76.98999786376953,77.04010009765625,6830.0
2024-10-25 12:31:00+00:00,MDB,267.8999938964844,267.8999938964844,268.2099914550781,267.67999267578125,267.74249267578125,4208.0
2024-10-25 12:31:00+00:00,MKSI,101.08999633789062,101.08999633789062,101.1050033569336,101.05000305175781,101.05000305175781,4185.0
2024-10-25 12:31:00+00:00,MLAB,114.55000305175781,114.55000305175781,114.55000305175781,114.55000305175781,114.55000305175781,665.0
2024-10-25 12:31:00+00:00,MNDY,299.2699890136719,299.2699890136719,299.2699890136719,299.2699890136719,299.2699890136719,924.0
2024-10-25 12:31:00+00:00,MPWR,922.25,922.25,922.8250122070312,920.340087890625,922.8250122070312,1694.0
2024-10-25 12:31:00+00:00,MQ,5.295000076293945,5.295000076293945,5.295000076293945,5.295000076293945,5.295000076293945,950.0
2024-10-25 12:31:00+00:00,MRVL,82.90499877929688,82.90499877929688,82.91799926757812,82.88999938964844,82.908203125,9047.0
2024-10-25 12:31:00+00:00,MSFT,430.4700012207031,430.4700012207031,430.75,430.4700012207031,430.75,15940.0
2024-10-25 12:31:00+00:00,MSTR,239.05999755859375,239.05999755859375,239.38999938964844,238.63999938964844,239.38999938964844,28444.0
2024-10-25 12:31:00+00:00,MTLS,5.989999771118164,5.989999771118164,5.989999771118164,5.989999771118164,5.989999771118164,1706.0
2024-10-25 12:31:00+00:00,MTSI,120.84500122070312,120.84500122070312,120.84500122070312,120.84500122070312,120.84500122070312,309.0
2024-10-25 12:31:00+00:00,MU,109.06999969482422,109.06999969482422,109.18000030517578,109.05999755859375,109.18000030517578,12145.0
2024-10-25 12:31:00+00:00,MXL,15.220000267028809,15.220000267028809,15.239999771118164,15.220000267028809,15.239999771118164,1140.0
2024-10-25 12:31:00+00:00,MYNA,1.1799999475479126,1.1799999475479126,1.1799999475479126,1.1799999475479126,1.1799999475479126,420.0
2024-10-25 12:31:00+00:00,NCNO,37.845001220703125,37.845001220703125,37.845001220703125,37.845001220703125,37.845001220703125,112.0
2024-10-25 12:31:00+00:00,NEON,8.25,8.25,8.25,8.25,8.25,738.0
2024-10-25 12:31:00+00:00,NICE,177.19000244140625,177.19000244140625,177.1999969482422,177.19000244140625,177.1999969482422,2035.0
2024-10-25 12:31:00+00:00,NNDM,2.3399999141693115,2.3399999141693115,2.3450000286102295,2.3399999141693115,2.3450000286102295,537.0
2024-10-25 12:31:00+00:00,NOVT,173.7899932861328,173.7899932861328,173.7899932861328,173.7899932861328,173.7899932861328,674.0
2024-10-25 12:31:00+00:00,NSIT,209.3350067138672,209.3350067138672,209.5749969482422,209.3350067138672,209.5500030517578,8358.0
2024-10-25 12:31:00+00:00,NTAP,120.44000244140625,120.44000244140625,120.44000244140625,120.44000244140625,120.44000244140625,945.0
2024-10-25 12:31:00+00:00,NTCT,20.674999237060547,20.674999237060547,20.674999237060547,20.674999237060547,20.674999237060547,1419.0
2024-10-25 12:31:00+00:00,NTNX,62.220001220703125,62.220001220703125,62.220001220703125,62.220001220703125,62.220001220703125,1563.0
2024-10-25 12:31:00+00:00,NVDA,143.51499938964844,143.51499938964844,143.5800018310547,143.47000122070312,143.5800018310547,186891.0
2024-10-25 12:31:00+00:00,NVEI,33.52000045776367,33.52000045776367,33.52000045776367,33.52000045776367,33.52000045776367,365.0
2024-10-25 12:31:00+00:00,NVMI,185.39999389648438,185.39999389648438,185.72000122070312,185.39999389648438,185.39999389648438,5400.0
2024-10-25 12:31:00+00:00,NVTS,2.6050000190734863,2.6050000190734863,2.6050000190734863,2.6050000190734863,2.6050000190734863,1289.0
2024-10-25 12:31:00+00:00,NXPI,245.30999755859375,245.30999755859375,245.4250030517578,245.30999755859375,245.4250030517578,1570.0
2024-10-25 12:31:00+00:00,OKTA,72.62000274658203,72.62000274658203,72.62000274658203,72.61979675292969,72.61979675292969,1386.0
2024-10-25 12:31:00+00:00,OLED,204.55999755859375,204.55999755859375,204.55999755859375,204.49000549316406,204.5500030517578,1503.0
2024-10-25 12:31:00+00:00,ON,71.9800033569336,71.9800033569336,72.05500030517578,71.9800033569336,72.05500030517578,8943.0
2024-10-25 12:31:00+00:00,PANW,370.114990234375,370.114990234375,370.1600036621094,370.114990234375,370.1600036621094,849.0
2024-10-25 12:31:00+00:00,PAYO,8.3100004196167,8.3100004196167,8.3100004196167,8.3100004196167,8.3100004196167,514.0
2024-10-25 12:31:00+00:00,PEGA,80.31999969482422,80.31999969482422,80.31999969482422,80.31999969482422,80.31999969482422,790.0
2024-10-25 12:31:00+00:00,PGY,11.875,11.875,11.875,11.875,11.875,203.0
2024-10-25 12:31:00+00:00,PHUN,10.305500030517578,10.305500030517578,10.3100004196167,10.280200004577637,10.30840015411377,34294.0
2024-10-25 12:31:00+00:00,PI,204.05499267578125,204.05499267578125,204.05499267578125,204.05499267578125,204.05499267578125,367.0
2024-10-25 12:31:00+00:00,POET,3.950000047683716,3.950000047683716,3.9700000286102295,3.950000047683716,3.9600000381469727,10378.0
2024-10-25 12:31:00+00:00,PRCH,1.3300000429153442,1.3300000429153442,1.3300000429153442,1.3300000429153442,1.3300000429153442,246.0
2024-10-25 12:31:00+00:00,PTC,187.0800018310547,187.0800018310547,187.0800018310547,187.07000732421875,187.07000732421875,1014.0
2024-10-25 12:31:00+00:00,PUBM,14.885000228881836,14.885000228881836,14.885000228881836,14.885000228881836,14.885000228881836,117.0
2024-10-25 12:31:00+00:00,QCOM,172.5800018310547,172.5800018310547,172.68499755859375,172.5800018310547,172.68499755859375,2357.0
2024-10-25 12:31:00+00:00,QRVO,100.29000091552734,100.29000091552734,100.30999755859375,100.27999877929688,100.30999755859375,1338.0
2024-10-25 12:31:00+00:00,QUBT,1.065000057220459,1.065000057220459,1.0699000358581543,1.065000057220459,1.0674999952316284,1096.0
2024-10-25 12:31:00+00:00,RCAT,2.755000114440918,2.755000114440918,2.755000114440918,2.755000114440918,2.755000114440918,150.0
2024-10-25 12:31:00+00:00,REKR,1.0950000286102295,1.0950000286102295,1.0950000286102295,1.0950000286102295,1.0950000286102295,1122.0
2024-10-25 12:31:00+00:00,RELY,14.8100004196167,14.8100004196167,14.8100004196167,14.8100004196167,14.8100004196167,1885.0
2024-10-25 12:31:00+00:00,RGTI,1.215000033378601,1.215000033378601,1.2200000286102295,1.2100000381469727,1.2199000120162964,13175.0
2024-10-25 12:31:00+00:00,RIOT,10.050000190734863,10.050000190734863,10.070099830627441,10.050000190734863,10.070099830627441,28244.0
2024-10-25 12:31:00+00:00,RMBS,43.59000015258789,43.59000015258789,43.599998474121094,43.588600158691406,43.599998474121094,1307.0
2024-10-25 12:31:00+00:00,RUM,5.710000038146973,5.710000038146973,5.739999771118164,5.710000038146973,5.735000133514404,7131.0
2024-10-25 12:31:00+00:00,RUN,14.454999923706055,14.454999923706055,14.477399826049805,14.449999809265137,14.477399826049805,5116.0
2024-10-25 12:31:00+00:00,SCWX,8.375,8.375,8.380000114440918,8.375,8.380000114440918,401.0
2024-10-25 12:31:00+00:00,SEDG,16.219999313354492,16.219999313354492,16.219999313354492,16.219999313354492,16.219999313354492,624.0
2024-10-25 12:31:00+00:00,SHLS,5.320000171661377,5.320000171661377,5.349999904632568,5.320000171661377,5.349999904632568,25933.0
2024-10-25 12:31:00+00:00,SIMO,57.150001525878906,57.150001525878906,57.15999984741211,57.150001525878906,57.150001525878906,2010.0
2024-10-25 12:31:00+00:00,SKYT,10.770000457763672,10.770000457763672,10.779999732971191,10.770000457763672,10.779999732971191,990.0
2024-10-25 12:31:00+00:00,SMCI,47.90999984741211,47.90999984741211,47.99599838256836,47.880001068115234,47.9900016784668,64407.0
2024-10-25 12:31:00+00:00,SMTC,45.94150161743164,45.94150161743164,45.95000076293945,45.93000030517578,45.942501068115234,3185.0
2024-10-25 12:31:00+00:00,SNPS,504.0,504.0,504.0,504.0,504.0,748.0
2024-10-25 12:31:00+00:00,SOBR,7.699999809265137,7.699999809265137,7.699999809265137,7.699999809265137,7.699999809265137,256.0
2024-10-25 12:31:00+00:00,SONO,12.829999923706055,12.829999923706055,12.831000328063965,12.829999923706055,12.829999923706055,2961.0
2024-10-25 12:31:00+00:00,SOUN,5.284999847412109,5.284999847412109,5.289899826049805,5.28000020980835,5.28849983215332,8817.0
2024-10-25 12:31:00+00:00,SRAD,12.399999618530273,12.399999618530273,12.399999618530273,12.390000343322754,12.390000343322754,29161.0
2024-10-25 12:31:00+00:00,SSNC,69.69000244140625,69.69000244140625,69.76000213623047,69.69000244140625,69.75,6555.0
2024-10-25 12:31:00+00:00,STNE,11.494999885559082,11.494999885559082,11.494999885559082,11.494999885559082,11.494999885559082,595.0
2024-10-25 12:31:00+00:00,STX,104.04000091552734,104.04000091552734,104.16999816894531,104.04000091552734,104.16999816894531,2076.0
2024-10-25 12:31:00+00:00,SVRE,0.08269999921321869,0.08269999921321869,0.08269999921321869,0.08269999921321869,0.08269999921321869,464.0
2024-10-25 12:31:00+00:00,SWKS,96.52999877929688,96.52999877929688,96.55999755859375,96.52999877929688,96.55999755859375,1872.0
2024-10-25 12:31:00+00:00,SYTA,1.2949999570846558,1.2949999570846558,1.3047000169754028,1.279099941253662,1.279099941253662,1861.0
2024-10-25 12:31:00+00:00,TEAM,190.82000732421875,190.82000732421875,190.97000122070312,190.82000732421875,190.9499969482422,2966.0
2024-10-25 12:31:00+00:00,TENB,41.880001068115234,41.880001068115234,41.970001220703125,41.880001068115234,41.970001220703125,1711.0
2024-10-25 12:31:00+00:00,TER,112.8550033569336,112.8550033569336,112.87999725341797,112.83999633789062,112.87999725341797,2238.0
2024-10-25 12:31:00+00:00,TGL,0.6784999966621399,0.6784999966621399,0.6784999966621399,0.6784999966621399,0.6784999966621399,7026.0
2024-10-25 12:31:00+00:00,TRMB,61.17499923706055,61.17499923706055,61.17499923706055,61.15999984741211,61.17499923706055,1317.0
2024-10-25 12:31:00+00:00,TTD,119.69999694824219,119.69999694824219,119.75,119.69999694824219,119.75,1383.0
2024-10-25 12:31:00+00:00,TTMI,19.56999969482422,19.56999969482422,19.56999969482422,19.56999969482422,19.56999969482422,195.0
2024-10-25 12:31:00+00:00,TWKS,4.449999809265137,4.449999809265137,4.449999809265137,4.449999809265137,4.449999809265137,661.0
2024-10-25 12:31:00+00:00,TXN,208.97999572753906,208.97999572753906,209.0500030517578,208.97000122070312,209.0500030517578,6312.0
2024-10-25 12:31:00+00:00,UCTT,36.15999984741211,36.15999984741211,36.15999984741211,36.15999984741211,36.15999984741211,409.0
2024-10-25 12:31:00+00:00,USIO,1.4156999588012695,1.4156999588012695,1.4199999570846558,1.4049999713897705,1.4049999713897705,10600.0
2024-10-25 12:31:00+00:00,VECO,29.5,29.5,29.5,29.5,29.5,476.0
2024-10-25 12:31:00+00:00,VERX,42.185001373291016,42.185001373291016,42.185001373291016,42.185001373291016,42.185001373291016,276.0
2024-10-25 12:31:00+00:00,VICR,46.689998626708984,46.689998626708984,46.689998626708984,46.689998626708984,46.689998626708984,825.0
2024-10-25 12:31:00+00:00,VMEO,4.78000020980835,4.78000020980835,4.78000020980835,4.760000228881836,4.769999980926514,5763.0
2024-10-25 12:31:00+00:00,VNET,3.4600000381469727,3.4600000381469727,3.4649999141693115,3.4600000381469727,3.4649999141693115,1124.0
2024-10-25 12:31:00+00:00,VOXX,7.699999809265137,7.699999809265137,7.699999809265137,7.699999809265137,7.699999809265137,386.0
2024-10-25 12:31:00+00:00,VRNS,57.130001068115234,57.130001068115234,57.130001068115234,57.119998931884766,57.119998931884766,723.0
2024-10-25 12:31:00+00:00,VRNT,22.229999542236328,22.229999542236328,22.229999542236328,22.229999542236328,22.229999542236328,3216.0
2024-10-25 12:31:00+00:00,VRSN,186.05999755859375,186.05999755859375,186.05999755859375,186.05999755859375,186.05999755859375,1205.0
2024-10-25 12:31:00+00:00,VUZI,1.3250000476837158,1.3250000476837158,1.3250000476837158,1.3200000524520874,1.3250000476837158,150.0
2024-10-25 12:31:00+00:00,WDAY,239.89500427246094,239.89500427246094,239.89500427246094,239.89500427246094,239.89500427246094,213.0
2024-10-25 12:31:00+00:00,WDC,71.56999969482422,71.56999969482422,71.6500015258789,71.55999755859375,71.6500015258789,15115.0
2024-10-25 12:31:00+00:00,WISA,1.9049999713897705,1.9049999713897705,1.909999966621399,1.8949999809265137,1.899999976158142,5832.0
2024-10-25 12:31:00+00:00,WLDS,3.450000047683716,3.450000047683716,3.450000047683716,3.450000047683716,3.450000047683716,310.0
2024-10-25 12:31:00+00:00,XRX,10.095000267028809,10.095000267028809,10.114999771118164,10.095000267028809,10.114999771118164,4132.0
2024-10-25 12:31:00+00:00,ZBRA,363.2900085449219,363.2900085449219,363.4200134277344,363.2900085449219,363.4200134277344,1626.0
2024-10-25 12:31:00+00:00,ZI,10.545000076293945,10.545000076293945,10.545000076293945,10.545000076293945,10.545000076293945,720.0
2024-10-25 12:31:00+00:00,ZM,73.19210052490234,73.19210052490234,73.19210052490234,73.19210052490234,73.19210052490234,139.0
2024-10-25 12:31:00+00:00,ZS,186.9600067138672,186.9600067138672,186.9600067138672,186.9600067138672,186.9600067138672,710.0
2024-10-25 12:32:00+00:00,AAOI,18.19499969482422,18.19499969482422,18.200000762939453,18.190000534057617,18.200000762939453,3286.0
2024-10-25 12:32:00+00:00,AAPL,232.5399932861328,232.5399932861328,232.5500030517578,232.5,232.52000427246094,34749.0
2024-10-25 12:32:00+00:00,ACLS,90.52999877929688,90.52999877929688,90.52999877929688,90.52999877929688,90.52999877929688,697.0
2024-10-25 12:32:00+00:00,ACMR,20.068199157714844,20.068199157714844,20.068199157714844,20.068199157714844,20.068199157714844,1311.0
2024-10-25 12:32:00+00:00,ADI,233.58990478515625,233.58990478515625,233.58990478515625,233.58990478515625,233.58990478515625,230.0
2024-10-25 12:32:00+00:00,ADSK,287.0450134277344,287.0450134277344,287.0924987792969,287.0199890136719,287.0924987792969,1900.0
2024-10-25 12:32:00+00:00,AEHR,17.1200008392334,17.1200008392334,17.1200008392334,17.1200008392334,17.1200008392334,435.0
2024-10-25 12:32:00+00:00,AFRM,41.900001525878906,41.900001525878906,41.900001525878906,41.869998931884766,41.869998931884766,6124.0
2024-10-25 12:32:00+00:00,AGYS,111.44000244140625,111.44000244140625,111.44000244140625,111.44000244140625,111.44000244140625,675.0
2024-10-25 12:32:00+00:00,AKAM,103.04000091552734,103.04000091552734,103.04000091552734,103.04000091552734,103.04000091552734,433.0
2024-10-25 12:32:00+00:00,AKTS,0.057100001722574234,0.057100001722574234,0.057100001722574234,0.057100001722574234,0.057100001722574234,2883.0
2024-10-25 12:32:00+00:00,ALGM,22.90999984741211,22.90999984741211,22.90999984741211,22.889999389648438,22.899999618530273,3121.0
2024-10-25 12:32:00+00:00,ALKT,38.275001525878906,38.275001525878906,38.275001525878906,38.275001525878906,38.275001525878906,230.0
2024-10-25 12:32:00+00:00,AMAT,188.3300018310547,188.3300018310547,188.38499450683594,188.2864990234375,188.30999755859375,3662.0
2024-10-25 12:32:00+00:00,AMBA,58.66999816894531,58.66999816894531,58.66999816894531,58.57500076293945,58.57500076293945,2234.0
2024-10-25 12:32:00+00:00,AMD,158.0601043701172,158.0601043701172,158.07989501953125,157.97000122070312,157.97000122070312,28003.0
2024-10-25 12:32:00+00:00,AMPL,9.234999656677246,9.234999656677246,9.234999656677246,9.234999656677246,9.234999656677246,835.0
2024-10-25 12:32:00+00:00,ANSS,326.0,326.0,326.0,326.0,326.0,659.0
2024-10-25 12:32:00+00:00,ANY,1.065999984741211,1.065999984741211,1.065999984741211,1.065999984741211,1.065999984741211,207.0
2024-10-25 12:32:00+00:00,API,2.8299999237060547,2.8299999237060547,2.8350000381469727,2.8299999237060547,2.8299999237060547,3354.0
2024-10-25 12:32:00+00:00,APP,162.3300018310547,162.3300018310547,162.3699951171875,162.30999755859375,162.3300018310547,1938.0
2024-10-25 12:32:00+00:00,APPN,32.209999084472656,32.209999084472656,32.209999084472656,32.19499969482422,32.20199966430664,2976.0
2024-10-25 12:32:00+00:00,APPS,3.065000057220459,3.065000057220459,3.069999933242798,3.065000057220459,3.069999933242798,4034.0
2024-10-25 12:32:00+00:00,ARRY,6.544000148773193,6.544000148773193,6.550000190734863,6.539999961853027,6.54010009765625,13047.0
2024-10-25 12:32:00+00:00,ATOM,3.367500066757202,3.367500066757202,3.369999885559082,3.367500066757202,3.369999885559082,336.0
2024-10-25 12:32:00+00:00,AUR,6.445000171661377,6.445000171661377,6.449900150299072,6.445000171661377,6.445000171661377,1889.0
2024-10-25 12:32:00+00:00,AVDX,8.170000076293945,8.170000076293945,8.170000076293945,8.170000076293945,8.170000076293945,518.0
2024-10-25 12:32:00+00:00,AVGO,176.08999633789062,176.08999633789062,176.08999633789062,175.97999572753906,176.0,200373.0
2024-10-25 12:32:00+00:00,AVNW,21.0,21.0,21.020000457763672,20.989999771118164,20.989999771118164,2032.0
2024-10-25 12:32:00+00:00,AVT,54.15999984741211,54.15999984741211,54.189998626708984,54.15999984741211,54.189998626708984,1436.0
2024-10-25 12:32:00+00:00,BEEM,4.9079999923706055,4.9079999923706055,4.9079999923706055,4.9079999923706055,4.9079999923706055,2898.0
2024-10-25 12:32:00+00:00,BELFB,79.44499969482422,79.44499969482422,79.44499969482422,79.44499969482422,79.44499969482422,135.0
2024-10-25 12:32:00+00:00,BIGC,5.324999809265137,5.324999809265137,5.324999809265137,5.320000171661377,5.320000171661377,2239.0
2024-10-25 12:32:00+00:00,BSY,49.2599983215332,49.2599983215332,49.27000045776367,49.22999954223633,49.24909973144531,3199.0
2024-10-25 12:32:00+00:00,CAMT,78.56500244140625,78.56500244140625,78.56500244140625,78.56500244140625,78.56500244140625,775.0
2024-10-25 12:32:00+00:00,CAN,0.991100013256073,0.991100013256073,0.991100013256073,0.991100013256073,0.991100013256073,221.0
2024-10-25 12:32:00+00:00,CDNS,259.23370361328125,259.23370361328125,259.2900085449219,259.135009765625,259.2900085449219,2765.0
2024-10-25 12:32:00+00:00,CDW,219.77499389648438,219.77499389648438,219.77499389648438,219.77499389648438,219.77499389648438,295.0
2024-10-25 12:32:00+00:00,CETX,0.2989000082015991,0.2989000082015991,0.2989000082015991,0.2989000082015991,0.2989000082015991,14132.0
2024-10-25 12:32:00+00:00,CFLT,22.684999465942383,22.684999465942383,22.684999465942383,22.684999465942383,22.684999465942383,240.0
2024-10-25 12:32:00+00:00,CGNX,39.0796012878418,39.0796012878418,39.095001220703125,39.0796012878418,39.095001220703125,925.0
2024-10-25 12:32:00+00:00,CHKP,207.42750549316406,207.42750549316406,207.42750549316406,207.42750549316406,207.42750549316406,1419.0
2024-10-25 12:32:00+00:00,CLFD,36.470001220703125,36.470001220703125,36.470001220703125,36.470001220703125,36.470001220703125,2274.0
2024-10-25 12:32:00+00:00,CLSK,11.819999694824219,11.819999694824219,11.84000015258789,11.8100004196167,11.814000129699707,50492.0
2024-10-25 12:32:00+00:00,CNXC,45.11000061035156,45.11000061035156,45.11000061035156,45.11000061035156,45.11000061035156,565.0
2024-10-25 12:32:00+00:00,COHR,95.25,95.25,95.2699966430664,95.25,95.2699966430664,687.0
2024-10-25 12:32:00+00:00,COHU,26.229999542236328,26.229999542236328,26.229999542236328,26.229999542236328,26.229999542236328,404.0
2024-10-25 12:32:00+00:00,COIN,208.97999572753906,208.97999572753906,209.02000427246094,208.7899932861328,208.7899932861328,5953.0
2024-10-25 12:32:00+00:00,COMM,6.320000171661377,6.320000171661377,6.320000171661377,6.309999942779541,6.309999942779541,526.0
2024-10-25 12:32:00+00:00,CORZ,13.364999771118164,13.364999771118164,13.364999771118164,13.329999923706055,13.329999923706055,4510.0
2024-10-25 12:32:00+00:00,CRCT,6.599999904632568,6.599999904632568,6.599999904632568,6.599999904632568,6.599999904632568,101.0
2024-10-25 12:32:00+00:00,CRDO,39.81999969482422,39.81999969482422,39.81999969482422,39.81999969482422,39.81999969482422,261.0
2024-10-25 12:32:00+00:00,CRNC,2.869999885559082,2.869999885559082,2.869999885559082,2.865000009536743,2.865000009536743,570.0
2024-10-25 12:32:00+00:00,CRSR,6.445000171661377,6.445000171661377,6.445000171661377,6.442500114440918,6.442500114440918,821.0
2024-10-25 12:32:00+00:00,CRUS,123.62999725341797,123.62999725341797,123.7249984741211,123.62000274658203,123.7249984741211,946.0
2024-10-25 12:32:00+00:00,CRWD,310.32000732421875,310.32000732421875,310.4750061035156,310.32000732421875,310.4750061035156,2193.0
2024-10-25 12:32:00+00:00,CSCO,55.970001220703125,55.970001220703125,55.974998474121094,55.93009948730469,55.935001373291016,25834.0
2024-10-25 12:32:00+00:00,CSIQ,13.819899559020996,13.819899559020996,13.829999923706055,13.800000190734863,13.829999923706055,3529.0
2024-10-25 12:32:00+00:00,CTSH,75.02999877929688,75.02999877929688,75.02999877929688,74.98999786376953,74.98999786376953,3826.0
2024-10-25 12:32:00+00:00,DAIO,2.5,2.5,2.5,2.490000009536743,2.494999885559082,0.0
2024-10-25 12:32:00+00:00,DATS,1.7200000286102295,1.7200000286102295,1.7400000095367432,1.6799999475479126,1.6799999475479126,6119.0
2024-10-25 12:32:00+00:00,DBX,26.045000076293945,26.045000076293945,26.049999237060547,26.040000915527344,26.049999237060547,3203.0
2024-10-25 12:32:00+00:00,DDOG,127.62999725341797,127.62999725341797,127.6500015258789,127.61000061035156,127.6500015258789,2073.0
2024-10-25 12:32:00+00:00,DGHI,1.590000033378601,1.590000033378601,1.590000033378601,1.590000033378601,1.590000033378601,286.0
2024-10-25 12:32:00+00:00,DOCU,69.95999908447266,69.95999908447266,69.95999908447266,69.95999908447266,69.95999908447266,905.0
2024-10-25 12:32:00+00:00,DOX,89.75,89.75,89.79000091552734,89.75,89.79000091552734,708.0
2024-10-25 12:32:00+00:00,DUOL,290.1000061035156,290.1000061035156,290.67999267578125,290.07000732421875,290.67999267578125,5678.0
2024-10-25 12:32:00+00:00,EEFT,100.25,100.25,100.45999908447266,100.25,100.45999908447266,1961.0
2024-10-25 12:32:00+00:00,ENPH,83.58000183105469,83.58000183105469,83.58000183105469,83.55000305175781,83.56999969482422,2230.0
2024-10-25 12:32:00+00:00,ENTG,105.80500030517578,105.80500030517578,105.83000183105469,105.80000305175781,105.83000183105469,1825.0
2024-10-25 12:32:00+00:00,ERIC,8.475000381469727,8.475000381469727,8.479999542236328,8.475000381469727,8.479999542236328,10279.0
2024-10-25 12:32:00+00:00,EXFY,1.7300000190734863,1.7300000190734863,1.7300000190734863,1.7300000190734863,1.7300000190734863,62.0
2024-10-25 12:32:00+00:00,EXLS,38.91999816894531,38.91999816894531,38.91999816894531,38.91999816894531,38.91999816894531,292.0
2024-10-25 12:32:00+00:00,EXTR,14.484999656677246,14.484999656677246,14.484999656677246,14.484999656677246,14.484999656677246,397.0
2024-10-25 12:32:00+00:00,FFIV,216.7050018310547,216.7050018310547,216.7050018310547,216.61000061035156,216.61000061035156,709.0
2024-10-25 12:32:00+00:00,FIVN,30.06999969482422,30.06999969482422,30.079999923706055,30.059999465942383,30.079999923706055,2835.0
2024-10-25 12:32:00+00:00,FLEX,35.369998931884766,35.369998931884766,35.369998931884766,35.369998931884766,35.369998931884766,162.0
2024-10-25 12:32:00+00:00,FLYW,17.520000457763672,17.520000457763672,17.520000457763672,17.520000457763672,17.520000457763672,465.0
2024-10-25 12:32:00+00:00,FRSH,11.689900398254395,11.689900398254395,11.689900398254395,11.6850004196167,11.6850004196167,926.0
2024-10-25 12:32:00+00:00,FSLR,199.89999389648438,199.89999389648438,199.97999572753906,199.8699951171875,199.89999389648438,4993.0
2024-10-25 12:32:00+00:00,FTCI,0.6611999869346619,0.6611999869346619,0.6611999869346619,0.6611999869346619,0.6611999869346619,0.0
2024-10-25 12:32:00+00:00,FTFT,0.3359000086784363,0.3359000086784363,0.3359000086784363,0.3359000086784363,0.3359000086784363,600.0
2024-10-25 12:32:00+00:00,FTNT,81.41000366210938,81.41000366210938,81.41000366210938,81.37999725341797,81.38999938964844,5811.0
2024-10-25 12:32:00+00:00,GCT,24.889999389648438,24.889999389648438,24.915000915527344,24.8799991607666,24.915000915527344,5012.0
2024-10-25 12:32:00+00:00,GDS,21.459999084472656,21.459999084472656,21.459999084472656,21.40999984741211,21.40999984741211,2861.0
2024-10-25 12:32:00+00:00,GDYN,15.59000015258789,15.59000015258789,15.59000015258789,15.59000015258789,15.59000015258789,1207.0
2024-10-25 12:32:00+00:00,GFS,41.15999984741211,41.15999984741211,41.20000076293945,41.15999984741211,41.20000076293945,1774.0
2024-10-25 12:32:00+00:00,GPRO,1.3350000381469727,1.3350000381469727,1.3350000381469727,1.3350000381469727,1.3350000381469727,189.0
2024-10-25 12:32:00+00:00,GRAB,4.085000038146973,4.085000038146973,4.085000038146973,4.079999923706055,4.085000038146973,7062.0
2024-10-25 12:32:00+00:00,HCKT,24.88319969177246,24.88319969177246,24.88319969177246,24.88319969177246,24.88319969177246,215.0
2024-10-25 12:32:00+00:00,HCP,33.69499969482422,33.69499969482422,33.69499969482422,33.689998626708984,33.689998626708984,342.0
2024-10-25 12:32:00+00:00,HLIT,14.760000228881836,14.760000228881836,14.760000228881836,14.760000228881836,14.760000228881836,365.0
2024-10-25 12:32:00+00:00,HOLO,3.6700000762939453,3.6700000762939453,3.680000066757202,3.6700000762939453,3.680000066757202,2285.0
2024-10-25 12:32:00+00:00,HOOD,27.317100524902344,27.317100524902344,27.31999969482422,27.309999465942383,27.309999465942383,2541.0
2024-10-25 12:32:00+00:00,IMMR,8.739999771118164,8.739999771118164,8.739999771118164,8.739999771118164,8.739999771118164,1036.0
2024-10-25 12:32:00+00:00,IMTE,1.6549999713897705,1.6549999713897705,1.6549999713897705,1.6549999713897705,1.6549999713897705,100.0
2024-10-25 12:32:00+00:00,INDI,3.5799999237060547,3.5799999237060547,3.5799999237060547,3.569999933242798,3.569999933242798,644.0
2024-10-25 12:32:00+00:00,INFN,6.795000076293945,6.795000076293945,6.795000076293945,6.795000076293945,6.795000076293945,660.0
2024-10-25 12:32:00+00:00,INOD,20.009899139404297,20.009899139404297,20.009899139404297,20.009899139404297,20.009899139404297,1026.0
2024-10-25 12:32:00+00:00,INTA,50.255001068115234,50.255001068115234,50.310001373291016,50.189998626708984,50.21910095214844,9092.0
2024-10-25 12:32:00+00:00,INTC,23.145000457763672,23.145000457763672,23.149999618530273,23.135000228881836,23.145999908447266,51611.0
2024-10-25 12:32:00+00:00,INTU,610.72998046875,610.72998046875,610.72998046875,610.72998046875,610.72998046875,1947.0
2024-10-25 12:32:00+00:00,INVE,3.565000057220459,3.565000057220459,3.565000057220459,3.565000057220459,3.565000057220459,210.0
2024-10-25 12:32:00+00:00,ITI,7.195000171661377,7.195000171661377,7.195000171661377,7.195000171661377,7.195000171661377,134.0
2024-10-25 12:32:00+00:00,ITRI,103.16999816894531,103.16999816894531,103.2300033569336,103.16999816894531,103.2300033569336,1237.0
2024-10-25 12:32:00+00:00,ITRN,27.149700164794922,27.149700164794922,27.149700164794922,27.149700164794922,27.149700164794922,154.0
2024-10-25 12:32:00+00:00,JKHY,184.1649932861328,184.1649932861328,184.1649932861328,184.16000366210938,184.16000366210938,1827.0
2024-10-25 12:32:00+00:00,KC,2.7200000286102295,2.7200000286102295,2.7249999046325684,2.7200000286102295,2.7200000286102295,3711.0
2024-10-25 12:32:00+00:00,KLAC,680.7100219726562,680.7100219726562,680.7999877929688,680.7100219726562,680.7999877929688,770.0
2024-10-25 12:32:00+00:00,KOPN,0.7802000045776367,0.7802000045776367,0.7802000045776367,0.7802000045776367,0.7802000045776367,94.0
2024-10-25 12:32:00+00:00,LINK,4.989999771118164,4.989999771118164,4.990900039672852,4.989999771118164,4.990900039672852,683.0
2024-10-25 12:32:00+00:00,LITE,64.38999938964844,64.38999938964844,64.40989685058594,64.35749816894531,64.38500213623047,3957.0
2024-10-25 12:32:00+00:00,LOGI,81.0999984741211,81.0999984741211,81.0999984741211,81.0999984741211,81.0999984741211,353.0
2024-10-25 12:32:00+00:00,LPTH,1.7000000476837158,1.7000000476837158,1.7000000476837158,1.7000000476837158,1.7000000476837158,226.0
2024-10-25 12:32:00+00:00,LRCX,79.05500030517578,79.05500030517578,79.05500030517578,79.01000213623047,79.0199966430664,14981.0
2024-10-25 12:32:00+00:00,LSCC,54.56999969482422,54.56999969482422,54.56999969482422,54.55500030517578,54.55500030517578,831.0
2024-10-25 12:32:00+00:00,LTRX,4.03000020980835,4.03000020980835,4.03000020980835,4.03000020980835,4.03000020980835,308.0
2024-10-25 12:32:00+00:00,LYFT,13.800000190734863,13.800000190734863,13.800000190734863,13.7923002243042,13.7923002243042,1734.0
2024-10-25 12:32:00+00:00,MANH,276.4800109863281,276.4800109863281,276.4800109863281,276.42498779296875,276.42498779296875,522.0
2024-10-25 12:32:00+00:00,MAXN,5.679999828338623,5.679999828338623,5.679999828338623,5.679999828338623,5.679999828338623,433.0
2024-10-25 12:32:00+00:00,MCHP,77.03500366210938,77.03500366210938,77.03500366210938,76.9800033569336,76.9800033569336,5555.0
2024-10-25 12:32:00+00:00,MDB,268.42999267578125,268.42999267578125,268.42999267578125,268.42999267578125,268.42999267578125,585.0
2024-10-25 12:32:00+00:00,MGIC,11.154999732971191,11.154999732971191,11.154999732971191,11.154999732971191,11.154999732971191,118.0
2024-10-25 12:32:00+00:00,MINM,0.6499999761581421,0.6499999761581421,0.6499999761581421,0.6499999761581421,0.6499999761581421,5500.0
2024-10-25 12:32:00+00:00,MKSI,101.05249786376953,101.05249786376953,101.05249786376953,101.0199966430664,101.0199966430664,600.0
2024-10-25 12:32:00+00:00,MKTW,0.5812000036239624,0.5812000036239624,0.5824000239372253,0.5812000036239624,0.5824000239372253,19696.0
2024-10-25 12:32:00+00:00,MOB,1.315000057220459,1.315000057220459,1.315000057220459,1.315000057220459,1.315000057220459,4000.0
2024-10-25 12:32:00+00:00,MPWR,922.3150024414062,922.3150024414062,922.3150024414062,922.3150024414062,922.3150024414062,409.0
2024-10-25 12:32:00+00:00,MRVL,82.93800354003906,82.93800354003906,82.93800354003906,82.88999938964844,82.9000015258789,7868.0
2024-10-25 12:32:00+00:00,MSFT,430.5,430.5,430.55889892578125,430.4599914550781,430.4700012207031,24470.0
2024-10-25 12:32:00+00:00,MSTR,239.30999755859375,239.30999755859375,239.33999633789062,238.77980041503906,238.77980041503906,28434.0
2024-10-25 12:32:00+00:00,MTSI,120.91000366210938,120.91000366210938,120.94239807128906,120.91000366210938,120.94239807128906,571.0
2024-10-25 12:32:00+00:00,MTTR,4.659999847412109,4.659999847412109,4.659999847412109,4.65500020980835,4.65500020980835,1658.0
2024-10-25 12:32:00+00:00,MU,109.08999633789062,109.08999633789062,109.08999633789062,109.05000305175781,109.05999755859375,5098.0
2024-10-25 12:32:00+00:00,MVIS,1.093999981880188,1.093999981880188,1.093999981880188,1.09089994430542,1.09089994430542,883.0
2024-10-25 12:32:00+00:00,MXL,15.199999809265137,15.199999809265137,15.21500015258789,15.199999809265137,15.21500015258789,1299.0
2024-10-25 12:32:00+00:00,NCNO,37.83000183105469,37.83000183105469,37.83000183105469,37.83000183105469,37.83000183105469,933.0
2024-10-25 12:32:00+00:00,NEON,8.229999542236328,8.229999542236328,8.255000114440918,8.180000305175781,8.255000114440918,6969.0
2024-10-25 12:32:00+00:00,NICE,176.88999938964844,176.88999938964844,176.88999938964844,176.88999938964844,176.88999938964844,701.0
2024-10-25 12:32:00+00:00,NNDM,2.3447000980377197,2.3447000980377197,2.3447000980377197,2.3447000980377197,2.3447000980377197,159.0
2024-10-25 12:32:00+00:00,NTAP,120.44999694824219,120.44999694824219,120.44999694824219,120.43000030517578,120.43000030517578,705.0
2024-10-25 12:32:00+00:00,NTGR,20.3799991607666,20.3799991607666,20.3799991607666,20.239999771118164,20.3799991607666,11938.0
2024-10-25 12:32:00+00:00,NTNX,62.2599983215332,62.2599983215332,62.2599983215332,62.2400016784668,62.2400016784668,1159.0
2024-10-25 12:32:00+00:00,NVDA,143.48500061035156,143.48500061035156,143.51499938964844,143.44009399414062,143.51499938964844,140346.0
2024-10-25 12:32:00+00:00,NVEI,33.52000045776367,33.52000045776367,33.52000045776367,33.52000045776367,33.52000045776367,310.0
2024-10-25 12:32:00+00:00,NXPI,245.25999450683594,245.25999450683594,245.25999450683594,245.25999450683594,245.25999450683594,641.0
2024-10-25 12:32:00+00:00,ON,72.0199966430664,72.0199966430664,72.04000091552734,71.94000244140625,71.9800033569336,11097.0
2024-10-25 12:32:00+00:00,OSS,2.440000057220459,2.440000057220459,2.440000057220459,2.440000057220459,2.440000057220459,200.0
2024-10-25 12:32:00+00:00,PANW,370.2699890136719,370.2699890136719,370.2699890136719,370.0950012207031,370.0950012207031,881.0
2024-10-25 12:32:00+00:00,PAYO,8.305000305175781,8.305000305175781,8.3100004196167,8.305000305175781,8.3100004196167,2165.0
2024-10-25 12:32:00+00:00,PDFS,29.514999389648438,29.514999389648438,29.514999389648438,29.514999389648438,29.514999389648438,177.0
2024-10-25 12:32:00+00:00,PEGA,80.33000183105469,80.33000183105469,80.36000061035156,80.2699966430664,80.2699966430664,7800.0
2024-10-25 12:32:00+00:00,PGY,11.880000114440918,11.880000114440918,11.880000114440918,11.880000114440918,11.880000114440918,205.0
2024-10-25 12:32:00+00:00,PHUN,10.300000190734863,10.300000190734863,10.300000190734863,10.264599800109863,10.300000190734863,16791.0
2024-10-25 12:32:00+00:00,PLAB,23.709999084472656,23.709999084472656,23.709999084472656,23.709999084472656,23.709999084472656,116.0
2024-10-25 12:32:00+00:00,PLXS,143.125,143.125,143.125,143.125,143.125,156.0
2024-10-25 12:32:00+00:00,POET,3.940000057220459,3.940000057220459,3.940000057220459,3.940000057220459,3.940000057220459,1217.0
2024-10-25 12:32:00+00:00,PRCH,1.3300000429153442,1.3300000429153442,1.3300000429153442,1.3300000429153442,1.3300000429153442,389.0
2024-10-25 12:32:00+00:00,PRSO,1.7699999809265137,1.7699999809265137,1.7699999809265137,1.7699999809265137,1.7699999809265137,1262.0
2024-10-25 12:32:00+00:00,PTC,187.02999877929688,187.02999877929688,187.0800018310547,187.02999877929688,187.0800018310547,323.0
2024-10-25 12:32:00+00:00,PYCR,14.34000015258789,14.34000015258789,14.345000267028809,14.34000015258789,14.345000267028809,1418.0
2024-10-25 12:32:00+00:00,QCOM,172.6649932861328,172.6649932861328,172.6649932861328,172.52999877929688,172.55999755859375,4879.0
2024-10-25 12:32:00+00:00,QRVO,100.26000213623047,100.26000213623047,100.26000213623047,100.25,100.26000213623047,1826.0
2024-10-25 12:32:00+00:00,RDWR,22.3700008392334,22.3700008392334,22.3700008392334,22.3700008392334,22.3700008392334,323.0
2024-10-25 12:32:00+00:00,RELY,14.8100004196167,14.8100004196167,14.8100004196167,14.8100004196167,14.8100004196167,1035.0
2024-10-25 12:32:00+00:00,RGTI,1.2187000513076782,1.2187000513076782,1.2187000513076782,1.215499997138977,1.215499997138977,1203.0
2024-10-25 12:32:00+00:00,RIOT,10.039999961853027,10.039999961853027,10.065999984741211,10.029999732971191,10.04069995880127,104891.0
2024-10-25 12:32:00+00:00,RMNI,1.7259999513626099,1.7259999513626099,1.7259999513626099,1.7259999513626099,1.7259999513626099,1599.0
2024-10-25 12:32:00+00:00,RPAY,7.610000133514404,7.610000133514404,7.610000133514404,7.610000133514404,7.610000133514404,353.0
2024-10-25 12:32:00+00:00,RPD,39.0099983215332,39.0099983215332,39.0099983215332,39.0099983215332,39.0099983215332,610.0
2024-10-25 12:32:00+00:00,RUM,5.706999778747559,5.706999778747559,5.70989990234375,5.699999809265137,5.700200080871582,10679.0
2024-10-25 12:32:00+00:00,RUN,14.444999694824219,14.444999694824219,14.449999809265137,14.444999694824219,14.449999809265137,3558.0
2024-10-25 12:32:00+00:00,SATS,25.139999389648438,25.139999389648438,25.139999389648438,25.139999389648438,25.139999389648438,1199.0
2024-10-25 12:32:00+00:00,SEDG,16.190000534057617,16.190000534057617,16.228500366210938,16.170000076293945,16.228500366210938,8267.0
2024-10-25 12:32:00+00:00,SHLS,5.324999809265137,5.324999809265137,5.324999809265137,5.320000171661377,5.320000171661377,7667.0
2024-10-25 12:32:00+00:00,SIMO,57.150001525878906,57.150001525878906,57.150001525878906,57.150001525878906,57.150001525878906,390.0
2024-10-25 12:32:00+00:00,SKYT,10.774999618530273,10.774999618530273,10.774999618530273,10.774999618530273,10.774999618530273,198.0
2024-10-25 12:32:00+00:00,SMCI,47.969398498535156,47.969398498535156,47.970001220703125,47.90999984741211,47.90999984741211,28956.0
2024-10-25 12:32:00+00:00,SMTC,45.880001068115234,45.880001068115234,45.915000915527344,45.880001068115234,45.915000915527344,915.0
2024-10-25 12:32:00+00:00,SNPS,504.35198974609375,504.35198974609375,504.3612060546875,503.6700134277344,504.0,1201.0
2024-10-25 12:32:00+00:00,SOBR,7.650000095367432,7.650000095367432,7.760000228881836,7.650000095367432,7.760000228881836,5229.0
2024-10-25 12:32:00+00:00,SOPA,0.9649999737739563,0.9649999737739563,0.9649999737739563,0.9649999737739563,0.9649999737739563,0.0
2024-10-25 12:32:00+00:00,SOUN,5.288700103759766,5.288700103759766,5.288700103759766,5.281099796295166,5.281099796295166,4029.0
2024-10-25 12:32:00+00:00,SOUNW,1.8700000047683716,1.8700000047683716,1.8700000047683716,1.8700000047683716,1.8700000047683716,200.0
2024-10-25 12:32:00+00:00,SSNC,69.70500183105469,69.70500183105469,69.70500183105469,69.66999816894531,69.68000030517578,6497.0
2024-10-25 12:32:00+00:00,STNE,11.494999885559082,11.494999885559082,11.494999885559082,11.491299629211426,11.494999885559082,3287.0
2024-10-25 12:32:00+00:00,STX,104.00430297851562,104.00430297851562,104.00430297851562,104.00430297851562,104.00430297851562,1302.0
2024-10-25 12:32:00+00:00,SVRE,0.08209999650716782,0.08209999650716782,0.08259999752044678,0.08209999650716782,0.08259999752044678,12909.0
2024-10-25 12:32:00+00:00,SWKS,96.48999786376953,96.48999786376953,96.48999786376953,96.48999786376953,96.48999786376953,374.0
2024-10-25 12:32:00+00:00,SYNA,73.41000366210938,73.41000366210938,73.42500305175781,73.41000366210938,73.42500305175781,334.0
2024-10-25 12:32:00+00:00,SYTA,1.2799999713897705,1.2799999713897705,1.2799999713897705,1.2799999713897705,1.2799999713897705,600.0
2024-10-25 12:32:00+00:00,TEAM,190.83999633789062,190.83999633789062,190.83999633789062,190.8000030517578,190.8000946044922,1265.0
2024-10-25 12:32:00+00:00,TENB,41.84000015258789,41.84000015258789,41.86000061035156,41.84000015258789,41.86000061035156,4227.0
2024-10-25 12:32:00+00:00,TER,112.73999786376953,112.73999786376953,112.83000183105469,112.73999786376953,112.83000183105469,3961.0
2024-10-25 12:32:00+00:00,TRMB,61.15999984741211,61.15999984741211,61.17499923706055,61.15999984741211,61.17499923706055,1311.0
2024-10-25 12:32:00+00:00,TTD,119.68000030517578,119.68000030517578,119.68000030517578,119.68000030517578,119.68000030517578,594.0
2024-10-25 12:32:00+00:00,TTMI,19.56999969482422,19.56999969482422,19.56999969482422,19.56999969482422,19.56999969482422,159.0
2024-10-25 12:32:00+00:00,TWKS,4.449999809265137,4.449999809265137,4.449999809265137,4.449999809265137,4.449999809265137,2434.0
2024-10-25 12:32:00+00:00,TXN,209.02000427246094,209.02000427246094,209.02000427246094,208.9499969482422,208.9600067138672,4712.0
2024-10-25 12:32:00+00:00,USIO,1.4049999713897705,1.4049999713897705,1.4049999713897705,1.4049999713897705,1.4049999713897705,0.0
2024-10-25 12:32:00+00:00,VECO,29.489999771118164,29.489999771118164,29.489999771118164,29.489999771118164,29.489999771118164,2058.0
2024-10-25 12:32:00+00:00,VERI,3.410099983215332,3.410099983215332,3.410099983215332,3.410099983215332,3.410099983215332,154.0
2024-10-25 12:32:00+00:00,VERX,42.20000076293945,42.20000076293945,42.20000076293945,42.20000076293945,42.20000076293945,320.0
2024-10-25 12:32:00+00:00,VMEO,4.78000020980835,4.78000020980835,4.78000020980835,4.78000020980835,4.78000020980835,883.0
2024-10-25 12:32:00+00:00,VNET,3.4600000381469727,3.4600000381469727,3.4600000381469727,3.4600000381469727,3.4600000381469727,200.0
2024-10-25 12:32:00+00:00,VRNS,57.130001068115234,57.130001068115234,57.130001068115234,57.099998474121094,57.119998931884766,1837.0
2024-10-25 12:32:00+00:00,VSAT,10.350000381469727,10.350000381469727,10.350000381469727,10.350000381469727,10.350000381469727,509.0
2024-10-25 12:32:00+00:00,VUZI,1.3250000476837158,1.3250000476837158,1.3250000476837158,1.3208999633789062,1.3208999633789062,1336.0
2024-10-25 12:32:00+00:00,WDAY,239.77999877929688,239.77999877929688,239.8000030517578,239.77999877929688,239.77999877929688,1128.0
2024-10-25 12:32:00+00:00,WDC,71.51000213623047,71.51000213623047,71.57499694824219,71.4800033569336,71.56420135498047,13287.0
2024-10-25 12:32:00+00:00,WISA,1.9049999713897705,1.9049999713897705,1.906000018119812,1.9049999713897705,1.906000018119812,654.0
2024-10-25 12:32:00+00:00,WIX,165.6999969482422,165.6999969482422,165.6999969482422,165.6999969482422,165.6999969482422,847.0
2024-10-25 12:32:00+00:00,XPER,9.4350004196167,9.4350004196167,9.4399995803833,9.4350004196167,9.4399995803833,928.0
2024-10-25 12:32:00+00:00,XRX,10.09000015258789,10.09000015258789,10.09000015258789,10.09000015258789,10.09000015258789,150.0
2024-10-25 12:32:00+00:00,ZI,10.539999961853027,10.539999961853027,10.545000076293945,10.539999961853027,10.539999961853027,7615.0
2024-10-25 12:32:00+00:00,ZM,73.19000244140625,73.19000244140625,73.19000244140625,73.18000030517578,73.18000030517578,1291.0
2024-10-25 12:32:00+00:00,ZS,186.94000244140625,186.94000244140625,186.94000244140625,186.94000244140625,186.94000244140625,213.0
2024-10-25 12:33:00+00:00,AAOI,18.18000030517578,18.18000030517578,18.190000534057617,18.18000030517578,18.190000534057617,1303.0
2024-10-25 12:33:00+00:00,AAPL,232.50010681152344,232.50010681152344,232.5399932861328,232.47999572753906,232.5399932861328,39197.0
2024-10-25 12:33:00+00:00,ACIW,48.869998931884766,48.869998931884766,48.88999938964844,48.869998931884766,48.88999938964844,2503.0
2024-10-25 12:33:00+00:00,ACLS,90.55000305175781,90.55000305175781,90.55000305175781,90.55000305175781,90.55000305175781,246.0
2024-10-25 12:33:00+00:00,ACMR,20.06049919128418,20.06049919128418,20.09000015258789,20.059999465942383,20.059999465942383,2236.0
2024-10-25 12:33:00+00:00,ADBE,485.375,485.375,485.375,485.2699890136719,485.3500061035156,988.0
2024-10-25 12:33:00+00:00,ADI,233.55999755859375,233.55999755859375,233.63999938964844,233.55999755859375,233.63999938964844,1047.0
2024-10-25 12:33:00+00:00,ADSK,287.07501220703125,287.07501220703125,287.07501220703125,287.07501220703125,287.07501220703125,1476.0
2024-10-25 12:33:00+00:00,AEHR,17.110000610351562,17.110000610351562,17.110000610351562,17.100000381469727,17.107999801635742,4486.0
2024-10-25 12:33:00+00:00,AFRM,41.900001525878906,41.900001525878906,41.900001525878906,41.88999938964844,41.88999938964844,678.0
2024-10-25 12:33:00+00:00,AIP,6.942999839782715,6.942999839782715,6.960000038146973,6.942999839782715,6.949999809265137,546.0
2024-10-25 12:33:00+00:00,AKAM,103.0199966430664,103.0199966430664,103.0199966430664,103.0199966430664,103.0199966430664,177.0
2024-10-25 12:33:00+00:00,ALGM,22.899999618530273,22.899999618530273,22.899999618530273,22.899999618530273,22.899999618530273,5356.0
2024-10-25 12:33:00+00:00,AMAT,188.49000549316406,188.49000549316406,188.5,188.42999267578125,188.42999267578125,1941.0
2024-10-25 12:33:00+00:00,AMBA,58.779998779296875,58.779998779296875,58.84000015258789,58.72999954223633,58.72999954223633,6041.0
2024-10-25 12:33:00+00:00,AMD,158.0749969482422,158.0749969482422,158.10989379882812,158.0500030517578,158.05999755859375,15994.0
2024-10-25 12:33:00+00:00,AMKR,30.049999237060547,30.049999237060547,30.049999237060547,30.049999237060547,30.049999237060547,436.0
2024-10-25 12:33:00+00:00,AOSL,36.599998474121094,36.599998474121094,36.599998474121094,36.54999923706055,36.54999923706055,210.0
2024-10-25 12:33:00+00:00,API,2.8350000381469727,2.8350000381469727,2.8350000381469727,2.8350000381469727,2.8350000381469727,119.0
2024-10-25 12:33:00+00:00,APP,162.38999938964844,162.38999938964844,162.38999938964844,162.38999938964844,162.38999938964844,578.0
2024-10-25 12:33:00+00:00,APPS,3.0666000843048096,3.0666000843048096,3.0666000843048096,3.0664000511169434,3.0664000511169434,409.0
2024-10-25 12:33:00+00:00,ARRY,6.545000076293945,6.545000076293945,6.550000190734863,6.539999961853027,6.550000190734863,3282.0
2024-10-25 12:33:00+00:00,ASML,718.2899780273438,718.2899780273438,718.2899780273438,718.2899780273438,718.2899780273438,148.0
2024-10-25 12:33:00+00:00,AUR,6.445000171661377,6.445000171661377,6.445000171661377,6.445000171661377,6.445000171661377,1719.0
2024-10-25 12:33:00+00:00,AVGO,176.13999938964844,176.13999938964844,176.13999938964844,176.09500122070312,176.10000610351562,11581.0
2024-10-25 12:33:00+00:00,AVPT,12.015000343322754,12.015000343322754,12.015000343322754,12.015000343322754,12.015000343322754,101.0
2024-10-25 12:33:00+00:00,AVT,54.18000030517578,54.18000030517578,54.18000030517578,54.18000030517578,54.18000030517578,635.0
2024-10-25 12:33:00+00:00,BIGC,5.320000171661377,5.320000171661377,5.320000171661377,5.320000171661377,5.320000171661377,594.0
2024-10-25 12:33:00+00:00,BL,56.459999084472656,56.459999084472656,56.459999084472656,56.459999084472656,56.459999084472656,403.0
2024-10-25 12:33:00+00:00,BSY,49.290000915527344,49.290000915527344,49.290000915527344,49.2599983215332,49.27000045776367,1198.0
2024-10-25 12:33:00+00:00,CCSI,20.635000228881836,20.635000228881836,20.635000228881836,20.635000228881836,20.635000228881836,369.0
2024-10-25 12:33:00+00:00,CETX,0.30000001192092896,0.30000001192092896,0.30000001192092896,0.2989000082015991,0.2992999851703644,43074.0
2024-10-25 12:33:00+00:00,CFLT,22.70989990234375,22.70989990234375,22.70989990234375,22.670000076293945,22.684999465942383,8998.0
2024-10-25 12:33:00+00:00,CGNX,39.08000183105469,39.08000183105469,39.09000015258789,39.08000183105469,39.08000183105469,1254.0
2024-10-25 12:33:00+00:00,CLSK,11.82040023803711,11.82040023803711,11.820899963378906,11.8100004196167,11.814000129699707,27071.0
2024-10-25 12:33:00+00:00,COHR,95.27999877929688,95.27999877929688,95.30999755859375,95.2750015258789,95.2750015258789,4963.0
2024-10-25 12:33:00+00:00,COHU,26.274999618530273,26.274999618530273,26.274999618530273,26.239999771118164,26.239999771118164,2582.0
2024-10-25 12:33:00+00:00,COIN,209.0,209.0,209.07000732421875,208.94000244140625,209.07000732421875,1998.0
2024-10-25 12:33:00+00:00,COMM,6.315000057220459,6.315000057220459,6.315000057220459,6.311699867248535,6.315000057220459,712.0
2024-10-25 12:33:00+00:00,CORZ,13.364999771118164,13.364999771118164,13.364999771118164,13.364999771118164,13.364999771118164,840.0
2024-10-25 12:33:00+00:00,CRCT,6.599999904632568,6.599999904632568,6.599999904632568,6.599999904632568,6.599999904632568,202.0
2024-10-25 12:33:00+00:00,CRDO,39.859901428222656,39.859901428222656,39.86000061035156,39.84000015258789,39.84000015258789,1525.0
2024-10-25 12:33:00+00:00,CRNC,2.870800018310547,2.870800018310547,2.870800018310547,2.869999885559082,2.869999885559082,5022.0
2024-10-25 12:33:00+00:00,CRUS,123.54000091552734,123.54000091552734,123.61000061035156,123.54000091552734,123.61000061035156,1552.0
2024-10-25 12:33:00+00:00,CRWD,310.7799987792969,310.7799987792969,310.7799987792969,310.4320068359375,310.4320068359375,3236.0
2024-10-25 12:33:00+00:00,CSCO,55.97999954223633,55.97999954223633,55.97999954223633,55.96500015258789,55.970001220703125,7734.0
2024-10-25 12:33:00+00:00,CSIQ,13.850000381469727,13.850000381469727,13.850000381469727,13.81779956817627,13.81779956817627,1206.0
2024-10-25 12:33:00+00:00,CTSH,75.05000305175781,75.05000305175781,75.05000305175781,75.02999877929688,75.02999877929688,770.0
2024-10-25 12:33:00+00:00,CVLT,134.35000610351562,134.35000610351562,134.35000610351562,134.35000610351562,134.35000610351562,480.0
2024-10-25 12:33:00+00:00,DAVE,39.53499984741211,39.53499984741211,39.53499984741211,39.53499984741211,39.53499984741211,590.0
2024-10-25 12:33:00+00:00,DDOG,127.62000274658203,127.62000274658203,127.6355972290039,127.61000061035156,127.61000061035156,4929.0
2024-10-25 12:33:00+00:00,DGHI,1.600000023841858,1.600000023841858,1.600000023841858,1.5995999574661255,1.600000023841858,1891.0
2024-10-25 12:33:00+00:00,DLO,8.824999809265137,8.824999809265137,8.82610034942627,8.819999694824219,8.824999809265137,1331.0
2024-10-25 12:33:00+00:00,DOCU,69.94129943847656,69.94129943847656,69.97000122070312,69.94129943847656,69.95999908447266,3025.0
2024-10-25 12:33:00+00:00,DUOL,289.92999267578125,289.92999267578125,290.04998779296875,289.92999267578125,289.92999267578125,1011.0
2024-10-25 12:33:00+00:00,ENPH,83.55000305175781,83.55000305175781,83.5999984741211,83.55000305175781,83.55000305175781,2917.0
2024-10-25 12:33:00+00:00,ENTG,105.83000183105469,105.83000183105469,105.87000274658203,105.83000183105469,105.87000274658203,1053.0
2024-10-25 12:33:00+00:00,ERIC,8.473999977111816,8.473999977111816,8.473999977111816,8.473999977111816,8.473999977111816,4217.0
2024-10-25 12:33:00+00:00,EXLS,38.90999984741211,38.90999984741211,38.90999984741211,38.90999984741211,38.90999984741211,117.0
2024-10-25 12:33:00+00:00,EXTR,14.479999542236328,14.479999542236328,14.479999542236328,14.479999542236328,14.479999542236328,767.0
2024-10-25 12:33:00+00:00,FARO,17.959999084472656,17.959999084472656,17.959999084472656,17.959999084472656,17.959999084472656,371.0
2024-10-25 12:33:00+00:00,FFIV,216.6199951171875,216.6199951171875,216.6199951171875,216.6199951171875,216.6199951171875,106.0
2024-10-25 12:33:00+00:00,FLEX,35.400001525878906,35.400001525878906,35.400001525878906,35.380001068115234,35.380001068115234,3268.0
2024-10-25 12:33:00+00:00,FLYW,17.530000686645508,17.530000686645508,17.530000686645508,17.530000686645508,17.530000686645508,256.0
2024-10-25 12:33:00+00:00,FORM,45.22999954223633,45.22999954223633,45.22999954223633,45.22999954223633,45.22999954223633,241.0
2024-10-25 12:33:00+00:00,FROG,29.489999771118164,29.489999771118164,29.489999771118164,29.489999771118164,29.489999771118164,135.0
2024-10-25 12:33:00+00:00,FSLR,199.9550018310547,199.9550018310547,199.9550018310547,199.9550018310547,199.9550018310547,310.0
2024-10-25 12:33:00+00:00,FTCI,0.660099983215332,0.660099983215332,0.660099983215332,0.660099983215332,0.660099983215332,515.0
2024-10-25 12:33:00+00:00,FTNT,81.41999816894531,81.41999816894531,81.41999816894531,81.4000015258789,81.4000015258789,1429.0
2024-10-25 12:33:00+00:00,GCT,24.8700008392334,24.8700008392334,24.882600784301758,24.8700008392334,24.882600784301758,854.0
2024-10-25 12:33:00+00:00,GDS,21.499900817871094,21.499900817871094,21.499900817871094,21.499900817871094,21.499900817871094,815.0
2024-10-25 12:33:00+00:00,GRAB,4.085000038146973,4.085000038146973,4.085000038146973,4.085000038146973,4.085000038146973,3386.0
2024-10-25 12:33:00+00:00,GSIT,3.4765000343322754,3.4765000343322754,3.4765000343322754,3.4765000343322754,3.4765000343322754,800.0
2024-10-25 12:33:00+00:00,GTLB,55.7400016784668,55.7400016784668,55.77000045776367,55.7400016784668,55.77000045776367,491.0
2024-10-25 12:33:00+00:00,HCP,33.69499969482422,33.69499969482422,33.70000076293945,33.689998626708984,33.689998626708984,53631.0
2024-10-25 12:33:00+00:00,HIMX,6.184999942779541,6.184999942779541,6.184999942779541,6.184999942779541,6.184999942779541,125.0
2024-10-25 12:33:00+00:00,HLIT,14.760000228881836,14.760000228881836,14.760000228881836,14.760000228881836,14.760000228881836,227.0
2024-10-25 12:33:00+00:00,HOLO,3.690000057220459,3.690000057220459,3.6907999515533447,3.680000066757202,3.680000066757202,2795.0
2024-10-25 12:33:00+00:00,HOOD,27.329999923706055,27.329999923706055,27.329999923706055,27.325000762939453,27.329999923706055,5244.0
2024-10-25 12:33:00+00:00,IBEX,18.1299991607666,18.1299991607666,18.1299991607666,18.1299991607666,18.1299991607666,510.0
2024-10-25 12:33:00+00:00,ICHR,27.78499984741211,27.78499984741211,27.78499984741211,27.78499984741211,27.78499984741211,150.0
2024-10-25 12:33:00+00:00,IDN,2.359999895095825,2.359999895095825,2.359999895095825,2.359999895095825,2.359999895095825,159.0
2024-10-25 12:33:00+00:00,IMTE,1.690000057220459,1.690000057220459,1.690000057220459,1.690000057220459,1.690000057220459,21.0
2024-10-25 12:33:00+00:00,INDI,3.5850000381469727,3.5850000381469727,3.5899999141693115,3.5799999237060547,3.5799999237060547,24099.0
2024-10-25 12:33:00+00:00,INFN,6.789999961853027,6.789999961853027,6.789999961853027,6.789999961853027,6.789999961853027,134.0
2024-10-25 12:33:00+00:00,INOD,20.020000457763672,20.020000457763672,20.020000457763672,19.9950008392334,19.9950008392334,605.0
2024-10-25 12:33:00+00:00,INTA,50.26499938964844,50.26499938964844,50.290000915527344,50.2599983215332,50.290000915527344,5221.0
2024-10-25 12:33:00+00:00,INTC,23.149999618530273,23.149999618530273,23.149999618530273,23.139999389648438,23.145000457763672,18621.0
2024-10-25 12:33:00+00:00,IPGP,77.16999816894531,77.16999816894531,77.16999816894531,77.16000366210938,77.16000366210938,1022.0
2024-10-25 12:33:00+00:00,JAMF,16.829999923706055,16.829999923706055,16.829999923706055,16.829999923706055,16.829999923706055,354.0
2024-10-25 12:33:00+00:00,JG,7.440000057220459,7.440000057220459,7.449999809265137,7.340000152587891,7.449999809265137,2023.0
2024-10-25 12:33:00+00:00,JKHY,184.16000366210938,184.16000366210938,184.16000366210938,184.07470703125,184.07470703125,1324.0
2024-10-25 12:33:00+00:00,KC,2.7249999046325684,2.7249999046325684,2.7249999046325684,2.7249999046325684,2.7249999046325684,2771.0
2024-10-25 12:33:00+00:00,KLAC,681.1505126953125,681.1505126953125,681.1505126953125,680.8049926757812,680.8049926757812,1265.0
2024-10-25 12:33:00+00:00,KLIC,44.38999938964844,44.38999938964844,44.38999938964844,44.37739944458008,44.37739944458008,498.0
2024-10-25 12:33:00+00:00,LFUS,255.27999877929688,255.27999877929688,255.27999877929688,255.27999877929688,255.27999877929688,859.0
2024-10-25 12:33:00+00:00,LINK,5.03000020980835,5.03000020980835,5.03000020980835,5.0005998611450195,5.0005998611450195,261.0
2024-10-25 12:33:00+00:00,LITE,64.38999938964844,64.38999938964844,64.38999938964844,64.33999633789062,64.35250091552734,2200.0
2024-10-25 12:33:00+00:00,LPSN,1.1699999570846558,1.1699999570846558,1.1699999570846558,1.1699999570846558,1.1699999570846558,178.0
2024-10-25 12:33:00+00:00,LRCX,79.06999969482422,79.06999969482422,79.08000183105469,79.04499816894531,79.04499816894531,7997.0
2024-10-25 12:33:00+00:00,LSCC,54.564998626708984,54.564998626708984,54.564998626708984,54.560001373291016,54.560001373291016,278.0
2024-10-25 12:33:00+00:00,LUNA,1.815000057220459,1.815000057220459,1.815000057220459,1.815000057220459,1.815000057220459,28.0
2024-10-25 12:33:00+00:00,LYFT,13.8100004196167,13.8100004196167,13.8100004196167,13.795000076293945,13.795000076293945,8231.0
2024-10-25 12:33:00+00:00,MANH,276.5,276.5,276.5,276.489990234375,276.489990234375,529.0
2024-10-25 12:33:00+00:00,MCHP,77.02999877929688,77.02999877929688,77.02999877929688,77.02999877929688,77.02999877929688,1081.0
2024-10-25 12:33:00+00:00,MDB,268.635009765625,268.635009765625,268.8500061035156,268.6300048828125,268.6300048828125,1297.0
2024-10-25 12:33:00+00:00,MITK,8.789999961853027,8.789999961853027,8.789999961853027,8.789999961853027,8.789999961853027,227.0
2024-10-25 12:33:00+00:00,MKSI,101.05500030517578,101.05500030517578,101.05500030517578,101.05500030517578,101.05500030517578,123.0
2024-10-25 12:33:00+00:00,MKTW,0.5799999833106995,0.5799999833106995,0.5799999833106995,0.5799999833106995,0.5799999833106995,500.0
2024-10-25 12:33:00+00:00,MPWR,923.3200073242188,923.3200073242188,923.3200073242188,922.5549926757812,923.0999755859375,905.0
2024-10-25 12:33:00+00:00,MQ,5.295000076293945,5.295000076293945,5.295000076293945,5.295000076293945,5.295000076293945,1435.0
2024-10-25 12:33:00+00:00,MRVL,82.94999694824219,82.94999694824219,82.97000122070312,82.93800354003906,82.94000244140625,4900.0
2024-10-25 12:33:00+00:00,MSFT,430.4849853515625,430.4849853515625,430.54998779296875,430.4599914550781,430.4949951171875,7933.0
2024-10-25 12:33:00+00:00,MSTR,238.90980529785156,238.90980529785156,239.1999969482422,238.66000366210938,239.0800018310547,14582.0
2024-10-25 12:33:00+00:00,MTC,0.3686999976634979,0.3686999976634979,0.3686999976634979,0.3686999976634979,0.3686999976634979,3875.0
2024-10-25 12:33:00+00:00,MTSI,120.94999694824219,120.94999694824219,120.94999694824219,120.94999694824219,120.94999694824219,1053.0
2024-10-25 12:33:00+00:00,MTTR,4.65500020980835,4.65500020980835,4.65500020980835,4.654200077056885,4.65500020980835,2079.0
2024-10-25 12:33:00+00:00,MU,109.11000061035156,109.11000061035156,109.11000061035156,109.0979995727539,109.10600280761719,1433.0
2024-10-25 12:33:00+00:00,MVIS,1.100000023841858,1.100000023841858,1.100000023841858,1.100000023841858,1.100000023841858,289.0
2024-10-25 12:33:00+00:00,MXL,15.199999809265137,15.199999809265137,15.204999923706055,15.199999809265137,15.204999923706055,1128.0
2024-10-25 12:33:00+00:00,NEON,8.170000076293945,8.170000076293945,8.170000076293945,8.170000076293945,8.170000076293945,2341.0
2024-10-25 12:33:00+00:00,NTAP,120.43000030517578,120.43000030517578,120.43000030517578,120.43000030517578,120.43000030517578,319.0
2024-10-25 12:33:00+00:00,NTGR,20.34000015258789,20.34000015258789,20.34000015258789,20.34000015258789,20.34000015258789,1513.0
2024-10-25 12:33:00+00:00,NVDA,143.5050048828125,143.5050048828125,143.50990295410156,143.4550018310547,143.4873046875,103992.0
2024-10-25 12:33:00+00:00,NVEI,33.52000045776367,33.52000045776367,33.52000045776367,33.52000045776367,33.52000045776367,201.0
2024-10-25 12:33:00+00:00,NVTS,2.6089000701904297,2.6089000701904297,2.6089000701904297,2.6050000190734863,2.6050000190734863,1465.0
2024-10-25 12:33:00+00:00,NXPI,245.375,245.375,245.3800048828125,245.36000061035156,245.3699951171875,1327.0
2024-10-25 12:33:00+00:00,OKTA,72.625,72.625,72.625,72.62000274658203,72.62000274658203,426.0
2024-10-25 12:33:00+00:00,ON,72.05999755859375,72.05999755859375,72.06999969482422,72.01000213623047,72.04000091552734,7202.0
2024-10-25 12:33:00+00:00,OSPN,14.640000343322754,14.640000343322754,14.640000343322754,14.640000343322754,14.640000343322754,631.0
2024-10-25 12:33:00+00:00,PAYO,8.305000305175781,8.305000305175781,8.305000305175781,8.305000305175781,8.305000305175781,556.0
2024-10-25 12:33:00+00:00,PEGA,80.2750015258789,80.2750015258789,80.33000183105469,80.2699966430664,80.27999877929688,2231.0
2024-10-25 12:33:00+00:00,PEGY,4.690000057220459,4.690000057220459,4.769999980926514,4.670000076293945,4.769999980926514,8149.0
2024-10-25 12:33:00+00:00,PGY,11.859999656677246,11.859999656677246,11.869999885559082,11.859999656677246,11.869999885559082,6415.0
2024-10-25 12:33:00+00:00,PHUN,10.32800006866455,10.32800006866455,10.355999946594238,10.300000190734863,10.300200462341309,31209.0
2024-10-25 12:33:00+00:00,PI,204.47000122070312,204.47000122070312,204.47000122070312,204.26499938964844,204.26499938964844,1221.0
2024-10-25 12:33:00+00:00,PLUS,98.1624984741211,98.1624984741211,98.1624984741211,98.1624984741211,98.1624984741211,378.0
2024-10-25 12:33:00+00:00,PTC,186.9949951171875,186.9949951171875,186.9949951171875,186.9949951171875,186.9949951171875,161.0
2024-10-25 12:33:00+00:00,PUBM,14.890000343322754,14.890000343322754,14.890000343322754,14.890000343322754,14.890000343322754,989.0
2024-10-25 12:33:00+00:00,PYCR,14.335000038146973,14.335000038146973,14.335399627685547,14.335000038146973,14.335000038146973,1393.0
2024-10-25 12:33:00+00:00,QCOM,172.69500732421875,172.69500732421875,172.69500732421875,172.6569061279297,172.6750030517578,2152.0
2024-10-25 12:33:00+00:00,QLYS,120.48999786376953,120.48999786376953,120.5,120.48999786376953,120.5,1389.0
2024-10-25 12:33:00+00:00,QRVO,100.25,100.25,100.25,100.25,100.25,237.0
2024-10-25 12:33:00+00:00,QUBT,1.065000057220459,1.065000057220459,1.065000057220459,1.065000057220459,1.065000057220459,1106.0
2024-10-25 12:33:00+00:00,RCAT,2.755000114440918,2.755000114440918,2.755000114440918,2.755000114440918,2.755000114440918,248.0
2024-10-25 12:33:00+00:00,RELL,14.0,14.0,14.0,14.0,14.0,1120.0
2024-10-25 12:33:00+00:00,RELY,14.84000015258789,14.84000015258789,14.84000015258789,14.789999961853027,14.8100004196167,6205.0
2024-10-25 12:33:00+00:00,RGTI,1.2100000381469727,1.2100000381469727,1.2100000381469727,1.2100000381469727,1.2100000381469727,4983.0
2024-10-25 12:33:00+00:00,RGTIW,0.19499999284744263,0.19499999284744263,0.19509999454021454,0.19499999284744263,0.19509999454021454,0.0
2024-10-25 12:33:00+00:00,RIOT,10.030599594116211,10.030599594116211,10.039999961853027,10.020000457763672,10.030099868774414,45432.0
2024-10-25 12:33:00+00:00,RMBS,43.619998931884766,43.619998931884766,43.619998931884766,43.59000015258789,43.59000015258789,582.0
2024-10-25 12:33:00+00:00,RUM,5.704999923706055,5.704999923706055,5.704999923706055,5.704999923706055,5.704999923706055,681.0
2024-10-25 12:33:00+00:00,RUN,14.454999923706055,14.454999923706055,14.454999923706055,14.444999694824219,14.444999694824219,5648.0
2024-10-25 12:33:00+00:00,RXT,2.549999952316284,2.549999952316284,2.555000066757202,2.549799919128418,2.549799919128418,11799.0
2024-10-25 12:33:00+00:00,SATS,25.084999084472656,25.084999084472656,25.1200008392334,25.084999084472656,25.1200008392334,1490.0
2024-10-25 12:33:00+00:00,SEDG,16.190000534057617,16.190000534057617,16.204999923706055,16.190000534057617,16.200000762939453,1895.0
2024-10-25 12:33:00+00:00,SHLS,5.320000171661377,5.320000171661377,5.324999809265137,5.320000171661377,5.320000171661377,7658.0
2024-10-25 12:33:00+00:00,SIMO,57.19499969482422,57.19499969482422,57.19499969482422,57.185001373291016,57.185001373291016,1509.0
2024-10-25 12:33:00+00:00,SKYT,10.774999618530273,10.774999618530273,10.774999618530273,10.774999618530273,10.774999618530273,323.0
2024-10-25 12:33:00+00:00,SLNHP,13.100000381469727,13.100000381469727,13.100000381469727,13.100000381469727,13.100000381469727,200.0
2024-10-25 12:33:00+00:00,SMCI,47.9635009765625,47.9635009765625,47.97999954223633,47.93870162963867,47.97999954223633,26887.0
2024-10-25 12:33:00+00:00,SONO,12.819999694824219,12.819999694824219,12.819999694824219,12.819999694824219,12.819999694824219,1368.0
2024-10-25 12:33:00+00:00,SOUN,5.287399768829346,5.287399768829346,5.287399768829346,5.283999919891357,5.284999847412109,2857.0
2024-10-25 12:33:00+00:00,SPSC,171.88499450683594,171.88499450683594,171.88499450683594,171.88499450683594,171.88499450683594,354.0
2024-10-25 12:33:00+00:00,SRAD,12.390000343322754,12.390000343322754,12.390000343322754,12.387999534606934,12.390000343322754,1020.0
2024-10-25 12:33:00+00:00,SSNC,69.67500305175781,69.67500305175781,69.69999694824219,69.67500305175781,69.69999694824219,7177.0
2024-10-25 12:33:00+00:00,STER,16.739999771118164,16.739999771118164,16.739999771118164,16.739999771118164,16.739999771118164,166.0
2024-10-25 12:33:00+00:00,STNE,11.494999885559082,11.494999885559082,11.494999885559082,11.494999885559082,11.494999885559082,2399.0
2024-10-25 12:33:00+00:00,STX,104.0199966430664,104.0199966430664,104.08999633789062,104.0199966430664,104.08999633789062,2059.0
2024-10-25 12:33:00+00:00,SVRE,0.08100000023841858,0.08100000023841858,0.08100000023841858,0.08100000023841858,0.08100000023841858,28441.0
2024-10-25 12:33:00+00:00,SWKS,96.48500061035156,96.48500061035156,96.48500061035156,96.45999908447266,96.48500061035156,1151.0
2024-10-25 12:33:00+00:00,SYTA,1.2949999570846558,1.2949999570846558,1.2949999570846558,1.2949999570846558,1.2949999570846558,2046.0
2024-10-25 12:33:00+00:00,TEAM,190.85499572753906,190.85499572753906,190.85499572753906,190.85499572753906,190.85499572753906,103.0
2024-10-25 12:33:00+00:00,TENB,41.79999923706055,41.79999923706055,41.849998474121094,41.79999923706055,41.810001373291016,3098.0
2024-10-25 12:33:00+00:00,TER,112.80000305175781,112.80000305175781,112.80000305175781,112.7699966430664,112.7699966430664,1742.0
2024-10-25 12:33:00+00:00,TRMB,61.18000030517578,61.18000030517578,61.18000030517578,61.18000030517578,61.18000030517578,896.0
2024-10-25 12:33:00+00:00,TTD,119.69000244140625,119.69000244140625,119.69000244140625,119.68710327148438,119.68710327148438,796.0
2024-10-25 12:33:00+00:00,TTMI,19.56999969482422,19.56999969482422,19.56999969482422,19.56999969482422,19.56999969482422,814.0
2024-10-25 12:33:00+00:00,TWKS,4.449999809265137,4.449999809265137,4.449999809265137,4.449999809265137,4.449999809265137,5346.0
2024-10-25 12:33:00+00:00,TXN,209.0500030517578,209.0500030517578,209.0500030517578,209.0050048828125,209.0500030517578,1198.0
2024-10-25 12:33:00+00:00,UCTT,36.119998931884766,36.119998931884766,36.130001068115234,36.119998931884766,36.130001068115234,1272.0
2024-10-25 12:33:00+00:00,UPLD,2.184999942779541,2.184999942779541,2.184999942779541,2.184999942779541,2.184999942779541,101.0
2024-10-25 12:33:00+00:00,VECO,29.479999542236328,29.479999542236328,29.489999771118164,29.479999542236328,29.489999771118164,2265.0
2024-10-25 12:33:00+00:00,VERI,3.4193999767303467,3.4193999767303467,3.4193999767303467,3.4193999767303467,3.4193999767303467,194.0
2024-10-25 12:33:00+00:00,VICR,46.709999084472656,46.709999084472656,46.709999084472656,46.709999084472656,46.709999084472656,599.0
2024-10-25 12:33:00+00:00,VMEO,4.78000020980835,4.78000020980835,4.78000020980835,4.78000020980835,4.78000020980835,343.0
2024-10-25 12:33:00+00:00,VNET,3.4600000381469727,3.4600000381469727,3.4679999351501465,3.4600000381469727,3.4679999351501465,1958.0
2024-10-25 12:33:00+00:00,VRNS,57.099998474121094,57.099998474121094,57.099998474121094,57.099998474121094,57.099998474121094,187.0
2024-10-25 12:33:00+00:00,VRSN,186.0,186.0,186.0,186.0,186.0,307.0
2024-10-25 12:33:00+00:00,WDAY,239.75999450683594,239.75999450683594,239.7899932861328,239.75999450683594,239.7899932861328,952.0
2024-10-25 12:33:00+00:00,WDC,71.54000091552734,71.54000091552734,71.55999755859375,71.47000122070312,71.47000122070312,16169.0
2024-10-25 12:33:00+00:00,WISA,1.909999966621399,1.909999966621399,1.909999966621399,1.9009000062942505,1.9049999713897705,5516.0
2024-10-25 12:33:00+00:00,XRX,10.095000267028809,10.095000267028809,10.095000267028809,10.093500137329102,10.095000267028809,476.0
2024-10-25 12:33:00+00:00,ZI,10.545000076293945,10.545000076293945,10.550000190734863,10.545000076293945,10.550000190734863,7333.0
2024-10-25 12:33:00+00:00,ZM,73.1719970703125,73.1719970703125,73.1719970703125,73.1719970703125,73.1719970703125,567.0
2024-10-25 12:33:00+00:00,ZS,186.89500427246094,186.89500427246094,186.89500427246094,186.89500427246094,186.89500427246094,115.0
2024-10-25 12:34:00+00:00,AAOI,18.110000610351562,18.110000610351562,18.18000030517578,18.110000610351562,18.18000030517578,1308.0
2024-10-25 12:34:00+00:00,AAPL,232.52499389648438,232.52499389648438,232.55999755859375,232.47500610351562,232.50030517578125,30617.0
2024-10-25 12:34:00+00:00,ACMR,20.077999114990234,20.077999114990234,20.077999114990234,20.06999969482422,20.070100784301758,2754.0
2024-10-25 12:34:00+00:00,ADBE,485.3699951171875,485.3699951171875,485.4530944824219,485.239990234375,485.2799987792969,3486.0
2024-10-25 12:34:00+00:00,ADI,233.66000366210938,233.66000366210938,233.69500732421875,233.66000366210938,233.67999267578125,1051.0
2024-10-25 12:34:00+00:00,ADSK,287.0799865722656,287.0799865722656,287.0799865722656,287.0799865722656,287.0799865722656,238.0
2024-10-25 12:34:00+00:00,AEHR,17.139999389648438,17.139999389648438,17.165000915527344,17.125,17.139999389648438,2345.0
2024-10-25 12:34:00+00:00,AFRM,41.826499938964844,41.826499938964844,41.900001525878906,41.826499938964844,41.900001525878906,4466.0
2024-10-25 12:34:00+00:00,AKAM,103.01000213623047,103.01000213623047,103.04499816894531,103.01000213623047,103.04499816894531,1555.0
2024-10-25 12:34:00+00:00,ALGM,22.940000534057617,22.940000534057617,22.940000534057617,22.889999389648438,22.920000076293945,16631.0
2024-10-25 12:34:00+00:00,ALKT,38.33000183105469,38.33000183105469,38.33000183105469,38.33000183105469,38.33000183105469,288.0
2024-10-25 12:34:00+00:00,AMAT,188.57000732421875,188.57000732421875,188.57000732421875,188.44500732421875,188.44500732421875,4505.0
2024-10-25 12:34:00+00:00,AMD,158.18499755859375,158.18499755859375,158.19000244140625,158.0800018310547,158.08999633789062,46780.0
2024-10-25 12:34:00+00:00,AMKR,30.050100326538086,30.050100326538086,30.050100326538086,30.050100326538086,30.050100326538086,2761.0
2024-10-25 12:34:00+00:00,AMST,2.920099973678589,2.920099973678589,2.920099973678589,2.9000000953674316,2.9000000953674316,168.0
2024-10-25 12:34:00+00:00,AOSL,36.6150016784668,36.6150016784668,36.66999816894531,36.559898376464844,36.559898376464844,1025.0
2024-10-25 12:34:00+00:00,API,2.8350000381469727,2.8350000381469727,2.8350000381469727,2.8350000381469727,2.8350000381469727,250.0
2024-10-25 12:34:00+00:00,APP,162.53500366210938,162.53500366210938,162.5800018310547,162.4499969482422,162.4600067138672,4662.0
2024-10-25 12:34:00+00:00,APPS,3.065000057220459,3.065000057220459,3.065000057220459,3.059999942779541,3.059999942779541,3645.0
2024-10-25 12:34:00+00:00,ARRY,6.539999961853027,6.539999961853027,6.550000190734863,6.539999961853027,6.550000190734863,6940.0
2024-10-25 12:34:00+00:00,ASML,719.0999755859375,719.0999755859375,719.0999755859375,718.4204711914062,718.510498046875,3964.0
2024-10-25 12:34:00+00:00,ASUR,9.600000381469727,9.600000381469727,9.600000381469727,9.600000381469727,9.600000381469727,255.0
2024-10-25 12:34:00+00:00,AUR,6.454999923706055,6.454999923706055,6.454999923706055,6.449999809265137,6.449999809265137,4705.0
2024-10-25 12:34:00+00:00,AVDX,8.164999961853027,8.164999961853027,8.164999961853027,8.164999961853027,8.164999961853027,286.0
2024-10-25 12:34:00+00:00,AVGO,176.2032928466797,176.2032928466797,176.2100067138672,176.10000610351562,176.1199951171875,20616.0
2024-10-25 12:34:00+00:00,AVNW,21.049999237060547,21.049999237060547,21.079999923706055,21.049999237060547,21.079999923706055,310.0
2024-10-25 12:34:00+00:00,AVPT,12.039999961853027,12.039999961853027,12.039999961853027,12.01990032196045,12.020000457763672,1206.0
2024-10-25 12:34:00+00:00,AVT,54.14649963378906,54.14649963378906,54.16999816894531,54.130001068115234,54.16999816894531,4598.0
2024-10-25 12:34:00+00:00,AXTI,2.7100000381469727,2.7100000381469727,2.7100000381469727,2.7100000381469727,2.7100000381469727,654.0
2024-10-25 12:34:00+00:00,BLIN,1.090000033378601,1.090000033378601,1.0994000434875488,1.090000033378601,1.0994000434875488,600.0
2024-10-25 12:34:00+00:00,BRZE,30.780000686645508,30.780000686645508,30.780000686645508,30.780000686645508,30.780000686645508,1141.0
2024-10-25 12:34:00+00:00,BSY,49.290000915527344,49.290000915527344,49.290000915527344,49.2677001953125,49.272701263427734,653.0
2024-10-25 12:34:00+00:00,CAN,0.9918000102043152,0.9918000102043152,0.9919000267982483,0.9904999732971191,0.9919000267982483,16517.0
2024-10-25 12:34:00+00:00,CDNS,259.2799987792969,259.2799987792969,259.2799987792969,259.2799987792969,259.2799987792969,3060.0
2024-10-25 12:34:00+00:00,CETX,0.30149999260902405,0.30149999260902405,0.30149999260902405,0.30149999260902405,0.30149999260902405,10411.0
2024-10-25 12:34:00+00:00,CFLT,22.68000030517578,22.68000030517578,22.704999923706055,22.68000030517578,22.700000762939453,4740.0
2024-10-25 12:34:00+00:00,CGNX,39.09000015258789,39.09000015258789,39.09000015258789,39.09000015258789,39.09000015258789,733.0
2024-10-25 12:34:00+00:00,CLBT,18.14349937438965,18.14349937438965,18.14349937438965,18.14349937438965,18.14349937438965,763.0
2024-10-25 12:34:00+00:00,CLSK,11.8149995803833,11.8149995803833,11.838800430297852,11.810500144958496,11.824999809265137,51980.0
2024-10-25 12:34:00+00:00,CNXC,45.119998931884766,45.119998931884766,45.119998931884766,45.11000061035156,45.11000061035156,1122.0
2024-10-25 12:34:00+00:00,COHR,95.37999725341797,95.37999725341797,95.38999938964844,95.29499816894531,95.30999755859375,2377.0
2024-10-25 12:34:00+00:00,COIN,209.10499572753906,209.10499572753906,209.28860473632812,209.00929260253906,209.0800018310547,8659.0
2024-10-25 12:34:00+00:00,CORZ,13.350000381469727,13.350000381469727,13.369999885559082,13.350000381469727,13.369999885559082,2583.0
2024-10-25 12:34:00+00:00,CRCT,6.599999904632568,6.599999904632568,6.599999904632568,6.599999904632568,6.599999904632568,290.0
2024-10-25 12:34:00+00:00,CRDO,39.84000015258789,39.84000015258789,39.880001068115234,39.84000015258789,39.880001068115234,2226.0
2024-10-25 12:34:00+00:00,CRNC,2.869999885559082,2.869999885559082,2.869999885559082,2.869999885559082,2.869999885559082,7952.0
2024-10-25 12:34:00+00:00,CRSR,6.445000171661377,6.445000171661377,6.445000171661377,6.445000171661377,6.445000171661377,576.0
2024-10-25 12:34:00+00:00,CRUS,123.55500030517578,123.55500030517578,123.55500030517578,123.51000213623047,123.51000213623047,612.0
2024-10-25 12:34:00+00:00,CRWD,310.5899963378906,310.5899963378906,310.739501953125,310.54998779296875,310.6199951171875,2313.0
2024-10-25 12:34:00+00:00,CSCO,55.974998474121094,55.974998474121094,55.97999954223633,55.9718017578125,55.97999954223633,9975.0
2024-10-25 12:34:00+00:00,CSGS,47.709999084472656,47.709999084472656,47.709999084472656,47.709999084472656,47.709999084472656,311.0
2024-10-25 12:34:00+00:00,CSIQ,13.829999923706055,13.829999923706055,13.850000381469727,13.829999923706055,13.84000015258789,2682.0
2024-10-25 12:34:00+00:00,CTLP,8.925000190734863,8.925000190734863,8.925000190734863,8.925000190734863,8.925000190734863,749.0
2024-10-25 12:34:00+00:00,CTSH,75.0,75.0,75.02999877929688,75.0,75.02999877929688,1194.0
2024-10-25 12:34:00+00:00,CVLT,134.3699951171875,134.3699951171875,134.3699951171875,134.2700958251953,134.2700958251953,1386.0
2024-10-25 12:34:00+00:00,DATS,1.7200000286102295,1.7200000286102295,1.7200000286102295,1.7200000286102295,1.7200000286102295,1336.0
2024-10-25 12:34:00+00:00,DBX,26.045000076293945,26.045000076293945,26.045000076293945,26.0408992767334,26.0408992767334,2481.0
2024-10-25 12:34:00+00:00,DDOG,127.62999725341797,127.62999725341797,127.6500015258789,127.62999725341797,127.63999938964844,5893.0
2024-10-25 12:34:00+00:00,DLO,8.824999809265137,8.824999809265137,8.824999809265137,8.824999809265137,8.824999809265137,232.0
2024-10-25 12:34:00+00:00,DOCU,69.97000122070312,69.97000122070312,69.97000122070312,69.95999908447266,69.95999908447266,1338.0
2024-10-25 12:34:00+00:00,DTSS,2.450000047683716,2.450000047683716,2.450000047683716,2.450000047683716,2.450000047683716,100.0
2024-10-25 12:34:00+00:00,EEFT,100.04019927978516,100.04019927978516,100.04019927978516,100.04019927978516,100.04019927978516,734.0
2024-10-25 12:34:00+00:00,ENPH,83.61000061035156,83.61000061035156,83.63999938964844,83.55999755859375,83.55999755859375,5956.0
2024-10-25 12:34:00+00:00,ENTG,105.8499984741211,105.8499984741211,105.88999938964844,105.8499984741211,105.88999938964844,2504.0
2024-10-25 12:34:00+00:00,ERIC,8.479499816894531,8.479499816894531,8.479499816894531,8.475000381469727,8.47599983215332,10765.0
2024-10-25 12:34:00+00:00,EXFY,1.725000023841858,1.725000023841858,1.725000023841858,1.725000023841858,1.725000023841858,89.0
2024-10-25 12:34:00+00:00,EXLS,38.91999816894531,38.91999816894531,38.91999816894531,38.91999816894531,38.91999816894531,628.0
2024-10-25 12:34:00+00:00,EXTR,14.479999542236328,14.479999542236328,14.479999542236328,14.479999542236328,14.479999542236328,365.0
2024-10-25 12:34:00+00:00,FFIV,216.69000244140625,216.69000244140625,216.69000244140625,216.69000244140625,216.69000244140625,260.0
2024-10-25 12:34:00+00:00,FIVN,30.049999237060547,30.049999237060547,30.059999465942383,30.040000915527344,30.059999465942383,1547.0
2024-10-25 12:34:00+00:00,FLEX,35.404998779296875,35.404998779296875,35.404998779296875,35.404998779296875,35.404998779296875,495.0
2024-10-25 12:34:00+00:00,FLYW,17.530000686645508,17.530000686645508,17.530000686645508,17.530000686645508,17.530000686645508,160.0
2024-10-25 12:34:00+00:00,FROG,29.469999313354492,29.469999313354492,29.469999313354492,29.469999313354492,29.469999313354492,557.0
2024-10-25 12:34:00+00:00,FRSH,11.6850004196167,11.6850004196167,11.6850004196167,11.6850004196167,11.6850004196167,837.0
2024-10-25 12:34:00+00:00,FSLR,199.97999572753906,199.97999572753906,200.0800018310547,199.9499969482422,200.0800018310547,2172.0
2024-10-25 12:34:00+00:00,FTNT,81.41000366210938,81.41000366210938,81.41999816894531,81.41000366210938,81.41000366210938,1428.0
2024-10-25 12:34:00+00:00,GCT,24.899999618530273,24.899999618530273,24.899999618530273,24.899999618530273,24.899999618530273,1082.0
2024-10-25 12:34:00+00:00,GDS,21.579999923706055,21.579999923706055,21.59000015258789,21.489999771118164,21.489999771118164,3034.0
2024-10-25 12:34:00+00:00,GFS,41.18000030517578,41.18000030517578,41.18000030517578,41.18000030517578,41.18000030517578,767.0
2024-10-25 12:34:00+00:00,GPRO,1.3300000429153442,1.3300000429153442,1.340000033378601,1.3300000429153442,1.3350000381469727,853.0
2024-10-25 12:34:00+00:00,GRAB,4.085000038146973,4.085000038146973,4.089900016784668,4.081200122833252,4.085000038146973,7482.0
2024-10-25 12:34:00+00:00,GTLB,55.809898376464844,55.809898376464844,55.809898376464844,55.77199935913086,55.790000915527344,662.0
2024-10-25 12:34:00+00:00,HCKT,24.889999389648438,24.889999389648438,24.889999389648438,24.889999389648438,24.889999389648438,129.0
2024-10-25 12:34:00+00:00,HCP,33.689998626708984,33.689998626708984,33.689998626708984,33.689998626708984,33.689998626708984,1128.0
2024-10-25 12:34:00+00:00,HIMX,6.184999942779541,6.184999942779541,6.184999942779541,6.184999942779541,6.184999942779541,686.0
2024-10-25 12:34:00+00:00,HOLO,3.680000066757202,3.680000066757202,3.680000066757202,3.660099983215332,3.660099983215332,1089.0
2024-10-25 12:34:00+00:00,HOLOW,0.03709999844431877,0.03709999844431877,0.03709999844431877,0.03709999844431877,0.03709999844431877,4.0
2024-10-25 12:34:00+00:00,HOOD,27.325000762939453,27.325000762939453,27.34000015258789,27.31999969482422,27.31999969482422,5251.0
2024-10-25 12:34:00+00:00,IDAI,0.2298000007867813,0.2298000007867813,0.2298000007867813,0.2298000007867813,0.2298000007867813,286.0
2024-10-25 12:34:00+00:00,III,3.069999933242798,3.069999933242798,3.069999933242798,3.069999933242798,3.069999933242798,200.0
2024-10-25 12:34:00+00:00,INDI,3.5850000381469727,3.5850000381469727,3.5850000381469727,3.5799999237060547,3.5799999237060547,289.0
2024-10-25 12:34:00+00:00,INFN,6.789999961853027,6.789999961853027,6.789999961853027,6.789999961853027,6.789999961853027,300.0
2024-10-25 12:34:00+00:00,INSG,20.049999237060547,20.049999237060547,20.049999237060547,20.040000915527344,20.040000915527344,1717.0
2024-10-25 12:34:00+00:00,INTA,50.2400016784668,50.2400016784668,50.27000045776367,50.22999954223633,50.2400016784668,913.0
2024-10-25 12:34:00+00:00,INTC,23.15999984741211,23.15999984741211,23.170000076293945,23.139999389648438,23.145000457763672,95089.0
2024-10-25 12:34:00+00:00,INTU,610.8638916015625,610.8638916015625,611.0079956054688,610.780029296875,610.905029296875,3341.0
2024-10-25 12:34:00+00:00,ITRI,102.97000122070312,102.97000122070312,103.08999633789062,102.97000122070312,103.08999633789062,943.0
2024-10-25 12:34:00+00:00,JG,7.409999847412109,7.409999847412109,7.650000095367432,7.179999828338623,7.179999828338623,484.0
2024-10-25 12:34:00+00:00,JKHY,184.10000610351562,184.10000610351562,184.16000366210938,184.07000732421875,184.07000732421875,1652.0
2024-10-25 12:34:00+00:00,KLAC,680.9849853515625,680.9849853515625,680.9849853515625,680.97998046875,680.97998046875,735.0
2024-10-25 12:34:00+00:00,KLIC,44.38999938964844,44.38999938964844,44.38999938964844,44.38999938964844,44.38999938964844,455.0
2024-10-25 12:34:00+00:00,KOPN,0.7840999960899353,0.7840999960899353,0.7840999960899353,0.7840999960899353,0.7840999960899353,469.0
2024-10-25 12:34:00+00:00,LINK,5.0,5.0,5.0,5.0,5.0,2291.0
2024-10-25 12:34:00+00:00,LITE,64.4000015258789,64.4000015258789,64.4000015258789,64.36070251464844,64.38999938964844,2661.0
2024-10-25 12:34:00+00:00,LPSN,1.179900050163269,1.179900050163269,1.179900050163269,1.179900050163269,1.179900050163269,200.0
2024-10-25 12:34:00+00:00,LRCX,79.12999725341797,79.12999725341797,79.12999725341797,79.06999969482422,79.08000183105469,14641.0
2024-10-25 12:34:00+00:00,LSCC,54.599998474121094,54.599998474121094,54.66999816894531,54.59000015258789,54.59000015258789,4553.0
2024-10-25 12:34:00+00:00,LTRX,4.03000020980835,4.03000020980835,4.03000020980835,4.03000020980835,4.03000020980835,787.0
2024-10-25 12:34:00+00:00,LYFT,13.815999984741211,13.815999984741211,13.816499710083008,13.805000305175781,13.805000305175781,16335.0
2024-10-25 12:34:00+00:00,MCHP,77.05999755859375,77.05999755859375,77.05999755859375,77.0199966430664,77.03500366210938,3481.0
2024-10-25 12:34:00+00:00,MDB,268.6099853515625,268.6099853515625,268.6099853515625,268.6099853515625,268.6099853515625,364.0
2024-10-25 12:34:00+00:00,MKSI,101.05500030517578,101.05500030517578,101.05750274658203,101.05500030517578,101.05500030517578,1640.0
2024-10-25 12:34:00+00:00,MNDY,299.04998779296875,299.04998779296875,299.04998779296875,299.04998779296875,299.04998779296875,273.0
2024-10-25 12:34:00+00:00,MPWR,923.60498046875,923.60498046875,923.60498046875,923.1500244140625,923.1500244140625,806.0
2024-10-25 12:34:00+00:00,MQ,5.295100212097168,5.295100212097168,5.295100212097168,5.295000076293945,5.295000076293945,446.0
2024-10-25 12:34:00+00:00,MRVL,83.0,83.0,83.0,82.94499969482422,82.96009826660156,16071.0
2024-10-25 12:34:00+00:00,MSFT,430.3901062011719,430.3901062011719,430.4722900390625,430.3398132324219,430.4722900390625,25858.0
2024-10-25 12:34:00+00:00,MSTR,238.77059936523438,238.77059936523438,239.33999633789062,238.77059936523438,238.90499877929688,11344.0
2024-10-25 12:34:00+00:00,MTC,0.36880001425743103,0.36880001425743103,0.36880001425743103,0.36880001425743103,0.36880001425743103,0.0
2024-10-25 12:34:00+00:00,MTSI,121.22000122070312,121.22000122070312,121.22000122070312,121.22000122070312,121.22000122070312,618.0
2024-10-25 12:34:00+00:00,MTTR,4.65500020980835,4.65500020980835,4.65500020980835,4.65500020980835,4.65500020980835,365.0
2024-10-25 12:34:00+00:00,MU,109.19000244140625,109.19000244140625,109.19000244140625,109.11000061035156,109.11499786376953,8455.0
2024-10-25 12:34:00+00:00,MXL,15.1899995803833,15.1899995803833,15.199999809265137,15.1899995803833,15.199999809265137,1332.0
2024-10-25 12:34:00+00:00,NEON,8.160400390625,8.160400390625,8.160400390625,8.160400390625,8.160400390625,1544.0
2024-10-25 12:34:00+00:00,NNDM,2.3399999141693115,2.3399999141693115,2.3399999141693115,2.3399999141693115,2.3399999141693115,653.0
2024-10-25 12:34:00+00:00,NTAP,120.43000030517578,120.43000030517578,120.44000244140625,120.43000030517578,120.44000244140625,402.0
2024-10-25 12:34:00+00:00,NTNX,62.27000045776367,62.27000045776367,62.27000045776367,62.255001068115234,62.255001068115234,940.0
2024-10-25 12:34:00+00:00,NVDA,143.55999755859375,143.55999755859375,143.5800018310547,143.5050048828125,143.5050048828125,160052.0
2024-10-25 12:34:00+00:00,NVEI,33.525001525878906,33.525001525878906,33.525001525878906,33.525001525878906,33.525001525878906,1838.0
2024-10-25 12:34:00+00:00,NVMI,185.0,185.0,185.0,185.0,185.0,819.0
2024-10-25 12:34:00+00:00,NVTS,2.5999999046325684,2.5999999046325684,2.6059999465942383,2.5999999046325684,2.6059999465942383,4175.0
2024-10-25 12:34:00+00:00,NXPI,245.48500061035156,245.48500061035156,245.48500061035156,245.4600067138672,245.4600067138672,2401.0
2024-10-25 12:34:00+00:00,OKTA,72.625,72.625,72.6500015258789,72.5999984741211,72.62010192871094,4946.0
2024-10-25 12:34:00+00:00,OLED,204.63999938964844,204.63999938964844,204.63999938964844,204.63999938964844,204.63999938964844,392.0
2024-10-25 12:34:00+00:00,ON,72.06999969482422,72.06999969482422,72.0999984741211,72.05999755859375,72.06999969482422,7956.0
2024-10-25 12:34:00+00:00,OTEX,33.400001525878906,33.400001525878906,33.400001525878906,33.39149856567383,33.39149856567383,1056.0
2024-10-25 12:34:00+00:00,PANW,370.0899963378906,370.0899963378906,370.3800048828125,370.0899963378906,370.3800048828125,868.0
2024-10-25 12:34:00+00:00,PEGY,4.650000095367432,4.650000095367432,4.650000095367432,4.650000095367432,4.650000095367432,400.0
2024-10-25 12:34:00+00:00,PGY,11.850000381469727,11.850000381469727,11.859999656677246,11.850000381469727,11.859999656677246,637.0
2024-10-25 12:34:00+00:00,PHUN,10.336000442504883,10.336000442504883,10.350000381469727,10.320099830627441,10.320099830627441,25286.0
2024-10-25 12:34:00+00:00,PLAB,23.68079948425293,23.68079948425293,23.68079948425293,23.68079948425293,23.68079948425293,2412.0
2024-10-25 12:34:00+00:00,PLXS,143.125,143.125,143.125,143.125,143.125,200.0
2024-10-25 12:34:00+00:00,POET,3.950000047683716,3.950000047683716,3.950000047683716,3.950000047683716,3.950000047683716,479.0
2024-10-25 12:34:00+00:00,QCOM,172.69500732421875,172.69500732421875,172.7209930419922,172.6300048828125,172.66000366210938,5669.0
2024-10-25 12:34:00+00:00,QLYS,120.41000366210938,120.41000366210938,120.41000366210938,120.41000366210938,120.41000366210938,247.0
2024-10-25 12:34:00+00:00,QRVO,100.31999969482422,100.31999969482422,100.31999969482422,100.29000091552734,100.29000091552734,1804.0
2024-10-25 12:34:00+00:00,REKR,1.0992000102996826,1.0992000102996826,1.0992000102996826,1.0992000102996826,1.0992000102996826,1028.0
2024-10-25 12:34:00+00:00,RELY,14.84000015258789,14.84000015258789,14.84000015258789,14.84000015258789,14.84000015258789,1014.0
2024-10-25 12:34:00+00:00,RGTI,1.2100000381469727,1.2100000381469727,1.2100000381469727,1.2100000381469727,1.2100000381469727,10250.0
2024-10-25 12:34:00+00:00,RIOT,10.024999618530273,10.024999618530273,10.039999961853027,10.024999618530273,10.03499984741211,24032.0
2024-10-25 12:34:00+00:00,RMBS,43.61000061035156,43.61000061035156,43.61000061035156,43.58000183105469,43.599998474121094,1028.0
2024-10-25 12:34:00+00:00,RPAY,7.610000133514404,7.610000133514404,7.610000133514404,7.610000133514404,7.610000133514404,770.0
2024-10-25 12:34:00+00:00,RUN,14.46500015258789,14.46500015258789,14.46500015258789,14.4399995803833,14.454999923706055,16472.0
2024-10-25 12:34:00+00:00,RXT,2.5450000762939453,2.5450000762939453,2.5499000549316406,2.5450000762939453,2.549799919128418,6205.0
2024-10-25 12:34:00+00:00,SANM,67.79499816894531,67.79499816894531,67.79499816894531,67.79499816894531,67.79499816894531,975.0
2024-10-25 12:34:00+00:00,SCKT,1.1699999570846558,1.1699999570846558,1.1699999570846558,1.1699999570846558,1.1699999570846558,450.0
2024-10-25 12:34:00+00:00,SEDG,16.184999465942383,16.184999465942383,16.200000762939453,16.18000030517578,16.190000534057617,12091.0
2024-10-25 12:34:00+00:00,SHLS,5.324999809265137,5.324999809265137,5.329999923706055,5.324999809265137,5.324999809265137,8389.0
2024-10-25 12:34:00+00:00,SITM,184.5500030517578,184.5500030517578,184.5500030517578,184.5500030517578,184.5500030517578,2666.0
2024-10-25 12:34:00+00:00,SKYT,10.789999961853027,10.789999961853027,10.789999961853027,10.772299766540527,10.772299766540527,1017.0
2024-10-25 12:34:00+00:00,SMCI,47.959999084472656,47.959999084472656,48.0098991394043,47.95000076293945,47.970001220703125,49889.0
2024-10-25 12:34:00+00:00,SMTC,45.95000076293945,45.95000076293945,45.95000076293945,45.939998626708984,45.939998626708984,727.0
2024-10-25 12:34:00+00:00,SNPS,503.6600036621094,503.6600036621094,503.6600036621094,503.6600036621094,503.6600036621094,178.0
2024-10-25 12:34:00+00:00,SONO,12.8100004196167,12.8100004196167,12.8100004196167,12.8100004196167,12.8100004196167,240.0
2024-10-25 12:34:00+00:00,SOUN,5.284999847412109,5.284999847412109,5.28849983215332,5.28000020980835,5.284999847412109,13732.0
2024-10-25 12:34:00+00:00,SPNS,36.7400016784668,36.7400016784668,36.7400016784668,36.7400016784668,36.7400016784668,633.0
2024-10-25 12:34:00+00:00,SPSC,171.82000732421875,171.82000732421875,171.82000732421875,171.69500732421875,171.69500732421875,931.0
2024-10-25 12:34:00+00:00,SRAD,12.390000343322754,12.390000343322754,12.390000343322754,12.390000343322754,12.390000343322754,200.0
2024-10-25 12:34:00+00:00,SSNC,69.61499786376953,69.61499786376953,69.67500305175781,69.61499786376953,69.67500305175781,3998.0
2024-10-25 12:34:00+00:00,STNE,11.510000228881836,11.510000228881836,11.510000228881836,11.494000434875488,11.494000434875488,9767.0
2024-10-25 12:34:00+00:00,STX,104.12999725341797,104.12999725341797,104.12999725341797,104.0199966430664,104.04499816894531,3223.0
2024-10-25 12:34:00+00:00,SVRE,0.08160000294446945,0.08160000294446945,0.08160000294446945,0.08150000125169754,0.08150000125169754,8442.0
2024-10-25 12:34:00+00:00,SWKS,96.52999877929688,96.52999877929688,96.52999877929688,96.48500061035156,96.51000213623047,1656.0
2024-10-25 12:34:00+00:00,SYNA,73.43000030517578,73.43000030517578,73.48999786376953,73.43000030517578,73.48999786376953,221.0
2024-10-25 12:34:00+00:00,TEAM,190.88999938964844,190.88999938964844,190.9600067138672,190.85499572753906,190.85499572753906,5394.0
2024-10-25 12:34:00+00:00,TENB,41.79999923706055,41.79999923706055,41.84000015258789,41.79999923706055,41.83000183105469,1622.0
2024-10-25 12:34:00+00:00,TER,112.86000061035156,112.86000061035156,112.87999725341797,112.81400299072266,112.81990051269531,5808.0
2024-10-25 12:34:00+00:00,TTD,119.68000030517578,119.68000030517578,119.75,119.68000030517578,119.75,4910.0
2024-10-25 12:34:00+00:00,TTMI,19.540000915527344,19.540000915527344,19.549999237060547,19.540000915527344,19.549999237060547,1091.0
2024-10-25 12:34:00+00:00,TWKS,4.449999809265137,4.449999809265137,4.449999809265137,4.449999809265137,4.449999809265137,1058.0
2024-10-25 12:34:00+00:00,TXN,209.0399932861328,209.0399932861328,209.10000610351562,209.0399932861328,209.0500030517578,4979.0
2024-10-25 12:34:00+00:00,UCTT,36.119998931884766,36.119998931884766,36.119998931884766,36.119998931884766,36.119998931884766,306.0
2024-10-25 12:34:00+00:00,UPLD,2.1649999618530273,2.1649999618530273,2.184999942779541,2.1649999618530273,2.184999942779541,6223.0
2024-10-25 12:34:00+00:00,VECO,29.516799926757812,29.516799926757812,29.520000457763672,29.516799926757812,29.520000457763672,1602.0
2024-10-25 12:34:00+00:00,VERB,10.035099983215332,10.035099983215332,10.035099983215332,10.035099983215332,10.035099983215332,293.0
2024-10-25 12:34:00+00:00,VERI,3.4200000762939453,3.4200000762939453,3.4200000762939453,3.4200000762939453,3.4200000762939453,66.0
2024-10-25 12:34:00+00:00,VMEO,4.78000020980835,4.78000020980835,4.78000020980835,4.78000020980835,4.78000020980835,1561.0
2024-10-25 12:34:00+00:00,VNET,3.4649999141693115,3.4649999141693115,3.4749999046325684,3.4649999141693115,3.4700000286102295,10809.0
2024-10-25 12:34:00+00:00,VRNS,57.06999969482422,57.06999969482422,57.130001068115234,57.06999969482422,57.099998474121094,2283.0
2024-10-25 12:34:00+00:00,VRSN,185.7530059814453,185.7530059814453,185.8800048828125,185.7530059814453,185.8800048828125,4202.0
2024-10-25 12:34:00+00:00,VSAT,10.354999542236328,10.354999542236328,10.354999542236328,10.354999542236328,10.354999542236328,305.0
2024-10-25 12:34:00+00:00,VUZI,1.3248000144958496,1.3248000144958496,1.3248000144958496,1.3248000144958496,1.3248000144958496,678.0
2024-10-25 12:34:00+00:00,WALD,3.619999885559082,3.619999885559082,3.619999885559082,3.619999885559082,3.619999885559082,219.0
2024-10-25 12:34:00+00:00,WDAY,239.80999755859375,239.80999755859375,239.88999938964844,239.80999755859375,239.88999938964844,792.0
2024-10-25 12:34:00+00:00,WDC,71.5250015258789,71.5250015258789,71.55000305175781,71.5,71.54969787597656,7111.0
2024-10-25 12:34:00+00:00,WISA,1.9150999784469604,1.9150999784469604,1.9199999570846558,1.9149999618530273,1.9179999828338623,1645.0
2024-10-25 12:34:00+00:00,WRAP,1.809999942779541,1.809999942779541,1.809999942779541,1.809999942779541,1.809999942779541,1100.0
2024-10-25 12:34:00+00:00,XRX,10.095000267028809,10.095000267028809,10.095000267028809,10.09000015258789,10.09000015258789,580.0
2024-10-25 12:34:00+00:00,ZI,10.539999961853027,10.539999961853027,10.539999961853027,10.539999961853027,10.539999961853027,953.0
2024-10-25 12:34:00+00:00,ZM,73.18499755859375,73.18499755859375,73.18499755859375,73.18060302734375,73.18060302734375,758.0
2024-10-25 12:34:00+00:00,ZS,186.7899932861328,186.7899932861328,186.91000366210938,186.7899932861328,186.91000366210938,2514.0
2024-10-25 12:35:00+00:00,AAOI,18.06999969482422,18.06999969482422,18.110000610351562,18.06999969482422,18.110000610351562,3828.0
2024-10-25 12:35:00+00:00,AAPL,232.5601043701172,232.5601043701172,232.58999633789062,232.4600067138672,232.52000427246094,32333.0
2024-10-25 12:35:00+00:00,ACIW,48.8650016784668,48.8650016784668,48.8650016784668,48.8650016784668,48.8650016784668,269.0
2024-10-25 12:35:00+00:00,ACLS,90.48999786376953,90.48999786376953,90.52999877929688,90.48999786376953,90.52999877929688,2118.0
2024-10-25 12:35:00+00:00,ACMR,20.040000915527344,20.040000915527344,20.077699661254883,20.040000915527344,20.077699661254883,1445.0
2024-10-25 12:35:00+00:00,ADBE,485.260009765625,485.260009765625,485.46771240234375,485.1700134277344,485.3500061035156,2408.0
2024-10-25 12:35:00+00:00,ADI,233.69000244140625,233.69000244140625,233.69000244140625,233.5500030517578,233.6199951171875,3616.0
2024-10-25 12:35:00+00:00,ADSK,286.8550109863281,286.8550109863281,287.0849914550781,286.8500061035156,287.0849914550781,3295.0
2024-10-25 12:35:00+00:00,ADTN,6.375,6.375,6.385000228881836,6.375,6.385000228881836,899.0
2024-10-25 12:35:00+00:00,AEHR,17.139999389648438,17.139999389648438,17.155000686645508,17.1299991607666,17.155000686645508,3520.0
2024-10-25 12:35:00+00:00,AFRM,41.810001373291016,41.810001373291016,41.84000015258789,41.790000915527344,41.84000015258789,6349.0
2024-10-25 12:35:00+00:00,AKAM,102.99009704589844,102.99009704589844,102.99009704589844,102.99009704589844,102.99009704589844,242.0
2024-10-25 12:35:00+00:00,ALGM,22.920000076293945,22.920000076293945,22.950000762939453,22.915000915527344,22.940000534057617,9309.0
2024-10-25 12:35:00+00:00,ALRM,54.75,54.75,54.75,54.7400016784668,54.7400016784668,309.0
2024-10-25 12:35:00+00:00,ALTR,103.69499969482422,103.69499969482422,103.75,103.69499969482422,103.75,1622.0
2024-10-25 12:35:00+00:00,AMAT,188.5500030517578,188.5500030517578,188.55999755859375,188.35000610351562,188.5500030517578,4924.0
2024-10-25 12:35:00+00:00,AMBA,58.76499938964844,58.76499938964844,58.76499938964844,58.76499938964844,58.76499938964844,333.0
2024-10-25 12:35:00+00:00,AMD,158.19500732421875,158.19500732421875,158.23989868164062,158.0399932861328,158.1894073486328,34349.0
2024-10-25 12:35:00+00:00,AMPL,9.234999656677246,9.234999656677246,9.234999656677246,9.234999656677246,9.234999656677246,698.0
2024-10-25 12:35:00+00:00,ANSS,325.92999267578125,325.92999267578125,325.92999267578125,325.9200134277344,325.9200134277344,611.0
2024-10-25 12:35:00+00:00,API,2.8350000381469727,2.8350000381469727,2.8350000381469727,2.8350000381469727,2.8350000381469727,110.0
2024-10-25 12:35:00+00:00,APP,162.33999633789062,162.33999633789062,162.56640625,162.2949981689453,162.5,8042.0
2024-10-25 12:35:00+00:00,APPF,214.8800048828125,214.8800048828125,214.8800048828125,214.86000061035156,214.86000061035156,700.0
2024-10-25 12:35:00+00:00,APPS,3.059999942779541,3.059999942779541,3.065000057220459,3.059999942779541,3.065000057220459,4563.0
2024-10-25 12:35:00+00:00,ARQQ,7.065000057220459,7.065000057220459,7.065000057220459,7.065000057220459,7.065000057220459,681.0
2024-10-25 12:35:00+00:00,ARRY,6.519999980926514,6.519999980926514,6.545000076293945,6.519999980926514,6.539999961853027,19840.0
2024-10-25 12:35:00+00:00,ASML,718.844970703125,718.844970703125,719.1849975585938,718.844970703125,719.0,3923.0
2024-10-25 12:35:00+00:00,AUR,6.454999923706055,6.454999923706055,6.454999923706055,6.449999809265137,6.454999923706055,910.0
2024-10-25 12:35:00+00:00,AVDX,8.164999961853027,8.164999961853027,8.170000076293945,8.164999961853027,8.170000076293945,496.0
2024-10-25 12:35:00+00:00,AVGO,176.08999633789062,176.08999633789062,176.19000244140625,175.94000244140625,176.19000244140625,16761.0
2024-10-25 12:35:00+00:00,AVNW,21.030000686645508,21.030000686645508,21.030000686645508,21.030000686645508,21.030000686645508,75.0
2024-10-25 12:35:00+00:00,AVPT,12.029999732971191,12.029999732971191,12.029999732971191,12.029999732971191,12.029999732971191,1063.0
2024-10-25 12:35:00+00:00,AVT,54.14500045776367,54.14500045776367,54.15999984741211,54.14500045776367,54.150001525878906,986.0
2024-10-25 12:35:00+00:00,AZPN,236.0,236.0,236.00999450683594,236.0,236.0,2335.0
2024-10-25 12:35:00+00:00,BAND,17.709999084472656,17.709999084472656,17.709999084472656,17.709999084472656,17.709999084472656,111.0
2024-10-25 12:35:00+00:00,BASE,16.450000762939453,16.450000762939453,16.450000762939453,16.450000762939453,16.450000762939453,191.0
2024-10-25 12:35:00+00:00,BIGC,5.320000171661377,5.320000171661377,5.320000171661377,5.320000171661377,5.320000171661377,387.0
2024-10-25 12:35:00+00:00,BL,56.45500183105469,56.45500183105469,56.5,56.45000076293945,56.5,817.0
2024-10-25 12:35:00+00:00,BLZE,7.269999980926514,7.269999980926514,7.28000020980835,7.269999980926514,7.28000020980835,434.0
2024-10-25 12:35:00+00:00,BMBL,7.264999866485596,7.264999866485596,7.264999866485596,7.264999866485596,7.264999866485596,141.0
2024-10-25 12:35:00+00:00,BRZE,30.7450008392334,30.7450008392334,30.770000457763672,30.7450008392334,30.770000457763672,671.0
2024-10-25 12:35:00+00:00,BSY,49.25,49.25,49.28820037841797,49.25,49.27000045776367,2202.0
2024-10-25 12:35:00+00:00,CAN,0.9915000200271606,0.9915000200271606,0.9915000200271606,0.9904999732971191,0.9904999732971191,4086.0
2024-10-25 12:35:00+00:00,CDNS,258.9200134277344,258.9200134277344,259.1600036621094,258.7799987792969,259.1400146484375,4030.0
2024-10-25 12:35:00+00:00,CDW,219.7949981689453,219.7949981689453,219.7949981689453,219.7949981689453,219.7949981689453,898.0
2024-10-25 12:35:00+00:00,CEVA,24.280000686645508,24.280000686645508,24.280000686645508,24.280000686645508,24.280000686645508,301.0
2024-10-25 12:35:00+00:00,CFLT,22.645000457763672,22.645000457763672,22.670000076293945,22.639999389648438,22.670000076293945,3580.0
2024-10-25 12:35:00+00:00,CGNX,39.08000183105469,39.08000183105469,39.08000183105469,39.08000183105469,39.08000183105469,191.0
2024-10-25 12:35:00+00:00,CLBT,18.1299991607666,18.1299991607666,18.1299991607666,18.1299991607666,18.1299991607666,429.0
2024-10-25 12:35:00+00:00,CLSK,11.8100004196167,11.8100004196167,11.829999923706055,11.780099868774414,11.819999694824219,64220.0
2024-10-25 12:35:00+00:00,CNXN,70.30999755859375,70.30999755859375,70.30999755859375,70.30999755859375,70.30999755859375,228.0
2024-10-25 12:35:00+00:00,COHR,95.16999816894531,95.16999816894531,95.38999938964844,95.12999725341797,95.38999938964844,7002.0
2024-10-25 12:35:00+00:00,COIN,208.9600067138672,208.9600067138672,209.16470336914062,208.6199951171875,209.0500030517578,14559.0
2024-10-25 12:35:00+00:00,COMM,6.320000171661377,6.320000171661377,6.320000171661377,6.295000076293945,6.320000171661377,13952.0
2024-10-25 12:35:00+00:00,CORZ,13.324999809265137,13.324999809265137,13.35990047454834,13.324999809265137,13.35990047454834,2559.0
2024-10-25 12:35:00+00:00,CORZW,7.840000152587891,7.840000152587891,7.840000152587891,7.840000152587891,7.840000152587891,160.0
2024-10-25 12:35:00+00:00,CRCT,6.590000152587891,6.590000152587891,6.590000152587891,6.590000152587891,6.590000152587891,735.0
2024-10-25 12:35:00+00:00,CRDO,39.724998474121094,39.724998474121094,39.84000015258789,39.720001220703125,39.83000183105469,3256.0
2024-10-25 12:35:00+00:00,CRSR,6.434999942779541,6.434999942779541,6.440000057220459,6.434999942779541,6.440000057220459,2481.0
2024-10-25 12:35:00+00:00,CRUS,123.49500274658203,123.49500274658203,123.51000213623047,123.49500274658203,123.51000213623047,943.0
2024-10-25 12:35:00+00:00,CRWD,308.5899963378906,308.5899963378906,310.6700134277344,307.5,310.6700134277344,95095.0
2024-10-25 12:35:00+00:00,CSCO,55.994998931884766,55.994998931884766,55.994998931884766,55.970001220703125,55.970001220703125,7152.0
2024-10-25 12:35:00+00:00,CSIQ,13.770099639892578,13.770099639892578,13.825699806213379,13.770099639892578,13.824000358581543,3345.0
2024-10-25 12:35:00+00:00,CSPI,12.880000114440918,12.880000114440918,12.880000114440918,12.880000114440918,12.880000114440918,236.0
2024-10-25 12:35:00+00:00,CTSH,74.98999786376953,74.98999786376953,74.98999786376953,74.97000122070312,74.97000122070312,3884.0
2024-10-25 12:35:00+00:00,CVLT,134.52499389648438,134.52499389648438,134.5399932861328,134.39500427246094,134.39999389648438,4070.0
2024-10-25 12:35:00+00:00,CYBR,292.1000061035156,292.1000061035156,292.1000061035156,292.1000061035156,292.1000061035156,814.0
2024-10-25 12:35:00+00:00,DBX,26.049999237060547,26.049999237060547,26.049999237060547,26.049999237060547,26.049999237060547,1625.0
2024-10-25 12:35:00+00:00,DDOG,127.55999755859375,127.55999755859375,127.62999725341797,127.5,127.62999725341797,9435.0
2024-10-25 12:35:00+00:00,DGHI,1.590000033378601,1.590000033378601,1.649999976158142,1.590000033378601,1.649999976158142,17982.0
2024-10-25 12:35:00+00:00,DLO,8.84000015258789,8.84000015258789,8.84000015258789,8.819999694824219,8.824999809265137,5505.0
2024-10-25 12:35:00+00:00,DOCU,69.9800033569336,69.9800033569336,70.0,69.91999816894531,69.97000122070312,9620.0
2024-10-25 12:35:00+00:00,DOMO,8.0600004196167,8.0600004196167,8.0600004196167,8.0600004196167,8.0600004196167,221.0
2024-10-25 12:35:00+00:00,DSP,11.40999984741211,11.40999984741211,11.40999984741211,11.40999984741211,11.40999984741211,697.0
2024-10-25 12:35:00+00:00,DUOL,289.739990234375,289.739990234375,289.739990234375,289.6400146484375,289.6700134277344,2618.0
2024-10-25 12:35:00+00:00,EEFT,99.93499755859375,99.93499755859375,100.0,99.93499755859375,100.0,3551.0
2024-10-25 12:35:00+00:00,ENPH,83.57499694824219,83.57499694824219,83.71690368652344,83.55000305175781,83.61000061035156,17194.0
2024-10-25 12:35:00+00:00,ENTG,105.83789825439453,105.83789825439453,105.83789825439453,105.83789825439453,105.83789825439453,1743.0
2024-10-25 12:35:00+00:00,ERIC,8.475000381469727,8.475000381469727,8.475000381469727,8.473999977111816,8.473999977111816,3329.0
2024-10-25 12:35:00+00:00,EXLS,38.91999816894531,38.91999816894531,38.91999816894531,38.91999816894531,38.91999816894531,300.0
2024-10-25 12:35:00+00:00,FFIV,216.5500030517578,216.5500030517578,216.6699981689453,216.5500030517578,216.6699981689453,1194.0
2024-10-25 12:35:00+00:00,FIVN,29.969999313354492,29.969999313354492,30.030000686645508,29.969999313354492,30.030000686645508,2382.0
2024-10-25 12:35:00+00:00,FLEX,35.415000915527344,35.415000915527344,35.415000915527344,35.400001525878906,35.400001525878906,1095.0
2024-10-25 12:35:00+00:00,FLYW,17.520000457763672,17.520000457763672,17.520000457763672,17.520000457763672,17.520000457763672,271.0
2024-10-25 12:35:00+00:00,FORM,45.22999954223633,45.22999954223633,45.22999954223633,45.22999954223633,45.22999954223633,407.0
2024-10-25 12:35:00+00:00,FROG,29.469999313354492,29.469999313354492,29.479999542236328,29.450000762939453,29.469999313354492,3965.0
2024-10-25 12:35:00+00:00,FRSH,11.680000305175781,11.680000305175781,11.6850004196167,11.680000305175781,11.6850004196167,1436.0
2024-10-25 12:35:00+00:00,FSLR,199.52999877929688,199.52999877929688,199.89500427246094,199.52999877929688,199.86000061035156,2304.0
2024-10-25 12:35:00+00:00,FTCI,0.6696000099182129,0.6696000099182129,0.6696000099182129,0.660099983215332,0.660099983215332,1261.0
2024-10-25 12:35:00+00:00,FTNT,81.38999938964844,81.38999938964844,81.41000366210938,81.33999633789062,81.41000366210938,9172.0
2024-10-25 12:35:00+00:00,GCT,24.8700008392334,24.8700008392334,24.885000228881836,24.8700008392334,24.885000228881836,1974.0
2024-10-25 12:35:00+00:00,GDS,21.579999923706055,21.579999923706055,21.579999923706055,21.579999923706055,21.579999923706055,576.0
2024-10-25 12:35:00+00:00,GDYN,15.579999923706055,15.579999923706055,15.579999923706055,15.579999923706055,15.579999923706055,522.0
2024-10-25 12:35:00+00:00,GFS,41.220001220703125,41.220001220703125,41.22999954223633,41.189998626708984,41.189998626708984,2866.0
2024-10-25 12:35:00+00:00,GPRO,1.3359999656677246,1.3359999656677246,1.3359999656677246,1.3359999656677246,1.3359999656677246,238.0
2024-10-25 12:35:00+00:00,GRAB,4.079999923706055,4.079999923706055,4.090000152587891,4.079999923706055,4.085000038146973,1032.0
2024-10-25 12:35:00+00:00,GRRR,4.531300067901611,4.531300067901611,4.531300067901611,4.531300067901611,4.531300067901611,500.0
2024-10-25 12:35:00+00:00,GSIT,3.4649999141693115,3.4649999141693115,3.4649999141693115,3.4649999141693115,3.4649999141693115,1048.0
2024-10-25 12:35:00+00:00,GTLB,55.77000045776367,55.77000045776367,55.790000915527344,55.75,55.77830123901367,3188.0
2024-10-25 12:35:00+00:00,HCKT,24.88599967956543,24.88599967956543,24.88599967956543,24.88599967956543,24.88599967956543,227.0
2024-10-25 12:35:00+00:00,HCP,33.689998626708984,33.689998626708984,33.69499969482422,33.689998626708984,33.69499969482422,874.0
2024-10-25 12:35:00+00:00,HIMX,6.184999942779541,6.184999942779541,6.184999942779541,6.184000015258789,6.184000015258789,420.0
2024-10-25 12:35:00+00:00,HOLO,3.6782000064849854,3.6782000064849854,3.6898999214172363,3.6782000064849854,3.6898999214172363,3838.0
2024-10-25 12:35:00+00:00,HOOD,27.30500030517578,27.30500030517578,27.31999969482422,27.295000076293945,27.31999969482422,9830.0
2024-10-25 12:35:00+00:00,IMMR,8.739999771118164,8.739999771118164,8.739999771118164,8.739999771118164,8.739999771118164,597.0
2024-10-25 12:35:00+00:00,INFN,6.789999961853027,6.789999961853027,6.789999961853027,6.789999961853027,6.789999961853027,247.0
2024-10-25 12:35:00+00:00,INTC,23.174999237060547,23.174999237060547,23.176000595092773,23.149999618530273,23.15220069885254,77355.0
2024-10-25 12:35:00+00:00,INTU,610.4000244140625,610.4000244140625,610.9199829101562,610.4000244140625,610.8499755859375,1419.0
2024-10-25 12:35:00+00:00,INTZ,0.7271000146865845,0.7271000146865845,0.7271000146865845,0.7271000146865845,0.7271000146865845,4137.0
2024-10-25 12:35:00+00:00,INVE,3.5450000762939453,3.5450000762939453,3.5450000762939453,3.5450000762939453,3.5450000762939453,251.0
2024-10-25 12:35:00+00:00,JAMF,16.829999923706055,16.829999923706055,16.84000015258789,16.829999923706055,16.829999923706055,541.0
2024-10-25 12:35:00+00:00,JG,7.389999866485596,7.389999866485596,7.389999866485596,7.349999904632568,7.349999904632568,504.0
2024-10-25 12:35:00+00:00,JKHY,184.0800018310547,184.0800018310547,184.10000610351562,183.94500732421875,184.00999450683594,2432.0
2024-10-25 12:35:00+00:00,KLAC,680.4600219726562,680.4600219726562,680.4600219726562,680.4600219726562,680.4600219726562,237.0
2024-10-25 12:35:00+00:00,LITE,64.25499725341797,64.25499725341797,64.37999725341797,64.25499725341797,64.37999725341797,3533.0
2024-10-25 12:35:00+00:00,LOGI,81.06999969482422,81.06999969482422,81.1050033569336,81.06999969482422,81.0999984741211,695.0
2024-10-25 12:35:00+00:00,LRCX,79.19999694824219,79.19999694824219,79.19999694824219,79.0999984741211,79.12999725341797,38679.0
2024-10-25 12:35:00+00:00,LSCC,54.54999923706055,54.54999923706055,54.60499954223633,54.54999923706055,54.60499954223633,3004.0
2024-10-25 12:35:00+00:00,LYFT,13.795000076293945,13.795000076293945,13.819999694824219,13.795000076293945,13.819999694824219,25159.0
2024-10-25 12:35:00+00:00,MANH,276.44500732421875,276.44500732421875,276.6300048828125,276.44500732421875,276.6300048828125,854.0
2024-10-25 12:35:00+00:00,MAPS,0.8568000197410583,0.8568000197410583,0.8568000197410583,0.8568000197410583,0.8568000197410583,104.0
2024-10-25 12:35:00+00:00,MCHP,77.05999755859375,77.05999755859375,77.06999969482422,76.98999786376953,77.04000091552734,14472.0
2024-10-25 12:35:00+00:00,MDB,268.32501220703125,268.32501220703125,268.7699890136719,268.32501220703125,268.5820007324219,3320.0
2024-10-25 12:35:00+00:00,MKSI,101.03500366210938,101.03500366210938,101.08000183105469,101.03500366210938,101.05500030517578,7451.0
2024-10-25 12:35:00+00:00,MNDY,298.67999267578125,298.67999267578125,298.989990234375,298.67999267578125,298.9549865722656,1564.0
2024-10-25 12:35:00+00:00,MPWR,923.260009765625,923.260009765625,924.260009765625,923.260009765625,924.260009765625,940.0
2024-10-25 12:35:00+00:00,MQ,5.289999961853027,5.289999961853027,5.295000076293945,5.289999961853027,5.295000076293945,2178.0
2024-10-25 12:35:00+00:00,MRVL,83.0,83.0,83.0,82.91999816894531,82.98999786376953,12596.0
2024-10-25 12:35:00+00:00,MSFT,430.4049987792969,430.4049987792969,430.4200134277344,430.1700134277344,430.4200134277344,20877.0
2024-10-25 12:35:00+00:00,MSTR,238.22630310058594,238.22630310058594,238.8699951171875,237.860107421875,238.8699951171875,70557.0
2024-10-25 12:35:00+00:00,MTC,0.3695000112056732,0.3695000112056732,0.3695000112056732,0.3695000112056732,0.3695000112056732,800.0
2024-10-25 12:35:00+00:00,MTLS,5.999899864196777,5.999899864196777,5.999899864196777,5.9953999519348145,5.9953999519348145,424.0
2024-10-25 12:35:00+00:00,MTTR,4.65500020980835,4.65500020980835,4.65500020980835,4.65500020980835,4.65500020980835,841.0
2024-10-25 12:35:00+00:00,MU,109.12000274658203,109.12000274658203,109.19000244140625,109.0199966430664,109.19000244140625,18890.0
2024-10-25 12:35:00+00:00,MXL,15.170000076293945,15.170000076293945,15.170000076293945,15.170000076293945,15.170000076293945,1159.0
2024-10-25 12:35:00+00:00,NCNO,37.79999923706055,37.79999923706055,37.810001373291016,37.79999923706055,37.810001373291016,902.0
2024-10-25 12:35:00+00:00,NSIT,209.55999755859375,209.55999755859375,209.55999755859375,209.55999755859375,209.55999755859375,269.0
2024-10-25 12:35:00+00:00,NTAP,120.42990112304688,120.42990112304688,120.43499755859375,120.375,120.43499755859375,2400.0
2024-10-25 12:35:00+00:00,NTNX,62.209999084472656,62.209999084472656,62.255001068115234,62.17499923706055,62.255001068115234,1655.0
2024-10-25 12:35:00+00:00,NVDA,143.5198974609375,143.5198974609375,143.55990600585938,143.39999389648438,143.55499267578125,250108.0
2024-10-25 12:35:00+00:00,NVEI,33.525001525878906,33.525001525878906,33.525001525878906,33.525001525878906,33.525001525878906,600.0
2024-10-25 12:35:00+00:00,NVTS,2.6050000190734863,2.6050000190734863,2.6050000190734863,2.6050000190734863,2.6050000190734863,254.0
2024-10-25 12:35:00+00:00,NXPI,245.44000244140625,245.44000244140625,245.47000122070312,245.25999450683594,245.4199981689453,3888.0
2024-10-25 12:35:00+00:00,OKTA,72.5999984741211,72.5999984741211,72.5999984741211,72.58000183105469,72.5999984741211,2093.0
2024-10-25 12:35:00+00:00,ON,72.11000061035156,72.11000061035156,72.12000274658203,72.05000305175781,72.06999969482422,12918.0
2024-10-25 12:35:00+00:00,OSIS,136.0449981689453,136.0449981689453,136.0449981689453,136.0449981689453,136.0449981689453,796.0
2024-10-25 12:35:00+00:00,PANW,370.0299987792969,370.0299987792969,370.17999267578125,369.81500244140625,370.17999267578125,4696.0
2024-10-25 12:35:00+00:00,PAYO,8.305000305175781,8.305000305175781,8.305000305175781,8.305000305175781,8.305000305175781,1214.0
2024-10-25 12:35:00+00:00,PEGA,80.19999694824219,80.19999694824219,80.29000091552734,80.16999816894531,80.29000091552734,5400.0
2024-10-25 12:35:00+00:00,PET,0.8134999871253967,0.8134999871253967,0.8134999871253967,0.8134999871253967,0.8134999871253967,106.0
2024-10-25 12:35:00+00:00,PGY,11.859999656677246,11.859999656677246,11.859999656677246,11.850000381469727,11.850000381469727,2376.0
2024-10-25 12:35:00+00:00,PHUN,10.3100004196167,10.3100004196167,10.350000381469727,10.29990005493164,10.329999923706055,45195.0
2024-10-25 12:35:00+00:00,PI,204.11000061035156,204.11000061035156,204.21009826660156,204.0601043701172,204.0601043701172,1281.0
2024-10-25 12:35:00+00:00,PLAB,23.68000030517578,23.68000030517578,23.700000762939453,23.68000030517578,23.700000762939453,988.0
2024-10-25 12:35:00+00:00,POET,3.95989990234375,3.95989990234375,3.95989990234375,3.950000047683716,3.950000047683716,8889.0
2024-10-25 12:35:00+00:00,POWI,64.11499786376953,64.11499786376953,64.11499786376953,64.11499786376953,64.11499786376953,434.0
2024-10-25 12:35:00+00:00,PTC,187.0749969482422,187.0749969482422,187.0749969482422,187.07000732421875,187.07000732421875,817.0
2024-10-25 12:35:00+00:00,PUBM,14.890000343322754,14.890000343322754,14.899999618530273,14.890000343322754,14.899999618530273,1889.0
2024-10-25 12:35:00+00:00,PYCR,14.319999694824219,14.319999694824219,14.319999694824219,14.319999694824219,14.319999694824219,347.0
2024-10-25 12:35:00+00:00,QCOM,172.69000244140625,172.69000244140625,172.75,172.58999633789062,172.7239990234375,5724.0
2024-10-25 12:35:00+00:00,QRVO,100.26000213623047,100.26000213623047,100.26000213623047,100.26000213623047,100.26000213623047,1907.0
2024-10-25 12:35:00+00:00,RCAT,2.755000114440918,2.755000114440918,2.755000114440918,2.75,2.75,749.0
2024-10-25 12:35:00+00:00,REKR,1.0950000286102295,1.0950000286102295,1.0990999937057495,1.0950000286102295,1.0990999937057495,700.0
2024-10-25 12:35:00+00:00,RELY,14.84000015258789,14.84000015258789,14.84000015258789,14.84000015258789,14.84000015258789,1507.0
2024-10-25 12:35:00+00:00,RGTI,1.215000033378601,1.215000033378601,1.2199000120162964,1.215000033378601,1.2187999486923218,0.0
2024-10-25 12:35:00+00:00,RIOT,10.020000457763672,10.020000457763672,10.024999618530273,10.000100135803223,10.021599769592285,22053.0
2024-10-25 12:35:00+00:00,RMBS,43.57500076293945,43.57500076293945,43.57500076293945,43.56999969482422,43.56999969482422,832.0
2024-10-25 12:35:00+00:00,RPD,39.0,39.0,39.0099983215332,39.0,39.0099983215332,1272.0
2024-10-25 12:35:00+00:00,RUM,5.702300071716309,5.702300071716309,5.709700107574463,5.702300071716309,5.704999923706055,2433.0
2024-10-25 12:35:00+00:00,RUN,14.425000190734863,14.425000190734863,14.484999656677246,14.425000190734863,14.479999542236328,32209.0
2024-10-25 12:35:00+00:00,RXT,2.5450000762939453,2.5450000762939453,2.5450000762939453,2.5450000762939453,2.5450000762939453,1309.0
2024-10-25 12:35:00+00:00,SATS,25.014999389648438,25.014999389648438,25.049999237060547,25.014999389648438,25.049999237060547,1883.0
2024-10-25 12:35:00+00:00,SEDG,16.139999389648438,16.139999389648438,16.18000030517578,16.139999389648438,16.170000076293945,6671.0
2024-10-25 12:35:00+00:00,SHLS,5.304999828338623,5.304999828338623,5.320000171661377,5.304999828338623,5.320000171661377,7102.0
2024-10-25 12:35:00+00:00,SKYT,10.760000228881836,10.760000228881836,10.789999961853027,10.760000228881836,10.789999961853027,1631.0
2024-10-25 12:35:00+00:00,SLNHP,13.100000381469727,13.100000381469727,13.100000381469727,13.100000381469727,13.100000381469727,144.0
2024-10-25 12:35:00+00:00,SMCI,47.90999984741211,47.90999984741211,47.959999084472656,47.880001068115234,47.95000076293945,108282.0
2024-10-25 12:35:00+00:00,SNPS,503.5199890136719,503.5199890136719,504.05499267578125,503.5199890136719,504.05499267578125,3059.0
2024-10-25 12:35:00+00:00,SONO,12.8100004196167,12.8100004196167,12.8100004196167,12.8100004196167,12.8100004196167,634.0
2024-10-25 12:35:00+00:00,SOUN,5.275000095367432,5.275000095367432,5.280099868774414,5.275000095367432,5.28000020980835,15430.0
2024-10-25 12:35:00+00:00,SOUNW,1.8899999856948853,1.8899999856948853,1.8899999856948853,1.8899999856948853,1.8899999856948853,480.0
2024-10-25 12:35:00+00:00,SPSC,171.27000427246094,171.27000427246094,171.57000732421875,171.27000427246094,171.57000732421875,2338.0
2024-10-25 12:35:00+00:00,SPT,27.059999465942383,27.059999465942383,27.079999923706055,27.059999465942383,27.079999923706055,918.0
2024-10-25 12:35:00+00:00,SSNC,69.58000183105469,69.58000183105469,69.61499786376953,69.55999755859375,69.61499786376953,15964.0
2024-10-25 12:35:00+00:00,STNE,11.515000343322754,11.515000343322754,11.515000343322754,11.510000228881836,11.510000228881836,11347.0
2024-10-25 12:35:00+00:00,STX,104.03759765625,104.03759765625,104.03759765625,104.03759765625,104.03759765625,862.0
2024-10-25 12:35:00+00:00,SWKS,96.47000122070312,96.47000122070312,96.5199966430664,96.44000244140625,96.5199966430664,4961.0
2024-10-25 12:35:00+00:00,SYNA,73.43000030517578,73.43000030517578,73.43000030517578,73.43000030517578,73.43000030517578,481.0
2024-10-25 12:35:00+00:00,SYTA,1.2999999523162842,1.2999999523162842,1.2999999523162842,1.2999999523162842,1.2999999523162842,650.0
2024-10-25 12:35:00+00:00,TEAM,190.58999633789062,190.58999633789062,190.86000061035156,190.5800018310547,190.86000061035156,3669.0
2024-10-25 12:35:00+00:00,TER,112.82499694824219,112.82499694824219,112.86000061035156,112.7300033569336,112.86000061035156,6039.0
2024-10-25 12:35:00+00:00,TLS,3.6449999809265137,3.6449999809265137,3.6449999809265137,3.6449999809265137,3.6449999809265137,388.0
2024-10-25 12:35:00+00:00,TRMB,61.13999938964844,61.13999938964844,61.13999938964844,61.13999938964844,61.13999938964844,313.0
2024-10-25 12:35:00+00:00,TTD,119.5999984741211,119.5999984741211,119.68499755859375,119.55000305175781,119.68000030517578,5070.0
2024-10-25 12:35:00+00:00,TWKS,4.449999809265137,4.449999809265137,4.454999923706055,4.449999809265137,4.454999923706055,2400.0
2024-10-25 12:35:00+00:00,TXN,209.02499389648438,209.02499389648438,209.0800018310547,208.9499969482422,209.02000427246094,9808.0
2024-10-25 12:35:00+00:00,UCTT,36.09000015258789,36.09000015258789,36.125,36.09000015258789,36.125,1515.0
2024-10-25 12:35:00+00:00,USIO,1.3977999687194824,1.3977999687194824,1.3977999687194824,1.3977999687194824,1.3977999687194824,321.0
2024-10-25 12:35:00+00:00,VECO,29.489999771118164,29.489999771118164,29.500900268554688,29.489999771118164,29.500900268554688,1712.0
2024-10-25 12:35:00+00:00,VERI,3.4100000858306885,3.4100000858306885,3.4200000762939453,3.4100000858306885,3.4200000762939453,2032.0
2024-10-25 12:35:00+00:00,VERX,42.150001525878906,42.150001525878906,42.15999984741211,42.150001525878906,42.15999984741211,1268.0
2024-10-25 12:35:00+00:00,VIAV,9.244999885559082,9.244999885559082,9.25,9.244999885559082,9.25,1985.0
2024-10-25 12:35:00+00:00,VNET,3.4649999141693115,3.4649999141693115,3.4649999141693115,3.4600000381469727,3.4649999141693115,1600.0
2024-10-25 12:35:00+00:00,VRNS,56.97999954223633,56.97999954223633,57.08000183105469,56.97999954223633,57.08000183105469,1437.0
2024-10-25 12:35:00+00:00,VRNT,22.2549991607666,22.2549991607666,22.260000228881836,22.2549991607666,22.260000228881836,2355.0
2024-10-25 12:35:00+00:00,VRSN,186.1699981689453,186.1699981689453,186.22999572753906,186.0500030517578,186.0500030517578,1417.0
2024-10-25 12:35:00+00:00,VSAT,10.350000381469727,10.350000381469727,10.350000381469727,10.350000381469727,10.350000381469727,2206.0
2024-10-25 12:35:00+00:00,WATT,0.5950000286102295,0.5950000286102295,0.5950000286102295,0.5950000286102295,0.5950000286102295,1495.0
2024-10-25 12:35:00+00:00,WDAY,239.625,239.625,239.89999389648438,239.47999572753906,239.89999389648438,7136.0
2024-10-25 12:35:00+00:00,WDC,71.53500366210938,71.53500366210938,71.54000091552734,71.47000122070312,71.51000213623047,10745.0
2024-10-25 12:35:00+00:00,WISA,1.9149999618530273,1.9149999618530273,1.9199999570846558,1.9105000495910645,1.9105000495910645,2416.0
2024-10-25 12:35:00+00:00,WIX,165.5,165.5,165.5,165.5,165.5,605.0
2024-10-25 12:35:00+00:00,WRAP,1.8100999593734741,1.8100999593734741,1.8100999593734741,1.8100999593734741,1.8100999593734741,811.0
2024-10-25 12:35:00+00:00,XPER,9.430000305175781,9.430000305175781,9.430000305175781,9.430000305175781,9.430000305175781,1025.0
2024-10-25 12:35:00+00:00,XRX,10.095000267028809,10.095000267028809,10.095000267028809,10.09000015258789,10.09000015258789,768.0
2024-10-25 12:35:00+00:00,ZBRA,363.29998779296875,363.29998779296875,363.29998779296875,363.29998779296875,363.29998779296875,1013.0
2024-10-25 12:35:00+00:00,ZI,10.545000076293945,10.545000076293945,10.545000076293945,10.545000076293945,10.545000076293945,1774.0
2024-10-25 12:35:00+00:00,ZM,73.12999725341797,73.12999725341797,73.18000030517578,73.12999725341797,73.18000030517578,4413.0
2024-10-25 12:35:00+00:00,ZS,186.46009826660156,186.46009826660156,186.64500427246094,186.46009826660156,186.64500427246094,1157.0
2024-10-25 12:36:00+00:00,AAOI,18.078500747680664,18.078500747680664,18.078500747680664,18.049999237060547,18.059999465942383,1154.0
2024-10-25 12:36:00+00:00,AAPL,232.64999389648438,232.64999389648438,232.66000366210938,232.57000732421875,232.58380126953125,25790.0
2024-10-25 12:36:00+00:00,ACLS,90.58000183105469,90.58000183105469,90.63999938964844,90.58000183105469,90.5999984741211,3774.0
2024-10-25 12:36:00+00:00,ACMR,20.049999237060547,20.049999237060547,20.049999237060547,20.049999237060547,20.049999237060547,538.0
2024-10-25 12:36:00+00:00,ADBE,485.335693359375,485.335693359375,485.4599914550781,485.335693359375,485.3800048828125,4623.0
2024-10-25 12:36:00+00:00,ADI,233.7100067138672,233.7100067138672,233.7100067138672,233.6199951171875,233.6199951171875,959.0
2024-10-25 12:36:00+00:00,ADSK,286.8299865722656,286.8299865722656,286.8550109863281,286.8299865722656,286.8550109863281,1018.0
2024-10-25 12:36:00+00:00,ADTN,6.380000114440918,6.380000114440918,6.380000114440918,6.380000114440918,6.380000114440918,1336.0
2024-10-25 12:36:00+00:00,AEHR,17.155000686645508,17.155000686645508,17.155000686645508,17.13010025024414,17.139999389648438,945.0
2024-10-25 12:36:00+00:00,AFRM,41.82500076293945,41.82500076293945,41.83000183105469,41.81010055541992,41.81010055541992,2109.0
2024-10-25 12:36:00+00:00,AKAM,102.98500061035156,102.98500061035156,102.98750305175781,102.9749984741211,102.9749984741211,2551.0
2024-10-25 12:36:00+00:00,ALGM,22.93000030517578,22.93000030517578,22.94499969482422,22.924999237060547,22.924999237060547,3594.0
2024-10-25 12:36:00+00:00,ALKT,38.310001373291016,38.310001373291016,38.310001373291016,38.310001373291016,38.310001373291016,253.0
2024-10-25 12:36:00+00:00,ALRM,54.7400016784668,54.7400016784668,54.76499938964844,54.7400016784668,54.76499938964844,1817.0
2024-10-25 12:36:00+00:00,ALTR,103.6449966430664,103.6449966430664,103.6449966430664,103.6449966430664,103.6449966430664,190.0
2024-10-25 12:36:00+00:00,AMAT,188.73500061035156,188.73500061035156,188.73500061035156,188.52999877929688,188.57000732421875,12014.0
2024-10-25 12:36:00+00:00,AMD,158.22999572753906,158.22999572753906,158.27999877929688,158.16000366210938,158.20419311523438,34817.0
2024-10-25 12:36:00+00:00,AMKR,30.079999923706055,30.079999923706055,30.079999923706055,30.059999465942383,30.059999465942383,1297.0
2024-10-25 12:36:00+00:00,ANY,1.0609999895095825,1.0609999895095825,1.065000057220459,1.0609999895095825,1.065000057220459,20882.0
2024-10-25 12:36:00+00:00,API,2.8350000381469727,2.8350000381469727,2.8350000381469727,2.8350000381469727,2.8350000381469727,210.0
2024-10-25 12:36:00+00:00,APP,162.39999389648438,162.39999389648438,162.47999572753906,162.38999938964844,162.41000366210938,4797.0
2024-10-25 12:36:00+00:00,APPF,214.9949951171875,214.9949951171875,214.9949951171875,214.9949951171875,214.9949951171875,369.0
2024-10-25 12:36:00+00:00,APPN,32.130001068115234,32.130001068115234,32.20000076293945,32.119998931884766,32.20000076293945,6858.0
2024-10-25 12:36:00+00:00,APPS,3.069999933242798,3.069999933242798,3.069999933242798,3.065000057220459,3.065000057220459,225.0
2024-10-25 12:36:00+00:00,ARRY,6.524799823760986,6.524799823760986,6.525000095367432,6.519999980926514,6.519999980926514,2827.0
2024-10-25 12:36:00+00:00,ASML,718.6099853515625,718.6099853515625,719.0,718.6099853515625,719.0,3594.0
2024-10-25 12:36:00+00:00,AUR,6.454999923706055,6.454999923706055,6.460000038146973,6.449999809265137,6.449999809265137,2927.0
2024-10-25 12:36:00+00:00,AVGO,176.1199951171875,176.1199951171875,176.2100067138672,176.10499572753906,176.12510681152344,12459.0
2024-10-25 12:36:00+00:00,AVT,54.16999816894531,54.16999816894531,54.16999816894531,54.14500045776367,54.15999984741211,1232.0
2024-10-25 12:36:00+00:00,BASE,16.43000030517578,16.43000030517578,16.43000030517578,16.43000030517578,16.43000030517578,135.0
2024-10-25 12:36:00+00:00,BELFB,79.44499969482422,79.44499969482422,79.44499969482422,79.44499969482422,79.44499969482422,112.0
2024-10-25 12:36:00+00:00,BL,56.52000045776367,56.52000045776367,56.52000045776367,56.47999954223633,56.47999954223633,2129.0
2024-10-25 12:36:00+00:00,BMBL,7.264999866485596,7.264999866485596,7.264999866485596,7.264999866485596,7.264999866485596,843.0
2024-10-25 12:36:00+00:00,BRZE,30.760000228881836,30.760000228881836,30.760000228881836,30.760000228881836,30.760000228881836,1527.0
2024-10-25 12:36:00+00:00,BSY,49.22999954223633,49.22999954223633,49.2400016784668,49.22999954223633,49.2400016784668,1517.0
2024-10-25 12:36:00+00:00,CDNS,259.05499267578125,259.05499267578125,259.05499267578125,258.989990234375,258.989990234375,1637.0
2024-10-25 12:36:00+00:00,CDW,219.82249450683594,219.82249450683594,219.8300018310547,219.82249450683594,219.8300018310547,635.0
2024-10-25 12:36:00+00:00,CETX,0.3000999987125397,0.3000999987125397,0.3000999987125397,0.3000999987125397,0.3000999987125397,5203.0
2024-10-25 12:36:00+00:00,CEVA,24.309999465942383,24.309999465942383,24.309999465942383,24.309999465942383,24.309999465942383,784.0
2024-10-25 12:36:00+00:00,CFLT,22.649999618530273,22.649999618530273,22.670000076293945,22.649999618530273,22.670000076293945,3047.0
2024-10-25 12:36:00+00:00,CGNX,39.06999969482422,39.06999969482422,39.08000183105469,39.06999969482422,39.08000183105469,1716.0
2024-10-25 12:36:00+00:00,CLBT,18.139999389648438,18.139999389648438,18.18000030517578,18.131399154663086,18.131399154663086,8026.0
2024-10-25 12:36:00+00:00,CLSK,11.829999923706055,11.829999923706055,11.83650016784668,11.8149995803833,11.8149995803833,47362.0
2024-10-25 12:36:00+00:00,CNXC,45.11000061035156,45.11000061035156,45.11000061035156,45.11000061035156,45.11000061035156,1703.0
2024-10-25 12:36:00+00:00,CNXN,70.33000183105469,70.33000183105469,70.33000183105469,70.33000183105469,70.33000183105469,912.0
2024-10-25 12:36:00+00:00,COHR,95.18000030517578,95.18000030517578,95.22000122070312,95.18000030517578,95.19000244140625,3498.0
2024-10-25 12:36:00+00:00,COIN,209.0,209.0,209.0,208.67999267578125,208.8350067138672,7213.0
2024-10-25 12:36:00+00:00,COMM,6.320000171661377,6.320000171661377,6.320000171661377,6.315000057220459,6.315000057220459,2483.0
2024-10-25 12:36:00+00:00,CORZ,13.335000038146973,13.335000038146973,13.335000038146973,13.324999809265137,13.324999809265137,9467.0
2024-10-25 12:36:00+00:00,CORZW,7.800000190734863,7.800000190734863,7.800000190734863,7.800000190734863,7.800000190734863,5366.0
2024-10-25 12:36:00+00:00,CRDO,39.75,39.75,39.75,39.7400016784668,39.7400016784668,833.0
2024-10-25 12:36:00+00:00,CRNC,2.865000009536743,2.865000009536743,2.869999885559082,2.865000009536743,2.869999885559082,13229.0
2024-10-25 12:36:00+00:00,CRWD,308.3699951171875,308.3699951171875,309.69000244140625,307.864990234375,308.55999755859375,98994.0
2024-10-25 12:36:00+00:00,CSCO,56.005001068115234,56.005001068115234,56.0099983215332,55.9900016784668,55.9900016784668,16067.0
2024-10-25 12:36:00+00:00,CSIQ,13.789999961853027,13.789999961853027,13.789999961853027,13.789999961853027,13.789999961853027,521.0
2024-10-25 12:36:00+00:00,CSPI,12.880000114440918,12.880000114440918,12.880000114440918,12.869999885559082,12.869999885559082,1820.0
2024-10-25 12:36:00+00:00,CTSH,74.98999786376953,74.98999786376953,74.98999786376953,74.98999786376953,74.98999786376953,2718.0
2024-10-25 12:36:00+00:00,DDOG,127.55999755859375,127.55999755859375,127.58999633789062,127.55999755859375,127.55999755859375,4508.0
2024-10-25 12:36:00+00:00,DGHI,1.600000023841858,1.600000023841858,1.600000023841858,1.5989999771118164,1.5989999771118164,5025.0
2024-10-25 12:36:00+00:00,DLO,8.859999656677246,8.859999656677246,8.859999656677246,8.859999656677246,8.859999656677246,398.0
2024-10-25 12:36:00+00:00,DOCU,69.98999786376953,69.98999786376953,69.99500274658203,69.98999786376953,69.99500274658203,12354.0
2024-10-25 12:36:00+00:00,DOX,89.69999694824219,89.69999694824219,89.69999694824219,89.69999694824219,89.69999694824219,644.0
2024-10-25 12:36:00+00:00,DSP,11.410099983215332,11.410099983215332,11.410099983215332,11.410099983215332,11.410099983215332,110.0
2024-10-25 12:36:00+00:00,DTSS,2.450000047683716,2.450000047683716,2.450000047683716,2.450000047683716,2.450000047683716,60.0
2024-10-25 12:36:00+00:00,EBON,5.869999885559082,5.869999885559082,5.869999885559082,5.869999885559082,5.869999885559082,1361.0
2024-10-25 12:36:00+00:00,EEFT,99.91000366210938,99.91000366210938,99.91000366210938,99.9000015258789,99.9000015258789,314.0
2024-10-25 12:36:00+00:00,ENPH,83.68000030517578,83.68000030517578,83.68000030517578,83.55000305175781,83.58499908447266,4470.0
2024-10-25 12:36:00+00:00,ENTG,105.95999908447266,105.95999908447266,105.97000122070312,105.94000244140625,105.97000122070312,1598.0
2024-10-25 12:36:00+00:00,ERIC,8.479900360107422,8.479900360107422,8.479900360107422,8.475000381469727,8.475700378417969,5662.0
2024-10-25 12:36:00+00:00,EXFY,1.7300000190734863,1.7300000190734863,1.7300000190734863,1.725000023841858,1.725000023841858,327.0
2024-10-25 12:36:00+00:00,FIVN,29.959999084472656,29.959999084472656,29.969999313354492,29.959999084472656,29.969999313354492,1265.0
2024-10-25 12:36:00+00:00,FLEX,35.404998779296875,35.404998779296875,35.415000915527344,35.404300689697266,35.415000915527344,1667.0
2024-10-25 12:36:00+00:00,FLYW,17.510000228881836,17.510000228881836,17.510000228881836,17.510000228881836,17.510000228881836,328.0
2024-10-25 12:36:00+00:00,FROG,29.475000381469727,29.475000381469727,29.475000381469727,29.475000381469727,29.475000381469727,259.0
2024-10-25 12:36:00+00:00,FRSH,11.670000076293945,11.670000076293945,11.670000076293945,11.670000076293945,11.670000076293945,177.0
2024-10-25 12:36:00+00:00,FSLR,199.5334014892578,199.5334014892578,199.5334014892578,199.44000244140625,199.44000244140625,716.0
2024-10-25 12:36:00+00:00,FTNT,81.36000061035156,81.36000061035156,81.4000015258789,81.36000061035156,81.4000015258789,2898.0
2024-10-25 12:36:00+00:00,GCT,24.920000076293945,24.920000076293945,24.920000076293945,24.898700714111328,24.898700714111328,364.0
2024-10-25 12:36:00+00:00,GDS,21.655000686645508,21.655000686645508,21.655000686645508,21.610000610351562,21.610000610351562,1167.0
2024-10-25 12:36:00+00:00,GDYN,15.585000038146973,15.585000038146973,15.585000038146973,15.585000038146973,15.585000038146973,190.0
2024-10-25 12:36:00+00:00,GFS,41.22999954223633,41.22999954223633,41.22999954223633,41.224998474121094,41.224998474121094,2179.0
2024-10-25 12:36:00+00:00,GPRO,1.3350000381469727,1.3350000381469727,1.3350000381469727,1.3350000381469727,1.3350000381469727,389.0
2024-10-25 12:36:00+00:00,GRAB,4.085000038146973,4.085000038146973,4.090000152587891,4.079999923706055,4.090000152587891,6163.0
2024-10-25 12:36:00+00:00,GRRR,4.541999816894531,4.541999816894531,4.541999816894531,4.53000020980835,4.539999961853027,4496.0
2024-10-25 12:36:00+00:00,GTLB,55.7599983215332,55.7599983215332,55.7599983215332,55.7599983215332,55.7599983215332,589.0
2024-10-25 12:36:00+00:00,GVP,4.610799789428711,4.610799789428711,4.610799789428711,4.610799789428711,4.610799789428711,201.0
2024-10-25 12:36:00+00:00,HCP,33.689998626708984,33.689998626708984,33.69499969482422,33.689998626708984,33.69499969482422,3354.0
2024-10-25 12:36:00+00:00,HLIT,14.760000228881836,14.760000228881836,14.770000457763672,14.760000228881836,14.760000228881836,1125.0
2024-10-25 12:36:00+00:00,HOLO,3.6700000762939453,3.6700000762939453,3.6700000762939453,3.6610000133514404,3.6610000133514404,1691.0
2024-10-25 12:36:00+00:00,HOOD,27.34000015258789,27.34000015258789,27.34000015258789,27.30470085144043,27.309999465942383,5159.0
2024-10-25 12:36:00+00:00,IDAI,0.22990000247955322,0.22990000247955322,0.22990000247955322,0.22990000247955322,0.22990000247955322,603.0
2024-10-25 12:36:00+00:00,INOD,20.0,20.0,20.0,20.0,20.0,1134.0
2024-10-25 12:36:00+00:00,INTA,50.25,50.25,50.25,50.22999954223633,50.22999954223633,656.0
2024-10-25 12:36:00+00:00,INTC,23.165000915527344,23.165000915527344,23.176000595092773,23.15999984741211,23.166000366210938,42705.0
2024-10-25 12:36:00+00:00,INTU,610.53271484375,610.53271484375,610.53271484375,610.53271484375,610.53271484375,1710.0
2024-10-25 12:36:00+00:00,ITRN,27.094999313354492,27.094999313354492,27.094999313354492,27.094999313354492,27.094999313354492,708.0
2024-10-25 12:36:00+00:00,JAMF,16.850000381469727,16.850000381469727,16.850000381469727,16.850000381469727,16.850000381469727,201.0
2024-10-25 12:36:00+00:00,JG,7.639999866485596,7.639999866485596,7.639999866485596,7.308700084686279,7.35099983215332,4069.0
2024-10-25 12:36:00+00:00,JKHY,184.0,184.0,184.0,184.0,184.0,665.0
2024-10-25 12:36:00+00:00,KLAC,681.8599853515625,681.8599853515625,681.8599853515625,681.2299194335938,681.2299194335938,4620.0
2024-10-25 12:36:00+00:00,KLIC,44.39500045776367,44.39500045776367,44.39500045776367,44.38999938964844,44.38999938964844,1039.0
2024-10-25 12:36:00+00:00,LINK,5.0,5.0,5.059899806976318,5.0,5.059899806976318,2259.0
2024-10-25 12:36:00+00:00,LOGI,81.05999755859375,81.05999755859375,81.05999755859375,81.05999755859375,81.05999755859375,268.0
2024-10-25 12:36:00+00:00,LRCX,79.29000091552734,79.29000091552734,79.33789825439453,79.19999694824219,79.19999694824219,35518.0
2024-10-25 12:36:00+00:00,LSCC,54.58000183105469,54.58000183105469,54.599998474121094,54.58000183105469,54.599998474121094,1024.0
2024-10-25 12:36:00+00:00,LYFT,13.805000305175781,13.805000305175781,13.805000305175781,13.795000076293945,13.795999526977539,10757.0
2024-10-25 12:36:00+00:00,MANH,276.6400146484375,276.6400146484375,276.6400146484375,276.6400146484375,276.6400146484375,696.0
2024-10-25 12:36:00+00:00,MCHP,77.08000183105469,77.08000183105469,77.08999633789062,77.05999755859375,77.07990264892578,12174.0
2024-10-25 12:36:00+00:00,MDB,268.1700134277344,268.1700134277344,268.3500061035156,268.05999755859375,268.05999755859375,73818.0
2024-10-25 12:36:00+00:00,MITK,8.779999732971191,8.779999732971191,8.779999732971191,8.779999732971191,8.779999732971191,124.0
2024-10-25 12:36:00+00:00,MKSI,101.04499816894531,101.04499816894531,101.04750061035156,101.04499816894531,101.04499816894531,926.0
2024-10-25 12:36:00+00:00,MLAB,114.05000305175781,114.05000305175781,114.29000091552734,114.05000305175781,114.29000091552734,432.0
2024-10-25 12:36:00+00:00,MNDY,298.9700012207031,298.9700012207031,298.9700012207031,298.75,298.75,1203.0
2024-10-25 12:36:00+00:00,MPWR,923.7249755859375,923.7249755859375,923.9119262695312,923.7249755859375,923.72998046875,1495.0
2024-10-25 12:36:00+00:00,MRVL,83.02999877929688,83.02999877929688,83.04000091552734,82.993896484375,83.01000213623047,8531.0
2024-10-25 12:36:00+00:00,MSFT,430.32000732421875,430.32000732421875,430.45001220703125,430.3004150390625,430.3599853515625,18691.0
2024-10-25 12:36:00+00:00,MSTR,238.59649658203125,238.59649658203125,238.8300018310547,238.35000610351562,238.36900329589844,20251.0
2024-10-25 12:36:00+00:00,MTC,0.3695000112056732,0.3695000112056732,0.3695000112056732,0.36910000443458557,0.36910000443458557,11110.0
2024-10-25 12:36:00+00:00,MTSI,121.08999633789062,121.08999633789062,121.08999633789062,121.08999633789062,121.08999633789062,531.0
2024-10-25 12:36:00+00:00,MU,109.13999938964844,109.13999938964844,109.16999816894531,109.12000274658203,109.12000274658203,13537.0
2024-10-25 12:36:00+00:00,MXL,15.175000190734863,15.175000190734863,15.180000305175781,15.175000190734863,15.175000190734863,1320.0
2024-10-25 12:36:00+00:00,NCNO,37.801700592041016,37.801700592041016,37.801700592041016,37.801700592041016,37.801700592041016,463.0
2024-10-25 12:36:00+00:00,NTAP,120.49009704589844,120.49009704589844,120.5199966430664,120.44000244140625,120.44000244140625,1703.0
2024-10-25 12:36:00+00:00,NTNX,62.22999954223633,62.22999954223633,62.22999954223633,62.189998626708984,62.189998626708984,2058.0
2024-10-25 12:36:00+00:00,NVDA,143.50999450683594,143.50999450683594,143.52999877929688,143.47500610351562,143.51010131835938,140948.0
2024-10-25 12:36:00+00:00,NVEI,33.525001525878906,33.525001525878906,33.525001525878906,33.525001525878906,33.525001525878906,100.0
2024-10-25 12:36:00+00:00,NVTS,2.6089999675750732,2.6089999675750732,2.6089999675750732,2.6050000190734863,2.6050000190734863,1360.0
2024-10-25 12:36:00+00:00,NXPI,245.39500427246094,245.39500427246094,245.4600067138672,245.39500427246094,245.4550018310547,1209.0
2024-10-25 12:36:00+00:00,OKTA,72.63999938964844,72.63999938964844,72.63999938964844,72.63999938964844,72.63999938964844,3554.0
2024-10-25 12:36:00+00:00,ON,72.1500015258789,72.1500015258789,72.18000030517578,72.12000274658203,72.12000274658203,16089.0
2024-10-25 12:36:00+00:00,OTEX,33.400001525878906,33.400001525878906,33.409698486328125,33.400001525878906,33.409698486328125,1235.0
2024-10-25 12:36:00+00:00,PANW,369.9750061035156,369.9750061035156,370.2799987792969,369.8500061035156,370.0199890136719,5233.0
2024-10-25 12:36:00+00:00,PEGA,80.33000183105469,80.33000183105469,80.3499984741211,80.23500061035156,80.23999786376953,4013.0
2024-10-25 12:36:00+00:00,PEGY,4.699999809265137,4.699999809265137,4.699999809265137,4.699999809265137,4.699999809265137,506.0
2024-10-25 12:36:00+00:00,PHUN,10.281000137329102,10.281000137329102,10.319899559020996,10.274999618530273,10.3149995803833,45989.0
2024-10-25 12:36:00+00:00,PI,203.9949951171875,203.9949951171875,203.9949951171875,203.9949951171875,203.9949951171875,1458.0
2024-10-25 12:36:00+00:00,POET,3.95989990234375,3.95989990234375,3.95989990234375,3.950000047683716,3.950000047683716,5763.0
2024-10-25 12:36:00+00:00,PRGS,64.88999938964844,64.88999938964844,64.88999938964844,64.88999938964844,64.88999938964844,347.0
2024-10-25 12:36:00+00:00,PRTH,5.27869987487793,5.27869987487793,5.27869987487793,5.269999980926514,5.269999980926514,2596.0
2024-10-25 12:36:00+00:00,PYCR,14.319999694824219,14.319999694824219,14.329999923706055,14.319999694824219,14.329999923706055,1408.0
2024-10-25 12:36:00+00:00,QCOM,172.78500366210938,172.78500366210938,172.8199005126953,172.77000427246094,172.77999877929688,9560.0
2024-10-25 12:36:00+00:00,QRVO,100.30000305175781,100.30000305175781,100.33999633789062,100.30000305175781,100.33999633789062,987.0
2024-10-25 12:36:00+00:00,QUBT,1.065000057220459,1.065000057220459,1.0700000524520874,1.059999942779541,1.059999942779541,7992.0
2024-10-25 12:36:00+00:00,RCAT,2.7527999877929688,2.7527999877929688,2.7527999877929688,2.7527999877929688,2.7527999877929688,403.0
2024-10-25 12:36:00+00:00,REKR,1.0994000434875488,1.0994000434875488,1.0994000434875488,1.0994000434875488,1.0994000434875488,2111.0
2024-10-25 12:36:00+00:00,RELY,14.819999694824219,14.819999694824219,14.84000015258789,14.819999694824219,14.84000015258789,3040.0
2024-10-25 12:36:00+00:00,RGTI,1.215000033378601,1.215000033378601,1.219099998474121,1.215000033378601,1.219099998474121,1793.0
2024-10-25 12:36:00+00:00,RIOT,10.025699615478516,10.025699615478516,10.029000282287598,10.010000228881836,10.019000053405762,15534.0
2024-10-25 12:36:00+00:00,RMBS,43.59000015258789,43.59000015258789,43.59000015258789,43.59000015258789,43.59000015258789,775.0
2024-10-25 12:36:00+00:00,RPAY,7.610000133514404,7.610000133514404,7.610000133514404,7.610000133514404,7.610000133514404,542.0
2024-10-25 12:36:00+00:00,RPD,39.02000045776367,39.02000045776367,39.02000045776367,39.02000045776367,39.02000045776367,1144.0
2024-10-25 12:36:00+00:00,RUM,5.708700180053711,5.708700180053711,5.708700180053711,5.708700180053711,5.708700180053711,1024.0
2024-10-25 12:36:00+00:00,RUN,14.40999984741211,14.40999984741211,14.420000076293945,14.40999984741211,14.420000076293945,2865.0
2024-10-25 12:36:00+00:00,SATS,25.06999969482422,25.06999969482422,25.06999969482422,25.024999618530273,25.024999618530273,1920.0
2024-10-25 12:36:00+00:00,SEDG,16.15999984741211,16.15999984741211,16.15999984741211,16.1299991607666,16.139999389648438,4124.0
2024-10-25 12:36:00+00:00,SHLS,5.324999809265137,5.324999809265137,5.324999809265137,5.304999828338623,5.304999828338623,25276.0
2024-10-25 12:36:00+00:00,SMCI,47.939998626708984,47.939998626708984,47.939998626708984,47.904998779296875,47.91460037231445,33221.0
2024-10-25 12:36:00+00:00,SMTC,45.97999954223633,45.97999954223633,45.97999954223633,45.970001220703125,45.970001220703125,579.0
2024-10-25 12:36:00+00:00,SNPS,504.19000244140625,504.19000244140625,504.19000244140625,504.1700134277344,504.1700134277344,3552.0
2024-10-25 12:36:00+00:00,SONO,12.805000305175781,12.805000305175781,12.8100004196167,12.805000305175781,12.8100004196167,978.0
2024-10-25 12:36:00+00:00,SOUN,5.276299953460693,5.276299953460693,5.28000020980835,5.270100116729736,5.274499893188477,3413.0
2024-10-25 12:36:00+00:00,SPSC,171.7550048828125,171.7550048828125,171.7550048828125,171.7550048828125,171.7550048828125,850.0
2024-10-25 12:36:00+00:00,SRAD,12.395000457763672,12.395000457763672,12.395000457763672,12.395000457763672,12.395000457763672,206.0
2024-10-25 12:36:00+00:00,SSNC,69.62000274658203,69.62000274658203,69.62000274658203,69.58000183105469,69.58000183105469,3957.0
2024-10-25 12:36:00+00:00,SSYS,7.119999885559082,7.119999885559082,7.119999885559082,7.119999885559082,7.119999885559082,185.0
2024-10-25 12:36:00+00:00,STNE,11.501500129699707,11.501500129699707,11.505000114440918,11.501500129699707,11.505000114440918,1190.0
2024-10-25 12:36:00+00:00,STX,104.1050033569336,104.1050033569336,104.12000274658203,104.1050033569336,104.12000274658203,814.0
2024-10-25 12:36:00+00:00,SVRE,0.0820000022649765,0.0820000022649765,0.0820000022649765,0.0820000022649765,0.0820000022649765,13339.0
2024-10-25 12:36:00+00:00,SWKS,96.51129913330078,96.51129913330078,96.51129913330078,96.51129913330078,96.51129913330078,465.0
2024-10-25 12:36:00+00:00,SYTA,1.2799999713897705,1.2799999713897705,1.2799999713897705,1.2799999713897705,1.2799999713897705,489.0
2024-10-25 12:36:00+00:00,TEAM,190.59500122070312,190.59500122070312,190.59750366210938,190.59500122070312,190.59750366210938,1362.0
2024-10-25 12:36:00+00:00,TENB,41.779998779296875,41.779998779296875,41.779998779296875,41.7400016784668,41.77000045776367,1141.0
2024-10-25 12:36:00+00:00,TER,112.88500213623047,112.88500213623047,112.9000015258789,112.83000183105469,112.83999633789062,2872.0
2024-10-25 12:36:00+00:00,TTD,119.68000030517578,119.68000030517578,119.69999694824219,119.6050033569336,119.6050033569336,4464.0
2024-10-25 12:36:00+00:00,TWKS,4.449999809265137,4.449999809265137,4.449999809265137,4.449999809265137,4.449999809265137,5838.0
2024-10-25 12:36:00+00:00,TXN,209.07000732421875,209.07000732421875,209.08999633789062,208.97999572753906,209.03399658203125,3455.0
2024-10-25 12:36:00+00:00,VECO,29.514999389648438,29.514999389648438,29.514999389648438,29.510000228881836,29.513900756835938,675.0
2024-10-25 12:36:00+00:00,VERI,3.4040000438690186,3.4040000438690186,3.4049999713897705,3.4040000438690186,3.4049999713897705,451.0
2024-10-25 12:36:00+00:00,VIAV,9.257499694824219,9.257499694824219,9.257499694824219,9.25,9.25,1632.0
2024-10-25 12:36:00+00:00,VMEO,4.78000020980835,4.78000020980835,4.78000020980835,4.78000020980835,4.78000020980835,1217.0
2024-10-25 12:36:00+00:00,VRNS,57.04999923706055,57.04999923706055,57.060001373291016,57.0099983215332,57.02000045776367,4179.0
2024-10-25 12:36:00+00:00,VRSN,186.1804962158203,186.1804962158203,186.1804962158203,186.1804962158203,186.1804962158203,932.0
2024-10-25 12:36:00+00:00,VSAT,10.33180046081543,10.33180046081543,10.33180046081543,10.33180046081543,10.33180046081543,606.0
2024-10-25 12:36:00+00:00,WDAY,239.6092987060547,239.6092987060547,239.78990173339844,239.5800018310547,239.61000061035156,1700.0
2024-10-25 12:36:00+00:00,WDC,71.58290100097656,71.58290100097656,71.61000061035156,71.56009674072266,71.56999969482422,2717.0
2024-10-25 12:36:00+00:00,WISA,1.9199999570846558,1.9199999570846558,1.9199999570846558,1.909999966621399,1.909999966621399,1505.0
2024-10-25 12:36:00+00:00,WLDS,3.4059998989105225,3.4059998989105225,3.4059998989105225,3.4059998989105225,3.4059998989105225,687.0
2024-10-25 12:36:00+00:00,ZBRA,363.32501220703125,363.32501220703125,363.32501220703125,363.32501220703125,363.32501220703125,282.0
2024-10-25 12:36:00+00:00,ZI,10.545000076293945,10.545000076293945,10.545000076293945,10.545000076293945,10.545000076293945,514.0
2024-10-25 12:36:00+00:00,ZM,73.1500015258789,73.1500015258789,73.1500015258789,73.1500015258789,73.1500015258789,716.0
2024-10-25 12:36:00+00:00,ZS,186.61000061035156,186.61000061035156,186.72999572753906,186.60000610351562,186.60000610351562,1015.0
2024-10-25 12:37:00+00:00,AAPL,232.65199279785156,232.65199279785156,232.6748046875,232.6199951171875,232.6439971923828,44994.0
2024-10-25 12:37:00+00:00,ACLS,90.5999984741211,90.5999984741211,90.5999984741211,90.5999984741211,90.5999984741211,116.0
2024-10-25 12:37:00+00:00,ACMR,20.020000457763672,20.020000457763672,20.06999969482422,20.020000457763672,20.06999969482422,3008.0
2024-10-25 12:37:00+00:00,ADBE,485.7298889160156,485.7298889160156,485.7298889160156,485.2135925292969,485.3900146484375,3818.0
2024-10-25 12:37:00+00:00,ADI,233.67970275878906,233.67970275878906,233.77999877929688,233.61000061035156,233.69000244140625,1573.0
2024-10-25 12:37:00+00:00,ADSK,286.9800109863281,286.9800109863281,286.9800109863281,286.9200134277344,286.9200134277344,1178.0
2024-10-25 12:37:00+00:00,AEHR,17.139999389648438,17.139999389648438,17.15679931640625,17.139999389648438,17.145999908447266,3609.0
2024-10-25 12:37:00+00:00,AFRM,41.83000183105469,41.83000183105469,41.84000015258789,41.810001373291016,41.84000015258789,3613.0
2024-10-25 12:37:00+00:00,AKAM,102.98999786376953,102.98999786376953,103.01000213623047,102.98999786376953,103.00509643554688,1385.0
2024-10-25 12:37:00+00:00,ALGM,22.93000030517578,22.93000030517578,22.934999465942383,22.920000076293945,22.934999465942383,6673.0
2024-10-25 12:37:00+00:00,ALTR,103.63500213623047,103.63500213623047,103.63500213623047,103.63500213623047,103.63500213623047,1563.0
2024-10-25 12:37:00+00:00,AMAT,188.52000427246094,188.52000427246094,188.6999969482422,188.5,188.69000244140625,3503.0
2024-10-25 12:37:00+00:00,AMD,158.2375946044922,158.2375946044922,158.27999877929688,158.1699981689453,158.20399475097656,19908.0
2024-10-25 12:37:00+00:00,AMKR,30.077699661254883,30.077699661254883,30.077699661254883,30.077699661254883,30.077699661254883,1138.0
2024-10-25 12:37:00+00:00,ANSS,325.989990234375,325.989990234375,325.989990234375,325.989990234375,325.989990234375,1959.0
2024-10-25 12:37:00+00:00,ANY,1.065000057220459,1.065000057220459,1.065000057220459,1.0641000270843506,1.065000057220459,0.0
2024-10-25 12:37:00+00:00,APCX,0.7400000095367432,0.7400000095367432,0.7400000095367432,0.7400000095367432,0.7400000095367432,2700.0
2024-10-25 12:37:00+00:00,APP,162.4886016845703,162.4886016845703,162.4886016845703,162.3802947998047,162.41000366210938,3401.0
2024-10-25 12:37:00+00:00,APPF,215.47000122070312,215.47000122070312,215.66000366210938,215.38999938964844,215.44000244140625,2228.0
2024-10-25 12:37:00+00:00,APPN,32.15999984741211,32.15999984741211,32.15999984741211,32.13999938964844,32.13999938964844,1416.0
2024-10-25 12:37:00+00:00,APPS,3.069999933242798,3.069999933242798,3.069999933242798,3.0699000358581543,3.0699000358581543,5620.0
2024-10-25 12:37:00+00:00,ARBE,1.858199954032898,1.858199954032898,1.8586000204086304,1.8550000190734863,1.8550000190734863,2703.0
2024-10-25 12:37:00+00:00,ARRY,6.519999980926514,6.519999980926514,6.526000022888184,6.510000228881836,6.525000095367432,27215.0
2024-10-25 12:37:00+00:00,ASML,718.9400024414062,718.9400024414062,719.1832885742188,718.8099975585938,719.1832885742188,1653.0
2024-10-25 12:37:00+00:00,AUR,6.454999923706055,6.454999923706055,6.458000183105469,6.454999923706055,6.454999923706055,9119.0
2024-10-25 12:37:00+00:00,AVDX,8.188799858093262,8.188799858093262,8.199999809265137,8.170000076293945,8.170000076293945,15159.0
2024-10-25 12:37:00+00:00,AVGO,176.02670288085938,176.02670288085938,176.1300048828125,176.0063934326172,176.1199951171875,8352.0
2024-10-25 12:37:00+00:00,AVNW,21.059999465942383,21.059999465942383,21.059999465942383,21.059999465942383,21.059999465942383,135.0
2024-10-25 12:37:00+00:00,AVT,54.14070129394531,54.14070129394531,54.14070129394531,54.14070129394531,54.14070129394531,1038.0
2024-10-25 12:37:00+00:00,BCOV,2.259999990463257,2.259999990463257,2.259999990463257,2.259999990463257,2.259999990463257,116.0
2024-10-25 12:37:00+00:00,BIGC,5.315000057220459,5.315000057220459,5.315000057220459,5.315000057220459,5.315000057220459,176.0
2024-10-25 12:37:00+00:00,BOXL,0.47029998898506165,0.47029998898506165,0.47029998898506165,0.47029998898506165,0.47029998898506165,126.0
2024-10-25 12:37:00+00:00,BRZE,30.790000915527344,30.790000915527344,30.790000915527344,30.790000915527344,30.790000915527344,112.0
2024-10-25 12:37:00+00:00,CDNS,259.07501220703125,259.07501220703125,259.0899963378906,259.07501220703125,259.07501220703125,1318.0
2024-10-25 12:37:00+00:00,CETX,0.30000001192092896,0.30000001192092896,0.30000001192092896,0.30000001192092896,0.30000001192092896,16049.0
2024-10-25 12:37:00+00:00,CFLT,22.639999389648438,22.639999389648438,22.649999618530273,22.635000228881836,22.645000457763672,5116.0
2024-10-25 12:37:00+00:00,CGNX,39.084999084472656,39.084999084472656,39.084999084472656,39.06999969482422,39.06999969482422,858.0
2024-10-25 12:37:00+00:00,CLBT,18.170000076293945,18.170000076293945,18.170000076293945,18.156299591064453,18.15999984741211,1360.0
2024-10-25 12:37:00+00:00,CLRO,0.5893999934196472,0.5893999934196472,0.5893999934196472,0.5848000049591064,0.5889999866485596,1044.0
2024-10-25 12:37:00+00:00,CLSK,11.860099792480469,11.860099792480469,11.86989974975586,11.830100059509277,11.830100059509277,41700.0
2024-10-25 12:37:00+00:00,COHR,95.18000030517578,95.18000030517578,95.18000030517578,95.1500015258789,95.17500305175781,1126.0
2024-10-25 12:37:00+00:00,COHU,26.298999786376953,26.298999786376953,26.298999786376953,26.298999786376953,26.298999786376953,506.0
2024-10-25 12:37:00+00:00,COIN,209.10000610351562,209.10000610351562,209.24989318847656,208.8300018310547,208.8300018310547,8408.0
2024-10-25 12:37:00+00:00,COMM,6.316699981689453,6.316699981689453,6.316699981689453,6.315000057220459,6.315000057220459,649.0
2024-10-25 12:37:00+00:00,CORZ,13.34000015258789,13.34000015258789,13.34000015258789,13.319999694824219,13.329999923706055,8759.0
2024-10-25 12:37:00+00:00,CORZW,7.789999961853027,7.789999961853027,7.789999961853027,7.789999961853027,7.789999961853027,4764.0
2024-10-25 12:37:00+00:00,CRCT,6.581500053405762,6.581500053405762,6.581500053405762,6.581500053405762,6.581500053405762,245.0
2024-10-25 12:37:00+00:00,CRNC,2.865000009536743,2.865000009536743,2.865000009536743,2.865000009536743,2.865000009536743,400.0
2024-10-25 12:37:00+00:00,CRWD,309.0,309.0,309.60919189453125,308.4700012207031,308.4700012207031,16352.0
2024-10-25 12:37:00+00:00,CSCO,55.9900016784668,55.9900016784668,56.005001068115234,55.9900016784668,56.005001068115234,7747.0
2024-10-25 12:37:00+00:00,CSGS,47.709999084472656,47.709999084472656,47.709999084472656,47.709999084472656,47.709999084472656,107.0
2024-10-25 12:37:00+00:00,CSIQ,13.789999961853027,13.789999961853027,13.819999694824219,13.789999961853027,13.819999694824219,2037.0
2024-10-25 12:37:00+00:00,CSPI,12.944999694824219,12.944999694824219,12.944999694824219,12.920000076293945,12.920000076293945,1383.0
2024-10-25 12:37:00+00:00,CTSH,75.0199966430664,75.0199966430664,75.02999877929688,75.0199966430664,75.02999877929688,1186.0
2024-10-25 12:37:00+00:00,DAKT,13.15999984741211,13.15999984741211,13.15999984741211,13.159899711608887,13.159899711608887,512.0
2024-10-25 12:37:00+00:00,DBX,26.049999237060547,26.049999237060547,26.049999237060547,26.045000076293945,26.045000076293945,1285.0
2024-10-25 12:37:00+00:00,DDOG,127.62999725341797,127.62999725341797,127.65499877929688,127.58000183105469,127.58000183105469,2511.0
2024-10-25 12:37:00+00:00,DGHI,1.600000023841858,1.600000023841858,1.6200000047683716,1.600000023841858,1.6198999881744385,6699.0
2024-10-25 12:37:00+00:00,DOCU,70.00499725341797,70.00499725341797,70.01000213623047,69.95500183105469,69.97000122070312,4025.0
2024-10-25 12:37:00+00:00,DOMO,8.039999961853027,8.039999961853027,8.050000190734863,8.039999961853027,8.050000190734863,799.0
2024-10-25 12:37:00+00:00,DUOL,289.6449890136719,289.6449890136719,289.6449890136719,289.6449890136719,289.6449890136719,541.0
2024-10-25 12:37:00+00:00,EEFT,99.96009826660156,99.96009826660156,100.0,99.88929748535156,99.95500183105469,4155.0
2024-10-25 12:37:00+00:00,ENPH,83.65499877929688,83.65499877929688,83.66999816894531,83.625,83.625,6739.0
2024-10-25 12:37:00+00:00,ENTG,105.95999908447266,105.95999908447266,106.04000091552734,105.95999908447266,106.04000091552734,873.0
2024-10-25 12:37:00+00:00,ERIC,8.475000381469727,8.475000381469727,8.475000381469727,8.475000381469727,8.475000381469727,2112.0
2024-10-25 12:37:00+00:00,EXFY,1.7300000190734863,1.7300000190734863,1.7300000190734863,1.7300000190734863,1.7300000190734863,233.0
2024-10-25 12:37:00+00:00,EXLS,38.93000030517578,38.93000030517578,38.93000030517578,38.93000030517578,38.93000030517578,592.0
2024-10-25 12:37:00+00:00,EXTR,14.475000381469727,14.475000381469727,14.475000381469727,14.475000381469727,14.475000381469727,691.0
2024-10-25 12:37:00+00:00,FIVN,29.96500015258789,29.96500015258789,29.975000381469727,29.96500015258789,29.96500015258789,1474.0
2024-10-25 12:37:00+00:00,FLEX,35.40999984741211,35.40999984741211,35.40999984741211,35.40999984741211,35.40999984741211,237.0
2024-10-25 12:37:00+00:00,FRSH,11.670000076293945,11.670000076293945,11.675000190734863,11.670000076293945,11.675000190734863,923.0
2024-10-25 12:37:00+00:00,FSLR,199.44009399414062,199.44009399414062,199.44009399414062,199.44009399414062,199.44009399414062,921.0
2024-10-25 12:37:00+00:00,FTCI,0.660099983215332,0.660099983215332,0.660099983215332,0.660099983215332,0.660099983215332,451.0
2024-10-25 12:37:00+00:00,FTNT,81.37999725341797,81.37999725341797,81.37999725341797,81.36000061035156,81.37000274658203,1877.0
2024-10-25 12:37:00+00:00,GCT,24.920000076293945,24.920000076293945,24.920000076293945,24.920000076293945,24.920000076293945,207.0
2024-10-25 12:37:00+00:00,GFS,41.20000076293945,41.20000076293945,41.25,41.20000076293945,41.22999954223633,3532.0
2024-10-25 12:37:00+00:00,GPRO,1.3350000381469727,1.3350000381469727,1.340000033378601,1.3350000381469727,1.3350000381469727,1055.0
2024-10-25 12:37:00+00:00,GRAB,4.085000038146973,4.085000038146973,4.090000152587891,4.085000038146973,4.090000152587891,21061.0
2024-10-25 12:37:00+00:00,GRRR,4.539999961853027,4.539999961853027,4.539999961853027,4.539999961853027,4.539999961853027,512.0
2024-10-25 12:37:00+00:00,HCP,33.685001373291016,33.685001373291016,33.685001373291016,33.68000030517578,33.685001373291016,2451.0
2024-10-25 12:37:00+00:00,HLIT,14.760000228881836,14.760000228881836,14.760000228881836,14.760000228881836,14.760000228881836,790.0
2024-10-25 12:37:00+00:00,HOLO,3.640000104904175,3.640000104904175,3.6600000858306885,3.640000104904175,3.6600000858306885,4217.0
2024-10-25 12:37:00+00:00,HOOD,27.325000762939453,27.325000762939453,27.34000015258789,27.325000762939453,27.34000015258789,6785.0
2024-10-25 12:37:00+00:00,ICHR,27.790000915527344,27.790000915527344,27.790000915527344,27.790000915527344,27.790000915527344,306.0
2024-10-25 12:37:00+00:00,INDI,3.5850000381469727,3.5850000381469727,3.5850000381469727,3.5799999237060547,3.5799999237060547,997.0
2024-10-25 12:37:00+00:00,INSG,20.084999084472656,20.084999084472656,20.100000381469727,20.059999465942383,20.079999923706055,2698.0
2024-10-25 12:37:00+00:00,INTA,50.2400016784668,50.2400016784668,50.2400016784668,50.22999954223633,50.22999954223633,219.0
2024-10-25 12:37:00+00:00,INTC,23.136699676513672,23.136699676513672,23.170000076293945,23.130300521850586,23.165000915527344,94287.0
2024-10-25 12:37:00+00:00,JAMF,16.850000381469727,16.850000381469727,16.850000381469727,16.850000381469727,16.850000381469727,293.0
2024-10-25 12:37:00+00:00,KC,2.7249999046325684,2.7249999046325684,2.7300000190734863,2.7249999046325684,2.7300000190734863,839.0
2024-10-25 12:37:00+00:00,LINK,4.999899864196777,4.999899864196777,4.999899864196777,4.999899864196777,4.999899864196777,755.0
2024-10-25 12:37:00+00:00,LITE,64.20999908447266,64.20999908447266,64.20999908447266,64.20999908447266,64.20999908447266,200.0
2024-10-25 12:37:00+00:00,LOGI,81.05000305175781,81.05000305175781,81.05000305175781,81.05000305175781,81.05000305175781,684.0
2024-10-25 12:37:00+00:00,LRCX,79.23999786376953,79.23999786376953,79.29000091552734,79.20999908447266,79.28500366210938,28970.0
2024-10-25 12:37:00+00:00,LSCC,54.61000061035156,54.61000061035156,54.61000061035156,54.61000061035156,54.61000061035156,1208.0
2024-10-25 12:37:00+00:00,LYFT,13.805999755859375,13.805999755859375,13.805999755859375,13.800100326538086,13.805000305175781,10099.0
2024-10-25 12:37:00+00:00,MANH,276.4949951171875,276.4949951171875,276.4949951171875,276.4949951171875,276.4949951171875,247.0
2024-10-25 12:37:00+00:00,MAPS,0.8518999814987183,0.8518999814987183,0.8567000031471252,0.8481000065803528,0.8481000065803528,2107.0
2024-10-25 12:37:00+00:00,MAXN,5.659900188446045,5.659900188446045,5.659900188446045,5.659900188446045,5.659900188446045,601.0
2024-10-25 12:37:00+00:00,MCHP,77.05500030517578,77.05500030517578,77.08999633789062,77.05000305175781,77.06999969482422,6049.0
2024-10-25 12:37:00+00:00,MIND,3.5350000858306885,3.5350000858306885,3.5350000858306885,3.5350000858306885,3.5350000858306885,1416.0
2024-10-25 12:37:00+00:00,MKSI,101.06999969482422,101.06999969482422,101.06999969482422,101.06999969482422,101.06999969482422,260.0
2024-10-25 12:37:00+00:00,MOB,1.315000057220459,1.315000057220459,1.315000057220459,1.309999942779541,1.309999942779541,0.0
2024-10-25 12:37:00+00:00,MPWR,923.6099853515625,923.6099853515625,923.7249755859375,923.6099853515625,923.6920776367188,2628.0
2024-10-25 12:37:00+00:00,MQ,5.295000076293945,5.295000076293945,5.295000076293945,5.295000076293945,5.295000076293945,363.0
2024-10-25 12:37:00+00:00,MRVL,83.09500122070312,83.09500122070312,83.11000061035156,83.02999877929688,83.02999877929688,14435.0
2024-10-25 12:37:00+00:00,MSFT,430.360107421875,430.360107421875,430.3949890136719,430.29998779296875,430.30999755859375,9215.0
2024-10-25 12:37:00+00:00,MSTR,239.27499389648438,239.27499389648438,239.4499969482422,238.64999389648438,238.74000549316406,19765.0
2024-10-25 12:37:00+00:00,MU,109.0999984741211,109.0999984741211,109.13500213623047,109.0999984741211,109.13200378417969,7923.0
2024-10-25 12:37:00+00:00,MVIS,1.100000023841858,1.100000023841858,1.100000023841858,1.100000023841858,1.100000023841858,50.0
2024-10-25 12:37:00+00:00,MXL,15.194999694824219,15.194999694824219,15.194999694824219,15.170000076293945,15.170000076293945,2372.0
2024-10-25 12:37:00+00:00,NCNO,37.79999923706055,37.79999923706055,37.79999923706055,37.79999923706055,37.79999923706055,1221.0
2024-10-25 12:37:00+00:00,NICE,176.6300048828125,176.6300048828125,176.75,176.6300048828125,176.75,403.0
2024-10-25 12:37:00+00:00,NNDM,2.3399999141693115,2.3399999141693115,2.3459999561309814,2.3399999141693115,2.3459999561309814,440.0
2024-10-25 12:37:00+00:00,NTGR,20.360000610351562,20.360000610351562,20.360000610351562,20.350000381469727,20.350000381469727,1589.0
2024-10-25 12:37:00+00:00,NVDA,143.47999572753906,143.47999572753906,143.53500366210938,143.47999572753906,143.49729919433594,147916.0
2024-10-25 12:37:00+00:00,NVEI,33.52000045776367,33.52000045776367,33.529998779296875,33.52000045776367,33.529998779296875,406.0
2024-10-25 12:37:00+00:00,NVTS,2.5999999046325684,2.5999999046325684,2.5999999046325684,2.5999999046325684,2.5999999046325684,250.0
2024-10-25 12:37:00+00:00,NXPI,245.41000366210938,245.41000366210938,245.5449981689453,245.41000366210938,245.42999267578125,3062.0
2024-10-25 12:37:00+00:00,OBLG,3.7699999809265137,3.7699999809265137,3.7699999809265137,3.75,3.759999990463257,9565.0
2024-10-25 12:37:00+00:00,OLED,204.9600067138672,204.9600067138672,205.16000366210938,204.8350067138672,205.16000366210938,1237.0
2024-10-25 12:37:00+00:00,ON,72.04840087890625,72.04840087890625,72.16999816894531,72.04840087890625,72.1500015258789,31952.0
2024-10-25 12:37:00+00:00,OTEX,33.415000915527344,33.415000915527344,33.415000915527344,33.40999984741211,33.40999984741211,1060.0
2024-10-25 12:37:00+00:00,PANW,369.93499755859375,369.93499755859375,369.9599914550781,369.82000732421875,369.9599914550781,2884.0
2024-10-25 12:37:00+00:00,PDFS,29.540000915527344,29.540000915527344,29.540000915527344,29.540000915527344,29.540000915527344,841.0
2024-10-25 12:37:00+00:00,PEGA,80.37999725341797,80.37999725341797,80.37999725341797,80.37999725341797,80.37999725341797,439.0
2024-10-25 12:37:00+00:00,PGY,11.854999542236328,11.854999542236328,11.854999542236328,11.850000381469727,11.850000381469727,627.0
2024-10-25 12:37:00+00:00,PHUN,10.335000038146973,10.335000038146973,10.34000015258789,10.270099639892578,10.279999732971191,21682.0
2024-10-25 12:37:00+00:00,PLXS,143.125,143.125,143.125,143.125,143.125,232.0
2024-10-25 12:37:00+00:00,POET,3.940000057220459,3.940000057220459,3.940000057220459,3.940000057220459,3.940000057220459,1099.0
2024-10-25 12:37:00+00:00,PTC,187.06500244140625,187.06500244140625,187.06500244140625,187.0406951904297,187.0406951904297,1127.0
2024-10-25 12:37:00+00:00,PYCR,14.319999694824219,14.319999694824219,14.319999694824219,14.3100004196167,14.3100004196167,295.0
2024-10-25 12:37:00+00:00,QCOM,172.69500732421875,172.69500732421875,172.77499389648438,172.67999267578125,172.77499389648438,2849.0
2024-10-25 12:37:00+00:00,QRVO,100.33000183105469,100.33000183105469,100.33000183105469,100.31839752197266,100.31839752197266,1752.0
2024-10-25 12:37:00+00:00,QUBT,1.065000057220459,1.065000057220459,1.069000005722046,1.065000057220459,1.069000005722046,2700.0
2024-10-25 12:37:00+00:00,QUIK,8.649999618530273,8.649999618530273,8.649999618530273,8.649999618530273,8.649999618530273,301.0
2024-10-25 12:37:00+00:00,REKR,1.090499997138977,1.090499997138977,1.0994999408721924,1.090499997138977,1.0994999408721924,5256.0
2024-10-25 12:37:00+00:00,RELY,14.831999778747559,14.831999778747559,14.831999778747559,14.829999923706055,14.829999923706055,1260.0
2024-10-25 12:37:00+00:00,RGTI,1.219099998474121,1.219099998474121,1.2200000286102295,1.2115000486373901,1.2200000286102295,14305.0
2024-10-25 12:37:00+00:00,RIOT,10.031499862670898,10.031499862670898,10.039999961853027,10.022600173950195,10.022600173950195,10885.0
2024-10-25 12:37:00+00:00,RUM,5.71999979019165,5.71999979019165,5.71999979019165,5.715000152587891,5.715000152587891,1534.0
2024-10-25 12:37:00+00:00,RUN,14.399999618530273,14.399999618530273,14.40999984741211,14.399999618530273,14.40999984741211,2996.0
2024-10-25 12:37:00+00:00,SATS,25.06999969482422,25.06999969482422,25.06999969482422,25.06999969482422,25.06999969482422,525.0
2024-10-25 12:37:00+00:00,SEDG,16.149999618530273,16.149999618530273,16.15839958190918,16.139999389648438,16.149999618530273,2641.0
2024-10-25 12:37:00+00:00,SKYT,10.736700057983398,10.736700057983398,10.736700057983398,10.736700057983398,10.736700057983398,415.0
2024-10-25 12:37:00+00:00,SMCI,47.869998931884766,47.869998931884766,47.959999084472656,47.86000061035156,47.928001403808594,45576.0
2024-10-25 12:37:00+00:00,SOUN,5.281899929046631,5.281899929046631,5.285799980163574,5.275000095367432,5.275000095367432,14167.0
2024-10-25 12:37:00+00:00,SRAD,12.395000457763672,12.395000457763672,12.395000457763672,12.395000457763672,12.395000457763672,110.0
2024-10-25 12:37:00+00:00,SSNC,69.62999725341797,69.62999725341797,69.63999938964844,69.61000061035156,69.62999725341797,5512.0
2024-10-25 12:37:00+00:00,STNE,11.505000114440918,11.505000114440918,11.505000114440918,11.505000114440918,11.505000114440918,443.0
2024-10-25 12:37:00+00:00,STX,104.07499694824219,104.07499694824219,104.0999984741211,104.07499694824219,104.08799743652344,951.0
2024-10-25 12:37:00+00:00,SVRE,0.08160000294446945,0.08160000294446945,0.08160000294446945,0.08160000294446945,0.08160000294446945,2621.0
2024-10-25 12:37:00+00:00,SWKS,96.51000213623047,96.51000213623047,96.54000091552734,96.5,96.51000213623047,3009.0
2024-10-25 12:37:00+00:00,SYTA,1.2979999780654907,1.2979999780654907,1.2979999780654907,1.2979999780654907,1.2979999780654907,100.0
2024-10-25 12:37:00+00:00,TEAM,190.74749755859375,190.74749755859375,190.8000030517578,190.60000610351562,190.60000610351562,2412.0
2024-10-25 12:37:00+00:00,TENB,41.7400016784668,41.7400016784668,41.7599983215332,41.7400016784668,41.7599983215332,806.0
2024-10-25 12:37:00+00:00,TER,112.83499908447266,112.83499908447266,112.83499908447266,112.70999908447266,112.83000183105469,8405.0
2024-10-25 12:37:00+00:00,TRMB,61.15999984741211,61.15999984741211,61.15999984741211,61.15999984741211,61.15999984741211,646.0
2024-10-25 12:37:00+00:00,TTD,119.69000244140625,119.69000244140625,119.75,119.68000030517578,119.72000122070312,4731.0
2024-10-25 12:37:00+00:00,TTMI,19.531999588012695,19.531999588012695,19.531999588012695,19.524999618530273,19.524999618530273,2118.0
2024-10-25 12:37:00+00:00,TWKS,4.449999809265137,4.449999809265137,4.449999809265137,4.449999809265137,4.449999809265137,961.0
2024-10-25 12:37:00+00:00,TXN,208.99000549316406,208.99000549316406,209.08999633789062,208.97999572753906,209.08999633789062,3490.0
2024-10-25 12:37:00+00:00,UCTT,36.130001068115234,36.130001068115234,36.130001068115234,36.130001068115234,36.130001068115234,392.0
2024-10-25 12:37:00+00:00,VECO,29.510000228881836,29.510000228881836,29.530000686645508,29.510000228881836,29.530000686645508,2088.0
2024-10-25 12:37:00+00:00,VERX,42.150001525878906,42.150001525878906,42.150001525878906,42.150001525878906,42.150001525878906,167.0
2024-10-25 12:37:00+00:00,VMEO,4.784999847412109,4.784999847412109,4.784999847412109,4.78000020980835,4.78000020980835,4326.0
2024-10-25 12:37:00+00:00,VNET,3.4749999046325684,3.4749999046325684,3.4749999046325684,3.4649999141693115,3.4679999351501465,18517.0
2024-10-25 12:37:00+00:00,VRNS,57.04999923706055,57.04999923706055,57.04999923706055,57.04999923706055,57.04999923706055,860.0
2024-10-25 12:37:00+00:00,VSAT,10.34000015258789,10.34000015258789,10.34000015258789,10.329999923706055,10.329999923706055,30.0
2024-10-25 12:37:00+00:00,WALD,3.619999885559082,3.619999885559082,3.630000114440918,3.619999885559082,3.627700090408325,2897.0
2024-10-25 12:37:00+00:00,WDAY,239.60499572753906,239.60499572753906,239.60499572753906,239.42999267578125,239.46099853515625,1303.0
2024-10-25 12:37:00+00:00,WDC,71.52999877929688,71.52999877929688,71.58999633789062,71.48999786376953,71.58999633789062,7746.0
2024-10-25 12:37:00+00:00,WISA,1.9399000406265259,1.9399000406265259,1.940000057220459,1.9149999618530273,1.9149999618530273,17903.0
2024-10-25 12:37:00+00:00,XRX,10.095000267028809,10.095000267028809,10.095000267028809,10.09000015258789,10.09000015258789,1066.0
2024-10-25 12:37:00+00:00,ZI,10.545000076293945,10.545000076293945,10.545000076293945,10.545000076293945,10.545000076293945,1047.0
2024-10-25 12:37:00+00:00,ZM,73.16999816894531,73.16999816894531,73.16999816894531,73.13999938964844,73.13999938964844,1873.0
2024-10-25 12:37:00+00:00,ZS,186.75,186.75,186.75,186.75,186.75,674.0
2024-10-25 12:38:00+00:00,AAOI,18.05190086364746,18.05190086364746,18.05190086364746,18.049999237060547,18.049999237060547,554.0
2024-10-25 12:38:00+00:00,AAPL,232.6999969482422,232.6999969482422,232.7100067138672,232.6199951171875,232.6479949951172,25535.0
2024-10-25 12:38:00+00:00,ACIW,48.8650016784668,48.8650016784668,48.8650016784668,48.8650016784668,48.8650016784668,154.0
2024-10-25 12:38:00+00:00,ACLS,90.58999633789062,90.58999633789062,90.58999633789062,90.58999633789062,90.58999633789062,358.0
2024-10-25 12:38:00+00:00,ADBE,486.1099853515625,486.1099853515625,486.1099853515625,486.010009765625,486.0580139160156,1585.0
2024-10-25 12:38:00+00:00,ADSK,287.0,287.0,287.0400085449219,286.989990234375,287.0400085449219,1668.0
2024-10-25 12:38:00+00:00,AEHR,17.170000076293945,17.170000076293945,17.170000076293945,17.15999984741211,17.15999984741211,1421.0
2024-10-25 12:38:00+00:00,AFRM,41.869998931884766,41.869998931884766,41.869998931884766,41.86000061035156,41.86000061035156,4090.0
2024-10-25 12:38:00+00:00,AKAM,103.01000213623047,103.01000213623047,103.01000213623047,103.0,103.0,1381.0
2024-10-25 12:38:00+00:00,ALGM,22.90999984741211,22.90999984741211,22.93000030517578,22.899999618530273,22.93000030517578,11804.0
2024-10-25 12:38:00+00:00,AMAT,188.55499267578125,188.55499267578125,188.58999633789062,188.5500030517578,188.5500030517578,2552.0
2024-10-25 12:38:00+00:00,AMBA,58.84000015258789,58.84000015258789,58.84000015258789,58.787601470947266,58.787601470947266,402.0
2024-10-25 12:38:00+00:00,AMD,158.1815948486328,158.1815948486328,158.2299041748047,158.1699981689453,158.22500610351562,17945.0
2024-10-25 12:38:00+00:00,AMKR,30.06999969482422,30.06999969482422,30.079999923706055,30.04199981689453,30.059999465942383,4334.0
2024-10-25 12:38:00+00:00,AMPL,9.234999656677246,9.234999656677246,9.234999656677246,9.23069953918457,9.23069953918457,948.0
2024-10-25 12:38:00+00:00,AMST,2.8561999797821045,2.8561999797821045,2.905900001525879,2.8499999046325684,2.890000104904175,4476.0
2024-10-25 12:38:00+00:00,ANSS,326.3399963378906,326.3399963378906,326.3399963378906,326.0799865722656,326.0799865722656,1935.0
2024-10-25 12:38:00+00:00,ANY,1.0694999694824219,1.0694999694824219,1.0694999694824219,1.0640000104904175,1.0640000104904175,3951.0
2024-10-25 12:38:00+00:00,APCX,0.7354999780654907,0.7354999780654907,0.7354999780654907,0.7354999780654907,0.7354999780654907,0.0
2024-10-25 12:38:00+00:00,API,2.8350000381469727,2.8350000381469727,2.8350000381469727,2.8350000381469727,2.8350000381469727,1008.0
2024-10-25 12:38:00+00:00,APP,162.47999572753906,162.47999572753906,162.47999572753906,162.33999633789062,162.40499877929688,2523.0
2024-10-25 12:38:00+00:00,APPF,216.1300048828125,216.1300048828125,216.1300048828125,215.75,215.75,1134.0
2024-10-25 12:38:00+00:00,APPS,3.069999933242798,3.069999933242798,3.069999933242798,3.069999933242798,3.069999933242798,390.0
2024-10-25 12:38:00+00:00,ARRY,6.534999847412109,6.534999847412109,6.539999961853027,6.519999980926514,6.525000095367432,34919.0
2024-10-25 12:38:00+00:00,AUR,6.460000038146973,6.460000038146973,6.460000038146973,6.454999923706055,6.454999923706055,1600.0
2024-10-25 12:38:00+00:00,AVGO,176.07000732421875,176.07000732421875,176.07000732421875,176.0,176.02000427246094,12126.0
2024-10-25 12:38:00+00:00,AVNW,21.110000610351562,21.110000610351562,21.110000610351562,21.030000686645508,21.030000686645508,4096.0
2024-10-25 12:38:00+00:00,AVPT,12.020000457763672,12.020000457763672,12.020000457763672,12.020000457763672,12.020000457763672,135.0
2024-10-25 12:38:00+00:00,AVT,54.11000061035156,54.11000061035156,54.13999938964844,54.084999084472656,54.127498626708984,1766.0
2024-10-25 12:38:00+00:00,BAND,17.725000381469727,17.725000381469727,17.725000381469727,17.725000381469727,17.725000381469727,106.0
2024-10-25 12:38:00+00:00,BASE,16.450000762939453,16.450000762939453,16.450000762939453,16.450000762939453,16.450000762939453,391.0
2024-10-25 12:38:00+00:00,BELFB,79.5999984741211,79.5999984741211,79.5999984741211,79.5999984741211,79.5999984741211,461.0
2024-10-25 12:38:00+00:00,BMBL,7.255000114440918,7.255000114440918,7.260000228881836,7.255000114440918,7.260000228881836,2793.0
2024-10-25 12:38:00+00:00,BRZE,30.790000915527344,30.790000915527344,30.790000915527344,30.790000915527344,30.790000915527344,895.0
2024-10-25 12:38:00+00:00,BSY,49.189998626708984,49.189998626708984,49.19599914550781,49.18000030517578,49.18000030517578,727.0
2024-10-25 12:38:00+00:00,CAN,0.9800999760627747,0.9800999760627747,0.9921000003814697,0.9800999760627747,0.9921000003814697,228023.0
2024-10-25 12:38:00+00:00,CCSI,20.709999084472656,20.709999084472656,20.709999084472656,20.709999084472656,20.709999084472656,468.0
2024-10-25 12:38:00+00:00,CDNS,259.2250061035156,259.2250061035156,259.25,259.0400085449219,259.0400085449219,4089.0
2024-10-25 12:38:00+00:00,CDW,219.6761016845703,219.6761016845703,219.6761016845703,219.6761016845703,219.6761016845703,340.0
2024-10-25 12:38:00+00:00,CETX,0.3019999861717224,0.3019999861717224,0.3019999861717224,0.3019999861717224,0.3019999861717224,404.0
2024-10-25 12:38:00+00:00,CFLT,22.674999237060547,22.674999237060547,22.674999237060547,22.655000686645508,22.655000686645508,1404.0
2024-10-25 12:38:00+00:00,CGNX,39.09000015258789,39.09000015258789,39.09000015258789,39.09000015258789,39.09000015258789,1297.0
2024-10-25 12:38:00+00:00,CHKP,207.52000427246094,207.52000427246094,207.55999755859375,207.47999572753906,207.55999755859375,584.0
2024-10-25 12:38:00+00:00,CLBT,18.18000030517578,18.18000030517578,18.18000030517578,18.18000030517578,18.18000030517578,388.0
2024-10-25 12:38:00+00:00,CLSK,11.847999572753906,11.847999572753906,11.859999656677246,11.84000015258789,11.859999656677246,53237.0
2024-10-25 12:38:00+00:00,CMTL,3.7149999141693115,3.7149999141693115,3.7300000190734863,3.7149999141693115,3.7300000190734863,20866.0
2024-10-25 12:38:00+00:00,CNDT,3.6549999713897705,3.6549999713897705,3.6549999713897705,3.6549999713897705,3.6549999713897705,336.0
2024-10-25 12:38:00+00:00,COHR,95.12999725341797,95.12999725341797,95.16500091552734,95.12000274658203,95.16500091552734,1228.0
2024-10-25 12:38:00+00:00,COIN,209.1898956298828,209.1898956298828,209.1898956298828,209.01950073242188,209.02999877929688,5587.0
2024-10-25 12:38:00+00:00,COMM,6.315000057220459,6.315000057220459,6.315000057220459,6.315000057220459,6.315000057220459,347.0
2024-10-25 12:38:00+00:00,CORZ,13.358499526977539,13.358499526977539,13.364999771118164,13.34000015258789,13.34000015258789,2379.0
2024-10-25 12:38:00+00:00,CRCT,6.590000152587891,6.590000152587891,6.590000152587891,6.590000152587891,6.590000152587891,690.0
2024-10-25 12:38:00+00:00,CRDO,39.70000076293945,39.70000076293945,39.70000076293945,39.70000076293945,39.70000076293945,694.0
2024-10-25 12:38:00+00:00,CRNC,2.865000009536743,2.865000009536743,2.869999885559082,2.859999895095825,2.869999885559082,478.0
2024-10-25 12:38:00+00:00,CRSR,6.425000190734863,6.425000190734863,6.429999828338623,6.425000190734863,6.429999828338623,2248.0
2024-10-25 12:38:00+00:00,CRWD,309.1199951171875,309.1199951171875,309.239990234375,308.20001220703125,308.8800048828125,10256.0
2024-10-25 12:38:00+00:00,CSCO,55.9901008605957,55.9901008605957,55.99800109863281,55.974998474121094,55.98500061035156,8629.0
2024-10-25 12:38:00+00:00,CSGS,47.68000030517578,47.68000030517578,47.709999084472656,47.68000030517578,47.709999084472656,657.0
2024-10-25 12:38:00+00:00,CSPI,13.0600004196167,13.0600004196167,13.109999656677246,13.0600004196167,13.100000381469727,1599.0
2024-10-25 12:38:00+00:00,CTSH,75.0199966430664,75.0199966430664,75.0199966430664,75.01000213623047,75.01000213623047,1570.0
2024-10-25 12:38:00+00:00,CYBR,292.20001220703125,292.20001220703125,292.20001220703125,292.20001220703125,292.20001220703125,276.0
2024-10-25 12:38:00+00:00,DATS,1.700600028038025,1.700600028038025,1.700600028038025,1.700600028038025,1.700600028038025,357.0
2024-10-25 12:38:00+00:00,DAVE,39.61000061035156,39.61000061035156,39.61000061035156,39.61000061035156,39.61000061035156,103.0
2024-10-25 12:38:00+00:00,DBX,26.05500030517578,26.05500030517578,26.059999465942383,26.045000076293945,26.045499801635742,4434.0
2024-10-25 12:38:00+00:00,DDOG,127.69000244140625,127.69000244140625,127.69999694824219,127.5999984741211,127.5999984741211,3219.0
2024-10-25 12:38:00+00:00,DGHI,1.6269999742507935,1.6269999742507935,1.6269999742507935,1.600000023841858,1.600000023841858,5600.0
2024-10-25 12:38:00+00:00,DGII,30.790000915527344,30.790000915527344,30.790000915527344,30.790000915527344,30.790000915527344,472.0
2024-10-25 12:38:00+00:00,DIOD,66.5199966430664,66.5199966430664,66.5625,66.5199966430664,66.5625,267.0
2024-10-25 12:38:00+00:00,DLO,8.850000381469727,8.850000381469727,8.854999542236328,8.850000381469727,8.854999542236328,1081.0
2024-10-25 12:38:00+00:00,DMRC,31.58489990234375,31.58489990234375,31.58489990234375,31.58489990234375,31.58489990234375,154.0
2024-10-25 12:38:00+00:00,DOCU,70.06999969482422,70.06999969482422,70.06999969482422,70.00499725341797,70.01100158691406,2613.0
2024-10-25 12:38:00+00:00,DSGX,104.57499694824219,104.57499694824219,104.57499694824219,104.55000305175781,104.55000305175781,551.0
2024-10-25 12:38:00+00:00,DTSS,2.450000047683716,2.450000047683716,2.450000047683716,2.450000047683716,2.450000047683716,200.0
2024-10-25 12:38:00+00:00,DUOL,289.5400085449219,289.5400085449219,289.5799865722656,289.5400085449219,289.5799865722656,441.0
2024-10-25 12:38:00+00:00,ENPH,83.66999816894531,83.66999816894531,83.66999816894531,83.66999816894531,83.66999816894531,628.0
2024-10-25 12:38:00+00:00,ENTG,105.9800033569336,105.9800033569336,105.9800033569336,105.9800033569336,105.9800033569336,101.0
2024-10-25 12:38:00+00:00,ERIC,8.473999977111816,8.473999977111816,8.475000381469727,8.471500396728516,8.471500396728516,10900.0
2024-10-25 12:38:00+00:00,EVCM,10.574999809265137,10.574999809265137,10.579999923706055,10.574999809265137,10.579999923706055,406.0
2024-10-25 12:38:00+00:00,EXLS,38.91999816894531,38.91999816894531,38.91999816894531,38.91999816894531,38.91999816894531,1567.0
2024-10-25 12:38:00+00:00,EXTR,14.46500015258789,14.46500015258789,14.470000267028809,14.460000038146973,14.470000267028809,1482.0
2024-10-25 12:38:00+00:00,FIVN,29.950000762939453,29.950000762939453,29.979999542236328,29.950000762939453,29.96500015258789,2568.0
2024-10-25 12:38:00+00:00,FLEX,35.38999938964844,35.38999938964844,35.400001525878906,35.380001068115234,35.400001525878906,3072.0
2024-10-25 12:38:00+00:00,FLYW,17.511699676513672,17.511699676513672,17.511699676513672,17.511699676513672,17.511699676513672,364.0
2024-10-25 12:38:00+00:00,FROG,29.479999542236328,29.479999542236328,29.479999542236328,29.475000381469727,29.475000381469727,1197.0
2024-10-25 12:38:00+00:00,FRSH,11.675000190734863,11.675000190734863,11.675000190734863,11.675000190734863,11.675000190734863,229.0
2024-10-25 12:38:00+00:00,FSLR,199.4499969482422,199.4499969482422,199.4499969482422,199.4499969482422,199.4499969482422,869.0
2024-10-25 12:38:00+00:00,FTFT,0.322299987077713,0.322299987077713,0.322299987077713,0.322299987077713,0.322299987077713,8837.0
2024-10-25 12:38:00+00:00,FTNT,81.37000274658203,81.37000274658203,81.37000274658203,81.3499984741211,81.37000274658203,3702.0
2024-10-25 12:38:00+00:00,GCT,24.889999389648438,24.889999389648438,24.91990089416504,24.885000228881836,24.885000228881836,5166.0
2024-10-25 12:38:00+00:00,GFS,41.20000076293945,41.20000076293945,41.20000076293945,41.20000076293945,41.20000076293945,748.0
2024-10-25 12:38:00+00:00,GPRO,1.3350000381469727,1.3350000381469727,1.340000033378601,1.3300000429153442,1.340000033378601,1816.0
2024-10-25 12:38:00+00:00,GRAB,4.081200122833252,4.081200122833252,4.0817999839782715,4.081200122833252,4.0817999839782715,2110.0
2024-10-25 12:38:00+00:00,GRRR,4.549900054931641,4.549900054931641,4.549900054931641,4.534999847412109,4.534999847412109,1884.0
2024-10-25 12:38:00+00:00,GTLB,55.790000915527344,55.790000915527344,55.79999923706055,55.76499938964844,55.76499938964844,1423.0
2024-10-25 12:38:00+00:00,HCKT,24.884000778198242,24.884000778198242,24.884000778198242,24.884000778198242,24.884000778198242,958.0
2024-10-25 12:38:00+00:00,HCP,33.68000030517578,33.68000030517578,33.689998626708984,33.68000030517578,33.685001373291016,14861.0
2024-10-25 12:38:00+00:00,HEAR,16.700000762939453,16.700000762939453,16.700000762939453,16.700000762939453,16.700000762939453,149.0
2024-10-25 12:38:00+00:00,HIMX,6.189000129699707,6.189000129699707,6.189000129699707,6.184999942779541,6.184999942779541,380.0
2024-10-25 12:38:00+00:00,HLIT,14.769200325012207,14.769200325012207,14.769200325012207,14.769200325012207,14.769200325012207,1041.0
2024-10-25 12:38:00+00:00,HOLO,3.6700000762939453,3.6700000762939453,3.6700000762939453,3.630000114440918,3.630000114440918,7103.0
2024-10-25 12:38:00+00:00,HOOD,27.329999923706055,27.329999923706055,27.329999923706055,27.315000534057617,27.32430076599121,4158.0
2024-10-25 12:38:00+00:00,IDAI,0.22990000247955322,0.22990000247955322,0.22990000247955322,0.22990000247955322,0.22990000247955322,1200.0
2024-10-25 12:38:00+00:00,IMMR,8.732399940490723,8.732399940490723,8.732399940490723,8.732399940490723,8.732399940490723,382.0
2024-10-25 12:38:00+00:00,IMXI,17.65999984741211,17.65999984741211,17.65999984741211,17.65999984741211,17.65999984741211,408.0
2024-10-25 12:38:00+00:00,INDI,3.5799999237060547,3.5799999237060547,3.5899999141693115,3.5799999237060547,3.5899999141693115,4317.0
2024-10-25 12:38:00+00:00,INSG,20.084999084472656,20.084999084472656,20.110000610351562,20.084999084472656,20.110000610351562,776.0
2024-10-25 12:38:00+00:00,INTA,50.2400016784668,50.2400016784668,50.2400016784668,50.2400016784668,50.2400016784668,573.0
2024-10-25 12:38:00+00:00,INTC,23.145000457763672,23.145000457763672,23.15999984741211,23.1299991607666,23.135000228881836,101175.0
2024-10-25 12:38:00+00:00,INTU,611.1699829101562,611.1699829101562,611.1699829101562,610.989990234375,610.989990234375,1690.0
2024-10-25 12:38:00+00:00,IPGP,77.19499969482422,77.19499969482422,77.19499969482422,77.19499969482422,77.19499969482422,466.0
2024-10-25 12:38:00+00:00,ITI,7.195000171661377,7.195000171661377,7.195000171661377,7.195000171661377,7.195000171661377,216.0
2024-10-25 12:38:00+00:00,JAMF,16.850000381469727,16.850000381469727,16.860000610351562,16.829999923706055,16.829999923706055,3468.0
2024-10-25 12:38:00+00:00,KC,2.7249999046325684,2.7249999046325684,2.7249999046325684,2.7249999046325684,2.7249999046325684,302.0
2024-10-25 12:38:00+00:00,LASR,10.449999809265137,10.449999809265137,10.458000183105469,10.449999809265137,10.458000183105469,1345.0
2024-10-25 12:38:00+00:00,LINK,4.929999828338623,4.929999828338623,4.929999828338623,4.829999923706055,4.829999923706055,2305.0
2024-10-25 12:38:00+00:00,LITE,64.20999908447266,64.20999908447266,64.20999908447266,64.20999908447266,64.20999908447266,332.0
2024-10-25 12:38:00+00:00,LOGI,81.06500244140625,81.06500244140625,81.06500244140625,81.06500244140625,81.06500244140625,687.0
2024-10-25 12:38:00+00:00,LPSN,1.1699999570846558,1.1699999570846558,1.1749999523162842,1.1699999570846558,1.1749999523162842,6821.0
2024-10-25 12:38:00+00:00,LRCX,79.19999694824219,79.19999694824219,79.2300033569336,79.18000030517578,79.2300033569336,12871.0
2024-10-25 12:38:00+00:00,LSCC,54.599998474121094,54.599998474121094,54.599998474121094,54.58000183105469,54.59000015258789,1786.0
2024-10-25 12:38:00+00:00,LYFT,13.805000305175781,13.805000305175781,13.8100004196167,13.805000305175781,13.805999755859375,5339.0
2024-10-25 12:38:00+00:00,MANH,276.70001220703125,276.70001220703125,276.70001220703125,276.70001220703125,276.70001220703125,689.0
2024-10-25 12:38:00+00:00,MAPS,0.8518000245094299,0.8518000245094299,0.8518000245094299,0.8460999727249146,0.8460999727249146,1250.0
2024-10-25 12:38:00+00:00,MAXN,5.659999847412109,5.659999847412109,5.659999847412109,5.659999847412109,5.659999847412109,416.0
2024-10-25 12:38:00+00:00,MCHP,77.08000183105469,77.08000183105469,77.08000183105469,77.05999755859375,77.06999969482422,4410.0
2024-10-25 12:38:00+00:00,MDB,268.2309875488281,268.2309875488281,268.2309875488281,268.2309875488281,268.2309875488281,854.0
2024-10-25 12:38:00+00:00,MITK,8.771599769592285,8.771599769592285,8.779999732971191,8.771599769592285,8.779999732971191,616.0
2024-10-25 12:38:00+00:00,MKSI,101.05000305175781,101.05000305175781,101.08999633789062,101.04499816894531,101.04499816894531,5577.0
2024-10-25 12:38:00+00:00,MKTW,0.5800999999046326,0.5800999999046326,0.5800999999046326,0.5800999999046326,0.5800999999046326,709.0
2024-10-25 12:38:00+00:00,MPWR,923.280029296875,923.280029296875,923.280029296875,923.2150268554688,923.2150268554688,1108.0
2024-10-25 12:38:00+00:00,MQ,5.295000076293945,5.295000076293945,5.295000076293945,5.289999961853027,5.295000076293945,1952.0
2024-10-25 12:38:00+00:00,MRIN,2.115000009536743,2.115000009536743,2.130000114440918,2.115000009536743,2.130000114440918,916.0
2024-10-25 12:38:00+00:00,MRVL,83.1050033569336,83.1050033569336,83.12000274658203,83.05999755859375,83.08999633789062,9731.0
2024-10-25 12:38:00+00:00,MSFT,430.47088623046875,430.47088623046875,430.47088623046875,430.2650146484375,430.2900085449219,10778.0
2024-10-25 12:38:00+00:00,MSTR,239.44000244140625,239.44000244140625,239.49000549316406,238.89999389648438,239.10000610351562,22170.0
2024-10-25 12:38:00+00:00,MTC,0.3714999854564667,0.3714999854564667,0.3714999854564667,0.3695000112056732,0.36959999799728394,15665.0
2024-10-25 12:38:00+00:00,MTSI,121.02999877929688,121.02999877929688,121.02999877929688,121.02999877929688,121.02999877929688,204.0
2024-10-25 12:38:00+00:00,MTTR,4.650199890136719,4.650199890136719,4.650199890136719,4.650199890136719,4.650199890136719,558.0
2024-10-25 12:38:00+00:00,MU,109.12000274658203,109.12000274658203,109.12969970703125,109.08999633789062,109.11000061035156,19364.0
2024-10-25 12:38:00+00:00,MVIS,1.100000023841858,1.100000023841858,1.100000023841858,1.0997999906539917,1.0997999906539917,237.0
2024-10-25 12:38:00+00:00,MXL,15.1899995803833,15.1899995803833,15.1899995803833,15.184599876403809,15.184599876403809,1853.0
2024-10-25 12:38:00+00:00,NCNO,37.81999969482422,37.81999969482422,37.81999969482422,37.81999969482422,37.81999969482422,157.0
2024-10-25 12:38:00+00:00,NSIT,209.55999755859375,209.55999755859375,209.55999755859375,209.55999755859375,209.55999755859375,884.0
2024-10-25 12:38:00+00:00,NTAP,120.48999786376953,120.48999786376953,120.48999786376953,120.48999786376953,120.48999786376953,275.0
2024-10-25 12:38:00+00:00,NTNX,62.20000076293945,62.20000076293945,62.20000076293945,62.20000076293945,62.20000076293945,175.0
2024-10-25 12:38:00+00:00,NVDA,143.50439453125,143.50439453125,143.52000427246094,143.47000122070312,143.4835968017578,124666.0
2024-10-25 12:38:00+00:00,NVTS,2.6005001068115234,2.6005001068115234,2.6005001068115234,2.6005001068115234,2.6005001068115234,5307.0
2024-10-25 12:38:00+00:00,NXPI,245.41000366210938,245.41000366210938,245.41000366210938,245.41000366210938,245.41000366210938,1379.0
2024-10-25 12:38:00+00:00,OKTA,72.69499969482422,72.69499969482422,72.69499969482422,72.69499969482422,72.69499969482422,215.0
2024-10-25 12:38:00+00:00,ON,72.13500213623047,72.13500213623047,72.1500015258789,72.05000305175781,72.05500030517578,16506.0
2024-10-25 12:38:00+00:00,OTEX,33.40999984741211,33.40999984741211,33.40999984741211,33.40999984741211,33.40999984741211,1487.0
2024-10-25 12:38:00+00:00,PANW,370.0299987792969,370.0299987792969,370.0299987792969,369.7699890136719,369.7699890136719,5013.0
2024-10-25 12:38:00+00:00,PAYO,8.305000305175781,8.305000305175781,8.3100004196167,8.305000305175781,8.3100004196167,1626.0
2024-10-25 12:38:00+00:00,PEGA,80.31739807128906,80.31739807128906,80.38130187988281,80.30999755859375,80.30999755859375,1732.0
2024-10-25 12:38:00+00:00,PEGY,4.690000057220459,4.690000057220459,4.690000057220459,4.690000057220459,4.690000057220459,1128.0
2024-10-25 12:38:00+00:00,PGY,11.854999542236328,11.854999542236328,11.854999542236328,11.854999542236328,11.854999542236328,94.0
2024-10-25 12:38:00+00:00,PHUN,10.289999961853027,10.289999961853027,10.335000038146973,10.289999961853027,10.335000038146973,60836.0
2024-10-25 12:38:00+00:00,PLUS,98.19999694824219,98.19999694824219,98.19999694824219,98.12000274658203,98.12000274658203,1274.0
2024-10-25 12:38:00+00:00,PYCR,14.319999694824219,14.319999694824219,14.319999694824219,14.3100004196167,14.3100004196167,929.0
2024-10-25 12:38:00+00:00,QCOM,172.72000122070312,172.72000122070312,172.72000122070312,172.65280151367188,172.65280151367188,2379.0
2024-10-25 12:38:00+00:00,QLYS,120.18000030517578,120.18000030517578,120.36000061035156,120.18000030517578,120.36000061035156,2909.0
2024-10-25 12:38:00+00:00,QRVO,100.3499984741211,100.3499984741211,100.3499984741211,100.33499908447266,100.33499908447266,352.0
2024-10-25 12:38:00+00:00,QUBT,1.0700000524520874,1.0700000524520874,1.0700000524520874,1.065000057220459,1.0700000524520874,10651.0
2024-10-25 12:38:00+00:00,RDWR,22.34000015258789,22.34000015258789,22.34000015258789,22.34000015258789,22.34000015258789,393.0
2024-10-25 12:38:00+00:00,RELY,14.829999923706055,14.829999923706055,14.84000015258789,14.829999923706055,14.84000015258789,1929.0
2024-10-25 12:38:00+00:00,RGTI,1.215000033378601,1.215000033378601,1.2199000120162964,1.2100000381469727,1.215000033378601,20070.0
2024-10-25 12:38:00+00:00,RIOT,10.029500007629395,10.029500007629395,10.029999732971191,10.020000457763672,10.029999732971191,16549.0
2024-10-25 12:38:00+00:00,RMBS,43.564998626708984,43.564998626708984,43.57500076293945,43.54999923706055,43.54999923706055,876.0
2024-10-25 12:38:00+00:00,RPAY,7.610000133514404,7.610000133514404,7.610000133514404,7.610000133514404,7.610000133514404,287.0
2024-10-25 12:38:00+00:00,RSSS,2.6500000953674316,2.6500000953674316,2.6500000953674316,2.6500000953674316,2.6500000953674316,1079.0
2024-10-25 12:38:00+00:00,RUM,5.71999979019165,5.71999979019165,5.720099925994873,5.71999979019165,5.720099925994873,2059.0
2024-10-25 12:38:00+00:00,RUN,14.405099868774414,14.405099868774414,14.405099868774414,14.390000343322754,14.404999732971191,7480.0
2024-10-25 12:38:00+00:00,SANM,67.7699966430664,67.7699966430664,67.7699966430664,67.7699966430664,67.7699966430664,1548.0
2024-10-25 12:38:00+00:00,SATS,25.09000015258789,25.09000015258789,25.105300903320312,25.06999969482422,25.079999923706055,3780.0
2024-10-25 12:38:00+00:00,SCSC,44.95500183105469,44.95500183105469,44.95500183105469,44.95500183105469,44.95500183105469,463.0
2024-10-25 12:38:00+00:00,SEDG,16.1299991607666,16.1299991607666,16.149999618530273,16.1299991607666,16.149999618530273,7730.0
2024-10-25 12:38:00+00:00,SHLS,5.320099830627441,5.320099830627441,5.320099830627441,5.320099830627441,5.320099830627441,844.0
2024-10-25 12:38:00+00:00,SLNHP,12.989999771118164,12.989999771118164,12.989999771118164,12.989999771118164,12.989999771118164,2228.0
2024-10-25 12:38:00+00:00,SMCI,47.875,47.875,47.88999938964844,47.849998474121094,47.880001068115234,29533.0
2024-10-25 12:38:00+00:00,SMTC,45.95399856567383,45.95399856567383,45.95399856567383,45.95399856567383,45.95399856567383,401.0
2024-10-25 12:38:00+00:00,SONO,12.805000305175781,12.805000305175781,12.805000305175781,12.805000305175781,12.805000305175781,751.0
2024-10-25 12:38:00+00:00,SOUN,5.286099910736084,5.286099910736084,5.289700031280518,5.284999847412109,5.289700031280518,9012.0
2024-10-25 12:38:00+00:00,SPSC,173.60000610351562,173.60000610351562,173.60000610351562,172.0500030517578,172.0500030517578,7900.0
2024-10-25 12:38:00+00:00,SRAD,12.395000457763672,12.395000457763672,12.395000457763672,12.395000457763672,12.395000457763672,430.0
2024-10-25 12:38:00+00:00,SSNC,69.5999984741211,69.5999984741211,69.6500015258789,69.58999633789062,69.63999938964844,10159.0
2024-10-25 12:38:00+00:00,SSYS,7.121099948883057,7.121099948883057,7.121099948883057,7.121099948883057,7.121099948883057,878.0
2024-10-25 12:38:00+00:00,STX,104.0,104.0,104.06999969482422,104.0,104.05999755859375,2754.0
2024-10-25 12:38:00+00:00,SYNA,73.43000030517578,73.43000030517578,73.43000030517578,73.43000030517578,73.43000030517578,213.0
2024-10-25 12:38:00+00:00,SYTA,1.2800999879837036,1.2800999879837036,1.2800999879837036,1.2800999879837036,1.2800999879837036,90.0
2024-10-25 12:38:00+00:00,TEAM,190.81500244140625,190.81500244140625,190.91000366210938,190.7449951171875,190.7449951171875,1500.0
2024-10-25 12:38:00+00:00,TENB,41.70500183105469,41.70500183105469,41.72999954223633,41.69499969482422,41.70000076293945,996.0
2024-10-25 12:38:00+00:00,TER,112.88500213623047,112.88500213623047,112.88500213623047,112.87999725341797,112.88500213623047,1061.0
2024-10-25 12:38:00+00:00,TRMB,61.15999984741211,61.15999984741211,61.15999984741211,61.150001525878906,61.15999984741211,2330.0
2024-10-25 12:38:00+00:00,TTD,119.72000122070312,119.72000122070312,119.72000122070312,119.66110229492188,119.69000244140625,3412.0
2024-10-25 12:38:00+00:00,TWKS,4.449999809265137,4.449999809265137,4.449999809265137,4.449999809265137,4.449999809265137,2791.0
2024-10-25 12:38:00+00:00,TXN,208.99000549316406,208.99000549316406,208.99000549316406,208.99000549316406,208.99000549316406,170.0
2024-10-25 12:38:00+00:00,VMEO,4.784999847412109,4.784999847412109,4.785099983215332,4.784999847412109,4.785099983215332,298.0
2024-10-25 12:38:00+00:00,VRNS,56.994998931884766,56.994998931884766,57.025001525878906,56.994998931884766,57.025001525878906,434.0
2024-10-25 12:38:00+00:00,VRNT,22.260000228881836,22.260000228881836,22.260000228881836,22.260000228881836,22.260000228881836,693.0
2024-10-25 12:38:00+00:00,VSAT,10.335000038146973,10.335000038146973,10.335000038146973,10.329999923706055,10.329999923706055,2688.0
2024-10-25 12:38:00+00:00,WALD,3.5999999046325684,3.5999999046325684,3.5999999046325684,3.5999999046325684,3.5999999046325684,216.0
2024-10-25 12:38:00+00:00,WDAY,239.5399932861328,239.5399932861328,239.60499572753906,239.5399932861328,239.60499572753906,1534.0
2024-10-25 12:38:00+00:00,WDC,71.52999877929688,71.52999877929688,71.55000305175781,71.5,71.5,7863.0
2024-10-25 12:38:00+00:00,WISA,1.940000057220459,1.940000057220459,1.940000057220459,1.9299999475479126,1.940000057220459,1345.0
2024-10-25 12:38:00+00:00,WIX,165.44000244140625,165.44000244140625,165.44000244140625,165.44000244140625,165.44000244140625,855.0
2024-10-25 12:38:00+00:00,XPER,9.420000076293945,9.420000076293945,9.420000076293945,9.420000076293945,9.420000076293945,1029.0
2024-10-25 12:38:00+00:00,XRX,10.095000267028809,10.095000267028809,10.095000267028809,10.095000267028809,10.095000267028809,347.0
2024-10-25 12:38:00+00:00,ZBRA,363.3399963378906,363.3399963378906,363.3399963378906,363.3399963378906,363.3399963378906,119.0
2024-10-25 12:38:00+00:00,ZENV,1.4299999475479126,1.4299999475479126,1.4299999475479126,1.4299999475479126,1.4299999475479126,201.0
2024-10-25 12:38:00+00:00,ZI,10.545000076293945,10.545000076293945,10.545000076293945,10.539999961853027,10.545000076293945,1366.0
2024-10-25 12:38:00+00:00,ZM,73.19000244140625,73.19000244140625,73.19000244140625,73.16999816894531,73.16999816894531,2379.0
2024-10-25 12:39:00+00:00,AAOI,18.049999237060547,18.049999237060547,18.084999084472656,18.049999237060547,18.06999969482422,3564.0
2024-10-25 12:39:00+00:00,AAPL,232.66000366210938,232.66000366210938,232.72999572753906,232.64999389648438,232.7050018310547,27545.0
2024-10-25 12:39:00+00:00,ACIW,48.8650016784668,48.8650016784668,48.8650016784668,48.8650016784668,48.8650016784668,149.0
2024-10-25 12:39:00+00:00,ACLS,90.58999633789062,90.58999633789062,90.5999984741211,90.58999633789062,90.5999984741211,996.0
2024-10-25 12:39:00+00:00,ACMR,19.959999084472656,19.959999084472656,20.014999389648438,19.959999084472656,20.014999389648438,3909.0
2024-10-25 12:39:00+00:00,ADBE,486.05999755859375,486.05999755859375,486.1199951171875,486.0,486.1199951171875,2786.0
2024-10-25 12:39:00+00:00,ADI,233.63999938964844,233.63999938964844,233.67999267578125,233.61000061035156,233.61000061035156,1819.0
2024-10-25 12:39:00+00:00,ADTN,6.380000114440918,6.380000114440918,6.380000114440918,6.380000114440918,6.380000114440918,1763.0
2024-10-25 12:39:00+00:00,AEHR,17.18239974975586,17.18239974975586,17.200000762939453,17.157800674438477,17.157800674438477,2327.0
2024-10-25 12:39:00+00:00,AEYE,23.084999084472656,23.084999084472656,23.084999084472656,23.084999084472656,23.084999084472656,101.0
2024-10-25 12:39:00+00:00,AFRM,41.84000015258789,41.84000015258789,41.849998474121094,41.8380012512207,41.8380012512207,2651.0
2024-10-25 12:39:00+00:00,ALGM,22.915000915527344,22.915000915527344,22.920000076293945,22.90999984741211,22.920000076293945,9544.0
2024-10-25 12:39:00+00:00,ALKT,38.27000045776367,38.27000045776367,38.285099029541016,38.27000045776367,38.285099029541016,1626.0
2024-10-25 12:39:00+00:00,ALTR,103.87999725341797,103.87999725341797,103.87999725341797,103.87999725341797,103.87999725341797,1123.0
2024-10-25 12:39:00+00:00,AMAT,188.52000427246094,188.52000427246094,188.61000061035156,188.50999450683594,188.61000061035156,1428.0
2024-10-25 12:39:00+00:00,AMBA,58.79999923706055,58.79999923706055,58.79999923706055,58.79999923706055,58.79999923706055,108.0
2024-10-25 12:39:00+00:00,AMD,158.0699005126953,158.0699005126953,158.22000122070312,158.0699005126953,158.17430114746094,41438.0
2024-10-25 12:39:00+00:00,AOSL,36.64500045776367,36.64500045776367,36.64500045776367,36.64500045776367,36.64500045776367,270.0
2024-10-25 12:39:00+00:00,API,2.8285000324249268,2.8285000324249268,2.8299999237060547,2.825000047683716,2.8299999237060547,12810.0
2024-10-25 12:39:00+00:00,APP,162.40069580078125,162.40069580078125,162.52999877929688,162.3300018310547,162.52999877929688,6366.0
2024-10-25 12:39:00+00:00,APPF,216.72000122070312,216.72000122070312,216.72000122070312,216.6999969482422,216.7100067138672,1371.0
2024-10-25 12:39:00+00:00,ARRY,6.545000076293945,6.545000076293945,6.546000003814697,6.533999919891357,6.534999847412109,21129.0
2024-10-25 12:39:00+00:00,ASML,718.7399291992188,718.7399291992188,718.7399291992188,718.4600219726562,718.6099853515625,1792.0
2024-10-25 12:39:00+00:00,AUR,6.449999809265137,6.449999809265137,6.449999809265137,6.449999809265137,6.449999809265137,767.0
2024-10-25 12:39:00+00:00,AVDX,8.175000190734863,8.175000190734863,8.180000305175781,8.175000190734863,8.180000305175781,6575.0
2024-10-25 12:39:00+00:00,AVGO,175.9499969482422,175.9499969482422,176.10000610351562,175.9499969482422,176.07040405273438,10035.0
2024-10-25 12:39:00+00:00,AVPT,12.015000343322754,12.015000343322754,12.015000343322754,12.015000343322754,12.015000343322754,645.0
2024-10-25 12:39:00+00:00,AVT,54.08000183105469,54.08000183105469,54.11000061035156,54.06999969482422,54.06999969482422,771.0
2024-10-25 12:39:00+00:00,AZPN,235.7550048828125,235.7550048828125,235.7550048828125,235.7550048828125,235.7550048828125,1956.0
2024-10-25 12:39:00+00:00,BIGC,5.320000171661377,5.320000171661377,5.320000171661377,5.320000171661377,5.320000171661377,1341.0
2024-10-25 12:39:00+00:00,BMBL,7.255000114440918,7.255000114440918,7.260000228881836,7.25029993057251,7.255000114440918,1875.0
2024-10-25 12:39:00+00:00,BSY,49.215999603271484,49.215999603271484,49.22999954223633,49.19499969482422,49.19499969482422,2051.0
2024-10-25 12:39:00+00:00,CAN,0.980400025844574,0.980400025844574,0.9832000136375427,0.9800999760627747,0.9832000136375427,6683.0
2024-10-25 12:39:00+00:00,CDNS,259.14630126953125,259.14630126953125,259.2250061035156,259.1300048828125,259.19000244140625,1975.0
2024-10-25 12:39:00+00:00,CDW,219.75,219.75,219.82000732421875,219.75,219.82000732421875,1354.0
2024-10-25 12:39:00+00:00,CFLT,22.649999618530273,22.649999618530273,22.674999237060547,22.649999618530273,22.674999237060547,3601.0
2024-10-25 12:39:00+00:00,CLBT,18.170000076293945,18.170000076293945,18.174999237060547,18.170000076293945,18.174999237060547,373.0
2024-10-25 12:39:00+00:00,CLSK,11.850000381469727,11.850000381469727,11.85990047454834,11.845000267028809,11.845000267028809,53095.0
2024-10-25 12:39:00+00:00,CMTL,3.7149999141693115,3.7149999141693115,3.7149999141693115,3.7149999141693115,3.7149999141693115,213.0
2024-10-25 12:39:00+00:00,COHR,95.06999969482422,95.06999969482422,95.13999938964844,95.06999969482422,95.12999725341797,2044.0
2024-10-25 12:39:00+00:00,COIN,209.0,209.0,209.27000427246094,209.0,209.1199951171875,6018.0
2024-10-25 12:39:00+00:00,COMM,6.315000057220459,6.315000057220459,6.315000057220459,6.315000057220459,6.315000057220459,445.0
2024-10-25 12:39:00+00:00,CORZ,13.369999885559082,13.369999885559082,13.375,13.369999885559082,13.375,741.0
2024-10-25 12:39:00+00:00,CRDO,39.71500015258789,39.71500015258789,39.71500015258789,39.689998626708984,39.71500015258789,997.0
2024-10-25 12:39:00+00:00,CRNC,2.8550000190734863,2.8550000190734863,2.865000009536743,2.8550000190734863,2.865000009536743,1563.0
2024-10-25 12:39:00+00:00,CRWD,305.15789794921875,305.15789794921875,309.3500061035156,305.130615234375,309.17999267578125,57872.0
2024-10-25 12:39:00+00:00,CSCO,55.97999954223633,55.97999954223633,55.994998931884766,55.97999954223633,55.994998931884766,10295.0
2024-10-25 12:39:00+00:00,CSIQ,13.779999732971191,13.779999732971191,13.800000190734863,13.779999732971191,13.789999961853027,2228.0
2024-10-25 12:39:00+00:00,CSPI,13.0,13.0,13.034199714660645,13.0,13.010000228881836,2161.0
2024-10-25 12:39:00+00:00,CTSH,75.04000091552734,75.04000091552734,75.04000091552734,75.04000091552734,75.04000091552734,487.0
2024-10-25 12:39:00+00:00,CVLT,134.52000427246094,134.52000427246094,134.60000610351562,134.52000427246094,134.55999755859375,1039.0
2024-10-25 12:39:00+00:00,CYBR,292.3599853515625,292.3599853515625,292.3599853515625,292.3599853515625,292.3599853515625,1703.0
2024-10-25 12:39:00+00:00,DAKT,13.135000228881836,13.135000228881836,13.135000228881836,13.130000114440918,13.130000114440918,1381.0
2024-10-25 12:39:00+00:00,DATS,1.7223000526428223,1.7223000526428223,1.7223000526428223,1.7000000476837158,1.7000000476837158,1836.0
2024-10-25 12:39:00+00:00,DBX,26.040000915527344,26.040000915527344,26.05500030517578,26.040000915527344,26.05500030517578,4988.0
2024-10-25 12:39:00+00:00,DDOG,127.56999969482422,127.56999969482422,127.69999694824219,127.56999969482422,127.69999694824219,5207.0
2024-10-25 12:39:00+00:00,DOCU,70.05000305175781,70.05000305175781,70.08509826660156,70.05000305175781,70.08509826660156,3176.0
2024-10-25 12:39:00+00:00,DOMO,8.020099639892578,8.020099639892578,8.020099639892578,8.020099639892578,8.020099639892578,220.0
2024-10-25 12:39:00+00:00,DSGX,104.58999633789062,104.58999633789062,104.58999633789062,104.58999633789062,104.58999633789062,232.0
2024-10-25 12:39:00+00:00,DUOL,289.635009765625,289.635009765625,289.635009765625,289.635009765625,289.635009765625,491.0
2024-10-25 12:39:00+00:00,ENPH,83.6500015258789,83.6500015258789,83.6500015258789,83.58999633789062,83.58999633789062,4652.0
2024-10-25 12:39:00+00:00,ENTG,105.96499633789062,105.96499633789062,105.96499633789062,105.96499633789062,105.96499633789062,622.0
2024-10-25 12:39:00+00:00,ERIC,8.475000381469727,8.475000381469727,8.475000381469727,8.475000381469727,8.475000381469727,2311.0
2024-10-25 12:39:00+00:00,EXLS,38.91999816894531,38.91999816894531,38.91999816894531,38.90999984741211,38.90999984741211,1728.0
2024-10-25 12:39:00+00:00,FFIV,216.6649932861328,216.6649932861328,216.6649932861328,216.66000366210938,216.6649932861328,328.0
2024-10-25 12:39:00+00:00,FIVN,29.93000030517578,29.93000030517578,29.950000762939453,29.93000030517578,29.950000762939453,1274.0
2024-10-25 12:39:00+00:00,FLEX,35.37929916381836,35.37929916381836,35.3849983215332,35.36000061035156,35.3849983215332,4223.0
2024-10-25 12:39:00+00:00,FLYW,17.510000228881836,17.510000228881836,17.510000228881836,17.510000228881836,17.510000228881836,335.0
2024-10-25 12:39:00+00:00,FORM,45.209999084472656,45.209999084472656,45.209999084472656,45.209999084472656,45.209999084472656,199.0
2024-10-25 12:39:00+00:00,FRSH,11.670000076293945,11.670000076293945,11.670000076293945,11.670000076293945,11.670000076293945,591.0
2024-10-25 12:39:00+00:00,FSLR,199.44000244140625,199.44000244140625,199.55990600585938,199.42999267578125,199.55990600585938,1025.0
2024-10-25 12:39:00+00:00,FTCI,0.660099983215332,0.660099983215332,0.660099983215332,0.660099983215332,0.660099983215332,316.0
2024-10-25 12:39:00+00:00,FTNT,81.31999969482422,81.31999969482422,81.38999938964844,81.31999969482422,81.37999725341797,6487.0
2024-10-25 12:39:00+00:00,GCT,24.920000076293945,24.920000076293945,24.950000762939453,24.920000076293945,24.950000762939453,1462.0
2024-10-25 12:39:00+00:00,GDS,21.670000076293945,21.670000076293945,21.670000076293945,21.655000686645508,21.655000686645508,888.0
2024-10-25 12:39:00+00:00,GRAB,4.079999923706055,4.079999923706055,4.090000152587891,4.079999923706055,4.090000152587891,2986.0
2024-10-25 12:39:00+00:00,GRRR,4.5,4.5,4.539999961853027,4.5,4.53000020980835,20204.0
2024-10-25 12:39:00+00:00,GTLB,55.72999954223633,55.72999954223633,55.7599983215332,55.72999954223633,55.7599983215332,1017.0
2024-10-25 12:39:00+00:00,HCP,33.68000030517578,33.68000030517578,33.685001373291016,33.68000030517578,33.685001373291016,1270.0
2024-10-25 12:39:00+00:00,HEAR,16.68000030517578,16.68000030517578,16.701499938964844,16.68000030517578,16.701499938964844,1365.0
2024-10-25 12:39:00+00:00,HIMX,6.184999942779541,6.184999942779541,6.184999942779541,6.184999942779541,6.184999942779541,337.0
2024-10-25 12:39:00+00:00,HOLO,3.6786000728607178,3.6786000728607178,3.680000066757202,3.6786000728607178,3.680000066757202,1549.0
2024-10-25 12:39:00+00:00,HOOD,27.315000534057617,27.315000534057617,27.329999923706055,27.315000534057617,27.31999969482422,3912.0
2024-10-25 12:39:00+00:00,HTCR,1.0499999523162842,1.0499999523162842,1.0499999523162842,1.0499999523162842,1.0499999523162842,200.0
2024-10-25 12:39:00+00:00,IDAI,0.2298000007867813,0.2298000007867813,0.2298000007867813,0.2298000007867813,0.2298000007867813,500.0
2024-10-25 12:39:00+00:00,III,3.075000047683716,3.075000047683716,3.075000047683716,3.075000047683716,3.075000047683716,4024.0
2024-10-25 12:39:00+00:00,IMXI,17.65999984741211,17.65999984741211,17.65999984741211,17.65999984741211,17.65999984741211,463.0
2024-10-25 12:39:00+00:00,INDI,3.575000047683716,3.575000047683716,3.575000047683716,3.575000047683716,3.575000047683716,1543.0
2024-10-25 12:39:00+00:00,INTC,23.155000686645508,23.155000686645508,23.170000076293945,23.145000457763672,23.148799896240234,107134.0
2024-10-25 12:39:00+00:00,INTU,611.1699829101562,611.1699829101562,611.510009765625,611.1699829101562,611.510009765625,2686.0
2024-10-25 12:39:00+00:00,ITI,7.199999809265137,7.199999809265137,7.199999809265137,7.199999809265137,7.199999809265137,560.0
2024-10-25 12:39:00+00:00,JAMF,16.844999313354492,16.844999313354492,16.844999313354492,16.844999313354492,16.844999313354492,757.0
2024-10-25 12:39:00+00:00,KC,2.7249999046325684,2.7249999046325684,2.7249999046325684,2.7249999046325684,2.7249999046325684,1038.0
2024-10-25 12:39:00+00:00,KLAC,682.0299072265625,682.0299072265625,682.0299072265625,682.0299072265625,682.0299072265625,932.0
2024-10-25 12:39:00+00:00,KOPN,0.7818999886512756,0.7818999886512756,0.7818999886512756,0.7818999886512756,0.7818999886512756,946.0
2024-10-25 12:39:00+00:00,LASR,10.440199851989746,10.440199851989746,10.440199851989746,10.440099716186523,10.440099716186523,819.0
2024-10-25 12:39:00+00:00,LINK,4.930300235748291,4.930300235748291,4.930300235748291,4.930300235748291,4.930300235748291,449.0
2024-10-25 12:39:00+00:00,LITE,64.20999908447266,64.20999908447266,64.2249984741211,64.19999694824219,64.19999694824219,1412.0
2024-10-25 12:39:00+00:00,LPSN,1.1749999523162842,1.1749999523162842,1.1749999523162842,1.1749999523162842,1.1749999523162842,7.0
2024-10-25 12:39:00+00:00,LRCX,79.16999816894531,79.16999816894531,79.20999908447266,79.16999816894531,79.20999908447266,13620.0
2024-10-25 12:39:00+00:00,LSCC,54.59000015258789,54.59000015258789,54.630001068115234,54.59000015258789,54.61000061035156,1379.0
2024-10-25 12:39:00+00:00,LYFT,13.792499542236328,13.792499542236328,13.8100004196167,13.792499542236328,13.8100004196167,20106.0
2024-10-25 12:39:00+00:00,MCHP,77.11000061035156,77.11000061035156,77.11000061035156,77.08999633789062,77.11000061035156,4155.0
2024-10-25 12:39:00+00:00,MDB,268.0350036621094,268.0350036621094,268.0350036621094,268.0350036621094,268.0350036621094,326.0
2024-10-25 12:39:00+00:00,MITK,8.789999961853027,8.789999961853027,8.789999961853027,8.789999961853027,8.789999961853027,476.0
2024-10-25 12:39:00+00:00,MKSI,101.16000366210938,101.16000366210938,101.16000366210938,101.05999755859375,101.0999984741211,2249.0
2024-10-25 12:39:00+00:00,MPWR,923.4749755859375,923.4749755859375,923.4749755859375,923.4000244140625,923.4000244140625,820.0
2024-10-25 12:39:00+00:00,MQ,5.295000076293945,5.295000076293945,5.295000076293945,5.29010009765625,5.29010009765625,573.0
2024-10-25 12:39:00+00:00,MRVL,83.13500213623047,83.13500213623047,83.16000366210938,83.11399841308594,83.11399841308594,14254.0
2024-10-25 12:39:00+00:00,MSFT,430.3299865722656,430.3299865722656,430.5,430.30010986328125,430.44500732421875,11184.0
2024-10-25 12:39:00+00:00,MSTR,239.0,239.0,239.50999450683594,238.8000030517578,239.3470001220703,78427.0
2024-10-25 12:39:00+00:00,MTC,0.3714999854564667,0.3714999854564667,0.3714999854564667,0.3714999854564667,0.3714999854564667,117.0
2024-10-25 12:39:00+00:00,MTLS,5.974999904632568,5.974999904632568,5.974999904632568,5.974999904632568,5.974999904632568,389.0
2024-10-25 12:39:00+00:00,MTSI,120.68000030517578,120.68000030517578,121.01499938964844,120.58999633789062,121.01499938964844,6004.0
2024-10-25 12:39:00+00:00,MTTR,4.65500020980835,4.65500020980835,4.65500020980835,4.65500020980835,4.65500020980835,748.0
2024-10-25 12:39:00+00:00,MU,109.11000061035156,109.11000061035156,109.12999725341797,109.0999984741211,109.11000061035156,6188.0
2024-10-25 12:39:00+00:00,NCNO,37.82500076293945,37.82500076293945,37.82500076293945,37.81380081176758,37.81380081176758,744.0
2024-10-25 12:39:00+00:00,NICE,176.63499450683594,176.63499450683594,176.6750030517578,176.63499450683594,176.63999938964844,678.0
2024-10-25 12:39:00+00:00,NTAP,120.51499938964844,120.51499938964844,120.51499938964844,120.51499938964844,120.51499938964844,466.0
2024-10-25 12:39:00+00:00,NTCT,20.66010093688965,20.66010093688965,20.66010093688965,20.66010093688965,20.66010093688965,460.0
2024-10-25 12:39:00+00:00,NTGR,20.360000610351562,20.360000610351562,20.360000610351562,20.360000610351562,20.360000610351562,125.0
2024-10-25 12:39:00+00:00,NTNX,62.2140998840332,62.2140998840332,62.2140998840332,62.2140998840332,62.2140998840332,1045.0
2024-10-25 12:39:00+00:00,NVDA,143.47500610351562,143.47500610351562,143.5299072265625,143.47500610351562,143.5050048828125,145882.0
2024-10-25 12:39:00+00:00,NVEI,33.525001525878906,33.525001525878906,33.525001525878906,33.525001525878906,33.525001525878906,793.0
2024-10-25 12:39:00+00:00,NXPI,245.42999267578125,245.42999267578125,245.518798828125,245.35079956054688,245.4600067138672,3598.0
2024-10-25 12:39:00+00:00,OKTA,72.62999725341797,72.62999725341797,72.69999694824219,72.62999725341797,72.69999694824219,2910.0
2024-10-25 12:39:00+00:00,OLED,204.94119262695312,204.94119262695312,204.94119262695312,204.94119262695312,204.94119262695312,289.0
2024-10-25 12:39:00+00:00,ON,72.11499786376953,72.11499786376953,72.12999725341797,72.11000061035156,72.12000274658203,9017.0
2024-10-25 12:39:00+00:00,OSPN,14.627599716186523,14.627599716186523,14.627599716186523,14.627599716186523,14.627599716186523,642.0
2024-10-25 12:39:00+00:00,PANW,370.010009765625,370.010009765625,370.1000061035156,370.010009765625,370.1000061035156,4438.0
2024-10-25 12:39:00+00:00,PAYO,8.305000305175781,8.305000305175781,8.305000305175781,8.305000305175781,8.305000305175781,451.0
2024-10-25 12:39:00+00:00,PEGA,80.41000366210938,80.41000366210938,80.41000366210938,80.35230255126953,80.35230255126953,3373.0
2024-10-25 12:39:00+00:00,PET,0.8050000071525574,0.8050000071525574,0.8050000071525574,0.800000011920929,0.800000011920929,5736.0
2024-10-25 12:39:00+00:00,PHUN,10.3100004196167,10.3100004196167,10.34000015258789,10.250699996948242,10.28499984741211,57422.0
2024-10-25 12:39:00+00:00,PI,204.0,204.0,204.0,203.97999572753906,203.97999572753906,1197.0
2024-10-25 12:39:00+00:00,PLXS,143.02000427246094,143.02000427246094,143.1300048828125,143.02000427246094,143.1300048828125,531.0
2024-10-25 12:39:00+00:00,POWI,64.125,64.125,64.125,64.125,64.125,528.0
2024-10-25 12:39:00+00:00,PRGS,64.90149688720703,64.90149688720703,64.90149688720703,64.90149688720703,64.90149688720703,802.0
2024-10-25 12:39:00+00:00,PYCR,14.3100004196167,14.3100004196167,14.3100004196167,14.3100004196167,14.3100004196167,631.0
2024-10-25 12:39:00+00:00,QCOM,172.75,172.75,172.75999450683594,172.72999572753906,172.74000549316406,3287.0
2024-10-25 12:39:00+00:00,QRVO,100.32469940185547,100.32469940185547,100.3499984741211,100.32469940185547,100.3499984741211,813.0
2024-10-25 12:39:00+00:00,QUBT,1.0686999559402466,1.0686999559402466,1.0686999559402466,1.059999942779541,1.059999942779541,1279.0
2024-10-25 12:39:00+00:00,RCAT,2.765000104904175,2.765000104904175,2.7699999809265137,2.755000114440918,2.755000114440918,11145.0
2024-10-25 12:39:00+00:00,RELL,14.010000228881836,14.010000228881836,14.010000228881836,14.010000228881836,14.010000228881836,1387.0
2024-10-25 12:39:00+00:00,RELY,14.84000015258789,14.84000015258789,14.84000015258789,14.84000015258789,14.84000015258789,2529.0
2024-10-25 12:39:00+00:00,RGTI,1.215999960899353,1.215999960899353,1.2187999486923218,1.215999960899353,1.2187999486923218,1776.0
2024-10-25 12:39:00+00:00,RIOT,10.029999732971191,10.029999732971191,10.038999557495117,10.024999618530273,10.029000282287598,12434.0
2024-10-25 12:39:00+00:00,RMBS,43.55030059814453,43.55030059814453,43.58000183105469,43.55030059814453,43.58000183105469,1056.0
2024-10-25 12:39:00+00:00,RUM,5.71999979019165,5.71999979019165,5.730000019073486,5.71999979019165,5.730000019073486,3312.0
2024-10-25 12:39:00+00:00,RUN,14.40999984741211,14.40999984741211,14.430000305175781,14.402000427246094,14.405200004577637,20878.0
2024-10-25 12:39:00+00:00,SATS,25.09000015258789,25.09000015258789,25.09000015258789,25.09000015258789,25.09000015258789,350.0
2024-10-25 12:39:00+00:00,SCWX,8.380000114440918,8.380000114440918,8.380000114440918,8.380000114440918,8.380000114440918,581.0
2024-10-25 12:39:00+00:00,SEDG,16.125,16.125,16.155000686645508,16.125,16.155000686645508,3824.0
2024-10-25 12:39:00+00:00,SHLS,5.324999809265137,5.324999809265137,5.324999809265137,5.323999881744385,5.323999881744385,3488.0
2024-10-25 12:39:00+00:00,SKYT,10.710000038146973,10.710000038146973,10.710000038146973,10.710000038146973,10.710000038146973,1076.0
2024-10-25 12:39:00+00:00,SMCI,47.88999938964844,47.88999938964844,47.90999984741211,47.849998474121094,47.86000061035156,56784.0
2024-10-25 12:39:00+00:00,SMTC,45.939998626708984,45.939998626708984,45.939998626708984,45.91999816894531,45.939998626708984,2502.0
2024-10-25 12:39:00+00:00,SOUN,5.284999847412109,5.284999847412109,5.284999847412109,5.28000020980835,5.284999847412109,3301.0
2024-10-25 12:39:00+00:00,SPSC,173.94500732421875,173.94500732421875,174.07000732421875,173.67999267578125,173.77000427246094,3252.0
2024-10-25 12:39:00+00:00,SRAD,12.395000457763672,12.395000457763672,12.395000457763672,12.395000457763672,12.395000457763672,176.0
2024-10-25 12:39:00+00:00,SSNC,69.62999725341797,69.62999725341797,69.6500015258789,69.5999984741211,69.5999984741211,10887.0
2024-10-25 12:39:00+00:00,STNE,11.505000114440918,11.505000114440918,11.505000114440918,11.500300407409668,11.505000114440918,1416.0
2024-10-25 12:39:00+00:00,STX,103.95999908447266,103.95999908447266,103.9729995727539,103.95999908447266,103.9729995727539,1101.0
2024-10-25 12:39:00+00:00,TACT,4.164999961853027,4.164999961853027,4.164999961853027,4.164999961853027,4.164999961853027,176.0
2024-10-25 12:39:00+00:00,TEAM,190.6199951171875,190.6199951171875,190.81500244140625,190.6199951171875,190.81500244140625,2004.0
2024-10-25 12:39:00+00:00,TENB,41.650001525878906,41.650001525878906,41.70500183105469,41.650001525878906,41.70500183105469,2069.0
2024-10-25 12:39:00+00:00,TER,112.88999938964844,112.88999938964844,112.8949966430664,112.86499786376953,112.86499786376953,1740.0
2024-10-25 12:39:00+00:00,TLS,3.6449999809265137,3.6449999809265137,3.6449999809265137,3.640000104904175,3.640000104904175,288.0
2024-10-25 12:39:00+00:00,TRMB,61.179901123046875,61.179901123046875,61.18000030517578,61.16569900512695,61.16999816894531,3073.0
2024-10-25 12:39:00+00:00,TTD,119.69999694824219,119.69999694824219,119.72000122070312,119.69000244140625,119.69999694824219,4014.0
2024-10-25 12:39:00+00:00,TTEC,5.410799980163574,5.410799980163574,5.410799980163574,5.410799980163574,5.410799980163574,2220.0
2024-10-25 12:39:00+00:00,TTMI,19.510000228881836,19.510000228881836,19.520000457763672,19.510000228881836,19.520000457763672,916.0
2024-10-25 12:39:00+00:00,TWKS,4.449999809265137,4.449999809265137,4.454999923706055,4.449999809265137,4.454999923706055,6366.0
2024-10-25 12:39:00+00:00,TXN,209.10000610351562,209.10000610351562,209.10000610351562,209.0399932861328,209.0399932861328,1744.0
2024-10-25 12:39:00+00:00,UEIC,8.119999885559082,8.119999885559082,8.119999885559082,8.119999885559082,8.119999885559082,219.0
2024-10-25 12:39:00+00:00,VECO,29.549999237060547,29.549999237060547,29.549999237060547,29.530000686645508,29.530000686645508,2013.0
2024-10-25 12:39:00+00:00,VERI,3.401599884033203,3.401599884033203,3.401599884033203,3.401599884033203,3.401599884033203,263.0
2024-10-25 12:39:00+00:00,VERX,42.150001525878906,42.150001525878906,42.150001525878906,42.150001525878906,42.150001525878906,224.0
2024-10-25 12:39:00+00:00,VIAV,9.25,9.25,9.25,9.25,9.25,688.0
2024-10-25 12:39:00+00:00,VICR,46.650001525878906,46.650001525878906,46.650001525878906,46.650001525878906,46.650001525878906,454.0
2024-10-25 12:39:00+00:00,VMEO,4.78000020980835,4.78000020980835,4.78000020980835,4.78000020980835,4.78000020980835,130.0
2024-10-25 12:39:00+00:00,VRNS,56.900001525878906,56.900001525878906,56.97999954223633,56.900001525878906,56.97999954223633,1909.0
2024-10-25 12:39:00+00:00,VRNT,22.259899139404297,22.259899139404297,22.259899139404297,22.25,22.25,767.0
2024-10-25 12:39:00+00:00,VRSN,186.33990478515625,186.33990478515625,186.33990478515625,186.0800018310547,186.0800018310547,3103.0
2024-10-25 12:39:00+00:00,VSAT,10.329999923706055,10.329999923706055,10.339900016784668,10.329999923706055,10.339900016784668,1546.0
2024-10-25 12:39:00+00:00,WDAY,239.64999389648438,239.64999389648438,239.64999389648438,239.64999389648438,239.64999389648438,1018.0
2024-10-25 12:39:00+00:00,WDC,71.61000061035156,71.61000061035156,71.61000061035156,71.55000305175781,71.55000305175781,11163.0
2024-10-25 12:39:00+00:00,WISA,1.9399000406265259,1.9399000406265259,1.940000057220459,1.9299999475479126,1.9320000410079956,6448.0
2024-10-25 12:39:00+00:00,XRX,10.09000015258789,10.09000015258789,10.095000267028809,10.09000015258789,10.095000267028809,5577.0
2024-10-25 12:39:00+00:00,ZBRA,363.67498779296875,363.67498779296875,363.67498779296875,363.67498779296875,363.67498779296875,317.0
2024-10-25 12:39:00+00:00,ZI,10.545000076293945,10.545000076293945,10.550000190734863,10.545000076293945,10.550000190734863,1271.0
2024-10-25 12:39:00+00:00,ZM,73.1500015258789,73.1500015258789,73.19499969482422,73.1406021118164,73.19499969482422,3153.0
2024-10-25 12:39:00+00:00,ZS,186.41000366210938,186.41000366210938,186.63999938964844,186.3699951171875,186.63999938964844,3964.0
2024-10-25 12:40:00+00:00,AAOI,17.920000076293945,17.920000076293945,18.030000686645508,17.920000076293945,18.030000686645508,11793.0
2024-10-25 12:40:00+00:00,AAPL,232.6699981689453,232.6699981689453,232.6699981689453,232.60000610351562,232.64999389648438,24522.0
2024-10-25 12:40:00+00:00,ACLS,90.55000305175781,90.55000305175781,90.63999938964844,90.55000305175781,90.63999938964844,1626.0
2024-10-25 12:40:00+00:00,ACMR,19.950000762939453,19.950000762939453,19.959999084472656,19.950000762939453,19.959999084472656,3542.0
2024-10-25 12:40:00+00:00,ADBE,485.45001220703125,485.45001220703125,485.989990234375,485.4100036621094,485.989990234375,4135.0
2024-10-25 12:40:00+00:00,ADI,233.5399932861328,233.5399932861328,233.60000610351562,233.5399932861328,233.60000610351562,3376.0
2024-10-25 12:40:00+00:00,ADSK,286.93499755859375,286.93499755859375,286.93499755859375,286.93499755859375,286.93499755859375,1951.0
2024-10-25 12:40:00+00:00,AEHR,17.190000534057617,17.190000534057617,17.190000534057617,17.1875,17.187999725341797,2691.0
2024-10-25 12:40:00+00:00,AEYE,23.084999084472656,23.084999084472656,23.084999084472656,23.084999084472656,23.084999084472656,219.0
2024-10-25 12:40:00+00:00,AFRM,41.779998779296875,41.779998779296875,41.845001220703125,41.75,41.830101013183594,8424.0
2024-10-25 12:40:00+00:00,AKAM,102.9000015258789,102.9000015258789,102.97000122070312,102.9000015258789,102.97000122070312,3154.0
2024-10-25 12:40:00+00:00,ALGM,22.8799991607666,22.8799991607666,22.934999465942383,22.8700008392334,22.90999984741211,33018.0
2024-10-25 12:40:00+00:00,ALKT,38.27000045776367,38.27000045776367,38.27000045776367,38.27000045776367,38.27000045776367,233.0
2024-10-25 12:40:00+00:00,ALTR,103.94000244140625,103.94000244140625,103.94000244140625,103.94000244140625,103.94000244140625,132.0
2024-10-25 12:40:00+00:00,AMAT,188.5399932861328,188.5399932861328,188.60000610351562,188.49000549316406,188.5,5259.0
2024-10-25 12:40:00+00:00,AMBA,58.83000183105469,58.83000183105469,58.83000183105469,58.83000183105469,58.83000183105469,604.0
2024-10-25 12:40:00+00:00,AMD,157.99000549316406,157.99000549316406,158.07200622558594,157.9512939453125,158.0301971435547,31344.0
2024-10-25 12:40:00+00:00,AMKR,30.059999465942383,30.059999465942383,30.059999465942383,30.059999465942383,30.059999465942383,685.0
2024-10-25 12:40:00+00:00,AMPL,9.229999542236328,9.229999542236328,9.234999656677246,9.229999542236328,9.230600357055664,3518.0
2024-10-25 12:40:00+00:00,APP,162.2550048828125,162.2550048828125,162.30499267578125,162.2100067138672,162.3000030517578,1881.0
2024-10-25 12:40:00+00:00,APPN,32.119998931884766,32.119998931884766,32.119998931884766,32.119998931884766,32.119998931884766,800.0
2024-10-25 12:40:00+00:00,APPS,3.069999933242798,3.069999933242798,3.078200101852417,3.069999933242798,3.075000047683716,640.0
2024-10-25 12:40:00+00:00,ARQQ,7.010000228881836,7.010000228881836,7.010000228881836,7.010000228881836,7.010000228881836,1039.0
2024-10-25 12:40:00+00:00,ARRY,6.559999942779541,6.559999942779541,6.559999942779541,6.545000076293945,6.545000076293945,15500.0
2024-10-25 12:40:00+00:00,ASML,718.1500244140625,718.1500244140625,718.1500244140625,718.1500244140625,718.1500244140625,142.0
2024-10-25 12:40:00+00:00,AUR,6.445000171661377,6.445000171661377,6.454999923706055,6.445000171661377,6.454999923706055,8361.0
2024-10-25 12:40:00+00:00,AVDX,8.15999984741211,8.15999984741211,8.170000076293945,8.15999984741211,8.170000076293945,1374.0
2024-10-25 12:40:00+00:00,AVGO,175.9647979736328,175.9647979736328,175.98500061035156,175.91000366210938,175.94000244140625,13147.0
2024-10-25 12:40:00+00:00,AVNW,21.049999237060547,21.049999237060547,21.079999923706055,21.049999237060547,21.079999923706055,304.0
2024-10-25 12:40:00+00:00,AXTI,2.7049999237060547,2.7049999237060547,2.7049999237060547,2.7049999237060547,2.7049999237060547,200.0
2024-10-25 12:40:00+00:00,BASE,16.40999984741211,16.40999984741211,16.40999984741211,16.40999984741211,16.40999984741211,337.0
2024-10-25 12:40:00+00:00,BIGC,5.320000171661377,5.320000171661377,5.320000171661377,5.320000171661377,5.320000171661377,846.0
2024-10-25 12:40:00+00:00,BL,56.4900016784668,56.4900016784668,56.4900016784668,56.47999954223633,56.4900016784668,1434.0
2024-10-25 12:40:00+00:00,BMBL,7.244999885559082,7.244999885559082,7.255000114440918,7.244999885559082,7.255000114440918,2342.0
2024-10-25 12:40:00+00:00,BRZE,30.739999771118164,30.739999771118164,30.760000228881836,30.739999771118164,30.760000228881836,1905.0
2024-10-25 12:40:00+00:00,BSY,49.140098571777344,49.140098571777344,49.22990036010742,49.140098571777344,49.22990036010742,1868.0
2024-10-25 12:40:00+00:00,CAMT,78.56999969482422,78.56999969482422,78.56999969482422,78.56999969482422,78.56999969482422,637.0
2024-10-25 12:40:00+00:00,CCSI,20.709999084472656,20.709999084472656,20.709999084472656,20.709999084472656,20.709999084472656,894.0
2024-10-25 12:40:00+00:00,CDNS,258.9100036621094,258.9100036621094,259.010009765625,258.9100036621094,259.010009765625,3208.0
2024-10-25 12:40:00+00:00,CDW,219.55499267578125,219.55499267578125,219.6999969482422,219.47999572753906,219.6999969482422,2796.0
2024-10-25 12:40:00+00:00,CETX,0.3003999888896942,0.3003999888896942,0.3003999888896942,0.3001999855041504,0.3001999855041504,2477.0
2024-10-25 12:40:00+00:00,CFLT,22.610000610351562,22.610000610351562,22.645000457763672,22.600000381469727,22.645000457763672,6552.0
2024-10-25 12:40:00+00:00,CGNX,39.07500076293945,39.07500076293945,39.084999084472656,39.06999969482422,39.084999084472656,2883.0
2024-10-25 12:40:00+00:00,CHKP,207.3800048828125,207.3800048828125,207.3800048828125,207.3800048828125,207.3800048828125,9833.0
2024-10-25 12:40:00+00:00,CLBT,18.155000686645508,18.155000686645508,18.15999984741211,18.155000686645508,18.15999984741211,757.0
2024-10-25 12:40:00+00:00,CLSK,11.824999809265137,11.824999809265137,11.859999656677246,11.820899963378906,11.854999542236328,47112.0
2024-10-25 12:40:00+00:00,CMTL,3.7149999141693115,3.7149999141693115,3.7149999141693115,3.7149999141693115,3.7149999141693115,188.0
2024-10-25 12:40:00+00:00,CNXC,45.11000061035156,45.11000061035156,45.11000061035156,45.11000061035156,45.11000061035156,112.0
2024-10-25 12:40:00+00:00,COHR,94.94999694824219,94.94999694824219,95.05999755859375,94.91999816894531,95.05000305175781,4321.0
2024-10-25 12:40:00+00:00,COHU,26.270000457763672,26.270000457763672,26.290000915527344,26.270000457763672,26.290000915527344,1444.0
2024-10-25 12:40:00+00:00,COIN,208.75,208.75,209.05709838867188,208.69009399414062,208.94000244140625,6765.0
2024-10-25 12:40:00+00:00,COMM,6.309999942779541,6.309999942779541,6.315000057220459,6.304999828338623,6.309999942779541,3784.0
2024-10-25 12:40:00+00:00,CORZ,13.34000015258789,13.34000015258789,13.369999885559082,13.34000015258789,13.369999885559082,3522.0
2024-10-25 12:40:00+00:00,CRDO,39.67499923706055,39.67499923706055,39.71500015258789,39.67499923706055,39.71500015258789,3888.0
2024-10-25 12:40:00+00:00,CRNC,2.8399999141693115,2.8399999141693115,2.8450000286102295,2.8399999141693115,2.8450000286102295,2609.0
2024-10-25 12:40:00+00:00,CRUS,123.5199966430664,123.5199966430664,123.5199966430664,123.5199966430664,123.5199966430664,230.0
2024-10-25 12:40:00+00:00,CRWD,302.0249938964844,302.0249938964844,305.2650146484375,300.2099914550781,305.010009765625,137806.0
2024-10-25 12:40:00+00:00,CSCO,55.994998931884766,55.994998931884766,56.0,55.9900016784668,55.9900016784668,3023.0
2024-10-25 12:40:00+00:00,CSIQ,13.710000038146973,13.710000038146973,13.770000457763672,13.710000038146973,13.770000457763672,8585.0
2024-10-25 12:40:00+00:00,CTLP,8.920000076293945,8.920000076293945,8.920000076293945,8.920000076293945,8.920000076293945,1370.0
2024-10-25 12:40:00+00:00,CTSH,75.01499938964844,75.01499938964844,75.0199966430664,75.01499938964844,75.0199966430664,1315.0
2024-10-25 12:40:00+00:00,CVLT,134.47000122070312,134.47000122070312,134.5,134.47000122070312,134.5,1526.0
2024-10-25 12:40:00+00:00,DAKT,13.119999885559082,13.119999885559082,13.119999885559082,13.119999885559082,13.119999885559082,263.0
2024-10-25 12:40:00+00:00,DATS,1.7223000526428223,1.7223000526428223,1.725000023841858,1.7105000019073486,1.725000023841858,2230.0
2024-10-25 12:40:00+00:00,DAVE,39.55229949951172,39.55229949951172,39.55229949951172,39.55229949951172,39.55229949951172,122.0
2024-10-25 12:40:00+00:00,DBX,26.045000076293945,26.045000076293945,26.045000076293945,26.03499984741211,26.040000915527344,4455.0
2024-10-25 12:40:00+00:00,DDOG,127.31999969482422,127.31999969482422,127.47000122070312,127.19999694824219,127.44000244140625,16391.0
2024-10-25 12:40:00+00:00,DGHI,1.5870000123977661,1.5870000123977661,1.627500057220459,1.5870000123977661,1.627500057220459,6298.0
2024-10-25 12:40:00+00:00,DIOD,66.55999755859375,66.55999755859375,66.55999755859375,66.55999755859375,66.55999755859375,832.0
2024-10-25 12:40:00+00:00,DLO,8.864999771118164,8.864999771118164,8.864999771118164,8.859999656677246,8.859999656677246,645.0
2024-10-25 12:40:00+00:00,DOCU,69.8949966430664,69.8949966430664,70.00499725341797,69.8949966430664,70.00499725341797,3183.0
2024-10-25 12:40:00+00:00,DOMO,8.020000457763672,8.020000457763672,8.020000457763672,8.020000457763672,8.020000457763672,643.0
2024-10-25 12:40:00+00:00,DSGX,104.55999755859375,104.55999755859375,104.55999755859375,104.55999755859375,104.55999755859375,1646.0
2024-10-25 12:40:00+00:00,DUOL,289.45001220703125,289.45001220703125,289.6300048828125,289.32000732421875,289.6300048828125,7296.0
2024-10-25 12:40:00+00:00,EMKR,2.125999927520752,2.125999927520752,2.125999927520752,2.125999927520752,2.125999927520752,1667.0
2024-10-25 12:40:00+00:00,ENPH,83.56999969482422,83.56999969482422,83.59500122070312,83.56999969482422,83.59500122070312,1929.0
2024-10-25 12:40:00+00:00,ENTG,105.95999908447266,105.95999908447266,105.98999786376953,105.87999725341797,105.98500061035156,9423.0
2024-10-25 12:40:00+00:00,ERIC,8.475000381469727,8.475000381469727,8.475000381469727,8.475000381469727,8.475000381469727,4064.0
2024-10-25 12:40:00+00:00,EXLS,38.91569900512695,38.91569900512695,38.91569900512695,38.90999984741211,38.90999984741211,726.0
2024-10-25 12:40:00+00:00,FFIV,216.66000366210938,216.66000366210938,216.66000366210938,216.66000366210938,216.66000366210938,326.0
2024-10-25 12:40:00+00:00,FIVN,29.905000686645508,29.905000686645508,29.93000030517578,29.889999389648438,29.93000030517578,2107.0
2024-10-25 12:40:00+00:00,FLEX,35.279998779296875,35.279998779296875,35.3650016784668,35.279998779296875,35.3650016784668,50987.0
2024-10-25 12:40:00+00:00,FLYW,17.450000762939453,17.450000762939453,17.5,17.450000762939453,17.5,2317.0
2024-10-25 12:40:00+00:00,FORM,45.209999084472656,45.209999084472656,45.209999084472656,45.209999084472656,45.209999084472656,491.0
2024-10-25 12:40:00+00:00,FROG,29.450000762939453,29.450000762939453,29.469999313354492,29.450000762939453,29.469999313354492,2786.0
2024-10-25 12:40:00+00:00,FRSH,11.65999984741211,11.65999984741211,11.670000076293945,11.65999984741211,11.670000076293945,2862.0
2024-10-25 12:40:00+00:00,FSLR,199.61000061035156,199.61000061035156,199.82000732421875,199.44500732421875,199.44500732421875,7289.0
2024-10-25 12:40:00+00:00,FTNT,81.0999984741211,81.0999984741211,81.26000213623047,81.05000305175781,81.26000213623047,34652.0
2024-10-25 12:40:00+00:00,GCT,24.91550064086914,24.91550064086914,24.940000534057617,24.91550064086914,24.940000534057617,902.0
2024-10-25 12:40:00+00:00,GDYN,15.5600004196167,15.5600004196167,15.569999694824219,15.555000305175781,15.569999694824219,1581.0
2024-10-25 12:40:00+00:00,GFS,41.209999084472656,41.209999084472656,41.209999084472656,41.209999084472656,41.209999084472656,594.0
2024-10-25 12:40:00+00:00,GILT,4.949699878692627,4.949699878692627,4.949699878692627,4.949699878692627,4.949699878692627,236.0
2024-10-25 12:40:00+00:00,GPRO,1.340000033378601,1.340000033378601,1.340000033378601,1.340000033378601,1.340000033378601,1030.0
2024-10-25 12:40:00+00:00,GRAB,4.079999923706055,4.079999923706055,4.079999923706055,4.079999923706055,4.079999923706055,1770.0
2024-10-25 12:40:00+00:00,GSIT,3.4649999141693115,3.4649999141693115,3.4649999141693115,3.4649999141693115,3.4649999141693115,4000.0
2024-10-25 12:40:00+00:00,GTLB,55.60499954223633,55.60499954223633,55.70000076293945,55.59000015258789,55.68000030517578,3771.0
2024-10-25 12:40:00+00:00,HCP,33.68009948730469,33.68009948730469,33.68009948730469,33.68009948730469,33.68009948730469,635.0
2024-10-25 12:40:00+00:00,HIMX,6.179999828338623,6.179999828338623,6.179999828338623,6.179999828338623,6.179999828338623,1693.0
2024-10-25 12:40:00+00:00,HLIT,14.770000457763672,14.770000457763672,14.770000457763672,14.770000457763672,14.770000457763672,1160.0
2024-10-25 12:40:00+00:00,HOLO,3.6500000953674316,3.6500000953674316,3.6500000953674316,3.640000104904175,3.6500000953674316,2914.0
2024-10-25 12:40:00+00:00,HOOD,27.280099868774414,27.280099868774414,27.309999465942383,27.280000686645508,27.309999465942383,6667.0
2024-10-25 12:40:00+00:00,HTCR,1.0370999574661255,1.0370999574661255,1.0370999574661255,1.0370999574661255,1.0370999574661255,3423.0
2024-10-25 12:40:00+00:00,ICHR,27.739999771118164,27.739999771118164,27.739999771118164,27.739999771118164,27.739999771118164,553.0
2024-10-25 12:40:00+00:00,IMMR,8.729999542236328,8.729999542236328,8.729999542236328,8.729999542236328,8.729999542236328,221.0
2024-10-25 12:40:00+00:00,IMOS,22.420000076293945,22.420000076293945,22.420000076293945,22.420000076293945,22.420000076293945,370.0
2024-10-25 12:40:00+00:00,INDI,3.575000047683716,3.575000047683716,3.575000047683716,3.575000047683716,3.575000047683716,1280.0
2024-10-25 12:40:00+00:00,INFN,6.789999961853027,6.789999961853027,6.789999961853027,6.789999961853027,6.789999961853027,331.0
2024-10-25 12:40:00+00:00,INOD,19.93000030517578,19.93000030517578,20.059999465942383,19.920000076293945,20.045000076293945,3629.0
2024-10-25 12:40:00+00:00,INSG,20.030000686645508,20.030000686645508,20.059999465942383,20.020000457763672,20.040000915527344,5646.0
2024-10-25 12:40:00+00:00,INTA,50.20000076293945,50.20000076293945,50.20000076293945,50.20000076293945,50.20000076293945,306.0
2024-10-25 12:40:00+00:00,INTC,23.125,23.125,23.149999618530273,23.1200008392334,23.145000457763672,59910.0
2024-10-25 12:40:00+00:00,INTU,610.6799926757812,610.6799926757812,611.02001953125,610.5999755859375,611.02001953125,2531.0
2024-10-25 12:40:00+00:00,IPGP,77.13999938964844,77.13999938964844,77.13999938964844,77.13999938964844,77.13999938964844,697.0
2024-10-25 12:40:00+00:00,ITRI,103.03820037841797,103.03820037841797,103.03820037841797,103.03820037841797,103.03820037841797,711.0
2024-10-25 12:40:00+00:00,JAMF,16.829999923706055,16.829999923706055,16.84000015258789,16.829999923706055,16.84000015258789,663.0
2024-10-25 12:40:00+00:00,KC,2.7249999046325684,2.7249999046325684,2.7249999046325684,2.7249999046325684,2.7249999046325684,423.0
2024-10-25 12:40:00+00:00,KLAC,681.2000122070312,681.2000122070312,681.2000122070312,680.9600219726562,680.9600219726562,493.0
2024-10-25 12:40:00+00:00,KLIC,44.38999938964844,44.38999938964844,44.38999938964844,44.380001068115234,44.380001068115234,1265.0
2024-10-25 12:40:00+00:00,KLTR,1.340000033378601,1.340000033378601,1.340000033378601,1.340000033378601,1.340000033378601,820.0
2024-10-25 12:40:00+00:00,LINK,4.965000152587891,4.965000152587891,4.965000152587891,4.958000183105469,4.958000183105469,1021.0
2024-10-25 12:40:00+00:00,LITE,64.2197036743164,64.2197036743164,64.2300033569336,64.19999694824219,64.19999694824219,2586.0
2024-10-25 12:40:00+00:00,LOGI,81.06500244140625,81.06500244140625,81.06500244140625,81.06500244140625,81.06500244140625,555.0
2024-10-25 12:40:00+00:00,LPTH,1.6950000524520874,1.6950000524520874,1.6950000524520874,1.6950000524520874,1.6950000524520874,2000.0
2024-10-25 12:40:00+00:00,LRCX,79.0999984741211,79.0999984741211,79.18499755859375,79.09010314941406,79.16999816894531,36498.0
2024-10-25 12:40:00+00:00,LSCC,54.567501068115234,54.567501068115234,54.59000015258789,54.567501068115234,54.59000015258789,2208.0
2024-10-25 12:40:00+00:00,LUNA,1.8200000524520874,1.8200000524520874,1.8200000524520874,1.8200000524520874,1.8200000524520874,101.0
2024-10-25 12:40:00+00:00,LYFT,13.78030014038086,13.78030014038086,13.789999961853027,13.779999732971191,13.789999961853027,25611.0
2024-10-25 12:40:00+00:00,MANH,275.739990234375,275.739990234375,276.6400146484375,275.739990234375,276.5299987792969,4455.0
2024-10-25 12:40:00+00:00,MCHP,77.13999938964844,77.13999938964844,77.13999938964844,77.12000274658203,77.12000274658203,5449.0
2024-10-25 12:40:00+00:00,MDB,267.04998779296875,267.04998779296875,267.6600036621094,267.04998779296875,267.6400146484375,5575.0
2024-10-25 12:40:00+00:00,MKSI,101.1500015258789,101.1500015258789,101.19000244140625,101.1500015258789,101.18000030517578,1081.0
2024-10-25 12:40:00+00:00,MNDY,298.92498779296875,298.92498779296875,298.92498779296875,298.92498779296875,298.92498779296875,1189.0
2024-10-25 12:40:00+00:00,MPWR,923.0150146484375,923.0150146484375,923.02001953125,922.5850219726562,923.02001953125,1697.0
2024-10-25 12:40:00+00:00,MQ,5.295000076293945,5.295000076293945,5.300000190734863,5.295000076293945,5.295000076293945,1865.0
2024-10-25 12:40:00+00:00,MRVL,83.10099792480469,83.10099792480469,83.13500213623047,83.08000183105469,83.12999725341797,10910.0
2024-10-25 12:40:00+00:00,MSFT,430.20001220703125,430.20001220703125,430.3399963378906,430.1700134277344,430.2799987792969,20075.0
2024-10-25 12:40:00+00:00,MSTR,239.11500549316406,239.11500549316406,239.25,238.8000030517578,239.01499938964844,19533.0
2024-10-25 12:40:00+00:00,MTSI,120.66999816894531,120.66999816894531,120.66999816894531,120.66999816894531,120.66999816894531,1098.0
2024-10-25 12:40:00+00:00,MU,109.0199966430664,109.0199966430664,109.09510040283203,109.0199966430664,109.08999633789062,8035.0
2024-10-25 12:40:00+00:00,MVIS,1.100000023841858,1.100000023841858,1.100000023841858,1.100000023841858,1.100000023841858,214.0
2024-10-25 12:40:00+00:00,NCNO,37.78499984741211,37.78499984741211,37.79999923706055,37.78499984741211,37.79999923706055,884.0
2024-10-25 12:40:00+00:00,NNDM,2.3299999237060547,2.3299999237060547,2.340100049972534,2.325000047683716,2.3399999141693115,18814.0
2024-10-25 12:40:00+00:00,NTAP,120.43000030517578,120.43000030517578,120.48999786376953,120.43000030517578,120.48999786376953,1767.0
2024-10-25 12:40:00+00:00,NTCT,20.690000534057617,20.690000534057617,20.690000534057617,20.68000030517578,20.68000030517578,1386.0
2024-10-25 12:40:00+00:00,NTNX,62.150001525878906,62.150001525878906,62.20500183105469,62.150001525878906,62.20500183105469,2050.0
2024-10-25 12:40:00+00:00,NVDA,143.3699951171875,143.3699951171875,143.4799041748047,143.3300018310547,143.4700927734375,351612.0
2024-10-25 12:40:00+00:00,NVTS,2.5999999046325684,2.5999999046325684,2.6050000190734863,2.5999999046325684,2.6050000190734863,582.0
2024-10-25 12:40:00+00:00,NXPI,245.37750244140625,245.37750244140625,245.4600067138672,245.2449951171875,245.30999755859375,4215.0
2024-10-25 12:40:00+00:00,OKTA,72.51000213623047,72.51000213623047,72.62000274658203,72.51000213623047,72.62000274658203,6654.0
2024-10-25 12:40:00+00:00,OLED,204.42999267578125,204.42999267578125,204.77999877929688,204.42999267578125,204.77999877929688,2114.0
2024-10-25 12:40:00+00:00,ON,72.08000183105469,72.08000183105469,72.11000061035156,72.05000305175781,72.0999984741211,18268.0
2024-10-25 12:40:00+00:00,OSPN,14.609999656677246,14.609999656677246,14.614999771118164,14.609999656677246,14.614999771118164,2128.0
2024-10-25 12:40:00+00:00,PANW,368.5299987792969,368.5299987792969,369.5199890136719,368.2200012207031,369.30999755859375,12276.0
2024-10-25 12:40:00+00:00,PAYO,8.295000076293945,8.295000076293945,8.300000190734863,8.295000076293945,8.300000190734863,1461.0
2024-10-25 12:40:00+00:00,PCTY,173.89999389648438,173.89999389648438,173.89999389648438,173.89999389648438,173.89999389648438,1110.0
2024-10-25 12:40:00+00:00,PEGA,80.47000122070312,80.47000122070312,80.47000122070312,80.45999908447266,80.45999908447266,1956.0
2024-10-25 12:40:00+00:00,PEGY,4.6605000495910645,4.6605000495910645,4.6605000495910645,4.6605000495910645,4.6605000495910645,616.0
2024-10-25 12:40:00+00:00,PGY,11.859999656677246,11.859999656677246,11.859999656677246,11.859999656677246,11.859999656677246,301.0
2024-10-25 12:40:00+00:00,PHUN,10.289999961853027,10.289999961853027,10.329999923706055,10.289999961853027,10.3149995803833,11287.0
2024-10-25 12:40:00+00:00,PI,203.80079650878906,203.80079650878906,203.80079650878906,203.80079650878906,203.80079650878906,313.0
2024-10-25 12:40:00+00:00,PLUS,98.19999694824219,98.19999694824219,98.19999694824219,98.19999694824219,98.19999694824219,240.0
2024-10-25 12:40:00+00:00,POET,3.9059998989105225,3.9059998989105225,3.9398999214172363,3.9059998989105225,3.920099973678589,9707.0
2024-10-25 12:40:00+00:00,POWI,64.08000183105469,64.08000183105469,64.08000183105469,64.08000183105469,64.08000183105469,304.0
2024-10-25 12:40:00+00:00,PRGS,64.88999938964844,64.88999938964844,64.88999938964844,64.88999938964844,64.88999938964844,769.0
2024-10-25 12:40:00+00:00,PTC,187.09500122070312,187.09500122070312,187.09500122070312,187.09500122070312,187.09500122070312,1945.0
2024-10-25 12:40:00+00:00,PUBM,14.869999885559082,14.869999885559082,14.869999885559082,14.869999885559082,14.869999885559082,1448.0
2024-10-25 12:40:00+00:00,PYCR,14.319999694824219,14.319999694824219,14.319999694824219,14.3100004196167,14.3100004196167,1043.0
2024-10-25 12:40:00+00:00,QCOM,172.6750030517578,172.6750030517578,172.7100067138672,172.64999389648438,172.7100067138672,7119.0
2024-10-25 12:40:00+00:00,QLYS,120.02999877929688,120.02999877929688,120.02999877929688,120.02999877929688,120.02999877929688,274.0
2024-10-25 12:40:00+00:00,QRVO,100.30500030517578,100.30500030517578,100.31999969482422,100.29000091552734,100.30999755859375,2673.0
2024-10-25 12:40:00+00:00,RCAT,2.755000114440918,2.755000114440918,2.755000114440918,2.755000114440918,2.755000114440918,1102.0
2024-10-25 12:40:00+00:00,RDWR,22.299999237060547,22.299999237060547,22.31999969482422,22.299999237060547,22.31999969482422,500.0
2024-10-25 12:40:00+00:00,REKR,1.0950000286102295,1.0950000286102295,1.100000023841858,1.0901999473571777,1.0901999473571777,11493.0
2024-10-25 12:40:00+00:00,RELY,14.829999923706055,14.829999923706055,14.84000015258789,14.819999694824219,14.84000015258789,2740.0
2024-10-25 12:40:00+00:00,RGTI,1.2100000381469727,1.2100000381469727,1.218500018119812,1.2100000381469727,1.215000033378601,6271.0
2024-10-25 12:40:00+00:00,RIOT,10.0,10.0,10.029999732971191,9.989999771118164,10.024999618530273,62695.0
2024-10-25 12:40:00+00:00,RMBS,43.56999969482422,43.56999969482422,43.59000015258789,43.54999923706055,43.564998626708984,3799.0
2024-10-25 12:40:00+00:00,RMNI,1.725000023841858,1.725000023841858,1.725000023841858,1.725000023841858,1.725000023841858,212.0
2024-10-25 12:40:00+00:00,RPAY,7.605000019073486,7.605000019073486,7.610000133514404,7.605000019073486,7.610000133514404,367.0
2024-10-25 12:40:00+00:00,RPD,38.98500061035156,38.98500061035156,39.0,38.98500061035156,38.9900016784668,1290.0
2024-10-25 12:40:00+00:00,RUM,5.710000038146973,5.710000038146973,5.719900131225586,5.710000038146973,5.719900131225586,2309.0
2024-10-25 12:40:00+00:00,RUN,14.406900405883789,14.406900405883789,14.425000190734863,14.399999618530273,14.40999984741211,8700.0
2024-10-25 12:40:00+00:00,SANM,67.7249984741211,67.7249984741211,67.7249984741211,67.7249984741211,67.7249984741211,442.0
2024-10-25 12:40:00+00:00,SCSC,44.93000030517578,44.93000030517578,44.93000030517578,44.93000030517578,44.93000030517578,425.0
2024-10-25 12:40:00+00:00,SEDG,16.1200008392334,16.1200008392334,16.139999389648438,16.1200008392334,16.1200008392334,5602.0
2024-10-25 12:40:00+00:00,SHLS,5.329999923706055,5.329999923706055,5.335000038146973,5.329999923706055,5.329999923706055,8340.0
2024-10-25 12:40:00+00:00,SIMO,57.189998626708984,57.189998626708984,57.19499969482422,57.14500045776367,57.150001525878906,5055.0
2024-10-25 12:40:00+00:00,SMCI,47.819400787353516,47.819400787353516,47.88999938964844,47.779998779296875,47.88999938964844,34269.0
2024-10-25 12:40:00+00:00,SMTC,45.880001068115234,45.880001068115234,45.900001525878906,45.880001068115234,45.900001525878906,1475.0
2024-10-25 12:40:00+00:00,SNPS,504.0,504.0,504.5950012207031,504.0,504.5950012207031,1634.0
2024-10-25 12:40:00+00:00,SONO,12.805000305175781,12.805000305175781,12.805000305175781,12.805000305175781,12.805000305175781,807.0
2024-10-25 12:40:00+00:00,SOUN,5.275000095367432,5.275000095367432,5.289000034332275,5.27400016784668,5.289000034332275,17692.0
2024-10-25 12:40:00+00:00,SOUNW,1.9098999500274658,1.9098999500274658,1.909999966621399,1.9098999500274658,1.909999966621399,2510.0
2024-10-25 12:40:00+00:00,SPSC,173.74000549316406,173.74000549316406,173.74000549316406,173.69000244140625,173.69000244140625,770.0
2024-10-25 12:40:00+00:00,SPT,27.04599952697754,27.04599952697754,27.04599952697754,27.04599952697754,27.04599952697754,502.0
2024-10-25 12:40:00+00:00,SRAD,12.395000457763672,12.395000457763672,12.395000457763672,12.395000457763672,12.395000457763672,295.0
2024-10-25 12:40:00+00:00,SSNC,69.56999969482422,69.56999969482422,69.56999969482422,69.55999755859375,69.56999969482422,880.0
2024-10-25 12:40:00+00:00,STER,16.739999771118164,16.739999771118164,16.739999771118164,16.739999771118164,16.739999771118164,286.0
2024-10-25 12:40:00+00:00,STNE,11.489999771118164,11.489999771118164,11.505000114440918,11.489999771118164,11.505000114440918,7178.0
2024-10-25 12:40:00+00:00,STX,103.91000366210938,103.91000366210938,103.98999786376953,103.9000015258789,103.94000244140625,2880.0
2024-10-25 12:40:00+00:00,SURG,1.75,1.75,1.7510000467300415,1.75,1.7510000467300415,412.0
2024-10-25 12:40:00+00:00,SWKS,96.41999816894531,96.41999816894531,96.5199966430664,96.41999816894531,96.5199966430664,2892.0
2024-10-25 12:40:00+00:00,SYNA,73.43499755859375,73.43499755859375,73.43499755859375,73.43499755859375,73.43499755859375,272.0
2024-10-25 12:40:00+00:00,SYTA,1.2799999713897705,1.2799999713897705,1.2799999713897705,1.2799999713897705,1.2799999713897705,67.0
2024-10-25 12:40:00+00:00,TEAM,190.1999969482422,190.1999969482422,190.5,190.1999969482422,190.5,2749.0
2024-10-25 12:40:00+00:00,TENB,41.599998474121094,41.599998474121094,41.65999984741211,41.59000015258789,41.64500045776367,4472.0
2024-10-25 12:40:00+00:00,TER,112.75,112.75,112.88500213623047,112.75,112.86000061035156,4929.0
2024-10-25 12:40:00+00:00,TLS,3.634999990463257,3.634999990463257,3.634999990463257,3.634999990463257,3.634999990463257,640.0
2024-10-25 12:40:00+00:00,TRMB,61.130001068115234,61.130001068115234,61.130001068115234,61.130001068115234,61.130001068115234,1040.0
2024-10-25 12:40:00+00:00,TTD,119.5302963256836,119.5302963256836,119.66000366210938,119.5302963256836,119.66000366210938,3460.0
2024-10-25 12:40:00+00:00,TWKS,4.449999809265137,4.449999809265137,4.449999809265137,4.449999809265137,4.449999809265137,1010.0
2024-10-25 12:40:00+00:00,TXN,209.10000610351562,209.10000610351562,209.10000610351562,209.0500030517578,209.10000610351562,2289.0
2024-10-25 12:40:00+00:00,UCTT,36.099998474121094,36.099998474121094,36.11000061035156,36.099998474121094,36.11000061035156,662.0
2024-10-25 12:40:00+00:00,VECO,29.540000915527344,29.540000915527344,29.540000915527344,29.530000686645508,29.540000915527344,1427.0
2024-10-25 12:40:00+00:00,VERI,3.3949999809265137,3.3949999809265137,3.4000000953674316,3.3949999809265137,3.4000000953674316,1166.0
2024-10-25 12:40:00+00:00,VERX,42.14500045776367,42.14500045776367,42.14500045776367,42.13999938964844,42.13999938964844,3656.0
2024-10-25 12:40:00+00:00,VMEO,4.784999847412109,4.784999847412109,4.789999961853027,4.784999847412109,4.789999961853027,746.0
2024-10-25 12:40:00+00:00,VRNS,56.84000015258789,56.84000015258789,56.86750030517578,56.810001373291016,56.86750030517578,1000.0
2024-10-25 12:40:00+00:00,VSAT,10.359999656677246,10.359999656677246,10.359999656677246,10.34000015258789,10.34000015258789,1500.0
2024-10-25 12:40:00+00:00,WDAY,239.4499969482422,239.4499969482422,239.52999877929688,239.44000244140625,239.52999877929688,1217.0
2024-10-25 12:40:00+00:00,WDC,71.41999816894531,71.41999816894531,71.58000183105469,71.41999816894531,71.56999969482422,23781.0
2024-10-25 12:40:00+00:00,WISA,1.9200999736785889,1.9200999736785889,1.934999942779541,1.9200999736785889,1.934999942779541,1225.0
2024-10-25 12:40:00+00:00,WLDS,3.450000047683716,3.450000047683716,3.450000047683716,3.450000047683716,3.450000047683716,887.0
2024-10-25 12:40:00+00:00,XRX,10.079999923706055,10.079999923706055,10.085000038146973,10.079999923706055,10.085000038146973,704.0
2024-10-25 12:40:00+00:00,ZENV,1.440000057220459,1.440000057220459,1.440000057220459,1.440000057220459,1.440000057220459,200.0
2024-10-25 12:40:00+00:00,ZI,10.53499984741211,10.53499984741211,10.545000076293945,10.529999732971191,10.539999961853027,8037.0
2024-10-25 12:40:00+00:00,ZM,73.12999725341797,73.12999725341797,73.13089752197266,73.12999725341797,73.13089752197266,2041.0
2024-10-25 12:40:00+00:00,ZS,185.05999755859375,185.05999755859375,186.25999450683594,185.05999755859375,186.25999450683594,12842.0
2024-10-25 12:41:00+00:00,AAOI,17.934499740600586,17.934499740600586,17.950000762939453,17.93000030517578,17.940000534057617,1704.0
2024-10-25 12:41:00+00:00,AAPL,232.67999267578125,232.67999267578125,232.6999969482422,232.63999938964844,232.6820068359375,24473.0
2024-10-25 12:41:00+00:00,ACIW,48.82500076293945,48.82500076293945,48.83000183105469,48.82500076293945,48.83000183105469,493.0
2024-10-25 12:41:00+00:00,ACMR,19.931100845336914,19.931100845336914,19.940000534057617,19.931100845336914,19.940000534057617,949.0
2024-10-25 12:41:00+00:00,ADBE,485.6000061035156,485.6000061035156,485.739990234375,485.44000244140625,485.4949951171875,5672.0
2024-10-25 12:41:00+00:00,ADI,233.66000366210938,233.66000366210938,233.66000366210938,233.5449981689453,233.57000732421875,2466.0
2024-10-25 12:41:00+00:00,ADSK,286.9100036621094,286.9100036621094,286.92999267578125,286.9100036621094,286.92999267578125,1293.0
2024-10-25 12:41:00+00:00,AEHR,17.31999969482422,17.31999969482422,17.350000381469727,17.18000030517578,17.190000534057617,29459.0
2024-10-25 12:41:00+00:00,AFRM,41.779998779296875,41.779998779296875,41.790000915527344,41.77170181274414,41.779998779296875,5496.0
2024-10-25 12:41:00+00:00,AKAM,102.91999816894531,102.91999816894531,102.91999816894531,102.91999816894531,102.91999816894531,286.0
2024-10-25 12:41:00+00:00,AKTS,0.057100001722574234,0.057100001722574234,0.057100001722574234,0.057100001722574234,0.057100001722574234,220.0
2024-10-25 12:41:00+00:00,ALGM,22.889999389648438,22.889999389648438,22.889999389648438,22.8700008392334,22.889999389648438,11645.0
2024-10-25 12:41:00+00:00,ALKT,38.27000045776367,38.27000045776367,38.27000045776367,38.27000045776367,38.27000045776367,357.0
2024-10-25 12:41:00+00:00,ALTR,103.91999816894531,103.91999816894531,103.91999816894531,103.91999816894531,103.91999816894531,245.0
2024-10-25 12:41:00+00:00,AMAT,188.6699981689453,188.6699981689453,188.6699981689453,188.5,188.5,4827.0
2024-10-25 12:41:00+00:00,AMD,157.96800231933594,157.96800231933594,158.00999450683594,157.89999389648438,157.94200134277344,36043.0
2024-10-25 12:41:00+00:00,AMKR,30.049999237060547,30.049999237060547,30.049999237060547,30.049999237060547,30.049999237060547,491.0
2024-10-25 12:41:00+00:00,ANSS,326.17999267578125,326.17999267578125,326.17999267578125,326.05499267578125,326.05499267578125,716.0
2024-10-25 12:41:00+00:00,APP,162.17999267578125,162.17999267578125,162.27499389648438,162.17999267578125,162.25999450683594,786.0
2024-10-25 12:41:00+00:00,APPS,3.075000047683716,3.075000047683716,3.075000047683716,3.069999933242798,3.069999933242798,4898.0
2024-10-25 12:41:00+00:00,ARQQ,7.0,7.0,7.050000190734863,7.0,7.050000190734863,9850.0
2024-10-25 12:41:00+00:00,ARRY,6.545000076293945,6.545000076293945,6.550000190734863,6.545000076293945,6.550000190734863,13006.0
2024-10-25 12:41:00+00:00,ASML,718.4299926757812,718.4299926757812,718.4299926757812,718.4299926757812,718.4299926757812,809.0
2024-10-25 12:41:00+00:00,ASNS,1.3450000286102295,1.3450000286102295,1.3450000286102295,1.3450000286102295,1.3450000286102295,200.0
2024-10-25 12:41:00+00:00,AUR,6.446400165557861,6.446400165557861,6.446400165557861,6.445000171661377,6.445000171661377,672.0
2024-10-25 12:41:00+00:00,AVDX,8.149999618530273,8.149999618530273,8.149999618530273,8.149999618530273,8.149999618530273,3036.0
2024-10-25 12:41:00+00:00,AVGO,176.0,176.0,176.02999877929688,175.9199981689453,175.9499969482422,15019.0
2024-10-25 12:41:00+00:00,BAND,17.719999313354492,17.719999313354492,17.719999313354492,17.719999313354492,17.719999313354492,368.0
2024-10-25 12:41:00+00:00,BLKB,86.125,86.125,86.125,86.125,86.125,143.0
2024-10-25 12:41:00+00:00,BMBL,7.244999885559082,7.244999885559082,7.25,7.244999885559082,7.244999885559082,5711.0
2024-10-25 12:41:00+00:00,BSY,49.13740158081055,49.13740158081055,49.150001525878906,49.13740158081055,49.150001525878906,453.0
2024-10-25 12:41:00+00:00,CAMT,78.57019805908203,78.57019805908203,78.57019805908203,78.57019805908203,78.57019805908203,258.0
2024-10-25 12:41:00+00:00,CAN,0.9829999804496765,0.9829999804496765,0.9830999970436096,0.9818000197410583,0.9830999970436096,1326.0
2024-10-25 12:41:00+00:00,CDNS,259.1449890136719,259.1449890136719,259.1499938964844,258.8100891113281,258.8100891113281,2800.0
2024-10-25 12:41:00+00:00,CDW,219.55499267578125,219.55499267578125,219.55499267578125,219.55499267578125,219.55499267578125,1107.0
2024-10-25 12:41:00+00:00,CETX,0.3010999858379364,0.3010999858379364,0.30169999599456787,0.3010999858379364,0.30169999599456787,7336.0
2024-10-25 12:41:00+00:00,CFLT,22.610000610351562,22.610000610351562,22.6299991607666,22.600000381469727,22.614999771118164,4858.0
2024-10-25 12:41:00+00:00,CGNX,39.04999923706055,39.04999923706055,39.060001373291016,39.04999923706055,39.060001373291016,2364.0
2024-10-25 12:41:00+00:00,CLBT,18.170000076293945,18.170000076293945,18.170000076293945,18.139999389648438,18.139999389648438,1345.0
2024-10-25 12:41:00+00:00,CLSK,11.84000015258789,11.84000015258789,11.84000015258789,11.8149995803833,11.819999694824219,89157.0
2024-10-25 12:41:00+00:00,CNXC,45.11000061035156,45.11000061035156,45.11000061035156,45.099998474121094,45.11000061035156,1395.0
2024-10-25 12:41:00+00:00,COHR,94.94000244140625,94.94000244140625,95.0199966430664,94.89070129394531,94.97000122070312,7291.0
2024-10-25 12:41:00+00:00,COIN,208.91000366210938,208.91000366210938,208.98989868164062,208.58999633789062,208.69000244140625,6999.0
2024-10-25 12:41:00+00:00,COMM,6.300099849700928,6.300099849700928,6.309999942779541,6.300000190734863,6.309999942779541,1864.0
2024-10-25 12:41:00+00:00,CORZ,13.359999656677246,13.359999656677246,13.359999656677246,13.324999809265137,13.324999809265137,6437.0
2024-10-25 12:41:00+00:00,CRCT,6.590000152587891,6.590000152587891,6.590000152587891,6.590000152587891,6.590000152587891,200.0
2024-10-25 12:41:00+00:00,CRDO,39.66999816894531,39.66999816894531,39.66999816894531,39.66999816894531,39.66999816894531,1640.0
2024-10-25 12:41:00+00:00,CRNC,2.8399999141693115,2.8399999141693115,2.8399999141693115,2.8324999809265137,2.8324999809265137,4361.0
2024-10-25 12:41:00+00:00,CRSR,6.420599937438965,6.420599937438965,6.420599937438965,6.420599937438965,6.420599937438965,346.0
2024-10-25 12:41:00+00:00,CRUS,123.58429718017578,123.58429718017578,123.58429718017578,123.55999755859375,123.55999755859375,277.0
2024-10-25 12:41:00+00:00,CRWD,303.57989501953125,303.57989501953125,303.57989501953125,301.07000732421875,301.6482849121094,48082.0
2024-10-25 12:41:00+00:00,CSCO,55.9900016784668,55.9900016784668,56.0099983215332,55.9900016784668,55.99760055541992,12472.0
2024-10-25 12:41:00+00:00,CSIQ,13.720000267028809,13.720000267028809,13.734999656677246,13.720000267028809,13.729999542236328,462.0
2024-10-25 12:41:00+00:00,CTLP,8.920000076293945,8.920000076293945,8.920000076293945,8.920000076293945,8.920000076293945,309.0
2024-10-25 12:41:00+00:00,CTSH,75.0199966430664,75.0199966430664,75.0199966430664,75.01000213623047,75.0199966430664,2095.0
2024-10-25 12:41:00+00:00,DAIO,2.5250000953674316,2.5250000953674316,2.5250000953674316,2.5250000953674316,2.5250000953674316,2855.0
2024-10-25 12:41:00+00:00,DATS,1.7100000381469727,1.7100000381469727,1.7400000095367432,1.7100000381469727,1.7106000185012817,3781.0
2024-10-25 12:41:00+00:00,DBX,26.040000915527344,26.040000915527344,26.045000076293945,26.040000915527344,26.045000076293945,4891.0
2024-10-25 12:41:00+00:00,DDOG,127.30999755859375,127.30999755859375,127.3499984741211,127.26499938964844,127.30999755859375,7050.0
2024-10-25 12:41:00+00:00,DLO,8.864999771118164,8.864999771118164,8.864999771118164,8.864999771118164,8.864999771118164,365.0
2024-10-25 12:41:00+00:00,DOCU,69.88500213623047,69.88500213623047,69.91000366210938,69.87999725341797,69.8949966430664,6125.0
2024-10-25 12:41:00+00:00,DOX,89.70999908447266,89.70999908447266,89.70999908447266,89.70999908447266,89.70999908447266,688.0
2024-10-25 12:41:00+00:00,DUOL,289.6600036621094,289.6600036621094,289.6600036621094,289.6000061035156,289.6000061035156,2658.0
2024-10-25 12:41:00+00:00,EEFT,99.7300033569336,99.7300033569336,99.7300033569336,99.7300033569336,99.7300033569336,760.0
2024-10-25 12:41:00+00:00,ENPH,83.4800033569336,83.4800033569336,83.58499908447266,83.42009735107422,83.58499908447266,9521.0
2024-10-25 12:41:00+00:00,ENTG,105.95999908447266,105.95999908447266,105.95999908447266,105.91999816894531,105.95999908447266,1603.0
2024-10-25 12:41:00+00:00,ERIC,8.475000381469727,8.475000381469727,8.479999542236328,8.470000267028809,8.47920036315918,124127.0
2024-10-25 12:41:00+00:00,EXLS,38.91999816894531,38.91999816894531,38.91999816894531,38.91999816894531,38.91999816894531,915.0
2024-10-25 12:41:00+00:00,EXTR,14.46500015258789,14.46500015258789,14.46500015258789,14.46500015258789,14.46500015258789,545.0
2024-10-25 12:41:00+00:00,FARO,18.0,18.0,18.0,17.959999084472656,17.959999084472656,633.0
2024-10-25 12:41:00+00:00,FFIV,216.75999450683594,216.75999450683594,216.75999450683594,216.75999450683594,216.75999450683594,375.0
2024-10-25 12:41:00+00:00,FIVN,29.86009979248047,29.86009979248047,29.898000717163086,29.86009979248047,29.8799991607666,1750.0
2024-10-25 12:41:00+00:00,FLEX,35.25,35.25,35.279998779296875,35.25,35.279998779296875,2468.0
2024-10-25 12:41:00+00:00,FLYW,17.459999084472656,17.459999084472656,17.459999084472656,17.459999084472656,17.459999084472656,346.0
2024-10-25 12:41:00+00:00,FORM,45.220001220703125,45.220001220703125,45.2400016784668,45.220001220703125,45.2400016784668,1248.0
2024-10-25 12:41:00+00:00,FROG,29.459999084472656,29.459999084472656,29.459999084472656,29.459999084472656,29.459999084472656,393.0
2024-10-25 12:41:00+00:00,FRSH,11.654999732971191,11.654999732971191,11.65999984741211,11.654999732971191,11.65999984741211,3721.0
2024-10-25 12:41:00+00:00,FSLR,199.35000610351562,199.35000610351562,199.61000061035156,199.3092041015625,199.61000061035156,4542.0
2024-10-25 12:41:00+00:00,FTNT,81.19000244140625,81.19000244140625,81.19000244140625,81.11000061035156,81.11000061035156,6030.0
2024-10-25 12:41:00+00:00,GCT,24.940000534057617,24.940000534057617,24.940000534057617,24.940000534057617,24.940000534057617,199.0
2024-10-25 12:41:00+00:00,GDYN,15.550000190734863,15.550000190734863,15.550000190734863,15.550000190734863,15.550000190734863,286.0
2024-10-25 12:41:00+00:00,GFS,41.19620132446289,41.19620132446289,41.21200180053711,41.19620132446289,41.21200180053711,736.0
2024-10-25 12:41:00+00:00,GPRO,1.3350000381469727,1.3350000381469727,1.3350000381469727,1.3350000381469727,1.3350000381469727,590.0
2024-10-25 12:41:00+00:00,GRAB,4.079999923706055,4.079999923706055,4.085000038146973,4.079999923706055,4.079999923706055,26835.0
2024-10-25 12:41:00+00:00,GRRR,4.489999771118164,4.489999771118164,4.489999771118164,4.489999771118164,4.489999771118164,120.0
2024-10-25 12:41:00+00:00,GTLB,55.529998779296875,55.529998779296875,55.630001068115234,55.529998779296875,55.630001068115234,6334.0
2024-10-25 12:41:00+00:00,GVP,4.610000133514404,4.610000133514404,4.610000133514404,4.610000133514404,4.610000133514404,200.0
2024-10-25 12:41:00+00:00,HCP,33.685001373291016,33.685001373291016,33.685001373291016,33.685001373291016,33.685001373291016,602.0
2024-10-25 12:41:00+00:00,HIMX,6.170000076293945,6.170000076293945,6.170000076293945,6.170000076293945,6.170000076293945,1043.0
2024-10-25 12:41:00+00:00,HOLO,3.6600000858306885,3.6600000858306885,3.6600000858306885,3.6600000858306885,3.6600000858306885,1973.0
2024-10-25 12:41:00+00:00,HOOD,27.30500030517578,27.30500030517578,27.30500030517578,27.280000686645508,27.280000686645508,3608.0
2024-10-25 12:41:00+00:00,HTCR,1.0299999713897705,1.0299999713897705,1.031999945640564,1.0299999713897705,1.031999945640564,54.0
2024-10-25 12:41:00+00:00,IMXI,17.65999984741211,17.65999984741211,17.65999984741211,17.65999984741211,17.65999984741211,252.0
2024-10-25 12:41:00+00:00,INDI,3.575000047683716,3.575000047683716,3.575000047683716,3.575000047683716,3.575000047683716,700.0
2024-10-25 12:41:00+00:00,INFN,6.795000076293945,6.795000076293945,6.795000076293945,6.795000076293945,6.795000076293945,210.0
2024-10-25 12:41:00+00:00,INOD,19.959999084472656,19.959999084472656,19.959999084472656,19.950000762939453,19.950000762939453,4718.0
2024-10-25 12:41:00+00:00,INSG,20.079999923706055,20.079999923706055,20.110000610351562,20.065000534057617,20.065000534057617,1425.0
2024-10-25 12:41:00+00:00,INTA,50.13999938964844,50.13999938964844,50.15999984741211,50.13999938964844,50.15999984741211,941.0
2024-10-25 12:41:00+00:00,INTC,23.1299991607666,23.1299991607666,23.13990020751953,23.1200008392334,23.1200008392334,54036.0
2024-10-25 12:41:00+00:00,INTU,610.905029296875,610.905029296875,610.905029296875,610.6799926757812,610.6799926757812,1566.0
2024-10-25 12:41:00+00:00,JAMF,16.829999923706055,16.829999923706055,16.829999923706055,16.829999923706055,16.829999923706055,826.0
2024-10-25 12:41:00+00:00,JKHY,183.97999572753906,183.97999572753906,184.0800018310547,183.88999938964844,183.89500427246094,1210.0
2024-10-25 12:41:00+00:00,KC,2.7249999046325684,2.7249999046325684,2.7249999046325684,2.7249999046325684,2.7249999046325684,2121.0
2024-10-25 12:41:00+00:00,KLAC,681.2150268554688,681.2150268554688,681.2150268554688,681.2150268554688,681.2150268554688,709.0
2024-10-25 12:41:00+00:00,KLIC,44.400001525878906,44.400001525878906,44.400001525878906,44.400001525878906,44.400001525878906,914.0
2024-10-25 12:41:00+00:00,LASR,10.4399995803833,10.4399995803833,10.4399995803833,10.4399995803833,10.4399995803833,902.0
2024-10-25 12:41:00+00:00,LINK,4.990099906921387,4.990099906921387,5.0,4.990099906921387,5.0,3590.0
2024-10-25 12:41:00+00:00,LOGI,81.0999984741211,81.0999984741211,81.0999984741211,81.0999984741211,81.0999984741211,898.0
2024-10-25 12:41:00+00:00,LRCX,79.19999694824219,79.19999694824219,79.19999694824219,79.07499694824219,79.08999633789062,21571.0
2024-10-25 12:41:00+00:00,LSCC,54.560001373291016,54.560001373291016,54.560001373291016,54.55500030517578,54.55500030517578,1384.0
2024-10-25 12:41:00+00:00,LUNA,1.8200000524520874,1.8200000524520874,1.8200000524520874,1.8200000524520874,1.8200000524520874,517.0
2024-10-25 12:41:00+00:00,LYFT,13.78499984741211,13.78499984741211,13.78499984741211,13.774999618530273,13.78499984741211,18654.0
2024-10-25 12:41:00+00:00,MANH,275.80499267578125,275.80499267578125,275.80499267578125,275.80499267578125,275.80499267578125,344.0
2024-10-25 12:41:00+00:00,MAXN,5.634500026702881,5.634500026702881,5.634500026702881,5.634500026702881,5.634500026702881,1022.0
2024-10-25 12:41:00+00:00,MCHP,77.13999938964844,77.13999938964844,77.13999938964844,77.12999725341797,77.12999725341797,1660.0
2024-10-25 12:41:00+00:00,MDB,267.07000732421875,267.07000732421875,267.07000732421875,266.8879089355469,266.8879089355469,726.0
2024-10-25 12:41:00+00:00,MKSI,101.19999694824219,101.19999694824219,101.19999694824219,101.0999984741211,101.0999984741211,21040.0
2024-10-25 12:41:00+00:00,MKTW,0.5807999968528748,0.5807999968528748,0.58160001039505,0.5807999968528748,0.58160001039505,660.0
2024-10-25 12:41:00+00:00,MNDY,298.9200134277344,298.9200134277344,298.9200134277344,298.9200134277344,298.9200134277344,386.0
2024-10-25 12:41:00+00:00,MPWR,923.0150146484375,923.0150146484375,923.0150146484375,923.0150146484375,923.0150146484375,523.0
2024-10-25 12:41:00+00:00,MQ,5.284999847412109,5.284999847412109,5.295000076293945,5.28000020980835,5.295000076293945,14304.0
2024-10-25 12:41:00+00:00,MRVL,83.13999938964844,83.13999938964844,83.13999938964844,83.08999633789062,83.08999633789062,6615.0
2024-10-25 12:41:00+00:00,MSFT,430.2300109863281,430.2300109863281,430.2300109863281,430.0899963378906,430.1238098144531,11189.0
2024-10-25 12:41:00+00:00,MSTR,239.63499450683594,239.63499450683594,239.89999389648438,238.8000030517578,239.11500549316406,34986.0
2024-10-25 12:41:00+00:00,MU,109.0,109.0,109.05500030517578,108.97010040283203,109.01000213623047,16288.0
2024-10-25 12:41:00+00:00,MVIS,1.0913000106811523,1.0913000106811523,1.100000023841858,1.0913000106811523,1.100000023841858,303.0
2024-10-25 12:41:00+00:00,MXL,15.149999618530273,15.149999618530273,15.180000305175781,15.149999618530273,15.180000305175781,2495.0
2024-10-25 12:41:00+00:00,NCNO,37.779998779296875,37.779998779296875,37.779998779296875,37.779998779296875,37.779998779296875,963.0
2024-10-25 12:41:00+00:00,NICE,176.5449981689453,176.5449981689453,176.59500122070312,176.39999389648438,176.59500122070312,2022.0
2024-10-25 12:41:00+00:00,NNDM,2.3299999237060547,2.3299999237060547,2.3299999237060547,2.3299999237060547,2.3299999237060547,104.0
2024-10-25 12:41:00+00:00,NTAP,120.45379638671875,120.45379638671875,120.45379638671875,120.43000030517578,120.43470001220703,1789.0
2024-10-25 12:41:00+00:00,NTNX,62.15999984741211,62.15999984741211,62.15999984741211,62.15999984741211,62.15999984741211,815.0
2024-10-25 12:41:00+00:00,NVDA,143.38999938964844,143.38999938964844,143.4093017578125,143.30999755859375,143.36500549316406,234682.0
2024-10-25 12:41:00+00:00,NVTS,2.6050000190734863,2.6050000190734863,2.6050000190734863,2.6050000190734863,2.6050000190734863,5479.0
2024-10-25 12:41:00+00:00,NXPI,245.2899932861328,245.2899932861328,245.2899932861328,245.2899932861328,245.2899932861328,773.0
2024-10-25 12:41:00+00:00,OKTA,72.54000091552734,72.54000091552734,72.54000091552734,72.5250015258789,72.54000091552734,848.0
2024-10-25 12:41:00+00:00,ON,72.0999984741211,72.0999984741211,72.11000061035156,72.05000305175781,72.06999969482422,18662.0
2024-10-25 12:41:00+00:00,OSIS,135.73500061035156,135.73500061035156,135.8000030517578,135.73500061035156,135.8000030517578,1265.0
2024-10-25 12:41:00+00:00,OTEX,33.38999938964844,33.38999938964844,33.38999938964844,33.380001068115234,33.380001068115234,2008.0
2024-10-25 12:41:00+00:00,PANW,368.8599853515625,368.8599853515625,368.8900146484375,368.44500732421875,368.54998779296875,6169.0
2024-10-25 12:41:00+00:00,PAYO,8.295000076293945,8.295000076293945,8.295000076293945,8.295000076293945,8.295000076293945,941.0
2024-10-25 12:41:00+00:00,PGY,11.845000267028809,11.845000267028809,11.850000381469727,11.845000267028809,11.845000267028809,607.0
2024-10-25 12:41:00+00:00,PHUN,10.220000267028809,10.220000267028809,10.279999732971191,10.170000076293945,10.279999732971191,92286.0
2024-10-25 12:41:00+00:00,PI,204.08819580078125,204.08819580078125,204.08819580078125,204.08819580078125,204.08819580078125,392.0
2024-10-25 12:41:00+00:00,PLAB,23.68000030517578,23.68000030517578,23.68000030517578,23.68000030517578,23.68000030517578,734.0
2024-10-25 12:41:00+00:00,POET,3.900099992752075,3.900099992752075,3.900099992752075,3.9000000953674316,3.9000000953674316,1886.0
2024-10-25 12:41:00+00:00,POWI,64.08000183105469,64.08000183105469,64.08000183105469,64.08000183105469,64.08000183105469,401.0
2024-10-25 12:41:00+00:00,PRGS,64.8550033569336,64.8550033569336,64.86000061035156,64.8550033569336,64.86000061035156,488.0
2024-10-25 12:41:00+00:00,PYCR,14.3100004196167,14.3100004196167,14.3100004196167,14.3100004196167,14.3100004196167,136.0
2024-10-25 12:41:00+00:00,QCOM,172.75,172.75,172.75,172.6300048828125,172.66000366210938,2549.0
2024-10-25 12:41:00+00:00,QRVO,100.41000366210938,100.41000366210938,100.41000366210938,100.3550033569336,100.3550033569336,1784.0
2024-10-25 12:41:00+00:00,RCAT,2.759999990463257,2.759999990463257,2.759999990463257,2.755000114440918,2.755000114440918,8611.0
2024-10-25 12:41:00+00:00,RELY,14.835000038146973,14.835000038146973,14.835000038146973,14.835000038146973,14.835000038146973,615.0
2024-10-25 12:41:00+00:00,RGTI,1.2141000032424927,1.2141000032424927,1.2200000286102295,1.2100000381469727,1.2100000381469727,3079.0
2024-10-25 12:41:00+00:00,RIOT,10.005000114440918,10.005000114440918,10.010000228881836,9.994999885559082,9.995699882507324,16886.0
2024-10-25 12:41:00+00:00,RMBS,43.577999114990234,43.577999114990234,43.577999114990234,43.560001373291016,43.56890106201172,918.0
2024-10-25 12:41:00+00:00,RPAY,7.605000019073486,7.605000019073486,7.605000019073486,7.605000019073486,7.605000019073486,169.0
2024-10-25 12:41:00+00:00,RUM,5.704999923706055,5.704999923706055,5.704999923706055,5.704999923706055,5.704999923706055,161.0
2024-10-25 12:41:00+00:00,RUN,14.40999984741211,14.40999984741211,14.40999984741211,14.404999732971191,14.404999732971191,1425.0
2024-10-25 12:41:00+00:00,SATS,25.09000015258789,25.09000015258789,25.09000015258789,25.09000015258789,25.09000015258789,939.0
2024-10-25 12:41:00+00:00,SEDG,16.1200008392334,16.1200008392334,16.1299991607666,16.1200008392334,16.1299991607666,2525.0
2024-10-25 12:41:00+00:00,SHLS,5.324999809265137,5.324999809265137,5.335000038146973,5.324999809265137,5.335000038146973,2331.0
2024-10-25 12:41:00+00:00,SIMO,57.13999938964844,57.13999938964844,57.220001220703125,57.13999938964844,57.195899963378906,2497.0
2024-10-25 12:41:00+00:00,SKYT,10.739999771118164,10.739999771118164,10.739999771118164,10.71500015258789,10.71500015258789,3210.0
2024-10-25 12:41:00+00:00,SMCI,47.740299224853516,47.740299224853516,47.81800079345703,47.7400016784668,47.80500030517578,40755.0
2024-10-25 12:41:00+00:00,SMTC,45.869998931884766,45.869998931884766,45.9093017578125,45.83000183105469,45.849998474121094,1670.0
2024-10-25 12:41:00+00:00,SNPS,504.19000244140625,504.19000244140625,504.19000244140625,503.92999267578125,503.92999267578125,1145.0
2024-10-25 12:41:00+00:00,SONO,12.84000015258789,12.84000015258789,12.84000015258789,12.8100004196167,12.8100004196167,5089.0
2024-10-25 12:41:00+00:00,SOUN,5.260000228881836,5.260000228881836,5.279900074005127,5.260000228881836,5.279900074005127,30985.0
2024-10-25 12:41:00+00:00,SPSC,172.69500732421875,172.69500732421875,173.5800018310547,172.69500732421875,173.5800018310547,3189.0
2024-10-25 12:41:00+00:00,SRAD,12.39900016784668,12.39900016784668,12.39900016784668,12.395000457763672,12.395000457763672,794.0
2024-10-25 12:41:00+00:00,SSNC,69.5999984741211,69.5999984741211,69.62000274658203,69.56999969482422,69.56999969482422,8344.0
2024-10-25 12:41:00+00:00,SSYS,7.114999771118164,7.114999771118164,7.114999771118164,7.114999771118164,7.114999771118164,106.0
2024-10-25 12:41:00+00:00,STNE,11.489999771118164,11.489999771118164,11.489999771118164,11.489999771118164,11.489999771118164,1636.0
2024-10-25 12:41:00+00:00,STX,103.80000305175781,103.80000305175781,103.94000244140625,103.80000305175781,103.94000244140625,2784.0
2024-10-25 12:41:00+00:00,SWKS,96.48999786376953,96.48999786376953,96.48999786376953,96.45999908447266,96.45999908447266,1470.0
2024-10-25 12:41:00+00:00,SYTA,1.2699999809265137,1.2699999809265137,1.2734999656677246,1.2699999809265137,1.2699999809265137,3560.0
2024-10-25 12:41:00+00:00,TEAM,190.25999450683594,190.25999450683594,190.25999450683594,190.25999450683594,190.25999450683594,316.0
2024-10-25 12:41:00+00:00,TENB,41.650001525878906,41.650001525878906,41.650001525878906,41.650001525878906,41.650001525878906,264.0
2024-10-25 12:41:00+00:00,TER,112.80999755859375,112.80999755859375,112.80999755859375,112.76499938964844,112.7750015258789,2353.0
2024-10-25 12:41:00+00:00,TLS,3.634999990463257,3.634999990463257,3.634999990463257,3.634999990463257,3.634999990463257,212.0
2024-10-25 12:41:00+00:00,TSEM,45.150001525878906,45.150001525878906,45.150001525878906,45.150001525878906,45.150001525878906,835.0
2024-10-25 12:41:00+00:00,TTD,119.45999908447266,119.45999908447266,119.52999877929688,119.44499969482422,119.52999877929688,3430.0
2024-10-25 12:41:00+00:00,TWKS,4.449999809265137,4.449999809265137,4.449999809265137,4.449999809265137,4.449999809265137,3000.0
2024-10-25 12:41:00+00:00,TXN,209.14999389648438,209.14999389648438,209.16000366210938,209.07000732421875,209.1199951171875,3443.0
2024-10-25 12:41:00+00:00,UCTT,36.11000061035156,36.11000061035156,36.11000061035156,36.11000061035156,36.11000061035156,149.0
2024-10-25 12:41:00+00:00,UPLD,2.1649999618530273,2.1649999618530273,2.1649999618530273,2.1649999618530273,2.1649999618530273,3354.0
2024-10-25 12:41:00+00:00,VERI,3.3949999809265137,3.3949999809265137,3.3959999084472656,3.3949999809265137,3.3959999084472656,5156.0
2024-10-25 12:41:00+00:00,VIAV,9.244999885559082,9.244999885559082,9.25,9.244999885559082,9.25,2011.0
2024-10-25 12:41:00+00:00,VMEO,4.784999847412109,4.784999847412109,4.789999961853027,4.784999847412109,4.789999961853027,924.0
2024-10-25 12:41:00+00:00,VNET,3.4749999046325684,3.4749999046325684,3.4749999046325684,3.4749999046325684,3.4749999046325684,309.0
2024-10-25 12:41:00+00:00,VRAR,0.6955000162124634,0.6955000162124634,0.6955000162124634,0.6955000162124634,0.6955000162124634,6027.0
2024-10-25 12:41:00+00:00,VRNS,56.86000061035156,56.86000061035156,56.869998931884766,56.810001373291016,56.83000183105469,2916.0
2024-10-25 12:41:00+00:00,VRNT,22.260000228881836,22.260000228881836,22.260000228881836,22.260000228881836,22.260000228881836,200.0
2024-10-25 12:41:00+00:00,VSAT,10.350000381469727,10.350000381469727,10.350000381469727,10.350000381469727,10.350000381469727,360.0
2024-10-25 12:41:00+00:00,WDAY,239.47000122070312,239.47000122070312,239.57000732421875,239.4499969482422,239.4600067138672,6735.0
2024-10-25 12:41:00+00:00,WDC,71.13999938964844,71.13999938964844,71.44999694824219,71.13999938964844,71.43000030517578,36339.0
2024-10-25 12:41:00+00:00,WISA,1.9299999475479126,1.9299999475479126,1.9299999475479126,1.9199999570846558,1.9199999570846558,2676.0
2024-10-25 12:41:00+00:00,WLDS,3.4200000762939453,3.4200000762939453,3.440000057220459,3.4200000762939453,3.440000057220459,309.0
2024-10-25 12:41:00+00:00,XELA,1.9800000190734863,1.9800000190734863,1.9800000190734863,1.9800000190734863,1.9800000190734863,644.0
2024-10-25 12:41:00+00:00,XPER,9.414999961853027,9.414999961853027,9.414999961853027,9.414999961853027,9.414999961853027,336.0
2024-10-25 12:41:00+00:00,XRX,10.085000038146973,10.085000038146973,10.085000038146973,10.085000038146973,10.085000038146973,580.0
2024-10-25 12:41:00+00:00,ZBRA,363.4700012207031,363.4700012207031,363.4700012207031,363.4200134277344,363.4200134277344,587.0
2024-10-25 12:41:00+00:00,ZI,10.545000076293945,10.545000076293945,10.545000076293945,10.539999961853027,10.539999961853027,6329.0
2024-10-25 12:41:00+00:00,ZM,73.08999633789062,73.08999633789062,73.08999633789062,73.07499694824219,73.07499694824219,2612.0
2024-10-25 12:41:00+00:00,ZS,185.8000030517578,185.8000030517578,185.8000030517578,185.77000427246094,185.7899932861328,1768.0
2024-10-25 12:42:00+00:00,AAOI,17.950000762939453,17.950000762939453,17.950000762939453,17.9375,17.94499969482422,1043.0
2024-10-25 12:42:00+00:00,AAPL,232.7550048828125,232.7550048828125,232.7698974609375,232.63999938964844,232.6699981689453,51575.0
2024-10-25 12:42:00+00:00,ACLS,90.5999984741211,90.5999984741211,90.5999984741211,90.58499908447266,90.58499908447266,492.0
2024-10-25 12:42:00+00:00,ADBE,485.4596862792969,485.4596862792969,485.6700134277344,485.29998779296875,485.5400085449219,6536.0
2024-10-25 12:42:00+00:00,ADSK,286.8599853515625,286.8599853515625,286.8599853515625,286.7900085449219,286.7900085449219,409.0
2024-10-25 12:42:00+00:00,AEHR,17.32040023803711,17.32040023803711,17.33989906311035,17.299999237060547,17.334999084472656,5047.0
2024-10-25 12:42:00+00:00,AFRM,41.75,41.75,41.77000045776367,41.742000579833984,41.77000045776367,6028.0
2024-10-25 12:42:00+00:00,AKAM,102.9000015258789,102.9000015258789,102.94000244140625,102.9000015258789,102.94000244140625,1493.0
2024-10-25 12:42:00+00:00,ALGM,22.899999618530273,22.899999618530273,22.899999618530273,22.895000457763672,22.895000457763672,1884.0
2024-10-25 12:42:00+00:00,ALTR,104.01000213623047,104.01000213623047,104.01000213623047,103.9800033569336,103.9800033569336,613.0
2024-10-25 12:42:00+00:00,AMAT,188.6300048828125,188.6300048828125,188.6999969482422,188.6300048828125,188.64500427246094,1378.0
2024-10-25 12:42:00+00:00,AMBA,58.7599983215332,58.7599983215332,58.7599983215332,58.7599983215332,58.7599983215332,1391.0
2024-10-25 12:42:00+00:00,AMD,157.88999938964844,157.88999938964844,157.97000122070312,157.86000061035156,157.94500732421875,33602.0
2024-10-25 12:42:00+00:00,AMKR,30.049999237060547,30.049999237060547,30.059999465942383,30.049999237060547,30.059999465942383,961.0
2024-10-25 12:42:00+00:00,APCX,0.7383999824523926,0.7383999824523926,0.7383999824523926,0.7383999824523926,0.7383999824523926,119.0
2024-10-25 12:42:00+00:00,APP,162.26800537109375,162.26800537109375,162.28500366210938,162.2100067138672,162.28500366210938,1540.0
2024-10-25 12:42:00+00:00,ARBE,1.8528000116348267,1.8528000116348267,1.8528000116348267,1.850000023841858,1.850000023841858,1065.0
2024-10-25 12:42:00+00:00,ARRY,6.545000076293945,6.545000076293945,6.556000232696533,6.545000076293945,6.545000076293945,20071.0
2024-10-25 12:42:00+00:00,ASML,718.4249877929688,718.4249877929688,718.4249877929688,718.385009765625,718.385009765625,1084.0
2024-10-25 12:42:00+00:00,AUR,6.449999809265137,6.449999809265137,6.449999809265137,6.440000057220459,6.440000057220459,1705.0
2024-10-25 12:42:00+00:00,AVGO,175.99000549316406,175.99000549316406,176.0,175.8800048828125,175.99000549316406,18268.0
2024-10-25 12:42:00+00:00,AVPT,12.0,12.0,12.0,12.0,12.0,1517.0
2024-10-25 12:42:00+00:00,AVT,54.099998474121094,54.099998474121094,54.099998474121094,54.099998474121094,54.099998474121094,580.0
2024-10-25 12:42:00+00:00,BIGC,5.320000171661377,5.320000171661377,5.320000171661377,5.320000171661377,5.320000171661377,582.0
2024-10-25 12:42:00+00:00,BMBL,7.244999885559082,7.244999885559082,7.244999885559082,7.244999885559082,7.244999885559082,674.0
2024-10-25 12:42:00+00:00,BRZE,30.700000762939453,30.700000762939453,30.700000762939453,30.700000762939453,30.700000762939453,1001.0
2024-10-25 12:42:00+00:00,BSY,49.179901123046875,49.179901123046875,49.179901123046875,49.15999984741211,49.165000915527344,731.0
2024-10-25 12:42:00+00:00,CAMT,78.56999969482422,78.56999969482422,78.56999969482422,78.56999969482422,78.56999969482422,363.0
2024-10-25 12:42:00+00:00,CAN,0.9830999970436096,0.9830999970436096,0.9830999970436096,0.9829999804496765,0.9829999804496765,1280.0
2024-10-25 12:42:00+00:00,CDNS,259.2200012207031,259.2200012207031,259.2200012207031,259.052490234375,259.17999267578125,2505.0
2024-10-25 12:42:00+00:00,CDW,219.6699981689453,219.6699981689453,219.6699981689453,219.6199951171875,219.6199951171875,677.0
2024-10-25 12:42:00+00:00,CFLT,22.575000762939453,22.575000762939453,22.618000030517578,22.565000534057617,22.610000610351562,10143.0
2024-10-25 12:42:00+00:00,CLSK,11.854900360107422,11.854900360107422,11.854900360107422,11.84000015258789,11.845000267028809,21855.0
2024-10-25 12:42:00+00:00,CNXC,45.119998931884766,45.119998931884766,45.119998931884766,45.099998474121094,45.099998474121094,1141.0
2024-10-25 12:42:00+00:00,COHR,94.89610290527344,94.89610290527344,94.9126968383789,94.83999633789062,94.9000015258789,2007.0
2024-10-25 12:42:00+00:00,COIN,208.86500549316406,208.86500549316406,208.9571990966797,208.6999969482422,208.6999969482422,1853.0
2024-10-25 12:42:00+00:00,COMM,6.304999828338623,6.304999828338623,6.304999828338623,6.304999828338623,6.304999828338623,179.0
2024-10-25 12:42:00+00:00,CORZ,13.343999862670898,13.343999862670898,13.354999542236328,13.343999862670898,13.354999542236328,3065.0
2024-10-25 12:42:00+00:00,CRCT,6.590000152587891,6.590000152587891,6.590000152587891,6.590000152587891,6.590000152587891,349.0
2024-10-25 12:42:00+00:00,CRDO,39.720001220703125,39.720001220703125,39.720001220703125,39.720001220703125,39.720001220703125,576.0
2024-10-25 12:42:00+00:00,CRNC,2.8550000190734863,2.8550000190734863,2.8550000190734863,2.8499999046325684,2.8499999046325684,5591.0
2024-10-25 12:42:00+00:00,CRSR,6.400000095367432,6.400000095367432,6.420000076293945,6.400000095367432,6.420000076293945,2575.0
2024-10-25 12:42:00+00:00,CRUS,123.48999786376953,123.48999786376953,123.55000305175781,123.4800033569336,123.55000305175781,665.0
2024-10-25 12:42:00+00:00,CRWD,301.31500244140625,301.31500244140625,303.34600830078125,298.5,303.29998779296875,127834.0
2024-10-25 12:42:00+00:00,CSCO,56.005001068115234,56.005001068115234,56.00600051879883,55.98500061035156,55.98500061035156,4974.0
2024-10-25 12:42:00+00:00,CSGS,47.70500183105469,47.70500183105469,47.70500183105469,47.689998626708984,47.689998626708984,383.0
2024-10-25 12:42:00+00:00,CSIQ,13.720000267028809,13.720000267028809,13.739999771118164,13.710000038146973,13.739999771118164,1840.0
2024-10-25 12:42:00+00:00,CTSH,75.05000305175781,75.05000305175781,75.05000305175781,75.0199966430664,75.0199966430664,1116.0
2024-10-25 12:42:00+00:00,DATS,1.690000057220459,1.690000057220459,1.690000057220459,1.690000057220459,1.690000057220459,320.0
2024-10-25 12:42:00+00:00,DAVE,39.54499816894531,39.54499816894531,39.54499816894531,39.54499816894531,39.54499816894531,2152.0
2024-10-25 12:42:00+00:00,DBX,26.045000076293945,26.045000076293945,26.045000076293945,26.045000076293945,26.045000076293945,1408.0
2024-10-25 12:42:00+00:00,DDOG,127.20500183105469,127.20500183105469,127.27999877929688,127.12999725341797,127.27999877929688,56505.0
2024-10-25 12:42:00+00:00,DLO,8.864999771118164,8.864999771118164,8.864999771118164,8.864999771118164,8.864999771118164,634.0
2024-10-25 12:42:00+00:00,DMRC,31.655799865722656,31.655799865722656,31.655799865722656,31.655799865722656,31.655799865722656,1294.0
2024-10-25 12:42:00+00:00,DOCU,69.80999755859375,69.80999755859375,69.88500213623047,69.80999755859375,69.87999725341797,3986.0
2024-10-25 12:42:00+00:00,DSP,11.40999984741211,11.40999984741211,11.40999984741211,11.40999984741211,11.40999984741211,302.0
2024-10-25 12:42:00+00:00,ENPH,83.18000030517578,83.18000030517578,83.4800033569336,83.13999938964844,83.4800033569336,18228.0
2024-10-25 12:42:00+00:00,ERIC,8.475000381469727,8.475000381469727,8.475000381469727,8.475000381469727,8.475000381469727,209.0
2024-10-25 12:42:00+00:00,EXTR,14.46500015258789,14.46500015258789,14.46500015258789,14.46500015258789,14.46500015258789,456.0
2024-10-25 12:42:00+00:00,FFIV,216.6199951171875,216.6199951171875,216.6199951171875,216.61000061035156,216.61000061035156,549.0
2024-10-25 12:42:00+00:00,FIVN,29.860000610351562,29.860000610351562,29.885000228881836,29.860000610351562,29.875,1014.0
2024-10-25 12:42:00+00:00,FLEX,35.22999954223633,35.22999954223633,35.27000045776367,35.224998474121094,35.27000045776367,7540.0
2024-10-25 12:42:00+00:00,FLYW,17.450000762939453,17.450000762939453,17.450000762939453,17.450000762939453,17.450000762939453,412.0
2024-10-25 12:42:00+00:00,FROG,29.459999084472656,29.459999084472656,29.459999084472656,29.459999084472656,29.459999084472656,840.0
2024-10-25 12:42:00+00:00,FRSH,11.675000190734863,11.675000190734863,11.675000190734863,11.65999984741211,11.65999984741211,8064.0
2024-10-25 12:42:00+00:00,FSLR,199.22500610351562,199.22500610351562,199.2949981689453,199.110107421875,199.110107421875,2502.0
2024-10-25 12:42:00+00:00,FTCI,0.6696000099182129,0.6696000099182129,0.6696000099182129,0.6693999767303467,0.6693999767303467,2942.0
2024-10-25 12:42:00+00:00,FTNT,81.17500305175781,81.17500305175781,81.18280029296875,81.12999725341797,81.16500091552734,5011.0
2024-10-25 12:42:00+00:00,GCT,24.903600692749023,24.903600692749023,24.903600692749023,24.903600692749023,24.903600692749023,564.0
2024-10-25 12:42:00+00:00,GDS,21.610000610351562,21.610000610351562,21.68000030517578,21.610000610351562,21.68000030517578,1849.0
2024-10-25 12:42:00+00:00,GFS,41.209999084472656,41.209999084472656,41.209999084472656,41.209999084472656,41.209999084472656,992.0
2024-10-25 12:42:00+00:00,GRAB,4.085000038146973,4.085000038146973,4.085000038146973,4.085000038146973,4.085000038146973,1424.0
2024-10-25 12:42:00+00:00,GRRR,4.5,4.5,4.509799957275391,4.5,4.509799957275391,1827.0
2024-10-25 12:42:00+00:00,GRRRW,0.06199999898672104,0.06199999898672104,0.06199999898672104,0.06199999898672104,0.06199999898672104,1500.0
2024-10-25 12:42:00+00:00,GTLB,55.470001220703125,55.470001220703125,55.494998931884766,55.439998626708984,55.47999954223633,14518.0
2024-10-25 12:42:00+00:00,HCP,33.685001373291016,33.685001373291016,33.685001373291016,33.685001373291016,33.685001373291016,732.0
2024-10-25 12:42:00+00:00,HEAR,16.655000686645508,16.655000686645508,16.655000686645508,16.655000686645508,16.655000686645508,443.0
2024-10-25 12:42:00+00:00,HOLO,3.650099992752075,3.650099992752075,3.6600000858306885,3.650099992752075,3.6600000858306885,2721.0
2024-10-25 12:42:00+00:00,HOOD,27.309999465942383,27.309999465942383,27.309999465942383,27.290000915527344,27.299999237060547,4889.0
2024-10-25 12:42:00+00:00,HTCR,1.0199999809265137,1.0199999809265137,1.0199999809265137,1.0199999809265137,1.0199999809265137,923.0
2024-10-25 12:42:00+00:00,ICHR,27.78499984741211,27.78499984741211,27.78499984741211,27.78499984741211,27.78499984741211,255.0
2024-10-25 12:42:00+00:00,IDAI,0.2298000007867813,0.2298000007867813,0.2298000007867813,0.2298000007867813,0.2298000007867813,514.0
2024-10-25 12:42:00+00:00,IMMR,8.738699913024902,8.738699913024902,8.738699913024902,8.738699913024902,8.738699913024902,916.0
2024-10-25 12:42:00+00:00,INDI,3.575000047683716,3.575000047683716,3.575000047683716,3.575000047683716,3.575000047683716,538.0
2024-10-25 12:42:00+00:00,INOD,20.003000259399414,20.003000259399414,20.003000259399414,20.003000259399414,20.003000259399414,1335.0
2024-10-25 12:42:00+00:00,INSG,20.100000381469727,20.100000381469727,20.100000381469727,20.100000381469727,20.100000381469727,0.0
2024-10-25 12:42:00+00:00,INTC,23.139999389648438,23.139999389648438,23.139999389648438,23.1299991607666,23.139999389648438,21354.0
2024-10-25 12:42:00+00:00,INTU,611.239990234375,611.239990234375,611.239990234375,610.875,610.875,1196.0
2024-10-25 12:42:00+00:00,JKHY,184.00999450683594,184.00999450683594,184.00999450683594,183.97999572753906,183.99000549316406,647.0
2024-10-25 12:42:00+00:00,KC,2.7249999046325684,2.7249999046325684,2.7249999046325684,2.7249999046325684,2.7249999046325684,200.0
2024-10-25 12:42:00+00:00,KLAC,681.3300170898438,681.3300170898438,681.3300170898438,681.3300170898438,681.3300170898438,669.0
2024-10-25 12:42:00+00:00,KOPN,0.7821999788284302,0.7821999788284302,0.7821999788284302,0.7821999788284302,0.7821999788284302,1155.0
2024-10-25 12:42:00+00:00,LITE,64.25,64.25,64.25,64.22000122070312,64.22000122070312,947.0
2024-10-25 12:42:00+00:00,LPSN,1.1766999959945679,1.1766999959945679,1.1766999959945679,1.1766999959945679,1.1766999959945679,192.0
2024-10-25 12:42:00+00:00,LRCX,79.18000030517578,79.18000030517578,79.20999908447266,79.13999938964844,79.19999694824219,13340.0
2024-10-25 12:42:00+00:00,LSCC,54.54999923706055,54.54999923706055,54.54999923706055,54.54999923706055,54.54999923706055,439.0
2024-10-25 12:42:00+00:00,LUNA,1.8250000476837158,1.8250000476837158,1.8250000476837158,1.8250000476837158,1.8250000476837158,167.0
2024-10-25 12:42:00+00:00,LYFT,13.78499984741211,13.78499984741211,13.78499984741211,13.781800270080566,13.78499984741211,2674.0
2024-10-25 12:42:00+00:00,MANH,275.7799987792969,275.7799987792969,275.80499267578125,275.75,275.7799987792969,739.0
2024-10-25 12:42:00+00:00,MAXN,5.621300220489502,5.621300220489502,5.621300220489502,5.621300220489502,5.621300220489502,546.0
2024-10-25 12:42:00+00:00,MCHP,77.0999984741211,77.0999984741211,77.12999725341797,77.0999984741211,77.12999725341797,5128.0
2024-10-25 12:42:00+00:00,MDB,266.8599853515625,266.8599853515625,267.1099853515625,266.8599853515625,267.1099853515625,2095.0
2024-10-25 12:42:00+00:00,MKSI,101.26000213623047,101.26000213623047,101.26000213623047,101.2300033569336,101.2300033569336,1196.0
2024-10-25 12:42:00+00:00,MNDY,298.79998779296875,298.79998779296875,298.9200134277344,298.79998779296875,298.9200134277344,1384.0
2024-10-25 12:42:00+00:00,MPWR,923.0150146484375,923.0150146484375,923.0150146484375,923.0150146484375,923.0150146484375,1135.0
2024-10-25 12:42:00+00:00,MQ,5.284999847412109,5.284999847412109,5.289999961853027,5.284999847412109,5.284999847412109,8019.0
2024-10-25 12:42:00+00:00,MRVL,83.16470336914062,83.16470336914062,83.16500091552734,83.12999725341797,83.1500015258789,11570.0
2024-10-25 12:42:00+00:00,MSFT,430.3599853515625,430.3599853515625,430.4100036621094,430.1099853515625,430.239990234375,11751.0
2024-10-25 12:42:00+00:00,MSTR,239.7449951171875,239.7449951171875,239.82000732421875,239.32000732421875,239.64430236816406,27584.0
2024-10-25 12:42:00+00:00,MTC,0.3709000051021576,0.3709000051021576,0.3709000051021576,0.3709000051021576,0.3709000051021576,252.0
2024-10-25 12:42:00+00:00,MU,108.9800033569336,108.9800033569336,108.98999786376953,108.91000366210938,108.98999786376953,14576.0
2024-10-25 12:42:00+00:00,MVIS,1.100000023841858,1.100000023841858,1.100000023841858,1.100000023841858,1.100000023841858,156.0
2024-10-25 12:42:00+00:00,MXL,15.154999732971191,15.154999732971191,15.15999984741211,15.149999618530273,15.149999618530273,1440.0
2024-10-25 12:42:00+00:00,NCNO,37.790000915527344,37.790000915527344,37.790000915527344,37.790000915527344,37.790000915527344,271.0
2024-10-25 12:42:00+00:00,NVDA,143.456298828125,143.456298828125,143.46499633789062,143.30999755859375,143.38499450683594,304947.0
2024-10-25 12:42:00+00:00,NVEI,33.525001525878906,33.525001525878906,33.525001525878906,33.52000045776367,33.52000045776367,718.0
2024-10-25 12:42:00+00:00,NVTS,2.605299949645996,2.605299949645996,2.605299949645996,2.5999999046325684,2.5999999046325684,407.0
2024-10-25 12:42:00+00:00,NXPI,245.110107421875,245.110107421875,245.110107421875,245.110107421875,245.110107421875,1088.0
2024-10-25 12:42:00+00:00,OKTA,72.50499725341797,72.50499725341797,72.55000305175781,72.5,72.53739929199219,2697.0
2024-10-25 12:42:00+00:00,ON,72.08000183105469,72.08000183105469,72.09500122070312,72.06999969482422,72.09500122070312,12574.0
2024-10-25 12:42:00+00:00,OSPN,14.609999656677246,14.609999656677246,14.609999656677246,14.600000381469727,14.600000381469727,999.0
2024-10-25 12:42:00+00:00,PANW,368.7799987792969,368.7799987792969,368.8999938964844,368.2099914550781,368.8999938964844,4641.0
2024-10-25 12:42:00+00:00,PAYO,8.295000076293945,8.295000076293945,8.295000076293945,8.295000076293945,8.295000076293945,1495.0
2024-10-25 12:42:00+00:00,PEGA,80.55000305175781,80.55000305175781,80.55000305175781,80.55000305175781,80.55000305175781,1048.0
2024-10-25 12:42:00+00:00,PEGY,4.699999809265137,4.699999809265137,4.699999809265137,4.699999809265137,4.699999809265137,807.0
2024-10-25 12:42:00+00:00,PGY,11.845000267028809,11.845000267028809,11.850000381469727,11.845000267028809,11.850000381469727,758.0
2024-10-25 12:42:00+00:00,PHUN,10.1899995803833,10.1899995803833,10.229999542236328,10.160200119018555,10.21500015258789,51625.0
2024-10-25 12:42:00+00:00,PI,203.98500061035156,203.98500061035156,203.98500061035156,203.98500061035156,203.98500061035156,725.0
2024-10-25 12:42:00+00:00,POET,3.9091999530792236,3.9091999530792236,3.9091999530792236,3.9091999530792236,3.9091999530792236,1000.0
2024-10-25 12:42:00+00:00,PRCH,1.3350000381469727,1.3350000381469727,1.3350000381469727,1.3350000381469727,1.3350000381469727,673.0
2024-10-25 12:42:00+00:00,PYCR,14.32229995727539,14.32229995727539,14.32229995727539,14.319999694824219,14.319999694824219,631.0
2024-10-25 12:42:00+00:00,QCOM,172.69000244140625,172.69000244140625,172.72000122070312,172.64999389648438,172.72000122070312,3444.0
2024-10-25 12:42:00+00:00,QUBT,1.0621000528335571,1.0621000528335571,1.069700002670288,1.0621000528335571,1.069700002670288,1092.0
2024-10-25 12:42:00+00:00,RCAT,2.7699999809265137,2.7699999809265137,2.7699999809265137,2.7599000930786133,2.759999990463257,11508.0
2024-10-25 12:42:00+00:00,REKR,1.0950000286102295,1.0950000286102295,1.0950000286102295,1.0950000286102295,1.0950000286102295,366.0
2024-10-25 12:42:00+00:00,RELY,14.835000038146973,14.835000038146973,14.835000038146973,14.829999923706055,14.835000038146973,3664.0
2024-10-25 12:42:00+00:00,RGTI,1.215000033378601,1.215000033378601,1.2200000286102295,1.215000033378601,1.2200000286102295,7028.0
2024-10-25 12:42:00+00:00,RIOT,10.000100135803223,10.000100135803223,10.009900093078613,10.0,10.005399703979492,5573.0
2024-10-25 12:42:00+00:00,RMBS,43.58000183105469,43.58000183105469,43.58000183105469,43.56999969482422,43.56999969482422,1196.0
2024-10-25 12:42:00+00:00,RMNI,1.725000023841858,1.725000023841858,1.725000023841858,1.725000023841858,1.725000023841858,113.0
2024-10-25 12:42:00+00:00,RPAY,7.599999904632568,7.599999904632568,7.605000019073486,7.599999904632568,7.605000019073486,1969.0
2024-10-25 12:42:00+00:00,RPD,38.994998931884766,38.994998931884766,38.994998931884766,38.9900016784668,38.9900016784668,1303.0
2024-10-25 12:42:00+00:00,RUM,5.702199935913086,5.702199935913086,5.704999923706055,5.702199935913086,5.704999923706055,10470.0
2024-10-25 12:42:00+00:00,RUN,14.399999618530273,14.399999618530273,14.404999732971191,14.399999618530273,14.404999732971191,2476.0
2024-10-25 12:42:00+00:00,SANM,67.69999694824219,67.69999694824219,67.69999694824219,67.69999694824219,67.69999694824219,281.0
2024-10-25 12:42:00+00:00,SATS,25.09000015258789,25.09000015258789,25.09000015258789,25.06999969482422,25.06999969482422,544.0
2024-10-25 12:42:00+00:00,SCSC,44.935001373291016,44.935001373291016,44.935001373291016,44.935001373291016,44.935001373291016,524.0
2024-10-25 12:42:00+00:00,SEDG,16.09000015258789,16.09000015258789,16.125,16.06999969482422,16.125,12787.0
2024-10-25 12:42:00+00:00,SHLS,5.324999809265137,5.324999809265137,5.329999923706055,5.321100234985352,5.329999923706055,6328.0
2024-10-25 12:42:00+00:00,SKYT,10.760000228881836,10.760000228881836,10.760000228881836,10.760000228881836,10.760000228881836,370.0
2024-10-25 12:42:00+00:00,SMCI,47.72999954223633,47.72999954223633,47.75,47.68040084838867,47.75,33778.0
2024-10-25 12:42:00+00:00,SMTC,45.845001220703125,45.845001220703125,45.845001220703125,45.80799865722656,45.80799865722656,1022.0
2024-10-25 12:42:00+00:00,SNPS,504.29998779296875,504.29998779296875,504.29998779296875,504.19000244140625,504.19000244140625,1650.0
2024-10-25 12:42:00+00:00,SONO,12.829999923706055,12.829999923706055,12.829999923706055,12.829999923706055,12.829999923706055,657.0
2024-10-25 12:42:00+00:00,SOUN,5.270299911499023,5.270299911499023,5.272500038146973,5.264999866485596,5.264999866485596,34855.0
2024-10-25 12:42:00+00:00,SPSC,172.10000610351562,172.10000610351562,172.80459594726562,172.10000610351562,172.69500732421875,2528.0
2024-10-25 12:42:00+00:00,SRAD,12.399999618530273,12.399999618530273,12.407999992370605,12.390000343322754,12.390000343322754,49378.0
2024-10-25 12:42:00+00:00,SSNC,69.62999725341797,69.62999725341797,69.62999725341797,69.61000061035156,69.62000274658203,1832.0
2024-10-25 12:42:00+00:00,SSYS,7.114999771118164,7.114999771118164,7.114999771118164,7.110899925231934,7.114999771118164,702.0
2024-10-25 12:42:00+00:00,STNE,11.489999771118164,11.489999771118164,11.494999885559082,11.489999771118164,11.494999885559082,554.0
2024-10-25 12:42:00+00:00,STX,103.80989837646484,103.80989837646484,103.83999633789062,103.76000213623047,103.83999633789062,2674.0
2024-10-25 12:42:00+00:00,SWKS,96.5,96.5,96.5,96.5,96.5,693.0
2024-10-25 12:42:00+00:00,SYNA,73.37999725341797,73.37999725341797,73.37999725341797,73.37999725341797,73.37999725341797,488.0
2024-10-25 12:42:00+00:00,SYTA,1.2700999975204468,1.2700999975204468,1.2700999975204468,1.2699999809265137,1.2699999809265137,954.0
2024-10-25 12:42:00+00:00,TASK,11.989999771118164,11.989999771118164,11.989999771118164,11.979999542236328,11.979999542236328,1542.0
2024-10-25 12:42:00+00:00,TEAM,190.3800048828125,190.3800048828125,190.3800048828125,189.97000122070312,190.25999450683594,11889.0
2024-10-25 12:42:00+00:00,TENB,41.6349983215332,41.6349983215332,41.66999816894531,41.6349983215332,41.650001525878906,2640.0
2024-10-25 12:42:00+00:00,TER,112.80400085449219,112.80400085449219,112.80500030517578,112.77459716796875,112.80500030517578,4632.0
2024-10-25 12:42:00+00:00,TLS,3.634999990463257,3.634999990463257,3.634999990463257,3.634999990463257,3.634999990463257,112.0
2024-10-25 12:42:00+00:00,TRMB,61.150001525878906,61.150001525878906,61.150001525878906,61.150001525878906,61.150001525878906,557.0
2024-10-25 12:42:00+00:00,TTD,119.5199966430664,119.5199966430664,119.55000305175781,119.41000366210938,119.45999908447266,4587.0
2024-10-25 12:42:00+00:00,TWKS,4.449999809265137,4.449999809265137,4.449999809265137,4.449999809265137,4.449999809265137,6103.0
2024-10-25 12:42:00+00:00,TXN,209.13999938964844,209.13999938964844,209.14999389648438,209.05099487304688,209.05099487304688,3116.0
2024-10-25 12:42:00+00:00,UCTT,36.099998474121094,36.099998474121094,36.130001068115234,36.099998474121094,36.130001068115234,2748.0
2024-10-25 12:42:00+00:00,VECO,29.53499984741211,29.53499984741211,29.53499984741211,29.53499984741211,29.53499984741211,363.0
2024-10-25 12:42:00+00:00,VERI,3.3959999084472656,3.3959999084472656,3.3959999084472656,3.3959999084472656,3.3959999084472656,846.0
2024-10-25 12:42:00+00:00,VICR,46.63999938964844,46.63999938964844,46.70500183105469,46.63999938964844,46.70500183105469,1043.0
2024-10-25 12:42:00+00:00,VMEO,4.784999847412109,4.784999847412109,4.789999961853027,4.784999847412109,4.789999961853027,462.0
2024-10-25 12:42:00+00:00,VNET,3.4749999046325684,3.4749999046325684,3.4749999046325684,3.4700000286102295,3.4700000286102295,357.0
2024-10-25 12:42:00+00:00,VRNS,56.81999969482422,56.81999969482422,56.86000061035156,56.77000045776367,56.86000061035156,1267.0
2024-10-25 12:42:00+00:00,VRNT,22.25,22.25,22.25,22.25,22.25,240.0
2024-10-25 12:42:00+00:00,VRSN,186.2100067138672,186.2100067138672,186.2100067138672,186.11000061035156,186.2100067138672,2376.0
2024-10-25 12:42:00+00:00,VSAT,10.350000381469727,10.350000381469727,10.350000381469727,10.350000381469727,10.350000381469727,106.0
2024-10-25 12:42:00+00:00,WDAY,239.4199981689453,239.4199981689453,239.44500732421875,239.3699951171875,239.42999267578125,1579.0
2024-10-25 12:42:00+00:00,WDC,71.05999755859375,71.05999755859375,71.18000030517578,71.02999877929688,71.18000030517578,23146.0
2024-10-25 12:42:00+00:00,WISA,1.9206000566482544,1.9206000566482544,1.9299999475479126,1.9204000234603882,1.929800033569336,4890.0
2024-10-25 12:42:00+00:00,WLDS,3.440000057220459,3.440000057220459,3.440000057220459,3.440000057220459,3.440000057220459,387.0
2024-10-25 12:42:00+00:00,ZBRA,363.44500732421875,363.44500732421875,363.4700012207031,363.44500732421875,363.4700012207031,1065.0
2024-10-25 12:42:00+00:00,ZI,10.5649995803833,10.5649995803833,10.569999694824219,10.545000076293945,10.545000076293945,24211.0
2024-10-25 12:42:00+00:00,ZM,73.06999969482422,73.06999969482422,73.06999969482422,73.06999969482422,73.06999969482422,1113.0
2024-10-25 12:42:00+00:00,ZS,185.58999633789062,185.58999633789062,185.58999633789062,185.4600067138672,185.4600067138672,2069.0
2024-10-25 12:43:00+00:00,AAOI,18.007999420166016,18.007999420166016,18.010000228881836,17.993999481201172,18.010000228881836,3106.0
2024-10-25 12:43:00+00:00,AAPL,232.7100067138672,232.7100067138672,232.7550048828125,232.67999267578125,232.7550048828125,25420.0
2024-10-25 12:43:00+00:00,ACIW,48.810001373291016,48.810001373291016,48.810001373291016,48.810001373291016,48.810001373291016,351.0
2024-10-25 12:43:00+00:00,ACLS,90.75,90.75,90.75,90.5999984741211,90.64859771728516,5643.0
2024-10-25 12:43:00+00:00,ACMR,19.920000076293945,19.920000076293945,19.920000076293945,19.920000076293945,19.920000076293945,319.0
2024-10-25 12:43:00+00:00,ADBE,485.7200012207031,485.7200012207031,485.7200012207031,485.4349060058594,485.5299987792969,2410.0
2024-10-25 12:43:00+00:00,ADI,233.67999267578125,233.67999267578125,233.72500610351562,233.6699981689453,233.6699981689453,967.0
2024-10-25 12:43:00+00:00,ADSK,287.1400146484375,287.1400146484375,287.1400146484375,286.9136962890625,287.0199890136719,1120.0
2024-10-25 12:43:00+00:00,AEHR,17.309799194335938,17.309799194335938,17.309799194335938,17.309799194335938,17.309799194335938,312.0
2024-10-25 12:43:00+00:00,AEYE,23.104999542236328,23.104999542236328,23.104999542236328,23.104999542236328,23.104999542236328,216.0
2024-10-25 12:43:00+00:00,AFRM,41.78010177612305,41.78010177612305,41.79999923706055,41.77000045776367,41.77000045776367,5592.0
2024-10-25 12:43:00+00:00,ALGM,22.920000076293945,22.920000076293945,22.93000030517578,22.90999984741211,22.90999984741211,2585.0
2024-10-25 12:43:00+00:00,AMAT,188.74000549316406,188.74000549316406,188.74000549316406,188.6300048828125,188.6300048828125,3756.0
2024-10-25 12:43:00+00:00,AMD,158.0471954345703,158.0471954345703,158.0500030517578,157.8699951171875,157.89920043945312,41014.0
2024-10-25 12:43:00+00:00,AMKR,30.084999084472656,30.084999084472656,30.084999084472656,30.049999237060547,30.059999465942383,2961.0
2024-10-25 12:43:00+00:00,AOSL,36.63999938964844,36.63999938964844,36.63999938964844,36.63999938964844,36.63999938964844,394.0
2024-10-25 12:43:00+00:00,API,2.825000047683716,2.825000047683716,2.825000047683716,2.825000047683716,2.825000047683716,776.0
2024-10-25 12:43:00+00:00,APP,162.35000610351562,162.35000610351562,162.35000610351562,162.30999755859375,162.3350067138672,1181.0
2024-10-25 12:43:00+00:00,APPF,216.78199768066406,216.78199768066406,216.78199768066406,216.78199768066406,216.78199768066406,619.0
2024-10-25 12:43:00+00:00,APPS,3.075000047683716,3.075000047683716,3.075000047683716,3.075000047683716,3.075000047683716,126.0
2024-10-25 12:43:00+00:00,ARQQ,6.989999771118164,6.989999771118164,6.989999771118164,6.961100101470947,6.961100101470947,835.0
2024-10-25 12:43:00+00:00,ARRY,6.545000076293945,6.545000076293945,6.554999828338623,6.539999961853027,6.550000190734863,20842.0
2024-10-25 12:43:00+00:00,ASML,718.1201171875,718.1201171875,718.1201171875,718.1201171875,718.1201171875,4774.0
2024-10-25 12:43:00+00:00,ASUR,9.625,9.625,9.625,9.625,9.625,6726.0
2024-10-25 12:43:00+00:00,AUR,6.441299915313721,6.441299915313721,6.445000171661377,6.440000057220459,6.445000171661377,4922.0
2024-10-25 12:43:00+00:00,AVDX,8.145000457763672,8.145000457763672,8.145000457763672,8.145000457763672,8.145000457763672,339.0
2024-10-25 12:43:00+00:00,AVGO,175.9300994873047,175.9300994873047,175.99000549316406,175.91000366210938,175.97000122070312,13072.0
2024-10-25 12:43:00+00:00,AVNW,21.049999237060547,21.049999237060547,21.049999237060547,21.049999237060547,21.049999237060547,114.0
2024-10-25 12:43:00+00:00,AVT,54.099998474121094,54.099998474121094,54.130001068115234,54.099998474121094,54.130001068115234,1230.0
2024-10-25 12:43:00+00:00,BL,56.48500061035156,56.48500061035156,56.48500061035156,56.48500061035156,56.48500061035156,698.0
2024-10-25 12:43:00+00:00,BMBL,7.244999885559082,7.244999885559082,7.25,7.239999771118164,7.25,1568.0
2024-10-25 12:43:00+00:00,BRZE,30.709999084472656,30.709999084472656,30.709999084472656,30.709999084472656,30.709999084472656,637.0
2024-10-25 12:43:00+00:00,BSY,49.13999938964844,49.13999938964844,49.150001525878906,49.130001068115234,49.150001525878906,2257.0
2024-10-25 12:43:00+00:00,CAMT,78.66999816894531,78.66999816894531,78.66999816894531,78.66999816894531,78.66999816894531,789.0
2024-10-25 12:43:00+00:00,CAN,0.9819999933242798,0.9819999933242798,0.9842000007629395,0.9819999933242798,0.9825999736785889,42158.0
2024-10-25 12:43:00+00:00,CDNS,259.39208984375,259.39208984375,259.39208984375,259.17999267578125,259.17999267578125,1739.0
2024-10-25 12:43:00+00:00,CDW,219.67999267578125,219.67999267578125,219.67999267578125,219.6300048828125,219.6300048828125,1365.0
2024-10-25 12:43:00+00:00,CETX,0.3001999855041504,0.3001999855041504,0.3001999855041504,0.3001999855041504,0.3001999855041504,2662.0
2024-10-25 12:43:00+00:00,CFLT,22.584999084472656,22.584999084472656,22.59000015258789,22.575000762939453,22.575000762939453,4668.0
2024-10-25 12:43:00+00:00,CGNX,39.06999969482422,39.06999969482422,39.09000015258789,39.06999969482422,39.09000015258789,2437.0
2024-10-25 12:43:00+00:00,CHKP,207.4600067138672,207.4600067138672,207.4600067138672,207.4499969482422,207.4499969482422,458.0
2024-10-25 12:43:00+00:00,CLSK,11.885000228881836,11.885000228881836,11.887999534606934,11.854999542236328,11.855299949645996,30012.0
2024-10-25 12:43:00+00:00,CNDT,3.6549999713897705,3.6549999713897705,3.6600000858306885,3.6549999713897705,3.6549999713897705,3772.0
2024-10-25 12:43:00+00:00,CNXC,45.099998474121094,45.099998474121094,45.099998474121094,45.099998474121094,45.099998474121094,370.0
2024-10-25 12:43:00+00:00,COHR,94.9000015258789,94.9000015258789,94.94999694824219,94.83999633789062,94.8499984741211,6725.0
2024-10-25 12:43:00+00:00,COIN,209.56809997558594,209.56809997558594,209.65989685058594,208.97000122070312,208.97000122070312,15952.0
2024-10-25 12:43:00+00:00,COMM,6.304999828338623,6.304999828338623,6.304999828338623,6.304999828338623,6.304999828338623,1681.0
2024-10-25 12:43:00+00:00,CORZ,13.385000228881836,13.385000228881836,13.389900207519531,13.380000114440918,13.389900207519531,664.0
2024-10-25 12:43:00+00:00,CRCT,6.590000152587891,6.590000152587891,6.590000152587891,6.590000152587891,6.590000152587891,1583.0
2024-10-25 12:43:00+00:00,CRDO,39.73500061035156,39.73500061035156,39.7400016784668,39.73500061035156,39.7400016784668,743.0
2024-10-25 12:43:00+00:00,CRNC,2.8550000190734863,2.8550000190734863,2.8598999977111816,2.8550000190734863,2.8598999977111816,1199.0
2024-10-25 12:43:00+00:00,CRNT,2.450000047683716,2.450000047683716,2.4516000747680664,2.450000047683716,2.450500011444092,2208.0
2024-10-25 12:43:00+00:00,CRSR,6.415999889373779,6.415999889373779,6.415999889373779,6.394999980926514,6.394999980926514,896.0
2024-10-25 12:43:00+00:00,CRWD,303.4549865722656,303.4549865722656,303.4549865722656,300.5455017089844,301.31500244140625,93814.0
2024-10-25 12:43:00+00:00,CSCO,56.000099182128906,56.000099182128906,56.0099983215332,56.0,56.005001068115234,12422.0
2024-10-25 12:43:00+00:00,CSGS,47.719398498535156,47.719398498535156,47.719398498535156,47.719398498535156,47.719398498535156,763.0
2024-10-25 12:43:00+00:00,CSIQ,13.729000091552734,13.729000091552734,13.729000091552734,13.71500015258789,13.71500015258789,2379.0
2024-10-25 12:43:00+00:00,CTSH,75.06999969482422,75.06999969482422,75.06999969482422,75.05000305175781,75.05000305175781,2108.0
2024-10-25 12:43:00+00:00,CVLT,134.7949981689453,134.7949981689453,134.7949981689453,134.52999877929688,134.52999877929688,2628.0
2024-10-25 12:43:00+00:00,CYBR,292.17999267578125,292.17999267578125,292.17999267578125,291.7850036621094,291.7850036621094,1377.0
2024-10-25 12:43:00+00:00,DATS,1.7000000476837158,1.7000000476837158,1.7100000381469727,1.7000000476837158,1.7100000381469727,1118.0
2024-10-25 12:43:00+00:00,DDOG,127.3949966430664,127.3949966430664,127.44000244140625,127.18499755859375,127.20500183105469,8417.0
2024-10-25 12:43:00+00:00,DGHI,1.5499999523162842,1.5499999523162842,1.590000033378601,1.5499999523162842,1.590000033378601,5400.0
2024-10-25 12:43:00+00:00,DOCU,69.86000061035156,69.86000061035156,69.86000061035156,69.80999755859375,69.8114013671875,6405.0
2024-10-25 12:43:00+00:00,DTSS,2.450000047683716,2.450000047683716,2.450000047683716,2.450000047683716,2.450000047683716,50.0
2024-10-25 12:43:00+00:00,DUOL,290.2900085449219,290.2900085449219,290.29998779296875,289.8699951171875,289.8699951171875,5638.0
2024-10-25 12:43:00+00:00,EEFT,99.72000122070312,99.72000122070312,99.72000122070312,99.72000122070312,99.72000122070312,587.0
2024-10-25 12:43:00+00:00,ENPH,83.08000183105469,83.08000183105469,83.16999816894531,83.05059814453125,83.16999816894531,19734.0
2024-10-25 12:43:00+00:00,ENTG,106.05000305175781,106.05000305175781,106.05000305175781,105.9749984741211,105.9749984741211,1926.0
2024-10-25 12:43:00+00:00,ERIC,8.475000381469727,8.475000381469727,8.479999542236328,8.470000267028809,8.479999542236328,15342.0
2024-10-25 12:43:00+00:00,EXLS,38.93000030517578,38.93000030517578,38.93330001831055,38.93000030517578,38.93330001831055,1341.0
2024-10-25 12:43:00+00:00,EXTR,14.46500015258789,14.46500015258789,14.46500015258789,14.46500015258789,14.46500015258789,228.0
2024-10-25 12:43:00+00:00,FCUV,0.258899986743927,0.258899986743927,0.2590000033378601,0.258899986743927,0.258899986743927,2300.0
2024-10-25 12:43:00+00:00,FFIV,216.66000366210938,216.66000366210938,216.66000366210938,216.66000366210938,216.66000366210938,486.0
2024-10-25 12:43:00+00:00,FIVN,29.8799991607666,29.8799991607666,29.8799991607666,29.864999771118164,29.864999771118164,835.0
2024-10-25 12:43:00+00:00,FLEX,35.25,35.25,35.25749969482422,35.22999954223633,35.2400016784668,5718.0
2024-10-25 12:43:00+00:00,FLYW,17.469999313354492,17.469999313354492,17.469999313354492,17.440000534057617,17.440000534057617,1663.0
2024-10-25 12:43:00+00:00,FORM,45.224998474121094,45.224998474121094,45.2400016784668,45.224998474121094,45.2400016784668,480.0
2024-10-25 12:43:00+00:00,FRSH,11.675000190734863,11.675000190734863,11.675000190734863,11.675000190734863,11.675000190734863,336.0
2024-10-25 12:43:00+00:00,FSLR,199.17999267578125,199.17999267578125,199.17999267578125,199.17999267578125,199.17999267578125,245.0
2024-10-25 12:43:00+00:00,FTCI,0.664900004863739,0.664900004863739,0.664900004863739,0.664900004863739,0.664900004863739,1058.0
2024-10-25 12:43:00+00:00,FTNT,81.20999908447266,81.20999908447266,81.20999908447266,81.16500091552734,81.1771011352539,3065.0
2024-10-25 12:43:00+00:00,GCT,24.950000762939453,24.950000762939453,24.950000762939453,24.950000762939453,24.950000762939453,547.0
2024-10-25 12:43:00+00:00,GDYN,15.569999694824219,15.569999694824219,15.569999694824219,15.569999694824219,15.569999694824219,220.0
2024-10-25 12:43:00+00:00,GFS,41.220001220703125,41.220001220703125,41.220001220703125,41.20000076293945,41.20000076293945,439.0
2024-10-25 12:43:00+00:00,GPRO,1.3350000381469727,1.3350000381469727,1.3350000381469727,1.3350000381469727,1.3350000381469727,397.0
2024-10-25 12:43:00+00:00,GRAB,4.085000038146973,4.085000038146973,4.090000152587891,4.081699848175049,4.090000152587891,7982.0
2024-10-25 12:43:00+00:00,GTLB,55.494998931884766,55.494998931884766,55.5,55.470001220703125,55.48500061035156,3735.0
2024-10-25 12:43:00+00:00,HCP,33.685001373291016,33.685001373291016,33.685001373291016,33.685001373291016,33.685001373291016,504.0
2024-10-25 12:43:00+00:00,HIMX,6.175000190734863,6.175000190734863,6.175000190734863,6.175000190734863,6.175000190734863,199.0
2024-10-25 12:43:00+00:00,HLIT,14.774999618530273,14.774999618530273,14.774999618530273,14.774999618530273,14.774999618530273,589.0
2024-10-25 12:43:00+00:00,HOLO,3.6700000762939453,3.6700000762939453,3.6700000762939453,3.650099992752075,3.650099992752075,740.0
2024-10-25 12:43:00+00:00,HOOD,27.31999969482422,27.31999969482422,27.31999969482422,27.28499984741211,27.300100326538086,19832.0
2024-10-25 12:43:00+00:00,IDAI,0.22789999842643738,0.22789999842643738,0.22789999842643738,0.22789999842643738,0.22789999842643738,550.0
2024-10-25 12:43:00+00:00,IIIV,22.920000076293945,22.920000076293945,22.920000076293945,22.920000076293945,22.920000076293945,834.0
2024-10-25 12:43:00+00:00,IMXI,17.649999618530273,17.649999618530273,17.649999618530273,17.649999618530273,17.649999618530273,156.0
2024-10-25 12:43:00+00:00,INOD,20.059999465942383,20.059999465942383,20.059999465942383,20.059999465942383,20.059999465942383,705.0
2024-10-25 12:43:00+00:00,INSG,20.092500686645508,20.092500686645508,20.092500686645508,20.092500686645508,20.092500686645508,553.0
2024-10-25 12:43:00+00:00,INTA,50.165000915527344,50.165000915527344,50.165000915527344,50.165000915527344,50.165000915527344,110.0
2024-10-25 12:43:00+00:00,INTC,23.135000228881836,23.135000228881836,23.14299964904785,23.1299991607666,23.14150047302246,20636.0
2024-10-25 12:43:00+00:00,INTU,611.2349853515625,611.2349853515625,611.2349853515625,611.2349853515625,611.2349853515625,1246.0
2024-10-25 12:43:00+00:00,JAMF,16.819400787353516,16.819400787353516,16.819900512695312,16.819400787353516,16.819900512695312,1311.0
2024-10-25 12:43:00+00:00,KC,2.7249999046325684,2.7249999046325684,2.7249999046325684,2.7200000286102295,2.7200000286102295,618.0
2024-10-25 12:43:00+00:00,LINK,4.900000095367432,4.900000095367432,4.989999771118164,4.900000095367432,4.989999771118164,998.0
2024-10-25 12:43:00+00:00,LITE,64.2699966430664,64.2699966430664,64.29000091552734,64.2300033569336,64.29000091552734,714.0
2024-10-25 12:43:00+00:00,LRCX,79.23999786376953,79.23999786376953,79.23999786376953,79.18000030517578,79.18000030517578,10730.0
2024-10-25 12:43:00+00:00,LSCC,54.55500030517578,54.55500030517578,54.55500030517578,54.55500030517578,54.55500030517578,687.0
2024-10-25 12:43:00+00:00,LYFT,13.779999732971191,13.779999732971191,13.789999961853027,13.779999732971191,13.78499984741211,5343.0
2024-10-25 12:43:00+00:00,MANH,275.7200012207031,275.7200012207031,275.7200012207031,275.7200012207031,275.7200012207031,820.0
2024-10-25 12:43:00+00:00,MAXN,5.610099792480469,5.610099792480469,5.620299816131592,5.610099792480469,5.620299816131592,1401.0
2024-10-25 12:43:00+00:00,MCHP,77.10700225830078,77.10700225830078,77.11000061035156,77.0999984741211,77.0999984741211,3948.0
2024-10-25 12:43:00+00:00,MDB,266.9549865722656,266.9549865722656,266.9549865722656,266.875,266.875,1327.0
2024-10-25 12:43:00+00:00,MLAB,113.06999969482422,113.06999969482422,114.05000305175781,113.06999969482422,114.05000305175781,987.0
2024-10-25 12:43:00+00:00,MNDY,298.5,298.5,298.79998779296875,298.5,298.79998779296875,3831.0
2024-10-25 12:43:00+00:00,MPWR,923.0150146484375,923.0150146484375,923.0150146484375,923.0150146484375,923.0150146484375,1017.0
2024-10-25 12:43:00+00:00,MQ,5.289999961853027,5.289999961853027,5.289999961853027,5.284999847412109,5.289999961853027,3830.0
2024-10-25 12:43:00+00:00,MRVL,83.19999694824219,83.19999694824219,83.19999694824219,83.15499877929688,83.16999816894531,7110.0
2024-10-25 12:43:00+00:00,MSFT,430.4200134277344,430.4200134277344,430.4700012207031,430.2528076171875,430.2799987792969,39204.0
2024-10-25 12:43:00+00:00,MSTR,239.55999755859375,239.55999755859375,239.97999572753906,239.5,239.7449951171875,56295.0
2024-10-25 12:43:00+00:00,MTC,0.3702000081539154,0.3702000081539154,0.3702000081539154,0.3686999976634979,0.36980000138282776,1566.0
2024-10-25 12:43:00+00:00,MTSI,120.87000274658203,120.87000274658203,120.87000274658203,120.66999816894531,120.66999816894531,575.0
2024-10-25 12:43:00+00:00,MTTR,4.65500020980835,4.65500020980835,4.659999847412109,4.65500020980835,4.65500020980835,754.0
2024-10-25 12:43:00+00:00,MU,109.0199966430664,109.0199966430664,109.0199966430664,108.94999694824219,108.9749984741211,10124.0
2024-10-25 12:43:00+00:00,MVIS,1.100000023841858,1.100000023841858,1.100000023841858,1.100000023841858,1.100000023841858,200.0
2024-10-25 12:43:00+00:00,MXL,15.15999984741211,15.15999984741211,15.15999984741211,15.15999984741211,15.15999984741211,731.0
2024-10-25 12:43:00+00:00,NCNO,37.79999923706055,37.79999923706055,37.80500030517578,37.79800033569336,37.79999923706055,526.0
2024-10-25 12:43:00+00:00,NICE,176.69749450683594,176.69749450683594,176.7100067138672,176.5749969482422,176.5749969482422,876.0
2024-10-25 12:43:00+00:00,NNDM,2.3299999237060547,2.3299999237060547,2.3299999237060547,2.3297998905181885,2.3297998905181885,1650.0
2024-10-25 12:43:00+00:00,NOVT,174.0749969482422,174.0749969482422,174.0749969482422,174.0749969482422,174.0749969482422,333.0
2024-10-25 12:43:00+00:00,NTAP,120.48999786376953,120.48999786376953,120.5199966430664,120.48999786376953,120.5,1466.0
2024-10-25 12:43:00+00:00,NTCT,20.729999542236328,20.729999542236328,20.729999542236328,20.700000762939453,20.700000762939453,984.0
2024-10-25 12:43:00+00:00,NTNX,62.189998626708984,62.189998626708984,62.189998626708984,62.189998626708984,62.189998626708984,1006.0
2024-10-25 12:43:00+00:00,NVDA,143.48500061035156,143.48500061035156,143.5,143.44000244140625,143.4600067138672,267934.0
2024-10-25 12:43:00+00:00,NVTS,2.6054000854492188,2.6054000854492188,2.6054000854492188,2.6054000854492188,2.6054000854492188,1618.0
2024-10-25 12:43:00+00:00,NXPI,245.42999267578125,245.42999267578125,245.5399932861328,245.42999267578125,245.42999267578125,2294.0
2024-10-25 12:43:00+00:00,OKTA,72.55999755859375,72.55999755859375,72.55999755859375,72.51000213623047,72.51000213623047,1609.0
2024-10-25 12:43:00+00:00,OLED,204.35499572753906,204.35499572753906,204.38999938964844,204.35499572753906,204.38999938964844,1306.0
2024-10-25 12:43:00+00:00,ON,72.11000061035156,72.11000061035156,72.12000274658203,72.0250015258789,72.08000183105469,29602.0
2024-10-25 12:43:00+00:00,OSIS,135.77999877929688,135.77999877929688,135.77999877929688,135.77999877929688,135.77999877929688,299.0
2024-10-25 12:43:00+00:00,OSPN,14.640000343322754,14.640000343322754,14.640000343322754,14.619999885559082,14.619999885559082,971.0
2024-10-25 12:43:00+00:00,PANW,369.1700134277344,369.1700134277344,369.20001220703125,369.010009765625,369.1099853515625,2984.0
2024-10-25 12:43:00+00:00,PAYO,8.300000190734863,8.300000190734863,8.300000190734863,8.295000076293945,8.295000076293945,7934.0
2024-10-25 12:43:00+00:00,PEGA,80.49199676513672,80.49199676513672,80.49199676513672,80.49199676513672,80.49199676513672,451.0
2024-10-25 12:43:00+00:00,PET,0.8050000071525574,0.8050000071525574,0.8050000071525574,0.8050000071525574,0.8050000071525574,200.0
2024-10-25 12:43:00+00:00,PGY,11.845000267028809,11.845000267028809,11.845000267028809,11.845000267028809,11.845000267028809,104.0
2024-10-25 12:43:00+00:00,PHUN,10.220100402832031,10.220100402832031,10.228899955749512,10.170000076293945,10.1899995803833,36093.0
2024-10-25 12:43:00+00:00,PLXS,142.73500061035156,142.73500061035156,143.00999450683594,142.73500061035156,143.00999450683594,1923.0
2024-10-25 12:43:00+00:00,POET,3.9000000953674316,3.9000000953674316,3.9000000953674316,3.9000000953674316,3.9000000953674316,1222.0
2024-10-25 12:43:00+00:00,PRGS,64.87999725341797,64.87999725341797,64.87999725341797,64.87999725341797,64.87999725341797,2666.0
2024-10-25 12:43:00+00:00,PRSO,1.7699999809265137,1.7699999809265137,1.7699999809265137,1.7699999809265137,1.7699999809265137,1000.0
2024-10-25 12:43:00+00:00,PRTH,5.28000020980835,5.28000020980835,5.28000020980835,5.25,5.260000228881836,35672.0
2024-10-25 12:43:00+00:00,PTC,187.19500732421875,187.19500732421875,187.25,187.16000366210938,187.16000366210938,2109.0
2024-10-25 12:43:00+00:00,PYCR,14.329999923706055,14.329999923706055,14.34000015258789,14.329999923706055,14.329999923706055,2421.0
2024-10-25 12:43:00+00:00,QCOM,172.75,172.75,172.75999450683594,172.69000244140625,172.69000244140625,2033.0
2024-10-25 12:43:00+00:00,QH,1.3600000143051147,1.3600000143051147,1.4049999713897705,1.3600000143051147,1.4049999713897705,20555.0
2024-10-25 12:43:00+00:00,QLYS,120.15499877929688,120.15499877929688,120.15499877929688,120.15499877929688,120.15499877929688,302.0
2024-10-25 12:43:00+00:00,QRVO,100.38999938964844,100.38999938964844,100.43000030517578,100.38999938964844,100.43000030517578,1185.0
2024-10-25 12:43:00+00:00,RELY,14.835000038146973,14.835000038146973,14.835000038146973,14.835000038146973,14.835000038146973,517.0
2024-10-25 12:43:00+00:00,RGTI,1.2200000286102295,1.2200000286102295,1.2200000286102295,1.2200000286102295,1.2200000286102295,1740.0
2024-10-25 12:43:00+00:00,RIOT,10.020099639892578,10.020099639892578,10.024999618530273,10.005999565124512,10.005999565124512,16016.0
2024-10-25 12:43:00+00:00,RMBS,43.599998474121094,43.599998474121094,43.599998474121094,43.57500076293945,43.59000015258789,1872.0
2024-10-25 12:43:00+00:00,RPAY,7.614999771118164,7.614999771118164,7.614999771118164,7.590000152587891,7.590000152587891,5771.0
2024-10-25 12:43:00+00:00,RPD,39.02000045776367,39.02000045776367,39.02000045776367,38.9900016784668,38.9900016784668,1091.0
2024-10-25 12:43:00+00:00,RUM,5.699999809265137,5.699999809265137,5.709700107574463,5.699999809265137,5.709700107574463,6050.0
2024-10-25 12:43:00+00:00,RUN,14.40999984741211,14.40999984741211,14.414999961853027,14.399999618530273,14.399999618530273,5656.0
2024-10-25 12:43:00+00:00,SANM,67.73999786376953,67.73999786376953,67.73999786376953,67.73999786376953,67.73999786376953,1949.0
2024-10-25 12:43:00+00:00,SATS,25.084999084472656,25.084999084472656,25.09000015258789,25.079999923706055,25.079999923706055,973.0
2024-10-25 12:43:00+00:00,SCSC,44.935001373291016,44.935001373291016,44.95000076293945,44.935001373291016,44.95000076293945,1934.0
2024-10-25 12:43:00+00:00,SEDG,16.100000381469727,16.100000381469727,16.145000457763672,16.06999969482422,16.079999923706055,43304.0
2024-10-25 12:43:00+00:00,SHLS,5.324999809265137,5.324999809265137,5.324999809265137,5.324999809265137,5.324999809265137,963.0
2024-10-25 12:43:00+00:00,SMCI,47.827999114990234,47.827999114990234,47.83000183105469,47.72010040283203,47.72010040283203,70662.0
2024-10-25 12:43:00+00:00,SMTC,45.874000549316406,45.874000549316406,45.874000549316406,45.874000549316406,45.874000549316406,961.0
2024-10-25 12:43:00+00:00,SNCR,10.673100471496582,10.673100471496582,10.673100471496582,10.673100471496582,10.673100471496582,843.0
2024-10-25 12:43:00+00:00,SNPS,504.57000732421875,504.57000732421875,504.57000732421875,504.57000732421875,504.57000732421875,326.0
2024-10-25 12:43:00+00:00,SOUN,5.264999866485596,5.264999866485596,5.278800010681152,5.260000228881836,5.275000095367432,24695.0
2024-10-25 12:43:00+00:00,SPSC,171.67999267578125,171.67999267578125,172.1699981689453,171.67999267578125,172.1699981689453,1756.0
2024-10-25 12:43:00+00:00,SPT,27.059999465942383,27.059999465942383,27.059999465942383,27.059999465942383,27.059999465942383,684.0
2024-10-25 12:43:00+00:00,SRAD,12.390000343322754,12.390000343322754,12.40250015258789,12.390000343322754,12.40250015258789,5808.0
2024-10-25 12:43:00+00:00,SSNC,69.72000122070312,69.72000122070312,69.75499725341797,69.63999938964844,69.63999938964844,10756.0
2024-10-25 12:43:00+00:00,STNE,11.494999885559082,11.494999885559082,11.494999885559082,11.494999885559082,11.494999885559082,1760.0
2024-10-25 12:43:00+00:00,STX,103.88999938964844,103.88999938964844,103.94000244140625,103.81999969482422,103.83000183105469,2678.0
2024-10-25 12:43:00+00:00,SWKS,96.52189636230469,96.52189636230469,96.52189636230469,96.48999786376953,96.50499725341797,1711.0
2024-10-25 12:43:00+00:00,SYTA,1.2799999713897705,1.2799999713897705,1.2799999713897705,1.2799999713897705,1.2799999713897705,157.0
2024-10-25 12:43:00+00:00,TEAM,190.36000061035156,190.36000061035156,190.36000061035156,190.17999267578125,190.27000427246094,2724.0
2024-10-25 12:43:00+00:00,TENB,41.65999984741211,41.65999984741211,41.689998626708984,41.63999938964844,41.66999816894531,2838.0
2024-10-25 12:43:00+00:00,TER,112.83999633789062,112.83999633789062,112.83999633789062,112.80500030517578,112.83000183105469,4413.0
2024-10-25 12:43:00+00:00,TLS,3.634999990463257,3.634999990463257,3.640000104904175,3.634999990463257,3.634999990463257,938.0
2024-10-25 12:43:00+00:00,TRMB,61.15999984741211,61.15999984741211,61.15999984741211,61.150001525878906,61.150001525878906,1393.0
2024-10-25 12:43:00+00:00,TTD,119.55999755859375,119.55999755859375,119.63999938964844,119.55000305175781,119.55000305175781,7414.0
2024-10-25 12:43:00+00:00,TTMI,19.510000228881836,19.510000228881836,19.530000686645508,19.510000228881836,19.510000228881836,2727.0
2024-10-25 12:43:00+00:00,TWKS,4.449999809265137,4.449999809265137,4.449999809265137,4.449999809265137,4.449999809265137,360.0
2024-10-25 12:43:00+00:00,TXN,209.07000732421875,209.07000732421875,209.16000366210938,209.07000732421875,209.16000366210938,4625.0
2024-10-25 12:43:00+00:00,UCTT,36.119998931884766,36.119998931884766,36.119998931884766,36.119998931884766,36.119998931884766,129.0
2024-10-25 12:43:00+00:00,VECO,29.540000915527344,29.540000915527344,29.540000915527344,29.540000915527344,29.540000915527344,154.0
2024-10-25 12:43:00+00:00,VERI,3.4100000858306885,3.4100000858306885,3.4100000858306885,3.399899959564209,3.4000000953674316,1630.0
2024-10-25 12:43:00+00:00,VMEO,4.789999961853027,4.789999961853027,4.789999961853027,4.789999961853027,4.789999961853027,462.0
2024-10-25 12:43:00+00:00,VNET,3.4749999046325684,3.4749999046325684,3.4749999046325684,3.4749999046325684,3.4749999046325684,705.0
2024-10-25 12:43:00+00:00,VRNS,56.89500045776367,56.89500045776367,56.900001525878906,56.81999969482422,56.81999969482422,5029.0
2024-10-25 12:43:00+00:00,VSAT,10.34000015258789,10.34000015258789,10.34000015258789,10.329999923706055,10.34000015258789,1816.0
2024-10-25 12:43:00+00:00,WDAY,239.3988037109375,239.3988037109375,239.3988037109375,239.3988037109375,239.3988037109375,697.0
2024-10-25 12:43:00+00:00,WDC,71.20040130615234,71.20040130615234,71.20999908447266,71.0199966430664,71.02999877929688,22999.0
2024-10-25 12:43:00+00:00,XRX,10.09000015258789,10.09000015258789,10.09000015258789,10.09000015258789,10.09000015258789,196.0
2024-10-25 12:43:00+00:00,ZENV,1.440000057220459,1.440000057220459,1.440000057220459,1.440000057220459,1.440000057220459,463.0
2024-10-25 12:43:00+00:00,ZI,10.600000381469727,10.600000381469727,10.600000381469727,10.569999694824219,10.569999694824219,10372.0
2024-10-25 12:43:00+00:00,ZM,73.11000061035156,73.11000061035156,73.11000061035156,73.0999984741211,73.0999984741211,1700.0
2024-10-25 12:44:00+00:00,AAOI,18.0216007232666,18.0216007232666,18.0216007232666,18.0216007232666,18.0216007232666,584.0
2024-10-25 12:44:00+00:00,AAPL,232.76499938964844,232.76499938964844,232.78500366210938,232.72999572753906,232.72999572753906,59271.0
2024-10-25 12:44:00+00:00,ACMR,19.950000762939453,19.950000762939453,19.950000762939453,19.932600021362305,19.932600021362305,2177.0
2024-10-25 12:44:00+00:00,ADBE,485.6354064941406,485.6354064941406,485.82000732421875,485.6354064941406,485.82000732421875,846.0
2024-10-25 12:44:00+00:00,ADI,233.77000427246094,233.77000427246094,233.7899932861328,233.75,233.77999877929688,2233.0
2024-10-25 12:44:00+00:00,ADSK,287.20001220703125,287.20001220703125,287.25,287.1400146484375,287.1400146484375,2922.0
2024-10-25 12:44:00+00:00,AEHR,17.341999053955078,17.341999053955078,17.341999053955078,17.310100555419922,17.329999923706055,8383.0
2024-10-25 12:44:00+00:00,AFRM,41.779998779296875,41.779998779296875,41.78200149536133,41.7599983215332,41.78200149536133,8549.0
2024-10-25 12:44:00+00:00,AKAM,102.95539855957031,102.95539855957031,102.95539855957031,102.95539855957031,102.95539855957031,309.0
2024-10-25 12:44:00+00:00,AKTS,0.057100001722574234,0.057100001722574234,0.057100001722574234,0.05700000002980232,0.057100001722574234,162190.0
2024-10-25 12:44:00+00:00,ALGM,22.950000762939453,22.950000762939453,22.950000762939453,22.920000076293945,22.920000076293945,7159.0
2024-10-25 12:44:00+00:00,ALTR,103.98500061035156,103.98500061035156,103.98500061035156,103.98500061035156,103.98500061035156,377.0
2024-10-25 12:44:00+00:00,AMAT,188.8800048828125,188.8800048828125,188.8800048828125,188.82000732421875,188.85000610351562,7764.0
2024-10-25 12:44:00+00:00,AMD,158.05999755859375,158.05999755859375,158.10000610351562,158.02000427246094,158.05999755859375,42794.0
2024-10-25 12:44:00+00:00,ANSS,326.2200012207031,326.2200012207031,326.2200012207031,326.1099853515625,326.1099853515625,1866.0
2024-10-25 12:44:00+00:00,API,2.819999933242798,2.819999933242798,2.819999933242798,2.819999933242798,2.819999933242798,351.0
2024-10-25 12:44:00+00:00,APP,162.3300018310547,162.3300018310547,162.3699951171875,162.3300018310547,162.3699951171875,1824.0
2024-10-25 12:44:00+00:00,APPF,216.2449951171875,216.2449951171875,216.5,216.16000366210938,216.47000122070312,3359.0
2024-10-25 12:44:00+00:00,APPN,32.125,32.125,32.165000915527344,32.081600189208984,32.15999984741211,3437.0
2024-10-25 12:44:00+00:00,APPS,3.0799999237060547,3.0799999237060547,3.0799999237060547,3.075000047683716,3.075000047683716,4156.0
2024-10-25 12:44:00+00:00,ARRY,6.534999847412109,6.534999847412109,6.539999961853027,6.53000020980835,6.539999961853027,18268.0
2024-10-25 12:44:00+00:00,ASML,718.9702758789062,718.9702758789062,718.9998779296875,718.5200805664062,718.8499755859375,2647.0
2024-10-25 12:44:00+00:00,AUR,6.445000171661377,6.445000171661377,6.445000171661377,6.445000171661377,6.445000171661377,1103.0
2024-10-25 12:44:00+00:00,AVGO,176.0,176.0,176.02999877929688,175.9499969482422,175.9530029296875,22112.0
2024-10-25 12:44:00+00:00,AVNW,21.084999084472656,21.084999084472656,21.084999084472656,21.084999084472656,21.084999084472656,358.0
2024-10-25 12:44:00+00:00,BASE,16.3700008392334,16.3700008392334,16.3700008392334,16.3700008392334,16.3700008392334,280.0
2024-10-25 12:44:00+00:00,BLKB,86.2300033569336,86.2300033569336,86.2300033569336,86.21499633789062,86.21499633789062,690.0
2024-10-25 12:44:00+00:00,BLZE,7.260000228881836,7.260000228881836,7.269999980926514,7.260000228881836,7.269999980926514,580.0
2024-10-25 12:44:00+00:00,BMBL,7.239999771118164,7.239999771118164,7.25,7.239999771118164,7.244999885559082,1325.0
2024-10-25 12:44:00+00:00,BRZE,30.709999084472656,30.709999084472656,30.709999084472656,30.709999084472656,30.709999084472656,249.0
2024-10-25 12:44:00+00:00,BSY,49.13999938964844,49.13999938964844,49.19990158081055,49.13999938964844,49.154998779296875,1368.0
2024-10-25 12:44:00+00:00,CAMP,11.050000190734863,11.050000190734863,11.050000190734863,11.050000190734863,11.050000190734863,510.0
2024-10-25 12:44:00+00:00,CAMT,78.57499694824219,78.57499694824219,78.66999816894531,78.56999969482422,78.56999969482422,2813.0
2024-10-25 12:44:00+00:00,CAN,0.9811999797821045,0.9811999797821045,0.9811999797821045,0.9811000227928162,0.9811000227928162,599.0
2024-10-25 12:44:00+00:00,CDNS,259.54998779296875,259.54998779296875,259.55499267578125,259.51959228515625,259.51959228515625,855.0
2024-10-25 12:44:00+00:00,CDW,219.63999938964844,219.63999938964844,219.63999938964844,219.63999938964844,219.63999938964844,477.0
2024-10-25 12:44:00+00:00,CETX,0.3003000020980835,0.3003000020980835,0.3003000020980835,0.3003000020980835,0.3003000020980835,102.0
2024-10-25 12:44:00+00:00,CFLT,22.530000686645508,22.530000686645508,22.59000015258789,22.524999618530273,22.59000015258789,10455.0
2024-10-25 12:44:00+00:00,CGNT,6.659999847412109,6.659999847412109,6.659999847412109,6.659999847412109,6.659999847412109,240.0
2024-10-25 12:44:00+00:00,CGNX,39.09000015258789,39.09000015258789,39.09000015258789,39.08000183105469,39.08000183105469,799.0
2024-10-25 12:44:00+00:00,CHKP,207.44000244140625,207.44000244140625,207.44000244140625,207.42999267578125,207.42999267578125,1899.0
2024-10-25 12:44:00+00:00,CLBT,18.18000030517578,18.18000030517578,18.190000534057617,18.18000030517578,18.190000534057617,414.0
2024-10-25 12:44:00+00:00,CLSK,11.890000343322754,11.890000343322754,11.890000343322754,11.869999885559082,11.885000228881836,40371.0
2024-10-25 12:44:00+00:00,CMBM,1.2400000095367432,1.2400000095367432,1.2400000095367432,1.2400000095367432,1.2400000095367432,200.0
2024-10-25 12:44:00+00:00,CNXC,45.092498779296875,45.092498779296875,45.092498779296875,45.092498779296875,45.092498779296875,263.0
2024-10-25 12:44:00+00:00,COHR,95.0199966430664,95.0199966430664,95.0199966430664,94.9000015258789,94.9000015258789,4750.0
2024-10-25 12:44:00+00:00,COIN,209.99000549316406,209.99000549316406,209.99000549316406,209.61000061035156,209.64559936523438,9246.0
2024-10-25 12:44:00+00:00,COMM,6.315000057220459,6.315000057220459,6.315000057220459,6.304999828338623,6.304999828338623,1614.0
2024-10-25 12:44:00+00:00,CORZ,13.414999961853027,13.414999961853027,13.414999961853027,13.390000343322754,13.390000343322754,1936.0
2024-10-25 12:44:00+00:00,CRDO,39.744998931884766,39.744998931884766,39.744998931884766,39.7400016784668,39.7400016784668,930.0
2024-10-25 12:44:00+00:00,CREX,4.324999809265137,4.324999809265137,4.324999809265137,4.324999809265137,4.324999809265137,591.0
2024-10-25 12:44:00+00:00,CRSR,6.414999961853027,6.414999961853027,6.420000076293945,6.414999961853027,6.420000076293945,790.0
2024-10-25 12:44:00+00:00,CRWD,302.56500244140625,302.56500244140625,303.4549865722656,301.6600036621094,303.42999267578125,53108.0
2024-10-25 12:44:00+00:00,CSCO,56.03499984741211,56.03499984741211,56.040000915527344,56.0099983215332,56.0099983215332,9067.0
2024-10-25 12:44:00+00:00,CSIQ,13.710000038146973,13.710000038146973,13.727999687194824,13.710000038146973,13.727999687194824,1114.0
2024-10-25 12:44:00+00:00,CTSH,75.06999969482422,75.06999969482422,75.06999969482422,75.05500030517578,75.05500030517578,1719.0
2024-10-25 12:44:00+00:00,CVLT,134.81500244140625,134.81500244140625,134.81500244140625,134.81500244140625,134.81500244140625,461.0
2024-10-25 12:44:00+00:00,DAKT,13.130000114440918,13.130000114440918,13.130000114440918,13.130000114440918,13.130000114440918,863.0
2024-10-25 12:44:00+00:00,DBX,26.059999465942383,26.059999465942383,26.059999465942383,26.045000076293945,26.045000076293945,5210.0
2024-10-25 12:44:00+00:00,DDOG,127.5,127.5,127.51000213623047,127.37000274658203,127.41999816894531,6089.0
2024-10-25 12:44:00+00:00,DGHI,1.6100000143051147,1.6100000143051147,1.6100000143051147,1.6100000143051147,1.6100000143051147,2900.0
2024-10-25 12:44:00+00:00,DIOD,66.54000091552734,66.54000091552734,66.54000091552734,66.54000091552734,66.54000091552734,1018.0
2024-10-25 12:44:00+00:00,DLO,8.869999885559082,8.869999885559082,8.875,8.869999885559082,8.869999885559082,1796.0
2024-10-25 12:44:00+00:00,DOCU,69.9000015258789,69.9000015258789,69.9000015258789,69.87999725341797,69.87999725341797,2184.0
2024-10-25 12:44:00+00:00,DTSS,2.447999954223633,2.447999954223633,2.447999954223633,2.447999954223633,2.447999954223633,343.0
2024-10-25 12:44:00+00:00,DUOL,290.2300109863281,290.2300109863281,290.2300109863281,290.2300109863281,290.2300109863281,333.0
2024-10-25 12:44:00+00:00,ENPH,83.125,83.125,83.19999694824219,83.06050109863281,83.11499786376953,8733.0
2024-10-25 12:44:00+00:00,ENTG,106.08999633789062,106.08999633789062,106.12000274658203,106.0250015258789,106.0250015258789,1725.0
2024-10-25 12:44:00+00:00,ERIC,8.479900360107422,8.479900360107422,8.479999542236328,8.473999977111816,8.473999977111816,23971.0
2024-10-25 12:44:00+00:00,EVCM,10.574999809265137,10.574999809265137,10.574999809265137,10.574999809265137,10.574999809265137,269.0
2024-10-25 12:44:00+00:00,EXTR,14.475000381469727,14.475000381469727,14.475000381469727,14.475000381469727,14.475000381469727,133.0
2024-10-25 12:44:00+00:00,FFIV,216.80999755859375,216.80999755859375,216.80999755859375,216.6999969482422,216.6999969482422,1251.0
2024-10-25 12:44:00+00:00,FIVN,29.8700008392334,29.8700008392334,29.899999618530273,29.860000610351562,29.885000228881836,3276.0
2024-10-25 12:44:00+00:00,FLEX,35.28200149536133,35.28200149536133,35.290000915527344,35.244998931884766,35.255001068115234,5863.0
2024-10-25 12:44:00+00:00,FLYW,17.475000381469727,17.475000381469727,17.475000381469727,17.475000381469727,17.475000381469727,952.0
2024-10-25 12:44:00+00:00,FRSH,11.675000190734863,11.675000190734863,11.675000190734863,11.675000190734863,11.675000190734863,788.0
2024-10-25 12:44:00+00:00,FSLR,199.17999267578125,199.17999267578125,199.17999267578125,199.17999267578125,199.17999267578125,466.0
2024-10-25 12:44:00+00:00,FTCI,0.6635000109672546,0.6635000109672546,0.6699000000953674,0.6635000109672546,0.6699000000953674,2468.0
2024-10-25 12:44:00+00:00,FTNT,81.22000122070312,81.22000122070312,81.2300033569336,81.20500183105469,81.21499633789062,4172.0
2024-10-25 12:44:00+00:00,GCT,24.93000030517578,24.93000030517578,24.93000030517578,24.90999984741211,24.93000030517578,1791.0
2024-10-25 12:44:00+00:00,GDS,21.549999237060547,21.549999237060547,21.610000610351562,21.549999237060547,21.610000610351562,1732.0
2024-10-25 12:44:00+00:00,GDYN,15.569999694824219,15.569999694824219,15.569999694824219,15.569999694824219,15.569999694824219,738.0
2024-10-25 12:44:00+00:00,GFS,41.23500061035156,41.23500061035156,41.244998931884766,41.22999954223633,41.22999954223633,1210.0
2024-10-25 12:44:00+00:00,GPRO,1.3370000123977661,1.3370000123977661,1.3370000123977661,1.3370000123977661,1.3370000123977661,872.0
2024-10-25 12:44:00+00:00,GRAB,4.089900016784668,4.089900016784668,4.089900016784668,4.08050012588501,4.085000038146973,5724.0
2024-10-25 12:44:00+00:00,GRRR,4.5,4.5,4.5,4.5,4.5,200.0
2024-10-25 12:44:00+00:00,GSIT,3.4560000896453857,3.4560000896453857,3.4560000896453857,3.4560000896453857,3.4560000896453857,0.0
2024-10-25 12:44:00+00:00,GTLB,55.494998931884766,55.494998931884766,55.5015983581543,55.494998931884766,55.5015983581543,1032.0
2024-10-25 12:44:00+00:00,HCP,33.68000030517578,33.68000030517578,33.685001373291016,33.68000030517578,33.685001373291016,600.0
2024-10-25 12:44:00+00:00,HIMX,6.170000076293945,6.170000076293945,6.175000190734863,6.170000076293945,6.175000190734863,367.0
2024-10-25 12:44:00+00:00,HLIT,14.8100004196167,14.8100004196167,14.8100004196167,14.779999732971191,14.779999732971191,4550.0
2024-10-25 12:44:00+00:00,HOLO,3.680000066757202,3.680000066757202,3.680000066757202,3.669800043106079,3.669800043106079,20340.0
2024-10-25 12:44:00+00:00,HOOD,27.315000534057617,27.315000534057617,27.31909942626953,27.309999465942383,27.309999465942383,13127.0
2024-10-25 12:44:00+00:00,HTCR,1.0199999809265137,1.0199999809265137,1.0200999975204468,1.0199999809265137,1.0200999975204468,4535.0
2024-10-25 12:44:00+00:00,IMMR,8.739999771118164,8.739999771118164,8.739999771118164,8.739999771118164,8.739999771118164,0.0
2024-10-25 12:44:00+00:00,INDI,3.575000047683716,3.575000047683716,3.575000047683716,3.575000047683716,3.575000047683716,1078.0
2024-10-25 12:44:00+00:00,INFN,6.795000076293945,6.795000076293945,6.795000076293945,6.795000076293945,6.795000076293945,4719.0
2024-10-25 12:44:00+00:00,INOD,20.06999969482422,20.06999969482422,20.06999969482422,20.06999969482422,20.06999969482422,636.0
2024-10-25 12:44:00+00:00,INSG,20.084999084472656,20.084999084472656,20.084999084472656,20.084999084472656,20.084999084472656,18.0
2024-10-25 12:44:00+00:00,INTA,50.16999816894531,50.16999816894531,50.16999816894531,50.16999816894531,50.16999816894531,972.0
2024-10-25 12:44:00+00:00,INTC,23.145000457763672,23.145000457763672,23.149999618530273,23.1299991607666,23.135000228881836,80431.0
2024-10-25 12:44:00+00:00,INTZ,0.7300000190734863,0.7300000190734863,0.7300000190734863,0.7300000190734863,0.7300000190734863,0.0
2024-10-25 12:44:00+00:00,JKHY,183.97999572753906,183.97999572753906,183.97999572753906,183.97999572753906,183.97999572753906,327.0
2024-10-25 12:44:00+00:00,KC,2.7200000286102295,2.7200000286102295,2.7249999046325684,2.7200000286102295,2.7249999046325684,1092.0
2024-10-25 12:44:00+00:00,KLAC,681.4500122070312,681.4500122070312,681.4500122070312,681.4500122070312,681.4500122070312,399.0
2024-10-25 12:44:00+00:00,KLIC,44.43000030517578,44.43000030517578,44.43000030517578,44.43000030517578,44.43000030517578,269.0
2024-10-25 12:44:00+00:00,LINK,4.840000152587891,4.840000152587891,4.840000152587891,4.830100059509277,4.830100059509277,2650.0
2024-10-25 12:44:00+00:00,LITE,64.29499816894531,64.29499816894531,64.30999755859375,64.29499816894531,64.30999755859375,581.0
2024-10-25 12:44:00+00:00,LOGI,81.05500030517578,81.05500030517578,81.05500030517578,81.05500030517578,81.05500030517578,248.0
2024-10-25 12:44:00+00:00,LPSN,1.170799970626831,1.170799970626831,1.170799970626831,1.170799970626831,1.170799970626831,10102.0
2024-10-25 12:44:00+00:00,LRCX,79.25350189208984,79.25350189208984,79.2699966430664,79.23999786376953,79.23999786376953,12241.0
2024-10-25 12:44:00+00:00,LSCC,54.6349983215332,54.6349983215332,54.654998779296875,54.58000183105469,54.58000183105469,5653.0
2024-10-25 12:44:00+00:00,LYFT,13.779999732971191,13.779999732971191,13.795999526977539,13.779999732971191,13.789999961853027,22626.0
2024-10-25 12:44:00+00:00,LYT,2.0,2.0,2.0,2.0,2.0,2494.0
2024-10-25 12:44:00+00:00,MCHP,77.12000274658203,77.12000274658203,77.12000274658203,77.12000274658203,77.12000274658203,669.0
2024-10-25 12:44:00+00:00,MDB,267.29998779296875,267.29998779296875,267.4200134277344,267.151611328125,267.260009765625,2968.0
2024-10-25 12:44:00+00:00,MGIC,11.199999809265137,11.199999809265137,11.199999809265137,11.15999984741211,11.15999984741211,500.0
2024-10-25 12:44:00+00:00,MIND,3.5299999713897705,3.5299999713897705,3.5299999713897705,3.5299999713897705,3.5299999713897705,248.0
2024-10-25 12:44:00+00:00,MKSI,101.33999633789062,101.33999633789062,101.33999633789062,101.26000213623047,101.26000213623047,2444.0
2024-10-25 12:44:00+00:00,MKTW,0.5839999914169312,0.5839999914169312,0.5839999914169312,0.5839999914169312,0.5839999914169312,255.0
2024-10-25 12:44:00+00:00,MNDY,298.6449890136719,298.6449890136719,298.6449890136719,298.6449890136719,298.6449890136719,192.0
2024-10-25 12:44:00+00:00,MQ,5.284999847412109,5.284999847412109,5.284999847412109,5.284999847412109,5.284999847412109,2407.0
2024-10-25 12:44:00+00:00,MRVL,83.24500274658203,83.24500274658203,83.24500274658203,83.20999908447266,83.20999908447266,5758.0
2024-10-25 12:44:00+00:00,MSFT,430.5,430.5,430.6000061035156,430.45001220703125,430.489990234375,10224.0
2024-10-25 12:44:00+00:00,MSTR,240.02499389648438,240.02499389648438,240.08999633789062,239.53179931640625,239.69000244140625,37540.0
2024-10-25 12:44:00+00:00,MTLS,5.96999979019165,5.96999979019165,5.96999979019165,5.96999979019165,5.96999979019165,342.0
2024-10-25 12:44:00+00:00,MTSI,120.69999694824219,120.69999694824219,120.69999694824219,120.65489959716797,120.65489959716797,303.0
2024-10-25 12:44:00+00:00,MTTR,4.650000095367432,4.650000095367432,4.650000095367432,4.650000095367432,4.650000095367432,438.0
2024-10-25 12:44:00+00:00,MU,109.0999984741211,109.0999984741211,109.12999725341797,109.01339721679688,109.01339721679688,16477.0
2024-10-25 12:44:00+00:00,MXL,15.15999984741211,15.15999984741211,15.15999984741211,15.149999618530273,15.149999618530273,658.0
2024-10-25 12:44:00+00:00,MYNA,1.142899990081787,1.142899990081787,1.142899990081787,1.142899990081787,1.142899990081787,237.0
2024-10-25 12:44:00+00:00,NCNO,37.79499816894531,37.79499816894531,37.79499816894531,37.79499816894531,37.79499816894531,357.0
2024-10-25 12:44:00+00:00,NICE,176.7899932861328,176.7899932861328,176.89999389648438,176.7899932861328,176.8800048828125,2200.0
2024-10-25 12:44:00+00:00,NNDM,2.319999933242798,2.319999933242798,2.325000047683716,2.319999933242798,2.325000047683716,1692.0
2024-10-25 12:44:00+00:00,NTAP,120.5,120.5,120.5,120.5,120.5,786.0
2024-10-25 12:44:00+00:00,NTGR,20.3799991607666,20.3799991607666,20.3799991607666,20.3799991607666,20.3799991607666,376.0
2024-10-25 12:44:00+00:00,NVDA,143.4949951171875,143.4949951171875,143.52810668945312,143.47000122070312,143.48089599609375,207936.0
2024-10-25 12:44:00+00:00,NVTS,2.6050000190734863,2.6050000190734863,2.6050000190734863,2.6050000190734863,2.6050000190734863,201.0
2024-10-25 12:44:00+00:00,NXPI,245.5449981689453,245.5449981689453,245.5800018310547,245.5449981689453,245.5800018310547,822.0
2024-10-25 12:44:00+00:00,OKTA,72.62000274658203,72.62000274658203,72.62000274658203,72.59500122070312,72.59500122070312,814.0
2024-10-25 12:44:00+00:00,ON,72.11000061035156,72.11000061035156,72.12989807128906,72.08000183105469,72.11499786376953,17480.0
2024-10-25 12:44:00+00:00,OSIS,135.68499755859375,135.68499755859375,135.68499755859375,135.68499755859375,135.68499755859375,154.0
2024-10-25 12:44:00+00:00,OTEX,33.415000915527344,33.415000915527344,33.415000915527344,33.415000915527344,33.415000915527344,167.0
2024-10-25 12:44:00+00:00,PANW,369.6400146484375,369.6400146484375,369.747802734375,369.4700012207031,369.4800109863281,3673.0
2024-10-25 12:44:00+00:00,PAYO,8.300000190734863,8.300000190734863,8.300000190734863,8.300000190734863,8.300000190734863,460.0
2024-10-25 12:44:00+00:00,PEGA,80.55999755859375,80.55999755859375,80.55999755859375,80.50499725341797,80.50499725341797,797.0
2024-10-25 12:44:00+00:00,PEGY,4.610099792480469,4.610099792480469,4.639999866485596,4.610099792480469,4.620200157165527,6685.0
2024-10-25 12:44:00+00:00,PGY,11.845000267028809,11.845000267028809,11.845000267028809,11.845000267028809,11.845000267028809,609.0
2024-10-25 12:44:00+00:00,PHUN,10.199999809265137,10.199999809265137,10.210000038146973,10.17039966583252,10.207300186157227,20649.0
2024-10-25 12:44:00+00:00,PI,204.32569885253906,204.32569885253906,204.36000061035156,204.32569885253906,204.36000061035156,837.0
2024-10-25 12:44:00+00:00,PLUS,98.11000061035156,98.11000061035156,98.11000061035156,98.11000061035156,98.11000061035156,148.0
2024-10-25 12:44:00+00:00,POET,3.880000114440918,3.880000114440918,3.880000114440918,3.880000114440918,3.880000114440918,1310.0
2024-10-25 12:44:00+00:00,PUBM,14.859999656677246,14.859999656677246,14.859999656677246,14.859999656677246,14.859999656677246,342.0
2024-10-25 12:44:00+00:00,QCOM,172.85000610351562,172.85000610351562,172.85000610351562,172.77999877929688,172.77999877929688,5328.0
2024-10-25 12:44:00+00:00,QH,1.3605999946594238,1.3605999946594238,1.3799999952316284,1.3605999946594238,1.3799999952316284,2125.0
2024-10-25 12:44:00+00:00,QLYS,120.16500091552734,120.16500091552734,120.30999755859375,120.16500091552734,120.29499816894531,907.0
2024-10-25 12:44:00+00:00,QRVO,100.47000122070312,100.47000122070312,100.47000122070312,100.47000122070312,100.47000122070312,343.0
2024-10-25 12:44:00+00:00,QUBT,1.0687999725341797,1.0687999725341797,1.0700000524520874,1.0687999725341797,1.0700000524520874,494.0
2024-10-25 12:44:00+00:00,RCAT,2.7699999809265137,2.7699999809265137,2.7699999809265137,2.7699999809265137,2.7699999809265137,296.0
2024-10-25 12:44:00+00:00,REKR,1.100000023841858,1.100000023841858,1.100000023841858,1.090000033378601,1.0950000286102295,11392.0
2024-10-25 12:44:00+00:00,RELY,14.829999923706055,14.829999923706055,14.835000038146973,14.829999923706055,14.835000038146973,1108.0
2024-10-25 12:44:00+00:00,RGTI,1.2200000286102295,1.2200000286102295,1.2200000286102295,1.2111999988555908,1.2111999988555908,234.0
2024-10-25 12:44:00+00:00,RIOT,10.039899826049805,10.039899826049805,10.039999961853027,10.01990032196045,10.024999618530273,43822.0
2024-10-25 12:44:00+00:00,RMBS,43.584999084472656,43.584999084472656,43.584999084472656,43.584999084472656,43.584999084472656,415.0
2024-10-25 12:44:00+00:00,RMNI,1.7300000190734863,1.7300000190734863,1.7300000190734863,1.7300000190734863,1.7300000190734863,175.0
2024-10-25 12:44:00+00:00,RUM,5.699999809265137,5.699999809265137,5.699999809265137,5.699999809265137,5.699999809265137,691.0
2024-10-25 12:44:00+00:00,RUMBW,1.3259999752044678,1.3259999752044678,1.3799999952316284,1.3259999752044678,1.3799999952316284,334.0
2024-10-25 12:44:00+00:00,RUN,14.399999618530273,14.399999618530273,14.40999984741211,14.399999618530273,14.40999984741211,2497.0
2024-10-25 12:44:00+00:00,SCWX,8.380000114440918,8.380000114440918,8.380000114440918,8.380000114440918,8.380000114440918,214.0
2024-10-25 12:44:00+00:00,SEDG,16.15999984741211,16.15999984741211,16.15999984741211,16.1299991607666,16.1299991607666,5654.0
2024-10-25 12:44:00+00:00,SHLS,5.320000171661377,5.320000171661377,5.320000171661377,5.320000171661377,5.320000171661377,608.0
2024-10-25 12:44:00+00:00,SIMO,57.19499969482422,57.19499969482422,57.19499969482422,57.19499969482422,57.19499969482422,539.0
2024-10-25 12:44:00+00:00,SKYT,10.75,10.75,10.75,10.75,10.75,404.0
2024-10-25 12:44:00+00:00,SLAB,115.7750015258789,115.7750015258789,115.7750015258789,115.7750015258789,115.7750015258789,232.0
2024-10-25 12:44:00+00:00,SMCI,47.849998474121094,47.849998474121094,47.880001068115234,47.83000183105469,47.84000015258789,21660.0
2024-10-25 12:44:00+00:00,SMTC,45.84000015258789,45.84000015258789,45.845001220703125,45.84000015258789,45.84000015258789,963.0
2024-10-25 12:44:00+00:00,SNPS,504.5899963378906,504.5899963378906,504.9800109863281,504.5899963378906,504.9800109863281,698.0
2024-10-25 12:44:00+00:00,SOBR,7.519999980926514,7.519999980926514,7.519999980926514,7.519999980926514,7.519999980926514,252.0
2024-10-25 12:44:00+00:00,SONO,12.845000267028809,12.845000267028809,12.845000267028809,12.845000267028809,12.845000267028809,336.0
2024-10-25 12:44:00+00:00,SOUN,5.26800012588501,5.26800012588501,5.26800012588501,5.260000228881836,5.2600998878479,10447.0
2024-10-25 12:44:00+00:00,SPSC,171.5,171.5,171.875,171.5,171.7449951171875,1416.0
2024-10-25 12:44:00+00:00,SRAD,12.399999618530273,12.399999618530273,12.399999618530273,12.390000343322754,12.390000343322754,18828.0
2024-10-25 12:44:00+00:00,SSNC,69.72000122070312,69.72000122070312,69.7300033569336,69.72000122070312,69.72000122070312,1550.0
2024-10-25 12:44:00+00:00,STNE,11.494999885559082,11.494999885559082,11.494999885559082,11.494999885559082,11.494999885559082,118.0
2024-10-25 12:44:00+00:00,STX,103.94999694824219,103.94999694824219,103.94999694824219,103.91999816894531,103.93000030517578,1628.0
2024-10-25 12:44:00+00:00,SVRE,0.0820000022649765,0.0820000022649765,0.0820000022649765,0.0820000022649765,0.0820000022649765,122.0
2024-10-25 12:44:00+00:00,SWKS,96.5199966430664,96.5199966430664,96.54499816894531,96.5199966430664,96.54499816894531,967.0
2024-10-25 12:44:00+00:00,TEAM,190.38999938964844,190.38999938964844,190.38999938964844,190.2899932861328,190.36000061035156,2605.0
2024-10-25 12:44:00+00:00,TER,112.83999633789062,112.83999633789062,112.91000366210938,112.83999633789062,112.83999633789062,11363.0
2024-10-25 12:44:00+00:00,TLS,3.634999990463257,3.634999990463257,3.634999990463257,3.634999990463257,3.634999990463257,229.0
2024-10-25 12:44:00+00:00,TRMB,61.154998779296875,61.154998779296875,61.15999984741211,61.154998779296875,61.15999984741211,1221.0
2024-10-25 12:44:00+00:00,TTD,119.58000183105469,119.58000183105469,119.66999816894531,119.58000183105469,119.66999816894531,2240.0
2024-10-25 12:44:00+00:00,TTMI,19.540000915527344,19.540000915527344,19.540000915527344,19.5221004486084,19.5221004486084,503.0
2024-10-25 12:44:00+00:00,TWKS,4.449999809265137,4.449999809265137,4.449999809265137,4.449999809265137,4.449999809265137,3092.0
2024-10-25 12:44:00+00:00,TXN,209.27999877929688,209.27999877929688,209.3000030517578,209.07159423828125,209.10000610351562,9312.0
2024-10-25 12:44:00+00:00,UCTT,36.1349983215332,36.1349983215332,36.1349983215332,36.1349983215332,36.1349983215332,382.0
2024-10-25 12:44:00+00:00,VECO,29.549999237060547,29.549999237060547,29.559999465942383,29.549999237060547,29.559999465942383,928.0
2024-10-25 12:44:00+00:00,VERX,42.14500045776367,42.14500045776367,42.14500045776367,42.14500045776367,42.14500045776367,126.0
2024-10-25 12:44:00+00:00,VICR,46.7400016784668,46.7400016784668,46.779998779296875,46.685001373291016,46.685001373291016,1826.0
2024-10-25 12:44:00+00:00,VMEO,4.784999847412109,4.784999847412109,4.784999847412109,4.784999847412109,4.784999847412109,1715.0
2024-10-25 12:44:00+00:00,VRNS,56.869998931884766,56.869998931884766,56.88999938964844,56.869998931884766,56.88999938964844,796.0
2024-10-25 12:44:00+00:00,VRNT,22.270000457763672,22.270000457763672,22.270000457763672,22.270000457763672,22.270000457763672,308.0
2024-10-25 12:44:00+00:00,VSAT,10.329999923706055,10.329999923706055,10.34000015258789,10.329999923706055,10.34000015258789,1084.0
2024-10-25 12:44:00+00:00,VUZI,1.3250000476837158,1.3250000476837158,1.3259999752044678,1.3250000476837158,1.3259999752044678,1523.0
2024-10-25 12:44:00+00:00,WDAY,239.60000610351562,239.60000610351562,239.6199951171875,239.52999877929688,239.52999877929688,5538.0
2024-10-25 12:44:00+00:00,WDC,71.26499938964844,71.26499938964844,71.28600311279297,71.18000030517578,71.19999694824219,16251.0
2024-10-25 12:44:00+00:00,WISA,1.9225000143051147,1.9225000143051147,1.9294999837875366,1.9200999736785889,1.9200999736785889,5481.0
2024-10-25 12:44:00+00:00,XRX,10.079999923706055,10.079999923706055,10.085000038146973,10.079999923706055,10.085000038146973,672.0
2024-10-25 12:44:00+00:00,ZBRA,363.677490234375,363.677490234375,363.677490234375,363.6499938964844,363.6499938964844,4590.0
2024-10-25 12:44:00+00:00,ZI,10.614999771118164,10.614999771118164,10.619999885559082,10.614999771118164,10.619999885559082,1191.0
2024-10-25 12:44:00+00:00,ZM,73.13999938964844,73.13999938964844,73.13999938964844,73.12999725341797,73.12999725341797,1199.0
2024-10-25 12:44:00+00:00,ZS,185.88999938964844,185.88999938964844,185.9199981689453,185.8800048828125,185.89999389648438,1880.0
2024-10-25 12:45:00+00:00,AAOI,17.940000534057617,17.940000534057617,18.019899368286133,17.940000534057617,18.019899368286133,5917.0
2024-10-25 12:45:00+00:00,AAPL,232.72500610351562,232.72500610351562,232.8000030517578,232.69500732421875,232.75999450683594,43040.0
2024-10-25 12:45:00+00:00,ACIW,48.83000183105469,48.83000183105469,48.83000183105469,48.83000183105469,48.83000183105469,589.0
2024-10-25 12:45:00+00:00,ACLS,90.62999725341797,90.62999725341797,90.79000091552734,90.62999725341797,90.79000091552734,2653.0
2024-10-25 12:45:00+00:00,ACMR,19.934999465942383,19.934999465942383,19.934999465942383,19.934999465942383,19.934999465942383,263.0
2024-10-25 12:45:00+00:00,ADBE,485.8299865722656,485.8299865722656,485.8800048828125,485.8299865722656,485.8800048828125,1653.0
2024-10-25 12:45:00+00:00,ADI,233.72000122070312,233.72000122070312,233.72000122070312,233.72000122070312,233.72000122070312,400.0
2024-10-25 12:45:00+00:00,AEHR,17.399499893188477,17.399499893188477,17.399499893188477,17.350000381469727,17.350000381469727,12642.0
2024-10-25 12:45:00+00:00,AEYE,23.139999389648438,23.139999389648438,23.139999389648438,23.110000610351562,23.110000610351562,216.0
2024-10-25 12:45:00+00:00,AFRM,41.709999084472656,41.709999084472656,41.757999420166016,41.70500183105469,41.755001068115234,9614.0
2024-10-25 12:45:00+00:00,AKAM,102.91999816894531,102.91999816894531,102.91999816894531,102.91999816894531,102.91999816894531,888.0
2024-10-25 12:45:00+00:00,AKTS,0.057100001722574234,0.057100001722574234,0.057100001722574234,0.057100001722574234,0.057100001722574234,0.0
2024-10-25 12:45:00+00:00,ALGM,22.954999923706055,22.954999923706055,22.985000610351562,22.940000534057617,22.979999542236328,16118.0
2024-10-25 12:45:00+00:00,ALKT,38.27000045776367,38.27000045776367,38.279998779296875,38.27000045776367,38.279998779296875,864.0
2024-10-25 12:45:00+00:00,ALRM,54.73500061035156,54.73500061035156,54.755001068115234,54.73500061035156,54.755001068115234,359.0
2024-10-25 12:45:00+00:00,AMAT,188.7899932861328,188.7899932861328,188.9199981689453,188.7899932861328,188.8800048828125,13875.0
2024-10-25 12:45:00+00:00,AMD,158.06210327148438,158.06210327148438,158.1540069580078,158.00999450683594,158.07879638671875,44842.0
2024-10-25 12:45:00+00:00,AMPL,9.210000038146973,9.210000038146973,9.210000038146973,9.210000038146973,9.210000038146973,138.0
2024-10-25 12:45:00+00:00,API,2.8299999237060547,2.8299999237060547,2.8299999237060547,2.8299999237060547,2.8299999237060547,301.0
2024-10-25 12:45:00+00:00,APP,162.0800018310547,162.0800018310547,162.41000366210938,162.0800018310547,162.32000732421875,14157.0
2024-10-25 12:45:00+00:00,APPF,215.89999389648438,215.89999389648438,216.05999755859375,215.89999389648438,216.05999755859375,6695.0
2024-10-25 12:45:00+00:00,APPN,32.125,32.125,32.125,32.125,32.125,208.0
2024-10-25 12:45:00+00:00,APPS,3.0799999237060547,3.0799999237060547,3.0799999237060547,3.0799999237060547,3.0799999237060547,1146.0
2024-10-25 12:45:00+00:00,ARRY,6.53000020980835,6.53000020980835,6.539999961853027,6.53000020980835,6.534999847412109,6943.0
2024-10-25 12:45:00+00:00,ASML,718.8599853515625,718.8599853515625,718.8599853515625,718.8599853515625,718.8599853515625,482.0
2024-10-25 12:45:00+00:00,AUR,6.445000171661377,6.445000171661377,6.445000171661377,6.440000057220459,6.440000057220459,602.0
2024-10-25 12:45:00+00:00,AVGO,175.94000244140625,175.94000244140625,176.02999877929688,175.91000366210938,175.99850463867188,16885.0
2024-10-25 12:45:00+00:00,AXTI,2.7049999237060547,2.7049999237060547,2.7049999237060547,2.7049999237060547,2.7049999237060547,410.0
2024-10-25 12:45:00+00:00,BAND,17.709999084472656,17.709999084472656,17.709999084472656,17.709999084472656,17.709999084472656,400.0
2024-10-25 12:45:00+00:00,BIGC,5.324999809265137,5.324999809265137,5.324999809265137,5.324999809265137,5.324999809265137,684.0
2024-10-25 12:45:00+00:00,BMBL,7.230000019073486,7.230000019073486,7.239999771118164,7.230000019073486,7.239999771118164,1919.0
2024-10-25 12:45:00+00:00,BRZE,30.665000915527344,30.665000915527344,30.690000534057617,30.665000915527344,30.690000534057617,2515.0
2024-10-25 12:45:00+00:00,BSY,49.16999816894531,49.16999816894531,49.16999816894531,49.15919876098633,49.15919876098633,608.0
2024-10-25 12:45:00+00:00,CAMT,78.63500213623047,78.63500213623047,78.63500213623047,78.63500213623047,78.63500213623047,464.0
2024-10-25 12:45:00+00:00,CDNS,259.57000732421875,259.57000732421875,259.6499938964844,259.57000732421875,259.6499938964844,1247.0
2024-10-25 12:45:00+00:00,CETX,0.3010999858379364,0.3010999858379364,0.3019999861717224,0.3010999858379364,0.3019999861717224,6001.0
2024-10-25 12:45:00+00:00,CFLT,22.530000686645508,22.530000686645508,22.53499984741211,22.530000686645508,22.530000686645508,1165.0
2024-10-25 12:45:00+00:00,CLBT,18.18000030517578,18.18000030517578,18.18000030517578,18.18000030517578,18.18000030517578,764.0
2024-10-25 12:45:00+00:00,CLSK,11.885000228881836,11.885000228881836,11.890000343322754,11.880000114440918,11.890000343322754,16174.0
2024-10-25 12:45:00+00:00,CMTL,3.7200000286102295,3.7200000286102295,3.7200000286102295,3.7200000286102295,3.7200000286102295,5328.0
2024-10-25 12:45:00+00:00,CNXC,45.08000183105469,45.08000183105469,45.08000183105469,45.08000183105469,45.08000183105469,1130.0
2024-10-25 12:45:00+00:00,COHR,94.94999694824219,94.94999694824219,95.0199966430664,94.94999694824219,95.0199966430664,674.0
2024-10-25 12:45:00+00:00,COIN,209.85000610351562,209.85000610351562,210.0,209.8000030517578,209.99000549316406,12685.0
2024-10-25 12:45:00+00:00,COMM,6.315000057220459,6.315000057220459,6.315000057220459,6.315000057220459,6.315000057220459,344.0
2024-10-25 12:45:00+00:00,CORZ,13.395000457763672,13.395000457763672,13.415499687194824,13.390000343322754,13.414999961853027,2412.0
2024-10-25 12:45:00+00:00,CRCT,6.599999904632568,6.599999904632568,6.599999904632568,6.59499979019165,6.599999904632568,1007.0
2024-10-25 12:45:00+00:00,CRDO,39.72999954223633,39.72999954223633,39.77000045776367,39.72999954223633,39.77000045776367,1588.0
2024-10-25 12:45:00+00:00,CRNC,2.8499999046325684,2.8499999046325684,2.8499999046325684,2.8499999046325684,2.8499999046325684,353.0
2024-10-25 12:45:00+00:00,CRWD,300.2200012207031,300.2200012207031,302.9244079589844,300.0,302.67999267578125,61034.0
2024-10-25 12:45:00+00:00,CSCO,56.01499938964844,56.01499938964844,56.029998779296875,56.01499938964844,56.029998779296875,6159.0
2024-10-25 12:45:00+00:00,CTSH,75.03500366210938,75.03500366210938,75.06050109863281,75.03500366210938,75.06050109863281,3513.0
2024-10-25 12:45:00+00:00,CVLT,134.81500244140625,134.81500244140625,134.81500244140625,134.79249572753906,134.79249572753906,1848.0
2024-10-25 12:45:00+00:00,DATS,1.684999942779541,1.684999942779541,1.7000000476837158,1.672700047492981,1.672700047492981,3658.0
2024-10-25 12:45:00+00:00,DBX,26.045000076293945,26.045000076293945,26.049999237060547,26.040000915527344,26.049999237060547,6614.0
2024-10-25 12:45:00+00:00,DDOG,127.43000030517578,127.43000030517578,127.54000091552734,127.43000030517578,127.5,3799.0
2024-10-25 12:45:00+00:00,DGHI,1.600000023841858,1.600000023841858,1.600000023841858,1.5989999771118164,1.5989999771118164,0.0
2024-10-25 12:45:00+00:00,DGII,30.729999542236328,30.729999542236328,30.735000610351562,30.729999542236328,30.735000610351562,845.0
2024-10-25 12:45:00+00:00,DOCU,69.8499984741211,69.8499984741211,69.87000274658203,69.84519958496094,69.87000274658203,1870.0
2024-10-25 12:45:00+00:00,DOX,89.70999908447266,89.70999908447266,89.70999908447266,89.70999908447266,89.70999908447266,167.0
2024-10-25 12:45:00+00:00,DUOL,290.2349853515625,290.2349853515625,290.2349853515625,290.2349853515625,290.2349853515625,335.0
2024-10-25 12:45:00+00:00,EEFT,99.72000122070312,99.72000122070312,99.72000122070312,99.72000122070312,99.72000122070312,515.0
2024-10-25 12:45:00+00:00,ENPH,83.1500015258789,83.1500015258789,83.19000244140625,83.05010223388672,83.05010223388672,1124.0
2024-10-25 12:45:00+00:00,ENTG,106.1449966430664,106.1449966430664,106.1449966430664,106.11000061035156,106.11000061035156,1178.0
2024-10-25 12:45:00+00:00,ERIC,8.479999542236328,8.479999542236328,8.479999542236328,8.475000381469727,8.479999542236328,7375.0
2024-10-25 12:45:00+00:00,EXFY,1.725000023841858,1.725000023841858,1.725000023841858,1.725000023841858,1.725000023841858,1325.0
2024-10-25 12:45:00+00:00,EXLS,38.90999984741211,38.90999984741211,38.915000915527344,38.90999984741211,38.915000915527344,1253.0
2024-10-25 12:45:00+00:00,EXTR,14.475000381469727,14.475000381469727,14.475000381469727,14.475000381469727,14.475000381469727,161.0
2024-10-25 12:45:00+00:00,FARO,18.25,18.25,18.25,18.0,18.0,5830.0
2024-10-25 12:45:00+00:00,FFIV,216.88999938964844,216.88999938964844,216.88999938964844,216.88999938964844,216.88999938964844,331.0
2024-10-25 12:45:00+00:00,FIVN,29.854999542236328,29.854999542236328,29.8700008392334,29.854999542236328,29.860000610351562,4412.0
2024-10-25 12:45:00+00:00,FLEX,35.27000045776367,35.27000045776367,35.279998779296875,35.27000045776367,35.279998779296875,1742.0
2024-10-25 12:45:00+00:00,FLYW,17.475000381469727,17.475000381469727,17.475000381469727,17.469999313354492,17.475000381469727,621.0
2024-10-25 12:45:00+00:00,FORM,45.2599983215332,45.2599983215332,45.2599983215332,45.25,45.25,1018.0
2024-10-25 12:45:00+00:00,FROG,29.450000762939453,29.450000762939453,29.450000762939453,29.450000762939453,29.450000762939453,1796.0
2024-10-25 12:45:00+00:00,FSLR,199.25999450683594,199.25999450683594,199.25999450683594,199.25999450683594,199.25999450683594,506.0
2024-10-25 12:45:00+00:00,FTNT,81.19000244140625,81.19000244140625,81.2300033569336,81.19000244140625,81.22000122070312,3237.0
2024-10-25 12:45:00+00:00,GCT,24.889999389648438,24.889999389648438,24.889999389648438,24.889999389648438,24.889999389648438,356.0
2024-10-25 12:45:00+00:00,GFS,41.244998931884766,41.244998931884766,41.244998931884766,41.22999954223633,41.22999954223633,1015.0
2024-10-25 12:45:00+00:00,GPRO,1.3350000381469727,1.3350000381469727,1.3350000381469727,1.3350000381469727,1.3350000381469727,1187.0
2024-10-25 12:45:00+00:00,GRAB,4.089700222015381,4.089700222015381,4.089700222015381,4.085000038146973,4.085000038146973,619.0
2024-10-25 12:45:00+00:00,GRRR,4.505000114440918,4.505000114440918,4.505000114440918,4.505000114440918,4.505000114440918,75.0
2024-10-25 12:45:00+00:00,GTLB,55.459999084472656,55.459999084472656,55.47999954223633,55.459999084472656,55.47999954223633,5358.0
2024-10-25 12:45:00+00:00,HCKT,24.8799991607666,24.8799991607666,24.8799991607666,24.8799991607666,24.8799991607666,200.0
2024-10-25 12:45:00+00:00,HCP,33.68000030517578,33.68000030517578,33.685001373291016,33.68000030517578,33.685001373291016,1020.0
2024-10-25 12:45:00+00:00,HEAR,16.675100326538086,16.675100326538086,16.675100326538086,16.675100326538086,16.675100326538086,710.0
2024-10-25 12:45:00+00:00,HIMX,6.179999828338623,6.179999828338623,6.179999828338623,6.175000190734863,6.175000190734863,19307.0
2024-10-25 12:45:00+00:00,HOLO,3.6500000953674316,3.6500000953674316,3.6600000858306885,3.640000104904175,3.6500000953674316,8379.0
2024-10-25 12:45:00+00:00,HOOD,27.31130027770996,27.31130027770996,27.315399169921875,27.30500030517578,27.309999465942383,3394.0
2024-10-25 12:45:00+00:00,HTCR,1.0230000019073486,1.0230000019073486,1.0230000019073486,1.0200999975204468,1.0200999975204468,5008.0
2024-10-25 12:45:00+00:00,ICHR,27.790000915527344,27.790000915527344,27.809999465942383,27.790000915527344,27.799999237060547,1253.0
2024-10-25 12:45:00+00:00,IDAI,0.22759999334812164,0.22759999334812164,0.22759999334812164,0.22759999334812164,0.22759999334812164,820.0
2024-10-25 12:45:00+00:00,IMXI,17.649999618530273,17.649999618530273,17.649999618530273,17.649999618530273,17.649999618530273,1145.0
2024-10-25 12:45:00+00:00,INDI,3.575000047683716,3.575000047683716,3.575000047683716,3.575000047683716,3.575000047683716,819.0
2024-10-25 12:45:00+00:00,INFN,6.795000076293945,6.795000076293945,6.795000076293945,6.795000076293945,6.795000076293945,310.0
2024-10-25 12:45:00+00:00,INOD,20.06999969482422,20.06999969482422,20.07200050354004,20.06999969482422,20.07200050354004,733.0
2024-10-25 12:45:00+00:00,INSG,20.200000762939453,20.200000762939453,20.200000762939453,20.149999618530273,20.149999618530273,621.0
2024-10-25 12:45:00+00:00,INTC,23.13290023803711,23.13290023803711,23.149999618530273,23.1299991607666,23.145000457763672,43505.0
2024-10-25 12:45:00+00:00,IPGP,77.16999816894531,77.16999816894531,77.16999816894531,77.16999816894531,77.16999816894531,478.0
2024-10-25 12:45:00+00:00,JKHY,184.0,184.0,184.0,183.86000061035156,183.98500061035156,1922.0
2024-10-25 12:45:00+00:00,KC,2.7249999046325684,2.7249999046325684,2.7249999046325684,2.7200000286102295,2.7200000286102295,488.0
2024-10-25 12:45:00+00:00,KLAC,681.9099731445312,681.9099731445312,681.9099731445312,681.760009765625,681.8900146484375,2358.0
2024-10-25 12:45:00+00:00,KLIC,44.43000030517578,44.43000030517578,44.43000030517578,44.43000030517578,44.43000030517578,1175.0
2024-10-25 12:45:00+00:00,LASR,10.430000305175781,10.430000305175781,10.430000305175781,10.430000305175781,10.430000305175781,1291.0
2024-10-25 12:45:00+00:00,LITE,64.23999786376953,64.23999786376953,64.2699966430664,64.23999786376953,64.2699966430664,2460.0
2024-10-25 12:45:00+00:00,LOGI,81.0199966430664,81.0199966430664,81.05500030517578,81.0199966430664,81.05500030517578,783.0
2024-10-25 12:45:00+00:00,LRCX,79.23999786376953,79.23999786376953,79.2699966430664,79.22000122070312,79.26000213623047,18674.0
2024-10-25 12:45:00+00:00,LSCC,54.63999938964844,54.63999938964844,54.63999938964844,54.630001068115234,54.63999938964844,2076.0
2024-10-25 12:45:00+00:00,LYFT,13.779999732971191,13.779999732971191,13.78499984741211,13.779999732971191,13.78499984741211,10784.0
2024-10-25 12:45:00+00:00,MANH,275.7300109863281,275.7300109863281,275.7300109863281,275.7300109863281,275.7300109863281,395.0
2024-10-25 12:45:00+00:00,MAXN,5.599999904632568,5.599999904632568,5.624000072479248,5.599999904632568,5.624000072479248,627.0
2024-10-25 12:45:00+00:00,MCHP,77.1500015258789,77.1500015258789,77.16000366210938,77.1500015258789,77.1500015258789,6229.0
2024-10-25 12:45:00+00:00,MDB,267.1199951171875,267.1199951171875,267.5,267.1199951171875,267.2650146484375,1690.0
2024-10-25 12:45:00+00:00,MITK,8.789999961853027,8.789999961853027,8.789999961853027,8.779999732971191,8.779999732971191,464.0
2024-10-25 12:45:00+00:00,MNDY,298.2799987792969,298.2799987792969,298.32000732421875,298.2799987792969,298.32000732421875,1695.0
2024-10-25 12:45:00+00:00,MPWR,924.4400024414062,924.4400024414062,924.4400024414062,923.75,923.9000244140625,1278.0
2024-10-25 12:45:00+00:00,MRVL,83.23400115966797,83.23400115966797,83.27999877929688,83.23400115966797,83.25,18803.0
2024-10-25 12:45:00+00:00,MSFT,430.4800109863281,430.4800109863281,430.54998779296875,430.4425048828125,430.5400085449219,9536.0
2024-10-25 12:45:00+00:00,MSTR,239.9626007080078,239.9626007080078,240.0399932861328,239.75999450683594,240.02499389648438,19920.0
2024-10-25 12:45:00+00:00,MTSI,120.8499984741211,120.8499984741211,120.8499984741211,120.8499984741211,120.8499984741211,185.0
2024-10-25 12:45:00+00:00,MU,109.11000061035156,109.11000061035156,109.13999938964844,109.08999633789062,109.11000061035156,13395.0
2024-10-25 12:45:00+00:00,MVIS,1.0950000286102295,1.0950000286102295,1.100000023841858,1.090000033378601,1.100000023841858,8292.0
2024-10-25 12:45:00+00:00,MXL,15.149999618530273,15.149999618530273,15.15999984741211,15.149999618530273,15.15999984741211,1194.0
2024-10-25 12:45:00+00:00,NOVT,174.0,174.0,174.0,174.0,174.0,688.0
2024-10-25 12:45:00+00:00,NTAP,120.48500061035156,120.48500061035156,120.48500061035156,120.48500061035156,120.48500061035156,104.0
2024-10-25 12:45:00+00:00,NTCT,20.729999542236328,20.729999542236328,20.729999542236328,20.729999542236328,20.729999542236328,277.0
2024-10-25 12:45:00+00:00,NTNX,62.185001373291016,62.185001373291016,62.185001373291016,62.185001373291016,62.185001373291016,673.0
2024-10-25 12:45:00+00:00,NVDA,143.41009521484375,143.41009521484375,143.50999450683594,143.38999938964844,143.5,169853.0
2024-10-25 12:45:00+00:00,NVMI,185.0,185.0,185.0,185.0,185.0,235.0
2024-10-25 12:45:00+00:00,NVTS,2.6059999465942383,2.6059999465942383,2.6059999465942383,2.6059999465942383,2.6059999465942383,200.0
2024-10-25 12:45:00+00:00,NXPI,245.5399932861328,245.5399932861328,245.5399932861328,245.52000427246094,245.52000427246094,2068.0
2024-10-25 12:45:00+00:00,OKTA,72.56999969482422,72.56999969482422,72.58000183105469,72.56999969482422,72.58000183105469,907.0
2024-10-25 12:45:00+00:00,OLED,204.10499572753906,204.10499572753906,204.27999877929688,204.10499572753906,204.2100067138672,1533.0
2024-10-25 12:45:00+00:00,ON,72.06500244140625,72.06500244140625,72.11000061035156,72.05999755859375,72.0999984741211,11431.0
2024-10-25 12:45:00+00:00,OSIS,135.57000732421875,135.57000732421875,135.57000732421875,135.57000732421875,135.57000732421875,332.0
2024-10-25 12:45:00+00:00,OTEX,33.404998779296875,33.404998779296875,33.404998779296875,33.404998779296875,33.404998779296875,321.0
2024-10-25 12:45:00+00:00,PANW,369.239990234375,369.239990234375,369.4147033691406,369.239990234375,369.4147033691406,790.0
2024-10-25 12:45:00+00:00,PAYO,8.305000305175781,8.305000305175781,8.305000305175781,8.305000305175781,8.305000305175781,117.0
2024-10-25 12:45:00+00:00,PEGA,80.50499725341797,80.50499725341797,80.50499725341797,80.50499725341797,80.50499725341797,1477.0
2024-10-25 12:45:00+00:00,PGY,11.831999778747559,11.831999778747559,11.831999778747559,11.831999778747559,11.831999778747559,603.0
2024-10-25 12:45:00+00:00,PHUN,10.199999809265137,10.199999809265137,10.204999923706055,10.140000343322754,10.164999961853027,46460.0
2024-10-25 12:45:00+00:00,PLAB,23.760000228881836,23.760000228881836,23.760000228881836,23.684999465942383,23.690000534057617,2503.0
2024-10-25 12:45:00+00:00,PLXS,142.72500610351562,142.72500610351562,142.72500610351562,142.72500610351562,142.72500610351562,588.0
2024-10-25 12:45:00+00:00,POET,3.880000114440918,3.880000114440918,3.880000114440918,3.878000020980835,3.878000020980835,3759.0
2024-10-25 12:45:00+00:00,POWI,64.12000274658203,64.12000274658203,64.12000274658203,64.12000274658203,64.12000274658203,254.0
2024-10-25 12:45:00+00:00,PTC,187.19000244140625,187.19000244140625,187.19000244140625,187.19000244140625,187.19000244140625,654.0
2024-10-25 12:45:00+00:00,PYCR,14.34000015258789,14.34000015258789,14.34000015258789,14.34000015258789,14.34000015258789,1951.0
2024-10-25 12:45:00+00:00,QCOM,172.76499938964844,172.76499938964844,172.85499572753906,172.76499938964844,172.85499572753906,4481.0
2024-10-25 12:45:00+00:00,QRVO,100.47000122070312,100.47000122070312,100.47000122070312,100.47000122070312,100.47000122070312,350.0
2024-10-25 12:45:00+00:00,QUBT,1.065000057220459,1.065000057220459,1.065000057220459,1.065000057220459,1.065000057220459,0.0
2024-10-25 12:45:00+00:00,QUIK,8.65999984741211,8.65999984741211,8.65999984741211,8.64840030670166,8.64840030670166,657.0
2024-10-25 12:45:00+00:00,RDWR,22.2810001373291,22.2810001373291,22.2810001373291,22.2810001373291,22.2810001373291,183.0
2024-10-25 12:45:00+00:00,REKR,1.0950000286102295,1.0950000286102295,1.0950000286102295,1.0950000286102295,1.0950000286102295,221.0
2024-10-25 12:45:00+00:00,RELY,14.850000381469727,14.850000381469727,14.850000381469727,14.835000038146973,14.835000038146973,2333.0
2024-10-25 12:45:00+00:00,RGTI,1.2139999866485596,1.2139999866485596,1.2200000286102295,1.2139999866485596,1.2200000286102295,1723.0
2024-10-25 12:45:00+00:00,RIOT,10.025400161743164,10.025400161743164,10.038700103759766,10.020899772644043,10.03499984741211,13790.0
2024-10-25 12:45:00+00:00,RMBS,43.59000015258789,43.59000015258789,43.59000015258789,43.59000015258789,43.59000015258789,415.0
2024-10-25 12:45:00+00:00,RMNI,1.725000023841858,1.725000023841858,1.725000023841858,1.725000023841858,1.725000023841858,817.0
2024-10-25 12:45:00+00:00,RPAY,7.605000019073486,7.605000019073486,7.605000019073486,7.605000019073486,7.605000019073486,300.0
2024-10-25 12:45:00+00:00,RUM,5.700200080871582,5.700200080871582,5.700200080871582,5.700200080871582,5.700200080871582,708.0
2024-10-25 12:45:00+00:00,RUN,14.375,14.375,14.395000457763672,14.364999771118164,14.395000457763672,24396.0
2024-10-25 12:45:00+00:00,RXT,2.5399999618530273,2.5399999618530273,2.5399999618530273,2.5399999618530273,2.5399999618530273,452.0
2024-10-25 12:45:00+00:00,SATS,25.084999084472656,25.084999084472656,25.084999084472656,25.084999084472656,25.084999084472656,272.0
2024-10-25 12:45:00+00:00,SCSC,44.900001525878906,44.900001525878906,44.91999816894531,44.900001525878906,44.91999816894531,1357.0
2024-10-25 12:45:00+00:00,SEDG,16.15999984741211,16.15999984741211,16.172000885009766,16.149999618530273,16.15999984741211,4948.0
2024-10-25 12:45:00+00:00,SHLS,5.309999942779541,5.309999942779541,5.320000171661377,5.309999942779541,5.320000171661377,3387.0
2024-10-25 12:45:00+00:00,SLAB,115.80000305175781,115.80000305175781,115.80000305175781,115.80000305175781,115.80000305175781,539.0
2024-10-25 12:45:00+00:00,SLNHP,13.104399681091309,13.104399681091309,13.140000343322754,13.104399681091309,13.140000343322754,601.0
2024-10-25 12:45:00+00:00,SMCI,47.827999114990234,47.827999114990234,47.880001068115234,47.827999114990234,47.85070037841797,48194.0
2024-10-25 12:45:00+00:00,SMSI,0.8030999898910522,0.8030999898910522,0.8030999898910522,0.8030999898910522,0.8030999898910522,2759.0
2024-10-25 12:45:00+00:00,SMTC,45.79999923706055,45.79999923706055,45.81999969482422,45.79999923706055,45.81999969482422,676.0
2024-10-25 12:45:00+00:00,SNPS,504.5950012207031,504.5950012207031,504.5950012207031,504.5950012207031,504.5950012207031,301.0
2024-10-25 12:45:00+00:00,SOBR,7.519999980926514,7.519999980926514,7.519999980926514,7.519999980926514,7.519999980926514,329.0
2024-10-25 12:45:00+00:00,SONO,12.84000015258789,12.84000015258789,12.84000015258789,12.84000015258789,12.84000015258789,1339.0
2024-10-25 12:45:00+00:00,SOUN,5.2683000564575195,5.2683000564575195,5.269899845123291,5.260000228881836,5.260000228881836,20974.0
2024-10-25 12:45:00+00:00,SPNS,36.81999969482422,36.81999969482422,36.81999969482422,36.7400016784668,36.7400016784668,673.0
2024-10-25 12:45:00+00:00,SPSC,170.88499450683594,170.88499450683594,171.44000244140625,170.88499450683594,171.44000244140625,2816.0
2024-10-25 12:45:00+00:00,SRAD,12.390000343322754,12.390000343322754,12.390000343322754,12.380000114440918,12.380000114440918,702.0
2024-10-25 12:45:00+00:00,SSNC,69.72000122070312,69.72000122070312,69.7249984741211,69.69999694824219,69.70999908447266,5267.0
2024-10-25 12:45:00+00:00,STNE,11.5,11.5,11.5,11.494999885559082,11.494999885559082,1198.0
2024-10-25 12:45:00+00:00,STX,103.94000244140625,103.94000244140625,103.98989868164062,103.93399810791016,103.93399810791016,1303.0
2024-10-25 12:45:00+00:00,SURG,1.7400000095367432,1.7400000095367432,1.7400000095367432,1.7400000095367432,1.7400000095367432,200.0
2024-10-25 12:45:00+00:00,SWKS,96.52999877929688,96.52999877929688,96.52999877929688,96.5199966430664,96.52999877929688,2155.0
2024-10-25 12:45:00+00:00,TEAM,190.25999450683594,190.25999450683594,190.25999450683594,190.25999450683594,190.25999450683594,1009.0
2024-10-25 12:45:00+00:00,TENB,41.65999984741211,41.65999984741211,41.709999084472656,41.65999984741211,41.689998626708984,752.0
2024-10-25 12:45:00+00:00,TER,112.84500122070312,112.84500122070312,112.8499984741211,112.83999633789062,112.8499984741211,1030.0
2024-10-25 12:45:00+00:00,TRMB,61.150001525878906,61.150001525878906,61.15999984741211,61.150001525878906,61.15999984741211,640.0
2024-10-25 12:45:00+00:00,TTD,119.55500030517578,119.55500030517578,119.61470031738281,119.5199966430664,119.61470031738281,2257.0
2024-10-25 12:45:00+00:00,TTMI,19.510000228881836,19.510000228881836,19.520000457763672,19.510000228881836,19.520000457763672,731.0
2024-10-25 12:45:00+00:00,TWKS,4.449999809265137,4.449999809265137,4.449999809265137,4.449999809265137,4.449999809265137,5200.0
2024-10-25 12:45:00+00:00,TXN,209.2449951171875,209.2449951171875,209.3000030517578,209.1999969482422,209.25999450683594,5995.0
2024-10-25 12:45:00+00:00,VECO,29.55820083618164,29.55820083618164,29.56999969482422,29.549999237060547,29.56999969482422,1579.0
2024-10-25 12:45:00+00:00,VERX,42.150001525878906,42.150001525878906,42.15449905395508,42.130001068115234,42.130001068115234,1718.0
2024-10-25 12:45:00+00:00,VIAV,9.25,9.25,9.253700256347656,9.25,9.253700256347656,1463.0
2024-10-25 12:45:00+00:00,VMEO,4.784999847412109,4.784999847412109,4.784999847412109,4.784999847412109,4.784999847412109,218.0
2024-10-25 12:45:00+00:00,VNET,3.4749999046325684,3.4749999046325684,3.4749999046325684,3.4749999046325684,3.4749999046325684,846.0
2024-10-25 12:45:00+00:00,VRNS,56.900001525878906,56.900001525878906,56.91999816894531,56.82500076293945,56.86000061035156,7671.0
2024-10-25 12:45:00+00:00,VRNT,22.239999771118164,22.239999771118164,22.239999771118164,22.239999771118164,22.239999771118164,1028.0
2024-10-25 12:45:00+00:00,VRSN,186.0,186.0,186.08999633789062,186.0,186.0800018310547,2598.0
2024-10-25 12:45:00+00:00,VSAT,10.34000015258789,10.34000015258789,10.34000015258789,10.329999923706055,10.329999923706055,631.0
2024-10-25 12:45:00+00:00,VUZI,1.3250000476837158,1.3250000476837158,1.3250000476837158,1.3250000476837158,1.3250000476837158,172.0
2024-10-25 12:45:00+00:00,WDAY,239.59500122070312,239.59500122070312,239.66439819335938,239.50999450683594,239.50999450683594,2233.0
2024-10-25 12:45:00+00:00,WDC,71.25,71.25,71.2699966430664,71.19999694824219,71.26799774169922,8935.0
2024-10-25 12:45:00+00:00,WISA,1.940000057220459,1.940000057220459,1.940000057220459,1.9199999570846558,1.929900050163269,3312.0
2024-10-25 12:45:00+00:00,WLDS,3.450000047683716,3.450000047683716,3.450000047683716,3.450000047683716,3.450000047683716,1256.0
2024-10-25 12:45:00+00:00,XRX,10.069999694824219,10.069999694824219,10.085000038146973,10.069999694824219,10.079999923706055,1223.0
2024-10-25 12:45:00+00:00,ZBRA,363.3999938964844,363.3999938964844,363.3999938964844,363.3999938964844,363.3999938964844,542.0
2024-10-25 12:45:00+00:00,ZI,10.600000381469727,10.600000381469727,10.609999656677246,10.597000122070312,10.609999656677246,13394.0
2024-10-25 12:45:00+00:00,ZM,73.12000274658203,73.12000274658203,73.12000274658203,73.12000274658203,73.12000274658203,1049.0
2024-10-25 12:45:00+00:00,ZS,185.9250030517578,185.9250030517578,185.9250030517578,185.75999450683594,185.8000030517578,1975.0
2024-10-25 12:46:00+00:00,AAOI,17.920000076293945,17.920000076293945,17.940000534057617,17.920000076293945,17.920000076293945,3695.0
2024-10-25 12:46:00+00:00,AAPL,232.72000122070312,232.72000122070312,232.77000427246094,232.6699981689453,232.72979736328125,29764.0
2024-10-25 12:46:00+00:00,ACIW,48.81999969482422,48.81999969482422,48.81999969482422,48.81999969482422,48.81999969482422,613.0
2024-10-25 12:46:00+00:00,ACLS,90.68499755859375,90.68499755859375,90.68499755859375,90.68499755859375,90.68499755859375,223.0
2024-10-25 12:46:00+00:00,ACMR,19.940000534057617,19.940000534057617,19.950000762939453,19.940000534057617,19.950000762939453,1497.0
2024-10-25 12:46:00+00:00,ADBE,485.4700012207031,485.4700012207031,485.9299011230469,485.4700012207031,485.7200012207031,941.0
2024-10-25 12:46:00+00:00,ADI,233.63999938964844,233.63999938964844,233.72250366210938,233.63999938964844,233.6699981689453,2019.0
2024-10-25 12:46:00+00:00,ADTN,6.389999866485596,6.389999866485596,6.389999866485596,6.389999866485596,6.389999866485596,1764.0
2024-10-25 12:46:00+00:00,AEHR,17.40999984741211,17.40999984741211,17.40999984741211,17.3799991607666,17.393999099731445,14918.0
2024-10-25 12:46:00+00:00,AFRM,41.709999084472656,41.709999084472656,41.72999954223633,41.689998626708984,41.720001220703125,12411.0
2024-10-25 12:46:00+00:00,AKTS,0.057100001722574234,0.057100001722574234,0.057100001722574234,0.057100001722574234,0.057100001722574234,50455.0
2024-10-25 12:46:00+00:00,ALGM,22.940000534057617,22.940000534057617,22.959999084472656,22.940000534057617,22.954999923706055,5599.0
2024-10-25 12:46:00+00:00,AMAT,188.80599975585938,188.80599975585938,188.80599975585938,188.65499877929688,188.72999572753906,5981.0
2024-10-25 12:46:00+00:00,AMD,157.8820037841797,157.8820037841797,158.0655059814453,157.8699951171875,158.0655059814453,36724.0
2024-10-25 12:46:00+00:00,AMKR,30.079999923706055,30.079999923706055,30.079999923706055,30.06999969482422,30.06999969482422,1781.0
2024-10-25 12:46:00+00:00,ANSS,326.1000061035156,326.1000061035156,326.1000061035156,326.1000061035156,326.1000061035156,1136.0
2024-10-25 12:46:00+00:00,APCX,0.7400000095367432,0.7400000095367432,0.7400000095367432,0.7400000095367432,0.7400000095367432,5100.0
2024-10-25 12:46:00+00:00,API,2.8350000381469727,2.8350000381469727,2.8350000381469727,2.8299999237060547,2.8299999237060547,9425.0
2024-10-25 12:46:00+00:00,APP,161.97999572753906,161.97999572753906,162.0998992919922,161.97999572753906,162.00999450683594,3841.0
2024-10-25 12:46:00+00:00,APPN,32.099998474121094,32.099998474121094,32.10499954223633,32.099998474121094,32.099998474121094,553.0
2024-10-25 12:46:00+00:00,APPS,3.0739998817443848,3.0739998817443848,3.0739998817443848,3.0739998817443848,3.0739998817443848,1907.0
2024-10-25 12:46:00+00:00,ARRY,6.514999866485596,6.514999866485596,6.535999774932861,6.513999938964844,6.53000020980835,38623.0
2024-10-25 12:46:00+00:00,ASML,718.8599853515625,718.8599853515625,718.8599853515625,718.8599853515625,718.8599853515625,418.0
2024-10-25 12:46:00+00:00,ASNS,1.3450000286102295,1.3450000286102295,1.3450000286102295,1.3450000286102295,1.3450000286102295,2291.0
2024-10-25 12:46:00+00:00,ATOM,3.362499952316284,3.362499952316284,3.369999885559082,3.359999895095825,3.359999895095825,8749.0
2024-10-25 12:46:00+00:00,AUR,6.440000057220459,6.440000057220459,6.445000171661377,6.440000057220459,6.445000171661377,1223.0
2024-10-25 12:46:00+00:00,AVDX,8.145000457763672,8.145000457763672,8.149999618530273,8.145000457763672,8.149999618530273,354.0
2024-10-25 12:46:00+00:00,AVGO,175.86000061035156,175.86000061035156,175.9199981689453,175.86000061035156,175.9199981689453,9035.0
2024-10-25 12:46:00+00:00,BAND,17.700000762939453,17.700000762939453,17.700000762939453,17.700000762939453,17.700000762939453,129.0
2024-10-25 12:46:00+00:00,BMBL,7.224999904632568,7.224999904632568,7.224999904632568,7.21999979019165,7.21999979019165,1349.0
2024-10-25 12:46:00+00:00,BRZE,30.665000915527344,30.665000915527344,30.665000915527344,30.665000915527344,30.665000915527344,878.0
2024-10-25 12:46:00+00:00,BSY,49.11000061035156,49.11000061035156,49.130001068115234,49.11000061035156,49.130001068115234,1532.0
2024-10-25 12:46:00+00:00,CAN,0.9812999963760376,0.9812999963760376,0.9833999872207642,0.9812999963760376,0.9833999872207642,1705.0
2024-10-25 12:46:00+00:00,CDNS,259.57000732421875,259.57000732421875,259.57000732421875,259.57000732421875,259.57000732421875,1175.0
2024-10-25 12:46:00+00:00,CDW,219.6300048828125,219.6300048828125,219.72000122070312,219.6300048828125,219.67999267578125,688.0
2024-10-25 12:46:00+00:00,CETX,0.3010999858379364,0.3010999858379364,0.3010999858379364,0.3010999858379364,0.3010999858379364,503.0
2024-10-25 12:46:00+00:00,CFLT,22.510000228881836,22.510000228881836,22.524999618530273,22.5049991607666,22.520000457763672,3509.0
2024-10-25 12:46:00+00:00,CGNX,39.084999084472656,39.084999084472656,39.084999084472656,39.08000183105469,39.08000183105469,1263.0
2024-10-25 12:46:00+00:00,CHKP,207.42999267578125,207.42999267578125,207.42999267578125,207.36000061035156,207.36000061035156,705.0
2024-10-25 12:46:00+00:00,CLSK,11.925000190734863,11.925000190734863,11.930000305175781,11.890000343322754,11.890000343322754,29265.0
2024-10-25 12:46:00+00:00,COHR,95.02519989013672,95.02519989013672,95.02519989013672,94.93499755859375,94.93499755859375,1653.0
2024-10-25 12:46:00+00:00,COIN,210.10000610351562,210.10000610351562,210.10000610351562,209.72999572753906,209.72999572753906,9995.0
2024-10-25 12:46:00+00:00,COMM,6.338900089263916,6.338900089263916,6.349999904632568,6.315000057220459,6.319699764251709,12047.0
2024-10-25 12:46:00+00:00,CORZ,13.390000343322754,13.390000343322754,13.399999618530273,13.390000343322754,13.399999618530273,2392.0
2024-10-25 12:46:00+00:00,CRCT,6.599999904632568,6.599999904632568,6.599999904632568,6.599999904632568,6.599999904632568,448.0
2024-10-25 12:46:00+00:00,CRNC,2.8550000190734863,2.8550000190734863,2.859999895095825,2.8550000190734863,2.859999895095825,1506.0
2024-10-25 12:46:00+00:00,CRWD,299.4100036621094,299.4100036621094,300.6210021972656,298.4599914550781,300.29998779296875,133780.0
2024-10-25 12:46:00+00:00,CSCO,55.9900016784668,55.9900016784668,56.01499938964844,55.9900016784668,56.0099983215332,17058.0
2024-10-25 12:46:00+00:00,CSIQ,13.739999771118164,13.739999771118164,13.739999771118164,13.739999771118164,13.739999771118164,226.0
2024-10-25 12:46:00+00:00,CTLP,8.925000190734863,8.925000190734863,8.925000190734863,8.925000190734863,8.925000190734863,326.0
2024-10-25 12:46:00+00:00,CTSH,75.02999877929688,75.02999877929688,75.05000305175781,75.02999877929688,75.02999877929688,3219.0
2024-10-25 12:46:00+00:00,DATS,1.684999942779541,1.684999942779541,1.684999942779541,1.684999942779541,1.684999942779541,0.0
2024-10-25 12:46:00+00:00,DDOG,127.2750015258789,127.2750015258789,127.36499786376953,127.25,127.36499786376953,3456.0
2024-10-25 12:46:00+00:00,DLO,8.890000343322754,8.890000343322754,8.890000343322754,8.885000228881836,8.885000228881836,832.0
2024-10-25 12:46:00+00:00,DOCU,69.83000183105469,69.83000183105469,69.8499984741211,69.80000305175781,69.8499984741211,6084.0
2024-10-25 12:46:00+00:00,DOMO,8.020000457763672,8.020000457763672,8.020000457763672,8.020000457763672,8.020000457763672,235.0
2024-10-25 12:46:00+00:00,DOX,89.69499969482422,89.69499969482422,89.69499969482422,89.69499969482422,89.69499969482422,224.0
2024-10-25 12:46:00+00:00,DUOL,290.2799987792969,290.2799987792969,290.2799987792969,290.2799987792969,290.2799987792969,241.0
2024-10-25 12:46:00+00:00,ENPH,83.16000366210938,83.16000366210938,83.20999908447266,83.08000183105469,83.13999938964844,55684.0
2024-10-25 12:46:00+00:00,ENTG,106.13500213623047,106.13500213623047,106.13500213623047,106.11499786376953,106.11499786376953,1032.0
2024-10-25 12:46:00+00:00,ERIC,8.475000381469727,8.475000381469727,8.479999542236328,8.470000267028809,8.479999542236328,13671.0
2024-10-25 12:46:00+00:00,EXFY,1.7201000452041626,1.7201000452041626,1.7201000452041626,1.7201000452041626,1.7201000452041626,571.0
2024-10-25 12:46:00+00:00,EXLS,38.90999984741211,38.90999984741211,38.90999984741211,38.90999984741211,38.90999984741211,344.0
2024-10-25 12:46:00+00:00,EXTR,14.458999633789062,14.458999633789062,14.470000267028809,14.458999633789062,14.470000267028809,1510.0
2024-10-25 12:46:00+00:00,FARO,18.149999618530273,18.149999618530273,18.149999618530273,18.149999618530273,18.149999618530273,1478.0
2024-10-25 12:46:00+00:00,FCUV,0.2587999999523163,0.2587999999523163,0.2587999999523163,0.2587999999523163,0.2587999999523163,402.0
2024-10-25 12:46:00+00:00,FIVN,29.889999389648438,29.889999389648438,29.889999389648438,29.854999542236328,29.854999542236328,5294.0
2024-10-25 12:46:00+00:00,FLEX,35.22999954223633,35.22999954223633,35.25,35.22999954223633,35.25,4276.0
2024-10-25 12:46:00+00:00,FRSH,11.672100067138672,11.672100067138672,11.672100067138672,11.670000076293945,11.670000076293945,601.0
2024-10-25 12:46:00+00:00,FSLR,199.1300048828125,199.1300048828125,199.1300048828125,198.97000122070312,199.06179809570312,4813.0
2024-10-25 12:46:00+00:00,FTNT,81.19499969482422,81.19499969482422,81.20999908447266,81.16999816894531,81.18499755859375,2063.0
2024-10-25 12:46:00+00:00,GCT,24.899999618530273,24.899999618530273,24.899999618530273,24.899999618530273,24.899999618530273,380.0
2024-10-25 12:46:00+00:00,GFS,41.244998931884766,41.244998931884766,41.244998931884766,41.244998931884766,41.244998931884766,1389.0
2024-10-25 12:46:00+00:00,GRAB,4.090000152587891,4.090000152587891,4.090000152587891,4.085000038146973,4.085000038146973,5425.0
2024-10-25 12:46:00+00:00,GRRR,4.505000114440918,4.505000114440918,4.505000114440918,4.505000114440918,4.505000114440918,111.0
2024-10-25 12:46:00+00:00,GTLB,55.31999969482422,55.31999969482422,55.400001525878906,55.31999969482422,55.36909866333008,1175.0
2024-10-25 12:46:00+00:00,HCP,33.68000030517578,33.68000030517578,33.685001373291016,33.68000030517578,33.685001373291016,712.0
2024-10-25 12:46:00+00:00,HOLO,3.6500000953674316,3.6500000953674316,3.6500000953674316,3.6500000953674316,3.6500000953674316,1498.0
2024-10-25 12:46:00+00:00,HOOD,27.315000534057617,27.315000534057617,27.315000534057617,27.315000534057617,27.315000534057617,1225.0
2024-10-25 12:46:00+00:00,IIIV,22.90369987487793,22.90369987487793,22.90369987487793,22.90369987487793,22.90369987487793,358.0
2024-10-25 12:46:00+00:00,INDI,3.575000047683716,3.575000047683716,3.575000047683716,3.575000047683716,3.575000047683716,1992.0
2024-10-25 12:46:00+00:00,INFN,6.789999961853027,6.789999961853027,6.789999961853027,6.789999961853027,6.789999961853027,56.0
2024-10-25 12:46:00+00:00,INOD,20.110000610351562,20.110000610351562,20.139999389648438,20.100000381469727,20.100000381469727,3862.0
2024-10-25 12:46:00+00:00,INSG,20.290000915527344,20.290000915527344,20.290000915527344,20.170000076293945,20.170000076293945,8350.0
2024-10-25 12:46:00+00:00,INTA,50.15999984741211,50.15999984741211,50.15999984741211,50.15999984741211,50.15999984741211,491.0
2024-10-25 12:46:00+00:00,INTC,23.12470054626465,23.12470054626465,23.1299991607666,23.1200008392334,23.1299991607666,21814.0
2024-10-25 12:46:00+00:00,INTU,611.3499755859375,611.3499755859375,611.3499755859375,611.3499755859375,611.3499755859375,1695.0
2024-10-25 12:46:00+00:00,KC,2.7249999046325684,2.7249999046325684,2.7249999046325684,2.7200000286102295,2.7249999046325684,1149.0
2024-10-25 12:46:00+00:00,LINK,4.871099948883057,4.871099948883057,4.871099948883057,4.84060001373291,4.849999904632568,2794.0
2024-10-25 12:46:00+00:00,LITE,64.19999694824219,64.19999694824219,64.19999694824219,64.19999694824219,64.19999694824219,465.0
2024-10-25 12:46:00+00:00,LRCX,79.20999908447266,79.20999908447266,79.23999786376953,79.19999694824219,79.2300033569336,10231.0
2024-10-25 12:46:00+00:00,LSAK,5.309999942779541,5.309999942779541,5.309999942779541,5.309999942779541,5.309999942779541,304.0
2024-10-25 12:46:00+00:00,LSCC,54.63999938964844,54.63999938964844,54.66999816894531,54.63999938964844,54.64500045776367,1322.0
2024-10-25 12:46:00+00:00,LTRX,4.030399799346924,4.030399799346924,4.030399799346924,4.030399799346924,4.030399799346924,713.0
2024-10-25 12:46:00+00:00,LYFT,13.779999732971191,13.779999732971191,13.779999732971191,13.774999618530273,13.779999732971191,8835.0
2024-10-25 12:46:00+00:00,MAXN,5.585000038146973,5.585000038146973,5.585000038146973,5.585000038146973,5.585000038146973,215.0
2024-10-25 12:46:00+00:00,MCHP,77.13500213623047,77.13500213623047,77.1449966430664,77.12999725341797,77.13999938964844,3220.0
2024-10-25 12:46:00+00:00,MKSI,101.47000122070312,101.47000122070312,101.5,101.47000122070312,101.5,1287.0
2024-10-25 12:46:00+00:00,MNDY,298.3324890136719,298.3324890136719,298.3324890136719,298.1700134277344,298.17999267578125,2478.0
2024-10-25 12:46:00+00:00,MPWR,923.9500122070312,923.9500122070312,923.9500122070312,923.4210205078125,923.9199829101562,483.0
2024-10-25 12:46:00+00:00,MRVL,83.19999694824219,83.19999694824219,83.2249984741211,83.18000030517578,83.22000122070312,14907.0
2024-10-25 12:46:00+00:00,MSFT,430.5299987792969,430.5299987792969,430.54998779296875,430.4205017089844,430.4750061035156,7654.0
2024-10-25 12:46:00+00:00,MSTR,239.8800048828125,239.8800048828125,240.08999633789062,239.66000366210938,239.66000366210938,23217.0
2024-10-25 12:46:00+00:00,MTTR,4.65749979019165,4.65749979019165,4.65749979019165,4.65749979019165,4.65749979019165,455.0
2024-10-25 12:46:00+00:00,MU,109.08999633789062,109.08999633789062,109.13999938964844,109.08999633789062,109.11000061035156,9874.0
2024-10-25 12:46:00+00:00,MVIS,1.100000023841858,1.100000023841858,1.100000023841858,1.100000023841858,1.100000023841858,0.0
2024-10-25 12:46:00+00:00,MXL,15.109999656677246,15.109999656677246,15.130000114440918,15.109999656677246,15.130000114440918,1133.0
2024-10-25 12:46:00+00:00,NICE,176.63999938964844,176.63999938964844,176.63999938964844,176.61000061035156,176.6199951171875,1357.0
2024-10-25 12:46:00+00:00,NNDM,2.321000099182129,2.321000099182129,2.325000047683716,2.321000099182129,2.325000047683716,2198.0
2024-10-25 12:46:00+00:00,NTAP,120.44999694824219,120.44999694824219,120.5,120.44999694824219,120.48999786376953,1301.0
2024-10-25 12:46:00+00:00,NTNX,62.16999816894531,62.16999816894531,62.16999816894531,62.16999816894531,62.16999816894531,268.0
2024-10-25 12:46:00+00:00,NVDA,143.3730010986328,143.3730010986328,143.4199981689453,143.36000061035156,143.40989685058594,158423.0
2024-10-25 12:46:00+00:00,NVEI,33.525001525878906,33.525001525878906,33.525001525878906,33.525001525878906,33.525001525878906,410.0
2024-10-25 12:46:00+00:00,NVTS,2.6050000190734863,2.6050000190734863,2.6050000190734863,2.6050000190734863,2.6050000190734863,199.0
2024-10-25 12:46:00+00:00,NXPI,245.55999755859375,245.55999755859375,245.57000732421875,245.55999755859375,245.57000732421875,1819.0
2024-10-25 12:46:00+00:00,OKTA,72.55999755859375,72.55999755859375,72.58999633789062,72.55999755859375,72.58999633789062,873.0
2024-10-25 12:46:00+00:00,ON,72.05000305175781,72.05000305175781,72.08000183105469,72.03500366210938,72.05999755859375,13349.0
2024-10-25 12:46:00+00:00,OSIS,135.5,135.5,135.5,135.33999633789062,135.33999633789062,1441.0
2024-10-25 12:46:00+00:00,OSS,2.4100000858306885,2.4100000858306885,2.4200000762939453,2.4100000858306885,2.4200000762939453,649.0
2024-10-25 12:46:00+00:00,OTEX,33.400001525878906,33.400001525878906,33.400001525878906,33.400001525878906,33.400001525878906,195.0
2024-10-25 12:46:00+00:00,PALT,1.940000057220459,1.940000057220459,1.9600000381469727,1.940000057220459,1.9600000381469727,1256.0
2024-10-25 12:46:00+00:00,PANW,369.19000244140625,369.19000244140625,369.239990234375,369.125,369.125,1464.0
2024-10-25 12:46:00+00:00,PAYO,8.3100004196167,8.3100004196167,8.3100004196167,8.3100004196167,8.3100004196167,204.0
2024-10-25 12:46:00+00:00,PEGA,80.50499725341797,80.50499725341797,80.50499725341797,80.50499725341797,80.50499725341797,1174.0
2024-10-25 12:46:00+00:00,PGY,11.84000015258789,11.84000015258789,11.84000015258789,11.84000015258789,11.84000015258789,2429.0
2024-10-25 12:46:00+00:00,PHUN,10.109999656677246,10.109999656677246,10.20989990234375,10.0600004196167,10.20989990234375,64425.0
2024-10-25 12:46:00+00:00,PI,204.2100067138672,204.2100067138672,204.2100067138672,204.2100067138672,204.2100067138672,211.0
2024-10-25 12:46:00+00:00,POET,3.890000104904175,3.890000104904175,3.890000104904175,3.890000104904175,3.890000104904175,1113.0
2024-10-25 12:46:00+00:00,PTC,187.14999389648438,187.14999389648438,187.14999389648438,187.08999633789062,187.13499450683594,791.0
2024-10-25 12:46:00+00:00,QCOM,172.8000030517578,172.8000030517578,172.8300018310547,172.75999450683594,172.77999877929688,3717.0
2024-10-25 12:46:00+00:00,QRVO,100.5,100.5,100.5,100.44000244140625,100.44999694824219,3067.0
2024-10-25 12:46:00+00:00,QUBT,1.065000057220459,1.065000057220459,1.065000057220459,1.065000057220459,1.065000057220459,210.0
2024-10-25 12:46:00+00:00,RDWR,22.280000686645508,22.280000686645508,22.280000686645508,22.280000686645508,22.280000686645508,122.0
2024-10-25 12:46:00+00:00,RELY,14.845000267028809,14.845000267028809,14.845000267028809,14.845000267028809,14.845000267028809,298.0
2024-10-25 12:46:00+00:00,RGTI,1.2200000286102295,1.2200000286102295,1.2200000286102295,1.2100000381469727,1.2101000547409058,1476.0
2024-10-25 12:46:00+00:00,RIOT,10.053999900817871,10.053999900817871,10.0600004196167,10.029999732971191,10.029999732971191,22557.0
2024-10-25 12:46:00+00:00,RMBS,43.56999969482422,43.56999969482422,43.56999969482422,43.56999969482422,43.56999969482422,1126.0
2024-10-25 12:46:00+00:00,RMNI,1.7300000190734863,1.7300000190734863,1.7300000190734863,1.7300000190734863,1.7300000190734863,4.0
2024-10-25 12:46:00+00:00,RPAY,7.599999904632568,7.599999904632568,7.599999904632568,7.599999904632568,7.599999904632568,353.0
2024-10-25 12:46:00+00:00,RUM,5.710000038146973,5.710000038146973,5.710000038146973,5.710000038146973,5.710000038146973,240.0
2024-10-25 12:46:00+00:00,RUN,14.380000114440918,14.380000114440918,14.388400077819824,14.380000114440918,14.380000114440918,11868.0
2024-10-25 12:46:00+00:00,SEDG,16.149999618530273,16.149999618530273,16.170000076293945,16.149999618530273,16.149999618530273,3029.0
2024-10-25 12:46:00+00:00,SHLS,5.309999942779541,5.309999942779541,5.309999942779541,5.309999942779541,5.309999942779541,3598.0
2024-10-25 12:46:00+00:00,SLNH,4.139999866485596,4.139999866485596,4.139999866485596,4.139999866485596,4.139999866485596,843.0
2024-10-25 12:46:00+00:00,SMCI,47.790000915527344,47.790000915527344,47.849998474121094,47.790000915527344,47.83000183105469,33593.0
2024-10-25 12:46:00+00:00,SONO,12.845000267028809,12.845000267028809,12.845000267028809,12.84000015258789,12.84000015258789,1424.0
2024-10-25 12:46:00+00:00,SOUN,5.255000114440918,5.255000114440918,5.2600998878479,5.250999927520752,5.260000228881836,57443.0
2024-10-25 12:46:00+00:00,SPSC,171.81500244140625,171.81500244140625,171.89999389648438,171.2050018310547,171.2050018310547,2155.0
2024-10-25 12:46:00+00:00,SRAD,12.385000228881836,12.385000228881836,12.385000228881836,12.385000228881836,12.385000228881836,751.0
2024-10-25 12:46:00+00:00,SSNC,69.74500274658203,69.74500274658203,69.75,69.69499969482422,69.69999694824219,6285.0
2024-10-25 12:46:00+00:00,STNE,11.5,11.5,11.510000228881836,11.494999885559082,11.494999885559082,7013.0
2024-10-25 12:46:00+00:00,STX,103.88999938964844,103.88999938964844,103.97000122070312,103.88999938964844,103.89009857177734,1953.0
2024-10-25 12:46:00+00:00,SWKS,96.56999969482422,96.56999969482422,96.56999969482422,96.52999877929688,96.52999877929688,1854.0
2024-10-25 12:46:00+00:00,SYTA,1.2800999879837036,1.2800999879837036,1.2800999879837036,1.2800999879837036,1.2800999879837036,101.0
2024-10-25 12:46:00+00:00,TEAM,190.2949981689453,190.2949981689453,190.2949981689453,190.2949981689453,190.2949981689453,699.0
2024-10-25 12:46:00+00:00,TENB,41.63999938964844,41.63999938964844,41.68000030517578,41.630001068115234,41.630001068115234,519.0
2024-10-25 12:46:00+00:00,TER,112.83000183105469,112.83000183105469,112.83999633789062,112.80999755859375,112.83000183105469,1803.0
2024-10-25 12:46:00+00:00,TLS,3.634999990463257,3.634999990463257,3.634999990463257,3.634999990463257,3.634999990463257,2164.0
2024-10-25 12:46:00+00:00,TRMB,61.11000061035156,61.11000061035156,61.13999938964844,61.11000061035156,61.13999938964844,1028.0
2024-10-25 12:46:00+00:00,TTD,119.55000305175781,119.55000305175781,119.56400299072266,119.55000305175781,119.56400299072266,571.0
2024-10-25 12:46:00+00:00,TTMI,19.549999237060547,19.549999237060547,19.549999237060547,19.520000457763672,19.520000457763672,2297.0
2024-10-25 12:46:00+00:00,TWKS,4.449999809265137,4.449999809265137,4.449999809265137,4.449999809265137,4.449999809265137,1040.0
2024-10-25 12:46:00+00:00,TXN,209.1999969482422,209.1999969482422,209.22999572753906,209.1300048828125,209.2100067138672,9692.0
2024-10-25 12:46:00+00:00,UCTT,36.099998474121094,36.099998474121094,36.11000061035156,36.099998474121094,36.11000061035156,859.0
2024-10-25 12:46:00+00:00,VECO,29.540000915527344,29.540000915527344,29.559999465942383,29.540000915527344,29.558000564575195,2566.0
2024-10-25 12:46:00+00:00,VERI,3.4149999618530273,3.4149999618530273,3.4149999618530273,3.4149999618530273,3.4149999618530273,141.0
2024-10-25 12:46:00+00:00,VMEO,4.784999847412109,4.784999847412109,4.784999847412109,4.78000020980835,4.78000020980835,1255.0
2024-10-25 12:46:00+00:00,VNET,3.4749999046325684,3.4749999046325684,3.4800000190734863,3.4749999046325684,3.4749999046325684,15935.0
2024-10-25 12:46:00+00:00,VRNS,56.92499923706055,56.92499923706055,56.939998626708984,56.900001525878906,56.904998779296875,1891.0
2024-10-25 12:46:00+00:00,VRNT,22.2549991607666,22.2549991607666,22.2549991607666,22.2549991607666,22.2549991607666,114.0
2024-10-25 12:46:00+00:00,VSAT,10.3100004196167,10.3100004196167,10.331600189208984,10.3100004196167,10.329999923706055,5321.0
2024-10-25 12:46:00+00:00,WDC,71.08999633789062,71.08999633789062,71.25,71.08999633789062,71.23799896240234,12213.0
2024-10-25 12:46:00+00:00,WISA,1.940000057220459,1.940000057220459,1.940000057220459,1.9366999864578247,1.940000057220459,1609.0
2024-10-25 12:46:00+00:00,WIX,165.2899932861328,165.2899932861328,165.2899932861328,165.10000610351562,165.10000610351562,3375.0
2024-10-25 12:46:00+00:00,XPER,9.414799690246582,9.414799690246582,9.414799690246582,9.414799690246582,9.414799690246582,274.0
2024-10-25 12:46:00+00:00,XRX,10.074999809265137,10.074999809265137,10.074999809265137,10.074999809265137,10.074999809265137,153.0
2024-10-25 12:46:00+00:00,ZBRA,362.989990234375,362.989990234375,363.3399963378906,362.989990234375,363.3399963378906,7413.0
2024-10-25 12:46:00+00:00,ZI,10.5600004196167,10.5600004196167,10.585000038146973,10.5600004196167,10.585000038146973,11268.0
2024-10-25 12:46:00+00:00,ZM,73.12999725341797,73.12999725341797,73.12999725341797,73.12999725341797,73.12999725341797,1527.0
2024-10-25 12:46:00+00:00,ZS,185.86810302734375,185.86810302734375,185.86810302734375,185.75999450683594,185.75999450683594,1199.0
2024-10-25 12:47:00+00:00,AAOI,17.90999984741211,17.90999984741211,17.929899215698242,17.899999618530273,17.920000076293945,2585.0
2024-10-25 12:47:00+00:00,AAPL,232.7698974609375,232.7698974609375,232.7698974609375,232.7100067138672,232.72500610351562,17689.0
2024-10-25 12:47:00+00:00,ADBE,485.635009765625,485.635009765625,485.635009765625,485.385009765625,485.385009765625,628.0
2024-10-25 12:47:00+00:00,ADI,233.65499877929688,233.65499877929688,233.67999267578125,233.65499877929688,233.67999267578125,746.0
2024-10-25 12:47:00+00:00,ADSK,287.1000061035156,287.1000061035156,287.1000061035156,287.1000061035156,287.1000061035156,1161.0
2024-10-25 12:47:00+00:00,AEHR,17.385000228881836,17.385000228881836,17.40999984741211,17.385000228881836,17.399999618530273,3453.0
2024-10-25 12:47:00+00:00,AFRM,41.69499969482422,41.69499969482422,41.709999084472656,41.689998626708984,41.709999084472656,2770.0
2024-10-25 12:47:00+00:00,AKAM,102.79000091552734,102.79000091552734,102.80999755859375,102.79000091552734,102.80999755859375,1807.0
2024-10-25 12:47:00+00:00,ALGM,22.954999923706055,22.954999923706055,22.954999923706055,22.920000076293945,22.94179916381836,7058.0
2024-10-25 12:47:00+00:00,AMAT,188.74009704589844,188.74009704589844,188.82000732421875,188.74000549316406,188.75,2844.0
2024-10-25 12:47:00+00:00,AMD,157.89849853515625,157.89849853515625,157.92999267578125,157.86000061035156,157.86500549316406,18829.0
2024-10-25 12:47:00+00:00,ANSS,326.1300048828125,326.1300048828125,326.1300048828125,326.1300048828125,326.1300048828125,1599.0
2024-10-25 12:47:00+00:00,API,2.8350000381469727,2.8350000381469727,2.8350000381469727,2.8350000381469727,2.8350000381469727,503.0
2024-10-25 12:47:00+00:00,APP,161.89999389648438,161.89999389648438,162.05999755859375,161.89999389648438,162.0200958251953,2998.0
2024-10-25 12:47:00+00:00,APPN,32.1150016784668,32.1150016784668,32.1150016784668,32.1150016784668,32.1150016784668,1427.0
2024-10-25 12:47:00+00:00,ARQQ,7.090000152587891,7.090000152587891,7.090000152587891,7.090000152587891,7.090000152587891,226.0
2024-10-25 12:47:00+00:00,ARRY,6.53000020980835,6.53000020980835,6.53000020980835,6.514999866485596,6.514999866485596,18128.0
2024-10-25 12:47:00+00:00,ASML,718.8300170898438,718.8300170898438,718.8300170898438,718.8300170898438,718.8300170898438,1500.0
2024-10-25 12:47:00+00:00,AUR,6.445000171661377,6.445000171661377,6.445000171661377,6.445000171661377,6.445000171661377,248.0
2024-10-25 12:47:00+00:00,AVDX,8.145000457763672,8.145000457763672,8.149999618530273,8.145000457763672,8.149999618530273,212.0
2024-10-25 12:47:00+00:00,AVGO,175.78399658203125,175.78399658203125,175.8800048828125,175.77000427246094,175.8800048828125,17312.0
2024-10-25 12:47:00+00:00,AVT,54.060001373291016,54.060001373291016,54.084999084472656,54.060001373291016,54.084999084472656,795.0
2024-10-25 12:47:00+00:00,BELFB,79.57129669189453,79.57129669189453,79.57129669189453,79.57129669189453,79.57129669189453,640.0
2024-10-25 12:47:00+00:00,BLZE,7.239999771118164,7.239999771118164,7.243500232696533,7.239999771118164,7.243500232696533,9325.0
2024-10-25 12:47:00+00:00,BMBL,7.224999904632568,7.224999904632568,7.224999904632568,7.224999904632568,7.224999904632568,450.0
2024-10-25 12:47:00+00:00,BRZE,30.6299991607666,30.6299991607666,30.665000915527344,30.6299991607666,30.649999618530273,2809.0
2024-10-25 12:47:00+00:00,BSY,49.111900329589844,49.111900329589844,49.119998931884766,49.111900329589844,49.119998931884766,929.0
2024-10-25 12:47:00+00:00,CAN,0.984499990940094,0.984499990940094,0.984499990940094,0.984499990940094,0.984499990940094,289.0
2024-10-25 12:47:00+00:00,CDNS,259.57501220703125,259.57501220703125,259.6050109863281,259.510009765625,259.510009765625,4603.0
2024-10-25 12:47:00+00:00,CDW,219.71499633789062,219.71499633789062,219.76499938964844,219.64999389648438,219.71499633789062,13699.0
2024-10-25 12:47:00+00:00,CETX,0.3010999858379364,0.3010999858379364,0.3010999858379364,0.3010999858379364,0.3010999858379364,3043.0
2024-10-25 12:47:00+00:00,CFLT,22.4950008392334,22.4950008392334,22.514999389648438,22.489999771118164,22.514999389648438,5154.0
2024-10-25 12:47:00+00:00,CLSK,11.923999786376953,11.923999786376953,11.930000305175781,11.910099983215332,11.920000076293945,17166.0
2024-10-25 12:47:00+00:00,CNDT,3.6549999713897705,3.6549999713897705,3.6549999713897705,3.6549999713897705,3.6549999713897705,592.0
2024-10-25 12:47:00+00:00,CNXC,45.04999923706055,45.04999923706055,45.04999923706055,45.04999923706055,45.04999923706055,791.0
2024-10-25 12:47:00+00:00,COHR,95.2699966430664,95.2699966430664,95.30999755859375,95.0,95.0,159465.0
2024-10-25 12:47:00+00:00,COIN,210.18930053710938,210.18930053710938,210.24899291992188,210.0,210.0,11270.0
2024-10-25 12:47:00+00:00,COMM,6.324999809265137,6.324999809265137,6.335000038146973,6.324999809265137,6.329999923706055,3530.0
2024-10-25 12:47:00+00:00,CORZ,13.375,13.375,13.390000343322754,13.375,13.390000343322754,1739.0
2024-10-25 12:47:00+00:00,CORZW,7.830100059509277,7.830100059509277,7.830100059509277,7.830100059509277,7.830100059509277,948.0
2024-10-25 12:47:00+00:00,CRDO,39.74399948120117,39.74399948120117,39.75,39.74399948120117,39.75,462.0
2024-10-25 12:47:00+00:00,CRNC,2.8550000190734863,2.8550000190734863,2.8550000190734863,2.8550000190734863,2.8550000190734863,445.0
2024-10-25 12:47:00+00:00,CRSR,6.409999847412109,6.409999847412109,6.409999847412109,6.409999847412109,6.409999847412109,232.0
2024-10-25 12:47:00+00:00,CRWD,297.1400146484375,297.1400146484375,299.8900146484375,296.739990234375,299.5768127441406,130150.0
2024-10-25 12:47:00+00:00,CSCO,55.96900177001953,55.96900177001953,55.994998931884766,55.96179962158203,55.994998931884766,8584.0
2024-10-25 12:47:00+00:00,CSGS,47.66999816894531,47.66999816894531,47.66999816894531,47.66999816894531,47.66999816894531,414.0
2024-10-25 12:47:00+00:00,CSIQ,13.680000305175781,13.680000305175781,13.720000267028809,13.680000305175781,13.720000267028809,4198.0
2024-10-25 12:47:00+00:00,CTSH,74.9800033569336,74.9800033569336,75.02999877929688,74.9800033569336,75.0199966430664,4998.0
2024-10-25 12:47:00+00:00,DAIO,2.5,2.5,2.5,2.5,2.5,0.0
2024-10-25 12:47:00+00:00,DBX,26.045000076293945,26.045000076293945,26.049999237060547,26.040000915527344,26.049999237060547,8102.0
2024-10-25 12:47:00+00:00,DDOG,127.19999694824219,127.19999694824219,127.28500366210938,127.19999694824219,127.28500366210938,12126.0
2024-10-25 12:47:00+00:00,DGHI,1.5855000019073486,1.5855000019073486,1.600000023841858,1.5855000019073486,1.600000023841858,5690.0
2024-10-25 12:47:00+00:00,DOCU,69.83999633789062,69.83999633789062,69.86000061035156,69.83999633789062,69.86000061035156,1503.0
2024-10-25 12:47:00+00:00,DOX,89.69999694824219,89.69999694824219,89.69999694824219,89.69999694824219,89.69999694824219,559.0
2024-10-25 12:47:00+00:00,DUOL,289.9599914550781,289.9599914550781,290.20001220703125,289.9599914550781,290.20001220703125,375.0
2024-10-25 12:47:00+00:00,EEFT,99.71499633789062,99.71499633789062,99.71499633789062,99.71499633789062,99.71499633789062,736.0
2024-10-25 12:47:00+00:00,ENPH,83.1500015258789,83.1500015258789,83.1500015258789,83.13600158691406,83.13600158691406,943.0
2024-10-25 12:47:00+00:00,ENTG,106.13500213623047,106.13500213623047,106.13500213623047,106.13500213623047,106.13500213623047,543.0
2024-10-25 12:47:00+00:00,ERIC,8.484999656677246,8.484999656677246,8.486000061035156,8.47070026397705,8.479999542236328,80542.0
2024-10-25 12:47:00+00:00,EXFY,1.725000023841858,1.725000023841858,1.725000023841858,1.725000023841858,1.725000023841858,216.0
2024-10-25 12:47:00+00:00,FFIV,216.72999572753906,216.72999572753906,216.88999938964844,216.72999572753906,216.88999938964844,944.0
2024-10-25 12:47:00+00:00,FIVN,29.889999389648438,29.889999389648438,29.90999984741211,29.889999389648438,29.90999984741211,830.0
2024-10-25 12:47:00+00:00,FLEX,35.19499969482422,35.19499969482422,35.22999954223633,35.16999816894531,35.22999954223633,10614.0
2024-10-25 12:47:00+00:00,FLYW,17.475000381469727,17.475000381469727,17.475000381469727,17.475000381469727,17.475000381469727,324.0
2024-10-25 12:47:00+00:00,FRSH,11.664999961853027,11.664999961853027,11.670000076293945,11.664999961853027,11.670000076293945,3230.0
2024-10-25 12:47:00+00:00,FSLR,199.02000427246094,199.02000427246094,199.1300048828125,199.02000427246094,199.1300048828125,739.0
2024-10-25 12:47:00+00:00,FTNT,81.1500015258789,81.1500015258789,81.19000244140625,81.1500015258789,81.18000030517578,3793.0
2024-10-25 12:47:00+00:00,GCT,24.90999984741211,24.90999984741211,24.90999984741211,24.90999984741211,24.90999984741211,249.0
2024-10-25 12:47:00+00:00,GDS,21.600000381469727,21.600000381469727,21.600000381469727,21.59000015258789,21.59000015258789,6183.0
2024-10-25 12:47:00+00:00,GDYN,15.569999694824219,15.569999694824219,15.569999694824219,15.569999694824219,15.569999694824219,238.0
2024-10-25 12:47:00+00:00,GFS,41.269901275634766,41.269901275634766,41.269901275634766,41.2599983215332,41.2599983215332,1285.0
2024-10-25 12:47:00+00:00,GPRO,1.340000033378601,1.340000033378601,1.340000033378601,1.340000033378601,1.340000033378601,233.0
2024-10-25 12:47:00+00:00,GRAB,4.090000152587891,4.090000152587891,4.090000152587891,4.085000038146973,4.090000152587891,11704.0
2024-10-25 12:47:00+00:00,GRRR,4.507500171661377,4.507500171661377,4.53000020980835,4.505000114440918,4.505000114440918,5057.0
2024-10-25 12:47:00+00:00,GSIT,3.450000047683716,3.450000047683716,3.4600000381469727,3.450000047683716,3.4600000381469727,400.0
2024-10-25 12:47:00+00:00,GVP,4.610000133514404,4.610000133514404,4.610000133514404,4.610000133514404,4.610000133514404,200.0
2024-10-25 12:47:00+00:00,HCP,33.685001373291016,33.685001373291016,33.689998626708984,33.68000030517578,33.689998626708984,2989.0
2024-10-25 12:47:00+00:00,HIMX,6.179999828338623,6.179999828338623,6.179999828338623,6.179999828338623,6.179999828338623,122.0
2024-10-25 12:47:00+00:00,HLIT,14.789999961853027,14.789999961853027,14.800000190734863,14.789999961853027,14.789999961853027,1494.0
2024-10-25 12:47:00+00:00,HOLO,3.630000114440918,3.630000114440918,3.6500000953674316,3.630000114440918,3.6500000953674316,11037.0
2024-10-25 12:47:00+00:00,HOOD,27.31999969482422,27.31999969482422,27.325000762939453,27.315000534057617,27.315000534057617,8044.0
2024-10-25 12:47:00+00:00,INFN,6.795000076293945,6.795000076293945,6.795000076293945,6.795000076293945,6.795000076293945,523.0
2024-10-25 12:47:00+00:00,INSG,20.290000915527344,20.290000915527344,20.299999237060547,20.290000915527344,20.299999237060547,334.0
2024-10-25 12:47:00+00:00,INTA,50.029998779296875,50.029998779296875,50.13999938964844,50.029998779296875,50.13999938964844,3566.0
2024-10-25 12:47:00+00:00,INTC,23.127300262451172,23.127300262451172,23.127300262451172,23.1200008392334,23.125,18764.0
2024-10-25 12:47:00+00:00,INTU,611.260009765625,611.260009765625,611.260009765625,611.260009765625,611.260009765625,582.0
2024-10-25 12:47:00+00:00,ITI,7.199999809265137,7.199999809265137,7.199999809265137,7.199999809265137,7.199999809265137,506.0
2024-10-25 12:47:00+00:00,KC,2.7249999046325684,2.7249999046325684,2.7249999046325684,2.7249999046325684,2.7249999046325684,442.0
2024-10-25 12:47:00+00:00,KLIC,44.41999816894531,44.41999816894531,44.41999816894531,44.41999816894531,44.41999816894531,301.0
2024-10-25 12:47:00+00:00,KVHI,4.670000076293945,4.670000076293945,4.670000076293945,4.670000076293945,4.670000076293945,1151.0
2024-10-25 12:47:00+00:00,LINK,4.989999771118164,4.989999771118164,4.989999771118164,4.889999866485596,4.889999866485596,2115.0
2024-10-25 12:47:00+00:00,LITE,64.22000122070312,64.22000122070312,64.22000122070312,64.20999908447266,64.21990203857422,2236.0
2024-10-25 12:47:00+00:00,LRCX,79.23999786376953,79.23999786376953,79.25,79.21499633789062,79.22000122070312,10491.0
2024-10-25 12:47:00+00:00,LSCC,54.66999816894531,54.66999816894531,54.70000076293945,54.63999938964844,54.64500045776367,7368.0
2024-10-25 12:47:00+00:00,LYFT,13.774999618530273,13.774999618530273,13.779800415039062,13.774999618530273,13.779800415039062,3726.0
2024-10-25 12:47:00+00:00,MANH,275.5450134277344,275.5450134277344,275.7099914550781,275.5450134277344,275.7099914550781,990.0
2024-10-25 12:47:00+00:00,MAPS,0.847100019454956,0.847100019454956,0.847100019454956,0.847100019454956,0.847100019454956,1079.0
2024-10-25 12:47:00+00:00,MAXN,5.594699859619141,5.594699859619141,5.594699859619141,5.594699859619141,5.594699859619141,239.0
2024-10-25 12:47:00+00:00,MCHP,77.15499877929688,77.15499877929688,77.15499877929688,77.12999725341797,77.12999725341797,3285.0
2024-10-25 12:47:00+00:00,MDB,267.3500061035156,267.3500061035156,267.3500061035156,267.3500061035156,267.3500061035156,381.0
2024-10-25 12:47:00+00:00,MITK,8.781999588012695,8.781999588012695,8.781999588012695,8.781999588012695,8.781999588012695,267.0
2024-10-25 12:47:00+00:00,MKSI,101.47000122070312,101.47000122070312,101.47000122070312,101.47000122070312,101.47000122070312,200.0
2024-10-25 12:47:00+00:00,MRVL,83.19999694824219,83.19999694824219,83.21499633789062,83.17500305175781,83.20999908447266,7230.0
2024-10-25 12:47:00+00:00,MSFT,430.5299987792969,430.5299987792969,430.57000732421875,430.4549865722656,430.5260009765625,9934.0
2024-10-25 12:47:00+00:00,MSTR,239.6501007080078,239.6501007080078,240.0,239.6199951171875,239.98480224609375,19646.0
2024-10-25 12:47:00+00:00,MTC,0.36910000443458557,0.36910000443458557,0.3693999946117401,0.36910000443458557,0.3693999946117401,2674.0
2024-10-25 12:47:00+00:00,MTSI,120.7699966430664,120.7699966430664,120.7699966430664,120.7699966430664,120.7699966430664,624.0
2024-10-25 12:47:00+00:00,MU,108.98200225830078,108.98200225830078,109.04000091552734,108.98200225830078,109.04000091552734,9634.0
2024-10-25 12:47:00+00:00,MXL,15.100000381469727,15.100000381469727,15.109999656677246,15.100000381469727,15.104999542236328,2092.0
2024-10-25 12:47:00+00:00,NCNO,37.78499984741211,37.78499984741211,37.78810119628906,37.77000045776367,37.78810119628906,781.0
2024-10-25 12:47:00+00:00,NICE,176.71499633789062,176.71499633789062,176.71499633789062,176.71499633789062,176.71499633789062,275.0
2024-10-25 12:47:00+00:00,NTAP,120.41999816894531,120.41999816894531,120.44000244140625,120.41999816894531,120.44000244140625,627.0
2024-10-25 12:47:00+00:00,NTCT,20.71500015258789,20.71500015258789,20.71500015258789,20.71500015258789,20.71500015258789,1157.0
2024-10-25 12:47:00+00:00,NTNX,62.165000915527344,62.165000915527344,62.165000915527344,62.162498474121094,62.162498474121094,575.0
2024-10-25 12:47:00+00:00,NVDA,143.34010314941406,143.34010314941406,143.38999938964844,143.32000732421875,143.375,163443.0
2024-10-25 12:47:00+00:00,NVEI,33.525001525878906,33.525001525878906,33.525001525878906,33.525001525878906,33.525001525878906,105.0
2024-10-25 12:47:00+00:00,NVTS,2.6050000190734863,2.6050000190734863,2.6050000190734863,2.6050000190734863,2.6050000190734863,2153.0
2024-10-25 12:47:00+00:00,NXPI,245.5399932861328,245.5399932861328,245.5399932861328,245.5399932861328,245.5399932861328,769.0
2024-10-25 12:47:00+00:00,OKTA,72.54000091552734,72.54000091552734,72.54000091552734,72.54000091552734,72.54000091552734,679.0
2024-10-25 12:47:00+00:00,ON,72.1050033569336,72.1050033569336,72.11000061035156,72.04000091552734,72.05000305175781,12324.0
2024-10-25 12:47:00+00:00,PANW,368.7300109863281,368.7300109863281,369.1099853515625,368.7300109863281,368.9919128417969,2668.0
2024-10-25 12:47:00+00:00,PAYO,8.305000305175781,8.305000305175781,8.305000305175781,8.305000305175781,8.305000305175781,454.0
2024-10-25 12:47:00+00:00,PAYS,3.759999990463257,3.759999990463257,3.759999990463257,3.759999990463257,3.759999990463257,219.0
2024-10-25 12:47:00+00:00,PEGA,80.44999694824219,80.44999694824219,80.50499725341797,80.44000244140625,80.50499725341797,3922.0
2024-10-25 12:47:00+00:00,PHUN,10.204999923706055,10.204999923706055,10.220000267028809,10.09000015258789,10.100099563598633,31235.0
2024-10-25 12:47:00+00:00,PI,204.21499633789062,204.21499633789062,204.21499633789062,204.21499633789062,204.21499633789062,3562.0
2024-10-25 12:47:00+00:00,PLUS,98.18569946289062,98.18569946289062,98.18569946289062,98.18569946289062,98.18569946289062,105.0
2024-10-25 12:47:00+00:00,POET,3.890899896621704,3.890899896621704,3.9000000953674316,3.8907999992370605,3.8907999992370605,2436.0
2024-10-25 12:47:00+00:00,PTC,187.13250732421875,187.13250732421875,187.13250732421875,187.13250732421875,187.13250732421875,200.0
2024-10-25 12:47:00+00:00,QCOM,172.8000030517578,172.8000030517578,172.82989501953125,172.7899932861328,172.80499267578125,6755.0
2024-10-25 12:47:00+00:00,QRVO,100.50849914550781,100.50849914550781,100.50849914550781,100.50849914550781,100.50849914550781,248.0
2024-10-25 12:47:00+00:00,QUBT,1.0687999725341797,1.0687999725341797,1.0687999725341797,1.0687999725341797,1.0687999725341797,200.0
2024-10-25 12:47:00+00:00,RCAT,2.7697999477386475,2.7697999477386475,2.7697999477386475,2.759999990463257,2.759999990463257,1737.0
2024-10-25 12:47:00+00:00,REFR,2.187999963760376,2.187999963760376,2.187999963760376,2.184999942779541,2.184999942779541,307.0
2024-10-25 12:47:00+00:00,RELY,14.84000015258789,14.84000015258789,14.845000267028809,14.84000015258789,14.845000267028809,1534.0
2024-10-25 12:47:00+00:00,RGTI,1.215000033378601,1.215000033378601,1.215000033378601,1.215000033378601,1.215000033378601,5933.0
2024-10-25 12:47:00+00:00,RIOT,10.0600004196167,10.0600004196167,10.0600004196167,10.050000190734863,10.055000305175781,22259.0
2024-10-25 12:47:00+00:00,RMBS,43.54999923706055,43.54999923706055,43.54999923706055,43.54999923706055,43.54999923706055,2074.0
2024-10-25 12:47:00+00:00,RUN,14.375,14.375,14.375,14.369999885559082,14.369999885559082,1632.0
2024-10-25 12:47:00+00:00,RXT,2.5399999618530273,2.5399999618530273,2.5399999618530273,2.5399999618530273,2.5399999618530273,274.0
2024-10-25 12:47:00+00:00,SATS,25.092500686645508,25.092500686645508,25.092500686645508,25.092500686645508,25.092500686645508,598.0
2024-10-25 12:47:00+00:00,SEDG,16.170000076293945,16.170000076293945,16.170000076293945,16.145999908447266,16.149999618530273,2877.0
2024-10-25 12:47:00+00:00,SIMO,57.2400016784668,57.2400016784668,57.27000045776367,57.220001220703125,57.220001220703125,5142.0
2024-10-25 12:47:00+00:00,SMCI,47.720001220703125,47.720001220703125,47.779998779296875,47.720001220703125,47.779998779296875,22054.0
2024-10-25 12:47:00+00:00,SMTC,45.85940170288086,45.85940170288086,45.85940170288086,45.85940170288086,45.85940170288086,311.0
2024-10-25 12:47:00+00:00,SNPS,504.625,504.625,504.625,504.625,504.625,877.0
2024-10-25 12:47:00+00:00,SONO,12.845000267028809,12.845000267028809,12.845000267028809,12.845000267028809,12.845000267028809,599.0
2024-10-25 12:47:00+00:00,SOUN,5.255000114440918,5.255000114440918,5.260000228881836,5.25,5.258299827575684,16938.0
2024-10-25 12:47:00+00:00,SPSC,171.97000122070312,171.97000122070312,171.97000122070312,171.49000549316406,171.6999969482422,670.0
2024-10-25 12:47:00+00:00,SPT,27.049999237060547,27.049999237060547,27.049999237060547,27.049999237060547,27.049999237060547,1183.0
2024-10-25 12:47:00+00:00,SRAD,12.385000228881836,12.385000228881836,12.385000228881836,12.385000228881836,12.385000228881836,396.0
2024-10-25 12:47:00+00:00,SSNC,69.73500061035156,69.73500061035156,69.76000213623047,69.7300033569336,69.74500274658203,4274.0
2024-10-25 12:47:00+00:00,STNE,11.520000457763672,11.520000457763672,11.520000457763672,11.5,11.5,5749.0
2024-10-25 12:47:00+00:00,STX,103.84500122070312,103.84500122070312,103.88500213623047,103.80999755859375,103.88500213623047,1556.0
2024-10-25 12:47:00+00:00,SVRE,0.0820000022649765,0.0820000022649765,0.0820000022649765,0.0820000022649765,0.0820000022649765,12629.0
2024-10-25 12:47:00+00:00,SWKS,96.55999755859375,96.55999755859375,96.56999969482422,96.55999755859375,96.56999969482422,1078.0
2024-10-25 12:47:00+00:00,SYNA,73.30000305175781,73.30000305175781,73.30000305175781,73.30000305175781,73.30000305175781,332.0
2024-10-25 12:47:00+00:00,SYTA,1.2799999713897705,1.2799999713897705,1.2799999713897705,1.2799999713897705,1.2799999713897705,208.0
2024-10-25 12:47:00+00:00,TEAM,190.1649932861328,190.1649932861328,190.1649932861328,190.1300048828125,190.13999938964844,2008.0
2024-10-25 12:47:00+00:00,TENB,41.630001068115234,41.630001068115234,41.68000030517578,41.630001068115234,41.68000030517578,591.0
2024-10-25 12:47:00+00:00,TER,112.83000183105469,112.83000183105469,112.8499984741211,112.83000183105469,112.84500122070312,2917.0
2024-10-25 12:47:00+00:00,TRMB,61.04999923706055,61.04999923706055,61.099998474121094,61.04999923706055,61.099998474121094,4175.0
2024-10-25 12:47:00+00:00,TTD,119.41000366210938,119.41000366210938,119.54000091552734,119.41000366210938,119.52999877929688,3320.0
2024-10-25 12:47:00+00:00,TTEC,5.394999980926514,5.394999980926514,5.394999980926514,5.394999980926514,5.394999980926514,274.0
2024-10-25 12:47:00+00:00,TTMI,19.549999237060547,19.549999237060547,19.559999465942383,19.549999237060547,19.559999465942383,643.0
2024-10-25 12:47:00+00:00,TWKS,4.454999923706055,4.454999923706055,4.454999923706055,4.449999809265137,4.449999809265137,2008.0
2024-10-25 12:47:00+00:00,TXN,209.22000122070312,209.22000122070312,209.25,209.17999267578125,209.17999267578125,3251.0
2024-10-25 12:47:00+00:00,UCTT,36.09000015258789,36.09000015258789,36.09000015258789,36.09000015258789,36.09000015258789,788.0
2024-10-25 12:47:00+00:00,VECO,29.54330062866211,29.54330062866211,29.54330062866211,29.54330062866211,29.54330062866211,570.0
2024-10-25 12:47:00+00:00,VERI,3.4200000762939453,3.4200000762939453,3.4200000762939453,3.4200000762939453,3.4200000762939453,147.0
2024-10-25 12:47:00+00:00,VIAV,9.239999771118164,9.239999771118164,9.25,9.239999771118164,9.25,1353.0
2024-10-25 12:47:00+00:00,VMEO,4.78000020980835,4.78000020980835,4.784999847412109,4.78000020980835,4.784999847412109,712.0
2024-10-25 12:47:00+00:00,VNET,3.4749999046325684,3.4749999046325684,3.4749999046325684,3.4749999046325684,3.4749999046325684,320.0
2024-10-25 12:47:00+00:00,VRNS,56.98500061035156,56.98500061035156,57.029998779296875,56.939998626708984,56.939998626708984,3822.0
2024-10-25 12:47:00+00:00,VRNT,22.229999542236328,22.229999542236328,22.239999771118164,22.229999542236328,22.239999771118164,2167.0
2024-10-25 12:47:00+00:00,VRSN,185.9949951171875,185.9949951171875,186.02499389648438,185.9949951171875,186.02499389648438,2100.0
2024-10-25 12:47:00+00:00,VSAT,10.319999694824219,10.319999694824219,10.319999694824219,10.319999694824219,10.319999694824219,692.0
2024-10-25 12:47:00+00:00,VUZI,1.3251999616622925,1.3251999616622925,1.3251999616622925,1.3200000524520874,1.3200000524520874,4745.0
2024-10-25 12:47:00+00:00,WDAY,239.36000061035156,239.36000061035156,239.5500030517578,239.36000061035156,239.5500030517578,664.0
2024-10-25 12:47:00+00:00,WDC,70.83999633789062,70.83999633789062,71.08999633789062,70.810302734375,71.08999633789062,94193.0
2024-10-25 12:47:00+00:00,WISA,1.9365999698638916,1.9365999698638916,1.940000057220459,1.9365999698638916,1.940000057220459,22.0
2024-10-25 12:47:00+00:00,WIX,165.13499450683594,165.13499450683594,165.13499450683594,165.13499450683594,165.13499450683594,765.0
2024-10-25 12:47:00+00:00,XPER,9.414999961853027,9.414999961853027,9.414999961853027,9.414999961853027,9.414999961853027,101.0
2024-10-25 12:47:00+00:00,XRX,10.0649995803833,10.0649995803833,10.069999694824219,10.0649995803833,10.069999694824219,829.0
2024-10-25 12:47:00+00:00,ZBRA,363.1000061035156,363.1000061035156,363.1000061035156,363.1000061035156,363.1000061035156,1705.0
2024-10-25 12:47:00+00:00,ZM,73.12000274658203,73.12000274658203,73.12000274658203,73.12000274658203,73.12000274658203,822.0
2024-10-25 12:47:00+00:00,ZS,185.64999389648438,185.64999389648438,185.85499572753906,185.52000427246094,185.85499572753906,1309.0
2024-10-25 12:48:00+00:00,AAOI,17.878000259399414,17.878000259399414,17.88089942932129,17.878000259399414,17.88089942932129,2309.0
2024-10-25 12:48:00+00:00,AAPL,232.72000122070312,232.72000122070312,232.7550048828125,232.7100067138672,232.7550048828125,19567.0
2024-10-25 12:48:00+00:00,ACLS,90.69999694824219,90.69999694824219,90.69999694824219,90.69999694824219,90.69999694824219,114.0
2024-10-25 12:48:00+00:00,ADBE,485.3699951171875,485.3699951171875,485.57501220703125,485.3699951171875,485.57501220703125,815.0
2024-10-25 12:48:00+00:00,ADI,233.6649932861328,233.6649932861328,233.6649932861328,233.58999633789062,233.60000610351562,1509.0
2024-10-25 12:48:00+00:00,AEHR,17.384000778198242,17.384000778198242,17.399200439453125,17.3700008392334,17.3700008392334,6041.0
2024-10-25 12:48:00+00:00,AEYE,23.079999923706055,23.079999923706055,23.110000610351562,23.079999923706055,23.110000610351562,605.0
2024-10-25 12:48:00+00:00,AFRM,41.678001403808594,41.678001403808594,41.70000076293945,41.64799880981445,41.689998626708984,12851.0
2024-10-25 12:48:00+00:00,AKAM,102.78500366210938,102.78500366210938,102.78500366210938,102.78500366210938,102.78500366210938,153.0
2024-10-25 12:48:00+00:00,ALGM,22.959999084472656,22.959999084472656,22.969999313354492,22.950000762939453,22.952499389648438,5681.0
2024-10-25 12:48:00+00:00,ALRM,54.7400016784668,54.7400016784668,54.7400016784668,54.73500061035156,54.73500061035156,1105.0
2024-10-25 12:48:00+00:00,AMAT,188.73500061035156,188.73500061035156,188.73500061035156,188.6999969482422,188.7100067138672,2122.0
2024-10-25 12:48:00+00:00,AMD,157.77999877929688,157.77999877929688,157.8800048828125,157.74000549316406,157.8800048828125,42491.0
2024-10-25 12:48:00+00:00,AMPL,9.210000038146973,9.210000038146973,9.210000038146973,9.210000038146973,9.210000038146973,146.0
2024-10-25 12:48:00+00:00,AOSL,36.599998474121094,36.599998474121094,36.599998474121094,36.599998474121094,36.599998474121094,801.0
2024-10-25 12:48:00+00:00,API,2.8350000381469727,2.8350000381469727,2.8350000381469727,2.8350000381469727,2.8350000381469727,602.0
2024-10-25 12:48:00+00:00,APP,161.85000610351562,161.85000610351562,161.85000610351562,161.75999450683594,161.80999755859375,2963.0
2024-10-25 12:48:00+00:00,ARRY,6.53980016708374,6.53980016708374,6.53980016708374,6.533999919891357,6.534999847412109,13797.0
2024-10-25 12:48:00+00:00,ASNS,1.3300000429153442,1.3300000429153442,1.3300000429153442,1.3300000429153442,1.3300000429153442,3318.0
2024-10-25 12:48:00+00:00,ATOM,3.364000082015991,3.364000082015991,3.364000082015991,3.364000082015991,3.364000082015991,1001.0
2024-10-25 12:48:00+00:00,AUR,6.445000171661377,6.445000171661377,6.445000171661377,6.440000057220459,6.445000171661377,6686.0
2024-10-25 12:48:00+00:00,AVDX,8.145000457763672,8.145000457763672,8.145000457763672,8.145000457763672,8.145000457763672,395.0
2024-10-25 12:48:00+00:00,AVGO,175.71009826660156,175.71009826660156,175.78179931640625,175.69000244140625,175.78179931640625,20331.0
2024-10-25 12:48:00+00:00,AVPT,11.984999656677246,11.984999656677246,11.984999656677246,11.984999656677246,11.984999656677246,545.0
2024-10-25 12:48:00+00:00,BAND,17.690000534057617,17.690000534057617,17.690000534057617,17.690000534057617,17.690000534057617,330.0
2024-10-25 12:48:00+00:00,BCOV,2.25,2.25,2.25,2.25,2.25,304.0
2024-10-25 12:48:00+00:00,BLKB,86.19999694824219,86.19999694824219,86.22000122070312,86.19999694824219,86.22000122070312,3604.0
2024-10-25 12:48:00+00:00,BMBL,7.224999904632568,7.224999904632568,7.224999904632568,7.224999904632568,7.224999904632568,611.0
2024-10-25 12:48:00+00:00,BRZE,30.6299991607666,30.6299991607666,30.645000457763672,30.6299991607666,30.645000457763672,1979.0
2024-10-25 12:48:00+00:00,BSY,49.11000061035156,49.11000061035156,49.11000061035156,49.09000015258789,49.11000061035156,1010.0
2024-10-25 12:48:00+00:00,CAMT,78.625,78.625,78.625,78.62000274658203,78.62000274658203,477.0
2024-10-25 12:48:00+00:00,CAN,0.9812999963760376,0.9812999963760376,0.983299970626831,0.9812999963760376,0.9812999963760376,997.0
2024-10-25 12:48:00+00:00,CDNS,259.5799865722656,259.5799865722656,259.5799865722656,259.5799865722656,259.5799865722656,479.0
2024-10-25 12:48:00+00:00,CDW,219.8800048828125,219.8800048828125,219.8800048828125,219.75,219.8000030517578,1929.0
2024-10-25 12:48:00+00:00,CFLT,22.485000610351562,22.485000610351562,22.5049991607666,22.479999542236328,22.489999771118164,4432.0
2024-10-25 12:48:00+00:00,CGNX,39.060001373291016,39.060001373291016,39.06999969482422,39.04999923706055,39.06999969482422,3220.0
2024-10-25 12:48:00+00:00,CHKP,207.32000732421875,207.32000732421875,207.32000732421875,207.3000030517578,207.3000030517578,1019.0
2024-10-25 12:48:00+00:00,CLBT,18.18000030517578,18.18000030517578,18.18000030517578,18.18000030517578,18.18000030517578,420.0
2024-10-25 12:48:00+00:00,CLSK,11.944999694824219,11.944999694824219,11.949999809265137,11.914999961853027,11.921699523925781,29340.0
2024-10-25 12:48:00+00:00,CMTL,3.7200000286102295,3.7200000286102295,3.7200000286102295,3.7200000286102295,3.7200000286102295,2001.0
2024-10-25 12:48:00+00:00,COHR,95.12999725341797,95.12999725341797,95.22000122070312,95.06999969482422,95.22000122070312,4672.0
2024-10-25 12:48:00+00:00,COHU,26.309999465942383,26.309999465942383,26.309999465942383,26.309999465942383,26.309999465942383,407.0
2024-10-25 12:48:00+00:00,COIN,209.93600463867188,209.93600463867188,210.11000061035156,209.7541046142578,209.9499969482422,9415.0
2024-10-25 12:48:00+00:00,COMM,6.324999809265137,6.324999809265137,6.324999809265137,6.324999809265137,6.324999809265137,1293.0
2024-10-25 12:48:00+00:00,CORZ,13.380000114440918,13.380000114440918,13.380000114440918,13.375,13.375,3687.0
2024-10-25 12:48:00+00:00,CRCT,6.599999904632568,6.599999904632568,6.599999904632568,6.599999904632568,6.599999904632568,374.0
2024-10-25 12:48:00+00:00,CRDO,39.689998626708984,39.689998626708984,39.720001220703125,39.689998626708984,39.720001220703125,1584.0
2024-10-25 12:48:00+00:00,CRNC,2.8499999046325684,2.8499999046325684,2.859999895095825,2.8499999046325684,2.8550000190734863,14089.0
2024-10-25 12:48:00+00:00,CRSR,6.400000095367432,6.400000095367432,6.400000095367432,6.400000095367432,6.400000095367432,938.0
2024-10-25 12:48:00+00:00,CRUS,123.5,123.5,123.58499908447266,123.5,123.58499908447266,410.0
2024-10-25 12:48:00+00:00,CRWD,296.9356994628906,296.9356994628906,298.29998779296875,296.20458984375,297.2315979003906,81429.0
2024-10-25 12:48:00+00:00,CSCO,55.97990036010742,55.97990036010742,55.9900016784668,55.970001220703125,55.970001220703125,9422.0
2024-10-25 12:48:00+00:00,CSIQ,13.739999771118164,13.739999771118164,13.739999771118164,13.6899995803833,13.6899995803833,6844.0
2024-10-25 12:48:00+00:00,CTLP,8.925000190734863,8.925000190734863,8.925000190734863,8.925000190734863,8.925000190734863,433.0
2024-10-25 12:48:00+00:00,CTSH,74.96499633789062,74.96499633789062,74.98500061035156,74.95500183105469,74.98500061035156,7577.0
2024-10-25 12:48:00+00:00,DAKT,13.119999885559082,13.119999885559082,13.119999885559082,13.119999885559082,13.119999885559082,204.0
2024-10-25 12:48:00+00:00,DATS,1.7000000476837158,1.7000000476837158,1.7000000476837158,1.6699999570846558,1.6799999475479126,8562.0
2024-10-25 12:48:00+00:00,DDOG,127.13999938964844,127.13999938964844,127.30000305175781,127.13999938964844,127.22000122070312,11905.0
2024-10-25 12:48:00+00:00,DLO,8.885000228881836,8.885000228881836,8.885000228881836,8.885000228881836,8.885000228881836,190.0
2024-10-25 12:48:00+00:00,DOCU,69.86000061035156,69.86000061035156,69.86000061035156,69.83499908447266,69.8499984741211,3447.0
2024-10-25 12:48:00+00:00,DTSS,2.450000047683716,2.450000047683716,2.450000047683716,2.450000047683716,2.450000047683716,603.0
2024-10-25 12:48:00+00:00,DUOL,290.04998779296875,290.04998779296875,290.04998779296875,289.9200134277344,290.0,3079.0
2024-10-25 12:48:00+00:00,ENPH,83.25499725341797,83.25499725341797,83.31999969482422,83.13999938964844,83.13999938964844,8374.0
2024-10-25 12:48:00+00:00,ENTG,106.12999725341797,106.12999725341797,106.20500183105469,106.12999725341797,106.18499755859375,3245.0
2024-10-25 12:48:00+00:00,ERIC,8.484999656677246,8.484999656677246,8.484999656677246,8.479999542236328,8.479999542236328,915.0
2024-10-25 12:48:00+00:00,EXLS,38.91999816894531,38.91999816894531,38.91999816894531,38.91999816894531,38.91999816894531,1514.0
2024-10-25 12:48:00+00:00,EXTR,14.454999923706055,14.454999923706055,14.454999923706055,14.454999923706055,14.454999923706055,333.0
2024-10-25 12:48:00+00:00,FARO,18.239999771118164,18.239999771118164,18.239999771118164,18.100000381469727,18.1200008392334,2933.0
2024-10-25 12:48:00+00:00,FFIV,216.67999267578125,216.67999267578125,216.67999267578125,216.67999267578125,216.67999267578125,1096.0
2024-10-25 12:48:00+00:00,FIVN,29.889999389648438,29.889999389648438,29.889999389648438,29.889999389648438,29.889999389648438,940.0
2024-10-25 12:48:00+00:00,FLEX,35.20000076293945,35.20000076293945,35.20000076293945,35.20000076293945,35.20000076293945,2108.0
2024-10-25 12:48:00+00:00,FRSH,11.664999961853027,11.664999961853027,11.664999961853027,11.664999961853027,11.664999961853027,683.0
2024-10-25 12:48:00+00:00,FSLR,199.03599548339844,199.03599548339844,199.03599548339844,198.91000366210938,198.91000366210938,726.0
2024-10-25 12:48:00+00:00,FTNT,81.0999984741211,81.0999984741211,81.12000274658203,81.0999984741211,81.12000274658203,3710.0
2024-10-25 12:48:00+00:00,GCT,24.850000381469727,24.850000381469727,24.899999618530273,24.850000381469727,24.899999618530273,874.0
2024-10-25 12:48:00+00:00,GFS,41.2599983215332,41.2599983215332,41.2599983215332,41.25,41.25,903.0
2024-10-25 12:48:00+00:00,GRAB,4.085000038146973,4.085000038146973,4.085000038146973,4.085000038146973,4.085000038146973,7116.0
2024-10-25 12:48:00+00:00,GRRR,4.500100135803223,4.500100135803223,4.500100135803223,4.500100135803223,4.500100135803223,210.0
2024-10-25 12:48:00+00:00,GSIT,3.450000047683716,3.450000047683716,3.450000047683716,3.450000047683716,3.450000047683716,0.0
2024-10-25 12:48:00+00:00,GTLB,55.33829879760742,55.33829879760742,55.33829879760742,55.290000915527344,55.290000915527344,949.0
2024-10-25 12:48:00+00:00,HCP,33.68000030517578,33.68000030517578,33.685001373291016,33.68000030517578,33.685001373291016,463.0
2024-10-25 12:48:00+00:00,HIMX,6.184999942779541,6.184999942779541,6.184999942779541,6.184999942779541,6.184999942779541,113.0
2024-10-25 12:48:00+00:00,HLIT,14.789999961853027,14.789999961853027,14.789999961853027,14.789999961853027,14.789999961853027,738.0
2024-10-25 12:48:00+00:00,HOLO,3.6500000953674316,3.6500000953674316,3.6500000953674316,3.6500000953674316,3.6500000953674316,957.0
2024-10-25 12:48:00+00:00,HOOD,27.325000762939453,27.325000762939453,27.325000762939453,27.30500030517578,27.309999465942383,6124.0
2024-10-25 12:48:00+00:00,ICHR,27.770000457763672,27.770000457763672,27.770000457763672,27.770000457763672,27.770000457763672,229.0
2024-10-25 12:48:00+00:00,INDI,3.575000047683716,3.575000047683716,3.575000047683716,3.575000047683716,3.575000047683716,1275.0
2024-10-25 12:48:00+00:00,INSG,20.350000381469727,20.350000381469727,20.357999801635742,20.34000015258789,20.34000015258789,1517.0
2024-10-25 12:48:00+00:00,INTA,49.97999954223633,49.97999954223633,49.97999954223633,49.97999954223633,49.97999954223633,600.0
2024-10-25 12:48:00+00:00,INTC,23.125,23.125,23.1299991607666,23.1200008392334,23.121999740600586,35899.0
2024-10-25 12:48:00+00:00,INTU,610.7999877929688,610.7999877929688,611.10498046875,610.7999877929688,610.8599853515625,1425.0
2024-10-25 12:48:00+00:00,INTZ,0.7300000190734863,0.7300000190734863,0.7300000190734863,0.7300000190734863,0.7300000190734863,100.0
2024-10-25 12:48:00+00:00,KC,2.7249999046325684,2.7249999046325684,2.7249999046325684,2.7249999046325684,2.7249999046325684,313.0
2024-10-25 12:48:00+00:00,KLIC,44.689998626708984,44.689998626708984,44.689998626708984,44.42499923706055,44.43000030517578,14923.0
2024-10-25 12:48:00+00:00,LFUS,254.32000732421875,254.32000732421875,254.49000549316406,254.32000732421875,254.49000549316406,2772.0
2024-10-25 12:48:00+00:00,LINK,4.863999843597412,4.863999843597412,4.863999843597412,4.863999843597412,4.863999843597412,279.0
2024-10-25 12:48:00+00:00,LITE,64.19000244140625,64.19000244140625,64.19000244140625,64.19000244140625,64.19000244140625,700.0
2024-10-25 12:48:00+00:00,LPSN,1.1749999523162842,1.1749999523162842,1.1749999523162842,1.1749999523162842,1.1749999523162842,102.0
2024-10-25 12:48:00+00:00,LRCX,79.20069885253906,79.20069885253906,79.2300033569336,79.20069885253906,79.2300033569336,12695.0
2024-10-25 12:48:00+00:00,LSCC,54.6775016784668,54.6775016784668,54.68000030517578,54.650001525878906,54.65999984741211,5388.0
2024-10-25 12:48:00+00:00,LYFT,13.765000343322754,13.765000343322754,13.774999618530273,13.765000343322754,13.774999618530273,13815.0
2024-10-25 12:48:00+00:00,LYTS,16.239999771118164,16.239999771118164,16.239999771118164,16.239999771118164,16.239999771118164,428.0
2024-10-25 12:48:00+00:00,MANH,275.55999755859375,275.55999755859375,275.55999755859375,275.55999755859375,275.55999755859375,690.0
2024-10-25 12:48:00+00:00,MAXN,5.599999904632568,5.599999904632568,5.599999904632568,5.599999904632568,5.599999904632568,1104.0
2024-10-25 12:48:00+00:00,MCHP,77.12999725341797,77.12999725341797,77.1500015258789,77.12999725341797,77.13999938964844,8433.0
2024-10-25 12:48:00+00:00,MKSI,101.47000122070312,101.47000122070312,101.47000122070312,101.47000122070312,101.47000122070312,472.0
2024-10-25 12:48:00+00:00,MNDY,298.1700134277344,298.1700134277344,298.1700134277344,298.1700134277344,298.1700134277344,245.0
2024-10-25 12:48:00+00:00,MPWR,922.969970703125,922.969970703125,922.969970703125,922.969970703125,922.969970703125,674.0
2024-10-25 12:48:00+00:00,MRVL,83.15499877929688,83.15499877929688,83.19999694824219,83.1500015258789,83.19999694824219,10365.0
2024-10-25 12:48:00+00:00,MSFT,430.29998779296875,430.29998779296875,430.4949951171875,430.29998779296875,430.4949951171875,11355.0
2024-10-25 12:48:00+00:00,MSTR,239.6300048828125,239.6300048828125,239.83999633789062,239.26010131835938,239.5800018310547,20962.0
2024-10-25 12:48:00+00:00,MTLS,5.966899871826172,5.966899871826172,5.966899871826172,5.966899871826172,5.966899871826172,360.0
2024-10-25 12:48:00+00:00,MTTR,4.630000114440918,4.630000114440918,4.650000095367432,4.630000114440918,4.650000095367432,21904.0
2024-10-25 12:48:00+00:00,MU,108.94999694824219,108.94999694824219,108.9749984741211,108.93000030517578,108.9749984741211,5527.0
2024-10-25 12:48:00+00:00,MVIS,1.100000023841858,1.100000023841858,1.100000023841858,1.100000023841858,1.100000023841858,3.0
2024-10-25 12:48:00+00:00,MXL,15.109999656677246,15.109999656677246,15.109999656677246,15.109999656677246,15.109999656677246,514.0
2024-10-25 12:48:00+00:00,NICE,176.6199951171875,176.6199951171875,176.6199951171875,176.61000061035156,176.61000061035156,464.0
2024-10-25 12:48:00+00:00,NSIT,209.2949981689453,209.2949981689453,209.2949981689453,209.2949981689453,209.2949981689453,832.0
2024-10-25 12:48:00+00:00,NTAP,120.43000030517578,120.43000030517578,120.43000030517578,120.40499877929688,120.41000366210938,1169.0
2024-10-25 12:48:00+00:00,NTNX,62.1150016784668,62.1150016784668,62.13999938964844,62.11000061035156,62.13999938964844,2689.0
2024-10-25 12:48:00+00:00,NVDA,143.2299041748047,143.2299041748047,143.35000610351562,143.22000122070312,143.34500122070312,518135.0
2024-10-25 12:48:00+00:00,NVEI,33.52000045776367,33.52000045776367,33.525001525878906,33.52000045776367,33.525001525878906,741.0
2024-10-25 12:48:00+00:00,NVMI,185.11500549316406,185.11500549316406,185.11500549316406,185.11500549316406,185.11500549316406,294.0
2024-10-25 12:48:00+00:00,NXPI,245.44000244140625,245.44000244140625,245.57000732421875,245.4199981689453,245.57000732421875,1495.0
2024-10-25 12:48:00+00:00,OKTA,72.5250015258789,72.5250015258789,72.5250015258789,72.5250015258789,72.5250015258789,1081.0
2024-10-25 12:48:00+00:00,ON,72.05999755859375,72.05999755859375,72.0999984741211,72.05999755859375,72.08999633789062,7801.0
2024-10-25 12:48:00+00:00,OSIS,135.47999572753906,135.47999572753906,135.5,135.47999572753906,135.5,324.0
2024-10-25 12:48:00+00:00,PANW,368.6300048828125,368.6300048828125,368.7809143066406,368.4150085449219,368.4150085449219,3954.0
2024-10-25 12:48:00+00:00,PAYO,8.3100004196167,8.3100004196167,8.3100004196167,8.3100004196167,8.3100004196167,263.0
2024-10-25 12:48:00+00:00,PEGA,80.41500091552734,80.41500091552734,80.43000030517578,80.37000274658203,80.38999938964844,2658.0
2024-10-25 12:48:00+00:00,PGY,11.829999923706055,11.829999923706055,11.829999923706055,11.819999694824219,11.819999694824219,934.0
2024-10-25 12:48:00+00:00,PHUN,10.180000305175781,10.180000305175781,10.25,10.180000305175781,10.20009994506836,26796.0
2024-10-25 12:48:00+00:00,PLAB,23.760000228881836,23.760000228881836,23.760000228881836,23.760000228881836,23.760000228881836,138.0
2024-10-25 12:48:00+00:00,PLUS,98.05000305175781,98.05000305175781,98.05000305175781,98.05000305175781,98.05000305175781,526.0
2024-10-25 12:48:00+00:00,POWI,64.05999755859375,64.05999755859375,64.05999755859375,64.05999755859375,64.05999755859375,347.0
2024-10-25 12:48:00+00:00,PTC,187.14500427246094,187.14500427246094,187.1999969482422,187.07000732421875,187.13499450683594,10148.0
2024-10-25 12:48:00+00:00,QCOM,172.75999450683594,172.75999450683594,172.77999877929688,172.74000549316406,172.77000427246094,3432.0
2024-10-25 12:48:00+00:00,QRVO,100.4800033569336,100.4800033569336,100.51969909667969,100.4800033569336,100.51969909667969,2428.0
2024-10-25 12:48:00+00:00,QUBT,1.065000057220459,1.065000057220459,1.065000057220459,1.0621000528335571,1.065000057220459,1205.0
2024-10-25 12:48:00+00:00,RELL,14.050000190734863,14.050000190734863,14.050000190734863,14.050000190734863,14.050000190734863,3243.0
2024-10-25 12:48:00+00:00,RELY,14.84000015258789,14.84000015258789,14.845999717712402,14.84000015258789,14.84000015258789,1027.0
2024-10-25 12:48:00+00:00,RGTI,1.2194000482559204,1.2194000482559204,1.2194000482559204,1.2102999687194824,1.218500018119812,4643.0
2024-10-25 12:48:00+00:00,RIOT,10.065299987792969,10.065299987792969,10.069999694824219,10.055000305175781,10.062199592590332,10080.0
2024-10-25 12:48:00+00:00,RMBS,43.56999969482422,43.56999969482422,43.56999969482422,43.540000915527344,43.540000915527344,1773.0
2024-10-25 12:48:00+00:00,RMNI,1.7259999513626099,1.7259999513626099,1.7259999513626099,1.725000023841858,1.725000023841858,1622.0
2024-10-25 12:48:00+00:00,RPAY,7.599999904632568,7.599999904632568,7.599999904632568,7.599999904632568,7.599999904632568,126.0
2024-10-25 12:48:00+00:00,RPD,39.060001373291016,39.060001373291016,39.060001373291016,39.060001373291016,39.060001373291016,391.0
2024-10-25 12:48:00+00:00,RUM,5.704999923706055,5.704999923706055,5.704999923706055,5.704999923706055,5.704999923706055,815.0
2024-10-25 12:48:00+00:00,RUN,14.369999885559082,14.369999885559082,14.375699996948242,14.359999656677246,14.369999885559082,5305.0
2024-10-25 12:48:00+00:00,RXT,2.5399999618530273,2.5399999618530273,2.5399999618530273,2.5399999618530273,2.5399999618530273,627.0
2024-10-25 12:48:00+00:00,SEDG,16.170000076293945,16.170000076293945,16.190000534057617,16.15999984741211,16.18000030517578,6886.0
2024-10-25 12:48:00+00:00,SHLS,5.315000057220459,5.315000057220459,5.315000057220459,5.315000057220459,5.315000057220459,699.0
2024-10-25 12:48:00+00:00,SKYT,10.75,10.75,10.75,10.75,10.75,865.0
2024-10-25 12:48:00+00:00,SMCI,47.733699798583984,47.733699798583984,47.73939895629883,47.689998626708984,47.709999084472656,45300.0
2024-10-25 12:48:00+00:00,SMSI,0.800000011920929,0.800000011920929,0.800000011920929,0.800000011920929,0.800000011920929,110.0
2024-10-25 12:48:00+00:00,SNPS,504.2300109863281,504.2300109863281,504.2300109863281,504.2300109863281,504.2300109863281,394.0
2024-10-25 12:48:00+00:00,SOBR,7.329999923706055,7.329999923706055,7.5,7.329999923706055,7.5,2163.0
2024-10-25 12:48:00+00:00,SONO,12.84000015258789,12.84000015258789,12.84000015258789,12.84000015258789,12.84000015258789,678.0
2024-10-25 12:48:00+00:00,SOUN,5.255000114440918,5.255000114440918,5.260000228881836,5.255000114440918,5.256400108337402,10423.0
2024-10-25 12:48:00+00:00,SPSC,172.3350067138672,172.3350067138672,172.72000122070312,171.47999572753906,171.6999969482422,7250.0
2024-10-25 12:48:00+00:00,SPT,27.020000457763672,27.020000457763672,27.020000457763672,27.020000457763672,27.020000457763672,326.0
2024-10-25 12:48:00+00:00,SSNC,69.69999694824219,69.69999694824219,69.73500061035156,69.69999694824219,69.72000122070312,4561.0
2024-10-25 12:48:00+00:00,STER,16.739999771118164,16.739999771118164,16.739999771118164,16.739999771118164,16.739999771118164,158.0
2024-10-25 12:48:00+00:00,STNE,11.515000343322754,11.515000343322754,11.515000343322754,11.515000343322754,11.515000343322754,882.0
2024-10-25 12:48:00+00:00,STX,103.8499984741211,103.8499984741211,103.86000061035156,103.8499984741211,103.86000061035156,1353.0
2024-10-25 12:48:00+00:00,SWKS,96.54000091552734,96.54000091552734,96.56999969482422,96.54000091552734,96.56999969482422,1427.0
2024-10-25 12:48:00+00:00,SYNA,73.31999969482422,73.31999969482422,73.31999969482422,73.31999969482422,73.31999969482422,644.0
2024-10-25 12:48:00+00:00,TENB,41.630001068115234,41.630001068115234,41.65999984741211,41.599998474121094,41.599998474121094,833.0
2024-10-25 12:48:00+00:00,TER,112.8499984741211,112.8499984741211,112.86000061035156,112.8125,112.81999969482422,3383.0
2024-10-25 12:48:00+00:00,TRMB,61.04999923706055,61.04999923706055,61.06999969482422,61.04999923706055,61.06999969482422,916.0
2024-10-25 12:48:00+00:00,TTD,119.37999725341797,119.37999725341797,119.41999816894531,119.37999725341797,119.41999816894531,2773.0
2024-10-25 12:48:00+00:00,TWKS,4.449999809265137,4.449999809265137,4.449999809265137,4.449999809265137,4.449999809265137,5761.0
2024-10-25 12:48:00+00:00,TXN,209.23399353027344,209.23399353027344,209.23399353027344,209.1999969482422,209.1999969482422,1606.0
2024-10-25 12:48:00+00:00,VCSA,2.430000066757202,2.430000066757202,2.430000066757202,2.430000066757202,2.430000066757202,318.0
2024-10-25 12:48:00+00:00,VECO,29.545000076293945,29.545000076293945,29.559999465942383,29.545000076293945,29.55500030517578,716.0
2024-10-25 12:48:00+00:00,VERB,10.055000305175781,10.055000305175781,10.055000305175781,10.055000305175781,10.055000305175781,418.0
2024-10-25 12:48:00+00:00,VERI,3.4200000762939453,3.4200000762939453,3.4200000762939453,3.4200000762939453,3.4200000762939453,915.0
2024-10-25 12:48:00+00:00,VERX,42.1150016784668,42.1150016784668,42.1150016784668,42.1150016784668,42.1150016784668,120.0
2024-10-25 12:48:00+00:00,VMEO,4.775000095367432,4.775000095367432,4.78000020980835,4.775000095367432,4.78000020980835,7912.0
2024-10-25 12:48:00+00:00,VNET,3.4749999046325684,3.4749999046325684,3.4749999046325684,3.4749999046325684,3.4749999046325684,1173.0
2024-10-25 12:48:00+00:00,VOXX,7.684999942779541,7.684999942779541,7.684999942779541,7.684999942779541,7.684999942779541,242.0
2024-10-25 12:48:00+00:00,VRNS,56.97999954223633,56.97999954223633,56.97999954223633,56.95000076293945,56.974998474121094,2012.0
2024-10-25 12:48:00+00:00,VSAT,10.319999694824219,10.319999694824219,10.319999694824219,10.3100004196167,10.3100004196167,364.0
2024-10-25 12:48:00+00:00,VUZI,1.3250000476837158,1.3250000476837158,1.3250000476837158,1.3216999769210815,1.3216999769210815,271.0
2024-10-25 12:48:00+00:00,WDAY,239.36000061035156,239.36000061035156,239.42999267578125,239.36000061035156,239.42999267578125,909.0
2024-10-25 12:48:00+00:00,WDC,70.99500274658203,70.99500274658203,71.01000213623047,70.82620239257812,70.87000274658203,13885.0
2024-10-25 12:48:00+00:00,WISA,1.940000057220459,1.940000057220459,1.940000057220459,1.940000057220459,1.940000057220459,835.0
2024-10-25 12:48:00+00:00,XPER,9.420000076293945,9.420000076293945,9.420000076293945,9.420000076293945,9.420000076293945,149.0
2024-10-25 12:48:00+00:00,XRX,10.069999694824219,10.069999694824219,10.069999694824219,10.0600004196167,10.0649995803833,740.0
2024-10-25 12:48:00+00:00,ZI,10.5600004196167,10.5600004196167,10.569999694824219,10.5600004196167,10.5649995803833,591.0
2024-10-25 12:48:00+00:00,ZM,73.12000274658203,73.12000274658203,73.125,73.12000274658203,73.125,1334.0
2024-10-25 12:48:00+00:00,ZS,185.3300018310547,185.3300018310547,185.52999877929688,185.30999755859375,185.52000427246094,3754.0
2024-10-25 12:49:00+00:00,AAOI,17.81399917602539,17.81399917602539,17.889999389648438,17.812000274658203,17.8799991607666,16948.0
2024-10-25 12:49:00+00:00,AAPL,232.72999572753906,232.72999572753906,232.75,232.69000244140625,232.72000122070312,28598.0
2024-10-25 12:49:00+00:00,ACIW,48.793399810791016,48.793399810791016,48.793399810791016,48.793399810791016,48.793399810791016,675.0
2024-10-25 12:49:00+00:00,ACLS,90.68000030517578,90.68000030517578,90.68000030517578,90.68000030517578,90.68000030517578,625.0
2024-10-25 12:49:00+00:00,ACMR,19.90999984741211,19.90999984741211,19.90999984741211,19.90999984741211,19.90999984741211,307.0
2024-10-25 12:49:00+00:00,ADBE,485.5299987792969,485.5299987792969,485.67059326171875,485.3800048828125,485.67059326171875,1802.0
2024-10-25 12:49:00+00:00,ADI,233.50999450683594,233.50999450683594,233.5850067138672,233.50999450683594,233.5850067138672,2514.0
2024-10-25 12:49:00+00:00,ADSK,287.1050109863281,287.1050109863281,287.1050109863281,287.1000061035156,287.1000061035156,1098.0
2024-10-25 12:49:00+00:00,AEHR,17.375,17.375,17.384000778198242,17.360000610351562,17.384000778198242,2257.0
2024-10-25 12:49:00+00:00,AFRM,41.65999984741211,41.65999984741211,41.66999816894531,41.65999984741211,41.66999816894531,2191.0
2024-10-25 12:49:00+00:00,AGYS,111.02999877929688,111.02999877929688,111.23500061035156,111.02999877929688,111.23500061035156,563.0
2024-10-25 12:49:00+00:00,AIP,6.940100193023682,6.940100193023682,6.940100193023682,6.940100193023682,6.940100193023682,496.0
2024-10-25 12:49:00+00:00,AKAM,102.7699966430664,102.7699966430664,102.78379821777344,102.75,102.75,958.0
2024-10-25 12:49:00+00:00,ALGM,22.975000381469727,22.975000381469727,22.979999542236328,22.954999923706055,22.954999923706055,2359.0
2024-10-25 12:49:00+00:00,ALTR,103.87999725341797,103.87999725341797,103.87999725341797,103.87999725341797,103.87999725341797,317.0
2024-10-25 12:49:00+00:00,AMAT,188.71499633789062,188.71499633789062,188.72000122070312,188.68499755859375,188.68499755859375,2419.0
2024-10-25 12:49:00+00:00,AMD,157.7449951171875,157.7449951171875,157.77000427246094,157.72000122070312,157.75,13240.0
2024-10-25 12:49:00+00:00,AMKR,30.059999465942383,30.059999465942383,30.062000274658203,30.049999237060547,30.059999465942383,3854.0
2024-10-25 12:49:00+00:00,AMPL,9.21500015258789,9.21500015258789,9.21500015258789,9.21500015258789,9.21500015258789,277.0
2024-10-25 12:49:00+00:00,API,2.8350000381469727,2.8350000381469727,2.8350000381469727,2.8350000381469727,2.8350000381469727,382.0
2024-10-25 12:49:00+00:00,APPS,3.075000047683716,3.075000047683716,3.075000047683716,3.075000047683716,3.075000047683716,10221.0
2024-10-25 12:49:00+00:00,ARRY,6.539899826049805,6.539899826049805,6.545000076293945,6.534999847412109,6.539999961853027,3673.0
2024-10-25 12:49:00+00:00,AUR,6.445000171661377,6.445000171661377,6.445000171661377,6.440000057220459,6.440000057220459,716.0
2024-10-25 12:49:00+00:00,AVGO,175.72000122070312,175.72000122070312,175.7449951171875,175.6800994873047,175.7100067138672,11588.0
2024-10-25 12:49:00+00:00,BIGC,5.324999809265137,5.324999809265137,5.324999809265137,5.309999942779541,5.320000171661377,24139.0
2024-10-25 12:49:00+00:00,BMBL,7.224999904632568,7.224999904632568,7.224999904632568,7.224999904632568,7.224999904632568,1297.0
2024-10-25 12:49:00+00:00,BRZE,30.6299991607666,30.6299991607666,30.6299991607666,30.6299991607666,30.6299991607666,232.0
2024-10-25 12:49:00+00:00,BSY,49.095001220703125,49.095001220703125,49.11669921875,49.09000015258789,49.11669921875,1366.0
2024-10-25 12:49:00+00:00,CAN,0.9812999963760376,0.9812999963760376,0.9836000204086304,0.9812999963760376,0.9836000204086304,1987.0
2024-10-25 12:49:00+00:00,CDNS,259.5249938964844,259.5249938964844,259.5299987792969,259.5249938964844,259.5299987792969,2093.0
2024-10-25 12:49:00+00:00,CDW,219.75999450683594,219.75999450683594,219.8000030517578,219.75999450683594,219.8000030517578,1175.0
2024-10-25 12:49:00+00:00,CETX,0.3019999861717224,0.3019999861717224,0.3019999861717224,0.3010999858379364,0.3010999858379364,4076.0
2024-10-25 12:49:00+00:00,CFLT,22.489999771118164,22.489999771118164,22.498199462890625,22.489999771118164,22.489999771118164,691.0
2024-10-25 12:49:00+00:00,CHKP,207.3000030517578,207.3000030517578,207.3000030517578,207.1999969482422,207.2100067138672,3667.0
2024-10-25 12:49:00+00:00,CLBT,18.18000030517578,18.18000030517578,18.18000030517578,18.18000030517578,18.18000030517578,223.0
2024-10-25 12:49:00+00:00,CLSK,11.93280029296875,11.93280029296875,11.949999809265137,11.920000076293945,11.944999694824219,24262.0
2024-10-25 12:49:00+00:00,CNXC,44.959999084472656,44.959999084472656,44.959999084472656,44.959999084472656,44.959999084472656,1213.0
2024-10-25 12:49:00+00:00,COHR,95.20999908447266,95.20999908447266,95.20999908447266,95.20999908447266,95.20999908447266,148.0
2024-10-25 12:49:00+00:00,COHU,26.329999923706055,26.329999923706055,26.329999923706055,26.329999923706055,26.329999923706055,1044.0
2024-10-25 12:49:00+00:00,COIN,209.94000244140625,209.94000244140625,210.0,209.8699951171875,209.875,6532.0
2024-10-25 12:49:00+00:00,COMM,6.324999809265137,6.324999809265137,6.324999809265137,6.324999809265137,6.324999809265137,458.0
2024-10-25 12:49:00+00:00,CORZ,13.388099670410156,13.388099670410156,13.390000343322754,13.380000114440918,13.380000114440918,7695.0
2024-10-25 12:49:00+00:00,CRCT,6.599999904632568,6.599999904632568,6.599999904632568,6.593999862670898,6.593999862670898,4110.0
2024-10-25 12:49:00+00:00,CRDO,39.709999084472656,39.709999084472656,39.709999084472656,39.709999084472656,39.709999084472656,1239.0
2024-10-25 12:49:00+00:00,CRNC,2.8550000190734863,2.8550000190734863,2.8550000190734863,2.8550000190734863,2.8550000190734863,822.0
2024-10-25 12:49:00+00:00,CRUS,123.58280181884766,123.58280181884766,123.58280181884766,123.58280181884766,123.58280181884766,627.0
2024-10-25 12:49:00+00:00,CRWD,299.8399963378906,299.8399963378906,299.8500061035156,296.8399963378906,296.906005859375,74042.0
2024-10-25 12:49:00+00:00,CSCO,55.96500015258789,55.96500015258789,55.97999954223633,55.96500015258789,55.97999954223633,12744.0
2024-10-25 12:49:00+00:00,CSIQ,13.739999771118164,13.739999771118164,13.75,13.739999771118164,13.75,254.0
2024-10-25 12:49:00+00:00,CTSH,74.94989776611328,74.94989776611328,74.97000122070312,74.94000244140625,74.96499633789062,5241.0
2024-10-25 12:49:00+00:00,DAKT,13.109999656677246,13.109999656677246,13.109999656677246,13.109999656677246,13.109999656677246,111.0
2024-10-25 12:49:00+00:00,DATS,1.6699999570846558,1.6699999570846558,1.6699999570846558,1.6699999570846558,1.6699999570846558,0.0
2024-10-25 12:49:00+00:00,DBX,26.045000076293945,26.045000076293945,26.045000076293945,26.045000076293945,26.045000076293945,2854.0
2024-10-25 12:49:00+00:00,DDOG,127.12999725341797,127.12999725341797,127.12999725341797,127.01000213623047,127.0999984741211,14542.0
2024-10-25 12:49:00+00:00,DGHI,1.5800000429153442,1.5800000429153442,1.5800000429153442,1.5800000429153442,1.5800000429153442,0.0
2024-10-25 12:49:00+00:00,DLO,8.890000343322754,8.890000343322754,8.890000343322754,8.885000228881836,8.885000228881836,1963.0
2024-10-25 12:49:00+00:00,DOMO,8.0600004196167,8.0600004196167,8.0600004196167,8.039999961853027,8.039999961853027,761.0
2024-10-25 12:49:00+00:00,EEFT,99.9749984741211,99.9749984741211,99.9749984741211,99.76000213623047,99.77999877929688,2885.0
2024-10-25 12:49:00+00:00,ENPH,83.13999938964844,83.13999938964844,83.25499725341797,83.11000061035156,83.25499725341797,11172.0
2024-10-25 12:49:00+00:00,ENTG,106.08000183105469,106.08000183105469,106.12000274658203,106.08000183105469,106.12000274658203,1939.0
2024-10-25 12:49:00+00:00,ERIC,8.484999656677246,8.484999656677246,8.484999656677246,8.484999656677246,8.484999656677246,7449.0
2024-10-25 12:49:00+00:00,EXTR,14.454999923706055,14.454999923706055,14.454999923706055,14.454999923706055,14.454999923706055,672.0
2024-10-25 12:49:00+00:00,FFIV,216.625,216.625,216.625,216.625,216.625,260.0
2024-10-25 12:49:00+00:00,FIVN,29.8799991607666,29.8799991607666,29.889999389648438,29.8799991607666,29.8799991607666,1424.0
2024-10-25 12:49:00+00:00,FLEX,35.22999954223633,35.22999954223633,35.2400016784668,35.200801849365234,35.200801849365234,12375.0
2024-10-25 12:49:00+00:00,FLYW,17.475000381469727,17.475000381469727,17.475000381469727,17.475000381469727,17.475000381469727,313.0
2024-10-25 12:49:00+00:00,FORM,45.22999954223633,45.22999954223633,45.22999954223633,45.22999954223633,45.22999954223633,1050.0
2024-10-25 12:49:00+00:00,FRGT,1.8739999532699585,1.8739999532699585,1.8739999532699585,1.8739999532699585,1.8739999532699585,1169.0
2024-10-25 12:49:00+00:00,FRSH,11.664999961853027,11.664999961853027,11.664999961853027,11.664999961853027,11.664999961853027,785.0
2024-10-25 12:49:00+00:00,FSLR,199.00750732421875,199.00750732421875,199.00750732421875,198.9199981689453,198.9499969482422,1456.0
2024-10-25 12:49:00+00:00,FTNT,81.15499877929688,81.15499877929688,81.15499877929688,81.08999633789062,81.1050033569336,4554.0
2024-10-25 12:49:00+00:00,GCT,24.8799991607666,24.8799991607666,24.885000228881836,24.8799991607666,24.885000228881836,446.0
2024-10-25 12:49:00+00:00,GDS,21.649999618530273,21.649999618530273,21.679899215698242,21.649999618530273,21.679899215698242,215.0
2024-10-25 12:49:00+00:00,GFS,41.25,41.25,41.26919937133789,41.25,41.26919937133789,1067.0
2024-10-25 12:49:00+00:00,GNSS,3.884999990463257,3.884999990463257,3.884999990463257,3.884999990463257,3.884999990463257,2105.0
2024-10-25 12:49:00+00:00,GPRO,1.340000033378601,1.340000033378601,1.340000033378601,1.3350000381469727,1.340000033378601,621.0
2024-10-25 12:49:00+00:00,GRAB,4.085000038146973,4.085000038146973,4.085000038146973,4.082200050354004,4.082200050354004,6428.0
2024-10-25 12:49:00+00:00,GSIT,3.450000047683716,3.450000047683716,3.450000047683716,3.450000047683716,3.450000047683716,200.0
2024-10-25 12:49:00+00:00,GTLB,55.2599983215332,55.2599983215332,55.28030014038086,55.2599983215332,55.279998779296875,2039.0
2024-10-25 12:49:00+00:00,HCKT,24.86199951171875,24.86199951171875,24.86199951171875,24.86199951171875,24.86199951171875,312.0
2024-10-25 12:49:00+00:00,HCP,33.67499923706055,33.67499923706055,33.68000030517578,33.66999816894531,33.68000030517578,15639.0
2024-10-25 12:49:00+00:00,HIMX,6.184999942779541,6.184999942779541,6.184999942779541,6.184999942779541,6.184999942779541,785.0
2024-10-25 12:49:00+00:00,HOLO,3.648400068283081,3.648400068283081,3.648400068283081,3.630000114440918,3.640000104904175,1796.0
2024-10-25 12:49:00+00:00,HOOD,27.31999969482422,27.31999969482422,27.329999923706055,27.31999969482422,27.320100784301758,6965.0
2024-10-25 12:49:00+00:00,ICHR,27.739999771118164,27.739999771118164,27.739999771118164,27.739999771118164,27.739999771118164,607.0
2024-10-25 12:49:00+00:00,INDI,3.575000047683716,3.575000047683716,3.575000047683716,3.569999933242798,3.575000047683716,5248.0
2024-10-25 12:49:00+00:00,INOD,20.110000610351562,20.110000610351562,20.110000610351562,20.110000610351562,20.110000610351562,324.0
2024-10-25 12:49:00+00:00,INSG,20.299999237060547,20.299999237060547,20.299999237060547,20.299999237060547,20.299999237060547,1469.0
2024-10-25 12:49:00+00:00,INTA,49.97999954223633,49.97999954223633,49.97999954223633,49.97999954223633,49.97999954223633,295.0
2024-10-25 12:49:00+00:00,INTC,23.125,23.125,23.1299991607666,23.125,23.125,14248.0
2024-10-25 12:49:00+00:00,ITRI,102.80000305175781,102.80000305175781,102.80999755859375,102.80000305175781,102.80999755859375,1351.0
2024-10-25 12:49:00+00:00,JKHY,183.9199981689453,183.9199981689453,183.9199981689453,183.8800048828125,183.9199981689453,513.0
2024-10-25 12:49:00+00:00,KC,2.7249999046325684,2.7249999046325684,2.7249999046325684,2.7200000286102295,2.7200000286102295,633.0
2024-10-25 12:49:00+00:00,KLAC,681.1400146484375,681.1400146484375,681.4000244140625,681.1400146484375,681.4000244140625,1660.0
2024-10-25 12:49:00+00:00,KLIC,44.689998626708984,44.689998626708984,44.689998626708984,44.689998626708984,44.689998626708984,499.0
2024-10-25 12:49:00+00:00,LITE,64.19999694824219,64.19999694824219,64.2300033569336,64.19999694824219,64.2300033569336,2022.0
2024-10-25 12:49:00+00:00,LPTH,1.6799999475479126,1.6799999475479126,1.6799999475479126,1.6799999475479126,1.6799999475479126,0.0
2024-10-25 12:49:00+00:00,LRCX,79.25,79.25,79.25,79.19999694824219,79.19999694824219,16832.0
2024-10-25 12:49:00+00:00,LSCC,54.650001525878906,54.650001525878906,54.689998626708984,54.63999938964844,54.67499923706055,3448.0
2024-10-25 12:49:00+00:00,LUNA,1.8200000524520874,1.8200000524520874,1.8200000524520874,1.8200000524520874,1.8200000524520874,102.0
2024-10-25 12:49:00+00:00,LYFT,13.770000457763672,13.770000457763672,13.770000457763672,13.765000343322754,13.765000343322754,7946.0
2024-10-25 12:49:00+00:00,MANH,275.6300048828125,275.6300048828125,275.6300048828125,275.6300048828125,275.6300048828125,330.0
2024-10-25 12:49:00+00:00,MCHP,77.12000274658203,77.12000274658203,77.12000274658203,77.0999984741211,77.12000274658203,7462.0
2024-10-25 12:49:00+00:00,MDB,267.1000061035156,267.1000061035156,267.1000061035156,267.1000061035156,267.1000061035156,374.0
2024-10-25 12:49:00+00:00,MKSI,101.55000305175781,101.55000305175781,101.55000305175781,101.55000305175781,101.55000305175781,714.0
2024-10-25 12:49:00+00:00,MNDY,298.1449890136719,298.1449890136719,298.1449890136719,298.1449890136719,298.1449890136719,753.0
2024-10-25 12:49:00+00:00,MRVL,83.16000366210938,83.16000366210938,83.16999816894531,83.13999938964844,83.1500015258789,9013.0
2024-10-25 12:49:00+00:00,MSFT,430.2099914550781,430.2099914550781,430.30999755859375,430.2099914550781,430.29998779296875,9346.0
2024-10-25 12:49:00+00:00,MSTR,239.47000122070312,239.47000122070312,239.78500366210938,239.47000122070312,239.58999633789062,10325.0
2024-10-25 12:49:00+00:00,MTEK,1.917199969291687,1.917199969291687,1.917199969291687,1.899999976158142,1.899999976158142,21.0
2024-10-25 12:49:00+00:00,MU,108.91999816894531,108.91999816894531,108.9520034790039,108.91999816894531,108.94000244140625,12300.0
2024-10-25 12:49:00+00:00,MVIS,1.0950000286102295,1.0950000286102295,1.100000023841858,1.0950000286102295,1.100000023841858,1013.0
2024-10-25 12:49:00+00:00,MXL,15.100000381469727,15.100000381469727,15.119999885559082,15.09000015258789,15.109999656677246,3235.0
2024-10-25 12:49:00+00:00,NCNO,37.779998779296875,37.779998779296875,37.779998779296875,37.779998779296875,37.779998779296875,267.0
2024-10-25 12:49:00+00:00,NTAP,120.4000015258789,120.4000015258789,120.4000015258789,120.37000274658203,120.37000274658203,365.0
2024-10-25 12:49:00+00:00,NVDA,143.218505859375,143.218505859375,143.27000427246094,143.19000244140625,143.22000122070312,374359.0
2024-10-25 12:49:00+00:00,NVTS,2.609999895095825,2.609999895095825,2.609999895095825,2.609999895095825,2.609999895095825,201.0
2024-10-25 12:49:00+00:00,NXPI,245.44000244140625,245.44000244140625,245.44000244140625,245.44000244140625,245.44000244140625,984.0
2024-10-25 12:49:00+00:00,OLED,204.16000366210938,204.16000366210938,204.16000366210938,204.16000366210938,204.16000366210938,170.0
2024-10-25 12:49:00+00:00,ON,72.05999755859375,72.05999755859375,72.08000183105469,72.0,72.05999755859375,19177.0
2024-10-25 12:49:00+00:00,OSS,2.4068000316619873,2.4068000316619873,2.4068000316619873,2.4068000316619873,2.4068000316619873,550.0
2024-10-25 12:49:00+00:00,OTEX,33.38999938964844,33.38999938964844,33.38999938964844,33.38999938964844,33.38999938964844,461.0
2024-10-25 12:49:00+00:00,PALT,1.9500000476837158,1.9500000476837158,1.9500000476837158,1.9500000476837158,1.9500000476837158,624.0
2024-10-25 12:49:00+00:00,PEGA,80.375,80.375,80.38500213623047,80.33000183105469,80.38500213623047,3523.0
2024-10-25 12:49:00+00:00,PEGY,4.659999847412109,4.659999847412109,4.659999847412109,4.630000114440918,4.630000114440918,1605.0
2024-10-25 12:49:00+00:00,PGY,11.804699897766113,11.804699897766113,11.8149995803833,11.804699897766113,11.8149995803833,1135.0
2024-10-25 12:49:00+00:00,PHUN,10.175000190734863,10.175000190734863,10.180000305175781,10.133099555969238,10.168399810791016,23935.0
2024-10-25 12:49:00+00:00,POET,3.880000114440918,3.880000114440918,3.880000114440918,3.880000114440918,3.880000114440918,716.0
2024-10-25 12:49:00+00:00,PRCH,1.3200000524520874,1.3200000524520874,1.3309999704360962,1.3200000524520874,1.3309999704360962,8959.0
2024-10-25 12:49:00+00:00,PTC,187.10499572753906,187.10499572753906,187.11500549316406,187.10499572753906,187.11500549316406,336.0
2024-10-25 12:49:00+00:00,PUBM,14.858699798583984,14.858699798583984,14.858699798583984,14.858699798583984,14.858699798583984,685.0
2024-10-25 12:49:00+00:00,PYCR,14.34000015258789,14.34000015258789,14.34000015258789,14.34000015258789,14.34000015258789,377.0
2024-10-25 12:49:00+00:00,QCOM,172.75999450683594,172.75999450683594,172.75999450683594,172.72000122070312,172.74000549316406,3917.0
2024-10-25 12:49:00+00:00,QRVO,100.48249816894531,100.48249816894531,100.48999786376953,100.4800033569336,100.48999786376953,1217.0
2024-10-25 12:49:00+00:00,QUBT,1.065000057220459,1.065000057220459,1.065000057220459,1.065000057220459,1.065000057220459,752.0
2024-10-25 12:49:00+00:00,RCAT,2.765000104904175,2.765000104904175,2.765000104904175,2.765000104904175,2.765000104904175,643.0
2024-10-25 12:49:00+00:00,RELL,14.085000038146973,14.085000038146973,14.085000038146973,14.079999923706055,14.079999923706055,0.0
2024-10-25 12:49:00+00:00,RELY,14.84000015258789,14.84000015258789,14.84000015258789,14.84000015258789,14.84000015258789,569.0
2024-10-25 12:49:00+00:00,RGTI,1.215000033378601,1.215000033378601,1.215000033378601,1.2115000486373901,1.2115000486373901,480.0
2024-10-25 12:49:00+00:00,RIOT,10.053999900817871,10.053999900817871,10.065999984741211,10.053999900817871,10.0649995803833,13404.0
2024-10-25 12:49:00+00:00,RMBS,43.56999969482422,43.56999969482422,43.56999969482422,43.56999969482422,43.56999969482422,909.0
2024-10-25 12:49:00+00:00,RPD,38.9900016784668,38.9900016784668,38.9900016784668,38.9900016784668,38.9900016784668,513.0
2024-10-25 12:49:00+00:00,RUM,5.702400207519531,5.702400207519531,5.7058000564575195,5.702400207519531,5.7058000564575195,390.0
2024-10-25 12:49:00+00:00,RUN,14.364999771118164,14.364999771118164,14.369999885559082,14.359000205993652,14.359999656677246,7085.0
2024-10-25 12:49:00+00:00,SATS,25.049999237060547,25.049999237060547,25.075000762939453,25.049999237060547,25.06999969482422,1924.0
2024-10-25 12:49:00+00:00,SCWX,8.380000114440918,8.380000114440918,8.380000114440918,8.380000114440918,8.380000114440918,118.0
2024-10-25 12:49:00+00:00,SEDG,16.170000076293945,16.170000076293945,16.18000030517578,16.14310073852539,16.15999984741211,6654.0
2024-10-25 12:49:00+00:00,SHLS,5.315000057220459,5.315000057220459,5.3180999755859375,5.315000057220459,5.315000057220459,3085.0
2024-10-25 12:49:00+00:00,SKYT,10.739999771118164,10.739999771118164,10.739999771118164,10.739999771118164,10.739999771118164,940.0
2024-10-25 12:49:00+00:00,SMCI,47.70009994506836,47.70009994506836,47.7400016784668,47.70000076293945,47.72999954223633,17562.0
2024-10-25 12:49:00+00:00,SMSI,0.8098999857902527,0.8098999857902527,0.8098999857902527,0.8098999857902527,0.8098999857902527,2771.0
2024-10-25 12:49:00+00:00,SNPS,504.0400085449219,504.0400085449219,504.0400085449219,504.0400085449219,504.0400085449219,442.0
2024-10-25 12:49:00+00:00,SOBR,7.291200160980225,7.291200160980225,7.291200160980225,7.25,7.25,332.0
2024-10-25 12:49:00+00:00,SOUN,5.255000114440918,5.255000114440918,5.255000114440918,5.25,5.25,8736.0
2024-10-25 12:49:00+00:00,SPSC,171.5500030517578,171.5500030517578,172.22500610351562,171.5500030517578,172.22500610351562,2251.0
2024-10-25 12:49:00+00:00,SRAD,12.385000228881836,12.385000228881836,12.385000228881836,12.385000228881836,12.385000228881836,624.0
2024-10-25 12:49:00+00:00,SSNC,69.7249984741211,69.7249984741211,69.7249984741211,69.69999694824219,69.69999694824219,4508.0
2024-10-25 12:49:00+00:00,SSTI,11.397500038146973,11.397500038146973,11.454999923706055,11.397500038146973,11.454999923706055,1236.0
2024-10-25 12:49:00+00:00,STNE,11.520000457763672,11.520000457763672,11.520000457763672,11.515000343322754,11.515000343322754,882.0
2024-10-25 12:49:00+00:00,STX,103.87000274658203,103.87000274658203,103.87000274658203,103.83499908447266,103.8499984741211,2890.0
2024-10-25 12:49:00+00:00,SURG,1.75,1.75,1.75,1.75,1.75,600.0
2024-10-25 12:49:00+00:00,SWKS,96.5999984741211,96.5999984741211,96.5999984741211,96.552001953125,96.552001953125,1451.0
2024-10-25 12:49:00+00:00,SYNA,73.4175033569336,73.4175033569336,73.4175033569336,73.3499984741211,73.3499984741211,1142.0
2024-10-25 12:49:00+00:00,SYTA,1.284999966621399,1.284999966621399,1.284999966621399,1.284999966621399,1.284999966621399,205.0
2024-10-25 12:49:00+00:00,TEAM,190.07000732421875,190.07000732421875,190.07000732421875,190.0399932861328,190.0399932861328,1143.0
2024-10-25 12:49:00+00:00,TENB,41.65999984741211,41.65999984741211,41.65999984741211,41.599998474121094,41.599998474121094,1066.0
2024-10-25 12:49:00+00:00,TER,112.88500213623047,112.88500213623047,112.88500213623047,112.8499984741211,112.8499984741211,3520.0
2024-10-25 12:49:00+00:00,TRMB,61.06999969482422,61.06999969482422,61.06999969482422,61.06999969482422,61.06999969482422,758.0
2024-10-25 12:49:00+00:00,TTD,119.44999694824219,119.44999694824219,119.44999694824219,119.38999938964844,119.41000366210938,889.0
2024-10-25 12:49:00+00:00,TWKS,4.449999809265137,4.449999809265137,4.454999923706055,4.449999809265137,4.449999809265137,2314.0
2024-10-25 12:49:00+00:00,TXN,209.13999938964844,209.13999938964844,209.18499755859375,209.1199951171875,209.18499755859375,4684.0
2024-10-25 12:49:00+00:00,VERB,10.098799705505371,10.098799705505371,10.098799705505371,10.09000015258789,10.09000015258789,520.0
2024-10-25 12:49:00+00:00,VERX,42.119998931884766,42.119998931884766,42.119998931884766,42.119998931884766,42.119998931884766,314.0
2024-10-25 12:49:00+00:00,VRNS,56.915000915527344,56.915000915527344,56.95500183105469,56.915000915527344,56.95500183105469,933.0
2024-10-25 12:49:00+00:00,VRSN,185.82000732421875,185.82000732421875,185.94000244140625,185.74000549316406,185.74000549316406,882.0
2024-10-25 12:49:00+00:00,VSAT,10.319999694824219,10.319999694824219,10.319999694824219,10.3100004196167,10.319999694824219,553.0
2024-10-25 12:49:00+00:00,VUZI,1.309999942779541,1.309999942779541,1.3243000507354736,1.309999942779541,1.3243000507354736,6625.0
2024-10-25 12:49:00+00:00,WALD,3.6050000190734863,3.6050000190734863,3.6050000190734863,3.6050000190734863,3.6050000190734863,1102.0
2024-10-25 12:49:00+00:00,WDAY,239.36000061035156,239.36000061035156,239.36000061035156,239.36000061035156,239.36000061035156,621.0
2024-10-25 12:49:00+00:00,WDC,71.01499938964844,71.01499938964844,71.0999984741211,70.98999786376953,71.0199966430664,9440.0
2024-10-25 12:49:00+00:00,WISA,1.940000057220459,1.940000057220459,1.940000057220459,1.940000057220459,1.940000057220459,1406.0
2024-10-25 12:49:00+00:00,WIX,165.42999267578125,165.42999267578125,165.42999267578125,165.42999267578125,165.42999267578125,308.0
2024-10-25 12:49:00+00:00,XPER,9.420000076293945,9.420000076293945,9.420000076293945,9.420000076293945,9.420000076293945,325.0
2024-10-25 12:49:00+00:00,ZI,10.5600004196167,10.5600004196167,10.5649995803833,10.5600004196167,10.5649995803833,3595.0
2024-10-25 12:49:00+00:00,ZM,73.12000274658203,73.12000274658203,73.13500213623047,73.12000274658203,73.13500213623047,1265.0
2024-10-25 12:49:00+00:00,ZS,185.4949951171875,185.4949951171875,185.4949951171875,185.4550018310547,185.4550018310547,706.0
2024-10-25 12:50:00+00:00,AAOI,17.84000015258789,17.84000015258789,17.84000015258789,17.81679916381836,17.826000213623047,1354.0
2024-10-25 12:50:00+00:00,AAPL,232.79010009765625,232.79010009765625,232.8000030517578,232.72999572753906,232.73989868164062,40217.0
2024-10-25 12:50:00+00:00,ACLS,90.70999908447266,90.70999908447266,90.70999908447266,90.70999908447266,90.70999908447266,282.0
2024-10-25 12:50:00+00:00,ACMR,19.90999984741211,19.90999984741211,19.90999984741211,19.90999984741211,19.90999984741211,1100.0
2024-10-25 12:50:00+00:00,ADBE,486.1300048828125,486.1300048828125,486.1300048828125,485.7699890136719,485.7699890136719,1959.0
2024-10-25 12:50:00+00:00,ADI,233.75650024414062,233.75650024414062,233.75650024414062,233.66000366210938,233.69000244140625,2163.0
2024-10-25 12:50:00+00:00,AEHR,17.36009979248047,17.36009979248047,17.3799991607666,17.36009979248047,17.364999771118164,3581.0
2024-10-25 12:50:00+00:00,AFRM,41.72999954223633,41.72999954223633,41.72999954223633,41.660099029541016,41.660099029541016,4906.0
2024-10-25 12:50:00+00:00,AKAM,102.79000091552734,102.79000091552734,102.79000091552734,102.76000213623047,102.76000213623047,1634.0
2024-10-25 12:50:00+00:00,AKTS,0.057100001722574234,0.057100001722574234,0.057100001722574234,0.057100001722574234,0.057100001722574234,5000.0
2024-10-25 12:50:00+00:00,ALGM,22.959999084472656,22.959999084472656,22.979999542236328,22.959999084472656,22.979999542236328,6807.0
2024-10-25 12:50:00+00:00,ALTR,103.99500274658203,103.99500274658203,103.99500274658203,103.99500274658203,103.99500274658203,788.0
2024-10-25 12:50:00+00:00,AMAT,188.82159423828125,188.82159423828125,188.8800048828125,188.67559814453125,188.67999267578125,3804.0
2024-10-25 12:50:00+00:00,AMBA,58.839900970458984,58.839900970458984,58.839900970458984,58.77000045776367,58.77000045776367,441.0
2024-10-25 12:50:00+00:00,AMD,157.9001007080078,157.9001007080078,157.91200256347656,157.72999572753906,157.73500061035156,41943.0
2024-10-25 12:50:00+00:00,AMKR,30.079999923706055,30.079999923706055,30.079999923706055,30.065000534057617,30.065000534057617,1043.0
2024-10-25 12:50:00+00:00,ANSS,325.9599914550781,325.9599914550781,325.9599914550781,325.95001220703125,325.95001220703125,2052.0
2024-10-25 12:50:00+00:00,ANY,1.0700000524520874,1.0700000524520874,1.0700000524520874,1.0700000524520874,1.0700000524520874,200.0
2024-10-25 12:50:00+00:00,APCX,0.7400000095367432,0.7400000095367432,0.7400000095367432,0.7400000095367432,0.7400000095367432,950.0
2024-10-25 12:50:00+00:00,API,2.8350000381469727,2.8350000381469727,2.8350000381469727,2.8350000381469727,2.8350000381469727,703.0
2024-10-25 12:50:00+00:00,APP,162.02000427246094,162.02000427246094,162.02000427246094,161.97999572753906,161.97999572753906,1126.0
2024-10-25 12:50:00+00:00,APPS,3.075000047683716,3.075000047683716,3.075000047683716,3.069999933242798,3.069999933242798,827.0
2024-10-25 12:50:00+00:00,ARRY,6.534999847412109,6.534999847412109,6.539999961853027,6.534999847412109,6.534999847412109,9100.0
2024-10-25 12:50:00+00:00,ASML,718.489990234375,718.489990234375,718.489990234375,718.1724243164062,718.1724243164062,1891.0
2024-10-25 12:50:00+00:00,ASUR,9.579999923706055,9.579999923706055,9.579999923706055,9.579999923706055,9.579999923706055,234.0
2024-10-25 12:50:00+00:00,ATOM,3.365999937057495,3.365999937057495,3.365999937057495,3.365999937057495,3.365999937057495,477.0
2024-10-25 12:50:00+00:00,AUR,6.445000171661377,6.445000171661377,6.449900150299072,6.445000171661377,6.449900150299072,450.0
2024-10-25 12:50:00+00:00,AVDX,8.149999618530273,8.149999618530273,8.149999618530273,8.145000457763672,8.145000457763672,533.0
2024-10-25 12:50:00+00:00,AVGO,175.7899932861328,175.7899932861328,175.82000732421875,175.7100067138672,175.72500610351562,14631.0
2024-10-25 12:50:00+00:00,AVPT,12.0,12.0,12.0,11.989999771118164,11.989999771118164,1445.0
2024-10-25 12:50:00+00:00,AVT,54.060001373291016,54.060001373291016,54.060001373291016,54.060001373291016,54.060001373291016,175.0
2024-10-25 12:50:00+00:00,BAND,17.690000534057617,17.690000534057617,17.690000534057617,17.690000534057617,17.690000534057617,252.0
2024-10-25 12:50:00+00:00,BASE,16.360000610351562,16.360000610351562,16.360000610351562,16.360000610351562,16.360000610351562,333.0
2024-10-25 12:50:00+00:00,BIGC,5.324999809265137,5.324999809265137,5.324999809265137,5.320000171661377,5.320000171661377,0.0
2024-10-25 12:50:00+00:00,BL,56.459999084472656,56.459999084472656,56.459999084472656,56.459999084472656,56.459999084472656,419.0
2024-10-25 12:50:00+00:00,BOSC,2.9305999279022217,2.9305999279022217,2.9305999279022217,2.9305999279022217,2.9305999279022217,0.0
2024-10-25 12:50:00+00:00,BRZE,30.645000457763672,30.645000457763672,30.649999618530273,30.639999389648438,30.649999618530273,1389.0
2024-10-25 12:50:00+00:00,BSY,49.105899810791016,49.105899810791016,49.105899810791016,49.06779861450195,49.06779861450195,1117.0
2024-10-25 12:50:00+00:00,CAMT,78.625,78.625,78.625,78.625,78.625,297.0
2024-10-25 12:50:00+00:00,CDNS,259.7774963378906,259.7774963378906,259.7774963378906,259.6300048828125,259.6300048828125,1614.0
2024-10-25 12:50:00+00:00,CDW,219.8000030517578,219.8000030517578,219.8000030517578,219.6999969482422,219.6999969482422,10742.0
2024-10-25 12:50:00+00:00,CETX,0.3021000027656555,0.3021000027656555,0.3021000027656555,0.3021000027656555,0.3021000027656555,108.0
2024-10-25 12:50:00+00:00,CFLT,22.5,22.5,22.524999618530273,22.479999542236328,22.5,7762.0
2024-10-25 12:50:00+00:00,CLSK,11.925399780273438,11.925399780273438,11.944999694824219,11.920100212097168,11.9399995803833,12172.0
2024-10-25 12:50:00+00:00,CNDT,3.6500000953674316,3.6500000953674316,3.6549999713897705,3.6500000953674316,3.6549999713897705,203.0
2024-10-25 12:50:00+00:00,COHR,95.4000015258789,95.4000015258789,95.4000015258789,95.30000305175781,95.31999969482422,1509.0
2024-10-25 12:50:00+00:00,COIN,209.9149932861328,209.9149932861328,210.0399932861328,209.89999389648438,210.0,9525.0
2024-10-25 12:50:00+00:00,COMM,6.315000057220459,6.315000057220459,6.324999809265137,6.304999828338623,6.324999809265137,4715.0
2024-10-25 12:50:00+00:00,CORZ,13.380000114440918,13.380000114440918,13.385000228881836,13.380000114440918,13.380000114440918,3591.0
2024-10-25 12:50:00+00:00,CRCT,6.59250020980835,6.59250020980835,6.59250020980835,6.590000152587891,6.590000152587891,1079.0
2024-10-25 12:50:00+00:00,CRDO,39.72999954223633,39.72999954223633,39.72999954223633,39.709999084472656,39.72999954223633,1121.0
2024-10-25 12:50:00+00:00,CRNC,2.8550000190734863,2.8550000190734863,2.8550000190734863,2.8550000190734863,2.8550000190734863,340.0
2024-10-25 12:50:00+00:00,CRWD,300.82000732421875,300.82000732421875,301.0694885253906,298.5000915527344,299.0414123535156,72515.0
2024-10-25 12:50:00+00:00,CSCO,55.974998474121094,55.974998474121094,55.98500061035156,55.96500015258789,55.97010040283203,14918.0
2024-10-25 12:50:00+00:00,CSIQ,13.75,13.75,13.75,13.729999542236328,13.739999771118164,3246.0
2024-10-25 12:50:00+00:00,CTLP,8.920000076293945,8.920000076293945,8.920000076293945,8.920000076293945,8.920000076293945,323.0
2024-10-25 12:50:00+00:00,CTSH,74.94999694824219,74.94999694824219,74.94999694824219,74.93499755859375,74.93499755859375,3474.0
2024-10-25 12:50:00+00:00,DAKT,13.104999542236328,13.104999542236328,13.104999542236328,13.100000381469727,13.100000381469727,404.0
2024-10-25 12:50:00+00:00,DBX,26.05500030517578,26.05500030517578,26.05500030517578,26.045000076293945,26.045000076293945,4487.0
2024-10-25 12:50:00+00:00,DDOG,127.22000122070312,127.22000122070312,127.26000213623047,127.12999725341797,127.13999938964844,6507.0
2024-10-25 12:50:00+00:00,DGII,30.729999542236328,30.729999542236328,30.729999542236328,30.729999542236328,30.729999542236328,574.0
2024-10-25 12:50:00+00:00,DIOD,66.6449966430664,66.6449966430664,66.6449966430664,66.62999725341797,66.62999725341797,1307.0
2024-10-25 12:50:00+00:00,DLO,8.890000343322754,8.890000343322754,8.890000343322754,8.890000343322754,8.890000343322754,992.0
2024-10-25 12:50:00+00:00,DOCU,69.87000274658203,69.87000274658203,69.87000274658203,69.83000183105469,69.83000183105469,2596.0
2024-10-25 12:50:00+00:00,DOMO,8.055000305175781,8.055000305175781,8.055000305175781,8.055000305175781,8.055000305175781,111.0
2024-10-25 12:50:00+00:00,DTSS,2.4600000381469727,2.4600000381469727,2.4600000381469727,2.4600000381469727,2.4600000381469727,5459.0
2024-10-25 12:50:00+00:00,DTST,3.484999895095825,3.484999895095825,3.484999895095825,3.484999895095825,3.484999895095825,221.0
2024-10-25 12:50:00+00:00,DUOL,290.0,290.0,290.0,290.0,290.0,123.0
2024-10-25 12:50:00+00:00,EEFT,99.98500061035156,99.98500061035156,99.98500061035156,99.9800033569336,99.9800033569336,384.0
2024-10-25 12:50:00+00:00,ENPH,83.15080261230469,83.15080261230469,83.23500061035156,83.11000061035156,83.12000274658203,4204.0
2024-10-25 12:50:00+00:00,ENTG,106.12000274658203,106.12000274658203,106.12000274658203,106.08499908447266,106.08499908447266,2428.0
2024-10-25 12:50:00+00:00,ERIC,8.484999656677246,8.484999656677246,8.484999656677246,8.479999542236328,8.479999542236328,16505.0
2024-10-25 12:50:00+00:00,EVCM,10.5600004196167,10.5600004196167,10.5600004196167,10.5600004196167,10.5600004196167,183.0
2024-10-25 12:50:00+00:00,EXLS,38.90999984741211,38.90999984741211,38.90999984741211,38.90999984741211,38.90999984741211,308.0
2024-10-25 12:50:00+00:00,FFIV,216.6199951171875,216.6199951171875,216.6199951171875,216.6199951171875,216.6199951171875,416.0
2024-10-25 12:50:00+00:00,FIVN,29.90999984741211,29.90999984741211,29.90999984741211,29.889999389648438,29.889999389648438,2331.0
2024-10-25 12:50:00+00:00,FLEX,35.244998931884766,35.244998931884766,35.25,35.244998931884766,35.25,767.0
2024-10-25 12:50:00+00:00,FROG,29.459999084472656,29.459999084472656,29.459999084472656,29.459999084472656,29.459999084472656,135.0
2024-10-25 12:50:00+00:00,FRSH,11.65999984741211,11.65999984741211,11.65999984741211,11.65999984741211,11.65999984741211,230.0
2024-10-25 12:50:00+00:00,FSLR,199.02999877929688,199.02999877929688,199.02999877929688,199.0050048828125,199.0050048828125,763.0
2024-10-25 12:50:00+00:00,FTNT,81.18000030517578,81.18000030517578,81.18990325927734,81.12000274658203,81.12000274658203,4129.0
2024-10-25 12:50:00+00:00,GCT,24.821199417114258,24.821199417114258,24.897499084472656,24.821199417114258,24.8799991607666,3666.0
2024-10-25 12:50:00+00:00,GDS,21.679899215698242,21.679899215698242,21.679899215698242,21.679899215698242,21.679899215698242,858.0
2024-10-25 12:50:00+00:00,GFS,41.260101318359375,41.260101318359375,41.27000045776367,41.2599983215332,41.2599983215332,1432.0
2024-10-25 12:50:00+00:00,GRAB,4.085000038146973,4.085000038146973,4.085000038146973,4.084000110626221,4.084000110626221,27414.0
2024-10-25 12:50:00+00:00,GTLB,55.31999969482422,55.31999969482422,55.349998474121094,55.2599983215332,55.290000915527344,6134.0
2024-10-25 12:50:00+00:00,HCP,33.67499923706055,33.67499923706055,33.67499923706055,33.67499923706055,33.67499923706055,301.0
2024-10-25 12:50:00+00:00,HLIT,14.789999961853027,14.789999961853027,14.789999961853027,14.789999961853027,14.789999961853027,1050.0
2024-10-25 12:50:00+00:00,HOOD,27.329999923706055,27.329999923706055,27.334999084472656,27.309999465942383,27.31999969482422,6199.0
2024-10-25 12:50:00+00:00,IBEX,18.110000610351562,18.110000610351562,18.110000610351562,18.110000610351562,18.110000610351562,823.0
2024-10-25 12:50:00+00:00,IIIV,22.905000686645508,22.905000686645508,22.905000686645508,22.905000686645508,22.905000686645508,167.0
2024-10-25 12:50:00+00:00,IMMR,8.729999542236328,8.729999542236328,8.729999542236328,8.729999542236328,8.729999542236328,399.0
2024-10-25 12:50:00+00:00,INDI,3.575000047683716,3.575000047683716,3.575000047683716,3.575000047683716,3.575000047683716,4550.0
2024-10-25 12:50:00+00:00,INOD,20.1299991607666,20.1299991607666,20.1299991607666,20.1299991607666,20.1299991607666,255.0
2024-10-25 12:50:00+00:00,INTA,49.95000076293945,49.95000076293945,49.95000076293945,49.95000076293945,49.95000076293945,396.0
2024-10-25 12:50:00+00:00,INTC,23.155000686645508,23.155000686645508,23.159000396728516,23.1200008392334,23.125,51222.0
2024-10-25 12:50:00+00:00,INTU,611.3699951171875,611.3699951171875,611.3699951171875,610.8001098632812,610.8001098632812,1252.0
2024-10-25 12:50:00+00:00,ITI,7.195000171661377,7.195000171661377,7.195000171661377,7.195000171661377,7.195000171661377,200.0
2024-10-25 12:50:00+00:00,JAMF,16.799999237060547,16.799999237060547,16.809999465942383,16.799999237060547,16.809999465942383,1010.0
2024-10-25 12:50:00+00:00,JKHY,183.83999633789062,183.83999633789062,183.83999633789062,183.83999633789062,183.83999633789062,1064.0
2024-10-25 12:50:00+00:00,KC,2.7249999046325684,2.7249999046325684,2.7249999046325684,2.7249999046325684,2.7249999046325684,128.0
2024-10-25 12:50:00+00:00,KLAC,682.280029296875,682.280029296875,682.280029296875,681.5999755859375,681.5999755859375,1919.0
2024-10-25 12:50:00+00:00,KLIC,44.69499969482422,44.69499969482422,44.69499969482422,44.69499969482422,44.69499969482422,451.0
2024-10-25 12:50:00+00:00,KOPN,0.7842000126838684,0.7842000126838684,0.7842000126838684,0.7842000126838684,0.7842000126838684,1643.0
2024-10-25 12:50:00+00:00,KPLT,8.811400413513184,8.811400413513184,8.811400413513184,8.811400413513184,8.811400413513184,806.0
2024-10-25 12:50:00+00:00,LINK,4.914999961853027,4.914999961853027,4.968500137329102,4.914999961853027,4.968500137329102,2195.0
2024-10-25 12:50:00+00:00,LITE,64.22000122070312,64.22000122070312,64.22000122070312,64.19000244140625,64.19000244140625,804.0
2024-10-25 12:50:00+00:00,LOGI,80.98999786376953,80.98999786376953,80.98999786376953,80.98999786376953,80.98999786376953,390.0
2024-10-25 12:50:00+00:00,LPSN,1.1714999675750732,1.1714999675750732,1.1714999675750732,1.1714999675750732,1.1714999675750732,712.0
2024-10-25 12:50:00+00:00,LRCX,79.31990051269531,79.31990051269531,79.31990051269531,79.25,79.25,13085.0
2024-10-25 12:50:00+00:00,LSCC,54.65999984741211,54.65999984741211,54.69499969482422,54.65999984741211,54.65999984741211,1690.0
2024-10-25 12:50:00+00:00,LYFT,13.755000114440918,13.755000114440918,13.774999618530273,13.755000114440918,13.774999618530273,16402.0
2024-10-25 12:50:00+00:00,MCHP,77.18000030517578,77.18000030517578,77.18000030517578,77.13999938964844,77.13999938964844,2230.0
2024-10-25 12:50:00+00:00,MDB,267.0824890136719,267.0824890136719,267.0824890136719,267.0824890136719,267.0824890136719,278.0
2024-10-25 12:50:00+00:00,MITK,8.77180004119873,8.77180004119873,8.789999961853027,8.77180004119873,8.789999961853027,330.0
2024-10-25 12:50:00+00:00,MKSI,101.60700225830078,101.60700225830078,101.60700225830078,101.60700225830078,101.60700225830078,421.0
2024-10-25 12:50:00+00:00,MNDO,2.0,2.0,2.0,2.0,2.0,2474.0
2024-10-25 12:50:00+00:00,MNDY,298.7300109863281,298.7300109863281,298.7300109863281,298.7300109863281,298.7300109863281,225.0
2024-10-25 12:50:00+00:00,MPWR,924.3699951171875,924.3699951171875,924.3699951171875,923.4000244140625,923.4000244140625,1668.0
2024-10-25 12:50:00+00:00,MRVL,83.2582015991211,83.2582015991211,83.2582015991211,83.16000366210938,83.16000366210938,4922.0
2024-10-25 12:50:00+00:00,MSFT,430.3800048828125,430.3800048828125,430.40411376953125,430.2200927734375,430.239990234375,10756.0
2024-10-25 12:50:00+00:00,MSTR,239.44000244140625,239.44000244140625,239.69859313964844,239.32460021972656,239.64999389648438,11311.0
2024-10-25 12:50:00+00:00,MTLS,5.960000038146973,5.960000038146973,5.960000038146973,5.960000038146973,5.960000038146973,0.0
2024-10-25 12:50:00+00:00,MTSI,120.79000091552734,120.79000091552734,120.79000091552734,120.79000091552734,120.79000091552734,1487.0
2024-10-25 12:50:00+00:00,MTTR,4.625,4.625,4.625,4.625,4.625,1368.0
2024-10-25 12:50:00+00:00,MU,108.9800033569336,108.9800033569336,108.9800033569336,108.91999816894531,108.93000030517578,9505.0
2024-10-25 12:50:00+00:00,MVIS,1.100000023841858,1.100000023841858,1.100000023841858,1.100000023841858,1.100000023841858,210.0
2024-10-25 12:50:00+00:00,MXL,15.119999885559082,15.119999885559082,15.119999885559082,15.09000015258789,15.100000381469727,3178.0
2024-10-25 12:50:00+00:00,NCNO,37.77069854736328,37.77069854736328,37.77069854736328,37.77000045776367,37.77000045776367,478.0
2024-10-25 12:50:00+00:00,NEON,8.245499610900879,8.245499610900879,8.245499610900879,8.245499610900879,8.245499610900879,304.0
2024-10-25 12:50:00+00:00,NICE,176.66000366210938,176.66000366210938,176.66000366210938,176.66000366210938,176.66000366210938,471.0
2024-10-25 12:50:00+00:00,NNDM,2.329900026321411,2.329900026321411,2.329900026321411,2.329900026321411,2.329900026321411,1057.0
2024-10-25 12:50:00+00:00,NTAP,120.40499877929688,120.40499877929688,120.40499877929688,120.38500213623047,120.40499877929688,1171.0
2024-10-25 12:50:00+00:00,NTGR,20.354999542236328,20.354999542236328,20.354999542236328,20.354999542236328,20.354999542236328,205.0
2024-10-25 12:50:00+00:00,NTNX,62.1349983215332,62.1349983215332,62.150001525878906,62.1349983215332,62.150001525878906,751.0
2024-10-25 12:50:00+00:00,NVDA,143.31500244140625,143.31500244140625,143.32000732421875,143.1999969482422,143.22000122070312,262018.0
2024-10-25 12:50:00+00:00,NVEI,33.525001525878906,33.525001525878906,33.525001525878906,33.525001525878906,33.525001525878906,200.0
2024-10-25 12:50:00+00:00,NVTS,2.6050000190734863,2.6050000190734863,2.6050000190734863,2.5999999046325684,2.5999999046325684,829.0
2024-10-25 12:50:00+00:00,NXPI,245.6649932861328,245.6649932861328,245.6999969482422,245.4375,245.4600067138672,3903.0
2024-10-25 12:50:00+00:00,OKTA,72.47000122070312,72.47000122070312,72.5199966430664,72.47000122070312,72.5,1303.0
2024-10-25 12:50:00+00:00,OLED,204.1649932861328,204.1649932861328,204.1649932861328,204.1649932861328,204.1649932861328,613.0
2024-10-25 12:50:00+00:00,ON,72.15579986572266,72.15579986572266,72.16000366210938,72.05000305175781,72.05999755859375,21276.0
2024-10-25 12:50:00+00:00,OSIS,135.3249969482422,135.3249969482422,135.4600067138672,135.3249969482422,135.4600067138672,1639.0
2024-10-25 12:50:00+00:00,PANW,369.1565856933594,369.1565856933594,369.1565856933594,368.7004089355469,368.7004089355469,1663.0
2024-10-25 12:50:00+00:00,PAYO,8.305000305175781,8.305000305175781,8.305000305175781,8.305000305175781,8.305000305175781,534.0
2024-10-25 12:50:00+00:00,PCTY,173.27999877929688,173.27999877929688,173.36000061035156,173.27999877929688,173.36000061035156,883.0
2024-10-25 12:50:00+00:00,PEGA,80.41000366210938,80.41000366210938,80.41999816894531,80.4000015258789,80.41000366210938,2513.0
2024-10-25 12:50:00+00:00,PGY,11.829999923706055,11.829999923706055,11.829999923706055,11.829999923706055,11.829999923706055,0.0
2024-10-25 12:50:00+00:00,PHUN,10.112000465393066,10.112000465393066,10.182000160217285,10.109999656677246,10.180000305175781,10936.0
2024-10-25 12:50:00+00:00,PLXS,142.72000122070312,142.72000122070312,142.72000122070312,142.72000122070312,142.72000122070312,1019.0
2024-10-25 12:50:00+00:00,POET,3.869999885559082,3.869999885559082,3.880000114440918,3.869999885559082,3.880000114440918,1327.0
2024-10-25 12:50:00+00:00,POWI,64.1050033569336,64.1050033569336,64.1050033569336,64.08999633789062,64.08999633789062,336.0
2024-10-25 12:50:00+00:00,PYCR,14.34000015258789,14.34000015258789,14.34000015258789,14.34000015258789,14.34000015258789,373.0
2024-10-25 12:50:00+00:00,QCOM,172.8800048828125,172.8800048828125,172.8800048828125,172.77999877929688,172.77999877929688,5554.0
2024-10-25 12:50:00+00:00,QRVO,100.5999984741211,100.5999984741211,100.5999984741211,100.5199966430664,100.5199966430664,6718.0
2024-10-25 12:50:00+00:00,QUBT,1.059999942779541,1.059999942779541,1.065000057220459,1.059999942779541,1.065000057220459,4429.0
2024-10-25 12:50:00+00:00,RCAT,2.7639999389648438,2.7639999389648438,2.765000104904175,2.7639999389648438,2.765000104904175,1191.0
2024-10-25 12:50:00+00:00,RELL,14.0600004196167,14.0600004196167,14.0600004196167,14.0600004196167,14.0600004196167,224.0
2024-10-25 12:50:00+00:00,RELY,14.84000015258789,14.84000015258789,14.84000015258789,14.84000015258789,14.84000015258789,663.0
2024-10-25 12:50:00+00:00,RGTI,1.215000033378601,1.215000033378601,1.215000033378601,1.215000033378601,1.215000033378601,1998.0
2024-10-25 12:50:00+00:00,RIOT,10.0600004196167,10.0600004196167,10.0600004196167,10.055000305175781,10.055000305175781,10085.0
2024-10-25 12:50:00+00:00,RMBS,43.599998474121094,43.599998474121094,43.599998474121094,43.56999969482422,43.56999969482422,2168.0
2024-10-25 12:50:00+00:00,RPAY,7.599999904632568,7.599999904632568,7.599999904632568,7.599999904632568,7.599999904632568,342.0
2024-10-25 12:50:00+00:00,RPD,39.0099983215332,39.0099983215332,39.040000915527344,39.0099983215332,39.040000915527344,513.0
2024-10-25 12:50:00+00:00,RUM,5.704999923706055,5.704999923706055,5.704999923706055,5.704999923706055,5.704999923706055,865.0
2024-10-25 12:50:00+00:00,RUN,14.34000015258789,14.34000015258789,14.359999656677246,14.34000015258789,14.359999656677246,5637.0
2024-10-25 12:50:00+00:00,SATS,25.040000915527344,25.040000915527344,25.045000076293945,25.040000915527344,25.045000076293945,1659.0
2024-10-25 12:50:00+00:00,SCSC,44.88999938964844,44.88999938964844,44.88999938964844,44.88999938964844,44.88999938964844,968.0
2024-10-25 12:50:00+00:00,SEDG,16.15999984741211,16.15999984741211,16.18000030517578,16.15999984741211,16.15999984741211,1576.0
2024-10-25 12:50:00+00:00,SHLS,5.304999828338623,5.304999828338623,5.309999942779541,5.304999828338623,5.309999942779541,1617.0
2024-10-25 12:50:00+00:00,SMCI,47.68000030517578,47.68000030517578,47.7400016784668,47.650001525878906,47.709999084472656,88087.0
2024-10-25 12:50:00+00:00,SMTC,45.84000015258789,45.84000015258789,45.84000015258789,45.84000015258789,45.84000015258789,557.0
2024-10-25 12:50:00+00:00,SNPS,504.5350036621094,504.5350036621094,504.5350036621094,504.4949951171875,504.4949951171875,1123.0
2024-10-25 12:50:00+00:00,SONO,12.829999923706055,12.829999923706055,12.84000015258789,12.829999923706055,12.84000015258789,1305.0
2024-10-25 12:50:00+00:00,SOUN,5.254000186920166,5.254000186920166,5.260000228881836,5.25,5.255000114440918,20771.0
2024-10-25 12:50:00+00:00,SPSC,171.5500030517578,171.5500030517578,171.5500030517578,171.5500030517578,171.5500030517578,328.0
2024-10-25 12:50:00+00:00,SSNC,69.71499633789062,69.71499633789062,69.7249984741211,69.69999694824219,69.7249984741211,3946.0
2024-10-25 12:50:00+00:00,SSYS,7.09499979019165,7.09499979019165,7.110000133514404,7.09499979019165,7.110000133514404,2415.0
2024-10-25 12:50:00+00:00,STNE,11.515000343322754,11.515000343322754,11.515000343322754,11.515000343322754,11.515000343322754,817.0
2024-10-25 12:50:00+00:00,STX,103.91999816894531,103.91999816894531,103.91999816894531,103.91000366210938,103.91000366210938,1206.0
2024-10-25 12:50:00+00:00,SWKS,96.69999694824219,96.69999694824219,96.69999694824219,96.6500015258789,96.6500015258789,2805.0
2024-10-25 12:50:00+00:00,SYTA,1.2699999809265137,1.2699999809265137,1.2699999809265137,1.2699999809265137,1.2699999809265137,4403.0
2024-10-25 12:50:00+00:00,TEAM,190.3000030517578,190.3000030517578,190.3000030517578,190.125,190.1699981689453,7369.0
2024-10-25 12:50:00+00:00,TENB,41.65999984741211,41.65999984741211,41.65999984741211,41.6349983215332,41.6349983215332,1765.0
2024-10-25 12:50:00+00:00,TER,113.01499938964844,113.01499938964844,113.0199966430664,112.9000015258789,112.91000366210938,10436.0
2024-10-25 12:50:00+00:00,TGL,0.6850000023841858,0.6850000023841858,0.6850000023841858,0.6850000023841858,0.6850000023841858,848.0
2024-10-25 12:50:00+00:00,TLS,3.6500000953674316,3.6500000953674316,3.6500000953674316,3.634999990463257,3.634999990463257,1199.0
2024-10-25 12:50:00+00:00,TRMB,61.06999969482422,61.06999969482422,61.06999969482422,61.06999969482422,61.06999969482422,242.0
2024-10-25 12:50:00+00:00,TSEM,45.189998626708984,45.189998626708984,45.20000076293945,45.189998626708984,45.189998626708984,1387.0
2024-10-25 12:50:00+00:00,TTD,119.44999694824219,119.44999694824219,119.48999786376953,119.44999694824219,119.44999694824219,3105.0
2024-10-25 12:50:00+00:00,TTEC,5.380000114440918,5.380000114440918,5.389999866485596,5.380000114440918,5.389999866485596,956.0
2024-10-25 12:50:00+00:00,TTMI,19.56999969482422,19.56999969482422,19.56999969482422,19.559999465942383,19.559999465942383,686.0
2024-10-25 12:50:00+00:00,TWKS,4.449999809265137,4.449999809265137,4.449999809265137,4.449999809265137,4.449999809265137,4907.0
2024-10-25 12:50:00+00:00,TXN,209.1999969482422,209.1999969482422,209.1999969482422,209.0800018310547,209.0800018310547,5293.0
2024-10-25 12:50:00+00:00,UCTT,36.08000183105469,36.08000183105469,36.08000183105469,36.06999969482422,36.08000183105469,852.0
2024-10-25 12:50:00+00:00,VECO,29.584999084472656,29.584999084472656,29.584999084472656,29.56999969482422,29.56999969482422,1490.0
2024-10-25 12:50:00+00:00,VERB,10.032299995422363,10.032299995422363,10.077400207519531,10.010000228881836,10.055000305175781,1741.0
2024-10-25 12:50:00+00:00,VERX,42.13999938964844,42.13999938964844,42.13999938964844,42.13999938964844,42.13999938964844,1790.0
2024-10-25 12:50:00+00:00,VIAV,9.239999771118164,9.239999771118164,9.239999771118164,9.239999771118164,9.239999771118164,235.0
2024-10-25 12:50:00+00:00,VNET,3.4649999141693115,3.4649999141693115,3.4700000286102295,3.4649999141693115,3.4700000286102295,2901.0
2024-10-25 12:50:00+00:00,VRNS,56.900001525878906,56.900001525878906,56.915000915527344,56.900001525878906,56.915000915527344,951.0
2024-10-25 12:50:00+00:00,VRSN,185.6199951171875,185.6199951171875,185.82000732421875,185.6199951171875,185.82000732421875,396.0
2024-10-25 12:50:00+00:00,VSAT,10.289999961853027,10.289999961853027,10.3100004196167,10.289999961853027,10.3100004196167,2190.0
2024-10-25 12:50:00+00:00,VUZI,1.3200000524520874,1.3200000524520874,1.3200000524520874,1.315000057220459,1.315000057220459,801.0
2024-10-25 12:50:00+00:00,WDC,71.12000274658203,71.12000274658203,71.12000274658203,70.94999694824219,71.0199966430664,29430.0
2024-10-25 12:50:00+00:00,WISA,1.9407000541687012,1.9407000541687012,1.9500000476837158,1.940000057220459,1.940000057220459,16151.0
2024-10-25 12:50:00+00:00,XPER,9.425000190734863,9.425000190734863,9.425000190734863,9.425000190734863,9.425000190734863,309.0
2024-10-25 12:50:00+00:00,XRX,10.0649995803833,10.0649995803833,10.0649995803833,10.0600004196167,10.0600004196167,916.0
2024-10-25 12:50:00+00:00,ZM,73.13999938964844,73.13999938964844,73.13999938964844,73.11000061035156,73.11000061035156,2261.0
2024-10-25 12:50:00+00:00,ZS,185.75,185.75,185.75,185.75,185.75,834.0
2024-10-25 12:51:00+00:00,AAOI,17.90959930419922,17.90959930419922,17.90959930419922,17.825000762939453,17.83799934387207,5303.0
2024-10-25 12:51:00+00:00,AAPL,232.8986053466797,232.8986053466797,232.89999389648438,232.77499389648438,232.7899932861328,56517.0
2024-10-25 12:51:00+00:00,ACIW,48.810001373291016,48.810001373291016,48.810001373291016,48.810001373291016,48.810001373291016,833.0
2024-10-25 12:51:00+00:00,ACLS,90.71499633789062,90.71499633789062,90.72000122070312,90.71499633789062,90.72000122070312,460.0
2024-10-25 12:51:00+00:00,ACMR,19.915599822998047,19.915599822998047,19.915599822998047,19.915599822998047,19.915599822998047,533.0
2024-10-25 12:51:00+00:00,ADBE,485.9100036621094,485.9100036621094,486.1000061035156,485.9100036621094,486.1000061035156,2290.0
2024-10-25 12:51:00+00:00,ADI,233.83999633789062,233.83999633789062,233.83999633789062,233.6699981689453,233.72000122070312,5561.0
2024-10-25 12:51:00+00:00,ADSK,286.9599914550781,286.9599914550781,286.9599914550781,286.9599914550781,286.9599914550781,586.0
2024-10-25 12:51:00+00:00,AEHR,17.354700088500977,17.354700088500977,17.375,17.354700088500977,17.375,758.0
2024-10-25 12:51:00+00:00,AFRM,41.709999084472656,41.709999084472656,41.72700119018555,41.709999084472656,41.726600646972656,4664.0
2024-10-25 12:51:00+00:00,AIRG,9.020000457763672,9.020000457763672,9.020000457763672,9.020000457763672,9.020000457763672,192.0
2024-10-25 12:51:00+00:00,AKAM,102.7300033569336,102.7300033569336,102.76000213623047,102.71009826660156,102.76000213623047,1255.0
2024-10-25 12:51:00+00:00,AKTS,0.057100001722574234,0.057100001722574234,0.057100001722574234,0.057100001722574234,0.057100001722574234,0.0
2024-10-25 12:51:00+00:00,ALGM,22.969999313354492,22.969999313354492,22.979999542236328,22.950000762939453,22.959999084472656,2368.0
2024-10-25 12:51:00+00:00,ALKT,38.244998931884766,38.244998931884766,38.290000915527344,38.2400016784668,38.275001525878906,2472.0
2024-10-25 12:51:00+00:00,ALRM,54.67499923706055,54.67499923706055,54.70000076293945,54.67499923706055,54.70000076293945,974.0
2024-10-25 12:51:00+00:00,ALTR,103.99500274658203,103.99500274658203,103.99500274658203,103.99500274658203,103.99500274658203,657.0
2024-10-25 12:51:00+00:00,AMAT,188.99000549316406,188.99000549316406,189.0,188.8979949951172,188.9199981689453,6762.0
2024-10-25 12:51:00+00:00,AMBA,58.755001068115234,58.755001068115234,58.755001068115234,58.755001068115234,58.755001068115234,393.0
2024-10-25 12:51:00+00:00,AMD,158.00999450683594,158.00999450683594,158.0299072265625,157.88800048828125,157.91000366210938,23855.0
2024-10-25 12:51:00+00:00,AMPL,9.21500015258789,9.21500015258789,9.21500015258789,9.21500015258789,9.21500015258789,472.0
2024-10-25 12:51:00+00:00,APCX,0.7355999946594238,0.7355999946594238,0.7400000095367432,0.7355999946594238,0.7400000095367432,1709.0
2024-10-25 12:51:00+00:00,API,2.8350000381469727,2.8350000381469727,2.8350000381469727,2.8350000381469727,2.8350000381469727,300.0
2024-10-25 12:51:00+00:00,APP,162.0050048828125,162.0050048828125,162.04249572753906,161.97999572753906,162.04249572753906,2334.0
2024-10-25 12:51:00+00:00,APPS,3.069999933242798,3.069999933242798,3.069999933242798,3.069999933242798,3.069999933242798,151.0
2024-10-25 12:51:00+00:00,ARRY,6.53000020980835,6.53000020980835,6.539999961853027,6.53000020980835,6.534999847412109,2706.0
2024-10-25 12:51:00+00:00,AUR,6.441500186920166,6.441500186920166,6.445000171661377,6.440000057220459,6.441999912261963,3174.0
2024-10-25 12:51:00+00:00,AVDX,8.135000228881836,8.135000228881836,8.145000457763672,8.135000228881836,8.145000457763672,3539.0
2024-10-25 12:51:00+00:00,AVGO,175.77000427246094,175.77000427246094,175.7801971435547,175.6999969482422,175.77999877929688,39113.0
2024-10-25 12:51:00+00:00,AVT,54.040000915527344,54.040000915527344,54.040000915527344,54.040000915527344,54.040000915527344,427.0
2024-10-25 12:51:00+00:00,AXTI,2.7049999237060547,2.7049999237060547,2.7049999237060547,2.7049999237060547,2.7049999237060547,1008.0
2024-10-25 12:51:00+00:00,BAND,17.690000534057617,17.690000534057617,17.690000534057617,17.690000534057617,17.690000534057617,354.0
2024-10-25 12:51:00+00:00,BL,56.459999084472656,56.459999084472656,56.459999084472656,56.45000076293945,56.459999084472656,1101.0
2024-10-25 12:51:00+00:00,BMBL,7.224999904632568,7.224999904632568,7.228000164031982,7.21999979019165,7.2266998291015625,2401.0
2024-10-25 12:51:00+00:00,BOXL,0.4738999903202057,0.4738999903202057,0.4738999903202057,0.4738999903202057,0.4738999903202057,394.0
2024-10-25 12:51:00+00:00,BRZE,30.615999221801758,30.615999221801758,30.615999221801758,30.615999221801758,30.615999221801758,541.0
2024-10-25 12:51:00+00:00,BSY,49.099998474121094,49.099998474121094,49.10559844970703,49.099998474121094,49.10559844970703,1030.0
2024-10-25 12:51:00+00:00,CAMT,78.63749694824219,78.63749694824219,78.73999786376953,78.61000061035156,78.625,3575.0
2024-10-25 12:51:00+00:00,CAN,0.982200026512146,0.982200026512146,0.982200026512146,0.982200026512146,0.982200026512146,300.0
2024-10-25 12:51:00+00:00,CDNS,259.7900085449219,259.7900085449219,259.7900085449219,259.7699890136719,259.7699890136719,1383.0
2024-10-25 12:51:00+00:00,CDW,219.6999969482422,219.6999969482422,219.6999969482422,219.6999969482422,219.6999969482422,1216.0
2024-10-25 12:51:00+00:00,CETX,0.30230000615119934,0.30230000615119934,0.30239999294281006,0.3019999861717224,0.30239999294281006,14603.0
2024-10-25 12:51:00+00:00,CFLT,22.489999771118164,22.489999771118164,22.5,22.475000381469727,22.4950008392334,4204.0
2024-10-25 12:51:00+00:00,CHKP,207.15499877929688,207.15499877929688,207.15499877929688,207.15499877929688,207.15499877929688,204.0
2024-10-25 12:51:00+00:00,CLBT,18.18000030517578,18.18000030517578,18.190000534057617,18.18000030517578,18.190000534057617,351.0
2024-10-25 12:51:00+00:00,CLSK,11.945699691772461,11.945699691772461,11.945699691772461,11.914999961853027,11.925000190734863,20201.0
2024-10-25 12:51:00+00:00,CMTL,3.7300000190734863,3.7300000190734863,3.7300000190734863,3.7300000190734863,3.7300000190734863,473.0
2024-10-25 12:51:00+00:00,CNDT,3.6500000953674316,3.6500000953674316,3.6500000953674316,3.6500000953674316,3.6500000953674316,3636.0
2024-10-25 12:51:00+00:00,CNXC,44.90999984741211,44.90999984741211,44.90999984741211,44.90999984741211,44.90999984741211,691.0
2024-10-25 12:51:00+00:00,COHR,95.28009796142578,95.28009796142578,95.3550033569336,95.28009796142578,95.3550033569336,1293.0
2024-10-25 12:51:00+00:00,COIN,209.93719482421875,209.93719482421875,210.0,209.8699951171875,209.93499755859375,6432.0
2024-10-25 12:51:00+00:00,COMM,6.2916998863220215,6.2916998863220215,6.310100078582764,6.289999961853027,6.309999942779541,14690.0
2024-10-25 12:51:00+00:00,CORZ,13.380000114440918,13.380000114440918,13.380000114440918,13.375,13.375,1077.0
2024-10-25 12:51:00+00:00,CRCT,6.590000152587891,6.590000152587891,6.59499979019165,6.590000152587891,6.59499979019165,1836.0
2024-10-25 12:51:00+00:00,CRDO,39.73500061035156,39.73500061035156,39.73500061035156,39.73500061035156,39.73500061035156,917.0
2024-10-25 12:51:00+00:00,CRNC,2.8399999141693115,2.8399999141693115,2.859999895095825,2.8299999237060547,2.859999895095825,23788.0
2024-10-25 12:51:00+00:00,CRNT,2.4549999237060547,2.4549999237060547,2.4549999237060547,2.4549999237060547,2.4549999237060547,825.0
2024-10-25 12:51:00+00:00,CRWD,299.86419677734375,299.86419677734375,300.94000244140625,298.5400085449219,300.7149963378906,50687.0
2024-10-25 12:51:00+00:00,CSCO,55.959999084472656,55.959999084472656,55.97999954223633,55.95500183105469,55.974998474121094,13970.0
2024-10-25 12:51:00+00:00,CSGS,47.560001373291016,47.560001373291016,47.630001068115234,47.560001373291016,47.630001068115234,890.0
2024-10-25 12:51:00+00:00,CSIQ,13.739999771118164,13.739999771118164,13.739999771118164,13.739999771118164,13.739999771118164,629.0
2024-10-25 12:51:00+00:00,CTLP,8.920000076293945,8.920000076293945,8.920000076293945,8.920000076293945,8.920000076293945,1241.0
2024-10-25 12:51:00+00:00,CTSH,74.92500305175781,74.92500305175781,74.94999694824219,74.92500305175781,74.94499969482422,2797.0
2024-10-25 12:51:00+00:00,DBX,26.05500030517578,26.05500030517578,26.059999465942383,26.05500030517578,26.05500030517578,1211.0
2024-10-25 12:51:00+00:00,DDOG,127.08000183105469,127.08000183105469,127.18000030517578,127.05999755859375,127.18000030517578,1568.0
2024-10-25 12:51:00+00:00,DLO,8.895000457763672,8.895000457763672,8.904999732971191,8.895000457763672,8.904999732971191,3845.0
2024-10-25 12:51:00+00:00,DOCU,69.86000061035156,69.86000061035156,69.86000061035156,69.8499984741211,69.86000061035156,2638.0
2024-10-25 12:51:00+00:00,DOX,89.63999938964844,89.63999938964844,89.63999938964844,89.63999938964844,89.63999938964844,160.0
2024-10-25 12:51:00+00:00,DUOL,289.9849853515625,289.9849853515625,289.9849853515625,289.9750061035156,289.9750061035156,1121.0
2024-10-25 12:51:00+00:00,EEFT,99.9749984741211,99.9749984741211,99.9749984741211,99.9749984741211,99.9749984741211,687.0
2024-10-25 12:51:00+00:00,EGAN,4.78000020980835,4.78000020980835,4.78000020980835,4.769999980926514,4.769999980926514,691.0
2024-10-25 12:51:00+00:00,ENPH,83.11000061035156,83.11000061035156,83.13999938964844,83.06050109863281,83.0999984741211,4191.0
2024-10-25 12:51:00+00:00,ERIC,8.484999656677246,8.484999656677246,8.486000061035156,8.484000205993652,8.484999656677246,29917.0
2024-10-25 12:51:00+00:00,EXFY,1.725000023841858,1.725000023841858,1.725000023841858,1.725000023841858,1.725000023841858,112.0
2024-10-25 12:51:00+00:00,EXLS,38.90999984741211,38.90999984741211,38.90999984741211,38.90999984741211,38.90999984741211,157.0
2024-10-25 12:51:00+00:00,FARO,18.200000762939453,18.200000762939453,18.200000762939453,18.200000762939453,18.200000762939453,485.0
2024-10-25 12:51:00+00:00,FFIV,216.50999450683594,216.50999450683594,216.5800018310547,216.50999450683594,216.5399932861328,1443.0
2024-10-25 12:51:00+00:00,FIVN,29.950000762939453,29.950000762939453,29.950000762939453,29.93000030517578,29.93000030517578,1638.0
2024-10-25 12:51:00+00:00,FLEX,35.2400016784668,35.2400016784668,35.2400016784668,35.22999954223633,35.2400016784668,5030.0
2024-10-25 12:51:00+00:00,FORM,45.27000045776367,45.27000045776367,45.279998779296875,45.2599983215332,45.27000045776367,2035.0
2024-10-25 12:51:00+00:00,FROG,29.445600509643555,29.445600509643555,29.445600509643555,29.440000534057617,29.440000534057617,238.0
2024-10-25 12:51:00+00:00,FRSH,11.654999732971191,11.654999732971191,11.65999984741211,11.654999732971191,11.65999984741211,2577.0
2024-10-25 12:51:00+00:00,FSLR,198.9499969482422,198.9499969482422,198.9600067138672,198.9199981689453,198.9600067138672,1552.0
2024-10-25 12:51:00+00:00,FTNT,81.1698989868164,81.1698989868164,81.16999816894531,81.13999938964844,81.16999816894531,3758.0
2024-10-25 12:51:00+00:00,GCT,24.84000015258789,24.84000015258789,24.850000381469727,24.84000015258789,24.850000381469727,561.0
2024-10-25 12:51:00+00:00,GDYN,15.5600004196167,15.5600004196167,15.5600004196167,15.5600004196167,15.5600004196167,529.0
2024-10-25 12:51:00+00:00,GFS,41.275001525878906,41.275001525878906,41.275001525878906,41.275001525878906,41.275001525878906,460.0
2024-10-25 12:51:00+00:00,GPRO,1.3301000595092773,1.3301000595092773,1.3301000595092773,1.3301000595092773,1.3301000595092773,709.0
2024-10-25 12:51:00+00:00,GRAB,4.085000038146973,4.085000038146973,4.085000038146973,4.085000038146973,4.085000038146973,1236.0
2024-10-25 12:51:00+00:00,GSIT,3.440700054168701,3.440700054168701,3.450000047683716,3.440700054168701,3.450000047683716,2019.0
2024-10-25 12:51:00+00:00,GTLB,55.29999923706055,55.29999923706055,55.29999923706055,55.29999923706055,55.29999923706055,698.0
2024-10-25 12:51:00+00:00,HCP,33.66999816894531,33.66999816894531,33.67499923706055,33.66999816894531,33.67499923706055,913.0
2024-10-25 12:51:00+00:00,HLIT,14.789999961853027,14.789999961853027,14.789999961853027,14.789999961853027,14.789999961853027,471.0
2024-10-25 12:51:00+00:00,HOLO,3.6449999809265137,3.6449999809265137,3.649899959564209,3.6449999809265137,3.6449999809265137,1294.0
2024-10-25 12:51:00+00:00,HOOD,27.350000381469727,27.350000381469727,27.350000381469727,27.332199096679688,27.334999084472656,7613.0
2024-10-25 12:51:00+00:00,III,3.070199966430664,3.070199966430664,3.070199966430664,3.070199966430664,3.070199966430664,368.0
2024-10-25 12:51:00+00:00,IIIV,22.889999389648438,22.889999389648438,22.899999618530273,22.889999389648438,22.899999618530273,1008.0
2024-10-25 12:51:00+00:00,IMMR,8.725000381469727,8.725000381469727,8.729999542236328,8.725000381469727,8.729999542236328,1175.0
2024-10-25 12:51:00+00:00,IMXI,17.594999313354492,17.594999313354492,17.594999313354492,17.594999313354492,17.594999313354492,158.0
2024-10-25 12:51:00+00:00,INDI,3.575000047683716,3.575000047683716,3.575000047683716,3.5703001022338867,3.5703001022338867,451.0
2024-10-25 12:51:00+00:00,INFN,6.795000076293945,6.795000076293945,6.795000076293945,6.795000076293945,6.795000076293945,200.0
2024-10-25 12:51:00+00:00,INOD,20.100000381469727,20.100000381469727,20.100000381469727,20.100000381469727,20.100000381469727,228.0
2024-10-25 12:51:00+00:00,INTA,50.01499938964844,50.01499938964844,50.01499938964844,49.959999084472656,49.959999084472656,1320.0
2024-10-25 12:51:00+00:00,INTC,23.16010093688965,23.16010093688965,23.16010093688965,23.149999618530273,23.156700134277344,54042.0
2024-10-25 12:51:00+00:00,INTU,611.4149780273438,611.4149780273438,611.4149780273438,611.3300170898438,611.3300170898438,984.0
2024-10-25 12:51:00+00:00,ITI,7.199999809265137,7.199999809265137,7.199999809265137,7.199999809265137,7.199999809265137,159.0
2024-10-25 12:51:00+00:00,JAMF,16.799999237060547,16.799999237060547,16.799999237060547,16.799999237060547,16.799999237060547,1532.0
2024-10-25 12:51:00+00:00,JKHY,183.83999633789062,183.83999633789062,183.83999633789062,183.83999633789062,183.83999633789062,658.0
2024-10-25 12:51:00+00:00,KC,2.7249999046325684,2.7249999046325684,2.7249999046325684,2.7200000286102295,2.7249999046325684,792.0
2024-10-25 12:51:00+00:00,KLAC,682.280029296875,682.280029296875,682.280029296875,682.280029296875,682.280029296875,612.0
2024-10-25 12:51:00+00:00,KLIC,44.720001220703125,44.720001220703125,44.755001068115234,44.70000076293945,44.70000076293945,2107.0
2024-10-25 12:51:00+00:00,LINK,4.93149995803833,4.93149995803833,4.93149995803833,4.93149995803833,4.93149995803833,1461.0
2024-10-25 12:51:00+00:00,LITE,64.23590087890625,64.23590087890625,64.23590087890625,64.19999694824219,64.19999694824219,1506.0
2024-10-25 12:51:00+00:00,LRCX,79.31999969482422,79.31999969482422,79.31999969482422,79.30000305175781,79.31999969482422,13846.0
2024-10-25 12:51:00+00:00,LSCC,54.689998626708984,54.689998626708984,54.689998626708984,54.654998779296875,54.65999984741211,2612.0
2024-10-25 12:51:00+00:00,LYFT,13.755000114440918,13.755000114440918,13.755000114440918,13.734999656677246,13.755000114440918,32305.0
2024-10-25 12:51:00+00:00,LYTS,16.219999313354492,16.219999313354492,16.219999313354492,16.219999313354492,16.219999313354492,163.0
2024-10-25 12:51:00+00:00,MANH,275.79998779296875,275.79998779296875,275.80999755859375,275.79998779296875,275.80999755859375,1468.0
2024-10-25 12:51:00+00:00,MAXN,5.599999904632568,5.599999904632568,5.599999904632568,5.599999904632568,5.599999904632568,751.0
2024-10-25 12:51:00+00:00,MCHP,77.19999694824219,77.19999694824219,77.20800018310547,77.18000030517578,77.19000244140625,2727.0
2024-10-25 12:51:00+00:00,MDB,266.9599914550781,266.9599914550781,266.9599914550781,266.95001220703125,266.95001220703125,231.0
2024-10-25 12:51:00+00:00,MGIC,11.168000221252441,11.168000221252441,11.168000221252441,11.168000221252441,11.168000221252441,0.0
2024-10-25 12:51:00+00:00,MKTW,0.5809000134468079,0.5809000134468079,0.5809000134468079,0.5809000134468079,0.5809000134468079,1256.0
2024-10-25 12:51:00+00:00,MNDY,298.3599853515625,298.3599853515625,298.3599853515625,298.3599853515625,298.3599853515625,925.0
2024-10-25 12:51:00+00:00,MPWR,924.989990234375,924.989990234375,924.989990234375,924.6008911132812,924.6008911132812,1536.0
2024-10-25 12:51:00+00:00,MQ,5.271100044250488,5.271100044250488,5.28000020980835,5.271100044250488,5.28000020980835,4933.0
2024-10-25 12:51:00+00:00,MRVL,83.37999725341797,83.37999725341797,83.37999725341797,83.25,83.25,16694.0
2024-10-25 12:51:00+00:00,MSFT,430.3999938964844,430.3999938964844,430.4100036621094,430.29998779296875,430.3900146484375,10842.0
2024-10-25 12:51:00+00:00,MSTR,239.8699951171875,239.8699951171875,239.92999267578125,239.1999969482422,239.47999572753906,40933.0
2024-10-25 12:51:00+00:00,MTC,0.3700999915599823,0.3700999915599823,0.37040001153945923,0.3700999915599823,0.3700999915599823,1400.0
2024-10-25 12:51:00+00:00,MTLS,5.958000183105469,5.958000183105469,5.960000038146973,5.958000183105469,5.960000038146973,425.0
2024-10-25 12:51:00+00:00,MTTR,4.625,4.625,4.625,4.6244001388549805,4.6244001388549805,939.0
2024-10-25 12:51:00+00:00,MU,109.0103988647461,109.0103988647461,109.0199966430664,108.97000122070312,108.9800033569336,5454.0
2024-10-25 12:51:00+00:00,MXL,15.09000015258789,15.09000015258789,15.119999885559082,15.09000015258789,15.119999885559082,1959.0
2024-10-25 12:51:00+00:00,NCNO,37.72999954223633,37.72999954223633,37.77000045776367,37.72999954223633,37.77000045776367,1291.0
2024-10-25 12:51:00+00:00,NNDM,2.319999933242798,2.319999933242798,2.319999933242798,2.319999933242798,2.319999933242798,200.0
2024-10-25 12:51:00+00:00,NTAP,120.37999725341797,120.37999725341797,120.40579986572266,120.37999725341797,120.40579986572266,965.0
2024-10-25 12:51:00+00:00,NTCT,20.690000534057617,20.690000534057617,20.700000762939453,20.690000534057617,20.700000762939453,3248.0
2024-10-25 12:51:00+00:00,NTGR,20.329999923706055,20.329999923706055,20.329999923706055,20.329999923706055,20.329999923706055,895.0
2024-10-25 12:51:00+00:00,NTNX,62.150001525878906,62.150001525878906,62.165000915527344,62.150001525878906,62.165000915527344,1402.0
2024-10-25 12:51:00+00:00,NVDA,143.33999633789062,143.33999633789062,143.33999633789062,143.26499938964844,143.30999755859375,201515.0
2024-10-25 12:51:00+00:00,NVEI,33.525001525878906,33.525001525878906,33.525001525878906,33.525001525878906,33.525001525878906,158.0
2024-10-25 12:51:00+00:00,NVTS,2.6050000190734863,2.6050000190734863,2.605799913406372,2.6050000190734863,2.6050000190734863,929.0
2024-10-25 12:51:00+00:00,NXPI,245.5760040283203,245.5760040283203,245.6649932861328,245.5760040283203,245.6649932861328,698.0
2024-10-25 12:51:00+00:00,OKTA,72.52999877929688,72.52999877929688,72.52999877929688,72.5,72.510498046875,790.0
2024-10-25 12:51:00+00:00,OLED,204.1649932861328,204.1649932861328,204.1649932861328,204.1649932861328,204.1649932861328,343.0
2024-10-25 12:51:00+00:00,ON,72.13999938964844,72.13999938964844,72.16999816894531,72.12999725341797,72.16000366210938,14875.0
2024-10-25 12:51:00+00:00,PANW,369.0899963378906,369.0899963378906,369.0899963378906,368.885009765625,368.94000244140625,2560.0
2024-10-25 12:51:00+00:00,PEGA,80.45999908447266,80.45999908447266,80.45999908447266,80.45999908447266,80.45999908447266,681.0
2024-10-25 12:51:00+00:00,PGY,11.819999694824219,11.819999694824219,11.84000015258789,11.819999694824219,11.84000015258789,313.0
2024-10-25 12:51:00+00:00,PHUN,10.079999923706055,10.079999923706055,10.112899780273438,10.0600004196167,10.112899780273438,142353.0
2024-10-25 12:51:00+00:00,PLAB,23.739999771118164,23.739999771118164,23.739999771118164,23.739999771118164,23.739999771118164,394.0
2024-10-25 12:51:00+00:00,POET,3.890000104904175,3.890000104904175,3.890000104904175,3.890000104904175,3.890000104904175,924.0
2024-10-25 12:51:00+00:00,POWI,64.1050033569336,64.1050033569336,64.1050033569336,64.1050033569336,64.1050033569336,257.0
2024-10-25 12:51:00+00:00,PRTH,5.269999980926514,5.269999980926514,5.269999980926514,5.269999980926514,5.269999980926514,196.0
2024-10-25 12:51:00+00:00,PTC,187.0500030517578,187.0500030517578,187.0800018310547,187.02999877929688,187.02999877929688,1610.0
2024-10-25 12:51:00+00:00,PYCR,14.335000038146973,14.335000038146973,14.335000038146973,14.329999923706055,14.329999923706055,300.0
2024-10-25 12:51:00+00:00,QCOM,172.91000366210938,172.91000366210938,172.91000366210938,172.8300018310547,172.86500549316406,3823.0
2024-10-25 12:51:00+00:00,RCAT,2.765000104904175,2.765000104904175,2.765000104904175,2.759999990463257,2.765000104904175,450.0
2024-10-25 12:51:00+00:00,RDWR,22.329999923706055,22.329999923706055,22.329999923706055,22.329999923706055,22.329999923706055,911.0
2024-10-25 12:51:00+00:00,REKR,1.0950000286102295,1.0950000286102295,1.0950000286102295,1.0950000286102295,1.0950000286102295,813.0
2024-10-25 12:51:00+00:00,RELY,14.84000015258789,14.84000015258789,14.84000015258789,14.84000015258789,14.84000015258789,2062.0
2024-10-25 12:51:00+00:00,RGTI,1.2050000429153442,1.2050000429153442,1.215000033378601,1.2050000429153442,1.215000033378601,26446.0
2024-10-25 12:51:00+00:00,RIOT,10.086899757385254,10.086899757385254,10.086899757385254,10.050000190734863,10.055000305175781,32998.0
2024-10-25 12:51:00+00:00,RMBS,43.68000030517578,43.68000030517578,43.68000030517578,43.64500045776367,43.64500045776367,705.0
2024-10-25 12:51:00+00:00,RPAY,7.605000019073486,7.605000019073486,7.605000019073486,7.59499979019165,7.596799850463867,3460.0
2024-10-25 12:51:00+00:00,RPD,39.0,39.0,39.0,39.0,39.0,592.0
2024-10-25 12:51:00+00:00,RUM,5.710000038146973,5.710000038146973,5.710000038146973,5.704999923706055,5.704999923706055,3483.0
2024-10-25 12:51:00+00:00,RUN,14.34000015258789,14.34000015258789,14.34000015258789,14.324999809265137,14.333000183105469,7212.0
2024-10-25 12:51:00+00:00,SANM,67.66999816894531,67.66999816894531,67.66999816894531,67.66999816894531,67.66999816894531,1074.0
2024-10-25 12:51:00+00:00,SEDG,16.15999984741211,16.15999984741211,16.15999984741211,16.149999618530273,16.149999618530273,3007.0
2024-10-25 12:51:00+00:00,SHLS,5.304999828338623,5.304999828338623,5.304999828338623,5.300000190734863,5.304999828338623,4975.0
2024-10-25 12:51:00+00:00,SKYT,10.739999771118164,10.739999771118164,10.739999771118164,10.739999771118164,10.739999771118164,508.0
2024-10-25 12:51:00+00:00,SLNHP,12.990799903869629,12.990799903869629,12.990799903869629,12.990799903869629,12.990799903869629,813.0
2024-10-25 12:51:00+00:00,SMCI,47.709999084472656,47.709999084472656,47.709999084472656,47.66999816894531,47.675899505615234,25279.0
2024-10-25 12:51:00+00:00,SMTC,45.84000015258789,45.84000015258789,45.85499954223633,45.84000015258789,45.85499954223633,698.0
2024-10-25 12:51:00+00:00,SNCR,10.725199699401855,10.725199699401855,10.725199699401855,10.725199699401855,10.725199699401855,353.0
2024-10-25 12:51:00+00:00,SNPS,504.4200134277344,504.4200134277344,504.4649963378906,504.010009765625,504.4649963378906,1874.0
2024-10-25 12:51:00+00:00,SOBR,7.282400131225586,7.282400131225586,7.414999961853027,7.282400131225586,7.414999961853027,1354.0
2024-10-25 12:51:00+00:00,SONO,12.829999923706055,12.829999923706055,12.829999923706055,12.829999923706055,12.829999923706055,1435.0
2024-10-25 12:51:00+00:00,SOUN,5.254000186920166,5.254000186920166,5.259900093078613,5.25,5.257400035858154,16131.0
2024-10-25 12:51:00+00:00,SOUNW,1.9235999584197998,1.9235999584197998,1.9235999584197998,1.9235999584197998,1.9235999584197998,800.0
2024-10-25 12:51:00+00:00,SPSC,171.360107421875,171.360107421875,171.360107421875,171.360107421875,171.360107421875,347.0
2024-10-25 12:51:00+00:00,SPT,27.030000686645508,27.030000686645508,27.030000686645508,27.030000686645508,27.030000686645508,410.0
2024-10-25 12:51:00+00:00,SRAD,12.380000114440918,12.380000114440918,12.385000228881836,12.380000114440918,12.385000228881836,1213.0
2024-10-25 12:51:00+00:00,SSNC,69.69000244140625,69.69000244140625,69.71499633789062,69.68000030517578,69.71499633789062,3904.0
2024-10-25 12:51:00+00:00,STNE,11.515000343322754,11.515000343322754,11.520000457763672,11.510000228881836,11.515000343322754,7987.0
2024-10-25 12:51:00+00:00,STX,103.93000030517578,103.93000030517578,103.9800033569336,103.88999938964844,103.94999694824219,863.0
2024-10-25 12:51:00+00:00,SURG,1.7400000095367432,1.7400000095367432,1.7400000095367432,1.7400000095367432,1.7400000095367432,0.0
2024-10-25 12:51:00+00:00,SWKS,96.77999877929688,96.77999877929688,96.80000305175781,96.75499725341797,96.75499725341797,2730.0
2024-10-25 12:51:00+00:00,SYTA,1.2704999446868896,1.2704999446868896,1.2704999446868896,1.2704999446868896,1.2704999446868896,0.0
2024-10-25 12:51:00+00:00,TEAM,190.32000732421875,190.32000732421875,190.32000732421875,190.3000030517578,190.32000732421875,1626.0
2024-10-25 12:51:00+00:00,TENB,41.630001068115234,41.630001068115234,41.630001068115234,41.61000061035156,41.61000061035156,1190.0
2024-10-25 12:51:00+00:00,TER,113.19499969482422,113.19499969482422,113.22000122070312,113.04000091552734,113.04000091552734,6371.0
2024-10-25 12:51:00+00:00,TLS,3.6670000553131104,3.6670000553131104,3.6670000553131104,3.650899887084961,3.650899887084961,1390.0
2024-10-25 12:51:00+00:00,TRMB,61.06999969482422,61.06999969482422,61.06999969482422,61.04999923706055,61.060001373291016,1512.0
2024-10-25 12:51:00+00:00,TSEM,45.255001068115234,45.255001068115234,45.255001068115234,45.255001068115234,45.255001068115234,324.0
2024-10-25 12:51:00+00:00,TTD,119.49500274658203,119.49500274658203,119.49500274658203,119.44999694824219,119.44999694824219,1040.0
2024-10-25 12:51:00+00:00,TTMI,19.5625,19.5625,19.5625,19.5625,19.5625,663.0
2024-10-25 12:51:00+00:00,TWKS,4.449999809265137,4.449999809265137,4.449999809265137,4.449999809265137,4.449999809265137,2963.0
2024-10-25 12:51:00+00:00,TXN,209.24000549316406,209.24000549316406,209.25,209.19500732421875,209.25,1796.0
2024-10-25 12:51:00+00:00,UCTT,36.08000183105469,36.08000183105469,36.08000183105469,36.060001373291016,36.060001373291016,826.0
2024-10-25 12:51:00+00:00,VECO,29.600000381469727,29.600000381469727,29.600000381469727,29.600000381469727,29.600000381469727,1535.0
2024-10-25 12:51:00+00:00,VIAV,9.244999885559082,9.244999885559082,9.244999885559082,9.244999885559082,9.244999885559082,662.0
2024-10-25 12:51:00+00:00,VRNS,56.91999816894531,56.91999816894531,56.95000076293945,56.900001525878906,56.92499923706055,888.0
2024-10-25 12:51:00+00:00,VRSN,185.77499389648438,185.77499389648438,185.77499389648438,185.77499389648438,185.77499389648438,380.0
2024-10-25 12:51:00+00:00,VS,2.5701000690460205,2.5701000690460205,2.5701000690460205,2.569999933242798,2.569999933242798,210.0
2024-10-25 12:51:00+00:00,VSAT,10.291000366210938,10.291000366210938,10.291000366210938,10.289999961853027,10.289999961853027,322.0
2024-10-25 12:51:00+00:00,VUZI,1.3200000524520874,1.3200000524520874,1.3200000524520874,1.3200000524520874,1.3200000524520874,1332.0
2024-10-25 12:51:00+00:00,WDAY,239.55999755859375,239.55999755859375,239.7949981689453,239.55999755859375,239.60000610351562,5899.0
2024-10-25 12:51:00+00:00,WDC,71.1500015258789,71.1500015258789,71.16000366210938,71.0999984741211,71.0999984741211,9718.0
2024-10-25 12:51:00+00:00,WISA,1.9407000541687012,1.9407000541687012,1.9492000341415405,1.9407000541687012,1.9492000341415405,1832.0
2024-10-25 12:51:00+00:00,XPER,9.42080020904541,9.42080020904541,9.42080020904541,9.42080020904541,9.42080020904541,633.0
2024-10-25 12:51:00+00:00,XRX,10.0649995803833,10.0649995803833,10.0649995803833,10.0600004196167,10.0600004196167,405.0
2024-10-25 12:51:00+00:00,ZBRA,362.8800048828125,362.8800048828125,362.8800048828125,362.8500061035156,362.8500061035156,853.0
2024-10-25 12:51:00+00:00,ZI,10.5600004196167,10.5600004196167,10.5600004196167,10.550800323486328,10.550800323486328,3095.0
2024-10-25 12:51:00+00:00,ZM,73.0896987915039,73.0896987915039,73.08999633789062,73.05999755859375,73.08999633789062,1174.0
2024-10-25 12:51:00+00:00,ZS,185.47500610351562,185.47500610351562,185.63999938964844,185.3800048828125,185.63999938964844,992.0
2024-10-25 12:52:00+00:00,AAOI,17.888399124145508,17.888399124145508,17.909900665283203,17.888399124145508,17.909900665283203,1779.0
2024-10-25 12:52:00+00:00,AAPL,232.8800048828125,232.8800048828125,232.94000244140625,232.86050415039062,232.89500427246094,82809.0
2024-10-25 12:52:00+00:00,ACIW,48.79499816894531,48.79499816894531,48.79499816894531,48.79499816894531,48.79499816894531,151.0
2024-10-25 12:52:00+00:00,ACLS,90.75,90.75,90.75,90.72000122070312,90.72000122070312,1133.0
2024-10-25 12:52:00+00:00,ACMR,19.920000076293945,19.920000076293945,19.920000076293945,19.920000076293945,19.920000076293945,143.0
2024-10-25 12:52:00+00:00,ADBE,486.1040954589844,486.1040954589844,486.30999755859375,486.1040954589844,486.29998779296875,924.0
2024-10-25 12:52:00+00:00,ADI,233.88250732421875,233.88250732421875,233.9199981689453,233.8699951171875,233.8800048828125,1910.0
2024-10-25 12:52:00+00:00,ADSK,287.0799865722656,287.0799865722656,287.1199951171875,287.010009765625,287.010009765625,920.0
2024-10-25 12:52:00+00:00,AEHR,17.329999923706055,17.329999923706055,17.375099182128906,17.329999923706055,17.3700008392334,2727.0
2024-10-25 12:52:00+00:00,AFRM,41.71500015258789,41.71500015258789,41.72999954223633,41.70209884643555,41.72999954223633,4900.0
2024-10-25 12:52:00+00:00,AKAM,102.75,102.75,102.7699966430664,102.75,102.75,1212.0
2024-10-25 12:52:00+00:00,AKTS,0.057100001722574234,0.057100001722574234,0.057100001722574234,0.057100001722574234,0.057100001722574234,31634.0
2024-10-25 12:52:00+00:00,ALGM,22.969999313354492,22.969999313354492,22.979999542236328,22.969999313354492,22.979999542236328,3768.0
2024-10-25 12:52:00+00:00,ALKT,38.220001220703125,38.220001220703125,38.220001220703125,38.220001220703125,38.220001220703125,854.0
2024-10-25 12:52:00+00:00,ALRM,54.68989944458008,54.68989944458008,54.68989944458008,54.68989944458008,54.68989944458008,582.0
2024-10-25 12:52:00+00:00,ALTR,103.99500274658203,103.99500274658203,103.99500274658203,103.99500274658203,103.99500274658203,86.0
2024-10-25 12:52:00+00:00,AMAT,188.8800048828125,188.8800048828125,189.08990478515625,188.8800048828125,188.97999572753906,4739.0
2024-10-25 12:52:00+00:00,AMD,157.94000244140625,157.94000244140625,158.05999755859375,157.91000366210938,158.01499938964844,35796.0
2024-10-25 12:52:00+00:00,AMKR,30.06999969482422,30.06999969482422,30.09000015258789,30.06999969482422,30.09000015258789,1405.0
2024-10-25 12:52:00+00:00,API,2.8350000381469727,2.8350000381469727,2.8350000381469727,2.8350000381469727,2.8350000381469727,100.0
2024-10-25 12:52:00+00:00,APP,161.99000549316406,161.99000549316406,162.02999877929688,161.97000122070312,161.97000122070312,942.0
2024-10-25 12:52:00+00:00,APPS,3.0717999935150146,3.0717999935150146,3.079900026321411,3.0717999935150146,3.079900026321411,5618.0
2024-10-25 12:52:00+00:00,ARRY,6.545000076293945,6.545000076293945,6.550000190734863,6.534999847412109,6.539999961853027,15770.0
2024-10-25 12:52:00+00:00,ASML,718.8350219726562,718.8350219726562,719.27001953125,718.8350219726562,719.0,1496.0
2024-10-25 12:52:00+00:00,ASUR,9.625,9.625,9.625,9.625,9.625,112.0
2024-10-25 12:52:00+00:00,AUR,6.445000171661377,6.445000171661377,6.445000171661377,6.445000171661377,6.445000171661377,1071.0
2024-10-25 12:52:00+00:00,AVDX,8.135000228881836,8.135000228881836,8.135000228881836,8.135000228881836,8.135000228881836,409.0
2024-10-25 12:52:00+00:00,AVGO,175.63999938964844,175.63999938964844,175.8000030517578,175.63999938964844,175.78500366210938,20403.0
2024-10-25 12:52:00+00:00,AVT,54.05500030517578,54.05500030517578,54.05500030517578,54.05500030517578,54.05500030517578,347.0
2024-10-25 12:52:00+00:00,AXTI,2.7100000381469727,2.7100000381469727,2.7100000381469727,2.7100000381469727,2.7100000381469727,1117.0
2024-10-25 12:52:00+00:00,BAND,17.690000534057617,17.690000534057617,17.690000534057617,17.690000534057617,17.690000534057617,255.0
2024-10-25 12:52:00+00:00,BIGC,5.324999809265137,5.324999809265137,5.324999809265137,5.320000171661377,5.320000171661377,4404.0
2024-10-25 12:52:00+00:00,BL,56.5,56.5,56.560001373291016,56.5,56.5099983215332,3412.0
2024-10-25 12:52:00+00:00,BLZE,7.210000038146973,7.210000038146973,7.210000038146973,7.210000038146973,7.210000038146973,371.0
2024-10-25 12:52:00+00:00,BMBL,7.230000019073486,7.230000019073486,7.230000019073486,7.224999904632568,7.224999904632568,550.0
2024-10-25 12:52:00+00:00,BSY,49.10200119018555,49.10200119018555,49.11040115356445,49.09109878540039,49.099998474121094,1097.0
2024-10-25 12:52:00+00:00,CAMT,78.6500015258789,78.6500015258789,78.67500305175781,78.61000061035156,78.67500305175781,638.0
2024-10-25 12:52:00+00:00,CAN,0.9825000166893005,0.9825000166893005,0.9836999773979187,0.9812999963760376,0.9812999963760376,2626.0
2024-10-25 12:52:00+00:00,CDNS,259.92999267578125,259.92999267578125,259.92999267578125,259.8699951171875,259.8699951171875,2316.0
2024-10-25 12:52:00+00:00,CDW,219.89500427246094,219.89500427246094,219.89500427246094,219.88999938964844,219.88999938964844,579.0
2024-10-25 12:52:00+00:00,CETX,0.3028999865055084,0.3028999865055084,0.3028999865055084,0.30239999294281006,0.30250000953674316,7915.0
2024-10-25 12:52:00+00:00,CFLT,22.479999542236328,22.479999542236328,22.489999771118164,22.479999542236328,22.489999771118164,1699.0
2024-10-25 12:52:00+00:00,CGNT,6.65500020980835,6.65500020980835,6.65500020980835,6.65500020980835,6.65500020980835,325.0
2024-10-25 12:52:00+00:00,CGNX,39.040000915527344,39.040000915527344,39.060001373291016,39.040000915527344,39.040000915527344,2654.0
2024-10-25 12:52:00+00:00,CHKP,207.43499755859375,207.43499755859375,207.47999572753906,207.27999877929688,207.27999877929688,3239.0
2024-10-25 12:52:00+00:00,CLBT,18.170000076293945,18.170000076293945,18.170000076293945,18.170000076293945,18.170000076293945,241.0
2024-10-25 12:52:00+00:00,CLSK,11.961400032043457,11.961400032043457,11.975000381469727,11.949999809265137,11.949999809265137,24334.0
2024-10-25 12:52:00+00:00,COHR,95.3499984741211,95.3499984741211,95.38999938964844,95.27999877929688,95.33999633789062,6154.0
2024-10-25 12:52:00+00:00,COIN,210.05999755859375,210.05999755859375,210.1999969482422,209.95010375976562,210.0,12739.0
2024-10-25 12:52:00+00:00,COMM,6.315000057220459,6.315000057220459,6.315000057220459,6.300000190734863,6.300000190734863,2429.0
2024-10-25 12:52:00+00:00,CORZ,13.390000343322754,13.390000343322754,13.404999732971191,13.381999969482422,13.381999969482422,5806.0
2024-10-25 12:52:00+00:00,CRDO,39.709999084472656,39.709999084472656,39.755001068115234,39.709999084472656,39.75,2706.0
2024-10-25 12:52:00+00:00,CRNT,2.4549999237060547,2.4549999237060547,2.4584999084472656,2.4549999237060547,2.4584999084472656,1489.0
2024-10-25 12:52:00+00:00,CRSR,6.409999847412109,6.409999847412109,6.409999847412109,6.409999847412109,6.409999847412109,544.0
2024-10-25 12:52:00+00:00,CRUS,123.70999908447266,123.70999908447266,123.70999908447266,123.66999816894531,123.66999816894531,1571.0
2024-10-25 12:52:00+00:00,CRWD,301.0119934082031,301.0119934082031,301.5799865722656,299.2200012207031,299.2200012207031,39299.0
2024-10-25 12:52:00+00:00,CSCO,55.97999954223633,55.97999954223633,55.98500061035156,55.96500015258789,55.96500015258789,7797.0
2024-10-25 12:52:00+00:00,CSIQ,13.750800132751465,13.750800132751465,13.760000228881836,13.737000465393066,13.75,20837.0
2024-10-25 12:52:00+00:00,CTSH,74.93000030517578,74.93000030517578,74.94000244140625,74.91999816894531,74.92500305175781,4228.0
2024-10-25 12:52:00+00:00,DAKT,13.100000381469727,13.100000381469727,13.100000381469727,13.100000381469727,13.100000381469727,184.0
2024-10-25 12:52:00+00:00,DBX,26.06089973449707,26.06089973449707,26.065000534057617,26.059999465942383,26.059999465942383,4949.0
2024-10-25 12:52:00+00:00,DDOG,127.19519805908203,127.19519805908203,127.20999908447266,127.11000061035156,127.11000061035156,3814.0
2024-10-25 12:52:00+00:00,DIOD,66.63999938964844,66.63999938964844,66.68000030517578,66.63999938964844,66.63999938964844,1644.0
2024-10-25 12:52:00+00:00,DOCU,69.9000015258789,69.9000015258789,69.91999816894531,69.8499984741211,69.8499984741211,4827.0
2024-10-25 12:52:00+00:00,DOMO,8.050000190734863,8.050000190734863,8.050000190734863,8.050000190734863,8.050000190734863,134.0
2024-10-25 12:52:00+00:00,DTSS,2.4800000190734863,2.4800000190734863,2.4800000190734863,2.4800000190734863,2.4800000190734863,115.0
2024-10-25 12:52:00+00:00,DUOL,289.989990234375,289.989990234375,290.04400634765625,289.989990234375,290.04400634765625,592.0
2024-10-25 12:52:00+00:00,EEFT,99.87000274658203,99.87000274658203,99.87000274658203,99.87000274658203,99.87000274658203,762.0
2024-10-25 12:52:00+00:00,ENPH,83.16000366210938,83.16000366210938,83.20999908447266,83.1500015258789,83.19000244140625,2821.0
2024-10-25 12:52:00+00:00,ENTG,106.11499786376953,106.11499786376953,106.20999908447266,106.0999984741211,106.20500183105469,5847.0
2024-10-25 12:52:00+00:00,ERIC,8.479999542236328,8.479999542236328,8.484999656677246,8.479999542236328,8.484999656677246,15289.0
2024-10-25 12:52:00+00:00,EVCM,10.574999809265137,10.574999809265137,10.574999809265137,10.574999809265137,10.574999809265137,215.0
2024-10-25 12:52:00+00:00,EXFY,1.725000023841858,1.725000023841858,1.7259999513626099,1.725000023841858,1.7259999513626099,202.0
2024-10-25 12:52:00+00:00,EXLS,38.90999984741211,38.90999984741211,38.90999984741211,38.90999984741211,38.90999984741211,521.0
2024-10-25 12:52:00+00:00,EXTR,14.460000038146973,14.460000038146973,14.460000038146973,14.460000038146973,14.460000038146973,625.0
2024-10-25 12:52:00+00:00,FIVN,29.950000762939453,29.950000762939453,29.950000762939453,29.93000030517578,29.93000030517578,762.0
2024-10-25 12:52:00+00:00,FLEX,35.275001525878906,35.275001525878906,35.275001525878906,35.25,35.25,2422.0
2024-10-25 12:52:00+00:00,FORM,45.27000045776367,45.27000045776367,45.29999923706055,45.27000045776367,45.290000915527344,654.0
2024-10-25 12:52:00+00:00,FROG,29.440000534057617,29.440000534057617,29.440000534057617,29.440000534057617,29.440000534057617,574.0
2024-10-25 12:52:00+00:00,FRSH,11.654999732971191,11.654999732971191,11.654999732971191,11.654999732971191,11.654999732971191,1124.0
2024-10-25 12:52:00+00:00,FSLR,198.97999572753906,198.97999572753906,199.05250549316406,198.9600067138672,199.05250549316406,1382.0
2024-10-25 12:52:00+00:00,FTNT,81.17009735107422,81.17009735107422,81.18000030517578,81.16000366210938,81.16999816894531,2851.0
2024-10-25 12:52:00+00:00,GCT,24.889999389648438,24.889999389648438,24.899999618530273,24.850000381469727,24.8799991607666,2489.0
2024-10-25 12:52:00+00:00,GFS,41.25,41.25,41.29999923706055,41.25,41.290000915527344,4071.0
2024-10-25 12:52:00+00:00,GRAB,4.08519983291626,4.08519983291626,4.08519983291626,4.08519983291626,4.08519983291626,3502.0
2024-10-25 12:52:00+00:00,GTLB,55.37049865722656,55.37049865722656,55.37049865722656,55.31999969482422,55.33000183105469,2416.0
2024-10-25 12:52:00+00:00,HCP,33.67499923706055,33.67499923706055,33.67499923706055,33.66999816894531,33.67499923706055,782.0
2024-10-25 12:52:00+00:00,HIMX,6.184999942779541,6.184999942779541,6.184999942779541,6.184999942779541,6.184999942779541,416.0
2024-10-25 12:52:00+00:00,HOLO,3.6410999298095703,3.6410999298095703,3.6410999298095703,3.6410999298095703,3.6410999298095703,429.0
2024-10-25 12:52:00+00:00,HOOD,27.350000381469727,27.350000381469727,27.360000610351562,27.350000381469727,27.354999542236328,4479.0
2024-10-25 12:52:00+00:00,ICHR,27.790000915527344,27.790000915527344,27.790000915527344,27.790000915527344,27.790000915527344,1140.0
2024-10-25 12:52:00+00:00,IFBD,1.9667999744415283,1.9667999744415283,1.9667999744415283,1.9667999744415283,1.9667999744415283,1727.0
2024-10-25 12:52:00+00:00,III,3.069999933242798,3.069999933242798,3.069999933242798,3.069999933242798,3.069999933242798,249.0
2024-10-25 12:52:00+00:00,IMMR,8.729999542236328,8.729999542236328,8.729999542236328,8.729999542236328,8.729999542236328,401.0
2024-10-25 12:52:00+00:00,INDI,3.575000047683716,3.575000047683716,3.575000047683716,3.57450008392334,3.57450008392334,585.0
2024-10-25 12:52:00+00:00,INOD,20.170000076293945,20.170000076293945,20.208999633789062,20.1200008392334,20.1200008392334,7605.0
2024-10-25 12:52:00+00:00,INSG,20.350000381469727,20.350000381469727,20.350000381469727,20.350000381469727,20.350000381469727,1135.0
2024-10-25 12:52:00+00:00,INTC,23.155000686645508,23.155000686645508,23.18000030517578,23.149999618530273,23.164100646972656,89766.0
2024-10-25 12:52:00+00:00,INTU,611.864990234375,611.864990234375,611.864990234375,611.864990234375,611.864990234375,496.0
2024-10-25 12:52:00+00:00,IPGP,77.16000366210938,77.16000366210938,77.25980377197266,77.16000366210938,77.19000244140625,4711.0
2024-10-25 12:52:00+00:00,ITRI,102.86000061035156,102.86000061035156,102.86000061035156,102.8499984741211,102.8499984741211,846.0
2024-10-25 12:52:00+00:00,JAMF,16.790000915527344,16.790000915527344,16.790000915527344,16.790000915527344,16.790000915527344,1561.0
2024-10-25 12:52:00+00:00,KC,2.7249999046325684,2.7249999046325684,2.7249999046325684,2.7249999046325684,2.7249999046325684,1289.0
2024-10-25 12:52:00+00:00,KLAC,682.1599731445312,682.1599731445312,682.5800170898438,682.1500854492188,682.1500854492188,2115.0
2024-10-25 12:52:00+00:00,KOSS,7.40500020980835,7.40500020980835,7.40500020980835,7.392000198364258,7.392000198364258,933.0
2024-10-25 12:52:00+00:00,LINK,4.929999828338623,4.929999828338623,4.929999828338623,4.929999828338623,4.929999828338623,310.0
2024-10-25 12:52:00+00:00,LITE,64.2249984741211,64.2249984741211,64.2249984741211,64.2249984741211,64.2249984741211,400.0
2024-10-25 12:52:00+00:00,LRCX,79.29000091552734,79.29000091552734,79.37000274658203,79.29000091552734,79.33000183105469,17595.0
2024-10-25 12:52:00+00:00,LSAK,5.329999923706055,5.329999923706055,5.329999923706055,5.329999923706055,5.329999923706055,900.0
2024-10-25 12:52:00+00:00,LSCC,54.65999984741211,54.65999984741211,54.689998626708984,54.65999984741211,54.68000030517578,1554.0
2024-10-25 12:52:00+00:00,LTCH,0.4300000071525574,0.4300000071525574,0.4300000071525574,0.4300000071525574,0.4300000071525574,20.0
2024-10-25 12:52:00+00:00,LTRX,4.029900074005127,4.029900074005127,4.03000020980835,4.0289998054504395,4.03000020980835,2205.0
2024-10-25 12:52:00+00:00,LUNA,1.8200000524520874,1.8200000524520874,1.8200000524520874,1.8200000524520874,1.8200000524520874,186.0
2024-10-25 12:52:00+00:00,LYFT,13.755000114440918,13.755000114440918,13.755000114440918,13.75,13.75,8784.0
2024-10-25 12:52:00+00:00,MCHP,77.20999908447266,77.20999908447266,77.24500274658203,77.20999908447266,77.22000122070312,9954.0
2024-10-25 12:52:00+00:00,MDB,266.85009765625,266.85009765625,267.1000061035156,266.85009765625,267.1000061035156,483.0
2024-10-25 12:52:00+00:00,MKSI,101.52999877929688,101.52999877929688,101.69000244140625,101.52999877929688,101.6500015258789,4364.0
2024-10-25 12:52:00+00:00,MNDY,298.8500061035156,298.8500061035156,298.8500061035156,298.7300109863281,298.7300109863281,364.0
2024-10-25 12:52:00+00:00,MPWR,925.27001953125,925.27001953125,925.27001953125,925.27001953125,925.27001953125,600.0
2024-10-25 12:52:00+00:00,MQ,5.275000095367432,5.275000095367432,5.275000095367432,5.269999980926514,5.269999980926514,1930.0
2024-10-25 12:52:00+00:00,MRVL,83.37000274658203,83.37000274658203,83.42350006103516,83.36000061035156,83.37999725341797,12649.0
2024-10-25 12:52:00+00:00,MSFT,430.42999267578125,430.42999267578125,430.57000732421875,430.42999267578125,430.42999267578125,10486.0
2024-10-25 12:52:00+00:00,MSTR,239.78250122070312,239.78250122070312,240.0906982421875,239.67999267578125,239.72000122070312,25324.0
2024-10-25 12:52:00+00:00,MTTR,4.625,4.625,4.625,4.625,4.625,481.0
2024-10-25 12:52:00+00:00,MU,108.97090148925781,108.97090148925781,109.08000183105469,108.97000122070312,109.05470275878906,17086.0
2024-10-25 12:52:00+00:00,MVIS,1.100000023841858,1.100000023841858,1.100000023841858,1.100000023841858,1.100000023841858,200.0
2024-10-25 12:52:00+00:00,MXL,15.055000305175781,15.055000305175781,15.100000381469727,15.050000190734863,15.100000381469727,2670.0
2024-10-25 12:52:00+00:00,NCNO,37.76499938964844,37.76499938964844,37.77000045776367,37.75,37.75,1371.0
2024-10-25 12:52:00+00:00,NNDM,2.3248000144958496,2.3248000144958496,2.3248000144958496,2.3248000144958496,2.3248000144958496,264.0
2024-10-25 12:52:00+00:00,NTAP,120.33499908447266,120.33499908447266,120.41999816894531,120.33000183105469,120.41999816894531,5418.0
2024-10-25 12:52:00+00:00,NTNX,62.16999816894531,62.16999816894531,62.16999816894531,62.15999984741211,62.15999984741211,1193.0
2024-10-25 12:52:00+00:00,NVDA,143.31210327148438,143.31210327148438,143.4199981689453,143.3000030517578,143.3350067138672,325848.0
2024-10-25 12:52:00+00:00,NVEI,33.52000045776367,33.52000045776367,33.52000045776367,33.52000045776367,33.52000045776367,104.0
2024-10-25 12:52:00+00:00,NVMI,185.11000061035156,185.11000061035156,185.11000061035156,185.0,185.11000061035156,2826.0
2024-10-25 12:52:00+00:00,NXPI,245.6750030517578,245.6750030517578,245.77999877929688,245.6300048828125,245.77999877929688,2229.0
2024-10-25 12:52:00+00:00,OKTA,72.51499938964844,72.51499938964844,72.52999877929688,72.51499938964844,72.52999877929688,718.0
2024-10-25 12:52:00+00:00,OLED,204.1649932861328,204.1649932861328,204.1649932861328,204.1649932861328,204.1649932861328,1033.0
2024-10-25 12:52:00+00:00,ON,72.1050033569336,72.1050033569336,72.16999816894531,72.1050033569336,72.16000366210938,13541.0
2024-10-25 12:52:00+00:00,ONDS,0.8772000074386597,0.8772000074386597,0.8917999863624573,0.8772000074386597,0.8917999863624573,0.0
2024-10-25 12:52:00+00:00,OSPN,14.619999885559082,14.619999885559082,14.619999885559082,14.619999885559082,14.619999885559082,1657.0
2024-10-25 12:52:00+00:00,PANW,369.3949890136719,369.3949890136719,369.4049987792969,369.3299865722656,369.3299865722656,1057.0
2024-10-25 12:52:00+00:00,PAYO,8.305000305175781,8.305000305175781,8.305000305175781,8.305000305175781,8.305000305175781,437.0
2024-10-25 12:52:00+00:00,PCTY,173.28500366210938,173.28500366210938,173.28500366210938,173.28500366210938,173.28500366210938,129.0
2024-10-25 12:52:00+00:00,PDFS,29.56999969482422,29.56999969482422,29.56999969482422,29.56999969482422,29.56999969482422,292.0
2024-10-25 12:52:00+00:00,PET,0.7910000085830688,0.7910000085830688,0.7910000085830688,0.7910000085830688,0.7910000085830688,2.0
2024-10-25 12:52:00+00:00,PGY,11.850000381469727,11.850000381469727,11.850000381469727,11.83180046081543,11.84000015258789,935.0
2024-10-25 12:52:00+00:00,PHUN,10.080100059509277,10.080100059509277,10.09000015258789,10.067099571228027,10.088600158691406,18848.0
2024-10-25 12:52:00+00:00,PLAB,23.760000228881836,23.760000228881836,23.760000228881836,23.760000228881836,23.760000228881836,291.0
2024-10-25 12:52:00+00:00,POWI,64.0199966430664,64.0199966430664,64.11499786376953,64.0199966430664,64.11499786376953,5237.0
2024-10-25 12:52:00+00:00,PTC,187.10000610351562,187.10000610351562,187.10000610351562,187.08999633789062,187.08999633789062,901.0
2024-10-25 12:52:00+00:00,PYCR,14.335000038146973,14.335000038146973,14.335000038146973,14.335000038146973,14.335000038146973,604.0
2024-10-25 12:52:00+00:00,QCOM,172.91000366210938,172.91000366210938,173.02000427246094,172.91000366210938,172.94000244140625,22557.0
2024-10-25 12:52:00+00:00,QLYS,120.31500244140625,120.31500244140625,120.31500244140625,120.31500244140625,120.31500244140625,247.0
2024-10-25 12:52:00+00:00,QRVO,100.58000183105469,100.58000183105469,100.63999938964844,100.58000183105469,100.63999938964844,2562.0
2024-10-25 12:52:00+00:00,QUIK,8.625399589538574,8.625399589538574,8.625399589538574,8.625399589538574,8.625399589538574,413.0
2024-10-25 12:52:00+00:00,RCAT,2.765000104904175,2.765000104904175,2.765000104904175,2.765000104904175,2.765000104904175,0.0
2024-10-25 12:52:00+00:00,RELY,14.84000015258789,14.84000015258789,14.84000015258789,14.829999923706055,14.84000015258789,1338.0
2024-10-25 12:52:00+00:00,RGTI,1.2086999416351318,1.2086999416351318,1.2100000381469727,1.2086999416351318,1.2100000381469727,1095.0
2024-10-25 12:52:00+00:00,RIOT,10.083700180053711,10.083700180053711,10.100000381469727,10.079999923706055,10.085000038146973,28700.0
2024-10-25 12:52:00+00:00,RMBS,43.65999984741211,43.65999984741211,43.68000030517578,43.65999984741211,43.68000030517578,2181.0
2024-10-25 12:52:00+00:00,RPAY,7.599999904632568,7.599999904632568,7.599999904632568,7.599999904632568,7.599999904632568,521.0
2024-10-25 12:52:00+00:00,RPD,39.060001373291016,39.060001373291016,39.060001373291016,39.029998779296875,39.029998779296875,896.0
2024-10-25 12:52:00+00:00,RUM,5.716800212860107,5.716800212860107,5.716800212860107,5.716800212860107,5.716800212860107,511.0
2024-10-25 12:52:00+00:00,RUN,14.354999542236328,14.354999542236328,14.359999656677246,14.354999542236328,14.359999656677246,5886.0
2024-10-25 12:52:00+00:00,SATS,25.059999465942383,25.059999465942383,25.059999465942383,25.049999237060547,25.049999237060547,1555.0
2024-10-25 12:52:00+00:00,SEDG,16.170000076293945,16.170000076293945,16.173999786376953,16.170000076293945,16.170000076293945,2585.0
2024-10-25 12:52:00+00:00,SHLS,5.309999942779541,5.309999942779541,5.309999942779541,5.304999828338623,5.304999828338623,2830.0
2024-10-25 12:52:00+00:00,SKYT,10.729999542236328,10.729999542236328,10.729999542236328,10.729999542236328,10.729999542236328,561.0
2024-10-25 12:52:00+00:00,SLAB,115.71499633789062,115.71499633789062,115.71499633789062,115.71499633789062,115.71499633789062,532.0
2024-10-25 12:52:00+00:00,SMCI,47.72200012207031,47.72200012207031,47.790000915527344,47.709999084472656,47.709999084472656,19487.0
2024-10-25 12:52:00+00:00,SMTC,45.84000015258789,45.84000015258789,45.845001220703125,45.81999969482422,45.83000183105469,1182.0
2024-10-25 12:52:00+00:00,SNPS,504.3500061035156,504.3500061035156,504.3500061035156,504.3500061035156,504.3500061035156,218.0
2024-10-25 12:52:00+00:00,SOUN,5.251999855041504,5.251999855041504,5.259900093078613,5.25,5.255000114440918,8864.0
2024-10-25 12:52:00+00:00,SPT,27.010000228881836,27.010000228881836,27.040000915527344,27.010000228881836,27.040000915527344,2292.0
2024-10-25 12:52:00+00:00,SSNC,69.68000030517578,69.68000030517578,69.69000244140625,69.66000366210938,69.68499755859375,4572.0
2024-10-25 12:52:00+00:00,STNE,11.515000343322754,11.515000343322754,11.515999794006348,11.515000343322754,11.515000343322754,1031.0
2024-10-25 12:52:00+00:00,STX,103.94999694824219,103.94999694824219,103.97000122070312,103.9271011352539,103.97000122070312,3048.0
2024-10-25 12:52:00+00:00,SURG,1.75,1.75,1.75,1.75,1.75,1000.0
2024-10-25 12:52:00+00:00,SVRE,0.08219999819993973,0.08219999819993973,0.08219999819993973,0.08219999819993973,0.08219999819993973,1011.0
2024-10-25 12:52:00+00:00,SWKS,96.68000030517578,96.68000030517578,96.80000305175781,96.68000030517578,96.80000305175781,4231.0
2024-10-25 12:52:00+00:00,SYNA,73.43000030517578,73.43000030517578,73.44999694824219,73.43000030517578,73.44999694824219,1237.0
2024-10-25 12:52:00+00:00,TEAM,190.49000549316406,190.49000549316406,190.49000549316406,190.49000549316406,190.49000549316406,1063.0
2024-10-25 12:52:00+00:00,TENB,41.52000045776367,41.52000045776367,41.63999938964844,41.52000045776367,41.63999938964844,11502.0
2024-10-25 12:52:00+00:00,TER,113.09500122070312,113.09500122070312,113.29000091552734,113.09500122070312,113.23999786376953,18779.0
2024-10-25 12:52:00+00:00,TLS,3.6633999347686768,3.6633999347686768,3.6633999347686768,3.6633999347686768,3.6633999347686768,26.0
2024-10-25 12:52:00+00:00,TRMB,61.095001220703125,61.095001220703125,61.095001220703125,61.06999969482422,61.06999969482422,1942.0
2024-10-25 12:52:00+00:00,TTD,119.47000122070312,119.47000122070312,119.52999877929688,119.47000122070312,119.4800033569336,3439.0
2024-10-25 12:52:00+00:00,TTMI,19.579999923706055,19.579999923706055,19.579999923706055,19.579999923706055,19.579999923706055,175.0
2024-10-25 12:52:00+00:00,TWKS,4.449999809265137,4.449999809265137,4.449999809265137,4.449999809265137,4.449999809265137,2664.0
2024-10-25 12:52:00+00:00,TXN,209.41000366210938,209.41000366210938,209.41000366210938,209.2050018310547,209.2050018310547,5530.0
2024-10-25 12:52:00+00:00,UCTT,36.060001373291016,36.060001373291016,36.08000183105469,36.060001373291016,36.08000183105469,662.0
2024-10-25 12:52:00+00:00,VECO,29.59000015258789,29.59000015258789,29.600000381469727,29.59000015258789,29.600000381469727,2012.0
2024-10-25 12:52:00+00:00,VNET,3.469899892807007,3.469899892807007,3.469899892807007,3.469899892807007,3.469899892807007,369.0
2024-10-25 12:52:00+00:00,VRNS,56.88999938964844,56.88999938964844,56.91999816894531,56.88999938964844,56.91999816894531,512.0
2024-10-25 12:52:00+00:00,VSAT,10.335000038146973,10.335000038146973,10.335000038146973,10.300000190734863,10.300000190734863,7315.0
2024-10-25 12:52:00+00:00,WDAY,239.78500366210938,239.78500366210938,239.8000030517578,239.78500366210938,239.8000030517578,550.0
2024-10-25 12:52:00+00:00,WDC,71.18000030517578,71.18000030517578,71.19000244140625,71.1406021118164,71.1500015258789,7136.0
2024-10-25 12:52:00+00:00,WIX,165.6199951171875,165.6199951171875,165.6199951171875,165.5,165.5,2745.0
2024-10-25 12:52:00+00:00,XRX,10.03499984741211,10.03499984741211,10.060099601745605,10.029999732971191,10.060099601745605,23200.0
2024-10-25 12:52:00+00:00,ZBRA,363.010009765625,363.010009765625,363.0150146484375,362.885009765625,362.885009765625,1361.0
2024-10-25 12:52:00+00:00,ZI,10.5600004196167,10.5600004196167,10.5600004196167,10.5600004196167,10.5600004196167,3629.0
2024-10-25 12:52:00+00:00,ZM,73.125,73.125,73.125,73.11000061035156,73.11000061035156,1627.0
2024-10-25 12:52:00+00:00,ZS,185.50999450683594,185.50999450683594,185.50999450683594,185.50999450683594,185.50999450683594,1454.0
2024-10-25 12:53:00+00:00,AAOI,17.89229965209961,17.89229965209961,17.90999984741211,17.89229965209961,17.899999618530273,503.0
2024-10-25 12:53:00+00:00,AAPL,232.92010498046875,232.92010498046875,232.94000244140625,232.8699951171875,232.8800048828125,55817.0
2024-10-25 12:53:00+00:00,ACIW,48.814998626708984,48.814998626708984,48.81999969482422,48.814998626708984,48.81999969482422,1536.0
2024-10-25 12:53:00+00:00,ACMR,19.920000076293945,19.920000076293945,19.920000076293945,19.920000076293945,19.920000076293945,511.0
2024-10-25 12:53:00+00:00,ADBE,486.0299987792969,486.0299987792969,486.2099914550781,486.0299987792969,486.1742858886719,2180.0
2024-10-25 12:53:00+00:00,ADI,233.77499389648438,233.77499389648438,233.80999755859375,233.75999450683594,233.75999450683594,2473.0
2024-10-25 12:53:00+00:00,ADSK,287.02978515625,287.02978515625,287.1400146484375,287.02978515625,287.1400146484375,559.0
2024-10-25 12:53:00+00:00,AEHR,17.283000946044922,17.283000946044922,17.31100082397461,17.283000946044922,17.31100082397461,1763.0
2024-10-25 12:53:00+00:00,AFRM,41.72999954223633,41.72999954223633,41.72999954223633,41.709999084472656,41.709999084472656,4111.0
2024-10-25 12:53:00+00:00,AKAM,102.76000213623047,102.76000213623047,102.76000213623047,102.76000213623047,102.76000213623047,336.0
2024-10-25 12:53:00+00:00,ALGM,22.959999084472656,22.959999084472656,22.969999313354492,22.959999084472656,22.969999313354492,2247.0
2024-10-25 12:53:00+00:00,ALTR,103.88999938964844,103.88999938964844,103.88999938964844,103.87000274658203,103.87000274658203,880.0
2024-10-25 12:53:00+00:00,AMAT,188.84500122070312,188.84500122070312,188.91000366210938,188.82000732421875,188.8986053466797,4344.0
2024-10-25 12:53:00+00:00,AMD,158.03500366210938,158.03500366210938,158.0500030517578,157.92010498046875,157.94000244140625,13762.0
2024-10-25 12:53:00+00:00,AMKR,30.059999465942383,30.059999465942383,30.059999465942383,30.059999465942383,30.059999465942383,760.0
2024-10-25 12:53:00+00:00,ANSS,325.82000732421875,325.82000732421875,325.8599853515625,325.82000732421875,325.8599853515625,1387.0
2024-10-25 12:53:00+00:00,APCX,0.7350000143051147,0.7350000143051147,0.7350000143051147,0.7350000143051147,0.7350000143051147,2950.0
2024-10-25 12:53:00+00:00,API,2.8350000381469727,2.8350000381469727,2.8350000381469727,2.8350000381469727,2.8350000381469727,501.0
2024-10-25 12:53:00+00:00,APP,161.9499969482422,161.9499969482422,161.99749755859375,161.91000366210938,161.99749755859375,1705.0
2024-10-25 12:53:00+00:00,APPS,3.081700086593628,3.081700086593628,3.081700086593628,3.075000047683716,3.075000047683716,6429.0
2024-10-25 12:53:00+00:00,ARRY,6.519999980926514,6.519999980926514,6.550000190734863,6.519999980926514,6.550000190734863,18548.0
2024-10-25 12:53:00+00:00,AUR,6.440000057220459,6.440000057220459,6.445000171661377,6.440000057220459,6.445000171661377,489.0
2024-10-25 12:53:00+00:00,AVGO,175.6699981689453,175.6699981689453,175.7100067138672,175.63999938964844,175.63999938964844,19423.0
2024-10-25 12:53:00+00:00,AVT,54.040000915527344,54.040000915527344,54.04999923706055,54.040000915527344,54.04999923706055,442.0
2024-10-25 12:53:00+00:00,AXTI,2.7093000411987305,2.7093000411987305,2.7093000411987305,2.7093000411987305,2.7093000411987305,1325.0
2024-10-25 12:53:00+00:00,BAND,17.690000534057617,17.690000534057617,17.709999084472656,17.690000534057617,17.700000762939453,2552.0
2024-10-25 12:53:00+00:00,BSY,49.099998474121094,49.099998474121094,49.130001068115234,49.099998474121094,49.116600036621094,1821.0
2024-10-25 12:53:00+00:00,CAMT,78.67500305175781,78.67500305175781,78.67500305175781,78.67500305175781,78.67500305175781,381.0
2024-10-25 12:53:00+00:00,CAN,0.9825000166893005,0.9825000166893005,0.9825000166893005,0.9825000166893005,0.9825000166893005,260.0
2024-10-25 12:53:00+00:00,CDNS,260.010009765625,260.010009765625,260.0199890136719,259.9700012207031,259.9800109863281,2942.0
2024-10-25 12:53:00+00:00,CDW,219.9550018310547,219.9550018310547,219.9550018310547,219.9550018310547,219.9550018310547,809.0
2024-10-25 12:53:00+00:00,CETX,0.3050000071525574,0.3050000071525574,0.3050000071525574,0.30329999327659607,0.30329999327659607,8985.0
2024-10-25 12:53:00+00:00,CFLT,22.4950008392334,22.4950008392334,22.4950008392334,22.469999313354492,22.475000381469727,2843.0
2024-10-25 12:53:00+00:00,CGNX,39.0,39.0,39.02000045776367,39.0,39.02000045776367,2267.0
2024-10-25 12:53:00+00:00,CLSK,11.989999771118164,11.989999771118164,11.989999771118164,11.949999809265137,11.961000442504883,36623.0
2024-10-25 12:53:00+00:00,CNDT,3.630000114440918,3.630000114440918,3.640000104904175,3.630000114440918,3.640000104904175,1896.0
2024-10-25 12:53:00+00:00,COHR,95.48999786376953,95.48999786376953,95.5,95.27999877929688,95.27999877929688,3440.0
2024-10-25 12:53:00+00:00,COIN,210.57550048828125,210.57550048828125,210.58839416503906,210.00509643554688,210.1020050048828,15926.0
2024-10-25 12:53:00+00:00,COMM,6.304999828338623,6.304999828338623,6.315000057220459,6.304999828338623,6.309999942779541,2227.0
2024-10-25 12:53:00+00:00,CORZ,13.40999984741211,13.40999984741211,13.40999984741211,13.390000343322754,13.390000343322754,5713.0
2024-10-25 12:53:00+00:00,CRDO,39.709999084472656,39.709999084472656,39.739898681640625,39.709999084472656,39.739898681640625,1723.0
2024-10-25 12:53:00+00:00,CRNT,2.45989990234375,2.45989990234375,2.45989990234375,2.45989990234375,2.45989990234375,285.0
2024-10-25 12:53:00+00:00,CRWD,301.8700866699219,301.8700866699219,302.218994140625,300.45001220703125,300.9700012207031,33394.0
2024-10-25 12:53:00+00:00,CSCO,55.98500061035156,55.98500061035156,55.98500061035156,55.970001220703125,55.97359848022461,5698.0
2024-10-25 12:53:00+00:00,CSIQ,13.75,13.75,13.760000228881836,13.739999771118164,13.760000228881836,4379.0
2024-10-25 12:53:00+00:00,CTSH,74.9000015258789,74.9000015258789,74.91999816894531,74.9000015258789,74.91999816894531,1151.0
2024-10-25 12:53:00+00:00,CVLT,134.6199951171875,134.6199951171875,134.6300048828125,134.6199951171875,134.6300048828125,1978.0
2024-10-25 12:53:00+00:00,DBX,26.06999969482422,26.06999969482422,26.06999969482422,26.065000534057617,26.065000534057617,2173.0
2024-10-25 12:53:00+00:00,DDOG,127.24500274658203,127.24500274658203,127.2615966796875,127.17500305175781,127.17500305175781,2376.0
2024-10-25 12:53:00+00:00,DIOD,66.62000274658203,66.62000274658203,66.68000030517578,66.61000061035156,66.67500305175781,2678.0
2024-10-25 12:53:00+00:00,DLO,8.904999732971191,8.904999732971191,8.904999732971191,8.899999618530273,8.899999618530273,597.0
2024-10-25 12:53:00+00:00,DOCU,69.88500213623047,69.88500213623047,69.88500213623047,69.87999725341797,69.87999725341797,1217.0
2024-10-25 12:53:00+00:00,DOMO,8.055000305175781,8.055000305175781,8.055000305175781,8.055000305175781,8.055000305175781,119.0
2024-10-25 12:53:00+00:00,DOX,89.59500122070312,89.59500122070312,89.59500122070312,89.59500122070312,89.59500122070312,850.0
2024-10-25 12:53:00+00:00,DUOL,289.864013671875,289.864013671875,289.9849853515625,289.864013671875,289.9849853515625,774.0
2024-10-25 12:53:00+00:00,EEFT,99.7300033569336,99.7300033569336,99.7300033569336,99.7300033569336,99.7300033569336,907.0
2024-10-25 12:53:00+00:00,ENPH,83.16000366210938,83.16000366210938,83.16000366210938,83.12000274658203,83.12000274658203,2758.0
2024-10-25 12:53:00+00:00,ERIC,8.484999656677246,8.484999656677246,8.484999656677246,8.484999656677246,8.484999656677246,1801.0
2024-10-25 12:53:00+00:00,EVCM,10.574999809265137,10.574999809265137,10.574999809265137,10.574999809265137,10.574999809265137,134.0
2024-10-25 12:53:00+00:00,EXLS,38.91999816894531,38.91999816894531,38.91999816894531,38.91999816894531,38.91999816894531,1099.0
2024-10-25 12:53:00+00:00,FIVN,29.940000534057617,29.940000534057617,29.950000762939453,29.90999984741211,29.940000534057617,5745.0
2024-10-25 12:53:00+00:00,FLEX,35.27000045776367,35.27000045776367,35.279998779296875,35.27000045776367,35.275001525878906,2812.0
2024-10-25 12:53:00+00:00,FLYW,17.475000381469727,17.475000381469727,17.489999771118164,17.475000381469727,17.489999771118164,811.0
2024-10-25 12:53:00+00:00,FROG,29.40999984741211,29.40999984741211,29.454999923706055,29.40999984741211,29.454999923706055,2379.0
2024-10-25 12:53:00+00:00,FRSH,11.654999732971191,11.654999732971191,11.654999732971191,11.654999732971191,11.654999732971191,1562.0
2024-10-25 12:53:00+00:00,FSLR,198.97999572753906,198.97999572753906,199.02000427246094,198.9199981689453,199.0,1867.0
2024-10-25 12:53:00+00:00,FTNT,81.19000244140625,81.19000244140625,81.19000244140625,81.1760025024414,81.1760025024414,913.0
2024-10-25 12:53:00+00:00,GPRO,1.340000033378601,1.340000033378601,1.340000033378601,1.340000033378601,1.340000033378601,413.0
2024-10-25 12:53:00+00:00,GRAB,4.09499979019165,4.09499979019165,4.09499979019165,4.085000038146973,4.085000038146973,137673.0
2024-10-25 12:53:00+00:00,GRRR,4.514999866485596,4.514999866485596,4.514999866485596,4.514800071716309,4.514800071716309,743.0
2024-10-25 12:53:00+00:00,GTLB,55.3650016784668,55.3650016784668,55.40999984741211,55.3650016784668,55.38999938964844,1630.0
2024-10-25 12:53:00+00:00,GVP,4.610000133514404,4.610000133514404,4.619999885559082,4.610000133514404,4.614999771118164,800.0
2024-10-25 12:53:00+00:00,HCP,33.67499923706055,33.67499923706055,33.67499923706055,33.66999816894531,33.66999816894531,1300.0
2024-10-25 12:53:00+00:00,HLIT,14.8100004196167,14.8100004196167,14.8100004196167,14.795000076293945,14.795000076293945,1108.0
2024-10-25 12:53:00+00:00,HOLO,3.6449999809265137,3.6449999809265137,3.6449999809265137,3.6401000022888184,3.6401000022888184,948.0
2024-10-25 12:53:00+00:00,HOOD,27.364999771118164,27.364999771118164,27.36989974975586,27.354999542236328,27.360000610351562,9539.0
2024-10-25 12:53:00+00:00,IDN,2.3487000465393066,2.3487000465393066,2.3594000339508057,2.348400115966797,2.3594000339508057,2093.0
2024-10-25 12:53:00+00:00,III,3.052799940109253,3.052799940109253,3.059999942779541,3.049999952316284,3.059999942779541,8304.0
2024-10-25 12:53:00+00:00,IMMR,8.723999977111816,8.723999977111816,8.723999977111816,8.723999977111816,8.723999977111816,152.0
2024-10-25 12:53:00+00:00,IMTE,1.6200000047683716,1.6200000047683716,1.6200000047683716,1.6200000047683716,1.6200000047683716,210.0
2024-10-25 12:53:00+00:00,IMXI,17.600000381469727,17.600000381469727,17.600000381469727,17.600000381469727,17.600000381469727,380.0
2024-10-25 12:53:00+00:00,INDI,3.565000057220459,3.565000057220459,3.575000047683716,3.5601000785827637,3.575000047683716,12008.0
2024-10-25 12:53:00+00:00,INFN,6.792699813842773,6.792699813842773,6.792699813842773,6.792699813842773,6.792699813842773,236.0
2024-10-25 12:53:00+00:00,INOD,20.239999771118164,20.239999771118164,20.280000686645508,20.167499542236328,20.18000030517578,5645.0
2024-10-25 12:53:00+00:00,INTA,50.04499816894531,50.04499816894531,50.04499816894531,50.040000915527344,50.040000915527344,1227.0
2024-10-25 12:53:00+00:00,INTC,23.153400421142578,23.153400421142578,23.15999984741211,23.149999618530273,23.156999588012695,18504.0
2024-10-25 12:53:00+00:00,IPGP,77.20500183105469,77.20500183105469,77.20500183105469,77.20500183105469,77.20500183105469,470.0
2024-10-25 12:53:00+00:00,ITRN,27.1200008392334,27.1200008392334,27.1200008392334,27.1200008392334,27.1200008392334,493.0
2024-10-25 12:53:00+00:00,JAMF,16.81999969482422,16.81999969482422,16.81999969482422,16.81999969482422,16.81999969482422,237.0
2024-10-25 12:53:00+00:00,JKHY,183.6649932861328,183.6649932861328,183.6649932861328,183.6649932861328,183.6649932861328,899.0
2024-10-25 12:53:00+00:00,KC,2.7200000286102295,2.7200000286102295,2.7249999046325684,2.7200000286102295,2.7249999046325684,1992.0
2024-10-25 12:53:00+00:00,KLIC,44.72999954223633,44.72999954223633,44.75,44.720001220703125,44.75,1973.0
2024-10-25 12:53:00+00:00,KOSS,7.389999866485596,7.389999866485596,7.389999866485596,7.389999866485596,7.389999866485596,397.0
2024-10-25 12:53:00+00:00,LINK,4.949999809265137,4.949999809265137,4.949999809265137,4.949999809265137,4.949999809265137,2015.0
2024-10-25 12:53:00+00:00,LITE,64.21499633789062,64.21499633789062,64.2249984741211,64.20999908447266,64.20999908447266,1001.0
2024-10-25 12:53:00+00:00,LOGI,81.01000213623047,81.01000213623047,81.01000213623047,81.01000213623047,81.01000213623047,248.0
2024-10-25 12:53:00+00:00,LRCX,79.30000305175781,79.30000305175781,79.30999755859375,79.2750015258789,79.27999877929688,10494.0
2024-10-25 12:53:00+00:00,LSCC,54.66999816894531,54.66999816894531,54.66999816894531,54.66999816894531,54.66999816894531,823.0
2024-10-25 12:53:00+00:00,LYFT,13.755000114440918,13.755000114440918,13.755000114440918,13.755000114440918,13.755000114440918,1427.0
2024-10-25 12:53:00+00:00,LYTS,16.22599983215332,16.22599983215332,16.22599983215332,16.22599983215332,16.22599983215332,125.0
2024-10-25 12:53:00+00:00,MCHP,77.22000122070312,77.22000122070312,77.22000122070312,77.20999908447266,77.20999908447266,2236.0
2024-10-25 12:53:00+00:00,MDB,267.2300109863281,267.2300109863281,267.4200134277344,267.20001220703125,267.20001220703125,1186.0
2024-10-25 12:53:00+00:00,MITK,8.779999732971191,8.779999732971191,8.779999732971191,8.770000457763672,8.770000457763672,544.0
2024-10-25 12:53:00+00:00,MNDY,298.989990234375,298.989990234375,298.989990234375,298.989990234375,298.989990234375,165.0
2024-10-25 12:53:00+00:00,MQ,5.275000095367432,5.275000095367432,5.275000095367432,5.269999980926514,5.269999980926514,1720.0
2024-10-25 12:53:00+00:00,MRVL,83.39330291748047,83.39330291748047,83.41000366210938,83.36000061035156,83.36000061035156,8309.0
2024-10-25 12:53:00+00:00,MSFT,430.57000732421875,430.57000732421875,430.6000061035156,430.4700012207031,430.4700012207031,9513.0
2024-10-25 12:53:00+00:00,MSTR,241.2100067138672,241.2100067138672,241.5,239.58999633789062,239.78500366210938,135627.0
2024-10-25 12:53:00+00:00,MTTR,4.625,4.625,4.625,4.625,4.625,591.0
2024-10-25 12:53:00+00:00,MU,109.02989959716797,109.02989959716797,109.02989959716797,108.98999786376953,108.98999786376953,3519.0
2024-10-25 12:53:00+00:00,MVIS,1.100000023841858,1.100000023841858,1.100000023841858,1.0910999774932861,1.0910999774932861,700.0
2024-10-25 12:53:00+00:00,MXL,15.069999694824219,15.069999694824219,15.069999694824219,15.069999694824219,15.069999694824219,1283.0
2024-10-25 12:53:00+00:00,MYSZ,1.649999976158142,1.649999976158142,1.649999976158142,1.649999976158142,1.649999976158142,459.0
2024-10-25 12:53:00+00:00,NCNO,37.779998779296875,37.779998779296875,37.779998779296875,37.779998779296875,37.779998779296875,407.0
2024-10-25 12:53:00+00:00,NTAP,120.36000061035156,120.36000061035156,120.37999725341797,120.3550033569336,120.3550033569336,2056.0
2024-10-25 12:53:00+00:00,NTNX,62.16210174560547,62.16210174560547,62.16210174560547,62.16210174560547,62.16210174560547,1395.0
2024-10-25 12:53:00+00:00,NVDA,143.40499877929688,143.40499877929688,143.40499877929688,143.30999755859375,143.3101043701172,134863.0
2024-10-25 12:53:00+00:00,NVEI,33.52000045776367,33.52000045776367,33.52000045776367,33.52000045776367,33.52000045776367,412.0
2024-10-25 12:53:00+00:00,NVMI,184.44000244140625,184.44000244140625,185.05999755859375,184.44000244140625,185.02499389648438,2051.0
2024-10-25 12:53:00+00:00,NVTS,2.6050000190734863,2.6050000190734863,2.6050000190734863,2.6050000190734863,2.6050000190734863,637.0
2024-10-25 12:53:00+00:00,NXPI,245.6999969482422,245.6999969482422,245.75,245.6999969482422,245.75,799.0
2024-10-25 12:53:00+00:00,OKTA,72.49500274658203,72.49500274658203,72.49810028076172,72.49500274658203,72.49810028076172,394.0
2024-10-25 12:53:00+00:00,ON,72.0999984741211,72.0999984741211,72.13999938964844,72.0999984741211,72.11000061035156,14785.0
2024-10-25 12:53:00+00:00,OTEX,33.400001525878906,33.400001525878906,33.400001525878906,33.400001525878906,33.400001525878906,784.0
2024-10-25 12:53:00+00:00,PANW,369.5799865722656,369.5799865722656,369.5799865722656,369.28070068359375,369.28070068359375,1699.0
2024-10-25 12:53:00+00:00,PAYO,8.308899879455566,8.308899879455566,8.308899879455566,8.305000305175781,8.305000305175781,860.0
2024-10-25 12:53:00+00:00,PCTY,173.63499450683594,173.63499450683594,173.63499450683594,173.3300018310547,173.3300018310547,1978.0
2024-10-25 12:53:00+00:00,PEGA,80.46499633789062,80.46499633789062,80.46499633789062,80.46499633789062,80.46499633789062,1602.0
2024-10-25 12:53:00+00:00,PGY,11.859999656677246,11.859999656677246,11.859999656677246,11.859999656677246,11.859999656677246,198.0
2024-10-25 12:53:00+00:00,PHUN,10.180000305175781,10.180000305175781,10.180000305175781,10.079999923706055,10.080100059509277,24755.0
2024-10-25 12:53:00+00:00,PLAB,23.760000228881836,23.760000228881836,23.760000228881836,23.760000228881836,23.760000228881836,212.0
2024-10-25 12:53:00+00:00,POWI,63.88999938964844,63.88999938964844,63.88999938964844,63.88999938964844,63.88999938964844,496.0
2024-10-25 12:53:00+00:00,PRCH,1.329300045967102,1.329300045967102,1.329300045967102,1.329300045967102,1.329300045967102,1654.0
2024-10-25 12:53:00+00:00,PTC,187.11000061035156,187.11000061035156,187.11000061035156,187.08999633789062,187.08999633789062,314.0
2024-10-25 12:53:00+00:00,PXLW,0.7465999722480774,0.7465999722480774,0.7465999722480774,0.7465999722480774,0.7465999722480774,4000.0
2024-10-25 12:53:00+00:00,PYCR,14.350000381469727,14.350000381469727,14.350000381469727,14.329999923706055,14.329999923706055,1744.0
2024-10-25 12:53:00+00:00,QCOM,172.94000244140625,172.94000244140625,172.97000122070312,172.9149932861328,172.9199981689453,2669.0
2024-10-25 12:53:00+00:00,QLYS,120.25499725341797,120.25499725341797,120.25499725341797,120.25499725341797,120.25499725341797,296.0
2024-10-25 12:53:00+00:00,QRVO,100.63500213623047,100.63500213623047,100.63500213623047,100.61000061035156,100.61000061035156,2351.0
2024-10-25 12:53:00+00:00,QUBT,1.065000057220459,1.065000057220459,1.065000057220459,1.065000057220459,1.065000057220459,629.0
2024-10-25 12:53:00+00:00,RCAT,2.765000104904175,2.765000104904175,2.765000104904175,2.765000104904175,2.765000104904175,200.0
2024-10-25 12:53:00+00:00,REKR,1.100000023841858,1.100000023841858,1.100000023841858,1.100000023841858,1.100000023841858,453.0
2024-10-25 12:53:00+00:00,RELY,14.84000015258789,14.84000015258789,14.84000015258789,14.84000015258789,14.84000015258789,2026.0
2024-10-25 12:53:00+00:00,RGTI,1.2100000381469727,1.2100000381469727,1.2100000381469727,1.2050000429153442,1.2050000429153442,24039.0
2024-10-25 12:53:00+00:00,RIOT,10.09000015258789,10.09000015258789,10.100000381469727,10.083999633789062,10.085000038146973,14575.0
2024-10-25 12:53:00+00:00,RPD,39.060001373291016,39.060001373291016,39.060001373291016,39.060001373291016,39.060001373291016,284.0
2024-10-25 12:53:00+00:00,RUM,5.739999771118164,5.739999771118164,5.739999771118164,5.718999862670898,5.718999862670898,3576.0
2024-10-25 12:53:00+00:00,SATS,25.139999389648438,25.139999389648438,25.139999389648438,25.075000762939453,25.075000762939453,2597.0
2024-10-25 12:53:00+00:00,SCWX,8.380000114440918,8.380000114440918,8.380000114440918,8.380000114440918,8.380000114440918,119.0
2024-10-25 12:53:00+00:00,SEDG,16.149999618530273,16.149999618530273,16.190000534057617,16.149999618530273,16.170000076293945,7970.0
2024-10-25 12:53:00+00:00,SHLS,5.309999942779541,5.309999942779541,5.309999942779541,5.309999942779541,5.309999942779541,2796.0
2024-10-25 12:53:00+00:00,SKYT,10.720000267028809,10.720000267028809,10.720000267028809,10.720000267028809,10.720000267028809,1822.0
2024-10-25 12:53:00+00:00,SMCI,47.72999954223633,47.72999954223633,47.779998779296875,47.70000076293945,47.720001220703125,79322.0
2024-10-25 12:53:00+00:00,SMTC,45.87950134277344,45.87950134277344,45.87950134277344,45.87950134277344,45.87950134277344,347.0
2024-10-25 12:53:00+00:00,SNPS,504.3500061035156,504.3500061035156,504.3500061035156,504.3500061035156,504.3500061035156,180.0
2024-10-25 12:53:00+00:00,SOUN,5.260000228881836,5.260000228881836,5.260000228881836,5.25,5.255000114440918,10737.0
2024-10-25 12:53:00+00:00,SPSC,171.35000610351562,171.35000610351562,171.88499450683594,171.35000610351562,171.88499450683594,1581.0
2024-10-25 12:53:00+00:00,SSNC,69.5999984741211,69.5999984741211,69.66000366210938,69.5999984741211,69.65499877929688,5547.0
2024-10-25 12:53:00+00:00,STNE,11.529999732971191,11.529999732971191,11.529999732971191,11.515000343322754,11.515000343322754,4752.0
2024-10-25 12:53:00+00:00,STX,103.94999694824219,103.94999694824219,103.94999694824219,103.94999694824219,103.94999694824219,200.0
2024-10-25 12:53:00+00:00,SVRE,0.0828000009059906,0.0828000009059906,0.0828000009059906,0.0828000009059906,0.0828000009059906,1115.0
2024-10-25 12:53:00+00:00,SWKS,96.68000030517578,96.68000030517578,96.68000030517578,96.68000030517578,96.68000030517578,1173.0
2024-10-25 12:53:00+00:00,SYTA,1.279099941253662,1.279099941253662,1.279099941253662,1.279099941253662,1.279099941253662,142.0
2024-10-25 12:53:00+00:00,TER,113.0999984741211,113.0999984741211,113.19000244140625,113.08999633789062,113.08999633789062,8441.0
2024-10-25 12:53:00+00:00,TTD,119.45999908447266,119.45999908447266,119.45999908447266,119.44999694824219,119.45999908447266,1349.0
2024-10-25 12:53:00+00:00,TTEC,5.380000114440918,5.380000114440918,5.380000114440918,5.380000114440918,5.380000114440918,201.0
2024-10-25 12:53:00+00:00,TTMI,19.579999923706055,19.579999923706055,19.59000015258789,19.579999923706055,19.59000015258789,1023.0
2024-10-25 12:53:00+00:00,TWKS,4.449999809265137,4.449999809265137,4.449999809265137,4.449999809265137,4.449999809265137,980.0
2024-10-25 12:53:00+00:00,TXN,209.39999389648438,209.39999389648438,209.41000366210938,209.29110717773438,209.3300018310547,3204.0
2024-10-25 12:53:00+00:00,UCTT,36.060001373291016,36.060001373291016,36.060001373291016,36.060001373291016,36.060001373291016,933.0
2024-10-25 12:53:00+00:00,VERB,10.055000305175781,10.055000305175781,10.055000305175781,10.055000305175781,10.055000305175781,396.0
2024-10-25 12:53:00+00:00,VRNS,56.97999954223633,56.97999954223633,56.97999954223633,56.88999938964844,56.939998626708984,8443.0
2024-10-25 12:53:00+00:00,VRNT,22.219999313354492,22.219999313354492,22.219999313354492,22.219999313354492,22.219999313354492,265.0
2024-10-25 12:53:00+00:00,VRSN,185.6199951171875,185.6199951171875,185.74000549316406,185.6199951171875,185.69000244140625,2758.0
2024-10-25 12:53:00+00:00,VSAT,10.359999656677246,10.359999656677246,10.369999885559082,10.335000038146973,10.335000038146973,8614.0
2024-10-25 12:53:00+00:00,WDC,71.16999816894531,71.16999816894531,71.29000091552734,71.13169860839844,71.19999694824219,17234.0
2024-10-25 12:53:00+00:00,WISA,1.9450000524520874,1.9450000524520874,1.9450000524520874,1.9412000179290771,1.9412000179290771,1618.0
2024-10-25 12:53:00+00:00,WIX,165.4949951171875,165.4949951171875,165.4949951171875,165.4949951171875,165.4949951171875,1160.0
2024-10-25 12:53:00+00:00,WRAP,1.784999966621399,1.784999966621399,1.809999942779541,1.7699999809265137,1.809999942779541,16074.0
2024-10-25 12:53:00+00:00,XPER,9.425000190734863,9.425000190734863,9.425000190734863,9.425000190734863,9.425000190734863,184.0
2024-10-25 12:53:00+00:00,ZBRA,363.2200012207031,363.2200012207031,363.2200012207031,363.2200012207031,363.2200012207031,662.0
2024-10-25 12:53:00+00:00,ZENV,1.440000057220459,1.440000057220459,1.440000057220459,1.440000057220459,1.440000057220459,394.0
2024-10-25 12:53:00+00:00,ZI,10.5649995803833,10.5649995803833,10.569999694824219,10.5600004196167,10.5600004196167,3394.0
2024-10-25 12:53:00+00:00,ZM,73.12999725341797,73.12999725341797,73.12999725341797,73.12999725341797,73.12999725341797,618.0
2024-10-25 12:54:00+00:00,AAOI,17.8799991607666,17.8799991607666,17.8799991607666,17.8799991607666,17.8799991607666,709.0
2024-10-25 12:54:00+00:00,AAPL,232.8647003173828,232.8647003173828,232.92999267578125,232.86000061035156,232.92999267578125,53590.0
2024-10-25 12:54:00+00:00,ACIW,48.834999084472656,48.834999084472656,48.834999084472656,48.834999084472656,48.834999084472656,751.0
2024-10-25 12:54:00+00:00,ACLS,90.7125015258789,90.7125015258789,90.7125015258789,90.6500015258789,90.6500015258789,974.0
2024-10-25 12:54:00+00:00,ACMR,19.920000076293945,19.920000076293945,19.920000076293945,19.920000076293945,19.920000076293945,728.0
2024-10-25 12:54:00+00:00,ADBE,486.1499938964844,486.1499938964844,486.19500732421875,486.1499938964844,486.19500732421875,2097.0
2024-10-25 12:54:00+00:00,ADI,233.82000732421875,233.82000732421875,233.82000732421875,233.75,233.77999877929688,3498.0
2024-10-25 12:54:00+00:00,ADSK,287.2149963378906,287.2149963378906,287.2149963378906,287.2099914550781,287.2099914550781,1192.0
2024-10-25 12:54:00+00:00,AEHR,17.309999465942383,17.309999465942383,17.309999465942383,17.270000457763672,17.28350067138672,3760.0
2024-10-25 12:54:00+00:00,AFRM,41.720001220703125,41.720001220703125,41.73720169067383,41.720001220703125,41.72999954223633,5836.0
2024-10-25 12:54:00+00:00,AKAM,102.7739028930664,102.7739028930664,102.7739028930664,102.7739028930664,102.7739028930664,236.0
2024-10-25 12:54:00+00:00,AKTS,0.057100001722574234,0.057100001722574234,0.057100001722574234,0.05700000002980232,0.057100001722574234,33002.0
2024-10-25 12:54:00+00:00,ALGM,22.959999084472656,22.959999084472656,22.979999542236328,22.959999084472656,22.969999313354492,4248.0
2024-10-25 12:54:00+00:00,ALRM,54.65999984741211,54.65999984741211,54.65999984741211,54.65999984741211,54.65999984741211,1079.0
2024-10-25 12:54:00+00:00,AMAT,188.9600067138672,188.9600067138672,188.9600067138672,188.85000610351562,188.89999389648438,1515.0
2024-10-25 12:54:00+00:00,AMD,158.02999877929688,158.02999877929688,158.09849548339844,158.0200958251953,158.0200958251953,17769.0
2024-10-25 12:54:00+00:00,AMKR,30.084999084472656,30.084999084472656,30.084999084472656,30.06999969482422,30.06999969482422,1719.0
2024-10-25 12:54:00+00:00,AMPL,9.225000381469727,9.225000381469727,9.225000381469727,9.220000267028809,9.220000267028809,1008.0
2024-10-25 12:54:00+00:00,ANY,1.065000057220459,1.065000057220459,1.065000057220459,1.065000057220459,1.065000057220459,342.0
2024-10-25 12:54:00+00:00,API,2.8350000381469727,2.8350000381469727,2.8350000381469727,2.8350000381469727,2.8350000381469727,361.0
2024-10-25 12:54:00+00:00,APP,161.9499969482422,161.9499969482422,161.9499969482422,161.8800048828125,161.8800048828125,775.0
2024-10-25 12:54:00+00:00,APPS,3.0850000381469727,3.0850000381469727,3.0850000381469727,3.0850000381469727,3.0850000381469727,446.0
2024-10-25 12:54:00+00:00,ARRY,6.519999980926514,6.519999980926514,6.53000020980835,6.513999938964844,6.519999980926514,46660.0
2024-10-25 12:54:00+00:00,ASML,718.701171875,718.701171875,719.010009765625,718.701171875,719.010009765625,768.0
2024-10-25 12:54:00+00:00,AUR,6.445000171661377,6.445000171661377,6.445000171661377,6.445000171661377,6.445000171661377,1313.0
2024-10-25 12:54:00+00:00,AVDX,8.140000343322754,8.140000343322754,8.140000343322754,8.135000228881836,8.135000228881836,1296.0
2024-10-25 12:54:00+00:00,AVGO,175.7097930908203,175.7097930908203,175.72000122070312,175.66000366210938,175.6699981689453,18448.0
2024-10-25 12:54:00+00:00,AVPT,11.989999771118164,11.989999771118164,11.989999771118164,11.989999771118164,11.989999771118164,972.0
2024-10-25 12:54:00+00:00,BMBL,7.21999979019165,7.21999979019165,7.230000019073486,7.21999979019165,7.230000019073486,609.0
2024-10-25 12:54:00+00:00,BRZE,30.649999618530273,30.649999618530273,30.649999618530273,30.649999618530273,30.649999618530273,1357.0
2024-10-25 12:54:00+00:00,BSY,49.13959884643555,49.13959884643555,49.13959884643555,49.11000061035156,49.11000061035156,844.0
2024-10-25 12:54:00+00:00,CAN,0.9812999963760376,0.9812999963760376,0.9812999963760376,0.9812999963760376,0.9812999963760376,1875.0
2024-10-25 12:54:00+00:00,CDNS,260.0429992675781,260.0429992675781,260.0429992675781,259.95001220703125,259.9949951171875,1676.0
2024-10-25 12:54:00+00:00,CETX,0.30410000681877136,0.30410000681877136,0.30550000071525574,0.30410000681877136,0.30489999055862427,30471.0
2024-10-25 12:54:00+00:00,CFLT,22.520000457763672,22.520000457763672,22.520000457763672,22.4950008392334,22.4950008392334,19722.0
2024-10-25 12:54:00+00:00,CGNX,38.994998931884766,38.994998931884766,39.0,38.9900016784668,39.0,1853.0
2024-10-25 12:54:00+00:00,CLSK,11.975000381469727,11.975000381469727,11.986000061035156,11.970000267028809,11.979999542236328,24191.0
2024-10-25 12:54:00+00:00,CNDT,3.625,3.625,3.6301000118255615,3.625,3.6301000118255615,7477.0
2024-10-25 12:54:00+00:00,CNXC,44.91999816894531,44.91999816894531,44.91999816894531,44.91999816894531,44.91999816894531,385.0
2024-10-25 12:54:00+00:00,COHR,95.44000244140625,95.44000244140625,95.6500015258789,95.44000244140625,95.5999984741211,10460.0
2024-10-25 12:54:00+00:00,COHU,26.309999465942383,26.309999465942383,26.309999465942383,26.309999465942383,26.309999465942383,366.0
2024-10-25 12:54:00+00:00,COIN,210.3000946044922,210.3000946044922,210.47999572753906,210.3000030517578,210.42999267578125,8914.0
2024-10-25 12:54:00+00:00,COMM,6.304999828338623,6.304999828338623,6.304999828338623,6.300000190734863,6.300000190734863,418.0
2024-10-25 12:54:00+00:00,CORZ,13.40999984741211,13.40999984741211,13.40999984741211,13.399999618530273,13.399999618530273,3589.0
2024-10-25 12:54:00+00:00,CRDO,39.709999084472656,39.709999084472656,39.709999084472656,39.689998626708984,39.689998626708984,856.0
2024-10-25 12:54:00+00:00,CRNC,2.8499999046325684,2.8499999046325684,2.8499999046325684,2.8499999046325684,2.8499999046325684,1688.0
2024-10-25 12:54:00+00:00,CRNT,2.4600000381469727,2.4600000381469727,2.4600000381469727,2.4549999237060547,2.4549999237060547,3625.0
2024-10-25 12:54:00+00:00,CRSR,6.409999847412109,6.409999847412109,6.409999847412109,6.409999847412109,6.409999847412109,271.0
2024-10-25 12:54:00+00:00,CRWD,301.20001220703125,301.20001220703125,302.1300048828125,300.3699951171875,301.8699951171875,29578.0
2024-10-25 12:54:00+00:00,CSCO,55.98500061035156,55.98500061035156,55.98500061035156,55.97999954223633,55.98500061035156,7726.0
2024-10-25 12:54:00+00:00,CSIQ,13.734999656677246,13.734999656677246,13.734999656677246,13.730600357055664,13.732000350952148,847.0
2024-10-25 12:54:00+00:00,CTSH,74.89820098876953,74.89820098876953,74.90660095214844,74.88020324707031,74.90499877929688,1907.0
2024-10-25 12:54:00+00:00,DBX,26.06999969482422,26.06999969482422,26.06999969482422,26.065000534057617,26.06999969482422,7584.0
2024-10-25 12:54:00+00:00,DDOG,127.23999786376953,127.23999786376953,127.25,127.18000030517578,127.25,1515.0
2024-10-25 12:54:00+00:00,DGHI,1.5800000429153442,1.5800000429153442,1.5800000429153442,1.5800000429153442,1.5800000429153442,375.0
2024-10-25 12:54:00+00:00,DIOD,66.63999938964844,66.63999938964844,66.63999938964844,66.63999938964844,66.63999938964844,574.0
2024-10-25 12:54:00+00:00,DLO,8.904999732971191,8.904999732971191,8.904999732971191,8.904999732971191,8.904999732971191,300.0
2024-10-25 12:54:00+00:00,DOCU,69.9113998413086,69.9113998413086,69.91999816894531,69.87000274658203,69.87000274658203,1565.0
2024-10-25 12:54:00+00:00,DOMO,8.0600004196167,8.0600004196167,8.0600004196167,8.0600004196167,8.0600004196167,225.0
2024-10-25 12:54:00+00:00,ENPH,83.19499969482422,83.19499969482422,83.23310089111328,83.16349792480469,83.16349792480469,5833.0
2024-10-25 12:54:00+00:00,ENTG,106.09559631347656,106.09559631347656,106.09559631347656,106.09559631347656,106.09559631347656,317.0
2024-10-25 12:54:00+00:00,ERIC,8.484999656677246,8.484999656677246,8.489999771118164,8.484999656677246,8.484999656677246,2412.0
2024-10-25 12:54:00+00:00,EXFY,1.7259999513626099,1.7259999513626099,1.7300000190734863,1.7259999513626099,1.7300000190734863,820.0
2024-10-25 12:54:00+00:00,FFIV,216.66000366210938,216.66000366210938,216.66000366210938,216.66000366210938,216.66000366210938,793.0
2024-10-25 12:54:00+00:00,FIVN,29.950000762939453,29.950000762939453,29.959999084472656,29.950000762939453,29.950000762939453,1476.0
2024-10-25 12:54:00+00:00,FLEX,35.2400016784668,35.2400016784668,35.25199890136719,35.2400016784668,35.24879837036133,934.0
2024-10-25 12:54:00+00:00,FROG,29.424999237060547,29.424999237060547,29.424999237060547,29.420000076293945,29.424999237060547,813.0
2024-10-25 12:54:00+00:00,FRSH,11.654999732971191,11.654999732971191,11.654999732971191,11.649999618530273,11.649999618530273,561.0
2024-10-25 12:54:00+00:00,FTFT,0.335999995470047,0.335999995470047,0.335999995470047,0.335999995470047,0.335999995470047,200.0
2024-10-25 12:54:00+00:00,FTNT,81.15959930419922,81.15959930419922,81.16999816894531,81.12999725341797,81.16999816894531,3153.0
2024-10-25 12:54:00+00:00,GCT,24.895000457763672,24.895000457763672,24.895000457763672,24.895000457763672,24.895000457763672,1182.0
2024-10-25 12:54:00+00:00,GDS,21.659900665283203,21.659900665283203,21.659900665283203,21.6200008392334,21.6299991607666,2129.0
2024-10-25 12:54:00+00:00,GDYN,15.550000190734863,15.550000190734863,15.550000190734863,15.550000190734863,15.550000190734863,651.0
2024-10-25 12:54:00+00:00,GRAB,4.09499979019165,4.09499979019165,4.09499979019165,4.09499979019165,4.09499979019165,6031.0
2024-10-25 12:54:00+00:00,GSIT,3.450000047683716,3.450000047683716,3.450000047683716,3.440000057220459,3.450000047683716,1539.0
2024-10-25 12:54:00+00:00,GTLB,55.40999984741211,55.40999984741211,55.40999984741211,55.40999984741211,55.40999984741211,573.0
2024-10-25 12:54:00+00:00,HCP,33.67499923706055,33.67499923706055,33.67499923706055,33.67499923706055,33.67499923706055,504.0
2024-10-25 12:54:00+00:00,HIMX,6.180099964141846,6.180099964141846,6.180099964141846,6.180099964141846,6.180099964141846,10198.0
2024-10-25 12:54:00+00:00,HOOD,27.364999771118164,27.364999771118164,27.3700008392334,27.360000610351562,27.364999771118164,5395.0
2024-10-25 12:54:00+00:00,ICHR,27.802000045776367,27.802000045776367,27.802000045776367,27.802000045776367,27.802000045776367,674.0
2024-10-25 12:54:00+00:00,IDAI,0.22759999334812164,0.22759999334812164,0.22759999334812164,0.22759999334812164,0.22759999334812164,430.0
2024-10-25 12:54:00+00:00,IDN,2.3622000217437744,2.3622000217437744,2.380000114440918,2.348900079727173,2.359999895095825,6036.0
2024-10-25 12:54:00+00:00,IMXI,17.610000610351562,17.610000610351562,17.610000610351562,17.610000610351562,17.610000610351562,266.0
2024-10-25 12:54:00+00:00,INDI,3.559999942779541,3.559999942779541,3.559999942779541,3.559999942779541,3.559999942779541,1514.0
2024-10-25 12:54:00+00:00,INOD,20.26810073852539,20.26810073852539,20.280000686645508,20.23889923095703,20.23889923095703,435.0
2024-10-25 12:54:00+00:00,INTC,23.165000915527344,23.165000915527344,23.18000030517578,23.155000686645508,23.155000686645508,100866.0
2024-10-25 12:54:00+00:00,INTU,612.0,612.0,612.0,611.8599853515625,611.8599853515625,1437.0
2024-10-25 12:54:00+00:00,IPGP,77.20500183105469,77.20500183105469,77.20500183105469,77.20500183105469,77.20500183105469,252.0
2024-10-25 12:54:00+00:00,JAMF,16.809999465942383,16.809999465942383,16.809999465942383,16.809999465942383,16.809999465942383,219.0
2024-10-25 12:54:00+00:00,KC,2.7249999046325684,2.7249999046325684,2.7249999046325684,2.7249999046325684,2.7249999046325684,215.0
2024-10-25 12:54:00+00:00,KLAC,682.531982421875,682.531982421875,682.531982421875,682.531982421875,682.531982421875,2361.0
2024-10-25 12:54:00+00:00,LINK,4.949999809265137,4.949999809265137,4.949999809265137,4.949999809265137,4.949999809265137,731.0
2024-10-25 12:54:00+00:00,LITE,64.2300033569336,64.2300033569336,64.2300033569336,64.2300033569336,64.2300033569336,1343.0
2024-10-25 12:54:00+00:00,LOGI,81.01000213623047,81.01000213623047,81.01000213623047,81.0,81.0,1287.0
2024-10-25 12:54:00+00:00,LRCX,79.34500122070312,79.34500122070312,79.34500122070312,79.30590057373047,79.30999755859375,16071.0
2024-10-25 12:54:00+00:00,LSAK,5.329999923706055,5.329999923706055,5.329999923706055,5.329999923706055,5.329999923706055,601.0
2024-10-25 12:54:00+00:00,LSCC,54.68000030517578,54.68000030517578,54.68000030517578,54.66999816894531,54.68000030517578,1990.0
2024-10-25 12:54:00+00:00,LYFT,13.755000114440918,13.755000114440918,13.760000228881836,13.751999855041504,13.755000114440918,30479.0
2024-10-25 12:54:00+00:00,MANH,275.9800109863281,275.9800109863281,276.0,275.9800109863281,276.0,402.0
2024-10-25 12:54:00+00:00,MCHP,77.2302017211914,77.2302017211914,77.2699966430664,77.2300033569336,77.2300033569336,2879.0
2024-10-25 12:54:00+00:00,MIND,3.530900001525879,3.530900001525879,3.530900001525879,3.530900001525879,3.530900001525879,0.0
2024-10-25 12:54:00+00:00,MKSI,101.5,101.5,101.5250015258789,101.5,101.5250015258789,1110.0
2024-10-25 12:54:00+00:00,MNDY,298.9599914550781,298.9599914550781,298.9599914550781,298.9599914550781,298.9599914550781,729.0
2024-10-25 12:54:00+00:00,MPWR,924.780029296875,924.780029296875,924.780029296875,924.6699829101562,924.6699829101562,1211.0
2024-10-25 12:54:00+00:00,MQ,5.269999980926514,5.269999980926514,5.278800010681152,5.269999980926514,5.278800010681152,1248.0
2024-10-25 12:54:00+00:00,MRVL,83.37999725341797,83.37999725341797,83.4198989868164,83.33999633789062,83.40989685058594,14844.0
2024-10-25 12:54:00+00:00,MSFT,430.6400146484375,430.6400146484375,430.6521911621094,430.55999755859375,430.57501220703125,12122.0
2024-10-25 12:54:00+00:00,MSTR,241.49000549316406,241.49000549316406,241.64999389648438,241.07009887695312,241.3990020751953,29637.0
2024-10-25 12:54:00+00:00,MTTR,4.614999771118164,4.614999771118164,4.619999885559082,4.614999771118164,4.619999885559082,3241.0
2024-10-25 12:54:00+00:00,MU,109.04000091552734,109.04000091552734,109.068603515625,109.02999877929688,109.02999877929688,7987.0
2024-10-25 12:54:00+00:00,MVIS,1.100000023841858,1.100000023841858,1.100000023841858,1.100000023841858,1.100000023841858,10.0
2024-10-25 12:54:00+00:00,MXL,15.069999694824219,15.069999694824219,15.069999694824219,15.069999694824219,15.069999694824219,564.0
2024-10-25 12:54:00+00:00,NNDM,2.3239998817443848,2.3239998817443848,2.3239998817443848,2.3239998817443848,2.3239998817443848,2833.0
2024-10-25 12:54:00+00:00,NOVT,173.8000030517578,173.8000030517578,173.8000030517578,173.8000030517578,173.8000030517578,590.0
2024-10-25 12:54:00+00:00,NTAP,120.30000305175781,120.30000305175781,120.33999633789062,120.30000305175781,120.33999633789062,1634.0
2024-10-25 12:54:00+00:00,NTGR,20.34000015258789,20.34000015258789,20.34000015258789,20.34000015258789,20.34000015258789,217.0
2024-10-25 12:54:00+00:00,NVDA,143.38999938964844,143.38999938964844,143.4199981689453,143.33999633789062,143.4062042236328,210188.0
2024-10-25 12:54:00+00:00,NVTS,2.6050000190734863,2.6050000190734863,2.6050000190734863,2.6050000190734863,2.6050000190734863,252.0
2024-10-25 12:54:00+00:00,NXPI,245.78500366210938,245.78500366210938,245.82000732421875,245.75999450683594,245.75999450683594,1206.0
2024-10-25 12:54:00+00:00,OKTA,72.5073013305664,72.5073013305664,72.5073013305664,72.5073013305664,72.5073013305664,584.0
2024-10-25 12:54:00+00:00,OLED,204.1649932861328,204.1649932861328,204.1649932861328,204.1649932861328,204.1649932861328,1163.0
2024-10-25 12:54:00+00:00,ON,72.20999908447266,72.20999908447266,72.22000122070312,72.08000183105469,72.12000274658203,30745.0
2024-10-25 12:54:00+00:00,OSIS,135.14999389648438,135.14999389648438,135.14999389648438,135.14999389648438,135.14999389648438,825.0
2024-10-25 12:54:00+00:00,PANW,369.3949890136719,369.3949890136719,369.5401916503906,369.3450012207031,369.5401916503906,2406.0
2024-10-25 12:54:00+00:00,PAYO,8.305000305175781,8.305000305175781,8.305000305175781,8.305000305175781,8.305000305175781,561.0
2024-10-25 12:54:00+00:00,PAYS,3.755000114440918,3.755000114440918,3.755000114440918,3.755000114440918,3.755000114440918,415.0
2024-10-25 12:54:00+00:00,PDFS,29.559999465942383,29.559999465942383,29.559999465942383,29.559999465942383,29.559999465942383,103.0
2024-10-25 12:54:00+00:00,PEGA,80.5250015258789,80.5250015258789,80.55000305175781,80.5250015258789,80.52999877929688,1780.0
2024-10-25 12:54:00+00:00,PET,0.800000011920929,0.800000011920929,0.800000011920929,0.800000011920929,0.800000011920929,200.0
2024-10-25 12:54:00+00:00,PGY,11.859999656677246,11.859999656677246,11.859999656677246,11.845000267028809,11.845000267028809,307.0
2024-10-25 12:54:00+00:00,PHUN,10.189399719238281,10.189399719238281,10.199999809265137,10.160099983215332,10.160099983215332,19048.0
2024-10-25 12:54:00+00:00,POET,3.899899959564209,3.899899959564209,3.899899959564209,3.899899959564209,3.899899959564209,215.0
2024-10-25 12:54:00+00:00,PTC,187.09500122070312,187.09500122070312,187.09500122070312,187.09500122070312,187.09500122070312,226.0
2024-10-25 12:54:00+00:00,PUBM,14.84000015258789,14.84000015258789,14.859999656677246,14.84000015258789,14.859999656677246,396.0
2024-10-25 12:54:00+00:00,QCOM,172.85499572753906,172.85499572753906,172.94000244140625,172.85000610351562,172.94000244140625,4395.0
2024-10-25 12:54:00+00:00,QMCO,5.269999980926514,5.269999980926514,5.269999980926514,5.269999980926514,5.269999980926514,150.0
2024-10-25 12:54:00+00:00,QRVO,100.66999816894531,100.66999816894531,100.66999816894531,100.66999816894531,100.66999816894531,1046.0
2024-10-25 12:54:00+00:00,QUBT,1.065000057220459,1.065000057220459,1.069200038909912,1.065000057220459,1.0679999589920044,1514.0
2024-10-25 12:54:00+00:00,RCAT,2.765000104904175,2.765000104904175,2.76990008354187,2.765000104904175,2.76990008354187,128.0
2024-10-25 12:54:00+00:00,REKR,1.0950000286102295,1.0950000286102295,1.100000023841858,1.0950000286102295,1.0950000286102295,889.0
2024-10-25 12:54:00+00:00,RELY,14.84000015258789,14.84000015258789,14.84000015258789,14.84000015258789,14.84000015258789,738.0
2024-10-25 12:54:00+00:00,RGTI,1.2065999507904053,1.2065999507904053,1.2099000215530396,1.2050000429153442,1.2050000429153442,6399.0
2024-10-25 12:54:00+00:00,RIOT,10.079999923706055,10.079999923706055,10.100000381469727,10.079999923706055,10.095000267028809,12694.0
2024-10-25 12:54:00+00:00,RMBS,43.65999984741211,43.65999984741211,43.689998626708984,43.65999984741211,43.689998626708984,1604.0
2024-10-25 12:54:00+00:00,RPD,39.04499816894531,39.04499816894531,39.06999969482422,39.04499816894531,39.06999969482422,285.0
2024-10-25 12:54:00+00:00,RUM,5.734499931335449,5.734499931335449,5.739999771118164,5.730100154876709,5.739999771118164,1615.0
2024-10-25 12:54:00+00:00,RUN,14.34000015258789,14.34000015258789,14.345000267028809,14.34000015258789,14.345000267028809,3316.0
2024-10-25 12:54:00+00:00,SATS,25.139999389648438,25.139999389648438,25.139999389648438,25.139999389648438,25.139999389648438,203.0
2024-10-25 12:54:00+00:00,SEDG,16.139999389648438,16.139999389648438,16.149999618530273,16.139999389648438,16.139999389648438,3880.0
2024-10-25 12:54:00+00:00,SHLS,5.3140997886657715,5.3140997886657715,5.3140997886657715,5.3140997886657715,5.3140997886657715,1292.0
2024-10-25 12:54:00+00:00,SMCI,47.72999954223633,47.72999954223633,47.7599983215332,47.709999084472656,47.72800064086914,29153.0
2024-10-25 12:54:00+00:00,SMSI,0.8198999762535095,0.8198999762535095,0.8198999762535095,0.8001000285148621,0.8001000285148621,3109.0
2024-10-25 12:54:00+00:00,SMTC,45.880001068115234,45.880001068115234,45.880001068115234,45.880001068115234,45.880001068115234,542.0
2024-10-25 12:54:00+00:00,SNCR,10.70259952545166,10.70259952545166,10.70259952545166,10.70259952545166,10.70259952545166,600.0
2024-10-25 12:54:00+00:00,SNPS,504.7298889160156,504.7298889160156,504.7298889160156,504.7298889160156,504.7298889160156,168.0
2024-10-25 12:54:00+00:00,SONO,12.824999809265137,12.824999809265137,12.824999809265137,12.824999809265137,12.824999809265137,513.0
2024-10-25 12:54:00+00:00,SOTK,4.320000171661377,4.320000171661377,4.320000171661377,4.320000171661377,4.320000171661377,200.0
2024-10-25 12:54:00+00:00,SOUN,5.255000114440918,5.255000114440918,5.259900093078613,5.25,5.257299900054932,4608.0
2024-10-25 12:54:00+00:00,SOUNW,1.9249999523162842,1.9249999523162842,1.9249999523162842,1.9249999523162842,1.9249999523162842,0.0
2024-10-25 12:54:00+00:00,SPI,0.4259999990463257,0.4259999990463257,0.4259999990463257,0.4259999990463257,0.4259999990463257,333.0
2024-10-25 12:54:00+00:00,SPSC,171.36000061035156,171.36000061035156,171.36000061035156,171.36000061035156,171.36000061035156,431.0
2024-10-25 12:54:00+00:00,SSNC,69.61000061035156,69.61000061035156,69.62000274658203,69.5999984741211,69.61000061035156,5347.0
2024-10-25 12:54:00+00:00,SSYS,7.099999904632568,7.099999904632568,7.099999904632568,7.099999904632568,7.099999904632568,804.0
2024-10-25 12:54:00+00:00,STNE,11.528499603271484,11.528499603271484,11.528499603271484,11.52340030670166,11.52340030670166,2284.0
2024-10-25 12:54:00+00:00,STX,103.96920013427734,103.96920013427734,103.96920013427734,103.96499633789062,103.96499633789062,1125.0
2024-10-25 12:54:00+00:00,SWKS,96.70999908447266,96.70999908447266,96.70999908447266,96.70999908447266,96.70999908447266,275.0
2024-10-25 12:54:00+00:00,SYTA,1.274999976158142,1.274999976158142,1.274999976158142,1.274999976158142,1.274999976158142,1105.0
2024-10-25 12:54:00+00:00,TASK,11.979999542236328,11.979999542236328,11.979999542236328,11.979999542236328,11.979999542236328,139.0
2024-10-25 12:54:00+00:00,TEAM,190.70750427246094,190.70750427246094,190.70750427246094,190.6300048828125,190.6300048828125,2279.0
2024-10-25 12:54:00+00:00,TENB,41.540000915527344,41.540000915527344,41.540000915527344,41.46500015258789,41.5,4193.0
2024-10-25 12:54:00+00:00,TER,113.11000061035156,113.11000061035156,113.12000274658203,113.05000305175781,113.08000183105469,5422.0
2024-10-25 12:54:00+00:00,TLS,3.6649999618530273,3.6649999618530273,3.6649999618530273,3.6649999618530273,3.6649999618530273,1370.0
2024-10-25 12:54:00+00:00,TRMB,61.099998474121094,61.099998474121094,61.099998474121094,61.099998474121094,61.099998474121094,450.0
2024-10-25 12:54:00+00:00,TSEM,45.290000915527344,45.290000915527344,45.290000915527344,45.290000915527344,45.290000915527344,121.0
2024-10-25 12:54:00+00:00,TTD,119.5,119.5,119.54000091552734,119.45999908447266,119.5,1106.0
2024-10-25 12:54:00+00:00,TWKS,4.449999809265137,4.449999809265137,4.454999923706055,4.449999809265137,4.449999809265137,3026.0
2024-10-25 12:54:00+00:00,TXN,209.39999389648438,209.39999389648438,209.39999389648438,209.34500122070312,209.34500122070312,2399.0
2024-10-25 12:54:00+00:00,VCSA,2.434999942779541,2.434999942779541,2.434999942779541,2.434999942779541,2.434999942779541,222.0
2024-10-25 12:54:00+00:00,VICR,46.68000030517578,46.68000030517578,46.68000030517578,46.630001068115234,46.650001525878906,1808.0
2024-10-25 12:54:00+00:00,VOXX,7.663000106811523,7.663000106811523,7.663000106811523,7.663000106811523,7.663000106811523,214.0
2024-10-25 12:54:00+00:00,VRNS,57.0,57.0,57.0,56.959999084472656,57.0,2412.0
2024-10-25 12:54:00+00:00,VS,2.569999933242798,2.569999933242798,2.569999933242798,2.569999933242798,2.569999933242798,742.0
2024-10-25 12:54:00+00:00,VSAT,10.369999885559082,10.369999885559082,10.390000343322754,10.369000434875488,10.369000434875488,6658.0
2024-10-25 12:54:00+00:00,WDAY,239.7899932861328,239.7899932861328,239.7899932861328,239.63999938964844,239.63999938964844,1686.0
2024-10-25 12:54:00+00:00,WDC,71.17729949951172,71.17729949951172,71.2699966430664,71.15499877929688,71.1780014038086,20390.0
2024-10-25 12:54:00+00:00,WISA,1.9557000398635864,1.9557000398635864,1.9600000381469727,1.9500000476837158,1.9500000476837158,20250.0
2024-10-25 12:54:00+00:00,WRAP,1.7979999780654907,1.7979999780654907,1.7979999780654907,1.7979999780654907,1.7979999780654907,1693.0
2024-10-25 12:54:00+00:00,XRX,10.03499984741211,10.03499984741211,10.039999961853027,10.029999732971191,10.029999732971191,2722.0
2024-10-25 12:54:00+00:00,ZI,10.569999694824219,10.569999694824219,10.569999694824219,10.5649995803833,10.5649995803833,1724.0
2024-10-25 12:54:00+00:00,ZM,73.1500015258789,73.1500015258789,73.1500015258789,73.1500015258789,73.1500015258789,1199.0
2024-10-25 12:54:00+00:00,ZS,185.63999938964844,185.63999938964844,185.83250427246094,185.63999938964844,185.83250427246094,535.0
2024-10-25 12:55:00+00:00,AAOI,17.8700008392334,17.8700008392334,17.8700008392334,17.8700008392334,17.8700008392334,314.0
2024-10-25 12:55:00+00:00,AAPL,232.81399536132812,232.81399536132812,232.86500549316406,232.8101043701172,232.86500549316406,27207.0
2024-10-25 12:55:00+00:00,ACIW,48.834999084472656,48.834999084472656,48.834999084472656,48.834999084472656,48.834999084472656,853.0
2024-10-25 12:55:00+00:00,ACMR,19.924999237060547,19.924999237060547,19.924999237060547,19.924999237060547,19.924999237060547,193.0
2024-10-25 12:55:00+00:00,ADBE,486.06500244140625,486.06500244140625,486.2799072265625,486.06500244140625,486.23779296875,1334.0
2024-10-25 12:55:00+00:00,ADI,233.72999572753906,233.72999572753906,233.77000427246094,233.72999572753906,233.75,4322.0
2024-10-25 12:55:00+00:00,ADSK,287.0400085449219,287.0400085449219,287.0849914550781,287.0400085449219,287.0849914550781,871.0
2024-10-25 12:55:00+00:00,AEHR,17.295000076293945,17.295000076293945,17.31999969482422,17.295000076293945,17.31999969482422,1319.0
2024-10-25 12:55:00+00:00,AFRM,41.71979904174805,41.71979904174805,41.725101470947266,41.709999084472656,41.725101470947266,3001.0
2024-10-25 12:55:00+00:00,AKAM,102.7249984741211,102.7249984741211,102.73999786376953,102.7249984741211,102.73999786376953,719.0
2024-10-25 12:55:00+00:00,AKTS,0.057100001722574234,0.057100001722574234,0.057100001722574234,0.057100001722574234,0.057100001722574234,600.0
2024-10-25 12:55:00+00:00,ALGM,22.94499969482422,22.94499969482422,22.959999084472656,22.920000076293945,22.959999084472656,6424.0
2024-10-25 12:55:00+00:00,ALKT,38.209999084472656,38.209999084472656,38.209999084472656,38.209999084472656,38.209999084472656,952.0
2024-10-25 12:55:00+00:00,AMAT,188.83009338378906,188.83009338378906,188.94000244140625,188.80999755859375,188.94000244140625,5379.0
2024-10-25 12:55:00+00:00,AMBA,58.77000045776367,58.77000045776367,58.77000045776367,58.720001220703125,58.75,883.0
2024-10-25 12:55:00+00:00,AMD,158.0019989013672,158.0019989013672,158.0637969970703,157.9698028564453,158.0637969970703,24258.0
2024-10-25 12:55:00+00:00,AMKR,30.079999923706055,30.079999923706055,30.079999923706055,30.075000762939453,30.075000762939453,691.0
2024-10-25 12:55:00+00:00,AMPL,9.220000267028809,9.220000267028809,9.225000381469727,9.220000267028809,9.225000381469727,967.0
2024-10-25 12:55:00+00:00,ANSS,325.8999938964844,325.8999938964844,325.8999938964844,325.8999938964844,325.8999938964844,353.0
2024-10-25 12:55:00+00:00,ANY,1.059999942779541,1.059999942779541,1.059999942779541,1.059999942779541,1.059999942779541,1101.0
2024-10-25 12:55:00+00:00,API,2.8350000381469727,2.8350000381469727,2.8350000381469727,2.8350000381469727,2.8350000381469727,400.0
2024-10-25 12:55:00+00:00,APP,161.92999267578125,161.92999267578125,161.92999267578125,161.85000610351562,161.85000610351562,1410.0
2024-10-25 12:55:00+00:00,APPS,3.0850000381469727,3.0850000381469727,3.0850000381469727,3.0850000381469727,3.0850000381469727,705.0
2024-10-25 12:55:00+00:00,ARRY,6.46999979019165,6.46999979019165,6.514999866485596,6.46999979019165,6.514999866485596,31279.0
2024-10-25 12:55:00+00:00,ASML,718.6245727539062,718.6245727539062,718.6245727539062,718.6245727539062,718.6245727539062,509.0
2024-10-25 12:55:00+00:00,AUR,6.440000057220459,6.440000057220459,6.449999809265137,6.440000057220459,6.445000171661377,9111.0
2024-10-25 12:55:00+00:00,AVGO,175.7519989013672,175.7519989013672,175.78750610351562,175.67999267578125,175.72889709472656,14490.0
2024-10-25 12:55:00+00:00,AVNW,21.040000915527344,21.040000915527344,21.059999465942383,21.040000915527344,21.059999465942383,423.0
2024-10-25 12:55:00+00:00,AVT,54.029998779296875,54.029998779296875,54.04999923706055,54.029998779296875,54.04999923706055,2324.0
2024-10-25 12:55:00+00:00,BL,56.483001708984375,56.483001708984375,56.483001708984375,56.483001708984375,56.483001708984375,301.0
2024-10-25 12:55:00+00:00,BLKB,86.16999816894531,86.16999816894531,86.16999816894531,86.16999816894531,86.16999816894531,1703.0
2024-10-25 12:55:00+00:00,BMBL,7.21999979019165,7.21999979019165,7.21999979019165,7.21999979019165,7.21999979019165,1148.0
2024-10-25 12:55:00+00:00,BSY,49.13999938964844,49.13999938964844,49.15060043334961,49.119998931884766,49.13999938964844,1757.0
2024-10-25 12:55:00+00:00,CAN,0.9812999963760376,0.9812999963760376,0.9829999804496765,0.9811999797821045,0.9829999804496765,11925.0
2024-10-25 12:55:00+00:00,CDNS,259.760009765625,259.760009765625,259.9849853515625,259.760009765625,259.9849853515625,2899.0
2024-10-25 12:55:00+00:00,CDW,220.20419311523438,220.20419311523438,220.20419311523438,220.05999755859375,220.05999755859375,682.0
2024-10-25 12:55:00+00:00,CETX,0.30550000071525574,0.30550000071525574,0.30550000071525574,0.30469998717308044,0.30550000071525574,33200.0
2024-10-25 12:55:00+00:00,CGNX,38.97999954223633,38.97999954223633,38.994998931884766,38.97999954223633,38.994998931884766,1495.0
2024-10-25 12:55:00+00:00,CLBT,18.18000030517578,18.18000030517578,18.18000030517578,18.18000030517578,18.18000030517578,338.0
2024-10-25 12:55:00+00:00,CLSK,11.929900169372559,11.929900169372559,11.975000381469727,11.925000190734863,11.975000381469727,55188.0
2024-10-25 12:55:00+00:00,CMTL,3.7249999046325684,3.7249999046325684,3.7249999046325684,3.7249999046325684,3.7249999046325684,830.0
2024-10-25 12:55:00+00:00,CNDT,3.625,3.625,3.625,3.625,3.625,180.0
2024-10-25 12:55:00+00:00,CNXC,44.88999938964844,44.88999938964844,44.90010070800781,44.88999938964844,44.900001525878906,1284.0
2024-10-25 12:55:00+00:00,COHR,95.43000030517578,95.43000030517578,95.51000213623047,95.4000015258789,95.51000213623047,2256.0
2024-10-25 12:55:00+00:00,COIN,210.00160217285156,210.00160217285156,210.38999938964844,210.00039672851562,210.30999755859375,11349.0
2024-10-25 12:55:00+00:00,COMM,6.300000190734863,6.300000190734863,6.300000190734863,6.300000190734863,6.300000190734863,401.0
2024-10-25 12:55:00+00:00,CORZ,13.404999732971191,13.404999732971191,13.404999732971191,13.404999732971191,13.404999732971191,1239.0
2024-10-25 12:55:00+00:00,CRDO,39.75,39.75,39.755001068115234,39.709999084472656,39.709999084472656,2459.0
2024-10-25 12:55:00+00:00,CRNT,2.4549999237060547,2.4549999237060547,2.4549999237060547,2.4549999237060547,2.4549999237060547,0.0
2024-10-25 12:55:00+00:00,CRUS,123.68000030517578,123.68000030517578,123.76000213623047,123.68000030517578,123.76000213623047,373.0
2024-10-25 12:55:00+00:00,CRWD,301.0400085449219,301.0400085449219,301.5199890136719,300.7601013183594,301.17498779296875,38310.0
2024-10-25 12:55:00+00:00,CSCO,55.978599548339844,55.978599548339844,55.98500061035156,55.974998474121094,55.98500061035156,8829.0
2024-10-25 12:55:00+00:00,CSGS,47.54999923706055,47.54999923706055,47.595001220703125,47.54999923706055,47.595001220703125,384.0
2024-10-25 12:55:00+00:00,CSIQ,13.710000038146973,13.710000038146973,13.75,13.710000038146973,13.739999771118164,5227.0
2024-10-25 12:55:00+00:00,CTSH,74.87999725341797,74.87999725341797,74.9000015258789,74.87999725341797,74.88999938964844,2598.0
2024-10-25 12:55:00+00:00,DAKT,13.09000015258789,13.09000015258789,13.100000381469727,13.09000015258789,13.100000381469727,920.0
2024-10-25 12:55:00+00:00,DATS,1.6549999713897705,1.6549999713897705,1.659999966621399,1.6399999856948853,1.659999966621399,6385.0
2024-10-25 12:55:00+00:00,DBX,26.059999465942383,26.059999465942383,26.065000534057617,26.059999465942383,26.065000534057617,834.0
2024-10-25 12:55:00+00:00,DDOG,127.1500015258789,127.1500015258789,127.20999908447266,127.1500015258789,127.20999908447266,1814.0
2024-10-25 12:55:00+00:00,DOCU,69.87999725341797,69.87999725341797,69.93000030517578,69.87000274658203,69.93000030517578,2906.0
2024-10-25 12:55:00+00:00,DUOL,290.20001220703125,290.20001220703125,290.20001220703125,290.20001220703125,290.20001220703125,764.0
2024-10-25 12:55:00+00:00,ENPH,82.91999816894531,82.91999816894531,83.19999694824219,82.9000015258789,83.19999694824219,38048.0
2024-10-25 12:55:00+00:00,ENTG,106.11499786376953,106.11499786376953,106.16500091552734,106.1050033569336,106.16500091552734,2697.0
2024-10-25 12:55:00+00:00,ERIC,8.484999656677246,8.484999656677246,8.484999656677246,8.479999542236328,8.479999542236328,5899.0
2024-10-25 12:55:00+00:00,FFIV,216.63999938964844,216.63999938964844,216.63999938964844,216.6199951171875,216.6199951171875,394.0
2024-10-25 12:55:00+00:00,FIVN,29.93000030517578,29.93000030517578,29.950000762939453,29.93000030517578,29.950000762939453,2016.0
2024-10-25 12:55:00+00:00,FLEX,35.26499938964844,35.26499938964844,35.26499938964844,35.25,35.25,2207.0
2024-10-25 12:55:00+00:00,FORM,45.30500030517578,45.30500030517578,45.30500030517578,45.30500030517578,45.30500030517578,290.0
2024-10-25 12:55:00+00:00,FRGT,1.8704999685287476,1.8704999685287476,1.8704999685287476,1.8704999685287476,1.8704999685287476,400.0
2024-10-25 12:55:00+00:00,FRSH,11.654999732971191,11.654999732971191,11.654999732971191,11.654999732971191,11.654999732971191,336.0
2024-10-25 12:55:00+00:00,FSLR,198.61349487304688,198.61349487304688,198.94000244140625,198.52000427246094,198.94000244140625,7680.0
2024-10-25 12:55:00+00:00,FTCI,0.6653000116348267,0.6653000116348267,0.6653000116348267,0.6653000116348267,0.6653000116348267,1230.0
2024-10-25 12:55:00+00:00,FTNT,81.1449966430664,81.1449966430664,81.16000366210938,81.13140106201172,81.1500015258789,6216.0
2024-10-25 12:55:00+00:00,GFS,41.2599983215332,41.2599983215332,41.2599983215332,41.2599983215332,41.2599983215332,670.0
2024-10-25 12:55:00+00:00,GRAB,4.099999904632568,4.099999904632568,4.099999904632568,4.090000152587891,4.09499979019165,63118.0
2024-10-25 12:55:00+00:00,GRRR,4.514999866485596,4.514999866485596,4.514999866485596,4.514999866485596,4.514999866485596,225.0
2024-10-25 12:55:00+00:00,GTLB,55.41999816894531,55.41999816894531,55.41999816894531,55.41999816894531,55.41999816894531,311.0
2024-10-25 12:55:00+00:00,HCP,33.66999816894531,33.66999816894531,33.67499923706055,33.66999816894531,33.67499923706055,1155.0
2024-10-25 12:55:00+00:00,HIMX,6.184999942779541,6.184999942779541,6.184999942779541,6.184999942779541,6.184999942779541,382.0
2024-10-25 12:55:00+00:00,HOLO,3.647700071334839,3.647700071334839,3.647700071334839,3.640899896621704,3.640899896621704,3544.0
2024-10-25 12:55:00+00:00,HOOD,27.354999542236328,27.354999542236328,27.364999771118164,27.354999542236328,27.36479949951172,4291.0
2024-10-25 12:55:00+00:00,HTCR,1.0220999717712402,1.0220999717712402,1.0299999713897705,1.0199999809265137,1.0299999713897705,1554.0
2024-10-25 12:55:00+00:00,IDN,2.4000000953674316,2.4000000953674316,2.4000000953674316,2.3596999645233154,2.360100030899048,2510.0
2024-10-25 12:55:00+00:00,IMTE,1.6999000310897827,1.6999000310897827,1.6999000310897827,1.6999000310897827,1.6999000310897827,163.0
2024-10-25 12:55:00+00:00,INDI,3.565000057220459,3.565000057220459,3.5699000358581543,3.565000057220459,3.5699000358581543,1011.0
2024-10-25 12:55:00+00:00,INOD,20.238000869750977,20.238000869750977,20.238000869750977,20.238000869750977,20.238000869750977,243.0
2024-10-25 12:55:00+00:00,INSG,20.30500030517578,20.30500030517578,20.30500030517578,20.30500030517578,20.30500030517578,202.0
2024-10-25 12:55:00+00:00,INTC,23.1476993560791,23.1476993560791,23.170000076293945,23.139999389648438,23.166000366210938,39167.0
2024-10-25 12:55:00+00:00,IPGP,77.25,77.25,77.25,77.23999786376953,77.24500274658203,2028.0
2024-10-25 12:55:00+00:00,KC,2.7249999046325684,2.7249999046325684,2.7249999046325684,2.7200000286102295,2.7200000286102295,6214.0
2024-10-25 12:55:00+00:00,LINK,4.9054999351501465,4.9054999351501465,4.949999809265137,4.9054999351501465,4.949999809265137,1964.0
2024-10-25 12:55:00+00:00,LITE,64.19999694824219,64.19999694824219,64.20999908447266,64.19999694824219,64.20999908447266,1213.0
2024-10-25 12:55:00+00:00,LPSN,1.1749999523162842,1.1749999523162842,1.1749999523162842,1.1749999523162842,1.1749999523162842,400.0
2024-10-25 12:55:00+00:00,LRCX,79.26000213623047,79.26000213623047,79.33000183105469,79.26000213623047,79.33000183105469,13178.0
2024-10-25 12:55:00+00:00,LYFT,13.760000228881836,13.760000228881836,13.760000228881836,13.753999710083008,13.753999710083008,851.0
2024-10-25 12:55:00+00:00,MANH,276.0899963378906,276.0899963378906,276.0899963378906,276.0899963378906,276.0899963378906,702.0
2024-10-25 12:55:00+00:00,MAPS,0.8468999862670898,0.8468999862670898,0.8468999862670898,0.8468999862670898,0.8468999862670898,162.0
2024-10-25 12:55:00+00:00,MCHP,77.2300033569336,77.2300033569336,77.25499725341797,77.2300033569336,77.25499725341797,5132.0
2024-10-25 12:55:00+00:00,MDB,267.1000061035156,267.1000061035156,267.3999938964844,267.1000061035156,267.3999938964844,500.0
2024-10-25 12:55:00+00:00,MITK,8.780599594116211,8.780599594116211,8.780599594116211,8.780599594116211,8.780599594116211,388.0
2024-10-25 12:55:00+00:00,MKSI,101.55999755859375,101.55999755859375,101.55999755859375,101.48999786376953,101.48999786376953,1642.0
2024-10-25 12:55:00+00:00,MOB,1.315000057220459,1.315000057220459,1.315000057220459,1.315000057220459,1.315000057220459,214.0
2024-10-25 12:55:00+00:00,MQ,5.275000095367432,5.275000095367432,5.275000095367432,5.269999980926514,5.2743000984191895,5835.0
2024-10-25 12:55:00+00:00,MRVL,83.33999633789062,83.33999633789062,83.38999938964844,83.33000183105469,83.38999938964844,6927.0
2024-10-25 12:55:00+00:00,MSFT,430.6000061035156,430.6000061035156,430.6650085449219,430.5498046875,430.6600036621094,8759.0
2024-10-25 12:55:00+00:00,MSTR,241.22999572753906,241.22999572753906,241.8000030517578,241.22999572753906,241.49000549316406,46471.0
2024-10-25 12:55:00+00:00,MU,109.00499725341797,109.00499725341797,109.05000305175781,109.00029754638672,109.04000091552734,15087.0
2024-10-25 12:55:00+00:00,MXL,15.069999694824219,15.069999694824219,15.069999694824219,15.069999694824219,15.069999694824219,811.0
2024-10-25 12:55:00+00:00,NCNO,37.790000915527344,37.790000915527344,37.790000915527344,37.779998779296875,37.779998779296875,3122.0
2024-10-25 12:55:00+00:00,NICE,176.73500061035156,176.73500061035156,176.73500061035156,176.73500061035156,176.73500061035156,360.0
2024-10-25 12:55:00+00:00,NTAP,120.33000183105469,120.33000183105469,120.33000183105469,120.31999969482422,120.31999969482422,589.0
2024-10-25 12:55:00+00:00,NTNX,62.17499923706055,62.17499923706055,62.18000030517578,62.17499923706055,62.18000030517578,498.0
2024-10-25 12:55:00+00:00,NVDA,143.37550354003906,143.37550354003906,143.41000366210938,143.35499572753906,143.38999938964844,212802.0
2024-10-25 12:55:00+00:00,NVEI,33.525001525878906,33.525001525878906,33.525001525878906,33.52000045776367,33.52000045776367,444.0
2024-10-25 12:55:00+00:00,NXPI,245.77000427246094,245.77000427246094,245.82000732421875,245.75,245.82000732421875,3390.0
2024-10-25 12:55:00+00:00,OKTA,72.51000213623047,72.51000213623047,72.5199966430664,72.51000213623047,72.51000213623047,1691.0
2024-10-25 12:55:00+00:00,OLED,204.19000244140625,204.19000244140625,204.19000244140625,204.17999267578125,204.17999267578125,391.0
2024-10-25 12:55:00+00:00,ON,72.12999725341797,72.12999725341797,72.19999694824219,72.12999725341797,72.19000244140625,24432.0
2024-10-25 12:55:00+00:00,OSIS,134.72999572753906,134.72999572753906,134.72999572753906,134.72999572753906,134.72999572753906,342.0
2024-10-25 12:55:00+00:00,PANW,369.54998779296875,369.54998779296875,369.54998779296875,369.4049987792969,369.44500732421875,1223.0
2024-10-25 12:55:00+00:00,PEGA,80.55000305175781,80.55000305175781,80.58000183105469,80.51689910888672,80.51689910888672,7599.0
2024-10-25 12:55:00+00:00,PGY,11.859999656677246,11.859999656677246,11.859999656677246,11.859999656677246,11.859999656677246,400.0
2024-10-25 12:55:00+00:00,PHUN,10.150099754333496,10.150099754333496,10.175000190734863,10.13010025024414,10.175000190734863,26697.0
2024-10-25 12:55:00+00:00,PLAB,23.739999771118164,23.739999771118164,23.739999771118164,23.739999771118164,23.739999771118164,367.0
2024-10-25 12:55:00+00:00,POET,3.899899959564209,3.899899959564209,3.899899959564209,3.890000104904175,3.890000104904175,363.0
2024-10-25 12:55:00+00:00,PTC,187.13499450683594,187.13499450683594,187.18499755859375,187.08999633789062,187.18499755859375,4422.0
2024-10-25 12:55:00+00:00,PYCR,14.359999656677246,14.359999656677246,14.359999656677246,14.359999656677246,14.359999656677246,1175.0
2024-10-25 12:55:00+00:00,QCOM,172.83999633789062,172.83999633789062,172.86500549316406,172.8300018310547,172.85499572753906,4409.0
2024-10-25 12:55:00+00:00,QUBT,1.0694999694824219,1.0694999694824219,1.0694999694824219,1.0612000226974487,1.0612000226974487,3907.0
2024-10-25 12:55:00+00:00,RCAT,2.765000104904175,2.765000104904175,2.765000104904175,2.765000104904175,2.765000104904175,808.0
2024-10-25 12:55:00+00:00,REKR,1.0950000286102295,1.0950000286102295,1.0950000286102295,1.0950000286102295,1.0950000286102295,241.0
2024-10-25 12:55:00+00:00,RELY,14.84000015258789,14.84000015258789,14.84000015258789,14.84000015258789,14.84000015258789,1111.0
2024-10-25 12:55:00+00:00,RGTI,1.2050000429153442,1.2050000429153442,1.2050000429153442,1.2050000429153442,1.2050000429153442,589.0
2024-10-25 12:55:00+00:00,RIOT,10.0649995803833,10.0649995803833,10.086000442504883,10.0649995803833,10.085000038146973,25031.0
2024-10-25 12:55:00+00:00,RMBS,43.720001220703125,43.720001220703125,43.720001220703125,43.68000030517578,43.713199615478516,798.0
2024-10-25 12:55:00+00:00,RMNI,1.725000023841858,1.725000023841858,1.725000023841858,1.725000023841858,1.725000023841858,529.0
2024-10-25 12:55:00+00:00,RPAY,7.599999904632568,7.599999904632568,7.599999904632568,7.599999904632568,7.599999904632568,237.0
2024-10-25 12:55:00+00:00,RPD,39.040000915527344,39.040000915527344,39.040000915527344,39.040000915527344,39.040000915527344,436.0
2024-10-25 12:55:00+00:00,RUN,14.329999923706055,14.329999923706055,14.34000015258789,14.329999923706055,14.34000015258789,10142.0
2024-10-25 12:55:00+00:00,SATS,25.1299991607666,25.1299991607666,25.1299991607666,25.1299991607666,25.1299991607666,580.0
2024-10-25 12:55:00+00:00,SCKT,1.1699999570846558,1.1699999570846558,1.1699999570846558,1.1699999570846558,1.1699999570846558,764.0
2024-10-25 12:55:00+00:00,SCSC,44.849998474121094,44.849998474121094,44.849998474121094,44.849998474121094,44.849998474121094,1378.0
2024-10-25 12:55:00+00:00,SEDG,16.09000015258789,16.09000015258789,16.135000228881836,16.09000015258789,16.135000228881836,7831.0
2024-10-25 12:55:00+00:00,SHLS,5.304999828338623,5.304999828338623,5.309999942779541,5.304999828338623,5.309999942779541,1690.0
2024-10-25 12:55:00+00:00,SMCI,47.72999954223633,47.72999954223633,47.75,47.70000076293945,47.72999954223633,38406.0
2024-10-25 12:55:00+00:00,SMTC,45.8650016784668,45.8650016784668,45.8650016784668,45.8650016784668,45.8650016784668,121.0
2024-10-25 12:55:00+00:00,SNPS,504.3550109863281,504.3550109863281,504.3550109863281,504.3550109863281,504.3550109863281,187.0
2024-10-25 12:55:00+00:00,SONM,3.6500000953674316,3.6500000953674316,3.6500000953674316,3.6500000953674316,3.6500000953674316,351.0
2024-10-25 12:55:00+00:00,SONO,12.805000305175781,12.805000305175781,12.819999694824219,12.800100326538086,12.819999694824219,1530.0
2024-10-25 12:55:00+00:00,SOTK,4.40500020980835,4.40500020980835,4.40500020980835,4.40500020980835,4.40500020980835,368.0
2024-10-25 12:55:00+00:00,SOUN,5.25,5.25,5.260000228881836,5.25,5.255000114440918,1899.0
2024-10-25 12:55:00+00:00,SPSC,170.80499267578125,170.80499267578125,170.80499267578125,170.80499267578125,170.80499267578125,1527.0
2024-10-25 12:55:00+00:00,SRAD,12.390000343322754,12.390000343322754,12.390000343322754,12.390000343322754,12.390000343322754,200.0
2024-10-25 12:55:00+00:00,SSNC,69.62999725341797,69.62999725341797,69.62999725341797,69.62000274658203,69.62999725341797,4299.0
2024-10-25 12:55:00+00:00,SSYS,7.101799964904785,7.101799964904785,7.101799964904785,7.101799964904785,7.101799964904785,429.0
2024-10-25 12:55:00+00:00,STER,16.735200881958008,16.735200881958008,16.739999771118164,16.735200881958008,16.739999771118164,910.0
2024-10-25 12:55:00+00:00,STNE,11.520000457763672,11.520000457763672,11.524999618530273,11.520000457763672,11.524999618530273,7114.0
2024-10-25 12:55:00+00:00,STX,103.96990203857422,103.96990203857422,103.96990203857422,103.91999816894531,103.92009735107422,2140.0
2024-10-25 12:55:00+00:00,SWKS,96.66000366210938,96.66000366210938,96.69999694824219,96.62999725341797,96.69999694824219,2186.0
2024-10-25 12:55:00+00:00,TENB,41.4900016784668,41.4900016784668,41.52000045776367,41.4900016784668,41.52000045776367,9707.0
2024-10-25 12:55:00+00:00,TER,113.0,113.0,113.11499786376953,113.0,113.0999984741211,9008.0
2024-10-25 12:55:00+00:00,TLS,3.6600000858306885,3.6600000858306885,3.6600000858306885,3.6600000858306885,3.6600000858306885,576.0
2024-10-25 12:55:00+00:00,TRMB,61.11000061035156,61.11000061035156,61.11000061035156,61.099998474121094,61.11000061035156,632.0
2024-10-25 12:55:00+00:00,TSEM,45.220001220703125,45.220001220703125,45.255001068115234,45.220001220703125,45.25,693.0
2024-10-25 12:55:00+00:00,TTD,119.48999786376953,119.48999786376953,119.53500366210938,119.47200012207031,119.47200012207031,2198.0
2024-10-25 12:55:00+00:00,TTEC,5.380000114440918,5.380000114440918,5.380000114440918,5.380000114440918,5.380000114440918,420.0
2024-10-25 12:55:00+00:00,TWKS,4.449999809265137,4.449999809265137,4.449999809265137,4.449999809265137,4.449999809265137,3502.0
2024-10-25 12:55:00+00:00,TXN,209.22999572753906,209.22999572753906,209.3300018310547,209.22999572753906,209.3000030517578,10799.0
2024-10-25 12:55:00+00:00,VECO,29.59000015258789,29.59000015258789,29.59000015258789,29.59000015258789,29.59000015258789,267.0
2024-10-25 12:55:00+00:00,VIAV,9.244999885559082,9.244999885559082,9.244999885559082,9.244999885559082,9.244999885559082,324.0
2024-10-25 12:55:00+00:00,VMEO,4.775000095367432,4.775000095367432,4.775000095367432,4.775000095367432,4.775000095367432,434.0
2024-10-25 12:55:00+00:00,VRNS,56.970001220703125,56.970001220703125,56.970001220703125,56.970001220703125,56.970001220703125,1527.0
2024-10-25 12:55:00+00:00,VRSN,185.2100067138672,185.2100067138672,185.35499572753906,185.2100067138672,185.30999755859375,1621.0
2024-10-25 12:55:00+00:00,VSAT,10.375,10.375,10.390000343322754,10.369999885559082,10.390000343322754,2534.0
2024-10-25 12:55:00+00:00,WDC,71.13999938964844,71.13999938964844,71.1500015258789,71.12999725341797,71.1500015258789,2530.0
2024-10-25 12:55:00+00:00,WISA,1.9800000190734863,1.9800000190734863,1.9800000190734863,1.954200029373169,1.958899974822998,40268.0
2024-10-25 12:55:00+00:00,XRX,10.029999732971191,10.029999732971191,10.03499984741211,10.029999732971191,10.03499984741211,568.0
2024-10-25 12:55:00+00:00,ZI,10.5649995803833,10.5649995803833,10.5649995803833,10.5649995803833,10.5649995803833,704.0
2024-10-25 12:55:00+00:00,ZS,185.64010620117188,185.64010620117188,185.64010620117188,185.64010620117188,185.64010620117188,3550.0
2024-10-25 12:56:00+00:00,AAOI,17.8799991607666,17.8799991607666,17.8799991607666,17.864999771118164,17.864999771118164,355.0
2024-10-25 12:56:00+00:00,AAPL,232.83009338378906,232.83009338378906,232.85000610351562,232.80999755859375,232.80999755859375,34932.0
2024-10-25 12:56:00+00:00,AATC,7.429999828338623,7.429999828338623,7.429999828338623,7.429999828338623,7.429999828338623,155.0
2024-10-25 12:56:00+00:00,ACMR,19.899999618530273,19.899999618530273,19.90999984741211,19.899999618530273,19.90999984741211,2298.0
2024-10-25 12:56:00+00:00,ADBE,485.9700012207031,485.9700012207031,486.05999755859375,485.9700012207031,486.05999755859375,1632.0
2024-10-25 12:56:00+00:00,ADI,233.66000366210938,233.66000366210938,233.69000244140625,233.61000061035156,233.69000244140625,1738.0
2024-10-25 12:56:00+00:00,ADSK,287.0799865722656,287.0799865722656,287.0799865722656,287.0799865722656,287.0799865722656,1500.0
2024-10-25 12:56:00+00:00,AEHR,17.219999313354492,17.219999313354492,17.239999771118164,17.219999313354492,17.22010040283203,3155.0
2024-10-25 12:56:00+00:00,AEYE,23.1200008392334,23.1200008392334,23.1200008392334,23.100000381469727,23.100000381469727,583.0
2024-10-25 12:56:00+00:00,AFRM,41.69499969482422,41.69499969482422,41.70000076293945,41.66999816894531,41.70000076293945,5177.0
2024-10-25 12:56:00+00:00,AKAM,102.68499755859375,102.68499755859375,102.68499755859375,102.68499755859375,102.68499755859375,549.0
2024-10-25 12:56:00+00:00,ALGM,22.94499969482422,22.94499969482422,22.950000762939453,22.940000534057617,22.940000534057617,2972.0
2024-10-25 12:56:00+00:00,ALRM,54.595001220703125,54.595001220703125,54.595001220703125,54.595001220703125,54.595001220703125,583.0
2024-10-25 12:56:00+00:00,ALTR,103.81500244140625,103.81500244140625,103.81500244140625,103.81500244140625,103.81500244140625,731.0
2024-10-25 12:56:00+00:00,AMAT,188.64999389648438,188.64999389648438,188.76499938964844,188.64999389648438,188.74000549316406,22643.0
2024-10-25 12:56:00+00:00,AMBA,58.61000061035156,58.61000061035156,58.709999084472656,58.61000061035156,58.709999084472656,1026.0
2024-10-25 12:56:00+00:00,AMD,157.9593963623047,157.9593963623047,158.0050048828125,157.92019653320312,158.0050048828125,12746.0
2024-10-25 12:56:00+00:00,AMKR,30.079999923706055,30.079999923706055,30.079999923706055,30.075000762939453,30.079999923706055,815.0
2024-10-25 12:56:00+00:00,ANSS,325.8500061035156,325.8500061035156,325.8500061035156,325.8399963378906,325.8399963378906,1746.0
2024-10-25 12:56:00+00:00,ANY,1.059999942779541,1.059999942779541,1.059999942779541,1.059999942779541,1.059999942779541,378.0
2024-10-25 12:56:00+00:00,API,2.8350000381469727,2.8350000381469727,2.8350000381469727,2.8350000381469727,2.8350000381469727,210.0
2024-10-25 12:56:00+00:00,APP,161.7100067138672,161.7100067138672,161.92999267578125,161.7100067138672,161.92999267578125,2058.0
2024-10-25 12:56:00+00:00,APPF,215.1199951171875,215.1199951171875,215.1199951171875,215.1199951171875,215.1199951171875,911.0
2024-10-25 12:56:00+00:00,ARQQ,7.0,7.0,7.071400165557861,7.0,7.071400165557861,992.0
2024-10-25 12:56:00+00:00,ARRY,6.472899913787842,6.472899913787842,6.480000019073486,6.453999996185303,6.46999979019165,49347.0
2024-10-25 12:56:00+00:00,ASML,718.7849731445312,718.7849731445312,718.7849731445312,718.530029296875,718.530029296875,1855.0
2024-10-25 12:56:00+00:00,ASNS,1.3200000524520874,1.3200000524520874,1.3250000476837158,1.3200000524520874,1.3250000476837158,5274.0
2024-10-25 12:56:00+00:00,AUR,6.429999828338623,6.429999828338623,6.445000171661377,6.429999828338623,6.440000057220459,28994.0
2024-10-25 12:56:00+00:00,AVDX,8.140000343322754,8.140000343322754,8.140000343322754,8.140000343322754,8.140000343322754,2209.0
2024-10-25 12:56:00+00:00,AVGO,175.69000244140625,175.69000244140625,175.72999572753906,175.68600463867188,175.72999572753906,12183.0
2024-10-25 12:56:00+00:00,AVNW,21.010000228881836,21.010000228881836,21.030000686645508,21.010000228881836,21.030000686645508,700.0
2024-10-25 12:56:00+00:00,AVT,54.01499938964844,54.01499938964844,54.01499938964844,54.0099983215332,54.01499938964844,619.0
2024-10-25 12:56:00+00:00,AXTI,2.7049999237060547,2.7049999237060547,2.7049999237060547,2.7049999237060547,2.7049999237060547,259.0
2024-10-25 12:56:00+00:00,BAND,17.690000534057617,17.690000534057617,17.690000534057617,17.690000534057617,17.690000534057617,745.0
2024-10-25 12:56:00+00:00,BASE,16.385000228881836,16.385000228881836,16.385000228881836,16.385000228881836,16.385000228881836,283.0
2024-10-25 12:56:00+00:00,BEEM,4.889999866485596,4.889999866485596,4.889999866485596,4.889999866485596,4.889999866485596,1480.0
2024-10-25 12:56:00+00:00,BIGC,5.320000171661377,5.320000171661377,5.320000171661377,5.320000171661377,5.320000171661377,1071.0
2024-10-25 12:56:00+00:00,BLKB,86.1449966430664,86.1449966430664,86.1449966430664,86.1449966430664,86.1449966430664,473.0
2024-10-25 12:56:00+00:00,BLZE,7.210000038146973,7.210000038146973,7.210000038146973,7.210000038146973,7.210000038146973,351.0
2024-10-25 12:56:00+00:00,BMBL,7.21999979019165,7.21999979019165,7.224999904632568,7.21999979019165,7.220200061798096,5341.0
2024-10-25 12:56:00+00:00,BRZE,30.639999389648438,30.639999389648438,30.639999389648438,30.639999389648438,30.639999389648438,536.0
2024-10-25 12:56:00+00:00,BSY,49.125,49.125,49.125,49.11989974975586,49.119998931884766,1649.0
2024-10-25 12:56:00+00:00,CAMT,78.67310333251953,78.67310333251953,78.67500305175781,78.67310333251953,78.67500305175781,641.0
2024-10-25 12:56:00+00:00,CAN,0.9812999963760376,0.9812999963760376,0.9812999963760376,0.9812999963760376,0.9812999963760376,5395.0
2024-10-25 12:56:00+00:00,CDNS,259.74249267578125,259.74249267578125,259.8599853515625,259.7300109863281,259.8599853515625,2526.0
2024-10-25 12:56:00+00:00,CDW,220.13499450683594,220.13499450683594,220.13499450683594,220.13499450683594,220.13499450683594,947.0
2024-10-25 12:56:00+00:00,CETX,0.30889999866485596,0.30889999866485596,0.30889999866485596,0.30550000071525574,0.30550000071525574,17938.0
2024-10-25 12:56:00+00:00,CFLT,22.5049991607666,22.5049991607666,22.524999618530273,22.5,22.524999618530273,10230.0
2024-10-25 12:56:00+00:00,CGNX,38.95000076293945,38.95000076293945,38.970001220703125,38.95000076293945,38.970001220703125,1993.0
2024-10-25 12:56:00+00:00,CLBT,18.18000030517578,18.18000030517578,18.18000030517578,18.18000030517578,18.18000030517578,459.0
2024-10-25 12:56:00+00:00,CLSK,11.890000343322754,11.890000343322754,11.92140007019043,11.890000343322754,11.920100212097168,35847.0
2024-10-25 12:56:00+00:00,CNDT,3.625,3.625,3.625,3.625,3.625,123.0
2024-10-25 12:56:00+00:00,CNXC,44.869998931884766,44.869998931884766,44.869998931884766,44.869998931884766,44.869998931884766,373.0
2024-10-25 12:56:00+00:00,COHR,95.43370056152344,95.43370056152344,95.43370056152344,95.3499984741211,95.41000366210938,1558.0
2024-10-25 12:56:00+00:00,COHU,26.309999465942383,26.309999465942383,26.309999465942383,26.309999465942383,26.309999465942383,868.0
2024-10-25 12:56:00+00:00,COIN,209.7657012939453,209.7657012939453,210.0500030517578,209.4600067138672,210.0,8212.0
2024-10-25 12:56:00+00:00,COMM,6.295000076293945,6.295000076293945,6.300000190734863,6.295000076293945,6.300000190734863,1368.0
2024-10-25 12:56:00+00:00,CORZ,13.385199546813965,13.385199546813965,13.399999618530273,13.385199546813965,13.399999618530273,5947.0
2024-10-25 12:56:00+00:00,CRCT,6.579999923706055,6.579999923706055,6.585000038146973,6.579999923706055,6.579999923706055,2222.0
2024-10-25 12:56:00+00:00,CRDO,39.68000030517578,39.68000030517578,39.709999084472656,39.68000030517578,39.709999084472656,1163.0
2024-10-25 12:56:00+00:00,CRNC,2.8499999046325684,2.8499999046325684,2.8550000190734863,2.8399999141693115,2.8550000190734863,5457.0
2024-10-25 12:56:00+00:00,CRSR,6.409999847412109,6.409999847412109,6.409999847412109,6.409999847412109,6.409999847412109,373.0
2024-10-25 12:56:00+00:00,CRUS,123.63999938964844,123.63999938964844,123.6500015258789,123.63999938964844,123.6500015258789,786.0
2024-10-25 12:56:00+00:00,CRWD,300.7799987792969,300.7799987792969,300.9999084472656,300.260009765625,300.8399963378906,13875.0
2024-10-25 12:56:00+00:00,CSCO,55.970001220703125,55.970001220703125,55.970001220703125,55.96500015258789,55.970001220703125,15653.0
2024-10-25 12:56:00+00:00,CSIQ,13.710000038146973,13.710000038146973,13.710000038146973,13.691800117492676,13.699999809265137,1560.0
2024-10-25 12:56:00+00:00,CTSH,74.87000274658203,74.87000274658203,74.87999725341797,74.87000274658203,74.87999725341797,1175.0
2024-10-25 12:56:00+00:00,CYBR,291.3450012207031,291.3450012207031,291.3450012207031,291.3450012207031,291.3450012207031,1619.0
2024-10-25 12:56:00+00:00,DATS,1.652500033378601,1.652500033378601,1.652500033378601,1.652500033378601,1.652500033378601,6000.0
2024-10-25 12:56:00+00:00,DBX,26.05500030517578,26.05500030517578,26.059999465942383,26.05500030517578,26.059999465942383,2294.0
2024-10-25 12:56:00+00:00,DCBO,45.880001068115234,45.880001068115234,45.880001068115234,45.880001068115234,45.880001068115234,568.0
2024-10-25 12:56:00+00:00,DDOG,127.19000244140625,127.19000244140625,127.20999908447266,127.16000366210938,127.16000366210938,5256.0
2024-10-25 12:56:00+00:00,DIOD,66.65499877929688,66.65499877929688,66.65499877929688,66.65499877929688,66.65499877929688,302.0
2024-10-25 12:56:00+00:00,DLO,8.895000457763672,8.895000457763672,8.904999732971191,8.895000457763672,8.904999732971191,5088.0
2024-10-25 12:56:00+00:00,DOCU,69.91999816894531,69.91999816894531,69.94000244140625,69.88500213623047,69.9000015258789,2279.0
2024-10-25 12:56:00+00:00,DOMO,8.050000190734863,8.050000190734863,8.050000190734863,8.050000190734863,8.050000190734863,934.0
2024-10-25 12:56:00+00:00,DSGX,104.37999725341797,104.37999725341797,104.37999725341797,104.37999725341797,104.37999725341797,593.0
2024-10-25 12:56:00+00:00,ENPH,82.8499984741211,82.8499984741211,82.91500091552734,82.83999633789062,82.86000061035156,4088.0
2024-10-25 12:56:00+00:00,ENTG,106.0199966430664,106.0199966430664,106.05000305175781,106.01000213623047,106.05000305175781,1609.0
2024-10-25 12:56:00+00:00,EXTR,14.454999923706055,14.454999923706055,14.454999923706055,14.454999923706055,14.454999923706055,437.0
2024-10-25 12:56:00+00:00,FFIV,216.585693359375,216.585693359375,216.66000366210938,216.585693359375,216.66000366210938,611.0
2024-10-25 12:56:00+00:00,FIVN,29.940000534057617,29.940000534057617,29.940000534057617,29.940000534057617,29.940000534057617,412.0
2024-10-25 12:56:00+00:00,FLEX,35.255001068115234,35.255001068115234,35.26499938964844,35.255001068115234,35.26499938964844,896.0
2024-10-25 12:56:00+00:00,FLYW,17.489999771118164,17.489999771118164,17.489999771118164,17.475000381469727,17.475000381469727,648.0
2024-10-25 12:56:00+00:00,FORM,45.2599983215332,45.2599983215332,45.279998779296875,45.2599983215332,45.279998779296875,341.0
2024-10-25 12:56:00+00:00,FRSH,11.654999732971191,11.654999732971191,11.654999732971191,11.654999732971191,11.654999732971191,590.0
2024-10-25 12:56:00+00:00,FSLR,198.37600708007812,198.37600708007812,198.5,198.37600708007812,198.5,1869.0
2024-10-25 12:56:00+00:00,GCT,24.850500106811523,24.850500106811523,24.889999389648438,24.829999923706055,24.889999389648438,1036.0
2024-10-25 12:56:00+00:00,GDS,21.610000610351562,21.610000610351562,21.610000610351562,21.610000610351562,21.610000610351562,1199.0
2024-10-25 12:56:00+00:00,GFS,41.2400016784668,41.2400016784668,41.2599983215332,41.2400016784668,41.2599983215332,980.0
2024-10-25 12:56:00+00:00,GPRO,1.340000033378601,1.340000033378601,1.340000033378601,1.340000033378601,1.340000033378601,329.0
2024-10-25 12:56:00+00:00,GRAB,4.099999904632568,4.099999904632568,4.099999904632568,4.090000152587891,4.090000152587891,13940.0
2024-10-25 12:56:00+00:00,GTLB,55.380001068115234,55.380001068115234,55.40399932861328,55.380001068115234,55.40399932861328,1320.0
2024-10-25 12:56:00+00:00,HCP,33.66999816894531,33.66999816894531,33.67499923706055,33.66999816894531,33.67499923706055,953.0
2024-10-25 12:56:00+00:00,HEAR,16.6299991607666,16.6299991607666,16.6299991607666,16.6299991607666,16.6299991607666,860.0
2024-10-25 12:56:00+00:00,HIMX,6.179999828338623,6.179999828338623,6.179999828338623,6.175000190734863,6.179999828338623,4900.0
2024-10-25 12:56:00+00:00,HLIT,14.815099716186523,14.815099716186523,14.815099716186523,14.815099716186523,14.815099716186523,5100.0
2024-10-25 12:56:00+00:00,HOOD,27.333200454711914,27.333200454711914,27.350000381469727,27.329999923706055,27.350000381469727,10725.0
2024-10-25 12:56:00+00:00,IDN,2.399899959564209,2.399899959564209,2.4200000762939453,2.369999885559082,2.369999885559082,3159.0
2024-10-25 12:56:00+00:00,IMMR,8.71500015258789,8.71500015258789,8.720000267028809,8.71500015258789,8.720000267028809,1288.0
2024-10-25 12:56:00+00:00,IMXI,17.610000610351562,17.610000610351562,17.6210994720459,17.610000610351562,17.6210994720459,917.0
2024-10-25 12:56:00+00:00,INDI,3.565000057220459,3.565000057220459,3.565000057220459,3.565000057220459,3.565000057220459,3768.0
2024-10-25 12:56:00+00:00,INSG,20.349899291992188,20.349899291992188,20.349899291992188,20.349899291992188,20.349899291992188,410.0
2024-10-25 12:56:00+00:00,INTA,50.029998779296875,50.029998779296875,50.029998779296875,50.029998779296875,50.029998779296875,725.0
2024-10-25 12:56:00+00:00,INTC,23.113000869750977,23.113000869750977,23.14150047302246,23.110000610351562,23.14150047302246,88810.0
2024-10-25 12:56:00+00:00,INTU,611.8150024414062,611.8150024414062,611.8150024414062,611.739990234375,611.739990234375,1843.0
2024-10-25 12:56:00+00:00,ITRI,102.80999755859375,102.80999755859375,102.80999755859375,102.73999786376953,102.73999786376953,642.0
2024-10-25 12:56:00+00:00,JAMF,16.790000915527344,16.790000915527344,16.790000915527344,16.790000915527344,16.790000915527344,723.0
2024-10-25 12:56:00+00:00,KC,2.7200000286102295,2.7200000286102295,2.7200000286102295,2.7200000286102295,2.7200000286102295,215.0
2024-10-25 12:56:00+00:00,KLAC,681.875,681.875,681.875,681.875,681.875,273.0
2024-10-25 12:56:00+00:00,KLIC,44.65800094604492,44.65800094604492,44.70000076293945,44.65800094604492,44.70000076293945,948.0
2024-10-25 12:56:00+00:00,KOSS,7.375500202178955,7.375500202178955,7.375500202178955,7.375500202178955,7.375500202178955,1075.0
2024-10-25 12:56:00+00:00,LINK,4.730000019073486,4.730000019073486,4.860300064086914,4.730000019073486,4.860300064086914,11087.0
2024-10-25 12:56:00+00:00,LITE,64.18000030517578,64.18000030517578,64.19000244140625,64.18000030517578,64.19000244140625,727.0
2024-10-25 12:56:00+00:00,LOGI,81.02999877929688,81.02999877929688,81.02999877929688,81.01499938964844,81.01499938964844,1139.0
2024-10-25 12:56:00+00:00,LRCX,79.22000122070312,79.22000122070312,79.26000213623047,79.22000122070312,79.25,9509.0
2024-10-25 12:56:00+00:00,LSCC,54.58000183105469,54.58000183105469,54.630001068115234,54.58000183105469,54.630001068115234,1979.0
2024-10-25 12:56:00+00:00,LYFT,13.75,13.75,13.755000114440918,13.75,13.75,10803.0
2024-10-25 12:56:00+00:00,LYTS,16.229999542236328,16.229999542236328,16.229999542236328,16.229999542236328,16.229999542236328,857.0
2024-10-25 12:56:00+00:00,MCHP,77.19000244140625,77.19000244140625,77.20999908447266,77.19000244140625,77.19999694824219,4671.0
2024-10-25 12:56:00+00:00,MDB,267.3500061035156,267.3500061035156,267.4049987792969,267.2749938964844,267.4049987792969,732.0
2024-10-25 12:56:00+00:00,MITK,8.770000457763672,8.770000457763672,8.779999732971191,8.770000457763672,8.779999732971191,1525.0
2024-10-25 12:56:00+00:00,MKSI,101.5,101.5,101.5,101.5,101.5,294.0
2024-10-25 12:56:00+00:00,MNDY,299.1000061035156,299.1000061035156,299.1000061035156,299.1000061035156,299.1000061035156,559.0
2024-10-25 12:56:00+00:00,MQ,5.275000095367432,5.275000095367432,5.275000095367432,5.269999980926514,5.269999980926514,5054.0
2024-10-25 12:56:00+00:00,MRVL,83.31999969482422,83.31999969482422,83.33999633789062,83.30000305175781,83.3301010131836,7964.0
2024-10-25 12:56:00+00:00,MSFT,430.6050109863281,430.6050109863281,430.6400146484375,430.4700012207031,430.56500244140625,11294.0
2024-10-25 12:56:00+00:00,MSTR,240.14999389648438,240.14999389648438,241.22999572753906,239.89999389648438,241.22999572753906,52813.0
2024-10-25 12:56:00+00:00,MTLS,5.954999923706055,5.954999923706055,5.954999923706055,5.951000213623047,5.951000213623047,758.0
2024-10-25 12:56:00+00:00,MTSI,120.80999755859375,120.80999755859375,120.80999755859375,120.69000244140625,120.72000122070312,1507.0
2024-10-25 12:56:00+00:00,MTTR,4.614999771118164,4.614999771118164,4.614999771118164,4.614999771118164,4.614999771118164,400.0
2024-10-25 12:56:00+00:00,MU,108.88999938964844,108.88999938964844,108.95999908447266,108.87999725341797,108.95999908447266,13691.0
2024-10-25 12:56:00+00:00,MVIS,1.100000023841858,1.100000023841858,1.100000023841858,1.100000023841858,1.100000023841858,555.0
2024-10-25 12:56:00+00:00,NCNO,37.790000915527344,37.790000915527344,37.79999923706055,37.790000915527344,37.79999923706055,953.0
2024-10-25 12:56:00+00:00,NEON,8.210000038146973,8.210000038146973,8.210000038146973,8.145000457763672,8.170000076293945,14113.0
2024-10-25 12:56:00+00:00,NICE,176.86000061035156,176.86000061035156,176.86000061035156,176.86000061035156,176.86000061035156,542.0
2024-10-25 12:56:00+00:00,NOVT,173.77999877929688,173.77999877929688,173.77999877929688,173.77999877929688,173.77999877929688,222.0
2024-10-25 12:56:00+00:00,NTAP,120.29000091552734,120.29000091552734,120.30000305175781,120.27999877929688,120.27999877929688,2601.0
2024-10-25 12:56:00+00:00,NTNX,62.16999816894531,62.16999816894531,62.17499923706055,62.16999816894531,62.17499923706055,755.0
2024-10-25 12:56:00+00:00,NVDA,143.29989624023438,143.29989624023438,143.37530517578125,143.27999877929688,143.37530517578125,249417.0
2024-10-25 12:56:00+00:00,NVTS,2.6050000190734863,2.6050000190734863,2.6098999977111816,2.6050000190734863,2.6050000190734863,17415.0
2024-10-25 12:56:00+00:00,NXPI,245.67999267578125,245.67999267578125,245.73500061035156,245.67999267578125,245.73500061035156,1469.0
2024-10-25 12:56:00+00:00,OKTA,72.4800033569336,72.4800033569336,72.5,72.4800033569336,72.4800033569336,1749.0
2024-10-25 12:56:00+00:00,OLED,203.9199981689453,203.9199981689453,204.22000122070312,203.9199981689453,204.22000122070312,1774.0
2024-10-25 12:56:00+00:00,ON,72.08999633789062,72.08999633789062,72.12999725341797,72.08999633789062,72.12000274658203,11138.0
2024-10-25 12:56:00+00:00,OSIS,134.89999389648438,134.89999389648438,135.00999450683594,134.85499572753906,134.91000366210938,4726.0
2024-10-25 12:56:00+00:00,OTEX,33.38999938964844,33.38999938964844,33.38999938964844,33.38999938964844,33.38999938964844,228.0
2024-10-25 12:56:00+00:00,PALT,1.9681999683380127,1.9681999683380127,1.9681999683380127,1.9681999683380127,1.9681999683380127,3452.0
2024-10-25 12:56:00+00:00,PANW,369.54998779296875,369.54998779296875,369.54998779296875,369.54998779296875,369.54998779296875,1074.0
2024-10-25 12:56:00+00:00,PAYO,8.300000190734863,8.300000190734863,8.300000190734863,8.300000190734863,8.300000190734863,1631.0
2024-10-25 12:56:00+00:00,PDFS,29.530000686645508,29.530000686645508,29.540000915527344,29.530000686645508,29.540000915527344,1372.0
2024-10-25 12:56:00+00:00,PEGY,4.627999782562256,4.627999782562256,4.630000114440918,4.619999885559082,4.622000217437744,892.0
2024-10-25 12:56:00+00:00,PGY,11.850000381469727,11.850000381469727,11.850000381469727,11.850000381469727,11.850000381469727,780.0
2024-10-25 12:56:00+00:00,PHUN,10.179900169372559,10.179900169372559,10.199899673461914,10.14009952545166,10.15999984741211,17567.0
2024-10-25 12:56:00+00:00,PI,204.19000244140625,204.19000244140625,204.36000061035156,204.19000244140625,204.36000061035156,752.0
2024-10-25 12:56:00+00:00,POWI,63.93000030517578,63.93000030517578,63.93000030517578,63.93000030517578,63.93000030517578,2319.0
2024-10-25 12:56:00+00:00,PRCH,1.3200000524520874,1.3200000524520874,1.3200000524520874,1.3200000524520874,1.3200000524520874,620.0
2024-10-25 12:56:00+00:00,PTC,187.10499572753906,187.10499572753906,187.17999267578125,187.10499572753906,187.13499450683594,1486.0
2024-10-25 12:56:00+00:00,QCOM,172.77999877929688,172.77999877929688,172.80999755859375,172.77000427246094,172.8083953857422,1673.0
2024-10-25 12:56:00+00:00,QRVO,100.5999984741211,100.5999984741211,100.61000061035156,100.58000183105469,100.5999984741211,1764.0
2024-10-25 12:56:00+00:00,QUBT,1.0750000476837158,1.0750000476837158,1.0800000429153442,1.059999942779541,1.0700000524520874,13307.0
2024-10-25 12:56:00+00:00,RCAT,2.765000104904175,2.765000104904175,2.765000104904175,2.765000104904175,2.765000104904175,532.0
2024-10-25 12:56:00+00:00,RDWR,22.309999465942383,22.309999465942383,22.309999465942383,22.309999465942383,22.309999465942383,797.0
2024-10-25 12:56:00+00:00,REKR,1.0950000286102295,1.0950000286102295,1.0950000286102295,1.0950000286102295,1.0950000286102295,432.0
2024-10-25 12:56:00+00:00,RELL,14.09000015258789,14.09000015258789,14.100000381469727,14.09000015258789,14.100000381469727,700.0
2024-10-25 12:56:00+00:00,RELY,14.829999923706055,14.829999923706055,14.84000015258789,14.819999694824219,14.84000015258789,2661.0
2024-10-25 12:56:00+00:00,RGTI,1.2100000381469727,1.2100000381469727,1.2100000381469727,1.2093000411987305,1.2093000411987305,8561.0
2024-10-25 12:56:00+00:00,RIOT,10.029999732971191,10.029999732971191,10.0649995803833,10.026000022888184,10.0649995803833,30624.0
2024-10-25 12:56:00+00:00,RMBS,43.65999984741211,43.65999984741211,43.66999816894531,43.65999984741211,43.66999816894531,876.0
2024-10-25 12:56:00+00:00,RPAY,7.599999904632568,7.599999904632568,7.599999904632568,7.599999904632568,7.599999904632568,436.0
2024-10-25 12:56:00+00:00,RUM,5.730000019073486,5.730000019073486,5.730000019073486,5.730000019073486,5.730000019073486,698.0
2024-10-25 12:56:00+00:00,RUN,14.3149995803833,14.3149995803833,14.319999694824219,14.3149995803833,14.319999694824219,4546.0
2024-10-25 12:56:00+00:00,RXT,2.5399999618530273,2.5399999618530273,2.5399999618530273,2.5350000858306885,2.5399999618530273,4566.0
2024-10-25 12:56:00+00:00,SANM,67.63500213623047,67.63500213623047,67.63500213623047,67.63500213623047,67.63500213623047,348.0
2024-10-25 12:56:00+00:00,SATS,25.1200008392334,25.1200008392334,25.1200008392334,25.1200008392334,25.1200008392334,657.0
2024-10-25 12:56:00+00:00,SEDG,16.049999237060547,16.049999237060547,16.079999923706055,16.040000915527344,16.079999923706055,10779.0
2024-10-25 12:56:00+00:00,SHLS,5.28000020980835,5.28000020980835,5.300000190734863,5.28000020980835,5.300000190734863,15171.0
2024-10-25 12:56:00+00:00,SLAB,115.55000305175781,115.55000305175781,115.55000305175781,115.55000305175781,115.55000305175781,393.0
2024-10-25 12:56:00+00:00,SMCI,47.709999084472656,47.709999084472656,47.720001220703125,47.689998626708984,47.709999084472656,35496.0
2024-10-25 12:56:00+00:00,SMTC,45.869998931884766,45.869998931884766,45.869998931884766,45.84000015258789,45.84000015258789,1400.0
2024-10-25 12:56:00+00:00,SNPS,504.7298889160156,504.7298889160156,504.7298889160156,504.29998779296875,504.29998779296875,391.0
2024-10-25 12:56:00+00:00,SOBR,7.570000171661377,7.570000171661377,7.570000171661377,7.570000171661377,7.570000171661377,918.0
2024-10-25 12:56:00+00:00,SONO,12.800000190734863,12.800000190734863,12.800000190734863,12.800000190734863,12.800000190734863,314.0
2024-10-25 12:56:00+00:00,SOUN,5.240099906921387,5.240099906921387,5.255000114440918,5.239999771118164,5.255000114440918,88240.0
2024-10-25 12:56:00+00:00,SPNS,36.81610107421875,36.81610107421875,36.81610107421875,36.81610107421875,36.81610107421875,348.0
2024-10-25 12:56:00+00:00,SPSC,170.9600067138672,170.9600067138672,170.9600067138672,170.40499877929688,170.40499877929688,1097.0
2024-10-25 12:56:00+00:00,SPT,27.0,27.0,27.0,27.0,27.0,221.0
2024-10-25 12:56:00+00:00,SSNC,69.63999938964844,69.63999938964844,69.63999938964844,69.61000061035156,69.62000274658203,4561.0
2024-10-25 12:56:00+00:00,STNE,11.515000343322754,11.515000343322754,11.520000457763672,11.515000343322754,11.520000457763672,1362.0
2024-10-25 12:56:00+00:00,STX,104.06999969482422,104.06999969482422,104.0999984741211,103.91999816894531,103.91999816894531,11466.0
2024-10-25 12:56:00+00:00,SWKS,96.62999725341797,96.62999725341797,96.62999725341797,96.58999633789062,96.62999725341797,1476.0
2024-10-25 12:56:00+00:00,SYTA,1.2790000438690186,1.2790000438690186,1.2790000438690186,1.2790000438690186,1.2790000438690186,203.0
2024-10-25 12:56:00+00:00,TEAM,190.4600067138672,190.4600067138672,190.6699981689453,190.4600067138672,190.6300048828125,6676.0
2024-10-25 12:56:00+00:00,TENB,41.61000061035156,41.61000061035156,41.619998931884766,41.4900016784668,41.4900016784668,3839.0
2024-10-25 12:56:00+00:00,TER,113.0199966430664,113.0199966430664,113.0199966430664,113.0,113.0,3773.0
2024-10-25 12:56:00+00:00,TRMB,61.099998474121094,61.099998474121094,61.099998474121094,61.099998474121094,61.099998474121094,412.0
2024-10-25 12:56:00+00:00,TSEM,45.22999954223633,45.22999954223633,45.22999954223633,45.22999954223633,45.22999954223633,113.0
2024-10-25 12:56:00+00:00,TTD,119.41999816894531,119.41999816894531,119.4800033569336,119.41999816894531,119.4800033569336,4118.0
2024-10-25 12:56:00+00:00,TWKS,4.449999809265137,4.449999809265137,4.451000213623047,4.449999809265137,4.449999809265137,2848.0
2024-10-25 12:56:00+00:00,TXN,209.17999267578125,209.17999267578125,209.2050018310547,209.14999389648438,209.17999267578125,3280.0
2024-10-25 12:56:00+00:00,UCTT,36.040000915527344,36.040000915527344,36.040000915527344,36.040000915527344,36.040000915527344,789.0
2024-10-25 12:56:00+00:00,VECO,29.575000762939453,29.575000762939453,29.579999923706055,29.56999969482422,29.579999923706055,1892.0
2024-10-25 12:56:00+00:00,VIAV,9.244999885559082,9.244999885559082,9.25,9.239999771118164,9.239999771118164,528.0
2024-10-25 12:56:00+00:00,VRNS,56.959999084472656,56.959999084472656,56.959999084472656,56.939998626708984,56.939998626708984,1376.0
2024-10-25 12:56:00+00:00,VRNT,22.219999313354492,22.219999313354492,22.219999313354492,22.209999084472656,22.209999084472656,1458.0
2024-10-25 12:56:00+00:00,VRSN,185.47000122070312,185.47000122070312,185.47000122070312,185.22999572753906,185.22999572753906,1226.0
2024-10-25 12:56:00+00:00,VSAT,10.380000114440918,10.380000114440918,10.380000114440918,10.369999885559082,10.369999885559082,2121.0
2024-10-25 12:56:00+00:00,VUZI,1.319000005722046,1.319000005722046,1.319000005722046,1.319000005722046,1.319000005722046,133.0
2024-10-25 12:56:00+00:00,WDAY,239.57000732421875,239.57000732421875,239.57000732421875,239.57000732421875,239.57000732421875,932.0
2024-10-25 12:56:00+00:00,WDC,71.0999984741211,71.0999984741211,71.1500015258789,71.0999984741211,71.12999725341797,7358.0
2024-10-25 12:56:00+00:00,WISA,1.965000033378601,1.965000033378601,1.9800000190734863,1.965000033378601,1.9737000465393066,6130.0
2024-10-25 12:56:00+00:00,XPER,9.420000076293945,9.420000076293945,9.420000076293945,9.420000076293945,9.420000076293945,580.0
2024-10-25 12:56:00+00:00,XRX,10.024999618530273,10.024999618530273,10.029999732971191,10.020000457763672,10.029999732971191,4975.0
2024-10-25 12:56:00+00:00,ZBRA,362.94000244140625,362.94000244140625,362.9649963378906,362.94000244140625,362.9649963378906,714.0
2024-10-25 12:56:00+00:00,ZI,10.5600004196167,10.5600004196167,10.5600004196167,10.5600004196167,10.5600004196167,2575.0
2024-10-25 12:56:00+00:00,ZM,73.1500015258789,73.1500015258789,73.1500015258789,73.1500015258789,73.1500015258789,1070.0
2024-10-25 12:56:00+00:00,ZS,185.90499877929688,185.90499877929688,186.0399932861328,185.8699951171875,185.9600067138672,4980.0
2024-10-25 12:57:00+00:00,AAPL,232.76820373535156,232.76820373535156,232.84500122070312,232.72999572753906,232.8300018310547,35175.0
2024-10-25 12:57:00+00:00,ACIW,48.900001525878906,48.900001525878906,48.959999084472656,48.829898834228516,48.829898834228516,13668.0
2024-10-25 12:57:00+00:00,ACLS,90.62000274658203,90.62000274658203,90.62000274658203,90.62000274658203,90.62000274658203,486.0
2024-10-25 12:57:00+00:00,ACMR,19.880399703979492,19.880399703979492,19.880399703979492,19.880399703979492,19.880399703979492,2012.0
2024-10-25 12:57:00+00:00,ADBE,485.6400146484375,485.6400146484375,485.7699890136719,485.6400146484375,485.7699890136719,2182.0
2024-10-25 12:57:00+00:00,ADI,233.66250610351562,233.66250610351562,233.6699981689453,233.6199951171875,233.6199951171875,1689.0
2024-10-25 12:57:00+00:00,AEHR,17.219999313354492,17.219999313354492,17.259899139404297,17.219999313354492,17.22960090637207,2363.0
2024-10-25 12:57:00+00:00,AFRM,41.6973991394043,41.6973991394043,41.70000076293945,41.68000030517578,41.694000244140625,4847.0
2024-10-25 12:57:00+00:00,AKAM,102.63999938964844,102.63999938964844,102.69000244140625,102.63999938964844,102.66999816894531,2367.0
2024-10-25 12:57:00+00:00,AKTS,0.057100001722574234,0.057100001722574234,0.057100001722574234,0.057100001722574234,0.057100001722574234,23160.0
2024-10-25 12:57:00+00:00,ALGM,22.979999542236328,22.979999542236328,22.979999542236328,22.940000534057617,22.940000534057617,2564.0
2024-10-25 12:57:00+00:00,AMAT,188.8199005126953,188.8199005126953,188.82000732421875,188.6739959716797,188.7100067138672,4725.0
2024-10-25 12:57:00+00:00,AMBA,58.630001068115234,58.630001068115234,58.630001068115234,58.630001068115234,58.630001068115234,412.0
2024-10-25 12:57:00+00:00,AMD,158.01800537109375,158.01800537109375,158.0500030517578,157.93099975585938,157.94000244140625,19627.0
2024-10-25 12:57:00+00:00,AMKR,30.079999923706055,30.079999923706055,30.079999923706055,30.079999923706055,30.079999923706055,999.0
2024-10-25 12:57:00+00:00,API,2.859999895095825,2.859999895095825,2.859999895095825,2.8350000381469727,2.8350000381469727,26711.0
2024-10-25 12:57:00+00:00,APP,161.7899932861328,161.7899932861328,161.8751983642578,161.7899932861328,161.8751983642578,1476.0
2024-10-25 12:57:00+00:00,APPS,3.0799999237060547,3.0799999237060547,3.0799999237060547,3.0799999237060547,3.0799999237060547,401.0
2024-10-25 12:57:00+00:00,ARRY,6.485000133514404,6.485000133514404,6.485000133514404,6.480000019073486,6.480000019073486,2466.0
2024-10-25 12:57:00+00:00,ASML,718.9259033203125,718.9259033203125,719.1699829101562,718.8150024414062,719.1699829101562,1581.0
2024-10-25 12:57:00+00:00,AUR,6.445000171661377,6.445000171661377,6.445000171661377,6.429999828338623,6.434999942779541,5949.0
2024-10-25 12:57:00+00:00,AVGO,175.67999267578125,175.67999267578125,175.69000244140625,175.63999938964844,175.67999267578125,11445.0
2024-10-25 12:57:00+00:00,AVT,54.02000045776367,54.02000045776367,54.02000045776367,54.01499938964844,54.01499938964844,1343.0
2024-10-25 12:57:00+00:00,BASE,16.385000228881836,16.385000228881836,16.385000228881836,16.385000228881836,16.385000228881836,2011.0
2024-10-25 12:57:00+00:00,BL,56.43000030517578,56.43000030517578,56.476898193359375,56.43000030517578,56.476898193359375,497.0
2024-10-25 12:57:00+00:00,BLZE,7.22790002822876,7.22790002822876,7.22790002822876,7.22790002822876,7.22790002822876,581.0
2024-10-25 12:57:00+00:00,BMBL,7.215000152587891,7.215000152587891,7.224999904632568,7.215000152587891,7.21999979019165,5706.0
2024-10-25 12:57:00+00:00,BOSC,2.9049999713897705,2.9049999713897705,2.9049999713897705,2.9049999713897705,2.9049999713897705,320.0
2024-10-25 12:57:00+00:00,BRZE,30.603900909423828,30.603900909423828,30.61050033569336,30.603900909423828,30.61050033569336,818.0
2024-10-25 12:57:00+00:00,BSY,49.14500045776367,49.14500045776367,49.14500045776367,49.14500045776367,49.14500045776367,148.0
2024-10-25 12:57:00+00:00,CAN,0.9814000129699707,0.9814000129699707,0.9815000295639038,0.9814000129699707,0.9815000295639038,305.0
2024-10-25 12:57:00+00:00,CDNS,259.75,259.75,259.75,259.75,259.75,359.0
2024-10-25 12:57:00+00:00,CDW,219.85000610351562,219.85000610351562,220.0,219.85000610351562,220.0,2238.0
2024-10-25 12:57:00+00:00,CETX,0.3100000023841858,0.3100000023841858,0.3100000023841858,0.30570000410079956,0.3093999922275543,24601.0
2024-10-25 12:57:00+00:00,CFLT,22.540000915527344,22.540000915527344,22.55500030517578,22.4950008392334,22.510000228881836,7827.0
2024-10-25 12:57:00+00:00,CGNX,38.95000076293945,38.95000076293945,38.95000076293945,38.95000076293945,38.95000076293945,317.0
2024-10-25 12:57:00+00:00,CLBT,18.170000076293945,18.170000076293945,18.170000076293945,18.170000076293945,18.170000076293945,664.0
2024-10-25 12:57:00+00:00,CLSK,11.895000457763672,11.895000457763672,11.899999618530273,11.884900093078613,11.890000343322754,21180.0
2024-10-25 12:57:00+00:00,CNDT,3.625,3.625,3.625,3.625,3.625,106.0
2024-10-25 12:57:00+00:00,CNXC,44.88999938964844,44.88999938964844,44.88999938964844,44.88999938964844,44.88999938964844,522.0
2024-10-25 12:57:00+00:00,COHR,95.79000091552734,95.79000091552734,95.80000305175781,95.3499984741211,95.41000366210938,134842.0
2024-10-25 12:57:00+00:00,COHU,26.319900512695312,26.319900512695312,26.319900512695312,26.319900512695312,26.319900512695312,149.0
2024-10-25 12:57:00+00:00,COIN,209.6999969482422,209.6999969482422,209.79989624023438,209.69000244140625,209.7220001220703,6922.0
2024-10-25 12:57:00+00:00,COMM,6.290999889373779,6.290999889373779,6.295000076293945,6.290999889373779,6.295000076293945,969.0
2024-10-25 12:57:00+00:00,CORZ,13.385000228881836,13.385000228881836,13.385000228881836,13.385000228881836,13.385000228881836,533.0
2024-10-25 12:57:00+00:00,CRDO,39.685001373291016,39.685001373291016,39.685001373291016,39.66999816894531,39.66999816894531,674.0
2024-10-25 12:57:00+00:00,CRSR,6.404200077056885,6.404200077056885,6.404200077056885,6.404200077056885,6.404200077056885,194.0
2024-10-25 12:57:00+00:00,CRUS,123.7249984741211,123.7249984741211,123.7249984741211,123.7249984741211,123.7249984741211,1104.0
2024-10-25 12:57:00+00:00,CRWD,300.6658935546875,300.6658935546875,301.17999267578125,300.0899963378906,300.793212890625,30266.0
2024-10-25 12:57:00+00:00,CSCO,55.970298767089844,55.970298767089844,55.974998474121094,55.970298767089844,55.974998474121094,1677.0
2024-10-25 12:57:00+00:00,CSIQ,13.69480037689209,13.69480037689209,13.69480037689209,13.69480037689209,13.69480037689209,318.0
2024-10-25 12:57:00+00:00,CTLP,8.90999984741211,8.90999984741211,8.90999984741211,8.90999984741211,8.90999984741211,779.0
2024-10-25 12:57:00+00:00,CTSH,74.87000274658203,74.87000274658203,74.87000274658203,74.86000061035156,74.86000061035156,1717.0
2024-10-25 12:57:00+00:00,CVLT,134.60000610351562,134.60000610351562,134.60000610351562,134.60000610351562,134.60000610351562,634.0
2024-10-25 12:57:00+00:00,DDOG,127.2249984741211,127.2249984741211,127.2249984741211,127.2249984741211,127.2249984741211,1041.0
2024-10-25 12:57:00+00:00,DIOD,66.5999984741211,66.5999984741211,66.5999984741211,66.5999984741211,66.5999984741211,218.0
2024-10-25 12:57:00+00:00,DOCU,69.87999725341797,69.87999725341797,69.93000030517578,69.87000274658203,69.9000015258789,8466.0
2024-10-25 12:57:00+00:00,DTSS,2.430000066757202,2.430000066757202,2.4800000190734863,2.430000066757202,2.4800000190734863,660.0
2024-10-25 12:57:00+00:00,DUOL,290.3399963378906,290.3399963378906,290.3399963378906,290.2145080566406,290.2145080566406,354.0
2024-10-25 12:57:00+00:00,ENPH,82.93779754638672,82.93779754638672,82.98989868164062,82.88990020751953,82.88990020751953,5375.0
2024-10-25 12:57:00+00:00,ENTG,106.05500030517578,106.05500030517578,106.05500030517578,106.05000305175781,106.05000305175781,1053.0
2024-10-25 12:57:00+00:00,ERIC,8.484999656677246,8.484999656677246,8.484999656677246,8.484999656677246,8.484999656677246,8931.0
2024-10-25 12:57:00+00:00,EXLS,38.90999984741211,38.90999984741211,38.90999984741211,38.90999984741211,38.90999984741211,127.0
2024-10-25 12:57:00+00:00,EXTR,14.454999923706055,14.454999923706055,14.454999923706055,14.454999923706055,14.454999923706055,520.0
2024-10-25 12:57:00+00:00,FCUV,0.25690001249313354,0.25690001249313354,0.25690001249313354,0.25690001249313354,0.25690001249313354,125.0
2024-10-25 12:57:00+00:00,FEIM,12.260000228881836,12.260000228881836,12.260000228881836,12.260000228881836,12.260000228881836,141.0
2024-10-25 12:57:00+00:00,FIVN,29.940000534057617,29.940000534057617,29.940000534057617,29.940000534057617,29.940000534057617,445.0
2024-10-25 12:57:00+00:00,FLEX,35.2599983215332,35.2599983215332,35.2599983215332,35.255001068115234,35.255001068115234,1277.0
2024-10-25 12:57:00+00:00,FLYW,17.475000381469727,17.475000381469727,17.475000381469727,17.475000381469727,17.475000381469727,148.0
2024-10-25 12:57:00+00:00,FORM,45.25,45.25,45.25,45.25,45.25,140.0
2024-10-25 12:57:00+00:00,FROG,29.375,29.375,29.40999984741211,29.350000381469727,29.40999984741211,3333.0
2024-10-25 12:57:00+00:00,FRSH,11.65999984741211,11.65999984741211,11.65999984741211,11.649999618530273,11.649999618530273,7501.0
2024-10-25 12:57:00+00:00,FSLR,198.45730590820312,198.45730590820312,198.50999450683594,198.4550018310547,198.5,3292.0
2024-10-25 12:57:00+00:00,FTNT,81.06999969482422,81.06999969482422,81.08999633789062,81.06999969482422,81.08999633789062,1167.0
2024-10-25 12:57:00+00:00,GCT,24.844999313354492,24.844999313354492,24.844999313354492,24.844999313354492,24.844999313354492,569.0
2024-10-25 12:57:00+00:00,GDS,21.600000381469727,21.600000381469727,21.600000381469727,21.600000381469727,21.600000381469727,1531.0
2024-10-25 12:57:00+00:00,GDYN,15.569999694824219,15.569999694824219,15.569999694824219,15.5600004196167,15.5600004196167,732.0
2024-10-25 12:57:00+00:00,GFS,41.220001220703125,41.220001220703125,41.2400016784668,41.209999084472656,41.2400016784668,2120.0
2024-10-25 12:57:00+00:00,GILT,4.949999809265137,4.949999809265137,4.949999809265137,4.949999809265137,4.949999809265137,399.0
2024-10-25 12:57:00+00:00,GRAB,4.09499979019165,4.09499979019165,4.09499979019165,4.09499979019165,4.09499979019165,6834.0
2024-10-25 12:57:00+00:00,GRRRW,0.06199999898672104,0.06199999898672104,0.06199999898672104,0.06199999898672104,0.06199999898672104,1700.0
2024-10-25 12:57:00+00:00,HCKT,24.864999771118164,24.864999771118164,24.864999771118164,24.864999771118164,24.864999771118164,156.0
2024-10-25 12:57:00+00:00,HCP,33.67499923706055,33.67499923706055,33.67499923706055,33.66999816894531,33.66999816894531,1009.0
2024-10-25 12:57:00+00:00,HLIT,14.819999694824219,14.819999694824219,14.819999694824219,14.819899559020996,14.819899559020996,0.0
2024-10-25 12:57:00+00:00,HOLO,3.621500015258789,3.621500015258789,3.6449999809265137,3.619999885559082,3.6449999809265137,5485.0
2024-10-25 12:57:00+00:00,HOOD,27.31999969482422,27.31999969482422,27.334999084472656,27.31999969482422,27.334999084472656,4681.0
2024-10-25 12:57:00+00:00,INFN,6.789999961853027,6.789999961853027,6.789999961853027,6.789999961853027,6.789999961853027,487.0
2024-10-25 12:57:00+00:00,INOD,20.280000686645508,20.280000686645508,20.280000686645508,20.280000686645508,20.280000686645508,475.0
2024-10-25 12:57:00+00:00,INSG,20.360000610351562,20.360000610351562,20.360000610351562,20.360000610351562,20.360000610351562,484.0
2024-10-25 12:57:00+00:00,INTC,23.13599967956543,23.13599967956543,23.139999389648438,23.114999771118164,23.114999771118164,72342.0
2024-10-25 12:57:00+00:00,INTU,611.8200073242188,611.8200073242188,611.8200073242188,611.8200073242188,611.8200073242188,704.0
2024-10-25 12:57:00+00:00,ITI,7.199999809265137,7.199999809265137,7.199999809265137,7.199999809265137,7.199999809265137,348.0
2024-10-25 12:57:00+00:00,KLAC,682.3699951171875,682.3699951171875,682.3699951171875,682.0,682.0,1133.0
2024-10-25 12:57:00+00:00,LINK,4.940000057220459,4.940000057220459,4.94320011138916,4.71999979019165,4.724999904632568,5294.0
2024-10-25 12:57:00+00:00,LITE,64.16999816894531,64.16999816894531,64.19999694824219,64.16999816894531,64.19999694824219,585.0
2024-10-25 12:57:00+00:00,LPTH,1.6799999475479126,1.6799999475479126,1.6799999475479126,1.6799999475479126,1.6799999475479126,903.0
2024-10-25 12:57:00+00:00,LRCX,79.23500061035156,79.23500061035156,79.25,79.19000244140625,79.22000122070312,16224.0
2024-10-25 12:57:00+00:00,LSCC,54.61000061035156,54.61000061035156,54.61000061035156,54.56999969482422,54.56999969482422,2135.0
2024-10-25 12:57:00+00:00,LUNA,1.8278000354766846,1.8278000354766846,1.8278000354766846,1.8278000354766846,1.8278000354766846,167.0
2024-10-25 12:57:00+00:00,LYFT,13.749699592590332,13.749699592590332,13.75,13.744500160217285,13.744999885559082,6315.0
2024-10-25 12:57:00+00:00,MANH,275.8999938964844,275.8999938964844,275.8999938964844,275.8999938964844,275.8999938964844,470.0
2024-10-25 12:57:00+00:00,MCHP,77.20999908447266,77.20999908447266,77.20999908447266,77.16999816894531,77.16999816894531,1268.0
2024-10-25 12:57:00+00:00,MGIC,11.154999732971191,11.154999732971191,11.154999732971191,11.079999923706055,11.154999732971191,1325.0
2024-10-25 12:57:00+00:00,MITK,8.770000457763672,8.770000457763672,8.770000457763672,8.770000457763672,8.770000457763672,114.0
2024-10-25 12:57:00+00:00,MKSI,101.54000091552734,101.54000091552734,101.54000091552734,101.41999816894531,101.44999694824219,21577.0
2024-10-25 12:57:00+00:00,MNDO,1.9900000095367432,1.9900000095367432,1.9919999837875366,1.9900000095367432,1.9919999837875366,414.0
2024-10-25 12:57:00+00:00,MPWR,924.8599853515625,924.8599853515625,924.8599853515625,924.8599853515625,924.8599853515625,279.0
2024-10-25 12:57:00+00:00,MQ,5.275000095367432,5.275000095367432,5.276000022888184,5.275000095367432,5.275000095367432,1194.0
2024-10-25 12:57:00+00:00,MRAM,6.308000087738037,6.308000087738037,6.308000087738037,6.308000087738037,6.308000087738037,106.0
2024-10-25 12:57:00+00:00,MRVL,83.2750015258789,83.2750015258789,83.30999755859375,83.25,83.30000305175781,12680.0
2024-10-25 12:57:00+00:00,MSFT,430.45001220703125,430.45001220703125,430.6099853515625,430.45001220703125,430.6099853515625,16367.0
2024-10-25 12:57:00+00:00,MSTR,240.3040008544922,240.3040008544922,240.50999450683594,240.02999877929688,240.14999389648438,21078.0
2024-10-25 12:57:00+00:00,MTTR,4.614999771118164,4.614999771118164,4.614999771118164,4.614999771118164,4.614999771118164,1054.0
2024-10-25 12:57:00+00:00,MU,108.91500091552734,108.91500091552734,108.94999694824219,108.87000274658203,108.88999938964844,16444.0
2024-10-25 12:57:00+00:00,MVIS,1.100000023841858,1.100000023841858,1.100000023841858,1.090000033378601,1.090000033378601,17342.0
2024-10-25 12:57:00+00:00,MXL,15.050000190734863,15.050000190734863,15.050000190734863,15.050000190734863,15.050000190734863,221.0
2024-10-25 12:57:00+00:00,NNDM,2.3285000324249268,2.3285000324249268,2.3285000324249268,2.319999933242798,2.3269999027252197,3531.0
2024-10-25 12:57:00+00:00,NOVT,173.9250030517578,173.9250030517578,174.0,173.9250030517578,174.0,1894.0
2024-10-25 12:57:00+00:00,NTAP,120.26000213623047,120.26000213623047,120.26000213623047,120.26000213623047,120.26000213623047,307.0
2024-10-25 12:57:00+00:00,NTNX,62.17499923706055,62.17499923706055,62.17499923706055,62.15999984741211,62.15999984741211,493.0
2024-10-25 12:57:00+00:00,NVDA,143.26010131835938,143.26010131835938,143.29910278320312,143.22999572753906,143.2899932861328,228906.0
2024-10-25 12:57:00+00:00,NVEI,33.525001525878906,33.525001525878906,33.525001525878906,33.525001525878906,33.525001525878906,474.0
2024-10-25 12:57:00+00:00,NVTS,2.5999999046325684,2.5999999046325684,2.5999999046325684,2.5999999046325684,2.5999999046325684,411.0
2024-10-25 12:57:00+00:00,NXPI,245.72000122070312,245.72000122070312,245.75,245.7100067138672,245.75,1347.0
2024-10-25 12:57:00+00:00,OKTA,72.43000030517578,72.43000030517578,72.45999908447266,72.43000030517578,72.45999908447266,1233.0
2024-10-25 12:57:00+00:00,OLED,204.05999755859375,204.05999755859375,204.11000061035156,203.83999633789062,203.83999633789062,4795.0
2024-10-25 12:57:00+00:00,ON,72.04499816894531,72.04499816894531,72.13999938964844,72.04499816894531,72.08000183105469,18161.0
2024-10-25 12:57:00+00:00,PEGA,80.51499938964844,80.51499938964844,80.53500366210938,80.4800033569336,80.4800033569336,6377.0
2024-10-25 12:57:00+00:00,PGY,11.824999809265137,11.824999809265137,11.850000381469727,11.824999809265137,11.850000381469727,2377.0
2024-10-25 12:57:00+00:00,PHUN,10.180100440979004,10.180100440979004,10.199999809265137,10.180100440979004,10.199999809265137,13078.0
2024-10-25 12:57:00+00:00,PI,204.3699951171875,204.3699951171875,204.3699951171875,204.3699951171875,204.3699951171875,1245.0
2024-10-25 12:57:00+00:00,POET,3.885999917984009,3.885999917984009,3.8940000534057617,3.885999917984009,3.890000104904175,5897.0
2024-10-25 12:57:00+00:00,PTC,187.11500549316406,187.11500549316406,187.1199951171875,187.11500549316406,187.1199951171875,425.0
2024-10-25 12:57:00+00:00,PUBM,14.842000007629395,14.842000007629395,14.842000007629395,14.842000007629395,14.842000007629395,940.0
2024-10-25 12:57:00+00:00,QCOM,172.81500244140625,172.81500244140625,172.8300018310547,172.75999450683594,172.77000427246094,5867.0
2024-10-25 12:57:00+00:00,QLYS,120.3550033569336,120.3550033569336,120.3550033569336,120.33999633789062,120.33999633789062,974.0
2024-10-25 12:57:00+00:00,QRVO,100.59500122070312,100.59500122070312,100.59500122070312,100.59500122070312,100.59500122070312,469.0
2024-10-25 12:57:00+00:00,QUBT,1.0750000476837158,1.0750000476837158,1.0799000263214111,1.0750000476837158,1.0799000263214111,800.0
2024-10-25 12:57:00+00:00,REKR,1.0950000286102295,1.0950000286102295,1.100000023841858,1.0950000286102295,1.100000023841858,145.0
2024-10-25 12:57:00+00:00,RELL,14.0600004196167,14.0600004196167,14.0600004196167,14.0600004196167,14.0600004196167,222.0
2024-10-25 12:57:00+00:00,RGTI,1.2200000286102295,1.2200000286102295,1.2200000286102295,1.207900047302246,1.2094999551773071,39547.0
2024-10-25 12:57:00+00:00,RIOT,10.01449966430664,10.01449966430664,10.029999732971191,10.010299682617188,10.024999618530273,30493.0
2024-10-25 12:57:00+00:00,RMBS,43.66999816894531,43.66999816894531,43.66999816894531,43.66999816894531,43.66999816894531,1123.0
2024-10-25 12:57:00+00:00,RUM,5.734000205993652,5.734000205993652,5.738900184631348,5.730000019073486,5.730000019073486,5014.0
2024-10-25 12:57:00+00:00,RUN,14.3100004196167,14.3100004196167,14.3149995803833,14.3100004196167,14.3100004196167,2986.0
2024-10-25 12:57:00+00:00,SATS,25.1200008392334,25.1200008392334,25.1200008392334,25.1200008392334,25.1200008392334,623.0
2024-10-25 12:57:00+00:00,SEDG,16.049999237060547,16.049999237060547,16.070999145507812,16.049999237060547,16.059999465942383,11097.0
2024-10-25 12:57:00+00:00,SHLS,5.280099868774414,5.280099868774414,5.284999847412109,5.28000020980835,5.28000020980835,6587.0
2024-10-25 12:57:00+00:00,SMCI,47.66600036621094,47.66600036621094,47.720001220703125,47.63999938964844,47.709999084472656,87205.0
2024-10-25 12:57:00+00:00,SMTC,45.915000915527344,45.915000915527344,45.91999816894531,45.88999938964844,45.88999938964844,2311.0
2024-10-25 12:57:00+00:00,SNPS,504.03228759765625,504.03228759765625,504.03228759765625,504.03228759765625,504.03228759765625,549.0
2024-10-25 12:57:00+00:00,SOUN,5.244999885559082,5.244999885559082,5.25,5.239999771118164,5.249899864196777,18453.0
2024-10-25 12:57:00+00:00,SPSC,171.4949951171875,171.4949951171875,171.61000061035156,171.4949951171875,171.61000061035156,1394.0
2024-10-25 12:57:00+00:00,SRAD,12.380000114440918,12.380000114440918,12.380000114440918,12.380000114440918,12.380000114440918,580.0
2024-10-25 12:57:00+00:00,SSNC,69.62000274658203,69.62000274658203,69.63500213623047,69.62000274658203,69.63500213623047,3521.0
2024-10-25 12:57:00+00:00,SSYS,7.110000133514404,7.110000133514404,7.110000133514404,7.110000133514404,7.110000133514404,563.0
2024-10-25 12:57:00+00:00,STNE,11.515000343322754,11.515000343322754,11.515000343322754,11.515000343322754,11.515000343322754,104.0
2024-10-25 12:57:00+00:00,STX,104.06999969482422,104.06999969482422,104.06999969482422,104.06500244140625,104.06999969482422,849.0
2024-10-25 12:57:00+00:00,SWKS,96.61250305175781,96.61250305175781,96.61250305175781,96.5999984741211,96.5999984741211,762.0
2024-10-25 12:57:00+00:00,SYTA,1.2700999975204468,1.2700999975204468,1.274999976158142,1.2700999975204468,1.2700999975204468,2334.0
2024-10-25 12:57:00+00:00,TACT,4.164999961853027,4.164999961853027,4.164999961853027,4.164999961853027,4.164999961853027,200.0
2024-10-25 12:57:00+00:00,TENB,41.595001220703125,41.595001220703125,41.595001220703125,41.595001220703125,41.595001220703125,630.0
2024-10-25 12:57:00+00:00,TER,113.09500122070312,113.09500122070312,113.11000061035156,113.04000091552734,113.04000091552734,2968.0
2024-10-25 12:57:00+00:00,TLS,3.6600000858306885,3.6600000858306885,3.6600000858306885,3.6600000858306885,3.6600000858306885,183.0
2024-10-25 12:57:00+00:00,TRMB,61.099998474121094,61.099998474121094,61.099998474121094,61.099998474121094,61.099998474121094,692.0
2024-10-25 12:57:00+00:00,TSEM,45.22999954223633,45.22999954223633,45.22999954223633,45.22999954223633,45.22999954223633,1745.0
2024-10-25 12:57:00+00:00,TTMI,19.540000915527344,19.540000915527344,19.560199737548828,19.540000915527344,19.560199737548828,1962.0
2024-10-25 12:57:00+00:00,TWKS,4.449999809265137,4.449999809265137,4.457499980926514,4.449999809265137,4.449999809265137,910.0
2024-10-25 12:57:00+00:00,TXN,209.22999572753906,209.22999572753906,209.22999572753906,209.19000244140625,209.19000244140625,3847.0
2024-10-25 12:57:00+00:00,UCTT,36.060001373291016,36.060001373291016,36.060001373291016,36.04499816894531,36.04499816894531,1606.0
2024-10-25 12:57:00+00:00,VECO,29.575000762939453,29.575000762939453,29.575000762939453,29.575000762939453,29.575000762939453,679.0
2024-10-25 12:57:00+00:00,VERI,3.4200000762939453,3.4200000762939453,3.4200000762939453,3.4200000762939453,3.4200000762939453,702.0
2024-10-25 12:57:00+00:00,VIAV,9.246500015258789,9.246500015258789,9.246500015258789,9.244999885559082,9.244999885559082,1261.0
2024-10-25 12:57:00+00:00,VMEO,4.771699905395508,4.771699905395508,4.771699905395508,4.769999980926514,4.769999980926514,2403.0
2024-10-25 12:57:00+00:00,VOXX,7.679999828338623,7.679999828338623,7.679999828338623,7.679999828338623,7.679999828338623,183.0
2024-10-25 12:57:00+00:00,VRNS,56.939998626708984,56.939998626708984,56.9900016784668,56.939998626708984,56.96500015258789,1095.0
2024-10-25 12:57:00+00:00,VSAT,10.380000114440918,10.380000114440918,10.380000114440918,10.380000114440918,10.380000114440918,1141.0
2024-10-25 12:57:00+00:00,VUZI,1.309999942779541,1.309999942779541,1.309999942779541,1.309999942779541,1.309999942779541,502.0
2024-10-25 12:57:00+00:00,WDC,71.11000061035156,71.11000061035156,71.12000274658203,71.02999877929688,71.12000274658203,11562.0
2024-10-25 12:57:00+00:00,WISA,1.9509999752044678,1.9509999752044678,1.9700000286102295,1.9500000476837158,1.9657000303268433,4694.0
2024-10-25 12:57:00+00:00,WIX,165.52000427246094,165.52000427246094,165.52000427246094,165.52000427246094,165.52000427246094,237.0
2024-10-25 12:57:00+00:00,XPER,9.414999961853027,9.414999961853027,9.414999961853027,9.414999961853027,9.414999961853027,173.0
2024-10-25 12:57:00+00:00,XRX,10.029999732971191,10.029999732971191,10.029999732971191,10.029999732971191,10.029999732971191,2917.0
2024-10-25 12:57:00+00:00,ZBRA,362.3999938964844,362.3999938964844,363.0400085449219,362.3699951171875,362.93499755859375,8184.0
2024-10-25 12:57:00+00:00,ZM,73.1500015258789,73.1500015258789,73.1500015258789,73.1500015258789,73.1500015258789,800.0
2024-10-25 12:57:00+00:00,ZS,185.99000549316406,185.99000549316406,186.03709411621094,185.72999572753906,185.72999572753906,1184.0
2024-10-25 12:58:00+00:00,AAOI,17.83799934387207,17.83799934387207,17.850000381469727,17.81999969482422,17.850000381469727,2975.0
2024-10-25 12:58:00+00:00,AAPL,232.7740020751953,232.7740020751953,232.7899932861328,232.74000549316406,232.76010131835938,21556.0
2024-10-25 12:58:00+00:00,ACIW,48.849998474121094,48.849998474121094,48.880001068115234,48.849998474121094,48.880001068115234,3230.0
2024-10-25 12:58:00+00:00,ACMR,19.889999389648438,19.889999389648438,19.889999389648438,19.889999389648438,19.889999389648438,141.0
2024-10-25 12:58:00+00:00,ADBE,485.68798828125,485.68798828125,485.68798828125,485.5849914550781,485.5849914550781,839.0
2024-10-25 12:58:00+00:00,ADI,233.66000366210938,233.66000366210938,233.6999969482422,233.65499877929688,233.65499877929688,1815.0
2024-10-25 12:58:00+00:00,AEHR,17.21500015258789,17.21500015258789,17.230300903320312,17.200700759887695,17.229999542236328,2148.0
2024-10-25 12:58:00+00:00,AFRM,41.68000030517578,41.68000030517578,41.68009948730469,41.68000030517578,41.68009948730469,2737.0
2024-10-25 12:58:00+00:00,AGYS,111.1780014038086,111.1780014038086,111.1780014038086,111.1780014038086,111.1780014038086,650.0
2024-10-25 12:58:00+00:00,AKAM,102.63500213623047,102.63500213623047,102.63500213623047,102.63500213623047,102.63500213623047,225.0
2024-10-25 12:58:00+00:00,AKTS,0.057100001722574234,0.057100001722574234,0.057100001722574234,0.057100001722574234,0.057100001722574234,4317.0
2024-10-25 12:58:00+00:00,ALGM,22.969999313354492,22.969999313354492,22.989999771118164,22.969999313354492,22.969999313354492,6026.0
2024-10-25 12:58:00+00:00,ALKT,38.17499923706055,38.17499923706055,38.17499923706055,38.17499923706055,38.17499923706055,675.0
2024-10-25 12:58:00+00:00,ALRM,54.595001220703125,54.595001220703125,54.61000061035156,54.58000183105469,54.58000183105469,1102.0
2024-10-25 12:58:00+00:00,AMAT,188.8249969482422,188.8249969482422,188.83999633789062,188.82000732421875,188.82000732421875,2643.0
2024-10-25 12:58:00+00:00,AMD,158.06539916992188,158.06539916992188,158.0800018310547,158.03160095214844,158.0399932861328,11545.0
2024-10-25 12:58:00+00:00,ANY,1.059999942779541,1.059999942779541,1.059999942779541,1.059999942779541,1.059999942779541,3379.0
2024-10-25 12:58:00+00:00,API,2.865000009536743,2.865000009536743,2.865000009536743,2.865000009536743,2.865000009536743,4663.0
2024-10-25 12:58:00+00:00,APP,161.852294921875,161.852294921875,161.852294921875,161.6999969482422,161.6999969482422,648.0
2024-10-25 12:58:00+00:00,APPF,214.9250030517578,214.9250030517578,214.94000244140625,214.9250030517578,214.94000244140625,1220.0
2024-10-25 12:58:00+00:00,APPS,3.0840001106262207,3.0840001106262207,3.0840001106262207,3.0840001106262207,3.0840001106262207,666.0
2024-10-25 12:58:00+00:00,ARQQ,6.9781999588012695,6.9781999588012695,6.9781999588012695,6.9781999588012695,6.9781999588012695,351.0
2024-10-25 12:58:00+00:00,ARRY,6.480000019073486,6.480000019073486,6.489999771118164,6.480000019073486,6.489999771118164,2371.0
2024-10-25 12:58:00+00:00,ASML,719.1699829101562,719.1699829101562,719.1699829101562,718.9600219726562,718.9600219726562,1220.0
2024-10-25 12:58:00+00:00,ASUR,9.609999656677246,9.609999656677246,9.609999656677246,9.609999656677246,9.609999656677246,351.0
2024-10-25 12:58:00+00:00,AUR,6.446000099182129,6.446000099182129,6.446000099182129,6.440000057220459,6.445000171661377,2029.0
2024-10-25 12:58:00+00:00,AVDX,8.135000228881836,8.135000228881836,8.135000228881836,8.135000228881836,8.135000228881836,285.0
2024-10-25 12:58:00+00:00,AVGO,175.6999969482422,175.6999969482422,175.7100067138672,175.6699981689453,175.67999267578125,10030.0
2024-10-25 12:58:00+00:00,AVT,54.02000045776367,54.02000045776367,54.02000045776367,54.02000045776367,54.02000045776367,1195.0
2024-10-25 12:58:00+00:00,BAND,17.649999618530273,17.649999618530273,17.68000030517578,17.649999618530273,17.68000030517578,2396.0
2024-10-25 12:58:00+00:00,BCOV,2.255000114440918,2.255000114440918,2.255000114440918,2.255000114440918,2.255000114440918,241.0
2024-10-25 12:58:00+00:00,BMBL,7.215000152587891,7.215000152587891,7.215000152587891,7.215000152587891,7.215000152587891,1167.0
2024-10-25 12:58:00+00:00,BSY,49.125,49.125,49.13010025024414,49.125,49.13010025024414,998.0
2024-10-25 12:58:00+00:00,CDNS,259.7049865722656,259.7049865722656,259.75,259.6700134277344,259.75,3012.0
2024-10-25 12:58:00+00:00,CDW,219.88999938964844,219.88999938964844,219.88999938964844,219.82000732421875,219.82000732421875,207.0
2024-10-25 12:58:00+00:00,CETX,0.3098999857902527,0.3098999857902527,0.3098999857902527,0.30559998750686646,0.30559998750686646,13900.0
2024-10-25 12:58:00+00:00,CFLT,22.514999389648438,22.514999389648438,22.520000457763672,22.5,22.520000457763672,4553.0
2024-10-25 12:58:00+00:00,CGNX,38.95500183105469,38.95500183105469,38.959999084472656,38.95000076293945,38.95000076293945,2086.0
2024-10-25 12:58:00+00:00,CLBT,18.162200927734375,18.162200927734375,18.162200927734375,18.162200927734375,18.162200927734375,954.0
2024-10-25 12:58:00+00:00,CLSK,11.875,11.875,11.90999984741211,11.871500015258789,11.899999618530273,16862.0
2024-10-25 12:58:00+00:00,COHR,96.07990264892578,96.07990264892578,96.07990264892578,95.79000091552734,95.79000091552734,6453.0
2024-10-25 12:58:00+00:00,COIN,209.69000244140625,209.69000244140625,209.889892578125,209.66000366210938,209.85000610351562,3066.0
2024-10-25 12:58:00+00:00,COMM,6.295000076293945,6.295000076293945,6.295000076293945,6.295000076293945,6.295000076293945,359.0
2024-10-25 12:58:00+00:00,CORZ,13.375,13.375,13.380000114440918,13.369999885559082,13.380000114440918,7837.0
2024-10-25 12:58:00+00:00,CRCT,6.59499979019165,6.59499979019165,6.59499979019165,6.590000152587891,6.590000152587891,294.0
2024-10-25 12:58:00+00:00,CRDO,39.685001373291016,39.685001373291016,39.685001373291016,39.685001373291016,39.685001373291016,214.0
2024-10-25 12:58:00+00:00,CRNC,2.869800090789795,2.869800090789795,2.869800090789795,2.859999895095825,2.859999895095825,677.0
2024-10-25 12:58:00+00:00,CRSR,6.385000228881836,6.385000228881836,6.400000095367432,6.385000228881836,6.400000095367432,2988.0
2024-10-25 12:58:00+00:00,CRUS,123.66999816894531,123.66999816894531,123.7300033569336,123.66000366210938,123.7300033569336,811.0
2024-10-25 12:58:00+00:00,CRWD,300.51800537109375,300.51800537109375,300.51800537109375,299.82000732421875,300.3616943359375,20180.0
2024-10-25 12:58:00+00:00,CSCO,55.974998474121094,55.974998474121094,55.97999954223633,55.97019958496094,55.97600173950195,4127.0
2024-10-25 12:58:00+00:00,CTSH,74.86000061035156,74.86000061035156,74.87999725341797,74.86000061035156,74.87000274658203,899.0
2024-10-25 12:58:00+00:00,DAKT,13.104999542236328,13.104999542236328,13.109999656677246,13.100000381469727,13.100000381469727,1623.0
2024-10-25 12:58:00+00:00,DATS,1.6484999656677246,1.6484999656677246,1.6484999656677246,1.6399999856948853,1.6399999856948853,1731.0
2024-10-25 12:58:00+00:00,DBX,26.049999237060547,26.049999237060547,26.049999237060547,26.045000076293945,26.049999237060547,4576.0
2024-10-25 12:58:00+00:00,DDOG,127.30000305175781,127.30000305175781,127.30000305175781,127.21499633789062,127.22000122070312,8787.0
2024-10-25 12:58:00+00:00,DLO,8.899999618530273,8.899999618530273,8.899999618530273,8.899900436401367,8.899900436401367,1343.0
2024-10-25 12:58:00+00:00,DOCU,69.88999938964844,69.88999938964844,69.88999938964844,69.87999725341797,69.87999725341797,2878.0
2024-10-25 12:58:00+00:00,DUOL,290.05999755859375,290.05999755859375,290.05999755859375,290.05999755859375,290.05999755859375,229.0
2024-10-25 12:58:00+00:00,ENPH,82.91999816894531,82.91999816894531,82.91999816894531,82.9000015258789,82.9000015258789,2840.0
2024-10-25 12:58:00+00:00,ENTG,106.05999755859375,106.05999755859375,106.05999755859375,106.05999755859375,106.05999755859375,677.0
2024-10-25 12:58:00+00:00,ERIC,8.479999542236328,8.479999542236328,8.479999542236328,8.479999542236328,8.479999542236328,10632.0
2024-10-25 12:58:00+00:00,EXFY,1.725000023841858,1.725000023841858,1.725000023841858,1.7246999740600586,1.7246999740600586,3406.0
2024-10-25 12:58:00+00:00,EXLS,38.91640090942383,38.91640090942383,38.91640090942383,38.91640090942383,38.91640090942383,348.0
2024-10-25 12:58:00+00:00,EXTR,14.470000267028809,14.470000267028809,14.470000267028809,14.454999923706055,14.454999923706055,1036.0
2024-10-25 12:58:00+00:00,FFIV,216.6300048828125,216.6300048828125,216.6300048828125,216.6300048828125,216.6300048828125,593.0
2024-10-25 12:58:00+00:00,FIVN,29.940000534057617,29.940000534057617,29.940000534057617,29.922300338745117,29.922300338745117,3184.0
2024-10-25 12:58:00+00:00,FLEX,35.2599983215332,35.2599983215332,35.26499938964844,35.2599983215332,35.2599983215332,1414.0
2024-10-25 12:58:00+00:00,FLYW,17.450000762939453,17.450000762939453,17.459999084472656,17.450000762939453,17.459999084472656,1558.0
2024-10-25 12:58:00+00:00,FROG,29.3700008392334,29.3700008392334,29.3799991607666,29.3700008392334,29.375,803.0
2024-10-25 12:58:00+00:00,FRSH,11.654999732971191,11.654999732971191,11.654999732971191,11.650199890136719,11.650199890136719,8191.0
2024-10-25 12:58:00+00:00,FSLR,198.4600067138672,198.4600067138672,198.51260375976562,198.31869506835938,198.51260375976562,1173.0
2024-10-25 12:58:00+00:00,FTFT,0.310699999332428,0.310699999332428,0.3230000138282776,0.310699999332428,0.3230000138282776,22699.0
2024-10-25 12:58:00+00:00,FTNT,81.08999633789062,81.08999633789062,81.08999633789062,81.07499694824219,81.07499694824219,567.0
2024-10-25 12:58:00+00:00,GCT,24.829999923706055,24.829999923706055,24.851999282836914,24.829999923706055,24.851999282836914,1454.0
2024-10-25 12:58:00+00:00,GDS,21.610000610351562,21.610000610351562,21.610000610351562,21.600000381469727,21.600000381469727,974.0
2024-10-25 12:58:00+00:00,GDYN,15.569999694824219,15.569999694824219,15.569999694824219,15.569999694824219,15.569999694824219,361.0
2024-10-25 12:58:00+00:00,GFS,41.22999954223633,41.22999954223633,41.22999954223633,41.22999954223633,41.22999954223633,649.0
2024-10-25 12:58:00+00:00,GTLB,55.349998474121094,55.349998474121094,55.36180114746094,55.31999969482422,55.31999969482422,1050.0
2024-10-25 12:58:00+00:00,HCP,33.66999816894531,33.66999816894531,33.66999816894531,33.66999816894531,33.66999816894531,1169.0
2024-10-25 12:58:00+00:00,HIMX,6.184999942779541,6.184999942779541,6.184999942779541,6.184999942779541,6.184999942779541,563.0
2024-10-25 12:58:00+00:00,HOLO,3.630000114440918,3.630000114440918,3.640000104904175,3.630000114440918,3.630000114440918,1098.0
2024-10-25 12:58:00+00:00,HOOD,27.309999465942383,27.309999465942383,27.31999969482422,27.30500030517578,27.315000534057617,8708.0
2024-10-25 12:58:00+00:00,INDI,3.565000057220459,3.565000057220459,3.565000057220459,3.565000057220459,3.565000057220459,1074.0
2024-10-25 12:58:00+00:00,INOD,20.264999389648438,20.264999389648438,20.264999389648438,20.264999389648438,20.264999389648438,294.0
2024-10-25 12:58:00+00:00,INTC,23.132699966430664,23.132699966430664,23.139999389648438,23.1299991607666,23.134000778198242,19968.0
2024-10-25 12:58:00+00:00,INTU,611.6699829101562,611.6699829101562,611.9099731445312,611.6300048828125,611.9099731445312,1835.0
2024-10-25 12:58:00+00:00,KC,2.720900058746338,2.720900058746338,2.720900058746338,2.720900058746338,2.720900058746338,1172.0
2024-10-25 12:58:00+00:00,KLAC,682.25,682.25,682.25,682.0650024414062,682.0650024414062,314.0
2024-10-25 12:58:00+00:00,KOSS,7.373000144958496,7.373000144958496,7.373000144958496,7.373000144958496,7.373000144958496,126.0
2024-10-25 12:58:00+00:00,LINK,4.969799995422363,4.969799995422363,4.969799995422363,4.940000057220459,4.940000057220459,7964.0
2024-10-25 12:58:00+00:00,LITE,64.29499816894531,64.29499816894531,64.29499816894531,64.19000244140625,64.19000244140625,2498.0
2024-10-25 12:58:00+00:00,LOGI,81.06500244140625,81.06500244140625,81.06500244140625,81.01000213623047,81.0199966430664,2488.0
2024-10-25 12:58:00+00:00,LPSN,1.1799999475479126,1.1799999475479126,1.1799999475479126,1.1799999475479126,1.1799999475479126,2300.0
2024-10-25 12:58:00+00:00,LRCX,79.26429748535156,79.26429748535156,79.27799987792969,79.2300033569336,79.2300033569336,10019.0
2024-10-25 12:58:00+00:00,LSCC,54.587501525878906,54.587501525878906,54.587501525878906,54.587501525878906,54.587501525878906,1800.0
2024-10-25 12:58:00+00:00,LTRX,4.037899971008301,4.037899971008301,4.037899971008301,4.037899971008301,4.037899971008301,624.0
2024-10-25 12:58:00+00:00,LYFT,13.734999656677246,13.734999656677246,13.75,13.734999656677246,13.744999885559082,21261.0
2024-10-25 12:58:00+00:00,MANH,276.0899963378906,276.0899963378906,276.0899963378906,275.760009765625,275.760009765625,1383.0
2024-10-25 12:58:00+00:00,MCHP,77.2300033569336,77.2300033569336,77.23999786376953,77.20999908447266,77.22000122070312,4161.0
2024-10-25 12:58:00+00:00,MIND,3.5339999198913574,3.5339999198913574,3.5339999198913574,3.5339999198913574,3.5339999198913574,1998.0
2024-10-25 12:58:00+00:00,MKSI,101.48500061035156,101.48500061035156,101.48500061035156,101.4800033569336,101.4800033569336,504.0
2024-10-25 12:58:00+00:00,MKTW,0.582099974155426,0.582099974155426,0.582099974155426,0.582099974155426,0.582099974155426,1526.0
2024-10-25 12:58:00+00:00,MNDY,298.875,298.875,298.875,298.875,298.875,114.0
2024-10-25 12:58:00+00:00,MPWR,924.0800170898438,924.0800170898438,924.0800170898438,924.0800170898438,924.0800170898438,847.0
2024-10-25 12:58:00+00:00,MQ,5.275000095367432,5.275000095367432,5.275000095367432,5.275000095367432,5.275000095367432,1345.0
2024-10-25 12:58:00+00:00,MRVL,83.3239974975586,83.3239974975586,83.33000183105469,83.27999877929688,83.27999877929688,5413.0
2024-10-25 12:58:00+00:00,MSFT,430.4960021972656,430.4960021972656,430.5400085449219,430.3699951171875,430.4800109863281,11032.0
2024-10-25 12:58:00+00:00,MSTR,240.58230590820312,240.58230590820312,240.69000244140625,240.3350067138672,240.49000549316406,17705.0
2024-10-25 12:58:00+00:00,MTSI,120.94999694824219,120.94999694824219,120.94999694824219,120.94000244140625,120.94000244140625,285.0
2024-10-25 12:58:00+00:00,MTTR,4.614999771118164,4.614999771118164,4.614999771118164,4.614999771118164,4.614999771118164,335.0
2024-10-25 12:58:00+00:00,MU,108.94999694824219,108.94999694824219,108.96499633789062,108.91500091552734,108.91799926757812,8989.0
2024-10-25 12:58:00+00:00,MVIS,1.090000033378601,1.090000033378601,1.0950000286102295,1.090000033378601,1.090000033378601,7710.0
2024-10-25 12:58:00+00:00,MXL,15.050000190734863,15.050000190734863,15.050000190734863,15.050000190734863,15.050000190734863,1235.0
2024-10-25 12:58:00+00:00,NCNO,37.790000915527344,37.790000915527344,37.790000915527344,37.779998779296875,37.779998779296875,1707.0
2024-10-25 12:58:00+00:00,NTAP,120.21499633789062,120.21499633789062,120.2699966430664,120.21499633789062,120.26000213623047,1956.0
2024-10-25 12:58:00+00:00,NTGR,20.31999969482422,20.31999969482422,20.31999969482422,20.31999969482422,20.31999969482422,369.0
2024-10-25 12:58:00+00:00,NTNX,62.209999084472656,62.209999084472656,62.209999084472656,62.189998626708984,62.189998626708984,1855.0
2024-10-25 12:58:00+00:00,NVDA,143.3258056640625,143.3258056640625,143.35000610351562,143.26890563964844,143.27000427246094,171790.0
2024-10-25 12:58:00+00:00,NVMI,184.8300018310547,184.8300018310547,184.8300018310547,184.58999633789062,184.58999633789062,401.0
2024-10-25 12:58:00+00:00,NVTS,2.6050000190734863,2.6050000190734863,2.6050000190734863,2.6050000190734863,2.6050000190734863,101.0
2024-10-25 12:58:00+00:00,NXPI,245.7100067138672,245.7100067138672,245.77000427246094,245.7100067138672,245.77000427246094,1029.0
2024-10-25 12:58:00+00:00,OKTA,72.41999816894531,72.41999816894531,72.41999816894531,72.41000366210938,72.41000366210938,1129.0
2024-10-25 12:58:00+00:00,ON,72.02999877929688,72.02999877929688,72.05999755859375,72.02999877929688,72.04000091552734,6875.0
2024-10-25 12:58:00+00:00,OSIS,134.82000732421875,134.82000732421875,134.82000732421875,134.82000732421875,134.82000732421875,425.0
2024-10-25 12:58:00+00:00,PANW,369.0799865722656,369.0799865722656,369.32501220703125,369.0799865722656,369.32501220703125,1502.0
2024-10-25 12:58:00+00:00,PAYO,8.305000305175781,8.305000305175781,8.305000305175781,8.305000305175781,8.305000305175781,808.0
2024-10-25 12:58:00+00:00,PAYS,3.75,3.75,3.75,3.75,3.75,805.0
2024-10-25 12:58:00+00:00,PDFS,29.469999313354492,29.469999313354492,29.530000686645508,29.469999313354492,29.530000686645508,1114.0
2024-10-25 12:58:00+00:00,PEGY,4.715400218963623,4.715400218963623,4.715400218963623,4.715400218963623,4.715400218963623,80.0
2024-10-25 12:58:00+00:00,PHUN,10.210000038146973,10.210000038146973,10.227999687194824,10.18120002746582,10.18120002746582,17371.0
2024-10-25 12:58:00+00:00,PI,204.52000427246094,204.52000427246094,204.52000427246094,204.5,204.5,1700.0
2024-10-25 12:58:00+00:00,POET,3.890000104904175,3.890000104904175,3.890000104904175,3.890000104904175,3.890000104904175,1809.0
2024-10-25 12:58:00+00:00,PRCH,1.3200000524520874,1.3200000524520874,1.3200000524520874,1.3200000524520874,1.3200000524520874,401.0
2024-10-25 12:58:00+00:00,PRGS,64.80000305175781,64.80000305175781,64.80000305175781,64.80000305175781,64.80000305175781,1040.0
2024-10-25 12:58:00+00:00,PRSO,1.7698999643325806,1.7698999643325806,1.7698999643325806,1.7698999643325806,1.7698999643325806,0.0
2024-10-25 12:58:00+00:00,PTC,187.0800018310547,187.0800018310547,187.11500549316406,187.0800018310547,187.11500549316406,2582.0
2024-10-25 12:58:00+00:00,PYCR,14.344200134277344,14.344200134277344,14.344200134277344,14.344200134277344,14.344200134277344,967.0
2024-10-25 12:58:00+00:00,QCOM,172.7899932861328,172.7899932861328,172.8300018310547,172.77499389648438,172.8300018310547,6573.0
2024-10-25 12:58:00+00:00,QRVO,100.62000274658203,100.62000274658203,100.62000274658203,100.61000061035156,100.61000061035156,1218.0
2024-10-25 12:58:00+00:00,QUBT,1.0800000429153442,1.0800000429153442,1.0800000429153442,1.0800000429153442,1.0800000429153442,100.0
2024-10-25 12:58:00+00:00,QUIK,8.640000343322754,8.640000343322754,8.640000343322754,8.640000343322754,8.640000343322754,294.0
2024-10-25 12:58:00+00:00,RGTI,1.2101000547409058,1.2101000547409058,1.2200000286102295,1.2100000381469727,1.219499945640564,9980.0
2024-10-25 12:58:00+00:00,RIOT,10.009900093078613,10.009900093078613,10.015000343322754,10.0,10.015000343322754,29896.0
2024-10-25 12:58:00+00:00,RMBS,43.65010070800781,43.65010070800781,43.689998626708984,43.65010070800781,43.689998626708984,447.0
2024-10-25 12:58:00+00:00,RMNI,1.725000023841858,1.725000023841858,1.725000023841858,1.725000023841858,1.725000023841858,1010.0
2024-10-25 12:58:00+00:00,RPAY,7.590000152587891,7.590000152587891,7.590000152587891,7.590000152587891,7.590000152587891,278.0
2024-10-25 12:58:00+00:00,RUN,14.319899559020996,14.319899559020996,14.324999809265137,14.3100004196167,14.3149995803833,9263.0
2024-10-25 12:58:00+00:00,RXT,2.537600040435791,2.537600040435791,2.537600040435791,2.537600040435791,2.537600040435791,1376.0
2024-10-25 12:58:00+00:00,SATS,25.06999969482422,25.06999969482422,25.11949920654297,25.06999969482422,25.110000610351562,3285.0
2024-10-25 12:58:00+00:00,SCWX,8.380000114440918,8.380000114440918,8.380000114440918,8.380000114440918,8.380000114440918,618.0
2024-10-25 12:58:00+00:00,SEDG,16.049999237060547,16.049999237060547,16.09000015258789,16.049999237060547,16.06999969482422,4262.0
2024-10-25 12:58:00+00:00,SHLS,5.28000020980835,5.28000020980835,5.283999919891357,5.28000020980835,5.28000020980835,2009.0
2024-10-25 12:58:00+00:00,SLAB,115.54499816894531,115.54499816894531,115.54499816894531,115.54499816894531,115.54499816894531,515.0
2024-10-25 12:58:00+00:00,SMCI,47.68659973144531,47.68659973144531,47.699798583984375,47.66469955444336,47.66469955444336,23080.0
2024-10-25 12:58:00+00:00,SMTC,45.81999969482422,45.81999969482422,45.84000015258789,45.81999969482422,45.83000183105469,740.0
2024-10-25 12:58:00+00:00,SNPS,503.95001220703125,503.95001220703125,504.7200012207031,503.95001220703125,504.7200012207031,1363.0
2024-10-25 12:58:00+00:00,SONO,12.800100326538086,12.800100326538086,12.800100326538086,12.800100326538086,12.800100326538086,299.0
2024-10-25 12:58:00+00:00,SOUN,5.245100021362305,5.245100021362305,5.25,5.239999771118164,5.241499900817871,8494.0
2024-10-25 12:58:00+00:00,SPSC,171.875,171.875,171.875,171.875,171.875,315.0
2024-10-25 12:58:00+00:00,SPT,26.979999542236328,26.979999542236328,27.0,26.979999542236328,27.0,1500.0
2024-10-25 12:58:00+00:00,SSNC,69.62999725341797,69.62999725341797,69.62999725341797,69.61000061035156,69.62000274658203,4821.0
2024-10-25 12:58:00+00:00,STNE,11.511699676513672,11.511699676513672,11.515000343322754,11.511699676513672,11.515000343322754,1217.0
2024-10-25 12:58:00+00:00,STX,104.16999816894531,104.16999816894531,104.16999816894531,104.06999969482422,104.06999969482422,1850.0
2024-10-25 12:58:00+00:00,SWKS,96.61000061035156,96.61000061035156,96.61000061035156,96.60009765625,96.60009765625,2478.0
2024-10-25 12:58:00+00:00,SYTA,1.2699999809265137,1.2699999809265137,1.2700999975204468,1.2699999809265137,1.2699999809265137,10293.0
2024-10-25 12:58:00+00:00,TACT,4.164999961853027,4.164999961853027,4.164999961853027,4.164999961853027,4.164999961853027,1.0
2024-10-25 12:58:00+00:00,TEAM,190.3574981689453,190.3574981689453,190.44000244140625,190.33999633789062,190.44000244140625,2175.0
2024-10-25 12:58:00+00:00,TENB,41.56999969482422,41.56999969482422,41.61000061035156,41.55500030517578,41.58000183105469,1732.0
2024-10-25 12:58:00+00:00,TER,113.19000244140625,113.19000244140625,113.20999908447266,113.0999984741211,113.12999725341797,15371.0
2024-10-25 12:58:00+00:00,TLS,3.6600000858306885,3.6600000858306885,3.6600000858306885,3.6600000858306885,3.6600000858306885,200.0
2024-10-25 12:58:00+00:00,TTD,119.43000030517578,119.43000030517578,119.43000030517578,119.40640258789062,119.41000366210938,1397.0
2024-10-25 12:58:00+00:00,TTMI,19.540000915527344,19.540000915527344,19.540000915527344,19.540000915527344,19.540000915527344,360.0
2024-10-25 12:58:00+00:00,TWKS,4.449999809265137,4.449999809265137,4.454999923706055,4.449999809265137,4.449999809265137,2867.0
2024-10-25 12:58:00+00:00,TXN,209.22999572753906,209.22999572753906,209.22999572753906,209.16000366210938,209.16000366210938,5614.0
2024-10-25 12:58:00+00:00,UCTT,36.04010009765625,36.04010009765625,36.04010009765625,36.04010009765625,36.04010009765625,359.0
2024-10-25 12:58:00+00:00,VERI,3.4200000762939453,3.4200000762939453,3.4200000762939453,3.4200000762939453,3.4200000762939453,49.0
2024-10-25 12:58:00+00:00,VMEO,4.78000020980835,4.78000020980835,4.78000020980835,4.78000020980835,4.78000020980835,307.0
2024-10-25 12:58:00+00:00,VRNS,56.94499969482422,56.94499969482422,56.95000076293945,56.90999984741211,56.90999984741211,1127.0
2024-10-25 12:58:00+00:00,VSAT,10.380000114440918,10.380000114440918,10.380000114440918,10.380000114440918,10.380000114440918,281.0
2024-10-25 12:58:00+00:00,WDAY,239.47999572753906,239.47999572753906,239.5,239.47999572753906,239.5,773.0
2024-10-25 12:58:00+00:00,WDC,71.12999725341797,71.12999725341797,71.13999938964844,71.10279846191406,71.11000061035156,10279.0
2024-10-25 12:58:00+00:00,WISA,1.9692000150680542,1.9692000150680542,1.9692000150680542,1.9692000150680542,1.9692000150680542,577.0
2024-10-25 12:58:00+00:00,XRX,10.03499984741211,10.03499984741211,10.03499984741211,10.03499984741211,10.03499984741211,626.0
2024-10-25 12:58:00+00:00,ZBRA,362.32000732421875,362.32000732421875,362.5,362.32000732421875,362.32501220703125,2942.0
2024-10-25 12:58:00+00:00,ZI,10.5600004196167,10.5600004196167,10.5600004196167,10.5600004196167,10.5600004196167,298.0
2024-10-25 12:58:00+00:00,ZM,73.12999725341797,73.12999725341797,73.1500015258789,73.12999725341797,73.1500015258789,2084.0
2024-10-25 12:58:00+00:00,ZS,185.81500244140625,185.81500244140625,185.86000061035156,185.7100067138672,185.72999572753906,2814.0
2024-10-25 12:59:00+00:00,AAOI,17.879899978637695,17.879899978637695,17.879899978637695,17.860000610351562,17.860000610351562,1308.0
2024-10-25 12:59:00+00:00,AAPL,232.77999877929688,232.77999877929688,232.781005859375,232.75,232.77000427246094,18067.0
2024-10-25 12:59:00+00:00,ACIW,48.85499954223633,48.85499954223633,48.85499954223633,48.833499908447266,48.833499908447266,429.0
2024-10-25 12:59:00+00:00,ACMR,19.889999389648438,19.889999389648438,19.889999389648438,19.889999389648438,19.889999389648438,412.0
2024-10-25 12:59:00+00:00,ADBE,485.92999267578125,485.92999267578125,485.92999267578125,485.92999267578125,485.92999267578125,660.0
2024-10-25 12:59:00+00:00,AEHR,17.209999084472656,17.209999084472656,17.209999084472656,17.200000762939453,17.209999084472656,652.0
2024-10-25 12:59:00+00:00,AEYE,23.006500244140625,23.006500244140625,23.079999923706055,23.006500244140625,23.079999923706055,2279.0
2024-10-25 12:59:00+00:00,AFRM,41.698001861572266,41.698001861572266,41.70000076293945,41.689998626708984,41.689998626708984,1132.0
2024-10-25 12:59:00+00:00,AGYS,111.06999969482422,111.06999969482422,111.06999969482422,110.43000030517578,111.0,2637.0
2024-10-25 12:59:00+00:00,AIP,6.929999828338623,6.929999828338623,6.929999828338623,6.929999828338623,6.929999828338623,243.0
2024-10-25 12:59:00+00:00,AKAM,102.61000061035156,102.61000061035156,102.64790344238281,102.61000061035156,102.63500213623047,1769.0
2024-10-25 12:59:00+00:00,ALGM,22.959999084472656,22.959999084472656,22.969999313354492,22.950000762939453,22.969999313354492,4079.0
2024-10-25 12:59:00+00:00,ALKT,38.20000076293945,38.20000076293945,38.20000076293945,38.20000076293945,38.20000076293945,312.0
2024-10-25 12:59:00+00:00,ALTR,103.67500305175781,103.67500305175781,103.69999694824219,103.67500305175781,103.69999694824219,965.0
2024-10-25 12:59:00+00:00,AMAT,188.70899963378906,188.70899963378906,188.8249969482422,188.67599487304688,188.8249969482422,4504.0
2024-10-25 12:59:00+00:00,AMD,157.99169921875,157.99169921875,158.08900451660156,157.97999572753906,158.0800018310547,20153.0
2024-10-25 12:59:00+00:00,AMKR,30.09000015258789,30.09000015258789,30.09000015258789,30.09000015258789,30.09000015258789,268.0
2024-10-25 12:59:00+00:00,ANSS,325.8999938964844,325.8999938964844,325.8999938964844,325.8999938964844,325.8999938964844,526.0
2024-10-25 12:59:00+00:00,APP,161.81500244140625,161.81500244140625,161.8800048828125,161.7949981689453,161.7949981689453,1545.0
2024-10-25 12:59:00+00:00,APPF,214.86000061035156,214.86000061035156,214.86000061035156,214.72000122070312,214.72000122070312,478.0
2024-10-25 12:59:00+00:00,APPS,3.0850000381469727,3.0850000381469727,3.0850000381469727,3.0850000381469727,3.0850000381469727,760.0
2024-10-25 12:59:00+00:00,ARBE,1.850000023841858,1.850000023841858,1.850000023841858,1.850000023841858,1.850000023841858,1079.0
2024-10-25 12:59:00+00:00,ARRY,6.46999979019165,6.46999979019165,6.479899883270264,6.460000038146973,6.465000152587891,31209.0
2024-10-25 12:59:00+00:00,ASML,719.02001953125,719.02001953125,719.02001953125,719.02001953125,719.02001953125,461.0
2024-10-25 12:59:00+00:00,AUR,6.454999923706055,6.454999923706055,6.458000183105469,6.445000171661377,6.445000171661377,8605.0
2024-10-25 12:59:00+00:00,AVDX,8.135000228881836,8.135000228881836,8.135000228881836,8.135000228881836,8.135000228881836,1521.0
2024-10-25 12:59:00+00:00,AVGO,175.7100067138672,175.7100067138672,175.74000549316406,175.67999267578125,175.73109436035156,12033.0
2024-10-25 12:59:00+00:00,AVPT,11.989999771118164,11.989999771118164,11.989999771118164,11.989999771118164,11.989999771118164,624.0
2024-10-25 12:59:00+00:00,BAND,17.6299991607666,17.6299991607666,17.6299991607666,17.6299991607666,17.6299991607666,544.0
2024-10-25 12:59:00+00:00,BELFB,79.27999877929688,79.27999877929688,79.27999877929688,79.27999877929688,79.27999877929688,799.0
2024-10-25 12:59:00+00:00,BIGC,5.324999809265137,5.324999809265137,5.324999809265137,5.324999809265137,5.324999809265137,745.0
2024-10-25 12:59:00+00:00,BL,56.400001525878906,56.400001525878906,56.43000030517578,56.400001525878906,56.43000030517578,1191.0
2024-10-25 12:59:00+00:00,BLKB,86.07250213623047,86.07250213623047,86.07250213623047,86.07250213623047,86.07250213623047,622.0
2024-10-25 12:59:00+00:00,BRZE,30.610000610351562,30.610000610351562,30.610000610351562,30.610000610351562,30.610000610351562,1070.0
2024-10-25 12:59:00+00:00,BSY,49.125099182128906,49.125099182128906,49.137298583984375,49.125099182128906,49.137298583984375,309.0
2024-10-25 12:59:00+00:00,CAMP,11.024999618530273,11.024999618530273,11.024999618530273,11.024999618530273,11.024999618530273,480.0
2024-10-25 12:59:00+00:00,CAN,0.9812999963760376,0.9812999963760376,0.9812999963760376,0.9812999963760376,0.9812999963760376,235.0
2024-10-25 12:59:00+00:00,CDNS,259.7149963378906,259.7149963378906,259.760009765625,259.69000244140625,259.75,1872.0
2024-10-25 12:59:00+00:00,CDW,219.9499969482422,219.9499969482422,219.9499969482422,219.94500732421875,219.94500732421875,777.0
2024-10-25 12:59:00+00:00,CETX,0.3089999854564667,0.3089999854564667,0.30959999561309814,0.3077999949455261,0.3077999949455261,12046.0
2024-10-25 12:59:00+00:00,CFLT,22.514999389648438,22.514999389648438,22.530000686645508,22.489999771118164,22.520000457763672,14009.0
2024-10-25 12:59:00+00:00,CGNX,38.91999816894531,38.91999816894531,38.95000076293945,38.91999816894531,38.95000076293945,1672.0
2024-10-25 12:59:00+00:00,CLFD,36.439998626708984,36.439998626708984,36.439998626708984,36.439998626708984,36.439998626708984,323.0
2024-10-25 12:59:00+00:00,CLSK,11.883999824523926,11.883999824523926,11.885000228881836,11.869999885559082,11.869999885559082,17831.0
2024-10-25 12:59:00+00:00,CNDT,3.619999885559082,3.619999885559082,3.619999885559082,3.619999885559082,3.619999885559082,2772.0
2024-10-25 12:59:00+00:00,COHR,96.02799987792969,96.02799987792969,96.03500366210938,96.02799987792969,96.03500366210938,473.0
2024-10-25 12:59:00+00:00,COHU,26.299999237060547,26.299999237060547,26.299999237060547,26.299999237060547,26.299999237060547,371.0
2024-10-25 12:59:00+00:00,COIN,209.87840270996094,209.87840270996094,209.99000549316406,209.7899932861328,209.83999633789062,13418.0
2024-10-25 12:59:00+00:00,COMM,6.289999961853027,6.289999961853027,6.289999961853027,6.289999961853027,6.289999961853027,1326.0
2024-10-25 12:59:00+00:00,CORZ,13.371399879455566,13.371399879455566,13.375,13.371399879455566,13.375,981.0
2024-10-25 12:59:00+00:00,CORZW,7.860000133514404,7.860000133514404,7.860000133514404,7.860000133514404,7.860000133514404,393.0
2024-10-25 12:59:00+00:00,CRDO,39.66999816894531,39.66999816894531,39.728599548339844,39.65999984741211,39.69499969482422,6655.0
2024-10-25 12:59:00+00:00,CRNC,2.865000009536743,2.865000009536743,2.865000009536743,2.865000009536743,2.865000009536743,280.0
2024-10-25 12:59:00+00:00,CRWD,300.8117980957031,300.8117980957031,300.9281005859375,300.30010986328125,300.54998779296875,13257.0
2024-10-25 12:59:00+00:00,CSCO,55.98500061035156,55.98500061035156,55.994998931884766,55.970001220703125,55.970001220703125,14854.0
2024-10-25 12:59:00+00:00,CSGS,47.54999923706055,47.54999923706055,47.54999923706055,47.54999923706055,47.54999923706055,303.0
2024-10-25 12:59:00+00:00,CSIQ,13.6850004196167,13.6850004196167,13.699999809265137,13.6850004196167,13.694999694824219,1631.0
2024-10-25 12:59:00+00:00,CTLP,8.890000343322754,8.890000343322754,8.904999732971191,8.869999885559082,8.904999732971191,13722.0
2024-10-25 12:59:00+00:00,CTSH,74.86000061035156,74.86000061035156,74.86000061035156,74.86000061035156,74.86000061035156,1088.0
2024-10-25 12:59:00+00:00,DAIO,2.532599925994873,2.532599925994873,2.5327000617980957,2.509999990463257,2.509999990463257,2504.0
2024-10-25 12:59:00+00:00,DAKT,13.09000015258789,13.09000015258789,13.09000015258789,13.09000015258789,13.09000015258789,307.0
2024-10-25 12:59:00+00:00,DBX,26.05500030517578,26.05500030517578,26.059999465942383,26.05500030517578,26.059999465942383,3861.0
2024-10-25 12:59:00+00:00,DDOG,127.26000213623047,127.26000213623047,127.31500244140625,127.26000213623047,127.30999755859375,3381.0
2024-10-25 12:59:00+00:00,DIOD,66.63500213623047,66.63500213623047,66.6449966430664,66.56999969482422,66.6449966430664,2518.0
2024-10-25 12:59:00+00:00,DOCU,69.86499786376953,69.86499786376953,69.9000015258789,69.86499786376953,69.87999725341797,2802.0
2024-10-25 12:59:00+00:00,DUOL,290.2300109863281,290.2300109863281,290.2300109863281,290.2300109863281,290.2300109863281,611.0
2024-10-25 12:59:00+00:00,EEFT,99.68000030517578,99.68000030517578,99.69999694824219,99.68000030517578,99.69999694824219,1216.0
2024-10-25 12:59:00+00:00,ENPH,82.93920135498047,82.93920135498047,82.93920135498047,82.87999725341797,82.87999725341797,1428.0
2024-10-25 12:59:00+00:00,ENTG,106.06500244140625,106.06500244140625,106.06500244140625,106.06500244140625,106.06500244140625,901.0
2024-10-25 12:59:00+00:00,ERIC,8.484999656677246,8.484999656677246,8.484999656677246,8.484999656677246,8.484999656677246,2052.0
2024-10-25 12:59:00+00:00,EVCM,10.574999809265137,10.574999809265137,10.574999809265137,10.574999809265137,10.574999809265137,267.0
2024-10-25 12:59:00+00:00,EXFY,1.725000023841858,1.725000023841858,1.725000023841858,1.725000023841858,1.725000023841858,2468.0
2024-10-25 12:59:00+00:00,EXLS,38.90999984741211,38.90999984741211,38.90999984741211,38.90999984741211,38.90999984741211,2309.0
2024-10-25 12:59:00+00:00,FFIV,216.6300048828125,216.6300048828125,216.64999389648438,216.6300048828125,216.64999389648438,427.0
2024-10-25 12:59:00+00:00,FIVN,29.8700008392334,29.8700008392334,29.934999465942383,29.850000381469727,29.934999465942383,17120.0
2024-10-25 12:59:00+00:00,FLEX,35.25,35.25,35.25,35.244998931884766,35.25,2052.0
2024-10-25 12:59:00+00:00,FLYW,17.450000762939453,17.450000762939453,17.450000762939453,17.450000762939453,17.450000762939453,2721.0
2024-10-25 12:59:00+00:00,FORM,45.25,45.25,45.25,45.25,45.25,380.0
2024-10-25 12:59:00+00:00,FROG,29.3799991607666,29.3799991607666,29.3799991607666,29.375,29.375,525.0
2024-10-25 12:59:00+00:00,FRSH,11.654999732971191,11.654999732971191,11.65999984741211,11.654999732971191,11.654999732971191,3966.0
2024-10-25 12:59:00+00:00,FSLR,198.42999267578125,198.42999267578125,198.49000549316406,198.42999267578125,198.49000549316406,1213.0
2024-10-25 12:59:00+00:00,FTNT,81.11499786376953,81.11499786376953,81.12999725341797,81.05999755859375,81.05999755859375,12816.0
2024-10-25 12:59:00+00:00,GCT,24.850000381469727,24.850000381469727,24.850000381469727,24.850000381469727,24.850000381469727,387.0
2024-10-25 12:59:00+00:00,GDS,21.61989974975586,21.61989974975586,21.61989974975586,21.540000915527344,21.579999923706055,5487.0
2024-10-25 12:59:00+00:00,GFS,41.22999954223633,41.22999954223633,41.22999954223633,41.22809982299805,41.22999954223633,1097.0
2024-10-25 12:59:00+00:00,GPRO,1.340000033378601,1.340000033378601,1.340000033378601,1.3350000381469727,1.3350000381469727,748.0
2024-10-25 12:59:00+00:00,GRAB,4.09499979019165,4.09499979019165,4.09499979019165,4.09499979019165,4.09499979019165,5835.0
2024-10-25 12:59:00+00:00,GTLB,55.38999938964844,55.38999938964844,55.38999938964844,55.38999938964844,55.38999938964844,679.0
2024-10-25 12:59:00+00:00,HCKT,24.864999771118164,24.864999771118164,24.864999771118164,24.864999771118164,24.864999771118164,340.0
2024-10-25 12:59:00+00:00,HCP,33.665000915527344,33.665000915527344,33.67499923706055,33.665000915527344,33.67499923706055,3654.0
2024-10-25 12:59:00+00:00,HLIT,14.8100004196167,14.8100004196167,14.8100004196167,14.8100004196167,14.8100004196167,914.0
2024-10-25 12:59:00+00:00,HOLO,3.639400005340576,3.639400005340576,3.639400005340576,3.630000114440918,3.630000114440918,908.0
2024-10-25 12:59:00+00:00,HOOD,27.315000534057617,27.315000534057617,27.31599998474121,27.309999465942383,27.312000274658203,3754.0
2024-10-25 12:59:00+00:00,ICHR,27.809999465942383,27.809999465942383,27.809999465942383,27.809999465942383,27.809999465942383,1240.0
2024-10-25 12:59:00+00:00,INDI,3.565000057220459,3.565000057220459,3.565000057220459,3.559999942779541,3.565000057220459,3112.0
2024-10-25 12:59:00+00:00,INOD,20.190000534057617,20.190000534057617,20.239999771118164,20.190000534057617,20.239999771118164,2156.0
2024-10-25 12:59:00+00:00,INSG,20.360000610351562,20.360000610351562,20.360000610351562,20.360000610351562,20.360000610351562,207.0
2024-10-25 12:59:00+00:00,INTC,23.135000228881836,23.135000228881836,23.139999389648438,23.125,23.135000228881836,39243.0
2024-10-25 12:59:00+00:00,INTU,611.760009765625,611.760009765625,611.760009765625,611.7000122070312,611.7000122070312,1646.0
2024-10-25 12:59:00+00:00,IPGP,77.37000274658203,77.37000274658203,77.37000274658203,77.37000274658203,77.37000274658203,342.0
2024-10-25 12:59:00+00:00,JFU,1.7300000190734863,1.7300000190734863,1.7300000190734863,1.7300000190734863,1.7300000190734863,170.0
2024-10-25 12:59:00+00:00,KC,2.7200000286102295,2.7200000286102295,2.7200000286102295,2.7200000286102295,2.7200000286102295,225.0
2024-10-25 12:59:00+00:00,KLAC,681.97998046875,681.97998046875,682.0499877929688,681.97998046875,682.0499877929688,2482.0
2024-10-25 12:59:00+00:00,LINK,4.974999904632568,4.974999904632568,4.974999904632568,4.96999979019165,4.9720001220703125,2360.0
2024-10-25 12:59:00+00:00,LPTH,1.6799999475479126,1.6799999475479126,1.6799999475479126,1.6799999475479126,1.6799999475479126,613.0
2024-10-25 12:59:00+00:00,LRCX,79.16950225830078,79.16950225830078,79.26000213623047,79.15599822998047,79.25,19403.0
2024-10-25 12:59:00+00:00,LSCC,54.59000015258789,54.59000015258789,54.59000015258789,54.59000015258789,54.59000015258789,565.0
2024-10-25 12:59:00+00:00,LUNA,1.8200000524520874,1.8200000524520874,1.8200000524520874,1.8200000524520874,1.8200000524520874,101.0
2024-10-25 12:59:00+00:00,LYFT,13.734999656677246,13.734999656677246,13.734999656677246,13.729999542236328,13.734000205993652,6485.0
2024-10-25 12:59:00+00:00,MCHP,77.20999908447266,77.20999908447266,77.2300033569336,77.20999908447266,77.2300033569336,4176.0
2024-10-25 12:59:00+00:00,MDB,267.4150085449219,267.4150085449219,267.4150085449219,267.30999755859375,267.30999755859375,528.0
2024-10-25 12:59:00+00:00,MITK,8.770000457763672,8.770000457763672,8.770000457763672,8.770000457763672,8.770000457763672,1395.0
2024-10-25 12:59:00+00:00,MKSI,101.45999908447266,101.45999908447266,101.45999908447266,101.44999694824219,101.44999694824219,516.0
2024-10-25 12:59:00+00:00,MNDY,298.9100036621094,298.9100036621094,298.9100036621094,298.9100036621094,298.9100036621094,443.0
2024-10-25 12:59:00+00:00,MQ,5.275000095367432,5.275000095367432,5.28000020980835,5.275000095367432,5.275000095367432,17789.0
2024-10-25 12:59:00+00:00,MRAM,6.289999961853027,6.289999961853027,6.289999961853027,6.289999961853027,6.289999961853027,695.0
2024-10-25 12:59:00+00:00,MRVL,83.24500274658203,83.24500274658203,83.31999969482422,83.23999786376953,83.30999755859375,13412.0
2024-10-25 12:59:00+00:00,MSFT,430.4100036621094,430.4100036621094,430.58599853515625,430.4100036621094,430.5050048828125,11308.0
2024-10-25 12:59:00+00:00,MSTR,240.8300018310547,240.8300018310547,240.9739990234375,240.44000244140625,240.44000244140625,21653.0
2024-10-25 12:59:00+00:00,MTSI,120.93000030517578,120.93000030517578,120.93000030517578,120.93000030517578,120.93000030517578,243.0
2024-10-25 12:59:00+00:00,MTTR,4.614999771118164,4.614999771118164,4.614999771118164,4.614999771118164,4.614999771118164,629.0
2024-10-25 12:59:00+00:00,MU,108.94499969482422,108.94499969482422,108.9800033569336,108.94200134277344,108.94999694824219,12943.0
2024-10-25 12:59:00+00:00,MVIS,1.090000033378601,1.090000033378601,1.090000033378601,1.090000033378601,1.090000033378601,341.0
2024-10-25 12:59:00+00:00,MXL,15.050000190734863,15.050000190734863,15.050000190734863,15.050000190734863,15.050000190734863,392.0
2024-10-25 12:59:00+00:00,MYSZ,1.6449999809265137,1.6449999809265137,1.6449999809265137,1.6449999809265137,1.6449999809265137,402.0
2024-10-25 12:59:00+00:00,NCNO,37.779998779296875,37.779998779296875,37.79840087890625,37.779998779296875,37.781700134277344,1263.0
2024-10-25 12:59:00+00:00,NTAP,120.22000122070312,120.22000122070312,120.25,120.18000030517578,120.21499633789062,2138.0
2024-10-25 12:59:00+00:00,NTWK,3.1549999713897705,3.1549999713897705,3.1549999713897705,3.1549999713897705,3.1549999713897705,344.0
2024-10-25 12:59:00+00:00,NVDA,143.2989959716797,143.2989959716797,143.35000610351562,143.27000427246094,143.32020568847656,153301.0
2024-10-25 12:59:00+00:00,NVEI,33.525001525878906,33.525001525878906,33.525001525878906,33.52000045776367,33.52000045776367,356.0
2024-10-25 12:59:00+00:00,NVTS,2.6050000190734863,2.6050000190734863,2.6050000190734863,2.6050000190734863,2.6050000190734863,549.0
2024-10-25 12:59:00+00:00,NXPI,245.66000366210938,245.66000366210938,245.75,245.63999938964844,245.69500732421875,1234.0
2024-10-25 12:59:00+00:00,OKTA,72.44999694824219,72.44999694824219,72.44999694824219,72.44999694824219,72.44999694824219,863.0
2024-10-25 12:59:00+00:00,ON,72.04000091552734,72.04000091552734,72.05999755859375,72.01499938964844,72.0250015258789,11978.0
2024-10-25 12:59:00+00:00,PANW,369.0199890136719,369.0199890136719,369.1000061035156,368.94000244140625,369.0899963378906,2756.0
2024-10-25 12:59:00+00:00,PAYO,8.305000305175781,8.305000305175781,8.305000305175781,8.300000190734863,8.300000190734863,5183.0
2024-10-25 12:59:00+00:00,PDFS,29.440000534057617,29.440000534057617,29.46500015258789,29.440000534057617,29.46500015258789,874.0
2024-10-25 12:59:00+00:00,PEGA,80.52999877929688,80.52999877929688,80.52999877929688,80.49500274658203,80.49500274658203,1218.0
2024-10-25 12:59:00+00:00,PGY,11.824999809265137,11.824999809265137,11.84000015258789,11.824999809265137,11.84000015258789,605.0
2024-10-25 12:59:00+00:00,PHUN,10.252799987792969,10.252799987792969,10.252799987792969,10.1899995803833,10.208700180053711,22724.0
2024-10-25 12:59:00+00:00,PI,204.72000122070312,204.72000122070312,204.72000122070312,204.72000122070312,204.72000122070312,1837.0
2024-10-25 12:59:00+00:00,PLUS,98.12999725341797,98.12999725341797,98.12999725341797,98.12999725341797,98.12999725341797,266.0
2024-10-25 12:59:00+00:00,PLXS,142.57000732421875,142.57000732421875,142.57000732421875,142.57000732421875,142.57000732421875,1034.0
2024-10-25 12:59:00+00:00,POET,3.890000104904175,3.890000104904175,3.890000104904175,3.890000104904175,3.890000104904175,221.0
2024-10-25 12:59:00+00:00,PRCH,1.3245999813079834,1.3245999813079834,1.3299000263214111,1.3245999813079834,1.3250000476837158,8649.0
2024-10-25 12:59:00+00:00,PRSO,1.7699999809265137,1.7699999809265137,1.7699999809265137,1.7699999809265137,1.7699999809265137,854.0
2024-10-25 12:59:00+00:00,PTC,187.11000061035156,187.11000061035156,187.13999938964844,187.0800018310547,187.0800018310547,1328.0
2024-10-25 12:59:00+00:00,QCOM,172.77999877929688,172.77999877929688,172.83999633789062,172.75999450683594,172.82000732421875,3009.0
2024-10-25 12:59:00+00:00,QRVO,100.4800033569336,100.4800033569336,100.58000183105469,100.4800033569336,100.58000183105469,2697.0
2024-10-25 12:59:00+00:00,QUBT,1.0750000476837158,1.0750000476837158,1.0750000476837158,1.0750000476837158,1.0750000476837158,202.0
2024-10-25 12:59:00+00:00,RCAT,2.765000104904175,2.765000104904175,2.765000104904175,2.765000104904175,2.765000104904175,236.0
2024-10-25 12:59:00+00:00,REKR,1.0950000286102295,1.0950000286102295,1.0950000286102295,1.0950000286102295,1.0950000286102295,463.0
2024-10-25 12:59:00+00:00,RELY,14.829999923706055,14.829999923706055,14.829999923706055,14.829999923706055,14.829999923706055,1104.0
2024-10-25 12:59:00+00:00,RGTI,1.219099998474121,1.219099998474121,1.2200000286102295,1.215000033378601,1.215399980545044,6661.0
2024-10-25 12:59:00+00:00,RIOT,10.009900093078613,10.009900093078613,10.017499923706055,10.0,10.008999824523926,24557.0
2024-10-25 12:59:00+00:00,RMBS,43.68000030517578,43.68000030517578,43.68000030517578,43.68000030517578,43.68000030517578,863.0
2024-10-25 12:59:00+00:00,RPD,38.98500061035156,38.98500061035156,39.0099983215332,38.98500061035156,39.0099983215332,2205.0
2024-10-25 12:59:00+00:00,RUM,5.735000133514404,5.735000133514404,5.739999771118164,5.735000133514404,5.735300064086914,1380.0
2024-10-25 12:59:00+00:00,RUN,14.318499565124512,14.318499565124512,14.318499565124512,14.3100004196167,14.3100004196167,1124.0
2024-10-25 12:59:00+00:00,SANM,67.63500213623047,67.63500213623047,67.63500213623047,67.63500213623047,67.63500213623047,1009.0
2024-10-25 12:59:00+00:00,SATS,25.06999969482422,25.06999969482422,25.06999969482422,25.06999969482422,25.06999969482422,0.0
2024-10-25 12:59:00+00:00,SEDG,16.040000915527344,16.040000915527344,16.059999465942383,16.040000915527344,16.059999465942383,2415.0
2024-10-25 12:59:00+00:00,SHLS,5.28000020980835,5.28000020980835,5.284999847412109,5.28000020980835,5.284999847412109,1216.0
2024-10-25 12:59:00+00:00,SIMO,57.09000015258789,57.09000015258789,57.119998931884766,57.09000015258789,57.119998931884766,823.0
2024-10-25 12:59:00+00:00,SKYT,10.71399974822998,10.71399974822998,10.71500015258789,10.71399974822998,10.71500015258789,1027.0
2024-10-25 12:59:00+00:00,SMCI,47.68790054321289,47.68790054321289,47.7052001953125,47.66999816894531,47.685001373291016,33804.0
2024-10-25 12:59:00+00:00,SMTC,45.84000015258789,45.84000015258789,45.84000015258789,45.81999969482422,45.81999969482422,514.0
2024-10-25 12:59:00+00:00,SONO,12.800000190734863,12.800000190734863,12.800000190734863,12.800000190734863,12.800000190734863,964.0
2024-10-25 12:59:00+00:00,SOUN,5.230000019073486,5.230000019073486,5.245999813079834,5.230000019073486,5.242599964141846,31480.0
2024-10-25 12:59:00+00:00,SPSC,171.41000366210938,171.41000366210938,171.8699951171875,171.41000366210938,171.8699951171875,1623.0
2024-10-25 12:59:00+00:00,SSNC,69.66999816894531,69.66999816894531,69.68000030517578,69.62999725341797,69.62999725341797,12746.0
2024-10-25 12:59:00+00:00,SSTI,11.375,11.375,11.375,11.375,11.375,169.0
2024-10-25 12:59:00+00:00,STER,16.73200035095215,16.73200035095215,16.73200035095215,16.73200035095215,16.73200035095215,352.0
2024-10-25 12:59:00+00:00,STNE,11.513999938964844,11.513999938964844,11.515000343322754,11.513999938964844,11.515000343322754,1385.0
2024-10-25 12:59:00+00:00,STX,104.16000366210938,104.16000366210938,104.17400360107422,104.13999938964844,104.13999938964844,1517.0
2024-10-25 12:59:00+00:00,SURG,1.7400000095367432,1.7400000095367432,1.7400000095367432,1.7400000095367432,1.7400000095367432,0.0
2024-10-25 12:59:00+00:00,SYNA,73.30000305175781,73.30000305175781,73.36000061035156,73.30000305175781,73.36000061035156,718.0
2024-10-25 12:59:00+00:00,TASK,11.979999542236328,11.979999542236328,11.979999542236328,11.979999542236328,11.979999542236328,1323.0
2024-10-25 12:59:00+00:00,TEAM,190.35000610351562,190.35000610351562,190.35000610351562,190.2899932861328,190.2899932861328,2869.0
2024-10-25 12:59:00+00:00,TENB,41.61000061035156,41.61000061035156,41.63999938964844,41.599998474121094,41.599998474121094,1936.0
2024-10-25 12:59:00+00:00,TER,113.10800170898438,113.10800170898438,113.25,113.0999984741211,113.25,12627.0
2024-10-25 12:59:00+00:00,TRMB,61.11000061035156,61.11000061035156,61.11000061035156,61.11000061035156,61.11000061035156,328.0
2024-10-25 12:59:00+00:00,TTD,119.36900329589844,119.36900329589844,119.47000122070312,119.36900329589844,119.43000030517578,5977.0
2024-10-25 12:59:00+00:00,TTMI,19.540000915527344,19.540000915527344,19.540000915527344,19.540000915527344,19.540000915527344,526.0
2024-10-25 12:59:00+00:00,TWKS,4.449999809265137,4.449999809265137,4.449999809265137,4.449999809265137,4.449999809265137,1000.0
2024-10-25 12:59:00+00:00,TXN,209.1999969482422,209.1999969482422,209.24000549316406,209.14999389648438,209.22000122070312,3377.0
2024-10-25 12:59:00+00:00,VECO,29.565000534057617,29.565000534057617,29.56999969482422,29.565000534057617,29.56999969482422,900.0
2024-10-25 12:59:00+00:00,VERI,3.430000066757202,3.430000066757202,3.430000066757202,3.421999931335449,3.421999931335449,1288.0
2024-10-25 12:59:00+00:00,VMEO,4.769999980926514,4.769999980926514,4.769999980926514,4.769999980926514,4.769999980926514,908.0
2024-10-25 12:59:00+00:00,VNET,3.4649999141693115,3.4649999141693115,3.4649999141693115,3.4649999141693115,3.4649999141693115,471.0
2024-10-25 12:59:00+00:00,VRNS,56.96500015258789,56.96500015258789,56.97999954223633,56.90999984741211,56.90999984741211,3947.0
2024-10-25 12:59:00+00:00,VRNT,22.200000762939453,22.200000762939453,22.200000762939453,22.200000762939453,22.200000762939453,383.0
2024-10-25 12:59:00+00:00,VRSN,185.47999572753906,185.47999572753906,185.49000549316406,185.35000610351562,185.4600067138672,1812.0
2024-10-25 12:59:00+00:00,VSAT,10.375,10.375,10.375,10.375,10.375,1467.0
2024-10-25 12:59:00+00:00,VVPR,0.7900000214576721,0.7900000214576721,0.7900000214576721,0.7900000214576721,0.7900000214576721,600.0
2024-10-25 12:59:00+00:00,WDAY,239.57640075683594,239.57640075683594,239.61000061035156,239.49000549316406,239.49000549316406,1924.0
2024-10-25 12:59:00+00:00,WDC,70.9800033569336,70.9800033569336,71.11000061035156,70.94999694824219,71.11000061035156,14142.0
2024-10-25 12:59:00+00:00,WISA,1.9699000120162964,1.9699000120162964,1.9699000120162964,1.9602999687194824,1.9602999687194824,1809.0
2024-10-25 12:59:00+00:00,WRAP,1.7899999618530273,1.7899999618530273,1.7899999618530273,1.7899999618530273,1.7899999618530273,301.0
2024-10-25 12:59:00+00:00,XPER,9.40999984741211,9.40999984741211,9.40999984741211,9.40999984741211,9.40999984741211,1550.0
2024-10-25 12:59:00+00:00,XRX,10.024999618530273,10.024999618530273,10.029999732971191,10.024999618530273,10.029999732971191,5531.0
2024-10-25 12:59:00+00:00,ZBRA,362.30999755859375,362.30999755859375,362.375,362.30999755859375,362.375,1303.0
2024-10-25 12:59:00+00:00,ZI,10.5649995803833,10.5649995803833,10.5649995803833,10.5649995803833,10.5649995803833,1305.0
2024-10-25 12:59:00+00:00,ZS,185.8249969482422,185.8249969482422,185.9600067138672,185.8249969482422,185.8249969482422,1248.0
2024-10-25 13:00:00+00:00,AAPL,232.625,232.625,232.77000427246094,232.60009765625,232.77000427246094,43232.0
2024-10-25 13:00:00+00:00,ACIW,48.85499954223633,48.85499954223633,48.85499954223633,48.85499954223633,48.85499954223633,545.0
2024-10-25 13:00:00+00:00,ACLS,90.43879699707031,90.43879699707031,90.61000061035156,90.43879699707031,90.61000061035156,4834.0
2024-10-25 13:00:00+00:00,ACMR,19.90999984741211,19.90999984741211,19.90999984741211,19.895000457763672,19.895000457763672,1352.0
2024-10-25 13:00:00+00:00,ADBE,485.57000732421875,485.57000732421875,485.6400146484375,485.57000732421875,485.6400146484375,879.0
2024-10-25 13:00:00+00:00,ADI,233.55050659179688,233.55050659179688,233.63499450683594,233.47000122070312,233.63499450683594,1569.0
2024-10-25 13:00:00+00:00,ADSK,286.92498779296875,286.92498779296875,286.92498779296875,286.92498779296875,286.92498779296875,1301.0
2024-10-25 13:00:00+00:00,ADTN,6.385000228881836,6.385000228881836,6.385000228881836,6.385000228881836,6.385000228881836,268.0
2024-10-25 13:00:00+00:00,AEHR,17.200000762939453,17.200000762939453,17.200000762939453,17.200000762939453,17.200000762939453,852.0
2024-10-25 13:00:00+00:00,AFRM,41.709999084472656,41.709999084472656,41.709999084472656,41.69499969482422,41.69499969482422,4145.0
2024-10-25 13:00:00+00:00,AGYS,111.01000213623047,111.01000213623047,111.01000213623047,111.01000213623047,111.01000213623047,237.0
2024-10-25 13:00:00+00:00,AKAM,102.58499908447266,102.58499908447266,102.58499908447266,102.58499908447266,102.58499908447266,501.0
2024-10-25 13:00:00+00:00,ALGM,22.959999084472656,22.959999084472656,22.969999313354492,22.959999084472656,22.96500015258789,24479.0
2024-10-25 13:00:00+00:00,ALKT,38.189998626708984,38.189998626708984,38.189998626708984,38.189998626708984,38.189998626708984,441.0
2024-10-25 13:00:00+00:00,AMAT,188.55999755859375,188.55999755859375,188.6999969482422,188.55999755859375,188.6999969482422,3818.0
2024-10-25 13:00:00+00:00,AMBA,58.529998779296875,58.529998779296875,58.54999923706055,58.529998779296875,58.54999923706055,666.0
2024-10-25 13:00:00+00:00,AMD,157.9550018310547,157.9550018310547,158.0050048828125,157.8699951171875,158.0050048828125,31157.0
2024-10-25 13:00:00+00:00,AMKR,30.06999969482422,30.06999969482422,30.09000015258789,30.06999969482422,30.09000015258789,1143.0
2024-10-25 13:00:00+00:00,AMPL,9.199999809265137,9.199999809265137,9.199999809265137,9.1899995803833,9.1899995803833,1472.0
2024-10-25 13:00:00+00:00,AOSL,36.61000061035156,36.61000061035156,36.61000061035156,36.61000061035156,36.61000061035156,797.0
2024-10-25 13:00:00+00:00,APP,161.6699981689453,161.6699981689453,161.79859924316406,161.6699981689453,161.76499938964844,1525.0
2024-10-25 13:00:00+00:00,APPF,214.8699951171875,214.8699951171875,214.8699951171875,214.8699951171875,214.8699951171875,1078.0
2024-10-25 13:00:00+00:00,APPN,32.07500076293945,32.07500076293945,32.08000183105469,32.06999969482422,32.08000183105469,626.0
2024-10-25 13:00:00+00:00,APPS,3.0850000381469727,3.0850000381469727,3.089900016784668,3.0850000381469727,3.0850000381469727,1787.0
2024-10-25 13:00:00+00:00,ARRY,6.449999809265137,6.449999809265137,6.465000152587891,6.449999809265137,6.465000152587891,6741.0
2024-10-25 13:00:00+00:00,ASML,718.510009765625,718.510009765625,719.0700073242188,718.510009765625,718.969970703125,2884.0
2024-10-25 13:00:00+00:00,AUR,6.454999923706055,6.454999923706055,6.454999923706055,6.454999923706055,6.454999923706055,652.0
2024-10-25 13:00:00+00:00,AVGO,175.6750030517578,175.6750030517578,175.69500732421875,175.5800018310547,175.6907958984375,12118.0
2024-10-25 13:00:00+00:00,AVT,53.959999084472656,53.959999084472656,53.97999954223633,53.959999084472656,53.97999954223633,849.0
2024-10-25 13:00:00+00:00,AZPN,235.7449951171875,235.7449951171875,235.99000549316406,235.7449951171875,235.99000549316406,310.0
2024-10-25 13:00:00+00:00,BAND,17.649999618530273,17.649999618530273,17.649999618530273,17.649999618530273,17.649999618530273,393.0
2024-10-25 13:00:00+00:00,BASE,16.360000610351562,16.360000610351562,16.360000610351562,16.360000610351562,16.360000610351562,320.0
2024-10-25 13:00:00+00:00,BL,56.34000015258789,56.34000015258789,56.34000015258789,56.34000015258789,56.34000015258789,245.0
2024-10-25 13:00:00+00:00,BLKB,86.01000213623047,86.01000213623047,86.02999877929688,86.01000213623047,86.02999877929688,815.0
2024-10-25 13:00:00+00:00,BSY,49.12200164794922,49.12200164794922,49.13999938964844,49.12200164794922,49.125,1178.0
2024-10-25 13:00:00+00:00,CAMT,78.55000305175781,78.55000305175781,78.55999755859375,78.55000305175781,78.55999755859375,1068.0
2024-10-25 13:00:00+00:00,CAN,0.9839000105857849,0.9839000105857849,0.9839000105857849,0.9811999797821045,0.9812999963760376,10900.0
2024-10-25 13:00:00+00:00,CDNS,259.69000244140625,259.69000244140625,259.7049865722656,259.55999755859375,259.7049865722656,2091.0
2024-10-25 13:00:00+00:00,CDW,219.9499969482422,219.9499969482422,219.9499969482422,219.9499969482422,219.9499969482422,328.0
2024-10-25 13:00:00+00:00,CETX,0.3068999946117401,0.3068999946117401,0.3089999854564667,0.3068999946117401,0.3089999854564667,7093.0
2024-10-25 13:00:00+00:00,CEVA,24.270000457763672,24.270000457763672,24.270000457763672,24.270000457763672,24.270000457763672,927.0
2024-10-25 13:00:00+00:00,CFLT,22.4950008392334,22.4950008392334,22.5049991607666,22.489999771118164,22.5049991607666,2579.0
2024-10-25 13:00:00+00:00,CGNX,38.88999938964844,38.88999938964844,38.900001525878906,38.88999938964844,38.900001525878906,802.0
2024-10-25 13:00:00+00:00,CLBT,18.15999984741211,18.15999984741211,18.15999984741211,18.15999984741211,18.15999984741211,160.0
2024-10-25 13:00:00+00:00,CLSK,11.880000114440918,11.880000114440918,11.89799976348877,11.875,11.885199546813965,16723.0
2024-10-25 13:00:00+00:00,CMTL,3.7249999046325684,3.7249999046325684,3.7249999046325684,3.7249999046325684,3.7249999046325684,746.0
2024-10-25 13:00:00+00:00,CNDT,3.6298999786376953,3.6298999786376953,3.6298999786376953,3.619999885559082,3.619999885559082,3016.0
2024-10-25 13:00:00+00:00,CNXC,44.86000061035156,44.86000061035156,44.869998931884766,44.86000061035156,44.869998931884766,1111.0
2024-10-25 13:00:00+00:00,COHR,96.13999938964844,96.13999938964844,96.13999938964844,96.05999755859375,96.06999969482422,3948.0
2024-10-25 13:00:00+00:00,COHU,26.290000915527344,26.290000915527344,26.290000915527344,26.290000915527344,26.290000915527344,427.0
2024-10-25 13:00:00+00:00,COIN,209.63999938964844,209.63999938964844,209.9199981689453,209.5399932861328,209.9199981689453,6725.0
2024-10-25 13:00:00+00:00,COMM,6.284999847412109,6.284999847412109,6.284999847412109,6.28000020980835,6.284999847412109,1418.0
2024-10-25 13:00:00+00:00,CORZ,13.369999885559082,13.369999885559082,13.374300003051758,13.364999771118164,13.369999885559082,3615.0
2024-10-25 13:00:00+00:00,CRCT,6.599999904632568,6.599999904632568,6.599999904632568,6.599999904632568,6.599999904632568,1117.0
2024-10-25 13:00:00+00:00,CRDO,39.630001068115234,39.630001068115234,39.650001525878906,39.630001068115234,39.650001525878906,1387.0
2024-10-25 13:00:00+00:00,CRNC,2.865000009536743,2.865000009536743,2.865000009536743,2.860300064086914,2.860300064086914,751.0
2024-10-25 13:00:00+00:00,CRUS,123.56999969482422,123.56999969482422,123.62000274658203,123.56999969482422,123.62000274658203,1257.0
2024-10-25 13:00:00+00:00,CRWD,300.7052001953125,300.7052001953125,300.94000244140625,300.57000732421875,300.94000244140625,10214.0
2024-10-25 13:00:00+00:00,CSCO,55.967201232910156,55.967201232910156,55.97999954223633,55.959999084472656,55.97999954223633,14486.0
2024-10-25 13:00:00+00:00,CSIQ,13.654999732971191,13.654999732971191,13.6850004196167,13.640000343322754,13.6850004196167,5117.0
2024-10-25 13:00:00+00:00,CTSH,74.81999969482422,74.81999969482422,74.86000061035156,74.81500244140625,74.86000061035156,3611.0
2024-10-25 13:00:00+00:00,CVLT,134.5,134.5,134.5399932861328,134.47999572753906,134.5399932861328,2944.0
2024-10-25 13:00:00+00:00,DBX,26.049999237060547,26.049999237060547,26.059999465942383,26.049999237060547,26.059999465942383,3159.0
2024-10-25 13:00:00+00:00,DDOG,127.25499725341797,127.25499725341797,127.25499725341797,127.2249984741211,127.23999786376953,3517.0
2024-10-25 13:00:00+00:00,DOCU,69.86000061035156,69.86000061035156,69.87999725341797,69.8499984741211,69.86000061035156,3486.0
2024-10-25 13:00:00+00:00,DOMO,8.057499885559082,8.057499885559082,8.057499885559082,8.050000190734863,8.050000190734863,2639.0
2024-10-25 13:00:00+00:00,DOX,89.58000183105469,89.58000183105469,89.58000183105469,89.55999755859375,89.55999755859375,436.0
2024-10-25 13:00:00+00:00,DSP,11.399999618530273,11.399999618530273,11.40999984741211,11.399999618530273,11.40999984741211,1435.0
2024-10-25 13:00:00+00:00,DUOL,290.05999755859375,290.05999755859375,290.07000732421875,290.05999755859375,290.07000732421875,1567.0
2024-10-25 13:00:00+00:00,EMKR,2.109299898147583,2.109299898147583,2.109299898147583,2.109299898147583,2.109299898147583,401.0
2024-10-25 13:00:00+00:00,ENPH,82.75,82.75,82.87999725341797,82.75,82.87999725341797,12962.0
2024-10-25 13:00:00+00:00,ENTG,105.9000015258789,105.9000015258789,106.05000305175781,105.9000015258789,106.05000305175781,3861.0
2024-10-25 13:00:00+00:00,EXFY,1.725000023841858,1.725000023841858,1.7259999513626099,1.725000023841858,1.7259999513626099,3056.0
2024-10-25 13:00:00+00:00,EXLS,38.904998779296875,38.904998779296875,38.91999816894531,38.900001525878906,38.91999816894531,6718.0
2024-10-25 13:00:00+00:00,EXTR,14.475000381469727,14.475000381469727,14.479999542236328,14.460000038146973,14.460000038146973,4965.0
2024-10-25 13:00:00+00:00,FARO,18.100000381469727,18.100000381469727,18.1299991607666,18.100000381469727,18.1299991607666,1309.0
2024-10-25 13:00:00+00:00,FFIV,216.57000732421875,216.57000732421875,216.69000244140625,216.5399932861328,216.69000244140625,966.0
2024-10-25 13:00:00+00:00,FIVN,29.860000610351562,29.860000610351562,29.875,29.829999923706055,29.8700008392334,3580.0
2024-10-25 13:00:00+00:00,FLEX,35.2400016784668,35.2400016784668,35.244998931884766,35.2400016784668,35.2400016784668,2348.0
2024-10-25 13:00:00+00:00,FLYW,17.459999084472656,17.459999084472656,17.459999084472656,17.459999084472656,17.459999084472656,221.0
2024-10-25 13:00:00+00:00,FORM,45.2400016784668,45.2400016784668,45.2400016784668,45.2400016784668,45.2400016784668,311.0
2024-10-25 13:00:00+00:00,FRGT,1.8700000047683716,1.8700000047683716,1.8700000047683716,1.8700000047683716,1.8700000047683716,0.0
2024-10-25 13:00:00+00:00,FRSH,11.649999618530273,11.649999618530273,11.654999732971191,11.649999618530273,11.654999732971191,2297.0
2024-10-25 13:00:00+00:00,FSLR,198.36000061035156,198.36000061035156,198.49000549316406,198.33999633789062,198.4199981689453,3701.0
2024-10-25 13:00:00+00:00,FTCI,0.6650000214576721,0.6650000214576721,0.6650000214576721,0.6650000214576721,0.6650000214576721,1093.0
2024-10-25 13:00:00+00:00,FTNT,81.08499908447266,81.08499908447266,81.12999725341797,81.08499908447266,81.12999725341797,938.0
2024-10-25 13:00:00+00:00,GCT,24.850000381469727,24.850000381469727,24.850000381469727,24.850000381469727,24.850000381469727,183.0
2024-10-25 13:00:00+00:00,GFS,41.2400016784668,41.2400016784668,41.290000915527344,41.224998474121094,41.22999954223633,10676.0
2024-10-25 13:00:00+00:00,GPRO,1.340000033378601,1.340000033378601,1.340000033378601,1.3350000381469727,1.3350000381469727,665.0
2024-10-25 13:00:00+00:00,GRAB,4.095300197601318,4.095300197601318,4.095300197601318,4.09499979019165,4.09499979019165,8001.0
2024-10-25 13:00:00+00:00,GRRR,4.520699977874756,4.520699977874756,4.525000095367432,4.520699977874756,4.525000095367432,234.0
2024-10-25 13:00:00+00:00,GSIT,3.440000057220459,3.440000057220459,3.440000057220459,3.440000057220459,3.440000057220459,400.0
2024-10-25 13:00:00+00:00,GTLB,55.380001068115234,55.380001068115234,55.380001068115234,55.380001068115234,55.380001068115234,595.0
2024-10-25 13:00:00+00:00,GVP,4.610000133514404,4.610000133514404,4.610000133514404,4.610000133514404,4.610000133514404,100.0
2024-10-25 13:00:00+00:00,HCKT,24.850000381469727,24.850000381469727,24.850000381469727,24.850000381469727,24.850000381469727,572.0
2024-10-25 13:00:00+00:00,HCP,33.665000915527344,33.665000915527344,33.665000915527344,33.665000915527344,33.665000915527344,202.0
2024-10-25 13:00:00+00:00,HLIT,14.8100004196167,14.8100004196167,14.8100004196167,14.800000190734863,14.800000190734863,861.0
2024-10-25 13:00:00+00:00,HOLO,3.640000104904175,3.640000104904175,3.640000104904175,3.634000062942505,3.639400005340576,2173.0
2024-10-25 13:00:00+00:00,HOOD,27.295000076293945,27.295000076293945,27.315000534057617,27.290199279785156,27.315000534057617,8645.0
2024-10-25 13:00:00+00:00,IIIV,22.889999389648438,22.889999389648438,22.889999389648438,22.889999389648438,22.889999389648438,737.0
2024-10-25 13:00:00+00:00,IMMR,8.71500015258789,8.71500015258789,8.71500015258789,8.71500015258789,8.71500015258789,10002.0
2024-10-25 13:00:00+00:00,INDI,3.555000066757202,3.555000066757202,3.565000057220459,3.555000066757202,3.565000057220459,6524.0
2024-10-25 13:00:00+00:00,INOD,20.190000534057617,20.190000534057617,20.190000534057617,20.15060043334961,20.15060043334961,673.0
2024-10-25 13:00:00+00:00,INTC,23.125,23.125,23.13599967956543,23.1200008392334,23.135000228881836,17675.0
2024-10-25 13:00:00+00:00,INTU,611.6500244140625,611.6500244140625,611.7650146484375,611.6500244140625,611.7650146484375,681.0
2024-10-25 13:00:00+00:00,ITRN,27.190000534057617,27.190000534057617,27.190000534057617,27.190000534057617,27.190000534057617,977.0
2024-10-25 13:00:00+00:00,KC,2.7200000286102295,2.7200000286102295,2.7200000286102295,2.7200000286102295,2.7200000286102295,659.0
2024-10-25 13:00:00+00:00,KLAC,681.5,681.5,681.5,681.5,681.5,545.0
2024-10-25 13:00:00+00:00,KLIC,44.650001525878906,44.650001525878906,44.650001525878906,44.650001525878906,44.650001525878906,658.0
2024-10-25 13:00:00+00:00,LINK,4.940000057220459,4.940000057220459,4.940000057220459,4.940000057220459,4.940000057220459,1139.0
2024-10-25 13:00:00+00:00,LITE,64.27999877929688,64.27999877929688,64.33000183105469,64.2699966430664,64.33000183105469,2257.0
2024-10-25 13:00:00+00:00,LPSN,1.1749999523162842,1.1749999523162842,1.1749999523162842,1.1749999523162842,1.1749999523162842,0.0
2024-10-25 13:00:00+00:00,LRCX,79.13999938964844,79.13999938964844,79.18000030517578,79.0999984741211,79.18000030517578,22028.0
2024-10-25 13:00:00+00:00,LSCC,54.56999969482422,54.56999969482422,54.56999969482422,54.56999969482422,54.56999969482422,310.0
2024-10-25 13:00:00+00:00,LYFT,13.734999656677246,13.734999656677246,13.739999771118164,13.729999542236328,13.729999542236328,15838.0
2024-10-25 13:00:00+00:00,MAXN,5.585000038146973,5.585000038146973,5.585000038146973,5.585000038146973,5.585000038146973,126.0
2024-10-25 13:00:00+00:00,MCHP,77.19000244140625,77.19000244140625,77.20999908447266,77.16999816894531,77.20999908447266,6191.0
2024-10-25 13:00:00+00:00,MIND,3.539900064468384,3.539900064468384,3.539900064468384,3.539900064468384,3.539900064468384,0.0
2024-10-25 13:00:00+00:00,MKSI,101.45999908447266,101.45999908447266,101.45999908447266,101.45999908447266,101.45999908447266,236.0
2024-10-25 13:00:00+00:00,MNDY,299.0,299.0,299.0,299.0,299.0,207.0
2024-10-25 13:00:00+00:00,MQ,5.275000095367432,5.275000095367432,5.28000020980835,5.275000095367432,5.28000020980835,2761.0
2024-10-25 13:00:00+00:00,MRVL,83.23200225830078,83.23200225830078,83.2699966430664,83.18049621582031,83.2699966430664,10166.0
2024-10-25 13:00:00+00:00,MSFT,430.3450012207031,430.3450012207031,430.3999938964844,430.19000244140625,430.3900146484375,11209.0
2024-10-25 13:00:00+00:00,MSTR,240.44639587402344,240.44639587402344,240.97439575195312,240.26010131835938,240.97439575195312,15152.0
2024-10-25 13:00:00+00:00,MTTR,4.614999771118164,4.614999771118164,4.614999771118164,4.614699840545654,4.614699840545654,663.0
2024-10-25 13:00:00+00:00,MU,108.87010192871094,108.87010192871094,108.94999694824219,108.86000061035156,108.94999694824219,6326.0
2024-10-25 13:00:00+00:00,MVIS,1.0800000429153442,1.0800000429153442,1.0850000381469727,1.0800000429153442,1.0839999914169312,10559.0
2024-10-25 13:00:00+00:00,MXL,15.029999732971191,15.029999732971191,15.039999961853027,15.020000457763672,15.039999961853027,2750.0
2024-10-25 13:00:00+00:00,NCNO,37.77989959716797,37.77989959716797,37.77989959716797,37.77989959716797,37.77989959716797,423.0
2024-10-25 13:00:00+00:00,NTAP,120.18000030517578,120.18000030517578,120.18000030517578,120.18000030517578,120.18000030517578,569.0
2024-10-25 13:00:00+00:00,NTGR,20.309999465942383,20.309999465942383,20.31999969482422,20.309999465942383,20.31999969482422,1376.0
2024-10-25 13:00:00+00:00,NTNX,62.189998626708984,62.189998626708984,62.189998626708984,62.189998626708984,62.189998626708984,307.0
2024-10-25 13:00:00+00:00,NVDA,143.2799072265625,143.2799072265625,143.32000732421875,143.1999969482422,143.3000030517578,344594.0
2024-10-25 13:00:00+00:00,NVEI,33.525001525878906,33.525001525878906,33.525001525878906,33.525001525878906,33.525001525878906,1863.0
2024-10-25 13:00:00+00:00,NVMI,184.8300018310547,184.8300018310547,184.8300018310547,184.8300018310547,184.8300018310547,509.0
2024-10-25 13:00:00+00:00,NXPI,245.44000244140625,245.44000244140625,245.5800018310547,245.44000244140625,245.5800018310547,4822.0
2024-10-25 13:00:00+00:00,OKTA,72.43000030517578,72.43000030517578,72.43000030517578,72.41999816894531,72.43000030517578,611.0
2024-10-25 13:00:00+00:00,ON,72.0199966430664,72.0199966430664,72.04000091552734,72.00650024414062,72.04000091552734,8660.0
2024-10-25 13:00:00+00:00,OSIS,134.61000061035156,134.61000061035156,134.76499938964844,134.61000061035156,134.76499938964844,1109.0
2024-10-25 13:00:00+00:00,OTEX,33.375999450683594,33.375999450683594,33.375999450683594,33.375999450683594,33.375999450683594,749.0
2024-10-25 13:00:00+00:00,PALT,1.9800000190734863,1.9800000190734863,1.9800000190734863,1.9800000190734863,1.9800000190734863,0.0
2024-10-25 13:00:00+00:00,PANW,369.0899963378906,369.0899963378906,369.0899963378906,369.0899963378906,369.0899963378906,860.0
2024-10-25 13:00:00+00:00,PAYO,8.3100004196167,8.3100004196167,8.3100004196167,8.305000305175781,8.305000305175781,710.0
2024-10-25 13:00:00+00:00,PEGA,80.52999877929688,80.52999877929688,80.52999877929688,80.43000030517578,80.45999908447266,5702.0
2024-10-25 13:00:00+00:00,PEGY,4.639999866485596,4.639999866485596,4.639999866485596,4.639999866485596,4.639999866485596,215.0
2024-10-25 13:00:00+00:00,PGY,11.824999809265137,11.824999809265137,11.824999809265137,11.824999809265137,11.824999809265137,1034.0
2024-10-25 13:00:00+00:00,PHUN,10.220000267028809,10.220000267028809,10.289999961853027,10.199999809265137,10.250100135803223,32621.0
2024-10-25 13:00:00+00:00,PLAB,23.719999313354492,23.719999313354492,23.73200035095215,23.719999313354492,23.73200035095215,780.0
2024-10-25 13:00:00+00:00,PRCH,1.3299000263214111,1.3299000263214111,1.3299000263214111,1.3299000263214111,1.3299000263214111,481.0
2024-10-25 13:00:00+00:00,PRSO,1.7799999713897705,1.7799999713897705,1.7799999713897705,1.7799999713897705,1.7799999713897705,949.0
2024-10-25 13:00:00+00:00,PRTH,5.304999828338623,5.304999828338623,5.309999942779541,5.304999828338623,5.309999942779541,3597.0
2024-10-25 13:00:00+00:00,PTC,186.95249938964844,186.95249938964844,187.16000366210938,186.92999267578125,187.16000366210938,7134.0
2024-10-25 13:00:00+00:00,PUBM,14.84000015258789,14.84000015258789,14.84000015258789,14.84000015258789,14.84000015258789,312.0
2024-10-25 13:00:00+00:00,QCOM,172.67999267578125,172.67999267578125,172.75,172.67999267578125,172.75,3016.0
2024-10-25 13:00:00+00:00,QH,1.4049999713897705,1.4049999713897705,1.4049999713897705,1.4049999713897705,1.4049999713897705,1392.0
2024-10-25 13:00:00+00:00,QRVO,100.47000122070312,100.47000122070312,100.5199966430664,100.47000122070312,100.5199966430664,3486.0
2024-10-25 13:00:00+00:00,QUBT,1.0700000524520874,1.0700000524520874,1.0799000263214111,1.0700000524520874,1.0799000263214111,5441.0
2024-10-25 13:00:00+00:00,REKR,1.093999981880188,1.093999981880188,1.093999981880188,1.093999981880188,1.093999981880188,200.0
2024-10-25 13:00:00+00:00,RELY,14.829999923706055,14.829999923706055,14.829999923706055,14.819999694824219,14.829999923706055,513.0
2024-10-25 13:00:00+00:00,RGTI,1.215000033378601,1.215000033378601,1.215000033378601,1.215000033378601,1.215000033378601,2595.0
2024-10-25 13:00:00+00:00,RIOT,10.02400016784668,10.02400016784668,10.029899597167969,10.010000228881836,10.015000343322754,53010.0
2024-10-25 13:00:00+00:00,RMBS,43.63859939575195,43.63859939575195,43.650001525878906,43.625,43.650001525878906,1396.0
2024-10-25 13:00:00+00:00,RPD,38.98500061035156,38.98500061035156,38.98500061035156,38.97999954223633,38.97999954223633,544.0
2024-10-25 13:00:00+00:00,RUM,5.739699840545654,5.739699840545654,5.739699840545654,5.739699840545654,5.739699840545654,1150.0
2024-10-25 13:00:00+00:00,RUN,14.3149995803833,14.3149995803833,14.319999694824219,14.305000305175781,14.3100004196167,7820.0
2024-10-25 13:00:00+00:00,SANM,67.58499908447266,67.58499908447266,67.61000061035156,67.58000183105469,67.61000061035156,1040.0
2024-10-25 13:00:00+00:00,SATS,25.059999465942383,25.059999465942383,25.059999465942383,25.059999465942383,25.059999465942383,148.0
2024-10-25 13:00:00+00:00,SEDG,16.020000457763672,16.020000457763672,16.040000915527344,16.010000228881836,16.040000915527344,9490.0
2024-10-25 13:00:00+00:00,SHLS,5.269999980926514,5.269999980926514,5.271399974822998,5.269999980926514,5.269999980926514,1967.0
2024-10-25 13:00:00+00:00,SKYT,10.699999809265137,10.699999809265137,10.710000038146973,10.699999809265137,10.710000038146973,379.0
2024-10-25 13:00:00+00:00,SLNHP,13.010000228881836,13.010000228881836,13.010000228881836,13.010000228881836,13.010000228881836,307.0
2024-10-25 13:00:00+00:00,SMCI,47.650001525878906,47.650001525878906,47.685001373291016,47.63999938964844,47.685001373291016,14396.0
2024-10-25 13:00:00+00:00,SNCR,10.7322998046875,10.7322998046875,10.7322998046875,10.7322998046875,10.7322998046875,363.0
2024-10-25 13:00:00+00:00,SNPS,503.7590026855469,503.7590026855469,504.25,503.75,504.25,2195.0
2024-10-25 13:00:00+00:00,SOUN,5.224999904632568,5.224999904632568,5.233799934387207,5.215000152587891,5.233799934387207,159423.0
2024-10-25 13:00:00+00:00,SPSC,172.27000427246094,172.27000427246094,172.27000427246094,171.59500122070312,171.59500122070312,1623.0
2024-10-25 13:00:00+00:00,SPT,26.940000534057617,26.940000534057617,26.940000534057617,26.940000534057617,26.940000534057617,275.0
2024-10-25 13:00:00+00:00,SSNC,69.62000274658203,69.62000274658203,69.68000030517578,69.62000274658203,69.68000030517578,5322.0
2024-10-25 13:00:00+00:00,SSTI,11.350000381469727,11.350000381469727,11.350000381469727,11.350000381469727,11.350000381469727,421.0
2024-10-25 13:00:00+00:00,STNE,11.494999885559082,11.494999885559082,11.510000228881836,11.489999771118164,11.510000228881836,11508.0
2024-10-25 13:00:00+00:00,STX,104.11000061035156,104.11000061035156,104.12999725341797,104.11000061035156,104.12999725341797,2989.0
2024-10-25 13:00:00+00:00,SYNA,73.29000091552734,73.29000091552734,73.29000091552734,73.29000091552734,73.29000091552734,310.0
2024-10-25 13:00:00+00:00,TACT,4.164999961853027,4.164999961853027,4.164999961853027,4.164999961853027,4.164999961853027,150.0
2024-10-25 13:00:00+00:00,TENB,41.599998474121094,41.599998474121094,41.630001068115234,41.599998474121094,41.625,1531.0
2024-10-25 13:00:00+00:00,TER,113.1500015258789,113.1500015258789,113.1500015258789,113.05000305175781,113.0999984741211,11949.0
2024-10-25 13:00:00+00:00,TLS,3.6600000858306885,3.6600000858306885,3.6600000858306885,3.6600000858306885,3.6600000858306885,354.0
2024-10-25 13:00:00+00:00,TRMB,61.11000061035156,61.11000061035156,61.11000061035156,61.095001220703125,61.10499954223633,1310.0
2024-10-25 13:00:00+00:00,TTD,119.34500122070312,119.34500122070312,119.37999725341797,119.30010223388672,119.36000061035156,6970.0
2024-10-25 13:00:00+00:00,TWKS,4.449999809265137,4.449999809265137,4.449999809265137,4.449999809265137,4.449999809265137,501.0
2024-10-25 13:00:00+00:00,TXN,209.13499450683594,209.13499450683594,209.1999969482422,209.091796875,209.1750030517578,6513.0
2024-10-25 13:00:00+00:00,UCTT,36.02000045776367,36.02000045776367,36.029998779296875,36.02000045776367,36.029998779296875,1917.0
2024-10-25 13:00:00+00:00,VERX,42.099998474121094,42.099998474121094,42.099998474121094,42.099998474121094,42.099998474121094,887.0
2024-10-25 13:00:00+00:00,VIAV,9.244999885559082,9.244999885559082,9.244999885559082,9.244999885559082,9.244999885559082,621.0
2024-10-25 13:00:00+00:00,VNET,3.4600000381469727,3.4600000381469727,3.4649999141693115,3.4600000381469727,3.4649999141693115,400.0
2024-10-25 13:00:00+00:00,VRNS,56.970001220703125,56.970001220703125,56.97999954223633,56.970001220703125,56.97999954223633,2538.0
2024-10-25 13:00:00+00:00,VRNT,22.200000762939453,22.200000762939453,22.200000762939453,22.200000762939453,22.200000762939453,1041.0
2024-10-25 13:00:00+00:00,VSAT,10.359999656677246,10.359999656677246,10.375,10.359999656677246,10.375,1755.0
2024-10-25 13:00:00+00:00,VUZI,1.3200000524520874,1.3200000524520874,1.3200000524520874,1.3200000524520874,1.3200000524520874,225.0
2024-10-25 13:00:00+00:00,WDC,70.91000366210938,70.91000366210938,70.96199798583984,70.88009643554688,70.96199798583984,15208.0
2024-10-25 13:00:00+00:00,WISA,1.9700000286102295,1.9700000286102295,1.9700000286102295,1.9605000019073486,1.9605000019073486,1638.0
2024-10-25 13:00:00+00:00,WIX,165.6999969482422,165.6999969482422,165.6999969482422,165.6999969482422,165.6999969482422,837.0
2024-10-25 13:00:00+00:00,WRAP,1.7899999618530273,1.7899999618530273,1.7899999618530273,1.7899999618530273,1.7899999618530273,0.0
2024-10-25 13:00:00+00:00,XRX,10.024999618530273,10.024999618530273,10.024999618530273,10.024999618530273,10.024999618530273,181.0
2024-10-25 13:00:00+00:00,ZI,10.5649995803833,10.5649995803833,10.5649995803833,10.5649995803833,10.5649995803833,575.0
2024-10-25 13:00:00+00:00,ZM,73.11000061035156,73.11000061035156,73.11000061035156,73.11000061035156,73.11000061035156,484.0
2024-10-25 13:00:00+00:00,ZS,185.80499267578125,185.80499267578125,185.9600067138672,185.8000030517578,185.8000030517578,2269.0
2024-10-25 13:01:00+00:00,AAOI,17.8700008392334,17.8700008392334,17.8700008392334,17.8700008392334,17.8700008392334,699.0
2024-10-25 13:01:00+00:00,AAPL,232.55999755859375,232.55999755859375,232.6300048828125,232.52200317382812,232.6199951171875,47894.0
2024-10-25 13:01:00+00:00,ACIW,48.81999969482422,48.81999969482422,48.81999969482422,48.81999969482422,48.81999969482422,654.0
2024-10-25 13:01:00+00:00,ACLS,90.55000305175781,90.55000305175781,90.55000305175781,90.55000305175781,90.55000305175781,484.0
2024-10-25 13:01:00+00:00,ADBE,485.4700012207031,485.4700012207031,485.7799987792969,485.4700012207031,485.7799987792969,2962.0
2024-10-25 13:01:00+00:00,ADI,233.75,233.75,233.75,233.57000732421875,233.57000732421875,3586.0
2024-10-25 13:01:00+00:00,ADTN,6.389999866485596,6.389999866485596,6.389999866485596,6.389999866485596,6.389999866485596,168.0
2024-10-25 13:01:00+00:00,AEHR,17.200000762939453,17.200000762939453,17.200000762939453,17.190000534057617,17.190000534057617,1325.0
2024-10-25 13:01:00+00:00,AFRM,41.75,41.75,41.7599983215332,41.720001220703125,41.720001220703125,4760.0
2024-10-25 13:01:00+00:00,AGYS,110.99500274658203,110.99500274658203,111.06999969482422,110.99500274658203,111.06999969482422,798.0
2024-10-25 13:01:00+00:00,AKAM,102.63500213623047,102.63500213623047,102.63500213623047,102.58499908447266,102.58499908447266,2583.0
2024-10-25 13:01:00+00:00,AKTS,0.057100001722574234,0.057100001722574234,0.057100001722574234,0.057100001722574234,0.057100001722574234,150.0
2024-10-25 13:01:00+00:00,ALGM,23.079999923706055,23.079999923706055,23.079999923706055,22.950000762939453,22.950000762939453,15594.0
2024-10-25 13:01:00+00:00,ALRM,54.630001068115234,54.630001068115234,54.630001068115234,54.630001068115234,54.630001068115234,1023.0
2024-10-25 13:01:00+00:00,AMAT,188.6840057373047,188.6840057373047,188.6840057373047,188.6840057373047,188.6840057373047,1040.0
2024-10-25 13:01:00+00:00,AMBA,58.5099983215332,58.5099983215332,58.5099983215332,58.5099983215332,58.5099983215332,370.0
2024-10-25 13:01:00+00:00,AMD,157.9799041748047,157.9799041748047,158.00990295410156,157.89999389648438,157.9600067138672,30879.0
2024-10-25 13:01:00+00:00,AMKR,30.09000015258789,30.09000015258789,30.09000015258789,30.06999969482422,30.06999969482422,1757.0
2024-10-25 13:01:00+00:00,API,2.869999885559082,2.869999885559082,2.869999885559082,2.869999885559082,2.869999885559082,479.0
2024-10-25 13:01:00+00:00,APP,161.66000366210938,161.66000366210938,161.75999450683594,161.66000366210938,161.75999450683594,2086.0
2024-10-25 13:01:00+00:00,APPF,214.875,214.875,214.92999267578125,214.875,214.92999267578125,820.0
2024-10-25 13:01:00+00:00,APPS,3.0950000286102295,3.0950000286102295,3.0950000286102295,3.0899999141693115,3.0899999141693115,2048.0
2024-10-25 13:01:00+00:00,ARQQ,6.989999771118164,6.989999771118164,6.989999771118164,6.988999843597412,6.988999843597412,389.0
2024-10-25 13:01:00+00:00,ARRY,6.434999942779541,6.434999942779541,6.449999809265137,6.434999942779541,6.449999809265137,5663.0
2024-10-25 13:01:00+00:00,ASML,718.8699951171875,718.8699951171875,719.0,718.8699951171875,719.0,1408.0
2024-10-25 13:01:00+00:00,ASYS,5.650100231170654,5.650100231170654,5.650100231170654,5.650100231170654,5.650100231170654,1420.0
2024-10-25 13:01:00+00:00,ATOM,3.365000009536743,3.365000009536743,3.365000009536743,3.359999895095825,3.359999895095825,300.0
2024-10-25 13:01:00+00:00,AUR,6.465000152587891,6.465000152587891,6.465000152587891,6.460000038146973,6.460000038146973,3752.0
2024-10-25 13:01:00+00:00,AVGO,175.7550048828125,175.7550048828125,175.77000427246094,175.64999389648438,175.6999969482422,12612.0
2024-10-25 13:01:00+00:00,AVNW,21.014999389648438,21.014999389648438,21.014999389648438,21.014999389648438,21.014999389648438,319.0
2024-10-25 13:01:00+00:00,AVPT,11.989999771118164,11.989999771118164,11.989999771118164,11.984999656677246,11.984999656677246,767.0
2024-10-25 13:01:00+00:00,AVT,54.01499938964844,54.01499938964844,54.01499938964844,53.959999084472656,53.959999084472656,2353.0
2024-10-25 13:01:00+00:00,BAND,17.645000457763672,17.645000457763672,17.65999984741211,17.645000457763672,17.65999984741211,2415.0
2024-10-25 13:01:00+00:00,BIGC,5.320000171661377,5.320000171661377,5.320000171661377,5.320000171661377,5.320000171661377,269.0
2024-10-25 13:01:00+00:00,BL,56.369998931884766,56.369998931884766,56.369998931884766,56.369998931884766,56.369998931884766,303.0
2024-10-25 13:01:00+00:00,BLKB,86.05999755859375,86.05999755859375,86.05999755859375,86.05999755859375,86.05999755859375,800.0
2024-10-25 13:01:00+00:00,BMBL,7.215000152587891,7.215000152587891,7.21999979019165,7.210000038146973,7.210000038146973,4913.0
2024-10-25 13:01:00+00:00,BSY,49.15999984741211,49.15999984741211,49.15999984741211,49.13999938964844,49.13999938964844,1221.0
2024-10-25 13:01:00+00:00,CAMP,11.047499656677246,11.047499656677246,11.047499656677246,11.047499656677246,11.047499656677246,370.0
2024-10-25 13:01:00+00:00,CAN,0.9811000227928162,0.9811000227928162,0.9814000129699707,0.9810000061988831,0.9814000129699707,18234.0
2024-10-25 13:01:00+00:00,CDNS,259.5899963378906,259.5899963378906,259.5899963378906,259.4750061035156,259.489990234375,1853.0
2024-10-25 13:01:00+00:00,CDW,219.7825927734375,219.7825927734375,219.86000061035156,219.77999877929688,219.82000732421875,1464.0
2024-10-25 13:01:00+00:00,CETX,0.30730000138282776,0.30730000138282776,0.30730000138282776,0.30559998750686646,0.30559998750686646,15250.0
2024-10-25 13:01:00+00:00,CEVA,24.270000457763672,24.270000457763672,24.270000457763672,24.270000457763672,24.270000457763672,439.0
2024-10-25 13:01:00+00:00,CFLT,22.510000228881836,22.510000228881836,22.520000457763672,22.485000610351562,22.485000610351562,3500.0
2024-10-25 13:01:00+00:00,CGNX,38.95000076293945,38.95000076293945,38.95000076293945,38.88999938964844,38.900001525878906,6015.0
2024-10-25 13:01:00+00:00,CHKP,207.375,207.375,207.375,207.375,207.375,1078.0
2024-10-25 13:01:00+00:00,CLBT,18.15999984741211,18.15999984741211,18.15999984741211,18.15999984741211,18.15999984741211,250.0
2024-10-25 13:01:00+00:00,CLSK,11.885000228881836,11.885000228881836,11.906000137329102,11.880000114440918,11.88599967956543,46644.0
2024-10-25 13:01:00+00:00,CNDT,3.615000009536743,3.615000009536743,3.619999885559082,3.615000009536743,3.615000009536743,4565.0
2024-10-25 13:01:00+00:00,COHR,95.8499984741211,95.8499984741211,96.08000183105469,95.79000091552734,96.08000183105469,8574.0
2024-10-25 13:01:00+00:00,COIN,210.1649932861328,210.1649932861328,210.35000610351562,209.63999938964844,209.63999938964844,6279.0
2024-10-25 13:01:00+00:00,COMM,6.304999828338623,6.304999828338623,6.309999942779541,6.283999919891357,6.289999961853027,19048.0
2024-10-25 13:01:00+00:00,CORZ,13.385000228881836,13.385000228881836,13.385000228881836,13.369999885559082,13.369999885559082,2793.0
2024-10-25 13:01:00+00:00,CRDO,39.625,39.625,39.625,39.625,39.625,1638.0
2024-10-25 13:01:00+00:00,CRSR,6.385000228881836,6.385000228881836,6.389999866485596,6.385000228881836,6.385000228881836,912.0
2024-10-25 13:01:00+00:00,CRWD,301.20001220703125,301.20001220703125,301.2799987792969,300.7049865722656,300.7349853515625,20712.0
2024-10-25 13:01:00+00:00,CSCO,55.98500061035156,55.98500061035156,55.988399505615234,55.959999084472656,55.96500015258789,14145.0
2024-10-25 13:01:00+00:00,CSGS,47.56999969482422,47.56999969482422,47.56999969482422,47.54999923706055,47.54999923706055,787.0
2024-10-25 13:01:00+00:00,CSIQ,13.669899940490723,13.669899940490723,13.670000076293945,13.650300025939941,13.670000076293945,954.0
2024-10-25 13:01:00+00:00,CTLP,8.904999732971191,8.904999732971191,8.904999732971191,8.904999732971191,8.904999732971191,677.0
2024-10-25 13:01:00+00:00,CTSH,74.87000274658203,74.87000274658203,74.87000274658203,74.81999969482422,74.81999969482422,2277.0
2024-10-25 13:01:00+00:00,CVLT,134.55999755859375,134.55999755859375,134.55999755859375,134.55999755859375,134.55999755859375,529.0
2024-10-25 13:01:00+00:00,DBX,26.051799774169922,26.051799774169922,26.051799774169922,26.051799774169922,26.051799774169922,482.0
2024-10-25 13:01:00+00:00,DDOG,127.4000015258789,127.4000015258789,127.4000015258789,127.26000213623047,127.26000213623047,5693.0
2024-10-25 13:01:00+00:00,DIOD,66.56500244140625,66.56500244140625,66.56500244140625,66.56500244140625,66.56500244140625,464.0
2024-10-25 13:01:00+00:00,DOCU,69.88999938964844,69.88999938964844,69.9000015258789,69.86000061035156,69.87000274658203,6412.0
2024-10-25 13:01:00+00:00,DOX,89.57499694824219,89.57499694824219,89.57499694824219,89.57499694824219,89.57499694824219,729.0
2024-10-25 13:01:00+00:00,DSGX,104.19999694824219,104.19999694824219,104.19999694824219,104.19999694824219,104.19999694824219,235.0
2024-10-25 13:01:00+00:00,DSP,11.399999618530273,11.399999618530273,11.399999618530273,11.399999618530273,11.399999618530273,887.0
2024-10-25 13:01:00+00:00,DUOL,290.489990234375,290.489990234375,290.489990234375,290.3999938964844,290.3999938964844,1433.0
2024-10-25 13:01:00+00:00,EEFT,99.62000274658203,99.62000274658203,99.62000274658203,99.62000274658203,99.62000274658203,154.0
2024-10-25 13:01:00+00:00,ENPH,82.83499908447266,82.83499908447266,82.86000061035156,82.62999725341797,82.62999725341797,4569.0
2024-10-25 13:01:00+00:00,ENTG,105.94000244140625,105.94000244140625,105.94000244140625,105.9000015258789,105.9000015258789,2878.0
2024-10-25 13:01:00+00:00,ERIC,8.484999656677246,8.484999656677246,8.487500190734863,8.484999656677246,8.484999656677246,21821.0
2024-10-25 13:01:00+00:00,EXFY,1.725000023841858,1.725000023841858,1.725100040435791,1.725000023841858,1.725100040435791,2510.0
2024-10-25 13:01:00+00:00,EXLS,38.88999938964844,38.88999938964844,38.900001525878906,38.880001068115234,38.900001525878906,5885.0
2024-10-25 13:01:00+00:00,EXTR,14.489999771118164,14.489999771118164,14.489999771118164,14.478599548339844,14.478599548339844,769.0
2024-10-25 13:01:00+00:00,FIVN,29.8799991607666,29.8799991607666,29.889999389648438,29.8799991607666,29.889999389648438,806.0
2024-10-25 13:01:00+00:00,FLYW,17.489999771118164,17.489999771118164,17.489999771118164,17.469999313354492,17.469999313354492,1613.0
2024-10-25 13:01:00+00:00,FROG,29.424999237060547,29.424999237060547,29.43000030517578,29.3799991607666,29.3799991607666,2360.0
2024-10-25 13:01:00+00:00,FRSH,11.654999732971191,11.654999732971191,11.654999732971191,11.654999732971191,11.654999732971191,900.0
2024-10-25 13:01:00+00:00,FSLR,198.3800048828125,198.3800048828125,198.3800048828125,198.25999450683594,198.25999450683594,2535.0
2024-10-25 13:01:00+00:00,FTNT,81.11000061035156,81.11000061035156,81.11000061035156,81.06999969482422,81.08499908447266,1917.0
2024-10-25 13:01:00+00:00,GCT,24.8799991607666,24.8799991607666,24.8799991607666,24.850000381469727,24.850000381469727,1384.0
2024-10-25 13:01:00+00:00,GDS,21.530000686645508,21.530000686645508,21.540000915527344,21.530000686645508,21.540000915527344,1336.0
2024-10-25 13:01:00+00:00,GFS,41.25,41.25,41.25,41.25,41.25,1198.0
2024-10-25 13:01:00+00:00,GPRO,1.3350000381469727,1.3350000381469727,1.3350000381469727,1.3350000381469727,1.3350000381469727,76.0
2024-10-25 13:01:00+00:00,GRAB,4.09499979019165,4.09499979019165,4.099999904632568,4.090000152587891,4.09499979019165,5095.0
2024-10-25 13:01:00+00:00,GRRR,4.539999961853027,4.539999961853027,4.539999961853027,4.525000095367432,4.529900074005127,24795.0
2024-10-25 13:01:00+00:00,GTLB,55.40999984741211,55.40999984741211,55.40999984741211,55.40999984741211,55.40999984741211,305.0
2024-10-25 13:01:00+00:00,HCP,33.665000915527344,33.665000915527344,33.665000915527344,33.65999984741211,33.65999984741211,890.0
2024-10-25 13:01:00+00:00,HLIT,14.819999694824219,14.819999694824219,14.819999694824219,14.819999694824219,14.819999694824219,716.0
2024-10-25 13:01:00+00:00,HOLO,3.634999990463257,3.634999990463257,3.634999990463257,3.630000114440918,3.630000114440918,522.0
2024-10-25 13:01:00+00:00,HOOD,27.31999969482422,27.31999969482422,27.325000762939453,27.295000076293945,27.299999237060547,8557.0
2024-10-25 13:01:00+00:00,IDN,2.4000000953674316,2.4000000953674316,2.4000000953674316,2.4000000953674316,2.4000000953674316,0.0
2024-10-25 13:01:00+00:00,IMMR,8.720000267028809,8.720000267028809,8.720000267028809,8.71500015258789,8.71500015258789,0.0
2024-10-25 13:01:00+00:00,INDI,3.555000066757202,3.555000066757202,3.555000066757202,3.555000066757202,3.555000066757202,804.0
2024-10-25 13:01:00+00:00,INOD,20.19499969482422,20.19499969482422,20.19499969482422,20.19499969482422,20.19499969482422,209.0
2024-10-25 13:01:00+00:00,INTC,23.135000228881836,23.135000228881836,23.139999389648438,23.120100021362305,23.125,96930.0
2024-10-25 13:01:00+00:00,INTU,611.8900146484375,611.8900146484375,611.8900146484375,611.72998046875,611.72998046875,1714.0
2024-10-25 13:01:00+00:00,IPGP,77.30999755859375,77.30999755859375,77.30999755859375,77.30999755859375,77.30999755859375,223.0
2024-10-25 13:01:00+00:00,ITI,7.195000171661377,7.195000171661377,7.195000171661377,7.195000171661377,7.195000171661377,5120.0
2024-10-25 13:01:00+00:00,JAMF,16.790000915527344,16.790000915527344,16.790000915527344,16.780000686645508,16.780000686645508,639.0
2024-10-25 13:01:00+00:00,JKHY,183.64999389648438,183.64999389648438,183.64999389648438,183.64999389648438,183.64999389648438,197.0
2024-10-25 13:01:00+00:00,KC,2.7200000286102295,2.7200000286102295,2.7249999046325684,2.7200000286102295,2.7249999046325684,981.0
2024-10-25 13:01:00+00:00,KLAC,681.4000244140625,681.4000244140625,682.0869750976562,681.1099853515625,681.97998046875,10414.0
2024-10-25 13:01:00+00:00,KLIC,44.68000030517578,44.68000030517578,44.68000030517578,44.68000030517578,44.68000030517578,266.0
2024-10-25 13:01:00+00:00,KOPN,0.7804999947547913,0.7804999947547913,0.7804999947547913,0.7804999947547913,0.7804999947547913,4212.0
2024-10-25 13:01:00+00:00,LITE,64.2699966430664,64.2699966430664,64.2699966430664,64.2699966430664,64.2699966430664,222.0
2024-10-25 13:01:00+00:00,LPSN,1.1749999523162842,1.1749999523162842,1.1749999523162842,1.1749999523162842,1.1749999523162842,294.0
2024-10-25 13:01:00+00:00,LRCX,79.1760025024414,79.1760025024414,79.19999694824219,79.13999938964844,79.16000366210938,16279.0
2024-10-25 13:01:00+00:00,LSCC,54.56999969482422,54.56999969482422,54.56999969482422,54.560001373291016,54.560001373291016,477.0
2024-10-25 13:01:00+00:00,LUNA,1.8200000524520874,1.8200000524520874,1.8200000524520874,1.8200000524520874,1.8200000524520874,241.0
2024-10-25 13:01:00+00:00,LYFT,13.755999565124512,13.755999565124512,13.760000228881836,13.734999656677246,13.734999656677246,19555.0
2024-10-25 13:01:00+00:00,LYT,1.940000057220459,1.940000057220459,1.9809999465942383,1.940000057220459,1.9809999465942383,0.0
2024-10-25 13:01:00+00:00,MANH,276.19000244140625,276.19000244140625,276.19000244140625,276.1600036621094,276.1600036621094,1441.0
2024-10-25 13:01:00+00:00,MARK,0.11509999632835388,0.11509999632835388,0.11509999632835388,0.11509999632835388,0.11509999632835388,2500.0
2024-10-25 13:01:00+00:00,MAXN,5.5980000495910645,5.5980000495910645,5.5980000495910645,5.5980000495910645,5.5980000495910645,313.0
2024-10-25 13:01:00+00:00,MCHP,77.2300033569336,77.2300033569336,77.2300033569336,77.19999694824219,77.19999694824219,966.0
2024-10-25 13:01:00+00:00,MDB,267.69000244140625,267.69000244140625,267.69000244140625,267.4200134277344,267.4200134277344,1254.0
2024-10-25 13:01:00+00:00,MKSI,101.38500213623047,101.38500213623047,101.44000244140625,101.38500213623047,101.38999938964844,1284.0
2024-10-25 13:01:00+00:00,MNDY,298.9800109863281,298.9800109863281,298.9800109863281,298.9800109863281,298.9800109863281,234.0
2024-10-25 13:01:00+00:00,MQ,5.284999847412109,5.284999847412109,5.289999961853027,5.275000095367432,5.275000095367432,11603.0
2024-10-25 13:01:00+00:00,MRVL,83.20999908447266,83.20999908447266,83.26000213623047,83.19999694824219,83.22000122070312,7863.0
2024-10-25 13:01:00+00:00,MSFT,430.42498779296875,430.42498779296875,430.510009765625,430.3399963378906,430.3800048828125,10655.0
2024-10-25 13:01:00+00:00,MSTR,241.41000366210938,241.41000366210938,241.77000427246094,240.4864959716797,240.49000549316406,64742.0
2024-10-25 13:01:00+00:00,MTC,0.3700999915599823,0.3700999915599823,0.3700999915599823,0.3700999915599823,0.3700999915599823,2751.0
2024-10-25 13:01:00+00:00,MTSI,120.95999908447266,120.95999908447266,120.95999908447266,120.95999908447266,120.95999908447266,207.0
2024-10-25 13:01:00+00:00,MTTR,4.614999771118164,4.614999771118164,4.614999771118164,4.614999771118164,4.614999771118164,741.0
2024-10-25 13:01:00+00:00,MU,108.87999725341797,108.87999725341797,108.9000015258789,108.87000274658203,108.88999938964844,7818.0
2024-10-25 13:01:00+00:00,MVIS,1.0800000429153442,1.0800000429153442,1.0896999835968018,1.0800000429153442,1.0850000381469727,17173.0
2024-10-25 13:01:00+00:00,MXL,15.029999732971191,15.029999732971191,15.029999732971191,15.020000457763672,15.029999732971191,2245.0
2024-10-25 13:01:00+00:00,NICE,176.7344970703125,176.7344970703125,176.85499572753906,176.7344970703125,176.85499572753906,670.0
2024-10-25 13:01:00+00:00,NTAP,120.20999908447266,120.20999908447266,120.2300033569336,120.20999908447266,120.20999908447266,2319.0
2024-10-25 13:01:00+00:00,NTCT,20.719999313354492,20.719999313354492,20.719999313354492,20.709999084472656,20.709999084472656,1551.0
2024-10-25 13:01:00+00:00,NTNX,62.20000076293945,62.20000076293945,62.220001220703125,62.19499969482422,62.19499969482422,3048.0
2024-10-25 13:01:00+00:00,NVDA,143.3249969482422,143.3249969482422,143.35000610351562,143.25,143.28500366210938,229147.0
2024-10-25 13:01:00+00:00,NVTS,2.6040000915527344,2.6040000915527344,2.605299949645996,2.6040000915527344,2.6050000190734863,5293.0
2024-10-25 13:01:00+00:00,NXPI,245.60499572753906,245.60499572753906,245.60499572753906,245.60499572753906,245.60499572753906,656.0
2024-10-25 13:01:00+00:00,OKTA,72.44999694824219,72.44999694824219,72.44999694824219,72.44000244140625,72.44000244140625,1838.0
2024-10-25 13:01:00+00:00,OLED,204.22000122070312,204.22000122070312,204.22000122070312,204.22000122070312,204.22000122070312,2138.0
2024-10-25 13:01:00+00:00,ON,72.02999877929688,72.02999877929688,72.05500030517578,72.01000213623047,72.02999877929688,9016.0
2024-10-25 13:01:00+00:00,OSIS,134.52999877929688,134.52999877929688,134.52999877929688,134.52999877929688,134.52999877929688,156.0
2024-10-25 13:01:00+00:00,PALT,1.9800000190734863,1.9800000190734863,1.9800000190734863,1.9800000190734863,1.9800000190734863,300.0
2024-10-25 13:01:00+00:00,PANW,369.1600036621094,369.1600036621094,369.2699890136719,369.1600036621094,369.2699890136719,1747.0
2024-10-25 13:01:00+00:00,PAYO,8.319999694824219,8.319999694824219,8.319999694824219,8.305000305175781,8.305000305175781,9286.0
2024-10-25 13:01:00+00:00,PCTY,173.72999572753906,173.72999572753906,173.72999572753906,173.72999572753906,173.72999572753906,377.0
2024-10-25 13:01:00+00:00,PDFS,29.389999389648438,29.389999389648438,29.399999618530273,29.389999389648438,29.399999618530273,752.0
2024-10-25 13:01:00+00:00,PEGA,80.69000244140625,80.69000244140625,80.69000244140625,80.52999877929688,80.52999877929688,3697.0
2024-10-25 13:01:00+00:00,PGY,11.850000381469727,11.850000381469727,11.850000381469727,11.850000381469727,11.850000381469727,120.0
2024-10-25 13:01:00+00:00,PHUN,10.25,10.25,10.260000228881836,10.229999542236328,10.229999542236328,19018.0
2024-10-25 13:01:00+00:00,PI,204.22500610351562,204.22500610351562,204.22500610351562,204.22500610351562,204.22500610351562,323.0
2024-10-25 13:01:00+00:00,PLXS,142.57000732421875,142.57000732421875,142.57000732421875,142.57000732421875,142.57000732421875,901.0
2024-10-25 13:01:00+00:00,POET,3.8887999057769775,3.8887999057769775,3.890000104904175,3.888000011444092,3.888000011444092,2129.0
2024-10-25 13:01:00+00:00,PRCH,1.3049999475479126,1.3049999475479126,1.3250000476837158,1.3049999475479126,1.3240000009536743,10090.0
2024-10-25 13:01:00+00:00,PTC,186.9199981689453,186.9199981689453,186.9550018310547,186.89999389648438,186.9550018310547,3757.0
2024-10-25 13:01:00+00:00,PYCR,14.350000381469727,14.350000381469727,14.350000381469727,14.350000381469727,14.350000381469727,729.0
2024-10-25 13:01:00+00:00,QCOM,172.72999572753906,172.72999572753906,172.74000549316406,172.7100067138672,172.72000122070312,2047.0
2024-10-25 13:01:00+00:00,QLYS,120.29499816894531,120.29499816894531,120.29499816894531,120.29499816894531,120.29499816894531,584.0
2024-10-25 13:01:00+00:00,QRVO,100.5,100.5,100.5199966430664,100.48999786376953,100.48999786376953,1374.0
2024-10-25 13:01:00+00:00,QUBT,1.0749000310897827,1.0749000310897827,1.0749000310897827,1.0700000524520874,1.072100043296814,2341.0
2024-10-25 13:01:00+00:00,RCAT,2.765000104904175,2.765000104904175,2.765000104904175,2.765000104904175,2.765000104904175,143.0
2024-10-25 13:01:00+00:00,RELY,14.829999923706055,14.829999923706055,14.835000038146973,14.829999923706055,14.829999923706055,2919.0
2024-10-25 13:01:00+00:00,RGTI,1.214900016784668,1.214900016784668,1.2200000286102295,1.2101000547409058,1.215000033378601,16893.0
2024-10-25 13:01:00+00:00,RIOT,10.020099639892578,10.020099639892578,10.039899826049805,10.020000457763672,10.020000457763672,19565.0
2024-10-25 13:01:00+00:00,RMBS,43.64500045776367,43.64500045776367,43.64500045776367,43.63999938964844,43.63999938964844,528.0
2024-10-25 13:01:00+00:00,RPAY,7.590000152587891,7.590000152587891,7.590000152587891,7.590000152587891,7.590000152587891,1146.0
2024-10-25 13:01:00+00:00,RPD,39.0099983215332,39.0099983215332,39.0099983215332,39.0099983215332,39.0099983215332,465.0
2024-10-25 13:01:00+00:00,RUM,5.738999843597412,5.738999843597412,5.739999771118164,5.738999843597412,5.739999771118164,3463.0
2024-10-25 13:01:00+00:00,RUN,14.3149995803833,14.3149995803833,14.3149995803833,14.305000305175781,14.3100004196167,10819.0
2024-10-25 13:01:00+00:00,SANM,67.63500213623047,67.63500213623047,67.66000366210938,67.58499908447266,67.58499908447266,1861.0
2024-10-25 13:01:00+00:00,SATS,25.139999389648438,25.139999389648438,25.139999389648438,25.079999923706055,25.079999923706055,3185.0
2024-10-25 13:01:00+00:00,SCSC,44.810001373291016,44.810001373291016,44.810001373291016,44.810001373291016,44.810001373291016,237.0
2024-10-25 13:01:00+00:00,SEDG,16.075000762939453,16.075000762939453,16.079999923706055,16.010000228881836,16.020000457763672,4465.0
2024-10-25 13:01:00+00:00,SHLS,5.26039981842041,5.26039981842041,5.269999980926514,5.260000228881836,5.269999980926514,2167.0
2024-10-25 13:01:00+00:00,SKYT,10.6899995803833,10.6899995803833,10.6899995803833,10.680000305175781,10.680000305175781,957.0
2024-10-25 13:01:00+00:00,SLAB,115.32499694824219,115.32499694824219,115.32499694824219,115.32499694824219,115.32499694824219,702.0
2024-10-25 13:01:00+00:00,SMCI,47.68920135498047,47.68920135498047,47.68949890136719,47.650001525878906,47.650001525878906,17695.0
2024-10-25 13:01:00+00:00,SMSI,0.8198999762535095,0.8198999762535095,0.8198999762535095,0.8198999762535095,0.8198999762535095,407.0
2024-10-25 13:01:00+00:00,SMTC,45.90999984741211,45.90999984741211,45.93000030517578,45.900001525878906,45.900001525878906,930.0
2024-10-25 13:01:00+00:00,SNPS,503.7749938964844,503.7749938964844,504.0199890136719,503.7250061035156,503.7250061035156,1233.0
2024-10-25 13:01:00+00:00,SONO,12.800000190734863,12.800000190734863,12.805000305175781,12.779999732971191,12.800000190734863,17595.0
2024-10-25 13:01:00+00:00,SOTK,4.489999771118164,4.489999771118164,4.489999771118164,4.489999771118164,4.489999771118164,507.0
2024-10-25 13:01:00+00:00,SOUN,5.224999904632568,5.224999904632568,5.230000019073486,5.21999979019165,5.22599983215332,31615.0
2024-10-25 13:01:00+00:00,SOUNW,1.909999966621399,1.909999966621399,1.909999966621399,1.909999966621399,1.909999966621399,200.0
2024-10-25 13:01:00+00:00,SPSC,172.68370056152344,172.68370056152344,172.8199005126953,172.3699951171875,172.3800048828125,1572.0
2024-10-25 13:01:00+00:00,SPT,26.950000762939453,26.950000762939453,26.950000762939453,26.950000762939453,26.950000762939453,1557.0
2024-10-25 13:01:00+00:00,SSNC,69.62000274658203,69.62000274658203,69.63999938964844,69.61000061035156,69.61000061035156,2024.0
2024-10-25 13:01:00+00:00,SSTI,11.350000381469727,11.350000381469727,11.350000381469727,11.350000381469727,11.350000381469727,341.0
2024-10-25 13:01:00+00:00,STNE,11.494999885559082,11.494999885559082,11.494999885559082,11.494999885559082,11.494999885559082,898.0
2024-10-25 13:01:00+00:00,STX,104.11000061035156,104.11000061035156,104.11000061035156,104.11000061035156,104.11000061035156,424.0
2024-10-25 13:01:00+00:00,SURG,1.75,1.75,1.75,1.75,1.75,1900.0
2024-10-25 13:01:00+00:00,SWKS,96.55999755859375,96.55999755859375,96.55999755859375,96.5199966430664,96.53500366210938,2074.0
2024-10-25 13:01:00+00:00,SYNA,73.30000305175781,73.30000305175781,73.30000305175781,73.29000091552734,73.29000091552734,529.0
2024-10-25 13:01:00+00:00,TEAM,190.42999267578125,190.42999267578125,190.42999267578125,190.42999267578125,190.42999267578125,1039.0
2024-10-25 13:01:00+00:00,TENB,41.63999938964844,41.63999938964844,41.63999938964844,41.599998474121094,41.61000061035156,1780.0
2024-10-25 13:01:00+00:00,TER,113.2249984741211,113.2249984741211,113.2249984741211,113.12999725341797,113.1500015258789,10811.0
2024-10-25 13:01:00+00:00,TRMB,61.099998474121094,61.099998474121094,61.099998474121094,61.09000015258789,61.09000015258789,990.0
2024-10-25 13:01:00+00:00,TTD,119.36000061035156,119.36000061035156,119.36000061035156,119.36000061035156,119.36000061035156,608.0
2024-10-25 13:01:00+00:00,TTEC,5.380000114440918,5.380000114440918,5.380000114440918,5.380000114440918,5.380000114440918,107.0
2024-10-25 13:01:00+00:00,TTMI,19.520000457763672,19.520000457763672,19.520000457763672,19.520000457763672,19.520000457763672,745.0
2024-10-25 13:01:00+00:00,TWKS,4.449999809265137,4.449999809265137,4.449999809265137,4.449999809265137,4.449999809265137,1401.0
2024-10-25 13:01:00+00:00,TXN,209.3300018310547,209.3300018310547,209.3300018310547,209.16000366210938,209.16000366210938,3308.0
2024-10-25 13:01:00+00:00,UCTT,36.02000045776367,36.02000045776367,36.02000045776367,36.01499938964844,36.02000045776367,765.0
2024-10-25 13:01:00+00:00,VECO,29.565000534057617,29.565000534057617,29.565000534057617,29.565000534057617,29.565000534057617,437.0
2024-10-25 13:01:00+00:00,VERI,3.430000066757202,3.430000066757202,3.430000066757202,3.430000066757202,3.430000066757202,1617.0
2024-10-25 13:01:00+00:00,VIAV,9.244999885559082,9.244999885559082,9.244999885559082,9.244999885559082,9.244999885559082,548.0
2024-10-25 13:01:00+00:00,VRNS,56.959999084472656,56.959999084472656,56.97999954223633,56.959999084472656,56.97999954223633,1463.0
2024-10-25 13:01:00+00:00,VRNT,22.209999084472656,22.209999084472656,22.209999084472656,22.209999084472656,22.209999084472656,374.0
2024-10-25 13:01:00+00:00,VSAT,10.380000114440918,10.380000114440918,10.380000114440918,10.359999656677246,10.359999656677246,2461.0
2024-10-25 13:01:00+00:00,WDAY,239.5800018310547,239.5800018310547,239.625,239.5800018310547,239.625,1890.0
2024-10-25 13:01:00+00:00,WDC,70.94499969482422,70.94499969482422,70.97000122070312,70.94000244140625,70.94000244140625,5759.0
2024-10-25 13:01:00+00:00,WISA,1.9670000076293945,1.9670000076293945,1.9670000076293945,1.9670000076293945,1.9670000076293945,2913.0
2024-10-25 13:01:00+00:00,XPER,9.414999961853027,9.414999961853027,9.414999961853027,9.414999961853027,9.414999961853027,392.0
2024-10-25 13:01:00+00:00,XRX,10.024999618530273,10.024999618530273,10.024999618530273,10.020000457763672,10.020000457763672,2399.0
2024-10-25 13:01:00+00:00,ZBRA,362.3450012207031,362.3450012207031,362.3450012207031,362.3450012207031,362.3450012207031,343.0
2024-10-25 13:01:00+00:00,ZI,10.5649995803833,10.5649995803833,10.5649995803833,10.5649995803833,10.5649995803833,2199.0
2024-10-25 13:01:00+00:00,ZM,73.12000274658203,73.12000274658203,73.12000274658203,73.11000061035156,73.11000061035156,978.0
2024-10-25 13:01:00+00:00,ZS,186.09500122070312,186.09500122070312,186.1199951171875,185.92999267578125,185.92999267578125,2863.0
2024-10-25 13:02:00+00:00,AAPL,232.49000549316406,232.49000549316406,232.5500030517578,232.47999572753906,232.5500030517578,31312.0
2024-10-25 13:02:00+00:00,ACMR,19.920000076293945,19.920000076293945,19.920000076293945,19.920000076293945,19.920000076293945,1037.0
2024-10-25 13:02:00+00:00,ADBE,485.29998779296875,485.29998779296875,485.4700012207031,485.2950134277344,485.4700012207031,1384.0
2024-10-25 13:02:00+00:00,ADI,233.6300048828125,233.6300048828125,233.6300048828125,233.6300048828125,233.6300048828125,721.0
2024-10-25 13:02:00+00:00,ADSK,287.010009765625,287.010009765625,287.010009765625,286.8612060546875,286.8612060546875,402.0
2024-10-25 13:02:00+00:00,ADTN,6.385000228881836,6.385000228881836,6.385000228881836,6.385000228881836,6.385000228881836,248.0
2024-10-25 13:02:00+00:00,AEHR,17.239999771118164,17.239999771118164,17.239999771118164,17.20009994506836,17.20009994506836,1662.0
2024-10-25 13:02:00+00:00,AEYE,22.979999542236328,22.979999542236328,22.979999542236328,22.979999542236328,22.979999542236328,636.0
2024-10-25 13:02:00+00:00,AFRM,41.73500061035156,41.73500061035156,41.737701416015625,41.720001220703125,41.720001220703125,4036.0
2024-10-25 13:02:00+00:00,AIP,6.920000076293945,6.920000076293945,6.920000076293945,6.920000076293945,6.920000076293945,353.0
2024-10-25 13:02:00+00:00,AKAM,102.6500015258789,102.6500015258789,102.6500015258789,102.6500015258789,102.6500015258789,297.0
2024-10-25 13:02:00+00:00,ALGM,23.059999465942383,23.059999465942383,23.075000762939453,23.059999465942383,23.06999969482422,6732.0
2024-10-25 13:02:00+00:00,ALKT,38.16999816894531,38.16999816894531,38.16999816894531,38.16999816894531,38.16999816894531,2502.0
2024-10-25 13:02:00+00:00,AMAT,188.57000732421875,188.57000732421875,188.60000610351562,188.49099731445312,188.60000610351562,2544.0
2024-10-25 13:02:00+00:00,AMD,157.947998046875,157.947998046875,157.98500061035156,157.89199829101562,157.98500061035156,27740.0
2024-10-25 13:02:00+00:00,AMKR,30.084999084472656,30.084999084472656,30.084999084472656,30.084999084472656,30.084999084472656,370.0
2024-10-25 13:02:00+00:00,ANSS,325.5,325.5,325.5,325.3999938964844,325.3999938964844,740.0
2024-10-25 13:02:00+00:00,API,2.880000114440918,2.880000114440918,2.880000114440918,2.869999885559082,2.869999885559082,5833.0
2024-10-25 13:02:00+00:00,APP,161.3800048828125,161.3800048828125,161.57000732421875,161.3350067138672,161.57000732421875,4157.0
2024-10-25 13:02:00+00:00,APPN,32.064998626708984,32.064998626708984,32.064998626708984,32.064998626708984,32.064998626708984,447.0
2024-10-25 13:02:00+00:00,APPS,3.0850000381469727,3.0850000381469727,3.0950000286102295,3.0850000381469727,3.0945000648498535,12237.0
2024-10-25 13:02:00+00:00,ARQQ,6.980000019073486,6.980000019073486,6.980000019073486,6.980000019073486,6.980000019073486,992.0
2024-10-25 13:02:00+00:00,ARRY,6.454999923706055,6.454999923706055,6.454999923706055,6.429999828338623,6.439000129699707,13469.0
2024-10-25 13:02:00+00:00,ASML,718.8200073242188,718.8200073242188,718.8200073242188,718.8200073242188,718.8200073242188,762.0
2024-10-25 13:02:00+00:00,ASNS,1.3250000476837158,1.3250000476837158,1.3257999420166016,1.3250000476837158,1.3250000476837158,14429.0
2024-10-25 13:02:00+00:00,AUR,6.465000152587891,6.465000152587891,6.469799995422363,6.465000152587891,6.469799995422363,3462.0
2024-10-25 13:02:00+00:00,AVGO,175.64999389648438,175.64999389648438,175.75,175.64999389648438,175.74000549316406,9379.0
2024-10-25 13:02:00+00:00,AVPT,11.989999771118164,11.989999771118164,11.989999771118164,11.989999771118164,11.989999771118164,117.0
2024-10-25 13:02:00+00:00,AVT,54.01499938964844,54.01499938964844,54.01499938964844,54.01499938964844,54.01499938964844,221.0
2024-10-25 13:02:00+00:00,BMBL,7.215000152587891,7.215000152587891,7.21999979019165,7.210000038146973,7.210000038146973,1205.0
2024-10-25 13:02:00+00:00,BRZE,30.6200008392334,30.6200008392334,30.6200008392334,30.598600387573242,30.598600387573242,1862.0
2024-10-25 13:02:00+00:00,BSY,49.134300231933594,49.134300231933594,49.13999938964844,49.130001068115234,49.13999938964844,1555.0
2024-10-25 13:02:00+00:00,CAN,0.9810000061988831,0.9810000061988831,0.9810000061988831,0.9810000061988831,0.9810000061988831,1542.0
2024-10-25 13:02:00+00:00,CDNS,259.51708984375,259.51708984375,259.5199890136719,259.51708984375,259.5199890136719,756.0
2024-10-25 13:02:00+00:00,CDW,219.875,219.875,219.875,219.875,219.875,183.0
2024-10-25 13:02:00+00:00,CFLT,22.56999969482422,22.56999969482422,22.56999969482422,22.510000228881836,22.510000228881836,4207.0
2024-10-25 13:02:00+00:00,CGNX,38.95000076293945,38.95000076293945,38.959999084472656,38.91999816894531,38.939998626708984,3472.0
2024-10-25 13:02:00+00:00,CLBT,18.15999984741211,18.15999984741211,18.15999984741211,18.15999984741211,18.15999984741211,2215.0
2024-10-25 13:02:00+00:00,CLSK,11.890000343322754,11.890000343322754,11.899999618530273,11.880000114440918,11.887399673461914,33244.0
2024-10-25 13:02:00+00:00,CNDT,3.619999885559082,3.619999885559082,3.630000114440918,3.615000009536743,3.615000009536743,10219.0
2024-10-25 13:02:00+00:00,COHR,95.79000091552734,95.79000091552734,95.80500030517578,95.76000213623047,95.80000305175781,2395.0
2024-10-25 13:02:00+00:00,COHU,26.30500030517578,26.30500030517578,26.30500030517578,26.30500030517578,26.30500030517578,1469.0
2024-10-25 13:02:00+00:00,COIN,210.360107421875,210.360107421875,210.52999877929688,210.13250732421875,210.15199279785156,9660.0
2024-10-25 13:02:00+00:00,COMM,6.304999828338623,6.304999828338623,6.304999828338623,6.28000020980835,6.304999828338623,29974.0
2024-10-25 13:02:00+00:00,CORZ,13.390000343322754,13.390000343322754,13.390000343322754,13.385000228881836,13.385000228881836,9839.0
2024-10-25 13:02:00+00:00,CRDO,39.689998626708984,39.689998626708984,39.689998626708984,39.66999816894531,39.689998626708984,1692.0
2024-10-25 13:02:00+00:00,CRNC,2.8650999069213867,2.8650999069213867,2.8650999069213867,2.8650999069213867,2.8650999069213867,240.0
2024-10-25 13:02:00+00:00,CRSR,6.386499881744385,6.386499881744385,6.386499881744385,6.386499881744385,6.386499881744385,310.0
2024-10-25 13:02:00+00:00,CRUS,123.63999938964844,123.63999938964844,123.63999938964844,123.63999938964844,123.63999938964844,270.0
2024-10-25 13:02:00+00:00,CRWD,300.44000244140625,300.44000244140625,300.8800048828125,300.10699462890625,300.8800048828125,18790.0
2024-10-25 13:02:00+00:00,CSCO,55.98500061035156,55.98500061035156,55.986000061035156,55.98440170288086,55.98500061035156,1382.0
2024-10-25 13:02:00+00:00,CSGS,47.59000015258789,47.59000015258789,47.61000061035156,47.59000015258789,47.61000061035156,1440.0
2024-10-25 13:02:00+00:00,CSIQ,13.671500205993652,13.671500205993652,13.680000305175781,13.670000076293945,13.670000076293945,2529.0
2024-10-25 13:02:00+00:00,CTLP,8.90999984741211,8.90999984741211,8.90999984741211,8.90999984741211,8.90999984741211,661.0
2024-10-25 13:02:00+00:00,CTSH,74.87999725341797,74.87999725341797,74.87999725341797,74.8499984741211,74.87000274658203,2966.0
2024-10-25 13:02:00+00:00,CVLT,134.52499389648438,134.52499389648438,134.52499389648438,134.52499389648438,134.52499389648438,411.0
2024-10-25 13:02:00+00:00,DATS,1.6354999542236328,1.6354999542236328,1.6354999542236328,1.6354999542236328,1.6354999542236328,215.0
2024-10-25 13:02:00+00:00,DBX,26.059999465942383,26.059999465942383,26.059999465942383,26.05500030517578,26.05500030517578,1270.0
2024-10-25 13:02:00+00:00,DDOG,127.37000274658203,127.37000274658203,127.4000015258789,127.33499908447266,127.3949966430664,3791.0
2024-10-25 13:02:00+00:00,DGHI,1.5806000232696533,1.5806000232696533,1.590000033378601,1.5806000232696533,1.590000033378601,4847.0
2024-10-25 13:02:00+00:00,DLO,8.904999732971191,8.904999732971191,8.904999732971191,8.904999732971191,8.904999732971191,4920.0
2024-10-25 13:02:00+00:00,DOCU,69.84500122070312,69.84500122070312,69.88999938964844,69.83499908447266,69.88999938964844,3332.0
2024-10-25 13:02:00+00:00,DTSS,2.4800000190734863,2.4800000190734863,2.4800000190734863,2.4800000190734863,2.4800000190734863,200.0
2024-10-25 13:02:00+00:00,DTST,3.4800000190734863,3.4800000190734863,3.4800000190734863,3.4800000190734863,3.4800000190734863,1119.0
2024-10-25 13:02:00+00:00,DUOL,289.9700012207031,289.9700012207031,289.9700012207031,289.9700012207031,289.9700012207031,481.0
2024-10-25 13:02:00+00:00,EEFT,99.66999816894531,99.66999816894531,99.66999816894531,99.66999816894531,99.66999816894531,484.0
2024-10-25 13:02:00+00:00,ENPH,82.98999786376953,82.98999786376953,83.0250015258789,82.72000122070312,82.83499908447266,15447.0
2024-10-25 13:02:00+00:00,ENTG,105.91999816894531,105.91999816894531,105.91999816894531,105.91999816894531,105.91999816894531,1412.0
2024-10-25 13:02:00+00:00,ERIC,8.484999656677246,8.484999656677246,8.489999771118164,8.479999542236328,8.479999542236328,5489.0
2024-10-25 13:02:00+00:00,EXFY,1.725000023841858,1.725000023841858,1.7279000282287598,1.7203999757766724,1.7279000282287598,3968.0
2024-10-25 13:02:00+00:00,EXLS,38.88999938964844,38.88999938964844,38.88999938964844,38.88999938964844,38.88999938964844,493.0
2024-10-25 13:02:00+00:00,FIVN,29.895000457763672,29.895000457763672,29.895000457763672,29.871400833129883,29.8799991607666,2405.0
2024-10-25 13:02:00+00:00,FLEX,35.25,35.25,35.27000045776367,35.244998931884766,35.244998931884766,4268.0
2024-10-25 13:02:00+00:00,FLYW,17.479999542236328,17.479999542236328,17.479999542236328,17.479999542236328,17.479999542236328,289.0
2024-10-25 13:02:00+00:00,FROG,29.415000915527344,29.415000915527344,29.415000915527344,29.415000915527344,29.415000915527344,337.0
2024-10-25 13:02:00+00:00,FRSH,11.654999732971191,11.654999732971191,11.654999732971191,11.654999732971191,11.654999732971191,1169.0
2024-10-25 13:02:00+00:00,FSLR,198.25,198.25,198.39999389648438,198.25,198.36500549316406,3262.0
2024-10-25 13:02:00+00:00,FTNT,81.11499786376953,81.11499786376953,81.11499786376953,81.08000183105469,81.08999633789062,4993.0
2024-10-25 13:02:00+00:00,GCT,24.889999389648438,24.889999389648438,24.889999389648438,24.889999389648438,24.889999389648438,258.0
2024-10-25 13:02:00+00:00,GFS,41.209999084472656,41.209999084472656,41.209999084472656,41.209999084472656,41.209999084472656,928.0
2024-10-25 13:02:00+00:00,GPRO,1.3350000381469727,1.3350000381469727,1.3350000381469727,1.3350000381469727,1.3350000381469727,390.0
2024-10-25 13:02:00+00:00,GRAB,4.09499979019165,4.09499979019165,4.09499979019165,4.090000152587891,4.090000152587891,2941.0
2024-10-25 13:02:00+00:00,GRRR,4.534999847412109,4.534999847412109,4.534999847412109,4.534999847412109,4.534999847412109,199.0
2024-10-25 13:02:00+00:00,GTLB,55.5,55.5,55.5,55.41999816894531,55.43000030517578,5077.0
2024-10-25 13:02:00+00:00,GVP,4.610000133514404,4.610000133514404,4.610000133514404,4.610000133514404,4.610000133514404,100.0
2024-10-25 13:02:00+00:00,HCKT,24.844999313354492,24.844999313354492,24.844999313354492,24.844999313354492,24.844999313354492,126.0
2024-10-25 13:02:00+00:00,HCP,33.665000915527344,33.665000915527344,33.665000915527344,33.665000915527344,33.665000915527344,603.0
2024-10-25 13:02:00+00:00,HOLO,3.634700059890747,3.634700059890747,3.635999917984009,3.631500005722046,3.631500005722046,2665.0
2024-10-25 13:02:00+00:00,HOOD,27.334999084472656,27.334999084472656,27.334999084472656,27.325000762939453,27.325000762939453,4155.0
2024-10-25 13:02:00+00:00,INDI,3.555000066757202,3.555000066757202,3.555000066757202,3.555000066757202,3.555000066757202,777.0
2024-10-25 13:02:00+00:00,INFN,6.789999961853027,6.789999961853027,6.789999961853027,6.789999961853027,6.789999961853027,759.0
2024-10-25 13:02:00+00:00,INOD,20.19499969482422,20.19499969482422,20.19499969482422,20.19499969482422,20.19499969482422,516.0
2024-10-25 13:02:00+00:00,INSG,20.36829948425293,20.36829948425293,20.36829948425293,20.36829948425293,20.36829948425293,603.0
2024-10-25 13:02:00+00:00,INTA,50.025001525878906,50.025001525878906,50.025001525878906,50.0,50.0,529.0
2024-10-25 13:02:00+00:00,INTC,23.129899978637695,23.129899978637695,23.13599967956543,23.12030029296875,23.1299991607666,32192.0
2024-10-25 13:02:00+00:00,IPGP,77.37999725341797,77.37999725341797,77.37999725341797,77.37999725341797,77.37999725341797,255.0
2024-10-25 13:02:00+00:00,ITI,7.199999809265137,7.199999809265137,7.199999809265137,7.190000057220459,7.199999809265137,12133.0
2024-10-25 13:02:00+00:00,KLAC,680.4500122070312,680.4500122070312,680.4500122070312,680.4500122070312,680.4500122070312,1003.0
2024-10-25 13:02:00+00:00,LINK,4.929999828338623,4.929999828338623,4.952000141143799,4.929999828338623,4.952000141143799,733.0
2024-10-25 13:02:00+00:00,LITE,64.20999908447266,64.20999908447266,64.25,64.20999908447266,64.25,1786.0
2024-10-25 13:02:00+00:00,LOGI,81.0199966430664,81.0199966430664,81.0199966430664,81.0199966430664,81.0199966430664,395.0
2024-10-25 13:02:00+00:00,LRCX,79.12100219726562,79.12100219726562,79.1500015258789,79.05999755859375,79.1500015258789,37623.0
2024-10-25 13:02:00+00:00,LSCC,54.540000915527344,54.540000915527344,54.560001373291016,54.540000915527344,54.560001373291016,946.0
2024-10-25 13:02:00+00:00,LYFT,13.770000457763672,13.770000457763672,13.770000457763672,13.750100135803223,13.750100135803223,9578.0
2024-10-25 13:02:00+00:00,MAPS,0.8422999978065491,0.8422999978065491,0.8422999978065491,0.8422999978065491,0.8422999978065491,429.0
2024-10-25 13:02:00+00:00,MCHP,77.19999694824219,77.19999694824219,77.22000122070312,77.19000244140625,77.22000122070312,3038.0
2024-10-25 13:02:00+00:00,MDB,267.82000732421875,267.82000732421875,267.82000732421875,267.7049865722656,267.7049865722656,268.0
2024-10-25 13:02:00+00:00,MITK,8.751399993896484,8.751399993896484,8.760000228881836,8.751399993896484,8.760000228881836,1522.0
2024-10-25 13:02:00+00:00,MKSI,101.4800033569336,101.4800033569336,101.4800033569336,101.38249969482422,101.38500213623047,1820.0
2024-10-25 13:02:00+00:00,MNDY,298.9700012207031,298.9700012207031,298.9700012207031,298.9700012207031,298.9700012207031,399.0
2024-10-25 13:02:00+00:00,MPWR,922.0980224609375,922.0980224609375,922.0980224609375,922.0980224609375,922.0980224609375,1221.0
2024-10-25 13:02:00+00:00,MQ,5.284999847412109,5.284999847412109,5.284999847412109,5.284999847412109,5.284999847412109,178.0
2024-10-25 13:02:00+00:00,MRVL,83.23999786376953,83.23999786376953,83.23999786376953,83.19000244140625,83.20999908447266,8460.0
2024-10-25 13:02:00+00:00,MSFT,430.42999267578125,430.42999267578125,430.4549865722656,430.3299865722656,430.385009765625,158829.0
2024-10-25 13:02:00+00:00,MSTR,241.80799865722656,241.80799865722656,241.85000610351562,241.30999755859375,241.375,47417.0
2024-10-25 13:02:00+00:00,MTTR,4.614999771118164,4.614999771118164,4.614999771118164,4.614999771118164,4.614999771118164,1027.0
2024-10-25 13:02:00+00:00,MU,108.82240295410156,108.82240295410156,108.86000061035156,108.77110290527344,108.86000061035156,15661.0
2024-10-25 13:02:00+00:00,MVIS,1.0850000381469727,1.0850000381469727,1.0850000381469727,1.0850000381469727,1.0850000381469727,1700.0
2024-10-25 13:02:00+00:00,MXL,14.989999771118164,14.989999771118164,15.020000457763672,14.989999771118164,15.020000457763672,1259.0
2024-10-25 13:02:00+00:00,NCNO,37.760101318359375,37.760101318359375,37.760101318359375,37.760101318359375,37.760101318359375,437.0
2024-10-25 13:02:00+00:00,NTAP,120.21499633789062,120.21499633789062,120.2249984741211,120.21499633789062,120.2249984741211,1856.0
2024-10-25 13:02:00+00:00,NTNX,62.209999084472656,62.209999084472656,62.209999084472656,62.189998626708984,62.209999084472656,1218.0
2024-10-25 13:02:00+00:00,NVDA,143.33009338378906,143.33009338378906,143.35000610351562,143.25010681152344,143.3300018310547,243322.0
2024-10-25 13:02:00+00:00,NVTS,2.6050000190734863,2.6050000190734863,2.6050000190734863,2.6050000190734863,2.6050000190734863,206.0
2024-10-25 13:02:00+00:00,NXPI,245.5,245.5,245.61000061035156,245.3300018310547,245.61000061035156,2760.0
2024-10-25 13:02:00+00:00,OKTA,72.43000030517578,72.43000030517578,72.43000030517578,72.41999816894531,72.41999816894531,817.0
2024-10-25 13:02:00+00:00,ON,72.04000091552734,72.04000091552734,72.05000305175781,72.01000213623047,72.01000213623047,19509.0
2024-10-25 13:02:00+00:00,OSIS,134.59500122070312,134.59500122070312,134.72000122070312,134.59500122070312,134.7100067138672,2806.0
2024-10-25 13:02:00+00:00,OSS,2.4010000228881836,2.4010000228881836,2.4010000228881836,2.4000000953674316,2.4000000953674316,1831.0
2024-10-25 13:02:00+00:00,PANW,369.1700134277344,369.1700134277344,369.3399963378906,369.0950012207031,369.0950012207031,2948.0
2024-10-25 13:02:00+00:00,PAYS,3.7506000995635986,3.7506000995635986,3.7506000995635986,3.7506000995635986,3.7506000995635986,103.0
2024-10-25 13:02:00+00:00,PCTY,173.71499633789062,173.71499633789062,173.71499633789062,173.71499633789062,173.71499633789062,705.0
2024-10-25 13:02:00+00:00,PEGA,80.68000030517578,80.68000030517578,80.68000030517578,80.68000030517578,80.68000030517578,435.0
2024-10-25 13:02:00+00:00,PEGY,4.675000190734863,4.675000190734863,4.675000190734863,4.675000190734863,4.675000190734863,120.0
2024-10-25 13:02:00+00:00,PGY,11.835000038146973,11.835000038146973,11.835000038146973,11.835000038146973,11.835000038146973,477.0
2024-10-25 13:02:00+00:00,PHUN,10.259900093078613,10.259900093078613,10.260000228881836,10.239999771118164,10.2475004196167,20659.0
2024-10-25 13:02:00+00:00,PI,204.27000427246094,204.27000427246094,204.35000610351562,204.14999389648438,204.21499633789062,2850.0
2024-10-25 13:02:00+00:00,POET,3.8886001110076904,3.8886001110076904,3.8886001110076904,3.8886001110076904,3.8886001110076904,1112.0
2024-10-25 13:02:00+00:00,PRCH,1.3199000358581543,1.3199000358581543,1.3199000358581543,1.309999942779541,1.309999942779541,5554.0
2024-10-25 13:02:00+00:00,PRSO,1.7698999643325806,1.7698999643325806,1.7698999643325806,1.7698999643325806,1.7698999643325806,1555.0
2024-10-25 13:02:00+00:00,PTC,186.8800048828125,186.8800048828125,186.89500427246094,186.8800048828125,186.89500427246094,697.0
2024-10-25 13:02:00+00:00,PUBM,14.835000038146973,14.835000038146973,14.835000038146973,14.835000038146973,14.835000038146973,377.0
2024-10-25 13:02:00+00:00,PYCR,14.34000015258789,14.34000015258789,14.34000015258789,14.34000015258789,14.34000015258789,635.0
2024-10-25 13:02:00+00:00,QCOM,172.68310546875,172.68310546875,172.75,172.61000061035156,172.75,8334.0
2024-10-25 13:02:00+00:00,QRVO,100.5199966430664,100.5199966430664,100.5199966430664,100.4800033569336,100.48999786376953,2384.0
2024-10-25 13:02:00+00:00,QUIK,8.649999618530273,8.649999618530273,8.649999618530273,8.649999618530273,8.649999618530273,819.0
2024-10-25 13:02:00+00:00,REKR,1.0950000286102295,1.0950000286102295,1.100000023841858,1.0950000286102295,1.100000023841858,809.0
2024-10-25 13:02:00+00:00,RELL,14.010000228881836,14.010000228881836,14.010000228881836,14.010000228881836,14.010000228881836,768.0
2024-10-25 13:02:00+00:00,RIOT,10.032899856567383,10.032899856567383,10.038000106811523,10.020099639892578,10.024999618530273,22075.0
2024-10-25 13:02:00+00:00,RMBS,43.619998931884766,43.619998931884766,43.630001068115234,43.619998931884766,43.630001068115234,1316.0
2024-10-25 13:02:00+00:00,RPAY,7.585000038146973,7.585000038146973,7.585000038146973,7.585000038146973,7.585000038146973,219.0
2024-10-25 13:02:00+00:00,RPD,38.9900016784668,38.9900016784668,39.0,38.97999954223633,39.0,5749.0
2024-10-25 13:02:00+00:00,RUM,5.735000133514404,5.735000133514404,5.735000133514404,5.735000133514404,5.735000133514404,136.0
2024-10-25 13:02:00+00:00,RUN,14.3100004196167,14.3100004196167,14.3149995803833,14.305000305175781,14.3100004196167,10472.0
2024-10-25 13:02:00+00:00,RXT,2.5399999618530273,2.5399999618530273,2.5399999618530273,2.5399999618530273,2.5399999618530273,511.0
2024-10-25 13:02:00+00:00,SCWX,8.380000114440918,8.380000114440918,8.380000114440918,8.380000114440918,8.380000114440918,566.0
2024-10-25 13:02:00+00:00,SEDG,16.09000015258789,16.09000015258789,16.09000015258789,16.049999237060547,16.079999923706055,8427.0
2024-10-25 13:02:00+00:00,SHLS,5.269999980926514,5.269999980926514,5.269999980926514,5.260000228881836,5.260000228881836,3423.0
2024-10-25 13:02:00+00:00,SLNHP,13.020000457763672,13.020000457763672,13.020000457763672,13.020000457763672,13.020000457763672,200.0
2024-10-25 13:02:00+00:00,SMCI,47.619998931884766,47.619998931884766,47.6879997253418,47.58000183105469,47.68000030517578,67022.0
2024-10-25 13:02:00+00:00,SMTC,45.93000030517578,45.93000030517578,45.93000030517578,45.90999984741211,45.90999984741211,447.0
2024-10-25 13:02:00+00:00,SNPS,503.7300109863281,503.7300109863281,503.7749938964844,503.7300109863281,503.7749938964844,477.0
2024-10-25 13:02:00+00:00,SONO,12.800000190734863,12.800000190734863,12.800000190734863,12.800000190734863,12.800000190734863,780.0
2024-10-25 13:02:00+00:00,SOUN,5.224999904632568,5.224999904632568,5.230000019073486,5.21999979019165,5.227399826049805,24316.0
2024-10-25 13:02:00+00:00,SPSC,173.00399780273438,173.00399780273438,173.00399780273438,172.7899932861328,172.7899932861328,879.0
2024-10-25 13:02:00+00:00,SRAD,12.390000343322754,12.390000343322754,12.390000343322754,12.390000343322754,12.390000343322754,1184.0
2024-10-25 13:02:00+00:00,SSNC,69.6500015258789,69.6500015258789,69.6500015258789,69.62000274658203,69.62000274658203,2676.0
2024-10-25 13:02:00+00:00,STX,104.0875015258789,104.0875015258789,104.1500015258789,104.08000183105469,104.1500015258789,1158.0
2024-10-25 13:02:00+00:00,SVRE,0.0820000022649765,0.0820000022649765,0.0820000022649765,0.0820000022649765,0.0820000022649765,18851.0
2024-10-25 13:02:00+00:00,SWKS,96.55000305175781,96.55000305175781,96.55000305175781,96.52999877929688,96.52999877929688,1418.0
2024-10-25 13:02:00+00:00,SYNA,73.30000305175781,73.30000305175781,73.30000305175781,73.30000305175781,73.30000305175781,369.0
2024-10-25 13:02:00+00:00,TEAM,190.42999267578125,190.42999267578125,190.42999267578125,190.42999267578125,190.42999267578125,566.0
2024-10-25 13:02:00+00:00,TENB,41.65999984741211,41.65999984741211,41.65999984741211,41.63999938964844,41.63999938964844,1597.0
2024-10-25 13:02:00+00:00,TER,113.12000274658203,113.12000274658203,113.19999694824219,113.09500122070312,113.19999694824219,9080.0
2024-10-25 13:02:00+00:00,TGL,0.6887000203132629,0.6887000203132629,0.6887000203132629,0.6887000203132629,0.6887000203132629,200.0
2024-10-25 13:02:00+00:00,TLS,3.6600000858306885,3.6600000858306885,3.6600000858306885,3.6600000858306885,3.6600000858306885,243.0
2024-10-25 13:02:00+00:00,TRMB,61.084999084472656,61.084999084472656,61.099998474121094,61.084999084472656,61.095001220703125,905.0
2024-10-25 13:02:00+00:00,TTD,119.3499984741211,119.3499984741211,119.3499984741211,119.31999969482422,119.31999969482422,1575.0
2024-10-25 13:02:00+00:00,TTEC,5.380000114440918,5.380000114440918,5.380000114440918,5.380000114440918,5.380000114440918,134.0
2024-10-25 13:02:00+00:00,TWKS,4.449999809265137,4.449999809265137,4.449999809265137,4.449999809265137,4.449999809265137,2696.0
2024-10-25 13:02:00+00:00,TXN,209.22000122070312,209.22000122070312,209.22000122070312,209.1699981689453,209.1999969482422,4176.0
2024-10-25 13:02:00+00:00,UTSI,2.930000066757202,2.930000066757202,2.930000066757202,2.930000066757202,2.930000066757202,186.0
2024-10-25 13:02:00+00:00,VECO,29.549999237060547,29.549999237060547,29.549999237060547,29.549999237060547,29.549999237060547,1693.0
2024-10-25 13:02:00+00:00,VERI,3.424999952316284,3.424999952316284,3.424999952316284,3.424999952316284,3.424999952316284,630.0
2024-10-25 13:02:00+00:00,VERX,42.095001220703125,42.095001220703125,42.095001220703125,42.095001220703125,42.095001220703125,216.0
2024-10-25 13:02:00+00:00,VICR,46.52000045776367,46.52000045776367,46.529998779296875,46.5,46.525001525878906,1333.0
2024-10-25 13:02:00+00:00,VMEO,4.775000095367432,4.775000095367432,4.775000095367432,4.775000095367432,4.775000095367432,392.0
2024-10-25 13:02:00+00:00,VNET,3.4649999141693115,3.4649999141693115,3.4649999141693115,3.4649999141693115,3.4649999141693115,800.0
2024-10-25 13:02:00+00:00,VRNS,56.97999954223633,56.97999954223633,56.97999954223633,56.95000076293945,56.95000076293945,2178.0
2024-10-25 13:02:00+00:00,VRNT,22.209999084472656,22.209999084472656,22.209999084472656,22.209999084472656,22.209999084472656,271.0
2024-10-25 13:02:00+00:00,VRSN,185.70989990234375,185.70989990234375,185.70989990234375,185.70989990234375,185.70989990234375,750.0
2024-10-25 13:02:00+00:00,VSAT,10.390000343322754,10.390000343322754,10.390000343322754,10.390000343322754,10.390000343322754,710.0
2024-10-25 13:02:00+00:00,WDAY,239.63999938964844,239.63999938964844,239.63999938964844,239.4600067138672,239.47000122070312,2237.0
2024-10-25 13:02:00+00:00,WDC,70.91500091552734,70.91500091552734,70.94000244140625,70.81999969482422,70.93099975585938,25065.0
2024-10-25 13:02:00+00:00,WISA,1.9900000095367432,1.9900000095367432,1.9900000095367432,1.9600000381469727,1.965000033378601,26701.0
2024-10-25 13:02:00+00:00,WRAP,1.809999942779541,1.809999942779541,1.809999942779541,1.7999999523162842,1.7999999523162842,368.0
2024-10-25 13:02:00+00:00,XRX,10.02400016784668,10.02400016784668,10.024999618530273,10.02400016784668,10.024999618530273,680.0
2024-10-25 13:02:00+00:00,ZBRA,362.2900085449219,362.2900085449219,362.2900085449219,362.2900085449219,362.2900085449219,400.0
2024-10-25 13:02:00+00:00,ZM,73.12000274658203,73.12000274658203,73.125,73.12000274658203,73.125,3301.0
2024-10-25 13:02:00+00:00,ZS,185.9550018310547,185.9550018310547,185.99000549316406,185.9550018310547,185.99000549316406,2086.0
2024-10-25 13:03:00+00:00,AAOI,17.829999923706055,17.829999923706055,17.854999542236328,17.829999923706055,17.84000015258789,1288.0
2024-10-25 13:03:00+00:00,AAPL,232.48500061035156,232.48500061035156,232.50999450683594,232.44009399414062,232.49209594726562,32064.0
2024-10-25 13:03:00+00:00,ADBE,485.135009765625,485.135009765625,485.25,485.0199890136719,485.25,3433.0
2024-10-25 13:03:00+00:00,ADSK,287.05810546875,287.05810546875,287.05810546875,287.05810546875,287.05810546875,290.0
2024-10-25 13:03:00+00:00,AEHR,17.280000686645508,17.280000686645508,17.280000686645508,17.236799240112305,17.25,3483.0
2024-10-25 13:03:00+00:00,AFRM,41.73379898071289,41.73379898071289,41.75,41.72999954223633,41.75,2905.0
2024-10-25 13:03:00+00:00,AGYS,111.02999877929688,111.02999877929688,111.02999877929688,111.02999877929688,111.02999877929688,108.0
2024-10-25 13:03:00+00:00,ALGM,23.059999465942383,23.059999465942383,23.079999923706055,23.059999465942383,23.075000762939453,5197.0
2024-10-25 13:03:00+00:00,ALOT,14.460000038146973,14.460000038146973,14.460000038146973,14.460000038146973,14.460000038146973,397.0
2024-10-25 13:03:00+00:00,AMAT,188.40499877929688,188.40499877929688,188.56500244140625,188.38999938964844,188.56500244140625,3911.0
2024-10-25 13:03:00+00:00,AMD,157.92999267578125,157.92999267578125,157.9499969482422,157.8300018310547,157.9499969482422,32031.0
2024-10-25 13:03:00+00:00,AMKR,30.084999084472656,30.084999084472656,30.084999084472656,30.084999084472656,30.084999084472656,269.0
2024-10-25 13:03:00+00:00,API,2.880000114440918,2.880000114440918,2.880000114440918,2.880000114440918,2.880000114440918,308.0
2024-10-25 13:03:00+00:00,APP,161.35000610351562,161.35000610351562,161.35000610351562,161.35000610351562,161.35000610351562,247.0
2024-10-25 13:03:00+00:00,ARRY,6.440000057220459,6.440000057220459,6.454999923706055,6.440000057220459,6.454999923706055,6312.0
2024-10-25 13:03:00+00:00,ASML,718.52001953125,718.52001953125,718.52001953125,718.47998046875,718.47998046875,2342.0
2024-10-25 13:03:00+00:00,ASNS,1.3250000476837158,1.3250000476837158,1.3250000476837158,1.3250000476837158,1.3250000476837158,0.0
2024-10-25 13:03:00+00:00,AUR,6.474999904632568,6.474999904632568,6.474999904632568,6.4695000648498535,6.4695000648498535,4217.0
2024-10-25 13:03:00+00:00,AVGO,175.55999755859375,175.55999755859375,175.6699981689453,175.52000427246094,175.64500427246094,21533.0
2024-10-25 13:03:00+00:00,AZPN,235.7449951171875,235.7449951171875,235.7449951171875,235.7449951171875,235.7449951171875,141.0
2024-10-25 13:03:00+00:00,BASE,16.350000381469727,16.350000381469727,16.350000381469727,16.350000381469727,16.350000381469727,160.0
2024-10-25 13:03:00+00:00,BCOV,2.255000114440918,2.255000114440918,2.255000114440918,2.255000114440918,2.255000114440918,1525.0
2024-10-25 13:03:00+00:00,BIGC,5.324999809265137,5.324999809265137,5.324999809265137,5.324999809265137,5.324999809265137,756.0
2024-10-25 13:03:00+00:00,BLZE,7.21999979019165,7.21999979019165,7.21999979019165,7.21999979019165,7.21999979019165,826.0
2024-10-25 13:03:00+00:00,BSY,49.13999938964844,49.13999938964844,49.13999938964844,49.12799835205078,49.12799835205078,714.0
2024-10-25 13:03:00+00:00,CDNS,259.55499267578125,259.55499267578125,259.55499267578125,259.42999267578125,259.510009765625,3486.0
2024-10-25 13:03:00+00:00,CDW,219.88999938964844,219.88999938964844,219.9250030517578,219.88999938964844,219.9250030517578,951.0
2024-10-25 13:03:00+00:00,CETX,0.3059999942779541,0.3059999942779541,0.3059999942779541,0.3059999942779541,0.3059999942779541,20103.0
2024-10-25 13:03:00+00:00,CFLT,22.56999969482422,22.56999969482422,22.575000762939453,22.549999237060547,22.56999969482422,5654.0
2024-10-25 13:03:00+00:00,CGNX,38.93000030517578,38.93000030517578,38.95500183105469,38.93000030517578,38.95500183105469,2474.0
2024-10-25 13:03:00+00:00,CLBT,18.15999984741211,18.15999984741211,18.15999984741211,18.151500701904297,18.151500701904297,1239.0
2024-10-25 13:03:00+00:00,CLFD,36.459999084472656,36.459999084472656,36.459999084472656,36.459999084472656,36.459999084472656,740.0
2024-10-25 13:03:00+00:00,CLSK,11.92549991607666,11.92549991607666,11.930000305175781,11.899999618530273,11.899999618530273,28220.0
2024-10-25 13:03:00+00:00,CNDT,3.615000009536743,3.615000009536743,3.615000009536743,3.615000009536743,3.615000009536743,406.0
2024-10-25 13:03:00+00:00,COHR,95.80500030517578,95.80500030517578,95.8499984741211,95.75,95.79000091552734,5441.0
2024-10-25 13:03:00+00:00,COIN,210.86000061035156,210.86000061035156,210.86000061035156,210.51600646972656,210.60000610351562,19173.0
2024-10-25 13:03:00+00:00,COMM,6.284999847412109,6.284999847412109,6.304999828338623,6.28000020980835,6.304999828338623,14590.0
2024-10-25 13:03:00+00:00,CORZ,13.399999618530273,13.399999618530273,13.40999984741211,13.394000053405762,13.395000457763672,26602.0
2024-10-25 13:03:00+00:00,CRDO,39.69499969482422,39.69499969482422,39.70000076293945,39.6879997253418,39.689998626708984,1805.0
2024-10-25 13:03:00+00:00,CRNC,2.869999885559082,2.869999885559082,2.869999885559082,2.865000009536743,2.865000009536743,6872.0
2024-10-25 13:03:00+00:00,CRNT,2.4549999237060547,2.4549999237060547,2.4549999237060547,2.4539999961853027,2.4539999961853027,648.0
2024-10-25 13:03:00+00:00,CRUS,123.59500122070312,123.59500122070312,123.6500015258789,123.59500122070312,123.59500122070312,1145.0
2024-10-25 13:03:00+00:00,CRWD,300.7699890136719,300.7699890136719,300.7699890136719,300.10009765625,300.3695983886719,20442.0
2024-10-25 13:03:00+00:00,CSCO,55.98500061035156,55.98500061035156,55.996299743652344,55.98500061035156,55.9900016784668,6949.0
2024-10-25 13:03:00+00:00,CSIQ,13.670000076293945,13.670000076293945,13.680000305175781,13.670000076293945,13.680000305175781,2829.0
2024-10-25 13:03:00+00:00,CTSH,74.86499786376953,74.86499786376953,74.87000274658203,74.86000061035156,74.87000274658203,1705.0
2024-10-25 13:03:00+00:00,CVLT,134.5500030517578,134.5500030517578,134.5500030517578,134.5500030517578,134.5500030517578,219.0
2024-10-25 13:03:00+00:00,CYBR,291.31500244140625,291.31500244140625,291.31500244140625,291.31500244140625,291.31500244140625,699.0
2024-10-25 13:03:00+00:00,DAIO,2.509999990463257,2.509999990463257,2.5450000762939453,2.509999990463257,2.5450000762939453,350.0
2024-10-25 13:03:00+00:00,DATS,1.6370999813079834,1.6370999813079834,1.6399999856948853,1.6370999813079834,1.6399999856948853,5210.0
2024-10-25 13:03:00+00:00,DDOG,127.33000183105469,127.33000183105469,127.4000015258789,127.33000183105469,127.38999938964844,1684.0
2024-10-25 13:03:00+00:00,DIOD,66.62000274658203,66.62000274658203,66.62000274658203,66.62000274658203,66.62000274658203,483.0
2024-10-25 13:03:00+00:00,DOCU,69.86000061035156,69.86000061035156,69.86000061035156,69.84500122070312,69.84500122070312,2017.0
2024-10-25 13:03:00+00:00,ENPH,82.935302734375,82.935302734375,83.00240325927734,82.935302734375,83.00240325927734,4275.0
2024-10-25 13:03:00+00:00,ENTG,105.91999816894531,105.91999816894531,105.91999816894531,105.91999816894531,105.91999816894531,842.0
2024-10-25 13:03:00+00:00,ERIC,8.479999542236328,8.479999542236328,8.484999656677246,8.479999542236328,8.484999656677246,16567.0
2024-10-25 13:03:00+00:00,EXFY,1.725000023841858,1.725000023841858,1.7259999513626099,1.725000023841858,1.7259999513626099,2371.0
2024-10-25 13:03:00+00:00,EXTR,14.505000114440918,14.505000114440918,14.510000228881836,14.489999771118164,14.489999771118164,1543.0
2024-10-25 13:03:00+00:00,FIVN,29.84000015258789,29.84000015258789,29.889999389648438,29.84000015258789,29.889999389648438,2627.0
2024-10-25 13:03:00+00:00,FLEX,35.25,35.25,35.25,35.25,35.25,429.0
2024-10-25 13:03:00+00:00,FORM,45.20000076293945,45.20000076293945,45.220001220703125,45.20000076293945,45.220001220703125,1341.0
2024-10-25 13:03:00+00:00,FROG,29.424999237060547,29.424999237060547,29.424999237060547,29.424999237060547,29.424999237060547,145.0
2024-10-25 13:03:00+00:00,FRSH,11.654999732971191,11.654999732971191,11.654999732971191,11.654999732971191,11.654999732971191,693.0
2024-10-25 13:03:00+00:00,FSLR,198.2899932861328,198.2899932861328,198.40890502929688,198.2899932861328,198.40890502929688,579.0
2024-10-25 13:03:00+00:00,FTNT,81.08999633789062,81.08999633789062,81.08999633789062,81.08999633789062,81.08999633789062,928.0
2024-10-25 13:03:00+00:00,GCT,24.889999389648438,24.889999389648438,24.889999389648438,24.86359977722168,24.875,788.0
2024-10-25 13:03:00+00:00,GFS,41.20000076293945,41.20000076293945,41.20500183105469,41.20000076293945,41.20500183105469,419.0
2024-10-25 13:03:00+00:00,GPRO,1.340000033378601,1.340000033378601,1.340000033378601,1.340000033378601,1.340000033378601,134.0
2024-10-25 13:03:00+00:00,GRAB,4.09499979019165,4.09499979019165,4.09499979019165,4.090000152587891,4.09499979019165,7623.0
2024-10-25 13:03:00+00:00,GRRR,4.534999847412109,4.534999847412109,4.534999847412109,4.534999847412109,4.534999847412109,214.0
2024-10-25 13:03:00+00:00,GTLB,55.41999816894531,55.41999816894531,55.474998474121094,55.41999816894531,55.470001220703125,1169.0
2024-10-25 13:03:00+00:00,HCP,33.665000915527344,33.665000915527344,33.665000915527344,33.6619987487793,33.6619987487793,805.0
2024-10-25 13:03:00+00:00,HEAR,16.59000015258789,16.59000015258789,16.59000015258789,16.59000015258789,16.59000015258789,390.0
2024-10-25 13:03:00+00:00,HIMX,6.184999942779541,6.184999942779541,6.184999942779541,6.184999942779541,6.184999942779541,367.0
2024-10-25 13:03:00+00:00,HLIT,14.8149995803833,14.8149995803833,14.8149995803833,14.8149995803833,14.8149995803833,101.0
2024-10-25 13:03:00+00:00,HOLO,3.634999990463257,3.634999990463257,3.640000104904175,3.6308000087738037,3.640000104904175,721.0
2024-10-25 13:03:00+00:00,HOOD,27.34000015258789,27.34000015258789,27.350000381469727,27.329999923706055,27.334999084472656,4793.0
2024-10-25 13:03:00+00:00,IBEX,18.049999237060547,18.049999237060547,18.049999237060547,18.049999237060547,18.049999237060547,747.0
2024-10-25 13:03:00+00:00,IMMR,8.728300094604492,8.728300094604492,8.729999542236328,8.728300094604492,8.729999542236328,1551.0
2024-10-25 13:03:00+00:00,INOD,20.309999465942383,20.309999465942383,20.309999465942383,20.23110008239746,20.239999771118164,10639.0
2024-10-25 13:03:00+00:00,INTA,50.040000915527344,50.040000915527344,50.040000915527344,50.040000915527344,50.040000915527344,964.0
2024-10-25 13:03:00+00:00,INTC,23.104999542236328,23.104999542236328,23.1299991607666,23.100000381469727,23.127300262451172,38311.0
2024-10-25 13:03:00+00:00,ITI,7.195000171661377,7.195000171661377,7.195000171661377,7.195000171661377,7.195000171661377,300.0
2024-10-25 13:03:00+00:00,JAMF,16.790000915527344,16.790000915527344,16.790000915527344,16.780000686645508,16.780000686645508,700.0
2024-10-25 13:03:00+00:00,JKHY,183.55999755859375,183.55999755859375,183.65499877929688,183.55999755859375,183.64999389648438,1709.0
2024-10-25 13:03:00+00:00,KC,2.7200000286102295,2.7200000286102295,2.7200000286102295,2.7200000286102295,2.7200000286102295,210.0
2024-10-25 13:03:00+00:00,KLAC,679.4249877929688,679.4249877929688,679.4249877929688,679.1580810546875,679.1580810546875,767.0
2024-10-25 13:03:00+00:00,LINK,4.803999900817871,4.803999900817871,4.929999828338623,4.800000190734863,4.900000095367432,1848.0
2024-10-25 13:03:00+00:00,LITE,64.16999816894531,64.16999816894531,64.16999816894531,64.16999816894531,64.16999816894531,327.0
2024-10-25 13:03:00+00:00,LRCX,79.08000183105469,79.08000183105469,79.12999725341797,79.05899810791016,79.11000061035156,29564.0
2024-10-25 13:03:00+00:00,LSCC,54.560001373291016,54.560001373291016,54.560001373291016,54.54999923706055,54.54999923706055,3391.0
2024-10-25 13:03:00+00:00,LYFT,13.774999618530273,13.774999618530273,13.78499984741211,13.770000457763672,13.779999732971191,13537.0
2024-10-25 13:03:00+00:00,LYTS,16.270000457763672,16.270000457763672,16.270000457763672,16.24329948425293,16.24329948425293,1376.0
2024-10-25 13:03:00+00:00,MCHP,77.19999694824219,77.19999694824219,77.2300033569336,77.19999694824219,77.2300033569336,2951.0
2024-10-25 13:03:00+00:00,MDB,267.7799987792969,267.7799987792969,268.0,267.7799987792969,267.989990234375,634.0
2024-10-25 13:03:00+00:00,MIND,3.5299999713897705,3.5299999713897705,3.5299999713897705,3.5299999713897705,3.5299999713897705,1701.0
2024-10-25 13:03:00+00:00,MITK,8.760000228881836,8.760000228881836,8.760000228881836,8.760000228881836,8.760000228881836,237.0
2024-10-25 13:03:00+00:00,MKSI,101.47000122070312,101.47000122070312,101.47000122070312,101.46499633789062,101.47000122070312,879.0
2024-10-25 13:03:00+00:00,MQ,5.284999847412109,5.284999847412109,5.284999847412109,5.284999847412109,5.284999847412109,840.0
2024-10-25 13:03:00+00:00,MRVL,83.2300033569336,83.2300033569336,83.25,83.19999694824219,83.25,7006.0
2024-10-25 13:03:00+00:00,MSFT,430.23028564453125,430.23028564453125,430.44439697265625,430.23028564453125,430.42999267578125,13250.0
2024-10-25 13:03:00+00:00,MSTR,242.49989318847656,242.49989318847656,242.7899932861328,241.85299682617188,241.85299682617188,84217.0
2024-10-25 13:03:00+00:00,MTC,0.3714999854564667,0.3714999854564667,0.3714999854564667,0.3714999854564667,0.3714999854564667,1470.0
2024-10-25 13:03:00+00:00,MTLS,5.956900119781494,5.956900119781494,5.956900119781494,5.949999809265137,5.949999809265137,918.0
2024-10-25 13:03:00+00:00,MTTR,4.614999771118164,4.614999771118164,4.614999771118164,4.614999771118164,4.614999771118164,492.0
2024-10-25 13:03:00+00:00,MU,108.82990264892578,108.82990264892578,108.82990264892578,108.77510070800781,108.80000305175781,13725.0
2024-10-25 13:03:00+00:00,MXL,14.979999542236328,14.979999542236328,14.979999542236328,14.979999542236328,14.979999542236328,214.0
2024-10-25 13:03:00+00:00,NCNO,37.76139831542969,37.76139831542969,37.76139831542969,37.76139831542969,37.76139831542969,1106.0
2024-10-25 13:03:00+00:00,NNDM,2.322000026702881,2.322000026702881,2.322000026702881,2.322000026702881,2.322000026702881,1201.0
2024-10-25 13:03:00+00:00,NTAP,120.2750015258789,120.2750015258789,120.2750015258789,120.2750015258789,120.2750015258789,2933.0
2024-10-25 13:03:00+00:00,NTCT,20.75,20.75,20.75,20.739999771118164,20.739999771118164,701.0
2024-10-25 13:03:00+00:00,NTNX,62.224998474121094,62.224998474121094,62.224998474121094,62.224998474121094,62.224998474121094,750.0
2024-10-25 13:03:00+00:00,NVDA,143.3000030517578,143.3000030517578,143.35000610351562,143.27000427246094,143.3350067138672,228699.0
2024-10-25 13:03:00+00:00,NXPI,245.3800048828125,245.3800048828125,245.3800048828125,245.3800048828125,245.3800048828125,370.0
2024-10-25 13:03:00+00:00,OKTA,72.42500305175781,72.42500305175781,72.42500305175781,72.42500305175781,72.42500305175781,359.0
2024-10-25 13:03:00+00:00,ON,72.02999877929688,72.02999877929688,72.05000305175781,72.0199966430664,72.05000305175781,11305.0
2024-10-25 13:03:00+00:00,OSIS,134.7100067138672,134.7100067138672,134.7100067138672,134.59500122070312,134.59500122070312,1291.0
2024-10-25 13:03:00+00:00,PALT,1.9800000190734863,1.9800000190734863,1.9800000190734863,1.9800000190734863,1.9800000190734863,400.0
2024-10-25 13:03:00+00:00,PANW,369.1872863769531,369.1872863769531,369.1872863769531,369.17999267578125,369.17999267578125,1352.0
2024-10-25 13:03:00+00:00,PAYO,8.319100379943848,8.319100379943848,8.319999694824219,8.319100379943848,8.319999694824219,951.0
2024-10-25 13:03:00+00:00,PCTY,173.7899932861328,173.7899932861328,173.7899932861328,173.7899932861328,173.7899932861328,713.0
2024-10-25 13:03:00+00:00,PEGA,80.67500305175781,80.67500305175781,80.67500305175781,80.66290283203125,80.66290283203125,941.0
2024-10-25 13:03:00+00:00,PGY,11.835000038146973,11.835000038146973,11.835000038146973,11.835000038146973,11.835000038146973,402.0
2024-10-25 13:03:00+00:00,PHUN,10.25,10.25,10.259900093078613,10.22029972076416,10.258700370788574,37093.0
2024-10-25 13:03:00+00:00,PI,204.2050018310547,204.2050018310547,204.2050018310547,204.2050018310547,204.2050018310547,1136.0
2024-10-25 13:03:00+00:00,PLXS,142.74000549316406,142.74000549316406,142.74000549316406,142.74000549316406,142.74000549316406,287.0
2024-10-25 13:03:00+00:00,POET,3.8949999809265137,3.8949999809265137,3.8949999809265137,3.8949999809265137,3.8949999809265137,0.0
2024-10-25 13:03:00+00:00,PTC,186.94000244140625,186.94000244140625,186.94000244140625,186.82000732421875,186.82000732421875,754.0
2024-10-25 13:03:00+00:00,PYCR,14.34119987487793,14.34119987487793,14.34119987487793,14.34119987487793,14.34119987487793,489.0
2024-10-25 13:03:00+00:00,QCOM,172.58900451660156,172.58900451660156,172.63499450683594,172.5800018310547,172.6300048828125,3156.0
2024-10-25 13:03:00+00:00,QRVO,100.52999877929688,100.52999877929688,100.52999877929688,100.52999877929688,100.52999877929688,605.0
2024-10-25 13:03:00+00:00,REKR,1.0950000286102295,1.0950000286102295,1.0950000286102295,1.0950000286102295,1.0950000286102295,248.0
2024-10-25 13:03:00+00:00,RELY,14.835000038146973,14.835000038146973,14.835000038146973,14.829999923706055,14.835000038146973,1304.0
2024-10-25 13:03:00+00:00,RGTI,1.2200000286102295,1.2200000286102295,1.2200000286102295,1.215000033378601,1.215000033378601,5441.0
2024-10-25 13:03:00+00:00,RIOT,10.039899826049805,10.039899826049805,10.04990005493164,10.034000396728516,10.03499984741211,12295.0
2024-10-25 13:03:00+00:00,RMBS,43.62350082397461,43.62350082397461,43.62350082397461,43.62350082397461,43.62350082397461,442.0
2024-10-25 13:03:00+00:00,RPAY,7.585000038146973,7.585000038146973,7.590000152587891,7.585000038146973,7.585000038146973,3150.0
2024-10-25 13:03:00+00:00,RPD,38.970001220703125,38.970001220703125,39.0098991394043,38.970001220703125,39.0098991394043,3845.0
2024-10-25 13:03:00+00:00,RUM,5.739999771118164,5.739999771118164,5.739999771118164,5.739999771118164,5.739999771118164,251.0
2024-10-25 13:03:00+00:00,RUN,14.318599700927734,14.318599700927734,14.318599700927734,14.3100004196167,14.3149995803833,1791.0
2024-10-25 13:03:00+00:00,RXT,2.5399999618530273,2.5399999618530273,2.5399999618530273,2.5399999618530273,2.5399999618530273,376.0
2024-10-25 13:03:00+00:00,SEDG,16.09000015258789,16.09000015258789,16.09000015258789,16.079999923706055,16.079999923706055,1918.0
2024-10-25 13:03:00+00:00,SHLS,5.264999866485596,5.264999866485596,5.275300025939941,5.264999866485596,5.269999980926514,3851.0
2024-10-25 13:03:00+00:00,SIMO,56.970001220703125,56.970001220703125,56.970001220703125,56.970001220703125,56.970001220703125,183.0
2024-10-25 13:03:00+00:00,SKYT,10.6899995803833,10.6899995803833,10.692000389099121,10.6899995803833,10.692000389099121,586.0
2024-10-25 13:03:00+00:00,SMCI,47.6349983215332,47.6349983215332,47.63999938964844,47.599998474121094,47.619998931884766,31466.0
2024-10-25 13:03:00+00:00,SMTC,45.93000030517578,45.93000030517578,45.93000030517578,45.91400146484375,45.91400146484375,1648.0
2024-10-25 13:03:00+00:00,SNPS,503.7799987792969,503.7799987792969,503.7799987792969,503.739990234375,503.739990234375,367.0
2024-10-25 13:03:00+00:00,SONO,12.824999809265137,12.824999809265137,12.829999923706055,12.8100004196167,12.8100004196167,3055.0
2024-10-25 13:03:00+00:00,SOUN,5.222400188446045,5.222400188446045,5.230000019073486,5.21999979019165,5.229300022125244,14884.0
2024-10-25 13:03:00+00:00,SPT,27.040000915527344,27.040000915527344,27.040000915527344,26.979999542236328,26.979999542236328,2341.0
2024-10-25 13:03:00+00:00,SSNC,69.62999725341797,69.62999725341797,69.66999816894531,69.62999725341797,69.66000366210938,3611.0
2024-10-25 13:03:00+00:00,SSTI,11.359999656677246,11.359999656677246,11.385000228881836,11.350000381469727,11.350000381469727,3440.0
2024-10-25 13:03:00+00:00,STNE,11.495499610900879,11.495499610900879,11.495499610900879,11.494999885559082,11.494999885559082,1720.0
2024-10-25 13:03:00+00:00,STX,104.0,104.0,104.1050033569336,104.0,104.1050033569336,2692.0
2024-10-25 13:03:00+00:00,SURG,1.7450000047683716,1.7450000047683716,1.7450000047683716,1.7450000047683716,1.7450000047683716,0.0
2024-10-25 13:03:00+00:00,SVRE,0.0828000009059906,0.0828000009059906,0.0828000009059906,0.0828000009059906,0.0828000009059906,9465.0
2024-10-25 13:03:00+00:00,SYTA,1.2699999809265137,1.2699999809265137,1.2699999809265137,1.2699999809265137,1.2699999809265137,143.0
2024-10-25 13:03:00+00:00,TEAM,190.42999267578125,190.42999267578125,190.42999267578125,190.42999267578125,190.42999267578125,380.0
2024-10-25 13:03:00+00:00,TENB,41.65999984741211,41.65999984741211,41.65999984741211,41.630001068115234,41.65999984741211,1545.0
2024-10-25 13:03:00+00:00,TER,113.04010009765625,113.04010009765625,113.12000274658203,113.04000091552734,113.12000274658203,2621.0
2024-10-25 13:03:00+00:00,TGL,0.6887000203132629,0.6887000203132629,0.6887000203132629,0.6887000203132629,0.6887000203132629,18.0
2024-10-25 13:03:00+00:00,TRMB,61.099998474121094,61.099998474121094,61.099998474121094,61.08000183105469,61.08000183105469,373.0
2024-10-25 13:03:00+00:00,TTD,119.20999908447266,119.20999908447266,119.31999969482422,119.20999908447266,119.31999969482422,4737.0
2024-10-25 13:03:00+00:00,TWKS,4.449999809265137,4.449999809265137,4.449999809265137,4.449999809265137,4.449999809265137,4099.0
2024-10-25 13:03:00+00:00,TXN,209.16000366210938,209.16000366210938,209.27999877929688,209.14999389648438,209.22500610351562,2615.0
2024-10-25 13:03:00+00:00,UCTT,36.02000045776367,36.02000045776367,36.02000045776367,36.02000045776367,36.02000045776367,240.0
2024-10-25 13:03:00+00:00,VMEO,4.775000095367432,4.775000095367432,4.775000095367432,4.775000095367432,4.775000095367432,520.0
2024-10-25 13:03:00+00:00,VNET,3.4649999141693115,3.4649999141693115,3.4649999141693115,3.4600000381469727,3.4600000381469727,212.0
2024-10-25 13:03:00+00:00,VRNS,57.0,57.0,57.0,56.95000076293945,56.95000076293945,2069.0
2024-10-25 13:03:00+00:00,VRSN,185.5,185.5,185.5,185.5,185.5,987.0
2024-10-25 13:03:00+00:00,VSAT,10.390000343322754,10.390000343322754,10.390000343322754,10.390000343322754,10.390000343322754,308.0
2024-10-25 13:03:00+00:00,VUZI,1.3200000524520874,1.3200000524520874,1.3200000524520874,1.315000057220459,1.315000057220459,7033.0
2024-10-25 13:03:00+00:00,WDC,70.93000030517578,70.93000030517578,70.94999694824219,70.91709899902344,70.94000244140625,4011.0
2024-10-25 13:03:00+00:00,WISA,1.9900000095367432,1.9900000095367432,1.9900000095367432,1.9500000476837158,1.9886000156402588,19613.0
2024-10-25 13:03:00+00:00,XPER,9.414999961853027,9.414999961853027,9.414999961853027,9.414999961853027,9.414999961853027,162.0
2024-10-25 13:03:00+00:00,XRX,10.020000457763672,10.020000457763672,10.020000457763672,10.020000457763672,10.020000457763672,244.0
2024-10-25 13:03:00+00:00,ZI,10.5600004196167,10.5600004196167,10.569999694824219,10.5600004196167,10.569999694824219,2130.0
2024-10-25 13:03:00+00:00,ZM,73.13999938964844,73.13999938964844,73.13999938964844,73.13999938964844,73.13999938964844,522.0
2024-10-25 13:04:00+00:00,AAOI,17.87980079650879,17.87980079650879,17.87980079650879,17.829999923706055,17.84000015258789,5688.0
2024-10-25 13:04:00+00:00,AAPL,232.52000427246094,232.52000427246094,232.52000427246094,232.49000549316406,232.5,59693.0
2024-10-25 13:04:00+00:00,ACIW,48.84000015258789,48.84000015258789,48.84000015258789,48.84000015258789,48.84000015258789,316.0
2024-10-25 13:04:00+00:00,ADBE,485.1000061035156,485.1000061035156,485.39190673828125,485.0400085449219,485.135009765625,2397.0
2024-10-25 13:04:00+00:00,ADI,233.74000549316406,233.74000549316406,233.74000549316406,233.69000244140625,233.69000244140625,1406.0
2024-10-25 13:04:00+00:00,ADSK,287.04998779296875,287.04998779296875,287.04998779296875,287.0,287.0,2946.0
2024-10-25 13:04:00+00:00,AEHR,17.267099380493164,17.267099380493164,17.290000915527344,17.260000228881836,17.290000915527344,2008.0
2024-10-25 13:04:00+00:00,AFRM,41.77000045776367,41.77000045776367,41.779998779296875,41.75,41.75,2631.0
2024-10-25 13:04:00+00:00,AGYS,111.19999694824219,111.19999694824219,111.19999694824219,111.19999694824219,111.19999694824219,289.0
2024-10-25 13:04:00+00:00,AKAM,102.66999816894531,102.66999816894531,102.66999816894531,102.62999725341797,102.63999938964844,2172.0
2024-10-25 13:04:00+00:00,AKTS,0.057100001722574234,0.057100001722574234,0.057100001722574234,0.057100001722574234,0.057100001722574234,15925.0
2024-10-25 13:04:00+00:00,ALGM,23.059999465942383,23.059999465942383,23.06999969482422,23.059999465942383,23.059999465942383,2304.0
2024-10-25 13:04:00+00:00,ALTR,103.83000183105469,103.83000183105469,103.83000183105469,103.83000183105469,103.83000183105469,696.0
2024-10-25 13:04:00+00:00,AMAT,188.55499267578125,188.55499267578125,188.55499267578125,188.44000244140625,188.44000244140625,2521.0
2024-10-25 13:04:00+00:00,AMD,157.99000549316406,157.99000549316406,157.99000549316406,157.89239501953125,157.94500732421875,14984.0
2024-10-25 13:04:00+00:00,AMKR,30.100000381469727,30.100000381469727,30.100000381469727,30.100000381469727,30.100000381469727,1034.0
2024-10-25 13:04:00+00:00,ANSS,325.6000061035156,325.6000061035156,325.6000061035156,325.6000061035156,325.6000061035156,328.0
2024-10-25 13:04:00+00:00,API,2.880000114440918,2.880000114440918,2.880000114440918,2.880000114440918,2.880000114440918,623.0
2024-10-25 13:04:00+00:00,APP,161.41000366210938,161.41000366210938,161.41000366210938,161.3957061767578,161.3957061767578,1214.0
2024-10-25 13:04:00+00:00,ARRY,6.445000171661377,6.445000171661377,6.445000171661377,6.434999942779541,6.440000057220459,3947.0
2024-10-25 13:04:00+00:00,ASNS,1.329699993133545,1.329699993133545,1.3299000263214111,1.329699993133545,1.3299000263214111,1100.0
2024-10-25 13:04:00+00:00,AUR,6.46999979019165,6.46999979019165,6.476900100708008,6.46999979019165,6.476900100708008,3219.0
2024-10-25 13:04:00+00:00,AVGO,175.6475067138672,175.6475067138672,175.67999267578125,175.61000061035156,175.61000061035156,15273.0
2024-10-25 13:04:00+00:00,AVPT,11.989999771118164,11.989999771118164,11.989999771118164,11.989999771118164,11.989999771118164,945.0
2024-10-25 13:04:00+00:00,AVT,54.0099983215332,54.0099983215332,54.0099983215332,54.0099983215332,54.0099983215332,454.0
2024-10-25 13:04:00+00:00,BEEM,4.869999885559082,4.869999885559082,4.869999885559082,4.869999885559082,4.869999885559082,396.0
2024-10-25 13:04:00+00:00,BL,56.33000183105469,56.33000183105469,56.33000183105469,56.33000183105469,56.33000183105469,883.0
2024-10-25 13:04:00+00:00,BMBL,7.215000152587891,7.215000152587891,7.215000152587891,7.215000152587891,7.215000152587891,742.0
2024-10-25 13:04:00+00:00,BOSC,2.930000066757202,2.930000066757202,2.930000066757202,2.930000066757202,2.930000066757202,105.0
2024-10-25 13:04:00+00:00,BSY,49.13999938964844,49.13999938964844,49.13999938964844,49.13999938964844,49.13999938964844,364.0
2024-10-25 13:04:00+00:00,CCSI,20.709999084472656,20.709999084472656,20.709999084472656,20.709999084472656,20.709999084472656,355.0
2024-10-25 13:04:00+00:00,CDNS,259.7200012207031,259.7200012207031,259.7200012207031,259.57000732421875,259.614990234375,1862.0
2024-10-25 13:04:00+00:00,CDW,219.94500732421875,219.94500732421875,219.97999572753906,219.94500732421875,219.97999572753906,393.0
2024-10-25 13:04:00+00:00,CETX,0.30730000138282776,0.30730000138282776,0.30730000138282776,0.30730000138282776,0.30730000138282776,200.0
2024-10-25 13:04:00+00:00,CFLT,22.559999465942383,22.559999465942383,22.565000534057617,22.559999465942383,22.559999465942383,2492.0
2024-10-25 13:04:00+00:00,CGNX,38.91999816894531,38.91999816894531,38.96500015258789,38.91999816894531,38.939998626708984,4873.0
2024-10-25 13:04:00+00:00,CHKP,207.3699951171875,207.3699951171875,207.3699951171875,207.3699951171875,207.3699951171875,309.0
2024-10-25 13:04:00+00:00,CLBT,18.15999984741211,18.15999984741211,18.15999984741211,18.15999984741211,18.15999984741211,694.0
2024-10-25 13:04:00+00:00,CLSK,11.949999809265137,11.949999809265137,11.949999809265137,11.925000190734863,11.925000190734863,21259.0
2024-10-25 13:04:00+00:00,CMBM,1.249899983406067,1.249899983406067,1.249899983406067,1.249899983406067,1.249899983406067,700.0
2024-10-25 13:04:00+00:00,CNDT,3.615000009536743,3.615000009536743,3.615000009536743,3.615000009536743,3.615000009536743,301.0
2024-10-25 13:04:00+00:00,CNXC,44.869998931884766,44.869998931884766,44.869998931884766,44.869998931884766,44.869998931884766,344.0
2024-10-25 13:04:00+00:00,COHR,95.9800033569336,95.9800033569336,95.9800033569336,95.87999725341797,95.87999725341797,1089.0
2024-10-25 13:04:00+00:00,COHU,26.31999969482422,26.31999969482422,26.31999969482422,26.31999969482422,26.31999969482422,846.0
2024-10-25 13:04:00+00:00,COIN,210.9488067626953,210.9488067626953,211.0,210.80999755859375,210.88499450683594,11036.0
2024-10-25 13:04:00+00:00,CORZ,13.399999618530273,13.399999618530273,13.420000076293945,13.399999618530273,13.414999961853027,6985.0
2024-10-25 13:04:00+00:00,CRDO,39.744998931884766,39.744998931884766,39.744998931884766,39.70000076293945,39.70000076293945,2833.0
2024-10-25 13:04:00+00:00,CRSR,6.385000228881836,6.385000228881836,6.389999866485596,6.385000228881836,6.389999866485596,283.0
2024-10-25 13:04:00+00:00,CRUS,123.69000244140625,123.69000244140625,123.69000244140625,123.69000244140625,123.69000244140625,594.0
2024-10-25 13:04:00+00:00,CRWD,301.0920104980469,301.0920104980469,301.0920104980469,300.5299987792969,300.5299987792969,5615.0
2024-10-25 13:04:00+00:00,CSCO,55.98500061035156,55.98500061035156,56.0,55.97999954223633,55.98500061035156,14773.0
2024-10-25 13:04:00+00:00,CSIQ,13.660099983215332,13.660099983215332,13.670000076293945,13.65999984741211,13.670000076293945,3572.0
2024-10-25 13:04:00+00:00,CTSH,74.86000061035156,74.86000061035156,74.87999725341797,74.86000061035156,74.87999725341797,1295.0
2024-10-25 13:04:00+00:00,CVLT,134.52000427246094,134.52000427246094,134.52000427246094,134.52000427246094,134.52000427246094,503.0
2024-10-25 13:04:00+00:00,CYN,3.5799999237060547,3.5799999237060547,3.5799999237060547,3.5799999237060547,3.5799999237060547,330.0
2024-10-25 13:04:00+00:00,DATS,1.5800000429153442,1.5800000429153442,1.6114000082015991,1.5800000429153442,1.6114000082015991,16246.0
2024-10-25 13:04:00+00:00,DBX,26.05500030517578,26.05500030517578,26.05500030517578,26.05500030517578,26.05500030517578,1042.0
2024-10-25 13:04:00+00:00,DDOG,127.41999816894531,127.41999816894531,127.43000030517578,127.41000366210938,127.41000366210938,695.0
2024-10-25 13:04:00+00:00,DGHI,1.5720000267028809,1.5720000267028809,1.5800000429153442,1.5720000267028809,1.5800000429153442,1454.0
2024-10-25 13:04:00+00:00,DLO,8.904999732971191,8.904999732971191,8.904999732971191,8.904999732971191,8.904999732971191,705.0
2024-10-25 13:04:00+00:00,DOCU,69.875,69.875,69.875,69.875,69.875,204.0
2024-10-25 13:04:00+00:00,DUOL,290.4599914550781,290.4599914550781,290.54998779296875,290.4599914550781,290.54998779296875,810.0
2024-10-25 13:04:00+00:00,EEFT,99.56999969482422,99.56999969482422,99.56999969482422,99.56999969482422,99.56999969482422,407.0
2024-10-25 13:04:00+00:00,ENPH,82.98799896240234,82.98799896240234,82.98799896240234,82.93499755859375,82.93499755859375,1536.0
2024-10-25 13:04:00+00:00,ENTG,105.92340087890625,105.92340087890625,105.92340087890625,105.87000274658203,105.87000274658203,1128.0
2024-10-25 13:04:00+00:00,ERIC,8.484999656677246,8.484999656677246,8.484999656677246,8.484999656677246,8.484999656677246,14521.0
2024-10-25 13:04:00+00:00,EVCM,10.569499969482422,10.569499969482422,10.569499969482422,10.569499969482422,10.569499969482422,1388.0
2024-10-25 13:04:00+00:00,FFIV,216.60499572753906,216.60499572753906,216.60499572753906,216.60499572753906,216.60499572753906,323.0
2024-10-25 13:04:00+00:00,FIVN,29.799999237060547,29.799999237060547,29.850000381469727,29.799999237060547,29.850000381469727,1098.0
2024-10-25 13:04:00+00:00,FLEX,35.25,35.25,35.255001068115234,35.25,35.25,2674.0
2024-10-25 13:04:00+00:00,FLYW,17.479999542236328,17.479999542236328,17.479999542236328,17.479999542236328,17.479999542236328,335.0
2024-10-25 13:04:00+00:00,FRSH,11.654999732971191,11.654999732971191,11.654999732971191,11.654999732971191,11.654999732971191,1575.0
2024-10-25 13:04:00+00:00,FSLR,198.77000427246094,198.77000427246094,198.77000427246094,198.38999938964844,198.38999938964844,3812.0
2024-10-25 13:04:00+00:00,FTNT,81.1050033569336,81.1050033569336,81.1050033569336,81.1050033569336,81.1050033569336,147.0
2024-10-25 13:04:00+00:00,GCT,24.889999389648438,24.889999389648438,24.889999389648438,24.860000610351562,24.885799407958984,7374.0
2024-10-25 13:04:00+00:00,GFS,41.22999954223633,41.22999954223633,41.22999954223633,41.20000076293945,41.20000076293945,3260.0
2024-10-25 13:04:00+00:00,GPRO,1.3350000381469727,1.3350000381469727,1.340000033378601,1.3350000381469727,1.340000033378601,1250.0
2024-10-25 13:04:00+00:00,GRAB,4.09499979019165,4.09499979019165,4.09499979019165,4.09499979019165,4.09499979019165,644.0
2024-10-25 13:04:00+00:00,GTLB,55.47999954223633,55.47999954223633,55.47999954223633,55.41999816894531,55.45000076293945,1428.0
2024-10-25 13:04:00+00:00,HCP,33.66999816894531,33.66999816894531,33.66999816894531,33.665000915527344,33.665000915527344,4456.0
2024-10-25 13:04:00+00:00,HIMX,6.184999942779541,6.184999942779541,6.184999942779541,6.184999942779541,6.184999942779541,616.0
2024-10-25 13:04:00+00:00,HLIT,14.819999694824219,14.819999694824219,14.819999694824219,14.819999694824219,14.819999694824219,1435.0
2024-10-25 13:04:00+00:00,HOLO,3.630000114440918,3.630000114440918,3.640000104904175,3.630000114440918,3.640000104904175,4691.0
2024-10-25 13:04:00+00:00,HOOD,27.364999771118164,27.364999771118164,27.3700008392334,27.344999313354492,27.344999313354492,6852.0
2024-10-25 13:04:00+00:00,IMMR,8.725000381469727,8.725000381469727,8.725000381469727,8.725000381469727,8.725000381469727,200.0
2024-10-25 13:04:00+00:00,INDI,3.555000066757202,3.555000066757202,3.555000066757202,3.555000066757202,3.555000066757202,1156.0
2024-10-25 13:04:00+00:00,INOD,20.334999084472656,20.334999084472656,20.334999084472656,20.334999084472656,20.334999084472656,380.0
2024-10-25 13:04:00+00:00,INTC,23.100000381469727,23.100000381469727,23.107999801635742,23.09000015258789,23.104999542236328,205997.0
2024-10-25 13:04:00+00:00,INTU,611.8400268554688,611.8400268554688,611.8400268554688,611.7000122070312,611.719970703125,7138.0
2024-10-25 13:04:00+00:00,JAMF,16.790000915527344,16.790000915527344,16.790000915527344,16.790000915527344,16.790000915527344,329.0
2024-10-25 13:04:00+00:00,KC,2.7249999046325684,2.7249999046325684,2.7249999046325684,2.7249999046325684,2.7249999046325684,822.0
2024-10-25 13:04:00+00:00,KLAC,679.8099975585938,679.8099975585938,679.8499145507812,679.8099975585938,679.8499145507812,3309.0
2024-10-25 13:04:00+00:00,KLIC,44.709999084472656,44.709999084472656,44.709999084472656,44.709999084472656,44.709999084472656,346.0
2024-10-25 13:04:00+00:00,KOPN,0.7828999757766724,0.7828999757766724,0.7828999757766724,0.7828999757766724,0.7828999757766724,930.0
2024-10-25 13:04:00+00:00,LINK,4.920000076293945,4.920000076293945,4.929999828338623,4.790500164031982,4.790500164031982,809.0
2024-10-25 13:04:00+00:00,LITE,64.19000244140625,64.19000244140625,64.19000244140625,64.16999816894531,64.16999816894531,950.0
2024-10-25 13:04:00+00:00,LOGI,81.03040313720703,81.03040313720703,81.03040313720703,81.03009796142578,81.03009796142578,1565.0
2024-10-25 13:04:00+00:00,LRCX,79.16999816894531,79.16999816894531,79.1760025024414,79.08000183105469,79.08000183105469,13914.0
2024-10-25 13:04:00+00:00,LTRX,4.045000076293945,4.045000076293945,4.045000076293945,4.045000076293945,4.045000076293945,467.0
2024-10-25 13:04:00+00:00,LYFT,13.774999618530273,13.774999618530273,13.77750015258789,13.774999618530273,13.774999618530273,1564.0
2024-10-25 13:04:00+00:00,MANH,276.1099853515625,276.1099853515625,276.1099853515625,276.1099853515625,276.1099853515625,559.0
2024-10-25 13:04:00+00:00,MAXN,5.579999923706055,5.579999923706055,5.579999923706055,5.579999923706055,5.579999923706055,300.0
2024-10-25 13:04:00+00:00,MCHP,77.25,77.25,77.25,77.22000122070312,77.22000122070312,2006.0
2024-10-25 13:04:00+00:00,MDB,268.05999755859375,268.05999755859375,268.05999755859375,267.989990234375,267.989990234375,793.0
2024-10-25 13:04:00+00:00,MKSI,101.52999877929688,101.52999877929688,101.52999877929688,101.5199966430664,101.5199966430664,1467.0
2024-10-25 13:04:00+00:00,MPWR,923.0,923.0,923.0,923.0,923.0,323.0
2024-10-25 13:04:00+00:00,MQ,5.284999847412109,5.284999847412109,5.284999847412109,5.281499862670898,5.281499862670898,2455.0
2024-10-25 13:04:00+00:00,MRVL,83.2699966430664,83.2699966430664,83.2699966430664,83.2300033569336,83.23999786376953,4558.0
2024-10-25 13:04:00+00:00,MSFT,430.42401123046875,430.42401123046875,430.44000244140625,430.2699890136719,430.2699890136719,7664.0
2024-10-25 13:04:00+00:00,MSTR,242.60000610351562,242.60000610351562,242.64999389648438,242.25,242.36500549316406,36300.0
2024-10-25 13:04:00+00:00,MTLS,5.9430999755859375,5.9430999755859375,5.949999809265137,5.9430999755859375,5.949999809265137,670.0
2024-10-25 13:04:00+00:00,MTSI,120.94000244140625,120.94000244140625,120.94000244140625,120.94000244140625,120.94000244140625,420.0
2024-10-25 13:04:00+00:00,MTTR,4.614999771118164,4.614999771118164,4.614999771118164,4.614999771118164,4.614999771118164,598.0
2024-10-25 13:04:00+00:00,MU,108.94000244140625,108.94000244140625,108.94000244140625,108.83000183105469,108.83000183105469,32541.0
2024-10-25 13:04:00+00:00,MXL,15.0,15.0,15.0,14.979999542236328,14.979999542236328,2370.0
2024-10-25 13:04:00+00:00,NICE,176.8524932861328,176.8524932861328,176.8524932861328,176.8524932861328,176.8524932861328,223.0
2024-10-25 13:04:00+00:00,NNDM,2.3299999237060547,2.3299999237060547,2.3299999237060547,2.325000047683716,2.325000047683716,859.0
2024-10-25 13:04:00+00:00,NSIT,209.08999633789062,209.08999633789062,209.08999633789062,209.08999633789062,209.08999633789062,218.0
2024-10-25 13:04:00+00:00,NTAP,120.20999908447266,120.20999908447266,120.26000213623047,120.20999908447266,120.26000213623047,5274.0
2024-10-25 13:04:00+00:00,NTCT,20.774999618530273,20.774999618530273,20.774999618530273,20.770000457763672,20.770000457763672,668.0
2024-10-25 13:04:00+00:00,NTNX,62.2400016784668,62.2400016784668,62.2400016784668,62.2400016784668,62.2400016784668,319.0
2024-10-25 13:04:00+00:00,NVDA,143.4149932861328,143.4149932861328,143.42999267578125,143.2899932861328,143.30999755859375,290389.0
2024-10-25 13:04:00+00:00,NVMI,184.8350067138672,184.8350067138672,184.8350067138672,184.8350067138672,184.8350067138672,290.0
2024-10-25 13:04:00+00:00,NVTS,2.6050000190734863,2.6050000190734863,2.6050000190734863,2.6050000190734863,2.6050000190734863,403.0
2024-10-25 13:04:00+00:00,NXPI,245.52999877929688,245.52999877929688,245.55999755859375,245.52999877929688,245.5399932861328,478.0
2024-10-25 13:04:00+00:00,OKTA,72.45999908447266,72.45999908447266,72.45999908447266,72.44000244140625,72.44000244140625,673.0
2024-10-25 13:04:00+00:00,OLED,204.55999755859375,204.55999755859375,204.55999755859375,204.55999755859375,204.55999755859375,3313.0
2024-10-25 13:04:00+00:00,ON,72.0999984741211,72.0999984741211,72.0999984741211,72.02999877929688,72.02999877929688,17865.0
2024-10-25 13:04:00+00:00,PANW,369.06500244140625,369.06500244140625,369.0950012207031,369.06500244140625,369.0950012207031,1552.0
2024-10-25 13:04:00+00:00,PAYO,8.3149995803833,8.3149995803833,8.319999694824219,8.3149995803833,8.319999694824219,501.0
2024-10-25 13:04:00+00:00,PEGA,80.73999786376953,80.73999786376953,80.80000305175781,80.68789672851562,80.68789672851562,3298.0
2024-10-25 13:04:00+00:00,PET,0.801800012588501,0.801800012588501,0.801800012588501,0.801800012588501,0.801800012588501,172.0
2024-10-25 13:04:00+00:00,PHUN,10.230600357055664,10.230600357055664,10.259900093078613,10.23009967803955,10.251099586486816,7556.0
2024-10-25 13:04:00+00:00,PLXS,142.57000732421875,142.57000732421875,142.60000610351562,142.57000732421875,142.60000610351562,1279.0
2024-10-25 13:04:00+00:00,POET,3.9000000953674316,3.9000000953674316,3.9000000953674316,3.8949999809265137,3.8949999809265137,1517.0
2024-10-25 13:04:00+00:00,POWI,64.06999969482422,64.06999969482422,64.06999969482422,64.06999969482422,64.06999969482422,728.0
2024-10-25 13:04:00+00:00,PRCH,1.315000057220459,1.315000057220459,1.315500020980835,1.309999942779541,1.309999942779541,3126.0
2024-10-25 13:04:00+00:00,PTC,186.68499755859375,186.68499755859375,186.77999877929688,186.67999267578125,186.77999877929688,1990.0
2024-10-25 13:04:00+00:00,PYCR,14.34000015258789,14.34000015258789,14.34000015258789,14.34000015258789,14.34000015258789,375.0
2024-10-25 13:04:00+00:00,QCOM,172.6649932861328,172.6649932861328,172.69000244140625,172.6199951171875,172.6199951171875,4651.0
2024-10-25 13:04:00+00:00,QLYS,120.3499984741211,120.3499984741211,120.3499984741211,120.3499984741211,120.3499984741211,360.0
2024-10-25 13:04:00+00:00,QRVO,100.58999633789062,100.58999633789062,100.58999633789062,100.54000091552734,100.54000091552734,2512.0
2024-10-25 13:04:00+00:00,RELY,14.829999923706055,14.829999923706055,14.835000038146973,14.819999694824219,14.835000038146973,2635.0
2024-10-25 13:04:00+00:00,RGTI,1.2239999771118164,1.2239999771118164,1.225000023841858,1.215000033378601,1.215000033378601,5170.0
2024-10-25 13:04:00+00:00,RIOT,10.034000396728516,10.034000396728516,10.045999526977539,10.029999732971191,10.03499984741211,23397.0
2024-10-25 13:04:00+00:00,RMBS,43.68000030517578,43.68000030517578,43.68000030517578,43.624900817871094,43.624900817871094,2421.0
2024-10-25 13:04:00+00:00,RPAY,7.59499979019165,7.59499979019165,7.605000019073486,7.589900016784668,7.590000152587891,9811.0
2024-10-25 13:04:00+00:00,RPD,38.959999084472656,38.959999084472656,38.959999084472656,38.959999084472656,38.959999084472656,555.0
2024-10-25 13:04:00+00:00,RUM,5.7399001121521,5.7399001121521,5.7399001121521,5.730100154876709,5.730100154876709,2092.0
2024-10-25 13:04:00+00:00,RUN,14.319999694824219,14.319999694824219,14.319999694824219,14.3149995803833,14.3149995803833,4965.0
2024-10-25 13:04:00+00:00,SATS,25.145000457763672,25.145000457763672,25.145000457763672,25.145000457763672,25.145000457763672,452.0
2024-10-25 13:04:00+00:00,SEDG,16.100000381469727,16.100000381469727,16.100000381469727,16.079999923706055,16.09000015258789,4094.0
2024-10-25 13:04:00+00:00,SHLS,5.269999980926514,5.269999980926514,5.269999980926514,5.264999866485596,5.264999866485596,3446.0
2024-10-25 13:04:00+00:00,SIMO,57.0,57.0,57.0,57.0,57.0,606.0
2024-10-25 13:04:00+00:00,SMCI,47.70069885253906,47.70069885253906,47.709999084472656,47.630001068115234,47.63999938964844,62042.0
2024-10-25 13:04:00+00:00,SNPS,504.0199890136719,504.0199890136719,504.0199890136719,503.9800109863281,503.9800109863281,2018.0
2024-10-25 13:04:00+00:00,SONO,12.819999694824219,12.819999694824219,12.819999694824219,12.819999694824219,12.819999694824219,632.0
2024-10-25 13:04:00+00:00,SOUN,5.235000133514404,5.235000133514404,5.235000133514404,5.21999979019165,5.225299835205078,35116.0
2024-10-25 13:04:00+00:00,SPT,27.0,27.0,27.010000228881836,27.0,27.010000228881836,1197.0
2024-10-25 13:04:00+00:00,SRAD,12.390000343322754,12.390000343322754,12.390000343322754,12.390000343322754,12.390000343322754,200.0
2024-10-25 13:04:00+00:00,SSNC,69.5999984741211,69.5999984741211,69.62000274658203,69.5999984741211,69.62000274658203,3627.0
2024-10-25 13:04:00+00:00,SSTI,11.199999809265137,11.199999809265137,11.369999885559082,11.199999809265137,11.359999656677246,3690.0
2024-10-25 13:04:00+00:00,STNE,11.494999885559082,11.494999885559082,11.494999885559082,11.494999885559082,11.494999885559082,540.0
2024-10-25 13:04:00+00:00,STX,104.04000091552734,104.04000091552734,104.04000091552734,104.0,104.00499725341797,2026.0
2024-10-25 13:04:00+00:00,SWKS,96.58920288085938,96.58920288085938,96.62000274658203,96.58920288085938,96.59500122070312,1092.0
2024-10-25 13:04:00+00:00,TACT,4.164999961853027,4.164999961853027,4.164999961853027,4.164999961853027,4.164999961853027,200.0
2024-10-25 13:04:00+00:00,TENB,41.68000030517578,41.68000030517578,41.68000030517578,41.68000030517578,41.68000030517578,116.0
2024-10-25 13:04:00+00:00,TER,113.16999816894531,113.16999816894531,113.18000030517578,113.08999633789062,113.08999633789062,4116.0
2024-10-25 13:04:00+00:00,TRMB,61.099998474121094,61.099998474121094,61.099998474121094,61.099998474121094,61.099998474121094,250.0
2024-10-25 13:04:00+00:00,TTD,119.26499938964844,119.26499938964844,119.29000091552734,119.24749755859375,119.2699966430664,2869.0
2024-10-25 13:04:00+00:00,TTMI,19.549999237060547,19.549999237060547,19.549999237060547,19.549999237060547,19.549999237060547,422.0
2024-10-25 13:04:00+00:00,TWKS,4.450099945068359,4.450099945068359,4.457499980926514,4.449999809265137,4.449999809265137,3056.0
2024-10-25 13:04:00+00:00,TXN,209.27000427246094,209.27000427246094,209.27000427246094,209.22000122070312,209.22000122070312,4041.0
2024-10-25 13:04:00+00:00,UCTT,36.025001525878906,36.025001525878906,36.025001525878906,36.025001525878906,36.025001525878906,249.0
2024-10-25 13:04:00+00:00,VECO,29.56999969482422,29.56999969482422,29.56999969482422,29.520000457763672,29.530000686645508,3293.0
2024-10-25 13:04:00+00:00,VERX,42.095001220703125,42.095001220703125,42.095001220703125,42.095001220703125,42.095001220703125,498.0
2024-10-25 13:04:00+00:00,VIAV,9.25,9.25,9.25,9.25,9.25,255.0
2024-10-25 13:04:00+00:00,VMEO,4.775000095367432,4.775000095367432,4.775000095367432,4.775000095367432,4.775000095367432,1843.0
2024-10-25 13:04:00+00:00,VRNS,57.0099983215332,57.0099983215332,57.0099983215332,57.0,57.0,1006.0
2024-10-25 13:04:00+00:00,VRNT,22.229999542236328,22.229999542236328,22.229999542236328,22.219999313354492,22.219999313354492,1651.0
2024-10-25 13:04:00+00:00,VSAT,10.390000343322754,10.390000343322754,10.390000343322754,10.390000343322754,10.390000343322754,337.0
2024-10-25 13:04:00+00:00,VUZI,1.309999942779541,1.309999942779541,1.309999942779541,1.309999942779541,1.309999942779541,0.0
2024-10-25 13:04:00+00:00,WDC,71.11000061035156,71.11000061035156,71.11000061035156,70.94999694824219,70.94999694824219,5439.0
2024-10-25 13:04:00+00:00,WISA,1.9699000120162964,1.9699000120162964,1.9900000095367432,1.965000033378601,1.968000054359436,5978.0
2024-10-25 13:04:00+00:00,XPER,9.425000190734863,9.425000190734863,9.430000305175781,9.420000076293945,9.420000076293945,1184.0
2024-10-25 13:04:00+00:00,XRX,10.024999618530273,10.024999618530273,10.024999618530273,10.020000457763672,10.024999618530273,964.0
2024-10-25 13:04:00+00:00,ZM,73.19000244140625,73.19000244140625,73.19000244140625,73.13200378417969,73.13200378417969,3076.0
2024-10-25 13:04:00+00:00,ZS,185.97000122070312,185.97000122070312,185.97000122070312,185.91000366210938,185.91000366210938,1149.0
2024-10-25 13:05:00+00:00,AAOI,17.886999130249023,17.886999130249023,17.904800415039062,17.8799991607666,17.8799991607666,2259.0
2024-10-25 13:05:00+00:00,AAPL,232.49159240722656,232.49159240722656,232.5500030517578,232.49000549316406,232.52499389648438,33979.0
2024-10-25 13:05:00+00:00,ACLS,90.69999694824219,90.69999694824219,90.69999694824219,90.69999694824219,90.69999694824219,117.0
2024-10-25 13:05:00+00:00,ADBE,485.3500061035156,485.3500061035156,485.5350036621094,485.3500061035156,485.44000244140625,3546.0
2024-10-25 13:05:00+00:00,ADI,233.77499389648438,233.77499389648438,233.77499389648438,233.75,233.75,1110.0
2024-10-25 13:05:00+00:00,ADTN,6.389999866485596,6.389999866485596,6.389999866485596,6.389999866485596,6.389999866485596,1317.0
2024-10-25 13:05:00+00:00,AEHR,17.350000381469727,17.350000381469727,17.350000381469727,17.290000915527344,17.290000915527344,4359.0
2024-10-25 13:05:00+00:00,AFRM,41.75,41.75,41.77000045776367,41.75,41.762001037597656,6561.0
2024-10-25 13:05:00+00:00,AKAM,102.66500091552734,102.66500091552734,102.68000030517578,102.66500091552734,102.68000030517578,1378.0
2024-10-25 13:05:00+00:00,AKTS,0.057100001722574234,0.057100001722574234,0.057100001722574234,0.057100001722574234,0.057100001722574234,38344.0
2024-10-25 13:05:00+00:00,ALGM,23.06999969482422,23.06999969482422,23.110000610351562,23.06999969482422,23.07979965209961,7747.0
2024-10-25 13:05:00+00:00,ALKT,38.209999084472656,38.209999084472656,38.209999084472656,38.209999084472656,38.209999084472656,1352.0
2024-10-25 13:05:00+00:00,AMAT,188.53500366210938,188.53500366210938,188.6199951171875,188.53500366210938,188.6199951171875,1987.0
2024-10-25 13:05:00+00:00,AMD,157.91000366210938,157.91000366210938,158.0,157.90150451660156,158.0,22956.0
2024-10-25 13:05:00+00:00,ANSS,325.55999755859375,325.55999755859375,325.55999755859375,325.55999755859375,325.55999755859375,200.0
2024-10-25 13:05:00+00:00,ANY,1.05649995803833,1.05649995803833,1.0565999746322632,1.05649995803833,1.05649995803833,16671.0
2024-10-25 13:05:00+00:00,API,2.880000114440918,2.880000114440918,2.880000114440918,2.880000114440918,2.880000114440918,1010.0
2024-10-25 13:05:00+00:00,APP,161.47000122070312,161.47000122070312,161.52999877929688,161.44000244140625,161.44000244140625,2206.0
2024-10-25 13:05:00+00:00,APPF,214.14999389648438,214.14999389648438,214.61000061035156,214.14999389648438,214.60000610351562,1394.0
2024-10-25 13:05:00+00:00,APPN,32.084999084472656,32.084999084472656,32.084999084472656,32.084999084472656,32.084999084472656,309.0
2024-10-25 13:05:00+00:00,ARQQ,7.037899971008301,7.037899971008301,7.037899971008301,7.037899971008301,7.037899971008301,1231.0
2024-10-25 13:05:00+00:00,ARRY,6.454999923706055,6.454999923706055,6.46999979019165,6.445000171661377,6.445000171661377,12393.0
2024-10-25 13:05:00+00:00,ASML,718.8599853515625,718.8599853515625,719.02001953125,718.8599853515625,719.02001953125,944.0
2024-10-25 13:05:00+00:00,ASNS,1.3200000524520874,1.3200000524520874,1.3264000415802002,1.3200000524520874,1.3264000415802002,1000.0
2024-10-25 13:05:00+00:00,ATOM,3.365999937057495,3.365999937057495,3.365999937057495,3.365999937057495,3.365999937057495,400.0
2024-10-25 13:05:00+00:00,AUR,6.485000133514404,6.485000133514404,6.485000133514404,6.480000019073486,6.480000019073486,3470.0
2024-10-25 13:05:00+00:00,AVGO,175.7449951171875,175.7449951171875,175.77000427246094,175.66000366210938,175.6999969482422,36452.0
2024-10-25 13:05:00+00:00,AZPN,235.7449951171875,235.7449951171875,235.7449951171875,235.7449951171875,235.7449951171875,405.0
2024-10-25 13:05:00+00:00,BMBL,7.204999923706055,7.204999923706055,7.210000038146973,7.204999923706055,7.210000038146973,1543.0
2024-10-25 13:05:00+00:00,BOSC,2.930000066757202,2.930000066757202,2.930000066757202,2.930000066757202,2.930000066757202,200.0
2024-10-25 13:05:00+00:00,BSY,49.143798828125,49.143798828125,49.15869903564453,49.143798828125,49.14950180053711,613.0
2024-10-25 13:05:00+00:00,CAN,0.9819999933242798,0.9819999933242798,0.9843000173568726,0.9819999933242798,0.9843000173568726,10801.0
2024-10-25 13:05:00+00:00,CCSI,20.719999313354492,20.719999313354492,20.719999313354492,20.649999618530273,20.649999618530273,698.0
2024-10-25 13:05:00+00:00,CDNS,259.7074890136719,259.7074890136719,259.7074890136719,259.7074890136719,259.7074890136719,469.0
2024-10-25 13:05:00+00:00,CDW,219.99000549316406,219.99000549316406,219.99000549316406,219.99000549316406,219.99000549316406,323.0
2024-10-25 13:05:00+00:00,CETX,0.3068999946117401,0.3068999946117401,0.3068999946117401,0.3068999946117401,0.3068999946117401,252.0
2024-10-25 13:05:00+00:00,CFLT,22.570499420166016,22.570499420166016,22.570499420166016,22.56999969482422,22.56999969482422,1608.0
2024-10-25 13:05:00+00:00,CGNX,38.90999984741211,38.90999984741211,38.90999984741211,38.90999984741211,38.90999984741211,423.0
2024-10-25 13:05:00+00:00,CHKP,207.36500549316406,207.36500549316406,207.36500549316406,207.36500549316406,207.36500549316406,3519.0
2024-10-25 13:05:00+00:00,CLBT,18.178199768066406,18.178199768066406,18.178199768066406,18.178199768066406,18.178199768066406,144.0
2024-10-25 13:05:00+00:00,CLSK,11.9399995803833,11.9399995803833,11.959199905395508,11.9399995803833,11.949999809265137,34016.0
2024-10-25 13:05:00+00:00,CNDT,3.615000009536743,3.615000009536743,3.615000009536743,3.615000009536743,3.615000009536743,613.0
2024-10-25 13:05:00+00:00,COHR,95.98999786376953,95.98999786376953,95.98999786376953,95.93000030517578,95.97599792480469,921.0
2024-10-25 13:05:00+00:00,COIN,211.05819702148438,211.05819702148438,211.05819702148438,210.8000030517578,210.97129821777344,7241.0
2024-10-25 13:05:00+00:00,COMM,6.291500091552734,6.291500091552734,6.296000003814697,6.290800094604492,6.293600082397461,1976.0
2024-10-25 13:05:00+00:00,CORZ,13.420000076293945,13.420000076293945,13.420000076293945,13.40999984741211,13.40999984741211,10789.0
2024-10-25 13:05:00+00:00,CRDO,39.72999954223633,39.72999954223633,39.72999954223633,39.72999954223633,39.72999954223633,1243.0
2024-10-25 13:05:00+00:00,CRSR,6.394999980926514,6.394999980926514,6.394999980926514,6.389999866485596,6.389999866485596,547.0
2024-10-25 13:05:00+00:00,CRWD,301.57000732421875,301.57000732421875,301.57000732421875,300.7200012207031,301.0205078125,13494.0
2024-10-25 13:05:00+00:00,CSCO,56.0,56.0,56.0099983215332,56.0,56.0,6980.0
2024-10-25 13:05:00+00:00,CSIQ,13.65999984741211,13.65999984741211,13.65999984741211,13.649999618530273,13.649999618530273,1498.0
2024-10-25 13:05:00+00:00,CTSH,74.86499786376953,74.86499786376953,74.87999725341797,74.86000061035156,74.86000061035156,2592.0
2024-10-25 13:05:00+00:00,DAIO,2.5299999713897705,2.5299999713897705,2.5299999713897705,2.5299999713897705,2.5299999713897705,1868.0
2024-10-25 13:05:00+00:00,DAVE,39.525001525878906,39.525001525878906,39.61000061035156,39.525001525878906,39.61000061035156,1227.0
2024-10-25 13:05:00+00:00,DBX,26.065000534057617,26.065000534057617,26.065000534057617,26.059999465942383,26.059999465942383,2859.0
2024-10-25 13:05:00+00:00,DDOG,127.44000244140625,127.44000244140625,127.44000244140625,127.41999816894531,127.41999816894531,2299.0
2024-10-25 13:05:00+00:00,DOCU,69.86000061035156,69.86000061035156,69.91999816894531,69.8499984741211,69.88999938964844,7566.0
2024-10-25 13:05:00+00:00,DOMO,8.0600004196167,8.0600004196167,8.0600004196167,8.0600004196167,8.0600004196167,873.0
2024-10-25 13:05:00+00:00,DUOL,290.19000244140625,290.19000244140625,290.19000244140625,290.19000244140625,290.19000244140625,1205.0
2024-10-25 13:05:00+00:00,ENPH,82.91560363769531,82.91560363769531,83.00779724121094,82.91560363769531,82.9800033569336,2819.0
2024-10-25 13:05:00+00:00,ENTG,105.94999694824219,105.94999694824219,105.94999694824219,105.87999725341797,105.87999725341797,3381.0
2024-10-25 13:05:00+00:00,ERIC,8.484999656677246,8.484999656677246,8.484999656677246,8.479999542236328,8.479999542236328,17326.0
2024-10-25 13:05:00+00:00,EXLS,38.91999816894531,38.91999816894531,38.91999816894531,38.91999816894531,38.91999816894531,1092.0
2024-10-25 13:05:00+00:00,FIVN,29.799999237060547,29.799999237060547,29.809999465942383,29.799999237060547,29.809999465942383,543.0
2024-10-25 13:05:00+00:00,FLEX,35.2400016784668,35.2400016784668,35.2400016784668,35.2400016784668,35.2400016784668,214.0
2024-10-25 13:05:00+00:00,FLYW,17.479999542236328,17.479999542236328,17.479999542236328,17.479999542236328,17.479999542236328,538.0
2024-10-25 13:05:00+00:00,FROG,29.422000885009766,29.422000885009766,29.424999237060547,29.422000885009766,29.424999237060547,546.0
2024-10-25 13:05:00+00:00,FSLR,198.8800048828125,198.8800048828125,199.0,198.8000030517578,198.8000030517578,3575.0
2024-10-25 13:05:00+00:00,FTCI,0.6610000133514404,0.6610000133514404,0.6610000133514404,0.6610000133514404,0.6610000133514404,3057.0
2024-10-25 13:05:00+00:00,FTNT,81.12999725341797,81.12999725341797,81.12999725341797,81.12999725341797,81.12999725341797,562.0
2024-10-25 13:05:00+00:00,GCT,24.889999389648438,24.889999389648438,24.899999618530273,24.889999389648438,24.899999618530273,1276.0
2024-10-25 13:05:00+00:00,GDYN,15.579999923706055,15.579999923706055,15.579999923706055,15.579999923706055,15.579999923706055,401.0
2024-10-25 13:05:00+00:00,GFS,41.224998474121094,41.224998474121094,41.224998474121094,41.224998474121094,41.224998474121094,232.0
2024-10-25 13:05:00+00:00,GPRO,1.3350000381469727,1.3350000381469727,1.3350000381469727,1.3350000381469727,1.3350000381469727,1510.0
2024-10-25 13:05:00+00:00,GRAB,4.09499979019165,4.09499979019165,4.09499979019165,4.09499979019165,4.09499979019165,5074.0
2024-10-25 13:05:00+00:00,GRRR,4.534999847412109,4.534999847412109,4.534999847412109,4.534999847412109,4.534999847412109,804.0
2024-10-25 13:05:00+00:00,GTLB,55.47999954223633,55.47999954223633,55.5,55.45500183105469,55.5,1131.0
2024-10-25 13:05:00+00:00,HCP,33.665000915527344,33.665000915527344,33.665000915527344,33.665000915527344,33.665000915527344,259.0
2024-10-25 13:05:00+00:00,HIMX,6.195000171661377,6.195000171661377,6.195000171661377,6.190000057220459,6.190000057220459,5612.0
2024-10-25 13:05:00+00:00,HOLO,3.630500078201294,3.630500078201294,3.634999990463257,3.630500078201294,3.634999990463257,0.0
2024-10-25 13:05:00+00:00,HOOD,27.354999542236328,27.354999542236328,27.360000610351562,27.354999542236328,27.360000610351562,6401.0
2024-10-25 13:05:00+00:00,III,3.055000066757202,3.055000066757202,3.059999942779541,3.055000066757202,3.055000066757202,8975.0
2024-10-25 13:05:00+00:00,IMMR,8.729999542236328,8.729999542236328,8.729999542236328,8.725000381469727,8.725000381469727,700.0
2024-10-25 13:05:00+00:00,INDI,3.555000066757202,3.555000066757202,3.559999942779541,3.549999952316284,3.549999952316284,1516.0
2024-10-25 13:05:00+00:00,INTC,23.09000015258789,23.09000015258789,23.106000900268555,23.09000015258789,23.094999313354492,70860.0
2024-10-25 13:05:00+00:00,IPGP,77.44000244140625,77.44000244140625,77.44000244140625,77.44000244140625,77.44000244140625,655.0
2024-10-25 13:05:00+00:00,ITRI,102.78130340576172,102.78130340576172,102.78130340576172,102.78130340576172,102.78130340576172,337.0
2024-10-25 13:05:00+00:00,JAMF,16.780000686645508,16.780000686645508,16.780000686645508,16.780000686645508,16.780000686645508,281.0
2024-10-25 13:05:00+00:00,JKHY,183.47500610351562,183.47500610351562,183.47500610351562,183.4550018310547,183.4550018310547,324.0
2024-10-25 13:05:00+00:00,KLIC,44.709999084472656,44.709999084472656,44.709999084472656,44.709999084472656,44.709999084472656,520.0
2024-10-25 13:05:00+00:00,KOPN,0.7835000157356262,0.7835000157356262,0.7835000157356262,0.7835000157356262,0.7835000157356262,400.0
2024-10-25 13:05:00+00:00,LASR,10.449999809265137,10.449999809265137,10.449999809265137,10.449999809265137,10.449999809265137,623.0
2024-10-25 13:05:00+00:00,LINK,4.920000076293945,4.920000076293945,4.920000076293945,4.885000228881836,4.885000228881836,4025.0
2024-10-25 13:05:00+00:00,LITE,64.19999694824219,64.19999694824219,64.2300033569336,64.19999694824219,64.20999908447266,866.0
2024-10-25 13:05:00+00:00,LOGI,81.04499816894531,81.04499816894531,81.04499816894531,81.04499816894531,81.04499816894531,149.0
2024-10-25 13:05:00+00:00,LPSN,1.1749999523162842,1.1749999523162842,1.1749999523162842,1.1749999523162842,1.1749999523162842,408.0
2024-10-25 13:05:00+00:00,LRCX,79.0999984741211,79.0999984741211,79.18000030517578,79.0999984741211,79.16999816894531,11933.0
2024-10-25 13:05:00+00:00,LSCC,54.584999084472656,54.584999084472656,54.619998931884766,54.584999084472656,54.599998474121094,2537.0
2024-10-25 13:05:00+00:00,LYFT,13.78499984741211,13.78499984741211,13.789999961853027,13.779999732971191,13.779999732971191,16778.0
2024-10-25 13:05:00+00:00,LYTS,16.289199829101562,16.289199829101562,16.289199829101562,16.289199829101562,16.289199829101562,983.0
2024-10-25 13:05:00+00:00,MANH,275.9200134277344,275.9200134277344,275.9200134277344,275.9200134277344,275.9200134277344,417.0
2024-10-25 13:05:00+00:00,MAPS,0.8422999978065491,0.8422999978065491,0.8422999978065491,0.8422999978065491,0.8422999978065491,115.0
2024-10-25 13:05:00+00:00,MAXN,5.579999923706055,5.579999923706055,5.579999923706055,5.579999923706055,5.579999923706055,608.0
2024-10-25 13:05:00+00:00,MCHP,77.23999786376953,77.23999786376953,77.25,77.2300033569336,77.25,2948.0
2024-10-25 13:05:00+00:00,MITK,8.770000457763672,8.770000457763672,8.779999732971191,8.770000457763672,8.770000457763672,816.0
2024-10-25 13:05:00+00:00,MOGO,1.0198999643325806,1.0198999643325806,1.0198999643325806,1.0198999643325806,1.0198999643325806,4462.0
2024-10-25 13:05:00+00:00,MPWR,923.5750122070312,923.5750122070312,923.5750122070312,923.5750122070312,923.5750122070312,406.0
2024-10-25 13:05:00+00:00,MQ,5.289999961853027,5.289999961853027,5.289999961853027,5.284999847412109,5.284999847412109,1375.0
2024-10-25 13:05:00+00:00,MRVL,83.2300033569336,83.2300033569336,83.30999755859375,83.2300033569336,83.2699966430664,7296.0
2024-10-25 13:05:00+00:00,MSFT,430.4035949707031,430.4035949707031,430.4700012207031,430.4035949707031,430.42999267578125,9567.0
2024-10-25 13:05:00+00:00,MSTR,242.13800048828125,242.13800048828125,242.72999572753906,242.00900268554688,242.5800018310547,34378.0
2024-10-25 13:05:00+00:00,MTSI,120.83000183105469,120.83000183105469,120.83000183105469,120.83000183105469,120.83000183105469,258.0
2024-10-25 13:05:00+00:00,MTTR,4.614999771118164,4.614999771118164,4.614999771118164,4.614999771118164,4.614999771118164,522.0
2024-10-25 13:05:00+00:00,MU,108.9032974243164,108.9032974243164,108.98999786376953,108.9000015258789,108.97000122070312,12889.0
2024-10-25 13:05:00+00:00,MVIS,1.0850000381469727,1.0850000381469727,1.0850000381469727,1.0850000381469727,1.0850000381469727,0.0
2024-10-25 13:05:00+00:00,MXL,15.0,15.0,15.0,15.0,15.0,330.0
2024-10-25 13:05:00+00:00,NCNO,37.779998779296875,37.779998779296875,37.779998779296875,37.77000045776367,37.77000045776367,2823.0
2024-10-25 13:05:00+00:00,NTNX,62.244998931884766,62.244998931884766,62.247501373291016,62.244998931884766,62.247501373291016,463.0
2024-10-25 13:05:00+00:00,NVDA,143.40640258789062,143.40640258789062,143.4499969482422,143.3800048828125,143.4199981689453,260680.0
2024-10-25 13:05:00+00:00,NVEI,33.52000045776367,33.52000045776367,33.52000045776367,33.52000045776367,33.52000045776367,450.0
2024-10-25 13:05:00+00:00,NVTS,2.6012001037597656,2.6012001037597656,2.6050000190734863,2.6012001037597656,2.6050000190734863,1883.0
2024-10-25 13:05:00+00:00,NXPI,245.55999755859375,245.55999755859375,245.60000610351562,245.49000549316406,245.60000610351562,1285.0
2024-10-25 13:05:00+00:00,ON,72.08000183105469,72.08000183105469,72.08999633789062,72.07499694824219,72.08999633789062,8018.0
2024-10-25 13:05:00+00:00,OSIS,134.3800048828125,134.3800048828125,134.3800048828125,134.3800048828125,134.3800048828125,489.0
2024-10-25 13:05:00+00:00,PALT,2.0,2.0,2.0,2.0,2.0,700.0
2024-10-25 13:05:00+00:00,PANW,369.20001220703125,369.20001220703125,369.2900085449219,369.20001220703125,369.20001220703125,2462.0
2024-10-25 13:05:00+00:00,PAYO,8.3149995803833,8.3149995803833,8.3149995803833,8.3149995803833,8.3149995803833,782.0
2024-10-25 13:05:00+00:00,PEGA,80.58999633789062,80.58999633789062,80.75499725341797,80.56999969482422,80.75499725341797,4108.0
2024-10-25 13:05:00+00:00,PEGY,4.730000019073486,4.730000019073486,4.730000019073486,4.710000038146973,4.71999979019165,801.0
2024-10-25 13:05:00+00:00,PGY,11.890000343322754,11.890000343322754,11.890000343322754,11.850000381469727,11.850000381469727,3464.0
2024-10-25 13:05:00+00:00,PHUN,10.220000267028809,10.220000267028809,10.25,10.220000267028809,10.234999656677246,7850.0
2024-10-25 13:05:00+00:00,PI,204.2100067138672,204.2100067138672,204.2100067138672,204.2100067138672,204.2100067138672,2976.0
2024-10-25 13:05:00+00:00,PLAB,23.75,23.75,23.75,23.75,23.75,494.0
2024-10-25 13:05:00+00:00,POET,3.9000000953674316,3.9000000953674316,3.9000000953674316,3.9000000953674316,3.9000000953674316,37029.0
2024-10-25 13:05:00+00:00,POWI,64.0199966430664,64.0199966430664,64.0199966430664,64.0199966430664,64.0199966430664,256.0
2024-10-25 13:05:00+00:00,PRCH,1.315000057220459,1.315000057220459,1.315000057220459,1.315000057220459,1.315000057220459,372.0
2024-10-25 13:05:00+00:00,PRGS,64.8550033569336,64.8550033569336,64.8550033569336,64.80999755859375,64.80999755859375,1324.0
2024-10-25 13:05:00+00:00,PUBM,14.848299980163574,14.848299980163574,14.848299980163574,14.84000015258789,14.84000015258789,1103.0
2024-10-25 13:05:00+00:00,PXLW,0.7466999888420105,0.7466999888420105,0.7466999888420105,0.7466999888420105,0.7466999888420105,0.0
2024-10-25 13:05:00+00:00,QCOM,172.6649932861328,172.6649932861328,172.72000122070312,172.63999938964844,172.67999267578125,6734.0
2024-10-25 13:05:00+00:00,QLYS,120.26000213623047,120.26000213623047,120.30000305175781,120.26000213623047,120.30000305175781,1378.0
2024-10-25 13:05:00+00:00,QRVO,100.62999725341797,100.62999725341797,100.62999725341797,100.62000274658203,100.62000274658203,986.0
2024-10-25 13:05:00+00:00,QUBT,1.0750000476837158,1.0750000476837158,1.0750000476837158,1.0750000476837158,1.0750000476837158,628.0
2024-10-25 13:05:00+00:00,RCAT,2.765000104904175,2.765000104904175,2.765000104904175,2.765000104904175,2.765000104904175,183.0
2024-10-25 13:05:00+00:00,REKR,1.0950000286102295,1.0950000286102295,1.0950000286102295,1.0950000286102295,1.0950000286102295,235.0
2024-10-25 13:05:00+00:00,RELY,14.869999885559082,14.869999885559082,14.890000343322754,14.829999923706055,14.84000015258789,23129.0
2024-10-25 13:05:00+00:00,RGTI,1.225000023841858,1.225000023841858,1.2295000553131104,1.225000023841858,1.225000023841858,15206.0
2024-10-25 13:05:00+00:00,RIOT,10.029999732971191,10.029999732971191,10.039899826049805,10.029999732971191,10.039899826049805,13757.0
2024-10-25 13:05:00+00:00,RMBS,43.67499923706055,43.67499923706055,43.67499923706055,43.66999816894531,43.66999816894531,357.0
2024-10-25 13:05:00+00:00,RPD,38.96500015258789,38.96500015258789,38.970001220703125,38.96500015258789,38.970001220703125,506.0
2024-10-25 13:05:00+00:00,RUM,5.735000133514404,5.735000133514404,5.735000133514404,5.735000133514404,5.735000133514404,831.0
2024-10-25 13:05:00+00:00,RUN,14.335000038146973,14.335000038146973,14.335000038146973,14.324999809265137,14.324999809265137,3236.0
2024-10-25 13:05:00+00:00,RXT,2.5439999103546143,2.5439999103546143,2.5439999103546143,2.5439999103546143,2.5439999103546143,796.0
2024-10-25 13:05:00+00:00,SANM,67.68000030517578,67.68000030517578,67.69000244140625,67.68000030517578,67.69000244140625,1027.0
2024-10-25 13:05:00+00:00,SCSC,44.810001373291016,44.810001373291016,44.810001373291016,44.810001373291016,44.810001373291016,234.0
2024-10-25 13:05:00+00:00,SEDG,16.06999969482422,16.06999969482422,16.110000610351562,16.059999465942383,16.100000381469727,5296.0
2024-10-25 13:05:00+00:00,SHLS,5.283999919891357,5.283999919891357,5.284999847412109,5.28000020980835,5.28000020980835,7522.0
2024-10-25 13:05:00+00:00,SMCI,47.729698181152344,47.729698181152344,47.7400016784668,47.68000030517578,47.70000076293945,29188.0
2024-10-25 13:05:00+00:00,SNPS,504.625,504.625,504.625,504.625,504.625,646.0
2024-10-25 13:05:00+00:00,SONO,12.825400352478027,12.825400352478027,12.825400352478027,12.825400352478027,12.825400352478027,830.0
2024-10-25 13:05:00+00:00,SOUN,5.234399795532227,5.234399795532227,5.238500118255615,5.234000205993652,5.238500118255615,5884.0
2024-10-25 13:05:00+00:00,SPSC,172.97500610351562,172.97500610351562,173.19500732421875,172.97500610351562,173.19500732421875,947.0
2024-10-25 13:05:00+00:00,SPT,27.0,27.0,27.0,27.0,27.0,653.0
2024-10-25 13:05:00+00:00,SSNC,69.56999969482422,69.56999969482422,69.61000061035156,69.56999969482422,69.61000061035156,4957.0
2024-10-25 13:05:00+00:00,STNE,11.494999885559082,11.494999885559082,11.494999885559082,11.494999885559082,11.494999885559082,907.0
2024-10-25 13:05:00+00:00,STX,104.12000274658203,104.12000274658203,104.12000274658203,104.04900360107422,104.05000305175781,1557.0
2024-10-25 13:05:00+00:00,SWKS,96.61499786376953,96.61499786376953,96.63500213623047,96.61499786376953,96.63500213623047,1031.0
2024-10-25 13:05:00+00:00,SYTA,1.2699999809265137,1.2699999809265137,1.2799999713897705,1.2699999809265137,1.2799999713897705,5908.0
2024-10-25 13:05:00+00:00,TEAM,190.5500030517578,190.5500030517578,190.5500030517578,190.32240295410156,190.32240295410156,1784.0
2024-10-25 13:05:00+00:00,TENB,41.67499923706055,41.67499923706055,41.67499923706055,41.63999938964844,41.63999938964844,872.0
2024-10-25 13:05:00+00:00,TER,113.16999816894531,113.16999816894531,113.18499755859375,113.16000366210938,113.16999816894531,2716.0
2024-10-25 13:05:00+00:00,TRMB,61.09000015258789,61.09000015258789,61.099998474121094,61.09000015258789,61.099998474121094,990.0
2024-10-25 13:05:00+00:00,TTD,119.28500366210938,119.28500366210938,119.28500366210938,119.2300033569336,119.2300033569336,771.0
2024-10-25 13:05:00+00:00,TWKS,4.449999809265137,4.449999809265137,4.449999809265137,4.449999809265137,4.449999809265137,634.0
2024-10-25 13:05:00+00:00,TXN,209.27999877929688,209.27999877929688,209.30999755859375,209.2449951171875,209.30999755859375,1613.0
2024-10-25 13:05:00+00:00,VECO,29.579999923706055,29.579999923706055,29.579999923706055,29.579999923706055,29.579999923706055,308.0
2024-10-25 13:05:00+00:00,VERI,3.4279000759124756,3.4279000759124756,3.4279000759124756,3.4279000759124756,3.4279000759124756,224.0
2024-10-25 13:05:00+00:00,VIAV,9.255000114440918,9.255000114440918,9.255000114440918,9.25,9.25,1703.0
2024-10-25 13:05:00+00:00,VICR,46.54999923706055,46.54999923706055,46.54999923706055,46.54999923706055,46.54999923706055,744.0
2024-10-25 13:05:00+00:00,VNET,3.4600000381469727,3.4600000381469727,3.4649999141693115,3.4600000381469727,3.4649999141693115,509.0
2024-10-25 13:05:00+00:00,VRNS,57.060001373291016,57.060001373291016,57.060001373291016,57.029998779296875,57.029998779296875,1474.0
2024-10-25 13:05:00+00:00,VRNT,22.219999313354492,22.219999313354492,22.225000381469727,22.219999313354492,22.219999313354492,1272.0
2024-10-25 13:05:00+00:00,VRSN,185.4199981689453,185.4199981689453,185.4199981689453,185.4199981689453,185.4199981689453,710.0
2024-10-25 13:05:00+00:00,VSAT,10.390000343322754,10.390000343322754,10.390000343322754,10.390000343322754,10.390000343322754,490.0
2024-10-25 13:05:00+00:00,WDAY,239.67599487304688,239.67599487304688,239.67599487304688,239.67599487304688,239.67599487304688,572.0
2024-10-25 13:05:00+00:00,WDC,71.06500244140625,71.06500244140625,71.08999633789062,71.02999877929688,71.07499694824219,6210.0
2024-10-25 13:05:00+00:00,XPER,9.425000190734863,9.425000190734863,9.430000305175781,9.425000190734863,9.430000305175781,389.0
2024-10-25 13:05:00+00:00,XRX,10.024999618530273,10.024999618530273,10.024999618530273,10.020000457763672,10.024999618530273,814.0
2024-10-25 13:05:00+00:00,ZBRA,362.4800109863281,362.4800109863281,362.4800109863281,362.4800109863281,362.4800109863281,506.0
2024-10-25 13:05:00+00:00,ZI,10.545000076293945,10.545000076293945,10.5649995803833,10.539999961853027,10.5649995803833,2911.0
2024-10-25 13:05:00+00:00,ZM,73.20999908447266,73.20999908447266,73.21690368652344,73.20999908447266,73.21690368652344,1624.0
2024-10-25 13:05:00+00:00,ZS,185.97999572753906,185.97999572753906,185.97999572753906,185.8876953125,185.8876953125,2264.0
2024-10-25 13:06:00+00:00,AAPL,232.49000549316406,232.49000549316406,232.4954071044922,232.4600067138672,232.4915008544922,20837.0
2024-10-25 13:06:00+00:00,ACLS,90.68000030517578,90.68000030517578,90.70500183105469,90.68000030517578,90.69999694824219,832.0
2024-10-25 13:06:00+00:00,ADBE,485.3800048828125,485.3800048828125,485.3800048828125,485.3699951171875,485.3699951171875,1158.0
2024-10-25 13:06:00+00:00,ADI,233.94000244140625,233.94000244140625,233.94000244140625,233.80999755859375,233.80999755859375,1557.0
2024-10-25 13:06:00+00:00,AEHR,17.34000015258789,17.34000015258789,17.364999771118164,17.329999923706055,17.364999771118164,2129.0
2024-10-25 13:06:00+00:00,AFRM,41.790000915527344,41.790000915527344,41.790000915527344,41.7599983215332,41.7599983215332,8361.0
2024-10-25 13:06:00+00:00,AGYS,111.19000244140625,111.19000244140625,111.19000244140625,111.19000244140625,111.19000244140625,130.0
2024-10-25 13:06:00+00:00,AKTS,0.05700000002980232,0.05700000002980232,0.057100001722574234,0.05700000002980232,0.057100001722574234,3700.0
2024-10-25 13:06:00+00:00,ALGM,23.079999923706055,23.079999923706055,23.084999084472656,23.065000534057617,23.065000534057617,1535.0
2024-10-25 13:06:00+00:00,ALTR,103.87999725341797,103.87999725341797,103.87999725341797,103.87999725341797,103.87999725341797,825.0
2024-10-25 13:06:00+00:00,AMAT,188.7006072998047,188.7006072998047,188.7006072998047,188.5500030517578,188.5500030517578,1632.0
2024-10-25 13:06:00+00:00,AMBA,58.630001068115234,58.630001068115234,58.630001068115234,58.59000015258789,58.59000015258789,660.0
2024-10-25 13:06:00+00:00,AMD,157.7740020751953,157.7740020751953,157.91000366210938,157.7740020751953,157.91000366210938,37516.0
2024-10-25 13:06:00+00:00,AMKR,30.1299991607666,30.1299991607666,30.1299991607666,30.110000610351562,30.110000610351562,727.0
2024-10-25 13:06:00+00:00,AMPL,9.210000038146973,9.210000038146973,9.210000038146973,9.210000038146973,9.210000038146973,166.0
2024-10-25 13:06:00+00:00,AMST,2.9600000381469727,2.9600000381469727,2.9600000381469727,2.9600000381469727,2.9600000381469727,189.0
2024-10-25 13:06:00+00:00,ANSS,325.3699951171875,325.3699951171875,325.3699951171875,325.3699951171875,325.3699951171875,309.0
2024-10-25 13:06:00+00:00,API,2.880000114440918,2.880000114440918,2.880000114440918,2.880000114440918,2.880000114440918,1977.0
2024-10-25 13:06:00+00:00,APP,161.52200317382812,161.52200317382812,161.52999877929688,161.45010375976562,161.52999877929688,1916.0
2024-10-25 13:06:00+00:00,APPF,214.33999633789062,214.33999633789062,214.33999633789062,214.33999633789062,214.33999633789062,1203.0
2024-10-25 13:06:00+00:00,ARRY,6.454999923706055,6.454999923706055,6.454999923706055,6.454999923706055,6.454999923706055,2773.0
2024-10-25 13:06:00+00:00,ASML,719.2849731445312,719.2849731445312,719.2849731445312,719.0,719.0,5998.0
2024-10-25 13:06:00+00:00,ASNS,1.3250000476837158,1.3250000476837158,1.3250000476837158,1.3250000476837158,1.3250000476837158,0.0
2024-10-25 13:06:00+00:00,AUDC,9.175000190734863,9.175000190734863,9.175000190734863,9.175000190734863,9.175000190734863,837.0
2024-10-25 13:06:00+00:00,AUR,6.485000133514404,6.485000133514404,6.485000133514404,6.480000019073486,6.480000019073486,1024.0
2024-10-25 13:06:00+00:00,AVDX,8.140000343322754,8.140000343322754,8.145000457763672,8.140000343322754,8.140000343322754,860.0
2024-10-25 13:06:00+00:00,AVGO,175.72500610351562,175.72500610351562,175.77000427246094,175.72000122070312,175.75999450683594,16461.0
2024-10-25 13:06:00+00:00,BIGC,5.320000171661377,5.320000171661377,5.320000171661377,5.320000171661377,5.320000171661377,1097.0
2024-10-25 13:06:00+00:00,BMBL,7.204999923706055,7.204999923706055,7.210000038146973,7.204999923706055,7.204999923706055,1800.0
2024-10-25 13:06:00+00:00,BRZE,30.600799560546875,30.600799560546875,30.600799560546875,30.600799560546875,30.600799560546875,514.0
2024-10-25 13:06:00+00:00,BSY,49.1599006652832,49.1599006652832,49.15999984741211,49.14360046386719,49.14400100708008,1130.0
2024-10-25 13:06:00+00:00,CAN,0.9810000061988831,0.9810000061988831,0.9832000136375427,0.9810000061988831,0.9832000136375427,5460.0
2024-10-25 13:06:00+00:00,CDNS,259.79998779296875,259.79998779296875,259.79998779296875,259.79998779296875,259.79998779296875,1023.0
2024-10-25 13:06:00+00:00,CDW,219.9949951171875,219.9949951171875,219.9949951171875,219.9949951171875,219.9949951171875,170.0
2024-10-25 13:06:00+00:00,CFLT,22.59000015258789,22.59000015258789,22.600000381469727,22.584999084472656,22.59000015258789,3345.0
2024-10-25 13:06:00+00:00,CGNX,38.91999816894531,38.91999816894531,38.91999816894531,38.88999938964844,38.91999816894531,4160.0
2024-10-25 13:06:00+00:00,CLSK,11.945699691772461,11.945699691772461,11.945699691772461,11.930100440979004,11.9399995803833,20164.0
2024-10-25 13:06:00+00:00,CNDT,3.615000009536743,3.615000009536743,3.615000009536743,3.615000009536743,3.615000009536743,319.0
2024-10-25 13:06:00+00:00,CNXC,44.88999938964844,44.88999938964844,44.88999938964844,44.88999938964844,44.88999938964844,450.0
2024-10-25 13:06:00+00:00,COHR,95.98999786376953,95.98999786376953,95.99500274658203,95.93000030517578,95.93000030517578,874.0
2024-10-25 13:06:00+00:00,COHU,26.360000610351562,26.360000610351562,26.360000610351562,26.350000381469727,26.350000381469727,3004.0
2024-10-25 13:06:00+00:00,COIN,211.17999267578125,211.17999267578125,211.24000549316406,210.70249938964844,210.9199981689453,30606.0
2024-10-25 13:06:00+00:00,COMM,6.295000076293945,6.295000076293945,6.295000076293945,6.295000076293945,6.295000076293945,677.0
2024-10-25 13:06:00+00:00,CORZ,13.414999961853027,13.414999961853027,13.420000076293945,13.414999961853027,13.420000076293945,9230.0
2024-10-25 13:06:00+00:00,CRCT,6.610000133514404,6.610000133514404,6.610000133514404,6.599999904632568,6.599999904632568,925.0
2024-10-25 13:06:00+00:00,CRDO,39.7599983215332,39.7599983215332,39.7599983215332,39.7400016784668,39.7400016784668,1980.0
2024-10-25 13:06:00+00:00,CRUS,123.66000366210938,123.66000366210938,123.75,123.618896484375,123.70500183105469,6783.0
2024-10-25 13:06:00+00:00,CRWD,301.69000244140625,301.69000244140625,302.0,301.0199890136719,301.54998779296875,16165.0
2024-10-25 13:06:00+00:00,CSCO,55.98059844970703,55.98059844970703,56.005001068115234,55.97999954223633,56.005001068115234,6458.0
2024-10-25 13:06:00+00:00,CSIQ,13.699999809265137,13.699999809265137,13.699999809265137,13.65999984741211,13.65999984741211,1552.0
2024-10-25 13:06:00+00:00,CTLP,8.90999984741211,8.90999984741211,8.90999984741211,8.90999984741211,8.90999984741211,2242.0
2024-10-25 13:06:00+00:00,CTSH,74.87999725341797,74.87999725341797,74.87999725341797,74.86000061035156,74.86000061035156,1704.0
2024-10-25 13:06:00+00:00,DBX,26.065000534057617,26.065000534057617,26.065000534057617,26.065000534057617,26.065000534057617,386.0
2024-10-25 13:06:00+00:00,DDOG,127.5,127.5,127.5,127.42500305175781,127.42500305175781,1862.0
2024-10-25 13:06:00+00:00,DLO,8.885000228881836,8.885000228881836,8.904999732971191,8.880000114440918,8.904999732971191,8516.0
2024-10-25 13:06:00+00:00,DOCU,69.8499984741211,69.8499984741211,69.87000274658203,69.83999633789062,69.87000274658203,3073.0
2024-10-25 13:06:00+00:00,DOMO,8.050000190734863,8.050000190734863,8.0649995803833,8.050000190734863,8.0649995803833,3521.0
2024-10-25 13:06:00+00:00,DTSS,2.4800000190734863,2.4800000190734863,2.4800000190734863,2.4800000190734863,2.4800000190734863,110.0
2024-10-25 13:06:00+00:00,EEFT,99.55500030517578,99.55500030517578,99.61000061035156,99.55500030517578,99.55500030517578,1040.0
2024-10-25 13:06:00+00:00,ENPH,83.06999969482422,83.06999969482422,83.06999969482422,83.0,83.0,7719.0
2024-10-25 13:06:00+00:00,ENTG,106.04000091552734,106.04000091552734,106.05999755859375,105.93499755859375,105.95500183105469,2720.0
2024-10-25 13:06:00+00:00,ERIC,8.484999656677246,8.484999656677246,8.484999656677246,8.479999542236328,8.479999542236328,4121.0
2024-10-25 13:06:00+00:00,EXTR,14.505000114440918,14.505000114440918,14.505000114440918,14.505000114440918,14.505000114440918,555.0
2024-10-25 13:06:00+00:00,FFIV,216.71499633789062,216.71499633789062,216.71499633789062,216.6300048828125,216.6300048828125,996.0
2024-10-25 13:06:00+00:00,FIVN,29.809999465942383,29.809999465942383,29.827600479125977,29.809999465942383,29.827600479125977,1082.0
2024-10-25 13:06:00+00:00,FLEX,35.244998931884766,35.244998931884766,35.25,35.244998931884766,35.244998931884766,1127.0
2024-10-25 13:06:00+00:00,FSLR,198.97500610351562,198.97500610351562,199.0,198.77000427246094,198.77000427246094,1827.0
2024-10-25 13:06:00+00:00,FTNT,81.12999725341797,81.12999725341797,81.12999725341797,81.12999725341797,81.12999725341797,496.0
2024-10-25 13:06:00+00:00,GCT,24.895000457763672,24.895000457763672,24.899999618530273,24.895000457763672,24.899999618530273,1475.0
2024-10-25 13:06:00+00:00,GFS,41.209999084472656,41.209999084472656,41.2400016784668,41.209999084472656,41.209999084472656,1367.0
2024-10-25 13:06:00+00:00,GILT,4.949999809265137,4.949999809265137,4.949999809265137,4.940100193023682,4.940100193023682,1206.0
2024-10-25 13:06:00+00:00,GPRO,1.340000033378601,1.340000033378601,1.340000033378601,1.340000033378601,1.340000033378601,104.0
2024-10-25 13:06:00+00:00,GRAB,4.09499979019165,4.09499979019165,4.099999904632568,4.09499979019165,4.095300197601318,25904.0
2024-10-25 13:06:00+00:00,GSIT,3.444999933242798,3.444999933242798,3.444999933242798,3.444999933242798,3.444999933242798,1.0
2024-10-25 13:06:00+00:00,GTLB,55.513999938964844,55.513999938964844,55.52000045776367,55.47999954223633,55.47999954223633,1439.0
2024-10-25 13:06:00+00:00,GVP,4.610000133514404,4.610000133514404,4.610000133514404,4.610000133514404,4.610000133514404,100.0
2024-10-25 13:06:00+00:00,HCKT,24.859800338745117,24.859800338745117,24.859800338745117,24.859800338745117,24.859800338745117,276.0
2024-10-25 13:06:00+00:00,HCP,33.665000915527344,33.665000915527344,33.665000915527344,33.665000915527344,33.665000915527344,528.0
2024-10-25 13:06:00+00:00,HOLO,3.619999885559082,3.619999885559082,3.630000114440918,3.619999885559082,3.630000114440918,4763.0
2024-10-25 13:06:00+00:00,HOOD,27.360000610351562,27.360000610351562,27.360000610351562,27.344999313354492,27.350000381469727,9218.0
2024-10-25 13:06:00+00:00,IMMR,8.734999656677246,8.734999656677246,8.739999771118164,8.734999656677246,8.73900032043457,411.0
2024-10-25 13:06:00+00:00,INDI,3.555000066757202,3.555000066757202,3.555000066757202,3.555000066757202,3.555000066757202,213.0
2024-10-25 13:06:00+00:00,INOD,20.309999465942383,20.309999465942383,20.309999465942383,20.309999465942383,20.309999465942383,1150.0
2024-10-25 13:06:00+00:00,INTC,23.104999542236328,23.104999542236328,23.11359977722168,23.090099334716797,23.090200424194336,37744.0
2024-10-25 13:06:00+00:00,INTZ,0.7247999906539917,0.7247999906539917,0.7247999906539917,0.7247999906539917,0.7247999906539917,910.0
2024-10-25 13:06:00+00:00,ITRN,27.149999618530273,27.149999618530273,27.15999984741211,27.149999618530273,27.15999984741211,2492.0
2024-10-25 13:06:00+00:00,KC,2.7200000286102295,2.7200000286102295,2.7200000286102295,2.7200000286102295,2.7200000286102295,344.0
2024-10-25 13:06:00+00:00,KOPN,0.7829999923706055,0.7829999923706055,0.7835000157356262,0.7829999923706055,0.7835000157356262,200.0
2024-10-25 13:06:00+00:00,LFUS,254.5500030517578,254.5500030517578,254.5500030517578,254.5500030517578,254.5500030517578,326.0
2024-10-25 13:06:00+00:00,LINK,5.010000228881836,5.010000228881836,5.010000228881836,4.929999828338623,4.929999828338623,3751.0
2024-10-25 13:06:00+00:00,LITE,64.21499633789062,64.21499633789062,64.21499633789062,64.19999694824219,64.19999694824219,593.0
2024-10-25 13:06:00+00:00,LRCX,79.05999755859375,79.05999755859375,79.1500015258789,79.05999755859375,79.08999633789062,21028.0
2024-10-25 13:06:00+00:00,LSCC,54.650001525878906,54.650001525878906,54.650001525878906,54.599998474121094,54.599998474121094,2101.0
2024-10-25 13:06:00+00:00,LYFT,13.78600025177002,13.78600025177002,13.789999961853027,13.78499984741211,13.789999961853027,7660.0
2024-10-25 13:06:00+00:00,MANH,276.1000061035156,276.1000061035156,276.1000061035156,276.1000061035156,276.1000061035156,304.0
2024-10-25 13:06:00+00:00,MCHP,77.30000305175781,77.30000305175781,77.30999755859375,77.25,77.25,7846.0
2024-10-25 13:06:00+00:00,MDB,268.30499267578125,268.30499267578125,268.54998779296875,268.17999267578125,268.32000732421875,6514.0
2024-10-25 13:06:00+00:00,MITK,8.770000457763672,8.770000457763672,8.770000457763672,8.770000457763672,8.770000457763672,251.0
2024-10-25 13:06:00+00:00,MNDY,299.0299987792969,299.0299987792969,299.1400146484375,299.010009765625,299.010009765625,2006.0
2024-10-25 13:06:00+00:00,MQ,5.284999847412109,5.284999847412109,5.284999847412109,5.284999847412109,5.284999847412109,650.0
2024-10-25 13:06:00+00:00,MRVL,83.23999786376953,83.23999786376953,83.2750015258789,83.23999786376953,83.24500274658203,4308.0
2024-10-25 13:06:00+00:00,MSFT,430.3200988769531,430.3200988769531,430.4696960449219,430.3200988769531,430.44989013671875,9327.0
2024-10-25 13:06:00+00:00,MSTR,242.25,242.25,242.27000427246094,241.85000610351562,242.27000427246094,23868.0
2024-10-25 13:06:00+00:00,MTTR,4.614999771118164,4.614999771118164,4.614999771118164,4.610000133514404,4.610000133514404,893.0
2024-10-25 13:06:00+00:00,MU,108.9657974243164,108.9657974243164,109.0,108.91999816894531,108.92500305175781,24569.0
2024-10-25 13:06:00+00:00,MXL,15.0,15.0,15.0,14.989999771118164,14.989999771118164,1012.0
2024-10-25 13:06:00+00:00,NNDM,2.325000047683716,2.325000047683716,2.325000047683716,2.325000047683716,2.325000047683716,1097.0
2024-10-25 13:06:00+00:00,NTAP,120.23500061035156,120.23500061035156,120.23500061035156,120.23500061035156,120.23500061035156,636.0
2024-10-25 13:06:00+00:00,NTCT,20.790000915527344,20.790000915527344,20.790000915527344,20.790000915527344,20.790000915527344,1045.0
2024-10-25 13:06:00+00:00,NTGR,20.329999923706055,20.329999923706055,20.329999923706055,20.329999923706055,20.329999923706055,509.0
2024-10-25 13:06:00+00:00,NVDA,143.49000549316406,143.49000549316406,143.49000549316406,143.38999938964844,143.41000366210938,254392.0
2024-10-25 13:06:00+00:00,NVEI,33.525001525878906,33.525001525878906,33.525001525878906,33.525001525878906,33.525001525878906,853.0
2024-10-25 13:06:00+00:00,NVTS,2.6050000190734863,2.6050000190734863,2.6050000190734863,2.6050000190734863,2.6050000190734863,446.0
2024-10-25 13:06:00+00:00,NXPI,245.6699981689453,245.6699981689453,245.72999572753906,245.55999755859375,245.55999755859375,3771.0
2024-10-25 13:06:00+00:00,OKTA,72.45500183105469,72.45500183105469,72.45500183105469,72.45500183105469,72.45500183105469,296.0
2024-10-25 13:06:00+00:00,ON,72.08999633789062,72.08999633789062,72.08999633789062,72.04000091552734,72.08000183105469,10227.0
2024-10-25 13:06:00+00:00,OSIS,134.3800048828125,134.3800048828125,134.44500732421875,134.3800048828125,134.44500732421875,3735.0
2024-10-25 13:06:00+00:00,PANW,369.1499938964844,369.1499938964844,369.1499938964844,369.1499938964844,369.1499938964844,333.0
2024-10-25 13:06:00+00:00,PAYO,8.3149995803833,8.3149995803833,8.3149995803833,8.3149995803833,8.3149995803833,1231.0
2024-10-25 13:06:00+00:00,PEGA,80.58999633789062,80.58999633789062,80.58999633789062,80.55220031738281,80.58999633789062,1782.0
2024-10-25 13:06:00+00:00,PEGY,4.701499938964844,4.701499938964844,4.701499938964844,4.701499938964844,4.701499938964844,135.0
2024-10-25 13:06:00+00:00,PET,0.7900000214576721,0.7900000214576721,0.7900000214576721,0.7900000214576721,0.7900000214576721,64.0
2024-10-25 13:06:00+00:00,PGY,11.875,11.875,11.875,11.869999885559082,11.869999885559082,301.0
2024-10-25 13:06:00+00:00,PHUN,10.239899635314941,10.239899635314941,10.239899635314941,10.199999809265137,10.210000038146973,28963.0
2024-10-25 13:06:00+00:00,PI,203.56500244140625,203.56500244140625,203.56500244140625,203.56500244140625,203.56500244140625,491.0
2024-10-25 13:06:00+00:00,PLUS,98.12999725341797,98.12999725341797,98.12999725341797,98.12999725341797,98.12999725341797,104.0
2024-10-25 13:06:00+00:00,POET,3.887200117111206,3.887200117111206,3.890000104904175,3.884999990463257,3.884999990463257,1858.0
2024-10-25 13:06:00+00:00,POWI,64.0250015258789,64.0250015258789,64.0250015258789,64.0250015258789,64.0250015258789,573.0
2024-10-25 13:06:00+00:00,PRCH,1.315000057220459,1.315000057220459,1.315000057220459,1.315000057220459,1.315000057220459,191.0
2024-10-25 13:06:00+00:00,PTC,186.6300048828125,186.6300048828125,186.6300048828125,186.6300048828125,186.6300048828125,263.0
2024-10-25 13:06:00+00:00,PYCR,14.345000267028809,14.345000267028809,14.345000267028809,14.345000267028809,14.345000267028809,752.0
2024-10-25 13:06:00+00:00,QCOM,172.72000122070312,172.72000122070312,172.77999877929688,172.6699981689453,172.6699981689453,6952.0
2024-10-25 13:06:00+00:00,QRVO,100.63999938964844,100.63999938964844,100.6500015258789,100.63500213623047,100.63500213623047,942.0
2024-10-25 13:06:00+00:00,RCAT,2.765000104904175,2.765000104904175,2.765000104904175,2.765000104904175,2.765000104904175,309.0
2024-10-25 13:06:00+00:00,REKR,1.0950000286102295,1.0950000286102295,1.0950000286102295,1.0950000286102295,1.0950000286102295,251.0
2024-10-25 13:06:00+00:00,RELY,14.869999885559082,14.869999885559082,14.869999885559082,14.829999923706055,14.850000381469727,5197.0
2024-10-25 13:06:00+00:00,RGTI,1.229099988937378,1.229099988937378,1.2300000190734863,1.225000023841858,1.2300000190734863,2916.0
2024-10-25 13:06:00+00:00,RIOT,10.045000076293945,10.045000076293945,10.045000076293945,10.029999732971191,10.03499984741211,12340.0
2024-10-25 13:06:00+00:00,RMBS,43.689998626708984,43.689998626708984,43.689998626708984,43.689998626708984,43.689998626708984,873.0
2024-10-25 13:06:00+00:00,RPD,38.9900016784668,38.9900016784668,39.0,38.9900016784668,38.9900016784668,2033.0
2024-10-25 13:06:00+00:00,RUN,14.335000038146973,14.335000038146973,14.335000038146973,14.334400177001953,14.334400177001953,967.0
2024-10-25 13:06:00+00:00,SEDG,16.09000015258789,16.09000015258789,16.09000015258789,16.059999465942383,16.06999969482422,2281.0
2024-10-25 13:06:00+00:00,SHLS,5.284999847412109,5.284999847412109,5.284999847412109,5.284999847412109,5.284999847412109,0.0
2024-10-25 13:06:00+00:00,SIMO,57.005001068115234,57.005001068115234,57.005001068115234,57.005001068115234,57.005001068115234,2235.0
2024-10-25 13:06:00+00:00,SKYT,10.694999694824219,10.694999694824219,10.694999694824219,10.694999694824219,10.694999694824219,747.0
2024-10-25 13:06:00+00:00,SMCI,47.719600677490234,47.719600677490234,47.72999954223633,47.710201263427734,47.724998474121094,13225.0
2024-10-25 13:06:00+00:00,SMTC,46.03499984741211,46.03499984741211,46.03499984741211,45.96500015258789,45.96500015258789,2548.0
2024-10-25 13:06:00+00:00,SNPS,504.989990234375,504.989990234375,504.989990234375,504.7300109863281,504.7300109863281,1640.0
2024-10-25 13:06:00+00:00,SONO,12.829999923706055,12.829999923706055,12.829999923706055,12.829999923706055,12.829999923706055,481.0
2024-10-25 13:06:00+00:00,SOUN,5.24399995803833,5.24399995803833,5.25,5.231299877166748,5.231299877166748,48784.0
2024-10-25 13:06:00+00:00,SPNS,36.7400016784668,36.7400016784668,36.7400016784668,36.7400016784668,36.7400016784668,342.0
2024-10-25 13:06:00+00:00,SSNC,69.58999633789062,69.58999633789062,69.58999633789062,69.55999755859375,69.55999755859375,6831.0
2024-10-25 13:06:00+00:00,SSYS,7.105000019073486,7.105000019073486,7.105000019073486,7.105000019073486,7.105000019073486,282.0
2024-10-25 13:06:00+00:00,STNE,11.49779987335205,11.49779987335205,11.5,11.494999885559082,11.5,1004.0
2024-10-25 13:06:00+00:00,STX,104.06999969482422,104.06999969482422,104.07499694824219,104.04000091552734,104.07499694824219,1354.0
2024-10-25 13:06:00+00:00,SWKS,96.6500015258789,96.6500015258789,96.6500015258789,96.61499786376953,96.61499786376953,1447.0
2024-10-25 13:06:00+00:00,SWVL,3.3499999046325684,3.3499999046325684,3.3499999046325684,3.3499999046325684,3.3499999046325684,200.0
2024-10-25 13:06:00+00:00,SYNA,73.375,73.375,73.37999725341797,73.375,73.37999725341797,836.0
2024-10-25 13:06:00+00:00,SYTA,1.2700999975204468,1.2700999975204468,1.2700999975204468,1.2700999975204468,1.2700999975204468,628.0
2024-10-25 13:06:00+00:00,TACT,4.164999961853027,4.164999961853027,4.164999961853027,4.164999961853027,4.164999961853027,100.0
2024-10-25 13:06:00+00:00,TCX,19.415000915527344,19.415000915527344,19.459999084472656,19.415000915527344,19.459999084472656,881.0
2024-10-25 13:06:00+00:00,TENB,41.72999954223633,41.72999954223633,41.72999954223633,41.72999954223633,41.72999954223633,321.0
2024-10-25 13:06:00+00:00,TER,113.30999755859375,113.30999755859375,113.35459899902344,113.13999938964844,113.13999938964844,13488.0
2024-10-25 13:06:00+00:00,TLS,3.6600000858306885,3.6600000858306885,3.6600000858306885,3.6600000858306885,3.6600000858306885,1051.0
2024-10-25 13:06:00+00:00,TRMB,61.099998474121094,61.099998474121094,61.099998474121094,61.099998474121094,61.099998474121094,1042.0
2024-10-25 13:06:00+00:00,TTD,119.30000305175781,119.30000305175781,119.36000061035156,119.2301025390625,119.2301025390625,9856.0
2024-10-25 13:06:00+00:00,TTEC,5.380000114440918,5.380000114440918,5.380000114440918,5.380000114440918,5.380000114440918,335.0
2024-10-25 13:06:00+00:00,TTMI,19.540000915527344,19.540000915527344,19.540000915527344,19.540000915527344,19.540000915527344,379.0
2024-10-25 13:06:00+00:00,TWKS,4.449999809265137,4.449999809265137,4.449999809265137,4.449999809265137,4.449999809265137,3695.0
2024-10-25 13:06:00+00:00,TXN,209.22000122070312,209.22000122070312,209.3000030517578,209.22000122070312,209.27999877929688,3370.0
2024-10-25 13:06:00+00:00,UCTT,36.040000915527344,36.040000915527344,36.040000915527344,36.02000045776367,36.02000045776367,784.0
2024-10-25 13:06:00+00:00,VECO,29.579999923706055,29.579999923706055,29.579999923706055,29.565000534057617,29.579999923706055,3039.0
2024-10-25 13:06:00+00:00,VIAV,9.260000228881836,9.260000228881836,9.260000228881836,9.260000228881836,9.260000228881836,481.0
2024-10-25 13:06:00+00:00,VNET,3.4649999141693115,3.4649999141693115,3.4649999141693115,3.4649999141693115,3.4649999141693115,300.0
2024-10-25 13:06:00+00:00,VRNS,57.08000183105469,57.08000183105469,57.08000183105469,57.05500030517578,57.05500030517578,1407.0
2024-10-25 13:06:00+00:00,VSAT,10.390000343322754,10.390000343322754,10.390000343322754,10.390000343322754,10.390000343322754,591.0
2024-10-25 13:06:00+00:00,WALD,3.5999999046325684,3.5999999046325684,3.5999999046325684,3.5999999046325684,3.5999999046325684,300.0
2024-10-25 13:06:00+00:00,WDAY,239.77000427246094,239.77000427246094,239.77999877929688,239.57000732421875,239.57000732421875,2451.0
2024-10-25 13:06:00+00:00,WDC,71.0999984741211,71.0999984741211,71.11000061035156,71.04000091552734,71.05229949951172,8462.0
2024-10-25 13:06:00+00:00,WISA,1.989799976348877,1.989799976348877,1.989799976348877,1.975000023841858,1.975000023841858,5853.0
2024-10-25 13:06:00+00:00,WIX,165.75,165.75,165.75,165.75,165.75,467.0
2024-10-25 13:06:00+00:00,XRX,10.020000457763672,10.020000457763672,10.020000457763672,10.020000457763672,10.020000457763672,843.0
2024-10-25 13:06:00+00:00,ZBRA,362.1400146484375,362.1400146484375,362.1499938964844,362.1400146484375,362.1499938964844,693.0
2024-10-25 13:06:00+00:00,ZI,10.5600004196167,10.5600004196167,10.5600004196167,10.539999961853027,10.545000076293945,7113.0
2024-10-25 13:06:00+00:00,ZM,73.20780181884766,73.20780181884766,73.20999908447266,73.20780181884766,73.20999908447266,877.0
2024-10-25 13:06:00+00:00,ZS,185.9040069580078,185.9040069580078,185.9040069580078,185.85000610351562,185.85000610351562,380.0
2024-10-25 13:07:00+00:00,AAOI,17.875,17.875,17.875,17.875,17.875,252.0
2024-10-25 13:07:00+00:00,AAPL,232.49200439453125,232.49200439453125,232.50509643554688,232.4600067138672,232.49000549316406,27420.0
2024-10-25 13:07:00+00:00,ACLS,90.68000030517578,90.68000030517578,90.68000030517578,90.68000030517578,90.68000030517578,171.0
2024-10-25 13:07:00+00:00,ADI,233.83999633789062,233.83999633789062,233.875,233.83999633789062,233.875,898.0
2024-10-25 13:07:00+00:00,AEHR,17.320899963378906,17.320899963378906,17.329999923706055,17.31999969482422,17.329999923706055,2660.0
2024-10-25 13:07:00+00:00,AFRM,41.72999954223633,41.72999954223633,41.77000045776367,41.72999954223633,41.77000045776367,2163.0
2024-10-25 13:07:00+00:00,AGYS,111.3499984741211,111.3499984741211,111.3499984741211,111.3499984741211,111.3499984741211,401.0
2024-10-25 13:07:00+00:00,AKAM,102.6500015258789,102.6500015258789,102.66000366210938,102.6500015258789,102.66000366210938,1111.0
2024-10-25 13:07:00+00:00,ALGM,23.06999969482422,23.06999969482422,23.084999084472656,23.06999969482422,23.06999969482422,1944.0
2024-10-25 13:07:00+00:00,AMAT,188.60499572753906,188.60499572753906,188.68130493164062,188.52999877929688,188.6300048828125,3662.0
2024-10-25 13:07:00+00:00,AMD,157.84500122070312,157.84500122070312,157.85000610351562,157.6999969482422,157.77999877929688,36910.0
2024-10-25 13:07:00+00:00,ANY,1.0549999475479126,1.0549999475479126,1.0549999475479126,1.0549999475479126,1.0549999475479126,0.0
2024-10-25 13:07:00+00:00,API,2.880000114440918,2.880000114440918,2.880000114440918,2.880000114440918,2.880000114440918,3230.0
2024-10-25 13:07:00+00:00,APP,161.6199951171875,161.6199951171875,161.6199951171875,161.49000549316406,161.60000610351562,1013.0
2024-10-25 13:07:00+00:00,APPF,214.1199951171875,214.1199951171875,214.1199951171875,214.1199951171875,214.1199951171875,714.0
2024-10-25 13:07:00+00:00,APPS,3.0840001106262207,3.0840001106262207,3.0840001106262207,3.0799999237060547,3.0799999237060547,1373.0
2024-10-25 13:07:00+00:00,ARQQ,7.090000152587891,7.090000152587891,7.090000152587891,7.039999961853027,7.07450008392334,1887.0
2024-10-25 13:07:00+00:00,ARRY,6.454999923706055,6.454999923706055,6.454999923706055,6.449999809265137,6.454999923706055,2201.0
2024-10-25 13:07:00+00:00,ASML,719.3400268554688,719.3400268554688,719.418212890625,719.1799926757812,719.418212890625,2026.0
2024-10-25 13:07:00+00:00,ASNS,1.3200000524520874,1.3200000524520874,1.3200000524520874,1.3200000524520874,1.3200000524520874,100.0
2024-10-25 13:07:00+00:00,AUR,6.485000133514404,6.485000133514404,6.485000133514404,6.485000133514404,6.485000133514404,1075.0
2024-10-25 13:07:00+00:00,AVGO,175.63999938964844,175.63999938964844,175.72500610351562,175.6199951171875,175.72500610351562,7511.0
2024-10-25 13:07:00+00:00,BASE,16.350000381469727,16.350000381469727,16.3700008392334,16.350000381469727,16.360000610351562,825.0
2024-10-25 13:07:00+00:00,BIGC,5.324999809265137,5.324999809265137,5.324999809265137,5.320000171661377,5.320000171661377,439.0
2024-10-25 13:07:00+00:00,BMBL,7.204999923706055,7.204999923706055,7.204999923706055,7.204999923706055,7.204999923706055,717.0
2024-10-25 13:07:00+00:00,BOSC,2.930000066757202,2.930000066757202,2.930000066757202,2.930000066757202,2.930000066757202,100.0
2024-10-25 13:07:00+00:00,BRZE,30.614999771118164,30.614999771118164,30.614999771118164,30.614999771118164,30.614999771118164,1174.0
2024-10-25 13:07:00+00:00,BSY,49.18510055541992,49.18510055541992,49.18510055541992,49.17369842529297,49.17369842529297,623.0
2024-10-25 13:07:00+00:00,CAN,0.9810000061988831,0.9810000061988831,0.9810000061988831,0.9810000061988831,0.9810000061988831,1079.0
2024-10-25 13:07:00+00:00,CDNS,259.7850036621094,259.7850036621094,259.81500244140625,259.7699890136719,259.81500244140625,2630.0
2024-10-25 13:07:00+00:00,CDW,219.9199981689453,219.9199981689453,219.98500061035156,219.9199981689453,219.98500061035156,1281.0
2024-10-25 13:07:00+00:00,CETX,0.30399999022483826,0.30399999022483826,0.3059999942779541,0.3025999963283539,0.3059999942779541,16231.0
2024-10-25 13:07:00+00:00,CFLT,22.579999923706055,22.579999923706055,22.579999923706055,22.579999923706055,22.579999923706055,2047.0
2024-10-25 13:07:00+00:00,CGNX,38.939998626708984,38.939998626708984,38.95000076293945,38.91999816894531,38.94499969482422,2667.0
2024-10-25 13:07:00+00:00,CLBT,18.18000030517578,18.18000030517578,18.18000030517578,18.18000030517578,18.18000030517578,1158.0
2024-10-25 13:07:00+00:00,CLSK,11.934000015258789,11.934000015258789,11.949999809265137,11.930000305175781,11.944999694824219,35959.0
2024-10-25 13:07:00+00:00,COHR,95.70999908447266,95.70999908447266,95.99500274658203,95.66999816894531,95.99500274658203,4300.0
2024-10-25 13:07:00+00:00,COHU,26.360000610351562,26.360000610351562,26.360000610351562,26.360000610351562,26.360000610351562,790.0
2024-10-25 13:07:00+00:00,COIN,211.50999450683594,211.50999450683594,211.56759643554688,211.0,211.17999267578125,33635.0
2024-10-25 13:07:00+00:00,COMM,6.290299892425537,6.290299892425537,6.290299892425537,6.290299892425537,6.290299892425537,1282.0
2024-10-25 13:07:00+00:00,CORZ,13.399999618530273,13.399999618530273,13.399999618530273,13.399999618530273,13.399999618530273,6412.0
2024-10-25 13:07:00+00:00,CRCT,6.610000133514404,6.610000133514404,6.610000133514404,6.610000133514404,6.610000133514404,437.0
2024-10-25 13:07:00+00:00,CRDO,39.72999954223633,39.72999954223633,39.7400016784668,39.72999954223633,39.7400016784668,1123.0
2024-10-25 13:07:00+00:00,CRNC,2.880000114440918,2.880000114440918,2.880000114440918,2.877000093460083,2.877000093460083,1066.0
2024-10-25 13:07:00+00:00,CRNT,2.4600000381469727,2.4600000381469727,2.4600000381469727,2.4600000381469727,2.4600000381469727,606.0
2024-10-25 13:07:00+00:00,CRUS,123.66000366210938,123.66000366210938,123.66000366210938,123.58000183105469,123.58000183105469,533.0
2024-10-25 13:07:00+00:00,CRWD,302.2196960449219,302.2196960449219,302.2200012207031,301.5693054199219,302.0,19387.0
2024-10-25 13:07:00+00:00,CSCO,55.97999954223633,55.97999954223633,55.9900016784668,55.961700439453125,55.98139953613281,10115.0
2024-10-25 13:07:00+00:00,CSGS,47.59000015258789,47.59000015258789,47.59000015258789,47.59000015258789,47.59000015258789,589.0
2024-10-25 13:07:00+00:00,CSIQ,13.680000305175781,13.680000305175781,13.704999923706055,13.680000305175781,13.704999923706055,3304.0
2024-10-25 13:07:00+00:00,CTSH,74.87000274658203,74.87000274658203,74.87000274658203,74.8550033569336,74.86499786376953,2350.0
2024-10-25 13:07:00+00:00,CYBR,290.7550048828125,290.7550048828125,290.7550048828125,290.7550048828125,290.7550048828125,424.0
2024-10-25 13:07:00+00:00,DAKT,13.100000381469727,13.100000381469727,13.100000381469727,13.100000381469727,13.100000381469727,499.0
2024-10-25 13:07:00+00:00,DBX,26.049999237060547,26.049999237060547,26.06399917602539,26.049999237060547,26.06399917602539,18789.0
2024-10-25 13:07:00+00:00,DDOG,127.44000244140625,127.44000244140625,127.44000244140625,127.44000244140625,127.44000244140625,1268.0
2024-10-25 13:07:00+00:00,DOCU,69.86000061035156,69.86000061035156,69.86000061035156,69.83999633789062,69.84500122070312,1539.0
2024-10-25 13:07:00+00:00,ENPH,83.05999755859375,83.05999755859375,83.12989807128906,83.05999755859375,83.12989807128906,5230.0
2024-10-25 13:07:00+00:00,ENTG,106.19999694824219,106.19999694824219,106.19999694824219,106.0719985961914,106.0719985961914,1682.0
2024-10-25 13:07:00+00:00,ERIC,8.479999542236328,8.479999542236328,8.479999542236328,8.479999542236328,8.479999542236328,10460.0
2024-10-25 13:07:00+00:00,EXFY,1.7300000190734863,1.7300000190734863,1.7300000190734863,1.7300000190734863,1.7300000190734863,108.0
2024-10-25 13:07:00+00:00,FFIV,216.6699981689453,216.6699981689453,216.6699981689453,216.6699981689453,216.6699981689453,684.0
2024-10-25 13:07:00+00:00,FIVN,29.84000015258789,29.84000015258789,29.84000015258789,29.829999923706055,29.829999923706055,1312.0
2024-10-25 13:07:00+00:00,FLEX,35.2400016784668,35.2400016784668,35.2400016784668,35.2400016784668,35.2400016784668,1217.0
2024-10-25 13:07:00+00:00,FROG,29.414499282836914,29.414499282836914,29.414499282836914,29.414499282836914,29.414499282836914,124.0
2024-10-25 13:07:00+00:00,FSLR,198.97000122070312,198.97000122070312,199.05999755859375,198.94500732421875,199.05999755859375,1058.0
2024-10-25 13:07:00+00:00,FTCI,0.6610000133514404,0.6610000133514404,0.6610000133514404,0.6610000133514404,0.6610000133514404,200.0
2024-10-25 13:07:00+00:00,FTNT,81.11720275878906,81.11720275878906,81.13999938964844,81.1050033569336,81.12000274658203,3202.0
2024-10-25 13:07:00+00:00,GCT,24.850000381469727,24.850000381469727,24.860000610351562,24.850000381469727,24.860000610351562,358.0
2024-10-25 13:07:00+00:00,GDS,21.489999771118164,21.489999771118164,21.530000686645508,21.489999771118164,21.530000686645508,754.0
2024-10-25 13:07:00+00:00,GFS,41.20000076293945,41.20000076293945,41.20000076293945,41.20000076293945,41.20000076293945,603.0
2024-10-25 13:07:00+00:00,GPRO,1.340000033378601,1.340000033378601,1.340000033378601,1.3350000381469727,1.3350000381469727,361.0
2024-10-25 13:07:00+00:00,GRAB,4.09499979019165,4.09499979019165,4.099999904632568,4.09499979019165,4.09499979019165,3832.0
2024-10-25 13:07:00+00:00,GTLB,55.52000045776367,55.52000045776367,55.52000045776367,55.52000045776367,55.52000045776367,359.0
2024-10-25 13:07:00+00:00,HCKT,24.854999542236328,24.854999542236328,24.854999542236328,24.850000381469727,24.850000381469727,888.0
2024-10-25 13:07:00+00:00,HCP,33.665000915527344,33.665000915527344,33.66999816894531,33.665000915527344,33.66999816894531,1900.0
2024-10-25 13:07:00+00:00,HOLO,3.601099967956543,3.601099967956543,3.6201000213623047,3.5999999046325684,3.619999885559082,13926.0
2024-10-25 13:07:00+00:00,HOOD,27.364999771118164,27.364999771118164,27.364999771118164,27.354999542236328,27.360000610351562,4655.0
2024-10-25 13:07:00+00:00,IDN,2.4398999214172363,2.4398999214172363,2.4398999214172363,2.4398999214172363,2.4398999214172363,2401.0
2024-10-25 13:07:00+00:00,IMMR,8.729999542236328,8.729999542236328,8.729999542236328,8.729999542236328,8.729999542236328,1013.0
2024-10-25 13:07:00+00:00,INDI,3.555000066757202,3.555000066757202,3.559999942779541,3.555000066757202,3.55649995803833,3657.0
2024-10-25 13:07:00+00:00,INOD,20.25200080871582,20.25200080871582,20.274999618530273,20.25,20.269500732421875,2652.0
2024-10-25 13:07:00+00:00,INSG,20.280000686645508,20.280000686645508,20.354999542236328,20.280000686645508,20.354999542236328,1418.0
2024-10-25 13:07:00+00:00,INTC,23.104999542236328,23.104999542236328,23.109899520874023,23.100000381469727,23.104999542236328,16898.0
2024-10-25 13:07:00+00:00,INTU,611.8300170898438,611.8300170898438,611.9849853515625,611.8300170898438,611.9849853515625,554.0
2024-10-25 13:07:00+00:00,ITI,7.195000171661377,7.195000171661377,7.195000171661377,7.195000171661377,7.195000171661377,180.0
2024-10-25 13:07:00+00:00,ITRN,27.15999984741211,27.15999984741211,27.15999984741211,27.149999618530273,27.149999618530273,1414.0
2024-10-25 13:07:00+00:00,JKHY,183.3625030517578,183.3625030517578,183.3699951171875,183.3625030517578,183.3699951171875,864.0
2024-10-25 13:07:00+00:00,KOPN,0.7829999923706055,0.7829999923706055,0.7829999923706055,0.7829999923706055,0.7829999923706055,151.0
2024-10-25 13:07:00+00:00,KOSS,7.369999885559082,7.369999885559082,7.369999885559082,7.369999885559082,7.369999885559082,1694.0
2024-10-25 13:07:00+00:00,LASR,10.430000305175781,10.430000305175781,10.430000305175781,10.430000305175781,10.430000305175781,123.0
2024-10-25 13:07:00+00:00,LINK,5.009900093078613,5.009900093078613,5.009900093078613,5.009900093078613,5.009900093078613,122.0
2024-10-25 13:07:00+00:00,LITE,64.125,64.125,64.2300033569336,64.125,64.21499633789062,14111.0
2024-10-25 13:07:00+00:00,LOGI,81.02999877929688,81.02999877929688,81.05000305175781,81.02999877929688,81.05000305175781,787.0
2024-10-25 13:07:00+00:00,LRCX,79.11250305175781,79.11250305175781,79.11250305175781,79.06999969482422,79.06999969482422,9305.0
2024-10-25 13:07:00+00:00,LSCC,54.61000061035156,54.61000061035156,54.61000061035156,54.61000061035156,54.61000061035156,522.0
2024-10-25 13:07:00+00:00,LYFT,13.779999732971191,13.779999732971191,13.787500381469727,13.774999618530273,13.787500381469727,11509.0
2024-10-25 13:07:00+00:00,MCHP,77.27999877929688,77.27999877929688,77.30999755859375,77.27999877929688,77.30999755859375,4139.0
2024-10-25 13:07:00+00:00,MDB,268.07000732421875,268.07000732421875,268.07000732421875,268.07000732421875,268.07000732421875,536.0
2024-10-25 13:07:00+00:00,MNDY,299.30499267578125,299.30499267578125,299.3900146484375,299.17999267578125,299.17999267578125,1631.0
2024-10-25 13:07:00+00:00,MPWR,922.989990234375,922.989990234375,922.989990234375,922.989990234375,922.989990234375,574.0
2024-10-25 13:07:00+00:00,MQ,5.284999847412109,5.284999847412109,5.284999847412109,5.284999847412109,5.284999847412109,468.0
2024-10-25 13:07:00+00:00,MRVL,83.27259826660156,83.27259826660156,83.31500244140625,83.25,83.26000213623047,7866.0
2024-10-25 13:07:00+00:00,MSFT,430.3500061035156,430.3500061035156,430.36968994140625,430.2900085449219,430.3399963378906,8815.0
2024-10-25 13:07:00+00:00,MSTR,242.22999572753906,242.22999572753906,242.2550048828125,241.63490295410156,242.1699981689453,23175.0
2024-10-25 13:07:00+00:00,MTLS,5.949999809265137,5.949999809265137,5.949999809265137,5.949999809265137,5.949999809265137,767.0
2024-10-25 13:07:00+00:00,MTSI,120.94000244140625,120.94000244140625,120.94000244140625,120.94000244140625,120.94000244140625,192.0
2024-10-25 13:07:00+00:00,MTTR,4.614999771118164,4.614999771118164,4.614999771118164,4.610000133514404,4.614999771118164,5530.0
2024-10-25 13:07:00+00:00,MU,108.88999938964844,108.88999938964844,108.94999694824219,108.88999938964844,108.94999694824219,15559.0
2024-10-25 13:07:00+00:00,MVIS,1.0850000381469727,1.0850000381469727,1.0850000381469727,1.0850000381469727,1.0850000381469727,405.0
2024-10-25 13:07:00+00:00,MXL,14.975000381469727,14.975000381469727,14.989999771118164,14.975000381469727,14.989999771118164,1086.0
2024-10-25 13:07:00+00:00,NNDM,2.328700065612793,2.328700065612793,2.328700065612793,2.328700065612793,2.328700065612793,1678.0
2024-10-25 13:07:00+00:00,NTAP,120.20999908447266,120.20999908447266,120.22000122070312,120.20999908447266,120.22000122070312,1057.0
2024-10-25 13:07:00+00:00,NTNX,62.244998931884766,62.244998931884766,62.244998931884766,62.244998931884766,62.244998931884766,383.0
2024-10-25 13:07:00+00:00,NVDA,143.4550018310547,143.4550018310547,143.5,143.39300537109375,143.49000549316406,170339.0
2024-10-25 13:07:00+00:00,NVMI,184.83999633789062,184.83999633789062,184.83999633789062,184.83999633789062,184.83999633789062,293.0
2024-10-25 13:07:00+00:00,NVTS,2.6050000190734863,2.6050000190734863,2.6050000190734863,2.6050000190734863,2.6050000190734863,211.0
2024-10-25 13:07:00+00:00,NXPI,245.70249938964844,245.70249938964844,245.7550048828125,245.6699981689453,245.6699981689453,2091.0
2024-10-25 13:07:00+00:00,ON,72.0199966430664,72.0199966430664,72.12000274658203,71.99500274658203,72.08999633789062,20590.0
2024-10-25 13:07:00+00:00,PANW,369.1499938964844,369.1499938964844,369.1499938964844,369.1449890136719,369.1449890136719,1447.0
2024-10-25 13:07:00+00:00,PEGY,4.679999828338623,4.679999828338623,4.679999828338623,4.679999828338623,4.679999828338623,183.0
2024-10-25 13:07:00+00:00,PET,0.8131999969482422,0.8131999969482422,0.8131999969482422,0.8130000233650208,0.8130000233650208,200.0
2024-10-25 13:07:00+00:00,PGY,11.890000343322754,11.890000343322754,11.890000343322754,11.890000343322754,11.890000343322754,100.0
2024-10-25 13:07:00+00:00,PHUN,10.255000114440918,10.255000114440918,10.256500244140625,10.233099937438965,10.233099937438965,9779.0
2024-10-25 13:07:00+00:00,PI,203.56500244140625,203.56500244140625,203.56500244140625,203.56500244140625,203.56500244140625,2106.0
2024-10-25 13:07:00+00:00,PLXS,142.69000244140625,142.69000244140625,142.69000244140625,142.69000244140625,142.69000244140625,477.0
2024-10-25 13:07:00+00:00,POET,3.884999990463257,3.884999990463257,3.884999990463257,3.884999990463257,3.884999990463257,109.0
2024-10-25 13:07:00+00:00,PTC,186.6699981689453,186.6699981689453,186.67999267578125,186.5850067138672,186.67999267578125,1198.0
2024-10-25 13:07:00+00:00,PUBM,14.832099914550781,14.832099914550781,14.832099914550781,14.832099914550781,14.832099914550781,192.0
2024-10-25 13:07:00+00:00,PYCR,14.329999923706055,14.329999923706055,14.335000038146973,14.329999923706055,14.335000038146973,692.0
2024-10-25 13:07:00+00:00,QCOM,172.69000244140625,172.69000244140625,172.7100067138672,172.6699981689453,172.7100067138672,3583.0
2024-10-25 13:07:00+00:00,QRVO,100.61000061035156,100.61000061035156,100.62999725341797,100.61000061035156,100.62999725341797,1828.0
2024-10-25 13:07:00+00:00,RCAT,2.765000104904175,2.765000104904175,2.765000104904175,2.765000104904175,2.765000104904175,200.0
2024-10-25 13:07:00+00:00,REKR,1.0950000286102295,1.0950000286102295,1.0950000286102295,1.0950000286102295,1.0950000286102295,488.0
2024-10-25 13:07:00+00:00,RELY,14.859999656677246,14.859999656677246,14.869999885559082,14.84000015258789,14.869999885559082,5867.0
2024-10-25 13:07:00+00:00,RGTI,1.2293000221252441,1.2293000221252441,1.2300000190734863,1.2293000221252441,1.2299000024795532,1817.0
2024-10-25 13:07:00+00:00,RIOT,10.045000076293945,10.045000076293945,10.048999786376953,10.03499984741211,10.045999526977539,25612.0
2024-10-25 13:07:00+00:00,RMBS,43.685001373291016,43.685001373291016,43.709999084472656,43.685001373291016,43.689998626708984,1156.0
2024-10-25 13:07:00+00:00,RUM,5.730100154876709,5.730100154876709,5.735000133514404,5.730100154876709,5.735000133514404,227.0
2024-10-25 13:07:00+00:00,RUN,14.329999923706055,14.329999923706055,14.34000015258789,14.324999809265137,14.34000015258789,2963.0
2024-10-25 13:07:00+00:00,SATS,25.15999984741211,25.15999984741211,25.15999984741211,25.145000457763672,25.145000457763672,780.0
2024-10-25 13:07:00+00:00,SCWX,8.380000114440918,8.380000114440918,8.380000114440918,8.380000114440918,8.380000114440918,127.0
2024-10-25 13:07:00+00:00,SEDG,16.049999237060547,16.049999237060547,16.100000381469727,16.040000915527344,16.100000381469727,3950.0
2024-10-25 13:07:00+00:00,SMCI,47.672000885009766,47.672000885009766,47.71500015258789,47.660301208496094,47.709999084472656,31186.0
2024-10-25 13:07:00+00:00,SMTC,46.0099983215332,46.0099983215332,46.0099983215332,46.004798889160156,46.004798889160156,882.0
2024-10-25 13:07:00+00:00,SOBR,7.579999923706055,7.579999923706055,7.579999923706055,7.579999923706055,7.579999923706055,472.0
2024-10-25 13:07:00+00:00,SONO,12.819999694824219,12.819999694824219,12.819999694824219,12.819999694824219,12.819999694824219,200.0
2024-10-25 13:07:00+00:00,SOUN,5.244999885559082,5.244999885559082,5.25,5.239999771118164,5.246099948883057,8887.0
2024-10-25 13:07:00+00:00,SPSC,173.64999389648438,173.64999389648438,173.6999053955078,173.64999389648438,173.6999053955078,590.0
2024-10-25 13:07:00+00:00,SRAD,12.399999618530273,12.399999618530273,12.399999618530273,12.390000343322754,12.390000343322754,616.0
2024-10-25 13:07:00+00:00,SSNC,69.5199966430664,69.5199966430664,69.59929656982422,69.5199966430664,69.59929656982422,4619.0
2024-10-25 13:07:00+00:00,STNE,11.494999885559082,11.494999885559082,11.494999885559082,11.489999771118164,11.489999771118164,3778.0
2024-10-25 13:07:00+00:00,STX,104.06500244140625,104.06500244140625,104.08999633789062,104.06500244140625,104.08999633789062,1491.0
2024-10-25 13:07:00+00:00,SWKS,96.62999725341797,96.62999725341797,96.6500015258789,96.62999725341797,96.6500015258789,1218.0
2024-10-25 13:07:00+00:00,SYNA,73.33000183105469,73.33000183105469,73.33000183105469,73.33000183105469,73.33000183105469,238.0
2024-10-25 13:07:00+00:00,TACT,4.164999961853027,4.164999961853027,4.164999961853027,4.164999961853027,4.164999961853027,100.0
2024-10-25 13:07:00+00:00,TCX,19.360000610351562,19.360000610351562,19.360000610351562,19.360000610351562,19.360000610351562,302.0
2024-10-25 13:07:00+00:00,TEAM,190.5800018310547,190.5800018310547,190.67999267578125,190.5399932861328,190.55999755859375,2746.0
2024-10-25 13:07:00+00:00,TENB,41.720001220703125,41.720001220703125,41.720001220703125,41.720001220703125,41.720001220703125,693.0
2024-10-25 13:07:00+00:00,TER,113.26000213623047,113.26000213623047,113.27999877929688,113.25,113.27999877929688,4014.0
2024-10-25 13:07:00+00:00,TSEM,45.260398864746094,45.260398864746094,45.260398864746094,45.260398864746094,45.260398864746094,131.0
2024-10-25 13:07:00+00:00,TTD,119.25,119.25,119.28600311279297,119.25,119.28600311279297,1139.0
2024-10-25 13:07:00+00:00,TWKS,4.449999809265137,4.449999809265137,4.449999809265137,4.449999809265137,4.449999809265137,2918.0
2024-10-25 13:07:00+00:00,TXN,209.13650512695312,209.13650512695312,209.22000122070312,209.08999633789062,209.22000122070312,7721.0
2024-10-25 13:07:00+00:00,VERI,3.430000066757202,3.430000066757202,3.430000066757202,3.428999900817871,3.430000066757202,8135.0
2024-10-25 13:07:00+00:00,VIAV,9.255000114440918,9.255000114440918,9.255000114440918,9.255000114440918,9.255000114440918,110.0
2024-10-25 13:07:00+00:00,VMEO,4.769999980926514,4.769999980926514,4.769999980926514,4.769999980926514,4.769999980926514,343.0
2024-10-25 13:07:00+00:00,VNET,3.4649999141693115,3.4649999141693115,3.4649999141693115,3.4600000381469727,3.4625000953674316,209.0
2024-10-25 13:07:00+00:00,VOXX,7.659999847412109,7.659999847412109,7.659999847412109,7.659999847412109,7.659999847412109,156.0
2024-10-25 13:07:00+00:00,VRNS,57.09000015258789,57.09000015258789,57.09000015258789,57.060001373291016,57.060001373291016,1419.0
2024-10-25 13:07:00+00:00,VSAT,10.380000114440918,10.380000114440918,10.380000114440918,10.380000114440918,10.380000114440918,1334.0
2024-10-25 13:07:00+00:00,WDAY,239.7624969482422,239.7624969482422,239.7624969482422,239.7624969482422,239.7624969482422,313.0
2024-10-25 13:07:00+00:00,WDC,70.95999908447266,70.95999908447266,71.08000183105469,70.9000015258789,71.08000183105469,10496.0
2024-10-25 13:07:00+00:00,WISA,1.9900000095367432,1.9900000095367432,1.9900000095367432,1.9900000095367432,1.9900000095367432,3824.0
2024-10-25 13:07:00+00:00,XELA,1.9700000286102295,1.9700000286102295,1.9700000286102295,1.9700000286102295,1.9700000286102295,1001.0
2024-10-25 13:07:00+00:00,XRX,10.024999618530273,10.024999618530273,10.024999618530273,10.020000457763672,10.020000457763672,473.0
2024-10-25 13:07:00+00:00,ZBRA,362.42999267578125,362.42999267578125,362.42999267578125,362.42999267578125,362.42999267578125,668.0
2024-10-25 13:07:00+00:00,ZI,10.555000305175781,10.555000305175781,10.5600004196167,10.555000305175781,10.5600004196167,1500.0
2024-10-25 13:07:00+00:00,ZM,73.16539764404297,73.16539764404297,73.23999786376953,73.13999938964844,73.20999908447266,16124.0
2024-10-25 13:07:00+00:00,ZS,185.77499389648438,185.77499389648438,185.86000061035156,185.77499389648438,185.86000061035156,1918.0
2024-10-25 13:08:00+00:00,AAOI,17.860000610351562,17.860000610351562,17.8799991607666,17.860000610351562,17.875,3729.0
2024-10-25 13:08:00+00:00,AAPL,232.40049743652344,232.40049743652344,232.5,232.4001007080078,232.47999572753906,16585.0
2024-10-25 13:08:00+00:00,ACIW,48.84600067138672,48.84600067138672,48.84600067138672,48.84600067138672,48.84600067138672,431.0
2024-10-25 13:08:00+00:00,ACLS,90.68000030517578,90.68000030517578,90.68000030517578,90.68000030517578,90.68000030517578,307.0
2024-10-25 13:08:00+00:00,ACMR,19.914100646972656,19.914100646972656,19.914100646972656,19.914100646972656,19.914100646972656,758.0
2024-10-25 13:08:00+00:00,ADBE,485.45001220703125,485.45001220703125,485.45001220703125,485.44000244140625,485.44000244140625,871.0
2024-10-25 13:08:00+00:00,ADTN,6.389999866485596,6.389999866485596,6.389999866485596,6.389999866485596,6.389999866485596,350.0
2024-10-25 13:08:00+00:00,AEHR,17.299999237060547,17.299999237060547,17.31999969482422,17.299999237060547,17.31999969482422,1103.0
2024-10-25 13:08:00+00:00,AFRM,41.763999938964844,41.763999938964844,41.775001525878906,41.763999938964844,41.77000045776367,4110.0
2024-10-25 13:08:00+00:00,AKAM,102.63500213623047,102.63500213623047,102.63500213623047,102.63500213623047,102.63500213623047,381.0
2024-10-25 13:08:00+00:00,AKTS,0.05700000002980232,0.05700000002980232,0.05700000002980232,0.05700000002980232,0.05700000002980232,837.0
2024-10-25 13:08:00+00:00,ALGM,23.09000015258789,23.09000015258789,23.09000015258789,23.06999969482422,23.079999923706055,3498.0
2024-10-25 13:08:00+00:00,ALTR,104.0250015258789,104.0250015258789,104.0250015258789,104.0250015258789,104.0250015258789,839.0
2024-10-25 13:08:00+00:00,AMAT,188.6300048828125,188.6300048828125,188.7100067138672,188.6199951171875,188.69000244140625,2586.0
2024-10-25 13:08:00+00:00,AMD,157.85000610351562,157.85000610351562,157.9199981689453,157.82000732421875,157.86000061035156,16098.0
2024-10-25 13:08:00+00:00,AMKR,30.1200008392334,30.1200008392334,30.1200008392334,30.1200008392334,30.1200008392334,868.0
2024-10-25 13:08:00+00:00,AMPG,1.0499999523162842,1.0499999523162842,1.0499999523162842,1.0499999523162842,1.0499999523162842,200.0
2024-10-25 13:08:00+00:00,ANSS,325.7200012207031,325.7200012207031,325.7200012207031,325.6400146484375,325.6400146484375,505.0
2024-10-25 13:08:00+00:00,API,2.9000000953674316,2.9000000953674316,2.9000000953674316,2.8898000717163086,2.8898000717163086,8149.0
2024-10-25 13:08:00+00:00,APP,161.5800018310547,161.5800018310547,161.5800018310547,161.5800018310547,161.5800018310547,135.0
2024-10-25 13:08:00+00:00,APPN,32.08000183105469,32.08000183105469,32.08000183105469,32.08000183105469,32.08000183105469,423.0
2024-10-25 13:08:00+00:00,ARRY,6.454999923706055,6.454999923706055,6.460000038146973,6.449999809265137,6.449999809265137,9502.0
2024-10-25 13:08:00+00:00,ASML,719.3200073242188,719.3200073242188,719.510009765625,719.3200073242188,719.510009765625,3244.0
2024-10-25 13:08:00+00:00,ASNS,1.3200000524520874,1.3200000524520874,1.3200000524520874,1.3200000524520874,1.3200000524520874,100.0
2024-10-25 13:08:00+00:00,AUR,6.485000133514404,6.485000133514404,6.485000133514404,6.485000133514404,6.485000133514404,360.0
2024-10-25 13:08:00+00:00,AVDX,8.149999618530273,8.149999618530273,8.149999618530273,8.149999618530273,8.149999618530273,174.0
2024-10-25 13:08:00+00:00,AVGO,175.6649932861328,175.6649932861328,175.6999969482422,175.6649932861328,175.6699981689453,5423.0
2024-10-25 13:08:00+00:00,AVT,54.01499938964844,54.01499938964844,54.029998779296875,54.01499938964844,54.029998779296875,457.0
2024-10-25 13:08:00+00:00,BOSC,2.930000066757202,2.930000066757202,2.930000066757202,2.930000066757202,2.930000066757202,333.0
2024-10-25 13:08:00+00:00,BSY,49.20600128173828,49.20600128173828,49.21139907836914,49.17959976196289,49.189998626708984,1096.0
2024-10-25 13:08:00+00:00,CAMT,78.58999633789062,78.58999633789062,78.58999633789062,78.58999633789062,78.58999633789062,335.0
2024-10-25 13:08:00+00:00,CAN,0.9810000061988831,0.9810000061988831,0.9810000061988831,0.9810000061988831,0.9810000061988831,208.0
2024-10-25 13:08:00+00:00,CDNS,259.79998779296875,259.79998779296875,259.9700012207031,259.7699890136719,259.8599853515625,4527.0
2024-10-25 13:08:00+00:00,CDW,219.94000244140625,219.94000244140625,219.94000244140625,219.94000244140625,219.94000244140625,552.0
2024-10-25 13:08:00+00:00,CETX,0.303600013256073,0.303600013256073,0.303600013256073,0.303600013256073,0.303600013256073,6502.0
2024-10-25 13:08:00+00:00,CFLT,22.594999313354492,22.594999313354492,22.594999313354492,22.594999313354492,22.594999313354492,239.0
2024-10-25 13:08:00+00:00,CGNX,38.94499969482422,38.94499969482422,38.94499969482422,38.94499969482422,38.94499969482422,420.0
2024-10-25 13:08:00+00:00,CLRO,0.5800999999046326,0.5800999999046326,0.5800999999046326,0.5800999999046326,0.5800999999046326,261.0
2024-10-25 13:08:00+00:00,CLSK,11.949999809265137,11.949999809265137,11.949999809265137,11.939800262451172,11.9399995803833,11376.0
2024-10-25 13:08:00+00:00,CNXC,44.880001068115234,44.880001068115234,44.880001068115234,44.880001068115234,44.880001068115234,975.0
2024-10-25 13:08:00+00:00,COHR,95.62999725341797,95.62999725341797,95.70999908447266,95.62999725341797,95.70999908447266,2518.0
2024-10-25 13:08:00+00:00,COIN,211.43800354003906,211.43800354003906,211.66990661621094,211.2449951171875,211.5,10084.0
2024-10-25 13:08:00+00:00,COMM,6.295000076293945,6.295000076293945,6.295000076293945,6.289999961853027,6.289999961853027,2080.0
2024-10-25 13:08:00+00:00,CORZ,13.404999732971191,13.404999732971191,13.404999732971191,13.404999732971191,13.404999732971191,421.0
2024-10-25 13:08:00+00:00,CRCT,6.605000019073486,6.605000019073486,6.605000019073486,6.605000019073486,6.605000019073486,375.0
2024-10-25 13:08:00+00:00,CRNC,2.880000114440918,2.880000114440918,2.880000114440918,2.880000114440918,2.880000114440918,755.0
2024-10-25 13:08:00+00:00,CRNT,2.4600000381469727,2.4600000381469727,2.4600000381469727,2.4600000381469727,2.4600000381469727,1247.0
2024-10-25 13:08:00+00:00,CRUS,123.65499877929688,123.65499877929688,123.65499877929688,123.65499877929688,123.65499877929688,1329.0
2024-10-25 13:08:00+00:00,CRWD,302.62030029296875,302.62030029296875,303.19989013671875,302.010009765625,302.0220031738281,19287.0
2024-10-25 13:08:00+00:00,CSCO,55.94499969482422,55.94499969482422,55.98500061035156,55.91999816894531,55.98500061035156,152052.0
2024-10-25 13:08:00+00:00,CSIQ,13.699999809265137,13.699999809265137,13.699999809265137,13.673100471496582,13.673100471496582,845.0
2024-10-25 13:08:00+00:00,CTSH,74.83000183105469,74.83000183105469,74.8550033569336,74.83000183105469,74.8550033569336,9707.0
2024-10-25 13:08:00+00:00,CYBR,291.6050109863281,291.6050109863281,291.6050109863281,291.25,291.3299865722656,1965.0
2024-10-25 13:08:00+00:00,DAKT,13.079999923706055,13.079999923706055,13.079999923706055,13.079999923706055,13.079999923706055,875.0
2024-10-25 13:08:00+00:00,DBX,26.040000915527344,26.040000915527344,26.045000076293945,26.040000915527344,26.045000076293945,1788.0
2024-10-25 13:08:00+00:00,DDOG,127.47000122070312,127.47000122070312,127.5,127.41000366210938,127.43000030517578,5982.0
2024-10-25 13:08:00+00:00,DIOD,66.73999786376953,66.73999786376953,66.73999786376953,66.73999786376953,66.73999786376953,144.0
2024-10-25 13:08:00+00:00,DOCU,69.86000061035156,69.86000061035156,69.87000274658203,69.83999633789062,69.86000061035156,2536.0
2024-10-25 13:08:00+00:00,DUOL,290.44000244140625,290.44000244140625,290.44000244140625,290.44000244140625,290.44000244140625,1058.0
2024-10-25 13:08:00+00:00,EEFT,99.54000091552734,99.54000091552734,99.54000091552734,99.54000091552734,99.54000091552734,755.0
2024-10-25 13:08:00+00:00,ENPH,83.10990142822266,83.10990142822266,83.10990142822266,83.02999877929688,83.02999877929688,3221.0
2024-10-25 13:08:00+00:00,ENTG,106.19999694824219,106.19999694824219,106.19999694824219,106.19999694824219,106.19999694824219,172.0
2024-10-25 13:08:00+00:00,ERIC,8.484999656677246,8.484999656677246,8.484999656677246,8.484999656677246,8.484999656677246,11549.0
2024-10-25 13:08:00+00:00,EXTR,14.475000381469727,14.475000381469727,14.5,14.475000381469727,14.5,3609.0
2024-10-25 13:08:00+00:00,FARO,18.110000610351562,18.110000610351562,18.110000610351562,18.110000610351562,18.110000610351562,451.0
2024-10-25 13:08:00+00:00,FIVN,29.809999465942383,29.809999465942383,29.834999084472656,29.809999465942383,29.834999084472656,3249.0
2024-10-25 13:08:00+00:00,FLYW,17.489999771118164,17.489999771118164,17.489999771118164,17.489999771118164,17.489999771118164,355.0
2024-10-25 13:08:00+00:00,FROG,29.424999237060547,29.424999237060547,29.424999237060547,29.424999237060547,29.424999237060547,227.0
2024-10-25 13:08:00+00:00,FRSH,11.654999732971191,11.654999732971191,11.65999984741211,11.654999732971191,11.65999984741211,447.0
2024-10-25 13:08:00+00:00,FSLR,199.0,199.0,199.0,199.0,199.0,1157.0
2024-10-25 13:08:00+00:00,FTCI,0.6636000275611877,0.6636000275611877,0.6636000275611877,0.6636000275611877,0.6636000275611877,400.0
2024-10-25 13:08:00+00:00,FTNT,81.11000061035156,81.11000061035156,81.12000274658203,81.11000061035156,81.12000274658203,1572.0
2024-10-25 13:08:00+00:00,GCT,24.81999969482422,24.81999969482422,24.850000381469727,24.81999969482422,24.850000381469727,3926.0
2024-10-25 13:08:00+00:00,GDYN,15.585000038146973,15.585000038146973,15.585000038146973,15.585000038146973,15.585000038146973,324.0
2024-10-25 13:08:00+00:00,GFS,41.20000076293945,41.20000076293945,41.20000076293945,41.20000076293945,41.20000076293945,464.0
2024-10-25 13:08:00+00:00,GILT,4.946000099182129,4.946000099182129,4.946000099182129,4.946000099182129,4.946000099182129,2003.0
2024-10-25 13:08:00+00:00,GPRO,1.340000033378601,1.340000033378601,1.340000033378601,1.340000033378601,1.340000033378601,100.0
2024-10-25 13:08:00+00:00,GRAB,4.105000019073486,4.105000019073486,4.110000133514404,4.090000152587891,4.09499979019165,153589.0
2024-10-25 13:08:00+00:00,GSIT,3.430000066757202,3.430000066757202,3.444999933242798,3.430000066757202,3.444999933242798,845.0
2024-10-25 13:08:00+00:00,GVP,4.6107001304626465,4.6107001304626465,4.6107001304626465,4.6107001304626465,4.6107001304626465,900.0
2024-10-25 13:08:00+00:00,HCP,33.665000915527344,33.665000915527344,33.665000915527344,33.665000915527344,33.665000915527344,201.0
2024-10-25 13:08:00+00:00,HLIT,14.819999694824219,14.819999694824219,14.819999694824219,14.819999694824219,14.819999694824219,767.0
2024-10-25 13:08:00+00:00,HOLO,3.5899999141693115,3.5899999141693115,3.609999895095825,3.5899999141693115,3.6050000190734863,17728.0
2024-10-25 13:08:00+00:00,HOOD,27.389999389648438,27.389999389648438,27.389999389648438,27.36009979248047,27.364999771118164,42178.0
2024-10-25 13:08:00+00:00,IDN,2.4100000858306885,2.4100000858306885,2.4100000858306885,2.4000000953674316,2.4000000953674316,715.0
2024-10-25 13:08:00+00:00,IMXI,17.610000610351562,17.610000610351562,17.610000610351562,17.610000610351562,17.610000610351562,322.0
2024-10-25 13:08:00+00:00,INDI,3.559999942779541,3.559999942779541,3.559999942779541,3.555000066757202,3.555000066757202,502.0
2024-10-25 13:08:00+00:00,INOD,20.280000686645508,20.280000686645508,20.280000686645508,20.280000686645508,20.280000686645508,741.0
2024-10-25 13:08:00+00:00,INTC,23.094999313354492,23.094999313354492,23.107500076293945,23.09000015258789,23.104999542236328,22960.0
2024-10-25 13:08:00+00:00,ITI,7.195000171661377,7.195000171661377,7.195000171661377,7.195000171661377,7.195000171661377,200.0
2024-10-25 13:08:00+00:00,ITRI,102.9000015258789,102.9000015258789,102.9000015258789,102.9000015258789,102.9000015258789,444.0
2024-10-25 13:08:00+00:00,ITRN,27.114999771118164,27.114999771118164,27.114999771118164,27.114999771118164,27.114999771118164,469.0
2024-10-25 13:08:00+00:00,JAMF,16.78499984741211,16.78499984741211,16.78499984741211,16.78499984741211,16.78499984741211,262.0
2024-10-25 13:08:00+00:00,KC,2.7249999046325684,2.7249999046325684,2.7249999046325684,2.7200000286102295,2.7249999046325684,572.0
2024-10-25 13:08:00+00:00,KLAC,679.9500122070312,679.9500122070312,680.27001953125,679.8699951171875,679.8699951171875,3967.0
2024-10-25 13:08:00+00:00,LASR,10.430000305175781,10.430000305175781,10.430000305175781,10.430000305175781,10.430000305175781,750.0
2024-10-25 13:08:00+00:00,LEDS,1.249899983406067,1.249899983406067,1.249899983406067,1.249899983406067,1.249899983406067,0.0
2024-10-25 13:08:00+00:00,LITE,64.08000183105469,64.08000183105469,64.08999633789062,64.08000183105469,64.08999633789062,1116.0
2024-10-25 13:08:00+00:00,LRCX,79.19090270996094,79.19090270996094,79.19090270996094,79.11499786376953,79.12000274658203,20814.0
2024-10-25 13:08:00+00:00,LSCC,54.63999938964844,54.63999938964844,54.63999938964844,54.630001068115234,54.63999938964844,885.0
2024-10-25 13:08:00+00:00,LUNA,1.8200000524520874,1.8200000524520874,1.8200000524520874,1.8200000524520874,1.8200000524520874,101.0
2024-10-25 13:08:00+00:00,LYFT,13.78499984741211,13.78499984741211,13.78499984741211,13.774999618530273,13.78499984741211,8320.0
2024-10-25 13:08:00+00:00,MANH,276.1000061035156,276.1000061035156,276.1000061035156,276.1000061035156,276.1000061035156,2216.0
2024-10-25 13:08:00+00:00,MCHP,77.29000091552734,77.29000091552734,77.30000305175781,77.27999877929688,77.29000091552734,3217.0
2024-10-25 13:08:00+00:00,MDB,268.1099853515625,268.1099853515625,268.1099853515625,268.1099853515625,268.1099853515625,315.0
2024-10-25 13:08:00+00:00,MITK,8.770000457763672,8.770000457763672,8.770000457763672,8.770000457763672,8.770000457763672,602.0
2024-10-25 13:08:00+00:00,MKSI,101.61499786376953,101.61499786376953,101.61499786376953,101.61000061035156,101.61000061035156,258.0
2024-10-25 13:08:00+00:00,MNDY,299.6499938964844,299.6499938964844,299.7699890136719,299.4700012207031,299.760009765625,1318.0
2024-10-25 13:08:00+00:00,MQ,5.284999847412109,5.284999847412109,5.284999847412109,5.284999847412109,5.284999847412109,753.0
2024-10-25 13:08:00+00:00,MRVL,83.27999877929688,83.27999877929688,83.29000091552734,83.2748031616211,83.2748031616211,5165.0
2024-10-25 13:08:00+00:00,MSFT,430.3399963378906,430.3399963378906,430.4100036621094,430.3299865722656,430.3550109863281,5131.0
2024-10-25 13:08:00+00:00,MSTR,242.52499389648438,242.52499389648438,242.5399932861328,241.91000366210938,242.1699981689453,29315.0
2024-10-25 13:08:00+00:00,MTTR,4.614999771118164,4.614999771118164,4.616000175476074,4.614999771118164,4.616000175476074,993.0
2024-10-25 13:08:00+00:00,MU,108.87329864501953,108.87329864501953,108.91999816894531,108.87000274658203,108.9000015258789,15534.0
2024-10-25 13:08:00+00:00,NCNO,37.79999923706055,37.79999923706055,37.79999923706055,37.79999923706055,37.79999923706055,671.0
2024-10-25 13:08:00+00:00,NICE,176.7449951171875,176.7449951171875,176.7449951171875,176.7449951171875,176.7449951171875,1151.0
2024-10-25 13:08:00+00:00,NNDM,2.319999933242798,2.319999933242798,2.319999933242798,2.319999933242798,2.319999933242798,0.0
2024-10-25 13:08:00+00:00,NSIT,209.38999938964844,209.38999938964844,209.38999938964844,209.38999938964844,209.38999938964844,167.0
2024-10-25 13:08:00+00:00,NTAP,120.19000244140625,120.19000244140625,120.19000244140625,120.19000244140625,120.19000244140625,260.0
2024-10-25 13:08:00+00:00,NTGR,20.329999923706055,20.329999923706055,20.329999923706055,20.329999923706055,20.329999923706055,317.0
2024-10-25 13:08:00+00:00,NTNX,62.244998931884766,62.244998931884766,62.244998931884766,62.244998931884766,62.244998931884766,296.0
2024-10-25 13:08:00+00:00,NVDA,143.4600067138672,143.4600067138672,143.47999572753906,143.44000244140625,143.4600067138672,114252.0
2024-10-25 13:08:00+00:00,NVMI,184.75999450683594,184.75999450683594,184.75999450683594,184.75999450683594,184.75999450683594,381.0
2024-10-25 13:08:00+00:00,NVTS,2.6089000701904297,2.6089000701904297,2.6089000701904297,2.6089000701904297,2.6089000701904297,854.0
2024-10-25 13:08:00+00:00,NXPI,245.6999969482422,245.6999969482422,245.79330444335938,245.6999969482422,245.79330444335938,1355.0
2024-10-25 13:08:00+00:00,OKTA,72.5,72.5,72.5,72.45500183105469,72.45500183105469,2064.0
2024-10-25 13:08:00+00:00,ON,72.03500366210938,72.03500366210938,72.05999755859375,72.03500366210938,72.04000091552734,4309.0
2024-10-25 13:08:00+00:00,ONDS,0.8769999742507935,0.8769999742507935,0.8769999742507935,0.8769999742507935,0.8769999742507935,200.0
2024-10-25 13:08:00+00:00,OSIS,134.38499450683594,134.38499450683594,134.38499450683594,134.38499450683594,134.38499450683594,1333.0
2024-10-25 13:08:00+00:00,PAYO,8.3149995803833,8.3149995803833,8.3149995803833,8.3149995803833,8.3149995803833,514.0
2024-10-25 13:08:00+00:00,PEGA,80.62999725341797,80.62999725341797,80.62999725341797,80.58999633789062,80.58999633789062,789.0
2024-10-25 13:08:00+00:00,PEGY,4.670000076293945,4.670000076293945,4.670000076293945,4.670000076293945,4.670000076293945,340.0
2024-10-25 13:08:00+00:00,PGY,11.890000343322754,11.890000343322754,11.890000343322754,11.890000343322754,11.890000343322754,475.0
2024-10-25 13:08:00+00:00,PHUN,10.28499984741211,10.28499984741211,10.300000190734863,10.260000228881836,10.260000228881836,29039.0
2024-10-25 13:08:00+00:00,PI,203.0800018310547,203.0800018310547,203.0800018310547,203.0800018310547,203.0800018310547,1194.0
2024-10-25 13:08:00+00:00,POWI,63.9900016784668,63.9900016784668,63.9900016784668,63.9900016784668,63.9900016784668,719.0
2024-10-25 13:08:00+00:00,PRSO,1.7799999713897705,1.7799999713897705,1.7799999713897705,1.7799999713897705,1.7799999713897705,0.0
2024-10-25 13:08:00+00:00,PTC,186.7100067138672,186.7100067138672,186.7100067138672,186.6699981689453,186.6699981689453,1165.0
2024-10-25 13:08:00+00:00,PYCR,14.34000015258789,14.34000015258789,14.34000015258789,14.34000015258789,14.34000015258789,1202.0
2024-10-25 13:08:00+00:00,QCOM,172.7100067138672,172.7100067138672,172.7404022216797,172.6800994873047,172.6999969482422,3052.0
2024-10-25 13:08:00+00:00,QLYS,120.05000305175781,120.05000305175781,120.05000305175781,120.05000305175781,120.05000305175781,364.0
2024-10-25 13:08:00+00:00,QRVO,100.62999725341797,100.62999725341797,100.62999725341797,100.62999725341797,100.62999725341797,261.0
2024-10-25 13:08:00+00:00,RCAT,2.765000104904175,2.765000104904175,2.765000104904175,2.765000104904175,2.765000104904175,207.0
2024-10-25 13:08:00+00:00,REKR,1.0950000286102295,1.0950000286102295,1.0950000286102295,1.0950000286102295,1.0950000286102295,252.0
2024-10-25 13:08:00+00:00,RGTI,1.2300000190734863,1.2300000190734863,1.2300000190734863,1.225000023841858,1.225000023841858,983.0
2024-10-25 13:08:00+00:00,RGTIW,0.1599999964237213,0.1599999964237213,0.18000000715255737,0.1599999964237213,0.18000000715255737,15415.0
2024-10-25 13:08:00+00:00,RIOT,10.043999671936035,10.043999671936035,10.055000305175781,10.035300254821777,10.043999671936035,31014.0
2024-10-25 13:08:00+00:00,RMBS,43.66999816894531,43.66999816894531,43.66999816894531,43.66999816894531,43.66999816894531,690.0
2024-10-25 13:08:00+00:00,RPAY,7.59499979019165,7.59499979019165,7.59499979019165,7.59499979019165,7.59499979019165,356.0
2024-10-25 13:08:00+00:00,RUM,5.745999813079834,5.745999813079834,5.745999813079834,5.735000133514404,5.735000133514404,843.0
2024-10-25 13:08:00+00:00,RUN,14.3149995803833,14.3149995803833,14.319999694824219,14.3149995803833,14.319999694824219,2591.0
2024-10-25 13:08:00+00:00,SEDG,16.030500411987305,16.030500411987305,16.059999465942383,16.030500411987305,16.040000915527344,5435.0
2024-10-25 13:08:00+00:00,SHLS,5.275000095367432,5.275000095367432,5.28000020980835,5.271500110626221,5.28000020980835,1661.0
2024-10-25 13:08:00+00:00,SITM,183.5399932861328,183.5399932861328,183.75,183.5,183.75,6702.0
2024-10-25 13:08:00+00:00,SKYT,10.6899995803833,10.6899995803833,10.6899995803833,10.6899995803833,10.6899995803833,1510.0
2024-10-25 13:08:00+00:00,SMCI,47.6349983215332,47.6349983215332,47.66999816894531,47.62009811401367,47.66080093383789,22988.0
2024-10-25 13:08:00+00:00,SMTC,46.0,46.0,46.06999969482422,46.0,46.04999923706055,900.0
2024-10-25 13:08:00+00:00,SONO,12.819999694824219,12.819999694824219,12.819999694824219,12.819999694824219,12.819999694824219,2322.0
2024-10-25 13:08:00+00:00,SOUN,5.242800235748291,5.242800235748291,5.249899864196777,5.242800235748291,5.249899864196777,20845.0
2024-10-25 13:08:00+00:00,SSNC,69.5250015258789,69.5250015258789,69.5250015258789,69.5250015258789,69.5250015258789,1345.0
2024-10-25 13:08:00+00:00,STNE,11.494999885559082,11.494999885559082,11.494999885559082,11.494999885559082,11.494999885559082,501.0
2024-10-25 13:08:00+00:00,STX,104.08999633789062,104.08999633789062,104.08999633789062,104.01000213623047,104.02999877929688,1186.0
2024-10-25 13:08:00+00:00,SWKS,96.66500091552734,96.66500091552734,96.66500091552734,96.65499877929688,96.65499877929688,398.0
2024-10-25 13:08:00+00:00,TEAM,190.67999267578125,190.67999267578125,190.67999267578125,190.67999267578125,190.67999267578125,3265.0
2024-10-25 13:08:00+00:00,TENB,41.69499969482422,41.69499969482422,41.70000076293945,41.69499969482422,41.70000076293945,532.0
2024-10-25 13:08:00+00:00,TER,113.25,113.25,113.2699966430664,113.25,113.2699966430664,2769.0
2024-10-25 13:08:00+00:00,TTD,119.28569793701172,119.28569793701172,119.29199981689453,119.28569793701172,119.29199981689453,1349.0
2024-10-25 13:08:00+00:00,TWKS,4.449999809265137,4.449999809265137,4.449999809265137,4.449999809265137,4.449999809265137,2426.0
2024-10-25 13:08:00+00:00,TXN,209.0800018310547,209.0800018310547,209.1300048828125,209.0800018310547,209.1300048828125,2937.0
2024-10-25 13:08:00+00:00,UEIC,8.100000381469727,8.100000381469727,8.100000381469727,8.100000381469727,8.100000381469727,397.0
2024-10-25 13:08:00+00:00,VERI,3.440000057220459,3.440000057220459,3.440000057220459,3.430000066757202,3.430000066757202,1418.0
2024-10-25 13:08:00+00:00,VIAV,9.255000114440918,9.255000114440918,9.260000228881836,9.255000114440918,9.260000228881836,352.0
2024-10-25 13:08:00+00:00,VMEO,4.78000020980835,4.78000020980835,4.78000020980835,4.78000020980835,4.78000020980835,384.0
2024-10-25 13:08:00+00:00,VNET,3.4600000381469727,3.4600000381469727,3.4649999141693115,3.4600000381469727,3.4649999141693115,509.0
2024-10-25 13:08:00+00:00,VRNT,22.219999313354492,22.219999313354492,22.219999313354492,22.219999313354492,22.219999313354492,159.0
2024-10-25 13:08:00+00:00,VRSN,185.39999389648438,185.39999389648438,185.39999389648438,185.39999389648438,185.39999389648438,151.0
2024-10-25 13:08:00+00:00,VSAT,10.380000114440918,10.380000114440918,10.380000114440918,10.380000114440918,10.380000114440918,655.0
2024-10-25 13:08:00+00:00,VUZI,1.3199000358581543,1.3199000358581543,1.3199000358581543,1.3199000358581543,1.3199000358581543,2255.0
2024-10-25 13:08:00+00:00,WALD,3.619999885559082,3.619999885559082,3.619999885559082,3.619999885559082,3.619999885559082,331.0
2024-10-25 13:08:00+00:00,WDAY,239.75999450683594,239.75999450683594,239.75999450683594,239.75999450683594,239.75999450683594,440.0
2024-10-25 13:08:00+00:00,WDC,70.9000015258789,70.9000015258789,70.94999694824219,70.9000015258789,70.93000030517578,11893.0
2024-10-25 13:08:00+00:00,WISA,1.999899983406067,1.999899983406067,1.999899983406067,1.9950000047683716,1.9950000047683716,3941.0
2024-10-25 13:08:00+00:00,WLDS,3.4800000190734863,3.4800000190734863,3.4800000190734863,3.4800000190734863,3.4800000190734863,1801.0
2024-10-25 13:08:00+00:00,XRX,10.024700164794922,10.024700164794922,10.024999618530273,10.020000457763672,10.020000457763672,1190.0
2024-10-25 13:08:00+00:00,ZI,10.539999961853027,10.539999961853027,10.555000305175781,10.520000457763672,10.555000305175781,12614.0
2024-10-25 13:08:00+00:00,ZM,73.16000366210938,73.16000366210938,73.16999816894531,73.16000366210938,73.16999816894531,1312.0
2024-10-25 13:08:00+00:00,ZS,185.92999267578125,185.92999267578125,185.92999267578125,185.8800048828125,185.8800048828125,1332.0
2024-10-25 13:09:00+00:00,AAOI,17.850000381469727,17.850000381469727,17.850000381469727,17.84000015258789,17.84000015258789,6165.0
2024-10-25 13:09:00+00:00,AAPL,232.47520446777344,232.47520446777344,232.47999572753906,232.35000610351562,232.41000366210938,31093.0
2024-10-25 13:09:00+00:00,ACIW,48.84000015258789,48.84000015258789,48.84000015258789,48.84000015258789,48.84000015258789,1037.0
2024-10-25 13:09:00+00:00,ACLS,90.68000030517578,90.68000030517578,90.68000030517578,90.62000274658203,90.62000274658203,524.0
2024-10-25 13:09:00+00:00,ACMR,19.90999984741211,19.90999984741211,19.90999984741211,19.90999984741211,19.90999984741211,1132.0
2024-10-25 13:09:00+00:00,ADBE,485.5350036621094,485.5350036621094,485.5350036621094,485.44500732421875,485.44500732421875,1625.0
2024-10-25 13:09:00+00:00,ADI,233.92999267578125,233.92999267578125,233.94000244140625,233.92999267578125,233.94000244140625,2062.0
2024-10-25 13:09:00+00:00,ADSK,287.1499938964844,287.1499938964844,287.218994140625,287.1499938964844,287.1600036621094,2807.0
2024-10-25 13:09:00+00:00,AFRM,41.7599983215332,41.7599983215332,41.7599983215332,41.744998931884766,41.75859832763672,2634.0
2024-10-25 13:09:00+00:00,AGYS,111.51499938964844,111.51499938964844,111.51499938964844,111.51499938964844,111.51499938964844,575.0
2024-10-25 13:09:00+00:00,AKAM,102.7300033569336,102.7300033569336,102.7300033569336,102.6500015258789,102.6500015258789,1967.0
2024-10-25 13:09:00+00:00,ALGM,23.079999923706055,23.079999923706055,23.100000381469727,23.075000762939453,23.079999923706055,4384.0
2024-10-25 13:09:00+00:00,ALRM,54.685001373291016,54.685001373291016,54.685001373291016,54.650001525878906,54.650001525878906,1877.0
2024-10-25 13:09:00+00:00,ALTR,104.0250015258789,104.0250015258789,104.0250015258789,104.0250015258789,104.0250015258789,592.0
2024-10-25 13:09:00+00:00,AMAT,188.80999755859375,188.80999755859375,188.85000610351562,188.6699981689453,188.67999267578125,5596.0
2024-10-25 13:09:00+00:00,AMBA,58.60499954223633,58.60499954223633,58.60499954223633,58.56999969482422,58.58000183105469,519.0
2024-10-25 13:09:00+00:00,AMD,157.9199981689453,157.9199981689453,157.92999267578125,157.80999755859375,157.85000610351562,18656.0
2024-10-25 13:09:00+00:00,ANY,1.0582000017166138,1.0582000017166138,1.0582000017166138,1.0582000017166138,1.0582000017166138,123.0
2024-10-25 13:09:00+00:00,APCX,0.7400000095367432,0.7400000095367432,0.7400000095367432,0.7400000095367432,0.7400000095367432,200.0
2024-10-25 13:09:00+00:00,API,2.9000000953674316,2.9000000953674316,2.9000000953674316,2.9000000953674316,2.9000000953674316,1056.0
2024-10-25 13:09:00+00:00,APP,161.6699981689453,161.6699981689453,161.6699981689453,161.52999877929688,161.62939453125,2571.0
2024-10-25 13:09:00+00:00,APPF,214.25,214.25,214.25,214.25,214.25,731.0
2024-10-25 13:09:00+00:00,APPS,3.075000047683716,3.075000047683716,3.0799999237060547,3.075000047683716,3.0799999237060547,5369.0
2024-10-25 13:09:00+00:00,ARRY,6.454999923706055,6.454999923706055,6.454999923706055,6.449999809265137,6.449999809265137,1424.0
2024-10-25 13:09:00+00:00,ASML,719.3200073242188,719.3200073242188,719.3200073242188,719.3200073242188,719.3200073242188,297.0
2024-10-25 13:09:00+00:00,ASNS,1.3200000524520874,1.3200000524520874,1.3200000524520874,1.3200000524520874,1.3200000524520874,200.0
2024-10-25 13:09:00+00:00,AUR,6.485000133514404,6.485000133514404,6.485000133514404,6.480100154876709,6.480100154876709,2317.0
2024-10-25 13:09:00+00:00,AVGO,175.67990112304688,175.67990112304688,175.67990112304688,175.6199951171875,175.6699981689453,11842.0
2024-10-25 13:09:00+00:00,BIGC,5.320000171661377,5.320000171661377,5.320000171661377,5.320000171661377,5.320000171661377,674.0
2024-10-25 13:09:00+00:00,BLZE,7.219200134277344,7.219200134277344,7.21999979019165,7.219200134277344,7.21999979019165,753.0
2024-10-25 13:09:00+00:00,BMBL,7.179999828338623,7.179999828338623,7.199999809265137,7.179999828338623,7.199999809265137,3114.0
2024-10-25 13:09:00+00:00,BSY,49.22990036010742,49.22990036010742,49.22999954223633,49.224700927734375,49.22480010986328,937.0
2024-10-25 13:09:00+00:00,CAMT,78.62000274658203,78.62000274658203,78.62000274658203,78.62000274658203,78.62000274658203,260.0
2024-10-25 13:09:00+00:00,CAN,0.9819999933242798,0.9819999933242798,0.9851999878883362,0.9819999933242798,0.9851999878883362,917.0
2024-10-25 13:09:00+00:00,CDNS,259.8900146484375,259.8900146484375,259.8999938964844,259.739990234375,259.739990234375,1864.0
2024-10-25 13:09:00+00:00,CETX,0.303600013256073,0.303600013256073,0.30480000376701355,0.303600013256073,0.30480000376701355,23011.0
2024-10-25 13:09:00+00:00,CFLT,22.594999313354492,22.594999313354492,22.595500946044922,22.579999923706055,22.59000015258789,5736.0
2024-10-25 13:09:00+00:00,CGNX,38.95000076293945,38.95000076293945,38.95000076293945,38.94499969482422,38.95000076293945,990.0
2024-10-25 13:09:00+00:00,CLSK,11.944999694824219,11.944999694824219,11.954999923706055,11.9350004196167,11.949999809265137,23307.0
2024-10-25 13:09:00+00:00,CNDT,3.615000009536743,3.615000009536743,3.615000009536743,3.615000009536743,3.615000009536743,347.0
2024-10-25 13:09:00+00:00,COHR,95.69499969482422,95.69499969482422,95.7300033569336,95.58000183105469,95.61000061035156,4026.0
2024-10-25 13:09:00+00:00,COIN,211.5399932861328,211.5399932861328,211.60000610351562,211.3300018310547,211.42999267578125,9482.0
2024-10-25 13:09:00+00:00,COMM,6.295000076293945,6.295000076293945,6.295000076293945,6.295000076293945,6.295000076293945,2402.0
2024-10-25 13:09:00+00:00,CORZ,13.425000190734863,13.425000190734863,13.425000190734863,13.399999618530273,13.404999732971191,5278.0
2024-10-25 13:09:00+00:00,CRDO,39.744998931884766,39.744998931884766,39.744998931884766,39.744998931884766,39.744998931884766,748.0
2024-10-25 13:09:00+00:00,CRNC,2.890000104904175,2.890000104904175,2.890000104904175,2.890000104904175,2.890000104904175,310.0
2024-10-25 13:09:00+00:00,CRWD,303.17999267578125,303.17999267578125,303.32000732421875,302.7699890136719,302.9690856933594,20416.0
2024-10-25 13:09:00+00:00,CSCO,55.96500015258789,55.96500015258789,55.970001220703125,55.939998626708984,55.940101623535156,9618.0
2024-10-25 13:09:00+00:00,CSIQ,13.699399948120117,13.699399948120117,13.699399948120117,13.699399948120117,13.699399948120117,711.0
2024-10-25 13:09:00+00:00,CTSH,74.93000030517578,74.93000030517578,74.93000030517578,74.86000061035156,74.86000061035156,5240.0
2024-10-25 13:09:00+00:00,DATS,1.6100000143051147,1.6100000143051147,1.6100000143051147,1.6100000143051147,1.6100000143051147,1132.0
2024-10-25 13:09:00+00:00,DBX,26.020000457763672,26.020000457763672,26.05500030517578,26.020000457763672,26.049999237060547,16341.0
2024-10-25 13:09:00+00:00,DDOG,127.44499969482422,127.44499969482422,127.44499969482422,127.44499969482422,127.44499969482422,921.0
2024-10-25 13:09:00+00:00,DGII,30.729999542236328,30.729999542236328,30.729999542236328,30.729999542236328,30.729999542236328,416.0
2024-10-25 13:09:00+00:00,DOCU,69.9000015258789,69.9000015258789,69.91000366210938,69.86000061035156,69.86000061035156,2600.0
2024-10-25 13:09:00+00:00,DUOL,290.3500061035156,290.3500061035156,290.3500061035156,290.3500061035156,290.3500061035156,677.0
2024-10-25 13:09:00+00:00,ENPH,83.1240005493164,83.1240005493164,83.1449966430664,83.06999969482422,83.0822982788086,1830.0
2024-10-25 13:09:00+00:00,ENTG,106.20500183105469,106.20500183105469,106.20500183105469,106.16000366210938,106.20500183105469,3052.0
2024-10-25 13:09:00+00:00,ERIC,8.484999656677246,8.484999656677246,8.484999656677246,8.484999656677246,8.484999656677246,15957.0
2024-10-25 13:09:00+00:00,EXFY,1.725000023841858,1.725000023841858,1.725000023841858,1.7204999923706055,1.7204999923706055,2568.0
2024-10-25 13:09:00+00:00,EXLS,38.93000030517578,38.93000030517578,38.93000030517578,38.93000030517578,38.93000030517578,456.0
2024-10-25 13:09:00+00:00,EXTR,14.475000381469727,14.475000381469727,14.475000381469727,14.475000381469727,14.475000381469727,122.0
2024-10-25 13:09:00+00:00,FIVN,29.84000015258789,29.84000015258789,29.84000015258789,29.829999923706055,29.829999923706055,651.0
2024-10-25 13:09:00+00:00,FLEX,35.2599983215332,35.2599983215332,35.2599983215332,35.2400016784668,35.2400016784668,1861.0
2024-10-25 13:09:00+00:00,FLYW,17.489999771118164,17.489999771118164,17.489999771118164,17.489999771118164,17.489999771118164,193.0
2024-10-25 13:09:00+00:00,FORM,45.27000045776367,45.27000045776367,45.279998779296875,45.2599983215332,45.2599983215332,1281.0
2024-10-25 13:09:00+00:00,FROG,29.440000534057617,29.440000534057617,29.440000534057617,29.43000030517578,29.43000030517578,1485.0
2024-10-25 13:09:00+00:00,FRSH,11.654999732971191,11.654999732971191,11.654999732971191,11.649999618530273,11.649999618530273,586.0
2024-10-25 13:09:00+00:00,FSLR,198.8699951171875,198.8699951171875,198.97999572753906,198.8699951171875,198.97999572753906,5064.0
2024-10-25 13:09:00+00:00,FTNT,81.11000061035156,81.11000061035156,81.12000274658203,81.0999984741211,81.0999984741211,1123.0
2024-10-25 13:09:00+00:00,GCT,24.850000381469727,24.850000381469727,24.850000381469727,24.83989906311035,24.83989906311035,3701.0
2024-10-25 13:09:00+00:00,GDS,21.459999084472656,21.459999084472656,21.5049991607666,21.450000762939453,21.5049991607666,1336.0
2024-10-25 13:09:00+00:00,GFS,41.20000076293945,41.20000076293945,41.20000076293945,41.20000076293945,41.20000076293945,1408.0
2024-10-25 13:09:00+00:00,GILT,4.945000171661377,4.945000171661377,4.945000171661377,4.945000171661377,4.945000171661377,108.0
2024-10-25 13:09:00+00:00,GPRO,1.3301000595092773,1.3301000595092773,1.3301000595092773,1.3301000595092773,1.3301000595092773,219.0
2024-10-25 13:09:00+00:00,GRAB,4.1016998291015625,4.1016998291015625,4.105000019073486,4.1016998291015625,4.105000019073486,3413.0
2024-10-25 13:09:00+00:00,GTLB,55.51499938964844,55.51499938964844,55.51750183105469,55.51499938964844,55.51750183105469,373.0
2024-10-25 13:09:00+00:00,HCP,33.665000915527344,33.665000915527344,33.66999816894531,33.665000915527344,33.665000915527344,2557.0
2024-10-25 13:09:00+00:00,HLIT,14.8100004196167,14.8100004196167,14.8100004196167,14.8100004196167,14.8100004196167,706.0
2024-10-25 13:09:00+00:00,HOLO,3.5999999046325684,3.5999999046325684,3.6050000190734863,3.5908000469207764,3.6050000190734863,6153.0
2024-10-25 13:09:00+00:00,HOOD,27.361600875854492,27.361600875854492,27.375,27.361099243164062,27.375,14633.0
2024-10-25 13:09:00+00:00,INDI,3.555000066757202,3.555000066757202,3.555000066757202,3.555000066757202,3.555000066757202,644.0
2024-10-25 13:09:00+00:00,INOD,20.309999465942383,20.309999465942383,20.309999465942383,20.309999465942383,20.309999465942383,452.0
2024-10-25 13:09:00+00:00,INSG,20.270000457763672,20.270000457763672,20.270000457763672,20.270000457763672,20.270000457763672,200.0
2024-10-25 13:09:00+00:00,INTA,50.06999969482422,50.06999969482422,50.06999969482422,50.06999969482422,50.06999969482422,1039.0
2024-10-25 13:09:00+00:00,INTC,23.104999542236328,23.104999542236328,23.104999542236328,23.079999923706055,23.09000015258789,48195.0
2024-10-25 13:09:00+00:00,INTU,612.2349853515625,612.2349853515625,612.2349853515625,611.9000244140625,612.0900268554688,1772.0
2024-10-25 13:09:00+00:00,ITI,7.190000057220459,7.190000057220459,7.190000057220459,7.190000057220459,7.190000057220459,150.0
2024-10-25 13:09:00+00:00,JAMF,16.78499984741211,16.78499984741211,16.78499984741211,16.78499984741211,16.78499984741211,116.0
2024-10-25 13:09:00+00:00,KC,2.7249999046325684,2.7249999046325684,2.7249999046325684,2.7249999046325684,2.7249999046325684,216.0
2024-10-25 13:09:00+00:00,KOSS,7.368000030517578,7.368000030517578,7.368000030517578,7.368000030517578,7.368000030517578,172.0
2024-10-25 13:09:00+00:00,LASR,10.430000305175781,10.430000305175781,10.430000305175781,10.430000305175781,10.430000305175781,401.0
2024-10-25 13:09:00+00:00,LFUS,254.6300048828125,254.6300048828125,254.6300048828125,254.6300048828125,254.6300048828125,413.0
2024-10-25 13:09:00+00:00,LINK,4.991499900817871,4.991499900817871,5.0,4.991499900817871,5.0,2580.0
2024-10-25 13:09:00+00:00,LITE,64.08000183105469,64.08000183105469,64.08000183105469,64.08000183105469,64.08000183105469,420.0
2024-10-25 13:09:00+00:00,LOGI,81.02999877929688,81.02999877929688,81.02999877929688,81.01000213623047,81.0199966430664,569.0
2024-10-25 13:09:00+00:00,LRCX,79.2300033569336,79.2300033569336,79.25,79.18000030517578,79.18000030517578,22501.0
2024-10-25 13:09:00+00:00,LSCC,54.66999816894531,54.66999816894531,54.68000030517578,54.630001068115234,54.63999938964844,3492.0
2024-10-25 13:09:00+00:00,LYFT,13.789999961853027,13.789999961853027,13.789999961853027,13.781999588012695,13.789999961853027,3656.0
2024-10-25 13:09:00+00:00,MAPS,0.8513000011444092,0.8513000011444092,0.8513000011444092,0.8422999978065491,0.8422999978065491,441.0
2024-10-25 13:09:00+00:00,MCHP,77.30000305175781,77.30000305175781,77.30000305175781,77.27999877929688,77.27999877929688,3527.0
2024-10-25 13:09:00+00:00,MDB,268.0199890136719,268.0199890136719,268.0249938964844,268.0199890136719,268.0249938964844,816.0
2024-10-25 13:09:00+00:00,MKSI,101.69000244140625,101.69000244140625,101.69000244140625,101.62000274658203,101.62000274658203,1249.0
2024-10-25 13:09:00+00:00,MKTW,0.5871000289916992,0.5871000289916992,0.5871000289916992,0.5871000289916992,0.5871000289916992,622.0
2024-10-25 13:09:00+00:00,MPWR,923.5999755859375,923.5999755859375,923.5999755859375,922.7949829101562,922.7949829101562,977.0
2024-10-25 13:09:00+00:00,MRVL,83.33999633789062,83.33999633789062,83.33999633789062,83.27999877929688,83.27999877929688,14375.0
2024-10-25 13:09:00+00:00,MSFT,430.43499755859375,430.43499755859375,430.4599914550781,430.3302917480469,430.3374938964844,6087.0
2024-10-25 13:09:00+00:00,MSTR,242.53799438476562,242.53799438476562,242.6999053955078,242.2017059326172,242.4550018310547,22133.0
2024-10-25 13:09:00+00:00,MTC,0.3714999854564667,0.3714999854564667,0.3714999854564667,0.37139999866485596,0.3714999854564667,4296.0
2024-10-25 13:09:00+00:00,MTSI,120.94999694824219,120.94999694824219,120.95999908447266,120.94999694824219,120.95999908447266,415.0
2024-10-25 13:09:00+00:00,MTTR,4.614999771118164,4.614999771118164,4.614999771118164,4.614999771118164,4.614999771118164,2298.0
2024-10-25 13:09:00+00:00,MU,108.90640258789062,108.90640258789062,108.94000244140625,108.86499786376953,108.86499786376953,7058.0
2024-10-25 13:09:00+00:00,MVIS,1.0850000381469727,1.0850000381469727,1.0850000381469727,1.0800000429153442,1.0800000429153442,2648.0
2024-10-25 13:09:00+00:00,MXL,14.989999771118164,14.989999771118164,14.989999771118164,14.989999771118164,14.989999771118164,874.0
2024-10-25 13:09:00+00:00,NNDM,2.32069993019104,2.32069993019104,2.32450008392334,2.32069993019104,2.32450008392334,1000.0
2024-10-25 13:09:00+00:00,NTAP,120.19999694824219,120.19999694824219,120.2020034790039,120.19000244140625,120.2020034790039,1463.0
2024-10-25 13:09:00+00:00,NTCT,20.770000457763672,20.770000457763672,20.770000457763672,20.770000457763672,20.770000457763672,238.0
2024-10-25 13:09:00+00:00,NTNX,62.27000045776367,62.27000045776367,62.27000045776367,62.2599983215332,62.2599983215332,1660.0
2024-10-25 13:09:00+00:00,NVDA,143.4550018310547,143.4550018310547,143.4716033935547,143.39999389648438,143.46499633789062,211899.0
2024-10-25 13:09:00+00:00,NXPI,245.85499572753906,245.85499572753906,245.9199981689453,245.80850219726562,245.80850219726562,6445.0
2024-10-25 13:09:00+00:00,NXPL,1.100000023841858,1.100000023841858,1.100000023841858,1.100000023841858,1.100000023841858,304.0
2024-10-25 13:09:00+00:00,OKTA,72.5,72.5,72.5,72.48999786376953,72.48999786376953,335.0
2024-10-25 13:09:00+00:00,ON,72.05999755859375,72.05999755859375,72.05999755859375,72.01000213623047,72.03500366210938,8923.0
2024-10-25 13:09:00+00:00,PANW,369.55499267578125,369.55499267578125,369.55499267578125,369.3900146484375,369.3900146484375,2353.0
2024-10-25 13:09:00+00:00,PAYO,8.3149995803833,8.3149995803833,8.3149995803833,8.3149995803833,8.3149995803833,1084.0
2024-10-25 13:09:00+00:00,PAYS,3.75,3.75,3.75,3.75,3.75,102.0
2024-10-25 13:09:00+00:00,PEGY,4.702499866485596,4.702499866485596,4.702499866485596,4.702499866485596,4.702499866485596,227.0
2024-10-25 13:09:00+00:00,PGY,11.880000114440918,11.880000114440918,11.880000114440918,11.869999885559082,11.880000114440918,1193.0
2024-10-25 13:09:00+00:00,PHUN,10.289999961853027,10.289999961853027,10.319999694824219,10.270000457763672,10.274999618530273,72166.0
2024-10-25 13:09:00+00:00,PLAB,23.75,23.75,23.75,23.75,23.75,992.0
2024-10-25 13:09:00+00:00,PLXS,142.55999755859375,142.55999755859375,142.5800018310547,142.55999755859375,142.5800018310547,1179.0
2024-10-25 13:09:00+00:00,POET,3.875,3.875,3.884000062942505,3.875,3.884000062942505,1628.0
2024-10-25 13:09:00+00:00,PRCH,1.315000057220459,1.315000057220459,1.315000057220459,1.3140000104904175,1.3140000104904175,1348.0
2024-10-25 13:09:00+00:00,PTC,186.89999389648438,186.89999389648438,186.89999389648438,186.89999389648438,186.89999389648438,310.0
2024-10-25 13:09:00+00:00,PUBM,14.829999923706055,14.829999923706055,14.829999923706055,14.829999923706055,14.829999923706055,701.0
2024-10-25 13:09:00+00:00,PYCR,14.34000015258789,14.34000015258789,14.34000015258789,14.329999923706055,14.329999923706055,251.0
2024-10-25 13:09:00+00:00,QCOM,172.78500366210938,172.78500366210938,172.78500366210938,172.71499633789062,172.71499633789062,3046.0
2024-10-25 13:09:00+00:00,QRVO,100.6500015258789,100.6500015258789,100.6500015258789,100.6500015258789,100.6500015258789,1952.0
2024-10-25 13:09:00+00:00,QUBT,1.0750000476837158,1.0750000476837158,1.0750000476837158,1.0750000476837158,1.0750000476837158,224.0
2024-10-25 13:09:00+00:00,RCAT,2.7664999961853027,2.7664999961853027,2.7664999961853027,2.765000104904175,2.765000104904175,909.0
2024-10-25 13:09:00+00:00,REKR,1.0950000286102295,1.0950000286102295,1.0950000286102295,1.090999960899353,1.090999960899353,606.0
2024-10-25 13:09:00+00:00,RELY,14.850000381469727,14.850000381469727,14.850000381469727,14.850000381469727,14.850000381469727,762.0
2024-10-25 13:09:00+00:00,RGTI,1.2299000024795532,1.2299000024795532,1.2300000190734863,1.2297999858856201,1.2300000190734863,5048.0
2024-10-25 13:09:00+00:00,RIOT,10.0423002243042,10.0423002243042,10.050000190734863,10.04010009765625,10.041899681091309,26270.0
2024-10-25 13:09:00+00:00,RMBS,43.68000030517578,43.68000030517578,43.70000076293945,43.65999984741211,43.65999984741211,1007.0
2024-10-25 13:09:00+00:00,RMNI,1.725000023841858,1.725000023841858,1.725000023841858,1.725000023841858,1.725000023841858,221.0
2024-10-25 13:09:00+00:00,RUM,5.75,5.75,5.75,5.744999885559082,5.745999813079834,1251.0
2024-10-25 13:09:00+00:00,RUN,14.3149995803833,14.3149995803833,14.3149995803833,14.3149995803833,14.3149995803833,1086.0
2024-10-25 13:09:00+00:00,SATS,25.139999389648438,25.139999389648438,25.149999618530273,25.139999389648438,25.149999618530273,838.0
2024-10-25 13:09:00+00:00,SCSC,44.810001373291016,44.810001373291016,44.810001373291016,44.810001373291016,44.810001373291016,106.0
2024-10-25 13:09:00+00:00,SEDG,16.020000457763672,16.020000457763672,16.040000915527344,16.020000457763672,16.020000457763672,2613.0
2024-10-25 13:09:00+00:00,SHLS,5.269999980926514,5.269999980926514,5.269999980926514,5.269999980926514,5.269999980926514,1597.0
2024-10-25 13:09:00+00:00,SITM,183.82000732421875,183.82000732421875,184.0,183.3800048828125,183.3800048828125,1208.0
2024-10-25 13:09:00+00:00,SLNH,4.166399955749512,4.166399955749512,4.166399955749512,4.133200168609619,4.133200168609619,513.0
2024-10-25 13:09:00+00:00,SMCI,47.61600112915039,47.61600112915039,47.65999984741211,47.59000015258789,47.63959884643555,69117.0
2024-10-25 13:09:00+00:00,SMTC,46.03310012817383,46.03310012817383,46.03310012817383,46.03310012817383,46.03310012817383,633.0
2024-10-25 13:09:00+00:00,SNPS,505.17999267578125,505.17999267578125,505.17999267578125,504.993896484375,504.993896484375,393.0
2024-10-25 13:09:00+00:00,SOUN,5.235000133514404,5.235000133514404,5.249000072479248,5.235000133514404,5.239999771118164,46253.0
2024-10-25 13:09:00+00:00,SRAD,12.395000457763672,12.395000457763672,12.399999618530273,12.390000343322754,12.390000343322754,1008.0
2024-10-25 13:09:00+00:00,SSNC,69.5291976928711,69.5291976928711,69.53399658203125,69.5291976928711,69.52999877929688,3212.0
2024-10-25 13:09:00+00:00,STER,16.739999771118164,16.739999771118164,16.739999771118164,16.739999771118164,16.739999771118164,429.0
2024-10-25 13:09:00+00:00,STNE,11.494999885559082,11.494999885559082,11.5,11.494999885559082,11.5,2315.0
2024-10-25 13:09:00+00:00,STX,104.05000305175781,104.05000305175781,104.05000305175781,104.05000305175781,104.05000305175781,731.0
2024-10-25 13:09:00+00:00,SWKS,96.70999908447266,96.70999908447266,96.70999908447266,96.68000030517578,96.68000030517578,670.0
2024-10-25 13:09:00+00:00,TENB,41.720001220703125,41.720001220703125,41.720001220703125,41.689998626708984,41.689998626708984,3126.0
2024-10-25 13:09:00+00:00,TER,113.26499938964844,113.26499938964844,113.29000091552734,113.25,113.26000213623047,5349.0
2024-10-25 13:09:00+00:00,TLS,3.6549999713897705,3.6549999713897705,3.6549999713897705,3.6500000953674316,3.6549999713897705,830.0
2024-10-25 13:09:00+00:00,TRMB,61.09000015258789,61.09000015258789,61.09000015258789,61.09000015258789,61.09000015258789,113.0
2024-10-25 13:09:00+00:00,TTD,119.29000091552734,119.29000091552734,119.29000091552734,119.27999877929688,119.27999877929688,1574.0
2024-10-25 13:09:00+00:00,TTMI,19.540000915527344,19.540000915527344,19.540000915527344,19.530000686645508,19.530000686645508,831.0
2024-10-25 13:09:00+00:00,TWKS,4.449999809265137,4.449999809265137,4.449999809265137,4.449999809265137,4.449999809265137,1964.0
2024-10-25 13:09:00+00:00,TXN,209.14999389648438,209.14999389648438,209.14999389648438,209.10000610351562,209.11000061035156,3793.0
2024-10-25 13:09:00+00:00,UCTT,36.040000915527344,36.040000915527344,36.04999923706055,36.040000915527344,36.04999923706055,1009.0
2024-10-25 13:09:00+00:00,VECO,29.600000381469727,29.600000381469727,29.600000381469727,29.579999923706055,29.579999923706055,1978.0
2024-10-25 13:09:00+00:00,VIAV,9.255000114440918,9.255000114440918,9.260000228881836,9.255000114440918,9.260000228881836,449.0
2024-10-25 13:09:00+00:00,VICR,46.54999923706055,46.54999923706055,46.54999923706055,46.54999923706055,46.54999923706055,143.0
2024-10-25 13:09:00+00:00,VNET,3.4649999141693115,3.4649999141693115,3.4649999141693115,3.4649999141693115,3.4649999141693115,640.0
2024-10-25 13:09:00+00:00,VRNS,57.13119888305664,57.13119888305664,57.13999938964844,57.119998931884766,57.119998931884766,1164.0
2024-10-25 13:09:00+00:00,VRNT,22.219999313354492,22.219999313354492,22.219999313354492,22.219999313354492,22.219999313354492,1018.0
2024-10-25 13:09:00+00:00,VRSN,185.32000732421875,185.32000732421875,185.44000244140625,185.32000732421875,185.41000366210938,2832.0
2024-10-25 13:09:00+00:00,WDAY,239.76499938964844,239.76499938964844,239.76499938964844,239.76499938964844,239.76499938964844,722.0
2024-10-25 13:09:00+00:00,WDC,70.9749984741211,70.9749984741211,71.01499938964844,70.94000244140625,70.94000244140625,29743.0
2024-10-25 13:09:00+00:00,WISA,1.9950000047683716,1.9950000047683716,2.0,1.9901000261306763,1.9958000183105469,13556.0
2024-10-25 13:09:00+00:00,XPER,9.425000190734863,9.425000190734863,9.425000190734863,9.425000190734863,9.425000190734863,470.0
2024-10-25 13:09:00+00:00,XRX,10.020000457763672,10.020000457763672,10.024999618530273,10.020000457763672,10.024999618530273,582.0
2024-10-25 13:09:00+00:00,ZI,10.5600004196167,10.5600004196167,10.5600004196167,10.539999961853027,10.539999961853027,6059.0
2024-10-25 13:09:00+00:00,ZM,73.17500305175781,73.17500305175781,73.18000030517578,73.16000366210938,73.16999816894531,4643.0
2024-10-25 13:09:00+00:00,ZS,185.86000061035156,185.86000061035156,185.97999572753906,185.86000061035156,185.94000244140625,1655.0
2024-10-25 13:10:00+00:00,AAOI,17.90999984741211,17.90999984741211,17.90999984741211,17.90999984741211,17.90999984741211,413.0
2024-10-25 13:10:00+00:00,AAPL,232.41000366210938,232.41000366210938,232.49139404296875,232.39010620117188,232.47999572753906,44142.0
2024-10-25 13:10:00+00:00,ACLS,90.52999877929688,90.52999877929688,90.62999725341797,90.43000030517578,90.62999725341797,6768.0
2024-10-25 13:10:00+00:00,ADBE,485.31500244140625,485.31500244140625,485.5899963378906,485.31500244140625,485.5899963378906,1490.0
2024-10-25 13:10:00+00:00,ADSK,286.9800109863281,286.9800109863281,287.1400146484375,286.9800109863281,287.1400146484375,1545.0
2024-10-25 13:10:00+00:00,AEHR,17.274999618530273,17.274999618530273,17.274999618530273,17.274999618530273,17.274999618530273,1054.0
2024-10-25 13:10:00+00:00,AFRM,41.72999954223633,41.72999954223633,41.777099609375,41.72999954223633,41.768001556396484,2035.0
2024-10-25 13:10:00+00:00,AKAM,102.75,102.75,102.79000091552734,102.75,102.7699966430664,1814.0
2024-10-25 13:10:00+00:00,AKTS,0.057100001722574234,0.057100001722574234,0.057100001722574234,0.05700000002980232,0.057100001722574234,156937.0
2024-10-25 13:10:00+00:00,ALGM,23.100000381469727,23.100000381469727,23.100000381469727,23.079999923706055,23.079999923706055,2249.0
2024-10-25 13:10:00+00:00,AMAT,188.75,188.75,188.80999755859375,188.6999969482422,188.80499267578125,4461.0
2024-10-25 13:10:00+00:00,AMBA,58.56999969482422,58.56999969482422,58.56999969482422,58.56999969482422,58.56999969482422,711.0
2024-10-25 13:10:00+00:00,AMD,157.82000732421875,157.82000732421875,157.9250030517578,157.80999755859375,157.9102020263672,22253.0
2024-10-25 13:10:00+00:00,AMKR,30.1200008392334,30.1200008392334,30.1200008392334,30.11199951171875,30.1200008392334,2387.0
2024-10-25 13:10:00+00:00,ANSS,325.510009765625,325.510009765625,325.510009765625,325.510009765625,325.510009765625,156.0
2024-10-25 13:10:00+00:00,ANY,1.059999942779541,1.059999942779541,1.059999942779541,1.0549999475479126,1.0549999475479126,20301.0
2024-10-25 13:10:00+00:00,API,2.9000000953674316,2.9000000953674316,2.9000000953674316,2.9000000953674316,2.9000000953674316,3070.0
2024-10-25 13:10:00+00:00,APP,161.64700317382812,161.64700317382812,161.66000366210938,161.64700317382812,161.648193359375,1351.0
2024-10-25 13:10:00+00:00,APPN,32.084999084472656,32.084999084472656,32.084999084472656,32.084999084472656,32.084999084472656,341.0
2024-10-25 13:10:00+00:00,APPS,3.0739998817443848,3.0739998817443848,3.0739998817443848,3.0739998817443848,3.0739998817443848,405.0
2024-10-25 13:10:00+00:00,ARRY,6.429999828338623,6.429999828338623,6.449999809265137,6.429999828338623,6.449999809265137,5669.0
2024-10-25 13:10:00+00:00,ASML,719.3800048828125,719.3800048828125,719.5900268554688,719.0599975585938,719.5299072265625,3940.0
2024-10-25 13:10:00+00:00,ASNS,1.3200000524520874,1.3200000524520874,1.320099949836731,1.3200000524520874,1.3200000524520874,3786.0
2024-10-25 13:10:00+00:00,AUR,6.489500045776367,6.489500045776367,6.489500045776367,6.480000019073486,6.480000019073486,4729.0
2024-10-25 13:10:00+00:00,AVDX,8.149999618530273,8.149999618530273,8.149999618530273,8.149999618530273,8.149999618530273,373.0
2024-10-25 13:10:00+00:00,AVGO,175.6199951171875,175.6199951171875,175.6649932861328,175.5800018310547,175.6649932861328,11132.0
2024-10-25 13:10:00+00:00,AVPT,11.989999771118164,11.989999771118164,11.989999771118164,11.989999771118164,11.989999771118164,748.0
2024-10-25 13:10:00+00:00,AVT,54.01499938964844,54.01499938964844,54.02000045776367,54.01499938964844,54.01499938964844,2425.0
2024-10-25 13:10:00+00:00,BASE,16.3799991607666,16.3799991607666,16.3799991607666,16.3799991607666,16.3799991607666,851.0
2024-10-25 13:10:00+00:00,BMBL,7.179999828338623,7.179999828338623,7.180099964141846,7.179999828338623,7.179999828338623,2606.0
2024-10-25 13:10:00+00:00,BSY,49.24290084838867,49.24290084838867,49.269901275634766,49.24290084838867,49.269901275634766,983.0
2024-10-25 13:10:00+00:00,CAN,0.9824000000953674,0.9824000000953674,0.9833999872207642,0.9819999933242798,0.9833999872207642,27759.0
2024-10-25 13:10:00+00:00,CDNS,259.70001220703125,259.70001220703125,259.9700012207031,259.70001220703125,259.9700012207031,3526.0
2024-10-25 13:10:00+00:00,CDW,219.9949951171875,219.9949951171875,219.9949951171875,219.9949951171875,219.9949951171875,1157.0
2024-10-25 13:10:00+00:00,CETX,0.30469998717308044,0.30469998717308044,0.305400013923645,0.30469998717308044,0.30480000376701355,0.0
2024-10-25 13:10:00+00:00,CFLT,22.59000015258789,22.59000015258789,22.59000015258789,22.59000015258789,22.59000015258789,1715.0
2024-10-25 13:10:00+00:00,CLBT,18.190000534057617,18.190000534057617,18.190000534057617,18.190000534057617,18.190000534057617,335.0
2024-10-25 13:10:00+00:00,CLSK,11.9399995803833,11.9399995803833,11.95989990234375,11.9399995803833,11.944999694824219,16678.0
2024-10-25 13:10:00+00:00,CMTL,3.7207999229431152,3.7207999229431152,3.7207999229431152,3.7207999229431152,3.7207999229431152,656.0
2024-10-25 13:10:00+00:00,CNXC,44.9900016784668,44.9900016784668,44.9900016784668,44.900001525878906,44.900001525878906,2766.0
2024-10-25 13:10:00+00:00,COHR,95.69999694824219,95.69999694824219,95.69999694824219,95.69999694824219,95.69999694824219,1157.0
2024-10-25 13:10:00+00:00,COIN,211.55999755859375,211.55999755859375,211.60000610351562,211.30999755859375,211.5399932861328,6704.0
2024-10-25 13:10:00+00:00,COMM,6.295000076293945,6.295000076293945,6.295000076293945,6.295000076293945,6.295000076293945,985.0
2024-10-25 13:10:00+00:00,CORZ,13.425000190734863,13.425000190734863,13.425000190734863,13.420299530029297,13.425000190734863,2602.0
2024-10-25 13:10:00+00:00,CORZW,7.909900188446045,7.909900188446045,7.909999847412109,7.909900188446045,7.909999847412109,302.0
2024-10-25 13:10:00+00:00,CRCT,6.619999885559082,6.619999885559082,6.619999885559082,6.610000133514404,6.610000133514404,1078.0
2024-10-25 13:10:00+00:00,CRDO,39.744998931884766,39.744998931884766,39.744998931884766,39.744998931884766,39.744998931884766,287.0
2024-10-25 13:10:00+00:00,CRSR,6.389999866485596,6.389999866485596,6.389999866485596,6.389999866485596,6.389999866485596,309.0
2024-10-25 13:10:00+00:00,CRWD,302.8500061035156,302.8500061035156,303.739990234375,302.45001220703125,303.01251220703125,21254.0
2024-10-25 13:10:00+00:00,CSCO,55.935001373291016,55.935001373291016,55.959999084472656,55.935001373291016,55.959999084472656,3731.0
2024-10-25 13:10:00+00:00,CSIQ,13.6899995803833,13.6899995803833,13.6899995803833,13.6899995803833,13.6899995803833,393.0
2024-10-25 13:10:00+00:00,CTSH,74.88999938964844,74.88999938964844,74.91999816894531,74.88999938964844,74.91999816894531,1878.0
2024-10-25 13:10:00+00:00,CVLT,134.50999450683594,134.50999450683594,134.50999450683594,134.50999450683594,134.50999450683594,277.0
2024-10-25 13:10:00+00:00,CYBR,291.864990234375,291.864990234375,291.864990234375,291.7300109863281,291.7300109863281,1612.0
2024-10-25 13:10:00+00:00,DAVE,39.41999816894531,39.41999816894531,39.41999816894531,39.41999816894531,39.41999816894531,619.0
2024-10-25 13:10:00+00:00,DBX,26.014999389648438,26.014999389648438,26.024999618530273,26.014999389648438,26.024999618530273,4170.0
2024-10-25 13:10:00+00:00,DDOG,127.44000244140625,127.44000244140625,127.44000244140625,127.43000030517578,127.44000244140625,966.0
2024-10-25 13:10:00+00:00,DLO,8.883999824523926,8.883999824523926,8.885000228881836,8.883999824523926,8.885000228881836,1012.0
2024-10-25 13:10:00+00:00,DOCU,69.81999969482422,69.81999969482422,69.91000366210938,69.81999969482422,69.91000366210938,7612.0
2024-10-25 13:10:00+00:00,ENPH,82.89009857177734,82.89009857177734,83.12999725341797,82.89009857177734,83.12999725341797,3130.0
2024-10-25 13:10:00+00:00,ENTG,106.11000061035156,106.11000061035156,106.20999908447266,106.09500122070312,106.20999908447266,2738.0
2024-10-25 13:10:00+00:00,ERIC,8.484999656677246,8.484999656677246,8.484999656677246,8.484999656677246,8.484999656677246,2060.0
2024-10-25 13:10:00+00:00,EXFY,1.7300000190734863,1.7300000190734863,1.7300000190734863,1.7300000190734863,1.7300000190734863,0.0
2024-10-25 13:10:00+00:00,EXTR,14.479999542236328,14.479999542236328,14.479999542236328,14.479999542236328,14.479999542236328,917.0
2024-10-25 13:10:00+00:00,FIVN,29.829999923706055,29.829999923706055,29.829999923706055,29.829999923706055,29.829999923706055,342.0
2024-10-25 13:10:00+00:00,FLEX,35.2599983215332,35.2599983215332,35.27000045776367,35.2599983215332,35.27000045776367,894.0
2024-10-25 13:10:00+00:00,FORM,45.290000915527344,45.290000915527344,45.290000915527344,45.290000915527344,45.290000915527344,301.0
2024-10-25 13:10:00+00:00,FROG,29.40999984741211,29.40999984741211,29.40999984741211,29.40999984741211,29.40999984741211,557.0
2024-10-25 13:10:00+00:00,FRSH,11.654999732971191,11.654999732971191,11.654999732971191,11.649999618530273,11.654999732971191,6486.0
2024-10-25 13:10:00+00:00,FSLR,198.6999969482422,198.6999969482422,198.7899932861328,198.69000244140625,198.7899932861328,1810.0
2024-10-25 13:10:00+00:00,FTCI,0.6610000133514404,0.6610000133514404,0.6610000133514404,0.6610000133514404,0.6610000133514404,957.0
2024-10-25 13:10:00+00:00,FTNT,81.12000274658203,81.12000274658203,81.12000274658203,81.11000061035156,81.12000274658203,1534.0
2024-10-25 13:10:00+00:00,GCT,24.829999923706055,24.829999923706055,24.829999923706055,24.829999923706055,24.829999923706055,974.0
2024-10-25 13:10:00+00:00,GDS,21.450000762939453,21.450000762939453,21.450000762939453,21.450000762939453,21.450000762939453,835.0
2024-10-25 13:10:00+00:00,GPRO,1.3350000381469727,1.3350000381469727,1.340000033378601,1.3350000381469727,1.3350000381469727,3597.0
2024-10-25 13:10:00+00:00,GRAB,4.105000019073486,4.105000019073486,4.105000019073486,4.099999904632568,4.105000019073486,3965.0
2024-10-25 13:10:00+00:00,GTLB,55.47999954223633,55.47999954223633,55.502498626708984,55.47999954223633,55.502498626708984,1186.0
2024-10-25 13:10:00+00:00,GVP,4.610000133514404,4.610000133514404,4.610000133514404,4.610000133514404,4.610000133514404,0.0
2024-10-25 13:10:00+00:00,HCP,33.66999816894531,33.66999816894531,33.66999816894531,33.665000915527344,33.665000915527344,326.0
2024-10-25 13:10:00+00:00,HIMX,6.190000057220459,6.190000057220459,6.190000057220459,6.190000057220459,6.190000057220459,1717.0
2024-10-25 13:10:00+00:00,HLIT,14.8100004196167,14.8100004196167,14.8100004196167,14.8100004196167,14.8100004196167,315.0
2024-10-25 13:10:00+00:00,HOLO,3.5850000381469727,3.5850000381469727,3.5999999046325684,3.5799999237060547,3.5999999046325684,8203.0
2024-10-25 13:10:00+00:00,HOOD,27.364999771118164,27.364999771118164,27.364999771118164,27.360000610351562,27.360300064086914,5104.0
2024-10-25 13:10:00+00:00,HTCR,1.0549999475479126,1.0549999475479126,1.0549999475479126,1.0549999475479126,1.0549999475479126,10200.0
2024-10-25 13:10:00+00:00,ICHR,27.815000534057617,27.815000534057617,27.815000534057617,27.815000534057617,27.815000534057617,224.0
2024-10-25 13:10:00+00:00,IMMR,8.729999542236328,8.729999542236328,8.729999542236328,8.729999542236328,8.729999542236328,358.0
2024-10-25 13:10:00+00:00,INDI,3.555000066757202,3.555000066757202,3.559999942779541,3.553999900817871,3.553999900817871,3211.0
2024-10-25 13:10:00+00:00,INSG,20.225000381469727,20.225000381469727,20.225000381469727,20.225000381469727,20.225000381469727,249.0
2024-10-25 13:10:00+00:00,INTC,23.094999313354492,23.094999313354492,23.104999542236328,23.09000015258789,23.1023006439209,48310.0
2024-10-25 13:10:00+00:00,INTU,611.760009765625,611.760009765625,611.9550170898438,611.760009765625,611.9299926757812,2349.0
2024-10-25 13:10:00+00:00,ITI,7.190000057220459,7.190000057220459,7.199999809265137,7.190000057220459,7.199999809265137,240.0
2024-10-25 13:10:00+00:00,JAMF,16.780000686645508,16.780000686645508,16.78499984741211,16.780000686645508,16.78499984741211,649.0
2024-10-25 13:10:00+00:00,KC,2.7249999046325684,2.7249999046325684,2.7249999046325684,2.7249999046325684,2.7249999046325684,107.0
2024-10-25 13:10:00+00:00,LINK,5.010000228881836,5.010000228881836,5.010000228881836,5.010000228881836,5.010000228881836,4292.0
2024-10-25 13:10:00+00:00,LITE,64.05000305175781,64.05000305175781,64.05000305175781,64.05000305175781,64.05000305175781,956.0
2024-10-25 13:10:00+00:00,LOGI,81.01000213623047,81.01000213623047,81.01000213623047,81.01000213623047,81.01000213623047,262.0
2024-10-25 13:10:00+00:00,LRCX,79.18000030517578,79.18000030517578,79.25499725341797,79.18000030517578,79.24500274658203,17474.0
2024-10-25 13:10:00+00:00,LSCC,54.66999816894531,54.66999816894531,54.66999816894531,54.619998931884766,54.65999984741211,7818.0
2024-10-25 13:10:00+00:00,LYFT,13.779999732971191,13.779999732971191,13.78499984741211,13.779999732971191,13.782400131225586,11127.0
2024-10-25 13:10:00+00:00,MCHP,77.27999877929688,77.27999877929688,77.30999755859375,77.27999877929688,77.30999755859375,5386.0
2024-10-25 13:10:00+00:00,MDB,267.9700012207031,267.9700012207031,267.9700012207031,267.9700012207031,267.9700012207031,1098.0
2024-10-25 13:10:00+00:00,MKSI,101.6500015258789,101.6500015258789,101.6500015258789,101.6500015258789,101.6500015258789,375.0
2024-10-25 13:10:00+00:00,MLAB,114.08000183105469,114.08000183105469,114.08000183105469,114.08000183105469,114.08000183105469,1082.0
2024-10-25 13:10:00+00:00,MPWR,924.010009765625,924.010009765625,924.010009765625,924.010009765625,924.010009765625,1235.0
2024-10-25 13:10:00+00:00,MQ,5.289999961853027,5.289999961853027,5.289999961853027,5.289999961853027,5.289999961853027,435.0
2024-10-25 13:10:00+00:00,MRVL,83.29000091552734,83.29000091552734,83.33000183105469,83.26499938964844,83.33000183105469,12949.0
2024-10-25 13:10:00+00:00,MSFT,430.1499938964844,430.1499938964844,430.43499755859375,430.1400146484375,430.43499755859375,20232.0
2024-10-25 13:10:00+00:00,MSTR,243.08999633789062,243.08999633789062,243.17999267578125,242.5500030517578,242.61000061035156,53073.0
2024-10-25 13:10:00+00:00,MTTR,4.614999771118164,4.614999771118164,4.614999771118164,4.614999771118164,4.614999771118164,3115.0
2024-10-25 13:10:00+00:00,MU,108.8499984741211,108.8499984741211,108.9000015258789,108.83070373535156,108.9000015258789,10740.0
2024-10-25 13:10:00+00:00,MXL,14.970000267028809,14.970000267028809,14.970000267028809,14.970000267028809,14.970000267028809,1106.0
2024-10-25 13:10:00+00:00,NCNO,37.810001373291016,37.810001373291016,37.810001373291016,37.79999923706055,37.79999923706055,745.0
2024-10-25 13:10:00+00:00,NTAP,120.15499877929688,120.15499877929688,120.18000030517578,120.1500015258789,120.18000030517578,1692.0
2024-10-25 13:10:00+00:00,NTCT,20.81999969482422,20.81999969482422,20.81999969482422,20.780000686645508,20.780000686645508,1742.0
2024-10-25 13:10:00+00:00,NTNX,62.290000915527344,62.290000915527344,62.290000915527344,62.290000915527344,62.290000915527344,427.0
2024-10-25 13:10:00+00:00,NVDA,143.4199981689453,143.4199981689453,143.46499633789062,143.41000366210938,143.4499969482422,187335.0
2024-10-25 13:10:00+00:00,NVEI,33.52000045776367,33.52000045776367,33.52000045776367,33.52000045776367,33.52000045776367,441.0
2024-10-25 13:10:00+00:00,NXPI,245.81500244140625,245.81500244140625,245.81500244140625,245.77000427246094,245.77999877929688,3049.0
2024-10-25 13:10:00+00:00,OKTA,72.44999694824219,72.44999694824219,72.44999694824219,72.44999694824219,72.44999694824219,442.0
2024-10-25 13:10:00+00:00,ON,72.05999755859375,72.05999755859375,72.06999969482422,72.05000305175781,72.05999755859375,8521.0
2024-10-25 13:10:00+00:00,OSIS,134.5449981689453,134.5449981689453,134.6699981689453,134.38499450683594,134.38499450683594,2566.0
2024-10-25 13:10:00+00:00,OTEX,33.349998474121094,33.349998474121094,33.36000061035156,33.349998474121094,33.36000061035156,475.0
2024-10-25 13:10:00+00:00,PEGA,80.54000091552734,80.54000091552734,80.54000091552734,80.54000091552734,80.54000091552734,578.0
2024-10-25 13:10:00+00:00,PET,0.8130000233650208,0.8130000233650208,0.8130000233650208,0.8130000233650208,0.8130000233650208,105.0
2024-10-25 13:10:00+00:00,PGY,11.880000114440918,11.880000114440918,11.880000114440918,11.869999885559082,11.880000114440918,2557.0
2024-10-25 13:10:00+00:00,PHUN,10.260000228881836,10.260000228881836,10.289999961853027,10.25,10.289999961853027,26598.0
2024-10-25 13:10:00+00:00,PI,202.41000366210938,202.41000366210938,202.64999389648438,202.41000366210938,202.6300048828125,2437.0
2024-10-25 13:10:00+00:00,PLUS,98.18489837646484,98.18489837646484,98.18489837646484,98.12999725341797,98.12999725341797,979.0
2024-10-25 13:10:00+00:00,POET,3.869999885559082,3.869999885559082,3.869999885559082,3.859999895095825,3.869999885559082,5338.0
2024-10-25 13:10:00+00:00,PRCH,1.3200000524520874,1.3200000524520874,1.3200000524520874,1.3200000524520874,1.3200000524520874,915.0
2024-10-25 13:10:00+00:00,PRTH,5.289999961853027,5.289999961853027,5.329999923706055,5.289999961853027,5.329999923706055,1073.0
2024-10-25 13:10:00+00:00,PUBM,14.831999778747559,14.831999778747559,14.831999778747559,14.831999778747559,14.831999778747559,689.0
2024-10-25 13:10:00+00:00,PYCR,14.34000015258789,14.34000015258789,14.34000015258789,14.34000015258789,14.34000015258789,242.0
2024-10-25 13:10:00+00:00,QCOM,172.7100067138672,172.7100067138672,172.8000030517578,172.7100067138672,172.78500366210938,4745.0
2024-10-25 13:10:00+00:00,QRVO,100.64969635009766,100.64969635009766,100.68000030517578,100.63999938964844,100.68000030517578,1823.0
2024-10-25 13:10:00+00:00,QUBT,1.0708999633789062,1.0708999633789062,1.0708999633789062,1.0708999633789062,1.0708999633789062,632.0
2024-10-25 13:10:00+00:00,RCAT,2.7637999057769775,2.7637999057769775,2.765000104904175,2.7637999057769775,2.765000104904175,300.0
2024-10-25 13:10:00+00:00,REKR,1.0950000286102295,1.0950000286102295,1.100000023841858,1.0950000286102295,1.100000023841858,445.0
2024-10-25 13:10:00+00:00,RELY,14.859999656677246,14.859999656677246,14.859999656677246,14.859999656677246,14.859999656677246,623.0
2024-10-25 13:10:00+00:00,RGTI,1.2263000011444092,1.2263000011444092,1.2300000190734863,1.2263000011444092,1.2299000024795532,28883.0
2024-10-25 13:10:00+00:00,RIOT,10.045000076293945,10.045000076293945,10.055999755859375,10.039999961853027,10.039999961853027,34148.0
2024-10-25 13:10:00+00:00,RMBS,43.65999984741211,43.65999984741211,43.68000030517578,43.65999984741211,43.68000030517578,1335.0
2024-10-25 13:10:00+00:00,RMNI,1.7200000286102295,1.7200000286102295,1.7200000286102295,1.7200000286102295,1.7200000286102295,5144.0
2024-10-25 13:10:00+00:00,RUM,5.749899864196777,5.749899864196777,5.75,5.749899864196777,5.75,1442.0
2024-10-25 13:10:00+00:00,RUN,14.3100004196167,14.3100004196167,14.3149995803833,14.305000305175781,14.3149995803833,11087.0
2024-10-25 13:10:00+00:00,SANM,67.72000122070312,67.72000122070312,67.72000122070312,67.72000122070312,67.72000122070312,294.0
2024-10-25 13:10:00+00:00,SCSC,44.81800079345703,44.81800079345703,44.81800079345703,44.81800079345703,44.81800079345703,591.0
2024-10-25 13:10:00+00:00,SEDG,15.989999771118164,15.989999771118164,16.02199935913086,15.960000038146973,16.012100219726562,11272.0
2024-10-25 13:10:00+00:00,SITM,183.73500061035156,183.73500061035156,183.73500061035156,183.73500061035156,183.73500061035156,517.0
2024-10-25 13:10:00+00:00,SKYT,10.680000305175781,10.680000305175781,10.680000305175781,10.680000305175781,10.680000305175781,811.0
2024-10-25 13:10:00+00:00,SLNHP,13.130000114440918,13.130000114440918,13.130000114440918,13.130000114440918,13.130000114440918,1422.0
2024-10-25 13:10:00+00:00,SMCI,47.59000015258789,47.59000015258789,47.630001068115234,47.56999969482422,47.61970138549805,43630.0
2024-10-25 13:10:00+00:00,SMTC,46.0099983215332,46.0099983215332,46.0099983215332,46.0099983215332,46.0099983215332,494.0
2024-10-25 13:10:00+00:00,SNCR,10.683500289916992,10.683500289916992,10.683500289916992,10.683500289916992,10.683500289916992,1352.0
2024-10-25 13:10:00+00:00,SNPS,505.2300109863281,505.2300109863281,505.2300109863281,505.2300109863281,505.2300109863281,151.0
2024-10-25 13:10:00+00:00,SOUN,5.224999904632568,5.224999904632568,5.2399001121521,5.21999979019165,5.235000133514404,32955.0
2024-10-25 13:10:00+00:00,SPT,26.979999542236328,26.979999542236328,26.979999542236328,26.979999542236328,26.979999542236328,227.0
2024-10-25 13:10:00+00:00,SSNC,69.52249908447266,69.52249908447266,69.52999877929688,69.51000213623047,69.52999877929688,5615.0
2024-10-25 13:10:00+00:00,STNE,11.505000114440918,11.505000114440918,11.505000114440918,11.494000434875488,11.495200157165527,9379.0
2024-10-25 13:10:00+00:00,STX,104.0250015258789,104.0250015258789,104.05000305175781,103.98999786376953,104.05000305175781,3259.0
2024-10-25 13:10:00+00:00,SWKS,96.69000244140625,96.69000244140625,96.70999908447266,96.68000030517578,96.70999908447266,2045.0
2024-10-25 13:10:00+00:00,SYNA,73.31999969482422,73.31999969482422,73.31999969482422,73.30999755859375,73.30999755859375,400.0
2024-10-25 13:10:00+00:00,TEAM,190.52000427246094,190.52000427246094,190.52000427246094,190.52000427246094,190.52000427246094,846.0
2024-10-25 13:10:00+00:00,TER,113.26499938964844,113.26499938964844,113.2699966430664,113.18499755859375,113.25499725341797,20143.0
2024-10-25 13:10:00+00:00,TRMB,61.099998474121094,61.099998474121094,61.099998474121094,61.099998474121094,61.099998474121094,547.0
2024-10-25 13:10:00+00:00,TSEM,45.22999954223633,45.22999954223633,45.263099670410156,45.22999954223633,45.23400115966797,671.0
2024-10-25 13:10:00+00:00,TTD,119.29989624023438,119.29989624023438,119.29989624023438,119.26000213623047,119.26000213623047,1378.0
2024-10-25 13:10:00+00:00,TTMI,19.549999237060547,19.549999237060547,19.549999237060547,19.549999237060547,19.549999237060547,316.0
2024-10-25 13:10:00+00:00,TWKS,4.449999809265137,4.449999809265137,4.457499980926514,4.449999809265137,4.449999809265137,1321.0
2024-10-25 13:10:00+00:00,TXN,209.0800018310547,209.0800018310547,209.14999389648438,209.0800018310547,209.1199951171875,8864.0
2024-10-25 13:10:00+00:00,UCTT,36.040000915527344,36.040000915527344,36.069698333740234,36.040000915527344,36.069698333740234,560.0
2024-10-25 13:10:00+00:00,UPLD,2.140000104904175,2.140000104904175,2.140000104904175,2.140000104904175,2.140000104904175,667.0
2024-10-25 13:10:00+00:00,VERI,3.430000066757202,3.430000066757202,3.430000066757202,3.430000066757202,3.430000066757202,552.0
2024-10-25 13:10:00+00:00,VICR,46.58000183105469,46.58000183105469,46.58000183105469,46.529998779296875,46.54999923706055,1095.0
2024-10-25 13:10:00+00:00,VMEO,4.773600101470947,4.773600101470947,4.773600101470947,4.773600101470947,4.773600101470947,2328.0
2024-10-25 13:10:00+00:00,VNET,3.4649999141693115,3.4649999141693115,3.4649999141693115,3.4600000381469727,3.4600000381469727,3941.0
2024-10-25 13:10:00+00:00,VRNS,57.13999938964844,57.13999938964844,57.150001525878906,57.13999938964844,57.150001525878906,871.0
2024-10-25 13:10:00+00:00,VRSN,185.3249969482422,185.3249969482422,185.3249969482422,185.30999755859375,185.30999755859375,311.0
2024-10-25 13:10:00+00:00,VSAT,10.380000114440918,10.380000114440918,10.390000343322754,10.369999885559082,10.369999885559082,1271.0
2024-10-25 13:10:00+00:00,WDAY,239.6699981689453,239.6699981689453,239.6699981689453,239.64999389648438,239.6699981689453,3782.0
2024-10-25 13:10:00+00:00,WDC,70.98470306396484,70.98470306396484,70.98660278320312,70.94999694824219,70.9739990234375,7949.0
2024-10-25 13:10:00+00:00,WISA,1.999899983406067,1.999899983406067,2.0,1.9904999732971191,1.9991999864578247,4108.0
2024-10-25 13:10:00+00:00,WIX,165.5500030517578,165.5500030517578,165.5500030517578,165.52999877929688,165.52999877929688,808.0
2024-10-25 13:10:00+00:00,XRX,10.020000457763672,10.020000457763672,10.02400016784668,10.020000457763672,10.02400016784668,680.0
2024-10-25 13:10:00+00:00,ZBRA,362.42999267578125,362.42999267578125,362.50750732421875,362.42999267578125,362.4949951171875,1047.0
2024-10-25 13:10:00+00:00,ZI,10.555000305175781,10.555000305175781,10.5600004196167,10.555000305175781,10.555000305175781,2394.0
2024-10-25 13:10:00+00:00,ZM,73.18199920654297,73.18199920654297,73.18199920654297,73.18199920654297,73.18199920654297,509.0
2024-10-25 13:10:00+00:00,ZS,185.8800048828125,185.8800048828125,185.8800048828125,185.8800048828125,185.8800048828125,1468.0
2024-10-25 13:11:00+00:00,AAOI,17.8799991607666,17.8799991607666,17.8799991607666,17.8799991607666,17.8799991607666,556.0
2024-10-25 13:11:00+00:00,AAPL,232.48350524902344,232.48350524902344,232.4949951171875,232.41000366210938,232.41000366210938,22821.0
2024-10-25 13:11:00+00:00,ACMR,19.90999984741211,19.90999984741211,19.920000076293945,19.90999984741211,19.920000076293945,1751.0
2024-10-25 13:11:00+00:00,ADBE,485.2799987792969,485.2799987792969,485.2799987792969,485.2799987792969,485.2799987792969,1043.0
2024-10-25 13:11:00+00:00,ADI,233.82000732421875,233.82000732421875,233.82000732421875,233.75,233.75999450683594,1653.0
2024-10-25 13:11:00+00:00,ADSK,286.8900146484375,286.8900146484375,286.8900146484375,286.8900146484375,286.8900146484375,510.0
2024-10-25 13:11:00+00:00,ADTN,6.389999866485596,6.389999866485596,6.389999866485596,6.389999866485596,6.389999866485596,1492.0
2024-10-25 13:11:00+00:00,AEHR,17.27989959716797,17.27989959716797,17.27989959716797,17.250099182128906,17.250099182128906,4043.0
2024-10-25 13:11:00+00:00,AFRM,41.710201263427734,41.710201263427734,41.72999954223633,41.709999084472656,41.72999954223633,1399.0
2024-10-25 13:11:00+00:00,AKAM,102.7300033569336,102.7300033569336,102.73999786376953,102.7300033569336,102.73999786376953,1074.0
2024-10-25 13:11:00+00:00,AKTS,0.057100001722574234,0.057100001722574234,0.057100001722574234,0.057100001722574234,0.057100001722574234,85836.0
2024-10-25 13:11:00+00:00,ALGM,23.1200008392334,23.1200008392334,23.1200008392334,23.100000381469727,23.100000381469727,1781.0
2024-10-25 13:11:00+00:00,ALKT,38.11000061035156,38.11000061035156,38.13999938964844,38.099998474121094,38.13999938964844,4109.0
2024-10-25 13:11:00+00:00,AMAT,188.70579528808594,188.70579528808594,188.7899932861328,188.70579528808594,188.73500061035156,1908.0
2024-10-25 13:11:00+00:00,AMBA,58.5,58.5,58.5,58.5,58.5,441.0
2024-10-25 13:11:00+00:00,AMD,157.86000061035156,157.86000061035156,157.87989807128906,157.77200317382812,157.82989501953125,25365.0
2024-10-25 13:11:00+00:00,AMKR,30.1200008392334,30.1200008392334,30.1200008392334,30.1200008392334,30.1200008392334,360.0
2024-10-25 13:11:00+00:00,AMPL,9.204999923706055,9.204999923706055,9.204999923706055,9.204999923706055,9.204999923706055,731.0
2024-10-25 13:11:00+00:00,ANSS,325.4700012207031,325.4700012207031,325.4700012207031,325.32000732421875,325.32000732421875,637.0
2024-10-25 13:11:00+00:00,ANY,1.059999942779541,1.059999942779541,1.059999942779541,1.0598000288009644,1.059999942779541,10468.0
2024-10-25 13:11:00+00:00,AOSL,36.70000076293945,36.70000076293945,36.70000076293945,36.70000076293945,36.70000076293945,369.0
2024-10-25 13:11:00+00:00,APP,161.59500122070312,161.59500122070312,161.59500122070312,161.5399932861328,161.5399932861328,857.0
2024-10-25 13:11:00+00:00,APPF,214.30999755859375,214.30999755859375,214.30999755859375,214.30999755859375,214.30999755859375,837.0
2024-10-25 13:11:00+00:00,APPS,3.079200029373169,3.079200029373169,3.079200029373169,3.079200029373169,3.079200029373169,6546.0
2024-10-25 13:11:00+00:00,ARRY,6.445000171661377,6.445000171661377,6.449900150299072,6.409999847412109,6.420000076293945,36445.0
2024-10-25 13:11:00+00:00,ASML,719.2000122070312,719.2000122070312,719.3599853515625,719.2000122070312,719.3599853515625,2568.0
2024-10-25 13:11:00+00:00,ASNS,1.3199000358581543,1.3199000358581543,1.3199000358581543,1.3194999694824219,1.3194999694824219,1635.0
2024-10-25 13:11:00+00:00,ATOM,3.369999885559082,3.369999885559082,3.369999885559082,3.369999885559082,3.369999885559082,0.0
2024-10-25 13:11:00+00:00,AUR,6.485000133514404,6.485000133514404,6.485000133514404,6.485000133514404,6.485000133514404,516.0
2024-10-25 13:11:00+00:00,AVDX,8.149999618530273,8.149999618530273,8.149999618530273,8.149999618530273,8.149999618530273,510.0
2024-10-25 13:11:00+00:00,AVGO,175.63999938964844,175.63999938964844,175.63999938964844,175.55499267578125,175.5800018310547,12187.0
2024-10-25 13:11:00+00:00,AVNW,21.003000259399414,21.003000259399414,21.003000259399414,21.003000259399414,21.003000259399414,805.0
2024-10-25 13:11:00+00:00,BIGC,5.324999809265137,5.324999809265137,5.324999809265137,5.324999809265137,5.324999809265137,310.0
2024-10-25 13:11:00+00:00,BLIN,1.0920000076293945,1.0920000076293945,1.0920000076293945,1.0920000076293945,1.0920000076293945,362.0
2024-10-25 13:11:00+00:00,BLZE,7.210000038146973,7.210000038146973,7.210000038146973,7.210000038146973,7.210000038146973,777.0
2024-10-25 13:11:00+00:00,BMBL,7.170000076293945,7.170000076293945,7.175000190734863,7.170000076293945,7.175000190734863,868.0
2024-10-25 13:11:00+00:00,BRZE,30.604999542236328,30.604999542236328,30.604999542236328,30.604999542236328,30.604999542236328,5181.0
2024-10-25 13:11:00+00:00,BSY,49.244998931884766,49.244998931884766,49.2598991394043,49.239601135253906,49.239601135253906,759.0
2024-10-25 13:11:00+00:00,CAMT,78.5,78.5,78.5,78.5,78.5,174.0
2024-10-25 13:11:00+00:00,CAN,0.9825999736785889,0.9825999736785889,0.982699990272522,0.9825999736785889,0.982699990272522,320.0
2024-10-25 13:11:00+00:00,CDNS,259.7250061035156,259.7250061035156,259.7250061035156,259.69000244140625,259.70001220703125,1038.0
2024-10-25 13:11:00+00:00,CETX,0.30480000376701355,0.30480000376701355,0.30480000376701355,0.30480000376701355,0.30480000376701355,21308.0
2024-10-25 13:11:00+00:00,CFLT,22.59000015258789,22.59000015258789,22.59000015258789,22.584999084472656,22.584999084472656,1601.0
2024-10-25 13:11:00+00:00,CGNT,6.65500020980835,6.65500020980835,6.65500020980835,6.65500020980835,6.65500020980835,125.0
2024-10-25 13:11:00+00:00,CGNX,38.959999084472656,38.959999084472656,38.959999084472656,38.959999084472656,38.959999084472656,347.0
2024-10-25 13:11:00+00:00,CHKP,207.10000610351562,207.10000610351562,207.1199951171875,207.05999755859375,207.05999755859375,1834.0
2024-10-25 13:11:00+00:00,CLBT,18.200000762939453,18.200000762939453,18.200000762939453,18.200000762939453,18.200000762939453,247.0
2024-10-25 13:11:00+00:00,CLSK,11.9350004196167,11.9350004196167,11.944999694824219,11.931500434875488,11.9350004196167,10997.0
2024-10-25 13:11:00+00:00,COHR,95.69499969482422,95.69499969482422,95.69499969482422,95.69499969482422,95.69499969482422,205.0
2024-10-25 13:11:00+00:00,COIN,211.38999938964844,211.38999938964844,211.4600067138672,211.20010375976562,211.42999267578125,6785.0
2024-10-25 13:11:00+00:00,COMM,6.289999961853027,6.289999961853027,6.295000076293945,6.284999847412109,6.295000076293945,6434.0
2024-10-25 13:11:00+00:00,CORZ,13.414999961853027,13.414999961853027,13.425000190734863,13.414999961853027,13.425000190734863,2315.0
2024-10-25 13:11:00+00:00,CRDO,39.7400016784668,39.7400016784668,39.7400016784668,39.7400016784668,39.7400016784668,208.0
2024-10-25 13:11:00+00:00,CRWD,302.260009765625,302.260009765625,302.9999084472656,302.10009765625,302.9999084472656,11804.0
2024-10-25 13:11:00+00:00,CSCO,55.921199798583984,55.921199798583984,55.93000030517578,55.91299819946289,55.93000030517578,7792.0
2024-10-25 13:11:00+00:00,CSIQ,13.680000305175781,13.680000305175781,13.699999809265137,13.680000305175781,13.6899995803833,2035.0
2024-10-25 13:11:00+00:00,CSPI,13.005000114440918,13.005000114440918,13.005000114440918,13.005000114440918,13.005000114440918,391.0
2024-10-25 13:11:00+00:00,CTSH,74.84500122070312,74.84500122070312,74.87999725341797,74.83999633789062,74.87999725341797,4307.0
2024-10-25 13:11:00+00:00,CVLT,134.38999938964844,134.38999938964844,134.4250030517578,134.38999938964844,134.4250030517578,451.0
2024-10-25 13:11:00+00:00,DAIO,2.5299999713897705,2.5299999713897705,2.5299999713897705,2.5299999713897705,2.5299999713897705,242.0
2024-10-25 13:11:00+00:00,DAKT,13.069999694824219,13.069999694824219,13.069999694824219,13.069999694824219,13.069999694824219,575.0
2024-10-25 13:11:00+00:00,DBX,26.0,26.0,26.014999389648438,26.0,26.010000228881836,5665.0
2024-10-25 13:11:00+00:00,DDOG,127.41000366210938,127.41000366210938,127.44000244140625,127.41000366210938,127.44000244140625,1380.0
2024-10-25 13:11:00+00:00,DGII,30.739999771118164,30.739999771118164,30.739999771118164,30.709999084472656,30.709999084472656,1448.0
2024-10-25 13:11:00+00:00,DOCU,69.83000183105469,69.83000183105469,69.83999633789062,69.83000183105469,69.83999633789062,1004.0
2024-10-25 13:11:00+00:00,DTSS,2.4800000190734863,2.4800000190734863,2.4800000190734863,2.4800000190734863,2.4800000190734863,200.0
2024-10-25 13:11:00+00:00,DTST,3.490000009536743,3.490000009536743,3.490000009536743,3.4798998832702637,3.4798998832702637,523.0
2024-10-25 13:11:00+00:00,DUOL,290.1499938964844,290.1499938964844,290.4200134277344,290.1499938964844,290.4200134277344,611.0
2024-10-25 13:11:00+00:00,EEFT,99.58999633789062,99.58999633789062,99.58999633789062,99.58999633789062,99.58999633789062,164.0
2024-10-25 13:11:00+00:00,ENPH,82.98750305175781,82.98750305175781,82.98750305175781,82.88999938964844,82.94499969482422,5213.0
2024-10-25 13:11:00+00:00,ENTG,106.11000061035156,106.11000061035156,106.12999725341797,106.05999755859375,106.06999969482422,2366.0
2024-10-25 13:11:00+00:00,ERIC,8.479999542236328,8.479999542236328,8.489999771118164,8.479999542236328,8.479999542236328,16432.0
2024-10-25 13:11:00+00:00,EXFY,1.725000023841858,1.725000023841858,1.725000023841858,1.725000023841858,1.725000023841858,3001.0
2024-10-25 13:11:00+00:00,EXLS,38.91999816894531,38.91999816894531,38.91999816894531,38.91999816894531,38.91999816894531,258.0
2024-10-25 13:11:00+00:00,EXTR,14.484999656677246,14.484999656677246,14.484999656677246,14.484999656677246,14.484999656677246,676.0
2024-10-25 13:11:00+00:00,FFIV,216.74000549316406,216.74000549316406,216.77999877929688,216.72000122070312,216.77999877929688,687.0
2024-10-25 13:11:00+00:00,FIVN,29.81999969482422,29.81999969482422,29.825000762939453,29.81999969482422,29.81999969482422,1882.0
2024-10-25 13:11:00+00:00,FLEX,35.2599983215332,35.2599983215332,35.262001037597656,35.2599983215332,35.262001037597656,624.0
2024-10-25 13:11:00+00:00,FLYW,17.479999542236328,17.479999542236328,17.479999542236328,17.479999542236328,17.479999542236328,238.0
2024-10-25 13:11:00+00:00,FROG,29.399999618530273,29.399999618530273,29.40999984741211,29.399999618530273,29.40999984741211,1509.0
2024-10-25 13:11:00+00:00,FRSH,11.649999618530273,11.649999618530273,11.649999618530273,11.649999618530273,11.649999618530273,1795.0
2024-10-25 13:11:00+00:00,FSLR,198.3343048095703,198.3343048095703,198.7100067138672,198.32440185546875,198.56700134277344,2965.0
2024-10-25 13:11:00+00:00,FTNT,81.08999633789062,81.08999633789062,81.08999633789062,81.06999969482422,81.06999969482422,890.0
2024-10-25 13:11:00+00:00,GCT,24.84000015258789,24.84000015258789,24.860000610351562,24.84000015258789,24.860000610351562,680.0
2024-10-25 13:11:00+00:00,GDS,21.4950008392334,21.4950008392334,21.4950008392334,21.4950008392334,21.4950008392334,497.0
2024-10-25 13:11:00+00:00,GPRO,1.3350000381469727,1.3350000381469727,1.3350000381469727,1.3350000381469727,1.3350000381469727,413.0
2024-10-25 13:11:00+00:00,GRAB,4.099999904632568,4.099999904632568,4.1082000732421875,4.099999904632568,4.105000019073486,69997.0
2024-10-25 13:11:00+00:00,GRRR,4.53000020980835,4.53000020980835,4.53000020980835,4.53000020980835,4.53000020980835,1511.0
2024-10-25 13:11:00+00:00,GTLB,55.46500015258789,55.46500015258789,55.46500015258789,55.46500015258789,55.46500015258789,518.0
2024-10-25 13:11:00+00:00,GVP,4.610000133514404,4.610000133514404,4.610000133514404,4.610000133514404,4.610000133514404,100.0
2024-10-25 13:11:00+00:00,HCP,33.66999816894531,33.66999816894531,33.66999816894531,33.66999816894531,33.66999816894531,436.0
2024-10-25 13:11:00+00:00,HLIT,14.8100004196167,14.8100004196167,14.8100004196167,14.8100004196167,14.8100004196167,200.0
2024-10-25 13:11:00+00:00,HOLO,3.599900007247925,3.599900007247925,3.599900007247925,3.5799999237060547,3.5850000381469727,3160.0
2024-10-25 13:11:00+00:00,HOOD,27.360000610351562,27.360000610351562,27.364999771118164,27.356199264526367,27.36400032043457,8107.0
2024-10-25 13:11:00+00:00,INDI,3.555000066757202,3.555000066757202,3.559999942779541,3.555000066757202,3.559999942779541,3837.0
2024-10-25 13:11:00+00:00,INFN,6.795000076293945,6.795000076293945,6.795000076293945,6.795000076293945,6.795000076293945,300.0
2024-10-25 13:11:00+00:00,INOD,20.341999053955078,20.341999053955078,20.341999053955078,20.341999053955078,20.341999053955078,544.0
2024-10-25 13:11:00+00:00,INTA,50.04999923706055,50.04999923706055,50.04999923706055,50.04999923706055,50.04999923706055,454.0
2024-10-25 13:11:00+00:00,INTC,23.09000015258789,23.09000015258789,23.096099853515625,23.079999923706055,23.09600067138672,54326.0
2024-10-25 13:11:00+00:00,ITI,7.190000057220459,7.190000057220459,7.190000057220459,7.190000057220459,7.190000057220459,206.0
2024-10-25 13:11:00+00:00,KC,2.7200000286102295,2.7200000286102295,2.7200000286102295,2.7200000286102295,2.7200000286102295,473.0
2024-10-25 13:11:00+00:00,KLAC,680.635009765625,680.635009765625,680.635009765625,680.635009765625,680.635009765625,655.0
2024-10-25 13:11:00+00:00,KLIC,44.74700164794922,44.74700164794922,44.74700164794922,44.74700164794922,44.74700164794922,540.0
2024-10-25 13:11:00+00:00,LASR,10.4399995803833,10.4399995803833,10.4399995803833,10.438400268554688,10.438400268554688,1035.0
2024-10-25 13:11:00+00:00,LITE,63.939998626708984,63.939998626708984,64.02999877929688,63.93000030517578,64.02999877929688,3271.0
2024-10-25 13:11:00+00:00,LOGI,81.01499938964844,81.01499938964844,81.01499938964844,81.01000213623047,81.01000213623047,1274.0
2024-10-25 13:11:00+00:00,LRCX,79.18000030517578,79.18000030517578,79.19499969482422,79.16000366210938,79.16999816894531,10549.0
2024-10-25 13:11:00+00:00,LSCC,54.68000030517578,54.68000030517578,54.68000030517578,54.66999816894531,54.66999816894531,1493.0
2024-10-25 13:11:00+00:00,LUNA,1.8200000524520874,1.8200000524520874,1.8200000524520874,1.8200000524520874,1.8200000524520874,234.0
2024-10-25 13:11:00+00:00,LYFT,13.774999618530273,13.774999618530273,13.774999618530273,13.765000343322754,13.770000457763672,23389.0
2024-10-25 13:11:00+00:00,MCHP,77.29609680175781,77.29609680175781,77.30000305175781,77.27999877929688,77.27999877929688,2735.0
2024-10-25 13:11:00+00:00,MDB,268.07501220703125,268.07501220703125,268.1499938964844,268.07501220703125,268.1499938964844,1142.0
2024-10-25 13:11:00+00:00,MITK,8.770000457763672,8.770000457763672,8.770000457763672,8.770000457763672,8.770000457763672,505.0
2024-10-25 13:11:00+00:00,MKSI,101.80000305175781,101.80000305175781,101.80000305175781,101.72000122070312,101.73500061035156,3131.0
2024-10-25 13:11:00+00:00,MOGO,1.014299988746643,1.014299988746643,1.014299988746643,1.014299988746643,1.014299988746643,0.0
2024-10-25 13:11:00+00:00,MQ,5.284999847412109,5.284999847412109,5.284999847412109,5.284999847412109,5.284999847412109,1115.0
2024-10-25 13:11:00+00:00,MRVL,83.30999755859375,83.30999755859375,83.30999755859375,83.27999877929688,83.29889678955078,10057.0
2024-10-25 13:11:00+00:00,MSFT,430.1600036621094,430.1600036621094,430.1600036621094,430.05999755859375,430.1449890136719,9190.0
2024-10-25 13:11:00+00:00,MSTR,243.07989501953125,243.07989501953125,243.1999969482422,242.72000122070312,243.0,33486.0
2024-10-25 13:11:00+00:00,MTSI,120.8550033569336,120.8550033569336,120.8550033569336,120.74829864501953,120.81999969482422,1464.0
2024-10-25 13:11:00+00:00,MTTR,4.614999771118164,4.614999771118164,4.614999771118164,4.614999771118164,4.614999771118164,1714.0
2024-10-25 13:11:00+00:00,MU,108.8926010131836,108.8926010131836,108.9000015258789,108.8727035522461,108.87940216064453,14659.0
2024-10-25 13:11:00+00:00,MVIS,1.0850000381469727,1.0850000381469727,1.0850000381469727,1.0850000381469727,1.0850000381469727,600.0
2024-10-25 13:11:00+00:00,MXL,14.960000038146973,14.960000038146973,14.960000038146973,14.960000038146973,14.960000038146973,331.0
2024-10-25 13:11:00+00:00,NTNX,62.290000915527344,62.290000915527344,62.290000915527344,62.290000915527344,62.290000915527344,797.0
2024-10-25 13:11:00+00:00,NVDA,143.41270446777344,143.41270446777344,143.4250030517578,143.3699951171875,143.4149932861328,132257.0
2024-10-25 13:11:00+00:00,NVEI,33.52000045776367,33.52000045776367,33.52000045776367,33.52000045776367,33.52000045776367,300.0
2024-10-25 13:11:00+00:00,NVTS,2.6050000190734863,2.6050000190734863,2.6050000190734863,2.6050000190734863,2.6050000190734863,606.0
2024-10-25 13:11:00+00:00,OKTA,72.4800033569336,72.4800033569336,72.4800033569336,72.44499969482422,72.45500183105469,1295.0
2024-10-25 13:11:00+00:00,ON,72.08000183105469,72.08000183105469,72.08000183105469,72.05999755859375,72.05999755859375,7066.0
2024-10-25 13:11:00+00:00,OSIS,134.38999938964844,134.38999938964844,134.38999938964844,134.3800048828125,134.3800048828125,960.0
2024-10-25 13:11:00+00:00,PANW,369.44500732421875,369.44500732421875,369.4800109863281,369.44000244140625,369.4800109863281,704.0
2024-10-25 13:11:00+00:00,PEGY,4.690000057220459,4.690000057220459,4.690000057220459,4.690000057220459,4.690000057220459,1283.0
2024-10-25 13:11:00+00:00,PGY,11.859999656677246,11.859999656677246,11.869999885559082,11.859999656677246,11.869999885559082,1044.0
2024-10-25 13:11:00+00:00,PHUN,10.29990005493164,10.29990005493164,10.309900283813477,10.270000457763672,10.270099639892578,19624.0
2024-10-25 13:11:00+00:00,PI,202.3300018310547,202.3300018310547,202.33999633789062,202.3300018310547,202.33999633789062,1531.0
2024-10-25 13:11:00+00:00,PLAB,23.729999542236328,23.729999542236328,23.729999542236328,23.719999313354492,23.719999313354492,744.0
2024-10-25 13:11:00+00:00,POET,3.8510000705718994,3.8510000705718994,3.869999885559082,3.8510000705718994,3.863100051879883,3602.0
2024-10-25 13:11:00+00:00,POWI,64.0199966430664,64.0199966430664,64.0199966430664,64.0199966430664,64.0199966430664,400.0
2024-10-25 13:11:00+00:00,PRGS,64.81999969482422,64.81999969482422,64.83000183105469,64.81999969482422,64.83000183105469,873.0
2024-10-25 13:11:00+00:00,PTC,186.81149291992188,186.81149291992188,186.89999389648438,186.81149291992188,186.89999389648438,539.0
2024-10-25 13:11:00+00:00,PYCR,14.34000015258789,14.34000015258789,14.34000015258789,14.329999923706055,14.329999923706055,663.0
2024-10-25 13:11:00+00:00,QCOM,172.6649932861328,172.6649932861328,172.7100067138672,172.63999938964844,172.7050018310547,3462.0
2024-10-25 13:11:00+00:00,QRVO,100.6050033569336,100.6050033569336,100.62000274658203,100.6050033569336,100.62000274658203,416.0
2024-10-25 13:11:00+00:00,QUBT,1.0750000476837158,1.0750000476837158,1.0750000476837158,1.0750000476837158,1.0750000476837158,221.0
2024-10-25 13:11:00+00:00,RCAT,2.765000104904175,2.765000104904175,2.765000104904175,2.765000104904175,2.765000104904175,175.0
2024-10-25 13:11:00+00:00,REKR,1.100000023841858,1.100000023841858,1.100000023841858,1.0950000286102295,1.0950000286102295,336.0
2024-10-25 13:11:00+00:00,RELY,14.859999656677246,14.859999656677246,14.859999656677246,14.854999542236328,14.859999656677246,1314.0
2024-10-25 13:11:00+00:00,RGTI,1.2288000583648682,1.2288000583648682,1.2288000583648682,1.2288000583648682,1.2288000583648682,0.0
2024-10-25 13:11:00+00:00,RIOT,10.045000076293945,10.045000076293945,10.04990005493164,10.039999961853027,10.045000076293945,11782.0
2024-10-25 13:11:00+00:00,RMBS,43.66550064086914,43.66550064086914,43.689998626708984,43.64500045776367,43.64500045776367,2607.0
2024-10-25 13:11:00+00:00,RPAY,7.590000152587891,7.590000152587891,7.59499979019165,7.590000152587891,7.59499979019165,1478.0
2024-10-25 13:11:00+00:00,RUM,5.75,5.75,5.75,5.744999885559082,5.744999885559082,1602.0
2024-10-25 13:11:00+00:00,RUN,14.319999694824219,14.319999694824219,14.319999694824219,14.3100004196167,14.3100004196167,12631.0
2024-10-25 13:11:00+00:00,SEDG,16.0,16.0,16.020000457763672,15.9975004196167,16.0,5925.0
2024-10-25 13:11:00+00:00,SHLS,5.269999980926514,5.269999980926514,5.269999980926514,5.269999980926514,5.269999980926514,946.0
2024-10-25 13:11:00+00:00,SLAB,115.47000122070312,115.47000122070312,115.47000122070312,115.47000122070312,115.47000122070312,126.0
2024-10-25 13:11:00+00:00,SMCI,47.529998779296875,47.529998779296875,47.58000183105469,47.5,47.56999969482422,41721.0
2024-10-25 13:11:00+00:00,SMSI,0.802299976348877,0.802299976348877,0.8198999762535095,0.802299976348877,0.8198999762535095,534.0
2024-10-25 13:11:00+00:00,SMTC,46.04999923706055,46.04999923706055,46.04999923706055,46.04999923706055,46.04999923706055,410.0
2024-10-25 13:11:00+00:00,SNPS,504.9599914550781,504.9599914550781,504.9599914550781,504.9599914550781,504.9599914550781,191.0
2024-10-25 13:11:00+00:00,SOBR,7.460000038146973,7.460000038146973,7.460000038146973,7.460000038146973,7.460000038146973,899.0
2024-10-25 13:11:00+00:00,SONM,3.569999933242798,3.569999933242798,3.569999933242798,3.569999933242798,3.569999933242798,103.0
2024-10-25 13:11:00+00:00,SOUN,5.22599983215332,5.22599983215332,5.230000019073486,5.21999979019165,5.224999904632568,10750.0
2024-10-25 13:11:00+00:00,SOUNW,1.910099983215332,1.910099983215332,1.910099983215332,1.909999966621399,1.909999966621399,1170.0
2024-10-25 13:11:00+00:00,SPNS,36.7400016784668,36.7400016784668,36.7400016784668,36.7400016784668,36.7400016784668,664.0
2024-10-25 13:11:00+00:00,SPSC,173.61000061035156,173.61000061035156,173.9600067138672,173.61000061035156,173.9600067138672,1968.0
2024-10-25 13:11:00+00:00,SRAD,12.390000343322754,12.390000343322754,12.390000343322754,12.390000343322754,12.390000343322754,200.0
2024-10-25 13:11:00+00:00,SSNC,69.58000183105469,69.58000183105469,69.58000183105469,69.54000091552734,69.54000091552734,5766.0
2024-10-25 13:11:00+00:00,SSYS,7.099999904632568,7.099999904632568,7.099999904632568,7.099999904632568,7.099999904632568,887.0
2024-10-25 13:11:00+00:00,STNE,11.505000114440918,11.505000114440918,11.505000114440918,11.501099586486816,11.501099586486816,2291.0
2024-10-25 13:11:00+00:00,STX,104.2750015258789,104.2750015258789,104.2750015258789,104.05999755859375,104.05999755859375,9375.0
2024-10-25 13:11:00+00:00,SVRE,0.0820000022649765,0.0820000022649765,0.0820000022649765,0.0820000022649765,0.0820000022649765,605.0
2024-10-25 13:11:00+00:00,SWKS,96.68000030517578,96.68000030517578,96.69999694824219,96.68000030517578,96.68000030517578,1812.0
2024-10-25 13:11:00+00:00,SYNA,73.30999755859375,73.30999755859375,73.30999755859375,73.30000305175781,73.30999755859375,3275.0
2024-10-25 13:11:00+00:00,TACT,4.164999961853027,4.164999961853027,4.164999961853027,4.164999961853027,4.164999961853027,26.0
2024-10-25 13:11:00+00:00,TENB,41.64500045776367,41.64500045776367,41.64500045776367,41.619998931884766,41.630001068115234,486.0
2024-10-25 13:11:00+00:00,TER,113.20999908447266,113.20999908447266,113.26000213623047,113.19999694824219,113.25499725341797,2759.0
2024-10-25 13:11:00+00:00,TRMB,61.09000015258789,61.09000015258789,61.099998474121094,61.09000015258789,61.099998474121094,1085.0
2024-10-25 13:11:00+00:00,TTD,119.18000030517578,119.18000030517578,119.19000244140625,119.18000030517578,119.18000030517578,1303.0
2024-10-25 13:11:00+00:00,TWKS,4.449999809265137,4.449999809265137,4.449999809265137,4.449999809265137,4.449999809265137,957.0
2024-10-25 13:11:00+00:00,TXN,209.10000610351562,209.10000610351562,209.10499572753906,209.07000732421875,209.10000610351562,4309.0
2024-10-25 13:11:00+00:00,UCTT,36.040000915527344,36.040000915527344,36.040000915527344,36.040000915527344,36.040000915527344,409.0
2024-10-25 13:11:00+00:00,VCSA,2.427999973297119,2.427999973297119,2.427999973297119,2.427999973297119,2.427999973297119,380.0
2024-10-25 13:11:00+00:00,VECO,29.59000015258789,29.59000015258789,29.600000381469727,29.59000015258789,29.600000381469727,1372.0
2024-10-25 13:11:00+00:00,VERI,3.440000057220459,3.440000057220459,3.440000057220459,3.430000066757202,3.430000066757202,1115.0
2024-10-25 13:11:00+00:00,VERX,42.084999084472656,42.084999084472656,42.084999084472656,42.08000183105469,42.08000183105469,874.0
2024-10-25 13:11:00+00:00,VIAV,9.260000228881836,9.260000228881836,9.260000228881836,9.260000228881836,9.260000228881836,187.0
2024-10-25 13:11:00+00:00,VNET,3.4649999141693115,3.4649999141693115,3.4649999141693115,3.4649999141693115,3.4649999141693115,74.0
2024-10-25 13:11:00+00:00,VRNS,57.06999969482422,57.06999969482422,57.13999938964844,57.06999969482422,57.130001068115234,2329.0
2024-10-25 13:11:00+00:00,VRSN,184.99000549316406,184.99000549316406,185.47799682617188,184.99000549316406,185.47799682617188,3707.0
2024-10-25 13:11:00+00:00,VSAT,10.359999656677246,10.359999656677246,10.369999885559082,10.359999656677246,10.369999885559082,4008.0
2024-10-25 13:11:00+00:00,WDAY,239.61000061035156,239.61000061035156,239.61000061035156,239.61000061035156,239.61000061035156,1059.0
2024-10-25 13:11:00+00:00,WDC,70.99500274658203,70.99500274658203,71.0199966430664,70.98500061035156,70.98999786376953,8737.0
2024-10-25 13:11:00+00:00,WISA,2.0,2.0,2.0,1.9850000143051147,1.9925999641418457,6823.0
2024-10-25 13:11:00+00:00,WIX,165.36000061035156,165.36000061035156,165.36000061035156,165.36000061035156,165.36000061035156,1393.0
2024-10-25 13:11:00+00:00,WRAP,1.815000057220459,1.815000057220459,1.815000057220459,1.815000057220459,1.815000057220459,3552.0
2024-10-25 13:11:00+00:00,XRX,10.015000343322754,10.015000343322754,10.020000457763672,10.015000343322754,10.020000457763672,8748.0
2024-10-25 13:11:00+00:00,ZBRA,362.3900146484375,362.3900146484375,362.3900146484375,362.3900146484375,362.3900146484375,126.0
2024-10-25 13:11:00+00:00,ZM,73.16999816894531,73.16999816894531,73.16999816894531,73.16999816894531,73.16999816894531,635.0
2024-10-25 13:12:00+00:00,AAOI,17.8799991607666,17.8799991607666,17.920000076293945,17.8799991607666,17.899999618530273,6502.0
2024-10-25 13:12:00+00:00,AAPL,232.39599609375,232.39599609375,232.50999450683594,232.35000610351562,232.49000549316406,69285.0
2024-10-25 13:12:00+00:00,ACIW,48.83000183105469,48.83000183105469,48.83000183105469,48.83000183105469,48.83000183105469,575.0
2024-10-25 13:12:00+00:00,ACLS,90.54000091552734,90.54000091552734,90.54000091552734,90.52999877929688,90.52999877929688,551.0
2024-10-25 13:12:00+00:00,ADBE,485.2099914550781,485.2099914550781,485.2799987792969,485.2099914550781,485.2799987792969,583.0
2024-10-25 13:12:00+00:00,ADI,233.9499969482422,233.9499969482422,233.9499969482422,233.94000244140625,233.94000244140625,1579.0
2024-10-25 13:12:00+00:00,ADSK,286.9700012207031,286.9700012207031,286.9700012207031,286.9700012207031,286.9700012207031,755.0
2024-10-25 13:12:00+00:00,AEHR,17.220600128173828,17.220600128173828,17.290000915527344,17.220600128173828,17.280000686645508,7525.0
2024-10-25 13:12:00+00:00,AFRM,41.70500183105469,41.70500183105469,41.72999954223633,41.70500183105469,41.72999954223633,3919.0
2024-10-25 13:12:00+00:00,AKAM,102.73500061035156,102.73500061035156,102.73500061035156,102.73500061035156,102.73500061035156,205.0
2024-10-25 13:12:00+00:00,AKTS,0.057100001722574234,0.057100001722574234,0.057100001722574234,0.057100001722574234,0.057100001722574234,76666.0
2024-10-25 13:12:00+00:00,ALGM,23.1200008392334,23.1200008392334,23.1299991607666,23.110000610351562,23.1299991607666,3744.0
2024-10-25 13:12:00+00:00,ALTR,104.06999969482422,104.06999969482422,104.06999969482422,104.0199966430664,104.0199966430664,1660.0
2024-10-25 13:12:00+00:00,AMAT,188.92999267578125,188.92999267578125,188.9698944091797,188.83999633789062,188.88999938964844,20741.0
2024-10-25 13:12:00+00:00,AMD,157.8719940185547,157.8719940185547,157.92999267578125,157.8719940185547,157.875,14842.0
2024-10-25 13:12:00+00:00,AMKR,30.145000457763672,30.145000457763672,30.145000457763672,30.1299991607666,30.1299991607666,1647.0
2024-10-25 13:12:00+00:00,AMPL,9.204999923706055,9.204999923706055,9.204999923706055,9.204999923706055,9.204999923706055,837.0
2024-10-25 13:12:00+00:00,ANSS,325.0950012207031,325.0950012207031,325.30999755859375,325.0950012207031,325.30999755859375,3290.0
2024-10-25 13:12:00+00:00,ANY,1.059999942779541,1.059999942779541,1.059999942779541,1.059999942779541,1.059999942779541,133.0
2024-10-25 13:12:00+00:00,APP,161.4499969482422,161.4499969482422,161.66000366210938,161.4499969482422,161.66000366210938,3539.0
2024-10-25 13:12:00+00:00,APPF,214.4199981689453,214.4199981689453,214.61000061035156,214.4199981689453,214.61000061035156,624.0
2024-10-25 13:12:00+00:00,APPS,3.089400053024292,3.089400053024292,3.089400053024292,3.0739998817443848,3.0739998817443848,9393.0
2024-10-25 13:12:00+00:00,ARRY,6.429999828338623,6.429999828338623,6.446000099182129,6.429999828338623,6.445000171661377,19426.0
2024-10-25 13:12:00+00:00,ASML,719.6624755859375,719.6624755859375,719.6624755859375,719.5900268554688,719.5900268554688,2340.0
2024-10-25 13:12:00+00:00,ASNS,1.309999942779541,1.309999942779541,1.315000057220459,1.309999942779541,1.315000057220459,307.0
2024-10-25 13:12:00+00:00,AUR,6.489999771118164,6.489999771118164,6.489999771118164,6.489999771118164,6.489999771118164,784.0
2024-10-25 13:12:00+00:00,AVGO,175.64999389648438,175.64999389648438,175.6999969482422,175.64999389648438,175.64999389648438,24682.0
2024-10-25 13:12:00+00:00,AVPT,11.994999885559082,11.994999885559082,11.994999885559082,11.989999771118164,11.989999771118164,512.0
2024-10-25 13:12:00+00:00,AZPN,235.97000122070312,235.97000122070312,235.97000122070312,235.97000122070312,235.97000122070312,2072.0
2024-10-25 13:12:00+00:00,BASE,16.389999389648438,16.389999389648438,16.389999389648438,16.389999389648438,16.389999389648438,172.0
2024-10-25 13:12:00+00:00,BIGC,5.323999881744385,5.323999881744385,5.324999809265137,5.323999881744385,5.324999809265137,1295.0
2024-10-25 13:12:00+00:00,BL,56.369998931884766,56.369998931884766,56.369998931884766,56.369998931884766,56.369998931884766,112.0
2024-10-25 13:12:00+00:00,BLKB,86.13500213623047,86.13500213623047,86.13500213623047,86.13500213623047,86.13500213623047,295.0
2024-10-25 13:12:00+00:00,BMBL,7.170000076293945,7.170000076293945,7.170000076293945,7.170000076293945,7.170000076293945,777.0
2024-10-25 13:12:00+00:00,BRZE,30.610000610351562,30.610000610351562,30.6200008392334,30.610000610351562,30.6200008392334,1142.0
2024-10-25 13:12:00+00:00,BSY,49.25600051879883,49.25600051879883,49.25600051879883,49.25600051879883,49.25600051879883,421.0
2024-10-25 13:12:00+00:00,CDNS,259.7349853515625,259.7349853515625,259.7349853515625,259.67559814453125,259.7300109863281,1714.0
2024-10-25 13:12:00+00:00,CFLT,22.6200008392334,22.6200008392334,22.6299991607666,22.600000381469727,22.600000381469727,7988.0
2024-10-25 13:12:00+00:00,CGNX,38.95000076293945,38.95000076293945,38.95000076293945,38.95000076293945,38.95000076293945,1541.0
2024-10-25 13:12:00+00:00,CLSK,11.954999923706055,11.954999923706055,11.958100318908691,11.9399995803833,11.9399995803833,37588.0
2024-10-25 13:12:00+00:00,CNDT,3.619999885559082,3.619999885559082,3.619999885559082,3.619999885559082,3.619999885559082,911.0
2024-10-25 13:12:00+00:00,COHR,95.87999725341797,95.87999725341797,95.87999725341797,95.69499969482422,95.69499969482422,2272.0
2024-10-25 13:12:00+00:00,COHU,26.3700008392334,26.3700008392334,26.3700008392334,26.3700008392334,26.3700008392334,482.0
2024-10-25 13:12:00+00:00,COIN,211.55999755859375,211.55999755859375,211.60000610351562,211.489501953125,211.5,6481.0
2024-10-25 13:12:00+00:00,COMM,6.295000076293945,6.295000076293945,6.300000190734863,6.28000020980835,6.284999847412109,17618.0
2024-10-25 13:12:00+00:00,CORZ,13.416000366210938,13.416000366210938,13.418100357055664,13.410200119018555,13.418100357055664,3625.0
2024-10-25 13:12:00+00:00,CRDO,39.75,39.75,39.75,39.75,39.75,1765.0
2024-10-25 13:12:00+00:00,CRWD,302.6000061035156,302.6000061035156,302.9198913574219,302.260009765625,302.3500061035156,28365.0
2024-10-25 13:12:00+00:00,CSCO,55.915000915527344,55.915000915527344,55.92499923706055,55.904998779296875,55.91999816894531,15492.0
2024-10-25 13:12:00+00:00,CSIQ,13.640000343322754,13.640000343322754,13.680000305175781,13.619999885559082,13.680000305175781,5646.0
2024-10-25 13:12:00+00:00,CTSH,74.83999633789062,74.83999633789062,74.8499984741211,74.83000183105469,74.8499984741211,3413.0
2024-10-25 13:12:00+00:00,DATS,1.6100000143051147,1.6100000143051147,1.6100000143051147,1.6100000143051147,1.6100000143051147,220.0
2024-10-25 13:12:00+00:00,DBX,25.989999771118164,25.989999771118164,26.010000228881836,25.989999771118164,26.003999710083008,8453.0
2024-10-25 13:12:00+00:00,DDOG,127.3949966430664,127.3949966430664,127.43000030517578,127.3949966430664,127.41000366210938,5157.0
2024-10-25 13:12:00+00:00,DGHI,1.5800000429153442,1.5800000429153442,1.5800000429153442,1.5800000429153442,1.5800000429153442,5414.0
2024-10-25 13:12:00+00:00,DOCU,69.79000091552734,69.79000091552734,69.83999633789062,69.79000091552734,69.83999633789062,4256.0
2024-10-25 13:12:00+00:00,DOX,89.58999633789062,89.58999633789062,89.58999633789062,89.58999633789062,89.58999633789062,1722.0
2024-10-25 13:12:00+00:00,DTST,3.5,3.5,3.5,3.5,3.5,345.0
2024-10-25 13:12:00+00:00,EEFT,99.55999755859375,99.55999755859375,99.55999755859375,99.55999755859375,99.55999755859375,384.0
2024-10-25 13:12:00+00:00,ENPH,83.12000274658203,83.12000274658203,83.12000274658203,83.0,83.0199966430664,5151.0
2024-10-25 13:12:00+00:00,ENTG,106.13500213623047,106.13500213623047,106.13500213623047,106.13500213623047,106.13500213623047,239.0
2024-10-25 13:12:00+00:00,ERIC,8.484999656677246,8.484999656677246,8.484999656677246,8.479999542236328,8.484999656677246,9064.0
2024-10-25 13:12:00+00:00,EXFY,1.725000023841858,1.725000023841858,1.7300000190734863,1.725000023841858,1.725000023841858,337.0
2024-10-25 13:12:00+00:00,EXLS,38.900001525878906,38.900001525878906,38.935001373291016,38.900001525878906,38.935001373291016,1686.0
2024-10-25 13:12:00+00:00,EXTR,14.484999656677246,14.484999656677246,14.484999656677246,14.484999656677246,14.484999656677246,230.0
2024-10-25 13:12:00+00:00,FFIV,216.72000122070312,216.72000122070312,216.77000427246094,216.72000122070312,216.72000122070312,1299.0
2024-10-25 13:12:00+00:00,FIVN,29.81999969482422,29.81999969482422,29.81999969482422,29.81999969482422,29.81999969482422,1072.0
2024-10-25 13:12:00+00:00,FLEX,35.20500183105469,35.20500183105469,35.2599983215332,35.20500183105469,35.2599983215332,17764.0
2024-10-25 13:12:00+00:00,FLYW,17.489999771118164,17.489999771118164,17.5,17.489999771118164,17.489999771118164,2350.0
2024-10-25 13:12:00+00:00,FORM,45.27000045776367,45.27000045776367,45.27000045776367,45.27000045776367,45.27000045776367,104.0
2024-10-25 13:12:00+00:00,FRGT,1.8795000314712524,1.8795000314712524,1.8795000314712524,1.8795000314712524,1.8795000314712524,1850.0
2024-10-25 13:12:00+00:00,FRSH,11.649999618530273,11.649999618530273,11.649999618530273,11.649999618530273,11.649999618530273,444.0
2024-10-25 13:12:00+00:00,FSLR,198.52000427246094,198.52000427246094,198.60000610351562,198.42999267578125,198.42999267578125,5130.0
2024-10-25 13:12:00+00:00,FTCI,0.6610000133514404,0.6610000133514404,0.6610000133514404,0.6610000133514404,0.6610000133514404,846.0
2024-10-25 13:12:00+00:00,FTNT,81.08000183105469,81.08000183105469,81.11000061035156,81.08000183105469,81.11000061035156,5537.0
2024-10-25 13:12:00+00:00,GCT,24.829999923706055,24.829999923706055,24.829999923706055,24.829999923706055,24.829999923706055,327.0
2024-10-25 13:12:00+00:00,GFS,41.220001220703125,41.220001220703125,41.220001220703125,41.20500183105469,41.220001220703125,914.0
2024-10-25 13:12:00+00:00,GILT,4.945000171661377,4.945000171661377,4.945000171661377,4.945000171661377,4.945000171661377,246.0
2024-10-25 13:12:00+00:00,GPRO,1.3350000381469727,1.3350000381469727,1.3350000381469727,1.3350000381469727,1.3350000381469727,200.0
2024-10-25 13:12:00+00:00,GRAB,4.105000019073486,4.105000019073486,4.105000019073486,4.101600170135498,4.105000019073486,9526.0
2024-10-25 13:12:00+00:00,GTLB,55.540000915527344,55.540000915527344,55.540000915527344,55.459999084472656,55.470001220703125,5078.0
2024-10-25 13:12:00+00:00,GVP,4.610000133514404,4.610000133514404,4.610000133514404,4.610000133514404,4.610000133514404,422.0
2024-10-25 13:12:00+00:00,HCP,33.665000915527344,33.665000915527344,33.66999816894531,33.665000915527344,33.665000915527344,2021.0
2024-10-25 13:12:00+00:00,HLIT,14.819999694824219,14.819999694824219,14.819999694824219,14.819999694824219,14.819999694824219,328.0
2024-10-25 13:12:00+00:00,HOLO,3.625,3.625,3.640000104904175,3.5999999046325684,3.5999999046325684,13765.0
2024-10-25 13:12:00+00:00,HOOD,27.385000228881836,27.385000228881836,27.389999389648438,27.3700008392334,27.3700008392334,12389.0
2024-10-25 13:12:00+00:00,ICHR,27.81999969482422,27.81999969482422,27.81999969482422,27.81999969482422,27.81999969482422,444.0
2024-10-25 13:12:00+00:00,IMMR,8.739999771118164,8.739999771118164,8.739999771118164,8.734000205993652,8.734999656677246,1550.0
2024-10-25 13:12:00+00:00,INFN,6.789999961853027,6.789999961853027,6.789999961853027,6.789999961853027,6.789999961853027,283.0
2024-10-25 13:12:00+00:00,INTC,23.09000015258789,23.09000015258789,23.110000610351562,23.09000015258789,23.094999313354492,62839.0
2024-10-25 13:12:00+00:00,INTU,611.760009765625,611.760009765625,611.760009765625,611.760009765625,611.760009765625,244.0
2024-10-25 13:12:00+00:00,IPGP,77.56500244140625,77.56500244140625,77.63999938964844,77.52999877929688,77.55000305175781,5593.0
2024-10-25 13:12:00+00:00,ITI,7.190000057220459,7.190000057220459,7.190000057220459,7.190000057220459,7.190000057220459,201.0
2024-10-25 13:12:00+00:00,ITRI,102.88999938964844,102.88999938964844,102.88999938964844,102.88999938964844,102.88999938964844,132.0
2024-10-25 13:12:00+00:00,ITRN,27.15999984741211,27.15999984741211,27.15999984741211,27.114999771118164,27.149999618530273,1174.0
2024-10-25 13:12:00+00:00,JAMF,16.770000457763672,16.770000457763672,16.770000457763672,16.770000457763672,16.770000457763672,1444.0
2024-10-25 13:12:00+00:00,JKHY,183.33680725097656,183.33680725097656,183.33680725097656,183.33680725097656,183.33680725097656,727.0
2024-10-25 13:12:00+00:00,KC,2.7249999046325684,2.7249999046325684,2.7249999046325684,2.7200000286102295,2.7200000286102295,3708.0
2024-10-25 13:12:00+00:00,KLAC,680.635009765625,680.635009765625,680.635009765625,680.635009765625,680.635009765625,900.0
2024-10-25 13:12:00+00:00,LASR,10.449999809265137,10.449999809265137,10.449999809265137,10.449999809265137,10.449999809265137,140.0
2024-10-25 13:12:00+00:00,LITE,64.01000213623047,64.01000213623047,64.05999755859375,63.96500015258789,63.970001220703125,2961.0
2024-10-25 13:12:00+00:00,LRCX,79.20999908447266,79.20999908447266,79.23999786376953,79.19000244140625,79.19000244140625,16694.0
2024-10-25 13:12:00+00:00,LSCC,54.709999084472656,54.709999084472656,54.709999084472656,54.689998626708984,54.689998626708984,1332.0
2024-10-25 13:12:00+00:00,LYFT,13.779999732971191,13.779999732971191,13.779999732971191,13.774999618530273,13.774999618530273,2041.0
2024-10-25 13:12:00+00:00,MANH,276.05999755859375,276.05999755859375,276.05999755859375,276.05999755859375,276.05999755859375,983.0
2024-10-25 13:12:00+00:00,MAPS,0.8422999978065491,0.8422999978065491,0.8422999978065491,0.8422999978065491,0.8422999978065491,200.0
2024-10-25 13:12:00+00:00,MCHP,77.33000183105469,77.33000183105469,77.33999633789062,77.30999755859375,77.30999755859375,4129.0
2024-10-25 13:12:00+00:00,MIND,3.5399999618530273,3.5399999618530273,3.5399999618530273,3.5399999618530273,3.5399999618530273,285.0
2024-10-25 13:12:00+00:00,MPWR,924.9600219726562,924.9600219726562,924.9600219726562,924.9500122070312,924.9500122070312,627.0
2024-10-25 13:12:00+00:00,MQ,5.284999847412109,5.284999847412109,5.284999847412109,5.284999847412109,5.284999847412109,252.0
2024-10-25 13:12:00+00:00,MRVL,83.32499694824219,83.32499694824219,83.36000061035156,83.31999969482422,83.31999969482422,7230.0
2024-10-25 13:12:00+00:00,MSFT,430.1199951171875,430.1199951171875,430.2099914550781,430.1000061035156,430.1600036621094,9297.0
2024-10-25 13:12:00+00:00,MSTR,243.05999755859375,243.05999755859375,243.3800048828125,242.90199279785156,243.0800018310547,35610.0
2024-10-25 13:12:00+00:00,MTLS,5.965000152587891,5.965000152587891,5.965000152587891,5.965000152587891,5.965000152587891,728.0
2024-10-25 13:12:00+00:00,MTSI,120.56009674072266,120.56009674072266,120.8550033569336,120.56009674072266,120.8550033569336,3143.0
2024-10-25 13:12:00+00:00,MTTR,4.614999771118164,4.614999771118164,4.619999885559082,4.614999771118164,4.619999885559082,1352.0
2024-10-25 13:12:00+00:00,MU,108.9198989868164,108.9198989868164,108.93499755859375,108.9000015258789,108.91000366210938,22497.0
2024-10-25 13:12:00+00:00,MVIS,1.0800000429153442,1.0800000429153442,1.0850000381469727,1.0800000429153442,1.0850000381469727,10490.0
2024-10-25 13:12:00+00:00,MXL,14.996999740600586,14.996999740600586,14.996999740600586,14.970000267028809,14.970000267028809,1904.0
2024-10-25 13:12:00+00:00,NCNO,37.79999923706055,37.79999923706055,37.79999923706055,37.79999923706055,37.79999923706055,1091.0
2024-10-25 13:12:00+00:00,NNDM,2.32069993019104,2.32069993019104,2.32069993019104,2.32069993019104,2.32069993019104,406.0
2024-10-25 13:12:00+00:00,NSIT,209.22999572753906,209.22999572753906,209.22999572753906,209.22999572753906,209.22999572753906,254.0
2024-10-25 13:12:00+00:00,NTAP,120.18000030517578,120.18000030517578,120.18000030517578,120.18000030517578,120.18000030517578,1558.0
2024-10-25 13:12:00+00:00,NTGR,20.329999923706055,20.329999923706055,20.329999923706055,20.329999923706055,20.329999923706055,269.0
2024-10-25 13:12:00+00:00,NTNX,62.279998779296875,62.279998779296875,62.279998779296875,62.279998779296875,62.279998779296875,1545.0
2024-10-25 13:12:00+00:00,NVDA,143.4199981689453,143.4199981689453,143.49000549316406,143.41000366210938,143.4199981689453,228855.0
2024-10-25 13:12:00+00:00,NVEI,33.52000045776367,33.52000045776367,33.52000045776367,33.52000045776367,33.52000045776367,221.0
2024-10-25 13:12:00+00:00,NVMI,184.84500122070312,184.84500122070312,184.84500122070312,184.84500122070312,184.84500122070312,1165.0
2024-10-25 13:12:00+00:00,NVTS,2.6050000190734863,2.6050000190734863,2.6050000190734863,2.6050000190734863,2.6050000190734863,664.0
2024-10-25 13:12:00+00:00,NXPI,246.0749969482422,246.0749969482422,246.0749969482422,245.9250030517578,245.9499969482422,5106.0
2024-10-25 13:12:00+00:00,OKTA,72.45999908447266,72.45999908447266,72.4749984741211,72.45999908447266,72.4749984741211,666.0
2024-10-25 13:12:00+00:00,ON,72.11000061035156,72.11000061035156,72.12999725341797,72.08999633789062,72.08999633789062,11640.0
2024-10-25 13:12:00+00:00,OSIS,134.39500427246094,134.39500427246094,134.39500427246094,134.39500427246094,134.39500427246094,803.0
2024-10-25 13:12:00+00:00,PANW,369.4750061035156,369.4750061035156,369.4750061035156,369.4750061035156,369.4750061035156,685.0
2024-10-25 13:12:00+00:00,PEGA,80.19000244140625,80.19000244140625,80.50499725341797,80.19000244140625,80.50499725341797,2626.0
2024-10-25 13:12:00+00:00,PEGY,4.679900169372559,4.679900169372559,4.679900169372559,4.679900169372559,4.679900169372559,323.0
2024-10-25 13:12:00+00:00,PGY,11.875,11.875,11.875,11.875,11.875,418.0
2024-10-25 13:12:00+00:00,PHUN,10.320099830627441,10.320099830627441,10.324700355529785,10.300000190734863,10.307600021362305,23485.0
2024-10-25 13:12:00+00:00,POET,3.859999895095825,3.859999895095825,3.859999895095825,3.8499999046325684,3.8499999046325684,1889.0
2024-10-25 13:12:00+00:00,POWI,64.0199966430664,64.0199966430664,64.0199966430664,64.0199966430664,64.0199966430664,622.0
2024-10-25 13:12:00+00:00,PRGS,64.81999969482422,64.81999969482422,64.81999969482422,64.81999969482422,64.81999969482422,102.0
2024-10-25 13:12:00+00:00,PTC,186.9199981689453,186.9199981689453,186.9199981689453,186.91000366210938,186.91000366210938,398.0
2024-10-25 13:12:00+00:00,PYCR,14.329999923706055,14.329999923706055,14.34000015258789,14.329999923706055,14.34000015258789,232.0
2024-10-25 13:12:00+00:00,QCOM,172.7100067138672,172.7100067138672,172.74000549316406,172.69000244140625,172.69000244140625,3527.0
2024-10-25 13:12:00+00:00,QRVO,100.63999938964844,100.63999938964844,100.63999938964844,100.61000061035156,100.61000061035156,1558.0
2024-10-25 13:12:00+00:00,QUBT,1.0791000127792358,1.0791000127792358,1.0791000127792358,1.0791000127792358,1.0791000127792358,1000.0
2024-10-25 13:12:00+00:00,RCAT,2.7653000354766846,2.7653000354766846,2.7688000202178955,2.765000104904175,2.765000104904175,3603.0
2024-10-25 13:12:00+00:00,REKR,1.100000023841858,1.100000023841858,1.100000023841858,1.090000033378601,1.090000033378601,12117.0
2024-10-25 13:12:00+00:00,RELY,14.845000267028809,14.845000267028809,14.864999771118164,14.845000267028809,14.864999771118164,3529.0
2024-10-25 13:12:00+00:00,RGTI,1.2300000190734863,1.2300000190734863,1.2300000190734863,1.2273999452590942,1.2273999452590942,1800.0
2024-10-25 13:12:00+00:00,RIOT,10.055000305175781,10.055000305175781,10.059900283813477,10.04990005493164,10.04990005493164,26948.0
2024-10-25 13:12:00+00:00,RMBS,43.685001373291016,43.685001373291016,43.685001373291016,43.685001373291016,43.685001373291016,449.0
2024-10-25 13:12:00+00:00,RPD,38.875,38.875,38.875,38.875,38.875,1549.0
2024-10-25 13:12:00+00:00,RUN,14.335000038146973,14.335000038146973,14.335000038146973,14.324999809265137,14.324999809265137,2872.0
2024-10-25 13:12:00+00:00,SATS,25.139999389648438,25.139999389648438,25.139999389648438,25.139999389648438,25.139999389648438,1539.0
2024-10-25 13:12:00+00:00,SCWX,8.380000114440918,8.380000114440918,8.380000114440918,8.380000114440918,8.380000114440918,111.0
2024-10-25 13:12:00+00:00,SEDG,16.014299392700195,16.014299392700195,16.030000686645508,16.0,16.002300262451172,5316.0
2024-10-25 13:12:00+00:00,SHLS,5.269999980926514,5.269999980926514,5.275000095367432,5.264999866485596,5.269999980926514,7447.0
2024-10-25 13:12:00+00:00,SITM,183.5399932861328,183.5399932861328,183.6999969482422,183.53500366210938,183.6999969482422,1373.0
2024-10-25 13:12:00+00:00,SKYT,10.680000305175781,10.680000305175781,10.680000305175781,10.675000190734863,10.675000190734863,903.0
2024-10-25 13:12:00+00:00,SMCI,47.54999923706055,47.54999923706055,47.560001373291016,47.52000045776367,47.529998779296875,32860.0
2024-10-25 13:12:00+00:00,SMTC,46.04499816894531,46.04499816894531,46.04499816894531,46.04499816894531,46.04499816894531,339.0
2024-10-25 13:12:00+00:00,SNPS,504.9800109863281,504.9800109863281,504.9800109863281,504.69000244140625,504.69000244140625,1829.0
2024-10-25 13:12:00+00:00,SOBR,7.449999809265137,7.449999809265137,7.449999809265137,7.449999809265137,7.449999809265137,1186.0
2024-10-25 13:12:00+00:00,SOUN,5.23799991607666,5.23799991607666,5.239999771118164,5.21999979019165,5.224999904632568,67390.0
2024-10-25 13:12:00+00:00,SPSC,173.1199951171875,173.1199951171875,173.1199951171875,173.1199951171875,173.1199951171875,418.0
2024-10-25 13:12:00+00:00,SPT,27.0,27.0,27.0,27.0,27.0,203.0
2024-10-25 13:12:00+00:00,SRAD,12.390000343322754,12.390000343322754,12.399999618530273,12.390000343322754,12.390000343322754,402.0
2024-10-25 13:12:00+00:00,SSNC,69.55000305175781,69.55000305175781,69.58000183105469,69.55000305175781,69.58000183105469,5175.0
2024-10-25 13:12:00+00:00,STNE,11.510000228881836,11.510000228881836,11.510000228881836,11.505000114440918,11.510000228881836,1415.0
2024-10-25 13:12:00+00:00,STX,104.2750015258789,104.2750015258789,104.2750015258789,104.2750015258789,104.2750015258789,1379.0
2024-10-25 13:12:00+00:00,SURG,1.7450000047683716,1.7450000047683716,1.75,1.7450000047683716,1.7450000047683716,6014.0
2024-10-25 13:12:00+00:00,SVRE,0.08219999819993973,0.08219999819993973,0.08219999819993973,0.08219999819993973,0.08219999819993973,13704.0
2024-10-25 13:12:00+00:00,SWKS,96.7300033569336,96.7300033569336,96.7300033569336,96.68499755859375,96.68499755859375,1633.0
2024-10-25 13:12:00+00:00,SYNA,73.47000122070312,73.47000122070312,73.5199966430664,73.38999938964844,73.38999938964844,1493.0
2024-10-25 13:12:00+00:00,SYTA,1.2699999809265137,1.2699999809265137,1.2699999809265137,1.2699999809265137,1.2699999809265137,1300.0
2024-10-25 13:12:00+00:00,TEAM,190.5399932861328,190.5399932861328,190.5399932861328,190.5399932861328,190.5399932861328,907.0
2024-10-25 13:12:00+00:00,TENB,41.66999816894531,41.66999816894531,41.66999816894531,41.66999816894531,41.66999816894531,1191.0
2024-10-25 13:12:00+00:00,TER,113.32499694824219,113.32499694824219,113.3499984741211,113.27999877929688,113.27999877929688,7293.0
2024-10-25 13:12:00+00:00,TLS,3.6549999713897705,3.6549999713897705,3.6549999713897705,3.6549999713897705,3.6549999713897705,2172.0
2024-10-25 13:12:00+00:00,TSAT,13.102899551391602,13.102899551391602,13.102899551391602,13.102899551391602,13.102899551391602,687.0
2024-10-25 13:12:00+00:00,TSEM,45.23500061035156,45.23500061035156,45.23500061035156,45.23500061035156,45.23500061035156,597.0
2024-10-25 13:12:00+00:00,TTD,119.23049926757812,119.23049926757812,119.2699966430664,119.18000030517578,119.2300033569336,5453.0
2024-10-25 13:12:00+00:00,TWKS,4.449999809265137,4.449999809265137,4.449999809265137,4.449999809265137,4.449999809265137,1959.0
2024-10-25 13:12:00+00:00,TXN,209.07000732421875,209.07000732421875,209.1199951171875,209.03500366210938,209.10000610351562,8625.0
2024-10-25 13:12:00+00:00,UCTT,36.02000045776367,36.02000045776367,36.04999923706055,36.02000045776367,36.04499816894531,1368.0
2024-10-25 13:12:00+00:00,VECO,29.587499618530273,29.587499618530273,29.587499618530273,29.587499618530273,29.587499618530273,391.0
2024-10-25 13:12:00+00:00,VICR,46.55849838256836,46.55849838256836,46.55849838256836,46.55849838256836,46.55849838256836,249.0
2024-10-25 13:12:00+00:00,VMEO,4.775000095367432,4.775000095367432,4.775000095367432,4.775000095367432,4.775000095367432,527.0
2024-10-25 13:12:00+00:00,VNET,3.4649999141693115,3.4649999141693115,3.4649999141693115,3.4600000381469727,3.4600000381469727,483.0
2024-10-25 13:12:00+00:00,VRNS,57.11000061035156,57.11000061035156,57.11000061035156,57.09000015258789,57.09000015258789,1339.0
2024-10-25 13:12:00+00:00,VRSN,185.24000549316406,185.24000549316406,185.24000549316406,185.17999267578125,185.17999267578125,1153.0
2024-10-25 13:12:00+00:00,VSAT,10.359999656677246,10.359999656677246,10.359999656677246,10.350000381469727,10.359999656677246,712.0
2024-10-25 13:12:00+00:00,WDAY,239.60000610351562,239.60000610351562,239.63499450683594,239.60000610351562,239.63499450683594,923.0
2024-10-25 13:12:00+00:00,WDC,71.05000305175781,71.05000305175781,71.08999633789062,71.01000213623047,71.01000213623047,11531.0
2024-10-25 13:12:00+00:00,WISA,1.9901000261306763,1.9901000261306763,1.9950000047683716,1.9800000190734863,1.9800000190734863,5085.0
2024-10-25 13:12:00+00:00,WIX,165.49000549316406,165.49000549316406,165.49000549316406,165.4199981689453,165.4199981689453,1781.0
2024-10-25 13:12:00+00:00,XRX,10.06029987335205,10.06029987335205,10.06029987335205,10.015000343322754,10.015000343322754,17394.0
2024-10-25 13:12:00+00:00,ZBRA,362.385009765625,362.385009765625,362.385009765625,362.385009765625,362.385009765625,171.0
2024-10-25 13:12:00+00:00,ZI,10.5600004196167,10.5600004196167,10.5600004196167,10.555000305175781,10.5600004196167,2739.0
2024-10-25 13:12:00+00:00,ZM,73.16000366210938,73.16000366210938,73.16000366210938,73.16000366210938,73.16000366210938,1396.0
2024-10-25 13:12:00+00:00,ZS,185.82110595703125,185.82110595703125,185.99000549316406,185.82110595703125,185.99000549316406,2557.0
2024-10-25 13:13:00+00:00,AAOI,17.829999923706055,17.829999923706055,17.8700008392334,17.829999923706055,17.86520004272461,1041.0
2024-10-25 13:13:00+00:00,AAPL,232.19000244140625,232.19000244140625,232.39999389648438,232.1300048828125,232.38999938964844,41775.0
2024-10-25 13:13:00+00:00,ACIW,48.75,48.75,48.83000183105469,48.75,48.83000183105469,2193.0
2024-10-25 13:13:00+00:00,ACLS,90.55999755859375,90.55999755859375,90.5999984741211,90.55999755859375,90.58999633789062,803.0
2024-10-25 13:13:00+00:00,ACMR,19.89590072631836,19.89590072631836,19.920000076293945,19.89590072631836,19.920000076293945,7840.0
2024-10-25 13:13:00+00:00,ADBE,485.0400085449219,485.0400085449219,485.1400146484375,485.0199890136719,485.1400146484375,3260.0
2024-10-25 13:13:00+00:00,ADI,233.6300048828125,233.6300048828125,233.8800048828125,233.6300048828125,233.8800048828125,3742.0
2024-10-25 13:13:00+00:00,ADSK,286.7074890136719,286.7074890136719,286.7099914550781,286.7074890136719,286.7099914550781,1020.0
2024-10-25 13:13:00+00:00,ADTN,6.380000114440918,6.380000114440918,6.380000114440918,6.380000114440918,6.380000114440918,1108.0
2024-10-25 13:13:00+00:00,AEHR,17.18000030517578,17.18000030517578,17.21500015258789,17.18000030517578,17.200300216674805,6900.0
2024-10-25 13:13:00+00:00,AEYE,22.975000381469727,22.975000381469727,22.975000381469727,22.975000381469727,22.975000381469727,587.0
2024-10-25 13:13:00+00:00,AFRM,41.66999816894531,41.66999816894531,41.709999084472656,41.66999816894531,41.70000076293945,5467.0
2024-10-25 13:13:00+00:00,AKAM,102.63999938964844,102.63999938964844,102.72000122070312,102.63999938964844,102.72000122070312,1904.0
2024-10-25 13:13:00+00:00,ALGM,23.100000381469727,23.100000381469727,23.1299991607666,23.100000381469727,23.114999771118164,9329.0
2024-10-25 13:13:00+00:00,ALKT,38.09920120239258,38.09920120239258,38.09920120239258,38.09000015258789,38.09000015258789,373.0
2024-10-25 13:13:00+00:00,ALRM,54.75,54.75,54.779998779296875,54.66749954223633,54.67499923706055,4276.0
2024-10-25 13:13:00+00:00,ALTR,103.80999755859375,103.80999755859375,103.94000244140625,103.80999755859375,103.94000244140625,1802.0
2024-10-25 13:13:00+00:00,AMAT,188.6199951171875,188.6199951171875,188.91879272460938,188.6199951171875,188.83999633789062,8369.0
2024-10-25 13:13:00+00:00,AMBA,58.43000030517578,58.43000030517578,58.439998626708984,58.43000030517578,58.439998626708984,394.0
2024-10-25 13:13:00+00:00,AMD,157.6699981689453,157.6699981689453,157.88999938964844,157.60009765625,157.8719940185547,33632.0
2024-10-25 13:13:00+00:00,AMKR,30.114999771118164,30.114999771118164,30.139999389648438,30.110000610351562,30.13599967956543,4461.0
2024-10-25 13:13:00+00:00,AMPL,9.180000305175781,9.180000305175781,9.199999809265137,9.180000305175781,9.199999809265137,1467.0
2024-10-25 13:13:00+00:00,API,2.9100000858306885,2.9100000858306885,2.9100000858306885,2.9100000858306885,2.9100000858306885,1040.0
2024-10-25 13:13:00+00:00,APP,161.27000427246094,161.27000427246094,161.41000366210938,161.27000427246094,161.41000366210938,2024.0
2024-10-25 13:13:00+00:00,APPF,213.4499969482422,213.4499969482422,214.17999267578125,213.4499969482422,214.17999267578125,3156.0
2024-10-25 13:13:00+00:00,APPN,32.09000015258789,32.09000015258789,32.09000015258789,32.09000015258789,32.09000015258789,3102.0
2024-10-25 13:13:00+00:00,ARRY,6.425000190734863,6.425000190734863,6.434999942779541,6.423999786376953,6.429999828338623,17832.0
2024-10-25 13:13:00+00:00,ASML,718.5999755859375,718.5999755859375,719.1699829101562,718.5999755859375,719.1699829101562,2579.0
2024-10-25 13:13:00+00:00,AUR,6.474999904632568,6.474999904632568,6.489999771118164,6.46999979019165,6.483799934387207,13323.0
2024-10-25 13:13:00+00:00,AVDX,8.149999618530273,8.149999618530273,8.149999618530273,8.149999618530273,8.149999618530273,4864.0
2024-10-25 13:13:00+00:00,AVGO,175.4199981689453,175.4199981689453,175.6699981689453,175.38999938964844,175.64039611816406,20983.0
2024-10-25 13:13:00+00:00,AVNW,20.959999084472656,20.959999084472656,20.959999084472656,20.959999084472656,20.959999084472656,914.0
2024-10-25 13:13:00+00:00,AVPT,11.989999771118164,11.989999771118164,11.989999771118164,11.989999771118164,11.989999771118164,498.0
2024-10-25 13:13:00+00:00,AVT,53.95000076293945,53.95000076293945,53.9900016784668,53.95000076293945,53.9900016784668,755.0
2024-10-25 13:13:00+00:00,BAND,17.65999984741211,17.65999984741211,17.670000076293945,17.65999984741211,17.670000076293945,1005.0
2024-10-25 13:13:00+00:00,BASE,16.3799991607666,16.3799991607666,16.3799991607666,16.3799991607666,16.3799991607666,122.0
2024-10-25 13:13:00+00:00,BL,56.525001525878906,56.525001525878906,56.525001525878906,56.380001068115234,56.38999938964844,6214.0
2024-10-25 13:13:00+00:00,BMBL,7.144999980926514,7.144999980926514,7.170000076293945,7.144999980926514,7.170000076293945,5497.0
2024-10-25 13:13:00+00:00,BRZE,30.594999313354492,30.594999313354492,30.610000610351562,30.59000015258789,30.610000610351562,1993.0
2024-10-25 13:13:00+00:00,BSY,49.17900085449219,49.17900085449219,49.220001220703125,49.17900085449219,49.220001220703125,2355.0
2024-10-25 13:13:00+00:00,CAMT,78.5199966430664,78.5199966430664,78.5199966430664,78.5199966430664,78.5199966430664,1879.0
2024-10-25 13:13:00+00:00,CAN,0.9850000143051147,0.9850000143051147,0.9858999848365784,0.9850000143051147,0.9850000143051147,14908.0
2024-10-25 13:13:00+00:00,CDNS,259.5350036621094,259.5350036621094,259.7349853515625,259.30999755859375,259.7349853515625,5427.0
2024-10-25 13:13:00+00:00,CDW,219.86000061035156,219.86000061035156,219.97500610351562,219.86000061035156,219.97500610351562,940.0
2024-10-25 13:13:00+00:00,CETX,0.303600013256073,0.303600013256073,0.303600013256073,0.303600013256073,0.303600013256073,337.0
2024-10-25 13:13:00+00:00,CFLT,22.6200008392334,22.6200008392334,22.635000228881836,22.6200008392334,22.6299991607666,2665.0
2024-10-25 13:13:00+00:00,CGNX,38.95000076293945,38.95000076293945,38.98249816894531,38.95000076293945,38.959999084472656,3699.0
2024-10-25 13:13:00+00:00,CHKP,206.9499969482422,206.9499969482422,206.9499969482422,206.9499969482422,206.9499969482422,3862.0
2024-10-25 13:13:00+00:00,CLBT,18.18000030517578,18.18000030517578,18.190000534057617,18.18000030517578,18.190000534057617,602.0
2024-10-25 13:13:00+00:00,CLFD,36.459999084472656,36.459999084472656,36.459999084472656,36.459999084472656,36.459999084472656,795.0
2024-10-25 13:13:00+00:00,CLSK,11.925000190734863,11.925000190734863,11.97599983215332,11.920100212097168,11.95199966430664,46244.0
2024-10-25 13:13:00+00:00,CMTL,3.7249999046325684,3.7249999046325684,3.7249999046325684,3.7249999046325684,3.7249999046325684,105.0
2024-10-25 13:13:00+00:00,CNDT,3.6050000190734863,3.6050000190734863,3.609999895095825,3.6050000190734863,3.609999895095825,2004.0
2024-10-25 13:13:00+00:00,CNXC,44.875,44.875,44.97999954223633,44.875,44.97999954223633,2680.0
2024-10-25 13:13:00+00:00,COHR,95.66000366210938,95.66000366210938,95.87999725341797,95.62999725341797,95.87999725341797,2394.0
2024-10-25 13:13:00+00:00,COHU,26.360000610351562,26.360000610351562,26.3700008392334,26.360000610351562,26.3700008392334,1293.0
2024-10-25 13:13:00+00:00,COIN,211.0200958251953,211.0200958251953,211.61000061035156,211.0200958251953,211.5,15734.0
2024-10-25 13:13:00+00:00,COMM,6.295000076293945,6.295000076293945,6.295000076293945,6.2947001457214355,6.295000076293945,2740.0
2024-10-25 13:13:00+00:00,CORZ,13.404999732971191,13.404999732971191,13.428600311279297,13.404999732971191,13.414999961853027,10416.0
2024-10-25 13:13:00+00:00,CRCT,6.614999771118164,6.614999771118164,6.614999771118164,6.610000133514404,6.610000133514404,907.0
2024-10-25 13:13:00+00:00,CRDO,39.64099884033203,39.64099884033203,39.75,39.64099884033203,39.75,5029.0
2024-10-25 13:13:00+00:00,CREX,4.25,4.25,4.260000228881836,4.25,4.260000228881836,1316.0
2024-10-25 13:13:00+00:00,CRNC,2.884999990463257,2.884999990463257,2.884999990463257,2.8801000118255615,2.884000062942505,2125.0
2024-10-25 13:13:00+00:00,CRSR,6.389999866485596,6.389999866485596,6.389999866485596,6.389999866485596,6.389999866485596,1719.0
2024-10-25 13:13:00+00:00,CRUS,123.45999908447266,123.45999908447266,123.52999877929688,123.45999908447266,123.52999877929688,1183.0
2024-10-25 13:13:00+00:00,CRWD,302.1700134277344,302.1700134277344,302.927490234375,302.0,302.79998779296875,13645.0
2024-10-25 13:13:00+00:00,CSCO,55.8849983215332,55.8849983215332,55.915000915527344,55.880001068115234,55.9109992980957,22669.0
2024-10-25 13:13:00+00:00,CSGS,47.54999923706055,47.54999923706055,47.54999923706055,47.54999923706055,47.54999923706055,201.0
2024-10-25 13:13:00+00:00,CSIQ,13.625,13.625,13.625,13.625,13.625,714.0
2024-10-25 13:13:00+00:00,CTLP,8.895000457763672,8.895000457763672,8.899999618530273,8.895000457763672,8.899999618530273,1247.0
2024-10-25 13:13:00+00:00,CTSH,74.83999633789062,74.83999633789062,74.86000061035156,74.83999633789062,74.84500122070312,3166.0
2024-10-25 13:13:00+00:00,CVLT,134.4199981689453,134.4199981689453,134.4199981689453,134.4199981689453,134.4199981689453,1344.0
2024-10-25 13:13:00+00:00,DBX,25.969999313354492,25.969999313354492,25.9950008392334,25.969999313354492,25.9950008392334,12608.0
2024-10-25 13:13:00+00:00,DDOG,127.30500030517578,127.30500030517578,127.38999938964844,127.30500030517578,127.38999938964844,7176.0
2024-10-25 13:13:00+00:00,DIOD,66.6050033569336,66.6050033569336,66.61499786376953,66.6050033569336,66.61499786376953,1125.0
2024-10-25 13:13:00+00:00,DLO,8.885000228881836,8.885000228881836,8.885000228881836,8.885000228881836,8.885000228881836,601.0
2024-10-25 13:13:00+00:00,DOCU,69.69000244140625,69.69000244140625,69.77999877929688,69.68000030517578,69.77999877929688,4538.0
2024-10-25 13:13:00+00:00,DSGX,104.16999816894531,104.16999816894531,104.16999816894531,104.16999816894531,104.16999816894531,599.0
2024-10-25 13:13:00+00:00,DUOL,290.25,290.25,290.2699890136719,290.25,290.2699890136719,775.0
2024-10-25 13:13:00+00:00,EEFT,99.50749969482422,99.50749969482422,99.54000091552734,99.50749969482422,99.54000091552734,479.0
2024-10-25 13:13:00+00:00,EMKR,2.109999895095825,2.109999895095825,2.109999895095825,2.109999895095825,2.109999895095825,1800.0
2024-10-25 13:13:00+00:00,ENPH,82.9124984741211,82.9124984741211,83.13999938964844,82.91000366210938,83.13999938964844,7427.0
2024-10-25 13:13:00+00:00,ENTG,105.94999694824219,105.94999694824219,106.08000183105469,105.94999694824219,106.08000183105469,4435.0
2024-10-25 13:13:00+00:00,ERIC,8.47599983215332,8.47599983215332,8.489899635314941,8.470100402832031,8.484999656677246,188617.0
2024-10-25 13:13:00+00:00,EVCM,10.574999809265137,10.574999809265137,10.574999809265137,10.574999809265137,10.574999809265137,172.0
2024-10-25 13:13:00+00:00,EXFY,1.725000023841858,1.725000023841858,1.725000023841858,1.725000023841858,1.725000023841858,247.0
2024-10-25 13:13:00+00:00,EXLS,38.88999938964844,38.88999938964844,38.88999938964844,38.88999938964844,38.88999938964844,2027.0
2024-10-25 13:13:00+00:00,EXTR,14.479999542236328,14.479999542236328,14.479999542236328,14.479999542236328,14.479999542236328,666.0
2024-10-25 13:13:00+00:00,FFIV,216.82000732421875,216.82000732421875,216.97500610351562,216.72000122070312,216.77000427246094,5186.0
2024-10-25 13:13:00+00:00,FIVN,29.795000076293945,29.795000076293945,29.829999923706055,29.795000076293945,29.829999923706055,6057.0
2024-10-25 13:13:00+00:00,FLEX,35.18000030517578,35.18000030517578,35.20000076293945,35.18000030517578,35.20000076293945,4038.0
2024-10-25 13:13:00+00:00,FLYW,17.489999771118164,17.489999771118164,17.489999771118164,17.489999771118164,17.489999771118164,701.0
2024-10-25 13:13:00+00:00,FORM,45.20000076293945,45.20000076293945,45.2400016784668,45.20000076293945,45.2400016784668,1511.0
2024-10-25 13:13:00+00:00,FRGT,1.8799999952316284,1.8799999952316284,1.8799999952316284,1.8799999952316284,1.8799999952316284,0.0
2024-10-25 13:13:00+00:00,FROG,29.3799991607666,29.3799991607666,29.389999389648438,29.3799991607666,29.389999389648438,1257.0
2024-10-25 13:13:00+00:00,FRSH,11.654999732971191,11.654999732971191,11.654999732971191,11.649999618530273,11.649999618530273,9190.0
2024-10-25 13:13:00+00:00,FSLR,198.32000732421875,198.32000732421875,198.50999450683594,198.32000732421875,198.47000122070312,2812.0
2024-10-25 13:13:00+00:00,FTFT,0.3163999915122986,0.3163999915122986,0.3163999915122986,0.3163999915122986,0.3163999915122986,16895.0
2024-10-25 13:13:00+00:00,FTNT,81.01000213623047,81.01000213623047,81.06999969482422,81.01000213623047,81.06999969482422,1584.0
2024-10-25 13:13:00+00:00,GCT,24.780000686645508,24.780000686645508,24.829999923706055,24.75,24.829999923706055,6270.0
2024-10-25 13:13:00+00:00,GDS,21.4950008392334,21.4950008392334,21.4950008392334,21.4950008392334,21.4950008392334,754.0
2024-10-25 13:13:00+00:00,GDYN,15.569999694824219,15.569999694824219,15.569999694824219,15.569999694824219,15.569999694824219,557.0
2024-10-25 13:13:00+00:00,GFS,41.17499923706055,41.17499923706055,41.189998626708984,41.16999816894531,41.189998626708984,1394.0
2024-10-25 13:13:00+00:00,GILT,4.945000171661377,4.945000171661377,4.949999809265137,4.945000171661377,4.949999809265137,288.0
2024-10-25 13:13:00+00:00,GPRO,1.3350000381469727,1.3350000381469727,1.3350000381469727,1.3339999914169312,1.3339999914169312,771.0
2024-10-25 13:13:00+00:00,GRAB,4.105000019073486,4.105000019073486,4.105000019073486,4.105000019073486,4.105000019073486,3430.0
2024-10-25 13:13:00+00:00,GTLB,55.57500076293945,55.57500076293945,55.619998931884766,55.529998779296875,55.54999923706055,4999.0
2024-10-25 13:13:00+00:00,HCKT,24.85569953918457,24.85569953918457,24.85569953918457,24.85569953918457,24.85569953918457,726.0
2024-10-25 13:13:00+00:00,HCP,33.665000915527344,33.665000915527344,33.66999816894531,33.665000915527344,33.66999816894531,1826.0
2024-10-25 13:13:00+00:00,HIMX,6.179999828338623,6.179999828338623,6.184999942779541,6.179999828338623,6.179999828338623,3517.0
2024-10-25 13:13:00+00:00,HLIT,14.800000190734863,14.800000190734863,14.800000190734863,14.800000190734863,14.800000190734863,527.0
2024-10-25 13:13:00+00:00,HOLO,3.5999999046325684,3.5999999046325684,3.628999948501587,3.5899999141693115,3.609999895095825,12895.0
2024-10-25 13:13:00+00:00,HOOD,27.360000610351562,27.360000610351562,27.389999389648438,27.354999542236328,27.38990020751953,25089.0
2024-10-25 13:13:00+00:00,ICHR,27.770000457763672,27.770000457763672,27.770000457763672,27.770000457763672,27.770000457763672,595.0
2024-10-25 13:13:00+00:00,IIIV,22.8799991607666,22.8799991607666,22.889999389648438,22.8799991607666,22.889999389648438,620.0
2024-10-25 13:13:00+00:00,IMMR,8.739999771118164,8.739999771118164,8.748000144958496,8.739999771118164,8.748000144958496,1581.0
2024-10-25 13:13:00+00:00,IMXI,17.600000381469727,17.600000381469727,17.610000610351562,17.600000381469727,17.610000610351562,946.0
2024-10-25 13:13:00+00:00,INDI,3.555000066757202,3.555000066757202,3.555000066757202,3.555000066757202,3.555000066757202,1087.0
2024-10-25 13:13:00+00:00,INFN,6.789999961853027,6.789999961853027,6.789999961853027,6.789999961853027,6.789999961853027,521.0
2024-10-25 13:13:00+00:00,INOD,20.299999237060547,20.299999237060547,20.299999237060547,20.295000076293945,20.299999237060547,828.0
2024-10-25 13:13:00+00:00,INTA,50.029998779296875,50.029998779296875,50.029998779296875,50.029998779296875,50.029998779296875,326.0
2024-10-25 13:13:00+00:00,INTC,23.049999237060547,23.049999237060547,23.100000381469727,23.040000915527344,23.097200393676758,94445.0
2024-10-25 13:13:00+00:00,INTU,611.14501953125,611.14501953125,611.7100219726562,611.14501953125,611.6099853515625,1892.0
2024-10-25 13:13:00+00:00,IPGP,77.47000122070312,77.47000122070312,77.62999725341797,77.47000122070312,77.6050033569336,1676.0
2024-10-25 13:13:00+00:00,ITRI,102.65499877929688,102.65499877929688,102.73999786376953,102.65499877929688,102.73999786376953,1410.0
2024-10-25 13:13:00+00:00,JKHY,183.08999633789062,183.08999633789062,183.22000122070312,183.05499267578125,183.2100067138672,2045.0
2024-10-25 13:13:00+00:00,KC,2.7149999141693115,2.7149999141693115,2.7249999046325684,2.7149999141693115,2.7249999046325684,5372.0
2024-10-25 13:13:00+00:00,KLAC,680.1799926757812,680.1799926757812,680.8300170898438,680.1799926757812,680.5900268554688,2071.0
2024-10-25 13:13:00+00:00,KLIC,44.72999954223633,44.72999954223633,44.7400016784668,44.72999954223633,44.7400016784668,2214.0
2024-10-25 13:13:00+00:00,LASR,10.430000305175781,10.430000305175781,10.4399995803833,10.430000305175781,10.4399995803833,988.0
2024-10-25 13:13:00+00:00,LFUS,254.3000030517578,254.3000030517578,254.3000030517578,254.3000030517578,254.3000030517578,801.0
2024-10-25 13:13:00+00:00,LINK,5.099999904632568,5.099999904632568,5.179999828338623,5.079500198364258,5.079500198364258,10620.0
2024-10-25 13:13:00+00:00,LITE,63.939998626708984,63.939998626708984,64.0199966430664,63.939998626708984,64.0199966430664,1877.0
2024-10-25 13:13:00+00:00,LOGI,81.01000213623047,81.01000213623047,81.02999877929688,81.01000213623047,81.0199966430664,1339.0
2024-10-25 13:13:00+00:00,LRCX,79.06800079345703,79.06800079345703,79.20999908447266,79.05000305175781,79.20999908447266,14728.0
2024-10-25 13:13:00+00:00,LSCC,54.56999969482422,54.56999969482422,54.654998779296875,54.56999969482422,54.654998779296875,2240.0
2024-10-25 13:13:00+00:00,LYFT,13.765000343322754,13.765000343322754,13.779999732971191,13.765000343322754,13.775500297546387,27804.0
2024-10-25 13:13:00+00:00,LYTS,16.260000228881836,16.260000228881836,16.260000228881836,16.260000228881836,16.260000228881836,726.0
2024-10-25 13:13:00+00:00,MANH,275.6700134277344,275.6700134277344,275.7699890136719,275.6700134277344,275.7699890136719,1893.0
2024-10-25 13:13:00+00:00,MCHP,77.22000122070312,77.22000122070312,77.30999755859375,77.22000122070312,77.30999755859375,9690.0
2024-10-25 13:13:00+00:00,MDB,267.8699951171875,267.8699951171875,268.2799987792969,267.8699951171875,268.1400146484375,2109.0
2024-10-25 13:13:00+00:00,MITK,8.760000228881836,8.760000228881836,8.760000228881836,8.760000228881836,8.760000228881836,289.0
2024-10-25 13:13:00+00:00,MKSI,101.56999969482422,101.56999969482422,101.76000213623047,101.56999969482422,101.75,4638.0
2024-10-25 13:13:00+00:00,MNDY,299.8900146484375,299.8900146484375,299.8900146484375,299.4848937988281,299.5299987792969,2593.0
2024-10-25 13:13:00+00:00,MPWR,923.6500244140625,923.6500244140625,923.6500244140625,923.6500244140625,923.6500244140625,616.0
2024-10-25 13:13:00+00:00,MQ,5.275000095367432,5.275000095367432,5.284999847412109,5.269999980926514,5.284999847412109,21305.0
2024-10-25 13:13:00+00:00,MRVL,83.16000366210938,83.16000366210938,83.33999633789062,83.15499877929688,83.33999633789062,11425.0
2024-10-25 13:13:00+00:00,MSFT,429.635009765625,429.635009765625,430.1210021972656,429.5899963378906,430.1210021972656,34274.0
2024-10-25 13:13:00+00:00,MSTR,242.552001953125,242.552001953125,243.1829071044922,242.49020385742188,243.05999755859375,54167.0
2024-10-25 13:13:00+00:00,MTSI,120.56500244140625,120.56500244140625,120.6449966430664,120.56500244140625,120.6449966430664,1198.0
2024-10-25 13:13:00+00:00,MTTR,4.614999771118164,4.614999771118164,4.614999771118164,4.610000133514404,4.610000133514404,2713.0
2024-10-25 13:13:00+00:00,MU,108.73999786376953,108.73999786376953,108.91999816894531,108.72000122070312,108.91999816894531,25501.0
2024-10-25 13:13:00+00:00,MVIS,1.0836000442504883,1.0836000442504883,1.0850000381469727,1.0800000429153442,1.0850000381469727,5159.0
2024-10-25 13:13:00+00:00,MXL,14.970000267028809,14.970000267028809,14.989999771118164,14.960000038146973,14.989999771118164,1359.0
2024-10-25 13:13:00+00:00,NCNO,37.790000915527344,37.790000915527344,37.790000915527344,37.790000915527344,37.790000915527344,1184.0
2024-10-25 13:13:00+00:00,NEON,8.164999961853027,8.164999961853027,8.164999961853027,8.149999618530273,8.149999618530273,1773.0
2024-10-25 13:13:00+00:00,NICE,176.5449981689453,176.5449981689453,176.6199951171875,176.5449981689453,176.6199951171875,657.0
2024-10-25 13:13:00+00:00,NOVT,174.2550048828125,174.2550048828125,174.2550048828125,174.00999450683594,174.0500030517578,1027.0
2024-10-25 13:13:00+00:00,NSIT,208.91000366210938,208.91000366210938,208.91000366210938,208.91000366210938,208.91000366210938,164.0
2024-10-25 13:13:00+00:00,NTAP,120.08000183105469,120.08000183105469,120.19000244140625,120.08000183105469,120.19000244140625,1736.0
2024-10-25 13:13:00+00:00,NTCT,20.780000686645508,20.780000686645508,20.780000686645508,20.780000686645508,20.780000686645508,891.0
2024-10-25 13:13:00+00:00,NTNX,62.2599983215332,62.2599983215332,62.28499984741211,62.2599983215332,62.28499984741211,946.0
2024-10-25 13:13:00+00:00,NVDA,143.25010681152344,143.25010681152344,143.4600067138672,143.22000122070312,143.42999267578125,342661.0
2024-10-25 13:13:00+00:00,NVEI,33.52000045776367,33.52000045776367,33.52000045776367,33.52000045776367,33.52000045776367,2375.0
2024-10-25 13:13:00+00:00,NVTS,2.6050000190734863,2.6050000190734863,2.6050000190734863,2.6050000190734863,2.6050000190734863,1237.0
2024-10-25 13:13:00+00:00,NXPI,245.5850067138672,245.5850067138672,246.0749969482422,245.5850067138672,246.0749969482422,5480.0
2024-10-25 13:13:00+00:00,OKTA,72.4000015258789,72.4000015258789,72.44000244140625,72.4000015258789,72.44000244140625,942.0
2024-10-25 13:13:00+00:00,OLED,205.15499877929688,205.15499877929688,205.15499877929688,204.88999938964844,204.89999389648438,1525.0
2024-10-25 13:13:00+00:00,ON,72.0,72.0,72.13999938964844,71.98999786376953,72.12000274658203,13041.0
2024-10-25 13:13:00+00:00,OSPN,14.600000381469727,14.600000381469727,14.600000381469727,14.600000381469727,14.600000381469727,412.0
2024-10-25 13:13:00+00:00,OTEX,33.36000061035156,33.36000061035156,33.380001068115234,33.35499954223633,33.35499954223633,4610.0
2024-10-25 13:13:00+00:00,PANW,369.05999755859375,369.05999755859375,369.5150146484375,369.05999755859375,369.5150146484375,2145.0
2024-10-25 13:13:00+00:00,PAYO,8.295000076293945,8.295000076293945,8.3100004196167,8.295000076293945,8.3100004196167,7931.0
2024-10-25 13:13:00+00:00,PAYS,3.759999990463257,3.759999990463257,3.759999990463257,3.758699893951416,3.758699893951416,1224.0
2024-10-25 13:13:00+00:00,PCTY,173.5500030517578,173.5500030517578,173.5500030517578,173.5500030517578,173.5500030517578,1300.0
2024-10-25 13:13:00+00:00,PDFS,29.34000015258789,29.34000015258789,29.34000015258789,29.34000015258789,29.34000015258789,982.0
2024-10-25 13:13:00+00:00,PEGA,80.05500030517578,80.05500030517578,80.05500030517578,80.05500030517578,80.05500030517578,2303.0
2024-10-25 13:13:00+00:00,PGY,11.869999885559082,11.869999885559082,11.869999885559082,11.869999885559082,11.869999885559082,1507.0
2024-10-25 13:13:00+00:00,PHUN,10.304200172424316,10.304200172424316,10.359999656677246,10.301199913024902,10.320099830627441,102970.0
2024-10-25 13:13:00+00:00,PI,202.58999633789062,202.58999633789062,202.58999633789062,202.2899932861328,202.2949981689453,2488.0
2024-10-25 13:13:00+00:00,PLAB,23.71500015258789,23.71500015258789,23.719999313354492,23.71500015258789,23.719999313354492,1872.0
2024-10-25 13:13:00+00:00,PLUS,98.01000213623047,98.01000213623047,98.01000213623047,98.01000213623047,98.01000213623047,609.0
2024-10-25 13:13:00+00:00,PLXS,142.60000610351562,142.60000610351562,142.69500732421875,142.5850067138672,142.69500732421875,1395.0
2024-10-25 13:13:00+00:00,POET,3.869999885559082,3.869999885559082,3.890000104904175,3.869999885559082,3.880000114440918,6544.0
2024-10-25 13:13:00+00:00,POWI,63.939998626708984,63.939998626708984,63.939998626708984,63.939998626708984,63.939998626708984,644.0
2024-10-25 13:13:00+00:00,PRGS,64.75,64.75,64.81999969482422,64.75,64.81379699707031,2704.0
2024-10-25 13:13:00+00:00,PRST,0.0027000000700354576,0.0027000000700354576,0.0027000000700354576,0.0027000000700354576,0.0027000000700354576,400.0
2024-10-25 13:13:00+00:00,PTC,186.9250030517578,186.9250030517578,187.00999450683594,186.86000061035156,186.875,8985.0
2024-10-25 13:13:00+00:00,PUBM,14.819999694824219,14.819999694824219,14.819999694824219,14.819999694824219,14.819999694824219,686.0
2024-10-25 13:13:00+00:00,PYCR,14.34000015258789,14.34000015258789,14.34000015258789,14.329999923706055,14.329999923706055,1910.0
2024-10-25 13:13:00+00:00,QCOM,172.4600067138672,172.4600067138672,172.726806640625,172.4600067138672,172.726806640625,5444.0
2024-10-25 13:13:00+00:00,QLYS,120.05000305175781,120.05000305175781,120.06999969482422,120.05000305175781,120.06999969482422,2048.0
2024-10-25 13:13:00+00:00,QRVO,100.51000213623047,100.51000213623047,100.61000061035156,100.5,100.61000061035156,3476.0
2024-10-25 13:13:00+00:00,QUBT,1.0750000476837158,1.0750000476837158,1.0750000476837158,1.0750000476837158,1.0750000476837158,430.0
2024-10-25 13:13:00+00:00,RCAT,2.765000104904175,2.765000104904175,2.7688000202178955,2.765000104904175,2.7688000202178955,1589.0
2024-10-25 13:13:00+00:00,REKR,1.0950000286102295,1.0950000286102295,1.0950000286102295,1.0950000286102295,1.0950000286102295,336.0
2024-10-25 13:13:00+00:00,RELY,14.84000015258789,14.84000015258789,14.845000267028809,14.829999923706055,14.845000267028809,4538.0
2024-10-25 13:13:00+00:00,RGTI,1.225000023841858,1.225000023841858,1.226099967956543,1.2200000286102295,1.226099967956543,30522.0
2024-10-25 13:13:00+00:00,RIOT,10.045000076293945,10.045000076293945,10.0649995803833,10.039899826049805,10.0600004196167,37701.0
2024-10-25 13:13:00+00:00,RMBS,43.59000015258789,43.59000015258789,43.70000076293945,43.59000015258789,43.685001373291016,2841.0
2024-10-25 13:13:00+00:00,RMNI,1.725000023841858,1.725000023841858,1.725000023841858,1.725000023841858,1.725000023841858,434.0
2024-10-25 13:13:00+00:00,RPAY,7.605000019073486,7.605000019073486,7.605000019073486,7.589900016784668,7.589900016784668,4167.0
2024-10-25 13:13:00+00:00,RPD,38.81999969482422,38.81999969482422,38.81999969482422,38.81999969482422,38.81999969482422,415.0
2024-10-25 13:13:00+00:00,RUM,5.739999771118164,5.739999771118164,5.755000114440918,5.739999771118164,5.755000114440918,5287.0
2024-10-25 13:13:00+00:00,RUN,14.3149995803833,14.3149995803833,14.34000015258789,14.305000305175781,14.34000015258789,17712.0
2024-10-25 13:13:00+00:00,RXT,2.5399999618530273,2.5399999618530273,2.5399999618530273,2.5399999618530273,2.5399999618530273,2037.0
2024-10-25 13:13:00+00:00,SANM,67.62999725341797,67.62999725341797,67.66000366210938,67.62999725341797,67.66000366210938,1218.0
2024-10-25 13:13:00+00:00,SATS,25.094999313354492,25.094999313354492,25.1200008392334,25.094999313354492,25.1200008392334,1009.0
2024-10-25 13:13:00+00:00,SCSC,44.68000030517578,44.68000030517578,44.77000045776367,44.68000030517578,44.77000045776367,1197.0
2024-10-25 13:13:00+00:00,SCWX,8.375,8.375,8.375,8.375,8.375,350.0
2024-10-25 13:13:00+00:00,SEDG,15.99940013885498,15.99940013885498,16.020000457763672,15.990099906921387,16.020000457763672,5451.0
2024-10-25 13:13:00+00:00,SHLS,5.260000228881836,5.260000228881836,5.28000020980835,5.260000228881836,5.275000095367432,5224.0
2024-10-25 13:13:00+00:00,SIMO,56.709999084472656,56.709999084472656,56.709999084472656,56.709999084472656,56.709999084472656,160.0
2024-10-25 13:13:00+00:00,SITM,183.52000427246094,183.52000427246094,183.52000427246094,183.52000427246094,183.52000427246094,557.0
2024-10-25 13:13:00+00:00,SLAB,115.41999816894531,115.41999816894531,115.41999816894531,115.41000366210938,115.41000366210938,1011.0
2024-10-25 13:13:00+00:00,SLNH,4.060100078582764,4.060100078582764,4.132699966430664,4.060100078582764,4.130000114440918,5587.0
2024-10-25 13:13:00+00:00,SMCI,47.56999969482422,47.56999969482422,47.58000183105469,47.5,47.540199279785156,127885.0
2024-10-25 13:13:00+00:00,SMSI,0.8198999762535095,0.8198999762535095,0.8198999762535095,0.8019000291824341,0.8019000291824341,410.0
2024-10-25 13:13:00+00:00,SMTC,46.040000915527344,46.040000915527344,46.04999923706055,46.029998779296875,46.029998779296875,1560.0
2024-10-25 13:13:00+00:00,SNPS,504.4599914550781,504.4599914550781,505.2300109863281,504.4599914550781,505.2300109863281,1693.0
2024-10-25 13:13:00+00:00,SONO,12.819999694824219,12.819999694824219,12.819999694824219,12.819999694824219,12.819999694824219,1460.0
2024-10-25 13:13:00+00:00,SOUN,5.224999904632568,5.224999904632568,5.239999771118164,5.222599983215332,5.234000205993652,7752.0
2024-10-25 13:13:00+00:00,SPNS,36.7599983215332,36.7599983215332,36.7599983215332,36.7400016784668,36.7400016784668,413.0
2024-10-25 13:13:00+00:00,SPSC,173.6699981689453,173.6699981689453,173.6699981689453,173.4499969482422,173.4499969482422,1274.0
2024-10-25 13:13:00+00:00,SPT,26.969999313354492,26.969999313354492,26.979999542236328,26.969999313354492,26.979999542236328,1547.0
2024-10-25 13:13:00+00:00,SRAD,12.390000343322754,12.390000343322754,12.390000343322754,12.390000343322754,12.390000343322754,138.0
2024-10-25 13:13:00+00:00,SSNC,69.51249694824219,69.51249694824219,69.55500030517578,69.51249694824219,69.54499816894531,5426.0
2024-10-25 13:13:00+00:00,SSYS,7.090000152587891,7.090000152587891,7.09499979019165,7.090000152587891,7.09499979019165,711.0
2024-10-25 13:13:00+00:00,STNE,11.494999885559082,11.494999885559082,11.505000114440918,11.494999885559082,11.505000114440918,8634.0
2024-10-25 13:13:00+00:00,STX,104.27999877929688,104.27999877929688,104.3499984741211,104.22000122070312,104.22000122070312,7613.0
2024-10-25 13:13:00+00:00,SWKS,96.63999938964844,96.63999938964844,96.73500061035156,96.63999938964844,96.73500061035156,5931.0
2024-10-25 13:13:00+00:00,SYNA,73.38999938964844,73.38999938964844,73.4000015258789,73.38999938964844,73.4000015258789,1101.0
2024-10-25 13:13:00+00:00,TEAM,190.38999938964844,190.38999938964844,190.55499267578125,190.38999938964844,190.5500030517578,1873.0
2024-10-25 13:13:00+00:00,TENB,41.665000915527344,41.665000915527344,41.68000030517578,41.665000915527344,41.68000030517578,1203.0
2024-10-25 13:13:00+00:00,TER,113.16999816894531,113.16999816894531,113.33000183105469,113.16999816894531,113.33000183105469,5983.0
2024-10-25 13:13:00+00:00,TRMB,61.03499984741211,61.03499984741211,61.06999969482422,61.02000045776367,61.06999969482422,1797.0
2024-10-25 13:13:00+00:00,TTD,119.1500015258789,119.1500015258789,119.20999908447266,119.0999984741211,119.20999908447266,3036.0
2024-10-25 13:13:00+00:00,TTEC,5.380000114440918,5.380000114440918,5.380000114440918,5.380000114440918,5.380000114440918,520.0
2024-10-25 13:13:00+00:00,TTMI,19.520000457763672,19.520000457763672,19.549999237060547,19.520000457763672,19.540000915527344,1179.0
2024-10-25 13:13:00+00:00,TWKS,4.449999809265137,4.449999809265137,4.449999809265137,4.449999809265137,4.449999809265137,700.0
2024-10-25 13:13:00+00:00,TXN,208.83999633789062,208.83999633789062,209.0749969482422,208.83999633789062,209.0749969482422,13436.0
2024-10-25 13:13:00+00:00,UCTT,35.95000076293945,35.95000076293945,36.06800079345703,35.95000076293945,36.06800079345703,2544.0
2024-10-25 13:13:00+00:00,VECO,29.559999465942383,29.559999465942383,29.56999969482422,29.559999465942383,29.56999969482422,700.0
2024-10-25 13:13:00+00:00,VERI,3.430000066757202,3.430000066757202,3.430000066757202,3.430000066757202,3.430000066757202,2070.0
2024-10-25 13:13:00+00:00,VERX,42.06999969482422,42.06999969482422,42.06999969482422,42.06999969482422,42.06999969482422,1261.0
2024-10-25 13:13:00+00:00,VIAV,9.244999885559082,9.244999885559082,9.260000228881836,9.244999885559082,9.260000228881836,3590.0
2024-10-25 13:13:00+00:00,VICR,46.564998626708984,46.564998626708984,46.564998626708984,46.564998626708984,46.564998626708984,1106.0
2024-10-25 13:13:00+00:00,VNET,3.4649999141693115,3.4649999141693115,3.4649999141693115,3.4649999141693115,3.4649999141693115,300.0
2024-10-25 13:13:00+00:00,VRNS,57.040000915527344,57.040000915527344,57.13999938964844,57.040000915527344,57.11000061035156,6224.0
2024-10-25 13:13:00+00:00,VRNT,22.200000762939453,22.200000762939453,22.209999084472656,22.200000762939453,22.209999084472656,1395.0
2024-10-25 13:13:00+00:00,VRSN,185.30999755859375,185.30999755859375,185.30999755859375,185.25,185.25,1458.0
2024-10-25 13:13:00+00:00,VSAT,10.330499649047852,10.330499649047852,10.350000381469727,10.329999923706055,10.350000381469727,2409.0
2024-10-25 13:13:00+00:00,VVPR,0.809499979019165,0.809499979019165,0.809499979019165,0.809499979019165,0.809499979019165,40.0
2024-10-25 13:13:00+00:00,WDAY,239.5,239.5,239.63499450683594,239.49000549316406,239.63499450683594,2753.0
2024-10-25 13:13:00+00:00,WDC,70.91000366210938,70.91000366210938,71.06999969482422,70.88999938964844,71.06500244140625,17031.0
2024-10-25 13:13:00+00:00,WISA,1.999899983406067,1.999899983406067,1.999899983406067,1.990399956703186,1.9950000047683716,7957.0
2024-10-25 13:13:00+00:00,XPER,9.420000076293945,9.420000076293945,9.425000190734863,9.420000076293945,9.425000190734863,1207.0
2024-10-25 13:13:00+00:00,XRX,10.0600004196167,10.0600004196167,10.0649995803833,10.0600004196167,10.0649995803833,2006.0
2024-10-25 13:13:00+00:00,ZBRA,361.9150085449219,361.9150085449219,362.3800048828125,361.9150085449219,362.3800048828125,3215.0
2024-10-25 13:13:00+00:00,ZI,10.545000076293945,10.545000076293945,10.555000305175781,10.545000076293945,10.555000305175781,2310.0
2024-10-25 13:13:00+00:00,ZM,73.0999984741211,73.0999984741211,73.1500015258789,73.0999984741211,73.1500015258789,2118.0
2024-10-25 13:14:00+00:00,AAOI,17.81999969482422,17.81999969482422,17.81999969482422,17.81999969482422,17.81999969482422,1845.0
2024-10-25 13:14:00+00:00,AAPL,232.2480010986328,232.2480010986328,232.27000427246094,232.1300048828125,232.2032928466797,53646.0
2024-10-25 13:14:00+00:00,ACIW,48.72999954223633,48.72999954223633,48.72999954223633,48.72999954223633,48.72999954223633,926.0
2024-10-25 13:14:00+00:00,ACMR,19.889999389648438,19.889999389648438,19.899999618530273,19.889999389648438,19.899999618530273,988.0
2024-10-25 13:14:00+00:00,ADBE,484.8999938964844,484.8999938964844,484.8999938964844,484.8599853515625,484.8599853515625,766.0
2024-10-25 13:14:00+00:00,ADI,233.64999389648438,233.64999389648438,233.64999389648438,233.64999389648438,233.64999389648438,790.0
2024-10-25 13:14:00+00:00,ADSK,286.7699890136719,286.7699890136719,286.7699890136719,286.7099914550781,286.7099914550781,709.0
2024-10-25 13:14:00+00:00,AFRM,41.70000076293945,41.70000076293945,41.70000076293945,41.650001525878906,41.65739822387695,10314.0
2024-10-25 13:14:00+00:00,AIP,6.920000076293945,6.920000076293945,6.920000076293945,6.909999847412109,6.909999847412109,463.0
2024-10-25 13:14:00+00:00,AKAM,102.59500122070312,102.59500122070312,102.59500122070312,102.59500122070312,102.59500122070312,455.0
2024-10-25 13:14:00+00:00,AKTS,0.057100001722574234,0.057100001722574234,0.057100001722574234,0.057100001722574234,0.057100001722574234,539.0
2024-10-25 13:14:00+00:00,ALGM,23.100000381469727,23.100000381469727,23.114999771118164,23.100000381469727,23.114999771118164,2220.0
2024-10-25 13:14:00+00:00,AMAT,188.72000122070312,188.72000122070312,188.72000122070312,188.55999755859375,188.5850067138672,2577.0
2024-10-25 13:14:00+00:00,AMD,157.67599487304688,157.67599487304688,157.7198944091797,157.61000061035156,157.66000366210938,32157.0
2024-10-25 13:14:00+00:00,AMKR,30.100000381469727,30.100000381469727,30.104999542236328,30.09000015258789,30.104999542236328,3558.0
2024-10-25 13:14:00+00:00,ANSS,324.9049987792969,324.9049987792969,324.92999267578125,324.9049987792969,324.92999267578125,1631.0
2024-10-25 13:14:00+00:00,ANY,1.0597000122070312,1.0597000122070312,1.0597000122070312,1.0597000122070312,1.0597000122070312,5506.0
2024-10-25 13:14:00+00:00,API,2.9549999237060547,2.9549999237060547,2.9549999237060547,2.9100000858306885,2.9100000858306885,16901.0
2024-10-25 13:14:00+00:00,APP,161.31500244140625,161.31500244140625,161.31500244140625,161.25999450683594,161.25999450683594,1263.0
2024-10-25 13:14:00+00:00,APPS,3.0799999237060547,3.0799999237060547,3.0799999237060547,3.0799999237060547,3.0799999237060547,1323.0
2024-10-25 13:14:00+00:00,ARRY,6.414999961853027,6.414999961853027,6.429999828338623,6.409999847412109,6.429999828338623,35498.0
2024-10-25 13:14:00+00:00,ASML,718.0999755859375,718.0999755859375,718.3099975585938,718.0999755859375,718.2000122070312,3674.0
2024-10-25 13:14:00+00:00,ASNS,1.2999999523162842,1.2999999523162842,1.309999942779541,1.2999999523162842,1.309999942779541,20196.0
2024-10-25 13:14:00+00:00,AUR,6.465000152587891,6.465000152587891,6.474699974060059,6.465000152587891,6.474699974060059,6630.0
2024-10-25 13:14:00+00:00,AVGO,175.4600067138672,175.4600067138672,175.47000122070312,175.33999633789062,175.3699951171875,18433.0
2024-10-25 13:14:00+00:00,AVPT,11.989999771118164,11.989999771118164,11.989999771118164,11.989999771118164,11.989999771118164,433.0
2024-10-25 13:14:00+00:00,AVT,53.96500015258789,53.96500015258789,53.9900016784668,53.959999084472656,53.959999084472656,1692.0
2024-10-25 13:14:00+00:00,BASE,16.399999618530273,16.399999618530273,16.399999618530273,16.389999389648438,16.389999389648438,1166.0
2024-10-25 13:14:00+00:00,BIGC,5.320000171661377,5.320000171661377,5.320000171661377,5.315000057220459,5.320000171661377,1041.0
2024-10-25 13:14:00+00:00,BMBL,7.144999980926514,7.144999980926514,7.144999980926514,7.139999866485596,7.144999980926514,5160.0
2024-10-25 13:14:00+00:00,BRZE,30.610000610351562,30.610000610351562,30.610000610351562,30.610000610351562,30.610000610351562,548.0
2024-10-25 13:14:00+00:00,BSY,49.15999984741211,49.15999984741211,49.15999984741211,49.13759994506836,49.13759994506836,1301.0
2024-10-25 13:14:00+00:00,CAMT,78.53500366210938,78.53500366210938,78.58000183105469,78.53500366210938,78.58000183105469,559.0
2024-10-25 13:14:00+00:00,CAN,0.9864000082015991,0.9864000082015991,0.9864000082015991,0.986299991607666,0.986299991607666,1049.0
2024-10-25 13:14:00+00:00,CDNS,259.3699951171875,259.3699951171875,259.3699951171875,259.3699951171875,259.3699951171875,1595.0
2024-10-25 13:14:00+00:00,CDW,219.8300018310547,219.8300018310547,219.8300018310547,219.75,219.75,440.0
2024-10-25 13:14:00+00:00,CETX,0.3034999966621399,0.3034999966621399,0.3034999966621399,0.3034999966621399,0.3034999966621399,1212.0
2024-10-25 13:14:00+00:00,CFLT,22.645000457763672,22.645000457763672,22.645000457763672,22.639999389648438,22.639999389648438,970.0
2024-10-25 13:14:00+00:00,CHKP,206.85000610351562,206.85000610351562,206.86000061035156,206.85000610351562,206.85000610351562,633.0
2024-10-25 13:14:00+00:00,CLBT,18.18000030517578,18.18000030517578,18.18000030517578,18.18000030517578,18.18000030517578,525.0
2024-10-25 13:14:00+00:00,CLSK,11.95110034942627,11.95110034942627,11.955100059509277,11.929900169372559,11.929900169372559,57274.0
2024-10-25 13:14:00+00:00,CNDT,3.615000009536743,3.615000009536743,3.615000009536743,3.6050000190734863,3.6050000190734863,3233.0
2024-10-25 13:14:00+00:00,CNXC,44.875,44.875,44.875,44.86000061035156,44.869998931884766,1359.0
2024-10-25 13:14:00+00:00,COIN,211.3820037841797,211.3820037841797,211.47000122070312,211.2445068359375,211.2445068359375,7739.0
2024-10-25 13:14:00+00:00,COMM,6.295000076293945,6.295000076293945,6.304999828338623,6.295000076293945,6.300000190734863,2957.0
2024-10-25 13:14:00+00:00,CORZ,13.420000076293945,13.420000076293945,13.420000076293945,13.406000137329102,13.406000137329102,4215.0
2024-10-25 13:14:00+00:00,CRCT,6.619999885559082,6.619999885559082,6.619999885559082,6.614999771118164,6.614999771118164,488.0
2024-10-25 13:14:00+00:00,CRDO,39.720001220703125,39.720001220703125,39.720001220703125,39.665000915527344,39.665000915527344,2602.0
2024-10-25 13:14:00+00:00,CRNC,2.890000104904175,2.890000104904175,2.890000104904175,2.890000104904175,2.890000104904175,3116.0
2024-10-25 13:14:00+00:00,CRNT,2.4649999141693115,2.4649999141693115,2.4649999141693115,2.4649999141693115,2.4649999141693115,502.0
2024-10-25 13:14:00+00:00,CRUS,123.47000122070312,123.47000122070312,123.47000122070312,123.47000122070312,123.47000122070312,201.0
2024-10-25 13:14:00+00:00,CRWD,301.9599914550781,301.9599914550781,301.989990234375,301.60009765625,301.989990234375,8839.0
2024-10-25 13:14:00+00:00,CSCO,55.89500045776367,55.89500045776367,55.900001525878906,55.880001068115234,55.8849983215332,4099.0
2024-10-25 13:14:00+00:00,CSGS,47.51599884033203,47.51599884033203,47.51599884033203,47.51599884033203,47.51599884033203,152.0
2024-10-25 13:14:00+00:00,CSIQ,13.640000343322754,13.640000343322754,13.640000343322754,13.630000114440918,13.630000114440918,2200.0
2024-10-25 13:14:00+00:00,CTLP,8.895000457763672,8.895000457763672,8.895000457763672,8.895000457763672,8.895000457763672,498.0
2024-10-25 13:14:00+00:00,CTSH,74.83999633789062,74.83999633789062,74.8499984741211,74.83000183105469,74.83999633789062,3220.0
2024-10-25 13:14:00+00:00,DAKT,13.0600004196167,13.0600004196167,13.0600004196167,13.0600004196167,13.0600004196167,102.0
2024-10-25 13:14:00+00:00,DAVE,39.439998626708984,39.439998626708984,39.439998626708984,39.41999816894531,39.41999816894531,1429.0
2024-10-25 13:14:00+00:00,DBX,25.979999542236328,25.979999542236328,25.985000610351562,25.975000381469727,25.975000381469727,3219.0
2024-10-25 13:14:00+00:00,DDOG,127.34980010986328,127.34980010986328,127.34980010986328,127.30000305175781,127.30000305175781,2835.0
2024-10-25 13:14:00+00:00,DLO,8.890000343322754,8.890000343322754,8.890000343322754,8.890000343322754,8.890000343322754,548.0
2024-10-25 13:14:00+00:00,DOCU,69.72000122070312,69.72000122070312,69.7300033569336,69.69999694824219,69.69999694824219,6136.0
2024-10-25 13:14:00+00:00,DOMO,8.0600004196167,8.0600004196167,8.0600004196167,8.045000076293945,8.045000076293945,5888.0
2024-10-25 13:14:00+00:00,DSP,11.420000076293945,11.420000076293945,11.420000076293945,11.420000076293945,11.420000076293945,631.0
2024-10-25 13:14:00+00:00,DTSS,2.4302000999450684,2.4302000999450684,2.440000057220459,2.4302000999450684,2.440000057220459,537.0
2024-10-25 13:14:00+00:00,DTST,3.486999988555908,3.486999988555908,3.486999988555908,3.486999988555908,3.486999988555908,3797.0
2024-10-25 13:14:00+00:00,EEFT,99.48500061035156,99.48500061035156,99.48500061035156,99.43000030517578,99.43000030517578,591.0
2024-10-25 13:14:00+00:00,ENPH,83.04000091552734,83.04000091552734,83.04000091552734,82.94190216064453,82.94190216064453,3038.0
2024-10-25 13:14:00+00:00,ENTG,105.98500061035156,105.98500061035156,105.98500061035156,105.96499633789062,105.96499633789062,1246.0
2024-10-25 13:14:00+00:00,ERIC,8.460100173950195,8.460100173950195,8.47599983215332,8.460000038146973,8.475000381469727,99716.0
2024-10-25 13:14:00+00:00,EXFY,1.725000023841858,1.725000023841858,1.7300000190734863,1.725000023841858,1.725000023841858,4639.0
2024-10-25 13:14:00+00:00,EXTR,14.470000267028809,14.470000267028809,14.47599983215332,14.470000267028809,14.475000381469727,1243.0
2024-10-25 13:14:00+00:00,FFIV,216.75999450683594,216.75999450683594,216.8249969482422,216.75999450683594,216.8249969482422,2412.0
2024-10-25 13:14:00+00:00,FIVN,29.809999465942383,29.809999465942383,29.809999465942383,29.809999465942383,29.809999465942383,243.0
2024-10-25 13:14:00+00:00,FLEX,35.20000076293945,35.20000076293945,35.20000076293945,35.16999816894531,35.18000030517578,2823.0
2024-10-25 13:14:00+00:00,FLYW,17.479999542236328,17.479999542236328,17.479999542236328,17.479999542236328,17.479999542236328,1321.0
2024-10-25 13:14:00+00:00,FROG,29.385000228881836,29.385000228881836,29.385000228881836,29.385000228881836,29.385000228881836,236.0
2024-10-25 13:14:00+00:00,FTNT,81.05000305175781,81.05000305175781,81.05000305175781,81.04000091552734,81.04499816894531,1641.0
2024-10-25 13:14:00+00:00,GCT,24.770000457763672,24.770000457763672,24.78499984741211,24.75,24.750099182128906,5023.0
2024-10-25 13:14:00+00:00,GDYN,15.5600004196167,15.5600004196167,15.5600004196167,15.5600004196167,15.5600004196167,518.0
2024-10-25 13:14:00+00:00,GPRO,1.336400032043457,1.336400032043457,1.336400032043457,1.336400032043457,1.336400032043457,200.0
2024-10-25 13:14:00+00:00,GRAB,4.105000019073486,4.105000019073486,4.105000019073486,4.104400157928467,4.104400157928467,2267.0
2024-10-25 13:14:00+00:00,GSIT,3.4270999431610107,3.4270999431610107,3.4270999431610107,3.4270999431610107,3.4270999431610107,2000.0
2024-10-25 13:14:00+00:00,HIMX,6.184999942779541,6.184999942779541,6.184999942779541,6.184999942779541,6.184999942779541,729.0
2024-10-25 13:14:00+00:00,HLIT,14.789999961853027,14.789999961853027,14.789999961853027,14.789999961853027,14.789999961853027,323.0
2024-10-25 13:14:00+00:00,HOLO,3.5899999141693115,3.5899999141693115,3.5999999046325684,3.569999933242798,3.5999999046325684,25805.0
2024-10-25 13:14:00+00:00,HOOD,27.334999084472656,27.334999084472656,27.364999771118164,27.329999923706055,27.354999542236328,15702.0
2024-10-25 13:14:00+00:00,HTCR,1.0399999618530273,1.0399999618530273,1.0399999618530273,1.0399999618530273,1.0399999618530273,0.0
2024-10-25 13:14:00+00:00,ICHR,27.773799896240234,27.773799896240234,27.773799896240234,27.773799896240234,27.773799896240234,398.0
2024-10-25 13:14:00+00:00,IMMR,8.744000434875488,8.744000434875488,8.744000434875488,8.744000434875488,8.744000434875488,611.0
2024-10-25 13:14:00+00:00,INDI,3.555000066757202,3.555000066757202,3.555000066757202,3.553999900817871,3.553999900817871,1171.0
2024-10-25 13:14:00+00:00,INTA,50.0099983215332,50.0099983215332,50.025001525878906,50.0099983215332,50.0099983215332,552.0
2024-10-25 13:14:00+00:00,INTC,23.05500030517578,23.05500030517578,23.059999465942383,23.040000915527344,23.049999237060547,56037.0
2024-10-25 13:14:00+00:00,IPGP,77.47000122070312,77.47000122070312,77.47000122070312,77.47000122070312,77.47000122070312,515.0
2024-10-25 13:14:00+00:00,ITI,7.199999809265137,7.199999809265137,7.199999809265137,7.190000057220459,7.190000057220459,202.0
2024-10-25 13:14:00+00:00,KC,2.7149999141693115,2.7149999141693115,2.7149999141693115,2.7149999141693115,2.7149999141693115,558.0
2024-10-25 13:14:00+00:00,KOPN,0.7804999947547913,0.7804999947547913,0.7804999947547913,0.7804999947547913,0.7804999947547913,250.0
2024-10-25 13:14:00+00:00,KOSS,7.409999847412109,7.409999847412109,7.409999847412109,7.394999980926514,7.394999980926514,372.0
2024-10-25 13:14:00+00:00,KVHI,4.652500152587891,4.652500152587891,4.65500020980835,4.652500152587891,4.65500020980835,270.0
2024-10-25 13:14:00+00:00,LINK,5.070000171661377,5.070000171661377,5.090099811553955,5.0391998291015625,5.090099811553955,3260.0
2024-10-25 13:14:00+00:00,LOGI,81.01000213623047,81.01000213623047,81.01000213623047,81.01000213623047,81.01000213623047,223.0
2024-10-25 13:14:00+00:00,LRCX,79.04000091552734,79.04000091552734,79.0999984741211,79.01000213623047,79.05010223388672,20284.0
2024-10-25 13:14:00+00:00,LSCC,54.6150016784668,54.6150016784668,54.6150016784668,54.599998474121094,54.599998474121094,407.0
2024-10-25 13:14:00+00:00,LYFT,13.774999618530273,13.774999618530273,13.779999732971191,13.765000343322754,13.765000343322754,6080.0
2024-10-25 13:14:00+00:00,MAXN,5.579999923706055,5.579999923706055,5.579999923706055,5.579999923706055,5.579999923706055,153.0
2024-10-25 13:14:00+00:00,MCHP,77.19999694824219,77.19999694824219,77.22000122070312,77.19000244140625,77.19000244140625,2532.0
2024-10-25 13:14:00+00:00,MKSI,101.55000305175781,101.55000305175781,101.55000305175781,101.55000305175781,101.55000305175781,472.0
2024-10-25 13:14:00+00:00,MNDY,299.7699890136719,299.7699890136719,299.7799987792969,299.7699890136719,299.7799987792969,346.0
2024-10-25 13:14:00+00:00,MPWR,923.2899780273438,923.2899780273438,923.2899780273438,923.2899780273438,923.2899780273438,550.0
2024-10-25 13:14:00+00:00,MQ,5.284999847412109,5.284999847412109,5.289999961853027,5.269999980926514,5.275000095367432,21161.0
2024-10-25 13:14:00+00:00,MRVL,83.22000122070312,83.22000122070312,83.22000122070312,83.12000274658203,83.16000366210938,11418.0
2024-10-25 13:14:00+00:00,MSFT,429.7699890136719,429.7699890136719,429.7795104980469,429.5643005371094,429.5799865722656,28640.0
2024-10-25 13:14:00+00:00,MSTR,242.89500427246094,242.89500427246094,243.0399932861328,242.50140380859375,242.50140380859375,16320.0
2024-10-25 13:14:00+00:00,MTSI,120.4800033569336,120.4800033569336,120.4800033569336,120.45999908447266,120.45999908447266,1557.0
2024-10-25 13:14:00+00:00,MTTR,4.614999771118164,4.614999771118164,4.616000175476074,4.614999771118164,4.614999771118164,4598.0
2024-10-25 13:14:00+00:00,MU,108.83000183105469,108.83000183105469,108.83999633789062,108.74400329589844,108.74400329589844,15163.0
2024-10-25 13:14:00+00:00,MVIS,1.0850000381469727,1.0850000381469727,1.0850000381469727,1.0850000381469727,1.0850000381469727,405.0
2024-10-25 13:14:00+00:00,MXL,14.960000038146973,14.960000038146973,14.960000038146973,14.960000038146973,14.960000038146973,946.0
2024-10-25 13:14:00+00:00,NEON,8.119999885559082,8.119999885559082,8.119999885559082,8.119999885559082,8.119999885559082,704.0
2024-10-25 13:14:00+00:00,NTAP,120.19999694824219,120.19999694824219,120.19999694824219,120.05010223388672,120.05010223388672,2064.0
2024-10-25 13:14:00+00:00,NTCT,20.770000457763672,20.770000457763672,20.770000457763672,20.770000457763672,20.770000457763672,1743.0
2024-10-25 13:14:00+00:00,NTNX,62.224998474121094,62.224998474121094,62.224998474121094,62.224998474121094,62.224998474121094,345.0
2024-10-25 13:14:00+00:00,NVDA,143.33999633789062,143.33999633789062,143.3699951171875,143.1999969482422,143.25799560546875,321142.0
2024-10-25 13:14:00+00:00,NVTS,2.6050000190734863,2.6050000190734863,2.6050000190734863,2.5999999046325684,2.5999999046325684,9253.0
2024-10-25 13:14:00+00:00,NXPI,245.82000732421875,245.82000732421875,245.82000732421875,245.625,245.625,958.0
2024-10-25 13:14:00+00:00,OKTA,72.4000015258789,72.4000015258789,72.41500091552734,72.38999938964844,72.41500091552734,984.0
2024-10-25 13:14:00+00:00,OLED,204.73500061035156,204.73500061035156,204.73500061035156,204.73500061035156,204.73500061035156,920.0
2024-10-25 13:14:00+00:00,ON,72.05000305175781,72.05000305175781,72.05999755859375,71.99500274658203,72.0,9540.0
2024-10-25 13:14:00+00:00,OSIS,134.39500427246094,134.39500427246094,134.39500427246094,134.39500427246094,134.39500427246094,1086.0
2024-10-25 13:14:00+00:00,OSPN,14.619999885559082,14.619999885559082,14.619999885559082,14.619999885559082,14.619999885559082,1309.0
2024-10-25 13:14:00+00:00,OTEX,33.37799835205078,33.37799835205078,33.37799835205078,33.369998931884766,33.369998931884766,2000.0
2024-10-25 13:14:00+00:00,PANW,369.0450134277344,369.0450134277344,369.07000732421875,369.0450134277344,369.07000732421875,593.0
2024-10-25 13:14:00+00:00,PAYO,8.295000076293945,8.295000076293945,8.295000076293945,8.295000076293945,8.295000076293945,1507.0
2024-10-25 13:14:00+00:00,PEGY,4.630000114440918,4.630000114440918,4.630000114440918,4.630000114440918,4.630000114440918,1005.0
2024-10-25 13:14:00+00:00,PHUN,10.369999885559082,10.369999885559082,10.399200439453125,10.25,10.305000305175781,73198.0
2024-10-25 13:14:00+00:00,PI,202.40499877929688,202.40499877929688,202.64999389648438,201.6699981689453,201.6699981689453,2847.0
2024-10-25 13:14:00+00:00,PLAB,23.719999313354492,23.719999313354492,23.719999313354492,23.719999313354492,23.719999313354492,104.0
2024-10-25 13:14:00+00:00,PLUS,98.1050033569336,98.1050033569336,98.1050033569336,97.95999908447266,97.95999908447266,432.0
2024-10-25 13:14:00+00:00,PLXS,142.64999389648438,142.64999389648438,142.64999389648438,142.64500427246094,142.64500427246094,644.0
2024-10-25 13:14:00+00:00,POET,3.869999885559082,3.869999885559082,3.869999885559082,3.863100051879883,3.863100051879883,134.0
2024-10-25 13:14:00+00:00,PTC,187.00999450683594,187.00999450683594,187.00999450683594,186.8000030517578,186.89999389648438,8752.0
2024-10-25 13:14:00+00:00,PUBM,14.800000190734863,14.800000190734863,14.800000190734863,14.800000190734863,14.800000190734863,1074.0
2024-10-25 13:14:00+00:00,QCOM,172.52000427246094,172.52000427246094,172.52000427246094,172.4499969482422,172.49000549316406,6758.0
2024-10-25 13:14:00+00:00,QMCO,5.25,5.25,5.25,5.25,5.25,625.0
2024-10-25 13:14:00+00:00,QRVO,100.5,100.5,100.5199966430664,100.47000122070312,100.47000122070312,1848.0
2024-10-25 13:14:00+00:00,RCAT,2.765000104904175,2.765000104904175,2.765000104904175,2.765000104904175,2.765000104904175,396.0
2024-10-25 13:14:00+00:00,REKR,1.0950000286102295,1.0950000286102295,1.0950000286102295,1.0950000286102295,1.0950000286102295,1155.0
2024-10-25 13:14:00+00:00,RELY,14.835000038146973,14.835000038146973,14.845000267028809,14.829999923706055,14.84000015258789,5968.0
2024-10-25 13:14:00+00:00,RGTI,1.2200000286102295,1.2200000286102295,1.2300000190734863,1.2200000286102295,1.2200000286102295,13059.0
2024-10-25 13:14:00+00:00,RIOT,10.050000190734863,10.050000190734863,10.050000190734863,10.039999961853027,10.045999526977539,13947.0
2024-10-25 13:14:00+00:00,RMBS,43.61000061035156,43.61000061035156,43.61000061035156,43.61000061035156,43.61000061035156,1147.0
2024-10-25 13:14:00+00:00,RPAY,7.599999904632568,7.599999904632568,7.599999904632568,7.599999904632568,7.599999904632568,794.0
2024-10-25 13:14:00+00:00,RUM,5.739999771118164,5.739999771118164,5.739999771118164,5.730000019073486,5.730000019073486,5531.0
2024-10-25 13:14:00+00:00,RUN,14.3149995803833,14.3149995803833,14.317700386047363,14.3100004196167,14.3100004196167,7649.0
2024-10-25 13:14:00+00:00,SANM,67.62999725341797,67.62999725341797,67.62999725341797,67.62999725341797,67.62999725341797,548.0
2024-10-25 13:14:00+00:00,SATS,25.100000381469727,25.100000381469727,25.100000381469727,25.094900131225586,25.094900131225586,608.0
2024-10-25 13:14:00+00:00,SCSC,44.689998626708984,44.689998626708984,44.689998626708984,44.689998626708984,44.689998626708984,876.0
2024-10-25 13:14:00+00:00,SEDG,16.0,16.0,16.010000228881836,15.989999771118164,15.989999771118164,3985.0
2024-10-25 13:14:00+00:00,SHLS,5.2600998878479,5.2600998878479,5.269899845123291,5.260000228881836,5.265999794006348,919.0
2024-10-25 13:14:00+00:00,SIMO,56.720001220703125,56.720001220703125,56.720001220703125,56.709999084472656,56.709999084472656,933.0
2024-10-25 13:14:00+00:00,SKYT,10.680000305175781,10.680000305175781,10.680000305175781,10.664199829101562,10.670000076293945,922.0
2024-10-25 13:14:00+00:00,SMCI,47.58000183105469,47.58000183105469,47.599998474121094,47.560001373291016,47.589900970458984,31791.0
2024-10-25 13:14:00+00:00,SMTC,46.040000915527344,46.040000915527344,46.040000915527344,45.90010070800781,45.95000076293945,1640.0
2024-10-25 13:14:00+00:00,SNPS,504.2300109863281,504.2300109863281,504.5199890136719,504.2300109863281,504.510009765625,671.0
2024-10-25 13:14:00+00:00,SOUN,5.230000019073486,5.230000019073486,5.230000019073486,5.21999979019165,5.21999979019165,15516.0
2024-10-25 13:14:00+00:00,SPNS,36.790000915527344,36.790000915527344,36.790000915527344,36.779998779296875,36.779998779296875,598.0
2024-10-25 13:14:00+00:00,SPSC,173.84500122070312,173.84500122070312,173.84500122070312,173.8000030517578,173.84500122070312,1414.0
2024-10-25 13:14:00+00:00,SSNC,69.5250015258789,69.5250015258789,69.5250015258789,69.51000213623047,69.51000213623047,5465.0
2024-10-25 13:14:00+00:00,STNE,11.493599891662598,11.493599891662598,11.494999885559082,11.493599891662598,11.494999885559082,1414.0
2024-10-25 13:14:00+00:00,STX,104.37000274658203,104.37000274658203,104.37000274658203,104.29000091552734,104.29000091552734,2041.0
2024-10-25 13:14:00+00:00,SWKS,96.66020202636719,96.66020202636719,96.69999694824219,96.6500015258789,96.66000366210938,2822.0
2024-10-25 13:14:00+00:00,SYTA,1.2799999713897705,1.2799999713897705,1.2799999713897705,1.2799999713897705,1.2799999713897705,35.0
2024-10-25 13:14:00+00:00,TAOP,0.49129998683929443,0.49129998683929443,0.49129998683929443,0.49129998683929443,0.49129998683929443,9512.0
2024-10-25 13:14:00+00:00,TEAM,190.40499877929688,190.40499877929688,190.5,190.40499877929688,190.4199981689453,2090.0
2024-10-25 13:14:00+00:00,TENB,41.689998626708984,41.689998626708984,41.689998626708984,41.689998626708984,41.689998626708984,328.0
2024-10-25 13:14:00+00:00,TER,113.16999816894531,113.16999816894531,113.19000244140625,113.13999938964844,113.16999816894531,7904.0
2024-10-25 13:14:00+00:00,TLS,3.6449999809265137,3.6449999809265137,3.6500000953674316,3.641700029373169,3.6500000953674316,1136.0
2024-10-25 13:14:00+00:00,TRMB,61.040000915527344,61.040000915527344,61.040000915527344,61.029998779296875,61.029998779296875,2513.0
2024-10-25 13:14:00+00:00,TSEM,45.20000076293945,45.20000076293945,45.20000076293945,45.20000076293945,45.20000076293945,369.0
2024-10-25 13:14:00+00:00,TTD,119.125,119.125,119.13999938964844,119.05000305175781,119.05000305175781,4132.0
2024-10-25 13:14:00+00:00,TWKS,4.449999809265137,4.449999809265137,4.449999809265137,4.449999809265137,4.449999809265137,3163.0
2024-10-25 13:14:00+00:00,TXN,208.84500122070312,208.84500122070312,208.88999938964844,208.83999633789062,208.84500122070312,4135.0
2024-10-25 13:14:00+00:00,UCTT,35.959999084472656,35.959999084472656,35.959999084472656,35.959999084472656,35.959999084472656,114.0
2024-10-25 13:14:00+00:00,VECO,29.565000534057617,29.565000534057617,29.565000534057617,29.565000534057617,29.565000534057617,734.0
2024-10-25 13:14:00+00:00,VERI,3.4200000762939453,3.4200000762939453,3.4200000762939453,3.4149999618530273,3.4149999618530273,914.0
2024-10-25 13:14:00+00:00,VIAV,9.244999885559082,9.244999885559082,9.244999885559082,9.244999885559082,9.244999885559082,629.0
2024-10-25 13:14:00+00:00,VMEO,4.779900074005127,4.779900074005127,4.779900074005127,4.778900146484375,4.778900146484375,703.0
2024-10-25 13:14:00+00:00,VNET,3.4649999141693115,3.4649999141693115,3.4649999141693115,3.4649999141693115,3.4649999141693115,462.0
2024-10-25 13:14:00+00:00,VOXX,7.670000076293945,7.670000076293945,7.670000076293945,7.670000076293945,7.670000076293945,567.0
2024-10-25 13:14:00+00:00,VRNS,56.9900016784668,56.9900016784668,57.02000045776367,56.9900016784668,57.02000045776367,586.0
2024-10-25 13:14:00+00:00,VRNT,22.200000762939453,22.200000762939453,22.200000762939453,22.200000762939453,22.200000762939453,586.0
2024-10-25 13:14:00+00:00,VSAT,10.329999923706055,10.329999923706055,10.329999923706055,10.329999923706055,10.329999923706055,1269.0
2024-10-25 13:14:00+00:00,WDAY,239.49000549316406,239.49000549316406,239.6199951171875,239.49000549316406,239.5399932861328,2998.0
2024-10-25 13:14:00+00:00,WDC,70.88999938964844,70.88999938964844,70.91000366210938,70.83000183105469,70.88999938964844,11467.0
2024-10-25 13:14:00+00:00,WISA,1.9950000047683716,1.9950000047683716,1.998900055885315,1.9950000047683716,1.998900055885315,0.0
2024-10-25 13:14:00+00:00,XRX,10.0600004196167,10.0600004196167,10.0600004196167,10.055000305175781,10.055000305175781,1303.0
2024-10-25 13:14:00+00:00,ZBRA,361.80999755859375,361.80999755859375,361.80999755859375,361.80999755859375,361.80999755859375,1268.0
2024-10-25 13:14:00+00:00,ZM,73.0999984741211,73.0999984741211,73.12999725341797,73.0999984741211,73.11000061035156,1620.0
2024-10-25 13:15:00+00:00,AAOI,17.81999969482422,17.81999969482422,17.81999969482422,17.81999969482422,17.81999969482422,249.0
2024-10-25 13:15:00+00:00,AAPL,232.14999389648438,232.14999389648438,232.22999572753906,232.11000061035156,232.22000122070312,36368.0
2024-10-25 13:15:00+00:00,ACLS,90.4844970703125,90.4844970703125,90.4844970703125,90.4844970703125,90.4844970703125,1152.0
2024-10-25 13:15:00+00:00,ACMR,19.88800048828125,19.88800048828125,19.88800048828125,19.88800048828125,19.88800048828125,395.0
2024-10-25 13:15:00+00:00,ADBE,484.95001220703125,484.95001220703125,484.95001220703125,484.95001220703125,484.95001220703125,1420.0
2024-10-25 13:15:00+00:00,ADI,233.55499267578125,233.55499267578125,233.55499267578125,233.55499267578125,233.55499267578125,732.0
2024-10-25 13:15:00+00:00,ADSK,286.82000732421875,286.82000732421875,286.82000732421875,286.82000732421875,286.82000732421875,898.0
2024-10-25 13:15:00+00:00,ADTN,6.375,6.375,6.375,6.375,6.375,511.0
2024-10-25 13:15:00+00:00,AFRM,41.66999816894531,41.66999816894531,41.69850158691406,41.66999816894531,41.689998626708984,3257.0
2024-10-25 13:15:00+00:00,AKAM,102.56999969482422,102.56999969482422,102.56999969482422,102.56999969482422,102.56999969482422,818.0
2024-10-25 13:15:00+00:00,ALGM,23.09000015258789,23.09000015258789,23.110000610351562,23.079999923706055,23.110000610351562,5385.0
2024-10-25 13:15:00+00:00,ALKT,38.1150016784668,38.1150016784668,38.1150016784668,38.1150016784668,38.1150016784668,343.0
2024-10-25 13:15:00+00:00,AMAT,188.49000549316406,188.49000549316406,188.5800018310547,188.4600067138672,188.5800018310547,3716.0
2024-10-25 13:15:00+00:00,AMBA,58.43000030517578,58.43000030517578,58.43000030517578,58.43000030517578,58.43000030517578,180.0
2024-10-25 13:15:00+00:00,AMD,157.66990661621094,157.66990661621094,157.70590209960938,157.57200622558594,157.6800994873047,32342.0
2024-10-25 13:15:00+00:00,AMKR,30.059999465942383,30.059999465942383,30.079999923706055,30.059999465942383,30.079999923706055,1246.0
2024-10-25 13:15:00+00:00,ANSS,324.94000244140625,324.94000244140625,324.94000244140625,324.8999938964844,324.8999938964844,388.0
2024-10-25 13:15:00+00:00,API,2.930000066757202,2.930000066757202,2.9549999237060547,2.930000066757202,2.950000047683716,12601.0
2024-10-25 13:15:00+00:00,APP,161.1999969482422,161.1999969482422,161.2989959716797,161.1999969482422,161.2989959716797,4098.0
2024-10-25 13:15:00+00:00,APPS,3.0899999141693115,3.0899999141693115,3.0950000286102295,3.0850000381469727,3.0850000381469727,32745.0
2024-10-25 13:15:00+00:00,ARQQ,7.090000152587891,7.090000152587891,7.090000152587891,7.090000152587891,7.090000152587891,507.0
2024-10-25 13:15:00+00:00,ARRY,6.420000076293945,6.420000076293945,6.429999828338623,6.414999961853027,6.420000076293945,20722.0
2024-10-25 13:15:00+00:00,ASML,717.8599853515625,717.8599853515625,717.8599853515625,717.6708984375,717.6708984375,1219.0
2024-10-25 13:15:00+00:00,ASNS,1.2999999523162842,1.2999999523162842,1.3150999546051025,1.2999999523162842,1.3150999546051025,760.0
2024-10-25 13:15:00+00:00,AUR,6.465000152587891,6.465000152587891,6.4653000831604,6.465000152587891,6.4653000831604,789.0
2024-10-25 13:15:00+00:00,AVDX,8.140000343322754,8.140000343322754,8.140000343322754,8.140000343322754,8.140000343322754,571.0
2024-10-25 13:15:00+00:00,AVGO,175.36090087890625,175.36090087890625,175.44000244140625,175.30999755859375,175.44000244140625,17929.0
2024-10-25 13:15:00+00:00,BAND,17.649999618530273,17.649999618530273,17.649999618530273,17.649999618530273,17.649999618530273,1111.0
2024-10-25 13:15:00+00:00,BEEM,4.860000133514404,4.860000133514404,4.869900226593018,4.860000133514404,4.869900226593018,1105.0
2024-10-25 13:15:00+00:00,BL,56.45000076293945,56.45000076293945,56.45000076293945,56.40999984741211,56.43000030517578,1045.0
2024-10-25 13:15:00+00:00,BLKB,86.125,86.125,86.125,86.125,86.125,254.0
2024-10-25 13:15:00+00:00,BMBL,7.139999866485596,7.139999866485596,7.150000095367432,7.139999866485596,7.150000095367432,5240.0
2024-10-25 13:15:00+00:00,BRZE,30.600000381469727,30.600000381469727,30.604999542236328,30.600000381469727,30.604999542236328,246.0
2024-10-25 13:15:00+00:00,BSY,49.18000030517578,49.18000030517578,49.18000030517578,49.17570114135742,49.18000030517578,482.0
2024-10-25 13:15:00+00:00,CAMP,11.024999618530273,11.024999618530273,11.024999618530273,11.024999618530273,11.024999618530273,304.0
2024-10-25 13:15:00+00:00,CDNS,259.3900146484375,259.3900146484375,259.43499755859375,259.3800048828125,259.3900146484375,2584.0
2024-10-25 13:15:00+00:00,CDW,219.6999969482422,219.6999969482422,219.6999969482422,219.6999969482422,219.6999969482422,642.0
2024-10-25 13:15:00+00:00,CETX,0.3034999966621399,0.3034999966621399,0.3034999966621399,0.3034999966621399,0.3034999966621399,189.0
2024-10-25 13:15:00+00:00,CFLT,22.621999740600586,22.621999740600586,22.649999618530273,22.6200008392334,22.639999389648438,4378.0
2024-10-25 13:15:00+00:00,CGNX,38.94499969482422,38.94499969482422,38.94499969482422,38.939998626708984,38.939998626708984,221.0
2024-10-25 13:15:00+00:00,CHKP,206.84500122070312,206.84500122070312,206.85000610351562,206.84500122070312,206.85000610351562,335.0
2024-10-25 13:15:00+00:00,CLSK,11.899999618530273,11.899999618530273,11.949999809265137,11.899999618530273,11.949999809265137,58690.0
2024-10-25 13:15:00+00:00,CMTL,3.7249999046325684,3.7249999046325684,3.7249999046325684,3.7249999046325684,3.7249999046325684,237.0
2024-10-25 13:15:00+00:00,CNDT,3.615000009536743,3.615000009536743,3.615000009536743,3.6101999282836914,3.6101999282836914,1162.0
2024-10-25 13:15:00+00:00,CNXC,44.77000045776367,44.77000045776367,44.849998474121094,44.77000045776367,44.849998474121094,2727.0
2024-10-25 13:15:00+00:00,COHR,95.76000213623047,95.76000213623047,95.76000213623047,95.5999984741211,95.5999984741211,529.0
2024-10-25 13:15:00+00:00,COIN,211.0800018310547,211.0800018310547,211.43499755859375,211.0,211.43499755859375,41016.0
2024-10-25 13:15:00+00:00,COMM,6.295000076293945,6.295000076293945,6.295000076293945,6.295000076293945,6.295000076293945,664.0
2024-10-25 13:15:00+00:00,CORZ,13.404999732971191,13.404999732971191,13.420000076293945,13.404999732971191,13.420000076293945,1097.0
2024-10-25 13:15:00+00:00,CRCT,6.614999771118164,6.614999771118164,6.619999885559082,6.614999771118164,6.619999885559082,433.0
2024-10-25 13:15:00+00:00,CRDO,39.67499923706055,39.67499923706055,39.70000076293945,39.67499923706055,39.70000076293945,1500.0
2024-10-25 13:15:00+00:00,CRWD,302.1206970214844,302.1206970214844,302.1206970214844,301.67999267578125,301.9999084472656,5349.0
2024-10-25 13:15:00+00:00,CSCO,55.880001068115234,55.880001068115234,55.88999938964844,55.880001068115234,55.88999938964844,4769.0
2024-10-25 13:15:00+00:00,CSGS,47.5,47.5,47.540000915527344,47.5,47.540000915527344,412.0
2024-10-25 13:15:00+00:00,CSIQ,13.65999984741211,13.65999984741211,13.65999984741211,13.640000343322754,13.645000457763672,1123.0
2024-10-25 13:15:00+00:00,CTSH,74.80999755859375,74.80999755859375,74.80999755859375,74.80999755859375,74.80999755859375,1006.0
2024-10-25 13:15:00+00:00,CVLT,134.375,134.375,134.375,134.375,134.375,1901.0
2024-10-25 13:15:00+00:00,DAKT,13.0600004196167,13.0600004196167,13.0600004196167,13.0600004196167,13.0600004196167,360.0
2024-10-25 13:15:00+00:00,DATS,1.6200000047683716,1.6200000047683716,1.6200000047683716,1.6200000047683716,1.6200000047683716,101.0
2024-10-25 13:15:00+00:00,DAVE,39.415000915527344,39.415000915527344,39.41999816894531,39.40999984741211,39.41999816894531,677.0
2024-10-25 13:15:00+00:00,DBX,25.985000610351562,25.985000610351562,25.985000610351562,25.979999542236328,25.979999542236328,6474.0
2024-10-25 13:15:00+00:00,DDOG,127.29000091552734,127.29000091552734,127.3550033569336,127.29000091552734,127.3550033569336,1319.0
2024-10-25 13:15:00+00:00,DLO,8.895000457763672,8.895000457763672,8.895000457763672,8.890000343322754,8.895000457763672,3119.0
2024-10-25 13:15:00+00:00,DOCU,69.72000122070312,69.72000122070312,69.72000122070312,69.71499633789062,69.71499633789062,1900.0
2024-10-25 13:15:00+00:00,DOMO,8.050000190734863,8.050000190734863,8.050000190734863,8.050000190734863,8.050000190734863,391.0
2024-10-25 13:15:00+00:00,DUOL,290.0,290.0,290.0,290.0,290.0,1068.0
2024-10-25 13:15:00+00:00,ENPH,83.0,83.0,83.04000091552734,82.94999694824219,83.04000091552734,10889.0
2024-10-25 13:15:00+00:00,ENTG,105.94499969482422,105.94499969482422,105.97000122070312,105.94000244140625,105.97000122070312,2251.0
2024-10-25 13:15:00+00:00,ERIC,8.46500015258789,8.46500015258789,8.46500015258789,8.460000038146973,8.460000038146973,9944.0
2024-10-25 13:15:00+00:00,EXLS,38.880001068115234,38.880001068115234,38.88999938964844,38.880001068115234,38.88999938964844,1040.0
2024-10-25 13:15:00+00:00,EXTR,14.470000267028809,14.470000267028809,14.470000267028809,14.470000267028809,14.470000267028809,110.0
2024-10-25 13:15:00+00:00,FFIV,216.77999877929688,216.77999877929688,216.8300018310547,216.72000122070312,216.7899932861328,6067.0
2024-10-25 13:15:00+00:00,FIVN,29.799999237060547,29.799999237060547,29.809999465942383,29.790000915527344,29.809999465942383,2882.0
2024-10-25 13:15:00+00:00,FLEX,35.20000076293945,35.20000076293945,35.20500183105469,35.20000076293945,35.20000076293945,1839.0
2024-10-25 13:15:00+00:00,FLYW,17.5,17.5,17.5,17.44070053100586,17.469999313354492,3452.0
2024-10-25 13:15:00+00:00,FORM,45.15999984741211,45.15999984741211,45.15999984741211,45.15999984741211,45.15999984741211,645.0
2024-10-25 13:15:00+00:00,FROG,29.385000228881836,29.385000228881836,29.385000228881836,29.38089942932129,29.38089942932129,541.0
2024-10-25 13:15:00+00:00,FRSH,11.649999618530273,11.649999618530273,11.649999618530273,11.649999618530273,11.649999618530273,5011.0
2024-10-25 13:15:00+00:00,FSLR,198.27499389648438,198.27499389648438,198.27499389648438,198.27499389648438,198.27499389648438,437.0
2024-10-25 13:15:00+00:00,FTCI,0.6625000238418579,0.6625000238418579,0.6625000238418579,0.6625000238418579,0.6625000238418579,201.0
2024-10-25 13:15:00+00:00,FTNT,81.01499938964844,81.01499938964844,81.04000091552734,81.01000213623047,81.04000091552734,1794.0
2024-10-25 13:15:00+00:00,GCT,24.780000686645508,24.780000686645508,24.780000686645508,24.760099411010742,24.780000686645508,2652.0
2024-10-25 13:15:00+00:00,GDS,21.469999313354492,21.469999313354492,21.4950008392334,21.469999313354492,21.4950008392334,961.0
2024-10-25 13:15:00+00:00,GPRO,1.340000033378601,1.340000033378601,1.340000033378601,1.340000033378601,1.340000033378601,175.0
2024-10-25 13:15:00+00:00,GRAB,4.105000019073486,4.105000019073486,4.110000133514404,4.099999904632568,4.104100227355957,3220.0
2024-10-25 13:15:00+00:00,GSIT,3.424999952316284,3.424999952316284,3.424999952316284,3.424999952316284,3.424999952316284,1001.0
2024-10-25 13:15:00+00:00,GTLB,55.54999923706055,55.54999923706055,55.54999923706055,55.529998779296875,55.529998779296875,1109.0
2024-10-25 13:15:00+00:00,HCP,33.665000915527344,33.665000915527344,33.66999816894531,33.665000915527344,33.66999816894531,215585.0
2024-10-25 13:15:00+00:00,HEAR,16.530000686645508,16.530000686645508,16.530000686645508,16.530000686645508,16.530000686645508,189.0
2024-10-25 13:15:00+00:00,HIMX,6.184999942779541,6.184999942779541,6.184999942779541,6.184999942779541,6.184999942779541,850.0
2024-10-25 13:15:00+00:00,HLIT,14.789999961853027,14.789999961853027,14.789999961853027,14.789999961853027,14.789999961853027,871.0
2024-10-25 13:15:00+00:00,HOLO,3.569999933242798,3.569999933242798,3.5999999046325684,3.569999933242798,3.5999999046325684,2014.0
2024-10-25 13:15:00+00:00,HOOD,27.311899185180664,27.311899185180664,27.334999084472656,27.299999237060547,27.334999084472656,15542.0
2024-10-25 13:15:00+00:00,ICHR,27.760000228881836,27.760000228881836,27.760000228881836,27.75,27.75,1283.0
2024-10-25 13:15:00+00:00,IMMR,8.75,8.75,8.75,8.75,8.75,102.0
2024-10-25 13:15:00+00:00,INDI,3.555000066757202,3.555000066757202,3.555000066757202,3.549999952316284,3.555000066757202,8262.0
2024-10-25 13:15:00+00:00,INFN,6.789999961853027,6.789999961853027,6.789999961853027,6.789999961853027,6.789999961853027,2967.0
2024-10-25 13:15:00+00:00,INSG,20.23419952392578,20.23419952392578,20.23419952392578,20.190000534057617,20.190000534057617,1025.0
2024-10-25 13:15:00+00:00,INTC,23.055999755859375,23.055999755859375,23.059999465942383,23.045000076293945,23.05500030517578,24668.0
2024-10-25 13:15:00+00:00,INTU,611.14501953125,611.14501953125,611.14501953125,611.14501953125,611.14501953125,275.0
2024-10-25 13:15:00+00:00,INTZ,0.7247999906539917,0.7247999906539917,0.7247999906539917,0.7247999906539917,0.7247999906539917,2000.0
2024-10-25 13:15:00+00:00,ITI,7.195000171661377,7.195000171661377,7.199999809265137,7.190000057220459,7.190000057220459,524.0
2024-10-25 13:15:00+00:00,ITRN,27.200000762939453,27.200000762939453,27.200000762939453,27.200000762939453,27.200000762939453,556.0
2024-10-25 13:15:00+00:00,KC,2.7100000381469727,2.7100000381469727,2.7100000381469727,2.7100000381469727,2.7100000381469727,107.0
2024-10-25 13:15:00+00:00,KLAC,679.9400024414062,679.9400024414062,679.9400024414062,679.760009765625,679.9400024414062,387.0
2024-10-25 13:15:00+00:00,KOPN,0.7804999947547913,0.7804999947547913,0.7804999947547913,0.7804999947547913,0.7804999947547913,531.0
2024-10-25 13:15:00+00:00,KOSS,7.394999980926514,7.394999980926514,7.394999980926514,7.394999980926514,7.394999980926514,100.0
2024-10-25 13:15:00+00:00,LINK,5.049900054931641,5.049900054931641,5.050000190734863,5.03000020980835,5.030099868774414,4565.0
2024-10-25 13:15:00+00:00,LITE,63.959999084472656,63.959999084472656,63.9900016784668,63.91999816894531,63.91999816894531,1994.0
2024-10-25 13:15:00+00:00,LOGI,80.95999908447266,80.95999908447266,80.95999908447266,80.95999908447266,80.95999908447266,818.0
2024-10-25 13:15:00+00:00,LRCX,78.94000244140625,78.94000244140625,79.05999755859375,78.90010070800781,79.05000305175781,30191.0
2024-10-25 13:15:00+00:00,LSCC,54.61000061035156,54.61000061035156,54.619998931884766,54.599998474121094,54.619998931884766,1671.0
2024-10-25 13:15:00+00:00,LYFT,13.774999618530273,13.774999618530273,13.779999732971191,13.765000343322754,13.779999732971191,16272.0
2024-10-25 13:15:00+00:00,MAPS,0.8468000292778015,0.8468000292778015,0.8468000292778015,0.8468000292778015,0.8468000292778015,166.0
2024-10-25 13:15:00+00:00,MAXN,5.599999904632568,5.599999904632568,5.599999904632568,5.599999904632568,5.599999904632568,306.0
2024-10-25 13:15:00+00:00,MCHP,77.19000244140625,77.19000244140625,77.19999694824219,77.16000366210938,77.19999694824219,1962.0
2024-10-25 13:15:00+00:00,MKSI,101.4800033569336,101.4800033569336,101.51000213623047,101.4800033569336,101.51000213623047,904.0
2024-10-25 13:15:00+00:00,MNDY,300.0,300.0,300.0,299.94000244140625,299.94000244140625,450.0
2024-10-25 13:15:00+00:00,MQ,5.284999847412109,5.284999847412109,5.284999847412109,5.284999847412109,5.284999847412109,944.0
2024-10-25 13:15:00+00:00,MRAM,6.295000076293945,6.295000076293945,6.295000076293945,6.295000076293945,6.295000076293945,880.0
2024-10-25 13:15:00+00:00,MRVL,83.1281967163086,83.1281967163086,83.19000244140625,83.125,83.19000244140625,8569.0
2024-10-25 13:15:00+00:00,MSFT,429.55999755859375,429.55999755859375,429.7698974609375,429.54998779296875,429.7698974609375,12315.0
2024-10-25 13:15:00+00:00,MSTR,241.60000610351562,241.60000610351562,242.8800048828125,241.51010131835938,242.8000030517578,62502.0
2024-10-25 13:15:00+00:00,MTTR,4.614999771118164,4.614999771118164,4.614999771118164,4.614999771118164,4.614999771118164,1004.0
2024-10-25 13:15:00+00:00,MU,108.77999877929688,108.77999877929688,108.81620025634766,108.70999908447266,108.81189727783203,9985.0
2024-10-25 13:15:00+00:00,MVIS,1.0841000080108643,1.0841000080108643,1.0850000381469727,1.0800000429153442,1.0850000381469727,8201.0
2024-10-25 13:15:00+00:00,MXL,14.960000038146973,14.960000038146973,14.96500015258789,14.949999809265137,14.96500015258789,3755.0
2024-10-25 13:15:00+00:00,NICE,176.5800018310547,176.5800018310547,176.5800018310547,176.5800018310547,176.5800018310547,682.0
2024-10-25 13:15:00+00:00,NNDM,2.325000047683716,2.325000047683716,2.325000047683716,2.325000047683716,2.325000047683716,207.0
2024-10-25 13:15:00+00:00,NOVT,174.1999969482422,174.1999969482422,174.1999969482422,174.1999969482422,174.1999969482422,351.0
2024-10-25 13:15:00+00:00,NTAP,120.13999938964844,120.13999938964844,120.16000366210938,120.13999938964844,120.16000366210938,1191.0
2024-10-25 13:15:00+00:00,NTCT,20.770000457763672,20.770000457763672,20.770000457763672,20.760000228881836,20.760000228881836,937.0
2024-10-25 13:15:00+00:00,NTNX,62.220001220703125,62.220001220703125,62.22999954223633,62.212501525878906,62.212501525878906,1006.0
2024-10-25 13:15:00+00:00,NVDA,143.2899932861328,143.2899932861328,143.35110473632812,143.22000122070312,143.33999633789062,242487.0
2024-10-25 13:15:00+00:00,NVEI,33.51499938964844,33.51499938964844,33.52000045776367,33.51499938964844,33.52000045776367,6882.0
2024-10-25 13:15:00+00:00,NVTS,2.5999999046325684,2.5999999046325684,2.6087000370025635,2.5999999046325684,2.5999999046325684,7670.0
2024-10-25 13:15:00+00:00,NXPI,245.5850067138672,245.5850067138672,245.6199951171875,245.5850067138672,245.58999633789062,736.0
2024-10-25 13:15:00+00:00,OKTA,72.3759994506836,72.3759994506836,72.4124984741211,72.37000274658203,72.4124984741211,1678.0
2024-10-25 13:15:00+00:00,ON,72.02999877929688,72.02999877929688,72.04000091552734,72.0,72.04000091552734,6803.0
2024-10-25 13:15:00+00:00,PANW,369.135009765625,369.135009765625,369.2900085449219,369.135009765625,369.2099914550781,2762.0
2024-10-25 13:15:00+00:00,PEGA,79.77799987792969,79.77799987792969,79.82499694824219,79.77799987792969,79.82499694824219,1227.0
2024-10-25 13:15:00+00:00,PHUN,10.300000190734863,10.300000190734863,10.369999885559082,10.279999732971191,10.360099792480469,29936.0
2024-10-25 13:15:00+00:00,PI,202.2050018310547,202.2050018310547,202.2050018310547,202.2050018310547,202.2050018310547,198.0
2024-10-25 13:15:00+00:00,PLXS,142.5500030517578,142.5500030517578,142.64999389648438,142.5399932861328,142.60000610351562,3384.0
2024-10-25 13:15:00+00:00,POET,3.880000114440918,3.880000114440918,3.880000114440918,3.880000114440918,3.880000114440918,2012.0
2024-10-25 13:15:00+00:00,PRCH,1.3350000381469727,1.3350000381469727,1.3350000381469727,1.3250000476837158,1.3289999961853027,6166.0
2024-10-25 13:15:00+00:00,PTC,186.97999572753906,186.97999572753906,186.97999572753906,186.9600067138672,186.97999572753906,1852.0
2024-10-25 13:15:00+00:00,PUBM,14.79800033569336,14.79800033569336,14.79800033569336,14.79800033569336,14.79800033569336,232.0
2024-10-25 13:15:00+00:00,PYCR,14.335000038146973,14.335000038146973,14.335000038146973,14.335000038146973,14.335000038146973,1743.0
2024-10-25 13:15:00+00:00,QCOM,172.47999572753906,172.47999572753906,172.47999572753906,172.43800354003906,172.44000244140625,1437.0
2024-10-25 13:15:00+00:00,QUBT,1.0750000476837158,1.0750000476837158,1.0750000476837158,1.059999942779541,1.0750000476837158,103089.0
2024-10-25 13:15:00+00:00,RCAT,2.7699999809265137,2.7699999809265137,2.7699999809265137,2.7690000534057617,2.7699999809265137,1045.0
2024-10-25 13:15:00+00:00,REFR,2.180000066757202,2.180000066757202,2.180000066757202,2.180000066757202,2.180000066757202,1021.0
2024-10-25 13:15:00+00:00,REKR,1.0923999547958374,1.0923999547958374,1.0950000286102295,1.0923999547958374,1.0950000286102295,4264.0
2024-10-25 13:15:00+00:00,RELY,14.819999694824219,14.819999694824219,14.835000038146973,14.819999694824219,14.835000038146973,3053.0
2024-10-25 13:15:00+00:00,RGTI,1.2249000072479248,1.2249000072479248,1.2259999513626099,1.2200000286102295,1.2200000286102295,13331.0
2024-10-25 13:15:00+00:00,RIOT,10.026000022888184,10.026000022888184,10.045999526977539,10.020000457763672,10.045000076293945,27071.0
2024-10-25 13:15:00+00:00,RUN,14.3100004196167,14.3100004196167,14.3149995803833,14.3100004196167,14.3100004196167,1242.0
2024-10-25 13:15:00+00:00,SATS,25.100000381469727,25.100000381469727,25.100000381469727,25.100000381469727,25.100000381469727,589.0
2024-10-25 13:15:00+00:00,SEDG,15.994000434875488,15.994000434875488,16.0,15.989999771118164,15.994999885559082,1729.0
2024-10-25 13:15:00+00:00,SHLS,5.264999866485596,5.264999866485596,5.264999866485596,5.260000228881836,5.260000228881836,1040.0
2024-10-25 13:15:00+00:00,SMCI,47.510101318359375,47.510101318359375,47.589900970458984,47.5099983215332,47.584999084472656,32756.0
2024-10-25 13:15:00+00:00,SMSI,0.8019000291824341,0.8019000291824341,0.8198999762535095,0.800000011920929,0.8015999794006348,33559.0
2024-10-25 13:15:00+00:00,SONO,12.8100004196167,12.8100004196167,12.8100004196167,12.8100004196167,12.8100004196167,1077.0
2024-10-25 13:15:00+00:00,SOPA,0.949999988079071,0.949999988079071,0.949999988079071,0.949999988079071,0.949999988079071,195.0
2024-10-25 13:15:00+00:00,SOUN,5.224999904632568,5.224999904632568,5.229700088500977,5.21999979019165,5.224999904632568,19241.0
2024-10-25 13:15:00+00:00,SPSC,174.52000427246094,174.52000427246094,174.52000427246094,174.52000427246094,174.52000427246094,200.0
2024-10-25 13:15:00+00:00,SSNC,69.58000183105469,69.58000183105469,69.58000183105469,69.51499938964844,69.5199966430664,6316.0
2024-10-25 13:15:00+00:00,SSYS,7.090000152587891,7.090000152587891,7.090000152587891,7.090000152587891,7.090000152587891,106.0
2024-10-25 13:15:00+00:00,STNE,11.520000457763672,11.520000457763672,11.520000457763672,11.489999771118164,11.493900299072266,13446.0
2024-10-25 13:15:00+00:00,STX,104.3499984741211,104.3499984741211,104.37000274658203,104.30999755859375,104.37000274658203,4247.0
2024-10-25 13:15:00+00:00,SWKS,96.66999816894531,96.66999816894531,96.66999816894531,96.66500091552734,96.66500091552734,500.0
2024-10-25 13:15:00+00:00,SYTA,1.284999966621399,1.284999966621399,1.284999966621399,1.284999966621399,1.284999966621399,653.0
2024-10-25 13:15:00+00:00,TASK,11.979999542236328,11.979999542236328,11.979999542236328,11.979999542236328,11.979999542236328,657.0
2024-10-25 13:15:00+00:00,TENB,41.65999984741211,41.65999984741211,41.68000030517578,41.63999938964844,41.63999938964844,1086.0
2024-10-25 13:15:00+00:00,TER,113.13999938964844,113.13999938964844,113.16999816894531,113.12999725341797,113.16000366210938,7772.0
2024-10-25 13:15:00+00:00,TRMB,61.060001373291016,61.060001373291016,61.060001373291016,61.060001373291016,61.060001373291016,213.0
2024-10-25 13:15:00+00:00,TSEM,45.20500183105469,45.20500183105469,45.20500183105469,45.20500183105469,45.20500183105469,205.0
2024-10-25 13:15:00+00:00,TTD,119.0999984741211,119.0999984741211,119.0999984741211,119.05999755859375,119.0999984741211,1134.0
2024-10-25 13:15:00+00:00,TTMI,19.520000457763672,19.520000457763672,19.520000457763672,19.520000457763672,19.520000457763672,404.0
2024-10-25 13:15:00+00:00,TWKS,4.449999809265137,4.449999809265137,4.449999809265137,4.449999809265137,4.449999809265137,1964.0
2024-10-25 13:15:00+00:00,TXN,208.8249969482422,208.8249969482422,208.85000610351562,208.74000549316406,208.75,4962.0
2024-10-25 13:15:00+00:00,UCTT,35.97200012207031,35.97200012207031,35.97200012207031,35.97200012207031,35.97200012207031,335.0
2024-10-25 13:15:00+00:00,VCSA,2.4000000953674316,2.4000000953674316,2.4100000858306885,2.4000000953674316,2.4100000858306885,1592.0
2024-10-25 13:15:00+00:00,VECO,29.540000915527344,29.540000915527344,29.540000915527344,29.540000915527344,29.540000915527344,561.0
2024-10-25 13:15:00+00:00,VERB,10.09000015258789,10.09000015258789,10.09000015258789,10.09000015258789,10.09000015258789,456.0
2024-10-25 13:15:00+00:00,VMEO,4.775000095367432,4.775000095367432,4.775000095367432,4.775000095367432,4.775000095367432,851.0
2024-10-25 13:15:00+00:00,VNET,3.4649999141693115,3.4649999141693115,3.4649999141693115,3.4600000381469727,3.4600000381469727,309.0
2024-10-25 13:15:00+00:00,VRNS,56.97999954223633,56.97999954223633,57.040000915527344,56.91999816894531,57.029998779296875,6331.0
2024-10-25 13:15:00+00:00,VRSN,185.14999389648438,185.14999389648438,185.14999389648438,185.14999389648438,185.14999389648438,681.0
2024-10-25 13:15:00+00:00,VSAT,10.319999694824219,10.319999694824219,10.329999923706055,10.319999694824219,10.329999923706055,1095.0
2024-10-25 13:15:00+00:00,VUZI,1.315000057220459,1.315000057220459,1.315000057220459,1.315000057220459,1.315000057220459,1869.0
2024-10-25 13:15:00+00:00,WDAY,239.49000549316406,239.49000549316406,239.49000549316406,239.49000549316406,239.49000549316406,446.0
2024-10-25 13:15:00+00:00,WDC,71.0,71.0,71.0,70.8479995727539,70.8949966430664,15443.0
2024-10-25 13:15:00+00:00,WISA,1.9615000486373901,1.9615000486373901,2.0,1.9615000486373901,1.9902000427246094,12168.0
2024-10-25 13:15:00+00:00,WRAP,1.8000999689102173,1.8000999689102173,1.8000999689102173,1.8000999689102173,1.8000999689102173,703.0
2024-10-25 13:15:00+00:00,XRX,10.050000190734863,10.050000190734863,10.055000305175781,10.050000190734863,10.055000305175781,230.0
2024-10-25 13:15:00+00:00,ZI,10.529999732971191,10.529999732971191,10.539999961853027,10.529999732971191,10.539999961853027,727.0
2024-10-25 13:15:00+00:00,ZM,73.12000274658203,73.12000274658203,73.12000274658203,73.12000274658203,73.12000274658203,963.0
2024-10-25 13:15:00+00:00,ZS,185.66000366210938,185.66000366210938,185.6649932861328,185.625,185.6649932861328,1449.0
2024-10-25 13:16:00+00:00,AAOI,17.790000915527344,17.790000915527344,17.799999237060547,17.790000915527344,17.799999237060547,6642.0
2024-10-25 13:16:00+00:00,AAPL,232.11000061035156,232.11000061035156,232.1699981689453,232.04269409179688,232.14999389648438,62208.0
2024-10-25 13:16:00+00:00,ACIW,48.71500015258789,48.71500015258789,48.720001220703125,48.71500015258789,48.720001220703125,421.0
2024-10-25 13:16:00+00:00,ACMR,19.875,19.875,19.875,19.860000610351562,19.8700008392334,455.0
2024-10-25 13:16:00+00:00,ADBE,484.9649963378906,484.9649963378906,484.9649963378906,484.8544006347656,484.8544006347656,577.0
2024-10-25 13:16:00+00:00,ADI,233.50999450683594,233.50999450683594,233.50999450683594,233.50999450683594,233.50999450683594,290.0
2024-10-25 13:16:00+00:00,ADSK,286.7300109863281,286.7300109863281,286.7300109863281,286.7300109863281,286.7300109863281,900.0
2024-10-25 13:16:00+00:00,AEHR,17.095800399780273,17.095800399780273,17.104999542236328,17.095800399780273,17.104999542236328,2203.0
2024-10-25 13:16:00+00:00,AFRM,41.650001525878906,41.650001525878906,41.65999984741211,41.63999938964844,41.63999938964844,2994.0
2024-10-25 13:16:00+00:00,AIP,6.920000076293945,6.920000076293945,6.920000076293945,6.920000076293945,6.920000076293945,200.0
2024-10-25 13:16:00+00:00,AKAM,102.52999877929688,102.52999877929688,102.52999877929688,102.50140380859375,102.52999877929688,1084.0
2024-10-25 13:16:00+00:00,ALGM,23.100000381469727,23.100000381469727,23.100000381469727,23.100000381469727,23.100000381469727,1543.0
2024-10-25 13:16:00+00:00,ALRM,54.685001373291016,54.685001373291016,54.75,54.66999816894531,54.75,2418.0
2024-10-25 13:16:00+00:00,AMAT,188.44000244140625,188.44000244140625,188.50999450683594,188.41000366210938,188.49749755859375,4832.0
2024-10-25 13:16:00+00:00,AMD,157.62989807128906,157.62989807128906,157.67999267578125,157.52999877929688,157.6300048828125,51257.0
2024-10-25 13:16:00+00:00,AMKR,30.049999237060547,30.049999237060547,30.049999237060547,30.049999237060547,30.049999237060547,962.0
2024-10-25 13:16:00+00:00,ANSS,324.5050048828125,324.5050048828125,324.5249938964844,324.5050048828125,324.5249938964844,312.0
2024-10-25 13:16:00+00:00,ANY,1.059999942779541,1.059999942779541,1.059999942779541,1.059999942779541,1.059999942779541,500.0
2024-10-25 13:16:00+00:00,AOSL,36.654998779296875,36.654998779296875,36.654998779296875,36.654998779296875,36.654998779296875,200.0
2024-10-25 13:16:00+00:00,API,2.950000047683716,2.950000047683716,2.950000047683716,2.930000066757202,2.930000066757202,1735.0
2024-10-25 13:16:00+00:00,APP,161.1300048828125,161.1300048828125,161.19000244140625,161.07000732421875,161.19000244140625,6087.0
2024-10-25 13:16:00+00:00,APPS,3.0850000381469727,3.0850000381469727,3.0850000381469727,3.0850000381469727,3.0850000381469727,924.0
2024-10-25 13:16:00+00:00,ARQQ,7.099899768829346,7.099899768829346,7.099899768829346,7.090000152587891,7.090000152587891,1359.0
2024-10-25 13:16:00+00:00,ARRY,6.425000190734863,6.425000190734863,6.429999828338623,6.420000076293945,6.420100212097168,10124.0
2024-10-25 13:16:00+00:00,ASML,717.6699829101562,717.6699829101562,717.6699829101562,717.6699829101562,717.6699829101562,2946.0
2024-10-25 13:16:00+00:00,AUR,6.468900203704834,6.468900203704834,6.468900203704834,6.454999923706055,6.460000038146973,13139.0
2024-10-25 13:16:00+00:00,AVDX,8.135000228881836,8.135000228881836,8.140000343322754,8.135000228881836,8.140000343322754,1219.0
2024-10-25 13:16:00+00:00,AVGO,175.1999969482422,175.1999969482422,175.33999633789062,175.1999969482422,175.33009338378906,29370.0
2024-10-25 13:16:00+00:00,AVT,53.98500061035156,53.98500061035156,53.98500061035156,53.98500061035156,53.98500061035156,273.0
2024-10-25 13:16:00+00:00,BL,56.33000183105469,56.33000183105469,56.38999938964844,56.33000183105469,56.38999938964844,1470.0
2024-10-25 13:16:00+00:00,BLZE,7.190000057220459,7.190000057220459,7.190000057220459,7.190000057220459,7.190000057220459,184.0
2024-10-25 13:16:00+00:00,BMBL,7.144999980926514,7.144999980926514,7.144999980926514,7.139999866485596,7.139999866485596,1036.0
2024-10-25 13:16:00+00:00,BRZE,30.579999923706055,30.579999923706055,30.600000381469727,30.579999923706055,30.600000381469727,2582.0
2024-10-25 13:16:00+00:00,BSY,49.18000030517578,49.18000030517578,49.18000030517578,49.13999938964844,49.1702995300293,2808.0
2024-10-25 13:16:00+00:00,CDNS,259.3999938964844,259.3999938964844,259.3999938964844,259.3399963378906,259.3399963378906,1075.0
2024-10-25 13:16:00+00:00,CDW,219.75,219.75,219.7899932861328,219.75,219.77999877929688,1219.0
2024-10-25 13:16:00+00:00,CETX,0.3034999966621399,0.3034999966621399,0.3059999942779541,0.3034999966621399,0.30480000376701355,27282.0
2024-10-25 13:16:00+00:00,CEVA,24.264999389648438,24.264999389648438,24.264999389648438,24.239999771118164,24.239999771118164,587.0
2024-10-25 13:16:00+00:00,CFLT,22.6200008392334,22.6200008392334,22.6200008392334,22.614999771118164,22.6200008392334,675.0
2024-10-25 13:16:00+00:00,CGNX,38.93000030517578,38.93000030517578,38.939998626708984,38.90999984741211,38.93000030517578,2170.0
2024-10-25 13:16:00+00:00,CHKP,206.84500122070312,206.84500122070312,206.94000244140625,206.84500122070312,206.84500122070312,730.0
2024-10-25 13:16:00+00:00,CLSK,11.880000114440918,11.880000114440918,11.909899711608887,11.880000114440918,11.904999732971191,59741.0
2024-10-25 13:16:00+00:00,CMTL,3.7249999046325684,3.7249999046325684,3.7249999046325684,3.7249999046325684,3.7249999046325684,131.0
2024-10-25 13:16:00+00:00,COHR,95.61000061035156,95.61000061035156,95.70500183105469,95.61000061035156,95.70500183105469,1409.0
2024-10-25 13:16:00+00:00,COIN,210.77999877929688,210.77999877929688,211.10000610351562,210.6999969482422,211.10000610351562,25340.0
2024-10-25 13:16:00+00:00,COMM,6.275000095367432,6.275000095367432,6.295000076293945,6.260000228881836,6.295000076293945,19985.0
2024-10-25 13:16:00+00:00,CORZ,13.399999618530273,13.399999618530273,13.404999732971191,13.395000457763672,13.404999732971191,5985.0
2024-10-25 13:16:00+00:00,CRCT,6.614999771118164,6.614999771118164,6.614999771118164,6.614999771118164,6.614999771118164,501.0
2024-10-25 13:16:00+00:00,CRDO,39.70000076293945,39.70000076293945,39.709999084472656,39.66999816894531,39.66999816894531,3465.0
2024-10-25 13:16:00+00:00,CRSR,6.369999885559082,6.369999885559082,6.375,6.369999885559082,6.375,753.0
2024-10-25 13:16:00+00:00,CRUS,123.48999786376953,123.48999786376953,123.5250015258789,123.48999786376953,123.5250015258789,781.0
2024-10-25 13:16:00+00:00,CRWD,302.1400146484375,302.1400146484375,302.1400146484375,301.7099914550781,301.840087890625,5170.0
2024-10-25 13:16:00+00:00,CSCO,55.899898529052734,55.899898529052734,55.899898529052734,55.880001068115234,55.880001068115234,24008.0
2024-10-25 13:16:00+00:00,CSGS,47.470001220703125,47.470001220703125,47.470001220703125,47.470001220703125,47.470001220703125,511.0
2024-10-25 13:16:00+00:00,CSIQ,13.65999984741211,13.65999984741211,13.65999984741211,13.649999618530273,13.65999984741211,1026.0
2024-10-25 13:16:00+00:00,CTSH,74.80999755859375,74.80999755859375,74.81999969482422,74.80000305175781,74.80999755859375,3174.0
2024-10-25 13:16:00+00:00,CVLT,134.46499633789062,134.46499633789062,134.46499633789062,134.22000122070312,134.33999633789062,9383.0
2024-10-25 13:16:00+00:00,CYBR,291.4200134277344,291.4200134277344,291.4200134277344,291.4200134277344,291.4200134277344,1480.0
2024-10-25 13:16:00+00:00,DAVE,39.38999938964844,39.38999938964844,39.415000915527344,39.38999938964844,39.415000915527344,652.0
2024-10-25 13:16:00+00:00,DBX,26.010000228881836,26.010000228881836,26.010000228881836,25.975000381469727,25.985000610351562,17809.0
2024-10-25 13:16:00+00:00,DDOG,127.22000122070312,127.22000122070312,127.27999877929688,127.22000122070312,127.27999877929688,4077.0
2024-10-25 13:16:00+00:00,DIOD,66.57499694824219,66.57499694824219,66.57499694824219,66.57499694824219,66.57499694824219,507.0
2024-10-25 13:16:00+00:00,DLO,8.899999618530273,8.899999618530273,8.899999618530273,8.890000343322754,8.895000457763672,2278.0
2024-10-25 13:16:00+00:00,DOCU,69.76000213623047,69.76000213623047,69.76000213623047,69.72000122070312,69.7300033569336,7843.0
2024-10-25 13:16:00+00:00,DTSS,2.4800000190734863,2.4800000190734863,2.4800000190734863,2.4800000190734863,2.4800000190734863,217.0
2024-10-25 13:16:00+00:00,EEFT,99.30000305175781,99.30000305175781,99.37000274658203,99.30000305175781,99.37000274658203,1171.0
2024-10-25 13:16:00+00:00,EMKR,2.0999999046325684,2.0999999046325684,2.0999999046325684,2.0999999046325684,2.0999999046325684,587.0
2024-10-25 13:16:00+00:00,ENPH,82.80000305175781,82.80000305175781,83.00409698486328,82.80000305175781,83.00409698486328,7185.0
2024-10-25 13:16:00+00:00,ERIC,8.454999923706055,8.454999923706055,8.461000442504883,8.450900077819824,8.461000442504883,32162.0
2024-10-25 13:16:00+00:00,EXFY,1.725000023841858,1.725000023841858,1.725000023841858,1.7244999408721924,1.7244999408721924,1270.0
2024-10-25 13:16:00+00:00,EXLS,38.88999938964844,38.88999938964844,38.88999938964844,38.88999938964844,38.88999938964844,1239.0
2024-10-25 13:16:00+00:00,EXTR,14.46500015258789,14.46500015258789,14.470000267028809,14.46500015258789,14.470000267028809,963.0
2024-10-25 13:16:00+00:00,FFIV,216.7449951171875,216.7449951171875,216.78500366210938,216.72000122070312,216.77499389648438,4405.0
2024-10-25 13:16:00+00:00,FIVN,29.790000915527344,29.790000915527344,29.799999237060547,29.760000228881836,29.790000915527344,15643.0
2024-10-25 13:16:00+00:00,FLEX,35.290000915527344,35.290000915527344,35.29499816894531,35.189998626708984,35.189998626708984,9314.0
2024-10-25 13:16:00+00:00,FLYW,17.520000457763672,17.520000457763672,17.520000457763672,17.510000228881836,17.510000228881836,668.0
2024-10-25 13:16:00+00:00,FSLR,198.17999267578125,198.17999267578125,198.17999267578125,198.17999267578125,198.17999267578125,1277.0
2024-10-25 13:16:00+00:00,FTCI,0.6610000133514404,0.6610000133514404,0.661899983882904,0.6610000133514404,0.6610000133514404,4403.0
2024-10-25 13:16:00+00:00,FTNT,80.98999786376953,80.98999786376953,81.01000213623047,80.98999786376953,81.0,4902.0
2024-10-25 13:16:00+00:00,GCT,24.780000686645508,24.780000686645508,24.780000686645508,24.760000228881836,24.780000686645508,1315.0
2024-10-25 13:16:00+00:00,GDYN,15.5600004196167,15.5600004196167,15.5600004196167,15.550000190734863,15.550000190734863,490.0
2024-10-25 13:16:00+00:00,GFS,41.14500045776367,41.14500045776367,41.150001525878906,41.14500045776367,41.150001525878906,1101.0
2024-10-25 13:16:00+00:00,GILT,4.945000171661377,4.945000171661377,4.945000171661377,4.945000171661377,4.945000171661377,409.0
2024-10-25 13:16:00+00:00,GRAB,4.099999904632568,4.099999904632568,4.105000019073486,4.099999904632568,4.105000019073486,1516.0
2024-10-25 13:16:00+00:00,GRRRW,0.06199999898672104,0.06199999898672104,0.06199999898672104,0.06199999898672104,0.06199999898672104,1150.0
2024-10-25 13:16:00+00:00,GTLB,55.525001525878906,55.525001525878906,55.525001525878906,55.525001525878906,55.525001525878906,365.0
2024-10-25 13:16:00+00:00,HCP,33.665000915527344,33.665000915527344,33.665000915527344,33.665000915527344,33.665000915527344,15925.0
2024-10-25 13:16:00+00:00,HOLO,3.5989999771118164,3.5989999771118164,3.5989999771118164,3.5799999237060547,3.5799999237060547,5893.0
2024-10-25 13:16:00+00:00,HOOD,27.30500030517578,27.30500030517578,27.315000534057617,27.30030059814453,27.3125,11949.0
2024-10-25 13:16:00+00:00,ICHR,27.739999771118164,27.739999771118164,27.739999771118164,27.729999542236328,27.739999771118164,480.0
2024-10-25 13:16:00+00:00,IDAI,0.22779999673366547,0.22779999673366547,0.22789999842643738,0.22779999673366547,0.22789999842643738,5798.0
2024-10-25 13:16:00+00:00,III,3.0399999618530273,3.0399999618530273,3.0399999618530273,3.0399999618530273,3.0399999618530273,1656.0
2024-10-25 13:16:00+00:00,IIIV,22.885000228881836,22.885000228881836,22.885000228881836,22.885000228881836,22.885000228881836,1170.0
2024-10-25 13:16:00+00:00,IMMR,8.744999885559082,8.744999885559082,8.744999885559082,8.744600296020508,8.744600296020508,3448.0
2024-10-25 13:16:00+00:00,INDI,3.555000066757202,3.555000066757202,3.555000066757202,3.5501999855041504,3.555000066757202,5291.0
2024-10-25 13:16:00+00:00,INTA,50.02000045776367,50.02000045776367,50.02000045776367,50.02000045776367,50.02000045776367,704.0
2024-10-25 13:16:00+00:00,INTC,23.059999465942383,23.059999465942383,23.06999969482422,23.040000915527344,23.055200576782227,64762.0
2024-10-25 13:16:00+00:00,INTU,610.9650268554688,610.9650268554688,610.97998046875,610.8699951171875,610.97998046875,1160.0
2024-10-25 13:16:00+00:00,INVE,3.569999933242798,3.569999933242798,3.569999933242798,3.569999933242798,3.569999933242798,983.0
2024-10-25 13:16:00+00:00,JAMF,16.75,16.75,16.760000228881836,16.75,16.760000228881836,710.0
2024-10-25 13:16:00+00:00,JKHY,182.86500549316406,182.86500549316406,182.92999267578125,182.85000610351562,182.85000610351562,5358.0
2024-10-25 13:16:00+00:00,KC,2.7149999141693115,2.7149999141693115,2.7149999141693115,2.7149999141693115,2.7149999141693115,419.0
2024-10-25 13:16:00+00:00,KLAC,680.2399291992188,680.2399291992188,680.2399291992188,679.655029296875,679.655029296875,668.0
2024-10-25 13:16:00+00:00,KLIC,44.65999984741211,44.65999984741211,44.65999984741211,44.65999984741211,44.65999984741211,983.0
2024-10-25 13:16:00+00:00,LASR,10.420000076293945,10.420000076293945,10.420000076293945,10.420000076293945,10.420000076293945,402.0
2024-10-25 13:16:00+00:00,LINK,5.000100135803223,5.000100135803223,5.050000190734863,5.0,5.002099990844727,5067.0
2024-10-25 13:16:00+00:00,LITE,63.93000030517578,63.93000030517578,63.95000076293945,63.93000030517578,63.95000076293945,1084.0
2024-10-25 13:16:00+00:00,LPSN,1.1699999570846558,1.1699999570846558,1.1699999570846558,1.1699999570846558,1.1699999570846558,23900.0
2024-10-25 13:16:00+00:00,LRCX,78.81999969482422,78.81999969482422,78.93000030517578,78.80999755859375,78.93000030517578,63264.0
2024-10-25 13:16:00+00:00,LSCC,54.59000015258789,54.59000015258789,54.59000015258789,54.59000015258789,54.59000015258789,892.0
2024-10-25 13:16:00+00:00,LTRX,4.050000190734863,4.050000190734863,4.050000190734863,4.045000076293945,4.047999858856201,2438.0
2024-10-25 13:16:00+00:00,LYFT,13.765000343322754,13.765000343322754,13.776000022888184,13.760000228881836,13.774999618530273,19191.0
2024-10-25 13:16:00+00:00,MAXN,5.574999809265137,5.574999809265137,5.574999809265137,5.574999809265137,5.574999809265137,172.0
2024-10-25 13:16:00+00:00,MCHP,77.19999694824219,77.19999694824219,77.19999694824219,77.16000366210938,77.18000030517578,5391.0
2024-10-25 13:16:00+00:00,MKSI,101.44000244140625,101.44000244140625,101.45999908447266,101.44000244140625,101.45999908447266,1527.0
2024-10-25 13:16:00+00:00,MNDY,299.8042907714844,299.8042907714844,299.8042907714844,299.8042907714844,299.8042907714844,2973.0
2024-10-25 13:16:00+00:00,MPWR,922.7349853515625,922.7349853515625,922.7349853515625,922.7349853515625,922.7349853515625,852.0
2024-10-25 13:16:00+00:00,MQ,5.284999847412109,5.284999847412109,5.284999847412109,5.284999847412109,5.284999847412109,1010.0
2024-10-25 13:16:00+00:00,MRVL,83.01000213623047,83.01000213623047,83.12000274658203,83.01000213623047,83.12000274658203,16808.0
2024-10-25 13:16:00+00:00,MSFT,429.45001220703125,429.45001220703125,429.5,429.32501220703125,429.4800109863281,23355.0
2024-10-25 13:16:00+00:00,MSTR,241.07000732421875,241.07000732421875,241.74000549316406,241.07000732421875,241.57000732421875,55362.0
2024-10-25 13:16:00+00:00,MTSI,120.55000305175781,120.55000305175781,120.55000305175781,120.43499755859375,120.5,1923.0
2024-10-25 13:16:00+00:00,MTTR,4.610000133514404,4.610000133514404,4.614999771118164,4.605000019073486,4.610000133514404,15320.0
2024-10-25 13:16:00+00:00,MU,108.76499938964844,108.76499938964844,108.77999877929688,108.70999908447266,108.73999786376953,5317.0
2024-10-25 13:16:00+00:00,MVIS,1.0850000381469727,1.0850000381469727,1.0850000381469727,1.0813000202178955,1.0813000202178955,915.0
2024-10-25 13:16:00+00:00,MXL,14.970000267028809,14.970000267028809,14.970000267028809,14.960000038146973,14.960000038146973,984.0
2024-10-25 13:16:00+00:00,NNDM,2.3201000690460205,2.3201000690460205,2.3201000690460205,2.3201000690460205,2.3201000690460205,1674.0
2024-10-25 13:16:00+00:00,NSIT,209.2100067138672,209.2100067138672,209.2100067138672,209.2100067138672,209.2100067138672,747.0
2024-10-25 13:16:00+00:00,NTAP,120.16000366210938,120.16000366210938,120.18000030517578,120.16000366210938,120.18000030517578,593.0
2024-10-25 13:16:00+00:00,NTGR,20.325000762939453,20.325000762939453,20.325000762939453,20.325000762939453,20.325000762939453,348.0
2024-10-25 13:16:00+00:00,NTNX,62.20000076293945,62.20000076293945,62.20000076293945,62.20000076293945,62.20000076293945,1290.0
2024-10-25 13:16:00+00:00,NVDA,143.25999450683594,143.25999450683594,143.3000030517578,143.15499877929688,143.3000030517578,407195.0
2024-10-25 13:16:00+00:00,NVEI,33.51499938964844,33.51499938964844,33.51499938964844,33.51499938964844,33.51499938964844,919.0
2024-10-25 13:16:00+00:00,NXPI,245.67999267578125,245.67999267578125,245.74000549316406,245.52999877929688,245.57000732421875,2575.0
2024-10-25 13:16:00+00:00,ON,71.98999786376953,71.98999786376953,72.02999877929688,71.98999786376953,72.02999877929688,7995.0
2024-10-25 13:16:00+00:00,OSIS,134.4149932861328,134.4149932861328,134.4149932861328,134.4149932861328,134.4149932861328,1149.0
2024-10-25 13:16:00+00:00,PAYO,8.289999961853027,8.289999961853027,8.289999961853027,8.289999961853027,8.289999961853027,573.0
2024-10-25 13:16:00+00:00,PGY,11.869999885559082,11.869999885559082,11.869999885559082,11.869999885559082,11.869999885559082,1496.0
2024-10-25 13:16:00+00:00,PHUN,10.250300407409668,10.250300407409668,10.319999694824219,10.25,10.319899559020996,17617.0
2024-10-25 13:16:00+00:00,PI,202.15269470214844,202.15269470214844,202.15269470214844,202.15269470214844,202.15269470214844,516.0
2024-10-25 13:16:00+00:00,PLAB,23.709999084472656,23.709999084472656,23.709999084472656,23.700000762939453,23.700000762939453,2077.0
2024-10-25 13:16:00+00:00,PLXS,142.0050048828125,142.0050048828125,142.3300018310547,141.97000122070312,142.3300018310547,2689.0
2024-10-25 13:16:00+00:00,POWI,63.880001068115234,63.880001068115234,63.880001068115234,63.880001068115234,63.880001068115234,544.0
2024-10-25 13:16:00+00:00,PRCH,1.3250000476837158,1.3250000476837158,1.3300000429153442,1.3250000476837158,1.3300000429153442,2085.0
2024-10-25 13:16:00+00:00,PTC,186.60499572753906,186.60499572753906,186.86000061035156,186.60499572753906,186.86000061035156,1319.0
2024-10-25 13:16:00+00:00,PUBM,14.789999961853027,14.789999961853027,14.800000190734863,14.789999961853027,14.800000190734863,804.0
2024-10-25 13:16:00+00:00,QCOM,172.43499755859375,172.43499755859375,172.4600067138672,172.39999389648438,172.42999267578125,4407.0
2024-10-25 13:16:00+00:00,QRVO,100.47000122070312,100.47000122070312,100.47000122070312,100.47000122070312,100.47000122070312,1624.0
2024-10-25 13:16:00+00:00,QUBT,1.0800000429153442,1.0800000429153442,1.0800000429153442,1.0800000429153442,1.0800000429153442,167.0
2024-10-25 13:16:00+00:00,RCAT,2.765000104904175,2.765000104904175,2.765000104904175,2.765000104904175,2.765000104904175,169.0
2024-10-25 13:16:00+00:00,REKR,1.0950000286102295,1.0950000286102295,1.0950000286102295,1.0950000286102295,1.0950000286102295,466.0
2024-10-25 13:16:00+00:00,RELY,14.819999694824219,14.819999694824219,14.819999694824219,14.819999694824219,14.819999694824219,195.0
2024-10-25 13:16:00+00:00,RGTI,1.2300000190734863,1.2300000190734863,1.2300000190734863,1.2288999557495117,1.2288999557495117,11972.0
2024-10-25 13:16:00+00:00,RIOT,10.010000228881836,10.010000228881836,10.024999618530273,10.010000228881836,10.024999618530273,25844.0
2024-10-25 13:16:00+00:00,RMBS,43.58000183105469,43.58000183105469,43.59000015258789,43.58000183105469,43.58000183105469,910.0
2024-10-25 13:16:00+00:00,RMNI,1.725000023841858,1.725000023841858,1.725000023841858,1.725000023841858,1.725000023841858,396.0
2024-10-25 13:16:00+00:00,RPAY,7.599999904632568,7.599999904632568,7.599999904632568,7.599999904632568,7.599999904632568,276.0
2024-10-25 13:16:00+00:00,RPD,38.75,38.75,38.75,38.75,38.75,1471.0
2024-10-25 13:16:00+00:00,RUN,14.3100004196167,14.3100004196167,14.3100004196167,14.300000190734863,14.3100004196167,7464.0
2024-10-25 13:16:00+00:00,SATS,25.09000015258789,25.09000015258789,25.100000381469727,25.09000015258789,25.100000381469727,1820.0
2024-10-25 13:16:00+00:00,SCWX,8.375,8.375,8.375,8.375,8.375,684.0
2024-10-25 13:16:00+00:00,SEDG,15.989999771118164,15.989999771118164,15.994999885559082,15.979999542236328,15.994999885559082,5167.0
2024-10-25 13:16:00+00:00,SHLS,5.260000228881836,5.260000228881836,5.260000228881836,5.260000228881836,5.260000228881836,400.0
2024-10-25 13:16:00+00:00,SITM,183.2449951171875,183.2449951171875,183.2449951171875,183.2449951171875,183.2449951171875,1027.0
2024-10-25 13:16:00+00:00,SKYT,10.680000305175781,10.680000305175781,10.680000305175781,10.680000305175781,10.680000305175781,265.0
2024-10-25 13:16:00+00:00,SMCI,47.470001220703125,47.470001220703125,47.511600494384766,47.41999816894531,47.511600494384766,126128.0
2024-10-25 13:16:00+00:00,SMSI,0.8198999762535095,0.8198999762535095,0.8198999762535095,0.8198999762535095,0.8198999762535095,0.0
2024-10-25 13:16:00+00:00,SMTC,45.97999954223633,45.97999954223633,45.97999954223633,45.97999954223633,45.97999954223633,413.0
2024-10-25 13:16:00+00:00,SNPS,504.20001220703125,504.20001220703125,504.20001220703125,504.20001220703125,504.20001220703125,756.0
2024-10-25 13:16:00+00:00,SONO,12.800000190734863,12.800000190734863,12.800000190734863,12.800000190734863,12.800000190734863,1136.0
2024-10-25 13:16:00+00:00,SOUN,5.224999904632568,5.224999904632568,5.227499961853027,5.21999979019165,5.224999904632568,10328.0
2024-10-25 13:16:00+00:00,SPSC,173.8800048828125,173.8800048828125,174.3300018310547,173.8800048828125,174.3300018310547,819.0
2024-10-25 13:16:00+00:00,SRAD,12.390000343322754,12.390000343322754,12.390000343322754,12.390000343322754,12.390000343322754,369.0
2024-10-25 13:16:00+00:00,SSNC,69.58999633789062,69.58999633789062,69.58999633789062,69.57499694824219,69.57499694824219,1762.0
2024-10-25 13:16:00+00:00,SSYS,7.081299781799316,7.081299781799316,7.081299781799316,7.081299781799316,7.081299781799316,488.0
2024-10-25 13:16:00+00:00,STER,16.739999771118164,16.739999771118164,16.739999771118164,16.739999771118164,16.739999771118164,200.0
2024-10-25 13:16:00+00:00,STNE,11.505000114440918,11.505000114440918,11.520000457763672,11.505000114440918,11.520000457763672,4154.0
2024-10-25 13:16:00+00:00,STX,104.3499984741211,104.3499984741211,104.3499984741211,104.3499984741211,104.3499984741211,420.0
2024-10-25 13:16:00+00:00,SWKS,96.63500213623047,96.63500213623047,96.6500015258789,96.62000274658203,96.63999938964844,2952.0
2024-10-25 13:16:00+00:00,SYNA,73.30000305175781,73.30000305175781,73.36000061035156,73.30000305175781,73.36000061035156,1791.0
2024-10-25 13:16:00+00:00,SYTA,1.284999966621399,1.284999966621399,1.284999966621399,1.284999966621399,1.284999966621399,10598.0
2024-10-25 13:16:00+00:00,TENB,41.68000030517578,41.68000030517578,41.68000030517578,41.650001525878906,41.68000030517578,2477.0
2024-10-25 13:16:00+00:00,TER,113.08999633789062,113.08999633789062,113.1500015258789,113.08999633789062,113.12999725341797,12940.0
2024-10-25 13:16:00+00:00,TRMB,61.060001373291016,61.060001373291016,61.060001373291016,61.04499816894531,61.04499816894531,617.0
2024-10-25 13:16:00+00:00,TTD,119.05999755859375,119.05999755859375,119.12000274658203,119.05999755859375,119.05999755859375,2096.0
2024-10-25 13:16:00+00:00,TTMI,19.510000228881836,19.510000228881836,19.520000457763672,19.510000228881836,19.520000457763672,1581.0
2024-10-25 13:16:00+00:00,TWKS,4.449999809265137,4.449999809265137,4.449999809265137,4.449999809265137,4.449999809265137,1926.0
2024-10-25 13:16:00+00:00,TXN,208.875,208.875,208.8800048828125,208.74009704589844,208.77999877929688,5239.0
2024-10-25 13:16:00+00:00,UCTT,35.91999816894531,35.91999816894531,35.91999816894531,35.91999816894531,35.91999816894531,133.0
2024-10-25 13:16:00+00:00,UPLD,2.121000051498413,2.121000051498413,2.1449999809265137,2.121000051498413,2.1449999809265137,1451.0
2024-10-25 13:16:00+00:00,VECO,29.520000457763672,29.520000457763672,29.530000686645508,29.520000457763672,29.530000686645508,977.0
2024-10-25 13:16:00+00:00,VMEO,4.775000095367432,4.775000095367432,4.775000095367432,4.775000095367432,4.775000095367432,496.0
2024-10-25 13:16:00+00:00,VNET,3.4549999237060547,3.4549999237060547,3.4649999141693115,3.4549999237060547,3.4649999141693115,15722.0
2024-10-25 13:16:00+00:00,VOXX,7.6529998779296875,7.6529998779296875,7.6529998779296875,7.6529998779296875,7.6529998779296875,200.0
2024-10-25 13:16:00+00:00,VRNS,56.9900016784668,56.9900016784668,56.9900016784668,56.9900016784668,56.9900016784668,1531.0
2024-10-25 13:16:00+00:00,VRNT,22.18000030517578,22.18000030517578,22.18000030517578,22.18000030517578,22.18000030517578,517.0
2024-10-25 13:16:00+00:00,VRSN,185.0,185.0,185.0,185.0,185.0,230.0
2024-10-25 13:16:00+00:00,VSAT,10.329999923706055,10.329999923706055,10.329999923706055,10.319999694824219,10.329999923706055,613.0
2024-10-25 13:16:00+00:00,VUZI,1.309999942779541,1.309999942779541,1.309999942779541,1.309999942779541,1.309999942779541,400.0
2024-10-25 13:16:00+00:00,WALD,3.609999895095825,3.609999895095825,3.609999895095825,3.609999895095825,3.609999895095825,1469.0
2024-10-25 13:16:00+00:00,WDAY,239.52000427246094,239.52000427246094,239.52000427246094,239.4600067138672,239.4600067138672,706.0
2024-10-25 13:16:00+00:00,WDC,71.04000091552734,71.04000091552734,71.04000091552734,70.95999908447266,70.9749984741211,11348.0
2024-10-25 13:16:00+00:00,WISA,1.9550000429153442,1.9550000429153442,1.9800000190734863,1.9500000476837158,1.9700000286102295,15694.0
2024-10-25 13:16:00+00:00,XRX,10.050000190734863,10.050000190734863,10.050000190734863,10.050000190734863,10.050000190734863,548.0
2024-10-25 13:16:00+00:00,ZI,10.529999732971191,10.529999732971191,10.539999961853027,10.529999732971191,10.539999961853027,427.0
2024-10-25 13:16:00+00:00,ZM,73.09500122070312,73.09500122070312,73.11499786376953,73.09500122070312,73.11499786376953,1544.0
2024-10-25 13:16:00+00:00,ZS,185.4499969482422,185.4499969482422,185.55999755859375,185.4499969482422,185.55999755859375,1897.0
2024-10-25 13:17:00+00:00,AAOI,17.76289939880371,17.76289939880371,17.76289939880371,17.760000228881836,17.760000228881836,1436.0
2024-10-25 13:17:00+00:00,AAPL,231.96200561523438,231.96200561523438,232.1199951171875,231.9199981689453,232.11500549316406,75059.0
2024-10-25 13:17:00+00:00,ACIW,48.62200164794922,48.62200164794922,48.689998626708984,48.62200164794922,48.689998626708984,2786.0
2024-10-25 13:17:00+00:00,ACLS,90.29000091552734,90.29000091552734,90.29000091552734,90.29000091552734,90.29000091552734,243.0
2024-10-25 13:17:00+00:00,ACMR,19.84000015258789,19.84000015258789,19.860000610351562,19.829999923706055,19.860000610351562,1152.0
2024-10-25 13:17:00+00:00,ADBE,484.6400146484375,484.6400146484375,484.9100036621094,484.6400146484375,484.9100036621094,1723.0
2024-10-25 13:17:00+00:00,ADI,233.4600067138672,233.4600067138672,233.4600067138672,233.44000244140625,233.44000244140625,1029.0
2024-10-25 13:17:00+00:00,ADSK,286.54998779296875,286.54998779296875,286.6600036621094,286.54998779296875,286.6400146484375,988.0
2024-10-25 13:17:00+00:00,ADTN,6.369999885559082,6.369999885559082,6.369999885559082,6.369999885559082,6.369999885559082,615.0
2024-10-25 13:17:00+00:00,AEHR,17.09000015258789,17.09000015258789,17.09000015258789,17.09000015258789,17.09000015258789,1186.0
2024-10-25 13:17:00+00:00,AFRM,41.650001525878906,41.650001525878906,41.650001525878906,41.600101470947266,41.630001068115234,5487.0
2024-10-25 13:17:00+00:00,AKAM,102.44000244140625,102.44000244140625,102.5199966430664,102.44000244140625,102.5199966430664,3575.0
2024-10-25 13:17:00+00:00,ALGM,23.049999237060547,23.049999237060547,23.110000610351562,23.040000915527344,23.110000610351562,10582.0
2024-10-25 13:17:00+00:00,ALKT,38.04199981689453,38.04199981689453,38.08000183105469,38.04199981689453,38.08000183105469,1130.0
2024-10-25 13:17:00+00:00,ALRM,54.75,54.75,54.75,54.75,54.75,263.0
2024-10-25 13:17:00+00:00,ALTR,103.70999908447266,103.70999908447266,103.70999908447266,103.70999908447266,103.70999908447266,526.0
2024-10-25 13:17:00+00:00,AMAT,188.49000549316406,188.49000549316406,188.5,188.33999633789062,188.3800048828125,4842.0
2024-10-25 13:17:00+00:00,AMBA,58.380001068115234,58.380001068115234,58.43000030517578,58.380001068115234,58.43000030517578,339.0
2024-10-25 13:17:00+00:00,AMD,157.49009704589844,157.49009704589844,157.55999755859375,157.4199981689453,157.5399932861328,50169.0
2024-10-25 13:17:00+00:00,AMKR,30.040000915527344,30.040000915527344,30.040000915527344,30.040000915527344,30.040000915527344,1298.0
2024-10-25 13:17:00+00:00,AMPL,9.15999984741211,9.15999984741211,9.15999984741211,9.15999984741211,9.15999984741211,809.0
2024-10-25 13:17:00+00:00,ANSS,324.4549865722656,324.4549865722656,324.4599914550781,324.4549865722656,324.4599914550781,357.0
2024-10-25 13:17:00+00:00,ANY,1.059999942779541,1.059999942779541,1.059999942779541,1.059999942779541,1.059999942779541,501.0
2024-10-25 13:17:00+00:00,AOSL,36.599998474121094,36.599998474121094,36.61000061035156,36.59000015258789,36.61000061035156,1047.0
2024-10-25 13:17:00+00:00,APP,160.97999572753906,160.97999572753906,161.0399932861328,160.89999389648438,161.0399932861328,2081.0
2024-10-25 13:17:00+00:00,APPF,213.5800018310547,213.5800018310547,213.5800018310547,213.5800018310547,213.5800018310547,423.0
2024-10-25 13:17:00+00:00,APPN,31.969999313354492,31.969999313354492,31.969999313354492,31.969999313354492,31.969999313354492,190.0
2024-10-25 13:17:00+00:00,APPS,3.0799999237060547,3.0799999237060547,3.0799999237060547,3.0799999237060547,3.0799999237060547,4471.0
2024-10-25 13:17:00+00:00,ARRY,6.414999961853027,6.414999961853027,6.420000076293945,6.400000095367432,6.420000076293945,55894.0
2024-10-25 13:17:00+00:00,ASNS,1.315500020980835,1.315500020980835,1.3200000524520874,1.315500020980835,1.3200000524520874,300.0
2024-10-25 13:17:00+00:00,AUR,6.454999923706055,6.454999923706055,6.460000038146973,6.454999923706055,6.460000038146973,3241.0
2024-10-25 13:17:00+00:00,AVGO,175.07000732421875,175.07000732421875,175.1999969482422,175.00999450683594,175.1999969482422,29980.0
2024-10-25 13:17:00+00:00,AVPT,11.979999542236328,11.979999542236328,11.979999542236328,11.979999542236328,11.979999542236328,1258.0
2024-10-25 13:17:00+00:00,AVT,53.94499969482422,53.94499969482422,53.959999084472656,53.94499969482422,53.959999084472656,1099.0
2024-10-25 13:17:00+00:00,BASE,16.399999618530273,16.399999618530273,16.399999618530273,16.399999618530273,16.399999618530273,309.0
2024-10-25 13:17:00+00:00,BIGC,5.309999942779541,5.309999942779541,5.320000171661377,5.309999942779541,5.320000171661377,2511.0
2024-10-25 13:17:00+00:00,BMBL,7.164999961853027,7.164999961853027,7.164999961853027,7.135000228881836,7.139999866485596,24385.0
2024-10-25 13:17:00+00:00,BSY,49.130001068115234,49.130001068115234,49.169898986816406,49.130001068115234,49.15140151977539,1061.0
2024-10-25 13:17:00+00:00,CAN,0.9828000068664551,0.9828000068664551,0.9851999878883362,0.9819999933242798,0.9851999878883362,120016.0
2024-10-25 13:17:00+00:00,CCSI,20.719999313354492,20.719999313354492,20.719999313354492,20.719999313354492,20.719999313354492,168.0
2024-10-25 13:17:00+00:00,CDNS,259.25,259.25,259.2699890136719,259.25,259.260009765625,1749.0
2024-10-25 13:17:00+00:00,CDW,219.60000610351562,219.60000610351562,219.75,219.60000610351562,219.74000549316406,10012.0
2024-10-25 13:17:00+00:00,CETX,0.30489999055862427,0.30489999055862427,0.30489999055862427,0.3043000102043152,0.30480000376701355,0.0
2024-10-25 13:17:00+00:00,CFLT,22.600000381469727,22.600000381469727,22.6200008392334,22.600000381469727,22.6200008392334,4181.0
2024-10-25 13:17:00+00:00,CGNT,6.650000095367432,6.650000095367432,6.650000095367432,6.650000095367432,6.650000095367432,596.0
2024-10-25 13:17:00+00:00,CGNX,38.90999984741211,38.90999984741211,38.90999984741211,38.90999984741211,38.90999984741211,416.0
2024-10-25 13:17:00+00:00,CHKP,206.7899932861328,206.7899932861328,206.83999633789062,206.75,206.83999633789062,2205.0
2024-10-25 13:17:00+00:00,CLBT,18.174999237060547,18.174999237060547,18.174999237060547,18.174999237060547,18.174999237060547,928.0
2024-10-25 13:17:00+00:00,CLSK,11.88029956817627,11.88029956817627,11.899900436401367,11.859999656677246,11.880000114440918,44783.0
2024-10-25 13:17:00+00:00,CMTL,3.7200000286102295,3.7200000286102295,3.7249999046325684,3.7200000286102295,3.7249999046325684,1609.0
2024-10-25 13:17:00+00:00,CNDT,3.6050000190734863,3.6050000190734863,3.6050000190734863,3.6050000190734863,3.6050000190734863,200.0
2024-10-25 13:17:00+00:00,CNXC,44.709999084472656,44.709999084472656,44.709999084472656,44.709999084472656,44.709999084472656,310.0
2024-10-25 13:17:00+00:00,CNXN,70.22000122070312,70.22000122070312,70.2699966430664,70.22000122070312,70.23999786376953,1825.0
2024-10-25 13:17:00+00:00,COHR,95.6449966430664,95.6449966430664,95.69999694824219,95.62000274658203,95.63999938964844,3389.0
2024-10-25 13:17:00+00:00,COHU,26.290000915527344,26.290000915527344,26.290000915527344,26.290000915527344,26.290000915527344,825.0
2024-10-25 13:17:00+00:00,COIN,211.13999938964844,211.13999938964844,211.3000030517578,210.25999450683594,210.80499267578125,56359.0
2024-10-25 13:17:00+00:00,COMM,6.269999980926514,6.269999980926514,6.275000095367432,6.264999866485596,6.269999980926514,8800.0
2024-10-25 13:17:00+00:00,CORZ,13.395000457763672,13.395000457763672,13.395000457763672,13.380000114440918,13.380000114440918,3399.0
2024-10-25 13:17:00+00:00,CRCT,6.614999771118164,6.614999771118164,6.614999771118164,6.614999771118164,6.614999771118164,103.0
2024-10-25 13:17:00+00:00,CRDO,39.689998626708984,39.689998626708984,39.689998626708984,39.689998626708984,39.689998626708984,223.0
2024-10-25 13:17:00+00:00,CRNC,2.9000000953674316,2.9000000953674316,2.9000000953674316,2.8980000019073486,2.9000000953674316,1477.0
2024-10-25 13:17:00+00:00,CRWD,301.989990234375,301.989990234375,302.27398681640625,301.6600036621094,302.27398681640625,4724.0
2024-10-25 13:17:00+00:00,CSCO,55.86000061035156,55.86000061035156,55.88999938964844,55.86000061035156,55.88999938964844,18664.0
2024-10-25 13:17:00+00:00,CSIQ,13.630000114440918,13.630000114440918,13.649999618530273,13.630000114440918,13.640000343322754,6060.0
2024-10-25 13:17:00+00:00,CSPI,13.010000228881836,13.010000228881836,13.010000228881836,13.010000228881836,13.010000228881836,161.0
2024-10-25 13:17:00+00:00,CTLP,8.883999824523926,8.883999824523926,8.890000343322754,8.883999824523926,8.890000343322754,1898.0
2024-10-25 13:17:00+00:00,CTSH,74.79000091552734,74.79000091552734,74.80999755859375,74.79000091552734,74.80999755859375,2732.0
2024-10-25 13:17:00+00:00,CVLT,134.46499633789062,134.46499633789062,134.46499633789062,134.4600067138672,134.4600067138672,592.0
2024-10-25 13:17:00+00:00,DATS,1.6150000095367432,1.6150000095367432,1.6198999881744385,1.6150000095367432,1.6150000095367432,8272.0
2024-10-25 13:17:00+00:00,DAVE,39.38999938964844,39.38999938964844,39.38999938964844,39.38999938964844,39.38999938964844,858.0
2024-10-25 13:17:00+00:00,DBX,26.0049991607666,26.0049991607666,26.014999389648438,26.000499725341797,26.010000228881836,3119.0
2024-10-25 13:17:00+00:00,DDOG,127.2699966430664,127.2699966430664,127.2699966430664,127.19999694824219,127.22000122070312,8625.0
2024-10-25 13:17:00+00:00,DGII,30.70400047302246,30.70400047302246,30.70400047302246,30.70400047302246,30.70400047302246,735.0
2024-10-25 13:17:00+00:00,DOCU,69.75,69.75,69.75,69.7300033569336,69.73999786376953,4484.0
2024-10-25 13:17:00+00:00,DUOL,290.0494079589844,290.0494079589844,290.0494079589844,290.0494079589844,290.0494079589844,150.0
2024-10-25 13:17:00+00:00,ENPH,82.91000366210938,82.91000366210938,82.91000366210938,82.80999755859375,82.80999755859375,5795.0
2024-10-25 13:17:00+00:00,ENTG,105.8499984741211,105.8499984741211,105.88500213623047,105.80999755859375,105.83999633789062,2652.0
2024-10-25 13:17:00+00:00,ERIC,8.452500343322754,8.452500343322754,8.452500343322754,8.452500343322754,8.452500343322754,835.0
2024-10-25 13:17:00+00:00,EXLS,38.849998474121094,38.849998474121094,38.88999938964844,38.849998474121094,38.88999938964844,3676.0
2024-10-25 13:17:00+00:00,EXTR,14.460000038146973,14.460000038146973,14.460000038146973,14.460000038146973,14.460000038146973,731.0
2024-10-25 13:17:00+00:00,FFIV,216.66000366210938,216.66000366210938,216.69500732421875,216.64999389648438,216.67999267578125,2506.0
2024-10-25 13:17:00+00:00,FIVN,29.81999969482422,29.81999969482422,29.81999969482422,29.795000076293945,29.795000076293945,1291.0
2024-10-25 13:17:00+00:00,FLEX,35.27000045776367,35.27000045776367,35.290000915527344,35.27000045776367,35.279998779296875,4979.0
2024-10-25 13:17:00+00:00,FLYW,17.510000228881836,17.510000228881836,17.510000228881836,17.510000228881836,17.510000228881836,1247.0
2024-10-25 13:17:00+00:00,FROG,29.344999313354492,29.344999313354492,29.3700008392334,29.344999313354492,29.3700008392334,1816.0
2024-10-25 13:17:00+00:00,FRSH,11.640000343322754,11.640000343322754,11.649999618530273,11.640000343322754,11.649999618530273,12550.0
2024-10-25 13:17:00+00:00,FSLR,198.08999633789062,198.08999633789062,198.25,198.08999633789062,198.23500061035156,1917.0
2024-10-25 13:17:00+00:00,FTCI,0.6610000133514404,0.6610000133514404,0.6610000133514404,0.6610000133514404,0.6610000133514404,589.0
2024-10-25 13:17:00+00:00,FTNT,80.93499755859375,80.93499755859375,80.97000122070312,80.93499755859375,80.97000122070312,2019.0
2024-10-25 13:17:00+00:00,GCT,24.770000457763672,24.770000457763672,24.774999618530273,24.7549991607666,24.774999618530273,2613.0
2024-10-25 13:17:00+00:00,GDYN,15.540300369262695,15.540300369262695,15.540300369262695,15.540300369262695,15.540300369262695,432.0
2024-10-25 13:17:00+00:00,GFS,41.1349983215332,41.1349983215332,41.150001525878906,41.130001068115234,41.150001525878906,419.0
2024-10-25 13:17:00+00:00,GPRO,1.3350000381469727,1.3350000381469727,1.3350000381469727,1.3350000381469727,1.3350000381469727,114.0
2024-10-25 13:17:00+00:00,GRAB,4.105000019073486,4.105000019073486,4.105000019073486,4.105000019073486,4.105000019073486,10238.0
2024-10-25 13:17:00+00:00,GSIT,3.424999952316284,3.424999952316284,3.424999952316284,3.424999952316284,3.424999952316284,200.0
2024-10-25 13:17:00+00:00,GTLB,55.470001220703125,55.470001220703125,55.5,55.470001220703125,55.5,1609.0
2024-10-25 13:17:00+00:00,GVP,4.599999904632568,4.599999904632568,4.599999904632568,4.599999904632568,4.599999904632568,514.0
2024-10-25 13:17:00+00:00,HCKT,24.829999923706055,24.829999923706055,24.850000381469727,24.829999923706055,24.850000381469727,1369.0
2024-10-25 13:17:00+00:00,HCP,33.665000915527344,33.665000915527344,33.665000915527344,33.65999984741211,33.665000915527344,7027.0
2024-10-25 13:17:00+00:00,HIMX,6.179999828338623,6.179999828338623,6.179999828338623,6.179999828338623,6.179999828338623,200.0
2024-10-25 13:17:00+00:00,HOLO,3.609999895095825,3.609999895095825,3.619999885559082,3.599400043487549,3.599900007247925,24303.0
2024-10-25 13:17:00+00:00,HOOD,27.299999237060547,27.299999237060547,27.30500030517578,27.28499984741211,27.299999237060547,34238.0
2024-10-25 13:17:00+00:00,ICHR,27.719999313354492,27.719999313354492,27.719999313354492,27.719999313354492,27.719999313354492,300.0
2024-10-25 13:17:00+00:00,III,3.030100107192993,3.030100107192993,3.030100107192993,3.030100107192993,3.030100107192993,9.0
2024-10-25 13:17:00+00:00,IMMR,8.729999542236328,8.729999542236328,8.729999542236328,8.729999542236328,8.729999542236328,359.0
2024-10-25 13:17:00+00:00,IMXI,17.600000381469727,17.600000381469727,17.600000381469727,17.600000381469727,17.600000381469727,891.0
2024-10-25 13:17:00+00:00,INDI,3.555000066757202,3.555000066757202,3.555000066757202,3.555000066757202,3.555000066757202,2870.0
2024-10-25 13:17:00+00:00,INFN,6.785999774932861,6.785999774932861,6.785999774932861,6.785999774932861,6.785999774932861,988.0
2024-10-25 13:17:00+00:00,INTC,23.050100326538086,23.050100326538086,23.059999465942383,23.0314998626709,23.05500030517578,55400.0
2024-10-25 13:17:00+00:00,INTU,610.6900024414062,610.6900024414062,610.8250122070312,610.6900024414062,610.8250122070312,325.0
2024-10-25 13:17:00+00:00,IPGP,77.33999633789062,77.33999633789062,77.44000244140625,77.33999633789062,77.44000244140625,1083.0
2024-10-25 13:17:00+00:00,JAMF,16.760000228881836,16.760000228881836,16.760000228881836,16.75,16.75,1329.0
2024-10-25 13:17:00+00:00,JKHY,182.75999450683594,182.75999450683594,182.75999450683594,182.74000549316406,182.74000549316406,758.0
2024-10-25 13:17:00+00:00,KLAC,679.655029296875,679.655029296875,679.655029296875,679.655029296875,679.655029296875,2153.0
2024-10-25 13:17:00+00:00,KLIC,44.61000061035156,44.61000061035156,44.61000061035156,44.61000061035156,44.61000061035156,372.0
2024-10-25 13:17:00+00:00,LASR,10.40999984741211,10.40999984741211,10.40999984741211,10.40999984741211,10.40999984741211,481.0
2024-10-25 13:17:00+00:00,LINK,4.747399806976318,4.747399806976318,5.050000190734863,4.730000019073486,5.050000190734863,5802.0
2024-10-25 13:17:00+00:00,LITE,63.869998931884766,63.869998931884766,63.91999816894531,63.869998931884766,63.91999816894531,783.0
2024-10-25 13:17:00+00:00,LPSN,1.1718000173568726,1.1718000173568726,1.1749999523162842,1.1699999570846558,1.1749999523162842,0.0
2024-10-25 13:17:00+00:00,LRCX,78.87590026855469,78.87590026855469,78.94000244140625,78.77999877929688,78.81500244140625,43385.0
2024-10-25 13:17:00+00:00,LSCC,54.560001373291016,54.560001373291016,54.59000015258789,54.560001373291016,54.56999969482422,1910.0
2024-10-25 13:17:00+00:00,LYFT,13.760000228881836,13.760000228881836,13.760000228881836,13.760000228881836,13.760000228881836,4093.0
2024-10-25 13:17:00+00:00,MANH,275.69000244140625,275.69000244140625,275.69000244140625,275.69000244140625,275.69000244140625,465.0
2024-10-25 13:17:00+00:00,MCHP,77.16999816894531,77.16999816894531,77.18000030517578,77.1500015258789,77.16999816894531,3716.0
2024-10-25 13:17:00+00:00,MDB,267.8699951171875,267.8699951171875,267.9100036621094,267.8699951171875,267.9100036621094,1262.0
2024-10-25 13:17:00+00:00,MITK,8.760000228881836,8.760000228881836,8.760000228881836,8.760000228881836,8.760000228881836,606.0
2024-10-25 13:17:00+00:00,MKSI,101.3949966430664,101.3949966430664,101.3949966430664,101.37000274658203,101.37000274658203,1130.0
2024-10-25 13:17:00+00:00,MNDY,299.82000732421875,299.82000732421875,299.8299865722656,299.6000061035156,299.75,1951.0
2024-10-25 13:17:00+00:00,MQ,5.284999847412109,5.284999847412109,5.284999847412109,5.28000020980835,5.284999847412109,5247.0
2024-10-25 13:17:00+00:00,MRVL,83.0,83.0,83.0199966430664,82.95999908447266,83.01000213623047,16198.0
2024-10-25 13:17:00+00:00,MSFT,429.260009765625,429.260009765625,429.3699951171875,429.1700134277344,429.3500061035156,39383.0
2024-10-25 13:17:00+00:00,MSTR,241.1750030517578,241.1750030517578,241.1999969482422,240.19900512695312,241.1020050048828,79140.0
2024-10-25 13:17:00+00:00,MTLS,5.9720001220703125,5.9720001220703125,5.9720001220703125,5.9720001220703125,5.9720001220703125,222.0
2024-10-25 13:17:00+00:00,MTSI,120.61499786376953,120.61499786376953,120.61499786376953,120.54000091552734,120.54000091552734,606.0
2024-10-25 13:17:00+00:00,MTTR,4.614999771118164,4.614999771118164,4.619999885559082,4.610000133514404,4.619999885559082,28262.0
2024-10-25 13:17:00+00:00,MU,108.70999908447266,108.70999908447266,108.76000213623047,108.66999816894531,108.75,27482.0
2024-10-25 13:17:00+00:00,MVIS,1.0850000381469727,1.0850000381469727,1.0850000381469727,1.0800000429153442,1.0800000429153442,139.0
2024-10-25 13:17:00+00:00,MXL,15.0,15.0,15.0,14.989999771118164,14.989999771118164,1369.0
2024-10-25 13:17:00+00:00,NCNO,37.779998779296875,37.779998779296875,37.779998779296875,37.779998779296875,37.779998779296875,2018.0
2024-10-25 13:17:00+00:00,NNDM,2.315000057220459,2.315000057220459,2.325000047683716,2.315000057220459,2.325000047683716,12915.0
2024-10-25 13:17:00+00:00,NOVT,173.8800048828125,173.8800048828125,173.8800048828125,173.8800048828125,173.8800048828125,512.0
2024-10-25 13:17:00+00:00,NSYS,12.010000228881836,12.010000228881836,12.010000228881836,12.010000228881836,12.010000228881836,678.0
2024-10-25 13:17:00+00:00,NTAP,120.1500015258789,120.1500015258789,120.1500015258789,120.1500015258789,120.1500015258789,1282.0
2024-10-25 13:17:00+00:00,NTCT,20.770000457763672,20.770000457763672,20.780000686645508,20.770000457763672,20.780000686645508,452.0
2024-10-25 13:17:00+00:00,NVDA,143.1699981689453,143.1699981689453,143.25999450683594,143.0908966064453,143.25999450683594,339614.0
2024-10-25 13:17:00+00:00,NVEI,33.51499938964844,33.51499938964844,33.51499938964844,33.51499938964844,33.51499938964844,1375.0
2024-10-25 13:17:00+00:00,NVTS,2.5950000286102295,2.5950000286102295,2.5999999046325684,2.5899999141693115,2.5999999046325684,10883.0
2024-10-25 13:17:00+00:00,NXPI,245.6300048828125,245.6300048828125,245.6300048828125,245.5399932861328,245.57000732421875,3070.0
2024-10-25 13:17:00+00:00,OKTA,72.3499984741211,72.3499984741211,72.3561019897461,72.3499984741211,72.3499984741211,1384.0
2024-10-25 13:17:00+00:00,ON,71.93099975585938,71.93099975585938,71.99500274658203,71.91999816894531,71.98500061035156,17225.0
2024-10-25 13:17:00+00:00,OSPN,14.609999656677246,14.609999656677246,14.609999656677246,14.609999656677246,14.609999656677246,611.0
2024-10-25 13:17:00+00:00,PANW,368.92498779296875,368.92498779296875,368.92498779296875,368.92498779296875,368.92498779296875,146.0
2024-10-25 13:17:00+00:00,PAYO,8.295000076293945,8.295000076293945,8.295000076293945,8.295000076293945,8.295000076293945,1110.0
2024-10-25 13:17:00+00:00,PEGA,79.61000061035156,79.61000061035156,79.71199798583984,79.61000061035156,79.71199798583984,532.0
2024-10-25 13:17:00+00:00,PGY,11.86970043182373,11.86970043182373,11.86970043182373,11.859999656677246,11.859999656677246,1590.0
2024-10-25 13:17:00+00:00,PHUN,10.28499984741211,10.28499984741211,10.300000190734863,10.229999542236328,10.251099586486816,29471.0
2024-10-25 13:17:00+00:00,PI,202.46499633789062,202.46499633789062,202.46499633789062,202.46499633789062,202.46499633789062,1991.0
2024-10-25 13:17:00+00:00,PLAB,23.700000762939453,23.700000762939453,23.700000762939453,23.700000762939453,23.700000762939453,679.0
2024-10-25 13:17:00+00:00,PLUS,97.95999908447266,97.95999908447266,97.95999908447266,97.95999908447266,97.95999908447266,340.0
2024-10-25 13:17:00+00:00,PLXS,141.86050415039062,141.86050415039062,141.89500427246094,141.86050415039062,141.89500427246094,526.0
2024-10-25 13:17:00+00:00,POET,3.880000114440918,3.880000114440918,3.880000114440918,3.880000114440918,3.880000114440918,251.0
2024-10-25 13:17:00+00:00,PTC,186.55999755859375,186.55999755859375,186.69000244140625,186.4199981689453,186.69000244140625,2673.0
2024-10-25 13:17:00+00:00,PUBM,14.800000190734863,14.800000190734863,14.800000190734863,14.789999961853027,14.789999961853027,655.0
2024-10-25 13:17:00+00:00,PYCR,14.305000305175781,14.305000305175781,14.319999694824219,14.305000305175781,14.319999694824219,841.0
2024-10-25 13:17:00+00:00,QCOM,172.3350067138672,172.3350067138672,172.38999938964844,172.27000427246094,172.38999938964844,5566.0
2024-10-25 13:17:00+00:00,QRVO,100.47000122070312,100.47000122070312,100.47000122070312,100.43000030517578,100.43000030517578,1694.0
2024-10-25 13:17:00+00:00,REKR,1.0950000286102295,1.0950000286102295,1.0950000286102295,1.0950000286102295,1.0950000286102295,30.0
2024-10-25 13:17:00+00:00,RELY,14.829999923706055,14.829999923706055,14.829999923706055,14.810999870300293,14.819999694824219,3439.0
2024-10-25 13:17:00+00:00,RGTI,1.2200000286102295,1.2200000286102295,1.2288999557495117,1.2200000286102295,1.2288999557495117,9466.0
2024-10-25 13:17:00+00:00,RIOT,9.997699737548828,9.997699737548828,10.005999565124512,9.979999542236328,10.0,55457.0
2024-10-25 13:17:00+00:00,RMBS,43.564998626708984,43.564998626708984,43.58000183105469,43.560001373291016,43.560001373291016,903.0
2024-10-25 13:17:00+00:00,RMNI,1.725000023841858,1.725000023841858,1.725000023841858,1.725000023841858,1.725000023841858,210.0
2024-10-25 13:17:00+00:00,RUM,5.724999904632568,5.724999904632568,5.730000019073486,5.723999977111816,5.730000019073486,4284.0
2024-10-25 13:17:00+00:00,RUN,14.311800003051758,14.311800003051758,14.319999694824219,14.305000305175781,14.305000305175781,6527.0
2024-10-25 13:17:00+00:00,SATS,25.079999923706055,25.079999923706055,25.084999084472656,25.079999923706055,25.084999084472656,1358.0
2024-10-25 13:17:00+00:00,SEDG,15.949999809265137,15.949999809265137,15.979999542236328,15.949999809265137,15.979999542236328,12963.0
2024-10-25 13:17:00+00:00,SHLS,5.255000114440918,5.255000114440918,5.260000228881836,5.254000186920166,5.260000228881836,6652.0
2024-10-25 13:17:00+00:00,SKYT,10.65999984741211,10.65999984741211,10.65999984741211,10.65999984741211,10.65999984741211,324.0
2024-10-25 13:17:00+00:00,SMCI,47.38999938964844,47.38999938964844,47.47829818725586,47.36000061035156,47.47829818725586,56128.0
2024-10-25 13:17:00+00:00,SMTC,45.959999084472656,45.959999084472656,45.959999084472656,45.959999084472656,45.959999084472656,236.0
2024-10-25 13:17:00+00:00,SNPS,504.05999755859375,504.05999755859375,504.05999755859375,504.010009765625,504.010009765625,895.0
2024-10-25 13:17:00+00:00,SONO,12.795000076293945,12.795000076293945,12.800000190734863,12.789999961853027,12.800000190734863,3105.0
2024-10-25 13:17:00+00:00,SOUN,5.224999904632568,5.224999904632568,5.227099895477295,5.21999979019165,5.227099895477295,6718.0
2024-10-25 13:17:00+00:00,SPSC,174.375,174.375,174.375,173.57009887695312,173.57009887695312,1196.0
2024-10-25 13:17:00+00:00,SRAD,12.390000343322754,12.390000343322754,12.390000343322754,12.390000343322754,12.390000343322754,640.0
2024-10-25 13:17:00+00:00,SSNC,69.57499694824219,69.57499694824219,69.58999633789062,69.57499694824219,69.58000183105469,4671.0
2024-10-25 13:17:00+00:00,SSYS,7.079999923706055,7.079999923706055,7.079999923706055,7.079999923706055,7.079999923706055,876.0
2024-10-25 13:17:00+00:00,STNE,11.5,11.5,11.505000114440918,11.5,11.505000114440918,1868.0
2024-10-25 13:17:00+00:00,STX,104.23999786376953,104.23999786376953,104.37000274658203,104.23999786376953,104.3499984741211,4626.0
2024-10-25 13:17:00+00:00,SWKS,96.63500213623047,96.63500213623047,96.63500213623047,96.61000061035156,96.61000061035156,1263.0
2024-10-25 13:17:00+00:00,TASK,11.979999542236328,11.979999542236328,11.979999542236328,11.970000267028809,11.979999542236328,1647.0
2024-10-25 13:17:00+00:00,TEAM,190.3000030517578,190.3000030517578,190.40499877929688,190.2899932861328,190.40499877929688,1210.0
2024-10-25 13:17:00+00:00,TER,113.05999755859375,113.05999755859375,113.08999633789062,113.05999755859375,113.05999755859375,3186.0
2024-10-25 13:17:00+00:00,TLS,3.6449999809265137,3.6449999809265137,3.6449999809265137,3.6449999809265137,3.6449999809265137,154.0
2024-10-25 13:17:00+00:00,TRMB,61.025001525878906,61.025001525878906,61.025001525878906,61.025001525878906,61.025001525878906,254.0
2024-10-25 13:17:00+00:00,TSEM,45.16999816894531,45.16999816894531,45.16999816894531,45.16999816894531,45.16999816894531,213.0
2024-10-25 13:17:00+00:00,TTD,118.97000122070312,118.97000122070312,119.0000991821289,118.9000015258789,119.0,11352.0
2024-10-25 13:17:00+00:00,TWKS,4.449999809265137,4.449999809265137,4.449999809265137,4.449999809265137,4.449999809265137,3743.0
2024-10-25 13:17:00+00:00,TXN,208.75439453125,208.75439453125,208.84800720214844,208.75439453125,208.82000732421875,3634.0
2024-10-25 13:17:00+00:00,UCTT,35.90999984741211,35.90999984741211,35.90999984741211,35.90999984741211,35.90999984741211,363.0
2024-10-25 13:17:00+00:00,UPLD,2.110100030899048,2.110100030899048,2.110100030899048,2.110100030899048,2.110100030899048,7437.0
2024-10-25 13:17:00+00:00,VECO,29.489999771118164,29.489999771118164,29.510000228881836,29.489999771118164,29.510000228881836,925.0
2024-10-25 13:17:00+00:00,VERI,3.430000066757202,3.430000066757202,3.430000066757202,3.430000066757202,3.430000066757202,101.0
2024-10-25 13:17:00+00:00,VIAV,9.239999771118164,9.239999771118164,9.239999771118164,9.239999771118164,9.239999771118164,264.0
2024-10-25 13:17:00+00:00,VICR,46.54999923706055,46.54999923706055,46.54999923706055,46.54999923706055,46.54999923706055,206.0
2024-10-25 13:17:00+00:00,VNET,3.4549999237060547,3.4549999237060547,3.4549999237060547,3.4549999237060547,3.4549999237060547,109.0
2024-10-25 13:17:00+00:00,VOXX,7.670000076293945,7.670000076293945,7.670000076293945,7.670000076293945,7.670000076293945,104.0
2024-10-25 13:17:00+00:00,VRNS,57.04999923706055,57.04999923706055,57.04999923706055,56.9900016784668,56.9900016784668,2174.0
2024-10-25 13:17:00+00:00,VRNT,22.152999877929688,22.152999877929688,22.152999877929688,22.152999877929688,22.152999877929688,239.0
2024-10-25 13:17:00+00:00,VSAT,10.32409954071045,10.32409954071045,10.331000328063965,10.319999694824219,10.331000328063965,713.0
2024-10-25 13:17:00+00:00,VUZI,1.3100999593734741,1.3100999593734741,1.315000057220459,1.3100999593734741,1.315000057220459,6654.0
2024-10-25 13:17:00+00:00,WDAY,239.42999267578125,239.42999267578125,239.47000122070312,239.39999389648438,239.39999389648438,3867.0
2024-10-25 13:17:00+00:00,WDC,70.9000015258789,70.9000015258789,71.02999877929688,70.9000015258789,71.02999877929688,8249.0
2024-10-25 13:17:00+00:00,WISA,1.9459999799728394,1.9459999799728394,1.961400032043457,1.940000057220459,1.9550000429153442,11153.0
2024-10-25 13:17:00+00:00,WIX,165.39999389648438,165.39999389648438,165.39999389648438,165.39999389648438,165.39999389648438,919.0
2024-10-25 13:17:00+00:00,XPER,9.40999984741211,9.40999984741211,9.420000076293945,9.40999984741211,9.420000076293945,2112.0
2024-10-25 13:17:00+00:00,XRX,10.045000076293945,10.045000076293945,10.045000076293945,10.045000076293945,10.045000076293945,714.0
2024-10-25 13:17:00+00:00,ZI,10.524999618530273,10.524999618530273,10.529999732971191,10.524999618530273,10.529999732971191,1232.0
2024-10-25 13:17:00+00:00,ZM,73.08999633789062,73.08999633789062,73.08999633789062,73.08999633789062,73.08999633789062,1202.0
2024-10-25 13:17:00+00:00,ZS,185.4445037841797,185.4445037841797,185.4445037841797,185.4445037841797,185.4445037841797,719.0
2024-10-25 13:18:00+00:00,AAOI,17.7898006439209,17.7898006439209,17.7898006439209,17.780000686645508,17.780000686645508,0.0
2024-10-25 13:18:00+00:00,AAPL,232.00999450683594,232.00999450683594,232.05999755859375,231.9499969482422,231.9499969482422,47878.0
2024-10-25 13:18:00+00:00,ACIW,48.665000915527344,48.665000915527344,48.66999816894531,48.63999938964844,48.64500045776367,2816.0
2024-10-25 13:18:00+00:00,ACLS,90.38999938964844,90.38999938964844,90.38999938964844,90.32499694824219,90.32499694824219,678.0
2024-10-25 13:18:00+00:00,ACMR,19.81999969482422,19.81999969482422,19.84000015258789,19.809999465942383,19.84000015258789,4105.0
2024-10-25 13:18:00+00:00,ADI,233.47799682617188,233.47799682617188,233.48399353027344,233.4550018310547,233.4550018310547,782.0
2024-10-25 13:18:00+00:00,ADSK,286.57000732421875,286.57000732421875,286.5899963378906,286.57000732421875,286.5899963378906,1023.0
2024-10-25 13:18:00+00:00,ADTN,6.375,6.375,6.375,6.375,6.375,697.0
2024-10-25 13:18:00+00:00,AEHR,17.139999389648438,17.139999389648438,17.139999389648438,17.059999465942383,17.059999465942383,7025.0
2024-10-25 13:18:00+00:00,AFRM,41.65999984741211,41.65999984741211,41.689998626708984,41.652000427246094,41.65999984741211,4180.0
2024-10-25 13:18:00+00:00,AKAM,102.48999786376953,102.48999786376953,102.51499938964844,102.44000244140625,102.44000244140625,2625.0
2024-10-25 13:18:00+00:00,AKTS,0.057100001722574234,0.057100001722574234,0.057100001722574234,0.057100001722574234,0.057100001722574234,1630.0
2024-10-25 13:18:00+00:00,ALGM,23.06999969482422,23.06999969482422,23.06999969482422,23.049999237060547,23.049999237060547,2404.0
2024-10-25 13:18:00+00:00,AMAT,188.52000427246094,188.52000427246094,188.64999389648438,188.52000427246094,188.58999633789062,1342.0
2024-10-25 13:18:00+00:00,AMBA,58.40999984741211,58.40999984741211,58.439998626708984,58.40999984741211,58.439998626708984,744.0
2024-10-25 13:18:00+00:00,AMD,157.62989807128906,157.62989807128906,157.63999938964844,157.49000549316406,157.49000549316406,38977.0
2024-10-25 13:18:00+00:00,AMKR,30.059999465942383,30.059999465942383,30.059999465942383,30.059999465942383,30.059999465942383,355.0
2024-10-25 13:18:00+00:00,ANSS,324.4549865722656,324.4549865722656,324.75,324.4549865722656,324.75,697.0
2024-10-25 13:18:00+00:00,AOSL,36.63999938964844,36.63999938964844,36.63999938964844,36.584999084472656,36.584999084472656,421.0
2024-10-25 13:18:00+00:00,API,2.940000057220459,2.940000057220459,2.940000057220459,2.940000057220459,2.940000057220459,1190.0
2024-10-25 13:18:00+00:00,APP,160.9499969482422,160.9499969482422,160.9499969482422,160.9499969482422,160.9499969482422,421.0
2024-10-25 13:18:00+00:00,APPN,31.9950008392334,31.9950008392334,31.9950008392334,31.9950008392334,31.9950008392334,313.0
2024-10-25 13:18:00+00:00,ARRY,6.425000190734863,6.425000190734863,6.425000190734863,6.414999961853027,6.414999961853027,4340.0
2024-10-25 13:18:00+00:00,ASNS,1.2999999523162842,1.2999999523162842,1.2999999523162842,1.2999999523162842,1.2999999523162842,400.0
2024-10-25 13:18:00+00:00,AUR,6.455699920654297,6.455699920654297,6.455699920654297,6.454999923706055,6.454999923706055,1058.0
2024-10-25 13:18:00+00:00,AVGO,175.0500030517578,175.0500030517578,175.14500427246094,175.0399932861328,175.07000732421875,31133.0
2024-10-25 13:18:00+00:00,BAND,17.635000228881836,17.635000228881836,17.635000228881836,17.635000228881836,17.635000228881836,120.0
2024-10-25 13:18:00+00:00,BIGC,5.315000057220459,5.315000057220459,5.315000057220459,5.315000057220459,5.315000057220459,1318.0
2024-10-25 13:18:00+00:00,BMBL,7.15500020980835,7.15500020980835,7.159999847412109,7.15500020980835,7.159999847412109,1228.0
2024-10-25 13:18:00+00:00,BRZE,30.6299991607666,30.6299991607666,30.6299991607666,30.579999923706055,30.579999923706055,3080.0
2024-10-25 13:18:00+00:00,BSY,49.14630126953125,49.14630126953125,49.14630126953125,49.14630126953125,49.14630126953125,269.0
2024-10-25 13:18:00+00:00,CAMP,11.024999618530273,11.024999618530273,11.024999618530273,11.024999618530273,11.024999618530273,112.0
2024-10-25 13:18:00+00:00,CAMT,78.47000122070312,78.47000122070312,78.47000122070312,78.47000122070312,78.47000122070312,171.0
2024-10-25 13:18:00+00:00,CAN,0.9810000061988831,0.9810000061988831,0.9821000099182129,0.9810000061988831,0.9821000099182129,19759.0
2024-10-25 13:18:00+00:00,CDNS,259.3500061035156,259.3500061035156,259.3500061035156,259.25,259.25,1766.0
2024-10-25 13:18:00+00:00,CDW,219.60000610351562,219.60000610351562,219.60000610351562,219.60000610351562,219.60000610351562,454.0
2024-10-25 13:18:00+00:00,CETX,0.303600013256073,0.303600013256073,0.303600013256073,0.303600013256073,0.303600013256073,1438.0
2024-10-25 13:18:00+00:00,CEVA,24.256000518798828,24.256000518798828,24.256000518798828,24.256000518798828,24.256000518798828,358.0
2024-10-25 13:18:00+00:00,CFLT,22.625,22.625,22.635000228881836,22.6200008392334,22.6200008392334,2163.0
2024-10-25 13:18:00+00:00,CGNX,38.915000915527344,38.915000915527344,38.915000915527344,38.90999984741211,38.915000915527344,805.0
2024-10-25 13:18:00+00:00,CHKP,206.77999877929688,206.77999877929688,206.78500366210938,206.77999877929688,206.78500366210938,1002.0
2024-10-25 13:18:00+00:00,CLSK,11.899999618530273,11.899999618530273,11.909899711608887,11.881699562072754,11.88599967956543,21140.0
2024-10-25 13:18:00+00:00,CMBM,1.2490999698638916,1.2490999698638916,1.2490999698638916,1.2400000095367432,1.2400000095367432,920.0
2024-10-25 13:18:00+00:00,CNDT,3.6059999465942383,3.6059999465942383,3.6059999465942383,3.60479998588562,3.6050000190734863,2165.0
2024-10-25 13:18:00+00:00,CNXC,44.709999084472656,44.709999084472656,44.709999084472656,44.709999084472656,44.709999084472656,467.0
2024-10-25 13:18:00+00:00,COHR,95.63500213623047,95.63500213623047,95.63500213623047,95.5999984741211,95.63500213623047,1514.0
2024-10-25 13:18:00+00:00,COIN,211.4600067138672,211.4600067138672,211.57879638671875,211.0500030517578,211.13999938964844,17680.0
2024-10-25 13:18:00+00:00,COMM,6.284999847412109,6.284999847412109,6.300000190734863,6.254000186920166,6.260000228881836,48803.0
2024-10-25 13:18:00+00:00,CORZ,13.408699989318848,13.408699989318848,13.408699989318848,13.408699989318848,13.408699989318848,1109.0
2024-10-25 13:18:00+00:00,CRDO,39.63999938964844,39.63999938964844,39.70000076293945,39.63999938964844,39.689998626708984,8940.0
2024-10-25 13:18:00+00:00,CRNC,2.9000000953674316,2.9000000953674316,2.9000000953674316,2.9000000953674316,2.9000000953674316,1530.0
2024-10-25 13:18:00+00:00,CRUS,123.44000244140625,123.44000244140625,123.44000244140625,123.44000244140625,123.44000244140625,231.0
2024-10-25 13:18:00+00:00,CRWD,301.8320007324219,301.8320007324219,302.0899963378906,301.739990234375,301.8999938964844,11647.0
2024-10-25 13:18:00+00:00,CSCO,55.880001068115234,55.880001068115234,55.88999938964844,55.8650016784668,55.8650016784668,14479.0
2024-10-25 13:18:00+00:00,CSGS,47.43600082397461,47.43600082397461,47.43600082397461,47.43600082397461,47.43600082397461,495.0
2024-10-25 13:18:00+00:00,CSIQ,13.640000343322754,13.640000343322754,13.640000343322754,13.630000114440918,13.630000114440918,1125.0
2024-10-25 13:18:00+00:00,CTSH,74.81999969482422,74.81999969482422,74.81999969482422,74.80000305175781,74.80000305175781,3434.0
2024-10-25 13:18:00+00:00,CVLT,134.6300048828125,134.6300048828125,134.6300048828125,134.55999755859375,134.55999755859375,1329.0
2024-10-25 13:18:00+00:00,DAKT,13.0649995803833,13.0649995803833,13.079899787902832,13.0649995803833,13.079899787902832,315.0
2024-10-25 13:18:00+00:00,DATS,1.6100000143051147,1.6100000143051147,1.6100000143051147,1.6100000143051147,1.6100000143051147,0.0
2024-10-25 13:18:00+00:00,DAVEW,0.0340999998152256,0.0340999998152256,0.0340999998152256,0.03220000118017197,0.0340999998152256,0.0
2024-10-25 13:18:00+00:00,DBX,25.9950008392334,25.9950008392334,26.010000228881836,25.9950008392334,26.0049991607666,18839.0
2024-10-25 13:18:00+00:00,DDOG,127.32499694824219,127.32499694824219,127.3582992553711,127.29499816894531,127.29499816894531,2117.0
2024-10-25 13:18:00+00:00,DIOD,66.55000305175781,66.55000305175781,66.55000305175781,66.55000305175781,66.55000305175781,470.0
2024-10-25 13:18:00+00:00,DOCU,69.83999633789062,69.83999633789062,69.83999633789062,69.76000213623047,69.76000213623047,6144.0
2024-10-25 13:18:00+00:00,DOX,89.48999786376953,89.48999786376953,89.48999786376953,89.48999786376953,89.48999786376953,186.0
2024-10-25 13:18:00+00:00,DSWL,2.591200113296509,2.591200113296509,2.591200113296509,2.591200113296509,2.591200113296509,1534.0
2024-10-25 13:18:00+00:00,DUOL,290.1700134277344,290.1700134277344,290.1700134277344,290.1700134277344,290.1700134277344,1382.0
2024-10-25 13:18:00+00:00,ENPH,82.93000030517578,82.93000030517578,82.98500061035156,82.83999633789062,82.87039947509766,12255.0
2024-10-25 13:18:00+00:00,ENTG,105.87000274658203,105.87000274658203,105.87000274658203,105.87000274658203,105.87000274658203,1348.0
2024-10-25 13:18:00+00:00,ERIC,8.454999923706055,8.454999923706055,8.455699920654297,8.449999809265137,8.455699920654297,1379.0
2024-10-25 13:18:00+00:00,EXFY,1.725000023841858,1.725000023841858,1.725000023841858,1.725000023841858,1.725000023841858,1303.0
2024-10-25 13:18:00+00:00,EXLS,38.84000015258789,38.84000015258789,38.845001220703125,38.84000015258789,38.845001220703125,385.0
2024-10-25 13:18:00+00:00,EXTR,14.454999923706055,14.454999923706055,14.460000038146973,14.454999923706055,14.460000038146973,552.0
2024-10-25 13:18:00+00:00,FARO,18.125,18.125,18.125,18.125,18.125,503.0
2024-10-25 13:18:00+00:00,FFIV,216.64999389648438,216.64999389648438,216.64999389648438,216.64999389648438,216.64999389648438,306.0
2024-10-25 13:18:00+00:00,FIVN,29.81999969482422,29.81999969482422,29.81999969482422,29.80500030517578,29.80500030517578,1073.0
2024-10-25 13:18:00+00:00,FLEX,35.290000915527344,35.290000915527344,35.290000915527344,35.2599983215332,35.2599983215332,3082.0
2024-10-25 13:18:00+00:00,FLYW,17.5049991607666,17.5049991607666,17.5049991607666,17.5049991607666,17.5049991607666,181.0
2024-10-25 13:18:00+00:00,FORM,45.150001525878906,45.150001525878906,45.150001525878906,45.150001525878906,45.150001525878906,924.0
2024-10-25 13:18:00+00:00,FROG,29.350000381469727,29.350000381469727,29.350000381469727,29.350000381469727,29.350000381469727,642.0
2024-10-25 13:18:00+00:00,FRSH,11.640000343322754,11.640000343322754,11.640000343322754,11.640000343322754,11.640000343322754,294.0
2024-10-25 13:18:00+00:00,FSLR,198.14500427246094,198.14500427246094,198.22999572753906,198.14500427246094,198.22999572753906,1378.0
2024-10-25 13:18:00+00:00,FTNT,80.95089721679688,80.95089721679688,80.95089721679688,80.95089721679688,80.95089721679688,631.0
2024-10-25 13:18:00+00:00,GCT,24.833999633789062,24.833999633789062,24.84000015258789,24.760400772094727,24.770000457763672,3922.0
2024-10-25 13:18:00+00:00,GDS,21.4950008392334,21.4950008392334,21.4950008392334,21.4950008392334,21.4950008392334,887.0
2024-10-25 13:18:00+00:00,GFS,41.11000061035156,41.11000061035156,41.150001525878906,41.11000061035156,41.1349983215332,2011.0
2024-10-25 13:18:00+00:00,GRAB,4.105000019073486,4.105000019073486,4.105000019073486,4.105000019073486,4.105000019073486,1758.0
2024-10-25 13:18:00+00:00,GTLB,55.529998779296875,55.529998779296875,55.529998779296875,55.529998779296875,55.529998779296875,167.0
2024-10-25 13:18:00+00:00,HCP,33.665000915527344,33.665000915527344,33.665000915527344,33.65999984741211,33.665000915527344,3314.0
2024-10-25 13:18:00+00:00,HEAR,16.562000274658203,16.562000274658203,16.562000274658203,16.562000274658203,16.562000274658203,514.0
2024-10-25 13:18:00+00:00,HIMX,6.184999942779541,6.184999942779541,6.184999942779541,6.184999942779541,6.184999942779541,736.0
2024-10-25 13:18:00+00:00,HLIT,14.78499984741211,14.78499984741211,14.78499984741211,14.78499984741211,14.78499984741211,219.0
2024-10-25 13:18:00+00:00,HOLO,3.5999999046325684,3.5999999046325684,3.618499994277954,3.5999999046325684,3.618499994277954,1396.0
2024-10-25 13:18:00+00:00,HOOD,27.315900802612305,27.315900802612305,27.3174991607666,27.299999237060547,27.299999237060547,7538.0
2024-10-25 13:18:00+00:00,ICHR,27.729999542236328,27.729999542236328,27.729999542236328,27.729999542236328,27.729999542236328,407.0
2024-10-25 13:18:00+00:00,IMMR,8.718299865722656,8.718299865722656,8.720000267028809,8.718299865722656,8.720000267028809,945.0
2024-10-25 13:18:00+00:00,IMXI,17.594999313354492,17.594999313354492,17.594999313354492,17.594999313354492,17.594999313354492,488.0
2024-10-25 13:18:00+00:00,INDI,3.5599000453948975,3.5599000453948975,3.5599000453948975,3.555000066757202,3.555000066757202,4379.0
2024-10-25 13:18:00+00:00,INFN,6.784900188446045,6.784900188446045,6.784900188446045,6.78000020980835,6.78000020980835,383.0
2024-10-25 13:18:00+00:00,INOD,20.250099182128906,20.250099182128906,20.250099182128906,20.250099182128906,20.250099182128906,1007.0
2024-10-25 13:18:00+00:00,INSG,20.101200103759766,20.101200103759766,20.13010025024414,20.101200103759766,20.13010025024414,704.0
2024-10-25 13:18:00+00:00,INTC,23.059999465942383,23.059999465942383,23.06719970703125,23.049999237060547,23.05500030517578,47488.0
2024-10-25 13:18:00+00:00,INTU,610.8699951171875,610.8699951171875,610.8699951171875,610.8699951171875,610.8699951171875,1065.0
2024-10-25 13:18:00+00:00,IPGP,77.33000183105469,77.33000183105469,77.33000183105469,77.33000183105469,77.33000183105469,371.0
2024-10-25 13:18:00+00:00,ITI,7.199900150299072,7.199900150299072,7.199900150299072,7.199900150299072,7.199900150299072,663.0
2024-10-25 13:18:00+00:00,KLAC,680.1950073242188,680.1950073242188,680.1950073242188,680.1950073242188,680.1950073242188,344.0
2024-10-25 13:18:00+00:00,KPLT,8.710000038146973,8.710000038146973,8.710000038146973,8.710000038146973,8.710000038146973,1950.0
2024-10-25 13:18:00+00:00,LASR,10.40999984741211,10.40999984741211,10.420000076293945,10.40999984741211,10.420000076293945,2622.0
2024-10-25 13:18:00+00:00,LINK,4.894999980926514,4.894999980926514,4.894999980926514,4.894999980926514,4.894999980926514,1161.0
2024-10-25 13:18:00+00:00,LITE,63.869998931884766,63.869998931884766,63.869998931884766,63.869998931884766,63.869998931884766,518.0
2024-10-25 13:18:00+00:00,LOGI,80.97000122070312,80.97000122070312,80.97000122070312,80.95999908447266,80.95999908447266,707.0
2024-10-25 13:18:00+00:00,LPSN,1.1649999618530273,1.1649999618530273,1.1649999618530273,1.1649999618530273,1.1649999618530273,10876.0
2024-10-25 13:18:00+00:00,LRCX,78.91999816894531,78.91999816894531,78.93000030517578,78.87999725341797,78.88800048828125,10449.0
2024-10-25 13:18:00+00:00,LSCC,54.59000015258789,54.59000015258789,54.59000015258789,54.55500030517578,54.56999969482422,1030.0
2024-10-25 13:18:00+00:00,LTRX,4.045000076293945,4.045000076293945,4.045000076293945,4.045000076293945,4.045000076293945,637.0
2024-10-25 13:18:00+00:00,LUNA,1.8200000524520874,1.8200000524520874,1.8200000524520874,1.8200000524520874,1.8200000524520874,101.0
2024-10-25 13:18:00+00:00,LYFT,13.765000343322754,13.765000343322754,13.765000343322754,13.75,13.755000114440918,9327.0
2024-10-25 13:18:00+00:00,MARK,0.11500000208616257,0.11500000208616257,0.11509999632835388,0.11500000208616257,0.11509999632835388,42800.0
2024-10-25 13:18:00+00:00,MAXN,5.590000152587891,5.590000152587891,5.590000152587891,5.590000152587891,5.590000152587891,200.0
2024-10-25 13:18:00+00:00,MCHP,77.21070098876953,77.21070098876953,77.21070098876953,77.18000030517578,77.19000244140625,1949.0
2024-10-25 13:18:00+00:00,MITK,8.760000228881836,8.760000228881836,8.760000228881836,8.760000228881836,8.760000228881836,176.0
2024-10-25 13:18:00+00:00,MKTW,0.5803999900817871,0.5803999900817871,0.5803999900817871,0.5803999900817871,0.5803999900817871,483.0
2024-10-25 13:18:00+00:00,MPWR,922.1300048828125,922.1300048828125,922.1300048828125,922.1300048828125,922.1300048828125,435.0
2024-10-25 13:18:00+00:00,MQ,5.275000095367432,5.275000095367432,5.275000095367432,5.275000095367432,5.275000095367432,1217.0
2024-10-25 13:18:00+00:00,MRVL,83.04000091552734,83.04000091552734,83.05500030517578,82.98999786376953,82.98999786376953,13931.0
2024-10-25 13:18:00+00:00,MSFT,429.29998779296875,429.29998779296875,429.3616027832031,429.239990234375,429.2499084472656,9917.0
2024-10-25 13:18:00+00:00,MSTR,240.64999389648438,240.64999389648438,241.20989990234375,240.5301055908203,241.16200256347656,50560.0
2024-10-25 13:18:00+00:00,MTC,0.37229999899864197,0.37229999899864197,0.37229999899864197,0.37229999899864197,0.37229999899864197,910.0
2024-10-25 13:18:00+00:00,MTLS,5.974999904632568,5.974999904632568,5.974999904632568,5.974999904632568,5.974999904632568,214.0
2024-10-25 13:18:00+00:00,MTSI,120.69999694824219,120.69999694824219,120.69999694824219,120.69999694824219,120.69999694824219,194.0
2024-10-25 13:18:00+00:00,MTTR,4.616000175476074,4.616000175476074,4.616000175476074,4.614999771118164,4.614999771118164,1102.0
2024-10-25 13:18:00+00:00,MU,108.72000122070312,108.72000122070312,108.76000213623047,108.69599914550781,108.69599914550781,12006.0
2024-10-25 13:18:00+00:00,MVIS,1.0808000564575195,1.0808000564575195,1.0808000564575195,1.0808000564575195,1.0808000564575195,3480.0
2024-10-25 13:18:00+00:00,MXL,15.0,15.0,15.0,14.994999885559082,14.994999885559082,869.0
2024-10-25 13:18:00+00:00,NICE,176.53109741210938,176.53109741210938,176.53109741210938,176.53109741210938,176.53109741210938,346.0
2024-10-25 13:18:00+00:00,NOVT,174.10499572753906,174.10499572753906,174.10499572753906,174.10499572753906,174.10499572753906,1398.0
2024-10-25 13:18:00+00:00,NTAP,120.12989807128906,120.12989807128906,120.12989807128906,120.12989807128906,120.12989807128906,239.0
2024-10-25 13:18:00+00:00,NTCT,20.795000076293945,20.795000076293945,20.795000076293945,20.780000686645508,20.780000686645508,1401.0
2024-10-25 13:18:00+00:00,NTGR,20.325000762939453,20.325000762939453,20.325000762939453,20.325000762939453,20.325000762939453,309.0
2024-10-25 13:18:00+00:00,NTNX,62.18000030517578,62.18000030517578,62.18000030517578,62.18000030517578,62.18000030517578,391.0
2024-10-25 13:18:00+00:00,NVDA,143.22999572753906,143.22999572753906,143.27000427246094,143.16000366210938,143.1750030517578,258752.0
2024-10-25 13:18:00+00:00,NVTS,2.5950000286102295,2.5950000286102295,2.5999999046325684,2.5950000286102295,2.5950000286102295,3207.0
2024-10-25 13:18:00+00:00,NXPI,245.73199462890625,245.73199462890625,245.73199462890625,245.7100067138672,245.7100067138672,445.0
2024-10-25 13:18:00+00:00,OKTA,72.36399841308594,72.36399841308594,72.36399841308594,72.33499908447266,72.34500122070312,1667.0
2024-10-25 13:18:00+00:00,OLED,204.77999877929688,204.77999877929688,204.77999877929688,204.77999877929688,204.77999877929688,678.0
2024-10-25 13:18:00+00:00,ON,71.94529724121094,71.94529724121094,71.95999908447266,71.91000366210938,71.91999816894531,15199.0
2024-10-25 13:18:00+00:00,OSIS,134.66000366210938,134.66000366210938,134.66000366210938,134.39999389648438,134.39999389648438,1723.0
2024-10-25 13:18:00+00:00,PANW,368.95001220703125,368.95001220703125,368.95001220703125,368.92999267578125,368.92999267578125,1032.0
2024-10-25 13:18:00+00:00,PGY,11.875,11.875,11.875,11.859999656677246,11.869999885559082,2678.0
2024-10-25 13:18:00+00:00,PHUN,10.317999839782715,10.317999839782715,10.319999694824219,10.280099868774414,10.289299964904785,21988.0
2024-10-25 13:18:00+00:00,PI,202.23500061035156,202.23500061035156,202.23500061035156,201.85000610351562,201.85000610351562,3343.0
2024-10-25 13:18:00+00:00,PLUS,97.86499786376953,97.86499786376953,97.86499786376953,97.86499786376953,97.86499786376953,513.0
2024-10-25 13:18:00+00:00,PLXS,141.64999389648438,141.64999389648438,141.64999389648438,141.64999389648438,141.64999389648438,150.0
2024-10-25 13:18:00+00:00,POET,3.890000104904175,3.890000104904175,3.890000104904175,3.890000104904175,3.890000104904175,3520.0
2024-10-25 13:18:00+00:00,POWI,63.84000015258789,63.84000015258789,63.84000015258789,63.84000015258789,63.84000015258789,1122.0
2024-10-25 13:18:00+00:00,PTC,186.39999389648438,186.39999389648438,186.40499877929688,186.39999389648438,186.40499877929688,962.0
2024-10-25 13:18:00+00:00,PUBM,14.788000106811523,14.788000106811523,14.788000106811523,14.788000106811523,14.788000106811523,546.0
2024-10-25 13:18:00+00:00,PYCR,14.305000305175781,14.305000305175781,14.305000305175781,14.305000305175781,14.305000305175781,1157.0
2024-10-25 13:18:00+00:00,QCOM,172.35000610351562,172.35000610351562,172.389892578125,172.33009338378906,172.35000610351562,8278.0
2024-10-25 13:18:00+00:00,QRVO,100.5250015258789,100.5250015258789,100.5250015258789,100.5250015258789,100.5250015258789,435.0
2024-10-25 13:18:00+00:00,QUBT,1.0750000476837158,1.0750000476837158,1.0800000429153442,1.0750000476837158,1.0800000429153442,522.0
2024-10-25 13:18:00+00:00,RCAT,2.7699999809265137,2.7699999809265137,2.7699999809265137,2.7699999809265137,2.7699999809265137,200.0
2024-10-25 13:18:00+00:00,RDWR,22.329999923706055,22.329999923706055,22.329999923706055,22.299999237060547,22.299999237060547,1010.0
2024-10-25 13:18:00+00:00,REKR,1.0950000286102295,1.0950000286102295,1.0950000286102295,1.0950000286102295,1.0950000286102295,339.0
2024-10-25 13:18:00+00:00,RELY,14.829999923706055,14.829999923706055,14.829999923706055,14.819999694824219,14.819999694824219,2620.0
2024-10-25 13:18:00+00:00,RGTI,1.225000023841858,1.225000023841858,1.225000023841858,1.2200000286102295,1.2200000286102295,356.0
2024-10-25 13:18:00+00:00,RIOT,9.994999885559082,9.994999885559082,10.005000114440918,9.991700172424316,9.994999885559082,50093.0
2024-10-25 13:18:00+00:00,RMBS,43.59000015258789,43.59000015258789,43.619998931884766,43.59000015258789,43.599998474121094,1544.0
2024-10-25 13:18:00+00:00,RMNI,1.725000023841858,1.725000023841858,1.725000023841858,1.725000023841858,1.725000023841858,169.0
2024-10-25 13:18:00+00:00,RPAY,7.606500148773193,7.606500148773193,7.610000133514404,7.599899768829346,7.599999904632568,3031.0
2024-10-25 13:18:00+00:00,RUM,5.724999904632568,5.724999904632568,5.724999904632568,5.724999904632568,5.724999904632568,860.0
2024-10-25 13:18:00+00:00,RUN,14.324999809265137,14.324999809265137,14.324999809265137,14.3149995803833,14.3149995803833,2625.0
2024-10-25 13:18:00+00:00,RXT,2.5350000858306885,2.5350000858306885,2.5350000858306885,2.5350000858306885,2.5350000858306885,1772.0
2024-10-25 13:18:00+00:00,SANM,67.58999633789062,67.58999633789062,67.58999633789062,67.56999969482422,67.58999633789062,787.0
2024-10-25 13:18:00+00:00,SATS,25.06999969482422,25.06999969482422,25.084999084472656,25.06999969482422,25.084999084472656,589.0
2024-10-25 13:18:00+00:00,SCWX,8.380000114440918,8.380000114440918,8.380000114440918,8.380000114440918,8.380000114440918,349.0
2024-10-25 13:18:00+00:00,SEDG,15.960000038146973,15.960000038146973,15.975000381469727,15.9399995803833,15.952799797058105,11004.0
2024-10-25 13:18:00+00:00,SHLS,5.259900093078613,5.259900093078613,5.260000228881836,5.255000114440918,5.260000228881836,4065.0
2024-10-25 13:18:00+00:00,SIMO,56.71500015258789,56.71500015258789,56.71500015258789,56.71500015258789,56.71500015258789,389.0
2024-10-25 13:18:00+00:00,SKYT,10.679900169372559,10.679900169372559,10.679900169372559,10.664999961853027,10.664999961853027,808.0
2024-10-25 13:18:00+00:00,SMCI,47.404998779296875,47.404998779296875,47.43000030517578,47.38999938964844,47.391998291015625,44739.0
2024-10-25 13:18:00+00:00,SMSI,0.8198999762535095,0.8198999762535095,0.8198999762535095,0.8140000104904175,0.8140000104904175,2966.0
2024-10-25 13:18:00+00:00,SMTC,45.97999954223633,45.97999954223633,45.97999954223633,45.95899963378906,45.970001220703125,930.0
2024-10-25 13:18:00+00:00,SNPS,504.2650146484375,504.2650146484375,504.2650146484375,504.2650146484375,504.2650146484375,1144.0
2024-10-25 13:18:00+00:00,SONO,12.8100004196167,12.8100004196167,12.8100004196167,12.795000076293945,12.795000076293945,7040.0
2024-10-25 13:18:00+00:00,SOUN,5.219900131225586,5.219900131225586,5.220099925994873,5.210000038146973,5.220099925994873,219834.0
2024-10-25 13:18:00+00:00,SPI,0.4259999990463257,0.4259999990463257,0.4259999990463257,0.4259999990463257,0.4259999990463257,700.0
2024-10-25 13:18:00+00:00,SPSC,174.38319396972656,174.38319396972656,174.625,174.38319396972656,174.625,1251.0
2024-10-25 13:18:00+00:00,SSNC,69.62000274658203,69.62000274658203,69.62000274658203,69.56999969482422,69.58000183105469,6087.0
2024-10-25 13:18:00+00:00,STNE,11.500100135803223,11.500100135803223,11.505000114440918,11.500100135803223,11.505000114440918,2400.0
2024-10-25 13:18:00+00:00,STX,104.1500015258789,104.1500015258789,104.2249984741211,104.1500015258789,104.2249984741211,1812.0
2024-10-25 13:18:00+00:00,SWKS,96.70999908447266,96.70999908447266,96.70999908447266,96.6500015258789,96.6500015258789,2135.0
2024-10-25 13:18:00+00:00,TEAM,190.38999938964844,190.38999938964844,190.38999938964844,190.27000427246094,190.27000427246094,4952.0
2024-10-25 13:18:00+00:00,TENB,41.689998626708984,41.689998626708984,41.689998626708984,41.65999984741211,41.65999984741211,1631.0
2024-10-25 13:18:00+00:00,TER,113.12999725341797,113.12999725341797,113.12999725341797,113.07499694824219,113.07499694824219,2712.0
2024-10-25 13:18:00+00:00,TRMB,61.029998779296875,61.029998779296875,61.029998779296875,61.029998779296875,61.029998779296875,349.0
2024-10-25 13:18:00+00:00,TTD,118.97000122070312,118.97000122070312,118.9749984741211,118.97000122070312,118.9749984741211,3769.0
2024-10-25 13:18:00+00:00,TWKS,4.449999809265137,4.449999809265137,4.449999809265137,4.449999809265137,4.449999809265137,2233.0
2024-10-25 13:18:00+00:00,TXN,209.0,209.0,209.0,208.8249969482422,208.8249969482422,2907.0
2024-10-25 13:18:00+00:00,UCTT,35.90999984741211,35.90999984741211,35.90999984741211,35.90999984741211,35.90999984741211,392.0
2024-10-25 13:18:00+00:00,VECO,29.489999771118164,29.489999771118164,29.489999771118164,29.489999771118164,29.489999771118164,535.0
2024-10-25 13:18:00+00:00,VIAV,9.244999885559082,9.244999885559082,9.244999885559082,9.24020004272461,9.24020004272461,711.0
2024-10-25 13:18:00+00:00,VICR,46.584999084472656,46.584999084472656,46.61000061035156,46.529998779296875,46.529998779296875,1677.0
2024-10-25 13:18:00+00:00,VRNS,57.04999923706055,57.04999923706055,57.04999923706055,57.02000045776367,57.02000045776367,2569.0
2024-10-25 13:18:00+00:00,VRNT,22.149999618530273,22.149999618530273,22.149999618530273,22.149999618530273,22.149999618530273,289.0
2024-10-25 13:18:00+00:00,VRSN,184.89999389648438,184.89999389648438,184.89999389648438,184.89999389648438,184.89999389648438,1009.0
2024-10-25 13:18:00+00:00,VSAT,10.334799766540527,10.334799766540527,10.334799766540527,10.319999694824219,10.319999694824219,1041.0
2024-10-25 13:18:00+00:00,VVPR,0.800000011920929,0.800000011920929,0.800000011920929,0.800000011920929,0.800000011920929,2524.0
2024-10-25 13:18:00+00:00,WDAY,239.5800018310547,239.5800018310547,239.5800018310547,239.4949951171875,239.4949951171875,591.0
2024-10-25 13:18:00+00:00,WDC,70.80000305175781,70.80000305175781,70.91999816894531,70.72000122070312,70.88999938964844,63645.0
2024-10-25 13:18:00+00:00,WISA,1.940000057220459,1.940000057220459,1.9500000476837158,1.940000057220459,1.9450000524520874,4057.0
2024-10-25 13:18:00+00:00,XPER,9.420000076293945,9.420000076293945,9.420000076293945,9.420000076293945,9.420000076293945,473.0
2024-10-25 13:18:00+00:00,ZI,10.539999961853027,10.539999961853027,10.539999961853027,10.529999732971191,10.529999732971191,3557.0
2024-10-25 13:18:00+00:00,ZM,73.0999984741211,73.0999984741211,73.0999984741211,73.0999984741211,73.0999984741211,2163.0
2024-10-25 13:19:00+00:00,AAOI,17.784000396728516,17.784000396728516,17.784000396728516,17.784000396728516,17.784000396728516,198.0
2024-10-25 13:19:00+00:00,AAPL,231.9499969482422,231.9499969482422,232.0299072265625,231.9499969482422,232.0050048828125,26303.0
2024-10-25 13:19:00+00:00,ACMR,19.84000015258789,19.84000015258789,19.84000015258789,19.84000015258789,19.84000015258789,388.0
2024-10-25 13:19:00+00:00,ADBE,484.8349914550781,484.8349914550781,484.8349914550781,484.8349914550781,484.8349914550781,371.0
2024-10-25 13:19:00+00:00,ADI,233.5399932861328,233.5399932861328,233.5399932861328,233.4600067138672,233.4600067138672,1104.0
2024-10-25 13:19:00+00:00,ADTN,6.375,6.375,6.375,6.375,6.375,1062.0
2024-10-25 13:19:00+00:00,AEHR,17.1200008392334,17.1200008392334,17.139999389648438,17.1200008392334,17.13010025024414,1832.0
2024-10-25 13:19:00+00:00,AFRM,41.65599822998047,41.65599822998047,41.65599822998047,41.63410186767578,41.640098571777344,5252.0
2024-10-25 13:19:00+00:00,AIRG,9.0,9.0,9.0,9.0,9.0,157.0
2024-10-25 13:19:00+00:00,AKAM,102.4800033569336,102.4800033569336,102.4800033569336,102.4800033569336,102.4800033569336,1148.0
2024-10-25 13:19:00+00:00,AKTS,0.05730000138282776,0.05730000138282776,0.05730000138282776,0.05730000138282776,0.05730000138282776,10585.0
2024-10-25 13:19:00+00:00,ALGM,23.049999237060547,23.049999237060547,23.06999969482422,23.040000915527344,23.06999969482422,5145.0
2024-10-25 13:19:00+00:00,ALRM,54.72999954223633,54.72999954223633,54.72999954223633,54.72999954223633,54.72999954223633,165.0
2024-10-25 13:19:00+00:00,AMAT,188.53500366210938,188.53500366210938,188.5749969482422,188.53500366210938,188.5749969482422,1842.0
2024-10-25 13:19:00+00:00,AMBA,58.40999984741211,58.40999984741211,58.40999984741211,58.40999984741211,58.40999984741211,158.0
2024-10-25 13:19:00+00:00,AMD,157.55780029296875,157.55780029296875,157.6300048828125,157.52999877929688,157.60000610351562,26768.0
2024-10-25 13:19:00+00:00,AMKR,30.059999465942383,30.059999465942383,30.059999465942383,30.059999465942383,30.059999465942383,1028.0
2024-10-25 13:19:00+00:00,API,2.940000057220459,2.940000057220459,2.940000057220459,2.940000057220459,2.940000057220459,604.0
2024-10-25 13:19:00+00:00,APP,160.8800048828125,160.8800048828125,161.07000732421875,160.8800048828125,161.07000732421875,2387.0
2024-10-25 13:19:00+00:00,APPF,213.3800048828125,213.3800048828125,213.42999267578125,213.3800048828125,213.42999267578125,1308.0
2024-10-25 13:19:00+00:00,APPS,3.0739998817443848,3.0739998817443848,3.0739998817443848,3.0739998817443848,3.0739998817443848,3375.0
2024-10-25 13:19:00+00:00,ARBE,1.850000023841858,1.850000023841858,1.850000023841858,1.850000023841858,1.850000023841858,608.0
2024-10-25 13:19:00+00:00,ARRY,6.400000095367432,6.400000095367432,6.420100212097168,6.400000095367432,6.420100212097168,22999.0
2024-10-25 13:19:00+00:00,ASML,718.034912109375,718.034912109375,718.034912109375,718.034912109375,718.034912109375,2965.0
2024-10-25 13:19:00+00:00,ASNS,1.3184000253677368,1.3184000253677368,1.3184000253677368,1.309999942779541,1.309999942779541,542.0
2024-10-25 13:19:00+00:00,AVGO,175.10000610351562,175.10000610351562,175.154296875,175.02999877929688,175.0500030517578,26033.0
2024-10-25 13:19:00+00:00,AXTI,2.7049999237060547,2.7049999237060547,2.7049999237060547,2.7049999237060547,2.7049999237060547,200.0
2024-10-25 13:19:00+00:00,BMBL,7.15500020980835,7.15500020980835,7.159999847412109,7.150000095367432,7.150000095367432,3891.0
2024-10-25 13:19:00+00:00,BRZE,30.635000228881836,30.635000228881836,30.635000228881836,30.635000228881836,30.635000228881836,394.0
2024-10-25 13:19:00+00:00,BSY,49.119998931884766,49.119998931884766,49.134300231933594,49.119998931884766,49.130001068115234,979.0
2024-10-25 13:19:00+00:00,CAN,0.9810000061988831,0.9810000061988831,0.9812999963760376,0.9810000061988831,0.9812999963760376,1443.0
2024-10-25 13:19:00+00:00,CDNS,259.3299865722656,259.3299865722656,259.3299865722656,259.3299865722656,259.3299865722656,1683.0
2024-10-25 13:19:00+00:00,CDW,219.3699951171875,219.3699951171875,219.60000610351562,219.3699951171875,219.60000610351562,728.0
2024-10-25 13:19:00+00:00,CFLT,22.61199951171875,22.61199951171875,22.625,22.61199951171875,22.6200008392334,4255.0
2024-10-25 13:19:00+00:00,CGNT,6.644999980926514,6.644999980926514,6.644999980926514,6.644999980926514,6.644999980926514,763.0
2024-10-25 13:19:00+00:00,CGNX,38.900001525878906,38.900001525878906,38.900001525878906,38.900001525878906,38.900001525878906,151.0
2024-10-25 13:19:00+00:00,CHKP,206.71499633789062,206.71499633789062,206.74000549316406,206.71499633789062,206.74000549316406,1032.0
2024-10-25 13:19:00+00:00,CLSK,11.909099578857422,11.909099578857422,11.916000366210938,11.890000343322754,11.895000457763672,26350.0
2024-10-25 13:19:00+00:00,CMTL,3.7165000438690186,3.7165000438690186,3.7165000438690186,3.7160000801086426,3.7160000801086426,1925.0
2024-10-25 13:19:00+00:00,CNXC,44.71500015258789,44.71500015258789,44.71500015258789,44.71500015258789,44.71500015258789,162.0
2024-10-25 13:19:00+00:00,COHR,95.63999938964844,95.63999938964844,95.69999694824219,95.5999984741211,95.63999938964844,1640.0
2024-10-25 13:19:00+00:00,COIN,211.40199279785156,211.40199279785156,211.57949829101562,211.33999633789062,211.39320373535156,9381.0
2024-10-25 13:19:00+00:00,COMM,6.284999847412109,6.284999847412109,6.284999847412109,6.280099868774414,6.280099868774414,261.0
2024-10-25 13:19:00+00:00,CORZ,13.406700134277344,13.406700134277344,13.406700134277344,13.406000137329102,13.406599998474121,708.0
2024-10-25 13:19:00+00:00,CRDO,39.540000915527344,39.540000915527344,39.630001068115234,39.540000915527344,39.630001068115234,2952.0
2024-10-25 13:19:00+00:00,CRNC,2.9049999713897705,2.9049999713897705,2.9049999713897705,2.9049999713897705,2.9049999713897705,385.0
2024-10-25 13:19:00+00:00,CRSR,6.375,6.375,6.375,6.375,6.375,139.0
2024-10-25 13:19:00+00:00,CRWD,301.9800109863281,301.9800109863281,301.9800109863281,301.239990234375,301.70001220703125,10568.0
2024-10-25 13:19:00+00:00,CSCO,55.86980056762695,55.86980056762695,55.875,55.863800048828125,55.875,4132.0
2024-10-25 13:19:00+00:00,CSIQ,13.640000343322754,13.640000343322754,13.65999984741211,13.640000343322754,13.645000457763672,2098.0
2024-10-25 13:19:00+00:00,CTSH,74.80000305175781,74.80000305175781,74.81999969482422,74.79000091552734,74.81999969482422,3052.0
2024-10-25 13:19:00+00:00,DATS,1.6198999881744385,1.6198999881744385,1.6198999881744385,1.6141999959945679,1.6141999959945679,4728.0
2024-10-25 13:19:00+00:00,DAVEW,0.03449999913573265,0.03449999913573265,0.03449999913573265,0.03449999913573265,0.03449999913573265,1633.0
2024-10-25 13:19:00+00:00,DBX,25.989999771118164,25.989999771118164,25.989999771118164,25.989999771118164,25.989999771118164,814.0
2024-10-25 13:19:00+00:00,DDOG,127.30500030517578,127.30500030517578,127.33000183105469,127.29620361328125,127.33000183105469,1401.0
2024-10-25 13:19:00+00:00,DOCU,69.81999969482422,69.81999969482422,69.83999633789062,69.81999969482422,69.83999633789062,3355.0
2024-10-25 13:19:00+00:00,DOMO,8.050000190734863,8.050000190734863,8.050000190734863,8.050000190734863,8.050000190734863,778.0
2024-10-25 13:19:00+00:00,DOX,89.47000122070312,89.47000122070312,89.47000122070312,89.47000122070312,89.47000122070312,635.0
2024-10-25 13:19:00+00:00,DTSS,2.4300999641418457,2.4300999641418457,2.440000057220459,2.4300999641418457,2.440000057220459,757.0
2024-10-25 13:19:00+00:00,ENPH,83.08999633789062,83.08999633789062,83.11499786376953,82.88999938964844,82.93000030517578,10830.0
2024-10-25 13:19:00+00:00,ENTG,105.97000122070312,105.97000122070312,105.97000122070312,105.9000015258789,105.9000015258789,1357.0
2024-10-25 13:19:00+00:00,ERIC,8.452500343322754,8.452500343322754,8.454999923706055,8.449999809265137,8.452500343322754,4108.0
2024-10-25 13:19:00+00:00,FFIV,216.6699981689453,216.6699981689453,216.6699981689453,216.6699981689453,216.6699981689453,527.0
2024-10-25 13:19:00+00:00,FIVN,29.850000381469727,29.850000381469727,29.850000381469727,29.81999969482422,29.81999969482422,1477.0
2024-10-25 13:19:00+00:00,FLEX,35.279998779296875,35.279998779296875,35.279998779296875,35.275001525878906,35.279998779296875,2092.0
2024-10-25 13:19:00+00:00,FLYW,17.5049991607666,17.5049991607666,17.5049991607666,17.5049991607666,17.5049991607666,138.0
2024-10-25 13:19:00+00:00,FRSH,11.640000343322754,11.640000343322754,11.640000343322754,11.640000343322754,11.640000343322754,552.0
2024-10-25 13:19:00+00:00,FSLR,198.35000610351562,198.35000610351562,198.3699951171875,198.1199951171875,198.27000427246094,3370.0
2024-10-25 13:19:00+00:00,FTCI,0.6628999710083008,0.6628999710083008,0.6628999710083008,0.6610000133514404,0.6610000133514404,9437.0
2024-10-25 13:19:00+00:00,FTNT,80.92500305175781,80.92500305175781,80.92500305175781,80.92500305175781,80.92500305175781,956.0
2024-10-25 13:19:00+00:00,GCT,24.82990074157715,24.82990074157715,24.82990074157715,24.7992000579834,24.81999969482422,1909.0
2024-10-25 13:19:00+00:00,GDYN,15.553999900817871,15.553999900817871,15.553999900817871,15.553999900817871,15.553999900817871,291.0
2024-10-25 13:19:00+00:00,GFS,41.095001220703125,41.095001220703125,41.095001220703125,41.095001220703125,41.095001220703125,349.0
2024-10-25 13:19:00+00:00,GPRO,1.3350000381469727,1.3350000381469727,1.3350000381469727,1.3350000381469727,1.3350000381469727,200.0
2024-10-25 13:19:00+00:00,GRAB,4.105000019073486,4.105000019073486,4.105000019073486,4.105000019073486,4.105000019073486,49684.0
2024-10-25 13:19:00+00:00,GRRR,4.510000228881836,4.510000228881836,4.510000228881836,4.510000228881836,4.510000228881836,2160.0
2024-10-25 13:19:00+00:00,GTLB,55.515899658203125,55.515899658203125,55.54999923706055,55.515899658203125,55.54999923706055,738.0
2024-10-25 13:19:00+00:00,HCP,33.665000915527344,33.665000915527344,33.665000915527344,33.65999984741211,33.665000915527344,3323.0
2024-10-25 13:19:00+00:00,HIMX,6.189899921417236,6.189899921417236,6.189899921417236,6.189899921417236,6.189899921417236,368.0
2024-10-25 13:19:00+00:00,HLIT,14.78339958190918,14.78339958190918,14.78339958190918,14.78339958190918,14.78339958190918,475.0
2024-10-25 13:19:00+00:00,HOLO,3.5940001010894775,3.5940001010894775,3.5999999046325684,3.5940001010894775,3.5999999046325684,1526.0
2024-10-25 13:19:00+00:00,HOOD,27.30430030822754,27.30430030822754,27.315000534057617,27.304000854492188,27.315000534057617,4534.0
2024-10-25 13:19:00+00:00,IBEX,18.06999969482422,18.06999969482422,18.06999969482422,18.049999237060547,18.049999237060547,595.0
2024-10-25 13:19:00+00:00,IMOS,22.430200576782227,22.430200576782227,22.430200576782227,22.430200576782227,22.430200576782227,322.0
2024-10-25 13:19:00+00:00,INDI,3.555000066757202,3.555000066757202,3.5592000484466553,3.555000066757202,3.5592000484466553,768.0
2024-10-25 13:19:00+00:00,INFN,6.784999847412109,6.784999847412109,6.784999847412109,6.784999847412109,6.784999847412109,145.0
2024-10-25 13:19:00+00:00,INOD,20.260000228881836,20.260000228881836,20.264999389648438,20.204999923706055,20.222400665283203,3293.0
2024-10-25 13:19:00+00:00,INTA,49.9900016784668,49.9900016784668,49.9900016784668,49.9900016784668,49.9900016784668,462.0
2024-10-25 13:19:00+00:00,INTC,23.060300827026367,23.060300827026367,23.06999969482422,23.059999465942383,23.065000534057617,23684.0
2024-10-25 13:19:00+00:00,ITI,7.199999809265137,7.199999809265137,7.199999809265137,7.199999809265137,7.199999809265137,263.0
2024-10-25 13:19:00+00:00,ITRI,102.5999984741211,102.5999984741211,102.5999984741211,102.5999984741211,102.5999984741211,149.0
2024-10-25 13:19:00+00:00,JAMF,16.760000228881836,16.760000228881836,16.760000228881836,16.760000228881836,16.760000228881836,1708.0
2024-10-25 13:19:00+00:00,JKHY,182.7100067138672,182.7100067138672,182.71499633789062,182.7100067138672,182.71499633789062,324.0
2024-10-25 13:19:00+00:00,KC,2.7149999141693115,2.7149999141693115,2.7149999141693115,2.7100000381469727,2.7149999141693115,1261.0
2024-10-25 13:19:00+00:00,LITE,63.8650016784668,63.8650016784668,63.88999938964844,63.86000061035156,63.88999938964844,1362.0
2024-10-25 13:19:00+00:00,LPSN,1.160099983215332,1.160099983215332,1.1649999618530273,1.159999966621399,1.1649999618530273,2070.0
2024-10-25 13:19:00+00:00,LRCX,78.9000015258789,78.9000015258789,78.93000030517578,78.9000015258789,78.91999816894531,7068.0
2024-10-25 13:19:00+00:00,LSCC,54.56999969482422,54.56999969482422,54.59000015258789,54.56999969482422,54.59000015258789,1286.0
2024-10-25 13:19:00+00:00,LYFT,13.765000343322754,13.765000343322754,13.765000343322754,13.755000114440918,13.765000343322754,14365.0
2024-10-25 13:19:00+00:00,LYT,1.9500000476837158,1.9500000476837158,1.9500000476837158,1.9500000476837158,1.9500000476837158,140.0
2024-10-25 13:19:00+00:00,MANH,275.5199890136719,275.5199890136719,275.69000244140625,275.5199890136719,275.69000244140625,592.0
2024-10-25 13:19:00+00:00,MAXN,5.574999809265137,5.574999809265137,5.574999809265137,5.574999809265137,5.574999809265137,495.0
2024-10-25 13:19:00+00:00,MCHP,77.2300033569336,77.2300033569336,77.2300033569336,77.20999908447266,77.20999908447266,4465.0
2024-10-25 13:19:00+00:00,MKSI,101.44999694824219,101.44999694824219,101.51000213623047,101.44999694824219,101.51000213623047,306.0
2024-10-25 13:19:00+00:00,MNDY,299.760009765625,299.760009765625,299.760009765625,299.760009765625,299.760009765625,204.0
2024-10-25 13:19:00+00:00,MPWR,923.27001953125,923.27001953125,923.27001953125,922.875,922.875,1290.0
2024-10-25 13:19:00+00:00,MQ,5.275000095367432,5.275000095367432,5.275000095367432,5.275000095367432,5.275000095367432,1247.0
2024-10-25 13:19:00+00:00,MRVL,82.98999786376953,82.98999786376953,83.04000091552734,82.98999786376953,83.04000091552734,10257.0
2024-10-25 13:19:00+00:00,MSFT,429.135009765625,429.135009765625,429.32989501953125,429.1199951171875,429.2998962402344,14075.0
2024-10-25 13:19:00+00:00,MSTR,240.0,240.0,240.7855987548828,239.67010498046875,240.72500610351562,38261.0
2024-10-25 13:19:00+00:00,MTTR,4.610000133514404,4.610000133514404,4.619999885559082,4.610000133514404,4.619999885559082,1147.0
2024-10-25 13:19:00+00:00,MU,108.70559692382812,108.70559692382812,108.72000122070312,108.69000244140625,108.70999908447266,14650.0
2024-10-25 13:19:00+00:00,MVIS,1.0800000429153442,1.0800000429153442,1.0850000381469727,1.0800000429153442,1.0850000381469727,6209.0
2024-10-25 13:19:00+00:00,MXL,14.989999771118164,14.989999771118164,15.0,14.989999771118164,15.0,797.0
2024-10-25 13:19:00+00:00,NCNO,37.79999923706055,37.79999923706055,37.79999923706055,37.79999923706055,37.79999923706055,476.0
2024-10-25 13:19:00+00:00,NTAP,120.08000183105469,120.08000183105469,120.08000183105469,120.08000183105469,120.08000183105469,515.0
2024-10-25 13:19:00+00:00,NTNX,62.15999984741211,62.15999984741211,62.15999984741211,62.154998779296875,62.154998779296875,814.0
2024-10-25 13:19:00+00:00,NVDA,143.1800994873047,143.1800994873047,143.25999450683594,143.16000366210938,143.2261962890625,153907.0
2024-10-25 13:19:00+00:00,NVTS,2.597399950027466,2.597399950027466,2.597399950027466,2.5973000526428223,2.5973000526428223,420.0
2024-10-25 13:19:00+00:00,NXPI,245.6999969482422,245.6999969482422,245.8000030517578,245.6999969482422,245.6999969482422,2183.0
2024-10-25 13:19:00+00:00,OLED,204.74000549316406,204.74000549316406,204.74000549316406,204.74000549316406,204.74000549316406,807.0
2024-10-25 13:19:00+00:00,ON,72.0,72.0,72.02999877929688,71.91500091552734,71.94999694824219,20701.0
2024-10-25 13:19:00+00:00,ONDS,0.8700000047683716,0.8700000047683716,0.8700000047683716,0.8700000047683716,0.8700000047683716,10029.0
2024-10-25 13:19:00+00:00,OSIS,134.66000366210938,134.66000366210938,134.66000366210938,134.66000366210938,134.66000366210938,107.0
2024-10-25 13:19:00+00:00,OTEX,33.36000061035156,33.36000061035156,33.36000061035156,33.36000061035156,33.36000061035156,818.0
2024-10-25 13:19:00+00:00,PANW,368.7449951171875,368.7449951171875,368.79998779296875,368.6499938964844,368.6499938964844,659.0
2024-10-25 13:19:00+00:00,PAYO,8.295000076293945,8.295000076293945,8.295000076293945,8.295000076293945,8.295000076293945,672.0
2024-10-25 13:19:00+00:00,PEGA,79.71089935302734,79.71089935302734,79.71089935302734,79.62999725341797,79.62999725341797,808.0
2024-10-25 13:19:00+00:00,PHUN,10.282099723815918,10.282099723815918,10.326499938964844,10.282099723815918,10.3149995803833,15984.0
2024-10-25 13:19:00+00:00,PLXS,141.6199951171875,141.6199951171875,141.6199951171875,141.6199951171875,141.6199951171875,287.0
2024-10-25 13:19:00+00:00,POET,3.889899969100952,3.889899969100952,3.889899969100952,3.880000114440918,3.880000114440918,5838.0
2024-10-25 13:19:00+00:00,PRGS,64.7249984741211,64.7249984741211,64.7249984741211,64.7249984741211,64.7249984741211,1260.0
2024-10-25 13:19:00+00:00,PTC,186.38499450683594,186.38499450683594,186.38499450683594,186.38499450683594,186.38499450683594,502.0
2024-10-25 13:19:00+00:00,QCOM,172.33999633789062,172.33999633789062,172.3699951171875,172.32699584960938,172.35000610351562,3232.0
2024-10-25 13:19:00+00:00,QRVO,100.5199966430664,100.5199966430664,100.5199966430664,100.5199966430664,100.5199966430664,914.0
2024-10-25 13:19:00+00:00,RCAT,2.765000104904175,2.765000104904175,2.765000104904175,2.765000104904175,2.765000104904175,433.0
2024-10-25 13:19:00+00:00,REKR,1.0950000286102295,1.0950000286102295,1.0950000286102295,1.0950000286102295,1.0950000286102295,286.0
2024-10-25 13:19:00+00:00,RELY,14.829999923706055,14.829999923706055,14.83810043334961,14.819999694824219,14.829999923706055,9201.0
2024-10-25 13:19:00+00:00,RGTI,1.225000023841858,1.225000023841858,1.225000023841858,1.225000023841858,1.225000023841858,400.0
2024-10-25 13:19:00+00:00,RIOT,9.994999885559082,9.994999885559082,10.0,9.989999771118164,9.994999885559082,36514.0
2024-10-25 13:19:00+00:00,RMBS,43.599998474121094,43.599998474121094,43.599998474121094,43.599998474121094,43.599998474121094,609.0
2024-10-25 13:19:00+00:00,RUM,5.704999923706055,5.704999923706055,5.724999904632568,5.704999923706055,5.71999979019165,5278.0
2024-10-25 13:19:00+00:00,RUN,14.324999809265137,14.324999809265137,14.324999809265137,14.3149995803833,14.324999809265137,4018.0
2024-10-25 13:19:00+00:00,SATS,25.08340072631836,25.08340072631836,25.08340072631836,25.08340072631836,25.08340072631836,241.0
2024-10-25 13:19:00+00:00,SEDG,15.949999809265137,15.949999809265137,15.959500312805176,15.90999984741211,15.954999923706055,13685.0
2024-10-25 13:19:00+00:00,SHLS,5.25,5.25,5.25600004196167,5.239999771118164,5.25,7350.0
2024-10-25 13:19:00+00:00,SKYT,10.670000076293945,10.670000076293945,10.670000076293945,10.666899681091309,10.666899681091309,522.0
2024-10-25 13:19:00+00:00,SMCI,47.380001068115234,47.380001068115234,47.40999984741211,47.380001068115234,47.404998779296875,52869.0
2024-10-25 13:19:00+00:00,SMTC,45.95000076293945,45.95000076293945,45.959999084472656,45.94499969482422,45.959999084472656,1015.0
2024-10-25 13:19:00+00:00,SOUN,5.220900058746338,5.220900058746338,5.230000019073486,5.21750020980835,5.21750020980835,17399.0
2024-10-25 13:19:00+00:00,SPT,26.934999465942383,26.934999465942383,26.934999465942383,26.934999465942383,26.934999465942383,989.0
2024-10-25 13:19:00+00:00,SRAD,12.390000343322754,12.390000343322754,12.390000343322754,12.390000343322754,12.390000343322754,670.0
2024-10-25 13:19:00+00:00,SSNC,69.61000061035156,69.61000061035156,69.62999725341797,69.58999633789062,69.61000061035156,6212.0
2024-10-25 13:19:00+00:00,SSTI,11.3149995803833,11.3149995803833,11.3149995803833,11.3149995803833,11.3149995803833,218.0
2024-10-25 13:19:00+00:00,STNE,11.5,11.5,11.510000228881836,11.489999771118164,11.505000114440918,18737.0
2024-10-25 13:19:00+00:00,STX,104.12000274658203,104.12000274658203,104.1500015258789,104.12000274658203,104.12999725341797,1086.0
2024-10-25 13:19:00+00:00,SWVL,3.307300090789795,3.307300090789795,3.307300090789795,3.307300090789795,3.307300090789795,528.0
2024-10-25 13:19:00+00:00,TENB,41.720001220703125,41.720001220703125,41.720001220703125,41.720001220703125,41.720001220703125,352.0
2024-10-25 13:19:00+00:00,TER,113.12000274658203,113.12000274658203,113.1500015258789,113.11000061035156,113.13999938964844,3871.0
2024-10-25 13:19:00+00:00,TRMB,61.029998779296875,61.029998779296875,61.029998779296875,61.025001525878906,61.025001525878906,1837.0
2024-10-25 13:19:00+00:00,TTD,118.94000244140625,118.94000244140625,118.99500274658203,118.94000244140625,118.99500274658203,2693.0
2024-10-25 13:19:00+00:00,TWKS,4.449999809265137,4.449999809265137,4.449999809265137,4.449999809265137,4.449999809265137,2258.0
2024-10-25 13:19:00+00:00,TXN,208.97000122070312,208.97000122070312,208.97000122070312,208.87100219726562,208.97000122070312,2063.0
2024-10-25 13:19:00+00:00,UEIC,8.069999694824219,8.069999694824219,8.069999694824219,8.069999694824219,8.069999694824219,700.0
2024-10-25 13:19:00+00:00,VERI,3.430000066757202,3.430000066757202,3.430000066757202,3.430000066757202,3.430000066757202,301.0
2024-10-25 13:19:00+00:00,VIAV,9.244999885559082,9.244999885559082,9.244999885559082,9.244999885559082,9.244999885559082,614.0
2024-10-25 13:19:00+00:00,VMEO,4.769999980926514,4.769999980926514,4.775000095367432,4.760000228881836,4.775000095367432,8638.0
2024-10-25 13:19:00+00:00,VNET,3.424999952316284,3.424999952316284,3.4700000286102295,3.424999952316284,3.4549999237060547,16066.0
2024-10-25 13:19:00+00:00,VRNS,57.04499816894531,57.04499816894531,57.06990051269531,57.04499816894531,57.06990051269531,4550.0
2024-10-25 13:19:00+00:00,VRNT,22.170000076293945,22.170000076293945,22.170000076293945,22.15999984741211,22.15999984741211,874.0
2024-10-25 13:19:00+00:00,VSAT,10.335000038146973,10.335000038146973,10.335000038146973,10.335000038146973,10.335000038146973,515.0
2024-10-25 13:19:00+00:00,VUZI,1.315000057220459,1.315000057220459,1.315000057220459,1.315000057220459,1.315000057220459,965.0
2024-10-25 13:19:00+00:00,WDAY,239.56500244140625,239.56500244140625,239.56500244140625,239.55999755859375,239.55999755859375,1367.0
2024-10-25 13:19:00+00:00,WDC,70.7699966430664,70.7699966430664,70.80000305175781,70.7300033569336,70.75,15357.0
2024-10-25 13:19:00+00:00,WISA,1.9199999570846558,1.9199999570846558,1.940000057220459,1.9199999570846558,1.9299999475479126,11728.0
2024-10-25 13:19:00+00:00,XRX,10.055000305175781,10.055000305175781,10.055000305175781,10.050700187683105,10.055000305175781,1629.0
2024-10-25 13:19:00+00:00,ZI,10.53499984741211,10.53499984741211,10.535499572753906,10.53499984741211,10.535499572753906,989.0
2024-10-25 13:19:00+00:00,ZM,73.09500122070312,73.09500122070312,73.09500122070312,73.09500122070312,73.09500122070312,350.0
2024-10-25 13:19:00+00:00,ZS,185.56610107421875,185.56610107421875,185.56610107421875,185.3574981689453,185.3574981689453,676.0
2024-10-25 13:20:00+00:00,AAOI,17.770000457763672,17.770000457763672,17.780000686645508,17.770000457763672,17.780000686645508,2447.0
2024-10-25 13:20:00+00:00,AAPL,231.83999633789062,231.83999633789062,231.97999572753906,231.7949981689453,231.92999267578125,52290.0
2024-10-25 13:20:00+00:00,ACLS,90.33999633789062,90.33999633789062,90.33999633789062,90.33999633789062,90.33999633789062,172.0
2024-10-25 13:20:00+00:00,ACMR,19.795000076293945,19.795000076293945,19.799999237060547,19.79199981689453,19.799999237060547,4512.0
2024-10-25 13:20:00+00:00,ADBE,484.6000061035156,484.6000061035156,484.7200012207031,484.6000061035156,484.70001220703125,2544.0
2024-10-25 13:20:00+00:00,ADI,233.1999969482422,233.1999969482422,233.41000366210938,233.1999969482422,233.41000366210938,1700.0
2024-10-25 13:20:00+00:00,ADSK,286.3699951171875,286.3699951171875,286.54998779296875,286.3699951171875,286.54998779296875,794.0
2024-10-25 13:20:00+00:00,AEHR,17.100000381469727,17.100000381469727,17.101999282836914,17.091999053955078,17.094200134277344,2975.0
2024-10-25 13:20:00+00:00,AEYE,22.864999771118164,22.864999771118164,22.864999771118164,22.81999969482422,22.81999969482422,1163.0
2024-10-25 13:20:00+00:00,AFRM,41.61000061035156,41.61000061035156,41.648399353027344,41.56999969482422,41.63999938964844,8379.0
2024-10-25 13:20:00+00:00,AGYS,111.5999984741211,111.5999984741211,111.5999984741211,111.5999984741211,111.5999984741211,126.0
2024-10-25 13:20:00+00:00,AIP,6.920000076293945,6.920000076293945,6.920000076293945,6.920000076293945,6.920000076293945,100.0
2024-10-25 13:20:00+00:00,AKAM,102.3949966430664,102.3949966430664,102.3949966430664,102.3949966430664,102.3949966430664,611.0
2024-10-25 13:20:00+00:00,ALGM,23.010000228881836,23.010000228881836,23.040000915527344,23.010000228881836,23.040000915527344,4518.0
2024-10-25 13:20:00+00:00,ALKT,38.060001373291016,38.060001373291016,38.060001373291016,38.060001373291016,38.060001373291016,783.0
2024-10-25 13:20:00+00:00,ALRM,54.72999954223633,54.72999954223633,54.72999954223633,54.66999816894531,54.66999816894531,2932.0
2024-10-25 13:20:00+00:00,ALTR,103.80000305175781,103.80000305175781,103.91999816894531,103.80000305175781,103.80000305175781,2530.0
2024-10-25 13:20:00+00:00,AMAT,188.25,188.25,188.50999450683594,188.1999969482422,188.47000122070312,11080.0
2024-10-25 13:20:00+00:00,AMBA,58.349998474121094,58.349998474121094,58.380001068115234,58.349998474121094,58.369998931884766,705.0
2024-10-25 13:20:00+00:00,AMD,157.26010131835938,157.26010131835938,157.5399932861328,157.26010131835938,157.52999877929688,87847.0
2024-10-25 13:20:00+00:00,AMKR,30.03499984741211,30.03499984741211,30.03499984741211,30.030000686645508,30.030000686645508,1151.0
2024-10-25 13:20:00+00:00,ANSS,324.20001220703125,324.20001220703125,324.5199890136719,324.20001220703125,324.2250061035156,2204.0
2024-10-25 13:20:00+00:00,ANY,1.0549999475479126,1.0549999475479126,1.0549999475479126,1.0499999523162842,1.0499999523162842,5400.0
2024-10-25 13:20:00+00:00,AOSL,36.584999084472656,36.584999084472656,36.584999084472656,36.584999084472656,36.584999084472656,453.0
2024-10-25 13:20:00+00:00,API,2.940000057220459,2.940000057220459,2.940000057220459,2.940000057220459,2.940000057220459,1300.0
2024-10-25 13:20:00+00:00,APP,160.8000030517578,160.8000030517578,160.9875030517578,160.8000030517578,160.86000061035156,8892.0
2024-10-25 13:20:00+00:00,APPF,213.3800048828125,213.3800048828125,213.41000366210938,213.3800048828125,213.39999389648438,765.0
2024-10-25 13:20:00+00:00,APPS,3.079900026321411,3.079900026321411,3.079900026321411,3.079900026321411,3.079900026321411,2630.0
2024-10-25 13:20:00+00:00,ARBE,1.8550000190734863,1.8550000190734863,1.8550000190734863,1.8550000190734863,1.8550000190734863,200.0
2024-10-25 13:20:00+00:00,ARRY,6.369999885559082,6.369999885559082,6.409900188446045,6.369999885559082,6.409900188446045,35990.0
2024-10-25 13:20:00+00:00,AUR,6.445000171661377,6.445000171661377,6.454999923706055,6.445000171661377,6.449999809265137,4912.0
2024-10-25 13:20:00+00:00,AVDX,8.114999771118164,8.114999771118164,8.130000114440918,8.114999771118164,8.130000114440918,3666.0
2024-10-25 13:20:00+00:00,AVGO,175.0850067138672,175.0850067138672,175.13999938964844,174.96009826660156,175.10000610351562,29011.0
2024-10-25 13:20:00+00:00,AVPT,11.96500015258789,11.96500015258789,11.975000381469727,11.96500015258789,11.975000381469727,1011.0
2024-10-25 13:20:00+00:00,AVT,53.95000076293945,53.95000076293945,53.95000076293945,53.915000915527344,53.939998626708984,1283.0
2024-10-25 13:20:00+00:00,AXTI,2.700000047683716,2.700000047683716,2.7049999237060547,2.700000047683716,2.7049999237060547,3784.0
2024-10-25 13:20:00+00:00,BAND,17.6200008392334,17.6200008392334,17.6200008392334,17.6200008392334,17.6200008392334,730.0
2024-10-25 13:20:00+00:00,BASE,16.3799991607666,16.3799991607666,16.3799991607666,16.3799991607666,16.3799991607666,661.0
2024-10-25 13:20:00+00:00,BEEM,4.850800037384033,4.850800037384033,4.850800037384033,4.849999904632568,4.849999904632568,3205.0
2024-10-25 13:20:00+00:00,BELFB,79.37000274658203,79.37000274658203,79.37000274658203,79.37000274658203,79.37000274658203,126.0
2024-10-25 13:20:00+00:00,BIGC,5.309999942779541,5.309999942779541,5.309999942779541,5.309999942779541,5.309999942779541,2048.0
2024-10-25 13:20:00+00:00,BL,56.284400939941406,56.284400939941406,56.284400939941406,56.284400939941406,56.284400939941406,635.0
2024-10-25 13:20:00+00:00,BLZE,7.199999809265137,7.199999809265137,7.199999809265137,7.199999809265137,7.199999809265137,463.0
2024-10-25 13:20:00+00:00,BMBL,7.15500020980835,7.15500020980835,7.15500020980835,7.15500020980835,7.15500020980835,531.0
2024-10-25 13:20:00+00:00,BRZE,30.639999389648438,30.639999389648438,30.645000457763672,30.6200008392334,30.645000457763672,4445.0
2024-10-25 13:20:00+00:00,BSY,49.08940124511719,49.08940124511719,49.09000015258789,49.08000183105469,49.08000183105469,1415.0
2024-10-25 13:20:00+00:00,CAMT,78.38999938964844,78.38999938964844,78.44000244140625,78.38999938964844,78.44000244140625,1130.0
2024-10-25 13:20:00+00:00,CCSI,20.6200008392334,20.6200008392334,20.670000076293945,20.6200008392334,20.670000076293945,2104.0
2024-10-25 13:20:00+00:00,CDNS,258.9601135253906,258.9601135253906,259.2850036621094,258.9601135253906,259.2850036621094,2901.0
2024-10-25 13:20:00+00:00,CDW,219.34500122070312,219.34500122070312,219.38999938964844,219.3300018310547,219.3800048828125,1570.0
2024-10-25 13:20:00+00:00,CETX,0.3034000098705292,0.3034000098705292,0.3034999966621399,0.3034000098705292,0.3034999966621399,2933.0
2024-10-25 13:20:00+00:00,CFLT,22.6299991607666,22.6299991607666,22.6299991607666,22.600000381469727,22.610000610351562,3657.0
2024-10-25 13:20:00+00:00,CGNX,38.86000061035156,38.86000061035156,38.900001525878906,38.86000061035156,38.900001525878906,1569.0
2024-10-25 13:20:00+00:00,CHKP,206.55999755859375,206.55999755859375,206.7100067138672,206.55999755859375,206.7100067138672,2327.0
2024-10-25 13:20:00+00:00,CLBT,18.15999984741211,18.15999984741211,18.170000076293945,18.15999984741211,18.170000076293945,743.0
2024-10-25 13:20:00+00:00,CLFD,36.459999084472656,36.459999084472656,36.459999084472656,36.459999084472656,36.459999084472656,264.0
2024-10-25 13:20:00+00:00,CLSK,11.875,11.875,11.90999984741211,11.869999885559082,11.904999732971191,34240.0
2024-10-25 13:20:00+00:00,CNXC,44.63999938964844,44.63999938964844,44.70000076293945,44.619998931884766,44.70000076293945,3492.0
2024-10-25 13:20:00+00:00,COHR,95.58000183105469,95.58000183105469,95.61000061035156,95.58000183105469,95.61000061035156,1007.0
2024-10-25 13:20:00+00:00,COIN,211.1732940673828,211.1732940673828,211.47000122070312,211.02999877929688,211.37550354003906,13758.0
2024-10-25 13:20:00+00:00,COMM,6.284999847412109,6.284999847412109,6.284999847412109,6.284999847412109,6.284999847412109,860.0
2024-10-25 13:20:00+00:00,CORZ,13.375,13.375,13.404999732971191,13.371899604797363,13.404999732971191,6114.0
2024-10-25 13:20:00+00:00,CRCT,6.614999771118164,6.614999771118164,6.614999771118164,6.614999771118164,6.614999771118164,327.0
2024-10-25 13:20:00+00:00,CRDO,39.54999923706055,39.54999923706055,39.58000183105469,39.54999923706055,39.58000183105469,1143.0
2024-10-25 13:20:00+00:00,CRNC,2.9000000953674316,2.9000000953674316,2.9100000858306885,2.9000000953674316,2.9000000953674316,4744.0
2024-10-25 13:20:00+00:00,CRSR,6.364999771118164,6.364999771118164,6.369999885559082,6.364999771118164,6.369999885559082,1185.0
2024-10-25 13:20:00+00:00,CRUS,123.43000030517578,123.43000030517578,123.44999694824219,123.43000030517578,123.44999694824219,1298.0
2024-10-25 13:20:00+00:00,CRWD,301.260009765625,301.260009765625,301.92999267578125,301.260009765625,301.75,3333.0
2024-10-25 13:20:00+00:00,CSCO,55.869998931884766,55.869998931884766,55.875,55.86000061035156,55.86000061035156,20096.0
2024-10-25 13:20:00+00:00,CSGS,47.45000076293945,47.45000076293945,47.45000076293945,47.45000076293945,47.45000076293945,116.0
2024-10-25 13:20:00+00:00,CSIQ,13.619999885559082,13.619999885559082,13.630000114440918,13.609999656677246,13.630000114440918,3470.0
2024-10-25 13:20:00+00:00,CTSH,74.78250122070312,74.78250122070312,74.79000091552734,74.76000213623047,74.79000091552734,5812.0
2024-10-25 13:20:00+00:00,DAKT,13.020000457763672,13.020000457763672,13.050000190734863,13.020000457763672,13.050000190734863,4423.0
2024-10-25 13:20:00+00:00,DAVE,39.38999938964844,39.38999938964844,39.38999938964844,39.38999938964844,39.38999938964844,341.0
2024-10-25 13:20:00+00:00,DBX,25.979999542236328,25.979999542236328,25.9950008392334,25.979999542236328,25.989999771118164,8658.0
2024-10-25 13:20:00+00:00,DDOG,127.30870056152344,127.30870056152344,127.30999755859375,127.25,127.2750015258789,7267.0
2024-10-25 13:20:00+00:00,DIOD,66.4000015258789,66.4000015258789,66.54499816894531,66.4000015258789,66.48999786376953,1955.0
2024-10-25 13:20:00+00:00,DLO,8.890000343322754,8.890000343322754,8.890000343322754,8.890000343322754,8.890000343322754,731.0
2024-10-25 13:20:00+00:00,DOCU,69.81500244140625,69.81500244140625,69.83000183105469,69.80999755859375,69.81999969482422,2989.0
2024-10-25 13:20:00+00:00,DOMO,8.039999961853027,8.039999961853027,8.039999961853027,8.039999961853027,8.039999961853027,412.0
2024-10-25 13:20:00+00:00,DSGX,104.1500015258789,104.1500015258789,104.1500015258789,104.1500015258789,104.1500015258789,602.0
2024-10-25 13:20:00+00:00,DUOL,290.0299987792969,290.0299987792969,290.0299987792969,290.0299987792969,290.0299987792969,1694.0
2024-10-25 13:20:00+00:00,ENPH,82.90499877929688,82.90499877929688,83.06999969482422,82.87010192871094,83.06999969482422,5017.0
2024-10-25 13:20:00+00:00,ENTG,105.81999969482422,105.81999969482422,105.90499877929688,105.81999969482422,105.90499877929688,3082.0
2024-10-25 13:20:00+00:00,ERIC,8.454999923706055,8.454999923706055,8.456000328063965,8.449999809265137,8.449999809265137,57065.0
2024-10-25 13:20:00+00:00,EXLS,38.84000015258789,38.84000015258789,38.84000015258789,38.84000015258789,38.84000015258789,1123.0
2024-10-25 13:20:00+00:00,EXTR,14.444999694824219,14.444999694824219,14.454999923706055,14.444999694824219,14.454999923706055,981.0
2024-10-25 13:20:00+00:00,FARO,18.125,18.125,18.125,18.125,18.125,481.0
2024-10-25 13:20:00+00:00,FFIV,216.69000244140625,216.69000244140625,216.69000244140625,216.6699981689453,216.6699981689453,1701.0
2024-10-25 13:20:00+00:00,FIVN,29.829999923706055,29.829999923706055,29.84000015258789,29.829999923706055,29.84000015258789,211.0
2024-10-25 13:20:00+00:00,FLEX,35.27000045776367,35.27000045776367,35.279998779296875,35.25,35.26900100708008,7069.0
2024-10-25 13:20:00+00:00,FLYW,17.510000228881836,17.510000228881836,17.520000457763672,17.510000228881836,17.520000457763672,1151.0
2024-10-25 13:20:00+00:00,FROG,29.290000915527344,29.290000915527344,29.34000015258789,29.290000915527344,29.34000015258789,1946.0
2024-10-25 13:20:00+00:00,FRSH,11.645000457763672,11.645000457763672,11.645000457763672,11.630000114440918,11.640000343322754,19193.0
2024-10-25 13:20:00+00:00,FSLR,198.125,198.125,198.27000427246094,198.0386962890625,198.27000427246094,1594.0
2024-10-25 13:20:00+00:00,FTCI,0.6610000133514404,0.6610000133514404,0.6628000140190125,0.6610000133514404,0.6628000140190125,514.0
2024-10-25 13:20:00+00:00,FTNT,80.87999725341797,80.87999725341797,80.91000366210938,80.87999725341797,80.9000015258789,2535.0
2024-10-25 13:20:00+00:00,GCT,24.770000457763672,24.770000457763672,24.809999465942383,24.770000457763672,24.809999465942383,952.0
2024-10-25 13:20:00+00:00,GFS,41.019500732421875,41.019500732421875,41.06999969482422,41.019500732421875,41.06999969482422,2027.0
2024-10-25 13:20:00+00:00,GPRO,1.3396999835968018,1.3396999835968018,1.3396999835968018,1.3396999835968018,1.3396999835968018,130.0
2024-10-25 13:20:00+00:00,GRAB,4.105000019073486,4.105000019073486,4.10830020904541,4.105000019073486,4.105000019073486,17531.0
2024-10-25 13:20:00+00:00,GTLB,55.5099983215332,55.5099983215332,55.5099983215332,55.5099983215332,55.5099983215332,350.0
2024-10-25 13:20:00+00:00,HCP,33.665000915527344,33.665000915527344,33.665000915527344,33.665000915527344,33.665000915527344,1926.0
2024-10-25 13:20:00+00:00,HLIT,14.779999732971191,14.779999732971191,14.789999961853027,14.779999732971191,14.779999732971191,2014.0
2024-10-25 13:20:00+00:00,HOLO,3.6198999881744385,3.6198999881744385,3.619999885559082,3.6089999675750732,3.6089999675750732,4678.0
2024-10-25 13:20:00+00:00,HOOD,27.28499984741211,27.28499984741211,27.309999465942383,27.28499984741211,27.299999237060547,10969.0
2024-10-25 13:20:00+00:00,ICHR,27.700000762939453,27.700000762939453,27.700000762939453,27.700000762939453,27.700000762939453,494.0
2024-10-25 13:20:00+00:00,INDI,3.555000066757202,3.555000066757202,3.559999942779541,3.555000066757202,3.559999942779541,3649.0
2024-10-25 13:20:00+00:00,INFN,6.78000020980835,6.78000020980835,6.78000020980835,6.78000020980835,6.78000020980835,200.0
2024-10-25 13:20:00+00:00,INSG,20.100000381469727,20.100000381469727,20.100000381469727,20.100000381469727,20.100000381469727,624.0
2024-10-25 13:20:00+00:00,INTA,49.983699798583984,49.983699798583984,49.983699798583984,49.983699798583984,49.983699798583984,132.0
2024-10-25 13:20:00+00:00,INTC,23.014999389648438,23.014999389648438,23.065000534057617,23.010299682617188,23.065000534057617,142256.0
2024-10-25 13:20:00+00:00,INTU,610.7000122070312,610.7000122070312,610.7000122070312,610.7000122070312,610.7000122070312,956.0
2024-10-25 13:20:00+00:00,IPGP,77.2300033569336,77.2300033569336,77.2300033569336,77.2300033569336,77.2300033569336,217.0
2024-10-25 13:20:00+00:00,ITRI,102.44000244140625,102.44000244140625,102.44000244140625,102.44000244140625,102.44000244140625,279.0
2024-10-25 13:20:00+00:00,JKHY,182.6300048828125,182.6300048828125,182.75,182.6300048828125,182.75,952.0
2024-10-25 13:20:00+00:00,KC,2.7149999141693115,2.7149999141693115,2.7149999141693115,2.7149999141693115,2.7149999141693115,51.0
2024-10-25 13:20:00+00:00,KLAC,679.5800170898438,679.5800170898438,680.3049926757812,679.5800170898438,680.2849731445312,3482.0
2024-10-25 13:20:00+00:00,KLIC,44.599998474121094,44.599998474121094,44.61000061035156,44.599998474121094,44.61000061035156,344.0
2024-10-25 13:20:00+00:00,LASR,10.40999984741211,10.40999984741211,10.40999984741211,10.40999984741211,10.40999984741211,423.0
2024-10-25 13:20:00+00:00,LINK,4.989999771118164,4.989999771118164,4.989999771118164,4.989999771118164,4.989999771118164,399.0
2024-10-25 13:20:00+00:00,LITE,63.81999969482422,63.81999969482422,63.86000061035156,63.81999969482422,63.86000061035156,1631.0
2024-10-25 13:20:00+00:00,LOGI,80.9749984741211,80.9749984741211,80.9749984741211,80.9749984741211,80.9749984741211,681.0
2024-10-25 13:20:00+00:00,LPSN,1.1649999618530273,1.1649999618530273,1.1649999618530273,1.159999966621399,1.159999966621399,0.0
2024-10-25 13:20:00+00:00,LRCX,78.80999755859375,78.80999755859375,78.91999816894531,78.80000305175781,78.91999816894531,14627.0
2024-10-25 13:20:00+00:00,LSCC,54.459999084472656,54.459999084472656,54.4900016784668,54.459999084472656,54.4900016784668,862.0
2024-10-25 13:20:00+00:00,LUNA,1.8200000524520874,1.8200000524520874,1.8200000524520874,1.8200000524520874,1.8200000524520874,715.0
2024-10-25 13:20:00+00:00,LYFT,13.739999771118164,13.739999771118164,13.755000114440918,13.739999771118164,13.755000114440918,8779.0
2024-10-25 13:20:00+00:00,MAPS,0.8432999849319458,0.8432999849319458,0.8432999849319458,0.8425999879837036,0.8425999879837036,2006.0
2024-10-25 13:20:00+00:00,MCHP,77.16000366210938,77.16000366210938,77.22000122070312,77.16000366210938,77.22000122070312,10579.0
2024-10-25 13:20:00+00:00,MDB,268.5199890136719,268.5199890136719,268.5199890136719,267.6600036621094,267.6600036621094,6395.0
2024-10-25 13:20:00+00:00,MITK,8.760000228881836,8.760000228881836,8.760000228881836,8.760000228881836,8.760000228881836,229.0
2024-10-25 13:20:00+00:00,MKSI,101.37000274658203,101.37000274658203,101.44499969482422,101.37000274658203,101.41000366210938,0.0
2024-10-25 13:20:00+00:00,MNDY,299.3699951171875,299.3699951171875,299.5450134277344,299.3699951171875,299.5450134277344,1312.0
2024-10-25 13:20:00+00:00,MPWR,921.719970703125,921.719970703125,921.719970703125,921.719970703125,921.719970703125,726.0
2024-10-25 13:20:00+00:00,MQ,5.275000095367432,5.275000095367432,5.275000095367432,5.275000095367432,5.275000095367432,1030.0
2024-10-25 13:20:00+00:00,MRVL,82.87000274658203,82.87000274658203,82.9800033569336,82.86000061035156,82.9800033569336,19470.0
2024-10-25 13:20:00+00:00,MSFT,428.9601135253906,428.9601135253906,429.1400146484375,428.92999267578125,429.1099853515625,31061.0
2024-10-25 13:20:00+00:00,MSTR,239.10000610351562,239.10000610351562,240.14999389648438,238.8300018310547,239.9499969482422,64934.0
2024-10-25 13:20:00+00:00,MTSI,120.36000061035156,120.36000061035156,120.53500366210938,120.36000061035156,120.51000213623047,4265.0
2024-10-25 13:20:00+00:00,MTTR,4.614999771118164,4.614999771118164,4.614999771118164,4.614999771118164,4.614999771118164,1842.0
2024-10-25 13:20:00+00:00,MU,108.58689880371094,108.58689880371094,108.69000244140625,108.54000091552734,108.69000244140625,17547.0
2024-10-25 13:20:00+00:00,MVIS,1.0800000429153442,1.0800000429153442,1.0800000429153442,1.0800000429153442,1.0800000429153442,52354.0
2024-10-25 13:20:00+00:00,MXL,14.930000305175781,14.930000305175781,14.979999542236328,14.930000305175781,14.979999542236328,4629.0
2024-10-25 13:20:00+00:00,MYSZ,1.6301000118255615,1.6301000118255615,1.6301000118255615,1.6299999952316284,1.6299999952316284,658.0
2024-10-25 13:20:00+00:00,NCNO,37.790000915527344,37.790000915527344,37.790000915527344,37.790000915527344,37.790000915527344,176.0
2024-10-25 13:20:00+00:00,NNDM,2.325000047683716,2.325000047683716,2.328000068664551,2.315000057220459,2.319999933242798,16822.0
2024-10-25 13:20:00+00:00,NTAP,120.06999969482422,120.06999969482422,120.06999969482422,120.06999969482422,120.06999969482422,690.0
2024-10-25 13:20:00+00:00,NTCT,20.770000457763672,20.770000457763672,20.770000457763672,20.770000457763672,20.770000457763672,576.0
2024-10-25 13:20:00+00:00,NTGR,20.299999237060547,20.299999237060547,20.299999237060547,20.299999237060547,20.299999237060547,547.0
2024-10-25 13:20:00+00:00,NTNX,62.13999938964844,62.13999938964844,62.13999938964844,62.13999938964844,62.13999938964844,562.0
2024-10-25 13:20:00+00:00,NVDA,142.88600158691406,142.88600158691406,143.19000244140625,142.87030029296875,143.17999267578125,922739.0
2024-10-25 13:20:00+00:00,NVEI,33.5099983215332,33.5099983215332,33.5099983215332,33.5099983215332,33.5099983215332,300.0
2024-10-25 13:20:00+00:00,NVTS,2.5947999954223633,2.5947999954223633,2.5950000286102295,2.5947999954223633,2.5950000286102295,793.0
2024-10-25 13:20:00+00:00,NXPI,245.27000427246094,245.27000427246094,245.5399932861328,245.24000549316406,245.5399932861328,3318.0
2024-10-25 13:20:00+00:00,OKTA,72.33000183105469,72.33000183105469,72.3499984741211,72.30999755859375,72.3499984741211,2429.0
2024-10-25 13:20:00+00:00,OLED,204.17999267578125,204.17999267578125,204.577392578125,204.17999267578125,204.577392578125,2924.0
2024-10-25 13:20:00+00:00,ON,71.81999969482422,71.81999969482422,71.98999786376953,71.80999755859375,71.98999786376953,19086.0
2024-10-25 13:20:00+00:00,OSIS,134.49000549316406,134.49000549316406,134.68499755859375,134.49000549316406,134.68499755859375,906.0
2024-10-25 13:20:00+00:00,OSPN,14.609999656677246,14.609999656677246,14.609999656677246,14.609999656677246,14.609999656677246,808.0
2024-10-25 13:20:00+00:00,PANW,368.45001220703125,368.45001220703125,368.5299987792969,368.4200134277344,368.5299987792969,1744.0
2024-10-25 13:20:00+00:00,PAYO,8.28499984741211,8.28499984741211,8.289999961853027,8.28499984741211,8.289999961853027,4375.0
2024-10-25 13:20:00+00:00,PDFS,29.299999237060547,29.299999237060547,29.299999237060547,29.299999237060547,29.299999237060547,184.0
2024-10-25 13:20:00+00:00,PEGA,79.76499938964844,79.76499938964844,79.76499938964844,79.76499938964844,79.76499938964844,365.0
2024-10-25 13:20:00+00:00,PET,0.8130000233650208,0.8130000233650208,0.8130000233650208,0.7910000085830688,0.7910000085830688,300.0
2024-10-25 13:20:00+00:00,PGY,11.859999656677246,11.859999656677246,11.859999656677246,11.859999656677246,11.859999656677246,1304.0
2024-10-25 13:20:00+00:00,PHUN,10.270000457763672,10.270000457763672,10.289999961853027,10.25,10.289999961853027,9635.0
2024-10-25 13:20:00+00:00,PI,202.25999450683594,202.25999450683594,202.25999450683594,202.09500122070312,202.09500122070312,2142.0
2024-10-25 13:20:00+00:00,PLAB,23.709999084472656,23.709999084472656,23.709999084472656,23.700000762939453,23.700000762939453,640.0
2024-10-25 13:20:00+00:00,PTC,186.4499969482422,186.4499969482422,186.4499969482422,186.4499969482422,186.4499969482422,644.0
2024-10-25 13:20:00+00:00,QCOM,172.11000061035156,172.11000061035156,172.3000030517578,172.11000061035156,172.3000030517578,6178.0
2024-10-25 13:20:00+00:00,QH,1.3799999952316284,1.3799999952316284,1.3799999952316284,1.3799999952316284,1.3799999952316284,434.0
2024-10-25 13:20:00+00:00,QLYS,119.94000244140625,119.94000244140625,119.94999694824219,119.94000244140625,119.94999694824219,1378.0
2024-10-25 13:20:00+00:00,QRVO,100.43000030517578,100.43000030517578,100.5,100.43000030517578,100.4800033569336,2451.0
2024-10-25 13:20:00+00:00,QUBT,1.0750000476837158,1.0750000476837158,1.0800000429153442,1.0705000162124634,1.0705000162124634,13207.0
2024-10-25 13:20:00+00:00,RCAT,2.765000104904175,2.765000104904175,2.765000104904175,2.765000104904175,2.765000104904175,300.0
2024-10-25 13:20:00+00:00,REKR,1.0950000286102295,1.0950000286102295,1.0950000286102295,1.090499997138977,1.090499997138977,4514.0
2024-10-25 13:20:00+00:00,RELL,14.020000457763672,14.020000457763672,14.020000457763672,14.020000457763672,14.020000457763672,878.0
2024-10-25 13:20:00+00:00,RELY,14.84000015258789,14.84000015258789,14.850000381469727,14.84000015258789,14.84000015258789,3310.0
2024-10-25 13:20:00+00:00,RGTI,1.225000023841858,1.225000023841858,1.225000023841858,1.2200000286102295,1.225000023841858,2517.0
2024-10-25 13:20:00+00:00,RIOT,9.96500015258789,9.96500015258789,9.996000289916992,9.960000038146973,9.994999885559082,49285.0
2024-10-25 13:20:00+00:00,RMBS,43.560001373291016,43.560001373291016,43.59000015258789,43.529998779296875,43.56999969482422,3131.0
2024-10-25 13:20:00+00:00,RPAY,7.599999904632568,7.599999904632568,7.599999904632568,7.599999904632568,7.599999904632568,533.0
2024-10-25 13:20:00+00:00,RUM,5.707600116729736,5.707600116729736,5.707600116729736,5.699999809265137,5.704999923706055,1233.0
2024-10-25 13:20:00+00:00,RUN,14.305000305175781,14.305000305175781,14.326000213623047,14.301799774169922,14.326000213623047,12591.0
2024-10-25 13:20:00+00:00,RXT,2.5299999713897705,2.5299999713897705,2.5299999713897705,2.5299999713897705,2.5299999713897705,217.0
2024-10-25 13:20:00+00:00,SANM,67.58999633789062,67.58999633789062,67.58999633789062,67.56999969482422,67.56999969482422,1261.0
2024-10-25 13:20:00+00:00,SATS,25.079999923706055,25.079999923706055,25.079999923706055,25.079999923706055,25.079999923706055,574.0
2024-10-25 13:20:00+00:00,SEDG,15.914999961853027,15.914999961853027,15.9483003616333,15.914999961853027,15.945799827575684,3055.0
2024-10-25 13:20:00+00:00,SHLS,5.239999771118164,5.239999771118164,5.240099906921387,5.239999771118164,5.239999771118164,5501.0
2024-10-25 13:20:00+00:00,SLAB,114.91999816894531,114.91999816894531,114.91999816894531,114.91999816894531,114.91999816894531,3091.0
2024-10-25 13:20:00+00:00,SLNH,4.010000228881836,4.010000228881836,4.010000228881836,4.0,4.0,509.0
2024-10-25 13:20:00+00:00,SMCI,47.33000183105469,47.33000183105469,47.392601013183594,47.310001373291016,47.392601013183594,54642.0
2024-10-25 13:20:00+00:00,SMTC,45.904998779296875,45.904998779296875,45.959999084472656,45.904998779296875,45.959999084472656,834.0
2024-10-25 13:20:00+00:00,SNPS,504.1650085449219,504.1650085449219,504.4100036621094,503.8500061035156,504.2550048828125,1315.0
2024-10-25 13:20:00+00:00,SONO,12.800000190734863,12.800000190734863,12.8100004196167,12.795000076293945,12.8100004196167,15786.0
2024-10-25 13:20:00+00:00,SOUN,5.215000152587891,5.215000152587891,5.230000019073486,5.210000038146973,5.230000019073486,43708.0
2024-10-25 13:20:00+00:00,SOUNW,1.8899999856948853,1.8899999856948853,1.8899999856948853,1.8899999856948853,1.8899999856948853,505.0
2024-10-25 13:20:00+00:00,SPSC,173.94000244140625,173.94000244140625,173.94000244140625,173.92999267578125,173.92999267578125,304.0
2024-10-25 13:20:00+00:00,SSNC,69.69999694824219,69.69999694824219,69.70999908447266,69.62000274658203,69.63500213623047,6040.0
2024-10-25 13:20:00+00:00,STNE,11.505000114440918,11.505000114440918,11.505000114440918,11.490099906921387,11.490099906921387,40471.0
2024-10-25 13:20:00+00:00,STX,104.13999938964844,104.13999938964844,104.13999938964844,104.09500122070312,104.09500122070312,1402.0
2024-10-25 13:20:00+00:00,SWKS,96.62999725341797,96.62999725341797,96.67500305175781,96.61000061035156,96.66999816894531,2166.0
2024-10-25 13:20:00+00:00,SYNA,73.34500122070312,73.34500122070312,73.34500122070312,73.30000305175781,73.30000305175781,1904.0
2024-10-25 13:20:00+00:00,TASK,11.970000267028809,11.970000267028809,11.970000267028809,11.970000267028809,11.970000267028809,413.0
2024-10-25 13:20:00+00:00,TEAM,190.22000122070312,190.22000122070312,190.27999877929688,190.1699981689453,190.27999877929688,1257.0
2024-10-25 13:20:00+00:00,TENB,41.720001220703125,41.720001220703125,41.720001220703125,41.66999816894531,41.709999084472656,805.0
2024-10-25 13:20:00+00:00,TER,113.01000213623047,113.01000213623047,113.0999984741211,113.0,113.0999984741211,11242.0
2024-10-25 13:20:00+00:00,TLS,3.640000104904175,3.640000104904175,3.640000104904175,3.640000104904175,3.640000104904175,1143.0
2024-10-25 13:20:00+00:00,TRMB,61.04999923706055,61.04999923706055,61.04999923706055,61.025001525878906,61.025001525878906,1802.0
2024-10-25 13:20:00+00:00,TSEM,45.16999816894531,45.16999816894531,45.16999816894531,45.16999816894531,45.16999816894531,831.0
2024-10-25 13:20:00+00:00,TTD,118.80000305175781,118.80000305175781,118.94999694824219,118.80000305175781,118.94999694824219,4048.0
2024-10-25 13:20:00+00:00,TTEC,5.380000114440918,5.380000114440918,5.380000114440918,5.380000114440918,5.380000114440918,150.0
2024-10-25 13:20:00+00:00,TTMI,19.520000457763672,19.520000457763672,19.520000457763672,19.510000228881836,19.514999389648438,2238.0
2024-10-25 13:20:00+00:00,TWKS,4.449999809265137,4.449999809265137,4.449999809265137,4.449999809265137,4.449999809265137,1961.0
2024-10-25 13:20:00+00:00,TXN,208.82000732421875,208.82000732421875,208.95660400390625,208.82000732421875,208.8699951171875,10253.0
2024-10-25 13:20:00+00:00,UCTT,35.86000061035156,35.86000061035156,35.880001068115234,35.86000061035156,35.880001068115234,797.0
2024-10-25 13:20:00+00:00,VECO,29.469999313354492,29.469999313354492,29.479999542236328,29.469999313354492,29.479999542236328,1634.0
2024-10-25 13:20:00+00:00,VERI,3.4200000762939453,3.4200000762939453,3.430000066757202,3.4200000762939453,3.430000066757202,1973.0
2024-10-25 13:20:00+00:00,VERX,41.994998931884766,41.994998931884766,42.0,41.994998931884766,42.0,757.0
2024-10-25 13:20:00+00:00,VIAV,9.25,9.25,9.25,9.25,9.25,186.0
2024-10-25 13:20:00+00:00,VICR,46.630001068115234,46.630001068115234,46.630001068115234,46.560001373291016,46.560001373291016,2957.0
2024-10-25 13:20:00+00:00,VMEO,4.769999980926514,4.769999980926514,4.769999980926514,4.760000228881836,4.760000228881836,7921.0
2024-10-25 13:20:00+00:00,VNET,3.424999952316284,3.424999952316284,3.424999952316284,3.424999952316284,3.424999952316284,553.0
2024-10-25 13:20:00+00:00,VRNS,56.97999954223633,56.97999954223633,57.08000183105469,56.97999954223633,57.040000915527344,2300.0
2024-10-25 13:20:00+00:00,VRNT,22.170000076293945,22.170000076293945,22.170000076293945,22.149999618530273,22.149999618530273,621.0
2024-10-25 13:20:00+00:00,VRSN,184.5800018310547,184.5800018310547,184.5800018310547,184.5800018310547,184.5800018310547,369.0
2024-10-25 13:20:00+00:00,VSAT,10.324999809265137,10.324999809265137,10.335000038146973,10.324999809265137,10.335000038146973,1122.0
2024-10-25 13:20:00+00:00,WDC,70.66000366210938,70.66000366210938,70.7699966430664,70.6500015258789,70.7699966430664,57863.0
2024-10-25 13:20:00+00:00,WISA,1.910099983215332,1.910099983215332,1.9119999408721924,1.909999966621399,1.9119999408721924,3987.0
2024-10-25 13:20:00+00:00,WRAP,1.809999942779541,1.809999942779541,1.809999942779541,1.809999942779541,1.809999942779541,1736.0
2024-10-25 13:20:00+00:00,XPER,9.420000076293945,9.420000076293945,9.425000190734863,9.420000076293945,9.425000190734863,935.0
2024-10-25 13:20:00+00:00,XRX,10.045000076293945,10.045000076293945,10.050000190734863,10.029999732971191,10.050000190734863,8954.0
2024-10-25 13:20:00+00:00,ZBRA,361.30999755859375,361.30999755859375,361.45001220703125,361.30999755859375,361.45001220703125,1288.0
2024-10-25 13:20:00+00:00,ZI,10.529999732971191,10.529999732971191,10.529999732971191,10.529999732971191,10.529999732971191,1498.0
2024-10-25 13:20:00+00:00,ZM,73.08200073242188,73.08200073242188,73.08999633789062,73.08200073242188,73.08999633789062,908.0
2024-10-25 13:20:00+00:00,ZS,185.2899932861328,185.2899932861328,185.4080047607422,185.2899932861328,185.39999389648438,2504.0
2024-10-25 13:21:00+00:00,AAOI,17.713300704956055,17.713300704956055,17.719999313354492,17.713300704956055,17.719999313354492,555.0
2024-10-25 13:21:00+00:00,AAPL,231.74000549316406,231.74000549316406,231.82420349121094,231.52999877929688,231.80999755859375,93896.0
2024-10-25 13:21:00+00:00,ACIW,48.580101013183594,48.580101013183594,48.630001068115234,48.57720184326172,48.61000061035156,2528.0
2024-10-25 13:21:00+00:00,ACLS,90.23999786376953,90.23999786376953,90.31999969482422,90.23999786376953,90.26000213623047,1562.0
2024-10-25 13:21:00+00:00,ACMR,19.739999771118164,19.739999771118164,19.780000686645508,19.739999771118164,19.780000686645508,7652.0
2024-10-25 13:21:00+00:00,ADBE,484.19500732421875,484.19500732421875,484.5199890136719,484.19500732421875,484.5199890136719,2973.0
2024-10-25 13:21:00+00:00,ADI,232.96400451660156,232.96400451660156,233.19000244140625,232.96400451660156,233.19000244140625,1971.0
2024-10-25 13:21:00+00:00,ADSK,286.19500732421875,286.19500732421875,286.3699951171875,286.19500732421875,286.3699951171875,1623.0
2024-10-25 13:21:00+00:00,AEHR,17.059999465942383,17.059999465942383,17.059999465942383,17.059999465942383,17.059999465942383,767.0
2024-10-25 13:21:00+00:00,AFRM,41.54999923706055,41.54999923706055,41.599998474121094,41.529998779296875,41.599998474121094,11410.0
2024-10-25 13:21:00+00:00,AGYS,111.37000274658203,111.37000274658203,111.37000274658203,111.37000274658203,111.37000274658203,212.0
2024-10-25 13:21:00+00:00,AIP,6.909999847412109,6.909999847412109,6.909999847412109,6.909999847412109,6.909999847412109,177.0
2024-10-25 13:21:00+00:00,AKAM,102.29499816894531,102.29499816894531,102.33999633789062,102.29000091552734,102.33999633789062,818.0
2024-10-25 13:21:00+00:00,AKTS,0.05739999935030937,0.05739999935030937,0.05739999935030937,0.05739999935030937,0.05739999935030937,0.0
2024-10-25 13:21:00+00:00,ALGM,22.959999084472656,22.959999084472656,23.010000228881836,22.940000534057617,23.010000228881836,5641.0
2024-10-25 13:21:00+00:00,ALKT,38.064998626708984,38.064998626708984,38.064998626708984,38.064998626708984,38.064998626708984,460.0
2024-10-25 13:21:00+00:00,ALLT,3.434999942779541,3.434999942779541,3.434999942779541,3.4200000762939453,3.4200000762939453,414.0
2024-10-25 13:21:00+00:00,ALTR,103.66999816894531,103.66999816894531,103.66999816894531,103.66999816894531,103.66999816894531,272.0
2024-10-25 13:21:00+00:00,AMAT,187.89500427246094,187.89500427246094,188.1999969482422,187.8699951171875,188.13999938964844,9891.0
2024-10-25 13:21:00+00:00,AMBA,58.31999969482422,58.31999969482422,58.31999969482422,58.310001373291016,58.310001373291016,1219.0
2024-10-25 13:21:00+00:00,AMD,157.08990478515625,157.08990478515625,157.28990173339844,157.03500366210938,157.26119995117188,102712.0
2024-10-25 13:21:00+00:00,AMKR,29.950000762939453,29.950000762939453,29.969999313354492,29.950000762939453,29.969999313354492,577.0
2024-10-25 13:21:00+00:00,AOSL,36.5099983215332,36.5099983215332,36.5099983215332,36.5099983215332,36.5099983215332,394.0
2024-10-25 13:21:00+00:00,API,2.950000047683716,2.950000047683716,2.950000047683716,2.944999933242798,2.944999933242798,1407.0
2024-10-25 13:21:00+00:00,APP,160.60000610351562,160.60000610351562,160.72079467773438,160.39999389648438,160.72079467773438,4130.0
2024-10-25 13:21:00+00:00,APPF,213.19000244140625,213.19000244140625,213.19000244140625,213.19000244140625,213.19000244140625,482.0
2024-10-25 13:21:00+00:00,APPN,31.934999465942383,31.934999465942383,31.934999465942383,31.934999465942383,31.934999465942383,110.0
2024-10-25 13:21:00+00:00,APPS,3.065000057220459,3.065000057220459,3.069999933242798,3.065000057220459,3.069999933242798,3575.0
2024-10-25 13:21:00+00:00,ARRY,6.360000133514404,6.360000133514404,6.369999885559082,6.360000133514404,6.369999885559082,7394.0
2024-10-25 13:21:00+00:00,ASML,715.9849853515625,715.9849853515625,717.0,715.8350219726562,717.0,5728.0
2024-10-25 13:21:00+00:00,ATOM,3.359999895095825,3.359999895095825,3.359999895095825,3.359999895095825,3.359999895095825,209.0
2024-10-25 13:21:00+00:00,AUR,6.440000057220459,6.440000057220459,6.445000171661377,6.440000057220459,6.445000171661377,12078.0
2024-10-25 13:21:00+00:00,AUUD,0.6299999952316284,0.6299999952316284,0.6299999952316284,0.6299999952316284,0.6299999952316284,410.0
2024-10-25 13:21:00+00:00,AVGO,174.77999877929688,174.77999877929688,175.10000610351562,174.7100067138672,175.0800018310547,30879.0
2024-10-25 13:21:00+00:00,AVT,53.900001525878906,53.900001525878906,53.900001525878906,53.8849983215332,53.8849983215332,1175.0
2024-10-25 13:21:00+00:00,BELFB,79.25,79.25,79.25,79.25,79.25,155.0
2024-10-25 13:21:00+00:00,BIGC,5.309999942779541,5.309999942779541,5.315000057220459,5.309999942779541,5.315000057220459,3870.0
2024-10-25 13:21:00+00:00,BLKB,85.91000366210938,85.91000366210938,86.0199966430664,85.91000366210938,86.0199966430664,3858.0
2024-10-25 13:21:00+00:00,BMBL,7.135000228881836,7.135000228881836,7.15500020980835,7.135000228881836,7.15500020980835,3047.0
2024-10-25 13:21:00+00:00,BSY,49.060001373291016,49.060001373291016,49.08639907836914,49.04600143432617,49.08639907836914,1669.0
2024-10-25 13:21:00+00:00,CAN,0.9811000227928162,0.9811000227928162,0.9811000227928162,0.9811000227928162,0.9811000227928162,2394.0
2024-10-25 13:21:00+00:00,CDNS,258.7799987792969,258.7799987792969,259.07000732421875,258.7799987792969,259.07000732421875,2116.0
2024-10-25 13:21:00+00:00,CDW,219.3000030517578,219.3000030517578,219.32000732421875,219.3000030517578,219.32000732421875,1024.0
2024-10-25 13:21:00+00:00,CEVA,24.200000762939453,24.200000762939453,24.200000762939453,24.200000762939453,24.200000762939453,939.0
2024-10-25 13:21:00+00:00,CFLT,22.600000381469727,22.600000381469727,22.6299991607666,22.600000381469727,22.6299991607666,5071.0
2024-10-25 13:21:00+00:00,CGNX,38.834999084472656,38.834999084472656,38.86000061035156,38.83000183105469,38.86000061035156,2244.0
2024-10-25 13:21:00+00:00,CHKP,206.4199981689453,206.4199981689453,206.5800018310547,206.4199981689453,206.5800018310547,963.0
2024-10-25 13:21:00+00:00,CLFD,36.43000030517578,36.43000030517578,36.45000076293945,36.43000030517578,36.45000076293945,402.0
2024-10-25 13:21:00+00:00,CLSK,11.850000381469727,11.850000381469727,11.875,11.830599784851074,11.875,46137.0
2024-10-25 13:21:00+00:00,CNXC,44.630001068115234,44.630001068115234,44.630001068115234,44.630001068115234,44.630001068115234,390.0
2024-10-25 13:21:00+00:00,COHR,95.5082015991211,95.5082015991211,95.58000183105469,95.44000244140625,95.58000183105469,1805.0
2024-10-25 13:21:00+00:00,COHU,26.239999771118164,26.239999771118164,26.239999771118164,26.239999771118164,26.239999771118164,461.0
2024-10-25 13:21:00+00:00,COIN,210.40499877929688,210.40499877929688,211.32000732421875,210.2100067138672,211.0,37096.0
2024-10-25 13:21:00+00:00,COMM,6.284999847412109,6.284999847412109,6.284999847412109,6.275000095367432,6.28000020980835,12624.0
2024-10-25 13:21:00+00:00,CORZ,13.329999923706055,13.329999923706055,13.375,13.324999809265137,13.369999885559082,13758.0
2024-10-25 13:21:00+00:00,CORZW,7.800000190734863,7.800000190734863,7.824999809265137,7.789999961853027,7.800000190734863,6181.0
2024-10-25 13:21:00+00:00,CRCT,6.605000019073486,6.605000019073486,6.614999771118164,6.605000019073486,6.614999771118164,1513.0
2024-10-25 13:21:00+00:00,CRDO,39.36000061035156,39.36000061035156,39.47999954223633,39.36000061035156,39.47999954223633,2881.0
2024-10-25 13:21:00+00:00,CRNC,2.9000000953674316,2.9000000953674316,2.9100000858306885,2.9000000953674316,2.9000000953674316,12793.0
2024-10-25 13:21:00+00:00,CRNT,2.4649999141693115,2.4649999141693115,2.4649999141693115,2.4649999141693115,2.4649999141693115,6014.0
2024-10-25 13:21:00+00:00,CRSR,6.360000133514404,6.360000133514404,6.360000133514404,6.360000133514404,6.360000133514404,356.0
2024-10-25 13:21:00+00:00,CRUS,123.13999938964844,123.13999938964844,123.23999786376953,123.13999938964844,123.23999786376953,894.0
2024-10-25 13:21:00+00:00,CRWD,300.7349853515625,300.7349853515625,301.3800048828125,300.5400085449219,301.3800048828125,13783.0
2024-10-25 13:21:00+00:00,CSCO,55.86000061035156,55.86000061035156,55.867000579833984,55.83000183105469,55.86000061035156,24452.0
2024-10-25 13:21:00+00:00,CSGS,47.4900016784668,47.4900016784668,47.4900016784668,47.45000076293945,47.45000076293945,668.0
2024-10-25 13:21:00+00:00,CSIQ,13.619999885559082,13.619999885559082,13.619999885559082,13.596699714660645,13.600000381469727,2470.0
2024-10-25 13:21:00+00:00,CTLP,8.880000114440918,8.880000114440918,8.880000114440918,8.880000114440918,8.880000114440918,932.0
2024-10-25 13:21:00+00:00,CTSH,74.73999786376953,74.73999786376953,74.7699966430664,74.73500061035156,74.7699966430664,2192.0
2024-10-25 13:21:00+00:00,CVLT,134.64500427246094,134.64500427246094,134.64500427246094,134.64500427246094,134.64500427246094,200.0
2024-10-25 13:21:00+00:00,DAKT,12.989999771118164,12.989999771118164,13.020000457763672,12.989999771118164,13.020000457763672,1498.0
2024-10-25 13:21:00+00:00,DATS,1.6319999694824219,1.6319999694824219,1.6319999694824219,1.6299999952316284,1.6308000087738037,10975.0
2024-10-25 13:21:00+00:00,DAVE,39.38999938964844,39.38999938964844,39.38999938964844,39.380001068115234,39.380001068115234,275.0
2024-10-25 13:21:00+00:00,DBX,25.975000381469727,25.975000381469727,25.985000610351562,25.96500015258789,25.985000610351562,10980.0
2024-10-25 13:21:00+00:00,DCBO,45.875,45.875,45.875,45.875,45.875,414.0
2024-10-25 13:21:00+00:00,DDOG,127.18000030517578,127.18000030517578,127.29910278320312,127.17500305175781,127.2699966430664,8993.0
2024-10-25 13:21:00+00:00,DGII,30.68000030517578,30.68000030517578,30.68000030517578,30.65999984741211,30.65999984741211,388.0
2024-10-25 13:21:00+00:00,DIOD,66.30000305175781,66.30000305175781,66.30500030517578,66.30000305175781,66.30500030517578,1372.0
2024-10-25 13:21:00+00:00,DJCO,486.4679870605469,486.4679870605469,486.4679870605469,486.4679870605469,486.4679870605469,189.0
2024-10-25 13:21:00+00:00,DLO,8.875,8.875,8.885000228881836,8.875,8.885000228881836,2766.0
2024-10-25 13:21:00+00:00,DOCU,69.69999694824219,69.69999694824219,69.85810089111328,69.69519805908203,69.77999877929688,40593.0
2024-10-25 13:21:00+00:00,DTSS,2.4700000286102295,2.4700000286102295,2.4700000286102295,2.4700000286102295,2.4700000286102295,143.0
2024-10-25 13:21:00+00:00,DUOL,289.79998779296875,289.79998779296875,290.37359619140625,289.79998779296875,290.37359619140625,1056.0
2024-10-25 13:21:00+00:00,EEFT,99.1500015258789,99.1500015258789,99.1500015258789,99.1500015258789,99.1500015258789,260.0
2024-10-25 13:21:00+00:00,EGAN,4.75,4.75,4.75,4.75,4.75,477.0
2024-10-25 13:21:00+00:00,ENPH,82.78900146484375,82.78900146484375,82.93000030517578,82.75489807128906,82.90499877929688,24085.0
2024-10-25 13:21:00+00:00,ENTG,105.71499633789062,105.71499633789062,105.72000122070312,105.70999908447266,105.70999908447266,2138.0
2024-10-25 13:21:00+00:00,ERIC,8.454999923706055,8.454999923706055,8.454999923706055,8.449999809265137,8.449999809265137,32884.0
2024-10-25 13:21:00+00:00,EXFY,1.725000023841858,1.725000023841858,1.725000023841858,1.725000023841858,1.725000023841858,303.0
2024-10-25 13:21:00+00:00,EXLS,38.7599983215332,38.7599983215332,38.779998779296875,38.7599983215332,38.779998779296875,572.0
2024-10-25 13:21:00+00:00,EXTR,14.4399995803833,14.4399995803833,14.4399995803833,14.4399995803833,14.4399995803833,684.0
2024-10-25 13:21:00+00:00,FFIV,216.41000366210938,216.41000366210938,216.5399932861328,216.41000366210938,216.5399932861328,2654.0
2024-10-25 13:21:00+00:00,FIVN,29.829999923706055,29.829999923706055,29.829999923706055,29.809999465942383,29.829999923706055,2081.0
2024-10-25 13:21:00+00:00,FLEX,35.20000076293945,35.20000076293945,35.27000045776367,35.18000030517578,35.27000045776367,6421.0
2024-10-25 13:21:00+00:00,FORM,45.099998474121094,45.099998474121094,45.099998474121094,45.099998474121094,45.099998474121094,1498.0
2024-10-25 13:21:00+00:00,FROG,29.28499984741211,29.28499984741211,29.295000076293945,29.28499984741211,29.290000915527344,1684.0
2024-10-25 13:21:00+00:00,FRSH,11.645000457763672,11.645000457763672,11.654999732971191,11.637499809265137,11.640000343322754,8643.0
2024-10-25 13:21:00+00:00,FSLR,198.0,198.0,198.0,198.0,198.0,4914.0
2024-10-25 13:21:00+00:00,FTCI,0.6610000133514404,0.6610000133514404,0.6610000133514404,0.6610000133514404,0.6610000133514404,1000.0
2024-10-25 13:21:00+00:00,FTNT,80.8499984741211,80.8499984741211,80.87000274658203,80.80999755859375,80.87000274658203,3634.0
2024-10-25 13:21:00+00:00,GCT,24.735000610351562,24.735000610351562,24.735000610351562,24.710599899291992,24.710599899291992,457.0
2024-10-25 13:21:00+00:00,GDS,21.485000610351562,21.485000610351562,21.485000610351562,21.485000610351562,21.485000610351562,493.0
2024-10-25 13:21:00+00:00,GDYN,15.520000457763672,15.520000457763672,15.539999961853027,15.520000457763672,15.539999961853027,1319.0
2024-10-25 13:21:00+00:00,GFS,40.959999084472656,40.959999084472656,41.0,40.959999084472656,41.0,5989.0
2024-10-25 13:21:00+00:00,GILT,4.940000057220459,4.940000057220459,4.945000171661377,4.940000057220459,4.945000171661377,646.0
2024-10-25 13:21:00+00:00,GPRO,1.3350000381469727,1.3350000381469727,1.3350000381469727,1.3300000429153442,1.3350000381469727,8707.0
2024-10-25 13:21:00+00:00,GRAB,4.105000019073486,4.105000019073486,4.110000133514404,4.099999904632568,4.105000019073486,67075.0
2024-10-25 13:21:00+00:00,GSIT,3.424999952316284,3.424999952316284,3.424999952316284,3.424999952316284,3.424999952316284,105.0
2024-10-25 13:21:00+00:00,GTLB,55.41590118408203,55.41590118408203,55.47999954223633,55.41590118408203,55.47999954223633,977.0
2024-10-25 13:21:00+00:00,HCP,33.665000915527344,33.665000915527344,33.66999816894531,33.665000915527344,33.665000915527344,3619.0
2024-10-25 13:21:00+00:00,HEAR,16.5,16.5,16.520000457763672,16.5,16.520000457763672,2399.0
2024-10-25 13:21:00+00:00,HIMX,6.184999942779541,6.184999942779541,6.184999942779541,6.184999942779541,6.184999942779541,295.0
2024-10-25 13:21:00+00:00,HLIT,14.800000190734863,14.800000190734863,14.800000190734863,14.789999961853027,14.789999961853027,1454.0
2024-10-25 13:21:00+00:00,HOLO,3.5950000286102295,3.5950000286102295,3.5999999046325684,3.5899999141693115,3.5999999046325684,9786.0
2024-10-25 13:21:00+00:00,HOOD,27.239999771118164,27.239999771118164,27.280000686645508,27.209999084472656,27.280000686645508,67929.0
2024-10-25 13:21:00+00:00,HTCR,1.0501999855041504,1.0501999855041504,1.0501999855041504,1.0501999855041504,1.0501999855041504,5600.0
2024-10-25 13:21:00+00:00,IBEX,18.059999465942383,18.059999465942383,18.059999465942383,18.059999465942383,18.059999465942383,207.0
2024-10-25 13:21:00+00:00,IMMR,8.710000038146973,8.710000038146973,8.710000038146973,8.710000038146973,8.710000038146973,1138.0
2024-10-25 13:21:00+00:00,INDI,3.541100025177002,3.541100025177002,3.555000066757202,3.541100025177002,3.555000066757202,16652.0
2024-10-25 13:21:00+00:00,INFN,6.789999961853027,6.789999961853027,6.789999961853027,6.789999961853027,6.789999961853027,200.0
2024-10-25 13:21:00+00:00,INOD,20.209999084472656,20.209999084472656,20.209999084472656,20.209999084472656,20.209999084472656,447.0
2024-10-25 13:21:00+00:00,INTA,49.98500061035156,49.98500061035156,49.98500061035156,49.98500061035156,49.98500061035156,769.0
2024-10-25 13:21:00+00:00,INTC,22.989999771118164,22.989999771118164,23.014999389648438,22.969999313354492,23.014999389648438,232427.0
2024-10-25 13:21:00+00:00,INTU,610.1599731445312,610.1599731445312,610.3350219726562,610.1599731445312,610.3350219726562,1698.0
2024-10-25 13:21:00+00:00,IPGP,77.31999969482422,77.31999969482422,77.31999969482422,77.30500030517578,77.31999969482422,768.0
2024-10-25 13:21:00+00:00,ITRI,102.47000122070312,102.47000122070312,102.47000122070312,102.47000122070312,102.47000122070312,809.0
2024-10-25 13:21:00+00:00,KC,2.7149999141693115,2.7149999141693115,2.7149999141693115,2.7100000381469727,2.7100000381469727,2084.0
2024-10-25 13:21:00+00:00,KLAC,678.010009765625,678.010009765625,679.0,678.010009765625,679.0,2130.0
2024-10-25 13:21:00+00:00,KLIC,44.59000015258789,44.59000015258789,44.599998474121094,44.59000015258789,44.599998474121094,690.0
2024-10-25 13:21:00+00:00,LINK,4.906499862670898,4.906499862670898,4.906499862670898,4.906499862670898,4.906499862670898,130.0
2024-10-25 13:21:00+00:00,LITE,63.7599983215332,63.7599983215332,63.80500030517578,63.7599983215332,63.80500030517578,1403.0
2024-10-25 13:21:00+00:00,LOGI,80.88999938964844,80.88999938964844,80.88999938964844,80.88999938964844,80.88999938964844,833.0
2024-10-25 13:21:00+00:00,LPSN,1.1646000146865845,1.1646000146865845,1.1649999618530273,1.159999966621399,1.1649999618530273,5473.0
2024-10-25 13:21:00+00:00,LRCX,78.77999877929688,78.77999877929688,78.80999755859375,78.70010375976562,78.80000305175781,31814.0
2024-10-25 13:21:00+00:00,LSCC,54.38999938964844,54.38999938964844,54.38999938964844,54.349998474121094,54.349998474121094,4328.0
2024-10-25 13:21:00+00:00,LTRX,4.039999961853027,4.039999961853027,4.039999961853027,4.039999961853027,4.039999961853027,391.0
2024-10-25 13:21:00+00:00,LYFT,13.725000381469727,13.725000381469727,13.739999771118164,13.71500015258789,13.739999771118164,24402.0
2024-10-25 13:21:00+00:00,MANH,275.1600036621094,275.1600036621094,275.5199890136719,275.1600036621094,275.5199890136719,923.0
2024-10-25 13:21:00+00:00,MAXN,5.574999809265137,5.574999809265137,5.574999809265137,5.574999809265137,5.574999809265137,863.0
2024-10-25 13:21:00+00:00,MCHP,77.02999877929688,77.02999877929688,77.13999938964844,77.02999877929688,77.12999725341797,9178.0
2024-10-25 13:21:00+00:00,MDB,268.1400146484375,268.1400146484375,268.1400146484375,268.1400146484375,268.1400146484375,907.0
2024-10-25 13:21:00+00:00,MIND,3.5355000495910645,3.5355000495910645,3.5355000495910645,3.5355000495910645,3.5355000495910645,307.0
2024-10-25 13:21:00+00:00,MITK,8.770000457763672,8.770000457763672,8.770000457763672,8.760000228881836,8.760000228881836,373.0
2024-10-25 13:21:00+00:00,MKSI,101.18000030517578,101.18000030517578,101.41000366210938,101.16999816894531,101.37000274658203,6270.0
2024-10-25 13:21:00+00:00,MNDY,299.3800048828125,299.3800048828125,299.54998779296875,299.3800048828125,299.54998779296875,1139.0
2024-10-25 13:21:00+00:00,MPWR,920.6199951171875,920.6199951171875,920.6199951171875,919.0850219726562,920.0,1935.0
2024-10-25 13:21:00+00:00,MQ,5.269999980926514,5.269999980926514,5.275000095367432,5.269999980926514,5.269999980926514,2702.0
2024-10-25 13:21:00+00:00,MRVL,82.78500366210938,82.78500366210938,82.87000274658203,82.7699966430664,82.86000061035156,20170.0
2024-10-25 13:21:00+00:00,MSFT,428.5671081542969,428.5671081542969,428.8999938964844,428.4100036621094,428.8800048828125,30164.0
2024-10-25 13:21:00+00:00,MSTR,239.11770629882812,239.11770629882812,239.41000366210938,238.5,239.22000122070312,79922.0
2024-10-25 13:21:00+00:00,MTLS,5.960000038146973,5.960000038146973,5.960000038146973,5.960000038146973,5.960000038146973,198.0
2024-10-25 13:21:00+00:00,MTSI,120.47000122070312,120.47000122070312,120.4749984741211,120.33000183105469,120.33000183105469,10379.0
2024-10-25 13:21:00+00:00,MTTR,4.614999771118164,4.614999771118164,4.614999771118164,4.614999771118164,4.614999771118164,2091.0
2024-10-25 13:21:00+00:00,MU,108.47000122070312,108.47000122070312,108.57949829101562,108.43000030517578,108.55000305175781,35779.0
2024-10-25 13:21:00+00:00,MVIS,1.0700000524520874,1.0700000524520874,1.0700000524520874,1.0700000524520874,1.0700000524520874,694.0
2024-10-25 13:21:00+00:00,MXL,14.880000114440918,14.880000114440918,14.914999961853027,14.869999885559082,14.914999961853027,1454.0
2024-10-25 13:21:00+00:00,NCNO,37.7400016784668,37.7400016784668,37.790000915527344,37.7400016784668,37.790000915527344,5017.0
2024-10-25 13:21:00+00:00,NICE,176.3699951171875,176.3699951171875,176.41000366210938,176.3699951171875,176.38999938964844,1294.0
2024-10-25 13:21:00+00:00,NNDM,2.3280999660491943,2.3280999660491943,2.3280999660491943,2.322000026702881,2.325000047683716,541.0
2024-10-25 13:21:00+00:00,NTAP,119.87000274658203,119.87000274658203,119.95999908447266,119.87000274658203,119.95999908447266,2622.0
2024-10-25 13:21:00+00:00,NTCT,20.760000228881836,20.760000228881836,20.760000228881836,20.760000228881836,20.760000228881836,1592.0
2024-10-25 13:21:00+00:00,NTGR,20.260000228881836,20.260000228881836,20.280000686645508,20.260000228881836,20.280000686645508,955.0
2024-10-25 13:21:00+00:00,NVDA,142.63400268554688,142.63400268554688,142.88999938964844,142.57000732421875,142.88499450683594,970278.0
2024-10-25 13:21:00+00:00,NVEI,33.51499938964844,33.51499938964844,33.51499938964844,33.51499938964844,33.51499938964844,200.0
2024-10-25 13:21:00+00:00,NVMI,184.77499389648438,184.77499389648438,184.77499389648438,184.77499389648438,184.77499389648438,972.0
2024-10-25 13:21:00+00:00,NVTS,2.5850000381469727,2.5850000381469727,2.5899999141693115,2.5850000381469727,2.5899999141693115,3450.0
2024-10-25 13:21:00+00:00,NXPI,244.88999938964844,244.88999938964844,245.26499938964844,244.88999938964844,245.26499938964844,2233.0
2024-10-25 13:21:00+00:00,OKTA,72.25,72.25,72.28459930419922,72.25,72.28459930419922,5990.0
2024-10-25 13:21:00+00:00,OLED,203.97000122070312,203.97000122070312,203.97000122070312,203.97000122070312,203.97000122070312,1954.0
2024-10-25 13:21:00+00:00,ON,71.83999633789062,71.83999633789062,71.8499984741211,71.77999877929688,71.80999755859375,26495.0
2024-10-25 13:21:00+00:00,OTEX,33.31999969482422,33.31999969482422,33.34000015258789,33.31999969482422,33.34000015258789,593.0
2024-10-25 13:21:00+00:00,PALT,1.9802000522613525,1.9802000522613525,1.9802000522613525,1.9802000522613525,1.9802000522613525,4701.0
2024-10-25 13:21:00+00:00,PANW,368.0400085449219,368.0400085449219,368.05999755859375,367.7900085449219,368.010009765625,3674.0
2024-10-25 13:21:00+00:00,PAYO,8.295000076293945,8.295000076293945,8.295000076293945,8.279999732971191,8.28499984741211,11135.0
2024-10-25 13:21:00+00:00,PAYS,3.740000009536743,3.740000009536743,3.740000009536743,3.740000009536743,3.740000009536743,658.0
2024-10-25 13:21:00+00:00,PEGA,79.58999633789062,79.58999633789062,79.69000244140625,79.58999633789062,79.69000244140625,1713.0
2024-10-25 13:21:00+00:00,PGY,11.859999656677246,11.859999656677246,11.859999656677246,11.859999656677246,11.859999656677246,2501.0
2024-10-25 13:21:00+00:00,PHUN,10.229999542236328,10.229999542236328,10.270000457763672,10.220000267028809,10.270000457763672,14754.0
2024-10-25 13:21:00+00:00,PI,202.5449981689453,202.5449981689453,202.5449981689453,202.00999450683594,202.09500122070312,10992.0
2024-10-25 13:21:00+00:00,PLAB,23.709999084472656,23.709999084472656,23.709999084472656,23.700000762939453,23.700000762939453,3524.0
2024-10-25 13:21:00+00:00,PLXS,141.30999755859375,141.30999755859375,141.30999755859375,141.30999755859375,141.30999755859375,553.0
2024-10-25 13:21:00+00:00,POET,3.859999895095825,3.859999895095825,3.859999895095825,3.859999895095825,3.859999895095825,238.0
2024-10-25 13:21:00+00:00,PRCH,1.3250000476837158,1.3250000476837158,1.3250000476837158,1.3250000476837158,1.3250000476837158,536.0
2024-10-25 13:21:00+00:00,PTC,186.30999755859375,186.30999755859375,186.41000366210938,186.19500732421875,186.2550048828125,1568.0
2024-10-25 13:21:00+00:00,PUBM,14.770000457763672,14.770000457763672,14.779999732971191,14.765000343322754,14.779999732971191,1615.0
2024-10-25 13:21:00+00:00,PYCR,14.300000190734863,14.300000190734863,14.305000305175781,14.300000190734863,14.305000305175781,1024.0
2024-10-25 13:21:00+00:00,QCOM,171.85009765625,171.85009765625,172.0800018310547,171.8040008544922,172.0800018310547,13726.0
2024-10-25 13:21:00+00:00,QRVO,100.37000274658203,100.37000274658203,100.41000366210938,100.36000061035156,100.41000366210938,2074.0
2024-10-25 13:21:00+00:00,QUBT,1.0750000476837158,1.0750000476837158,1.0750000476837158,1.070099949836731,1.070099949836731,575.0
2024-10-25 13:21:00+00:00,RCAT,2.759999990463257,2.759999990463257,2.765000104904175,2.759999990463257,2.765000104904175,1225.0
2024-10-25 13:21:00+00:00,RDWR,22.34000015258789,22.34000015258789,22.34000015258789,22.34000015258789,22.34000015258789,978.0
2024-10-25 13:21:00+00:00,REKR,1.0950000286102295,1.0950000286102295,1.0950000286102295,1.090000033378601,1.0950000286102295,8728.0
2024-10-25 13:21:00+00:00,RELY,14.84000015258789,14.84000015258789,14.84000015258789,14.829999923706055,14.84000015258789,1928.0
2024-10-25 13:21:00+00:00,RGTI,1.2200000286102295,1.2200000286102295,1.2299000024795532,1.2120000123977661,1.2200000286102295,9376.0
2024-10-25 13:21:00+00:00,RIOT,9.954000473022461,9.954000473022461,9.970000267028809,9.95199966430664,9.970000267028809,38845.0
2024-10-25 13:21:00+00:00,RMBS,43.5,43.5,43.52000045776367,43.5,43.52000045776367,730.0
2024-10-25 13:21:00+00:00,RMNI,1.725000023841858,1.725000023841858,1.725000023841858,1.725000023841858,1.725000023841858,423.0
2024-10-25 13:21:00+00:00,RPD,38.65999984741211,38.65999984741211,38.65999984741211,38.65999984741211,38.65999984741211,1099.0
2024-10-25 13:21:00+00:00,RUM,5.704999923706055,5.704999923706055,5.705999851226807,5.704400062561035,5.705999851226807,843.0
2024-10-25 13:21:00+00:00,RUN,14.289999961853027,14.289999961853027,14.305000305175781,14.279999732971191,14.305000305175781,22639.0
2024-10-25 13:21:00+00:00,RXT,2.5299999713897705,2.5299999713897705,2.5299999713897705,2.5299999713897705,2.5299999713897705,703.0
2024-10-25 13:21:00+00:00,SANM,67.55500030517578,67.55500030517578,67.55500030517578,67.55500030517578,67.55500030517578,425.0
2024-10-25 13:21:00+00:00,SATS,25.0049991607666,25.0049991607666,25.06999969482422,25.0,25.06999969482422,3416.0
2024-10-25 13:21:00+00:00,SCSC,44.625,44.625,44.650001525878906,44.625,44.650001525878906,1365.0
2024-10-25 13:21:00+00:00,SEDG,15.90999984741211,15.90999984741211,15.919899940490723,15.859999656677246,15.919899940490723,9353.0
2024-10-25 13:21:00+00:00,SHLS,5.239999771118164,5.239999771118164,5.239999771118164,5.239999771118164,5.239999771118164,6935.0
2024-10-25 13:21:00+00:00,SIMO,56.560001373291016,56.560001373291016,56.630001068115234,56.560001373291016,56.630001068115234,1162.0
2024-10-25 13:21:00+00:00,SKYT,10.619999885559082,10.619999885559082,10.649999618530273,10.619999885559082,10.649999618530273,1904.0
2024-10-25 13:21:00+00:00,SMCI,47.25,47.25,47.33000183105469,47.220001220703125,47.33000183105469,158577.0
2024-10-25 13:21:00+00:00,SMTC,45.84000015258789,45.84000015258789,45.90999984741211,45.84000015258789,45.880001068115234,1644.0
2024-10-25 13:21:00+00:00,SNPS,503.55999755859375,503.55999755859375,504.0899963378906,503.489990234375,503.6000061035156,1611.0
2024-10-25 13:21:00+00:00,SONO,12.789999961853027,12.789999961853027,12.800000190734863,12.789999961853027,12.795000076293945,11168.0
2024-10-25 13:21:00+00:00,SOUN,5.209199905395508,5.209199905395508,5.21750020980835,5.199999809265137,5.210000038146973,85785.0
2024-10-25 13:21:00+00:00,SPSC,173.9499969482422,173.9499969482422,173.9499969482422,173.83999633789062,173.83999633789062,1098.0
2024-10-25 13:21:00+00:00,SRAD,12.390000343322754,12.390000343322754,12.390000343322754,12.390000343322754,12.390000343322754,1311.0
2024-10-25 13:21:00+00:00,SSNC,69.63500213623047,69.63500213623047,69.71499633789062,69.63500213623047,69.70500183105469,4484.0
2024-10-25 13:21:00+00:00,SSTI,11.300000190734863,11.300000190734863,11.350000381469727,11.300000190734863,11.350000381469727,301.0
2024-10-25 13:21:00+00:00,SSYS,7.074999809265137,7.074999809265137,7.074999809265137,7.074999809265137,7.074999809265137,969.0
2024-10-25 13:21:00+00:00,STNE,11.5,11.5,11.5,11.489999771118164,11.5,24756.0
2024-10-25 13:21:00+00:00,STX,103.87010192871094,103.87010192871094,104.08000183105469,103.87010192871094,104.05999755859375,8132.0
2024-10-25 13:21:00+00:00,SWKS,96.54499816894531,96.54499816894531,96.5999984741211,96.51499938964844,96.5999984741211,2124.0
2024-10-25 13:21:00+00:00,SYNA,73.2699966430664,73.2699966430664,73.30000305175781,73.19999694824219,73.30000305175781,927.0
2024-10-25 13:21:00+00:00,TEAM,190.41000366210938,190.41000366210938,190.44000244140625,190.0800018310547,190.16000366210938,13241.0
2024-10-25 13:21:00+00:00,TENB,41.70000076293945,41.70000076293945,41.70000076293945,41.66999816894531,41.66999816894531,702.0
2024-10-25 13:21:00+00:00,TER,113.01750183105469,113.01750183105469,113.0199966430664,113.0,113.0,19677.0
2024-10-25 13:21:00+00:00,TRMB,61.04499816894531,61.04499816894531,61.060001373291016,61.0099983215332,61.029998779296875,6913.0
2024-10-25 13:21:00+00:00,TTD,118.61000061035156,118.61000061035156,118.77999877929688,118.61000061035156,118.77999877929688,3324.0
2024-10-25 13:21:00+00:00,TTEC,5.360000133514404,5.360000133514404,5.369999885559082,5.360000133514404,5.369999885559082,2515.0
2024-10-25 13:21:00+00:00,TTMI,19.510000228881836,19.510000228881836,19.510000228881836,19.510000228881836,19.510000228881836,1661.0
2024-10-25 13:21:00+00:00,TWKS,4.449999809265137,4.449999809265137,4.457499980926514,4.449999809265137,4.449999809265137,2269.0
2024-10-25 13:21:00+00:00,TXN,208.56500244140625,208.56500244140625,208.8000030517578,208.50999450683594,208.77999877929688,8155.0
2024-10-25 13:21:00+00:00,UCTT,35.83000183105469,35.83000183105469,35.83000183105469,35.83000183105469,35.83000183105469,661.0
2024-10-25 13:21:00+00:00,VCSA,2.390000104904175,2.390000104904175,2.390000104904175,2.390000104904175,2.390000104904175,200.0
2024-10-25 13:21:00+00:00,VECO,29.424999237060547,29.424999237060547,29.450000762939453,29.424999237060547,29.450000762939453,1639.0
2024-10-25 13:21:00+00:00,VERI,3.4100000858306885,3.4100000858306885,3.4200000762939453,3.4100000858306885,3.4200000762939453,732.0
2024-10-25 13:21:00+00:00,VERX,41.93000030517578,41.93000030517578,41.95000076293945,41.93000030517578,41.95000076293945,660.0
2024-10-25 13:21:00+00:00,VIAV,9.234999656677246,9.234999656677246,9.239999771118164,9.234999656677246,9.239999771118164,2416.0
2024-10-25 13:21:00+00:00,VRNS,56.900001525878906,56.900001525878906,57.0099983215332,56.869998931884766,57.0099983215332,7110.0
2024-10-25 13:21:00+00:00,VRNT,22.139999389648438,22.139999389648438,22.15999984741211,22.139999389648438,22.15999984741211,1114.0
2024-10-25 13:21:00+00:00,VS,2.5894999504089355,2.5894999504089355,2.5894999504089355,2.5894999504089355,2.5894999504089355,1776.0
2024-10-25 13:21:00+00:00,VSAT,10.319999694824219,10.319999694824219,10.324999809265137,10.319999694824219,10.324999809265137,3245.0
2024-10-25 13:21:00+00:00,WDAY,239.14999389648438,239.14999389648438,239.41000366210938,239.14999389648438,239.41000366210938,3946.0
2024-10-25 13:21:00+00:00,WDC,70.63999938964844,70.63999938964844,70.66999816894531,70.5999984741211,70.66000366210938,29253.0
2024-10-25 13:21:00+00:00,WISA,1.9149999618530273,1.9149999618530273,1.9149999618530273,1.9149999618530273,1.9149999618530273,1596.0
2024-10-25 13:21:00+00:00,XPER,9.420000076293945,9.420000076293945,9.420000076293945,9.420000076293945,9.420000076293945,601.0
2024-10-25 13:21:00+00:00,XRX,10.045000076293945,10.045000076293945,10.045000076293945,10.045000076293945,10.045000076293945,3749.0
2024-10-25 13:21:00+00:00,ZI,10.520000457763672,10.520000457763672,10.520000457763672,10.520000457763672,10.520000457763672,1286.0
2024-10-25 13:21:00+00:00,ZM,73.0250015258789,73.0250015258789,73.08999633789062,73.0250015258789,73.08000183105469,2533.0
2024-10-25 13:21:00+00:00,ZS,185.28500366210938,185.28500366210938,185.28500366210938,185.26499938964844,185.27000427246094,1856.0
2024-10-25 13:22:00+00:00,AAOI,17.729999542236328,17.729999542236328,17.729999542236328,17.719999313354492,17.719999313354492,496.0
2024-10-25 13:22:00+00:00,AAPL,231.75999450683594,231.75999450683594,231.77999877929688,231.5800018310547,231.74000549316406,53378.0
2024-10-25 13:22:00+00:00,ACIW,48.599998474121094,48.599998474121094,48.599998474121094,48.595001220703125,48.595001220703125,514.0
2024-10-25 13:22:00+00:00,ACLS,90.1500015258789,90.1500015258789,90.15499877929688,90.1500015258789,90.1500015258789,1057.0
2024-10-25 13:22:00+00:00,ACMR,19.719999313354492,19.719999313354492,19.72599983215332,19.719999313354492,19.72599983215332,1631.0
2024-10-25 13:22:00+00:00,ADBE,484.17999267578125,484.17999267578125,484.17999267578125,483.8900146484375,484.04998779296875,3098.0
2024-10-25 13:22:00+00:00,ADI,233.05999755859375,233.05999755859375,233.05999755859375,232.9199981689453,232.9199981689453,2722.0
2024-10-25 13:22:00+00:00,AEHR,17.06999969482422,17.06999969482422,17.075000762939453,17.049999237060547,17.075000762939453,2138.0
2024-10-25 13:22:00+00:00,AFRM,41.540000915527344,41.540000915527344,41.56999969482422,41.53499984741211,41.53499984741211,4723.0
2024-10-25 13:22:00+00:00,AGYS,111.16000366210938,111.16000366210938,111.16000366210938,111.16000366210938,111.16000366210938,1123.0
2024-10-25 13:22:00+00:00,AKAM,102.31999969482422,102.31999969482422,102.31999969482422,102.27059936523438,102.27999877929688,2483.0
2024-10-25 13:22:00+00:00,AKTS,0.05779999867081642,0.05779999867081642,0.05790000036358833,0.05739999935030937,0.05739999935030937,39007.0
2024-10-25 13:22:00+00:00,ALGM,22.985000610351562,22.985000610351562,22.985000610351562,22.940000534057617,22.940000534057617,3559.0
2024-10-25 13:22:00+00:00,ALTR,104.01499938964844,104.01499938964844,104.03500366210938,103.76000213623047,103.76000213623047,3867.0
2024-10-25 13:22:00+00:00,AMAT,188.0850067138672,188.0850067138672,188.11000061035156,187.85499572753906,187.8699951171875,7847.0
2024-10-25 13:22:00+00:00,AMD,157.1999969482422,157.1999969482422,157.21949768066406,156.94000244140625,157.02000427246094,107207.0
2024-10-25 13:22:00+00:00,AMKR,30.0,30.0,30.0,29.96500015258789,29.96500015258789,5171.0
2024-10-25 13:22:00+00:00,AMPL,9.149999618530273,9.149999618530273,9.149999618530273,9.149999618530273,9.149999618530273,233.0
2024-10-25 13:22:00+00:00,API,2.944999933242798,2.944999933242798,2.944999933242798,2.944999933242798,2.944999933242798,330.0
2024-10-25 13:22:00+00:00,APP,160.5749969482422,160.5749969482422,160.5749969482422,160.5,160.5399932861328,1892.0
2024-10-25 13:22:00+00:00,APPN,31.969999313354492,31.969999313354492,31.969999313354492,31.969999313354492,31.969999313354492,355.0
2024-10-25 13:22:00+00:00,ARRY,6.375,6.375,6.375,6.360000133514404,6.360000133514404,20368.0
2024-10-25 13:22:00+00:00,ASML,716.328125,716.328125,716.328125,715.9550170898438,715.9550170898438,1705.0
2024-10-25 13:22:00+00:00,ASNS,1.2999999523162842,1.2999999523162842,1.2999999523162842,1.2999999523162842,1.2999999523162842,674.0
2024-10-25 13:22:00+00:00,AUR,6.434999942779541,6.434999942779541,6.439899921417236,6.429999828338623,6.434999942779541,4221.0
2024-10-25 13:22:00+00:00,AVGO,174.99000549316406,174.99000549316406,175.0,174.6999969482422,174.75,10236.0
2024-10-25 13:22:00+00:00,AVPT,11.960200309753418,11.960200309753418,11.960200309753418,11.960200309753418,11.960200309753418,1654.0
2024-10-25 13:22:00+00:00,BL,56.22999954223633,56.22999954223633,56.2599983215332,56.22999954223633,56.25,1439.0
2024-10-25 13:22:00+00:00,BLZE,7.199999809265137,7.199999809265137,7.199999809265137,7.199999809265137,7.199999809265137,1319.0
2024-10-25 13:22:00+00:00,BMBL,7.135000228881836,7.135000228881836,7.139999866485596,7.135000228881836,7.135000228881836,5630.0
2024-10-25 13:22:00+00:00,BRZE,30.6299991607666,30.6299991607666,30.639999389648438,30.6299991607666,30.63010025024414,1812.0
2024-10-25 13:22:00+00:00,BSY,49.055999755859375,49.055999755859375,49.06999969482422,49.0447998046875,49.06999969482422,978.0
2024-10-25 13:22:00+00:00,CAMT,78.2699966430664,78.2699966430664,78.2699966430664,78.2699966430664,78.2699966430664,170.0
2024-10-25 13:22:00+00:00,CAN,0.9807000160217285,0.9807000160217285,0.9810000061988831,0.9807000160217285,0.9810000061988831,8354.0
2024-10-25 13:22:00+00:00,CDNS,259.0,259.0,259.0,258.8399963378906,258.8399963378906,3221.0
2024-10-25 13:22:00+00:00,CETX,0.30140000581741333,0.30140000581741333,0.3019999861717224,0.30140000581741333,0.3019999861717224,9370.0
2024-10-25 13:22:00+00:00,CFLT,22.59000015258789,22.59000015258789,22.59000015258789,22.575000762939453,22.59000015258789,3276.0
2024-10-25 13:22:00+00:00,CGNX,38.849998474121094,38.849998474121094,38.849998474121094,38.834999084472656,38.834999084472656,1330.0
2024-10-25 13:22:00+00:00,CHKP,206.47500610351562,206.47500610351562,206.47500610351562,206.47500610351562,206.47500610351562,211.0
2024-10-25 13:22:00+00:00,CLBT,18.1299991607666,18.1299991607666,18.1299991607666,18.1299991607666,18.1299991607666,1017.0
2024-10-25 13:22:00+00:00,CLSK,11.84749984741211,11.84749984741211,11.85949993133545,11.835000038146973,11.850000381469727,37988.0
2024-10-25 13:22:00+00:00,CNDT,3.6050000190734863,3.6050000190734863,3.6050000190734863,3.6050000190734863,3.6050000190734863,440.0
2024-10-25 13:22:00+00:00,CNXC,44.619998931884766,44.619998931884766,44.619998931884766,44.619998931884766,44.619998931884766,583.0
2024-10-25 13:22:00+00:00,COHR,95.4520034790039,95.4520034790039,95.4520034790039,95.4176025390625,95.44999694824219,1048.0
2024-10-25 13:22:00+00:00,COIN,210.3800048828125,210.3800048828125,210.49989318847656,210.02000427246094,210.24000549316406,5805.0
2024-10-25 13:22:00+00:00,COMM,6.284999847412109,6.284999847412109,6.284999847412109,6.28000020980835,6.284999847412109,2344.0
2024-10-25 13:22:00+00:00,CORZ,13.359999656677246,13.359999656677246,13.359999656677246,13.34000015258789,13.34000015258789,2599.0
2024-10-25 13:22:00+00:00,CRCT,6.610000133514404,6.610000133514404,6.610000133514404,6.610000133514404,6.610000133514404,201.0
2024-10-25 13:22:00+00:00,CRDO,39.45500183105469,39.45500183105469,39.45500183105469,39.38999938964844,39.45000076293945,9803.0
2024-10-25 13:22:00+00:00,CRNT,2.4667000770568848,2.4667000770568848,2.4667000770568848,2.4667000770568848,2.4667000770568848,8000.0
2024-10-25 13:22:00+00:00,CRWD,300.8900146484375,300.8900146484375,301.0,300.5,300.5899963378906,9021.0
2024-10-25 13:22:00+00:00,CSCO,55.869998931884766,55.869998931884766,55.869998931884766,55.834999084472656,55.845001220703125,10313.0
2024-10-25 13:22:00+00:00,CSIQ,13.640000343322754,13.640000343322754,13.640000343322754,13.619999885559082,13.625,1561.0
2024-10-25 13:22:00+00:00,CTLP,8.875,8.875,8.875,8.875,8.875,817.0
2024-10-25 13:22:00+00:00,CTSH,74.73999786376953,74.73999786376953,74.73999786376953,74.72000122070312,74.7300033569336,2890.0
2024-10-25 13:22:00+00:00,DAKT,13.010000228881836,13.010000228881836,13.010000228881836,13.010000228881836,13.010000228881836,824.0
2024-10-25 13:22:00+00:00,DATS,1.6399999856948853,1.6399999856948853,1.6399999856948853,1.639799952507019,1.639799952507019,1358.0
2024-10-25 13:22:00+00:00,DAVE,39.38999938964844,39.38999938964844,39.38999938964844,39.38999938964844,39.38999938964844,1497.0
2024-10-25 13:22:00+00:00,DBX,25.969999313354492,25.969999313354492,25.969999313354492,25.969999313354492,25.969999313354492,1001.0
2024-10-25 13:22:00+00:00,DCBO,45.9900016784668,45.9900016784668,45.9900016784668,45.9900016784668,45.9900016784668,85.0
2024-10-25 13:22:00+00:00,DDOG,127.21499633789062,127.21499633789062,127.21499633789062,127.125,127.12999725341797,7684.0
2024-10-25 13:22:00+00:00,DIOD,66.33999633789062,66.33999633789062,66.3499984741211,66.33999633789062,66.3499984741211,1437.0
2024-10-25 13:22:00+00:00,DLO,8.875,8.875,8.875,8.875,8.875,212.0
2024-10-25 13:22:00+00:00,DOCU,69.68800354003906,69.68800354003906,69.68800354003906,69.68800354003906,69.68800354003906,445.0
2024-10-25 13:22:00+00:00,DOMO,8.039999961853027,8.039999961853027,8.039999961853027,8.039999961853027,8.039999961853027,352.0
2024-10-25 13:22:00+00:00,DOX,89.37999725341797,89.37999725341797,89.37999725341797,89.37000274658203,89.37000274658203,836.0
2024-10-25 13:22:00+00:00,DUOL,289.79010009765625,289.79010009765625,289.79010009765625,289.7900085449219,289.7900085449219,1146.0
2024-10-25 13:22:00+00:00,EEFT,99.16999816894531,99.16999816894531,99.16999816894531,99.16999816894531,99.16999816894531,244.0
2024-10-25 13:22:00+00:00,ENPH,82.9000015258789,82.9000015258789,82.9000015258789,82.75,82.83499908447266,9555.0
2024-10-25 13:22:00+00:00,ENTG,105.73999786376953,105.73999786376953,105.73999786376953,105.66999816894531,105.70999908447266,1690.0
2024-10-25 13:22:00+00:00,ERIC,8.454999923706055,8.454999923706055,8.454999923706055,8.454999923706055,8.454999923706055,761.0
2024-10-25 13:22:00+00:00,EXFY,1.7300000190734863,1.7300000190734863,1.7300000190734863,1.725000023841858,1.725000023841858,2220.0
2024-10-25 13:22:00+00:00,EXLS,38.810001373291016,38.810001373291016,38.810001373291016,38.779998779296875,38.779998779296875,1422.0
2024-10-25 13:22:00+00:00,EXTR,14.430000305175781,14.430000305175781,14.430000305175781,14.430000305175781,14.430000305175781,303.0
2024-10-25 13:22:00+00:00,FARO,18.125,18.125,18.125,18.125,18.125,406.0
2024-10-25 13:22:00+00:00,FIVN,29.799999237060547,29.799999237060547,29.81999969482422,29.799999237060547,29.809999465942383,1814.0
2024-10-25 13:22:00+00:00,FLEX,35.20000076293945,35.20000076293945,35.209999084472656,35.189998626708984,35.189998626708984,3576.0
2024-10-25 13:22:00+00:00,FLYW,17.5,17.5,17.5,17.4950008392334,17.4950008392334,533.0
2024-10-25 13:22:00+00:00,FORM,45.07500076293945,45.07500076293945,45.07500076293945,45.07500076293945,45.07500076293945,209.0
2024-10-25 13:22:00+00:00,FROG,29.270000457763672,29.270000457763672,29.280000686645508,29.270000457763672,29.270000457763672,825.0
2024-10-25 13:22:00+00:00,FSLR,197.94000244140625,197.94000244140625,198.0,197.8513946533203,197.9550018310547,2608.0
2024-10-25 13:22:00+00:00,FTCI,0.6610000133514404,0.6610000133514404,0.6610000133514404,0.6610000133514404,0.6610000133514404,8700.0
2024-10-25 13:22:00+00:00,FTNT,80.83059692382812,80.83059692382812,80.83999633789062,80.83000183105469,80.83999633789062,1471.0
2024-10-25 13:22:00+00:00,GCT,24.735000610351562,24.735000610351562,24.739999771118164,24.719999313354492,24.719999313354492,2490.0
2024-10-25 13:22:00+00:00,GDS,21.4950008392334,21.4950008392334,21.4950008392334,21.4950008392334,21.4950008392334,179.0
2024-10-25 13:22:00+00:00,GFS,40.97999954223633,40.97999954223633,40.97999954223633,40.935001373291016,40.95000076293945,3927.0
2024-10-25 13:22:00+00:00,GPRO,1.3350000381469727,1.3350000381469727,1.3350000381469727,1.3350000381469727,1.3350000381469727,1588.0
2024-10-25 13:22:00+00:00,GRAB,4.099999904632568,4.099999904632568,4.105000019073486,4.099999904632568,4.105000019073486,10195.0
2024-10-25 13:22:00+00:00,GRRR,4.519999980926514,4.519999980926514,4.519999980926514,4.513999938964844,4.51800012588501,1433.0
2024-10-25 13:22:00+00:00,GSIT,3.430500030517578,3.430500030517578,3.430500030517578,3.430500030517578,3.430500030517578,150.0
2024-10-25 13:22:00+00:00,GTLB,55.397701263427734,55.397701263427734,55.397701263427734,55.397701263427734,55.397701263427734,293.0
2024-10-25 13:22:00+00:00,HCKT,24.80500030517578,24.80500030517578,24.80500030517578,24.80500030517578,24.80500030517578,489.0
2024-10-25 13:22:00+00:00,HCP,33.665000915527344,33.665000915527344,33.665000915527344,33.665000915527344,33.665000915527344,307.0
2024-10-25 13:22:00+00:00,HIMX,6.184999942779541,6.184999942779541,6.184999942779541,6.179999828338623,6.179999828338623,590.0
2024-10-25 13:22:00+00:00,HLIT,14.800000190734863,14.800000190734863,14.800000190734863,14.800000190734863,14.800000190734863,247.0
2024-10-25 13:22:00+00:00,HOLO,3.5799999237060547,3.5799999237060547,3.5899999141693115,3.549999952316284,3.589900016784668,25415.0
2024-10-25 13:22:00+00:00,HOOD,27.260000228881836,27.260000228881836,27.260000228881836,27.225000381469727,27.225000381469727,12079.0
2024-10-25 13:22:00+00:00,HTCR,1.0499999523162842,1.0499999523162842,1.0499999523162842,1.0499999523162842,1.0499999523162842,3052.0
2024-10-25 13:22:00+00:00,INDI,3.5450000762939453,3.5450000762939453,3.549999952316284,3.5439999103546143,3.5497000217437744,3049.0
2024-10-25 13:22:00+00:00,INFN,6.78000020980835,6.78000020980835,6.784999847412109,6.78000020980835,6.784999847412109,835.0
2024-10-25 13:22:00+00:00,INOD,20.190000534057617,20.190000534057617,20.190000534057617,20.190000534057617,20.190000534057617,160.0
2024-10-25 13:22:00+00:00,INTC,23.0049991607666,23.0049991607666,23.00790023803711,22.975000381469727,22.989999771118164,68589.0
2024-10-25 13:22:00+00:00,INTU,610.2349853515625,610.2349853515625,610.2349853515625,610.2349853515625,610.2349853515625,368.0
2024-10-25 13:22:00+00:00,ITRN,27.270000457763672,27.270000457763672,27.270000457763672,27.270000457763672,27.270000457763672,1437.0
2024-10-25 13:22:00+00:00,KC,2.7109999656677246,2.7109999656677246,2.7149999141693115,2.7109999656677246,2.7149999141693115,838.0
2024-10-25 13:22:00+00:00,KLAC,678.4749755859375,678.4749755859375,678.510009765625,678.2000122070312,678.510009765625,1512.0
2024-10-25 13:22:00+00:00,LINK,4.949999809265137,4.949999809265137,4.949999809265137,4.900000095367432,4.900000095367432,551.0
2024-10-25 13:22:00+00:00,LITE,63.91999816894531,63.91999816894531,63.91999816894531,63.75,63.75,5550.0
2024-10-25 13:22:00+00:00,LOGI,80.88500213623047,80.88500213623047,80.88500213623047,80.86000061035156,80.86000061035156,352.0
2024-10-25 13:22:00+00:00,LPSN,1.160099983215332,1.160099983215332,1.160099983215332,1.159999966621399,1.159999966621399,0.0
2024-10-25 13:22:00+00:00,LRCX,78.87999725341797,78.87999725341797,78.87999725341797,78.73500061035156,78.73999786376953,16653.0
2024-10-25 13:22:00+00:00,LYFT,13.734999656677246,13.734999656677246,13.734999656677246,13.725000381469727,13.725000381469727,8402.0
2024-10-25 13:22:00+00:00,MANH,275.17999267578125,275.17999267578125,275.17999267578125,275.17999267578125,275.17999267578125,176.0
2024-10-25 13:22:00+00:00,MAXN,5.5954999923706055,5.5954999923706055,5.5954999923706055,5.579999923706055,5.579999923706055,682.0
2024-10-25 13:22:00+00:00,MCHP,77.08000183105469,77.08000183105469,77.08000183105469,77.0,77.0,5927.0
2024-10-25 13:22:00+00:00,MDB,267.54998779296875,267.54998779296875,267.8900146484375,267.489990234375,267.57000732421875,6688.0
2024-10-25 13:22:00+00:00,MKSI,101.0999984741211,101.0999984741211,101.0999984741211,101.0999984741211,101.0999984741211,1325.0
2024-10-25 13:22:00+00:00,MNDY,299.31500244140625,299.31500244140625,299.5450134277344,299.31500244140625,299.5450134277344,1321.0
2024-10-25 13:22:00+00:00,MPWR,920.6199951171875,920.6199951171875,920.6199951171875,919.5800170898438,919.5800170898438,2056.0
2024-10-25 13:22:00+00:00,MQ,5.275000095367432,5.275000095367432,5.275000095367432,5.2743000984191895,5.2743000984191895,685.0
2024-10-25 13:22:00+00:00,MRAM,6.309999942779541,6.309999942779541,6.309999942779541,6.309999942779541,6.309999942779541,468.0
2024-10-25 13:22:00+00:00,MRVL,82.83999633789062,82.83999633789062,82.83999633789062,82.73999786376953,82.75,18774.0
2024-10-25 13:22:00+00:00,MSFT,428.7149963378906,428.7149963378906,428.760009765625,428.44000244140625,428.5299987792969,9057.0
2024-10-25 13:22:00+00:00,MSTR,239.13150024414062,239.13150024414062,239.3800048828125,238.6199951171875,239.0,37619.0
2024-10-25 13:22:00+00:00,MTSI,120.3949966430664,120.3949966430664,120.3949966430664,120.3949966430664,120.3949966430664,158.0
2024-10-25 13:22:00+00:00,MTTR,4.614999771118164,4.614999771118164,4.614999771118164,4.614999771118164,4.614999771118164,1361.0
2024-10-25 13:22:00+00:00,MU,108.56999969482422,108.56999969482422,108.56999969482422,108.43000030517578,108.45999908447266,16711.0
2024-10-25 13:22:00+00:00,MVIS,1.0800000429153442,1.0800000429153442,1.0800000429153442,1.0700000524520874,1.0799000263214111,40642.0
2024-10-25 13:22:00+00:00,MXL,14.890000343322754,14.890000343322754,14.899999618530273,14.869999885559082,14.869999885559082,2602.0
2024-10-25 13:22:00+00:00,NNDM,2.324700117111206,2.324700117111206,2.324700117111206,2.324700117111206,2.324700117111206,187.0
2024-10-25 13:22:00+00:00,NTCT,20.75,20.75,20.75,20.739999771118164,20.739999771118164,1805.0
2024-10-25 13:22:00+00:00,NTGR,20.309999465942383,20.309999465942383,20.309999465942383,20.290000915527344,20.290000915527344,1274.0
2024-10-25 13:22:00+00:00,NVDA,142.66990661621094,142.66990661621094,142.6999969482422,142.57000732421875,142.6300048828125,550374.0
2024-10-25 13:22:00+00:00,NVEC,76.6260986328125,76.6260986328125,76.6260986328125,76.6260986328125,76.6260986328125,1621.0
2024-10-25 13:22:00+00:00,NVEI,33.51499938964844,33.51499938964844,33.51499938964844,33.51499938964844,33.51499938964844,103.0
2024-10-25 13:22:00+00:00,NXPI,245.1999969482422,245.1999969482422,245.1999969482422,244.85499572753906,244.86000061035156,4090.0
2024-10-25 13:22:00+00:00,OBLG,3.765000104904175,3.765000104904175,3.7699999809265137,3.765000104904175,3.765000104904175,950.0
2024-10-25 13:22:00+00:00,OKTA,72.25499725341797,72.25499725341797,72.25499725341797,72.25,72.25,782.0
2024-10-25 13:22:00+00:00,ON,71.88500213623047,71.88500213623047,71.91999816894531,71.80999755859375,71.83000183105469,24521.0
2024-10-25 13:22:00+00:00,PANW,368.00250244140625,368.00250244140625,368.00250244140625,368.00250244140625,368.00250244140625,622.0
2024-10-25 13:22:00+00:00,PAYO,8.295000076293945,8.295000076293945,8.295000076293945,8.295000076293945,8.295000076293945,736.0
2024-10-25 13:22:00+00:00,PCTY,173.27000427246094,173.27000427246094,173.27000427246094,173.27000427246094,173.27000427246094,340.0
2024-10-25 13:22:00+00:00,PDFS,29.270000457763672,29.270000457763672,29.270000457763672,29.270000457763672,29.270000457763672,208.0
2024-10-25 13:22:00+00:00,PEGA,79.52999877929688,79.52999877929688,79.56999969482422,79.52999877929688,79.54499816894531,850.0
2024-10-25 13:22:00+00:00,PEGY,4.632599830627441,4.632599830627441,4.632599830627441,4.632599830627441,4.632599830627441,1004.0
2024-10-25 13:22:00+00:00,PGY,11.850000381469727,11.850000381469727,11.850000381469727,11.850000381469727,11.850000381469727,843.0
2024-10-25 13:22:00+00:00,PHUN,10.199999809265137,10.199999809265137,10.25,10.1899995803833,10.244999885559082,20898.0
2024-10-25 13:22:00+00:00,PI,202.95599365234375,202.95599365234375,203.13999938964844,202.60000610351562,202.60000610351562,5605.0
2024-10-25 13:22:00+00:00,PLAB,23.719999313354492,23.719999313354492,23.719999313354492,23.700000762939453,23.700000762939453,1125.0
2024-10-25 13:22:00+00:00,PLUS,97.66500091552734,97.66500091552734,97.66500091552734,97.66500091552734,97.66500091552734,144.0
2024-10-25 13:22:00+00:00,PLXS,141.5050048828125,141.5050048828125,141.5050048828125,141.5050048828125,141.5050048828125,251.0
2024-10-25 13:22:00+00:00,PRGS,64.56500244140625,64.56500244140625,64.68000030517578,64.56500244140625,64.66999816894531,2382.0
2024-10-25 13:22:00+00:00,PTC,186.2550048828125,186.2550048828125,186.2550048828125,186.2550048828125,186.2550048828125,427.0
2024-10-25 13:22:00+00:00,PYCR,14.305000305175781,14.305000305175781,14.305000305175781,14.305000305175781,14.305000305175781,168.0
2024-10-25 13:22:00+00:00,QCOM,171.99000549316406,171.99000549316406,172.02000427246094,171.75999450683594,171.8300018310547,18063.0
2024-10-25 13:22:00+00:00,QH,1.3799999952316284,1.3799999952316284,1.3799999952316284,1.3799999952316284,1.3799999952316284,533.0
2024-10-25 13:22:00+00:00,QRVO,100.4000015258789,100.4000015258789,100.4000015258789,100.33999633789062,100.33999633789062,1418.0
2024-10-25 13:22:00+00:00,QUBT,1.0700000524520874,1.0700000524520874,1.0700000524520874,1.0700000524520874,1.0700000524520874,400.0
2024-10-25 13:22:00+00:00,RCAT,2.765000104904175,2.765000104904175,2.765000104904175,2.765000104904175,2.765000104904175,170.0
2024-10-25 13:22:00+00:00,REKR,1.0950000286102295,1.0950000286102295,1.0950000286102295,1.0950000286102295,1.0950000286102295,1157.0
2024-10-25 13:22:00+00:00,RELY,14.829999923706055,14.829999923706055,14.829999923706055,14.829999923706055,14.829999923706055,1606.0
2024-10-25 13:22:00+00:00,RGTI,1.2193000316619873,1.2193000316619873,1.2193000316619873,1.2193000316619873,1.2193000316619873,908.0
2024-10-25 13:22:00+00:00,RIOT,9.96500015258789,9.96500015258789,9.969900131225586,9.949999809265137,9.949999809265137,48008.0
2024-10-25 13:22:00+00:00,RMBS,43.5099983215332,43.5099983215332,43.5099983215332,43.45500183105469,43.45500183105469,1918.0
2024-10-25 13:22:00+00:00,RPAY,7.599999904632568,7.599999904632568,7.610000133514404,7.594900131225586,7.594900131225586,2973.0
2024-10-25 13:22:00+00:00,RUM,5.703999996185303,5.703999996185303,5.703999996185303,5.700099945068359,5.700099945068359,202.0
2024-10-25 13:22:00+00:00,RUN,14.294699668884277,14.294699668884277,14.295000076293945,14.279999732971191,14.28499984741211,13829.0
2024-10-25 13:22:00+00:00,SATS,25.03499984741211,25.03499984741211,25.040000915527344,24.989999771118164,25.0049991607666,3107.0
2024-10-25 13:22:00+00:00,SEDG,15.919899940490723,15.919899940490723,15.919899940490723,15.890000343322754,15.899999618530273,7254.0
2024-10-25 13:22:00+00:00,SHLS,5.239999771118164,5.239999771118164,5.239999771118164,5.239999771118164,5.239999771118164,2162.0
2024-10-25 13:22:00+00:00,SIMO,56.59239959716797,56.59239959716797,56.59239959716797,56.57500076293945,56.57500076293945,1279.0
2024-10-25 13:22:00+00:00,SITM,182.25999450683594,182.25999450683594,182.25999450683594,182.25999450683594,182.25999450683594,1585.0
2024-10-25 13:22:00+00:00,SKYT,10.625,10.625,10.625,10.625,10.625,502.0
2024-10-25 13:22:00+00:00,SMCI,47.2239990234375,47.2239990234375,47.244998931884766,47.18000030517578,47.22999954223633,124111.0
2024-10-25 13:22:00+00:00,SOUN,5.20989990234375,5.20989990234375,5.210000038146973,5.199999809265137,5.210000038146973,19156.0
2024-10-25 13:22:00+00:00,SPSC,173.88999938964844,173.88999938964844,173.88999938964844,173.88999938964844,173.88999938964844,159.0
2024-10-25 13:22:00+00:00,SPT,26.850000381469727,26.850000381469727,26.850000381469727,26.850000381469727,26.850000381469727,651.0
2024-10-25 13:22:00+00:00,SRAD,12.390000343322754,12.390000343322754,12.390000343322754,12.390000343322754,12.390000343322754,400.0
2024-10-25 13:22:00+00:00,SSNC,69.65499877929688,69.65499877929688,69.65499877929688,69.62000274658203,69.62999725341797,4298.0
2024-10-25 13:22:00+00:00,SSTI,11.305000305175781,11.305000305175781,11.305000305175781,11.305000305175781,11.305000305175781,188.0
2024-10-25 13:22:00+00:00,STNE,11.509900093078613,11.509900093078613,11.510000228881836,11.509900093078613,11.510000228881836,2007.0
2024-10-25 13:22:00+00:00,STX,103.94000244140625,103.94000244140625,103.94000244140625,103.87000274658203,103.88999938964844,1991.0
2024-10-25 13:22:00+00:00,SURG,1.7400000095367432,1.7400000095367432,1.7400000095367432,1.7400000095367432,1.7400000095367432,375.0
2024-10-25 13:22:00+00:00,SWKS,96.58999633789062,96.58999633789062,96.58999633789062,96.52799987792969,96.52799987792969,3351.0
2024-10-25 13:22:00+00:00,SYNA,73.08000183105469,73.08000183105469,73.13999938964844,73.08000183105469,73.13999938964844,639.0
2024-10-25 13:22:00+00:00,TASK,11.970000267028809,11.970000267028809,11.970000267028809,11.970000267028809,11.970000267028809,300.0
2024-10-25 13:22:00+00:00,TEAM,190.3699951171875,190.3699951171875,190.3800048828125,190.3699951171875,190.3800048828125,863.0
2024-10-25 13:22:00+00:00,TENB,41.70000076293945,41.70000076293945,41.70000076293945,41.70000076293945,41.70000076293945,858.0
2024-10-25 13:22:00+00:00,TER,113.09500122070312,113.09500122070312,113.09500122070312,113.00499725341797,113.01000213623047,14569.0
2024-10-25 13:22:00+00:00,TRMB,61.04999923706055,61.04999923706055,61.04999923706055,61.02000045776367,61.02000045776367,3874.0
2024-10-25 13:22:00+00:00,TTD,118.65499877929688,118.65499877929688,118.66999816894531,118.5999984741211,118.63999938964844,3970.0
2024-10-25 13:22:00+00:00,TTMI,19.520000457763672,19.520000457763672,19.520000457763672,19.520000457763672,19.520000457763672,1843.0
2024-10-25 13:22:00+00:00,TWKS,4.449999809265137,4.449999809265137,4.457499980926514,4.449999809265137,4.457499980926514,988.0
2024-10-25 13:22:00+00:00,TXN,208.6199951171875,208.6199951171875,208.6199951171875,208.49000549316406,208.52000427246094,4271.0
2024-10-25 13:22:00+00:00,UCTT,35.83000183105469,35.83000183105469,35.83000183105469,35.790000915527344,35.790000915527344,1504.0
2024-10-25 13:22:00+00:00,VCSA,2.4000000953674316,2.4000000953674316,2.4000000953674316,2.4000000953674316,2.4000000953674316,138.0
2024-10-25 13:22:00+00:00,VECO,29.440000534057617,29.440000534057617,29.440000534057617,29.424999237060547,29.440000534057617,4816.0
2024-10-25 13:22:00+00:00,VICR,46.58000183105469,46.58000183105469,46.59000015258789,46.58000183105469,46.59000015258789,725.0
2024-10-25 13:22:00+00:00,VRNS,56.810001373291016,56.810001373291016,56.90999984741211,56.79999923706055,56.869998931884766,6858.0
2024-10-25 13:22:00+00:00,VRNT,22.139999389648438,22.139999389648438,22.139999389648438,22.139999389648438,22.139999389648438,123.0
2024-10-25 13:22:00+00:00,VRSN,184.5500030517578,184.5500030517578,184.55999755859375,184.5500030517578,184.5500030517578,1357.0
2024-10-25 13:22:00+00:00,VSAT,10.3100004196167,10.3100004196167,10.3100004196167,10.3100004196167,10.3100004196167,770.0
2024-10-25 13:22:00+00:00,VUZI,1.315000057220459,1.315000057220459,1.315000057220459,1.315000057220459,1.315000057220459,4030.0
2024-10-25 13:22:00+00:00,WATT,0.5900999903678894,0.5900999903678894,0.5900999903678894,0.5900999903678894,0.5900999903678894,5620.0
2024-10-25 13:22:00+00:00,WDC,70.75,70.75,70.75,70.63999938964844,70.63999938964844,10971.0
2024-10-25 13:22:00+00:00,WISA,1.9199999570846558,1.9199999570846558,1.940000057220459,1.9076999425888062,1.9206000566482544,12324.0
2024-10-25 13:22:00+00:00,XRX,10.045000076293945,10.045000076293945,10.045000076293945,10.039999961853027,10.039999961853027,1085.0
2024-10-25 13:22:00+00:00,ZBRA,361.2300109863281,361.2300109863281,361.2300109863281,361.2300109863281,361.2300109863281,1340.0
2024-10-25 13:22:00+00:00,ZI,10.515000343322754,10.515000343322754,10.515000343322754,10.515000343322754,10.515000343322754,1103.0
2024-10-25 13:22:00+00:00,ZM,73.0199966430664,73.0199966430664,73.0199966430664,73.0199966430664,73.0199966430664,1096.0
2024-10-25 13:22:00+00:00,ZS,185.19000244140625,185.19000244140625,185.19000244140625,185.19000244140625,185.19000244140625,758.0
2024-10-25 13:23:00+00:00,AAOI,17.729999542236328,17.729999542236328,17.75,17.729999542236328,17.75,2077.0
2024-10-25 13:23:00+00:00,AAPL,231.8300018310547,231.8300018310547,231.89239501953125,231.71009826660156,231.72999572753906,38127.0
2024-10-25 13:23:00+00:00,ACIW,48.599998474121094,48.599998474121094,48.599998474121094,48.599998474121094,48.599998474121094,458.0
2024-10-25 13:23:00+00:00,ACLS,90.1500015258789,90.1500015258789,90.19000244140625,90.1500015258789,90.1500015258789,2138.0
2024-10-25 13:23:00+00:00,ADBE,484.30999755859375,484.30999755859375,484.6099853515625,484.260009765625,484.260009765625,2808.0
2024-10-25 13:23:00+00:00,ADI,233.05999755859375,233.05999755859375,233.19000244140625,233.05999755859375,233.19000244140625,988.0
2024-10-25 13:23:00+00:00,ADSK,286.29998779296875,286.29998779296875,286.29998779296875,286.19000244140625,286.2099914550781,899.0
2024-10-25 13:23:00+00:00,ADTN,6.369999885559082,6.369999885559082,6.369999885559082,6.369999885559082,6.369999885559082,283.0
2024-10-25 13:23:00+00:00,AEHR,17.09000015258789,17.09000015258789,17.09000015258789,17.09000015258789,17.09000015258789,1368.0
2024-10-25 13:23:00+00:00,AFRM,41.56999969482422,41.56999969482422,41.56999969482422,41.540000915527344,41.560001373291016,3122.0
2024-10-25 13:23:00+00:00,AKTS,0.05860000103712082,0.05860000103712082,0.05860000103712082,0.05779999867081642,0.05790000036358833,98654.0
2024-10-25 13:23:00+00:00,ALGM,23.0049991607666,23.0049991607666,23.020000457763672,23.0,23.0,5224.0
2024-10-25 13:23:00+00:00,ALKT,38.05009841918945,38.05009841918945,38.05009841918945,38.05009841918945,38.05009841918945,2162.0
2024-10-25 13:23:00+00:00,ALLT,3.450000047683716,3.450000047683716,3.450000047683716,3.450000047683716,3.450000047683716,325.0
2024-10-25 13:23:00+00:00,ALTR,104.01499938964844,104.01499938964844,104.01499938964844,104.01499938964844,104.01499938964844,251.0
2024-10-25 13:23:00+00:00,AMAT,188.25,188.25,188.25,188.10000610351562,188.10000610351562,7711.0
2024-10-25 13:23:00+00:00,AMBA,58.380001068115234,58.380001068115234,58.380001068115234,58.380001068115234,58.380001068115234,304.0
2024-10-25 13:23:00+00:00,AMD,157.32000732421875,157.32000732421875,157.32000732421875,157.1199951171875,157.1699981689453,59156.0
2024-10-25 13:23:00+00:00,AMST,2.880000114440918,2.880000114440918,2.880000114440918,2.880000114440918,2.880000114440918,168.0
2024-10-25 13:23:00+00:00,ANSS,324.30999755859375,324.30999755859375,324.30999755859375,324.2799987792969,324.2799987792969,370.0
2024-10-25 13:23:00+00:00,AOSL,36.584999084472656,36.584999084472656,36.584999084472656,36.58000183105469,36.58000183105469,1089.0
2024-10-25 13:23:00+00:00,APP,160.69500732421875,160.69500732421875,160.69500732421875,160.63999938964844,160.64990234375,2417.0
2024-10-25 13:23:00+00:00,APPF,213.0449981689453,213.0449981689453,213.39999389648438,213.0449981689453,213.27999877929688,918.0
2024-10-25 13:23:00+00:00,APPS,3.069999933242798,3.069999933242798,3.069999933242798,3.0601000785827637,3.0601000785827637,2330.0
2024-10-25 13:23:00+00:00,ARRY,6.388500213623047,6.388500213623047,6.394999980926514,6.375,6.377500057220459,13585.0
2024-10-25 13:23:00+00:00,ASML,717.0,717.0,717.0,716.969970703125,716.969970703125,1128.0
2024-10-25 13:23:00+00:00,AUR,6.440000057220459,6.440000057220459,6.440000057220459,6.440000057220459,6.440000057220459,6632.0
2024-10-25 13:23:00+00:00,AVGO,175.07000732421875,175.07000732421875,175.19000244140625,175.00999450683594,175.00999450683594,21612.0
2024-10-25 13:23:00+00:00,AVT,53.970001220703125,53.970001220703125,53.970001220703125,53.95000076293945,53.95000076293945,464.0
2024-10-25 13:23:00+00:00,AZPN,235.78500366210938,235.78500366210938,235.78500366210938,235.78500366210938,235.78500366210938,515.0
2024-10-25 13:23:00+00:00,BAND,17.614999771118164,17.614999771118164,17.614999771118164,17.614999771118164,17.614999771118164,206.0
2024-10-25 13:23:00+00:00,BIGC,5.315000057220459,5.315000057220459,5.315000057220459,5.315000057220459,5.315000057220459,331.0
2024-10-25 13:23:00+00:00,BMBL,7.144999980926514,7.144999980926514,7.150000095367432,7.135000228881836,7.135000228881836,5529.0
2024-10-25 13:23:00+00:00,BSY,49.084999084472656,49.084999084472656,49.099998474121094,49.066001892089844,49.066001892089844,811.0
2024-10-25 13:23:00+00:00,CAMT,78.24500274658203,78.24500274658203,78.24500274658203,78.24500274658203,78.24500274658203,238.0
2024-10-25 13:23:00+00:00,CDNS,259.135009765625,259.135009765625,259.2900085449219,259.010009765625,259.010009765625,2671.0
2024-10-25 13:23:00+00:00,CDW,219.3000030517578,219.3000030517578,219.3000030517578,219.3000030517578,219.3000030517578,315.0
2024-10-25 13:23:00+00:00,CETX,0.30140000581741333,0.30140000581741333,0.30149999260902405,0.30140000581741333,0.30149999260902405,408.0
2024-10-25 13:23:00+00:00,CFLT,22.600000381469727,22.600000381469727,22.604999542236328,22.600000381469727,22.600000381469727,3801.0
2024-10-25 13:23:00+00:00,CGNX,38.880001068115234,38.880001068115234,38.88999938964844,38.85499954223633,38.85499954223633,1929.0
2024-10-25 13:23:00+00:00,CHKP,206.47500610351562,206.47500610351562,206.47500610351562,206.47500610351562,206.47500610351562,140.0
2024-10-25 13:23:00+00:00,CLSK,11.859999656677246,11.859999656677246,11.86989974975586,11.84000015258789,11.849900245666504,34035.0
2024-10-25 13:23:00+00:00,CNXC,44.625,44.625,44.625,44.625,44.625,152.0
2024-10-25 13:23:00+00:00,COHR,95.40049743652344,95.40049743652344,95.46499633789062,95.40049743652344,95.46499633789062,2210.0
2024-10-25 13:23:00+00:00,COHU,26.260000228881836,26.260000228881836,26.260000228881836,26.25,26.25,475.0
2024-10-25 13:23:00+00:00,COIN,210.58399963378906,210.58399963378906,210.6300048828125,210.27000427246094,210.4499969482422,24701.0
2024-10-25 13:23:00+00:00,COMM,6.295000076293945,6.295000076293945,6.300000190734863,6.289999961853027,6.289999961853027,2424.0
2024-10-25 13:23:00+00:00,CORZ,13.369999885559082,13.369999885559082,13.369999885559082,13.359999656677246,13.359999656677246,5707.0
2024-10-25 13:23:00+00:00,CORZW,7.840000152587891,7.840000152587891,7.840000152587891,7.840000152587891,7.840000152587891,1447.0
2024-10-25 13:23:00+00:00,CRCT,6.610000133514404,6.610000133514404,6.610000133514404,6.610000133514404,6.610000133514404,788.0
2024-10-25 13:23:00+00:00,CRDO,39.47999954223633,39.47999954223633,39.47999954223633,39.46009826660156,39.46500015258789,2497.0
2024-10-25 13:23:00+00:00,CRNT,2.4700000286102295,2.4700000286102295,2.4700000286102295,2.4649999141693115,2.4700000286102295,1456.0
2024-10-25 13:23:00+00:00,CRSR,6.369999885559082,6.369999885559082,6.369999885559082,6.369999885559082,6.369999885559082,212.0
2024-10-25 13:23:00+00:00,CRUS,123.36000061035156,123.36000061035156,123.36000061035156,123.2300033569336,123.2300033569336,1335.0
2024-10-25 13:23:00+00:00,CRWD,301.5198974609375,301.5198974609375,301.5198974609375,300.5202941894531,301.0,15418.0
2024-10-25 13:23:00+00:00,CSCO,55.869998931884766,55.869998931884766,55.88999938964844,55.845001220703125,55.880001068115234,16941.0
2024-10-25 13:23:00+00:00,CSGS,47.45000076293945,47.45000076293945,47.45000076293945,47.45000076293945,47.45000076293945,533.0
2024-10-25 13:23:00+00:00,CSIQ,13.649999618530273,13.649999618530273,13.649999618530273,13.645000457763672,13.645000457763672,787.0
2024-10-25 13:23:00+00:00,CTLP,8.890000343322754,8.890000343322754,8.890000343322754,8.890000343322754,8.890000343322754,691.0
2024-10-25 13:23:00+00:00,CTSH,74.75,74.75,74.7699966430664,74.73999786376953,74.73999786376953,6418.0
2024-10-25 13:23:00+00:00,DAVE,39.43000030517578,39.43000030517578,39.43000030517578,39.43000030517578,39.43000030517578,758.0
2024-10-25 13:23:00+00:00,DBX,25.9950008392334,25.9950008392334,25.9950008392334,25.969999313354492,25.969999313354492,4378.0
2024-10-25 13:23:00+00:00,DDOG,127.23999786376953,127.23999786376953,127.26000213623047,127.21499633789062,127.22000122070312,6952.0
2024-10-25 13:23:00+00:00,DLO,8.875,8.875,8.875,8.875,8.875,410.0
2024-10-25 13:23:00+00:00,DOCU,69.6050033569336,69.6050033569336,69.69000244140625,69.5802993774414,69.68000030517578,17346.0
2024-10-25 13:23:00+00:00,DOMO,8.039999961853027,8.039999961853027,8.039999961853027,8.039999961853027,8.039999961853027,1105.0
2024-10-25 13:23:00+00:00,DOX,89.3499984741211,89.3499984741211,89.3499984741211,89.3499984741211,89.3499984741211,839.0
2024-10-25 13:23:00+00:00,DUOL,290.25,290.25,290.25,290.25,290.25,392.0
2024-10-25 13:23:00+00:00,EEFT,99.3499984741211,99.3499984741211,99.3499984741211,99.26000213623047,99.26000213623047,2134.0
2024-10-25 13:23:00+00:00,ENPH,83.13999938964844,83.13999938964844,83.18000030517578,82.94000244140625,82.97000122070312,12666.0
2024-10-25 13:23:00+00:00,ENTG,105.95999908447266,105.95999908447266,105.95999908447266,105.9000015258789,105.9000015258789,2743.0
2024-10-25 13:23:00+00:00,ERIC,8.453200340270996,8.453200340270996,8.454999923706055,8.453200340270996,8.454999923706055,7338.0
2024-10-25 13:23:00+00:00,EXFY,1.725000023841858,1.725000023841858,1.725000023841858,1.725000023841858,1.725000023841858,322.0
2024-10-25 13:23:00+00:00,EXLS,38.814998626708984,38.814998626708984,38.814998626708984,38.814998626708984,38.814998626708984,567.0
2024-10-25 13:23:00+00:00,EXTR,14.4350004196167,14.4350004196167,14.444999694824219,14.430000305175781,14.4399995803833,2226.0
2024-10-25 13:23:00+00:00,FIVN,29.799999237060547,29.799999237060547,29.799999237060547,29.790000915527344,29.799999237060547,2021.0
2024-10-25 13:23:00+00:00,FLEX,35.220001220703125,35.220001220703125,35.220001220703125,35.209999084472656,35.209999084472656,1192.0
2024-10-25 13:23:00+00:00,FLYW,17.510000228881836,17.510000228881836,17.510000228881836,17.510000228881836,17.510000228881836,282.0
2024-10-25 13:23:00+00:00,FORM,45.099998474121094,45.099998474121094,45.099998474121094,45.099998474121094,45.099998474121094,365.0
2024-10-25 13:23:00+00:00,FROG,29.239999771118164,29.239999771118164,29.270000457763672,29.239999771118164,29.270000457763672,3279.0
2024-10-25 13:23:00+00:00,FRSH,11.643699645996094,11.643699645996094,11.643699645996094,11.640000343322754,11.640000343322754,1076.0
2024-10-25 13:23:00+00:00,FSLR,198.1699981689453,198.1699981689453,198.1699981689453,197.85650634765625,197.85650634765625,2805.0
2024-10-25 13:23:00+00:00,FTCI,0.6610000133514404,0.6610000133514404,0.6610000133514404,0.6610000133514404,0.6610000133514404,6048.0
2024-10-25 13:23:00+00:00,FTNT,80.87000274658203,80.87000274658203,80.87000274658203,80.86000061035156,80.86000061035156,1697.0
2024-10-25 13:23:00+00:00,GCT,24.780000686645508,24.780000686645508,24.799999237060547,24.780000686645508,24.780000686645508,1418.0
2024-10-25 13:23:00+00:00,GDS,21.5,21.5,21.5,21.481199264526367,21.481199264526367,1505.0
2024-10-25 13:23:00+00:00,GDYN,15.520000457763672,15.520000457763672,15.520000457763672,15.520000457763672,15.520000457763672,342.0
2024-10-25 13:23:00+00:00,GFS,41.040000915527344,41.040000915527344,41.040000915527344,40.9900016784668,40.9900016784668,3473.0
2024-10-25 13:23:00+00:00,GPRO,1.3350000381469727,1.3350000381469727,1.3350000381469727,1.3350000381469727,1.3350000381469727,2021.0
2024-10-25 13:23:00+00:00,GRAB,4.09499979019165,4.09499979019165,4.105000019073486,4.090000152587891,4.105000019073486,292397.0
2024-10-25 13:23:00+00:00,GRRR,4.5,4.5,4.5,4.5,4.5,111.0
2024-10-25 13:23:00+00:00,GTLB,55.470001220703125,55.470001220703125,55.470001220703125,55.41999816894531,55.43000030517578,1613.0
2024-10-25 13:23:00+00:00,HCP,33.665000915527344,33.665000915527344,33.665000915527344,33.665000915527344,33.665000915527344,271.0
2024-10-25 13:23:00+00:00,HIMX,6.184999942779541,6.184999942779541,6.184999942779541,6.184999942779541,6.184999942779541,446.0
2024-10-25 13:23:00+00:00,HOLO,3.569999933242798,3.569999933242798,3.5799999237060547,3.569999933242798,3.579400062561035,3108.0
2024-10-25 13:23:00+00:00,HOOD,27.280000686645508,27.280000686645508,27.280000686645508,27.251300811767578,27.251300811767578,23051.0
2024-10-25 13:23:00+00:00,ICHR,27.694000244140625,27.694000244140625,27.694000244140625,27.694000244140625,27.694000244140625,1208.0
2024-10-25 13:23:00+00:00,IMMR,8.720000267028809,8.720000267028809,8.720000267028809,8.719099998474121,8.719099998474121,2169.0
2024-10-25 13:23:00+00:00,IMXI,17.59000015258789,17.59000015258789,17.59000015258789,17.58989906311035,17.58989906311035,1396.0
2024-10-25 13:23:00+00:00,INDI,3.5450000762939453,3.5450000762939453,3.555000066757202,3.5450000762939453,3.549999952316284,59099.0
2024-10-25 13:23:00+00:00,INFN,6.78000020980835,6.78000020980835,6.78000020980835,6.78000020980835,6.78000020980835,132.0
2024-10-25 13:23:00+00:00,INOD,20.190000534057617,20.190000534057617,20.190000534057617,20.190000534057617,20.190000534057617,1387.0
2024-10-25 13:23:00+00:00,INTA,49.959999084472656,49.959999084472656,49.959999084472656,49.959999084472656,49.959999084472656,238.0
2024-10-25 13:23:00+00:00,INTC,23.014999389648438,23.014999389648438,23.02989959716797,23.0,23.0049991607666,93595.0
2024-10-25 13:23:00+00:00,INTU,610.2449951171875,610.2449951171875,610.4450073242188,610.2449951171875,610.4450073242188,2219.0
2024-10-25 13:23:00+00:00,INTZ,0.7299000024795532,0.7299000024795532,0.7299000024795532,0.7299000024795532,0.7299000024795532,75.0
2024-10-25 13:23:00+00:00,IPGP,77.30000305175781,77.30000305175781,77.30000305175781,77.30000305175781,77.30000305175781,412.0
2024-10-25 13:23:00+00:00,ITRI,102.51000213623047,102.51000213623047,102.51000213623047,102.51000213623047,102.51000213623047,202.0
2024-10-25 13:23:00+00:00,KARO,40.0,40.0,40.0,40.0,40.0,244.0
2024-10-25 13:23:00+00:00,KC,2.7149999141693115,2.7149999141693115,2.7149999141693115,2.7149999141693115,2.7149999141693115,145.0
2024-10-25 13:23:00+00:00,KLAC,679.2899780273438,679.2899780273438,679.2899780273438,679.1599731445312,679.1599731445312,1379.0
2024-10-25 13:23:00+00:00,KLIC,44.630001068115234,44.630001068115234,44.630001068115234,44.6150016784668,44.6150016784668,923.0
2024-10-25 13:23:00+00:00,KOPN,0.7778000235557556,0.7778000235557556,0.7778000235557556,0.7778000235557556,0.7778000235557556,114.0
2024-10-25 13:23:00+00:00,KOSS,7.340000152587891,7.340000152587891,7.381400108337402,7.329999923706055,7.369999885559082,2281.0
2024-10-25 13:23:00+00:00,LFUS,253.88999938964844,253.88999938964844,253.88999938964844,253.88999938964844,253.88999938964844,1045.0
2024-10-25 13:23:00+00:00,LINK,4.999899864196777,4.999899864196777,5.0,4.996600151062012,4.996600151062012,2549.0
2024-10-25 13:23:00+00:00,LITE,63.900001525878906,63.900001525878906,63.900001525878906,63.900001525878906,63.900001525878906,226.0
2024-10-25 13:23:00+00:00,LOGI,80.87010192871094,80.87010192871094,80.91000366210938,80.87010192871094,80.91000366210938,1986.0
2024-10-25 13:23:00+00:00,LPSN,1.1610000133514404,1.1610000133514404,1.1610000133514404,1.1610000133514404,1.1610000133514404,353.0
2024-10-25 13:23:00+00:00,LRCX,78.88999938964844,78.88999938964844,78.94000244140625,78.86499786376953,78.86499786376953,8686.0
2024-10-25 13:23:00+00:00,LYFT,13.725000381469727,13.725000381469727,13.734999656677246,13.725000381469727,13.734999656677246,6811.0
2024-10-25 13:23:00+00:00,MANH,275.3999938964844,275.3999938964844,275.3999938964844,275.3999938964844,275.3999938964844,242.0
2024-10-25 13:23:00+00:00,MAXN,5.597400188446045,5.597400188446045,5.599899768829346,5.579999923706055,5.579999923706055,6754.0
2024-10-25 13:23:00+00:00,MCHP,77.12999725341797,77.12999725341797,77.16000366210938,77.08000183105469,77.08999633789062,9463.0
2024-10-25 13:23:00+00:00,MDB,267.2200012207031,267.2200012207031,267.60009765625,267.2200012207031,267.60009765625,2562.0
2024-10-25 13:23:00+00:00,MIND,3.5339999198913574,3.5339999198913574,3.5339999198913574,3.5339999198913574,3.5339999198913574,3859.0
2024-10-25 13:23:00+00:00,MKSI,101.4000015258789,101.4000015258789,101.4000015258789,101.2699966430664,101.2699966430664,1787.0
2024-10-25 13:23:00+00:00,MNDY,299.8500061035156,299.8500061035156,299.8500061035156,299.6700134277344,299.7099914550781,1435.0
2024-10-25 13:23:00+00:00,MQ,5.275000095367432,5.275000095367432,5.28000020980835,5.275000095367432,5.28000020980835,8086.0
2024-10-25 13:23:00+00:00,MRVL,82.8949966430664,82.8949966430664,82.91999816894531,82.83999633789062,82.83999633789062,13735.0
2024-10-25 13:23:00+00:00,MSFT,428.93499755859375,428.93499755859375,429.07330322265625,428.75,428.7749938964844,18846.0
2024-10-25 13:23:00+00:00,MSTR,239.71710205078125,239.71710205078125,239.7760009765625,239.0,239.01820373535156,41065.0
2024-10-25 13:23:00+00:00,MTLS,5.954999923706055,5.954999923706055,5.954999923706055,5.954999923706055,5.954999923706055,238.0
2024-10-25 13:23:00+00:00,MTSI,120.5999984741211,120.5999984741211,120.5999984741211,120.44000244140625,120.44000244140625,560.0
2024-10-25 13:23:00+00:00,MTTR,4.614999771118164,4.614999771118164,4.614999771118164,4.610099792480469,4.610099792480469,1654.0
2024-10-25 13:23:00+00:00,MU,108.67030334472656,108.67030334472656,108.69999694824219,108.61000061035156,108.61000061035156,13587.0
2024-10-25 13:23:00+00:00,MVIS,1.0750000476837158,1.0750000476837158,1.0750000476837158,1.0750000476837158,1.0750000476837158,780.0
2024-10-25 13:23:00+00:00,MYSZ,1.6201000213623047,1.6201000213623047,1.6201000213623047,1.6200000047683716,1.6200000047683716,2142.0
2024-10-25 13:23:00+00:00,NCNO,37.744998931884766,37.744998931884766,37.744998931884766,37.744998931884766,37.744998931884766,210.0
2024-10-25 13:23:00+00:00,NNDM,2.3299999237060547,2.3299999237060547,2.3299999237060547,2.3299999237060547,2.3299999237060547,1859.0
2024-10-25 13:23:00+00:00,NTAP,119.91999816894531,119.91999816894531,119.91999816894531,119.91999816894531,119.91999816894531,799.0
2024-10-25 13:23:00+00:00,NTCT,20.770000457763672,20.770000457763672,20.770000457763672,20.760000228881836,20.760000228881836,1699.0
2024-10-25 13:23:00+00:00,NTNX,62.09000015258789,62.09000015258789,62.09000015258789,62.04999923706055,62.04999923706055,2798.0
2024-10-25 13:23:00+00:00,NVDA,142.85000610351562,142.85000610351562,142.86000061035156,142.64999389648438,142.6699981689453,545593.0
2024-10-25 13:23:00+00:00,NVTS,2.5850000381469727,2.5850000381469727,2.588200092315674,2.5840001106262207,2.584399938583374,6565.0
2024-10-25 13:23:00+00:00,NXPI,245.42999267578125,245.42999267578125,245.47999572753906,245.36000061035156,245.36000061035156,3810.0
2024-10-25 13:23:00+00:00,OKTA,72.23560333251953,72.23560333251953,72.23999786376953,72.2300033569336,72.23999786376953,1603.0
2024-10-25 13:23:00+00:00,ON,72.0,72.0,72.0,71.8949966430664,71.8949966430664,22670.0
2024-10-25 13:23:00+00:00,OSIS,135.7899932861328,135.7899932861328,135.7899932861328,134.5399932861328,134.72000122070312,3242.0
2024-10-25 13:23:00+00:00,OTEX,33.31999969482422,33.31999969482422,33.31999969482422,33.31999969482422,33.31999969482422,961.0
2024-10-25 13:23:00+00:00,PANW,368.2200012207031,368.2200012207031,368.2200012207031,368.2200012207031,368.2200012207031,812.0
2024-10-25 13:23:00+00:00,PDFS,29.230100631713867,29.230100631713867,29.274999618530273,29.229999542236328,29.274999618530273,2931.0
2024-10-25 13:23:00+00:00,PEGA,79.52999877929688,79.52999877929688,79.52999877929688,79.52999877929688,79.52999877929688,398.0
2024-10-25 13:23:00+00:00,PET,0.8130000233650208,0.8130000233650208,0.8130000233650208,0.8130000233650208,0.8130000233650208,100.0
2024-10-25 13:23:00+00:00,PHUN,10.260000228881836,10.260000228881836,10.270000457763672,10.194999694824219,10.194999694824219,30088.0
2024-10-25 13:23:00+00:00,PI,203.21499633789062,203.21499633789062,203.32000732421875,203.14999389648438,203.14999389648438,1140.0
2024-10-25 13:23:00+00:00,PLAB,23.749900817871094,23.749900817871094,23.749900817871094,23.749900817871094,23.749900817871094,241.0
2024-10-25 13:23:00+00:00,PLUS,97.68000030517578,97.68000030517578,97.81999969482422,97.68000030517578,97.79000091552734,1245.0
2024-10-25 13:23:00+00:00,PLXS,141.5050048828125,141.5050048828125,141.5050048828125,141.5050048828125,141.5050048828125,366.0
2024-10-25 13:23:00+00:00,POET,3.8540000915527344,3.8540000915527344,3.859999895095825,3.8540000915527344,3.859999895095825,681.0
2024-10-25 13:23:00+00:00,POWI,63.810001373291016,63.810001373291016,63.810001373291016,63.810001373291016,63.810001373291016,613.0
2024-10-25 13:23:00+00:00,PRGS,64.56999969482422,64.56999969482422,64.56999969482422,64.56999969482422,64.56999969482422,520.0
2024-10-25 13:23:00+00:00,PTC,186.41000366210938,186.41000366210938,186.41000366210938,186.36000061035156,186.36000061035156,1489.0
2024-10-25 13:23:00+00:00,PUBM,14.789999961853027,14.789999961853027,14.800000190734863,14.789999961853027,14.789999961853027,10568.0
2024-10-25 13:23:00+00:00,PYCR,14.305000305175781,14.305000305175781,14.305000305175781,14.300000190734863,14.300000190734863,499.0
2024-10-25 13:23:00+00:00,QCOM,172.07000732421875,172.07000732421875,172.16000366210938,172.0500030517578,172.05999755859375,6858.0
2024-10-25 13:23:00+00:00,QLYS,119.78500366210938,119.78500366210938,119.78500366210938,119.76000213623047,119.76000213623047,329.0
2024-10-25 13:23:00+00:00,QRVO,100.54000091552734,100.54000091552734,100.54000091552734,100.5,100.54000091552734,1678.0
2024-10-25 13:23:00+00:00,RGTI,1.215000033378601,1.215000033378601,1.2200000286102295,1.215000033378601,1.2200000286102295,9302.0
2024-10-25 13:23:00+00:00,RIOT,9.970000267028809,9.970000267028809,9.970000267028809,9.960100173950195,9.96150016784668,22040.0
2024-10-25 13:23:00+00:00,RMBS,43.55500030517578,43.55500030517578,43.55500030517578,43.5099983215332,43.5099983215332,1871.0
2024-10-25 13:23:00+00:00,RUM,5.715000152587891,5.715000152587891,5.715000152587891,5.715000152587891,5.715000152587891,627.0
2024-10-25 13:23:00+00:00,RUN,14.3149995803833,14.3149995803833,14.3149995803833,14.295999526977539,14.295999526977539,14797.0
2024-10-25 13:23:00+00:00,RXT,2.5209999084472656,2.5209999084472656,2.5244998931884766,2.5209999084472656,2.5244998931884766,530.0
2024-10-25 13:23:00+00:00,SANM,67.58999633789062,67.58999633789062,67.58999633789062,67.58999633789062,67.58999633789062,500.0
2024-10-25 13:23:00+00:00,SATS,25.020000457763672,25.020000457763672,25.040000915527344,25.020000457763672,25.040000915527344,996.0
2024-10-25 13:23:00+00:00,SCSC,44.625,44.625,44.625,44.625,44.625,1402.0
2024-10-25 13:23:00+00:00,SEDG,15.949999809265137,15.949999809265137,15.960000038146973,15.914999961853027,15.914999961853027,13008.0
2024-10-25 13:23:00+00:00,SHLS,5.25600004196167,5.25600004196167,5.25600004196167,5.25,5.25,5252.0
2024-10-25 13:23:00+00:00,SKYT,10.640000343322754,10.640000343322754,10.640000343322754,10.640000343322754,10.640000343322754,1372.0
2024-10-25 13:23:00+00:00,SMCI,47.18000030517578,47.18000030517578,47.2599983215332,47.15999984741211,47.22529983520508,69145.0
2024-10-25 13:23:00+00:00,SMTC,45.93000030517578,45.93000030517578,45.93000030517578,45.869998931884766,45.869998931884766,1666.0
2024-10-25 13:23:00+00:00,SNCR,10.609999656677246,10.609999656677246,10.609999656677246,10.609999656677246,10.609999656677246,195.0
2024-10-25 13:23:00+00:00,SNPS,503.9800109863281,503.9800109863281,504.0,503.9649963378906,504.0,1926.0
2024-10-25 13:23:00+00:00,SONO,12.760000228881836,12.760000228881836,12.770000457763672,12.75,12.770000457763672,4281.0
2024-10-25 13:23:00+00:00,SOUN,5.209400177001953,5.209400177001953,5.210000038146973,5.199999809265137,5.204999923706055,13596.0
2024-10-25 13:23:00+00:00,SPSC,173.8249969482422,173.8249969482422,174.0500030517578,173.8249969482422,174.0500030517578,935.0
2024-10-25 13:23:00+00:00,SPT,26.899999618530273,26.899999618530273,26.899999618530273,26.899999618530273,26.899999618530273,1407.0
2024-10-25 13:23:00+00:00,SRAD,12.390000343322754,12.390000343322754,12.399999618530273,12.390000343322754,12.399999618530273,500.0
2024-10-25 13:23:00+00:00,SSNC,69.70999908447266,69.70999908447266,69.72000122070312,69.6500015258789,69.6500015258789,6869.0
2024-10-25 13:23:00+00:00,STER,16.739999771118164,16.739999771118164,16.739999771118164,16.739999771118164,16.739999771118164,161.0
2024-10-25 13:23:00+00:00,STNE,11.505000114440918,11.505000114440918,11.510000228881836,11.5,11.5,5238.0
2024-10-25 13:23:00+00:00,STX,103.94999694824219,103.94999694824219,103.9800033569336,103.91999816894531,103.9800033569336,3170.0
2024-10-25 13:23:00+00:00,SWKS,96.67500305175781,96.67500305175781,96.67500305175781,96.6050033569336,96.6050033569336,4816.0
2024-10-25 13:23:00+00:00,SYTA,1.2991000413894653,1.2991000413894653,1.2991000413894653,1.2899999618530273,1.2899999618530273,1832.0
2024-10-25 13:23:00+00:00,TACT,4.164999961853027,4.164999961853027,4.164999961853027,4.164999961853027,4.164999961853027,200.0
2024-10-25 13:23:00+00:00,TASK,11.979999542236328,11.979999542236328,11.979999542236328,11.979999542236328,11.979999542236328,22.0
2024-10-25 13:23:00+00:00,TEAM,190.23500061035156,190.23500061035156,190.52000427246094,190.22999572753906,190.4499969482422,6444.0
2024-10-25 13:23:00+00:00,TENB,41.650001525878906,41.650001525878906,41.70000076293945,41.650001525878906,41.70000076293945,1317.0
2024-10-25 13:23:00+00:00,TER,113.12999725341797,113.12999725341797,113.17500305175781,113.06500244140625,113.12000274658203,11147.0
2024-10-25 13:23:00+00:00,TRMB,61.11000061035156,61.11000061035156,61.11000061035156,61.06999969482422,61.06999969482422,868.0
2024-10-25 13:23:00+00:00,TTD,118.70999908447266,118.70999908447266,118.72000122070312,118.66500091552734,118.69000244140625,8943.0
2024-10-25 13:23:00+00:00,TTEC,5.360000133514404,5.360000133514404,5.360000133514404,5.360000133514404,5.360000133514404,804.0
2024-10-25 13:23:00+00:00,TWKS,4.449999809265137,4.449999809265137,4.449999809265137,4.449999809265137,4.449999809265137,1019.0
2024-10-25 13:23:00+00:00,TXN,208.77999877929688,208.77999877929688,208.85000610351562,208.6699981689453,208.6699981689453,3784.0
2024-10-25 13:23:00+00:00,UPLD,2.130000114440918,2.130000114440918,2.130000114440918,2.130000114440918,2.130000114440918,200.0
2024-10-25 13:23:00+00:00,VCSA,2.390000104904175,2.390000104904175,2.390000104904175,2.390000104904175,2.390000104904175,168.0
2024-10-25 13:23:00+00:00,VECO,29.454999923706055,29.454999923706055,29.45800018310547,29.434999465942383,29.434999465942383,3786.0
2024-10-25 13:23:00+00:00,VIAV,9.244999885559082,9.244999885559082,9.244999885559082,9.239999771118164,9.239999771118164,1100.0
2024-10-25 13:23:00+00:00,VMEO,4.760000228881836,4.760000228881836,4.760000228881836,4.760000228881836,4.760000228881836,341.0
2024-10-25 13:23:00+00:00,VOXX,7.6539998054504395,7.6539998054504395,7.6539998054504395,7.6539998054504395,7.6539998054504395,214.0
2024-10-25 13:23:00+00:00,VRNS,56.84000015258789,56.84000015258789,56.849998474121094,56.80500030517578,56.810001373291016,4366.0
2024-10-25 13:23:00+00:00,VRNT,22.149999618530273,22.149999618530273,22.149999618530273,22.149999618530273,22.149999618530273,454.0
2024-10-25 13:23:00+00:00,VRSN,184.64500427246094,184.64500427246094,184.64500427246094,184.64500427246094,184.64500427246094,451.0
2024-10-25 13:23:00+00:00,WDAY,239.25,239.25,239.36000061035156,239.25,239.36000061035156,1702.0
2024-10-25 13:23:00+00:00,WDC,70.7300033569336,70.7300033569336,70.80000305175781,70.69999694824219,70.75,13278.0
2024-10-25 13:23:00+00:00,WISA,1.929900050163269,1.929900050163269,1.9299999475479126,1.929900050163269,1.9299999475479126,414.0
2024-10-25 13:23:00+00:00,XELA,1.9600000381469727,1.9600000381469727,1.9600000381469727,1.9600000381469727,1.9600000381469727,200.0
2024-10-25 13:23:00+00:00,XRX,10.050000190734863,10.050000190734863,10.050000190734863,10.050000190734863,10.050000190734863,941.0
2024-10-25 13:23:00+00:00,ZS,185.27000427246094,185.27000427246094,185.27000427246094,185.17999267578125,185.17999267578125,1609.0
2024-10-25 13:24:00+00:00,AAPL,231.9199981689453,231.9199981689453,231.94000244140625,231.80999755859375,231.8498992919922,42784.0
2024-10-25 13:24:00+00:00,ACIW,48.630001068115234,48.630001068115234,48.630001068115234,48.599998474121094,48.599998474121094,1019.0
2024-10-25 13:24:00+00:00,ACLS,90.21499633789062,90.21499633789062,90.21499633789062,90.1500015258789,90.1500015258789,3654.0
2024-10-25 13:24:00+00:00,ACMR,19.770000457763672,19.770000457763672,19.770000457763672,19.7549991607666,19.7549991607666,602.0
2024-10-25 13:24:00+00:00,ADBE,484.5,484.5,484.5,484.5,484.5,1661.0
2024-10-25 13:24:00+00:00,ADI,233.2899932861328,233.2899932861328,233.2899932861328,233.2899932861328,233.2899932861328,724.0
2024-10-25 13:24:00+00:00,ADSK,286.4075012207031,286.4075012207031,286.4200134277344,286.2820129394531,286.2820129394531,857.0
2024-10-25 13:24:00+00:00,ADTN,6.373600006103516,6.373600006103516,6.373600006103516,6.369800090789795,6.369999885559082,3587.0
2024-10-25 13:24:00+00:00,AEHR,17.1200008392334,17.1200008392334,17.1200008392334,17.1200008392334,17.1200008392334,368.0
2024-10-25 13:24:00+00:00,AEYE,22.853099822998047,22.853099822998047,22.853099822998047,22.853099822998047,22.853099822998047,306.0
2024-10-25 13:24:00+00:00,AFRM,41.54999923706055,41.54999923706055,41.56999969482422,41.529998779296875,41.56999969482422,2255.0
2024-10-25 13:24:00+00:00,AKTS,0.05869999900460243,0.05869999900460243,0.058800000697374344,0.05869999900460243,0.058800000697374344,0.0
2024-10-25 13:24:00+00:00,ALGM,23.020000457763672,23.020000457763672,23.020000457763672,23.0049991607666,23.0049991607666,1719.0
2024-10-25 13:24:00+00:00,ALKT,38.1150016784668,38.1150016784668,38.1150016784668,38.1150016784668,38.1150016784668,652.0
2024-10-25 13:24:00+00:00,ALTR,104.01499938964844,104.01499938964844,104.01499938964844,104.01499938964844,104.01499938964844,531.0
2024-10-25 13:24:00+00:00,AMAT,188.32000732421875,188.32000732421875,188.3498992919922,188.2100067138672,188.27000427246094,4927.0
2024-10-25 13:24:00+00:00,AMD,157.27999877929688,157.27999877929688,157.32000732421875,157.18209838867188,157.32000732421875,46184.0
2024-10-25 13:24:00+00:00,AMKR,30.040000915527344,30.040000915527344,30.040000915527344,30.040000915527344,30.040000915527344,602.0
2024-10-25 13:24:00+00:00,AMPL,9.145000457763672,9.145000457763672,9.145000457763672,9.145000457763672,9.145000457763672,101.0
2024-10-25 13:24:00+00:00,ANY,1.059999942779541,1.059999942779541,1.059999942779541,1.0598000288009644,1.0598000288009644,3140.0
2024-10-25 13:24:00+00:00,API,2.940000057220459,2.940000057220459,2.944999933242798,2.940000057220459,2.944999933242798,2566.0
2024-10-25 13:24:00+00:00,APP,160.6999969482422,160.6999969482422,160.6999969482422,160.6199951171875,160.6199951171875,963.0
2024-10-25 13:24:00+00:00,APPF,213.27499389648438,213.27499389648438,213.27499389648438,213.27499389648438,213.27499389648438,322.0
2024-10-25 13:24:00+00:00,APPN,31.94499969482422,31.94499969482422,31.94499969482422,31.94499969482422,31.94499969482422,471.0
2024-10-25 13:24:00+00:00,APPS,3.065000057220459,3.065000057220459,3.065000057220459,3.065000057220459,3.065000057220459,2100.0
2024-10-25 13:24:00+00:00,ARRY,6.395999908447266,6.395999908447266,6.395999908447266,6.389999866485596,6.389999866485596,7144.0
2024-10-25 13:24:00+00:00,ASUR,9.600000381469727,9.600000381469727,9.600000381469727,9.600000381469727,9.600000381469727,238.0
2024-10-25 13:24:00+00:00,AVGO,175.1300048828125,175.1300048828125,175.14999389648438,175.0260009765625,175.0500946044922,12303.0
2024-10-25 13:24:00+00:00,AVT,54.040000915527344,54.040000915527344,54.060001373291016,53.970001220703125,53.970001220703125,9933.0
2024-10-25 13:24:00+00:00,BLKB,85.8499984741211,85.8499984741211,85.8499984741211,85.8499984741211,85.8499984741211,662.0
2024-10-25 13:24:00+00:00,BMBL,7.144999980926514,7.144999980926514,7.144999980926514,7.144999980926514,7.144999980926514,1491.0
2024-10-25 13:24:00+00:00,BSY,49.092498779296875,49.092498779296875,49.09859848022461,49.07600021362305,49.07600021362305,582.0
2024-10-25 13:24:00+00:00,CAMT,78.25,78.25,78.25,78.25,78.25,280.0
2024-10-25 13:24:00+00:00,CAN,0.9824000000953674,0.9824000000953674,0.984499990940094,0.9824000000953674,0.984499990940094,7508.0
2024-10-25 13:24:00+00:00,CCSI,20.600000381469727,20.600000381469727,20.600000381469727,20.600000381469727,20.600000381469727,226.0
2024-10-25 13:24:00+00:00,CDNS,259.20599365234375,259.20599365234375,259.20599365234375,259.18499755859375,259.18499755859375,1663.0
2024-10-25 13:24:00+00:00,CDW,219.5,219.5,219.5,219.3800048828125,219.49000549316406,1562.0
2024-10-25 13:24:00+00:00,CFLT,22.594999313354492,22.594999313354492,22.604999542236328,22.59000015258789,22.604999542236328,1590.0
2024-10-25 13:24:00+00:00,CGNX,38.880001068115234,38.880001068115234,38.880001068115234,38.880001068115234,38.880001068115234,807.0
2024-10-25 13:24:00+00:00,CHKP,206.47000122070312,206.47000122070312,206.47000122070312,206.47000122070312,206.47000122070312,732.0
2024-10-25 13:24:00+00:00,CLFD,36.44499969482422,36.44499969482422,36.44499969482422,36.44499969482422,36.44499969482422,240.0
2024-10-25 13:24:00+00:00,CLSK,11.869999885559082,11.869999885559082,11.869999885559082,11.851799964904785,11.851799964904785,7200.0
2024-10-25 13:24:00+00:00,CNXC,44.66999816894531,44.66999816894531,44.68000030517578,44.650001525878906,44.650001525878906,2482.0
2024-10-25 13:24:00+00:00,COHR,95.55999755859375,95.55999755859375,95.55999755859375,95.46489715576172,95.46489715576172,1539.0
2024-10-25 13:24:00+00:00,COHU,26.25,26.25,26.25,26.25,26.25,1378.0
2024-10-25 13:24:00+00:00,COIN,210.75999450683594,210.75999450683594,210.9949951171875,210.47000122070312,210.53700256347656,13414.0
2024-10-25 13:24:00+00:00,COMM,6.300000190734863,6.300000190734863,6.300000190734863,6.296999931335449,6.296999931335449,1821.0
2024-10-25 13:24:00+00:00,CORZ,13.380000114440918,13.380000114440918,13.380000114440918,13.359999656677246,13.369999885559082,4420.0
2024-10-25 13:24:00+00:00,CRCT,6.630000114440918,6.630000114440918,6.630000114440918,6.619999885559082,6.619999885559082,1103.0
2024-10-25 13:24:00+00:00,CRDO,39.400001525878906,39.400001525878906,39.47999954223633,39.400001525878906,39.459999084472656,5630.0
2024-10-25 13:24:00+00:00,CRSR,6.367400169372559,6.367400169372559,6.367400169372559,6.367400169372559,6.367400169372559,236.0
2024-10-25 13:24:00+00:00,CRWD,301.7749938964844,301.7749938964844,301.8999938964844,301.4580078125,301.4580078125,2756.0
2024-10-25 13:24:00+00:00,CSCO,55.8849983215332,55.8849983215332,55.8849983215332,55.869998931884766,55.869998931884766,7364.0
2024-10-25 13:24:00+00:00,CSIQ,13.664999961853027,13.664999961853027,13.664999961853027,13.640000343322754,13.640000343322754,9968.0
2024-10-25 13:24:00+00:00,CTLP,8.90999984741211,8.90999984741211,8.90999984741211,8.895000457763672,8.899999618530273,1496.0
2024-10-25 13:24:00+00:00,CTSH,74.87000274658203,74.87000274658203,74.87000274658203,74.7699966430664,74.77999877929688,9273.0
2024-10-25 13:24:00+00:00,CVLT,134.69000244140625,134.69000244140625,134.69000244140625,134.69000244140625,134.69000244140625,1114.0
2024-10-25 13:24:00+00:00,DBX,26.0,26.0,26.0,25.9950008392334,26.0,1455.0
2024-10-25 13:24:00+00:00,DDOG,127.27999877929688,127.27999877929688,127.27999877929688,127.20500183105469,127.23500061035156,4099.0
2024-10-25 13:24:00+00:00,DGII,30.729999542236328,30.729999542236328,30.729999542236328,30.700000762939453,30.700000762939453,743.0
2024-10-25 13:24:00+00:00,DOCU,69.66999816894531,69.66999816894531,69.69000244140625,69.5999984741211,69.62000274658203,14441.0
2024-10-25 13:24:00+00:00,DSP,11.4399995803833,11.4399995803833,11.4399995803833,11.4399995803833,11.4399995803833,554.0
2024-10-25 13:24:00+00:00,DUOL,290.1499938964844,290.1499938964844,290.1499938964844,290.1499938964844,290.1499938964844,102.0
2024-10-25 13:24:00+00:00,ENPH,83.2750015258789,83.2750015258789,83.32929992675781,83.12999725341797,83.16000366210938,6933.0
2024-10-25 13:24:00+00:00,ENTG,106.01000213623047,106.01000213623047,106.01000213623047,106.0,106.00199890136719,981.0
2024-10-25 13:24:00+00:00,ERIC,8.449999809265137,8.449999809265137,8.454999923706055,8.449999809265137,8.454999923706055,1711.0
2024-10-25 13:24:00+00:00,EXTR,14.4399995803833,14.4399995803833,14.4399995803833,14.430000305175781,14.430000305175781,1278.0
2024-10-25 13:24:00+00:00,FIVN,29.809999465942383,29.809999465942383,29.809999465942383,29.799999237060547,29.799999237060547,2026.0
2024-10-25 13:24:00+00:00,FLEX,35.22999954223633,35.22999954223633,35.22999954223633,35.220001220703125,35.22999954223633,3013.0
2024-10-25 13:24:00+00:00,FLYW,17.520000457763672,17.520000457763672,17.520000457763672,17.520000457763672,17.520000457763672,115.0
2024-10-25 13:24:00+00:00,FROG,29.260000228881836,29.260000228881836,29.270000457763672,29.260000228881836,29.260000228881836,2761.0
2024-10-25 13:24:00+00:00,FRSH,11.645000457763672,11.645000457763672,11.647500038146973,11.645000457763672,11.645000457763672,1440.0
2024-10-25 13:24:00+00:00,FTNT,80.87999725341797,80.87999725341797,80.87999725341797,80.86000061035156,80.875,4934.0
2024-10-25 13:24:00+00:00,GCT,24.80500030517578,24.80500030517578,24.813899993896484,24.780000686645508,24.780000686645508,1583.0
2024-10-25 13:24:00+00:00,GDS,21.539899826049805,21.539899826049805,21.539899826049805,21.520000457763672,21.520000457763672,1385.0
2024-10-25 13:24:00+00:00,GFS,41.0099983215332,41.0099983215332,41.0099983215332,41.0099983215332,41.0099983215332,637.0
2024-10-25 13:24:00+00:00,GILT,4.941999912261963,4.941999912261963,4.941999912261963,4.941999912261963,4.941999912261963,400.0
2024-10-25 13:24:00+00:00,GNSS,3.8949999809265137,3.8949999809265137,3.8949999809265137,3.8949999809265137,3.8949999809265137,530.0
2024-10-25 13:24:00+00:00,GPRO,1.3350000381469727,1.3350000381469727,1.3350000381469727,1.3350000381469727,1.3350000381469727,433.0
2024-10-25 13:24:00+00:00,GRAB,4.09499979019165,4.09499979019165,4.098899841308594,4.090000152587891,4.09499979019165,301817.0
2024-10-25 13:24:00+00:00,GTLB,55.4900016784668,55.4900016784668,55.4900016784668,55.4900016784668,55.4900016784668,734.0
2024-10-25 13:24:00+00:00,HCKT,24.81999969482422,24.81999969482422,24.81999969482422,24.81999969482422,24.81999969482422,358.0
2024-10-25 13:24:00+00:00,HCP,33.665000915527344,33.665000915527344,33.665000915527344,33.665000915527344,33.665000915527344,210.0
2024-10-25 13:24:00+00:00,HIMX,6.184999942779541,6.184999942779541,6.190000057220459,6.184999942779541,6.190000057220459,1486.0
2024-10-25 13:24:00+00:00,HLIT,14.8100004196167,14.8100004196167,14.8100004196167,14.8100004196167,14.8100004196167,331.0
2024-10-25 13:24:00+00:00,HOLO,3.575000047683716,3.575000047683716,3.5799999237060547,3.5701000690460205,3.5799999237060547,1276.0
2024-10-25 13:24:00+00:00,HOOD,27.28499984741211,27.28499984741211,27.290000915527344,27.280000686645508,27.28499984741211,7086.0
2024-10-25 13:24:00+00:00,III,3.0350000858306885,3.0350000858306885,3.037899971008301,3.0350000858306885,3.037899971008301,3853.0
2024-10-25 13:24:00+00:00,IMMR,8.729999542236328,8.729999542236328,8.729999542236328,8.729999542236328,8.729999542236328,725.0
2024-10-25 13:24:00+00:00,INDI,3.5399999618530273,3.5399999618530273,3.5399999618530273,3.5399999618530273,3.5399999618530273,600.0
2024-10-25 13:24:00+00:00,INFN,6.784999847412109,6.784999847412109,6.784999847412109,6.783999919891357,6.784999847412109,2097.0
2024-10-25 13:24:00+00:00,INTA,50.05500030517578,50.05500030517578,50.05500030517578,49.974998474121094,49.974998474121094,1227.0
2024-10-25 13:24:00+00:00,INTC,22.992000579833984,22.992000579833984,23.019899368286133,22.989999771118164,23.014999389648438,130754.0
2024-10-25 13:24:00+00:00,ITI,7.199999809265137,7.199999809265137,7.199999809265137,7.199999809265137,7.199999809265137,608.0
2024-10-25 13:24:00+00:00,JKHY,182.74000549316406,182.74000549316406,182.74000549316406,182.66000366210938,182.66000366210938,1371.0
2024-10-25 13:24:00+00:00,KC,2.7149999141693115,2.7149999141693115,2.7149999141693115,2.7149999141693115,2.7149999141693115,107.0
2024-10-25 13:24:00+00:00,KLAC,679.4404296875,679.4404296875,679.4404296875,679.4404296875,679.4404296875,191.0
2024-10-25 13:24:00+00:00,LASR,10.40999984741211,10.40999984741211,10.40999984741211,10.40999984741211,10.40999984741211,186.0
2024-10-25 13:24:00+00:00,LINK,5.036799907684326,5.036799907684326,5.039899826049805,5.036799907684326,5.039899826049805,2250.0
2024-10-25 13:24:00+00:00,LITE,63.939998626708984,63.939998626708984,63.959999084472656,63.900001525878906,63.91999816894531,2271.0
2024-10-25 13:24:00+00:00,LRCX,78.91000366210938,78.91000366210938,78.93000030517578,78.91000366210938,78.91000366210938,8295.0
2024-10-25 13:24:00+00:00,LSCC,54.47999954223633,54.47999954223633,54.47999954223633,54.47999954223633,54.47999954223633,157.0
2024-10-25 13:24:00+00:00,LTRX,4.045000076293945,4.045000076293945,4.050000190734863,4.045000076293945,4.050000190734863,2986.0
2024-10-25 13:24:00+00:00,LYFT,13.734999656677246,13.734999656677246,13.734999656677246,13.725000381469727,13.725000381469727,9011.0
2024-10-25 13:24:00+00:00,LYTS,16.239999771118164,16.239999771118164,16.239999771118164,16.239999771118164,16.239999771118164,264.0
2024-10-25 13:24:00+00:00,MANH,275.6499938964844,275.6499938964844,275.6499938964844,275.54998779296875,275.54998779296875,1133.0
2024-10-25 13:24:00+00:00,MAXN,5.59499979019165,5.59499979019165,5.599999904632568,5.59499979019165,5.599999904632568,1421.0
2024-10-25 13:24:00+00:00,MCHP,77.13500213623047,77.13500213623047,77.1500015258789,77.11000061035156,77.1500015258789,3938.0
2024-10-25 13:24:00+00:00,MIND,3.537100076675415,3.537100076675415,3.5399999618530273,3.537100076675415,3.5399999618530273,7152.0
2024-10-25 13:24:00+00:00,MKSI,101.40499877929688,101.40499877929688,101.40499877929688,101.40499877929688,101.40499877929688,128.0
2024-10-25 13:24:00+00:00,MQ,5.275000095367432,5.275000095367432,5.28000020980835,5.275000095367432,5.275000095367432,3774.0
2024-10-25 13:24:00+00:00,MRVL,82.83999633789062,82.83999633789062,82.88999938964844,82.83000183105469,82.88999938964844,7589.0
2024-10-25 13:24:00+00:00,MSFT,429.14898681640625,429.14898681640625,429.14898681640625,428.9049987792969,428.9049987792969,18906.0
2024-10-25 13:24:00+00:00,MSTR,239.9199981689453,239.9199981689453,239.9199981689453,239.2100067138672,239.6199951171875,21116.0
2024-10-25 13:24:00+00:00,MTTR,4.610000133514404,4.610000133514404,4.614999771118164,4.610000133514404,4.614999771118164,2241.0
2024-10-25 13:24:00+00:00,MU,108.66999816894531,108.66999816894531,108.69000244140625,108.6500015258789,108.68000030517578,20596.0
2024-10-25 13:24:00+00:00,MVIS,1.0800000429153442,1.0800000429153442,1.0800000429153442,1.070099949836731,1.0800000429153442,2988.0
2024-10-25 13:24:00+00:00,MXL,14.90999984741211,14.90999984741211,14.90999984741211,14.90999984741211,14.90999984741211,1123.0
2024-10-25 13:24:00+00:00,NCNO,37.7599983215332,37.7599983215332,37.7599983215332,37.7599983215332,37.7599983215332,1015.0
2024-10-25 13:24:00+00:00,NICE,176.3300018310547,176.3300018310547,176.3300018310547,176.3300018310547,176.3300018310547,221.0
2024-10-25 13:24:00+00:00,NSYS,11.90999984741211,11.90999984741211,11.90999984741211,11.90999984741211,11.90999984741211,0.0
2024-10-25 13:24:00+00:00,NTAP,120.01000213623047,120.01000213623047,120.01000213623047,120.01000213623047,120.01000213623047,520.0
2024-10-25 13:24:00+00:00,NTNX,62.09270095825195,62.09270095825195,62.09270095825195,62.09270095825195,62.09270095825195,835.0
2024-10-25 13:24:00+00:00,NVDA,142.89630126953125,142.89630126953125,142.91000366210938,142.80999755859375,142.84500122070312,350687.0
2024-10-25 13:24:00+00:00,NVTS,2.5889999866485596,2.5889999866485596,2.5889999866485596,2.5840001106262207,2.5850000381469727,6219.0
2024-10-25 13:24:00+00:00,NXPI,245.44000244140625,245.44000244140625,245.4499969482422,245.44000244140625,245.4499969482422,664.0
2024-10-25 13:24:00+00:00,OKTA,72.29000091552734,72.29000091552734,72.29000091552734,72.23999786376953,72.23999786376953,1531.0
2024-10-25 13:24:00+00:00,OLED,204.3800048828125,204.3800048828125,204.3800048828125,204.3800048828125,204.3800048828125,229.0
2024-10-25 13:24:00+00:00,ON,71.97000122070312,71.97000122070312,72.0,71.93000030517578,72.0,24359.0
2024-10-25 13:24:00+00:00,OSIS,136.0,136.0,136.0,136.0,136.0,509.0
2024-10-25 13:24:00+00:00,PANW,367.9432067871094,367.9432067871094,367.9432067871094,367.9432067871094,367.9432067871094,690.0
2024-10-25 13:24:00+00:00,PAYO,8.295000076293945,8.295000076293945,8.295000076293945,8.295000076293945,8.295000076293945,1600.0
2024-10-25 13:24:00+00:00,PEGA,79.55999755859375,79.55999755859375,79.55999755859375,79.55999755859375,79.55999755859375,1649.0
2024-10-25 13:24:00+00:00,PHUN,10.270000457763672,10.270000457763672,10.279999732971191,10.260499954223633,10.266500473022461,5789.0
2024-10-25 13:24:00+00:00,PI,203.22999572753906,203.22999572753906,203.5,203.22999572753906,203.5,266.0
2024-10-25 13:24:00+00:00,POET,3.8499999046325684,3.8499999046325684,3.859999895095825,3.8499999046325684,3.859999895095825,678.0
2024-10-25 13:24:00+00:00,PRGS,64.62999725341797,64.62999725341797,64.62999725341797,64.62999725341797,64.62999725341797,213.0
2024-10-25 13:24:00+00:00,PTC,186.46499633789062,186.46499633789062,186.46499633789062,186.46499633789062,186.46499633789062,333.0
2024-10-25 13:24:00+00:00,PUBM,14.770099639892578,14.770099639892578,14.78499984741211,14.770099639892578,14.78499984741211,565.0
2024-10-25 13:24:00+00:00,PYCR,14.3149995803833,14.3149995803833,14.3149995803833,14.3100004196167,14.3100004196167,3927.0
2024-10-25 13:24:00+00:00,QCOM,172.12600708007812,172.12600708007812,172.12600708007812,172.06500244140625,172.11000061035156,2184.0
2024-10-25 13:24:00+00:00,QRVO,100.54000091552734,100.54000091552734,100.54000091552734,100.54000091552734,100.54000091552734,563.0
2024-10-25 13:24:00+00:00,QUBT,1.090000033378601,1.090000033378601,1.090000033378601,1.0700000524520874,1.0800000429153442,29243.0
2024-10-25 13:24:00+00:00,RELY,14.84000015258789,14.84000015258789,14.84000015258789,14.84000015258789,14.84000015258789,523.0
2024-10-25 13:24:00+00:00,RGTI,1.2200000286102295,1.2200000286102295,1.2200000286102295,1.2200000286102295,1.2200000286102295,3800.0
2024-10-25 13:24:00+00:00,RIOT,9.970100402832031,9.970100402832031,9.979999542236328,9.962900161743164,9.96500015258789,15813.0
2024-10-25 13:24:00+00:00,RMBS,43.540000915527344,43.540000915527344,43.55500030517578,43.540000915527344,43.55500030517578,578.0
2024-10-25 13:24:00+00:00,RUM,5.715000152587891,5.715000152587891,5.715000152587891,5.715000152587891,5.715000152587891,1372.0
2024-10-25 13:24:00+00:00,RUN,14.324999809265137,14.324999809265137,14.324999809265137,14.3100004196167,14.3149995803833,3981.0
2024-10-25 13:24:00+00:00,RXT,2.5199999809265137,2.5199999809265137,2.5199999809265137,2.5199999809265137,2.5199999809265137,101.0
2024-10-25 13:24:00+00:00,SANM,67.61000061035156,67.61000061035156,67.61000061035156,67.61000061035156,67.61000061035156,484.0
2024-10-25 13:24:00+00:00,SATS,25.030000686645508,25.030000686645508,25.030000686645508,25.024999618530273,25.024999618530273,494.0
2024-10-25 13:24:00+00:00,SEDG,15.961700439453125,15.961700439453125,15.961700439453125,15.932000160217285,15.949999809265137,6866.0
2024-10-25 13:24:00+00:00,SHLS,5.255000114440918,5.255000114440918,5.255000114440918,5.255000114440918,5.255000114440918,764.0
2024-10-25 13:24:00+00:00,SLNH,4.0183000564575195,4.0183000564575195,4.0183000564575195,4.0183000564575195,4.0183000564575195,2604.0
2024-10-25 13:24:00+00:00,SMCI,47.18000030517578,47.18000030517578,47.20000076293945,47.16320037841797,47.18199920654297,39150.0
2024-10-25 13:24:00+00:00,SMSI,0.7906000018119812,0.7906000018119812,0.7906000018119812,0.7906000018119812,0.7906000018119812,1288.0
2024-10-25 13:24:00+00:00,SMTC,45.93000030517578,45.93000030517578,45.93000030517578,45.93000030517578,45.93000030517578,244.0
2024-10-25 13:24:00+00:00,SNCR,10.600000381469727,10.600000381469727,10.609999656677246,10.600000381469727,10.609999656677246,856.0
2024-10-25 13:24:00+00:00,SOUN,5.215000152587891,5.215000152587891,5.219799995422363,5.204999923706055,5.210000038146973,18134.0
2024-10-25 13:24:00+00:00,SPSC,175.07000732421875,175.07000732421875,175.07000732421875,173.77499389648438,173.8249969482422,2758.0
2024-10-25 13:24:00+00:00,SPT,26.899999618530273,26.899999618530273,26.899999618530273,26.899999618530273,26.899999618530273,784.0
2024-10-25 13:24:00+00:00,SRAD,12.385000228881836,12.385000228881836,12.399999618530273,12.385000228881836,12.399999618530273,22820.0
2024-10-25 13:24:00+00:00,SSNC,69.66500091552734,69.66500091552734,69.72000122070312,69.66500091552734,69.69999694824219,3443.0
2024-10-25 13:24:00+00:00,STNE,11.515000343322754,11.515000343322754,11.517999649047852,11.510000228881836,11.510000228881836,3628.0
2024-10-25 13:24:00+00:00,SWKS,96.66999816894531,96.66999816894531,96.67500305175781,96.66999816894531,96.67500305175781,493.0
2024-10-25 13:24:00+00:00,SYTA,1.309999942779541,1.309999942779541,1.309999942779541,1.2998000383377075,1.2999999523162842,13397.0
2024-10-25 13:24:00+00:00,TEAM,190.31849670410156,190.31849670410156,190.3300018310547,190.27000427246094,190.3300018310547,1293.0
2024-10-25 13:24:00+00:00,TENB,41.67499923706055,41.67499923706055,41.67499923706055,41.67499923706055,41.67499923706055,166.0
2024-10-25 13:24:00+00:00,TER,113.04000091552734,113.04000091552734,113.08499908447266,113.02999877929688,113.08000183105469,2413.0
2024-10-25 13:24:00+00:00,TLS,3.634999990463257,3.634999990463257,3.634999990463257,3.634999990463257,3.634999990463257,213.0
2024-10-25 13:24:00+00:00,TRMB,61.14500045776367,61.14500045776367,61.14500045776367,61.125,61.130001068115234,746.0
2024-10-25 13:24:00+00:00,TSEM,45.14500045776367,45.14500045776367,45.14500045776367,45.14500045776367,45.14500045776367,160.0
2024-10-25 13:24:00+00:00,TTD,118.76000213623047,118.76000213623047,118.76000213623047,118.68000030517578,118.68000030517578,2035.0
2024-10-25 13:24:00+00:00,TTEC,5.369999885559082,5.369999885559082,5.369999885559082,5.369999885559082,5.369999885559082,659.0
2024-10-25 13:24:00+00:00,TWKS,4.449999809265137,4.449999809265137,4.449999809265137,4.449999809265137,4.449999809265137,1811.0
2024-10-25 13:24:00+00:00,TXN,208.9199981689453,208.9199981689453,208.9199981689453,208.75999450683594,208.7899932861328,4804.0
2024-10-25 13:24:00+00:00,UCTT,35.84000015258789,35.84000015258789,35.84000015258789,35.84000015258789,35.84000015258789,367.0
2024-10-25 13:24:00+00:00,VECO,29.459999084472656,29.459999084472656,29.459999084472656,29.44499969482422,29.44499969482422,1526.0
2024-10-25 13:24:00+00:00,VERI,3.417099952697754,3.417099952697754,3.417099952697754,3.417099952697754,3.417099952697754,228.0
2024-10-25 13:24:00+00:00,VERX,41.92499923706055,41.92499923706055,41.92499923706055,41.92499923706055,41.92499923706055,139.0
2024-10-25 13:24:00+00:00,VIAV,9.239999771118164,9.239999771118164,9.244999885559082,9.239999771118164,9.244999885559082,11516.0
2024-10-25 13:24:00+00:00,VRNS,56.900001525878906,56.900001525878906,56.900001525878906,56.869998931884766,56.869998931884766,1893.0
2024-10-25 13:24:00+00:00,VRNT,22.15999984741211,22.15999984741211,22.15999984741211,22.15999984741211,22.15999984741211,491.0
2024-10-25 13:24:00+00:00,VRSN,184.6300048828125,184.6300048828125,184.6300048828125,184.6300048828125,184.6300048828125,561.0
2024-10-25 13:24:00+00:00,VSAT,10.319999694824219,10.319999694824219,10.319999694824219,10.3100004196167,10.3100004196167,563.0
2024-10-25 13:24:00+00:00,VUZI,1.315000057220459,1.315000057220459,1.315000057220459,1.315000057220459,1.315000057220459,301.0
2024-10-25 13:24:00+00:00,WDAY,239.2427978515625,239.2427978515625,239.2427978515625,239.2100067138672,239.2100067138672,1818.0
2024-10-25 13:24:00+00:00,WDC,70.88999938964844,70.88999938964844,70.88999938964844,70.70999908447266,70.70999908447266,15710.0
2024-10-25 13:24:00+00:00,WISA,1.9399000406265259,1.9399000406265259,1.9399000406265259,1.9399000406265259,1.9399000406265259,1090.0
2024-10-25 13:24:00+00:00,WLDS,3.509999990463257,3.509999990463257,3.509999990463257,3.450000047683716,3.450000047683716,3019.0
2024-10-25 13:24:00+00:00,XPER,9.430000305175781,9.430000305175781,9.430000305175781,9.430000305175781,9.430000305175781,845.0
2024-10-25 13:24:00+00:00,XRX,10.055000305175781,10.055000305175781,10.055000305175781,10.055000305175781,10.055000305175781,391.0
2024-10-25 13:24:00+00:00,ZI,10.520000457763672,10.520000457763672,10.520000457763672,10.515000343322754,10.515000343322754,876.0
2024-10-25 13:24:00+00:00,ZM,73.05999755859375,73.05999755859375,73.05999755859375,73.05999755859375,73.05999755859375,1629.0
2024-10-25 13:24:00+00:00,ZS,185.35000610351562,185.35000610351562,185.35000610351562,185.3300018310547,185.3498992919922,1669.0
2024-10-25 13:25:00+00:00,AAPL,231.88999938964844,231.88999938964844,231.9467010498047,231.8489990234375,231.88999938964844,26918.0
2024-10-25 13:25:00+00:00,ACLS,90.16500091552734,90.16500091552734,90.18000030517578,90.0999984741211,90.1500015258789,4248.0
2024-10-25 13:25:00+00:00,ACMR,19.770000457763672,19.770000457763672,19.770000457763672,19.770000457763672,19.770000457763672,207.0
2024-10-25 13:25:00+00:00,ADSK,286.3399963378906,286.3399963378906,286.3399963378906,286.3301086425781,286.3301086425781,796.0
2024-10-25 13:25:00+00:00,ADTN,6.375,6.375,6.375,6.375,6.375,818.0
2024-10-25 13:25:00+00:00,AEHR,17.139999389648438,17.139999389648438,17.139999389648438,17.11870002746582,17.11870002746582,1030.0
2024-10-25 13:25:00+00:00,AFRM,41.543800354003906,41.543800354003906,41.56999969482422,41.529998779296875,41.529998779296875,25842.0
2024-10-25 13:25:00+00:00,AKTS,0.05900000035762787,0.05900000035762787,0.05900000035762787,0.05889999866485596,0.05889999866485596,69236.0
2024-10-25 13:25:00+00:00,ALGM,23.020000457763672,23.020000457763672,23.030000686645508,23.020000457763672,23.024999618530273,2924.0
2024-10-25 13:25:00+00:00,AMAT,188.31500244140625,188.31500244140625,188.3699951171875,188.27000427246094,188.32000732421875,6300.0
2024-10-25 13:25:00+00:00,AMD,157.1999969482422,157.1999969482422,157.29989624023438,157.16009521484375,157.25999450683594,30915.0
2024-10-25 13:25:00+00:00,AMKR,30.045000076293945,30.045000076293945,30.049999237060547,30.040000915527344,30.040000915527344,1286.0
2024-10-25 13:25:00+00:00,AMPL,9.140999794006348,9.140999794006348,9.140999794006348,9.140999794006348,9.140999794006348,1128.0
2024-10-25 13:25:00+00:00,AMST,2.8989999294281006,2.8989999294281006,2.8989999294281006,2.8989999294281006,2.8989999294281006,1000.0
2024-10-25 13:25:00+00:00,API,2.944999933242798,2.944999933242798,2.944999933242798,2.944999933242798,2.944999933242798,400.0
2024-10-25 13:25:00+00:00,APP,160.74090576171875,160.74090576171875,160.8000030517578,160.6199951171875,160.6999969482422,1774.0
2024-10-25 13:25:00+00:00,APPF,213.27499389648438,213.27499389648438,213.27499389648438,213.27499389648438,213.27499389648438,313.0
2024-10-25 13:25:00+00:00,ARBEW,0.18729999661445618,0.18729999661445618,0.18729999661445618,0.18729999661445618,0.18729999661445618,0.0
2024-10-25 13:25:00+00:00,ARRY,6.389999866485596,6.389999866485596,6.400000095367432,6.389999866485596,6.389999866485596,15957.0
2024-10-25 13:25:00+00:00,ASML,717.3300170898438,717.3300170898438,717.3300170898438,717.1599731445312,717.1599731445312,1610.0
2024-10-25 13:25:00+00:00,ASNS,1.2999999523162842,1.2999999523162842,1.2999999523162842,1.2999999523162842,1.2999999523162842,279.0
2024-10-25 13:25:00+00:00,AUR,6.445000171661377,6.445000171661377,6.449999809265137,6.440000057220459,6.445000171661377,6846.0
2024-10-25 13:25:00+00:00,AVDX,8.119999885559082,8.119999885559082,8.119999885559082,8.119999885559082,8.119999885559082,432.0
2024-10-25 13:25:00+00:00,AVGO,175.0399932861328,175.0399932861328,175.08999633789062,175.02999877929688,175.08999633789062,7012.0
2024-10-25 13:25:00+00:00,AVPT,11.970000267028809,11.970000267028809,11.970000267028809,11.970000267028809,11.970000267028809,1128.0
2024-10-25 13:25:00+00:00,AXTI,2.694999933242798,2.694999933242798,2.694999933242798,2.694999933242798,2.694999933242798,200.0
2024-10-25 13:25:00+00:00,AZPN,236.0,236.0,236.0,236.0,236.0,1251.0
2024-10-25 13:25:00+00:00,BAND,17.6200008392334,17.6200008392334,17.6200008392334,17.6200008392334,17.6200008392334,376.0
2024-10-25 13:25:00+00:00,BIGC,5.315000057220459,5.315000057220459,5.315000057220459,5.315000057220459,5.315000057220459,6615.0
2024-10-25 13:25:00+00:00,BMBL,7.144999980926514,7.144999980926514,7.150000095367432,7.144999980926514,7.144999980926514,7649.0
2024-10-25 13:25:00+00:00,BRZE,30.649999618530273,30.649999618530273,30.649999618530273,30.649999618530273,30.649999618530273,838.0
2024-10-25 13:25:00+00:00,BSY,49.07600021362305,49.07600021362305,49.07600021362305,49.07600021362305,49.07600021362305,683.0
2024-10-25 13:25:00+00:00,CDNS,259.2200012207031,259.2200012207031,259.2898864746094,259.2200012207031,259.2650146484375,3842.0
2024-10-25 13:25:00+00:00,CFLT,22.6200008392334,22.6200008392334,22.6200008392334,22.594999313354492,22.594999313354492,2709.0
2024-10-25 13:25:00+00:00,CGNX,38.880001068115234,38.880001068115234,38.88999938964844,38.880001068115234,38.88999938964844,906.0
2024-10-25 13:25:00+00:00,CISO,0.8787000179290771,0.8787000179290771,0.8787000179290771,0.8787000179290771,0.8787000179290771,110.0
2024-10-25 13:25:00+00:00,CLFD,36.46500015258789,36.46500015258789,36.46500015258789,36.46500015258789,36.46500015258789,703.0
2024-10-25 13:25:00+00:00,CLRO,0.5892999768257141,0.5892999768257141,0.5892999768257141,0.5892999768257141,0.5892999768257141,6.0
2024-10-25 13:25:00+00:00,CLSK,11.859999656677246,11.859999656677246,11.880000114440918,11.854000091552734,11.875,59778.0
2024-10-25 13:25:00+00:00,CMBM,1.2497999668121338,1.2497999668121338,1.2497999668121338,1.2497999668121338,1.2497999668121338,400.0
2024-10-25 13:25:00+00:00,CNDT,3.6050000190734863,3.6050000190734863,3.6050000190734863,3.6050000190734863,3.6050000190734863,508.0
2024-10-25 13:25:00+00:00,COHR,95.49500274658203,95.49500274658203,95.49500274658203,95.49500274658203,95.49500274658203,667.0
2024-10-25 13:25:00+00:00,COIN,211.14999389648438,211.14999389648438,211.14999389648438,210.52999877929688,210.75999450683594,5156.0
2024-10-25 13:25:00+00:00,COMM,6.304999828338623,6.304999828338623,6.304999828338623,6.304999828338623,6.304999828338623,411.0
2024-10-25 13:25:00+00:00,CORZ,13.395000457763672,13.395000457763672,13.395000457763672,13.385000228881836,13.385000228881836,4587.0
2024-10-25 13:25:00+00:00,CORZW,7.861700057983398,7.861700057983398,7.861700057983398,7.861700057983398,7.861700057983398,2345.0
2024-10-25 13:25:00+00:00,CRDO,39.42499923706055,39.42499923706055,39.42499923706055,39.38999938964844,39.38999938964844,2443.0
2024-10-25 13:25:00+00:00,CRNC,2.9149999618530273,2.9149999618530273,2.9149999618530273,2.9149999618530273,2.9149999618530273,313.0
2024-10-25 13:25:00+00:00,CRWD,301.5,301.5,301.70001220703125,301.5,301.70001220703125,4511.0
2024-10-25 13:25:00+00:00,CSCO,55.880001068115234,55.880001068115234,55.8849983215332,55.87229919433594,55.8849983215332,7600.0
2024-10-25 13:25:00+00:00,CSIQ,13.670000076293945,13.670000076293945,13.670000076293945,13.640000343322754,13.652700424194336,6704.0
2024-10-25 13:25:00+00:00,CTSH,74.86000061035156,74.86000061035156,74.86000061035156,74.84500122070312,74.84500122070312,1616.0
2024-10-25 13:25:00+00:00,CYBR,290.7250061035156,290.7250061035156,290.7250061035156,290.7250061035156,290.7250061035156,3737.0
2024-10-25 13:25:00+00:00,DAKT,13.0,13.0,13.005000114440918,13.0,13.005000114440918,217.0
2024-10-25 13:25:00+00:00,DBX,25.989999771118164,25.989999771118164,26.0,25.989999771118164,26.0,5365.0
2024-10-25 13:25:00+00:00,DDOG,127.26000213623047,127.26000213623047,127.31999969482422,127.2489013671875,127.25499725341797,3663.0
2024-10-25 13:25:00+00:00,DGHI,1.5800000429153442,1.5800000429153442,1.5800000429153442,1.5800000429153442,1.5800000429153442,350.0
2024-10-25 13:25:00+00:00,DLO,8.880000114440918,8.880000114440918,8.880000114440918,8.880000114440918,8.880000114440918,1168.0
2024-10-25 13:25:00+00:00,DOCU,69.63200378417969,69.63200378417969,69.66999816894531,69.63200378417969,69.66999816894531,6359.0
2024-10-25 13:25:00+00:00,DUOL,290.14910888671875,290.14910888671875,290.14910888671875,289.989990234375,290.010009765625,530.0
2024-10-25 13:25:00+00:00,EEFT,99.34500122070312,99.34500122070312,99.34500122070312,99.30000305175781,99.30000305175781,731.0
2024-10-25 13:25:00+00:00,ENPH,83.30999755859375,83.30999755859375,83.33000183105469,83.25550079345703,83.29000091552734,5991.0
2024-10-25 13:25:00+00:00,ENTG,105.93000030517578,105.93000030517578,106.0199966430664,105.93000030517578,105.94000244140625,1377.0
2024-10-25 13:25:00+00:00,ERIC,8.454999923706055,8.454999923706055,8.454999923706055,8.454999923706055,8.454999923706055,4866.0
2024-10-25 13:25:00+00:00,EXLS,38.84199905395508,38.84199905395508,38.84199905395508,38.84199905395508,38.84199905395508,387.0
2024-10-25 13:25:00+00:00,EXTR,14.4399995803833,14.4399995803833,14.4399995803833,14.4399995803833,14.4399995803833,965.0
2024-10-25 13:25:00+00:00,FFIV,216.42999267578125,216.42999267578125,216.50999450683594,216.42999267578125,216.50999450683594,510.0
2024-10-25 13:25:00+00:00,FIVN,29.829999923706055,29.829999923706055,29.84000015258789,29.81999969482422,29.829999923706055,2474.0
2024-10-25 13:25:00+00:00,FLEX,35.22999954223633,35.22999954223633,35.22999954223633,35.224998474121094,35.224998474121094,1216.0
2024-10-25 13:25:00+00:00,FLYW,17.520000457763672,17.520000457763672,17.520000457763672,17.520000457763672,17.520000457763672,794.0
2024-10-25 13:25:00+00:00,FORM,45.119998931884766,45.119998931884766,45.119998931884766,45.119998931884766,45.119998931884766,286.0
2024-10-25 13:25:00+00:00,FROG,29.280000686645508,29.280000686645508,29.280000686645508,29.274999618530273,29.274999618530273,613.0
2024-10-25 13:25:00+00:00,FRSH,11.645000457763672,11.645000457763672,11.646300315856934,11.645000457763672,11.645000457763672,1946.0
2024-10-25 13:25:00+00:00,FSLR,198.1199951171875,198.1199951171875,198.1199951171875,198.1199951171875,198.1199951171875,301.0
2024-10-25 13:25:00+00:00,FTCI,0.6610000133514404,0.6610000133514404,0.6610000133514404,0.6610000133514404,0.6610000133514404,396.0
2024-10-25 13:25:00+00:00,FTNT,80.87000274658203,80.87000274658203,80.87000274658203,80.8499984741211,80.87000274658203,2333.0
2024-10-25 13:25:00+00:00,GCT,24.800100326538086,24.800100326538086,24.81999969482422,24.790000915527344,24.81999969482422,1398.0
2024-10-25 13:25:00+00:00,GDS,21.510000228881836,21.510000228881836,21.520000457763672,21.510000228881836,21.520000457763672,1973.0
2024-10-25 13:25:00+00:00,GDYN,15.524999618530273,15.524999618530273,15.524999618530273,15.524999618530273,15.524999618530273,221.0
2024-10-25 13:25:00+00:00,GFS,40.95000076293945,40.95000076293945,40.95000076293945,40.95000076293945,40.95000076293945,5711.0
2024-10-25 13:25:00+00:00,GILT,4.940000057220459,4.940000057220459,4.940000057220459,4.940000057220459,4.940000057220459,88.0
2024-10-25 13:25:00+00:00,GPRO,1.340000033378601,1.340000033378601,1.340000033378601,1.3350000381469727,1.3350000381469727,686.0
2024-10-25 13:25:00+00:00,GRAB,4.09499979019165,4.09499979019165,4.099899768829346,4.090000152587891,4.09499979019165,3398.0
2024-10-25 13:25:00+00:00,GTLB,55.494998931884766,55.494998931884766,55.51499938964844,55.494998931884766,55.51499938964844,996.0
2024-10-25 13:25:00+00:00,HCP,33.665000915527344,33.665000915527344,33.66999816894531,33.65999984741211,33.665000915527344,2416.0
2024-10-25 13:25:00+00:00,HLIT,14.805000305175781,14.805000305175781,14.805000305175781,14.805000305175781,14.805000305175781,1442.0
2024-10-25 13:25:00+00:00,HOLO,3.5899999141693115,3.5899999141693115,3.5899999141693115,3.549999952316284,3.569999933242798,18375.0
2024-10-25 13:25:00+00:00,HOOD,27.295000076293945,27.295000076293945,27.299999237060547,27.274999618530273,27.28499984741211,6131.0
2024-10-25 13:25:00+00:00,ICHR,27.690000534057617,27.690000534057617,27.690000534057617,27.690000534057617,27.690000534057617,251.0
2024-10-25 13:25:00+00:00,INDI,3.549999952316284,3.549999952316284,3.549999952316284,3.5450000762939453,3.5450000762939453,2466.0
2024-10-25 13:25:00+00:00,INTA,50.04499816894531,50.04499816894531,50.04499816894531,50.04499816894531,50.04499816894531,200.0
2024-10-25 13:25:00+00:00,INTC,23.014999389648438,23.014999389648438,23.020000457763672,22.993999481201172,22.9950008392334,117363.0
2024-10-25 13:25:00+00:00,IPGP,77.26000213623047,77.26000213623047,77.26000213623047,77.26000213623047,77.26000213623047,297.0
2024-10-25 13:25:00+00:00,KC,2.7149999141693115,2.7149999141693115,2.7200000286102295,2.7149999141693115,2.7149999141693115,427.0
2024-10-25 13:25:00+00:00,KLAC,678.9470825195312,678.9470825195312,678.9470825195312,678.9470825195312,678.9470825195312,757.0
2024-10-25 13:25:00+00:00,LASR,10.425000190734863,10.425000190734863,10.425000190734863,10.420000076293945,10.420000076293945,1236.0
2024-10-25 13:25:00+00:00,LINK,5.010000228881836,5.010000228881836,5.039999961853027,5.0,5.019999980926514,6524.0
2024-10-25 13:25:00+00:00,LITE,64.02999877929688,64.02999877929688,64.02999877929688,63.9900016784668,63.9900016784668,3474.0
2024-10-25 13:25:00+00:00,LRCX,78.87999725341797,78.87999725341797,78.9124984741211,78.87000274658203,78.8915023803711,7254.0
2024-10-25 13:25:00+00:00,LSCC,54.474998474121094,54.474998474121094,54.4900016784668,54.459999084472656,54.459999084472656,477.0
2024-10-25 13:25:00+00:00,LYFT,13.744999885559082,13.744999885559082,13.75,13.739999771118164,13.739999771118164,15586.0
2024-10-25 13:25:00+00:00,LYTS,16.239999771118164,16.239999771118164,16.239999771118164,16.239999771118164,16.239999771118164,242.0
2024-10-25 13:25:00+00:00,MAXN,5.612299919128418,5.612299919128418,5.612299919128418,5.612299919128418,5.612299919128418,500.0
2024-10-25 13:25:00+00:00,MCHP,77.12000274658203,77.12000274658203,77.12999725341797,77.12000274658203,77.12000274658203,2165.0
2024-10-25 13:25:00+00:00,MITK,8.770000457763672,8.770000457763672,8.770000457763672,8.770000457763672,8.770000457763672,254.0
2024-10-25 13:25:00+00:00,MKSI,101.47000122070312,101.47000122070312,101.47000122070312,101.47000122070312,101.47000122070312,216.0
2024-10-25 13:25:00+00:00,MQ,5.275000095367432,5.275000095367432,5.275000095367432,5.275000095367432,5.275000095367432,795.0
2024-10-25 13:25:00+00:00,MRVL,82.80000305175781,82.80000305175781,82.83999633789062,82.79499816894531,82.83000183105469,8673.0
2024-10-25 13:25:00+00:00,MSFT,428.8146057128906,428.8146057128906,429.0450134277344,428.7200012207031,429.0299987792969,29890.0
2024-10-25 13:25:00+00:00,MSTR,239.5399932861328,239.5399932861328,239.9499969482422,239.1999969482422,239.89500427246094,56694.0
2024-10-25 13:25:00+00:00,MTTR,4.614999771118164,4.614999771118164,4.616000175476074,4.610000133514404,4.614999771118164,5198.0
2024-10-25 13:25:00+00:00,MU,108.5999984741211,108.5999984741211,108.67990112304688,108.5999984741211,108.67990112304688,8084.0
2024-10-25 13:25:00+00:00,MVIS,1.0800000429153442,1.0800000429153442,1.090000033378601,1.0800000429153442,1.0800000429153442,26878.0
2024-10-25 13:25:00+00:00,NCNO,37.77000045776367,37.77000045776367,37.77000045776367,37.77000045776367,37.77000045776367,1082.0
2024-10-25 13:25:00+00:00,NTAP,120.01000213623047,120.01000213623047,120.01000213623047,120.01000213623047,120.01000213623047,384.0
2024-10-25 13:25:00+00:00,NVDA,142.74000549316406,142.74000549316406,142.8800048828125,142.72999572753906,142.8800048828125,455517.0
2024-10-25 13:25:00+00:00,NVEI,33.51499938964844,33.51499938964844,33.51499938964844,33.51499938964844,33.51499938964844,614.0
2024-10-25 13:25:00+00:00,NVTS,2.5899999141693115,2.5899999141693115,2.5899999141693115,2.5850000381469727,2.5850000381469727,832.0
2024-10-25 13:25:00+00:00,OKTA,72.27999877929688,72.27999877929688,72.29010009765625,72.27999877929688,72.29000091552734,1108.0
2024-10-25 13:25:00+00:00,OLED,204.66000366210938,204.66000366210938,204.66000366210938,204.66000366210938,204.66000366210938,729.0
2024-10-25 13:25:00+00:00,ON,71.97000122070312,71.97000122070312,71.9800033569336,71.95999908447266,71.95999908447266,13614.0
2024-10-25 13:25:00+00:00,OSPN,14.619999885559082,14.619999885559082,14.619999885559082,14.619999885559082,14.619999885559082,1802.0
2024-10-25 13:25:00+00:00,PANW,367.8616943359375,367.8616943359375,367.8616943359375,367.8616943359375,367.8616943359375,1099.0
2024-10-25 13:25:00+00:00,PAYO,8.295000076293945,8.295000076293945,8.295000076293945,8.295000076293945,8.295000076293945,316.0
2024-10-25 13:25:00+00:00,PEGA,79.61499786376953,79.61499786376953,79.66000366210938,79.56500244140625,79.56500244140625,4012.0
2024-10-25 13:25:00+00:00,PEGY,4.679900169372559,4.679900169372559,4.699999809265137,4.670000076293945,4.670000076293945,7191.0
2024-10-25 13:25:00+00:00,PGY,11.869999885559082,11.869999885559082,11.869999885559082,11.869999885559082,11.869999885559082,2418.0
2024-10-25 13:25:00+00:00,PHUN,10.239999771118164,10.239999771118164,10.26990032196045,10.210000038146973,10.269000053405762,11501.0
2024-10-25 13:25:00+00:00,PI,203.5,203.5,203.5,203.5,203.5,347.0
2024-10-25 13:25:00+00:00,PLXS,141.60000610351562,141.60000610351562,141.60000610351562,141.60000610351562,141.60000610351562,137.0
2024-10-25 13:25:00+00:00,PRCH,1.3250000476837158,1.3250000476837158,1.3250000476837158,1.3250000476837158,1.3250000476837158,200.0
2024-10-25 13:25:00+00:00,PRGS,64.5999984741211,64.5999984741211,64.5999984741211,64.5999984741211,64.5999984741211,275.0
2024-10-25 13:25:00+00:00,PTC,186.47500610351562,186.47500610351562,186.47500610351562,186.47500610351562,186.47500610351562,188.0
2024-10-25 13:25:00+00:00,QCOM,172.0800018310547,172.0800018310547,172.17999267578125,172.0800018310547,172.17340087890625,2338.0
2024-10-25 13:25:00+00:00,QLYS,119.71330261230469,119.71330261230469,119.71330261230469,119.71330261230469,119.71330261230469,209.0
2024-10-25 13:25:00+00:00,QRVO,100.55999755859375,100.55999755859375,100.55999755859375,100.55999755859375,100.55999755859375,275.0
2024-10-25 13:25:00+00:00,RCAT,2.7699999809265137,2.7699999809265137,2.7699999809265137,2.7699999809265137,2.7699999809265137,1200.0
2024-10-25 13:25:00+00:00,RELY,14.850000381469727,14.850000381469727,14.850000381469727,14.84000015258789,14.84000015258789,4725.0
2024-10-25 13:25:00+00:00,RGTI,1.2200000286102295,1.2200000286102295,1.2200000286102295,1.2200000286102295,1.2200000286102295,0.0
2024-10-25 13:25:00+00:00,RIOT,9.96399974822998,9.96399974822998,9.979999542236328,9.960100173950195,9.970100402832031,34233.0
2024-10-25 13:25:00+00:00,RMBS,43.560001373291016,43.560001373291016,43.560001373291016,43.560001373291016,43.560001373291016,289.0
2024-10-25 13:25:00+00:00,RMNI,1.725000023841858,1.725000023841858,1.725000023841858,1.725000023841858,1.725000023841858,938.0
2024-10-25 13:25:00+00:00,RUM,5.71999979019165,5.71999979019165,5.71999979019165,5.715000152587891,5.715000152587891,9792.0
2024-10-25 13:25:00+00:00,RUN,14.343999862670898,14.343999862670898,14.345000267028809,14.324999809265137,14.329999923706055,11426.0
2024-10-25 13:25:00+00:00,RXT,2.5199999809265137,2.5199999809265137,2.5199999809265137,2.5199999809265137,2.5199999809265137,474.0
2024-10-25 13:25:00+00:00,SATS,25.06999969482422,25.06999969482422,25.09000015258789,25.040000915527344,25.040000915527344,3519.0
2024-10-25 13:25:00+00:00,SCSC,44.709999084472656,44.709999084472656,44.72999954223633,44.63999938964844,44.68000030517578,2299.0
2024-10-25 13:25:00+00:00,SEDG,15.960000038146973,15.960000038146973,15.969900131225586,15.949999809265137,15.949999809265137,19531.0
2024-10-25 13:25:00+00:00,SHLS,5.264999866485596,5.264999866485596,5.264999866485596,5.255000114440918,5.25540018081665,4508.0
2024-10-25 13:25:00+00:00,SMCI,47.13999938964844,47.13999938964844,47.189998626708984,47.130001068115234,47.18000030517578,52721.0
2024-10-25 13:25:00+00:00,SMSI,0.7936000227928162,0.7936000227928162,0.7936000227928162,0.7936000227928162,0.7936000227928162,407.0
2024-10-25 13:25:00+00:00,SNCR,10.569499969482422,10.569499969482422,10.569499969482422,10.569499969482422,10.569499969482422,412.0
2024-10-25 13:25:00+00:00,SNPS,504.1099853515625,504.1099853515625,504.1600036621094,504.1099853515625,504.1600036621094,1732.0
2024-10-25 13:25:00+00:00,SOUN,5.215000152587891,5.215000152587891,5.21999979019165,5.215000152587891,5.215000152587891,10788.0
2024-10-25 13:25:00+00:00,SPI,0.42410001158714294,0.42410001158714294,0.42410001158714294,0.42410001158714294,0.42410001158714294,292.0
2024-10-25 13:25:00+00:00,SPSC,175.11990356445312,175.11990356445312,175.11990356445312,175.11990356445312,175.11990356445312,155.0
2024-10-25 13:25:00+00:00,SPT,26.860000610351562,26.860000610351562,26.860000610351562,26.860000610351562,26.860000610351562,1075.0
2024-10-25 13:25:00+00:00,SRAD,12.385000228881836,12.385000228881836,12.385000228881836,12.385000228881836,12.385000228881836,181.0
2024-10-25 13:25:00+00:00,SSNC,69.69999694824219,69.69999694824219,69.72000122070312,69.68000030517578,69.68000030517578,4245.0
2024-10-25 13:25:00+00:00,SSYS,7.079999923706055,7.079999923706055,7.079999923706055,7.079999923706055,7.079999923706055,236.0
2024-10-25 13:25:00+00:00,STER,16.735000610351562,16.735000610351562,16.735000610351562,16.735000610351562,16.735000610351562,581.0
2024-10-25 13:25:00+00:00,STNE,11.524999618530273,11.524999618530273,11.524999618530273,11.520000457763672,11.520000457763672,3733.0
2024-10-25 13:25:00+00:00,STX,103.91000366210938,103.91000366210938,103.97000122070312,103.91000366210938,103.97000122070312,1294.0
2024-10-25 13:25:00+00:00,SWKS,96.63999938964844,96.63999938964844,96.66500091552734,96.63999938964844,96.66000366210938,1155.0
2024-10-25 13:25:00+00:00,SYNA,73.13999938964844,73.13999938964844,73.13999938964844,73.13999938964844,73.13999938964844,663.0
2024-10-25 13:25:00+00:00,SYTA,1.309999942779541,1.309999942779541,1.3199000358581543,1.309999942779541,1.3199000358581543,2566.0
2024-10-25 13:25:00+00:00,TAOP,0.4887999892234802,0.4887999892234802,0.49799999594688416,0.4887999892234802,0.4887999892234802,3492.0
2024-10-25 13:25:00+00:00,TEAM,190.22500610351562,190.22500610351562,190.27499389648438,190.14999389648438,190.27499389648438,1712.0
2024-10-25 13:25:00+00:00,TENB,41.70000076293945,41.70000076293945,41.709999084472656,41.70000076293945,41.70000076293945,969.0
2024-10-25 13:25:00+00:00,TER,113.00499725341797,113.00499725341797,113.0199966430664,112.97000122070312,113.0199966430664,18325.0
2024-10-25 13:25:00+00:00,TRMB,61.150001525878906,61.150001525878906,61.150001525878906,61.130001068115234,61.13999938964844,1095.0
2024-10-25 13:25:00+00:00,TTD,118.7249984741211,118.7249984741211,118.75,118.70999908447266,118.70999908447266,1137.0
2024-10-25 13:25:00+00:00,TWKS,4.449999809265137,4.449999809265137,4.449999809265137,4.449999809265137,4.449999809265137,1007.0
2024-10-25 13:25:00+00:00,TXN,208.8560028076172,208.8560028076172,208.89999389648438,208.7899932861328,208.82000732421875,2504.0
2024-10-25 13:25:00+00:00,UPLD,2.130000114440918,2.130000114440918,2.130000114440918,2.130000114440918,2.130000114440918,295.0
2024-10-25 13:25:00+00:00,VECO,29.459999084472656,29.459999084472656,29.459999084472656,29.459999084472656,29.459999084472656,499.0
2024-10-25 13:25:00+00:00,VERI,3.4200000762939453,3.4200000762939453,3.4200000762939453,3.4200000762939453,3.4200000762939453,667.0
2024-10-25 13:25:00+00:00,VIAV,9.25,9.25,9.25,9.25,9.25,795.0
2024-10-25 13:25:00+00:00,VICR,46.6150016784668,46.6150016784668,46.6150016784668,46.6150016784668,46.6150016784668,292.0
2024-10-25 13:25:00+00:00,VMEO,4.769999980926514,4.769999980926514,4.769999980926514,4.769999980926514,4.769999980926514,926.0
2024-10-25 13:25:00+00:00,VNET,3.420300006866455,3.420300006866455,3.420300006866455,3.420300006866455,3.420300006866455,2040.0
2024-10-25 13:25:00+00:00,VOXX,7.664999961853027,7.664999961853027,7.664999961853027,7.664999961853027,7.664999961853027,153.0
2024-10-25 13:25:00+00:00,VRNS,56.88999938964844,56.88999938964844,56.900001525878906,56.88999938964844,56.900001525878906,1197.0
2024-10-25 13:25:00+00:00,VRSN,184.60000610351562,184.60000610351562,184.6300048828125,184.60000610351562,184.6300048828125,1313.0
2024-10-25 13:25:00+00:00,VSAT,10.329999923706055,10.329999923706055,10.329999923706055,10.319999694824219,10.319999694824219,2305.0
2024-10-25 13:25:00+00:00,WDAY,239.19000244140625,239.19000244140625,239.19000244140625,239.19000244140625,239.19000244140625,1624.0
2024-10-25 13:25:00+00:00,WDC,70.81500244140625,70.81500244140625,70.93499755859375,70.81500244140625,70.88899993896484,21139.0
2024-10-25 13:25:00+00:00,WISA,1.9299999475479126,1.9299999475479126,1.9299999475479126,1.9200999736785889,1.9213000535964966,3755.0
2024-10-25 13:25:00+00:00,WLDS,3.376800060272217,3.376800060272217,3.450000047683716,3.376800060272217,3.450000047683716,6318.0
2024-10-25 13:25:00+00:00,XPER,9.4399995803833,9.4399995803833,9.4399995803833,9.4399995803833,9.4399995803833,146.0
2024-10-25 13:25:00+00:00,XRX,10.055000305175781,10.055000305175781,10.055000305175781,10.055000305175781,10.055000305175781,326.0
2024-10-25 13:25:00+00:00,ZI,10.515000343322754,10.515000343322754,10.515000343322754,10.515000343322754,10.515000343322754,564.0
2024-10-25 13:25:00+00:00,ZM,73.06839752197266,73.06839752197266,73.06839752197266,73.05999755859375,73.05999755859375,560.0
2024-10-25 13:25:00+00:00,ZS,185.3000030517578,185.3000030517578,185.3000030517578,185.3000030517578,185.3000030517578,1202.0
2024-10-25 13:26:00+00:00,AAOI,17.739999771118164,17.739999771118164,17.759899139404297,17.739999771118164,17.759899139404297,3543.0
2024-10-25 13:26:00+00:00,AAPL,231.89999389648438,231.89999389648438,231.89999389648438,231.8300018310547,231.8699951171875,25932.0
2024-10-25 13:26:00+00:00,ACIW,48.630001068115234,48.630001068115234,48.650001525878906,48.630001068115234,48.650001525878906,654.0
2024-10-25 13:26:00+00:00,ACLS,90.28500366210938,90.28500366210938,90.28500366210938,90.25,90.25,427.0
2024-10-25 13:26:00+00:00,ACMR,19.75189971923828,19.75189971923828,19.75189971923828,19.75189971923828,19.75189971923828,1324.0
2024-10-25 13:26:00+00:00,ADI,233.07000732421875,233.07000732421875,233.13999938964844,233.07000732421875,233.13999938964844,1202.0
2024-10-25 13:26:00+00:00,ADSK,286.26959228515625,286.26959228515625,286.26959228515625,286.26959228515625,286.26959228515625,165.0
2024-10-25 13:26:00+00:00,AEHR,17.148000717163086,17.148000717163086,17.148000717163086,17.14299964904785,17.14299964904785,393.0
2024-10-25 13:26:00+00:00,AFRM,41.5,41.5,41.53120040893555,41.4900016784668,41.53120040893555,15643.0
2024-10-25 13:26:00+00:00,AKTS,0.05900000035762787,0.05900000035762787,0.05900000035762787,0.05900000035762787,0.05900000035762787,10550.0
2024-10-25 13:26:00+00:00,ALGM,23.010000228881836,23.010000228881836,23.030000686645508,23.010000228881836,23.020000457763672,2831.0
2024-10-25 13:26:00+00:00,AMAT,188.2550048828125,188.2550048828125,188.31500244140625,188.24000549316406,188.31500244140625,3562.0
2024-10-25 13:26:00+00:00,AMD,157.11500549316406,157.11500549316406,157.19000244140625,157.0800018310547,157.18499755859375,23748.0
2024-10-25 13:26:00+00:00,AMKR,30.020000457763672,30.020000457763672,30.030000686645508,30.010000228881836,30.030000686645508,1270.0
2024-10-25 13:26:00+00:00,ANSS,324.1549987792969,324.1549987792969,324.1549987792969,324.1549987792969,324.1549987792969,278.0
2024-10-25 13:26:00+00:00,APCX,0.7382000088691711,0.7382000088691711,0.7382000088691711,0.7382000088691711,0.7382000088691711,900.0
2024-10-25 13:26:00+00:00,API,2.940000057220459,2.940000057220459,2.944999933242798,2.940000057220459,2.944999933242798,986.0
2024-10-25 13:26:00+00:00,APP,160.60000610351562,160.60000610351562,160.74000549316406,160.60000610351562,160.74000549316406,3090.0
2024-10-25 13:26:00+00:00,APPF,213.24000549316406,213.24000549316406,213.24000549316406,213.24000549316406,213.24000549316406,2275.0
2024-10-25 13:26:00+00:00,APPN,31.96500015258789,31.96500015258789,31.96500015258789,31.96500015258789,31.96500015258789,1332.0
2024-10-25 13:26:00+00:00,ARRY,6.364999771118164,6.364999771118164,6.389999866485596,6.364999771118164,6.385000228881836,63508.0
2024-10-25 13:26:00+00:00,ATOM,3.359999895095825,3.359999895095825,3.369999885559082,3.359999895095825,3.3603999614715576,1769.0
2024-10-25 13:26:00+00:00,AUR,6.445000171661377,6.445000171661377,6.445000171661377,6.445000171661377,6.445000171661377,300.0
2024-10-25 13:26:00+00:00,AVGO,174.9499969482422,174.9499969482422,175.07000732421875,174.93499755859375,175.02999877929688,10155.0
2024-10-25 13:26:00+00:00,AVNW,20.940000534057617,20.940000534057617,20.940000534057617,20.940000534057617,20.940000534057617,586.0
2024-10-25 13:26:00+00:00,AVPT,11.970100402832031,11.970100402832031,11.970100402832031,11.970000267028809,11.970000267028809,4101.0
2024-10-25 13:26:00+00:00,BLZE,7.210000038146973,7.210000038146973,7.210000038146973,7.199999809265137,7.199999809265137,536.0
2024-10-25 13:26:00+00:00,BMBL,7.144999980926514,7.144999980926514,7.150000095367432,7.144999980926514,7.144999980926514,2222.0
2024-10-25 13:26:00+00:00,CAN,0.9822999835014343,0.9822999835014343,0.9822999835014343,0.9822999835014343,0.9822999835014343,1483.0
2024-10-25 13:26:00+00:00,CDNS,258.3699951171875,258.3699951171875,259.1650085449219,258.3699951171875,259.05999755859375,12790.0
2024-10-25 13:26:00+00:00,CDW,219.43499755859375,219.43499755859375,219.5,219.43499755859375,219.5,292.0
2024-10-25 13:26:00+00:00,CETX,0.30169999599456787,0.30169999599456787,0.30169999599456787,0.30169999599456787,0.30169999599456787,10011.0
2024-10-25 13:26:00+00:00,CFLT,22.565000534057617,22.565000534057617,22.62540054321289,22.565000534057617,22.625,10334.0
2024-10-25 13:26:00+00:00,CGNX,38.880001068115234,38.880001068115234,38.89500045776367,38.880001068115234,38.8849983215332,1187.0
2024-10-25 13:26:00+00:00,CHKP,206.45750427246094,206.45750427246094,206.45750427246094,206.4499969482422,206.4499969482422,2302.0
2024-10-25 13:26:00+00:00,CLSK,11.850000381469727,11.850000381469727,11.859999656677246,11.83329963684082,11.854999542236328,17175.0
2024-10-25 13:26:00+00:00,CMBM,1.25,1.25,1.25,1.2497999668121338,1.2497999668121338,2638.0
2024-10-25 13:26:00+00:00,CNDT,3.6050000190734863,3.6050000190734863,3.6050000190734863,3.6050000190734863,3.6050000190734863,732.0
2024-10-25 13:26:00+00:00,COHR,95.4800033569336,95.4800033569336,95.51499938964844,95.4800033569336,95.51000213623047,1707.0
2024-10-25 13:26:00+00:00,COIN,210.67999267578125,210.67999267578125,210.8350067138672,210.67999267578125,210.8350067138672,1911.0
2024-10-25 13:26:00+00:00,COMM,6.304999828338623,6.304999828338623,6.304999828338623,6.300000190734863,6.300000190734863,502.0
2024-10-25 13:26:00+00:00,CORZ,13.395000457763672,13.395000457763672,13.39799976348877,13.390000343322754,13.395000457763672,7814.0
2024-10-25 13:26:00+00:00,CRDO,39.39500045776367,39.39500045776367,39.39500045776367,39.380001068115234,39.380001068115234,1405.0
2024-10-25 13:26:00+00:00,CRNT,2.4800000190734863,2.4800000190734863,2.4800000190734863,2.4779999256134033,2.4779999256134033,2189.0
2024-10-25 13:26:00+00:00,CRSR,6.364999771118164,6.364999771118164,6.364999771118164,6.364999771118164,6.364999771118164,677.0
2024-10-25 13:26:00+00:00,CRUS,123.30999755859375,123.30999755859375,123.30999755859375,123.30999755859375,123.30999755859375,324.0
2024-10-25 13:26:00+00:00,CRWD,301.239990234375,301.239990234375,301.5799865722656,301.239990234375,301.510009765625,8015.0
2024-10-25 13:26:00+00:00,CSCO,55.869998931884766,55.869998931884766,55.8849983215332,55.8650016784668,55.880001068115234,21700.0
2024-10-25 13:26:00+00:00,CSIQ,13.619999885559082,13.619999885559082,13.65999984741211,13.619999885559082,13.649999618530273,5120.0
2024-10-25 13:26:00+00:00,CTLP,8.920000076293945,8.920000076293945,8.920000076293945,8.920000076293945,8.920000076293945,285.0
2024-10-25 13:26:00+00:00,CTSH,74.86000061035156,74.86000061035156,74.87000274658203,74.86000061035156,74.87000274658203,1226.0
2024-10-25 13:26:00+00:00,DAKT,13.020000457763672,13.020000457763672,13.020000457763672,13.020000457763672,13.020000457763672,405.0
2024-10-25 13:26:00+00:00,DAVE,39.400001525878906,39.400001525878906,39.439998626708984,39.400001525878906,39.41999816894531,3900.0
2024-10-25 13:26:00+00:00,DBX,25.979999542236328,25.979999542236328,25.979999542236328,25.979999542236328,25.979999542236328,892.0
2024-10-25 13:26:00+00:00,DDOG,127.23500061035156,127.23500061035156,127.25499725341797,127.23500061035156,127.23999786376953,5344.0
2024-10-25 13:26:00+00:00,DLO,8.869999885559082,8.869999885559082,8.881999969482422,8.869999885559082,8.881999969482422,2046.0
2024-10-25 13:26:00+00:00,DOCU,69.5999984741211,69.5999984741211,69.62999725341797,69.55999755859375,69.62999725341797,4432.0
2024-10-25 13:26:00+00:00,DTSS,2.4700000286102295,2.4700000286102295,2.4700000286102295,2.4700000286102295,2.4700000286102295,135.0
2024-10-25 13:26:00+00:00,DTST,3.5,3.5,3.5,3.490000009536743,3.490000009536743,288.0
2024-10-25 13:26:00+00:00,DUOL,289.7980041503906,289.7980041503906,289.9800109863281,289.7799987792969,289.9800109863281,3928.0
2024-10-25 13:26:00+00:00,EEFT,99.34500122070312,99.34500122070312,99.34500122070312,99.34500122070312,99.34500122070312,316.0
2024-10-25 13:26:00+00:00,EGAN,4.78000020980835,4.78000020980835,4.78000020980835,4.78000020980835,4.78000020980835,1258.0
2024-10-25 13:26:00+00:00,ENPH,83.29989624023438,83.29989624023438,83.34989929199219,83.25,83.32219696044922,5888.0
2024-10-25 13:26:00+00:00,ENTG,105.83999633789062,105.83999633789062,105.93000030517578,105.80000305175781,105.93000030517578,2539.0
2024-10-25 13:26:00+00:00,ERIC,8.454999923706055,8.454999923706055,8.454999923706055,8.454999923706055,8.454999923706055,2157.0
2024-10-25 13:26:00+00:00,EXFY,1.7299000024795532,1.7299000024795532,1.7299000024795532,1.7299000024795532,1.7299000024795532,412.0
2024-10-25 13:26:00+00:00,EXLS,38.81999969482422,38.81999969482422,38.83000183105469,38.81999969482422,38.83000183105469,1230.0
2024-10-25 13:26:00+00:00,FFIV,216.50999450683594,216.50999450683594,216.50999450683594,216.50999450683594,216.50999450683594,362.0
2024-10-25 13:26:00+00:00,FIVN,29.84000015258789,29.84000015258789,29.84000015258789,29.84000015258789,29.84000015258789,302.0
2024-10-25 13:26:00+00:00,FLEX,35.189998626708984,35.189998626708984,35.21500015258789,35.189998626708984,35.21500015258789,3941.0
2024-10-25 13:26:00+00:00,FLYW,17.520000457763672,17.520000457763672,17.520000457763672,17.520000457763672,17.520000457763672,902.0
2024-10-25 13:26:00+00:00,FROG,29.260000228881836,29.260000228881836,29.264999389648438,29.260000228881836,29.264999389648438,1061.0
2024-10-25 13:26:00+00:00,FRSH,11.644000053405762,11.644000053405762,11.644000053405762,11.644000053405762,11.644000053405762,858.0
2024-10-25 13:26:00+00:00,FSLR,198.11000061035156,198.11000061035156,198.19000244140625,198.11000061035156,198.19000244140625,875.0
2024-10-25 13:26:00+00:00,FTCI,0.6610000133514404,0.6610000133514404,0.6610000133514404,0.6610000133514404,0.6610000133514404,3402.0
2024-10-25 13:26:00+00:00,FTNT,80.8499984741211,80.8499984741211,80.87000274658203,80.83999633789062,80.87000274658203,3232.0
2024-10-25 13:26:00+00:00,GDS,21.53179931640625,21.53179931640625,21.53179931640625,21.5,21.520000457763672,4303.0
2024-10-25 13:26:00+00:00,GDYN,15.524999618530273,15.524999618530273,15.529999732971191,15.524999618530273,15.524999618530273,2830.0
2024-10-25 13:26:00+00:00,GRAB,4.09250020980835,4.09250020980835,4.09250020980835,4.09250020980835,4.09250020980835,4215.0
2024-10-25 13:26:00+00:00,GTLB,55.4900016784668,55.4900016784668,55.4900016784668,55.459999084472656,55.4900016784668,691.0
2024-10-25 13:26:00+00:00,HCP,33.665000915527344,33.665000915527344,33.665000915527344,33.65999984741211,33.665000915527344,819.0
2024-10-25 13:26:00+00:00,HIMX,6.184999942779541,6.184999942779541,6.184999942779541,6.184999942779541,6.184999942779541,200.0
2024-10-25 13:26:00+00:00,HOLO,3.6008999347686768,3.6008999347686768,3.619999885559082,3.590100049972534,3.5999999046325684,26174.0
2024-10-25 13:26:00+00:00,HOLOW,0.03750000149011612,0.03750000149011612,0.03750000149011612,0.03750000149011612,0.03750000149011612,1898.0
2024-10-25 13:26:00+00:00,HOOD,27.274999618530273,27.274999618530273,27.28499984741211,27.274999618530273,27.28499984741211,3051.0
2024-10-25 13:26:00+00:00,ICHR,27.690000534057617,27.690000534057617,27.690000534057617,27.690000534057617,27.690000534057617,453.0
2024-10-25 13:26:00+00:00,IMMR,8.729999542236328,8.729999542236328,8.729999542236328,8.729999542236328,8.729999542236328,623.0
2024-10-25 13:26:00+00:00,INFN,6.784999847412109,6.784999847412109,6.784999847412109,6.784999847412109,6.784999847412109,102.0
2024-10-25 13:26:00+00:00,INOD,20.158000946044922,20.158000946044922,20.158000946044922,20.158000946044922,20.158000946044922,498.0
2024-10-25 13:26:00+00:00,INTA,50.08000183105469,50.08000183105469,50.13970184326172,50.060001373291016,50.060001373291016,2606.0
2024-10-25 13:26:00+00:00,INTC,23.0,23.0,23.019899368286133,22.989999771118164,23.014999389648438,101957.0
2024-10-25 13:26:00+00:00,ITRI,102.5999984741211,102.5999984741211,102.5999984741211,102.56999969482422,102.56999969482422,1299.0
2024-10-25 13:26:00+00:00,JKHY,182.69000244140625,182.69000244140625,182.8000030517578,182.63999938964844,182.8000030517578,4392.0
2024-10-25 13:26:00+00:00,KC,2.7149999141693115,2.7149999141693115,2.7200000286102295,2.7100000381469727,2.7100000381469727,429.0
2024-10-25 13:26:00+00:00,KLAC,679.344970703125,679.344970703125,679.344970703125,679.344970703125,679.344970703125,866.0
2024-10-25 13:26:00+00:00,KLIC,44.630001068115234,44.630001068115234,44.630001068115234,44.630001068115234,44.630001068115234,510.0
2024-10-25 13:26:00+00:00,KOPN,0.7786999940872192,0.7786999940872192,0.7786999940872192,0.7786999940872192,0.7786999940872192,214.0
2024-10-25 13:26:00+00:00,LITE,63.9900016784668,63.9900016784668,64.01000213623047,63.9900016784668,64.01000213623047,1315.0
2024-10-25 13:26:00+00:00,LOGI,80.86000061035156,80.86000061035156,80.86000061035156,80.86000061035156,80.86000061035156,411.0
2024-10-25 13:26:00+00:00,LRCX,78.8499984741211,78.8499984741211,78.87999725341797,78.81999969482422,78.85800170898438,13202.0
2024-10-25 13:26:00+00:00,LSCC,54.45000076293945,54.45000076293945,54.47999954223633,54.45000076293945,54.47999954223633,900.0
2024-10-25 13:26:00+00:00,LYFT,13.734999656677246,13.734999656677246,13.744999885559082,13.729999542236328,13.744999885559082,16094.0
2024-10-25 13:26:00+00:00,MANH,275.6199951171875,275.6199951171875,275.6199951171875,275.44000244140625,275.510009765625,2271.0
2024-10-25 13:26:00+00:00,MAXN,5.59499979019165,5.59499979019165,5.59499979019165,5.59499979019165,5.59499979019165,0.0
2024-10-25 13:26:00+00:00,MCHP,77.11499786376953,77.11499786376953,77.12000274658203,77.0999984741211,77.12000274658203,4118.0
2024-10-25 13:26:00+00:00,MDB,267.2300109863281,267.2300109863281,267.2300109863281,267.2300109863281,267.2300109863281,124.0
2024-10-25 13:26:00+00:00,MITK,8.760000228881836,8.760000228881836,8.760000228881836,8.760000228881836,8.760000228881836,256.0
2024-10-25 13:26:00+00:00,MKSI,101.42250061035156,101.42250061035156,101.42250061035156,101.42250061035156,101.42250061035156,457.0
2024-10-25 13:26:00+00:00,MNDY,299.8599853515625,299.8599853515625,299.8599853515625,299.8599853515625,299.8599853515625,105.0
2024-10-25 13:26:00+00:00,MQ,5.275000095367432,5.275000095367432,5.275000095367432,5.275000095367432,5.275000095367432,506.0
2024-10-25 13:26:00+00:00,MRVL,82.72000122070312,82.72000122070312,82.83000183105469,82.70999908447266,82.79550170898438,13316.0
2024-10-25 13:26:00+00:00,MSFT,428.6099853515625,428.6099853515625,428.7200012207031,428.5150146484375,428.6499938964844,17810.0
2024-10-25 13:26:00+00:00,MSTR,238.92999267578125,238.92999267578125,239.5,238.69000244140625,239.5,35843.0
2024-10-25 13:26:00+00:00,MTC,0.3734000027179718,0.3734000027179718,0.3734000027179718,0.37220001220703125,0.37220001220703125,1701.0
2024-10-25 13:26:00+00:00,MTLS,5.954999923706055,5.954999923706055,5.954999923706055,5.954999923706055,5.954999923706055,160.0
2024-10-25 13:26:00+00:00,MTTR,4.614999771118164,4.614999771118164,4.614999771118164,4.610000133514404,4.614999771118164,1455.0
2024-10-25 13:26:00+00:00,MU,108.5199966430664,108.5199966430664,108.5801010131836,108.5000991821289,108.5801010131836,9801.0
2024-10-25 13:26:00+00:00,MVIS,1.0820000171661377,1.0820000171661377,1.0820000171661377,1.0820000171661377,1.0820000171661377,2450.0
2024-10-25 13:26:00+00:00,MXL,14.914999961853027,14.914999961853027,14.920000076293945,14.90999984741211,14.920000076293945,1381.0
2024-10-25 13:26:00+00:00,MYSZ,1.6101000308990479,1.6101000308990479,1.6101000308990479,1.600000023841858,1.6101000308990479,8865.0
2024-10-25 13:26:00+00:00,NCNO,37.743499755859375,37.743499755859375,37.77000045776367,37.743499755859375,37.77000045776367,1126.0
2024-10-25 13:26:00+00:00,NNDM,2.3299999237060547,2.3299999237060547,2.3299999237060547,2.3299999237060547,2.3299999237060547,213.0
2024-10-25 13:26:00+00:00,NSIT,209.13999938964844,209.13999938964844,209.13999938964844,209.13999938964844,209.13999938964844,121.0
2024-10-25 13:26:00+00:00,NTAP,119.9800033569336,119.9800033569336,119.9800033569336,119.9800033569336,119.9800033569336,832.0
2024-10-25 13:26:00+00:00,NTGR,20.350000381469727,20.350000381469727,20.350000381469727,20.350000381469727,20.350000381469727,900.0
2024-10-25 13:26:00+00:00,NTNX,62.07500076293945,62.07500076293945,62.09000015258789,62.07500076293945,62.09000015258789,589.0
2024-10-25 13:26:00+00:00,NVDA,142.66600036621094,142.66600036621094,142.74989318847656,142.6199951171875,142.74969482421875,242230.0
2024-10-25 13:26:00+00:00,NVEI,33.51499938964844,33.51499938964844,33.51499938964844,33.51499938964844,33.51499938964844,669.0
2024-10-25 13:26:00+00:00,NVTS,2.5897998809814453,2.5897998809814453,2.5897998809814453,2.5897998809814453,2.5897998809814453,5359.0
2024-10-25 13:26:00+00:00,NXPI,245.36000061035156,245.36000061035156,245.4550018310547,245.36000061035156,245.44500732421875,2767.0
2024-10-25 13:26:00+00:00,OKTA,72.30000305175781,72.30000305175781,72.30000305175781,72.27999877929688,72.27999877929688,635.0
2024-10-25 13:26:00+00:00,ON,71.9000015258789,71.9000015258789,71.98500061035156,71.9000015258789,71.97000122070312,14330.0
2024-10-25 13:26:00+00:00,OTEX,33.334999084472656,33.334999084472656,33.334999084472656,33.334999084472656,33.334999084472656,1089.0
2024-10-25 13:26:00+00:00,PCTY,173.57000732421875,173.57000732421875,173.57000732421875,173.57000732421875,173.57000732421875,285.0
2024-10-25 13:26:00+00:00,PET,0.8134999871253967,0.8134999871253967,0.8134999871253967,0.8134999871253967,0.8134999871253967,100.0
2024-10-25 13:26:00+00:00,PGY,11.880000114440918,11.880000114440918,11.880000114440918,11.880000114440918,11.880000114440918,248.0
2024-10-25 13:26:00+00:00,PHUN,10.229999542236328,10.229999542236328,10.239899635314941,10.220000267028809,10.220000267028809,6121.0
2024-10-25 13:26:00+00:00,PI,203.1743927001953,203.1743927001953,203.1743927001953,203.1743927001953,203.1743927001953,928.0
2024-10-25 13:26:00+00:00,PLAB,23.729999542236328,23.729999542236328,23.75,23.729999542236328,23.75,971.0
2024-10-25 13:26:00+00:00,PLXS,141.60499572753906,141.60499572753906,141.60499572753906,141.60499572753906,141.60499572753906,571.0
2024-10-25 13:26:00+00:00,POET,3.8698999881744385,3.8698999881744385,3.8698999881744385,3.859999895095825,3.859999895095825,1659.0
2024-10-25 13:26:00+00:00,POWI,63.84000015258789,63.84000015258789,63.84000015258789,63.84000015258789,63.84000015258789,118.0
2024-10-25 13:26:00+00:00,QCOM,172.06849670410156,172.06849670410156,172.1300048828125,172.0572967529297,172.10000610351562,4034.0
2024-10-25 13:26:00+00:00,QLYS,119.72000122070312,119.72000122070312,119.72000122070312,119.72000122070312,119.72000122070312,530.0
2024-10-25 13:26:00+00:00,QRVO,100.5199966430664,100.5199966430664,100.5199966430664,100.5199966430664,100.5199966430664,1088.0
2024-10-25 13:26:00+00:00,QUBT,1.090000033378601,1.090000033378601,1.090000033378601,1.090000033378601,1.090000033378601,300.0
2024-10-25 13:26:00+00:00,RCAT,2.765000104904175,2.765000104904175,2.765000104904175,2.7643001079559326,2.7643001079559326,1030.0
2024-10-25 13:26:00+00:00,RELY,14.859999656677246,14.859999656677246,14.859999656677246,14.859999656677246,14.859999656677246,591.0
2024-10-25 13:26:00+00:00,RIOT,9.954999923706055,9.954999923706055,9.96500015258789,9.949999809265137,9.96500015258789,39817.0
2024-10-25 13:26:00+00:00,RMBS,43.5099983215332,43.5099983215332,43.560001373291016,43.5099983215332,43.560001373291016,538.0
2024-10-25 13:26:00+00:00,RPAY,7.610000133514404,7.610000133514404,7.610000133514404,7.610000133514404,7.610000133514404,299.0
2024-10-25 13:26:00+00:00,RUN,14.34000015258789,14.34000015258789,14.350000381469727,14.34000015258789,14.345000267028809,5506.0
2024-10-25 13:26:00+00:00,RXT,2.5250000953674316,2.5250000953674316,2.5250000953674316,2.5199999809265137,2.5199999809265137,435.0
2024-10-25 13:26:00+00:00,SATS,25.075000762939453,25.075000762939453,25.075000762939453,25.075000762939453,25.075000762939453,229.0
2024-10-25 13:26:00+00:00,SCWX,8.380000114440918,8.380000114440918,8.380000114440918,8.380000114440918,8.380000114440918,341.0
2024-10-25 13:26:00+00:00,SEDG,15.960000038146973,15.960000038146973,15.970000267028809,15.949999809265137,15.969900131225586,8616.0
2024-10-25 13:26:00+00:00,SHLS,5.260000228881836,5.260000228881836,5.260000228881836,5.260000228881836,5.260000228881836,8547.0
2024-10-25 13:26:00+00:00,SIMO,56.6349983215332,56.6349983215332,56.6349983215332,56.6349983215332,56.6349983215332,672.0
2024-10-25 13:26:00+00:00,SKYT,10.640000343322754,10.640000343322754,10.640000343322754,10.640000343322754,10.640000343322754,239.0
2024-10-25 13:26:00+00:00,SMCI,47.099998474121094,47.099998474121094,47.150001525878906,47.09000015258789,47.130001068115234,51576.0
2024-10-25 13:26:00+00:00,SMTC,45.935001373291016,45.935001373291016,45.95000076293945,45.935001373291016,45.935001373291016,716.0
2024-10-25 13:26:00+00:00,SNPS,503.6199951171875,503.6199951171875,504.0249938964844,503.6199951171875,504.0249938964844,2228.0
2024-10-25 13:26:00+00:00,SONO,12.760000228881836,12.760000228881836,12.760000228881836,12.760000228881836,12.760000228881836,897.0
2024-10-25 13:26:00+00:00,SOUN,5.210000038146973,5.210000038146973,5.216000080108643,5.210000038146973,5.215000152587891,4206.0
2024-10-25 13:26:00+00:00,SPSC,175.1313018798828,175.1313018798828,175.1313018798828,175.1313018798828,175.1313018798828,180.0
2024-10-25 13:26:00+00:00,SPT,26.850000381469727,26.850000381469727,26.850000381469727,26.850000381469727,26.850000381469727,772.0
2024-10-25 13:26:00+00:00,SRAD,12.385000228881836,12.385000228881836,12.385000228881836,12.369999885559082,12.369999885559082,335.0
2024-10-25 13:26:00+00:00,SSNC,69.69999694824219,69.69999694824219,69.72000122070312,69.69999694824219,69.69999694824219,5197.0
2024-10-25 13:26:00+00:00,STNE,11.524999618530273,11.524999618530273,11.529999732971191,11.524999618530273,11.529999732971191,2520.0
2024-10-25 13:26:00+00:00,STX,103.86000061035156,103.86000061035156,103.95999908447266,103.86000061035156,103.9000015258789,1532.0
2024-10-25 13:26:00+00:00,SURG,1.75,1.75,1.75,1.75,1.75,2000.0
2024-10-25 13:26:00+00:00,SWKS,96.56999969482422,96.56999969482422,96.66000366210938,96.56999969482422,96.66000366210938,2358.0
2024-10-25 13:26:00+00:00,SYTA,1.319000005722046,1.319000005722046,1.319000005722046,1.315000057220459,1.315000057220459,1001.0
2024-10-25 13:26:00+00:00,TACT,4.164999961853027,4.164999961853027,4.164999961853027,4.164999961853027,4.164999961853027,100.0
2024-10-25 13:26:00+00:00,TAOP,0.4887999892234802,0.4887999892234802,0.4943999946117401,0.4887999892234802,0.4943999946117401,970.0
2024-10-25 13:26:00+00:00,TASK,11.979999542236328,11.979999542236328,11.979999542236328,11.979999542236328,11.979999542236328,231.0
2024-10-25 13:26:00+00:00,TEAM,190.0399932861328,190.0399932861328,190.0399932861328,190.0399932861328,190.0399932861328,733.0
2024-10-25 13:26:00+00:00,TENB,41.70000076293945,41.70000076293945,41.70000076293945,41.70000076293945,41.70000076293945,1569.0
2024-10-25 13:26:00+00:00,TER,113.12999725341797,113.12999725341797,113.12999725341797,113.00499725341797,113.00499725341797,11942.0
2024-10-25 13:26:00+00:00,TLS,3.634999990463257,3.634999990463257,3.634999990463257,3.634999990463257,3.634999990463257,775.0
2024-10-25 13:26:00+00:00,TRMB,61.13999938964844,61.13999938964844,61.13999938964844,61.130001068115234,61.13999938964844,885.0
2024-10-25 13:26:00+00:00,TSEM,45.13999938964844,45.13999938964844,45.13999938964844,45.13999938964844,45.13999938964844,105.0
2024-10-25 13:26:00+00:00,TTD,118.66000366210938,118.66000366210938,118.69999694824219,118.6449966430664,118.69999694824219,2707.0
2024-10-25 13:26:00+00:00,TWKS,4.449999809265137,4.449999809265137,4.449999809265137,4.449999809265137,4.449999809265137,42044.0
2024-10-25 13:26:00+00:00,TXN,208.74000549316406,208.74000549316406,208.89999389648438,208.74000549316406,208.89999389648438,8664.0
2024-10-25 13:26:00+00:00,UCTT,35.849998474121094,35.849998474121094,35.849998474121094,35.849998474121094,35.849998474121094,863.0
2024-10-25 13:26:00+00:00,VERX,41.869998931884766,41.869998931884766,41.869998931884766,41.869998931884766,41.869998931884766,525.0
2024-10-25 13:26:00+00:00,VICR,46.650001525878906,46.650001525878906,46.650001525878906,46.650001525878906,46.650001525878906,102.0
2024-10-25 13:26:00+00:00,VMEO,4.769999980926514,4.769999980926514,4.769999980926514,4.769999980926514,4.769999980926514,126.0
2024-10-25 13:26:00+00:00,VNET,3.424999952316284,3.424999952316284,3.424999952316284,3.424999952316284,3.424999952316284,649.0
2024-10-25 13:26:00+00:00,VRAR,0.7300000190734863,0.7300000190734863,0.7300000190734863,0.7300000190734863,0.7300000190734863,235.0
2024-10-25 13:26:00+00:00,VRNS,56.82500076293945,56.82500076293945,56.900001525878906,56.82500076293945,56.900001525878906,1468.0
2024-10-25 13:26:00+00:00,VRSN,184.64500427246094,184.64500427246094,184.64500427246094,184.64500427246094,184.64500427246094,1843.0
2024-10-25 13:26:00+00:00,VSAT,10.329999923706055,10.329999923706055,10.329999923706055,10.319999694824219,10.319999694824219,1296.0
2024-10-25 13:26:00+00:00,WDC,70.7249984741211,70.7249984741211,70.80000305175781,70.70999908447266,70.80000305175781,16250.0
2024-10-25 13:26:00+00:00,WISA,1.9700000286102295,1.9700000286102295,1.9700000286102295,1.940000057220459,1.940000057220459,2637.0
2024-10-25 13:26:00+00:00,WLDS,3.4700000286102295,3.4700000286102295,3.4700000286102295,3.440000057220459,3.440000057220459,916.0
2024-10-25 13:26:00+00:00,XPER,9.4399995803833,9.4399995803833,9.4399995803833,9.4399995803833,9.4399995803833,673.0
2024-10-25 13:26:00+00:00,XRX,10.055000305175781,10.055000305175781,10.055000305175781,10.055000305175781,10.055000305175781,338.0
2024-10-25 13:26:00+00:00,ZBRA,361.3999938964844,361.3999938964844,361.3999938964844,361.3999938964844,361.3999938964844,587.0
2024-10-25 13:26:00+00:00,ZI,10.515700340270996,10.515700340270996,10.515700340270996,10.515700340270996,10.515700340270996,1078.0
2024-10-25 13:26:00+00:00,ZM,73.02999877929688,73.02999877929688,73.05000305175781,73.02999877929688,73.05000305175781,1683.0
2024-10-25 13:26:00+00:00,ZS,185.13999938964844,185.13999938964844,185.17999267578125,185.13999938964844,185.17999267578125,711.0
2024-10-25 13:27:00+00:00,AAOI,17.709999084472656,17.709999084472656,17.725000381469727,17.709999084472656,17.725000381469727,1155.0
2024-10-25 13:27:00+00:00,AAPL,231.9250030517578,231.9250030517578,231.9261932373047,231.86000061035156,231.8699951171875,29556.0
2024-10-25 13:27:00+00:00,ACIW,48.66999816894531,48.66999816894531,48.689998626708984,48.64799880981445,48.64799880981445,1932.0
2024-10-25 13:27:00+00:00,ACMR,19.739999771118164,19.739999771118164,19.739999771118164,19.739999771118164,19.739999771118164,2570.0
2024-10-25 13:27:00+00:00,ADBE,484.3949890136719,484.3949890136719,484.57989501953125,484.2099914550781,484.32501220703125,1121.0
2024-10-25 13:27:00+00:00,ADI,233.14999389648438,233.14999389648438,233.14999389648438,233.0426025390625,233.05999755859375,2162.0
2024-10-25 13:27:00+00:00,ADSK,286.2799987792969,286.2799987792969,286.2799987792969,286.2799987792969,286.2799987792969,1362.0
2024-10-25 13:27:00+00:00,AEHR,17.1299991607666,17.1299991607666,17.145000457763672,17.1299991607666,17.145000457763672,3746.0
2024-10-25 13:27:00+00:00,AFRM,41.53129959106445,41.53129959106445,41.54499816894531,41.52000045776367,41.52000045776367,4772.0
2024-10-25 13:27:00+00:00,AKAM,102.44000244140625,102.44000244140625,102.44000244140625,102.44000244140625,102.44000244140625,450.0
2024-10-25 13:27:00+00:00,AKTS,0.05950000137090683,0.05950000137090683,0.05950000137090683,0.05900000035762787,0.05900000035762787,56734.0
2024-10-25 13:27:00+00:00,ALGM,23.017799377441406,23.017799377441406,23.020000457763672,23.0,23.0,2039.0
2024-10-25 13:27:00+00:00,ALRM,54.63399887084961,54.63399887084961,54.63399887084961,54.63399887084961,54.63399887084961,297.0
2024-10-25 13:27:00+00:00,ALTR,103.91999816894531,103.91999816894531,103.91999816894531,103.91999816894531,103.91999816894531,290.0
2024-10-25 13:27:00+00:00,AMAT,188.23500061035156,188.23500061035156,188.2888946533203,188.216796875,188.216796875,2177.0
2024-10-25 13:27:00+00:00,AMD,157.09010314941406,157.09010314941406,157.14999389648438,157.07000732421875,157.09010314941406,35568.0
2024-10-25 13:27:00+00:00,AMKR,30.030000686645508,30.030000686645508,30.040000915527344,30.010000228881836,30.010000228881836,2967.0
2024-10-25 13:27:00+00:00,ANSS,324.0199890136719,324.0199890136719,324.0199890136719,324.0199890136719,324.0199890136719,191.0
2024-10-25 13:27:00+00:00,API,2.940000057220459,2.940000057220459,2.9405999183654785,2.940000057220459,2.9405999183654785,750.0
2024-10-25 13:27:00+00:00,APP,160.6199951171875,160.6199951171875,160.70050048828125,160.6199951171875,160.70050048828125,838.0
2024-10-25 13:27:00+00:00,APPS,3.059999942779541,3.059999942779541,3.059999942779541,3.059999942779541,3.059999942779541,413.0
2024-10-25 13:27:00+00:00,ARRY,6.380000114440918,6.380000114440918,6.380000114440918,6.360000133514404,6.364999771118164,33439.0
2024-10-25 13:27:00+00:00,ASML,716.52001953125,716.52001953125,716.9854736328125,716.52001953125,716.9854736328125,3109.0
2024-10-25 13:27:00+00:00,AUR,6.445000171661377,6.445000171661377,6.449900150299072,6.445000171661377,6.445000171661377,3386.0
2024-10-25 13:27:00+00:00,AVDX,8.114999771118164,8.114999771118164,8.114999771118164,8.114999771118164,8.114999771118164,174.0
2024-10-25 13:27:00+00:00,AVGO,174.97500610351562,174.97500610351562,175.00999450683594,174.9499969482422,174.9499969482422,8908.0
2024-10-25 13:27:00+00:00,BELFB,79.34600067138672,79.34600067138672,79.34600067138672,79.34600067138672,79.34600067138672,425.0
2024-10-25 13:27:00+00:00,BIGC,5.315000057220459,5.315000057220459,5.315000057220459,5.315000057220459,5.315000057220459,409.0
2024-10-25 13:27:00+00:00,BMBL,7.139999866485596,7.139999866485596,7.139999866485596,7.139999866485596,7.139999866485596,541.0
2024-10-25 13:27:00+00:00,CAMP,11.024999618530273,11.024999618530273,11.024999618530273,11.024999618530273,11.024999618530273,801.0
2024-10-25 13:27:00+00:00,CAN,0.9811999797821045,0.9811999797821045,0.9821000099182129,0.980400025844574,0.980400025844574,2277.0
2024-10-25 13:27:00+00:00,CDNS,258.4849853515625,258.4849853515625,258.4849853515625,258.25,258.4798889160156,4157.0
2024-10-25 13:27:00+00:00,CDW,219.4375,219.4375,219.4375,219.4375,219.4375,497.0
2024-10-25 13:27:00+00:00,CETX,0.30169999599456787,0.30169999599456787,0.30169999599456787,0.30169999599456787,0.30169999599456787,484.0
2024-10-25 13:27:00+00:00,CGNX,38.904998779296875,38.904998779296875,38.91999816894531,38.88999938964844,38.88999938964844,1477.0
2024-10-25 13:27:00+00:00,CLSK,11.851699829101562,11.851699829101562,11.854999542236328,11.84000015258789,11.84000015258789,26731.0
2024-10-25 13:27:00+00:00,CNXC,44.65999984741211,44.65999984741211,44.65999984741211,44.65999984741211,44.65999984741211,280.0
2024-10-25 13:27:00+00:00,COIN,210.9239959716797,210.9239959716797,210.9239959716797,210.75,210.77999877929688,3706.0
2024-10-25 13:27:00+00:00,COMM,6.295000076293945,6.295000076293945,6.304999828338623,6.295000076293945,6.304999828338623,3415.0
2024-10-25 13:27:00+00:00,CORZ,13.395000457763672,13.395000457763672,13.395000457763672,13.390000343322754,13.395000457763672,4327.0
2024-10-25 13:27:00+00:00,CRDO,39.349998474121094,39.349998474121094,39.380001068115234,39.349998474121094,39.380001068115234,4595.0
2024-10-25 13:27:00+00:00,CRNC,2.9140000343322754,2.9140000343322754,2.9140000343322754,2.9140000343322754,2.9140000343322754,1322.0
2024-10-25 13:27:00+00:00,CRUS,123.22000122070312,123.22000122070312,123.22000122070312,123.22000122070312,123.22000122070312,1021.0
2024-10-25 13:27:00+00:00,CRWD,301.7099914550781,301.7099914550781,301.9100036621094,301.2901916503906,301.2901916503906,7532.0
2024-10-25 13:27:00+00:00,CSCO,55.89500045776367,55.89500045776367,55.89500045776367,55.86109924316406,55.86109924316406,6723.0
2024-10-25 13:27:00+00:00,CSGS,47.47999954223633,47.47999954223633,47.47999954223633,47.47999954223633,47.47999954223633,1051.0
2024-10-25 13:27:00+00:00,CSIQ,13.600000381469727,13.600000381469727,13.609999656677246,13.600000381469727,13.609999656677246,707.0
2024-10-25 13:27:00+00:00,CTSH,74.87000274658203,74.87000274658203,74.87000274658203,74.86000061035156,74.86000061035156,2453.0
2024-10-25 13:27:00+00:00,DAKT,13.020000457763672,13.020000457763672,13.020000457763672,13.020000457763672,13.020000457763672,135.0
2024-10-25 13:27:00+00:00,DATS,1.659999966621399,1.659999966621399,1.659999966621399,1.659999966621399,1.659999966621399,600.0
2024-10-25 13:27:00+00:00,DAVE,39.33000183105469,39.33000183105469,39.400001525878906,39.20000076293945,39.3849983215332,11657.0
2024-10-25 13:27:00+00:00,DBX,25.9950008392334,25.9950008392334,25.9950008392334,25.975000381469727,25.975000381469727,2906.0
2024-10-25 13:27:00+00:00,DDOG,127.2699966430664,127.2699966430664,127.27999877929688,127.22000122070312,127.22000122070312,10849.0
2024-10-25 13:27:00+00:00,DGHI,1.5800000429153442,1.5800000429153442,1.5800000429153442,1.5800000429153442,1.5800000429153442,303.0
2024-10-25 13:27:00+00:00,DOCU,69.58000183105469,69.58000183105469,69.60990142822266,69.55999755859375,69.5999984741211,6774.0
2024-10-25 13:27:00+00:00,DUOL,290.05828857421875,290.05828857421875,290.05828857421875,290.05828857421875,290.05828857421875,253.0
2024-10-25 13:27:00+00:00,EEFT,99.55999755859375,99.55999755859375,99.58999633789062,99.38999938964844,99.38999938964844,3477.0
2024-10-25 13:27:00+00:00,ENPH,83.38999938964844,83.38999938964844,83.38999938964844,83.2750015258789,83.2750015258789,5396.0
2024-10-25 13:27:00+00:00,ENTG,105.80999755859375,105.80999755859375,105.83999633789062,105.80000305175781,105.80999755859375,1654.0
2024-10-25 13:27:00+00:00,ERIC,8.449999809265137,8.449999809265137,8.460000038146973,8.449999809265137,8.454999923706055,3411.0
2024-10-25 13:27:00+00:00,EXLS,38.83000183105469,38.83000183105469,38.83000183105469,38.83000183105469,38.83000183105469,1050.0
2024-10-25 13:27:00+00:00,EXTR,14.444999694824219,14.444999694824219,14.444999694824219,14.444999694824219,14.444999694824219,232.0
2024-10-25 13:27:00+00:00,FFIV,216.69000244140625,216.69000244140625,216.6999969482422,216.50999450683594,216.50999450683594,3199.0
2024-10-25 13:27:00+00:00,FIVN,29.81999969482422,29.81999969482422,29.84000015258789,29.81999969482422,29.84000015258789,1226.0
2024-10-25 13:27:00+00:00,FLEX,35.189998626708984,35.189998626708984,35.189998626708984,35.189998626708984,35.189998626708984,555.0
2024-10-25 13:27:00+00:00,FORM,45.083499908447266,45.083499908447266,45.083499908447266,45.083499908447266,45.083499908447266,177.0
2024-10-25 13:27:00+00:00,FRGT,1.8704999685287476,1.8704999685287476,1.8704999685287476,1.8704999685287476,1.8704999685287476,3284.0
2024-10-25 13:27:00+00:00,FROG,29.260000228881836,29.260000228881836,29.260000228881836,29.260000228881836,29.260000228881836,323.0
2024-10-25 13:27:00+00:00,FRSH,11.645000457763672,11.645000457763672,11.645000457763672,11.645000457763672,11.645000457763672,468.0
2024-10-25 13:27:00+00:00,FSLR,198.2100067138672,198.2100067138672,198.2100067138672,198.13499450683594,198.13499450683594,1464.0
2024-10-25 13:27:00+00:00,FTCI,0.6615999937057495,0.6615999937057495,0.6625000238418579,0.6615999937057495,0.6625000238418579,0.0
2024-10-25 13:27:00+00:00,GCT,24.780000686645508,24.780000686645508,24.780000686645508,24.780000686645508,24.780000686645508,350.0
2024-10-25 13:27:00+00:00,GDS,21.520000457763672,21.520000457763672,21.520000457763672,21.520000457763672,21.520000457763672,529.0
2024-10-25 13:27:00+00:00,GDYN,15.529999732971191,15.529999732971191,15.529999732971191,15.529999732971191,15.529999732971191,212.0
2024-10-25 13:27:00+00:00,GFS,40.970001220703125,40.970001220703125,40.976200103759766,40.939998626708984,40.939998626708984,1028.0
2024-10-25 13:27:00+00:00,GPRO,1.3350000381469727,1.3350000381469727,1.340000033378601,1.3350000381469727,1.340000033378601,389.0
2024-10-25 13:27:00+00:00,GRAB,4.09499979019165,4.09499979019165,4.099899768829346,4.090000152587891,4.090000152587891,8678.0
2024-10-25 13:27:00+00:00,HCKT,24.826099395751953,24.826099395751953,24.84000015258789,24.826099395751953,24.84000015258789,939.0
2024-10-25 13:27:00+00:00,HCP,33.66999816894531,33.66999816894531,33.66999816894531,33.66999816894531,33.66999816894531,358.0
2024-10-25 13:27:00+00:00,HIMX,6.179999828338623,6.179999828338623,6.179999828338623,6.179999828338623,6.179999828338623,332.0
2024-10-25 13:27:00+00:00,HOLO,3.619499921798706,3.619499921798706,3.619499921798706,3.6008999347686768,3.6008999347686768,1442.0
2024-10-25 13:27:00+00:00,HOOD,27.274999618530273,27.274999618530273,27.280000686645508,27.273000717163086,27.274999618530273,4000.0
2024-10-25 13:27:00+00:00,IIIV,22.899999618530273,22.899999618530273,22.899999618530273,22.8700008392334,22.8700008392334,1347.0
2024-10-25 13:27:00+00:00,IMMR,8.729999542236328,8.729999542236328,8.729999542236328,8.729999542236328,8.729999542236328,482.0
2024-10-25 13:27:00+00:00,INDI,3.555000066757202,3.555000066757202,3.559999942779541,3.555000066757202,3.559999942779541,942.0
2024-10-25 13:27:00+00:00,INOD,20.15180015563965,20.15180015563965,20.15180015563965,20.15180015563965,20.15180015563965,330.0
2024-10-25 13:27:00+00:00,INTC,23.0,23.0,23.006000518798828,22.979999542236328,22.989999771118164,61131.0
2024-10-25 13:27:00+00:00,ITI,7.199999809265137,7.199999809265137,7.199999809265137,7.195000171661377,7.195000171661377,300.0
2024-10-25 13:27:00+00:00,JKHY,182.6999969482422,182.6999969482422,182.6999969482422,182.6999969482422,182.6999969482422,340.0
2024-10-25 13:27:00+00:00,KC,2.7200000286102295,2.7200000286102295,2.7200000286102295,2.7149999141693115,2.7149999141693115,336.0
2024-10-25 13:27:00+00:00,KLIC,44.61000061035156,44.61000061035156,44.619998931884766,44.61000061035156,44.619998931884766,1001.0
2024-10-25 13:27:00+00:00,KOPN,0.7732999920845032,0.7732999920845032,0.7732999920845032,0.7732999920845032,0.7732999920845032,93.0
2024-10-25 13:27:00+00:00,KOSS,7.353600025177002,7.353600025177002,7.353600025177002,7.353600025177002,7.353600025177002,136.0
2024-10-25 13:27:00+00:00,LINK,5.015999794006348,5.015999794006348,5.015999794006348,5.010000228881836,5.010000228881836,1349.0
2024-10-25 13:27:00+00:00,LITE,64.01490020751953,64.01490020751953,64.01490020751953,63.98500061035156,63.98500061035156,502.0
2024-10-25 13:27:00+00:00,LRCX,78.87000274658203,78.87000274658203,78.88999938964844,78.83499908447266,78.83499908447266,9692.0
2024-10-25 13:27:00+00:00,LSCC,54.459999084472656,54.459999084472656,54.47999954223633,54.459999084472656,54.47999954223633,2207.0
2024-10-25 13:27:00+00:00,LTCH,0.44999998807907104,0.44999998807907104,0.44999998807907104,0.44999998807907104,0.44999998807907104,50000.0
2024-10-25 13:27:00+00:00,LUNA,1.8200000524520874,1.8200000524520874,1.8200000524520874,1.8200000524520874,1.8200000524520874,107.0
2024-10-25 13:27:00+00:00,LYFT,13.73009967803955,13.73009967803955,13.734999656677246,13.73009967803955,13.734999656677246,2198.0
2024-10-25 13:27:00+00:00,MAXN,5.610000133514404,5.610000133514404,5.610000133514404,5.610000133514404,5.610000133514404,447.0
2024-10-25 13:27:00+00:00,MCHP,77.0999984741211,77.0999984741211,77.0999984741211,77.08000183105469,77.08999633789062,2801.0
2024-10-25 13:27:00+00:00,MDB,267.3399963378906,267.3399963378906,267.3399963378906,267.2200012207031,267.2200012207031,1534.0
2024-10-25 13:27:00+00:00,MIND,3.537100076675415,3.537100076675415,3.5399999618530273,3.537100076675415,3.5399999618530273,10812.0
2024-10-25 13:27:00+00:00,MNDY,300.02178955078125,300.02178955078125,300.02178955078125,299.7799987792969,299.8599853515625,1669.0
2024-10-25 13:27:00+00:00,MPWR,922.2000122070312,922.2000122070312,922.2000122070312,920.6500244140625,920.6500244140625,1720.0
2024-10-25 13:27:00+00:00,MQ,5.275000095367432,5.275000095367432,5.275000095367432,5.275000095367432,5.275000095367432,416.0
2024-10-25 13:27:00+00:00,MRVL,82.72000122070312,82.72000122070312,82.73999786376953,82.70570373535156,82.72470092773438,6427.0
2024-10-25 13:27:00+00:00,MSFT,428.7200927734375,428.7200927734375,428.7668151855469,428.5849914550781,428.5849914550781,24651.0
2024-10-25 13:27:00+00:00,MSTR,239.10000610351562,239.10000610351562,239.25,238.44000244140625,238.75,46760.0
2024-10-25 13:27:00+00:00,MTTR,4.614999771118164,4.614999771118164,4.614999771118164,4.610000133514404,4.610000133514404,2139.0
2024-10-25 13:27:00+00:00,MU,108.51909637451172,108.51909637451172,108.52999877929688,108.48999786376953,108.5199966430664,11216.0
2024-10-25 13:27:00+00:00,NICE,176.20030212402344,176.20030212402344,176.20030212402344,176.20030212402344,176.20030212402344,265.0
2024-10-25 13:27:00+00:00,NNDM,2.3299999237060547,2.3299999237060547,2.3299999237060547,2.3299999237060547,2.3299999237060547,101.0
2024-10-25 13:27:00+00:00,NSIT,209.14999389648438,209.14999389648438,209.14999389648438,209.14999389648438,209.14999389648438,877.0
2024-10-25 13:27:00+00:00,NTNX,62.069400787353516,62.069400787353516,62.069400787353516,62.069400787353516,62.069400787353516,596.0
2024-10-25 13:27:00+00:00,NVDA,142.639892578125,142.639892578125,142.6840057373047,142.52999877929688,142.64999389648438,440560.0
2024-10-25 13:27:00+00:00,NVTS,2.5850000381469727,2.5850000381469727,2.5864999294281006,2.5850000381469727,2.5864999294281006,691.0
2024-10-25 13:27:00+00:00,NXPI,245.41000366210938,245.41000366210938,245.41000366210938,245.3350067138672,245.3350067138672,1036.0
2024-10-25 13:27:00+00:00,OKTA,72.27999877929688,72.27999877929688,72.27999877929688,72.27999877929688,72.27999877929688,357.0
2024-10-25 13:27:00+00:00,ON,71.94000244140625,71.94000244140625,71.94000244140625,71.88999938964844,71.91000366210938,6732.0
2024-10-25 13:27:00+00:00,OSIS,136.07249450683594,136.07249450683594,136.07249450683594,136.07249450683594,136.07249450683594,412.0
2024-10-25 13:27:00+00:00,PANW,367.95989990234375,367.95989990234375,367.95989990234375,367.95989990234375,367.95989990234375,775.0
2024-10-25 13:27:00+00:00,PAYO,8.295000076293945,8.295000076293945,8.295999526977539,8.295000076293945,8.295999526977539,1376.0
2024-10-25 13:27:00+00:00,PEGA,79.30999755859375,79.30999755859375,79.55000305175781,79.30999755859375,79.54499816894531,6612.0
2024-10-25 13:27:00+00:00,PGY,11.880000114440918,11.880000114440918,11.880000114440918,11.880000114440918,11.880000114440918,727.0
2024-10-25 13:27:00+00:00,PHUN,10.260000228881836,10.260000228881836,10.260000228881836,10.239999771118164,10.239999771118164,5922.0
2024-10-25 13:27:00+00:00,PI,203.0,203.0,203.0,202.97500610351562,202.97500610351562,1059.0
2024-10-25 13:27:00+00:00,PLXS,141.60000610351562,141.60000610351562,141.60000610351562,141.60000610351562,141.60000610351562,546.0
2024-10-25 13:27:00+00:00,POET,3.865000009536743,3.865000009536743,3.869999885559082,3.859999895095825,3.869999885559082,3469.0
2024-10-25 13:27:00+00:00,POWI,63.84000015258789,63.84000015258789,63.84000015258789,63.84000015258789,63.84000015258789,498.0
2024-10-25 13:27:00+00:00,PRCH,1.3250000476837158,1.3250000476837158,1.3250000476837158,1.3250000476837158,1.3250000476837158,390.0
2024-10-25 13:27:00+00:00,PRGS,64.62159729003906,64.62159729003906,64.62159729003906,64.62159729003906,64.62159729003906,157.0
2024-10-25 13:27:00+00:00,PTC,186.4199981689453,186.4199981689453,186.4250030517578,186.4199981689453,186.4250030517578,494.0
2024-10-25 13:27:00+00:00,PUBM,14.774200439453125,14.774200439453125,14.774200439453125,14.774200439453125,14.774200439453125,181.0
2024-10-25 13:27:00+00:00,QCOM,172.05999755859375,172.05999755859375,172.0800018310547,172.02000427246094,172.0800018310547,3890.0
2024-10-25 13:27:00+00:00,QUBT,1.0800000429153442,1.0800000429153442,1.090000033378601,1.0800000429153442,1.0895999670028687,4137.0
2024-10-25 13:27:00+00:00,QUIK,8.630000114440918,8.630000114440918,8.630000114440918,8.630000114440918,8.630000114440918,687.0
2024-10-25 13:27:00+00:00,RCAT,2.7699999809265137,2.7699999809265137,2.7899999618530273,2.765000104904175,2.765000104904175,73625.0
2024-10-25 13:27:00+00:00,RELY,14.854999542236328,14.854999542236328,14.854999542236328,14.854999542236328,14.854999542236328,261.0
2024-10-25 13:27:00+00:00,RIOT,9.958999633789062,9.958999633789062,9.960000038146973,9.949999809265137,9.95009994506836,40943.0
2024-10-25 13:27:00+00:00,RMBS,43.540000915527344,43.540000915527344,43.540000915527344,43.540000915527344,43.540000915527344,217.0
2024-10-25 13:27:00+00:00,RUM,5.730000019073486,5.730000019073486,5.730000019073486,5.730000019073486,5.730000019073486,1212.0
2024-10-25 13:27:00+00:00,RUN,14.345000267028809,14.345000267028809,14.345999717712402,14.345000267028809,14.345999717712402,884.0
2024-10-25 13:27:00+00:00,SANM,67.57440185546875,67.57440185546875,67.57440185546875,67.57440185546875,67.57440185546875,152.0
2024-10-25 13:27:00+00:00,SATS,25.040000915527344,25.040000915527344,25.06999969482422,25.040000915527344,25.06999969482422,3465.0
2024-10-25 13:27:00+00:00,SCSC,44.71500015258789,44.71500015258789,44.71500015258789,44.71500015258789,44.71500015258789,355.0
2024-10-25 13:27:00+00:00,SEDG,15.975000381469727,15.975000381469727,15.975000381469727,15.949999809265137,15.970000267028809,10686.0
2024-10-25 13:27:00+00:00,SKYT,10.640000343322754,10.640000343322754,10.640000343322754,10.640000343322754,10.640000343322754,381.0
2024-10-25 13:27:00+00:00,SMCI,47.150001525878906,47.150001525878906,47.15999984741211,47.099998474121094,47.099998474121094,36672.0
2024-10-25 13:27:00+00:00,SMTC,45.959999084472656,45.959999084472656,45.959999084472656,45.959999084472656,45.959999084472656,573.0
2024-10-25 13:27:00+00:00,SNCR,10.600000381469727,10.600000381469727,10.600000381469727,10.600000381469727,10.600000381469727,266.0
2024-10-25 13:27:00+00:00,SONM,3.640000104904175,3.640000104904175,3.640000104904175,3.640000104904175,3.640000104904175,102.0
2024-10-25 13:27:00+00:00,SONO,12.760000228881836,12.760000228881836,12.760000228881836,12.75,12.75,2169.0
2024-10-25 13:27:00+00:00,SOUN,5.21999979019165,5.21999979019165,5.21999979019165,5.210000038146973,5.215000152587891,8503.0
2024-10-25 13:27:00+00:00,SOUNW,1.8700000047683716,1.8700000047683716,1.8700000047683716,1.8700000047683716,1.8700000047683716,136.0
2024-10-25 13:27:00+00:00,SPSC,174.75999450683594,174.75999450683594,174.75999450683594,174.75999450683594,174.75999450683594,730.0
2024-10-25 13:27:00+00:00,SPT,26.899999618530273,26.899999618530273,26.899999618530273,26.825000762939453,26.829999923706055,2779.0
2024-10-25 13:27:00+00:00,SRAD,12.385000228881836,12.385000228881836,12.385000228881836,12.385000228881836,12.385000228881836,106.0
2024-10-25 13:27:00+00:00,SSNC,69.69999694824219,69.69999694824219,69.70999908447266,69.69999694824219,69.69999694824219,4892.0
2024-10-25 13:27:00+00:00,STNE,11.524999618530273,11.524999618530273,11.529999732971191,11.524999618530273,11.527000427246094,7074.0
2024-10-25 13:27:00+00:00,STX,103.80999755859375,103.80999755859375,103.86000061035156,103.80999755859375,103.8499984741211,2024.0
2024-10-25 13:27:00+00:00,SVRE,0.08209999650716782,0.08209999650716782,0.08209999650716782,0.08209999650716782,0.08209999650716782,334.0
2024-10-25 13:27:00+00:00,SWKS,96.57039642333984,96.57039642333984,96.5999984741211,96.56500244140625,96.56999969482422,2068.0
2024-10-25 13:27:00+00:00,SYTA,1.319000005722046,1.319000005722046,1.3200000524520874,1.3049999475479126,1.3200000524520874,9327.0
2024-10-25 13:27:00+00:00,TEAM,189.9149932861328,189.9149932861328,189.97999572753906,189.8000030517578,189.9499969482422,2296.0
2024-10-25 13:27:00+00:00,TENB,41.68000030517578,41.68000030517578,41.68000030517578,41.68000030517578,41.68000030517578,1900.0
2024-10-25 13:27:00+00:00,TER,113.2699966430664,113.2699966430664,113.2699966430664,113.09500122070312,113.09500122070312,6425.0
2024-10-25 13:27:00+00:00,TLS,3.630000114440918,3.630000114440918,3.630000114440918,3.630000114440918,3.630000114440918,249.0
2024-10-25 13:27:00+00:00,TRMB,61.130001068115234,61.130001068115234,61.130001068115234,61.119998931884766,61.130001068115234,966.0
2024-10-25 13:27:00+00:00,TSEM,45.125,45.125,45.1349983215332,45.125,45.1349983215332,345.0
2024-10-25 13:27:00+00:00,TTD,118.66000366210938,118.66000366210938,118.68560028076172,118.66000366210938,118.66999816894531,3061.0
2024-10-25 13:27:00+00:00,TXN,208.63499450683594,208.63499450683594,208.7449951171875,208.60000610351562,208.74000549316406,4681.0
2024-10-25 13:27:00+00:00,VERB,10.055000305175781,10.055000305175781,10.055000305175781,10.055000305175781,10.055000305175781,2000.0
2024-10-25 13:27:00+00:00,VERI,3.4263999462127686,3.4263999462127686,3.4263999462127686,3.4263999462127686,3.4263999462127686,536.0
2024-10-25 13:27:00+00:00,VIAV,9.25,9.25,9.25,9.25,9.25,877.0
2024-10-25 13:27:00+00:00,VICR,46.619998931884766,46.619998931884766,46.66999816894531,46.58000183105469,46.659000396728516,7343.0
2024-10-25 13:27:00+00:00,VMEO,4.769999980926514,4.769999980926514,4.769999980926514,4.769999980926514,4.769999980926514,556.0
2024-10-25 13:27:00+00:00,VNET,3.440000057220459,3.440000057220459,3.440000057220459,3.430000066757202,3.430000066757202,3159.0
2024-10-25 13:27:00+00:00,VRNS,56.790000915527344,56.790000915527344,56.83000183105469,56.790000915527344,56.790000915527344,705.0
2024-10-25 13:27:00+00:00,VRSN,184.63999938964844,184.63999938964844,184.63999938964844,184.5500030517578,184.5500030517578,1182.0
2024-10-25 13:27:00+00:00,VUZI,1.3111000061035156,1.3111000061035156,1.3111000061035156,1.3111000061035156,1.3111000061035156,533.0
2024-10-25 13:27:00+00:00,WDAY,239.25999450683594,239.25999450683594,239.49000549316406,239.25999450683594,239.3300018310547,3665.0
2024-10-25 13:27:00+00:00,WDC,70.66999816894531,70.66999816894531,70.7300033569336,70.62999725341797,70.71499633789062,15932.0
2024-10-25 13:27:00+00:00,WISA,1.9400999546051025,1.9400999546051025,1.9400999546051025,1.9400999546051025,1.9400999546051025,138.0
2024-10-25 13:27:00+00:00,WIX,165.0800018310547,165.0800018310547,165.0800018310547,165.0800018310547,165.0800018310547,403.0
2024-10-25 13:27:00+00:00,WLDS,3.4700000286102295,3.4700000286102295,3.4700000286102295,3.4700000286102295,3.4700000286102295,5889.0
2024-10-25 13:27:00+00:00,XELA,1.9700000286102295,1.9700000286102295,1.9700000286102295,1.9700000286102295,1.9700000286102295,113.0
2024-10-25 13:27:00+00:00,XRX,10.055000305175781,10.055000305175781,10.055000305175781,10.055000305175781,10.055000305175781,407.0
2024-10-25 13:27:00+00:00,ZBRA,361.4750061035156,361.4750061035156,361.5400085449219,361.4750061035156,361.4800109863281,1190.0
2024-10-25 13:27:00+00:00,ZI,10.520000457763672,10.520000457763672,10.520000457763672,10.520000457763672,10.520000457763672,882.0
2024-10-25 13:27:00+00:00,ZS,185.17999267578125,185.17999267578125,185.17999267578125,185.17999267578125,185.17999267578125,862.0
2024-10-25 13:28:00+00:00,AAOI,17.725000381469727,17.725000381469727,17.725000381469727,17.725000381469727,17.725000381469727,176.0
2024-10-25 13:28:00+00:00,AAPL,231.8699951171875,231.8699951171875,231.9600067138672,231.86000061035156,231.9199981689453,37267.0
2024-10-25 13:28:00+00:00,ACIW,48.66999816894531,48.66999816894531,48.68000030517578,48.66999816894531,48.66999816894531,997.0
2024-10-25 13:28:00+00:00,ACLS,90.30000305175781,90.30000305175781,90.30000305175781,90.30000305175781,90.30000305175781,758.0
2024-10-25 13:28:00+00:00,ADBE,484.5299987792969,484.5299987792969,484.5299987792969,484.30999755859375,484.30999755859375,928.0
2024-10-25 13:28:00+00:00,ADI,233.10690307617188,233.10690307617188,233.10690307617188,233.10690307617188,233.10690307617188,685.0
2024-10-25 13:28:00+00:00,AEHR,17.125,17.125,17.125,17.1200008392334,17.125,1484.0
2024-10-25 13:28:00+00:00,AFRM,41.54119873046875,41.54119873046875,41.54119873046875,41.525001525878906,41.52799987792969,3856.0
2024-10-25 13:28:00+00:00,AKAM,102.44000244140625,102.44000244140625,102.44000244140625,102.44000244140625,102.44000244140625,282.0
2024-10-25 13:28:00+00:00,AKTS,0.05950000137090683,0.05950000137090683,0.05990000069141388,0.05950000137090683,0.05990000069141388,67100.0
2024-10-25 13:28:00+00:00,ALGM,23.030000686645508,23.030000686645508,23.030000686645508,23.01180076599121,23.014999389648438,3962.0
2024-10-25 13:28:00+00:00,ALRM,54.619998931884766,54.619998931884766,54.619998931884766,54.619998931884766,54.619998931884766,498.0
2024-10-25 13:28:00+00:00,AMAT,188.3800048828125,188.3800048828125,188.3800048828125,188.23500061035156,188.23500061035156,2822.0
2024-10-25 13:28:00+00:00,AMD,157.16949462890625,157.16949462890625,157.16990661621094,157.1199951171875,157.12989807128906,23055.0
2024-10-25 13:28:00+00:00,AMKR,30.040000915527344,30.040000915527344,30.040000915527344,30.02199935913086,30.030000686645508,3092.0
2024-10-25 13:28:00+00:00,ANSS,323.8999938964844,323.8999938964844,323.8999938964844,323.8999938964844,323.8999938964844,675.0
2024-10-25 13:28:00+00:00,APCX,0.7346000075340271,0.7346000075340271,0.7346000075340271,0.7346000075340271,0.7346000075340271,92.0
2024-10-25 13:28:00+00:00,API,2.9200000762939453,2.9200000762939453,2.9405999183654785,2.9100000858306885,2.9405999183654785,15552.0
2024-10-25 13:28:00+00:00,APP,160.77000427246094,160.77000427246094,160.77000427246094,160.64999389648438,160.77000427246094,1816.0
2024-10-25 13:28:00+00:00,APPS,3.0699000358581543,3.0699000358581543,3.0699000358581543,3.0699000358581543,3.0699000358581543,316.0
2024-10-25 13:28:00+00:00,ARBE,1.8550000190734863,1.8550000190734863,1.8550000190734863,1.8550000190734863,1.8550000190734863,401.0
2024-10-25 13:28:00+00:00,ARQQ,7.091000080108643,7.091000080108643,7.091000080108643,7.090000152587891,7.090000152587891,1473.0
2024-10-25 13:28:00+00:00,ARRY,6.340000152587891,6.340000152587891,6.380000114440918,6.340000152587891,6.375,14031.0
2024-10-25 13:28:00+00:00,ASML,717.159912109375,717.159912109375,717.159912109375,716.9199829101562,716.9199829101562,2188.0
2024-10-25 13:28:00+00:00,AUR,6.44890022277832,6.44890022277832,6.449100017547607,6.445000171661377,6.449100017547607,1448.0
2024-10-25 13:28:00+00:00,AVGO,174.94000244140625,174.94000244140625,174.97000122070312,174.9199981689453,174.9499969482422,13643.0
2024-10-25 13:28:00+00:00,BAND,17.610000610351562,17.610000610351562,17.6299991607666,17.600000381469727,17.6299991607666,3628.0
2024-10-25 13:28:00+00:00,BEEM,4.834099769592285,4.834099769592285,4.834099769592285,4.834099769592285,4.834099769592285,228.0
2024-10-25 13:28:00+00:00,BIGC,5.315000057220459,5.315000057220459,5.315000057220459,5.315000057220459,5.315000057220459,218.0
2024-10-25 13:28:00+00:00,BMBL,7.144999980926514,7.144999980926514,7.150000095367432,7.144999980926514,7.147500038146973,1815.0
2024-10-25 13:28:00+00:00,BSY,49.08000183105469,49.08000183105469,49.099998474121094,49.08000183105469,49.099998474121094,985.0
2024-10-25 13:28:00+00:00,CAMT,78.09300231933594,78.09300231933594,78.14250183105469,78.09300231933594,78.14250183105469,226.0
2024-10-25 13:28:00+00:00,CAN,0.9805999994277954,0.9805999994277954,0.9805999994277954,0.9805999994277954,0.9805999994277954,4974.0
2024-10-25 13:28:00+00:00,CDNS,258.7309875488281,258.7309875488281,258.7309875488281,258.5450134277344,258.5899963378906,2444.0
2024-10-25 13:28:00+00:00,CDW,219.52499389648438,219.52499389648438,219.52499389648438,219.5,219.5,1956.0
2024-10-25 13:28:00+00:00,CETX,0.30149999260902405,0.30149999260902405,0.30149999260902405,0.30140000581741333,0.30140000581741333,33974.0
2024-10-25 13:28:00+00:00,CFLT,22.563100814819336,22.563100814819336,22.563100814819336,22.549999237060547,22.549999237060547,1802.0
2024-10-25 13:28:00+00:00,CGNX,38.915000915527344,38.915000915527344,38.915000915527344,38.915000915527344,38.915000915527344,265.0
2024-10-25 13:28:00+00:00,CLSK,11.86709976196289,11.86709976196289,11.86989974975586,11.852999687194824,11.852999687194824,115793.0
2024-10-25 13:28:00+00:00,CNDT,3.619999885559082,3.619999885559082,3.619999885559082,3.5999999046325684,3.5999999046325684,19644.0
2024-10-25 13:28:00+00:00,CNXC,44.65999984741211,44.65999984741211,44.65999984741211,44.65999984741211,44.65999984741211,310.0
2024-10-25 13:28:00+00:00,COHR,95.55000305175781,95.55000305175781,95.55000305175781,95.51000213623047,95.51000213623047,921.0
2024-10-25 13:28:00+00:00,COIN,211.05999755859375,211.05999755859375,211.2418975830078,211.0,211.0,4151.0
2024-10-25 13:28:00+00:00,COMM,6.300000190734863,6.300000190734863,6.300000190734863,6.295000076293945,6.300000190734863,11983.0
2024-10-25 13:28:00+00:00,CORZ,13.395000457763672,13.395000457763672,13.395999908447266,13.395000457763672,13.395999908447266,1236.0
2024-10-25 13:28:00+00:00,CRDO,39.40999984741211,39.40999984741211,39.40999984741211,39.31999969482422,39.349998474121094,6770.0
2024-10-25 13:28:00+00:00,CRWD,301.7799987792969,301.7799987792969,301.8857116699219,301.6257019042969,301.79840087890625,4760.0
2024-10-25 13:28:00+00:00,CSCO,55.88359832763672,55.88359832763672,55.900001525878906,55.881500244140625,55.89500045776367,4963.0
2024-10-25 13:28:00+00:00,CSIQ,13.615300178527832,13.615300178527832,13.619999885559082,13.600000381469727,13.600000381469727,902.0
2024-10-25 13:28:00+00:00,CTSH,74.9000015258789,74.9000015258789,74.9000015258789,74.87000274658203,74.87999725341797,2072.0
2024-10-25 13:28:00+00:00,DAKT,13.029999732971191,13.029999732971191,13.029999732971191,13.029999732971191,13.029999732971191,909.0
2024-10-25 13:28:00+00:00,DBX,26.0049991607666,26.0049991607666,26.014999389648438,26.0,26.0,18823.0
2024-10-25 13:28:00+00:00,DDOG,127.29000091552734,127.29000091552734,127.30999755859375,127.26000213623047,127.2699966430664,3946.0
2024-10-25 13:28:00+00:00,DLO,8.864999771118164,8.864999771118164,8.864999771118164,8.864999771118164,8.864999771118164,1477.0
2024-10-25 13:28:00+00:00,DOCU,69.69499969482422,69.69499969482422,69.69499969482422,69.58000183105469,69.58000183105469,7196.0
2024-10-25 13:28:00+00:00,DOX,89.51000213623047,89.51000213623047,89.51000213623047,89.51000213623047,89.51000213623047,1134.0
2024-10-25 13:28:00+00:00,DUOL,289.82000732421875,289.82000732421875,289.82000732421875,289.82000732421875,289.82000732421875,249.0
2024-10-25 13:28:00+00:00,ENPH,83.4999008178711,83.4999008178711,83.4999008178711,83.37000274658203,83.375,8751.0
2024-10-25 13:28:00+00:00,ENTG,105.8499984741211,105.8499984741211,105.8499984741211,105.8499984741211,105.8499984741211,395.0
2024-10-25 13:28:00+00:00,ERIC,8.454999923706055,8.454999923706055,8.454999923706055,8.449999809265137,8.454999923706055,14433.0
2024-10-25 13:28:00+00:00,EVCM,10.569999694824219,10.569999694824219,10.569999694824219,10.569999694824219,10.569999694824219,114.0
2024-10-25 13:28:00+00:00,EXTR,14.4399995803833,14.4399995803833,14.4399995803833,14.4399995803833,14.4399995803833,411.0
2024-10-25 13:28:00+00:00,FFIV,216.6750030517578,216.6750030517578,216.7899932861328,216.6750030517578,216.7899932861328,628.0
2024-10-25 13:28:00+00:00,FIVN,29.790000915527344,29.790000915527344,29.809999465942383,29.790000915527344,29.809999465942383,1759.0
2024-10-25 13:28:00+00:00,FLEX,35.189998626708984,35.189998626708984,35.20000076293945,35.185001373291016,35.20000076293945,4798.0
2024-10-25 13:28:00+00:00,FRGT,1.8700000047683716,1.8700000047683716,1.8700000047683716,1.8700000047683716,1.8700000047683716,720.0
2024-10-25 13:28:00+00:00,FROG,29.260000228881836,29.260000228881836,29.260000228881836,29.260000228881836,29.260000228881836,539.0
2024-10-25 13:28:00+00:00,FRSH,11.640000343322754,11.640000343322754,11.645999908447266,11.640000343322754,11.645999908447266,1970.0
2024-10-25 13:28:00+00:00,FSLR,198.2899932861328,198.2899932861328,198.2899932861328,198.14999389648438,198.14999389648438,2009.0
2024-10-25 13:28:00+00:00,FTCI,0.6610000133514404,0.6610000133514404,0.6610000133514404,0.6610000133514404,0.6610000133514404,2200.0
2024-10-25 13:28:00+00:00,FTNT,80.87000274658203,80.87000274658203,80.87000274658203,80.87000274658203,80.87000274658203,2153.0
2024-10-25 13:28:00+00:00,GCT,24.799999237060547,24.799999237060547,24.799999237060547,24.79990005493164,24.79990005493164,3335.0
2024-10-25 13:28:00+00:00,GDYN,15.529999732971191,15.529999732971191,15.529999732971191,15.529999732971191,15.529999732971191,843.0
2024-10-25 13:28:00+00:00,GPRO,1.3350000381469727,1.3350000381469727,1.3350000381469727,1.3350000381469727,1.3350000381469727,126.0
2024-10-25 13:28:00+00:00,GRAB,4.099899768829346,4.099899768829346,4.099899768829346,4.099899768829346,4.099899768829346,220.0
2024-10-25 13:28:00+00:00,GRRR,4.510000228881836,4.510000228881836,4.510000228881836,4.510000228881836,4.510000228881836,290.0
2024-10-25 13:28:00+00:00,GTLB,55.474998474121094,55.474998474121094,55.474998474121094,55.474998474121094,55.474998474121094,1495.0
2024-10-25 13:28:00+00:00,HCP,33.66999816894531,33.66999816894531,33.66999816894531,33.65999984741211,33.65999984741211,2020.0
2024-10-25 13:28:00+00:00,HOLO,3.6029999256134033,3.6029999256134033,3.619999885559082,3.6029999256134033,3.609999895095825,3159.0
2024-10-25 13:28:00+00:00,HOOD,27.29990005493164,27.29990005493164,27.29990005493164,27.270000457763672,27.274999618530273,5806.0
2024-10-25 13:28:00+00:00,III,3.0450000762939453,3.0450000762939453,3.0450000762939453,3.0450000762939453,3.0450000762939453,1231.0
2024-10-25 13:28:00+00:00,IIIV,22.920000076293945,22.920000076293945,22.920000076293945,22.920000076293945,22.920000076293945,345.0
2024-10-25 13:28:00+00:00,INDI,3.559999942779541,3.559999942779541,3.559999942779541,3.559999942779541,3.559999942779541,339.0
2024-10-25 13:28:00+00:00,INFN,6.78000020980835,6.78000020980835,6.78000020980835,6.78000020980835,6.78000020980835,103.0
2024-10-25 13:28:00+00:00,INTA,50.07500076293945,50.07500076293945,50.07500076293945,50.07500076293945,50.07500076293945,259.0
2024-10-25 13:28:00+00:00,INTC,23.0049991607666,23.0049991607666,23.010000228881836,22.989999771118164,23.000099182128906,48617.0
2024-10-25 13:28:00+00:00,INTU,610.4149780273438,610.4149780273438,610.5599975585938,610.4149780273438,610.5599975585938,748.0
2024-10-25 13:28:00+00:00,IPGP,77.22000122070312,77.22000122070312,77.22000122070312,77.22000122070312,77.22000122070312,1565.0
2024-10-25 13:28:00+00:00,ITI,7.199999809265137,7.199999809265137,7.199999809265137,7.199999809265137,7.199999809265137,233.0
2024-10-25 13:28:00+00:00,JAMF,16.739999771118164,16.739999771118164,16.739999771118164,16.739999771118164,16.739999771118164,200.0
2024-10-25 13:28:00+00:00,JKHY,182.66000366210938,182.66000366210938,182.66000366210938,182.66000366210938,182.66000366210938,834.0
2024-10-25 13:28:00+00:00,KC,2.7200000286102295,2.7200000286102295,2.7200000286102295,2.7200000286102295,2.7200000286102295,940.0
2024-10-25 13:28:00+00:00,KLAC,679.1900024414062,679.1900024414062,679.1900024414062,678.9099731445312,678.9099731445312,906.0
2024-10-25 13:28:00+00:00,KOPN,0.7820000052452087,0.7820000052452087,0.7820000052452087,0.7820000052452087,0.7820000052452087,100.0
2024-10-25 13:28:00+00:00,KOSS,7.369999885559082,7.369999885559082,7.369999885559082,7.369999885559082,7.369999885559082,200.0
2024-10-25 13:28:00+00:00,LINK,5.0,5.0,5.019999980926514,5.0,5.019999980926514,876.0
2024-10-25 13:28:00+00:00,LITE,63.9900016784668,63.9900016784668,64.01000213623047,63.970001220703125,63.98500061035156,2036.0
2024-10-25 13:28:00+00:00,LPSN,1.1646000146865845,1.1646000146865845,1.1646000146865845,1.1646000146865845,1.1646000146865845,4300.0
2024-10-25 13:28:00+00:00,LRCX,78.94999694824219,78.94999694824219,78.95999908447266,78.87999725341797,78.88999938964844,20628.0
2024-10-25 13:28:00+00:00,LSCC,54.46500015258789,54.46500015258789,54.46500015258789,54.46500015258789,54.46500015258789,915.0
2024-10-25 13:28:00+00:00,LTRX,4.054999828338623,4.054999828338623,4.054999828338623,4.054999828338623,4.054999828338623,215.0
2024-10-25 13:28:00+00:00,LYFT,13.739999771118164,13.739999771118164,13.739999771118164,13.734999656677246,13.734999656677246,10378.0
2024-10-25 13:28:00+00:00,MANH,275.5299987792969,275.5299987792969,275.5299987792969,275.5299987792969,275.5299987792969,302.0
2024-10-25 13:28:00+00:00,MCHP,77.12999725341797,77.12999725341797,77.12999725341797,77.11000061035156,77.11000061035156,3738.0
2024-10-25 13:28:00+00:00,MQ,5.275000095367432,5.275000095367432,5.275000095367432,5.275000095367432,5.275000095367432,898.0
2024-10-25 13:28:00+00:00,MRVL,82.72000122070312,82.72000122070312,82.72000122070312,82.69000244140625,82.70999908447266,9921.0
2024-10-25 13:28:00+00:00,MSFT,428.6575012207031,428.6575012207031,428.760009765625,428.6400146484375,428.74749755859375,12526.0
2024-10-25 13:28:00+00:00,MSTR,238.6999969482422,238.6999969482422,239.39999389648438,238.6999969482422,239.3000030517578,14438.0
2024-10-25 13:28:00+00:00,MTLS,5.946199893951416,5.946199893951416,5.946199893951416,5.946199893951416,5.946199893951416,5726.0
2024-10-25 13:28:00+00:00,MTSI,120.53500366210938,120.53500366210938,120.53500366210938,120.53500366210938,120.53500366210938,548.0
2024-10-25 13:28:00+00:00,MTTR,4.612500190734863,4.612500190734863,4.619999885559082,4.612500190734863,4.614999771118164,3041.0
2024-10-25 13:28:00+00:00,MU,108.5,108.5,108.51000213623047,108.4800033569336,108.50360107421875,14833.0
2024-10-25 13:28:00+00:00,MXL,14.904999732971191,14.904999732971191,14.910099983215332,14.904999732971191,14.910099983215332,1229.0
2024-10-25 13:28:00+00:00,MYSZ,1.600000023841858,1.600000023841858,1.600000023841858,1.600000023841858,1.600000023841858,1746.0
2024-10-25 13:28:00+00:00,NICE,176.25,176.25,176.25,176.25,176.25,205.0
2024-10-25 13:28:00+00:00,NNDM,2.3299999237060547,2.3299999237060547,2.3299999237060547,2.3299999237060547,2.3299999237060547,219.0
2024-10-25 13:28:00+00:00,NTAP,119.98999786376953,119.98999786376953,120.0,119.98999786376953,120.0,961.0
2024-10-25 13:28:00+00:00,NTCT,20.780000686645508,20.780000686645508,20.780000686645508,20.780000686645508,20.780000686645508,572.0
2024-10-25 13:28:00+00:00,NVDA,142.58999633789062,142.58999633789062,142.64999389648438,142.560302734375,142.639892578125,287773.0
2024-10-25 13:28:00+00:00,NXPI,245.4149932861328,245.4149932861328,245.4149932861328,245.3509979248047,245.4149932861328,2315.0
2024-10-25 13:28:00+00:00,OLED,204.8300018310547,204.8300018310547,204.8300018310547,204.8300018310547,204.8300018310547,305.0
2024-10-25 13:28:00+00:00,ON,71.98500061035156,71.98500061035156,72.01000213623047,71.94249725341797,71.94999694824219,17229.0
2024-10-25 13:28:00+00:00,PANW,367.9800109863281,367.9800109863281,367.9800109863281,367.9100036621094,367.9100036621094,1052.0
2024-10-25 13:28:00+00:00,PAYO,8.300000190734863,8.300000190734863,8.300000190734863,8.300000190734863,8.300000190734863,543.0
2024-10-25 13:28:00+00:00,PEGA,79.4000015258789,79.4000015258789,79.4000015258789,79.3499984741211,79.3499984741211,736.0
2024-10-25 13:28:00+00:00,PEGY,4.630000114440918,4.630000114440918,4.630000114440918,4.630000114440918,4.630000114440918,587.0
2024-10-25 13:28:00+00:00,PGY,11.88010025024414,11.88010025024414,11.885000228881836,11.880000114440918,11.885000228881836,6202.0
2024-10-25 13:28:00+00:00,PHUN,10.294899940490723,10.294899940490723,10.319999694824219,10.255000114440918,10.258700370788574,23147.0
2024-10-25 13:28:00+00:00,PI,202.61500549316406,202.61500549316406,202.61500549316406,202.61500549316406,202.61500549316406,965.0
2024-10-25 13:28:00+00:00,POET,3.8615000247955322,3.8615000247955322,3.8615000247955322,3.8499999046325684,3.859999895095825,4206.0
2024-10-25 13:28:00+00:00,POWI,63.81999969482422,63.81999969482422,63.81999969482422,63.81999969482422,63.81999969482422,120.0
2024-10-25 13:28:00+00:00,PUBM,14.770899772644043,14.770899772644043,14.770899772644043,14.770899772644043,14.770899772644043,400.0
2024-10-25 13:28:00+00:00,QCOM,172.05999755859375,172.05999755859375,172.05999755859375,172.0316925048828,172.05999755859375,8138.0
2024-10-25 13:28:00+00:00,QLYS,119.80999755859375,119.80999755859375,119.80999755859375,119.80999755859375,119.80999755859375,474.0
2024-10-25 13:28:00+00:00,QRVO,100.50749969482422,100.50749969482422,100.51750183105469,100.50749969482422,100.51750183105469,778.0
2024-10-25 13:28:00+00:00,QUBT,1.0950000286102295,1.0950000286102295,1.0950000286102295,1.0800000429153442,1.0850000381469727,4947.0
2024-10-25 13:28:00+00:00,RCAT,2.7699999809265137,2.7699999809265137,2.7750000953674316,2.7699999809265137,2.7699999809265137,37255.0
2024-10-25 13:28:00+00:00,RELY,14.859999656677246,14.859999656677246,14.859999656677246,14.854999542236328,14.854999542236328,976.0
2024-10-25 13:28:00+00:00,RGTI,1.2199000120162964,1.2199000120162964,1.2199000120162964,1.2199000120162964,1.2199000120162964,5006.0
2024-10-25 13:28:00+00:00,RIOT,9.96500015258789,9.96500015258789,9.967499732971191,9.952699661254883,9.954999923706055,17005.0
2024-10-25 13:28:00+00:00,RMBS,43.540000915527344,43.540000915527344,43.540000915527344,43.5,43.5,248.0
2024-10-25 13:28:00+00:00,RUM,5.7291998863220215,5.7291998863220215,5.7291998863220215,5.7291998863220215,5.7291998863220215,539.0
2024-10-25 13:28:00+00:00,RUN,14.354999542236328,14.354999542236328,14.359999656677246,14.345000267028809,14.345000267028809,5832.0
2024-10-25 13:28:00+00:00,SANM,67.62999725341797,67.62999725341797,67.62999725341797,67.62000274658203,67.62000274658203,1112.0
2024-10-25 13:28:00+00:00,SATS,25.09000015258789,25.09000015258789,25.09000015258789,25.049999237060547,25.049999237060547,4369.0
2024-10-25 13:28:00+00:00,SEDG,15.975000381469727,15.975000381469727,16.0,15.97089958190918,15.975000381469727,10669.0
2024-10-25 13:28:00+00:00,SHLS,5.255000114440918,5.255000114440918,5.255000114440918,5.255000114440918,5.255000114440918,447.0
2024-10-25 13:28:00+00:00,SMCI,47.18989944458008,47.18989944458008,47.18989944458008,47.130001068115234,47.14929962158203,18839.0
2024-10-25 13:28:00+00:00,SNPS,503.79998779296875,503.79998779296875,504.0198974609375,503.68499755859375,503.68499755859375,1472.0
2024-10-25 13:28:00+00:00,SOUN,5.215000152587891,5.215000152587891,5.219900131225586,5.210100173950195,5.219200134277344,10590.0
2024-10-25 13:28:00+00:00,SPSC,174.8350067138672,174.8350067138672,174.8350067138672,174.8000030517578,174.8000030517578,822.0
2024-10-25 13:28:00+00:00,SRAD,12.385000228881836,12.385000228881836,12.399999618530273,12.369999885559082,12.399999618530273,650.0
2024-10-25 13:28:00+00:00,SSNC,69.71820068359375,69.71820068359375,69.72000122070312,69.69999694824219,69.70500183105469,3543.0
2024-10-25 13:28:00+00:00,SSTI,11.300000190734863,11.300000190734863,11.300000190734863,11.300000190734863,11.300000190734863,107.0
2024-10-25 13:28:00+00:00,STNE,11.529999732971191,11.529999732971191,11.529999732971191,11.529999732971191,11.529999732971191,1876.0
2024-10-25 13:28:00+00:00,STX,103.83999633789062,103.83999633789062,103.83999633789062,103.8239974975586,103.83999633789062,2376.0
2024-10-25 13:28:00+00:00,SWKS,96.61499786376953,96.61499786376953,96.62000274658203,96.61499786376953,96.62000274658203,1339.0
2024-10-25 13:28:00+00:00,SYTA,1.305999994277954,1.305999994277954,1.309999942779541,1.305999994277954,1.309999942779541,4510.0
2024-10-25 13:28:00+00:00,TACT,4.164999961853027,4.164999961853027,4.164999961853027,4.164999961853027,4.164999961853027,147.0
2024-10-25 13:28:00+00:00,TER,113.2603988647461,113.2603988647461,113.33000183105469,113.26000213623047,113.28500366210938,4531.0
2024-10-25 13:28:00+00:00,TRMB,61.1349983215332,61.1349983215332,61.1349983215332,61.1349983215332,61.1349983215332,587.0
2024-10-25 13:28:00+00:00,TTD,118.73999786376953,118.73999786376953,118.73999786376953,118.70500183105469,118.70999908447266,2213.0
2024-10-25 13:28:00+00:00,TWKS,4.449999809265137,4.449999809265137,4.449999809265137,4.449999809265137,4.449999809265137,1870.0
2024-10-25 13:28:00+00:00,TXN,208.6300048828125,208.6300048828125,208.6699981689453,208.61000061035156,208.63999938964844,5814.0
2024-10-25 13:28:00+00:00,UCTT,35.869998931884766,35.869998931884766,35.869998931884766,35.869998931884766,35.869998931884766,106.0
2024-10-25 13:28:00+00:00,VCSA,2.390000104904175,2.390000104904175,2.390000104904175,2.390000104904175,2.390000104904175,706.0
2024-10-25 13:28:00+00:00,VIAV,9.244999885559082,9.244999885559082,9.25,9.244999885559082,9.25,524.0
2024-10-25 13:28:00+00:00,VICR,46.66999816894531,46.66999816894531,46.66999816894531,46.65999984741211,46.65999984741211,624.0
2024-10-25 13:28:00+00:00,VMEO,4.769999980926514,4.769999980926514,4.769999980926514,4.769999980926514,4.769999980926514,489.0
2024-10-25 13:28:00+00:00,VNET,3.434999942779541,3.434999942779541,3.434999942779541,3.434999942779541,3.434999942779541,500.0
2024-10-25 13:28:00+00:00,VRNS,56.79999923706055,56.79999923706055,56.83000183105469,56.790000915527344,56.790000915527344,551.0
2024-10-25 13:28:00+00:00,VRNT,22.149999618530273,22.149999618530273,22.149999618530273,22.149999618530273,22.149999618530273,1317.0
2024-10-25 13:28:00+00:00,VRSN,184.5399932861328,184.5399932861328,184.63999938964844,184.5399932861328,184.63999938964844,1597.0
2024-10-25 13:28:00+00:00,VS,2.569999933242798,2.569999933242798,2.569999933242798,2.569999933242798,2.569999933242798,1510.0
2024-10-25 13:28:00+00:00,VSAT,10.329999923706055,10.329999923706055,10.329999923706055,10.329999923706055,10.329999923706055,210.0
2024-10-25 13:28:00+00:00,WDC,70.73500061035156,70.73500061035156,70.73500061035156,70.66000366210938,70.66089630126953,16913.0
2024-10-25 13:28:00+00:00,WISA,1.9600000381469727,1.9600000381469727,1.9600000381469727,1.940000057220459,1.940999984741211,8437.0
2024-10-25 13:28:00+00:00,WLDS,3.440000057220459,3.440000057220459,3.440000057220459,3.440000057220459,3.440000057220459,305.0
2024-10-25 13:28:00+00:00,XRX,10.055000305175781,10.055000305175781,10.057299613952637,10.050000190734863,10.050000190734863,1035.0
2024-10-25 13:28:00+00:00,ZBRA,361.9599914550781,361.9599914550781,361.9599914550781,361.9599914550781,361.9599914550781,570.0
2024-10-25 13:28:00+00:00,ZI,10.525500297546387,10.525500297546387,10.525500297546387,10.510000228881836,10.510000228881836,3946.0
2024-10-25 13:28:00+00:00,ZM,73.0199966430664,73.0199966430664,73.0199966430664,73.0199966430664,73.0199966430664,1437.0
2024-10-25 13:29:00+00:00,AAOI,17.719999313354492,17.719999313354492,17.719999313354492,17.719999313354492,17.719999313354492,325.0
2024-10-25 13:29:00+00:00,AAPL,231.8574981689453,231.8574981689453,231.91000366210938,231.82000732421875,231.86000061035156,35779.0
2024-10-25 13:29:00+00:00,ACIW,48.66999816894531,48.66999816894531,48.66999816894531,48.66999816894531,48.66999816894531,1071.0
2024-10-25 13:29:00+00:00,ACMR,19.729999542236328,19.729999542236328,19.729999542236328,19.729999542236328,19.729999542236328,1075.0
2024-10-25 13:29:00+00:00,ADBE,484.0700988769531,484.0700988769531,484.5400085449219,484.07000732421875,484.5299987792969,3913.0
2024-10-25 13:29:00+00:00,ADI,232.92999267578125,232.92999267578125,233.11000061035156,232.91000366210938,233.11000061035156,2116.0
2024-10-25 13:29:00+00:00,ADTN,6.364999771118164,6.364999771118164,6.369999885559082,6.364999771118164,6.369999885559082,644.0
2024-10-25 13:29:00+00:00,AEHR,17.09000015258789,17.09000015258789,17.100000381469727,17.09000015258789,17.100000381469727,386.0
2024-10-25 13:29:00+00:00,AEYE,22.799999237060547,22.799999237060547,22.799999237060547,22.799999237060547,22.799999237060547,449.0
2024-10-25 13:29:00+00:00,AFRM,41.43000030517578,41.43000030517578,41.52000045776367,41.43000030517578,41.52000045776367,12830.0
2024-10-25 13:29:00+00:00,AKAM,102.45999908447266,102.45999908447266,102.45999908447266,102.45999908447266,102.45999908447266,312.0
2024-10-25 13:29:00+00:00,AKTS,0.05979999899864197,0.05979999899864197,0.05999999865889549,0.05939999967813492,0.05939999967813492,200410.0
2024-10-25 13:29:00+00:00,ALGM,23.020000457763672,23.020000457763672,23.030000686645508,23.020000457763672,23.030000686645508,1930.0
2024-10-25 13:29:00+00:00,ALKT,38.095001220703125,38.095001220703125,38.095001220703125,38.095001220703125,38.095001220703125,200.0
2024-10-25 13:29:00+00:00,ALRM,54.6349983215332,54.6349983215332,54.65999984741211,54.61000061035156,54.64500045776367,884.0
2024-10-25 13:29:00+00:00,AMAT,188.22000122070312,188.22000122070312,188.39500427246094,188.22000122070312,188.3800048828125,5913.0
2024-10-25 13:29:00+00:00,AMBA,58.38999938964844,58.38999938964844,58.38999938964844,58.38999938964844,58.38999938964844,570.0
2024-10-25 13:29:00+00:00,AMD,157.0,157.0,157.19000244140625,157.0,157.13999938964844,50353.0
2024-10-25 13:29:00+00:00,AMKR,30.007999420166016,30.007999420166016,30.010000228881836,30.007999420166016,30.010000228881836,686.0
2024-10-25 13:29:00+00:00,ANSS,323.7900085449219,323.7900085449219,323.7900085449219,323.7900085449219,323.7900085449219,777.0
2024-10-25 13:29:00+00:00,APP,160.80999755859375,160.80999755859375,160.86990356445312,160.75999450683594,160.86990356445312,2095.0
2024-10-25 13:29:00+00:00,APPF,213.47000122070312,213.47000122070312,213.47000122070312,213.47000122070312,213.47000122070312,1287.0
2024-10-25 13:29:00+00:00,APPS,3.055000066757202,3.055000066757202,3.059999942779541,3.055000066757202,3.059999942779541,2292.0
2024-10-25 13:29:00+00:00,ARQQ,7.117099761962891,7.117099761962891,7.117099761962891,7.117099761962891,7.117099761962891,144.0
2024-10-25 13:29:00+00:00,ARRY,6.349699974060059,6.349699974060059,6.349999904632568,6.335000038146973,6.340000152587891,7028.0
2024-10-25 13:29:00+00:00,AUR,6.429999828338623,6.429999828338623,6.449999809265137,6.429999828338623,6.449999809265137,11556.0
2024-10-25 13:29:00+00:00,AVDX,8.114999771118164,8.114999771118164,8.114999771118164,8.114999771118164,8.114999771118164,640.0
2024-10-25 13:29:00+00:00,AVGO,174.8249969482422,174.8249969482422,174.97000122070312,174.8249969482422,174.92999267578125,10276.0
2024-10-25 13:29:00+00:00,AVT,54.09000015258789,54.09000015258789,54.09000015258789,54.09000015258789,54.09000015258789,1027.0
2024-10-25 13:29:00+00:00,AXTI,2.694999933242798,2.694999933242798,2.694999933242798,2.694999933242798,2.694999933242798,382.0
2024-10-25 13:29:00+00:00,BEEM,4.84499979019165,4.84499979019165,4.84499979019165,4.84499979019165,4.84499979019165,213.0
2024-10-25 13:29:00+00:00,BIGC,5.315000057220459,5.315000057220459,5.315000057220459,5.315000057220459,5.315000057220459,590.0
2024-10-25 13:29:00+00:00,BLZE,7.210000038146973,7.210000038146973,7.210000038146973,7.210000038146973,7.210000038146973,200.0
2024-10-25 13:29:00+00:00,BMBL,7.133399963378906,7.133399963378906,7.144999980926514,7.133399963378906,7.144999980926514,2459.0
2024-10-25 13:29:00+00:00,BRZE,30.614999771118164,30.614999771118164,30.628000259399414,30.610000610351562,30.628000259399414,1448.0
2024-10-25 13:29:00+00:00,BSY,49.08890151977539,49.08890151977539,49.11000061035156,49.08599853515625,49.08599853515625,1203.0
2024-10-25 13:29:00+00:00,CAMT,78.34320068359375,78.34320068359375,78.34320068359375,78.21499633789062,78.21499633789062,302.0
2024-10-25 13:29:00+00:00,CDNS,258.7090148925781,258.7090148925781,258.89990234375,258.6700134277344,258.7200012207031,7834.0
2024-10-25 13:29:00+00:00,CDW,219.43499755859375,219.43499755859375,219.5,219.34500122070312,219.34500122070312,22432.0
2024-10-25 13:29:00+00:00,CFLT,22.545000076293945,22.545000076293945,22.565000534057617,22.530000686645508,22.5625,4715.0
2024-10-25 13:29:00+00:00,CGNX,38.90999984741211,38.90999984741211,38.93000030517578,38.90999984741211,38.91999816894531,2210.0
2024-10-25 13:29:00+00:00,CLBT,18.110000610351562,18.110000610351562,18.139999389648438,18.110000610351562,18.1299991607666,5570.0
2024-10-25 13:29:00+00:00,CLSK,11.845000267028809,11.845000267028809,11.880000114440918,11.845000267028809,11.869999885559082,28101.0
2024-10-25 13:29:00+00:00,CNXC,44.68000030517578,44.68000030517578,44.68000030517578,44.68000030517578,44.68000030517578,727.0
2024-10-25 13:29:00+00:00,COHR,95.41000366210938,95.41000366210938,95.44000244140625,95.41000366210938,95.44000244140625,391.0
2024-10-25 13:29:00+00:00,COHU,26.270000457763672,26.270000457763672,26.270000457763672,26.25,26.260000228881836,596.0
2024-10-25 13:29:00+00:00,COIN,210.5,210.5,211.1300048828125,210.5,211.08999633789062,12563.0
2024-10-25 13:29:00+00:00,COMM,6.295000076293945,6.295000076293945,6.300000190734863,6.295000076293945,6.300000190734863,1833.0
2024-10-25 13:29:00+00:00,CORZ,13.414999961853027,13.414999961853027,13.425000190734863,13.393400192260742,13.395000457763672,23482.0
2024-10-25 13:29:00+00:00,CRDO,39.375,39.375,39.380001068115234,39.349998474121094,39.380001068115234,3209.0
2024-10-25 13:29:00+00:00,CRNC,2.9100000858306885,2.9100000858306885,2.9159998893737793,2.9100000858306885,2.9159998893737793,560.0
2024-10-25 13:29:00+00:00,CRSR,6.36359977722168,6.36359977722168,6.36359977722168,6.36359977722168,6.36359977722168,407.0
2024-10-25 13:29:00+00:00,CRWD,301.4100036621094,301.4100036621094,301.7699890136719,301.4100036621094,301.6004943847656,4989.0
2024-10-25 13:29:00+00:00,CSCO,55.86000061035156,55.86000061035156,55.8838005065918,55.86000061035156,55.8838005065918,8654.0
2024-10-25 13:29:00+00:00,CSGS,47.4900016784668,47.4900016784668,47.4900016784668,47.4900016784668,47.4900016784668,784.0
2024-10-25 13:29:00+00:00,CSIQ,13.569999694824219,13.569999694824219,13.595000267028809,13.569999694824219,13.595000267028809,1624.0
2024-10-25 13:29:00+00:00,CTSH,74.875,74.875,74.88999938964844,74.87000274658203,74.87999725341797,4010.0
2024-10-25 13:29:00+00:00,CVLT,134.76499938964844,134.76499938964844,134.76499938964844,134.76499938964844,134.76499938964844,1356.0
2024-10-25 13:29:00+00:00,DAKT,13.029999732971191,13.029999732971191,13.029999732971191,13.029999732971191,13.029999732971191,481.0
2024-10-25 13:29:00+00:00,DATS,1.659999966621399,1.659999966621399,1.659999966621399,1.6585999727249146,1.6593999862670898,1566.0
2024-10-25 13:29:00+00:00,DBX,25.969999313354492,25.969999313354492,26.0,25.969999313354492,26.0,7248.0
2024-10-25 13:29:00+00:00,DDOG,127.16999816894531,127.16999816894531,127.26000213623047,127.16999816894531,127.26000213623047,8842.0
2024-10-25 13:29:00+00:00,DOCU,69.66999816894531,69.66999816894531,69.70989990234375,69.66999816894531,69.70989990234375,979.0
2024-10-25 13:29:00+00:00,DTSS,2.4798998832702637,2.4798998832702637,2.4800000190734863,2.4798998832702637,2.4800000190734863,602.0
2024-10-25 13:29:00+00:00,DUOL,289.82501220703125,289.82501220703125,289.82501220703125,289.82501220703125,289.82501220703125,341.0
2024-10-25 13:29:00+00:00,ENPH,83.36060333251953,83.36060333251953,83.48999786376953,83.36000061035156,83.48999786376953,15979.0
2024-10-25 13:29:00+00:00,ENTG,105.79000091552734,105.79000091552734,105.87999725341797,105.79000091552734,105.87999725341797,3009.0
2024-10-25 13:29:00+00:00,ERIC,8.454999923706055,8.454999923706055,8.454999923706055,8.454999923706055,8.454999923706055,28882.0
2024-10-25 13:29:00+00:00,EXLS,38.814998626708984,38.814998626708984,38.81999969482422,38.810001373291016,38.81999969482422,836.0
2024-10-25 13:29:00+00:00,EXTR,14.4399995803833,14.4399995803833,14.4399995803833,14.4399995803833,14.4399995803833,343.0
2024-10-25 13:29:00+00:00,FCUV,0.2599000036716461,0.2599000036716461,0.2599000036716461,0.2599000036716461,0.2599000036716461,395.0
2024-10-25 13:29:00+00:00,FFIV,216.5800018310547,216.5800018310547,216.75999450683594,216.5800018310547,216.75999450683594,2630.0
2024-10-25 13:29:00+00:00,FIVN,29.778499603271484,29.778499603271484,29.790000915527344,29.760000228881836,29.790000915527344,9111.0
2024-10-25 13:29:00+00:00,FLEX,35.189998626708984,35.189998626708984,35.20500183105469,35.189998626708984,35.20000076293945,2743.0
2024-10-25 13:29:00+00:00,FLYW,17.510400772094727,17.510400772094727,17.510400772094727,17.510400772094727,17.510400772094727,4381.0
2024-10-25 13:29:00+00:00,FORM,45.07609939575195,45.07609939575195,45.08000183105469,45.07609939575195,45.08000183105469,1000.0
2024-10-25 13:29:00+00:00,FRGT,1.8704999685287476,1.8704999685287476,1.8704999685287476,1.8704999685287476,1.8704999685287476,2641.0
2024-10-25 13:29:00+00:00,FROG,29.2450008392334,29.2450008392334,29.25,29.2450008392334,29.25,1998.0
2024-10-25 13:29:00+00:00,FRSH,11.654999732971191,11.654999732971191,11.659099578857422,11.645000457763672,11.645000457763672,7321.0
2024-10-25 13:29:00+00:00,FSLR,198.2550048828125,198.2550048828125,198.3699951171875,198.2550048828125,198.27000427246094,1198.0
2024-10-25 13:29:00+00:00,FTCI,0.661300003528595,0.661300003528595,0.661300003528595,0.661300003528595,0.661300003528595,1400.0
2024-10-25 13:29:00+00:00,FTNT,80.8499984741211,80.8499984741211,80.87000274658203,80.8499984741211,80.87000274658203,2260.0
2024-10-25 13:29:00+00:00,GCT,24.780000686645508,24.780000686645508,24.790000915527344,24.780000686645508,24.790000915527344,2418.0
2024-10-25 13:29:00+00:00,GDS,21.520000457763672,21.520000457763672,21.539899826049805,21.5,21.507999420166016,3517.0
2024-10-25 13:29:00+00:00,GDYN,15.529999732971191,15.529999732971191,15.529999732971191,15.529999732971191,15.529999732971191,2708.0
2024-10-25 13:29:00+00:00,GFS,40.939998626708984,40.939998626708984,40.939998626708984,40.939998626708984,40.939998626708984,2845.0
2024-10-25 13:29:00+00:00,GRAB,4.09499979019165,4.09499979019165,4.09499979019165,4.09250020980835,4.09499979019165,7403.0
2024-10-25 13:29:00+00:00,GTLB,55.41999816894531,55.41999816894531,55.41999816894531,55.41999816894531,55.41999816894531,134.0
2024-10-25 13:29:00+00:00,HCKT,24.81999969482422,24.81999969482422,24.81999969482422,24.81999969482422,24.81999969482422,614.0
2024-10-25 13:29:00+00:00,HCP,33.665000915527344,33.665000915527344,33.66999816894531,33.65999984741211,33.65999984741211,2245.0
2024-10-25 13:29:00+00:00,HIMX,6.179999828338623,6.179999828338623,6.179999828338623,6.179999828338623,6.179999828338623,1329.0
2024-10-25 13:29:00+00:00,HOLO,3.611999988555908,3.611999988555908,3.630000114440918,3.611999988555908,3.630000114440918,3081.0
2024-10-25 13:29:00+00:00,HOOD,27.28499984741211,27.28499984741211,27.315000534057617,27.28499984741211,27.295000076293945,14867.0
2024-10-25 13:29:00+00:00,ICHR,27.68549919128418,27.68549919128418,27.709999084472656,27.68549919128418,27.709999084472656,768.0
2024-10-25 13:29:00+00:00,III,3.0399999618530273,3.0399999618530273,3.0429999828338623,3.0399999618530273,3.0399999618530273,2123.0
2024-10-25 13:29:00+00:00,IMXI,17.60099983215332,17.60099983215332,17.60099983215332,17.60099983215332,17.60099983215332,108.0
2024-10-25 13:29:00+00:00,INDI,3.555999994277954,3.555999994277954,3.559999942779541,3.555999994277954,3.559999942779541,495.0
2024-10-25 13:29:00+00:00,INTA,50.064998626708984,50.064998626708984,50.064998626708984,50.036598205566406,50.064998626708984,441.0
2024-10-25 13:29:00+00:00,INTC,22.988800048828125,22.988800048828125,23.024999618530273,22.982799530029297,23.0049991607666,141252.0
2024-10-25 13:29:00+00:00,INTU,610.2750244140625,610.2750244140625,610.2750244140625,610.22998046875,610.22998046875,1478.0
2024-10-25 13:29:00+00:00,JAMF,16.73200035095215,16.73200035095215,16.739999771118164,16.73200035095215,16.739999771118164,627.0
2024-10-25 13:29:00+00:00,JKHY,182.64500427246094,182.64500427246094,182.64500427246094,182.5800018310547,182.5800018310547,1224.0
2024-10-25 13:29:00+00:00,KC,2.7200000286102295,2.7200000286102295,2.7200000286102295,2.7200000286102295,2.7200000286102295,107.0
2024-10-25 13:29:00+00:00,KLAC,678.8300170898438,678.8300170898438,679.0,678.8300170898438,679.0,2016.0
2024-10-25 13:29:00+00:00,KLIC,44.599998474121094,44.599998474121094,44.61000061035156,44.599998474121094,44.61000061035156,597.0
2024-10-25 13:29:00+00:00,KOPN,0.7778000235557556,0.7778000235557556,0.7778000235557556,0.7778000235557556,0.7778000235557556,100.0
2024-10-25 13:29:00+00:00,LITE,63.97999954223633,63.97999954223633,63.97999954223633,63.97999954223633,63.97999954223633,1667.0
2024-10-25 13:29:00+00:00,LOGI,80.82779693603516,80.82779693603516,80.82779693603516,80.82779693603516,80.82779693603516,2138.0
2024-10-25 13:29:00+00:00,LPSN,1.160099983215332,1.160099983215332,1.1649999618530273,1.160099983215332,1.1649999618530273,775.0
2024-10-25 13:29:00+00:00,LRCX,78.8499984741211,78.8499984741211,78.97000122070312,78.8499984741211,78.95500183105469,18224.0
2024-10-25 13:29:00+00:00,LSCC,54.459999084472656,54.459999084472656,54.4900016784668,54.459999084472656,54.4900016784668,832.0
2024-10-25 13:29:00+00:00,LUNA,1.8200000524520874,1.8200000524520874,1.8200000524520874,1.8200000524520874,1.8200000524520874,145.0
2024-10-25 13:29:00+00:00,LYFT,13.71500015258789,13.71500015258789,13.729999542236328,13.71500015258789,13.729999542236328,11398.0
2024-10-25 13:29:00+00:00,MANH,275.6700134277344,275.6700134277344,275.6700134277344,275.6700134277344,275.6700134277344,2000.0
2024-10-25 13:29:00+00:00,MARK,0.11010000109672546,0.11010000109672546,0.11010000109672546,0.11010000109672546,0.11010000109672546,3742.0
2024-10-25 13:29:00+00:00,MCHP,77.08999633789062,77.08999633789062,77.1500015258789,77.08999633789062,77.1500015258789,7884.0
2024-10-25 13:29:00+00:00,MITK,8.760000228881836,8.760000228881836,8.770000457763672,8.760000228881836,8.770000457763672,1363.0
2024-10-25 13:29:00+00:00,MKSI,101.4175033569336,101.4175033569336,101.43000030517578,101.37000274658203,101.43000030517578,1326.0
2024-10-25 13:29:00+00:00,MNDO,1.9900000095367432,1.9900000095367432,1.9900000095367432,1.9900000095367432,1.9900000095367432,104.0
2024-10-25 13:29:00+00:00,MQ,5.275000095367432,5.275000095367432,5.275000095367432,5.275000095367432,5.275000095367432,2999.0
2024-10-25 13:29:00+00:00,MRVL,82.6500015258789,82.6500015258789,82.7300033569336,82.63999938964844,82.70999908447266,11975.0
2024-10-25 13:29:00+00:00,MSFT,428.47021484375,428.47021484375,428.6700134277344,428.4200134277344,428.625,16857.0
2024-10-25 13:29:00+00:00,MSTR,236.82000732421875,236.82000732421875,238.9499969482422,236.82000732421875,238.75999450683594,91283.0
2024-10-25 13:29:00+00:00,MTTR,4.619999885559082,4.619999885559082,4.619999885559082,4.612500190734863,4.612500190734863,1573.0
2024-10-25 13:29:00+00:00,MU,108.4000015258789,108.4000015258789,108.4999008178711,108.4000015258789,108.4749984741211,12662.0
2024-10-25 13:29:00+00:00,MXL,14.890000343322754,14.890000343322754,14.909000396728516,14.890000343322754,14.909000396728516,3505.0
2024-10-25 13:29:00+00:00,NCNO,37.75,37.75,37.75,37.75,37.75,131.0
2024-10-25 13:29:00+00:00,NICE,176.0,176.0,176.16000366210938,176.0,176.16000366210938,1791.0
2024-10-25 13:29:00+00:00,NNDM,2.3299999237060547,2.3299999237060547,2.3299999237060547,2.3299999237060547,2.3299999237060547,344.0
2024-10-25 13:29:00+00:00,NTAP,119.94999694824219,119.94999694824219,119.9800033569336,119.94999694824219,119.9800033569336,1046.0
2024-10-25 13:29:00+00:00,NTCT,20.78499984741211,20.78499984741211,20.78499984741211,20.78499984741211,20.78499984741211,242.0
2024-10-25 13:29:00+00:00,NTNX,62.04999923706055,62.04999923706055,62.04999923706055,62.04999923706055,62.04999923706055,406.0
2024-10-25 13:29:00+00:00,NVDA,142.5198974609375,142.5198974609375,142.72000122070312,142.50999450683594,142.59500122070312,458969.0
2024-10-25 13:29:00+00:00,NVEI,33.51499938964844,33.51499938964844,33.51499938964844,33.51499938964844,33.51499938964844,348.0
2024-10-25 13:29:00+00:00,NVMI,184.87899780273438,184.87899780273438,185.05999755859375,184.87899780273438,185.05999755859375,745.0
2024-10-25 13:29:00+00:00,NVTS,2.5799999237060547,2.5799999237060547,2.5850000381469727,2.5799999237060547,2.5840001106262207,9323.0
2024-10-25 13:29:00+00:00,NXPI,245.07000732421875,245.07000732421875,245.4149932861328,245.05999755859375,245.4149932861328,4683.0
2024-10-25 13:29:00+00:00,OKTA,72.2699966430664,72.2699966430664,72.29000091552734,72.26000213623047,72.27999877929688,2282.0
2024-10-25 13:29:00+00:00,ON,71.88999938964844,71.88999938964844,71.98999786376953,71.88999938964844,71.98500061035156,27966.0
2024-10-25 13:29:00+00:00,OSIS,136.07000732421875,136.07000732421875,136.07000732421875,136.07000732421875,136.07000732421875,412.0
2024-10-25 13:29:00+00:00,PANW,367.927490234375,367.927490234375,367.9800109863281,367.927490234375,367.9800109863281,2244.0
2024-10-25 13:29:00+00:00,PAYO,8.295000076293945,8.295000076293945,8.300000190734863,8.295000076293945,8.300000190734863,616.0
2024-10-25 13:29:00+00:00,PDFS,29.274999618530273,29.274999618530273,29.274999618530273,29.274999618530273,29.274999618530273,190.0
2024-10-25 13:29:00+00:00,PEGA,79.30000305175781,79.30000305175781,79.30000305175781,79.30000305175781,79.30000305175781,383.0
2024-10-25 13:29:00+00:00,PET,0.7900000214576721,0.7900000214576721,0.7900000214576721,0.7900000214576721,0.7900000214576721,9900.0
2024-10-25 13:29:00+00:00,PGY,11.869999885559082,11.869999885559082,11.875,11.869999885559082,11.875,3033.0
2024-10-25 13:29:00+00:00,PHUN,10.220000267028809,10.220000267028809,10.289999961853027,10.220000267028809,10.289999961853027,13824.0
2024-10-25 13:29:00+00:00,PI,202.70030212402344,202.70030212402344,202.70030212402344,202.70030212402344,202.70030212402344,852.0
2024-10-25 13:29:00+00:00,POWI,63.810001373291016,63.810001373291016,63.81999969482422,63.810001373291016,63.81999969482422,294.0
2024-10-25 13:29:00+00:00,PRGS,64.56999969482422,64.56999969482422,64.58999633789062,64.56999969482422,64.58999633789062,1125.0
2024-10-25 13:29:00+00:00,PTC,186.30999755859375,186.30999755859375,186.30999755859375,186.30999755859375,186.30999755859375,276.0
2024-10-25 13:29:00+00:00,PUBM,14.779999732971191,14.779999732971191,14.779999732971191,14.779999732971191,14.779999732971191,1581.0
2024-10-25 13:29:00+00:00,PYCR,14.359999656677246,14.359999656677246,14.359999656677246,14.329999923706055,14.329999923706055,2466.0
2024-10-25 13:29:00+00:00,QCOM,171.9217987060547,171.9217987060547,172.08999633789062,171.9217987060547,172.0800018310547,6899.0
2024-10-25 13:29:00+00:00,QRVO,100.38999938964844,100.38999938964844,100.49500274658203,100.38999938964844,100.49500274658203,1762.0
2024-10-25 13:29:00+00:00,QUBT,1.0950000286102295,1.0950000286102295,1.0950000286102295,1.0950000286102295,1.0950000286102295,31697.0
2024-10-25 13:29:00+00:00,RCAT,2.7699999809265137,2.7699999809265137,2.7699999809265137,2.7699999809265137,2.7699999809265137,568.0
2024-10-25 13:29:00+00:00,RELY,14.850000381469727,14.850000381469727,14.850000381469727,14.850000381469727,14.850000381469727,687.0
2024-10-25 13:29:00+00:00,RGTI,1.2200000286102295,1.2200000286102295,1.2200000286102295,1.218999981880188,1.2200000286102295,16499.0
2024-10-25 13:29:00+00:00,RIOT,9.9399995803833,9.9399995803833,9.96500015258789,9.9399995803833,9.96500015258789,41918.0
2024-10-25 13:29:00+00:00,RMBS,43.45000076293945,43.45000076293945,43.5099983215332,43.45000076293945,43.5,1921.0
2024-10-25 13:29:00+00:00,RMNI,1.7200000286102295,1.7200000286102295,1.7200000286102295,1.7200000286102295,1.7200000286102295,355.0
2024-10-25 13:29:00+00:00,RPD,38.63520050048828,38.63520050048828,38.63520050048828,38.63520050048828,38.63520050048828,1493.0
2024-10-25 13:29:00+00:00,RUM,5.735000133514404,5.735000133514404,5.735000133514404,5.730000019073486,5.730000019073486,4324.0
2024-10-25 13:29:00+00:00,RUN,14.34000015258789,14.34000015258789,14.358699798583984,14.329999923706055,14.354999542236328,8883.0
2024-10-25 13:29:00+00:00,SATS,25.059999465942383,25.059999465942383,25.059999465942383,25.059999465942383,25.059999465942383,735.0
2024-10-25 13:29:00+00:00,SCSC,44.71500015258789,44.71500015258789,44.72169876098633,44.71500015258789,44.72169876098633,2869.0
2024-10-25 13:29:00+00:00,SEDG,15.960000038146973,15.960000038146973,15.970000267028809,15.960000038146973,15.970000267028809,4081.0
2024-10-25 13:29:00+00:00,SHLS,5.25,5.25,5.255000114440918,5.25,5.255000114440918,5694.0
2024-10-25 13:29:00+00:00,SKYT,10.630000114440918,10.630000114440918,10.630000114440918,10.630000114440918,10.630000114440918,501.0
2024-10-25 13:29:00+00:00,SMCI,47.029998779296875,47.029998779296875,47.220001220703125,47.029998779296875,47.18989944458008,111861.0
2024-10-25 13:29:00+00:00,SMTC,45.904998779296875,45.904998779296875,45.904998779296875,45.880001068115234,45.880001068115234,975.0
2024-10-25 13:29:00+00:00,SNPS,503.67498779296875,503.67498779296875,503.88299560546875,503.67498779296875,503.70001220703125,1627.0
2024-10-25 13:29:00+00:00,SOUN,5.21999979019165,5.21999979019165,5.21999979019165,5.210000038146973,5.215000152587891,26352.0
2024-10-25 13:29:00+00:00,SPSC,174.77999877929688,174.77999877929688,174.77999877929688,174.74000549316406,174.74000549316406,1556.0
2024-10-25 13:29:00+00:00,SPT,26.863500595092773,26.863500595092773,26.863500595092773,26.863500595092773,26.863500595092773,484.0
2024-10-25 13:29:00+00:00,SRAD,12.385000228881836,12.385000228881836,12.385000228881836,12.385000228881836,12.385000228881836,653.0
2024-10-25 13:29:00+00:00,SSNC,69.66500091552734,69.66500091552734,69.72000122070312,69.66500091552734,69.70999908447266,6516.0
2024-10-25 13:29:00+00:00,STNE,11.520000457763672,11.520000457763672,11.529999732971191,11.510000228881836,11.529600143432617,15255.0
2024-10-25 13:29:00+00:00,STX,103.80999755859375,103.80999755859375,103.8499984741211,103.80000305175781,103.83000183105469,4805.0
2024-10-25 13:29:00+00:00,SWKS,96.5425033569336,96.5425033569336,96.55999755859375,96.54000091552734,96.55999755859375,1070.0
2024-10-25 13:29:00+00:00,SYNA,73.0999984741211,73.0999984741211,73.0999984741211,73.0999984741211,73.0999984741211,235.0
2024-10-25 13:29:00+00:00,SYTA,1.3097000122070312,1.3097000122070312,1.3097000122070312,1.3097000122070312,1.3097000122070312,1250.0
2024-10-25 13:29:00+00:00,TEAM,189.61500549316406,189.61500549316406,189.74000549316406,189.60000610351562,189.74000549316406,2447.0
2024-10-25 13:29:00+00:00,TER,113.16999816894531,113.16999816894531,113.2699966430664,113.16999816894531,113.2699966430664,3793.0
2024-10-25 13:29:00+00:00,TRMB,61.13990020751953,61.13990020751953,61.13990020751953,61.12969970703125,61.12969970703125,1659.0
2024-10-25 13:29:00+00:00,TTD,118.61000061035156,118.61000061035156,118.70999908447266,118.61000061035156,118.70999908447266,3445.0
2024-10-25 13:29:00+00:00,TTEC,5.375999927520752,5.375999927520752,5.375999927520752,5.375999927520752,5.375999927520752,616.0
2024-10-25 13:29:00+00:00,TWKS,4.449999809265137,4.449999809265137,4.449999809265137,4.449999809265137,4.449999809265137,5199.0
2024-10-25 13:29:00+00:00,TXN,208.4199981689453,208.4199981689453,208.63999938964844,208.4199981689453,208.63999938964844,6593.0
2024-10-25 13:29:00+00:00,UCTT,35.83000183105469,35.83000183105469,35.849998474121094,35.83000183105469,35.849998474121094,885.0
2024-10-25 13:29:00+00:00,VECO,29.444299697875977,29.444299697875977,29.469999313354492,29.440000534057617,29.44499969482422,7621.0
2024-10-25 13:29:00+00:00,VERB,10.109999656677246,10.109999656677246,10.109999656677246,10.100000381469727,10.100000381469727,7926.0
2024-10-25 13:29:00+00:00,VERI,3.4200000762939453,3.4200000762939453,3.4200000762939453,3.4200000762939453,3.4200000762939453,116.0
2024-10-25 13:29:00+00:00,VIAV,9.244999885559082,9.244999885559082,9.244999885559082,9.244999885559082,9.244999885559082,1419.0
2024-10-25 13:29:00+00:00,VICR,46.68000030517578,46.68000030517578,46.68000030517578,46.650001525878906,46.650001525878906,1265.0
2024-10-25 13:29:00+00:00,VMEO,4.764999866485596,4.764999866485596,4.764999866485596,4.764999866485596,4.764999866485596,1911.0
2024-10-25 13:29:00+00:00,VOXX,7.640100002288818,7.640100002288818,7.640100002288818,7.640100002288818,7.640100002288818,546.0
2024-10-25 13:29:00+00:00,VRNS,56.7599983215332,56.7599983215332,56.83000183105469,56.7599983215332,56.83000183105469,648.0
2024-10-25 13:29:00+00:00,VRNT,22.107999801635742,22.107999801635742,22.139999389648438,22.107999801635742,22.139999389648438,1402.0
2024-10-25 13:29:00+00:00,VRSN,184.5800018310547,184.5800018310547,184.74000549316406,184.5800018310547,184.72000122070312,2724.0
2024-10-25 13:29:00+00:00,VSAT,10.300000190734863,10.300000190734863,10.331999778747559,10.300000190734863,10.331999778747559,2362.0
2024-10-25 13:29:00+00:00,WDAY,239.25999450683594,239.25999450683594,239.39999389648438,239.25999450683594,239.31500244140625,1822.0
2024-10-25 13:29:00+00:00,WDC,70.63500213623047,70.63500213623047,70.71219635009766,70.62000274658203,70.70999908447266,11890.0
2024-10-25 13:29:00+00:00,WISA,1.9600000381469727,1.9600000381469727,1.9600000381469727,1.9600000381469727,1.9600000381469727,26.0
2024-10-25 13:29:00+00:00,XELA,1.9700000286102295,1.9700000286102295,1.9700000286102295,1.9700000286102295,1.9700000286102295,382.0
2024-10-25 13:29:00+00:00,XRX,10.053999900817871,10.053999900817871,10.055999755859375,10.050000190734863,10.055000305175781,1836.0
2024-10-25 13:29:00+00:00,ZI,10.503999710083008,10.503999710083008,10.524999618530273,10.503999710083008,10.524999618530273,5427.0
2024-10-25 13:29:00+00:00,ZM,72.98999786376953,72.98999786376953,73.04000091552734,72.97000122070312,73.04000091552734,8808.0
2024-10-25 13:29:00+00:00,ZS,184.82009887695312,184.82009887695312,185.0,184.82009887695312,185.0,10239.0
2024-10-25 13:30:00+00:00,AAOI,17.690000534057617,17.690000534057617,17.709999084472656,17.63800048828125,17.709999084472656,7503.0
2024-10-25 13:30:00+00:00,AAPL,231.80999755859375,231.80999755859375,231.8800048828125,231.7200927734375,231.8300018310547,54496.0
2024-10-25 13:30:00+00:00,ACIW,48.619998931884766,48.619998931884766,48.64500045776367,48.619998931884766,48.64500045776367,1425.0
2024-10-25 13:30:00+00:00,ACLS,90.20999908447266,90.20999908447266,90.2300033569336,90.20999908447266,90.2300033569336,1600.0
2024-10-25 13:30:00+00:00,ACMR,19.700000762939453,19.700000762939453,19.71500015258789,19.700000762939453,19.709999084472656,3040.0
2024-10-25 13:30:00+00:00,ADBE,484.3049011230469,484.3049011230469,484.3049011230469,483.9100036621094,484.0299987792969,2870.0
2024-10-25 13:30:00+00:00,ADI,232.8699951171875,232.8699951171875,232.9499969482422,232.77000427246094,232.77000427246094,1614.0
2024-10-25 13:30:00+00:00,ADSK,286.1300048828125,286.1300048828125,286.1300048828125,285.8500061035156,286.04998779296875,2135.0
2024-10-25 13:30:00+00:00,ADTN,6.364999771118164,6.364999771118164,6.364999771118164,6.360000133514404,6.360000133514404,2347.0
2024-10-25 13:30:00+00:00,AEHR,17.049999237060547,17.049999237060547,17.079999923706055,16.979999542236328,17.079999923706055,14487.0
2024-10-25 13:30:00+00:00,AFRM,41.439998626708984,41.439998626708984,41.459999084472656,41.409400939941406,41.43000030517578,10073.0
2024-10-25 13:30:00+00:00,AIP,6.940000057220459,6.940000057220459,6.940000057220459,6.920000076293945,6.920000076293945,1787.0
2024-10-25 13:30:00+00:00,AKAM,102.41000366210938,102.41000366210938,102.44000244140625,102.41000366210938,102.44000244140625,1495.0
2024-10-25 13:30:00+00:00,ALGM,23.0,23.0,23.010000228881836,22.979999542236328,23.010000228881836,4344.0
2024-10-25 13:30:00+00:00,ALKT,38.060001373291016,38.060001373291016,38.060001373291016,38.060001373291016,38.060001373291016,1175.0
2024-10-25 13:30:00+00:00,ALRM,54.6150016784668,54.6150016784668,54.63999938964844,54.61000061035156,54.61000061035156,2973.0
2024-10-25 13:30:00+00:00,ALTR,103.87000274658203,103.87000274658203,103.92500305175781,103.8499984741211,103.87999725341797,1683.0
2024-10-25 13:30:00+00:00,AMAT,188.11500549316406,188.11500549316406,188.17950439453125,188.0,188.14500427246094,28175.0
2024-10-25 13:30:00+00:00,AMBA,58.33000183105469,58.33000183105469,58.33000183105469,58.31999969482422,58.31999969482422,538.0
2024-10-25 13:30:00+00:00,AMD,156.99989318847656,156.99989318847656,157.04249572753906,156.860107421875,156.99000549316406,51127.0
2024-10-25 13:30:00+00:00,AMKR,29.979999542236328,29.979999542236328,29.979999542236328,29.979999542236328,29.979999542236328,984.0
2024-10-25 13:30:00+00:00,AMPL,9.130000114440918,9.130000114440918,9.130000114440918,9.130000114440918,9.130000114440918,855.0
2024-10-25 13:30:00+00:00,ANY,1.059999942779541,1.059999942779541,1.059999942779541,1.059999942779541,1.059999942779541,518.0
2024-10-25 13:30:00+00:00,API,2.9200000762939453,2.9200000762939453,2.9200000762939453,2.9149999618530273,2.9149999618530273,5408.0
2024-10-25 13:30:00+00:00,APP,160.50999450683594,160.50999450683594,160.61000061035156,160.5,160.60000610351562,3891.0
2024-10-25 13:30:00+00:00,APPF,213.39999389648438,213.39999389648438,213.47999572753906,213.39999389648438,213.47999572753906,1357.0
2024-10-25 13:30:00+00:00,APPN,31.922500610351562,31.922500610351562,31.922500610351562,31.920000076293945,31.920000076293945,1254.0
2024-10-25 13:30:00+00:00,APPS,3.055000066757202,3.055000066757202,3.055000066757202,3.0450000762939453,3.049999952316284,32992.0
2024-10-25 13:30:00+00:00,ARRY,6.34499979019165,6.34499979019165,6.355000019073486,6.34499979019165,6.34499979019165,14155.0
2024-10-25 13:30:00+00:00,ASML,716.2949829101562,716.2949829101562,716.3800048828125,715.9000244140625,716.3800048828125,6186.0
2024-10-25 13:30:00+00:00,ATOM,3.359999895095825,3.359999895095825,3.359999895095825,3.359999895095825,3.359999895095825,173.0
2024-10-25 13:30:00+00:00,AUR,6.425000190734863,6.425000190734863,6.429999828338623,6.423699855804443,6.429999828338623,4042.0
2024-10-25 13:30:00+00:00,AVDX,8.109999656677246,8.109999656677246,8.109999656677246,8.109999656677246,8.109999656677246,1951.0
2024-10-25 13:30:00+00:00,AVGO,174.7899932861328,174.7899932861328,174.8800048828125,174.6750030517578,174.74000549316406,16213.0
2024-10-25 13:30:00+00:00,AVPT,11.979999542236328,11.979999542236328,11.979999542236328,11.970000267028809,11.970000267028809,1087.0
2024-10-25 13:30:00+00:00,AVT,54.09000015258789,54.09000015258789,54.09000015258789,54.09000015258789,54.09000015258789,491.0
2024-10-25 13:30:00+00:00,BAND,17.59000015258789,17.59000015258789,17.59000015258789,17.56999969482422,17.579999923706055,2444.0
2024-10-25 13:30:00+00:00,BASE,16.350000381469727,16.350000381469727,16.351600646972656,16.350000381469727,16.351600646972656,1023.0
2024-10-25 13:30:00+00:00,BIGC,5.304999828338623,5.304999828338623,5.309999942779541,5.304999828338623,5.309999942779541,2578.0
2024-10-25 13:30:00+00:00,BL,56.209999084472656,56.209999084472656,56.220001220703125,56.209999084472656,56.220001220703125,1374.0
2024-10-25 13:30:00+00:00,BLZE,7.210000038146973,7.210000038146973,7.210000038146973,7.210000038146973,7.210000038146973,573.0
2024-10-25 13:30:00+00:00,BMBL,7.125,7.125,7.130000114440918,7.119999885559082,7.130000114440918,4573.0
2024-10-25 13:30:00+00:00,BRZE,30.600000381469727,30.600000381469727,30.610000610351562,30.600000381469727,30.600000381469727,1927.0
2024-10-25 13:30:00+00:00,BSY,49.08000183105469,49.08000183105469,49.08000183105469,49.060001373291016,49.060001373291016,950.0
2024-10-25 13:30:00+00:00,CAMT,77.91000366210938,77.91000366210938,78.06999969482422,77.91000366210938,78.06999969482422,2185.0
2024-10-25 13:30:00+00:00,CCSI,20.6200008392334,20.6200008392334,20.6200008392334,20.59000015258789,20.600000381469727,989.0
2024-10-25 13:30:00+00:00,CDNS,258.6600036621094,258.6600036621094,258.69000244140625,258.4800109863281,258.6300048828125,2842.0
2024-10-25 13:30:00+00:00,CDW,219.3699951171875,219.3699951171875,219.3699951171875,219.36000061035156,219.36000061035156,1309.0
2024-10-25 13:30:00+00:00,CFLT,22.540000915527344,22.540000915527344,22.540000915527344,22.540000915527344,22.540000915527344,2164.0
2024-10-25 13:30:00+00:00,CGNX,38.904998779296875,38.904998779296875,38.904998779296875,38.900001525878906,38.900001525878906,1261.0
2024-10-25 13:30:00+00:00,CHKP,206.39999389648438,206.39999389648438,206.39999389648438,206.39999389648438,206.39999389648438,211.0
2024-10-25 13:30:00+00:00,CLBT,18.099000930786133,18.099000930786133,18.100000381469727,18.099000930786133,18.100000381469727,676.0
2024-10-25 13:30:00+00:00,CLFD,36.47610092163086,36.47610092163086,36.47610092163086,36.47610092163086,36.47610092163086,251.0
2024-10-25 13:30:00+00:00,CLSK,11.860099792480469,11.860099792480469,11.879899978637695,11.824999809265137,11.84000015258789,67906.0
2024-10-25 13:30:00+00:00,CNDT,3.615000009536743,3.615000009536743,3.615000009536743,3.6050000190734863,3.609999895095825,25388.0
2024-10-25 13:30:00+00:00,CNXC,44.63999938964844,44.63999938964844,44.65999984741211,44.63999938964844,44.65999984741211,1564.0
2024-10-25 13:30:00+00:00,COHR,95.41999816894531,95.41999816894531,95.51000213623047,95.3499984741211,95.4000015258789,4520.0
2024-10-25 13:30:00+00:00,COHU,26.25,26.25,26.25,26.25,26.25,536.0
2024-10-25 13:30:00+00:00,COIN,210.74009704589844,210.74009704589844,211.07659912109375,210.5,210.60000610351562,27793.0
2024-10-25 13:30:00+00:00,COMM,6.28000020980835,6.28000020980835,6.289999961853027,6.28000020980835,6.289999961853027,5639.0
2024-10-25 13:30:00+00:00,CORZ,13.423999786376953,13.423999786376953,13.425000190734863,13.399999618530273,13.414999961853027,11052.0
2024-10-25 13:30:00+00:00,CORZW,7.889999866485596,7.889999866485596,7.889999866485596,7.889999866485596,7.889999866485596,200.0
2024-10-25 13:30:00+00:00,CRCT,6.619999885559082,6.619999885559082,6.625,6.619999885559082,6.625,2591.0
2024-10-25 13:30:00+00:00,CRDO,39.317501068115234,39.317501068115234,39.317501068115234,39.317501068115234,39.317501068115234,716.0
2024-10-25 13:30:00+00:00,CRNC,2.900899887084961,2.900899887084961,2.9049999713897705,2.900899887084961,2.9049999713897705,1580.0
2024-10-25 13:30:00+00:00,CRSR,6.360000133514404,6.360000133514404,6.360000133514404,6.360000133514404,6.360000133514404,1966.0
2024-10-25 13:30:00+00:00,CRWD,300.760009765625,300.760009765625,301.0849914550781,300.7099914550781,300.9949951171875,9390.0
2024-10-25 13:30:00+00:00,CSCO,55.8650016784668,55.8650016784668,55.8650016784668,55.8307991027832,55.845001220703125,80661.0
2024-10-25 13:30:00+00:00,CSIQ,13.539999961853027,13.539999961853027,13.564200401306152,13.539999961853027,13.5600004196167,7086.0
2024-10-25 13:30:00+00:00,CTLP,8.90999984741211,8.90999984741211,8.90999984741211,8.90999984741211,8.90999984741211,826.0
2024-10-25 13:30:00+00:00,CTSH,74.81999969482422,74.81999969482422,74.87000274658203,74.81999969482422,74.87000274658203,17473.0
2024-10-25 13:30:00+00:00,DAKT,13.020000457763672,13.020000457763672,13.020000457763672,13.020000457763672,13.020000457763672,531.0
2024-10-25 13:30:00+00:00,DAVE,39.29499816894531,39.29499816894531,39.29499816894531,39.29499816894531,39.29499816894531,366.0
2024-10-25 13:30:00+00:00,DBX,25.959999084472656,25.959999084472656,25.959999084472656,25.950000762939453,25.959999084472656,2889.0
2024-10-25 13:30:00+00:00,DDOG,127.04000091552734,127.04000091552734,127.18000030517578,127.04000091552734,127.16999816894531,9549.0
2024-10-25 13:30:00+00:00,DGII,30.729999542236328,30.729999542236328,30.729999542236328,30.700000762939453,30.700000762939453,487.0
2024-10-25 13:30:00+00:00,DIOD,66.25,66.25,66.25,66.25,66.25,648.0
2024-10-25 13:30:00+00:00,DMRC,31.520000457763672,31.520000457763672,31.540000915527344,31.520000457763672,31.540000915527344,2119.0
2024-10-25 13:30:00+00:00,DOCU,69.6500015258789,69.6500015258789,69.65249633789062,69.62999725341797,69.63999938964844,4981.0
2024-10-25 13:30:00+00:00,DOMO,8.039999961853027,8.039999961853027,8.039999961853027,8.039999961853027,8.039999961853027,737.0
2024-10-25 13:30:00+00:00,DSGX,104.0,104.0,104.0,104.0,104.0,826.0
2024-10-25 13:30:00+00:00,DUOL,289.52899169921875,289.52899169921875,289.55999755859375,289.510009765625,289.510009765625,1507.0
2024-10-25 13:30:00+00:00,EEFT,99.51499938964844,99.51499938964844,99.51499938964844,99.51499938964844,99.51499938964844,336.0
2024-10-25 13:30:00+00:00,ENPH,83.33999633789062,83.33999633789062,83.3949966430664,83.27999877929688,83.36000061035156,7288.0
2024-10-25 13:30:00+00:00,ENTG,105.7052001953125,105.7052001953125,105.7052001953125,105.7052001953125,105.7052001953125,2464.0
2024-10-25 13:30:00+00:00,ERIC,8.449999809265137,8.449999809265137,8.456000328063965,8.449999809265137,8.454999923706055,67026.0
2024-10-25 13:30:00+00:00,EVCM,10.569999694824219,10.569999694824219,10.569999694824219,10.569999694824219,10.569999694824219,839.0
2024-10-25 13:30:00+00:00,EXFY,1.725000023841858,1.725000023841858,1.725000023841858,1.725000023841858,1.725000023841858,407.0
2024-10-25 13:30:00+00:00,EXLS,38.79999923706055,38.79999923706055,38.79999923706055,38.79999923706055,38.79999923706055,817.0
2024-10-25 13:30:00+00:00,EXTR,14.430000305175781,14.430000305175781,14.430000305175781,14.430000305175781,14.430000305175781,480.0
2024-10-25 13:30:00+00:00,FFIV,216.52499389648438,216.52499389648438,216.5850067138672,216.49000549316406,216.5850067138672,3304.0
2024-10-25 13:30:00+00:00,FIVN,29.780000686645508,29.780000686645508,29.780000686645508,29.764999389648438,29.770000457763672,2416.0
2024-10-25 13:30:00+00:00,FLEX,35.20000076293945,35.20000076293945,35.20000076293945,35.16999816894531,35.185001373291016,7440.0
2024-10-25 13:30:00+00:00,FROG,29.235000610351562,29.235000610351562,29.239999771118164,29.235000610351562,29.239999771118164,660.0
2024-10-25 13:30:00+00:00,FRSH,11.654999732971191,11.654999732971191,11.654999732971191,11.645000457763672,11.649999618530273,4014.0
2024-10-25 13:30:00+00:00,FSLR,198.09500122070312,198.09500122070312,198.13600158691406,198.0,198.1199951171875,2999.0
2024-10-25 13:30:00+00:00,FTCI,0.6622999906539917,0.6622999906539917,0.6622999906539917,0.6610000133514404,0.6610000133514404,2601.0
2024-10-25 13:30:00+00:00,FTNT,80.83999633789062,80.83999633789062,80.83999633789062,80.80999755859375,80.80999755859375,2331.0
2024-10-25 13:30:00+00:00,GCT,24.724300384521484,24.724300384521484,24.770999908447266,24.724300384521484,24.770999908447266,1677.0
2024-10-25 13:30:00+00:00,GDS,21.450000762939453,21.450000762939453,21.520000457763672,21.450000762939453,21.520000457763672,3426.0
2024-10-25 13:30:00+00:00,GFS,40.90999984741211,40.90999984741211,40.90999984741211,40.880001068115234,40.89500045776367,2509.0
2024-10-25 13:30:00+00:00,GPRO,1.340000033378601,1.340000033378601,1.340000033378601,1.3309999704360962,1.3350000381469727,1073.0
2024-10-25 13:30:00+00:00,GRAB,4.09250020980835,4.09250020980835,4.09499979019165,4.090000152587891,4.090000152587891,13500.0
2024-10-25 13:30:00+00:00,GRRR,4.510000228881836,4.510000228881836,4.518899917602539,4.510000228881836,4.510000228881836,1178.0
2024-10-25 13:30:00+00:00,GSIT,3.419800043106079,3.419800043106079,3.419800043106079,3.419800043106079,3.419800043106079,1076.0
2024-10-25 13:30:00+00:00,GTLB,55.40999984741211,55.40999984741211,55.40999984741211,55.400001525878906,55.400001525878906,2227.0
2024-10-25 13:30:00+00:00,HCP,33.66999816894531,33.66999816894531,33.66999816894531,33.665000915527344,33.665000915527344,1857.0
2024-10-25 13:30:00+00:00,HIMX,6.184999942779541,6.184999942779541,6.184999942779541,6.179999828338623,6.179999828338623,537.0
2024-10-25 13:30:00+00:00,HOLO,3.5999999046325684,3.5999999046325684,3.615000009536743,3.5999999046325684,3.615000009536743,2706.0
2024-10-25 13:30:00+00:00,HOOD,27.274999618530273,27.274999618530273,27.280000686645508,27.2549991607666,27.280000686645508,9299.0
2024-10-25 13:30:00+00:00,III,3.0299999713897705,3.0299999713897705,3.0350000858306885,3.0299999713897705,3.0350000858306885,2009.0
2024-10-25 13:30:00+00:00,IMMR,8.710000038146973,8.710000038146973,8.710000038146973,8.710000038146973,8.710000038146973,962.0
2024-10-25 13:30:00+00:00,IMXI,17.59000015258789,17.59000015258789,17.59000015258789,17.59000015258789,17.59000015258789,699.0
2024-10-25 13:30:00+00:00,INDI,3.555000066757202,3.555000066757202,3.555000066757202,3.555000066757202,3.555000066757202,996.0
2024-10-25 13:30:00+00:00,INFN,6.784999847412109,6.784999847412109,6.784999847412109,6.78000020980835,6.78000020980835,433.0
2024-10-25 13:30:00+00:00,INOD,20.15999984741211,20.15999984741211,20.15999984741211,20.149999618530273,20.149999618530273,1067.0
2024-10-25 13:30:00+00:00,INTA,50.05500030517578,50.05500030517578,50.064998626708984,50.05500030517578,50.064998626708984,2387.0
2024-10-25 13:30:00+00:00,INTC,22.95599937438965,22.95599937438965,22.979999542236328,22.950000762939453,22.979999542236328,86622.0
2024-10-25 13:30:00+00:00,INTU,609.9299926757812,609.9299926757812,610.0700073242188,609.7899780273438,610.0499877929688,2868.0
2024-10-25 13:30:00+00:00,IPGP,77.4000015258789,77.4000015258789,77.40499877929688,77.27999877929688,77.33499908447266,1074.0
2024-10-25 13:30:00+00:00,JAMF,16.719999313354492,16.719999313354492,16.719999313354492,16.719999313354492,16.719999313354492,631.0
2024-10-25 13:30:00+00:00,JKHY,182.5800018310547,182.5800018310547,182.5800018310547,182.5800018310547,182.5800018310547,994.0
2024-10-25 13:30:00+00:00,KC,2.7149999141693115,2.7149999141693115,2.7200000286102295,2.7149999141693115,2.7200000286102295,892.0
2024-10-25 13:30:00+00:00,KLIC,44.584999084472656,44.584999084472656,44.584999084472656,44.584999084472656,44.584999084472656,839.0
2024-10-25 13:30:00+00:00,KOSS,7.384300231933594,7.384300231933594,7.384300231933594,7.384300231933594,7.384300231933594,100.0
2024-10-25 13:30:00+00:00,LITE,63.95000076293945,63.95000076293945,63.970001220703125,63.915000915527344,63.915000915527344,2614.0
2024-10-25 13:30:00+00:00,LOGI,80.79000091552734,80.79000091552734,80.79000091552734,80.79000091552734,80.79000091552734,160.0
2024-10-25 13:30:00+00:00,LRCX,78.83499908447266,78.83499908447266,78.87999725341797,78.79000091552734,78.8499984741211,28331.0
2024-10-25 13:30:00+00:00,LSCC,54.380001068115234,54.380001068115234,54.41999816894531,54.369998931884766,54.41999816894531,2254.0
2024-10-25 13:30:00+00:00,LTRX,4.050000190734863,4.050000190734863,4.050000190734863,4.050000190734863,4.050000190734863,550.0
2024-10-25 13:30:00+00:00,LYFT,13.725000381469727,13.725000381469727,13.729999542236328,13.704999923706055,13.710000038146973,39620.0
2024-10-25 13:30:00+00:00,LYTS,16.229999542236328,16.229999542236328,16.229999542236328,16.229999542236328,16.229999542236328,522.0
2024-10-25 13:30:00+00:00,MCHP,77.0,77.0,77.05000305175781,77.0,77.05000305175781,13386.0
2024-10-25 13:30:00+00:00,MDB,267.0899963378906,267.0899963378906,267.2300109863281,267.0400085449219,267.0899963378906,1798.0
2024-10-25 13:30:00+00:00,MITK,8.770000457763672,8.770000457763672,8.770000457763672,8.770000457763672,8.770000457763672,347.0
2024-10-25 13:30:00+00:00,MKSI,101.37000274658203,101.37000274658203,101.37000274658203,101.28500366210938,101.30000305175781,865.0
2024-10-25 13:30:00+00:00,MNDY,299.69500732421875,299.69500732421875,299.69500732421875,299.69500732421875,299.69500732421875,413.0
2024-10-25 13:30:00+00:00,MPWR,918.739990234375,918.739990234375,919.969970703125,918.739990234375,919.969970703125,1010.0
2024-10-25 13:30:00+00:00,MQ,5.275000095367432,5.275000095367432,5.276899814605713,5.275000095367432,5.275000095367432,2642.0
2024-10-25 13:30:00+00:00,MRVL,82.61000061035156,82.61000061035156,82.67250061035156,82.58290100097656,82.63999938964844,18919.0
2024-10-25 13:30:00+00:00,MSFT,428.489990234375,428.489990234375,428.510009765625,428.28009033203125,428.4100036621094,11159.0
2024-10-25 13:30:00+00:00,MSTR,237.89010620117188,237.89010620117188,238.4698944091797,236.50999450683594,236.80999755859375,56781.0
2024-10-25 13:30:00+00:00,MTSI,120.25,120.25,120.46499633789062,120.25,120.30000305175781,1752.0
2024-10-25 13:30:00+00:00,MTTR,4.635000228881836,4.635000228881836,4.635000228881836,4.612500190734863,4.612500190734863,54611.0
2024-10-25 13:30:00+00:00,MU,108.37999725341797,108.37999725341797,108.43769836425781,108.33000183105469,108.37999725341797,21182.0
2024-10-25 13:30:00+00:00,MXL,14.880000114440918,14.880000114440918,14.880000114440918,14.850000381469727,14.859999656677246,3547.0
2024-10-25 13:30:00+00:00,NCNO,37.7400016784668,37.7400016784668,37.7400016784668,37.7400016784668,37.7400016784668,603.0
2024-10-25 13:30:00+00:00,NICE,175.94000244140625,175.94000244140625,175.94000244140625,175.94000244140625,175.94000244140625,403.0
2024-10-25 13:30:00+00:00,NTAP,119.94000244140625,119.94000244140625,119.94000244140625,119.93000030517578,119.93000030517578,1255.0
2024-10-25 13:30:00+00:00,NTCT,20.760000228881836,20.760000228881836,20.770000457763672,20.760000228881836,20.770000457763672,1584.0
2024-10-25 13:30:00+00:00,NTGR,20.325000762939453,20.325000762939453,20.325000762939453,20.325000762939453,20.325000762939453,134.0
2024-10-25 13:30:00+00:00,NTNX,62.060001373291016,62.060001373291016,62.060001373291016,62.029998779296875,62.04999923706055,3008.0
2024-10-25 13:30:00+00:00,NVDA,142.5399932861328,142.5399932861328,142.60009765625,142.38999938964844,142.50999450683594,783410.0
2024-10-25 13:30:00+00:00,NVEI,33.51499938964844,33.51499938964844,33.51499938964844,33.5099983215332,33.51499938964844,1269.0
2024-10-25 13:30:00+00:00,NVMI,184.52000427246094,184.52000427246094,184.7899932861328,184.52000427246094,184.7899932861328,335.0
2024-10-25 13:30:00+00:00,NXPI,245.05999755859375,245.05999755859375,245.05999755859375,244.86680603027344,245.0,3480.0
2024-10-25 13:30:00+00:00,OKTA,72.23999786376953,72.23999786376953,72.25,72.22250366210938,72.22250366210938,885.0
2024-10-25 13:30:00+00:00,OLED,204.38999938964844,204.38999938964844,204.38999938964844,204.35110473632812,204.35110473632812,2487.0
2024-10-25 13:30:00+00:00,ON,71.8499984741211,71.8499984741211,71.93000030517578,71.83489990234375,71.88999938964844,27461.0
2024-10-25 13:30:00+00:00,ONDS,0.880299985408783,0.880299985408783,0.880299985408783,0.880299985408783,0.880299985408783,297.0
2024-10-25 13:30:00+00:00,OTEX,33.29999923706055,33.29999923706055,33.29999923706055,33.29999923706055,33.29999923706055,1737.0
2024-10-25 13:30:00+00:00,PANW,367.4100036621094,367.4100036621094,367.5799865722656,367.4100036621094,367.5799865722656,874.0
2024-10-25 13:30:00+00:00,PAYO,8.295000076293945,8.295000076293945,8.295000076293945,8.295000076293945,8.295000076293945,1022.0
2024-10-25 13:30:00+00:00,PCTY,173.52000427246094,173.52000427246094,173.52000427246094,173.52000427246094,173.52000427246094,557.0
2024-10-25 13:30:00+00:00,PDFS,29.239999771118164,29.239999771118164,29.25,29.239999771118164,29.25,794.0
2024-10-25 13:30:00+00:00,PEGA,79.21499633789062,79.21499633789062,79.23999786376953,79.21499633789062,79.23999786376953,1313.0
2024-10-25 13:30:00+00:00,PGY,11.880000114440918,11.880000114440918,11.880000114440918,11.859999656677246,11.859999656677246,2541.0
2024-10-25 13:30:00+00:00,PHUN,10.260000228881836,10.260000228881836,10.289999961853027,10.199999809265137,10.219900131225586,30032.0
2024-10-25 13:30:00+00:00,PLAB,23.700000762939453,23.700000762939453,23.700000762939453,23.700000762939453,23.700000762939453,1377.0
2024-10-25 13:30:00+00:00,POET,3.859999895095825,3.859999895095825,3.859999895095825,3.8550000190734863,3.859999895095825,1641.0
2024-10-25 13:30:00+00:00,POWI,63.7400016784668,63.7400016784668,63.7400016784668,63.7400016784668,63.7400016784668,842.0
2024-10-25 13:30:00+00:00,PRGS,64.5,64.5,64.5,64.5,64.5,620.0
2024-10-25 13:30:00+00:00,PTC,186.55999755859375,186.55999755859375,186.55999755859375,186.55999755859375,186.55999755859375,2532.0
2024-10-25 13:30:00+00:00,PUBM,14.770000457763672,14.770000457763672,14.779999732971191,14.760000228881836,14.779999732971191,1765.0
2024-10-25 13:30:00+00:00,QCOM,171.80999755859375,171.80999755859375,171.875,171.7899932861328,171.875,5826.0
2024-10-25 13:30:00+00:00,QRVO,100.31999969482422,100.31999969482422,100.37000274658203,100.31999969482422,100.37000274658203,4081.0
2024-10-25 13:30:00+00:00,QUIK,8.618000030517578,8.618000030517578,8.618000030517578,8.618000030517578,8.618000030517578,1378.0
2024-10-25 13:30:00+00:00,RCAT,2.765000104904175,2.765000104904175,2.765000104904175,2.765000104904175,2.765000104904175,523.0
2024-10-25 13:30:00+00:00,RDVT,28.91390037536621,28.91390037536621,28.91390037536621,28.91390037536621,28.91390037536621,272.0
2024-10-25 13:30:00+00:00,RELY,14.84000015258789,14.84000015258789,14.850000381469727,14.84000015258789,14.850000381469727,2417.0
2024-10-25 13:30:00+00:00,RGTI,1.2199000120162964,1.2199000120162964,1.2200000286102295,1.2199000120162964,1.2199000120162964,13967.0
2024-10-25 13:30:00+00:00,RIOT,9.954999923706055,9.954999923706055,9.96500015258789,9.920000076293945,9.9350004196167,67086.0
2024-10-25 13:30:00+00:00,RMBS,43.43000030517578,43.43000030517578,43.435001373291016,43.404998779296875,43.43000030517578,5665.0
2024-10-25 13:30:00+00:00,RPAY,7.599999904632568,7.599999904632568,7.610000133514404,7.599999904632568,7.610000133514404,690.0
2024-10-25 13:30:00+00:00,RUM,5.735000133514404,5.735000133514404,5.735000133514404,5.730000019073486,5.735000133514404,7507.0
2024-10-25 13:30:00+00:00,RUN,14.305999755859375,14.305999755859375,14.329999923706055,14.305000305175781,14.329999923706055,7109.0
2024-10-25 13:30:00+00:00,RXT,2.509999990463257,2.509999990463257,2.5199999809265137,2.505000114440918,2.5199999809265137,5346.0
2024-10-25 13:30:00+00:00,SANM,67.5999984741211,67.5999984741211,67.5999984741211,67.5999984741211,67.5999984741211,794.0
2024-10-25 13:30:00+00:00,SATS,25.045000076293945,25.045000076293945,25.065000534057617,25.045000076293945,25.065000534057617,3362.0
2024-10-25 13:30:00+00:00,SCSC,44.709999084472656,44.709999084472656,44.709999084472656,44.709999084472656,44.709999084472656,413.0
2024-10-25 13:30:00+00:00,SEDG,15.90999984741211,15.90999984741211,15.920999526977539,15.90999984741211,15.90999984741211,5352.0
2024-10-25 13:30:00+00:00,SHLS,5.235000133514404,5.235000133514404,5.244999885559082,5.230000019073486,5.244999885559082,8357.0
2024-10-25 13:30:00+00:00,SLNH,3.9823999404907227,3.9823999404907227,3.9823999404907227,3.9823999404907227,3.9823999404907227,403.0
2024-10-25 13:30:00+00:00,SMCI,47.09000015258789,47.09000015258789,47.119998931884766,47.0,47.03499984741211,143529.0
2024-10-25 13:30:00+00:00,SMTC,45.869998931884766,45.869998931884766,45.869998931884766,45.869998931884766,45.869998931884766,380.0
2024-10-25 13:30:00+00:00,SNPS,503.8699951171875,503.8699951171875,503.8699951171875,503.1099853515625,503.1700134277344,4829.0
2024-10-25 13:30:00+00:00,SOBR,7.460000038146973,7.460000038146973,7.460000038146973,7.460000038146973,7.460000038146973,1698.0
2024-10-25 13:30:00+00:00,SONO,12.734999656677246,12.734999656677246,12.739999771118164,12.734999656677246,12.739999771118164,1480.0
2024-10-25 13:30:00+00:00,SOUN,5.204999923706055,5.204999923706055,5.210000038146973,5.199999809265137,5.210000038146973,29296.0
2024-10-25 13:30:00+00:00,SPSC,174.92999267578125,174.92999267578125,174.92999267578125,174.92999267578125,174.92999267578125,561.0
2024-10-25 13:30:00+00:00,SPT,26.825000762939453,26.825000762939453,26.825000762939453,26.825000762939453,26.825000762939453,638.0
2024-10-25 13:30:00+00:00,SRAD,12.385000228881836,12.385000228881836,12.385000228881836,12.369999885559082,12.385000228881836,442.0
2024-10-25 13:30:00+00:00,SSNC,69.67500305175781,69.67500305175781,69.69000244140625,69.63500213623047,69.6500015258789,6902.0
2024-10-25 13:30:00+00:00,SSTI,11.329999923706055,11.329999923706055,11.329999923706055,11.329999923706055,11.329999923706055,121.0
2024-10-25 13:30:00+00:00,SSYS,7.079999923706055,7.079999923706055,7.079999923706055,7.079999923706055,7.079999923706055,492.0
2024-10-25 13:30:00+00:00,STNE,11.520000457763672,11.520000457763672,11.524999618530273,11.515000343322754,11.524999618530273,6536.0
2024-10-25 13:30:00+00:00,STX,103.8499984741211,103.8499984741211,103.87999725341797,103.73999786376953,103.73999786376953,1844.0
2024-10-25 13:30:00+00:00,SWKS,96.4749984741211,96.4749984741211,96.52999877929688,96.44999694824219,96.52999877929688,6380.0
2024-10-25 13:30:00+00:00,SYNA,72.98999786376953,72.98999786376953,72.98999786376953,72.98999786376953,72.98999786376953,228.0
2024-10-25 13:30:00+00:00,SYTA,1.2999999523162842,1.2999999523162842,1.309999942779541,1.2999999523162842,1.309999942779541,6548.0
2024-10-25 13:30:00+00:00,TASK,11.970000267028809,11.970000267028809,11.979999542236328,11.970000267028809,11.979999542236328,317.0
2024-10-25 13:30:00+00:00,TEAM,189.47999572753906,189.47999572753906,189.52999877929688,189.38999938964844,189.52749633789062,3153.0
2024-10-25 13:30:00+00:00,TENB,41.650001525878906,41.650001525878906,41.650001525878906,41.650001525878906,41.650001525878906,1073.0
2024-10-25 13:30:00+00:00,TER,113.13999938964844,113.13999938964844,113.16999816894531,113.09500122070312,113.12999725341797,6346.0
2024-10-25 13:30:00+00:00,TGL,0.6886000037193298,0.6886000037193298,0.6886000037193298,0.6886000037193298,0.6886000037193298,653.0
2024-10-25 13:30:00+00:00,TLS,3.619999885559082,3.619999885559082,3.619999885559082,3.619999885559082,3.619999885559082,2148.0
2024-10-25 13:30:00+00:00,TRMB,61.10499954223633,61.10499954223633,61.11000061035156,61.10499954223633,61.11000061035156,537.0
2024-10-25 13:30:00+00:00,TSEM,45.1150016784668,45.1150016784668,45.119998931884766,45.1150016784668,45.119998931884766,803.0
2024-10-25 13:30:00+00:00,TTD,118.55999755859375,118.55999755859375,118.59500122070312,118.51000213623047,118.55000305175781,4029.0
2024-10-25 13:30:00+00:00,TWKS,4.449999809265137,4.449999809265137,4.449999809265137,4.449999809265137,4.449999809265137,5211.0
2024-10-25 13:30:00+00:00,TXN,208.2949981689453,208.2949981689453,208.3800048828125,208.2949981689453,208.3800048828125,10671.0
2024-10-25 13:30:00+00:00,UCTT,35.81999969482422,35.81999969482422,35.81999969482422,35.79999923706055,35.81999969482422,1218.0
2024-10-25 13:30:00+00:00,UTSI,2.743799924850464,2.743799924850464,2.743799924850464,2.743799924850464,2.743799924850464,3400.0
2024-10-25 13:30:00+00:00,VECO,29.40999984741211,29.40999984741211,29.43000030517578,29.40999984741211,29.43000030517578,921.0
2024-10-25 13:30:00+00:00,VERI,3.4049999713897705,3.4049999713897705,3.4100000858306885,3.4049999713897705,3.4100000858306885,2329.0
2024-10-25 13:30:00+00:00,VERX,41.77000045776367,41.77000045776367,41.79999923706055,41.77000045776367,41.79999923706055,5582.0
2024-10-25 13:30:00+00:00,VIAV,9.239999771118164,9.239999771118164,9.244999885559082,9.229999542236328,9.244999885559082,6979.0
2024-10-25 13:30:00+00:00,VMEO,4.764999866485596,4.764999866485596,4.764999866485596,4.760000228881836,4.760000228881836,1031.0
2024-10-25 13:30:00+00:00,VRNS,56.7599983215332,56.7599983215332,56.790000915527344,56.70000076293945,56.77000045776367,2437.0
2024-10-25 13:30:00+00:00,VRNT,22.09000015258789,22.09000015258789,22.094999313354492,22.09000015258789,22.094999313354492,1563.0
2024-10-25 13:30:00+00:00,VRSN,184.4199981689453,184.4199981689453,184.5399932861328,184.4199981689453,184.5399932861328,2619.0
2024-10-25 13:30:00+00:00,VSAT,10.300000190734863,10.300000190734863,10.300000190734863,10.300000190734863,10.300000190734863,1196.0
2024-10-25 13:30:00+00:00,VUZI,1.315000057220459,1.315000057220459,1.3151999711990356,1.315000057220459,1.315000057220459,2520.0
2024-10-25 13:30:00+00:00,WDAY,239.2100067138672,239.2100067138672,239.24000549316406,239.2100067138672,239.24000549316406,716.0
2024-10-25 13:30:00+00:00,WDC,70.63999938964844,70.63999938964844,70.70999908447266,70.54000091552734,70.63500213623047,61721.0
2024-10-25 13:30:00+00:00,WISA,1.9700000286102295,1.9700000286102295,1.9700000286102295,1.965000033378601,1.965000033378601,1511.0
2024-10-25 13:30:00+00:00,WIX,164.86000061035156,164.86000061035156,164.86000061035156,164.63470458984375,164.63470458984375,1475.0
2024-10-25 13:30:00+00:00,XPER,9.430000305175781,9.430000305175781,9.4350004196167,9.425000190734863,9.4350004196167,2495.0
2024-10-25 13:30:00+00:00,XRX,10.03499984741211,10.03499984741211,10.050000190734863,10.03499984741211,10.050000190734863,7692.0
2024-10-25 13:30:00+00:00,ZBRA,361.4200134277344,361.4200134277344,361.4200134277344,361.4200134277344,361.4200134277344,561.0
2024-10-25 13:30:00+00:00,ZENV,1.437600016593933,1.437600016593933,1.437600016593933,1.437600016593933,1.437600016593933,281.0
2024-10-25 13:30:00+00:00,ZI,10.510000228881836,10.510000228881836,10.510000228881836,10.494999885559082,10.505000114440918,5700.0
2024-10-25 13:30:00+00:00,ZM,72.9800033569336,72.9800033569336,72.9800033569336,72.9800033569336,72.9800033569336,1534.0
2024-10-25 13:30:00+00:00,ZS,184.77000427246094,184.77000427246094,184.89999389648438,184.77000427246094,184.81500244140625,4475.0
2024-10-25 13:31:00+00:00,AAPL,231.94000244140625,231.94000244140625,231.94000244140625,231.7899932861328,231.7899932861328,27212.0
2024-10-25 13:31:00+00:00,ACLS,90.29000091552734,90.29000091552734,90.29000091552734,90.27999877929688,90.27999877929688,562.0
2024-10-25 13:31:00+00:00,ADBE,484.1700134277344,484.1700134277344,484.1700134277344,483.94189453125,483.94189453125,1527.0
2024-10-25 13:31:00+00:00,ADI,232.8800048828125,232.8800048828125,232.88999938964844,232.74000549316406,232.74000549316406,1398.0
2024-10-25 13:31:00+00:00,ADSK,286.1000061035156,286.1000061035156,286.1000061035156,285.9800109863281,285.9800109863281,2513.0
2024-10-25 13:31:00+00:00,AEHR,17.024999618530273,17.024999618530273,17.024999618530273,17.020000457763672,17.020000457763672,2938.0
2024-10-25 13:31:00+00:00,AFRM,41.45000076293945,41.45000076293945,41.45000076293945,41.39500045776367,41.404998779296875,8676.0
2024-10-25 13:31:00+00:00,AKAM,102.47000122070312,102.47000122070312,102.47000122070312,102.47000122070312,102.47000122070312,360.0
2024-10-25 13:31:00+00:00,AKTS,0.05950000137090683,0.05950000137090683,0.05950000137090683,0.05950000137090683,0.05950000137090683,31076.0
2024-10-25 13:31:00+00:00,ALGM,23.0,23.0,23.0,22.989999771118164,22.989999771118164,2140.0
2024-10-25 13:31:00+00:00,ALTR,103.88500213623047,103.88500213623047,103.88500213623047,103.88500213623047,103.88500213623047,213.0
2024-10-25 13:31:00+00:00,AMAT,188.33999633789062,188.33999633789062,188.33999633789062,188.13800048828125,188.13800048828125,3003.0
2024-10-25 13:31:00+00:00,AMBA,58.43000030517578,58.43000030517578,58.43000030517578,58.43000030517578,58.43000030517578,774.0
2024-10-25 13:31:00+00:00,AMD,157.12010192871094,157.12010192871094,157.14999389648438,156.98199462890625,156.98989868164062,42761.0
2024-10-25 13:31:00+00:00,AMKR,29.989999771118164,29.989999771118164,29.989999771118164,29.989999771118164,29.989999771118164,333.0
2024-10-25 13:31:00+00:00,AMPL,9.130000114440918,9.130000114440918,9.130000114440918,9.130000114440918,9.130000114440918,386.0
2024-10-25 13:31:00+00:00,API,2.9149999618530273,2.9149999618530273,2.9149999618530273,2.9119999408721924,2.9119999408721924,1203.0
2024-10-25 13:31:00+00:00,APP,160.60000610351562,160.60000610351562,160.64999389648438,160.50999450683594,160.60000610351562,5226.0
2024-10-25 13:31:00+00:00,APPS,3.059999942779541,3.059999942779541,3.059999942779541,3.059999942779541,3.059999942779541,0.0
2024-10-25 13:31:00+00:00,ARQQ,7.099999904632568,7.099999904632568,7.099999904632568,7.099999904632568,7.099999904632568,132.0
2024-10-25 13:31:00+00:00,ARRY,6.34499979019165,6.34499979019165,6.349999904632568,6.340000152587891,6.34499979019165,5800.0
2024-10-25 13:31:00+00:00,AUR,6.434999942779541,6.434999942779541,6.434999942779541,6.429999828338623,6.429999828338623,6902.0
2024-10-25 13:31:00+00:00,AVDX,8.119999885559082,8.119999885559082,8.119999885559082,8.109999656677246,8.109999656677246,2480.0
2024-10-25 13:31:00+00:00,AVGO,174.88999938964844,174.88999938964844,174.9326934814453,174.77999877929688,174.78990173339844,14031.0
2024-10-25 13:31:00+00:00,AVT,54.07500076293945,54.07500076293945,54.07500076293945,54.07500076293945,54.07500076293945,353.0
2024-10-25 13:31:00+00:00,BMBL,7.125,7.125,7.125,7.119999885559082,7.119999885559082,1731.0
2024-10-25 13:31:00+00:00,BSY,49.08000183105469,49.08000183105469,49.08000183105469,49.08000183105469,49.08000183105469,228.0
2024-10-25 13:31:00+00:00,CAMT,78.04000091552734,78.04000091552734,78.04000091552734,78.04000091552734,78.04000091552734,1124.0
2024-10-25 13:31:00+00:00,CAN,0.9811000227928162,0.9811000227928162,0.9825999736785889,0.9811000227928162,0.9825999736785889,1609.0
2024-10-25 13:31:00+00:00,CDNS,258.67999267578125,258.67999267578125,258.67999267578125,258.67999267578125,258.67999267578125,856.0
2024-10-25 13:31:00+00:00,CDW,219.5,219.5,219.5,219.47000122070312,219.47000122070312,951.0
2024-10-25 13:31:00+00:00,CFLT,22.554000854492188,22.554000854492188,22.55500030517578,22.545000076293945,22.545000076293945,4395.0
2024-10-25 13:31:00+00:00,CGNX,38.939998626708984,38.939998626708984,38.939998626708984,38.900001525878906,38.900001525878906,5575.0
2024-10-25 13:31:00+00:00,CLBT,18.1299991607666,18.1299991607666,18.1299991607666,18.110000610351562,18.110000610351562,1936.0
2024-10-25 13:31:00+00:00,CLSK,11.8818998336792,11.8818998336792,11.890000343322754,11.871100425720215,11.875,13940.0
2024-10-25 13:31:00+00:00,CNDT,3.619999885559082,3.619999885559082,3.619999885559082,3.615000009536743,3.619999885559082,5486.0
2024-10-25 13:31:00+00:00,CNXC,44.599998474121094,44.599998474121094,44.63999938964844,44.599998474121094,44.63999938964844,1575.0
2024-10-25 13:31:00+00:00,COHR,95.48500061035156,95.48500061035156,95.48500061035156,95.41000366210938,95.41000366210938,1850.0
2024-10-25 13:31:00+00:00,COIN,210.8000030517578,210.8000030517578,210.9499969482422,210.76499938964844,210.9499969482422,3370.0
2024-10-25 13:31:00+00:00,COMM,6.320000171661377,6.320000171661377,6.320000171661377,6.269999980926514,6.269999980926514,23104.0
2024-10-25 13:31:00+00:00,CORZ,13.470000267028809,13.470000267028809,13.48799991607666,13.430000305175781,13.430000305175781,15242.0
2024-10-25 13:31:00+00:00,CORZW,7.900000095367432,7.900000095367432,7.900000095367432,7.889999866485596,7.889999866485596,200.0
2024-10-25 13:31:00+00:00,CRCT,6.619999885559082,6.619999885559082,6.619999885559082,6.619999885559082,6.619999885559082,213.0
2024-10-25 13:31:00+00:00,CRDO,39.25,39.25,39.28499984741211,39.22999954223633,39.279998779296875,15881.0
2024-10-25 13:31:00+00:00,CRNC,2.9098000526428223,2.9098000526428223,2.9098000526428223,2.9098000526428223,2.9098000526428223,700.0
2024-10-25 13:31:00+00:00,CRWD,300.67999267578125,300.67999267578125,300.8598937988281,300.5000915527344,300.5260009765625,11861.0
2024-10-25 13:31:00+00:00,CSCO,55.8849983215332,55.8849983215332,55.88999938964844,55.86000061035156,55.8650016784668,18001.0
2024-10-25 13:31:00+00:00,CSGS,47.45000076293945,47.45000076293945,47.47999954223633,47.44499969482422,47.44499969482422,810.0
2024-10-25 13:31:00+00:00,CSIQ,13.539999961853027,13.539999961853027,13.539999961853027,13.539999961853027,13.539999961853027,540.0
2024-10-25 13:31:00+00:00,CTLP,8.899999618530273,8.899999618530273,8.899999618530273,8.899999618530273,8.899999618530273,397.0
2024-10-25 13:31:00+00:00,CTSH,74.83999633789062,74.83999633789062,74.83999633789062,74.79810333251953,74.80999755859375,4492.0
2024-10-25 13:31:00+00:00,DATS,1.6699999570846558,1.6699999570846558,1.6699999570846558,1.6699999570846558,1.6699999570846558,229.0
2024-10-25 13:31:00+00:00,DAVE,39.209999084472656,39.209999084472656,39.22999954223633,39.209999084472656,39.22999954223633,372.0
2024-10-25 13:31:00+00:00,DBX,25.950000762939453,25.950000762939453,25.950000762939453,25.94499969482422,25.94499969482422,693.0
2024-10-25 13:31:00+00:00,DDOG,127.0999984741211,127.0999984741211,127.12000274658203,127.06269836425781,127.07499694824219,6457.0
2024-10-25 13:31:00+00:00,DGHI,1.579699993133545,1.579699993133545,1.579699993133545,1.579699993133545,1.579699993133545,3000.0
2024-10-25 13:31:00+00:00,DOCU,69.69000244140625,69.69000244140625,69.69999694824219,69.63999938964844,69.6500015258789,3183.0
2024-10-25 13:31:00+00:00,DTSS,2.4800000190734863,2.4800000190734863,2.4800000190734863,2.4800000190734863,2.4800000190734863,200.0
2024-10-25 13:31:00+00:00,DUOL,289.54998779296875,289.54998779296875,289.55999755859375,289.54998779296875,289.55999755859375,333.0
2024-10-25 13:31:00+00:00,ENPH,83.30000305175781,83.30000305175781,83.30500030517578,83.27999877929688,83.27999877929688,3169.0
2024-10-25 13:31:00+00:00,ERIC,8.459699630737305,8.459699630737305,8.459699630737305,8.444000244140625,8.449999809265137,187720.0
2024-10-25 13:31:00+00:00,EXLS,38.779998779296875,38.779998779296875,38.779998779296875,38.779998779296875,38.779998779296875,1059.0
2024-10-25 13:31:00+00:00,EXTR,14.425000190734863,14.425000190734863,14.425000190734863,14.425000190734863,14.425000190734863,157.0
2024-10-25 13:31:00+00:00,FFIV,216.5,216.5,216.5,216.5,216.5,270.0
2024-10-25 13:31:00+00:00,FIVN,29.844999313354492,29.844999313354492,29.844999313354492,29.795000076293945,29.795000076293945,1993.0
2024-10-25 13:31:00+00:00,FLEX,35.20000076293945,35.20000076293945,35.20000076293945,35.189998626708984,35.189998626708984,3113.0
2024-10-25 13:31:00+00:00,FORM,44.98699951171875,44.98699951171875,45.02000045776367,44.98699951171875,45.0099983215332,847.0
2024-10-25 13:31:00+00:00,FRSH,11.654999732971191,11.654999732971191,11.65999984741211,11.649999618530273,11.649999618530273,1893.0
2024-10-25 13:31:00+00:00,FSLR,198.02310180664062,198.02310180664062,198.02310180664062,198.02310180664062,198.02310180664062,270.0
2024-10-25 13:31:00+00:00,FTCI,0.6610000133514404,0.6610000133514404,0.6610000133514404,0.6610000133514404,0.6610000133514404,30008.0
2024-10-25 13:31:00+00:00,FTNT,80.86000061035156,80.86000061035156,80.86000061035156,80.8499984741211,80.8499984741211,971.0
2024-10-25 13:31:00+00:00,GCT,24.639999389648438,24.639999389648438,24.739999771118164,24.639999389648438,24.739999771118164,13511.0
2024-10-25 13:31:00+00:00,GPRO,1.3350000381469727,1.3350000381469727,1.3350000381469727,1.3350000381469727,1.3350000381469727,380.0
2024-10-25 13:31:00+00:00,GRAB,4.09499979019165,4.09499979019165,4.09499979019165,4.09499979019165,4.09499979019165,1950.0
2024-10-25 13:31:00+00:00,HCP,33.665000915527344,33.665000915527344,33.66999816894531,33.65999984741211,33.66999816894531,1981.0
2024-10-25 13:31:00+00:00,HIMX,6.179999828338623,6.179999828338623,6.184999942779541,6.179999828338623,6.184999942779541,1486.0
2024-10-25 13:31:00+00:00,HLIT,14.800000190734863,14.800000190734863,14.800000190734863,14.800000190734863,14.800000190734863,973.0
2024-10-25 13:31:00+00:00,HOLO,3.600100040435791,3.600100040435791,3.630000114440918,3.600100040435791,3.6198999881744385,3276.0
2024-10-25 13:31:00+00:00,HOLOW,0.037300001829862595,0.037300001829862595,0.037300001829862595,0.037300001829862595,0.037300001829862595,0.0
2024-10-25 13:31:00+00:00,HOOD,27.274999618530273,27.274999618530273,27.280000686645508,27.264999389648438,27.270000457763672,5331.0
2024-10-25 13:31:00+00:00,IFBD,1.9399000406265259,1.9399000406265259,1.9399000406265259,1.9249999523162842,1.9356000423431396,5833.0
2024-10-25 13:31:00+00:00,IIIV,22.870399475097656,22.870399475097656,22.870399475097656,22.870399475097656,22.870399475097656,577.0
2024-10-25 13:31:00+00:00,INDI,3.559999942779541,3.559999942779541,3.559999942779541,3.555000066757202,3.559799909591675,18689.0
2024-10-25 13:31:00+00:00,INFN,6.78000020980835,6.78000020980835,6.78000020980835,6.78000020980835,6.78000020980835,106.0
2024-10-25 13:31:00+00:00,INOD,20.190000534057617,20.190000534057617,20.190000534057617,20.190000534057617,20.190000534057617,356.0
2024-10-25 13:31:00+00:00,INTC,22.96500015258789,22.96500015258789,22.969999313354492,22.94499969482422,22.956899642944336,83392.0
2024-10-25 13:31:00+00:00,INTU,610.0449829101562,610.0449829101562,610.0700073242188,610.0449829101562,610.0700073242188,721.0
2024-10-25 13:31:00+00:00,ITRI,102.66000366210938,102.66000366210938,102.66000366210938,102.66000366210938,102.66000366210938,169.0
2024-10-25 13:31:00+00:00,JAMF,16.704999923706055,16.704999923706055,16.704999923706055,16.704999923706055,16.704999923706055,1223.0
2024-10-25 13:31:00+00:00,KC,2.7200000286102295,2.7200000286102295,2.7200000286102295,2.7149999141693115,2.7200000286102295,1571.0
2024-10-25 13:31:00+00:00,KLAC,678.6599731445312,678.6599731445312,678.6599731445312,678.47998046875,678.47998046875,1087.0
2024-10-25 13:31:00+00:00,KLIC,44.58000183105469,44.58000183105469,44.58000183105469,44.58000183105469,44.58000183105469,110.0
2024-10-25 13:31:00+00:00,KOSS,7.355500221252441,7.355500221252441,7.355500221252441,7.355500221252441,7.355500221252441,110.0
2024-10-25 13:31:00+00:00,LASR,10.430000305175781,10.430000305175781,10.430000305175781,10.420000076293945,10.420000076293945,446.0
2024-10-25 13:31:00+00:00,LINK,4.869999885559082,4.869999885559082,4.954999923706055,4.869999885559082,4.909999847412109,1939.0
2024-10-25 13:31:00+00:00,LITE,63.9900016784668,63.9900016784668,63.9900016784668,63.96500015258789,63.96500015258789,2181.0
2024-10-25 13:31:00+00:00,LOGI,80.81999969482422,80.81999969482422,80.81999969482422,80.81999969482422,80.81999969482422,407.0
2024-10-25 13:31:00+00:00,LPSN,1.1649999618530273,1.1649999618530273,1.1649999618530273,1.1649999618530273,1.1649999618530273,618.0
2024-10-25 13:31:00+00:00,LRCX,78.94999694824219,78.94999694824219,78.94999694824219,78.81999969482422,78.81999969482422,18582.0
2024-10-25 13:31:00+00:00,LSCC,54.38999938964844,54.38999938964844,54.38999938964844,54.38999938964844,54.38999938964844,1214.0
2024-10-25 13:31:00+00:00,LYFT,13.750200271606445,13.750200271606445,13.755000114440918,13.725000381469727,13.725000381469727,27468.0
2024-10-25 13:31:00+00:00,MCHP,77.05000305175781,77.05000305175781,77.05000305175781,76.98999786376953,76.98999786376953,3943.0
2024-10-25 13:31:00+00:00,MDB,267.1675109863281,267.1675109863281,267.1675109863281,267.1675109863281,267.1675109863281,101.0
2024-10-25 13:31:00+00:00,MKSI,101.29499816894531,101.29499816894531,101.29499816894531,101.29499816894531,101.29499816894531,516.0
2024-10-25 13:31:00+00:00,MNDY,299.69000244140625,299.69000244140625,299.69000244140625,299.69000244140625,299.69000244140625,340.0
2024-10-25 13:31:00+00:00,MPWR,919.5250244140625,919.5250244140625,919.5250244140625,918.2700805664062,918.2700805664062,842.0
2024-10-25 13:31:00+00:00,MRVL,82.66000366210938,82.66000366210938,82.66999816894531,82.57499694824219,82.58000183105469,9313.0
2024-10-25 13:31:00+00:00,MSFT,428.67999267578125,428.67999267578125,428.67999267578125,428.4150085449219,428.44000244140625,12905.0
2024-10-25 13:31:00+00:00,MSTR,238.33999633789062,238.33999633789062,238.57000732421875,238.0,238.01499938964844,46337.0
2024-10-25 13:31:00+00:00,MTC,0.3736000061035156,0.3736000061035156,0.3736000061035156,0.3723999857902527,0.3723999857902527,2204.0
2024-10-25 13:31:00+00:00,MTTR,4.635000228881836,4.635000228881836,4.635000228881836,4.635000228881836,4.635000228881836,954.0
2024-10-25 13:31:00+00:00,MU,108.45500183105469,108.45500183105469,108.4800033569336,108.37000274658203,108.37000274658203,10345.0
2024-10-25 13:31:00+00:00,MVIS,1.090000033378601,1.090000033378601,1.090000033378601,1.0850000381469727,1.0850000381469727,827.0
2024-10-25 13:31:00+00:00,MXL,14.880000114440918,14.880000114440918,14.880000114440918,14.869999885559082,14.869999885559082,1065.0
2024-10-25 13:31:00+00:00,NCNO,37.709999084472656,37.709999084472656,37.709999084472656,37.709999084472656,37.709999084472656,228.0
2024-10-25 13:31:00+00:00,NEON,8.09000015258789,8.09000015258789,8.09000015258789,8.09000015258789,8.09000015258789,120.0
2024-10-25 13:31:00+00:00,NNDM,2.3299999237060547,2.3299999237060547,2.3299999237060547,2.3299999237060547,2.3299999237060547,189.0
2024-10-25 13:31:00+00:00,NOVT,174.4954071044922,174.4954071044922,174.4954071044922,174.4954071044922,174.4954071044922,145.0
2024-10-25 13:31:00+00:00,NTAP,119.98999786376953,119.98999786376953,119.98999786376953,119.95999908447266,119.95999908447266,714.0
2024-10-25 13:31:00+00:00,NTGR,20.299999237060547,20.299999237060547,20.325000762939453,20.299999237060547,20.325000762939453,921.0
2024-10-25 13:31:00+00:00,NTNX,62.060001373291016,62.060001373291016,62.060001373291016,62.04750061035156,62.04750061035156,717.0
2024-10-25 13:31:00+00:00,NVDA,142.702392578125,142.702392578125,142.74000549316406,142.5052032470703,142.52000427246094,469461.0
2024-10-25 13:31:00+00:00,NVTS,2.569999933242798,2.569999933242798,2.57069993019104,2.569999933242798,2.57069993019104,2696.0
2024-10-25 13:31:00+00:00,NXPI,244.99000549316406,244.99000549316406,244.99000549316406,244.92999267578125,244.9600067138672,3004.0
2024-10-25 13:31:00+00:00,OKTA,72.2249984741211,72.2249984741211,72.2249984741211,72.2249984741211,72.2249984741211,1008.0
2024-10-25 13:31:00+00:00,ON,71.9000015258789,71.9000015258789,71.91000366210938,71.83999633789062,71.8499984741211,8673.0
2024-10-25 13:31:00+00:00,OSS,2.3901000022888184,2.3901000022888184,2.3901000022888184,2.3901000022888184,2.3901000022888184,466.0
2024-10-25 13:31:00+00:00,PANW,367.80999755859375,367.80999755859375,367.80999755859375,367.4800109863281,367.4800109863281,1383.0
2024-10-25 13:31:00+00:00,PGY,11.885000228881836,11.885000228881836,11.885000228881836,11.885000228881836,11.885000228881836,218.0
2024-10-25 13:31:00+00:00,PHUN,10.229999542236328,10.229999542236328,10.270000457763672,10.219900131225586,10.220000267028809,3766.0
2024-10-25 13:31:00+00:00,PLAB,23.709999084472656,23.709999084472656,23.709999084472656,23.709999084472656,23.709999084472656,509.0
2024-10-25 13:31:00+00:00,PLXS,141.30999755859375,141.30999755859375,141.30999755859375,141.30999755859375,141.30999755859375,1093.0
2024-10-25 13:31:00+00:00,POET,3.8499999046325684,3.8499999046325684,3.8564000129699707,3.8499999046325684,3.8564000129699707,546.0
2024-10-25 13:31:00+00:00,PTC,186.41000366210938,186.41000366210938,186.41000366210938,186.41000366210938,186.41000366210938,243.0
2024-10-25 13:31:00+00:00,PYCR,14.350000381469727,14.350000381469727,14.35770034790039,14.350000381469727,14.350000381469727,3397.0
2024-10-25 13:31:00+00:00,QCOM,171.89500427246094,171.89500427246094,171.89500427246094,171.7449951171875,171.7449951171875,2389.0
2024-10-25 13:31:00+00:00,QLYS,119.81999969482422,119.81999969482422,119.81999969482422,119.81999969482422,119.81999969482422,633.0
2024-10-25 13:31:00+00:00,QRVO,100.32279968261719,100.32279968261719,100.32279968261719,100.29000091552734,100.29000091552734,1125.0
2024-10-25 13:31:00+00:00,QUBT,1.090000033378601,1.090000033378601,1.100000023841858,1.090000033378601,1.0950000286102295,5021.0
2024-10-25 13:31:00+00:00,RELY,14.84000015258789,14.84000015258789,14.84000015258789,14.84000015258789,14.84000015258789,400.0
2024-10-25 13:31:00+00:00,RGTI,1.2156000137329102,1.2156000137329102,1.2194000482559204,1.215000033378601,1.2194000482559204,3614.0
2024-10-25 13:31:00+00:00,RIOT,9.979900360107422,9.979900360107422,9.984999656677246,9.954999923706055,9.954999923706055,40028.0
2024-10-25 13:31:00+00:00,RMBS,43.439998626708984,43.439998626708984,43.45000076293945,43.43000030517578,43.43000030517578,1829.0
2024-10-25 13:31:00+00:00,RPAY,7.610000133514404,7.610000133514404,7.610000133514404,7.605000019073486,7.605000019073486,43333.0
2024-10-25 13:31:00+00:00,RUM,5.749899864196777,5.749899864196777,5.749899864196777,5.749899864196777,5.749899864196777,555.0
2024-10-25 13:31:00+00:00,RUN,14.300000190734863,14.300000190734863,14.305000305175781,14.300000190734863,14.300000190734863,5001.0
2024-10-25 13:31:00+00:00,RXT,2.509999990463257,2.509999990463257,2.509999990463257,2.509999990463257,2.509999990463257,2675.0
2024-10-25 13:31:00+00:00,SATS,25.049999237060547,25.049999237060547,25.049999237060547,25.045000076293945,25.045000076293945,1471.0
2024-10-25 13:31:00+00:00,SCWX,8.369999885559082,8.369999885559082,8.380000114440918,8.369999885559082,8.380000114440918,327.0
2024-10-25 13:31:00+00:00,SEDG,15.90999984741211,15.90999984741211,15.928000450134277,15.90999984741211,15.914999961853027,14360.0
2024-10-25 13:31:00+00:00,SHLS,5.239999771118164,5.239999771118164,5.239999771118164,5.239999771118164,5.239999771118164,4093.0
2024-10-25 13:31:00+00:00,SIMO,56.689998626708984,56.689998626708984,56.689998626708984,56.689998626708984,56.689998626708984,1041.0
2024-10-25 13:31:00+00:00,SKYT,10.620200157165527,10.620200157165527,10.620200157165527,10.620200157165527,10.620200157165527,600.0
2024-10-25 13:31:00+00:00,SMCI,47.09040069580078,47.09040069580078,47.11000061035156,47.06999969482422,47.08000183105469,52709.0
2024-10-25 13:31:00+00:00,SMTC,45.86000061035156,45.86000061035156,45.86000061035156,45.86000061035156,45.86000061035156,200.0
2024-10-25 13:31:00+00:00,SNCR,10.574999809265137,10.574999809265137,10.574999809265137,10.574999809265137,10.574999809265137,239.0
2024-10-25 13:31:00+00:00,SNPS,503.81500244140625,503.81500244140625,503.81500244140625,503.81500244140625,503.81500244140625,182.0
2024-10-25 13:31:00+00:00,SONO,12.729999542236328,12.729999542236328,12.729999542236328,12.729999542236328,12.729999542236328,851.0
2024-10-25 13:31:00+00:00,SOUN,5.205999851226807,5.205999851226807,5.20989990234375,5.201099872589111,5.202899932861328,21255.0
2024-10-25 13:31:00+00:00,SPNS,36.7400016784668,36.7400016784668,36.7400016784668,36.7400016784668,36.7400016784668,885.0
2024-10-25 13:31:00+00:00,SSNC,69.69999694824219,69.69999694824219,69.72000122070312,69.66000366210938,69.67500305175781,6577.0
2024-10-25 13:31:00+00:00,STNE,11.510000228881836,11.510000228881836,11.515000343322754,11.510000228881836,11.515000343322754,1276.0
2024-10-25 13:31:00+00:00,STX,103.91500091552734,103.91500091552734,103.91500091552734,103.87000274658203,103.87000274658203,3194.0
2024-10-25 13:31:00+00:00,SWKS,96.4000015258789,96.4000015258789,96.41999816894531,96.37999725341797,96.37999725341797,5364.0
2024-10-25 13:31:00+00:00,SYTA,1.2999999523162842,1.2999999523162842,1.2999999523162842,1.2999999523162842,1.2999999523162842,470.0
2024-10-25 13:31:00+00:00,TEAM,189.6060028076172,189.6060028076172,189.6060028076172,189.4199981689453,189.4199981689453,1518.0
2024-10-25 13:31:00+00:00,TENB,41.63999938964844,41.63999938964844,41.66999816894531,41.63999938964844,41.66999816894531,1140.0
2024-10-25 13:31:00+00:00,TER,113.1449966430664,113.1449966430664,113.16000366210938,113.13500213623047,113.13500213623047,3086.0
2024-10-25 13:31:00+00:00,TRMB,61.11000061035156,61.11000061035156,61.11000061035156,61.08000183105469,61.09000015258789,1503.0
2024-10-25 13:31:00+00:00,TSEM,45.04999923706055,45.04999923706055,45.04999923706055,45.04999923706055,45.04999923706055,307.0
2024-10-25 13:31:00+00:00,TTD,118.73989868164062,118.73989868164062,118.73989868164062,118.55000305175781,118.55000305175781,1900.0
2024-10-25 13:31:00+00:00,TTMI,19.520000457763672,19.520000457763672,19.520000457763672,19.520000457763672,19.520000457763672,259.0
2024-10-25 13:31:00+00:00,TWKS,4.449999809265137,4.449999809265137,4.449999809265137,4.449999809265137,4.449999809265137,3252.0
2024-10-25 13:31:00+00:00,TXN,208.38999938964844,208.38999938964844,208.38999938964844,208.22999572753906,208.27000427246094,5832.0
2024-10-25 13:31:00+00:00,UCTT,35.84000015258789,35.84000015258789,35.84000015258789,35.84000015258789,35.84000015258789,132.0
2024-10-25 13:31:00+00:00,VECO,29.43000030517578,29.43000030517578,29.43000030517578,29.43000030517578,29.43000030517578,1083.0
2024-10-25 13:31:00+00:00,VERB,10.220000267028809,10.220000267028809,10.220000267028809,10.149999618530273,10.149999618530273,6961.0
2024-10-25 13:31:00+00:00,VIAV,9.234999656677246,9.234999656677246,9.234999656677246,9.234999656677246,9.234999656677246,1150.0
2024-10-25 13:31:00+00:00,VICR,46.685001373291016,46.685001373291016,46.720001220703125,46.685001373291016,46.720001220703125,1278.0
2024-10-25 13:31:00+00:00,VNET,3.434999942779541,3.434999942779541,3.434999942779541,3.434999942779541,3.434999942779541,428.0
2024-10-25 13:31:00+00:00,VRNS,56.720001220703125,56.720001220703125,56.76499938964844,56.709999084472656,56.76499938964844,631.0
2024-10-25 13:31:00+00:00,VRSN,184.5399932861328,184.5399932861328,184.5399932861328,184.51499938964844,184.51499938964844,941.0
2024-10-25 13:31:00+00:00,VSAT,10.279999732971191,10.279999732971191,10.291000366210938,10.279999732971191,10.291000366210938,310.0
2024-10-25 13:31:00+00:00,WDAY,239.1999969482422,239.1999969482422,239.1999969482422,239.0802001953125,239.0802001953125,1257.0
2024-10-25 13:31:00+00:00,WDC,70.73500061035156,70.73500061035156,70.76000213623047,70.66999816894531,70.68000030517578,8891.0
2024-10-25 13:31:00+00:00,WISA,1.9700000286102295,1.9700000286102295,1.9700000286102295,1.9607000350952148,1.960800051689148,837.0
2024-10-25 13:31:00+00:00,XPER,9.4350004196167,9.4350004196167,9.4350004196167,9.4350004196167,9.4350004196167,605.0
2024-10-25 13:31:00+00:00,XRX,10.021300315856934,10.021300315856934,10.03499984741211,10.021300315856934,10.03499984741211,2666.0
2024-10-25 13:31:00+00:00,ZBRA,361.69000244140625,361.69000244140625,361.69000244140625,361.69000244140625,361.69000244140625,353.0
2024-10-25 13:31:00+00:00,ZM,72.9800033569336,72.9800033569336,72.9800033569336,72.9800033569336,72.9800033569336,1297.0
2024-10-25 13:31:00+00:00,ZS,184.8000030517578,184.8000030517578,184.8000030517578,184.46180725097656,184.63250732421875,15855.0
2024-10-25 13:32:00+00:00,AAOI,17.690000534057617,17.690000534057617,17.700000762939453,17.690000534057617,17.700000762939453,1863.0
2024-10-25 13:32:00+00:00,AAPL,231.89599609375,231.89599609375,231.94000244140625,231.88209533691406,231.93499755859375,27598.0
2024-10-25 13:32:00+00:00,ACMR,19.71500015258789,19.71500015258789,19.71500015258789,19.71500015258789,19.71500015258789,681.0
2024-10-25 13:32:00+00:00,ADBE,484.3581848144531,484.3581848144531,484.3581848144531,484.19500732421875,484.19500732421875,1549.0
2024-10-25 13:32:00+00:00,ADI,232.92250061035156,232.92250061035156,232.92999267578125,232.88499450683594,232.92999267578125,1079.0
2024-10-25 13:32:00+00:00,AEHR,17.059999465942383,17.059999465942383,17.059999465942383,17.031400680541992,17.040000915527344,2986.0
2024-10-25 13:32:00+00:00,AFRM,41.41999816894531,41.41999816894531,41.459999084472656,41.41999816894531,41.459999084472656,3828.0
2024-10-25 13:32:00+00:00,AKTS,0.05900000035762787,0.05900000035762787,0.05959999933838844,0.05900000035762787,0.059300001710653305,190228.0
2024-10-25 13:32:00+00:00,ALGM,23.010000228881836,23.010000228881836,23.010000228881836,23.010000228881836,23.010000228881836,690.0
2024-10-25 13:32:00+00:00,ALKT,38.064998626708984,38.064998626708984,38.064998626708984,38.064998626708984,38.064998626708984,260.0
2024-10-25 13:32:00+00:00,ALRM,54.550201416015625,54.550201416015625,54.59000015258789,54.550201416015625,54.59000015258789,860.0
2024-10-25 13:32:00+00:00,ALTR,103.88500213623047,103.88500213623047,103.88500213623047,103.88500213623047,103.88500213623047,267.0
2024-10-25 13:32:00+00:00,AMAT,188.29600524902344,188.29600524902344,188.31500244140625,188.29600524902344,188.3000030517578,1079.0
2024-10-25 13:32:00+00:00,AMBA,58.3650016784668,58.3650016784668,58.3650016784668,58.3650016784668,58.3650016784668,212.0
2024-10-25 13:32:00+00:00,AMD,157.10000610351562,157.10000610351562,157.14999389648438,157.10000610351562,157.14999389648438,33310.0
2024-10-25 13:32:00+00:00,AMKR,29.99880027770996,29.99880027770996,29.99880027770996,29.99880027770996,29.99880027770996,842.0
2024-10-25 13:32:00+00:00,AMPG,1.0420000553131104,1.0420000553131104,1.0420000553131104,1.0420000553131104,1.0420000553131104,61.0
2024-10-25 13:32:00+00:00,ANSS,324.1000061035156,324.1000061035156,324.1199951171875,324.1000061035156,324.1199951171875,557.0
2024-10-25 13:32:00+00:00,API,2.9137001037597656,2.9137001037597656,2.9149999618530273,2.9137001037597656,2.9149999618530273,288.0
2024-10-25 13:32:00+00:00,APP,160.73599243164062,160.73599243164062,160.75999450683594,160.6999969482422,160.6999969482422,1635.0
2024-10-25 13:32:00+00:00,APPS,3.065000057220459,3.065000057220459,3.065000057220459,3.059799909591675,3.059799909591675,4755.0
2024-10-25 13:32:00+00:00,ARQQ,7.099999904632568,7.099999904632568,7.099999904632568,7.099999904632568,7.099999904632568,234.0
2024-10-25 13:32:00+00:00,ARRY,6.340000152587891,6.340000152587891,6.349999904632568,6.329999923706055,6.340000152587891,9219.0
2024-10-25 13:32:00+00:00,ASML,717.139892578125,717.139892578125,717.139892578125,716.489990234375,716.489990234375,766.0
2024-10-25 13:32:00+00:00,AUR,6.439899921417236,6.439899921417236,6.439899921417236,6.439700126647949,6.439700126647949,458.0
2024-10-25 13:32:00+00:00,AVDX,8.114999771118164,8.114999771118164,8.114999771118164,8.114999771118164,8.114999771118164,431.0
2024-10-25 13:32:00+00:00,AVGO,174.88499450683594,174.88499450683594,174.94000244140625,174.88499450683594,174.94000244140625,7411.0
2024-10-25 13:32:00+00:00,BIGC,5.304999828338623,5.304999828338623,5.304999828338623,5.304999828338623,5.304999828338623,400.0
2024-10-25 13:32:00+00:00,BRZE,30.614999771118164,30.614999771118164,30.614999771118164,30.614999771118164,30.614999771118164,626.0
2024-10-25 13:32:00+00:00,BSY,49.08000183105469,49.08000183105469,49.08000183105469,49.07059860229492,49.07059860229492,1019.0
2024-10-25 13:32:00+00:00,CAN,0.9811000227928162,0.9811000227928162,0.9829000234603882,0.9811000227928162,0.9819999933242798,912.0
2024-10-25 13:32:00+00:00,CCSI,20.559999465942383,20.559999465942383,20.579999923706055,20.559999465942383,20.579999923706055,560.0
2024-10-25 13:32:00+00:00,CDNS,258.7749938964844,258.7749938964844,258.83599853515625,258.67999267578125,258.83599853515625,4776.0
2024-10-25 13:32:00+00:00,CDW,219.55499267578125,219.55499267578125,219.55499267578125,219.55499267578125,219.55499267578125,156.0
2024-10-25 13:32:00+00:00,CETX,0.30149999260902405,0.30149999260902405,0.30149999260902405,0.30149999260902405,0.30149999260902405,497.0
2024-10-25 13:32:00+00:00,CFLT,22.549999237060547,22.549999237060547,22.549999237060547,22.549999237060547,22.549999237060547,2048.0
2024-10-25 13:32:00+00:00,CHKP,206.47999572753906,206.47999572753906,206.47999572753906,206.47999572753906,206.47999572753906,1860.0
2024-10-25 13:32:00+00:00,CLBT,18.149999618530273,18.149999618530273,18.149999618530273,18.149999618530273,18.149999618530273,355.0
2024-10-25 13:32:00+00:00,CLSK,11.880000114440918,11.880000114440918,11.890000343322754,11.87399959564209,11.885000228881836,43034.0
2024-10-25 13:32:00+00:00,CMBM,1.2409000396728516,1.2409000396728516,1.2409000396728516,1.2409000396728516,1.2409000396728516,906.0
2024-10-25 13:32:00+00:00,COHR,95.45999908447266,95.45999908447266,95.45999908447266,95.45999908447266,95.45999908447266,173.0
2024-10-25 13:32:00+00:00,COIN,210.7899932861328,210.7899932861328,210.89999389648438,210.65499877929688,210.89999389648438,8964.0
2024-10-25 13:32:00+00:00,COMM,6.315000057220459,6.315000057220459,6.315000057220459,6.315000057220459,6.315000057220459,130.0
2024-10-25 13:32:00+00:00,CORZ,13.46500015258789,13.46500015258789,13.470000267028809,13.460000038146973,13.46500015258789,20119.0
2024-10-25 13:32:00+00:00,CRCT,6.619999885559082,6.619999885559082,6.619999885559082,6.614999771118164,6.614999771118164,302.0
2024-10-25 13:32:00+00:00,CRDO,39.20500183105469,39.20500183105469,39.28499984741211,39.16999816894531,39.25,3431.0
2024-10-25 13:32:00+00:00,CRNC,2.9049999713897705,2.9049999713897705,2.9049999713897705,2.9000000953674316,2.9010000228881836,26870.0
2024-10-25 13:32:00+00:00,CRUS,123.26499938964844,123.26499938964844,123.26499938964844,123.26499938964844,123.26499938964844,127.0
2024-10-25 13:32:00+00:00,CRWD,300.30999755859375,300.30999755859375,300.67498779296875,300.30999755859375,300.6000061035156,12101.0
2024-10-25 13:32:00+00:00,CSCO,55.8849983215332,55.8849983215332,55.89500045776367,55.880001068115234,55.88999938964844,14074.0
2024-10-25 13:32:00+00:00,CSIQ,13.529999732971191,13.529999732971191,13.550000190734863,13.529999732971191,13.539999961853027,2155.0
2024-10-25 13:32:00+00:00,CTSH,74.80000305175781,74.80000305175781,74.83499908447266,74.80000305175781,74.83499908447266,1415.0
2024-10-25 13:32:00+00:00,DATS,1.6649999618530273,1.6649999618530273,1.6649999618530273,1.6649999618530273,1.6649999618530273,4325.0
2024-10-25 13:32:00+00:00,DAVE,39.2599983215332,39.2599983215332,39.2599983215332,39.23500061035156,39.2599983215332,1009.0
2024-10-25 13:32:00+00:00,DBX,25.94499969482422,25.94499969482422,25.950000762939453,25.940000534057617,25.94499969482422,3180.0
2024-10-25 13:32:00+00:00,DDOG,127.08499908447266,127.08499908447266,127.16000366210938,126.9800033569336,127.16000366210938,9405.0
2024-10-25 13:32:00+00:00,DGHI,1.5914000272750854,1.5914000272750854,1.5989999771118164,1.5850000381469727,1.5850000381469727,704.0
2024-10-25 13:32:00+00:00,DGII,30.66010093688965,30.66010093688965,30.66010093688965,30.66010093688965,30.66010093688965,163.0
2024-10-25 13:32:00+00:00,DLO,8.850000381469727,8.850000381469727,8.850000381469727,8.850000381469727,8.850000381469727,1545.0
2024-10-25 13:32:00+00:00,DOCU,69.6500015258789,69.6500015258789,69.68000030517578,69.6500015258789,69.68000030517578,1714.0
2024-10-25 13:32:00+00:00,DUOL,289.80999755859375,289.80999755859375,289.80999755859375,289.54998779296875,289.7300109863281,1973.0
2024-10-25 13:32:00+00:00,EEFT,99.4800033569336,99.4800033569336,99.4800033569336,99.4800033569336,99.4800033569336,608.0
2024-10-25 13:32:00+00:00,ENPH,83.26000213623047,83.26000213623047,83.27999877929688,83.2300033569336,83.27999877929688,3705.0
2024-10-25 13:32:00+00:00,ENTG,105.72000122070312,105.72000122070312,105.77999877929688,105.72000122070312,105.77999877929688,2069.0
2024-10-25 13:32:00+00:00,ERIC,8.45930004119873,8.45930004119873,8.45930004119873,8.45930004119873,8.45930004119873,8211.0
2024-10-25 13:32:00+00:00,EXTR,14.425000190734863,14.425000190734863,14.430000305175781,14.420000076293945,14.430000305175781,515.0
2024-10-25 13:32:00+00:00,FFIV,216.47000122070312,216.47000122070312,216.47000122070312,216.47000122070312,216.47000122070312,907.0
2024-10-25 13:32:00+00:00,FIVN,29.844999313354492,29.844999313354492,29.844999313354492,29.844999313354492,29.844999313354492,885.0
2024-10-25 13:32:00+00:00,FLEX,35.220001220703125,35.220001220703125,35.2400016784668,35.220001220703125,35.220001220703125,4902.0
2024-10-25 13:32:00+00:00,FROG,29.239999771118164,29.239999771118164,29.239999771118164,29.235000610351562,29.235000610351562,2171.0
2024-10-25 13:32:00+00:00,FRSH,11.649999618530273,11.649999618530273,11.649999618530273,11.649999618530273,11.649999618530273,650.0
2024-10-25 13:32:00+00:00,FSLR,197.98500061035156,197.98500061035156,197.99000549316406,197.8800048828125,197.99000549316406,988.0
2024-10-25 13:32:00+00:00,FTCI,0.6610000133514404,0.6610000133514404,0.6618000268936157,0.6610000133514404,0.6618000268936157,1500.0
2024-10-25 13:32:00+00:00,FTNT,80.83000183105469,80.83000183105469,80.86499786376953,80.83000183105469,80.86499786376953,1879.0
2024-10-25 13:32:00+00:00,GCT,24.709999084472656,24.709999084472656,24.709999084472656,24.684999465942383,24.700000762939453,959.0
2024-10-25 13:32:00+00:00,GFS,40.8849983215332,40.8849983215332,40.88999938964844,40.8849983215332,40.88999938964844,555.0
2024-10-25 13:32:00+00:00,GPRO,1.3350000381469727,1.3350000381469727,1.3350000381469727,1.3350000381469727,1.3350000381469727,101.0
2024-10-25 13:32:00+00:00,GRAB,4.09499979019165,4.09499979019165,4.09499979019165,4.090000152587891,4.09499979019165,10088.0
2024-10-25 13:32:00+00:00,GRRR,4.518499851226807,4.518499851226807,4.518499851226807,4.5,4.5,1788.0
2024-10-25 13:32:00+00:00,HCP,33.665000915527344,33.665000915527344,33.66999816894531,33.665000915527344,33.66999816894531,308.0
2024-10-25 13:32:00+00:00,HIMX,6.181000232696533,6.181000232696533,6.184999942779541,6.181000232696533,6.184999942779541,1021.0
2024-10-25 13:32:00+00:00,HLIT,14.805000305175781,14.805000305175781,14.805000305175781,14.805000305175781,14.805000305175781,258.0
2024-10-25 13:32:00+00:00,HOLO,3.609999895095825,3.609999895095825,3.609999895095825,3.601099967956543,3.601099967956543,4980.0
2024-10-25 13:32:00+00:00,HOOD,27.264999389648438,27.264999389648438,27.270000457763672,27.264999389648438,27.270000457763672,1791.0
2024-10-25 13:32:00+00:00,IFBD,1.940000057220459,1.940000057220459,1.940000057220459,1.940000057220459,1.940000057220459,700.0
2024-10-25 13:32:00+00:00,IMMR,8.729999542236328,8.729999542236328,8.729999542236328,8.71500015258789,8.720000267028809,1990.0
2024-10-25 13:32:00+00:00,INDI,3.555000066757202,3.555000066757202,3.559999942779541,3.555000066757202,3.555000066757202,1944.0
2024-10-25 13:32:00+00:00,INSG,20.1299991607666,20.1299991607666,20.1299991607666,20.096799850463867,20.096799850463867,531.0
2024-10-25 13:32:00+00:00,INTC,22.96500015258789,22.96500015258789,22.969999313354492,22.959999084472656,22.96500015258789,4345083.0
2024-10-25 13:32:00+00:00,INTU,610.0449829101562,610.0449829101562,610.0449829101562,610.0449829101562,610.0449829101562,372.0
2024-10-25 13:32:00+00:00,ITI,7.199999809265137,7.199999809265137,7.199999809265137,7.190999984741211,7.195000171661377,3754.0
2024-10-25 13:32:00+00:00,KARO,40.0,40.0,40.0,40.0,40.0,885.0
2024-10-25 13:32:00+00:00,KC,2.7200000286102295,2.7200000286102295,2.7200000286102295,2.7200000286102295,2.7200000286102295,7.0
2024-10-25 13:32:00+00:00,KLAC,679.1099853515625,679.1099853515625,679.1099853515625,679.1099853515625,679.1099853515625,1870.0
2024-10-25 13:32:00+00:00,KLIC,44.595001220703125,44.595001220703125,44.595001220703125,44.595001220703125,44.595001220703125,480.0
2024-10-25 13:32:00+00:00,KOPN,0.7734000086784363,0.7734000086784363,0.7734000086784363,0.7734000086784363,0.7734000086784363,216.0
2024-10-25 13:32:00+00:00,LITE,64.0,64.0,64.0199966430664,63.95000076293945,63.95000076293945,2678.0
2024-10-25 13:32:00+00:00,LOGI,80.79010009765625,80.79010009765625,80.79010009765625,80.79010009765625,80.79010009765625,274.0
2024-10-25 13:32:00+00:00,LPSN,1.1649999618530273,1.1649999618530273,1.1699999570846558,1.1649999618530273,1.1699999570846558,10215.0
2024-10-25 13:32:00+00:00,LRCX,78.94000244140625,78.94000244140625,78.95999908447266,78.93000030517578,78.94999694824219,6785.0
2024-10-25 13:32:00+00:00,LSCC,54.400001525878906,54.400001525878906,54.404998779296875,54.400001525878906,54.404998779296875,711.0
2024-10-25 13:32:00+00:00,LTRX,4.059299945831299,4.059299945831299,4.059299945831299,4.059299945831299,4.059299945831299,922.0
2024-10-25 13:32:00+00:00,LUNA,1.815000057220459,1.815000057220459,1.815000057220459,1.8100999593734741,1.8100999593734741,7426.0
2024-10-25 13:32:00+00:00,LYFT,13.744999885559082,13.744999885559082,13.755000114440918,13.739999771118164,13.755000114440918,14995.0
2024-10-25 13:32:00+00:00,MAXN,5.614999771118164,5.614999771118164,5.619999885559082,5.614999771118164,5.619999885559082,795.0
2024-10-25 13:32:00+00:00,MCHP,77.0199966430664,77.0199966430664,77.03500366210938,77.0199966430664,77.03500366210938,1039.0
2024-10-25 13:32:00+00:00,MDB,267.19000244140625,267.19000244140625,267.19000244140625,267.19000244140625,267.19000244140625,186.0
2024-10-25 13:32:00+00:00,MIND,3.5399999618530273,3.5399999618530273,3.5399999618530273,3.5399999618530273,3.5399999618530273,4707.0
2024-10-25 13:32:00+00:00,MNDY,299.9200134277344,299.9200134277344,299.9700012207031,299.9200134277344,299.9700012207031,212.0
2024-10-25 13:32:00+00:00,MPWR,919.1799926757812,919.1799926757812,919.97998046875,919.1799926757812,919.97998046875,776.0
2024-10-25 13:32:00+00:00,MQ,5.269999980926514,5.269999980926514,5.275000095367432,5.269999980926514,5.275000095367432,530.0
2024-10-25 13:32:00+00:00,MRVL,82.5999984741211,82.5999984741211,82.69999694824219,82.5999984741211,82.66000366210938,16726.0
2024-10-25 13:32:00+00:00,MSFT,428.5400085449219,428.5400085449219,428.67498779296875,428.5400085449219,428.67498779296875,7056.0
2024-10-25 13:32:00+00:00,MSTR,237.9499969482422,237.9499969482422,238.5,237.67999267578125,238.47999572753906,39016.0
2024-10-25 13:32:00+00:00,MTTR,4.635000228881836,4.635000228881836,4.635000228881836,4.635000228881836,4.635000228881836,1360.0
2024-10-25 13:32:00+00:00,MU,108.38500213623047,108.38500213623047,108.45999908447266,108.38500213623047,108.44000244140625,12266.0
2024-10-25 13:32:00+00:00,MVIS,1.090000033378601,1.090000033378601,1.090000033378601,1.090000033378601,1.090000033378601,213.0
2024-10-25 13:32:00+00:00,MXL,14.845000267028809,14.845000267028809,14.880000114440918,14.845000267028809,14.880000114440918,2319.0
2024-10-25 13:32:00+00:00,NICE,175.72500610351562,175.72500610351562,175.74000549316406,175.72500610351562,175.74000549316406,227.0
2024-10-25 13:32:00+00:00,NSIT,208.6999969482422,208.6999969482422,208.6999969482422,208.60000610351562,208.60000610351562,664.0
2024-10-25 13:32:00+00:00,NTAP,120.0199966430664,120.0199966430664,120.0199966430664,120.0199966430664,120.0199966430664,673.0
2024-10-25 13:32:00+00:00,NTCT,20.739999771118164,20.739999771118164,20.739999771118164,20.739999771118164,20.739999771118164,698.0
2024-10-25 13:32:00+00:00,NTNX,62.060001373291016,62.060001373291016,62.064998626708984,62.060001373291016,62.064998626708984,618.0
2024-10-25 13:32:00+00:00,NTWK,3.1303000450134277,3.1303000450134277,3.1303000450134277,3.1303000450134277,3.1303000450134277,2018.0
2024-10-25 13:32:00+00:00,NVDA,142.63999938964844,142.63999938964844,142.74000549316406,142.63999938964844,142.7100067138672,286159.0
2024-10-25 13:32:00+00:00,NVMI,184.86000061035156,184.86000061035156,184.86000061035156,184.78500366210938,184.78500366210938,592.0
2024-10-25 13:32:00+00:00,NVTS,2.575000047683716,2.575000047683716,2.575000047683716,2.575000047683716,2.575000047683716,142.0
2024-10-25 13:32:00+00:00,NXPI,244.9949951171875,244.9949951171875,245.02499389648438,244.9949951171875,245.00999450683594,1688.0
2024-10-25 13:32:00+00:00,NXPL,1.070099949836731,1.070099949836731,1.070099949836731,1.0700000524520874,1.0700000524520874,9335.0
2024-10-25 13:32:00+00:00,OKTA,72.19999694824219,72.19999694824219,72.20999908447266,72.19999694824219,72.20999908447266,1072.0
2024-10-25 13:32:00+00:00,ON,71.86000061035156,71.86000061035156,71.91000366210938,71.86000061035156,71.91000366210938,8817.0
2024-10-25 13:32:00+00:00,OSIS,136.0500030517578,136.0500030517578,136.10499572753906,136.0399932861328,136.10499572753906,948.0
2024-10-25 13:32:00+00:00,OTEX,33.310001373291016,33.310001373291016,33.310001373291016,33.310001373291016,33.310001373291016,448.0
2024-10-25 13:32:00+00:00,PAYO,8.295000076293945,8.295000076293945,8.295000076293945,8.295000076293945,8.295000076293945,418.0
2024-10-25 13:32:00+00:00,PEGA,79.19000244140625,79.19000244140625,79.19000244140625,79.19000244140625,79.19000244140625,195.0
2024-10-25 13:32:00+00:00,PEGY,4.681600093841553,4.681600093841553,4.681600093841553,4.681600093841553,4.681600093841553,357.0
2024-10-25 13:32:00+00:00,PGY,11.850000381469727,11.850000381469727,11.885000228881836,11.850000381469727,11.885000228881836,2719.0
2024-10-25 13:32:00+00:00,PHUN,10.18179988861084,10.18179988861084,10.220000267028809,10.154999732971191,10.210100173950195,35460.0
2024-10-25 13:32:00+00:00,PLAB,23.719999313354492,23.719999313354492,23.719999313354492,23.719999313354492,23.719999313354492,1119.0
2024-10-25 13:32:00+00:00,PLXS,141.30999755859375,141.30999755859375,141.30999755859375,141.30999755859375,141.30999755859375,1365.0
2024-10-25 13:32:00+00:00,POET,3.8550000190734863,3.8550000190734863,3.8550000190734863,3.8550000190734863,3.8550000190734863,454.0
2024-10-25 13:32:00+00:00,PRGS,64.48999786376953,64.48999786376953,64.48999786376953,64.48999786376953,64.48999786376953,109.0
2024-10-25 13:32:00+00:00,PYCR,14.350000381469727,14.350000381469727,14.350000381469727,14.350000381469727,14.350000381469727,1786.0
2024-10-25 13:32:00+00:00,QCOM,171.84500122070312,171.84500122070312,171.87330627441406,171.84500122070312,171.8699951171875,3525.0
2024-10-25 13:32:00+00:00,QRVO,100.30999755859375,100.30999755859375,100.30999755859375,100.30999755859375,100.30999755859375,947.0
2024-10-25 13:32:00+00:00,QUBT,1.0999000072479248,1.0999000072479248,1.0999000072479248,1.0999000072479248,1.0999000072479248,1100.0
2024-10-25 13:32:00+00:00,RELY,14.84000015258789,14.84000015258789,14.84000015258789,14.84000015258789,14.84000015258789,2818.0
2024-10-25 13:32:00+00:00,RGTI,1.2200000286102295,1.2200000286102295,1.2200000286102295,1.218500018119812,1.218500018119812,2031.0
2024-10-25 13:32:00+00:00,RIOT,9.974100112915039,9.974100112915039,9.97719955444336,9.96399974822998,9.973999977111816,27900.0
2024-10-25 13:32:00+00:00,RMBS,43.43000030517578,43.43000030517578,43.439998626708984,43.43000030517578,43.439998626708984,764.0
2024-10-25 13:32:00+00:00,RPAY,7.605000019073486,7.605000019073486,7.605000019073486,7.605000019073486,7.605000019073486,952.0
2024-10-25 13:32:00+00:00,RUM,5.748000144958496,5.748000144958496,5.748000144958496,5.748000144958496,5.748000144958496,307.0
2024-10-25 13:32:00+00:00,RUN,14.274999618530273,14.274999618530273,14.300000190734863,14.274999618530273,14.300000190734863,4285.0
2024-10-25 13:32:00+00:00,RXT,2.509999990463257,2.509999990463257,2.509999990463257,2.509999990463257,2.509999990463257,1180.0
2024-10-25 13:32:00+00:00,SATS,25.05500030517578,25.05500030517578,25.059999465942383,25.05500030517578,25.059999465942383,1871.0
2024-10-25 13:32:00+00:00,SCWX,8.375,8.375,8.375,8.375,8.375,208.0
2024-10-25 13:32:00+00:00,SEDG,15.899999618530273,15.899999618530273,15.910400390625,15.899999618530273,15.90999984741211,5237.0
2024-10-25 13:32:00+00:00,SHLS,5.239999771118164,5.239999771118164,5.244999885559082,5.239999771118164,5.244999885559082,1493.0
2024-10-25 13:32:00+00:00,SMCI,47.06999969482422,47.06999969482422,47.099998474121094,47.060001373291016,47.09000015258789,19231.0
2024-10-25 13:32:00+00:00,SMTC,45.875999450683594,45.875999450683594,45.875999450683594,45.84000015258789,45.84000015258789,176.0
2024-10-25 13:32:00+00:00,SNPS,503.8949890136719,503.8949890136719,503.8949890136719,503.8900146484375,503.8900146484375,580.0
2024-10-25 13:32:00+00:00,SONO,12.729999542236328,12.729999542236328,12.729999542236328,12.729999542236328,12.729999542236328,1750.0
2024-10-25 13:32:00+00:00,SOUN,5.210000038146973,5.210000038146973,5.210000038146973,5.202499866485596,5.204999923706055,21784.0
2024-10-25 13:32:00+00:00,SPSC,174.84500122070312,174.84500122070312,174.94500732421875,174.84500122070312,174.88499450683594,1864.0
2024-10-25 13:32:00+00:00,SSNC,69.69999694824219,69.69999694824219,69.70500183105469,69.69999694824219,69.70500183105469,7104.0
2024-10-25 13:32:00+00:00,STNE,11.505000114440918,11.505000114440918,11.510000228881836,11.5,11.510000228881836,6397.0
2024-10-25 13:32:00+00:00,STX,103.87999725341797,103.87999725341797,103.87999725341797,103.87000274658203,103.87000274658203,331.0
2024-10-25 13:32:00+00:00,SWKS,96.36000061035156,96.36000061035156,96.37999725341797,96.36000061035156,96.37999725341797,673.0
2024-10-25 13:32:00+00:00,TER,113.08999633789062,113.08999633789062,113.16000366210938,113.08999633789062,113.16000366210938,3542.0
2024-10-25 13:32:00+00:00,TRMB,61.130001068115234,61.130001068115234,61.130001068115234,61.1171989440918,61.1171989440918,634.0
2024-10-25 13:32:00+00:00,TTD,118.6500015258789,118.6500015258789,118.72000122070312,118.6500015258789,118.72000122070312,1804.0
2024-10-25 13:32:00+00:00,TTMI,19.510000228881836,19.510000228881836,19.510000228881836,19.510000228881836,19.510000228881836,424.0
2024-10-25 13:32:00+00:00,TWKS,4.454500198364258,4.454500198364258,4.454500198364258,4.449999809265137,4.449999809265137,928.0
2024-10-25 13:32:00+00:00,TXN,208.38499450683594,208.38499450683594,208.47000122070312,208.38499450683594,208.47000122070312,971.0
2024-10-25 13:32:00+00:00,UCTT,35.79999923706055,35.79999923706055,35.79999923706055,35.79999923706055,35.79999923706055,458.0
2024-10-25 13:32:00+00:00,VISL,6.320000171661377,6.320000171661377,6.320000171661377,6.320000171661377,6.320000171661377,200.0
2024-10-25 13:32:00+00:00,VNET,3.434999942779541,3.434999942779541,3.434999942779541,3.434999942779541,3.434999942779541,500.0
2024-10-25 13:32:00+00:00,VRNS,56.70000076293945,56.70000076293945,56.7599983215332,56.70000076293945,56.709999084472656,1458.0
2024-10-25 13:32:00+00:00,VSAT,10.279999732971191,10.279999732971191,10.289999961853027,10.279999732971191,10.289999961853027,353.0
2024-10-25 13:32:00+00:00,WDC,70.63999938964844,70.63999938964844,70.76000213623047,70.63999938964844,70.70999908447266,5408.0
2024-10-25 13:32:00+00:00,WISA,1.9700000286102295,1.9700000286102295,1.9700000286102295,1.965000033378601,1.965000033378601,1970.0
2024-10-25 13:32:00+00:00,ZBRA,361.239990234375,361.239990234375,361.239990234375,361.239990234375,361.239990234375,567.0
2024-10-25 13:32:00+00:00,ZI,10.505000114440918,10.505000114440918,10.505000114440918,10.5,10.5,2875.0
2024-10-25 13:32:00+00:00,ZM,72.93000030517578,72.93000030517578,72.964599609375,72.93000030517578,72.964599609375,2213.0
2024-10-25 13:32:00+00:00,ZS,184.6199951171875,184.6199951171875,184.75,184.61000061035156,184.61000061035156,942.0
2024-10-25 13:33:00+00:00,AAPL,231.8000030517578,231.8000030517578,231.91000366210938,231.8000030517578,231.9069061279297,29006.0
2024-10-25 13:33:00+00:00,ACIW,48.630001068115234,48.630001068115234,48.630001068115234,48.630001068115234,48.630001068115234,1013.0
2024-10-25 13:33:00+00:00,ACMR,19.71489906311035,19.71489906311035,19.739500045776367,19.71489906311035,19.739500045776367,402.0
2024-10-25 13:33:00+00:00,ADBE,483.9200134277344,483.9200134277344,483.95001220703125,483.9200134277344,483.95001220703125,772.0
2024-10-25 13:33:00+00:00,ADI,232.8000030517578,232.8000030517578,232.8000030517578,232.8000030517578,232.8000030517578,500.0
2024-10-25 13:33:00+00:00,AEHR,17.049999237060547,17.049999237060547,17.049999237060547,17.049999237060547,17.049999237060547,658.0
2024-10-25 13:33:00+00:00,AFRM,41.40999984741211,41.40999984741211,41.41360092163086,41.38999938964844,41.40999984741211,9250.0
2024-10-25 13:33:00+00:00,AKAM,102.47000122070312,102.47000122070312,102.47000122070312,102.45999908447266,102.45999908447266,735.0
2024-10-25 13:33:00+00:00,AKTS,0.05900000035762787,0.05900000035762787,0.05909999832510948,0.05900000035762787,0.05909999832510948,11881.0
2024-10-25 13:33:00+00:00,ALGM,23.0,23.0,23.020000457763672,23.0,23.010000228881836,3069.0
2024-10-25 13:33:00+00:00,ALKT,38.05500030517578,38.05500030517578,38.05500030517578,38.040000915527344,38.040000915527344,1766.0
2024-10-25 13:33:00+00:00,AMAT,188.2449951171875,188.2449951171875,188.28500366210938,188.2449951171875,188.28500366210938,2306.0
2024-10-25 13:33:00+00:00,AMBA,58.279998779296875,58.279998779296875,58.31999969482422,58.279998779296875,58.31999969482422,1988.0
2024-10-25 13:33:00+00:00,AMD,156.9279022216797,156.9279022216797,157.10800170898438,156.9199981689453,157.10330200195312,40158.0
2024-10-25 13:33:00+00:00,AMKR,29.985000610351562,29.985000610351562,29.985000610351562,29.979999542236328,29.979999542236328,1304.0
2024-10-25 13:33:00+00:00,AMST,2.9200000762939453,2.9200000762939453,2.9200000762939453,2.9200000762939453,2.9200000762939453,0.0
2024-10-25 13:33:00+00:00,API,2.9149999618530273,2.9149999618530273,2.9149999618530273,2.9149999618530273,2.9149999618530273,166.0
2024-10-25 13:33:00+00:00,APP,160.86000061035156,160.86000061035156,160.86000061035156,160.75,160.75,441.0
2024-10-25 13:33:00+00:00,APPS,3.0699000358581543,3.0699000358581543,3.0699000358581543,3.065000057220459,3.065000057220459,509.0
2024-10-25 13:33:00+00:00,ARBE,1.854200005531311,1.854200005531311,1.854200005531311,1.854200005531311,1.854200005531311,4000.0
2024-10-25 13:33:00+00:00,ARRY,6.335000038146973,6.335000038146973,6.340000152587891,6.335000038146973,6.335000038146973,11941.0
2024-10-25 13:33:00+00:00,ASML,716.5700073242188,716.5700073242188,716.5700073242188,716.5700073242188,716.5700073242188,348.0
2024-10-25 13:33:00+00:00,ASUR,9.595000267028809,9.595000267028809,9.595000267028809,9.595000267028809,9.595000267028809,931.0
2024-10-25 13:33:00+00:00,AUR,6.434999942779541,6.434999942779541,6.434999942779541,6.434999942779541,6.434999942779541,264.0
2024-10-25 13:33:00+00:00,AVDX,8.114999771118164,8.114999771118164,8.114999771118164,8.114999771118164,8.114999771118164,621.0
2024-10-25 13:33:00+00:00,AVGO,174.7949981689453,174.7949981689453,174.85009765625,174.75999450683594,174.85009765625,18816.0
2024-10-25 13:33:00+00:00,AVPT,11.979999542236328,11.979999542236328,11.979999542236328,11.970000267028809,11.970000267028809,1027.0
2024-10-25 13:33:00+00:00,AVT,54.04999923706055,54.04999923706055,54.099998474121094,54.04999923706055,54.099998474121094,640.0
2024-10-25 13:33:00+00:00,AXTI,2.690000057220459,2.690000057220459,2.690000057220459,2.690000057220459,2.690000057220459,420.0
2024-10-25 13:33:00+00:00,BLKB,85.69499969482422,85.69499969482422,85.69499969482422,85.65499877929688,85.65499877929688,583.0
2024-10-25 13:33:00+00:00,BLZE,7.211999893188477,7.211999893188477,7.211999893188477,7.211999893188477,7.211999893188477,257.0
2024-10-25 13:33:00+00:00,BMBL,7.119999885559082,7.119999885559082,7.119999885559082,7.119999885559082,7.119999885559082,145.0
2024-10-25 13:33:00+00:00,BRZE,30.584999084472656,30.584999084472656,30.59000015258789,30.584999084472656,30.59000015258789,761.0
2024-10-25 13:33:00+00:00,BSY,49.08100128173828,49.08100128173828,49.099998474121094,49.08000183105469,49.08000183105469,1107.0
2024-10-25 13:33:00+00:00,CAN,0.9810000061988831,0.9810000061988831,0.9818999767303467,0.9810000061988831,0.9818000197410583,31743.0
2024-10-25 13:33:00+00:00,CDNS,258.6300048828125,258.6300048828125,258.6499938964844,258.6300048828125,258.6499938964844,2109.0
2024-10-25 13:33:00+00:00,CETX,0.30480000376701355,0.30480000376701355,0.30480000376701355,0.30480000376701355,0.30480000376701355,1640.0
2024-10-25 13:33:00+00:00,CFLT,22.55500030517578,22.55500030517578,22.55500030517578,22.549999237060547,22.549999237060547,2813.0
2024-10-25 13:33:00+00:00,CGNX,38.91999816894531,38.91999816894531,38.91999816894531,38.90999984741211,38.90999984741211,1328.0
2024-10-25 13:33:00+00:00,CLBT,18.145000457763672,18.145000457763672,18.145000457763672,18.145000457763672,18.145000457763672,442.0
2024-10-25 13:33:00+00:00,CLSK,11.860099792480469,11.860099792480469,11.880000114440918,11.859999656677246,11.880000114440918,9619.0
2024-10-25 13:33:00+00:00,COHR,95.45999908447266,95.45999908447266,95.45999908447266,95.43000030517578,95.43499755859375,1573.0
2024-10-25 13:33:00+00:00,COIN,210.60499572753906,210.60499572753906,210.63999938964844,210.5,210.5,13202.0
2024-10-25 13:33:00+00:00,COMM,6.304999828338623,6.304999828338623,6.309999942779541,6.304999828338623,6.309999942779541,3177.0
2024-10-25 13:33:00+00:00,CORZ,13.475000381469727,13.475000381469727,13.475000381469727,13.470000267028809,13.470000267028809,2997.0
2024-10-25 13:33:00+00:00,CRDO,39.13999938964844,39.13999938964844,39.20000076293945,39.13999938964844,39.20000076293945,1837.0
2024-10-25 13:33:00+00:00,CRNC,2.9049999713897705,2.9049999713897705,2.9094998836517334,2.9000000953674316,2.9094998836517334,1301.0
2024-10-25 13:33:00+00:00,CRUS,123.16500091552734,123.16500091552734,123.16500091552734,123.16500091552734,123.16500091552734,191.0
2024-10-25 13:33:00+00:00,CRWD,299.6449890136719,299.6449890136719,300.510009765625,299.5,300.510009765625,24517.0
2024-10-25 13:33:00+00:00,CSCO,55.89979934692383,55.89979934692383,55.90999984741211,55.8849983215332,55.8849983215332,17482.0
2024-10-25 13:33:00+00:00,CSIQ,13.529999732971191,13.529999732971191,13.529999732971191,13.529999732971191,13.529999732971191,301.0
2024-10-25 13:33:00+00:00,CTLP,8.899999618530273,8.899999618530273,8.899999618530273,8.899999618530273,8.899999618530273,423.0
2024-10-25 13:33:00+00:00,CTSH,74.79000091552734,74.79000091552734,74.80000305175781,74.79000091552734,74.79000091552734,1944.0
2024-10-25 13:33:00+00:00,DATS,1.690000057220459,1.690000057220459,1.690000057220459,1.690000057220459,1.690000057220459,608.0
2024-10-25 13:33:00+00:00,DDOG,127.01000213623047,127.01000213623047,127.06999969482422,127.01000213623047,127.06999969482422,2303.0
2024-10-25 13:33:00+00:00,DOCU,69.51750183105469,69.51750183105469,69.62999725341797,69.51000213623047,69.62999725341797,6929.0
2024-10-25 13:33:00+00:00,DSGX,103.87999725341797,103.87999725341797,103.88999938964844,103.87999725341797,103.88999938964844,381.0
2024-10-25 13:33:00+00:00,DUOL,288.6700134277344,288.6700134277344,289.6499938964844,288.6700134277344,289.5199890136719,11008.0
2024-10-25 13:33:00+00:00,ENPH,83.18000030517578,83.18000030517578,83.30000305175781,83.18000030517578,83.23999786376953,22251.0
2024-10-25 13:33:00+00:00,ERIC,8.454999923706055,8.454999923706055,8.460000038146973,8.454999923706055,8.460000038146973,4076.0
2024-10-25 13:33:00+00:00,EXLS,38.77000045776367,38.77000045776367,38.77000045776367,38.75,38.7599983215332,1074.0
2024-10-25 13:33:00+00:00,EXTR,14.425000190734863,14.425000190734863,14.425000190734863,14.425000190734863,14.425000190734863,422.0
2024-10-25 13:33:00+00:00,FIVN,29.90999984741211,29.90999984741211,29.90999984741211,29.860000610351562,29.860000610351562,1462.0
2024-10-25 13:33:00+00:00,FLEX,35.189998626708984,35.189998626708984,35.22999954223633,35.189998626708984,35.22999954223633,2160.0
2024-10-25 13:33:00+00:00,FLYW,17.510000228881836,17.510000228881836,17.510000228881836,17.510000228881836,17.510000228881836,378.0
2024-10-25 13:33:00+00:00,FRSH,11.645000457763672,11.645000457763672,11.649999618530273,11.645000457763672,11.649999618530273,1331.0
2024-10-25 13:33:00+00:00,FSLR,197.97999572753906,197.97999572753906,197.97999572753906,197.89999389648438,197.89999389648438,1670.0
2024-10-25 13:33:00+00:00,FTCI,0.6624000072479248,0.6624000072479248,0.6624000072479248,0.6610000133514404,0.6610000133514404,1000.0
2024-10-25 13:33:00+00:00,FTNT,80.8499984741211,80.8499984741211,80.8499984741211,80.83170318603516,80.83170318603516,957.0
2024-10-25 13:33:00+00:00,GCT,24.690000534057617,24.690000534057617,24.690000534057617,24.690000534057617,24.690000534057617,122.0
2024-10-25 13:33:00+00:00,GDS,21.464099884033203,21.464099884033203,21.464099884033203,21.464099884033203,21.464099884033203,568.0
2024-10-25 13:33:00+00:00,GFS,40.90999984741211,40.90999984741211,40.90999984741211,40.88999938964844,40.88999938964844,3895.0
2024-10-25 13:33:00+00:00,GPRO,1.340000033378601,1.340000033378601,1.340000033378601,1.340000033378601,1.340000033378601,2400.0
2024-10-25 13:33:00+00:00,GRAB,4.09499979019165,4.09499979019165,4.09499979019165,4.093999862670898,4.093999862670898,29248.0
2024-10-25 13:33:00+00:00,GRRR,4.517899990081787,4.517899990081787,4.517899990081787,4.517899990081787,4.517899990081787,0.0
2024-10-25 13:33:00+00:00,HCP,33.665000915527344,33.665000915527344,33.66999816894531,33.662498474121094,33.66999816894531,2253.0
2024-10-25 13:33:00+00:00,HIMX,6.175000190734863,6.175000190734863,6.179999828338623,6.175000190734863,6.179999828338623,11715.0
2024-10-25 13:33:00+00:00,HLIT,14.792400360107422,14.792400360107422,14.792400360107422,14.792400360107422,14.792400360107422,275.0
2024-10-25 13:33:00+00:00,HOOD,27.2549991607666,27.2549991607666,27.260000228881836,27.25,27.260000228881836,4132.0
2024-10-25 13:33:00+00:00,IFBD,1.9699000120162964,1.9699000120162964,1.9700000286102295,1.9643000364303589,1.9643000364303589,4733.0
2024-10-25 13:33:00+00:00,IMMR,8.720000267028809,8.720000267028809,8.720000267028809,8.720000267028809,8.720000267028809,262.0
2024-10-25 13:33:00+00:00,IMXI,17.579999923706055,17.579999923706055,17.579999923706055,17.579999923706055,17.579999923706055,518.0
2024-10-25 13:33:00+00:00,INDI,3.559799909591675,3.559799909591675,3.559799909591675,3.555000066757202,3.555000066757202,1721.0
2024-10-25 13:33:00+00:00,INFN,6.78000020980835,6.78000020980835,6.78000020980835,6.78000020980835,6.78000020980835,214.0
2024-10-25 13:33:00+00:00,INTA,50.04999923706055,50.04999923706055,50.04999923706055,50.04999923706055,50.04999923706055,445.0
2024-10-25 13:33:00+00:00,INTC,22.96500015258789,22.96500015258789,22.969999313354492,22.959999084472656,22.96500015258789,57952.0
2024-10-25 13:33:00+00:00,INTU,609.5999755859375,609.5999755859375,610.0499877929688,609.5999755859375,610.0499877929688,1495.0
2024-10-25 13:33:00+00:00,ITRI,102.52999877929688,102.52999877929688,102.62000274658203,102.52999877929688,102.62000274658203,1089.0
2024-10-25 13:33:00+00:00,JKHY,182.5800018310547,182.5800018310547,182.5800018310547,182.5800018310547,182.5800018310547,432.0
2024-10-25 13:33:00+00:00,KARO,40.0,40.0,40.0,40.0,40.0,422.0
2024-10-25 13:33:00+00:00,KC,2.7200000286102295,2.7200000286102295,2.7200000286102295,2.7200000286102295,2.7200000286102295,307.0
2024-10-25 13:33:00+00:00,KOPN,0.7778000235557556,0.7778000235557556,0.7799999713897705,0.7778000235557556,0.7778000235557556,422.0
2024-10-25 13:33:00+00:00,LINK,4.88730001449585,4.88730001449585,4.88730001449585,4.88730001449585,4.88730001449585,269.0
2024-10-25 13:33:00+00:00,LITE,63.93000030517578,63.93000030517578,64.01000213623047,63.880001068115234,64.01000213623047,4441.0
2024-10-25 13:33:00+00:00,LRCX,78.86499786376953,78.86499786376953,78.91999816894531,78.86499786376953,78.91999816894531,8763.0
2024-10-25 13:33:00+00:00,LSCC,54.41999816894531,54.41999816894531,54.41999816894531,54.369998931884766,54.380001068115234,1424.0
2024-10-25 13:33:00+00:00,LUNA,1.809999942779541,1.809999942779541,1.809999942779541,1.7999999523162842,1.809999942779541,777.0
2024-10-25 13:33:00+00:00,LYFT,13.734999656677246,13.734999656677246,13.734999656677246,13.729999542236328,13.729999542236328,4532.0
2024-10-25 13:33:00+00:00,MCHP,76.9800033569336,76.9800033569336,77.01000213623047,76.9800033569336,77.01000213623047,3633.0
2024-10-25 13:33:00+00:00,MDB,266.8902893066406,266.8902893066406,267.17999267578125,266.8902893066406,267.17999267578125,1084.0
2024-10-25 13:33:00+00:00,MITK,8.760000228881836,8.760000228881836,8.760000228881836,8.760000228881836,8.760000228881836,3504.0
2024-10-25 13:33:00+00:00,MKSI,101.30000305175781,101.30000305175781,101.30000305175781,101.30000305175781,101.30000305175781,732.0
2024-10-25 13:33:00+00:00,MPWR,919.4600219726562,919.4600219726562,919.4600219726562,918.475830078125,918.475830078125,548.0
2024-10-25 13:33:00+00:00,MQ,5.275000095367432,5.275000095367432,5.276000022888184,5.269999980926514,5.269999980926514,4322.0
2024-10-25 13:33:00+00:00,MRVL,82.5199966430664,82.5199966430664,82.59449768066406,82.5,82.59449768066406,11184.0
2024-10-25 13:33:00+00:00,MSFT,428.29998779296875,428.29998779296875,428.510009765625,428.29998779296875,428.510009765625,11426.0
2024-10-25 13:33:00+00:00,MSTR,237.47999572753906,237.47999572753906,237.9600067138672,237.39999389648438,237.8000030517578,27511.0
2024-10-25 13:33:00+00:00,MTC,0.37220001220703125,0.37220001220703125,0.37220001220703125,0.37220001220703125,0.37220001220703125,3898.0
2024-10-25 13:33:00+00:00,MTEK,1.909999966621399,1.909999966621399,1.909999966621399,1.909999966621399,1.909999966621399,366.0
2024-10-25 13:33:00+00:00,MTLS,5.954999923706055,5.954999923706055,5.954999923706055,5.954999923706055,5.954999923706055,249.0
2024-10-25 13:33:00+00:00,MTTR,4.635000228881836,4.635000228881836,4.635000228881836,4.635000228881836,4.635000228881836,1314.0
2024-10-25 13:33:00+00:00,MU,108.31999969482422,108.31999969482422,108.38009643554688,108.31999969482422,108.38009643554688,9757.0
2024-10-25 13:33:00+00:00,MVIS,1.090000033378601,1.090000033378601,1.090000033378601,1.090000033378601,1.090000033378601,200.0
2024-10-25 13:33:00+00:00,MXL,14.859999656677246,14.859999656677246,14.859999656677246,14.843999862670898,14.845000267028809,3516.0
2024-10-25 13:33:00+00:00,NCNO,37.720001220703125,37.720001220703125,37.720001220703125,37.720001220703125,37.720001220703125,339.0
2024-10-25 13:33:00+00:00,NICE,175.8000030517578,175.8000030517578,175.8000030517578,175.69000244140625,175.69000244140625,1249.0
2024-10-25 13:33:00+00:00,NOVT,174.4199981689453,174.4199981689453,174.4199981689453,174.4199981689453,174.4199981689453,127.0
2024-10-25 13:33:00+00:00,NTCT,20.735000610351562,20.735000610351562,20.735000610351562,20.735000610351562,20.735000610351562,374.0
2024-10-25 13:33:00+00:00,NTGR,20.325000762939453,20.325000762939453,20.325000762939453,20.325000762939453,20.325000762939453,1109.0
2024-10-25 13:33:00+00:00,NTNX,62.04999923706055,62.04999923706055,62.060001373291016,62.040000915527344,62.060001373291016,1058.0
2024-10-25 13:33:00+00:00,NVDA,142.56500244140625,142.56500244140625,142.66000366210938,142.55140686035156,142.64999389648438,227658.0
2024-10-25 13:33:00+00:00,NVTS,2.579900026321411,2.579900026321411,2.579900026321411,2.575000047683716,2.575000047683716,1125.0
2024-10-25 13:33:00+00:00,NXPI,244.89500427246094,244.89500427246094,244.92999267578125,244.86000061035156,244.92999267578125,4478.0
2024-10-25 13:33:00+00:00,OKTA,72.22000122070312,72.22000122070312,72.22000122070312,72.19999694824219,72.19999694824219,4024.0
2024-10-25 13:33:00+00:00,ON,71.83999633789062,71.83999633789062,71.87000274658203,71.83000183105469,71.8499984741211,10568.0
2024-10-25 13:33:00+00:00,OSS,2.4200000762939453,2.4200000762939453,2.4200000762939453,2.4200000762939453,2.4200000762939453,377.0
2024-10-25 13:33:00+00:00,PANW,367.5199890136719,367.5199890136719,367.5199890136719,367.5199890136719,367.5199890136719,633.0
2024-10-25 13:33:00+00:00,PEGA,79.4749984741211,79.4749984741211,79.5199966430664,79.13999938964844,79.19000244140625,12092.0
2024-10-25 13:33:00+00:00,PGY,11.850000381469727,11.850000381469727,11.859999656677246,11.845199584960938,11.845199584960938,4151.0
2024-10-25 13:33:00+00:00,PHUN,10.149999618530273,10.149999618530273,10.175000190734863,10.149999618530273,10.175000190734863,4422.0
2024-10-25 13:33:00+00:00,PI,202.47000122070312,202.47000122070312,202.58999633789062,202.47000122070312,202.58999633789062,816.0
2024-10-25 13:33:00+00:00,PLAB,23.719999313354492,23.719999313354492,23.719999313354492,23.719999313354492,23.719999313354492,182.0
2024-10-25 13:33:00+00:00,PRGS,64.44000244140625,64.44000244140625,64.44000244140625,64.44000244140625,64.44000244140625,1592.0
2024-10-25 13:33:00+00:00,PTC,186.39999389648438,186.39999389648438,186.5500030517578,186.39999389648438,186.5500030517578,858.0
2024-10-25 13:33:00+00:00,PYCR,14.350000381469727,14.350000381469727,14.350000381469727,14.350000381469727,14.350000381469727,4000.0
2024-10-25 13:33:00+00:00,QCOM,171.7899932861328,171.7899932861328,171.80999755859375,171.7899932861328,171.7899932861328,6825.0
2024-10-25 13:33:00+00:00,QLYS,119.98999786376953,119.98999786376953,120.08000183105469,119.66000366210938,119.78500366210938,3603.0
2024-10-25 13:33:00+00:00,QUBT,1.090000033378601,1.090000033378601,1.100000023841858,1.090000033378601,1.0950000286102295,2942.0
2024-10-25 13:33:00+00:00,RCAT,2.7699999809265137,2.7699999809265137,2.7699999809265137,2.76990008354187,2.7699999809265137,3977.0
2024-10-25 13:33:00+00:00,RELY,14.84000015258789,14.84000015258789,14.84000015258789,14.84000015258789,14.84000015258789,884.0
2024-10-25 13:33:00+00:00,RGTI,1.2200000286102295,1.2200000286102295,1.2200000286102295,1.2199000120162964,1.2199000120162964,21387.0
2024-10-25 13:33:00+00:00,RIOT,9.954000473022461,9.954000473022461,9.970000267028809,9.954000473022461,9.970000267028809,29658.0
2024-10-25 13:33:00+00:00,RMBS,43.40999984741211,43.40999984741211,43.43000030517578,43.40999984741211,43.43000030517578,623.0
2024-10-25 13:33:00+00:00,RPD,38.599998474121094,38.599998474121094,38.63999938964844,38.599998474121094,38.63999938964844,338.0
2024-10-25 13:33:00+00:00,RUM,5.74399995803833,5.74399995803833,5.745999813079834,5.74399995803833,5.745999813079834,264.0
2024-10-25 13:33:00+00:00,RUN,14.274999618530273,14.274999618530273,14.28499984741211,14.274999618530273,14.279800415039062,12011.0
2024-10-25 13:33:00+00:00,SANM,67.5999984741211,67.5999984741211,67.5999984741211,67.5999984741211,67.5999984741211,121.0
2024-10-25 13:33:00+00:00,SCSC,44.724998474121094,44.724998474121094,44.724998474121094,44.724998474121094,44.724998474121094,481.0
2024-10-25 13:33:00+00:00,SEDG,15.890000343322754,15.890000343322754,15.890000343322754,15.880000114440918,15.890000343322754,5726.0
2024-10-25 13:33:00+00:00,SHLS,5.244999885559082,5.244999885559082,5.244999885559082,5.244999885559082,5.244999885559082,400.0
2024-10-25 13:33:00+00:00,SMCI,47.0260009765625,47.0260009765625,47.11000061035156,47.0260009765625,47.06999969482422,42404.0
2024-10-25 13:33:00+00:00,SMTC,45.880001068115234,45.880001068115234,45.880001068115234,45.880001068115234,45.880001068115234,507.0
2024-10-25 13:33:00+00:00,SNPS,503.5799865722656,503.5799865722656,503.5799865722656,503.5799865722656,503.5799865722656,611.0
2024-10-25 13:33:00+00:00,SONO,12.734999656677246,12.734999656677246,12.734999656677246,12.734999656677246,12.734999656677246,269.0
2024-10-25 13:33:00+00:00,SOUN,5.209799766540527,5.209799766540527,5.210000038146973,5.200799942016602,5.203999996185303,20393.0
2024-10-25 13:33:00+00:00,SPSC,174.84500122070312,174.84500122070312,174.84500122070312,174.84500122070312,174.84500122070312,419.0
2024-10-25 13:33:00+00:00,SRAD,12.369999885559082,12.369999885559082,12.380000114440918,12.369999885559082,12.380000114440918,318.0
2024-10-25 13:33:00+00:00,SSNC,69.70500183105469,69.70500183105469,69.72000122070312,69.69999694824219,69.69999694824219,6882.0
2024-10-25 13:33:00+00:00,SSYS,7.075099945068359,7.075099945068359,7.075099945068359,7.075099945068359,7.075099945068359,114.0
2024-10-25 13:33:00+00:00,STNE,11.520000457763672,11.520000457763672,11.520000457763672,11.494999885559082,11.5,24509.0
2024-10-25 13:33:00+00:00,STX,103.83000183105469,103.83000183105469,103.86000061035156,103.83000183105469,103.8499984741211,4022.0
2024-10-25 13:33:00+00:00,SWKS,96.3550033569336,96.3550033569336,96.3550033569336,96.34500122070312,96.34500122070312,1072.0
2024-10-25 13:33:00+00:00,SYNA,72.94999694824219,72.94999694824219,72.94999694824219,72.94999694824219,72.94999694824219,133.0
2024-10-25 13:33:00+00:00,SYTA,1.3049999475479126,1.3049999475479126,1.3049999475479126,1.2999999523162842,1.2999999523162842,550.0
2024-10-25 13:33:00+00:00,TEAM,189.7100067138672,189.7100067138672,189.72999572753906,189.42999267578125,189.52000427246094,6282.0
2024-10-25 13:33:00+00:00,TENB,41.63999938964844,41.63999938964844,41.63999938964844,41.63999938964844,41.63999938964844,315.0
2024-10-25 13:33:00+00:00,TER,113.02999877929688,113.02999877929688,113.08999633789062,113.02999877929688,113.08000183105469,3856.0
2024-10-25 13:33:00+00:00,TRMB,61.130001068115234,61.130001068115234,61.130001068115234,61.130001068115234,61.130001068115234,501.0
2024-10-25 13:33:00+00:00,TSEM,45.04499816894531,45.04499816894531,45.04499816894531,45.04499816894531,45.04499816894531,178.0
2024-10-25 13:33:00+00:00,TWKS,4.449999809265137,4.449999809265137,4.449999809265137,4.449999809265137,4.449999809265137,8366.0
2024-10-25 13:33:00+00:00,TXN,208.3000030517578,208.3000030517578,208.32000732421875,208.3000030517578,208.32000732421875,2458.0
2024-10-25 13:33:00+00:00,UTSI,2.849900007247925,2.849900007247925,2.8499999046325684,2.8399999141693115,2.8399999141693115,0.0
2024-10-25 13:33:00+00:00,VECO,29.420000076293945,29.420000076293945,29.424999237060547,29.420000076293945,29.424999237060547,241.0
2024-10-25 13:33:00+00:00,VERB,10.399800300598145,10.399800300598145,10.399800300598145,10.25,10.25,11030.0
2024-10-25 13:33:00+00:00,VERI,3.4100000858306885,3.4100000858306885,3.4100000858306885,3.4100000858306885,3.4100000858306885,298.0
2024-10-25 13:33:00+00:00,VERX,41.75,41.75,41.76259994506836,41.75,41.76259994506836,1541.0
2024-10-25 13:33:00+00:00,VMEO,4.760000228881836,4.760000228881836,4.764999866485596,4.760000228881836,4.764999866485596,443.0
2024-10-25 13:33:00+00:00,VNET,3.424999952316284,3.424999952316284,3.430000066757202,3.424999952316284,3.430000066757202,2891.0
2024-10-25 13:33:00+00:00,VRNS,56.68000030517578,56.68000030517578,56.720001220703125,56.68000030517578,56.720001220703125,999.0
2024-10-25 13:33:00+00:00,VRSN,184.51499938964844,184.51499938964844,184.51499938964844,184.51499938964844,184.51499938964844,497.0
2024-10-25 13:33:00+00:00,VSAT,10.279999732971191,10.279999732971191,10.279999732971191,10.279999732971191,10.279999732971191,187.0
2024-10-25 13:33:00+00:00,WALD,3.568000078201294,3.568000078201294,3.568000078201294,3.559999942779541,3.559999942779541,2373.0
2024-10-25 13:33:00+00:00,WATT,0.5989999771118164,0.5989999771118164,0.5989999771118164,0.5989999771118164,0.5989999771118164,1090.0
2024-10-25 13:33:00+00:00,WDAY,239.33580017089844,239.33580017089844,239.33580017089844,239.33580017089844,239.33580017089844,2045.0
2024-10-25 13:33:00+00:00,WDC,70.67500305175781,70.67500305175781,70.72000122070312,70.63999938964844,70.66000366210938,10206.0
2024-10-25 13:33:00+00:00,WISA,1.9800000190734863,1.9800000190734863,1.9800000190734863,1.975000023841858,1.975000023841858,386.0
2024-10-25 13:33:00+00:00,WLDS,3.430000066757202,3.430000066757202,3.430000066757202,3.430000066757202,3.430000066757202,360.0
2024-10-25 13:33:00+00:00,WRAP,1.8187999725341797,1.8187999725341797,1.8187999725341797,1.8187999725341797,1.8187999725341797,705.0
2024-10-25 13:33:00+00:00,XPER,9.444999694824219,9.444999694824219,9.444999694824219,9.4399995803833,9.4399995803833,223.0
2024-10-25 13:33:00+00:00,XRX,10.015000343322754,10.015000343322754,10.020000457763672,10.010000228881836,10.015000343322754,536.0
2024-10-25 13:33:00+00:00,ZI,10.5,10.5,10.5,10.5,10.5,4352.0
2024-10-25 13:33:00+00:00,ZM,72.92610168457031,72.92610168457031,72.92610168457031,72.92610168457031,72.92610168457031,612.0
2024-10-25 13:33:00+00:00,ZS,184.53500366210938,184.53500366210938,184.5800018310547,184.53500366210938,184.5800018310547,1394.0
2024-10-25 13:34:00+00:00,AAOI,17.639999389648438,17.639999389648438,17.639999389648438,17.639999389648438,17.639999389648438,236.0
2024-10-25 13:34:00+00:00,AAPL,231.6699981689453,231.6699981689453,231.7899932861328,231.60450744628906,231.7899932861328,63799.0
2024-10-25 13:34:00+00:00,ACLS,90.11000061035156,90.11000061035156,90.20999908447266,90.11000061035156,90.20999908447266,2024.0
2024-10-25 13:34:00+00:00,ACMR,19.709999084472656,19.709999084472656,19.709999084472656,19.709999084472656,19.709999084472656,1117.0
2024-10-25 13:34:00+00:00,ADBE,483.82000732421875,483.82000732421875,483.9150085449219,483.70001220703125,483.8999938964844,2949.0
2024-10-25 13:34:00+00:00,ADI,232.46009826660156,232.46009826660156,232.80880737304688,232.46009826660156,232.80880737304688,1264.0
2024-10-25 13:34:00+00:00,ADSK,285.8399963378906,285.8399963378906,285.9700012207031,285.8399963378906,285.9700012207031,768.0
2024-10-25 13:34:00+00:00,ADTN,6.360000133514404,6.360000133514404,6.360000133514404,6.360000133514404,6.360000133514404,588.0
2024-10-25 13:34:00+00:00,AEHR,17.014999389648438,17.014999389648438,17.040000915527344,17.007099151611328,17.040000915527344,2640.0
2024-10-25 13:34:00+00:00,AEYE,22.764999389648438,22.764999389648438,22.764999389648438,22.764999389648438,22.764999389648438,246.0
2024-10-25 13:34:00+00:00,AFRM,41.3650016784668,41.3650016784668,41.400001525878906,41.349998474121094,41.38999938964844,9583.0
2024-10-25 13:34:00+00:00,AIRG,9.020000457763672,9.020000457763672,9.020000457763672,9.020000457763672,9.020000457763672,539.0
2024-10-25 13:34:00+00:00,AKAM,102.41999816894531,102.41999816894531,102.4800033569336,102.41999816894531,102.47000122070312,1930.0
2024-10-25 13:34:00+00:00,AKTS,0.059300001710653305,0.059300001710653305,0.059300001710653305,0.059300001710653305,0.059300001710653305,12400.0
2024-10-25 13:34:00+00:00,ALGM,22.93000030517578,22.93000030517578,22.989999771118164,22.889999389648438,22.989999771118164,4925.0
2024-10-25 13:34:00+00:00,ALTR,103.87999725341797,103.87999725341797,103.87999725341797,103.87999725341797,103.87999725341797,156.0
2024-10-25 13:34:00+00:00,AMAT,187.9499969482422,187.9499969482422,188.1199951171875,187.85009765625,188.08999633789062,3622.0
2024-10-25 13:34:00+00:00,AMD,156.72999572753906,156.72999572753906,156.91000366210938,156.69020080566406,156.89999389648438,84571.0
2024-10-25 13:34:00+00:00,AMKR,29.934999465942383,29.934999465942383,29.959999084472656,29.93000030517578,29.959999084472656,3522.0
2024-10-25 13:34:00+00:00,AMPL,9.125,9.125,9.125,9.125,9.125,443.0
2024-10-25 13:34:00+00:00,AMST,2.869999885559082,2.869999885559082,2.869999885559082,2.869999885559082,2.869999885559082,568.0
2024-10-25 13:34:00+00:00,AOSL,36.47999954223633,36.47999954223633,36.5,36.47999954223633,36.5,911.0
2024-10-25 13:34:00+00:00,API,2.8949999809265137,2.8949999809265137,2.9149999618530273,2.8949999809265137,2.9149999618530273,3539.0
2024-10-25 13:34:00+00:00,APP,160.5,160.5,160.67999267578125,160.5,160.6699981689453,3369.0
2024-10-25 13:34:00+00:00,APPF,213.3800048828125,213.3800048828125,213.4199981689453,213.0449981689453,213.16000366210938,1885.0
2024-10-25 13:34:00+00:00,APPS,3.055000066757202,3.055000066757202,3.0645999908447266,3.055000066757202,3.0645999908447266,3074.0
2024-10-25 13:34:00+00:00,ARQQ,7.065700054168701,7.065700054168701,7.065700054168701,7.065700054168701,7.065700054168701,584.0
2024-10-25 13:34:00+00:00,ARRY,6.309999942779541,6.309999942779541,6.335000038146973,6.309999942779541,6.335000038146973,10862.0
2024-10-25 13:34:00+00:00,ASML,715.6599731445312,715.6599731445312,716.0499877929688,715.6599731445312,716.0,3992.0
2024-10-25 13:34:00+00:00,ASNS,1.2999999523162842,1.2999999523162842,1.2999999523162842,1.2999999523162842,1.2999999523162842,205.0
2024-10-25 13:34:00+00:00,AUR,6.425000190734863,6.425000190734863,6.429999828338623,6.425000190734863,6.429999828338623,11963.0
2024-10-25 13:34:00+00:00,AVDX,8.114999771118164,8.114999771118164,8.114999771118164,8.114999771118164,8.114999771118164,565.0
2024-10-25 13:34:00+00:00,AVGO,174.51199340820312,174.51199340820312,174.82000732421875,174.5,174.82000732421875,29370.0
2024-10-25 13:34:00+00:00,AVPT,11.970000267028809,11.970000267028809,11.979999542236328,11.970000267028809,11.979999542236328,767.0
2024-10-25 13:34:00+00:00,AVT,54.02000045776367,54.02000045776367,54.04999923706055,54.02000045776367,54.04999923706055,332.0
2024-10-25 13:34:00+00:00,BIGC,5.304999828338623,5.304999828338623,5.304999828338623,5.304999828338623,5.304999828338623,430.0
2024-10-25 13:34:00+00:00,BMBL,7.114999771118164,7.114999771118164,7.119999885559082,7.114999771118164,7.119999885559082,7464.0
2024-10-25 13:34:00+00:00,BRZE,30.610000610351562,30.610000610351562,30.610000610351562,30.584999084472656,30.584999084472656,8366.0
2024-10-25 13:34:00+00:00,BSY,49.04600143432617,49.04600143432617,49.07500076293945,49.04600143432617,49.07500076293945,1376.0
2024-10-25 13:34:00+00:00,CAMT,78.04499816894531,78.04499816894531,78.04499816894531,78.04499816894531,78.04499816894531,120.0
2024-10-25 13:34:00+00:00,CAN,0.980400025844574,0.980400025844574,0.9811999797821045,0.980400025844574,0.9811999797821045,10133.0
2024-10-25 13:34:00+00:00,CDNS,258.3500061035156,258.3500061035156,258.4599914550781,258.3299865722656,258.4599914550781,4340.0
2024-10-25 13:34:00+00:00,CDW,219.33999633789062,219.33999633789062,219.47999572753906,219.3300018310547,219.47000122070312,1945.0
2024-10-25 13:34:00+00:00,CETX,0.30300000309944153,0.30300000309944153,0.30309998989105225,0.30300000309944153,0.30309998989105225,530.0
2024-10-25 13:34:00+00:00,CFLT,22.514999389648438,22.514999389648438,22.55500030517578,22.510000228881836,22.549999237060547,7880.0
2024-10-25 13:34:00+00:00,CGNX,38.88999938964844,38.88999938964844,38.90999984741211,38.88999938964844,38.90999984741211,2621.0
2024-10-25 13:34:00+00:00,CLBT,18.139999389648438,18.139999389648438,18.145000457763672,18.139999389648438,18.139999389648438,1448.0
2024-10-25 13:34:00+00:00,CLFD,36.439998626708984,36.439998626708984,36.439998626708984,36.439998626708984,36.439998626708984,424.0
2024-10-25 13:34:00+00:00,CLSK,11.84000015258789,11.84000015258789,11.869999885559082,11.84000015258789,11.859999656677246,25779.0
2024-10-25 13:34:00+00:00,CMTL,3.7200000286102295,3.7200000286102295,3.7200000286102295,3.7200000286102295,3.7200000286102295,390.0
2024-10-25 13:34:00+00:00,COHR,95.36000061035156,95.36000061035156,95.44999694824219,95.3499984741211,95.44999694824219,3350.0
2024-10-25 13:34:00+00:00,COHU,26.229999542236328,26.229999542236328,26.239999771118164,26.229999542236328,26.239999771118164,380.0
2024-10-25 13:34:00+00:00,COIN,210.33999633789062,210.33999633789062,210.7100067138672,210.33999633789062,210.5500030517578,41358.0
2024-10-25 13:34:00+00:00,COMM,6.295000076293945,6.295000076293945,6.295000076293945,6.295000076293945,6.295000076293945,2188.0
2024-10-25 13:34:00+00:00,CORZ,13.475000381469727,13.475000381469727,13.47599983215332,13.470000267028809,13.475000381469727,20875.0
2024-10-25 13:34:00+00:00,CPSH,1.4199999570846558,1.4199999570846558,1.4199999570846558,1.4199999570846558,1.4199999570846558,358.0
2024-10-25 13:34:00+00:00,CRDO,39.095001220703125,39.095001220703125,39.11389923095703,39.095001220703125,39.11389923095703,1765.0
2024-10-25 13:34:00+00:00,CRSR,6.34499979019165,6.34499979019165,6.355000019073486,6.34499979019165,6.355000019073486,1101.0
2024-10-25 13:34:00+00:00,CRUS,123.01000213623047,123.01000213623047,123.16000366210938,122.95999908447266,123.16000366210938,2736.0
2024-10-25 13:34:00+00:00,CRWD,299.03009033203125,299.03009033203125,299.45001220703125,299.03009033203125,299.3900146484375,8793.0
2024-10-25 13:34:00+00:00,CSCO,55.849998474121094,55.849998474121094,55.895999908447266,55.845001220703125,55.895999908447266,50532.0
2024-10-25 13:34:00+00:00,CSIQ,13.510000228881836,13.510000228881836,13.524999618530273,13.510000228881836,13.524999618530273,6142.0
2024-10-25 13:34:00+00:00,CTSH,74.75,74.75,74.7699966430664,74.75,74.76000213623047,3253.0
2024-10-25 13:34:00+00:00,CVLT,134.64999389648438,134.64999389648438,134.64999389648438,134.64999389648438,134.64999389648438,1508.0
2024-10-25 13:34:00+00:00,DAKT,13.010000228881836,13.010000228881836,13.010000228881836,13.010000228881836,13.010000228881836,1032.0
2024-10-25 13:34:00+00:00,DAVE,39.224998474121094,39.224998474121094,39.224998474121094,39.224998474121094,39.224998474121094,212.0
2024-10-25 13:34:00+00:00,DBX,25.920000076293945,25.920000076293945,25.940000534057617,25.920000076293945,25.940000534057617,3170.0
2024-10-25 13:34:00+00:00,DDOG,126.87999725341797,126.87999725341797,127.05000305175781,126.81999969482422,127.02999877929688,12804.0
2024-10-25 13:34:00+00:00,DGII,30.65999984741211,30.65999984741211,30.65999984741211,30.65999984741211,30.65999984741211,133.0
2024-10-25 13:34:00+00:00,DOCU,69.44999694824219,69.44999694824219,69.51000213623047,69.44000244140625,69.51000213623047,9763.0
2024-10-25 13:34:00+00:00,DOX,89.37999725341797,89.37999725341797,89.4000015258789,89.37999725341797,89.4000015258789,1430.0
2024-10-25 13:34:00+00:00,DTSS,2.4800000190734863,2.4800000190734863,2.4800000190734863,2.4800000190734863,2.4800000190734863,194.0
2024-10-25 13:34:00+00:00,DUOL,288.54998779296875,288.54998779296875,288.70001220703125,288.2799987792969,288.70001220703125,856.0
2024-10-25 13:34:00+00:00,ENPH,82.95999908447266,82.95999908447266,83.20500183105469,82.95999908447266,83.20500183105469,8829.0
2024-10-25 13:34:00+00:00,ENTG,105.54000091552734,105.54000091552734,105.7300033569336,105.54000091552734,105.66000366210938,3689.0
2024-10-25 13:34:00+00:00,ERIC,8.456000328063965,8.456000328063965,8.456000328063965,8.45009994506836,8.454999923706055,34065.0
2024-10-25 13:34:00+00:00,EXFY,1.725000023841858,1.725000023841858,1.725000023841858,1.7200000286102295,1.7200000286102295,3645.0
2024-10-25 13:34:00+00:00,EXTR,14.420000076293945,14.420000076293945,14.425000190734863,14.420000076293945,14.420000076293945,1203.0
2024-10-25 13:34:00+00:00,FARO,18.125,18.125,18.125,18.125,18.125,110.0
2024-10-25 13:34:00+00:00,FFIV,216.30499267578125,216.30499267578125,216.35000610351562,216.30499267578125,216.35000610351562,557.0
2024-10-25 13:34:00+00:00,FIVN,29.924999237060547,29.924999237060547,29.950000762939453,29.920000076293945,29.920000076293945,7974.0
2024-10-25 13:34:00+00:00,FLEX,35.185001373291016,35.185001373291016,35.19499969482422,35.185001373291016,35.189998626708984,2149.0
2024-10-25 13:34:00+00:00,FLYW,17.510000228881836,17.510000228881836,17.510000228881836,17.510000228881836,17.510000228881836,381.0
2024-10-25 13:34:00+00:00,FORM,44.959999084472656,44.959999084472656,45.01369857788086,44.959999084472656,45.01369857788086,972.0
2024-10-25 13:34:00+00:00,FROG,29.229999542236328,29.229999542236328,29.229999542236328,29.229999542236328,29.229999542236328,502.0
2024-10-25 13:34:00+00:00,FRSH,11.645000457763672,11.645000457763672,11.645000457763672,11.645000457763672,11.645000457763672,1055.0
2024-10-25 13:34:00+00:00,FSLR,197.80999755859375,197.80999755859375,197.93499755859375,197.80999755859375,197.93499755859375,1539.0
2024-10-25 13:34:00+00:00,FTCI,0.6610000133514404,0.6610000133514404,0.6610000133514404,0.6610000133514404,0.6610000133514404,1400.0
2024-10-25 13:34:00+00:00,FTNT,80.73999786376953,80.73999786376953,80.83999633789062,80.73999786376953,80.83999633789062,8746.0
2024-10-25 13:34:00+00:00,GCT,24.625,24.625,24.700000762939453,24.61199951171875,24.700000762939453,2860.0
2024-10-25 13:34:00+00:00,GDS,21.454999923706055,21.454999923706055,21.454999923706055,21.454999923706055,21.454999923706055,400.0
2024-10-25 13:34:00+00:00,GDYN,15.529999732971191,15.529999732971191,15.539999961853027,15.520000457763672,15.539999961853027,2574.0
2024-10-25 13:34:00+00:00,GFS,40.8650016784668,40.8650016784668,40.90999984741211,40.8650016784668,40.90999984741211,3945.0
2024-10-25 13:34:00+00:00,GRAB,4.099999904632568,4.099999904632568,4.099999904632568,4.090000152587891,4.099999904632568,29278.0
2024-10-25 13:34:00+00:00,GRRR,4.5,4.5,4.516900062561035,4.5,4.516900062561035,4657.0
2024-10-25 13:34:00+00:00,GSIT,3.4149999618530273,3.4149999618530273,3.4149999618530273,3.4149999618530273,3.4149999618530273,238.0
2024-10-25 13:34:00+00:00,HCP,33.665000915527344,33.665000915527344,33.665000915527344,33.665000915527344,33.665000915527344,1179.0
2024-10-25 13:34:00+00:00,HIMX,6.176000118255615,6.176000118255615,6.176000118255615,6.176000118255615,6.176000118255615,527.0
2024-10-25 13:34:00+00:00,HLIT,14.800000190734863,14.800000190734863,14.800000190734863,14.800000190734863,14.800000190734863,618.0
2024-10-25 13:34:00+00:00,HOLO,3.6001999378204346,3.6001999378204346,3.6001999378204346,3.6001999378204346,3.6001999378204346,258.0
2024-10-25 13:34:00+00:00,HOOD,27.225000381469727,27.225000381469727,27.260000228881836,27.225000381469727,27.25,21348.0
2024-10-25 13:34:00+00:00,IBEX,18.059999465942383,18.059999465942383,18.059999465942383,18.059999465942383,18.059999465942383,154.0
2024-10-25 13:34:00+00:00,ICHR,27.674999237060547,27.674999237060547,27.674999237060547,27.674999237060547,27.674999237060547,537.0
2024-10-25 13:34:00+00:00,IFBD,2.003999948501587,2.003999948501587,2.0399999618530273,1.9700000286102295,1.9700000286102295,3690.0
2024-10-25 13:34:00+00:00,IMMR,8.710000038146973,8.710000038146973,8.710000038146973,8.710000038146973,8.710000038146973,851.0
2024-10-25 13:34:00+00:00,IMXI,17.594999313354492,17.594999313354492,17.594999313354492,17.59000015258789,17.59000015258789,614.0
2024-10-25 13:34:00+00:00,INDI,3.555000066757202,3.555000066757202,3.555000066757202,3.553999900817871,3.555000066757202,4415.0
2024-10-25 13:34:00+00:00,INFN,6.78000020980835,6.78000020980835,6.78000020980835,6.78000020980835,6.78000020980835,360.0
2024-10-25 13:34:00+00:00,INOD,20.149999618530273,20.149999618530273,20.170000076293945,20.149999618530273,20.170000076293945,1540.0
2024-10-25 13:34:00+00:00,INTA,50.04999923706055,50.04999923706055,50.04999923706055,50.04999923706055,50.04999923706055,655.0
2024-10-25 13:34:00+00:00,INTC,22.93000030517578,22.93000030517578,22.969999313354492,22.93000030517578,22.959999084472656,75707.0
2024-10-25 13:34:00+00:00,INTU,609.4849853515625,609.4849853515625,609.6199951171875,609.4849853515625,609.6199951171875,1213.0
2024-10-25 13:34:00+00:00,IPGP,77.42500305175781,77.42500305175781,77.45999908447266,77.37999725341797,77.4000015258789,2842.0
2024-10-25 13:34:00+00:00,JAMF,16.700000762939453,16.700000762939453,16.700000762939453,16.700000762939453,16.700000762939453,1635.0
2024-10-25 13:34:00+00:00,KLIC,44.560001373291016,44.560001373291016,44.56999969482422,44.560001373291016,44.56999969482422,693.0
2024-10-25 13:34:00+00:00,KVHI,4.650000095367432,4.650000095367432,4.650000095367432,4.650000095367432,4.650000095367432,114.0
2024-10-25 13:34:00+00:00,LASR,10.40999984741211,10.40999984741211,10.420000076293945,10.40999984741211,10.420000076293945,730.0
2024-10-25 13:34:00+00:00,LINK,4.915500164031982,4.915500164031982,4.915500164031982,4.9131999015808105,4.9131999015808105,1165.0
2024-10-25 13:34:00+00:00,LITE,63.83000183105469,63.83000183105469,63.93299865722656,63.83000183105469,63.93299865722656,2725.0
2024-10-25 13:34:00+00:00,LOGI,80.80999755859375,80.80999755859375,80.83000183105469,80.80000305175781,80.80000305175781,2890.0
2024-10-25 13:34:00+00:00,LPSN,1.1694999933242798,1.1694999933242798,1.1694999933242798,1.1694999933242798,1.1694999933242798,5622.0
2024-10-25 13:34:00+00:00,LRCX,78.80000305175781,78.80000305175781,78.86499786376953,78.77999877929688,78.86499786376953,15280.0
2024-10-25 13:34:00+00:00,LSCC,54.244998931884766,54.244998931884766,54.34000015258789,54.244998931884766,54.34000015258789,2241.0
2024-10-25 13:34:00+00:00,LTRX,4.054999828338623,4.054999828338623,4.059299945831299,4.054999828338623,4.059299945831299,1775.0
2024-10-25 13:34:00+00:00,LYFT,13.71500015258789,13.71500015258789,13.734999656677246,13.71500015258789,13.734999656677246,11348.0
2024-10-25 13:34:00+00:00,MANH,275.4800109863281,275.4800109863281,275.4800109863281,275.4800109863281,275.4800109863281,1477.0
2024-10-25 13:34:00+00:00,MAPS,0.8445000052452087,0.8445000052452087,0.8445000052452087,0.842199981212616,0.8439000248908997,4011.0
2024-10-25 13:34:00+00:00,MCHP,76.91000366210938,76.91000366210938,76.97000122070312,76.91000366210938,76.97000122070312,4898.0
2024-10-25 13:34:00+00:00,MDB,266.67498779296875,266.67498779296875,266.67498779296875,266.67498779296875,266.67498779296875,1175.0
2024-10-25 13:34:00+00:00,MITK,8.760000228881836,8.760000228881836,8.760000228881836,8.760000228881836,8.760000228881836,735.0
2024-10-25 13:34:00+00:00,MKSI,101.19000244140625,101.19000244140625,101.29000091552734,101.19000244140625,101.27999877929688,1894.0
2024-10-25 13:34:00+00:00,MNDY,299.9700012207031,299.9700012207031,299.9700012207031,299.8999938964844,299.8999938964844,480.0
2024-10-25 13:34:00+00:00,MPWR,919.3150024414062,919.3150024414062,919.3150024414062,919.3150024414062,919.3150024414062,772.0
2024-10-25 13:34:00+00:00,MQ,5.284999847412109,5.284999847412109,5.284999847412109,5.269999980926514,5.269999980926514,44080.0
2024-10-25 13:34:00+00:00,MRVL,82.4000015258789,82.4000015258789,82.5,82.38999938964844,82.48999786376953,11434.0
2024-10-25 13:34:00+00:00,MSFT,428.07000732421875,428.07000732421875,428.3500061035156,428.04998779296875,428.2900085449219,28155.0
2024-10-25 13:34:00+00:00,MSTR,236.86219787597656,236.86219787597656,237.79989624023438,236.86000061035156,237.4199981689453,44170.0
2024-10-25 13:34:00+00:00,MTC,0.3736000061035156,0.3736000061035156,0.3736000061035156,0.3736000061035156,0.3736000061035156,0.0
2024-10-25 13:34:00+00:00,MTSI,120.125,120.125,120.20999908447266,120.0,120.20999908447266,2643.0
2024-10-25 13:34:00+00:00,MTTR,4.635000228881836,4.635000228881836,4.639999866485596,4.632500171661377,4.635000228881836,2893.0
2024-10-25 13:34:00+00:00,MU,108.21499633789062,108.21499633789062,108.33000183105469,108.19100189208984,108.31999969482422,56800.0
2024-10-25 13:34:00+00:00,MVIS,1.090000033378601,1.090000033378601,1.090000033378601,1.0879000425338745,1.090000033378601,300.0
2024-10-25 13:34:00+00:00,MXL,14.84000015258789,14.84000015258789,14.850000381469727,14.84000015258789,14.850000381469727,2068.0
2024-10-25 13:34:00+00:00,NCNO,37.689998626708984,37.689998626708984,37.720001220703125,37.689998626708984,37.720001220703125,1304.0
2024-10-25 13:34:00+00:00,NICE,175.47999572753906,175.47999572753906,175.47999572753906,175.47999572753906,175.47999572753906,353.0
2024-10-25 13:34:00+00:00,NOVT,174.02999877929688,174.02999877929688,174.08999633789062,174.02999877929688,174.08999633789062,1119.0
2024-10-25 13:34:00+00:00,NTAP,119.94000244140625,119.94000244140625,119.95999908447266,119.91999816894531,119.95999908447266,1363.0
2024-10-25 13:34:00+00:00,NTCT,20.700000762939453,20.700000762939453,20.729999542236328,20.700000762939453,20.729999542236328,2223.0
2024-10-25 13:34:00+00:00,NTNX,62.025001525878906,62.025001525878906,62.03499984741211,62.025001525878906,62.03499984741211,1594.0
2024-10-25 13:34:00+00:00,NVDA,142.32650756835938,142.32650756835938,142.56869506835938,142.27999877929688,142.56869506835938,585987.0
2024-10-25 13:34:00+00:00,NVEI,33.51499938964844,33.51499938964844,33.51499938964844,33.51499938964844,33.51499938964844,438.0
2024-10-25 13:34:00+00:00,NVTS,2.5650999546051025,2.5650999546051025,2.569999933242798,2.5650999546051025,2.569999933242798,4194.0
2024-10-25 13:34:00+00:00,NXPI,244.7550048828125,244.7550048828125,244.77000427246094,244.7550048828125,244.77000427246094,1851.0
2024-10-25 13:34:00+00:00,OLED,204.00999450683594,204.00999450683594,204.00999450683594,204.00999450683594,204.00999450683594,202.0
2024-10-25 13:34:00+00:00,ON,71.7699966430664,71.7699966430664,71.83000183105469,71.70500183105469,71.83000183105469,89329.0
2024-10-25 13:34:00+00:00,OTEX,33.29999923706055,33.29999923706055,33.29999923706055,33.29999923706055,33.29999923706055,664.0
2024-10-25 13:34:00+00:00,PANW,367.2200012207031,367.2200012207031,367.364990234375,367.0899963378906,367.364990234375,1325.0
2024-10-25 13:34:00+00:00,PAYO,8.295000076293945,8.295000076293945,8.297499656677246,8.295000076293945,8.297499656677246,831.0
2024-10-25 13:34:00+00:00,PDFS,29.229999542236328,29.229999542236328,29.229999542236328,29.229999542236328,29.229999542236328,467.0
2024-10-25 13:34:00+00:00,PET,0.801800012588501,0.801800012588501,0.801800012588501,0.7910000085830688,0.7910000085830688,0.0
2024-10-25 13:34:00+00:00,PGY,11.800000190734863,11.800000190734863,11.824999809265137,11.800000190734863,11.824999809265137,2324.0
2024-10-25 13:34:00+00:00,PHUN,10.149999618530273,10.149999618530273,10.159199714660645,10.149999618530273,10.151300430297852,9077.0
2024-10-25 13:34:00+00:00,PI,202.3699951171875,202.3699951171875,202.58999633789062,202.3000030517578,202.58999633789062,2616.0
2024-10-25 13:34:00+00:00,PLAB,23.709999084472656,23.709999084472656,23.729999542236328,23.709999084472656,23.725000381469727,763.0
2024-10-25 13:34:00+00:00,POET,3.8499999046325684,3.8499999046325684,3.8515000343322754,3.8499999046325684,3.8515000343322754,576.0
2024-10-25 13:34:00+00:00,POWI,63.619998931884766,63.619998931884766,63.66999816894531,63.619998931884766,63.66999816894531,616.0
2024-10-25 13:34:00+00:00,PRGS,64.47000122070312,64.47000122070312,64.47000122070312,64.47000122070312,64.47000122070312,494.0
2024-10-25 13:34:00+00:00,PRTH,5.309999942779541,5.309999942779541,5.309999942779541,5.295000076293945,5.295000076293945,303.0
2024-10-25 13:34:00+00:00,PTC,186.3874969482422,186.3874969482422,186.52999877929688,186.3874969482422,186.39500427246094,1129.0
2024-10-25 13:34:00+00:00,PUBM,14.739999771118164,14.739999771118164,14.75,14.739999771118164,14.75,5251.0
2024-10-25 13:34:00+00:00,PXLW,0.7501000165939331,0.7501000165939331,0.7501000165939331,0.7501000165939331,0.7501000165939331,175.0
2024-10-25 13:34:00+00:00,PYCR,14.3100004196167,14.3100004196167,14.354999542236328,14.300000190734863,14.350000381469727,6867.0
2024-10-25 13:34:00+00:00,QCOM,171.5500030517578,171.5500030517578,171.72999572753906,171.5048065185547,171.72999572753906,10310.0
2024-10-25 13:34:00+00:00,QLYS,119.96499633789062,119.96499633789062,120.11000061035156,119.93000030517578,119.93000030517578,4798.0
2024-10-25 13:34:00+00:00,QRVO,100.19000244140625,100.19000244140625,100.25,100.19000244140625,100.25,784.0
2024-10-25 13:34:00+00:00,RCAT,2.765000104904175,2.765000104904175,2.7750000953674316,2.765000104904175,2.76990008354187,27405.0
2024-10-25 13:34:00+00:00,REKR,1.0950000286102295,1.0950000286102295,1.0950000286102295,1.0950000286102295,1.0950000286102295,138.0
2024-10-25 13:34:00+00:00,RELY,14.84000015258789,14.84000015258789,14.84000015258789,14.83899974822998,14.83899974822998,1113.0
2024-10-25 13:34:00+00:00,RGTI,1.2200000286102295,1.2200000286102295,1.2200000286102295,1.2110999822616577,1.2200000286102295,29688.0
2024-10-25 13:34:00+00:00,RIOT,9.940999984741211,9.940999984741211,9.960000038146973,9.940099716186523,9.958399772644043,38817.0
2024-10-25 13:34:00+00:00,RMBS,43.3380012512207,43.3380012512207,43.400001525878906,43.31999969482422,43.38999938964844,2912.0
2024-10-25 13:34:00+00:00,RPD,38.599998474121094,38.599998474121094,38.599998474121094,38.599998474121094,38.599998474121094,408.0
2024-10-25 13:34:00+00:00,RUM,5.744999885559082,5.744999885559082,5.744999885559082,5.744999885559082,5.744999885559082,1743.0
2024-10-25 13:34:00+00:00,RUN,14.28499984741211,14.28499984741211,14.28499984741211,14.255000114440918,14.271499633789062,23370.0
2024-10-25 13:34:00+00:00,RXT,2.505000114440918,2.505000114440918,2.505000114440918,2.505000114440918,2.505000114440918,642.0
2024-10-25 13:34:00+00:00,SANM,67.54000091552734,67.54000091552734,67.5999984741211,67.54000091552734,67.5999984741211,969.0
2024-10-25 13:34:00+00:00,SEDG,15.8100004196167,15.8100004196167,15.880000114440918,15.800100326538086,15.880000114440918,9648.0
2024-10-25 13:34:00+00:00,SHLS,5.235000133514404,5.235000133514404,5.239999771118164,5.235000133514404,5.239999771118164,1223.0
2024-10-25 13:34:00+00:00,SKYT,10.607999801635742,10.607999801635742,10.619999885559082,10.607999801635742,10.619999885559082,1501.0
2024-10-25 13:34:00+00:00,SMCI,46.97999954223633,46.97999954223633,47.02989959716797,46.939998626708984,47.0099983215332,228614.0
2024-10-25 13:34:00+00:00,SMTC,45.83000183105469,45.83000183105469,45.85499954223633,45.83000183105469,45.83000183105469,963.0
2024-10-25 13:34:00+00:00,SNPS,503.43499755859375,503.43499755859375,503.5799865722656,503.43499755859375,503.5799865722656,1533.0
2024-10-25 13:34:00+00:00,SONO,12.722399711608887,12.722399711608887,12.729999542236328,12.722399711608887,12.729999542236328,1145.0
2024-10-25 13:34:00+00:00,SOPA,0.9599999785423279,0.9599999785423279,0.9599999785423279,0.9599999785423279,0.9599999785423279,6001.0
2024-10-25 13:34:00+00:00,SOUN,5.195000171661377,5.195000171661377,5.210000038146973,5.195000171661377,5.204999923706055,129219.0
2024-10-25 13:34:00+00:00,SPNS,36.68000030517578,36.68000030517578,36.7400016784668,36.630001068115234,36.7400016784668,3471.0
2024-10-25 13:34:00+00:00,SPSC,174.94500732421875,174.94500732421875,175.0449981689453,174.8800048828125,175.0449981689453,4566.0
2024-10-25 13:34:00+00:00,SPT,26.780000686645508,26.780000686645508,26.81999969482422,26.780000686645508,26.81999969482422,476.0
2024-10-25 13:34:00+00:00,SRAD,12.364999771118164,12.364999771118164,12.364999771118164,12.364999771118164,12.364999771118164,211.0
2024-10-25 13:34:00+00:00,SSNC,69.68000030517578,69.68000030517578,69.70500183105469,69.68000030517578,69.70500183105469,3579.0
2024-10-25 13:34:00+00:00,SSYS,7.070000171661377,7.070000171661377,7.070000171661377,7.070000171661377,7.070000171661377,299.0
2024-10-25 13:34:00+00:00,STNE,11.520000457763672,11.520000457763672,11.520000457763672,11.510000228881836,11.515000343322754,9784.0
2024-10-25 13:34:00+00:00,STX,103.80999755859375,103.80999755859375,103.83000183105469,103.80999755859375,103.83000183105469,1204.0
2024-10-25 13:34:00+00:00,SWKS,96.30999755859375,96.30999755859375,96.31999969482422,96.29000091552734,96.30999755859375,2453.0
2024-10-25 13:34:00+00:00,SYNA,72.88999938964844,72.88999938964844,72.88999938964844,72.88999938964844,72.88999938964844,478.0
2024-10-25 13:34:00+00:00,TACT,4.164999961853027,4.164999961853027,4.164999961853027,4.164999961853027,4.164999961853027,161.0
2024-10-25 13:34:00+00:00,TASK,11.970000267028809,11.970000267028809,11.970000267028809,11.970000267028809,11.970000267028809,203.0
2024-10-25 13:34:00+00:00,TEAM,189.4499969482422,189.4499969482422,189.82000732421875,189.4499969482422,189.52000427246094,7845.0
2024-10-25 13:34:00+00:00,TENB,41.650001525878906,41.650001525878906,41.650001525878906,41.650001525878906,41.650001525878906,550.0
2024-10-25 13:34:00+00:00,TER,113.0,113.0,113.0199966430664,113.0,113.0,7954.0
2024-10-25 13:34:00+00:00,TRMB,61.087100982666016,61.087100982666016,61.11000061035156,61.087100982666016,61.11000061035156,722.0
2024-10-25 13:34:00+00:00,TTD,118.44000244140625,118.44000244140625,118.5811996459961,118.44000244140625,118.5811996459961,3716.0
2024-10-25 13:34:00+00:00,TTMI,19.514999389648438,19.514999389648438,19.520000457763672,19.510000228881836,19.510000228881836,1894.0
2024-10-25 13:34:00+00:00,TWKS,4.449999809265137,4.449999809265137,4.449999809265137,4.449999809265137,4.449999809265137,27020.0
2024-10-25 13:34:00+00:00,TXN,208.1699981689453,208.1699981689453,208.33180236816406,208.1699981689453,208.22999572753906,10734.0
2024-10-25 13:34:00+00:00,UCTT,35.79999923706055,35.79999923706055,35.79999923706055,35.79999923706055,35.79999923706055,576.0
2024-10-25 13:34:00+00:00,UTSI,2.8499999046325684,2.8499999046325684,2.8499999046325684,2.8499999046325684,2.8499999046325684,501.0
2024-10-25 13:34:00+00:00,VECO,29.399999618530273,29.399999618530273,29.40999984741211,29.399999618530273,29.40999984741211,778.0
2024-10-25 13:34:00+00:00,VERB,10.425600051879883,10.425600051879883,10.425600051879883,10.425600051879883,10.425600051879883,2744.0
2024-10-25 13:34:00+00:00,VERI,3.4000000953674316,3.4000000953674316,3.4000000953674316,3.4000000953674316,3.4000000953674316,1872.0
2024-10-25 13:34:00+00:00,VERX,41.68000030517578,41.68000030517578,41.724998474121094,41.68000030517578,41.720001220703125,2287.0
2024-10-25 13:34:00+00:00,VIAV,9.239999771118164,9.239999771118164,9.239999771118164,9.239999771118164,9.239999771118164,386.0
2024-10-25 13:34:00+00:00,VICR,46.5099983215332,46.5099983215332,46.619998931884766,46.5,46.619998931884766,2235.0
2024-10-25 13:34:00+00:00,VMEO,4.760000228881836,4.760000228881836,4.760000228881836,4.760000228881836,4.760000228881836,2067.0
2024-10-25 13:34:00+00:00,VRNS,56.66999816894531,56.66999816894531,56.720001220703125,56.66999816894531,56.689998626708984,8053.0
2024-10-25 13:34:00+00:00,VRNT,22.06999969482422,22.06999969482422,22.094999313354492,22.06999969482422,22.094999313354492,985.0
2024-10-25 13:34:00+00:00,VRSN,184.3800048828125,184.3800048828125,184.44000244140625,184.3800048828125,184.44000244140625,1977.0
2024-10-25 13:34:00+00:00,VSAT,10.260000228881836,10.260000228881836,10.289999961853027,10.260000228881836,10.289999961853027,3983.0
2024-10-25 13:34:00+00:00,VUZI,1.319700002670288,1.319700002670288,1.319700002670288,1.319700002670288,1.319700002670288,200.0
2024-10-25 13:34:00+00:00,WDC,70.55000305175781,70.55000305175781,70.63999938964844,70.54000091552734,70.63999938964844,9188.0
2024-10-25 13:34:00+00:00,WISA,1.9881999492645264,1.9881999492645264,1.9881999492645264,1.975000023841858,1.975000023841858,3577.0
2024-10-25 13:34:00+00:00,XPER,9.4399995803833,9.4399995803833,9.4399995803833,9.4399995803833,9.4399995803833,1300.0
2024-10-25 13:34:00+00:00,XRX,9.994999885559082,9.994999885559082,10.015000343322754,9.989999771118164,10.015000343322754,14606.0
2024-10-25 13:34:00+00:00,ZBRA,361.2950134277344,361.2950134277344,361.2950134277344,361.2950134277344,361.2950134277344,1389.0
2024-10-25 13:34:00+00:00,ZM,72.90499877929688,72.90499877929688,72.91000366210938,72.9000015258789,72.90499877929688,3421.0
2024-10-25 13:34:00+00:00,ZS,184.33999633789062,184.33999633789062,184.5500030517578,184.33999633789062,184.5500030517578,3001.0
2024-10-25 13:35:00+00:00,AAOI,17.639999389648438,17.639999389648438,17.639999389648438,17.6299991607666,17.6299991607666,805.0
2024-10-25 13:35:00+00:00,AAPL,231.63400268554688,231.63400268554688,231.67050170898438,231.52000427246094,231.6649932861328,47152.0
2024-10-25 13:35:00+00:00,ACIW,48.56999969482422,48.56999969482422,48.599998474121094,48.56999969482422,48.599998474121094,1146.0
2024-10-25 13:35:00+00:00,ACMR,19.700000762939453,19.700000762939453,19.700000762939453,19.700000762939453,19.700000762939453,732.0
2024-10-25 13:35:00+00:00,ADBE,483.8500061035156,483.8500061035156,483.95001220703125,483.7099914550781,483.7099914550781,3285.0
2024-10-25 13:35:00+00:00,ADI,232.44000244140625,232.44000244140625,232.44000244140625,232.44000244140625,232.44000244140625,537.0
2024-10-25 13:35:00+00:00,ADSK,285.75,285.75,285.7850036621094,285.75,285.7850036621094,1324.0
2024-10-25 13:35:00+00:00,ADTN,6.34499979019165,6.34499979019165,6.360000133514404,6.34499979019165,6.360000133514404,2671.0
2024-10-25 13:35:00+00:00,AEHR,17.013599395751953,17.013599395751953,17.013599395751953,17.013599395751953,17.013599395751953,1136.0
2024-10-25 13:35:00+00:00,AFRM,41.369998931884766,41.369998931884766,41.380001068115234,41.34000015258789,41.349998474121094,9328.0
2024-10-25 13:35:00+00:00,AGYS,110.83000183105469,110.83000183105469,110.83000183105469,110.83000183105469,110.83000183105469,412.0
2024-10-25 13:35:00+00:00,AKAM,102.37999725341797,102.37999725341797,102.37999725341797,102.36000061035156,102.36000061035156,343.0
2024-10-25 13:35:00+00:00,AKTS,0.05900000035762787,0.05900000035762787,0.05909999832510948,0.05900000035762787,0.05900000035762787,28160.0
2024-10-25 13:35:00+00:00,ALGM,22.924999237060547,22.924999237060547,22.93000030517578,22.90999984741211,22.90999984741211,5004.0
2024-10-25 13:35:00+00:00,ALKT,38.0099983215332,38.0099983215332,38.0099983215332,38.0099983215332,38.0099983215332,1025.0
2024-10-25 13:35:00+00:00,ALRM,54.529998779296875,54.529998779296875,54.564998626708984,54.529998779296875,54.564998626708984,1113.0
2024-10-25 13:35:00+00:00,ALTR,103.7750015258789,103.7750015258789,103.80000305175781,103.7750015258789,103.80000305175781,880.0
2024-10-25 13:35:00+00:00,AMAT,187.94000244140625,187.94000244140625,188.0399932861328,187.7761993408203,187.85000610351562,6024.0
2024-10-25 13:35:00+00:00,AMBA,58.20000076293945,58.20000076293945,58.20000076293945,58.18000030517578,58.18000030517578,320.0
2024-10-25 13:35:00+00:00,AMD,156.73080444335938,156.73080444335938,156.77000427246094,156.60000610351562,156.72579956054688,60322.0
2024-10-25 13:35:00+00:00,AMKR,29.975000381469727,29.975000381469727,29.975000381469727,29.920000076293945,29.934999465942383,3250.0
2024-10-25 13:35:00+00:00,AMPL,9.119999885559082,9.119999885559082,9.119999885559082,9.119999885559082,9.119999885559082,137.0
2024-10-25 13:35:00+00:00,AMST,2.8701000213623047,2.8701000213623047,2.877000093460083,2.8701000213623047,2.877000093460083,4504.0
2024-10-25 13:35:00+00:00,ANSS,323.70001220703125,323.70001220703125,323.70001220703125,323.70001220703125,323.70001220703125,362.0
2024-10-25 13:35:00+00:00,ANY,1.0549999475479126,1.0549999475479126,1.0549999475479126,1.0549999475479126,1.0549999475479126,710.0
2024-10-25 13:35:00+00:00,API,2.8949999809265137,2.8949999809265137,2.8949999809265137,2.890000104904175,2.8919999599456787,1600.0
2024-10-25 13:35:00+00:00,APP,160.5,160.5,160.5,160.5,160.5,3226.0
2024-10-25 13:35:00+00:00,APPN,31.885000228881836,31.885000228881836,31.885000228881836,31.8799991607666,31.8799991607666,1037.0
2024-10-25 13:35:00+00:00,ARRY,6.323999881744385,6.323999881744385,6.329899787902832,6.309999942779541,6.315000057220459,50653.0
2024-10-25 13:35:00+00:00,ASML,715.5999755859375,715.5999755859375,715.5999755859375,715.5999755859375,715.5999755859375,950.0
2024-10-25 13:35:00+00:00,ASNS,1.309999942779541,1.309999942779541,1.309999942779541,1.309000015258789,1.309000015258789,3984.0
2024-10-25 13:35:00+00:00,ATOM,3.359999895095825,3.359999895095825,3.359999895095825,3.359999895095825,3.359999895095825,200.0
2024-10-25 13:35:00+00:00,AUR,6.428999900817871,6.428999900817871,6.428999900817871,6.420000076293945,6.420000076293945,3449.0
2024-10-25 13:35:00+00:00,AVDX,8.119999885559082,8.119999885559082,8.119999885559082,8.119999885559082,8.119999885559082,623.0
2024-10-25 13:35:00+00:00,AVGO,174.61000061035156,174.61000061035156,174.61000061035156,174.3800048828125,174.47999572753906,28330.0
2024-10-25 13:35:00+00:00,AVNW,20.924999237060547,20.924999237060547,20.924999237060547,20.90999984741211,20.90999984741211,1016.0
2024-10-25 13:35:00+00:00,AVPT,11.970000267028809,11.970000267028809,11.970000267028809,11.970000267028809,11.970000267028809,736.0
2024-10-25 13:35:00+00:00,AVT,54.02000045776367,54.02000045776367,54.02000045776367,54.0,54.0099983215332,1281.0
2024-10-25 13:35:00+00:00,AXTI,2.690000057220459,2.690000057220459,2.690000057220459,2.690000057220459,2.690000057220459,0.0
2024-10-25 13:35:00+00:00,AZPN,236.0,236.0,236.0,236.0,236.0,618.0
2024-10-25 13:35:00+00:00,BAND,17.59000015258789,17.59000015258789,17.59000015258789,17.59000015258789,17.59000015258789,164.0
2024-10-25 13:35:00+00:00,BIGC,5.300000190734863,5.300000190734863,5.304999828338623,5.295000076293945,5.300000190734863,15245.0
2024-10-25 13:35:00+00:00,BL,56.15999984741211,56.15999984741211,56.18000030517578,56.150001525878906,56.18000030517578,1595.0
2024-10-25 13:35:00+00:00,BLIN,1.0800000429153442,1.0800000429153442,1.0800000429153442,1.0800000429153442,1.0800000429153442,1603.0
2024-10-25 13:35:00+00:00,BLKB,85.62000274658203,85.62000274658203,85.62000274658203,85.62000274658203,85.62000274658203,410.0
2024-10-25 13:35:00+00:00,BLZE,7.210000038146973,7.210000038146973,7.210000038146973,7.210000038146973,7.210000038146973,452.0
2024-10-25 13:35:00+00:00,BMBL,7.119999885559082,7.119999885559082,7.119999885559082,7.114999771118164,7.114999771118164,5025.0
2024-10-25 13:35:00+00:00,BSY,49.055198669433594,49.055198669433594,49.055198669433594,49.04499816894531,49.04499816894531,478.0
2024-10-25 13:35:00+00:00,CAMT,77.97000122070312,77.97000122070312,77.97000122070312,77.97000122070312,77.97000122070312,653.0
2024-10-25 13:35:00+00:00,CAN,0.98089998960495,0.98089998960495,0.9890999794006348,0.9804999828338623,0.9804999828338623,19236.0
2024-10-25 13:35:00+00:00,CDNS,258.3900146484375,258.3900146484375,258.3900146484375,258.2300109863281,258.2300109863281,2867.0
2024-10-25 13:35:00+00:00,CDW,219.1300048828125,219.1300048828125,219.33999633789062,219.1300048828125,219.33999633789062,3271.0
2024-10-25 13:35:00+00:00,CETX,0.30169999599456787,0.30169999599456787,0.30169999599456787,0.30169999599456787,0.30169999599456787,226.0
2024-10-25 13:35:00+00:00,CFLT,22.5,22.5,22.5049991607666,22.489999771118164,22.5049991607666,4843.0
2024-10-25 13:35:00+00:00,CHKP,206.33999633789062,206.33999633789062,206.33999633789062,206.33999633789062,206.33999633789062,972.0
2024-10-25 13:35:00+00:00,CLBT,18.145000457763672,18.145000457763672,18.145000457763672,18.139999389648438,18.139999389648438,667.0
2024-10-25 13:35:00+00:00,CLSK,11.850000381469727,11.850000381469727,11.855999946594238,11.829999923706055,11.84000015258789,36523.0
2024-10-25 13:35:00+00:00,CNXC,44.529998779296875,44.529998779296875,44.542999267578125,44.525001525878906,44.540000915527344,1498.0
2024-10-25 13:35:00+00:00,COHR,95.3499984741211,95.3499984741211,95.3499984741211,95.30999755859375,95.31999969482422,1537.0
2024-10-25 13:35:00+00:00,COHU,26.204999923706055,26.204999923706055,26.204999923706055,26.200000762939453,26.200000762939453,1122.0
2024-10-25 13:35:00+00:00,COIN,210.2100067138672,210.2100067138672,210.39990234375,209.90220642089844,210.0,15876.0
2024-10-25 13:35:00+00:00,COMM,6.295000076293945,6.295000076293945,6.296000003814697,6.284999847412109,6.295000076293945,10474.0
2024-10-25 13:35:00+00:00,CORZ,13.505000114440918,13.505000114440918,13.505000114440918,13.470000267028809,13.470000267028809,136394.0
2024-10-25 13:35:00+00:00,CORZW,7.965000152587891,7.965000152587891,7.965000152587891,7.940000057220459,7.940000057220459,1622.0
2024-10-25 13:35:00+00:00,CRCT,6.610000133514404,6.610000133514404,6.610000133514404,6.610000133514404,6.610000133514404,1681.0
2024-10-25 13:35:00+00:00,CRDO,39.08789825439453,39.08789825439453,39.095001220703125,39.04999923706055,39.04999923706055,5962.0
2024-10-25 13:35:00+00:00,CRNC,2.9049999713897705,2.9049999713897705,2.9049999713897705,2.9000000953674316,2.9000000953674316,10798.0
2024-10-25 13:35:00+00:00,CRWD,299.32000732421875,299.32000732421875,299.81988525390625,299.0,299.0199890136719,24072.0
2024-10-25 13:35:00+00:00,CSCO,55.83000183105469,55.83000183105469,55.845001220703125,55.82500076293945,55.84000015258789,94965.0
2024-10-25 13:35:00+00:00,CSIQ,13.489999771118164,13.489999771118164,13.510000228881836,13.489999771118164,13.510000228881836,22293.0
2024-10-25 13:35:00+00:00,CTLP,8.899999618530273,8.899999618530273,8.899999618530273,8.899999618530273,8.899999618530273,713.0
2024-10-25 13:35:00+00:00,CTSH,74.7300033569336,74.7300033569336,74.75,74.7300033569336,74.73999786376953,2437.0
2024-10-25 13:35:00+00:00,DAKT,13.020000457763672,13.020000457763672,13.020000457763672,13.020000457763672,13.020000457763672,513.0
2024-10-25 13:35:00+00:00,DAVE,39.189998626708984,39.189998626708984,39.255001068115234,39.189998626708984,39.255001068115234,1002.0
2024-10-25 13:35:00+00:00,DBX,25.905000686645508,25.905000686645508,25.920000076293945,25.905000686645508,25.920000076293945,3039.0
2024-10-25 13:35:00+00:00,DDOG,126.8949966430664,126.8949966430664,126.8949966430664,126.8499984741211,126.8499984741211,2533.0
2024-10-25 13:35:00+00:00,DGII,30.65999984741211,30.65999984741211,30.65999984741211,30.65999984741211,30.65999984741211,327.0
2024-10-25 13:35:00+00:00,DLO,8.835000038146973,8.835000038146973,8.835000038146973,8.829999923706055,8.835000038146973,1866.0
2024-10-25 13:35:00+00:00,DOCU,69.47000122070312,69.47000122070312,69.47000122070312,69.43000030517578,69.45999908447266,11519.0
2024-10-25 13:35:00+00:00,DOMO,8.045000076293945,8.045000076293945,8.045000076293945,8.045000076293945,8.045000076293945,4049.0
2024-10-25 13:35:00+00:00,DSGX,103.87000274658203,103.87000274658203,103.87000274658203,103.87000274658203,103.87000274658203,512.0
2024-10-25 13:35:00+00:00,DSP,11.430000305175781,11.430000305175781,11.430000305175781,11.430000305175781,11.430000305175781,297.0
2024-10-25 13:35:00+00:00,DUOL,288.5,288.5,288.5,288.5,288.5,1052.0
2024-10-25 13:35:00+00:00,EMKR,2.100100040435791,2.100100040435791,2.100100040435791,2.100100040435791,2.100100040435791,4100.0
2024-10-25 13:35:00+00:00,ENPH,82.98999786376953,82.98999786376953,83.0,82.98999786376953,83.0,580.0
2024-10-25 13:35:00+00:00,ENTG,105.56999969482422,105.56999969482422,105.5999984741211,105.55000305175781,105.55000305175781,4947.0
2024-10-25 13:35:00+00:00,ERIC,8.45009994506836,8.45009994506836,8.456000328063965,8.45009994506836,8.45009994506836,8327.0
2024-10-25 13:35:00+00:00,EXFY,1.725000023841858,1.725000023841858,1.725000023841858,1.725000023841858,1.725000023841858,1362.0
2024-10-25 13:35:00+00:00,EXLS,38.69499969482422,38.69499969482422,38.73500061035156,38.689998626708984,38.73500061035156,8324.0
2024-10-25 13:35:00+00:00,EXTR,14.40999984741211,14.40999984741211,14.40999984741211,14.40999984741211,14.40999984741211,286.0
2024-10-25 13:35:00+00:00,FARO,18.125,18.125,18.125,18.125,18.125,965.0
2024-10-25 13:35:00+00:00,FFIV,216.2100067138672,216.2100067138672,216.2100067138672,216.13499450683594,216.2100067138672,873.0
2024-10-25 13:35:00+00:00,FIVN,29.93000030517578,29.93000030517578,29.93000030517578,29.920000076293945,29.920000076293945,2221.0
2024-10-25 13:35:00+00:00,FLEX,35.185001373291016,35.185001373291016,35.189998626708984,35.16999816894531,35.189998626708984,5627.0
2024-10-25 13:35:00+00:00,FRGT,1.875,1.875,1.8798999786376953,1.875,1.8798999786376953,6200.0
2024-10-25 13:35:00+00:00,FROG,29.209999084472656,29.209999084472656,29.219999313354492,29.209999084472656,29.219999313354492,1270.0
2024-10-25 13:35:00+00:00,FRSH,11.645000457763672,11.645000457763672,11.645000457763672,11.640000343322754,11.640000343322754,440.0
2024-10-25 13:35:00+00:00,FSLR,197.75,197.75,197.7550048828125,197.610107421875,197.7550048828125,3169.0
2024-10-25 13:35:00+00:00,FTCI,0.6625000238418579,0.6625000238418579,0.6625000238418579,0.6625000238418579,0.6625000238418579,5968.0
2024-10-25 13:35:00+00:00,FTNT,80.7300033569336,80.7300033569336,80.7300033569336,80.70870208740234,80.7300033569336,2768.0
2024-10-25 13:35:00+00:00,GCT,24.6200008392334,24.6200008392334,24.6299991607666,24.600000381469727,24.6299991607666,6146.0
2024-10-25 13:35:00+00:00,GDYN,15.524999618530273,15.524999618530273,15.524999618530273,15.524999618530273,15.524999618530273,131.0
2024-10-25 13:35:00+00:00,GFS,40.88999938964844,40.88999938964844,40.88999938964844,40.880001068115234,40.880001068115234,892.0
2024-10-25 13:35:00+00:00,GPRO,1.3350000381469727,1.3350000381469727,1.340000033378601,1.3300000429153442,1.3300000429153442,14006.0
2024-10-25 13:35:00+00:00,GRAB,4.099999904632568,4.099999904632568,4.099999904632568,4.09499979019165,4.099999904632568,8174.0
2024-10-25 13:35:00+00:00,GRRRW,0.06300000101327896,0.06300000101327896,0.06300000101327896,0.06300000101327896,0.06300000101327896,700.0
2024-10-25 13:35:00+00:00,GTLB,55.29999923706055,55.29999923706055,55.29999923706055,55.29999923706055,55.29999923706055,989.0
2024-10-25 13:35:00+00:00,HCKT,24.760000228881836,24.760000228881836,24.760000228881836,24.760000228881836,24.760000228881836,259.0
2024-10-25 13:35:00+00:00,HCP,33.66999816894531,33.66999816894531,33.66999816894531,33.662498474121094,33.662498474121094,407.0
2024-10-25 13:35:00+00:00,HIMX,6.175000190734863,6.175000190734863,6.175000190734863,6.175000190734863,6.175000190734863,635.0
2024-10-25 13:35:00+00:00,HLIT,14.800000190734863,14.800000190734863,14.800000190734863,14.800000190734863,14.800000190734863,436.0
2024-10-25 13:35:00+00:00,HOLO,3.600100040435791,3.600100040435791,3.600100040435791,3.600100040435791,3.600100040435791,200.0
2024-10-25 13:35:00+00:00,HOOD,27.225000381469727,27.225000381469727,27.229999542236328,27.209999084472656,27.219999313354492,10369.0
2024-10-25 13:35:00+00:00,ICHR,27.68000030517578,27.68000030517578,27.68000030517578,27.68000030517578,27.68000030517578,782.0
2024-10-25 13:35:00+00:00,IDAI,0.2289000004529953,0.2289000004529953,0.2289000004529953,0.2289000004529953,0.2289000004529953,31600.0
2024-10-25 13:35:00+00:00,IFBD,1.975000023841858,1.975000023841858,1.975000023841858,1.9500000476837158,1.9600000381469727,3140.0
2024-10-25 13:35:00+00:00,IIIV,22.860000610351562,22.860000610351562,22.860000610351562,22.860000610351562,22.860000610351562,237.0
2024-10-25 13:35:00+00:00,INDI,3.5450000762939453,3.5450000762939453,3.555000066757202,3.5439999103546143,3.555000066757202,10364.0
2024-10-25 13:35:00+00:00,INSG,20.084999084472656,20.084999084472656,20.084999084472656,20.084999084472656,20.084999084472656,157.0
2024-10-25 13:35:00+00:00,INTA,50.04999923706055,50.04999923706055,50.04999923706055,50.04999923706055,50.04999923706055,377.0
2024-10-25 13:35:00+00:00,INTC,22.926000595092773,22.926000595092773,22.934999465942383,22.915000915527344,22.930099487304688,93578.0
2024-10-25 13:35:00+00:00,ITRI,102.4800033569336,102.4800033569336,102.4800033569336,102.4800033569336,102.4800033569336,571.0
2024-10-25 13:35:00+00:00,JKHY,182.52000427246094,182.52000427246094,182.52000427246094,182.52000427246094,182.52000427246094,470.0
2024-10-25 13:35:00+00:00,KC,2.7125000953674316,2.7125000953674316,2.7149999141693115,2.7125000953674316,2.7149999141693115,1677.0
2024-10-25 13:35:00+00:00,KLAC,677.39892578125,677.39892578125,677.39892578125,677.0,677.27001953125,1143.0
2024-10-25 13:35:00+00:00,KLIC,44.505001068115234,44.505001068115234,44.51499938964844,44.5,44.51499938964844,548.0
2024-10-25 13:35:00+00:00,LINK,5.03000020980835,5.03000020980835,5.03000020980835,4.922800064086914,4.922800064086914,2475.0
2024-10-25 13:35:00+00:00,LITE,63.8650016784668,63.8650016784668,63.8650016784668,63.81999969482422,63.86000061035156,884.0
2024-10-25 13:35:00+00:00,LPSN,1.159999966621399,1.159999966621399,1.1678999662399292,1.159999966621399,1.1678999662399292,5274.0
2024-10-25 13:35:00+00:00,LRCX,78.80000305175781,78.80000305175781,78.83499908447266,78.76000213623047,78.78500366210938,20199.0
2024-10-25 13:35:00+00:00,LSCC,54.33000183105469,54.33000183105469,54.33000183105469,54.209999084472656,54.2400016784668,6865.0
2024-10-25 13:35:00+00:00,LUNA,1.7799999713897705,1.7799999713897705,1.7799999713897705,1.7799999713897705,1.7799999713897705,126.0
2024-10-25 13:35:00+00:00,LYFT,13.704999923706055,13.704999923706055,13.710000038146973,13.704999923706055,13.710000038146973,4839.0
2024-10-25 13:35:00+00:00,LYTS,16.200000762939453,16.200000762939453,16.200000762939453,16.200000762939453,16.200000762939453,250.0
2024-10-25 13:35:00+00:00,MANH,275.25,275.25,275.2900085449219,275.0899963378906,275.2900085449219,985.0
2024-10-25 13:35:00+00:00,MAPS,0.8432000279426575,0.8432000279426575,0.8432000279426575,0.8432000279426575,0.8432000279426575,0.0
2024-10-25 13:35:00+00:00,MCHP,76.93000030517578,76.93000030517578,76.93000030517578,76.88999938964844,76.90499877929688,5752.0
2024-10-25 13:35:00+00:00,MIND,3.539900064468384,3.539900064468384,3.5399999618530273,3.539900064468384,3.5399999618530273,5601.0
2024-10-25 13:35:00+00:00,MKSI,101.18000030517578,101.18000030517578,101.19499969482422,101.18000030517578,101.19499969482422,2776.0
2024-10-25 13:35:00+00:00,MNDY,299.5,299.5,299.5,299.5,299.5,3010.0
2024-10-25 13:35:00+00:00,MQ,5.275000095367432,5.275000095367432,5.28000020980835,5.275000095367432,5.28000020980835,9903.0
2024-10-25 13:35:00+00:00,MRVL,82.47989654541016,82.47989654541016,82.47989654541016,82.3499984741211,82.37999725341797,13503.0
2024-10-25 13:35:00+00:00,MSFT,427.9798889160156,427.9798889160156,428.0849914550781,427.8800048828125,428.0299987792969,22388.0
2024-10-25 13:35:00+00:00,MSTR,236.9199981689453,236.9199981689453,237.51499938964844,236.44000244140625,236.82000732421875,36279.0
2024-10-25 13:35:00+00:00,MTLS,5.949999809265137,5.949999809265137,5.949999809265137,5.949999809265137,5.949999809265137,206.0
2024-10-25 13:35:00+00:00,MTSI,120.08000183105469,120.08000183105469,120.08000183105469,119.9749984741211,119.9749984741211,3316.0
2024-10-25 13:35:00+00:00,MTTR,4.630000114440918,4.630000114440918,4.635000228881836,4.630000114440918,4.630000114440918,1199.0
2024-10-25 13:35:00+00:00,MU,108.27999877929688,108.27999877929688,108.2876968383789,108.18000030517578,108.20999908447266,20957.0
2024-10-25 13:35:00+00:00,MVIS,1.0843000411987305,1.0843000411987305,1.090000033378601,1.0810999870300293,1.090000033378601,1739.0
2024-10-25 13:35:00+00:00,MXL,14.8100004196167,14.8100004196167,14.819999694824219,14.8100004196167,14.819999694824219,2797.0
2024-10-25 13:35:00+00:00,NCNO,37.68000030517578,37.68000030517578,37.68000030517578,37.68000030517578,37.68000030517578,674.0
2024-10-25 13:35:00+00:00,NEON,8.079999923706055,8.079999923706055,8.079999923706055,8.079999923706055,8.079999923706055,382.0
2024-10-25 13:35:00+00:00,NNDM,2.325000047683716,2.325000047683716,2.325000047683716,2.325000047683716,2.325000047683716,668.0
2024-10-25 13:35:00+00:00,NTAP,119.90499877929688,119.90499877929688,119.90499877929688,119.9000015258789,119.9000015258789,1072.0
2024-10-25 13:35:00+00:00,NTNX,62.0099983215332,62.0099983215332,62.0099983215332,62.0099983215332,62.0099983215332,416.0
2024-10-25 13:35:00+00:00,NVDA,142.37989807128906,142.37989807128906,142.41990661621094,142.24009704589844,142.32009887695312,384813.0
2024-10-25 13:35:00+00:00,NVMI,184.80999755859375,184.80999755859375,184.80999755859375,184.80999755859375,184.80999755859375,205.0
2024-10-25 13:35:00+00:00,NXPI,244.63999938964844,244.63999938964844,244.64999389648438,244.42999267578125,244.42999267578125,7479.0
2024-10-25 13:35:00+00:00,OKTA,72.1500015258789,72.1500015258789,72.1500015258789,72.11000061035156,72.12999725341797,2441.0
2024-10-25 13:35:00+00:00,OLED,203.67999267578125,203.67999267578125,203.69000244140625,203.67999267578125,203.69000244140625,1007.0
2024-10-25 13:35:00+00:00,ON,71.80000305175781,71.80000305175781,71.81999969482422,71.73999786376953,71.74500274658203,49395.0
2024-10-25 13:35:00+00:00,OSIS,135.85499572753906,135.85499572753906,135.85499572753906,135.85499572753906,135.85499572753906,1690.0
2024-10-25 13:35:00+00:00,OSPN,14.600000381469727,14.600000381469727,14.600000381469727,14.600000381469727,14.600000381469727,436.0
2024-10-25 13:35:00+00:00,OSS,2.4200000762939453,2.4200000762939453,2.4200000762939453,2.4200000762939453,2.4200000762939453,399.0
2024-10-25 13:35:00+00:00,PANW,366.9849853515625,366.9849853515625,367.0,366.80999755859375,367.0,2000.0
2024-10-25 13:35:00+00:00,PAYO,8.295000076293945,8.295000076293945,8.295000076293945,8.289999961853027,8.289999961853027,1319.0
2024-10-25 13:35:00+00:00,PDFS,29.197500228881836,29.197500228881836,29.219999313354492,29.18000030517578,29.219999313354492,813.0
2024-10-25 13:35:00+00:00,PEGA,79.44000244140625,79.44000244140625,79.51000213623047,79.44000244140625,79.51000213623047,1261.0
2024-10-25 13:35:00+00:00,PEGY,4.684999942779541,4.684999942779541,4.710000038146973,4.679999828338623,4.679999828338623,5805.0
2024-10-25 13:35:00+00:00,PGY,11.789999961853027,11.789999961853027,11.795000076293945,11.760000228881836,11.795000076293945,9593.0
2024-10-25 13:35:00+00:00,PHUN,10.169099807739258,10.169099807739258,10.170000076293945,10.149999618530273,10.154999732971191,11628.0
2024-10-25 13:35:00+00:00,PI,202.22000122070312,202.22000122070312,202.3000030517578,202.22000122070312,202.3000030517578,1272.0
2024-10-25 13:35:00+00:00,PLAB,23.700000762939453,23.700000762939453,23.700000762939453,23.700000762939453,23.700000762939453,4494.0
2024-10-25 13:35:00+00:00,PLUS,97.66999816894531,97.66999816894531,97.66999816894531,97.66999816894531,97.66999816894531,180.0
2024-10-25 13:35:00+00:00,POWI,63.599998474121094,63.599998474121094,63.599998474121094,63.599998474121094,63.599998474121094,1406.0
2024-10-25 13:35:00+00:00,PRCH,1.309999942779541,1.309999942779541,1.3200000524520874,1.309999942779541,1.3200000524520874,14756.0
2024-10-25 13:35:00+00:00,PRGS,64.47000122070312,64.47000122070312,64.47000122070312,64.47000122070312,64.47000122070312,580.0
2024-10-25 13:35:00+00:00,PTC,186.34500122070312,186.34500122070312,186.52999877929688,186.25999450683594,186.25999450683594,11131.0
2024-10-25 13:35:00+00:00,PUBM,14.75,14.75,14.75,14.75,14.75,834.0
2024-10-25 13:35:00+00:00,PYCR,14.319999694824219,14.319999694824219,14.319999694824219,14.3149995803833,14.3149995803833,697.0
2024-10-25 13:35:00+00:00,QCOM,171.5399932861328,171.5399932861328,171.64990234375,171.44009399414062,171.50999450683594,11739.0
2024-10-25 13:35:00+00:00,QLYS,119.98999786376953,119.98999786376953,120.02999877929688,119.98999786376953,120.02999877929688,599.0
2024-10-25 13:35:00+00:00,QRVO,100.15750122070312,100.15750122070312,100.16999816894531,100.14749908447266,100.16999816894531,1512.0
2024-10-25 13:35:00+00:00,QUBT,1.0950000286102295,1.0950000286102295,1.0950000286102295,1.0950000286102295,1.0950000286102295,1846.0
2024-10-25 13:35:00+00:00,REKR,1.0950000286102295,1.0950000286102295,1.0950000286102295,1.0950000286102295,1.0950000286102295,301.0
2024-10-25 13:35:00+00:00,RELY,14.84000015258789,14.84000015258789,14.849300384521484,14.84000015258789,14.84000015258789,1862.0
2024-10-25 13:35:00+00:00,RGTI,1.2148000001907349,1.2148000001907349,1.219599962234497,1.2148000001907349,1.219599962234497,2352.0
2024-10-25 13:35:00+00:00,RIOT,9.942899703979492,9.942899703979492,9.946000099182129,9.933199882507324,9.944999694824219,29385.0
2024-10-25 13:35:00+00:00,RMBS,43.31999969482422,43.31999969482422,43.31999969482422,43.290000915527344,43.310001373291016,1415.0
2024-10-25 13:35:00+00:00,RMNI,1.725000023841858,1.725000023841858,1.725000023841858,1.725000023841858,1.725000023841858,133.0
2024-10-25 13:35:00+00:00,RPD,38.58000183105469,38.58000183105469,38.58000183105469,38.58000183105469,38.58000183105469,502.0
2024-10-25 13:35:00+00:00,RUM,5.744999885559082,5.744999885559082,5.744999885559082,5.744999885559082,5.744999885559082,3411.0
2024-10-25 13:35:00+00:00,RUN,14.270000457763672,14.270000457763672,14.28499984741211,14.270000457763672,14.28499984741211,7276.0
2024-10-25 13:35:00+00:00,SANM,67.53500366210938,67.53500366210938,67.53500366210938,67.53500366210938,67.53500366210938,694.0
2024-10-25 13:35:00+00:00,SATS,25.040000915527344,25.040000915527344,25.05500030517578,25.040000915527344,25.05500030517578,1116.0
2024-10-25 13:35:00+00:00,SCSC,44.68000030517578,44.68000030517578,44.68000030517578,44.68000030517578,44.68000030517578,223.0
2024-10-25 13:35:00+00:00,SCWX,8.375,8.375,8.380000114440918,8.375,8.380000114440918,1374.0
2024-10-25 13:35:00+00:00,SEDG,15.84000015258789,15.84000015258789,15.850000381469727,15.75,15.8100004196167,22438.0
2024-10-25 13:35:00+00:00,SHLS,5.230000019073486,5.230000019073486,5.230000019073486,5.230000019073486,5.230000019073486,403.0
2024-10-25 13:35:00+00:00,SKYT,10.619000434875488,10.619000434875488,10.619000434875488,10.609999656677246,10.609999656677246,426.0
2024-10-25 13:35:00+00:00,SMCI,47.018001556396484,47.018001556396484,47.040000915527344,46.939998626708984,46.970001220703125,40105.0
2024-10-25 13:35:00+00:00,SMTC,45.7400016784668,45.7400016784668,45.75,45.720001220703125,45.75,1759.0
2024-10-25 13:35:00+00:00,SNPS,503.3699951171875,503.3699951171875,503.3699951171875,503.3699951171875,503.3699951171875,345.0
2024-10-25 13:35:00+00:00,SONO,12.725000381469727,12.725000381469727,12.726300239562988,12.720000267028809,12.720000267028809,2263.0
2024-10-25 13:35:00+00:00,SOPA,0.949999988079071,0.949999988079071,0.949999988079071,0.949999988079071,0.949999988079071,730.0
2024-10-25 13:35:00+00:00,SOUN,5.195000171661377,5.195000171661377,5.197400093078613,5.184999942779541,5.195000171661377,140325.0
2024-10-25 13:35:00+00:00,SPSC,174.09500122070312,174.09500122070312,174.94500732421875,174.09500122070312,174.94500732421875,2416.0
2024-10-25 13:35:00+00:00,SRAD,12.329999923706055,12.329999923706055,12.359999656677246,12.329999923706055,12.350000381469727,7779.0
2024-10-25 13:35:00+00:00,SSNC,69.67500305175781,69.67500305175781,69.68000030517578,69.66999816894531,69.68000030517578,2640.0
2024-10-25 13:35:00+00:00,SSTI,11.335000038146973,11.335000038146973,11.335000038146973,11.335000038146973,11.335000038146973,102.0
2024-10-25 13:35:00+00:00,STNE,11.505000114440918,11.505000114440918,11.510000228881836,11.5,11.510000228881836,13194.0
2024-10-25 13:35:00+00:00,STX,103.66500091552734,103.66500091552734,103.71499633789062,103.66000366210938,103.71499633789062,9684.0
2024-10-25 13:35:00+00:00,SWKS,96.30500030517578,96.30500030517578,96.30500030517578,96.27999877929688,96.27999877929688,1866.0
2024-10-25 13:35:00+00:00,SYTA,1.3079999685287476,1.3079999685287476,1.3079999685287476,1.2999999523162842,1.2999999523162842,1301.0
2024-10-25 13:35:00+00:00,TASK,11.970000267028809,11.970000267028809,11.970000267028809,11.970000267028809,11.970000267028809,757.0
2024-10-25 13:35:00+00:00,TEAM,189.61500549316406,189.61500549316406,189.77999877929688,189.61500549316406,189.77999877929688,1279.0
2024-10-25 13:35:00+00:00,TENB,41.63999938964844,41.63999938964844,41.63999938964844,41.63999938964844,41.63999938964844,402.0
2024-10-25 13:35:00+00:00,TER,112.94999694824219,112.94999694824219,113.02999877929688,112.94999694824219,113.0,25938.0
2024-10-25 13:35:00+00:00,TRMB,61.06999969482422,61.06999969482422,61.06999969482422,61.06999969482422,61.06999969482422,489.0
2024-10-25 13:35:00+00:00,TSEM,45.02000045776367,45.02000045776367,45.02000045776367,45.02000045776367,45.02000045776367,126.0
2024-10-25 13:35:00+00:00,TTD,118.5,118.5,118.5,118.36000061035156,118.44000244140625,4445.0
2024-10-25 13:35:00+00:00,TTEC,5.355000019073486,5.355000019073486,5.360000133514404,5.355000019073486,5.360000133514404,3858.0
2024-10-25 13:35:00+00:00,TTMI,19.56999969482422,19.56999969482422,19.56999969482422,19.510000228881836,19.510000228881836,15608.0
2024-10-25 13:35:00+00:00,TWKS,4.449999809265137,4.449999809265137,4.449999809265137,4.449999809265137,4.449999809265137,0.0
2024-10-25 13:35:00+00:00,TXN,208.0709991455078,208.0709991455078,208.13999938964844,208.0709991455078,208.13999938964844,5037.0
2024-10-25 13:35:00+00:00,UCTT,35.75,35.75,35.75,35.75,35.75,168.0
2024-10-25 13:35:00+00:00,UPLD,2.13070011138916,2.13070011138916,2.13070011138916,2.13070011138916,2.13070011138916,1023.0
2024-10-25 13:35:00+00:00,UTSI,2.825000047683716,2.825000047683716,2.914099931716919,2.7300000190734863,2.914099931716919,5813.0
2024-10-25 13:35:00+00:00,VECO,29.3700008392334,29.3700008392334,29.3799991607666,29.360000610351562,29.3799991607666,3430.0
2024-10-25 13:35:00+00:00,VERI,3.390000104904175,3.390000104904175,3.390000104904175,3.390000104904175,3.390000104904175,267.0
2024-10-25 13:35:00+00:00,VICR,46.540000915527344,46.540000915527344,46.56999969482422,46.540000915527344,46.56999969482422,1169.0
2024-10-25 13:35:00+00:00,VMEO,4.769999980926514,4.769999980926514,4.769999980926514,4.769999980926514,4.769999980926514,101.0
2024-10-25 13:35:00+00:00,VRNS,56.66999816894531,56.66999816894531,56.709999084472656,56.66999816894531,56.709999084472656,1364.0
2024-10-25 13:35:00+00:00,VRNT,22.06999969482422,22.06999969482422,22.06999969482422,22.065000534057617,22.06999969482422,12131.0
2024-10-25 13:35:00+00:00,VSAT,10.260000228881836,10.260000228881836,10.26099967956543,10.260000228881836,10.26099967956543,452.0
2024-10-25 13:35:00+00:00,VUZI,1.319700002670288,1.319700002670288,1.319700002670288,1.319700002670288,1.319700002670288,496.0
2024-10-25 13:35:00+00:00,WDAY,238.69000244140625,238.69000244140625,238.85000610351562,238.69000244140625,238.85000610351562,1197.0
2024-10-25 13:35:00+00:00,WDC,70.6449966430664,70.6449966430664,70.66000366210938,70.51000213623047,70.55000305175781,13216.0
2024-10-25 13:35:00+00:00,WISA,1.9800000190734863,1.9800000190734863,1.9900000095367432,1.9800000190734863,1.9800000190734863,419.0
2024-10-25 13:35:00+00:00,XELA,1.965000033378601,1.965000033378601,1.965000033378601,1.965000033378601,1.965000033378601,307.0
2024-10-25 13:35:00+00:00,XPER,9.4350004196167,9.4350004196167,9.4399995803833,9.4350004196167,9.4399995803833,547.0
2024-10-25 13:35:00+00:00,XRX,9.989999771118164,9.989999771118164,9.994999885559082,9.989999771118164,9.994999885559082,773.0
2024-10-25 13:35:00+00:00,ZM,72.87999725341797,72.87999725341797,72.87999725341797,72.87999725341797,72.87999725341797,1067.0
2024-10-25 13:35:00+00:00,ZS,184.47999572753906,184.47999572753906,184.52999877929688,184.35499572753906,184.35499572753906,5325.0
2024-10-25 13:36:00+00:00,AAOI,17.67289924621582,17.67289924621582,17.700000762939453,17.634899139404297,17.634899139404297,1058.0
2024-10-25 13:36:00+00:00,AAPL,231.82150268554688,231.82150268554688,231.8300018310547,231.63999938964844,231.63999938964844,40514.0
2024-10-25 13:36:00+00:00,ACMR,19.719999313354492,19.719999313354492,19.719999313354492,19.719999313354492,19.719999313354492,645.0
2024-10-25 13:36:00+00:00,ADBE,484.20001220703125,484.20001220703125,484.32000732421875,483.989990234375,483.989990234375,1513.0
2024-10-25 13:36:00+00:00,ADI,232.69000244140625,232.69000244140625,232.69000244140625,232.66000366210938,232.66000366210938,1202.0
2024-10-25 13:36:00+00:00,ADSK,285.8550109863281,285.8550109863281,286.0,285.7749938964844,285.7749938964844,3105.0
2024-10-25 13:36:00+00:00,ADTN,6.349999904632568,6.349999904632568,6.349999904632568,6.349999904632568,6.349999904632568,1113.0
2024-10-25 13:36:00+00:00,AEHR,17.010099411010742,17.010099411010742,17.010099411010742,17.010099411010742,17.010099411010742,941.0
2024-10-25 13:36:00+00:00,AEYE,22.809999465942383,22.809999465942383,22.809999465942383,22.809999465942383,22.809999465942383,1504.0
2024-10-25 13:36:00+00:00,AFRM,41.404998779296875,41.404998779296875,41.43450164794922,41.380001068115234,41.38999938964844,8062.0
2024-10-25 13:36:00+00:00,AKAM,102.36000061035156,102.36000061035156,102.36000061035156,102.36000061035156,102.36000061035156,1747.0
2024-10-25 13:36:00+00:00,AKTS,0.05869999900460243,0.05869999900460243,0.059300001710653305,0.05869999900460243,0.059300001710653305,27053.0
2024-10-25 13:36:00+00:00,ALGM,23.0,23.0,23.0,22.934999465942383,22.934999465942383,4298.0
2024-10-25 13:36:00+00:00,ALKT,38.08000183105469,38.08000183105469,38.08000183105469,38.060001373291016,38.060001373291016,858.0
2024-10-25 13:36:00+00:00,ALTR,103.80000305175781,103.80000305175781,103.80000305175781,103.80000305175781,103.80000305175781,156.0
2024-10-25 13:36:00+00:00,AMAT,188.06500244140625,188.06500244140625,188.0800018310547,187.99000549316406,187.99000549316406,2865.0
2024-10-25 13:36:00+00:00,AMBA,58.2599983215332,58.2599983215332,58.2599983215332,58.209999084472656,58.209999084472656,1076.0
2024-10-25 13:36:00+00:00,AMD,156.88499450683594,156.88499450683594,156.9199981689453,156.7449951171875,156.75,57999.0
2024-10-25 13:36:00+00:00,AMKR,30.014999389648438,30.014999389648438,30.014999389648438,30.010000228881836,30.010000228881836,2411.0
2024-10-25 13:36:00+00:00,AMPL,9.125,9.125,9.125,9.125,9.125,327.0
2024-10-25 13:36:00+00:00,ANSS,323.8299865722656,323.8299865722656,323.8299865722656,323.8299865722656,323.8299865722656,1007.0
2024-10-25 13:36:00+00:00,API,2.8949999809265137,2.8949999809265137,2.8949999809265137,2.8949999809265137,2.8949999809265137,2026.0
2024-10-25 13:36:00+00:00,APP,160.60499572753906,160.60499572753906,160.60499572753906,160.5399932861328,160.5399932861328,1630.0
2024-10-25 13:36:00+00:00,APPF,213.34500122070312,213.34500122070312,213.34500122070312,213.34500122070312,213.34500122070312,1267.0
2024-10-25 13:36:00+00:00,ARRY,6.329999923706055,6.329999923706055,6.329999923706055,6.320000171661377,6.320099830627441,9824.0
2024-10-25 13:36:00+00:00,ASML,716.0599975585938,716.0599975585938,716.0599975585938,715.9299926757812,715.9299926757812,1637.0
2024-10-25 13:36:00+00:00,ASNS,1.3049999475479126,1.3049999475479126,1.309999942779541,1.3000999689102173,1.309999942779541,4554.0
2024-10-25 13:36:00+00:00,ASUR,9.595000267028809,9.595000267028809,9.595000267028809,9.595000267028809,9.595000267028809,559.0
2024-10-25 13:36:00+00:00,AUR,6.434999942779541,6.434999942779541,6.434999942779541,6.429999828338623,6.429999828338623,9181.0
2024-10-25 13:36:00+00:00,AVGO,174.7550048828125,174.7550048828125,174.7550048828125,174.60499572753906,174.60499572753906,14669.0
2024-10-25 13:36:00+00:00,AVT,54.029998779296875,54.029998779296875,54.04999923706055,54.029998779296875,54.040000915527344,883.0
2024-10-25 13:36:00+00:00,AXTI,2.694999933242798,2.694999933242798,2.694999933242798,2.694999933242798,2.694999933242798,296.0
2024-10-25 13:36:00+00:00,BIGC,5.304999828338623,5.304999828338623,5.304999828338623,5.304999828338623,5.304999828338623,337.0
2024-10-25 13:36:00+00:00,BMBL,7.135000228881836,7.135000228881836,7.135000228881836,7.119999885559082,7.125,7775.0
2024-10-25 13:36:00+00:00,BRZE,30.639999389648438,30.639999389648438,30.639999389648438,30.625,30.625,707.0
2024-10-25 13:36:00+00:00,BSY,49.09989929199219,49.09989929199219,49.099998474121094,49.04499816894531,49.04499816894531,2109.0
2024-10-25 13:36:00+00:00,CAMT,78.0999984741211,78.0999984741211,78.12999725341797,78.0999984741211,78.12999725341797,1385.0
2024-10-25 13:36:00+00:00,CAN,0.9814000129699707,0.9814000129699707,0.9814000129699707,0.98089998960495,0.98089998960495,0.0
2024-10-25 13:36:00+00:00,CDNS,258.4700012207031,258.4700012207031,258.55999755859375,258.3299865722656,258.3299865722656,2782.0
2024-10-25 13:36:00+00:00,CDW,219.15499877929688,219.15499877929688,219.15499877929688,219.0800018310547,219.0800018310547,337.0
2024-10-25 13:36:00+00:00,CETX,0.30140000581741333,0.30140000581741333,0.30149999260902405,0.30140000581741333,0.30149999260902405,11368.0
2024-10-25 13:36:00+00:00,CFLT,22.524999618530273,22.524999618530273,22.524999618530273,22.510000228881836,22.510000228881836,1659.0
2024-10-25 13:36:00+00:00,CGNT,6.610000133514404,6.610000133514404,6.610000133514404,6.610000133514404,6.610000133514404,217.0
2024-10-25 13:36:00+00:00,CGNX,38.93000030517578,38.93000030517578,38.93000030517578,38.904998779296875,38.904998779296875,955.0
2024-10-25 13:36:00+00:00,CLBT,18.15999984741211,18.15999984741211,18.15999984741211,18.15999984741211,18.15999984741211,578.0
2024-10-25 13:36:00+00:00,CLSK,11.890000343322754,11.890000343322754,11.904999732971191,11.850000381469727,11.854999542236328,36961.0
2024-10-25 13:36:00+00:00,CNXC,44.525001525878906,44.525001525878906,44.540000915527344,44.525001525878906,44.540000915527344,755.0
2024-10-25 13:36:00+00:00,COHR,95.44499969482422,95.44499969482422,95.44499969482422,95.43000030517578,95.44000244140625,1204.0
2024-10-25 13:36:00+00:00,COHU,26.219999313354492,26.219999313354492,26.219999313354492,26.219999313354492,26.219999313354492,840.0
2024-10-25 13:36:00+00:00,COIN,210.50999450683594,210.50999450683594,210.6999969482422,210.2100067138672,210.2100067138672,27978.0
2024-10-25 13:36:00+00:00,COMM,6.289999961853027,6.289999961853027,6.295000076293945,6.289999961853027,6.295000076293945,1859.0
2024-10-25 13:36:00+00:00,CORZ,13.545000076293945,13.545000076293945,13.545000076293945,13.500100135803223,13.505000114440918,18685.0
2024-10-25 13:36:00+00:00,CRDO,39.119998931884766,39.119998931884766,39.13999938964844,39.06999969482422,39.08000183105469,12391.0
2024-10-25 13:36:00+00:00,CRNC,2.8991000652313232,2.8991000652313232,2.9100000858306885,2.890000104904175,2.9049999713897705,21425.0
2024-10-25 13:36:00+00:00,CRNT,2.484999895095825,2.484999895095825,2.48799991607666,2.484999895095825,2.4853999614715576,3555.0
2024-10-25 13:36:00+00:00,CRSR,6.340000152587891,6.340000152587891,6.340000152587891,6.340000152587891,6.340000152587891,489.0
2024-10-25 13:36:00+00:00,CRUS,122.95999908447266,122.95999908447266,122.95999908447266,122.92500305175781,122.92500305175781,603.0
2024-10-25 13:36:00+00:00,CRWD,299.7300109863281,299.7300109863281,299.7875061035156,299.3096923828125,299.3699951171875,15594.0
2024-10-25 13:36:00+00:00,CSCO,55.86000061035156,55.86000061035156,55.869998931884766,55.83000183105469,55.83000183105469,52662.0
2024-10-25 13:36:00+00:00,CSGS,47.36000061035156,47.36000061035156,47.36000061035156,47.36000061035156,47.36000061035156,114.0
2024-10-25 13:36:00+00:00,CSIQ,13.449999809265137,13.449999809265137,13.489999771118164,13.449999809265137,13.489999771118164,6022.0
2024-10-25 13:36:00+00:00,CTSH,74.76000213623047,74.76000213623047,74.76000213623047,74.73999786376953,74.73999786376953,2840.0
2024-10-25 13:36:00+00:00,DAKT,13.020000457763672,13.020000457763672,13.020000457763672,13.020000457763672,13.020000457763672,852.0
2024-10-25 13:36:00+00:00,DATS,1.6621999740600586,1.6621999740600586,1.6799999475479126,1.659999966621399,1.6699999570846558,6920.0
2024-10-25 13:36:00+00:00,DBX,25.940000534057617,25.940000534057617,25.940000534057617,25.90999984741211,25.90999984741211,4812.0
2024-10-25 13:36:00+00:00,DDOG,127.04499816894531,127.04499816894531,127.04499816894531,126.94000244140625,127.0,2618.0
2024-10-25 13:36:00+00:00,DIOD,66.01000213623047,66.01000213623047,66.01000213623047,66.01000213623047,66.01000213623047,186.0
2024-10-25 13:36:00+00:00,DLO,8.820099830627441,8.820099830627441,8.820099830627441,8.820099830627441,8.820099830627441,430.0
2024-10-25 13:36:00+00:00,DOCU,69.5250015258789,69.5250015258789,69.5250015258789,69.4531021118164,69.4531021118164,4863.0
2024-10-25 13:36:00+00:00,DTSS,2.4800000190734863,2.4800000190734863,2.4800000190734863,2.4800000190734863,2.4800000190734863,200.0
2024-10-25 13:36:00+00:00,DUOL,288.8299865722656,288.8299865722656,288.8800048828125,288.82000732421875,288.82000732421875,1089.0
2024-10-25 13:36:00+00:00,EEFT,99.43000030517578,99.43000030517578,99.44999694824219,99.41999816894531,99.44000244140625,1271.0
2024-10-25 13:36:00+00:00,EMKR,2.1050000190734863,2.1050000190734863,2.1050000190734863,2.104099988937378,2.104099988937378,670.0
2024-10-25 13:36:00+00:00,ENPH,83.02999877929688,83.02999877929688,83.02999877929688,82.98999786376953,82.98999786376953,3140.0
2024-10-25 13:36:00+00:00,ENTG,105.67500305175781,105.67500305175781,105.67500305175781,105.62699890136719,105.62699890136719,1749.0
2024-10-25 13:36:00+00:00,ERIC,8.454999923706055,8.454999923706055,8.456000328063965,8.449999809265137,8.449999809265137,41768.0
2024-10-25 13:36:00+00:00,EXFY,1.725000023841858,1.725000023841858,1.725000023841858,1.725000023841858,1.725000023841858,384.0
2024-10-25 13:36:00+00:00,EXLS,38.689998626708984,38.689998626708984,38.709999084472656,38.689998626708984,38.70500183105469,1006.0
2024-10-25 13:36:00+00:00,EXTR,14.40999984741211,14.40999984741211,14.40999984741211,14.399999618530273,14.399999618530273,1640.0
2024-10-25 13:36:00+00:00,FFIV,216.13999938964844,216.13999938964844,216.13999938964844,216.13999938964844,216.13999938964844,120.0
2024-10-25 13:36:00+00:00,FIVN,29.934999465942383,29.934999465942383,29.934999465942383,29.934999465942383,29.934999465942383,265.0
2024-10-25 13:36:00+00:00,FLEX,35.20000076293945,35.20000076293945,35.20000076293945,35.189998626708984,35.189998626708984,3410.0
2024-10-25 13:36:00+00:00,FORM,45.0,45.0,45.0,44.97999954223633,44.97999954223633,1107.0
2024-10-25 13:36:00+00:00,FRGT,1.8799999952316284,1.8799999952316284,1.8799999952316284,1.875,1.8799999952316284,2968.0
2024-10-25 13:36:00+00:00,FROG,29.219999313354492,29.219999313354492,29.219999313354492,29.219999313354492,29.219999313354492,1250.0
2024-10-25 13:36:00+00:00,FRSH,11.645000457763672,11.645000457763672,11.645000457763672,11.645000457763672,11.645000457763672,441.0
2024-10-25 13:36:00+00:00,FSLR,197.86000061035156,197.86000061035156,197.95989990234375,197.86000061035156,197.875,2991.0
2024-10-25 13:36:00+00:00,FTCI,0.6625000238418579,0.6625000238418579,0.6625000238418579,0.6610000133514404,0.6610000133514404,0.0
2024-10-25 13:36:00+00:00,FTNT,80.77999877929688,80.77999877929688,80.79000091552734,80.75,80.75,5744.0
2024-10-25 13:36:00+00:00,GCT,24.67799949645996,24.67799949645996,24.67799949645996,24.67799949645996,24.67799949645996,326.0
2024-10-25 13:36:00+00:00,GDS,21.43000030517578,21.43000030517578,21.43000030517578,21.43000030517578,21.43000030517578,485.0
2024-10-25 13:36:00+00:00,GFS,40.90999984741211,40.90999984741211,40.90999984741211,40.88999938964844,40.88999938964844,964.0
2024-10-25 13:36:00+00:00,GPRO,1.3300000429153442,1.3300000429153442,1.3300000429153442,1.3300000429153442,1.3300000429153442,80.0
2024-10-25 13:36:00+00:00,GRAB,4.099999904632568,4.099999904632568,4.099999904632568,4.090000152587891,4.09250020980835,5942.0
2024-10-25 13:36:00+00:00,GRRR,4.505000114440918,4.505000114440918,4.509300231933594,4.505000114440918,4.509300231933594,915.0
2024-10-25 13:36:00+00:00,GSIT,3.4200000762939453,3.4200000762939453,3.4200000762939453,3.4200000762939453,3.4200000762939453,354.0
2024-10-25 13:36:00+00:00,GTLB,55.400001525878906,55.400001525878906,55.400001525878906,55.372501373291016,55.372501373291016,872.0
2024-10-25 13:36:00+00:00,HCKT,24.75,24.75,24.75,24.75,24.75,111.0
2024-10-25 13:36:00+00:00,HCP,33.665000915527344,33.665000915527344,33.66999816894531,33.665000915527344,33.66999816894531,343.0
2024-10-25 13:36:00+00:00,HIMX,6.175000190734863,6.175000190734863,6.175000190734863,6.175000190734863,6.175000190734863,1044.0
2024-10-25 13:36:00+00:00,HLIT,14.802599906921387,14.802599906921387,14.802599906921387,14.795000076293945,14.795000076293945,3954.0
2024-10-25 13:36:00+00:00,HOLO,3.609999895095825,3.609999895095825,3.609999895095825,3.6005001068115234,3.6019999980926514,884.0
2024-10-25 13:36:00+00:00,HOOD,27.224000930786133,27.224000930786133,27.2549991607666,27.224000930786133,27.229999542236328,29142.0
2024-10-25 13:36:00+00:00,IFBD,1.9896999597549438,1.9896999597549438,1.9896999597549438,1.9500000476837158,1.9520000219345093,2144.0
2024-10-25 13:36:00+00:00,IMMR,8.71500015258789,8.71500015258789,8.71500015258789,8.71500015258789,8.71500015258789,475.0
2024-10-25 13:36:00+00:00,INDI,3.559999942779541,3.559999942779541,3.559999942779541,3.549999952316284,3.549999952316284,5170.0
2024-10-25 13:36:00+00:00,INOD,20.15999984741211,20.15999984741211,20.15999984741211,20.09000015258789,20.09000015258789,3517.0
2024-10-25 13:36:00+00:00,INTC,22.950300216674805,22.950300216674805,22.959999084472656,22.920000076293945,22.920000076293945,152429.0
2024-10-25 13:36:00+00:00,INTU,609.77001953125,609.77001953125,609.77001953125,609.77001953125,609.77001953125,950.0
2024-10-25 13:36:00+00:00,JAMF,16.709999084472656,16.709999084472656,16.709999084472656,16.700000762939453,16.700000762939453,1920.0
2024-10-25 13:36:00+00:00,JKHY,182.4199981689453,182.4199981689453,182.44000244140625,182.4199981689453,182.42999267578125,896.0
2024-10-25 13:36:00+00:00,KC,2.7200000286102295,2.7200000286102295,2.7200000286102295,2.7149999141693115,2.7200000286102295,824.0
2024-10-25 13:36:00+00:00,KLAC,677.8099975585938,677.8099975585938,677.8099975585938,677.8099975585938,677.8099975585938,1647.0
2024-10-25 13:36:00+00:00,KLIC,44.529998779296875,44.529998779296875,44.529998779296875,44.529998779296875,44.529998779296875,348.0
2024-10-25 13:36:00+00:00,LINK,4.96999979019165,4.96999979019165,4.96999979019165,4.96999979019165,4.96999979019165,155.0
2024-10-25 13:36:00+00:00,LITE,63.939998626708984,63.939998626708984,63.95000076293945,63.8650016784668,63.8650016784668,3843.0
2024-10-25 13:36:00+00:00,LOGI,80.80000305175781,80.80000305175781,80.80000305175781,80.80000305175781,80.80000305175781,846.0
2024-10-25 13:36:00+00:00,LPSN,1.1699999570846558,1.1699999570846558,1.1699999570846558,1.1699999570846558,1.1699999570846558,146.0
2024-10-25 13:36:00+00:00,LRCX,78.88359832763672,78.88359832763672,78.88999938964844,78.81999969482422,78.81999969482422,12732.0
2024-10-25 13:36:00+00:00,LSCC,54.3849983215332,54.3849983215332,54.40999984741211,54.380001068115234,54.40999984741211,1549.0
2024-10-25 13:36:00+00:00,LTRX,4.059999942779541,4.059999942779541,4.059999942779541,4.059999942779541,4.059999942779541,431.0
2024-10-25 13:36:00+00:00,LUNA,1.776900053024292,1.776900053024292,1.776900053024292,1.776900053024292,1.776900053024292,282.0
2024-10-25 13:36:00+00:00,LYFT,13.720000267028809,13.720000267028809,13.720000267028809,13.710000038146973,13.710000038146973,15279.0
2024-10-25 13:36:00+00:00,MCHP,76.97000122070312,76.97000122070312,76.98999786376953,76.9000015258789,76.93000030517578,5589.0
2024-10-25 13:36:00+00:00,MDB,267.1199951171875,267.1199951171875,267.1199951171875,266.9100036621094,266.9100036621094,1598.0
2024-10-25 13:36:00+00:00,MKSI,101.29000091552734,101.29000091552734,101.29000091552734,101.29000091552734,101.29000091552734,251.0
2024-10-25 13:36:00+00:00,MNDY,299.8450012207031,299.8450012207031,300.0,299.8450012207031,300.0,541.0
2024-10-25 13:36:00+00:00,MPWR,918.7000122070312,918.7000122070312,919.0900268554688,918.4500122070312,919.0900268554688,1487.0
2024-10-25 13:36:00+00:00,MQ,5.275000095367432,5.275000095367432,5.275000095367432,5.275000095367432,5.275000095367432,840.0
2024-10-25 13:36:00+00:00,MRVL,82.53500366210938,82.53500366210938,82.54499816894531,82.47000122070312,82.47000122070312,17463.0
2024-10-25 13:36:00+00:00,MSFT,428.269287109375,428.269287109375,428.4200134277344,427.9849853515625,427.9849853515625,16383.0
2024-10-25 13:36:00+00:00,MSTR,238.08399963378906,238.08399963378906,238.2100067138672,237.03500366210938,237.03500366210938,26731.0
2024-10-25 13:36:00+00:00,MTLS,5.9446001052856445,5.9446001052856445,5.9446001052856445,5.9446001052856445,5.9446001052856445,162.0
2024-10-25 13:36:00+00:00,MTSI,120.19999694824219,120.19999694824219,120.19999694824219,120.06999969482422,120.06999969482422,509.0
2024-10-25 13:36:00+00:00,MTTR,4.630000114440918,4.630000114440918,4.635000228881836,4.630000114440918,4.635000228881836,651.0
2024-10-25 13:36:00+00:00,MU,108.41799926757812,108.41799926757812,108.42900085449219,108.28079986572266,108.28079986572266,18071.0
2024-10-25 13:36:00+00:00,MVIS,1.090000033378601,1.090000033378601,1.090000033378601,1.090000033378601,1.090000033378601,70.0
2024-10-25 13:36:00+00:00,MXL,14.829999923706055,14.829999923706055,14.829999923706055,14.800100326538086,14.800100326538086,1652.0
2024-10-25 13:36:00+00:00,NCNO,37.68000030517578,37.68000030517578,37.68000030517578,37.68000030517578,37.68000030517578,452.0
2024-10-25 13:36:00+00:00,NICE,175.74000549316406,175.74000549316406,175.74000549316406,175.66000366210938,175.66000366210938,2045.0
2024-10-25 13:36:00+00:00,NNDM,2.3259999752044678,2.3259999752044678,2.3259999752044678,2.3210999965667725,2.3210999965667725,837.0
2024-10-25 13:36:00+00:00,NTAP,119.9800033569336,119.9800033569336,119.9800033569336,119.97000122070312,119.97000122070312,573.0
2024-10-25 13:36:00+00:00,NTNX,62.05500030517578,62.05500030517578,62.05500030517578,62.02000045776367,62.02000045776367,2069.0
2024-10-25 13:36:00+00:00,NVDA,142.53480529785156,142.53480529785156,142.5500030517578,142.35000610351562,142.36000061035156,437441.0
2024-10-25 13:36:00+00:00,NVEI,33.5099983215332,33.5099983215332,33.5099983215332,33.5099983215332,33.5099983215332,302.0
2024-10-25 13:36:00+00:00,NVMI,184.81500244140625,184.81500244140625,184.81500244140625,184.75250244140625,184.81500244140625,1445.0
2024-10-25 13:36:00+00:00,NVTS,2.559999942779541,2.559999942779541,2.569000005722046,2.559999942779541,2.569000005722046,11518.0
2024-10-25 13:36:00+00:00,NXPI,244.8699951171875,244.8699951171875,244.88999938964844,244.67999267578125,244.67999267578125,3843.0
2024-10-25 13:36:00+00:00,OKTA,72.18000030517578,72.18000030517578,72.18000030517578,72.12999725341797,72.13999938964844,1366.0
2024-10-25 13:36:00+00:00,OLED,204.02999877929688,204.02999877929688,204.02999877929688,204.02999877929688,204.02999877929688,1435.0
2024-10-25 13:36:00+00:00,ON,71.87000274658203,71.87000274658203,71.91000366210938,71.79499816894531,71.79499816894531,34112.0
2024-10-25 13:36:00+00:00,OTEX,33.29999923706055,33.29999923706055,33.29999923706055,33.29999923706055,33.29999923706055,373.0
2024-10-25 13:36:00+00:00,PANW,367.3800048828125,367.3800048828125,367.4100036621094,367.05999755859375,367.05999755859375,2209.0
2024-10-25 13:36:00+00:00,PDFS,29.190000534057617,29.190000534057617,29.190000534057617,29.190000534057617,29.190000534057617,1285.0
2024-10-25 13:36:00+00:00,PEGA,79.41010284423828,79.41010284423828,79.41010284423828,79.41010284423828,79.41010284423828,177.0
2024-10-25 13:36:00+00:00,PET,0.8130000233650208,0.8130000233650208,0.8130000233650208,0.8130000233650208,0.8130000233650208,0.0
2024-10-25 13:36:00+00:00,PGY,11.8100004196167,11.8100004196167,11.819999694824219,11.800000190734863,11.800000190734863,747.0
2024-10-25 13:36:00+00:00,PHUN,10.270000457763672,10.270000457763672,10.279999732971191,10.170000076293945,10.170000076293945,29514.0
2024-10-25 13:36:00+00:00,PI,202.39999389648438,202.39999389648438,202.4600067138672,202.16600036621094,202.22000122070312,1604.0
2024-10-25 13:36:00+00:00,PRCH,1.2999999523162842,1.2999999523162842,1.309999942779541,1.2999999523162842,1.309999942779541,1456.0
2024-10-25 13:36:00+00:00,PRGS,64.5,64.5,64.5,64.5,64.5,470.0
2024-10-25 13:36:00+00:00,PTC,186.39500427246094,186.39500427246094,186.39500427246094,186.33999633789062,186.33999633789062,1412.0
2024-10-25 13:36:00+00:00,PUBM,14.760000228881836,14.760000228881836,14.760000228881836,14.760000228881836,14.760000228881836,523.0
2024-10-25 13:36:00+00:00,PXLW,0.7529000043869019,0.7529000043869019,0.7529000043869019,0.7522000074386597,0.7522000074386597,4202.0
2024-10-25 13:36:00+00:00,PYCR,14.3100004196167,14.3100004196167,14.3100004196167,14.3100004196167,14.3100004196167,224.0
2024-10-25 13:36:00+00:00,QCOM,171.74429321289062,171.74429321289062,171.74429321289062,171.5500946044922,171.5850067138672,12722.0
2024-10-25 13:36:00+00:00,QLYS,120.22000122070312,120.22000122070312,120.22000122070312,120.05500030517578,120.11000061035156,1348.0
2024-10-25 13:36:00+00:00,QRVO,100.24500274658203,100.24500274658203,100.24500274658203,100.16999816894531,100.16999816894531,1448.0
2024-10-25 13:36:00+00:00,QUBT,1.0950000286102295,1.0950000286102295,1.100000023841858,1.0950000286102295,1.100000023841858,1732.0
2024-10-25 13:36:00+00:00,RCAT,2.7699999809265137,2.7699999809265137,2.7699999809265137,2.765000104904175,2.765000104904175,640.0
2024-10-25 13:36:00+00:00,RDWR,22.299999237060547,22.299999237060547,22.299999237060547,22.299999237060547,22.299999237060547,2004.0
2024-10-25 13:36:00+00:00,REKR,1.0950000286102295,1.0950000286102295,1.0950000286102295,1.0950000286102295,1.0950000286102295,735.0
2024-10-25 13:36:00+00:00,RGTI,1.2106000185012817,1.2106000185012817,1.2200000286102295,1.2106000185012817,1.2200000286102295,4074.0
2024-10-25 13:36:00+00:00,RIOT,9.972800254821777,9.972800254821777,9.97599983215332,9.944999694824219,9.946000099182129,21770.0
2024-10-25 13:36:00+00:00,RMBS,43.349998474121094,43.349998474121094,43.349998474121094,43.349998474121094,43.349998474121094,1122.0
2024-10-25 13:36:00+00:00,RPAY,7.605000019073486,7.605000019073486,7.605000019073486,7.605000019073486,7.605000019073486,268.0
2024-10-25 13:36:00+00:00,RPD,38.709999084472656,38.709999084472656,38.709999084472656,38.63999938964844,38.63999938964844,1319.0
2024-10-25 13:36:00+00:00,RUM,5.795000076293945,5.795000076293945,5.800000190734863,5.789999961853027,5.789999961853027,101776.0
2024-10-25 13:36:00+00:00,RUN,14.285699844360352,14.285699844360352,14.289799690246582,14.265000343322754,14.265000343322754,14180.0
2024-10-25 13:36:00+00:00,SANM,67.55999755859375,67.55999755859375,67.55999755859375,67.55000305175781,67.55000305175781,329.0
2024-10-25 13:36:00+00:00,SEDG,15.880000114440918,15.880000114440918,15.880000114440918,15.84000015258789,15.84000015258789,3272.0
2024-10-25 13:36:00+00:00,SHLS,5.230000019073486,5.230000019073486,5.236000061035156,5.230000019073486,5.236000061035156,6136.0
2024-10-25 13:36:00+00:00,SITM,181.72500610351562,181.72500610351562,181.72500610351562,181.72500610351562,181.72500610351562,503.0
2024-10-25 13:36:00+00:00,SKYT,10.640000343322754,10.640000343322754,10.640000343322754,10.640000343322754,10.640000343322754,1214.0
2024-10-25 13:36:00+00:00,SMCI,47.06999969482422,47.06999969482422,47.09000015258789,47.02000045776367,47.03580093383789,45643.0
2024-10-25 13:36:00+00:00,SMTC,45.7400016784668,45.7400016784668,45.7400016784668,45.7400016784668,45.7400016784668,641.0
2024-10-25 13:36:00+00:00,SNPS,503.70001220703125,503.70001220703125,503.70001220703125,503.70001220703125,503.70001220703125,722.0
2024-10-25 13:36:00+00:00,SOUN,5.195000171661377,5.195000171661377,5.199999809265137,5.192800045013428,5.195000171661377,12929.0
2024-10-25 13:36:00+00:00,SPT,26.84000015258789,26.84000015258789,26.84000015258789,26.84000015258789,26.84000015258789,109.0
2024-10-25 13:36:00+00:00,SSNC,69.69999694824219,69.69999694824219,69.70999908447266,69.66999816894531,69.67070007324219,8950.0
2024-10-25 13:36:00+00:00,SSTI,11.329999923706055,11.329999923706055,11.329999923706055,11.300000190734863,11.300000190734863,644.0
2024-10-25 13:36:00+00:00,SSYS,7.070000171661377,7.070000171661377,7.070000171661377,7.070000171661377,7.070000171661377,913.0
2024-10-25 13:36:00+00:00,STNE,11.524999618530273,11.524999618530273,11.524999618530273,11.505000114440918,11.505000114440918,4081.0
2024-10-25 13:36:00+00:00,STX,103.81500244140625,103.81500244140625,103.83999633789062,103.7249984741211,103.7249984741211,1252.0
2024-10-25 13:36:00+00:00,SVRE,0.0820000022649765,0.0820000022649765,0.08219999819993973,0.0820000022649765,0.08219999819993973,12658.0
2024-10-25 13:36:00+00:00,SWKS,96.37999725341797,96.37999725341797,96.37999725341797,96.27999877929688,96.27999877929688,3252.0
2024-10-25 13:36:00+00:00,SYNA,72.78500366210938,72.78500366210938,72.78500366210938,72.78500366210938,72.78500366210938,559.0
2024-10-25 13:36:00+00:00,SYTA,1.3000999689102173,1.3000999689102173,1.3000999689102173,1.3000999689102173,1.3000999689102173,514.0
2024-10-25 13:36:00+00:00,TEAM,189.61000061035156,189.61000061035156,189.61000061035156,189.61000061035156,189.61000061035156,794.0
2024-10-25 13:36:00+00:00,TENB,41.654998779296875,41.654998779296875,41.65999984741211,41.63999938964844,41.63999938964844,1748.0
2024-10-25 13:36:00+00:00,TER,113.0,113.0,113.0,112.91000366210938,112.94000244140625,7235.0
2024-10-25 13:36:00+00:00,TRMB,61.06999969482422,61.06999969482422,61.06999969482422,61.06999969482422,61.06999969482422,924.0
2024-10-25 13:36:00+00:00,TTD,118.63999938964844,118.63999938964844,118.69999694824219,118.5199966430664,118.5199966430664,3596.0
2024-10-25 13:36:00+00:00,TTEC,5.360000133514404,5.360000133514404,5.360000133514404,5.355000019073486,5.355000019073486,1707.0
2024-10-25 13:36:00+00:00,TWKS,4.449999809265137,4.449999809265137,4.449999809265137,4.449999809265137,4.449999809265137,9732.0
2024-10-25 13:36:00+00:00,TXN,208.25999450683594,208.25999450683594,208.25999450683594,208.11000061035156,208.11500549316406,4925.0
2024-10-25 13:36:00+00:00,UCTT,35.79999923706055,35.79999923706055,35.79999923706055,35.779998779296875,35.779998779296875,872.0
2024-10-25 13:36:00+00:00,UPLD,2.134999990463257,2.134999990463257,2.134999990463257,2.130000114440918,2.130000114440918,558.0
2024-10-25 13:36:00+00:00,VECO,29.399999618530273,29.399999618530273,29.399999618530273,29.364999771118164,29.364999771118164,2658.0
2024-10-25 13:36:00+00:00,VERB,10.335000038146973,10.335000038146973,10.335000038146973,10.335000038146973,10.335000038146973,202.0
2024-10-25 13:36:00+00:00,VERI,3.4000000953674316,3.4000000953674316,3.4000000953674316,3.390000104904175,3.390000104904175,2308.0
2024-10-25 13:36:00+00:00,VIAV,9.239999771118164,9.239999771118164,9.239999771118164,9.239999771118164,9.239999771118164,307.0
2024-10-25 13:36:00+00:00,VMEO,4.769999980926514,4.769999980926514,4.769999980926514,4.760000228881836,4.769999980926514,640.0
2024-10-25 13:36:00+00:00,VRNS,56.720001220703125,56.720001220703125,56.720001220703125,56.689998626708984,56.689998626708984,2968.0
2024-10-25 13:36:00+00:00,VRNT,22.079999923706055,22.079999923706055,22.079999923706055,22.06999969482422,22.06999969482422,1719.0
2024-10-25 13:36:00+00:00,VRSN,184.51499938964844,184.51499938964844,184.51499938964844,184.31500244140625,184.31500244140625,1437.0
2024-10-25 13:36:00+00:00,WDAY,238.9499969482422,238.9499969482422,238.9499969482422,238.8175048828125,238.89999389648438,3177.0
2024-10-25 13:36:00+00:00,WDC,70.69999694824219,70.69999694824219,70.72689819335938,70.63710021972656,70.63710021972656,6674.0
2024-10-25 13:36:00+00:00,WISA,1.975000023841858,1.975000023841858,1.975000023841858,1.975000023841858,1.975000023841858,3019.0
2024-10-25 13:36:00+00:00,WIX,164.7550048828125,164.7550048828125,164.7550048828125,164.7550048828125,164.7550048828125,587.0
2024-10-25 13:36:00+00:00,WLDS,3.4200000762939453,3.4200000762939453,3.5,3.4200000762939453,3.5,216.0
2024-10-25 13:36:00+00:00,XRX,9.989999771118164,9.989999771118164,9.994999885559082,9.989999771118164,9.994999885559082,3306.0
2024-10-25 13:36:00+00:00,ZI,10.494999885559082,10.494999885559082,10.5,10.494999885559082,10.494999885559082,1578.0
2024-10-25 13:36:00+00:00,ZM,72.93499755859375,72.93499755859375,72.93499755859375,72.9000015258789,72.9000015258789,5674.0
2024-10-25 13:36:00+00:00,ZS,184.8874969482422,184.8874969482422,184.8874969482422,184.5500030517578,184.5500030517578,2285.0
2024-10-25 13:37:00+00:00,AAOI,17.66010093688965,17.66010093688965,17.68000030517578,17.65999984741211,17.68000030517578,1761.0
2024-10-25 13:37:00+00:00,AAPL,231.66000366210938,231.66000366210938,231.8300018310547,231.64999389648438,231.8300018310547,39066.0
2024-10-25 13:37:00+00:00,ACIW,48.59000015258789,48.59000015258789,48.595001220703125,48.59000015258789,48.595001220703125,529.0
2024-10-25 13:37:00+00:00,ADBE,483.9150085449219,483.9150085449219,484.31988525390625,483.9150085449219,484.31988525390625,2681.0
2024-10-25 13:37:00+00:00,ADI,232.5399932861328,232.5399932861328,232.64999389648438,232.47999572753906,232.63999938964844,2701.0
2024-10-25 13:37:00+00:00,ADTN,6.355000019073486,6.355000019073486,6.355000019073486,6.355000019073486,6.355000019073486,466.0
2024-10-25 13:37:00+00:00,AFRM,41.369998931884766,41.369998931884766,41.400001525878906,41.369998931884766,41.400001525878906,6456.0
2024-10-25 13:37:00+00:00,AKTS,0.058800000697374344,0.058800000697374344,0.05889999866485596,0.058800000697374344,0.058800000697374344,72935.0
2024-10-25 13:37:00+00:00,ALGM,23.0,23.0,23.0,22.979999542236328,22.979999542236328,2346.0
2024-10-25 13:37:00+00:00,AMAT,187.84500122070312,187.84500122070312,188.06500244140625,187.7899932861328,188.06500244140625,4407.0
2024-10-25 13:37:00+00:00,AMD,156.72999572753906,156.72999572753906,156.88499450683594,156.72999572753906,156.88499450683594,26357.0
2024-10-25 13:37:00+00:00,AMKR,30.03499984741211,30.03499984741211,30.040000915527344,30.030000686645508,30.040000915527344,3034.0
2024-10-25 13:37:00+00:00,AOSL,36.529998779296875,36.529998779296875,36.529998779296875,36.529998779296875,36.529998779296875,102.0
2024-10-25 13:37:00+00:00,APP,160.57000732421875,160.57000732421875,160.57000732421875,160.57000732421875,160.57000732421875,182.0
2024-10-25 13:37:00+00:00,ARBE,1.840000033378601,1.840000033378601,1.850000023841858,1.840000033378601,1.850000023841858,863.0
2024-10-25 13:37:00+00:00,ARRY,6.340000152587891,6.340000152587891,6.340000152587891,6.320000171661377,6.320000171661377,12102.0
2024-10-25 13:37:00+00:00,ASML,715.5999755859375,715.5999755859375,715.719970703125,715.5999755859375,715.719970703125,1526.0
2024-10-25 13:37:00+00:00,AUR,6.440000057220459,6.440000057220459,6.440000057220459,6.440000057220459,6.440000057220459,1778.0
2024-10-25 13:37:00+00:00,AVDX,8.119999885559082,8.119999885559082,8.119999885559082,8.119999885559082,8.119999885559082,449.0
2024-10-25 13:37:00+00:00,AVGO,174.49000549316406,174.49000549316406,174.74000549316406,174.49000549316406,174.74000549316406,13707.0
2024-10-25 13:37:00+00:00,AXTI,2.684999942779541,2.684999942779541,2.690000057220459,2.684999942779541,2.690000057220459,292.0
2024-10-25 13:37:00+00:00,BASE,16.357999801635742,16.357999801635742,16.360000610351562,16.351999282836914,16.360000610351562,1028.0
2024-10-25 13:37:00+00:00,BIGC,5.300000190734863,5.300000190734863,5.300000190734863,5.300000190734863,5.300000190734863,814.0
2024-10-25 13:37:00+00:00,BLKB,85.69999694824219,85.69999694824219,85.69999694824219,85.69999694824219,85.69999694824219,239.0
2024-10-25 13:37:00+00:00,BMBL,7.139999866485596,7.139999866485596,7.139999866485596,7.135000228881836,7.135000228881836,896.0
2024-10-25 13:37:00+00:00,BSY,49.06999969482422,49.06999969482422,49.07500076293945,49.06999969482422,49.07400131225586,788.0
2024-10-25 13:37:00+00:00,CAN,0.9804999828338623,0.9804999828338623,0.9810000061988831,0.980400025844574,0.9810000061988831,27234.0
2024-10-25 13:37:00+00:00,CDNS,258.5400085449219,258.5400085449219,258.614990234375,258.5,258.614990234375,1887.0
2024-10-25 13:37:00+00:00,CDW,219.13999938964844,219.13999938964844,219.13999938964844,219.13999938964844,219.13999938964844,232.0
2024-10-25 13:37:00+00:00,CETX,0.30149999260902405,0.30149999260902405,0.30300000309944153,0.30140000581741333,0.30140000581741333,1723.0
2024-10-25 13:37:00+00:00,CFLT,22.525999069213867,22.525999069213867,22.525999069213867,22.520000457763672,22.524999618530273,2162.0
2024-10-25 13:37:00+00:00,CGNT,6.610000133514404,6.610000133514404,6.610000133514404,6.610000133514404,6.610000133514404,233.0
2024-10-25 13:37:00+00:00,CGNX,38.91999816894531,38.91999816894531,38.93000030517578,38.91999816894531,38.92499923706055,943.0
2024-10-25 13:37:00+00:00,CLPS,1.3600000143051147,1.3600000143051147,1.3694000244140625,1.3600000143051147,1.3694000244140625,2325.0
2024-10-25 13:37:00+00:00,CLSK,11.875,11.875,11.898300170898438,11.875,11.895000457763672,25733.0
2024-10-25 13:37:00+00:00,CNDT,3.609999895095825,3.609999895095825,3.609999895095825,3.609999895095825,3.609999895095825,515.0
2024-10-25 13:37:00+00:00,COHR,95.4124984741211,95.4124984741211,95.44999694824219,95.38999938964844,95.44999694824219,1237.0
2024-10-25 13:37:00+00:00,COHU,26.219999313354492,26.219999313354492,26.219999313354492,26.219999313354492,26.219999313354492,104.0
2024-10-25 13:37:00+00:00,COIN,210.60499572753906,210.60499572753906,210.66000366210938,210.3300018310547,210.3300018310547,20481.0
2024-10-25 13:37:00+00:00,COMM,6.295000076293945,6.295000076293945,6.295000076293945,6.292900085449219,6.292900085449219,1458.0
2024-10-25 13:37:00+00:00,CORZ,13.539999961853027,13.539999961853027,13.545000076293945,13.53339958190918,13.545000076293945,9374.0
2024-10-25 13:37:00+00:00,CRCT,6.610000133514404,6.610000133514404,6.610000133514404,6.610000133514404,6.610000133514404,570.0
2024-10-25 13:37:00+00:00,CRDO,39.08000183105469,39.08000183105469,39.13999938964844,39.04999923706055,39.099998474121094,8316.0
2024-10-25 13:37:00+00:00,CRNC,2.9010000228881836,2.9010000228881836,2.9010000228881836,2.8949999809265137,2.8949999809265137,1425.0
2024-10-25 13:37:00+00:00,CRNT,2.4860000610351562,2.4860000610351562,2.4860000610351562,2.4860000610351562,2.4860000610351562,417.0
2024-10-25 13:37:00+00:00,CRSR,6.340000152587891,6.340000152587891,6.340000152587891,6.340000152587891,6.340000152587891,234.0
2024-10-25 13:37:00+00:00,CRUS,123.06500244140625,123.06500244140625,123.06500244140625,123.06500244140625,123.06500244140625,145.0
2024-10-25 13:37:00+00:00,CRWD,299.260009765625,299.260009765625,299.8370056152344,299.11279296875,299.7550964355469,8643.0
2024-10-25 13:37:00+00:00,CSCO,55.849998474121094,55.849998474121094,55.86009979248047,55.8400993347168,55.86009979248047,11991.0
2024-10-25 13:37:00+00:00,CSGS,47.36000061035156,47.36000061035156,47.36000061035156,47.36000061035156,47.36000061035156,286.0
2024-10-25 13:37:00+00:00,CSIQ,13.4399995803833,13.4399995803833,13.449999809265137,13.430000305175781,13.449999809265137,1795.0
2024-10-25 13:37:00+00:00,CTLP,8.899999618530273,8.899999618530273,8.899999618530273,8.899999618530273,8.899999618530273,247.0
2024-10-25 13:37:00+00:00,CTSH,74.7750015258789,74.7750015258789,74.7750015258789,74.76000213623047,74.76249694824219,2437.0
2024-10-25 13:37:00+00:00,DBX,25.940000534057617,25.940000534057617,25.940000534057617,25.924999237060547,25.934999465942383,4661.0
2024-10-25 13:37:00+00:00,DDOG,126.93499755859375,126.93499755859375,127.04000091552734,126.91999816894531,127.04000091552734,1541.0
2024-10-25 13:37:00+00:00,DGHI,1.5995999574661255,1.5995999574661255,1.5995999574661255,1.573799967765808,1.573799967765808,1875.0
2024-10-25 13:37:00+00:00,DLO,8.824999809265137,8.824999809265137,8.824999809265137,8.824999809265137,8.824999809265137,441.0
2024-10-25 13:37:00+00:00,DOCU,69.54000091552734,69.54000091552734,69.55000305175781,69.5199966430664,69.55000305175781,1323.0
2024-10-25 13:37:00+00:00,DOX,89.37000274658203,89.37000274658203,89.37999725341797,89.37000274658203,89.37000274658203,1211.0
2024-10-25 13:37:00+00:00,DSP,11.430000305175781,11.430000305175781,11.430000305175781,11.430000305175781,11.430000305175781,221.0
2024-10-25 13:37:00+00:00,DUOL,288.760009765625,288.760009765625,288.760009765625,288.760009765625,288.760009765625,1126.0
2024-10-25 13:37:00+00:00,EEFT,99.41000366210938,99.41000366210938,99.41000366210938,99.38999938964844,99.38999938964844,745.0
2024-10-25 13:37:00+00:00,EMKR,2.109999895095825,2.109999895095825,2.109999895095825,2.109999895095825,2.109999895095825,200.0
2024-10-25 13:37:00+00:00,ENPH,82.8499984741211,82.8499984741211,82.97000122070312,82.8499984741211,82.97000122070312,4462.0
2024-10-25 13:37:00+00:00,ENTG,105.5199966430664,105.5199966430664,105.58000183105469,105.5199966430664,105.58000183105469,2311.0
2024-10-25 13:37:00+00:00,ERIC,8.454999923706055,8.454999923706055,8.454999923706055,8.454999923706055,8.454999923706055,5509.0
2024-10-25 13:37:00+00:00,EXTR,14.420000076293945,14.420000076293945,14.420000076293945,14.420000076293945,14.420000076293945,257.0
2024-10-25 13:37:00+00:00,FFIV,216.13499450683594,216.13499450683594,216.13499450683594,216.13499450683594,216.13499450683594,789.0
2024-10-25 13:37:00+00:00,FIVN,29.920000076293945,29.920000076293945,29.920000076293945,29.920000076293945,29.920000076293945,1074.0
2024-10-25 13:37:00+00:00,FLEX,35.22999954223633,35.22999954223633,35.2400016784668,35.209999084472656,35.209999084472656,3839.0
2024-10-25 13:37:00+00:00,FRSH,11.654999732971191,11.654999732971191,11.654999732971191,11.645000457763672,11.645000457763672,3379.0
2024-10-25 13:37:00+00:00,FSLR,197.63999938964844,197.63999938964844,197.63999938964844,197.63999938964844,197.63999938964844,407.0
2024-10-25 13:37:00+00:00,FTCI,0.6610000133514404,0.6610000133514404,0.6610000133514404,0.6610000133514404,0.6610000133514404,200.0
2024-10-25 13:37:00+00:00,FTNT,80.73999786376953,80.73999786376953,80.77999877929688,80.73999786376953,80.77999877929688,1561.0
2024-10-25 13:37:00+00:00,GCT,24.68000030517578,24.68000030517578,24.700000762939453,24.68000030517578,24.700000762939453,921.0
2024-10-25 13:37:00+00:00,GDS,21.43000030517578,21.43000030517578,21.43000030517578,21.43000030517578,21.43000030517578,529.0
2024-10-25 13:37:00+00:00,GDYN,15.550000190734863,15.550000190734863,15.550000190734863,15.524999618530273,15.524999618530273,1351.0
2024-10-25 13:37:00+00:00,GFS,40.904998779296875,40.904998779296875,40.915000915527344,40.904998779296875,40.915000915527344,569.0
2024-10-25 13:37:00+00:00,GPRO,1.3350000381469727,1.3350000381469727,1.3350000381469727,1.3350000381469727,1.3350000381469727,413.0
2024-10-25 13:37:00+00:00,GRAB,4.099999904632568,4.099999904632568,4.099999904632568,4.09499979019165,4.099999904632568,2200.0
2024-10-25 13:37:00+00:00,GRRR,4.510000228881836,4.510000228881836,4.510000228881836,4.510000228881836,4.510000228881836,297.0
2024-10-25 13:37:00+00:00,GTLB,55.369998931884766,55.369998931884766,55.369998931884766,55.369998931884766,55.369998931884766,324.0
2024-10-25 13:37:00+00:00,HCP,33.665000915527344,33.665000915527344,33.66999816894531,33.665000915527344,33.66999816894531,2303.0
2024-10-25 13:37:00+00:00,HLIT,14.800000190734863,14.800000190734863,14.800000190734863,14.800000190734863,14.800000190734863,1017.0
2024-10-25 13:37:00+00:00,HOLO,3.600100040435791,3.600100040435791,3.600100040435791,3.600100040435791,3.600100040435791,398.0
2024-10-25 13:37:00+00:00,HOOD,27.21500015258789,27.21500015258789,27.219999313354492,27.209999084472656,27.219999313354492,10350.0
2024-10-25 13:37:00+00:00,INDI,3.559999942779541,3.559999942779541,3.559999942779541,3.559999942779541,3.559999942779541,321.0
2024-10-25 13:37:00+00:00,INFN,6.783999919891357,6.783999919891357,6.783999919891357,6.783999919891357,6.783999919891357,726.0
2024-10-25 13:37:00+00:00,INOD,20.155000686645508,20.155000686645508,20.155000686645508,20.155000686645508,20.155000686645508,536.0
2024-10-25 13:37:00+00:00,INTC,22.929899215698242,22.929899215698242,22.959999084472656,22.920000076293945,22.954999923706055,137255.0
2024-10-25 13:37:00+00:00,INTU,609.489990234375,609.489990234375,609.7449951171875,609.489990234375,609.530029296875,1112.0
2024-10-25 13:37:00+00:00,JKHY,182.57000732421875,182.57000732421875,182.57000732421875,182.5,182.5,857.0
2024-10-25 13:37:00+00:00,KC,2.7200000286102295,2.7200000286102295,2.7200000286102295,2.7200000286102295,2.7200000286102295,46.0
2024-10-25 13:37:00+00:00,KLAC,678.0449829101562,678.0449829101562,678.0449829101562,678.0449829101562,678.0449829101562,652.0
2024-10-25 13:37:00+00:00,KOPN,0.7778000235557556,0.7778000235557556,0.7778000235557556,0.7778000235557556,0.7778000235557556,200.0
2024-10-25 13:37:00+00:00,LITE,63.89500045776367,63.89500045776367,63.93000030517578,63.89500045776367,63.900001525878906,1627.0
2024-10-25 13:37:00+00:00,LRCX,78.7699966430664,78.7699966430664,78.87000274658203,78.76000213623047,78.87000274658203,18780.0
2024-10-25 13:37:00+00:00,LSCC,54.40999984741211,54.40999984741211,54.40999984741211,54.400001525878906,54.400001525878906,632.0
2024-10-25 13:37:00+00:00,LUNA,1.7799999713897705,1.7799999713897705,1.7799999713897705,1.7799999713897705,1.7799999713897705,124.0
2024-10-25 13:37:00+00:00,LYFT,13.71500015258789,13.71500015258789,13.71500015258789,13.71500015258789,13.71500015258789,2097.0
2024-10-25 13:37:00+00:00,MANH,275.07501220703125,275.07501220703125,275.07501220703125,275.07501220703125,275.07501220703125,204.0
2024-10-25 13:37:00+00:00,MAPS,0.8464000225067139,0.8464000225067139,0.8464000225067139,0.8464000225067139,0.8464000225067139,1986.0
2024-10-25 13:37:00+00:00,MCHP,76.93000030517578,76.93000030517578,76.9800033569336,76.93000030517578,76.9800033569336,7183.0
2024-10-25 13:37:00+00:00,MDB,266.8349914550781,266.8349914550781,266.8999938964844,266.8349914550781,266.8999938964844,571.0
2024-10-25 13:37:00+00:00,MKSI,101.2249984741211,101.2249984741211,101.25,101.22000122070312,101.22000122070312,1579.0
2024-10-25 13:37:00+00:00,MQ,5.275000095367432,5.275000095367432,5.275000095367432,5.275000095367432,5.275000095367432,958.0
2024-10-25 13:37:00+00:00,MRVL,82.41000366210938,82.41000366210938,82.5250015258789,82.4000015258789,82.5250015258789,10911.0
2024-10-25 13:37:00+00:00,MSFT,427.9700012207031,427.9700012207031,428.2449951171875,427.9700012207031,428.2196960449219,9354.0
2024-10-25 13:37:00+00:00,MSTR,238.0500030517578,238.0500030517578,238.49929809570312,237.8509979248047,238.10499572753906,39972.0
2024-10-25 13:37:00+00:00,MTSI,120.22000122070312,120.22000122070312,120.22000122070312,120.22000122070312,120.22000122070312,105.0
2024-10-25 13:37:00+00:00,MTTR,4.635000228881836,4.635000228881836,4.635000228881836,4.632500171661377,4.635000228881836,5863.0
2024-10-25 13:37:00+00:00,MU,108.27999877929688,108.27999877929688,108.41000366210938,108.27780151367188,108.41000366210938,9142.0
2024-10-25 13:37:00+00:00,MVIS,1.0800000429153442,1.0800000429153442,1.090000033378601,1.0800000429153442,1.090000033378601,2909.0
2024-10-25 13:37:00+00:00,MXL,14.819899559020996,14.819899559020996,14.819999694824219,14.8100004196167,14.819999694824219,2874.0
2024-10-25 13:37:00+00:00,NCNO,37.68000030517578,37.68000030517578,37.68000030517578,37.68000030517578,37.68000030517578,456.0
2024-10-25 13:37:00+00:00,NTAP,119.94000244140625,119.94000244140625,119.95500183105469,119.94000244140625,119.94999694824219,1216.0
2024-10-25 13:37:00+00:00,NTCT,20.700000762939453,20.700000762939453,20.700000762939453,20.700000762939453,20.700000762939453,220.0
2024-10-25 13:37:00+00:00,NTNX,62.060001373291016,62.060001373291016,62.060001373291016,62.0525016784668,62.0525016784668,655.0
2024-10-25 13:37:00+00:00,NVDA,142.31919860839844,142.31919860839844,142.5399932861328,142.3000030517578,142.52279663085938,259295.0
2024-10-25 13:37:00+00:00,NVEI,33.505001068115234,33.505001068115234,33.5099983215332,33.505001068115234,33.5099983215332,17402.0
2024-10-25 13:37:00+00:00,NVMI,184.52000427246094,184.52000427246094,184.52000427246094,184.52000427246094,184.52000427246094,1406.0
2024-10-25 13:37:00+00:00,NVTS,2.565000057220459,2.565000057220459,2.565000057220459,2.559999942779541,2.559999942779541,1377.0
2024-10-25 13:37:00+00:00,NXPI,244.75,244.75,244.8800048828125,244.75,244.8800048828125,5704.0
2024-10-25 13:37:00+00:00,OKTA,72.1500015258789,72.1500015258789,72.16999816894531,72.1500015258789,72.16999816894531,673.0
2024-10-25 13:37:00+00:00,ON,71.875,71.875,71.91000366210938,71.83999633789062,71.87000274658203,37862.0
2024-10-25 13:37:00+00:00,OSPN,14.595000267028809,14.595000267028809,14.595000267028809,14.595000267028809,14.595000267028809,923.0
2024-10-25 13:37:00+00:00,PANW,367.29998779296875,367.29998779296875,367.32000732421875,367.09149169921875,367.32000732421875,1221.0
2024-10-25 13:37:00+00:00,PAYO,8.295000076293945,8.295000076293945,8.295000076293945,8.295000076293945,8.295000076293945,542.0
2024-10-25 13:37:00+00:00,PEGA,79.37000274658203,79.37000274658203,79.41000366210938,79.37000274658203,79.41000366210938,1131.0
2024-10-25 13:37:00+00:00,PGY,11.829999923706055,11.829999923706055,11.829999923706055,11.829999923706055,11.829999923706055,556.0
2024-10-25 13:37:00+00:00,PHUN,10.260000228881836,10.260000228881836,10.295900344848633,10.259900093078613,10.270000457763672,23484.0
2024-10-25 13:37:00+00:00,PI,202.27000427246094,202.27000427246094,202.27000427246094,202.27000427246094,202.27000427246094,265.0
2024-10-25 13:37:00+00:00,PLXS,141.1699981689453,141.1699981689453,141.1699981689453,141.1699981689453,141.1699981689453,135.0
2024-10-25 13:37:00+00:00,POET,3.8450000286102295,3.8450000286102295,3.8550000190734863,3.8450000286102295,3.8550000190734863,8068.0
2024-10-25 13:37:00+00:00,PRTH,5.309999942779541,5.309999942779541,5.309999942779541,5.309999942779541,5.309999942779541,800.0
2024-10-25 13:37:00+00:00,PUBM,14.765000343322754,14.765000343322754,14.765000343322754,14.765000343322754,14.765000343322754,110.0
2024-10-25 13:37:00+00:00,PYCR,14.305000305175781,14.305000305175781,14.305000305175781,14.305000305175781,14.305000305175781,597.0
2024-10-25 13:37:00+00:00,QCOM,171.6649932861328,171.6649932861328,171.74000549316406,171.6199951171875,171.68499755859375,13878.0
2024-10-25 13:37:00+00:00,QRVO,100.19999694824219,100.19999694824219,100.23999786376953,100.19999694824219,100.23999786376953,1353.0
2024-10-25 13:37:00+00:00,RCAT,2.765000104904175,2.765000104904175,2.765000104904175,2.765000104904175,2.765000104904175,306.0
2024-10-25 13:37:00+00:00,RELY,14.84000015258789,14.84000015258789,14.850000381469727,14.829999923706055,14.84000015258789,1349.0
2024-10-25 13:37:00+00:00,RGTI,1.2199000120162964,1.2199000120162964,1.2199000120162964,1.215399980545044,1.2197999954223633,2934.0
2024-10-25 13:37:00+00:00,RIOT,9.962599754333496,9.962599754333496,9.970000267028809,9.960100173950195,9.970000267028809,18920.0
2024-10-25 13:37:00+00:00,RMBS,43.30500030517578,43.30500030517578,43.31999969482422,43.30500030517578,43.31999969482422,1012.0
2024-10-25 13:37:00+00:00,RMNI,1.725000023841858,1.725000023841858,1.725000023841858,1.725000023841858,1.725000023841858,360.0
2024-10-25 13:37:00+00:00,RUM,5.784999847412109,5.784999847412109,5.795000076293945,5.784999847412109,5.79010009765625,3531.0
2024-10-25 13:37:00+00:00,RUN,14.260000228881836,14.260000228881836,14.284000396728516,14.260000228881836,14.284000396728516,4183.0
2024-10-25 13:37:00+00:00,SANM,67.55490112304688,67.55490112304688,67.55490112304688,67.55490112304688,67.55490112304688,207.0
2024-10-25 13:37:00+00:00,SATS,25.05500030517578,25.05500030517578,25.05500030517578,25.05500030517578,25.05500030517578,714.0
2024-10-25 13:37:00+00:00,SCWX,8.369999885559082,8.369999885559082,8.369999885559082,8.369999885559082,8.369999885559082,930.0
2024-10-25 13:37:00+00:00,SEDG,15.890000343322754,15.890000343322754,15.890000343322754,15.859999656677246,15.869999885559082,5001.0
2024-10-25 13:37:00+00:00,SHLS,5.235000133514404,5.235000133514404,5.235000133514404,5.230000019073486,5.235000133514404,1942.0
2024-10-25 13:37:00+00:00,SLNH,4.010000228881836,4.010000228881836,4.010000228881836,4.010000228881836,4.010000228881836,529.0
2024-10-25 13:37:00+00:00,SMCI,47.02399826049805,47.02399826049805,47.06999969482422,47.005001068115234,47.060001373291016,51420.0
2024-10-25 13:37:00+00:00,SMTC,45.790000915527344,45.790000915527344,45.790000915527344,45.790000915527344,45.790000915527344,461.0
2024-10-25 13:37:00+00:00,SOBR,7.449999809265137,7.449999809265137,7.449999809265137,7.449999809265137,7.449999809265137,607.0
2024-10-25 13:37:00+00:00,SONO,12.725000381469727,12.725000381469727,12.729900360107422,12.723999977111816,12.729900360107422,456.0
2024-10-25 13:37:00+00:00,SOUN,5.195000171661377,5.195000171661377,5.199999809265137,5.195000171661377,5.195499897003174,4005.0
2024-10-25 13:37:00+00:00,SPI,0.41999998688697815,0.41999998688697815,0.42100000381469727,0.41999998688697815,0.42100000381469727,3481.0
2024-10-25 13:37:00+00:00,SPSC,174.0,174.0,174.0,174.0,174.0,2162.0
2024-10-25 13:37:00+00:00,SPT,26.815000534057617,26.815000534057617,26.815000534057617,26.815000534057617,26.815000534057617,237.0
2024-10-25 13:37:00+00:00,SRAD,12.34000015258789,12.34000015258789,12.34000015258789,12.34000015258789,12.34000015258789,649.0
2024-10-25 13:37:00+00:00,SSNC,69.66000366210938,69.66000366210938,69.70500183105469,69.66000366210938,69.70500183105469,6892.0
2024-10-25 13:37:00+00:00,SSTI,11.32129955291748,11.32129955291748,11.32129955291748,11.32129955291748,11.32129955291748,114.0
2024-10-25 13:37:00+00:00,SSYS,7.070000171661377,7.070000171661377,7.070000171661377,7.070000171661377,7.070000171661377,202.0
2024-10-25 13:37:00+00:00,STNE,11.524999618530273,11.524999618530273,11.524999618530273,11.520000457763672,11.520000457763672,4017.0
2024-10-25 13:37:00+00:00,STX,103.7699966430664,103.7699966430664,103.81500244140625,103.7699966430664,103.81500244140625,2246.0
2024-10-25 13:37:00+00:00,SWKS,96.33000183105469,96.33000183105469,96.34500122070312,96.33000183105469,96.33999633789062,2830.0
2024-10-25 13:37:00+00:00,SYTA,1.2999999523162842,1.2999999523162842,1.3003000020980835,1.2999999523162842,1.3001999855041504,3193.0
2024-10-25 13:37:00+00:00,TEAM,189.74000549316406,189.74000549316406,189.74000549316406,189.74000549316406,189.74000549316406,724.0
2024-10-25 13:37:00+00:00,TENB,41.650001525878906,41.650001525878906,41.66999816894531,41.650001525878906,41.66999816894531,748.0
2024-10-25 13:37:00+00:00,TER,112.82499694824219,112.82499694824219,113.0199966430664,112.82499694824219,113.0,19709.0
2024-10-25 13:37:00+00:00,TRMB,61.09000015258789,61.09000015258789,61.09000015258789,61.06999969482422,61.09000015258789,1618.0
2024-10-25 13:37:00+00:00,TSEM,45.07500076293945,45.07500076293945,45.13999938964844,45.07500076293945,45.13999938964844,689.0
2024-10-25 13:37:00+00:00,TTD,118.56999969482422,118.56999969482422,118.62999725341797,118.55999755859375,118.62999725341797,2597.0
2024-10-25 13:37:00+00:00,TTMI,19.6200008392334,19.6200008392334,19.6200008392334,19.579999923706055,19.579999923706055,1794.0
2024-10-25 13:37:00+00:00,TWKS,4.449999809265137,4.449999809265137,4.449999809265137,4.449999809265137,4.449999809265137,19216.0
2024-10-25 13:37:00+00:00,TXN,208.0,208.0,208.25999450683594,208.0,208.2100067138672,5846.0
2024-10-25 13:37:00+00:00,VECO,29.389999389648438,29.389999389648438,29.389999389648438,29.389999389648438,29.389999389648438,824.0
2024-10-25 13:37:00+00:00,VERB,10.300000190734863,10.300000190734863,10.300000190734863,10.289999961853027,10.289999961853027,362.0
2024-10-25 13:37:00+00:00,VIAV,9.239999771118164,9.239999771118164,9.239999771118164,9.229999542236328,9.229999542236328,772.0
2024-10-25 13:37:00+00:00,VICR,46.61000061035156,46.61000061035156,46.61000061035156,46.61000061035156,46.61000061035156,681.0
2024-10-25 13:37:00+00:00,VMEO,4.764999866485596,4.764999866485596,4.769999980926514,4.764999866485596,4.769999980926514,223.0
2024-10-25 13:37:00+00:00,VNET,3.424999952316284,3.424999952316284,3.424999952316284,3.424999952316284,3.424999952316284,1023.0
2024-10-25 13:37:00+00:00,VRNS,56.72999954223633,56.72999954223633,56.72999954223633,56.6974983215332,56.6974983215332,423.0
2024-10-25 13:37:00+00:00,VRNT,22.079999923706055,22.079999923706055,22.079999923706055,22.079999923706055,22.079999923706055,1947.0
2024-10-25 13:37:00+00:00,VRSN,184.47000122070312,184.47000122070312,184.47000122070312,184.47000122070312,184.47000122070312,137.0
2024-10-25 13:37:00+00:00,VSAT,10.260000228881836,10.260000228881836,10.260000228881836,10.260000228881836,10.260000228881836,807.0
2024-10-25 13:37:00+00:00,WDAY,238.85000610351562,238.85000610351562,238.85000610351562,238.85000610351562,238.85000610351562,818.0
2024-10-25 13:37:00+00:00,WDC,70.58000183105469,70.58000183105469,70.72000122070312,70.55999755859375,70.72000122070312,9548.0
2024-10-25 13:37:00+00:00,WISA,1.9890999794006348,1.9890999794006348,1.9890999794006348,1.9890999794006348,1.9890999794006348,410.0
2024-10-25 13:37:00+00:00,XRX,9.984999656677246,9.984999656677246,9.984999656677246,9.979999542236328,9.984999656677246,1333.0
2024-10-25 13:37:00+00:00,ZS,184.7100067138672,184.7100067138672,184.75,184.7100067138672,184.75,1664.0
2024-10-25 13:38:00+00:00,AAOI,17.690000534057617,17.690000534057617,17.690000534057617,17.690000534057617,17.690000534057617,1045.0
2024-10-25 13:38:00+00:00,AAPL,231.72000122070312,231.72000122070312,231.72999572753906,231.625,231.66000366210938,32651.0
2024-10-25 13:38:00+00:00,ACIW,48.619998931884766,48.619998931884766,48.619998931884766,48.599998474121094,48.599998474121094,572.0
2024-10-25 13:38:00+00:00,ADBE,484.17999267578125,484.17999267578125,484.17999267578125,484.0400085449219,484.0400085449219,942.0
2024-10-25 13:38:00+00:00,ADI,232.47000122070312,232.47000122070312,232.56500244140625,232.47000122070312,232.52999877929688,1367.0
2024-10-25 13:38:00+00:00,ADSK,285.8599853515625,285.8599853515625,285.8599853515625,285.8599853515625,285.8599853515625,1134.0
2024-10-25 13:38:00+00:00,AEHR,17.06999969482422,17.06999969482422,17.06999969482422,17.040000915527344,17.040000915527344,1449.0
2024-10-25 13:38:00+00:00,AFRM,41.38949966430664,41.38949966430664,41.38999938964844,41.36000061035156,41.369998931884766,27635.0
2024-10-25 13:38:00+00:00,AKTS,0.058800000697374344,0.058800000697374344,0.058800000697374344,0.058800000697374344,0.058800000697374344,12159.0
2024-10-25 13:38:00+00:00,ALGM,22.989999771118164,22.989999771118164,22.989999771118164,22.969999313354492,22.969999313354492,2451.0
2024-10-25 13:38:00+00:00,ALRM,54.470001220703125,54.470001220703125,54.470001220703125,54.470001220703125,54.470001220703125,285.0
2024-10-25 13:38:00+00:00,ALTR,103.80000305175781,103.80000305175781,103.80000305175781,103.70179748535156,103.70179748535156,1654.0
2024-10-25 13:38:00+00:00,AMAT,187.86500549316406,187.86500549316406,187.89999389648438,187.75180053710938,187.8350067138672,8431.0
2024-10-25 13:38:00+00:00,AMD,156.85009765625,156.85009765625,156.8800048828125,156.6804962158203,156.73199462890625,41731.0
2024-10-25 13:38:00+00:00,AMKR,30.06999969482422,30.06999969482422,30.06999969482422,30.020000457763672,30.020000457763672,2456.0
2024-10-25 13:38:00+00:00,ANSS,323.8399963378906,323.8399963378906,323.8399963378906,323.8399963378906,323.8399963378906,840.0
2024-10-25 13:38:00+00:00,API,2.8949999809265137,2.8949999809265137,2.8984999656677246,2.8949999809265137,2.8984999656677246,2150.0
2024-10-25 13:38:00+00:00,APP,160.5850067138672,160.5850067138672,160.69000244140625,160.50999450683594,160.6300048828125,4204.0
2024-10-25 13:38:00+00:00,APPF,213.67999267578125,213.67999267578125,213.67999267578125,213.57000732421875,213.57000732421875,1003.0
2024-10-25 13:38:00+00:00,ARRY,6.34499979019165,6.34499979019165,6.349999904632568,6.334000110626221,6.335000038146973,34554.0
2024-10-25 13:38:00+00:00,ASML,715.1699829101562,715.1699829101562,715.1699829101562,714.530029296875,715.1199951171875,5834.0
2024-10-25 13:38:00+00:00,ATOM,3.369999885559082,3.369999885559082,3.369999885559082,3.369999885559082,3.369999885559082,584.0
2024-10-25 13:38:00+00:00,AUR,6.440000057220459,6.440000057220459,6.440000057220459,6.440000057220459,6.440000057220459,2212.0
2024-10-25 13:38:00+00:00,AVDX,8.119999885559082,8.119999885559082,8.119999885559082,8.114999771118164,8.114999771118164,1277.0
2024-10-25 13:38:00+00:00,AVGO,174.60000610351562,174.60000610351562,174.6199951171875,174.42999267578125,174.49000549316406,12183.0
2024-10-25 13:38:00+00:00,AVT,54.04999923706055,54.04999923706055,54.064998626708984,54.04999923706055,54.064998626708984,300.0
2024-10-25 13:38:00+00:00,BL,56.20000076293945,56.20000076293945,56.20000076293945,56.20000076293945,56.20000076293945,578.0
2024-10-25 13:38:00+00:00,BLKB,85.70500183105469,85.70500183105469,85.70500183105469,85.70500183105469,85.70500183105469,438.0
2024-10-25 13:38:00+00:00,BMBL,7.135000228881836,7.135000228881836,7.139999866485596,7.135000228881836,7.139999866485596,5182.0
2024-10-25 13:38:00+00:00,BRZE,30.655000686645508,30.655000686645508,30.65999984741211,30.655000686645508,30.65999984741211,857.0
2024-10-25 13:38:00+00:00,BSY,49.099998474121094,49.099998474121094,49.099998474121094,49.072601318359375,49.072601318359375,557.0
2024-10-25 13:38:00+00:00,CAMT,78.06999969482422,78.06999969482422,78.06999969482422,78.06999969482422,78.06999969482422,655.0
2024-10-25 13:38:00+00:00,CAN,0.9818000197410583,0.9818000197410583,0.9818000197410583,0.9818000197410583,0.9818000197410583,252.0
2024-10-25 13:38:00+00:00,CDNS,258.3800048828125,258.3800048828125,258.4949951171875,258.2799987792969,258.44500732421875,7395.0
2024-10-25 13:38:00+00:00,CDW,219.0800018310547,219.0800018310547,219.0800018310547,219.0800018310547,219.0800018310547,1065.0
2024-10-25 13:38:00+00:00,CFLT,22.559999465942383,22.559999465942383,22.559999465942383,22.530000686645508,22.530000686645508,4789.0
2024-10-25 13:38:00+00:00,CGNX,38.93000030517578,38.93000030517578,38.93000030517578,38.91999816894531,38.91999816894531,1160.0
2024-10-25 13:38:00+00:00,CLBT,18.18000030517578,18.18000030517578,18.18000030517578,18.18000030517578,18.18000030517578,280.0
2024-10-25 13:38:00+00:00,CLSK,11.9399995803833,11.9399995803833,11.9399995803833,11.875,11.875,77214.0
2024-10-25 13:38:00+00:00,CNDT,3.615000009536743,3.615000009536743,3.615000009536743,3.615000009536743,3.615000009536743,661.0
2024-10-25 13:38:00+00:00,CNXC,44.525001525878906,44.525001525878906,44.525001525878906,44.525001525878906,44.525001525878906,447.0
2024-10-25 13:38:00+00:00,COHR,95.38999938964844,95.38999938964844,95.38999938964844,95.38999938964844,95.38999938964844,570.0
2024-10-25 13:38:00+00:00,COHU,26.229999542236328,26.229999542236328,26.229999542236328,26.229999542236328,26.229999542236328,125.0
2024-10-25 13:38:00+00:00,COIN,211.18040466308594,211.18040466308594,211.24989318847656,210.5399932861328,210.5399932861328,10958.0
2024-10-25 13:38:00+00:00,COMM,6.295000076293945,6.295000076293945,6.295000076293945,6.295000076293945,6.295000076293945,385.0
2024-10-25 13:38:00+00:00,CORZ,13.5600004196167,13.5600004196167,13.5600004196167,13.539999961853027,13.539999961853027,14196.0
2024-10-25 13:38:00+00:00,CORZW,7.980000019073486,7.980000019073486,7.989999771118164,7.96999979019165,7.96999979019165,2604.0
2024-10-25 13:38:00+00:00,CRDO,39.209999084472656,39.209999084472656,39.209999084472656,39.08000183105469,39.08000183105469,5928.0
2024-10-25 13:38:00+00:00,CRNC,2.9049999713897705,2.9049999713897705,2.9049999713897705,2.9049999713897705,2.9049999713897705,498.0
2024-10-25 13:38:00+00:00,CRSR,6.34499979019165,6.34499979019165,6.34499979019165,6.34499979019165,6.34499979019165,262.0
2024-10-25 13:38:00+00:00,CRUS,123.05000305175781,123.05000305175781,123.05000305175781,123.05000305175781,123.05000305175781,245.0
2024-10-25 13:38:00+00:00,CRWD,299.29998779296875,299.29998779296875,299.40380859375,299.0,299.32000732421875,15963.0
2024-10-25 13:38:00+00:00,CSCO,55.869998931884766,55.869998931884766,55.869998931884766,55.82500076293945,55.84489822387695,11889.0
2024-10-25 13:38:00+00:00,CSGS,47.36000061035156,47.36000061035156,47.36000061035156,47.36000061035156,47.36000061035156,1004.0
2024-10-25 13:38:00+00:00,CSIQ,13.4399995803833,13.4399995803833,13.4399995803833,13.420000076293945,13.420000076293945,2276.0
2024-10-25 13:38:00+00:00,CTSH,74.81500244140625,74.81500244140625,74.81500244140625,74.76499938964844,74.76499938964844,2140.0
2024-10-25 13:38:00+00:00,CVLT,134.52000427246094,134.52000427246094,134.52000427246094,134.52000427246094,134.52000427246094,557.0
2024-10-25 13:38:00+00:00,DATS,1.6562000513076782,1.6562000513076782,1.6562000513076782,1.6562000513076782,1.6562000513076782,111.0
2024-10-25 13:38:00+00:00,DAVE,39.220001220703125,39.220001220703125,39.220001220703125,39.220001220703125,39.220001220703125,250.0
2024-10-25 13:38:00+00:00,DBX,25.924999237060547,25.924999237060547,25.924999237060547,25.924999237060547,25.924999237060547,426.0
2024-10-25 13:38:00+00:00,DDOG,126.97000122070312,126.97000122070312,127.0,126.91999816894531,126.93000030517578,3212.0
2024-10-25 13:38:00+00:00,DLO,8.829999923706055,8.829999923706055,8.829999923706055,8.829999923706055,8.829999923706055,1932.0
2024-10-25 13:38:00+00:00,DOCU,69.53399658203125,69.53399658203125,69.55500030517578,69.53399658203125,69.55000305175781,1744.0
2024-10-25 13:38:00+00:00,DOMO,8.050000190734863,8.050000190734863,8.050000190734863,8.045000076293945,8.045000076293945,253.0
2024-10-25 13:38:00+00:00,DOX,89.37000274658203,89.37000274658203,89.37000274658203,89.37000274658203,89.37000274658203,583.0
2024-10-25 13:38:00+00:00,DSP,11.430000305175781,11.430000305175781,11.430000305175781,11.430000305175781,11.430000305175781,169.0
2024-10-25 13:38:00+00:00,DTSS,2.4800000190734863,2.4800000190734863,2.4800000190734863,2.4800000190734863,2.4800000190734863,61.0
2024-10-25 13:38:00+00:00,DUOL,289.05999755859375,289.05999755859375,289.07000732421875,288.760009765625,288.760009765625,1096.0
2024-10-25 13:38:00+00:00,EEFT,99.3499984741211,99.3499984741211,99.3499984741211,99.3499984741211,99.3499984741211,463.0
2024-10-25 13:38:00+00:00,ENPH,83.04000091552734,83.04000091552734,83.04000091552734,82.81009674072266,82.83200073242188,8217.0
2024-10-25 13:38:00+00:00,ENTG,105.5199966430664,105.5199966430664,105.5199966430664,105.44000244140625,105.45999908447266,1509.0
2024-10-25 13:38:00+00:00,ERIC,8.450699806213379,8.450699806213379,8.458000183105469,8.449999809265137,8.458000183105469,1854.0
2024-10-25 13:38:00+00:00,EVCM,10.569999694824219,10.569999694824219,10.569999694824219,10.569999694824219,10.569999694824219,111.0
2024-10-25 13:38:00+00:00,EXLS,38.709999084472656,38.709999084472656,38.720001220703125,38.709999084472656,38.709999084472656,1001.0
2024-10-25 13:38:00+00:00,EXTR,14.399999618530273,14.399999618530273,14.399999618530273,14.399999618530273,14.399999618530273,514.0
2024-10-25 13:38:00+00:00,FARO,18.1299991607666,18.1299991607666,18.1299991607666,18.1299991607666,18.1299991607666,214.0
2024-10-25 13:38:00+00:00,FCUV,0.25999999046325684,0.25999999046325684,0.25999999046325684,0.25999999046325684,0.25999999046325684,2351.0
2024-10-25 13:38:00+00:00,FFIV,216.25999450683594,216.25999450683594,216.25999450683594,216.1199951171875,216.1999969482422,1078.0
2024-10-25 13:38:00+00:00,FIVN,29.950000762939453,29.950000762939453,29.950000762939453,29.940000534057617,29.950000762939453,1399.0
2024-10-25 13:38:00+00:00,FLEX,35.2400016784668,35.2400016784668,35.2400016784668,35.209999084472656,35.209999084472656,2210.0
2024-10-25 13:38:00+00:00,FLYW,17.510000228881836,17.510000228881836,17.510000228881836,17.510000228881836,17.510000228881836,1007.0
2024-10-25 13:38:00+00:00,FROG,29.219999313354492,29.219999313354492,29.219999313354492,29.219999313354492,29.219999313354492,200.0
2024-10-25 13:38:00+00:00,FRSH,11.654999732971191,11.654999732971191,11.654999732971191,11.654999732971191,11.654999732971191,483.0
2024-10-25 13:38:00+00:00,FSLR,197.88999938964844,197.88999938964844,197.88999938964844,197.6029052734375,197.6029052734375,1608.0
2024-10-25 13:38:00+00:00,FTCI,0.6610000133514404,0.6610000133514404,0.6610000133514404,0.6610000133514404,0.6610000133514404,2400.0
2024-10-25 13:38:00+00:00,FTNT,80.73999786376953,80.73999786376953,80.73999786376953,80.71730041503906,80.7249984741211,2289.0
2024-10-25 13:38:00+00:00,GCT,24.719999313354492,24.719999313354492,24.719999313354492,24.690000534057617,24.690000534057617,1002.0
2024-10-25 13:38:00+00:00,GDS,21.450000762939453,21.450000762939453,21.450000762939453,21.450000762939453,21.450000762939453,570.0
2024-10-25 13:38:00+00:00,GFS,40.880001068115234,40.880001068115234,40.90999984741211,40.880001068115234,40.90999984741211,2456.0
2024-10-25 13:38:00+00:00,GPRO,1.3350000381469727,1.3350000381469727,1.3350000381469727,1.3350000381469727,1.3350000381469727,424.0
2024-10-25 13:38:00+00:00,GRAB,4.099999904632568,4.099999904632568,4.099999904632568,4.090000152587891,4.099999904632568,6761.0
2024-10-25 13:38:00+00:00,GTLB,55.41999816894531,55.41999816894531,55.41999816894531,55.41999816894531,55.41999816894531,499.0
2024-10-25 13:38:00+00:00,HCKT,24.7450008392334,24.7450008392334,24.7450008392334,24.7450008392334,24.7450008392334,755.0
2024-10-25 13:38:00+00:00,HCP,33.665000915527344,33.665000915527344,33.665000915527344,33.665000915527344,33.665000915527344,1259.0
2024-10-25 13:38:00+00:00,HIMX,6.178899765014648,6.178899765014648,6.178899765014648,6.178899765014648,6.178899765014648,1543.0
2024-10-25 13:38:00+00:00,HLIT,14.800000190734863,14.800000190734863,14.800000190734863,14.800000190734863,14.800000190734863,1011.0
2024-10-25 13:38:00+00:00,HOLO,3.60260009765625,3.60260009765625,3.6078999042510986,3.60260009765625,3.6078999042510986,3510.0
2024-10-25 13:38:00+00:00,HOOD,27.235000610351562,27.235000610351562,27.235000610351562,27.21500015258789,27.219999313354492,7561.0
2024-10-25 13:38:00+00:00,IDAI,0.2287999987602234,0.2287999987602234,0.2287999987602234,0.2287999987602234,0.2287999987602234,0.0
2024-10-25 13:38:00+00:00,IMXI,17.59000015258789,17.59000015258789,17.59000015258789,17.59000015258789,17.59000015258789,380.0
2024-10-25 13:38:00+00:00,INDI,3.559999942779541,3.559999942779541,3.559999942779541,3.555000066757202,3.555000066757202,2335.0
2024-10-25 13:38:00+00:00,INFN,6.78000020980835,6.78000020980835,6.78000020980835,6.78000020980835,6.78000020980835,1412.0
2024-10-25 13:38:00+00:00,INTA,50.084999084472656,50.084999084472656,50.09000015258789,50.03499984741211,50.03499984741211,1558.0
2024-10-25 13:38:00+00:00,INTC,22.949800491333008,22.949800491333008,22.950000762939453,22.920000076293945,22.92329978942871,43748.0
2024-10-25 13:38:00+00:00,INTU,609.510009765625,609.510009765625,609.7000122070312,609.510009765625,609.7000122070312,1074.0
2024-10-25 13:38:00+00:00,IPGP,77.41500091552734,77.41500091552734,77.41500091552734,77.41500091552734,77.41500091552734,384.0
2024-10-25 13:38:00+00:00,ITRI,102.58999633789062,102.58999633789062,102.58999633789062,102.58999633789062,102.58999633789062,380.0
2024-10-25 13:38:00+00:00,KC,2.7149999141693115,2.7149999141693115,2.7200000286102295,2.7149999141693115,2.7200000286102295,452.0
2024-10-25 13:38:00+00:00,KLAC,677.2449951171875,677.2449951171875,677.2449951171875,677.0,677.0,763.0
2024-10-25 13:38:00+00:00,KLIC,44.560001373291016,44.560001373291016,44.560001373291016,44.560001373291016,44.560001373291016,123.0
2024-10-25 13:38:00+00:00,LITE,63.939998626708984,63.939998626708984,63.970001220703125,63.880001068115234,63.880001068115234,3564.0
2024-10-25 13:38:00+00:00,LPSN,1.159999966621399,1.159999966621399,1.159999966621399,1.159999966621399,1.159999966621399,1244.0
2024-10-25 13:38:00+00:00,LRCX,78.79499816894531,78.79499816894531,78.79499816894531,78.7311019897461,78.7699966430664,17998.0
2024-10-25 13:38:00+00:00,LSCC,54.45000076293945,54.45000076293945,54.45000076293945,54.400001525878906,54.400001525878906,1849.0
2024-10-25 13:38:00+00:00,LTRX,4.074999809265137,4.074999809265137,4.074999809265137,4.074999809265137,4.074999809265137,1683.0
2024-10-25 13:38:00+00:00,LYFT,13.71500015258789,13.71500015258789,13.720000267028809,13.71500015258789,13.717499732971191,6168.0
2024-10-25 13:38:00+00:00,MANH,275.25,275.25,275.25,275.25,275.25,821.0
2024-10-25 13:38:00+00:00,MAXN,5.625,5.625,5.625,5.625,5.625,202.0
2024-10-25 13:38:00+00:00,MCHP,76.9000015258789,76.9000015258789,76.91999816894531,76.88999938964844,76.88999938964844,4544.0
2024-10-25 13:38:00+00:00,MDB,266.80499267578125,266.80499267578125,266.80499267578125,266.7325134277344,266.7325134277344,2188.0
2024-10-25 13:38:00+00:00,MKSI,101.29000091552734,101.29000091552734,101.29000091552734,101.27999877929688,101.27999877929688,320.0
2024-10-25 13:38:00+00:00,MNDY,300.0,300.0,300.0,299.989990234375,299.989990234375,962.0
2024-10-25 13:38:00+00:00,MPWR,918.0349731445312,918.0349731445312,918.0349731445312,918.0349731445312,918.0349731445312,750.0
2024-10-25 13:38:00+00:00,MQ,5.275000095367432,5.275000095367432,5.28000020980835,5.275000095367432,5.275000095367432,6545.0
2024-10-25 13:38:00+00:00,MRVL,82.3949966430664,82.3949966430664,82.41999816894531,82.3550033569336,82.37999725341797,19419.0
2024-10-25 13:38:00+00:00,MSFT,428.17999267578125,428.17999267578125,428.25,427.80999755859375,427.9599914550781,17374.0
2024-10-25 13:38:00+00:00,MSTR,238.7220001220703,238.7220001220703,238.83999633789062,237.9824981689453,238.22000122070312,49348.0
2024-10-25 13:38:00+00:00,MTSI,120.2699966430664,120.2699966430664,120.32499694824219,120.23999786376953,120.32499694824219,676.0
2024-10-25 13:38:00+00:00,MTTR,4.635000228881836,4.635000228881836,4.635000228881836,4.630000114440918,4.632500171661377,3591.0
2024-10-25 13:38:00+00:00,MU,108.31999969482422,108.31999969482422,108.31999969482422,108.23999786376953,108.27999877929688,10449.0
2024-10-25 13:38:00+00:00,MVIS,1.0839999914169312,1.0839999914169312,1.0850000381469727,1.0839999914169312,1.0850000381469727,410.0
2024-10-25 13:38:00+00:00,MXL,14.829999923706055,14.829999923706055,14.829999923706055,14.8100004196167,14.8100004196167,1058.0
2024-10-25 13:38:00+00:00,NCNO,37.70000076293945,37.70000076293945,37.70000076293945,37.689998626708984,37.689998626708984,1823.0
2024-10-25 13:38:00+00:00,NSIT,208.60000610351562,208.60000610351562,208.60000610351562,208.60000610351562,208.60000610351562,349.0
2024-10-25 13:38:00+00:00,NTAP,119.96499633789062,119.96499633789062,119.96499633789062,119.95999908447266,119.95999908447266,408.0
2024-10-25 13:38:00+00:00,NTCT,20.690000534057617,20.690000534057617,20.690000534057617,20.690000534057617,20.690000534057617,436.0
2024-10-25 13:38:00+00:00,NTNX,62.13750076293945,62.13750076293945,62.13750076293945,62.04999923706055,62.060001373291016,4272.0
2024-10-25 13:38:00+00:00,NVDA,142.39500427246094,142.39500427246094,142.39999389648438,142.25,142.32000732421875,422201.0
2024-10-25 13:38:00+00:00,NVTS,2.565000057220459,2.565000057220459,2.568000078201294,2.565000057220459,2.568000078201294,583.0
2024-10-25 13:38:00+00:00,NXPI,244.66000366210938,244.66000366210938,244.72999572753906,244.52000427246094,244.72999572753906,4895.0
2024-10-25 13:38:00+00:00,ON,71.87000274658203,71.87000274658203,71.9000015258789,71.83999633789062,71.87999725341797,40073.0
2024-10-25 13:38:00+00:00,OTEX,33.314998626708984,33.314998626708984,33.314998626708984,33.310001373291016,33.310001373291016,614.0
2024-10-25 13:38:00+00:00,PANW,367.3599853515625,367.3599853515625,367.3599853515625,367.0400085449219,367.0400085449219,1255.0
2024-10-25 13:38:00+00:00,PAYO,8.295000076293945,8.295000076293945,8.295000076293945,8.295000076293945,8.295000076293945,1378.0
2024-10-25 13:38:00+00:00,PAYS,3.734999895095825,3.734999895095825,3.734999895095825,3.734999895095825,3.734999895095825,200.0
2024-10-25 13:38:00+00:00,PCTY,173.26499938964844,173.26499938964844,173.26499938964844,173.26499938964844,173.26499938964844,514.0
2024-10-25 13:38:00+00:00,PEGA,79.26519775390625,79.26519775390625,79.27629852294922,79.26519775390625,79.27629852294922,2931.0
2024-10-25 13:38:00+00:00,PGY,11.821900367736816,11.821900367736816,11.821900367736816,11.819999694824219,11.819999694824219,581.0
2024-10-25 13:38:00+00:00,PHUN,10.260000228881836,10.260000228881836,10.270000457763672,10.25,10.268600463867188,12139.0
2024-10-25 13:38:00+00:00,PI,202.25999450683594,202.25999450683594,202.25999450683594,202.25999450683594,202.25999450683594,512.0
2024-10-25 13:38:00+00:00,PLXS,141.375,141.375,141.39999389648438,141.24000549316406,141.24000549316406,2299.0
2024-10-25 13:38:00+00:00,POET,3.847599983215332,3.847599983215332,3.847599983215332,3.847599983215332,3.847599983215332,921.0
2024-10-25 13:38:00+00:00,PTC,186.33999633789062,186.33999633789062,186.5,186.33999633789062,186.5,765.0
2024-10-25 13:38:00+00:00,PUBM,14.765000343322754,14.765000343322754,14.765000343322754,14.765000343322754,14.765000343322754,1154.0
2024-10-25 13:38:00+00:00,PYCR,14.3100004196167,14.3100004196167,14.3100004196167,14.3100004196167,14.3100004196167,1474.0
2024-10-25 13:38:00+00:00,QCOM,171.71499633789062,171.71499633789062,171.72779846191406,171.58999633789062,171.67999267578125,8967.0
2024-10-25 13:38:00+00:00,QRVO,100.2300033569336,100.2300033569336,100.2300033569336,100.2300033569336,100.2300033569336,915.0
2024-10-25 13:38:00+00:00,RELY,14.84000015258789,14.84000015258789,14.84000015258789,14.84000015258789,14.84000015258789,608.0
2024-10-25 13:38:00+00:00,RGTI,1.2111999988555908,1.2111999988555908,1.2200000286102295,1.2111999988555908,1.2200000286102295,36512.0
2024-10-25 13:38:00+00:00,RIOT,9.984999656677246,9.984999656677246,9.984999656677246,9.960000038146973,9.969900131225586,27408.0
2024-10-25 13:38:00+00:00,RMBS,43.375,43.375,43.375,43.32500076293945,43.32500076293945,1916.0
2024-10-25 13:38:00+00:00,RUM,5.795199871063232,5.795199871063232,5.795199871063232,5.784999847412109,5.784999847412109,2027.0
2024-10-25 13:38:00+00:00,RUN,14.305000305175781,14.305000305175781,14.305000305175781,14.265000343322754,14.265000343322754,7948.0
2024-10-25 13:38:00+00:00,SANM,67.52999877929688,67.52999877929688,67.53500366210938,67.52999877929688,67.53500366210938,412.0
2024-10-25 13:38:00+00:00,SATS,25.020000457763672,25.020000457763672,25.040000915527344,25.020000457763672,25.040000915527344,3706.0
2024-10-25 13:38:00+00:00,SCSC,44.709999084472656,44.709999084472656,44.709999084472656,44.709999084472656,44.709999084472656,312.0
2024-10-25 13:38:00+00:00,SEDG,15.9399995803833,15.9399995803833,15.949999809265137,15.880999565124512,15.880999565124512,12575.0
2024-10-25 13:38:00+00:00,SHLS,5.235000133514404,5.235000133514404,5.239999771118164,5.235000133514404,5.235000133514404,9268.0
2024-10-25 13:38:00+00:00,SIMO,56.59000015258789,56.59000015258789,56.59000015258789,56.59000015258789,56.59000015258789,1210.0
2024-10-25 13:38:00+00:00,SKYT,10.645000457763672,10.645000457763672,10.645000457763672,10.645000457763672,10.645000457763672,292.0
2024-10-25 13:38:00+00:00,SLNH,4.009900093078613,4.009900093078613,4.009900093078613,4.009900093078613,4.009900093078613,274.0
2024-10-25 13:38:00+00:00,SMCI,47.06999969482422,47.06999969482422,47.06999969482422,47.0099983215332,47.040000915527344,35189.0
2024-10-25 13:38:00+00:00,SMTC,45.80500030517578,45.80500030517578,45.80500030517578,45.80500030517578,45.80500030517578,302.0
2024-10-25 13:38:00+00:00,SNPS,502.8901062011719,502.8901062011719,502.8901062011719,502.8901062011719,502.8901062011719,847.0
2024-10-25 13:38:00+00:00,SONO,12.765000343322754,12.765000343322754,12.770000457763672,12.729999542236328,12.729999542236328,24447.0
2024-10-25 13:38:00+00:00,SOUN,5.190999984741211,5.190999984741211,5.19980001449585,5.190999984741211,5.195000171661377,15692.0
2024-10-25 13:38:00+00:00,SPT,26.809999465942383,26.809999465942383,26.809999465942383,26.809999465942383,26.809999465942383,245.0
2024-10-25 13:38:00+00:00,SRAD,12.350000381469727,12.350000381469727,12.350000381469727,12.350000381469727,12.350000381469727,403.0
2024-10-25 13:38:00+00:00,SSNC,69.5999984741211,69.5999984741211,69.66000366210938,69.58999633789062,69.66000366210938,8191.0
2024-10-25 13:38:00+00:00,SSYS,7.070000171661377,7.070000171661377,7.070000171661377,7.070000171661377,7.070000171661377,419.0
2024-10-25 13:38:00+00:00,STER,16.739999771118164,16.739999771118164,16.739999771118164,16.739999771118164,16.739999771118164,219.0
2024-10-25 13:38:00+00:00,STNE,11.545999526977539,11.545999526977539,11.550000190734863,11.529999732971191,11.529999732971191,24793.0
2024-10-25 13:38:00+00:00,STX,103.79000091552734,103.79000091552734,103.79000091552734,103.77999877929688,103.77999877929688,1369.0
2024-10-25 13:38:00+00:00,SWKS,96.37999725341797,96.37999725341797,96.37999725341797,96.37999725341797,96.37999725341797,369.0
2024-10-25 13:38:00+00:00,SYTA,1.2999999523162842,1.2999999523162842,1.2999999523162842,1.2999999523162842,1.2999999523162842,1199.0
2024-10-25 13:38:00+00:00,TASK,11.975000381469727,11.975000381469727,11.975000381469727,11.975000381469727,11.975000381469727,741.0
2024-10-25 13:38:00+00:00,TEAM,189.39999389648438,189.39999389648438,189.6750030517578,189.25,189.6750030517578,26586.0
2024-10-25 13:38:00+00:00,TENB,41.650001525878906,41.650001525878906,41.650001525878906,41.650001525878906,41.650001525878906,537.0
2024-10-25 13:38:00+00:00,TER,112.95999908447266,112.95999908447266,112.95999908447266,112.80999755859375,112.83000183105469,6547.0
2024-10-25 13:38:00+00:00,TTD,118.62999725341797,118.62999725341797,118.62999725341797,118.4800033569336,118.51000213623047,2010.0
2024-10-25 13:38:00+00:00,TTMI,19.610000610351562,19.610000610351562,19.639999389648438,19.610000610351562,19.639999389648438,2626.0
2024-10-25 13:38:00+00:00,TXN,208.0800018310547,208.0800018310547,208.0800018310547,207.97000122070312,208.0,8704.0
2024-10-25 13:38:00+00:00,UCTT,35.80500030517578,35.80500030517578,35.80500030517578,35.80500030517578,35.80500030517578,407.0
2024-10-25 13:38:00+00:00,VERB,10.350000381469727,10.350000381469727,10.350000381469727,10.350000381469727,10.350000381469727,3900.0
2024-10-25 13:38:00+00:00,VERX,41.66999816894531,41.66999816894531,41.66999816894531,41.66999816894531,41.66999816894531,107.0
2024-10-25 13:38:00+00:00,VICR,46.61000061035156,46.61000061035156,46.61000061035156,46.61000061035156,46.61000061035156,1385.0
2024-10-25 13:38:00+00:00,VMEO,4.760000228881836,4.760000228881836,4.769999980926514,4.760000228881836,4.769999980926514,714.0
2024-10-25 13:38:00+00:00,VNET,3.424999952316284,3.424999952316284,3.424999952316284,3.424999952316284,3.424999952316284,415.0
2024-10-25 13:38:00+00:00,VOXX,7.590000152587891,7.590000152587891,7.590000152587891,7.590000152587891,7.590000152587891,133.0
2024-10-25 13:38:00+00:00,VRNS,56.72999954223633,56.72999954223633,56.72999954223633,56.70000076293945,56.72999954223633,1821.0
2024-10-25 13:38:00+00:00,VRNT,22.024999618530273,22.024999618530273,22.070999145507812,22.020000457763672,22.070999145507812,3094.0
2024-10-25 13:38:00+00:00,VRSN,184.4199981689453,184.4199981689453,184.49000549316406,184.4199981689453,184.4600067138672,856.0
2024-10-25 13:38:00+00:00,VUZI,1.3200000524520874,1.3200000524520874,1.3200000524520874,1.3200000524520874,1.3200000524520874,18316.0
2024-10-25 13:38:00+00:00,WDC,70.58999633789062,70.58999633789062,70.5999984741211,70.51000213623047,70.51000213623047,14728.0
2024-10-25 13:38:00+00:00,WISA,1.9814000129699707,1.9814000129699707,2.0,1.9801000356674194,1.9900000095367432,7467.0
2024-10-25 13:38:00+00:00,XRX,9.989999771118164,9.989999771118164,9.989999771118164,9.984999656677246,9.989700317382812,2617.0
2024-10-25 13:38:00+00:00,ZBRA,361.6400146484375,361.6400146484375,361.760009765625,361.42999267578125,361.42999267578125,4351.0
2024-10-25 13:38:00+00:00,ZI,10.5,10.5,10.5,10.494999885559082,10.494999885559082,913.0
2024-10-25 13:38:00+00:00,ZM,72.97000122070312,72.97000122070312,72.97000122070312,72.97000122070312,72.97000122070312,450.0
2024-10-25 13:39:00+00:00,AAPL,231.6999969482422,231.6999969482422,231.74000549316406,231.6300048828125,231.74000549316406,23643.0
2024-10-25 13:39:00+00:00,ACIW,48.6068000793457,48.6068000793457,48.619998931884766,48.6068000793457,48.619998931884766,506.0
2024-10-25 13:39:00+00:00,ACLS,90.12999725341797,90.12999725341797,90.1500015258789,90.12999725341797,90.1500015258789,650.0
2024-10-25 13:39:00+00:00,ADBE,484.1600036621094,484.1600036621094,484.1600036621094,484.1600036621094,484.1600036621094,607.0
2024-10-25 13:39:00+00:00,ADI,232.35000610351562,232.35000610351562,232.5399932861328,232.35000610351562,232.5,1252.0
2024-10-25 13:39:00+00:00,AEHR,17.097900390625,17.097900390625,17.097900390625,17.097900390625,17.097900390625,2607.0
2024-10-25 13:39:00+00:00,AFRM,41.415000915527344,41.415000915527344,41.459999084472656,41.38999938964844,41.38999938964844,13140.0
2024-10-25 13:39:00+00:00,AGYS,110.99500274658203,110.99500274658203,110.99500274658203,110.99500274658203,110.99500274658203,132.0
2024-10-25 13:39:00+00:00,AKAM,102.43000030517578,102.43000030517578,102.43000030517578,102.43000030517578,102.43000030517578,477.0
2024-10-25 13:39:00+00:00,ALGM,22.989999771118164,22.989999771118164,22.989999771118164,22.969999313354492,22.969999313354492,1139.0
2024-10-25 13:39:00+00:00,AMAT,187.83999633789062,187.83999633789062,187.85499572753906,187.71009826660156,187.85499572753906,2038.0
2024-10-25 13:39:00+00:00,AMD,156.83200073242188,156.83200073242188,156.9199981689453,156.77999877929688,156.8560028076172,32606.0
2024-10-25 13:39:00+00:00,AOSL,36.529998779296875,36.529998779296875,36.529998779296875,36.529998779296875,36.529998779296875,2182.0
2024-10-25 13:39:00+00:00,API,2.8949999809265137,2.8949999809265137,2.8949999809265137,2.8949999809265137,2.8949999809265137,300.0
2024-10-25 13:39:00+00:00,APP,160.59500122070312,160.59500122070312,160.59500122070312,160.52999877929688,160.5399932861328,1283.0
2024-10-25 13:39:00+00:00,APPN,31.90999984741211,31.90999984741211,31.90999984741211,31.899999618530273,31.899999618530273,682.0
2024-10-25 13:39:00+00:00,APPS,3.055000066757202,3.055000066757202,3.055000066757202,3.055000066757202,3.055000066757202,802.0
2024-10-25 13:39:00+00:00,ARRY,6.34499979019165,6.34499979019165,6.3495001792907715,6.34499979019165,6.346499919891357,6288.0
2024-10-25 13:39:00+00:00,ASML,715.7365112304688,715.7365112304688,715.7365112304688,715.3499755859375,715.3499755859375,1156.0
2024-10-25 13:39:00+00:00,AVDX,8.125,8.125,8.125,8.119999885559082,8.119999885559082,823.0
2024-10-25 13:39:00+00:00,AVGO,174.6199951171875,174.6199951171875,174.6699981689453,174.5800018310547,174.6199951171875,9103.0
2024-10-25 13:39:00+00:00,AVT,54.06999969482422,54.06999969482422,54.06999969482422,54.06999969482422,54.06999969482422,483.0
2024-10-25 13:39:00+00:00,AXTI,2.684999942779541,2.684999942779541,2.684999942779541,2.684999942779541,2.684999942779541,500.0
2024-10-25 13:39:00+00:00,BAND,17.6200008392334,17.6200008392334,17.6200008392334,17.594999313354492,17.610000610351562,1831.0
2024-10-25 13:39:00+00:00,BIGC,5.304999828338623,5.304999828338623,5.304999828338623,5.300000190734863,5.300000190734863,548.0
2024-10-25 13:39:00+00:00,BMBL,7.15500020980835,7.15500020980835,7.15500020980835,7.135000228881836,7.135000228881836,10041.0
2024-10-25 13:39:00+00:00,BRZE,30.655000686645508,30.655000686645508,30.655000686645508,30.639999389648438,30.639999389648438,933.0
2024-10-25 13:39:00+00:00,BSY,49.0900993347168,49.0900993347168,49.0900993347168,49.07529830932617,49.07529830932617,586.0
2024-10-25 13:39:00+00:00,CAN,0.9804999828338623,0.9804999828338623,0.9815999865531921,0.9804999828338623,0.9804999828338623,38768.0
2024-10-25 13:39:00+00:00,CDNS,258.2499084472656,258.2499084472656,258.4049987792969,258.010009765625,258.4049987792969,5003.0
2024-10-25 13:39:00+00:00,CETX,0.30160000920295715,0.30160000920295715,0.30320000648498535,0.30160000920295715,0.30320000648498535,2750.0
2024-10-25 13:39:00+00:00,CFLT,22.545000076293945,22.545000076293945,22.55500030517578,22.545000076293945,22.55500030517578,5675.0
2024-10-25 13:39:00+00:00,CGNT,6.619999885559082,6.619999885559082,6.619999885559082,6.619999885559082,6.619999885559082,1005.0
2024-10-25 13:39:00+00:00,CGNX,38.95000076293945,38.95000076293945,38.95000076293945,38.95000076293945,38.95000076293945,435.0
2024-10-25 13:39:00+00:00,CLFD,36.40999984741211,36.40999984741211,36.40999984741211,36.40999984741211,36.40999984741211,328.0
2024-10-25 13:39:00+00:00,CLSK,11.961299896240234,11.961299896240234,11.961299896240234,11.932900428771973,11.934000015258789,52277.0
2024-10-25 13:39:00+00:00,CMTL,3.7200000286102295,3.7200000286102295,3.7200000286102295,3.7200000286102295,3.7200000286102295,326.0
2024-10-25 13:39:00+00:00,CNDT,3.615000009536743,3.615000009536743,3.615000009536743,3.615000009536743,3.615000009536743,446.0
2024-10-25 13:39:00+00:00,CNXC,44.52040100097656,44.52040100097656,44.52040100097656,44.52040100097656,44.52040100097656,231.0
2024-10-25 13:39:00+00:00,COHR,95.51000213623047,95.51000213623047,95.51000213623047,95.4800033569336,95.4800033569336,1986.0
2024-10-25 13:39:00+00:00,COHU,26.239999771118164,26.239999771118164,26.239999771118164,26.239999771118164,26.239999771118164,311.0
2024-10-25 13:39:00+00:00,COIN,211.3800048828125,211.3800048828125,211.41000366210938,211.0500030517578,211.1999969482422,9799.0
2024-10-25 13:39:00+00:00,COMM,6.304999828338623,6.304999828338623,6.304999828338623,6.300000190734863,6.300000190734863,2496.0
2024-10-25 13:39:00+00:00,CORZ,13.531200408935547,13.531200408935547,13.5600004196167,13.529999732971191,13.555000305175781,31485.0
2024-10-25 13:39:00+00:00,CRDO,39.314998626708984,39.314998626708984,39.31999969482422,39.209999084472656,39.22999954223633,13717.0
2024-10-25 13:39:00+00:00,CRNC,2.90910005569458,2.90910005569458,2.90910005569458,2.90910005569458,2.90910005569458,1051.0
2024-10-25 13:39:00+00:00,CRUS,122.97000122070312,122.97000122070312,122.97000122070312,122.97000122070312,122.97000122070312,153.0
2024-10-25 13:39:00+00:00,CRWD,298.8900146484375,298.8900146484375,299.29998779296875,298.8200988769531,299.2923889160156,9277.0
2024-10-25 13:39:00+00:00,CSCO,55.82600021362305,55.82600021362305,55.8650016784668,55.82500076293945,55.8650016784668,7687.0
2024-10-25 13:39:00+00:00,CSIQ,13.444999694824219,13.444999694824219,13.444999694824219,13.4399995803833,13.444999694824219,792.0
2024-10-25 13:39:00+00:00,CTSH,74.80000305175781,74.80000305175781,74.81999969482422,74.79000091552734,74.80999755859375,3623.0
2024-10-25 13:39:00+00:00,DBX,25.924999237060547,25.924999237060547,25.924999237060547,25.924999237060547,25.924999237060547,589.0
2024-10-25 13:39:00+00:00,DDOG,126.84500122070312,126.84500122070312,126.94000244140625,126.84500122070312,126.94000244140625,2414.0
2024-10-25 13:39:00+00:00,DIOD,66.01000213623047,66.01000213623047,66.01000213623047,66.01000213623047,66.01000213623047,235.0
2024-10-25 13:39:00+00:00,DOCU,69.52999877929688,69.52999877929688,69.56999969482422,69.52999877929688,69.56999969482422,1921.0
2024-10-25 13:39:00+00:00,DOMO,8.045000076293945,8.045000076293945,8.045000076293945,8.045000076293945,8.045000076293945,287.0
2024-10-25 13:39:00+00:00,DSGX,103.83000183105469,103.83000183105469,103.83999633789062,103.83000183105469,103.83999633789062,349.0
2024-10-25 13:39:00+00:00,ENPH,83.0999984741211,83.0999984741211,83.13990020751953,83.07879638671875,83.13990020751953,5163.0
2024-10-25 13:39:00+00:00,ENTG,105.45999908447266,105.45999908447266,105.55000305175781,105.45999908447266,105.54499816894531,5115.0
2024-10-25 13:39:00+00:00,ERIC,8.449999809265137,8.449999809265137,8.454999923706055,8.449999809265137,8.449999809265137,2526.0
2024-10-25 13:39:00+00:00,EXLS,38.71500015258789,38.71500015258789,38.72999954223633,38.71500015258789,38.72999954223633,800.0
2024-10-25 13:39:00+00:00,EXTR,14.425000190734863,14.425000190734863,14.425000190734863,14.420000076293945,14.420000076293945,684.0
2024-10-25 13:39:00+00:00,FIVN,29.959999084472656,29.959999084472656,29.959999084472656,29.940000534057617,29.950000762939453,2565.0
2024-10-25 13:39:00+00:00,FLEX,35.22999954223633,35.22999954223633,35.25,35.22999954223633,35.23500061035156,7831.0
2024-10-25 13:39:00+00:00,FROG,29.209999084472656,29.209999084472656,29.219999313354492,29.209999084472656,29.219999313354492,1654.0
2024-10-25 13:39:00+00:00,FRSH,11.654999732971191,11.654999732971191,11.654999732971191,11.654999732971191,11.654999732971191,456.0
2024-10-25 13:39:00+00:00,FSLR,198.10989379882812,198.10989379882812,198.10989379882812,197.89999389648438,197.9600067138672,2034.0
2024-10-25 13:39:00+00:00,FTCI,0.6610000133514404,0.6610000133514404,0.6610000133514404,0.6610000133514404,0.6610000133514404,100.0
2024-10-25 13:39:00+00:00,FTNT,80.72000122070312,80.72000122070312,80.7699966430664,80.72000122070312,80.73999786376953,2467.0
2024-10-25 13:39:00+00:00,GCT,24.718000411987305,24.718000411987305,24.718000411987305,24.70009994506836,24.709999084472656,1464.0
2024-10-25 13:39:00+00:00,GDS,21.450000762939453,21.450000762939453,21.479900360107422,21.450000762939453,21.450000762939453,1281.0
2024-10-25 13:39:00+00:00,GILT,4.929999828338623,4.929999828338623,4.929999828338623,4.929999828338623,4.929999828338623,751.0
2024-10-25 13:39:00+00:00,GPRO,1.3350000381469727,1.3350000381469727,1.3350000381469727,1.3300000429153442,1.3300000429153442,556.0
2024-10-25 13:39:00+00:00,GRAB,4.09499979019165,4.09499979019165,4.09499979019165,4.09499979019165,4.09499979019165,5021.0
2024-10-25 13:39:00+00:00,GSIT,3.450000047683716,3.450000047683716,3.4700000286102295,3.4200000762939453,3.4200000762939453,7502.0
2024-10-25 13:39:00+00:00,GTLB,55.415000915527344,55.415000915527344,55.415000915527344,55.400001525878906,55.400001525878906,421.0
2024-10-25 13:39:00+00:00,HOLO,3.600100040435791,3.600100040435791,3.600100040435791,3.600100040435791,3.600100040435791,339.0
2024-10-25 13:39:00+00:00,HOOD,27.25,27.25,27.25,27.225000381469727,27.235000610351562,5220.0
2024-10-25 13:39:00+00:00,IDN,2.430000066757202,2.430000066757202,2.430000066757202,2.427999973297119,2.427999973297119,2470.0
2024-10-25 13:39:00+00:00,IMMR,8.71969985961914,8.71969985961914,8.71969985961914,8.71969985961914,8.71969985961914,2204.0
2024-10-25 13:39:00+00:00,IMOS,22.420000076293945,22.420000076293945,22.420000076293945,22.420000076293945,22.420000076293945,202.0
2024-10-25 13:39:00+00:00,INDI,3.550100088119507,3.550100088119507,3.555000066757202,3.550100088119507,3.555000066757202,1133.0
2024-10-25 13:39:00+00:00,INFN,6.78000020980835,6.78000020980835,6.78000020980835,6.78000020980835,6.78000020980835,1779.0
2024-10-25 13:39:00+00:00,INOD,20.158000946044922,20.158000946044922,20.158000946044922,20.158000946044922,20.158000946044922,540.0
2024-10-25 13:39:00+00:00,INTC,22.934999465942383,22.934999465942383,22.957399368286133,22.93000030517578,22.950000762939453,48144.0
2024-10-25 13:39:00+00:00,IPGP,77.31500244140625,77.31500244140625,77.40499877929688,77.22000122070312,77.3499984741211,3800.0
2024-10-25 13:39:00+00:00,ITRI,102.68000030517578,102.68000030517578,102.68000030517578,102.68000030517578,102.68000030517578,266.0
2024-10-25 13:39:00+00:00,ITRN,27.31999969482422,27.31999969482422,27.31999969482422,27.31999969482422,27.31999969482422,651.0
2024-10-25 13:39:00+00:00,JKHY,182.6300048828125,182.6300048828125,182.63999938964844,182.58999633789062,182.63999938964844,2644.0
2024-10-25 13:39:00+00:00,KARO,40.0,40.0,40.0,40.0,40.0,446.0
2024-10-25 13:39:00+00:00,KC,2.7149999141693115,2.7149999141693115,2.7149999141693115,2.7149999141693115,2.7149999141693115,2045.0
2024-10-25 13:39:00+00:00,KLAC,677.77001953125,677.77001953125,677.77001953125,677.77001953125,677.77001953125,197.0
2024-10-25 13:39:00+00:00,KLIC,44.560001373291016,44.560001373291016,44.560001373291016,44.560001373291016,44.560001373291016,717.0
2024-10-25 13:39:00+00:00,LINK,4.96999979019165,4.96999979019165,4.96999979019165,4.96999979019165,4.96999979019165,174.0
2024-10-25 13:39:00+00:00,LITE,63.9900016784668,63.9900016784668,64.02999877929688,63.9900016784668,64.02999877929688,1070.0
2024-10-25 13:39:00+00:00,LPSN,1.1679999828338623,1.1679999828338623,1.1679999828338623,1.1679999828338623,1.1679999828338623,0.0
2024-10-25 13:39:00+00:00,LRCX,78.79000091552734,78.79000091552734,78.81500244140625,78.7699966430664,78.80000305175781,30808.0
2024-10-25 13:39:00+00:00,LSCC,54.43000030517578,54.43000030517578,54.45000076293945,54.43000030517578,54.45000076293945,906.0
2024-10-25 13:39:00+00:00,LYFT,13.725000381469727,13.725000381469727,13.725000381469727,13.71500015258789,13.71500015258789,7502.0
2024-10-25 13:39:00+00:00,MANH,275.19500732421875,275.19500732421875,275.19500732421875,275.19500732421875,275.19500732421875,215.0
2024-10-25 13:39:00+00:00,MCHP,76.91000366210938,76.91000366210938,76.93000030517578,76.88999938964844,76.91999816894531,2088.0
2024-10-25 13:39:00+00:00,MDB,266.739990234375,266.739990234375,266.7900085449219,266.739990234375,266.7900085449219,979.0
2024-10-25 13:39:00+00:00,MKSI,101.2750015258789,101.2750015258789,101.30000305175781,101.2750015258789,101.29000091552734,819.0
2024-10-25 13:39:00+00:00,MNDY,300.2174987792969,300.2174987792969,300.2174987792969,300.2174987792969,300.2174987792969,198.0
2024-10-25 13:39:00+00:00,MQ,5.289999961853027,5.289999961853027,5.289999961853027,5.28000020980835,5.28000020980835,6266.0
2024-10-25 13:39:00+00:00,MRVL,82.47000122070312,82.47000122070312,82.47000122070312,82.4000015258789,82.41000366210938,11253.0
2024-10-25 13:39:00+00:00,MSFT,428.08209228515625,428.08209228515625,428.2900085449219,427.989990234375,428.260009765625,12371.0
2024-10-25 13:39:00+00:00,MSTR,238.92999267578125,238.92999267578125,239.07000732421875,238.36000061035156,238.99000549316406,23346.0
2024-10-25 13:39:00+00:00,MTLS,5.945000171661377,5.945000171661377,5.945000171661377,5.945000171661377,5.945000171661377,383.0
2024-10-25 13:39:00+00:00,MTSI,120.30999755859375,120.30999755859375,120.30999755859375,120.30999755859375,120.30999755859375,282.0
2024-10-25 13:39:00+00:00,MTTR,4.630000114440918,4.630000114440918,4.635000228881836,4.630000114440918,4.635000228881836,3317.0
2024-10-25 13:39:00+00:00,MU,108.37899780273438,108.37899780273438,108.37999725341797,108.33000183105469,108.33999633789062,19497.0
2024-10-25 13:39:00+00:00,MVIS,1.080899953842163,1.080899953842163,1.090000033378601,1.080899953842163,1.090000033378601,4033.0
2024-10-25 13:39:00+00:00,MXL,14.829999923706055,14.829999923706055,14.829999923706055,14.829999923706055,14.829999923706055,807.0
2024-10-25 13:39:00+00:00,NCNO,37.709999084472656,37.709999084472656,37.71500015258789,37.709999084472656,37.71500015258789,1083.0
2024-10-25 13:39:00+00:00,NEON,8.109999656677246,8.109999656677246,8.109999656677246,8.109999656677246,8.109999656677246,771.0
2024-10-25 13:39:00+00:00,NTCT,20.690000534057617,20.690000534057617,20.690000534057617,20.690000534057617,20.690000534057617,720.0
2024-10-25 13:39:00+00:00,NTNX,62.1349983215332,62.1349983215332,62.1349983215332,62.1349983215332,62.1349983215332,460.0
2024-10-25 13:39:00+00:00,NVDA,142.4248046875,142.4248046875,142.4499969482422,142.33990478515625,142.39500427246094,233714.0
2024-10-25 13:39:00+00:00,NVTS,2.565000057220459,2.565000057220459,2.565000057220459,2.565000057220459,2.565000057220459,5247.0
2024-10-25 13:39:00+00:00,NXPI,244.58999633789062,244.58999633789062,244.69000244140625,244.58999633789062,244.69000244140625,2096.0
2024-10-25 13:39:00+00:00,OKTA,72.17500305175781,72.17500305175781,72.17500305175781,72.17500305175781,72.17500305175781,499.0
2024-10-25 13:39:00+00:00,ON,71.87999725341797,71.87999725341797,71.87999725341797,71.81999969482422,71.87999725341797,26687.0
2024-10-25 13:39:00+00:00,PANW,367.1199951171875,367.1199951171875,367.3599853515625,367.1199951171875,367.3599853515625,1255.0
2024-10-25 13:39:00+00:00,PEGY,4.710000038146973,4.710000038146973,4.710000038146973,4.710000038146973,4.710000038146973,1171.0
2024-10-25 13:39:00+00:00,PET,0.8134999871253967,0.8134999871253967,0.8134999871253967,0.8134999871253967,0.8134999871253967,100.0
2024-10-25 13:39:00+00:00,PGY,11.829999923706055,11.829999923706055,11.829999923706055,11.829999923706055,11.829999923706055,166.0
2024-10-25 13:39:00+00:00,PHUN,10.329999923706055,10.329999923706055,10.34000015258789,10.279999732971191,10.279999732971191,52975.0
2024-10-25 13:39:00+00:00,PI,202.1999969482422,202.1999969482422,202.1999969482422,202.1999969482422,202.1999969482422,321.0
2024-10-25 13:39:00+00:00,PLUS,97.6500015258789,97.6500015258789,97.6500015258789,97.6500015258789,97.6500015258789,411.0
2024-10-25 13:39:00+00:00,PLXS,141.30999755859375,141.30999755859375,141.30999755859375,141.30999755859375,141.30999755859375,239.0
2024-10-25 13:39:00+00:00,PRCH,1.3049999475479126,1.3049999475479126,1.3049999475479126,1.3049999475479126,1.3049999475479126,155.0
2024-10-25 13:39:00+00:00,PRGS,64.48500061035156,64.48500061035156,64.48500061035156,64.48500061035156,64.48500061035156,742.0
2024-10-25 13:39:00+00:00,PRTH,5.260000228881836,5.260000228881836,5.288899898529053,5.260000228881836,5.288899898529053,955.0
2024-10-25 13:39:00+00:00,PTC,186.3350067138672,186.3350067138672,186.3350067138672,186.3300018310547,186.3300018310547,663.0
2024-10-25 13:39:00+00:00,PYCR,14.3100004196167,14.3100004196167,14.3100004196167,14.3100004196167,14.3100004196167,1900.0
2024-10-25 13:39:00+00:00,QCOM,171.75999450683594,171.75999450683594,171.7698974609375,171.66000366210938,171.7050018310547,4015.0
2024-10-25 13:39:00+00:00,QRVO,100.30999755859375,100.30999755859375,100.30999755859375,100.25499725341797,100.25499725341797,1197.0
2024-10-25 13:39:00+00:00,QUBT,1.0950000286102295,1.0950000286102295,1.0950000286102295,1.0950000286102295,1.0950000286102295,119.0
2024-10-25 13:39:00+00:00,REFR,2.180000066757202,2.180000066757202,2.180000066757202,2.180000066757202,2.180000066757202,1000.0
2024-10-25 13:39:00+00:00,REKR,1.0950000286102295,1.0950000286102295,1.0950000286102295,1.0950000286102295,1.0950000286102295,250.0
2024-10-25 13:39:00+00:00,RIOT,9.986599922180176,9.986599922180176,9.989899635314941,9.979999542236328,9.984999656677246,20296.0
2024-10-25 13:39:00+00:00,RMBS,43.41999816894531,43.41999816894531,43.41999816894531,43.400001525878906,43.400001525878906,1669.0
2024-10-25 13:39:00+00:00,RPAY,7.599999904632568,7.599999904632568,7.599999904632568,7.599999904632568,7.599999904632568,229.0
2024-10-25 13:39:00+00:00,RUM,5.795000076293945,5.795000076293945,5.795000076293945,5.795000076293945,5.795000076293945,383.0
2024-10-25 13:39:00+00:00,RUN,14.324999809265137,14.324999809265137,14.324999809265137,14.300000190734863,14.305000305175781,9495.0
2024-10-25 13:39:00+00:00,SATS,25.03499984741211,25.03499984741211,25.040000915527344,25.03499984741211,25.040000915527344,1137.0
2024-10-25 13:39:00+00:00,SEDG,15.975000381469727,15.975000381469727,15.999899864196777,15.949999809265137,15.95989990234375,16423.0
2024-10-25 13:39:00+00:00,SHLS,5.239999771118164,5.239999771118164,5.239999771118164,5.239999771118164,5.239999771118164,2948.0
2024-10-25 13:39:00+00:00,SKYT,10.654999732971191,10.654999732971191,10.654999732971191,10.654999732971191,10.654999732971191,222.0
2024-10-25 13:39:00+00:00,SLNH,3.994999885559082,3.994999885559082,3.994999885559082,3.994999885559082,3.994999885559082,70.0
2024-10-25 13:39:00+00:00,SLNHP,13.069999694824219,13.069999694824219,13.069999694824219,13.069999694824219,13.069999694824219,998.0
2024-10-25 13:39:00+00:00,SMCI,47.060001373291016,47.060001373291016,47.09000015258789,47.029998779296875,47.08000183105469,36000.0
2024-10-25 13:39:00+00:00,SMTC,45.79499816894531,45.79499816894531,45.83000183105469,45.79499816894531,45.83000183105469,321.0
2024-10-25 13:39:00+00:00,SNPS,503.0849914550781,503.0849914550781,503.5899963378906,503.0849914550781,503.5899963378906,955.0
2024-10-25 13:39:00+00:00,SONO,12.765000343322754,12.765000343322754,12.765000343322754,12.761699676513672,12.761699676513672,2746.0
2024-10-25 13:39:00+00:00,SOUN,5.195000171661377,5.195000171661377,5.195899963378906,5.194399833679199,5.195000171661377,13765.0
2024-10-25 13:39:00+00:00,SPT,26.799999237060547,26.799999237060547,26.799999237060547,26.799999237060547,26.799999237060547,1999.0
2024-10-25 13:39:00+00:00,SRAD,12.359999656677246,12.359999656677246,12.359999656677246,12.359999656677246,12.359999656677246,184.0
2024-10-25 13:39:00+00:00,SSNC,69.62999725341797,69.62999725341797,69.62999725341797,69.58999633789062,69.60569763183594,5003.0
2024-10-25 13:39:00+00:00,STNE,11.545000076293945,11.545000076293945,11.550000190734863,11.545000076293945,11.550000190734863,2595.0
2024-10-25 13:39:00+00:00,STX,103.77999877929688,103.77999877929688,103.80000305175781,103.77999877929688,103.80000305175781,1460.0
2024-10-25 13:39:00+00:00,SWKS,96.37999725341797,96.37999725341797,96.3949966430664,96.37000274658203,96.3949966430664,535.0
2024-10-25 13:39:00+00:00,SYNA,72.83000183105469,72.83000183105469,72.83000183105469,72.77999877929688,72.77999877929688,526.0
2024-10-25 13:39:00+00:00,SYTA,1.2999999523162842,1.2999999523162842,1.2999999523162842,1.2999999523162842,1.2999999523162842,400.0
2024-10-25 13:39:00+00:00,TEAM,189.25,189.25,189.39999389648438,189.25,189.39999389648438,628.0
2024-10-25 13:39:00+00:00,TENB,41.630001068115234,41.630001068115234,41.630001068115234,41.630001068115234,41.630001068115234,793.0
2024-10-25 13:39:00+00:00,TER,112.91999816894531,112.91999816894531,112.94999694824219,112.88400268554688,112.94999694824219,4222.0
2024-10-25 13:39:00+00:00,TRMB,61.119998931884766,61.119998931884766,61.119998931884766,61.119998931884766,61.119998931884766,569.0
2024-10-25 13:39:00+00:00,TTD,118.66999816894531,118.66999816894531,118.66999816894531,118.66500091552734,118.66500091552734,936.0
2024-10-25 13:39:00+00:00,TWKS,4.449999809265137,4.449999809265137,4.449999809265137,4.449999809265137,4.449999809265137,10327.0
2024-10-25 13:39:00+00:00,TXN,207.97000122070312,207.97000122070312,208.11000061035156,207.97000122070312,208.11000061035156,2725.0
2024-10-25 13:39:00+00:00,UCTT,35.810001373291016,35.810001373291016,35.81999969482422,35.79999923706055,35.81999969482422,3739.0
2024-10-25 13:39:00+00:00,VECO,29.389999389648438,29.389999389648438,29.399999618530273,29.389999389648438,29.399999618530273,1397.0
2024-10-25 13:39:00+00:00,VERB,10.350000381469727,10.350000381469727,10.350000381469727,10.350000381469727,10.350000381469727,2208.0
2024-10-25 13:39:00+00:00,VERX,41.69499969482422,41.69499969482422,41.69499969482422,41.69499969482422,41.69499969482422,673.0
2024-10-25 13:39:00+00:00,VIAV,9.239999771118164,9.239999771118164,9.239999771118164,9.239999771118164,9.239999771118164,144.0
2024-10-25 13:39:00+00:00,VMEO,4.769999980926514,4.769999980926514,4.769999980926514,4.760000228881836,4.760000228881836,528.0
2024-10-25 13:39:00+00:00,VRNS,56.7400016784668,56.7400016784668,56.7599983215332,56.7400016784668,56.75,968.0
2024-10-25 13:39:00+00:00,VRNT,22.010000228881836,22.010000228881836,22.024999618530273,21.989999771118164,22.024999618530273,7993.0
2024-10-25 13:39:00+00:00,VRSN,184.4149932861328,184.4149932861328,184.4149932861328,184.33999633789062,184.33999633789062,1191.0
2024-10-25 13:39:00+00:00,VSAT,10.265000343322754,10.265000343322754,10.265000343322754,10.251500129699707,10.251500129699707,1903.0
2024-10-25 13:39:00+00:00,WDAY,239.0,239.0,239.0,239.0,239.0,337.0
2024-10-25 13:39:00+00:00,WDC,70.63500213623047,70.63500213623047,70.6500015258789,70.58000183105469,70.5999984741211,10904.0
2024-10-25 13:39:00+00:00,WISA,1.989799976348877,1.989799976348877,2.0,1.9800000190734863,1.9900000095367432,2217.0
2024-10-25 13:39:00+00:00,WLDS,3.440000057220459,3.440000057220459,3.440000057220459,3.430000066757202,3.430000066757202,2184.0
2024-10-25 13:39:00+00:00,WRAP,1.7999999523162842,1.7999999523162842,1.7999999523162842,1.7999999523162842,1.7999999523162842,328.0
2024-10-25 13:39:00+00:00,XPER,9.4350004196167,9.4350004196167,9.4350004196167,9.4350004196167,9.4350004196167,291.0
2024-10-25 13:39:00+00:00,ZBRA,361.2749938964844,361.2749938964844,361.2900085449219,361.2749938964844,361.2900085449219,764.0
2024-10-25 13:39:00+00:00,ZI,10.494999885559082,10.494999885559082,10.5,10.489999771118164,10.5,6927.0
2024-10-25 13:39:00+00:00,ZM,72.95999908447266,72.95999908447266,72.95999908447266,72.95999908447266,72.95999908447266,1954.0
2024-10-25 13:39:00+00:00,ZS,184.60899353027344,184.60899353027344,184.60899353027344,184.60899353027344,184.60899353027344,603.0
2024-10-25 13:40:00+00:00,AAOI,17.670000076293945,17.670000076293945,17.709999084472656,17.670000076293945,17.709999084472656,1570.0
2024-10-25 13:40:00+00:00,AAPL,231.5500946044922,231.5500946044922,231.76499938964844,231.5308074951172,231.69149780273438,64464.0
2024-10-25 13:40:00+00:00,ACIW,48.61880111694336,48.61880111694336,48.61880111694336,48.61880111694336,48.61880111694336,1235.0
2024-10-25 13:40:00+00:00,ACLS,90.0,90.0,90.09500122070312,90.0,90.09500122070312,2786.0
2024-10-25 13:40:00+00:00,ACMR,19.67799949645996,19.67799949645996,19.700000762939453,19.67799949645996,19.700000762939453,1605.0
2024-10-25 13:40:00+00:00,ADBE,483.57501220703125,483.57501220703125,483.989990234375,483.56500244140625,483.989990234375,3268.0
2024-10-25 13:40:00+00:00,ADI,232.1699981689453,232.1699981689453,232.38999938964844,232.16000366210938,232.38999938964844,2757.0
2024-10-25 13:40:00+00:00,ADSK,285.7099914550781,285.7099914550781,285.7099914550781,285.7099914550781,285.7099914550781,490.0
2024-10-25 13:40:00+00:00,ADTN,6.349999904632568,6.349999904632568,6.360000133514404,6.349999904632568,6.360000133514404,785.0
2024-10-25 13:40:00+00:00,AEHR,17.114999771118164,17.114999771118164,17.114999771118164,17.100000381469727,17.100000381469727,988.0
2024-10-25 13:40:00+00:00,AFRM,41.380001068115234,41.380001068115234,41.43000030517578,41.349998474121094,41.41999816894531,7056.0
2024-10-25 13:40:00+00:00,AGYS,110.99500274658203,110.99500274658203,110.99500274658203,110.99500274658203,110.99500274658203,510.0
2024-10-25 13:40:00+00:00,AKAM,102.37999725341797,102.37999725341797,102.43000030517578,102.37000274658203,102.43000030517578,1286.0
2024-10-25 13:40:00+00:00,ALGM,22.959999084472656,22.959999084472656,22.979999542236328,22.950000762939453,22.975000381469727,5632.0
2024-10-25 13:40:00+00:00,ALKT,38.04999923706055,38.04999923706055,38.084999084472656,38.04999923706055,38.084999084472656,1988.0
2024-10-25 13:40:00+00:00,ALRM,54.46500015258789,54.46500015258789,54.46500015258789,54.46500015258789,54.46500015258789,954.0
2024-10-25 13:40:00+00:00,ALTR,103.69999694824219,103.69999694824219,103.69999694824219,103.69999694824219,103.69999694824219,220.0
2024-10-25 13:40:00+00:00,AMAT,187.6699981689453,187.6699981689453,187.8350067138672,187.57000732421875,187.8300018310547,10588.0
2024-10-25 13:40:00+00:00,AMD,156.6540985107422,156.6540985107422,156.86000061035156,156.5500030517578,156.83999633789062,64365.0
2024-10-25 13:40:00+00:00,AMKR,30.042499542236328,30.042499542236328,30.059999465942383,30.030000686645508,30.059999465942383,2336.0
2024-10-25 13:40:00+00:00,AMPL,9.130000114440918,9.130000114440918,9.130000114440918,9.130000114440918,9.130000114440918,396.0
2024-10-25 13:40:00+00:00,ANY,1.0549999475479126,1.0549999475479126,1.0549999475479126,1.0549999475479126,1.0549999475479126,400.0
2024-10-25 13:40:00+00:00,API,2.8949999809265137,2.8949999809265137,2.8949999809265137,2.8949999809265137,2.8949999809265137,201.0
2024-10-25 13:40:00+00:00,APP,160.39999389648438,160.39999389648438,160.58599853515625,160.39999389648438,160.58599853515625,1698.0
2024-10-25 13:40:00+00:00,APPF,213.5,213.5,213.697998046875,213.44000244140625,213.697998046875,1352.0
2024-10-25 13:40:00+00:00,APPN,31.891700744628906,31.891700744628906,31.891700744628906,31.891700744628906,31.891700744628906,373.0
2024-10-25 13:40:00+00:00,ARRY,6.329999923706055,6.329999923706055,6.340000152587891,6.329999923706055,6.340000152587891,1895.0
2024-10-25 13:40:00+00:00,ASML,714.9099731445312,714.9099731445312,715.7174072265625,714.9099731445312,715.7174072265625,2334.0
2024-10-25 13:40:00+00:00,ASNS,1.2999999523162842,1.2999999523162842,1.2999999523162842,1.2999999523162842,1.2999999523162842,501.0
2024-10-25 13:40:00+00:00,AUR,6.429999828338623,6.429999828338623,6.439199924468994,6.414999961853027,6.435500144958496,25011.0
2024-10-25 13:40:00+00:00,AVGO,174.4199981689453,174.4199981689453,174.64999389648438,174.30999755859375,174.6300048828125,20904.0
2024-10-25 13:40:00+00:00,AVPT,11.960000038146973,11.960000038146973,11.960000038146973,11.960000038146973,11.960000038146973,147.0
2024-10-25 13:40:00+00:00,AVT,54.01499938964844,54.01499938964844,54.01499938964844,53.994998931884766,54.0,782.0
2024-10-25 13:40:00+00:00,BIGC,5.309899806976318,5.309899806976318,5.309899806976318,5.304999828338623,5.304999828338623,624.0
2024-10-25 13:40:00+00:00,BLIN,1.1002000570297241,1.1002000570297241,1.101099967956543,1.1002000570297241,1.1002000570297241,5184.0
2024-10-25 13:40:00+00:00,BMBL,7.144999980926514,7.144999980926514,7.15500020980835,7.144999980926514,7.15500020980835,2046.0
2024-10-25 13:40:00+00:00,BRZE,30.639999389648438,30.639999389648438,30.65999984741211,30.6299991607666,30.65999984741211,2038.0
2024-10-25 13:40:00+00:00,BSY,49.06999969482422,49.06999969482422,49.06999969482422,49.06999969482422,49.06999969482422,307.0
2024-10-25 13:40:00+00:00,CAMT,78.05000305175781,78.05000305175781,78.06999969482422,78.05000305175781,78.06999969482422,577.0
2024-10-25 13:40:00+00:00,CAN,0.9821000099182129,0.9821000099182129,0.9821000099182129,0.9804999828338623,0.9804999828338623,1852.0
2024-10-25 13:40:00+00:00,CCSI,20.510000228881836,20.510000228881836,20.56999969482422,20.510000228881836,20.56999969482422,3006.0
2024-10-25 13:40:00+00:00,CDNS,257.94000244140625,257.94000244140625,258.17999267578125,257.94000244140625,258.17999267578125,1408.0
2024-10-25 13:40:00+00:00,CDW,218.90499877929688,218.90499877929688,219.0,218.90499877929688,219.0,1481.0
2024-10-25 13:40:00+00:00,CETX,0.30160000920295715,0.30160000920295715,0.30160000920295715,0.30160000920295715,0.30160000920295715,1102.0
2024-10-25 13:40:00+00:00,CEVA,24.110000610351562,24.110000610351562,24.110000610351562,24.110000610351562,24.110000610351562,587.0
2024-10-25 13:40:00+00:00,CFLT,22.55500030517578,22.55500030517578,22.55500030517578,22.544700622558594,22.545000076293945,6528.0
2024-10-25 13:40:00+00:00,CGNX,38.88999938964844,38.88999938964844,38.94499969482422,38.88999938964844,38.94499969482422,3009.0
2024-10-25 13:40:00+00:00,CHKP,206.2675018310547,206.2675018310547,206.4199981689453,206.2675018310547,206.4199981689453,5327.0
2024-10-25 13:40:00+00:00,CLBT,18.18000030517578,18.18000030517578,18.18000030517578,18.170000076293945,18.170000076293945,2070.0
2024-10-25 13:40:00+00:00,CLSK,11.90999984741211,11.90999984741211,11.970000267028809,11.90999984741211,11.96500015258789,29887.0
2024-10-25 13:40:00+00:00,CNXC,44.54999923706055,44.54999923706055,44.58000183105469,44.53499984741211,44.54990005493164,6084.0
2024-10-25 13:40:00+00:00,COHR,95.43000030517578,95.43000030517578,95.5,95.37999725341797,95.5,1830.0
2024-10-25 13:40:00+00:00,COHU,26.229999542236328,26.229999542236328,26.229999542236328,26.229999542236328,26.229999542236328,1395.0
2024-10-25 13:40:00+00:00,COIN,210.96200561523438,210.96200561523438,211.39480590820312,210.8699951171875,211.39480590820312,9811.0
2024-10-25 13:40:00+00:00,COMM,6.275000095367432,6.275000095367432,6.300000190734863,6.27400016784668,6.300000190734863,10186.0
2024-10-25 13:40:00+00:00,CORZ,13.515000343322754,13.515000343322754,13.530200004577637,13.5,13.530200004577637,5078.0
2024-10-25 13:40:00+00:00,CORZW,7.940000057220459,7.940000057220459,7.940000057220459,7.940000057220459,7.940000057220459,0.0
2024-10-25 13:40:00+00:00,CRCT,6.614999771118164,6.614999771118164,6.614999771118164,6.614999771118164,6.614999771118164,401.0
2024-10-25 13:40:00+00:00,CRDO,39.25,39.25,39.314998626708984,39.220001220703125,39.314998626708984,5163.0
2024-10-25 13:40:00+00:00,CRNC,2.9100000858306885,2.9100000858306885,2.9100000858306885,2.9100000858306885,2.9100000858306885,1306.0
2024-10-25 13:40:00+00:00,CRSR,6.34499979019165,6.34499979019165,6.34499979019165,6.34119987487793,6.34119987487793,393.0
2024-10-25 13:40:00+00:00,CRUS,122.91000366210938,122.91000366210938,122.93000030517578,122.9000015258789,122.91000366210938,1417.0
2024-10-25 13:40:00+00:00,CRWD,298.9800109863281,298.9800109863281,299.1499938964844,298.7640075683594,299.010009765625,9258.0
2024-10-25 13:40:00+00:00,CSCO,55.79999923706055,55.79999923706055,55.83000183105469,55.779998779296875,55.83000183105469,39748.0
2024-10-25 13:40:00+00:00,CSGS,47.35499954223633,47.35499954223633,47.35499954223633,47.330101013183594,47.330101013183594,533.0
2024-10-25 13:40:00+00:00,CSIQ,13.456899642944336,13.456899642944336,13.460000038146973,13.444999694824219,13.444999694824219,2234.0
2024-10-25 13:40:00+00:00,CTLP,8.895000457763672,8.895000457763672,8.895000457763672,8.890000343322754,8.890000343322754,797.0
2024-10-25 13:40:00+00:00,CTSH,74.7699966430664,74.7699966430664,74.80999755859375,74.7699966430664,74.80999755859375,3780.0
2024-10-25 13:40:00+00:00,DAKT,13.029999732971191,13.029999732971191,13.029999732971191,13.029999732971191,13.029999732971191,516.0
2024-10-25 13:40:00+00:00,DATS,1.649999976158142,1.649999976158142,1.649999976158142,1.649999976158142,1.649999976158142,3401.0
2024-10-25 13:40:00+00:00,DAVE,39.279998779296875,39.279998779296875,39.279998779296875,39.193199157714844,39.220001220703125,2226.0
2024-10-25 13:40:00+00:00,DBX,25.90999984741211,25.90999984741211,25.924999237060547,25.90999984741211,25.924999237060547,4535.0
2024-10-25 13:40:00+00:00,DDOG,126.6449966430664,126.6449966430664,126.875,126.6449966430664,126.83999633789062,2380.0
2024-10-25 13:40:00+00:00,DIOD,65.94000244140625,65.94000244140625,65.99500274658203,65.94000244140625,65.99500274658203,293.0
2024-10-25 13:40:00+00:00,DMRC,31.521400451660156,31.521400451660156,31.521400451660156,31.521400451660156,31.521400451660156,914.0
2024-10-25 13:40:00+00:00,DOCU,69.55000305175781,69.55000305175781,69.59500122070312,69.55000305175781,69.56999969482422,5238.0
2024-10-25 13:40:00+00:00,DOMO,8.055000305175781,8.055000305175781,8.055000305175781,8.055000305175781,8.055000305175781,129.0
2024-10-25 13:40:00+00:00,DOX,89.33000183105469,89.33000183105469,89.33999633789062,89.33000183105469,89.33999633789062,1611.0
2024-10-25 13:40:00+00:00,DSGX,103.83999633789062,103.83999633789062,103.83999633789062,103.83999633789062,103.83999633789062,1173.0
2024-10-25 13:40:00+00:00,DUOL,288.80999755859375,288.80999755859375,288.80999755859375,288.489990234375,288.5,1320.0
2024-10-25 13:40:00+00:00,ENPH,83.11799621582031,83.11799621582031,83.23880004882812,83.0999984741211,83.19599914550781,4077.0
2024-10-25 13:40:00+00:00,ENTG,105.38500213623047,105.38500213623047,105.54000091552734,105.38500213623047,105.54000091552734,1714.0
2024-10-25 13:40:00+00:00,ERIC,8.451199531555176,8.451199531555176,8.454999923706055,8.449999809265137,8.449999809265137,4857.0
2024-10-25 13:40:00+00:00,EVCM,10.539999961853027,10.539999961853027,10.5600004196167,10.539999961853027,10.5600004196167,3140.0
2024-10-25 13:40:00+00:00,EXLS,38.66999816894531,38.66999816894531,38.709999084472656,38.66999816894531,38.709999084472656,1441.0
2024-10-25 13:40:00+00:00,EXTR,14.399999618530273,14.399999618530273,14.425000190734863,14.399999618530273,14.425000190734863,1114.0
2024-10-25 13:40:00+00:00,FARO,18.1200008392334,18.1200008392334,18.125,18.100000381469727,18.125,4368.0
2024-10-25 13:40:00+00:00,FFIV,216.1300048828125,216.1300048828125,216.14999389648438,216.0500030517578,216.14999389648438,2566.0
2024-10-25 13:40:00+00:00,FIVN,29.969999313354492,29.969999313354492,29.979999542236328,29.959999084472656,29.979999542236328,1537.0
2024-10-25 13:40:00+00:00,FLEX,35.20000076293945,35.20000076293945,35.22999954223633,35.20000076293945,35.22999954223633,3093.0
2024-10-25 13:40:00+00:00,FLYW,17.510000228881836,17.510000228881836,17.520000457763672,17.510000228881836,17.51799964904785,1732.0
2024-10-25 13:40:00+00:00,FORM,44.93000030517578,44.93000030517578,44.93000030517578,44.93000030517578,44.93000030517578,324.0
2024-10-25 13:40:00+00:00,FROG,29.190000534057617,29.190000534057617,29.200000762939453,29.190000534057617,29.200000762939453,1178.0
2024-10-25 13:40:00+00:00,FRSH,11.654999732971191,11.654999732971191,11.654999732971191,11.654999732971191,11.654999732971191,608.0
2024-10-25 13:40:00+00:00,FSLR,197.86000061035156,197.86000061035156,198.02789306640625,197.86000061035156,198.02789306640625,1706.0
2024-10-25 13:40:00+00:00,FTCI,0.6610000133514404,0.6610000133514404,0.6610000133514404,0.6610000133514404,0.6610000133514404,1821.0
2024-10-25 13:40:00+00:00,FTNT,80.68000030517578,80.68000030517578,80.70999908447266,80.68000030517578,80.68000030517578,3307.0
2024-10-25 13:40:00+00:00,GCT,24.709999084472656,24.709999084472656,24.719999313354492,24.709999084472656,24.719999313354492,2148.0
2024-10-25 13:40:00+00:00,GDS,21.450000762939453,21.450000762939453,21.450000762939453,21.450000762939453,21.450000762939453,332.0
2024-10-25 13:40:00+00:00,GDYN,15.579999923706055,15.579999923706055,15.579999923706055,15.579999923706055,15.579999923706055,174.0
2024-10-25 13:40:00+00:00,GFS,40.880001068115234,40.880001068115234,40.90999984741211,40.869998931884766,40.90999984741211,6782.0
2024-10-25 13:40:00+00:00,GNSS,3.890000104904175,3.890000104904175,3.8949999809265137,3.890000104904175,3.8949999809265137,1348.0
2024-10-25 13:40:00+00:00,GPRO,1.3300000429153442,1.3300000429153442,1.3300000429153442,1.3300000429153442,1.3300000429153442,1250.0
2024-10-25 13:40:00+00:00,GRAB,4.09250020980835,4.09250020980835,4.09499979019165,4.09250020980835,4.09499979019165,6901.0
2024-10-25 13:40:00+00:00,GTLB,55.380001068115234,55.380001068115234,55.415000915527344,55.380001068115234,55.415000915527344,1535.0
2024-10-25 13:40:00+00:00,HCP,33.662498474121094,33.662498474121094,33.66999816894531,33.662498474121094,33.66999816894531,497.0
2024-10-25 13:40:00+00:00,HIMX,6.170000076293945,6.170000076293945,6.170000076293945,6.170000076293945,6.170000076293945,313.0
2024-10-25 13:40:00+00:00,HOLO,3.6001999378204346,3.6001999378204346,3.6001999378204346,3.6001999378204346,3.6001999378204346,501.0
2024-10-25 13:40:00+00:00,HOOD,27.21500015258789,27.21500015258789,27.2450008392334,27.204999923706055,27.2450008392334,6781.0
2024-10-25 13:40:00+00:00,IBEX,18.040000915527344,18.040000915527344,18.040000915527344,18.040000915527344,18.040000915527344,254.0
2024-10-25 13:40:00+00:00,IMMR,8.720000267028809,8.720000267028809,8.720000267028809,8.720000267028809,8.720000267028809,206.0
2024-10-25 13:40:00+00:00,INDI,3.555000066757202,3.555000066757202,3.555000066757202,3.555000066757202,3.555000066757202,3220.0
2024-10-25 13:40:00+00:00,INFN,6.78000020980835,6.78000020980835,6.78000020980835,6.78000020980835,6.78000020980835,908.0
2024-10-25 13:40:00+00:00,INOD,20.15999984741211,20.15999984741211,20.20989990234375,20.15999984741211,20.184999465942383,1599.0
2024-10-25 13:40:00+00:00,INSG,20.114999771118164,20.114999771118164,20.114999771118164,20.114999771118164,20.114999771118164,200.0
2024-10-25 13:40:00+00:00,INTA,50.04999923706055,50.04999923706055,50.064998626708984,50.04999923706055,50.064998626708984,1088.0
2024-10-25 13:40:00+00:00,INTC,22.924999237060547,22.924999237060547,22.940000534057617,22.90999984741211,22.934999465942383,84916.0
2024-10-25 13:40:00+00:00,INTU,609.0050048828125,609.0050048828125,609.4099731445312,608.97998046875,609.4099731445312,790.0
2024-10-25 13:40:00+00:00,IPGP,77.18000030517578,77.18000030517578,77.31500244140625,77.18000030517578,77.31500244140625,1140.0
2024-10-25 13:40:00+00:00,ITI,7.199999809265137,7.199999809265137,7.199999809265137,7.199999809265137,7.199999809265137,406.0
2024-10-25 13:40:00+00:00,ITRI,102.56500244140625,102.56500244140625,102.56500244140625,102.54000091552734,102.54000091552734,1030.0
2024-10-25 13:40:00+00:00,JAMF,16.75,16.75,16.75,16.75,16.75,253.0
2024-10-25 13:40:00+00:00,JKHY,182.49000549316406,182.49000549316406,182.5500030517578,182.49000549316406,182.5500030517578,1057.0
2024-10-25 13:40:00+00:00,KC,2.7100000381469727,2.7100000381469727,2.7149999141693115,2.7100000381469727,2.7149999141693115,14038.0
2024-10-25 13:40:00+00:00,KLAC,677.0,677.0,677.5499877929688,677.0,677.5499877929688,1837.0
2024-10-25 13:40:00+00:00,KLIC,44.4900016784668,44.4900016784668,44.540000915527344,44.4900016784668,44.540000915527344,990.0
2024-10-25 13:40:00+00:00,LFUS,253.9199981689453,253.9199981689453,253.9199981689453,253.9199981689453,253.9199981689453,3787.0
2024-10-25 13:40:00+00:00,LITE,63.97999954223633,63.97999954223633,64.02999877929688,63.970001220703125,64.02999877929688,1028.0
2024-10-25 13:40:00+00:00,LOGI,80.79000091552734,80.79000091552734,80.80999755859375,80.79000091552734,80.80999755859375,577.0
2024-10-25 13:40:00+00:00,LRCX,78.73999786376953,78.73999786376953,78.77999877929688,78.66500091552734,78.77999877929688,28159.0
2024-10-25 13:40:00+00:00,LSCC,54.39500045776367,54.39500045776367,54.43000030517578,54.33000183105469,54.43000030517578,4033.0
2024-10-25 13:40:00+00:00,LYFT,13.719900131225586,13.719900131225586,13.725000381469727,13.710000038146973,13.725000381469727,11497.0
2024-10-25 13:40:00+00:00,MANH,274.8999938964844,274.8999938964844,275.1300048828125,274.8999938964844,275.1300048828125,1405.0
2024-10-25 13:40:00+00:00,MAXN,5.650000095367432,5.650000095367432,5.650000095367432,5.650000095367432,5.650000095367432,200.0
2024-10-25 13:40:00+00:00,MCHP,76.8499984741211,76.8499984741211,76.93000030517578,76.80500030517578,76.93000030517578,7880.0
2024-10-25 13:40:00+00:00,MDB,266.6000061035156,266.6000061035156,266.6000061035156,266.5799865722656,266.5799865722656,610.0
2024-10-25 13:40:00+00:00,MITK,8.770000457763672,8.770000457763672,8.770000457763672,8.760000228881836,8.760000228881836,586.0
2024-10-25 13:40:00+00:00,MKSI,101.16999816894531,101.16999816894531,101.2750015258789,101.16000366210938,101.2750015258789,3604.0
2024-10-25 13:40:00+00:00,MNDY,299.760009765625,299.760009765625,300.0150146484375,299.739990234375,299.989990234375,1561.0
2024-10-25 13:40:00+00:00,MPWR,916.760009765625,916.760009765625,916.760009765625,916.760009765625,916.760009765625,492.0
2024-10-25 13:40:00+00:00,MQ,5.289999961853027,5.289999961853027,5.289999961853027,5.289999961853027,5.289999961853027,4354.0
2024-10-25 13:40:00+00:00,MRAM,6.300000190734863,6.300000190734863,6.300000190734863,6.300000190734863,6.300000190734863,315.0
2024-10-25 13:40:00+00:00,MRVL,82.33000183105469,82.33000183105469,82.49500274658203,82.33000183105469,82.48999786376953,15235.0
2024-10-25 13:40:00+00:00,MSFT,427.84991455078125,427.84991455078125,428.1199951171875,427.70001220703125,428.1199951171875,24951.0
2024-10-25 13:40:00+00:00,MSTR,238.0,238.0,238.99000549316406,237.88009643554688,238.85000610351562,19881.0
2024-10-25 13:40:00+00:00,MTSI,120.18499755859375,120.18499755859375,120.33999633789062,120.18499755859375,120.20500183105469,3573.0
2024-10-25 13:40:00+00:00,MTTR,4.625,4.625,4.635000228881836,4.619999885559082,4.635000228881836,10794.0
2024-10-25 13:40:00+00:00,MU,108.26000213623047,108.26000213623047,108.40950012207031,108.18360137939453,108.375,23018.0
2024-10-25 13:40:00+00:00,MVIS,1.0800000429153442,1.0800000429153442,1.0800000429153442,1.0800000429153442,1.0800000429153442,3833.0
2024-10-25 13:40:00+00:00,MXL,14.8100004196167,14.8100004196167,14.8100004196167,14.805000305175781,14.8100004196167,1217.0
2024-10-25 13:40:00+00:00,NCNO,37.70000076293945,37.70000076293945,37.70000076293945,37.70000076293945,37.70000076293945,411.0
2024-10-25 13:40:00+00:00,NICE,175.77499389648438,175.77499389648438,175.99000549316406,175.77499389648438,175.99000549316406,511.0
2024-10-25 13:40:00+00:00,NNDM,2.325000047683716,2.325000047683716,2.3289999961853027,2.325000047683716,2.3289999961853027,304.0
2024-10-25 13:40:00+00:00,NTAP,119.86000061035156,119.86000061035156,119.9800033569336,119.86000061035156,119.9800033569336,3419.0
2024-10-25 13:40:00+00:00,NTNX,62.11000061035156,62.11000061035156,62.149898529052734,62.11000061035156,62.149898529052734,2233.0
2024-10-25 13:40:00+00:00,NVDA,142.218994140625,142.218994140625,142.42999267578125,142.08999633789062,142.42080688476562,560361.0
2024-10-25 13:40:00+00:00,NVEI,33.5,33.5,33.5,33.5,33.5,803.0
2024-10-25 13:40:00+00:00,NVMI,183.9550018310547,183.9550018310547,184.11000061035156,183.9550018310547,184.11000061035156,831.0
2024-10-25 13:40:00+00:00,NVTS,2.565000057220459,2.565000057220459,2.565000057220459,2.565000057220459,2.565000057220459,107.0
2024-10-25 13:40:00+00:00,NXPI,244.2100067138672,244.2100067138672,244.69000244140625,244.13499450683594,244.69000244140625,9007.0
2024-10-25 13:40:00+00:00,NXPL,1.100000023841858,1.100000023841858,1.100000023841858,1.0997999906539917,1.0997999906539917,7681.0
2024-10-25 13:40:00+00:00,OKTA,72.12000274658203,72.12000274658203,72.1500015258789,72.11000061035156,72.1500015258789,1100.0
2024-10-25 13:40:00+00:00,OLED,203.7899932861328,203.7899932861328,203.7899932861328,203.7899932861328,203.7899932861328,479.0
2024-10-25 13:40:00+00:00,ON,71.81999969482422,71.81999969482422,71.88999938964844,71.70999908447266,71.87999725341797,29733.0
2024-10-25 13:40:00+00:00,OSIS,135.47999572753906,135.47999572753906,135.5500030517578,135.47999572753906,135.5500030517578,2522.0
2024-10-25 13:40:00+00:00,OTEX,33.290000915527344,33.290000915527344,33.29999923706055,33.290000915527344,33.29999923706055,693.0
2024-10-25 13:40:00+00:00,PANW,366.7349853515625,366.7349853515625,367.1300048828125,366.7200012207031,367.1300048828125,1798.0
2024-10-25 13:40:00+00:00,PAYO,8.289999961853027,8.289999961853027,8.295000076293945,8.289999961853027,8.295000076293945,578.0
2024-10-25 13:40:00+00:00,PAYS,3.734999895095825,3.734999895095825,3.734999895095825,3.734999895095825,3.734999895095825,28.0
2024-10-25 13:40:00+00:00,PEGA,79.29499816894531,79.29499816894531,79.30000305175781,79.20999908447266,79.20999908447266,1394.0
2024-10-25 13:40:00+00:00,PGY,11.829999923706055,11.829999923706055,11.84000015258789,11.829999923706055,11.829999923706055,1822.0
2024-10-25 13:40:00+00:00,PHUN,10.350000381469727,10.350000381469727,10.380000114440918,10.329999923706055,10.335000038146973,71362.0
2024-10-25 13:40:00+00:00,PI,202.19500732421875,202.19500732421875,202.197998046875,202.19500732421875,202.197998046875,1385.0
2024-10-25 13:40:00+00:00,PLAB,23.639999389648438,23.639999389648438,23.639999389648438,23.639999389648438,23.639999389648438,1278.0
2024-10-25 13:40:00+00:00,PLXS,141.30499267578125,141.30499267578125,141.30499267578125,141.30499267578125,141.30499267578125,1055.0
2024-10-25 13:40:00+00:00,POET,3.849900007247925,3.849900007247925,3.849900007247925,3.8399999141693115,3.8399999141693115,3579.0
2024-10-25 13:40:00+00:00,PRCH,1.3049999475479126,1.3049999475479126,1.3049999475479126,1.3049999475479126,1.3049999475479126,186.0
2024-10-25 13:40:00+00:00,PRGS,64.45999908447266,64.45999908447266,64.45999908447266,64.45999908447266,64.45999908447266,159.0
2024-10-25 13:40:00+00:00,PTC,186.41000366210938,186.41000366210938,186.41000366210938,186.25999450683594,186.25999450683594,6220.0
2024-10-25 13:40:00+00:00,PUBM,14.720000267028809,14.720000267028809,14.75,14.720000267028809,14.75,3387.0
2024-10-25 13:40:00+00:00,QCOM,171.61000061035156,171.61000061035156,171.82000732421875,171.56500244140625,171.76499938964844,9032.0
2024-10-25 13:40:00+00:00,QLYS,120.13999938964844,120.13999938964844,120.13999938964844,120.13999938964844,120.13999938964844,1972.0
2024-10-25 13:40:00+00:00,QMCO,5.172599792480469,5.172599792480469,5.172599792480469,5.172599792480469,5.172599792480469,877.0
2024-10-25 13:40:00+00:00,QRVO,100.19999694824219,100.19999694824219,100.2300033569336,100.19999694824219,100.2300033569336,2386.0
2024-10-25 13:40:00+00:00,RCAT,2.765000104904175,2.765000104904175,2.765000104904175,2.765000104904175,2.765000104904175,294.0
2024-10-25 13:40:00+00:00,REKR,1.100000023841858,1.100000023841858,1.100000023841858,1.100000023841858,1.100000023841858,324.0
2024-10-25 13:40:00+00:00,RELY,14.84000015258789,14.84000015258789,14.84000015258789,14.84000015258789,14.84000015258789,814.0
2024-10-25 13:40:00+00:00,RGTI,1.2200000286102295,1.2200000286102295,1.2200000286102295,1.2200000286102295,1.2200000286102295,382.0
2024-10-25 13:40:00+00:00,RIOT,9.960200309753418,9.960200309753418,9.989899635314941,9.960000038146973,9.989899635314941,28693.0
2024-10-25 13:40:00+00:00,RMBS,43.3650016784668,43.3650016784668,43.41999816894531,43.3650016784668,43.41999816894531,1788.0
2024-10-25 13:40:00+00:00,RPAY,7.599999904632568,7.599999904632568,7.599999904632568,7.599999904632568,7.599999904632568,1120.0
2024-10-25 13:40:00+00:00,RPD,38.689998626708984,38.689998626708984,38.689998626708984,38.689998626708984,38.689998626708984,1050.0
2024-10-25 13:40:00+00:00,RUM,5.799900054931641,5.799900054931641,5.799900054931641,5.799900054931641,5.799900054931641,498.0
2024-10-25 13:40:00+00:00,RUN,14.3149995803833,14.3149995803833,14.324999809265137,14.3100004196167,14.324999809265137,3876.0
2024-10-25 13:40:00+00:00,SANM,67.5199966430664,67.5199966430664,67.5199966430664,67.5199966430664,67.5199966430664,1001.0
2024-10-25 13:40:00+00:00,SATS,25.03499984741211,25.03499984741211,25.06999969482422,25.03499984741211,25.049999237060547,3090.0
2024-10-25 13:40:00+00:00,SCSC,44.70000076293945,44.70000076293945,44.75,44.70000076293945,44.75,1438.0
2024-10-25 13:40:00+00:00,SEDG,15.960000038146973,15.960000038146973,16.037399291992188,15.960000038146973,15.979999542236328,31604.0
2024-10-25 13:40:00+00:00,SHLS,5.235000133514404,5.235000133514404,5.239999771118164,5.235000133514404,5.239999771118164,2206.0
2024-10-25 13:40:00+00:00,SIMO,56.46500015258789,56.46500015258789,56.5,56.46500015258789,56.5,328.0
2024-10-25 13:40:00+00:00,SITM,181.46800231933594,181.46800231933594,181.46800231933594,181.46800231933594,181.46800231933594,431.0
2024-10-25 13:40:00+00:00,SKYT,10.640000343322754,10.640000343322754,10.649999618530273,10.640000343322754,10.649999618530273,548.0
2024-10-25 13:40:00+00:00,SMCI,47.024200439453125,47.024200439453125,47.06990051269531,46.9900016784668,47.060001373291016,48741.0
2024-10-25 13:40:00+00:00,SMTC,45.75,45.75,45.79499816894531,45.75,45.79499816894531,2191.0
2024-10-25 13:40:00+00:00,SNPS,502.8699951171875,502.8699951171875,502.8699951171875,502.8699951171875,502.8699951171875,877.0
2024-10-25 13:40:00+00:00,SONO,12.760000228881836,12.760000228881836,12.765000343322754,12.760000228881836,12.765000343322754,2074.0
2024-10-25 13:40:00+00:00,SOUN,5.190000057220459,5.190000057220459,5.199999809265137,5.190000057220459,5.196000099182129,33532.0
2024-10-25 13:40:00+00:00,SPSC,173.8800048828125,173.8800048828125,174.11000061035156,173.8800048828125,174.11000061035156,1706.0
2024-10-25 13:40:00+00:00,SRAD,12.345000267028809,12.345000267028809,12.350000381469727,12.345000267028809,12.350000381469727,512.0
2024-10-25 13:40:00+00:00,SSNC,69.66999816894531,69.66999816894531,69.69999694824219,69.62000274658203,69.62000274658203,12847.0
2024-10-25 13:40:00+00:00,STER,16.729999542236328,16.729999542236328,16.735000610351562,16.729999542236328,16.735000610351562,4191.0
2024-10-25 13:40:00+00:00,STNE,11.539999961853027,11.539999961853027,11.539999961853027,11.539999961853027,11.539999961853027,7655.0
2024-10-25 13:40:00+00:00,STX,103.66000366210938,103.66000366210938,103.81999969482422,103.66000366210938,103.81999969482422,3144.0
2024-10-25 13:40:00+00:00,SWKS,96.33999633789062,96.33999633789062,96.38999938964844,96.33000183105469,96.375,6229.0
2024-10-25 13:40:00+00:00,SYNA,72.72000122070312,72.72000122070312,72.7300033569336,72.72000122070312,72.7300033569336,923.0
2024-10-25 13:40:00+00:00,SYTA,1.2926000356674194,1.2926000356674194,1.2926000356674194,1.2899999618530273,1.2920000553131104,6484.0
2024-10-25 13:40:00+00:00,TACT,4.164999961853027,4.164999961853027,4.164999961853027,4.164999961853027,4.164999961853027,200.0
2024-10-25 13:40:00+00:00,TEAM,189.27000427246094,189.27000427246094,189.39500427246094,189.2100067138672,189.39500427246094,5532.0
2024-10-25 13:40:00+00:00,TENB,41.56999969482422,41.56999969482422,41.619998931884766,41.56999969482422,41.619998931884766,1209.0
2024-10-25 13:40:00+00:00,TER,112.82749938964844,112.82749938964844,112.9000015258789,112.80000305175781,112.9000015258789,11886.0
2024-10-25 13:40:00+00:00,TRMB,61.06999969482422,61.06999969482422,61.11000061035156,61.040000915527344,61.11000061035156,1326.0
2024-10-25 13:40:00+00:00,TTD,118.56999969482422,118.56999969482422,118.66999816894531,118.55000305175781,118.66999816894531,2944.0
2024-10-25 13:40:00+00:00,TTMI,19.649999618530273,19.649999618530273,19.649999618530273,19.6299991607666,19.6299991607666,1206.0
2024-10-25 13:40:00+00:00,TWKS,4.449999809265137,4.449999809265137,4.449999809265137,4.449999809265137,4.449999809265137,778.0
2024-10-25 13:40:00+00:00,TXN,207.7449951171875,207.7449951171875,208.0500030517578,207.6649932861328,208.0500030517578,12489.0
2024-10-25 13:40:00+00:00,UCTT,35.790000915527344,35.790000915527344,35.81999969482422,35.790000915527344,35.81999969482422,1204.0
2024-10-25 13:40:00+00:00,UTSI,2.6500000953674316,2.6500000953674316,2.6500000953674316,2.6500000953674316,2.6500000953674316,1023.0
2024-10-25 13:40:00+00:00,VECO,29.3700008392334,29.3700008392334,29.3700008392334,29.3700008392334,29.3700008392334,435.0
2024-10-25 13:40:00+00:00,VERI,3.4100000858306885,3.4100000858306885,3.4100000858306885,3.4047999382019043,3.4049999713897705,1170.0
2024-10-25 13:40:00+00:00,VIAV,9.229999542236328,9.229999542236328,9.234999656677246,9.229999542236328,9.234999656677246,2754.0
2024-10-25 13:40:00+00:00,VICR,46.60499954223633,46.60499954223633,46.650001525878906,46.60499954223633,46.650001525878906,1195.0
2024-10-25 13:40:00+00:00,VMEO,4.769999980926514,4.769999980926514,4.769999980926514,4.769999980926514,4.769999980926514,204.0
2024-10-25 13:40:00+00:00,VRNS,56.68000030517578,56.68000030517578,56.73249816894531,56.66999816894531,56.73249816894531,1207.0
2024-10-25 13:40:00+00:00,VRNT,22.0049991607666,22.0049991607666,22.010000228881836,21.990999221801758,22.010000228881836,1470.0
2024-10-25 13:40:00+00:00,VS,2.5799999237060547,2.5799999237060547,2.5799999237060547,2.5799999237060547,2.5799999237060547,210.0
2024-10-25 13:40:00+00:00,VSAT,10.255000114440918,10.255000114440918,10.270000457763672,10.255000114440918,10.260199546813965,3989.0
2024-10-25 13:40:00+00:00,WDAY,238.8800048828125,238.8800048828125,238.89999389648438,238.8800048828125,238.89999389648438,859.0
2024-10-25 13:40:00+00:00,WDC,70.52369689941406,70.52369689941406,70.66000366210938,70.5,70.66000366210938,18195.0
2024-10-25 13:40:00+00:00,WISA,1.9700000286102295,1.9700000286102295,1.98989999294281,1.9700000286102295,1.98989999294281,2736.0
2024-10-25 13:40:00+00:00,XPER,9.430000305175781,9.430000305175781,9.430000305175781,9.430000305175781,9.430000305175781,364.0
2024-10-25 13:40:00+00:00,XRX,9.984999656677246,9.984999656677246,9.984999656677246,9.979999542236328,9.984999656677246,1154.0
2024-10-25 13:40:00+00:00,ZBRA,361.0799865722656,361.0799865722656,361.2300109863281,361.0799865722656,361.2300109863281,2261.0
2024-10-25 13:40:00+00:00,ZI,10.4975004196167,10.4975004196167,10.5,10.494999885559082,10.494999885559082,4080.0
2024-10-25 13:40:00+00:00,ZM,72.88999938964844,72.88999938964844,72.91000366210938,72.88999938964844,72.91000366210938,2128.0
2024-10-25 13:40:00+00:00,ZS,184.3905029296875,184.3905029296875,184.5,184.3905029296875,184.5,1595.0
2024-10-25 13:41:00+00:00,AAOI,17.670000076293945,17.670000076293945,17.670000076293945,17.670000076293945,17.670000076293945,653.0
2024-10-25 13:41:00+00:00,AAPL,231.52499389648438,231.52499389648438,231.5800018310547,231.39999389648438,231.54010009765625,109183.0
2024-10-25 13:41:00+00:00,ACIW,48.59000015258789,48.59000015258789,48.59000015258789,48.59000015258789,48.59000015258789,1079.0
2024-10-25 13:41:00+00:00,ACMR,19.709999084472656,19.709999084472656,19.709999084472656,19.65999984741211,19.65999984741211,2232.0
2024-10-25 13:41:00+00:00,ADBE,483.3800048828125,483.3800048828125,483.5498962402344,483.2550048828125,483.2550048828125,3223.0
2024-10-25 13:41:00+00:00,ADI,232.0500030517578,232.0500030517578,232.11000061035156,232.0500030517578,232.11000061035156,473.0
2024-10-25 13:41:00+00:00,ADSK,285.42999267578125,285.42999267578125,285.4800109863281,285.3999938964844,285.4800109863281,3180.0
2024-10-25 13:41:00+00:00,ADTN,6.34499979019165,6.34499979019165,6.349999904632568,6.34499979019165,6.349999904632568,614.0
2024-10-25 13:41:00+00:00,AEHR,17.09000015258789,17.09000015258789,17.09000015258789,17.09000015258789,17.09000015258789,547.0
2024-10-25 13:41:00+00:00,AFRM,41.36000061035156,41.36000061035156,41.369998931884766,41.34000015258789,41.36000061035156,2626.0
2024-10-25 13:41:00+00:00,AGYS,111.06999969482422,111.06999969482422,111.06999969482422,110.96499633789062,110.96499633789062,1839.0
2024-10-25 13:41:00+00:00,AKAM,102.33000183105469,102.33000183105469,102.37000274658203,102.30999755859375,102.37000274658203,1895.0
2024-10-25 13:41:00+00:00,AKTS,0.058800000697374344,0.058800000697374344,0.058800000697374344,0.058800000697374344,0.058800000697374344,97262.0
2024-10-25 13:41:00+00:00,ALGM,23.010000228881836,23.010000228881836,23.010000228881836,22.96500015258789,22.96500015258789,3230.0
2024-10-25 13:41:00+00:00,ALTR,103.76000213623047,103.76000213623047,103.76000213623047,103.75,103.75,10620.0
2024-10-25 13:41:00+00:00,AMAT,187.67999267578125,187.67999267578125,187.67999267578125,187.5399932861328,187.66000366210938,7194.0
2024-10-25 13:41:00+00:00,AMD,156.58999633789062,156.58999633789062,156.6300048828125,156.45379638671875,156.6300048828125,81953.0
2024-10-25 13:41:00+00:00,AMKR,30.049999237060547,30.049999237060547,30.049999237060547,30.030000686645508,30.030000686645508,1180.0
2024-10-25 13:41:00+00:00,ANSS,323.43499755859375,323.43499755859375,323.43499755859375,323.4200134277344,323.4200134277344,881.0
2024-10-25 13:41:00+00:00,API,2.8949999809265137,2.8949999809265137,2.8949999809265137,2.8949999809265137,2.8949999809265137,600.0
2024-10-25 13:41:00+00:00,APP,160.4499969482422,160.4499969482422,160.4499969482422,160.3699951171875,160.3800048828125,1554.0
2024-10-25 13:41:00+00:00,APPF,213.52499389648438,213.52499389648438,213.52499389648438,213.52499389648438,213.52499389648438,1183.0
2024-10-25 13:41:00+00:00,APPN,31.829999923706055,31.829999923706055,31.8700008392334,31.829999923706055,31.8700008392334,5724.0
2024-10-25 13:41:00+00:00,APPS,3.055000066757202,3.055000066757202,3.055000066757202,3.055000066757202,3.055000066757202,449.0
2024-10-25 13:41:00+00:00,ARRY,6.329999923706055,6.329999923706055,6.340000152587891,6.329999923706055,6.335000038146973,7798.0
2024-10-25 13:41:00+00:00,ASML,714.3350219726562,714.3350219726562,714.72998046875,714.3200073242188,714.72998046875,5228.0
2024-10-25 13:41:00+00:00,AUR,6.425000190734863,6.425000190734863,6.429999828338623,6.420000076293945,6.429999828338623,12502.0
2024-10-25 13:41:00+00:00,AVDX,8.119999885559082,8.119999885559082,8.119999885559082,8.119999885559082,8.119999885559082,2032.0
2024-10-25 13:41:00+00:00,AVGO,174.32000732421875,174.32000732421875,174.4199981689453,174.22000122070312,174.4199981689453,14702.0
2024-10-25 13:41:00+00:00,AVT,53.994998931884766,53.994998931884766,54.0,53.994998931884766,54.0,1133.0
2024-10-25 13:41:00+00:00,AXTI,2.680000066757202,2.680000066757202,2.680000066757202,2.680000066757202,2.680000066757202,167.0
2024-10-25 13:41:00+00:00,BAND,17.614999771118164,17.614999771118164,17.614999771118164,17.614999771118164,17.614999771118164,577.0
2024-10-25 13:41:00+00:00,BASE,16.27079963684082,16.27079963684082,16.31999969482422,16.27079963684082,16.309999465942383,5362.0
2024-10-25 13:41:00+00:00,BELFA,104.55000305175781,104.55000305175781,104.55000305175781,104.55000305175781,104.55000305175781,923.0
2024-10-25 13:41:00+00:00,BL,56.1349983215332,56.1349983215332,56.15999984741211,56.1349983215332,56.15999984741211,2005.0
2024-10-25 13:41:00+00:00,BMBL,7.139999866485596,7.139999866485596,7.140600204467773,7.139999866485596,7.139999866485596,758.0
2024-10-25 13:41:00+00:00,BSY,49.076900482177734,49.076900482177734,49.076900482177734,49.060001373291016,49.06999969482422,2213.0
2024-10-25 13:41:00+00:00,CAMT,77.94999694824219,77.94999694824219,78.05000305175781,77.94999694824219,78.05000305175781,1174.0
2024-10-25 13:41:00+00:00,CDNS,257.739990234375,257.739990234375,257.8999938964844,257.7149963378906,257.8999938964844,2071.0
2024-10-25 13:41:00+00:00,CDW,218.7899932861328,218.7899932861328,218.7899932861328,218.77000427246094,218.77000427246094,1079.0
2024-10-25 13:41:00+00:00,CETX,0.30469998717308044,0.30469998717308044,0.30469998717308044,0.30469998717308044,0.30469998717308044,1085.0
2024-10-25 13:41:00+00:00,CFLT,22.565000534057617,22.565000534057617,22.565000534057617,22.549999237060547,22.549999237060547,4741.0
2024-10-25 13:41:00+00:00,CHKP,206.2100067138672,206.2100067138672,206.2100067138672,206.2100067138672,206.2100067138672,1901.0
2024-10-25 13:41:00+00:00,CLBT,18.190000534057617,18.190000534057617,18.190000534057617,18.18000030517578,18.184999465942383,2436.0
2024-10-25 13:41:00+00:00,CLSK,11.875,11.875,11.910300254821777,11.850000381469727,11.910300254821777,125210.0
2024-10-25 13:41:00+00:00,CNDT,3.609999895095825,3.609999895095825,3.609999895095825,3.609999895095825,3.609999895095825,408.0
2024-10-25 13:41:00+00:00,COHR,95.43000030517578,95.43000030517578,95.45500183105469,95.41999816894531,95.45500183105469,1441.0
2024-10-25 13:41:00+00:00,COIN,210.69000244140625,210.69000244140625,210.86000061035156,210.5399932861328,210.86000061035156,5194.0
2024-10-25 13:41:00+00:00,COMM,6.284999847412109,6.284999847412109,6.295000076293945,6.275000095367432,6.28000020980835,10847.0
2024-10-25 13:41:00+00:00,CORZ,13.515999794006348,13.515999794006348,13.515999794006348,13.493900299072266,13.493900299072266,7337.0
2024-10-25 13:41:00+00:00,CRCT,6.605000019073486,6.605000019073486,6.614999771118164,6.605000019073486,6.614999771118164,1451.0
2024-10-25 13:41:00+00:00,CRDO,39.220001220703125,39.220001220703125,39.2400016784668,39.209999084472656,39.220001220703125,3960.0
2024-10-25 13:41:00+00:00,CRNC,2.9100000858306885,2.9100000858306885,2.9100000858306885,2.9100000858306885,2.9100000858306885,2744.0
2024-10-25 13:41:00+00:00,CRSR,6.34499979019165,6.34499979019165,6.34499979019165,6.340000152587891,6.340000152587891,461.0
2024-10-25 13:41:00+00:00,CRWD,298.5632019042969,298.5632019042969,298.9027099609375,298.2799987792969,298.7900085449219,17293.0
2024-10-25 13:41:00+00:00,CSCO,55.791500091552734,55.791500091552734,55.79999923706055,55.75920104980469,55.79499816894531,16205.0
2024-10-25 13:41:00+00:00,CSGS,47.33000183105469,47.33000183105469,47.34000015258789,47.310001373291016,47.34000015258789,1484.0
2024-10-25 13:41:00+00:00,CSIQ,13.430000305175781,13.430000305175781,13.460000038146973,13.430000305175781,13.460000038146973,1999.0
2024-10-25 13:41:00+00:00,CTLP,8.904999732971191,8.904999732971191,8.904999732971191,8.904999732971191,8.904999732971191,207.0
2024-10-25 13:41:00+00:00,CTSH,74.7300033569336,74.7300033569336,74.7699966430664,74.72000122070312,74.7699966430664,4296.0
2024-10-25 13:41:00+00:00,DAVE,39.21500015258789,39.21500015258789,39.21500015258789,39.21500015258789,39.21500015258789,407.0
2024-10-25 13:41:00+00:00,DBX,25.895000457763672,25.895000457763672,25.899999618530273,25.895000457763672,25.899999618530273,2321.0
2024-10-25 13:41:00+00:00,DCBO,45.849998474121094,45.849998474121094,45.849998474121094,45.849998474121094,45.849998474121094,111.0
2024-10-25 13:41:00+00:00,DDOG,126.66500091552734,126.66500091552734,126.66999816894531,126.58999633789062,126.5999984741211,3580.0
2024-10-25 13:41:00+00:00,DGHI,1.5700000524520874,1.5700000524520874,1.5800000429153442,1.5700000524520874,1.5800000429153442,3174.0
2024-10-25 13:41:00+00:00,DGII,30.610000610351562,30.610000610351562,30.610000610351562,30.610000610351562,30.610000610351562,715.0
2024-10-25 13:41:00+00:00,DIOD,65.9000015258789,65.9000015258789,65.9000015258789,65.9000015258789,65.9000015258789,164.0
2024-10-25 13:41:00+00:00,DLO,8.829999923706055,8.829999923706055,8.829999923706055,8.829999923706055,8.829999923706055,485.0
2024-10-25 13:41:00+00:00,DOCU,69.54000091552734,69.54000091552734,69.54000091552734,69.51000213623047,69.54000091552734,3157.0
2024-10-25 13:41:00+00:00,DOMO,8.045000076293945,8.045000076293945,8.050000190734863,8.045000076293945,8.050000190734863,2830.0
2024-10-25 13:41:00+00:00,DSP,11.420000076293945,11.420000076293945,11.420000076293945,11.420000076293945,11.420000076293945,1198.0
2024-10-25 13:41:00+00:00,DTSS,2.490000009536743,2.490000009536743,2.490000009536743,2.490000009536743,2.490000009536743,111.0
2024-10-25 13:41:00+00:00,EEFT,99.43499755859375,99.43499755859375,99.43499755859375,99.36000061035156,99.36000061035156,309.0
2024-10-25 13:41:00+00:00,ENPH,83.08000183105469,83.08000183105469,83.20989990234375,83.08000183105469,83.20989990234375,2251.0
2024-10-25 13:41:00+00:00,ENTG,105.37999725341797,105.37999725341797,105.37999725341797,105.37999725341797,105.37999725341797,798.0
2024-10-25 13:41:00+00:00,ERIC,8.45009994506836,8.45009994506836,8.456000328063965,8.449999809265137,8.449999809265137,55814.0
2024-10-25 13:41:00+00:00,EVCM,10.5,10.5,10.5,10.5,10.5,334.0
2024-10-25 13:41:00+00:00,EXFY,1.725000023841858,1.725000023841858,1.725000023841858,1.725000023841858,1.725000023841858,416.0
2024-10-25 13:41:00+00:00,EXLS,38.63999938964844,38.63999938964844,38.66999816894531,38.63999938964844,38.66999816894531,360.0
2024-10-25 13:41:00+00:00,EXTR,14.390000343322754,14.390000343322754,14.395000457763672,14.390000343322754,14.395000457763672,1120.0
2024-10-25 13:41:00+00:00,FFIV,216.01499938964844,216.01499938964844,216.08999633789062,215.99000549316406,216.08999633789062,2452.0
2024-10-25 13:41:00+00:00,FIVN,29.940000534057617,29.940000534057617,29.979999542236328,29.940000534057617,29.979999542236328,1228.0
2024-10-25 13:41:00+00:00,FLEX,35.20000076293945,35.20000076293945,35.209999084472656,35.189998626708984,35.198001861572266,1610.0
2024-10-25 13:41:00+00:00,FORM,44.900001525878906,44.900001525878906,44.900001525878906,44.900001525878906,44.900001525878906,1009.0
2024-10-25 13:41:00+00:00,FROG,29.170000076293945,29.170000076293945,29.18000030517578,29.15999984741211,29.18000030517578,1103.0
2024-10-25 13:41:00+00:00,FRSH,11.654999732971191,11.654999732971191,11.654999732971191,11.649999618530273,11.649999618530273,685.0
2024-10-25 13:41:00+00:00,FSLR,197.9250030517578,197.9250030517578,197.9250030517578,197.9250030517578,197.9250030517578,1166.0
2024-10-25 13:41:00+00:00,FTNT,80.69000244140625,80.69000244140625,80.69000244140625,80.66500091552734,80.68000030517578,2701.0
2024-10-25 13:41:00+00:00,GCT,24.680700302124023,24.680700302124023,24.700000762939453,24.680700302124023,24.700000762939453,2309.0
2024-10-25 13:41:00+00:00,GDYN,15.569999694824219,15.569999694824219,15.569999694824219,15.569999694824219,15.569999694824219,276.0
2024-10-25 13:41:00+00:00,GFS,40.86000061035156,40.86000061035156,40.87459945678711,40.83000183105469,40.86000061035156,4086.0
2024-10-25 13:41:00+00:00,GPRO,1.3350000381469727,1.3350000381469727,1.3350000381469727,1.3300000429153442,1.3300000429153442,215.0
2024-10-25 13:41:00+00:00,GRAB,4.09499979019165,4.09499979019165,4.09499979019165,4.09499979019165,4.09499979019165,88323.0
2024-10-25 13:41:00+00:00,GTLB,55.36000061035156,55.36000061035156,55.36000061035156,55.36000061035156,55.36000061035156,727.0
2024-10-25 13:41:00+00:00,HCP,33.66999816894531,33.66999816894531,33.66999816894531,33.665000915527344,33.665000915527344,1999.0
2024-10-25 13:41:00+00:00,HIMX,6.175000190734863,6.175000190734863,6.175000190734863,6.175000190734863,6.175000190734863,157.0
2024-10-25 13:41:00+00:00,HLIT,14.779999732971191,14.779999732971191,14.789999961853027,14.779999732971191,14.789999961853027,1106.0
2024-10-25 13:41:00+00:00,HOLO,3.619999885559082,3.619999885559082,3.619999885559082,3.609999895095825,3.609999895095825,1177.0
2024-10-25 13:41:00+00:00,HOOD,27.18600082397461,27.18600082397461,27.21500015258789,27.15999984741211,27.209999084472656,30853.0
2024-10-25 13:41:00+00:00,ICHR,27.649999618530273,27.649999618530273,27.670000076293945,27.6200008392334,27.649999618530273,1167.0
2024-10-25 13:41:00+00:00,IIIV,22.850000381469727,22.850000381469727,22.850000381469727,22.850000381469727,22.850000381469727,229.0
2024-10-25 13:41:00+00:00,IMXI,17.579999923706055,17.579999923706055,17.579999923706055,17.579999923706055,17.579999923706055,1607.0
2024-10-25 13:41:00+00:00,INDI,3.555000066757202,3.555000066757202,3.559999942779541,3.555000066757202,3.559999942779541,619.0
2024-10-25 13:41:00+00:00,INFN,6.784999847412109,6.784999847412109,6.785999774932861,6.78000020980835,6.785999774932861,3475.0
2024-10-25 13:41:00+00:00,INOD,20.1299991607666,20.1299991607666,20.1299991607666,20.1299991607666,20.1299991607666,300.0
2024-10-25 13:41:00+00:00,INSG,20.114999771118164,20.114999771118164,20.114999771118164,20.114999771118164,20.114999771118164,69.0
2024-10-25 13:41:00+00:00,INTA,50.04999923706055,50.04999923706055,50.04999923706055,50.029998779296875,50.04999923706055,925.0
2024-10-25 13:41:00+00:00,INTC,22.90999984741211,22.90999984741211,22.924999237060547,22.899999618530273,22.924999237060547,112645.0
2024-10-25 13:41:00+00:00,INTU,608.8800048828125,608.8800048828125,609.0050048828125,608.72998046875,609.0050048828125,693.0
2024-10-25 13:41:00+00:00,ITI,7.195000171661377,7.195000171661377,7.195000171661377,7.195000171661377,7.195000171661377,380.0
2024-10-25 13:41:00+00:00,ITRI,102.5199966430664,102.5199966430664,102.5199966430664,102.5199966430664,102.5199966430664,636.0
2024-10-25 13:41:00+00:00,JAMF,16.75,16.75,16.75,16.75,16.75,1402.0
2024-10-25 13:41:00+00:00,JFU,1.6699999570846558,1.6699999570846558,1.6699999570846558,1.6699999570846558,1.6699999570846558,333.0
2024-10-25 13:41:00+00:00,JKHY,182.38999938964844,182.38999938964844,182.38999938964844,182.38999938964844,182.38999938964844,344.0
2024-10-25 13:41:00+00:00,KLAC,676.8400268554688,676.8400268554688,676.8400268554688,676.2579956054688,676.5599975585938,1106.0
2024-10-25 13:41:00+00:00,KLTR,1.3300000429153442,1.3300000429153442,1.3300000429153442,1.3300000429153442,1.3300000429153442,3742.0
2024-10-25 13:41:00+00:00,KOPN,0.7734000086784363,0.7734000086784363,0.7767000198364258,0.7734000086784363,0.7767000198364258,970.0
2024-10-25 13:41:00+00:00,LASR,10.399999618530273,10.399999618530273,10.399999618530273,10.399999618530273,10.399999618530273,606.0
2024-10-25 13:41:00+00:00,LITE,63.91999816894531,63.91999816894531,63.91999816894531,63.880001068115234,63.91999816894531,1821.0
2024-10-25 13:41:00+00:00,LOGI,80.74500274658203,80.74500274658203,80.74500274658203,80.74500274658203,80.74500274658203,220.0
2024-10-25 13:41:00+00:00,LRCX,78.70800018310547,78.70800018310547,78.7300033569336,78.66000366210938,78.7300033569336,15905.0
2024-10-25 13:41:00+00:00,LSCC,54.380001068115234,54.380001068115234,54.380001068115234,54.36000061035156,54.369998931884766,1722.0
2024-10-25 13:41:00+00:00,LYFT,13.706000328063965,13.706000328063965,13.710000038146973,13.699999809265137,13.710000038146973,14134.0
2024-10-25 13:41:00+00:00,MANH,274.6449890136719,274.6449890136719,274.6449890136719,274.6449890136719,274.6449890136719,194.0
2024-10-25 13:41:00+00:00,MARK,0.11010000109672546,0.11010000109672546,0.11010000109672546,0.11010000109672546,0.11010000109672546,3588.0
2024-10-25 13:41:00+00:00,MAXN,5.616199970245361,5.616199970245361,5.616199970245361,5.616199970245361,5.616199970245361,2279.0
2024-10-25 13:41:00+00:00,MCHP,76.77999877929688,76.77999877929688,76.81999969482422,76.7699966430664,76.81999969482422,7904.0
2024-10-25 13:41:00+00:00,MDB,266.44500732421875,266.44500732421875,266.510009765625,266.44500732421875,266.510009765625,594.0
2024-10-25 13:41:00+00:00,MKSI,101.09500122070312,101.09500122070312,101.0999984741211,101.09500122070312,101.09500122070312,1134.0
2024-10-25 13:41:00+00:00,MKTW,0.5805000066757202,0.5805000066757202,0.5805000066757202,0.5805000066757202,0.5805000066757202,330.0
2024-10-25 13:41:00+00:00,MNDY,299.989990234375,299.989990234375,299.989990234375,299.989990234375,299.989990234375,111.0
2024-10-25 13:41:00+00:00,MPWR,916.989990234375,916.989990234375,918.1699829101562,916.72998046875,918.1699829101562,1993.0
2024-10-25 13:41:00+00:00,MQ,5.289999961853027,5.289999961853027,5.289999961853027,5.289999961853027,5.289999961853027,548.0
2024-10-25 13:41:00+00:00,MRVL,82.30000305175781,82.30000305175781,82.31999969482422,82.23500061035156,82.31999969482422,18515.0
2024-10-25 13:41:00+00:00,MSFT,427.5849914550781,427.5849914550781,427.7349853515625,427.32000732421875,427.7349853515625,44436.0
2024-10-25 13:41:00+00:00,MSTR,237.5,237.5,238.0500030517578,237.39010620117188,237.88999938964844,15620.0
2024-10-25 13:41:00+00:00,MTSI,120.4000015258789,120.4000015258789,120.4000015258789,120.4000015258789,120.4000015258789,7073.0
2024-10-25 13:41:00+00:00,MTTR,4.622499942779541,4.622499942779541,4.625,4.619999885559082,4.619999885559082,5717.0
2024-10-25 13:41:00+00:00,MU,108.17900085449219,108.17900085449219,108.25,108.0999984741211,108.23999786376953,22192.0
2024-10-25 13:41:00+00:00,MVIS,1.090000033378601,1.090000033378601,1.090000033378601,1.090000033378601,1.090000033378601,126.0
2024-10-25 13:41:00+00:00,MXL,14.800000190734863,14.800000190734863,14.800000190734863,14.789999961853027,14.800000190734863,1656.0
2024-10-25 13:41:00+00:00,MYSZ,1.600000023841858,1.600000023841858,1.600000023841858,1.600000023841858,1.600000023841858,400.0
2024-10-25 13:41:00+00:00,NCNO,37.70000076293945,37.70000076293945,37.70500183105469,37.689998626708984,37.70000076293945,790.0
2024-10-25 13:41:00+00:00,NICE,175.77499389648438,175.77499389648438,175.77499389648438,175.77499389648438,175.77499389648438,254.0
2024-10-25 13:41:00+00:00,NSIT,208.25,208.25,208.25,208.25,208.25,919.0
2024-10-25 13:41:00+00:00,NTCT,20.68000030517578,20.68000030517578,20.68000030517578,20.68000030517578,20.68000030517578,497.0
2024-10-25 13:41:00+00:00,NTGR,20.30500030517578,20.30500030517578,20.30500030517578,20.30500030517578,20.30500030517578,186.0
2024-10-25 13:41:00+00:00,NTNX,62.0890007019043,62.0890007019043,62.0890007019043,62.040000915527344,62.040000915527344,812.0
2024-10-25 13:41:00+00:00,NVDA,142.13499450683594,142.13499450683594,142.1999969482422,142.00999450683594,142.1999969482422,696493.0
2024-10-25 13:41:00+00:00,NVTS,2.565000057220459,2.565000057220459,2.565000057220459,2.559999942779541,2.559999942779541,3368.0
2024-10-25 13:41:00+00:00,NXPI,243.9149932861328,243.9149932861328,244.14999389648438,243.91000366210938,244.14999389648438,4698.0
2024-10-25 13:41:00+00:00,OKTA,72.0999984741211,72.0999984741211,72.0999984741211,72.0999984741211,72.0999984741211,1116.0
2024-10-25 13:41:00+00:00,OLED,203.60000610351562,203.60000610351562,203.61000061035156,203.60000610351562,203.61000061035156,1090.0
2024-10-25 13:41:00+00:00,ON,71.70999908447266,71.70999908447266,71.77999877929688,71.70999908447266,71.77999877929688,27273.0
2024-10-25 13:41:00+00:00,ONDS,0.8675000071525574,0.8675000071525574,0.8700000047683716,0.8651000261306763,0.8700000047683716,1468.0
2024-10-25 13:41:00+00:00,PANW,366.5526123046875,366.5526123046875,366.5660095214844,366.5526123046875,366.5660095214844,2546.0
2024-10-25 13:41:00+00:00,PAYO,8.295000076293945,8.295000076293945,8.295000076293945,8.295000076293945,8.295000076293945,611.0
2024-10-25 13:41:00+00:00,PCTY,173.14999389648438,173.14999389648438,173.14999389648438,173.14999389648438,173.14999389648438,1139.0
2024-10-25 13:41:00+00:00,PEGA,79.375,79.375,79.37999725341797,79.30500030517578,79.30500030517578,3382.0
2024-10-25 13:41:00+00:00,PEGY,4.735000133514404,4.735000133514404,4.735000133514404,4.735000133514404,4.735000133514404,106.0
2024-10-25 13:41:00+00:00,PET,0.8134999871253967,0.8134999871253967,0.8134999871253967,0.8134999871253967,0.8134999871253967,100.0
2024-10-25 13:41:00+00:00,PGY,11.819999694824219,11.819999694824219,11.819999694824219,11.819999694824219,11.819999694824219,1088.0
2024-10-25 13:41:00+00:00,PHUN,10.34000015258789,10.34000015258789,10.35099983215332,10.3100004196167,10.35099983215332,16364.0
2024-10-25 13:41:00+00:00,PI,202.27999877929688,202.27999877929688,202.27999877929688,202.19000244140625,202.19500732421875,2765.0
2024-10-25 13:41:00+00:00,PRGS,64.45099639892578,64.45099639892578,64.45099639892578,64.45099639892578,64.45099639892578,1974.0
2024-10-25 13:41:00+00:00,PTC,186.10000610351562,186.10000610351562,186.41000366210938,186.10000610351562,186.41000366210938,4414.0
2024-10-25 13:41:00+00:00,QCOM,171.5500030517578,171.5500030517578,171.63999938964844,171.5050048828125,171.63999938964844,10963.0
2024-10-25 13:41:00+00:00,QLYS,120.12000274658203,120.12000274658203,120.16999816894531,120.05000305175781,120.05000305175781,5593.0
2024-10-25 13:41:00+00:00,QUBT,1.0950000286102295,1.0950000286102295,1.0950000286102295,1.0950000286102295,1.0950000286102295,600.0
2024-10-25 13:41:00+00:00,RCAT,2.765000104904175,2.765000104904175,2.765000104904175,2.759999990463257,2.759999990463257,1132.0
2024-10-25 13:41:00+00:00,RDVT,28.7450008392334,28.7450008392334,28.7450008392334,28.7450008392334,28.7450008392334,697.0
2024-10-25 13:41:00+00:00,REKR,1.0950000286102295,1.0950000286102295,1.0950000286102295,1.0950000286102295,1.0950000286102295,432.0
2024-10-25 13:41:00+00:00,RELY,14.829999923706055,14.829999923706055,14.84000015258789,14.829999923706055,14.84000015258789,1645.0
2024-10-25 13:41:00+00:00,RIOT,9.954999923706055,9.954999923706055,9.960100173950195,9.949999809265137,9.960100173950195,11171.0
2024-10-25 13:41:00+00:00,RMBS,43.34000015258789,43.34000015258789,43.369998931884766,43.34000015258789,43.369998931884766,1323.0
2024-10-25 13:41:00+00:00,RMNI,1.715000033378601,1.715000033378601,1.7200000286102295,1.715000033378601,1.7200000286102295,10743.0
2024-10-25 13:41:00+00:00,RPAY,7.590000152587891,7.590000152587891,7.590000152587891,7.590000152587891,7.590000152587891,292.0
2024-10-25 13:41:00+00:00,RUM,5.796000003814697,5.796000003814697,5.796000003814697,5.795000076293945,5.795000076293945,471.0
2024-10-25 13:41:00+00:00,RUN,14.335100173950195,14.335100173950195,14.335100173950195,14.3100004196167,14.3100004196167,10402.0
2024-10-25 13:41:00+00:00,RXT,2.501300096511841,2.501300096511841,2.501300096511841,2.501300096511841,2.501300096511841,678.0
2024-10-25 13:41:00+00:00,SANG,5.760000228881836,5.760000228881836,5.760000228881836,5.760000228881836,5.760000228881836,200.0
2024-10-25 13:41:00+00:00,SCSC,44.689998626708984,44.689998626708984,44.689998626708984,44.689998626708984,44.689998626708984,775.0
2024-10-25 13:41:00+00:00,SEDG,15.970000267028809,15.970000267028809,15.970000267028809,15.949999809265137,15.949999809265137,6322.0
2024-10-25 13:41:00+00:00,SHLS,5.239999771118164,5.239999771118164,5.239999771118164,5.235000133514404,5.235000133514404,1243.0
2024-10-25 13:41:00+00:00,SIMO,56.439998626708984,56.439998626708984,56.439998626708984,56.439998626708984,56.439998626708984,266.0
2024-10-25 13:41:00+00:00,SITM,181.02000427246094,181.02000427246094,181.02000427246094,181.02000427246094,181.02000427246094,573.0
2024-10-25 13:41:00+00:00,SKYT,10.625,10.625,10.625,10.625,10.625,243.0
2024-10-25 13:41:00+00:00,SLNHP,13.0,13.0,13.0,13.0,13.0,0.0
2024-10-25 13:41:00+00:00,SMCI,46.9900016784668,46.9900016784668,47.029998779296875,46.91999816894531,47.029998779296875,60723.0
2024-10-25 13:41:00+00:00,SMTC,45.75,45.75,45.75,45.7400016784668,45.75,1280.0
2024-10-25 13:41:00+00:00,SNCR,10.56089973449707,10.56089973449707,10.56089973449707,10.56089973449707,10.56089973449707,301.0
2024-10-25 13:41:00+00:00,SNPS,502.05999755859375,502.05999755859375,502.05999755859375,502.0,502.0,424.0
2024-10-25 13:41:00+00:00,SOUN,5.184999942779541,5.184999942779541,5.195499897003174,5.179999828338623,5.195499897003174,38251.0
2024-10-25 13:41:00+00:00,SPSC,173.35000610351562,173.35000610351562,173.35000610351562,173.35000610351562,173.35000610351562,735.0
2024-10-25 13:41:00+00:00,SPT,26.790000915527344,26.790000915527344,26.790000915527344,26.760000228881836,26.770000457763672,1076.0
2024-10-25 13:41:00+00:00,SRAD,12.345000267028809,12.345000267028809,12.345000267028809,12.345000267028809,12.345000267028809,103.0
2024-10-25 13:41:00+00:00,SSNC,69.66999816894531,69.66999816894531,69.67500305175781,69.65249633789062,69.66000366210938,8741.0
2024-10-25 13:41:00+00:00,SSTI,11.300000190734863,11.300000190734863,11.300000190734863,11.300000190734863,11.300000190734863,233.0
2024-10-25 13:41:00+00:00,STER,16.735000610351562,16.735000610351562,16.739999771118164,16.735000610351562,16.735000610351562,4133.0
2024-10-25 13:41:00+00:00,STNE,11.526000022888184,11.526000022888184,11.53499984741211,11.524999618530273,11.53499984741211,8537.0
2024-10-25 13:41:00+00:00,STX,103.56999969482422,103.56999969482422,103.62000274658203,103.55999755859375,103.62000274658203,1128.0
2024-10-25 13:41:00+00:00,SWKS,96.30000305175781,96.30000305175781,96.33499908447266,96.2699966430664,96.33499908447266,3454.0
2024-10-25 13:41:00+00:00,SYTA,1.2904000282287598,1.2904000282287598,1.2949999570846558,1.2904000282287598,1.2949999570846558,0.0
2024-10-25 13:41:00+00:00,TASK,11.970000267028809,11.970000267028809,11.970000267028809,11.970000267028809,11.970000267028809,1600.0
2024-10-25 13:41:00+00:00,TCX,19.389999389648438,19.389999389648438,19.389999389648438,19.34000015258789,19.34000015258789,256.0
2024-10-25 13:41:00+00:00,TEAM,189.6999969482422,189.6999969482422,189.72000122070312,189.1999969482422,189.1999969482422,7928.0
2024-10-25 13:41:00+00:00,TENB,41.540000915527344,41.540000915527344,41.540000915527344,41.540000915527344,41.540000915527344,568.0
2024-10-25 13:41:00+00:00,TER,112.80000305175781,112.80000305175781,112.81999969482422,112.80000305175781,112.80999755859375,6377.0
2024-10-25 13:41:00+00:00,TLS,3.609999895095825,3.609999895095825,3.609999895095825,3.6050000190734863,3.609999895095825,994.0
2024-10-25 13:41:00+00:00,TRMB,61.04999923706055,61.04999923706055,61.05500030517578,61.029998779296875,61.05500030517578,3015.0
2024-10-25 13:41:00+00:00,TSEM,45.12950134277344,45.12950134277344,45.12950134277344,45.12950134277344,45.12950134277344,160.0
2024-10-25 13:41:00+00:00,TTD,118.58999633789062,118.58999633789062,118.58999633789062,118.5199966430664,118.58000183105469,1192.0
2024-10-25 13:41:00+00:00,TTMI,19.6200008392334,19.6200008392334,19.6299991607666,19.600000381469727,19.6299991607666,1248.0
2024-10-25 13:41:00+00:00,TWKS,4.449999809265137,4.449999809265137,4.449999809265137,4.449999809265137,4.449999809265137,39663.0
2024-10-25 13:41:00+00:00,TXN,207.64500427246094,207.64500427246094,207.7100067138672,207.59500122070312,207.7100067138672,5589.0
2024-10-25 13:41:00+00:00,UCTT,35.7400016784668,35.7400016784668,35.77000045776367,35.7400016784668,35.77000045776367,556.0
2024-10-25 13:41:00+00:00,VECO,29.360000610351562,29.360000610351562,29.360000610351562,29.360000610351562,29.360000610351562,764.0
2024-10-25 13:41:00+00:00,VERX,41.63999938964844,41.63999938964844,41.63999938964844,41.63999938964844,41.63999938964844,434.0
2024-10-25 13:41:00+00:00,VIAV,9.229999542236328,9.229999542236328,9.229999542236328,9.229999542236328,9.229999542236328,225.0
2024-10-25 13:41:00+00:00,VMEO,4.769999980926514,4.769999980926514,4.769999980926514,4.760000228881836,4.760000228881836,524.0
2024-10-25 13:41:00+00:00,VNET,3.424999952316284,3.424999952316284,3.424999952316284,3.424999952316284,3.424999952316284,300.0
2024-10-25 13:41:00+00:00,VRNS,56.619998931884766,56.619998931884766,56.64500045776367,56.619998931884766,56.64500045776367,1092.0
2024-10-25 13:41:00+00:00,VRNT,21.9950008392334,21.9950008392334,21.9950008392334,21.9950008392334,21.9950008392334,574.0
2024-10-25 13:41:00+00:00,VRSN,184.27000427246094,184.27000427246094,184.27000427246094,184.27000427246094,184.27000427246094,917.0
2024-10-25 13:41:00+00:00,VSAT,10.234999656677246,10.234999656677246,10.234999656677246,10.234999656677246,10.234999656677246,767.0
2024-10-25 13:41:00+00:00,VUZI,1.3200000524520874,1.3200000524520874,1.3200000524520874,1.3200000524520874,1.3200000524520874,335.0
2024-10-25 13:41:00+00:00,WDAY,238.75,238.75,238.80499267578125,238.69000244140625,238.75,1596.0
2024-10-25 13:41:00+00:00,WDC,70.4749984741211,70.4749984741211,70.54000091552734,70.41000366210938,70.52999877929688,17594.0
2024-10-25 13:41:00+00:00,WISA,1.9400999546051025,1.9400999546051025,1.9700000286102295,1.940000057220459,1.9700000286102295,11624.0
2024-10-25 13:41:00+00:00,WIX,164.39999389648438,164.39999389648438,164.39999389648438,164.39999389648438,164.39999389648438,772.0
2024-10-25 13:41:00+00:00,WLDS,3.4600000381469727,3.4600000381469727,3.4600000381469727,3.450000047683716,3.450000047683716,8668.0
2024-10-25 13:41:00+00:00,XRX,9.968999862670898,9.968999862670898,9.979999542236328,9.968999862670898,9.979999542236328,1498.0
2024-10-25 13:41:00+00:00,ZI,10.494999885559082,10.494999885559082,10.494999885559082,10.494999885559082,10.494999885559082,1103.0
2024-10-25 13:41:00+00:00,ZM,72.86000061035156,72.86000061035156,72.86000061035156,72.85099792480469,72.86000061035156,1294.0
2024-10-25 13:41:00+00:00,ZS,184.19500732421875,184.19500732421875,184.19500732421875,184.17999267578125,184.17999267578125,2180.0
2024-10-25 13:42:00+00:00,AAOI,17.65999984741211,17.65999984741211,17.666000366210938,17.65999984741211,17.666000366210938,432.0
2024-10-25 13:42:00+00:00,AAPL,231.4600067138672,231.4600067138672,231.52000427246094,231.389404296875,231.52000427246094,35033.0
2024-10-25 13:42:00+00:00,ACIW,48.58000183105469,48.58000183105469,48.584999084472656,48.58000183105469,48.584999084472656,576.0
2024-10-25 13:42:00+00:00,ACLS,89.95999908447266,89.95999908447266,89.95999908447266,89.93000030517578,89.93000030517578,680.0
2024-10-25 13:42:00+00:00,ACMR,19.690099716186523,19.690099716186523,19.690099716186523,19.690099716186523,19.690099716186523,950.0
2024-10-25 13:42:00+00:00,ADBE,483.4649963378906,483.4649963378906,483.4649963378906,483.2900085449219,483.4649963378906,2000.0
2024-10-25 13:42:00+00:00,ADI,232.0,232.0,232.0449981689453,232.0,232.0399932861328,943.0
2024-10-25 13:42:00+00:00,ADTN,6.340000152587891,6.340000152587891,6.340000152587891,6.340000152587891,6.340000152587891,1219.0
2024-10-25 13:42:00+00:00,AEHR,17.044599533081055,17.044599533081055,17.079999923706055,17.044599533081055,17.079999923706055,1036.0
2024-10-25 13:42:00+00:00,AFRM,41.349998474121094,41.349998474121094,41.38199996948242,41.33869934082031,41.349998474121094,5378.0
2024-10-25 13:42:00+00:00,AKAM,102.30999755859375,102.30999755859375,102.31500244140625,102.28500366210938,102.31500244140625,1200.0
2024-10-25 13:42:00+00:00,ALGM,22.985000610351562,22.985000610351562,22.989999771118164,22.979999542236328,22.989999771118164,4169.0
2024-10-25 13:42:00+00:00,ALRM,54.38999938964844,54.38999938964844,54.38999938964844,54.38999938964844,54.38999938964844,354.0
2024-10-25 13:42:00+00:00,ALTR,103.82990264892578,103.82990264892578,103.82990264892578,103.76000213623047,103.76000213623047,1309.0
2024-10-25 13:42:00+00:00,AMAT,187.5334930419922,187.5334930419922,187.6300048828125,187.4199981689453,187.5749969482422,12177.0
2024-10-25 13:42:00+00:00,AMBA,58.119998931884766,58.119998931884766,58.119998931884766,58.119998931884766,58.119998931884766,338.0
2024-10-25 13:42:00+00:00,AMD,156.5301055908203,156.5301055908203,156.57969665527344,156.42999267578125,156.5399932861328,47651.0
2024-10-25 13:42:00+00:00,AMKR,30.020000457763672,30.020000457763672,30.05500030517578,30.020000457763672,30.040000915527344,1220.0
2024-10-25 13:42:00+00:00,AMPL,9.125,9.125,9.125,9.114999771118164,9.114999771118164,1804.0
2024-10-25 13:42:00+00:00,ANY,1.0499999523162842,1.0499999523162842,1.0499999523162842,1.0499999523162842,1.0499999523162842,2460.0
2024-10-25 13:42:00+00:00,API,2.8949999809265137,2.8949999809265137,2.8949999809265137,2.8949999809265137,2.8949999809265137,100.0
2024-10-25 13:42:00+00:00,APP,160.30999755859375,160.30999755859375,160.41000366210938,160.30999755859375,160.41000366210938,1905.0
2024-10-25 13:42:00+00:00,APPF,213.1300048828125,213.1300048828125,213.1300048828125,213.1199951171875,213.1199951171875,1397.0
2024-10-25 13:42:00+00:00,APPN,31.877500534057617,31.877500534057617,31.877500534057617,31.877500534057617,31.877500534057617,761.0
2024-10-25 13:42:00+00:00,ARRY,6.329999923706055,6.329999923706055,6.335000038146973,6.329999923706055,6.335000038146973,5227.0
2024-10-25 13:42:00+00:00,ASML,713.89501953125,713.89501953125,714.0499877929688,713.4201049804688,714.0499877929688,5141.0
2024-10-25 13:42:00+00:00,ASNS,1.3049999475479126,1.3049999475479126,1.3049999475479126,1.3049999475479126,1.3049999475479126,200.0
2024-10-25 13:42:00+00:00,ATOM,3.369999885559082,3.369999885559082,3.369999885559082,3.369999885559082,3.369999885559082,14324.0
2024-10-25 13:42:00+00:00,AUR,6.425000190734863,6.425000190734863,6.425000190734863,6.425000190734863,6.425000190734863,2888.0
2024-10-25 13:42:00+00:00,AVGO,174.21499633789062,174.21499633789062,174.3000030517578,174.1199951171875,174.3000030517578,18484.0
2024-10-25 13:42:00+00:00,AVT,53.990501403808594,53.990501403808594,53.990501403808594,53.990501403808594,53.990501403808594,557.0
2024-10-25 13:42:00+00:00,AZPN,235.92999267578125,235.92999267578125,235.97999572753906,235.74000549316406,235.88999938964844,2904.0
2024-10-25 13:42:00+00:00,BAND,17.635000228881836,17.635000228881836,17.639999389648438,17.6200008392334,17.6200008392334,1745.0
2024-10-25 13:42:00+00:00,BELFB,79.22000122070312,79.22000122070312,79.22000122070312,79.22000122070312,79.22000122070312,168.0
2024-10-25 13:42:00+00:00,BIGC,5.300000190734863,5.300000190734863,5.300000190734863,5.300000190734863,5.300000190734863,114.0
2024-10-25 13:42:00+00:00,BMBL,7.139999866485596,7.139999866485596,7.144999980926514,7.139999866485596,7.144999980926514,462.0
2024-10-25 13:42:00+00:00,BRZE,30.655000686645508,30.655000686645508,30.655000686645508,30.655000686645508,30.655000686645508,418.0
2024-10-25 13:42:00+00:00,BSY,49.08000183105469,49.08000183105469,49.08000183105469,49.0629997253418,49.064998626708984,1103.0
2024-10-25 13:42:00+00:00,CAMT,77.91999816894531,77.91999816894531,77.91999816894531,77.83000183105469,77.8499984741211,1404.0
2024-10-25 13:42:00+00:00,CAN,0.9804999828338623,0.9804999828338623,0.9821000099182129,0.9804999828338623,0.9821000099182129,1964.0
2024-10-25 13:42:00+00:00,CCSI,20.459999084472656,20.459999084472656,20.459999084472656,20.440000534057617,20.440000534057617,547.0
2024-10-25 13:42:00+00:00,CDNS,257.94000244140625,257.94000244140625,257.94000244140625,257.79998779296875,257.9049987792969,1546.0
2024-10-25 13:42:00+00:00,CDW,218.75999450683594,218.75999450683594,218.75999450683594,218.75999450683594,218.75999450683594,320.0
2024-10-25 13:42:00+00:00,CFLT,22.55500030517578,22.55500030517578,22.56279945373535,22.55500030517578,22.56279945373535,2781.0
2024-10-25 13:42:00+00:00,CGNX,38.86000061035156,38.86000061035156,38.869998931884766,38.86000061035156,38.869998931884766,1006.0
2024-10-25 13:42:00+00:00,CLSK,11.851099967956543,11.851099967956543,11.869999885559082,11.84000015258789,11.869999885559082,43470.0
2024-10-25 13:42:00+00:00,CMTL,3.7200000286102295,3.7200000286102295,3.7200000286102295,3.7200000286102295,3.7200000286102295,1146.0
2024-10-25 13:42:00+00:00,CNDT,3.609999895095825,3.609999895095825,3.609999895095825,3.609999895095825,3.609999895095825,2071.0
2024-10-25 13:42:00+00:00,CNXC,44.54999923706055,44.54999923706055,44.54999923706055,44.54999923706055,44.54999923706055,1165.0
2024-10-25 13:42:00+00:00,COHR,95.33000183105469,95.33000183105469,95.37000274658203,95.33000183105469,95.37000274658203,1138.0
2024-10-25 13:42:00+00:00,COIN,210.5800018310547,210.5800018310547,210.72999572753906,210.5,210.52999877929688,26587.0
2024-10-25 13:42:00+00:00,COMM,6.28000020980835,6.28000020980835,6.284999847412109,6.275000095367432,6.28000020980835,3014.0
2024-10-25 13:42:00+00:00,CORZ,13.520000457763672,13.520000457763672,13.520000457763672,13.489999771118164,13.510000228881836,4677.0
2024-10-25 13:42:00+00:00,CRCT,6.610000133514404,6.610000133514404,6.610000133514404,6.610000133514404,6.610000133514404,767.0
2024-10-25 13:42:00+00:00,CRDO,39.20000076293945,39.20000076293945,39.20000076293945,39.189998626708984,39.189998626708984,1058.0
2024-10-25 13:42:00+00:00,CRNC,2.9049999713897705,2.9049999713897705,2.9049999713897705,2.9049999713897705,2.9049999713897705,264.0
2024-10-25 13:42:00+00:00,CRUS,122.79000091552734,122.79000091552734,122.79000091552734,122.75,122.75,341.0
2024-10-25 13:42:00+00:00,CRWD,297.6263122558594,297.6263122558594,298.25201416015625,297.3900146484375,298.25,27305.0
2024-10-25 13:42:00+00:00,CSCO,55.79499816894531,55.79499816894531,55.810001373291016,55.77000045776367,55.79499816894531,19282.0
2024-10-25 13:42:00+00:00,CSGS,47.29999923706055,47.29999923706055,47.29999923706055,47.29999923706055,47.29999923706055,433.0
2024-10-25 13:42:00+00:00,CSIQ,13.420000076293945,13.420000076293945,13.4399995803833,13.413000106811523,13.4399995803833,7445.0
2024-10-25 13:42:00+00:00,CTSH,74.73999786376953,74.73999786376953,74.75,74.7300033569336,74.73999786376953,2097.0
2024-10-25 13:42:00+00:00,CVLT,134.3300018310547,134.3300018310547,134.3800048828125,134.3300018310547,134.3800048828125,740.0
2024-10-25 13:42:00+00:00,DAKT,13.010000228881836,13.010000228881836,13.010000228881836,13.010000228881836,13.010000228881836,229.0
2024-10-25 13:42:00+00:00,DATS,1.6649999618530273,1.6649999618530273,1.6649999618530273,1.6649999618530273,1.6649999618530273,0.0
2024-10-25 13:42:00+00:00,DAVE,39.2599983215332,39.2599983215332,39.2599983215332,39.2599983215332,39.2599983215332,574.0
2024-10-25 13:42:00+00:00,DBX,25.895000457763672,25.895000457763672,25.895000457763672,25.889999389648438,25.889999389648438,847.0
2024-10-25 13:42:00+00:00,DDOG,126.54000091552734,126.54000091552734,126.58999633789062,126.50029754638672,126.58999633789062,2594.0
2024-10-25 13:42:00+00:00,DGHI,1.5708999633789062,1.5708999633789062,1.5708999633789062,1.5708999633789062,1.5708999633789062,0.0
2024-10-25 13:42:00+00:00,DLO,8.824999809265137,8.824999809265137,8.824999809265137,8.824999809265137,8.824999809265137,327.0
2024-10-25 13:42:00+00:00,DOCU,69.48999786376953,69.48999786376953,69.51000213623047,69.48999786376953,69.51000213623047,1099.0
2024-10-25 13:42:00+00:00,DSP,11.4399995803833,11.4399995803833,11.4399995803833,11.4399995803833,11.4399995803833,300.0
2024-10-25 13:42:00+00:00,EEFT,99.41500091552734,99.41500091552734,99.43499755859375,99.41500091552734,99.43499755859375,516.0
2024-10-25 13:42:00+00:00,ENPH,83.22000122070312,83.22000122070312,83.22000122070312,83.08000183105469,83.08000183105469,2618.0
2024-10-25 13:42:00+00:00,ENTG,105.31999969482422,105.31999969482422,105.43000030517578,105.31999969482422,105.43000030517578,825.0
2024-10-25 13:42:00+00:00,ERIC,8.454999923706055,8.454999923706055,8.454999923706055,8.449999809265137,8.449999809265137,12193.0
2024-10-25 13:42:00+00:00,EXFY,1.725000023841858,1.725000023841858,1.725000023841858,1.725000023841858,1.725000023841858,719.0
2024-10-25 13:42:00+00:00,EXLS,38.66999816894531,38.66999816894531,38.66999816894531,38.63999938964844,38.63999938964844,1106.0
2024-10-25 13:42:00+00:00,FARO,18.110000610351562,18.110000610351562,18.110000610351562,18.100000381469727,18.100000381469727,2038.0
2024-10-25 13:42:00+00:00,FFIV,216.01499938964844,216.01499938964844,216.01499938964844,216.01499938964844,216.01499938964844,1482.0
2024-10-25 13:42:00+00:00,FLEX,35.20000076293945,35.20000076293945,35.20000076293945,35.18000030517578,35.185001373291016,3793.0
2024-10-25 13:42:00+00:00,FRGT,1.8700000047683716,1.8700000047683716,1.8700000047683716,1.8700000047683716,1.8700000047683716,445.0
2024-10-25 13:42:00+00:00,FROG,29.170000076293945,29.170000076293945,29.170000076293945,29.165000915527344,29.165000915527344,2367.0
2024-10-25 13:42:00+00:00,FRSH,11.645000457763672,11.645000457763672,11.649999618530273,11.645000457763672,11.649999618530273,4817.0
2024-10-25 13:42:00+00:00,FSLR,197.85000610351562,197.85000610351562,197.85000610351562,197.85000610351562,197.85000610351562,126.0
2024-10-25 13:42:00+00:00,FTCI,0.6610000133514404,0.6610000133514404,0.6610000133514404,0.6610000133514404,0.6610000133514404,509.0
2024-10-25 13:42:00+00:00,FTNT,80.69999694824219,80.69999694824219,80.69999694824219,80.66999816894531,80.66999816894531,857.0
2024-10-25 13:42:00+00:00,GCT,24.665000915527344,24.665000915527344,24.690000534057617,24.660600662231445,24.690000534057617,118.0
2024-10-25 13:42:00+00:00,GDS,21.449899673461914,21.449899673461914,21.449899673461914,21.420000076293945,21.43000030517578,1979.0
2024-10-25 13:42:00+00:00,GFS,40.8650016784668,40.8650016784668,40.8744010925293,40.86000061035156,40.86000061035156,573.0
2024-10-25 13:42:00+00:00,GPRO,1.3350000381469727,1.3350000381469727,1.3350000381469727,1.3350000381469727,1.3350000381469727,340.0
2024-10-25 13:42:00+00:00,GRAB,4.09499979019165,4.09499979019165,4.09499979019165,4.09499979019165,4.09499979019165,4562.0
2024-10-25 13:42:00+00:00,GTLB,55.36000061035156,55.36000061035156,55.36000061035156,55.36000061035156,55.36000061035156,317.0
2024-10-25 13:42:00+00:00,HCP,33.66999816894531,33.66999816894531,33.66999816894531,33.662498474121094,33.665000915527344,736.0
2024-10-25 13:42:00+00:00,HIMX,6.175000190734863,6.175000190734863,6.175000190734863,6.170000076293945,6.170000076293945,3137.0
2024-10-25 13:42:00+00:00,HLIT,14.784000396728516,14.784000396728516,14.784000396728516,14.779999732971191,14.779999732971191,975.0
2024-10-25 13:42:00+00:00,HOLO,3.615000009536743,3.615000009536743,3.615000009536743,3.610100030899048,3.610100030899048,3151.0
2024-10-25 13:42:00+00:00,HOOD,27.161300659179688,27.161300659179688,27.18090057373047,27.161300659179688,27.18090057373047,9078.0
2024-10-25 13:42:00+00:00,ICHR,27.6200008392334,27.6200008392334,27.6200008392334,27.6200008392334,27.6200008392334,471.0
2024-10-25 13:42:00+00:00,IMMR,8.701499938964844,8.701499938964844,8.710000038146973,8.699999809265137,8.710000038146973,2298.0
2024-10-25 13:42:00+00:00,INDI,3.555000066757202,3.555000066757202,3.555000066757202,3.555000066757202,3.555000066757202,618.0
2024-10-25 13:42:00+00:00,INFN,6.779900074005127,6.779900074005127,6.78000020980835,6.775000095367432,6.78000020980835,12417.0
2024-10-25 13:42:00+00:00,INTA,50.04499816894531,50.04499816894531,50.04499816894531,50.04499816894531,50.04499816894531,189.0
2024-10-25 13:42:00+00:00,INTC,22.905000686645508,22.905000686645508,22.90999984741211,22.885000228881836,22.905000686645508,114023.0
2024-10-25 13:42:00+00:00,INTU,608.5750122070312,608.5750122070312,608.8699951171875,608.5750122070312,608.8699951171875,566.0
2024-10-25 13:42:00+00:00,ITRI,102.54000091552734,102.54000091552734,102.54000091552734,102.54000091552734,102.54000091552734,306.0
2024-10-25 13:42:00+00:00,JKHY,182.3574981689453,182.3574981689453,182.3574981689453,182.3574981689453,182.3574981689453,159.0
2024-10-25 13:42:00+00:00,KC,2.7100000381469727,2.7100000381469727,2.7149999141693115,2.7100000381469727,2.7100000381469727,2625.0
2024-10-25 13:42:00+00:00,KLAC,676.0,676.0,676.0,676.0,676.0,1108.0
2024-10-25 13:42:00+00:00,KOSS,7.349999904632568,7.349999904632568,7.349999904632568,7.349999904632568,7.349999904632568,399.0
2024-10-25 13:42:00+00:00,KVHI,4.650000095367432,4.650000095367432,4.650000095367432,4.650000095367432,4.650000095367432,159.0
2024-10-25 13:42:00+00:00,LINK,4.909999847412109,4.909999847412109,4.920000076293945,4.909999847412109,4.909999847412109,635.0
2024-10-25 13:42:00+00:00,LITE,63.90999984741211,63.90999984741211,63.90999984741211,63.90999984741211,63.90999984741211,112.0
2024-10-25 13:42:00+00:00,LOGI,80.7300033569336,80.7300033569336,80.74500274658203,80.7300033569336,80.73999786376953,1413.0
2024-10-25 13:42:00+00:00,LRCX,78.70999908447266,78.70999908447266,78.70999908447266,78.6500015258789,78.70500183105469,13413.0
2024-10-25 13:42:00+00:00,LSCC,54.34000015258789,54.34000015258789,54.36000061035156,54.29999923706055,54.349998474121094,2207.0
2024-10-25 13:42:00+00:00,LYFT,13.706000328063965,13.706000328063965,13.706000328063965,13.699999809265137,13.704999923706055,4915.0
2024-10-25 13:42:00+00:00,LYTS,16.17180061340332,16.17180061340332,16.17180061340332,16.17180061340332,16.17180061340332,2404.0
2024-10-25 13:42:00+00:00,MCHP,76.75,76.75,76.76000213623047,76.73999786376953,76.75,4921.0
2024-10-25 13:42:00+00:00,MITK,8.760000228881836,8.760000228881836,8.760000228881836,8.760000228881836,8.760000228881836,209.0
2024-10-25 13:42:00+00:00,MKSI,101.08999633789062,101.08999633789062,101.0999984741211,101.05999755859375,101.05999755859375,1204.0
2024-10-25 13:42:00+00:00,MNDY,299.92999267578125,299.92999267578125,299.95001220703125,299.8800048828125,299.95001220703125,1753.0
2024-10-25 13:42:00+00:00,MQ,5.284999847412109,5.284999847412109,5.284999847412109,5.28000020980835,5.284999847412109,1559.0
2024-10-25 13:42:00+00:00,MRVL,82.26499938964844,82.26499938964844,82.2699966430664,82.19999694824219,82.2699966430664,17210.0
2024-10-25 13:42:00+00:00,MSFT,427.510009765625,427.510009765625,427.5299987792969,427.2699890136719,427.5,24266.0
2024-10-25 13:42:00+00:00,MSTR,237.22000122070312,237.22000122070312,237.5299072265625,236.89599609375,237.5,24283.0
2024-10-25 13:42:00+00:00,MTSI,120.05999755859375,120.05999755859375,120.3499984741211,120.05999755859375,120.3499984741211,2156.0
2024-10-25 13:42:00+00:00,MTTR,4.630000114440918,4.630000114440918,4.630000114440918,4.622499942779541,4.625,6729.0
2024-10-25 13:42:00+00:00,MU,108.12000274658203,108.12000274658203,108.15499877929688,108.0791015625,108.15499877929688,11982.0
2024-10-25 13:42:00+00:00,MVIS,1.090000033378601,1.090000033378601,1.090000033378601,1.0800000429153442,1.0800000429153442,1661.0
2024-10-25 13:42:00+00:00,MXL,14.8100004196167,14.8100004196167,14.8100004196167,14.8100004196167,14.8100004196167,1962.0
2024-10-25 13:42:00+00:00,NCNO,37.630001068115234,37.630001068115234,37.70000076293945,37.630001068115234,37.70000076293945,4058.0
2024-10-25 13:42:00+00:00,NTAP,119.71499633789062,119.71499633789062,119.79000091552734,119.71499633789062,119.79000091552734,1539.0
2024-10-25 13:42:00+00:00,NTCT,20.670000076293945,20.670000076293945,20.670000076293945,20.670000076293945,20.670000076293945,144.0
2024-10-25 13:42:00+00:00,NTGR,20.329999923706055,20.329999923706055,20.329999923706055,20.280000686645508,20.280000686645508,1648.0
2024-10-25 13:42:00+00:00,NTNX,62.04999923706055,62.04999923706055,62.08000183105469,62.04999923706055,62.08000183105469,889.0
2024-10-25 13:42:00+00:00,NVDA,142.07000732421875,142.07000732421875,142.1199951171875,141.9499969482422,142.1199951171875,777821.0
2024-10-25 13:42:00+00:00,NXPI,243.97000122070312,243.97000122070312,243.97000122070312,243.75,243.75,2354.0
2024-10-25 13:42:00+00:00,NXPL,1.100000023841858,1.100000023841858,1.100000023841858,1.100000023841858,1.100000023841858,600.0
2024-10-25 13:42:00+00:00,OKTA,72.06099700927734,72.06099700927734,72.0813980102539,72.06099700927734,72.08000183105469,970.0
2024-10-25 13:42:00+00:00,ON,71.79000091552734,71.79000091552734,71.80000305175781,71.70999908447266,71.70999908447266,37885.0
2024-10-25 13:42:00+00:00,ONDS,0.8766000270843506,0.8766000270843506,0.8766000270843506,0.8766000270843506,0.8766000270843506,2383.0
2024-10-25 13:42:00+00:00,PAYO,8.319999694824219,8.319999694824219,8.319999694824219,8.295000076293945,8.295000076293945,16223.0
2024-10-25 13:42:00+00:00,PAYS,3.7300000190734863,3.7300000190734863,3.7300000190734863,3.7300000190734863,3.7300000190734863,1609.0
2024-10-25 13:42:00+00:00,PGY,11.824999809265137,11.824999809265137,11.824999809265137,11.824999809265137,11.824999809265137,142.0
2024-10-25 13:42:00+00:00,PHUN,10.319999694824219,10.319999694824219,10.335000038146973,10.3100004196167,10.329999923706055,9632.0
2024-10-25 13:42:00+00:00,PI,202.41000366210938,202.41000366210938,202.41000366210938,202.19000244140625,202.27999877929688,956.0
2024-10-25 13:42:00+00:00,POET,3.8399999141693115,3.8399999141693115,3.8399999141693115,3.839900016784668,3.8399999141693115,2936.0
2024-10-25 13:42:00+00:00,PRSO,1.7649999856948853,1.7649999856948853,1.7649999856948853,1.7649999856948853,1.7649999856948853,2512.0
2024-10-25 13:42:00+00:00,PTC,186.10499572753906,186.10499572753906,186.11500549316406,186.02999877929688,186.02999877929688,1409.0
2024-10-25 13:42:00+00:00,QCOM,171.49000549316406,171.49000549316406,171.49000549316406,171.3800048828125,171.44000244140625,5791.0
2024-10-25 13:42:00+00:00,QLYS,120.12000274658203,120.12000274658203,120.12000274658203,120.12000274658203,120.12000274658203,507.0
2024-10-25 13:42:00+00:00,QRVO,100.125,100.125,100.13999938964844,100.08999633789062,100.08999633789062,2346.0
2024-10-25 13:42:00+00:00,QUBT,1.090000033378601,1.090000033378601,1.0995999574661255,1.090000033378601,1.0950000286102295,6350.0
2024-10-25 13:42:00+00:00,RCAT,2.759999990463257,2.759999990463257,2.759999990463257,2.759999990463257,2.759999990463257,4942.0
2024-10-25 13:42:00+00:00,REKR,1.100000023841858,1.100000023841858,1.100000023841858,1.100000023841858,1.100000023841858,0.0
2024-10-25 13:42:00+00:00,RELY,14.829999923706055,14.829999923706055,14.829999923706055,14.829999923706055,14.829999923706055,1038.0
2024-10-25 13:42:00+00:00,RGTI,1.215000033378601,1.215000033378601,1.2200000286102295,1.2100000381469727,1.2100000381469727,7641.0
2024-10-25 13:42:00+00:00,RIOT,9.949999809265137,9.949999809265137,9.949999809265137,9.9399995803833,9.949999809265137,20784.0
2024-10-25 13:42:00+00:00,RMBS,43.34000015258789,43.34000015258789,43.34000015258789,43.30189895629883,43.34000015258789,1575.0
2024-10-25 13:42:00+00:00,RMNI,1.715000033378601,1.715000033378601,1.715000033378601,1.715000033378601,1.715000033378601,473.0
2024-10-25 13:42:00+00:00,RPAY,7.590000152587891,7.590000152587891,7.590000152587891,7.590000152587891,7.590000152587891,122.0
2024-10-25 13:42:00+00:00,RPD,38.650001525878906,38.650001525878906,38.650001525878906,38.650001525878906,38.650001525878906,1275.0
2024-10-25 13:42:00+00:00,RUM,5.795000076293945,5.795000076293945,5.795000076293945,5.795000076293945,5.795000076293945,242.0
2024-10-25 13:42:00+00:00,RUN,14.354000091552734,14.354000091552734,14.359999656677246,14.335000038146973,14.335000038146973,5947.0
2024-10-25 13:42:00+00:00,SATL,0.9900000095367432,0.9900000095367432,0.9900000095367432,0.9900000095367432,0.9900000095367432,520.0
2024-10-25 13:42:00+00:00,SEDG,15.989999771118164,15.989999771118164,16.0,15.96500015258789,15.979999542236328,10071.0
2024-10-25 13:42:00+00:00,SHLS,5.239999771118164,5.239999771118164,5.239999771118164,5.239999771118164,5.239999771118164,789.0
2024-10-25 13:42:00+00:00,SIMO,56.435001373291016,56.435001373291016,56.435001373291016,56.435001373291016,56.435001373291016,600.0
2024-10-25 13:42:00+00:00,SKYT,10.619999885559082,10.619999885559082,10.62559986114502,10.619999885559082,10.62559986114502,510.0
2024-10-25 13:42:00+00:00,SMCI,46.939998626708984,46.939998626708984,46.9900016784668,46.93000030517578,46.9900016784668,50608.0
2024-10-25 13:42:00+00:00,SNCR,10.604999542236328,10.604999542236328,10.604999542236328,10.604999542236328,10.604999542236328,844.0
2024-10-25 13:42:00+00:00,SNPS,501.8900146484375,501.8900146484375,501.8900146484375,501.8900146484375,501.8900146484375,1596.0
2024-10-25 13:42:00+00:00,SONO,12.75,12.75,12.75,12.75,12.75,302.0
2024-10-25 13:42:00+00:00,SOUN,5.1844000816345215,5.1844000816345215,5.189899921417236,5.179999828338623,5.179999828338623,13924.0
2024-10-25 13:42:00+00:00,SOUNW,1.8700000047683716,1.8700000047683716,1.8700000047683716,1.8700000047683716,1.8700000047683716,630.0
2024-10-25 13:42:00+00:00,SPSC,173.44000244140625,173.44000244140625,173.44000244140625,173.44000244140625,173.44000244140625,1339.0
2024-10-25 13:42:00+00:00,SRAD,12.354999542236328,12.354999542236328,12.354999542236328,12.34000015258789,12.345000267028809,2317.0
2024-10-25 13:42:00+00:00,SSNC,69.67500305175781,69.67500305175781,69.68000030517578,69.66999816894531,69.66999816894531,7172.0
2024-10-25 13:42:00+00:00,SSTI,11.300000190734863,11.300000190734863,11.300000190734863,11.300000190734863,11.300000190734863,49.0
2024-10-25 13:42:00+00:00,SSYS,7.070000171661377,7.070000171661377,7.070000171661377,7.070000171661377,7.070000171661377,340.0
2024-10-25 13:42:00+00:00,STER,16.735000610351562,16.735000610351562,16.735000610351562,16.735000610351562,16.735000610351562,169.0
2024-10-25 13:42:00+00:00,STNE,11.53499984741211,11.53499984741211,11.53499984741211,11.524999618530273,11.524999618530273,4211.0
2024-10-25 13:42:00+00:00,STX,103.51000213623047,103.51000213623047,103.53500366210938,103.51000213623047,103.52999877929688,1595.0
2024-10-25 13:42:00+00:00,SWKS,96.26000213623047,96.26000213623047,96.26000213623047,96.25,96.25,733.0
2024-10-25 13:42:00+00:00,TASK,11.970000267028809,11.970000267028809,11.970000267028809,11.970000267028809,11.970000267028809,824.0
2024-10-25 13:42:00+00:00,TEAM,189.52999877929688,189.52999877929688,189.52999877929688,189.52999877929688,189.52999877929688,701.0
2024-10-25 13:42:00+00:00,TENB,41.54999923706055,41.54999923706055,41.54999923706055,41.54999923706055,41.54999923706055,386.0
2024-10-25 13:42:00+00:00,TER,112.80000305175781,112.80000305175781,112.80999755859375,112.80000305175781,112.80000305175781,6196.0
2024-10-25 13:42:00+00:00,TRMB,61.0099983215332,61.0099983215332,61.0099983215332,61.0099983215332,61.0099983215332,475.0
2024-10-25 13:42:00+00:00,TTD,118.56999969482422,118.56999969482422,118.56999969482422,118.55999755859375,118.55999755859375,1122.0
2024-10-25 13:42:00+00:00,TTEC,5.360000133514404,5.360000133514404,5.360000133514404,5.360000133514404,5.360000133514404,364.0
2024-10-25 13:42:00+00:00,TTMI,19.608999252319336,19.608999252319336,19.608999252319336,19.608999252319336,19.608999252319336,199.0
2024-10-25 13:42:00+00:00,TWKS,4.457499980926514,4.457499980926514,4.457499980926514,4.449999809265137,4.449999809265137,6900.0
2024-10-25 13:42:00+00:00,TXN,207.625,207.625,207.63999938964844,207.49000549316406,207.49000549316406,2724.0
2024-10-25 13:42:00+00:00,UTSI,2.7200000286102295,2.7200000286102295,2.7200000286102295,2.7200000286102295,2.7200000286102295,100.0
2024-10-25 13:42:00+00:00,VIAV,9.220000267028809,9.220000267028809,9.220000267028809,9.220000267028809,9.220000267028809,1985.0
2024-10-25 13:42:00+00:00,VMEO,4.769999980926514,4.769999980926514,4.769999980926514,4.769999980926514,4.769999980926514,128.0
2024-10-25 13:42:00+00:00,VNET,3.424999952316284,3.424999952316284,3.424999952316284,3.4200000762939453,3.424999952316284,509.0
2024-10-25 13:42:00+00:00,VRNS,56.54999923706055,56.54999923706055,56.602500915527344,56.54999923706055,56.602500915527344,552.0
2024-10-25 13:42:00+00:00,VRSN,183.9949951171875,183.9949951171875,184.1999969482422,183.9949951171875,184.1999969482422,3369.0
2024-10-25 13:42:00+00:00,VSAT,10.220000267028809,10.220000267028809,10.220000267028809,10.220000267028809,10.220000267028809,1287.0
2024-10-25 13:42:00+00:00,WDAY,238.69500732421875,238.69500732421875,238.7100067138672,238.60000610351562,238.60000610351562,954.0
2024-10-25 13:42:00+00:00,WDC,70.44100189208984,70.44100189208984,70.44999694824219,70.36000061035156,70.44000244140625,64224.0
2024-10-25 13:42:00+00:00,WISA,1.9199999570846558,1.9199999570846558,1.940000057220459,1.909999966621399,1.9299999475479126,13765.0
2024-10-25 13:42:00+00:00,XPER,9.425000190734863,9.425000190734863,9.425000190734863,9.425000190734863,9.425000190734863,183.0
2024-10-25 13:42:00+00:00,XRX,9.96500015258789,9.96500015258789,9.969900131225586,9.96500015258789,9.969900131225586,2337.0
2024-10-25 13:42:00+00:00,ZI,10.484999656677246,10.484999656677246,10.489999771118164,10.484999656677246,10.489999771118164,5727.0
2024-10-25 13:42:00+00:00,ZM,72.8458023071289,72.8458023071289,72.8499984741211,72.8458023071289,72.8499984741211,1335.0
2024-10-25 13:42:00+00:00,ZS,184.1199951171875,184.1199951171875,184.1199951171875,184.1199951171875,184.1199951171875,327.0
2024-10-25 13:43:00+00:00,AAOI,17.65730094909668,17.65730094909668,17.65730094909668,17.649999618530273,17.649999618530273,1150.0
2024-10-25 13:43:00+00:00,AAPL,231.3699951171875,231.3699951171875,231.4499969482422,231.30999755859375,231.4499969482422,40724.0
2024-10-25 13:43:00+00:00,ACIW,48.55500030517578,48.55500030517578,48.58000183105469,48.55500030517578,48.55500030517578,1236.0
2024-10-25 13:43:00+00:00,ACMR,19.670000076293945,19.670000076293945,19.670000076293945,19.670000076293945,19.670000076293945,253.0
2024-10-25 13:43:00+00:00,ADBE,483.58319091796875,483.58319091796875,483.58319091796875,483.2799987792969,483.2799987792969,957.0
2024-10-25 13:43:00+00:00,ADI,231.99000549316406,231.99000549316406,231.99000549316406,231.8699951171875,231.8699951171875,2224.0
2024-10-25 13:43:00+00:00,ADSK,285.29998779296875,285.29998779296875,285.30999755859375,285.29998779296875,285.30999755859375,681.0
2024-10-25 13:43:00+00:00,ADTN,6.34499979019165,6.34499979019165,6.34499979019165,6.34499979019165,6.34499979019165,1218.0
2024-10-25 13:43:00+00:00,AEHR,17.010000228881836,17.010000228881836,17.010000228881836,17.010000228881836,17.010000228881836,4711.0
2024-10-25 13:43:00+00:00,AFRM,41.33000183105469,41.33000183105469,41.36000061035156,41.31999969482422,41.345001220703125,6878.0
2024-10-25 13:43:00+00:00,AKAM,102.33999633789062,102.33999633789062,102.33999633789062,102.31500244140625,102.31500244140625,2769.0
2024-10-25 13:43:00+00:00,AKTS,0.05889999866485596,0.05889999866485596,0.05889999866485596,0.05889999866485596,0.05889999866485596,14838.0
2024-10-25 13:43:00+00:00,ALGM,22.969999313354492,22.969999313354492,22.989999771118164,22.969999313354492,22.989999771118164,3070.0
2024-10-25 13:43:00+00:00,ALKT,37.91270065307617,37.91270065307617,38.0,37.91270065307617,38.0,3293.0
2024-10-25 13:43:00+00:00,ALRM,54.38999938964844,54.38999938964844,54.38999938964844,54.375,54.375,1169.0
2024-10-25 13:43:00+00:00,AMAT,187.35000610351562,187.35000610351562,187.59500122070312,187.33999633789062,187.59500122070312,3671.0
2024-10-25 13:43:00+00:00,AMD,156.3300018310547,156.3300018310547,156.5500030517578,156.2899932861328,156.5500030517578,66302.0
2024-10-25 13:43:00+00:00,AMKR,30.0,30.0,30.040000915527344,30.0,30.040000915527344,3190.0
2024-10-25 13:43:00+00:00,AMPL,9.130000114440918,9.130000114440918,9.130000114440918,9.130000114440918,9.130000114440918,307.0
2024-10-25 13:43:00+00:00,API,2.8949999809265137,2.8949999809265137,2.8949999809265137,2.8949999809265137,2.8949999809265137,200.0
2024-10-25 13:43:00+00:00,APP,160.3300018310547,160.3300018310547,160.3300018310547,160.25,160.30999755859375,1502.0
2024-10-25 13:43:00+00:00,APPS,3.049999952316284,3.049999952316284,3.049999952316284,3.049999952316284,3.049999952316284,2217.0
2024-10-25 13:43:00+00:00,ARQQ,7.045000076293945,7.045000076293945,7.045000076293945,7.045000076293945,7.045000076293945,777.0
2024-10-25 13:43:00+00:00,ARRY,6.315000057220459,6.315000057220459,6.330100059509277,6.309999942779541,6.330100059509277,11717.0
2024-10-25 13:43:00+00:00,ASML,713.1799926757812,713.1799926757812,713.864990234375,713.1799926757812,713.864990234375,8974.0
2024-10-25 13:43:00+00:00,ATOM,3.369999885559082,3.369999885559082,3.369999885559082,3.369999885559082,3.369999885559082,706.0
2024-10-25 13:43:00+00:00,AUUD,0.6251000165939331,0.6251000165939331,0.6251000165939331,0.6251000165939331,0.6251000165939331,501.0
2024-10-25 13:43:00+00:00,AVGO,173.9600067138672,173.9600067138672,174.20750427246094,173.94500732421875,174.1999969482422,23426.0
2024-10-25 13:43:00+00:00,AVPT,11.960000038146973,11.960000038146973,11.960000038146973,11.960000038146973,11.960000038146973,2163.0
2024-10-25 13:43:00+00:00,AVT,53.9900016784668,53.9900016784668,54.0099983215332,53.9900016784668,54.0099983215332,596.0
2024-10-25 13:43:00+00:00,BASE,16.312999725341797,16.312999725341797,16.312999725341797,16.312999725341797,16.312999725341797,211.0
2024-10-25 13:43:00+00:00,BIGC,5.300000190734863,5.300000190734863,5.300000190734863,5.300000190734863,5.300000190734863,5071.0
2024-10-25 13:43:00+00:00,BLKB,85.62999725341797,85.62999725341797,85.62999725341797,85.62999725341797,85.62999725341797,288.0
2024-10-25 13:43:00+00:00,BLZE,7.204999923706055,7.204999923706055,7.204999923706055,7.190000057220459,7.190000057220459,372.0
2024-10-25 13:43:00+00:00,BMBL,7.130000114440918,7.130000114440918,7.139999866485596,7.130000114440918,7.139999866485596,1017.0
2024-10-25 13:43:00+00:00,BRZE,30.709999084472656,30.709999084472656,30.709999084472656,30.655000686645508,30.655000686645508,3063.0
2024-10-25 13:43:00+00:00,BSY,49.06890106201172,49.06890106201172,49.08060073852539,49.04999923706055,49.08060073852539,1787.0
2024-10-25 13:43:00+00:00,CAN,0.9835000038146973,0.9835000038146973,0.9835000038146973,0.9835000038146973,0.9835000038146973,4301.0
2024-10-25 13:43:00+00:00,CCSI,20.399999618530273,20.399999618530273,20.399999618530273,20.399999618530273,20.399999618530273,617.0
2024-10-25 13:43:00+00:00,CDNS,257.7049865722656,257.7049865722656,257.94000244140625,257.6700134277344,257.8900146484375,3324.0
2024-10-25 13:43:00+00:00,CDW,218.64999389648438,218.64999389648438,218.72000122070312,218.64999389648438,218.72000122070312,1247.0
2024-10-25 13:43:00+00:00,CETX,0.30160000920295715,0.30160000920295715,0.30160000920295715,0.30160000920295715,0.30160000920295715,1514.0
2024-10-25 13:43:00+00:00,CFLT,22.549999237060547,22.549999237060547,22.55500030517578,22.545000076293945,22.549999237060547,6199.0
2024-10-25 13:43:00+00:00,CGNX,38.85499954223633,38.85499954223633,38.8650016784668,38.85499954223633,38.86000061035156,1464.0
2024-10-25 13:43:00+00:00,CLBT,18.190000534057617,18.190000534057617,18.19499969482422,18.190000534057617,18.19499969482422,1994.0
2024-10-25 13:43:00+00:00,CLFD,36.38999938964844,36.38999938964844,36.38999938964844,36.36000061035156,36.36000061035156,958.0
2024-10-25 13:43:00+00:00,CLSK,11.819999694824219,11.819999694824219,11.850000381469727,11.810999870300293,11.850000381469727,60678.0
2024-10-25 13:43:00+00:00,CNDT,3.6050000190734863,3.6050000190734863,3.6050000190734863,3.6050000190734863,3.6050000190734863,1191.0
2024-10-25 13:43:00+00:00,COHR,95.2699966430664,95.2699966430664,95.29000091552734,95.2699966430664,95.29000091552734,1034.0
2024-10-25 13:43:00+00:00,COHU,26.1299991607666,26.1299991607666,26.1299991607666,26.1299991607666,26.1299991607666,733.0
2024-10-25 13:43:00+00:00,COIN,210.5800018310547,210.5800018310547,210.7628936767578,210.5,210.52000427246094,42011.0
2024-10-25 13:43:00+00:00,COMM,6.275000095367432,6.275000095367432,6.279900074005127,6.264999866485596,6.269999980926514,16918.0
2024-10-25 13:43:00+00:00,CORZ,13.505000114440918,13.505000114440918,13.515000343322754,13.5,13.515000343322754,4808.0
2024-10-25 13:43:00+00:00,CRDO,39.15999984741211,39.15999984741211,39.20000076293945,39.15999984741211,39.20000076293945,1397.0
2024-10-25 13:43:00+00:00,CRNC,2.9000000953674316,2.9000000953674316,2.9049999713897705,2.9000000953674316,2.9049999713897705,4503.0
2024-10-25 13:43:00+00:00,CRSR,6.343299865722656,6.343299865722656,6.343299865722656,6.343299865722656,6.343299865722656,453.0
2024-10-25 13:43:00+00:00,CRUS,122.75499725341797,122.75499725341797,122.75499725341797,122.75499725341797,122.75499725341797,257.0
2024-10-25 13:43:00+00:00,CRWD,297.3399963378906,297.3399963378906,297.67999267578125,297.1199951171875,297.5899963378906,11428.0
2024-10-25 13:43:00+00:00,CSCO,55.790000915527344,55.790000915527344,55.80500030517578,55.78499984741211,55.790000915527344,42611.0
2024-10-25 13:43:00+00:00,CSGS,47.27000045776367,47.27000045776367,47.27000045776367,47.27000045776367,47.27000045776367,519.0
2024-10-25 13:43:00+00:00,CSIQ,13.375200271606445,13.375200271606445,13.420000076293945,13.375200271606445,13.420000076293945,4502.0
2024-10-25 13:43:00+00:00,CSPI,13.09000015258789,13.09000015258789,13.09000015258789,13.09000015258789,13.09000015258789,804.0
2024-10-25 13:43:00+00:00,CTLP,8.892000198364258,8.892000198364258,8.904999732971191,8.892000198364258,8.904999732971191,1629.0
2024-10-25 13:43:00+00:00,CTSH,74.73999786376953,74.73999786376953,74.73999786376953,74.70999908447266,74.7300033569336,4136.0
2024-10-25 13:43:00+00:00,DAVE,39.2599983215332,39.2599983215332,39.2599983215332,39.20500183105469,39.20500183105469,261.0
2024-10-25 13:43:00+00:00,DDOG,126.57499694824219,126.57499694824219,126.58999633789062,126.50499725341797,126.54000091552734,6567.0
2024-10-25 13:43:00+00:00,DGII,30.575000762939453,30.575000762939453,30.575000762939453,30.575000762939453,30.575000762939453,324.0
2024-10-25 13:43:00+00:00,DIOD,65.83499908447266,65.83499908447266,65.83499908447266,65.83499908447266,65.83499908447266,1358.0
2024-10-25 13:43:00+00:00,DOCU,69.4800033569336,69.4800033569336,69.4800033569336,69.4800033569336,69.4800033569336,1705.0
2024-10-25 13:43:00+00:00,DSP,11.449999809265137,11.449999809265137,11.449999809265137,11.444999694824219,11.444999694824219,1567.0
2024-10-25 13:43:00+00:00,DUOL,288.68011474609375,288.68011474609375,288.8800048828125,288.68011474609375,288.8800048828125,496.0
2024-10-25 13:43:00+00:00,ENPH,83.15750122070312,83.15750122070312,83.25,83.10009765625,83.19999694824219,10931.0
2024-10-25 13:43:00+00:00,ENTG,105.77999877929688,105.77999877929688,105.95999908447266,105.31999969482422,105.3499984741211,104562.0
2024-10-25 13:43:00+00:00,ERIC,8.449999809265137,8.449999809265137,8.449999809265137,8.449999809265137,8.449999809265137,403.0
2024-10-25 13:43:00+00:00,EXLS,38.650001525878906,38.650001525878906,38.650001525878906,38.650001525878906,38.650001525878906,414.0
2024-10-25 13:43:00+00:00,EXTR,14.390000343322754,14.390000343322754,14.390000343322754,14.390000343322754,14.390000343322754,1073.0
2024-10-25 13:43:00+00:00,FEIM,12.3149995803833,12.3149995803833,12.3149995803833,12.3149995803833,12.3149995803833,1030.0
2024-10-25 13:43:00+00:00,FFIV,215.97000122070312,215.97000122070312,215.97000122070312,215.97000122070312,215.97000122070312,751.0
2024-10-25 13:43:00+00:00,FIVN,29.959999084472656,29.959999084472656,29.959999084472656,29.93000030517578,29.93000030517578,761.0
2024-10-25 13:43:00+00:00,FLEX,35.18000030517578,35.18000030517578,35.209999084472656,35.18000030517578,35.209999084472656,3006.0
2024-10-25 13:43:00+00:00,FORM,44.86000061035156,44.86000061035156,44.86000061035156,44.86000061035156,44.86000061035156,767.0
2024-10-25 13:43:00+00:00,FROG,29.155000686645508,29.155000686645508,29.155000686645508,29.152000427246094,29.155000686645508,1056.0
2024-10-25 13:43:00+00:00,FRSH,11.649999618530273,11.649999618530273,11.649999618530273,11.649999618530273,11.649999618530273,2754.0
2024-10-25 13:43:00+00:00,FSLR,197.74000549316406,197.74000549316406,197.89500427246094,197.6300048828125,197.89500427246094,2305.0
2024-10-25 13:43:00+00:00,FTCI,0.6610000133514404,0.6610000133514404,0.6610000133514404,0.6610000133514404,0.6610000133514404,157.0
2024-10-25 13:43:00+00:00,FTNT,80.66000366210938,80.66000366210938,80.68000030517578,80.66000366210938,80.68000030517578,3332.0
2024-10-25 13:43:00+00:00,GCT,24.649999618530273,24.649999618530273,24.68000030517578,24.649999618530273,24.68000030517578,1498.0
2024-10-25 13:43:00+00:00,GDS,21.43000030517578,21.43000030517578,21.43000030517578,21.43000030517578,21.43000030517578,766.0
2024-10-25 13:43:00+00:00,GDYN,15.55519962310791,15.55519962310791,15.5600004196167,15.55519962310791,15.5600004196167,772.0
2024-10-25 13:43:00+00:00,GFS,40.79999923706055,40.79999923706055,40.85499954223633,40.79999923706055,40.85499954223633,4705.0
2024-10-25 13:43:00+00:00,GPRO,1.3309999704360962,1.3309999704360962,1.3391000032424927,1.3300000429153442,1.3300000429153442,7065.0
2024-10-25 13:43:00+00:00,GRAB,4.09499979019165,4.09499979019165,4.099999904632568,4.090000152587891,4.09499979019165,70354.0
2024-10-25 13:43:00+00:00,GTLB,55.33000183105469,55.33000183105469,55.36000061035156,55.33000183105469,55.33000183105469,1253.0
2024-10-25 13:43:00+00:00,HCP,33.665000915527344,33.665000915527344,33.665000915527344,33.665000915527344,33.665000915527344,314.0
2024-10-25 13:43:00+00:00,HIMX,6.175000190734863,6.175000190734863,6.175000190734863,6.170000076293945,6.170000076293945,2753.0
2024-10-25 13:43:00+00:00,HLIT,14.779999732971191,14.779999732971191,14.779999732971191,14.779999732971191,14.779999732971191,1783.0
2024-10-25 13:43:00+00:00,HOLO,3.630000114440918,3.630000114440918,3.6600000858306885,3.615000009536743,3.615000009536743,62123.0
2024-10-25 13:43:00+00:00,HOOD,27.155000686645508,27.155000686645508,27.15999984741211,27.1200008392334,27.15999984741211,40399.0
2024-10-25 13:43:00+00:00,III,3.049999952316284,3.049999952316284,3.049999952316284,3.0350000858306885,3.0350000858306885,1654.0
2024-10-25 13:43:00+00:00,IMMR,8.704999923706055,8.704999923706055,8.710000038146973,8.699999809265137,8.710000038146973,3861.0
2024-10-25 13:43:00+00:00,INDI,3.555000066757202,3.555000066757202,3.555299997329712,3.549999952316284,3.555299997329712,8372.0
2024-10-25 13:43:00+00:00,INFN,6.775000095367432,6.775000095367432,6.78000020980835,6.775000095367432,6.775000095367432,2883.0
2024-10-25 13:43:00+00:00,INOD,20.1200008392334,20.1200008392334,20.1200008392334,20.1200008392334,20.1200008392334,770.0
2024-10-25 13:43:00+00:00,INSG,20.049999237060547,20.049999237060547,20.049999237060547,20.049999237060547,20.049999237060547,163.0
2024-10-25 13:43:00+00:00,INTA,49.98500061035156,49.98500061035156,50.040000915527344,49.97999954223633,50.040000915527344,3243.0
2024-10-25 13:43:00+00:00,INTC,22.864999771118164,22.864999771118164,22.90999984741211,22.860000610351562,22.90730094909668,88007.0
2024-10-25 13:43:00+00:00,INTU,608.530029296875,608.530029296875,608.5399780273438,608.530029296875,608.5399780273438,1804.0
2024-10-25 13:43:00+00:00,JKHY,182.3699951171875,182.3699951171875,182.3699951171875,182.31500244140625,182.35000610351562,2024.0
2024-10-25 13:43:00+00:00,KC,2.7149999141693115,2.7149999141693115,2.7149999141693115,2.7100000381469727,2.7100000381469727,1105.0
2024-10-25 13:43:00+00:00,KLAC,675.739990234375,675.739990234375,675.739990234375,675.739990234375,675.739990234375,840.0
2024-10-25 13:43:00+00:00,KLIC,44.38890075683594,44.38890075683594,44.43000030517578,44.38890075683594,44.43000030517578,1488.0
2024-10-25 13:43:00+00:00,KOPN,0.7734000086784363,0.7734000086784363,0.7734000086784363,0.7734000086784363,0.7734000086784363,1111.0
2024-10-25 13:43:00+00:00,LASR,10.39009952545166,10.39009952545166,10.39009952545166,10.39009952545166,10.39009952545166,180.0
2024-10-25 13:43:00+00:00,LINK,4.939000129699707,4.939000129699707,4.939000129699707,4.910600185394287,4.910600185394287,794.0
2024-10-25 13:43:00+00:00,LITE,63.86000061035156,63.86000061035156,63.90999984741211,63.82500076293945,63.90999984741211,6575.0
2024-10-25 13:43:00+00:00,LPSN,1.1612000465393066,1.1612000465393066,1.1612000465393066,1.1612000465393066,1.1612000465393066,559.0
2024-10-25 13:43:00+00:00,LRCX,78.63999938964844,78.63999938964844,78.70999908447266,78.5999984741211,78.70500183105469,27398.0
2024-10-25 13:43:00+00:00,LSCC,54.25,54.25,54.279998779296875,54.25,54.27000045776367,2203.0
2024-10-25 13:43:00+00:00,LUNA,1.7799999713897705,1.7799999713897705,1.7799999713897705,1.7799999713897705,1.7799999713897705,508.0
2024-10-25 13:43:00+00:00,LYFT,13.699999809265137,13.699999809265137,13.704999923706055,13.699999809265137,13.699999809265137,13589.0
2024-10-25 13:43:00+00:00,MANH,274.45001220703125,274.45001220703125,274.635009765625,274.45001220703125,274.635009765625,1007.0
2024-10-25 13:43:00+00:00,MAXN,5.630000114440918,5.630000114440918,5.639999866485596,5.599999904632568,5.639999866485596,557.0
2024-10-25 13:43:00+00:00,MCHP,76.69999694824219,76.69999694824219,76.7300033569336,76.68000030517578,76.7300033569336,6789.0
2024-10-25 13:43:00+00:00,MDB,266.3699951171875,266.3699951171875,266.4100036621094,266.3699951171875,266.3800048828125,1330.0
2024-10-25 13:43:00+00:00,MINM,0.6000000238418579,0.6000000238418579,0.6899999976158142,0.6000000238418579,0.6899999976158142,6918.0
2024-10-25 13:43:00+00:00,MITK,8.760000228881836,8.760000228881836,8.760000228881836,8.760000228881836,8.760000228881836,3195.0
2024-10-25 13:43:00+00:00,MKSI,101.03479766845703,101.03479766845703,101.08999633789062,100.9800033569336,101.08999633789062,2518.0
2024-10-25 13:43:00+00:00,MNDY,299.8450012207031,299.8450012207031,299.8450012207031,299.80999755859375,299.82000732421875,641.0
2024-10-25 13:43:00+00:00,MQ,5.284999847412109,5.284999847412109,5.284999847412109,5.284999847412109,5.284999847412109,1754.0
2024-10-25 13:43:00+00:00,MRVL,82.19000244140625,82.19000244140625,82.2699966430664,82.16999816894531,82.2699966430664,9585.0
2024-10-25 13:43:00+00:00,MSFT,427.30999755859375,427.30999755859375,427.42999267578125,427.19000244140625,427.42999267578125,9225.0
2024-10-25 13:43:00+00:00,MSTR,235.98410034179688,235.98410034179688,237.2100067138672,235.77000427246094,237.2100067138672,78938.0
2024-10-25 13:43:00+00:00,MTLS,5.929999828338623,5.929999828338623,5.929999828338623,5.929999828338623,5.929999828338623,225.0
2024-10-25 13:43:00+00:00,MTSI,120.0,120.0,120.0,120.0,120.0,808.0
2024-10-25 13:43:00+00:00,MTTR,4.619999885559082,4.619999885559082,4.625,4.619999885559082,4.625,12729.0
2024-10-25 13:43:00+00:00,MU,107.94999694824219,107.94999694824219,108.11000061035156,107.94000244140625,108.0999984741211,28116.0
2024-10-25 13:43:00+00:00,MVIS,1.090000033378601,1.090000033378601,1.090000033378601,1.090000033378601,1.090000033378601,258.0
2024-10-25 13:43:00+00:00,MXL,14.800000190734863,14.800000190734863,14.800000190734863,14.800000190734863,14.800000190734863,1819.0
2024-10-25 13:43:00+00:00,NCNO,37.61000061035156,37.61000061035156,37.61000061035156,37.61000061035156,37.61000061035156,689.0
2024-10-25 13:43:00+00:00,NICE,175.77999877929688,175.77999877929688,175.77999877929688,175.77999877929688,175.77999877929688,180.0
2024-10-25 13:43:00+00:00,NNDM,2.3243000507354736,2.3243000507354736,2.3243000507354736,2.3243000507354736,2.3243000507354736,2424.0
2024-10-25 13:43:00+00:00,NTAP,119.74500274658203,119.74500274658203,119.74500274658203,119.74500274658203,119.74500274658203,239.0
2024-10-25 13:43:00+00:00,NTCT,20.649999618530273,20.649999618530273,20.65999984741211,20.649999618530273,20.65999984741211,1856.0
2024-10-25 13:43:00+00:00,NVDA,141.77000427246094,141.77000427246094,142.07000732421875,141.75,142.07000732421875,754785.0
2024-10-25 13:43:00+00:00,NVMI,183.8300018310547,183.8300018310547,183.8300018310547,183.8300018310547,183.8300018310547,1638.0
2024-10-25 13:43:00+00:00,NVTS,2.559999942779541,2.559999942779541,2.559999942779541,2.559999942779541,2.559999942779541,2121.0
2024-10-25 13:43:00+00:00,NXPI,243.66000366210938,243.66000366210938,243.8300018310547,243.63999938964844,243.8300018310547,1294.0
2024-10-25 13:43:00+00:00,OKTA,72.05999755859375,72.05999755859375,72.05999755859375,72.05999755859375,72.05999755859375,432.0
2024-10-25 13:43:00+00:00,ON,71.7300033569336,71.7300033569336,71.80000305175781,71.71499633789062,71.79000091552734,27698.0
2024-10-25 13:43:00+00:00,ONDS,0.8766000270843506,0.8766000270843506,0.8766000270843506,0.8766000270843506,0.8766000270843506,0.0
2024-10-25 13:43:00+00:00,PEGA,79.37000274658203,79.37000274658203,79.38999938964844,79.33499908447266,79.33499908447266,1897.0
2024-10-25 13:43:00+00:00,PEGY,4.724999904632568,4.724999904632568,4.724999904632568,4.724999904632568,4.724999904632568,733.0
2024-10-25 13:43:00+00:00,PET,0.7900000214576721,0.7900000214576721,0.7900000214576721,0.7900000214576721,0.7900000214576721,1900.0
2024-10-25 13:43:00+00:00,PGY,11.8100004196167,11.8100004196167,11.8100004196167,11.8100004196167,11.8100004196167,1655.0
2024-10-25 13:43:00+00:00,PHUN,10.307100296020508,10.307100296020508,10.319999694824219,10.302000045776367,10.319999694824219,18902.0
2024-10-25 13:43:00+00:00,PI,202.3800048828125,202.3800048828125,202.3800048828125,202.14999389648438,202.27999877929688,6603.0
2024-10-25 13:43:00+00:00,PLAB,23.559999465942383,23.559999465942383,23.559999465942383,23.559999465942383,23.559999465942383,391.0
2024-10-25 13:43:00+00:00,PRCH,1.3049999475479126,1.3049999475479126,1.3049999475479126,1.3049999475479126,1.3049999475479126,370.0
2024-10-25 13:43:00+00:00,PTC,186.08999633789062,186.08999633789062,186.10499572753906,186.02000427246094,186.10499572753906,2581.0
2024-10-25 13:43:00+00:00,PUBM,14.720000267028809,14.720000267028809,14.720000267028809,14.720000267028809,14.720000267028809,1136.0
2024-10-25 13:43:00+00:00,QCOM,171.2550048828125,171.2550048828125,171.47000122070312,171.2100067138672,171.47000122070312,9536.0
2024-10-25 13:43:00+00:00,QLYS,120.12000274658203,120.12000274658203,120.12000274658203,120.05000305175781,120.05000305175781,1058.0
2024-10-25 13:43:00+00:00,QRVO,100.04000091552734,100.04000091552734,100.05000305175781,100.0199966430664,100.05000305175781,1684.0
2024-10-25 13:43:00+00:00,QUBT,1.0981999635696411,1.0981999635696411,1.0981999635696411,1.0981999635696411,1.0981999635696411,910.0
2024-10-25 13:43:00+00:00,RCAT,2.740000009536743,2.740000009536743,2.740799903869629,2.740000009536743,2.740000009536743,1405.0
2024-10-25 13:43:00+00:00,REKR,1.093999981880188,1.093999981880188,1.093999981880188,1.093999981880188,1.093999981880188,145.0
2024-10-25 13:43:00+00:00,RELY,14.829999923706055,14.829999923706055,14.829999923706055,14.829999923706055,14.829999923706055,791.0
2024-10-25 13:43:00+00:00,RGTI,1.2200000286102295,1.2200000286102295,1.2200000286102295,1.2200000286102295,1.2200000286102295,0.0
2024-10-25 13:43:00+00:00,RIOT,9.925000190734863,9.925000190734863,9.949000358581543,9.920000076293945,9.949000358581543,31621.0
2024-10-25 13:43:00+00:00,RMBS,43.29999923706055,43.29999923706055,43.31999969482422,43.29999923706055,43.31999969482422,1296.0
2024-10-25 13:43:00+00:00,RUM,5.800000190734863,5.800000190734863,5.800000190734863,5.795000076293945,5.795000076293945,498.0
2024-10-25 13:43:00+00:00,RUN,14.329999923706055,14.329999923706055,14.354999542236328,14.329999923706055,14.354999542236328,9804.0
2024-10-25 13:43:00+00:00,SANM,67.37000274658203,67.37000274658203,67.37000274658203,67.33000183105469,67.33000183105469,1096.0
2024-10-25 13:43:00+00:00,SATS,25.030000686645508,25.030000686645508,25.030000686645508,25.030000686645508,25.030000686645508,1373.0
2024-10-25 13:43:00+00:00,SEDG,15.979999542236328,15.979999542236328,16.0,15.970000267028809,16.0,3787.0
2024-10-25 13:43:00+00:00,SHLS,5.235000133514404,5.235000133514404,5.235000133514404,5.230000019073486,5.235000133514404,1618.0
2024-10-25 13:43:00+00:00,SLNH,3.9742000102996826,3.9742000102996826,3.9742000102996826,3.9742000102996826,3.9742000102996826,304.0
2024-10-25 13:43:00+00:00,SMCI,46.91999816894531,46.91999816894531,46.95000076293945,46.900001525878906,46.93000030517578,71706.0
2024-10-25 13:43:00+00:00,SMTC,45.630001068115234,45.630001068115234,45.630001068115234,45.630001068115234,45.630001068115234,1037.0
2024-10-25 13:43:00+00:00,SNCR,10.5600004196167,10.5600004196167,10.5600004196167,10.5600004196167,10.5600004196167,0.0
2024-10-25 13:43:00+00:00,SONM,3.569999933242798,3.569999933242798,3.569999933242798,3.569999933242798,3.569999933242798,130.0
2024-10-25 13:43:00+00:00,SONO,12.750100135803223,12.750100135803223,12.750100135803223,12.750100135803223,12.750100135803223,1148.0
2024-10-25 13:43:00+00:00,SOPA,0.964900016784668,0.964900016784668,0.964900016784668,0.964900016784668,0.964900016784668,1255.0
2024-10-25 13:43:00+00:00,SOUN,5.172500133514404,5.172500133514404,5.190000057220459,5.172500133514404,5.181399822235107,50176.0
2024-10-25 13:43:00+00:00,SSNC,69.70999908447266,69.70999908447266,69.70999908447266,69.67500305175781,69.67500305175781,7431.0
2024-10-25 13:43:00+00:00,SSTI,11.319999694824219,11.319999694824219,11.319999694824219,11.319999694824219,11.319999694824219,106.0
2024-10-25 13:43:00+00:00,STNE,11.529999732971191,11.529999732971191,11.539999961853027,11.529999732971191,11.53499984741211,34679.0
2024-10-25 13:43:00+00:00,STX,103.50990295410156,103.50990295410156,103.50990295410156,103.50990295410156,103.50990295410156,861.0
2024-10-25 13:43:00+00:00,SURG,1.7350000143051147,1.7350000143051147,1.7400000095367432,1.7350000143051147,1.7400000095367432,866.0
2024-10-25 13:43:00+00:00,SWKS,96.2249984741211,96.2249984741211,96.25250244140625,96.16999816894531,96.25,3911.0
2024-10-25 13:43:00+00:00,SYTA,1.291599988937378,1.291599988937378,1.291599988937378,1.2899999618530273,1.2899999618530273,5721.0
2024-10-25 13:43:00+00:00,TEAM,189.60000610351562,189.60000610351562,189.60000610351562,189.60000610351562,189.60000610351562,253.0
2024-10-25 13:43:00+00:00,TENB,41.560001373291016,41.560001373291016,41.560001373291016,41.560001373291016,41.560001373291016,659.0
2024-10-25 13:43:00+00:00,TER,112.62000274658203,112.62000274658203,112.81999969482422,112.58000183105469,112.79000091552734,32894.0
2024-10-25 13:43:00+00:00,TRMB,61.04999923706055,61.04999923706055,61.04999923706055,61.0099983215332,61.0099983215332,1931.0
2024-10-25 13:43:00+00:00,TSAT,13.050000190734863,13.050000190734863,13.095000267028809,13.050000190734863,13.095000267028809,905.0
2024-10-25 13:43:00+00:00,TSEM,45.0,45.0,45.025001525878906,45.0,45.025001525878906,986.0
2024-10-25 13:43:00+00:00,TTD,118.47010040283203,118.47010040283203,118.52749633789062,118.47010040283203,118.5199966430664,1206.0
2024-10-25 13:43:00+00:00,TTMI,19.610000610351562,19.610000610351562,19.610000610351562,19.610000610351562,19.610000610351562,248.0
2024-10-25 13:43:00+00:00,TWKS,4.449999809265137,4.449999809265137,4.449999809265137,4.449999809265137,4.449999809265137,15673.0
2024-10-25 13:43:00+00:00,TXN,207.55250549316406,207.55250549316406,207.60000610351562,207.49000549316406,207.55979919433594,6021.0
2024-10-25 13:43:00+00:00,UCTT,35.70000076293945,35.70000076293945,35.72999954223633,35.70000076293945,35.72999954223633,1219.0
2024-10-25 13:43:00+00:00,VECO,29.31999969482422,29.31999969482422,29.34000015258789,29.31999969482422,29.34000015258789,953.0
2024-10-25 13:43:00+00:00,VERI,3.4049999713897705,3.4049999713897705,3.4049999713897705,3.4000000953674316,3.4000000953674316,756.0
2024-10-25 13:43:00+00:00,VERX,41.599998474121094,41.599998474121094,41.599998474121094,41.599998474121094,41.599998474121094,892.0
2024-10-25 13:43:00+00:00,VIAV,9.225000381469727,9.225000381469727,9.225000381469727,9.225000381469727,9.225000381469727,162.0
2024-10-25 13:43:00+00:00,VICR,46.61000061035156,46.61000061035156,46.630001068115234,46.595001220703125,46.61000061035156,1950.0
2024-10-25 13:43:00+00:00,VMEO,4.760000228881836,4.760000228881836,4.760000228881836,4.760000228881836,4.760000228881836,1142.0
2024-10-25 13:43:00+00:00,VNET,3.424999952316284,3.424999952316284,3.424999952316284,3.424999952316284,3.424999952316284,3792.0
2024-10-25 13:43:00+00:00,VRNS,56.56999969482422,56.56999969482422,56.56999969482422,56.56999969482422,56.56999969482422,811.0
2024-10-25 13:43:00+00:00,VRNT,21.969999313354492,21.969999313354492,21.989999771118164,21.969999313354492,21.989999771118164,1650.0
2024-10-25 13:43:00+00:00,VRSN,184.19000244140625,184.19000244140625,184.19000244140625,184.1699981689453,184.1699981689453,1863.0
2024-10-25 13:43:00+00:00,VSAT,10.210000038146973,10.210000038146973,10.210000038146973,10.210000038146973,10.210000038146973,1251.0
2024-10-25 13:43:00+00:00,WDAY,238.27999877929688,238.27999877929688,238.61000061035156,238.27999877929688,238.5500030517578,7927.0
2024-10-25 13:43:00+00:00,WDC,70.37999725341797,70.37999725341797,70.44999694824219,70.37999725341797,70.44000244140625,14970.0
2024-10-25 13:43:00+00:00,WISA,1.934999942779541,1.934999942779541,1.940000057220459,1.9277000427246094,1.9277000427246094,3256.0
2024-10-25 13:43:00+00:00,WLDS,3.450000047683716,3.450000047683716,3.4700000286102295,3.450000047683716,3.450000047683716,3429.0
2024-10-25 13:43:00+00:00,WRAP,1.7999999523162842,1.7999999523162842,1.7999999523162842,1.7999999523162842,1.7999999523162842,436.0
2024-10-25 13:43:00+00:00,XRX,9.960000038146973,9.960000038146973,9.96500015258789,9.960000038146973,9.96500015258789,632.0
2024-10-25 13:43:00+00:00,ZBRA,360.6499938964844,360.6499938964844,360.79998779296875,360.6499938964844,360.79998779296875,1267.0
2024-10-25 13:43:00+00:00,ZI,10.489999771118164,10.489999771118164,10.489999771118164,10.489999771118164,10.489999771118164,2124.0
2024-10-25 13:43:00+00:00,ZM,72.81999969482422,72.81999969482422,72.8499984741211,72.81999969482422,72.84010314941406,3433.0
2024-10-25 13:43:00+00:00,ZS,184.15499877929688,184.15499877929688,184.16000366210938,184.15499877929688,184.16000366210938,859.0
2024-10-25 13:44:00+00:00,AAOI,17.64889907836914,17.64889907836914,17.64889907836914,17.6200008392334,17.6299991607666,5204.0
2024-10-25 13:44:00+00:00,AAPL,231.2100067138672,231.2100067138672,231.3800048828125,231.14999389648438,231.36329650878906,68984.0
2024-10-25 13:44:00+00:00,ACIW,48.54679870605469,48.54679870605469,48.560001373291016,48.52330017089844,48.54499816894531,2324.0
2024-10-25 13:44:00+00:00,ACLS,89.81999969482422,89.81999969482422,89.81999969482422,89.81999969482422,89.81999969482422,654.0
2024-10-25 13:44:00+00:00,ACMR,19.6299991607666,19.6299991607666,19.65999984741211,19.6299991607666,19.65999984741211,1891.0
2024-10-25 13:44:00+00:00,ADBE,482.92999267578125,482.92999267578125,483.375,482.9200134277344,483.260009765625,11215.0
2024-10-25 13:44:00+00:00,ADI,231.77000427246094,231.77000427246094,231.83999633789062,231.63999938964844,231.63999938964844,1460.0
2024-10-25 13:44:00+00:00,ADSK,285.1700134277344,285.1700134277344,285.2099914550781,285.1700134277344,285.2099914550781,1584.0
2024-10-25 13:44:00+00:00,AEHR,17.0,17.0,17.0,16.969999313354492,16.969999313354492,2656.0
2024-10-25 13:44:00+00:00,AFRM,41.290000915527344,41.290000915527344,41.31999969482422,41.279998779296875,41.29999923706055,30767.0
2024-10-25 13:44:00+00:00,AKAM,102.33999633789062,102.33999633789062,102.3499984741211,102.33999633789062,102.3499984741211,1499.0
2024-10-25 13:44:00+00:00,AKTS,0.058800000697374344,0.058800000697374344,0.05889999866485596,0.058800000697374344,0.05889999866485596,44903.0
2024-10-25 13:44:00+00:00,ALGM,22.950000762939453,22.950000762939453,22.959999084472656,22.93000030517578,22.959999084472656,3610.0
2024-10-25 13:44:00+00:00,ALKT,37.94499969482422,37.94499969482422,37.94499969482422,37.94499969482422,37.94499969482422,721.0
2024-10-25 13:44:00+00:00,ALTR,103.83000183105469,103.83000183105469,103.91999816894531,103.76000213623047,103.76000213623047,1798.0
2024-10-25 13:44:00+00:00,AMAT,187.22999572753906,187.22999572753906,187.32000732421875,187.0500030517578,187.32000732421875,10902.0
2024-10-25 13:44:00+00:00,AMBA,58.0099983215332,58.0099983215332,58.0099983215332,58.0099983215332,58.0099983215332,819.0
2024-10-25 13:44:00+00:00,AMD,156.1199951171875,156.1199951171875,156.3249969482422,156.0615997314453,156.30999755859375,116540.0
2024-10-25 13:44:00+00:00,AMKR,30.0,30.0,30.010000228881836,29.979999542236328,29.979999542236328,1974.0
2024-10-25 13:44:00+00:00,ANSS,323.29998779296875,323.29998779296875,323.32000732421875,322.9700012207031,322.9700012207031,1075.0
2024-10-25 13:44:00+00:00,AOSL,36.400001525878906,36.400001525878906,36.400001525878906,36.400001525878906,36.400001525878906,669.0
2024-10-25 13:44:00+00:00,API,2.8949999809265137,2.8949999809265137,2.8949999809265137,2.8949999809265137,2.8949999809265137,211.0
2024-10-25 13:44:00+00:00,APP,160.16000366210938,160.16000366210938,160.2729949951172,160.16000366210938,160.27000427246094,2138.0
2024-10-25 13:44:00+00:00,APPF,213.3800048828125,213.3800048828125,213.3800048828125,213.3800048828125,213.3800048828125,116.0
2024-10-25 13:44:00+00:00,APPN,31.829999923706055,31.829999923706055,31.829999923706055,31.829999923706055,31.829999923706055,747.0
2024-10-25 13:44:00+00:00,APPS,3.0450000762939453,3.0450000762939453,3.0450000762939453,3.0450000762939453,3.0450000762939453,379.0
2024-10-25 13:44:00+00:00,ARRY,6.315000057220459,6.315000057220459,6.320000171661377,6.309999942779541,6.309999942779541,24040.0
2024-10-25 13:44:00+00:00,ASML,713.2000122070312,713.2000122070312,713.2000122070312,713.2000122070312,713.2000122070312,388.0
2024-10-25 13:44:00+00:00,ASNS,1.2999999523162842,1.2999999523162842,1.2999999523162842,1.2999999523162842,1.2999999523162842,1.0
2024-10-25 13:44:00+00:00,ASUR,9.59000015258789,9.59000015258789,9.59000015258789,9.59000015258789,9.59000015258789,369.0
2024-10-25 13:44:00+00:00,ATOM,3.369999885559082,3.369999885559082,3.369999885559082,3.369999885559082,3.369999885559082,520.0
2024-10-25 13:44:00+00:00,AUR,6.40500020980835,6.40500020980835,6.425000190734863,6.4039998054504395,6.425000190734863,22594.0
2024-10-25 13:44:00+00:00,AVDX,8.071000099182129,8.071000099182129,8.109999656677246,8.071000099182129,8.109999656677246,6480.0
2024-10-25 13:44:00+00:00,AVGO,173.75999450683594,173.75999450683594,173.9199981689453,173.64999389648438,173.9199981689453,35904.0
2024-10-25 13:44:00+00:00,AVPT,11.9399995803833,11.9399995803833,11.949999809265137,11.9399995803833,11.949999809265137,2044.0
2024-10-25 13:44:00+00:00,AVT,53.95500183105469,53.95500183105469,53.9900016784668,53.95000076293945,53.9900016784668,1442.0
2024-10-25 13:44:00+00:00,AXTI,2.6700000762939453,2.6700000762939453,2.6700000762939453,2.6700000762939453,2.6700000762939453,122.0
2024-10-25 13:44:00+00:00,BAND,17.655000686645508,17.655000686645508,17.655000686645508,17.655000686645508,17.655000686645508,565.0
2024-10-25 13:44:00+00:00,BASE,16.280000686645508,16.280000686645508,16.280000686645508,16.280000686645508,16.280000686645508,635.0
2024-10-25 13:44:00+00:00,BELFA,103.7750015258789,103.7750015258789,103.7750015258789,103.7750015258789,103.7750015258789,2486.0
2024-10-25 13:44:00+00:00,BELFB,79.37999725341797,79.37999725341797,79.37999725341797,79.19999694824219,79.19999694824219,2019.0
2024-10-25 13:44:00+00:00,BIGC,5.300000190734863,5.300000190734863,5.300000190734863,5.295000076293945,5.300000190734863,19493.0
2024-10-25 13:44:00+00:00,BLZE,7.199900150299072,7.199900150299072,7.199900150299072,7.190000057220459,7.190000057220459,978.0
2024-10-25 13:44:00+00:00,BMBL,7.125,7.125,7.130000114440918,7.125,7.130000114440918,4346.0
2024-10-25 13:44:00+00:00,BSY,49.04999923706055,49.04999923706055,49.064998626708984,49.04499816894531,49.05649948120117,1709.0
2024-10-25 13:44:00+00:00,CAMT,77.51000213623047,77.51000213623047,77.70999908447266,77.51000213623047,77.70999908447266,1992.0
2024-10-25 13:44:00+00:00,CAN,0.980400025844574,0.980400025844574,0.980400025844574,0.980400025844574,0.980400025844574,1943.0
2024-10-25 13:44:00+00:00,CDNS,257.3699951171875,257.3699951171875,257.6199035644531,257.2099914550781,257.55999755859375,3316.0
2024-10-25 13:44:00+00:00,CFLT,22.542499542236328,22.542499542236328,22.55500030517578,22.542499542236328,22.55500030517578,5751.0
2024-10-25 13:44:00+00:00,CGNX,38.84000015258789,38.84000015258789,38.849998474121094,38.84000015258789,38.849998474121094,677.0
2024-10-25 13:44:00+00:00,CHKP,206.09750366210938,206.09750366210938,206.09750366210938,206.09750366210938,206.09750366210938,2304.0
2024-10-25 13:44:00+00:00,CISO,0.8457000255584717,0.8457000255584717,0.8457000255584717,0.8457000255584717,0.8457000255584717,2688.0
2024-10-25 13:44:00+00:00,CLBT,18.170000076293945,18.170000076293945,18.184999465942383,18.170000076293945,18.184999465942383,5502.0
2024-10-25 13:44:00+00:00,CLSK,11.800000190734863,11.800000190734863,11.818900108337402,11.800000190734863,11.818900108337402,63553.0
2024-10-25 13:44:00+00:00,CNDT,3.6050000190734863,3.6050000190734863,3.6050000190734863,3.6050000190734863,3.6050000190734863,433.0
2024-10-25 13:44:00+00:00,COHR,95.16000366210938,95.16000366210938,95.26000213623047,95.1500015258789,95.26000213623047,4102.0
2024-10-25 13:44:00+00:00,COIN,209.98500061035156,209.98500061035156,210.55999755859375,209.89999389648438,210.55999755859375,29653.0
2024-10-25 13:44:00+00:00,COMM,6.255000114440918,6.255000114440918,6.269999980926514,6.255000114440918,6.269999980926514,3342.0
2024-10-25 13:44:00+00:00,CORZ,13.500100135803223,13.500100135803223,13.505000114440918,13.489999771118164,13.505000114440918,18634.0
2024-10-25 13:44:00+00:00,CRDO,39.08000183105469,39.08000183105469,39.08000183105469,39.08000183105469,39.08000183105469,155.0
2024-10-25 13:44:00+00:00,CREX,4.25,4.25,4.25,4.25,4.25,300.0
2024-10-25 13:44:00+00:00,CRSR,6.349999904632568,6.349999904632568,6.349999904632568,6.329999923706055,6.340000152587891,6335.0
2024-10-25 13:44:00+00:00,CRUS,122.5697021484375,122.5697021484375,122.62000274658203,122.4800033569336,122.62000274658203,1550.0
2024-10-25 13:44:00+00:00,CRWD,296.8800048828125,296.8800048828125,297.42498779296875,296.82000732421875,297.1502990722656,31714.0
2024-10-25 13:44:00+00:00,CSCO,55.775001525878906,55.775001525878906,55.78499984741211,55.755001068115234,55.78499984741211,14222.0
2024-10-25 13:44:00+00:00,CSIQ,13.369999885559082,13.369999885559082,13.380000114440918,13.369999885559082,13.380000114440918,1465.0
2024-10-25 13:44:00+00:00,CTLP,8.895000457763672,8.895000457763672,8.895000457763672,8.890000343322754,8.895000457763672,1401.0
2024-10-25 13:44:00+00:00,CTSH,74.69999694824219,74.69999694824219,74.7300033569336,74.69999694824219,74.72000122070312,1962.0
2024-10-25 13:44:00+00:00,CVLT,134.24000549316406,134.24000549316406,134.24000549316406,134.24000549316406,134.24000549316406,428.0
2024-10-25 13:44:00+00:00,DAVE,39.1349983215332,39.1349983215332,39.20500183105469,39.1349983215332,39.20500183105469,2248.0
2024-10-25 13:44:00+00:00,DBX,25.8799991607666,25.8799991607666,25.889999389648438,25.8799991607666,25.889999389648438,4685.0
2024-10-25 13:44:00+00:00,DCBO,45.849998474121094,45.849998474121094,45.849998474121094,45.849998474121094,45.849998474121094,722.0
2024-10-25 13:44:00+00:00,DDOG,126.3499984741211,126.3499984741211,126.5250015258789,126.31999969482422,126.5250015258789,4231.0
2024-10-25 13:44:00+00:00,DGII,30.575000762939453,30.575000762939453,30.575000762939453,30.575000762939453,30.575000762939453,404.0
2024-10-25 13:44:00+00:00,DLO,8.824999809265137,8.824999809265137,8.824999809265137,8.824999809265137,8.824999809265137,1339.0
2024-10-25 13:44:00+00:00,DOCU,69.41000366210938,69.41000366210938,69.41999816894531,69.37000274658203,69.41999816894531,5104.0
2024-10-25 13:44:00+00:00,DOMO,8.039999961853027,8.039999961853027,8.045000076293945,8.039999961853027,8.045000076293945,832.0
2024-10-25 13:44:00+00:00,DTST,3.5,3.5,3.5,3.5,3.5,1441.0
2024-10-25 13:44:00+00:00,DUOL,288.05999755859375,288.05999755859375,288.6050109863281,288.0400085449219,288.6050109863281,3054.0
2024-10-25 13:44:00+00:00,EEFT,99.37000274658203,99.37000274658203,99.37000274658203,99.30999755859375,99.30999755859375,1057.0
2024-10-25 13:44:00+00:00,EMKR,2.1159000396728516,2.1159000396728516,2.1159000396728516,2.1159000396728516,2.1159000396728516,2028.0
2024-10-25 13:44:00+00:00,ENPH,83.00559997558594,83.00559997558594,83.12000274658203,82.89080047607422,83.12000274658203,5193.0
2024-10-25 13:44:00+00:00,ENTG,105.52999877929688,105.52999877929688,105.66000366210938,105.51000213623047,105.66000366210938,7234.0
2024-10-25 13:44:00+00:00,ERIC,8.449999809265137,8.449999809265137,8.449999809265137,8.449999809265137,8.449999809265137,5018.0
2024-10-25 13:44:00+00:00,EVCM,10.489999771118164,10.489999771118164,10.489999771118164,10.489999771118164,10.489999771118164,432.0
2024-10-25 13:44:00+00:00,EXFY,1.725000023841858,1.725000023841858,1.725000023841858,1.7210999727249146,1.7210999727249146,639.0
2024-10-25 13:44:00+00:00,EXLS,38.65999984741211,38.65999984741211,38.66999816894531,38.65999984741211,38.66999816894531,991.0
2024-10-25 13:44:00+00:00,EXTR,14.380000114440918,14.380000114440918,14.380000114440918,14.380000114440918,14.380000114440918,589.0
2024-10-25 13:44:00+00:00,FARO,18.100000381469727,18.100000381469727,18.100000381469727,18.100000381469727,18.100000381469727,1160.0
2024-10-25 13:44:00+00:00,FFIV,215.8300018310547,215.8300018310547,215.97999572753906,215.82000732421875,215.97999572753906,12482.0
2024-10-25 13:44:00+00:00,FIVN,29.979999542236328,29.979999542236328,29.979999542236328,29.93000030517578,29.959999084472656,5854.0
2024-10-25 13:44:00+00:00,FLEX,35.15999984741211,35.15999984741211,35.18000030517578,35.150001525878906,35.16999816894531,7070.0
2024-10-25 13:44:00+00:00,FLYW,17.5049991607666,17.5049991607666,17.5049991607666,17.5049991607666,17.5049991607666,1351.0
2024-10-25 13:44:00+00:00,FROG,29.139999389648438,29.139999389648438,29.139999389648438,29.139999389648438,29.139999389648438,572.0
2024-10-25 13:44:00+00:00,FRSH,11.645000457763672,11.645000457763672,11.649999618530273,11.645000457763672,11.649999618530273,3078.0
2024-10-25 13:44:00+00:00,FSLR,197.6300048828125,197.6300048828125,197.64039611816406,197.58999633789062,197.58999633789062,2265.0
2024-10-25 13:44:00+00:00,FTCI,0.6610000133514404,0.6610000133514404,0.6610000133514404,0.6610000133514404,0.6610000133514404,2356.0
2024-10-25 13:44:00+00:00,FTNT,80.6050033569336,80.6050033569336,80.6050033569336,80.6050033569336,80.6050033569336,582.0
2024-10-25 13:44:00+00:00,GCT,24.639999389648438,24.639999389648438,24.65999984741211,24.639999389648438,24.65999984741211,2781.0
2024-10-25 13:44:00+00:00,GDS,21.43000030517578,21.43000030517578,21.43000030517578,21.43000030517578,21.43000030517578,672.0
2024-10-25 13:44:00+00:00,GDYN,15.539999961853027,15.539999961853027,15.550000190734863,15.539999961853027,15.550000190734863,573.0
2024-10-25 13:44:00+00:00,GFS,40.810001373291016,40.810001373291016,40.810001373291016,40.77000045776367,40.77000045776367,3354.0
2024-10-25 13:44:00+00:00,GPRO,1.3250000476837158,1.3250000476837158,1.3350000381469727,1.3250000476837158,1.3300000429153442,10459.0
2024-10-25 13:44:00+00:00,GRAB,4.09499979019165,4.09499979019165,4.09499979019165,4.09250020980835,4.09499979019165,6921.0
2024-10-25 13:44:00+00:00,GRRR,4.505499839782715,4.505499839782715,4.505499839782715,4.505499839782715,4.505499839782715,726.0
2024-10-25 13:44:00+00:00,GTLB,55.29999923706055,55.29999923706055,55.29999923706055,55.29999923706055,55.29999923706055,643.0
2024-10-25 13:44:00+00:00,HCP,33.66999816894531,33.66999816894531,33.66999816894531,33.662498474121094,33.665000915527344,1154.0
2024-10-25 13:44:00+00:00,HEAR,16.479999542236328,16.479999542236328,16.479999542236328,16.479999542236328,16.479999542236328,382.0
2024-10-25 13:44:00+00:00,HIMX,6.175000190734863,6.175000190734863,6.175000190734863,6.170000076293945,6.175000190734863,1861.0
2024-10-25 13:44:00+00:00,HOLO,3.5899999141693115,3.5899999141693115,3.619999885559082,3.5899999141693115,3.6017000675201416,8133.0
2024-10-25 13:44:00+00:00,HOOD,27.1200008392334,27.1200008392334,27.149999618530273,27.110000610351562,27.149999618530273,23969.0
2024-10-25 13:44:00+00:00,IBEX,18.020000457763672,18.020000457763672,18.020000457763672,18.020000457763672,18.020000457763672,326.0
2024-10-25 13:44:00+00:00,ICHR,27.565000534057617,27.565000534057617,27.56999969482422,27.565000534057617,27.56999969482422,1042.0
2024-10-25 13:44:00+00:00,IDAI,0.2287999987602234,0.2287999987602234,0.2287999987602234,0.2287999987602234,0.2287999987602234,981.0
2024-10-25 13:44:00+00:00,IIIV,22.84000015258789,22.84000015258789,22.84000015258789,22.829999923706055,22.829999923706055,1053.0
2024-10-25 13:44:00+00:00,IMMR,8.699999809265137,8.699999809265137,8.710000038146973,8.699999809265137,8.709400177001953,1971.0
2024-10-25 13:44:00+00:00,INDI,3.5450000762939453,3.5450000762939453,3.555000066757202,3.5450000762939453,3.555000066757202,11169.0
2024-10-25 13:44:00+00:00,INFN,6.775000095367432,6.775000095367432,6.775000095367432,6.769999980926514,6.769999980926514,1507.0
2024-10-25 13:44:00+00:00,INOD,20.110000610351562,20.110000610351562,20.110000610351562,20.110000610351562,20.110000610351562,380.0
2024-10-25 13:44:00+00:00,INTA,49.959999084472656,49.959999084472656,49.959999084472656,49.95000076293945,49.95000076293945,1129.0
2024-10-25 13:44:00+00:00,INTC,22.850099563598633,22.850099563598633,22.864999771118164,22.84000015258789,22.860000610351562,105005.0
2024-10-25 13:44:00+00:00,IPGP,76.95999908447266,76.95999908447266,76.95999908447266,76.95999908447266,76.95999908447266,515.0
2024-10-25 13:44:00+00:00,ITRI,102.41999816894531,102.41999816894531,102.41999816894531,102.41999816894531,102.41999816894531,472.0
2024-10-25 13:44:00+00:00,JKHY,182.31500244140625,182.31500244140625,182.31500244140625,182.31500244140625,182.31500244140625,425.0
2024-10-25 13:44:00+00:00,KC,2.7100000381469727,2.7100000381469727,2.7100000381469727,2.7100000381469727,2.7100000381469727,752.0
2024-10-25 13:44:00+00:00,KLAC,675.1300048828125,675.1300048828125,675.510009765625,674.510009765625,675.510009765625,1849.0
2024-10-25 13:44:00+00:00,LASR,10.390000343322754,10.390000343322754,10.390000343322754,10.390000343322754,10.390000343322754,596.0
2024-10-25 13:44:00+00:00,LINK,4.974999904632568,4.974999904632568,4.980000019073486,4.920000076293945,4.920000076293945,2755.0
2024-10-25 13:44:00+00:00,LITE,63.744998931884766,63.744998931884766,63.790000915527344,63.70000076293945,63.7400016784668,5767.0
2024-10-25 13:44:00+00:00,LOGI,80.70500183105469,80.70500183105469,80.70500183105469,80.70500183105469,80.70500183105469,506.0
2024-10-25 13:44:00+00:00,LPSN,1.1649999618530273,1.1649999618530273,1.1649999618530273,1.1649999618530273,1.1649999618530273,441.0
2024-10-25 13:44:00+00:00,LRCX,78.5199966430664,78.5199966430664,78.62999725341797,78.44999694824219,78.62000274658203,53406.0
2024-10-25 13:44:00+00:00,LSCC,54.220001220703125,54.220001220703125,54.27000045776367,54.20000076293945,54.25,2310.0
2024-10-25 13:44:00+00:00,LTRX,4.074699878692627,4.074699878692627,4.074699878692627,4.074699878692627,4.074699878692627,486.0
2024-10-25 13:44:00+00:00,LYFT,13.694999694824219,13.694999694824219,13.700300216674805,13.670000076293945,13.699999809265137,36970.0
2024-10-25 13:44:00+00:00,MCHP,76.62999725341797,76.62999725341797,76.69000244140625,76.62000274658203,76.69000244140625,4976.0
2024-10-25 13:44:00+00:00,MINM,0.6000000238418579,0.6000000238418579,0.6000000238418579,0.5504999756813049,0.5600000023841858,13187.0
2024-10-25 13:44:00+00:00,MITK,8.770000457763672,8.770000457763672,8.770000457763672,8.760000228881836,8.760000228881836,3411.0
2024-10-25 13:44:00+00:00,MKSI,101.01499938964844,101.01499938964844,101.0250015258789,100.93000030517578,101.0250015258789,3861.0
2024-10-25 13:44:00+00:00,MKTW,0.5846999883651733,0.5846999883651733,0.5846999883651733,0.5846999883651733,0.5846999883651733,506.0
2024-10-25 13:44:00+00:00,MNDY,299.2799987792969,299.2799987792969,299.94000244140625,299.2799987792969,299.8550109863281,6064.0
2024-10-25 13:44:00+00:00,MOB,1.309999942779541,1.309999942779541,1.315000057220459,1.309999942779541,1.315000057220459,928.0
2024-10-25 13:44:00+00:00,MPWR,914.47998046875,914.47998046875,914.47998046875,914.3699951171875,914.3699951171875,1358.0
2024-10-25 13:44:00+00:00,MQ,5.28000020980835,5.28000020980835,5.28879976272583,5.28000020980835,5.284999847412109,1258.0
2024-10-25 13:44:00+00:00,MRAM,6.289999961853027,6.289999961853027,6.289999961853027,6.289999961853027,6.289999961853027,810.0
2024-10-25 13:44:00+00:00,MRIN,2.130000114440918,2.130000114440918,2.130000114440918,2.130000114440918,2.130000114440918,735.0
2024-10-25 13:44:00+00:00,MRVL,82.12999725341797,82.12999725341797,82.18000030517578,82.05000305175781,82.18000030517578,11732.0
2024-10-25 13:44:00+00:00,MSFT,427.1455078125,427.1455078125,427.31500244140625,426.9700012207031,427.30999755859375,32590.0
2024-10-25 13:44:00+00:00,MSTR,235.50999450683594,235.50999450683594,236.11000061035156,235.47000122070312,235.94500732421875,77922.0
2024-10-25 13:44:00+00:00,MTSI,119.95999908447266,119.95999908447266,119.95999908447266,119.79499816894531,119.81999969482422,10773.0
2024-10-25 13:44:00+00:00,MTTR,4.605000019073486,4.605000019073486,4.619999885559082,4.602499961853027,4.619999885559082,16528.0
2024-10-25 13:44:00+00:00,MU,107.84500122070312,107.84500122070312,107.94000244140625,107.83000183105469,107.93499755859375,42213.0
2024-10-25 13:44:00+00:00,MXL,14.770000457763672,14.770000457763672,14.789999961853027,14.760000228881836,14.789999961853027,9474.0
2024-10-25 13:44:00+00:00,NICE,175.58790588378906,175.58790588378906,175.61000061035156,175.5800018310547,175.61000061035156,1279.0
2024-10-25 13:44:00+00:00,NTAP,119.68000030517578,119.68000030517578,119.72000122070312,119.68000030517578,119.72000122070312,1100.0
2024-10-25 13:44:00+00:00,NTGR,20.270000457763672,20.270000457763672,20.270000457763672,20.270000457763672,20.270000457763672,1166.0
2024-10-25 13:44:00+00:00,NTNX,61.970001220703125,61.970001220703125,62.03499984741211,61.970001220703125,62.02000045776367,1236.0
2024-10-25 13:44:00+00:00,NVDA,141.45509338378906,141.45509338378906,141.77000427246094,141.42999267578125,141.75999450683594,1199012.0
2024-10-25 13:44:00+00:00,NVEI,33.5,33.5,33.5,33.5,33.5,1027.0
2024-10-25 13:44:00+00:00,NVTS,2.555000066757202,2.555000066757202,2.555000066757202,2.5548999309539795,2.5548999309539795,1517.0
2024-10-25 13:44:00+00:00,NXPI,243.47999572753906,243.47999572753906,243.56500244140625,243.3800048828125,243.49000549316406,3532.0
2024-10-25 13:44:00+00:00,OKTA,72.04000091552734,72.04000091552734,72.04000091552734,72.04000091552734,72.04000091552734,697.0
2024-10-25 13:44:00+00:00,OLED,203.72999572753906,203.72999572753906,203.72999572753906,203.50999450683594,203.50999450683594,625.0
2024-10-25 13:44:00+00:00,ON,71.71499633789062,71.71499633789062,71.76000213623047,71.69000244140625,71.7249984741211,103171.0
2024-10-25 13:44:00+00:00,OSPN,14.539999961853027,14.539999961853027,14.539999961853027,14.539999961853027,14.539999961853027,998.0
2024-10-25 13:44:00+00:00,OTEX,33.2400016784668,33.2400016784668,33.2400016784668,33.2400016784668,33.2400016784668,426.0
2024-10-25 13:44:00+00:00,PANW,365.9247131347656,365.9247131347656,366.2300109863281,365.8299865722656,366.1000061035156,4298.0
2024-10-25 13:44:00+00:00,PAYO,8.305000305175781,8.305000305175781,8.3149995803833,8.305000305175781,8.3100004196167,5900.0
2024-10-25 13:44:00+00:00,PAYS,3.7376999855041504,3.7376999855041504,3.740000009536743,3.7300000190734863,3.7300000190734863,1607.0
2024-10-25 13:44:00+00:00,PEGA,79.37000274658203,79.37000274658203,79.37000274658203,79.37000274658203,79.37000274658203,459.0
2024-10-25 13:44:00+00:00,PEGY,4.700200080871582,4.700200080871582,4.739999771118164,4.700200080871582,4.730000019073486,1511.0
2024-10-25 13:44:00+00:00,PGY,11.779999732971191,11.779999732971191,11.800000190734863,11.774999618530273,11.800000190734863,2031.0
2024-10-25 13:44:00+00:00,PHUN,10.255000114440918,10.255000114440918,10.305000305175781,10.250100135803223,10.301300048828125,16709.0
2024-10-25 13:44:00+00:00,PI,202.30999755859375,202.30999755859375,202.35000610351562,202.2899932861328,202.35000610351562,1626.0
2024-10-25 13:44:00+00:00,PLAB,23.540000915527344,23.540000915527344,23.559999465942383,23.540000915527344,23.559999465942383,508.0
2024-10-25 13:44:00+00:00,PLUS,97.5,97.5,97.5,97.47000122070312,97.47000122070312,1120.0
2024-10-25 13:44:00+00:00,POWI,63.47999954223633,63.47999954223633,63.6088981628418,63.47999954223633,63.6088981628418,661.0
2024-10-25 13:44:00+00:00,PTC,185.97500610351562,185.97500610351562,186.08999633789062,185.96290588378906,186.00999450683594,2042.0
2024-10-25 13:44:00+00:00,PUBM,14.720000267028809,14.720000267028809,14.720000267028809,14.720000267028809,14.720000267028809,114.0
2024-10-25 13:44:00+00:00,PYCR,14.295000076293945,14.295000076293945,14.295000076293945,14.289999961853027,14.289999961853027,417.0
2024-10-25 13:44:00+00:00,QCOM,171.02000427246094,171.02000427246094,171.29989624023438,170.9199981689453,171.29989624023438,19456.0
2024-10-25 13:44:00+00:00,QLYS,120.1500015258789,120.1500015258789,120.1500015258789,120.1500015258789,120.1500015258789,850.0
2024-10-25 13:44:00+00:00,QRVO,100.01000213623047,100.01000213623047,100.01000213623047,99.98999786376953,99.98999786376953,1390.0
2024-10-25 13:44:00+00:00,QUBT,1.0950000286102295,1.0950000286102295,1.0980000495910645,1.0950000286102295,1.0980000495910645,587.0
2024-10-25 13:44:00+00:00,QUIK,8.579999923706055,8.579999923706055,8.579999923706055,8.579999923706055,8.579999923706055,1640.0
2024-10-25 13:44:00+00:00,RCAT,2.7300000190734863,2.7300000190734863,2.7300000190734863,2.7300000190734863,2.7300000190734863,949.0
2024-10-25 13:44:00+00:00,REKR,1.0950000286102295,1.0950000286102295,1.0950000286102295,1.0950000286102295,1.0950000286102295,506.0
2024-10-25 13:44:00+00:00,RELL,13.994999885559082,13.994999885559082,13.994999885559082,13.994999885559082,13.994999885559082,215.0
2024-10-25 13:44:00+00:00,RELY,14.819999694824219,14.819999694824219,14.829999923706055,14.819999694824219,14.829999923706055,6141.0
2024-10-25 13:44:00+00:00,RGTI,1.2200000286102295,1.2200000286102295,1.2200000286102295,1.2100000381469727,1.2100000381469727,10785.0
2024-10-25 13:44:00+00:00,RIOT,9.91450023651123,9.91450023651123,9.929900169372559,9.90999984741211,9.920000076293945,41554.0
2024-10-25 13:44:00+00:00,RMBS,43.244998931884766,43.244998931884766,43.29499816894531,43.244998931884766,43.29499816894531,3173.0
2024-10-25 13:44:00+00:00,RMNI,1.7146999835968018,1.7146999835968018,1.7146999835968018,1.7146999835968018,1.7146999835968018,834.0
2024-10-25 13:44:00+00:00,RPAY,7.589900016784668,7.589900016784668,7.599999904632568,7.579999923706055,7.590000152587891,5238.0
2024-10-25 13:44:00+00:00,RSSS,2.6530001163482666,2.6530001163482666,2.6530001163482666,2.6500000953674316,2.6500000953674316,1509.0
2024-10-25 13:44:00+00:00,RUM,5.795000076293945,5.795000076293945,5.795000076293945,5.795000076293945,5.795000076293945,1246.0
2024-10-25 13:44:00+00:00,RUN,14.319999694824219,14.319999694824219,14.319999694824219,14.3100004196167,14.319999694824219,6507.0
2024-10-25 13:44:00+00:00,SANM,67.3499984741211,67.3499984741211,67.3499984741211,67.3499984741211,67.3499984741211,847.0
2024-10-25 13:44:00+00:00,SATS,25.010000228881836,25.010000228881836,25.020000457763672,25.010000228881836,25.020000457763672,1421.0
2024-10-25 13:44:00+00:00,SEDG,15.960000038146973,15.960000038146973,15.970000267028809,15.9399995803833,15.970000267028809,2592.0
2024-10-25 13:44:00+00:00,SHLS,5.235000133514404,5.235000133514404,5.235000133514404,5.235000133514404,5.235000133514404,1497.0
2024-10-25 13:44:00+00:00,SKYT,10.611800193786621,10.611800193786621,10.611800193786621,10.611800193786621,10.611800193786621,280.0
2024-10-25 13:44:00+00:00,SLNH,3.934999942779541,3.934999942779541,3.964099884033203,3.930000066757202,3.9600000381469727,1870.0
2024-10-25 13:44:00+00:00,SMCI,46.900001525878906,46.900001525878906,46.92940139770508,46.87009811401367,46.91999816894531,61848.0
2024-10-25 13:44:00+00:00,SMSI,0.8198000192642212,0.8198000192642212,0.8198000192642212,0.8198000192642212,0.8198000192642212,1746.0
2024-10-25 13:44:00+00:00,SMTC,45.536399841308594,45.536399841308594,45.630001068115234,45.536399841308594,45.630001068115234,1587.0
2024-10-25 13:44:00+00:00,SNPS,501.3772888183594,501.3772888183594,501.69000244140625,501.3500061035156,501.3500061035156,938.0
2024-10-25 13:44:00+00:00,SONO,12.755000114440918,12.755000114440918,12.755999565124512,12.755000114440918,12.755000114440918,1012.0
2024-10-25 13:44:00+00:00,SOUN,5.173999786376953,5.173999786376953,5.179900169372559,5.170000076293945,5.175000190734863,30195.0
2024-10-25 13:44:00+00:00,SOUNW,1.8799999952316284,1.8799999952316284,1.8799999952316284,1.850000023841858,1.8600000143051147,790.0
2024-10-25 13:44:00+00:00,SPI,0.41999998688697815,0.41999998688697815,0.41999998688697815,0.41999998688697815,0.41999998688697815,265.0
2024-10-25 13:44:00+00:00,SPNS,36.43000030517578,36.43000030517578,36.56999969482422,36.43000030517578,36.56999969482422,939.0
2024-10-25 13:44:00+00:00,SPSC,173.5800018310547,173.5800018310547,173.5800018310547,173.5800018310547,173.5800018310547,1260.0
2024-10-25 13:44:00+00:00,SPT,26.770000457763672,26.770000457763672,26.770000457763672,26.770000457763672,26.770000457763672,423.0
2024-10-25 13:44:00+00:00,SSNC,69.69000244140625,69.69000244140625,69.71949768066406,69.69000244140625,69.71949768066406,5582.0
2024-10-25 13:44:00+00:00,SSTI,11.324999809265137,11.324999809265137,11.324999809265137,11.324999809265137,11.324999809265137,241.0
2024-10-25 13:44:00+00:00,SSYS,7.059999942779541,7.059999942779541,7.059999942779541,7.059999942779541,7.059999942779541,459.0
2024-10-25 13:44:00+00:00,STER,16.732500076293945,16.732500076293945,16.732500076293945,16.732500076293945,16.732500076293945,200.0
2024-10-25 13:44:00+00:00,STNE,11.479999542236328,11.479999542236328,11.53499984741211,11.479999542236328,11.53499984741211,21782.0
2024-10-25 13:44:00+00:00,STX,103.3499984741211,103.3499984741211,103.41999816894531,103.33999633789062,103.41999816894531,2300.0
2024-10-25 13:44:00+00:00,SVRE,0.08209999650716782,0.08209999650716782,0.08209999650716782,0.0820000022649765,0.08209999650716782,34127.0
2024-10-25 13:44:00+00:00,SWKS,96.12999725341797,96.12999725341797,96.19999694824219,96.12999725341797,96.19999694824219,1517.0
2024-10-25 13:44:00+00:00,SYNA,72.52999877929688,72.52999877929688,72.52999877929688,72.52999877929688,72.52999877929688,904.0
2024-10-25 13:44:00+00:00,SYTA,1.284999966621399,1.284999966621399,1.2899999618530273,1.284999966621399,1.2899999618530273,320.0
2024-10-25 13:44:00+00:00,TACT,4.170000076293945,4.170000076293945,4.170000076293945,4.170000076293945,4.170000076293945,75.0
2024-10-25 13:44:00+00:00,TASK,11.970000267028809,11.970000267028809,11.970000267028809,11.970000267028809,11.970000267028809,399.0
2024-10-25 13:44:00+00:00,TEAM,189.3800048828125,189.3800048828125,189.5449981689453,189.27999877929688,189.47000122070312,2778.0
2024-10-25 13:44:00+00:00,TENB,41.560001373291016,41.560001373291016,41.560001373291016,41.54499816894531,41.54650115966797,1640.0
2024-10-25 13:44:00+00:00,TER,112.58999633789062,112.58999633789062,112.63500213623047,112.52999877929688,112.63500213623047,12634.0
2024-10-25 13:44:00+00:00,TLS,3.6096999645233154,3.6096999645233154,3.6096999645233154,3.6096999645233154,3.6096999645233154,230.0
2024-10-25 13:44:00+00:00,TRMB,61.04999923706055,61.04999923706055,61.04999923706055,61.01020050048828,61.025001525878906,1059.0
2024-10-25 13:44:00+00:00,TSEM,44.970001220703125,44.970001220703125,44.970001220703125,44.970001220703125,44.970001220703125,1608.0
2024-10-25 13:44:00+00:00,TTD,118.41999816894531,118.41999816894531,118.5250015258789,118.4000015258789,118.5250015258789,3117.0
2024-10-25 13:44:00+00:00,TTMI,19.579999923706055,19.579999923706055,19.579999923706055,19.579999923706055,19.579999923706055,352.0
2024-10-25 13:44:00+00:00,TWKS,4.445000171661377,4.445000171661377,4.449999809265137,4.440000057220459,4.449999809265137,99816.0
2024-10-25 13:44:00+00:00,TXN,207.52000427246094,207.52000427246094,207.6300048828125,207.39999389648438,207.55499267578125,6109.0
2024-10-25 13:44:00+00:00,UCTT,35.70000076293945,35.70000076293945,35.70000076293945,35.67499923706055,35.70000076293945,2039.0
2024-10-25 13:44:00+00:00,UEIC,8.050000190734863,8.050000190734863,8.050000190734863,8.034000396728516,8.034000396728516,1216.0
2024-10-25 13:44:00+00:00,UPLD,2.119999885559082,2.119999885559082,2.130000114440918,2.119999885559082,2.130000114440918,2025.0
2024-10-25 13:44:00+00:00,VECO,29.309999465942383,29.309999465942383,29.309999465942383,29.309999465942383,29.309999465942383,1133.0
2024-10-25 13:44:00+00:00,VERI,3.390000104904175,3.390000104904175,3.4000000953674316,3.390000104904175,3.4000000953674316,240.0
2024-10-25 13:44:00+00:00,VERX,41.571998596191406,41.571998596191406,41.571998596191406,41.571998596191406,41.571998596191406,416.0
2024-10-25 13:44:00+00:00,VIAV,9.21500015258789,9.21500015258789,9.220000267028809,9.210000038146973,9.220000267028809,1681.0
2024-10-25 13:44:00+00:00,VMEO,4.75,4.75,4.760000228881836,4.75,4.760000228881836,7181.0
2024-10-25 13:44:00+00:00,VOXX,7.605000019073486,7.605000019073486,7.605000019073486,7.605000019073486,7.605000019073486,322.0
2024-10-25 13:44:00+00:00,VRNS,56.5,56.5,56.56999969482422,56.470001220703125,56.56999969482422,1271.0
2024-10-25 13:44:00+00:00,VUZI,1.3200000524520874,1.3200000524520874,1.3200000524520874,1.3200000524520874,1.3200000524520874,4302.0
2024-10-25 13:44:00+00:00,WDAY,238.27999877929688,238.27999877929688,238.27999877929688,238.27999877929688,238.27999877929688,436.0
2024-10-25 13:44:00+00:00,WDC,70.3499984741211,70.3499984741211,70.37000274658203,70.31999969482422,70.3499984741211,16505.0
2024-10-25 13:44:00+00:00,WISA,1.9385000467300415,1.9385000467300415,1.9385000467300415,1.9385000467300415,1.9385000467300415,2000.0
2024-10-25 13:44:00+00:00,XPER,9.420000076293945,9.420000076293945,9.420000076293945,9.420000076293945,9.420000076293945,1119.0
2024-10-25 13:44:00+00:00,XRX,9.944999694824219,9.944999694824219,9.960000038146973,9.944999694824219,9.960000038146973,11761.0
2024-10-25 13:44:00+00:00,ZI,10.479999542236328,10.479999542236328,10.484999656677246,10.479999542236328,10.484999656677246,717.0
2024-10-25 13:44:00+00:00,ZM,72.83000183105469,72.83000183105469,72.83000183105469,72.79000091552734,72.81999969482422,16580.0
2024-10-25 13:44:00+00:00,ZS,183.86000061035156,183.86000061035156,183.97999572753906,183.86000061035156,183.97999572753906,1346.0
2024-10-25 13:45:00+00:00,AAOI,17.684999465942383,17.684999465942383,17.684999465942383,17.649999618530273,17.649999618530273,2578.0
2024-10-25 13:45:00+00:00,AAPL,231.2165985107422,231.2165985107422,231.27000427246094,231.1300048828125,231.19000244140625,53784.0
2024-10-25 13:45:00+00:00,ACIW,48.56999969482422,48.56999969482422,48.56999969482422,48.56999969482422,48.56999969482422,311.0
2024-10-25 13:45:00+00:00,ACLS,89.83999633789062,89.83999633789062,89.83999633789062,89.83999633789062,89.83999633789062,230.0
2024-10-25 13:45:00+00:00,ACMR,19.65999984741211,19.65999984741211,19.65999984741211,19.639999389648438,19.639999389648438,965.0
2024-10-25 13:45:00+00:00,ADBE,483.25,483.25,483.3450012207031,483.0400085449219,483.0400085449219,2775.0
2024-10-25 13:45:00+00:00,ADI,231.86000061035156,231.86000061035156,231.86000061035156,231.77000427246094,231.77499389648438,1815.0
2024-10-25 13:45:00+00:00,AEHR,17.030000686645508,17.030000686645508,17.030000686645508,16.989999771118164,17.005399703979492,2297.0
2024-10-25 13:45:00+00:00,AEYE,22.6200008392334,22.6200008392334,22.6200008392334,22.6200008392334,22.6200008392334,510.0
2024-10-25 13:45:00+00:00,AFRM,41.349998474121094,41.349998474121094,41.349998474121094,41.27000045776367,41.284400939941406,29518.0
2024-10-25 13:45:00+00:00,AKTS,0.05889999866485596,0.05889999866485596,0.05889999866485596,0.05889999866485596,0.05889999866485596,132813.0
2024-10-25 13:45:00+00:00,ALGM,22.979999542236328,22.979999542236328,22.979999542236328,22.951400756835938,22.951400756835938,2860.0
2024-10-25 13:45:00+00:00,ALKT,37.9474983215332,37.9474983215332,37.95399856567383,37.9474983215332,37.95399856567383,260.0
2024-10-25 13:45:00+00:00,ALTR,103.80999755859375,103.80999755859375,103.82499694824219,103.80999755859375,103.82499694824219,832.0
2024-10-25 13:45:00+00:00,AMAT,187.3000030517578,187.3000030517578,187.35499572753906,187.1999969482422,187.1999969482422,5005.0
2024-10-25 13:45:00+00:00,AMBA,58.10499954223633,58.10499954223633,58.10499954223633,58.005001068115234,58.005001068115234,1820.0
2024-10-25 13:45:00+00:00,AMD,156.2899932861328,156.2899932861328,156.29969787597656,156.11349487304688,156.1199951171875,69710.0
2024-10-25 13:45:00+00:00,AMKR,30.030000686645508,30.030000686645508,30.030000686645508,30.010000228881836,30.010000228881836,1164.0
2024-10-25 13:45:00+00:00,ANY,1.0499999523162842,1.0499999523162842,1.0499999523162842,1.0499999523162842,1.0499999523162842,4774.0
2024-10-25 13:45:00+00:00,API,2.8949999809265137,2.8949999809265137,2.8949999809265137,2.8949999809265137,2.8949999809265137,395.0
2024-10-25 13:45:00+00:00,APP,160.3000030517578,160.3000030517578,160.3000030517578,160.27499389648438,160.3000030517578,1549.0
2024-10-25 13:45:00+00:00,APPF,213.38499450683594,213.38499450683594,213.38499450683594,213.3800048828125,213.3800048828125,2899.0
2024-10-25 13:45:00+00:00,ARRY,6.315000057220459,6.315000057220459,6.315000057220459,6.309999942779541,6.315000057220459,1282.0
2024-10-25 13:45:00+00:00,ASML,713.5999755859375,713.5999755859375,713.5999755859375,712.9000244140625,713.2100219726562,4574.0
2024-10-25 13:45:00+00:00,ATOM,3.369999885559082,3.369999885559082,3.369999885559082,3.369999885559082,3.369999885559082,200.0
2024-10-25 13:45:00+00:00,AUR,6.414999961853027,6.414999961853027,6.414999961853027,6.400000095367432,6.40500020980835,7330.0
2024-10-25 13:45:00+00:00,AVDX,8.079999923706055,8.079999923706055,8.079999923706055,8.079999923706055,8.079999923706055,2917.0
2024-10-25 13:45:00+00:00,AVGO,173.9600067138672,173.9600067138672,173.9600067138672,173.7100067138672,173.7949981689453,22169.0
2024-10-25 13:45:00+00:00,AVT,53.93000030517578,53.93000030517578,53.95000076293945,53.93000030517578,53.939998626708984,1655.0
2024-10-25 13:45:00+00:00,AXTI,2.6649999618530273,2.6649999618530273,2.6649999618530273,2.6649999618530273,2.6649999618530273,402.0
2024-10-25 13:45:00+00:00,BASE,16.280000686645508,16.280000686645508,16.280000686645508,16.280000686645508,16.280000686645508,308.0
2024-10-25 13:45:00+00:00,BIGC,5.304999828338623,5.304999828338623,5.304999828338623,5.300000190734863,5.300000190734863,619.0
2024-10-25 13:45:00+00:00,BLZE,7.190000057220459,7.190000057220459,7.190000057220459,7.190000057220459,7.190000057220459,175.0
2024-10-25 13:45:00+00:00,BMBL,7.125,7.125,7.125,7.125,7.125,661.0
2024-10-25 13:45:00+00:00,BSY,49.08000183105469,49.08000183105469,49.08000183105469,49.05569839477539,49.05569839477539,1072.0
2024-10-25 13:45:00+00:00,CAMP,11.024999618530273,11.024999618530273,11.024999618530273,11.024999618530273,11.024999618530273,204.0
2024-10-25 13:45:00+00:00,CAN,0.9804999828338623,0.9804999828338623,0.9804999828338623,0.9804999828338623,0.9804999828338623,400.0
2024-10-25 13:45:00+00:00,CCSI,20.354999542236328,20.354999542236328,20.354999542236328,20.354999542236328,20.354999542236328,385.0
2024-10-25 13:45:00+00:00,CDNS,257.5050048828125,257.5050048828125,257.510009765625,257.3999938964844,257.4100036621094,3397.0
2024-10-25 13:45:00+00:00,CDW,218.6199951171875,218.6199951171875,218.6199951171875,218.6199951171875,218.6199951171875,216.0
2024-10-25 13:45:00+00:00,CFLT,22.565000534057617,22.565000534057617,22.565000534057617,22.545000076293945,22.545000076293945,6148.0
2024-10-25 13:45:00+00:00,CGNX,38.845001220703125,38.845001220703125,38.849998474121094,38.84000015258789,38.84000015258789,1619.0
2024-10-25 13:45:00+00:00,CHKP,206.16000366210938,206.16000366210938,206.2100067138672,206.16000366210938,206.2100067138672,2449.0
2024-10-25 13:45:00+00:00,CLBT,18.170000076293945,18.170000076293945,18.170000076293945,18.170000076293945,18.170000076293945,810.0
2024-10-25 13:45:00+00:00,CLFD,36.380001068115234,36.380001068115234,36.400001525878906,36.380001068115234,36.400001525878906,1619.0
2024-10-25 13:45:00+00:00,CLSK,11.831000328063965,11.831000328063965,11.845999717712402,11.805000305175781,11.809900283813477,41309.0
2024-10-25 13:45:00+00:00,CNDT,3.6050000190734863,3.6050000190734863,3.6050000190734863,3.6050000190734863,3.6050000190734863,1108.0
2024-10-25 13:45:00+00:00,CNXC,44.470001220703125,44.470001220703125,44.52000045776367,44.470001220703125,44.52000045776367,3285.0
2024-10-25 13:45:00+00:00,COHR,95.30999755859375,95.30999755859375,95.30999755859375,95.19999694824219,95.19999694824219,2013.0
2024-10-25 13:45:00+00:00,COIN,210.0500030517578,210.0500030517578,210.25999450683594,209.8000030517578,210.07000732421875,25706.0
2024-10-25 13:45:00+00:00,COMM,6.244999885559082,6.244999885559082,6.260000228881836,6.230000019073486,6.255000114440918,12268.0
2024-10-25 13:45:00+00:00,CORZ,13.505000114440918,13.505000114440918,13.510000228881836,13.503999710083008,13.510000228881836,4334.0
2024-10-25 13:45:00+00:00,CRDO,39.11840057373047,39.11840057373047,39.11840057373047,39.08000183105469,39.08000183105469,3577.0
2024-10-25 13:45:00+00:00,CRNT,2.4899001121520996,2.4899001121520996,2.4899001121520996,2.4899001121520996,2.4899001121520996,524.0
2024-10-25 13:45:00+00:00,CRSR,6.349999904632568,6.349999904632568,6.355000019073486,6.349999904632568,6.355000019073486,406.0
2024-10-25 13:45:00+00:00,CRUS,122.62000274658203,122.62000274658203,122.62999725341797,122.62000274658203,122.62999725341797,1005.0
2024-10-25 13:45:00+00:00,CRWD,297.05999755859375,297.05999755859375,297.1600036621094,296.7001037597656,296.9800109863281,29121.0
2024-10-25 13:45:00+00:00,CSCO,55.779998779296875,55.779998779296875,55.779998779296875,55.76100158691406,55.772098541259766,8203.0
2024-10-25 13:45:00+00:00,CSGS,47.310001373291016,47.310001373291016,47.310001373291016,47.310001373291016,47.310001373291016,190.0
2024-10-25 13:45:00+00:00,CSIQ,13.40999984741211,13.40999984741211,13.40999984741211,13.399999618530273,13.399999618530273,1970.0
2024-10-25 13:45:00+00:00,CTSH,74.72000122070312,74.72000122070312,74.72000122070312,74.70999908447266,74.72000122070312,2615.0
2024-10-25 13:45:00+00:00,CYBR,289.3349914550781,289.3349914550781,289.3349914550781,289.3349914550781,289.3349914550781,966.0
2024-10-25 13:45:00+00:00,DAVE,39.125,39.125,39.125,39.125,39.125,168.0
2024-10-25 13:45:00+00:00,DBX,25.8799991607666,25.8799991607666,25.895000457763672,25.8799991607666,25.889999389648438,3254.0
2024-10-25 13:45:00+00:00,DDOG,126.44999694824219,126.44999694824219,126.45999908447266,126.35040283203125,126.41500091552734,2756.0
2024-10-25 13:45:00+00:00,DOCU,69.41000366210938,69.41000366210938,69.43000030517578,69.3949966430664,69.42500305175781,2870.0
2024-10-25 13:45:00+00:00,DOMO,8.039999961853027,8.039999961853027,8.039999961853027,8.039999961853027,8.039999961853027,737.0
2024-10-25 13:45:00+00:00,DUOL,288.364990234375,288.364990234375,288.364990234375,288.364990234375,288.364990234375,311.0
2024-10-25 13:45:00+00:00,DUOT,4.070000171661377,4.070000171661377,4.130000114440918,4.070000171661377,4.130000114440918,5569.0
2024-10-25 13:45:00+00:00,ENPH,83.0999984741211,83.0999984741211,83.0999984741211,82.93000030517578,83.0250015258789,6759.0
2024-10-25 13:45:00+00:00,ENTG,105.54499816894531,105.54499816894531,105.54499816894531,105.47000122070312,105.4749984741211,4943.0
2024-10-25 13:45:00+00:00,ERIC,8.45009994506836,8.45009994506836,8.460000038146973,8.440699577331543,8.449999809265137,283035.0
2024-10-25 13:45:00+00:00,EXFY,1.725000023841858,1.725000023841858,1.725000023841858,1.7201000452041626,1.7201000452041626,3088.0
2024-10-25 13:45:00+00:00,EXTR,14.380000114440918,14.380000114440918,14.380000114440918,14.380000114440918,14.380000114440918,519.0
2024-10-25 13:45:00+00:00,FARO,18.110000610351562,18.110000610351562,18.110000610351562,18.100000381469727,18.100000381469727,2862.0
2024-10-25 13:45:00+00:00,FCUV,0.2630000114440918,0.2630000114440918,0.2630000114440918,0.2630000114440918,0.2630000114440918,700.0
2024-10-25 13:45:00+00:00,FIVN,30.010000228881836,30.010000228881836,30.010000228881836,29.979999542236328,29.979999542236328,2019.0
2024-10-25 13:45:00+00:00,FLEX,35.16999816894531,35.16999816894531,35.185001373291016,35.15610122680664,35.15610122680664,6664.0
2024-10-25 13:45:00+00:00,FLYW,17.5049991607666,17.5049991607666,17.5049991607666,17.5049991607666,17.5049991607666,136.0
2024-10-25 13:45:00+00:00,FROG,29.145000457763672,29.145000457763672,29.145000457763672,29.145000457763672,29.145000457763672,104.0
2024-10-25 13:45:00+00:00,FRSH,11.654999732971191,11.654999732971191,11.654999732971191,11.649999618530273,11.649999618530273,10766.0
2024-10-25 13:45:00+00:00,FSLR,197.80999755859375,197.80999755859375,197.8300018310547,197.625,197.625,4823.0
2024-10-25 13:45:00+00:00,FTCI,0.6610000133514404,0.6610000133514404,0.6610000133514404,0.6610000133514404,0.6610000133514404,1600.0
2024-10-25 13:45:00+00:00,FTNT,80.62000274658203,80.62000274658203,80.62999725341797,80.5999984741211,80.6050033569336,4189.0
2024-10-25 13:45:00+00:00,GCT,24.649999618530273,24.649999618530273,24.649999618530273,24.610000610351562,24.61009979248047,2763.0
2024-10-25 13:45:00+00:00,GFS,40.880001068115234,40.880001068115234,40.880001068115234,40.81999969482422,40.81999969482422,1537.0
2024-10-25 13:45:00+00:00,GPRO,1.3250000476837158,1.3250000476837158,1.3250000476837158,1.3200000524520874,1.3250000476837158,2856.0
2024-10-25 13:45:00+00:00,GRAB,4.098299980163574,4.098299980163574,4.099999904632568,4.09499979019165,4.0971999168396,5432.0
2024-10-25 13:45:00+00:00,GRRR,4.505300045013428,4.505300045013428,4.505300045013428,4.505000114440918,4.505000114440918,213.0
2024-10-25 13:45:00+00:00,GTLB,55.29999923706055,55.29999923706055,55.29999923706055,55.29999923706055,55.29999923706055,773.0
2024-10-25 13:45:00+00:00,HCP,33.66999816894531,33.66999816894531,33.66999816894531,33.665000915527344,33.66999816894531,1671.0
2024-10-25 13:45:00+00:00,HIMX,6.175000190734863,6.175000190734863,6.175000190734863,6.175000190734863,6.175000190734863,121.0
2024-10-25 13:45:00+00:00,HLIT,14.78499984741211,14.78499984741211,14.789999961853027,14.78499984741211,14.789999961853027,1395.0
2024-10-25 13:45:00+00:00,HOLO,3.569999933242798,3.569999933242798,3.589900016784668,3.569999933242798,3.589900016784668,10068.0
2024-10-25 13:45:00+00:00,HOOD,27.165000915527344,27.165000915527344,27.165000915527344,27.125,27.125,19234.0
2024-10-25 13:45:00+00:00,IMMR,8.710000038146973,8.710000038146973,8.710000038146973,8.70989990234375,8.710000038146973,1545.0
2024-10-25 13:45:00+00:00,INDI,3.5450000762939453,3.5450000762939453,3.5450000762939453,3.5450000762939453,3.5450000762939453,305.0
2024-10-25 13:45:00+00:00,INSG,20.065000534057617,20.065000534057617,20.065000534057617,20.065000534057617,20.065000534057617,227.0
2024-10-25 13:45:00+00:00,INTA,49.94499969482422,49.94499969482422,49.94499969482422,49.94499969482422,49.94499969482422,686.0
2024-10-25 13:45:00+00:00,INTC,22.8700008392334,22.8700008392334,22.8799991607666,22.850000381469727,22.854999542236328,120619.0
2024-10-25 13:45:00+00:00,INTU,608.2999877929688,608.2999877929688,608.52001953125,608.2999877929688,608.510009765625,1029.0
2024-10-25 13:45:00+00:00,ITI,7.190000057220459,7.190000057220459,7.190000057220459,7.190000057220459,7.190000057220459,104.0
2024-10-25 13:45:00+00:00,KC,2.7049999237060547,2.7049999237060547,2.7100000381469727,2.7049999237060547,2.7100000381469727,3356.0
2024-10-25 13:45:00+00:00,KLAC,675.1400146484375,675.1400146484375,675.1400146484375,675.1400146484375,675.1400146484375,793.0
2024-10-25 13:45:00+00:00,LITE,63.79999923706055,63.79999923706055,63.79999923706055,63.724998474121094,63.724998474121094,3119.0
2024-10-25 13:45:00+00:00,LOGI,80.69000244140625,80.69000244140625,80.69000244140625,80.68000030517578,80.68000030517578,697.0
2024-10-25 13:45:00+00:00,LRCX,78.61499786376953,78.61499786376953,78.62000274658203,78.5199966430664,78.54000091552734,21629.0
2024-10-25 13:45:00+00:00,LSCC,54.2400016784668,54.2400016784668,54.2400016784668,54.18000030517578,54.20000076293945,4361.0
2024-10-25 13:45:00+00:00,LUNA,1.774999976158142,1.774999976158142,1.774999976158142,1.774999976158142,1.774999976158142,203.0
2024-10-25 13:45:00+00:00,LYFT,13.71500015258789,13.71500015258789,13.71500015258789,13.694999694824219,13.694999694824219,14275.0
2024-10-25 13:45:00+00:00,MANH,274.3399963378906,274.3399963378906,274.3399963378906,274.3399963378906,274.3399963378906,1652.0
2024-10-25 13:45:00+00:00,MAXN,5.570000171661377,5.570000171661377,5.570000171661377,5.570000171661377,5.570000171661377,468.0
2024-10-25 13:45:00+00:00,MCHP,76.70999908447266,76.70999908447266,76.70999908447266,76.63999938964844,76.63999938964844,5932.0
2024-10-25 13:45:00+00:00,MITK,8.755000114440918,8.755000114440918,8.760000228881836,8.75,8.760000228881836,3738.0
2024-10-25 13:45:00+00:00,MKSI,101.08999633789062,101.08999633789062,101.08999633789062,101.04000091552734,101.04000091552734,1465.0
2024-10-25 13:45:00+00:00,MNDY,299.5199890136719,299.5199890136719,299.760009765625,299.5199890136719,299.5249938964844,2084.0
2024-10-25 13:45:00+00:00,MPWR,914.7999877929688,914.7999877929688,915.4000244140625,913.8499755859375,913.97998046875,2876.0
2024-10-25 13:45:00+00:00,MQ,5.284999847412109,5.284999847412109,5.284999847412109,5.284999847412109,5.284999847412109,1958.0
2024-10-25 13:45:00+00:00,MRVL,82.19999694824219,82.19999694824219,82.19999694824219,82.11479949951172,82.12000274658203,13048.0
2024-10-25 13:45:00+00:00,MSFT,427.25,427.25,427.26800537109375,426.9898986816406,427.0799865722656,21644.0
2024-10-25 13:45:00+00:00,MSTR,236.38999938964844,236.38999938964844,236.41580200195312,235.5500030517578,235.72999572753906,46300.0
2024-10-25 13:45:00+00:00,MTTR,4.602499961853027,4.602499961853027,4.610000133514404,4.602499961853027,4.602499961853027,4278.0
2024-10-25 13:45:00+00:00,MU,108.01000213623047,108.01000213623047,108.01000213623047,107.8499984741211,107.8499984741211,39927.0
2024-10-25 13:45:00+00:00,MVIS,1.090000033378601,1.090000033378601,1.090000033378601,1.090000033378601,1.090000033378601,401.0
2024-10-25 13:45:00+00:00,MXL,14.779999732971191,14.779999732971191,14.779999732971191,14.760000228881836,14.760000228881836,1839.0
2024-10-25 13:45:00+00:00,NCNO,37.6150016784668,37.6150016784668,37.6150016784668,37.599998474121094,37.599998474121094,648.0
2024-10-25 13:45:00+00:00,NICE,175.6529998779297,175.6529998779297,175.6529998779297,175.6529998779297,175.6529998779297,1518.0
2024-10-25 13:45:00+00:00,NSYS,12.010000228881836,12.010000228881836,12.010000228881836,12.010000228881836,12.010000228881836,286.0
2024-10-25 13:45:00+00:00,NTAP,119.75,119.75,119.75,119.69999694824219,119.69999694824219,617.0
2024-10-25 13:45:00+00:00,NTCT,20.643999099731445,20.643999099731445,20.643999099731445,20.643999099731445,20.643999099731445,645.0
2024-10-25 13:45:00+00:00,NTNX,62.029998779296875,62.029998779296875,62.029998779296875,62.0,62.0,1699.0
2024-10-25 13:45:00+00:00,NVDA,141.70700073242188,141.70700073242188,141.7100067138672,141.45309448242188,141.4600067138672,889081.0
2024-10-25 13:45:00+00:00,NVTS,2.5597000122070312,2.5597000122070312,2.5597000122070312,2.55679988861084,2.55679988861084,14545.0
2024-10-25 13:45:00+00:00,NXPI,243.75,243.75,243.75,243.50999450683594,243.50999450683594,1833.0
2024-10-25 13:45:00+00:00,OKTA,72.04000091552734,72.04000091552734,72.04000091552734,72.0199966430664,72.02999877929688,2923.0
2024-10-25 13:45:00+00:00,ON,71.76399993896484,71.76399993896484,71.79000091552734,71.70999908447266,71.72000122070312,35062.0
2024-10-25 13:45:00+00:00,PANW,366.1300048828125,366.1300048828125,366.1300048828125,365.9549865722656,365.9549865722656,1595.0
2024-10-25 13:45:00+00:00,PAYO,8.305000305175781,8.305000305175781,8.305000305175781,8.305000305175781,8.305000305175781,1143.0
2024-10-25 13:45:00+00:00,PEGA,79.51000213623047,79.51000213623047,79.51000213623047,79.43000030517578,79.43000030517578,1352.0
2024-10-25 13:45:00+00:00,PGY,11.779999732971191,11.779999732971191,11.779999732971191,11.770000457763672,11.770000457763672,964.0
2024-10-25 13:45:00+00:00,PHUN,10.270000457763672,10.270000457763672,10.279999732971191,10.229999542236328,10.25,28649.0
2024-10-25 13:45:00+00:00,PI,202.52999877929688,202.52999877929688,202.5399932861328,202.24000549316406,202.33990478515625,3227.0
2024-10-25 13:45:00+00:00,POET,3.8499999046325684,3.8499999046325684,3.8598999977111816,3.8499999046325684,3.8499999046325684,1978.0
2024-10-25 13:45:00+00:00,PRGS,64.39399719238281,64.39399719238281,64.39399719238281,64.39399719238281,64.39399719238281,490.0
2024-10-25 13:45:00+00:00,PTC,185.96499633789062,185.96499633789062,186.0500030517578,185.96499633789062,185.96499633789062,1051.0
2024-10-25 13:45:00+00:00,PUBM,14.71500015258789,14.71500015258789,14.71500015258789,14.71500015258789,14.71500015258789,708.0
2024-10-25 13:45:00+00:00,PYCR,14.3100004196167,14.3100004196167,14.3100004196167,14.279999732971191,14.279999732971191,3682.0
2024-10-25 13:45:00+00:00,QCOM,171.1699981689453,171.1699981689453,171.17999267578125,171.0500030517578,171.0500030517578,12369.0
2024-10-25 13:45:00+00:00,QH,1.3799999952316284,1.3799999952316284,1.3799999952316284,1.3799999952316284,1.3799999952316284,1366.0
2024-10-25 13:45:00+00:00,QLYS,120.38999938964844,120.38999938964844,120.38999938964844,120.2300033569336,120.23999786376953,870.0
2024-10-25 13:45:00+00:00,QRVO,100.0,100.0,100.0199966430664,100.0,100.0,2579.0
2024-10-25 13:45:00+00:00,RCAT,2.7200000286102295,2.7200000286102295,2.7249999046325684,2.7200000286102295,2.7249999046325684,4900.0
2024-10-25 13:45:00+00:00,RELY,14.8100004196167,14.8100004196167,14.8100004196167,14.8100004196167,14.8100004196167,1645.0
2024-10-25 13:45:00+00:00,RIOT,9.925000190734863,9.925000190734863,9.930000305175781,9.90999984741211,9.914999961853027,60251.0
2024-10-25 13:45:00+00:00,RMBS,43.244998931884766,43.244998931884766,43.244998931884766,43.22999954223633,43.22999954223633,524.0
2024-10-25 13:45:00+00:00,RUM,5.795000076293945,5.795000076293945,5.798699855804443,5.795000076293945,5.798699855804443,2276.0
2024-10-25 13:45:00+00:00,RUN,14.335000038146973,14.335000038146973,14.335000038146973,14.319999694824219,14.324999809265137,3387.0
2024-10-25 13:45:00+00:00,SANM,67.4000015258789,67.4000015258789,67.4000015258789,67.37000274658203,67.38999938964844,1193.0
2024-10-25 13:45:00+00:00,SATS,25.010000228881836,25.010000228881836,25.010000228881836,25.0049991607666,25.0049991607666,1682.0
2024-10-25 13:45:00+00:00,SCSC,44.68000030517578,44.68000030517578,44.68000030517578,44.68000030517578,44.68000030517578,119.0
2024-10-25 13:45:00+00:00,SEDG,15.989999771118164,15.989999771118164,15.989999771118164,15.942700386047363,15.942700386047363,3135.0
2024-10-25 13:45:00+00:00,SHLS,5.239999771118164,5.239999771118164,5.239999771118164,5.239999771118164,5.239999771118164,3408.0
2024-10-25 13:45:00+00:00,SIMO,56.29999923706055,56.29999923706055,56.36000061035156,56.29999923706055,56.36000061035156,615.0
2024-10-25 13:45:00+00:00,SKYT,10.604999542236328,10.604999542236328,10.604999542236328,10.604999542236328,10.604999542236328,1655.0
2024-10-25 13:45:00+00:00,SLNH,3.934999942779541,3.934999942779541,3.934999942779541,3.934999942779541,3.934999942779541,9939.0
2024-10-25 13:45:00+00:00,SMCI,46.959999084472656,46.959999084472656,46.97999954223633,46.900001525878906,46.900001525878906,40557.0
2024-10-25 13:45:00+00:00,SMSI,0.8198999762535095,0.8198999762535095,0.8198999762535095,0.8198999762535095,0.8198999762535095,368.0
2024-10-25 13:45:00+00:00,SMTC,45.650001525878906,45.650001525878906,45.650001525878906,45.63999938964844,45.63999938964844,538.0
2024-10-25 13:45:00+00:00,SNPS,502.0299072265625,502.0299072265625,502.0299072265625,501.67999267578125,501.67999267578125,336.0
2024-10-25 13:45:00+00:00,SONO,12.734999656677246,12.734999656677246,12.75,12.729999542236328,12.75,5089.0
2024-10-25 13:45:00+00:00,SOUN,5.171500205993652,5.171500205993652,5.179999828338623,5.170000076293945,5.170199871063232,5241.0
2024-10-25 13:45:00+00:00,SPNS,36.474998474121094,36.474998474121094,36.52000045776367,36.474998474121094,36.52000045776367,249.0
2024-10-25 13:45:00+00:00,SSNC,69.68000030517578,69.68000030517578,69.69999694824219,69.66999816894531,69.68000030517578,4321.0
2024-10-25 13:45:00+00:00,STNE,11.5,11.5,11.5,11.479999542236328,11.479999542236328,9453.0
2024-10-25 13:45:00+00:00,STX,103.41000366210938,103.41000366210938,103.47000122070312,103.38500213623047,103.38999938964844,12367.0
2024-10-25 13:45:00+00:00,SVRE,0.07999999821186066,0.07999999821186066,0.08129999786615372,0.07699999958276749,0.08129999786615372,254197.0
2024-10-25 13:45:00+00:00,SWKS,96.16999816894531,96.16999816894531,96.16999816894531,96.1500015258789,96.1500015258789,1407.0
2024-10-25 13:45:00+00:00,SYNA,72.52999877929688,72.52999877929688,72.52999877929688,72.51000213623047,72.51000213623047,964.0
2024-10-25 13:45:00+00:00,SYTA,1.2843999862670898,1.2843999862670898,1.2843999862670898,1.280400037765503,1.280400037765503,2200.0
2024-10-25 13:45:00+00:00,TEAM,189.38999938964844,189.38999938964844,189.38999938964844,189.3800048828125,189.3800048828125,938.0
2024-10-25 13:45:00+00:00,TENB,41.58000183105469,41.58000183105469,41.58000183105469,41.58000183105469,41.58000183105469,538.0
2024-10-25 13:45:00+00:00,TER,112.80999755859375,112.80999755859375,112.80999755859375,112.5999984741211,112.5999984741211,10279.0
2024-10-25 13:45:00+00:00,TRMB,61.04999923706055,61.04999923706055,61.04999923706055,61.029998779296875,61.029998779296875,530.0
2024-10-25 13:45:00+00:00,TTD,118.42169952392578,118.42169952392578,118.45999908447266,118.41000366210938,118.43499755859375,3798.0
2024-10-25 13:45:00+00:00,TWKS,4.440000057220459,4.440000057220459,4.445000171661377,4.440000057220459,4.440000057220459,6403.0
2024-10-25 13:45:00+00:00,TXN,207.5500030517578,207.5500030517578,207.58999633789062,207.48500061035156,207.48500061035156,7575.0
2024-10-25 13:45:00+00:00,UCTT,35.70000076293945,35.70000076293945,35.70000076293945,35.70000076293945,35.70000076293945,702.0
2024-10-25 13:45:00+00:00,UEIC,8.043600082397461,8.043600082397461,8.043600082397461,8.043600082397461,8.043600082397461,1081.0
2024-10-25 13:45:00+00:00,VECO,29.329999923706055,29.329999923706055,29.329999923706055,29.329999923706055,29.329999923706055,1651.0
2024-10-25 13:45:00+00:00,VERB,10.272500038146973,10.272500038146973,10.272500038146973,10.272500038146973,10.272500038146973,232.0
2024-10-25 13:45:00+00:00,VERX,41.60499954223633,41.60499954223633,41.60499954223633,41.60499954223633,41.60499954223633,310.0
2024-10-25 13:45:00+00:00,VIAV,9.210000038146973,9.210000038146973,9.220000267028809,9.210000038146973,9.210000038146973,4620.0
2024-10-25 13:45:00+00:00,VMEO,4.75,4.75,4.75,4.75,4.75,519.0
2024-10-25 13:45:00+00:00,VRNS,56.54999923706055,56.54999923706055,56.560001373291016,56.5099983215332,56.53499984741211,2388.0
2024-10-25 13:45:00+00:00,VRNT,21.979999542236328,21.979999542236328,21.979999542236328,21.979999542236328,21.979999542236328,420.0
2024-10-25 13:45:00+00:00,VSAT,10.1899995803833,10.1899995803833,10.194999694824219,10.1899995803833,10.194999694824219,847.0
2024-10-25 13:45:00+00:00,WDAY,238.3000030517578,238.3000030517578,238.47000122070312,238.3000030517578,238.34500122070312,1879.0
2024-10-25 13:45:00+00:00,WDC,70.3949966430664,70.3949966430664,70.41000366210938,70.37000274658203,70.37000274658203,15905.0
2024-10-25 13:45:00+00:00,WISA,1.934999942779541,1.934999942779541,1.934999942779541,1.934999942779541,1.934999942779541,0.0
2024-10-25 13:45:00+00:00,XRX,9.944999694824219,9.944999694824219,9.944999694824219,9.944999694824219,9.944999694824219,346.0
2024-10-25 13:45:00+00:00,ZBRA,360.55999755859375,360.55999755859375,360.55999755859375,360.55999755859375,360.55999755859375,264.0
2024-10-25 13:45:00+00:00,ZI,10.489999771118164,10.489999771118164,10.489999771118164,10.48009967803955,10.48009967803955,1319.0
2024-10-25 13:45:00+00:00,ZM,72.8499984741211,72.8499984741211,72.8499984741211,72.8499984741211,72.8499984741211,1624.0
2024-10-25 13:45:00+00:00,ZS,184.03500366210938,184.03500366210938,184.03500366210938,184.03500366210938,184.03500366210938,488.0
2024-10-25 13:46:00+00:00,AAOI,17.70680046081543,17.70680046081543,17.70680046081543,17.700000762939453,17.700000762939453,1413.0
2024-10-25 13:46:00+00:00,AAPL,231.42999267578125,231.42999267578125,231.4499969482422,231.20799255371094,231.20799255371094,63420.0
2024-10-25 13:46:00+00:00,ACIW,48.58000183105469,48.58000183105469,48.58000183105469,48.58000183105469,48.58000183105469,214.0
2024-10-25 13:46:00+00:00,ACLS,89.94000244140625,89.94000244140625,89.94000244140625,89.8499984741211,89.85040283203125,715.0
2024-10-25 13:46:00+00:00,ACMR,19.674999237060547,19.674999237060547,19.674999237060547,19.674999237060547,19.674999237060547,261.0
2024-10-25 13:46:00+00:00,ADBE,483.6199951171875,483.6199951171875,483.70001220703125,483.0799865722656,483.2650146484375,3756.0
2024-10-25 13:46:00+00:00,ADI,231.97000122070312,231.97000122070312,231.97000122070312,231.75999450683594,231.75999450683594,1069.0
2024-10-25 13:46:00+00:00,ADSK,285.3550109863281,285.3550109863281,285.3599853515625,285.0400085449219,285.0400085449219,1455.0
2024-10-25 13:46:00+00:00,ADTN,6.34499979019165,6.34499979019165,6.34499979019165,6.340000152587891,6.340000152587891,871.0
2024-10-25 13:46:00+00:00,AEHR,17.017000198364258,17.017000198364258,17.027999877929688,17.010000228881836,17.010000228881836,3816.0
2024-10-25 13:46:00+00:00,AEYE,22.665000915527344,22.665000915527344,22.665000915527344,22.665000915527344,22.665000915527344,400.0
2024-10-25 13:46:00+00:00,AFRM,41.400001525878906,41.400001525878906,41.400001525878906,41.34709930419922,41.36000061035156,6218.0
2024-10-25 13:46:00+00:00,AKAM,102.33000183105469,102.33000183105469,102.33000183105469,102.30500030517578,102.30500030517578,1139.0
2024-10-25 13:46:00+00:00,AKTS,0.05889999866485596,0.05889999866485596,0.05889999866485596,0.05889999866485596,0.05889999866485596,0.0
2024-10-25 13:46:00+00:00,ALGM,23.040000915527344,23.040000915527344,23.040000915527344,22.9950008392334,22.9950008392334,6096.0
2024-10-25 13:46:00+00:00,ALKT,37.94499969482422,37.94499969482422,37.94499969482422,37.94499969482422,37.94499969482422,189.0
2024-10-25 13:46:00+00:00,ALRM,54.5,54.5,54.5,54.43000030517578,54.43000030517578,1996.0
2024-10-25 13:46:00+00:00,ALTR,103.82499694824219,103.82499694824219,103.82499694824219,103.73999786376953,103.73999786376953,329.0
2024-10-25 13:46:00+00:00,AMAT,187.5800018310547,187.5800018310547,187.5800018310547,187.3699951171875,187.42999267578125,2794.0
2024-10-25 13:46:00+00:00,AMD,156.5749969482422,156.5749969482422,156.589599609375,156.2729949951172,156.2729949951172,69995.0
2024-10-25 13:46:00+00:00,AMKR,30.010000228881836,30.010000228881836,30.03499984741211,30.010000228881836,30.03499984741211,2430.0
2024-10-25 13:46:00+00:00,API,2.8949999809265137,2.8949999809265137,2.8949999809265137,2.8949999809265137,2.8949999809265137,1008.0
2024-10-25 13:46:00+00:00,APP,160.5,160.5,160.5,160.3000030517578,160.3699951171875,5181.0
2024-10-25 13:46:00+00:00,APPF,213.16000366210938,213.16000366210938,213.39500427246094,213.16000366210938,213.297607421875,1696.0
2024-10-25 13:46:00+00:00,APPN,31.959999084472656,31.959999084472656,31.959999084472656,31.860000610351562,31.8700008392334,3465.0
2024-10-25 13:46:00+00:00,APPS,3.049999952316284,3.049999952316284,3.049999952316284,3.0450000762939453,3.0450000762939453,2249.0
2024-10-25 13:46:00+00:00,ARRY,6.310100078582764,6.310100078582764,6.320000171661377,6.309999942779541,6.315000057220459,21928.0
2024-10-25 13:46:00+00:00,ASML,713.5418701171875,713.5418701171875,714.1500244140625,713.5418701171875,713.72998046875,2968.0
2024-10-25 13:46:00+00:00,ASNS,1.3065999746322632,1.3065999746322632,1.3065999746322632,1.2999999523162842,1.2999999523162842,264.0
2024-10-25 13:46:00+00:00,ASUR,9.569999694824219,9.569999694824219,9.59000015258789,9.569999694824219,9.59000015258789,231.0
2024-10-25 13:46:00+00:00,AUR,6.420000076293945,6.420000076293945,6.420000076293945,6.414999961853027,6.414999961853027,8230.0
2024-10-25 13:46:00+00:00,AVDX,8.079999923706055,8.079999923706055,8.079999923706055,8.079999923706055,8.079999923706055,2184.0
2024-10-25 13:46:00+00:00,AVGO,174.0,174.0,174.0845947265625,173.89999389648438,174.00999450683594,41984.0
2024-10-25 13:46:00+00:00,AVNW,20.905000686645508,20.905000686645508,20.905000686645508,20.905000686645508,20.905000686645508,1099.0
2024-10-25 13:46:00+00:00,AVT,53.95500183105469,53.95500183105469,53.959999084472656,53.95500183105469,53.959999084472656,255.0
2024-10-25 13:46:00+00:00,BASE,16.270000457763672,16.270000457763672,16.270000457763672,16.270000457763672,16.270000457763672,261.0
2024-10-25 13:46:00+00:00,BELFB,79.25499725341797,79.25499725341797,79.25499725341797,79.25499725341797,79.25499725341797,103.0
2024-10-25 13:46:00+00:00,BIGC,5.304999828338623,5.304999828338623,5.304999828338623,5.304999828338623,5.304999828338623,150.0
2024-10-25 13:46:00+00:00,BL,56.119998931884766,56.119998931884766,56.119998931884766,56.119998931884766,56.119998931884766,403.0
2024-10-25 13:46:00+00:00,BLBX,2.9500999450683594,2.9500999450683594,2.9600000381469727,2.950000047683716,2.9600000381469727,0.0
2024-10-25 13:46:00+00:00,BMBL,7.135000228881836,7.135000228881836,7.139999866485596,7.125,7.130000114440918,7421.0
2024-10-25 13:46:00+00:00,BRZE,30.75,30.75,30.75,30.75,30.75,882.0
2024-10-25 13:46:00+00:00,BSY,49.0890007019043,49.0890007019043,49.0890007019043,49.07600021362305,49.07600021362305,392.0
2024-10-25 13:46:00+00:00,CAMT,77.62000274658203,77.62000274658203,77.62000274658203,77.58000183105469,77.58000183105469,480.0
2024-10-25 13:46:00+00:00,CAN,0.9807000160217285,0.9807000160217285,0.9810000061988831,0.980400025844574,0.9804999828338623,18768.0
2024-10-25 13:46:00+00:00,CDNS,257.8283996582031,257.8283996582031,257.8283996582031,257.5050048828125,257.6098937988281,3163.0
2024-10-25 13:46:00+00:00,CDW,218.52000427246094,218.52000427246094,218.6199951171875,218.50999450683594,218.50999450683594,1326.0
2024-10-25 13:46:00+00:00,CETX,0.3021000027656555,0.3021000027656555,0.3021000027656555,0.3021000027656555,0.3021000027656555,1001.0
2024-10-25 13:46:00+00:00,CFLT,22.563400268554688,22.563400268554688,22.59000015258789,22.563400268554688,22.565000534057617,5834.0
2024-10-25 13:46:00+00:00,CGNX,38.8650016784668,38.8650016784668,38.869998931884766,38.84000015258789,38.84000015258789,1321.0
2024-10-25 13:46:00+00:00,CLSK,11.845000267028809,11.845000267028809,11.850000381469727,11.819999694824219,11.835000038146973,20515.0
2024-10-25 13:46:00+00:00,CNXC,44.47999954223633,44.47999954223633,44.47999954223633,44.47999954223633,44.47999954223633,404.0
2024-10-25 13:46:00+00:00,COHR,95.375,95.375,95.4000015258789,95.30000305175781,95.30000305175781,4000.0
2024-10-25 13:46:00+00:00,COHU,26.08679962158203,26.08679962158203,26.08679962158203,26.08679962158203,26.08679962158203,365.0
2024-10-25 13:46:00+00:00,COIN,210.4600067138672,210.4600067138672,210.4600067138672,209.8531036376953,210.0500030517578,10244.0
2024-10-25 13:46:00+00:00,COMM,6.244999885559082,6.244999885559082,6.249899864196777,6.242599964141846,6.244999885559082,4450.0
2024-10-25 13:46:00+00:00,CORZ,13.545000076293945,13.545000076293945,13.545000076293945,13.505000114440918,13.505000114440918,7406.0
2024-10-25 13:46:00+00:00,CRCT,6.610000133514404,6.610000133514404,6.610000133514404,6.610000133514404,6.610000133514404,404.0
2024-10-25 13:46:00+00:00,CRDO,39.18000030517578,39.18000030517578,39.20000076293945,39.130001068115234,39.13999938964844,2342.0
2024-10-25 13:46:00+00:00,CRSR,6.355000019073486,6.355000019073486,6.360000133514404,6.355000019073486,6.360000133514404,1401.0
2024-10-25 13:46:00+00:00,CRWD,297.989990234375,297.989990234375,297.989990234375,297.05999755859375,297.05999755859375,26495.0
2024-10-25 13:46:00+00:00,CSCO,55.814998626708984,55.814998626708984,55.81999969482422,55.77000045776367,55.775001525878906,19286.0
2024-10-25 13:46:00+00:00,CSGS,47.33000183105469,47.33000183105469,47.33000183105469,47.310001373291016,47.310001373291016,746.0
2024-10-25 13:46:00+00:00,CSIQ,13.449999809265137,13.449999809265137,13.452899932861328,13.430000305175781,13.430000305175781,2711.0
2024-10-25 13:46:00+00:00,CTLP,8.895000457763672,8.895000457763672,8.895000457763672,8.895000457763672,8.895000457763672,439.0
2024-10-25 13:46:00+00:00,CTSH,74.75499725341797,74.75499725341797,74.75499725341797,74.72000122070312,74.72000122070312,3111.0
2024-10-25 13:46:00+00:00,CVLT,134.39999389648438,134.39999389648438,134.39999389648438,134.3300018310547,134.3300018310547,1416.0
2024-10-25 13:46:00+00:00,DAKT,13.010000228881836,13.010000228881836,13.010000228881836,13.010000228881836,13.010000228881836,455.0
2024-10-25 13:46:00+00:00,DATS,1.6601999998092651,1.6601999998092651,1.6601999998092651,1.6601999998092651,1.6601999998092651,1820.0
2024-10-25 13:46:00+00:00,DAVE,39.1150016784668,39.1150016784668,39.1150016784668,39.11000061035156,39.11000061035156,352.0
2024-10-25 13:46:00+00:00,DBX,25.889999389648438,25.889999389648438,25.889999389648438,25.885000228881836,25.889999389648438,5209.0
2024-10-25 13:46:00+00:00,DDOG,126.45999908447266,126.45999908447266,126.4800033569336,126.41500091552734,126.41500091552734,2337.0
2024-10-25 13:46:00+00:00,DGHI,1.5800000429153442,1.5800000429153442,1.5800000429153442,1.5800000429153442,1.5800000429153442,0.0
2024-10-25 13:46:00+00:00,DGII,30.579999923706055,30.579999923706055,30.59000015258789,30.575000762939453,30.575000762939453,19590.0
2024-10-25 13:46:00+00:00,DLO,8.819000244140625,8.819000244140625,8.819999694824219,8.819000244140625,8.819999694824219,2636.0
2024-10-25 13:46:00+00:00,DOCU,69.44000244140625,69.44000244140625,69.44000244140625,69.4000015258789,69.40499877929688,2926.0
2024-10-25 13:46:00+00:00,DOMO,8.039999961853027,8.039999961853027,8.039999961853027,8.039999961853027,8.039999961853027,184.0
2024-10-25 13:46:00+00:00,DSGX,103.7300033569336,103.7300033569336,103.73999786376953,103.7300033569336,103.73999786376953,487.0
2024-10-25 13:46:00+00:00,DTSS,2.490000009536743,2.490000009536743,2.490000009536743,2.490000009536743,2.490000009536743,200.0
2024-10-25 13:46:00+00:00,EEFT,99.44999694824219,99.44999694824219,99.47000122070312,99.44999694824219,99.47000122070312,665.0
2024-10-25 13:46:00+00:00,ENPH,83.02999877929688,83.02999877929688,83.17500305175781,83.0199966430664,83.12640380859375,11724.0
2024-10-25 13:46:00+00:00,ENTG,105.6449966430664,105.6449966430664,105.66000366210938,105.54499816894531,105.54499816894531,2168.0
2024-10-25 13:46:00+00:00,ERIC,8.450699806213379,8.450699806213379,8.456000328063965,8.450699806213379,8.456000328063965,11554.0
2024-10-25 13:46:00+00:00,EXFY,1.7252000570297241,1.7252000570297241,1.7252000570297241,1.7252000570297241,1.7252000570297241,5000.0
2024-10-25 13:46:00+00:00,EXLS,38.685001373291016,38.685001373291016,38.685001373291016,38.66999816894531,38.66999816894531,730.0
2024-10-25 13:46:00+00:00,EXTR,14.399999618530273,14.399999618530273,14.399999618530273,14.385000228881836,14.385000228881836,833.0
2024-10-25 13:46:00+00:00,FARO,18.110000610351562,18.110000610351562,18.110000610351562,18.110000610351562,18.110000610351562,508.0
2024-10-25 13:46:00+00:00,FFIV,215.8300018310547,215.8300018310547,215.84500122070312,215.78500366210938,215.84500122070312,2321.0
2024-10-25 13:46:00+00:00,FIVN,30.030000686645508,30.030000686645508,30.030000686645508,30.010000228881836,30.010000228881836,2298.0
2024-10-25 13:46:00+00:00,FLEX,35.189998626708984,35.189998626708984,35.20500183105469,35.16999816894531,35.16999816894531,5813.0
2024-10-25 13:46:00+00:00,FLYW,17.454999923706055,17.454999923706055,17.510000228881836,17.454999923706055,17.5049991607666,9190.0
2024-10-25 13:46:00+00:00,FORM,44.869998931884766,44.869998931884766,44.869998931884766,44.849998474121094,44.849998474121094,1561.0
2024-10-25 13:46:00+00:00,FROG,29.15999984741211,29.15999984741211,29.15999984741211,29.145000457763672,29.145000457763672,1853.0
2024-10-25 13:46:00+00:00,FRSH,11.654999732971191,11.654999732971191,11.65999984741211,11.654999732971191,11.654999732971191,972.0
2024-10-25 13:46:00+00:00,FTCI,0.6600000262260437,0.6600000262260437,0.6610000133514404,0.6600000262260437,0.6610000133514404,48006.0
2024-10-25 13:46:00+00:00,FTNT,80.69000244140625,80.69000244140625,80.69000244140625,80.62999725341797,80.63610076904297,3026.0
2024-10-25 13:46:00+00:00,GCT,24.670000076293945,24.670000076293945,24.670000076293945,24.670000076293945,24.670000076293945,1085.0
2024-10-25 13:46:00+00:00,GDS,21.43000030517578,21.43000030517578,21.43000030517578,21.43000030517578,21.43000030517578,139.0
2024-10-25 13:46:00+00:00,GDYN,15.550000190734863,15.550000190734863,15.550000190734863,15.539999961853027,15.539999961853027,1045.0
2024-10-25 13:46:00+00:00,GFS,40.880001068115234,40.880001068115234,40.880001068115234,40.84000015258789,40.869998931884766,2721.0
2024-10-25 13:46:00+00:00,GILT,4.9095001220703125,4.9095001220703125,4.9095001220703125,4.9095001220703125,4.9095001220703125,5994.0
2024-10-25 13:46:00+00:00,GNSS,3.890000104904175,3.890000104904175,3.890000104904175,3.890000104904175,3.890000104904175,2007.0
2024-10-25 13:46:00+00:00,GRAB,4.09499979019165,4.09499979019165,4.09499979019165,4.090000152587891,4.09499979019165,14038.0
2024-10-25 13:46:00+00:00,GRRR,4.510000228881836,4.510000228881836,4.510000228881836,4.510000228881836,4.510000228881836,420.0
2024-10-25 13:46:00+00:00,GTLB,55.380001068115234,55.380001068115234,55.38999938964844,55.34000015258789,55.34000015258789,4076.0
2024-10-25 13:46:00+00:00,HCP,33.665000915527344,33.665000915527344,33.66999816894531,33.662498474121094,33.662498474121094,5472.0
2024-10-25 13:46:00+00:00,HEAR,16.5,16.5,16.510000228881836,16.5,16.5,2251.0
2024-10-25 13:46:00+00:00,HIMX,6.175000190734863,6.175000190734863,6.175000190734863,6.175000190734863,6.175000190734863,941.0
2024-10-25 13:46:00+00:00,HOLO,3.5801000595092773,3.5801000595092773,3.5850000381469727,3.569999933242798,3.569999933242798,3091.0
2024-10-25 13:46:00+00:00,HOOD,27.21500015258789,27.21500015258789,27.218299865722656,27.165000915527344,27.170000076293945,25446.0
2024-10-25 13:46:00+00:00,ICHR,27.600000381469727,27.600000381469727,27.600000381469727,27.59000015258789,27.59000015258789,543.0
2024-10-25 13:46:00+00:00,IIIV,22.850000381469727,22.850000381469727,22.850000381469727,22.850000381469727,22.850000381469727,103.0
2024-10-25 13:46:00+00:00,IMTE,1.6399999856948853,1.6399999856948853,1.6399999856948853,1.6399999856948853,1.6399999856948853,423.0
2024-10-25 13:46:00+00:00,INDI,3.5411999225616455,3.5411999225616455,3.549999952316284,3.5411999225616455,3.549999952316284,1408.0
2024-10-25 13:46:00+00:00,INFN,6.769999980926514,6.769999980926514,6.769999980926514,6.769999980926514,6.769999980926514,137.0
2024-10-25 13:46:00+00:00,INSG,20.1200008392334,20.1200008392334,20.1200008392334,20.1200008392334,20.1200008392334,399.0
2024-10-25 13:46:00+00:00,INTC,22.885000228881836,22.885000228881836,22.889999389648438,22.8700008392334,22.8700008392334,60759.0
2024-10-25 13:46:00+00:00,INTU,608.8900146484375,608.8900146484375,608.8900146484375,608.6500244140625,608.6500244140625,2286.0
2024-10-25 13:46:00+00:00,ITI,7.199999809265137,7.199999809265137,7.199999809265137,7.190000057220459,7.190000057220459,526.0
2024-10-25 13:46:00+00:00,JKHY,182.4600067138672,182.4600067138672,182.4600067138672,182.4600067138672,182.4600067138672,621.0
2024-10-25 13:46:00+00:00,KC,2.700000047683716,2.700000047683716,2.700000047683716,2.700000047683716,2.700000047683716,151.0
2024-10-25 13:46:00+00:00,KLAC,676.0800170898438,676.0800170898438,676.0800170898438,676.0800170898438,676.0800170898438,2284.0
2024-10-25 13:46:00+00:00,LASR,10.399999618530273,10.399999618530273,10.399999618530273,10.399999618530273,10.399999618530273,1121.0
2024-10-25 13:46:00+00:00,LITE,63.9900016784668,63.9900016784668,63.9900016784668,63.76499938964844,63.76499938964844,8710.0
2024-10-25 13:46:00+00:00,LOGI,80.70999908447266,80.70999908447266,80.70999908447266,80.67919921875,80.67919921875,964.0
2024-10-25 13:46:00+00:00,LRCX,78.72000122070312,78.72000122070312,78.72000122070312,78.58999633789062,78.62999725341797,24571.0
2024-10-25 13:46:00+00:00,LSCC,54.279998779296875,54.279998779296875,54.279998779296875,54.25,54.27000045776367,3296.0
2024-10-25 13:46:00+00:00,LYFT,13.725000381469727,13.725000381469727,13.729999542236328,13.71399974822998,13.720000267028809,23107.0
2024-10-25 13:46:00+00:00,LYTS,16.149999618530273,16.149999618530273,16.165000915527344,16.149999618530273,16.165000915527344,664.0
2024-10-25 13:46:00+00:00,MANH,274.3599853515625,274.3599853515625,274.3599853515625,274.3599853515625,274.3599853515625,782.0
2024-10-25 13:46:00+00:00,MAPS,0.8450999855995178,0.8450999855995178,0.8450999855995178,0.8450999855995178,0.8450999855995178,517.0
2024-10-25 13:46:00+00:00,MCHP,76.7249984741211,76.7249984741211,76.7249984741211,76.69499969482422,76.72000122070312,4020.0
2024-10-25 13:46:00+00:00,MDB,266.42999267578125,266.42999267578125,266.42999267578125,266.42999267578125,266.42999267578125,984.0
2024-10-25 13:46:00+00:00,MGIC,11.134099960327148,11.134099960327148,11.134099960327148,11.134099960327148,11.134099960327148,220.0
2024-10-25 13:46:00+00:00,MITK,8.779999732971191,8.779999732971191,8.779999732971191,8.75,8.75,4069.0
2024-10-25 13:46:00+00:00,MKSI,101.18000030517578,101.18000030517578,101.18000030517578,101.16000366210938,101.16000366210938,1744.0
2024-10-25 13:46:00+00:00,MNDY,299.760009765625,299.760009765625,299.760009765625,299.5199890136719,299.5199890136719,2858.0
2024-10-25 13:46:00+00:00,MPWR,915.0999755859375,915.0999755859375,915.0999755859375,915.0999755859375,915.0999755859375,685.0
2024-10-25 13:46:00+00:00,MQ,5.284999847412109,5.284999847412109,5.284999847412109,5.284999847412109,5.284999847412109,979.0
2024-10-25 13:46:00+00:00,MRVL,82.30000305175781,82.30000305175781,82.30000305175781,82.18000030517578,82.19000244140625,8715.0
2024-10-25 13:46:00+00:00,MSFT,427.4700012207031,427.4700012207031,427.5,427.1099853515625,427.260009765625,22861.0
2024-10-25 13:46:00+00:00,MSTR,237.41400146484375,237.41400146484375,237.41400146484375,236.19900512695312,236.27999877929688,26391.0
2024-10-25 13:46:00+00:00,MTLS,5.940000057220459,5.940000057220459,5.940000057220459,5.940000057220459,5.940000057220459,298.0
2024-10-25 13:46:00+00:00,MTTR,4.605000019073486,4.605000019073486,4.610000133514404,4.602499961853027,4.610000133514404,3341.0
2024-10-25 13:46:00+00:00,MU,108.16000366210938,108.16000366210938,108.16000366210938,108.00499725341797,108.02999877929688,28427.0
2024-10-25 13:46:00+00:00,MVIS,1.090000033378601,1.090000033378601,1.090000033378601,1.090000033378601,1.090000033378601,200.0
2024-10-25 13:46:00+00:00,MXL,14.789999961853027,14.789999961853027,14.789999961853027,14.78499984741211,14.78499984741211,2797.0
2024-10-25 13:46:00+00:00,MYNA,1.159999966621399,1.159999966621399,1.159999966621399,1.159999966621399,1.159999966621399,707.0
2024-10-25 13:46:00+00:00,MYSZ,1.6100000143051147,1.6100000143051147,1.6100000143051147,1.6100000143051147,1.6100000143051147,6.0
2024-10-25 13:46:00+00:00,NCNO,37.599998474121094,37.599998474121094,37.61000061035156,37.599998474121094,37.61000061035156,703.0
2024-10-25 13:46:00+00:00,NTAP,119.80999755859375,119.80999755859375,119.80999755859375,119.75499725341797,119.75499725341797,1364.0
2024-10-25 13:46:00+00:00,NTCT,20.65999984741211,20.65999984741211,20.65999984741211,20.65999984741211,20.65999984741211,829.0
2024-10-25 13:46:00+00:00,NTNX,62.020999908447266,62.020999908447266,62.069801330566406,62.020999908447266,62.04999923706055,3071.0
2024-10-25 13:46:00+00:00,NVDA,142.00999450683594,142.00999450683594,142.02999877929688,141.69009399414062,141.69700622558594,922533.0
2024-10-25 13:46:00+00:00,NVEI,33.505001068115234,33.505001068115234,33.505001068115234,33.5,33.5,409.0
2024-10-25 13:46:00+00:00,NVMI,184.11000061035156,184.11000061035156,184.11000061035156,184.10000610351562,184.10000610351562,808.0
2024-10-25 13:46:00+00:00,NVTS,2.555000066757202,2.555000066757202,2.555000066757202,2.549999952316284,2.555000066757202,1846.0
2024-10-25 13:46:00+00:00,NXPI,243.9499969482422,243.9499969482422,244.0,243.73500061035156,243.83999633789062,4302.0
2024-10-25 13:46:00+00:00,NXPL,1.0850000381469727,1.0850000381469727,1.0850000381469727,1.0850000381469727,1.0850000381469727,500.0
2024-10-25 13:46:00+00:00,OKTA,72.118896484375,72.118896484375,72.118896484375,72.05000305175781,72.05000305175781,1432.0
2024-10-25 13:46:00+00:00,OLED,203.5,203.5,203.5,203.5,203.5,677.0
2024-10-25 13:46:00+00:00,ON,71.80000305175781,71.80000305175781,71.80000305175781,71.7300033569336,71.7699966430664,29879.0
2024-10-25 13:46:00+00:00,OSPN,14.539999961853027,14.539999961853027,14.539999961853027,14.53499984741211,14.539999961853027,2380.0
2024-10-25 13:46:00+00:00,PANW,366.2900085449219,366.2900085449219,366.3800048828125,366.2900085449219,366.3800048828125,1031.0
2024-10-25 13:46:00+00:00,PAYO,8.305000305175781,8.305000305175781,8.305000305175781,8.305000305175781,8.305000305175781,297.0
2024-10-25 13:46:00+00:00,PDFS,29.155000686645508,29.155000686645508,29.155000686645508,29.155000686645508,29.155000686645508,729.0
2024-10-25 13:46:00+00:00,PEGA,79.52999877929688,79.52999877929688,79.53500366210938,79.47000122070312,79.4800033569336,4047.0
2024-10-25 13:46:00+00:00,PGY,11.770000457763672,11.770000457763672,11.791000366210938,11.770000457763672,11.791000366210938,5096.0
2024-10-25 13:46:00+00:00,PHUN,10.290300369262695,10.290300369262695,10.300000190734863,10.270000457763672,10.270000457763672,17013.0
2024-10-25 13:46:00+00:00,PI,202.49200439453125,202.49200439453125,202.49200439453125,202.43499755859375,202.43499755859375,711.0
2024-10-25 13:46:00+00:00,POWI,63.560001373291016,63.560001373291016,63.560001373291016,63.560001373291016,63.560001373291016,364.0
2024-10-25 13:46:00+00:00,PTC,186.02999877929688,186.02999877929688,186.02999877929688,186.02000427246094,186.02000427246094,1740.0
2024-10-25 13:46:00+00:00,PYCR,14.3100004196167,14.3100004196167,14.3100004196167,14.3100004196167,14.3100004196167,1125.0
2024-10-25 13:46:00+00:00,QCOM,171.30999755859375,171.30999755859375,171.30999755859375,171.1699981689453,171.21499633789062,6459.0
2024-10-25 13:46:00+00:00,QLYS,120.3499984741211,120.3499984741211,120.42500305175781,120.3499984741211,120.4000015258789,1396.0
2024-10-25 13:46:00+00:00,QRVO,100.06999969482422,100.06999969482422,100.0999984741211,100.0,100.0,1523.0
2024-10-25 13:46:00+00:00,QUBT,1.093999981880188,1.093999981880188,1.093999981880188,1.093999981880188,1.093999981880188,270.0
2024-10-25 13:46:00+00:00,RCAT,2.7249999046325684,2.7249999046325684,2.7249999046325684,2.7249999046325684,2.7249999046325684,0.0
2024-10-25 13:46:00+00:00,RELL,13.989999771118164,13.989999771118164,13.989999771118164,13.989999771118164,13.989999771118164,391.0
2024-10-25 13:46:00+00:00,RELY,14.8100004196167,14.8100004196167,14.8100004196167,14.8100004196167,14.8100004196167,425.0
2024-10-25 13:46:00+00:00,RGTI,1.215000033378601,1.215000033378601,1.2200000286102295,1.215000033378601,1.2200000286102295,979.0
2024-10-25 13:46:00+00:00,RIOT,9.933199882507324,9.933199882507324,9.935999870300293,9.920000076293945,9.925000190734863,33465.0
2024-10-25 13:46:00+00:00,RMBS,43.220001220703125,43.220001220703125,43.27000045776367,43.220001220703125,43.27000045776367,1576.0
2024-10-25 13:46:00+00:00,RPAY,7.599999904632568,7.599999904632568,7.599999904632568,7.587100028991699,7.590000152587891,2002.0
2024-10-25 13:46:00+00:00,RUM,5.79010009765625,5.79010009765625,5.79010009765625,5.79010009765625,5.79010009765625,1496.0
2024-10-25 13:46:00+00:00,RUN,14.34000015258789,14.34000015258789,14.350000381469727,14.329999923706055,14.329999923706055,6980.0
2024-10-25 13:46:00+00:00,SANM,67.41999816894531,67.41999816894531,67.41999816894531,67.41999816894531,67.41999816894531,277.0
2024-10-25 13:46:00+00:00,SATS,25.010000228881836,25.010000228881836,25.020000457763672,25.010000228881836,25.020000457763672,1260.0
2024-10-25 13:46:00+00:00,SCSC,44.68000030517578,44.68000030517578,44.68000030517578,44.68000030517578,44.68000030517578,104.0
2024-10-25 13:46:00+00:00,SEDG,16.059900283813477,16.059900283813477,16.059900283813477,15.989999771118164,15.989999771118164,14401.0
2024-10-25 13:46:00+00:00,SHLS,5.25,5.25,5.25,5.241600036621094,5.244999885559082,3333.0
2024-10-25 13:46:00+00:00,SITM,181.19500732421875,181.19500732421875,181.19500732421875,181.19500732421875,181.19500732421875,272.0
2024-10-25 13:46:00+00:00,SLAB,114.5,114.5,114.5999984741211,114.36000061035156,114.55000305175781,1776.0
2024-10-25 13:46:00+00:00,SMCI,47.0,47.0,47.0,46.95899963378906,46.974998474121094,40690.0
2024-10-25 13:46:00+00:00,SMTC,45.7400016784668,45.7400016784668,45.7400016784668,45.7400016784668,45.7400016784668,473.0
2024-10-25 13:46:00+00:00,SNPS,502.54998779296875,502.54998779296875,502.54998779296875,502.0299072265625,502.0299072265625,2170.0
2024-10-25 13:46:00+00:00,SONO,12.739999771118164,12.739999771118164,12.739999771118164,12.739999771118164,12.739999771118164,192.0
2024-10-25 13:46:00+00:00,SOUN,5.175000190734863,5.175000190734863,5.178199768066406,5.170000076293945,5.170300006866455,15243.0
2024-10-25 13:46:00+00:00,SPT,26.770000457763672,26.770000457763672,26.770000457763672,26.770000457763672,26.770000457763672,805.0
2024-10-25 13:46:00+00:00,SRAD,12.350000381469727,12.350000381469727,12.350000381469727,12.350000381469727,12.350000381469727,205.0
2024-10-25 13:46:00+00:00,SSNC,69.68499755859375,69.68499755859375,69.69000244140625,69.66000366210938,69.67500305175781,6146.0
2024-10-25 13:46:00+00:00,SSYS,7.059999942779541,7.059999942779541,7.059999942779541,7.059999942779541,7.059999942779541,775.0
2024-10-25 13:46:00+00:00,STER,16.739999771118164,16.739999771118164,16.739999771118164,16.729999542236328,16.729999542236328,6752.0
2024-10-25 13:46:00+00:00,STNE,11.5,11.5,11.5,11.484999656677246,11.5,13249.0
2024-10-25 13:46:00+00:00,STX,103.4749984741211,103.4749984741211,103.51000213623047,103.43499755859375,103.43499755859375,9781.0
2024-10-25 13:46:00+00:00,SURG,1.7450000047683716,1.7450000047683716,1.7450000047683716,1.7350000143051147,1.7350000143051147,3576.0
2024-10-25 13:46:00+00:00,SVRE,0.0771000012755394,0.0771000012755394,0.07750000059604645,0.0771000012755394,0.07750000059604645,10126.0
2024-10-25 13:46:00+00:00,SWKS,96.20999908447266,96.20999908447266,96.20999908447266,96.16500091552734,96.19499969482422,2934.0
2024-10-25 13:46:00+00:00,SYNA,72.5999984741211,72.5999984741211,72.5999984741211,72.5999984741211,72.5999984741211,690.0
2024-10-25 13:46:00+00:00,SYTA,1.284999966621399,1.284999966621399,1.2899999618530273,1.284999966621399,1.2899999618530273,319.0
2024-10-25 13:46:00+00:00,TAOP,0.49799999594688416,0.49799999594688416,0.49799999594688416,0.4900999963283539,0.4900999963283539,7265.0
2024-10-25 13:46:00+00:00,TASK,11.989999771118164,11.989999771118164,11.989999771118164,11.975000381469727,11.975000381469727,1009.0
2024-10-25 13:46:00+00:00,TEAM,189.36500549316406,189.36500549316406,189.44000244140625,189.3300018310547,189.35000610351562,1962.0
2024-10-25 13:46:00+00:00,TENB,41.59700012207031,41.59700012207031,41.59700012207031,41.59000015258789,41.59000015258789,1277.0
2024-10-25 13:46:00+00:00,TER,112.95999908447266,112.95999908447266,112.95999908447266,112.82499694824219,112.8499984741211,7070.0
2024-10-25 13:46:00+00:00,TRMB,61.04999923706055,61.04999923706055,61.04999923706055,61.03139877319336,61.03139877319336,1689.0
2024-10-25 13:46:00+00:00,TTD,118.5199966430664,118.5199966430664,118.5199966430664,118.45500183105469,118.5,2060.0
2024-10-25 13:46:00+00:00,TTMI,19.579999923706055,19.579999923706055,19.579999923706055,19.579999923706055,19.579999923706055,983.0
2024-10-25 13:46:00+00:00,TWKS,4.445000171661377,4.445000171661377,4.449999809265137,4.440000057220459,4.445000171661377,6952.0
2024-10-25 13:46:00+00:00,TXN,207.61500549316406,207.61500549316406,207.6300048828125,207.47000122070312,207.6300048828125,3198.0
2024-10-25 13:46:00+00:00,UCTT,35.70000076293945,35.70000076293945,35.72999954223633,35.70000076293945,35.72999954223633,1366.0
2024-10-25 13:46:00+00:00,VECO,29.364999771118164,29.364999771118164,29.364999771118164,29.325300216674805,29.325300216674805,3959.0
2024-10-25 13:46:00+00:00,VERI,3.4000000953674316,3.4000000953674316,3.4000000953674316,3.4000000953674316,3.4000000953674316,1226.0
2024-10-25 13:46:00+00:00,VIAV,9.229999542236328,9.229999542236328,9.229999542236328,9.229999542236328,9.229999542236328,722.0
2024-10-25 13:46:00+00:00,VICR,46.689998626708984,46.689998626708984,46.689998626708984,46.689998626708984,46.689998626708984,205.0
2024-10-25 13:46:00+00:00,VNET,3.424999952316284,3.424999952316284,3.424999952316284,3.424999952316284,3.424999952316284,200.0
2024-10-25 13:46:00+00:00,VRNS,56.630001068115234,56.630001068115234,56.630001068115234,56.56999969482422,56.56999969482422,2401.0
2024-10-25 13:46:00+00:00,VRNT,22.040000915527344,22.040000915527344,22.040000915527344,21.979999542236328,21.979999542236328,4326.0
2024-10-25 13:46:00+00:00,VSAT,10.199999809265137,10.199999809265137,10.199999809265137,10.199999809265137,10.199999809265137,2358.0
2024-10-25 13:46:00+00:00,VUZI,1.315000057220459,1.315000057220459,1.315000057220459,1.315000057220459,1.315000057220459,1459.0
2024-10-25 13:46:00+00:00,WDAY,238.61000061035156,238.61000061035156,238.61000061035156,238.4949951171875,238.5399932861328,3444.0
2024-10-25 13:46:00+00:00,WDC,70.5469970703125,70.5469970703125,70.55000305175781,70.41000366210938,70.41000366210938,15653.0
2024-10-25 13:46:00+00:00,XRX,9.949999809265137,9.949999809265137,9.949999809265137,9.9399995803833,9.9399995803833,3215.0
2024-10-25 13:46:00+00:00,ZBRA,360.80499267578125,360.80499267578125,360.80499267578125,360.80499267578125,360.80499267578125,210.0
2024-10-25 13:46:00+00:00,ZM,72.84500122070312,72.84500122070312,72.86000061035156,72.84500122070312,72.86000061035156,1682.0
2024-10-25 13:46:00+00:00,ZS,184.2449951171875,184.2449951171875,184.2899932861328,184.07000732421875,184.2010040283203,4595.0
2024-10-25 13:47:00+00:00,AAOI,17.739999771118164,17.739999771118164,17.739999771118164,17.739999771118164,17.739999771118164,297.0
2024-10-25 13:47:00+00:00,AAPL,231.39500427246094,231.39500427246094,231.50999450683594,231.35000610351562,231.4499969482422,94083.0
2024-10-25 13:47:00+00:00,ACIW,48.650001525878906,48.650001525878906,48.650001525878906,48.619998931884766,48.619998931884766,710.0
2024-10-25 13:47:00+00:00,ACLS,89.98500061035156,89.98500061035156,89.98500061035156,89.98500061035156,89.98500061035156,733.0
2024-10-25 13:47:00+00:00,ACMR,19.707000732421875,19.707000732421875,19.709999084472656,19.707000732421875,19.709999084472656,607.0
2024-10-25 13:47:00+00:00,ADBE,484.0199890136719,484.0199890136719,484.20001220703125,483.75,483.75,2896.0
2024-10-25 13:47:00+00:00,ADI,232.0800018310547,232.0800018310547,232.11000061035156,231.94500732421875,232.02000427246094,3082.0
2024-10-25 13:47:00+00:00,ADSK,285.43499755859375,285.43499755859375,285.43499755859375,285.43499755859375,285.43499755859375,1195.0
2024-10-25 13:47:00+00:00,ADTN,6.349999904632568,6.349999904632568,6.349999904632568,6.349999904632568,6.349999904632568,410.0
2024-10-25 13:47:00+00:00,AEHR,17.06999969482422,17.06999969482422,17.06999969482422,17.06999969482422,17.06999969482422,375.0
2024-10-25 13:47:00+00:00,AEYE,22.649999618530273,22.649999618530273,22.700000762939453,22.649999618530273,22.700000762939453,550.0
2024-10-25 13:47:00+00:00,AFRM,41.43000030517578,41.43000030517578,41.45000076293945,41.41999816894531,41.4375,7949.0
2024-10-25 13:47:00+00:00,AKAM,102.37000274658203,102.37000274658203,102.37000274658203,102.3499984741211,102.3499984741211,1505.0
2024-10-25 13:47:00+00:00,AKTS,0.05889999866485596,0.05889999866485596,0.05889999866485596,0.05889999866485596,0.05889999866485596,2302.0
2024-10-25 13:47:00+00:00,ALGM,23.065000534057617,23.065000534057617,23.09000015258789,23.040000915527344,23.040000915527344,8635.0
2024-10-25 13:47:00+00:00,ALKT,37.9900016784668,37.9900016784668,37.9900016784668,37.9900016784668,37.9900016784668,230.0
2024-10-25 13:47:00+00:00,ALTR,103.82499694824219,103.82499694824219,103.82499694824219,103.82499694824219,103.82499694824219,250.0
2024-10-25 13:47:00+00:00,AMAT,187.7949981689453,187.7949981689453,187.8000030517578,187.57000732421875,187.5800018310547,4894.0
2024-10-25 13:47:00+00:00,AMD,156.6699981689453,156.6699981689453,156.72999572753906,156.52999877929688,156.57000732421875,75497.0
2024-10-25 13:47:00+00:00,AMKR,30.049999237060547,30.049999237060547,30.059999465942383,30.040000915527344,30.040000915527344,2651.0
2024-10-25 13:47:00+00:00,AMPL,9.140000343322754,9.140000343322754,9.140000343322754,9.140000343322754,9.140000343322754,185.0
2024-10-25 13:47:00+00:00,ANSS,323.67999267578125,323.67999267578125,323.67999267578125,323.45001220703125,323.45001220703125,1293.0
2024-10-25 13:47:00+00:00,ANY,1.0399999618530273,1.0399999618530273,1.0399999618530273,1.0399999618530273,1.0399999618530273,19133.0
2024-10-25 13:47:00+00:00,AOSL,36.560001373291016,36.560001373291016,36.560001373291016,36.5,36.5,1017.0
2024-10-25 13:47:00+00:00,API,2.8949999809265137,2.8949999809265137,2.8949999809265137,2.8949999809265137,2.8949999809265137,300.0
2024-10-25 13:47:00+00:00,APP,160.7100067138672,160.7100067138672,160.7100067138672,160.55999755859375,160.55999755859375,2661.0
2024-10-25 13:47:00+00:00,APPN,32.060001373291016,32.060001373291016,32.060001373291016,31.989999771118164,31.989999771118164,2247.0
2024-10-25 13:47:00+00:00,APPS,3.055000066757202,3.055000066757202,3.055999994277954,3.055000066757202,3.055000066757202,2957.0
2024-10-25 13:47:00+00:00,ARRY,6.315000057220459,6.315000057220459,6.315000057220459,6.309999942779541,6.309999942779541,22478.0
2024-10-25 13:47:00+00:00,ASML,715.1400146484375,715.1400146484375,715.1400146484375,714.989990234375,714.989990234375,2429.0
2024-10-25 13:47:00+00:00,ASNS,1.2999999523162842,1.2999999523162842,1.2999999523162842,1.2999999523162842,1.2999999523162842,568.0
2024-10-25 13:47:00+00:00,ASUR,9.569999694824219,9.569999694824219,9.569999694824219,9.569999694824219,9.569999694824219,870.0
2024-10-25 13:47:00+00:00,ATOM,3.369999885559082,3.369999885559082,3.369999885559082,3.369999885559082,3.369999885559082,230.0
2024-10-25 13:47:00+00:00,AUDC,9.050000190734863,9.050000190734863,9.140000343322754,9.050000190734863,9.140000343322754,11374.0
2024-10-25 13:47:00+00:00,AUR,6.425000190734863,6.425000190734863,6.425000190734863,6.423999786376953,6.425000190734863,1983.0
2024-10-25 13:47:00+00:00,AVDX,8.079999923706055,8.079999923706055,8.079999923706055,8.079999923706055,8.079999923706055,30955.0
2024-10-25 13:47:00+00:00,AVGO,173.99000549316406,173.99000549316406,174.1199951171875,173.97000122070312,174.0050048828125,43893.0
2024-10-25 13:47:00+00:00,AVPT,11.949999809265137,11.949999809265137,11.949999809265137,11.949999809265137,11.949999809265137,595.0
2024-10-25 13:47:00+00:00,AVT,53.970001220703125,53.970001220703125,53.97999954223633,53.970001220703125,53.97999954223633,1133.0
2024-10-25 13:47:00+00:00,AXTI,2.6649999618530273,2.6649999618530273,2.6649999618530273,2.6649999618530273,2.6649999618530273,125.0
2024-10-25 13:47:00+00:00,BASE,16.299999237060547,16.299999237060547,16.299999237060547,16.299999237060547,16.299999237060547,886.0
2024-10-25 13:47:00+00:00,BELFB,79.25499725341797,79.25499725341797,79.25499725341797,79.25499725341797,79.25499725341797,139.0
2024-10-25 13:47:00+00:00,BIGC,5.304999828338623,5.304999828338623,5.304999828338623,5.300000190734863,5.304999828338623,520.0
2024-10-25 13:47:00+00:00,BL,56.13999938964844,56.13999938964844,56.13999938964844,56.13999938964844,56.13999938964844,365.0
2024-10-25 13:47:00+00:00,BMBL,7.135000228881836,7.135000228881836,7.139999866485596,7.135000228881836,7.139999866485596,1129.0
2024-10-25 13:47:00+00:00,BRZE,30.78499984741211,30.78499984741211,30.799999237060547,30.770000457763672,30.770000457763672,1128.0
2024-10-25 13:47:00+00:00,BSY,49.11199951171875,49.11199951171875,49.1151008605957,49.099998474121094,49.099998474121094,1301.0
2024-10-25 13:47:00+00:00,CAMP,11.1899995803833,11.1899995803833,11.1899995803833,11.1899995803833,11.1899995803833,2003.0
2024-10-25 13:47:00+00:00,CAMT,77.68000030517578,77.68000030517578,77.68000030517578,77.68000030517578,77.68000030517578,1281.0
2024-10-25 13:47:00+00:00,CDNS,258.0799865722656,258.0799865722656,258.0799865722656,257.82000732421875,257.82000732421875,3090.0
2024-10-25 13:47:00+00:00,CDW,218.50999450683594,218.50999450683594,218.6199951171875,218.50999450683594,218.6199951171875,4695.0
2024-10-25 13:47:00+00:00,CETX,0.30160000920295715,0.30160000920295715,0.30160000920295715,0.30160000920295715,0.30160000920295715,817.0
2024-10-25 13:47:00+00:00,CEVA,24.09000015258789,24.09000015258789,24.09000015258789,24.09000015258789,24.09000015258789,670.0
2024-10-25 13:47:00+00:00,CFLT,22.579999923706055,22.579999923706055,22.590099334716797,22.579999923706055,22.58300018310547,4689.0
2024-10-25 13:47:00+00:00,CGNX,38.900001525878906,38.900001525878906,38.900001525878906,38.869998931884766,38.88999938964844,1951.0
2024-10-25 13:47:00+00:00,CLBT,18.200000762939453,18.200000762939453,18.200000762939453,18.18000030517578,18.190000534057617,1658.0
2024-10-25 13:47:00+00:00,CLFD,36.400001525878906,36.400001525878906,36.400001525878906,36.400001525878906,36.400001525878906,313.0
2024-10-25 13:47:00+00:00,CLSK,11.864999771118164,11.864999771118164,11.870599746704102,11.845000267028809,11.845000267028809,45604.0
2024-10-25 13:47:00+00:00,CMTL,3.7300000190734863,3.7300000190734863,3.7300000190734863,3.7249999046325684,3.7249999046325684,1013.0
2024-10-25 13:47:00+00:00,CNDT,3.625,3.625,3.625,3.6050000190734863,3.609999895095825,9925.0
2024-10-25 13:47:00+00:00,COHR,95.42500305175781,95.42500305175781,95.42500305175781,95.42500305175781,95.42500305175781,297.0
2024-10-25 13:47:00+00:00,COHU,26.110000610351562,26.110000610351562,26.110000610351562,26.100000381469727,26.100000381469727,713.0
2024-10-25 13:47:00+00:00,COIN,210.8311004638672,210.8311004638672,211.14999389648438,210.50999450683594,210.50999450683594,8175.0
2024-10-25 13:47:00+00:00,COMM,6.260000228881836,6.260000228881836,6.260000228881836,6.240600109100342,6.240600109100342,21084.0
2024-10-25 13:47:00+00:00,CORZ,13.555000305175781,13.555000305175781,13.555999755859375,13.539999961853027,13.545000076293945,14541.0
2024-10-25 13:47:00+00:00,CRDO,39.20000076293945,39.20000076293945,39.224998474121094,39.20000076293945,39.20000076293945,1051.0
2024-10-25 13:47:00+00:00,CRSR,6.380000114440918,6.380000114440918,6.380000114440918,6.380000114440918,6.380000114440918,541.0
2024-10-25 13:47:00+00:00,CRUS,122.83999633789062,122.83999633789062,122.83999633789062,122.83999633789062,122.83999633789062,369.0
2024-10-25 13:47:00+00:00,CRWD,298.285888671875,298.285888671875,298.4798889160156,297.79998779296875,297.82000732421875,25265.0
2024-10-25 13:47:00+00:00,CSCO,55.82500076293945,55.82500076293945,55.83000183105469,55.810001373291016,55.810001373291016,6687.0
2024-10-25 13:47:00+00:00,CSGS,47.38850021362305,47.38850021362305,47.38999938964844,47.369998931884766,47.369998931884766,1375.0
2024-10-25 13:47:00+00:00,CSIQ,13.460000038146973,13.460000038146973,13.460000038146973,13.460000038146973,13.460000038146973,1307.0
2024-10-25 13:47:00+00:00,CTSH,74.7699966430664,74.7699966430664,74.77999877929688,74.75,74.75,3788.0
2024-10-25 13:47:00+00:00,CVLT,134.4600067138672,134.4600067138672,134.4600067138672,134.4600067138672,134.4600067138672,180.0
2024-10-25 13:47:00+00:00,CYBR,289.6499938964844,289.6499938964844,290.05999755859375,289.6499938964844,289.8399963378906,1919.0
2024-10-25 13:47:00+00:00,DAVE,39.220001220703125,39.220001220703125,39.220001220703125,39.119998931884766,39.119998931884766,944.0
2024-10-25 13:47:00+00:00,DBX,25.895000457763672,25.895000457763672,25.895000457763672,25.895000457763672,25.895000457763672,209.0
2024-10-25 13:47:00+00:00,DDOG,126.56500244140625,126.56500244140625,126.56999969482422,126.5,126.51000213623047,2142.0
2024-10-25 13:47:00+00:00,DOCU,69.44000244140625,69.44000244140625,69.4800033569336,69.43000030517578,69.43000030517578,2803.0
2024-10-25 13:47:00+00:00,DOMO,8.050000190734863,8.050000190734863,8.050000190734863,8.039999961853027,8.039999961853027,479.0
2024-10-25 13:47:00+00:00,DOX,89.30000305175781,89.30000305175781,89.30000305175781,89.30000305175781,89.30000305175781,330.0
2024-10-25 13:47:00+00:00,DSGX,103.77999877929688,103.77999877929688,103.77999877929688,103.76000213623047,103.76000213623047,625.0
2024-10-25 13:47:00+00:00,DUOL,288.5899963378906,288.5899963378906,288.7099914550781,288.5899963378906,288.7099914550781,2091.0
2024-10-25 13:47:00+00:00,EEFT,99.55500030517578,99.55500030517578,99.55999755859375,99.55500030517578,99.55999755859375,1355.0
2024-10-25 13:47:00+00:00,ENPH,83.125,83.125,83.1500015258789,83.0999984741211,83.12999725341797,5590.0
2024-10-25 13:47:00+00:00,ENTG,105.7490005493164,105.7490005493164,105.7490005493164,105.66500091552734,105.66500091552734,1416.0
2024-10-25 13:47:00+00:00,ERIC,8.469900131225586,8.469900131225586,8.469900131225586,8.454000473022461,8.459199905395508,104621.0
2024-10-25 13:47:00+00:00,EXFY,1.725000023841858,1.725000023841858,1.725000023841858,1.725000023841858,1.725000023841858,0.0
2024-10-25 13:47:00+00:00,EXLS,38.689998626708984,38.689998626708984,38.70000076293945,38.689998626708984,38.70000076293945,422.0
2024-10-25 13:47:00+00:00,EXTR,14.395000457763672,14.395000457763672,14.399999618530273,14.395000457763672,14.399999618530273,1133.0
2024-10-25 13:47:00+00:00,FCUV,0.2630000114440918,0.2630000114440918,0.2630000114440918,0.2630000114440918,0.2630000114440918,100.0
2024-10-25 13:47:00+00:00,FIVN,30.030000686645508,30.030000686645508,30.049999237060547,30.020000457763672,30.030000686645508,2623.0
2024-10-25 13:47:00+00:00,FLEX,35.220001220703125,35.220001220703125,35.220001220703125,35.189998626708984,35.189998626708984,2480.0
2024-10-25 13:47:00+00:00,FLYW,17.46500015258789,17.46500015258789,17.46500015258789,17.454999923706055,17.459999084472656,2521.0
2024-10-25 13:47:00+00:00,FORM,44.95000076293945,44.95000076293945,44.95000076293945,44.93000030517578,44.93000030517578,1037.0
2024-10-25 13:47:00+00:00,FROG,29.18000030517578,29.18000030517578,29.18000030517578,29.18000030517578,29.18000030517578,960.0
2024-10-25 13:47:00+00:00,FRSH,11.649999618530273,11.649999618530273,11.654999732971191,11.649999618530273,11.654999732971191,514.0
2024-10-25 13:47:00+00:00,FTCI,0.6599000096321106,0.6599000096321106,0.6599000096321106,0.6553999781608582,0.6553999781608582,1025.0
2024-10-25 13:47:00+00:00,FTNT,80.7300033569336,80.7300033569336,80.7300033569336,80.71800231933594,80.72000122070312,4497.0
2024-10-25 13:47:00+00:00,GCT,24.655000686645508,24.655000686645508,24.700000762939453,24.6299991607666,24.700000762939453,4807.0
2024-10-25 13:47:00+00:00,GDS,21.399999618530273,21.399999618530273,21.399999618530273,21.399999618530273,21.399999618530273,693.0
2024-10-25 13:47:00+00:00,GFS,40.897499084472656,40.897499084472656,40.897499084472656,40.897499084472656,40.897499084472656,321.0
2024-10-25 13:47:00+00:00,GRAB,4.09499979019165,4.09499979019165,4.09499979019165,4.09499979019165,4.09499979019165,10914.0
2024-10-25 13:47:00+00:00,GRRR,4.519999980926514,4.519999980926514,4.519999980926514,4.519999980926514,4.519999980926514,442.0
2024-10-25 13:47:00+00:00,GTLB,55.400001525878906,55.400001525878906,55.400001525878906,55.400001525878906,55.400001525878906,760.0
2024-10-25 13:47:00+00:00,HCP,33.66999816894531,33.66999816894531,33.66999816894531,33.665000915527344,33.665000915527344,934.0
2024-10-25 13:47:00+00:00,HIMX,6.175000190734863,6.175000190734863,6.175000190734863,6.175000190734863,6.175000190734863,1251.0
2024-10-25 13:47:00+00:00,HLIT,14.795000076293945,14.795000076293945,14.795000076293945,14.795000076293945,14.795000076293945,468.0
2024-10-25 13:47:00+00:00,HOLO,3.590100049972534,3.590100049972534,3.599900007247925,3.5899999141693115,3.5899999141693115,0.0
2024-10-25 13:47:00+00:00,HOOD,27.224300384521484,27.224300384521484,27.239999771118164,27.200000762939453,27.219999313354492,16000.0
2024-10-25 13:47:00+00:00,IMMR,8.720000267028809,8.720000267028809,8.720000267028809,8.720000267028809,8.720000267028809,713.0
2024-10-25 13:47:00+00:00,INDI,3.555000066757202,3.555000066757202,3.555000066757202,3.549999952316284,3.549999952316284,2345.0
2024-10-25 13:47:00+00:00,INTA,49.96500015258789,49.96500015258789,49.96500015258789,49.96500015258789,49.96500015258789,235.0
2024-10-25 13:47:00+00:00,INTC,22.905000686645508,22.905000686645508,22.909900665283203,22.885000228881836,22.88990020751953,59310.0
2024-10-25 13:47:00+00:00,INTU,609.1400146484375,609.1400146484375,609.1400146484375,609.1400146484375,609.1400146484375,299.0
2024-10-25 13:47:00+00:00,IPGP,77.05999755859375,77.05999755859375,77.05999755859375,77.05999755859375,77.05999755859375,356.0
2024-10-25 13:47:00+00:00,ITI,7.190000057220459,7.190000057220459,7.196000099182129,7.190000057220459,7.196000099182129,353.0
2024-10-25 13:47:00+00:00,KLIC,44.40999984741211,44.40999984741211,44.40999984741211,44.40999984741211,44.40999984741211,562.0
2024-10-25 13:47:00+00:00,LINK,4.960000038146973,4.960000038146973,4.960000038146973,4.960000038146973,4.960000038146973,3451.0
2024-10-25 13:47:00+00:00,LITE,64.06999969482422,64.06999969482422,64.06999969482422,64.0,64.0,1690.0
2024-10-25 13:47:00+00:00,LOGI,80.7300033569336,80.7300033569336,80.7300033569336,80.7300033569336,80.7300033569336,764.0
2024-10-25 13:47:00+00:00,LRCX,78.7699966430664,78.7699966430664,78.80000305175781,78.69999694824219,78.69999694824219,17546.0
2024-10-25 13:47:00+00:00,LSCC,54.34000015258789,54.34000015258789,54.3650016784668,54.33000183105469,54.345001220703125,1236.0
2024-10-25 13:47:00+00:00,LUNA,1.7799999713897705,1.7799999713897705,1.7799999713897705,1.7799999713897705,1.7799999713897705,486.0
2024-10-25 13:47:00+00:00,LYFT,13.739899635314941,13.739899635314941,13.739899635314941,13.727299690246582,13.727299690246582,13882.0
2024-10-25 13:47:00+00:00,MANH,274.7799987792969,274.7799987792969,274.7799987792969,274.5400085449219,274.5400085449219,1040.0
2024-10-25 13:47:00+00:00,MARK,0.10999999940395355,0.10999999940395355,0.10999999940395355,0.10999999940395355,0.10999999940395355,10809.0
2024-10-25 13:47:00+00:00,MAXN,5.599999904632568,5.599999904632568,5.599999904632568,5.598999977111816,5.599999904632568,986.0
2024-10-25 13:47:00+00:00,MCHP,76.80999755859375,76.80999755859375,76.80999755859375,76.75499725341797,76.76000213623047,3543.0
2024-10-25 13:47:00+00:00,MDB,266.8999938964844,266.8999938964844,266.8999938964844,266.6700134277344,266.7099914550781,1297.0
2024-10-25 13:47:00+00:00,MITK,8.774999618530273,8.774999618530273,8.779999732971191,8.774999618530273,8.779999732971191,454.0
2024-10-25 13:47:00+00:00,MKSI,101.37999725341797,101.37999725341797,101.37999725341797,101.30000305175781,101.30000305175781,906.0
2024-10-25 13:47:00+00:00,MPWR,916.4500122070312,916.4500122070312,916.4500122070312,916.4500122070312,916.4500122070312,946.0
2024-10-25 13:47:00+00:00,MQ,5.284999847412109,5.284999847412109,5.289999961853027,5.284999847412109,5.289999961853027,713.0
2024-10-25 13:47:00+00:00,MRVL,82.30999755859375,82.30999755859375,82.36000061035156,82.30000305175781,82.30000305175781,13305.0
2024-10-25 13:47:00+00:00,MSFT,427.7900085449219,427.7900085449219,427.7900085449219,427.42999267578125,427.4649963378906,17100.0
2024-10-25 13:47:00+00:00,MSTR,237.7949981689453,237.7949981689453,237.97000122070312,237.1999969482422,237.44000244140625,53646.0
2024-10-25 13:47:00+00:00,MTLS,5.929999828338623,5.929999828338623,5.929999828338623,5.929999828338623,5.929999828338623,274.0
2024-10-25 13:47:00+00:00,MTTR,4.602499961853027,4.602499961853027,4.610000133514404,4.599999904632568,4.602499961853027,2550.0
2024-10-25 13:47:00+00:00,MU,108.26000213623047,108.26000213623047,108.28500366210938,108.13999938964844,108.13999938964844,26254.0
2024-10-25 13:47:00+00:00,MVIS,1.090000033378601,1.090000033378601,1.090000033378601,1.090000033378601,1.090000033378601,292.0
2024-10-25 13:47:00+00:00,MXL,14.819999694824219,14.819999694824219,14.819999694824219,14.800000190734863,14.800000190734863,1509.0
2024-10-25 13:47:00+00:00,NCNO,37.630001068115234,37.630001068115234,37.630001068115234,37.630001068115234,37.630001068115234,859.0
2024-10-25 13:47:00+00:00,NNDM,2.3299999237060547,2.3299999237060547,2.3299999237060547,2.3299999237060547,2.3299999237060547,102.0
2024-10-25 13:47:00+00:00,NOVT,173.52499389648438,173.52499389648438,173.52499389648438,173.4375,173.4375,242.0
2024-10-25 13:47:00+00:00,NSIT,208.27000427246094,208.27000427246094,208.38999938964844,208.27000427246094,208.38999938964844,494.0
2024-10-25 13:47:00+00:00,NTAP,119.87999725341797,119.87999725341797,119.87999725341797,119.87000274658203,119.87000274658203,762.0
2024-10-25 13:47:00+00:00,NTNX,62.08000183105469,62.08000183105469,62.08000183105469,62.06999969482422,62.08000183105469,1404.0
2024-10-25 13:47:00+00:00,NVDA,142.10850524902344,142.10850524902344,142.14999389648438,141.9499969482422,142.01930236816406,835021.0
2024-10-25 13:47:00+00:00,NVEI,33.505001068115234,33.505001068115234,33.50749969482422,33.505001068115234,33.505001068115234,3020.0
2024-10-25 13:47:00+00:00,NVMI,184.22000122070312,184.22000122070312,184.22000122070312,184.1699981689453,184.1699981689453,709.0
2024-10-25 13:47:00+00:00,NVTS,2.565000057220459,2.565000057220459,2.565000057220459,2.559999942779541,2.559999942779541,4844.0
2024-10-25 13:47:00+00:00,NXPI,244.27999877929688,244.27999877929688,244.27999877929688,244.125,244.125,1125.0
2024-10-25 13:47:00+00:00,NXPL,1.1098999977111816,1.1098999977111816,1.1098999977111816,1.1098999977111816,1.1098999977111816,615.0
2024-10-25 13:47:00+00:00,OKTA,72.12999725341797,72.12999725341797,72.12999725341797,72.11499786376953,72.11499786376953,602.0
2024-10-25 13:47:00+00:00,ON,71.87999725341797,71.87999725341797,71.88999938964844,71.77999877929688,71.77999877929688,32371.0
2024-10-25 13:47:00+00:00,OTEX,33.25,33.25,33.25,33.25,33.25,209.0
2024-10-25 13:47:00+00:00,PANW,366.8500061035156,366.8500061035156,366.8500061035156,366.760009765625,366.760009765625,1597.0
2024-10-25 13:47:00+00:00,PAYO,8.305000305175781,8.305000305175781,8.3100004196167,8.305000305175781,8.3100004196167,1833.0
2024-10-25 13:47:00+00:00,PCTY,173.24000549316406,173.24000549316406,173.24000549316406,173.1999969482422,173.1999969482422,1041.0
2024-10-25 13:47:00+00:00,PEGA,79.51499938964844,79.51499938964844,79.54499816894531,79.43000030517578,79.51499938964844,2160.0
2024-10-25 13:47:00+00:00,PEGY,4.730000019073486,4.730000019073486,4.730000019073486,4.730000019073486,4.730000019073486,666.0
2024-10-25 13:47:00+00:00,PET,0.7910000085830688,0.7910000085830688,0.7910000085830688,0.7910000085830688,0.7910000085830688,1353.0
2024-10-25 13:47:00+00:00,PGY,11.800200462341309,11.800200462341309,11.8100004196167,11.793100357055664,11.793100357055664,21563.0
2024-10-25 13:47:00+00:00,PHUN,10.289999961853027,10.289999961853027,10.300000190734863,10.279999732971191,10.295000076293945,9804.0
2024-10-25 13:47:00+00:00,PI,202.51499938964844,202.51499938964844,202.68499755859375,202.4600067138672,202.6699981689453,1062.0
2024-10-25 13:47:00+00:00,PLAB,23.579999923706055,23.579999923706055,23.579999923706055,23.579999923706055,23.579999923706055,424.0
2024-10-25 13:47:00+00:00,POET,3.8550000190734863,3.8550000190734863,3.8550000190734863,3.8550000190734863,3.8550000190734863,212.0
2024-10-25 13:47:00+00:00,POWI,63.6150016784668,63.6150016784668,63.6150016784668,63.6150016784668,63.6150016784668,634.0
2024-10-25 13:47:00+00:00,PRGS,64.47000122070312,64.47000122070312,64.47000122070312,64.43000030517578,64.43000030517578,1324.0
2024-10-25 13:47:00+00:00,PTC,186.14500427246094,186.14500427246094,186.14500427246094,186.14500427246094,186.14500427246094,247.0
2024-10-25 13:47:00+00:00,QCOM,171.5166015625,171.5166015625,171.52999877929688,171.3300018310547,171.3300018310547,5107.0
2024-10-25 13:47:00+00:00,QLYS,120.42500305175781,120.42500305175781,120.42500305175781,120.42500305175781,120.42500305175781,212.0
2024-10-25 13:47:00+00:00,QRVO,100.125,100.125,100.13999938964844,100.08000183105469,100.0999984741211,2204.0
2024-10-25 13:47:00+00:00,QUBT,1.1050000190734863,1.1050000190734863,1.1100000143051147,1.090000033378601,1.0983999967575073,16077.0
2024-10-25 13:47:00+00:00,RCAT,2.7300000190734863,2.7300000190734863,2.7300000190734863,2.7300000190734863,2.7300000190734863,2191.0
2024-10-25 13:47:00+00:00,REKR,1.0950000286102295,1.0950000286102295,1.0954999923706055,1.0950000286102295,1.0950000286102295,3475.0
2024-10-25 13:47:00+00:00,RGTI,1.2288999557495117,1.2288999557495117,1.2288999557495117,1.2200000286102295,1.2200000286102295,65746.0
2024-10-25 13:47:00+00:00,RIOT,9.937100410461426,9.937100410461426,9.949999809265137,9.934000015258789,9.9350004196167,27548.0
2024-10-25 13:47:00+00:00,RMBS,43.290000915527344,43.290000915527344,43.290000915527344,43.22999954223633,43.2400016784668,2261.0
2024-10-25 13:47:00+00:00,RMNI,1.715000033378601,1.715000033378601,1.715000033378601,1.715000033378601,1.715000033378601,972.0
2024-10-25 13:47:00+00:00,RPAY,7.59499979019165,7.59499979019165,7.59499979019165,7.59499979019165,7.59499979019165,249.0
2024-10-25 13:47:00+00:00,RPD,38.654998779296875,38.654998779296875,38.65999984741211,38.654998779296875,38.65999984741211,314.0
2024-10-25 13:47:00+00:00,RUN,14.343999862670898,14.343999862670898,14.350000381469727,14.34000015258789,14.34000015258789,1174.0
2024-10-25 13:47:00+00:00,SANM,67.44000244140625,67.44000244140625,67.44000244140625,67.44000244140625,67.44000244140625,113.0
2024-10-25 13:47:00+00:00,SATS,25.020000457763672,25.020000457763672,25.030000686645508,25.014999389648438,25.014999389648438,1242.0
2024-10-25 13:47:00+00:00,SCSC,44.68000030517578,44.68000030517578,44.68000030517578,44.68000030517578,44.68000030517578,539.0
2024-10-25 13:47:00+00:00,SEDG,16.05500030517578,16.05500030517578,16.059099197387695,16.040000915527344,16.059099197387695,3213.0
2024-10-25 13:47:00+00:00,SHLS,5.255000114440918,5.255000114440918,5.255000114440918,5.25,5.25,1207.0
2024-10-25 13:47:00+00:00,SIMO,56.36000061035156,56.36000061035156,56.36000061035156,56.36000061035156,56.36000061035156,330.0
2024-10-25 13:47:00+00:00,SMCI,47.05500030517578,47.05500030517578,47.08000183105469,46.99879837036133,46.99879837036133,63216.0
2024-10-25 13:47:00+00:00,SMSI,0.8198999762535095,0.8198999762535095,0.8198999762535095,0.8151000142097473,0.8151000142097473,2400.0
2024-10-25 13:47:00+00:00,SMTC,45.68009948730469,45.68009948730469,45.68009948730469,45.68009948730469,45.68009948730469,3584.0
2024-10-25 13:47:00+00:00,SNPS,502.69000244140625,502.69000244140625,502.69000244140625,502.69000244140625,502.69000244140625,404.0
2024-10-25 13:47:00+00:00,SOBR,7.301000118255615,7.301000118255615,7.301000118255615,7.301000118255615,7.301000118255615,1036.0
2024-10-25 13:47:00+00:00,SONO,12.744999885559082,12.744999885559082,12.75,12.744999885559082,12.744999885559082,2118.0
2024-10-25 13:47:00+00:00,SOUN,5.184999942779541,5.184999942779541,5.190000057220459,5.175000190734863,5.179999828338623,51023.0
2024-10-25 13:47:00+00:00,SRAD,12.350000381469727,12.350000381469727,12.350000381469727,12.350000381469727,12.350000381469727,291.0
2024-10-25 13:47:00+00:00,SSNC,69.68499755859375,69.68499755859375,69.69000244140625,69.68499755859375,69.69000244140625,1636.0
2024-10-25 13:47:00+00:00,SSTI,11.350000381469727,11.350000381469727,11.350000381469727,11.350000381469727,11.350000381469727,958.0
2024-10-25 13:47:00+00:00,STER,16.7450008392334,16.7450008392334,16.7450008392334,16.739999771118164,16.739999771118164,1586.0
2024-10-25 13:47:00+00:00,STNE,11.494999885559082,11.494999885559082,11.5,11.494999885559082,11.5,17200.0
2024-10-25 13:47:00+00:00,STX,103.49700164794922,103.49700164794922,103.52999877929688,103.4800033569336,103.49500274658203,8288.0
2024-10-25 13:47:00+00:00,SVRE,0.07900000363588333,0.07900000363588333,0.07999999821186066,0.07900000363588333,0.07900000363588333,21441.0
2024-10-25 13:47:00+00:00,SWKS,96.25,96.25,96.25,96.22000122070312,96.24500274658203,2225.0
2024-10-25 13:47:00+00:00,SYNA,72.68499755859375,72.68499755859375,72.68499755859375,72.68499755859375,72.68499755859375,800.0
2024-10-25 13:47:00+00:00,TASK,12.020000457763672,12.020000457763672,12.020000457763672,12.010000228881836,12.010000228881836,679.0
2024-10-25 13:47:00+00:00,TEAM,189.50999450683594,189.50999450683594,189.50999450683594,189.36500549316406,189.36500549316406,1277.0
2024-10-25 13:47:00+00:00,TER,112.91000366210938,112.91000366210938,112.99500274658203,112.91000366210938,112.93000030517578,6124.0
2024-10-25 13:47:00+00:00,TLS,3.619999885559082,3.619999885559082,3.619999885559082,3.609999895095825,3.609999895095825,885.0
2024-10-25 13:47:00+00:00,TRMB,61.119998931884766,61.119998931884766,61.119998931884766,61.08000183105469,61.08000183105469,688.0
2024-10-25 13:47:00+00:00,TTD,118.61000061035156,118.61000061035156,118.62999725341797,118.5199966430664,118.5199966430664,4919.0
2024-10-25 13:47:00+00:00,TWKS,4.445000171661377,4.445000171661377,4.445000171661377,4.440000057220459,4.445000171661377,14095.0
2024-10-25 13:47:00+00:00,TXN,207.85000610351562,207.85000610351562,207.8800048828125,207.6199951171875,207.6199951171875,6242.0
2024-10-25 13:47:00+00:00,VECO,29.3700008392334,29.3700008392334,29.3700008392334,29.3700008392334,29.3700008392334,769.0
2024-10-25 13:47:00+00:00,VERB,10.350000381469727,10.350000381469727,10.350000381469727,10.350000381469727,10.350000381469727,5831.0
2024-10-25 13:47:00+00:00,VERX,41.619998931884766,41.619998931884766,41.630001068115234,41.61000061035156,41.61000061035156,1576.0
2024-10-25 13:47:00+00:00,VIAV,9.239999771118164,9.239999771118164,9.239999771118164,9.234999656677246,9.234999656677246,1212.0
2024-10-25 13:47:00+00:00,VICR,46.70000076293945,46.70000076293945,46.70000076293945,46.70000076293945,46.70000076293945,206.0
2024-10-25 13:47:00+00:00,VISL,6.223999977111816,6.223999977111816,6.223999977111816,6.223999977111816,6.223999977111816,310.0
2024-10-25 13:47:00+00:00,VMEO,4.75,4.75,4.75600004196167,4.75,4.75600004196167,655.0
2024-10-25 13:47:00+00:00,VNET,3.434999942779541,3.434999942779541,3.434999942779541,3.424999952316284,3.424999952316284,2495.0
2024-10-25 13:47:00+00:00,VRNS,56.650001525878906,56.650001525878906,56.68000030517578,56.650001525878906,56.66999816894531,2405.0
2024-10-25 13:47:00+00:00,VRNT,22.049999237060547,22.049999237060547,22.049999237060547,22.045000076293945,22.045000076293945,2909.0
2024-10-25 13:47:00+00:00,VSAT,10.210000038146973,10.210000038146973,10.213700294494629,10.210000038146973,10.210000038146973,3374.0
2024-10-25 13:47:00+00:00,WDAY,238.83999633789062,238.83999633789062,239.02810668945312,238.75,239.02810668945312,1177.0
2024-10-25 13:47:00+00:00,WDC,70.5999984741211,70.5999984741211,70.62999725341797,70.55999755859375,70.5999984741211,6890.0
2024-10-25 13:47:00+00:00,WISA,1.9414000511169434,1.9414000511169434,1.9414000511169434,1.93149995803833,1.93149995803833,2936.0
2024-10-25 13:47:00+00:00,XPER,9.414999961853027,9.414999961853027,9.414999961853027,9.40999984741211,9.40999984741211,787.0
2024-10-25 13:47:00+00:00,XRX,9.970000267028809,9.970000267028809,9.970000267028809,9.960000038146973,9.960000038146973,1696.0
2024-10-25 13:47:00+00:00,ZBRA,360.80499267578125,360.80499267578125,361.0199890136719,360.5899963378906,361.0199890136719,1288.0
2024-10-25 13:47:00+00:00,ZI,10.494999885559082,10.494999885559082,10.5,10.489999771118164,10.489999771118164,4793.0
2024-10-25 13:47:00+00:00,ZM,72.91999816894531,72.91999816894531,72.91999816894531,72.86000061035156,72.86000061035156,5164.0
2024-10-25 13:47:00+00:00,ZS,184.4499969482422,184.4499969482422,184.4499969482422,184.2449951171875,184.32000732421875,3955.0
2024-10-25 13:48:00+00:00,AAOI,17.780000686645508,17.780000686645508,17.780000686645508,17.74920082092285,17.74920082092285,797.0
2024-10-25 13:48:00+00:00,AAPL,231.74000549316406,231.74000549316406,231.8000030517578,231.3699951171875,231.38999938964844,104349.0
2024-10-25 13:48:00+00:00,ACIW,48.70000076293945,48.70000076293945,48.70000076293945,48.70000076293945,48.70000076293945,603.0
2024-10-25 13:48:00+00:00,ACLS,90.02999877929688,90.02999877929688,90.06379699707031,90.02999877929688,90.06379699707031,1615.0
2024-10-25 13:48:00+00:00,ADBE,484.489990234375,484.489990234375,484.5299987792969,484.04998779296875,484.04998779296875,4500.0
2024-10-25 13:48:00+00:00,ADI,232.4600067138672,232.4600067138672,232.4600067138672,232.0,232.0,3051.0
2024-10-25 13:48:00+00:00,ADSK,285.57000732421875,285.57000732421875,285.67999267578125,285.42999267578125,285.6499938964844,4134.0
2024-10-25 13:48:00+00:00,ADTN,6.349999904632568,6.349999904632568,6.349999904632568,6.349999904632568,6.349999904632568,201.0
2024-10-25 13:48:00+00:00,AEHR,17.060100555419922,17.060100555419922,17.060100555419922,17.059999465942383,17.059999465942383,1251.0
2024-10-25 13:48:00+00:00,AFRM,41.5099983215332,41.5099983215332,41.529998779296875,41.415000915527344,41.415000915527344,20021.0
2024-10-25 13:48:00+00:00,AKAM,102.41000366210938,102.41000366210938,102.41000366210938,102.37999725341797,102.38999938964844,1022.0
2024-10-25 13:48:00+00:00,AKTS,0.058800000697374344,0.058800000697374344,0.058800000697374344,0.058800000697374344,0.058800000697374344,128695.0
2024-10-25 13:48:00+00:00,ALGM,23.100000381469727,23.100000381469727,23.100000381469727,23.059999465942383,23.059999465942383,3949.0
2024-10-25 13:48:00+00:00,ALKT,38.0,38.0,38.0,37.95500183105469,37.95500183105469,712.0
2024-10-25 13:48:00+00:00,ALTR,103.82499694824219,103.82499694824219,103.82499694824219,103.82499694824219,103.82499694824219,257.0
2024-10-25 13:48:00+00:00,AMAT,188.1199951171875,188.1199951171875,188.1199951171875,187.80999755859375,187.80999755859375,7227.0
2024-10-25 13:48:00+00:00,AMD,156.85009765625,156.85009765625,156.88999938964844,156.6649932861328,156.67999267578125,54403.0
2024-10-25 13:48:00+00:00,AMKR,30.09000015258789,30.09000015258789,30.09000015258789,30.059999465942383,30.059999465942383,1117.0
2024-10-25 13:48:00+00:00,API,2.8949999809265137,2.8949999809265137,2.8949999809265137,2.8949999809265137,2.8949999809265137,341.0
2024-10-25 13:48:00+00:00,APP,160.89999389648438,160.89999389648438,160.89999389648438,160.64999389648438,160.64999389648438,1720.0
2024-10-25 13:48:00+00:00,APPN,32.209999084472656,32.209999084472656,32.209999084472656,32.08000183105469,32.08000183105469,4399.0
2024-10-25 13:48:00+00:00,APPS,3.065000057220459,3.065000057220459,3.065000057220459,3.059999942779541,3.059999942779541,3386.0
2024-10-25 13:48:00+00:00,ARRY,6.324999809265137,6.324999809265137,6.326000213623047,6.315000057220459,6.315000057220459,25282.0
2024-10-25 13:48:00+00:00,ASML,715.9500122070312,715.9500122070312,715.9500122070312,715.2000122070312,715.25,1531.0
2024-10-25 13:48:00+00:00,ASNS,1.2999999523162842,1.2999999523162842,1.2999999523162842,1.2999999523162842,1.2999999523162842,100.0
2024-10-25 13:48:00+00:00,ATOM,3.369999885559082,3.369999885559082,3.377000093460083,3.369999885559082,3.377000093460083,483.0
2024-10-25 13:48:00+00:00,AUR,6.434999942779541,6.434999942779541,6.434999942779541,6.425000190734863,6.425000190734863,3641.0
2024-10-25 13:48:00+00:00,AVDX,8.079999923706055,8.079999923706055,8.079999923706055,8.079999923706055,8.079999923706055,6183.0
2024-10-25 13:48:00+00:00,AVGO,174.4250030517578,174.4250030517578,174.44949340820312,173.94039916992188,173.9600067138672,231196.0
2024-10-25 13:48:00+00:00,AVT,54.02000045776367,54.02000045776367,54.029998779296875,53.97999954223633,53.9900016784668,1477.0
2024-10-25 13:48:00+00:00,BASE,16.31999969482422,16.31999969482422,16.31999969482422,16.30500030517578,16.30500030517578,686.0
2024-10-25 13:48:00+00:00,BELFB,79.26499938964844,79.26499938964844,79.26499938964844,79.25499725341797,79.25499725341797,1050.0
2024-10-25 13:48:00+00:00,BIGC,5.304999828338623,5.304999828338623,5.304999828338623,5.300000190734863,5.300000190734863,540.0
2024-10-25 13:48:00+00:00,BL,56.119998931884766,56.119998931884766,56.119998931884766,56.119998931884766,56.119998931884766,1019.0
2024-10-25 13:48:00+00:00,BLKB,85.71499633789062,85.71499633789062,85.71499633789062,85.71499633789062,85.71499633789062,443.0
2024-10-25 13:48:00+00:00,BMBL,7.150000095367432,7.150000095367432,7.150000095367432,7.139999866485596,7.139999866485596,2889.0
2024-10-25 13:48:00+00:00,BSY,49.16999816894531,49.16999816894531,49.16999816894531,49.13140106201172,49.13999938964844,3043.0
2024-10-25 13:48:00+00:00,CAN,0.982699990272522,0.982699990272522,0.982699990272522,0.9804999828338623,0.9804999828338623,2418.0
2024-10-25 13:48:00+00:00,CDNS,258.5350036621094,258.5350036621094,258.5899963378906,258.1099853515625,258.1199951171875,5096.0
2024-10-25 13:48:00+00:00,CDW,218.5399932861328,218.5399932861328,218.5399932861328,218.52000427246094,218.5399932861328,1205.0
2024-10-25 13:48:00+00:00,CETX,0.30469998717308044,0.30469998717308044,0.30469998717308044,0.30300000309944153,0.30300000309944153,14255.0
2024-10-25 13:48:00+00:00,CFLT,22.6299991607666,22.6299991607666,22.6299991607666,22.59000015258789,22.59000015258789,5648.0
2024-10-25 13:48:00+00:00,CGNX,38.915000915527344,38.915000915527344,38.915000915527344,38.915000915527344,38.915000915527344,1053.0
2024-10-25 13:48:00+00:00,CHKP,206.28500366210938,206.28500366210938,206.38999938964844,206.27999877929688,206.32000732421875,6865.0
2024-10-25 13:48:00+00:00,CLBT,18.209999084472656,18.209999084472656,18.209999084472656,18.200000762939453,18.200000762939453,1112.0
2024-10-25 13:48:00+00:00,CLFD,36.41999816894531,36.41999816894531,36.41999816894531,36.41999816894531,36.41999816894531,329.0
2024-10-25 13:48:00+00:00,CLSK,11.880000114440918,11.880000114440918,11.889900207519531,11.854999542236328,11.859999656677246,24211.0
2024-10-25 13:48:00+00:00,CMTL,3.7390999794006348,3.7390999794006348,3.7390999794006348,3.7390999794006348,3.7390999794006348,2185.0
2024-10-25 13:48:00+00:00,CNDT,3.625,3.625,3.625,3.625,3.625,280.0
2024-10-25 13:48:00+00:00,CNXC,44.48500061035156,44.48500061035156,44.5,44.48500061035156,44.5,1243.0
2024-10-25 13:48:00+00:00,COHR,95.58999633789062,95.58999633789062,95.58999633789062,95.4427490234375,95.4749984741211,1187.0
2024-10-25 13:48:00+00:00,COHU,26.139999389648438,26.139999389648438,26.139999389648438,26.139999389648438,26.139999389648438,778.0
2024-10-25 13:48:00+00:00,COIN,211.12620544433594,211.12620544433594,211.1999969482422,210.6472930908203,210.8300018310547,5438.0
2024-10-25 13:48:00+00:00,COMM,6.260000228881836,6.260000228881836,6.269999980926514,6.260000228881836,6.269999980926514,1879.0
2024-10-25 13:48:00+00:00,CORZ,13.550000190734863,13.550000190734863,13.555000305175781,13.520000457763672,13.555000305175781,11240.0
2024-10-25 13:48:00+00:00,CORZW,7.980000019073486,7.980000019073486,7.980000019073486,7.980000019073486,7.980000019073486,1032.0
2024-10-25 13:48:00+00:00,CRDO,39.27000045776367,39.27000045776367,39.27000045776367,39.21500015258789,39.2400016784668,4572.0
2024-10-25 13:48:00+00:00,CREX,4.300000190734863,4.300000190734863,4.300000190734863,4.300000190734863,4.300000190734863,299.0
2024-10-25 13:48:00+00:00,CRNT,2.4802000522613525,2.4802000522613525,2.4802000522613525,2.4802000522613525,2.4802000522613525,2411.0
2024-10-25 13:48:00+00:00,CRUS,122.97000122070312,122.97000122070312,122.97000122070312,122.91999816894531,122.95999908447266,1230.0
2024-10-25 13:48:00+00:00,CRWD,299.0150146484375,299.0150146484375,299.1629943847656,298.1300048828125,298.19000244140625,18569.0
2024-10-25 13:48:00+00:00,CSCO,55.838600158691406,55.838600158691406,55.849998474121094,55.82500076293945,55.82500076293945,135340.0
2024-10-25 13:48:00+00:00,CSIQ,13.489999771118164,13.489999771118164,13.489999771118164,13.489999771118164,13.489999771118164,227.0
2024-10-25 13:48:00+00:00,CTLP,8.899999618530273,8.899999618530273,8.900099754333496,8.899999618530273,8.900099754333496,612.0
2024-10-25 13:48:00+00:00,CTSH,74.8499984741211,74.8499984741211,74.8499984741211,74.76000213623047,74.76000213623047,5193.0
2024-10-25 13:48:00+00:00,CVLT,134.4600067138672,134.4600067138672,134.4600067138672,134.4600067138672,134.4600067138672,1548.0
2024-10-25 13:48:00+00:00,CYBR,290.2699890136719,290.2699890136719,290.2699890136719,290.2699890136719,290.2699890136719,509.0
2024-10-25 13:48:00+00:00,DAKT,13.029999732971191,13.029999732971191,13.029999732971191,13.029999732971191,13.029999732971191,900.0
2024-10-25 13:48:00+00:00,DATS,1.6500999927520752,1.6500999927520752,1.6679999828338623,1.649999976158142,1.6679999828338623,1633.0
2024-10-25 13:48:00+00:00,DAVE,39.22999954223633,39.22999954223633,39.22999954223633,39.22999954223633,39.22999954223633,685.0
2024-10-25 13:48:00+00:00,DBX,25.915000915527344,25.915000915527344,25.915000915527344,25.899999618530273,25.899999618530273,3650.0
2024-10-25 13:48:00+00:00,DDOG,126.83000183105469,126.83000183105469,126.83000183105469,126.51499938964844,126.51499938964844,8363.0
2024-10-25 13:48:00+00:00,DLO,8.845000267028809,8.845000267028809,8.845000267028809,8.819999694824219,8.819999694824219,2011.0
2024-10-25 13:48:00+00:00,DOCU,69.47750091552734,69.47750091552734,69.4800033569336,69.45999908447266,69.45999908447266,1389.0
2024-10-25 13:48:00+00:00,DOMO,8.050000190734863,8.050000190734863,8.050000190734863,8.050000190734863,8.050000190734863,875.0
2024-10-25 13:48:00+00:00,DOX,89.30500030517578,89.30500030517578,89.30500030517578,89.30500030517578,89.30500030517578,1477.0
2024-10-25 13:48:00+00:00,DUOL,288.57501220703125,288.57501220703125,288.57501220703125,288.57501220703125,288.57501220703125,311.0
2024-10-25 13:48:00+00:00,EMKR,2.109999895095825,2.109999895095825,2.115000009536743,2.109999895095825,2.115000009536743,3100.0
2024-10-25 13:48:00+00:00,ENPH,83.44999694824219,83.44999694824219,83.4800033569336,83.11669921875,83.11669921875,13663.0
2024-10-25 13:48:00+00:00,ENTG,105.87999725341797,105.87999725341797,105.87999725341797,105.77999877929688,105.77999877929688,2466.0
2024-10-25 13:48:00+00:00,ERIC,8.470000267028809,8.470000267028809,8.470000267028809,8.46399974822998,8.46500015258789,129839.0
2024-10-25 13:48:00+00:00,EVCM,10.5,10.5,10.5,10.5,10.5,637.0
2024-10-25 13:48:00+00:00,EXFY,1.7300000190734863,1.7300000190734863,1.7300000190734863,1.7300000190734863,1.7300000190734863,1438.0
2024-10-25 13:48:00+00:00,EXLS,38.709999084472656,38.709999084472656,38.709999084472656,38.689998626708984,38.70000076293945,1078.0
2024-10-25 13:48:00+00:00,EXTR,14.40999984741211,14.40999984741211,14.40999984741211,14.404999732971191,14.404999732971191,1021.0
2024-10-25 13:48:00+00:00,FFIV,215.97000122070312,215.97000122070312,215.97000122070312,215.97000122070312,215.97000122070312,321.0
2024-10-25 13:48:00+00:00,FIVN,30.049999237060547,30.049999237060547,30.05500030517578,30.040000915527344,30.040000915527344,2913.0
2024-10-25 13:48:00+00:00,FLEX,35.2400016784668,35.2400016784668,35.2400016784668,35.220001220703125,35.220001220703125,2541.0
2024-10-25 13:48:00+00:00,FLYW,17.46500015258789,17.46500015258789,17.46500015258789,17.454999923706055,17.459999084472656,2594.0
2024-10-25 13:48:00+00:00,FORM,44.9900016784668,44.9900016784668,44.9900016784668,44.959999084472656,44.959999084472656,1558.0
2024-10-25 13:48:00+00:00,FRGT,1.8797999620437622,1.8797999620437622,1.8797999620437622,1.8797999620437622,1.8797999620437622,774.0
2024-10-25 13:48:00+00:00,FROG,29.201499938964844,29.201499938964844,29.201499938964844,29.190000534057617,29.190000534057617,2912.0
2024-10-25 13:48:00+00:00,FRSH,11.664999961853027,11.664999961853027,11.670000076293945,11.654999732971191,11.654999732971191,2837.0
2024-10-25 13:48:00+00:00,FSLR,198.64999389648438,198.64999389648438,198.64999389648438,198.3800048828125,198.3800048828125,3362.0
2024-10-25 13:48:00+00:00,FTNT,80.76000213623047,80.76000213623047,80.7699966430664,80.75,80.75,6150.0
2024-10-25 13:48:00+00:00,GCT,24.719999313354492,24.719999313354492,24.719999313354492,24.709999084472656,24.709999084472656,1238.0
2024-10-25 13:48:00+00:00,GDS,21.389999389648438,21.389999389648438,21.389999389648438,21.389999389648438,21.389999389648438,224.0
2024-10-25 13:48:00+00:00,GDYN,15.569999694824219,15.569999694824219,15.569999694824219,15.569999694824219,15.569999694824219,190.0
2024-10-25 13:48:00+00:00,GFS,40.939998626708984,40.939998626708984,40.939998626708984,40.91999816894531,40.91999816894531,643.0
2024-10-25 13:48:00+00:00,GRAB,4.09499979019165,4.09499979019165,4.09499979019165,4.09499979019165,4.09499979019165,4946.0
2024-10-25 13:48:00+00:00,GTLB,55.45000076293945,55.45000076293945,55.45000076293945,55.45000076293945,55.45000076293945,337.0
2024-10-25 13:48:00+00:00,HCP,33.665000915527344,33.665000915527344,33.66999816894531,33.662498474121094,33.662498474121094,3157.0
2024-10-25 13:48:00+00:00,HIMX,6.179999828338623,6.179999828338623,6.179999828338623,6.175000190734863,6.179800033569336,3954.0
2024-10-25 13:48:00+00:00,HLIT,14.8100004196167,14.8100004196167,14.8100004196167,14.800000190734863,14.800000190734863,1691.0
2024-10-25 13:48:00+00:00,HOLO,3.609999895095825,3.609999895095825,3.609999895095825,3.599900007247925,3.5999999046325684,1097.0
2024-10-25 13:48:00+00:00,HOOD,27.260000228881836,27.260000228881836,27.260000228881836,27.21980094909668,27.219999313354492,9899.0
2024-10-25 13:48:00+00:00,ICHR,27.610000610351562,27.610000610351562,27.610000610351562,27.610000610351562,27.610000610351562,1371.0
2024-10-25 13:48:00+00:00,III,3.049999952316284,3.049999952316284,3.049999952316284,3.049999952316284,3.049999952316284,1062.0
2024-10-25 13:48:00+00:00,IIIV,22.8700008392334,22.8700008392334,22.8700008392334,22.8700008392334,22.8700008392334,1250.0
2024-10-25 13:48:00+00:00,IMTE,1.659999966621399,1.659999966621399,1.659999966621399,1.659999966621399,1.659999966621399,193.0
2024-10-25 13:48:00+00:00,IMXI,17.5575008392334,17.5575008392334,17.5575008392334,17.5575008392334,17.5575008392334,587.0
2024-10-25 13:48:00+00:00,INDI,3.555000066757202,3.555000066757202,3.555000066757202,3.549999952316284,3.555000066757202,64155.0
2024-10-25 13:48:00+00:00,INFN,6.775000095367432,6.775000095367432,6.775000095367432,6.769999980926514,6.769999980926514,550.0
2024-10-25 13:48:00+00:00,INOD,20.1299991607666,20.1299991607666,20.1299991607666,20.1299991607666,20.1299991607666,1057.0
2024-10-25 13:48:00+00:00,INSG,20.18000030517578,20.18000030517578,20.18000030517578,20.18000030517578,20.18000030517578,807.0
2024-10-25 13:48:00+00:00,INTA,50.0099983215332,50.0099983215332,50.0099983215332,50.0099983215332,50.0099983215332,1033.0
2024-10-25 13:48:00+00:00,INTC,22.93000030517578,22.93000030517578,22.93709945678711,22.899999618530273,22.905000686645508,113791.0
2024-10-25 13:48:00+00:00,INTU,609.7100219726562,609.7100219726562,609.7100219726562,609.4199829101562,609.469970703125,1137.0
2024-10-25 13:48:00+00:00,ITI,7.190000057220459,7.190000057220459,7.190000057220459,7.190000057220459,7.190000057220459,300.0
2024-10-25 13:48:00+00:00,ITRI,102.6500015258789,102.6500015258789,102.6500015258789,102.6500015258789,102.6500015258789,547.0
2024-10-25 13:48:00+00:00,JAMF,16.75,16.75,16.75,16.75,16.75,261.0
2024-10-25 13:48:00+00:00,JKHY,182.5800018310547,182.5800018310547,182.5800018310547,182.5800018310547,182.5800018310547,497.0
2024-10-25 13:48:00+00:00,KC,2.7049999237060547,2.7049999237060547,2.7049999237060547,2.7049999237060547,2.7049999237060547,1889.0
2024-10-25 13:48:00+00:00,KLIC,44.43000030517578,44.43000030517578,44.435001373291016,44.43000030517578,44.43000030517578,820.0
2024-10-25 13:48:00+00:00,LITE,64.1449966430664,64.1449966430664,64.1449966430664,64.08999633789062,64.11499786376953,18198.0
2024-10-25 13:48:00+00:00,LOGI,80.77999877929688,80.77999877929688,80.77999877929688,80.77999877929688,80.77999877929688,809.0
2024-10-25 13:48:00+00:00,LRCX,78.94000244140625,78.94000244140625,78.97000122070312,78.7699966430664,78.7699966430664,21384.0
2024-10-25 13:48:00+00:00,LSCC,54.4900016784668,54.4900016784668,54.4900016784668,54.380001068115234,54.380001068115234,2899.0
2024-10-25 13:48:00+00:00,LUNA,1.7799999713897705,1.7799999713897705,1.7799999713897705,1.7799999713897705,1.7799999713897705,182.0
2024-10-25 13:48:00+00:00,LYFT,13.769700050354004,13.769700050354004,13.769700050354004,13.734999656677246,13.734999656677246,23073.0
2024-10-25 13:48:00+00:00,MANH,275.1199951171875,275.1199951171875,275.1199951171875,274.6499938964844,274.6499938964844,1658.0
2024-10-25 13:48:00+00:00,MAPS,0.8450999855995178,0.8450999855995178,0.8450999855995178,0.8450999855995178,0.8450999855995178,6409.0
2024-10-25 13:48:00+00:00,MARK,0.1071000024676323,0.1071000024676323,0.10719999670982361,0.1071000024676323,0.10719999670982361,22100.0
2024-10-25 13:48:00+00:00,MAXN,5.619999885559082,5.619999885559082,5.628399848937988,5.619999885559082,5.628399848937988,414.0
2024-10-25 13:48:00+00:00,MCHP,76.91000366210938,76.91000366210938,76.91000366210938,76.80000305175781,76.80000305175781,6408.0
2024-10-25 13:48:00+00:00,MDB,267.3800048828125,267.3800048828125,267.3800048828125,266.760009765625,266.760009765625,1194.0
2024-10-25 13:48:00+00:00,MITK,8.779999732971191,8.779999732971191,8.779999732971191,8.779999732971191,8.779999732971191,288.0
2024-10-25 13:48:00+00:00,MKSI,101.41000366210938,101.41000366210938,101.41000366210938,101.41000366210938,101.41000366210938,662.0
2024-10-25 13:48:00+00:00,MNDY,300.20001220703125,300.20001220703125,300.20001220703125,300.20001220703125,300.20001220703125,1046.0
2024-10-25 13:48:00+00:00,MPWR,917.1099853515625,917.1099853515625,917.1099853515625,916.0,916.0,1270.0
2024-10-25 13:48:00+00:00,MQ,5.289999961853027,5.289999961853027,5.289999961853027,5.284999847412109,5.284999847412109,3760.0
2024-10-25 13:48:00+00:00,MRVL,82.40499877929688,82.40499877929688,82.44999694824219,82.30000305175781,82.30000305175781,9222.0
2024-10-25 13:48:00+00:00,MSFT,428.4100036621094,428.4100036621094,428.4700012207031,427.7550048828125,427.760009765625,17460.0
2024-10-25 13:48:00+00:00,MSTR,238.25,238.25,238.30999755859375,237.63400268554688,237.88999938964844,35599.0
2024-10-25 13:48:00+00:00,MTTR,4.610000133514404,4.610000133514404,4.610000133514404,4.602499961853027,4.602499961853027,3302.0
2024-10-25 13:48:00+00:00,MU,108.37999725341797,108.37999725341797,108.37999725341797,108.2301025390625,108.2699966430664,20577.0
2024-10-25 13:48:00+00:00,MVIS,1.090000033378601,1.090000033378601,1.090000033378601,1.090000033378601,1.090000033378601,200.0
2024-10-25 13:48:00+00:00,MXL,14.84000015258789,14.84000015258789,14.84000015258789,14.829999923706055,14.829999923706055,2439.0
2024-10-25 13:48:00+00:00,NCNO,37.650001525878906,37.650001525878906,37.650001525878906,37.63999938964844,37.63999938964844,609.0
2024-10-25 13:48:00+00:00,NICE,175.94000244140625,175.94000244140625,175.94000244140625,175.73500061035156,175.73500061035156,2111.0
2024-10-25 13:48:00+00:00,NNDM,2.3239998817443848,2.3239998817443848,2.3299999237060547,2.3239998817443848,2.325000047683716,4148.0
2024-10-25 13:48:00+00:00,NOVT,173.5500030517578,173.5500030517578,173.5500030517578,173.5500030517578,173.5500030517578,190.0
2024-10-25 13:48:00+00:00,NSIT,208.2050018310547,208.2050018310547,208.2050018310547,208.2050018310547,208.2050018310547,688.0
2024-10-25 13:48:00+00:00,NTCT,20.68000030517578,20.68000030517578,20.68000030517578,20.68000030517578,20.68000030517578,1442.0
2024-10-25 13:48:00+00:00,NTNX,62.09000015258789,62.09000015258789,62.09000015258789,62.09000015258789,62.09000015258789,357.0
2024-10-25 13:48:00+00:00,NVDA,142.27569580078125,142.27569580078125,142.30999755859375,142.0500030517578,142.10020446777344,628732.0
2024-10-25 13:48:00+00:00,NVEI,33.505001068115234,33.505001068115234,33.505001068115234,33.505001068115234,33.505001068115234,400.0
2024-10-25 13:48:00+00:00,NVTS,2.565000057220459,2.565000057220459,2.569999933242798,2.5601000785827637,2.569999933242798,977.0
2024-10-25 13:48:00+00:00,NXPI,244.5050048828125,244.5050048828125,244.5780029296875,244.2899932861328,244.2899932861328,5343.0
2024-10-25 13:48:00+00:00,OKTA,72.19999694824219,72.19999694824219,72.19999694824219,72.12999725341797,72.12999725341797,1033.0
2024-10-25 13:48:00+00:00,OLED,204.0500030517578,204.0500030517578,204.0500030517578,204.0500030517578,204.0500030517578,316.0
2024-10-25 13:48:00+00:00,ON,71.94999694824219,71.94999694824219,71.95999908447266,71.8499984741211,71.87999725341797,21199.0
2024-10-25 13:48:00+00:00,ONDS,0.8773000240325928,0.8773000240325928,0.8773000240325928,0.8773000240325928,0.8773000240325928,121.0
2024-10-25 13:48:00+00:00,OTEX,33.279998779296875,33.279998779296875,33.279998779296875,33.27000045776367,33.27000045776367,378.0
2024-10-25 13:48:00+00:00,PANW,366.9200134277344,366.9200134277344,366.9700012207031,366.8999938964844,366.8999938964844,1499.0
2024-10-25 13:48:00+00:00,PAYO,8.3149995803833,8.3149995803833,8.3149995803833,8.3100004196167,8.3100004196167,1142.0
2024-10-25 13:48:00+00:00,PAYS,3.740000009536743,3.740000009536743,3.740000009536743,3.740000009536743,3.740000009536743,1193.0
2024-10-25 13:48:00+00:00,PCTY,173.25999450683594,173.25999450683594,173.4199981689453,173.2449951171875,173.2449951171875,1868.0
2024-10-25 13:48:00+00:00,PGY,11.819999694824219,11.819999694824219,11.819999694824219,11.8100004196167,11.8100004196167,1199.0
2024-10-25 13:48:00+00:00,PHUN,10.380000114440918,10.380000114440918,10.40999984741211,10.28030014038086,10.28499984741211,95337.0
2024-10-25 13:48:00+00:00,PI,202.6199951171875,202.6199951171875,202.6199951171875,202.61500549316406,202.61500549316406,610.0
2024-10-25 13:48:00+00:00,PLXS,141.30999755859375,141.30999755859375,141.30999755859375,141.30999755859375,141.30999755859375,412.0
2024-10-25 13:48:00+00:00,POET,3.859999895095825,3.859999895095825,3.859999895095825,3.859999895095825,3.859999895095825,521.0
2024-10-25 13:48:00+00:00,PRCH,1.3049999475479126,1.3049999475479126,1.3099000453948975,1.3049999475479126,1.3049999475479126,8300.0
2024-10-25 13:48:00+00:00,PRGS,64.4800033569336,64.4800033569336,64.4800033569336,64.4800033569336,64.4800033569336,349.0
2024-10-25 13:48:00+00:00,PTC,186.3000030517578,186.3000030517578,186.30999755859375,186.3000030517578,186.30999755859375,780.0
2024-10-25 13:48:00+00:00,PUBM,14.739999771118164,14.739999771118164,14.739999771118164,14.739999771118164,14.739999771118164,519.0
2024-10-25 13:48:00+00:00,QCOM,171.91000366210938,171.91000366210938,171.91000366210938,171.52499389648438,171.52999877929688,6536.0
2024-10-25 13:48:00+00:00,QLYS,120.58000183105469,120.58000183105469,120.58000183105469,120.43000030517578,120.43000030517578,654.0
2024-10-25 13:48:00+00:00,QRVO,100.20500183105469,100.20500183105469,100.20500183105469,100.12999725341797,100.12999725341797,1113.0
2024-10-25 13:48:00+00:00,QUBT,1.1050000190734863,1.1050000190734863,1.1100000143051147,1.1026999950408936,1.1050000190734863,1476.0
2024-10-25 13:48:00+00:00,RCAT,2.7300000190734863,2.7300000190734863,2.7300000190734863,2.7300000190734863,2.7300000190734863,2298.0
2024-10-25 13:48:00+00:00,REKR,1.0950000286102295,1.0950000286102295,1.0950000286102295,1.093999981880188,1.093999981880188,782.0
2024-10-25 13:48:00+00:00,RELY,14.819999694824219,14.819999694824219,14.829999923706055,14.8100004196167,14.8100004196167,1994.0
2024-10-25 13:48:00+00:00,RGTI,1.225000023841858,1.225000023841858,1.2300000190734863,1.2200000286102295,1.2200000286102295,1090.0
2024-10-25 13:48:00+00:00,RIOT,9.946000099182129,9.946000099182129,9.946000099182129,9.930000305175781,9.939900398254395,74127.0
2024-10-25 13:48:00+00:00,RMBS,43.369998931884766,43.369998931884766,43.369998931884766,43.29999923706055,43.29999923706055,970.0
2024-10-25 13:48:00+00:00,RPAY,7.599999904632568,7.599999904632568,7.599999904632568,7.599999904632568,7.599999904632568,935.0
2024-10-25 13:48:00+00:00,RPD,38.67499923706055,38.67499923706055,38.67499923706055,38.67499923706055,38.67499923706055,403.0
2024-10-25 13:48:00+00:00,RUN,14.390000343322754,14.390000343322754,14.390000343322754,14.350000381469727,14.350000381469727,8586.0
2024-10-25 13:48:00+00:00,SANM,67.48999786376953,67.48999786376953,67.48999786376953,67.44999694824219,67.44999694824219,677.0
2024-10-25 13:48:00+00:00,SATS,25.024999618530273,25.024999618530273,25.024999618530273,25.020000457763672,25.020000457763672,840.0
2024-10-25 13:48:00+00:00,SCSC,44.68000030517578,44.68000030517578,44.68000030517578,44.68000030517578,44.68000030517578,676.0
2024-10-25 13:48:00+00:00,SCWX,8.375,8.375,8.375,8.375,8.375,339.0
2024-10-25 13:48:00+00:00,SEDG,16.09000015258789,16.09000015258789,16.09000015258789,16.06999969482422,16.06999969482422,5763.0
2024-10-25 13:48:00+00:00,SHLS,5.255000114440918,5.255000114440918,5.255000114440918,5.25,5.25,2743.0
2024-10-25 13:48:00+00:00,SILC,12.949999809265137,12.949999809265137,12.949999809265137,12.949999809265137,12.949999809265137,1124.0
2024-10-25 13:48:00+00:00,SIMO,56.45000076293945,56.45000076293945,56.45000076293945,56.45000076293945,56.45000076293945,462.0
2024-10-25 13:48:00+00:00,SLAB,114.51750183105469,114.51750183105469,114.51750183105469,114.51750183105469,114.51750183105469,2452.0
2024-10-25 13:48:00+00:00,SLNH,3.9983999729156494,3.9983999729156494,3.9983999729156494,3.9983999729156494,3.9983999729156494,1029.0
2024-10-25 13:48:00+00:00,SLNHP,13.100000381469727,13.100000381469727,13.100000381469727,13.0,13.0,2500.0
2024-10-25 13:48:00+00:00,SMCI,47.130001068115234,47.130001068115234,47.13999938964844,47.04499816894531,47.04999923706055,50869.0
2024-10-25 13:48:00+00:00,SMTC,45.720001220703125,45.720001220703125,45.7400016784668,45.65010070800781,45.65010070800781,4204.0
2024-10-25 13:48:00+00:00,SNPS,503.5199890136719,503.5199890136719,503.5199890136719,502.69000244140625,502.69000244140625,1620.0
2024-10-25 13:48:00+00:00,SONO,12.75,12.75,12.75,12.75,12.75,267.0
2024-10-25 13:48:00+00:00,SOUN,5.190000057220459,5.190000057220459,5.190000057220459,5.184000015258789,5.184999942779541,10439.0
2024-10-25 13:48:00+00:00,SPNS,36.540000915527344,36.540000915527344,36.540000915527344,36.540000915527344,36.540000915527344,921.0
2024-10-25 13:48:00+00:00,SPSC,174.25999450683594,174.25999450683594,174.25999450683594,174.25999450683594,174.25999450683594,419.0
2024-10-25 13:48:00+00:00,SPT,26.84000015258789,26.84000015258789,26.84000015258789,26.84000015258789,26.84000015258789,1530.0
2024-10-25 13:48:00+00:00,SRAD,12.359999656677246,12.359999656677246,12.359999656677246,12.359999656677246,12.359999656677246,881.0
2024-10-25 13:48:00+00:00,SSNC,69.73999786376953,69.73999786376953,69.73999786376953,69.69999694824219,69.69999694824219,3268.0
2024-10-25 13:48:00+00:00,STER,16.7450008392334,16.7450008392334,16.7450008392334,16.7450008392334,16.7450008392334,212.0
2024-10-25 13:48:00+00:00,STNE,11.5,11.5,11.5,11.489999771118164,11.494999885559082,12963.0
2024-10-25 13:48:00+00:00,STX,103.55999755859375,103.55999755859375,103.55999755859375,103.51499938964844,103.51499938964844,3102.0
2024-10-25 13:48:00+00:00,SVRE,0.07989999651908875,0.07989999651908875,0.07989999651908875,0.07989999651908875,0.07989999651908875,3176.0
2024-10-25 13:48:00+00:00,SWKS,96.40899658203125,96.40899658203125,96.40899658203125,96.24150085449219,96.24150085449219,6717.0
2024-10-25 13:48:00+00:00,SYTA,1.281000018119812,1.281000018119812,1.2898999452590942,1.281000018119812,1.2898999452590942,1210.0
2024-10-25 13:48:00+00:00,TASK,12.020000457763672,12.020000457763672,12.020000457763672,12.020000457763672,12.020000457763672,511.0
2024-10-25 13:48:00+00:00,TEAM,189.52000427246094,189.52000427246094,189.55999755859375,189.41000366210938,189.41000366210938,3599.0
2024-10-25 13:48:00+00:00,TENB,41.630001068115234,41.630001068115234,41.630001068115234,41.630001068115234,41.630001068115234,1002.0
2024-10-25 13:48:00+00:00,TER,113.04499816894531,113.04499816894531,113.05000305175781,112.87999725341797,112.90499877929688,8520.0
2024-10-25 13:48:00+00:00,TRMB,61.125701904296875,61.125701904296875,61.130001068115234,61.11000061035156,61.11000061035156,693.0
2024-10-25 13:48:00+00:00,TSAT,13.050000190734863,13.050000190734863,13.050000190734863,13.050000190734863,13.050000190734863,411.0
2024-10-25 13:48:00+00:00,TSEM,45.0,45.0,45.0,45.0,45.0,420.0
2024-10-25 13:48:00+00:00,TTD,118.77999877929688,118.77999877929688,118.77999877929688,118.625,118.625,2993.0
2024-10-25 13:48:00+00:00,TTMI,19.610000610351562,19.610000610351562,19.6200008392334,19.58989906311035,19.59000015258789,2275.0
2024-10-25 13:48:00+00:00,TWKS,4.445000171661377,4.445000171661377,4.449999809265137,4.445000171661377,4.449999809265137,34156.0
2024-10-25 13:48:00+00:00,TXN,208.27000427246094,208.27000427246094,208.27000427246094,207.8000030517578,207.8000030517578,6460.0
2024-10-25 13:48:00+00:00,UCTT,35.79999923706055,35.79999923706055,35.79999923706055,35.79999923706055,35.79999923706055,1338.0
2024-10-25 13:48:00+00:00,VECO,29.43000030517578,29.43000030517578,29.43000030517578,29.40999984741211,29.40999984741211,1840.0
2024-10-25 13:48:00+00:00,VICR,46.70000076293945,46.70000076293945,46.75,46.70000076293945,46.75,1317.0
2024-10-25 13:48:00+00:00,VRNT,22.049999237060547,22.049999237060547,22.059999465942383,22.049999237060547,22.059999465942383,2030.0
2024-10-25 13:48:00+00:00,VSAT,10.210000038146973,10.210000038146973,10.210000038146973,10.210000038146973,10.210000038146973,480.0
2024-10-25 13:48:00+00:00,VUZI,1.315000057220459,1.315000057220459,1.315000057220459,1.315000057220459,1.315000057220459,580.0
2024-10-25 13:48:00+00:00,WDAY,239.02000427246094,239.02000427246094,239.0399932861328,239.01499938964844,239.0399932861328,975.0
2024-10-25 13:48:00+00:00,WDC,70.63999938964844,70.63999938964844,70.68000030517578,70.60009765625,70.62999725341797,28446.0
2024-10-25 13:48:00+00:00,WISA,1.9800000190734863,1.9800000190734863,1.9800000190734863,1.9592000246047974,1.9592000246047974,1284.0
2024-10-25 13:48:00+00:00,XPER,9.420000076293945,9.420000076293945,9.420000076293945,9.420000076293945,9.420000076293945,514.0
2024-10-25 13:48:00+00:00,XRX,9.975000381469727,9.975000381469727,9.975000381469727,9.975000381469727,9.975000381469727,554.0
2024-10-25 13:48:00+00:00,ZBRA,360.95001220703125,360.95001220703125,360.95001220703125,360.7950134277344,360.7950134277344,639.0
2024-10-25 13:48:00+00:00,ZI,10.510000228881836,10.510000228881836,10.510000228881836,10.5,10.5,5957.0
2024-10-25 13:48:00+00:00,ZM,72.97000122070312,72.97000122070312,72.97000122070312,72.93000030517578,72.93000030517578,2015.0
2024-10-25 13:49:00+00:00,AAOI,17.774999618530273,17.774999618530273,17.774999618530273,17.774999618530273,17.774999618530273,137.0
2024-10-25 13:49:00+00:00,AAPL,231.8249969482422,231.8249969482422,231.84109497070312,231.67999267578125,231.7550048828125,66896.0
2024-10-25 13:49:00+00:00,ACLS,90.04000091552734,90.04000091552734,90.04000091552734,90.02999877929688,90.02999877929688,5647.0
2024-10-25 13:49:00+00:00,ACMR,19.719999313354492,19.719999313354492,19.729999542236328,19.715999603271484,19.715999603271484,967.0
2024-10-25 13:49:00+00:00,ADBE,484.3622131347656,484.3622131347656,484.7799987792969,484.32501220703125,484.5993957519531,2734.0
2024-10-25 13:49:00+00:00,ADI,232.30889892578125,232.30889892578125,232.3175048828125,232.27000427246094,232.27000427246094,2440.0
2024-10-25 13:49:00+00:00,ADSK,285.82000732421875,285.82000732421875,285.82000732421875,285.7650146484375,285.7650146484375,350.0
2024-10-25 13:49:00+00:00,ADTN,6.364999771118164,6.364999771118164,6.364999771118164,6.349999904632568,6.349999904632568,2108.0
2024-10-25 13:49:00+00:00,AEHR,17.06999969482422,17.06999969482422,17.06999969482422,17.06999969482422,17.06999969482422,1706.0
2024-10-25 13:49:00+00:00,AFRM,41.564998626708984,41.564998626708984,41.56999969482422,41.518001556396484,41.52000045776367,11909.0
2024-10-25 13:49:00+00:00,AKAM,102.41000366210938,102.41000366210938,102.41000366210938,102.41000366210938,102.41000366210938,13586.0
2024-10-25 13:49:00+00:00,AKTS,0.05869999900460243,0.05869999900460243,0.05869999900460243,0.05869999900460243,0.05869999900460243,0.0
2024-10-25 13:49:00+00:00,ALGM,23.1200008392334,23.1200008392334,23.125,23.110000610351562,23.110000610351562,2712.0
2024-10-25 13:49:00+00:00,ALRM,54.56999969482422,54.56999969482422,54.56999969482422,54.56999969482422,54.56999969482422,465.0
2024-10-25 13:49:00+00:00,ALTR,103.82499694824219,103.82499694824219,103.82499694824219,103.82499694824219,103.82499694824219,316.0
2024-10-25 13:49:00+00:00,AMAT,188.16000366210938,188.16000366210938,188.16000366210938,187.94000244140625,188.02999877929688,3387.0
2024-10-25 13:49:00+00:00,AMD,156.8300018310547,156.8300018310547,156.88600158691406,156.7368927001953,156.85000610351562,65000.0
2024-10-25 13:49:00+00:00,AMKR,30.079999923706055,30.079999923706055,30.100000381469727,30.079999923706055,30.100000381469727,2446.0
2024-10-25 13:49:00+00:00,ANY,1.0497000217437744,1.0497000217437744,1.0497000217437744,1.0497000217437744,1.0497000217437744,0.0
2024-10-25 13:49:00+00:00,API,2.8949999809265137,2.8949999809265137,2.8949999809265137,2.8949999809265137,2.8949999809265137,900.0
2024-10-25 13:49:00+00:00,APP,160.9658966064453,160.9658966064453,160.9665069580078,160.9658966064453,160.9665069580078,1914.0
2024-10-25 13:49:00+00:00,APPF,213.375,213.375,213.375,213.375,213.375,483.0
2024-10-25 13:49:00+00:00,APPN,32.22999954223633,32.22999954223633,32.22999954223633,32.21500015258789,32.21500015258789,753.0
2024-10-25 13:49:00+00:00,APPS,3.059999942779541,3.059999942779541,3.059999942779541,3.059999942779541,3.059999942779541,1190.0
2024-10-25 13:49:00+00:00,ARRY,6.34499979019165,6.34499979019165,6.349999904632568,6.324999809265137,6.329999923706055,42685.0
2024-10-25 13:49:00+00:00,ASML,715.7249755859375,715.7249755859375,715.7999877929688,715.7249755859375,715.7999877929688,1382.0
2024-10-25 13:49:00+00:00,ASNS,1.2999999523162842,1.2999999523162842,1.2999999523162842,1.2999999523162842,1.2999999523162842,40.0
2024-10-25 13:49:00+00:00,AUR,6.434999942779541,6.434999942779541,6.434999942779541,6.430099964141846,6.430099964141846,4150.0
2024-10-25 13:49:00+00:00,AVDX,8.079999923706055,8.079999923706055,8.079999923706055,8.074999809265137,8.079999923706055,21995.0
2024-10-25 13:49:00+00:00,AVGO,174.3800048828125,174.3800048828125,174.4600067138672,174.2904052734375,174.41000366210938,19421.0
2024-10-25 13:49:00+00:00,AVPT,11.970000267028809,11.970000267028809,11.970000267028809,11.960000038146973,11.960000038146973,981.0
2024-10-25 13:49:00+00:00,AVT,54.0,54.0,54.02000045776367,54.0,54.01499938964844,744.0
2024-10-25 13:49:00+00:00,AZPN,237.77999877929688,237.77999877929688,237.8000030517578,236.17250061035156,236.17250061035156,6832.0
2024-10-25 13:49:00+00:00,BAND,17.670000076293945,17.670000076293945,17.670000076293945,17.670000076293945,17.670000076293945,646.0
2024-10-25 13:49:00+00:00,BELFB,79.29499816894531,79.29499816894531,79.29499816894531,79.29499816894531,79.29499816894531,312.0
2024-10-25 13:49:00+00:00,BIGC,5.304999828338623,5.304999828338623,5.304999828338623,5.304999828338623,5.304999828338623,754.0
2024-10-25 13:49:00+00:00,BMBL,7.144999980926514,7.144999980926514,7.144999980926514,7.144999980926514,7.144999980926514,647.0
2024-10-25 13:49:00+00:00,BRZE,30.809999465942383,30.809999465942383,30.809999465942383,30.809999465942383,30.809999465942383,516.0
2024-10-25 13:49:00+00:00,BSY,49.220001220703125,49.220001220703125,49.22990036010742,49.189998626708984,49.189998626708984,502.0
2024-10-25 13:49:00+00:00,CAMP,11.024999618530273,11.024999618530273,11.024999618530273,11.024999618530273,11.024999618530273,0.0
2024-10-25 13:49:00+00:00,CAN,0.9804999828338623,0.9804999828338623,0.9843999743461609,0.9804999828338623,0.9804999828338623,145.0
2024-10-25 13:49:00+00:00,CDNS,258.43060302734375,258.43060302734375,258.6077880859375,258.42999267578125,258.42999267578125,5299.0
2024-10-25 13:49:00+00:00,CDW,218.5,218.5,218.53500366210938,218.5,218.53500366210938,1011.0
2024-10-25 13:49:00+00:00,CETX,0.3019999861717224,0.3019999861717224,0.3019999861717224,0.3019999861717224,0.3019999861717224,324.0
2024-10-25 13:49:00+00:00,CEVA,24.1200008392334,24.1200008392334,24.1200008392334,24.116199493408203,24.116199493408203,799.0
2024-10-25 13:49:00+00:00,CFLT,22.625,22.625,22.6299991607666,22.6200008392334,22.6200008392334,5063.0
2024-10-25 13:49:00+00:00,CGNX,38.95000076293945,38.95000076293945,38.95000076293945,38.939998626708984,38.939998626708984,528.0
2024-10-25 13:49:00+00:00,CLBT,18.229999542236328,18.229999542236328,18.229999542236328,18.209999084472656,18.219999313354492,2090.0
2024-10-25 13:49:00+00:00,CLSK,11.859999656677246,11.859999656677246,11.881699562072754,11.859999656677246,11.881699562072754,45112.0
2024-10-25 13:49:00+00:00,CNDT,3.620800018310547,3.620800018310547,3.625,3.6201000213623047,3.6201000213623047,10942.0
2024-10-25 13:49:00+00:00,CNXN,69.9749984741211,69.9749984741211,69.9749984741211,69.9749984741211,69.9749984741211,831.0
2024-10-25 13:49:00+00:00,COHR,95.61499786376953,95.61499786376953,95.61499786376953,95.59500122070312,95.59500122070312,1574.0
2024-10-25 13:49:00+00:00,COIN,210.98590087890625,210.98590087890625,211.15499877929688,210.7899932861328,211.06419372558594,5074.0
2024-10-25 13:49:00+00:00,COMM,6.260000228881836,6.260000228881836,6.260000228881836,6.24399995803833,6.260000228881836,20950.0
2024-10-25 13:49:00+00:00,CORZ,13.562000274658203,13.562000274658203,13.5649995803833,13.550200462341309,13.555000305175781,4875.0
2024-10-25 13:49:00+00:00,CRDO,39.310001373291016,39.310001373291016,39.310001373291016,39.29999923706055,39.310001373291016,3894.0
2024-10-25 13:49:00+00:00,CRNT,2.484999895095825,2.484999895095825,2.484999895095825,2.4807000160217285,2.484999895095825,1881.0
2024-10-25 13:49:00+00:00,CRSR,6.383999824523926,6.383999824523926,6.389999866485596,6.383999824523926,6.389999866485596,3866.0
2024-10-25 13:49:00+00:00,CRWD,298.6650085449219,298.6650085449219,299.19989013671875,298.5000915527344,299.19989013671875,13577.0
2024-10-25 13:49:00+00:00,CSCO,55.81999969482422,55.81999969482422,55.849998474121094,55.819698333740234,55.84000015258789,32110.0
2024-10-25 13:49:00+00:00,CSIQ,13.510000228881836,13.510000228881836,13.510000228881836,13.5,13.5,2087.0
2024-10-25 13:49:00+00:00,CTLP,8.895999908447266,8.895999908447266,8.895999908447266,8.895999908447266,8.895999908447266,559.0
2024-10-25 13:49:00+00:00,CTSH,74.86000061035156,74.86000061035156,74.87000274658203,74.83000183105469,74.8499984741211,2871.0
2024-10-25 13:49:00+00:00,CYBR,290.5249938964844,290.5249938964844,290.5249938964844,290.5249938964844,290.5249938964844,254.0
2024-10-25 13:49:00+00:00,DATS,1.6509000062942505,1.6509000062942505,1.6649999618530273,1.6509000062942505,1.6649999618530273,1800.0
2024-10-25 13:49:00+00:00,DAVE,39.04999923706055,39.04999923706055,39.04999923706055,39.04999923706055,39.04999923706055,200.0
2024-10-25 13:49:00+00:00,DDOG,126.8125991821289,126.8125991821289,126.8499984741211,126.73999786376953,126.83999633789062,4108.0
2024-10-25 13:49:00+00:00,DGII,30.594999313354492,30.594999313354492,30.594999313354492,30.594999313354492,30.594999313354492,874.0
2024-10-25 13:49:00+00:00,DLO,8.845000267028809,8.845000267028809,8.845000267028809,8.845000267028809,8.845000267028809,2709.0
2024-10-25 13:49:00+00:00,DOCU,69.47000122070312,69.47000122070312,69.48999786376953,69.47000122070312,69.48999786376953,1461.0
2024-10-25 13:49:00+00:00,DTSS,2.4300999641418457,2.4300999641418457,2.4300999641418457,2.4300999641418457,2.4300999641418457,1924.0
2024-10-25 13:49:00+00:00,ENPH,83.55999755859375,83.55999755859375,83.55999755859375,83.44000244140625,83.44000244140625,3888.0
2024-10-25 13:49:00+00:00,ENTG,105.88999938964844,105.88999938964844,105.98999786376953,105.80999755859375,105.87000274658203,2512.0
2024-10-25 13:49:00+00:00,ERIC,8.46500015258789,8.46500015258789,8.469900131225586,8.46500015258789,8.46500015258789,14357.0
2024-10-25 13:49:00+00:00,EXTR,14.40999984741211,14.40999984741211,14.40999984741211,14.40999984741211,14.40999984741211,1227.0
2024-10-25 13:49:00+00:00,FIVN,30.049999237060547,30.049999237060547,30.05120086669922,30.040000915527344,30.05120086669922,2181.0
2024-10-25 13:49:00+00:00,FLEX,35.25,35.25,35.28499984741211,35.25,35.25,7971.0
2024-10-25 13:49:00+00:00,FLYW,17.469999313354492,17.469999313354492,17.475000381469727,17.46500015258789,17.46500015258789,3417.0
2024-10-25 13:49:00+00:00,FROG,29.209999084472656,29.209999084472656,29.209999084472656,29.19499969482422,29.19499969482422,1750.0
2024-10-25 13:49:00+00:00,FRSH,11.65999984741211,11.65999984741211,11.664999961853027,11.65999984741211,11.664999961853027,1403.0
2024-10-25 13:49:00+00:00,FSLR,198.86500549316406,198.86500549316406,198.92999267578125,198.6219940185547,198.6219940185547,1500.0
2024-10-25 13:49:00+00:00,FTCI,0.6502000093460083,0.6502000093460083,0.6549999713897705,0.6502000093460083,0.6549999713897705,4101.0
2024-10-25 13:49:00+00:00,FTNT,80.69999694824219,80.69999694824219,80.75,80.69999694824219,80.75,2676.0
2024-10-25 13:49:00+00:00,GCT,24.74839973449707,24.74839973449707,24.75,24.739999771118164,24.739999771118164,872.0
2024-10-25 13:49:00+00:00,GDS,21.40999984741211,21.40999984741211,21.40999984741211,21.40999984741211,21.40999984741211,418.0
2024-10-25 13:49:00+00:00,GDYN,15.569999694824219,15.569999694824219,15.569999694824219,15.569999694824219,15.569999694824219,1296.0
2024-10-25 13:49:00+00:00,GFS,40.97999954223633,40.97999954223633,40.97999954223633,40.97999954223633,40.97999954223633,560.0
2024-10-25 13:49:00+00:00,GPRO,1.3250000476837158,1.3250000476837158,1.3250000476837158,1.3250000476837158,1.3250000476837158,678.0
2024-10-25 13:49:00+00:00,GRAB,4.09499979019165,4.09499979019165,4.09499979019165,4.09499979019165,4.09499979019165,1736.0
2024-10-25 13:49:00+00:00,GRRR,4.510000228881836,4.510000228881836,4.519999980926514,4.510000228881836,4.510000228881836,957.0
2024-10-25 13:49:00+00:00,GTLB,55.5099983215332,55.5099983215332,55.5099983215332,55.4900016784668,55.5,948.0
2024-10-25 13:49:00+00:00,HOLO,3.6098999977111816,3.6098999977111816,3.6098999977111816,3.6061999797821045,3.6061999797821045,3426.0
2024-10-25 13:49:00+00:00,HOOD,27.264999389648438,27.264999389648438,27.264999389648438,27.25469970703125,27.264999389648438,7678.0
2024-10-25 13:49:00+00:00,IMMR,8.720000267028809,8.720000267028809,8.720000267028809,8.720000267028809,8.720000267028809,494.0
2024-10-25 13:49:00+00:00,INDI,3.549999952316284,3.549999952316284,3.549999952316284,3.549999952316284,3.549999952316284,214.0
2024-10-25 13:49:00+00:00,INOD,20.209999084472656,20.209999084472656,20.209999084472656,20.170000076293945,20.170000076293945,1534.0
2024-10-25 13:49:00+00:00,INTC,22.920000076293945,22.920000076293945,22.929100036621094,22.90999984741211,22.92620086669922,73612.0
2024-10-25 13:49:00+00:00,INTU,609.8446044921875,609.8446044921875,610.0,609.8150024414062,609.8150024414062,905.0
2024-10-25 13:49:00+00:00,ITI,7.190000057220459,7.190000057220459,7.199999809265137,7.190000057220459,7.199999809265137,405.0
2024-10-25 13:49:00+00:00,ITRI,102.76000213623047,102.76000213623047,102.76000213623047,102.76000213623047,102.76000213623047,358.0
2024-10-25 13:49:00+00:00,JAMF,16.75,16.75,16.75,16.75,16.75,200.0
2024-10-25 13:49:00+00:00,JKHY,182.5800018310547,182.5800018310547,182.5800018310547,182.5800018310547,182.5800018310547,212.0
2024-10-25 13:49:00+00:00,KC,2.703000068664551,2.703000068664551,2.703000068664551,2.703000068664551,2.703000068664551,212.0
2024-10-25 13:49:00+00:00,KLAC,678.4500122070312,678.4500122070312,678.4500122070312,677.5399780273438,677.8800048828125,2738.0
2024-10-25 13:49:00+00:00,KLIC,44.470001220703125,44.470001220703125,44.470001220703125,44.470001220703125,44.470001220703125,290.0
2024-10-25 13:49:00+00:00,LITE,64.24250030517578,64.24250030517578,64.24250030517578,64.23999786376953,64.23999786376953,815.0
2024-10-25 13:49:00+00:00,LRCX,78.87999725341797,78.87999725341797,78.95700073242188,78.8499984741211,78.95249938964844,24662.0
2024-10-25 13:49:00+00:00,LSCC,54.47999954223633,54.47999954223633,54.47999954223633,54.47999954223633,54.47999954223633,1127.0
2024-10-25 13:49:00+00:00,LYFT,13.759900093078613,13.759900093078613,13.770000457763672,13.755000114440918,13.770000457763672,11373.0
2024-10-25 13:49:00+00:00,MARK,0.10660000145435333,0.10660000145435333,0.10660000145435333,0.10660000145435333,0.10660000145435333,100.0
2024-10-25 13:49:00+00:00,MCHP,76.93000030517578,76.93000030517578,76.93000030517578,76.87999725341797,76.9000015258789,3710.0
2024-10-25 13:49:00+00:00,MITK,8.770000457763672,8.770000457763672,8.770000457763672,8.770000457763672,8.770000457763672,771.0
2024-10-25 13:49:00+00:00,MOB,1.315000057220459,1.315000057220459,1.315000057220459,1.315000057220459,1.315000057220459,2434.0
2024-10-25 13:49:00+00:00,MQ,5.289999961853027,5.289999961853027,5.289999961853027,5.284999847412109,5.284999847412109,1666.0
2024-10-25 13:49:00+00:00,MRVL,82.39189910888672,82.39189910888672,82.41739654541016,82.36000061035156,82.41000366210938,8392.0
2024-10-25 13:49:00+00:00,MSFT,428.42999267578125,428.42999267578125,428.51959228515625,428.1653137207031,428.3999938964844,19286.0
2024-10-25 13:49:00+00:00,MSTR,237.52310180664062,237.52310180664062,238.14999389648438,237.38009643554688,238.04249572753906,18042.0
2024-10-25 13:49:00+00:00,MTTR,4.605000019073486,4.605000019073486,4.610000133514404,4.602499961853027,4.602499961853027,3665.0
2024-10-25 13:49:00+00:00,MU,108.45999908447266,108.45999908447266,108.45999908447266,108.33000183105469,108.375,34507.0
2024-10-25 13:49:00+00:00,MVIS,1.090000033378601,1.090000033378601,1.090000033378601,1.090000033378601,1.090000033378601,609.0
2024-10-25 13:49:00+00:00,MXL,14.84000015258789,14.84000015258789,14.84000015258789,14.84000015258789,14.84000015258789,518.0
2024-10-25 13:49:00+00:00,NCNO,37.64500045776367,37.64500045776367,37.64500045776367,37.630001068115234,37.630001068115234,1491.0
2024-10-25 13:49:00+00:00,NICE,175.97500610351562,175.97500610351562,175.97500610351562,175.97500610351562,175.97500610351562,163.0
2024-10-25 13:49:00+00:00,NTAP,119.9800033569336,119.9800033569336,119.9800033569336,119.93000030517578,119.93000030517578,613.0
2024-10-25 13:49:00+00:00,NTGR,20.309999465942383,20.309999465942383,20.309999465942383,20.299999237060547,20.299999237060547,985.0
2024-10-25 13:49:00+00:00,NTNX,62.119998931884766,62.119998931884766,62.119998931884766,62.119998931884766,62.119998931884766,386.0
2024-10-25 13:49:00+00:00,NVDA,142.24009704589844,142.24009704589844,142.289794921875,142.13999938964844,142.27000427246094,519797.0
2024-10-25 13:49:00+00:00,NVEI,33.505001068115234,33.505001068115234,33.505001068115234,33.505001068115234,33.505001068115234,713.0
2024-10-25 13:49:00+00:00,NXPI,244.6300048828125,244.6300048828125,244.67999267578125,244.5500030517578,244.63999938964844,2020.0
2024-10-25 13:49:00+00:00,OKTA,72.2300033569336,72.2300033569336,72.23999786376953,72.2300033569336,72.23999786376953,800.0
2024-10-25 13:49:00+00:00,ON,71.91999816894531,71.91999816894531,71.94499969482422,71.88999938964844,71.94499969482422,9312.0
2024-10-25 13:49:00+00:00,OSIS,136.2100067138672,136.2100067138672,136.2100067138672,136.2100067138672,136.2100067138672,352.0
2024-10-25 13:49:00+00:00,OSPN,14.550000190734863,14.550000190734863,14.5600004196167,14.539999961853027,14.539999961853027,8367.0
2024-10-25 13:49:00+00:00,OTEX,33.279998779296875,33.279998779296875,33.279998779296875,33.279998779296875,33.279998779296875,395.0
2024-10-25 13:49:00+00:00,PANW,367.24261474609375,367.24261474609375,367.70001220703125,367.24261474609375,367.55999755859375,2185.0
2024-10-25 13:49:00+00:00,PAYO,8.3149995803833,8.3149995803833,8.3149995803833,8.3149995803833,8.3149995803833,2088.0
2024-10-25 13:49:00+00:00,PEGY,4.710000038146973,4.710000038146973,4.710000038146973,4.710000038146973,4.710000038146973,102.0
2024-10-25 13:49:00+00:00,PGY,11.8149995803833,11.8149995803833,11.8149995803833,11.8149995803833,11.8149995803833,499.0
2024-10-25 13:49:00+00:00,PHUN,10.509099960327148,10.509099960327148,10.511799812316895,10.34000015258789,10.359999656677246,174416.0
2024-10-25 13:49:00+00:00,PI,202.89990234375,202.89990234375,202.89990234375,202.7050018310547,202.7050018310547,1662.0
2024-10-25 13:49:00+00:00,PLXS,141.3699951171875,141.3699951171875,141.3699951171875,141.30999755859375,141.30999755859375,530.0
2024-10-25 13:49:00+00:00,POET,3.875699996948242,3.875699996948242,3.875699996948242,3.875699996948242,3.875699996948242,1016.0
2024-10-25 13:49:00+00:00,POWI,63.724998474121094,63.724998474121094,63.724998474121094,63.724998474121094,63.724998474121094,624.0
2024-10-25 13:49:00+00:00,PRCH,1.309999942779541,1.309999942779541,1.309999942779541,1.309999942779541,1.309999942779541,441.0
2024-10-25 13:49:00+00:00,PRGS,64.5,64.5,64.5,64.5,64.5,652.0
2024-10-25 13:49:00+00:00,PXLW,0.7502999901771545,0.7502999901771545,0.7502999901771545,0.7501000165939331,0.7501000165939331,515.0
2024-10-25 13:49:00+00:00,QCOM,171.81500244140625,171.81500244140625,171.82000732421875,171.80499267578125,171.82000732421875,2925.0
2024-10-25 13:49:00+00:00,QRVO,100.20600128173828,100.20600128173828,100.20600128173828,100.16999816894531,100.16999816894531,617.0
2024-10-25 13:49:00+00:00,QUBT,1.100000023841858,1.100000023841858,1.1100000143051147,1.100000023841858,1.108199954032898,6803.0
2024-10-25 13:49:00+00:00,RCAT,2.734999895095825,2.734999895095825,2.734999895095825,2.7300000190734863,2.7300000190734863,2060.0
2024-10-25 13:49:00+00:00,REFR,2.180799961090088,2.180799961090088,2.180799961090088,2.180799961090088,2.180799961090088,0.0
2024-10-25 13:49:00+00:00,RELY,14.819999694824219,14.819999694824219,14.819999694824219,14.819999694824219,14.819999694824219,1810.0
2024-10-25 13:49:00+00:00,RGTI,1.2294000387191772,1.2294000387191772,1.2300000190734863,1.2294000387191772,1.2300000190734863,28026.0
2024-10-25 13:49:00+00:00,RIOT,9.9350004196167,9.9350004196167,9.9399995803833,9.921500205993652,9.9399995803833,25687.0
2024-10-25 13:49:00+00:00,RMBS,43.369998931884766,43.369998931884766,43.369998931884766,43.345001220703125,43.345001220703125,603.0
2024-10-25 13:49:00+00:00,RUM,5.800000190734863,5.800000190734863,5.809100151062012,5.789999961853027,5.798399925231934,11752.0
2024-10-25 13:49:00+00:00,RUN,14.404999732971191,14.404999732971191,14.40999984741211,14.380000114440918,14.380000114440918,13961.0
2024-10-25 13:49:00+00:00,SANM,67.5,67.5,67.5,67.5,67.5,733.0
2024-10-25 13:49:00+00:00,SATS,25.030000686645508,25.030000686645508,25.030000686645508,25.030000686645508,25.030000686645508,469.0
2024-10-25 13:49:00+00:00,SEDG,16.09000015258789,16.09000015258789,16.09000015258789,16.079999923706055,16.079999923706055,3371.0
2024-10-25 13:49:00+00:00,SHLS,5.260000228881836,5.260000228881836,5.260000228881836,5.255000114440918,5.255000114440918,4197.0
2024-10-25 13:49:00+00:00,SITM,181.75,181.75,181.75,181.75,181.75,587.0
2024-10-25 13:49:00+00:00,SKYT,10.5600004196167,10.5600004196167,10.611000061035156,10.5600004196167,10.609999656677246,14285.0
2024-10-25 13:49:00+00:00,SMCI,47.18000030517578,47.18000030517578,47.22999954223633,47.119998931884766,47.13800048828125,82043.0
2024-10-25 13:49:00+00:00,SMSI,0.8198999762535095,0.8198999762535095,0.8198999762535095,0.8098999857902527,0.8198000192642212,5200.0
2024-10-25 13:49:00+00:00,SMTC,45.72999954223633,45.72999954223633,45.73500061035156,45.69139862060547,45.69139862060547,3336.0
2024-10-25 13:49:00+00:00,SNPS,503.4649963378906,503.4649963378906,503.4649963378906,503.4148864746094,503.4649963378906,874.0
2024-10-25 13:49:00+00:00,SONO,12.755000114440918,12.755000114440918,12.755000114440918,12.755000114440918,12.755000114440918,810.0
2024-10-25 13:49:00+00:00,SOUN,5.187900066375732,5.187900066375732,5.190000057220459,5.1828999519348145,5.190000057220459,9827.0
2024-10-25 13:49:00+00:00,SPT,26.844999313354492,26.844999313354492,26.844999313354492,26.829999923706055,26.84000015258789,1065.0
2024-10-25 13:49:00+00:00,SSNC,69.72000122070312,69.72000122070312,69.74500274658203,69.69999694824219,69.74500274658203,2632.0
2024-10-25 13:49:00+00:00,SSTI,11.350000381469727,11.350000381469727,11.350000381469727,11.350000381469727,11.350000381469727,8208.0
2024-10-25 13:49:00+00:00,SSYS,7.079999923706055,7.079999923706055,7.079999923706055,7.079999923706055,7.079999923706055,896.0
2024-10-25 13:49:00+00:00,STNE,11.5,11.5,11.515000343322754,11.494999885559082,11.494999885559082,48200.0
2024-10-25 13:49:00+00:00,STX,103.5199966430664,103.5199966430664,103.55500030517578,103.51129913330078,103.55500030517578,3131.0
2024-10-25 13:49:00+00:00,SURG,1.75,1.75,1.75,1.7450000047683716,1.7450000047683716,600.0
2024-10-25 13:49:00+00:00,SVRE,0.07900000363588333,0.07900000363588333,0.07900000363588333,0.07800000160932541,0.07800000160932541,11166.0
2024-10-25 13:49:00+00:00,SWKS,96.38500213623047,96.38500213623047,96.4000015258789,96.33999633789062,96.3499984741211,1850.0
2024-10-25 13:49:00+00:00,SYTA,1.2818000316619873,1.2818000316619873,1.2818000316619873,1.2818000316619873,1.2818000316619873,750.0
2024-10-25 13:49:00+00:00,TCX,19.440000534057617,19.440000534057617,19.440000534057617,19.440000534057617,19.440000534057617,759.0
2024-10-25 13:49:00+00:00,TEAM,189.77999877929688,189.77999877929688,189.77999877929688,189.53500366210938,189.64500427246094,3995.0
2024-10-25 13:49:00+00:00,TER,113.08000183105469,113.08000183105469,113.08000183105469,113.0199966430664,113.05000305175781,4088.0
2024-10-25 13:49:00+00:00,TRMB,61.119998931884766,61.119998931884766,61.130001068115234,61.119998931884766,61.130001068115234,1238.0
2024-10-25 13:49:00+00:00,TTD,118.77100372314453,118.77100372314453,118.77100372314453,118.74500274658203,118.74500274658203,1499.0
2024-10-25 13:49:00+00:00,TTEC,5.364999771118164,5.364999771118164,5.369999885559082,5.360000133514404,5.360000133514404,7956.0
2024-10-25 13:49:00+00:00,TTMI,19.625,19.625,19.625,19.625,19.625,222.0
2024-10-25 13:49:00+00:00,TWKS,4.449999809265137,4.449999809265137,4.449999809265137,4.445000171661377,4.449999809265137,7376.0
2024-10-25 13:49:00+00:00,TXN,208.13009643554688,208.13009643554688,208.27000427246094,208.13009643554688,208.27000427246094,4682.0
2024-10-25 13:49:00+00:00,UCTT,35.779998779296875,35.779998779296875,35.779998779296875,35.779998779296875,35.779998779296875,836.0
2024-10-25 13:49:00+00:00,VERI,3.4200000762939453,3.4200000762939453,3.4200000762939453,3.4200000762939453,3.4200000762939453,121.0
2024-10-25 13:49:00+00:00,VERX,41.64500045776367,41.64500045776367,41.64500045776367,41.64500045776367,41.64500045776367,569.0
2024-10-25 13:49:00+00:00,VMEO,4.75,4.75,4.75,4.75,4.75,257.0
2024-10-25 13:49:00+00:00,VOXX,7.619999885559082,7.619999885559082,7.619999885559082,7.619999885559082,7.619999885559082,1141.0
2024-10-25 13:49:00+00:00,VRNS,56.720001220703125,56.720001220703125,56.720001220703125,56.720001220703125,56.720001220703125,324.0
2024-10-25 13:49:00+00:00,VRSN,184.1300048828125,184.1300048828125,184.1300048828125,184.1300048828125,184.1300048828125,808.0
2024-10-25 13:49:00+00:00,VSAT,10.225000381469727,10.225000381469727,10.225000381469727,10.220000267028809,10.220000267028809,1079.0
2024-10-25 13:49:00+00:00,WDAY,238.97079467773438,238.97079467773438,239.2100067138672,238.97079467773438,239.2100067138672,1023.0
2024-10-25 13:49:00+00:00,WDC,70.63999938964844,70.63999938964844,70.63999938964844,70.58509826660156,70.63999938964844,15463.0
2024-10-25 13:49:00+00:00,WISA,1.9900000095367432,1.9900000095367432,1.9900000095367432,1.975000023841858,1.975000023841858,3672.0
2024-10-25 13:49:00+00:00,XPER,9.420000076293945,9.420000076293945,9.420000076293945,9.420000076293945,9.420000076293945,624.0
2024-10-25 13:49:00+00:00,XRX,9.975000381469727,9.975000381469727,9.978500366210938,9.970000267028809,9.970000267028809,1021.0
2024-10-25 13:49:00+00:00,ZBRA,360.67669677734375,360.67669677734375,360.67669677734375,360.67669677734375,360.67669677734375,764.0
2024-10-25 13:49:00+00:00,ZI,10.520000457763672,10.520000457763672,10.520000457763672,10.520000457763672,10.520000457763672,1762.0
2024-10-25 13:49:00+00:00,ZM,72.98999786376953,72.98999786376953,72.98999786376953,72.96800231933594,72.97000122070312,2059.0
2024-10-25 13:49:00+00:00,ZS,184.94000244140625,184.94000244140625,184.94000244140625,184.93499755859375,184.93499755859375,1235.0
2024-10-25 13:50:00+00:00,AAOI,17.780000686645508,17.780000686645508,17.789100646972656,17.780000686645508,17.780000686645508,1521.0
2024-10-25 13:50:00+00:00,AAPL,231.89999389648438,231.89999389648438,231.91000366210938,231.77999877929688,231.80999755859375,47010.0
2024-10-25 13:50:00+00:00,ACIW,48.724998474121094,48.724998474121094,48.72999954223633,48.724998474121094,48.72999954223633,1206.0
2024-10-25 13:50:00+00:00,ACMR,19.75,19.75,19.75,19.749399185180664,19.749399185180664,1308.0
2024-10-25 13:50:00+00:00,ADBE,484.35430908203125,484.35430908203125,484.706298828125,484.35430908203125,484.706298828125,1668.0
2024-10-25 13:50:00+00:00,ADI,232.25999450683594,232.25999450683594,232.27000427246094,232.25999450683594,232.27000427246094,688.0
2024-10-25 13:50:00+00:00,ADSK,285.8900146484375,285.8900146484375,285.8900146484375,285.8900146484375,285.8900146484375,454.0
2024-10-25 13:50:00+00:00,AEHR,17.084999084472656,17.084999084472656,17.084999084472656,17.06999969482422,17.06999969482422,1114.0
2024-10-25 13:50:00+00:00,AFRM,41.50979995727539,41.50979995727539,41.53499984741211,41.470001220703125,41.53499984741211,16377.0
2024-10-25 13:50:00+00:00,AGMH,1.8049999475479126,1.8049999475479126,1.8049999475479126,1.8049999475479126,1.8049999475479126,788.0
2024-10-25 13:50:00+00:00,AKAM,102.42500305175781,102.42500305175781,102.43000030517578,102.42500305175781,102.43000030517578,432.0
2024-10-25 13:50:00+00:00,AKTS,0.058800000697374344,0.058800000697374344,0.058800000697374344,0.058800000697374344,0.058800000697374344,21285.0
2024-10-25 13:50:00+00:00,ALGM,23.135000228881836,23.135000228881836,23.135000228881836,23.110000610351562,23.110000610351562,3022.0
2024-10-25 13:50:00+00:00,ALTR,103.83499908447266,103.83499908447266,103.83499908447266,103.82499694824219,103.82499694824219,958.0
2024-10-25 13:50:00+00:00,AMAT,188.07000732421875,188.07000732421875,188.0800018310547,187.9600067138672,188.05499267578125,5383.0
2024-10-25 13:50:00+00:00,AMD,156.89999389648438,156.89999389648438,156.89999389648438,156.75999450683594,156.80999755859375,55168.0
2024-10-25 13:50:00+00:00,AMKR,30.110000610351562,30.110000610351562,30.110000610351562,30.09000015258789,30.09000015258789,2918.0
2024-10-25 13:50:00+00:00,ANSS,324.1400146484375,324.1400146484375,324.1400146484375,324.1300048828125,324.1300048828125,268.0
2024-10-25 13:50:00+00:00,API,2.8949999809265137,2.8949999809265137,2.8949999809265137,2.8949999809265137,2.8949999809265137,400.0
2024-10-25 13:50:00+00:00,APP,161.02000427246094,161.02000427246094,161.02000427246094,160.89500427246094,160.89500427246094,3077.0
2024-10-25 13:50:00+00:00,APPN,32.20000076293945,32.20000076293945,32.21500015258789,32.20000076293945,32.21500015258789,1338.0
2024-10-25 13:50:00+00:00,APPS,3.065000057220459,3.065000057220459,3.065000057220459,3.065000057220459,3.065000057220459,350.0
2024-10-25 13:50:00+00:00,ARRY,6.334000110626221,6.334000110626221,6.349999904632568,6.334000110626221,6.34499979019165,13292.0
2024-10-25 13:50:00+00:00,ASML,715.5800170898438,715.5800170898438,715.8900146484375,715.5800170898438,715.8900146484375,1963.0
2024-10-25 13:50:00+00:00,AUR,6.434999942779541,6.434999942779541,6.434999942779541,6.432000160217285,6.432000160217285,869.0
2024-10-25 13:50:00+00:00,AVDX,8.079999923706055,8.079999923706055,8.079999923706055,8.079999923706055,8.079999923706055,2333.0
2024-10-25 13:50:00+00:00,AVGO,174.49000549316406,174.49000549316406,174.49000549316406,174.27000427246094,174.3699951171875,18329.0
2024-10-25 13:50:00+00:00,AVT,53.959999084472656,53.959999084472656,54.0,53.959999084472656,54.0,1593.0
2024-10-25 13:50:00+00:00,AZPN,238.94500732421875,238.94500732421875,239.19000244140625,237.7899932861328,237.7899932861328,4260.0
2024-10-25 13:50:00+00:00,BIGC,5.304999828338623,5.304999828338623,5.304999828338623,5.304999828338623,5.304999828338623,865.0
2024-10-25 13:50:00+00:00,BLKB,85.73500061035156,85.73500061035156,85.73500061035156,85.73500061035156,85.73500061035156,384.0
2024-10-25 13:50:00+00:00,BLZE,7.199999809265137,7.199999809265137,7.199999809265137,7.199999809265137,7.199999809265137,943.0
2024-10-25 13:50:00+00:00,BMBL,7.144999980926514,7.144999980926514,7.144999980926514,7.144999980926514,7.144999980926514,765.0
2024-10-25 13:50:00+00:00,BRZE,30.829999923706055,30.829999923706055,30.84000015258789,30.829999923706055,30.829999923706055,1451.0
2024-10-25 13:50:00+00:00,BSY,49.215999603271484,49.215999603271484,49.220001220703125,49.209999084472656,49.209999084472656,521.0
2024-10-25 13:50:00+00:00,CDNS,258.6099853515625,258.6099853515625,258.6199035644531,258.5,258.502197265625,2931.0
2024-10-25 13:50:00+00:00,CETX,0.30160000920295715,0.30160000920295715,0.30160000920295715,0.30160000920295715,0.30160000920295715,126.0
2024-10-25 13:50:00+00:00,CFLT,22.635000228881836,22.635000228881836,22.649900436401367,22.6299991607666,22.639999389648438,5026.0
2024-10-25 13:50:00+00:00,CGNX,38.93000030517578,38.93000030517578,38.95000076293945,38.93000030517578,38.95000076293945,1132.0
2024-10-25 13:50:00+00:00,CHKP,206.28500366210938,206.28500366210938,206.28500366210938,206.28500366210938,206.28500366210938,1156.0
2024-10-25 13:50:00+00:00,CLBT,18.21500015258789,18.21500015258789,18.21500015258789,18.21500015258789,18.21500015258789,238.0
2024-10-25 13:50:00+00:00,CLSK,11.875,11.875,11.875,11.850000381469727,11.854999542236328,12337.0
2024-10-25 13:50:00+00:00,CNDT,3.609999895095825,3.609999895095825,3.619999885559082,3.609999895095825,3.619999885559082,2334.0
2024-10-25 13:50:00+00:00,COIN,211.35000610351562,211.35000610351562,211.35000610351562,210.97000122070312,210.98500061035156,21962.0
2024-10-25 13:50:00+00:00,COMM,6.25,6.25,6.255000114440918,6.244999885559082,6.25,3699.0
2024-10-25 13:50:00+00:00,CORZ,13.550000190734863,13.550000190734863,13.5600004196167,13.539999961853027,13.5600004196167,4215.0
2024-10-25 13:50:00+00:00,CRCT,6.610000133514404,6.610000133514404,6.610000133514404,6.610000133514404,6.610000133514404,673.0
2024-10-25 13:50:00+00:00,CRDO,39.2400016784668,39.2400016784668,39.27000045776367,39.22999954223633,39.27000045776367,1602.0
2024-10-25 13:50:00+00:00,CRWD,298.7749938964844,298.7749938964844,298.7950134277344,298.5118103027344,298.5982971191406,11860.0
2024-10-25 13:50:00+00:00,CSCO,55.83000183105469,55.83000183105469,55.83000183105469,55.810001373291016,55.82500076293945,20481.0
2024-10-25 13:50:00+00:00,CSIQ,13.489999771118164,13.489999771118164,13.5,13.489999771118164,13.5,3621.0
2024-10-25 13:50:00+00:00,CTLP,8.895000457763672,8.895000457763672,8.895000457763672,8.895000457763672,8.895000457763672,368.0
2024-10-25 13:50:00+00:00,CTSH,74.86000061035156,74.86000061035156,74.86000061035156,74.83000183105469,74.86000061035156,5935.0
2024-10-25 13:50:00+00:00,DATS,1.6649999618530273,1.6649999618530273,1.6649999618530273,1.6649999618530273,1.6649999618530273,600.0
2024-10-25 13:50:00+00:00,DAVE,39.04999923706055,39.04999923706055,39.04999923706055,39.04999923706055,39.04999923706055,573.0
2024-10-25 13:50:00+00:00,DBX,25.934999465942383,25.934999465942383,25.934999465942383,25.93000030517578,25.93000030517578,1283.0
2024-10-25 13:50:00+00:00,DDOG,126.86799621582031,126.86799621582031,126.91999816894531,126.81999969482422,126.8499984741211,4430.0
2024-10-25 13:50:00+00:00,DGII,30.395000457763672,30.395000457763672,30.579999923706055,30.395000457763672,30.579999923706055,6724.0
2024-10-25 13:50:00+00:00,DOCU,69.49500274658203,69.49500274658203,69.5199966430664,69.45999908447266,69.4749984741211,4456.0
2024-10-25 13:50:00+00:00,DSGX,103.7699966430664,103.7699966430664,103.7699966430664,103.7699966430664,103.7699966430664,103.0
2024-10-25 13:50:00+00:00,DTSS,2.430000066757202,2.430000066757202,2.430000066757202,2.4200000762939453,2.430000066757202,1325.0
2024-10-25 13:50:00+00:00,DUOL,288.3500061035156,288.3500061035156,288.3800048828125,288.3500061035156,288.3800048828125,706.0
2024-10-25 13:50:00+00:00,ENPH,83.49800109863281,83.49800109863281,83.6050033569336,83.47000122070312,83.52999877929688,11642.0
2024-10-25 13:50:00+00:00,ENTG,105.70999908447266,105.70999908447266,105.875,105.63999938964844,105.875,3373.0
2024-10-25 13:50:00+00:00,ERIC,8.46500015258789,8.46500015258789,8.470000267028809,8.46500015258789,8.469900131225586,28748.0
2024-10-25 13:50:00+00:00,EXLS,38.689998626708984,38.689998626708984,38.689998626708984,38.689998626708984,38.689998626708984,403.0
2024-10-25 13:50:00+00:00,FFIV,216.14999389648438,216.14999389648438,216.14999389648438,215.88999938964844,215.88999938964844,1398.0
2024-10-25 13:50:00+00:00,FIVN,30.059999465942383,30.059999465942383,30.079999923706055,30.040000915527344,30.040000915527344,2519.0
2024-10-25 13:50:00+00:00,FLEX,35.2400016784668,35.2400016784668,35.2400016784668,35.2400016784668,35.2400016784668,924.0
2024-10-25 13:50:00+00:00,FLYW,17.459999084472656,17.459999084472656,17.479999542236328,17.450000762939453,17.469999313354492,27234.0
2024-10-25 13:50:00+00:00,FSLR,198.51010131835938,198.51010131835938,198.80999755859375,198.51010131835938,198.80999755859375,2562.0
2024-10-25 13:50:00+00:00,FTCI,0.6502000093460083,0.6502000093460083,0.6502000093460083,0.6502000093460083,0.6502000093460083,200.0
2024-10-25 13:50:00+00:00,FTNT,80.77999877929688,80.77999877929688,80.77999877929688,80.73999786376953,80.73999786376953,7701.0
2024-10-25 13:50:00+00:00,GCT,24.770000457763672,24.770000457763672,24.770000457763672,24.770000457763672,24.770000457763672,395.0
2024-10-25 13:50:00+00:00,GDS,21.440000534057617,21.440000534057617,21.440000534057617,21.440000534057617,21.440000534057617,1294.0
2024-10-25 13:50:00+00:00,GILT,4.909999847412109,4.909999847412109,4.909999847412109,4.909999847412109,4.909999847412109,260.0
2024-10-25 13:50:00+00:00,GNSS,3.890000104904175,3.890000104904175,3.890000104904175,3.890000104904175,3.890000104904175,200.0
2024-10-25 13:50:00+00:00,GPRO,1.3250000476837158,1.3250000476837158,1.3250000476837158,1.3200000524520874,1.3200000524520874,1366.0
2024-10-25 13:50:00+00:00,GRAB,4.09499979019165,4.09499979019165,4.099999904632568,4.09499979019165,4.09499979019165,2980.0
2024-10-25 13:50:00+00:00,GTLB,55.470001220703125,55.470001220703125,55.526798248291016,55.470001220703125,55.52000045776367,1923.0
2024-10-25 13:50:00+00:00,HCKT,24.70680046081543,24.70680046081543,24.70680046081543,24.70680046081543,24.70680046081543,896.0
2024-10-25 13:50:00+00:00,HCP,33.66999816894531,33.66999816894531,33.66999816894531,33.662498474121094,33.662498474121094,510.0
2024-10-25 13:50:00+00:00,HOLO,3.609999895095825,3.609999895095825,3.6194000244140625,3.609999895095825,3.6194000244140625,4356.0
2024-10-25 13:50:00+00:00,HOOD,27.27630043029785,27.27630043029785,27.280000686645508,27.270000457763672,27.270000457763672,6649.0
2024-10-25 13:50:00+00:00,IMTE,1.6871999502182007,1.6871999502182007,1.6871999502182007,1.6871999502182007,1.6871999502182007,974.0
2024-10-25 13:50:00+00:00,INDI,3.549999952316284,3.549999952316284,3.555000066757202,3.549999952316284,3.555000066757202,9422.0
2024-10-25 13:50:00+00:00,INFN,6.78000020980835,6.78000020980835,6.78000020980835,6.769999980926514,6.769999980926514,1545.0
2024-10-25 13:50:00+00:00,INTC,22.924999237060547,22.924999237060547,22.93000030517578,22.90999984741211,22.920000076293945,76397.0
2024-10-25 13:50:00+00:00,INTU,610.030029296875,610.030029296875,610.030029296875,609.9450073242188,609.9450073242188,1110.0
2024-10-25 13:50:00+00:00,ITI,7.190000057220459,7.190000057220459,7.190000057220459,7.190000057220459,7.190000057220459,305.0
2024-10-25 13:50:00+00:00,JAMF,16.75,16.75,16.75,16.740299224853516,16.740299224853516,1000.0
2024-10-25 13:50:00+00:00,KC,2.694999933242798,2.694999933242798,2.7100000381469727,2.694999933242798,2.7100000381469727,22622.0
2024-10-25 13:50:00+00:00,KLIC,44.439998626708984,44.439998626708984,44.439998626708984,44.439998626708984,44.439998626708984,316.0
2024-10-25 13:50:00+00:00,KOPN,0.7703999876976013,0.7703999876976013,0.7703999876976013,0.7703999876976013,0.7703999876976013,10460.0
2024-10-25 13:50:00+00:00,LINK,4.900000095367432,4.900000095367432,4.949999809265137,4.900000095367432,4.949999809265137,3021.0
2024-10-25 13:50:00+00:00,LITE,64.19000244140625,64.19000244140625,64.2300033569336,64.19000244140625,64.2300033569336,1483.0
2024-10-25 13:50:00+00:00,LRCX,78.88999938964844,78.88999938964844,78.89990234375,78.83560180664062,78.87000274658203,14820.0
2024-10-25 13:50:00+00:00,LSCC,54.435001373291016,54.435001373291016,54.439998626708984,54.435001373291016,54.439998626708984,1292.0
2024-10-25 13:50:00+00:00,LYFT,13.755999565124512,13.755999565124512,13.755999565124512,13.755999565124512,13.755999565124512,1692.0
2024-10-25 13:50:00+00:00,LYTS,16.15999984741211,16.15999984741211,16.15999984741211,16.15999984741211,16.15999984741211,153.0
2024-10-25 13:50:00+00:00,MANH,275.1199951171875,275.1199951171875,275.2699890136719,275.0,275.2699890136719,1427.0
2024-10-25 13:50:00+00:00,MCHP,76.9000015258789,76.9000015258789,76.9000015258789,76.87999725341797,76.87999725341797,3518.0
2024-10-25 13:50:00+00:00,MDB,267.1499938964844,267.1499938964844,267.1499938964844,267.1499938964844,267.1499938964844,1084.0
2024-10-25 13:50:00+00:00,MKSI,101.58499908447266,101.58499908447266,101.58499908447266,101.58499908447266,101.58499908447266,627.0
2024-10-25 13:50:00+00:00,MKTW,0.5846999883651733,0.5846999883651733,0.5846999883651733,0.5846999883651733,0.5846999883651733,1501.0
2024-10-25 13:50:00+00:00,MPWR,916.8400268554688,916.8400268554688,916.8400268554688,915.8800048828125,915.8800048828125,1232.0
2024-10-25 13:50:00+00:00,MQ,5.295000076293945,5.295000076293945,5.300000190734863,5.289999961853027,5.289999961853027,8966.0
2024-10-25 13:50:00+00:00,MRVL,82.30000305175781,82.30000305175781,82.37000274658203,82.25499725341797,82.37000274658203,20851.0
2024-10-25 13:50:00+00:00,MSFT,428.6180114746094,428.6180114746094,428.6180114746094,428.3599853515625,428.42999267578125,15530.0
2024-10-25 13:50:00+00:00,MSTR,237.92999267578125,237.92999267578125,238.1999969482422,237.5,237.66000366210938,43005.0
2024-10-25 13:50:00+00:00,MTLS,5.909999847412109,5.909999847412109,5.929999828338623,5.889999866485596,5.929999828338623,8732.0
2024-10-25 13:50:00+00:00,MTTR,4.610000133514404,4.610000133514404,4.610000133514404,4.602499961853027,4.602499961853027,2837.0
2024-10-25 13:50:00+00:00,MU,108.43000030517578,108.43000030517578,108.45999908447266,108.37000274658203,108.45999908447266,24610.0
2024-10-25 13:50:00+00:00,MVIS,1.090000033378601,1.090000033378601,1.090000033378601,1.090000033378601,1.090000033378601,200.0
2024-10-25 13:50:00+00:00,MXL,14.850000381469727,14.850000381469727,14.850000381469727,14.84000015258789,14.84000015258789,2379.0
2024-10-25 13:50:00+00:00,NCNO,37.650001525878906,37.650001525878906,37.650001525878906,37.63999938964844,37.63999938964844,361.0
2024-10-25 13:50:00+00:00,NNDM,2.3299999237060547,2.3299999237060547,2.3299999237060547,2.3276000022888184,2.3276000022888184,425.0
2024-10-25 13:50:00+00:00,NTAP,119.96499633789062,119.96499633789062,119.96499633789062,119.96499633789062,119.96499633789062,167.0
2024-10-25 13:50:00+00:00,NTGR,20.299999237060547,20.299999237060547,20.299999237060547,20.299999237060547,20.299999237060547,1411.0
2024-10-25 13:50:00+00:00,NTNX,62.10219955444336,62.10219955444336,62.13999938964844,62.10219955444336,62.13999938964844,2054.0
2024-10-25 13:50:00+00:00,NVDA,142.19400024414062,142.19400024414062,142.25990295410156,142.0500946044922,142.24000549316406,543927.0
2024-10-25 13:50:00+00:00,NVTS,2.565000057220459,2.565000057220459,2.565000057220459,2.565000057220459,2.565000057220459,777.0
2024-10-25 13:50:00+00:00,NXPI,244.74000549316406,244.74000549316406,244.77000427246094,244.57000732421875,244.6199951171875,2816.0
2024-10-25 13:50:00+00:00,OKTA,72.24500274658203,72.24500274658203,72.27999877929688,72.20600128173828,72.20600128173828,3475.0
2024-10-25 13:50:00+00:00,ON,71.91999816894531,71.91999816894531,71.93499755859375,71.87999725341797,71.93000030517578,11746.0
2024-10-25 13:50:00+00:00,OSPN,14.550000190734863,14.550000190734863,14.550000190734863,14.545999526977539,14.545999526977539,1476.0
2024-10-25 13:50:00+00:00,OTEX,33.27000045776367,33.27000045776367,33.27000045776367,33.27000045776367,33.27000045776367,951.0
2024-10-25 13:50:00+00:00,PANW,367.3399963378906,367.3399963378906,367.56500244140625,367.3399963378906,367.3500061035156,1632.0
2024-10-25 13:50:00+00:00,PCTY,173.4199981689453,173.4199981689453,173.57000732421875,173.4199981689453,173.57000732421875,1679.0
2024-10-25 13:50:00+00:00,PGY,11.829999923706055,11.829999923706055,11.829999923706055,11.829999923706055,11.829999923706055,244.0
2024-10-25 13:50:00+00:00,PHUN,10.475000381469727,10.475000381469727,10.508500099182129,10.438599586486816,10.508500099182129,62926.0
2024-10-25 13:50:00+00:00,PLAB,23.65999984741211,23.65999984741211,23.65999984741211,23.610000610351562,23.610000610351562,1068.0
2024-10-25 13:50:00+00:00,PLXS,141.30999755859375,141.30999755859375,141.39999389648438,141.30999755859375,141.39999389648438,275.0
2024-10-25 13:50:00+00:00,POET,3.8694000244140625,3.8694000244140625,3.8694000244140625,3.8694000244140625,3.8694000244140625,122.0
2024-10-25 13:50:00+00:00,PRCH,1.3049999475479126,1.3049999475479126,1.309999942779541,1.3049999475479126,1.309999942779541,795.0
2024-10-25 13:50:00+00:00,PTC,186.44000244140625,186.44000244140625,186.44000244140625,186.44000244140625,186.44000244140625,219.0
2024-10-25 13:50:00+00:00,PYCR,14.319999694824219,14.319999694824219,14.319999694824219,14.319999694824219,14.319999694824219,2384.0
2024-10-25 13:50:00+00:00,QCOM,171.9199981689453,171.9199981689453,171.9199981689453,171.74000549316406,171.81500244140625,4993.0
2024-10-25 13:50:00+00:00,QRVO,100.20999908447266,100.20999908447266,100.20999908447266,100.20999908447266,100.20999908447266,1075.0
2024-10-25 13:50:00+00:00,QUBT,1.1083999872207642,1.1083999872207642,1.1083999872207642,1.1083999872207642,1.1083999872207642,2303.0
2024-10-25 13:50:00+00:00,QUIK,8.649999618530273,8.649999618530273,8.649999618530273,8.649999618530273,8.649999618530273,137.0
2024-10-25 13:50:00+00:00,REFR,2.190000057220459,2.190000057220459,2.190000057220459,2.180000066757202,2.180000066757202,2078.0
2024-10-25 13:50:00+00:00,RELL,14.0,14.0,14.0,14.0,14.0,2811.0
2024-10-25 13:50:00+00:00,RELY,14.819999694824219,14.819999694824219,14.819999694824219,14.819999694824219,14.819999694824219,563.0
2024-10-25 13:50:00+00:00,RGTI,1.2285000085830688,1.2285000085830688,1.2285000085830688,1.225000023841858,1.225000023841858,0.0
2024-10-25 13:50:00+00:00,RIOT,9.93970012664795,9.93970012664795,9.939900398254395,9.925000190734863,9.9350004196167,24088.0
2024-10-25 13:50:00+00:00,RMBS,43.369998931884766,43.369998931884766,43.380001068115234,43.349998474121094,43.369998931884766,939.0
2024-10-25 13:50:00+00:00,RPAY,7.605000019073486,7.605000019073486,7.605000019073486,7.605000019073486,7.605000019073486,219.0
2024-10-25 13:50:00+00:00,RPD,38.7599983215332,38.7599983215332,38.7599983215332,38.720001220703125,38.720001220703125,895.0
2024-10-25 13:50:00+00:00,RUM,5.804999828338623,5.804999828338623,5.809999942779541,5.800000190734863,5.800000190734863,2113.0
2024-10-25 13:50:00+00:00,RUN,14.414999961853027,14.414999961853027,14.414999961853027,14.399999618530273,14.399999618530273,5900.0
2024-10-25 13:50:00+00:00,SATS,25.030000686645508,25.030000686645508,25.030000686645508,25.030000686645508,25.030000686645508,255.0
2024-10-25 13:50:00+00:00,SCWX,8.375,8.375,8.375,8.375,8.375,300.0
2024-10-25 13:50:00+00:00,SEDG,16.040000915527344,16.040000915527344,16.09000015258789,16.040000915527344,16.079999923706055,15542.0
2024-10-25 13:50:00+00:00,SHLS,5.260000228881836,5.260000228881836,5.264999866485596,5.255000114440918,5.255000114440918,8409.0
2024-10-25 13:50:00+00:00,SKYT,10.58899974822998,10.58899974822998,10.58899974822998,10.58899974822998,10.58899974822998,727.0
2024-10-25 13:50:00+00:00,SLNH,4.0,4.0,4.0,4.0,4.0,608.0
2024-10-25 13:50:00+00:00,SLNHP,13.079999923706055,13.079999923706055,13.079999923706055,13.079999923706055,13.079999923706055,300.0
2024-10-25 13:50:00+00:00,SMCI,47.150001525878906,47.150001525878906,47.18600082397461,47.09000015258789,47.18600082397461,67637.0
2024-10-25 13:50:00+00:00,SMTC,45.77000045776367,45.77000045776367,45.779998779296875,45.77000045776367,45.77000045776367,1308.0
2024-10-25 13:50:00+00:00,SNPS,503.4599914550781,503.4599914550781,503.4599914550781,503.1300964355469,503.1300964355469,1256.0
2024-10-25 13:50:00+00:00,SOUN,5.190000057220459,5.190000057220459,5.190000057220459,5.180099964141846,5.184999942779541,11046.0
2024-10-25 13:50:00+00:00,SPT,26.850000381469727,26.850000381469727,26.860000610351562,26.850000381469727,26.851200103759766,1180.0
2024-10-25 13:50:00+00:00,SSNC,69.69000244140625,69.69000244140625,69.72000122070312,69.69000244140625,69.72000122070312,3980.0
2024-10-25 13:50:00+00:00,SSTI,11.289999961853027,11.289999961853027,11.350000381469727,11.289999961853027,11.350000381469727,1869.0
2024-10-25 13:50:00+00:00,STNE,11.510000228881836,11.510000228881836,11.510000228881836,11.505000114440918,11.505000114440918,3850.0
2024-10-25 13:50:00+00:00,STX,103.6050033569336,103.6050033569336,103.6050033569336,103.51249694824219,103.52999877929688,4061.0
2024-10-25 13:50:00+00:00,SWKS,96.37999725341797,96.37999725341797,96.37999725341797,96.2699966430664,96.30000305175781,3440.0
2024-10-25 13:50:00+00:00,SYTA,1.284999966621399,1.284999966621399,1.284999966621399,1.284999966621399,1.284999966621399,1000.0
2024-10-25 13:50:00+00:00,TEAM,189.52000427246094,189.52000427246094,189.79989624023438,189.52000427246094,189.6999969482422,4213.0
2024-10-25 13:50:00+00:00,TENB,41.650001525878906,41.650001525878906,41.650001525878906,41.650001525878906,41.650001525878906,449.0
2024-10-25 13:50:00+00:00,TER,113.02749633789062,113.02749633789062,113.05999755859375,113.01000213623047,113.05999755859375,7208.0
2024-10-25 13:50:00+00:00,TRMB,61.119998931884766,61.119998931884766,61.119998931884766,61.119998931884766,61.119998931884766,930.0
2024-10-25 13:50:00+00:00,TSEM,45.02000045776367,45.02000045776367,45.02000045776367,45.02000045776367,45.02000045776367,693.0
2024-10-25 13:50:00+00:00,TTD,118.87999725341797,118.87999725341797,118.87999725341797,118.81999969482422,118.81999969482422,1431.0
2024-10-25 13:50:00+00:00,TTMI,19.6200008392334,19.6200008392334,19.6299991607666,19.6200008392334,19.6299991607666,560.0
2024-10-25 13:50:00+00:00,TWKS,4.440000057220459,4.440000057220459,4.449999809265137,4.440000057220459,4.445000171661377,5706.0
2024-10-25 13:50:00+00:00,TXN,208.1699981689453,208.1699981689453,208.19000244140625,208.07000732421875,208.1300048828125,3241.0
2024-10-25 13:50:00+00:00,VIAV,9.255000114440918,9.255000114440918,9.255000114440918,9.255000114440918,9.255000114440918,666.0
2024-10-25 13:50:00+00:00,VRNS,56.72249984741211,56.72249984741211,56.72249984741211,56.720001220703125,56.720001220703125,288.0
2024-10-25 13:50:00+00:00,VSAT,10.220000267028809,10.220000267028809,10.220000267028809,10.220000267028809,10.220000267028809,1340.0
2024-10-25 13:50:00+00:00,VUZI,1.315000057220459,1.315000057220459,1.315000057220459,1.315000057220459,1.315000057220459,330.0
2024-10-25 13:50:00+00:00,WDAY,239.3000030517578,239.3000030517578,239.3000030517578,239.25,239.25,1004.0
2024-10-25 13:50:00+00:00,WDC,70.56999969482422,70.56999969482422,70.61499786376953,70.52300262451172,70.61000061035156,9452.0
2024-10-25 13:50:00+00:00,WISA,1.9800000190734863,1.9800000190734863,1.9800000190734863,1.9800000190734863,1.9800000190734863,200.0
2024-10-25 13:50:00+00:00,WRAP,1.7999999523162842,1.7999999523162842,1.7999999523162842,1.7999999523162842,1.7999999523162842,168.0
2024-10-25 13:50:00+00:00,XRX,9.979999542236328,9.979999542236328,9.979999542236328,9.970000267028809,9.970000267028809,6344.0
2024-10-25 13:50:00+00:00,ZM,73.04000091552734,73.04000091552734,73.04000091552734,73.01000213623047,73.0199966430664,2193.0
2024-10-25 13:51:00+00:00,AAOI,17.78849983215332,17.78849983215332,17.789400100708008,17.78849983215332,17.789400100708008,1999.0
2024-10-25 13:51:00+00:00,AAPL,231.9499969482422,231.9499969482422,231.9600067138672,231.8634033203125,231.88499450683594,46157.0
2024-10-25 13:51:00+00:00,ADBE,484.8299865722656,484.8299865722656,484.8299865722656,484.7500915527344,484.7500915527344,877.0
2024-10-25 13:51:00+00:00,ADI,232.4199981689453,232.4199981689453,232.5399932861328,232.4199981689453,232.47000122070312,3257.0
2024-10-25 13:51:00+00:00,ADSK,285.9601135253906,285.9601135253906,286.1000061035156,285.94000244140625,286.0,2610.0
2024-10-25 13:51:00+00:00,ADTN,6.364999771118164,6.364999771118164,6.364999771118164,6.364999771118164,6.364999771118164,586.0
2024-10-25 13:51:00+00:00,AEHR,17.076000213623047,17.076000213623047,17.08060073852539,17.076000213623047,17.08060073852539,740.0
2024-10-25 13:51:00+00:00,AFRM,41.54999923706055,41.54999923706055,41.54999923706055,41.494998931884766,41.5,5348.0
2024-10-25 13:51:00+00:00,AKAM,102.4000015258789,102.4000015258789,102.4000015258789,102.4000015258789,102.4000015258789,888.0
2024-10-25 13:51:00+00:00,AKTS,0.05889999866485596,0.05889999866485596,0.05889999866485596,0.05889999866485596,0.05889999866485596,130300.0
2024-10-25 13:51:00+00:00,ALGM,23.18000030517578,23.18000030517578,23.18000030517578,23.139999389648438,23.139999389648438,4216.0
2024-10-25 13:51:00+00:00,ALTR,103.80000305175781,103.80000305175781,103.85250091552734,103.6500015258789,103.83499908447266,8132.0
2024-10-25 13:51:00+00:00,AMAT,188.09500122070312,188.09500122070312,188.1300048828125,188.09500122070312,188.1300048828125,1027.0
2024-10-25 13:51:00+00:00,AMD,156.94000244140625,156.94000244140625,156.9499969482422,156.85009765625,156.8699951171875,39902.0
2024-10-25 13:51:00+00:00,AMKR,30.1200008392334,30.1200008392334,30.1200008392334,30.1200008392334,30.1200008392334,845.0
2024-10-25 13:51:00+00:00,AMPL,9.149999618530273,9.149999618530273,9.154999732971191,9.149999618530273,9.149999618530273,1699.0
2024-10-25 13:51:00+00:00,ANSS,324.4100036621094,324.4100036621094,324.4100036621094,324.4100036621094,324.4100036621094,969.0
2024-10-25 13:51:00+00:00,ANY,1.0499999523162842,1.0499999523162842,1.0499999523162842,1.0499999523162842,1.0499999523162842,3100.0
2024-10-25 13:51:00+00:00,API,2.8949999809265137,2.8949999809265137,2.8949999809265137,2.8949999809265137,2.8949999809265137,2402.0
2024-10-25 13:51:00+00:00,APP,161.13999938964844,161.13999938964844,161.13999938964844,161.10000610351562,161.10000610351562,2751.0
2024-10-25 13:51:00+00:00,APPF,213.375,213.375,213.375,213.375,213.375,462.0
2024-10-25 13:51:00+00:00,APPS,3.069999933242798,3.069999933242798,3.069999933242798,3.065000057220459,3.065000057220459,3659.0
2024-10-25 13:51:00+00:00,ARRY,6.335000038146973,6.335000038146973,6.335000038146973,6.335000038146973,6.335000038146973,1824.0
2024-10-25 13:51:00+00:00,ASML,716.6500244140625,716.6500244140625,716.6500244140625,716.6298828125,716.6298828125,2169.0
2024-10-25 13:51:00+00:00,ASTI,2.6500000953674316,2.6500000953674316,2.6500000953674316,2.6500000953674316,2.6500000953674316,750.0
2024-10-25 13:51:00+00:00,AUR,6.434999942779541,6.434999942779541,6.440000057220459,6.434999942779541,6.440000057220459,2178.0
2024-10-25 13:51:00+00:00,AVDX,8.079999923706055,8.079999923706055,8.079999923706055,8.079999923706055,8.079999923706055,15838.0
2024-10-25 13:51:00+00:00,AVGO,174.57000732421875,174.57000732421875,174.60989379882812,174.44960021972656,174.44960021972656,16296.0
2024-10-25 13:51:00+00:00,AVT,53.970001220703125,53.970001220703125,54.02000045776367,53.970001220703125,53.974998474121094,598.0
2024-10-25 13:51:00+00:00,BIGC,5.304999828338623,5.304999828338623,5.304999828338623,5.304999828338623,5.304999828338623,1101.0
2024-10-25 13:51:00+00:00,BLZE,7.204999923706055,7.204999923706055,7.204999923706055,7.204999923706055,7.204999923706055,170.0
2024-10-25 13:51:00+00:00,BSY,49.209999084472656,49.209999084472656,49.24829864501953,49.20000076293945,49.24829864501953,4593.0
2024-10-25 13:51:00+00:00,CAN,0.9805999994277954,0.9805999994277954,0.984000027179718,0.9805999994277954,0.984000027179718,4749.0
2024-10-25 13:51:00+00:00,CCSI,20.350000381469727,20.350000381469727,20.350000381469727,20.350000381469727,20.350000381469727,347.0
2024-10-25 13:51:00+00:00,CDNS,258.7650146484375,258.7650146484375,258.8299865722656,258.7650146484375,258.8299865722656,1545.0
2024-10-25 13:51:00+00:00,CDW,218.50999450683594,218.50999450683594,218.50999450683594,218.4499969482422,218.50999450683594,976.0
2024-10-25 13:51:00+00:00,CETX,0.3041999936103821,0.3041999936103821,0.3041999936103821,0.30410000681877136,0.30410000681877136,1697.0
2024-10-25 13:51:00+00:00,CFLT,22.610000610351562,22.610000610351562,22.6299991607666,22.610000610351562,22.6299991607666,2074.0
2024-10-25 13:51:00+00:00,CGNX,38.939998626708984,38.939998626708984,38.95000076293945,38.93000030517578,38.95000076293945,865.0
2024-10-25 13:51:00+00:00,CLSK,11.8725004196167,11.8725004196167,11.890000343322754,11.869999885559082,11.869999885559082,44477.0
2024-10-25 13:51:00+00:00,CNDT,3.615000009536743,3.615000009536743,3.615000009536743,3.615000009536743,3.615000009536743,734.0
2024-10-25 13:51:00+00:00,CNXC,44.529998779296875,44.529998779296875,44.529998779296875,44.5099983215332,44.5099983215332,1222.0
2024-10-25 13:51:00+00:00,COHR,95.62999725341797,95.62999725341797,95.62999725341797,95.62999725341797,95.62999725341797,399.0
2024-10-25 13:51:00+00:00,COIN,211.34559631347656,211.34559631347656,211.36000061035156,211.1699981689453,211.17999267578125,10554.0
2024-10-25 13:51:00+00:00,COMM,6.255000114440918,6.255000114440918,6.260000228881836,6.255000114440918,6.255000114440918,1073.0
2024-10-25 13:51:00+00:00,CORZ,13.53499984741211,13.53499984741211,13.550200462341309,13.529999732971191,13.550200462341309,3551.0
2024-10-25 13:51:00+00:00,CORZW,7.989999771118164,7.989999771118164,7.989999771118164,7.989999771118164,7.989999771118164,1596.0
2024-10-25 13:51:00+00:00,CRCT,6.630000114440918,6.630000114440918,6.630000114440918,6.610000133514404,6.610000133514404,1114.0
2024-10-25 13:51:00+00:00,CRDO,39.2400016784668,39.2400016784668,39.2599983215332,39.2400016784668,39.2599983215332,560.0
2024-10-25 13:51:00+00:00,CRSR,6.380000114440918,6.380000114440918,6.380000114440918,6.380000114440918,6.380000114440918,334.0
2024-10-25 13:51:00+00:00,CRWD,299.1000061035156,299.1000061035156,299.1000061035156,298.7749938964844,298.7921142578125,8810.0
2024-10-25 13:51:00+00:00,CSCO,55.84000015258789,55.84000015258789,55.845001220703125,55.82500076293945,55.83000183105469,13395.0
2024-10-25 13:51:00+00:00,CSIQ,13.4350004196167,13.4350004196167,13.479999542236328,13.420000076293945,13.479999542236328,6866.0
2024-10-25 13:51:00+00:00,CTLP,8.895000457763672,8.895000457763672,8.895000457763672,8.895000457763672,8.895000457763672,410.0
2024-10-25 13:51:00+00:00,CTSH,74.9000015258789,74.9000015258789,74.91000366210938,74.87999725341797,74.87999725341797,2551.0
2024-10-25 13:51:00+00:00,CYN,3.5799999237060547,3.5799999237060547,3.5799999237060547,3.5799999237060547,3.5799999237060547,371.0
2024-10-25 13:51:00+00:00,DATS,1.670300006866455,1.670300006866455,1.670300006866455,1.6649999618530273,1.6649999618530273,1050.0
2024-10-25 13:51:00+00:00,DBX,25.93000030517578,25.93000030517578,25.934999465942383,25.93000030517578,25.934999465942383,1419.0
2024-10-25 13:51:00+00:00,DDOG,127.01499938964844,127.01499938964844,127.0199966430664,126.94000244140625,126.94999694824219,4273.0
2024-10-25 13:51:00+00:00,DOCU,69.49849700927734,69.49849700927734,69.52999877929688,69.49849700927734,69.5199966430664,1317.0
2024-10-25 13:51:00+00:00,DSGX,103.75499725341797,103.75499725341797,103.75499725341797,103.75499725341797,103.75499725341797,287.0
2024-10-25 13:51:00+00:00,ENPH,83.57820129394531,83.57820129394531,83.57820129394531,83.50499725341797,83.50499725341797,4152.0
2024-10-25 13:51:00+00:00,ENTG,105.80999755859375,105.80999755859375,105.80999755859375,105.7699966430664,105.7699966430664,1460.0
2024-10-25 13:51:00+00:00,ERIC,8.46500015258789,8.46500015258789,8.470000267028809,8.46399974822998,8.470000267028809,117650.0
2024-10-25 13:51:00+00:00,EXFY,1.725000023841858,1.725000023841858,1.725000023841858,1.725000023841858,1.725000023841858,325.0
2024-10-25 13:51:00+00:00,EXLS,38.71500015258789,38.71500015258789,38.71500015258789,38.709999084472656,38.709999084472656,566.0
2024-10-25 13:51:00+00:00,EXTR,14.420000076293945,14.420000076293945,14.420000076293945,14.414999961853027,14.414999961853027,330.0
2024-10-25 13:51:00+00:00,FARO,18.1299991607666,18.1299991607666,18.1299991607666,18.1299991607666,18.1299991607666,202.0
2024-10-25 13:51:00+00:00,FFIV,216.19500732421875,216.19500732421875,216.19500732421875,216.01499938964844,216.01499938964844,1254.0
2024-10-25 13:51:00+00:00,FIVN,30.065000534057617,30.065000534057617,30.065000534057617,30.049999237060547,30.049999237060547,623.0
2024-10-25 13:51:00+00:00,FLEX,35.2400016784668,35.2400016784668,35.244998931884766,35.2400016784668,35.2400016784668,3238.0
2024-10-25 13:51:00+00:00,FLYW,17.350000381469727,17.350000381469727,17.424999237060547,17.350000381469727,17.424999237060547,17139.0
2024-10-25 13:51:00+00:00,FROG,29.238000869750977,29.238000869750977,29.238000869750977,29.219999313354492,29.219999313354492,1359.0
2024-10-25 13:51:00+00:00,FTCI,0.6502000093460083,0.6502000093460083,0.6502000093460083,0.6502000093460083,0.6502000093460083,21277.0
2024-10-25 13:51:00+00:00,FTNT,80.71499633789062,80.71499633789062,80.77999877929688,80.71499633789062,80.7699966430664,4090.0
2024-10-25 13:51:00+00:00,GCT,24.795000076293945,24.795000076293945,24.81999969482422,24.780000686645508,24.790000915527344,11254.0
2024-10-25 13:51:00+00:00,GFS,41.00590133666992,41.00590133666992,41.00590133666992,40.97999954223633,40.97999954223633,1689.0
2024-10-25 13:51:00+00:00,GNSS,3.890000104904175,3.890000104904175,3.890000104904175,3.890000104904175,3.890000104904175,212.0
2024-10-25 13:51:00+00:00,GPRO,1.3250000476837158,1.3250000476837158,1.3250000476837158,1.3250000476837158,1.3250000476837158,300.0
2024-10-25 13:51:00+00:00,GRAB,4.09499979019165,4.09499979019165,4.099999904632568,4.094099998474121,4.09499979019165,2979.0
2024-10-25 13:51:00+00:00,HCP,33.66999816894531,33.66999816894531,33.66999816894531,33.66999816894531,33.66999816894531,662.0
2024-10-25 13:51:00+00:00,HOOD,27.27400016784668,27.27400016784668,27.280000686645508,27.270299911499023,27.280000686645508,4152.0
2024-10-25 13:51:00+00:00,IBEX,18.040000915527344,18.040000915527344,18.040000915527344,18.040000915527344,18.040000915527344,483.0
2024-10-25 13:51:00+00:00,IMMR,8.75,8.75,8.760000228881836,8.729999542236328,8.729999542236328,13117.0
2024-10-25 13:51:00+00:00,INDI,3.549999952316284,3.549999952316284,3.559999942779541,3.549999952316284,3.549999952316284,2786.0
2024-10-25 13:51:00+00:00,INTA,50.025001525878906,50.025001525878906,50.025001525878906,50.025001525878906,50.025001525878906,112.0
2024-10-25 13:51:00+00:00,INTC,22.920000076293945,22.920000076293945,22.93000030517578,22.920000076293945,22.924999237060547,52077.0
2024-10-25 13:51:00+00:00,INTU,610.469970703125,610.469970703125,610.469970703125,610.0349731445312,610.0349731445312,3388.0
2024-10-25 13:51:00+00:00,JAMF,16.760000228881836,16.760000228881836,16.760000228881836,16.760000228881836,16.760000228881836,893.0
2024-10-25 13:51:00+00:00,JKHY,182.73500061035156,182.73500061035156,182.73500061035156,182.5800018310547,182.5800018310547,2258.0
2024-10-25 13:51:00+00:00,KC,2.690000057220459,2.690000057220459,2.690000057220459,2.690000057220459,2.690000057220459,117.0
2024-10-25 13:51:00+00:00,KLAC,678.5549926757812,678.5549926757812,678.5549926757812,678.5549926757812,678.5549926757812,1117.0
2024-10-25 13:51:00+00:00,KLIC,44.4650993347168,44.4650993347168,44.4650993347168,44.4650993347168,44.4650993347168,633.0
2024-10-25 13:51:00+00:00,LASR,10.430000305175781,10.430000305175781,10.430000305175781,10.414999961853027,10.414999961853027,618.0
2024-10-25 13:51:00+00:00,LINK,4.900100231170654,4.900100231170654,4.949999809265137,4.900100231170654,4.949999809265137,526.0
2024-10-25 13:51:00+00:00,LITE,64.2699966430664,64.2699966430664,64.2699966430664,64.20999908447266,64.20999908447266,642.0
2024-10-25 13:51:00+00:00,LPSN,1.1649999618530273,1.1649999618530273,1.1649999618530273,1.1649999618530273,1.1649999618530273,205.0
2024-10-25 13:51:00+00:00,LRCX,78.87999725341797,78.87999725341797,78.93000030517578,78.8499984741211,78.88999938964844,13612.0
2024-10-25 13:51:00+00:00,LSCC,54.40999984741211,54.40999984741211,54.459999084472656,54.40999984741211,54.4375,2805.0
2024-10-25 13:51:00+00:00,LTRX,4.065000057220459,4.065000057220459,4.065000057220459,4.065000057220459,4.065000057220459,528.0
2024-10-25 13:51:00+00:00,LYFT,13.765000343322754,13.765000343322754,13.770000457763672,13.755000114440918,13.755000114440918,2930.0
2024-10-25 13:51:00+00:00,LYTS,16.18000030517578,16.18000030517578,16.18000030517578,16.18000030517578,16.18000030517578,790.0
2024-10-25 13:51:00+00:00,MAXN,5.650000095367432,5.650000095367432,5.650000095367432,5.650000095367432,5.650000095367432,167.0
2024-10-25 13:51:00+00:00,MCHP,76.9000015258789,76.9000015258789,76.93000030517578,76.9000015258789,76.91000366210938,3206.0
2024-10-25 13:51:00+00:00,MGIC,11.135000228881836,11.135000228881836,11.135000228881836,11.135000228881836,11.135000228881836,0.0
2024-10-25 13:51:00+00:00,MNDY,300.7900085449219,300.7900085449219,300.7900085449219,300.75,300.75,352.0
2024-10-25 13:51:00+00:00,MPWR,917.97998046875,917.97998046875,917.97998046875,917.97998046875,917.97998046875,1455.0
2024-10-25 13:51:00+00:00,MQ,5.300000190734863,5.300000190734863,5.300000190734863,5.295000076293945,5.300000190734863,1214.0
2024-10-25 13:51:00+00:00,MRVL,82.4000015258789,82.4000015258789,82.4000015258789,82.29000091552734,82.29000091552734,15055.0
2024-10-25 13:51:00+00:00,MSFT,428.7950134277344,428.7950134277344,428.8399963378906,428.5799865722656,428.6099853515625,22812.0
2024-10-25 13:51:00+00:00,MSTR,238.51109313964844,238.51109313964844,238.69000244140625,237.75999450683594,237.9250030517578,37218.0
2024-10-25 13:51:00+00:00,MTLS,5.929999828338623,5.929999828338623,5.929999828338623,5.909999847412109,5.909999847412109,1442.0
2024-10-25 13:51:00+00:00,MTSI,120.1500015258789,120.1500015258789,120.1500015258789,120.1500015258789,120.1500015258789,683.0
2024-10-25 13:51:00+00:00,MTTR,4.605000019073486,4.605000019073486,4.605000019073486,4.602499961853027,4.602499961853027,2777.0
2024-10-25 13:51:00+00:00,MU,108.47000122070312,108.47000122070312,108.49579620361328,108.41500091552734,108.41999816894531,13811.0
2024-10-25 13:51:00+00:00,MVIS,1.0800000429153442,1.0800000429153442,1.090000033378601,1.0800000429153442,1.090000033378601,12832.0
2024-10-25 13:51:00+00:00,MXL,14.84000015258789,14.84000015258789,14.84000015258789,14.84000015258789,14.84000015258789,259.0
2024-10-25 13:51:00+00:00,NCNO,37.66999816894531,37.66999816894531,37.66999816894531,37.66999816894531,37.66999816894531,168.0
2024-10-25 13:51:00+00:00,NICE,176.06039428710938,176.06039428710938,176.06039428710938,176.06039428710938,176.06039428710938,525.0
2024-10-25 13:51:00+00:00,NNDM,2.3239998817443848,2.3239998817443848,2.325000047683716,2.3239998817443848,2.325000047683716,369.0
2024-10-25 13:51:00+00:00,NTAP,120.01000213623047,120.01000213623047,120.01000213623047,120.01000213623047,120.01000213623047,480.0
2024-10-25 13:51:00+00:00,NTNX,62.18000030517578,62.18000030517578,62.18000030517578,62.18000030517578,62.18000030517578,300.0
2024-10-25 13:51:00+00:00,NTWK,3.1449999809265137,3.1449999809265137,3.1449999809265137,3.1449999809265137,3.1449999809265137,109.0
2024-10-25 13:51:00+00:00,NVDA,142.42120361328125,142.42120361328125,142.4499969482422,142.17999267578125,142.19500732421875,654022.0
2024-10-25 13:51:00+00:00,NVTS,2.565000057220459,2.565000057220459,2.565000057220459,2.565000057220459,2.565000057220459,1229.0
2024-10-25 13:51:00+00:00,NXPI,244.77000427246094,244.77000427246094,244.85000610351562,244.72000122070312,244.72000122070312,2571.0
2024-10-25 13:51:00+00:00,OKTA,72.24500274658203,72.24500274658203,72.25,72.24500274658203,72.25,218.0
2024-10-25 13:51:00+00:00,ON,71.91500091552734,71.91500091552734,71.94999694824219,71.9000015258789,71.91999816894531,10429.0
2024-10-25 13:51:00+00:00,OSIS,135.85499572753906,135.85499572753906,135.85499572753906,135.85499572753906,135.85499572753906,1119.0
2024-10-25 13:51:00+00:00,PANW,367.5799865722656,367.5799865722656,367.6000061035156,367.57501220703125,367.6000061035156,884.0
2024-10-25 13:51:00+00:00,PEGA,79.54000091552734,79.54000091552734,79.54000091552734,79.51499938964844,79.51499938964844,952.0
2024-10-25 13:51:00+00:00,PEGY,4.730000019073486,4.730000019073486,4.736000061035156,4.730000019073486,4.736000061035156,502.0
2024-10-25 13:51:00+00:00,PGY,11.850000381469727,11.850000381469727,11.869999885559082,11.84000015258789,11.84000015258789,858.0
2024-10-25 13:51:00+00:00,PHUN,10.494999885559082,10.494999885559082,10.5,10.460100173950195,10.489999771118164,34476.0
2024-10-25 13:51:00+00:00,PI,202.86000061035156,202.86000061035156,202.86000061035156,202.86000061035156,202.86000061035156,1653.0
2024-10-25 13:51:00+00:00,PLAB,23.634700775146484,23.634700775146484,23.634700775146484,23.634700775146484,23.634700775146484,165.0
2024-10-25 13:51:00+00:00,PLXS,141.30999755859375,141.30999755859375,141.31500244140625,141.30999755859375,141.31500244140625,811.0
2024-10-25 13:51:00+00:00,PRCH,1.315000057220459,1.315000057220459,1.315000057220459,1.3049999475479126,1.309999942779541,254.0
2024-10-25 13:51:00+00:00,PTC,186.60000610351562,186.60000610351562,186.60000610351562,186.4362030029297,186.4362030029297,550.0
2024-10-25 13:51:00+00:00,PYCR,14.3100004196167,14.3100004196167,14.319999694824219,14.303899765014648,14.319999694824219,6035.0
2024-10-25 13:51:00+00:00,QCOM,172.05999755859375,172.05999755859375,172.05999755859375,171.9423065185547,171.9698944091797,5884.0
2024-10-25 13:51:00+00:00,QRVO,100.29000091552734,100.29000091552734,100.31999969482422,100.29000091552734,100.31999969482422,1316.0
2024-10-25 13:51:00+00:00,QUIK,8.640000343322754,8.640000343322754,8.640000343322754,8.640000343322754,8.640000343322754,251.0
2024-10-25 13:51:00+00:00,REFR,2.180000066757202,2.180000066757202,2.180000066757202,2.180000066757202,2.180000066757202,954.0
2024-10-25 13:51:00+00:00,REKR,1.0950000286102295,1.0950000286102295,1.0950000286102295,1.0950000286102295,1.0950000286102295,2139.0
2024-10-25 13:51:00+00:00,RELY,14.819999694824219,14.819999694824219,14.819999694824219,14.819999694824219,14.819999694824219,1007.0
2024-10-25 13:51:00+00:00,RGTI,1.225000023841858,1.225000023841858,1.225000023841858,1.225000023841858,1.225000023841858,2010.0
2024-10-25 13:51:00+00:00,RIOT,9.943099975585938,9.943099975585938,9.949700355529785,9.934000015258789,9.939900398254395,43178.0
2024-10-25 13:51:00+00:00,RMBS,43.380001068115234,43.380001068115234,43.380001068115234,43.369998931884766,43.369998931884766,932.0
2024-10-25 13:51:00+00:00,RPAY,7.605000019073486,7.605000019073486,7.605000019073486,7.605000019073486,7.605000019073486,440.0
2024-10-25 13:51:00+00:00,RPD,38.75,38.75,38.755001068115234,38.75,38.755001068115234,3507.0
2024-10-25 13:51:00+00:00,RUM,5.795000076293945,5.795000076293945,5.804999828338623,5.789999961853027,5.804999828338623,14357.0
2024-10-25 13:51:00+00:00,RUN,14.380000114440918,14.380000114440918,14.404999732971191,14.380000114440918,14.399999618530273,12308.0
2024-10-25 13:51:00+00:00,RXT,2.509999990463257,2.509999990463257,2.509999990463257,2.509999990463257,2.509999990463257,2974.0
2024-10-25 13:51:00+00:00,SATS,25.030000686645508,25.030000686645508,25.030000686645508,25.030000686645508,25.030000686645508,634.0
2024-10-25 13:51:00+00:00,SCSC,44.689998626708984,44.689998626708984,44.689998626708984,44.689998626708984,44.689998626708984,474.0
2024-10-25 13:51:00+00:00,SEDG,16.040000915527344,16.040000915527344,16.059999465942383,16.040000915527344,16.049999237060547,4811.0
2024-10-25 13:51:00+00:00,SHLS,5.264999866485596,5.264999866485596,5.264999866485596,5.260000228881836,5.264900207519531,3836.0
2024-10-25 13:51:00+00:00,SIMO,56.47999954223633,56.47999954223633,56.47999954223633,56.47999954223633,56.47999954223633,540.0
2024-10-25 13:51:00+00:00,SKYT,10.587200164794922,10.587200164794922,10.587200164794922,10.587200164794922,10.587200164794922,2509.0
2024-10-25 13:51:00+00:00,SLNH,4.0,4.0,4.0,4.0,4.0,226.0
2024-10-25 13:51:00+00:00,SMCI,47.25,47.25,47.25,47.150001525878906,47.150001525878906,42820.0
2024-10-25 13:51:00+00:00,SMTC,45.810001373291016,45.810001373291016,45.810001373291016,45.76499938964844,45.76499938964844,704.0
2024-10-25 13:51:00+00:00,SNPS,504.0050048828125,504.0050048828125,504.0050048828125,503.9726867675781,503.9800109863281,1275.0
2024-10-25 13:51:00+00:00,SOUN,5.186699867248535,5.186699867248535,5.190000057220459,5.184999942779541,5.188399791717529,20211.0
2024-10-25 13:51:00+00:00,SPSC,173.71499633789062,173.71499633789062,173.85000610351562,173.13999938964844,173.72999572753906,4489.0
2024-10-25 13:51:00+00:00,SSNC,69.7249984741211,69.7249984741211,69.72979736328125,69.70999908447266,69.70999908447266,3086.0
2024-10-25 13:51:00+00:00,SSYS,7.074999809265137,7.074999809265137,7.074999809265137,7.074999809265137,7.074999809265137,439.0
2024-10-25 13:51:00+00:00,STER,16.7450008392334,16.7450008392334,16.7450008392334,16.7450008392334,16.7450008392334,488.0
2024-10-25 13:51:00+00:00,STNE,11.524999618530273,11.524999618530273,11.524999618530273,11.515000343322754,11.515000343322754,7296.0
2024-10-25 13:51:00+00:00,STX,103.66000366210938,103.66000366210938,103.68000030517578,103.66000366210938,103.66999816894531,1921.0
2024-10-25 13:51:00+00:00,SVRE,0.07989999651908875,0.07989999651908875,0.07989999651908875,0.07989999651908875,0.07989999651908875,510.0
2024-10-25 13:51:00+00:00,SWKS,96.51000213623047,96.51000213623047,96.51000213623047,96.43000030517578,96.43000030517578,1304.0
2024-10-25 13:51:00+00:00,SYNA,72.93000030517578,72.93000030517578,72.93000030517578,72.93000030517578,72.93000030517578,197.0
2024-10-25 13:51:00+00:00,TEAM,189.4949951171875,189.4949951171875,189.4949951171875,189.4949951171875,189.4949951171875,865.0
2024-10-25 13:51:00+00:00,TENB,41.65999984741211,41.65999984741211,41.65999984741211,41.65999984741211,41.65999984741211,713.0
2024-10-25 13:51:00+00:00,TER,113.1050033569336,113.1050033569336,113.12999725341797,113.05000305175781,113.05000305175781,4242.0
2024-10-25 13:51:00+00:00,TSAT,13.050000190734863,13.050000190734863,13.050000190734863,13.050000190734863,13.050000190734863,1065.0
2024-10-25 13:51:00+00:00,TTD,118.88500213623047,118.88500213623047,118.88500213623047,118.87999725341797,118.87999725341797,696.0
2024-10-25 13:51:00+00:00,TTMI,19.625,19.625,19.625,19.625,19.625,493.0
2024-10-25 13:51:00+00:00,TWKS,4.440000057220459,4.440000057220459,4.440000057220459,4.440000057220459,4.440000057220459,7372.0
2024-10-25 13:51:00+00:00,TXN,208.22999572753906,208.22999572753906,208.27999877929688,208.19000244140625,208.25,9720.0
2024-10-25 13:51:00+00:00,UEIC,8.0600004196167,8.0600004196167,8.0600004196167,8.0600004196167,8.0600004196167,241.0
2024-10-25 13:51:00+00:00,VECO,29.434999465942383,29.434999465942383,29.434999465942383,29.43000030517578,29.43000030517578,802.0
2024-10-25 13:51:00+00:00,VICR,46.72999954223633,46.72999954223633,46.72999954223633,46.72999954223633,46.72999954223633,752.0
2024-10-25 13:51:00+00:00,VMEO,4.760000228881836,4.760000228881836,4.760000228881836,4.75,4.75,621.0
2024-10-25 13:51:00+00:00,VRNS,56.77000045776367,56.77000045776367,56.77000045776367,56.75,56.75,1211.0
2024-10-25 13:51:00+00:00,VRNT,22.084999084472656,22.084999084472656,22.084999084472656,22.040000915527344,22.06999969482422,12722.0
2024-10-25 13:51:00+00:00,VSAT,10.225000381469727,10.225000381469727,10.225000381469727,10.225000381469727,10.225000381469727,646.0
2024-10-25 13:51:00+00:00,VUZI,1.315000057220459,1.315000057220459,1.315000057220459,1.315000057220459,1.315000057220459,286.0
2024-10-25 13:51:00+00:00,WDAY,239.3300018310547,239.3300018310547,239.3300018310547,239.3300018310547,239.3300018310547,284.0
2024-10-25 13:51:00+00:00,WDC,70.58999633789062,70.58999633789062,70.61990356445312,70.55999755859375,70.58000183105469,19312.0
2024-10-25 13:51:00+00:00,WISA,1.9800000190734863,1.9800000190734863,1.9800000190734863,1.9700000286102295,1.9700000286102295,1884.0
2024-10-25 13:51:00+00:00,WIX,164.75,164.75,164.8699951171875,164.75,164.75,907.0
2024-10-25 13:51:00+00:00,WLDS,3.450000047683716,3.450000047683716,3.450000047683716,3.450000047683716,3.450000047683716,214.0
2024-10-25 13:51:00+00:00,XPER,9.430000305175781,9.430000305175781,9.430000305175781,9.430000305175781,9.430000305175781,224.0
2024-10-25 13:51:00+00:00,XRX,9.984999656677246,9.984999656677246,9.984999656677246,9.984999656677246,9.984999656677246,574.0
2024-10-25 13:51:00+00:00,ZBRA,360.9200134277344,360.9200134277344,361.0299987792969,360.9200134277344,361.0299987792969,1966.0
2024-10-25 13:51:00+00:00,ZI,10.529999732971191,10.529999732971191,10.529999732971191,10.520000457763672,10.520000457763672,2886.0
2024-10-25 13:51:00+00:00,ZM,73.02999877929688,73.02999877929688,73.02999877929688,73.02999877929688,73.02999877929688,1050.0
2024-10-25 13:51:00+00:00,ZS,184.96249389648438,184.96249389648438,184.96249389648438,184.96249389648438,184.96249389648438,329.0
2024-10-25 13:52:00+00:00,AAPL,231.88299560546875,231.88299560546875,231.97149658203125,231.82000732421875,231.96499633789062,36767.0
2024-10-25 13:52:00+00:00,ACLS,90.08999633789062,90.08999633789062,90.13999938964844,90.08999633789062,90.13999938964844,628.0
2024-10-25 13:52:00+00:00,ADBE,484.6499938964844,484.6499938964844,484.8349914550781,484.6499938964844,484.75,3100.0
2024-10-25 13:52:00+00:00,ADI,232.22999572753906,232.22999572753906,232.4665985107422,232.22999572753906,232.33999633789062,1856.0
2024-10-25 13:52:00+00:00,AEHR,17.06999969482422,17.06999969482422,17.06999969482422,17.06999969482422,17.06999969482422,588.0
2024-10-25 13:52:00+00:00,AFRM,41.540000915527344,41.540000915527344,41.540000915527344,41.52000045776367,41.529998779296875,2791.0
2024-10-25 13:52:00+00:00,AIP,6.985000133514404,6.985000133514404,6.985000133514404,6.949999809265137,6.96619987487793,2918.0
2024-10-25 13:52:00+00:00,AKAM,102.33000183105469,102.33000183105469,102.36000061035156,102.33000183105469,102.36000061035156,21999.0
2024-10-25 13:52:00+00:00,ALGM,23.190000534057617,23.190000534057617,23.204999923706055,23.170000076293945,23.187999725341797,11854.0
2024-10-25 13:52:00+00:00,ALRM,54.564998626708984,54.564998626708984,54.564998626708984,54.564998626708984,54.564998626708984,293.0
2024-10-25 13:52:00+00:00,AMAT,187.97000122070312,187.97000122070312,188.14999389648438,187.8800048828125,188.14999389648438,4143.0
2024-10-25 13:52:00+00:00,AMBA,58.290000915527344,58.290000915527344,58.290000915527344,58.290000915527344,58.290000915527344,1254.0
2024-10-25 13:52:00+00:00,AMD,156.83999633789062,156.83999633789062,156.96600341796875,156.77999877929688,156.9499053955078,49374.0
2024-10-25 13:52:00+00:00,AMKR,30.110000610351562,30.110000610351562,30.1200008392334,30.110000610351562,30.1200008392334,1132.0
2024-10-25 13:52:00+00:00,ANY,1.0499999523162842,1.0499999523162842,1.0499999523162842,1.0499999523162842,1.0499999523162842,4453.0
2024-10-25 13:52:00+00:00,API,2.8949999809265137,2.8949999809265137,2.8949999809265137,2.8949999809265137,2.8949999809265137,300.0
2024-10-25 13:52:00+00:00,APP,161.0449981689453,161.0449981689453,161.15499877929688,160.99000549316406,161.15499877929688,2890.0
2024-10-25 13:52:00+00:00,APPF,212.60000610351562,212.60000610351562,213.1199951171875,212.60000610351562,213.1199951171875,3112.0
2024-10-25 13:52:00+00:00,ARRY,6.329999923706055,6.329999923706055,6.329999923706055,6.324999809265137,6.329999923706055,8815.0
2024-10-25 13:52:00+00:00,ASML,716.2000122070312,716.2000122070312,716.760009765625,716.2000122070312,716.6300048828125,2023.0
2024-10-25 13:52:00+00:00,ASNS,1.3000999689102173,1.3000999689102173,1.3000999689102173,1.3000999689102173,1.3000999689102173,391.0
2024-10-25 13:52:00+00:00,ASUR,9.59000015258789,9.59000015258789,9.59000015258789,9.59000015258789,9.59000015258789,126.0
2024-10-25 13:52:00+00:00,AUDC,9.085000038146973,9.085000038146973,9.085000038146973,9.085000038146973,9.085000038146973,211.0
2024-10-25 13:52:00+00:00,AUR,6.434999942779541,6.434999942779541,6.434999942779541,6.430600166320801,6.434999942779541,5748.0
2024-10-25 13:52:00+00:00,AVDX,8.079999923706055,8.079999923706055,8.079999923706055,8.071000099182129,8.079999923706055,3167.0
2024-10-25 13:52:00+00:00,AVGO,174.39500427246094,174.39500427246094,174.639892578125,174.335205078125,174.50999450683594,10428.0
2024-10-25 13:52:00+00:00,AVPT,11.96500015258789,11.96500015258789,11.970000267028809,11.96500015258789,11.970000267028809,712.0
2024-10-25 13:52:00+00:00,AVT,53.939998626708984,53.939998626708984,53.95000076293945,53.93000030517578,53.95000076293945,1311.0
2024-10-25 13:52:00+00:00,AZPN,238.36500549316406,238.36500549316406,238.36500549316406,237.55999755859375,237.86000061035156,1915.0
2024-10-25 13:52:00+00:00,BAND,17.670000076293945,17.670000076293945,17.670000076293945,17.670000076293945,17.670000076293945,304.0
2024-10-25 13:52:00+00:00,BIGC,5.300000190734863,5.300000190734863,5.300000190734863,5.300000190734863,5.300000190734863,248.0
2024-10-25 13:52:00+00:00,BL,56.209999084472656,56.209999084472656,56.209999084472656,56.209999084472656,56.209999084472656,838.0
2024-10-25 13:52:00+00:00,BMBL,7.130000114440918,7.130000114440918,7.139999866485596,7.130000114440918,7.139999866485596,1568.0
2024-10-25 13:52:00+00:00,BRZE,30.81999969482422,30.81999969482422,30.81999969482422,30.81999969482422,30.81999969482422,708.0
2024-10-25 13:52:00+00:00,BSY,49.20249938964844,49.20249938964844,49.20249938964844,49.189998626708984,49.20000076293945,545.0
2024-10-25 13:52:00+00:00,CAN,0.9805999994277954,0.9805999994277954,0.9805999994277954,0.9805999994277954,0.9805999994277954,200.0
2024-10-25 13:52:00+00:00,CDNS,258.6400146484375,258.6400146484375,258.7749938964844,258.6300048828125,258.7699890136719,9515.0
2024-10-25 13:52:00+00:00,CDW,218.22999572753906,218.22999572753906,218.39999389648438,218.1300048828125,218.39999389648438,3952.0
2024-10-25 13:52:00+00:00,CETX,0.30390000343322754,0.30390000343322754,0.30390000343322754,0.3027999997138977,0.3027999997138977,2402.0
2024-10-25 13:52:00+00:00,CEVA,24.094499588012695,24.094499588012695,24.094499588012695,24.094499588012695,24.094499588012695,296.0
2024-10-25 13:52:00+00:00,CFLT,22.639999389648438,22.639999389648438,22.639999389648438,22.6200008392334,22.6200008392334,3953.0
2024-10-25 13:52:00+00:00,CGNX,38.93000030517578,38.93000030517578,38.93000030517578,38.93000030517578,38.93000030517578,273.0
2024-10-25 13:52:00+00:00,CHKP,206.39999389648438,206.39999389648438,206.39999389648438,206.39999389648438,206.39999389648438,287.0
2024-10-25 13:52:00+00:00,CLBT,18.219999313354492,18.219999313354492,18.225000381469727,18.219999313354492,18.225000381469727,2844.0
2024-10-25 13:52:00+00:00,CLSK,11.864999771118164,11.864999771118164,11.880000114440918,11.862000465393066,11.880000114440918,17279.0
2024-10-25 13:52:00+00:00,CNXC,44.54999923706055,44.54999923706055,44.54999923706055,44.54999923706055,44.54999923706055,547.0
2024-10-25 13:52:00+00:00,COHR,95.66999816894531,95.66999816894531,95.7699966430664,95.66999816894531,95.66999816894531,1375.0
2024-10-25 13:52:00+00:00,COIN,211.03610229492188,211.03610229492188,211.3970947265625,211.0,211.25,6952.0
2024-10-25 13:52:00+00:00,COMM,6.259799957275391,6.259799957275391,6.259799957275391,6.259799957275391,6.259799957275391,427.0
2024-10-25 13:52:00+00:00,CORZ,13.53499984741211,13.53499984741211,13.537400245666504,13.53339958190918,13.53499984741211,2210.0
2024-10-25 13:52:00+00:00,CRCT,6.619999885559082,6.619999885559082,6.630000114440918,6.619999885559082,6.630000114440918,1311.0
2024-10-25 13:52:00+00:00,CRDO,39.22999954223633,39.22999954223633,39.2400016784668,39.22999954223633,39.2400016784668,1493.0
2024-10-25 13:52:00+00:00,CRNC,2.9149999618530273,2.9149999618530273,2.9149999618530273,2.9100000858306885,2.9100000858306885,9192.0
2024-10-25 13:52:00+00:00,CRSR,6.360000133514404,6.360000133514404,6.369999885559082,6.360000133514404,6.369999885559082,572.0
2024-10-25 13:52:00+00:00,CRUS,123.11840057373047,123.11840057373047,123.11840057373047,123.11840057373047,123.11840057373047,499.0
2024-10-25 13:52:00+00:00,CRWD,298.8900146484375,298.8900146484375,299.3299865722656,298.8900146484375,299.1000061035156,17436.0
2024-10-25 13:52:00+00:00,CSCO,55.849998474121094,55.849998474121094,55.8650016784668,55.830101013183594,55.834999084472656,11401.0
2024-10-25 13:52:00+00:00,CSIQ,13.420000076293945,13.420000076293945,13.4399995803833,13.420000076293945,13.429900169372559,3160.0
2024-10-25 13:52:00+00:00,CTSH,74.83999633789062,74.83999633789062,74.87999725341797,74.83000183105469,74.87999725341797,3228.0
2024-10-25 13:52:00+00:00,CYBR,290.3039855957031,290.3039855957031,290.3039855957031,290.3039855957031,290.3039855957031,2204.0
2024-10-25 13:52:00+00:00,DATS,1.6811000108718872,1.6811000108718872,1.6811000108718872,1.6708999872207642,1.6708999872207642,1000.0
2024-10-25 13:52:00+00:00,DBX,25.924999237060547,25.924999237060547,25.93000030517578,25.924999237060547,25.93000030517578,4364.0
2024-10-25 13:52:00+00:00,DDOG,126.98999786376953,126.98999786376953,127.03500366210938,126.97000122070312,127.0199966430664,10437.0
2024-10-25 13:52:00+00:00,DGHI,1.551900029182434,1.551900029182434,1.551900029182434,1.551900029182434,1.551900029182434,1576.0
2024-10-25 13:52:00+00:00,DGII,30.329999923706055,30.329999923706055,30.3799991607666,30.31999969482422,30.3799991607666,18837.0
2024-10-25 13:52:00+00:00,DOCU,69.4800033569336,69.4800033569336,69.5,69.4800033569336,69.5,2396.0
2024-10-25 13:52:00+00:00,DOMO,8.055000305175781,8.055000305175781,8.055000305175781,8.055000305175781,8.055000305175781,183.0
2024-10-25 13:52:00+00:00,DUOL,288.29998779296875,288.29998779296875,288.30999755859375,288.29998779296875,288.30999755859375,783.0
2024-10-25 13:52:00+00:00,EEFT,99.56999969482422,99.56999969482422,99.63500213623047,99.52999877929688,99.63500213623047,2381.0
2024-10-25 13:52:00+00:00,ENPH,83.52249908447266,83.52249908447266,83.5250015258789,83.47000122070312,83.5250015258789,2534.0
2024-10-25 13:52:00+00:00,ENTG,105.66000366210938,105.66000366210938,105.69999694824219,105.66000366210938,105.69999694824219,498.0
2024-10-25 13:52:00+00:00,ERIC,8.450200080871582,8.450200080871582,8.470000267028809,8.449999809265137,8.46500015258789,332625.0
2024-10-25 13:52:00+00:00,EXFY,1.7300000190734863,1.7300000190734863,1.7300000190734863,1.7300000190734863,1.7300000190734863,200.0
2024-10-25 13:52:00+00:00,EXLS,38.709999084472656,38.709999084472656,38.709999084472656,38.689998626708984,38.70000076293945,697.0
2024-10-25 13:52:00+00:00,EXTR,14.414999961853027,14.414999961853027,14.414999961853027,14.414999961853027,14.414999961853027,354.0
2024-10-25 13:52:00+00:00,FCUV,0.2628999948501587,0.2628999948501587,0.2628999948501587,0.2628999948501587,0.2628999948501587,70.0
2024-10-25 13:52:00+00:00,FFIV,216.16000366210938,216.16000366210938,216.1699981689453,216.16000366210938,216.1699981689453,597.0
2024-10-25 13:52:00+00:00,FIVN,30.065000534057617,30.065000534057617,30.065000534057617,30.065000534057617,30.065000534057617,410.0
2024-10-25 13:52:00+00:00,FLEX,35.2400016784668,35.2400016784668,35.2400016784668,35.22999954223633,35.2400016784668,1557.0
2024-10-25 13:52:00+00:00,FLYW,17.360000610351562,17.360000610351562,17.360000610351562,17.360000610351562,17.360000610351562,973.0
2024-10-25 13:52:00+00:00,FROG,29.235000610351562,29.235000610351562,29.235000610351562,29.235000610351562,29.235000610351562,336.0
2024-10-25 13:52:00+00:00,FRSH,11.670000076293945,11.670000076293945,11.670000076293945,11.65999984741211,11.65999984741211,819.0
2024-10-25 13:52:00+00:00,FSLR,198.38999938964844,198.38999938964844,198.49000549316406,198.38999938964844,198.49000549316406,2390.0
2024-10-25 13:52:00+00:00,FTNT,80.75,80.75,80.75,80.70999908447266,80.72899627685547,2631.0
2024-10-25 13:52:00+00:00,GCT,24.825000762939453,24.825000762939453,24.825000762939453,24.799999237060547,24.799999237060547,1252.0
2024-10-25 13:52:00+00:00,GDS,21.399999618530273,21.399999618530273,21.399999618530273,21.399999618530273,21.399999618530273,539.0
2024-10-25 13:52:00+00:00,GPRO,1.3200000524520874,1.3200000524520874,1.3200000524520874,1.3200000524520874,1.3200000524520874,276.0
2024-10-25 13:52:00+00:00,GRAB,4.09499979019165,4.09499979019165,4.09499979019165,4.090000152587891,4.09499979019165,2921.0
2024-10-25 13:52:00+00:00,HCP,33.665000915527344,33.665000915527344,33.66999816894531,33.662498474121094,33.665000915527344,2204.0
2024-10-25 13:52:00+00:00,HLIT,14.800000190734863,14.800000190734863,14.800000190734863,14.800000190734863,14.800000190734863,763.0
2024-10-25 13:52:00+00:00,HOLO,3.5899999141693115,3.5899999141693115,3.5999999046325684,3.5899999141693115,3.5999999046325684,3802.0
2024-10-25 13:52:00+00:00,HOOD,27.270000457763672,27.270000457763672,27.270000457763672,27.2549991607666,27.270000457763672,6186.0
2024-10-25 13:52:00+00:00,INDI,3.549999952316284,3.549999952316284,3.549999952316284,3.549999952316284,3.549999952316284,2132.0
2024-10-25 13:52:00+00:00,INFN,6.775000095367432,6.775000095367432,6.775000095367432,6.775000095367432,6.775000095367432,3.0
2024-10-25 13:52:00+00:00,INOD,20.209999084472656,20.209999084472656,20.209999084472656,20.209999084472656,20.209999084472656,1082.0
2024-10-25 13:52:00+00:00,INTA,50.040000915527344,50.040000915527344,50.040000915527344,50.025001525878906,50.025001525878906,497.0
2024-10-25 13:52:00+00:00,INTC,22.909900665283203,22.909900665283203,22.93000030517578,22.899999618530273,22.924999237060547,59111.0
2024-10-25 13:52:00+00:00,INTU,609.9500122070312,609.9500122070312,610.4650268554688,609.9500122070312,610.1500244140625,1538.0
2024-10-25 13:52:00+00:00,JAMF,16.760000228881836,16.760000228881836,16.760000228881836,16.760000228881836,16.760000228881836,200.0
2024-10-25 13:52:00+00:00,KC,2.694999933242798,2.694999933242798,2.700000047683716,2.694999933242798,2.694999933242798,53916.0
2024-10-25 13:52:00+00:00,KOSS,7.360000133514404,7.360000133514404,7.360000133514404,7.360000133514404,7.360000133514404,366.0
2024-10-25 13:52:00+00:00,LINK,4.934899806976318,4.934899806976318,4.9527997970581055,4.900000095367432,4.9070000648498535,4098.0
2024-10-25 13:52:00+00:00,LITE,64.27999877929688,64.27999877929688,64.30999755859375,64.27999877929688,64.30999755859375,464.0
2024-10-25 13:52:00+00:00,LRCX,78.79000091552734,78.79000091552734,78.87999725341797,78.75,78.87999725341797,12520.0
2024-10-25 13:52:00+00:00,LSCC,54.3650016784668,54.3650016784668,54.40999984741211,54.36000061035156,54.400001525878906,1588.0
2024-10-25 13:52:00+00:00,LYFT,13.760000228881836,13.760000228881836,13.770000457763672,13.760000228881836,13.765999794006348,14789.0
2024-10-25 13:52:00+00:00,MANH,275.2250061035156,275.2250061035156,275.2250061035156,275.2250061035156,275.2250061035156,639.0
2024-10-25 13:52:00+00:00,MCHP,76.87000274658203,76.87000274658203,76.91999816894531,76.87000274658203,76.91999816894531,7026.0
2024-10-25 13:52:00+00:00,MDB,266.99810791015625,266.99810791015625,267.2643127441406,266.99810791015625,267.2643127441406,258.0
2024-10-25 13:52:00+00:00,MGIC,11.130000114440918,11.130000114440918,11.130000114440918,11.079999923706055,11.079999923706055,1236.0
2024-10-25 13:52:00+00:00,MKSI,101.58499908447266,101.58499908447266,101.70999908447266,101.58499908447266,101.70999908447266,555.0
2024-10-25 13:52:00+00:00,MNDY,300.6400146484375,300.6400146484375,300.6400146484375,300.6400146484375,300.6400146484375,198.0
2024-10-25 13:52:00+00:00,MQ,5.295000076293945,5.295000076293945,5.295000076293945,5.295000076293945,5.295000076293945,1000.0
2024-10-25 13:52:00+00:00,MRAM,6.28000020980835,6.28000020980835,6.28000020980835,6.28000020980835,6.28000020980835,916.0
2024-10-25 13:52:00+00:00,MRVL,82.31999969482422,82.31999969482422,82.43000030517578,82.29000091552734,82.375,10054.0
2024-10-25 13:52:00+00:00,MSFT,428.6600036621094,428.6600036621094,428.79998779296875,428.5,428.7200012207031,11915.0
2024-10-25 13:52:00+00:00,MSTR,238.46240234375,238.46240234375,238.60000610351562,238.1999969482422,238.45989990234375,30178.0
2024-10-25 13:52:00+00:00,MTC,0.37209999561309814,0.37209999561309814,0.37209999561309814,0.37209999561309814,0.37209999561309814,8769.0
2024-10-25 13:52:00+00:00,MTLS,5.940000057220459,5.940000057220459,5.940000057220459,5.940000057220459,5.940000057220459,673.0
2024-10-25 13:52:00+00:00,MTTR,4.602499961853027,4.602499961853027,4.602499961853027,4.602499961853027,4.602499961853027,1424.0
2024-10-25 13:52:00+00:00,MU,108.41999816894531,108.41999816894531,108.4800033569336,108.35009765625,108.47000122070312,12403.0
2024-10-25 13:52:00+00:00,MVIS,1.090000033378601,1.090000033378601,1.090000033378601,1.090000033378601,1.090000033378601,200.0
2024-10-25 13:52:00+00:00,MXL,14.84000015258789,14.84000015258789,14.850000381469727,14.84000015258789,14.850000381469727,1496.0
2024-10-25 13:52:00+00:00,NCNO,37.66999816894531,37.66999816894531,37.66999816894531,37.66999816894531,37.66999816894531,455.0
2024-10-25 13:52:00+00:00,NNDM,2.319999933242798,2.319999933242798,2.319999933242798,2.319999933242798,2.319999933242798,1035.0
2024-10-25 13:52:00+00:00,NOVT,174.2899932861328,174.2899932861328,174.2899932861328,174.2899932861328,174.2899932861328,260.0
2024-10-25 13:52:00+00:00,NTAP,119.94999694824219,119.94999694824219,119.95999908447266,119.94999694824219,119.95999908447266,901.0
2024-10-25 13:52:00+00:00,NTCT,20.684999465942383,20.684999465942383,20.684999465942383,20.684999465942383,20.684999465942383,749.0
2024-10-25 13:52:00+00:00,NTNX,62.16999816894531,62.16999816894531,62.185001373291016,62.15999984741211,62.185001373291016,2848.0
2024-10-25 13:52:00+00:00,NVDA,142.31930541992188,142.31930541992188,142.44000244140625,142.22999572753906,142.42999267578125,493461.0
2024-10-25 13:52:00+00:00,NXPI,244.57000732421875,244.57000732421875,244.8249969482422,244.57000732421875,244.81500244140625,3244.0
2024-10-25 13:52:00+00:00,OKTA,72.25,72.25,72.2698974609375,72.23999786376953,72.24500274658203,2447.0
2024-10-25 13:52:00+00:00,OLED,204.19000244140625,204.19000244140625,204.27000427246094,204.19000244140625,204.27000427246094,1471.0
2024-10-25 13:52:00+00:00,ON,71.8499984741211,71.8499984741211,71.91999816894531,71.83999633789062,71.91000366210938,22780.0
2024-10-25 13:52:00+00:00,PANW,367.57000732421875,367.57000732421875,367.6099853515625,367.55999755859375,367.6099853515625,1146.0
2024-10-25 13:52:00+00:00,PAYO,8.3100004196167,8.3100004196167,8.3149995803833,8.3100004196167,8.3149995803833,2896.0
2024-10-25 13:52:00+00:00,PEGA,79.56999969482422,79.56999969482422,79.56999969482422,79.5199966430664,79.53500366210938,2774.0
2024-10-25 13:52:00+00:00,PGY,11.84000015258789,11.84000015258789,11.869999885559082,11.84000015258789,11.84000015258789,4886.0
2024-10-25 13:52:00+00:00,PHUN,10.545000076293945,10.545000076293945,10.550000190734863,10.462900161743164,10.494999885559082,77596.0
2024-10-25 13:52:00+00:00,PLUS,97.79499816894531,97.79499816894531,97.79499816894531,97.79499816894531,97.79499816894531,207.0
2024-10-25 13:52:00+00:00,PLXS,141.83999633789062,141.83999633789062,141.86000061035156,141.30999755859375,141.4199981689453,8614.0
2024-10-25 13:52:00+00:00,POET,3.869999885559082,3.869999885559082,3.869999885559082,3.869999885559082,3.869999885559082,780.0
2024-10-25 13:52:00+00:00,POWI,63.70000076293945,63.70000076293945,63.70000076293945,63.70000076293945,63.70000076293945,671.0
2024-10-25 13:52:00+00:00,PTC,186.60000610351562,186.60000610351562,186.60000610351562,186.58999633789062,186.58999633789062,324.0
2024-10-25 13:52:00+00:00,PUBM,14.741999626159668,14.741999626159668,14.741999626159668,14.741999626159668,14.741999626159668,640.0
2024-10-25 13:52:00+00:00,PYCR,14.3100004196167,14.3100004196167,14.3100004196167,14.3100004196167,14.3100004196167,298.0
2024-10-25 13:52:00+00:00,QCOM,171.94000244140625,171.94000244140625,172.02000427246094,171.89999389648438,171.97000122070312,5048.0
2024-10-25 13:52:00+00:00,QLYS,120.62000274658203,120.62000274658203,120.62000274658203,120.62000274658203,120.62000274658203,135.0
2024-10-25 13:52:00+00:00,QRVO,100.26000213623047,100.26000213623047,100.29000091552734,100.26000213623047,100.29000091552734,1358.0
2024-10-25 13:52:00+00:00,QUBT,1.1050000190734863,1.1050000190734863,1.1050000190734863,1.1050000190734863,1.1050000190734863,221.0
2024-10-25 13:52:00+00:00,RELY,14.819999694824219,14.819999694824219,14.819999694824219,14.819999694824219,14.819999694824219,1059.0
2024-10-25 13:52:00+00:00,RGTI,1.2300000190734863,1.2300000190734863,1.2300000190734863,1.2300000190734863,1.2300000190734863,366.0
2024-10-25 13:52:00+00:00,RIOT,9.939800262451172,9.939800262451172,9.949899673461914,9.934000015258789,9.940299987792969,16743.0
2024-10-25 13:52:00+00:00,RMBS,43.369998931884766,43.369998931884766,43.369998931884766,43.349998474121094,43.369998931884766,1038.0
2024-10-25 13:52:00+00:00,RPAY,7.605000019073486,7.605000019073486,7.605000019073486,7.605000019073486,7.605000019073486,592.0
2024-10-25 13:52:00+00:00,RPD,38.75,38.75,38.75,38.7400016784668,38.75,4441.0
2024-10-25 13:52:00+00:00,RUM,5.796000003814697,5.796000003814697,5.796000003814697,5.794000148773193,5.794000148773193,2604.0
2024-10-25 13:52:00+00:00,RUN,14.354999542236328,14.354999542236328,14.369999885559082,14.350000381469727,14.369999885559082,6657.0
2024-10-25 13:52:00+00:00,RXT,2.505000114440918,2.505000114440918,2.505000114440918,2.505000114440918,2.505000114440918,231.0
2024-10-25 13:52:00+00:00,SANM,67.5199966430664,67.5199966430664,67.5199966430664,67.5199966430664,67.5199966430664,1004.0
2024-10-25 13:52:00+00:00,SATL,0.972100019454956,0.972100019454956,0.972100019454956,0.972100019454956,0.972100019454956,876.0
2024-10-25 13:52:00+00:00,SEDG,15.989999771118164,15.989999771118164,16.030000686645508,15.989999771118164,16.030000686645508,4388.0
2024-10-25 13:52:00+00:00,SHLS,5.255000114440918,5.255000114440918,5.260000228881836,5.255000114440918,5.260000228881836,2243.0
2024-10-25 13:52:00+00:00,SKYT,10.59000015258789,10.59000015258789,10.59000015258789,10.59000015258789,10.59000015258789,195.0
2024-10-25 13:52:00+00:00,SLNHP,13.0,13.0,13.050000190734863,13.0,13.050000190734863,1600.0
2024-10-25 13:52:00+00:00,SMCI,47.22200012207031,47.22200012207031,47.27000045776367,47.15999984741211,47.22999954223633,55089.0
2024-10-25 13:52:00+00:00,SMSI,0.7998999953269958,0.7998999953269958,0.8141000270843506,0.7998999953269958,0.8141000270843506,404.0
2024-10-25 13:52:00+00:00,SMTC,45.7599983215332,45.7599983215332,45.81999969482422,45.7599983215332,45.790000915527344,1692.0
2024-10-25 13:52:00+00:00,SNCR,10.626999855041504,10.626999855041504,10.626999855041504,10.626999855041504,10.626999855041504,228.0
2024-10-25 13:52:00+00:00,SONO,12.755000114440918,12.755000114440918,12.755000114440918,12.739999771118164,12.75,2423.0
2024-10-25 13:52:00+00:00,SOPA,0.949999988079071,0.949999988079071,0.949999988079071,0.949999988079071,0.949999988079071,15150.0
2024-10-25 13:52:00+00:00,SOUN,5.189700126647949,5.189700126647949,5.190000057220459,5.180300235748291,5.184999942779541,15313.0
2024-10-25 13:52:00+00:00,SPSC,173.69500732421875,173.69500732421875,173.69500732421875,173.42999267578125,173.42999267578125,1647.0
2024-10-25 13:52:00+00:00,SSNC,69.73999786376953,69.73999786376953,69.73999786376953,69.69499969482422,69.70999908447266,7112.0
2024-10-25 13:52:00+00:00,STNE,11.539999961853027,11.539999961853027,11.539999961853027,11.524999618530273,11.524999618530273,7197.0
2024-10-25 13:52:00+00:00,STX,103.61499786376953,103.61499786376953,103.6449966430664,103.56999969482422,103.62999725341797,4343.0
2024-10-25 13:52:00+00:00,SWKS,96.41999816894531,96.41999816894531,96.51000213623047,96.41999816894531,96.51000213623047,1993.0
2024-10-25 13:52:00+00:00,TEAM,189.4250030517578,189.4250030517578,189.6082000732422,189.3800048828125,189.6082000732422,2558.0
2024-10-25 13:52:00+00:00,TENB,41.66999816894531,41.66999816894531,41.66999816894531,41.65250015258789,41.65250015258789,1055.0
2024-10-25 13:52:00+00:00,TER,112.94499969482422,112.94499969482422,113.11000061035156,112.93000030517578,113.0999984741211,86866.0
2024-10-25 13:52:00+00:00,TRMB,61.11000061035156,61.11000061035156,61.125,61.11000061035156,61.119998931884766,1178.0
2024-10-25 13:52:00+00:00,TTD,118.77010345458984,118.77010345458984,118.88500213623047,118.7699966430664,118.88500213623047,3761.0
2024-10-25 13:52:00+00:00,TWKS,4.440000057220459,4.440000057220459,4.449999809265137,4.440000057220459,4.449999809265137,7253.0
2024-10-25 13:52:00+00:00,TXN,208.2100067138672,208.2100067138672,208.28500366210938,208.12010192871094,208.18499755859375,25838.0
2024-10-25 13:52:00+00:00,UCTT,35.80500030517578,35.80500030517578,35.80500030517578,35.80500030517578,35.80500030517578,209.0
2024-10-25 13:52:00+00:00,UPLD,2.109999895095825,2.109999895095825,2.110100030899048,2.109999895095825,2.110100030899048,512.0
2024-10-25 13:52:00+00:00,VECO,29.40999984741211,29.40999984741211,29.420000076293945,29.40999984741211,29.420000076293945,1404.0
2024-10-25 13:52:00+00:00,VERI,3.430000066757202,3.430000066757202,3.430000066757202,3.430000066757202,3.430000066757202,3047.0
2024-10-25 13:52:00+00:00,VERX,41.650001525878906,41.650001525878906,41.650001525878906,41.650001525878906,41.650001525878906,131.0
2024-10-25 13:52:00+00:00,VMEO,4.760000228881836,4.760000228881836,4.760000228881836,4.760000228881836,4.760000228881836,437.0
2024-10-25 13:52:00+00:00,VRNS,56.790000915527344,56.790000915527344,56.790000915527344,56.7400016784668,56.7400016784668,1873.0
2024-10-25 13:52:00+00:00,VRNT,22.084999084472656,22.084999084472656,22.084999084472656,22.084999084472656,22.084999084472656,409.0
2024-10-25 13:52:00+00:00,VRSN,184.0399932861328,184.0399932861328,184.22000122070312,184.0399932861328,184.22000122070312,2542.0
2024-10-25 13:52:00+00:00,VSAT,10.220000267028809,10.220000267028809,10.220000267028809,10.220000267028809,10.220000267028809,402.0
2024-10-25 13:52:00+00:00,VUZI,1.3100999593734741,1.3100999593734741,1.3150999546051025,1.309999942779541,1.3150999546051025,2005.0
2024-10-25 13:52:00+00:00,WDAY,239.3300018310547,239.3300018310547,239.3300018310547,239.3300018310547,239.3300018310547,492.0
2024-10-25 13:52:00+00:00,WDC,70.48999786376953,70.48999786376953,70.58000183105469,70.4800033569336,70.57460021972656,19903.0
2024-10-25 13:52:00+00:00,WISA,1.9600000381469727,1.9600000381469727,1.9600000381469727,1.9600000381469727,1.9600000381469727,218.0
2024-10-25 13:52:00+00:00,XPER,9.420000076293945,9.420000076293945,9.420000076293945,9.420000076293945,9.420000076293945,362.0
2024-10-25 13:52:00+00:00,XRX,9.984999656677246,9.984999656677246,9.984999656677246,9.984999656677246,9.984999656677246,453.0
2024-10-25 13:52:00+00:00,ZBRA,360.9200134277344,360.9200134277344,360.9200134277344,360.9200134277344,360.9200134277344,390.0
2024-10-25 13:52:00+00:00,ZI,10.510000228881836,10.510000228881836,10.524999618530273,10.510000228881836,10.524999618530273,5999.0
2024-10-25 13:52:00+00:00,ZM,73.02999877929688,73.02999877929688,73.02999877929688,73.0199966430664,73.02999877929688,1652.0
2024-10-25 13:52:00+00:00,ZS,184.92999267578125,184.92999267578125,184.92999267578125,184.92999267578125,184.92999267578125,715.0
2024-10-25 13:53:00+00:00,AAOI,17.789899826049805,17.789899826049805,17.790000915527344,17.780000686645508,17.78350067138672,1492.0
2024-10-25 13:53:00+00:00,AAPL,231.9199981689453,231.9199981689453,231.9600067138672,231.88009643554688,231.88800048828125,26594.0
2024-10-25 13:53:00+00:00,ADBE,484.8299865722656,484.8299865722656,484.8399963378906,484.8299865722656,484.8399963378906,998.0
2024-10-25 13:53:00+00:00,ADI,232.22999572753906,232.22999572753906,232.30709838867188,232.17999267578125,232.30709838867188,1643.0
2024-10-25 13:53:00+00:00,ADTN,6.364999771118164,6.364999771118164,6.364999771118164,6.364999771118164,6.364999771118164,1003.0
2024-10-25 13:53:00+00:00,AEHR,17.09000015258789,17.09000015258789,17.09000015258789,17.09000015258789,17.09000015258789,843.0
2024-10-25 13:53:00+00:00,AFRM,41.54999923706055,41.54999923706055,41.56999969482422,41.540000915527344,41.564998626708984,5064.0
2024-10-25 13:53:00+00:00,AIP,6.949999809265137,6.949999809265137,6.960000038146973,6.949999809265137,6.960000038146973,2401.0
2024-10-25 13:53:00+00:00,AKTS,0.05920000001788139,0.05920000001788139,0.05920000001788139,0.05920000001788139,0.05920000001788139,0.0
2024-10-25 13:53:00+00:00,ALGM,23.200000762939453,23.200000762939453,23.229999542236328,23.190000534057617,23.190000534057617,6047.0
2024-10-25 13:53:00+00:00,ALKT,37.970001220703125,37.970001220703125,37.970001220703125,37.970001220703125,37.970001220703125,462.0
2024-10-25 13:53:00+00:00,AMAT,188.02000427246094,188.02000427246094,188.02000427246094,187.94000244140625,187.94000244140625,5047.0
2024-10-25 13:53:00+00:00,AMD,156.82000732421875,156.82000732421875,156.8699951171875,156.8000030517578,156.83999633789062,12947.0
2024-10-25 13:53:00+00:00,AMKR,30.100000381469727,30.100000381469727,30.100000381469727,30.100000381469727,30.100000381469727,495.0
2024-10-25 13:53:00+00:00,ANSS,324.2200012207031,324.2200012207031,324.2200012207031,324.2200012207031,324.2200012207031,287.0
2024-10-25 13:53:00+00:00,API,2.8949999809265137,2.8949999809265137,2.8980000019073486,2.8949999809265137,2.8949999809265137,8531.0
2024-10-25 13:53:00+00:00,APP,161.12620544433594,161.12620544433594,161.12620544433594,161.05499267578125,161.05499267578125,898.0
2024-10-25 13:53:00+00:00,APPF,212.49000549316406,212.49000549316406,212.49000549316406,212.49000549316406,212.49000549316406,562.0
2024-10-25 13:53:00+00:00,APPN,32.18009948730469,32.18009948730469,32.18009948730469,32.18009948730469,32.18009948730469,293.0
2024-10-25 13:53:00+00:00,ARRY,6.355000019073486,6.355000019073486,6.360000133514404,6.320000171661377,6.324999809265137,55984.0
2024-10-25 13:53:00+00:00,ASML,716.1199951171875,716.1199951171875,716.1199951171875,716.1199951171875,716.1199951171875,1193.0
2024-10-25 13:53:00+00:00,ATOM,3.359999895095825,3.359999895095825,3.359999895095825,3.359999895095825,3.359999895095825,127.0
2024-10-25 13:53:00+00:00,AUR,6.434999942779541,6.434999942779541,6.439700126647949,6.434999942779541,6.434999942779541,2990.0
2024-10-25 13:53:00+00:00,AVDX,8.074999809265137,8.074999809265137,8.074999809265137,8.074999809265137,8.074999809265137,399.0
2024-10-25 13:53:00+00:00,AVGO,174.33999633789062,174.33999633789062,174.38999938964844,174.30999755859375,174.36000061035156,5369.0
2024-10-25 13:53:00+00:00,AVT,53.935001373291016,53.935001373291016,53.935001373291016,53.92499923706055,53.92499923706055,766.0
2024-10-25 13:53:00+00:00,BMBL,7.130000114440918,7.130000114440918,7.130000114440918,7.130000114440918,7.130000114440918,1888.0
2024-10-25 13:53:00+00:00,BSY,49.209999084472656,49.209999084472656,49.209999084472656,49.19340133666992,49.19340133666992,580.0
2024-10-25 13:53:00+00:00,CAN,0.9804999828338623,0.9804999828338623,0.9805999994277954,0.9804999828338623,0.9805999994277954,10421.0
2024-10-25 13:53:00+00:00,CDNS,258.55499267578125,258.55499267578125,258.5899963378906,258.510009765625,258.5199890136719,1725.0
2024-10-25 13:53:00+00:00,CDW,218.52000427246094,218.52000427246094,218.52000427246094,218.32000732421875,218.32000732421875,4068.0
2024-10-25 13:53:00+00:00,CETX,0.30300000309944153,0.30300000309944153,0.30300000309944153,0.30300000309944153,0.30300000309944153,401.0
2024-10-25 13:53:00+00:00,CFLT,22.639999389648438,22.639999389648438,22.674999237060547,22.639999389648438,22.674999237060547,6327.0
2024-10-25 13:53:00+00:00,CGNX,38.94499969482422,38.94499969482422,38.95000076293945,38.939998626708984,38.939998626708984,1644.0
2024-10-25 13:53:00+00:00,CLSK,11.864999771118164,11.864999771118164,11.869999885559082,11.859999656677246,11.869999885559082,12520.0
2024-10-25 13:53:00+00:00,CNDT,3.615000009536743,3.615000009536743,3.615000009536743,3.615000009536743,3.615000009536743,262.0
2024-10-25 13:53:00+00:00,CNXC,44.52000045776367,44.52000045776367,44.52000045776367,44.52000045776367,44.52000045776367,551.0
2024-10-25 13:53:00+00:00,COIN,210.95889282226562,210.95889282226562,211.13479614257812,210.95889282226562,211.13479614257812,5101.0
2024-10-25 13:53:00+00:00,COMM,6.25,6.25,6.25,6.25,6.25,492.0
2024-10-25 13:53:00+00:00,CORZ,13.529999732971191,13.529999732971191,13.53499984741211,13.510100364685059,13.53499984741211,9368.0
2024-10-25 13:53:00+00:00,CRCT,6.619900226593018,6.619900226593018,6.619999885559082,6.619900226593018,6.619999885559082,1089.0
2024-10-25 13:53:00+00:00,CRDO,39.220001220703125,39.220001220703125,39.244998931884766,39.220001220703125,39.244998931884766,326.0
2024-10-25 13:53:00+00:00,CRSR,6.360000133514404,6.360000133514404,6.360000133514404,6.360000133514404,6.360000133514404,343.0
2024-10-25 13:53:00+00:00,CRWD,298.2449951171875,298.2449951171875,298.96881103515625,298.08319091796875,298.9150085449219,19736.0
2024-10-25 13:53:00+00:00,CSCO,55.85599899291992,55.85599899291992,55.86000061035156,55.849998474121094,55.849998474121094,10095.0
2024-10-25 13:53:00+00:00,CSIQ,13.413399696350098,13.413399696350098,13.413399696350098,13.413399696350098,13.413399696350098,535.0
2024-10-25 13:53:00+00:00,CTSH,74.83999633789062,74.83999633789062,74.8550033569336,74.83000183105469,74.8499984741211,3246.0
2024-10-25 13:53:00+00:00,DATS,1.6708999872207642,1.6708999872207642,1.690000057220459,1.6708999872207642,1.690000057220459,1000.0
2024-10-25 13:53:00+00:00,DBX,25.93000030517578,25.93000030517578,25.93000030517578,25.93000030517578,25.93000030517578,839.0
2024-10-25 13:53:00+00:00,DDOG,126.86499786376953,126.86499786376953,127.0199966430664,126.86499786376953,127.0199966430664,2297.0
2024-10-25 13:53:00+00:00,DOCU,69.43000030517578,69.43000030517578,69.43000030517578,69.43000030517578,69.43000030517578,448.0
2024-10-25 13:53:00+00:00,DOMO,8.0600004196167,8.0600004196167,8.0600004196167,8.0600004196167,8.0600004196167,603.0
2024-10-25 13:53:00+00:00,DSGX,103.77999877929688,103.77999877929688,103.79000091552734,103.77999877929688,103.79000091552734,815.0
2024-10-25 13:53:00+00:00,ENPH,83.62000274658203,83.62000274658203,83.62000274658203,83.47000122070312,83.47000122070312,3736.0
2024-10-25 13:53:00+00:00,ENTG,105.73999786376953,105.73999786376953,105.73999786376953,105.7249984741211,105.7249984741211,124972.0
2024-10-25 13:53:00+00:00,ERIC,8.456000328063965,8.456000328063965,8.456000328063965,8.456000328063965,8.456000328063965,5813.0
2024-10-25 13:53:00+00:00,EXFY,1.7273000478744507,1.7273000478744507,1.7273000478744507,1.7273000478744507,1.7273000478744507,1900.0
2024-10-25 13:53:00+00:00,EXLS,38.72999954223633,38.72999954223633,38.72999954223633,38.709999084472656,38.709999084472656,1351.0
2024-10-25 13:53:00+00:00,FARO,18.125,18.125,18.125,18.1200008392334,18.1200008392334,557.0
2024-10-25 13:53:00+00:00,FFIV,216.15249633789062,216.15249633789062,216.15499877929688,216.08279418945312,216.08279418945312,1759.0
2024-10-25 13:53:00+00:00,FIVN,30.059999465942383,30.059999465942383,30.079999923706055,30.049999237060547,30.06999969482422,4995.0
2024-10-25 13:53:00+00:00,FLEX,35.22999954223633,35.22999954223633,35.2400016784668,35.22999954223633,35.2400016784668,4711.0
2024-10-25 13:53:00+00:00,FLYW,17.290000915527344,17.290000915527344,17.34000015258789,17.290000915527344,17.34000015258789,2486.0
2024-10-25 13:53:00+00:00,FRSH,11.649999618530273,11.649999618530273,11.65999984741211,11.649999618530273,11.65999984741211,3128.0
2024-10-25 13:53:00+00:00,FSLR,198.58999633789062,198.58999633789062,198.58999633789062,198.3800048828125,198.3800048828125,2823.0
2024-10-25 13:53:00+00:00,FTNT,80.7699966430664,80.7699966430664,80.7699966430664,80.75,80.75499725341797,1827.0
2024-10-25 13:53:00+00:00,GCT,24.81999969482422,24.81999969482422,24.81999969482422,24.81999969482422,24.81999969482422,1250.0
2024-10-25 13:53:00+00:00,GDS,21.40999984741211,21.40999984741211,21.40999984741211,21.40999984741211,21.40999984741211,368.0
2024-10-25 13:53:00+00:00,GFS,40.96500015258789,40.96500015258789,40.96500015258789,40.96500015258789,40.96500015258789,516.0
2024-10-25 13:53:00+00:00,GILT,4.920000076293945,4.920000076293945,4.920000076293945,4.914999961853027,4.920000076293945,1924.0
2024-10-25 13:53:00+00:00,GRAB,4.09499979019165,4.09499979019165,4.09499979019165,4.090000152587891,4.09499979019165,7657.0
2024-10-25 13:53:00+00:00,GRRR,4.519999980926514,4.519999980926514,4.519999980926514,4.519999980926514,4.519999980926514,255.0
2024-10-25 13:53:00+00:00,GTLB,55.45500183105469,55.45500183105469,55.45500183105469,55.45500183105469,55.45500183105469,847.0
2024-10-25 13:53:00+00:00,GVP,4.610000133514404,4.610000133514404,4.610000133514404,4.610000133514404,4.610000133514404,400.0
2024-10-25 13:53:00+00:00,HCP,33.662498474121094,33.662498474121094,33.662498474121094,33.662498474121094,33.662498474121094,547.0
2024-10-25 13:53:00+00:00,HOLO,3.609999895095825,3.609999895095825,3.609999895095825,3.609999895095825,3.609999895095825,700.0
2024-10-25 13:53:00+00:00,HOOD,27.263999938964844,27.263999938964844,27.270000457763672,27.263999938964844,27.270000457763672,1447.0
2024-10-25 13:53:00+00:00,ICHR,27.665000915527344,27.665000915527344,27.665000915527344,27.665000915527344,27.665000915527344,506.0
2024-10-25 13:53:00+00:00,IIIV,22.889999389648438,22.889999389648438,22.889999389648438,22.889999389648438,22.889999389648438,448.0
2024-10-25 13:53:00+00:00,IMMR,8.744999885559082,8.744999885559082,8.744999885559082,8.744999885559082,8.744999885559082,733.0
2024-10-25 13:53:00+00:00,INDI,3.5350000858306885,3.5350000858306885,3.5399999618530273,3.5350000858306885,3.5399999618530273,5661.0
2024-10-25 13:53:00+00:00,INFN,6.775000095367432,6.775000095367432,6.775000095367432,6.769999980926514,6.769999980926514,379.0
2024-10-25 13:53:00+00:00,INTA,50.064998626708984,50.064998626708984,50.064998626708984,50.060001373291016,50.060001373291016,590.0
2024-10-25 13:53:00+00:00,INTC,22.915000915527344,22.915000915527344,22.920000076293945,22.899999618530273,22.899999618530273,67374.0
2024-10-25 13:53:00+00:00,INTU,610.2150268554688,610.2150268554688,610.2150268554688,610.0499877929688,610.0499877929688,352.0
2024-10-25 13:53:00+00:00,INVE,3.5799999237060547,3.5799999237060547,3.5799999237060547,3.5799999237060547,3.5799999237060547,690.0
2024-10-25 13:53:00+00:00,IPGP,77.0199966430664,77.0199966430664,77.0199966430664,77.0199966430664,77.0199966430664,131.0
2024-10-25 13:53:00+00:00,ITI,7.199999809265137,7.199999809265137,7.199999809265137,7.199999809265137,7.199999809265137,351.0
2024-10-25 13:53:00+00:00,JAMF,16.75,16.75,16.75,16.75,16.75,257.0
2024-10-25 13:53:00+00:00,JKHY,182.7100067138672,182.7100067138672,182.7100067138672,182.66000366210938,182.66000366210938,382.0
2024-10-25 13:53:00+00:00,KC,2.694999933242798,2.694999933242798,2.694999933242798,2.694999933242798,2.694999933242798,767.0
2024-10-25 13:53:00+00:00,KLAC,677.8300170898438,677.8300170898438,677.8300170898438,677.8300170898438,677.8300170898438,544.0
2024-10-25 13:53:00+00:00,LITE,64.29000091552734,64.29000091552734,64.29000091552734,64.26000213623047,64.26000213623047,672.0
2024-10-25 13:53:00+00:00,LRCX,78.7699966430664,78.7699966430664,78.80000305175781,78.7699966430664,78.7959976196289,6927.0
2024-10-25 13:53:00+00:00,LSCC,54.380001068115234,54.380001068115234,54.380001068115234,54.3650016784668,54.3650016784668,1669.0
2024-10-25 13:53:00+00:00,LYFT,13.764900207519531,13.764900207519531,13.764900207519531,13.764900207519531,13.764900207519531,1590.0
2024-10-25 13:53:00+00:00,MCHP,76.8499984741211,76.8499984741211,76.87999725341797,76.8499984741211,76.87999725341797,4148.0
2024-10-25 13:53:00+00:00,MDB,267.2300109863281,267.2300109863281,267.2300109863281,267.2300109863281,267.2300109863281,398.0
2024-10-25 13:53:00+00:00,MITK,8.779999732971191,8.779999732971191,8.779999732971191,8.777999877929688,8.777999877929688,336.0
2024-10-25 13:53:00+00:00,MNDY,300.5899963378906,300.5899963378906,300.6000061035156,300.5899963378906,300.6000061035156,592.0
2024-10-25 13:53:00+00:00,MQ,5.295000076293945,5.295000076293945,5.300000190734863,5.295000076293945,5.295000076293945,8520.0
2024-10-25 13:53:00+00:00,MRVL,82.27999877929688,82.27999877929688,82.32279968261719,82.2656021118164,82.32279968261719,8264.0
2024-10-25 13:53:00+00:00,MSFT,428.7296142578125,428.7296142578125,428.8599853515625,428.6499938964844,428.69500732421875,15715.0
2024-10-25 13:53:00+00:00,MSTR,238.33349609375,238.33349609375,238.75,238.26539611816406,238.3000030517578,21184.0
2024-10-25 13:53:00+00:00,MTEK,1.9010000228881836,1.9010000228881836,1.9010000228881836,1.9010000228881836,1.9010000228881836,349.0
2024-10-25 13:53:00+00:00,MTTR,4.605000019073486,4.605000019073486,4.610000133514404,4.599999904632568,4.605000019073486,4167.0
2024-10-25 13:53:00+00:00,MU,108.38690185546875,108.38690185546875,108.43000030517578,108.37000274658203,108.41999816894531,7579.0
2024-10-25 13:53:00+00:00,MVIS,1.0850000381469727,1.0850000381469727,1.090000033378601,1.0850000381469727,1.090000033378601,131.0
2024-10-25 13:53:00+00:00,MXL,14.824999809265137,14.824999809265137,14.84000015258789,14.819999694824219,14.84000015258789,2036.0
2024-10-25 13:53:00+00:00,NICE,175.86000061035156,175.86000061035156,175.86000061035156,175.86000061035156,175.86000061035156,516.0
2024-10-25 13:53:00+00:00,NTNX,62.17020034790039,62.17020034790039,62.17020034790039,62.17020034790039,62.17020034790039,493.0
2024-10-25 13:53:00+00:00,NVDA,142.25990295410156,142.25990295410156,142.31919860839844,142.22999572753906,142.31869506835938,233338.0
2024-10-25 13:53:00+00:00,NVEI,33.505001068115234,33.505001068115234,33.505001068115234,33.505001068115234,33.505001068115234,500.0
2024-10-25 13:53:00+00:00,OKTA,72.23770141601562,72.23770141601562,72.23770141601562,72.23770141601562,72.23770141601562,653.0
2024-10-25 13:53:00+00:00,ON,71.87000274658203,71.87000274658203,71.87000274658203,71.83999633789062,71.85340118408203,9380.0
2024-10-25 13:53:00+00:00,OSIS,135.63999938964844,135.63999938964844,135.83999633789062,135.58999633789062,135.6750030517578,2363.0
2024-10-25 13:53:00+00:00,PANW,367.4700012207031,367.4700012207031,367.55999755859375,367.4700012207031,367.55999755859375,588.0
2024-10-25 13:53:00+00:00,PAYO,8.3100004196167,8.3100004196167,8.3100004196167,8.3100004196167,8.3100004196167,497.0
2024-10-25 13:53:00+00:00,PGY,11.829999923706055,11.829999923706055,11.829999923706055,11.829999923706055,11.829999923706055,557.0
2024-10-25 13:53:00+00:00,PHUN,10.669899940490723,10.669899940490723,10.720000267028809,10.539799690246582,10.550000190734863,202781.0
2024-10-25 13:53:00+00:00,PI,202.53500366210938,202.53500366210938,202.5449981689453,202.35000610351562,202.35000610351562,2593.0
2024-10-25 13:53:00+00:00,PLAB,23.610000610351562,23.610000610351562,23.610000610351562,23.610000610351562,23.610000610351562,1125.0
2024-10-25 13:53:00+00:00,PLXS,141.8800048828125,141.8800048828125,141.8800048828125,141.8800048828125,141.8800048828125,765.0
2024-10-25 13:53:00+00:00,POET,3.869999885559082,3.869999885559082,3.869999885559082,3.869999885559082,3.869999885559082,231.0
2024-10-25 13:53:00+00:00,PRCH,1.315000057220459,1.315000057220459,1.315000057220459,1.315000057220459,1.315000057220459,500.0
2024-10-25 13:53:00+00:00,PTC,186.55999755859375,186.55999755859375,186.55999755859375,186.55999755859375,186.55999755859375,298.0
2024-10-25 13:53:00+00:00,PYCR,14.305000305175781,14.305000305175781,14.305000305175781,14.305000305175781,14.305000305175781,302.0
2024-10-25 13:53:00+00:00,QCOM,171.8800048828125,171.8800048828125,171.97000122070312,171.8800048828125,171.97000122070312,3352.0
2024-10-25 13:53:00+00:00,QLYS,120.66000366210938,120.66000366210938,120.66000366210938,120.66000366210938,120.66000366210938,1198.0
2024-10-25 13:53:00+00:00,QRVO,100.25499725341797,100.25499725341797,100.25499725341797,100.22000122070312,100.22000122070312,440.0
2024-10-25 13:53:00+00:00,REKR,1.100000023841858,1.100000023841858,1.100000023841858,1.100000023841858,1.100000023841858,145.0
2024-10-25 13:53:00+00:00,RELY,14.819999694824219,14.819999694824219,14.819999694824219,14.800000190734863,14.819999694824219,3661.0
2024-10-25 13:53:00+00:00,RGTI,1.2280000448226929,1.2280000448226929,1.2280000448226929,1.225000023841858,1.225000023841858,1066.0
2024-10-25 13:53:00+00:00,RIOT,9.940899848937988,9.940899848937988,9.949999809265137,9.939900398254395,9.939900398254395,25541.0
2024-10-25 13:53:00+00:00,RMBS,43.34000015258789,43.34000015258789,43.38999938964844,43.34000015258789,43.38999938964844,716.0
2024-10-25 13:53:00+00:00,RPD,38.7599983215332,38.7599983215332,38.7599983215332,38.75,38.75,2288.0
2024-10-25 13:53:00+00:00,RUM,5.795000076293945,5.795000076293945,5.795000076293945,5.79010009765625,5.79010009765625,203.0
2024-10-25 13:53:00+00:00,RUN,14.369999885559082,14.369999885559082,14.375,14.359999656677246,14.359999656677246,6552.0
2024-10-25 13:53:00+00:00,RXT,2.505000114440918,2.505000114440918,2.509999990463257,2.505000114440918,2.509999990463257,10964.0
2024-10-25 13:53:00+00:00,SATS,25.020000457763672,25.020000457763672,25.020000457763672,25.020000457763672,25.020000457763672,535.0
2024-10-25 13:53:00+00:00,SCWX,8.375,8.375,8.375,8.375,8.375,662.0
2024-10-25 13:53:00+00:00,SEDG,15.994999885559082,15.994999885559082,16.020000457763672,15.979999542236328,15.995499610900879,5300.0
2024-10-25 13:53:00+00:00,SHLS,5.255000114440918,5.255000114440918,5.255000114440918,5.255000114440918,5.255000114440918,1098.0
2024-10-25 13:53:00+00:00,SITM,181.97999572753906,181.97999572753906,181.97999572753906,181.97999572753906,181.97999572753906,1613.0
2024-10-25 13:53:00+00:00,SKYT,10.569999694824219,10.569999694824219,10.569999694824219,10.569999694824219,10.569999694824219,466.0
2024-10-25 13:53:00+00:00,SMCI,47.20000076293945,47.20000076293945,47.22999954223633,47.18000030517578,47.209999084472656,29600.0
2024-10-25 13:53:00+00:00,SMTC,45.790000915527344,45.790000915527344,45.810001373291016,45.790000915527344,45.810001373291016,377.0
2024-10-25 13:53:00+00:00,SNPS,504.20001220703125,504.20001220703125,504.20001220703125,504.20001220703125,504.20001220703125,313.0
2024-10-25 13:53:00+00:00,SONO,12.760000228881836,12.760000228881836,12.760000228881836,12.760000228881836,12.760000228881836,1402.0
2024-10-25 13:53:00+00:00,SOUN,5.195000171661377,5.195000171661377,5.199999809265137,5.190000057220459,5.190000057220459,26690.0
2024-10-25 13:53:00+00:00,SPSC,173.48500061035156,173.48500061035156,173.7050018310547,173.43499755859375,173.7050018310547,1141.0
2024-10-25 13:53:00+00:00,SPT,26.829999923706055,26.829999923706055,26.829999923706055,26.829999923706055,26.829999923706055,1484.0
2024-10-25 13:53:00+00:00,SRAD,12.359999656677246,12.359999656677246,12.359999656677246,12.359999656677246,12.359999656677246,495.0
2024-10-25 13:53:00+00:00,SSNC,69.75499725341797,69.75499725341797,69.75499725341797,69.75499725341797,69.75499725341797,503.0
2024-10-25 13:53:00+00:00,SSTI,11.319999694824219,11.319999694824219,11.319999694824219,11.319999694824219,11.319999694824219,109.0
2024-10-25 13:53:00+00:00,STNE,11.532899856567383,11.532899856567383,11.539999961853027,11.529999732971191,11.539999961853027,8167.0
2024-10-25 13:53:00+00:00,STX,103.58000183105469,103.58000183105469,103.5999984741211,103.56999969482422,103.5999984741211,1034.0
2024-10-25 13:53:00+00:00,SWKS,96.40499877929688,96.40499877929688,96.40499877929688,96.40499877929688,96.40499877929688,319.0
2024-10-25 13:53:00+00:00,TAOP,0.49050000309944153,0.49050000309944153,0.49050000309944153,0.49050000309944153,0.49050000309944153,11000.0
2024-10-25 13:53:00+00:00,TEAM,189.41659545898438,189.41659545898438,189.49000549316406,189.41659545898438,189.4250030517578,1431.0
2024-10-25 13:53:00+00:00,TER,113.12000274658203,113.12000274658203,113.12000274658203,112.91999816894531,112.91999816894531,15319.0
2024-10-25 13:53:00+00:00,TLS,3.619999885559082,3.619999885559082,3.619999885559082,3.619999885559082,3.619999885559082,1169.0
2024-10-25 13:53:00+00:00,TRMB,61.1349983215332,61.1349983215332,61.1349983215332,61.130001068115234,61.1349983215332,1669.0
2024-10-25 13:53:00+00:00,TTD,118.77999877929688,118.77999877929688,118.80999755859375,118.76499938964844,118.80000305175781,2747.0
2024-10-25 13:53:00+00:00,TTMI,19.610000610351562,19.610000610351562,19.610000610351562,19.610000610351562,19.610000610351562,423.0
2024-10-25 13:53:00+00:00,TWKS,4.440000057220459,4.440000057220459,4.449999809265137,4.440000057220459,4.445000171661377,6954.0
2024-10-25 13:53:00+00:00,TXN,208.00999450683594,208.00999450683594,208.2050018310547,207.94000244140625,208.2050018310547,30901.0
2024-10-25 13:53:00+00:00,VERX,41.68000030517578,41.68000030517578,41.68000030517578,41.68000030517578,41.68000030517578,1583.0
2024-10-25 13:53:00+00:00,VICR,46.77000045776367,46.77000045776367,46.77000045776367,46.77000045776367,46.77000045776367,439.0
2024-10-25 13:53:00+00:00,VMEO,4.75,4.75,4.760000228881836,4.75,4.760000228881836,1379.0
2024-10-25 13:53:00+00:00,VNET,3.434999942779541,3.434999942779541,3.434999942779541,3.434999942779541,3.434999942779541,500.0
2024-10-25 13:53:00+00:00,VRNS,56.72999954223633,56.72999954223633,56.7599983215332,56.72999954223633,56.7599983215332,484.0
2024-10-25 13:53:00+00:00,VSAT,10.223999977111816,10.223999977111816,10.225000381469727,10.223999977111816,10.225000381469727,816.0
2024-10-25 13:53:00+00:00,VUZI,1.315000057220459,1.315000057220459,1.315000057220459,1.315000057220459,1.315000057220459,112.0
2024-10-25 13:53:00+00:00,WDC,70.41999816894531,70.41999816894531,70.52999877929688,70.41999816894531,70.5199966430664,13170.0
2024-10-25 13:53:00+00:00,WISA,1.9450000524520874,1.9450000524520874,1.9700000286102295,1.9299999475479126,1.9682999849319458,7879.0
2024-10-25 13:53:00+00:00,WIX,164.92999267578125,164.92999267578125,164.92999267578125,164.92999267578125,164.92999267578125,245.0
2024-10-25 13:53:00+00:00,XRX,9.979999542236328,9.979999542236328,9.989999771118164,9.979999542236328,9.989999771118164,776.0
2024-10-25 13:53:00+00:00,ZI,10.510000228881836,10.510000228881836,10.510000228881836,10.510000228881836,10.510000228881836,4283.0
2024-10-25 13:53:00+00:00,ZM,73.01349639892578,73.01349639892578,73.01349639892578,73.01000213623047,73.01000213623047,1110.0
2024-10-25 13:53:00+00:00,ZS,184.8350067138672,184.8350067138672,184.8350067138672,184.8300018310547,184.8300018310547,1477.0
2024-10-25 13:54:00+00:00,AAOI,17.790000915527344,17.790000915527344,17.790000915527344,17.78499984741211,17.78499984741211,354.0
2024-10-25 13:54:00+00:00,AAPL,231.85960388183594,231.85960388183594,231.9600067138672,231.8300018310547,231.9197998046875,42981.0
2024-10-25 13:54:00+00:00,ACLS,90.08000183105469,90.08000183105469,90.08000183105469,90.08000183105469,90.08000183105469,413.0
2024-10-25 13:54:00+00:00,ACMR,19.725000381469727,19.725000381469727,19.725000381469727,19.709999084472656,19.719999313354492,717.0
2024-10-25 13:54:00+00:00,ADBE,484.75,484.75,484.75,484.75,484.75,1167.0
2024-10-25 13:54:00+00:00,ADI,232.17999267578125,232.17999267578125,232.17999267578125,232.1199951171875,232.1199951171875,728.0
2024-10-25 13:54:00+00:00,ADSK,285.9100036621094,285.9100036621094,285.9100036621094,285.9100036621094,285.9100036621094,560.0
2024-10-25 13:54:00+00:00,AEHR,17.049999237060547,17.049999237060547,17.100000381469727,17.049999237060547,17.09000015258789,3362.0
2024-10-25 13:54:00+00:00,AFRM,41.560001373291016,41.560001373291016,41.564998626708984,41.510101318359375,41.540000915527344,12737.0
2024-10-25 13:54:00+00:00,AGMH,1.7899999618530273,1.7899999618530273,1.7899999618530273,1.7899999618530273,1.7899999618530273,0.0
2024-10-25 13:54:00+00:00,AKAM,102.3499984741211,102.3499984741211,102.3499984741211,102.31999969482422,102.31999969482422,1337.0
2024-10-25 13:54:00+00:00,ALGM,23.200000762939453,23.200000762939453,23.200000762939453,23.190000534057617,23.190000534057617,4522.0
2024-10-25 13:54:00+00:00,AMAT,187.9199981689453,187.9199981689453,187.9199981689453,187.88999938964844,187.88999938964844,2410.0
2024-10-25 13:54:00+00:00,AMD,156.75999450683594,156.75999450683594,156.86000061035156,156.7301025390625,156.80999755859375,233926.0
2024-10-25 13:54:00+00:00,AMKR,30.094999313354492,30.094999313354492,30.100000381469727,30.09000015258789,30.100000381469727,1528.0
2024-10-25 13:54:00+00:00,AMPL,9.154999732971191,9.154999732971191,9.154999732971191,9.154999732971191,9.154999732971191,438.0
2024-10-25 13:54:00+00:00,API,2.8949999809265137,2.8949999809265137,2.8949999809265137,2.8949999809265137,2.8949999809265137,1494.0
2024-10-25 13:54:00+00:00,APP,160.94000244140625,160.94000244140625,161.07000732421875,160.94000244140625,161.07000732421875,2583.0
2024-10-25 13:54:00+00:00,APPN,32.13999938964844,32.13999938964844,32.189998626708984,32.13999938964844,32.189998626708984,2210.0
2024-10-25 13:54:00+00:00,APPS,3.069999933242798,3.069999933242798,3.069999933242798,3.069999933242798,3.069999933242798,329.0
2024-10-25 13:54:00+00:00,ARRY,6.359499931335449,6.359499931335449,6.359899997711182,6.329999923706055,6.349999904632568,42559.0
2024-10-25 13:54:00+00:00,ASML,715.885009765625,715.885009765625,715.885009765625,715.885009765625,715.885009765625,733.0
2024-10-25 13:54:00+00:00,AUR,6.434999942779541,6.434999942779541,6.440000057220459,6.434999942779541,6.434999942779541,7355.0
2024-10-25 13:54:00+00:00,AVDX,8.074999809265137,8.074999809265137,8.074999809265137,8.074999809265137,8.074999809265137,958.0
2024-10-25 13:54:00+00:00,AVGO,174.38999938964844,174.38999938964844,174.4398956298828,174.25,174.3300018310547,24100.0
2024-10-25 13:54:00+00:00,AVPT,11.96500015258789,11.96500015258789,11.96500015258789,11.96500015258789,11.96500015258789,429.0
2024-10-25 13:54:00+00:00,BEEM,4.84499979019165,4.84499979019165,4.84499979019165,4.84499979019165,4.84499979019165,472.0
2024-10-25 13:54:00+00:00,BELFB,79.2249984741211,79.2249984741211,79.2249984741211,79.2249984741211,79.2249984741211,338.0
2024-10-25 13:54:00+00:00,BIGC,5.300000190734863,5.300000190734863,5.300000190734863,5.300000190734863,5.300000190734863,840.0
2024-10-25 13:54:00+00:00,BMBL,7.119999885559082,7.119999885559082,7.119999885559082,7.119999885559082,7.119999885559082,667.0
2024-10-25 13:54:00+00:00,BRZE,30.809999465942383,30.809999465942383,30.809999465942383,30.809999465942383,30.809999465942383,1145.0
2024-10-25 13:54:00+00:00,BSY,49.2052001953125,49.2052001953125,49.2052001953125,49.19139862060547,49.19990158081055,940.0
2024-10-25 13:54:00+00:00,CAN,0.9818999767303467,0.9818999767303467,0.9818999767303467,0.9804999828338623,0.9804999828338623,74302.0
2024-10-25 13:54:00+00:00,CDNS,258.75,258.75,258.82000732421875,258.3999938964844,258.5350036621094,5680.0
2024-10-25 13:54:00+00:00,CDW,218.52000427246094,218.52000427246094,218.52000427246094,218.52000427246094,218.52000427246094,1209.0
2024-10-25 13:54:00+00:00,CETX,0.30300000309944153,0.30300000309944153,0.30300000309944153,0.30300000309944153,0.30300000309944153,2611.0
2024-10-25 13:54:00+00:00,CFLT,22.639999389648438,22.639999389648438,22.639999389648438,22.6299991607666,22.6299991607666,3591.0
2024-10-25 13:54:00+00:00,CGNX,38.939998626708984,38.939998626708984,38.94499969482422,38.939998626708984,38.94499969482422,769.0
2024-10-25 13:54:00+00:00,CLFD,36.43000030517578,36.43000030517578,36.43000030517578,36.43000030517578,36.43000030517578,240.0
2024-10-25 13:54:00+00:00,CLSK,11.877900123596191,11.877900123596191,11.878600120544434,11.860099792480469,11.864999771118164,22709.0
2024-10-25 13:54:00+00:00,CNXC,44.5099983215332,44.5099983215332,44.5099983215332,44.5099983215332,44.5099983215332,1880.0
2024-10-25 13:54:00+00:00,COHU,26.1299991607666,26.1299991607666,26.1299991607666,26.1299991607666,26.1299991607666,160.0
2024-10-25 13:54:00+00:00,COIN,211.19749450683594,211.19749450683594,211.19749450683594,210.9958953857422,210.9958953857422,3764.0
2024-10-25 13:54:00+00:00,COMM,6.255000114440918,6.255000114440918,6.25600004196167,6.244999885559082,6.244999885559082,25972.0
2024-10-25 13:54:00+00:00,CORZ,13.510299682617188,13.510299682617188,13.520000457763672,13.510299682617188,13.520000457763672,6127.0
2024-10-25 13:54:00+00:00,CRCT,6.630000114440918,6.630000114440918,6.630000114440918,6.630000114440918,6.630000114440918,201.0
2024-10-25 13:54:00+00:00,CRDO,39.220001220703125,39.220001220703125,39.244998931884766,39.220001220703125,39.244998931884766,1909.0
2024-10-25 13:54:00+00:00,CRSR,6.360000133514404,6.360000133514404,6.360000133514404,6.360000133514404,6.360000133514404,705.0
2024-10-25 13:54:00+00:00,CRUS,123.05000305175781,123.05000305175781,123.21499633789062,123.05000305175781,123.21499633789062,580.0
2024-10-25 13:54:00+00:00,CRWD,297.9949951171875,297.9949951171875,298.25,297.7139892578125,298.0,10497.0
2024-10-25 13:54:00+00:00,CSCO,55.84000015258789,55.84000015258789,55.85499954223633,55.84000015258789,55.849998474121094,11542.0
2024-10-25 13:54:00+00:00,CSIQ,13.470000267028809,13.470000267028809,13.470000267028809,13.4399995803833,13.4399995803833,2969.0
2024-10-25 13:54:00+00:00,CTSH,74.83999633789062,74.83999633789062,74.8499984741211,74.82499694824219,74.82499694824219,2333.0
2024-10-25 13:54:00+00:00,DAKT,13.03499984741211,13.03499984741211,13.03499984741211,13.03499984741211,13.03499984741211,578.0
2024-10-25 13:54:00+00:00,DATS,1.6708999872207642,1.6708999872207642,1.6708999872207642,1.6708999872207642,1.6708999872207642,728.0
2024-10-25 13:54:00+00:00,DBX,25.924999237060547,25.924999237060547,25.93000030517578,25.924999237060547,25.924999237060547,2483.0
2024-10-25 13:54:00+00:00,DDOG,126.87999725341797,126.87999725341797,126.90399932861328,126.87999725341797,126.88249969482422,2690.0
2024-10-25 13:54:00+00:00,DGHI,1.5199999809265137,1.5199999809265137,1.5499999523162842,1.5199999809265137,1.5499999523162842,10749.0
2024-10-25 13:54:00+00:00,DIOD,65.72000122070312,65.72000122070312,65.72000122070312,65.72000122070312,65.72000122070312,226.0
2024-10-25 13:54:00+00:00,DLO,8.854999542236328,8.854999542236328,8.854999542236328,8.854999542236328,8.854999542236328,498.0
2024-10-25 13:54:00+00:00,DOCU,69.37999725341797,69.37999725341797,69.42500305175781,69.37999725341797,69.42500305175781,2162.0
2024-10-25 13:54:00+00:00,DOMO,8.069999694824219,8.069999694824219,8.069999694824219,8.069999694824219,8.069999694824219,102.0
2024-10-25 13:54:00+00:00,DUOL,288.44500732421875,288.44500732421875,288.44500732421875,288.44500732421875,288.44500732421875,609.0
2024-10-25 13:54:00+00:00,EGAN,4.78000020980835,4.78000020980835,4.78000020980835,4.78000020980835,4.78000020980835,961.0
2024-10-25 13:54:00+00:00,ENPH,83.56999969482422,83.56999969482422,83.63500213623047,83.5199966430664,83.58999633789062,5588.0
2024-10-25 13:54:00+00:00,ENTG,105.19999694824219,105.19999694824219,105.74500274658203,105.19999694824219,105.74500274658203,10055.0
2024-10-25 13:54:00+00:00,ERIC,8.449999809265137,8.449999809265137,8.45199966430664,8.444000244140625,8.449999809265137,77894.0
2024-10-25 13:54:00+00:00,EXFY,1.725000023841858,1.725000023841858,1.725000023841858,1.725000023841858,1.725000023841858,0.0
2024-10-25 13:54:00+00:00,EXTR,14.40999984741211,14.40999984741211,14.40999984741211,14.404999732971191,14.40999984741211,1002.0
2024-10-25 13:54:00+00:00,FARO,18.125,18.125,18.125,18.125,18.125,321.0
2024-10-25 13:54:00+00:00,FFIV,216.14500427246094,216.14500427246094,216.14500427246094,216.14500427246094,216.14500427246094,668.0
2024-10-25 13:54:00+00:00,FIVN,30.079999923706055,30.079999923706055,30.079999923706055,30.049999237060547,30.065000534057617,8814.0
2024-10-25 13:54:00+00:00,FLEX,35.27000045776367,35.27000045776367,35.27000045776367,35.2400016784668,35.2400016784668,10904.0
2024-10-25 13:54:00+00:00,FROG,29.25,29.25,29.25,29.25,29.25,239.0
2024-10-25 13:54:00+00:00,FRSH,11.649999618530273,11.649999618530273,11.654999732971191,11.649999618530273,11.654999732971191,994.0
2024-10-25 13:54:00+00:00,FSLR,198.72079467773438,198.72079467773438,198.88999938964844,198.5800018310547,198.5800018310547,2869.0
2024-10-25 13:54:00+00:00,FTNT,80.75749969482422,80.75749969482422,80.76119995117188,80.73999786376953,80.75,2515.0
2024-10-25 13:54:00+00:00,GCT,24.81999969482422,24.81999969482422,24.81999969482422,24.81999969482422,24.81999969482422,654.0
2024-10-25 13:54:00+00:00,GDS,21.399999618530273,21.399999618530273,21.41990089416504,21.3799991607666,21.3799991607666,1270.0
2024-10-25 13:54:00+00:00,GRAB,4.09499979019165,4.09499979019165,4.099999904632568,4.09499979019165,4.09499979019165,6820.0
2024-10-25 13:54:00+00:00,GTLB,55.380001068115234,55.380001068115234,55.380001068115234,55.380001068115234,55.380001068115234,205.0
2024-10-25 13:54:00+00:00,HCP,33.665000915527344,33.665000915527344,33.665000915527344,33.665000915527344,33.665000915527344,771.0
2024-10-25 13:54:00+00:00,HOOD,27.279800415039062,27.279800415039062,27.280000686645508,27.25,27.260000228881836,4178.0
2024-10-25 13:54:00+00:00,ICHR,27.614999771118164,27.614999771118164,27.614999771118164,27.610000610351562,27.610000610351562,934.0
2024-10-25 13:54:00+00:00,IIIV,22.899999618530273,22.899999618530273,22.899999618530273,22.889999389648438,22.889999389648438,501.0
2024-10-25 13:54:00+00:00,IMMR,8.744999885559082,8.744999885559082,8.744999885559082,8.744999885559082,8.744999885559082,410.0
2024-10-25 13:54:00+00:00,INDI,3.5350000858306885,3.5350000858306885,3.5350000858306885,3.5350000858306885,3.5350000858306885,734.0
2024-10-25 13:54:00+00:00,INTA,50.06999969482422,50.06999969482422,50.06999969482422,50.06999969482422,50.06999969482422,235.0
2024-10-25 13:54:00+00:00,INTC,22.925800323486328,22.925800323486328,22.93000030517578,22.90999984741211,22.91010093688965,29425.0
2024-10-25 13:54:00+00:00,INTU,610.0650024414062,610.0650024414062,610.0650024414062,610.0650024414062,610.0650024414062,574.0
2024-10-25 13:54:00+00:00,IPGP,77.16000366210938,77.16000366210938,77.16000366210938,77.06999969482422,77.06999969482422,1395.0
2024-10-25 13:54:00+00:00,ITRI,102.83999633789062,102.83999633789062,102.83999633789062,102.83999633789062,102.83999633789062,291.0
2024-10-25 13:54:00+00:00,JKHY,182.64999389648438,182.64999389648438,182.64999389648438,182.64999389648438,182.64999389648438,1296.0
2024-10-25 13:54:00+00:00,KC,2.690000057220459,2.690000057220459,2.694999933242798,2.690000057220459,2.694999933242798,521.0
2024-10-25 13:54:00+00:00,KLIC,44.459999084472656,44.459999084472656,44.459999084472656,44.459999084472656,44.459999084472656,263.0
2024-10-25 13:54:00+00:00,KOPN,0.7752000093460083,0.7752000093460083,0.7752000093460083,0.7752000093460083,0.7752000093460083,4000.0
2024-10-25 13:54:00+00:00,LITE,64.30500030517578,64.30500030517578,64.30500030517578,64.30500030517578,64.30500030517578,606.0
2024-10-25 13:54:00+00:00,LRCX,78.72039794921875,78.72039794921875,78.81999969482422,78.70999908447266,78.79000091552734,13974.0
2024-10-25 13:54:00+00:00,LSCC,54.37519836425781,54.37519836425781,54.40999984741211,54.37519836425781,54.400001525878906,1979.0
2024-10-25 13:54:00+00:00,LYFT,13.765999794006348,13.765999794006348,13.770000457763672,13.760000228881836,13.765000343322754,4814.0
2024-10-25 13:54:00+00:00,MANH,275.2799987792969,275.2799987792969,275.2799987792969,275.2200012207031,275.2200012207031,1596.0
2024-10-25 13:54:00+00:00,MAXN,5.650000095367432,5.650000095367432,5.650000095367432,5.631800174713135,5.631800174713135,298.0
2024-10-25 13:54:00+00:00,MCHP,76.86969757080078,76.86969757080078,76.86969757080078,76.83000183105469,76.83000183105469,3202.0
2024-10-25 13:54:00+00:00,MITK,8.779999732971191,8.779999732971191,8.779999732971191,8.779999732971191,8.779999732971191,1432.0
2024-10-25 13:54:00+00:00,MKSI,101.4800033569336,101.4800033569336,101.5875015258789,101.4800033569336,101.5875015258789,1959.0
2024-10-25 13:54:00+00:00,MNDY,300.1400146484375,300.1400146484375,300.6099853515625,300.1400146484375,300.6099853515625,890.0
2024-10-25 13:54:00+00:00,MQ,5.300000190734863,5.300000190734863,5.300000190734863,5.300000190734863,5.300000190734863,570.0
2024-10-25 13:54:00+00:00,MRVL,82.25,82.25,82.30000305175781,82.24500274658203,82.30000305175781,6364.0
2024-10-25 13:54:00+00:00,MSFT,428.67010498046875,428.67010498046875,428.8193054199219,428.6238098144531,428.7550048828125,12527.0
2024-10-25 13:54:00+00:00,MSTR,238.52000427246094,238.52000427246094,238.6199951171875,238.0,238.3560028076172,44126.0
2024-10-25 13:54:00+00:00,MTC,0.3734000027179718,0.3734000027179718,0.3734999895095825,0.3734000027179718,0.3734999895095825,0.0
2024-10-25 13:54:00+00:00,MTTR,4.614999771118164,4.614999771118164,4.619999885559082,4.599999904632568,4.599999904632568,50137.0
2024-10-25 13:54:00+00:00,MU,108.39009857177734,108.39009857177734,108.42500305175781,108.35009765625,108.38999938964844,16628.0
2024-10-25 13:54:00+00:00,MVIS,1.0850000381469727,1.0850000381469727,1.090000033378601,1.0850000381469727,1.090000033378601,10100.0
2024-10-25 13:54:00+00:00,MXL,14.824999809265137,14.824999809265137,14.824999809265137,14.824999809265137,14.824999809265137,595.0
2024-10-25 13:54:00+00:00,NCNO,37.689998626708984,37.689998626708984,37.689998626708984,37.689998626708984,37.689998626708984,252.0
2024-10-25 13:54:00+00:00,NTAP,119.9749984741211,119.9749984741211,119.9749984741211,119.9749984741211,119.9749984741211,561.0
2024-10-25 13:54:00+00:00,NTCT,20.68000030517578,20.68000030517578,20.68000030517578,20.68000030517578,20.68000030517578,185.0
2024-10-25 13:54:00+00:00,NTNX,62.154998779296875,62.154998779296875,62.154998779296875,62.154998779296875,62.154998779296875,618.0
2024-10-25 13:54:00+00:00,NVDA,142.19000244140625,142.19000244140625,142.2799072265625,142.08009338378906,142.25,406378.0
2024-10-25 13:54:00+00:00,NVEI,33.505001068115234,33.505001068115234,33.505001068115234,33.505001068115234,33.505001068115234,1419.0
2024-10-25 13:54:00+00:00,NVTS,2.563999891281128,2.563999891281128,2.563999891281128,2.563999891281128,2.563999891281128,191.0
2024-10-25 13:54:00+00:00,NXPI,244.5500030517578,244.5500030517578,244.59500122070312,244.42999267578125,244.59500122070312,2702.0
2024-10-25 13:54:00+00:00,NXPL,1.1100000143051147,1.1100000143051147,1.1100000143051147,1.1100000143051147,1.1100000143051147,125.0
2024-10-25 13:54:00+00:00,OKTA,72.20999908447266,72.20999908447266,72.23999786376953,72.20999908447266,72.23999786376953,1165.0
2024-10-25 13:54:00+00:00,OLED,204.14500427246094,204.14500427246094,204.14500427246094,204.14500427246094,204.14500427246094,200.0
2024-10-25 13:54:00+00:00,ON,71.8499984741211,71.8499984741211,71.87999725341797,71.83000183105469,71.8499984741211,13807.0
2024-10-25 13:54:00+00:00,OSIS,135.8000030517578,135.8000030517578,136.5,135.7899932861328,135.7899932861328,3100.0
2024-10-25 13:54:00+00:00,PANW,367.6000061035156,367.6000061035156,367.6000061035156,367.4700012207031,367.4700012207031,1321.0
2024-10-25 13:54:00+00:00,PAYO,8.305000305175781,8.305000305175781,8.305000305175781,8.305000305175781,8.305000305175781,525.0
2024-10-25 13:54:00+00:00,PEGA,79.63999938964844,79.63999938964844,79.63999938964844,79.63999938964844,79.63999938964844,564.0
2024-10-25 13:54:00+00:00,PET,0.7935000061988831,0.7935000061988831,0.7935000061988831,0.7935000061988831,0.7935000061988831,300.0
2024-10-25 13:54:00+00:00,PGY,11.850000381469727,11.850000381469727,11.850000381469727,11.850000381469727,11.850000381469727,594.0
2024-10-25 13:54:00+00:00,PHUN,10.614999771118164,10.614999771118164,10.699999809265137,10.600000381469727,10.668499946594238,81132.0
2024-10-25 13:54:00+00:00,PI,202.52999877929688,202.52999877929688,202.53500366210938,202.4199981689453,202.53500366210938,3890.0
2024-10-25 13:54:00+00:00,PLXS,141.75999450683594,141.75999450683594,141.91000366210938,141.75999450683594,141.91000366210938,515.0
2024-10-25 13:54:00+00:00,POET,3.869999885559082,3.869999885559082,3.869999885559082,3.869999885559082,3.869999885559082,500.0
2024-10-25 13:54:00+00:00,PRGS,64.5,64.5,64.5,64.5,64.5,438.0
2024-10-25 13:54:00+00:00,PRSO,1.7799999713897705,1.7799999713897705,1.7799999713897705,1.7799999713897705,1.7799999713897705,200.0
2024-10-25 13:54:00+00:00,PTC,186.6300048828125,186.6300048828125,186.6999969482422,186.56500244140625,186.56500244140625,453.0
2024-10-25 13:54:00+00:00,PXLW,0.75,0.75,0.7501000165939331,0.75,0.7501000165939331,9776.0
2024-10-25 13:54:00+00:00,PYCR,14.305000305175781,14.305000305175781,14.305000305175781,14.305000305175781,14.305000305175781,251.0
2024-10-25 13:54:00+00:00,QCOM,171.74000549316406,171.74000549316406,171.8800048828125,171.74000549316406,171.8699951171875,6809.0
2024-10-25 13:54:00+00:00,QRVO,100.25,100.25,100.25,100.25,100.25,726.0
2024-10-25 13:54:00+00:00,QUBT,1.0950000286102295,1.0950000286102295,1.1050000190734863,1.0950000286102295,1.1050000190734863,16592.0
2024-10-25 13:54:00+00:00,REKR,1.100000023841858,1.100000023841858,1.100000023841858,1.100000023841858,1.100000023841858,517.0
2024-10-25 13:54:00+00:00,RELY,14.829999923706055,14.829999923706055,14.829999923706055,14.829999923706055,14.829999923706055,1777.0
2024-10-25 13:54:00+00:00,RGTI,1.2200000286102295,1.2200000286102295,1.228700041770935,1.2200000286102295,1.2254999876022339,10681.0
2024-10-25 13:54:00+00:00,RIOT,9.955100059509277,9.955100059509277,9.95989990234375,9.9399995803833,9.944999694824219,29305.0
2024-10-25 13:54:00+00:00,RMBS,43.3849983215332,43.3849983215332,43.3849983215332,43.32500076293945,43.33000183105469,3279.0
2024-10-25 13:54:00+00:00,RMNI,1.715000033378601,1.715000033378601,1.715000033378601,1.715000033378601,1.715000033378601,218.0
2024-10-25 13:54:00+00:00,RPD,38.755001068115234,38.755001068115234,38.755001068115234,38.75,38.75,1118.0
2024-10-25 13:54:00+00:00,RUM,5.789999961853027,5.789999961853027,5.795000076293945,5.775000095367432,5.795000076293945,6520.0
2024-10-25 13:54:00+00:00,RUN,14.399999618530273,14.399999618530273,14.399999618530273,14.364999771118164,14.369999885559082,14483.0
2024-10-25 13:54:00+00:00,SANM,67.54350280761719,67.54350280761719,67.54350280761719,67.5250015258789,67.5250015258789,473.0
2024-10-25 13:54:00+00:00,SEDG,16.010000228881836,16.010000228881836,16.010000228881836,15.989999771118164,15.989999771118164,4208.0
2024-10-25 13:54:00+00:00,SHLS,5.255000114440918,5.255000114440918,5.260000228881836,5.255000114440918,5.255000114440918,3193.0
2024-10-25 13:54:00+00:00,SKYT,10.569999694824219,10.569999694824219,10.569999694824219,10.550000190734863,10.5600004196167,4547.0
2024-10-25 13:54:00+00:00,SLNHP,13.0,13.0,13.0,13.0,13.0,303.0
2024-10-25 13:54:00+00:00,SMCI,47.22600173950195,47.22600173950195,47.22600173950195,47.15999984741211,47.20240020751953,49777.0
2024-10-25 13:54:00+00:00,SMTC,45.810001373291016,45.810001373291016,45.86000061035156,45.790000915527344,45.790000915527344,668.0
2024-10-25 13:54:00+00:00,SNCR,10.619999885559082,10.619999885559082,10.619999885559082,10.619999885559082,10.619999885559082,361.0
2024-10-25 13:54:00+00:00,SOUN,5.179999828338623,5.179999828338623,5.199900150299072,5.179999828338623,5.195000171661377,44988.0
2024-10-25 13:54:00+00:00,SPSC,173.69500732421875,173.69500732421875,173.69500732421875,173.69500732421875,173.69500732421875,1106.0
2024-10-25 13:54:00+00:00,SSNC,69.80999755859375,69.80999755859375,69.80999755859375,69.73999786376953,69.75499725341797,12615.0
2024-10-25 13:54:00+00:00,SSYS,7.070000171661377,7.070000171661377,7.070000171661377,7.059999942779541,7.059999942779541,588.0
2024-10-25 13:54:00+00:00,STNE,11.539999961853027,11.539999961853027,11.539999961853027,11.531599998474121,11.53499984741211,5350.0
2024-10-25 13:54:00+00:00,STX,103.58999633789062,103.58999633789062,103.6178970336914,103.55999755859375,103.55999755859375,3386.0
2024-10-25 13:54:00+00:00,SVRE,0.07909999787807465,0.07909999787807465,0.07989999651908875,0.07900000363588333,0.07900000363588333,5119.0
2024-10-25 13:54:00+00:00,SWKS,96.43000030517578,96.43000030517578,96.43000030517578,96.37999725341797,96.38999938964844,1610.0
2024-10-25 13:54:00+00:00,SYTA,1.2803000211715698,1.2803000211715698,1.2803000211715698,1.2803000211715698,1.2803000211715698,0.0
2024-10-25 13:54:00+00:00,TENB,41.689998626708984,41.689998626708984,41.689998626708984,41.689998626708984,41.689998626708984,202.0
2024-10-25 13:54:00+00:00,TER,113.01499938964844,113.01499938964844,113.12999725341797,113.01499938964844,113.12000274658203,6186.0
2024-10-25 13:54:00+00:00,TRMB,61.150001525878906,61.150001525878906,61.150001525878906,61.150001525878906,61.150001525878906,244.0
2024-10-25 13:54:00+00:00,TTD,118.79000091552734,118.79000091552734,118.79000091552734,118.73999786376953,118.7699966430664,2625.0
2024-10-25 13:54:00+00:00,TTMI,19.6200008392334,19.6200008392334,19.625,19.6200008392334,19.6200008392334,1717.0
2024-10-25 13:54:00+00:00,TWKS,4.440000057220459,4.440000057220459,4.449999809265137,4.440000057220459,4.440000057220459,2530.0
2024-10-25 13:54:00+00:00,TXN,208.0749969482422,208.0749969482422,208.14999389648438,208.0,208.0,10679.0
2024-10-25 13:54:00+00:00,UCTT,35.790000915527344,35.790000915527344,35.790000915527344,35.77000045776367,35.779998779296875,970.0
2024-10-25 13:54:00+00:00,VECO,29.434999465942383,29.434999465942383,29.434999465942383,29.434999465942383,29.434999465942383,476.0
2024-10-25 13:54:00+00:00,VICR,46.7400016784668,46.7400016784668,46.7400016784668,46.720001220703125,46.720001220703125,845.0
2024-10-25 13:54:00+00:00,VMEO,4.760000228881836,4.760000228881836,4.760000228881836,4.760000228881836,4.760000228881836,883.0
2024-10-25 13:54:00+00:00,VNET,3.434999942779541,3.434999942779541,3.434999942779541,3.434999942779541,3.434999942779541,449.0
2024-10-25 13:54:00+00:00,VOXX,7.599999904632568,7.599999904632568,7.610000133514404,7.599999904632568,7.610000133514404,697.0
2024-10-25 13:54:00+00:00,VRNS,56.7599983215332,56.7599983215332,56.779998779296875,56.72999954223633,56.75,1452.0
2024-10-25 13:54:00+00:00,VS,2.559999942779541,2.559999942779541,2.559999942779541,2.559999942779541,2.559999942779541,621.0
2024-10-25 13:54:00+00:00,VSAT,10.218299865722656,10.218299865722656,10.218299865722656,10.210000038146973,10.210000038146973,1354.0
2024-10-25 13:54:00+00:00,WDAY,239.4250030517578,239.4250030517578,239.50999450683594,239.4250030517578,239.50999450683594,716.0
2024-10-25 13:54:00+00:00,WDC,70.36000061035156,70.36000061035156,70.43499755859375,70.33999633789062,70.41999816894531,16889.0
2024-10-25 13:54:00+00:00,WISA,1.9485000371932983,1.9485000371932983,1.9485000371932983,1.9485000371932983,1.9485000371932983,1500.0
2024-10-25 13:54:00+00:00,WLDSW,0.19099999964237213,0.19099999964237213,0.19099999964237213,0.18000000715255737,0.18000000715255737,0.0
2024-10-25 13:54:00+00:00,XRX,9.979999542236328,9.979999542236328,9.979999542236328,9.979999542236328,9.979999542236328,148.0
2024-10-25 13:54:00+00:00,ZBRA,360.94000244140625,360.94000244140625,360.94000244140625,360.94000244140625,360.94000244140625,625.0
2024-10-25 13:54:00+00:00,ZI,10.520000457763672,10.520000457763672,10.520000457763672,10.520000457763672,10.520000457763672,471.0
2024-10-25 13:54:00+00:00,ZM,73.02670288085938,73.02670288085938,73.02670288085938,73.01000213623047,73.01000213623047,2736.0
2024-10-25 13:55:00+00:00,AAOI,17.75,17.75,17.809999465942383,17.75,17.809999465942383,2429.0
2024-10-25 13:55:00+00:00,AAPL,231.6508026123047,231.6508026123047,231.8699951171875,231.60000610351562,231.86199951171875,62930.0
2024-10-25 13:55:00+00:00,ACIW,48.7400016784668,48.7400016784668,48.7400016784668,48.72999954223633,48.72999954223633,689.0
2024-10-25 13:55:00+00:00,ACLS,90.0,90.0,90.0199966430664,89.94000244140625,90.0199966430664,1003.0
2024-10-25 13:55:00+00:00,ACMR,19.709999084472656,19.709999084472656,19.729999542236328,19.709999084472656,19.729999542236328,521.0
2024-10-25 13:55:00+00:00,ADBE,484.6099853515625,484.6099853515625,484.7799987792969,484.42999267578125,484.70001220703125,4076.0
2024-10-25 13:55:00+00:00,ADI,231.8000030517578,231.8000030517578,232.16000366210938,231.8000030517578,232.1199951171875,2511.0
2024-10-25 13:55:00+00:00,ADSK,285.9599914550781,285.9599914550781,285.9599914550781,285.9599914550781,285.9599914550781,634.0
2024-10-25 13:55:00+00:00,ADTN,6.349999904632568,6.349999904632568,6.360000133514404,6.349999904632568,6.360000133514404,3154.0
2024-10-25 13:55:00+00:00,AEYE,22.59000015258789,22.59000015258789,22.649999618530273,22.56999969482422,22.649999618530273,1740.0
2024-10-25 13:55:00+00:00,AFRM,41.470001220703125,41.470001220703125,41.540000915527344,41.459999084472656,41.540000915527344,4907.0
2024-10-25 13:55:00+00:00,AIP,6.965000152587891,6.965000152587891,6.965000152587891,6.940000057220459,6.940000057220459,593.0
2024-10-25 13:55:00+00:00,AKAM,102.27999877929688,102.27999877929688,102.31999969482422,102.2300033569336,102.31999969482422,1677.0
2024-10-25 13:55:00+00:00,AKTS,0.058800000697374344,0.058800000697374344,0.058800000697374344,0.058800000697374344,0.058800000697374344,3970.0
2024-10-25 13:55:00+00:00,ALGM,23.149999618530273,23.149999618530273,23.200000762939453,23.149999618530273,23.190000534057617,7408.0
2024-10-25 13:55:00+00:00,ALKT,38.0099983215332,38.0099983215332,38.02000045776367,37.974998474121094,37.974998474121094,2682.0
2024-10-25 13:55:00+00:00,ALRM,54.529998779296875,54.529998779296875,54.529998779296875,54.529998779296875,54.529998779296875,767.0
2024-10-25 13:55:00+00:00,ALTR,103.7750015258789,103.7750015258789,103.7750015258789,103.7750015258789,103.7750015258789,412.0
2024-10-25 13:55:00+00:00,AMAT,187.6300048828125,187.6300048828125,187.9149932861328,187.5800018310547,187.9149932861328,5623.0
2024-10-25 13:55:00+00:00,AMD,156.51510620117188,156.51510620117188,156.75990295410156,156.47999572753906,156.7480010986328,55971.0
2024-10-25 13:55:00+00:00,AMKR,30.049999237060547,30.049999237060547,30.09000015258789,30.049999237060547,30.079999923706055,4390.0
2024-10-25 13:55:00+00:00,AMPG,1.0499999523162842,1.0499999523162842,1.0499999523162842,1.0499999523162842,1.0499999523162842,225.0
2024-10-25 13:55:00+00:00,AMPL,9.149999618530273,9.149999618530273,9.154999732971191,9.149999618530273,9.154999732971191,1720.0
2024-10-25 13:55:00+00:00,API,2.887500047683716,2.887500047683716,2.8949999809265137,2.880000114440918,2.8949999809265137,4497.0
2024-10-25 13:55:00+00:00,APP,160.7100067138672,160.7100067138672,160.94000244140625,160.7100067138672,160.94000244140625,3083.0
2024-10-25 13:55:00+00:00,APPF,212.0800018310547,212.0800018310547,212.49000549316406,212.0800018310547,212.44000244140625,1808.0
2024-10-25 13:55:00+00:00,APPS,3.069999933242798,3.069999933242798,3.069999933242798,3.069999933242798,3.069999933242798,9756.0
2024-10-25 13:55:00+00:00,ARRY,6.335000038146973,6.335000038146973,6.360000133514404,6.335000038146973,6.355000019073486,34421.0
2024-10-25 13:55:00+00:00,ASML,715.52001953125,715.52001953125,715.52001953125,715.52001953125,715.52001953125,1467.0
2024-10-25 13:55:00+00:00,ASYS,5.800000190734863,5.800000190734863,5.800000190734863,5.800000190734863,5.800000190734863,557.0
2024-10-25 13:55:00+00:00,AUDC,9.09000015258789,9.09000015258789,9.09000015258789,9.09000015258789,9.09000015258789,104.0
2024-10-25 13:55:00+00:00,AUR,6.434999942779541,6.434999942779541,6.434999942779541,6.425000190734863,6.434999942779541,26359.0
2024-10-25 13:55:00+00:00,AVDX,8.074999809265137,8.074999809265137,8.074999809265137,8.074999809265137,8.074999809265137,354.0
2024-10-25 13:55:00+00:00,AVGO,174.1300048828125,174.1300048828125,174.47999572753906,174.05999755859375,174.39999389648438,51039.0
2024-10-25 13:55:00+00:00,AVPT,11.960000038146973,11.960000038146973,11.960000038146973,11.960000038146973,11.960000038146973,333.0
2024-10-25 13:55:00+00:00,AZPN,237.30999755859375,237.30999755859375,237.30999755859375,236.89999389648438,237.0800018310547,1244.0
2024-10-25 13:55:00+00:00,BAND,17.65999984741211,17.65999984741211,17.674999237060547,17.65999984741211,17.674999237060547,1374.0
2024-10-25 13:55:00+00:00,BASE,16.30500030517578,16.30500030517578,16.30500030517578,16.30500030517578,16.30500030517578,348.0
2024-10-25 13:55:00+00:00,BIGC,5.304999828338623,5.304999828338623,5.304999828338623,5.304999828338623,5.304999828338623,458.0
2024-10-25 13:55:00+00:00,BL,56.22999954223633,56.22999954223633,56.2400016784668,56.22999954223633,56.2400016784668,508.0
2024-10-25 13:55:00+00:00,BLZE,7.190000057220459,7.190000057220459,7.190000057220459,7.190000057220459,7.190000057220459,465.0
2024-10-25 13:55:00+00:00,BMBL,7.119999885559082,7.119999885559082,7.125,7.114999771118164,7.119999885559082,8626.0
2024-10-25 13:55:00+00:00,BRZE,30.799999237060547,30.799999237060547,30.799999237060547,30.799999237060547,30.799999237060547,1002.0
2024-10-25 13:55:00+00:00,BSY,49.19599914550781,49.19599914550781,49.21989822387695,49.19599914550781,49.21989822387695,2040.0
2024-10-25 13:55:00+00:00,CAMT,77.76000213623047,77.76000213623047,77.83999633789062,77.76000213623047,77.83999633789062,1450.0
2024-10-25 13:55:00+00:00,CAN,0.9818000197410583,0.9818000197410583,0.9818000197410583,0.9818000197410583,0.9818000197410583,2245.0
2024-10-25 13:55:00+00:00,CDNS,258.510009765625,258.510009765625,258.7460021972656,258.3699951171875,258.69500732421875,2986.0
2024-10-25 13:55:00+00:00,CDW,218.4199981689453,218.4199981689453,218.4199981689453,218.4199981689453,218.4199981689453,194.0
2024-10-25 13:55:00+00:00,CETX,0.30160000920295715,0.30160000920295715,0.30160000920295715,0.30160000920295715,0.30160000920295715,2017.0
2024-10-25 13:55:00+00:00,CEVA,24.079999923706055,24.079999923706055,24.079999923706055,24.079999923706055,24.079999923706055,405.0
2024-10-25 13:55:00+00:00,CFLT,22.610000610351562,22.610000610351562,22.635000228881836,22.600000381469727,22.6299991607666,4179.0
2024-10-25 13:55:00+00:00,CGNX,38.88999938964844,38.88999938964844,38.94499969482422,38.88999938964844,38.94499969482422,3412.0
2024-10-25 13:55:00+00:00,CHKP,206.3625030517578,206.3625030517578,206.52999877929688,206.3625030517578,206.52999877929688,1993.0
2024-10-25 13:55:00+00:00,CLBT,18.209999084472656,18.209999084472656,18.219999313354492,18.209999084472656,18.219999313354492,1416.0
2024-10-25 13:55:00+00:00,CLFD,36.439998626708984,36.439998626708984,36.439998626708984,36.439998626708984,36.439998626708984,356.0
2024-10-25 13:55:00+00:00,CLSK,11.789999961853027,11.789999961853027,11.875,11.75,11.870200157165527,142441.0
2024-10-25 13:55:00+00:00,CNDT,3.615000009536743,3.615000009536743,3.615000009536743,3.615000009536743,3.615000009536743,102.0
2024-10-25 13:55:00+00:00,COHR,95.52999877929688,95.52999877929688,95.69499969482422,95.52999877929688,95.69499969482422,1490.0
2024-10-25 13:55:00+00:00,COHU,26.100000381469727,26.100000381469727,26.100000381469727,26.100000381469727,26.100000381469727,349.0
2024-10-25 13:55:00+00:00,COIN,208.3800048828125,208.3800048828125,211.00660705566406,208.00999450683594,211.00660705566406,105221.0
2024-10-25 13:55:00+00:00,COMM,6.239999771118164,6.239999771118164,6.25,6.235000133514404,6.25,8768.0
2024-10-25 13:55:00+00:00,CORZ,13.479999542236328,13.479999542236328,13.515000343322754,13.472000122070312,13.515000343322754,20313.0
2024-10-25 13:55:00+00:00,CRCT,6.610000133514404,6.610000133514404,6.619999885559082,6.610000133514404,6.619999885559082,1660.0
2024-10-25 13:55:00+00:00,CRDO,39.130001068115234,39.130001068115234,39.20500183105469,39.130001068115234,39.20500183105469,1025.0
2024-10-25 13:55:00+00:00,CRNC,2.9100000858306885,2.9100000858306885,2.9100000858306885,2.9049999713897705,2.9049999713897705,3554.0
2024-10-25 13:55:00+00:00,CRSR,6.34499979019165,6.34499979019165,6.360000133514404,6.34499979019165,6.360000133514404,2171.0
2024-10-25 13:55:00+00:00,CRUS,122.77999877929688,122.77999877929688,122.94000244140625,122.77999877929688,122.94000244140625,1231.0
2024-10-25 13:55:00+00:00,CRWD,297.80499267578125,297.80499267578125,298.239990234375,297.69000244140625,298.1099853515625,15249.0
2024-10-25 13:55:00+00:00,CSCO,55.8202018737793,55.8202018737793,55.845001220703125,55.81999969482422,55.845001220703125,9682.0
2024-10-25 13:55:00+00:00,CSIQ,13.460000038146973,13.460000038146973,13.470000267028809,13.460000038146973,13.470000267028809,1234.0
2024-10-25 13:55:00+00:00,CTLP,8.904999732971191,8.904999732971191,8.904999732971191,8.895999908447266,8.895999908447266,4239.0
2024-10-25 13:55:00+00:00,CTSH,74.80999755859375,74.80999755859375,74.83000183105469,74.80999755859375,74.83000183105469,3581.0
2024-10-25 13:55:00+00:00,CVLT,134.35000610351562,134.35000610351562,134.35000610351562,134.35000610351562,134.35000610351562,673.0
2024-10-25 13:55:00+00:00,DAKT,13.029999732971191,13.029999732971191,13.029999732971191,13.029999732971191,13.029999732971191,703.0
2024-10-25 13:55:00+00:00,DBX,25.90999984741211,25.90999984741211,25.924999237060547,25.899999618530273,25.924999237060547,12396.0
2024-10-25 13:55:00+00:00,DDOG,126.69000244140625,126.69000244140625,126.83499908447266,126.69000244140625,126.82499694824219,1049.0
2024-10-25 13:55:00+00:00,DGII,30.25,30.25,30.25,30.25,30.25,222.0
2024-10-25 13:55:00+00:00,DIOD,65.7249984741211,65.7249984741211,65.7249984741211,65.70999908447266,65.70999908447266,482.0
2024-10-25 13:55:00+00:00,DLO,8.864999771118164,8.864999771118164,8.864999771118164,8.850000381469727,8.859999656677246,3903.0
2024-10-25 13:55:00+00:00,DOCU,69.2842025756836,69.2842025756836,69.37999725341797,69.2842025756836,69.37999725341797,5578.0
2024-10-25 13:55:00+00:00,DOMO,8.0649995803833,8.0649995803833,8.0649995803833,8.0649995803833,8.0649995803833,559.0
2024-10-25 13:55:00+00:00,DOX,89.33000183105469,89.33000183105469,89.33999633789062,89.30999755859375,89.30999755859375,1043.0
2024-10-25 13:55:00+00:00,EEFT,99.52749633789062,99.52749633789062,99.52749633789062,99.52749633789062,99.52749633789062,1054.0
2024-10-25 13:55:00+00:00,EGAN,4.78000020980835,4.78000020980835,4.789999961853027,4.78000020980835,4.789999961853027,272.0
2024-10-25 13:55:00+00:00,ENPH,83.44000244140625,83.44000244140625,83.55000305175781,83.41000366210938,83.55000305175781,5422.0
2024-10-25 13:55:00+00:00,ENTG,105.04499816894531,105.04499816894531,105.16000366210938,104.9800033569336,105.16000366210938,5337.0
2024-10-25 13:55:00+00:00,ERIC,8.454999923706055,8.454999923706055,8.456000328063965,8.444999694824219,8.444999694824219,123982.0
2024-10-25 13:55:00+00:00,EXTR,14.380000114440918,14.380000114440918,14.404999732971191,14.380000114440918,14.404999732971191,1279.0
2024-10-25 13:55:00+00:00,FFIV,216.30999755859375,216.30999755859375,216.30999755859375,216.17999267578125,216.22000122070312,6698.0
2024-10-25 13:55:00+00:00,FIVN,30.05500030517578,30.05500030517578,30.100000381469727,30.05500030517578,30.079999923706055,8606.0
2024-10-25 13:55:00+00:00,FLEX,35.22999954223633,35.22999954223633,35.279998779296875,35.22999954223633,35.279998779296875,4029.0
2024-10-25 13:55:00+00:00,FLYW,17.299999237060547,17.299999237060547,17.309999465942383,17.299999237060547,17.309999465942383,1859.0
2024-10-25 13:55:00+00:00,FORM,44.8849983215332,44.8849983215332,44.959999084472656,44.8849983215332,44.959999084472656,1077.0
2024-10-25 13:55:00+00:00,FROG,29.204999923706055,29.204999923706055,29.219999313354492,29.204999923706055,29.219999313354492,2140.0
2024-10-25 13:55:00+00:00,FRSH,11.649999618530273,11.649999618530273,11.654999732971191,11.649999618530273,11.649999618530273,11246.0
2024-10-25 13:55:00+00:00,FSLR,198.6199951171875,198.6199951171875,198.80499267578125,198.6199951171875,198.80499267578125,2635.0
2024-10-25 13:55:00+00:00,FTNT,80.69999694824219,80.69999694824219,80.77999877929688,80.69999694824219,80.76899719238281,6728.0
2024-10-25 13:55:00+00:00,GCT,24.770000457763672,24.770000457763672,24.82990074157715,24.770000457763672,24.82990074157715,493.0
2024-10-25 13:55:00+00:00,GDS,21.3799991607666,21.3799991607666,21.389999389648438,21.3799991607666,21.389999389648438,906.0
2024-10-25 13:55:00+00:00,GDYN,15.550000190734863,15.550000190734863,15.550000190734863,15.550000190734863,15.550000190734863,358.0
2024-10-25 13:55:00+00:00,GFS,40.88999938964844,40.88999938964844,40.935001373291016,40.88999938964844,40.935001373291016,1410.0
2024-10-25 13:55:00+00:00,GPRO,1.315000057220459,1.315000057220459,1.3200000524520874,1.315000057220459,1.3200000524520874,12982.0
2024-10-25 13:55:00+00:00,GRAB,4.09499979019165,4.09499979019165,4.09499979019165,4.090000152587891,4.09499979019165,8768.0
2024-10-25 13:55:00+00:00,GTLB,55.310001373291016,55.310001373291016,55.380001068115234,55.310001373291016,55.380001068115234,1025.0
2024-10-25 13:55:00+00:00,HCKT,24.690000534057617,24.690000534057617,24.690000534057617,24.690000534057617,24.690000534057617,125.0
2024-10-25 13:55:00+00:00,HCP,33.665000915527344,33.665000915527344,33.66999816894531,33.662498474121094,33.66999816894531,2537.0
2024-10-25 13:55:00+00:00,HEAR,16.510000228881836,16.510000228881836,16.520000457763672,16.510000228881836,16.520000457763672,1547.0
2024-10-25 13:55:00+00:00,HIMX,6.170000076293945,6.170000076293945,6.175000190734863,6.170000076293945,6.175000190734863,634.0
2024-10-25 13:55:00+00:00,HLIT,14.800000190734863,14.800000190734863,14.800000190734863,14.800000190734863,14.800000190734863,1803.0
2024-10-25 13:55:00+00:00,HOLO,3.6059999465942383,3.6059999465942383,3.6059999465942383,3.6059999465942383,3.6059999465942383,2246.0
2024-10-25 13:55:00+00:00,HOOD,27.229999542236328,27.229999542236328,27.277999877929688,27.219999313354492,27.277999877929688,23058.0
2024-10-25 13:55:00+00:00,ICHR,27.579999923706055,27.579999923706055,27.579999923706055,27.579999923706055,27.579999923706055,327.0
2024-10-25 13:55:00+00:00,IMMR,8.739999771118164,8.739999771118164,8.739999771118164,8.739999771118164,8.739999771118164,753.0
2024-10-25 13:55:00+00:00,INDI,3.5250000953674316,3.5250000953674316,3.5350000858306885,3.5250000953674316,3.5350000858306885,3038.0
2024-10-25 13:55:00+00:00,INFN,6.769999980926514,6.769999980926514,6.769999980926514,6.769999980926514,6.769999980926514,236.0
2024-10-25 13:55:00+00:00,INTA,50.06999969482422,50.06999969482422,50.06999969482422,50.06999969482422,50.06999969482422,816.0
2024-10-25 13:55:00+00:00,INTC,22.899999618530273,22.899999618530273,22.93000030517578,22.895000457763672,22.924999237060547,42787.0
2024-10-25 13:55:00+00:00,INTU,609.5499877929688,609.5499877929688,609.8599853515625,609.5499877929688,609.8599853515625,1572.0
2024-10-25 13:55:00+00:00,ITRI,102.58000183105469,102.58000183105469,102.58000183105469,102.58000183105469,102.58000183105469,845.0
2024-10-25 13:55:00+00:00,JAMF,16.75,16.75,16.75,16.75,16.75,396.0
2024-10-25 13:55:00+00:00,JKHY,182.72999572753906,182.72999572753906,182.72999572753906,182.64999389648438,182.64999389648438,1129.0
2024-10-25 13:55:00+00:00,KLAC,676.4400024414062,676.4400024414062,677.5,676.4400024414062,677.5,2682.0
2024-10-25 13:55:00+00:00,KLIC,44.439998626708984,44.439998626708984,44.45000076293945,44.439998626708984,44.45000076293945,2230.0
2024-10-25 13:55:00+00:00,KOPN,0.7752000093460083,0.7752000093460083,0.7752000093460083,0.7752000093460083,0.7752000093460083,0.0
2024-10-25 13:55:00+00:00,LASR,10.40999984741211,10.40999984741211,10.40999984741211,10.40999984741211,10.40999984741211,478.0
2024-10-25 13:55:00+00:00,LINK,4.84499979019165,4.84499979019165,4.873700141906738,4.821899890899658,4.873700141906738,17334.0
2024-10-25 13:55:00+00:00,LITE,64.1500015258789,64.1500015258789,64.29000091552734,64.1500015258789,64.29000091552734,3518.0
2024-10-25 13:55:00+00:00,LOGI,80.80000305175781,80.80000305175781,80.80000305175781,80.80000305175781,80.80000305175781,773.0
2024-10-25 13:55:00+00:00,LPSN,1.159999966621399,1.159999966621399,1.159999966621399,1.159999966621399,1.159999966621399,1195.0
2024-10-25 13:55:00+00:00,LRCX,78.58000183105469,78.58000183105469,78.7300033569336,78.55999755859375,78.72000122070312,15598.0
2024-10-25 13:55:00+00:00,LSCC,54.28499984741211,54.28499984741211,54.349998474121094,54.28499984741211,54.349998474121094,1480.0
2024-10-25 13:55:00+00:00,LYFT,13.770000457763672,13.770000457763672,13.779999732971191,13.765000343322754,13.765000343322754,28122.0
2024-10-25 13:55:00+00:00,MCHP,76.75,76.75,76.83999633789062,76.75,76.83999633789062,4831.0
2024-10-25 13:55:00+00:00,MDB,267.17498779296875,267.17498779296875,267.17999267578125,267.17498779296875,267.17999267578125,968.0
2024-10-25 13:55:00+00:00,MKSI,101.27999877929688,101.27999877929688,101.38999938964844,101.25,101.38999938964844,1366.0
2024-10-25 13:55:00+00:00,MNDY,299.5199890136719,299.5199890136719,299.5199890136719,299.5199890136719,299.5199890136719,857.0
2024-10-25 13:55:00+00:00,MPWR,915.3099975585938,915.3099975585938,915.3099975585938,915.3099975585938,915.3099975585938,119.0
2024-10-25 13:55:00+00:00,MQ,5.295000076293945,5.295000076293945,5.300000190734863,5.295000076293945,5.300000190734863,1941.0
2024-10-25 13:55:00+00:00,MRVL,82.08999633789062,82.08999633789062,82.25,82.08000183105469,82.25,10680.0
2024-10-25 13:55:00+00:00,MSFT,428.3900146484375,428.3900146484375,428.7300109863281,428.30999755859375,428.7300109863281,18541.0
2024-10-25 13:55:00+00:00,MSTR,234.88999938964844,234.88999938964844,238.5272979736328,234.0,238.5050048828125,174397.0
2024-10-25 13:55:00+00:00,MTC,0.3734999895095825,0.3734999895095825,0.3734999895095825,0.3734000027179718,0.3734000027179718,1248.0
2024-10-25 13:55:00+00:00,MTLS,5.945000171661377,5.945000171661377,5.945000171661377,5.940000057220459,5.940000057220459,1852.0
2024-10-25 13:55:00+00:00,MTSI,119.95999908447266,119.95999908447266,120.00499725341797,119.91999816894531,120.00499725341797,758.0
2024-10-25 13:55:00+00:00,MTTR,4.614999771118164,4.614999771118164,4.614999771118164,4.614999771118164,4.614999771118164,1594.0
2024-10-25 13:55:00+00:00,MU,108.23999786376953,108.23999786376953,108.40499877929688,108.2249984741211,108.40499877929688,26996.0
2024-10-25 13:55:00+00:00,MVIS,1.090000033378601,1.090000033378601,1.090000033378601,1.089900016784668,1.089900016784668,0.0
2024-10-25 13:55:00+00:00,MXL,14.829999923706055,14.829999923706055,14.850000381469727,14.829999923706055,14.829999923706055,4298.0
2024-10-25 13:55:00+00:00,NCNO,37.68000030517578,37.68000030517578,37.689998626708984,37.68000030517578,37.68989944458008,2134.0
2024-10-25 13:55:00+00:00,NEON,8.140000343322754,8.140000343322754,8.140000343322754,8.140000343322754,8.140000343322754,138.0
2024-10-25 13:55:00+00:00,NICE,175.8800048828125,175.8800048828125,175.8800048828125,175.8800048828125,175.8800048828125,625.0
2024-10-25 13:55:00+00:00,NSIT,208.7899932861328,208.7899932861328,208.7899932861328,208.7899932861328,208.7899932861328,244.0
2024-10-25 13:55:00+00:00,NTAP,119.92500305175781,119.92500305175781,119.9749984741211,119.87000274658203,119.9749984741211,1425.0
2024-10-25 13:55:00+00:00,NTCT,20.65999984741211,20.65999984741211,20.670000076293945,20.65999984741211,20.670000076293945,1609.0
2024-10-25 13:55:00+00:00,NTNX,62.14500045776367,62.14500045776367,62.14500045776367,62.130001068115234,62.130001068115234,644.0
2024-10-25 13:55:00+00:00,NVDA,141.87989807128906,141.87989807128906,142.2100067138672,141.82009887695312,142.17999267578125,574101.0
2024-10-25 13:55:00+00:00,NVEI,33.505001068115234,33.505001068115234,33.505001068115234,33.5,33.5,1854.0
2024-10-25 13:55:00+00:00,NVMI,184.02999877929688,184.02999877929688,184.02999877929688,184.02999877929688,184.02999877929688,666.0
2024-10-25 13:55:00+00:00,NVTS,2.565000057220459,2.565000057220459,2.568000078201294,2.559999942779541,2.565000057220459,9049.0
2024-10-25 13:55:00+00:00,NXPI,244.05499267578125,244.05499267578125,244.49000549316406,244.05499267578125,244.44000244140625,4001.0
2024-10-25 13:55:00+00:00,OKTA,72.19999694824219,72.19999694824219,72.2249984741211,72.19999694824219,72.2249984741211,1229.0
2024-10-25 13:55:00+00:00,OLED,203.72500610351562,203.72500610351562,203.97999572753906,203.72500610351562,203.92999267578125,1368.0
2024-10-25 13:55:00+00:00,ON,71.75,71.75,71.86000061035156,71.70999908447266,71.83999633789062,31780.0
2024-10-25 13:55:00+00:00,OSIS,135.92999267578125,135.92999267578125,135.92999267578125,135.85000610351562,135.85000610351562,1044.0
2024-10-25 13:55:00+00:00,OTEX,33.2599983215332,33.2599983215332,33.2599983215332,33.2599983215332,33.2599983215332,314.0
2024-10-25 13:55:00+00:00,PANW,367.5874938964844,367.5874938964844,367.5874938964844,367.5874938964844,367.5874938964844,1102.0
2024-10-25 13:55:00+00:00,PAYO,8.305000305175781,8.305000305175781,8.305000305175781,8.305000305175781,8.305000305175781,1177.0
2024-10-25 13:55:00+00:00,PCTY,173.30499267578125,173.30499267578125,173.4499969482422,173.30499267578125,173.4499969482422,487.0
2024-10-25 13:55:00+00:00,PDFS,29.229999542236328,29.229999542236328,29.239999771118164,29.229999542236328,29.239999771118164,690.0
2024-10-25 13:55:00+00:00,PEGA,79.62000274658203,79.62000274658203,79.625,79.62000274658203,79.625,1264.0
2024-10-25 13:55:00+00:00,PEGY,4.730000019073486,4.730000019073486,4.800000190734863,4.730000019073486,4.739999771118164,7114.0
2024-10-25 13:55:00+00:00,PGY,11.84000015258789,11.84000015258789,11.859999656677246,11.84000015258789,11.859999656677246,3986.0
2024-10-25 13:55:00+00:00,PHUN,10.65999984741211,10.65999984741211,10.739999771118164,10.619999885559082,10.619999885559082,88947.0
2024-10-25 13:55:00+00:00,PI,201.80999755859375,201.80999755859375,202.52499389648438,201.80999755859375,202.52499389648438,10331.0
2024-10-25 13:55:00+00:00,PLAB,23.59000015258789,23.59000015258789,23.59000015258789,23.59000015258789,23.59000015258789,250.0
2024-10-25 13:55:00+00:00,PLXS,141.6699981689453,141.6699981689453,141.75999450683594,141.47999572753906,141.75999450683594,1392.0
2024-10-25 13:55:00+00:00,POET,3.869999885559082,3.869999885559082,3.869999885559082,3.869999885559082,3.869999885559082,1231.0
2024-10-25 13:55:00+00:00,POWI,63.689998626708984,63.689998626708984,63.689998626708984,63.689998626708984,63.689998626708984,2080.0
2024-10-25 13:55:00+00:00,PRCH,1.309999942779541,1.309999942779541,1.309999942779541,1.309999942779541,1.309999942779541,1.0
2024-10-25 13:55:00+00:00,PTC,186.57000732421875,186.57000732421875,186.63499450683594,186.57000732421875,186.63499450683594,2614.0
2024-10-25 13:55:00+00:00,PUBM,14.729999542236328,14.729999542236328,14.729999542236328,14.729999542236328,14.729999542236328,1077.0
2024-10-25 13:55:00+00:00,PYCR,14.305000305175781,14.305000305175781,14.305000305175781,14.305000305175781,14.305000305175781,654.0
2024-10-25 13:55:00+00:00,QCOM,171.49000549316406,171.49000549316406,171.75999450683594,171.49000549316406,171.75,8226.0
2024-10-25 13:55:00+00:00,QRVO,100.08999633789062,100.08999633789062,100.20999908447266,100.08000183105469,100.20999908447266,2995.0
2024-10-25 13:55:00+00:00,QUBT,1.090000033378601,1.090000033378601,1.100000023841858,1.090000033378601,1.0950000286102295,2443.0
2024-10-25 13:55:00+00:00,QUIK,8.640000343322754,8.640000343322754,8.640000343322754,8.640000343322754,8.640000343322754,350.0
2024-10-25 13:55:00+00:00,RCAT,2.744999885559082,2.744999885559082,2.744999885559082,2.734999895095825,2.734999895095825,1983.0
2024-10-25 13:55:00+00:00,REKR,1.100000023841858,1.100000023841858,1.100000023841858,1.0950000286102295,1.0950000286102295,303.0
2024-10-25 13:55:00+00:00,RELY,14.84000015258789,14.84000015258789,14.850000381469727,14.84000015258789,14.84000015258789,4139.0
2024-10-25 13:55:00+00:00,RGTI,1.2200000286102295,1.2200000286102295,1.2254999876022339,1.2200000286102295,1.2254999876022339,7160.0
2024-10-25 13:55:00+00:00,RIOT,9.895000457763672,9.895000457763672,9.960000038146973,9.869999885559082,9.958900451660156,161390.0
2024-10-25 13:55:00+00:00,RMBS,43.38999938964844,43.38999938964844,43.40999984741211,43.36000061035156,43.380001068115234,4937.0
2024-10-25 13:55:00+00:00,RPD,38.73500061035156,38.73500061035156,38.7400016784668,38.73500061035156,38.7400016784668,745.0
2024-10-25 13:55:00+00:00,RUM,5.781000137329102,5.781000137329102,5.789999961853027,5.769999980926514,5.784999847412109,16054.0
2024-10-25 13:55:00+00:00,RUN,14.369999885559082,14.369999885559082,14.395000457763672,14.369999885559082,14.395000457763672,7745.0
2024-10-25 13:55:00+00:00,RXT,2.505000114440918,2.505000114440918,2.505000114440918,2.505000114440918,2.505000114440918,526.0
2024-10-25 13:55:00+00:00,SANM,67.5,67.5,67.53500366210938,67.5,67.5199966430664,699.0
2024-10-25 13:55:00+00:00,SATS,25.010000228881836,25.010000228881836,25.020000457763672,24.985000610351562,25.010000228881836,9116.0
2024-10-25 13:55:00+00:00,SEDG,15.979999542236328,15.979999542236328,16.020000457763672,15.979999542236328,16.010000228881836,5896.0
2024-10-25 13:55:00+00:00,SHLS,5.255000114440918,5.255000114440918,5.260000228881836,5.255000114440918,5.260000228881836,1735.0
2024-10-25 13:55:00+00:00,SIMO,56.45000076293945,56.45000076293945,56.4900016784668,56.40999984741211,56.40999984741211,1530.0
2024-10-25 13:55:00+00:00,SKYT,10.57800006866455,10.57800006866455,10.58329963684082,10.569999694824219,10.58329963684082,1818.0
2024-10-25 13:55:00+00:00,SMCI,47.16999816894531,47.16999816894531,47.27239990234375,47.13029861450195,47.237998962402344,31112.0
2024-10-25 13:55:00+00:00,SMSI,0.7998999953269958,0.7998999953269958,0.7998999953269958,0.7998999953269958,0.7998999953269958,347.0
2024-10-25 13:55:00+00:00,SMTC,45.77000045776367,45.77000045776367,45.834999084472656,45.77000045776367,45.810001373291016,2574.0
2024-10-25 13:55:00+00:00,SNPS,503.5799865722656,503.5799865722656,504.2799987792969,503.3999938964844,504.2799987792969,1488.0
2024-10-25 13:55:00+00:00,SONO,12.744999885559082,12.744999885559082,12.765000343322754,12.744999885559082,12.765000343322754,7873.0
2024-10-25 13:55:00+00:00,SOUN,5.170000076293945,5.170000076293945,5.184999942779541,5.170000076293945,5.184999942779541,35811.0
2024-10-25 13:55:00+00:00,SPSC,173.2050018310547,173.2050018310547,173.3800048828125,173.2050018310547,173.3800048828125,1391.0
2024-10-25 13:55:00+00:00,SSNC,69.80000305175781,69.80000305175781,69.83000183105469,69.80000305175781,69.81999969482422,4874.0
2024-10-25 13:55:00+00:00,SSTI,11.289999961853027,11.289999961853027,11.289999961853027,11.289999961853027,11.289999961853027,400.0
2024-10-25 13:55:00+00:00,STNE,11.510000228881836,11.510000228881836,11.550000190734863,11.510000228881836,11.539999961853027,15525.0
2024-10-25 13:55:00+00:00,STX,103.44999694824219,103.44999694824219,103.58999633789062,103.4375,103.58999633789062,4107.0
2024-10-25 13:55:00+00:00,SURG,1.7466000318527222,1.7466000318527222,1.7466000318527222,1.7466000318527222,1.7466000318527222,212.0
2024-10-25 13:55:00+00:00,SVRE,0.07900000363588333,0.07900000363588333,0.07900000363588333,0.07900000363588333,0.07900000363588333,3074.0
2024-10-25 13:55:00+00:00,SWKS,96.29000091552734,96.29000091552734,96.4000015258789,96.29000091552734,96.4000015258789,2769.0
2024-10-25 13:55:00+00:00,SYNA,72.77999877929688,72.77999877929688,72.79000091552734,72.77999877929688,72.79000091552734,596.0
2024-10-25 13:55:00+00:00,TASK,12.0,12.0,12.01159954071045,12.0,12.01159954071045,943.0
2024-10-25 13:55:00+00:00,TEAM,189.3000030517578,189.3000030517578,189.4884033203125,189.10000610351562,189.4199981689453,9353.0
2024-10-25 13:55:00+00:00,TENB,41.59000015258789,41.59000015258789,41.66999816894531,41.59000015258789,41.66999816894531,2394.0
2024-10-25 13:55:00+00:00,TER,112.76000213623047,112.76000213623047,112.9800033569336,112.76000213623047,112.9800033569336,10146.0
2024-10-25 13:55:00+00:00,TLS,3.619999885559082,3.619999885559082,3.619999885559082,3.619999885559082,3.619999885559082,574.0
2024-10-25 13:55:00+00:00,TRMB,61.06999969482422,61.06999969482422,61.150001525878906,61.06999969482422,61.150001525878906,3634.0
2024-10-25 13:55:00+00:00,TSEM,44.9900016784668,44.9900016784668,44.9900016784668,44.9900016784668,44.9900016784668,234.0
2024-10-25 13:55:00+00:00,TTD,118.62999725341797,118.62999725341797,118.7300033569336,118.58499908447266,118.7300033569336,2295.0
2024-10-25 13:55:00+00:00,TWKS,4.440000057220459,4.440000057220459,4.440000057220459,4.440000057220459,4.440000057220459,6652.0
2024-10-25 13:55:00+00:00,TXN,207.5800018310547,207.5800018310547,208.02999877929688,207.5800018310547,208.02999877929688,8144.0
2024-10-25 13:55:00+00:00,UCTT,35.77989959716797,35.77989959716797,35.77989959716797,35.7599983215332,35.7599983215332,1020.0
2024-10-25 13:55:00+00:00,VECO,29.3799991607666,29.3799991607666,29.399999618530273,29.3700008392334,29.399999618530273,1783.0
2024-10-25 13:55:00+00:00,VERI,3.4200000762939453,3.4200000762939453,3.424999952316284,3.4200000762939453,3.4200000762939453,1208.0
2024-10-25 13:55:00+00:00,VERX,41.650001525878906,41.650001525878906,41.650001525878906,41.650001525878906,41.650001525878906,561.0
2024-10-25 13:55:00+00:00,VIAV,9.25,9.25,9.25,9.25,9.25,2890.0
2024-10-25 13:55:00+00:00,VICR,46.76499938964844,46.76499938964844,46.76499938964844,46.76499938964844,46.76499938964844,400.0
2024-10-25 13:55:00+00:00,VNET,3.434999942779541,3.434999942779541,3.434999942779541,3.434999942779541,3.434999942779541,213.0
2024-10-25 13:55:00+00:00,VOXX,7.579999923706055,7.579999923706055,7.579999923706055,7.579999923706055,7.579999923706055,1073.0
2024-10-25 13:55:00+00:00,VRNS,56.689998626708984,56.689998626708984,56.7599983215332,56.689998626708984,56.7599983215332,2564.0
2024-10-25 13:55:00+00:00,VRNT,22.040000915527344,22.040000915527344,22.075000762939453,22.040000915527344,22.075000762939453,3689.0
2024-10-25 13:55:00+00:00,VRSN,183.97999572753906,183.97999572753906,183.97999572753906,183.97999572753906,183.97999572753906,1008.0
2024-10-25 13:55:00+00:00,VSAT,10.1899995803833,10.1899995803833,10.199999809265137,10.1899995803833,10.199999809265137,1673.0
2024-10-25 13:55:00+00:00,WALD,3.5250000953674316,3.5250000953674316,3.559999942779541,3.5250000953674316,3.559999942779541,459.0
2024-10-25 13:55:00+00:00,WDAY,239.13999938964844,239.13999938964844,239.35000610351562,239.13999938964844,239.35000610351562,2254.0
2024-10-25 13:55:00+00:00,WDC,70.13999938964844,70.13999938964844,70.3499984741211,70.12999725341797,70.34500122070312,63035.0
2024-10-25 13:55:00+00:00,WISA,1.940000057220459,1.940000057220459,1.940000057220459,1.940000057220459,1.940000057220459,0.0
2024-10-25 13:55:00+00:00,WIX,164.5500030517578,164.5500030517578,164.5500030517578,164.5500030517578,164.5500030517578,213.0
2024-10-25 13:55:00+00:00,XELA,1.965000033378601,1.965000033378601,1.965000033378601,1.965000033378601,1.965000033378601,2404.0
2024-10-25 13:55:00+00:00,XPER,9.420000076293945,9.420000076293945,9.420000076293945,9.420000076293945,9.420000076293945,1121.0
2024-10-25 13:55:00+00:00,XRX,9.979999542236328,9.979999542236328,9.979999542236328,9.975000381469727,9.979999542236328,3299.0
2024-10-25 13:55:00+00:00,ZBRA,360.75,360.75,360.93499755859375,360.75,360.93499755859375,1811.0
2024-10-25 13:55:00+00:00,ZI,10.510000228881836,10.510000228881836,10.520000457763672,10.510000228881836,10.520000457763672,3796.0
2024-10-25 13:56:00+00:00,AAOI,17.764999389648438,17.764999389648438,17.764999389648438,17.760000228881836,17.760000228881836,1608.0
2024-10-25 13:56:00+00:00,AAPL,231.71359252929688,231.71359252929688,231.8699951171875,231.65499877929688,231.65499877929688,60476.0
2024-10-25 13:56:00+00:00,ACIW,48.7400016784668,48.7400016784668,48.7400016784668,48.7400016784668,48.7400016784668,635.0
2024-10-25 13:56:00+00:00,ACLS,89.90039825439453,89.90039825439453,89.91999816894531,89.90039825439453,89.91999816894531,1397.0
2024-10-25 13:56:00+00:00,ACMR,19.68000030517578,19.68000030517578,19.68000030517578,19.68000030517578,19.68000030517578,311.0
2024-10-25 13:56:00+00:00,ADBE,484.40948486328125,484.40948486328125,484.79998779296875,484.1099853515625,484.29998779296875,5845.0
2024-10-25 13:56:00+00:00,ADI,231.89340209960938,231.89340209960938,231.9600067138672,231.85499572753906,231.85499572753906,2002.0
2024-10-25 13:56:00+00:00,ADSK,285.8699951171875,285.8699951171875,285.95001220703125,285.8500061035156,285.8500061035156,1419.0
2024-10-25 13:56:00+00:00,ADTN,6.320199966430664,6.320199966430664,6.320199966430664,6.320199966430664,6.320199966430664,448.0
2024-10-25 13:56:00+00:00,AEHR,16.985000610351562,16.985000610351562,16.985000610351562,16.985000610351562,16.985000610351562,219.0
2024-10-25 13:56:00+00:00,AFRM,41.505001068115234,41.505001068115234,41.54999923706055,41.4900016784668,41.4900016784668,5441.0
2024-10-25 13:56:00+00:00,AKAM,102.2750015258789,102.2750015258789,102.27999877929688,102.2750015258789,102.27999877929688,1403.0
2024-10-25 13:56:00+00:00,ALGM,23.1200008392334,23.1200008392334,23.15999984741211,23.1200008392334,23.149999618530273,4080.0
2024-10-25 13:56:00+00:00,ALKT,38.09000015258789,38.09000015258789,38.09000015258789,38.01499938964844,38.040000915527344,3043.0
2024-10-25 13:56:00+00:00,AMAT,187.64999389648438,187.64999389648438,187.7552947998047,187.58999633789062,187.6649932861328,4616.0
2024-10-25 13:56:00+00:00,AMBA,58.095001220703125,58.095001220703125,58.095001220703125,58.095001220703125,58.095001220703125,296.0
2024-10-25 13:56:00+00:00,AMD,156.47799682617188,156.47799682617188,156.63999938964844,156.4694061279297,156.50999450683594,36345.0
2024-10-25 13:56:00+00:00,AMKR,30.040000915527344,30.040000915527344,30.059999465942383,30.040000915527344,30.059999465942383,1607.0
2024-10-25 13:56:00+00:00,ANY,1.0499999523162842,1.0499999523162842,1.0499999523162842,1.0499999523162842,1.0499999523162842,795.0
2024-10-25 13:56:00+00:00,API,2.881500005722046,2.881500005722046,2.881500005722046,2.881500005722046,2.881500005722046,871.0
2024-10-25 13:56:00+00:00,APP,160.7631072998047,160.7631072998047,160.77000427246094,160.7631072998047,160.77000427246094,2795.0
2024-10-25 13:56:00+00:00,APPF,211.8249969482422,211.8249969482422,212.0399932861328,211.66000366210938,212.0399932861328,2616.0
2024-10-25 13:56:00+00:00,APPN,32.150001525878906,32.150001525878906,32.150001525878906,32.150001525878906,32.150001525878906,300.0
2024-10-25 13:56:00+00:00,APPS,3.069999933242798,3.069999933242798,3.069999933242798,3.069999933242798,3.069999933242798,102.0
2024-10-25 13:56:00+00:00,ARRY,6.335000038146973,6.335000038146973,6.340000152587891,6.329999923706055,6.335000038146973,4591.0
2024-10-25 13:56:00+00:00,ASML,715.1599731445312,715.1599731445312,715.1599731445312,714.969970703125,715.0,2764.0
2024-10-25 13:56:00+00:00,ASNS,1.3049999475479126,1.3049999475479126,1.3049999475479126,1.3049999475479126,1.3049999475479126,2346.0
2024-10-25 13:56:00+00:00,AUR,6.430099964141846,6.430099964141846,6.434999942779541,6.430099964141846,6.434999942779541,10037.0
2024-10-25 13:56:00+00:00,AUUD,0.6299999952316284,0.6299999952316284,0.6299999952316284,0.6219000220298767,0.6219000220298767,3239.0
2024-10-25 13:56:00+00:00,AVDX,8.074999809265137,8.074999809265137,8.074999809265137,8.074999809265137,8.074999809265137,1343.0
2024-10-25 13:56:00+00:00,AVGO,174.05999755859375,174.05999755859375,174.22999572753906,174.04449462890625,174.14739990234375,17545.0
2024-10-25 13:56:00+00:00,AVPT,11.952099800109863,11.952099800109863,11.952099800109863,11.952099800109863,11.952099800109863,124.0
2024-10-25 13:56:00+00:00,AVT,53.89500045776367,53.89500045776367,53.90999984741211,53.89500045776367,53.90999984741211,725.0
2024-10-25 13:56:00+00:00,AZPN,237.14999389648438,237.14999389648438,237.14999389648438,236.89999389648438,236.89999389648438,984.0
2024-10-25 13:56:00+00:00,BL,56.244998931884766,56.244998931884766,56.244998931884766,56.244998931884766,56.244998931884766,560.0
2024-10-25 13:56:00+00:00,BLZE,7.170000076293945,7.170000076293945,7.170000076293945,7.170000076293945,7.170000076293945,674.0
2024-10-25 13:56:00+00:00,BMBL,7.135000228881836,7.135000228881836,7.135000228881836,7.119999885559082,7.119999885559082,6608.0
2024-10-25 13:56:00+00:00,BRZE,30.809999465942383,30.809999465942383,30.809999465942383,30.809999465942383,30.809999465942383,214.0
2024-10-25 13:56:00+00:00,BSY,49.16939926147461,49.16939926147461,49.185001373291016,49.16939926147461,49.18199920654297,1523.0
2024-10-25 13:56:00+00:00,CAMP,11.199999809265137,11.199999809265137,11.199999809265137,11.199999809265137,11.199999809265137,220.0
2024-10-25 13:56:00+00:00,CAN,0.9818000197410583,0.9818000197410583,0.9818000197410583,0.9818000197410583,0.9818000197410583,441.0
2024-10-25 13:56:00+00:00,CDNS,258.4599914550781,258.4599914550781,258.4800109863281,258.29998779296875,258.29998779296875,4821.0
2024-10-25 13:56:00+00:00,CDW,218.40499877929688,218.40499877929688,218.40499877929688,218.40499877929688,218.40499877929688,287.0
2024-10-25 13:56:00+00:00,CFLT,22.6200008392334,22.6200008392334,22.639999389648438,22.6200008392334,22.6200008392334,3722.0
2024-10-25 13:56:00+00:00,CGNX,38.880001068115234,38.880001068115234,38.900001525878906,38.880001068115234,38.900001525878906,1431.0
2024-10-25 13:56:00+00:00,CHKP,206.52000427246094,206.52000427246094,206.52000427246094,206.49000549316406,206.49000549316406,1343.0
2024-10-25 13:56:00+00:00,CLSK,11.680000305175781,11.680000305175781,11.829899787902832,11.670999526977539,11.78499984741211,374615.0
2024-10-25 13:56:00+00:00,CMTL,3.75,3.75,3.75,3.75,3.75,540.0
2024-10-25 13:56:00+00:00,CNDT,3.6303000450134277,3.6303000450134277,3.634999990463257,3.615000009536743,3.615000009536743,15051.0
2024-10-25 13:56:00+00:00,CNXC,44.52799987792969,44.52799987792969,44.529998779296875,44.4900016784668,44.4900016784668,1523.0
2024-10-25 13:56:00+00:00,COHR,95.57499694824219,95.57499694824219,95.57499694824219,95.57499694824219,95.57499694824219,300.0
2024-10-25 13:56:00+00:00,COIN,208.1699981689453,208.1699981689453,209.41000366210938,207.27000427246094,208.4499969482422,175126.0
2024-10-25 13:56:00+00:00,COMM,6.244999885559082,6.244999885559082,6.244999885559082,6.239999771118164,6.239999771118164,1224.0
2024-10-25 13:56:00+00:00,CORZ,13.460000038146973,13.460000038146973,13.489999771118164,13.460000038146973,13.489999771118164,9779.0
2024-10-25 13:56:00+00:00,CRDO,39.13999938964844,39.13999938964844,39.13999938964844,39.11009979248047,39.11009979248047,2125.0
2024-10-25 13:56:00+00:00,CRSR,6.349999904632568,6.349999904632568,6.349999904632568,6.349999904632568,6.349999904632568,1036.0
2024-10-25 13:56:00+00:00,CRUS,122.8499984741211,122.8499984741211,122.8499984741211,122.8499984741211,122.8499984741211,555.0
2024-10-25 13:56:00+00:00,CRWD,297.6162109375,297.6162109375,298.239990234375,297.6162109375,297.69000244140625,16162.0
2024-10-25 13:56:00+00:00,CSCO,55.80500030517578,55.80500030517578,55.83000183105469,55.80500030517578,55.82040023803711,6835.0
2024-10-25 13:56:00+00:00,CSIQ,13.46500015258789,13.46500015258789,13.46500015258789,13.46500015258789,13.46500015258789,207.0
2024-10-25 13:56:00+00:00,CTLP,8.904999732971191,8.904999732971191,8.904999732971191,8.904500007629395,8.904500007629395,3644.0
2024-10-25 13:56:00+00:00,CTSH,74.76499938964844,74.76499938964844,74.79499816894531,74.76499938964844,74.79000091552734,3691.0
2024-10-25 13:56:00+00:00,DBX,25.905000686645508,25.905000686645508,25.90999984741211,25.905000686645508,25.90999984741211,1951.0
2024-10-25 13:56:00+00:00,DDOG,126.55750274658203,126.55750274658203,126.72000122070312,126.55750274658203,126.69000244140625,8926.0
2024-10-25 13:56:00+00:00,DGII,30.225000381469727,30.225000381469727,30.225000381469727,30.225000381469727,30.225000381469727,1400.0
2024-10-25 13:56:00+00:00,DIOD,65.7249984741211,65.7249984741211,65.7249984741211,65.7249984741211,65.7249984741211,305.0
2024-10-25 13:56:00+00:00,DLO,8.864999771118164,8.864999771118164,8.864999771118164,8.859999656677246,8.859999656677246,1408.0
2024-10-25 13:56:00+00:00,DOCU,69.29000091552734,69.29000091552734,69.31500244140625,69.29000091552734,69.30999755859375,4003.0
2024-10-25 13:56:00+00:00,DOMO,8.0649995803833,8.0649995803833,8.0649995803833,8.0649995803833,8.0649995803833,321.0
2024-10-25 13:56:00+00:00,DUOL,288.1700134277344,288.1700134277344,288.1700134277344,288.1700134277344,288.1700134277344,3484.0
2024-10-25 13:56:00+00:00,ENPH,83.44000244140625,83.44000244140625,83.5,83.44000244140625,83.44000244140625,2310.0
2024-10-25 13:56:00+00:00,ENTG,105.01499938964844,105.01499938964844,105.12000274658203,105.01499938964844,105.01499938964844,2470.0
2024-10-25 13:56:00+00:00,ERIC,8.450200080871582,8.450200080871582,8.450200080871582,8.450200080871582,8.450200080871582,5939.0
2024-10-25 13:56:00+00:00,EVCM,10.5,10.5,10.5,10.5,10.5,226.0
2024-10-25 13:56:00+00:00,EXFY,1.7300000190734863,1.7300000190734863,1.7300000190734863,1.725000023841858,1.7299000024795532,2451.0
2024-10-25 13:56:00+00:00,EXTR,14.385000228881836,14.385000228881836,14.385000228881836,14.380000114440918,14.380000114440918,626.0
2024-10-25 13:56:00+00:00,FFIV,216.27999877929688,216.27999877929688,216.31500244140625,216.14999389648438,216.2624969482422,6037.0
2024-10-25 13:56:00+00:00,FIVN,29.979999542236328,29.979999542236328,30.06999969482422,29.979999542236328,30.06329917907715,2363.0
2024-10-25 13:56:00+00:00,FLEX,35.209999084472656,35.209999084472656,35.2400016784668,35.209999084472656,35.2400016784668,2972.0
2024-10-25 13:56:00+00:00,FLYW,17.350000381469727,17.350000381469727,17.350000381469727,17.295000076293945,17.329999923706055,4956.0
2024-10-25 13:56:00+00:00,FROG,29.219999313354492,29.219999313354492,29.219999313354492,29.200000762939453,29.200000762939453,1417.0
2024-10-25 13:56:00+00:00,FRSH,11.649999618530273,11.649999618530273,11.649999618530273,11.649999618530273,11.649999618530273,2450.0
2024-10-25 13:56:00+00:00,FTCI,0.6500999927520752,0.6500999927520752,0.6500999927520752,0.6500999927520752,0.6500999927520752,3845.0
2024-10-25 13:56:00+00:00,FTNT,80.66500091552734,80.66500091552734,80.70999908447266,80.6500015258789,80.70999908447266,2862.0
2024-10-25 13:56:00+00:00,GCT,24.790000915527344,24.790000915527344,24.790000915527344,24.780000686645508,24.780000686645508,399.0
2024-10-25 13:56:00+00:00,GDS,21.385000228881836,21.385000228881836,21.385000228881836,21.385000228881836,21.385000228881836,465.0
2024-10-25 13:56:00+00:00,GDYN,15.550000190734863,15.550000190734863,15.550000190734863,15.550000190734863,15.550000190734863,102.0
2024-10-25 13:56:00+00:00,GFS,40.88180160522461,40.88180160522461,40.88180160522461,40.88180160522461,40.88180160522461,106.0
2024-10-25 13:56:00+00:00,GPRO,1.3199000358581543,1.3199000358581543,1.3199000358581543,1.3199000358581543,1.3199000358581543,326.0
2024-10-25 13:56:00+00:00,GRAB,4.09499979019165,4.09499979019165,4.09499979019165,4.091700077056885,4.09499979019165,2191.0
2024-10-25 13:56:00+00:00,GTLB,55.349998474121094,55.349998474121094,55.349998474121094,55.33000183105469,55.33000183105469,811.0
2024-10-25 13:56:00+00:00,HCP,33.665000915527344,33.665000915527344,33.66999816894531,33.665000915527344,33.66999816894531,2115.0
2024-10-25 13:56:00+00:00,HIMX,6.170000076293945,6.170000076293945,6.170000076293945,6.170000076293945,6.170000076293945,559.0
2024-10-25 13:56:00+00:00,HOLO,3.5899999141693115,3.5899999141693115,3.5999999046325684,3.5899999141693115,3.5999999046325684,2117.0
2024-10-25 13:56:00+00:00,HOOD,27.219900131225586,27.219900131225586,27.249099731445312,27.209999084472656,27.239999771118164,24332.0
2024-10-25 13:56:00+00:00,IMXI,17.559999465942383,17.559999465942383,17.559999465942383,17.559999465942383,17.559999465942383,183.0
2024-10-25 13:56:00+00:00,INDI,3.5199999809265137,3.5199999809265137,3.5250000953674316,3.5199999809265137,3.5250000953674316,459.0
2024-10-25 13:56:00+00:00,INOD,20.229999542236328,20.229999542236328,20.229999542236328,20.209999084472656,20.209999084472656,2160.0
2024-10-25 13:56:00+00:00,INTA,50.06999969482422,50.06999969482422,50.06999969482422,50.06999969482422,50.06999969482422,310.0
2024-10-25 13:56:00+00:00,INTC,22.895000457763672,22.895000457763672,22.920000076293945,22.895000457763672,22.90999984741211,24598.0
2024-10-25 13:56:00+00:00,INTU,609.489990234375,609.489990234375,609.7899780273438,609.489990234375,609.7899780273438,413.0
2024-10-25 13:56:00+00:00,INTZ,0.7123000025749207,0.7123000025749207,0.7123000025749207,0.7123000025749207,0.7123000025749207,451.0
2024-10-25 13:56:00+00:00,IPGP,77.20999908447266,77.20999908447266,77.20999908447266,77.20999908447266,77.20999908447266,280.0
2024-10-25 13:56:00+00:00,JAMF,16.75,16.75,16.75,16.75,16.75,373.0
2024-10-25 13:56:00+00:00,JKHY,182.63999938964844,182.63999938964844,182.74000549316406,182.63999938964844,182.64999389648438,1832.0
2024-10-25 13:56:00+00:00,KC,2.694999933242798,2.694999933242798,2.694999933242798,2.690000057220459,2.690000057220459,1846.0
2024-10-25 13:56:00+00:00,KLAC,676.2100219726562,676.2100219726562,676.9199829101562,676.2100219726562,676.47998046875,3227.0
2024-10-25 13:56:00+00:00,KTCC,5.900000095367432,5.900000095367432,5.900000095367432,5.900000095367432,5.900000095367432,146.0
2024-10-25 13:56:00+00:00,LINK,4.829999923706055,4.829999923706055,4.829999923706055,4.829999923706055,4.829999923706055,2225.0
2024-10-25 13:56:00+00:00,LITE,64.19999694824219,64.19999694824219,64.21499633789062,64.19999694824219,64.19999694824219,1534.0
2024-10-25 13:56:00+00:00,LOGI,80.79499816894531,80.79499816894531,80.79499816894531,80.79499816894531,80.79499816894531,703.0
2024-10-25 13:56:00+00:00,LRCX,78.6050033569336,78.6050033569336,78.63999938964844,78.58999633789062,78.58999633789062,29523.0
2024-10-25 13:56:00+00:00,LSCC,54.27000045776367,54.27000045776367,54.29999923706055,54.244998931884766,54.244998931884766,2709.0
2024-10-25 13:56:00+00:00,LYFT,13.770000457763672,13.770000457763672,13.776599884033203,13.770000457763672,13.774999618530273,4540.0
2024-10-25 13:56:00+00:00,MAPS,0.8443999886512756,0.8443999886512756,0.8443999886512756,0.8443999886512756,0.8443999886512756,127.0
2024-10-25 13:56:00+00:00,MAXN,5.650000095367432,5.650000095367432,5.650000095367432,5.650000095367432,5.650000095367432,600.0
2024-10-25 13:56:00+00:00,MCHP,76.73999786376953,76.73999786376953,76.78500366210938,76.73999786376953,76.7699966430664,4815.0
2024-10-25 13:56:00+00:00,MDB,267.2200012207031,267.2200012207031,267.2200012207031,267.2200012207031,267.2200012207031,521.0
2024-10-25 13:56:00+00:00,MKSI,101.2300033569336,101.2300033569336,101.33000183105469,101.2300033569336,101.33000183105469,1492.0
2024-10-25 13:56:00+00:00,MPWR,915.7949829101562,915.7949829101562,915.7949829101562,915.7949829101562,915.7949829101562,497.0
2024-10-25 13:56:00+00:00,MQ,5.300000190734863,5.300000190734863,5.300000190734863,5.295000076293945,5.295000076293945,295.0
2024-10-25 13:56:00+00:00,MRVL,82.08000183105469,82.08000183105469,82.1449966430664,82.08000183105469,82.14119720458984,7039.0
2024-10-25 13:56:00+00:00,MSFT,428.30999755859375,428.30999755859375,428.6099853515625,428.2300109863281,428.4700012207031,15201.0
2024-10-25 13:56:00+00:00,MSTR,235.11000061035156,235.11000061035156,236.64500427246094,234.54010009765625,235.52999877929688,93199.0
2024-10-25 13:56:00+00:00,MTC,0.3734000027179718,0.3734000027179718,0.3736000061035156,0.3734000027179718,0.3734000027179718,3703.0
2024-10-25 13:56:00+00:00,MTSI,119.98999786376953,119.98999786376953,119.98999786376953,119.97000122070312,119.97000122070312,496.0
2024-10-25 13:56:00+00:00,MTTR,4.6118998527526855,4.6118998527526855,4.614999771118164,4.6118998527526855,4.614999771118164,687.0
2024-10-25 13:56:00+00:00,MU,108.2300033569336,108.2300033569336,108.33000183105469,108.2300033569336,108.30000305175781,11966.0
2024-10-25 13:56:00+00:00,MVIS,1.090000033378601,1.090000033378601,1.090000033378601,1.090000033378601,1.090000033378601,100.0
2024-10-25 13:56:00+00:00,MXL,14.850000381469727,14.850000381469727,14.854999542236328,14.829999923706055,14.829999923706055,1992.0
2024-10-25 13:56:00+00:00,NCNO,37.685001373291016,37.685001373291016,37.685001373291016,37.685001373291016,37.685001373291016,200.0
2024-10-25 13:56:00+00:00,NEON,8.178099632263184,8.178099632263184,8.180000305175781,8.178099632263184,8.180000305175781,286.0
2024-10-25 13:56:00+00:00,NICE,175.6199951171875,175.6199951171875,175.6199951171875,175.6199951171875,175.6199951171875,230.0
2024-10-25 13:56:00+00:00,NSIT,208.5399932861328,208.5399932861328,208.77999877929688,208.5399932861328,208.77999877929688,344.0
2024-10-25 13:56:00+00:00,NTAP,119.87000274658203,119.87000274658203,119.87000274658203,119.87000274658203,119.87000274658203,698.0
2024-10-25 13:56:00+00:00,NTNX,62.125,62.125,62.14500045776367,62.125,62.130001068115234,1924.0
2024-10-25 13:56:00+00:00,NVDA,141.95599365234375,141.95599365234375,142.08999633789062,141.8695068359375,141.8699951171875,394301.0
2024-10-25 13:56:00+00:00,NVTS,2.559999942779541,2.559999942779541,2.559999942779541,2.559999942779541,2.559999942779541,7335.0
2024-10-25 13:56:00+00:00,NXPI,244.17999267578125,244.17999267578125,244.17999267578125,244.1699981689453,244.17999267578125,1909.0
2024-10-25 13:56:00+00:00,OLED,203.7449951171875,203.7449951171875,203.7449951171875,203.74000549316406,203.74000549316406,329.0
2024-10-25 13:56:00+00:00,ON,71.74440002441406,71.74440002441406,71.79000091552734,71.7300033569336,71.76000213623047,13071.0
2024-10-25 13:56:00+00:00,PANW,367.44000244140625,367.44000244140625,367.5400085449219,367.44000244140625,367.5400085449219,656.0
2024-10-25 13:56:00+00:00,PCTY,173.31500244140625,173.31500244140625,173.3271942138672,173.27999877929688,173.3271942138672,969.0
2024-10-25 13:56:00+00:00,PEGA,79.6050033569336,79.6050033569336,79.625,79.6050033569336,79.625,1027.0
2024-10-25 13:56:00+00:00,PEGY,4.800000190734863,4.800000190734863,4.800000190734863,4.739999771118164,4.75,4345.0
2024-10-25 13:56:00+00:00,PGY,11.856800079345703,11.856800079345703,11.869999885559082,11.856800079345703,11.869999885559082,207.0
2024-10-25 13:56:00+00:00,PHUN,10.680000305175781,10.680000305175781,10.699999809265137,10.640800476074219,10.65999984741211,86171.0
2024-10-25 13:56:00+00:00,PI,201.75999450683594,201.75999450683594,202.0449981689453,201.7100067138672,201.9199981689453,3505.0
2024-10-25 13:56:00+00:00,PLXS,141.39999389648438,141.39999389648438,141.6699981689453,141.39999389648438,141.6699981689453,2433.0
2024-10-25 13:56:00+00:00,POET,3.865000009536743,3.865000009536743,3.865000009536743,3.865000009536743,3.865000009536743,134.0
2024-10-25 13:56:00+00:00,PTC,186.61500549316406,186.61500549316406,186.61500549316406,186.61500549316406,186.61500549316406,346.0
2024-10-25 13:56:00+00:00,PYCR,14.305000305175781,14.305000305175781,14.305000305175781,14.305000305175781,14.305000305175781,146.0
2024-10-25 13:56:00+00:00,QCOM,171.49000549316406,171.49000549316406,171.60000610351562,171.4600067138672,171.57000732421875,3485.0
2024-10-25 13:56:00+00:00,QRVO,100.05999755859375,100.05999755859375,100.12000274658203,100.05999755859375,100.12000274658203,459.0
2024-10-25 13:56:00+00:00,QUBT,1.090000033378601,1.090000033378601,1.0950000286102295,1.090000033378601,1.090000033378601,2809.0
2024-10-25 13:56:00+00:00,RCAT,2.7497000694274902,2.7497000694274902,2.7497000694274902,2.7497000694274902,2.7497000694274902,424.0
2024-10-25 13:56:00+00:00,RDVT,28.706899642944336,28.706899642944336,28.706899642944336,28.706899642944336,28.706899642944336,410.0
2024-10-25 13:56:00+00:00,RDWR,22.290000915527344,22.290000915527344,22.290000915527344,22.290000915527344,22.290000915527344,228.0
2024-10-25 13:56:00+00:00,REKR,1.100000023841858,1.100000023841858,1.100000023841858,1.0901000499725342,1.0901000499725342,459.0
2024-10-25 13:56:00+00:00,RELY,14.859999656677246,14.859999656677246,14.859999656677246,14.850000381469727,14.850000381469727,1121.0
2024-10-25 13:56:00+00:00,RGTI,1.2199000120162964,1.2199000120162964,1.2299000024795532,1.215000033378601,1.2200000286102295,10317.0
2024-10-25 13:56:00+00:00,RIOT,9.83180046081543,9.83180046081543,9.927499771118164,9.83180046081543,9.899999618530273,264074.0
2024-10-25 13:56:00+00:00,RMBS,43.400001525878906,43.400001525878906,43.43000030517578,43.400001525878906,43.41999816894531,1541.0
2024-10-25 13:56:00+00:00,RPAY,7.605000019073486,7.605000019073486,7.605000019073486,7.605000019073486,7.605000019073486,384.0
2024-10-25 13:56:00+00:00,RPD,38.72999954223633,38.72999954223633,38.779998779296875,38.72999954223633,38.779998779296875,7491.0
2024-10-25 13:56:00+00:00,RUM,5.784999847412109,5.784999847412109,5.784999847412109,5.784999847412109,5.784999847412109,469.0
2024-10-25 13:56:00+00:00,RUN,14.350000381469727,14.350000381469727,14.390000343322754,14.350000381469727,14.375,7331.0
2024-10-25 13:56:00+00:00,SANM,67.5,67.5,67.53500366210938,67.5,67.53500366210938,636.0
2024-10-25 13:56:00+00:00,SATS,25.15999984741211,25.15999984741211,25.15999984741211,25.040000915527344,25.040000915527344,18452.0
2024-10-25 13:56:00+00:00,SCSC,44.66999816894531,44.66999816894531,44.68000030517578,44.66999816894531,44.68000030517578,934.0
2024-10-25 13:56:00+00:00,SEDG,15.989999771118164,15.989999771118164,16.0,15.960100173950195,15.975000381469727,4216.0
2024-10-25 13:56:00+00:00,SHLS,5.255000114440918,5.255000114440918,5.260000228881836,5.244999885559082,5.260000228881836,12482.0
2024-10-25 13:56:00+00:00,SIMO,56.52000045776367,56.52000045776367,56.52000045776367,56.52000045776367,56.52000045776367,282.0
2024-10-25 13:56:00+00:00,SMCI,47.12009811401367,47.12009811401367,47.22999954223633,47.119998931884766,47.15999984741211,43106.0
2024-10-25 13:56:00+00:00,SNPS,503.5082092285156,503.5082092285156,503.7749938964844,503.2900085449219,503.7749938964844,1414.0
2024-10-25 13:56:00+00:00,SONO,12.729999542236328,12.729999542236328,12.729999542236328,12.729999542236328,12.729999542236328,1496.0
2024-10-25 13:56:00+00:00,SOUN,5.164999961853027,5.164999961853027,5.170000076293945,5.159999847412109,5.164999961853027,28896.0
2024-10-25 13:56:00+00:00,SPSC,173.15499877929688,173.15499877929688,173.22999572753906,173.0800018310547,173.22999572753906,1039.0
2024-10-25 13:56:00+00:00,SPT,26.774999618530273,26.774999618530273,26.774999618530273,26.774999618530273,26.774999618530273,424.0
2024-10-25 13:56:00+00:00,SRAD,12.369999885559082,12.369999885559082,12.369999885559082,12.369999885559082,12.369999885559082,309.0
2024-10-25 13:56:00+00:00,SSNC,69.77999877929688,69.77999877929688,69.80000305175781,69.77999877929688,69.80000305175781,686.0
2024-10-25 13:56:00+00:00,SSTI,11.300000190734863,11.300000190734863,11.300000190734863,11.25,11.300000190734863,300.0
2024-10-25 13:56:00+00:00,STNE,11.524999618530273,11.524999618530273,11.524999618530273,11.510000228881836,11.510000228881836,4996.0
2024-10-25 13:56:00+00:00,STX,103.37999725341797,103.37999725341797,103.4800033569336,103.37999725341797,103.4800033569336,1718.0
2024-10-25 13:56:00+00:00,SWKS,96.30000305175781,96.30000305175781,96.30999755859375,96.30000305175781,96.30999755859375,1072.0
2024-10-25 13:56:00+00:00,SYNA,72.5999984741211,72.5999984741211,72.62000274658203,72.5999984741211,72.62000274658203,254.0
2024-10-25 13:56:00+00:00,TACT,4.170000076293945,4.170000076293945,4.170000076293945,4.170000076293945,4.170000076293945,151.0
2024-10-25 13:56:00+00:00,TEAM,189.2050018310547,189.2050018310547,189.38499450683594,189.1999969482422,189.25,3265.0
2024-10-25 13:56:00+00:00,TER,112.68000030517578,112.68000030517578,112.80000305175781,112.68000030517578,112.76000213623047,4764.0
2024-10-25 13:56:00+00:00,TLS,3.615000009536743,3.615000009536743,3.615000009536743,3.615000009536743,3.615000009536743,316.0
2024-10-25 13:56:00+00:00,TRMB,61.08000183105469,61.08000183105469,61.08000183105469,61.06999969482422,61.08000183105469,1193.0
2024-10-25 13:56:00+00:00,TTD,118.6156005859375,118.6156005859375,118.68000030517578,118.6156005859375,118.62000274658203,2189.0
2024-10-25 13:56:00+00:00,TTMI,19.579999923706055,19.579999923706055,19.579999923706055,19.579999923706055,19.579999923706055,327.0
2024-10-25 13:56:00+00:00,TWKS,4.440000057220459,4.440000057220459,4.449999809265137,4.440000057220459,4.440000057220459,6871.0
2024-10-25 13:56:00+00:00,TXN,207.62969970703125,207.62969970703125,207.72999572753906,207.4949951171875,207.69679260253906,14746.0
2024-10-25 13:56:00+00:00,UCTT,35.7400016784668,35.7400016784668,35.7400016784668,35.7400016784668,35.7400016784668,261.0
2024-10-25 13:56:00+00:00,VIAV,9.239999771118164,9.239999771118164,9.239999771118164,9.239999771118164,9.239999771118164,631.0
2024-10-25 13:56:00+00:00,VICR,46.709999084472656,46.709999084472656,46.709999084472656,46.709999084472656,46.709999084472656,472.0
2024-10-25 13:56:00+00:00,VMEO,4.760000228881836,4.760000228881836,4.760000228881836,4.75,4.75,2979.0
2024-10-25 13:56:00+00:00,VRNS,56.7599983215332,56.7599983215332,56.7599983215332,56.709999084472656,56.709999084472656,2586.0
2024-10-25 13:56:00+00:00,VRSN,184.0500030517578,184.0500030517578,184.07000732421875,184.0500030517578,184.07000732421875,1254.0
2024-10-25 13:56:00+00:00,VUZI,1.3140000104904175,1.3140000104904175,1.315000057220459,1.3140000104904175,1.315000057220459,5896.0
2024-10-25 13:56:00+00:00,WDAY,239.0,239.0,239.19000244140625,239.0,239.02000427246094,1711.0
2024-10-25 13:56:00+00:00,WDC,70.08999633789062,70.08999633789062,70.2249984741211,70.08999633789062,70.16000366210938,10851.0
2024-10-25 13:56:00+00:00,WISA,1.9500000476837158,1.9500000476837158,1.9500000476837158,1.9500000476837158,1.9500000476837158,605.0
2024-10-25 13:56:00+00:00,WIX,164.72999572753906,164.72999572753906,164.72999572753906,164.72999572753906,164.72999572753906,390.0
2024-10-25 13:56:00+00:00,WRAP,1.8200000524520874,1.8200000524520874,1.8200000524520874,1.7999999523162842,1.7999999523162842,226.0
2024-10-25 13:56:00+00:00,XPER,9.420000076293945,9.420000076293945,9.420000076293945,9.40999984741211,9.40999984741211,1492.0
2024-10-25 13:56:00+00:00,XRX,9.975000381469727,9.975000381469727,9.975000381469727,9.975000381469727,9.975000381469727,169.0
2024-10-25 13:56:00+00:00,ZBRA,360.55999755859375,360.55999755859375,360.57000732421875,360.55999755859375,360.57000732421875,531.0
2024-10-25 13:56:00+00:00,ZI,10.510000228881836,10.510000228881836,10.510000228881836,10.510000228881836,10.510000228881836,3343.0
2024-10-25 13:56:00+00:00,ZM,72.87000274658203,72.87000274658203,72.97000122070312,72.87000274658203,72.97000122070312,2842.0
2024-10-25 13:56:00+00:00,ZS,184.8000030517578,184.8000030517578,184.8000030517578,184.75999450683594,184.75999450683594,1231.0
2024-10-25 13:57:00+00:00,AAPL,231.74000549316406,231.74000549316406,231.7519989013672,231.66000366210938,231.72999572753906,27636.0
2024-10-25 13:57:00+00:00,ACIW,48.709999084472656,48.709999084472656,48.709999084472656,48.709999084472656,48.709999084472656,778.0
2024-10-25 13:57:00+00:00,ACLS,89.76300048828125,89.76300048828125,89.85009765625,89.76300048828125,89.8499984741211,1346.0
2024-10-25 13:57:00+00:00,ADBE,484.0740966796875,484.0740966796875,484.4800109863281,483.8500061035156,484.4700012207031,12478.0
2024-10-25 13:57:00+00:00,ADI,231.64999389648438,231.64999389648438,231.66000366210938,231.63999938964844,231.66000366210938,2131.0
2024-10-25 13:57:00+00:00,ADTN,6.324999809265137,6.324999809265137,6.329999923706055,6.320000171661377,6.320000171661377,1777.0
2024-10-25 13:57:00+00:00,AEHR,16.920000076293945,16.920000076293945,16.950000762939453,16.920000076293945,16.950000762939453,3124.0
2024-10-25 13:57:00+00:00,AFRM,41.47999954223633,41.47999954223633,41.5,41.459999084472656,41.459999084472656,3808.0
2024-10-25 13:57:00+00:00,AGYS,111.0,111.0,111.0,111.0,111.0,572.0
2024-10-25 13:57:00+00:00,AKAM,102.23999786376953,102.23999786376953,102.23999786376953,102.23999786376953,102.23999786376953,437.0
2024-10-25 13:57:00+00:00,AKTS,0.05849999934434891,0.05849999934434891,0.058800000697374344,0.05849999934434891,0.058800000697374344,40305.0
2024-10-25 13:57:00+00:00,ALGM,23.118999481201172,23.118999481201172,23.1299991607666,23.100000381469727,23.110000610351562,5807.0
2024-10-25 13:57:00+00:00,ALRM,54.47999954223633,54.47999954223633,54.47999954223633,54.47999954223633,54.47999954223633,994.0
2024-10-25 13:57:00+00:00,AMAT,187.51499938964844,187.51499938964844,187.60000610351562,187.51499938964844,187.60000610351562,4521.0
2024-10-25 13:57:00+00:00,AMBA,57.9900016784668,57.9900016784668,57.9900016784668,57.9900016784668,57.9900016784668,259.0
2024-10-25 13:57:00+00:00,AMD,156.5,156.5,156.5399932861328,156.4365997314453,156.47019958496094,34696.0
2024-10-25 13:57:00+00:00,AMKR,30.030000686645508,30.030000686645508,30.045000076293945,30.030000686645508,30.040000915527344,5915.0
2024-10-25 13:57:00+00:00,ANSS,324.0799865722656,324.0799865722656,324.0799865722656,324.05999755859375,324.05999755859375,748.0
2024-10-25 13:57:00+00:00,AOSL,36.54999923706055,36.54999923706055,36.54999923706055,36.54999923706055,36.54999923706055,414.0
2024-10-25 13:57:00+00:00,API,2.884999990463257,2.884999990463257,2.884999990463257,2.884999990463257,2.884999990463257,200.0
2024-10-25 13:57:00+00:00,APP,160.7135009765625,160.7135009765625,160.7135009765625,160.6300048828125,160.6300048828125,1494.0
2024-10-25 13:57:00+00:00,APPF,212.0,212.0,212.0,211.9499969482422,211.9499969482422,2354.0
2024-10-25 13:57:00+00:00,APPN,32.13999938964844,32.13999938964844,32.13999938964844,32.099998474121094,32.099998474121094,626.0
2024-10-25 13:57:00+00:00,APPS,3.075000047683716,3.075000047683716,3.075000047683716,3.069999933242798,3.069999933242798,212.0
2024-10-25 13:57:00+00:00,ARRY,6.323299884796143,6.323299884796143,6.329999923706055,6.320000171661377,6.329999923706055,24339.0
2024-10-25 13:57:00+00:00,ASML,714.7257080078125,714.7257080078125,714.7257080078125,714.7257080078125,714.7257080078125,241.0
2024-10-25 13:57:00+00:00,ASTI,2.6977999210357666,2.6977999210357666,2.6977999210357666,2.6977999210357666,2.6977999210357666,0.0
2024-10-25 13:57:00+00:00,AUR,6.429999828338623,6.429999828338623,6.434999942779541,6.429999828338623,6.434000015258789,3692.0
2024-10-25 13:57:00+00:00,AVDX,8.074999809265137,8.074999809265137,8.074999809265137,8.074999809265137,8.074999809265137,801.0
2024-10-25 13:57:00+00:00,AVGO,174.07000732421875,174.07000732421875,174.1240997314453,174.02999877929688,174.05999755859375,21736.0
2024-10-25 13:57:00+00:00,AVT,53.869998931884766,53.869998931884766,53.869998931884766,53.869998931884766,53.869998931884766,434.0
2024-10-25 13:57:00+00:00,BAND,17.649999618530273,17.649999618530273,17.649999618530273,17.649999618530273,17.649999618530273,627.0
2024-10-25 13:57:00+00:00,BELFB,79.31999969482422,79.31999969482422,79.31999969482422,79.31999969482422,79.31999969482422,623.0
2024-10-25 13:57:00+00:00,BIGC,5.300000190734863,5.300000190734863,5.300000190734863,5.295000076293945,5.300000190734863,36610.0
2024-10-25 13:57:00+00:00,BMBL,7.119999885559082,7.119999885559082,7.130000114440918,7.114999771118164,7.130000114440918,7434.0
2024-10-25 13:57:00+00:00,BRZE,30.809999465942383,30.809999465942383,30.809999465942383,30.809999465942383,30.809999465942383,477.0
2024-10-25 13:57:00+00:00,BSY,49.16999816894531,49.16999816894531,49.16999816894531,49.16999816894531,49.16999816894531,788.0
2024-10-25 13:57:00+00:00,CAMP,11.0,11.0,11.024999618530273,11.0,11.024999618530273,399.0
2024-10-25 13:57:00+00:00,CAN,0.9804999828338623,0.9804999828338623,0.9818000197410583,0.9804999828338623,0.9818000197410583,2082.0
2024-10-25 13:57:00+00:00,CDNS,258.32000732421875,258.32000732421875,258.3800048828125,258.32000732421875,258.32000732421875,1124.0
2024-10-25 13:57:00+00:00,CEVA,24.020000457763672,24.020000457763672,24.020000457763672,24.020000457763672,24.020000457763672,325.0
2024-10-25 13:57:00+00:00,CFLT,22.6299991607666,22.6299991607666,22.639999389648438,22.6299991607666,22.6299991607666,3586.0
2024-10-25 13:57:00+00:00,CGNT,6.619999885559082,6.619999885559082,6.619999885559082,6.619999885559082,6.619999885559082,176.0
2024-10-25 13:57:00+00:00,CGNX,38.86000061035156,38.86000061035156,38.88199996948242,38.85300064086914,38.88199996948242,1876.0
2024-10-25 13:57:00+00:00,CHKP,206.41250610351562,206.41250610351562,206.41250610351562,206.41250610351562,206.41250610351562,245.0
2024-10-25 13:57:00+00:00,CLBT,18.209999084472656,18.209999084472656,18.21500015258789,18.209999084472656,18.21500015258789,1453.0
2024-10-25 13:57:00+00:00,CLSK,11.729999542236328,11.729999542236328,11.765000343322754,11.614999771118164,11.670000076293945,251344.0
2024-10-25 13:57:00+00:00,CMTL,3.75,3.75,3.75,3.75,3.75,411.0
2024-10-25 13:57:00+00:00,CNDT,3.634999990463257,3.634999990463257,3.6449999809265137,3.634999990463257,3.634999990463257,52274.0
2024-10-25 13:57:00+00:00,CNXC,44.40999984741211,44.40999984741211,44.470001220703125,44.40999984741211,44.470001220703125,1280.0
2024-10-25 13:57:00+00:00,COHR,95.50499725341797,95.50499725341797,95.58000183105469,95.47000122070312,95.56999969482422,2015.0
2024-10-25 13:57:00+00:00,COHU,26.09000015258789,26.09000015258789,26.09000015258789,26.09000015258789,26.09000015258789,1414.0
2024-10-25 13:57:00+00:00,COIN,208.23500061035156,208.23500061035156,208.5749969482422,207.43690490722656,208.00999450683594,88546.0
2024-10-25 13:57:00+00:00,COMM,6.244999885559082,6.244999885559082,6.25,6.239999771118164,6.244999885559082,3424.0
2024-10-25 13:57:00+00:00,CORZ,13.404999732971191,13.404999732971191,13.449999809265137,13.390000343322754,13.449999809265137,15094.0
2024-10-25 13:57:00+00:00,CORZW,7.90339994430542,7.90339994430542,7.90339994430542,7.90339994430542,7.90339994430542,955.0
2024-10-25 13:57:00+00:00,CRCT,6.610000133514404,6.610000133514404,6.610000133514404,6.610000133514404,6.610000133514404,200.0
2024-10-25 13:57:00+00:00,CRDO,39.165000915527344,39.165000915527344,39.165000915527344,39.13999938964844,39.13999938964844,2438.0
2024-10-25 13:57:00+00:00,CRNC,2.9049999713897705,2.9049999713897705,2.9049999713897705,2.9049999713897705,2.9049999713897705,257.0
2024-10-25 13:57:00+00:00,CRNT,2.4844000339508057,2.4844000339508057,2.4844000339508057,2.4844000339508057,2.4844000339508057,1761.0
2024-10-25 13:57:00+00:00,CRWD,297.4620056152344,297.4620056152344,297.77520751953125,297.3999938964844,297.6000061035156,19951.0
2024-10-25 13:57:00+00:00,CSCO,55.79499816894531,55.79499816894531,55.814998626708984,55.79499816894531,55.810001373291016,10226.0
2024-10-25 13:57:00+00:00,CSIQ,13.4399995803833,13.4399995803833,13.460000038146973,13.430000305175781,13.460000038146973,2498.0
2024-10-25 13:57:00+00:00,CTSH,74.75,74.75,74.77999877929688,74.73999786376953,74.77999877929688,3335.0
2024-10-25 13:57:00+00:00,DBX,25.900999069213867,25.900999069213867,25.900999069213867,25.900999069213867,25.900999069213867,820.0
2024-10-25 13:57:00+00:00,DDOG,126.63999938964844,126.63999938964844,126.69000244140625,126.5199966430664,126.52999877929688,3646.0
2024-10-25 13:57:00+00:00,DGII,30.225000381469727,30.225000381469727,30.225000381469727,30.17099952697754,30.17099952697754,107.0
2024-10-25 13:57:00+00:00,DOCU,69.2750015258789,69.2750015258789,69.2750015258789,69.26000213623047,69.26000213623047,1148.0
2024-10-25 13:57:00+00:00,DOMO,8.0649995803833,8.0649995803833,8.0649995803833,8.0649995803833,8.0649995803833,126.0
2024-10-25 13:57:00+00:00,ENPH,83.33000183105469,83.33000183105469,83.36000061035156,83.30000305175781,83.36000061035156,2061.0
2024-10-25 13:57:00+00:00,ENTG,104.98500061035156,104.98500061035156,105.0,104.85009765625,104.97000122070312,2697.0
2024-10-25 13:57:00+00:00,ERIC,8.449999809265137,8.449999809265137,8.449999809265137,8.449999809265137,8.449999809265137,10076.0
2024-10-25 13:57:00+00:00,EXLS,38.709999084472656,38.709999084472656,38.709999084472656,38.709999084472656,38.709999084472656,175.0
2024-10-25 13:57:00+00:00,FARO,18.100000381469727,18.100000381469727,18.100000381469727,18.100000381469727,18.100000381469727,1974.0
2024-10-25 13:57:00+00:00,FFIV,216.18499755859375,216.18499755859375,216.3000030517578,216.09500122070312,216.3000030517578,1933.0
2024-10-25 13:57:00+00:00,FIVN,29.988000869750977,29.988000869750977,29.988000869750977,29.988000869750977,29.988000869750977,202.0
2024-10-25 13:57:00+00:00,FLEX,35.20000076293945,35.20000076293945,35.20399856567383,35.189998626708984,35.189998626708984,1600.0
2024-10-25 13:57:00+00:00,FRSH,11.654999732971191,11.654999732971191,11.654999732971191,11.649999618530273,11.649999618530273,7360.0
2024-10-25 13:57:00+00:00,FSLR,198.53880310058594,198.53880310058594,198.57000732421875,198.53880310058594,198.57000732421875,1325.0
2024-10-25 13:57:00+00:00,FTCI,0.6500999927520752,0.6500999927520752,0.6500999927520752,0.6500999927520752,0.6500999927520752,1527.0
2024-10-25 13:57:00+00:00,GCT,24.74810028076172,24.74810028076172,24.74810028076172,24.74810028076172,24.74810028076172,1198.0
2024-10-25 13:57:00+00:00,GDS,21.360000610351562,21.360000610351562,21.360000610351562,21.360000610351562,21.360000610351562,355.0
2024-10-25 13:57:00+00:00,GDYN,15.541000366210938,15.541000366210938,15.550000190734863,15.541000366210938,15.550000190734863,726.0
2024-10-25 13:57:00+00:00,GFS,40.86000061035156,40.86000061035156,40.880001068115234,40.86000061035156,40.880001068115234,1296.0
2024-10-25 13:57:00+00:00,GPRO,1.315000057220459,1.315000057220459,1.315000057220459,1.315000057220459,1.315000057220459,200.0
2024-10-25 13:57:00+00:00,GRAB,4.09499979019165,4.09499979019165,4.09499979019165,4.090000152587891,4.09499979019165,13749.0
2024-10-25 13:57:00+00:00,GTLB,55.310001373291016,55.310001373291016,55.31999969482422,55.310001373291016,55.31999969482422,589.0
2024-10-25 13:57:00+00:00,HCP,33.662498474121094,33.662498474121094,33.665000915527344,33.662498474121094,33.665000915527344,400.0
2024-10-25 13:57:00+00:00,HOLO,3.5999999046325684,3.5999999046325684,3.609999895095825,3.5999999046325684,3.609999895095825,988.0
2024-10-25 13:57:00+00:00,HOOD,27.134000778198242,27.134000778198242,27.209699630737305,27.100000381469727,27.200000762939453,151281.0
2024-10-25 13:57:00+00:00,IMMR,8.723999977111816,8.723999977111816,8.723999977111816,8.723999977111816,8.723999977111816,252.0
2024-10-25 13:57:00+00:00,IMXI,17.559999465942383,17.559999465942383,17.559999465942383,17.559999465942383,17.559999465942383,426.0
2024-10-25 13:57:00+00:00,INDI,3.515000104904175,3.515000104904175,3.5199999809265137,3.515000104904175,3.5199999809265137,863.0
2024-10-25 13:57:00+00:00,INTA,50.06999969482422,50.06999969482422,50.06999969482422,50.06999969482422,50.06999969482422,373.0
2024-10-25 13:57:00+00:00,INTC,22.885000228881836,22.885000228881836,22.90399932861328,22.8799991607666,22.895000457763672,57149.0
2024-10-25 13:57:00+00:00,INTU,609.780029296875,609.780029296875,609.780029296875,609.780029296875,609.780029296875,728.0
2024-10-25 13:57:00+00:00,IPGP,77.19000244140625,77.19000244140625,77.19000244140625,77.19000244140625,77.19000244140625,782.0
2024-10-25 13:57:00+00:00,JKHY,182.60000610351562,182.60000610351562,182.60000610351562,182.60000610351562,182.60000610351562,462.0
2024-10-25 13:57:00+00:00,KC,2.694999933242798,2.694999933242798,2.694999933242798,2.694999933242798,2.694999933242798,106.0
2024-10-25 13:57:00+00:00,KLIC,44.38999938964844,44.38999938964844,44.38999938964844,44.38999938964844,44.38999938964844,496.0
2024-10-25 13:57:00+00:00,KLTR,1.3350000381469727,1.3350000381469727,1.3350000381469727,1.3350000381469727,1.3350000381469727,675.0
2024-10-25 13:57:00+00:00,KOPN,0.779699981212616,0.779699981212616,0.7797999978065491,0.779699981212616,0.7797999978065491,3003.0
2024-10-25 13:57:00+00:00,LASR,10.390000343322754,10.390000343322754,10.390000343322754,10.390000343322754,10.390000343322754,689.0
2024-10-25 13:57:00+00:00,LINK,4.829999923706055,4.829999923706055,4.829999923706055,4.829999923706055,4.829999923706055,328.0
2024-10-25 13:57:00+00:00,LITE,64.1500015258789,64.1500015258789,64.19999694824219,64.1500015258789,64.19999694824219,862.0
2024-10-25 13:57:00+00:00,LOGI,80.7300033569336,80.7300033569336,80.7300033569336,80.7300033569336,80.7300033569336,313.0
2024-10-25 13:57:00+00:00,LRCX,78.59040069580078,78.59040069580078,78.62999725341797,78.58000183105469,78.58000183105469,13543.0
2024-10-25 13:57:00+00:00,LSCC,54.2599983215332,54.2599983215332,54.2599983215332,54.2599983215332,54.2599983215332,935.0
2024-10-25 13:57:00+00:00,LYFT,13.770000457763672,13.770000457763672,13.770000457763672,13.770000457763672,13.770000457763672,6118.0
2024-10-25 13:57:00+00:00,MANH,274.989990234375,274.989990234375,274.989990234375,274.989990234375,274.989990234375,1355.0
2024-10-25 13:57:00+00:00,MAXN,5.650000095367432,5.650000095367432,5.650000095367432,5.650000095367432,5.650000095367432,0.0
2024-10-25 13:57:00+00:00,MCHP,76.68000030517578,76.68000030517578,76.72000122070312,76.66999816894531,76.72000122070312,5289.0
2024-10-25 13:57:00+00:00,MITK,8.777899742126465,8.777899742126465,8.777899742126465,8.770000457763672,8.770000457763672,808.0
2024-10-25 13:57:00+00:00,MNDY,299.3800048828125,299.3800048828125,299.3800048828125,299.2799987792969,299.2799987792969,1961.0
2024-10-25 13:57:00+00:00,MQ,5.289999961853027,5.289999961853027,5.300000190734863,5.289999961853027,5.300000190734863,7149.0
2024-10-25 13:57:00+00:00,MRVL,81.9800033569336,81.9800033569336,82.06999969482422,81.9800033569336,82.05000305175781,11196.0
2024-10-25 13:57:00+00:00,MSFT,428.3299865722656,428.3299865722656,428.3450012207031,428.2200012207031,428.3299865722656,11935.0
2024-10-25 13:57:00+00:00,MSTR,235.1053009033203,235.1053009033203,236.16000366210938,234.00010681152344,235.1300048828125,115842.0
2024-10-25 13:57:00+00:00,MTTR,4.605000019073486,4.605000019073486,4.610000133514404,4.605000019073486,4.610000133514404,13525.0
2024-10-25 13:57:00+00:00,MU,108.25,108.25,108.27989959716797,108.2249984741211,108.25,11585.0
2024-10-25 13:57:00+00:00,MVIS,1.0850000381469727,1.0850000381469727,1.0850000381469727,1.0850000381469727,1.0850000381469727,1801.0
2024-10-25 13:57:00+00:00,MXL,14.84000015258789,14.84000015258789,14.84000015258789,14.84000015258789,14.84000015258789,447.0
2024-10-25 13:57:00+00:00,NCNO,37.67499923706055,37.67499923706055,37.67499923706055,37.66999816894531,37.66999816894531,1227.0
2024-10-25 13:57:00+00:00,NEON,8.135000228881836,8.135000228881836,8.135000228881836,8.130000114440918,8.130000114440918,509.0
2024-10-25 13:57:00+00:00,NICE,175.60000610351562,175.60000610351562,175.6300048828125,175.5850067138672,175.5850067138672,992.0
2024-10-25 13:57:00+00:00,NSIT,208.5,208.5,208.5399932861328,208.5,208.5399932861328,859.0
2024-10-25 13:57:00+00:00,NTGR,20.260000228881836,20.260000228881836,20.260000228881836,20.260000228881836,20.260000228881836,623.0
2024-10-25 13:57:00+00:00,NTNX,62.16999816894531,62.16999816894531,62.16999816894531,62.11000061035156,62.11000061035156,2561.0
2024-10-25 13:57:00+00:00,NVDA,141.9145965576172,141.9145965576172,141.99000549316406,141.87060546875,141.9600067138672,567249.0
2024-10-25 13:57:00+00:00,NVMI,183.8699951171875,183.8699951171875,183.8699951171875,183.8699951171875,183.8699951171875,106.0
2024-10-25 13:57:00+00:00,NVTS,2.559999942779541,2.559999942779541,2.559999942779541,2.559999942779541,2.559999942779541,2789.0
2024-10-25 13:57:00+00:00,NXPI,243.8699951171875,243.8699951171875,244.07000732421875,243.8699951171875,244.05999755859375,2086.0
2024-10-25 13:57:00+00:00,OKTA,72.16999816894531,72.16999816894531,72.19419860839844,72.16999816894531,72.19419860839844,2843.0
2024-10-25 13:57:00+00:00,OLED,203.6300048828125,203.6300048828125,203.6300048828125,203.6300048828125,203.6300048828125,491.0
2024-10-25 13:57:00+00:00,ON,71.63999938964844,71.63999938964844,71.72000122070312,71.63500213623047,71.70999908447266,36626.0
2024-10-25 13:57:00+00:00,OSIS,136.03500366210938,136.03500366210938,136.03500366210938,136.03500366210938,136.03500366210938,246.0
2024-10-25 13:57:00+00:00,OSPN,14.529999732971191,14.529999732971191,14.529999732971191,14.520000457763672,14.520000457763672,881.0
2024-10-25 13:57:00+00:00,OTEX,33.25,33.25,33.25,33.2400016784668,33.2400016784668,814.0
2024-10-25 13:57:00+00:00,PANW,367.36749267578125,367.36749267578125,367.36749267578125,367.36749267578125,367.36749267578125,292.0
2024-10-25 13:57:00+00:00,PEGA,79.53500366210938,79.53500366210938,79.6050033569336,79.5,79.6050033569336,3209.0
2024-10-25 13:57:00+00:00,PEGY,4.781799793243408,4.781799793243408,4.781799793243408,4.781799793243408,4.781799793243408,12442.0
2024-10-25 13:57:00+00:00,PGY,11.850000381469727,11.850000381469727,11.864999771118164,11.850000381469727,11.864999771118164,2968.0
2024-10-25 13:57:00+00:00,PHUN,10.550000190734863,10.550000190734863,10.699999809265137,10.529999732971191,10.679699897766113,65619.0
2024-10-25 13:57:00+00:00,PLXS,141.35000610351562,141.35000610351562,141.47999572753906,141.33999633789062,141.36000061035156,3984.0
2024-10-25 13:57:00+00:00,PRGS,64.51000213623047,64.51000213623047,64.51000213623047,64.51000213623047,64.51000213623047,1171.0
2024-10-25 13:57:00+00:00,PUBM,14.729999542236328,14.729999542236328,14.729999542236328,14.729999542236328,14.729999542236328,549.0
2024-10-25 13:57:00+00:00,PYCR,14.300000190734863,14.300000190734863,14.300000190734863,14.300000190734863,14.300000190734863,261.0
2024-10-25 13:57:00+00:00,QCOM,171.48150634765625,171.48150634765625,171.48150634765625,171.4199981689453,171.47999572753906,2302.0
2024-10-25 13:57:00+00:00,QH,1.3899999856948853,1.3899999856948853,1.399999976158142,1.3890000581741333,1.3899999856948853,4300.0
2024-10-25 13:57:00+00:00,QLYS,120.62000274658203,120.62000274658203,120.62000274658203,120.62000274658203,120.62000274658203,251.0
2024-10-25 13:57:00+00:00,QRVO,99.98999786376953,99.98999786376953,100.0199966430664,99.98999786376953,100.0199966430664,984.0
2024-10-25 13:57:00+00:00,QUBT,1.0950000286102295,1.0950000286102295,1.0964000225067139,1.0950000286102295,1.0964000225067139,226.0
2024-10-25 13:57:00+00:00,RCAT,2.744999885559082,2.744999885559082,2.744999885559082,2.744999885559082,2.744999885559082,414.0
2024-10-25 13:57:00+00:00,RELY,14.864999771118164,14.864999771118164,14.864999771118164,14.864999771118164,14.864999771118164,1259.0
2024-10-25 13:57:00+00:00,RGTI,1.2130000591278076,1.2130000591278076,1.219099998474121,1.2130000591278076,1.219099998474121,1101.0
2024-10-25 13:57:00+00:00,RGTIW,0.16009999811649323,0.16009999811649323,0.16009999811649323,0.16009999811649323,0.16009999811649323,200.0
2024-10-25 13:57:00+00:00,RIOT,9.86989974975586,9.86989974975586,9.879899978637695,9.789999961853027,9.829999923706055,337329.0
2024-10-25 13:57:00+00:00,RMBS,43.400001525878906,43.400001525878906,43.400001525878906,43.400001525878906,43.400001525878906,1059.0
2024-10-25 13:57:00+00:00,RPAY,7.599999904632568,7.599999904632568,7.599999904632568,7.599999904632568,7.599999904632568,985.0
2024-10-25 13:57:00+00:00,RUM,5.784999847412109,5.784999847412109,5.784999847412109,5.784999847412109,5.784999847412109,270.0
2024-10-25 13:57:00+00:00,RUN,14.329999923706055,14.329999923706055,14.350000381469727,14.329999923706055,14.350000381469727,3908.0
2024-10-25 13:57:00+00:00,SANM,67.49500274658203,67.49500274658203,67.49500274658203,67.49500274658203,67.49500274658203,570.0
2024-10-25 13:57:00+00:00,SATS,25.170000076293945,25.170000076293945,25.170000076293945,25.170000076293945,25.170000076293945,857.0
2024-10-25 13:57:00+00:00,SEDG,15.970000267028809,15.970000267028809,15.979999542236328,15.94279956817627,15.979999542236328,4237.0
2024-10-25 13:57:00+00:00,SGMA,2.890000104904175,2.890000104904175,2.890000104904175,2.869999885559082,2.869999885559082,412.0
2024-10-25 13:57:00+00:00,SHLS,5.25,5.25,5.255000114440918,5.25,5.255000114440918,3724.0
2024-10-25 13:57:00+00:00,SMCI,47.150001525878906,47.150001525878906,47.16999816894531,47.11000061035156,47.119998931884766,14495.0
2024-10-25 13:57:00+00:00,SMTC,45.79999923706055,45.79999923706055,45.79999923706055,45.79999923706055,45.79999923706055,102.0
2024-10-25 13:57:00+00:00,SONO,12.720000267028809,12.720000267028809,12.729999542236328,12.720000267028809,12.729999542236328,3241.0
2024-10-25 13:57:00+00:00,SOUN,5.163899898529053,5.163899898529053,5.170000076293945,5.160099983215332,5.164000034332275,17240.0
2024-10-25 13:57:00+00:00,SPSC,173.1199951171875,173.1199951171875,173.16000366210938,173.1199951171875,173.16000366210938,628.0
2024-10-25 13:57:00+00:00,SPT,26.81999969482422,26.81999969482422,26.81999969482422,26.799999237060547,26.799999237060547,3124.0
2024-10-25 13:57:00+00:00,SRAD,12.359999656677246,12.359999656677246,12.369999885559082,12.359999656677246,12.369999885559082,982.0
2024-10-25 13:57:00+00:00,SSNC,69.81999969482422,69.81999969482422,69.82859802246094,69.79000091552734,69.79000091552734,7284.0
2024-10-25 13:57:00+00:00,SSYS,7.059999942779541,7.059999942779541,7.059999942779541,7.059999942779541,7.059999942779541,395.0
2024-10-25 13:57:00+00:00,STER,16.739999771118164,16.739999771118164,16.739999771118164,16.739999771118164,16.739999771118164,1230.0
2024-10-25 13:57:00+00:00,STNE,11.524999618530273,11.524999618530273,11.524999618530273,11.510000228881836,11.510000228881836,10834.0
2024-10-25 13:57:00+00:00,STX,103.41519927978516,103.41519927978516,103.43000030517578,103.4000015258789,103.4000015258789,2918.0
2024-10-25 13:57:00+00:00,SVRE,0.0794999971985817,0.0794999971985817,0.0794999971985817,0.0794999971985817,0.0794999971985817,287.0
2024-10-25 13:57:00+00:00,SWKS,96.20999908447266,96.20999908447266,96.20999908447266,96.20999908447266,96.20999908447266,730.0
2024-10-25 13:57:00+00:00,TEAM,189.2100067138672,189.2100067138672,189.27999877929688,189.1999969482422,189.25999450683594,1615.0
2024-10-25 13:57:00+00:00,TENB,41.650001525878906,41.650001525878906,41.650001525878906,41.584999084472656,41.584999084472656,2182.0
2024-10-25 13:57:00+00:00,TER,112.69499969482422,112.69499969482422,112.69499969482422,112.68000030517578,112.68000030517578,2512.0
2024-10-25 13:57:00+00:00,TRMB,61.03499984741211,61.03499984741211,61.03499984741211,61.03499984741211,61.03499984741211,1160.0
2024-10-25 13:57:00+00:00,TSEM,44.9900016784668,44.9900016784668,44.9900016784668,44.9900016784668,44.9900016784668,398.0
2024-10-25 13:57:00+00:00,TTD,118.62000274658203,118.62000274658203,118.62999725341797,118.62000274658203,118.625,1464.0
2024-10-25 13:57:00+00:00,TTMI,19.59000015258789,19.59000015258789,19.594999313354492,19.56999969482422,19.56999969482422,1520.0
2024-10-25 13:57:00+00:00,TWKS,4.440000057220459,4.440000057220459,4.445000171661377,4.440000057220459,4.440000057220459,8051.0
2024-10-25 13:57:00+00:00,TXN,207.50999450683594,207.50999450683594,207.56500244140625,207.50999450683594,207.5500030517578,2375.0
2024-10-25 13:57:00+00:00,UCTT,35.77000045776367,35.77000045776367,35.77000045776367,35.77000045776367,35.77000045776367,113.0
2024-10-25 13:57:00+00:00,VECO,29.36199951171875,29.36199951171875,29.36199951171875,29.360000610351562,29.360000610351562,467.0
2024-10-25 13:57:00+00:00,VIAV,9.234999656677246,9.234999656677246,9.234999656677246,9.234999656677246,9.234999656677246,297.0
2024-10-25 13:57:00+00:00,VICR,46.744998931884766,46.744998931884766,46.744998931884766,46.72999954223633,46.7400016784668,2376.0
2024-10-25 13:57:00+00:00,VMEO,4.75,4.75,4.760000228881836,4.75,4.75,1610.0
2024-10-25 13:57:00+00:00,VNET,3.434999942779541,3.434999942779541,3.434999942779541,3.434999942779541,3.434999942779541,1824.0
2024-10-25 13:57:00+00:00,VRNS,56.72999954223633,56.72999954223633,56.75,56.709999084472656,56.75,1250.0
2024-10-25 13:57:00+00:00,VSAT,10.170000076293945,10.170000076293945,10.170000076293945,10.170000076293945,10.170000076293945,2968.0
2024-10-25 13:57:00+00:00,WDAY,239.1699981689453,239.1699981689453,239.1699981689453,238.97999572753906,238.97999572753906,1780.0
2024-10-25 13:57:00+00:00,WDC,70.01000213623047,70.01000213623047,70.12000274658203,70.01000213623047,70.11000061035156,22913.0
2024-10-25 13:57:00+00:00,WISA,1.9550000429153442,1.9550000429153442,1.9600000381469727,1.9550000429153442,1.9600000381469727,550.0
2024-10-25 13:57:00+00:00,WRAP,1.8199000358581543,1.8199000358581543,1.8199000358581543,1.8199000358581543,1.8199000358581543,2992.0
2024-10-25 13:57:00+00:00,XPER,9.40999984741211,9.40999984741211,9.40999984741211,9.40999984741211,9.40999984741211,488.0
2024-10-25 13:57:00+00:00,XRX,9.970000267028809,9.970000267028809,9.975000381469727,9.970000267028809,9.973999977111816,1577.0
2024-10-25 13:57:00+00:00,ZBRA,360.4599914550781,360.4599914550781,360.4599914550781,360.4599914550781,360.4599914550781,697.0
2024-10-25 13:57:00+00:00,ZI,10.505000114440918,10.505000114440918,10.510000228881836,10.505000114440918,10.505000114440918,3218.0
2024-10-25 13:57:00+00:00,ZM,72.87999725341797,72.87999725341797,72.87999725341797,72.87999725341797,72.87999725341797,1481.0
2024-10-25 13:58:00+00:00,AAOI,17.69499969482422,17.69499969482422,17.739999771118164,17.69499969482422,17.739999771118164,1446.0
2024-10-25 13:58:00+00:00,AAPL,231.55999755859375,231.55999755859375,231.72000122070312,231.52999877929688,231.72000122070312,46206.0
2024-10-25 13:58:00+00:00,ACIW,48.70500183105469,48.70500183105469,48.709999084472656,48.70000076293945,48.709999084472656,2061.0
2024-10-25 13:58:00+00:00,ACLS,89.88999938964844,89.88999938964844,89.88999938964844,89.7874984741211,89.7874984741211,1017.0
2024-10-25 13:58:00+00:00,ACMR,19.639999389648438,19.639999389648438,19.649999618530273,19.639999389648438,19.649999618530273,455.0
2024-10-25 13:58:00+00:00,ADBE,484.2650146484375,484.2650146484375,484.2650146484375,484.010009765625,484.010009765625,1853.0
2024-10-25 13:58:00+00:00,ADI,231.35000610351562,231.35000610351562,231.35000610351562,231.35000610351562,231.35000610351562,150.0
2024-10-25 13:58:00+00:00,ADSK,285.7250061035156,285.7250061035156,285.7250061035156,285.7250061035156,285.7250061035156,644.0
2024-10-25 13:58:00+00:00,AFRM,41.369998931884766,41.369998931884766,41.45000076293945,41.369998931884766,41.45000076293945,13023.0
2024-10-25 13:58:00+00:00,AKAM,102.19999694824219,102.19999694824219,102.2300033569336,102.19999694824219,102.2300033569336,1370.0
2024-10-25 13:58:00+00:00,AKTS,0.058800000697374344,0.058800000697374344,0.058800000697374344,0.058800000697374344,0.058800000697374344,1395.0
2024-10-25 13:58:00+00:00,ALGM,23.049999237060547,23.049999237060547,23.1200008392334,23.049999237060547,23.1200008392334,5076.0
2024-10-25 13:58:00+00:00,ALTR,103.69999694824219,103.69999694824219,103.76000213623047,103.69999694824219,103.76000213623047,544.0
2024-10-25 13:58:00+00:00,AMAT,187.39500427246094,187.39500427246094,187.4499969482422,187.36500549316406,187.36500549316406,1898.0
2024-10-25 13:58:00+00:00,AMBA,58.02000045776367,58.02000045776367,58.02000045776367,58.02000045776367,58.02000045776367,219.0
2024-10-25 13:58:00+00:00,AMD,156.36000061035156,156.36000061035156,156.5,156.3000030517578,156.5,43595.0
2024-10-25 13:58:00+00:00,AMKR,30.0,30.0,30.010000228881836,30.0,30.0,2971.0
2024-10-25 13:58:00+00:00,AMPL,9.114999771118164,9.114999771118164,9.114999771118164,9.114999771118164,9.114999771118164,458.0
2024-10-25 13:58:00+00:00,ANY,1.0449999570846558,1.0449999570846558,1.0449999570846558,1.0449999570846558,1.0449999570846558,1309.0
2024-10-25 13:58:00+00:00,AOSL,36.508399963378906,36.508399963378906,36.539100646972656,36.508399963378906,36.529998779296875,830.0
2024-10-25 13:58:00+00:00,API,2.884999990463257,2.884999990463257,2.884999990463257,2.884999990463257,2.884999990463257,200.0
2024-10-25 13:58:00+00:00,APP,160.46580505371094,160.46580505371094,160.52999877929688,160.46580505371094,160.52999877929688,1640.0
2024-10-25 13:58:00+00:00,APPS,3.069999933242798,3.069999933242798,3.069999933242798,3.069999933242798,3.069999933242798,152.0
2024-10-25 13:58:00+00:00,ARRY,6.326000213623047,6.326000213623047,6.326000213623047,6.309999942779541,6.315000057220459,34198.0
2024-10-25 13:58:00+00:00,ASML,713.75,713.75,714.7249755859375,713.75,714.7000122070312,3255.0
2024-10-25 13:58:00+00:00,ASNS,1.3049999475479126,1.3049999475479126,1.3049999475479126,1.3049999475479126,1.3049999475479126,0.0
2024-10-25 13:58:00+00:00,ASUR,9.59000015258789,9.59000015258789,9.59000015258789,9.59000015258789,9.59000015258789,113.0
2024-10-25 13:58:00+00:00,AUR,6.454999923706055,6.454999923706055,6.454999923706055,6.420000076293945,6.429999828338623,33720.0
2024-10-25 13:58:00+00:00,AVDX,8.074999809265137,8.074999809265137,8.076000213623047,8.074999809265137,8.074999809265137,2028.0
2024-10-25 13:58:00+00:00,AVGO,174.0500030517578,174.0500030517578,174.1199951171875,173.8350067138672,174.05999755859375,38149.0
2024-10-25 13:58:00+00:00,AVPT,11.951000213623047,11.951000213623047,11.951000213623047,11.951000213623047,11.951000213623047,395.0
2024-10-25 13:58:00+00:00,AVT,53.779998779296875,53.779998779296875,53.84000015258789,53.779998779296875,53.84000015258789,669.0
2024-10-25 13:58:00+00:00,BASE,16.270000457763672,16.270000457763672,16.270000457763672,16.270000457763672,16.270000457763672,1494.0
2024-10-25 13:58:00+00:00,BIGC,5.295000076293945,5.295000076293945,5.304999828338623,5.295000076293945,5.300000190734863,3203.0
2024-10-25 13:58:00+00:00,BL,56.20500183105469,56.20500183105469,56.20500183105469,56.20500183105469,56.20500183105469,678.0
2024-10-25 13:58:00+00:00,BLKB,85.7300033569336,85.7300033569336,85.7300033569336,85.7300033569336,85.7300033569336,549.0
2024-10-25 13:58:00+00:00,BMBL,7.114999771118164,7.114999771118164,7.114999771118164,7.114999771118164,7.114999771118164,720.0
2024-10-25 13:58:00+00:00,BRZE,30.78499984741211,30.78499984741211,30.790000915527344,30.78499984741211,30.790000915527344,1047.0
2024-10-25 13:58:00+00:00,BSY,49.179901123046875,49.179901123046875,49.179901123046875,49.16999816894531,49.16999816894531,492.0
2024-10-25 13:58:00+00:00,CAN,0.9804999828338623,0.9804999828338623,0.9829999804496765,0.9804999828338623,0.9804999828338623,892.0
2024-10-25 13:58:00+00:00,CCSI,20.34000015258789,20.34000015258789,20.34000015258789,20.34000015258789,20.34000015258789,718.0
2024-10-25 13:58:00+00:00,CDNS,258.20001220703125,258.20001220703125,258.2950134277344,258.17999267578125,258.2950134277344,3123.0
2024-10-25 13:58:00+00:00,CDW,218.2100067138672,218.2100067138672,218.25,218.13999938964844,218.25,1749.0
2024-10-25 13:58:00+00:00,CFLT,22.59440040588379,22.59440040588379,22.610000610351562,22.59440040588379,22.610000610351562,2953.0
2024-10-25 13:58:00+00:00,CGNX,38.821998596191406,38.821998596191406,38.849998474121094,38.821998596191406,38.849998474121094,1172.0
2024-10-25 13:58:00+00:00,CLSK,11.749899864196777,11.749899864196777,11.749899864196777,11.675000190734863,11.725000381469727,57306.0
2024-10-25 13:58:00+00:00,CNDT,3.6201000213623047,3.6201000213623047,3.630000114440918,3.619999885559082,3.630000114440918,15074.0
2024-10-25 13:58:00+00:00,COHR,95.38999938964844,95.38999938964844,95.44499969482422,95.37999725341797,95.38999938964844,3774.0
2024-10-25 13:58:00+00:00,COIN,207.99000549316406,207.99000549316406,208.05999755859375,207.0399932861328,208.0500030517578,68874.0
2024-10-25 13:58:00+00:00,COMM,6.224999904632568,6.224999904632568,6.239999771118164,6.224999904632568,6.239999771118164,4381.0
2024-10-25 13:58:00+00:00,CORZ,13.369999885559082,13.369999885559082,13.375,13.354999542236328,13.375,14248.0
2024-10-25 13:58:00+00:00,CRCT,6.599999904632568,6.599999904632568,6.599999904632568,6.599999904632568,6.599999904632568,973.0
2024-10-25 13:58:00+00:00,CRDO,39.099998474121094,39.099998474121094,39.13999938964844,39.09000015258789,39.13999938964844,4032.0
2024-10-25 13:58:00+00:00,CRNC,2.9047999382019043,2.9047999382019043,2.9047999382019043,2.9000000953674316,2.9000000953674316,1881.0
2024-10-25 13:58:00+00:00,CRSR,6.340000152587891,6.340000152587891,6.340000152587891,6.340000152587891,6.340000152587891,389.0
2024-10-25 13:58:00+00:00,CRUS,122.5999984741211,122.5999984741211,122.73500061035156,122.5999984741211,122.73500061035156,1245.0
2024-10-25 13:58:00+00:00,CRWD,297.6492004394531,297.6492004394531,297.69769287109375,297.0,297.3999938964844,27814.0
2024-10-25 13:58:00+00:00,CSCO,55.775001525878906,55.775001525878906,55.790000915527344,55.775001525878906,55.790000915527344,2166.0
2024-10-25 13:58:00+00:00,CSGS,47.38999938964844,47.38999938964844,47.400001525878906,47.38999938964844,47.400001525878906,774.0
2024-10-25 13:58:00+00:00,CSIQ,13.4399995803833,13.4399995803833,13.4399995803833,13.4399995803833,13.4399995803833,1154.0
2024-10-25 13:58:00+00:00,CTLP,8.899999618530273,8.899999618530273,8.899999618530273,8.899999618530273,8.899999618530273,1893.0
2024-10-25 13:58:00+00:00,CTSH,74.7249984741211,74.7249984741211,74.73500061035156,74.70500183105469,74.7300033569336,3992.0
2024-10-25 13:58:00+00:00,CYBR,289.80999755859375,289.80999755859375,289.80999755859375,289.80999755859375,289.80999755859375,1562.0
2024-10-25 13:58:00+00:00,DAKT,13.010000228881836,13.010000228881836,13.010000228881836,13.010000228881836,13.010000228881836,506.0
2024-10-25 13:58:00+00:00,DAVE,39.099998474121094,39.099998474121094,39.099998474121094,39.099998474121094,39.099998474121094,174.0
2024-10-25 13:58:00+00:00,DBX,25.8799991607666,25.8799991607666,25.899999618530273,25.8799991607666,25.899999618530273,10969.0
2024-10-25 13:58:00+00:00,DDOG,126.55999755859375,126.55999755859375,126.55999755859375,126.52999877929688,126.52999877929688,842.0
2024-10-25 13:58:00+00:00,DIOD,65.59500122070312,65.59500122070312,65.59500122070312,65.59500122070312,65.59500122070312,699.0
2024-10-25 13:58:00+00:00,DLO,8.850000381469727,8.850000381469727,8.850000381469727,8.850000381469727,8.850000381469727,697.0
2024-10-25 13:58:00+00:00,DOCU,69.19860076904297,69.19860076904297,69.25,69.19000244140625,69.25,7537.0
2024-10-25 13:58:00+00:00,DOMO,8.069999694824219,8.069999694824219,8.069999694824219,8.0600004196167,8.0600004196167,3109.0
2024-10-25 13:58:00+00:00,DOX,89.27999877929688,89.27999877929688,89.29000091552734,89.27999877929688,89.29000091552734,3042.0
2024-10-25 13:58:00+00:00,DSGX,103.61000061035156,103.61000061035156,103.61000061035156,103.61000061035156,103.61000061035156,213.0
2024-10-25 13:58:00+00:00,DUOL,288.260009765625,288.260009765625,288.2900085449219,288.0,288.1400146484375,7741.0
2024-10-25 13:58:00+00:00,ENPH,83.27999877929688,83.27999877929688,83.33000183105469,83.18000030517578,83.2699966430664,7258.0
2024-10-25 13:58:00+00:00,ENTG,104.76000213623047,104.76000213623047,104.86000061035156,104.76000213623047,104.80000305175781,1980.0
2024-10-25 13:58:00+00:00,ERIC,8.449999809265137,8.449999809265137,8.456000328063965,8.449999809265137,8.454999923706055,34054.0
2024-10-25 13:58:00+00:00,EXLS,38.68000030517578,38.68000030517578,38.70000076293945,38.68000030517578,38.70000076293945,1633.0
2024-10-25 13:58:00+00:00,EXTR,14.359999656677246,14.359999656677246,14.369999885559082,14.359999656677246,14.369999885559082,985.0
2024-10-25 13:58:00+00:00,FFIV,216.19000244140625,216.19000244140625,216.25,216.07000732421875,216.07000732421875,3975.0
2024-10-25 13:58:00+00:00,FIVN,29.959999084472656,29.959999084472656,29.979999542236328,29.959999084472656,29.979999542236328,2589.0
2024-10-25 13:58:00+00:00,FLEX,35.15999984741211,35.15999984741211,35.15999984741211,35.130001068115234,35.130001068115234,694.0
2024-10-25 13:58:00+00:00,FORM,44.83000183105469,44.83000183105469,44.83000183105469,44.83000183105469,44.83000183105469,329.0
2024-10-25 13:58:00+00:00,FROG,29.190000534057617,29.190000534057617,29.200000762939453,29.170000076293945,29.200000762939453,2837.0
2024-10-25 13:58:00+00:00,FRSH,11.640000343322754,11.640000343322754,11.649999618530273,11.640000343322754,11.649999618530273,9166.0
2024-10-25 13:58:00+00:00,FSLR,198.52999877929688,198.52999877929688,198.60000610351562,198.39999389648438,198.39999389648438,4109.0
2024-10-25 13:58:00+00:00,FTNT,80.67150115966797,80.67150115966797,80.68000030517578,80.63999938964844,80.6500015258789,4286.0
2024-10-25 13:58:00+00:00,GCT,24.725000381469727,24.725000381469727,24.725000381469727,24.725000381469727,24.725000381469727,406.0
2024-10-25 13:58:00+00:00,GDYN,15.515000343322754,15.515000343322754,15.539999961853027,15.510000228881836,15.539999961853027,2991.0
2024-10-25 13:58:00+00:00,GFS,40.80500030517578,40.80500030517578,40.85499954223633,40.80500030517578,40.85499954223633,1259.0
2024-10-25 13:58:00+00:00,GILT,4.920000076293945,4.920000076293945,4.920000076293945,4.920000076293945,4.920000076293945,124.0
2024-10-25 13:58:00+00:00,GPRO,1.3188999891281128,1.3188999891281128,1.3188999891281128,1.309999942779541,1.309999942779541,1859.0
2024-10-25 13:58:00+00:00,GRAB,4.09499979019165,4.09499979019165,4.099899768829346,4.09499979019165,4.09499979019165,6327.0
2024-10-25 13:58:00+00:00,GSIT,3.434999942779541,3.434999942779541,3.434999942779541,3.434999942779541,3.434999942779541,230.0
2024-10-25 13:58:00+00:00,GTLB,55.2400016784668,55.2400016784668,55.2400016784668,55.2400016784668,55.2400016784668,412.0
2024-10-25 13:58:00+00:00,HCP,33.665000915527344,33.665000915527344,33.665000915527344,33.665000915527344,33.665000915527344,2208.0
2024-10-25 13:58:00+00:00,HEAR,16.489999771118164,16.489999771118164,16.489999771118164,16.489999771118164,16.489999771118164,340.0
2024-10-25 13:58:00+00:00,HIMX,6.160999774932861,6.160999774932861,6.170000076293945,6.159999847412109,6.170000076293945,9317.0
2024-10-25 13:58:00+00:00,HLIT,14.779999732971191,14.779999732971191,14.779999732971191,14.770000457763672,14.770000457763672,2221.0
2024-10-25 13:58:00+00:00,HOOD,27.1299991607666,27.1299991607666,27.1299991607666,27.079999923706055,27.1299991607666,28058.0
2024-10-25 13:58:00+00:00,ICHR,27.549999237060547,27.549999237060547,27.549999237060547,27.549999237060547,27.549999237060547,575.0
2024-10-25 13:58:00+00:00,IMMR,8.710000038146973,8.710000038146973,8.720000267028809,8.710000038146973,8.720000267028809,526.0
2024-10-25 13:58:00+00:00,IMXI,17.559999465942383,17.559999465942383,17.559999465942383,17.559999465942383,17.559999465942383,262.0
2024-10-25 13:58:00+00:00,INDI,3.515000104904175,3.515000104904175,3.5151000022888184,3.509999990463257,3.509999990463257,7705.0
2024-10-25 13:58:00+00:00,INOD,20.20599937438965,20.20599937438965,20.20599937438965,20.18000030517578,20.190000534057617,882.0
2024-10-25 13:58:00+00:00,INSG,20.139999389648438,20.139999389648438,20.139999389648438,20.139999389648438,20.139999389648438,256.0
2024-10-25 13:58:00+00:00,INTA,50.03499984741211,50.03499984741211,50.03499984741211,50.03499984741211,50.03499984741211,906.0
2024-10-25 13:58:00+00:00,INTC,22.854000091552734,22.854000091552734,22.8799991607666,22.850000381469727,22.8799991607666,95823.0
2024-10-25 13:58:00+00:00,ITI,7.199999809265137,7.199999809265137,7.199999809265137,7.199999809265137,7.199999809265137,674.0
2024-10-25 13:58:00+00:00,JAMF,16.75,16.75,16.75,16.75,16.75,533.0
2024-10-25 13:58:00+00:00,JKHY,182.5500030517578,182.5500030517578,182.5500030517578,182.5500030517578,182.5500030517578,390.0
2024-10-25 13:58:00+00:00,KC,2.694999933242798,2.694999933242798,2.694999933242798,2.690000057220459,2.694999933242798,1837.0
2024-10-25 13:58:00+00:00,KLAC,676.0499877929688,676.0499877929688,676.0499877929688,676.0499877929688,676.0499877929688,742.0
2024-10-25 13:58:00+00:00,KLIC,44.36000061035156,44.36000061035156,44.36000061035156,44.349998474121094,44.349998474121094,484.0
2024-10-25 13:58:00+00:00,LINK,4.843699932098389,4.843699932098389,4.84499979019165,4.820000171661377,4.820000171661377,11104.0
2024-10-25 13:58:00+00:00,LITE,64.12000274658203,64.12000274658203,64.13999938964844,64.12000274658203,64.13999938964844,761.0
2024-10-25 13:58:00+00:00,LOGI,80.72000122070312,80.72000122070312,80.72000122070312,80.72000122070312,80.72000122070312,545.0
2024-10-25 13:58:00+00:00,LPSN,1.159999966621399,1.159999966621399,1.159999966621399,1.159999966621399,1.159999966621399,600.0
2024-10-25 13:58:00+00:00,LRCX,78.53500366210938,78.53500366210938,78.58000183105469,78.47470092773438,78.58000183105469,15644.0
2024-10-25 13:58:00+00:00,LSCC,54.130001068115234,54.130001068115234,54.150001525878906,54.130001068115234,54.150001525878906,1060.0
2024-10-25 13:58:00+00:00,LTRX,4.059999942779541,4.059999942779541,4.059999942779541,4.054999828338623,4.059999942779541,973.0
2024-10-25 13:58:00+00:00,LYFT,13.755999565124512,13.755999565124512,13.760000228881836,13.75,13.760000228881836,8221.0
2024-10-25 13:58:00+00:00,MAPS,0.8464999794960022,0.8464999794960022,0.8464999794960022,0.8464999794960022,0.8464999794960022,6285.0
2024-10-25 13:58:00+00:00,MCHP,76.58999633789062,76.58999633789062,76.6500015258789,76.58000183105469,76.6500015258789,7826.0
2024-10-25 13:58:00+00:00,MDB,266.760009765625,266.760009765625,267.0,266.760009765625,266.989990234375,893.0
2024-10-25 13:58:00+00:00,MKSI,101.16000366210938,101.16000366210938,101.20500183105469,101.12000274658203,101.20500183105469,2619.0
2024-10-25 13:58:00+00:00,MKTW,0.5855000019073486,0.5855000019073486,0.5855000019073486,0.5855000019073486,0.5855000019073486,165.0
2024-10-25 13:58:00+00:00,MNDY,298.8599853515625,298.8599853515625,299.0150146484375,298.8599853515625,299.0150146484375,506.0
2024-10-25 13:58:00+00:00,MPWR,913.0,913.0,913.0,913.0,913.0,1002.0
2024-10-25 13:58:00+00:00,MQ,5.284999847412109,5.284999847412109,5.284999847412109,5.28000020980835,5.28000020980835,4736.0
2024-10-25 13:58:00+00:00,MRVL,81.91000366210938,81.91000366210938,81.98999786376953,81.87999725341797,81.98999786376953,28011.0
2024-10-25 13:58:00+00:00,MSFT,428.04998779296875,428.04998779296875,428.2300109863281,427.9700012207031,428.2300109863281,57731.0
2024-10-25 13:58:00+00:00,MSTR,235.3800048828125,235.3800048828125,235.95469665527344,234.0,235.10000610351562,108123.0
2024-10-25 13:58:00+00:00,MTSI,119.91999816894531,119.91999816894531,119.95999908447266,119.8550033569336,119.95999908447266,2607.0
2024-10-25 13:58:00+00:00,MTTR,4.605000019073486,4.605000019073486,4.605000019073486,4.605000019073486,4.605000019073486,1259.0
2024-10-25 13:58:00+00:00,MU,108.13999938964844,108.13999938964844,108.2300033569336,108.12000274658203,108.2300033569336,20419.0
2024-10-25 13:58:00+00:00,MVIS,1.0850000381469727,1.0850000381469727,1.0850000381469727,1.0800000429153442,1.0800000429153442,1071.0
2024-10-25 13:58:00+00:00,MXL,14.789999961853027,14.789999961853027,14.829999923706055,14.789999961853027,14.829999923706055,1527.0
2024-10-25 13:58:00+00:00,NNDM,2.325000047683716,2.325000047683716,2.325000047683716,2.325000047683716,2.325000047683716,150.0
2024-10-25 13:58:00+00:00,NOVT,173.41000366210938,173.41000366210938,173.41000366210938,173.41000366210938,173.41000366210938,2615.0
2024-10-25 13:58:00+00:00,NSIT,208.33999633789062,208.33999633789062,208.33999633789062,208.33999633789062,208.33999633789062,813.0
2024-10-25 13:58:00+00:00,NTAP,119.76000213623047,119.76000213623047,119.81999969482422,119.76000213623047,119.81999969482422,1088.0
2024-10-25 13:58:00+00:00,NTCT,20.639999389648438,20.639999389648438,20.639999389648438,20.639999389648438,20.639999389648438,748.0
2024-10-25 13:58:00+00:00,NTNX,62.165000915527344,62.165000915527344,62.189998626708984,62.165000915527344,62.16999816894531,2068.0
2024-10-25 13:58:00+00:00,NVDA,141.76620483398438,141.76620483398438,141.92990112304688,141.74000549316406,141.9199981689453,510794.0
2024-10-25 13:58:00+00:00,NVEI,33.5,33.5,33.5,33.5,33.5,340.0
2024-10-25 13:58:00+00:00,NVMI,183.8699951171875,183.8699951171875,183.8699951171875,183.8699951171875,183.8699951171875,551.0
2024-10-25 13:58:00+00:00,NVTS,2.5599000453948975,2.5599000453948975,2.5599000453948975,2.555000066757202,2.555000066757202,643.0
2024-10-25 13:58:00+00:00,NXPI,243.7100067138672,243.7100067138672,243.8000030517578,243.57000732421875,243.8000030517578,3135.0
2024-10-25 13:58:00+00:00,OKTA,72.08999633789062,72.08999633789062,72.09500122070312,72.08000183105469,72.08000183105469,1419.0
2024-10-25 13:58:00+00:00,OLED,203.61500549316406,203.61500549316406,203.61500549316406,203.61500549316406,203.61500549316406,1486.0
2024-10-25 13:58:00+00:00,ON,71.55000305175781,71.55000305175781,71.62999725341797,71.5,71.62000274658203,28023.0
2024-10-25 13:58:00+00:00,OSIS,135.6999969482422,135.6999969482422,135.6999969482422,135.6999969482422,135.6999969482422,262.0
2024-10-25 13:58:00+00:00,OSPN,14.520000457763672,14.520000457763672,14.520000457763672,14.510000228881836,14.510000228881836,791.0
2024-10-25 13:58:00+00:00,PANW,367.1600036621094,367.1600036621094,367.1600036621094,367.1600036621094,367.1600036621094,1738.0
2024-10-25 13:58:00+00:00,PAYO,8.305000305175781,8.305000305175781,8.305000305175781,8.295000076293945,8.300000190734863,14154.0
2024-10-25 13:58:00+00:00,PCTY,173.4600067138672,173.4600067138672,173.4600067138672,173.34500122070312,173.34500122070312,1219.0
2024-10-25 13:58:00+00:00,PDFS,29.15999984741211,29.15999984741211,29.15999984741211,29.15999984741211,29.15999984741211,644.0
2024-10-25 13:58:00+00:00,PEGA,79.44999694824219,79.44999694824219,79.5250015258789,79.44999694824219,79.5250015258789,1836.0
2024-10-25 13:58:00+00:00,PEGY,4.800000190734863,4.800000190734863,4.800000190734863,4.800000190734863,4.800000190734863,0.0
2024-10-25 13:58:00+00:00,PGY,11.8100004196167,11.8100004196167,11.824999809265137,11.8100004196167,11.824999809265137,1148.0
2024-10-25 13:58:00+00:00,PHUN,10.509900093078613,10.509900093078613,10.550000190734863,10.470600128173828,10.550000190734863,66520.0
2024-10-25 13:58:00+00:00,PI,201.75999450683594,201.75999450683594,201.75999450683594,201.75999450683594,201.75999450683594,385.0
2024-10-25 13:58:00+00:00,PLAB,23.56999969482422,23.56999969482422,23.56999969482422,23.56999969482422,23.56999969482422,658.0
2024-10-25 13:58:00+00:00,PLUS,97.61000061035156,97.61000061035156,97.61000061035156,97.61000061035156,97.61000061035156,260.0
2024-10-25 13:58:00+00:00,PLXS,141.35000610351562,141.35000610351562,141.47999572753906,141.35000610351562,141.47999572753906,468.0
2024-10-25 13:58:00+00:00,POET,3.8399999141693115,3.8399999141693115,3.859999895095825,3.819999933242798,3.859999895095825,29797.0
2024-10-25 13:58:00+00:00,PRCH,1.309999942779541,1.309999942779541,1.309999942779541,1.309999942779541,1.309999942779541,200.0
2024-10-25 13:58:00+00:00,PTC,186.33999633789062,186.33999633789062,186.52000427246094,186.33999633789062,186.52000427246094,1065.0
2024-10-25 13:58:00+00:00,PYCR,14.300000190734863,14.300000190734863,14.300000190734863,14.300000190734863,14.300000190734863,1302.0
2024-10-25 13:58:00+00:00,QCOM,171.18499755859375,171.18499755859375,171.42999267578125,171.1699981689453,171.4199981689453,6479.0
2024-10-25 13:58:00+00:00,QLYS,120.4000015258789,120.4000015258789,120.55999755859375,120.4000015258789,120.55999755859375,1914.0
2024-10-25 13:58:00+00:00,QRVO,99.8550033569336,99.8550033569336,99.9000015258789,99.8499984741211,99.9000015258789,1337.0
2024-10-25 13:58:00+00:00,QUBT,1.090000033378601,1.090000033378601,1.090000033378601,1.090000033378601,1.090000033378601,224.0
2024-10-25 13:58:00+00:00,RCAT,2.744999885559082,2.744999885559082,2.744999885559082,2.744999885559082,2.744999885559082,1890.0
2024-10-25 13:58:00+00:00,REKR,1.0950000286102295,1.0950000286102295,1.0950000286102295,1.0950000286102295,1.0950000286102295,235.0
2024-10-25 13:58:00+00:00,RELY,14.890000343322754,14.890000343322754,14.890000343322754,14.864999771118164,14.864999771118164,2290.0
2024-10-25 13:58:00+00:00,RGTI,1.215000033378601,1.215000033378601,1.215000033378601,1.2100000381469727,1.215000033378601,103761.0
2024-10-25 13:58:00+00:00,RIOT,9.865799903869629,9.865799903869629,9.875,9.833100318908691,9.859999656677246,37033.0
2024-10-25 13:58:00+00:00,RMBS,43.290000915527344,43.290000915527344,43.39500045776367,43.290000915527344,43.369998931884766,11746.0
2024-10-25 13:58:00+00:00,RPAY,7.590000152587891,7.590000152587891,7.590000152587891,7.585000038146973,7.585000038146973,5100.0
2024-10-25 13:58:00+00:00,RPD,38.775001525878906,38.775001525878906,38.775001525878906,38.72999954223633,38.72999954223633,2303.0
2024-10-25 13:58:00+00:00,RUM,5.769999980926514,5.769999980926514,5.784999847412109,5.764999866485596,5.784999847412109,5882.0
2024-10-25 13:58:00+00:00,RUN,14.335000038146973,14.335000038146973,14.34000015258789,14.3149995803833,14.319999694824219,11843.0
2024-10-25 13:58:00+00:00,RXT,2.505000114440918,2.505000114440918,2.505000114440918,2.505000114440918,2.505000114440918,499.0
2024-10-25 13:58:00+00:00,SANM,67.44999694824219,67.44999694824219,67.44999694824219,67.44999694824219,67.44999694824219,942.0
2024-10-25 13:58:00+00:00,SATS,25.149999618530273,25.149999618530273,25.149999618530273,25.135499954223633,25.135499954223633,220.0
2024-10-25 13:58:00+00:00,SCSC,44.650001525878906,44.650001525878906,44.689998626708984,44.650001525878906,44.689998626708984,1082.0
2024-10-25 13:58:00+00:00,SEDG,15.949999809265137,15.949999809265137,15.970000267028809,15.9399995803833,15.970000267028809,3610.0
2024-10-25 13:58:00+00:00,SHLS,5.244999885559082,5.244999885559082,5.246300220489502,5.244999885559082,5.244999885559082,5402.0
2024-10-25 13:58:00+00:00,SKYT,10.5600004196167,10.5600004196167,10.5600004196167,10.5600004196167,10.5600004196167,859.0
2024-10-25 13:58:00+00:00,SMCI,47.09000015258789,47.09000015258789,47.14500045776367,47.029998779296875,47.14500045776367,35054.0
2024-10-25 13:58:00+00:00,SMTC,45.69499969482422,45.69499969482422,45.76499938964844,45.69499969482422,45.76499938964844,898.0
2024-10-25 13:58:00+00:00,SNPS,502.9649963378906,502.9649963378906,502.9649963378906,502.9649963378906,502.9649963378906,243.0
2024-10-25 13:58:00+00:00,SONO,12.710000038146973,12.710000038146973,12.720000267028809,12.710000038146973,12.71500015258789,2038.0
2024-10-25 13:58:00+00:00,SOUN,5.15500020980835,5.15500020980835,5.164999961853027,5.150000095367432,5.164999961853027,59147.0
2024-10-25 13:58:00+00:00,SPSC,173.1199951171875,173.1199951171875,173.15199279785156,173.1199951171875,173.15199279785156,1974.0
2024-10-25 13:58:00+00:00,SSNC,69.81999969482422,69.81999969482422,69.81999969482422,69.80999755859375,69.81999969482422,1134.0
2024-10-25 13:58:00+00:00,SSTI,11.300000190734863,11.300000190734863,11.300000190734863,11.300000190734863,11.300000190734863,12.0
2024-10-25 13:58:00+00:00,STNE,11.529999732971191,11.529999732971191,11.529999732971191,11.515000343322754,11.524999618530273,5006.0
2024-10-25 13:58:00+00:00,STX,103.44660186767578,103.44660186767578,103.54000091552734,103.43250274658203,103.43499755859375,13356.0
2024-10-25 13:58:00+00:00,SWKS,96.08999633789062,96.08999633789062,96.08999633789062,96.08499908447266,96.08499908447266,1362.0
2024-10-25 13:58:00+00:00,SYNA,72.58999633789062,72.58999633789062,72.58999633789062,72.58999633789062,72.58999633789062,258.0
2024-10-25 13:58:00+00:00,SYTA,1.2799999713897705,1.2799999713897705,1.2893999814987183,1.2799999713897705,1.2893999814987183,1591.0
2024-10-25 13:58:00+00:00,TASK,11.989999771118164,11.989999771118164,12.0,11.989999771118164,12.0,8133.0
2024-10-25 13:58:00+00:00,TEAM,188.9600067138672,188.9600067138672,189.13499450683594,188.94000244140625,189.1199951171875,2533.0
2024-10-25 13:58:00+00:00,TENB,41.599998474121094,41.599998474121094,41.630001068115234,41.599998474121094,41.630001068115234,1066.0
2024-10-25 13:58:00+00:00,TER,112.52999877929688,112.52999877929688,112.69999694824219,112.51000213623047,112.69999694824219,12384.0
2024-10-25 13:58:00+00:00,TLS,3.609999895095825,3.609999895095825,3.609999895095825,3.609999895095825,3.609999895095825,274.0
2024-10-25 13:58:00+00:00,TRMB,61.040000915527344,61.040000915527344,61.040000915527344,61.0099983215332,61.02000045776367,1561.0
2024-10-25 13:58:00+00:00,TTD,118.52999877929688,118.52999877929688,118.61000061035156,118.48210144042969,118.5999984741211,3923.0
2024-10-25 13:58:00+00:00,TTEC,5.34499979019165,5.34499979019165,5.349999904632568,5.34499979019165,5.349999904632568,12760.0
2024-10-25 13:58:00+00:00,TTMI,19.56999969482422,19.56999969482422,19.56999969482422,19.56999969482422,19.56999969482422,476.0
2024-10-25 13:58:00+00:00,TWKS,4.440000057220459,4.440000057220459,4.440000057220459,4.440000057220459,4.440000057220459,189.0
2024-10-25 13:58:00+00:00,TXN,207.42990112304688,207.42990112304688,207.44500732421875,207.27499389648438,207.38999938964844,9792.0
2024-10-25 13:58:00+00:00,UCTT,35.68000030517578,35.68000030517578,35.720001220703125,35.68000030517578,35.720001220703125,1123.0
2024-10-25 13:58:00+00:00,VECO,29.315000534057617,29.315000534057617,29.350000381469727,29.309999465942383,29.350000381469727,1888.0
2024-10-25 13:58:00+00:00,VERI,3.4070000648498535,3.4070000648498535,3.4100000858306885,3.4070000648498535,3.4100000858306885,815.0
2024-10-25 13:58:00+00:00,VERX,41.630001068115234,41.630001068115234,41.630001068115234,41.630001068115234,41.630001068115234,784.0
2024-10-25 13:58:00+00:00,VIAV,9.229999542236328,9.229999542236328,9.229999542236328,9.229999542236328,9.229999542236328,751.0
2024-10-25 13:58:00+00:00,VMEO,4.760000228881836,4.760000228881836,4.760000228881836,4.760000228881836,4.760000228881836,309.0
2024-10-25 13:58:00+00:00,VRNS,56.65999984741211,56.65999984741211,56.66999816894531,56.65999984741211,56.66999816894531,1226.0
2024-10-25 13:58:00+00:00,VRSN,183.85000610351562,183.85000610351562,183.97000122070312,183.85000610351562,183.97000122070312,2387.0
2024-10-25 13:58:00+00:00,VSAT,10.149999618530273,10.149999618530273,10.170000076293945,10.149999618530273,10.170000076293945,3719.0
2024-10-25 13:58:00+00:00,VUZI,1.315000057220459,1.315000057220459,1.315000057220459,1.315000057220459,1.315000057220459,884.0
2024-10-25 13:58:00+00:00,WDAY,238.97000122070312,238.97000122070312,238.97000122070312,238.97000122070312,238.97000122070312,621.0
2024-10-25 13:58:00+00:00,WDC,70.0,70.0,70.03990173339844,69.91000366210938,70.02999877929688,130994.0
2024-10-25 13:58:00+00:00,WISA,1.9700000286102295,1.9700000286102295,1.9700000286102295,1.9600000381469727,1.9600000381469727,1937.0
2024-10-25 13:58:00+00:00,WRAP,1.809999942779541,1.809999942779541,1.809999942779541,1.809999942779541,1.809999942779541,341.0
2024-10-25 13:58:00+00:00,XPER,9.40999984741211,9.40999984741211,9.40999984741211,9.399999618530273,9.399999618530273,1536.0
2024-10-25 13:58:00+00:00,XRX,9.954999923706055,9.954999923706055,9.960000038146973,9.949999809265137,9.960000038146973,2510.0
2024-10-25 13:58:00+00:00,ZBRA,360.1099853515625,360.1099853515625,360.25,360.1099853515625,360.25,1247.0
2024-10-25 13:58:00+00:00,ZI,10.5,10.5,10.5,10.5,10.5,1368.0
2024-10-25 13:58:00+00:00,ZM,72.86000061035156,72.86000061035156,72.87000274658203,72.86000061035156,72.87000274658203,2721.0
2024-10-25 13:58:00+00:00,ZS,184.61000061035156,184.61000061035156,184.61000061035156,184.52999877929688,184.55999755859375,1278.0
2024-10-25 13:59:00+00:00,AAOI,17.68000030517578,17.68000030517578,17.68000030517578,17.68000030517578,17.68000030517578,1114.0
2024-10-25 13:59:00+00:00,AAPL,231.47999572753906,231.47999572753906,231.59500122070312,231.44000244140625,231.55999755859375,42665.0
2024-10-25 13:59:00+00:00,ACMR,19.649999618530273,19.649999618530273,19.649999618530273,19.649999618530273,19.649999618530273,220.0
2024-10-25 13:59:00+00:00,ADBE,483.6099853515625,483.6099853515625,484.07000732421875,483.6000061035156,484.07000732421875,8428.0
2024-10-25 13:59:00+00:00,ADI,231.22500610351562,231.22500610351562,231.35000610351562,231.22500610351562,231.35000610351562,1233.0
2024-10-25 13:59:00+00:00,ADSK,285.5899963378906,285.5899963378906,285.5899963378906,285.5799865722656,285.5799865722656,499.0
2024-10-25 13:59:00+00:00,ADTN,6.315000057220459,6.315000057220459,6.315000057220459,6.315000057220459,6.315000057220459,211.0
2024-10-25 13:59:00+00:00,AEHR,16.900100708007812,16.900100708007812,16.900100708007812,16.900100708007812,16.900100708007812,1289.0
2024-10-25 13:59:00+00:00,AFRM,41.34000015258789,41.34000015258789,41.40999984741211,41.33000183105469,41.375,9773.0
2024-10-25 13:59:00+00:00,AKAM,102.20999908447266,102.20999908447266,102.20999908447266,102.20999908447266,102.20999908447266,713.0
2024-10-25 13:59:00+00:00,AKTS,0.05869999900460243,0.05869999900460243,0.05869999900460243,0.05869999900460243,0.05869999900460243,1455.0
2024-10-25 13:59:00+00:00,ALGM,23.030000686645508,23.030000686645508,23.049999237060547,23.030000686645508,23.049999237060547,2537.0
2024-10-25 13:59:00+00:00,ALKT,38.095001220703125,38.095001220703125,38.095001220703125,38.05009841918945,38.05009841918945,2169.0
2024-10-25 13:59:00+00:00,AMAT,187.2949981689453,187.2949981689453,187.36500549316406,187.22999572753906,187.36500549316406,5690.0
2024-10-25 13:59:00+00:00,AMBA,57.939998626708984,57.939998626708984,57.974998474121094,57.939998626708984,57.974998474121094,698.0
2024-10-25 13:59:00+00:00,AMD,156.3300018310547,156.3300018310547,156.4199981689453,156.3101043701172,156.3686065673828,18720.0
2024-10-25 13:59:00+00:00,AMKR,29.979999542236328,29.979999542236328,29.989999771118164,29.979999542236328,29.989999771118164,6233.0
2024-10-25 13:59:00+00:00,AOSL,36.445899963378906,36.445899963378906,36.4900016784668,36.43669891357422,36.4900016784668,1518.0
2024-10-25 13:59:00+00:00,API,2.884999990463257,2.884999990463257,2.884999990463257,2.884999990463257,2.884999990463257,100.0
2024-10-25 13:59:00+00:00,APP,160.50999450683594,160.50999450683594,160.55569458007812,160.50999450683594,160.55569458007812,938.0
2024-10-25 13:59:00+00:00,APPF,211.97999572753906,211.97999572753906,211.97999572753906,211.77999877929688,211.77999877929688,1573.0
2024-10-25 13:59:00+00:00,APPS,3.069999933242798,3.069999933242798,3.069999933242798,3.069999933242798,3.069999933242798,340.0
2024-10-25 13:59:00+00:00,ARRY,6.329999923706055,6.329999923706055,6.329999923706055,6.324999809265137,6.324999809265137,10681.0
2024-10-25 13:59:00+00:00,ASML,713.97998046875,713.97998046875,713.97998046875,713.97998046875,713.97998046875,1556.0
2024-10-25 13:59:00+00:00,AUR,6.454999923706055,6.454999923706055,6.454999923706055,6.453999996185303,6.454999923706055,3115.0
2024-10-25 13:59:00+00:00,AVDX,8.074999809265137,8.074999809265137,8.074999809265137,8.074999809265137,8.074999809265137,1221.0
2024-10-25 13:59:00+00:00,AVGO,173.9600067138672,173.9600067138672,174.0800018310547,173.9199981689453,174.02000427246094,12791.0
2024-10-25 13:59:00+00:00,AVPT,11.9399995803833,11.9399995803833,11.949999809265137,11.9399995803833,11.949999809265137,2064.0
2024-10-25 13:59:00+00:00,AVT,53.790000915527344,53.790000915527344,53.79999923706055,53.790000915527344,53.79999923706055,601.0
2024-10-25 13:59:00+00:00,AXTI,2.6649999618530273,2.6649999618530273,2.6649999618530273,2.6649999618530273,2.6649999618530273,182.0
2024-10-25 13:59:00+00:00,AZPN,237.1699981689453,237.1699981689453,237.1699981689453,237.1699981689453,237.1699981689453,190.0
2024-10-25 13:59:00+00:00,BAND,17.6299991607666,17.6299991607666,17.6299991607666,17.6299991607666,17.6299991607666,753.0
2024-10-25 13:59:00+00:00,BIGC,5.300000190734863,5.300000190734863,5.300000190734863,5.295000076293945,5.295000076293945,6109.0
2024-10-25 13:59:00+00:00,BMBL,7.114999771118164,7.114999771118164,7.119999885559082,7.114999771118164,7.119999885559082,985.0
2024-10-25 13:59:00+00:00,BRZE,30.780000686645508,30.780000686645508,30.799999237060547,30.780000686645508,30.799999237060547,1349.0
2024-10-25 13:59:00+00:00,BSY,49.152400970458984,49.152400970458984,49.159400939941406,49.150001525878906,49.159400939941406,560.0
2024-10-25 13:59:00+00:00,CAN,0.9804999828338623,0.9804999828338623,0.9804999828338623,0.9804999828338623,0.9804999828338623,279.0
2024-10-25 13:59:00+00:00,CCSI,20.190000534057617,20.190000534057617,20.299999237060547,20.190000534057617,20.299999237060547,3063.0
2024-10-25 13:59:00+00:00,CDNS,257.9849853515625,257.9849853515625,258.07000732421875,257.9849853515625,258.0400085449219,3389.0
2024-10-25 13:59:00+00:00,CDW,218.27000427246094,218.27000427246094,218.27000427246094,218.27000427246094,218.27000427246094,297.0
2024-10-25 13:59:00+00:00,CETX,0.3041999936103821,0.3041999936103821,0.3041999936103821,0.3018999993801117,0.30239999294281006,10500.0
2024-10-25 13:59:00+00:00,CFLT,22.59000015258789,22.59000015258789,22.59000015258789,22.583999633789062,22.584999084472656,3025.0
2024-10-25 13:59:00+00:00,CGNX,38.82500076293945,38.82500076293945,38.83000183105469,38.821998596191406,38.821998596191406,1496.0
2024-10-25 13:59:00+00:00,CHKP,206.58999633789062,206.58999633789062,206.58999633789062,206.58999633789062,206.58999633789062,636.0
2024-10-25 13:59:00+00:00,CLFD,36.435001373291016,36.435001373291016,36.435001373291016,36.435001373291016,36.435001373291016,348.0
2024-10-25 13:59:00+00:00,CLSK,11.6850004196167,11.6850004196167,11.760000228881836,11.6850004196167,11.740500450134277,104108.0
2024-10-25 13:59:00+00:00,CMTL,3.7300000190734863,3.7300000190734863,3.7300000190734863,3.7300000190734863,3.7300000190734863,1427.0
2024-10-25 13:59:00+00:00,CNDT,3.619999885559082,3.619999885559082,3.6201000213623047,3.619999885559082,3.6201000213623047,4661.0
2024-10-25 13:59:00+00:00,CNXC,44.39830017089844,44.39830017089844,44.39830017089844,44.39830017089844,44.39830017089844,701.0
2024-10-25 13:59:00+00:00,COHR,95.34010314941406,95.34010314941406,95.4800033569336,95.34010314941406,95.38500213623047,3701.0
2024-10-25 13:59:00+00:00,COIN,207.02000427246094,207.02000427246094,208.1999969482422,206.97000122070312,207.99000549316406,44734.0
2024-10-25 13:59:00+00:00,COMM,6.224999904632568,6.224999904632568,6.224999904632568,6.224999904632568,6.224999904632568,1559.0
2024-10-25 13:59:00+00:00,CORZ,13.399999618530273,13.399999618530273,13.399999618530273,13.380000114440918,13.380000114440918,4079.0
2024-10-25 13:59:00+00:00,CRNC,2.9000000953674316,2.9000000953674316,2.9049999713897705,2.9000000953674316,2.9000000953674316,14808.0
2024-10-25 13:59:00+00:00,CRSR,6.315000057220459,6.315000057220459,6.335000038146973,6.309999942779541,6.329999923706055,4744.0
2024-10-25 13:59:00+00:00,CRUS,122.66089630126953,122.66089630126953,122.66089630126953,122.66089630126953,122.66089630126953,122.0
2024-10-25 13:59:00+00:00,CRWD,297.29998779296875,297.29998779296875,297.6600036621094,297.0801086425781,297.5526123046875,15628.0
2024-10-25 13:59:00+00:00,CSCO,55.755001068115234,55.755001068115234,55.771400451660156,55.755001068115234,55.771400451660156,3388.0
2024-10-25 13:59:00+00:00,CSIQ,13.40999984741211,13.40999984741211,13.420000076293945,13.40999984741211,13.420000076293945,1324.0
2024-10-25 13:59:00+00:00,CTSH,74.7300033569336,74.7300033569336,74.73999786376953,74.7300033569336,74.7300033569336,2439.0
2024-10-25 13:59:00+00:00,CVLT,134.22000122070312,134.22000122070312,134.22000122070312,134.22000122070312,134.22000122070312,851.0
2024-10-25 13:59:00+00:00,DAKT,13.0,13.0,13.0,12.989999771118164,12.989999771118164,1023.0
2024-10-25 13:59:00+00:00,DAVE,39.19499969482422,39.19499969482422,39.19499969482422,39.19499969482422,39.19499969482422,160.0
2024-10-25 13:59:00+00:00,DBX,25.875,25.875,25.8799991607666,25.871000289916992,25.875,2581.0
2024-10-25 13:59:00+00:00,DDOG,126.44999694824219,126.44999694824219,126.55999755859375,126.44999694824219,126.55999755859375,6120.0
2024-10-25 13:59:00+00:00,DGHI,1.5399999618530273,1.5399999618530273,1.5399999618530273,1.5399999618530273,1.5399999618530273,286.0
2024-10-25 13:59:00+00:00,DGII,30.110000610351562,30.110000610351562,30.15999984741211,30.104999542236328,30.104999542236328,2229.0
2024-10-25 13:59:00+00:00,DOCU,69.19999694824219,69.19999694824219,69.20999908447266,69.16500091552734,69.18000030517578,7154.0
2024-10-25 13:59:00+00:00,DSGX,103.6449966430664,103.6449966430664,103.6449966430664,103.6449966430664,103.6449966430664,259.0
2024-10-25 13:59:00+00:00,DSP,11.479999542236328,11.479999542236328,11.479999542236328,11.479999542236328,11.479999542236328,264.0
2024-10-25 13:59:00+00:00,DTSS,2.485100030899048,2.485100030899048,2.485100030899048,2.485100030899048,2.485100030899048,301.0
2024-10-25 13:59:00+00:00,DUOL,288.2200012207031,288.2200012207031,288.55999755859375,288.2200012207031,288.55999755859375,416.0
2024-10-25 13:59:00+00:00,ENPH,83.14720153808594,83.14720153808594,83.37000274658203,83.14720153808594,83.2699966430664,7107.0
2024-10-25 13:59:00+00:00,ENTG,104.75,104.75,104.8550033569336,104.75,104.8550033569336,1061.0
2024-10-25 13:59:00+00:00,ERIC,8.449999809265137,8.449999809265137,8.456000328063965,8.449999809265137,8.449999809265137,12504.0
2024-10-25 13:59:00+00:00,EXFY,1.7300000190734863,1.7300000190734863,1.7300000190734863,1.7300000190734863,1.7300000190734863,263.0
2024-10-25 13:59:00+00:00,EXTR,14.364999771118164,14.364999771118164,14.364999771118164,14.364999771118164,14.364999771118164,401.0
2024-10-25 13:59:00+00:00,FARO,18.100000381469727,18.100000381469727,18.110000610351562,18.100000381469727,18.110000610351562,1087.0
2024-10-25 13:59:00+00:00,FFIV,215.9550018310547,215.9550018310547,215.9949951171875,215.93499755859375,215.9949951171875,2222.0
2024-10-25 13:59:00+00:00,FIVN,29.94499969482422,29.94499969482422,29.975000381469727,29.940000534057617,29.969999313354492,7301.0
2024-10-25 13:59:00+00:00,FLEX,35.13999938964844,35.13999938964844,35.16999816894531,35.130001068115234,35.15999984741211,4026.0
2024-10-25 13:59:00+00:00,FLYW,17.350000381469727,17.350000381469727,17.350000381469727,17.34000015258789,17.34000015258789,1579.0
2024-10-25 13:59:00+00:00,FORM,44.79999923706055,44.79999923706055,44.79999923706055,44.79999923706055,44.79999923706055,397.0
2024-10-25 13:59:00+00:00,FRGT,1.8702000379562378,1.8702000379562378,1.8702000379562378,1.8702000379562378,1.8702000379562378,0.0
2024-10-25 13:59:00+00:00,FROG,29.19499969482422,29.19499969482422,29.19499969482422,29.184999465942383,29.184999465942383,1024.0
2024-10-25 13:59:00+00:00,FRSH,11.630000114440918,11.630000114440918,11.635000228881836,11.625,11.630000114440918,4879.0
2024-10-25 13:59:00+00:00,FSLR,198.47000122070312,198.47000122070312,198.47000122070312,198.4600067138672,198.4600067138672,239.0
2024-10-25 13:59:00+00:00,FTCI,0.6500999927520752,0.6500999927520752,0.6500999927520752,0.6500999927520752,0.6500999927520752,1000.0
2024-10-25 13:59:00+00:00,FTNT,80.66999816894531,80.66999816894531,80.68000030517578,80.66999816894531,80.67759704589844,1305.0
2024-10-25 13:59:00+00:00,GCT,24.725000381469727,24.725000381469727,24.725000381469727,24.725000381469727,24.725000381469727,200.0
2024-10-25 13:59:00+00:00,GDS,21.350000381469727,21.350000381469727,21.350000381469727,21.350000381469727,21.350000381469727,739.0
2024-10-25 13:59:00+00:00,GDYN,15.515000343322754,15.515000343322754,15.515000343322754,15.510000228881836,15.515000343322754,1191.0
2024-10-25 13:59:00+00:00,GFS,40.80500030517578,40.80500030517578,40.83000183105469,40.80500030517578,40.810001373291016,1151.0
2024-10-25 13:59:00+00:00,GILT,4.920000076293945,4.920000076293945,4.920000076293945,4.920000076293945,4.920000076293945,300.0
2024-10-25 13:59:00+00:00,GRAB,4.09499979019165,4.09499979019165,4.099999904632568,4.090000152587891,4.09499979019165,21484.0
2024-10-25 13:59:00+00:00,GRRR,4.5,4.5,4.5,4.5,4.5,1378.0
2024-10-25 13:59:00+00:00,GSIT,3.434999942779541,3.434999942779541,3.434999942779541,3.434999942779541,3.434999942779541,2.0
2024-10-25 13:59:00+00:00,HCP,33.665000915527344,33.665000915527344,33.66999816894531,33.662498474121094,33.662498474121094,2499.0
2024-10-25 13:59:00+00:00,HEAR,16.5,16.5,16.5,16.5,16.5,390.0
2024-10-25 13:59:00+00:00,HOLO,3.5950000286102295,3.5950000286102295,3.5999999046325684,3.5950000286102295,3.595900058746338,1358.0
2024-10-25 13:59:00+00:00,HOOD,27.104999542236328,27.104999542236328,27.149999618530273,27.104999542236328,27.1200008392334,14932.0
2024-10-25 13:59:00+00:00,IDAI,0.2287999987602234,0.2287999987602234,0.2287999987602234,0.2287999987602234,0.2287999987602234,1912.0
2024-10-25 13:59:00+00:00,IMMR,8.71500015258789,8.71500015258789,8.71500015258789,8.71500015258789,8.71500015258789,5.0
2024-10-25 13:59:00+00:00,INDI,3.509999990463257,3.509999990463257,3.509999990463257,3.509999990463257,3.509999990463257,396.0
2024-10-25 13:59:00+00:00,INFN,6.775000095367432,6.775000095367432,6.775000095367432,6.775000095367432,6.775000095367432,890.0
2024-10-25 13:59:00+00:00,INTC,22.830900192260742,22.830900192260742,22.850799560546875,22.82029914855957,22.850000381469727,163619.0
2024-10-25 13:59:00+00:00,INTU,609.1099853515625,609.1099853515625,609.4349975585938,609.1099853515625,609.4349975585938,1049.0
2024-10-25 13:59:00+00:00,JAMF,16.739999771118164,16.739999771118164,16.739999771118164,16.739999771118164,16.739999771118164,1533.0
2024-10-25 13:59:00+00:00,KC,2.694999933242798,2.694999933242798,2.694999933242798,2.694999933242798,2.694999933242798,3637.0
2024-10-25 13:59:00+00:00,KLAC,675.2429809570312,675.2429809570312,675.2429809570312,675.2429809570312,675.2429809570312,935.0
2024-10-25 13:59:00+00:00,KLIC,44.369998931884766,44.369998931884766,44.369998931884766,44.369998931884766,44.369998931884766,720.0
2024-10-25 13:59:00+00:00,KOPN,0.7753000259399414,0.7753000259399414,0.7753000259399414,0.7753000259399414,0.7753000259399414,279.0
2024-10-25 13:59:00+00:00,LITE,64.11000061035156,64.11000061035156,64.16000366210938,64.0999984741211,64.16000366210938,732.0
2024-10-25 13:59:00+00:00,LOGI,80.69999694824219,80.69999694824219,80.69999694824219,80.69999694824219,80.69999694824219,377.0
2024-10-25 13:59:00+00:00,LRCX,78.51000213623047,78.51000213623047,78.53500366210938,78.4800033569336,78.5,13878.0
2024-10-25 13:59:00+00:00,LSCC,54.130001068115234,54.130001068115234,54.130001068115234,54.130001068115234,54.130001068115234,1671.0
2024-10-25 13:59:00+00:00,LUNA,1.788599967956543,1.788599967956543,1.788599967956543,1.788599967956543,1.788599967956543,489.0
2024-10-25 13:59:00+00:00,LYFT,13.755000114440918,13.755000114440918,13.755000114440918,13.75,13.75,3780.0
2024-10-25 13:59:00+00:00,MAXN,5.631700038909912,5.631700038909912,5.631700038909912,5.631700038909912,5.631700038909912,952.0
2024-10-25 13:59:00+00:00,MCHP,76.55000305175781,76.55000305175781,76.5999984741211,76.54000091552734,76.58999633789062,5902.0
2024-10-25 13:59:00+00:00,MDB,266.67999267578125,266.67999267578125,266.9949951171875,266.67999267578125,266.9949951171875,459.0
2024-10-25 13:59:00+00:00,MKSI,101.13999938964844,101.13999938964844,101.19000244140625,101.13999938964844,101.13999938964844,963.0
2024-10-25 13:59:00+00:00,MNDY,299.010009765625,299.010009765625,299.0899963378906,298.75,298.75,2188.0
2024-10-25 13:59:00+00:00,MQ,5.284999847412109,5.284999847412109,5.284999847412109,5.284999847412109,5.284999847412109,920.0
2024-10-25 13:59:00+00:00,MRVL,81.88999938964844,81.88999938964844,81.94999694824219,81.87999725341797,81.9000015258789,13450.0
2024-10-25 13:59:00+00:00,MSFT,427.9100036621094,427.9100036621094,428.1400146484375,427.881591796875,427.9949951171875,10066.0
2024-10-25 13:59:00+00:00,MSTR,234.3699951171875,234.3699951171875,236.0,233.97999572753906,235.35000610351562,57763.0
2024-10-25 13:59:00+00:00,MTSI,120.01000213623047,120.01000213623047,120.01000213623047,120.00499725341797,120.00499725341797,1175.0
2024-10-25 13:59:00+00:00,MTTR,4.605000019073486,4.605000019073486,4.610000133514404,4.599999904632568,4.602499961853027,3284.0
2024-10-25 13:59:00+00:00,MU,108.12999725341797,108.12999725341797,108.17960357666016,108.12000274658203,108.1500015258789,12182.0
2024-10-25 13:59:00+00:00,MVIS,1.0850000381469727,1.0850000381469727,1.0850000381469727,1.0850000381469727,1.0850000381469727,400.0
2024-10-25 13:59:00+00:00,NICE,175.41000366210938,175.41000366210938,175.41000366210938,175.41000366210938,175.41000366210938,241.0
2024-10-25 13:59:00+00:00,NTAP,119.7750015258789,119.7750015258789,119.7750015258789,119.73999786376953,119.73999786376953,454.0
2024-10-25 13:59:00+00:00,NTNX,62.17499923706055,62.17499923706055,62.17499923706055,62.150001525878906,62.17499923706055,1411.0
2024-10-25 13:59:00+00:00,NVDA,141.7050018310547,141.7050018310547,141.85650634765625,141.6999969482422,141.77499389648438,364399.0
2024-10-25 13:59:00+00:00,NVEI,33.5,33.5,33.5,33.5,33.5,121.0
2024-10-25 13:59:00+00:00,NVTS,2.553999900817871,2.553999900817871,2.559000015258789,2.553999900817871,2.559000015258789,1152.0
2024-10-25 13:59:00+00:00,NXPI,243.60000610351562,243.60000610351562,243.75599670410156,243.57000732421875,243.75599670410156,1196.0
2024-10-25 13:59:00+00:00,OKTA,72.09049987792969,72.09049987792969,72.11499786376953,72.09049987792969,72.11499786376953,887.0
2024-10-25 13:59:00+00:00,ON,71.51750183105469,71.51750183105469,71.55000305175781,71.5,71.54499816894531,21452.0
2024-10-25 13:59:00+00:00,OSPN,14.539999961853027,14.539999961853027,14.539999961853027,14.539999961853027,14.539999961853027,1299.0
2024-10-25 13:59:00+00:00,PANW,367.19000244140625,367.19000244140625,367.19000244140625,367.19000244140625,367.19000244140625,612.0
2024-10-25 13:59:00+00:00,PCTY,173.31399536132812,173.31399536132812,173.31399536132812,173.22999572753906,173.22999572753906,1057.0
2024-10-25 13:59:00+00:00,PEGA,79.37999725341797,79.37999725341797,79.43000030517578,79.37999725341797,79.43000030517578,944.0
2024-10-25 13:59:00+00:00,PEGY,4.809999942779541,4.809999942779541,4.809999942779541,4.800000190734863,4.800000190734863,1815.0
2024-10-25 13:59:00+00:00,PGY,11.8149995803833,11.8149995803833,11.8149995803833,11.8149995803833,11.8149995803833,414.0
2024-10-25 13:59:00+00:00,PHUN,10.4399995803833,10.4399995803833,10.5,10.4399995803833,10.5,37597.0
2024-10-25 13:59:00+00:00,PI,201.72000122070312,201.72000122070312,201.72000122070312,201.72000122070312,201.72000122070312,329.0
2024-10-25 13:59:00+00:00,PLAB,23.510099411010742,23.510099411010742,23.520000457763672,23.510099411010742,23.520000457763672,469.0
2024-10-25 13:59:00+00:00,PLXS,141.35000610351562,141.35000610351562,141.52000427246094,141.35000610351562,141.52000427246094,533.0
2024-10-25 13:59:00+00:00,POET,3.8399999141693115,3.8399999141693115,3.8399999141693115,3.8299999237060547,3.8397998809814453,6835.0
2024-10-25 13:59:00+00:00,PTC,186.38490295410156,186.38490295410156,186.38490295410156,186.38490295410156,186.38490295410156,260.0
2024-10-25 13:59:00+00:00,PYCR,14.279999732971191,14.279999732971191,14.279999732971191,14.279999732971191,14.279999732971191,1134.0
2024-10-25 13:59:00+00:00,QCOM,171.1822052001953,171.1822052001953,171.22999572753906,171.13999938964844,171.16000366210938,5569.0
2024-10-25 13:59:00+00:00,QLYS,120.41500091552734,120.41500091552734,120.41500091552734,120.41500091552734,120.41500091552734,202.0
2024-10-25 13:59:00+00:00,QRVO,99.80000305175781,99.80000305175781,99.8499984741211,99.77999877929688,99.81500244140625,5431.0
2024-10-25 13:59:00+00:00,QUBT,1.0850000381469727,1.0850000381469727,1.090000033378601,1.0850000381469727,1.090000033378601,14317.0
2024-10-25 13:59:00+00:00,RCAT,2.75,2.75,2.75,2.75,2.75,1065.0
2024-10-25 13:59:00+00:00,RDWR,22.229999542236328,22.229999542236328,22.25,22.229999542236328,22.25,658.0
2024-10-25 13:59:00+00:00,RELY,14.890000343322754,14.890000343322754,14.890000343322754,14.890000343322754,14.890000343322754,733.0
2024-10-25 13:59:00+00:00,RGTI,1.215000033378601,1.215000033378601,1.219499945640564,1.215000033378601,1.219499945640564,2200.0
2024-10-25 13:59:00+00:00,RIOT,9.829999923706055,9.829999923706055,9.879400253295898,9.829999923706055,9.864999771118164,72791.0
2024-10-25 13:59:00+00:00,RMBS,43.290000915527344,43.290000915527344,43.34000015258789,43.290000915527344,43.34000015258789,764.0
2024-10-25 13:59:00+00:00,RPD,38.75,38.75,38.75,38.72999954223633,38.72999954223633,2294.0
2024-10-25 13:59:00+00:00,RUM,5.770100116729736,5.770100116729736,5.770100116729736,5.770100116729736,5.770100116729736,2619.0
2024-10-25 13:59:00+00:00,RUN,14.324999809265137,14.324999809265137,14.345000267028809,14.324999809265137,14.34000015258789,4131.0
2024-10-25 13:59:00+00:00,SANM,67.41500091552734,67.41500091552734,67.43000030517578,67.41500091552734,67.43000030517578,545.0
2024-10-25 13:59:00+00:00,SATS,25.18000030517578,25.18000030517578,25.18000030517578,25.149999618530273,25.149999618530273,1342.0
2024-10-25 13:59:00+00:00,SEDG,15.920000076293945,15.920000076293945,15.960000038146973,15.90999984741211,15.949999809265137,7464.0
2024-10-25 13:59:00+00:00,SHLS,5.239999771118164,5.239999771118164,5.239999771118164,5.239999771118164,5.239999771118164,864.0
2024-10-25 13:59:00+00:00,SKYT,10.550000190734863,10.550000190734863,10.5600004196167,10.550000190734863,10.5600004196167,637.0
2024-10-25 13:59:00+00:00,SMCI,47.09400177001953,47.09400177001953,47.150001525878906,47.08000183105469,47.082000732421875,10955.0
2024-10-25 13:59:00+00:00,SNPS,502.33489990234375,502.33489990234375,502.95001220703125,502.33489990234375,502.70001220703125,3734.0
2024-10-25 13:59:00+00:00,SONO,12.694999694824219,12.694999694824219,12.710000038146973,12.6899995803833,12.710000038146973,1328.0
2024-10-25 13:59:00+00:00,SOUN,5.159999847412109,5.159999847412109,5.159999847412109,5.150000095367432,5.159900188446045,24358.0
2024-10-25 13:59:00+00:00,SPSC,172.8699951171875,172.8699951171875,173.1300048828125,172.8699951171875,173.1300048828125,470.0
2024-10-25 13:59:00+00:00,SRAD,12.369999885559082,12.369999885559082,12.369999885559082,12.359999656677246,12.359999656677246,1004.0
2024-10-25 13:59:00+00:00,SSNC,69.80999755859375,69.80999755859375,69.83000183105469,69.80999755859375,69.83000183105469,3406.0
2024-10-25 13:59:00+00:00,STER,16.735000610351562,16.735000610351562,16.735000610351562,16.735000610351562,16.735000610351562,300.0
2024-10-25 13:59:00+00:00,STNE,11.525400161743164,11.525400161743164,11.529999732971191,11.524999618530273,11.524999618530273,6197.0
2024-10-25 13:59:00+00:00,STX,103.37000274658203,103.37000274658203,103.46499633789062,103.37000274658203,103.44999694824219,2330.0
2024-10-25 13:59:00+00:00,SVRE,0.07980000227689743,0.07980000227689743,0.07980000227689743,0.07800000160932541,0.0786999985575676,19834.0
2024-10-25 13:59:00+00:00,SWKS,96.0,96.0,96.05000305175781,96.0,96.05000305175781,1769.0
2024-10-25 13:59:00+00:00,SYNA,72.41999816894531,72.41999816894531,72.42500305175781,72.41999816894531,72.42500305175781,214.0
2024-10-25 13:59:00+00:00,TASK,11.989999771118164,11.989999771118164,11.989999771118164,11.989999771118164,11.989999771118164,551.0
2024-10-25 13:59:00+00:00,TEAM,188.69479370117188,188.69479370117188,188.9600067138672,188.69479370117188,188.9600067138672,1921.0
2024-10-25 13:59:00+00:00,TENB,41.599998474121094,41.599998474121094,41.599998474121094,41.599998474121094,41.599998474121094,380.0
2024-10-25 13:59:00+00:00,TER,112.47000122070312,112.47000122070312,112.52999877929688,112.44999694824219,112.5,7496.0
2024-10-25 13:59:00+00:00,TRMB,61.0,61.0,61.01499938964844,61.0,61.0,1047.0
2024-10-25 13:59:00+00:00,TSEM,44.90999984741211,44.90999984741211,44.90999984741211,44.90999984741211,44.90999984741211,170.0
2024-10-25 13:59:00+00:00,TTD,118.44300079345703,118.44300079345703,118.57990264892578,118.44300079345703,118.56999969482422,3240.0
2024-10-25 13:59:00+00:00,TTEC,5.340000152587891,5.340000152587891,5.34499979019165,5.340000152587891,5.34499979019165,710.0
2024-10-25 13:59:00+00:00,TWKS,4.440000057220459,4.440000057220459,4.445000171661377,4.440000057220459,4.440000057220459,6912.0
2024-10-25 13:59:00+00:00,TXN,207.33999633789062,207.33999633789062,207.33999633789062,207.27999877929688,207.2899932861328,3859.0
2024-10-25 13:59:00+00:00,VERI,3.430000066757202,3.430000066757202,3.430000066757202,3.4100000858306885,3.4100000858306885,1331.0
2024-10-25 13:59:00+00:00,VIAV,9.225000381469727,9.225000381469727,9.225000381469727,9.225000381469727,9.225000381469727,272.0
2024-10-25 13:59:00+00:00,VMEO,4.739999771118164,4.739999771118164,4.760000228881836,4.739999771118164,4.760000228881836,10480.0
2024-10-25 13:59:00+00:00,VNET,3.434999942779541,3.434999942779541,3.434999942779541,3.434999942779541,3.434999942779541,960.0
2024-10-25 13:59:00+00:00,VRNS,56.65999984741211,56.65999984741211,56.66999816894531,56.65999984741211,56.66999816894531,655.0
2024-10-25 13:59:00+00:00,VRSN,183.72999572753906,183.72999572753906,183.86000061035156,183.72999572753906,183.85000610351562,2556.0
2024-10-25 13:59:00+00:00,VUZI,1.3200000524520874,1.3200000524520874,1.3200000524520874,1.3200000524520874,1.3200000524520874,401.0
2024-10-25 13:59:00+00:00,WDAY,238.77999877929688,238.77999877929688,238.9550018310547,238.77999877929688,238.9550018310547,458.0
2024-10-25 13:59:00+00:00,WDC,69.94999694824219,69.94999694824219,70.02989959716797,69.94999694824219,70.0,8696.0
2024-10-25 13:59:00+00:00,WISA,1.9700000286102295,1.9700000286102295,1.9700000286102295,1.9600000381469727,1.9600000381469727,5927.0
2024-10-25 13:59:00+00:00,WIX,164.6999969482422,164.6999969482422,164.6999969482422,164.6999969482422,164.6999969482422,164.0
2024-10-25 13:59:00+00:00,WLDS,3.4314000606536865,3.4314000606536865,3.4314000606536865,3.4314000606536865,3.4314000606536865,3042.0
2024-10-25 13:59:00+00:00,XRX,9.949999809265137,9.949999809265137,9.954999923706055,9.949999809265137,9.954999923706055,605.0
2024-10-25 13:59:00+00:00,ZS,184.72999572753906,184.72999572753906,184.72999572753906,184.64999389648438,184.67999267578125,2460.0
2024-10-25 14:00:00+00:00,AAPL,231.5500030517578,231.5500030517578,231.5800018310547,231.46690368652344,231.49000549316406,29563.0
2024-10-25 14:00:00+00:00,ACLS,89.8550033569336,89.8550033569336,89.8550033569336,89.8550033569336,89.8550033569336,296.0
2024-10-25 14:00:00+00:00,ACMR,19.635000228881836,19.635000228881836,19.649999618530273,19.6299991607666,19.649999618530273,984.0
2024-10-25 14:00:00+00:00,ADBE,483.8949890136719,483.8949890136719,484.0400085449219,483.7200012207031,483.8500061035156,5905.0
2024-10-25 14:00:00+00:00,ADI,231.38499450683594,231.38499450683594,231.38499450683594,231.38499450683594,231.38499450683594,1071.0
2024-10-25 14:00:00+00:00,ADSK,285.5050048828125,285.5050048828125,285.5050048828125,285.5050048828125,285.5050048828125,1727.0
2024-10-25 14:00:00+00:00,ADTN,6.309999942779541,6.309999942779541,6.309999942779541,6.309999942779541,6.309999942779541,403.0
2024-10-25 14:00:00+00:00,AEYE,22.485000610351562,22.485000610351562,22.510000228881836,22.3799991607666,22.510000228881836,4583.0
2024-10-25 14:00:00+00:00,AFRM,41.31999969482422,41.31999969482422,41.345001220703125,41.279998779296875,41.34000015258789,6974.0
2024-10-25 14:00:00+00:00,AKAM,102.19999694824219,102.19999694824219,102.19999694824219,102.18000030517578,102.18000030517578,944.0
2024-10-25 14:00:00+00:00,AKTS,0.05860000103712082,0.05860000103712082,0.058800000697374344,0.05860000103712082,0.058800000697374344,1053.0
2024-10-25 14:00:00+00:00,ALGM,23.040000915527344,23.040000915527344,23.040000915527344,23.030000686645508,23.030000686645508,2516.0
2024-10-25 14:00:00+00:00,ALRM,54.400001525878906,54.400001525878906,54.400001525878906,54.400001525878906,54.400001525878906,914.0
2024-10-25 14:00:00+00:00,ALTR,103.80000305175781,103.80000305175781,103.80000305175781,103.69999694824219,103.69999694824219,373.0
2024-10-25 14:00:00+00:00,AMAT,187.3350067138672,187.3350067138672,187.4149932861328,187.2050018310547,187.25999450683594,13780.0
2024-10-25 14:00:00+00:00,AMBA,57.90999984741211,57.90999984741211,57.90999984741211,57.90999984741211,57.90999984741211,438.0
2024-10-25 14:00:00+00:00,AMD,156.3249969482422,156.3249969482422,156.43130493164062,156.26800537109375,156.35000610351562,34795.0
2024-10-25 14:00:00+00:00,AMKR,29.959999084472656,29.959999084472656,29.975000381469727,29.959999084472656,29.969999313354492,1403.0
2024-10-25 14:00:00+00:00,AMPL,9.109999656677246,9.109999656677246,9.109999656677246,9.109999656677246,9.109999656677246,128.0
2024-10-25 14:00:00+00:00,ANSS,323.8999938964844,323.8999938964844,323.8999938964844,323.510009765625,323.8999938964844,7172.0
2024-10-25 14:00:00+00:00,API,2.884999990463257,2.884999990463257,2.884999990463257,2.884999990463257,2.884999990463257,100.0
2024-10-25 14:00:00+00:00,APP,160.50360107421875,160.50360107421875,160.5050048828125,160.50360107421875,160.5050048828125,1138.0
2024-10-25 14:00:00+00:00,APPF,212.1199951171875,212.1199951171875,212.1199951171875,211.97999572753906,211.97999572753906,2111.0
2024-10-25 14:00:00+00:00,APPN,32.09000015258789,32.09000015258789,32.119998931884766,32.09000015258789,32.119998931884766,598.0
2024-10-25 14:00:00+00:00,APPS,3.069999933242798,3.069999933242798,3.069999933242798,3.065000057220459,3.069999933242798,1665.0
2024-10-25 14:00:00+00:00,ARRY,6.329999923706055,6.329999923706055,6.329999923706055,6.320000171661377,6.324999809265137,20971.0
2024-10-25 14:00:00+00:00,ASML,713.89501953125,713.89501953125,713.89501953125,713.89501953125,713.89501953125,790.0
2024-10-25 14:00:00+00:00,ATOM,3.3450000286102295,3.3450000286102295,3.3499999046325684,3.3450000286102295,3.3499999046325684,3902.0
2024-10-25 14:00:00+00:00,AUR,6.445000171661377,6.445000171661377,6.454999923706055,6.445000171661377,6.454999923706055,16762.0
2024-10-25 14:00:00+00:00,AVDX,8.069999694824219,8.069999694824219,8.079999923706055,8.0649995803833,8.079999923706055,7788.0
2024-10-25 14:00:00+00:00,AVGO,174.0500030517578,174.0500030517578,174.0800018310547,173.92999267578125,173.99000549316406,13257.0
2024-10-25 14:00:00+00:00,AVT,53.810001373291016,53.810001373291016,53.810001373291016,53.79999923706055,53.79999923706055,2087.0
2024-10-25 14:00:00+00:00,BIGC,5.295000076293945,5.295000076293945,5.300000190734863,5.295000076293945,5.300000190734863,1570.0
2024-10-25 14:00:00+00:00,BLKB,85.7300033569336,85.7300033569336,85.7300033569336,85.7300033569336,85.7300033569336,283.0
2024-10-25 14:00:00+00:00,BMBL,7.114999771118164,7.114999771118164,7.114999771118164,7.114999771118164,7.114999771118164,934.0
2024-10-25 14:00:00+00:00,BRZE,30.770000457763672,30.770000457763672,30.780000686645508,30.770000457763672,30.780000686645508,1646.0
2024-10-25 14:00:00+00:00,BSY,49.12910079956055,49.12910079956055,49.130001068115234,49.1077995300293,49.130001068115234,772.0
2024-10-25 14:00:00+00:00,CAN,0.9807000160217285,0.9807000160217285,0.9807999730110168,0.9804999828338623,0.9804999828338623,13746.0
2024-10-25 14:00:00+00:00,CCSI,20.190000534057617,20.190000534057617,20.190000534057617,20.190000534057617,20.190000534057617,435.0
2024-10-25 14:00:00+00:00,CDNS,258.010009765625,258.010009765625,258.010009765625,257.9750061035156,257.9750061035156,2519.0
2024-10-25 14:00:00+00:00,CDW,218.26499938964844,218.26499938964844,218.26499938964844,218.26499938964844,218.26499938964844,535.0
2024-10-25 14:00:00+00:00,CETX,0.3043999969959259,0.3043999969959259,0.3043999969959259,0.3043999969959259,0.3043999969959259,6732.0
2024-10-25 14:00:00+00:00,CFLT,22.56999969482422,22.56999969482422,22.579999923706055,22.549999237060547,22.579999923706055,5189.0
2024-10-25 14:00:00+00:00,CGNX,38.83000183105469,38.83000183105469,38.834999084472656,38.81999969482422,38.82500076293945,2416.0
2024-10-25 14:00:00+00:00,CLBT,18.200000762939453,18.200000762939453,18.209999084472656,18.200000762939453,18.200000762939453,5481.0
2024-10-25 14:00:00+00:00,CLSK,11.675000190734863,11.675000190734863,11.699899673461914,11.654999732971191,11.6850004196167,175234.0
2024-10-25 14:00:00+00:00,CNDT,3.615000009536743,3.615000009536743,3.615000009536743,3.615000009536743,3.615000009536743,351.0
2024-10-25 14:00:00+00:00,COHR,95.3499984741211,95.3499984741211,95.3499984741211,95.32499694824219,95.33999633789062,631.0
2024-10-25 14:00:00+00:00,COIN,206.6999969482422,206.6999969482422,207.25999450683594,206.44000244140625,207.07000732421875,66242.0
2024-10-25 14:00:00+00:00,COMM,6.215000152587891,6.215000152587891,6.21999979019165,6.210100173950195,6.21999979019165,1955.0
2024-10-25 14:00:00+00:00,CORZ,13.385000228881836,13.385000228881836,13.40999984741211,13.385000228881836,13.400199890136719,24388.0
2024-10-25 14:00:00+00:00,CRCT,6.59499979019165,6.59499979019165,6.59499979019165,6.59499979019165,6.59499979019165,171.0
2024-10-25 14:00:00+00:00,CRDO,39.08000183105469,39.08000183105469,39.130001068115234,39.08000183105469,39.130001068115234,742.0
2024-10-25 14:00:00+00:00,CRSR,6.329999923706055,6.329999923706055,6.329999923706055,6.309999942779541,6.309999942779541,1170.0
2024-10-25 14:00:00+00:00,CRUS,122.63999938964844,122.63999938964844,122.63999938964844,122.63999938964844,122.63999938964844,730.0
2024-10-25 14:00:00+00:00,CRWD,296.94000244140625,296.94000244140625,297.3789978027344,296.70001220703125,297.2349853515625,24049.0
2024-10-25 14:00:00+00:00,CSCO,55.77000045776367,55.77000045776367,55.779998779296875,55.7599983215332,55.7599983215332,16178.0
2024-10-25 14:00:00+00:00,CSGS,47.380001068115234,47.380001068115234,47.380001068115234,47.349998474121094,47.349998474121094,1064.0
2024-10-25 14:00:00+00:00,CSIQ,13.420000076293945,13.420000076293945,13.420000076293945,13.390000343322754,13.390000343322754,2354.0
2024-10-25 14:00:00+00:00,CTLP,8.880200386047363,8.880200386047363,8.890000343322754,8.880200386047363,8.890000343322754,2273.0
2024-10-25 14:00:00+00:00,CTSH,74.75,74.75,74.75,74.7300033569336,74.7300033569336,2077.0
2024-10-25 14:00:00+00:00,DBX,25.875,25.875,25.875,25.875,25.875,2760.0
2024-10-25 14:00:00+00:00,DDOG,126.37999725341797,126.37999725341797,126.38999938964844,126.37999725341797,126.38999938964844,3335.0
2024-10-25 14:00:00+00:00,DGII,30.114999771118164,30.114999771118164,30.174999237060547,30.114999771118164,30.174999237060547,444.0
2024-10-25 14:00:00+00:00,DIOD,65.5250015258789,65.5250015258789,65.55000305175781,65.5250015258789,65.55000305175781,421.0
2024-10-25 14:00:00+00:00,DLO,8.869999885559082,8.869999885559082,8.869999885559082,8.859999656677246,8.859999656677246,1107.0
2024-10-25 14:00:00+00:00,DOCU,69.16000366210938,69.16000366210938,69.18000030517578,69.12000274658203,69.18000030517578,1811.0
2024-10-25 14:00:00+00:00,DOMO,8.079999923706055,8.079999923706055,8.079999923706055,8.079999923706055,8.079999923706055,252.0
2024-10-25 14:00:00+00:00,DUOL,288.260009765625,288.260009765625,288.2650146484375,288.260009765625,288.2650146484375,443.0
2024-10-25 14:00:00+00:00,EMKR,2.110300064086914,2.110300064086914,2.110300064086914,2.110300064086914,2.110300064086914,533.0
2024-10-25 14:00:00+00:00,ENPH,83.19999694824219,83.19999694824219,83.19999694824219,83.12999725341797,83.17220306396484,4498.0
2024-10-25 14:00:00+00:00,ENTG,104.78500366210938,104.78500366210938,104.81999969482422,104.70999908447266,104.81999969482422,2589.0
2024-10-25 14:00:00+00:00,ERIC,8.454999923706055,8.454999923706055,8.456000328063965,8.449999809265137,8.45009994506836,24985.0
2024-10-25 14:00:00+00:00,EXLS,38.68009948730469,38.68009948730469,38.68009948730469,38.68009948730469,38.68009948730469,1848.0
2024-10-25 14:00:00+00:00,EXTR,14.364999771118164,14.364999771118164,14.364999771118164,14.359999656677246,14.364999771118164,588.0
2024-10-25 14:00:00+00:00,FARO,18.010000228881836,18.010000228881836,18.100000381469727,18.010000228881836,18.100000381469727,1961.0
2024-10-25 14:00:00+00:00,FIVN,29.950000762939453,29.950000762939453,29.950000762939453,29.950000762939453,29.950000762939453,414.0
2024-10-25 14:00:00+00:00,FLEX,35.119998931884766,35.119998931884766,35.13999938964844,35.119998931884766,35.13999938964844,4299.0
2024-10-25 14:00:00+00:00,FLYW,17.350000381469727,17.350000381469727,17.350000381469727,17.350000381469727,17.350000381469727,580.0
2024-10-25 14:00:00+00:00,FORM,44.77000045776367,44.77000045776367,44.80500030517578,44.77000045776367,44.80500030517578,819.0
2024-10-25 14:00:00+00:00,FROG,29.170000076293945,29.170000076293945,29.200000762939453,29.170000076293945,29.200000762939453,1699.0
2024-10-25 14:00:00+00:00,FRSH,11.645000457763672,11.645000457763672,11.645000457763672,11.635000228881836,11.635000228881836,2988.0
2024-10-25 14:00:00+00:00,FSLR,198.52999877929688,198.52999877929688,198.52999877929688,198.52999877929688,198.52999877929688,503.0
2024-10-25 14:00:00+00:00,FTCI,0.6500999927520752,0.6500999927520752,0.6500999927520752,0.6500999927520752,0.6500999927520752,300.0
2024-10-25 14:00:00+00:00,FTNT,80.62000274658203,80.62000274658203,80.63500213623047,80.62000274658203,80.63500213623047,2152.0
2024-10-25 14:00:00+00:00,GCT,24.729999542236328,24.729999542236328,24.729999542236328,24.72450065612793,24.72450065612793,1295.0
2024-10-25 14:00:00+00:00,GDS,21.309999465942383,21.309999465942383,21.329999923706055,21.309999465942383,21.309999465942383,924.0
2024-10-25 14:00:00+00:00,GFS,40.81999969482422,40.81999969482422,40.81999969482422,40.81999969482422,40.81999969482422,335.0
2024-10-25 14:00:00+00:00,GILT,4.920000076293945,4.920000076293945,4.920000076293945,4.920000076293945,4.920000076293945,200.0
2024-10-25 14:00:00+00:00,GRAB,4.09499979019165,4.09499979019165,4.099999904632568,4.09499979019165,4.09499979019165,3030.0
2024-10-25 14:00:00+00:00,GTLB,55.2400016784668,55.2400016784668,55.2400016784668,55.2400016784668,55.2400016784668,899.0
2024-10-25 14:00:00+00:00,HCKT,24.709999084472656,24.709999084472656,24.709999084472656,24.684999465942383,24.684999465942383,1681.0
2024-10-25 14:00:00+00:00,HCP,33.66999816894531,33.66999816894531,33.66999816894531,33.66999816894531,33.66999816894531,200.0
2024-10-25 14:00:00+00:00,HIMX,6.159999847412109,6.159999847412109,6.159999847412109,6.159999847412109,6.159999847412109,795.0
2024-10-25 14:00:00+00:00,HLIT,14.770000457763672,14.770000457763672,14.774999618530273,14.770000457763672,14.774999618530273,1664.0
2024-10-25 14:00:00+00:00,HOLO,3.5899999141693115,3.5899999141693115,3.5899999141693115,3.5899999141693115,3.5899999141693115,1685.0
2024-10-25 14:00:00+00:00,HOOD,27.073999404907227,27.073999404907227,27.1299991607666,27.059999465942383,27.1200008392334,34958.0
2024-10-25 14:00:00+00:00,IBEX,18.020000457763672,18.020000457763672,18.020000457763672,18.020000457763672,18.020000457763672,1138.0
2024-10-25 14:00:00+00:00,ICHR,27.540000915527344,27.540000915527344,27.540000915527344,27.540000915527344,27.540000915527344,448.0
2024-10-25 14:00:00+00:00,IFBD,1.9199999570846558,1.9199999570846558,1.9299999475479126,1.9199999570846558,1.9299999475479126,2011.0
2024-10-25 14:00:00+00:00,III,3.049999952316284,3.049999952316284,3.049999952316284,3.049999952316284,3.049999952316284,139.0
2024-10-25 14:00:00+00:00,IIIV,22.850000381469727,22.850000381469727,22.850000381469727,22.850000381469727,22.850000381469727,486.0
2024-10-25 14:00:00+00:00,IMMR,8.710000038146973,8.710000038146973,8.710000038146973,8.710000038146973,8.710000038146973,728.0
2024-10-25 14:00:00+00:00,IMXI,17.559999465942383,17.559999465942383,17.559999465942383,17.559999465942383,17.559999465942383,174.0
2024-10-25 14:00:00+00:00,INDI,3.515000104904175,3.515000104904175,3.515000104904175,3.515000104904175,3.515000104904175,146.0
2024-10-25 14:00:00+00:00,INOD,20.209999084472656,20.209999084472656,20.209999084472656,20.209999084472656,20.209999084472656,866.0
2024-10-25 14:00:00+00:00,INTA,49.9900016784668,49.9900016784668,50.01499938964844,49.9900016784668,50.01499938964844,815.0
2024-10-25 14:00:00+00:00,INTC,22.81999969482422,22.81999969482422,22.84630012512207,22.81999969482422,22.834999084472656,70259.0
2024-10-25 14:00:00+00:00,INTU,609.0050048828125,609.0050048828125,609.0050048828125,609.0050048828125,609.0050048828125,2687.0
2024-10-25 14:00:00+00:00,ITRN,27.309900283813477,27.309900283813477,27.309900283813477,27.22010040283203,27.22010040283203,709.0
2024-10-25 14:00:00+00:00,JAMF,16.739999771118164,16.739999771118164,16.739999771118164,16.739999771118164,16.739999771118164,268.0
2024-10-25 14:00:00+00:00,JG,7.420000076293945,7.420000076293945,7.420000076293945,7.420000076293945,7.420000076293945,1100.0
2024-10-25 14:00:00+00:00,JKHY,182.5800018310547,182.5800018310547,182.5800018310547,182.5800018310547,182.5800018310547,579.0
2024-10-25 14:00:00+00:00,KC,2.694999933242798,2.694999933242798,2.694999933242798,2.694999933242798,2.694999933242798,1756.0
2024-10-25 14:00:00+00:00,KLAC,675.489990234375,675.489990234375,675.489990234375,675.1649780273438,675.1649780273438,923.0
2024-10-25 14:00:00+00:00,KLIC,44.369998931884766,44.369998931884766,44.369998931884766,44.369998931884766,44.369998931884766,214.0
2024-10-25 14:00:00+00:00,LINK,4.71999979019165,4.71999979019165,4.760000228881836,4.71560001373291,4.760000228881836,2966.0
2024-10-25 14:00:00+00:00,LITE,64.12999725341797,64.12999725341797,64.12999725341797,64.0999984741211,64.0999984741211,778.0
2024-10-25 14:00:00+00:00,LOGI,80.70500183105469,80.70500183105469,80.70500183105469,80.70500183105469,80.70500183105469,195.0
2024-10-25 14:00:00+00:00,LPSN,1.159999966621399,1.159999966621399,1.159999966621399,1.159999966621399,1.159999966621399,479.0
2024-10-25 14:00:00+00:00,LRCX,78.52799987792969,78.52799987792969,78.54000091552734,78.44999694824219,78.54000091552734,17343.0
2024-10-25 14:00:00+00:00,LSAK,5.315800189971924,5.315800189971924,5.315800189971924,5.315800189971924,5.315800189971924,2083.0
2024-10-25 14:00:00+00:00,LSCC,54.11000061035156,54.11000061035156,54.150001525878906,54.11000061035156,54.13999938964844,1859.0
2024-10-25 14:00:00+00:00,LTRX,4.065000057220459,4.065000057220459,4.065000057220459,4.065000057220459,4.065000057220459,446.0
2024-10-25 14:00:00+00:00,LYFT,13.75,13.75,13.75,13.734999656677246,13.75,20757.0
2024-10-25 14:00:00+00:00,MAPS,0.8479999899864197,0.8479999899864197,0.8479999899864197,0.8479999899864197,0.8479999899864197,313.0
2024-10-25 14:00:00+00:00,MCHP,76.58999633789062,76.58999633789062,76.58999633789062,76.58000183105469,76.58000183105469,1383.0
2024-10-25 14:00:00+00:00,MDB,266.5899963378906,266.5899963378906,266.6099853515625,266.5899963378906,266.6099853515625,609.0
2024-10-25 14:00:00+00:00,MKSI,101.23500061035156,101.23500061035156,101.23500061035156,101.08000183105469,101.13999938964844,3306.0
2024-10-25 14:00:00+00:00,MNDO,1.9950000047683716,1.9950000047683716,1.9950000047683716,1.9950000047683716,1.9950000047683716,502.0
2024-10-25 14:00:00+00:00,MNDY,298.80718994140625,298.80718994140625,298.80718994140625,298.80718994140625,298.80718994140625,309.0
2024-10-25 14:00:00+00:00,MQ,5.28000020980835,5.28000020980835,5.289999961853027,5.28000020980835,5.284999847412109,3143.0
2024-10-25 14:00:00+00:00,MRVL,81.87999725341797,81.87999725341797,81.94999694824219,81.87999725341797,81.9000015258789,10421.0
2024-10-25 14:00:00+00:00,MSFT,428.1600036621094,428.1600036621094,428.239013671875,427.9490051269531,428.0599060058594,10946.0
2024-10-25 14:00:00+00:00,MSTR,233.27999877929688,233.27999877929688,234.64990234375,232.8800048828125,234.36000061035156,113579.0
2024-10-25 14:00:00+00:00,MTTR,4.599999904632568,4.599999904632568,4.605999946594238,4.59499979019165,4.599999904632568,44755.0
2024-10-25 14:00:00+00:00,MU,108.09500122070312,108.09500122070312,108.18000030517578,108.08000183105469,108.16999816894531,17095.0
2024-10-25 14:00:00+00:00,MVIS,1.0850000381469727,1.0850000381469727,1.0850000381469727,1.0810999870300293,1.0810999870300293,407.0
2024-10-25 14:00:00+00:00,MXL,14.8100004196167,14.8100004196167,14.8100004196167,14.8100004196167,14.8100004196167,222.0
2024-10-25 14:00:00+00:00,NCNO,37.64500045776367,37.64500045776367,37.64500045776367,37.63999938964844,37.63999938964844,1707.0
2024-10-25 14:00:00+00:00,NICE,175.3699951171875,175.3699951171875,175.3699951171875,175.3699951171875,175.3699951171875,934.0
2024-10-25 14:00:00+00:00,NNDM,2.325000047683716,2.325000047683716,2.325000047683716,2.325000047683716,2.325000047683716,255.0
2024-10-25 14:00:00+00:00,NTAP,119.72000122070312,119.72000122070312,119.7300033569336,119.72000122070312,119.7300033569336,746.0
2024-10-25 14:00:00+00:00,NTCT,20.59000015258789,20.59000015258789,20.59000015258789,20.59000015258789,20.59000015258789,150.0
2024-10-25 14:00:00+00:00,NTGR,20.239999771118164,20.239999771118164,20.239999771118164,20.239999771118164,20.239999771118164,836.0
2024-10-25 14:00:00+00:00,NTNX,62.17250061035156,62.17250061035156,62.17499923706055,62.17250061035156,62.17499923706055,2364.0
2024-10-25 14:00:00+00:00,NVDA,141.74789428710938,141.74789428710938,141.81500244140625,141.60000610351562,141.7100067138672,562181.0
2024-10-25 14:00:00+00:00,NVEI,33.5,33.5,33.5,33.5,33.5,441.0
2024-10-25 14:00:00+00:00,NVMI,183.8699951171875,183.8699951171875,183.8699951171875,183.8699951171875,183.8699951171875,1127.0
2024-10-25 14:00:00+00:00,NVTS,2.549999952316284,2.549999952316284,2.559000015258789,2.5480000972747803,2.559000015258789,17105.0
2024-10-25 14:00:00+00:00,NXPI,243.77000427246094,243.77000427246094,243.77000427246094,243.5500030517578,243.69000244140625,2084.0
2024-10-25 14:00:00+00:00,NXPL,1.1100000143051147,1.1100000143051147,1.1100000143051147,1.1100000143051147,1.1100000143051147,394.0
2024-10-25 14:00:00+00:00,OKTA,72.05999755859375,72.05999755859375,72.05999755859375,72.0199966430664,72.04000091552734,3126.0
2024-10-25 14:00:00+00:00,ON,71.51000213623047,71.51000213623047,71.56999969482422,71.48999786376953,71.52999877929688,27035.0
2024-10-25 14:00:00+00:00,OSIS,135.99000549316406,135.99000549316406,135.99000549316406,135.99000549316406,135.99000549316406,194.0
2024-10-25 14:00:00+00:00,OTEX,33.22999954223633,33.22999954223633,33.22999954223633,33.22999954223633,33.22999954223633,576.0
2024-10-25 14:00:00+00:00,PANW,366.8800048828125,366.8800048828125,366.989990234375,366.69000244140625,366.989990234375,2702.0
2024-10-25 14:00:00+00:00,PEGA,79.13999938964844,79.13999938964844,79.2699966430664,79.13999938964844,79.26000213623047,645.0
2024-10-25 14:00:00+00:00,PEGY,4.820000171661377,4.820000171661377,4.840000152587891,4.820000171661377,4.840000152587891,443.0
2024-10-25 14:00:00+00:00,PGY,11.829099655151367,11.829099655151367,11.829099655151367,11.829099655151367,11.829099655151367,416.0
2024-10-25 14:00:00+00:00,PHUN,10.460000038146973,10.460000038146973,10.460000038146973,10.380000114440918,10.420000076293945,73194.0
2024-10-25 14:00:00+00:00,PI,201.6999969482422,201.6999969482422,201.8699951171875,201.16000366210938,201.72000122070312,14641.0
2024-10-25 14:00:00+00:00,POET,3.8450000286102295,3.8450000286102295,3.8499999046325684,3.8399999141693115,3.8489999771118164,5947.0
2024-10-25 14:00:00+00:00,PRGS,64.47000122070312,64.47000122070312,64.47000122070312,64.47000122070312,64.47000122070312,1386.0
2024-10-25 14:00:00+00:00,PTC,186.25,186.25,186.33999633789062,186.25,186.26499938964844,847.0
2024-10-25 14:00:00+00:00,QCOM,171.17999267578125,171.17999267578125,171.22999572753906,171.0800018310547,171.17999267578125,4403.0
2024-10-25 14:00:00+00:00,QLYS,120.41500091552734,120.41500091552734,120.41500091552734,120.41500091552734,120.41500091552734,576.0
2024-10-25 14:00:00+00:00,QRVO,99.86000061035156,99.86000061035156,99.87999725341797,99.8499984741211,99.87999725341797,1899.0
2024-10-25 14:00:00+00:00,QUBT,1.0850000381469727,1.0850000381469727,1.090000033378601,1.0839999914169312,1.090000033378601,918.0
2024-10-25 14:00:00+00:00,QUIK,8.619999885559082,8.619999885559082,8.619999885559082,8.619999885559082,8.619999885559082,137.0
2024-10-25 14:00:00+00:00,RCAT,2.740999937057495,2.740999937057495,2.740999937057495,2.740999937057495,2.740999937057495,490.0
2024-10-25 14:00:00+00:00,RELY,14.880000114440918,14.880000114440918,14.880000114440918,14.880000114440918,14.880000114440918,130.0
2024-10-25 14:00:00+00:00,RGTI,1.2200000286102295,1.2200000286102295,1.2246999740600586,1.218999981880188,1.2199000120162964,48742.0
2024-10-25 14:00:00+00:00,RIOT,9.780099868774414,9.780099868774414,9.837900161743164,9.780099868774414,9.824999809265137,85760.0
2024-10-25 14:00:00+00:00,RMBS,43.29499816894531,43.29499816894531,43.29499816894531,43.27000045776367,43.27000045776367,1784.0
2024-10-25 14:00:00+00:00,RMNI,1.7100000381469727,1.7100000381469727,1.7100000381469727,1.7100000381469727,1.7100000381469727,952.0
2024-10-25 14:00:00+00:00,RUM,5.78000020980835,5.78000020980835,5.78000020980835,5.769999980926514,5.776500225067139,4231.0
2024-10-25 14:00:00+00:00,RUN,14.329999923706055,14.329999923706055,14.335000038146973,14.3100004196167,14.327400207519531,9690.0
2024-10-25 14:00:00+00:00,SCSC,44.65999984741211,44.65999984741211,44.65999984741211,44.65999984741211,44.65999984741211,250.0
2024-10-25 14:00:00+00:00,SEDG,15.90999984741211,15.90999984741211,15.920000076293945,15.899999618530273,15.90999984741211,4401.0
2024-10-25 14:00:00+00:00,SHLS,5.243299961090088,5.243299961090088,5.243299961090088,5.239999771118164,5.239999771118164,1095.0
2024-10-25 14:00:00+00:00,SIMO,56.40999984741211,56.40999984741211,56.45000076293945,56.40999984741211,56.45000076293945,449.0
2024-10-25 14:00:00+00:00,SKYT,10.545000076293945,10.545000076293945,10.545000076293945,10.545000076293945,10.545000076293945,346.0
2024-10-25 14:00:00+00:00,SLNHP,13.0,13.0,13.0,12.989999771118164,12.989999771118164,405.0
2024-10-25 14:00:00+00:00,SMCI,47.060001373291016,47.060001373291016,47.13999938964844,47.05500030517578,47.09000015258789,25329.0
2024-10-25 14:00:00+00:00,SMTC,45.63999938964844,45.63999938964844,45.689998626708984,45.630001068115234,45.689998626708984,1867.0
2024-10-25 14:00:00+00:00,SNPS,502.3599853515625,502.3599853515625,502.6700134277344,502.3599853515625,502.57000732421875,1595.0
2024-10-25 14:00:00+00:00,SOBR,7.429999828338623,7.429999828338623,7.429999828338623,7.429999828338623,7.429999828338623,1025.0
2024-10-25 14:00:00+00:00,SONO,12.6899995803833,12.6899995803833,12.6899995803833,12.6899995803833,12.6899995803833,565.0
2024-10-25 14:00:00+00:00,SOUN,5.15500020980835,5.15500020980835,5.159900188446045,5.150000095367432,5.15500020980835,30427.0
2024-10-25 14:00:00+00:00,SPSC,172.90499877929688,172.90499877929688,172.90499877929688,172.89999389648438,172.89999389648438,1272.0
2024-10-25 14:00:00+00:00,SRAD,12.359999656677246,12.359999656677246,12.359999656677246,12.350000381469727,12.359999656677246,1750.0
2024-10-25 14:00:00+00:00,SSNC,69.79499816894531,69.79499816894531,69.80999755859375,69.79000091552734,69.80999755859375,2267.0
2024-10-25 14:00:00+00:00,SSTI,11.300000190734863,11.300000190734863,11.300000190734863,11.300000190734863,11.300000190734863,200.0
2024-10-25 14:00:00+00:00,SSYS,7.050000190734863,7.050000190734863,7.050000190734863,7.050000190734863,7.050000190734863,647.0
2024-10-25 14:00:00+00:00,STNE,11.524999618530273,11.524999618530273,11.529999732971191,11.524999618530273,11.529999732971191,4774.0
2024-10-25 14:00:00+00:00,STX,103.375,103.375,103.38999938964844,103.37000274658203,103.38500213623047,1824.0
2024-10-25 14:00:00+00:00,SWKS,96.08499908447266,96.08499908447266,96.08999633789062,96.02999877929688,96.02999877929688,2313.0
2024-10-25 14:00:00+00:00,SYNA,72.41500091552734,72.41500091552734,72.43000030517578,72.41500091552734,72.43000030517578,366.0
2024-10-25 14:00:00+00:00,TAOP,0.482699990272522,0.482699990272522,0.482699990272522,0.482699990272522,0.482699990272522,0.0
2024-10-25 14:00:00+00:00,TEAM,188.6649932861328,188.6649932861328,188.72000122070312,188.6649932861328,188.72000122070312,1500.0
2024-10-25 14:00:00+00:00,TENB,41.61000061035156,41.61000061035156,41.61000061035156,41.58000183105469,41.58000183105469,1031.0
2024-10-25 14:00:00+00:00,TER,112.43499755859375,112.43499755859375,112.47000122070312,112.41000366210938,112.45999908447266,6940.0
2024-10-25 14:00:00+00:00,TRMB,61.0,61.0,61.0,61.0,61.0,383.0
2024-10-25 14:00:00+00:00,TSEM,44.91999816894531,44.91999816894531,44.91999816894531,44.91999816894531,44.91999816894531,2607.0
2024-10-25 14:00:00+00:00,TTD,118.47000122070312,118.47000122070312,118.47000122070312,118.3949966430664,118.43000030517578,1201.0
2024-10-25 14:00:00+00:00,TTEC,5.349999904632568,5.349999904632568,5.349999904632568,5.349999904632568,5.349999904632568,1250.0
2024-10-25 14:00:00+00:00,TTMI,19.559999465942383,19.559999465942383,19.559999465942383,19.559999465942383,19.559999465942383,422.0
2024-10-25 14:00:00+00:00,TWKS,4.440000057220459,4.440000057220459,4.440000057220459,4.440000057220459,4.440000057220459,271.0
2024-10-25 14:00:00+00:00,TXN,207.44000244140625,207.44000244140625,207.47000122070312,207.3699951171875,207.3699951171875,7099.0
2024-10-25 14:00:00+00:00,UCTT,35.6349983215332,35.6349983215332,35.66999816894531,35.6349983215332,35.66999816894531,1130.0
2024-10-25 14:00:00+00:00,VECO,29.280000686645508,29.280000686645508,29.299999237060547,29.280000686645508,29.299999237060547,1095.0
2024-10-25 14:00:00+00:00,VERI,3.4200000762939453,3.4200000762939453,3.4200000762939453,3.4200000762939453,3.4200000762939453,1622.0
2024-10-25 14:00:00+00:00,VIAV,9.225000381469727,9.225000381469727,9.225000381469727,9.225000381469727,9.225000381469727,771.0
2024-10-25 14:00:00+00:00,VMEO,4.744999885559082,4.744999885559082,4.744999885559082,4.739999771118164,4.739999771118164,1524.0
2024-10-25 14:00:00+00:00,VNET,3.434999942779541,3.434999942779541,3.434999942779541,3.434999942779541,3.434999942779541,625.0
2024-10-25 14:00:00+00:00,VRNS,56.630001068115234,56.630001068115234,56.63999938964844,56.619998931884766,56.619998931884766,927.0
2024-10-25 14:00:00+00:00,VRNT,21.969999313354492,21.969999313354492,21.969999313354492,21.969999313354492,21.969999313354492,399.0
2024-10-25 14:00:00+00:00,VRSN,183.56500244140625,183.56500244140625,183.63999938964844,183.4600067138672,183.6300048828125,2790.0
2024-10-25 14:00:00+00:00,VS,2.549999952316284,2.549999952316284,2.549999952316284,2.549999952316284,2.549999952316284,6066.0
2024-10-25 14:00:00+00:00,VSAT,10.149999618530273,10.149999618530273,10.154999732971191,10.149999618530273,10.149999618530273,1526.0
2024-10-25 14:00:00+00:00,WDAY,238.82000732421875,238.82000732421875,238.92999267578125,238.6999969482422,238.81500244140625,1363.0
2024-10-25 14:00:00+00:00,WDC,69.86000061035156,69.86000061035156,69.9749984741211,69.86000061035156,69.94999694824219,22346.0
2024-10-25 14:00:00+00:00,WFCF,11.489999771118164,11.489999771118164,11.489999771118164,11.4399995803833,11.4399995803833,734.0
2024-10-25 14:00:00+00:00,WISA,1.9581999778747559,1.9581999778747559,1.9581999778747559,1.9581999778747559,1.9581999778747559,311.0
2024-10-25 14:00:00+00:00,XRX,9.954999923706055,9.954999923706055,9.954999923706055,9.954999923706055,9.954999923706055,796.0
2024-10-25 14:00:00+00:00,ZBRA,360.114990234375,360.114990234375,360.114990234375,360.07000732421875,360.07000732421875,1612.0
2024-10-25 14:00:00+00:00,ZI,10.5,10.5,10.5,10.494000434875488,10.494000434875488,2500.0
2024-10-25 14:00:00+00:00,ZM,72.79000091552734,72.79000091552734,72.83899688720703,72.79000091552734,72.83499908447266,3343.0
2024-10-25 14:00:00+00:00,ZS,184.4550018310547,184.4550018310547,184.4550018310547,184.41000366210938,184.41000366210938,3087.0
2024-10-25 14:01:00+00:00,AAPL,231.60000610351562,231.60000610351562,231.6699981689453,231.56419372558594,231.59500122070312,40701.0
2024-10-25 14:01:00+00:00,ACMR,19.635000228881836,19.635000228881836,19.63800048828125,19.6299991607666,19.6299991607666,1700.0
2024-10-25 14:01:00+00:00,ADBE,484.2200012207031,484.2200012207031,484.2699890136719,483.9100036621094,484.07000732421875,4044.0
2024-10-25 14:01:00+00:00,ADI,231.43499755859375,231.43499755859375,231.61000061035156,231.35000610351562,231.35000610351562,5893.0
2024-10-25 14:01:00+00:00,ADTN,6.324999809265137,6.324999809265137,6.324999809265137,6.320000171661377,6.320000171661377,1387.0
2024-10-25 14:01:00+00:00,AEHR,16.8799991607666,16.8799991607666,16.895000457763672,16.8700008392334,16.881500244140625,12055.0
2024-10-25 14:01:00+00:00,AFRM,41.33729934692383,41.33729934692383,41.369998931884766,41.31370162963867,41.349998474121094,13320.0
2024-10-25 14:01:00+00:00,AIP,6.940000057220459,6.940000057220459,6.949999809265137,6.940000057220459,6.949999809265137,300.0
2024-10-25 14:01:00+00:00,ALGM,23.040000915527344,23.040000915527344,23.040000915527344,23.030000686645508,23.030000686645508,1423.0
2024-10-25 14:01:00+00:00,ALKT,38.1150016784668,38.1150016784668,38.1150016784668,38.10810089111328,38.10810089111328,1023.0
2024-10-25 14:01:00+00:00,ALTR,103.80000305175781,103.80000305175781,103.80000305175781,103.80000305175781,103.80000305175781,252.0
2024-10-25 14:01:00+00:00,AMAT,187.39999389648438,187.39999389648438,187.4199981689453,187.27369689941406,187.3350067138672,3774.0
2024-10-25 14:01:00+00:00,AMD,156.3699951171875,156.3699951171875,156.42999267578125,156.32000732421875,156.35000610351562,27037.0
2024-10-25 14:01:00+00:00,AMKR,29.975000381469727,29.975000381469727,29.975000381469727,29.959999084472656,29.975000381469727,654.0
2024-10-25 14:01:00+00:00,AMPL,9.09000015258789,9.09000015258789,9.100000381469727,9.09000015258789,9.100000381469727,726.0
2024-10-25 14:01:00+00:00,ANSS,323.80999755859375,323.80999755859375,323.80999755859375,323.80999755859375,323.80999755859375,226.0
2024-10-25 14:01:00+00:00,API,2.880000114440918,2.880000114440918,2.884999990463257,2.880000114440918,2.884999990463257,2614.0
2024-10-25 14:01:00+00:00,APP,160.69000244140625,160.69000244140625,160.69000244140625,160.69000244140625,160.69000244140625,376.0
2024-10-25 14:01:00+00:00,APPF,212.15499877929688,212.15499877929688,212.15499877929688,212.15499877929688,212.15499877929688,658.0
2024-10-25 14:01:00+00:00,APPN,32.09000015258789,32.09000015258789,32.09000015258789,32.09000015258789,32.09000015258789,121.0
2024-10-25 14:01:00+00:00,APPS,3.059999942779541,3.059999942779541,3.059999942779541,3.059999942779541,3.059999942779541,835.0
2024-10-25 14:01:00+00:00,ARRY,6.335000038146973,6.335000038146973,6.340000152587891,6.329999923706055,6.335000038146973,5124.0
2024-10-25 14:01:00+00:00,ASML,714.2899780273438,714.2899780273438,714.2999877929688,714.2899780273438,714.2999877929688,1503.0
2024-10-25 14:01:00+00:00,AUR,6.445000171661377,6.445000171661377,6.445000171661377,6.440000057220459,6.440000057220459,18041.0
2024-10-25 14:01:00+00:00,AVDX,8.069999694824219,8.069999694824219,8.069999694824219,8.069999694824219,8.069999694824219,7041.0
2024-10-25 14:01:00+00:00,AVGO,174.18800354003906,174.18800354003906,174.2100067138672,174.06500244140625,174.1199951171875,17047.0
2024-10-25 14:01:00+00:00,AVT,53.814998626708984,53.814998626708984,53.81999969482422,53.79999923706055,53.80500030517578,1180.0
2024-10-25 14:01:00+00:00,BIGC,5.295100212097168,5.295100212097168,5.295100212097168,5.295100212097168,5.295100212097168,179.0
2024-10-25 14:01:00+00:00,BMBL,7.119999885559082,7.119999885559082,7.119999885559082,7.119999885559082,7.119999885559082,1338.0
2024-10-25 14:01:00+00:00,BSY,49.130001068115234,49.130001068115234,49.130001068115234,49.124298095703125,49.12710189819336,1446.0
2024-10-25 14:01:00+00:00,CAN,0.9807000160217285,0.9807000160217285,0.9807000160217285,0.9807000160217285,0.9807000160217285,1713.0
2024-10-25 14:01:00+00:00,CDNS,258.07000732421875,258.07000732421875,258.20001220703125,258.05999755859375,258.05999755859375,2516.0
2024-10-25 14:01:00+00:00,CDW,218.13999938964844,218.13999938964844,218.27999877929688,218.13999938964844,218.27999877929688,1948.0
2024-10-25 14:01:00+00:00,CGNT,6.608799934387207,6.608799934387207,6.608799934387207,6.608799934387207,6.608799934387207,295.0
2024-10-25 14:01:00+00:00,CGNX,38.84000015258789,38.84000015258789,38.84000015258789,38.82500076293945,38.82500076293945,566.0
2024-10-25 14:01:00+00:00,CHKP,206.6300048828125,206.6300048828125,206.6300048828125,206.6300048828125,206.6300048828125,321.0
2024-10-25 14:01:00+00:00,CLBT,18.200000762939453,18.200000762939453,18.200000762939453,18.200000762939453,18.200000762939453,424.0
2024-10-25 14:01:00+00:00,CLSK,11.640000343322754,11.640000343322754,11.694000244140625,11.630200386047363,11.680000305175781,77227.0
2024-10-25 14:01:00+00:00,CNDT,3.615000009536743,3.615000009536743,3.615000009536743,3.615000009536743,3.615000009536743,411.0
2024-10-25 14:01:00+00:00,CNXN,69.94950103759766,69.94950103759766,69.94950103759766,69.94950103759766,69.94950103759766,261.0
2024-10-25 14:01:00+00:00,COHR,95.4000015258789,95.4000015258789,95.4000015258789,95.4000015258789,95.4000015258789,757.0
2024-10-25 14:01:00+00:00,COIN,206.69500732421875,206.69500732421875,207.30999755859375,206.52049255371094,206.77000427246094,39640.0
2024-10-25 14:01:00+00:00,COMM,6.210000038146973,6.210000038146973,6.2195000648498535,6.210000038146973,6.211299896240234,3711.0
2024-10-25 14:01:00+00:00,CORZ,13.331999778747559,13.331999778747559,13.395000457763672,13.319999694824219,13.385000228881836,38197.0
2024-10-25 14:01:00+00:00,CORZW,7.809999942779541,7.809999942779541,7.809999942779541,7.809999942779541,7.809999942779541,1015.0
2024-10-25 14:01:00+00:00,CRCT,6.599999904632568,6.599999904632568,6.599999904632568,6.599999904632568,6.599999904632568,310.0
2024-10-25 14:01:00+00:00,CRDO,39.04999923706055,39.04999923706055,39.08000183105469,39.04999923706055,39.08000183105469,2087.0
2024-10-25 14:01:00+00:00,CRNC,2.9049999713897705,2.9049999713897705,2.9049999713897705,2.9049999713897705,2.9049999713897705,632.0
2024-10-25 14:01:00+00:00,CRNT,2.4800000190734863,2.4800000190734863,2.4800000190734863,2.4800000190734863,2.4800000190734863,954.0
2024-10-25 14:01:00+00:00,CRWD,297.010009765625,297.010009765625,297.16778564453125,296.8800048828125,296.92999267578125,22673.0
2024-10-25 14:01:00+00:00,CSCO,55.790000915527344,55.790000915527344,55.790000915527344,55.78499984741211,55.78499984741211,5715.0
2024-10-25 14:01:00+00:00,CSGS,47.3849983215332,47.3849983215332,47.3849983215332,47.3849983215332,47.3849983215332,230.0
2024-10-25 14:01:00+00:00,CSIQ,13.40999984741211,13.40999984741211,13.40999984741211,13.40999984741211,13.40999984741211,634.0
2024-10-25 14:01:00+00:00,CTLP,8.890000343322754,8.890000343322754,8.890000343322754,8.890000343322754,8.890000343322754,7469.0
2024-10-25 14:01:00+00:00,CTSH,74.77999877929688,74.77999877929688,74.77999877929688,74.76000213623047,74.76000213623047,1161.0
2024-10-25 14:01:00+00:00,DAVE,39.099998474121094,39.099998474121094,39.099998474121094,39.099998474121094,39.099998474121094,154.0
2024-10-25 14:01:00+00:00,DBX,25.864999771118164,25.864999771118164,25.8700008392334,25.860000610351562,25.8700008392334,10058.0
2024-10-25 14:01:00+00:00,DDOG,126.38999938964844,126.38999938964844,126.47000122070312,126.36000061035156,126.44999694824219,3432.0
2024-10-25 14:01:00+00:00,DJCO,486.1400146484375,486.1400146484375,486.1400146484375,486.1400146484375,486.1400146484375,404.0
2024-10-25 14:01:00+00:00,DLO,8.869999885559082,8.869999885559082,8.869999885559082,8.869999885559082,8.869999885559082,847.0
2024-10-25 14:01:00+00:00,DOCU,69.1500015258789,69.1500015258789,69.16999816894531,69.1500015258789,69.16000366210938,2966.0
2024-10-25 14:01:00+00:00,DSP,11.449999809265137,11.449999809265137,11.449999809265137,11.449999809265137,11.449999809265137,313.0
2024-10-25 14:01:00+00:00,DUOL,288.239990234375,288.239990234375,288.239990234375,288.0899963378906,288.19000244140625,930.0
2024-10-25 14:01:00+00:00,ENPH,83.19999694824219,83.19999694824219,83.19999694824219,83.19999694824219,83.19999694824219,492.0
2024-10-25 14:01:00+00:00,ENTG,104.83000183105469,104.83000183105469,104.87000274658203,104.81999969482422,104.86000061035156,2817.0
2024-10-25 14:01:00+00:00,ERIC,8.454999923706055,8.454999923706055,8.454999923706055,8.45009994506836,8.45009994506836,14237.0
2024-10-25 14:01:00+00:00,EXTR,14.354000091552734,14.354000091552734,14.359999656677246,14.354000091552734,14.359999656677246,1351.0
2024-10-25 14:01:00+00:00,FARO,17.959999084472656,17.959999084472656,17.959999084472656,17.959999084472656,17.959999084472656,686.0
2024-10-25 14:01:00+00:00,FIVN,29.950000762939453,29.950000762939453,29.950000762939453,29.950000762939453,29.950000762939453,511.0
2024-10-25 14:01:00+00:00,FLEX,35.125,35.125,35.125,35.119998931884766,35.119998931884766,1211.0
2024-10-25 14:01:00+00:00,FROG,29.190000534057617,29.190000534057617,29.209999084472656,29.190000534057617,29.209999084472656,1048.0
2024-10-25 14:01:00+00:00,FRSH,11.654999732971191,11.654999732971191,11.654999732971191,11.645000457763672,11.645000457763672,1919.0
2024-10-25 14:01:00+00:00,FSLR,198.5279998779297,198.5279998779297,198.5279998779297,198.5279998779297,198.5279998779297,665.0
2024-10-25 14:01:00+00:00,FTCI,0.6521999835968018,0.6521999835968018,0.6521999835968018,0.6521999835968018,0.6521999835968018,1173.0
2024-10-25 14:01:00+00:00,FTNT,80.63999938964844,80.63999938964844,80.66000366210938,80.63999938964844,80.66000366210938,1042.0
2024-10-25 14:01:00+00:00,GCT,24.719999313354492,24.719999313354492,24.719999313354492,24.719999313354492,24.719999313354492,866.0
2024-10-25 14:01:00+00:00,GFS,40.81999969482422,40.81999969482422,40.834999084472656,40.81999969482422,40.834999084472656,819.0
2024-10-25 14:01:00+00:00,GRAB,4.09499979019165,4.09499979019165,4.099999904632568,4.090000152587891,4.09499979019165,9508.0
2024-10-25 14:01:00+00:00,GTLB,55.26499938964844,55.26499938964844,55.279998779296875,55.26499938964844,55.279998779296875,438.0
2024-10-25 14:01:00+00:00,HCP,33.662498474121094,33.662498474121094,33.66999816894531,33.662498474121094,33.66999816894531,1814.0
2024-10-25 14:01:00+00:00,HIMX,6.164999961853027,6.164999961853027,6.164999961853027,6.164999961853027,6.164999961853027,2530.0
2024-10-25 14:01:00+00:00,HOLO,3.5950000286102295,3.5950000286102295,3.5959999561309814,3.5950000286102295,3.5959999561309814,6382.0
2024-10-25 14:01:00+00:00,HOOD,27.104999542236328,27.104999542236328,27.11440086364746,27.079700469970703,27.079700469970703,18995.0
2024-10-25 14:01:00+00:00,INDI,3.515000104904175,3.515000104904175,3.515000104904175,3.515000104904175,3.515000104904175,223.0
2024-10-25 14:01:00+00:00,INTA,49.9900016784668,49.9900016784668,49.9900016784668,49.9900016784668,49.9900016784668,619.0
2024-10-25 14:01:00+00:00,INTC,22.825000762939453,22.825000762939453,22.834999084472656,22.815000534057617,22.829999923706055,120313.0
2024-10-25 14:01:00+00:00,INTU,609.2999877929688,609.2999877929688,609.2999877929688,609.280029296875,609.280029296875,1234.0
2024-10-25 14:01:00+00:00,ITI,7.195000171661377,7.195000171661377,7.195000171661377,7.195000171661377,7.195000171661377,897.0
2024-10-25 14:01:00+00:00,ITRI,102.48999786376953,102.48999786376953,102.48999786376953,102.48999786376953,102.48999786376953,138.0
2024-10-25 14:01:00+00:00,JAMF,16.739999771118164,16.739999771118164,16.739999771118164,16.739999771118164,16.739999771118164,169.0
2024-10-25 14:01:00+00:00,KC,2.694999933242798,2.694999933242798,2.694999933242798,2.694999933242798,2.694999933242798,0.0
2024-10-25 14:01:00+00:00,KLAC,675.875,675.875,676.1599731445312,675.719970703125,675.719970703125,2163.0
2024-10-25 14:01:00+00:00,KLIC,44.369998931884766,44.369998931884766,44.369998931884766,44.369998931884766,44.369998931884766,163.0
2024-10-25 14:01:00+00:00,LINK,4.739999771118164,4.739999771118164,4.746799945831299,4.720099925994873,4.720099925994873,1430.0
2024-10-25 14:01:00+00:00,LITE,64.0999984741211,64.0999984741211,64.0999984741211,64.08000183105469,64.08999633789062,508.0
2024-10-25 14:01:00+00:00,LOGI,80.69499969482422,80.69499969482422,80.69499969482422,80.68000030517578,80.68000030517578,1323.0
2024-10-25 14:01:00+00:00,LPSN,1.159999966621399,1.159999966621399,1.1649999618530273,1.159999966621399,1.1649999618530273,906.0
2024-10-25 14:01:00+00:00,LRCX,78.58499908447266,78.58499908447266,78.59989929199219,78.52999877929688,78.54000091552734,14015.0
2024-10-25 14:01:00+00:00,LSCC,54.165000915527344,54.165000915527344,54.165000915527344,54.11000061035156,54.11000061035156,1193.0
2024-10-25 14:01:00+00:00,LYFT,13.760000228881836,13.760000228881836,13.765000343322754,13.75,13.75,98692.0
2024-10-25 14:01:00+00:00,LYT,1.940000057220459,1.940000057220459,1.940000057220459,1.940000057220459,1.940000057220459,112.0
2024-10-25 14:01:00+00:00,LYTS,16.219900131225586,16.219900131225586,16.219900131225586,16.219900131225586,16.219900131225586,1674.0
2024-10-25 14:01:00+00:00,MANH,275.0299987792969,275.0299987792969,275.0299987792969,275.0299987792969,275.0299987792969,716.0
2024-10-25 14:01:00+00:00,MCHP,76.61000061035156,76.61000061035156,76.62999725341797,76.56999969482422,76.56999969482422,7804.0
2024-10-25 14:01:00+00:00,MDB,266.5,266.5,266.5799865722656,266.5,266.5199890136719,1559.0
2024-10-25 14:01:00+00:00,MIND,3.5399999618530273,3.5399999618530273,3.5399999618530273,3.5399999618530273,3.5399999618530273,2065.0
2024-10-25 14:01:00+00:00,MKSI,101.20500183105469,101.20500183105469,101.23500061035156,101.18000030517578,101.20999908447266,1438.0
2024-10-25 14:01:00+00:00,MNDY,298.6889953613281,298.6889953613281,299.3900146484375,298.6889953613281,299.30999755859375,1379.0
2024-10-25 14:01:00+00:00,MQ,5.284999847412109,5.284999847412109,5.284999847412109,5.284999847412109,5.284999847412109,1652.0
2024-10-25 14:01:00+00:00,MRAM,6.264999866485596,6.264999866485596,6.264999866485596,6.264999866485596,6.264999866485596,101.0
2024-10-25 14:01:00+00:00,MRVL,81.93499755859375,81.93499755859375,81.97000122070312,81.91999816894531,81.93000030517578,10135.0
2024-10-25 14:01:00+00:00,MSFT,428.17999267578125,428.17999267578125,428.2799987792969,428.1167907714844,428.2106018066406,9763.0
2024-10-25 14:01:00+00:00,MSTR,232.9499969482422,232.9499969482422,233.6898956298828,232.50999450683594,233.3000030517578,158372.0
2024-10-25 14:01:00+00:00,MTTR,4.599999904632568,4.599999904632568,4.599999904632568,4.59250020980835,4.599999904632568,2463.0
2024-10-25 14:01:00+00:00,MU,108.1500015258789,108.1500015258789,108.18000030517578,108.08000183105469,108.11000061035156,19406.0
2024-10-25 14:01:00+00:00,MVIS,1.0800000429153442,1.0800000429153442,1.0839999914169312,1.0800000429153442,1.0800000429153442,5280.0
2024-10-25 14:01:00+00:00,MXL,14.800000190734863,14.800000190734863,14.800000190734863,14.800000190734863,14.800000190734863,990.0
2024-10-25 14:01:00+00:00,NCNO,37.665000915527344,37.665000915527344,37.66999816894531,37.64500045776367,37.64500045776367,1930.0
2024-10-25 14:01:00+00:00,NTAP,119.74500274658203,119.74500274658203,119.74500274658203,119.74500274658203,119.74500274658203,531.0
2024-10-25 14:01:00+00:00,NTCT,20.610000610351562,20.610000610351562,20.610000610351562,20.610000610351562,20.610000610351562,282.0
2024-10-25 14:01:00+00:00,NVDA,141.85690307617188,141.85690307617188,141.88999938964844,141.7200927734375,141.77920532226562,506089.0
2024-10-25 14:01:00+00:00,NVEI,33.5,33.5,33.5,33.5,33.5,201.0
2024-10-25 14:01:00+00:00,NVTS,2.5450000762939453,2.5450000762939453,2.5450000762939453,2.5450000762939453,2.5450000762939453,231.0
2024-10-25 14:01:00+00:00,NXPI,243.79200744628906,243.79200744628906,243.8800048828125,243.7550048828125,243.80999755859375,2446.0
2024-10-25 14:01:00+00:00,OKTA,72.02999877929688,72.02999877929688,72.02999877929688,72.02999877929688,72.02999877929688,310.0
2024-10-25 14:01:00+00:00,ON,71.54499816894531,71.54499816894531,71.55000305175781,71.48999786376953,71.5,23586.0
2024-10-25 14:01:00+00:00,PAYO,8.305000305175781,8.305000305175781,8.305000305175781,8.305000305175781,8.305000305175781,634.0
2024-10-25 14:01:00+00:00,PDFS,29.135000228881836,29.135000228881836,29.149999618530273,29.135000228881836,29.149999618530273,800.0
2024-10-25 14:01:00+00:00,PEGA,79.16400146484375,79.16400146484375,79.16400146484375,79.16400146484375,79.16400146484375,872.0
2024-10-25 14:01:00+00:00,PGY,11.800000190734863,11.800000190734863,11.800000190734863,11.800000190734863,11.800000190734863,1441.0
2024-10-25 14:01:00+00:00,PHUN,10.510000228881836,10.510000228881836,10.539999961853027,10.45009994506836,10.458800315856934,55762.0
2024-10-25 14:01:00+00:00,PI,201.6999969482422,201.6999969482422,201.6999969482422,201.6999969482422,201.6999969482422,164.0
2024-10-25 14:01:00+00:00,PLAB,23.544700622558594,23.544700622558594,23.544700622558594,23.544700622558594,23.544700622558594,537.0
2024-10-25 14:01:00+00:00,PLXS,141.3975067138672,141.3975067138672,141.3975067138672,141.3975067138672,141.3975067138672,577.0
2024-10-25 14:01:00+00:00,POET,3.8399999141693115,3.8399999141693115,3.8399999141693115,3.8399999141693115,3.8399999141693115,373.0
2024-10-25 14:01:00+00:00,PRCH,1.309999942779541,1.309999942779541,1.309999942779541,1.2999999523162842,1.309999942779541,1501.0
2024-10-25 14:01:00+00:00,PRTH,5.28000020980835,5.28000020980835,5.28000020980835,5.28000020980835,5.28000020980835,310.0
2024-10-25 14:01:00+00:00,PTC,186.19500732421875,186.19500732421875,186.19500732421875,186.19500732421875,186.19500732421875,156.0
2024-10-25 14:01:00+00:00,PUBM,14.710000038146973,14.710000038146973,14.710000038146973,14.710000038146973,14.710000038146973,665.0
2024-10-25 14:01:00+00:00,PYCR,14.28499984741211,14.28499984741211,14.28499984741211,14.28499984741211,14.28499984741211,2656.0
2024-10-25 14:01:00+00:00,QCOM,171.27999877929688,171.27999877929688,171.31500244140625,171.25,171.25,2569.0
2024-10-25 14:01:00+00:00,QH,1.3603999614715576,1.3603999614715576,1.3603999614715576,1.3603999614715576,1.3603999614715576,608.0
2024-10-25 14:01:00+00:00,QUBT,1.0850000381469727,1.0850000381469727,1.0850000381469727,1.0800000429153442,1.0850000381469727,22674.0
2024-10-25 14:01:00+00:00,RCAT,2.744999885559082,2.744999885559082,2.744999885559082,2.744999885559082,2.744999885559082,611.0
2024-10-25 14:01:00+00:00,REKR,1.094499945640564,1.094499945640564,1.0950000286102295,1.094499945640564,1.0950000286102295,314.0
2024-10-25 14:01:00+00:00,RELY,14.890000343322754,14.890000343322754,14.890000343322754,14.869999885559082,14.869999885559082,3150.0
2024-10-25 14:01:00+00:00,RGTI,1.225000023841858,1.225000023841858,1.2300000190734863,1.2200000286102295,1.2200000286102295,34978.0
2024-10-25 14:01:00+00:00,RIOT,9.770999908447266,9.770999908447266,9.809900283813477,9.770000457763672,9.784000396728516,50531.0
2024-10-25 14:01:00+00:00,RMBS,43.29499816894531,43.29499816894531,43.310001373291016,43.279998779296875,43.279998779296875,2490.0
2024-10-25 14:01:00+00:00,RUN,14.319999694824219,14.319999694824219,14.335000038146973,14.319999694824219,14.329999923706055,2732.0
2024-10-25 14:01:00+00:00,SEDG,15.901000022888184,15.901000022888184,15.920000076293945,15.899999618530273,15.909199714660645,3493.0
2024-10-25 14:01:00+00:00,SIMO,56.410499572753906,56.410499572753906,56.410499572753906,56.410499572753906,56.410499572753906,379.0
2024-10-25 14:01:00+00:00,SMCI,47.051998138427734,47.051998138427734,47.099998474121094,47.04010009765625,47.06999969482422,11062.0
2024-10-25 14:01:00+00:00,SOPA,0.9514999985694885,0.9514999985694885,0.9649999737739563,0.9514999985694885,0.9649999737739563,1430.0
2024-10-25 14:01:00+00:00,SOUN,5.15500020980835,5.15500020980835,5.159999847412109,5.150100231170654,5.159999847412109,62048.0
2024-10-25 14:01:00+00:00,SPSC,172.89999389648438,172.89999389648438,172.89999389648438,172.89999389648438,172.89999389648438,794.0
2024-10-25 14:01:00+00:00,SSNC,69.73999786376953,69.73999786376953,69.77999877929688,69.72000122070312,69.77999877929688,5861.0
2024-10-25 14:01:00+00:00,SSYS,7.050000190734863,7.050000190734863,7.050000190734863,7.050000190734863,7.050000190734863,753.0
2024-10-25 14:01:00+00:00,STER,16.735000610351562,16.735000610351562,16.735000610351562,16.735000610351562,16.735000610351562,200.0
2024-10-25 14:01:00+00:00,STNE,11.555000305175781,11.555000305175781,11.555000305175781,11.524999618530273,11.524999618530273,17511.0
2024-10-25 14:01:00+00:00,STX,103.44000244140625,103.44000244140625,103.44000244140625,103.37999725341797,103.37999725341797,1401.0
2024-10-25 14:01:00+00:00,SVRE,0.07840000092983246,0.07840000092983246,0.07880000025033951,0.07840000092983246,0.07880000025033951,10044.0
2024-10-25 14:01:00+00:00,SWKS,96.12999725341797,96.12999725341797,96.12999725341797,96.12000274658203,96.12000274658203,364.0
2024-10-25 14:01:00+00:00,SYNA,72.41999816894531,72.41999816894531,72.41999816894531,72.41999816894531,72.41999816894531,455.0
2024-10-25 14:01:00+00:00,SYTA,1.2874000072479248,1.2874000072479248,1.2874000072479248,1.2818000316619873,1.2818000316619873,3100.0
2024-10-25 14:01:00+00:00,TAOP,0.48429998755455017,0.48429998755455017,0.48429998755455017,0.48429998755455017,0.48429998755455017,100.0
2024-10-25 14:01:00+00:00,TEAM,188.67999267578125,188.67999267578125,188.7100067138672,188.67999267578125,188.7100067138672,1969.0
2024-10-25 14:01:00+00:00,TER,112.55999755859375,112.55999755859375,112.57499694824219,112.44999694824219,112.45999908447266,5158.0
2024-10-25 14:01:00+00:00,TRMB,61.0099983215332,61.0099983215332,61.0099983215332,61.0,61.0,694.0
2024-10-25 14:01:00+00:00,TTD,118.45999908447266,118.45999908447266,118.45999908447266,118.41999816894531,118.41999816894531,1552.0
2024-10-25 14:01:00+00:00,TWKS,4.440000057220459,4.440000057220459,4.449999809265137,4.440000057220459,4.441500186920166,7532.0
2024-10-25 14:01:00+00:00,TXN,207.61000061035156,207.61000061035156,207.61000061035156,207.4949951171875,207.5500030517578,2568.0
2024-10-25 14:01:00+00:00,UCTT,35.654998779296875,35.654998779296875,35.65999984741211,35.654998779296875,35.65999984741211,1493.0
2024-10-25 14:01:00+00:00,VECO,29.329999923706055,29.329999923706055,29.329999923706055,29.309999465942383,29.309999465942383,2559.0
2024-10-25 14:01:00+00:00,VIAV,9.225000381469727,9.225000381469727,9.225000381469727,9.225000381469727,9.225000381469727,253.0
2024-10-25 14:01:00+00:00,VICR,46.599998474121094,46.599998474121094,46.599998474121094,46.599998474121094,46.599998474121094,416.0
2024-10-25 14:01:00+00:00,VMEO,4.739999771118164,4.739999771118164,4.744999885559082,4.739999771118164,4.744999885559082,721.0
2024-10-25 14:01:00+00:00,VNET,3.4200000762939453,3.4200000762939453,3.430000066757202,3.4200000762939453,3.430000066757202,2020.0
2024-10-25 14:01:00+00:00,VRNS,56.59000015258789,56.59000015258789,56.61000061035156,56.59000015258789,56.599998474121094,1101.0
2024-10-25 14:01:00+00:00,VSAT,10.140000343322754,10.140000343322754,10.149999618530273,10.140000343322754,10.149999618530273,1099.0
2024-10-25 14:01:00+00:00,WALD,3.5299999713897705,3.5299999713897705,3.5299999713897705,3.5299999713897705,3.5299999713897705,519.0
2024-10-25 14:01:00+00:00,WDAY,238.7899932861328,238.7899932861328,238.7899932861328,238.7899932861328,238.7899932861328,132.0
2024-10-25 14:01:00+00:00,WDC,69.93000030517578,69.93000030517578,69.9800033569336,69.8499984741211,69.8499984741211,15905.0
2024-10-25 14:01:00+00:00,WISA,1.9299999475479126,1.9299999475479126,1.9600000381469727,1.9299999475479126,1.9500000476837158,11144.0
2024-10-25 14:01:00+00:00,XPER,9.40999984741211,9.40999984741211,9.40999984741211,9.40999984741211,9.40999984741211,648.0
2024-10-25 14:01:00+00:00,XRX,9.95989990234375,9.95989990234375,9.960000038146973,9.949999809265137,9.949999809265137,3000.0
2024-10-25 14:01:00+00:00,ZM,72.78500366210938,72.78500366210938,72.81999969482422,72.78500366210938,72.80999755859375,2218.0
2024-10-25 14:01:00+00:00,ZS,184.4600067138672,184.4600067138672,184.5800018310547,184.4600067138672,184.52999877929688,811.0
2024-10-25 14:02:00+00:00,AAOI,17.6299991607666,17.6299991607666,17.6299991607666,17.6299991607666,17.6299991607666,348.0
2024-10-25 14:02:00+00:00,AAPL,231.3800048828125,231.3800048828125,231.6199951171875,231.36000061035156,231.58999633789062,47907.0
2024-10-25 14:02:00+00:00,ACIW,48.66999816894531,48.66999816894531,48.66999816894531,48.66999816894531,48.66999816894531,432.0
2024-10-25 14:02:00+00:00,ACLS,89.875,89.875,89.875,89.875,89.875,999.0
2024-10-25 14:02:00+00:00,ACMR,19.610000610351562,19.610000610351562,19.63249969482422,19.610000610351562,19.63249969482422,7117.0
2024-10-25 14:02:00+00:00,ADBE,483.6000061035156,483.6000061035156,484.1000061035156,483.6000061035156,484.1000061035156,3090.0
2024-10-25 14:02:00+00:00,ADI,231.1999969482422,231.1999969482422,231.52999877929688,231.1999969482422,231.52999877929688,8265.0
2024-10-25 14:02:00+00:00,ADSK,285.45001220703125,285.45001220703125,285.6600036621094,285.45001220703125,285.6300048828125,2937.0
2024-10-25 14:02:00+00:00,ADTN,6.324999809265137,6.324999809265137,6.340000152587891,6.324999809265137,6.329999923706055,3677.0
2024-10-25 14:02:00+00:00,AEHR,16.836000442504883,16.836000442504883,16.85099983215332,16.821199417114258,16.85099983215332,7833.0
2024-10-25 14:02:00+00:00,AEYE,22.420000076293945,22.420000076293945,22.43000030517578,22.420000076293945,22.43000030517578,276.0
2024-10-25 14:02:00+00:00,AFRM,41.150001525878906,41.150001525878906,41.33000183105469,41.130001068115234,41.33000183105469,85181.0
2024-10-25 14:02:00+00:00,AGYS,110.95999908447266,110.95999908447266,110.95999908447266,110.95999908447266,110.95999908447266,420.0
2024-10-25 14:02:00+00:00,AIP,6.949999809265137,6.949999809265137,6.949999809265137,6.949999809265137,6.949999809265137,1624.0
2024-10-25 14:02:00+00:00,AKAM,102.05000305175781,102.05000305175781,102.16000366210938,102.05000305175781,102.16000366210938,4464.0
2024-10-25 14:02:00+00:00,ALGM,22.979999542236328,22.979999542236328,23.049999237060547,22.969999313354492,23.040000915527344,5073.0
2024-10-25 14:02:00+00:00,ALKT,37.994998931884766,37.994998931884766,38.099998474121094,37.994998931884766,38.08000183105469,2298.0
2024-10-25 14:02:00+00:00,ALLT,3.450000047683716,3.450000047683716,3.450000047683716,3.450000047683716,3.450000047683716,302.0
2024-10-25 14:02:00+00:00,ALRM,54.349998474121094,54.349998474121094,54.349998474121094,54.349998474121094,54.349998474121094,682.0
2024-10-25 14:02:00+00:00,ALTR,103.75,103.75,103.80000305175781,103.66999816894531,103.69999694824219,3831.0
2024-10-25 14:02:00+00:00,AMAT,186.9949951171875,186.9949951171875,187.39999389648438,186.9499969482422,187.38999938964844,16241.0
2024-10-25 14:02:00+00:00,AMBA,57.8650016784668,57.8650016784668,57.8650016784668,57.8650016784668,57.8650016784668,347.0
2024-10-25 14:02:00+00:00,AMD,156.06219482421875,156.06219482421875,156.37989807128906,156.02999877929688,156.360107421875,75097.0
2024-10-25 14:02:00+00:00,AMKR,29.934999465942383,29.934999465942383,29.975000381469727,29.93000030517578,29.969999313354492,4041.0
2024-10-25 14:02:00+00:00,AMPL,9.079999923706055,9.079999923706055,9.079999923706055,9.079999923706055,9.079999923706055,1097.0
2024-10-25 14:02:00+00:00,ANSS,323.80999755859375,323.80999755859375,323.80999755859375,323.80999755859375,323.80999755859375,217.0
2024-10-25 14:02:00+00:00,ANY,1.0400999784469604,1.0400999784469604,1.0449999570846558,1.0399999618530273,1.0449999570846558,981.0
2024-10-25 14:02:00+00:00,API,2.869999885559082,2.869999885559082,2.869999885559082,2.869999885559082,2.869999885559082,504.0
2024-10-25 14:02:00+00:00,APP,160.2899932861328,160.2899932861328,160.5850067138672,160.2899932861328,160.5850067138672,3852.0
2024-10-25 14:02:00+00:00,APPF,211.94500732421875,211.94500732421875,211.9949951171875,211.6999969482422,211.9949951171875,1110.0
2024-10-25 14:02:00+00:00,APPN,32.084999084472656,32.084999084472656,32.084999084472656,32.084999084472656,32.084999084472656,510.0
2024-10-25 14:02:00+00:00,APPS,3.059999942779541,3.059999942779541,3.059999942779541,3.059999942779541,3.059999942779541,349.0
2024-10-25 14:02:00+00:00,ARRY,6.329999923706055,6.329999923706055,6.335000038146973,6.320000171661377,6.329999923706055,9119.0
2024-10-25 14:02:00+00:00,ASML,712.8499755859375,712.8499755859375,713.875,712.8499755859375,713.875,2518.0
2024-10-25 14:02:00+00:00,ATOM,3.3299999237060547,3.3299999237060547,3.3299999237060547,3.3299999237060547,3.3299999237060547,1832.0
2024-10-25 14:02:00+00:00,AUDC,9.0600004196167,9.0600004196167,9.060099601745605,9.0600004196167,9.060099601745605,1073.0
2024-10-25 14:02:00+00:00,AUR,6.425000190734863,6.425000190734863,6.445000171661377,6.425000190734863,6.445000171661377,17010.0
2024-10-25 14:02:00+00:00,AVDX,8.069999694824219,8.069999694824219,8.069999694824219,8.069999694824219,8.069999694824219,557.0
2024-10-25 14:02:00+00:00,AVGO,173.77999877929688,173.77999877929688,174.16000366210938,173.72000122070312,174.16000366210938,18697.0
2024-10-25 14:02:00+00:00,AVPT,11.930000305175781,11.930000305175781,11.930000305175781,11.930000305175781,11.930000305175781,554.0
2024-10-25 14:02:00+00:00,AVT,53.810001373291016,53.810001373291016,53.810001373291016,53.810001373291016,53.810001373291016,387.0
2024-10-25 14:02:00+00:00,AZPN,236.5800018310547,236.5800018310547,236.5800018310547,236.5800018310547,236.5800018310547,705.0
2024-10-25 14:02:00+00:00,BAND,17.56999969482422,17.56999969482422,17.600000381469727,17.56999969482422,17.600000381469727,1088.0
2024-10-25 14:02:00+00:00,BASE,16.219999313354492,16.219999313354492,16.219999313354492,16.219999313354492,16.219999313354492,268.0
2024-10-25 14:02:00+00:00,BELFB,79.0999984741211,79.0999984741211,79.0999984741211,79.0999984741211,79.0999984741211,520.0
2024-10-25 14:02:00+00:00,BIGC,5.295000076293945,5.295000076293945,5.295000076293945,5.289999961853027,5.295000076293945,10140.0
2024-10-25 14:02:00+00:00,BL,56.13999938964844,56.13999938964844,56.13999938964844,56.13999938964844,56.13999938964844,1159.0
2024-10-25 14:02:00+00:00,BLKB,85.70999908447266,85.70999908447266,85.70999908447266,85.70999908447266,85.70999908447266,105.0
2024-10-25 14:02:00+00:00,BLZE,7.150000095367432,7.150000095367432,7.150000095367432,7.150000095367432,7.150000095367432,3968.0
2024-10-25 14:02:00+00:00,BMBL,7.105000019073486,7.105000019073486,7.114999771118164,7.099999904632568,7.114999771118164,5767.0
2024-10-25 14:02:00+00:00,BSY,49.139400482177734,49.139400482177734,49.139400482177734,49.125,49.125,1141.0
2024-10-25 14:02:00+00:00,CAMT,77.55999755859375,77.55999755859375,77.55999755859375,77.55999755859375,77.55999755859375,544.0
2024-10-25 14:02:00+00:00,CDNS,257.7099914550781,257.7099914550781,258.05999755859375,257.7099914550781,258.05999755859375,3124.0
2024-10-25 14:02:00+00:00,CDW,218.06500244140625,218.06500244140625,218.1999969482422,218.06500244140625,218.1999969482422,1087.0
2024-10-25 14:02:00+00:00,CETX,0.30379998683929443,0.30379998683929443,0.30379998683929443,0.30169999599456787,0.30169999599456787,9238.0
2024-10-25 14:02:00+00:00,CEVA,23.96500015258789,23.96500015258789,23.96500015258789,23.96500015258789,23.96500015258789,177.0
2024-10-25 14:02:00+00:00,CFLT,22.524999618530273,22.524999618530273,22.56999969482422,22.524999618530273,22.549999237060547,18185.0
2024-10-25 14:02:00+00:00,CGNX,38.779998779296875,38.779998779296875,38.810001373291016,38.77000045776367,38.810001373291016,2937.0
2024-10-25 14:02:00+00:00,CLBT,18.184999465942383,18.184999465942383,18.209999084472656,18.184999465942383,18.190000534057617,4990.0
2024-10-25 14:02:00+00:00,CLFD,36.404998779296875,36.404998779296875,36.404998779296875,36.404998779296875,36.404998779296875,874.0
2024-10-25 14:02:00+00:00,CLSK,11.511199951171875,11.511199951171875,11.645000457763672,11.5,11.645000457763672,276265.0
2024-10-25 14:02:00+00:00,CMTL,3.7300000190734863,3.7300000190734863,3.7300000190734863,3.7300000190734863,3.7300000190734863,391.0
2024-10-25 14:02:00+00:00,CNDT,3.6108999252319336,3.6108999252319336,3.6108999252319336,3.6108999252319336,3.6108999252319336,398.0
2024-10-25 14:02:00+00:00,CNXC,44.25,44.25,44.36000061035156,44.25,44.33000183105469,2468.0
2024-10-25 14:02:00+00:00,CNXN,69.91999816894531,69.91999816894531,69.91999816894531,69.91999816894531,69.91999816894531,614.0
2024-10-25 14:02:00+00:00,COHR,95.19499969482422,95.19499969482422,95.3499984741211,95.19000244140625,95.3499984741211,6842.0
2024-10-25 14:02:00+00:00,COIN,205.03500366210938,205.03500366210938,206.77000427246094,204.80999755859375,206.69500732421875,119371.0
2024-10-25 14:02:00+00:00,COMM,6.215000152587891,6.215000152587891,6.224999904632568,6.210000038146973,6.215000152587891,27548.0
2024-10-25 14:02:00+00:00,CORZ,13.244999885559082,13.244999885559082,13.329999923706055,13.244999885559082,13.329999923706055,154138.0
2024-10-25 14:02:00+00:00,CORZW,7.75,7.75,7.75,7.75,7.75,2100.0
2024-10-25 14:02:00+00:00,CRCT,6.59499979019165,6.59499979019165,6.599999904632568,6.590000152587891,6.599999904632568,2448.0
2024-10-25 14:02:00+00:00,CRDO,38.994998931884766,38.994998931884766,39.029998779296875,38.97999954223633,39.029998779296875,6986.0
2024-10-25 14:02:00+00:00,CRNC,2.9000000953674316,2.9000000953674316,2.9000000953674316,2.8949999809265137,2.9000000953674316,15786.0
2024-10-25 14:02:00+00:00,CRNT,2.4649999141693115,2.4649999141693115,2.4649999141693115,2.4649999141693115,2.4649999141693115,1681.0
2024-10-25 14:02:00+00:00,CRSR,6.309999942779541,6.309999942779541,6.320000171661377,6.309999942779541,6.320000171661377,1594.0
2024-10-25 14:02:00+00:00,CRUS,122.47000122070312,122.47000122070312,122.47000122070312,122.47000122070312,122.47000122070312,416.0
2024-10-25 14:02:00+00:00,CRWD,295.4599914550781,295.4599914550781,297.0899963378906,295.4200134277344,297.010009765625,44951.0
2024-10-25 14:02:00+00:00,CSCO,55.724998474121094,55.724998474121094,55.79499816894531,55.724998474121094,55.790000915527344,15165.0
2024-10-25 14:02:00+00:00,CSIQ,13.380000114440918,13.380000114440918,13.399999618530273,13.380000114440918,13.399999618530273,1673.0
2024-10-25 14:02:00+00:00,CTLP,8.861000061035156,8.861000061035156,8.880000114440918,8.859999656677246,8.880000114440918,573.0
2024-10-25 14:02:00+00:00,CTSH,74.75,74.75,74.78500366210938,74.75,74.7750015258789,4546.0
2024-10-25 14:02:00+00:00,CVLT,134.1199951171875,134.1199951171875,134.1199951171875,134.1199951171875,134.1199951171875,570.0
2024-10-25 14:02:00+00:00,DAKT,12.989999771118164,12.989999771118164,12.989999771118164,12.989999771118164,12.989999771118164,238.0
2024-10-25 14:02:00+00:00,DAVE,38.83000183105469,38.83000183105469,39.09000015258789,38.77000045776367,39.09000015258789,3646.0
2024-10-25 14:02:00+00:00,DBX,25.860000610351562,25.860000610351562,25.864999771118164,25.854999542236328,25.864999771118164,5442.0
2024-10-25 14:02:00+00:00,DDOG,126.27999877929688,126.27999877929688,126.38999938964844,126.27999877929688,126.38999938964844,2181.0
2024-10-25 14:02:00+00:00,DGII,30.1200008392334,30.1200008392334,30.1200008392334,30.1200008392334,30.1200008392334,1505.0
2024-10-25 14:02:00+00:00,DIOD,65.41000366210938,65.41000366210938,65.41000366210938,65.41000366210938,65.41000366210938,101.0
2024-10-25 14:02:00+00:00,DLO,8.869999885559082,8.869999885559082,8.875,8.869999885559082,8.873000144958496,2955.0
2024-10-25 14:02:00+00:00,DMRC,31.399999618530273,31.399999618530273,31.399999618530273,31.270000457763672,31.360000610351562,3959.0
2024-10-25 14:02:00+00:00,DOCU,68.97000122070312,68.97000122070312,69.12000274658203,68.97000122070312,69.12000274658203,7644.0
2024-10-25 14:02:00+00:00,DOMO,8.069999694824219,8.069999694824219,8.069999694824219,8.069999694824219,8.069999694824219,1794.0
2024-10-25 14:02:00+00:00,DSGX,103.6050033569336,103.6050033569336,103.6050033569336,103.6050033569336,103.6050033569336,400.0
2024-10-25 14:02:00+00:00,DUOL,288.2300109863281,288.2300109863281,288.2300109863281,288.2300109863281,288.2300109863281,922.0
2024-10-25 14:02:00+00:00,EEFT,99.30000305175781,99.30000305175781,99.30000305175781,99.30000305175781,99.30000305175781,269.0
2024-10-25 14:02:00+00:00,ENPH,83.0999984741211,83.0999984741211,83.23819732666016,83.0999984741211,83.23819732666016,3737.0
2024-10-25 14:02:00+00:00,ENTG,104.62000274658203,104.62000274658203,104.8550033569336,104.62000274658203,104.8550033569336,4481.0
2024-10-25 14:02:00+00:00,EVCM,10.479999542236328,10.479999542236328,10.479999542236328,10.479999542236328,10.479999542236328,217.0
2024-10-25 14:02:00+00:00,EXTR,14.329000473022461,14.329000473022461,14.354999542236328,14.329000473022461,14.354999542236328,1281.0
2024-10-25 14:02:00+00:00,FIVN,29.889999389648438,29.889999389648438,29.93000030517578,29.889999389648438,29.93000030517578,1111.0
2024-10-25 14:02:00+00:00,FLEX,35.095001220703125,35.095001220703125,35.119998931884766,35.095001220703125,35.119998931884766,10293.0
2024-10-25 14:02:00+00:00,FLYW,17.360000610351562,17.360000610351562,17.360000610351562,17.344999313354492,17.344999313354492,930.0
2024-10-25 14:02:00+00:00,FROG,29.18000030517578,29.18000030517578,29.200000762939453,29.18000030517578,29.200000762939453,2260.0
2024-10-25 14:02:00+00:00,FRSH,11.619999885559082,11.619999885559082,11.654999732971191,11.619999885559082,11.654999732971191,173101.0
2024-10-25 14:02:00+00:00,FSLR,198.3000030517578,198.3000030517578,198.58999633789062,198.3000030517578,198.39999389648438,2207.0
2024-10-25 14:02:00+00:00,FTNT,80.625,80.625,80.63500213623047,80.625,80.63500213623047,1833.0
2024-10-25 14:02:00+00:00,GCT,24.700000762939453,24.700000762939453,24.709999084472656,24.700000762939453,24.709999084472656,652.0
2024-10-25 14:02:00+00:00,GDS,21.31999969482422,21.31999969482422,21.329999923706055,21.31999969482422,21.329999923706055,1223.0
2024-10-25 14:02:00+00:00,GDYN,15.510000228881836,15.510000228881836,15.510000228881836,15.510000228881836,15.510000228881836,302.0
2024-10-25 14:02:00+00:00,GFS,40.739898681640625,40.739898681640625,40.834999084472656,40.739898681640625,40.834999084472656,1314.0
2024-10-25 14:02:00+00:00,GILT,4.914000034332275,4.914000034332275,4.914000034332275,4.914000034332275,4.914000034332275,535.0
2024-10-25 14:02:00+00:00,GPRO,1.315000057220459,1.315000057220459,1.315000057220459,1.309999942779541,1.315000057220459,1456.0
2024-10-25 14:02:00+00:00,GRAB,4.09499979019165,4.09499979019165,4.09499979019165,4.09499979019165,4.09499979019165,11512.0
2024-10-25 14:02:00+00:00,GTLB,55.20000076293945,55.20000076293945,55.27370071411133,55.20000076293945,55.220001220703125,3111.0
2024-10-25 14:02:00+00:00,GVP,4.599999904632568,4.599999904632568,4.599999904632568,4.599999904632568,4.599999904632568,3780.0
2024-10-25 14:02:00+00:00,HCP,33.665000915527344,33.665000915527344,33.665000915527344,33.665000915527344,33.665000915527344,801.0
2024-10-25 14:02:00+00:00,HEAR,16.479999542236328,16.479999542236328,16.479999542236328,16.479999542236328,16.479999542236328,1173.0
2024-10-25 14:02:00+00:00,HIMX,6.159999847412109,6.159999847412109,6.159999847412109,6.159999847412109,6.159999847412109,1227.0
2024-10-25 14:02:00+00:00,HLIT,14.75,14.75,14.75,14.75,14.75,148.0
2024-10-25 14:02:00+00:00,HOLO,3.5899999141693115,3.5899999141693115,3.5899999141693115,3.5799999237060547,3.5799999237060547,2890.0
2024-10-25 14:02:00+00:00,HOOD,27.0049991607666,27.0049991607666,27.084999084472656,26.979999542236328,27.079999923706055,48192.0
2024-10-25 14:02:00+00:00,ICHR,27.510000228881836,27.510000228881836,27.510000228881836,27.5,27.510000228881836,1694.0
2024-10-25 14:02:00+00:00,IIIV,22.829999923706055,22.829999923706055,22.829999923706055,22.829999923706055,22.829999923706055,901.0
2024-10-25 14:02:00+00:00,IMMR,8.699999809265137,8.699999809265137,8.699999809265137,8.699999809265137,8.699999809265137,1376.0
2024-10-25 14:02:00+00:00,IMXI,17.549999237060547,17.549999237060547,17.559999465942383,17.549999237060547,17.559999465942383,1757.0
2024-10-25 14:02:00+00:00,INDI,3.509999990463257,3.509999990463257,3.515000104904175,3.509999990463257,3.515000104904175,7483.0
2024-10-25 14:02:00+00:00,INFN,6.769999980926514,6.769999980926514,6.769999980926514,6.769999980926514,6.769999980926514,218.0
2024-10-25 14:02:00+00:00,INOD,20.110000610351562,20.110000610351562,20.139999389648438,20.110000610351562,20.139999389648438,709.0
2024-10-25 14:02:00+00:00,INTA,49.96500015258789,49.96500015258789,49.974998474121094,49.96500015258789,49.974998474121094,1128.0
2024-10-25 14:02:00+00:00,INTC,22.795000076293945,22.795000076293945,22.84000015258789,22.790000915527344,22.825000762939453,135420.0
2024-10-25 14:02:00+00:00,INTU,608.8499755859375,608.8499755859375,609.2050170898438,608.8499755859375,608.97998046875,751.0
2024-10-25 14:02:00+00:00,IPGP,77.02999877929688,77.02999877929688,77.11000061035156,77.02999877929688,77.11000061035156,5488.0
2024-10-25 14:02:00+00:00,ITI,7.199999809265137,7.199999809265137,7.199999809265137,7.199999809265137,7.199999809265137,466.0
2024-10-25 14:02:00+00:00,ITRI,102.45500183105469,102.45500183105469,102.45500183105469,102.45500183105469,102.45500183105469,485.0
2024-10-25 14:02:00+00:00,JAMF,16.729999542236328,16.729999542236328,16.729999542236328,16.729999542236328,16.729999542236328,2127.0
2024-10-25 14:02:00+00:00,JKHY,182.5800018310547,182.5800018310547,182.72000122070312,182.57000732421875,182.57000732421875,1330.0
2024-10-25 14:02:00+00:00,KARO,40.16999816894531,40.16999816894531,40.16999816894531,40.16999816894531,40.16999816894531,200.0
2024-10-25 14:02:00+00:00,KC,2.694999933242798,2.694999933242798,2.694999933242798,2.694999933242798,2.694999933242798,200.0
2024-10-25 14:02:00+00:00,KLAC,675.0499877929688,675.0499877929688,675.3499755859375,674.8474731445312,675.3499755859375,7190.0
2024-10-25 14:02:00+00:00,KLIC,44.31999969482422,44.31999969482422,44.34000015258789,44.31999969482422,44.34000015258789,845.0
2024-10-25 14:02:00+00:00,KOPN,0.7702999711036682,0.7702999711036682,0.7702999711036682,0.7702999711036682,0.7702999711036682,488.0
2024-10-25 14:02:00+00:00,LASR,10.369999885559082,10.369999885559082,10.369999885559082,10.369999885559082,10.369999885559082,942.0
2024-10-25 14:02:00+00:00,LINK,4.7153000831604,4.7153000831604,4.75,4.610000133514404,4.75,6644.0
2024-10-25 14:02:00+00:00,LITE,64.06999969482422,64.06999969482422,64.11499786376953,64.06999969482422,64.06999969482422,982.0
2024-10-25 14:02:00+00:00,LRCX,78.41999816894531,78.41999816894531,78.58999633789062,78.37000274658203,78.56999969482422,22526.0
2024-10-25 14:02:00+00:00,LSCC,54.04999923706055,54.04999923706055,54.150001525878906,54.029998779296875,54.130001068115234,2621.0
2024-10-25 14:02:00+00:00,LYFT,13.710000038146973,13.710000038146973,13.75,13.710000038146973,13.75,28234.0
2024-10-25 14:02:00+00:00,MANH,275.1000061035156,275.1000061035156,275.2300109863281,275.1000061035156,275.2300109863281,1120.0
2024-10-25 14:02:00+00:00,MCHP,76.5,76.5,76.61000061035156,76.5,76.5999984741211,8956.0
2024-10-25 14:02:00+00:00,MDB,266.2699890136719,266.2699890136719,266.2699890136719,266.20001220703125,266.20001220703125,1036.0
2024-10-25 14:02:00+00:00,MITK,8.760000228881836,8.760000228881836,8.770000457763672,8.760000228881836,8.770000457763672,3145.0
2024-10-25 14:02:00+00:00,MKSI,100.97750091552734,100.97750091552734,101.23500061035156,100.97750091552734,101.18499755859375,3592.0
2024-10-25 14:02:00+00:00,MNDY,298.8999938964844,298.8999938964844,298.91009521484375,298.6199951171875,298.91009521484375,2051.0
2024-10-25 14:02:00+00:00,MPWR,911.489990234375,911.489990234375,911.489990234375,911.489990234375,911.489990234375,275.0
2024-10-25 14:02:00+00:00,MQ,5.275000095367432,5.275000095367432,5.284999847412109,5.275000095367432,5.284999847412109,6466.0
2024-10-25 14:02:00+00:00,MRAM,6.260000228881836,6.260000228881836,6.264999866485596,6.260000228881836,6.264999866485596,378.0
2024-10-25 14:02:00+00:00,MRVL,81.74009704589844,81.74009704589844,81.94000244140625,81.74009704589844,81.94000244140625,11364.0
2024-10-25 14:02:00+00:00,MSFT,427.78399658203125,427.78399658203125,428.2300109863281,427.7300109863281,428.1700134277344,19432.0
2024-10-25 14:02:00+00:00,MSTR,230.45799255371094,230.45799255371094,233.0299072265625,230.3000030517578,233.0299072265625,210426.0
2024-10-25 14:02:00+00:00,MTLS,5.925000190734863,5.925000190734863,5.925000190734863,5.925000190734863,5.925000190734863,1322.0
2024-10-25 14:02:00+00:00,MTTR,4.599999904632568,4.599999904632568,4.599999904632568,4.59499979019165,4.599999904632568,1948.0
2024-10-25 14:02:00+00:00,MU,107.9115982055664,107.9115982055664,108.13999938964844,107.90499877929688,108.12999725341797,33105.0
2024-10-25 14:02:00+00:00,MXL,14.774999618530273,14.774999618530273,14.789999961853027,14.760000228881836,14.789999961853027,2525.0
2024-10-25 14:02:00+00:00,NCNO,37.650001525878906,37.650001525878906,37.650001525878906,37.650001525878906,37.650001525878906,731.0
2024-10-25 14:02:00+00:00,NEON,8.149999618530273,8.149999618530273,8.149999618530273,8.149999618530273,8.149999618530273,904.0
2024-10-25 14:02:00+00:00,NNDM,2.3208999633789062,2.3208999633789062,2.32450008392334,2.3208999633789062,2.32450008392334,10017.0
2024-10-25 14:02:00+00:00,NTAP,119.69999694824219,119.69999694824219,119.69999694824219,119.69999694824219,119.69999694824219,1029.0
2024-10-25 14:02:00+00:00,NTCT,20.59000015258789,20.59000015258789,20.59000015258789,20.59000015258789,20.59000015258789,384.0
2024-10-25 14:02:00+00:00,NTGR,20.229999542236328,20.229999542236328,20.229999542236328,20.229999542236328,20.229999542236328,395.0
2024-10-25 14:02:00+00:00,NTNX,62.13999938964844,62.13999938964844,62.13999938964844,62.13999938964844,62.13999938964844,1930.0
2024-10-25 14:02:00+00:00,NVDA,141.58999633789062,141.58999633789062,141.8699951171875,141.53500366210938,141.86700439453125,462472.0
2024-10-25 14:02:00+00:00,NVEI,33.494998931884766,33.494998931884766,33.5,33.494998931884766,33.5,3844.0
2024-10-25 14:02:00+00:00,NVMI,183.5,183.5,183.5,183.5,183.5,406.0
2024-10-25 14:02:00+00:00,NVTS,2.5399999618530273,2.5399999618530273,2.5399999618530273,2.5399999618530273,2.5399999618530273,5364.0
2024-10-25 14:02:00+00:00,NXPI,243.5800018310547,243.5800018310547,243.8000030517578,243.5800018310547,243.7899932861328,2745.0
2024-10-25 14:02:00+00:00,OKTA,71.94000244140625,71.94000244140625,72.08000183105469,71.94000244140625,72.08000183105469,5344.0
2024-10-25 14:02:00+00:00,OLED,202.9600067138672,202.9600067138672,202.9600067138672,202.9600067138672,202.9600067138672,221.0
2024-10-25 14:02:00+00:00,ON,71.40499877929688,71.40499877929688,71.55999755859375,71.4000015258789,71.5250015258789,24267.0
2024-10-25 14:02:00+00:00,OSIS,135.52999877929688,135.52999877929688,135.67999267578125,135.52999877929688,135.67999267578125,1658.0
2024-10-25 14:02:00+00:00,OSS,2.4149999618530273,2.4149999618530273,2.4149999618530273,2.4149999618530273,2.4149999618530273,1474.0
2024-10-25 14:02:00+00:00,PANW,366.6199951171875,366.6199951171875,366.82501220703125,366.6199951171875,366.82501220703125,1283.0
2024-10-25 14:02:00+00:00,PAYO,8.295000076293945,8.295000076293945,8.305000305175781,8.295000076293945,8.305000305175781,4932.0
2024-10-25 14:02:00+00:00,PEGA,79.05500030517578,79.05500030517578,79.08000183105469,79.05500030517578,79.07499694824219,1435.0
2024-10-25 14:02:00+00:00,PEGY,4.914999961853027,4.914999961853027,4.929999828338623,4.820000171661377,4.820000171661377,20923.0
2024-10-25 14:02:00+00:00,PGY,11.744999885559082,11.744999885559082,11.744999885559082,11.744999885559082,11.744999885559082,1624.0
2024-10-25 14:02:00+00:00,PHUN,10.441300392150879,10.441300392150879,10.510000228881836,10.4399995803833,10.500100135803223,31230.0
2024-10-25 14:02:00+00:00,PI,201.5850067138672,201.5850067138672,201.6999969482422,201.58009338378906,201.6999969482422,4459.0
2024-10-25 14:02:00+00:00,PLAB,23.510000228881836,23.510000228881836,23.510000228881836,23.510000228881836,23.510000228881836,909.0
2024-10-25 14:02:00+00:00,PLUS,97.48999786376953,97.48999786376953,97.51000213623047,97.4800033569336,97.5,770.0
2024-10-25 14:02:00+00:00,PLXS,141.32000732421875,141.32000732421875,141.4499969482422,141.32000732421875,141.39999389648438,1647.0
2024-10-25 14:02:00+00:00,POET,3.8399999141693115,3.8399999141693115,3.8399999141693115,3.8399999141693115,3.8399999141693115,712.0
2024-10-25 14:02:00+00:00,POWI,63.5,63.5,63.5,63.47999954223633,63.47999954223633,1077.0
2024-10-25 14:02:00+00:00,PTC,186.24000549316406,186.24000549316406,186.24000549316406,186.09500122070312,186.1199951171875,2847.0
2024-10-25 14:02:00+00:00,PUBM,14.710000038146973,14.710000038146973,14.710000038146973,14.710000038146973,14.710000038146973,519.0
2024-10-25 14:02:00+00:00,PXLW,0.743399977684021,0.743399977684021,0.743399977684021,0.7372999787330627,0.7404999732971191,4616.0
2024-10-25 14:02:00+00:00,QCOM,171.0399932861328,171.0399932861328,171.2949981689453,171.0399932861328,171.2949981689453,7215.0
2024-10-25 14:02:00+00:00,QLYS,120.37000274658203,120.37000274658203,120.37000274658203,120.37000274658203,120.37000274658203,305.0
2024-10-25 14:02:00+00:00,QRVO,99.75,99.75,99.88999938964844,99.75,99.88999938964844,2916.0
2024-10-25 14:02:00+00:00,RCAT,2.744999885559082,2.744999885559082,2.744999885559082,2.744999885559082,2.744999885559082,1516.0
2024-10-25 14:02:00+00:00,REKR,1.0950000286102295,1.0950000286102295,1.0950000286102295,1.0950000286102295,1.0950000286102295,1070.0
2024-10-25 14:02:00+00:00,RELY,14.885000228881836,14.885000228881836,14.885000228881836,14.880000114440918,14.885000228881836,2877.0
2024-10-25 14:02:00+00:00,RGTI,1.2200000286102295,1.2200000286102295,1.2200000286102295,1.215000033378601,1.2200000286102295,37087.0
2024-10-25 14:02:00+00:00,RIOT,9.691499710083008,9.691499710083008,9.779999732971191,9.6899995803833,9.77400016784668,266695.0
2024-10-25 14:02:00+00:00,RMBS,43.19499969482422,43.19499969482422,43.2599983215332,43.16999816894531,43.2599983215332,5687.0
2024-10-25 14:02:00+00:00,RPAY,7.579999923706055,7.579999923706055,7.579999923706055,7.579999923706055,7.579999923706055,505.0
2024-10-25 14:02:00+00:00,RUM,5.755000114440918,5.755000114440918,5.78000020980835,5.755000114440918,5.770899772644043,5290.0
2024-10-25 14:02:00+00:00,RUN,14.3149995803833,14.3149995803833,14.319999694824219,14.3100004196167,14.3100004196167,6484.0
2024-10-25 14:02:00+00:00,RXT,2.490000009536743,2.490000009536743,2.5,2.490000009536743,2.5,9136.0
2024-10-25 14:02:00+00:00,SATS,25.104999542236328,25.104999542236328,25.163999557495117,25.100000381469727,25.163999557495117,2568.0
2024-10-25 14:02:00+00:00,SCSC,44.630001068115234,44.630001068115234,44.630001068115234,44.630001068115234,44.630001068115234,275.0
2024-10-25 14:02:00+00:00,SEDG,15.861800193786621,15.861800193786621,15.90999984741211,15.859999656677246,15.90999984741211,5527.0
2024-10-25 14:02:00+00:00,SHLS,5.244999885559082,5.244999885559082,5.244999885559082,5.239999771118164,5.244999885559082,10938.0
2024-10-25 14:02:00+00:00,SIMO,56.505001068115234,56.505001068115234,56.505001068115234,56.505001068115234,56.505001068115234,135.0
2024-10-25 14:02:00+00:00,SKYT,10.539999961853027,10.539999961853027,10.539999961853027,10.539999961853027,10.539999961853027,459.0
2024-10-25 14:02:00+00:00,SMCI,46.95000076293945,46.95000076293945,47.060001373291016,46.93000030517578,47.060001373291016,86966.0
2024-10-25 14:02:00+00:00,SNPS,501.989990234375,501.989990234375,502.3699951171875,501.989990234375,502.3699951171875,939.0
2024-10-25 14:02:00+00:00,SONO,12.670000076293945,12.670000076293945,12.6899995803833,12.670000076293945,12.6899995803833,4360.0
2024-10-25 14:02:00+00:00,SOUN,5.150000095367432,5.150000095367432,5.158599853515625,5.139999866485596,5.153500080108643,122082.0
2024-10-25 14:02:00+00:00,SPSC,173.3800048828125,173.3800048828125,173.3800048828125,172.60000610351562,172.60000610351562,4436.0
2024-10-25 14:02:00+00:00,SRAD,12.359999656677246,12.359999656677246,12.359999656677246,12.350000381469727,12.354999542236328,784.0
2024-10-25 14:02:00+00:00,SSNC,69.69999694824219,69.69999694824219,69.73999786376953,69.69999694824219,69.73999786376953,2893.0
2024-10-25 14:02:00+00:00,SSTI,11.25,11.25,11.25,11.25,11.25,9.0
2024-10-25 14:02:00+00:00,STER,16.739999771118164,16.739999771118164,16.739999771118164,16.729999542236328,16.735000610351562,6685.0
2024-10-25 14:02:00+00:00,STNE,11.550000190734863,11.550000190734863,11.5600004196167,11.545000076293945,11.555000305175781,26115.0
2024-10-25 14:02:00+00:00,STX,103.36499786376953,103.36499786376953,103.45999908447266,103.3499984741211,103.38999938964844,2696.0
2024-10-25 14:02:00+00:00,SVRE,0.07919999957084656,0.07919999957084656,0.07999999821186066,0.07859999686479568,0.07880000025033951,58977.0
2024-10-25 14:02:00+00:00,SWKS,96.08000183105469,96.08000183105469,96.09500122070312,96.05000305175781,96.09500122070312,18620.0
2024-10-25 14:02:00+00:00,SYNA,72.31999969482422,72.31999969482422,72.31999969482422,72.31999969482422,72.31999969482422,171.0
2024-10-25 14:02:00+00:00,SYTA,1.284999966621399,1.284999966621399,1.2899999618530273,1.284999966621399,1.2899999618530273,2277.0
2024-10-25 14:02:00+00:00,TEAM,188.67999267578125,188.67999267578125,188.75999450683594,188.67999267578125,188.75999450683594,2646.0
2024-10-25 14:02:00+00:00,TENB,41.540000915527344,41.540000915527344,41.540000915527344,41.540000915527344,41.540000915527344,866.0
2024-10-25 14:02:00+00:00,TER,112.45999908447266,112.45999908447266,112.55000305175781,112.44999694824219,112.55000305175781,12787.0
2024-10-25 14:02:00+00:00,TLS,3.5999999046325684,3.5999999046325684,3.5999999046325684,3.5999999046325684,3.5999999046325684,422.0
2024-10-25 14:02:00+00:00,TRMB,60.9900016784668,60.9900016784668,61.0,60.9900016784668,61.0,921.0
2024-10-25 14:02:00+00:00,TSEM,44.77000045776367,44.77000045776367,44.900001525878906,44.77000045776367,44.900001525878906,1268.0
2024-10-25 14:02:00+00:00,TTD,118.33000183105469,118.33000183105469,118.45999908447266,118.33000183105469,118.45999908447266,1619.0
2024-10-25 14:02:00+00:00,TTEC,5.349999904632568,5.349999904632568,5.349999904632568,5.349999904632568,5.349999904632568,734.0
2024-10-25 14:02:00+00:00,TWKS,4.440000057220459,4.440000057220459,4.449999809265137,4.440000057220459,4.440000057220459,13402.0
2024-10-25 14:02:00+00:00,TXN,207.2899932861328,207.2899932861328,207.61000061035156,207.2899932861328,207.61000061035156,8473.0
2024-10-25 14:02:00+00:00,UCTT,35.63999938964844,35.63999938964844,35.63999938964844,35.63999938964844,35.63999938964844,951.0
2024-10-25 14:02:00+00:00,UEIC,8.0600004196167,8.0600004196167,8.0600004196167,8.0600004196167,8.0600004196167,3908.0
2024-10-25 14:02:00+00:00,VECO,29.290000915527344,29.290000915527344,29.290000915527344,29.290000915527344,29.290000915527344,1307.0
2024-10-25 14:02:00+00:00,VERI,3.4000000953674316,3.4000000953674316,3.4000000953674316,3.4000000953674316,3.4000000953674316,110.0
2024-10-25 14:02:00+00:00,VERX,41.599998474121094,41.599998474121094,41.61000061035156,41.599998474121094,41.61000061035156,1348.0
2024-10-25 14:02:00+00:00,VIAV,9.21500015258789,9.21500015258789,9.220000267028809,9.21500015258789,9.220000267028809,1515.0
2024-10-25 14:02:00+00:00,VICR,46.4900016784668,46.4900016784668,46.529998779296875,46.4900016784668,46.529998779296875,1319.0
2024-10-25 14:02:00+00:00,VMEO,4.739999771118164,4.739999771118164,4.739999771118164,4.739999771118164,4.739999771118164,363.0
2024-10-25 14:02:00+00:00,VNET,3.4049999713897705,3.4049999713897705,3.4200000762939453,3.4049999713897705,3.4200000762939453,2946.0
2024-10-25 14:02:00+00:00,VRNS,56.56999969482422,56.56999969482422,56.63999938964844,56.540000915527344,56.61000061035156,3618.0
2024-10-25 14:02:00+00:00,VRNT,21.940000534057617,21.940000534057617,21.969900131225586,21.940000534057617,21.969900131225586,1054.0
2024-10-25 14:02:00+00:00,VRSN,183.69000244140625,183.69000244140625,183.69000244140625,183.61000061035156,183.6199951171875,1712.0
2024-10-25 14:02:00+00:00,VSAT,10.119999885559082,10.119999885559082,10.140000343322754,10.119999885559082,10.140000343322754,2724.0
2024-10-25 14:02:00+00:00,WATT,0.5964000225067139,0.5964000225067139,0.5964000225067139,0.5964000225067139,0.5964000225067139,662.0
2024-10-25 14:02:00+00:00,WDAY,238.6999969482422,238.6999969482422,238.82000732421875,238.6999969482422,238.82000732421875,5999.0
2024-10-25 14:02:00+00:00,WDC,69.87999725341797,69.87999725341797,69.97000122070312,69.86000061035156,69.94999694824219,12423.0
2024-10-25 14:02:00+00:00,WISA,1.9300999641418457,1.9300999641418457,1.940000057220459,1.9299999475479126,1.9299999475479126,6554.0
2024-10-25 14:02:00+00:00,WIX,164.52000427246094,164.52000427246094,164.52000427246094,164.52000427246094,164.52000427246094,1162.0
2024-10-25 14:02:00+00:00,WRAP,1.819100022315979,1.819100022315979,1.819100022315979,1.819100022315979,1.819100022315979,1100.0
2024-10-25 14:02:00+00:00,XELA,1.965000033378601,1.965000033378601,1.965000033378601,1.965000033378601,1.965000033378601,3198.0
2024-10-25 14:02:00+00:00,XPER,9.399999618530273,9.399999618530273,9.414999961853027,9.399999618530273,9.414999961853027,1105.0
2024-10-25 14:02:00+00:00,XRX,9.944999694824219,9.944999694824219,9.949999809265137,9.944999694824219,9.949999809265137,8967.0
2024-10-25 14:02:00+00:00,ZBRA,359.70001220703125,359.70001220703125,359.9200134277344,359.70001220703125,359.9200134277344,1177.0
2024-10-25 14:02:00+00:00,ZI,10.479999542236328,10.479999542236328,10.5,10.479999542236328,10.494999885559082,4923.0
2024-10-25 14:02:00+00:00,ZM,72.69999694824219,72.69999694824219,72.75,72.69999694824219,72.75,2211.0
2024-10-25 14:02:00+00:00,ZS,184.10000610351562,184.10000610351562,184.52499389648438,184.10000610351562,184.4499969482422,4879.0
2024-10-25 14:03:00+00:00,AAOI,17.65999984741211,17.65999984741211,17.65999984741211,17.56999969482422,17.600000381469727,3577.0
2024-10-25 14:03:00+00:00,AAPL,231.4300994873047,231.4300994873047,231.47999572753906,231.13999938964844,231.3820037841797,60426.0
2024-10-25 14:03:00+00:00,ACIW,48.689998626708984,48.689998626708984,48.709999084472656,48.65999984741211,48.685001373291016,1980.0
2024-10-25 14:03:00+00:00,ACLS,89.69999694824219,89.69999694824219,89.69999694824219,89.69999694824219,89.69999694824219,924.0
2024-10-25 14:03:00+00:00,ACMR,19.609899520874023,19.609899520874023,19.610000610351562,19.559999465942383,19.610000610351562,5951.0
2024-10-25 14:03:00+00:00,ADBE,483.643798828125,483.643798828125,483.643798828125,483.25,483.5,3331.0
2024-10-25 14:03:00+00:00,ADI,231.44000244140625,231.44000244140625,231.44000244140625,230.9550018310547,231.17999267578125,9715.0
2024-10-25 14:03:00+00:00,ADSK,285.5199890136719,285.5199890136719,285.5199890136719,285.2699890136719,285.369384765625,1911.0
2024-10-25 14:03:00+00:00,ADTN,6.320000171661377,6.320000171661377,6.320000171661377,6.320000171661377,6.320000171661377,775.0
2024-10-25 14:03:00+00:00,AEHR,16.883699417114258,16.883699417114258,16.883699417114258,16.81410026550293,16.829999923706055,5467.0
2024-10-25 14:03:00+00:00,AEYE,22.420000076293945,22.420000076293945,22.420000076293945,22.364999771118164,22.389999389648438,1766.0
2024-10-25 14:03:00+00:00,AFRM,41.2400016784668,41.2400016784668,41.2400016784668,41.08000183105469,41.13999938964844,13864.0
2024-10-25 14:03:00+00:00,AGYS,110.81999969482422,110.81999969482422,110.81999969482422,110.81999969482422,110.81999969482422,206.0
2024-10-25 14:03:00+00:00,AIP,6.90500020980835,6.90500020980835,6.90500020980835,6.900000095367432,6.9029998779296875,699.0
2024-10-25 14:03:00+00:00,AKAM,102.01000213623047,102.01000213623047,102.01000213623047,101.95999908447266,102.0,5315.0
2024-10-25 14:03:00+00:00,AKTS,0.058800000697374344,0.058800000697374344,0.058800000697374344,0.05860000103712082,0.05860000103712082,55830.0
2024-10-25 14:03:00+00:00,ALGM,22.959999084472656,22.959999084472656,22.959999084472656,22.8799991607666,22.93000030517578,5876.0
2024-10-25 14:03:00+00:00,ALKT,38.0,38.0,38.0,38.0,38.0,1095.0
2024-10-25 14:03:00+00:00,ALRM,54.40999984741211,54.40999984741211,54.40999984741211,54.349998474121094,54.349998474121094,2013.0
2024-10-25 14:03:00+00:00,ALTR,103.55000305175781,103.55000305175781,103.55000305175781,103.44999694824219,103.51000213623047,1309.0
2024-10-25 14:03:00+00:00,AMAT,187.27999877929688,187.27999877929688,187.3300018310547,186.7209930419922,186.92999267578125,39382.0
2024-10-25 14:03:00+00:00,AMBA,57.77000045776367,57.77000045776367,57.77000045776367,57.65999984741211,57.68339920043945,1100.0
2024-10-25 14:03:00+00:00,AMD,156.25799560546875,156.25799560546875,156.30999755859375,155.8834991455078,156.05499267578125,110805.0
2024-10-25 14:03:00+00:00,AMKR,29.93000030517578,29.93000030517578,29.940000534057617,29.889999389648438,29.920000076293945,4783.0
2024-10-25 14:03:00+00:00,ANSS,323.57000732421875,323.57000732421875,323.760009765625,323.3800048828125,323.3800048828125,2162.0
2024-10-25 14:03:00+00:00,ANY,1.0300999879837036,1.0300999879837036,1.0399999618530273,1.0300999879837036,1.0399999618530273,17890.0
2024-10-25 14:03:00+00:00,API,2.869999885559082,2.869999885559082,2.869999885559082,2.869999885559082,2.869999885559082,0.0
2024-10-25 14:03:00+00:00,APP,160.4250030517578,160.4250030517578,160.4499969482422,159.91000366210938,160.19000244140625,12795.0
2024-10-25 14:03:00+00:00,APPF,211.88999938964844,211.88999938964844,211.88999938964844,211.64999389648438,211.64999389648438,2258.0
2024-10-25 14:03:00+00:00,APPN,32.029998779296875,32.029998779296875,32.029998779296875,32.029998779296875,32.029998779296875,248.0
2024-10-25 14:03:00+00:00,APPS,3.059999942779541,3.059999942779541,3.059999942779541,3.059999942779541,3.059999942779541,104.0
2024-10-25 14:03:00+00:00,ARQQ,7.119999885559082,7.119999885559082,7.119999885559082,7.119999885559082,7.119999885559082,818.0
2024-10-25 14:03:00+00:00,ARRY,6.34499979019165,6.34499979019165,6.3460001945495605,6.324999809265137,6.329999923706055,19905.0
2024-10-25 14:03:00+00:00,ASML,713.4500122070312,713.4500122070312,713.469970703125,711.9000244140625,712.2100219726562,7020.0
2024-10-25 14:03:00+00:00,ASUR,9.574999809265137,9.574999809265137,9.574999809265137,9.574999809265137,9.574999809265137,105.0
2024-10-25 14:03:00+00:00,AUR,6.428899765014648,6.428899765014648,6.428899765014648,6.414999961853027,6.427999973297119,14419.0
2024-10-25 14:03:00+00:00,AVDX,8.050000190734863,8.050000190734863,8.0649995803833,8.045000076293945,8.0649995803833,12021.0
2024-10-25 14:03:00+00:00,AVGO,174.0,174.0,174.02000427246094,173.57000732421875,173.74000549316406,28193.0
2024-10-25 14:03:00+00:00,AVNW,20.799999237060547,20.799999237060547,20.799999237060547,20.799999237060547,20.799999237060547,557.0
2024-10-25 14:03:00+00:00,AVPT,11.90999984741211,11.90999984741211,11.90999984741211,11.904999732971191,11.904999732971191,2241.0
2024-10-25 14:03:00+00:00,AVT,53.93000030517578,53.93000030517578,53.93000030517578,53.790000915527344,53.810001373291016,3497.0
2024-10-25 14:03:00+00:00,AZPN,236.5800018310547,236.5800018310547,236.5800018310547,236.5800018310547,236.5800018310547,504.0
2024-10-25 14:03:00+00:00,BASE,16.209999084472656,16.209999084472656,16.209999084472656,16.209999084472656,16.209999084472656,246.0
2024-10-25 14:03:00+00:00,BELFB,79.18000030517578,79.18000030517578,79.18000030517578,79.17500305175781,79.17500305175781,974.0
2024-10-25 14:03:00+00:00,BIGC,5.295000076293945,5.295000076293945,5.295000076293945,5.295000076293945,5.295000076293945,252.0
2024-10-25 14:03:00+00:00,BRZE,30.719999313354492,30.719999313354492,30.719999313354492,30.719999313354492,30.719999313354492,543.0
2024-10-25 14:03:00+00:00,BSY,49.119998931884766,49.119998931884766,49.125,49.08000183105469,49.08000183105469,2469.0
2024-10-25 14:03:00+00:00,CAMT,77.48500061035156,77.48500061035156,77.48500061035156,77.48500061035156,77.48500061035156,572.0
2024-10-25 14:03:00+00:00,CAN,0.9807000160217285,0.9807000160217285,0.9807000160217285,0.9804999828338623,0.9807000160217285,596.0
2024-10-25 14:03:00+00:00,CCSI,20.219999313354492,20.219999313354492,20.219999313354492,20.219999313354492,20.219999313354492,115.0
2024-10-25 14:03:00+00:00,CDNS,257.7300109863281,257.7300109863281,257.7300109863281,257.2950134277344,257.6099853515625,2952.0
2024-10-25 14:03:00+00:00,CDW,218.1699981689453,218.1699981689453,218.25999450683594,217.92999267578125,217.92999267578125,1864.0
2024-10-25 14:03:00+00:00,CFLT,22.559999465942383,22.559999465942383,22.559999465942383,22.520000457763672,22.520000457763672,12544.0
2024-10-25 14:03:00+00:00,CGNX,38.79999923706055,38.79999923706055,38.79999923706055,38.75,38.75,1887.0
2024-10-25 14:03:00+00:00,CHKP,206.47999572753906,206.47999572753906,206.47999572753906,206.47999572753906,206.47999572753906,492.0
2024-10-25 14:03:00+00:00,CLBT,18.172000885009766,18.172000885009766,18.18000030517578,18.172000885009766,18.18000030517578,1316.0
2024-10-25 14:03:00+00:00,CLFD,36.380001068115234,36.380001068115234,36.380001068115234,36.380001068115234,36.380001068115234,149.0
2024-10-25 14:03:00+00:00,CLSK,11.5600004196167,11.5600004196167,11.579999923706055,11.5,11.510000228881836,228507.0
2024-10-25 14:03:00+00:00,CNDT,3.609999895095825,3.609999895095825,3.609999895095825,3.6050000190734863,3.609999895095825,5811.0
2024-10-25 14:03:00+00:00,CNXC,44.22999954223633,44.22999954223633,44.255001068115234,44.22999954223633,44.25,2436.0
2024-10-25 14:03:00+00:00,COHR,95.37000274658203,95.37000274658203,95.37000274658203,95.11000061035156,95.19499969482422,3333.0
2024-10-25 14:03:00+00:00,COHU,25.989999771118164,25.989999771118164,25.989999771118164,25.979999542236328,25.979999542236328,1315.0
2024-10-25 14:03:00+00:00,COIN,206.3249969482422,206.3249969482422,206.41000366210938,204.2899932861328,205.0500030517578,75210.0
2024-10-25 14:03:00+00:00,COMM,6.215000152587891,6.215000152587891,6.215000152587891,6.210000038146973,6.210000038146973,10636.0
2024-10-25 14:03:00+00:00,CORZ,13.28499984741211,13.28499984741211,13.300000190734863,13.199999809265137,13.244999885559082,77920.0
2024-10-25 14:03:00+00:00,CORZW,7.739999771118164,7.739999771118164,7.739999771118164,7.71999979019165,7.71999979019165,2523.0
2024-10-25 14:03:00+00:00,CRCT,6.579999923706055,6.579999923706055,6.579999923706055,6.579999923706055,6.579999923706055,722.0
2024-10-25 14:03:00+00:00,CRDO,39.04999923706055,39.04999923706055,39.04999923706055,38.939998626708984,38.970001220703125,2150.0
2024-10-25 14:03:00+00:00,CREX,4.260000228881836,4.260000228881836,4.324999809265137,4.260000228881836,4.324999809265137,1508.0
2024-10-25 14:03:00+00:00,CRNC,2.9100000858306885,2.9100000858306885,2.9100000858306885,2.9000000953674316,2.9000000953674316,5992.0
2024-10-25 14:03:00+00:00,CRSR,6.309999942779541,6.309999942779541,6.309999942779541,6.300000190734863,6.300000190734863,895.0
2024-10-25 14:03:00+00:00,CRUS,122.29000091552734,122.29000091552734,122.44000244140625,122.23999786376953,122.44000244140625,2871.0
2024-10-25 14:03:00+00:00,CRWD,296.1401062011719,296.1401062011719,296.3699951171875,295.1300048828125,295.5400085449219,31582.0
2024-10-25 14:03:00+00:00,CSCO,55.709999084472656,55.709999084472656,55.720001220703125,55.68000030517578,55.720001220703125,19373.0
2024-10-25 14:03:00+00:00,CSGS,47.380001068115234,47.380001068115234,47.380001068115234,47.380001068115234,47.380001068115234,527.0
2024-10-25 14:03:00+00:00,CSIQ,13.359999656677246,13.359999656677246,13.369999885559082,13.350000381469727,13.359999656677246,10767.0
2024-10-25 14:03:00+00:00,CTLP,8.859999656677246,8.859999656677246,8.859999656677246,8.859999656677246,8.859999656677246,1087.0
2024-10-25 14:03:00+00:00,CTSH,74.75,74.75,74.75,74.69000244140625,74.73999786376953,4503.0
2024-10-25 14:03:00+00:00,CVLT,133.97999572753906,133.97999572753906,133.97999572753906,133.97999572753906,133.97999572753906,744.0
2024-10-25 14:03:00+00:00,CYBR,289.489990234375,289.489990234375,289.489990234375,289.1600036621094,289.1600036621094,1170.0
2024-10-25 14:03:00+00:00,DAKT,12.979999542236328,12.979999542236328,12.979999542236328,12.979999542236328,12.979999542236328,727.0
2024-10-25 14:03:00+00:00,DAVE,38.7400016784668,38.7400016784668,38.76499938964844,38.7400016784668,38.76499938964844,489.0
2024-10-25 14:03:00+00:00,DBX,25.891000747680664,25.891000747680664,25.895000457763672,25.860000610351562,25.860000610351562,12363.0
2024-10-25 14:03:00+00:00,DDOG,126.38999938964844,126.38999938964844,126.38999938964844,126.20999908447266,126.2249984741211,3589.0
2024-10-25 14:03:00+00:00,DIOD,65.48999786376953,65.48999786376953,65.48999786376953,65.38999938964844,65.38999938964844,712.0
2024-10-25 14:03:00+00:00,DLO,8.859999656677246,8.859999656677246,8.864999771118164,8.859999656677246,8.864999771118164,582.0
2024-10-25 14:03:00+00:00,DMRC,31.010000228881836,31.010000228881836,31.010000228881836,31.0,31.0,2236.0
2024-10-25 14:03:00+00:00,DOCU,69.00499725341797,69.00499725341797,69.00499725341797,68.94750213623047,68.94989776611328,10111.0
2024-10-25 14:03:00+00:00,DOX,89.16999816894531,89.16999816894531,89.16999816894531,89.16999816894531,89.16999816894531,203.0
2024-10-25 14:03:00+00:00,DSGX,103.69999694824219,103.69999694824219,103.69999694824219,103.69000244140625,103.69000244140625,455.0
2024-10-25 14:03:00+00:00,DSP,11.449999809265137,11.449999809265137,11.449999809265137,11.449999809265137,11.449999809265137,650.0
2024-10-25 14:03:00+00:00,DUOL,287.3599853515625,287.3599853515625,287.7900085449219,287.3599853515625,287.7900085449219,982.0
2024-10-25 14:03:00+00:00,EEFT,99.33999633789062,99.33999633789062,99.33999633789062,99.23999786376953,99.29000091552734,1276.0
2024-10-25 14:03:00+00:00,ENPH,83.1500015258789,83.1500015258789,83.1500015258789,82.9000015258789,83.08499908447266,4233.0
2024-10-25 14:03:00+00:00,ENTG,104.63999938964844,104.63999938964844,104.63999938964844,104.44000244140625,104.44999694824219,3992.0
2024-10-25 14:03:00+00:00,ERIC,8.454999923706055,8.454999923706055,8.456000328063965,8.449999809265137,8.449999809265137,27523.0
2024-10-25 14:03:00+00:00,EVCM,10.449999809265137,10.449999809265137,10.449999809265137,10.449999809265137,10.449999809265137,343.0
2024-10-25 14:03:00+00:00,EXFY,1.725000023841858,1.725000023841858,1.725000023841858,1.7200000286102295,1.725000023841858,7126.0
2024-10-25 14:03:00+00:00,EXLS,38.689998626708984,38.689998626708984,38.689998626708984,38.66999816894531,38.68000030517578,1902.0
2024-10-25 14:03:00+00:00,EXTR,14.329999923706055,14.329999923706055,14.329999923706055,14.324999809265137,14.329999923706055,1699.0
2024-10-25 14:03:00+00:00,FFIV,215.72999572753906,215.72999572753906,215.72999572753906,215.58999633789062,215.7100067138672,2913.0
2024-10-25 14:03:00+00:00,FIVN,29.8700008392334,29.8700008392334,29.8700008392334,29.850000381469727,29.850000381469727,2822.0
2024-10-25 14:03:00+00:00,FLEX,35.119998931884766,35.119998931884766,35.119998931884766,35.084999084472656,35.084999084472656,7996.0
2024-10-25 14:03:00+00:00,FLYW,17.309999465942383,17.309999465942383,17.31999969482422,17.309999465942383,17.31999969482422,2262.0
2024-10-25 14:03:00+00:00,FORM,44.755001068115234,44.755001068115234,44.755001068115234,44.65999984741211,44.65999984741211,1990.0
2024-10-25 14:03:00+00:00,FROG,29.149999618530273,29.149999618530273,29.168899536132812,29.149999618530273,29.168899536132812,4420.0
2024-10-25 14:03:00+00:00,FRSH,11.604999542236328,11.604999542236328,11.609999656677246,11.604999542236328,11.609999656677246,5822.0
2024-10-25 14:03:00+00:00,FSLR,198.60989379882812,198.60989379882812,198.60989379882812,198.24000549316406,198.38999938964844,4663.0
2024-10-25 14:03:00+00:00,FTCI,0.6500999927520752,0.6500999927520752,0.6500999927520752,0.6500999927520752,0.6500999927520752,200.0
2024-10-25 14:03:00+00:00,FTFT,0.335999995470047,0.335999995470047,0.335999995470047,0.335999995470047,0.335999995470047,710.0
2024-10-25 14:03:00+00:00,FTNT,80.5199966430664,80.5199966430664,80.54000091552734,80.47000122070312,80.5,5400.0
2024-10-25 14:03:00+00:00,GCT,24.649999618530273,24.649999618530273,24.649999618530273,24.600000381469727,24.600000381469727,2315.0
2024-10-25 14:03:00+00:00,GDS,21.315000534057617,21.315000534057617,21.315000534057617,21.315000534057617,21.315000534057617,464.0
2024-10-25 14:03:00+00:00,GDYN,15.510000228881836,15.510000228881836,15.510000228881836,15.5,15.510000228881836,2567.0
2024-10-25 14:03:00+00:00,GFS,40.709999084472656,40.709999084472656,40.72999954223633,40.689998626708984,40.70000076293945,2193.0
2024-10-25 14:03:00+00:00,GILT,4.920000076293945,4.920000076293945,4.920000076293945,4.914999961853027,4.914999961853027,1127.0
2024-10-25 14:03:00+00:00,GPRO,1.315000057220459,1.315000057220459,1.315000057220459,1.315000057220459,1.315000057220459,1289.0
2024-10-25 14:03:00+00:00,GRAB,4.085000038146973,4.085000038146973,4.09499979019165,4.079999923706055,4.09499979019165,359406.0
2024-10-25 14:03:00+00:00,GRRR,4.4770002365112305,4.4770002365112305,4.505000114440918,4.4770002365112305,4.505000114440918,5716.0
2024-10-25 14:03:00+00:00,GSIT,3.434999942779541,3.434999942779541,3.434999942779541,3.434999942779541,3.434999942779541,450.0
2024-10-25 14:03:00+00:00,GTLB,55.2400016784668,55.2400016784668,55.2400016784668,55.165000915527344,55.165000915527344,1460.0
2024-10-25 14:03:00+00:00,HCP,33.665000915527344,33.665000915527344,33.66999816894531,33.665000915527344,33.665000915527344,3205.0
2024-10-25 14:03:00+00:00,HIMX,6.159999847412109,6.159999847412109,6.159999847412109,6.159999847412109,6.159999847412109,3967.0
2024-10-25 14:03:00+00:00,HLIT,14.739999771118164,14.739999771118164,14.739999771118164,14.734999656677246,14.739999771118164,2553.0
2024-10-25 14:03:00+00:00,HOLO,3.5999999046325684,3.5999999046325684,3.5999999046325684,3.5899999141693115,3.5899999141693115,1729.0
2024-10-25 14:03:00+00:00,HOOD,27.049999237060547,27.049999237060547,27.06999969482422,26.959999084472656,27.0,74183.0
2024-10-25 14:03:00+00:00,III,3.0399999618530273,3.0399999618530273,3.0399999618530273,3.0399999618530273,3.0399999618530273,813.0
2024-10-25 14:03:00+00:00,IMMR,8.710000038146973,8.710000038146973,8.710000038146973,8.704999923706055,8.704999923706055,1638.0
2024-10-25 14:03:00+00:00,INDI,3.505000114440918,3.505000114440918,3.509999990463257,3.5,3.505000114440918,2122.0
2024-10-25 14:03:00+00:00,INFN,6.769999980926514,6.769999980926514,6.769999980926514,6.769999980926514,6.769999980926514,12314.0
2024-10-25 14:03:00+00:00,INOD,20.082599639892578,20.082599639892578,20.082599639892578,20.082599639892578,20.082599639892578,1008.0
2024-10-25 14:03:00+00:00,INTA,49.959999084472656,49.959999084472656,49.959999084472656,49.959999084472656,49.959999084472656,718.0
2024-10-25 14:03:00+00:00,INTC,22.822999954223633,22.822999954223633,22.829999923706055,22.760000228881836,22.795000076293945,149335.0
2024-10-25 14:03:00+00:00,INTU,608.510009765625,608.510009765625,608.510009765625,607.9000244140625,608.3099975585938,5884.0
2024-10-25 14:03:00+00:00,IPGP,77.01499938964844,77.01499938964844,77.01499938964844,76.91999816894531,76.91999816894531,531.0
2024-10-25 14:03:00+00:00,ITRI,102.6050033569336,102.6050033569336,102.6050033569336,102.45500183105469,102.45500183105469,1298.0
2024-10-25 14:03:00+00:00,JAMF,16.709999084472656,16.709999084472656,16.709999084472656,16.709999084472656,16.709999084472656,623.0
2024-10-25 14:03:00+00:00,JG,7.300000190734863,7.300000190734863,7.300000190734863,7.300000190734863,7.300000190734863,301.0
2024-10-25 14:03:00+00:00,JKHY,182.3800048828125,182.3800048828125,182.3800048828125,182.3800048828125,182.3800048828125,505.0
2024-10-25 14:03:00+00:00,KC,2.690000057220459,2.690000057220459,2.694999933242798,2.690000057220459,2.690000057220459,4967.0
2024-10-25 14:03:00+00:00,KLAC,675.530029296875,675.530029296875,675.530029296875,674.1599731445312,674.719970703125,11520.0
2024-10-25 14:03:00+00:00,KLIC,44.27000045776367,44.27000045776367,44.279998779296875,44.27000045776367,44.279998779296875,1291.0
2024-10-25 14:03:00+00:00,KOPN,0.7699999809265137,0.7699999809265137,0.7699999809265137,0.7699999809265137,0.7699999809265137,2247.0
2024-10-25 14:03:00+00:00,KOSS,7.300000190734863,7.300000190734863,7.300000190734863,7.300000190734863,7.300000190734863,431.0
2024-10-25 14:03:00+00:00,LINK,4.620100021362305,4.620100021362305,4.620100021362305,4.620100021362305,4.620100021362305,312.0
2024-10-25 14:03:00+00:00,LITE,64.02999877929688,64.02999877929688,64.02999877929688,63.849998474121094,63.849998474121094,2370.0
2024-10-25 14:03:00+00:00,LOGI,80.61000061035156,80.61000061035156,80.61000061035156,80.58999633789062,80.5999984741211,763.0
2024-10-25 14:03:00+00:00,LPSN,1.149999976158142,1.149999976158142,1.159999966621399,1.1399999856948853,1.159999966621399,121674.0
2024-10-25 14:03:00+00:00,LRCX,78.51499938964844,78.51499938964844,78.5199966430664,78.28579711914062,78.39949798583984,25932.0
2024-10-25 14:03:00+00:00,LSCC,54.130001068115234,54.130001068115234,54.130001068115234,53.959999084472656,54.049598693847656,4168.0
2024-10-25 14:03:00+00:00,LTRX,4.059999942779541,4.059999942779541,4.059999942779541,4.059999942779541,4.059999942779541,808.0
2024-10-25 14:03:00+00:00,LYFT,13.710000038146973,13.710000038146973,13.710000038146973,13.6850004196167,13.710000038146973,39774.0
2024-10-25 14:03:00+00:00,MANH,274.70001220703125,274.70001220703125,274.70001220703125,274.70001220703125,274.70001220703125,886.0
2024-10-25 14:03:00+00:00,MAPS,0.8465999960899353,0.8465999960899353,0.8465999960899353,0.8465999960899353,0.8465999960899353,1008.0
2024-10-25 14:03:00+00:00,MCHP,76.56999969482422,76.56999969482422,76.56999969482422,76.41999816894531,76.43000030517578,5517.0
2024-10-25 14:03:00+00:00,MDB,266.6860046386719,266.6860046386719,266.6860046386719,265.70001220703125,265.80999755859375,2291.0
2024-10-25 14:03:00+00:00,MKSI,101.04000091552734,101.04000091552734,101.04000091552734,100.87999725341797,100.95249938964844,4023.0
2024-10-25 14:03:00+00:00,MNDY,298.9649963378906,298.9649963378906,298.9649963378906,298.5249938964844,298.5249938964844,1493.0
2024-10-25 14:03:00+00:00,MPWR,912.16748046875,912.16748046875,912.2399291992188,911.0800170898438,912.2399291992188,2512.0
2024-10-25 14:03:00+00:00,MQ,5.275000095367432,5.275000095367432,5.28000020980835,5.269999980926514,5.275000095367432,30784.0
2024-10-25 14:03:00+00:00,MRAM,6.269999980926514,6.269999980926514,6.269999980926514,6.260000228881836,6.260000228881836,2600.0
2024-10-25 14:03:00+00:00,MRVL,81.87000274658203,81.87000274658203,81.88999938964844,81.6500015258789,81.76000213623047,18738.0
2024-10-25 14:03:00+00:00,MSFT,427.9200134277344,427.9200134277344,427.9200134277344,427.3399963378906,427.7799987792969,24672.0
2024-10-25 14:03:00+00:00,MSTR,232.3000030517578,232.3000030517578,232.44000244140625,229.5601043701172,230.47000122070312,202712.0
2024-10-25 14:03:00+00:00,MTSI,120.0199966430664,120.0199966430664,120.0199966430664,119.9000015258789,119.90499877929688,2657.0
2024-10-25 14:03:00+00:00,MTTR,4.59499979019165,4.59499979019165,4.599999904632568,4.59499979019165,4.59499979019165,3642.0
2024-10-25 14:03:00+00:00,MU,108.06999969482422,108.06999969482422,108.0999984741211,107.73999786376953,107.8949966430664,45970.0
2024-10-25 14:03:00+00:00,MVIS,1.0750000476837158,1.0750000476837158,1.0750000476837158,1.0750000476837158,1.0750000476837158,941.0
2024-10-25 14:03:00+00:00,MXL,14.800000190734863,14.800000190734863,14.800000190734863,14.760000228881836,14.760000228881836,3682.0
2024-10-25 14:03:00+00:00,NCNO,37.650001525878906,37.650001525878906,37.650001525878906,37.650001525878906,37.650001525878906,1216.0
2024-10-25 14:03:00+00:00,NICE,175.0850067138672,175.0850067138672,175.1999969482422,174.99000549316406,175.1999969482422,1728.0
2024-10-25 14:03:00+00:00,NNDM,2.319999933242798,2.319999933242798,2.319999933242798,2.319999933242798,2.319999933242798,3384.0
2024-10-25 14:03:00+00:00,NTAP,119.66000366210938,119.66000366210938,119.66000366210938,119.58999633789062,119.65499877929688,4407.0
2024-10-25 14:03:00+00:00,NTCT,20.56999969482422,20.56999969482422,20.579999923706055,20.559999465942383,20.579999923706055,2114.0
2024-10-25 14:03:00+00:00,NTGR,20.21500015258789,20.21500015258789,20.21500015258789,20.21500015258789,20.21500015258789,1946.0
2024-10-25 14:03:00+00:00,NTNX,62.04999923706055,62.04999923706055,62.04999923706055,61.939998626708984,61.939998626708984,2220.0
2024-10-25 14:03:00+00:00,NVDA,141.76780700683594,141.76780700683594,141.80999755859375,141.39999389648438,141.5800018310547,835429.0
2024-10-25 14:03:00+00:00,NVEI,33.497501373291016,33.497501373291016,33.497501373291016,33.494998931884766,33.494998931884766,734.0
2024-10-25 14:03:00+00:00,NVMI,183.2449951171875,183.2449951171875,183.25999450683594,183.2449951171875,183.25999450683594,554.0
2024-10-25 14:03:00+00:00,NVTS,2.5399999618530273,2.5399999618530273,2.5399999618530273,2.5350000858306885,2.5350000858306885,407.0
2024-10-25 14:03:00+00:00,NXPI,243.6199951171875,243.6199951171875,243.63999938964844,243.125,243.3000030517578,4269.0
2024-10-25 14:03:00+00:00,OKTA,72.0199966430664,72.0199966430664,72.0199966430664,71.9000015258789,71.91000366210938,9327.0
2024-10-25 14:03:00+00:00,OLED,203.1699981689453,203.1699981689453,203.1699981689453,202.89500427246094,202.89500427246094,1382.0
2024-10-25 14:03:00+00:00,ON,71.4800033569336,71.4800033569336,71.4800033569336,71.29000091552734,71.4000015258789,32006.0
2024-10-25 14:03:00+00:00,OSIS,135.33999633789062,135.33999633789062,135.33999633789062,135.33999633789062,135.33999633789062,382.0
2024-10-25 14:03:00+00:00,OSPN,14.489999771118164,14.489999771118164,14.489999771118164,14.489999771118164,14.489999771118164,639.0
2024-10-25 14:03:00+00:00,OTEX,33.209999084472656,33.209999084472656,33.209999084472656,33.209999084472656,33.209999084472656,638.0
2024-10-25 14:03:00+00:00,PANW,366.5400085449219,366.5400085449219,366.5799865722656,366.0299987792969,366.0299987792969,1921.0
2024-10-25 14:03:00+00:00,PAYO,8.305000305175781,8.305000305175781,8.305000305175781,8.295000076293945,8.295000076293945,50930.0
2024-10-25 14:03:00+00:00,PAYS,3.7300000190734863,3.7300000190734863,3.7300000190734863,3.7200000286102295,3.7300000190734863,1870.0
2024-10-25 14:03:00+00:00,PDFS,29.100000381469727,29.100000381469727,29.100000381469727,29.100000381469727,29.100000381469727,335.0
2024-10-25 14:03:00+00:00,PEGA,79.11000061035156,79.11000061035156,79.16000366210938,79.08999633789062,79.08999633789062,3409.0
2024-10-25 14:03:00+00:00,PEGY,4.909999847412109,4.909999847412109,4.922900199890137,4.883299827575684,4.883299827575684,1991.0
2024-10-25 14:03:00+00:00,PGY,11.729999542236328,11.729999542236328,11.739999771118164,11.699999809265137,11.699999809265137,1383.0
2024-10-25 14:03:00+00:00,PHUN,10.310199737548828,10.310199737548828,10.4350004196167,10.270000457763672,10.430000305175781,89613.0
2024-10-25 14:03:00+00:00,PI,201.28500366210938,201.28500366210938,201.58999633789062,201.13999938964844,201.5800018310547,18685.0
2024-10-25 14:03:00+00:00,PLAB,23.479999542236328,23.479999542236328,23.479999542236328,23.479999542236328,23.479999542236328,678.0
2024-10-25 14:03:00+00:00,PLUS,97.42500305175781,97.42500305175781,97.4800033569336,97.42500305175781,97.4800033569336,584.0
2024-10-25 14:03:00+00:00,PLXS,141.39999389648438,141.39999389648438,141.39999389648438,141.39999389648438,141.39999389648438,299.0
2024-10-25 14:03:00+00:00,POET,3.8299999237060547,3.8299999237060547,3.8299999237060547,3.8299999237060547,3.8299999237060547,670.0
2024-10-25 14:03:00+00:00,POWI,63.43000030517578,63.43000030517578,63.43000030517578,63.43000030517578,63.43000030517578,1064.0
2024-10-25 14:03:00+00:00,PRCH,1.3049999475479126,1.3049999475479126,1.3049999475479126,1.3049999475479126,1.3049999475479126,697.0
2024-10-25 14:03:00+00:00,PRTH,5.28000020980835,5.28000020980835,5.28000020980835,5.25,5.25,19137.0
2024-10-25 14:03:00+00:00,PTC,186.05999755859375,186.05999755859375,186.2100067138672,185.9550018310547,186.0,2777.0
2024-10-25 14:03:00+00:00,PUBM,14.706899642944336,14.706899642944336,14.706899642944336,14.660499572753906,14.660499572753906,3521.0
2024-10-25 14:03:00+00:00,PYCR,14.255000114440918,14.255000114440918,14.279999732971191,14.255000114440918,14.279999732971191,2233.0
2024-10-25 14:03:00+00:00,QCOM,171.22560119628906,171.22560119628906,171.22560119628906,170.8300018310547,171.00999450683594,10698.0
2024-10-25 14:03:00+00:00,QLYS,120.33499908447266,120.33499908447266,120.33499908447266,120.18000030517578,120.19000244140625,1959.0
2024-10-25 14:03:00+00:00,QRVO,99.83000183105469,99.83000183105469,99.83000183105469,99.66000366210938,99.73999786376953,12390.0
2024-10-25 14:03:00+00:00,QUBT,1.0700000524520874,1.0700000524520874,1.0850000381469727,1.0700000524520874,1.0850000381469727,43498.0
2024-10-25 14:03:00+00:00,QUIK,8.604999542236328,8.604999542236328,8.604999542236328,8.604999542236328,8.604999542236328,137.0
2024-10-25 14:03:00+00:00,RCAT,2.744999885559082,2.744999885559082,2.744999885559082,2.744999885559082,2.744999885559082,1921.0
2024-10-25 14:03:00+00:00,RDWR,22.209999084472656,22.209999084472656,22.209999084472656,22.209999084472656,22.209999084472656,466.0
2024-10-25 14:03:00+00:00,REKR,1.090000033378601,1.090000033378601,1.0950000286102295,1.090000033378601,1.0950000286102295,7226.0
2024-10-25 14:03:00+00:00,RELY,14.869999885559082,14.869999885559082,14.875,14.869999885559082,14.875,1937.0
2024-10-25 14:03:00+00:00,RGTI,1.2200000286102295,1.2200000286102295,1.2200000286102295,1.2100000381469727,1.2100000381469727,16753.0
2024-10-25 14:03:00+00:00,RIOT,9.729900360107422,9.729900360107422,9.737500190734863,9.65999984741211,9.691200256347656,155467.0
2024-10-25 14:03:00+00:00,RMBS,43.25,43.25,43.25,43.150001525878906,43.189998626708984,7830.0
2024-10-25 14:03:00+00:00,RPAY,7.579999923706055,7.579999923706055,7.579999923706055,7.574999809265137,7.579999923706055,1827.0
2024-10-25 14:03:00+00:00,RPD,38.494998931884766,38.494998931884766,38.494998931884766,38.494998931884766,38.494998931884766,1064.0
2024-10-25 14:03:00+00:00,RSSS,2.6549999713897705,2.6549999713897705,2.6549999713897705,2.6549999713897705,2.6549999713897705,606.0
2024-10-25 14:03:00+00:00,RUM,5.750999927520752,5.750999927520752,5.755000114440918,5.75,5.755000114440918,7434.0
2024-10-25 14:03:00+00:00,RUN,14.319999694824219,14.319999694824219,14.319999694824219,14.295000076293945,14.3100004196167,9139.0
2024-10-25 14:03:00+00:00,RXT,2.484999895095825,2.484999895095825,2.484999895095825,2.484999895095825,2.484999895095825,200.0
2024-10-25 14:03:00+00:00,SANM,67.37999725341797,67.37999725341797,67.37999725341797,67.27999877929688,67.30500030517578,1992.0
2024-10-25 14:03:00+00:00,SATS,25.1299991607666,25.1299991607666,25.1299991607666,25.09000015258789,25.09000015258789,2660.0
2024-10-25 14:03:00+00:00,SCSC,44.619998931884766,44.619998931884766,44.619998931884766,44.59000015258789,44.619998931884766,2099.0
2024-10-25 14:03:00+00:00,SEDG,15.869999885559082,15.869999885559082,15.869999885559082,15.829999923706055,15.859999656677246,9924.0
2024-10-25 14:03:00+00:00,SHLS,5.239999771118164,5.239999771118164,5.239999771118164,5.235000133514404,5.239999771118164,6575.0
2024-10-25 14:03:00+00:00,SIMO,56.5099983215332,56.5099983215332,56.5099983215332,56.505001068115234,56.505001068115234,770.0
2024-10-25 14:03:00+00:00,SKYT,10.53499984741211,10.53499984741211,10.53499984741211,10.53499984741211,10.53499984741211,620.0
2024-10-25 14:03:00+00:00,SMCI,47.04999923706055,47.04999923706055,47.05950164794922,46.900001525878906,46.94499969482422,62503.0
2024-10-25 14:03:00+00:00,SMTC,45.61000061035156,45.61000061035156,45.61000061035156,45.4900016784668,45.54999923706055,1973.0
2024-10-25 14:03:00+00:00,SNPS,502.32000732421875,502.32000732421875,502.32000732421875,501.29998779296875,501.5400085449219,1803.0
2024-10-25 14:03:00+00:00,SONO,12.670000076293945,12.670000076293945,12.670000076293945,12.670000076293945,12.670000076293945,346.0
2024-10-25 14:03:00+00:00,SOUN,5.160099983215332,5.160099983215332,5.170000076293945,5.139999866485596,5.139999866485596,104733.0
2024-10-25 14:03:00+00:00,SPNS,36.36000061035156,36.36000061035156,36.36000061035156,36.36000061035156,36.36000061035156,765.0
2024-10-25 14:03:00+00:00,SPT,26.760000228881836,26.760000228881836,26.760000228881836,26.760000228881836,26.760000228881836,863.0
2024-10-25 14:03:00+00:00,SRAD,12.354999542236328,12.354999542236328,12.354999542236328,12.354999542236328,12.354999542236328,601.0
2024-10-25 14:03:00+00:00,SSNC,69.70500183105469,69.70500183105469,69.70999908447266,69.69999694824219,69.69999694824219,4520.0
2024-10-25 14:03:00+00:00,SSYS,7.03000020980835,7.03000020980835,7.03000020980835,7.03000020980835,7.03000020980835,1014.0
2024-10-25 14:03:00+00:00,STNE,11.550000190734863,11.550000190734863,11.550000190734863,11.529999732971191,11.539999961853027,5598.0
2024-10-25 14:03:00+00:00,STX,103.38999938964844,103.38999938964844,103.38999938964844,103.26000213623047,103.29000091552734,2758.0
2024-10-25 14:03:00+00:00,SVRE,0.07810000330209732,0.07810000330209732,0.07829999923706055,0.07810000330209732,0.07829999923706055,2684.0
2024-10-25 14:03:00+00:00,SWKS,96.03500366210938,96.03500366210938,96.03500366210938,95.91000366210938,95.9749984741211,2874.0
2024-10-25 14:03:00+00:00,SYNA,72.31999969482422,72.31999969482422,72.38999938964844,72.22000122070312,72.23999786376953,1123.0
2024-10-25 14:03:00+00:00,SYTA,1.2799999713897705,1.2799999713897705,1.2799999713897705,1.2799999713897705,1.2799999713897705,225.0
2024-10-25 14:03:00+00:00,TACT,4.170000076293945,4.170000076293945,4.170000076293945,4.170000076293945,4.170000076293945,652.0
2024-10-25 14:03:00+00:00,TEAM,188.6999969482422,188.6999969482422,188.6999969482422,188.22999572753906,188.32000732421875,6591.0
2024-10-25 14:03:00+00:00,TENB,41.54999923706055,41.54999923706055,41.54999923706055,41.5,41.51499938964844,2945.0
2024-10-25 14:03:00+00:00,TER,112.48999786376953,112.48999786376953,112.48999786376953,112.33999633789062,112.41500091552734,8319.0
2024-10-25 14:03:00+00:00,TLS,3.5950000286102295,3.5950000286102295,3.5950000286102295,3.5950000286102295,3.5950000286102295,753.0
2024-10-25 14:03:00+00:00,TRMB,60.939998626708984,60.939998626708984,60.95000076293945,60.91999816894531,60.95000076293945,3166.0
2024-10-25 14:03:00+00:00,TTD,118.34359741210938,118.34359741210938,118.34359741210938,118.20999908447266,118.20999908447266,4706.0
2024-10-25 14:03:00+00:00,TTEC,5.340000152587891,5.340000152587891,5.340000152587891,5.340000152587891,5.340000152587891,259.0
2024-10-25 14:03:00+00:00,TTMI,19.549999237060547,19.549999237060547,19.549999237060547,19.53499984741211,19.53499984741211,1887.0
2024-10-25 14:03:00+00:00,TWKS,4.440000057220459,4.440000057220459,4.445000171661377,4.440000057220459,4.445000171661377,128149.0
2024-10-25 14:03:00+00:00,TXN,207.49000549316406,207.49000549316406,207.49000549316406,207.0500030517578,207.30999755859375,10270.0
2024-10-25 14:03:00+00:00,UCTT,35.540000915527344,35.540000915527344,35.560001373291016,35.529998779296875,35.560001373291016,2363.0
2024-10-25 14:03:00+00:00,UEIC,8.039999961853027,8.039999961853027,8.039999961853027,8.039999961853027,8.039999961853027,200.0
2024-10-25 14:03:00+00:00,UPLD,2.125499963760376,2.125499963760376,2.125499963760376,2.124000072479248,2.125200033187866,435.0
2024-10-25 14:03:00+00:00,VECO,29.295000076293945,29.295000076293945,29.295000076293945,29.25,29.260000228881836,4762.0
2024-10-25 14:03:00+00:00,VERI,3.390000104904175,3.390000104904175,3.390000104904175,3.390000104904175,3.390000104904175,177.0
2024-10-25 14:03:00+00:00,VERX,41.619998931884766,41.619998931884766,41.619998931884766,41.595001220703125,41.599998474121094,1068.0
2024-10-25 14:03:00+00:00,VIAV,9.21500015258789,9.21500015258789,9.220000267028809,9.210000038146973,9.220000267028809,1735.0
2024-10-25 14:03:00+00:00,VICR,46.41999816894531,46.41999816894531,46.47999954223633,46.41999816894531,46.43000030517578,2068.0
2024-10-25 14:03:00+00:00,VNET,3.4049999713897705,3.4049999713897705,3.4149999618530273,3.4000000953674316,3.4049999713897705,19447.0
2024-10-25 14:03:00+00:00,VRNS,56.65999984741211,56.65999984741211,56.65999984741211,56.54999923706055,56.57500076293945,4792.0
2024-10-25 14:03:00+00:00,VRNT,21.920000076293945,21.920000076293945,21.939899444580078,21.920000076293945,21.939899444580078,860.0
2024-10-25 14:03:00+00:00,VRSN,183.49000549316406,183.49000549316406,183.49000549316406,183.49000549316406,183.49000549316406,670.0
2024-10-25 14:03:00+00:00,VSAT,10.135000228881836,10.135000228881836,10.135000228881836,10.109999656677246,10.109999656677246,3143.0
2024-10-25 14:03:00+00:00,VUZI,1.2999999523162842,1.2999999523162842,1.309999942779541,1.2999999523162842,1.309999942779541,20740.0
2024-10-25 14:03:00+00:00,WDAY,238.75,238.75,238.75,238.58999633789062,238.58999633789062,2305.0
2024-10-25 14:03:00+00:00,WDC,69.91000366210938,69.91000366210938,69.91000366210938,69.68399810791016,69.91000366210938,69343.0
2024-10-25 14:03:00+00:00,WISA,1.9600000381469727,1.9600000381469727,1.9600000381469727,1.9500000476837158,1.9500000476837158,11865.0
2024-10-25 14:03:00+00:00,XPER,9.380000114440918,9.380000114440918,9.380000114440918,9.380000114440918,9.380000114440918,492.0
2024-10-25 14:03:00+00:00,XRX,9.9399995803833,9.9399995803833,9.9399995803833,9.9350004196167,9.9399995803833,2520.0
2024-10-25 14:03:00+00:00,ZBRA,359.6000061035156,359.6000061035156,359.6050109863281,359.3699951171875,359.55999755859375,2876.0
2024-10-25 14:03:00+00:00,ZI,10.479999542236328,10.479999542236328,10.479999542236328,10.475000381469727,10.475000381469727,2168.0
2024-10-25 14:03:00+00:00,ZM,72.77989959716797,72.77989959716797,72.77989959716797,72.67009735107422,72.67009735107422,3616.0
2024-10-25 14:03:00+00:00,ZS,184.35000610351562,184.35000610351562,184.35000610351562,183.94000244140625,184.05499267578125,2477.0
2024-10-25 14:04:00+00:00,AAPL,231.5500030517578,231.5500030517578,231.55999755859375,231.41000366210938,231.4199981689453,32439.0
2024-10-25 14:04:00+00:00,ACMR,19.62070083618164,19.62070083618164,19.62070083618164,19.62070083618164,19.62070083618164,530.0
2024-10-25 14:04:00+00:00,ADBE,484.4100036621094,484.4100036621094,484.4200134277344,483.8999938964844,483.8999938964844,2185.0
2024-10-25 14:04:00+00:00,ADI,231.30999755859375,231.30999755859375,231.47000122070312,231.30999755859375,231.38499450683594,9911.0
2024-10-25 14:04:00+00:00,ADSK,285.5249938964844,285.5249938964844,285.5249938964844,285.5249938964844,285.5249938964844,987.0
2024-10-25 14:04:00+00:00,AEHR,16.889999389648438,16.889999389648438,16.889999389648438,16.889999389648438,16.889999389648438,727.0
2024-10-25 14:04:00+00:00,AEYE,22.510000228881836,22.510000228881836,22.510000228881836,22.489999771118164,22.489999771118164,657.0
2024-10-25 14:04:00+00:00,AFRM,41.26300048828125,41.26300048828125,41.279998779296875,41.20000076293945,41.22999954223633,12670.0
2024-10-25 14:04:00+00:00,AGYS,110.72000122070312,110.72000122070312,110.72000122070312,110.72000122070312,110.72000122070312,334.0
2024-10-25 14:04:00+00:00,AKAM,102.010498046875,102.010498046875,102.05000305175781,102.010498046875,102.05000305175781,2797.0
2024-10-25 14:04:00+00:00,AKTS,0.05869999900460243,0.05869999900460243,0.05869999900460243,0.05869999900460243,0.05869999900460243,20000.0
2024-10-25 14:04:00+00:00,ALGM,23.0,23.0,23.0,22.975000381469727,22.975000381469727,3557.0
2024-10-25 14:04:00+00:00,ALKT,38.0099983215332,38.0099983215332,38.0099983215332,38.0099983215332,38.0099983215332,215.0
2024-10-25 14:04:00+00:00,ALTR,103.5999984741211,103.5999984741211,103.5999984741211,103.5999984741211,103.5999984741211,268.0
2024-10-25 14:04:00+00:00,AMAT,187.35000610351562,187.35000610351562,187.41000366210938,187.22999572753906,187.22999572753906,6646.0
2024-10-25 14:04:00+00:00,AMBA,57.775001525878906,57.775001525878906,57.775001525878906,57.775001525878906,57.775001525878906,1100.0
2024-10-25 14:04:00+00:00,AMD,156.36500549316406,156.36500549316406,156.40109252929688,156.22999572753906,156.24989318847656,48711.0
2024-10-25 14:04:00+00:00,AMKR,29.975000381469727,29.975000381469727,29.979999542236328,29.94499969482422,29.94499969482422,2116.0
2024-10-25 14:04:00+00:00,AMPL,9.085000038146973,9.085000038146973,9.085000038146973,9.079999923706055,9.079999923706055,659.0
2024-10-25 14:04:00+00:00,APP,160.30999755859375,160.30999755859375,160.35499572753906,160.30999755859375,160.35499572753906,1938.0
2024-10-25 14:04:00+00:00,APPF,211.99000549316406,211.99000549316406,211.99000549316406,211.99000549316406,211.99000549316406,551.0
2024-10-25 14:04:00+00:00,APPN,32.06999969482422,32.06999969482422,32.06999969482422,32.06999969482422,32.06999969482422,370.0
2024-10-25 14:04:00+00:00,APPS,3.059999942779541,3.059999942779541,3.059999942779541,3.059999942779541,3.059999942779541,3741.0
2024-10-25 14:04:00+00:00,ARRY,6.34499979019165,6.34499979019165,6.349999904632568,6.34499979019165,6.3460001945495605,4094.0
2024-10-25 14:04:00+00:00,ASML,713.6129150390625,713.6129150390625,713.9168701171875,713.6129150390625,713.9168701171875,2716.0
2024-10-25 14:04:00+00:00,AUR,6.439899921417236,6.439899921417236,6.439899921417236,6.425000190734863,6.425000190734863,3715.0
2024-10-25 14:04:00+00:00,AVDX,8.050000190734863,8.050000190734863,8.050000190734863,8.050000190734863,8.050000190734863,9070.0
2024-10-25 14:04:00+00:00,AVGO,173.9600067138672,173.9600067138672,174.0,173.94000244140625,173.94000244140625,9905.0
2024-10-25 14:04:00+00:00,AVNW,20.815000534057617,20.815000534057617,20.815000534057617,20.815000534057617,20.815000534057617,330.0
2024-10-25 14:04:00+00:00,AVPT,11.931699752807617,11.931699752807617,11.9399995803833,11.920000076293945,11.920000076293945,1365.0
2024-10-25 14:04:00+00:00,AVT,53.880001068115234,53.880001068115234,53.91999816894531,53.880001068115234,53.90999984741211,3383.0
2024-10-25 14:04:00+00:00,AXTI,2.6649999618530273,2.6649999618530273,2.6649999618530273,2.6603000164031982,2.6603000164031982,1275.0
2024-10-25 14:04:00+00:00,BAND,17.59000015258789,17.59000015258789,17.59000015258789,17.59000015258789,17.59000015258789,666.0
2024-10-25 14:04:00+00:00,BIGC,5.304999828338623,5.304999828338623,5.304999828338623,5.300000190734863,5.300000190734863,3017.0
2024-10-25 14:04:00+00:00,BLKB,85.70999908447266,85.70999908447266,85.70999908447266,85.70999908447266,85.70999908447266,128.0
2024-10-25 14:04:00+00:00,BMBL,7.114999771118164,7.114999771118164,7.114999771118164,7.110000133514404,7.110000133514404,4673.0
2024-10-25 14:04:00+00:00,BRZE,30.739999771118164,30.739999771118164,30.739999771118164,30.739999771118164,30.739999771118164,1003.0
2024-10-25 14:04:00+00:00,BSY,49.14860153198242,49.14860153198242,49.15999984741211,49.12649917602539,49.136600494384766,1413.0
2024-10-25 14:04:00+00:00,CAMT,77.52999877929688,77.52999877929688,77.52999877929688,77.52999877929688,77.52999877929688,200.0
2024-10-25 14:04:00+00:00,CAN,0.9804999828338623,0.9804999828338623,0.9807999730110168,0.9804999828338623,0.9807000160217285,30600.0
2024-10-25 14:04:00+00:00,CCSI,20.280000686645508,20.280000686645508,20.280000686645508,20.280000686645508,20.280000686645508,664.0
2024-10-25 14:04:00+00:00,CDNS,257.9150085449219,257.9150085449219,257.9504089355469,257.8299865722656,257.8999938964844,3680.0
2024-10-25 14:04:00+00:00,CDW,218.08999633789062,218.08999633789062,218.08999633789062,218.08999633789062,218.08999633789062,401.0
2024-10-25 14:04:00+00:00,CETX,0.3027999997138977,0.3027999997138977,0.3027999997138977,0.3027999997138977,0.3027999997138977,4002.0
2024-10-25 14:04:00+00:00,CFLT,22.59000015258789,22.59000015258789,22.600000381469727,22.575000762939453,22.575000762939453,6226.0
2024-10-25 14:04:00+00:00,CGNX,38.845001220703125,38.845001220703125,38.86000061035156,38.82500076293945,38.82500076293945,1542.0
2024-10-25 14:04:00+00:00,CLBT,18.190000534057617,18.190000534057617,18.190000534057617,18.190000534057617,18.190000534057617,517.0
2024-10-25 14:04:00+00:00,CLFD,36.38999938964844,36.38999938964844,36.39500045776367,36.38999938964844,36.39500045776367,640.0
2024-10-25 14:04:00+00:00,CLSK,11.569999694824219,11.569999694824219,11.600000381469727,11.545000076293945,11.5600004196167,88139.0
2024-10-25 14:04:00+00:00,CMTL,3.7300000190734863,3.7300000190734863,3.7300000190734863,3.7300000190734863,3.7300000190734863,1303.0
2024-10-25 14:04:00+00:00,CNXC,44.310001373291016,44.310001373291016,44.310001373291016,44.2400016784668,44.255001068115234,4136.0
2024-10-25 14:04:00+00:00,COHR,95.49590301513672,95.49590301513672,95.49590301513672,95.4000015258789,95.4000015258789,788.0
2024-10-25 14:04:00+00:00,COHU,26.0,26.0,26.0,26.0,26.0,336.0
2024-10-25 14:04:00+00:00,COIN,206.86399841308594,206.86399841308594,207.0,206.1999969482422,206.3636016845703,50767.0
2024-10-25 14:04:00+00:00,COMM,6.235000133514404,6.235000133514404,6.239999771118164,6.21999979019165,6.21999979019165,41882.0
2024-10-25 14:04:00+00:00,CORZ,13.274999618530273,13.274999618530273,13.28499984741211,13.255000114440918,13.279999732971191,26420.0
2024-10-25 14:04:00+00:00,CRCT,6.574999809265137,6.574999809265137,6.574999809265137,6.574999809265137,6.574999809265137,206.0
2024-10-25 14:04:00+00:00,CRDO,39.11000061035156,39.11000061035156,39.11000061035156,39.09000015258789,39.09000015258789,510.0
2024-10-25 14:04:00+00:00,CRNC,2.924999952316284,2.924999952316284,2.924999952316284,2.9100000858306885,2.9100000858306885,16397.0
2024-10-25 14:04:00+00:00,CRNT,2.4649999141693115,2.4649999141693115,2.4649999141693115,2.4649999141693115,2.4649999141693115,1053.0
2024-10-25 14:04:00+00:00,CRSR,6.309999942779541,6.309999942779541,6.309999942779541,6.304999828338623,6.304999828338623,3312.0
2024-10-25 14:04:00+00:00,CRUS,122.51000213623047,122.51000213623047,122.51000213623047,122.48999786376953,122.48999786376953,590.0
2024-10-25 14:04:00+00:00,CRWD,296.6600036621094,296.6600036621094,296.8999938964844,296.385009765625,296.385009765625,11721.0
2024-10-25 14:04:00+00:00,CSCO,55.720001220703125,55.720001220703125,55.72600173950195,55.71139907836914,55.71500015258789,7555.0
2024-10-25 14:04:00+00:00,CSIQ,13.399999618530273,13.399999618530273,13.399999618530273,13.369999885559082,13.369999885559082,2479.0
2024-10-25 14:04:00+00:00,CTLP,8.859999656677246,8.859999656677246,8.859999656677246,8.854999542236328,8.854999542236328,323.0
2024-10-25 14:04:00+00:00,CTSH,74.75,74.75,74.75,74.72000122070312,74.7499008178711,3023.0
2024-10-25 14:04:00+00:00,CYBR,289.80999755859375,289.80999755859375,289.80999755859375,289.3949890136719,289.5899963378906,1641.0
2024-10-25 14:04:00+00:00,DAKT,12.989999771118164,12.989999771118164,12.989999771118164,12.989999771118164,12.989999771118164,279.0
2024-10-25 14:04:00+00:00,DAVE,38.755001068115234,38.755001068115234,38.76599884033203,38.755001068115234,38.76599884033203,717.0
2024-10-25 14:04:00+00:00,DBX,25.93000030517578,25.93000030517578,25.93000030517578,25.899999618530273,25.899999618530273,11053.0
2024-10-25 14:04:00+00:00,DDOG,126.43000030517578,126.43000030517578,126.43000030517578,126.31999969482422,126.375,2494.0
2024-10-25 14:04:00+00:00,DIOD,65.5,65.5,65.5,65.5,65.5,335.0
2024-10-25 14:04:00+00:00,DLO,8.854999542236328,8.854999542236328,8.859999656677246,8.854999542236328,8.859999656677246,727.0
2024-10-25 14:04:00+00:00,DOCU,69.08000183105469,69.08000183105469,69.08000183105469,69.0,69.0,4999.0
2024-10-25 14:04:00+00:00,DOMO,8.055000305175781,8.055000305175781,8.055000305175781,8.055000305175781,8.055000305175781,186.0
2024-10-25 14:04:00+00:00,DOX,89.19999694824219,89.19999694824219,89.19999694824219,89.16999816894531,89.16999816894531,1071.0
2024-10-25 14:04:00+00:00,DSGX,103.76000213623047,103.76000213623047,103.76000213623047,103.76000213623047,103.76000213623047,485.0
2024-10-25 14:04:00+00:00,DUOL,287.3599853515625,287.3599853515625,287.3599853515625,287.3599853515625,287.3599853515625,1055.0
2024-10-25 14:04:00+00:00,EEFT,99.38999938964844,99.38999938964844,99.38999938964844,99.26499938964844,99.26499938964844,713.0
2024-10-25 14:04:00+00:00,ENPH,83.29000091552734,83.29000091552734,83.30000305175781,83.20999908447266,83.20999908447266,1895.0
2024-10-25 14:04:00+00:00,ERIC,8.454999923706055,8.454999923706055,8.45989990234375,8.450699806213379,8.454999923706055,32656.0
2024-10-25 14:04:00+00:00,EVCM,10.444999694824219,10.444999694824219,10.444999694824219,10.444999694824219,10.444999694824219,228.0
2024-10-25 14:04:00+00:00,EXLS,38.689998626708984,38.689998626708984,38.70000076293945,38.689998626708984,38.70000076293945,1249.0
2024-10-25 14:04:00+00:00,EXTR,14.34000015258789,14.34000015258789,14.34000015258789,14.34000015258789,14.34000015258789,389.0
2024-10-25 14:04:00+00:00,FLEX,35.130001068115234,35.130001068115234,35.130001068115234,35.099998474121094,35.099998474121094,4190.0
2024-10-25 14:04:00+00:00,FLYW,17.31999969482422,17.31999969482422,17.31999969482422,17.31999969482422,17.31999969482422,575.0
2024-10-25 14:04:00+00:00,FORM,44.74850082397461,44.74850082397461,44.74850082397461,44.74850082397461,44.74850082397461,302.0
2024-10-25 14:04:00+00:00,FROG,29.155000686645508,29.155000686645508,29.155000686645508,29.155000686645508,29.155000686645508,748.0
2024-10-25 14:04:00+00:00,FRSH,11.614999771118164,11.614999771118164,11.614999771118164,11.614999771118164,11.614999771118164,156.0
2024-10-25 14:04:00+00:00,FTCI,0.6531999707221985,0.6531999707221985,0.6531999707221985,0.6521999835968018,0.6521999835968018,12491.0
2024-10-25 14:04:00+00:00,FTNT,80.54000091552734,80.54000091552734,80.56999969482422,80.54000091552734,80.56999969482422,1154.0
2024-10-25 14:04:00+00:00,GCT,24.649999618530273,24.649999618530273,24.67799949645996,24.639999389648438,24.639999389648438,2788.0
2024-10-25 14:04:00+00:00,GDS,21.33989906311035,21.33989906311035,21.33989906311035,21.281999588012695,21.281999588012695,2151.0
2024-10-25 14:04:00+00:00,GDYN,15.520000457763672,15.520000457763672,15.520000457763672,15.520000457763672,15.520000457763672,249.0
2024-10-25 14:04:00+00:00,GFS,40.7599983215332,40.7599983215332,40.7599983215332,40.755001068115234,40.755001068115234,743.0
2024-10-25 14:04:00+00:00,GRAB,4.079999923706055,4.079999923706055,4.085000038146973,4.079999923706055,4.085000038146973,28675.0
2024-10-25 14:04:00+00:00,GRRR,4.474999904632568,4.474999904632568,4.475599765777588,4.474999904632568,4.474999904632568,400.0
2024-10-25 14:04:00+00:00,GSIT,3.447999954223633,3.447999954223633,3.447999954223633,3.447999954223633,3.447999954223633,150.0
2024-10-25 14:04:00+00:00,GTLB,55.290000915527344,55.290000915527344,55.290000915527344,55.27000045776367,55.27000045776367,615.0
2024-10-25 14:04:00+00:00,HCP,33.662498474121094,33.662498474121094,33.662498474121094,33.662498474121094,33.662498474121094,819.0
2024-10-25 14:04:00+00:00,HIMX,6.164999961853027,6.164999961853027,6.164999961853027,6.164999961853027,6.164999961853027,1368.0
2024-10-25 14:04:00+00:00,HLIT,14.739999771118164,14.739999771118164,14.739999771118164,14.739999771118164,14.739999771118164,784.0
2024-10-25 14:04:00+00:00,HOLO,3.5999999046325684,3.5999999046325684,3.5999999046325684,3.5999999046325684,3.5999999046325684,665.0
2024-10-25 14:04:00+00:00,HOOD,27.086999893188477,27.086999893188477,27.101999282836914,27.05500030517578,27.05500030517578,21649.0
2024-10-25 14:04:00+00:00,IMMR,8.710000038146973,8.710000038146973,8.710000038146973,8.710000038146973,8.710000038146973,508.0
2024-10-25 14:04:00+00:00,INDI,3.509999990463257,3.509999990463257,3.509999990463257,3.505000114440918,3.505000114440918,2965.0
2024-10-25 14:04:00+00:00,INFN,6.764999866485596,6.764999866485596,6.764999866485596,6.760000228881836,6.760000228881836,1041.0
2024-10-25 14:04:00+00:00,INOD,20.100000381469727,20.100000381469727,20.100000381469727,20.100000381469727,20.100000381469727,1433.0
2024-10-25 14:04:00+00:00,INSG,20.099700927734375,20.099700927734375,20.099700927734375,20.099700927734375,20.099700927734375,305.0
2024-10-25 14:04:00+00:00,INTC,22.844999313354492,22.844999313354492,22.850000381469727,22.81999969482422,22.826000213623047,67561.0
2024-10-25 14:04:00+00:00,INTU,608.8599853515625,608.8599853515625,608.8599853515625,608.8599853515625,608.8599853515625,346.0
2024-10-25 14:04:00+00:00,IPGP,77.08999633789062,77.08999633789062,77.08999633789062,77.08999633789062,77.08999633789062,524.0
2024-10-25 14:04:00+00:00,ITI,7.190000057220459,7.190000057220459,7.190000057220459,7.190000057220459,7.190000057220459,1040.0
2024-10-25 14:04:00+00:00,JAMF,16.719999313354492,16.719999313354492,16.719999313354492,16.719999313354492,16.719999313354492,165.0
2024-10-25 14:04:00+00:00,JKHY,182.5800018310547,182.5800018310547,182.5800018310547,182.5800018310547,182.5800018310547,213.0
2024-10-25 14:04:00+00:00,KC,2.694999933242798,2.694999933242798,2.694999933242798,2.694999933242798,2.694999933242798,320.0
2024-10-25 14:04:00+00:00,KOPN,0.7670000195503235,0.7670000195503235,0.7670000195503235,0.7670000195503235,0.7670000195503235,8907.0
2024-10-25 14:04:00+00:00,LINK,4.640100002288818,4.640100002288818,4.664999961853027,4.639999866485596,4.664999961853027,1681.0
2024-10-25 14:04:00+00:00,LITE,64.05000305175781,64.05000305175781,64.05000305175781,64.02999877929688,64.02999877929688,543.0
2024-10-25 14:04:00+00:00,LOGI,80.63999938964844,80.63999938964844,80.63999938964844,80.63999938964844,80.63999938964844,1214.0
2024-10-25 14:04:00+00:00,LPSN,1.1440000534057617,1.1440000534057617,1.149999976158142,1.1440000534057617,1.149999976158142,4020.0
2024-10-25 14:04:00+00:00,LRCX,78.55500030517578,78.55500030517578,78.56999969482422,78.48999786376953,78.54000091552734,15935.0
2024-10-25 14:04:00+00:00,LSCC,54.150001525878906,54.150001525878906,54.189998626708984,54.11000061035156,54.11000061035156,1283.0
2024-10-25 14:04:00+00:00,LTRX,4.065000057220459,4.065000057220459,4.065000057220459,4.065000057220459,4.065000057220459,103.0
2024-10-25 14:04:00+00:00,LYFT,13.729900360107422,13.729900360107422,13.729900360107422,13.720000267028809,13.720000267028809,6667.0
2024-10-25 14:04:00+00:00,MANH,275.1700134277344,275.1700134277344,275.1700134277344,275.0899963378906,275.0899963378906,1188.0
2024-10-25 14:04:00+00:00,MCHP,76.61499786376953,76.61499786376953,76.61499786376953,76.54000091552734,76.55000305175781,12729.0
2024-10-25 14:04:00+00:00,MDB,266.81500244140625,266.81500244140625,266.8699951171875,266.81500244140625,266.8699951171875,415.0
2024-10-25 14:04:00+00:00,MITK,8.770000457763672,8.770000457763672,8.770000457763672,8.770000457763672,8.770000457763672,991.0
2024-10-25 14:04:00+00:00,MKSI,101.10479736328125,101.10479736328125,101.2300033569336,101.10479736328125,101.2300033569336,379.0
2024-10-25 14:04:00+00:00,MNDY,299.29998779296875,299.29998779296875,299.29998779296875,299.25,299.2699890136719,654.0
2024-10-25 14:04:00+00:00,MOB,1.309999942779541,1.309999942779541,1.309999942779541,1.309999942779541,1.309999942779541,400.0
2024-10-25 14:04:00+00:00,MPWR,913.760009765625,913.760009765625,913.760009765625,912.9000244140625,912.9000244140625,957.0
2024-10-25 14:04:00+00:00,MQ,5.28000020980835,5.28000020980835,5.28000020980835,5.275000095367432,5.275000095367432,1407.0
2024-10-25 14:04:00+00:00,MRVL,81.92500305175781,81.92500305175781,81.92500305175781,81.86990356445312,81.86990356445312,13406.0
2024-10-25 14:04:00+00:00,MSFT,428.1700134277344,428.1700134277344,428.17498779296875,427.8599853515625,427.8599853515625,12003.0
2024-10-25 14:04:00+00:00,MSTR,232.7949981689453,232.7949981689453,233.44000244140625,232.08999633789062,232.1999969482422,98321.0
2024-10-25 14:04:00+00:00,MTSI,120.06999969482422,120.06999969482422,120.06999969482422,120.06999969482422,120.06999969482422,636.0
2024-10-25 14:04:00+00:00,MTTR,4.59250020980835,4.59250020980835,4.59499979019165,4.59250020980835,4.59499979019165,2466.0
2024-10-25 14:04:00+00:00,MU,108.13999938964844,108.13999938964844,108.16500091552734,108.05999755859375,108.05999755859375,22656.0
2024-10-25 14:04:00+00:00,MXL,14.819999694824219,14.819999694824219,14.819999694824219,14.8100004196167,14.8100004196167,1211.0
2024-10-25 14:04:00+00:00,NCNO,37.66999816894531,37.66999816894531,37.66999816894531,37.66999816894531,37.66999816894531,113.0
2024-10-25 14:04:00+00:00,NICE,175.25999450683594,175.25999450683594,175.25999450683594,175.25,175.25999450683594,1395.0
2024-10-25 14:04:00+00:00,NTCT,20.579999923706055,20.579999923706055,20.579999923706055,20.579999923706055,20.579999923706055,781.0
2024-10-25 14:04:00+00:00,NVDA,141.88999938964844,141.88999938964844,141.92999267578125,141.71060180664062,141.77000427246094,530970.0
2024-10-25 14:04:00+00:00,NVEI,33.494998931884766,33.494998931884766,33.494998931884766,33.494998931884766,33.494998931884766,400.0
2024-10-25 14:04:00+00:00,NVMI,183.19000244140625,183.19000244140625,183.19000244140625,183.19000244140625,183.19000244140625,204.0
2024-10-25 14:04:00+00:00,NVTS,2.5350000858306885,2.5350000858306885,2.5350000858306885,2.5350000858306885,2.5350000858306885,399.0
2024-10-25 14:04:00+00:00,NXPI,243.82000732421875,243.82000732421875,243.82000732421875,243.82000732421875,243.82000732421875,898.0
2024-10-25 14:04:00+00:00,OKTA,72.08999633789062,72.08999633789062,72.08999633789062,72.0199966430664,72.0199966430664,3012.0
2024-10-25 14:04:00+00:00,ON,71.52999877929688,71.52999877929688,71.52999877929688,71.47000122070312,71.47000122070312,10727.0
2024-10-25 14:04:00+00:00,OSIS,135.2899932861328,135.2899932861328,135.2899932861328,135.2899932861328,135.2899932861328,1573.0
2024-10-25 14:04:00+00:00,OSPN,14.510000228881836,14.510000228881836,14.510000228881836,14.510000228881836,14.510000228881836,436.0
2024-10-25 14:04:00+00:00,OTEX,33.224998474121094,33.224998474121094,33.224998474121094,33.21500015258789,33.21500015258789,431.0
2024-10-25 14:04:00+00:00,PANW,366.6000061035156,366.6000061035156,366.6000061035156,366.6000061035156,366.6000061035156,1124.0
2024-10-25 14:04:00+00:00,PAYO,8.3100004196167,8.3100004196167,8.3100004196167,8.305000305175781,8.3100004196167,2441.0
2024-10-25 14:04:00+00:00,PAYS,3.7260000705718994,3.7260000705718994,3.7300000190734863,3.7260000705718994,3.7300000190734863,999.0
2024-10-25 14:04:00+00:00,PCTY,172.9949951171875,172.9949951171875,172.9949951171875,172.9949951171875,172.9949951171875,650.0
2024-10-25 14:04:00+00:00,PDFS,29.18000030517578,29.18000030517578,29.18000030517578,29.18000030517578,29.18000030517578,491.0
2024-10-25 14:04:00+00:00,PEGA,79.08499908447266,79.08499908447266,79.08499908447266,79.01920318603516,79.08499908447266,5457.0
2024-10-25 14:04:00+00:00,PEGY,4.885000228881836,4.885000228881836,4.900000095367432,4.880000114440918,4.900000095367432,2249.0
2024-10-25 14:04:00+00:00,PGY,11.734999656677246,11.734999656677246,11.734999656677246,11.729999542236328,11.729999542236328,688.0
2024-10-25 14:04:00+00:00,PHUN,10.329999923706055,10.329999923706055,10.359999656677246,10.300100326538086,10.319999694824219,50334.0
2024-10-25 14:04:00+00:00,PI,201.49000549316406,201.49000549316406,201.5800018310547,201.47999572753906,201.5800018310547,1742.0
2024-10-25 14:04:00+00:00,PLUS,97.5199966430664,97.5199966430664,97.5199966430664,97.5199966430664,97.5199966430664,513.0
2024-10-25 14:04:00+00:00,PLXS,141.40499877929688,141.40499877929688,141.42999267578125,141.35000610351562,141.35000610351562,1456.0
2024-10-25 14:04:00+00:00,POET,3.8299999237060547,3.8299999237060547,3.8299999237060547,3.8299999237060547,3.8299999237060547,359.0
2024-10-25 14:04:00+00:00,PRGS,64.48999786376953,64.48999786376953,64.48999786376953,64.45999908447266,64.45999908447266,573.0
2024-10-25 14:04:00+00:00,PTC,186.0399932861328,186.0399932861328,186.0399932861328,186.0399932861328,186.0399932861328,293.0
2024-10-25 14:04:00+00:00,PUBM,14.699999809265137,14.699999809265137,14.699999809265137,14.699999809265137,14.699999809265137,104.0
2024-10-25 14:04:00+00:00,PYCR,14.239999771118164,14.239999771118164,14.25,14.239999771118164,14.25,454.0
2024-10-25 14:04:00+00:00,QCOM,171.3000030517578,171.3000030517578,171.36500549316406,171.3000030517578,171.33900451660156,6661.0
2024-10-25 14:04:00+00:00,QRVO,99.87999725341797,99.87999725341797,99.87999725341797,99.87999725341797,99.87999725341797,351.0
2024-10-25 14:04:00+00:00,QUBT,1.0795999765396118,1.0795999765396118,1.0795999765396118,1.0795999765396118,1.0795999765396118,2494.0
2024-10-25 14:04:00+00:00,RCAT,2.7488999366760254,2.7488999366760254,2.7488999366760254,2.7488999366760254,2.7488999366760254,3450.0
2024-10-25 14:04:00+00:00,RDWR,22.209999084472656,22.209999084472656,22.209999084472656,22.209999084472656,22.209999084472656,376.0
2024-10-25 14:04:00+00:00,REKR,1.090000033378601,1.090000033378601,1.090000033378601,1.090000033378601,1.090000033378601,2149.0
2024-10-25 14:04:00+00:00,RELY,14.880000114440918,14.880000114440918,14.880000114440918,14.880000114440918,14.880000114440918,914.0
2024-10-25 14:04:00+00:00,RGTI,1.2199000120162964,1.2199000120162964,1.2199000120162964,1.215000033378601,1.215000033378601,1135.0
2024-10-25 14:04:00+00:00,RIOT,9.744999885559082,9.744999885559082,9.770000457763672,9.725000381469727,9.725000381469727,90097.0
2024-10-25 14:04:00+00:00,RMBS,43.279998779296875,43.279998779296875,43.310001373291016,43.25,43.2599983215332,2890.0
2024-10-25 14:04:00+00:00,RMNI,1.7200000286102295,1.7200000286102295,1.7200000286102295,1.7200000286102295,1.7200000286102295,295.0
2024-10-25 14:04:00+00:00,RPAY,7.5960001945495605,7.5960001945495605,7.5960001945495605,7.590000152587891,7.590000152587891,1114.0
2024-10-25 14:04:00+00:00,RUM,5.755000114440918,5.755000114440918,5.755000114440918,5.750100135803223,5.754000186920166,14314.0
2024-10-25 14:04:00+00:00,RUN,14.34000015258789,14.34000015258789,14.34000015258789,14.324999809265137,14.324999809265137,5182.0
2024-10-25 14:04:00+00:00,RXT,2.490000009536743,2.490000009536743,2.490000009536743,2.490000009536743,2.490000009536743,3956.0
2024-10-25 14:04:00+00:00,SCSC,44.60499954223633,44.60499954223633,44.60499954223633,44.60499954223633,44.60499954223633,883.0
2024-10-25 14:04:00+00:00,SEDG,15.850000381469727,15.850000381469727,15.880000114440918,15.84000015258789,15.875,12481.0
2024-10-25 14:04:00+00:00,SHLS,5.25,5.25,5.260000228881836,5.25,5.25,7292.0
2024-10-25 14:04:00+00:00,SIMO,56.5099983215332,56.5099983215332,56.5099983215332,56.5099983215332,56.5099983215332,257.0
2024-10-25 14:04:00+00:00,SKYT,10.550000190734863,10.550000190734863,10.550000190734863,10.550000190734863,10.550000190734863,452.0
2024-10-25 14:04:00+00:00,SMCI,47.08000183105469,47.08000183105469,47.11980056762695,47.029998779296875,47.029998779296875,36979.0
2024-10-25 14:04:00+00:00,SNPS,502.5799865722656,502.5799865722656,502.5799865722656,502.5799865722656,502.5799865722656,147.0
2024-10-25 14:04:00+00:00,SOBR,7.260000228881836,7.260000228881836,7.260000228881836,7.260000228881836,7.260000228881836,677.0
2024-10-25 14:04:00+00:00,SONO,12.680000305175781,12.680000305175781,12.680000305175781,12.675000190734863,12.675000190734863,1450.0
2024-10-25 14:04:00+00:00,SOUN,5.164999961853027,5.164999961853027,5.170000076293945,5.161499977111816,5.170000076293945,8801.0
2024-10-25 14:04:00+00:00,SOUNW,1.909999966621399,1.909999966621399,1.909999966621399,1.9098999500274658,1.9098999500274658,1120.0
2024-10-25 14:04:00+00:00,SPT,26.75,26.75,26.75,26.75,26.75,715.0
2024-10-25 14:04:00+00:00,SSNC,69.69999694824219,69.69999694824219,69.70999908447266,69.66999816894531,69.70500183105469,10093.0
2024-10-25 14:04:00+00:00,STNE,11.569999694824219,11.569999694824219,11.569999694824219,11.550000190734863,11.550000190734863,16528.0
2024-10-25 14:04:00+00:00,STX,103.37999725341797,103.37999725341797,103.37999725341797,103.34500122070312,103.34500122070312,1119.0
2024-10-25 14:04:00+00:00,SURG,1.7450000047683716,1.7450000047683716,1.7450000047683716,1.7450000047683716,1.7450000047683716,2600.0
2024-10-25 14:04:00+00:00,SVRE,0.07850000262260437,0.07850000262260437,0.07850000262260437,0.07800000160932541,0.07800000160932541,13104.0
2024-10-25 14:04:00+00:00,SWKS,96.0199966430664,96.0199966430664,96.04499816894531,96.0199966430664,96.04499816894531,1069.0
2024-10-25 14:04:00+00:00,SYNA,72.44999694824219,72.44999694824219,72.44999694824219,72.44999694824219,72.44999694824219,212.0
2024-10-25 14:04:00+00:00,SYTA,1.2899999618530273,1.2899999618530273,1.2899999618530273,1.2899999618530273,1.2899999618530273,245.0
2024-10-25 14:04:00+00:00,TEAM,188.6300048828125,188.6300048828125,188.7050018310547,188.46749877929688,188.7050018310547,2014.0
2024-10-25 14:04:00+00:00,TENB,41.619998931884766,41.619998931884766,41.619998931884766,41.619998931884766,41.619998931884766,164.0
2024-10-25 14:04:00+00:00,TER,112.58999633789062,112.58999633789062,112.5999984741211,112.5199966430664,112.5199966430664,3997.0
2024-10-25 14:04:00+00:00,TRMB,61.0099983215332,61.0099983215332,61.0099983215332,60.994998931884766,60.994998931884766,272.0
2024-10-25 14:04:00+00:00,TTD,118.3949966430664,118.3949966430664,118.41999816894531,118.31999969482422,118.3499984741211,2355.0
2024-10-25 14:04:00+00:00,TTMI,19.559999465942383,19.559999465942383,19.559999465942383,19.559999465942383,19.559999465942383,978.0
2024-10-25 14:04:00+00:00,TWKS,4.440000057220459,4.440000057220459,4.445000171661377,4.440000057220459,4.440000057220459,6720.0
2024-10-25 14:04:00+00:00,TXN,207.58999633789062,207.58999633789062,207.58999633789062,207.48109436035156,207.5050048828125,2461.0
2024-10-25 14:04:00+00:00,UCTT,35.63999938964844,35.63999938964844,35.63999938964844,35.63999938964844,35.63999938964844,112.0
2024-10-25 14:04:00+00:00,UEIC,8.06879997253418,8.06879997253418,8.084500312805176,8.0600004196167,8.0600004196167,948.0
2024-10-25 14:04:00+00:00,UPLD,2.125,2.125,2.130000114440918,2.124000072479248,2.125,908.0
2024-10-25 14:04:00+00:00,VECO,29.299999237060547,29.299999237060547,29.299999237060547,29.299999237060547,29.299999237060547,120.0
2024-10-25 14:04:00+00:00,VERX,41.630001068115234,41.630001068115234,41.630001068115234,41.630001068115234,41.630001068115234,422.0
2024-10-25 14:04:00+00:00,VNET,3.4049999713897705,3.4049999713897705,3.4049999713897705,3.4049999713897705,3.4049999713897705,700.0
2024-10-25 14:04:00+00:00,VRNS,56.68000030517578,56.68000030517578,56.68000030517578,56.665000915527344,56.66999816894531,1339.0
2024-10-25 14:04:00+00:00,VRNT,21.940000534057617,21.940000534057617,21.940000534057617,21.920000076293945,21.920000076293945,1157.0
2024-10-25 14:04:00+00:00,VSAT,10.133999824523926,10.133999824523926,10.133999824523926,10.133999824523926,10.133999824523926,643.0
2024-10-25 14:04:00+00:00,VUZI,1.3049999475479126,1.3049999475479126,1.3049999475479126,1.3049999475479126,1.3049999475479126,150.0
2024-10-25 14:04:00+00:00,WDAY,238.7550048828125,238.7550048828125,238.7550048828125,238.7550048828125,238.7550048828125,677.0
2024-10-25 14:04:00+00:00,WDC,69.8895034790039,69.8895034790039,69.88999938964844,69.79000091552734,69.87999725341797,12581.0
2024-10-25 14:04:00+00:00,WISA,1.999400019645691,1.999400019645691,2.0,1.9600000381469727,1.9600000381469727,16601.0
2024-10-25 14:04:00+00:00,XRX,9.9350004196167,9.9350004196167,9.9350004196167,9.9350004196167,9.9350004196167,890.0
2024-10-25 14:04:00+00:00,ZBRA,360.0,360.0,360.25,359.625,359.625,2024.0
2024-10-25 14:04:00+00:00,ZI,10.479999542236328,10.479999542236328,10.479999542236328,10.479999542236328,10.479999542236328,2640.0
2024-10-25 14:04:00+00:00,ZM,72.80999755859375,72.80999755859375,72.80999755859375,72.7750015258789,72.7750015258789,2244.0
2024-10-25 14:04:00+00:00,ZS,184.50999450683594,184.50999450683594,184.50999450683594,184.50250244140625,184.50250244140625,861.0
2024-10-25 14:05:00+00:00,AAOI,17.649999618530273,17.649999618530273,17.665000915527344,17.649999618530273,17.66200065612793,944.0
2024-10-25 14:05:00+00:00,AAPL,231.44000244140625,231.44000244140625,231.52000427246094,231.44000244140625,231.52000427246094,20496.0
2024-10-25 14:05:00+00:00,ACIW,48.7401008605957,48.7401008605957,48.7401008605957,48.7401008605957,48.7401008605957,417.0
2024-10-25 14:05:00+00:00,ACLS,89.81529998779297,89.81529998779297,89.81529998779297,89.81529998779297,89.81529998779297,1181.0
2024-10-25 14:05:00+00:00,ACMR,19.6200008392334,19.6200008392334,19.6200008392334,19.6200008392334,19.6200008392334,420.0
2024-10-25 14:05:00+00:00,ADBE,483.989990234375,483.989990234375,484.19000244140625,483.989990234375,484.19000244140625,1939.0
2024-10-25 14:05:00+00:00,ADI,231.16000366210938,231.16000366210938,231.39500427246094,231.13999938964844,231.38499450683594,3627.0
2024-10-25 14:05:00+00:00,ADSK,285.6199951171875,285.6199951171875,285.739501953125,285.6199951171875,285.739501953125,626.0
2024-10-25 14:05:00+00:00,ADTN,6.324699878692627,6.324699878692627,6.324699878692627,6.324699878692627,6.324699878692627,340.0
2024-10-25 14:05:00+00:00,AEHR,16.720600128173828,16.720600128173828,16.90999984741211,16.720600128173828,16.90999984741211,29118.0
2024-10-25 14:05:00+00:00,AEYE,22.50979995727539,22.50979995727539,22.50979995727539,22.50979995727539,22.50979995727539,438.0
2024-10-25 14:05:00+00:00,AFRM,41.2599983215332,41.2599983215332,41.31999969482422,41.2599983215332,41.27899932861328,12832.0
2024-10-25 14:05:00+00:00,AKAM,102.0199966430664,102.0199966430664,102.04000091552734,102.0199966430664,102.0199966430664,1051.0
2024-10-25 14:05:00+00:00,AKTS,0.05869999900460243,0.05869999900460243,0.058800000697374344,0.05869999900460243,0.058800000697374344,90552.0
2024-10-25 14:05:00+00:00,ALGM,22.975000381469727,22.975000381469727,23.0,22.969999313354492,22.985000610351562,3497.0
2024-10-25 14:05:00+00:00,ALKT,38.02000045776367,38.02000045776367,38.02000045776367,38.02000045776367,38.02000045776367,508.0
2024-10-25 14:05:00+00:00,ALTR,103.54499816894531,103.54499816894531,103.54499816894531,103.54499816894531,103.54499816894531,570.0
2024-10-25 14:05:00+00:00,AMAT,187.13499450683594,187.13499450683594,187.26499938964844,187.13499450683594,187.26499938964844,5010.0
2024-10-25 14:05:00+00:00,AMBA,57.70000076293945,57.70000076293945,57.70000076293945,57.70000076293945,57.70000076293945,2397.0
2024-10-25 14:05:00+00:00,AMD,156.1602020263672,156.1602020263672,156.3699951171875,156.16009521484375,156.35000610351562,37693.0
2024-10-25 14:05:00+00:00,AMKR,29.959999084472656,29.959999084472656,30.0,29.959999084472656,29.969999313354492,3434.0
2024-10-25 14:05:00+00:00,AMPL,9.074999809265137,9.074999809265137,9.074999809265137,9.074999809265137,9.074999809265137,304.0
2024-10-25 14:05:00+00:00,ANSS,323.5,323.5,323.5,323.5,323.5,252.0
2024-10-25 14:05:00+00:00,ANY,1.0399999618530273,1.0399999618530273,1.0399999618530273,1.0399999618530273,1.0399999618530273,15175.0
2024-10-25 14:05:00+00:00,AOSL,36.38999938964844,36.38999938964844,36.38999938964844,36.38999938964844,36.38999938964844,714.0
2024-10-25 14:05:00+00:00,APP,160.36500549316406,160.36500549316406,160.4199981689453,160.36500549316406,160.4199981689453,319.0
2024-10-25 14:05:00+00:00,APPF,212.0,212.0,212.0,212.0,212.0,583.0
2024-10-25 14:05:00+00:00,APPS,3.059999942779541,3.059999942779541,3.059999942779541,3.059999942779541,3.059999942779541,1044.0
2024-10-25 14:05:00+00:00,ARRY,6.340000152587891,6.340000152587891,6.349999904632568,6.340000152587891,6.34499979019165,9234.0
2024-10-25 14:05:00+00:00,ASML,713.77001953125,713.77001953125,713.77001953125,713.77001953125,713.77001953125,697.0
2024-10-25 14:05:00+00:00,ASUR,9.574999809265137,9.574999809265137,9.574999809265137,9.574999809265137,9.574999809265137,101.0
2024-10-25 14:05:00+00:00,AUR,6.429900169372559,6.429900169372559,6.431000232696533,6.423999786376953,6.429999828338623,12059.0
2024-10-25 14:05:00+00:00,AVDX,8.048999786376953,8.048999786376953,8.050000190734863,8.048999786376953,8.050000190734863,26530.0
2024-10-25 14:05:00+00:00,AVGO,173.86000061035156,173.86000061035156,173.98989868164062,173.86000061035156,173.9499969482422,15763.0
2024-10-25 14:05:00+00:00,AVPT,11.930000305175781,11.930000305175781,11.930000305175781,11.930000305175781,11.930000305175781,200.0
2024-10-25 14:05:00+00:00,AVT,53.86000061035156,53.86000061035156,53.869998931884766,53.849998474121094,53.869998931884766,590.0
2024-10-25 14:05:00+00:00,BMBL,7.114999771118164,7.114999771118164,7.119999885559082,7.114999771118164,7.114999771118164,1360.0
2024-10-25 14:05:00+00:00,BRZE,30.719999313354492,30.719999313354492,30.735000610351562,30.719999313354492,30.735000610351562,989.0
2024-10-25 14:05:00+00:00,BSY,49.14500045776367,49.14500045776367,49.165000915527344,49.14500045776367,49.165000915527344,648.0
2024-10-25 14:05:00+00:00,CAMT,77.54499816894531,77.54499816894531,77.54499816894531,77.5250015258789,77.5250015258789,417.0
2024-10-25 14:05:00+00:00,CAN,0.97079998254776,0.97079998254776,0.9804999828338623,0.97079998254776,0.9804999828338623,312988.0
2024-10-25 14:05:00+00:00,CDNS,257.8800048828125,257.8800048828125,257.8800048828125,257.8800048828125,257.8800048828125,730.0
2024-10-25 14:05:00+00:00,CDW,218.08999633789062,218.08999633789062,218.1699981689453,218.0500030517578,218.1699981689453,1863.0
2024-10-25 14:05:00+00:00,CFLT,22.56999969482422,22.56999969482422,22.59000015258789,22.56999969482422,22.59000015258789,3175.0
2024-10-25 14:05:00+00:00,CGNX,38.84000015258789,38.84000015258789,38.849998474121094,38.84000015258789,38.845001220703125,2123.0
2024-10-25 14:05:00+00:00,CLSK,11.5,11.5,11.574999809265137,11.5,11.569999694824219,140869.0
2024-10-25 14:05:00+00:00,CNXC,44.275001525878906,44.275001525878906,44.288700103759766,44.275001525878906,44.288700103759766,1150.0
2024-10-25 14:05:00+00:00,COHR,95.41999816894531,95.41999816894531,95.41999816894531,95.41999816894531,95.41999816894531,271.0
2024-10-25 14:05:00+00:00,COIN,205.58999633789062,205.58999633789062,206.75999450683594,205.58999633789062,206.75999450683594,42497.0
2024-10-25 14:05:00+00:00,COMM,6.215000152587891,6.215000152587891,6.235499858856201,6.214000225067139,6.230000019073486,11842.0
2024-10-25 14:05:00+00:00,CORZ,13.25,13.25,13.274999618530273,13.25,13.274999618530273,4997.0
2024-10-25 14:05:00+00:00,CRDO,39.08000183105469,39.08000183105469,39.130001068115234,39.08000183105469,39.130001068115234,2102.0
2024-10-25 14:05:00+00:00,CRUS,122.63999938964844,122.63999938964844,122.63999938964844,122.535400390625,122.535400390625,323.0
2024-10-25 14:05:00+00:00,CRWD,296.7650146484375,296.7650146484375,297.1969909667969,296.6549987792969,296.6549987792969,13807.0
2024-10-25 14:05:00+00:00,CSCO,55.70000076293945,55.70000076293945,55.71500015258789,55.70000076293945,55.709999084472656,18755.0
2024-10-25 14:05:00+00:00,CSIQ,13.359999656677246,13.359999656677246,13.387999534606934,13.359999656677246,13.387999534606934,2103.0
2024-10-25 14:05:00+00:00,CTLP,8.859999656677246,8.859999656677246,8.859999656677246,8.8548002243042,8.8548002243042,1372.0
2024-10-25 14:05:00+00:00,CTSH,74.7300033569336,74.7300033569336,74.73999786376953,74.7249984741211,74.73999786376953,4028.0
2024-10-25 14:05:00+00:00,DAIO,2.5350000858306885,2.5350000858306885,2.5350000858306885,2.5350000858306885,2.5350000858306885,747.0
2024-10-25 14:05:00+00:00,DAKT,12.989999771118164,12.989999771118164,12.989999771118164,12.989999771118164,12.989999771118164,210.0
2024-10-25 14:05:00+00:00,DBX,25.934999465942383,25.934999465942383,25.959999084472656,25.93000030517578,25.934999465942383,11189.0
2024-10-25 14:05:00+00:00,DDOG,126.41500091552734,126.41500091552734,126.47000122070312,126.3499984741211,126.43000030517578,2679.0
2024-10-25 14:05:00+00:00,DLO,8.854999542236328,8.854999542236328,8.854999542236328,8.850000381469727,8.854999542236328,467.0
2024-10-25 14:05:00+00:00,DOCU,69.01000213623047,69.01000213623047,69.08000183105469,69.01000213623047,69.08000183105469,2921.0
2024-10-25 14:05:00+00:00,DOMO,8.050000190734863,8.050000190734863,8.050000190734863,8.050000190734863,8.050000190734863,525.0
2024-10-25 14:05:00+00:00,DOX,89.18000030517578,89.18000030517578,89.18000030517578,89.15129852294922,89.15129852294922,757.0
2024-10-25 14:05:00+00:00,DTSS,2.4800000190734863,2.4800000190734863,2.4800000190734863,2.4800000190734863,2.4800000190734863,140.0
2024-10-25 14:05:00+00:00,DUOL,287.7200012207031,287.7200012207031,287.7200012207031,287.7200012207031,287.7200012207031,363.0
2024-10-25 14:05:00+00:00,ENPH,83.1500015258789,83.1500015258789,83.26499938964844,83.1500015258789,83.25,6037.0
2024-10-25 14:05:00+00:00,ENTG,104.6500015258789,104.6500015258789,104.75499725341797,104.6500015258789,104.75499725341797,940.0
2024-10-25 14:05:00+00:00,EXTR,14.345000267028809,14.345000267028809,14.350000381469727,14.345000267028809,14.350000381469727,1439.0
2024-10-25 14:05:00+00:00,FFIV,215.9199981689453,215.9199981689453,215.9199981689453,215.9199981689453,215.9199981689453,470.0
2024-10-25 14:05:00+00:00,FLEX,35.084999084472656,35.084999084472656,35.11000061035156,35.08000183105469,35.11000061035156,6845.0
2024-10-25 14:05:00+00:00,FLYW,17.309999465942383,17.309999465942383,17.309999465942383,17.309999465942383,17.309999465942383,1004.0
2024-10-25 14:05:00+00:00,FROG,29.170000076293945,29.170000076293945,29.18000030517578,29.155000686645508,29.155000686645508,9274.0
2024-10-25 14:05:00+00:00,FRSH,11.609999656677246,11.609999656677246,11.614999771118164,11.609999656677246,11.614999771118164,1868.0
2024-10-25 14:05:00+00:00,FTCI,0.6542999744415283,0.6542999744415283,0.6542999744415283,0.6542999744415283,0.6542999744415283,0.0
2024-10-25 14:05:00+00:00,FTNT,80.54000091552734,80.54000091552734,80.55000305175781,80.54000091552734,80.55000305175781,1912.0
2024-10-25 14:05:00+00:00,GCT,24.649999618530273,24.649999618530273,24.649999618530273,24.649999618530273,24.649999618530273,216.0
2024-10-25 14:05:00+00:00,GDS,21.329999923706055,21.329999923706055,21.329999923706055,21.329999923706055,21.329999923706055,105.0
2024-10-25 14:05:00+00:00,GDYN,15.505000114440918,15.505000114440918,15.510000228881836,15.505000114440918,15.510000228881836,400.0
2024-10-25 14:05:00+00:00,GFS,40.70000076293945,40.70000076293945,40.72999954223633,40.70000076293945,40.72999954223633,2961.0
2024-10-25 14:05:00+00:00,GRAB,4.085000038146973,4.085000038146973,4.085000038146973,4.079999923706055,4.085000038146973,22437.0
2024-10-25 14:05:00+00:00,GRRR,4.480000019073486,4.480000019073486,4.480000019073486,4.474999904632568,4.474999904632568,2890.0
2024-10-25 14:05:00+00:00,GTLB,55.29999923706055,55.29999923706055,55.369598388671875,55.290000915527344,55.290000915527344,3435.0
2024-10-25 14:05:00+00:00,HCP,33.66999816894531,33.66999816894531,33.66999816894531,33.66999816894531,33.66999816894531,449.0
2024-10-25 14:05:00+00:00,HLIT,14.739999771118164,14.739999771118164,14.739999771118164,14.739999771118164,14.739999771118164,211.0
2024-10-25 14:05:00+00:00,HOLO,3.5899999141693115,3.5899999141693115,3.5950000286102295,3.5899999141693115,3.59089994430542,2004.0
2024-10-25 14:05:00+00:00,HOOD,27.034400939941406,27.034400939941406,27.09000015258789,27.034400939941406,27.084999084472656,20734.0
2024-10-25 14:05:00+00:00,IMMR,8.71500015258789,8.71500015258789,8.71500015258789,8.71500015258789,8.71500015258789,268.0
2024-10-25 14:05:00+00:00,INDI,3.509999990463257,3.509999990463257,3.509999990463257,3.509999990463257,3.509999990463257,829.0
2024-10-25 14:05:00+00:00,INFN,6.760000228881836,6.760000228881836,6.760000228881836,6.760000228881836,6.760000228881836,200.0
2024-10-25 14:05:00+00:00,INOD,20.100000381469727,20.100000381469727,20.100000381469727,20.100000381469727,20.100000381469727,900.0
2024-10-25 14:05:00+00:00,INTA,49.95000076293945,49.95000076293945,49.95000076293945,49.95000076293945,49.95000076293945,527.0
2024-10-25 14:05:00+00:00,INTC,22.829999923706055,22.829999923706055,22.850000381469727,22.825000762939453,22.84000015258789,69133.0
2024-10-25 14:05:00+00:00,INTU,608.8200073242188,608.8200073242188,608.8200073242188,608.719970703125,608.719970703125,1354.0
2024-10-25 14:05:00+00:00,ITRI,102.73999786376953,102.73999786376953,102.73999786376953,102.73999786376953,102.73999786376953,268.0
2024-10-25 14:05:00+00:00,JAMF,16.709999084472656,16.709999084472656,16.709999084472656,16.709999084472656,16.709999084472656,200.0
2024-10-25 14:05:00+00:00,KC,2.690000057220459,2.690000057220459,2.694999933242798,2.690000057220459,2.694999933242798,912.0
2024-10-25 14:05:00+00:00,KLAC,675.7999877929688,675.7999877929688,676.1849975585938,675.7999877929688,676.1849975585938,793.0
2024-10-25 14:05:00+00:00,KLIC,44.29999923706055,44.29999923706055,44.29999923706055,44.29999923706055,44.29999923706055,230.0
2024-10-25 14:05:00+00:00,KOPN,0.7670000195503235,0.7670000195503235,0.7670000195503235,0.7670000195503235,0.7670000195503235,1658.0
2024-10-25 14:05:00+00:00,LITE,64.06500244140625,64.06500244140625,64.08999633789062,64.05999755859375,64.05999755859375,1168.0
2024-10-25 14:05:00+00:00,LPSN,1.149999976158142,1.149999976158142,1.149999976158142,1.1490999460220337,1.149999976158142,2110.0
2024-10-25 14:05:00+00:00,LPTH,1.6608999967575073,1.6608999967575073,1.6608999967575073,1.6608999967575073,1.6608999967575073,1400.0
2024-10-25 14:05:00+00:00,LRCX,78.5,78.5,78.55999755859375,78.48999786376953,78.54000091552734,16321.0
2024-10-25 14:05:00+00:00,LSCC,54.099998474121094,54.099998474121094,54.1349983215332,54.099998474121094,54.1349983215332,1022.0
2024-10-25 14:05:00+00:00,LTRX,4.074999809265137,4.074999809265137,4.074999809265137,4.065000057220459,4.065000057220459,641.0
2024-10-25 14:05:00+00:00,LYFT,13.720000267028809,13.720000267028809,13.725000381469727,13.720000267028809,13.725000381469727,14601.0
2024-10-25 14:05:00+00:00,MANH,275.385009765625,275.385009765625,275.385009765625,275.385009765625,275.385009765625,295.0
2024-10-25 14:05:00+00:00,MCHP,76.48999786376953,76.48999786376953,76.57749938964844,76.48999786376953,76.56999969482422,5329.0
2024-10-25 14:05:00+00:00,MDB,266.6400146484375,266.6400146484375,266.6400146484375,266.6400146484375,266.6400146484375,314.0
2024-10-25 14:05:00+00:00,MIND,3.537100076675415,3.537100076675415,3.5399999618530273,3.537100076675415,3.5399999618530273,5663.0
2024-10-25 14:05:00+00:00,MKSI,101.05000305175781,101.05000305175781,101.19499969482422,101.05000305175781,101.19499969482422,970.0
2024-10-25 14:05:00+00:00,MKTW,0.5874999761581421,0.5874999761581421,0.5874999761581421,0.5874999761581421,0.5874999761581421,8269.0
2024-10-25 14:05:00+00:00,MNDY,299.1700134277344,299.1700134277344,299.1700134277344,298.94000244140625,298.94000244140625,460.0
2024-10-25 14:05:00+00:00,MPWR,912.5549926757812,912.5549926757812,912.5549926757812,912.5549926757812,912.5549926757812,216.0
2024-10-25 14:05:00+00:00,MQ,5.275000095367432,5.275000095367432,5.28000020980835,5.275000095367432,5.28000020980835,1448.0
2024-10-25 14:05:00+00:00,MRVL,81.86000061035156,81.86000061035156,81.94000244140625,81.86000061035156,81.94000244140625,8753.0
2024-10-25 14:05:00+00:00,MSFT,427.8699951171875,427.8699951171875,428.1098937988281,427.8500061035156,428.0899963378906,14666.0
2024-10-25 14:05:00+00:00,MSTR,231.20199584960938,231.20199584960938,232.72999572753906,231.00999450683594,232.60000610351562,64749.0
2024-10-25 14:05:00+00:00,MTLS,5.909999847412109,5.909999847412109,5.909999847412109,5.909999847412109,5.909999847412109,491.0
2024-10-25 14:05:00+00:00,MTSI,120.19499969482422,120.19499969482422,120.19499969482422,120.19499969482422,120.19499969482422,122.0
2024-10-25 14:05:00+00:00,MTTR,4.59499979019165,4.59499979019165,4.599999904632568,4.59499979019165,4.59499979019165,4595.0
2024-10-25 14:05:00+00:00,MU,108.08999633789062,108.08999633789062,108.12999725341797,108.06500244140625,108.11499786376953,14971.0
2024-10-25 14:05:00+00:00,MXL,14.8100004196167,14.8100004196167,14.819999694824219,14.8100004196167,14.819999694824219,869.0
2024-10-25 14:05:00+00:00,NCNO,37.67499923706055,37.67499923706055,37.67499923706055,37.67499923706055,37.67499923706055,724.0
2024-10-25 14:05:00+00:00,NICE,175.12750244140625,175.12750244140625,175.12750244140625,175.12750244140625,175.12750244140625,1409.0
2024-10-25 14:05:00+00:00,NTNX,62.07500076293945,62.07500076293945,62.07500076293945,62.07500076293945,62.07500076293945,212.0
2024-10-25 14:05:00+00:00,NVDA,141.66009521484375,141.66009521484375,141.91000366210938,141.66000366210938,141.875,461783.0
2024-10-25 14:05:00+00:00,NVEI,33.494998931884766,33.494998931884766,33.5,33.494998931884766,33.494998931884766,690.0
2024-10-25 14:05:00+00:00,NXPI,243.40499877929688,243.40499877929688,243.86000061035156,243.40499877929688,243.86000061035156,8351.0
2024-10-25 14:05:00+00:00,OKTA,72.01499938964844,72.01499938964844,72.04000091552734,72.01000213623047,72.04000091552734,1137.0
2024-10-25 14:05:00+00:00,OLED,203.7635040283203,203.7635040283203,203.7635040283203,203.7635040283203,203.7635040283203,539.0
2024-10-25 14:05:00+00:00,ON,71.31999969482422,71.31999969482422,71.52999877929688,71.31999969482422,71.50499725341797,15225.0
2024-10-25 14:05:00+00:00,ONDS,0.8600000143051147,0.8600000143051147,0.8600000143051147,0.8600000143051147,0.8600000143051147,900.0
2024-10-25 14:05:00+00:00,OTEX,33.22999954223633,33.22999954223633,33.23500061035156,33.22999954223633,33.23500061035156,738.0
2024-10-25 14:05:00+00:00,PANW,366.760009765625,366.760009765625,366.760009765625,366.760009765625,366.760009765625,1386.0
2024-10-25 14:05:00+00:00,PEGA,79.13999938964844,79.13999938964844,79.20999908447266,79.13999938964844,79.19000244140625,1217.0
2024-10-25 14:05:00+00:00,PEGY,4.940000057220459,4.940000057220459,4.949999809265137,4.925000190734863,4.940000057220459,10756.0
2024-10-25 14:05:00+00:00,PHUN,10.319999694824219,10.319999694824219,10.34000015258789,10.3100004196167,10.320599555969238,29096.0
2024-10-25 14:05:00+00:00,PLXS,141.4333038330078,141.4333038330078,141.4333038330078,141.39999389648438,141.39999389648438,214.0
2024-10-25 14:05:00+00:00,POET,3.8201000690460205,3.8201000690460205,3.8299999237060547,3.819999933242798,3.8299999237060547,1108.0
2024-10-25 14:05:00+00:00,PRSO,1.7699999809265137,1.7699999809265137,1.7719999551773071,1.76010000705719,1.7719999551773071,5550.0
2024-10-25 14:05:00+00:00,PTC,186.0399932861328,186.0399932861328,186.0399932861328,186.0399932861328,186.0399932861328,318.0
2024-10-25 14:05:00+00:00,PUBM,14.699999809265137,14.699999809265137,14.699999809265137,14.699999809265137,14.699999809265137,732.0
2024-10-25 14:05:00+00:00,PYCR,14.239999771118164,14.239999771118164,14.239999771118164,14.229999542236328,14.239999771118164,970.0
2024-10-25 14:05:00+00:00,QCOM,171.14999389648438,171.14999389648438,171.2899932861328,171.14999389648438,171.2899932861328,6811.0
2024-10-25 14:05:00+00:00,QLYS,120.5199966430664,120.5199966430664,120.5199966430664,120.51000213623047,120.51000213623047,757.0
2024-10-25 14:05:00+00:00,QRVO,99.75,99.75,99.86060333251953,99.75,99.86060333251953,1313.0
2024-10-25 14:05:00+00:00,QUBT,1.0850000381469727,1.0850000381469727,1.0850000381469727,1.0700000524520874,1.0750000476837158,3179.0
2024-10-25 14:05:00+00:00,RCAT,2.744999885559082,2.744999885559082,2.744999885559082,2.744999885559082,2.744999885559082,0.0
2024-10-25 14:05:00+00:00,RDWR,22.204999923706055,22.204999923706055,22.204999923706055,22.204999923706055,22.204999923706055,130.0
2024-10-25 14:05:00+00:00,RELY,14.880000114440918,14.880000114440918,14.880000114440918,14.880000114440918,14.880000114440918,546.0
2024-10-25 14:05:00+00:00,RGTI,1.2200000286102295,1.2200000286102295,1.2200000286102295,1.215000033378601,1.215000033378601,3040.0
2024-10-25 14:05:00+00:00,RIOT,9.69279956817627,9.69279956817627,9.749899864196777,9.69279956817627,9.744999885559082,60756.0
2024-10-25 14:05:00+00:00,RMBS,43.290000915527344,43.290000915527344,43.29499816894531,43.25,43.26499938964844,3321.0
2024-10-25 14:05:00+00:00,RUM,5.744999885559082,5.744999885559082,5.755000114440918,5.744999885559082,5.755000114440918,2210.0
2024-10-25 14:05:00+00:00,RUN,14.324999809265137,14.324999809265137,14.335000038146973,14.324999809265137,14.331000328063965,2608.0
2024-10-25 14:05:00+00:00,RXT,2.490000009536743,2.490000009536743,2.490000009536743,2.490000009536743,2.490000009536743,602.0
2024-10-25 14:05:00+00:00,SEDG,15.850000381469727,15.850000381469727,15.860099792480469,15.850000381469727,15.850000381469727,3852.0
2024-10-25 14:05:00+00:00,SHLS,5.25,5.25,5.254199981689453,5.25,5.253600120544434,3209.0
2024-10-25 14:05:00+00:00,SIMO,56.5099983215332,56.5099983215332,56.5099983215332,56.5099983215332,56.5099983215332,117.0
2024-10-25 14:05:00+00:00,SITM,180.17999267578125,180.17999267578125,180.17999267578125,180.17999267578125,180.17999267578125,718.0
2024-10-25 14:05:00+00:00,SMCI,47.04029846191406,47.04029846191406,47.11989974975586,47.04029846191406,47.0802001953125,21626.0
2024-10-25 14:05:00+00:00,SMTC,45.564998626708984,45.564998626708984,45.564998626708984,45.564998626708984,45.564998626708984,103.0
2024-10-25 14:05:00+00:00,SNPS,502.4200134277344,502.4200134277344,502.4200134277344,502.4200134277344,502.4200134277344,685.0
2024-10-25 14:05:00+00:00,SONO,12.675000190734863,12.675000190734863,12.675000190734863,12.675000190734863,12.675000190734863,4363.0
2024-10-25 14:05:00+00:00,SOUN,5.159999847412109,5.159999847412109,5.170000076293945,5.159999847412109,5.164999961853027,56189.0
2024-10-25 14:05:00+00:00,SPSC,173.69500732421875,173.69500732421875,173.69500732421875,173.69500732421875,173.69500732421875,419.0
2024-10-25 14:05:00+00:00,SSNC,69.62999725341797,69.62999725341797,69.69999694824219,69.62999725341797,69.69999694824219,3631.0
2024-10-25 14:05:00+00:00,SSYS,7.039999961853027,7.039999961853027,7.039999961853027,7.039999961853027,7.039999961853027,292.0
2024-10-25 14:05:00+00:00,STNE,11.5600004196167,11.5600004196167,11.569999694824219,11.555000305175781,11.5600004196167,14001.0
2024-10-25 14:05:00+00:00,STX,103.38999938964844,103.38999938964844,103.41999816894531,103.36000061035156,103.375,3144.0
2024-10-25 14:05:00+00:00,SURG,1.7409000396728516,1.7409000396728516,1.7409000396728516,1.7409000396728516,1.7409000396728516,0.0
2024-10-25 14:05:00+00:00,SVRE,0.07850000262260437,0.07850000262260437,0.07850000262260437,0.07850000262260437,0.07850000262260437,1663.0
2024-10-25 14:05:00+00:00,SWKS,95.95999908447266,95.95999908447266,95.95999908447266,95.95999908447266,95.95999908447266,711.0
2024-10-25 14:05:00+00:00,SYNA,72.3499984741211,72.3499984741211,72.44999694824219,72.3499984741211,72.44999694824219,438.0
2024-10-25 14:05:00+00:00,SYTA,1.2899999618530273,1.2899999618530273,1.2900999784469604,1.2899999618530273,1.2900999784469604,3600.0
2024-10-25 14:05:00+00:00,TEAM,188.77999877929688,188.77999877929688,188.85000610351562,188.6300048828125,188.6300048828125,4580.0
2024-10-25 14:05:00+00:00,TENB,41.599998474121094,41.599998474121094,41.599998474121094,41.599998474121094,41.599998474121094,1120.0
2024-10-25 14:05:00+00:00,TER,112.4000015258789,112.4000015258789,112.58000183105469,112.38999938964844,112.57499694824219,9997.0
2024-10-25 14:05:00+00:00,TRMB,60.9900016784668,60.9900016784668,60.9900016784668,60.9900016784668,60.9900016784668,689.0
2024-10-25 14:05:00+00:00,TTD,118.3499984741211,118.3499984741211,118.42250061035156,118.3499984741211,118.42250061035156,1016.0
2024-10-25 14:05:00+00:00,TWKS,4.440000057220459,4.440000057220459,4.440000057220459,4.440000057220459,4.440000057220459,5352.0
2024-10-25 14:05:00+00:00,TXN,207.3800048828125,207.3800048828125,207.5399932861328,207.3800048828125,207.5,4607.0
2024-10-25 14:05:00+00:00,UCTT,35.619998931884766,35.619998931884766,35.619998931884766,35.619998931884766,35.619998931884766,153.0
2024-10-25 14:05:00+00:00,UEIC,8.0600004196167,8.0600004196167,8.0600004196167,8.0600004196167,8.0600004196167,105.0
2024-10-25 14:05:00+00:00,UPLD,2.124000072479248,2.124000072479248,2.124000072479248,2.124000072479248,2.124000072479248,76.0
2024-10-25 14:05:00+00:00,VECO,29.291200637817383,29.291200637817383,29.299999237060547,29.291200637817383,29.299999237060547,750.0
2024-10-25 14:05:00+00:00,VERI,3.390000104904175,3.390000104904175,3.390000104904175,3.390000104904175,3.390000104904175,300.0
2024-10-25 14:05:00+00:00,VERX,41.65999984741211,41.65999984741211,41.65999984741211,41.65999984741211,41.65999984741211,228.0
2024-10-25 14:05:00+00:00,VICR,46.41999816894531,46.41999816894531,46.41999816894531,46.41999816894531,46.41999816894531,1210.0
2024-10-25 14:05:00+00:00,VNET,3.4049999713897705,3.4049999713897705,3.4049999713897705,3.4049999713897705,3.4049999713897705,200.0
2024-10-25 14:05:00+00:00,VRNS,56.709999084472656,56.709999084472656,56.75,56.70500183105469,56.720001220703125,2806.0
2024-10-25 14:05:00+00:00,VSAT,10.145000457763672,10.145000457763672,10.149999618530273,10.139200210571289,10.140000343322754,4101.0
2024-10-25 14:05:00+00:00,WDAY,238.81500244140625,238.81500244140625,238.81500244140625,238.81500244140625,238.81500244140625,101.0
2024-10-25 14:05:00+00:00,WDC,69.91999816894531,69.91999816894531,69.9800033569336,69.875,69.87999725341797,14203.0
2024-10-25 14:05:00+00:00,WISA,1.999899983406067,1.999899983406067,1.999899983406067,1.999899983406067,1.999899983406067,187.0
2024-10-25 14:05:00+00:00,XRX,9.934200286865234,9.934200286865234,9.9350004196167,9.934200286865234,9.9350004196167,1053.0
2024-10-25 14:05:00+00:00,ZI,10.479999542236328,10.479999542236328,10.479999542236328,10.479999542236328,10.479999542236328,1546.0
2024-10-25 14:05:00+00:00,ZM,72.9000015258789,72.9000015258789,72.91000366210938,72.80999755859375,72.80999755859375,13098.0
2024-10-25 14:05:00+00:00,ZS,184.55999755859375,184.55999755859375,184.55999755859375,184.55999755859375,184.55999755859375,370.0
2024-10-25 14:06:00+00:00,AAOI,17.649900436401367,17.649900436401367,17.649900436401367,17.62299919128418,17.63599967956543,3705.0
2024-10-25 14:06:00+00:00,AAPL,231.29379272460938,231.29379272460938,231.42999267578125,231.2899932861328,231.4199981689453,27463.0
2024-10-25 14:06:00+00:00,ACIW,48.790000915527344,48.790000915527344,48.790000915527344,48.790000915527344,48.790000915527344,541.0
2024-10-25 14:06:00+00:00,ACMR,19.590099334716797,19.590099334716797,19.590099334716797,19.590099334716797,19.590099334716797,1169.0
2024-10-25 14:06:00+00:00,ADBE,483.7699890136719,483.7699890136719,483.875,483.67010498046875,483.8699951171875,1900.0
2024-10-25 14:06:00+00:00,ADI,231.0,231.0,231.10000610351562,231.0,231.10000610351562,2786.0
2024-10-25 14:06:00+00:00,ADSK,285.5,285.5,285.57501220703125,285.5,285.57501220703125,1250.0
2024-10-25 14:06:00+00:00,ADTN,6.324999809265137,6.324999809265137,6.324999809265137,6.324999809265137,6.324999809265137,489.0
2024-10-25 14:06:00+00:00,AEHR,16.65999984741211,16.65999984741211,16.729999542236328,16.65999984741211,16.729999542236328,3698.0
2024-10-25 14:06:00+00:00,AEYE,22.399999618530273,22.399999618530273,22.399999618530273,22.399999618530273,22.399999618530273,298.0
2024-10-25 14:06:00+00:00,AFRM,41.23649978637695,41.23649978637695,41.255001068115234,41.220001220703125,41.23500061035156,9212.0
2024-10-25 14:06:00+00:00,AKAM,101.94999694824219,101.94999694824219,102.01000213623047,101.94999694824219,102.01000213623047,48639.0
2024-10-25 14:06:00+00:00,ALGM,22.920000076293945,22.920000076293945,22.979999542236328,22.920000076293945,22.961299896240234,3660.0
2024-10-25 14:06:00+00:00,ALKT,37.97999954223633,37.97999954223633,38.01499938964844,37.97999954223633,38.01499938964844,836.0
2024-10-25 14:06:00+00:00,AMAT,186.9499969482422,186.9499969482422,187.1999969482422,186.9499969482422,187.1125030517578,5870.0
2024-10-25 14:06:00+00:00,AMD,156.039794921875,156.039794921875,156.21499633789062,156.00999450683594,156.17999267578125,37097.0
2024-10-25 14:06:00+00:00,AMKR,29.905000686645508,29.905000686645508,29.90999984741211,29.905000686645508,29.90999984741211,750.0
2024-10-25 14:06:00+00:00,AMPL,9.079999923706055,9.079999923706055,9.079999923706055,9.079999923706055,9.079999923706055,584.0
2024-10-25 14:06:00+00:00,ANSS,323.43499755859375,323.43499755859375,323.43499755859375,323.43499755859375,323.43499755859375,221.0
2024-10-25 14:06:00+00:00,APP,160.2368927001953,160.2368927001953,160.44540405273438,160.1699981689453,160.36500549316406,8438.0
2024-10-25 14:06:00+00:00,APPF,212.0,212.0,212.0,212.0,212.0,405.0
2024-10-25 14:06:00+00:00,APPS,3.055000066757202,3.055000066757202,3.055000066757202,3.049999952316284,3.049999952316284,2905.0
2024-10-25 14:06:00+00:00,ARRY,6.329999923706055,6.329999923706055,6.340000152587891,6.329999923706055,6.335999965667725,10615.0
2024-10-25 14:06:00+00:00,ASML,712.72998046875,712.72998046875,713.4550170898438,712.72998046875,713.4550170898438,1756.0
2024-10-25 14:06:00+00:00,ASNS,1.2999999523162842,1.2999999523162842,1.2999999523162842,1.2999999523162842,1.2999999523162842,287.0
2024-10-25 14:06:00+00:00,ASTI,2.699899911880493,2.699899911880493,2.699899911880493,2.699899911880493,2.699899911880493,278.0
2024-10-25 14:06:00+00:00,AUR,6.409999847412109,6.409999847412109,6.425000190734863,6.40500020980835,6.425000190734863,14375.0
2024-10-25 14:06:00+00:00,AVDX,8.050000190734863,8.050000190734863,8.050000190734863,8.050000190734863,8.050000190734863,281.0
2024-10-25 14:06:00+00:00,AVGO,173.7100067138672,173.7100067138672,173.88499450683594,173.7100067138672,173.83999633789062,12062.0
2024-10-25 14:06:00+00:00,AVPT,11.925000190734863,11.925000190734863,11.925000190734863,11.925000190734863,11.925000190734863,543.0
2024-10-25 14:06:00+00:00,AXTI,2.6649999618530273,2.6649999618530273,2.6649999618530273,2.6649999618530273,2.6649999618530273,315.0
2024-10-25 14:06:00+00:00,BAND,17.58099937438965,17.58099937438965,17.58099937438965,17.579999923706055,17.579999923706055,268.0
2024-10-25 14:06:00+00:00,BIGC,5.304999828338623,5.304999828338623,5.304999828338623,5.304999828338623,5.304999828338623,647.0
2024-10-25 14:06:00+00:00,BL,56.084999084472656,56.084999084472656,56.084999084472656,56.084999084472656,56.084999084472656,456.0
2024-10-25 14:06:00+00:00,BLZE,7.159999847412109,7.159999847412109,7.159999847412109,7.159999847412109,7.159999847412109,284.0
2024-10-25 14:06:00+00:00,BMBL,7.110000133514404,7.110000133514404,7.114999771118164,7.110000133514404,7.114999771118164,2244.0
2024-10-25 14:06:00+00:00,BSY,49.14500045776367,49.14500045776367,49.15760040283203,49.141998291015625,49.14500045776367,1413.0
2024-10-25 14:06:00+00:00,CAMT,77.53500366210938,77.53500366210938,77.53500366210938,77.53500366210938,77.53500366210938,271.0
2024-10-25 14:06:00+00:00,CAN,0.9710000157356262,0.9710000157356262,0.9758999943733215,0.9710000157356262,0.9710999727249146,25632.0
2024-10-25 14:06:00+00:00,CDNS,257.614990234375,257.614990234375,257.7200012207031,257.614990234375,257.7200012207031,2416.0
2024-10-25 14:06:00+00:00,CDW,218.0850067138672,218.0850067138672,218.0850067138672,218.00999450683594,218.00999450683594,283.0
2024-10-25 14:06:00+00:00,CETX,0.30169999599456787,0.30169999599456787,0.30169999599456787,0.30169999599456787,0.30169999599456787,3818.0
2024-10-25 14:06:00+00:00,CEVA,23.94499969482422,23.94499969482422,23.94499969482422,23.94499969482422,23.94499969482422,202.0
2024-10-25 14:06:00+00:00,CFLT,22.559999465942383,22.559999465942383,22.575000762939453,22.549999237060547,22.575000762939453,11551.0
2024-10-25 14:06:00+00:00,CGNX,38.83000183105469,38.83000183105469,38.849998474121094,38.83000183105469,38.84000015258789,986.0
2024-10-25 14:06:00+00:00,CLBT,18.190000534057617,18.190000534057617,18.194299697875977,18.190000534057617,18.194299697875977,600.0
2024-10-25 14:06:00+00:00,CLSK,11.460000038146973,11.460000038146973,11.494999885559082,11.454000473022461,11.489999771118164,158388.0
2024-10-25 14:06:00+00:00,CNDT,3.615000009536743,3.615000009536743,3.615000009536743,3.615000009536743,3.615000009536743,600.0
2024-10-25 14:06:00+00:00,CNXC,44.310001373291016,44.310001373291016,44.310001373291016,44.310001373291016,44.310001373291016,903.0
2024-10-25 14:06:00+00:00,COHR,95.30999755859375,95.30999755859375,95.36000061035156,95.30999755859375,95.31999969482422,694.0
2024-10-25 14:06:00+00:00,COHU,25.975000381469727,25.975000381469727,25.975000381469727,25.975000381469727,25.975000381469727,187.0
2024-10-25 14:06:00+00:00,COIN,205.03880310058594,205.03880310058594,205.72999572753906,205.03880310058594,205.58999633789062,36907.0
2024-10-25 14:06:00+00:00,COMM,6.204999923706055,6.204999923706055,6.216000080108643,6.204999923706055,6.216000080108643,14516.0
2024-10-25 14:06:00+00:00,CORZ,13.220000267028809,13.220000267028809,13.246000289916992,13.204999923706055,13.246000289916992,21723.0
2024-10-25 14:06:00+00:00,CRCT,6.574999809265137,6.574999809265137,6.574999809265137,6.574999809265137,6.574999809265137,105.0
2024-10-25 14:06:00+00:00,CRDO,39.064998626708984,39.064998626708984,39.064998626708984,39.060001373291016,39.060001373291016,423.0
2024-10-25 14:06:00+00:00,CRNC,2.930000066757202,2.930000066757202,2.930000066757202,2.924999952316284,2.924999952316284,800.0
2024-10-25 14:06:00+00:00,CRSR,6.304999828338623,6.304999828338623,6.304999828338623,6.304999828338623,6.304999828338623,434.0
2024-10-25 14:06:00+00:00,CRUS,122.3499984741211,122.3499984741211,122.3499984741211,122.33000183105469,122.33000183105469,766.0
2024-10-25 14:06:00+00:00,CRWD,296.2200012207031,296.2200012207031,296.54998779296875,296.1929016113281,296.239990234375,8217.0
2024-10-25 14:06:00+00:00,CSCO,55.69499969482422,55.69499969482422,55.70500183105469,55.685001373291016,55.700401306152344,10214.0
2024-10-25 14:06:00+00:00,CSIQ,13.350000381469727,13.350000381469727,13.354999542236328,13.34000015258789,13.350000381469727,58186.0
2024-10-25 14:06:00+00:00,CTLP,8.859999656677246,8.859999656677246,8.859999656677246,8.859999656677246,8.859999656677246,210.0
2024-10-25 14:06:00+00:00,CTSH,74.75499725341797,74.75499725341797,74.75499725341797,74.72000122070312,74.72000122070312,6025.0
2024-10-25 14:06:00+00:00,DBX,25.934999465942383,25.934999465942383,25.934999465942383,25.924999237060547,25.93000030517578,2651.0
2024-10-25 14:06:00+00:00,DDOG,126.26000213623047,126.26000213623047,126.32499694824219,126.25,126.32499694824219,5377.0
2024-10-25 14:06:00+00:00,DLO,8.854999542236328,8.854999542236328,8.854999542236328,8.854999542236328,8.854999542236328,1223.0
2024-10-25 14:06:00+00:00,DOCU,69.03500366210938,69.03500366210938,69.05000305175781,69.00499725341797,69.01000213623047,3926.0
2024-10-25 14:06:00+00:00,DUOL,287.3699951171875,287.3699951171875,287.3699951171875,287.3699951171875,287.3699951171875,211.0
2024-10-25 14:06:00+00:00,EGAN,4.783999919891357,4.783999919891357,4.783999919891357,4.783999919891357,4.783999919891357,127.0
2024-10-25 14:06:00+00:00,ENPH,83.13300323486328,83.13300323486328,83.13300323486328,83.04000091552734,83.12000274658203,5143.0
2024-10-25 14:06:00+00:00,ENTG,104.65499877929688,104.65499877929688,104.65499877929688,104.63999938964844,104.63999938964844,1556.0
2024-10-25 14:06:00+00:00,ERIC,8.454999923706055,8.454999923706055,8.454999923706055,8.454999923706055,8.454999923706055,10781.0
2024-10-25 14:06:00+00:00,EXLS,38.68000030517578,38.68000030517578,38.68000030517578,38.68000030517578,38.68000030517578,679.0
2024-10-25 14:06:00+00:00,EXTR,14.330300331115723,14.330300331115723,14.330300331115723,14.330100059509277,14.330100059509277,1378.0
2024-10-25 14:06:00+00:00,FIVN,29.809999465942383,29.809999465942383,29.829999923706055,29.809999465942383,29.829999923706055,736.0
2024-10-25 14:06:00+00:00,FLEX,35.071998596191406,35.071998596191406,35.084999084472656,35.064998626708984,35.06999969482422,3373.0
2024-10-25 14:06:00+00:00,FLYW,17.309999465942383,17.309999465942383,17.31999969482422,17.284900665283203,17.284900665283203,2278.0
2024-10-25 14:06:00+00:00,FORM,44.70000076293945,44.70000076293945,44.70000076293945,44.70000076293945,44.70000076293945,663.0
2024-10-25 14:06:00+00:00,FRGT,1.8727999925613403,1.8727999925613403,1.8727999925613403,1.8727999925613403,1.8727999925613403,891.0
2024-10-25 14:06:00+00:00,FROG,29.15999984741211,29.15999984741211,29.174999237060547,29.15999984741211,29.174999237060547,2470.0
2024-10-25 14:06:00+00:00,FRSH,11.604999542236328,11.604999542236328,11.604999542236328,11.604999542236328,11.604999542236328,242.0
2024-10-25 14:06:00+00:00,FTCI,0.6521999835968018,0.6521999835968018,0.6521999835968018,0.6521999835968018,0.6521999835968018,902.0
2024-10-25 14:06:00+00:00,FTNT,80.5,80.5,80.54000091552734,80.5,80.5199966430664,3540.0
2024-10-25 14:06:00+00:00,GCT,24.628000259399414,24.628000259399414,24.649999618530273,24.628000259399414,24.635000228881836,1357.0
2024-10-25 14:06:00+00:00,GDS,21.315000534057617,21.315000534057617,21.325000762939453,21.315000534057617,21.325000762939453,577.0
2024-10-25 14:06:00+00:00,GDYN,15.520000457763672,15.520000457763672,15.520000457763672,15.5,15.505000114440918,1402.0
2024-10-25 14:06:00+00:00,GFS,40.65999984741211,40.65999984741211,40.68000030517578,40.65999984741211,40.68000030517578,2105.0
2024-10-25 14:06:00+00:00,GRAB,4.085000038146973,4.085000038146973,4.0883002281188965,4.085000038146973,4.085000038146973,51548.0
2024-10-25 14:06:00+00:00,GRRR,4.480100154876709,4.480100154876709,4.480100154876709,4.480100154876709,4.480100154876709,2000.0
2024-10-25 14:06:00+00:00,GTLB,55.290000915527344,55.290000915527344,55.33000183105469,55.279998779296875,55.279998779296875,4565.0
2024-10-25 14:06:00+00:00,GVP,4.599999904632568,4.599999904632568,4.599999904632568,4.599999904632568,4.599999904632568,311.0
2024-10-25 14:06:00+00:00,HCP,33.66999816894531,33.66999816894531,33.66999816894531,33.662498474121094,33.662498474121094,2032.0
2024-10-25 14:06:00+00:00,HLIT,14.734999656677246,14.734999656677246,14.734999656677246,14.734999656677246,14.734999656677246,396.0
2024-10-25 14:06:00+00:00,HOLO,3.58870005607605,3.58870005607605,3.5899999141693115,3.5801000595092773,3.5899999141693115,3785.0
2024-10-25 14:06:00+00:00,HOOD,27.03499984741211,27.03499984741211,27.045000076293945,27.013200759887695,27.03499984741211,15261.0
2024-10-25 14:06:00+00:00,INFN,6.764999866485596,6.764999866485596,6.764999866485596,6.764999866485596,6.764999866485596,270.0
2024-10-25 14:06:00+00:00,INOD,20.110000610351562,20.110000610351562,20.110000610351562,20.110000610351562,20.110000610351562,275.0
2024-10-25 14:06:00+00:00,INTA,49.91999816894531,49.91999816894531,49.92499923706055,49.91999816894531,49.92499923706055,389.0
2024-10-25 14:06:00+00:00,INTC,22.809999465942383,22.809999465942383,22.829999923706055,22.809999465942383,22.825000762939453,70961.0
2024-10-25 14:06:00+00:00,INTU,608.614990234375,608.614990234375,608.614990234375,608.5,608.5,755.0
2024-10-25 14:06:00+00:00,IPGP,77.05000305175781,77.05000305175781,77.05000305175781,77.0,77.0,2364.0
2024-10-25 14:06:00+00:00,JAMF,16.709999084472656,16.709999084472656,16.709999084472656,16.709999084472656,16.709999084472656,350.0
2024-10-25 14:06:00+00:00,JKHY,182.50999450683594,182.50999450683594,182.50999450683594,182.50999450683594,182.50999450683594,927.0
2024-10-25 14:06:00+00:00,KC,2.690000057220459,2.690000057220459,2.694999933242798,2.690000057220459,2.690000057220459,3538.0
2024-10-25 14:06:00+00:00,KLAC,674.864990234375,674.864990234375,675.3499755859375,674.864990234375,675.3499755859375,2062.0
2024-10-25 14:06:00+00:00,KLIC,44.290000915527344,44.290000915527344,44.290000915527344,44.290000915527344,44.290000915527344,490.0
2024-10-25 14:06:00+00:00,KOPN,0.7670000195503235,0.7670000195503235,0.7670000195503235,0.7670000195503235,0.7670000195503235,0.0
2024-10-25 14:06:00+00:00,LINK,4.656499862670898,4.656499862670898,4.656499862670898,4.651599884033203,4.651599884033203,1203.0
2024-10-25 14:06:00+00:00,LITE,64.0199966430664,64.0199966430664,64.0199966430664,64.0199966430664,64.0199966430664,353.0
2024-10-25 14:06:00+00:00,LPSN,1.1540000438690186,1.1540000438690186,1.159999966621399,1.1475000381469727,1.149999976158142,13862.0
2024-10-25 14:06:00+00:00,LRCX,78.43000030517578,78.43000030517578,78.51000213623047,78.41999816894531,78.44000244140625,12161.0
2024-10-25 14:06:00+00:00,LSCC,54.064998626708984,54.064998626708984,54.08000183105469,54.060001373291016,54.06949996948242,2069.0
2024-10-25 14:06:00+00:00,LTRX,4.077099800109863,4.077099800109863,4.077099800109863,4.077099800109863,4.077099800109863,1103.0
2024-10-25 14:06:00+00:00,LYFT,13.710000038146973,13.710000038146973,13.720000267028809,13.704999923706055,13.71500015258789,19078.0
2024-10-25 14:06:00+00:00,MAXN,5.579999923706055,5.579999923706055,5.579999923706055,5.579999923706055,5.579999923706055,1561.0
2024-10-25 14:06:00+00:00,MCHP,76.44999694824219,76.44999694824219,76.48999786376953,76.44999694824219,76.4800033569336,6225.0
2024-10-25 14:06:00+00:00,MDB,266.5199890136719,266.5199890136719,266.5350036621094,266.5199890136719,266.5350036621094,580.0
2024-10-25 14:06:00+00:00,MITK,8.760000228881836,8.760000228881836,8.770000457763672,8.760000228881836,8.770000457763672,1574.0
2024-10-25 14:06:00+00:00,MNDY,299.20001220703125,299.20001220703125,299.20001220703125,299.1199951171875,299.1199951171875,385.0
2024-10-25 14:06:00+00:00,MOB,1.3164000511169434,1.3164000511169434,1.3164000511169434,1.3164000511169434,1.3164000511169434,1050.0
2024-10-25 14:06:00+00:00,MPWR,911.6799926757812,911.6799926757812,911.6799926757812,911.6799926757812,911.6799926757812,315.0
2024-10-25 14:06:00+00:00,MQ,5.275000095367432,5.275000095367432,5.28000020980835,5.275000095367432,5.275000095367432,2327.0
2024-10-25 14:06:00+00:00,MRVL,81.80999755859375,81.80999755859375,81.86499786376953,81.80000305175781,81.83000183105469,5929.0
2024-10-25 14:06:00+00:00,MSFT,427.6400146484375,427.6400146484375,427.82000732421875,427.6400146484375,427.7427978515625,11080.0
2024-10-25 14:06:00+00:00,MSTR,230.43499755859375,230.43499755859375,231.40989685058594,230.10000610351562,231.02999877929688,92957.0
2024-10-25 14:06:00+00:00,MTSI,120.12999725341797,120.12999725341797,120.19000244140625,120.12999725341797,120.19000244140625,1108.0
2024-10-25 14:06:00+00:00,MTTR,4.59499979019165,4.59499979019165,4.599999904632568,4.59499979019165,4.599999904632568,5717.0
2024-10-25 14:06:00+00:00,MU,107.97000122070312,107.97000122070312,108.05999755859375,107.97000122070312,108.04000091552734,11362.0
2024-10-25 14:06:00+00:00,MVIS,1.0700000524520874,1.0700000524520874,1.0700000524520874,1.0700000524520874,1.0700000524520874,509.0
2024-10-25 14:06:00+00:00,MXL,14.800000190734863,14.800000190734863,14.800000190734863,14.789999961853027,14.789999961853027,732.0
2024-10-25 14:06:00+00:00,MYNA,1.1399999856948853,1.1399999856948853,1.1399999856948853,1.1399999856948853,1.1399999856948853,413.0
2024-10-25 14:06:00+00:00,NTNX,62.029998779296875,62.029998779296875,62.029998779296875,62.02000045776367,62.02000045776367,10404.0
2024-10-25 14:06:00+00:00,NVDA,141.37210083007812,141.37210083007812,141.6699981689453,141.3699951171875,141.6699981689453,603321.0
2024-10-25 14:06:00+00:00,NVEI,33.494998931884766,33.494998931884766,33.494998931884766,33.494998931884766,33.494998931884766,223.0
2024-10-25 14:06:00+00:00,NVMI,183.00999450683594,183.00999450683594,183.00999450683594,183.00999450683594,183.00999450683594,224.0
2024-10-25 14:06:00+00:00,NVTS,2.532599925994873,2.532599925994873,2.532599925994873,2.5299999713897705,2.5299999713897705,6566.0
2024-10-25 14:06:00+00:00,NXPI,243.3699951171875,243.3699951171875,243.3699951171875,243.32000732421875,243.36000061035156,1712.0
2024-10-25 14:06:00+00:00,OKTA,72.05500030517578,72.05500030517578,72.05500030517578,72.0250015258789,72.04000091552734,1148.0
2024-10-25 14:06:00+00:00,OLED,203.22000122070312,203.22000122070312,203.22000122070312,203.22000122070312,203.22000122070312,360.0
2024-10-25 14:06:00+00:00,ON,71.2750015258789,71.2750015258789,71.31999969482422,71.26000213623047,71.27999877929688,7463.0
2024-10-25 14:06:00+00:00,ONDS,0.8338000178337097,0.8338000178337097,0.8384000062942505,0.8338000178337097,0.8384000062942505,11707.0
2024-10-25 14:06:00+00:00,PAYO,8.305000305175781,8.305000305175781,8.305000305175781,8.305000305175781,8.305000305175781,1342.0
2024-10-25 14:06:00+00:00,PEGA,79.13999938964844,79.13999938964844,79.13999938964844,79.11399841308594,79.11399841308594,1449.0
2024-10-25 14:06:00+00:00,PEGY,4.940000057220459,4.940000057220459,4.960000038146973,4.925099849700928,4.925099849700928,7226.0
2024-10-25 14:06:00+00:00,PGY,11.6899995803833,11.6899995803833,11.710000038146973,11.6899995803833,11.710000038146973,2034.0
2024-10-25 14:06:00+00:00,PHUN,10.20199966430664,10.20199966430664,10.3100004196167,10.199999809265137,10.3100004196167,122795.0
2024-10-25 14:06:00+00:00,PLXS,141.4499969482422,141.4499969482422,141.4600067138672,141.3699951171875,141.3699951171875,860.0
2024-10-25 14:06:00+00:00,POET,3.8299999237060547,3.8299999237060547,3.8299999237060547,3.8299999237060547,3.8299999237060547,605.0
2024-10-25 14:06:00+00:00,PTC,185.99000549316406,185.99000549316406,185.99000549316406,185.99000549316406,185.99000549316406,471.0
2024-10-25 14:06:00+00:00,PYCR,14.270000457763672,14.270000457763672,14.279999732971191,14.239999771118164,14.239999771118164,4141.0
2024-10-25 14:06:00+00:00,QCOM,171.05499267578125,171.05499267578125,171.14999389648438,171.05499267578125,171.1199951171875,6485.0
2024-10-25 14:06:00+00:00,QRVO,99.68000030517578,99.68000030517578,99.75,99.68000030517578,99.73999786376953,2223.0
2024-10-25 14:06:00+00:00,RCAT,2.744999885559082,2.744999885559082,2.744999885559082,2.744999885559082,2.744999885559082,993.0
2024-10-25 14:06:00+00:00,RELY,14.885000228881836,14.885000228881836,14.885000228881836,14.880000114440918,14.880000114440918,740.0
2024-10-25 14:06:00+00:00,RGTI,1.215000033378601,1.215000033378601,1.215000033378601,1.2115999460220337,1.2146999835968018,7767.0
2024-10-25 14:06:00+00:00,RGTIW,0.1657000035047531,0.1657000035047531,0.1657000035047531,0.1657000035047531,0.1657000035047531,1300.0
2024-10-25 14:06:00+00:00,RIOT,9.675000190734863,9.675000190734863,9.6899995803833,9.65999984741211,9.6899995803833,63893.0
2024-10-25 14:06:00+00:00,RMBS,43.220001220703125,43.220001220703125,43.27000045776367,43.220001220703125,43.255001068115234,3210.0
2024-10-25 14:06:00+00:00,RPAY,7.590000152587891,7.590000152587891,7.590000152587891,7.590000152587891,7.590000152587891,247.0
2024-10-25 14:06:00+00:00,RUM,5.735000133514404,5.735000133514404,5.735000133514404,5.735000133514404,5.735000133514404,610.0
2024-10-25 14:06:00+00:00,RUN,14.3100004196167,14.3100004196167,14.3149995803833,14.305000305175781,14.3100004196167,4657.0
2024-10-25 14:06:00+00:00,SANM,67.44999694824219,67.44999694824219,67.44999694824219,67.44999694824219,67.44999694824219,216.0
2024-10-25 14:06:00+00:00,SEDG,15.8100004196167,15.8100004196167,15.8100004196167,15.800000190734863,15.8100004196167,6782.0
2024-10-25 14:06:00+00:00,SHLS,5.239999771118164,5.239999771118164,5.244999885559082,5.239999771118164,5.244999885559082,19634.0
2024-10-25 14:06:00+00:00,SKYT,10.529999732971191,10.529999732971191,10.529999732971191,10.529999732971191,10.529999732971191,973.0
2024-10-25 14:06:00+00:00,SLNHP,12.989999771118164,12.989999771118164,12.989999771118164,12.989999771118164,12.989999771118164,1100.0
2024-10-25 14:06:00+00:00,SMCI,47.000099182128906,47.000099182128906,47.040000915527344,47.0,47.040000915527344,40751.0
2024-10-25 14:06:00+00:00,SMTC,45.57500076293945,45.57500076293945,45.57500076293945,45.57500076293945,45.57500076293945,394.0
2024-10-25 14:06:00+00:00,SNPS,501.69000244140625,501.69000244140625,501.69000244140625,501.69000244140625,501.69000244140625,1056.0
2024-10-25 14:06:00+00:00,SONO,12.6899995803833,12.6899995803833,12.6899995803833,12.675000190734863,12.675000190734863,4098.0
2024-10-25 14:06:00+00:00,SOUN,5.15500020980835,5.15500020980835,5.159900188446045,5.150000095367432,5.15500020980835,14419.0
2024-10-25 14:06:00+00:00,SOUNW,1.8766000270843506,1.8766000270843506,1.8766000270843506,1.8766000270843506,1.8766000270843506,0.0
2024-10-25 14:06:00+00:00,SPSC,173.69500732421875,173.69500732421875,173.69500732421875,173.69500732421875,173.69500732421875,635.0
2024-10-25 14:06:00+00:00,SPT,26.764999389648438,26.764999389648438,26.764999389648438,26.762500762939453,26.762500762939453,724.0
2024-10-25 14:06:00+00:00,SRAD,12.354999542236328,12.354999542236328,12.359999656677246,12.350000381469727,12.354999542236328,2157.0
2024-10-25 14:06:00+00:00,SSNC,69.5999984741211,69.5999984741211,69.6449966430664,69.5801010131836,69.62000274658203,14753.0
2024-10-25 14:06:00+00:00,SSYS,7.039999961853027,7.039999961853027,7.045000076293945,7.039999961853027,7.045000076293945,1093.0
2024-10-25 14:06:00+00:00,STNE,11.53499984741211,11.53499984741211,11.550000190734863,11.53499984741211,11.550000190734863,6044.0
2024-10-25 14:06:00+00:00,STX,103.30999755859375,103.30999755859375,103.36000061035156,103.30999755859375,103.36000061035156,3579.0
2024-10-25 14:06:00+00:00,SWKS,95.81999969482422,95.81999969482422,95.86000061035156,95.81999969482422,95.86000061035156,836.0
2024-10-25 14:06:00+00:00,SYNA,72.33000183105469,72.33000183105469,72.33000183105469,72.33000183105469,72.33000183105469,429.0
2024-10-25 14:06:00+00:00,SYTA,1.2903000116348267,1.2903000116348267,1.2949999570846558,1.2899999618530273,1.2899999618530273,950.0
2024-10-25 14:06:00+00:00,TACT,4.170000076293945,4.170000076293945,4.170000076293945,4.170000076293945,4.170000076293945,180.0
2024-10-25 14:06:00+00:00,TEAM,188.77999877929688,188.77999877929688,188.94500732421875,188.64999389648438,188.75,13361.0
2024-10-25 14:06:00+00:00,TENB,41.56999969482422,41.56999969482422,41.6150016784668,41.56999969482422,41.6150016784668,1874.0
2024-10-25 14:06:00+00:00,TER,112.4000015258789,112.4000015258789,112.46990203857422,112.375,112.38500213623047,11129.0
2024-10-25 14:06:00+00:00,TRMB,60.935001373291016,60.935001373291016,60.95000076293945,60.935001373291016,60.95000076293945,794.0
2024-10-25 14:06:00+00:00,TTD,118.27999877929688,118.27999877929688,118.33499908447266,118.27999877929688,118.33499908447266,803.0
2024-10-25 14:06:00+00:00,TTEC,5.340000152587891,5.340000152587891,5.340000152587891,5.340000152587891,5.340000152587891,549.0
2024-10-25 14:06:00+00:00,TTMI,19.56999969482422,19.56999969482422,19.56999969482422,19.56999969482422,19.56999969482422,555.0
2024-10-25 14:06:00+00:00,TWKS,4.440000057220459,4.440000057220459,4.449999809265137,4.440000057220459,4.440000057220459,2780.0
2024-10-25 14:06:00+00:00,TXN,207.25,207.25,207.3699951171875,207.22000122070312,207.36000061035156,5935.0
2024-10-25 14:06:00+00:00,UCTT,35.59000015258789,35.59000015258789,35.61000061035156,35.59000015258789,35.61000061035156,1107.0
2024-10-25 14:06:00+00:00,UEIC,8.06879997253418,8.06879997253418,8.079999923706055,8.06879997253418,8.079999923706055,2608.0
2024-10-25 14:06:00+00:00,VECO,29.280000686645508,29.280000686645508,29.280000686645508,29.280000686645508,29.280000686645508,472.0
2024-10-25 14:06:00+00:00,VERI,3.380000114440918,3.380000114440918,3.390000104904175,3.380000114440918,3.390000104904175,652.0
2024-10-25 14:06:00+00:00,VERX,41.63999938964844,41.63999938964844,41.63999938964844,41.63999938964844,41.63999938964844,512.0
2024-10-25 14:06:00+00:00,VIAV,9.210000038146973,9.210000038146973,9.210000038146973,9.210000038146973,9.210000038146973,322.0
2024-10-25 14:06:00+00:00,VISL,6.200099945068359,6.200099945068359,6.200099945068359,6.200099945068359,6.200099945068359,109.0
2024-10-25 14:06:00+00:00,VMEO,4.744999885559082,4.744999885559082,4.744999885559082,4.744999885559082,4.744999885559082,1003.0
2024-10-25 14:06:00+00:00,VRNS,56.665000915527344,56.665000915527344,56.67499923706055,56.662498474121094,56.67499923706055,548.0
2024-10-25 14:06:00+00:00,VRNT,21.93000030517578,21.93000030517578,21.93000030517578,21.93000030517578,21.93000030517578,591.0
2024-10-25 14:06:00+00:00,VRSN,183.3000030517578,183.3000030517578,183.42999267578125,183.3000030517578,183.39999389648438,2828.0
2024-10-25 14:06:00+00:00,VSAT,10.140000343322754,10.140000343322754,10.140000343322754,10.140000343322754,10.140000343322754,917.0
2024-10-25 14:06:00+00:00,VUZI,1.3049999475479126,1.3049999475479126,1.305999994277954,1.3049999475479126,1.305999994277954,890.0
2024-10-25 14:06:00+00:00,WDAY,238.64999389648438,238.64999389648438,238.81500244140625,238.64999389648438,238.81500244140625,1126.0
2024-10-25 14:06:00+00:00,WDC,69.91000366210938,69.91000366210938,69.9800033569336,69.875,69.9000015258789,14524.0
2024-10-25 14:06:00+00:00,WISA,2.0,2.0,2.0,1.9774999618530273,1.9900000095367432,17080.0
2024-10-25 14:06:00+00:00,WIX,164.27000427246094,164.27000427246094,164.27000427246094,164.27000427246094,164.27000427246094,331.0
2024-10-25 14:06:00+00:00,WRAP,1.809999942779541,1.809999942779541,1.809999942779541,1.809999942779541,1.809999942779541,1000.0
2024-10-25 14:06:00+00:00,XELA,1.9500999450683594,1.9500999450683594,1.9500999450683594,1.9500999450683594,1.9500999450683594,70.0
2024-10-25 14:06:00+00:00,XPER,9.390000343322754,9.390000343322754,9.390000343322754,9.390000343322754,9.390000343322754,121.0
2024-10-25 14:06:00+00:00,XRX,9.9350004196167,9.9350004196167,9.9350004196167,9.930000305175781,9.9350004196167,1291.0
2024-10-25 14:06:00+00:00,ZBRA,359.94000244140625,359.94000244140625,359.94000244140625,359.94000244140625,359.94000244140625,289.0
2024-10-25 14:06:00+00:00,ZI,10.475000381469727,10.475000381469727,10.479999542236328,10.475000381469727,10.479999542236328,533.0
2024-10-25 14:06:00+00:00,ZM,72.87000274658203,72.87000274658203,72.9000015258789,72.86000061035156,72.9000015258789,11551.0
2024-10-25 14:06:00+00:00,ZS,184.1999969482422,184.1999969482422,184.55499267578125,184.1999969482422,184.55499267578125,6659.0
2024-10-25 14:07:00+00:00,AAOI,17.6299991607666,17.6299991607666,17.63990020751953,17.6299991607666,17.63990020751953,2245.0
2024-10-25 14:07:00+00:00,AAPL,231.4600067138672,231.4600067138672,231.4600067138672,231.25999450683594,231.27999877929688,30423.0
2024-10-25 14:07:00+00:00,ACIW,48.79499816894531,48.79499816894531,48.79499816894531,48.79499816894531,48.79499816894531,421.0
2024-10-25 14:07:00+00:00,ACLS,89.86000061035156,89.86000061035156,89.86000061035156,89.83000183105469,89.83000183105469,409.0
2024-10-25 14:07:00+00:00,ACMR,19.600000381469727,19.600000381469727,19.606000900268555,19.600000381469727,19.606000900268555,835.0
2024-10-25 14:07:00+00:00,ADBE,483.8900146484375,483.8900146484375,483.9100036621094,483.6700134277344,483.6700134277344,3058.0
2024-10-25 14:07:00+00:00,ADI,230.94000244140625,230.94000244140625,231.02000427246094,230.8699951171875,230.88999938964844,7832.0
2024-10-25 14:07:00+00:00,ADTN,6.3109002113342285,6.3109002113342285,6.3109002113342285,6.3109002113342285,6.3109002113342285,559.0
2024-10-25 14:07:00+00:00,AEHR,16.700000762939453,16.700000762939453,16.700000762939453,16.65920066833496,16.65920066833496,5784.0
2024-10-25 14:07:00+00:00,AFRM,41.244998931884766,41.244998931884766,41.25,41.21500015258789,41.220001220703125,6687.0
2024-10-25 14:07:00+00:00,AKAM,101.9800033569336,101.9800033569336,101.9800033569336,101.90499877929688,101.94000244140625,2947.0
2024-10-25 14:07:00+00:00,AKTS,0.05869999900460243,0.05869999900460243,0.05869999900460243,0.05869999900460243,0.05869999900460243,1000.0
2024-10-25 14:07:00+00:00,ALGM,22.950000762939453,22.950000762939453,22.950000762939453,22.920000076293945,22.93000030517578,3602.0
2024-10-25 14:07:00+00:00,AMAT,187.16000366210938,187.16000366210938,187.1699981689453,186.9199981689453,186.9199981689453,4380.0
2024-10-25 14:07:00+00:00,AMD,156.19920349121094,156.19920349121094,156.22999572753906,156.02999877929688,156.02999877929688,37090.0
2024-10-25 14:07:00+00:00,AMKR,29.940000534057617,29.940000534057617,29.940000534057617,29.905000686645508,29.905000686645508,2370.0
2024-10-25 14:07:00+00:00,ANSS,323.43499755859375,323.43499755859375,323.43499755859375,323.43499755859375,323.43499755859375,325.0
2024-10-25 14:07:00+00:00,API,2.875,2.875,2.880000114440918,2.869999885559082,2.875,2618.0
2024-10-25 14:07:00+00:00,APP,160.2720947265625,160.2720947265625,160.2720947265625,160.27000427246094,160.27000427246094,449.0
2024-10-25 14:07:00+00:00,APPN,32.08000183105469,32.08000183105469,32.08000183105469,32.08000183105469,32.08000183105469,1138.0
2024-10-25 14:07:00+00:00,APPS,3.049999952316284,3.049999952316284,3.049999952316284,3.049999952316284,3.049999952316284,5195.0
2024-10-25 14:07:00+00:00,ARRY,6.320000171661377,6.320000171661377,6.329999923706055,6.320000171661377,6.324999809265137,19878.0
2024-10-25 14:07:00+00:00,ATOM,3.299999952316284,3.299999952316284,3.318000078201294,3.299999952316284,3.318000078201294,700.0
2024-10-25 14:07:00+00:00,AVDX,8.039999961853027,8.039999961853027,8.045000076293945,8.039999961853027,8.045000076293945,7197.0
2024-10-25 14:07:00+00:00,AVGO,173.875,173.875,173.89999389648438,173.63999938964844,173.69000244140625,19497.0
2024-10-25 14:07:00+00:00,AVNW,20.809999465942383,20.809999465942383,20.809999465942383,20.799999237060547,20.799999237060547,490.0
2024-10-25 14:07:00+00:00,AVT,53.86000061035156,53.86000061035156,53.86000061035156,53.86000061035156,53.86000061035156,190.0
2024-10-25 14:07:00+00:00,BIGC,5.300000190734863,5.300000190734863,5.300000190734863,5.300000190734863,5.300000190734863,894.0
2024-10-25 14:07:00+00:00,BMBL,7.105000019073486,7.105000019073486,7.105000019073486,7.099999904632568,7.099999904632568,554.0
2024-10-25 14:07:00+00:00,BSY,49.11600112915039,49.11600112915039,49.138999938964844,49.11600112915039,49.12160110473633,853.0
2024-10-25 14:07:00+00:00,CAMT,77.4800033569336,77.4800033569336,77.4800033569336,77.47000122070312,77.4717025756836,622.0
2024-10-25 14:07:00+00:00,CAN,0.972000002861023,0.972000002861023,0.9775000214576721,0.972000002861023,0.9732999801635742,16550.0
2024-10-25 14:07:00+00:00,CDNS,257.6499938964844,257.6499938964844,257.69000244140625,257.4549865722656,257.4549865722656,2152.0
2024-10-25 14:07:00+00:00,CDW,217.8800048828125,217.8800048828125,217.88999938964844,217.8800048828125,217.88999938964844,329.0
2024-10-25 14:07:00+00:00,CETX,0.30140000581741333,0.30140000581741333,0.30169999599456787,0.30140000581741333,0.30169999599456787,9463.0
2024-10-25 14:07:00+00:00,CFLT,22.55500030517578,22.55500030517578,22.559999465942383,22.549999237060547,22.559999465942383,5272.0
2024-10-25 14:07:00+00:00,CGNX,38.83000183105469,38.83000183105469,38.83000183105469,38.81999969482422,38.83000183105469,1164.0
2024-10-25 14:07:00+00:00,CHKP,206.38499450683594,206.38499450683594,206.4600067138672,206.3699951171875,206.4600067138672,2914.0
2024-10-25 14:07:00+00:00,CLBT,18.190000534057617,18.190000534057617,18.200000762939453,18.18000030517578,18.18000030517578,2146.0
2024-10-25 14:07:00+00:00,CLSK,11.479999542236328,11.479999542236328,11.479999542236328,11.425000190734863,11.461000442504883,94857.0
2024-10-25 14:07:00+00:00,CNXC,44.22999954223633,44.22999954223633,44.25,44.22999954223633,44.25,452.0
2024-10-25 14:07:00+00:00,CNXN,69.9021987915039,69.9021987915039,69.9021987915039,69.9021987915039,69.9021987915039,211.0
2024-10-25 14:07:00+00:00,COHR,95.31999969482422,95.31999969482422,95.3499984741211,95.26000213623047,95.26000213623047,2511.0
2024-10-25 14:07:00+00:00,COIN,205.1999969482422,205.1999969482422,205.33030700683594,204.5,205.0,39592.0
2024-10-25 14:07:00+00:00,COMM,6.210000038146973,6.210000038146973,6.215000152587891,6.204999923706055,6.215000152587891,7322.0
2024-10-25 14:07:00+00:00,CORZ,13.15999984741211,13.15999984741211,13.210000038146973,13.149999618530273,13.210000038146973,61928.0
2024-10-25 14:07:00+00:00,CORZW,7.695499897003174,7.695499897003174,7.699999809265137,7.695499897003174,7.699999809265137,6291.0
2024-10-25 14:07:00+00:00,CRDO,39.08000183105469,39.08000183105469,39.099998474121094,39.03499984741211,39.04999923706055,2826.0
2024-10-25 14:07:00+00:00,CRNC,2.924999952316284,2.924999952316284,2.924999952316284,2.924999952316284,2.924999952316284,285.0
2024-10-25 14:07:00+00:00,CRSR,6.300000190734863,6.300000190734863,6.300000190734863,6.300000190734863,6.300000190734863,570.0
2024-10-25 14:07:00+00:00,CRWD,296.20001220703125,296.20001220703125,296.55999755859375,295.95001220703125,295.95001220703125,5862.0
2024-10-25 14:07:00+00:00,CSCO,55.72999954223633,55.72999954223633,55.72999954223633,55.689998626708984,55.69889831542969,7670.0
2024-10-25 14:07:00+00:00,CSGS,47.42499923706055,47.42499923706055,47.42499923706055,47.40999984741211,47.40999984741211,416.0
2024-10-25 14:07:00+00:00,CSIQ,13.329999923706055,13.329999923706055,13.350000381469727,13.329999923706055,13.34000015258789,3078.0
2024-10-25 14:07:00+00:00,CTSH,74.73500061035156,74.73500061035156,74.75,74.71499633789062,74.71499633789062,3765.0
2024-10-25 14:07:00+00:00,CYBR,289.2699890136719,289.2699890136719,289.2799987792969,289.2699890136719,289.2799987792969,467.0
2024-10-25 14:07:00+00:00,DAVE,38.75,38.75,38.75,38.75,38.75,169.0
2024-10-25 14:07:00+00:00,DBX,25.934999465942383,25.934999465942383,25.940000534057617,25.934999465942383,25.934999465942383,3833.0
2024-10-25 14:07:00+00:00,DCBO,45.75040054321289,45.75040054321289,45.75040054321289,45.75040054321289,45.75040054321289,1160.0
2024-10-25 14:07:00+00:00,DDOG,126.32499694824219,126.32499694824219,126.3499984741211,126.26499938964844,126.26499938964844,5754.0
2024-10-25 14:07:00+00:00,DGHI,1.5160000324249268,1.5160000324249268,1.5160000324249268,1.5160000324249268,1.5160000324249268,8500.0
2024-10-25 14:07:00+00:00,DOCU,69.02999877929688,69.02999877929688,69.04000091552734,69.00499725341797,69.0250015258789,8145.0
2024-10-25 14:07:00+00:00,DOMO,8.03499984741211,8.03499984741211,8.039999961853027,8.03499984741211,8.039999961853027,786.0
2024-10-25 14:07:00+00:00,DOX,89.13999938964844,89.13999938964844,89.13999938964844,89.13999938964844,89.13999938964844,569.0
2024-10-25 14:07:00+00:00,DUOL,287.69500732421875,287.69500732421875,287.7049865722656,287.30999755859375,287.7049865722656,500.0
2024-10-25 14:07:00+00:00,EEFT,99.3499984741211,99.3499984741211,99.3499984741211,99.3499984741211,99.3499984741211,841.0
2024-10-25 14:07:00+00:00,ENPH,83.11599731445312,83.11599731445312,83.11599731445312,83.02999877929688,83.08000183105469,2289.0
2024-10-25 14:07:00+00:00,ERIC,8.454999923706055,8.454999923706055,8.454999923706055,8.454999923706055,8.454999923706055,1753.0
2024-10-25 14:07:00+00:00,EXFY,1.725000023841858,1.725000023841858,1.7259999513626099,1.725000023841858,1.7259999513626099,2120.0
2024-10-25 14:07:00+00:00,EXLS,38.709999084472656,38.709999084472656,38.709999084472656,38.70000076293945,38.70000076293945,1085.0
2024-10-25 14:07:00+00:00,EXTR,14.335000038146973,14.335000038146973,14.34000015258789,14.335000038146973,14.34000015258789,719.0
2024-10-25 14:07:00+00:00,FFIV,215.77000427246094,215.77000427246094,215.77000427246094,215.75999450683594,215.75999450683594,464.0
2024-10-25 14:07:00+00:00,FIVN,29.799999237060547,29.799999237060547,29.81999969482422,29.799999237060547,29.81999969482422,895.0
2024-10-25 14:07:00+00:00,FLEX,35.07500076293945,35.07500076293945,35.07500076293945,35.06999969482422,35.06999969482422,1438.0
2024-10-25 14:07:00+00:00,FLYW,17.309999465942383,17.309999465942383,17.309999465942383,17.309999465942383,17.309999465942383,332.0
2024-10-25 14:07:00+00:00,FRSH,11.609999656677246,11.609999656677246,11.609999656677246,11.600000381469727,11.600000381469727,6266.0
2024-10-25 14:07:00+00:00,FSLR,198.3000030517578,198.3000030517578,198.3000030517578,198.3000030517578,198.3000030517578,546.0
2024-10-25 14:07:00+00:00,FTNT,80.54000091552734,80.54000091552734,80.54000091552734,80.48500061035156,80.48500061035156,2970.0
2024-10-25 14:07:00+00:00,GDS,21.280000686645508,21.280000686645508,21.290000915527344,21.270000457763672,21.290000915527344,1855.0
2024-10-25 14:07:00+00:00,GFS,40.689998626708984,40.689998626708984,40.689998626708984,40.66339874267578,40.68000030517578,1599.0
2024-10-25 14:07:00+00:00,GRAB,4.085000038146973,4.085000038146973,4.085000038146973,4.085000038146973,4.085000038146973,61240.0
2024-10-25 14:07:00+00:00,GRRR,4.480000019073486,4.480000019073486,4.480000019073486,4.480000019073486,4.480000019073486,689.0
2024-10-25 14:07:00+00:00,GRRRW,0.061799999326467514,0.061799999326467514,0.061799999326467514,0.061799999326467514,0.061799999326467514,4300.0
2024-10-25 14:07:00+00:00,GTLB,55.2599983215332,55.2599983215332,55.262001037597656,55.2599983215332,55.262001037597656,367.0
2024-10-25 14:07:00+00:00,HCP,33.662498474121094,33.662498474121094,33.665000915527344,33.662498474121094,33.665000915527344,711.0
2024-10-25 14:07:00+00:00,HLIT,14.739299774169922,14.739299774169922,14.739299774169922,14.739299774169922,14.739299774169922,576.0
2024-10-25 14:07:00+00:00,HOLO,3.589900016784668,3.589900016784668,3.589900016784668,3.5799999237060547,3.580899953842163,1386.0
2024-10-25 14:07:00+00:00,HOOD,27.03499984741211,27.03499984741211,27.049999237060547,27.024999618530273,27.03499984741211,25498.0
2024-10-25 14:07:00+00:00,IDN,2.4000000953674316,2.4000000953674316,2.4000000953674316,2.4000000953674316,2.4000000953674316,233.0
2024-10-25 14:07:00+00:00,IMMR,8.6899995803833,8.6899995803833,8.6899995803833,8.680000305175781,8.6899995803833,2161.0
2024-10-25 14:07:00+00:00,INDI,3.5039000511169434,3.5039000511169434,3.5039000511169434,3.5039000511169434,3.5039000511169434,1748.0
2024-10-25 14:07:00+00:00,INFN,6.764999866485596,6.764999866485596,6.764999866485596,6.764999866485596,6.764999866485596,697.0
2024-10-25 14:07:00+00:00,INTC,22.81999969482422,22.81999969482422,22.81999969482422,22.799999237060547,22.804000854492188,36733.0
2024-10-25 14:07:00+00:00,INTU,608.8499755859375,608.8499755859375,608.8499755859375,608.5800170898438,608.5800170898438,1188.0
2024-10-25 14:07:00+00:00,ITRN,27.270000457763672,27.270000457763672,27.270000457763672,27.264999389648438,27.264999389648438,369.0
2024-10-25 14:07:00+00:00,KARO,40.0,40.0,40.0,40.0,40.0,50.0
2024-10-25 14:07:00+00:00,KC,2.684999942779541,2.684999942779541,2.690000057220459,2.684999942779541,2.690000057220459,6598.0
2024-10-25 14:07:00+00:00,LASR,10.369999885559082,10.369999885559082,10.369999885559082,10.369999885559082,10.369999885559082,695.0
2024-10-25 14:07:00+00:00,LITE,64.02999877929688,64.02999877929688,64.02999877929688,63.970001220703125,63.970001220703125,631.0
2024-10-25 14:07:00+00:00,LOGI,80.61000061035156,80.61000061035156,80.61000061035156,80.61000061035156,80.61000061035156,869.0
2024-10-25 14:07:00+00:00,LRCX,78.54000091552734,78.54000091552734,78.54000091552734,78.41470336914062,78.41470336914062,13525.0
2024-10-25 14:07:00+00:00,LSCC,54.08000183105469,54.08000183105469,54.08000183105469,54.02000045776367,54.02000045776367,2265.0
2024-10-25 14:07:00+00:00,LTRX,4.074999809265137,4.074999809265137,4.074999809265137,4.074999809265137,4.074999809265137,2599.0
2024-10-25 14:07:00+00:00,LUNA,1.7799999713897705,1.7799999713897705,1.7799999713897705,1.7799999713897705,1.7799999713897705,374.0
2024-10-25 14:07:00+00:00,LYFT,13.710000038146973,13.710000038146973,13.710000038146973,13.699999809265137,13.704999923706055,7931.0
2024-10-25 14:07:00+00:00,MANH,275.2650146484375,275.2650146484375,275.45001220703125,275.05999755859375,275.45001220703125,1975.0
2024-10-25 14:07:00+00:00,MCHP,76.48999786376953,76.48999786376953,76.48999786376953,76.41999816894531,76.41999816894531,4021.0
2024-10-25 14:07:00+00:00,MGIC,11.109999656677246,11.109999656677246,11.109999656677246,11.010000228881836,11.010000228881836,1346.0
2024-10-25 14:07:00+00:00,MITK,8.760000228881836,8.760000228881836,8.760000228881836,8.760000228881836,8.760000228881836,1070.0
2024-10-25 14:07:00+00:00,MKSI,101.01499938964844,101.01499938964844,101.01499938964844,101.01499938964844,101.01499938964844,235.0
2024-10-25 14:07:00+00:00,MNDY,298.95001220703125,298.95001220703125,298.95001220703125,298.95001220703125,298.95001220703125,269.0
2024-10-25 14:07:00+00:00,MQ,5.28000020980835,5.28000020980835,5.28000020980835,5.275000095367432,5.275000095367432,1379.0
2024-10-25 14:07:00+00:00,MRVL,81.95999908447266,81.95999908447266,81.95999908447266,81.78160095214844,81.79000091552734,6636.0
2024-10-25 14:07:00+00:00,MSFT,427.8999938964844,427.8999938964844,427.92498779296875,427.6199951171875,427.6499938964844,20007.0
2024-10-25 14:07:00+00:00,MSTR,230.83250427246094,230.83250427246094,231.13999938964844,229.39999389648438,230.32000732421875,129485.0
2024-10-25 14:07:00+00:00,MTTR,4.59499979019165,4.59499979019165,4.59499979019165,4.59499979019165,4.59499979019165,1761.0
2024-10-25 14:07:00+00:00,MU,108.06990051269531,108.06990051269531,108.06990051269531,107.9000015258789,107.91500091552734,22564.0
2024-10-25 14:07:00+00:00,MXL,14.795000076293945,14.795000076293945,14.8100004196167,14.795000076293945,14.8100004196167,1259.0
2024-10-25 14:07:00+00:00,NCNO,37.688899993896484,37.688899993896484,37.688899993896484,37.68000030517578,37.68000030517578,1382.0
2024-10-25 14:07:00+00:00,NTAP,119.68499755859375,119.68499755859375,119.68499755859375,119.63999938964844,119.63999938964844,1677.0
2024-10-25 14:07:00+00:00,NTNX,62.03499984741211,62.03499984741211,62.070098876953125,62.0099983215332,62.070098876953125,553.0
2024-10-25 14:07:00+00:00,NTWK,3.1449999809265137,3.1449999809265137,3.1449999809265137,3.1449999809265137,3.1449999809265137,597.0
2024-10-25 14:07:00+00:00,NVDA,141.66000366210938,141.66000366210938,141.69000244140625,141.36500549316406,141.37989807128906,577472.0
2024-10-25 14:07:00+00:00,NVEI,33.494998931884766,33.494998931884766,33.494998931884766,33.494998931884766,33.494998931884766,552.0
2024-10-25 14:07:00+00:00,NVTS,2.5250000953674316,2.5250000953674316,2.5299999713897705,2.5250000953674316,2.5299999713897705,11612.0
2024-10-25 14:07:00+00:00,NXPI,243.44000244140625,243.44000244140625,243.44000244140625,243.2100067138672,243.2100067138672,2589.0
2024-10-25 14:07:00+00:00,OKTA,72.04499816894531,72.04499816894531,72.05500030517578,72.04499816894531,72.05500030517578,728.0
2024-10-25 14:07:00+00:00,OLED,203.27999877929688,203.27999877929688,203.27999877929688,203.05999755859375,203.05999755859375,1016.0
2024-10-25 14:07:00+00:00,ON,71.33999633789062,71.33999633789062,71.3499984741211,71.26000213623047,71.27999877929688,13136.0
2024-10-25 14:07:00+00:00,ONDS,0.833899974822998,0.833899974822998,0.8366000056266785,0.833899974822998,0.8366000056266785,12100.0
2024-10-25 14:07:00+00:00,OSPN,14.5,14.5,14.500100135803223,14.5,14.5,2154.0
2024-10-25 14:07:00+00:00,OTEX,33.23500061035156,33.23500061035156,33.23500061035156,33.209999084472656,33.209999084472656,2938.0
2024-10-25 14:07:00+00:00,PANW,366.44500732421875,366.44500732421875,366.44500732421875,366.44500732421875,366.44500732421875,357.0
2024-10-25 14:07:00+00:00,PEGA,79.12999725341797,79.12999725341797,79.12999725341797,79.12999725341797,79.12999725341797,973.0
2024-10-25 14:07:00+00:00,PEGY,4.929999828338623,4.929999828338623,4.980000019073486,4.920000076293945,4.949999809265137,8111.0
2024-10-25 14:07:00+00:00,PGY,11.699999809265137,11.699999809265137,11.699999809265137,11.699999809265137,11.699999809265137,427.0
2024-10-25 14:07:00+00:00,PHUN,10.239899635314941,10.239899635314941,10.239999771118164,10.1899995803833,10.207099914550781,63221.0
2024-10-25 14:07:00+00:00,PI,201.2449951171875,201.2449951171875,201.2449951171875,201.2449951171875,201.2449951171875,577.0
2024-10-25 14:07:00+00:00,POWI,63.40999984741211,63.40999984741211,63.40999984741211,63.40999984741211,63.40999984741211,1215.0
2024-10-25 14:07:00+00:00,PYCR,14.270000457763672,14.270000457763672,14.279999732971191,14.270000457763672,14.270000457763672,500.0
2024-10-25 14:07:00+00:00,QCOM,171.1300048828125,171.1300048828125,171.1300048828125,171.0,171.0,6071.0
2024-10-25 14:07:00+00:00,QRVO,99.74500274658203,99.74500274658203,99.74500274658203,99.66500091552734,99.66500091552734,6062.0
2024-10-25 14:07:00+00:00,QUBT,1.0850000381469727,1.0850000381469727,1.0850000381469727,1.0850000381469727,1.0850000381469727,300.0
2024-10-25 14:07:00+00:00,RCAT,2.744999885559082,2.744999885559082,2.744999885559082,2.744999885559082,2.744999885559082,115.0
2024-10-25 14:07:00+00:00,RELL,13.989999771118164,13.989999771118164,13.989999771118164,13.949999809265137,13.960000038146973,956.0
2024-10-25 14:07:00+00:00,RELY,14.885000228881836,14.885000228881836,14.885000228881836,14.880000114440918,14.885000228881836,881.0
2024-10-25 14:07:00+00:00,RGTI,1.2200000286102295,1.2200000286102295,1.2200000286102295,1.2200000286102295,1.2200000286102295,725.0
2024-10-25 14:07:00+00:00,RIOT,9.699999809265137,9.699999809265137,9.699999809265137,9.661999702453613,9.67710018157959,73329.0
2024-10-25 14:07:00+00:00,RMBS,43.20500183105469,43.20500183105469,43.20500183105469,43.20500183105469,43.20500183105469,268.0
2024-10-25 14:07:00+00:00,RPD,38.63999938964844,38.63999938964844,38.63999938964844,38.63999938964844,38.63999938964844,262.0
2024-10-25 14:07:00+00:00,RUM,5.735000133514404,5.735000133514404,5.735000133514404,5.735000133514404,5.735000133514404,400.0
2024-10-25 14:07:00+00:00,RUN,14.305000305175781,14.305000305175781,14.3100004196167,14.305000305175781,14.3100004196167,2472.0
2024-10-25 14:07:00+00:00,RXT,2.484999895095825,2.484999895095825,2.484999895095825,2.484999895095825,2.484999895095825,779.0
2024-10-25 14:07:00+00:00,SANM,67.45999908447266,67.45999908447266,67.45999908447266,67.45999908447266,67.45999908447266,178.0
2024-10-25 14:07:00+00:00,SATS,25.125,25.125,25.125,25.1200008392334,25.1200008392334,964.0
2024-10-25 14:07:00+00:00,SEDG,15.819999694824219,15.819999694824219,15.829999923706055,15.789999961853027,15.795000076293945,7569.0
2024-10-25 14:07:00+00:00,SHLS,5.235000133514404,5.235000133514404,5.235000133514404,5.235000133514404,5.235000133514404,858.0
2024-10-25 14:07:00+00:00,SLNHP,13.0,13.0,13.0,13.0,13.0,186.0
2024-10-25 14:07:00+00:00,SMCI,47.03900146484375,47.03900146484375,47.060001373291016,47.0,47.0099983215332,35723.0
2024-10-25 14:07:00+00:00,SONO,12.6899995803833,12.6899995803833,12.6899995803833,12.6899995803833,12.6899995803833,483.0
2024-10-25 14:07:00+00:00,SOUN,5.15500020980835,5.15500020980835,5.159900188446045,5.150000095367432,5.153299808502197,12772.0
2024-10-25 14:07:00+00:00,SPSC,172.94000244140625,172.94000244140625,172.94000244140625,172.94000244140625,172.94000244140625,616.0
2024-10-25 14:07:00+00:00,SRAD,12.369999885559082,12.369999885559082,12.369999885559082,12.354999542236328,12.359999656677246,3125.0
2024-10-25 14:07:00+00:00,SSNC,69.5999984741211,69.5999984741211,69.5999984741211,69.5999984741211,69.5999984741211,2866.0
2024-10-25 14:07:00+00:00,STNE,11.53499984741211,11.53499984741211,11.53499984741211,11.529999732971191,11.529999732971191,1375.0
2024-10-25 14:07:00+00:00,STX,103.37999725341797,103.37999725341797,103.37999725341797,103.29499816894531,103.29499816894531,1997.0
2024-10-25 14:07:00+00:00,SWKS,95.9000015258789,95.9000015258789,95.9000015258789,95.79000091552734,95.79000091552734,1384.0
2024-10-25 14:07:00+00:00,SYTA,1.299299955368042,1.299299955368042,1.2999999523162842,1.2901999950408936,1.2901999950408936,2147.0
2024-10-25 14:07:00+00:00,TEAM,189.0399932861328,189.0399932861328,189.08999633789062,188.7449951171875,188.7449951171875,12017.0
2024-10-25 14:07:00+00:00,TER,112.43499755859375,112.43499755859375,112.43499755859375,112.36499786376953,112.36499786376953,4238.0
2024-10-25 14:07:00+00:00,TTD,118.41999816894531,118.41999816894531,118.41999816894531,118.26499938964844,118.26499938964844,4686.0
2024-10-25 14:07:00+00:00,TWKS,4.440000057220459,4.440000057220459,4.440000057220459,4.440000057220459,4.440000057220459,5930.0
2024-10-25 14:07:00+00:00,TXN,207.35000610351562,207.35000610351562,207.35000610351562,207.16000366210938,207.16000366210938,3193.0
2024-10-25 14:07:00+00:00,UEIC,8.050000190734863,8.050000190734863,8.0600004196167,8.029999732971191,8.04010009765625,2298.0
2024-10-25 14:07:00+00:00,VECO,29.270000457763672,29.270000457763672,29.270000457763672,29.270000457763672,29.270000457763672,1326.0
2024-10-25 14:07:00+00:00,VERB,10.449999809265137,10.449999809265137,10.449999809265137,10.449999809265137,10.449999809265137,101.0
2024-10-25 14:07:00+00:00,VERX,41.665000915527344,41.665000915527344,41.665000915527344,41.665000915527344,41.665000915527344,127.0
2024-10-25 14:07:00+00:00,VIAV,9.210000038146973,9.210000038146973,9.210000038146973,9.210000038146973,9.210000038146973,1086.0
2024-10-25 14:07:00+00:00,VICR,46.33000183105469,46.33000183105469,46.33000183105469,46.314998626708984,46.314998626708984,890.0
2024-10-25 14:07:00+00:00,VMEO,4.739999771118164,4.739999771118164,4.739999771118164,4.739999771118164,4.739999771118164,835.0
2024-10-25 14:07:00+00:00,VRNS,56.662498474121094,56.662498474121094,56.662498474121094,56.662498474121094,56.662498474121094,208.0
2024-10-25 14:07:00+00:00,VRSN,183.28500366210938,183.28500366210938,183.28500366210938,183.28500366210938,183.28500366210938,585.0
2024-10-25 14:07:00+00:00,VSAT,10.154999732971191,10.154999732971191,10.15999984741211,10.149999618530273,10.149999618530273,2313.0
2024-10-25 14:07:00+00:00,WDAY,238.80999755859375,238.80999755859375,238.80999755859375,238.55999755859375,238.55999755859375,2229.0
2024-10-25 14:07:00+00:00,WDC,70.0,70.0,70.0,69.94000244140625,69.94999694824219,8681.0
2024-10-25 14:07:00+00:00,WISA,1.98989999294281,1.98989999294281,2.0,1.979699969291687,1.9950000047683716,36988.0
2024-10-25 14:07:00+00:00,WLDS,3.440000057220459,3.440000057220459,3.450000047683716,3.434999942779541,3.450000047683716,8132.0
2024-10-25 14:07:00+00:00,XPER,9.390000343322754,9.390000343322754,9.390000343322754,9.390000343322754,9.390000343322754,626.0
2024-10-25 14:07:00+00:00,XRX,9.930000305175781,9.930000305175781,9.935999870300293,9.930000305175781,9.930000305175781,1597.0
2024-10-25 14:07:00+00:00,ZBRA,359.8500061035156,359.8500061035156,359.8500061035156,359.8500061035156,359.8500061035156,1024.0
2024-10-25 14:07:00+00:00,ZI,10.475000381469727,10.475000381469727,10.475000381469727,10.470000267028809,10.475000381469727,577.0
2024-10-25 14:07:00+00:00,ZM,72.86000061035156,72.86000061035156,72.86000061035156,72.84500122070312,72.8499984741211,2047.0
2024-10-25 14:07:00+00:00,ZS,184.4199981689453,184.4199981689453,184.4199981689453,184.22999572753906,184.3000030517578,2510.0
2024-10-25 14:08:00+00:00,AAOI,17.609899520874023,17.609899520874023,17.6299991607666,17.609899520874023,17.6299991607666,1529.0
2024-10-25 14:08:00+00:00,AAPL,231.15020751953125,231.15020751953125,231.44000244140625,231.14999389648438,231.44000244140625,32459.0
2024-10-25 14:08:00+00:00,ACIW,48.7599983215332,48.7599983215332,48.7599983215332,48.755001068115234,48.7599983215332,1823.0
2024-10-25 14:08:00+00:00,ACLS,89.72949981689453,89.72949981689453,89.77999877929688,89.70999908447266,89.77999877929688,1057.0
2024-10-25 14:08:00+00:00,ACMR,19.575000762939453,19.575000762939453,19.59000015258789,19.575000762939453,19.59000015258789,521.0
2024-10-25 14:08:00+00:00,ADBE,483.3999938964844,483.3999938964844,483.79998779296875,483.3999938964844,483.79998779296875,3179.0
2024-10-25 14:08:00+00:00,ADI,230.44000244140625,230.44000244140625,230.9600067138672,230.44000244140625,230.88999938964844,8957.0
2024-10-25 14:08:00+00:00,ADSK,285.29998779296875,285.29998779296875,285.29998779296875,285.2699890136719,285.2699890136719,1703.0
2024-10-25 14:08:00+00:00,AEHR,16.655000686645508,16.655000686645508,16.655000686645508,16.655000686645508,16.655000686645508,131.0
2024-10-25 14:08:00+00:00,AFRM,41.18299865722656,41.18299865722656,41.25,41.16999816894531,41.2400016784668,10153.0
2024-10-25 14:08:00+00:00,AKAM,101.91999816894531,101.91999816894531,101.95999908447266,101.91999816894531,101.95999908447266,1439.0
2024-10-25 14:08:00+00:00,ALGM,22.93000030517578,22.93000030517578,22.940000534057617,22.899999618530273,22.93000030517578,3137.0
2024-10-25 14:08:00+00:00,AMAT,186.75999450683594,186.75999450683594,187.11500549316406,186.75,187.08999633789062,5076.0
2024-10-25 14:08:00+00:00,AMBA,57.70000076293945,57.70000076293945,57.70000076293945,57.650001525878906,57.650001525878906,338.0
2024-10-25 14:08:00+00:00,AMD,155.89930725097656,155.89930725097656,156.20989990234375,155.8800048828125,156.20989990234375,64357.0
2024-10-25 14:08:00+00:00,AMKR,29.889999389648438,29.889999389648438,29.93000030517578,29.889999389648438,29.93000030517578,2020.0
2024-10-25 14:08:00+00:00,ANSS,323.42999267578125,323.42999267578125,323.42999267578125,323.42999267578125,323.42999267578125,454.0
2024-10-25 14:08:00+00:00,ANY,1.034999966621399,1.034999966621399,1.034999966621399,1.034999966621399,1.034999966621399,4520.0
2024-10-25 14:08:00+00:00,API,2.880000114440918,2.880000114440918,2.880000114440918,2.880000114440918,2.880000114440918,501.0
2024-10-25 14:08:00+00:00,APP,160.1923065185547,160.1923065185547,160.22000122070312,160.14999389648438,160.22000122070312,2570.0
2024-10-25 14:08:00+00:00,APPF,211.9550018310547,211.9550018310547,211.9550018310547,211.74000549316406,211.7899932861328,2264.0
2024-10-25 14:08:00+00:00,APPS,3.0350000858306885,3.0350000858306885,3.049999952316284,3.0350000858306885,3.049999952316284,5728.0
2024-10-25 14:08:00+00:00,ARRY,6.335000038146973,6.335000038146973,6.339900016784668,6.323999881744385,6.324999809265137,41825.0
2024-10-25 14:08:00+00:00,ASML,712.9237060546875,712.9237060546875,713.0,712.739990234375,713.0,1111.0
2024-10-25 14:08:00+00:00,ASNS,1.3028000593185425,1.3028000593185425,1.3028000593185425,1.3000999689102173,1.3000999689102173,3360.0
2024-10-25 14:08:00+00:00,ATOM,3.309999942779541,3.309999942779541,3.309999942779541,3.309999942779541,3.309999942779541,415.0
2024-10-25 14:08:00+00:00,AUR,6.40500020980835,6.40500020980835,6.409999847412109,6.40500020980835,6.409999847412109,4006.0
2024-10-25 14:08:00+00:00,AVDX,8.039999961853027,8.039999961853027,8.039999961853027,8.031100273132324,8.031100273132324,2845.0
2024-10-25 14:08:00+00:00,AVGO,173.47999572753906,173.47999572753906,173.8699951171875,173.47999572753906,173.8699951171875,19203.0
2024-10-25 14:08:00+00:00,AVNW,20.809999465942383,20.809999465942383,20.809999465942383,20.809999465942383,20.809999465942383,11.0
2024-10-25 14:08:00+00:00,AVPT,11.920000076293945,11.920000076293945,11.920000076293945,11.920000076293945,11.920000076293945,175.0
2024-10-25 14:08:00+00:00,AVT,53.83000183105469,53.83000183105469,53.84000015258789,53.81999969482422,53.84000015258789,6132.0
2024-10-25 14:08:00+00:00,BAND,17.56999969482422,17.56999969482422,17.579999923706055,17.56999969482422,17.579999923706055,535.0
2024-10-25 14:08:00+00:00,BEEM,4.820099830627441,4.820099830627441,4.820099830627441,4.820000171661377,4.820000171661377,230.0
2024-10-25 14:08:00+00:00,BIGC,5.295000076293945,5.295000076293945,5.300000190734863,5.295000076293945,5.300000190734863,2663.0
2024-10-25 14:08:00+00:00,BLKB,85.66000366210938,85.66000366210938,85.66000366210938,85.6500015258789,85.6500015258789,971.0
2024-10-25 14:08:00+00:00,BMBL,7.090000152587891,7.090000152587891,7.099999904632568,7.085000038146973,7.099999904632568,7214.0
2024-10-25 14:08:00+00:00,BRZE,30.69499969482422,30.69499969482422,30.69499969482422,30.69499969482422,30.69499969482422,822.0
2024-10-25 14:08:00+00:00,BSY,49.13999938964844,49.13999938964844,49.13999938964844,49.09199905395508,49.109901428222656,2055.0
2024-10-25 14:08:00+00:00,CAMT,77.47000122070312,77.47000122070312,77.47000122070312,77.47000122070312,77.47000122070312,646.0
2024-10-25 14:08:00+00:00,CAN,0.9724000096321106,0.9724000096321106,0.9735999703407288,0.972000002861023,0.9735999703407288,10312.0
2024-10-25 14:08:00+00:00,CDNS,257.4849853515625,257.4849853515625,257.5400085449219,257.4849853515625,257.5400085449219,1403.0
2024-10-25 14:08:00+00:00,CDW,217.9600067138672,217.9600067138672,217.9600067138672,217.94000244140625,217.9600067138672,561.0
2024-10-25 14:08:00+00:00,CETX,0.30140000581741333,0.30140000581741333,0.30140000581741333,0.30140000581741333,0.30140000581741333,5195.0
2024-10-25 14:08:00+00:00,CFLT,22.545000076293945,22.545000076293945,22.559999465942383,22.542499542236328,22.559999465942383,10441.0
2024-10-25 14:08:00+00:00,CGNX,38.810001373291016,38.810001373291016,38.81999969482422,38.810001373291016,38.81999969482422,1288.0
2024-10-25 14:08:00+00:00,CHKP,206.35000610351562,206.35000610351562,206.36500549316406,206.35000610351562,206.36500549316406,407.0
2024-10-25 14:08:00+00:00,CLBT,18.170000076293945,18.170000076293945,18.19499969482422,18.170000076293945,18.19499969482422,4678.0
2024-10-25 14:08:00+00:00,CLSK,11.430000305175781,11.430000305175781,11.479999542236328,11.420000076293945,11.479999542236328,86398.0
2024-10-25 14:08:00+00:00,CNXC,44.2400016784668,44.2400016784668,44.27000045776367,44.2400016784668,44.25,4686.0
2024-10-25 14:08:00+00:00,COHR,95.20999908447266,95.20999908447266,95.26000213623047,95.18000030517578,95.25499725341797,1866.0
2024-10-25 14:08:00+00:00,COIN,204.0,204.0,205.1999969482422,203.8000030517578,205.0050048828125,49148.0
2024-10-25 14:08:00+00:00,COMM,6.215000152587891,6.215000152587891,6.215000152587891,6.210000038146973,6.210000038146973,3850.0
2024-10-25 14:08:00+00:00,CORZ,13.09000015258789,13.09000015258789,13.154999732971191,13.039999961853027,13.154999732971191,214867.0
2024-10-25 14:08:00+00:00,CORZW,7.639999866485596,7.639999866485596,7.639999866485596,7.611400127410889,7.611400127410889,1049.0
2024-10-25 14:08:00+00:00,CRCT,6.574999809265137,6.574999809265137,6.574999809265137,6.574999809265137,6.574999809265137,311.0
2024-10-25 14:08:00+00:00,CRDO,39.03499984741211,39.03499984741211,39.09000015258789,39.03499984741211,39.09000015258789,2477.0
2024-10-25 14:08:00+00:00,CRNC,2.9149999618530273,2.9149999618530273,2.924999952316284,2.9100000858306885,2.924999952316284,6336.0
2024-10-25 14:08:00+00:00,CRSR,6.300000190734863,6.300000190734863,6.300000190734863,6.300000190734863,6.300000190734863,1079.0
2024-10-25 14:08:00+00:00,CRUS,122.27999877929688,122.27999877929688,122.27999877929688,122.27999877929688,122.27999877929688,857.0
2024-10-25 14:08:00+00:00,CRWD,295.4800109863281,295.4800109863281,296.3800048828125,295.4800109863281,296.3800048828125,22122.0
2024-10-25 14:08:00+00:00,CSCO,55.68000030517578,55.68000030517578,55.724998474121094,55.68000030517578,55.724998474121094,12378.0
2024-10-25 14:08:00+00:00,CSIQ,13.319999694824219,13.319999694824219,13.323399543762207,13.3100004196167,13.323399543762207,8082.0
2024-10-25 14:08:00+00:00,CTSH,74.66000366210938,74.66000366210938,74.69000244140625,74.6500015258789,74.69000244140625,1858.0
2024-10-25 14:08:00+00:00,CVLT,133.89999389648438,133.89999389648438,133.89999389648438,133.89999389648438,133.89999389648438,736.0
2024-10-25 14:08:00+00:00,CYBR,289.29998779296875,289.29998779296875,289.29998779296875,289.29998779296875,289.29998779296875,165.0
2024-10-25 14:08:00+00:00,DAKT,13.0,13.0,13.0,13.0,13.0,536.0
2024-10-25 14:08:00+00:00,DAVE,38.61000061035156,38.61000061035156,38.66999816894531,38.61000061035156,38.66999816894531,504.0
2024-10-25 14:08:00+00:00,DBX,25.924999237060547,25.924999237060547,25.934999465942383,25.920000076293945,25.93000030517578,4925.0
2024-10-25 14:08:00+00:00,DDOG,126.23999786376953,126.23999786376953,126.37000274658203,126.2396011352539,126.37000274658203,3566.0
2024-10-25 14:08:00+00:00,DGHI,1.4800000190734863,1.4800000190734863,1.5099999904632568,1.4800000190734863,1.4908000230789185,4955.0
2024-10-25 14:08:00+00:00,DIOD,65.36000061035156,65.36000061035156,65.36000061035156,65.36000061035156,65.36000061035156,131.0
2024-10-25 14:08:00+00:00,DLO,8.845000267028809,8.845000267028809,8.854999542236328,8.84000015258789,8.854999542236328,1224.0
2024-10-25 14:08:00+00:00,DMRC,31.238500595092773,31.238500595092773,31.238500595092773,31.238500595092773,31.238500595092773,401.0
2024-10-25 14:08:00+00:00,DOCU,68.93499755859375,68.93499755859375,69.01000213623047,68.93499755859375,69.00499725341797,3049.0
2024-10-25 14:08:00+00:00,DUOL,287.30999755859375,287.30999755859375,287.30999755859375,287.30999755859375,287.30999755859375,396.0
2024-10-25 14:08:00+00:00,ENPH,83.01789855957031,83.01789855957031,83.1050033569336,83.01789855957031,83.1050033569336,3674.0
2024-10-25 14:08:00+00:00,ENTG,104.55999755859375,104.55999755859375,104.61000061035156,104.5250015258789,104.61000061035156,2750.0
2024-10-25 14:08:00+00:00,ERIC,8.454999923706055,8.454999923706055,8.454999923706055,8.454999923706055,8.454999923706055,868.0
2024-10-25 14:08:00+00:00,EXLS,38.66999816894531,38.66999816894531,38.68000030517578,38.66999816894531,38.68000030517578,1219.0
2024-10-25 14:08:00+00:00,FFIV,215.72000122070312,215.72000122070312,215.7949981689453,215.72000122070312,215.7949981689453,643.0
2024-10-25 14:08:00+00:00,FIVN,29.809999465942383,29.809999465942383,29.823999404907227,29.799999237060547,29.799999237060547,10155.0
2024-10-25 14:08:00+00:00,FLEX,35.040000915527344,35.040000915527344,35.060001373291016,35.040000915527344,35.060001373291016,1643.0
2024-10-25 14:08:00+00:00,FLYW,17.274999618530273,17.274999618530273,17.295000076293945,17.274999618530273,17.295000076293945,6312.0
2024-10-25 14:08:00+00:00,FORM,44.65999984741211,44.65999984741211,44.65999984741211,44.65999984741211,44.65999984741211,344.0
2024-10-25 14:08:00+00:00,FROG,29.149999618530273,29.149999618530273,29.149999618530273,29.149999618530273,29.149999618530273,2212.0
2024-10-25 14:08:00+00:00,FRSH,11.600000381469727,11.600000381469727,11.604999542236328,11.600000381469727,11.604999542236328,3064.0
2024-10-25 14:08:00+00:00,FSLR,198.13999938964844,198.13999938964844,198.30499267578125,198.13999938964844,198.30499267578125,1344.0
2024-10-25 14:08:00+00:00,FTCI,0.6500999927520752,0.6500999927520752,0.6521999835968018,0.6500999927520752,0.6521999835968018,400.0
2024-10-25 14:08:00+00:00,FTNT,80.5,80.5,80.5199966430664,80.49500274658203,80.51000213623047,4077.0
2024-10-25 14:08:00+00:00,GCT,24.610000610351562,24.610000610351562,24.6200008392334,24.600000381469727,24.610000610351562,1236.0
2024-10-25 14:08:00+00:00,GDS,21.30500030517578,21.30500030517578,21.31999969482422,21.30500030517578,21.309999465942383,2130.0
2024-10-25 14:08:00+00:00,GDYN,15.494999885559082,15.494999885559082,15.494999885559082,15.494999885559082,15.494999885559082,214.0
2024-10-25 14:08:00+00:00,GFS,40.630001068115234,40.630001068115234,40.68000030517578,40.630001068115234,40.68000030517578,1619.0
2024-10-25 14:08:00+00:00,GPRO,1.315000057220459,1.315000057220459,1.315000057220459,1.315000057220459,1.315000057220459,481.0
2024-10-25 14:08:00+00:00,GRAB,4.085000038146973,4.085000038146973,4.088699817657471,4.081399917602539,4.085000038146973,61936.0
2024-10-25 14:08:00+00:00,GRRR,4.474999904632568,4.474999904632568,4.474999904632568,4.474999904632568,4.474999904632568,214.0
2024-10-25 14:08:00+00:00,GTLB,55.25,55.25,55.2599983215332,55.25,55.2599983215332,343.0
2024-10-25 14:08:00+00:00,HCP,33.66999816894531,33.66999816894531,33.66999816894531,33.665000915527344,33.665000915527344,1025.0
2024-10-25 14:08:00+00:00,HIMX,6.15939998626709,6.15939998626709,6.159999847412109,6.157599925994873,6.159999847412109,11431.0
2024-10-25 14:08:00+00:00,HLIT,14.720000267028809,14.720000267028809,14.734999656677246,14.720000267028809,14.734999656677246,1176.0
2024-10-25 14:08:00+00:00,HOLO,3.5799999237060547,3.5799999237060547,3.5859999656677246,3.5799999237060547,3.5859999656677246,1679.0
2024-10-25 14:08:00+00:00,HOOD,26.979900360107422,26.979900360107422,27.020000457763672,26.959999084472656,27.020000457763672,29429.0
2024-10-25 14:08:00+00:00,HTCR,1.0499999523162842,1.0499999523162842,1.0499999523162842,1.0499999523162842,1.0499999523162842,2007.0
2024-10-25 14:08:00+00:00,ICHR,27.524999618530273,27.524999618530273,27.524999618530273,27.524999618530273,27.524999618530273,200.0
2024-10-25 14:08:00+00:00,IMMR,8.6850004196167,8.6850004196167,8.6850004196167,8.680000305175781,8.680000305175781,792.0
2024-10-25 14:08:00+00:00,IMXI,17.55500030517578,17.55500030517578,17.55500030517578,17.55500030517578,17.55500030517578,287.0
2024-10-25 14:08:00+00:00,INDI,3.5,3.5,3.5,3.5,3.5,5350.0
2024-10-25 14:08:00+00:00,INFN,6.760000228881836,6.760000228881836,6.760000228881836,6.760000228881836,6.760000228881836,211.0
2024-10-25 14:08:00+00:00,INOD,20.059999465942383,20.059999465942383,20.059999465942383,20.059999465942383,20.059999465942383,156.0
2024-10-25 14:08:00+00:00,INTA,49.915000915527344,49.915000915527344,49.915000915527344,49.915000915527344,49.915000915527344,161.0
2024-10-25 14:08:00+00:00,INTC,22.764999389648438,22.764999389648438,22.825000762939453,22.763999938964844,22.825000762939453,179983.0
2024-10-25 14:08:00+00:00,INTU,608.7449951171875,608.7449951171875,608.7449951171875,608.7449951171875,608.7449951171875,2168.0
2024-10-25 14:08:00+00:00,IPGP,77.0,77.0,77.0,77.0,77.0,1454.0
2024-10-25 14:08:00+00:00,ITRI,102.44000244140625,102.44000244140625,102.6050033569336,102.44000244140625,102.52999877929688,1797.0
2024-10-25 14:08:00+00:00,JAMF,16.69499969482422,16.69499969482422,16.700000762939453,16.69499969482422,16.700000762939453,1728.0
2024-10-25 14:08:00+00:00,KC,2.684999942779541,2.684999942779541,2.684999942779541,2.680000066757202,2.680000066757202,5582.0
2024-10-25 14:08:00+00:00,KLAC,674.299072265625,674.299072265625,674.299072265625,674.299072265625,674.299072265625,1166.0
2024-10-25 14:08:00+00:00,KLIC,44.2599983215332,44.2599983215332,44.27000045776367,44.2599983215332,44.27000045776367,467.0
2024-10-25 14:08:00+00:00,KVHI,4.644999980926514,4.644999980926514,4.644999980926514,4.644999980926514,4.644999980926514,601.0
2024-10-25 14:08:00+00:00,LINK,4.842599868774414,4.842599868774414,4.842599868774414,4.842599868774414,4.842599868774414,716.0
2024-10-25 14:08:00+00:00,LITE,64.01000213623047,64.01000213623047,64.01000213623047,63.97999954223633,64.01000213623047,1208.0
2024-10-25 14:08:00+00:00,LPSN,1.1549999713897705,1.1549999713897705,1.1549999713897705,1.1549999713897705,1.1549999713897705,319.0
2024-10-25 14:08:00+00:00,LRCX,78.31999969482422,78.31999969482422,78.54000091552734,78.31999969482422,78.54000091552734,12760.0
2024-10-25 14:08:00+00:00,LSCC,53.98500061035156,53.98500061035156,54.09000015258789,53.98500061035156,54.06999969482422,3057.0
2024-10-25 14:08:00+00:00,LTRX,4.090000152587891,4.090000152587891,4.090000152587891,4.079999923706055,4.079999923706055,1508.0
2024-10-25 14:08:00+00:00,LYFT,13.694999694824219,13.694999694824219,13.704999923706055,13.6899995803833,13.704999923706055,12724.0
2024-10-25 14:08:00+00:00,MCHP,76.30999755859375,76.30999755859375,76.4800033569336,76.30999755859375,76.4800033569336,7236.0
2024-10-25 14:08:00+00:00,MDB,266.2200012207031,266.2200012207031,266.2200012207031,266.2200012207031,266.2200012207031,285.0
2024-10-25 14:08:00+00:00,MINM,0.6000000238418579,0.6000000238418579,0.6000000238418579,0.6000000238418579,0.6000000238418579,1000.0
2024-10-25 14:08:00+00:00,MITK,8.755000114440918,8.755000114440918,8.760000228881836,8.75,8.760000228881836,3775.0
2024-10-25 14:08:00+00:00,MKSI,101.0199966430664,101.0199966430664,101.0199966430664,101.01000213623047,101.0199966430664,986.0
2024-10-25 14:08:00+00:00,MNDY,298.3900146484375,298.3900146484375,298.739990234375,298.3900146484375,298.7300109863281,2649.0
2024-10-25 14:08:00+00:00,MOB,1.3194999694824219,1.3194999694824219,1.3194999694824219,1.3194999694824219,1.3194999694824219,2798.0
2024-10-25 14:08:00+00:00,MPWR,911.739990234375,911.739990234375,911.739990234375,910.9600219726562,910.9600219726562,943.0
2024-10-25 14:08:00+00:00,MQ,5.275000095367432,5.275000095367432,5.28000020980835,5.275000095367432,5.275000095367432,1501.0
2024-10-25 14:08:00+00:00,MRVL,81.80999755859375,81.80999755859375,81.95999908447266,81.80999755859375,81.95999908447266,13388.0
2024-10-25 14:08:00+00:00,MSFT,427.3900146484375,427.3900146484375,427.840087890625,427.3900146484375,427.840087890625,21518.0
2024-10-25 14:08:00+00:00,MSTR,229.16000366210938,229.16000366210938,231.41000366210938,228.88009643554688,231.27000427246094,119903.0
2024-10-25 14:08:00+00:00,MTLS,5.90500020980835,5.90500020980835,5.90500020980835,5.90500020980835,5.90500020980835,143.0
2024-10-25 14:08:00+00:00,MTTR,4.59499979019165,4.59499979019165,4.599999904632568,4.59499979019165,4.599999904632568,5474.0
2024-10-25 14:08:00+00:00,MU,107.8499984741211,107.8499984741211,108.05000305175781,107.83000183105469,108.05000305175781,24565.0
2024-10-25 14:08:00+00:00,MXL,14.770000457763672,14.770000457763672,14.800000190734863,14.770000457763672,14.800000190734863,1907.0
2024-10-25 14:08:00+00:00,NICE,174.7100067138672,174.7100067138672,174.7100067138672,174.7100067138672,174.7100067138672,802.0
2024-10-25 14:08:00+00:00,NNDM,2.311000108718872,2.311000108718872,2.311000108718872,2.311000108718872,2.311000108718872,1167.0
2024-10-25 14:08:00+00:00,NTAP,119.69599914550781,119.69599914550781,119.70500183105469,119.69599914550781,119.69999694824219,742.0
2024-10-25 14:08:00+00:00,NTCT,20.579999923706055,20.579999923706055,20.579999923706055,20.579999923706055,20.579999923706055,1122.0
2024-10-25 14:08:00+00:00,NTNX,61.900001525878906,61.900001525878906,62.029998779296875,61.900001525878906,62.029998779296875,1735.0
2024-10-25 14:08:00+00:00,NVDA,141.3260040283203,141.3260040283203,141.67990112304688,141.32000732421875,141.67990112304688,589262.0
2024-10-25 14:08:00+00:00,NVMI,182.80999755859375,182.80999755859375,182.80999755859375,182.80999755859375,182.80999755859375,456.0
2024-10-25 14:08:00+00:00,NVTS,2.515000104904175,2.515000104904175,2.5260000228881836,2.515000104904175,2.5260000228881836,13284.0
2024-10-25 14:08:00+00:00,NXPI,243.0850067138672,243.0850067138672,243.44500732421875,243.0850067138672,243.44500732421875,2066.0
2024-10-25 14:08:00+00:00,OKTA,71.98999786376953,71.98999786376953,72.0250015258789,71.98999786376953,72.0199966430664,1171.0
2024-10-25 14:08:00+00:00,OLED,203.00999450683594,203.00999450683594,203.00999450683594,203.00999450683594,203.00999450683594,380.0
2024-10-25 14:08:00+00:00,ON,71.12000274658203,71.12000274658203,71.33000183105469,71.12000274658203,71.33000183105469,19470.0
2024-10-25 14:08:00+00:00,ONDS,0.8440999984741211,0.8440999984741211,0.8440999984741211,0.8389999866485596,0.8440999984741211,0.0
2024-10-25 14:08:00+00:00,PANW,366.3139953613281,366.3139953613281,366.3800048828125,366.2900085449219,366.3800048828125,1473.0
2024-10-25 14:08:00+00:00,PAYO,8.3100004196167,8.3100004196167,8.3100004196167,8.305000305175781,8.305000305175781,638.0
2024-10-25 14:08:00+00:00,PCTY,173.19000244140625,173.19000244140625,173.19000244140625,172.82000732421875,173.02000427246094,4466.0
2024-10-25 14:08:00+00:00,PEGY,4.945000171661377,4.945000171661377,4.960000038146973,4.930099964141846,4.960000038146973,2502.0
2024-10-25 14:08:00+00:00,PGY,11.680000305175781,11.680000305175781,11.680000305175781,11.680000305175781,11.680000305175781,101.0
2024-10-25 14:08:00+00:00,PHUN,10.130000114440918,10.130000114440918,10.241000175476074,10.079999923706055,10.239999771118164,110626.0
2024-10-25 14:08:00+00:00,PI,201.22999572753906,201.22999572753906,201.22999572753906,201.22999572753906,201.22999572753906,571.0
2024-10-25 14:08:00+00:00,PLXS,141.4499969482422,141.4499969482422,141.4499969482422,141.4499969482422,141.4499969482422,553.0
2024-10-25 14:08:00+00:00,POET,3.8299999237060547,3.8299999237060547,3.8299999237060547,3.8299999237060547,3.8299999237060547,1471.0
2024-10-25 14:08:00+00:00,PRGS,64.44000244140625,64.44000244140625,64.44999694824219,64.44000244140625,64.44999694824219,1138.0
2024-10-25 14:08:00+00:00,PRTH,5.284999847412109,5.284999847412109,5.284999847412109,5.284999847412109,5.284999847412109,33.0
2024-10-25 14:08:00+00:00,PTC,185.9824981689453,185.9824981689453,185.9824981689453,185.9824981689453,185.9824981689453,101.0
2024-10-25 14:08:00+00:00,PUBM,14.687700271606445,14.687700271606445,14.6899995803833,14.687700271606445,14.6899995803833,508.0
2024-10-25 14:08:00+00:00,PYCR,14.270000457763672,14.270000457763672,14.270000457763672,14.270000457763672,14.270000457763672,319.0
2024-10-25 14:08:00+00:00,QCOM,170.82000732421875,170.82000732421875,171.05999755859375,170.82000732421875,171.05999755859375,5250.0
2024-10-25 14:08:00+00:00,QRVO,99.58999633789062,99.58999633789062,99.72000122070312,99.58999633789062,99.72000122070312,4272.0
2024-10-25 14:08:00+00:00,QUBT,1.0850000381469727,1.0850000381469727,1.0850000381469727,1.0850000381469727,1.0850000381469727,410.0
2024-10-25 14:08:00+00:00,RCAT,2.7339999675750732,2.7339999675750732,2.740000009536743,2.7339999675750732,2.740000009536743,2547.0
2024-10-25 14:08:00+00:00,RELY,14.875,14.875,14.885000228881836,14.875,14.885000228881836,2040.0
2024-10-25 14:08:00+00:00,RGTI,1.215000033378601,1.215000033378601,1.2200000286102295,1.215000033378601,1.2188999652862549,12187.0
2024-10-25 14:08:00+00:00,RIOT,9.650199890136719,9.650199890136719,9.69379997253418,9.649999618530273,9.6899995803833,92209.0
2024-10-25 14:08:00+00:00,RMBS,43.209999084472656,43.209999084472656,43.21500015258789,43.20500183105469,43.21500015258789,2537.0
2024-10-25 14:08:00+00:00,RPAY,7.579999923706055,7.579999923706055,7.590000152587891,7.579999923706055,7.590000152587891,1402.0
2024-10-25 14:08:00+00:00,RPD,38.564998626708984,38.564998626708984,38.56999969482422,38.564998626708984,38.56999969482422,243.0
2024-10-25 14:08:00+00:00,RUM,5.730000019073486,5.730000019073486,5.735000133514404,5.730000019073486,5.735000133514404,1716.0
2024-10-25 14:08:00+00:00,RUN,14.300000190734863,14.300000190734863,14.3100004196167,14.300000190734863,14.305000305175781,5176.0
2024-10-25 14:08:00+00:00,SANM,67.41999816894531,67.41999816894531,67.44999694824219,67.41999816894531,67.44999694824219,602.0
2024-10-25 14:08:00+00:00,SATS,25.1200008392334,25.1200008392334,25.1200008392334,25.110000610351562,25.110000610351562,1882.0
2024-10-25 14:08:00+00:00,SEDG,15.779999732971191,15.779999732971191,15.819999694824219,15.779999732971191,15.819999694824219,5046.0
2024-10-25 14:08:00+00:00,SHLS,5.230000019073486,5.230000019073486,5.235000133514404,5.230000019073486,5.230000019073486,9492.0
2024-10-25 14:08:00+00:00,SIMO,56.505001068115234,56.505001068115234,56.505001068115234,56.505001068115234,56.505001068115234,552.0
2024-10-25 14:08:00+00:00,SKYT,10.529999732971191,10.529999732971191,10.529999732971191,10.529999732971191,10.529999732971191,454.0
2024-10-25 14:08:00+00:00,SLAB,113.98999786376953,113.98999786376953,113.98999786376953,113.98999786376953,113.98999786376953,1179.0
2024-10-25 14:08:00+00:00,SMCI,46.95000076293945,46.95000076293945,47.060001373291016,46.95000076293945,47.060001373291016,48428.0
2024-10-25 14:08:00+00:00,SMSI,0.8198000192642212,0.8198000192642212,0.8198000192642212,0.7910000085830688,0.7910000085830688,6946.0
2024-10-25 14:08:00+00:00,SMTC,45.49480056762695,45.49480056762695,45.54330062866211,45.49480056762695,45.51570129394531,876.0
2024-10-25 14:08:00+00:00,SNPS,501.239990234375,501.239990234375,501.69000244140625,501.239990234375,501.69000244140625,1276.0
2024-10-25 14:08:00+00:00,SONO,12.680000305175781,12.680000305175781,12.6899995803833,12.680000305175781,12.6899995803833,3395.0
2024-10-25 14:08:00+00:00,SOUN,5.144999980926514,5.144999980926514,5.150000095367432,5.140100002288818,5.150000095367432,39804.0
2024-10-25 14:08:00+00:00,SPSC,172.8350067138672,172.8350067138672,172.97500610351562,172.8350067138672,172.97000122070312,2113.0
2024-10-25 14:08:00+00:00,SRAD,12.369999885559082,12.369999885559082,12.369999885559082,12.369999885559082,12.369999885559082,37.0
2024-10-25 14:08:00+00:00,SSNC,69.5999984741211,69.5999984741211,69.5999984741211,69.58000183105469,69.5999984741211,3223.0
2024-10-25 14:08:00+00:00,SSTI,11.25,11.25,11.25,11.25,11.25,108.0
2024-10-25 14:08:00+00:00,SSYS,7.031099796295166,7.031099796295166,7.031099796295166,7.031099796295166,7.031099796295166,661.0
2024-10-25 14:08:00+00:00,STNE,11.505000114440918,11.505000114440918,11.53600025177002,11.505000114440918,11.529999732971191,4002.0
2024-10-25 14:08:00+00:00,STX,103.26000213623047,103.26000213623047,103.3499984741211,103.25,103.3499984741211,2354.0
2024-10-25 14:08:00+00:00,SWKS,95.80000305175781,95.80000305175781,95.91500091552734,95.80000305175781,95.91500091552734,2337.0
2024-10-25 14:08:00+00:00,SYNA,72.16999816894531,72.16999816894531,72.23999786376953,72.16999816894531,72.23999786376953,1065.0
2024-10-25 14:08:00+00:00,SYTA,1.2999999523162842,1.2999999523162842,1.2999999523162842,1.2949999570846558,1.2949999570846558,1300.0
2024-10-25 14:08:00+00:00,TCX,19.420000076293945,19.420000076293945,19.420000076293945,19.420000076293945,19.420000076293945,373.0
2024-10-25 14:08:00+00:00,TEAM,188.8800048828125,188.8800048828125,189.05999755859375,188.8800048828125,188.9499969482422,9233.0
2024-10-25 14:08:00+00:00,TENB,41.54999923706055,41.54999923706055,41.54999923706055,41.54999923706055,41.54999923706055,437.0
2024-10-25 14:08:00+00:00,TER,112.15499877929688,112.15499877929688,112.37000274658203,112.15499877929688,112.37000274658203,6399.0
2024-10-25 14:08:00+00:00,TLS,3.5899999141693115,3.5899999141693115,3.5899999141693115,3.5899999141693115,3.5899999141693115,1076.0
2024-10-25 14:08:00+00:00,TRMB,60.90999984741211,60.90999984741211,60.94499969482422,60.90999984741211,60.94499969482422,1835.0
2024-10-25 14:08:00+00:00,TTD,118.2699966430664,118.2699966430664,118.37000274658203,118.2699966430664,118.37000274658203,3273.0
2024-10-25 14:08:00+00:00,TTMI,19.540000915527344,19.540000915527344,19.540000915527344,19.540000915527344,19.540000915527344,281.0
2024-10-25 14:08:00+00:00,TWKS,4.440000057220459,4.440000057220459,4.449999809265137,4.440000057220459,4.440000057220459,6453.0
2024-10-25 14:08:00+00:00,TXN,206.98629760742188,206.98629760742188,207.35000610351562,206.98629760742188,207.35000610351562,11177.0
2024-10-25 14:08:00+00:00,UCTT,35.595001220703125,35.595001220703125,35.599998474121094,35.595001220703125,35.599998474121094,488.0
2024-10-25 14:08:00+00:00,UEIC,8.024999618530273,8.024999618530273,8.024999618530273,8.024999618530273,8.024999618530273,1931.0
2024-10-25 14:08:00+00:00,VECO,29.260000228881836,29.260000228881836,29.280000686645508,29.260000228881836,29.280000686645508,903.0
2024-10-25 14:08:00+00:00,VERI,3.3754000663757324,3.3754000663757324,3.380000114440918,3.3754000663757324,3.380000114440918,623.0
2024-10-25 14:08:00+00:00,VERX,41.6349983215332,41.6349983215332,41.6349983215332,41.6349983215332,41.6349983215332,391.0
2024-10-25 14:08:00+00:00,VIAV,9.199999809265137,9.199999809265137,9.199999809265137,9.199999809265137,9.199999809265137,887.0
2024-10-25 14:08:00+00:00,VICR,46.27000045776367,46.27000045776367,46.310001373291016,46.27000045776367,46.310001373291016,520.0
2024-10-25 14:08:00+00:00,VMEO,4.730000019073486,4.730000019073486,4.739999771118164,4.730000019073486,4.739999771118164,5940.0
2024-10-25 14:08:00+00:00,VRNS,56.6150016784668,56.6150016784668,56.665000915527344,56.61000061035156,56.665000915527344,2337.0
2024-10-25 14:08:00+00:00,VRNT,21.920000076293945,21.920000076293945,21.920000076293945,21.920000076293945,21.920000076293945,346.0
2024-10-25 14:08:00+00:00,VSAT,10.145000457763672,10.145000457763672,10.149999618530273,10.140000343322754,10.149999618530273,3324.0
2024-10-25 14:08:00+00:00,VUZI,1.2999999523162842,1.2999999523162842,1.2999999523162842,1.2999999523162842,1.2999999523162842,1954.0
2024-10-25 14:08:00+00:00,WDAY,238.57000732421875,238.57000732421875,238.57000732421875,238.57000732421875,238.57000732421875,982.0
2024-10-25 14:08:00+00:00,WDC,69.83999633789062,69.83999633789062,70.00499725341797,69.83999633789062,70.00499725341797,8748.0
2024-10-25 14:08:00+00:00,WLDS,3.4600000381469727,3.4600000381469727,3.4600000381469727,3.450000047683716,3.450000047683716,4835.0
2024-10-25 14:08:00+00:00,WRAP,1.8193999528884888,1.8193999528884888,1.8193999528884888,1.8193999528884888,1.8193999528884888,258.0
2024-10-25 14:08:00+00:00,XELA,1.9700000286102295,1.9700000286102295,1.9700000286102295,1.9600000381469727,1.9700000286102295,1150.0
2024-10-25 14:08:00+00:00,XPER,9.390000343322754,9.390000343322754,9.390000343322754,9.390000343322754,9.390000343322754,276.0
2024-10-25 14:08:00+00:00,XRX,9.930000305175781,9.930000305175781,9.930000305175781,9.925000190734863,9.930000305175781,9419.0
2024-10-25 14:08:00+00:00,ZI,10.470000267028809,10.470000267028809,10.470000267028809,10.470000267028809,10.470000267028809,1953.0
2024-10-25 14:08:00+00:00,ZM,72.81999969482422,72.81999969482422,72.84629821777344,72.80999755859375,72.84629821777344,2662.0
2024-10-25 14:08:00+00:00,ZS,184.27259826660156,184.27259826660156,184.27259826660156,184.27259826660156,184.27259826660156,372.0
2024-10-25 14:09:00+00:00,AAOI,17.614999771118164,17.614999771118164,17.614999771118164,17.59000015258789,17.600000381469727,2145.0
2024-10-25 14:09:00+00:00,AAPL,231.16000366210938,231.16000366210938,231.25,231.1300048828125,231.1300048828125,31986.0
2024-10-25 14:09:00+00:00,ACLS,89.72799682617188,89.72799682617188,89.72799682617188,89.72799682617188,89.72799682617188,553.0
2024-10-25 14:09:00+00:00,ACMR,19.540000915527344,19.540000915527344,19.559999465942383,19.540000915527344,19.559999465942383,1483.0
2024-10-25 14:09:00+00:00,ADBE,483.125,483.125,483.125,483.010009765625,483.010009765625,1988.0
2024-10-25 14:09:00+00:00,ADI,230.5800018310547,230.5800018310547,230.60000610351562,230.47999572753906,230.52999877929688,1252.0
2024-10-25 14:09:00+00:00,ADSK,285.2799987792969,285.2799987792969,285.2799987792969,285.2799987792969,285.2799987792969,1084.0
2024-10-25 14:09:00+00:00,ADTN,6.304999828338623,6.304999828338623,6.304999828338623,6.304999828338623,6.304999828338623,467.0
2024-10-25 14:09:00+00:00,AEHR,16.642000198364258,16.642000198364258,16.690000534057617,16.610000610351562,16.638200759887695,2718.0
2024-10-25 14:09:00+00:00,AFRM,41.209999084472656,41.209999084472656,41.22700119018555,41.209999084472656,41.209999084472656,5541.0
2024-10-25 14:09:00+00:00,AKAM,101.86000061035156,101.86000061035156,101.86499786376953,101.80999755859375,101.86499786376953,6512.0
2024-10-25 14:09:00+00:00,AKTS,0.058800000697374344,0.058800000697374344,0.058800000697374344,0.05860000103712082,0.05860000103712082,10021.0
2024-10-25 14:09:00+00:00,ALGM,22.93000030517578,22.93000030517578,22.93000030517578,22.908100128173828,22.90999984741211,2490.0
2024-10-25 14:09:00+00:00,ALTR,103.49500274658203,103.49500274658203,103.49500274658203,103.3550033569336,103.3550033569336,1642.0
2024-10-25 14:09:00+00:00,AMAT,186.7100067138672,186.7100067138672,186.8000030517578,186.64500427246094,186.64500427246094,2229.0
2024-10-25 14:09:00+00:00,AMBA,57.650001525878906,57.650001525878906,57.650001525878906,57.650001525878906,57.650001525878906,1043.0
2024-10-25 14:09:00+00:00,AMD,155.86480712890625,155.86480712890625,155.97999572753906,155.8300018310547,155.85000610351562,55988.0
2024-10-25 14:09:00+00:00,AMKR,29.8799991607666,29.8799991607666,29.885000228881836,29.875,29.8799991607666,3173.0
2024-10-25 14:09:00+00:00,ANSS,323.1499938964844,323.1499938964844,323.1499938964844,323.1499938964844,323.1499938964844,204.0
2024-10-25 14:09:00+00:00,API,2.880000114440918,2.880000114440918,2.880000114440918,2.880000114440918,2.880000114440918,600.0
2024-10-25 14:09:00+00:00,APP,160.30999755859375,160.30999755859375,160.36000061035156,160.18499755859375,160.18499755859375,3798.0
2024-10-25 14:09:00+00:00,APPN,32.040000915527344,32.040000915527344,32.040000915527344,32.040000915527344,32.040000915527344,1769.0
2024-10-25 14:09:00+00:00,APPS,3.0350000858306885,3.0350000858306885,3.0350000858306885,3.030100107192993,3.030100107192993,36397.0
2024-10-25 14:09:00+00:00,ARRY,6.335000038146973,6.335000038146973,6.340000152587891,6.329999923706055,6.329999923706055,13579.0
2024-10-25 14:09:00+00:00,ASML,712.02001953125,712.02001953125,712.219970703125,712.02001953125,712.0549926757812,1871.0
2024-10-25 14:09:00+00:00,AUR,6.394999980926514,6.394999980926514,6.404099941253662,6.389999866485596,6.404099941253662,13425.0
2024-10-25 14:09:00+00:00,AVDX,8.045000076293945,8.045000076293945,8.050000190734863,8.045000076293945,8.050000190734863,767.0
2024-10-25 14:09:00+00:00,AVGO,173.47999572753906,173.47999572753906,173.5926055908203,173.38999938964844,173.47500610351562,22309.0
2024-10-25 14:09:00+00:00,AVNW,20.78820037841797,20.78820037841797,20.78820037841797,20.78820037841797,20.78820037841797,523.0
2024-10-25 14:09:00+00:00,AVPT,11.90999984741211,11.90999984741211,11.90999984741211,11.90999984741211,11.90999984741211,275.0
2024-10-25 14:09:00+00:00,AVT,53.900001525878906,53.900001525878906,53.904998779296875,53.82500076293945,53.83000183105469,5258.0
2024-10-25 14:09:00+00:00,AXTI,2.6649999618530273,2.6649999618530273,2.6649999618530273,2.6649999618530273,2.6649999618530273,688.0
2024-10-25 14:09:00+00:00,AZPN,236.15330505371094,236.15330505371094,236.15330505371094,236.15330505371094,236.15330505371094,529.0
2024-10-25 14:09:00+00:00,BAND,17.565000534057617,17.565000534057617,17.565000534057617,17.565000534057617,17.565000534057617,245.0
2024-10-25 14:09:00+00:00,BASE,16.190000534057617,16.190000534057617,16.190000534057617,16.190000534057617,16.190000534057617,220.0
2024-10-25 14:09:00+00:00,BIGC,5.290900230407715,5.290900230407715,5.295000076293945,5.290900230407715,5.295000076293945,2026.0
2024-10-25 14:09:00+00:00,BL,56.04999923706055,56.04999923706055,56.04999923706055,56.04999923706055,56.04999923706055,298.0
2024-10-25 14:09:00+00:00,BMBL,7.09499979019165,7.09499979019165,7.099999904632568,7.09499979019165,7.09499979019165,3175.0
2024-10-25 14:09:00+00:00,BSY,49.0900993347168,49.0900993347168,49.10499954223633,49.0900993347168,49.10499954223633,1575.0
2024-10-25 14:09:00+00:00,CAN,0.972100019454956,0.972100019454956,0.9721999764442444,0.972100019454956,0.972100019454956,1340.0
2024-10-25 14:09:00+00:00,CDNS,257.239990234375,257.239990234375,257.42498779296875,257.20001220703125,257.42498779296875,3410.0
2024-10-25 14:09:00+00:00,CDW,217.98500061035156,217.98500061035156,218.0,217.89999389648438,218.0,745.0
2024-10-25 14:09:00+00:00,CETX,0.30140000581741333,0.30140000581741333,0.30140000581741333,0.30140000581741333,0.30140000581741333,3565.0
2024-10-25 14:09:00+00:00,CFLT,22.545000076293945,22.545000076293945,22.549999237060547,22.545000076293945,22.545000076293945,11754.0
2024-10-25 14:09:00+00:00,CGNX,38.810001373291016,38.810001373291016,38.810001373291016,38.810001373291016,38.810001373291016,422.0
2024-10-25 14:09:00+00:00,CHKP,206.30999755859375,206.30999755859375,206.30999755859375,206.17999267578125,206.17999267578125,289.0
2024-10-25 14:09:00+00:00,CLSK,11.395000457763672,11.395000457763672,11.420000076293945,11.390000343322754,11.420000076293945,128563.0
2024-10-25 14:09:00+00:00,CNXC,44.33000183105469,44.33000183105469,44.33000183105469,44.33000183105469,44.33000183105469,1090.0
2024-10-25 14:09:00+00:00,COHR,95.13009643554688,95.13009643554688,95.19000244140625,95.13009643554688,95.19000244140625,1635.0
2024-10-25 14:09:00+00:00,COHU,25.934999465942383,25.934999465942383,25.934999465942383,25.934999465942383,25.934999465942383,314.0
2024-10-25 14:09:00+00:00,COIN,204.0,204.0,204.42979431152344,203.72000122070312,204.03500366210938,58543.0
2024-10-25 14:09:00+00:00,COMM,6.210899829864502,6.210899829864502,6.215000152587891,6.210000038146973,6.210000038146973,20277.0
2024-10-25 14:09:00+00:00,CORZ,13.055000305175781,13.055000305175781,13.104999542236328,13.050000190734863,13.086000442504883,13156.0
2024-10-25 14:09:00+00:00,CPSH,1.4110000133514404,1.4110000133514404,1.4110000133514404,1.4110000133514404,1.4110000133514404,342.0
2024-10-25 14:09:00+00:00,CRCT,6.559999942779541,6.559999942779541,6.574999809265137,6.559999942779541,6.574999809265137,1921.0
2024-10-25 14:09:00+00:00,CRDO,39.02000045776367,39.02000045776367,39.02000045776367,38.97999954223633,39.005001068115234,1181.0
2024-10-25 14:09:00+00:00,CREX,4.340000152587891,4.340000152587891,4.340000152587891,4.340000152587891,4.340000152587891,375.0
2024-10-25 14:09:00+00:00,CRWD,295.7699890136719,295.7699890136719,295.96990966796875,295.29998779296875,295.4800109863281,11176.0
2024-10-25 14:09:00+00:00,CSCO,55.686100006103516,55.686100006103516,55.69499969482422,55.67499923706055,55.67499923706055,15840.0
2024-10-25 14:09:00+00:00,CSIQ,13.31410026550293,13.31410026550293,13.319999694824219,13.3100004196167,13.3100004196167,1756.0
2024-10-25 14:09:00+00:00,CTLP,8.853099822998047,8.853099822998047,8.853099822998047,8.853099822998047,8.853099822998047,848.0
2024-10-25 14:09:00+00:00,CTSH,74.70999908447266,74.70999908447266,74.70999908447266,74.6500015258789,74.6500015258789,3081.0
2024-10-25 14:09:00+00:00,CYBR,289.260009765625,289.260009765625,289.260009765625,289.260009765625,289.260009765625,1212.0
2024-10-25 14:09:00+00:00,DAVE,38.69599914550781,38.69599914550781,38.69599914550781,38.69599914550781,38.69599914550781,1405.0
2024-10-25 14:09:00+00:00,DBX,25.934999465942383,25.934999465942383,25.940000534057617,25.920000076293945,25.920000076293945,4338.0
2024-10-25 14:09:00+00:00,DDOG,126.18000030517578,126.18000030517578,126.23999786376953,126.18000030517578,126.23999786376953,1382.0
2024-10-25 14:09:00+00:00,DOCU,68.8949966430664,68.8949966430664,68.93000030517578,68.8499984741211,68.93000030517578,10495.0
2024-10-25 14:09:00+00:00,DOX,89.12000274658203,89.12000274658203,89.12999725341797,89.12000274658203,89.12999725341797,571.0
2024-10-25 14:09:00+00:00,DSGX,103.82499694824219,103.82499694824219,103.82499694824219,103.75,103.75,501.0
2024-10-25 14:09:00+00:00,DSP,11.449999809265137,11.449999809265137,11.449999809265137,11.449999809265137,11.449999809265137,1078.0
2024-10-25 14:09:00+00:00,DTSS,2.4700000286102295,2.4700000286102295,2.4700000286102295,2.420099973678589,2.420099973678589,704.0
2024-10-25 14:09:00+00:00,EBON,5.75,5.75,5.75,5.75,5.75,2162.0
2024-10-25 14:09:00+00:00,ENPH,83.05000305175781,83.05000305175781,83.08000183105469,83.0000991821289,83.08000183105469,2404.0
2024-10-25 14:09:00+00:00,ERIC,8.454999923706055,8.454999923706055,8.454999923706055,8.454999923706055,8.454999923706055,2353.0
2024-10-25 14:09:00+00:00,EXTR,14.324999809265137,14.324999809265137,14.329999923706055,14.324999809265137,14.329999923706055,1459.0
2024-10-25 14:09:00+00:00,FIVN,29.850000381469727,29.850000381469727,29.850000381469727,29.81999969482422,29.829999923706055,1180.0
2024-10-25 14:09:00+00:00,FLEX,35.040000915527344,35.040000915527344,35.040000915527344,35.040000915527344,35.040000915527344,3034.0
2024-10-25 14:09:00+00:00,FORM,44.641998291015625,44.641998291015625,44.641998291015625,44.641998291015625,44.641998291015625,102.0
2024-10-25 14:09:00+00:00,FROG,29.110000610351562,29.110000610351562,29.1200008392334,29.100000381469727,29.1200008392334,5008.0
2024-10-25 14:09:00+00:00,FRSH,11.604999542236328,11.604999542236328,11.604999542236328,11.600000381469727,11.600000381469727,3418.0
2024-10-25 14:09:00+00:00,FSLR,198.14999389648438,198.14999389648438,198.14999389648438,198.14999389648438,198.14999389648438,1553.0
2024-10-25 14:09:00+00:00,FTCI,0.6500999927520752,0.6500999927520752,0.6500999927520752,0.6500999927520752,0.6500999927520752,8516.0
2024-10-25 14:09:00+00:00,FTNT,80.49500274658203,80.49500274658203,80.49500274658203,80.47000122070312,80.47000122070312,883.0
2024-10-25 14:09:00+00:00,GCT,24.610000610351562,24.610000610351562,24.610000610351562,24.59000015258789,24.59000015258789,583.0
2024-10-25 14:09:00+00:00,GDYN,15.494999885559082,15.494999885559082,15.5,15.489999771118164,15.494999885559082,987.0
2024-10-25 14:09:00+00:00,GFS,40.584999084472656,40.584999084472656,40.599998474121094,40.584999084472656,40.599998474121094,2603.0
2024-10-25 14:09:00+00:00,GILT,4.920000076293945,4.920000076293945,4.920000076293945,4.920000076293945,4.920000076293945,108.0
2024-10-25 14:09:00+00:00,GPRO,1.315000057220459,1.315000057220459,1.319100022315979,1.315000057220459,1.319100022315979,832.0
2024-10-25 14:09:00+00:00,GRAB,4.079999923706055,4.079999923706055,4.085000038146973,4.079999923706055,4.085000038146973,139661.0
2024-10-25 14:09:00+00:00,GTLB,55.180999755859375,55.180999755859375,55.180999755859375,55.180999755859375,55.180999755859375,119.0
2024-10-25 14:09:00+00:00,HCP,33.665000915527344,33.665000915527344,33.66999816894531,33.662498474121094,33.662498474121094,13368.0
2024-10-25 14:09:00+00:00,HIMX,6.150000095367432,6.150000095367432,6.150000095367432,6.150000095367432,6.150000095367432,502.0
2024-10-25 14:09:00+00:00,HLIT,14.729999542236328,14.729999542236328,14.729999542236328,14.725000381469727,14.725000381469727,645.0
2024-10-25 14:09:00+00:00,HOLO,3.5850000381469727,3.5850000381469727,3.5864999294281006,3.5850000381469727,3.5864999294281006,3982.0
2024-10-25 14:09:00+00:00,HOOD,26.975000381469727,26.975000381469727,26.979999542236328,26.920000076293945,26.966800689697266,62202.0
2024-10-25 14:09:00+00:00,HTCR,1.0499999523162842,1.0499999523162842,1.0499999523162842,1.0499999523162842,1.0499999523162842,1000.0
2024-10-25 14:09:00+00:00,ICHR,27.5,27.5,27.5,27.5,27.5,302.0
2024-10-25 14:09:00+00:00,IMXI,17.55500030517578,17.55500030517578,17.55500030517578,17.55500030517578,17.55500030517578,620.0
2024-10-25 14:09:00+00:00,INDI,3.496000051498413,3.496000051498413,3.496000051498413,3.496000051498413,3.496000051498413,1102.0
2024-10-25 14:09:00+00:00,INOD,20.084999084472656,20.084999084472656,20.084999084472656,20.084999084472656,20.084999084472656,216.0
2024-10-25 14:09:00+00:00,INTA,49.90999984741211,49.90999984741211,49.90999984741211,49.904998779296875,49.90999984741211,963.0
2024-10-25 14:09:00+00:00,INTC,22.7549991607666,22.7549991607666,22.770000457763672,22.75,22.760000228881836,103758.0
2024-10-25 14:09:00+00:00,IPGP,76.9000015258789,76.9000015258789,76.9000015258789,76.9000015258789,76.9000015258789,493.0
2024-10-25 14:09:00+00:00,KLAC,673.513916015625,673.513916015625,674.1400146484375,673.513916015625,674.1400146484375,1378.0
2024-10-25 14:09:00+00:00,KLIC,44.25,44.25,44.25,44.25,44.25,415.0
2024-10-25 14:09:00+00:00,KVHI,4.644999980926514,4.644999980926514,4.644999980926514,4.644999980926514,4.644999980926514,32.0
2024-10-25 14:09:00+00:00,LINK,4.829999923706055,4.829999923706055,4.836699962615967,4.829999923706055,4.836699962615967,573.0
2024-10-25 14:09:00+00:00,LITE,64.02999877929688,64.02999877929688,64.02999877929688,63.970001220703125,63.97999954223633,2667.0
2024-10-25 14:09:00+00:00,LOGI,80.5999984741211,80.5999984741211,80.5999984741211,80.5999984741211,80.5999984741211,607.0
2024-10-25 14:09:00+00:00,LRCX,78.37989807128906,78.37989807128906,78.37999725341797,78.32009887695312,78.33999633789062,13099.0
2024-10-25 14:09:00+00:00,LSCC,53.90999984741211,53.90999984741211,53.939998626708984,53.90999984741211,53.939998626708984,1157.0
2024-10-25 14:09:00+00:00,LYFT,13.704999923706055,13.704999923706055,13.710000038146973,13.694999694824219,13.694999694824219,6453.0
2024-10-25 14:09:00+00:00,MCHP,76.31999969482422,76.31999969482422,76.36000061035156,76.31999969482422,76.31999969482422,2797.0
2024-10-25 14:09:00+00:00,MDB,266.1199951171875,266.1199951171875,266.20001220703125,266.1199951171875,266.20001220703125,1207.0
2024-10-25 14:09:00+00:00,MITK,8.739999771118164,8.739999771118164,8.739999771118164,8.739999771118164,8.739999771118164,210.0
2024-10-25 14:09:00+00:00,MKSI,100.95999908447266,100.95999908447266,101.01000213623047,100.90499877929688,101.01000213623047,1274.0
2024-10-25 14:09:00+00:00,MQ,5.275000095367432,5.275000095367432,5.28000020980835,5.275000095367432,5.275000095367432,5966.0
2024-10-25 14:09:00+00:00,MRVL,81.83000183105469,81.83000183105469,81.87000274658203,81.77999877929688,81.79000091552734,5610.0
2024-10-25 14:09:00+00:00,MSFT,427.44000244140625,427.44000244140625,427.54998779296875,427.30999755859375,427.3500061035156,14120.0
2024-10-25 14:09:00+00:00,MSTR,229.00010681152344,229.00010681152344,229.86990356445312,228.6199951171875,228.97300720214844,112052.0
2024-10-25 14:09:00+00:00,MTTR,4.59499979019165,4.59499979019165,4.59499979019165,4.59499979019165,4.59499979019165,3082.0
2024-10-25 14:09:00+00:00,MU,107.80000305175781,107.80000305175781,107.83999633789062,107.75,107.80000305175781,39973.0
2024-10-25 14:09:00+00:00,MXL,14.760000228881836,14.760000228881836,14.760000228881836,14.760000228881836,14.760000228881836,672.0
2024-10-25 14:09:00+00:00,NCNO,37.66999816894531,37.66999816894531,37.66999816894531,37.66999816894531,37.66999816894531,767.0
2024-10-25 14:09:00+00:00,NTAP,119.67500305175781,119.67500305175781,119.67500305175781,119.67500305175781,119.67500305175781,507.0
2024-10-25 14:09:00+00:00,NVDA,141.2584991455078,141.2584991455078,141.39999389648438,141.24000549316406,141.3260040283203,696747.0
2024-10-25 14:09:00+00:00,NVEI,33.494998931884766,33.494998931884766,33.5,33.494998931884766,33.5,2891.0
2024-10-25 14:09:00+00:00,NVTS,2.5160000324249268,2.5160000324249268,2.5199999809265137,2.5100998878479004,2.515000104904175,2473.0
2024-10-25 14:09:00+00:00,NXPI,242.9499969482422,242.9499969482422,242.9499969482422,242.94000244140625,242.94000244140625,552.0
2024-10-25 14:09:00+00:00,OBLG,3.8199000358581543,3.8199000358581543,3.8199000358581543,3.8199000358581543,3.8199000358581543,400.0
2024-10-25 14:09:00+00:00,OKTA,71.9749984741211,71.9749984741211,71.9749984741211,71.9749984741211,71.9749984741211,727.0
2024-10-25 14:09:00+00:00,OLED,202.89999389648438,202.89999389648438,202.89999389648438,202.89999389648438,202.89999389648438,262.0
2024-10-25 14:09:00+00:00,ON,71.08000183105469,71.08000183105469,71.16999816894531,71.08000183105469,71.11000061035156,10274.0
2024-10-25 14:09:00+00:00,ONDS,0.8500000238418579,0.8500000238418579,0.8500000238418579,0.8500000238418579,0.8500000238418579,9100.0
2024-10-25 14:09:00+00:00,OSPN,14.5,14.5,14.5,14.5,14.5,191.0
2024-10-25 14:09:00+00:00,PANW,366.1650085449219,366.1650085449219,366.1650085449219,366.1499938964844,366.1499938964844,812.0
2024-10-25 14:09:00+00:00,PAYO,8.305000305175781,8.305000305175781,8.305000305175781,8.305000305175781,8.305000305175781,118.0
2024-10-25 14:09:00+00:00,PCTY,172.89999389648438,172.89999389648438,173.11000061035156,172.80999755859375,173.0,16211.0
2024-10-25 14:09:00+00:00,PEGY,4.919899940490723,4.919899940490723,4.949999809265137,4.880000114440918,4.949999809265137,1931.0
2024-10-25 14:09:00+00:00,PGY,11.664999961853027,11.664999961853027,11.670000076293945,11.664999961853027,11.664999961853027,2455.0
2024-10-25 14:09:00+00:00,PHUN,10.159799575805664,10.159799575805664,10.15999984741211,10.100199699401855,10.137999534606934,43661.0
2024-10-25 14:09:00+00:00,PI,201.22000122070312,201.22000122070312,201.22000122070312,201.22000122070312,201.22000122070312,1500.0
2024-10-25 14:09:00+00:00,PLAB,23.440000534057617,23.440000534057617,23.440000534057617,23.440000534057617,23.440000534057617,418.0
2024-10-25 14:09:00+00:00,PRSO,1.7649999856948853,1.7649999856948853,1.7649999856948853,1.7649999856948853,1.7649999856948853,800.0
2024-10-25 14:09:00+00:00,PTC,186.1300048828125,186.1300048828125,186.1300048828125,185.92999267578125,185.98500061035156,1515.0
2024-10-25 14:09:00+00:00,PUBM,14.680000305175781,14.680000305175781,14.680000305175781,14.680000305175781,14.680000305175781,626.0
2024-10-25 14:09:00+00:00,QCOM,170.75999450683594,170.75999450683594,170.83599853515625,170.72000122070312,170.77999877929688,6808.0
2024-10-25 14:09:00+00:00,QRVO,99.55000305175781,99.55000305175781,99.58000183105469,99.5199966430664,99.5199966430664,2253.0
2024-10-25 14:09:00+00:00,RELL,13.944999694824219,13.944999694824219,13.944999694824219,13.944999694824219,13.944999694824219,156.0
2024-10-25 14:09:00+00:00,RELY,14.880000114440918,14.880000114440918,14.880000114440918,14.875,14.875,929.0
2024-10-25 14:09:00+00:00,RGTI,1.215000033378601,1.215000033378601,1.215000033378601,1.2100000381469727,1.2100000381469727,916.0
2024-10-25 14:09:00+00:00,RIOT,9.630000114440918,9.630000114440918,9.669899940490723,9.630000114440918,9.649999618530273,67189.0
2024-10-25 14:09:00+00:00,RMBS,43.18000030517578,43.18000030517578,43.189998626708984,43.18000030517578,43.189998626708984,968.0
2024-10-25 14:09:00+00:00,RUM,5.724999904632568,5.724999904632568,5.724999904632568,5.724999904632568,5.724999904632568,470.0
2024-10-25 14:09:00+00:00,RUN,14.3149995803833,14.3149995803833,14.3149995803833,14.3100004196167,14.3100004196167,10703.0
2024-10-25 14:09:00+00:00,SATL,0.9900000095367432,0.9900000095367432,0.9900000095367432,0.9900000095367432,0.9900000095367432,0.0
2024-10-25 14:09:00+00:00,SCWX,8.375,8.375,8.375,8.375,8.375,213.0
2024-10-25 14:09:00+00:00,SEDG,15.800000190734863,15.800000190734863,15.8100004196167,15.779999732971191,15.779999732971191,3447.0
2024-10-25 14:09:00+00:00,SHLS,5.235000133514404,5.235000133514404,5.235000133514404,5.224999904632568,5.230000019073486,4626.0
2024-10-25 14:09:00+00:00,SMCI,46.922000885009766,46.922000885009766,46.970001220703125,46.922000885009766,46.93000030517578,30858.0
2024-10-25 14:09:00+00:00,SMSI,0.8198000192642212,0.8198000192642212,0.8198000192642212,0.8198000192642212,0.8198000192642212,0.0
2024-10-25 14:09:00+00:00,SMTC,45.529998779296875,45.529998779296875,45.529998779296875,45.529998779296875,45.529998779296875,719.0
2024-10-25 14:09:00+00:00,SNPS,501.010009765625,501.010009765625,501.010009765625,501.010009765625,501.010009765625,101.0
2024-10-25 14:09:00+00:00,SOUN,5.150000095367432,5.150000095367432,5.150000095367432,5.139999866485596,5.144999980926514,21760.0
2024-10-25 14:09:00+00:00,SPSC,173.0850067138672,173.0850067138672,173.0850067138672,173.0850067138672,173.0850067138672,321.0
2024-10-25 14:09:00+00:00,SSNC,69.62999725341797,69.62999725341797,69.63899993896484,69.5999984741211,69.5999984741211,14220.0
2024-10-25 14:09:00+00:00,STNE,11.529999732971191,11.529999732971191,11.529999732971191,11.505000114440918,11.510000228881836,11511.0
2024-10-25 14:09:00+00:00,STX,103.26499938964844,103.26499938964844,103.27999877929688,103.22000122070312,103.22000122070312,2385.0
2024-10-25 14:09:00+00:00,SVRE,0.07850000262260437,0.07850000262260437,0.07850000262260437,0.07850000262260437,0.07850000262260437,119.0
2024-10-25 14:09:00+00:00,SYTA,1.2999999523162842,1.2999999523162842,1.3014999628067017,1.2999999523162842,1.3000999689102173,1048.0
2024-10-25 14:09:00+00:00,TASK,11.949999809265137,11.949999809265137,11.949999809265137,11.9399995803833,11.9399995803833,1436.0
2024-10-25 14:09:00+00:00,TEAM,188.81500244140625,188.81500244140625,188.81500244140625,188.74000549316406,188.74000549316406,1064.0
2024-10-25 14:09:00+00:00,TENB,41.560001373291016,41.560001373291016,41.560001373291016,41.529998779296875,41.529998779296875,1155.0
2024-10-25 14:09:00+00:00,TER,112.0999984741211,112.0999984741211,112.18499755859375,112.05999755859375,112.12999725341797,9059.0
2024-10-25 14:09:00+00:00,TTD,118.25550079345703,118.25550079345703,118.30000305175781,118.19000244140625,118.20999908447266,1330.0
2024-10-25 14:09:00+00:00,TWKS,4.440000057220459,4.440000057220459,4.440000057220459,4.440000057220459,4.440000057220459,325.0
2024-10-25 14:09:00+00:00,TXN,207.02490234375,207.02490234375,207.0800018310547,206.9499969482422,206.97500610351562,3697.0
2024-10-25 14:09:00+00:00,UCTT,35.595001220703125,35.595001220703125,35.595001220703125,35.584999084472656,35.584999084472656,504.0
2024-10-25 14:09:00+00:00,VECO,29.248300552368164,29.248300552368164,29.260000228881836,29.239999771118164,29.239999771118164,1095.0
2024-10-25 14:09:00+00:00,VERX,41.61000061035156,41.61000061035156,41.61000061035156,41.61000061035156,41.61000061035156,1897.0
2024-10-25 14:09:00+00:00,VIAV,9.1899995803833,9.1899995803833,9.1899995803833,9.1899995803833,9.1899995803833,688.0
2024-10-25 14:09:00+00:00,VICR,46.31999969482422,46.31999969482422,46.34000015258789,46.279998779296875,46.310001373291016,2850.0
2024-10-25 14:09:00+00:00,VOXX,7.543000221252441,7.543000221252441,7.550000190734863,7.543000221252441,7.550000190734863,754.0
2024-10-25 14:09:00+00:00,VRNS,56.619998931884766,56.619998931884766,56.619998931884766,56.6150016784668,56.6150016784668,468.0
2024-10-25 14:09:00+00:00,VRNT,21.924999237060547,21.924999237060547,21.924999237060547,21.924999237060547,21.924999237060547,325.0
2024-10-25 14:09:00+00:00,VRSN,183.1300048828125,183.1300048828125,183.15499877929688,183.1300048828125,183.15499877929688,576.0
2024-10-25 14:09:00+00:00,VSAT,10.145000457763672,10.145000457763672,10.146499633789062,10.145000457763672,10.146499633789062,517.0
2024-10-25 14:09:00+00:00,WDC,69.94999694824219,69.94999694824219,69.94999694824219,69.81999969482422,69.81999969482422,20721.0
2024-10-25 14:09:00+00:00,WISA,1.9794000387191772,1.9794000387191772,1.9794000387191772,1.9794000387191772,1.9794000387191772,0.0
2024-10-25 14:09:00+00:00,WIX,164.4250030517578,164.4250030517578,164.4250030517578,164.4250030517578,164.4250030517578,471.0
2024-10-25 14:09:00+00:00,XELA,1.9700000286102295,1.9700000286102295,1.9700000286102295,1.9600000381469727,1.9700000286102295,2053.0
2024-10-25 14:09:00+00:00,XRX,9.93970012664795,9.93970012664795,9.93970012664795,9.934000015258789,9.934000015258789,659.0
2024-10-25 14:09:00+00:00,ZI,10.475000381469727,10.475000381469727,10.475000381469727,10.46500015258789,10.470000267028809,3676.0
2024-10-25 14:10:00+00:00,AAPL,231.2501983642578,231.2501983642578,231.27000427246094,231.07000732421875,231.16990661621094,64292.0
2024-10-25 14:10:00+00:00,ACLS,89.6500015258789,89.6500015258789,89.6500015258789,89.6500015258789,89.6500015258789,477.0
2024-10-25 14:10:00+00:00,ADBE,483.1300048828125,483.1300048828125,483.3299865722656,483.010009765625,483.1300048828125,4459.0
2024-10-25 14:10:00+00:00,ADI,230.38999938964844,230.38999938964844,230.59500122070312,230.35000610351562,230.4499969482422,4001.0
2024-10-25 14:10:00+00:00,ADSK,285.19000244140625,285.19000244140625,285.19000244140625,285.19000244140625,285.19000244140625,572.0
2024-10-25 14:10:00+00:00,AEHR,16.579999923706055,16.579999923706055,16.66900062561035,16.579999923706055,16.63680076599121,5011.0
2024-10-25 14:10:00+00:00,AFRM,41.22999954223633,41.22999954223633,41.22999954223633,41.198699951171875,41.209999084472656,7670.0
2024-10-25 14:10:00+00:00,AGYS,110.47000122070312,110.47000122070312,110.6500015258789,110.47000122070312,110.6500015258789,1685.0
2024-10-25 14:10:00+00:00,AIRG,9.010000228881836,9.010000228881836,9.010000228881836,9.010000228881836,9.010000228881836,300.0
2024-10-25 14:10:00+00:00,AKAM,101.83999633789062,101.83999633789062,101.84500122070312,101.83000183105469,101.84500122070312,1264.0
2024-10-25 14:10:00+00:00,ALGM,22.96500015258789,22.96500015258789,22.96500015258789,22.924999237060547,22.93000030517578,8765.0
2024-10-25 14:10:00+00:00,ALKT,37.9900016784668,37.9900016784668,37.9900016784668,37.959999084472656,37.98500061035156,430.0
2024-10-25 14:10:00+00:00,ALRM,54.400001525878906,54.400001525878906,54.400001525878906,54.400001525878906,54.400001525878906,1031.0
2024-10-25 14:10:00+00:00,ALTR,103.50499725341797,103.50499725341797,103.50499725341797,103.43000030517578,103.47000122070312,1408.0
2024-10-25 14:10:00+00:00,AMAT,186.60000610351562,186.60000610351562,186.72999572753906,186.5,186.64999389648438,14897.0
2024-10-25 14:10:00+00:00,AMBA,57.650001525878906,57.650001525878906,57.650001525878906,57.650001525878906,57.650001525878906,130.0
2024-10-25 14:10:00+00:00,AMD,155.7165985107422,155.7165985107422,155.92999267578125,155.69000244140625,155.8636932373047,59964.0
2024-10-25 14:10:00+00:00,AMKR,29.850000381469727,29.850000381469727,29.860000610351562,29.850000381469727,29.860000610351562,3452.0
2024-10-25 14:10:00+00:00,AMPL,9.0649995803833,9.0649995803833,9.0649995803833,9.0649995803833,9.0649995803833,206.0
2024-10-25 14:10:00+00:00,ANY,1.0299999713897705,1.0299999713897705,1.0360000133514404,1.0299999713897705,1.0360000133514404,10787.0
2024-10-25 14:10:00+00:00,API,2.880000114440918,2.880000114440918,2.880000114440918,2.8798999786376953,2.8798999786376953,559.0
2024-10-25 14:10:00+00:00,APP,160.27999877929688,160.27999877929688,160.35000610351562,160.27999877929688,160.30999755859375,1121.0
2024-10-25 14:10:00+00:00,APPN,32.060001373291016,32.060001373291016,32.060001373291016,32.04999923706055,32.04999923706055,850.0
2024-10-25 14:10:00+00:00,ARRY,6.335000038146973,6.335000038146973,6.335999965667725,6.323999881744385,6.335000038146973,12125.0
2024-10-25 14:10:00+00:00,ASML,711.5399780273438,711.5399780273438,711.9600219726562,711.22998046875,711.9600219726562,4287.0
2024-10-25 14:10:00+00:00,ASNS,1.3049999475479126,1.3049999475479126,1.3049999475479126,1.3049999475479126,1.3049999475479126,1115.0
2024-10-25 14:10:00+00:00,AUR,6.385000228881836,6.385000228881836,6.389999866485596,6.385000228881836,6.389999866485596,3810.0
2024-10-25 14:10:00+00:00,AVDX,8.045000076293945,8.045000076293945,8.045000076293945,8.045000076293945,8.045000076293945,1854.0
2024-10-25 14:10:00+00:00,AVGO,173.2550048828125,173.2550048828125,173.38499450683594,173.2100067138672,173.3699951171875,25860.0
2024-10-25 14:10:00+00:00,AVPT,11.899999618530273,11.899999618530273,11.899999618530273,11.899999618530273,11.899999618530273,611.0
2024-10-25 14:10:00+00:00,AVT,53.869998931884766,53.869998931884766,53.88999938964844,53.869998931884766,53.88999938964844,1055.0
2024-10-25 14:10:00+00:00,BAND,17.55500030517578,17.55500030517578,17.559999465942383,17.55500030517578,17.559999465942383,436.0
2024-10-25 14:10:00+00:00,BASE,16.186800003051758,16.186800003051758,16.186800003051758,16.186800003051758,16.186800003051758,453.0
2024-10-25 14:10:00+00:00,BIGC,5.297999858856201,5.297999858856201,5.300000190734863,5.295000076293945,5.300000190734863,5083.0
2024-10-25 14:10:00+00:00,BL,56.029998779296875,56.029998779296875,56.029998779296875,56.029998779296875,56.029998779296875,1686.0
2024-10-25 14:10:00+00:00,BLZE,7.159999847412109,7.159999847412109,7.159999847412109,7.159999847412109,7.159999847412109,101.0
2024-10-25 14:10:00+00:00,BMBL,7.09499979019165,7.09499979019165,7.09499979019165,7.09499979019165,7.09499979019165,1063.0
2024-10-25 14:10:00+00:00,BRZE,30.68000030517578,30.68000030517578,30.684999465942383,30.68000030517578,30.684999465942383,665.0
2024-10-25 14:10:00+00:00,BSY,49.06999969482422,49.06999969482422,49.089900970458984,49.06999969482422,49.089900970458984,503.0
2024-10-25 14:10:00+00:00,CAN,0.9708999991416931,0.9708999991416931,0.972000002861023,0.9708999991416931,0.972000002861023,17345.0
2024-10-25 14:10:00+00:00,CDNS,257.07501220703125,257.07501220703125,257.2449951171875,257.010009765625,257.2449951171875,3829.0
2024-10-25 14:10:00+00:00,CDW,217.82000732421875,217.82000732421875,217.8800048828125,217.82000732421875,217.8800048828125,836.0
2024-10-25 14:10:00+00:00,CEVA,23.90999984741211,23.90999984741211,23.9424991607666,23.90999984741211,23.9424991607666,543.0
2024-10-25 14:10:00+00:00,CFLT,22.532499313354492,22.532499313354492,22.540000915527344,22.520000457763672,22.540000915527344,7356.0
2024-10-25 14:10:00+00:00,CGNX,38.790000915527344,38.790000915527344,38.79999923706055,38.790000915527344,38.79859924316406,915.0
2024-10-25 14:10:00+00:00,CHKP,206.30499267578125,206.30499267578125,206.30999755859375,206.30499267578125,206.30999755859375,3612.0
2024-10-25 14:10:00+00:00,CLSK,11.40779972076416,11.40779972076416,11.40779972076416,11.359999656677246,11.395000457763672,95538.0
2024-10-25 14:10:00+00:00,CNDT,3.6050000190734863,3.6050000190734863,3.609999895095825,3.6050000190734863,3.609999895095825,2684.0
2024-10-25 14:10:00+00:00,CNXN,69.93599700927734,69.93599700927734,69.93599700927734,69.93599700927734,69.93599700927734,1849.0
2024-10-25 14:10:00+00:00,COHR,95.06999969482422,95.06999969482422,95.16000366210938,95.05999755859375,95.16000366210938,2679.0
2024-10-25 14:10:00+00:00,COHU,25.899999618530273,25.899999618530273,25.899999618530273,25.899999618530273,25.899999618530273,518.0
2024-10-25 14:10:00+00:00,COIN,204.08999633789062,204.08999633789062,204.3000030517578,203.42999267578125,204.0,49565.0
2024-10-25 14:10:00+00:00,COMM,6.235000133514404,6.235000133514404,6.235000133514404,6.210000038146973,6.210000038146973,38448.0
2024-10-25 14:10:00+00:00,CORZ,13.079999923706055,13.079999923706055,13.09000015258789,13.03499984741211,13.03499984741211,56375.0
2024-10-25 14:10:00+00:00,CRCT,6.554999828338623,6.554999828338623,6.554999828338623,6.554999828338623,6.554999828338623,103.0
2024-10-25 14:10:00+00:00,CRDO,38.939998626708984,38.939998626708984,38.97999954223633,38.939998626708984,38.97999954223633,540.0
2024-10-25 14:10:00+00:00,CRNC,2.910099983215332,2.910099983215332,2.9149999618530273,2.910099983215332,2.9149999618530273,1734.0
2024-10-25 14:10:00+00:00,CRSR,6.300000190734863,6.300000190734863,6.300000190734863,6.300000190734863,6.300000190734863,1262.0
2024-10-25 14:10:00+00:00,CRUS,122.12999725341797,122.12999725341797,122.12999725341797,122.0199966430664,122.0199966430664,1959.0
2024-10-25 14:10:00+00:00,CRWD,295.5249938964844,295.5249938964844,295.8999938964844,295.5,295.7699890136719,7377.0
2024-10-25 14:10:00+00:00,CSCO,55.68000030517578,55.68000030517578,55.689998626708984,55.66559982299805,55.68000030517578,12008.0
2024-10-25 14:10:00+00:00,CSIQ,13.279999732971191,13.279999732971191,13.3149995803833,13.279999732971191,13.3149995803833,8137.0
2024-10-25 14:10:00+00:00,CTLP,8.836000442504883,8.836000442504883,8.836000442504883,8.829999923706055,8.829999923706055,1754.0
2024-10-25 14:10:00+00:00,CTSH,74.66000366210938,74.66000366210938,74.68499755859375,74.6449966430664,74.68499755859375,3020.0
2024-10-25 14:10:00+00:00,CVLT,133.75,133.75,133.88499450683594,133.75,133.88499450683594,1716.0
2024-10-25 14:10:00+00:00,CYBR,289.010009765625,289.010009765625,289.010009765625,289.010009765625,289.010009765625,827.0
2024-10-25 14:10:00+00:00,DATS,1.7000000476837158,1.7000000476837158,1.7000000476837158,1.6674000024795532,1.6775000095367432,3500.0
2024-10-25 14:10:00+00:00,DAVE,38.6150016784668,38.6150016784668,38.6150016784668,38.6150016784668,38.6150016784668,230.0
2024-10-25 14:10:00+00:00,DBX,25.920000076293945,25.920000076293945,25.93000030517578,25.920000076293945,25.93000030517578,7067.0
2024-10-25 14:10:00+00:00,DDOG,126.13500213623047,126.13500213623047,126.22000122070312,126.02010345458984,126.1500015258789,6366.0
2024-10-25 14:10:00+00:00,DGHI,1.4500000476837158,1.4500000476837158,1.4500000476837158,1.4500000476837158,1.4500000476837158,207.0
2024-10-25 14:10:00+00:00,DIOD,65.3499984741211,65.3499984741211,65.3499984741211,65.3499984741211,65.3499984741211,804.0
2024-10-25 14:10:00+00:00,DMRC,31.309900283813477,31.309900283813477,31.309900283813477,31.309900283813477,31.309900283813477,207.0
2024-10-25 14:10:00+00:00,DOCU,68.83999633789062,68.83999633789062,68.875,68.83000183105469,68.875,2403.0
2024-10-25 14:10:00+00:00,DOX,89.0916976928711,89.0916976928711,89.0916976928711,89.0916976928711,89.0916976928711,200.0
2024-10-25 14:10:00+00:00,DTST,3.5,3.5,3.5,3.5,3.5,652.0
2024-10-25 14:10:00+00:00,DUOL,287.1499938964844,287.1499938964844,287.239990234375,287.010009765625,287.1099853515625,1192.0
2024-10-25 14:10:00+00:00,EEFT,99.25,99.25,99.26000213623047,99.25,99.26000213623047,813.0
2024-10-25 14:10:00+00:00,ENPH,82.88999938964844,82.88999938964844,83.07499694824219,82.83000183105469,83.05000305175781,13212.0
2024-10-25 14:10:00+00:00,ENTG,104.53500366210938,104.53500366210938,104.55999755859375,104.47000122070312,104.55999755859375,3159.0
2024-10-25 14:10:00+00:00,ERIC,8.454999923706055,8.454999923706055,8.454999923706055,8.449999809265137,8.454999923706055,2441.0
2024-10-25 14:10:00+00:00,EXFY,1.725000023841858,1.725000023841858,1.725000023841858,1.725000023841858,1.725000023841858,300.0
2024-10-25 14:10:00+00:00,EXLS,38.720001220703125,38.720001220703125,38.720001220703125,38.68000030517578,38.68000030517578,2893.0
2024-10-25 14:10:00+00:00,EXTR,14.319999694824219,14.319999694824219,14.319999694824219,14.319999694824219,14.319999694824219,274.0
2024-10-25 14:10:00+00:00,FFIV,215.5449981689453,215.5449981689453,215.57749938964844,215.5399932861328,215.57000732421875,1228.0
2024-10-25 14:10:00+00:00,FIVN,29.81999969482422,29.81999969482422,29.834999084472656,29.81999969482422,29.834999084472656,680.0
2024-10-25 14:10:00+00:00,FLEX,35.025001525878906,35.025001525878906,35.040000915527344,35.02000045776367,35.040000915527344,5065.0
2024-10-25 14:10:00+00:00,FLYW,17.270000457763672,17.270000457763672,17.270000457763672,17.270000457763672,17.270000457763672,373.0
2024-10-25 14:10:00+00:00,FORM,44.619998931884766,44.619998931884766,44.6349983215332,44.619998931884766,44.630001068115234,2057.0
2024-10-25 14:10:00+00:00,FROG,29.100000381469727,29.100000381469727,29.104999542236328,29.100000381469727,29.100000381469727,2000.0
2024-10-25 14:10:00+00:00,FRSH,11.604999542236328,11.604999542236328,11.604999542236328,11.600000381469727,11.600000381469727,14556.0
2024-10-25 14:10:00+00:00,FSLR,197.8800048828125,197.8800048828125,197.8800048828125,197.8800048828125,197.8800048828125,227.0
2024-10-25 14:10:00+00:00,FTCI,0.6500999927520752,0.6500999927520752,0.6500999927520752,0.6500999927520752,0.6500999927520752,0.0
2024-10-25 14:10:00+00:00,FTNT,80.46499633789062,80.46499633789062,80.48999786376953,80.45500183105469,80.48999786376953,3550.0
2024-10-25 14:10:00+00:00,GCT,24.600000381469727,24.600000381469727,24.614999771118164,24.600000381469727,24.614999771118164,804.0
2024-10-25 14:10:00+00:00,GDS,21.290000915527344,21.290000915527344,21.299999237060547,21.290000915527344,21.299999237060547,564.0
2024-10-25 14:10:00+00:00,GDYN,15.470000267028809,15.470000267028809,15.484999656677246,15.470000267028809,15.484999656677246,958.0
2024-10-25 14:10:00+00:00,GFS,40.54999923706055,40.54999923706055,40.57500076293945,40.52000045776367,40.57500076293945,9882.0
2024-10-25 14:10:00+00:00,GILT,4.910099983215332,4.910099983215332,4.910099983215332,4.910099983215332,4.910099983215332,330.0
2024-10-25 14:10:00+00:00,GPRO,1.315000057220459,1.315000057220459,1.3188999891281128,1.315000057220459,1.3188999891281128,443.0
2024-10-25 14:10:00+00:00,GRAB,4.074999809265137,4.074999809265137,4.085999965667725,4.074999809265137,4.079999923706055,76026.0
2024-10-25 14:10:00+00:00,GRRR,4.480000019073486,4.480000019073486,4.480000019073486,4.474999904632568,4.474999904632568,746.0
2024-10-25 14:10:00+00:00,GSIT,3.3980000019073486,3.3980000019073486,3.4200000762939453,3.3980000019073486,3.4200000762939453,1453.0
2024-10-25 14:10:00+00:00,GTLB,55.2400016784668,55.2400016784668,55.2400016784668,55.18000030517578,55.18000030517578,849.0
2024-10-25 14:10:00+00:00,HCP,33.66999816894531,33.66999816894531,33.66999816894531,33.665000915527344,33.665000915527344,558.0
2024-10-25 14:10:00+00:00,HLIT,14.729999542236328,14.729999542236328,14.729999542236328,14.710000038146973,14.710000038146973,1675.0
2024-10-25 14:10:00+00:00,HOOD,26.950000762939453,26.950000762939453,26.975000381469727,26.920000076293945,26.975000381469727,43074.0
2024-10-25 14:10:00+00:00,ICHR,27.489999771118164,27.489999771118164,27.489999771118164,27.489999771118164,27.489999771118164,211.0
2024-10-25 14:10:00+00:00,III,3.049799919128418,3.049799919128418,3.049799919128418,3.0450000762939453,3.0450000762939453,557.0
2024-10-25 14:10:00+00:00,IMMR,8.677599906921387,8.677599906921387,8.677599906921387,8.677599906921387,8.677599906921387,414.0
2024-10-25 14:10:00+00:00,INFN,6.760000228881836,6.760000228881836,6.760000228881836,6.760000228881836,6.760000228881836,448.0
2024-10-25 14:10:00+00:00,INOD,20.020000457763672,20.020000457763672,20.030000686645508,20.020000457763672,20.030000686645508,888.0
2024-10-25 14:10:00+00:00,INSG,20.07830047607422,20.07830047607422,20.07830047607422,20.030000686645508,20.030000686645508,712.0
2024-10-25 14:10:00+00:00,INTA,49.89500045776367,49.89500045776367,49.91999816894531,49.89500045776367,49.91999816894531,1347.0
2024-10-25 14:10:00+00:00,INTC,22.73390007019043,22.73390007019043,22.759000778198242,22.729999542236328,22.75,99620.0
2024-10-25 14:10:00+00:00,IPGP,76.81999969482422,76.81999969482422,76.81999969482422,76.81999969482422,76.81999969482422,896.0
2024-10-25 14:10:00+00:00,ITRI,102.43000030517578,102.43000030517578,102.43000030517578,102.43000030517578,102.43000030517578,701.0
2024-10-25 14:10:00+00:00,JKHY,182.42750549316406,182.42750549316406,182.5,182.42750549316406,182.5,617.0
2024-10-25 14:10:00+00:00,KC,2.680000066757202,2.680000066757202,2.680000066757202,2.680000066757202,2.680000066757202,2358.0
2024-10-25 14:10:00+00:00,KLIC,44.22999954223633,44.22999954223633,44.2599983215332,44.22999954223633,44.2599983215332,741.0
2024-10-25 14:10:00+00:00,KLTR,1.3300000429153442,1.3300000429153442,1.3300000429153442,1.3300000429153442,1.3300000429153442,572.0
2024-10-25 14:10:00+00:00,LASR,10.359999656677246,10.359999656677246,10.359999656677246,10.359999656677246,10.359999656677246,609.0
2024-10-25 14:10:00+00:00,LITE,63.95500183105469,63.95500183105469,63.97999954223633,63.95000076293945,63.970001220703125,1969.0
2024-10-25 14:10:00+00:00,LPSN,1.1549999713897705,1.1549999713897705,1.1549999713897705,1.1549999713897705,1.1549999713897705,545.0
2024-10-25 14:10:00+00:00,LRCX,78.23999786376953,78.23999786376953,78.33999633789062,78.20999908447266,78.33999633789062,21077.0
2024-10-25 14:10:00+00:00,LSCC,53.90999984741211,53.90999984741211,53.93000030517578,53.86000061035156,53.900001525878906,2796.0
2024-10-25 14:10:00+00:00,LTCH,0.4399999976158142,0.4399999976158142,0.4399999976158142,0.4399999976158142,0.4399999976158142,2200.0
2024-10-25 14:10:00+00:00,LYFT,13.6899995803833,13.6899995803833,13.699999809265137,13.6899995803833,13.699999809265137,13774.0
2024-10-25 14:10:00+00:00,MANH,275.0799865722656,275.0799865722656,275.0799865722656,274.9700012207031,274.9700012207031,540.0
2024-10-25 14:10:00+00:00,MARK,0.1054999977350235,0.1054999977350235,0.1054999977350235,0.1054999977350235,0.1054999977350235,400.0
2024-10-25 14:10:00+00:00,MAXN,5.579999923706055,5.579999923706055,5.579999923706055,5.579999923706055,5.579999923706055,2055.0
2024-10-25 14:10:00+00:00,MCHP,76.30000305175781,76.30000305175781,76.33000183105469,76.29000091552734,76.30999755859375,3950.0
2024-10-25 14:10:00+00:00,MITK,8.739999771118164,8.739999771118164,8.739999771118164,8.739999771118164,8.739999771118164,317.0
2024-10-25 14:10:00+00:00,MKSI,100.85600280761719,100.85600280761719,100.95999908447266,100.83999633789062,100.95999908447266,2028.0
2024-10-25 14:10:00+00:00,MNDY,298.3599853515625,298.3599853515625,298.3900146484375,298.3599853515625,298.3900146484375,834.0
2024-10-25 14:10:00+00:00,MPWR,909.9000244140625,909.9000244140625,910.280029296875,908.0,910.280029296875,6951.0
2024-10-25 14:10:00+00:00,MQ,5.275000095367432,5.275000095367432,5.275000095367432,5.275000095367432,5.275000095367432,4492.0
2024-10-25 14:10:00+00:00,MRVL,81.81999969482422,81.81999969482422,81.83999633789062,81.76000213623047,81.81999969482422,13905.0
2024-10-25 14:10:00+00:00,MSFT,427.2300109863281,427.2300109863281,427.42999267578125,427.17999267578125,427.3399963378906,23161.0
2024-10-25 14:10:00+00:00,MSTR,230.0,230.0,230.0,227.75,229.0,185580.0
2024-10-25 14:10:00+00:00,MTSI,119.80999755859375,119.80999755859375,119.83000183105469,119.76000213623047,119.77999877929688,1567.0
2024-10-25 14:10:00+00:00,MTTR,4.59499979019165,4.59499979019165,4.59499979019165,4.5914998054504395,4.59499979019165,6926.0
2024-10-25 14:10:00+00:00,MU,107.75,107.75,107.80000305175781,107.72000122070312,107.76000213623047,20263.0
2024-10-25 14:10:00+00:00,MXL,14.739999771118164,14.739999771118164,14.739999771118164,14.734999656677246,14.739999771118164,2405.0
2024-10-25 14:10:00+00:00,NCNO,37.65999984741211,37.65999984741211,37.65999984741211,37.650001525878906,37.650001525878906,3015.0
2024-10-25 14:10:00+00:00,NEON,8.0600004196167,8.0600004196167,8.0600004196167,8.0600004196167,8.0600004196167,1778.0
2024-10-25 14:10:00+00:00,NNDM,2.31469988822937,2.31469988822937,2.31469988822937,2.309999942779541,2.309999942779541,839.0
2024-10-25 14:10:00+00:00,NSIT,208.14999389648438,208.14999389648438,208.14999389648438,208.14999389648438,208.14999389648438,496.0
2024-10-25 14:10:00+00:00,NTAP,119.6427001953125,119.6427001953125,119.6427001953125,119.62999725341797,119.62999725341797,592.0
2024-10-25 14:10:00+00:00,NTNX,61.93000030517578,61.93000030517578,61.97999954223633,61.93000030517578,61.939998626708984,6036.0
2024-10-25 14:10:00+00:00,NVDA,141.00999450683594,141.00999450683594,141.3079071044922,140.94200134277344,141.24000549316406,1276160.0
2024-10-25 14:10:00+00:00,NVEI,33.494998931884766,33.494998931884766,33.494998931884766,33.494998931884766,33.494998931884766,250.0
2024-10-25 14:10:00+00:00,NVMI,183.14739990234375,183.14739990234375,183.27999877929688,182.80499267578125,182.80499267578125,7010.0
2024-10-25 14:10:00+00:00,NVTS,2.515000104904175,2.515000104904175,2.515000104904175,2.515000104904175,2.515000104904175,436.0
2024-10-25 14:10:00+00:00,NXPI,242.70790100097656,242.70790100097656,242.7899932861328,242.69000244140625,242.69000244140625,2398.0
2024-10-25 14:10:00+00:00,OBLG,3.841200113296509,3.841200113296509,3.841200113296509,3.841200113296509,3.841200113296509,0.0
2024-10-25 14:10:00+00:00,OKTA,72.0199966430664,72.0199966430664,72.02999877929688,71.9708023071289,71.9800033569336,2859.0
2024-10-25 14:10:00+00:00,OLED,202.69140625,202.69140625,202.69140625,202.69140625,202.69140625,753.0
2024-10-25 14:10:00+00:00,ON,71.08999633789062,71.08999633789062,71.11000061035156,71.04000091552734,71.05999755859375,13134.0
2024-10-25 14:10:00+00:00,ONDS,0.8353000283241272,0.8353000283241272,0.8445000052452087,0.8353000283241272,0.8445000052452087,716.0
2024-10-25 14:10:00+00:00,OSIS,135.15499877929688,135.15499877929688,135.15499877929688,135.15499877929688,135.15499877929688,834.0
2024-10-25 14:10:00+00:00,OSPN,14.494999885559082,14.494999885559082,14.494999885559082,14.494999885559082,14.494999885559082,618.0
2024-10-25 14:10:00+00:00,OTEX,33.20000076293945,33.20000076293945,33.20000076293945,33.20000076293945,33.20000076293945,1116.0
2024-10-25 14:10:00+00:00,PANW,366.2655029296875,366.2655029296875,366.32659912109375,366.1499938964844,366.32659912109375,2610.0
2024-10-25 14:10:00+00:00,PAYO,8.305000305175781,8.305000305175781,8.305000305175781,8.305000305175781,8.305000305175781,735.0
2024-10-25 14:10:00+00:00,PCTY,172.9600067138672,172.9600067138672,172.99000549316406,172.88999938964844,172.89500427246094,1657.0
2024-10-25 14:10:00+00:00,PEGA,79.10579681396484,79.10579681396484,79.13500213623047,79.10579681396484,79.13500213623047,2309.0
2024-10-25 14:10:00+00:00,PEGY,4.929999828338623,4.929999828338623,4.949999809265137,4.900000095367432,4.919099807739258,8483.0
2024-10-25 14:10:00+00:00,PGY,11.649999618530273,11.649999618530273,11.664999961853027,11.649999618530273,11.664999961853027,546.0
2024-10-25 14:10:00+00:00,PHUN,10.169500350952148,10.169500350952148,10.170000076293945,10.119999885559082,10.141200065612793,21932.0
2024-10-25 14:10:00+00:00,PLUS,97.30500030517578,97.30500030517578,97.30500030517578,97.30500030517578,97.30500030517578,2492.0
2024-10-25 14:10:00+00:00,PLXS,141.41000366210938,141.41000366210938,141.41000366210938,141.41000366210938,141.41000366210938,607.0
2024-10-25 14:10:00+00:00,POET,3.819999933242798,3.819999933242798,3.819999933242798,3.819999933242798,3.819999933242798,1919.0
2024-10-25 14:10:00+00:00,PTC,185.94500732421875,185.94500732421875,185.94500732421875,185.94500732421875,185.94500732421875,348.0
2024-10-25 14:10:00+00:00,PXLW,0.7416999936103821,0.7416999936103821,0.7416999936103821,0.7416999936103821,0.7416999936103821,0.0
2024-10-25 14:10:00+00:00,PYCR,14.265000343322754,14.265000343322754,14.265000343322754,14.265000343322754,14.265000343322754,1028.0
2024-10-25 14:10:00+00:00,QCOM,170.6457977294922,170.6457977294922,170.74000549316406,170.60499572753906,170.74000549316406,10118.0
2024-10-25 14:10:00+00:00,QRVO,99.58999633789062,99.58999633789062,99.58999633789062,99.50499725341797,99.51000213623047,10127.0
2024-10-25 14:10:00+00:00,QUBT,1.0850000381469727,1.0850000381469727,1.0850000381469727,1.0850000381469727,1.0850000381469727,1535.0
2024-10-25 14:10:00+00:00,RCAT,2.744999885559082,2.744999885559082,2.744999885559082,2.7300000190734863,2.734999895095825,9939.0
2024-10-25 14:10:00+00:00,RDWR,22.190000534057617,22.190000534057617,22.190000534057617,22.190000534057617,22.190000534057617,695.0
2024-10-25 14:10:00+00:00,REKR,1.0845999717712402,1.0845999717712402,1.0859999656677246,1.0845999717712402,1.0859999656677246,863.0
2024-10-25 14:10:00+00:00,RELY,14.869999885559082,14.869999885559082,14.880000114440918,14.869999885559082,14.880000114440918,3398.0
2024-10-25 14:10:00+00:00,RGTI,1.2000000476837158,1.2000000476837158,1.215000033378601,1.2000000476837158,1.2100000381469727,345973.0
2024-10-25 14:10:00+00:00,RIOT,9.645000457763672,9.645000457763672,9.649999618530273,9.610899925231934,9.63010025024414,152045.0
2024-10-25 14:10:00+00:00,RMBS,43.125,43.125,43.16999816894531,43.125,43.16999816894531,2713.0
2024-10-25 14:10:00+00:00,RMNI,1.7200000286102295,1.7200000286102295,1.7200000286102295,1.7200000286102295,1.7200000286102295,124.0
2024-10-25 14:10:00+00:00,RPAY,7.597099781036377,7.597099781036377,7.599999904632568,7.579999923706055,7.584400177001953,16685.0
2024-10-25 14:10:00+00:00,RPD,38.57500076293945,38.57500076293945,38.57500076293945,38.57500076293945,38.57500076293945,243.0
2024-10-25 14:10:00+00:00,RUM,5.724999904632568,5.724999904632568,5.724999904632568,5.724999904632568,5.724999904632568,1757.0
2024-10-25 14:10:00+00:00,RUN,14.225000381469727,14.225000381469727,14.3100004196167,14.225000381469727,14.3100004196167,27802.0
2024-10-25 14:10:00+00:00,SANM,67.375,67.375,67.40499877929688,67.375,67.40499877929688,564.0
2024-10-25 14:10:00+00:00,SATS,25.102500915527344,25.102500915527344,25.102500915527344,25.102500915527344,25.102500915527344,1362.0
2024-10-25 14:10:00+00:00,SCSC,44.595001220703125,44.595001220703125,44.595001220703125,44.595001220703125,44.595001220703125,277.0
2024-10-25 14:10:00+00:00,SEDG,15.760000228881836,15.760000228881836,15.789999961853027,15.760000228881836,15.789999961853027,7841.0
2024-10-25 14:10:00+00:00,SHLS,5.21999979019165,5.21999979019165,5.230000019073486,5.21999979019165,5.230000019073486,6889.0
2024-10-25 14:10:00+00:00,SIMO,56.505001068115234,56.505001068115234,56.505001068115234,56.505001068115234,56.505001068115234,416.0
2024-10-25 14:10:00+00:00,SKYT,10.529999732971191,10.529999732971191,10.529999732971191,10.529999732971191,10.529999732971191,576.0
2024-10-25 14:10:00+00:00,SMCI,46.869998931884766,46.869998931884766,46.904998779296875,46.84199905395508,46.900001525878906,56974.0
2024-10-25 14:10:00+00:00,SNPS,501.0199890136719,501.0199890136719,501.0199890136719,501.0199890136719,501.0199890136719,939.0
2024-10-25 14:10:00+00:00,SONO,12.694999694824219,12.694999694824219,12.694999694824219,12.680000305175781,12.694999694824219,4298.0
2024-10-25 14:10:00+00:00,SOUN,5.140100002288818,5.140100002288818,5.150000095367432,5.139999866485596,5.140399932861328,31106.0
2024-10-25 14:10:00+00:00,SPSC,172.97999572753906,172.97999572753906,172.98500061035156,172.85000610351562,172.9600067138672,1826.0
2024-10-25 14:10:00+00:00,SPT,26.825000762939453,26.825000762939453,26.84000015258789,26.729999542236328,26.729999542236328,4043.0
2024-10-25 14:10:00+00:00,SRAD,12.364999771118164,12.364999771118164,12.369999885559082,12.359999656677246,12.359999656677246,2171.0
2024-10-25 14:10:00+00:00,SSNC,69.55999755859375,69.55999755859375,69.63500213623047,69.55000305175781,69.63500213623047,171138.0
2024-10-25 14:10:00+00:00,STNE,11.515000343322754,11.515000343322754,11.515000343322754,11.505000114440918,11.515000343322754,5354.0
2024-10-25 14:10:00+00:00,STX,103.25,103.25,103.29000091552734,103.23500061035156,103.23999786376953,3309.0
2024-10-25 14:10:00+00:00,SVRE,0.07850000262260437,0.07850000262260437,0.07850000262260437,0.07850000262260437,0.07850000262260437,4505.0
2024-10-25 14:10:00+00:00,SWKS,95.71499633789062,95.71499633789062,95.75,95.71499633789062,95.75,444.0
2024-10-25 14:10:00+00:00,SYTA,1.3099000453948975,1.3099000453948975,1.309999942779541,1.3005000352859497,1.3005000352859497,622.0
2024-10-25 14:10:00+00:00,TEAM,188.6999969482422,188.6999969482422,188.81500244140625,188.66000366210938,188.66000366210938,2486.0
2024-10-25 14:10:00+00:00,TER,111.98670196533203,111.98670196533203,112.0999984741211,111.9800033569336,112.0,14174.0
2024-10-25 14:10:00+00:00,TRMB,60.869998931884766,60.869998931884766,60.88999938964844,60.869998931884766,60.88999938964844,1189.0
2024-10-25 14:10:00+00:00,TTD,118.25499725341797,118.25499725341797,118.29000091552734,118.22000122070312,118.25,2560.0
2024-10-25 14:10:00+00:00,TTMI,19.510000228881836,19.510000228881836,19.510000228881836,19.510000228881836,19.510000228881836,387.0
2024-10-25 14:10:00+00:00,TWKS,4.440000057220459,4.440000057220459,4.445000171661377,4.440000057220459,4.440000057220459,12384.0
2024-10-25 14:10:00+00:00,TXN,206.9600067138672,206.9600067138672,206.9600067138672,206.83999633789062,206.8699951171875,3860.0
2024-10-25 14:10:00+00:00,UCTT,35.560001373291016,35.560001373291016,35.560001373291016,35.560001373291016,35.560001373291016,727.0
2024-10-25 14:10:00+00:00,VECO,29.219999313354492,29.219999313354492,29.229999542236328,29.219999313354492,29.229999542236328,400.0
2024-10-25 14:10:00+00:00,VERX,41.60499954223633,41.60499954223633,41.60499954223633,41.599998474121094,41.599998474121094,379.0
2024-10-25 14:10:00+00:00,VIAV,9.194999694824219,9.194999694824219,9.194999694824219,9.194999694824219,9.194999694824219,1236.0
2024-10-25 14:10:00+00:00,VNET,3.3949999809265137,3.3949999809265137,3.4000000953674316,3.3949999809265137,3.4000000953674316,4458.0
2024-10-25 14:10:00+00:00,VRNS,56.58000183105469,56.58000183105469,56.6150016784668,56.54999923706055,56.6150016784668,2021.0
2024-10-25 14:10:00+00:00,VRSN,183.14999389648438,183.14999389648438,183.14999389648438,183.14999389648438,183.14999389648438,543.0
2024-10-25 14:10:00+00:00,VSAT,10.140000343322754,10.140000343322754,10.140000343322754,10.140000343322754,10.140000343322754,791.0
2024-10-25 14:10:00+00:00,VUZI,1.2999999523162842,1.2999999523162842,1.2999999523162842,1.2999999523162842,1.2999999523162842,13128.0
2024-10-25 14:10:00+00:00,WDAY,238.57000732421875,238.57000732421875,238.57000732421875,238.57000732421875,238.57000732421875,707.0
2024-10-25 14:10:00+00:00,WDC,69.7925033569336,69.7925033569336,69.93000030517578,69.7925033569336,69.93000030517578,14051.0
2024-10-25 14:10:00+00:00,WISA,1.975000023841858,1.975000023841858,1.9800000190734863,1.9700000286102295,1.975000023841858,10292.0
2024-10-25 14:10:00+00:00,XPER,9.380000114440918,9.380000114440918,9.380000114440918,9.380000114440918,9.380000114440918,613.0
2024-10-25 14:10:00+00:00,XRX,9.920000076293945,9.920000076293945,9.930000305175781,9.920000076293945,9.930000305175781,2276.0
2024-10-25 14:10:00+00:00,ZBRA,359.57049560546875,359.57049560546875,359.57049560546875,359.57049560546875,359.57049560546875,1098.0
2024-10-25 14:10:00+00:00,ZI,10.47599983215332,10.47599983215332,10.47599983215332,10.470000267028809,10.470000267028809,4432.0
2024-10-25 14:10:00+00:00,ZM,72.7699966430664,72.7699966430664,72.77999877929688,72.76000213623047,72.7699966430664,2653.0
2024-10-25 14:10:00+00:00,ZS,184.22999572753906,184.22999572753906,184.2324981689453,184.22999572753906,184.2324981689453,887.0
2024-10-25 14:11:00+00:00,AAOI,17.6200008392334,17.6200008392334,17.6200008392334,17.600000381469727,17.600000381469727,1625.0
2024-10-25 14:11:00+00:00,AAPL,231.33999633789062,231.33999633789062,231.38999938964844,231.25,231.25,55297.0
2024-10-25 14:11:00+00:00,ACIW,48.80500030517578,48.80500030517578,48.81999969482422,48.69599914550781,48.69599914550781,5365.0
2024-10-25 14:11:00+00:00,ACLS,89.74500274658203,89.74500274658203,89.74500274658203,89.74500274658203,89.74500274658203,258.0
2024-10-25 14:11:00+00:00,ACMR,19.540000915527344,19.540000915527344,19.549999237060547,19.53499984741211,19.53499984741211,1972.0
2024-10-25 14:11:00+00:00,ADBE,483.3100891113281,483.3100891113281,483.5400085449219,483.3100891113281,483.5400085449219,1667.0
2024-10-25 14:11:00+00:00,ADI,230.72000122070312,230.72000122070312,230.72000122070312,230.4199981689453,230.50999450683594,3391.0
2024-10-25 14:11:00+00:00,ADSK,285.489990234375,285.489990234375,285.489990234375,285.489990234375,285.489990234375,639.0
2024-10-25 14:11:00+00:00,AEHR,16.6200008392334,16.6200008392334,16.6200008392334,16.570199966430664,16.57029914855957,4020.0
2024-10-25 14:11:00+00:00,AFRM,41.27000045776367,41.27000045776367,41.279998779296875,41.23059844970703,41.2599983215332,7691.0
2024-10-25 14:11:00+00:00,AGYS,110.625,110.625,110.625,110.625,110.625,190.0
2024-10-25 14:11:00+00:00,AKAM,101.8499984741211,101.8499984741211,101.88999938964844,101.8499984741211,101.86499786376953,2404.0
2024-10-25 14:11:00+00:00,AKTS,0.05860000103712082,0.05860000103712082,0.058800000697374344,0.05860000103712082,0.058800000697374344,2905.0
2024-10-25 14:11:00+00:00,ALGM,22.969999313354492,22.969999313354492,23.0049991607666,22.969999313354492,22.969999313354492,6658.0
2024-10-25 14:11:00+00:00,ALKT,37.994998931884766,37.994998931884766,37.994998931884766,37.994998931884766,37.994998931884766,454.0
2024-10-25 14:11:00+00:00,AMAT,186.79989624023438,186.79989624023438,186.79989624023438,186.5800018310547,186.5800018310547,12090.0
2024-10-25 14:11:00+00:00,AMBA,57.65999984741211,57.65999984741211,57.65999984741211,57.650001525878906,57.650001525878906,281.0
2024-10-25 14:11:00+00:00,AMD,155.9949951171875,155.9949951171875,156.02999877929688,155.6999053955078,155.7050018310547,45502.0
2024-10-25 14:11:00+00:00,AMKR,29.8799991607666,29.8799991607666,29.8799991607666,29.860000610351562,29.860000610351562,2678.0
2024-10-25 14:11:00+00:00,AMPL,9.09000015258789,9.09000015258789,9.09000015258789,9.069999694824219,9.069999694824219,1206.0
2024-10-25 14:11:00+00:00,ANSS,323.125,323.125,323.125,323.125,323.125,1263.0
2024-10-25 14:11:00+00:00,ANY,1.0303000211715698,1.0303000211715698,1.0303000211715698,1.0299999713897705,1.0299999713897705,20187.0
2024-10-25 14:11:00+00:00,API,2.880000114440918,2.880000114440918,2.880000114440918,2.880000114440918,2.880000114440918,300.0
2024-10-25 14:11:00+00:00,APP,160.42999267578125,160.42999267578125,160.4600067138672,160.36000061035156,160.4199981689453,2765.0
2024-10-25 14:11:00+00:00,APPF,211.8249969482422,211.8249969482422,211.8249969482422,211.64999389648438,211.64999389648438,2356.0
2024-10-25 14:11:00+00:00,APPN,32.099998474121094,32.099998474121094,32.099998474121094,32.09000015258789,32.09000015258789,1625.0
2024-10-25 14:11:00+00:00,APPS,3.0399999618530273,3.0399999618530273,3.0399999618530273,3.0350000858306885,3.0350000858306885,2661.0
2024-10-25 14:11:00+00:00,ARQQ,7.039999961853027,7.039999961853027,7.039999961853027,7.039999961853027,7.039999961853027,1752.0
2024-10-25 14:11:00+00:00,ARRY,6.355000019073486,6.355000019073486,6.355000019073486,6.334000110626221,6.335000038146973,51395.0
2024-10-25 14:11:00+00:00,ASML,713.0036010742188,713.0036010742188,713.0036010742188,711.655029296875,712.0700073242188,4087.0
2024-10-25 14:11:00+00:00,ASUR,9.579999923706055,9.579999923706055,9.579999923706055,9.579999923706055,9.579999923706055,538.0
2024-10-25 14:11:00+00:00,AUR,6.394999980926514,6.394999980926514,6.394999980926514,6.385000228881836,6.385000228881836,5851.0
2024-10-25 14:11:00+00:00,AVGO,173.46099853515625,173.46099853515625,173.50999450683594,173.27999877929688,173.27999877929688,20028.0
2024-10-25 14:11:00+00:00,AVT,53.88999938964844,53.88999938964844,53.88999938964844,53.88999938964844,53.88999938964844,465.0
2024-10-25 14:11:00+00:00,AXTI,2.6649999618530273,2.6649999618530273,2.6649999618530273,2.6649999618530273,2.6649999618530273,516.0
2024-10-25 14:11:00+00:00,BEEM,4.789999961853027,4.789999961853027,4.804999828338623,4.789999961853027,4.804999828338623,1395.0
2024-10-25 14:11:00+00:00,BIGC,5.300000190734863,5.300000190734863,5.300000190734863,5.300000190734863,5.300000190734863,2759.0
2024-10-25 14:11:00+00:00,BMBL,7.105000019073486,7.105000019073486,7.114999771118164,7.09499979019165,7.09499979019165,10584.0
2024-10-25 14:11:00+00:00,BRZE,30.72010040283203,30.72010040283203,30.72010040283203,30.700000762939453,30.700000762939453,1819.0
2024-10-25 14:11:00+00:00,BSY,49.09960174560547,49.09960174560547,49.119998931884766,49.08000183105469,49.089599609375,3387.0
2024-10-25 14:11:00+00:00,CAN,0.9715999960899353,0.9715999960899353,0.9740999937057495,0.9700000286102295,0.9700000286102295,13684.0
2024-10-25 14:11:00+00:00,CDNS,257.260009765625,257.260009765625,257.4519958496094,257.20001220703125,257.20001220703125,5763.0
2024-10-25 14:11:00+00:00,CDW,217.94500732421875,217.94500732421875,217.94500732421875,217.94500732421875,217.94500732421875,896.0
2024-10-25 14:11:00+00:00,CETX,0.30140000581741333,0.30140000581741333,0.30309998989105225,0.30140000581741333,0.30309998989105225,8124.0
2024-10-25 14:11:00+00:00,CFLT,22.544599533081055,22.544599533081055,22.545000076293945,22.53499984741211,22.53499984741211,1434.0
2024-10-25 14:11:00+00:00,CGNX,38.810001373291016,38.810001373291016,38.810001373291016,38.79499816894531,38.79499816894531,1629.0
2024-10-25 14:11:00+00:00,CHKP,206.27999877929688,206.27999877929688,206.27999877929688,206.27999877929688,206.27999877929688,696.0
2024-10-25 14:11:00+00:00,CLBT,18.170000076293945,18.170000076293945,18.170000076293945,18.170000076293945,18.170000076293945,601.0
2024-10-25 14:11:00+00:00,CLRO,0.5800999999046326,0.5800999999046326,0.5802000164985657,0.5800999999046326,0.5802000164985657,434.0
2024-10-25 14:11:00+00:00,CLSK,11.468000411987305,11.468000411987305,11.489999771118164,11.350000381469727,11.399999618530273,247326.0
2024-10-25 14:11:00+00:00,CNDT,3.615000009536743,3.615000009536743,3.615000009536743,3.6050000190734863,3.609999895095825,3784.0
2024-10-25 14:11:00+00:00,COHR,95.13500213623047,95.13500213623047,95.2300033569336,95.0999984741211,95.13500213623047,6151.0
2024-10-25 14:11:00+00:00,COIN,205.3000030517578,205.3000030517578,205.38999938964844,203.71009826660156,204.0,58573.0
2024-10-25 14:11:00+00:00,COMM,6.244999885559082,6.244999885559082,6.25,6.239999771118164,6.239999771118164,797.0
2024-10-25 14:11:00+00:00,CORZ,13.155900001525879,13.155900001525879,13.175000190734863,13.079999923706055,13.079999923706055,21001.0
2024-10-25 14:11:00+00:00,CORZW,7.614999771118164,7.614999771118164,7.614999771118164,7.614999771118164,7.614999771118164,175.0
2024-10-25 14:11:00+00:00,CRCT,6.554999828338623,6.554999828338623,6.554999828338623,6.554999828338623,6.554999828338623,200.0
2024-10-25 14:11:00+00:00,CRDO,39.0099983215332,39.0099983215332,39.02000045776367,38.98500061035156,39.02000045776367,1215.0
2024-10-25 14:11:00+00:00,CRNC,2.9260001182556152,2.9260001182556152,2.9260001182556152,2.9200000762939453,2.9200000762939453,2776.0
2024-10-25 14:11:00+00:00,CRSR,6.320000171661377,6.320000171661377,6.320000171661377,6.309999942779541,6.309999942779541,1615.0
2024-10-25 14:11:00+00:00,CRUS,122.26000213623047,122.26000213623047,122.37000274658203,122.19000244140625,122.19000244140625,660.0
2024-10-25 14:11:00+00:00,CRWD,296.14599609375,296.14599609375,296.14599609375,295.5,295.57501220703125,8600.0
2024-10-25 14:11:00+00:00,CSCO,55.70500183105469,55.70500183105469,55.70500183105469,55.68000030517578,55.68040084838867,26092.0
2024-10-25 14:11:00+00:00,CSGS,47.41999816894531,47.41999816894531,47.41999816894531,47.41999816894531,47.41999816894531,282.0
2024-10-25 14:11:00+00:00,CSIQ,13.305000305175781,13.305000305175781,13.3100004196167,13.279999732971191,13.279999732971191,2152.0
2024-10-25 14:11:00+00:00,CTLP,8.84000015258789,8.84000015258789,8.84000015258789,8.84000015258789,8.84000015258789,416.0
2024-10-25 14:11:00+00:00,CTSH,74.6500015258789,74.6500015258789,74.66000366210938,74.63999938964844,74.65499877929688,2844.0
2024-10-25 14:11:00+00:00,CVLT,134.0500030517578,134.0500030517578,134.0500030517578,134.02000427246094,134.02000427246094,629.0
2024-10-25 14:11:00+00:00,DATS,1.7100000381469727,1.7100000381469727,1.7100000381469727,1.6999000310897827,1.6999000310897827,3903.0
2024-10-25 14:11:00+00:00,DAVE,38.70000076293945,38.70000076293945,38.70000076293945,38.619998931884766,38.70000076293945,2996.0
2024-10-25 14:11:00+00:00,DBX,25.934999465942383,25.934999465942383,25.934999465942383,25.920000076293945,25.920000076293945,4588.0
2024-10-25 14:11:00+00:00,DDOG,126.2699966430664,126.2699966430664,126.27999877929688,126.19999694824219,126.2300033569336,7247.0
2024-10-25 14:11:00+00:00,DIOD,65.5,65.5,65.5,65.5,65.5,220.0
2024-10-25 14:11:00+00:00,DLO,8.829999923706055,8.829999923706055,8.829999923706055,8.829999923706055,8.829999923706055,971.0
2024-10-25 14:11:00+00:00,DOCU,68.8949966430664,68.8949966430664,68.91000366210938,68.83499908447266,68.8499984741211,7132.0
2024-10-25 14:11:00+00:00,DOMO,8.020000457763672,8.020000457763672,8.020000457763672,8.020000457763672,8.020000457763672,271.0
2024-10-25 14:11:00+00:00,DOX,89.12809753417969,89.12809753417969,89.12809753417969,89.12809753417969,89.12809753417969,254.0
2024-10-25 14:11:00+00:00,DSGX,103.91000366210938,103.91000366210938,103.91000366210938,103.91000366210938,103.91000366210938,601.0
2024-10-25 14:11:00+00:00,DUOL,287.54998779296875,287.54998779296875,287.54998779296875,287.54998779296875,287.54998779296875,779.0
2024-10-25 14:11:00+00:00,EEFT,99.41999816894531,99.41999816894531,99.41999816894531,99.4000015258789,99.4000015258789,868.0
2024-10-25 14:11:00+00:00,ENPH,82.95999908447266,82.95999908447266,82.95999908447266,82.81999969482422,82.81999969482422,3699.0
2024-10-25 14:11:00+00:00,ENTG,104.62999725341797,104.62999725341797,104.62999725341797,104.56629943847656,104.5999984741211,2338.0
2024-10-25 14:11:00+00:00,ERIC,8.454999923706055,8.454999923706055,8.454999923706055,8.454999923706055,8.454999923706055,9843.0
2024-10-25 14:11:00+00:00,EXLS,38.72999954223633,38.72999954223633,38.72999954223633,38.72999954223633,38.72999954223633,1067.0
2024-10-25 14:11:00+00:00,EXTR,14.324999809265137,14.324999809265137,14.329999923706055,14.324999809265137,14.324999809265137,1099.0
2024-10-25 14:11:00+00:00,FFIV,215.6199951171875,215.6199951171875,215.6199951171875,215.60000610351562,215.60000610351562,528.0
2024-10-25 14:11:00+00:00,FIVN,29.860000610351562,29.860000610351562,29.8700008392334,29.854999542236328,29.854999542236328,857.0
2024-10-25 14:11:00+00:00,FLEX,35.04999923706055,35.04999923706055,35.04999923706055,35.029998779296875,35.029998779296875,3300.0
2024-10-25 14:11:00+00:00,FLYW,17.299999237060547,17.299999237060547,17.299999237060547,17.274999618530273,17.274999618530273,1754.0
2024-10-25 14:11:00+00:00,FRGT,1.875,1.875,1.875,1.875,1.875,3000.0
2024-10-25 14:11:00+00:00,FROG,29.200000762939453,29.200000762939453,29.200000762939453,29.100000381469727,29.110000610351562,5305.0
2024-10-25 14:11:00+00:00,FRSH,11.604999542236328,11.604999542236328,11.604999542236328,11.604599952697754,11.604999542236328,3829.0
2024-10-25 14:11:00+00:00,FSLR,197.89999389648438,197.89999389648438,198.0399932861328,197.86000061035156,197.86000061035156,2786.0
2024-10-25 14:11:00+00:00,FTCI,0.6521000266075134,0.6521000266075134,0.6521000266075134,0.6500999927520752,0.6500999927520752,765.0
2024-10-25 14:11:00+00:00,FTNT,80.52999877929688,80.52999877929688,80.52999877929688,80.47000122070312,80.4800033569336,2210.0
2024-10-25 14:11:00+00:00,GCT,24.610000610351562,24.610000610351562,24.610000610351562,24.610000610351562,24.610000610351562,604.0
2024-10-25 14:11:00+00:00,GDS,21.270000457763672,21.270000457763672,21.280000686645508,21.25,21.270000457763672,9576.0
2024-10-25 14:11:00+00:00,GFS,40.599998474121094,40.599998474121094,40.61000061035156,40.560001373291016,40.56999969482422,6112.0
2024-10-25 14:11:00+00:00,GPRO,1.315000057220459,1.315000057220459,1.315000057220459,1.315000057220459,1.315000057220459,318.0
2024-10-25 14:11:00+00:00,GRAB,4.072199821472168,4.072199821472168,4.074999809265137,4.070000171661377,4.074999809265137,143994.0
2024-10-25 14:11:00+00:00,GSIT,3.3901000022888184,3.3901000022888184,3.3901000022888184,3.380000114440918,3.390000104904175,5102.0
2024-10-25 14:11:00+00:00,GTLB,55.244998931884766,55.244998931884766,55.2599983215332,55.244998931884766,55.255001068115234,454.0
2024-10-25 14:11:00+00:00,HCP,33.665000915527344,33.665000915527344,33.665000915527344,33.665000915527344,33.665000915527344,7269.0
2024-10-25 14:11:00+00:00,HLIT,14.739999771118164,14.739999771118164,14.739999771118164,14.729999542236328,14.729999542236328,1873.0
2024-10-25 14:11:00+00:00,HOLO,3.5801000595092773,3.5801000595092773,3.5889999866485596,3.5801000595092773,3.5889999866485596,4852.0
2024-10-25 14:11:00+00:00,HOOD,27.021099090576172,27.021099090576172,27.040000915527344,26.959999084472656,26.959999084472656,24817.0
2024-10-25 14:11:00+00:00,IIIV,22.825000762939453,22.825000762939453,22.825000762939453,22.825000762939453,22.825000762939453,168.0
2024-10-25 14:11:00+00:00,IMMR,8.680000305175781,8.680000305175781,8.680000305175781,8.678600311279297,8.678600311279297,756.0
2024-10-25 14:11:00+00:00,INFN,6.760000228881836,6.760000228881836,6.760000228881836,6.760000228881836,6.760000228881836,100.0
2024-10-25 14:11:00+00:00,INOD,20.011600494384766,20.011600494384766,20.040000915527344,20.00550079345703,20.040000915527344,3220.0
2024-10-25 14:11:00+00:00,INSG,20.020000457763672,20.020000457763672,20.020000457763672,20.020000457763672,20.020000457763672,724.0
2024-10-25 14:11:00+00:00,INTA,49.92499923706055,49.92499923706055,49.92499923706055,49.90999984741211,49.90999984741211,1200.0
2024-10-25 14:11:00+00:00,INTC,22.77400016784668,22.77400016784668,22.777099609375,22.730100631713867,22.735000610351562,88015.0
2024-10-25 14:11:00+00:00,INTU,608.2064208984375,608.2064208984375,608.2064208984375,608.2064208984375,608.2064208984375,618.0
2024-10-25 14:11:00+00:00,IPGP,76.8550033569336,76.8550033569336,76.8550033569336,76.79000091552734,76.79000091552734,1926.0
2024-10-25 14:11:00+00:00,ITI,7.199999809265137,7.199999809265137,7.199999809265137,7.199999809265137,7.199999809265137,446.0
2024-10-25 14:11:00+00:00,JAMF,16.700000762939453,16.700000762939453,16.700000762939453,16.700000762939453,16.700000762939453,383.0
2024-10-25 14:11:00+00:00,KC,2.6812000274658203,2.6812000274658203,2.6812000274658203,2.6812000274658203,2.6812000274658203,444.0
2024-10-25 14:11:00+00:00,KLAC,673.2000122070312,673.2000122070312,673.2000122070312,673.0787963867188,673.0787963867188,1123.0
2024-10-25 14:11:00+00:00,LITE,64.05000305175781,64.05000305175781,64.05000305175781,64.05000305175781,64.05000305175781,257.0
2024-10-25 14:11:00+00:00,LOGI,80.59500122070312,80.59500122070312,80.59500122070312,80.58999633789062,80.58999633789062,666.0
2024-10-25 14:11:00+00:00,LRCX,78.33000183105469,78.33000183105469,78.33999633789062,78.25,78.26499938964844,13280.0
2024-10-25 14:11:00+00:00,LSCC,53.970001220703125,53.970001220703125,53.970001220703125,53.93000030517578,53.93000030517578,1788.0
2024-10-25 14:11:00+00:00,LYFT,13.710000038146973,13.710000038146973,13.720000267028809,13.694999694824219,13.699999809265137,18868.0
2024-10-25 14:11:00+00:00,MANH,275.19000244140625,275.19000244140625,275.19000244140625,275.19000244140625,275.19000244140625,524.0
2024-10-25 14:11:00+00:00,MCHP,76.37999725341797,76.37999725341797,76.37999725341797,76.30000305175781,76.30000305175781,4847.0
2024-10-25 14:11:00+00:00,MDB,266.489990234375,266.489990234375,266.489990234375,266.489990234375,266.489990234375,915.0
2024-10-25 14:11:00+00:00,MITK,8.74839973449707,8.74839973449707,8.74839973449707,8.74839973449707,8.74839973449707,509.0
2024-10-25 14:11:00+00:00,MKSI,100.9800033569336,100.9800033569336,100.98999786376953,100.97000122070312,100.97000122070312,940.0
2024-10-25 14:11:00+00:00,MNDY,298.3500061035156,298.3500061035156,298.3500061035156,298.3500061035156,298.3500061035156,1103.0
2024-10-25 14:11:00+00:00,MPWR,909.1599731445312,909.1599731445312,909.280029296875,909.1599731445312,909.1799926757812,935.0
2024-10-25 14:11:00+00:00,MQ,5.275000095367432,5.275000095367432,5.275000095367432,5.275000095367432,5.275000095367432,960.0
2024-10-25 14:11:00+00:00,MRVL,81.94999694824219,81.94999694824219,81.97000122070312,81.83000183105469,81.83000183105469,13806.0
2024-10-25 14:11:00+00:00,MSFT,427.57501220703125,427.57501220703125,427.6400146484375,427.239990234375,427.260009765625,19697.0
2024-10-25 14:11:00+00:00,MSTR,231.19000244140625,231.19000244140625,231.49000549316406,229.1768035888672,230.0,105314.0
2024-10-25 14:11:00+00:00,MTLS,5.8846001625061035,5.8846001625061035,5.909999847412109,5.8846001625061035,5.909999847412109,2109.0
2024-10-25 14:11:00+00:00,MTSI,119.68499755859375,119.68499755859375,119.68499755859375,119.68499755859375,119.68499755859375,289.0
2024-10-25 14:11:00+00:00,MTTR,4.59499979019165,4.59499979019165,4.599999904632568,4.59499979019165,4.59499979019165,2372.0
2024-10-25 14:11:00+00:00,MU,107.93000030517578,107.93000030517578,108.00990295410156,107.73999786376953,107.73999786376953,32684.0
2024-10-25 14:11:00+00:00,MVIS,1.0700000524520874,1.0700000524520874,1.0700000524520874,1.0700000524520874,1.0700000524520874,4467.0
2024-10-25 14:11:00+00:00,MXL,14.75,14.75,14.75,14.75,14.75,2129.0
2024-10-25 14:11:00+00:00,NCNO,37.65999984741211,37.65999984741211,37.65999984741211,37.650001525878906,37.650001525878906,2548.0
2024-10-25 14:11:00+00:00,NICE,174.8428955078125,174.8428955078125,174.8428955078125,174.71499633789062,174.71499633789062,366.0
2024-10-25 14:11:00+00:00,NTAP,119.66500091552734,119.66500091552734,119.66500091552734,119.6500015258789,119.6500015258789,2024.0
2024-10-25 14:11:00+00:00,NTNX,62.00199890136719,62.00199890136719,62.0099983215332,61.97999954223633,62.0099983215332,1390.0
2024-10-25 14:11:00+00:00,NVDA,141.22999572753906,141.22999572753906,141.24000549316406,140.97000122070312,140.99000549316406,585314.0
2024-10-25 14:11:00+00:00,NVEI,33.494998931884766,33.494998931884766,33.5,33.494998931884766,33.5,1511.0
2024-10-25 14:11:00+00:00,NVTS,2.5250000953674316,2.5250000953674316,2.5250000953674316,2.515000104904175,2.515000104904175,7424.0
2024-10-25 14:11:00+00:00,NXPI,242.99000549316406,242.99000549316406,242.99000549316406,242.77000427246094,242.8800048828125,1939.0
2024-10-25 14:11:00+00:00,OKTA,72.0199966430664,72.0199966430664,72.0199966430664,72.0199966430664,72.0199966430664,617.0
2024-10-25 14:11:00+00:00,ON,71.16000366210938,71.16000366210938,71.18000030517578,71.11000061035156,71.11000061035156,9822.0
2024-10-25 14:11:00+00:00,ONDS,0.8382999897003174,0.8382999897003174,0.8382999897003174,0.833899974822998,0.833899974822998,12484.0
2024-10-25 14:11:00+00:00,OTEX,33.22999954223633,33.22999954223633,33.22999954223633,33.22999954223633,33.22999954223633,242.0
2024-10-25 14:11:00+00:00,PANW,366.6050109863281,366.6050109863281,366.7799072265625,366.5400085449219,366.5400085449219,2304.0
2024-10-25 14:11:00+00:00,PAYO,8.305000305175781,8.305000305175781,8.305000305175781,8.305000305175781,8.305000305175781,2177.0
2024-10-25 14:11:00+00:00,PCTY,172.9600067138672,172.9600067138672,172.9600067138672,172.9600067138672,172.9600067138672,1965.0
2024-10-25 14:11:00+00:00,PDFS,29.100000381469727,29.100000381469727,29.100000381469727,29.100000381469727,29.100000381469727,124.0
2024-10-25 14:11:00+00:00,PEGA,79.2300033569336,79.2300033569336,79.2300033569336,79.18499755859375,79.18499755859375,1668.0
2024-10-25 14:11:00+00:00,PEGY,4.889999866485596,4.889999866485596,4.949999809265137,4.889999866485596,4.900000095367432,10214.0
2024-10-25 14:11:00+00:00,PET,0.8130000233650208,0.8130000233650208,0.8130000233650208,0.8130000233650208,0.8130000233650208,825.0
2024-10-25 14:11:00+00:00,PGY,11.664999961853027,11.664999961853027,11.664999961853027,11.65999984741211,11.65999984741211,871.0
2024-10-25 14:11:00+00:00,PHUN,10.204999923706055,10.204999923706055,10.239700317382812,10.161499977111816,10.169899940490723,44126.0
2024-10-25 14:11:00+00:00,PI,201.44000244140625,201.44000244140625,201.6199951171875,201.35000610351562,201.35000610351562,2641.0
2024-10-25 14:11:00+00:00,PLAB,23.450000762939453,23.450000762939453,23.450000762939453,23.434999465942383,23.434999465942383,1293.0
2024-10-25 14:11:00+00:00,PLXS,141.4949951171875,141.4949951171875,141.5800018310547,141.49000549316406,141.5800018310547,4080.0
2024-10-25 14:11:00+00:00,POET,3.819999933242798,3.819999933242798,3.8292999267578125,3.819999933242798,3.8292999267578125,3131.0
2024-10-25 14:11:00+00:00,PRCH,1.3049999475479126,1.3049999475479126,1.3049999475479126,1.3049999475479126,1.3049999475479126,288.0
2024-10-25 14:11:00+00:00,PRGS,64.45999908447266,64.45999908447266,64.45999908447266,64.43499755859375,64.43499755859375,753.0
2024-10-25 14:11:00+00:00,PTC,186.11500549316406,186.11500549316406,186.1199951171875,186.0,186.0,2972.0
2024-10-25 14:11:00+00:00,PUBM,14.680000305175781,14.680000305175781,14.680000305175781,14.680000305175781,14.680000305175781,298.0
2024-10-25 14:11:00+00:00,PYCR,14.270000457763672,14.270000457763672,14.270000457763672,14.270000457763672,14.270000457763672,1148.0
2024-10-25 14:11:00+00:00,QCOM,170.7720947265625,170.7720947265625,170.77999877929688,170.72999572753906,170.75,2495.0
2024-10-25 14:11:00+00:00,QLYS,120.5260009765625,120.5260009765625,120.5260009765625,120.5260009765625,120.5260009765625,1279.0
2024-10-25 14:11:00+00:00,QRVO,99.62000274658203,99.62000274658203,99.62999725341797,99.58000183105469,99.61000061035156,1012.0
2024-10-25 14:11:00+00:00,QUBT,1.0800000429153442,1.0800000429153442,1.0891000032424927,1.0750000476837158,1.0891000032424927,5621.0
2024-10-25 14:11:00+00:00,RCAT,2.759999990463257,2.759999990463257,2.7699999809265137,2.75,2.75,25926.0
2024-10-25 14:11:00+00:00,RELY,14.880000114440918,14.880000114440918,14.880000114440918,14.869999885559082,14.869999885559082,1042.0
2024-10-25 14:11:00+00:00,RGTI,1.2000000476837158,1.2000000476837158,1.2085000276565552,1.2000000476837158,1.2050000429153442,6296.0
2024-10-25 14:11:00+00:00,RIOT,9.710000038146973,9.710000038146973,9.734999656677246,9.630000114440918,9.645000457763672,154074.0
2024-10-25 14:11:00+00:00,RMBS,43.150001525878906,43.150001525878906,43.16999816894531,43.150001525878906,43.16999816894531,1851.0
2024-10-25 14:11:00+00:00,RPD,38.599998474121094,38.599998474121094,38.619998931884766,38.599998474121094,38.619998931884766,539.0
2024-10-25 14:11:00+00:00,RUM,5.716800212860107,5.716800212860107,5.724999904632568,5.710000038146973,5.724999904632568,4991.0
2024-10-25 14:11:00+00:00,RUN,14.234999656677246,14.234999656677246,14.244999885559082,14.225000381469727,14.225000381469727,9469.0
2024-10-25 14:11:00+00:00,SANM,67.41000366210938,67.41000366210938,67.41999816894531,67.41000366210938,67.41000366210938,710.0
2024-10-25 14:11:00+00:00,SATL,0.9900000095367432,0.9900000095367432,0.9900000095367432,0.9900000095367432,0.9900000095367432,758.0
2024-10-25 14:11:00+00:00,SATS,25.114999771118164,25.114999771118164,25.114999771118164,25.114999771118164,25.114999771118164,1198.0
2024-10-25 14:11:00+00:00,SCSC,44.595001220703125,44.595001220703125,44.595001220703125,44.595001220703125,44.595001220703125,190.0
2024-10-25 14:11:00+00:00,SEDG,15.779999732971191,15.779999732971191,15.779999732971191,15.765000343322754,15.770000457763672,8227.0
2024-10-25 14:11:00+00:00,SHLS,5.235000133514404,5.235000133514404,5.235000133514404,5.21999979019165,5.21999979019165,2585.0
2024-10-25 14:11:00+00:00,SKYT,10.539999961853027,10.539999961853027,10.539999961853027,10.539999961853027,10.539999961853027,773.0
2024-10-25 14:11:00+00:00,SLAB,113.9800033569336,113.9800033569336,113.9800033569336,113.94999694824219,113.94999694824219,1238.0
2024-10-25 14:11:00+00:00,SLNH,3.950000047683716,3.950000047683716,3.950000047683716,3.950000047683716,3.950000047683716,866.0
2024-10-25 14:11:00+00:00,SLNHP,13.0,13.0,13.0,13.0,13.0,547.0
2024-10-25 14:11:00+00:00,SMCI,46.99599838256836,46.99599838256836,46.999298095703125,46.875,46.875,43398.0
2024-10-25 14:11:00+00:00,SMTC,45.48749923706055,45.48749923706055,45.48749923706055,45.48749923706055,45.48749923706055,829.0
2024-10-25 14:11:00+00:00,SNPS,500.760009765625,500.760009765625,501.3399963378906,500.760009765625,501.3399963378906,1181.0
2024-10-25 14:11:00+00:00,SOBR,7.119999885559082,7.119999885559082,7.119999885559082,7.119999885559082,7.119999885559082,801.0
2024-10-25 14:11:00+00:00,SONO,12.704999923706055,12.704999923706055,12.704999923706055,12.699999809265137,12.699999809265137,1191.0
2024-10-25 14:11:00+00:00,SOUN,5.144999980926514,5.144999980926514,5.150000095367432,5.142000198364258,5.142000198364258,6383.0
2024-10-25 14:11:00+00:00,SPSC,172.98500061035156,172.98500061035156,172.98500061035156,172.94000244140625,172.94000244140625,1027.0
2024-10-25 14:11:00+00:00,SPT,26.8700008392334,26.8700008392334,26.889999389648438,26.829999923706055,26.860000610351562,1491.0
2024-10-25 14:11:00+00:00,SRAD,12.369999885559082,12.369999885559082,12.369999885559082,12.369999885559082,12.369999885559082,245.0
2024-10-25 14:11:00+00:00,SSNC,69.5999984741211,69.5999984741211,69.61000061035156,69.55999755859375,69.55999755859375,9865.0
2024-10-25 14:11:00+00:00,STNE,11.520000457763672,11.520000457763672,11.520000457763672,11.520000457763672,11.520000457763672,1793.0
2024-10-25 14:11:00+00:00,STX,103.26000213623047,103.26000213623047,103.2699966430664,103.21009826660156,103.25,2760.0
2024-10-25 14:11:00+00:00,SVRE,0.07850000262260437,0.07850000262260437,0.07850000262260437,0.07850000262260437,0.07850000262260437,136.0
2024-10-25 14:11:00+00:00,SWKS,95.7300033569336,95.7300033569336,95.73999786376953,95.68000030517578,95.72000122070312,6790.0
2024-10-25 14:11:00+00:00,SYNA,72.30000305175781,72.30000305175781,72.30000305175781,72.30000305175781,72.30000305175781,261.0
2024-10-25 14:11:00+00:00,TACT,4.170000076293945,4.170000076293945,4.170000076293945,4.170000076293945,4.170000076293945,352.0
2024-10-25 14:11:00+00:00,TEAM,188.86500549316406,188.86500549316406,188.9600067138672,188.7100067138672,188.7100067138672,2763.0
2024-10-25 14:11:00+00:00,TER,112.13500213623047,112.13500213623047,112.13500213623047,112.05000305175781,112.05000305175781,4899.0
2024-10-25 14:11:00+00:00,TLS,3.5850000381469727,3.5850000381469727,3.5850000381469727,3.5850000381469727,3.5850000381469727,172.0
2024-10-25 14:11:00+00:00,TRMB,60.83000183105469,60.83000183105469,60.83000183105469,60.83000183105469,60.83000183105469,768.0
2024-10-25 14:11:00+00:00,TSEM,44.72999954223633,44.72999954223633,44.72999954223633,44.72999954223633,44.72999954223633,699.0
2024-10-25 14:11:00+00:00,TTD,118.43000030517578,118.43000030517578,118.43000030517578,118.37000274658203,118.37000274658203,1741.0
2024-10-25 14:11:00+00:00,TTMI,19.53499984741211,19.53499984741211,19.53499984741211,19.520000457763672,19.520000457763672,1071.0
2024-10-25 14:11:00+00:00,TWKS,4.440000057220459,4.440000057220459,4.440000057220459,4.440000057220459,4.440000057220459,393.0
2024-10-25 14:11:00+00:00,TXN,207.0200958251953,207.0200958251953,207.07000732421875,206.9199981689453,206.9499969482422,12605.0
2024-10-25 14:11:00+00:00,VECO,29.227500915527344,29.227500915527344,29.239999771118164,29.225000381469727,29.239999771118164,1735.0
2024-10-25 14:11:00+00:00,VERB,10.489999771118164,10.489999771118164,10.489999771118164,10.489999771118164,10.489999771118164,121.0
2024-10-25 14:11:00+00:00,VERX,41.650001525878906,41.650001525878906,41.650001525878906,41.650001525878906,41.650001525878906,796.0
2024-10-25 14:11:00+00:00,VICR,46.380001068115234,46.380001068115234,46.380001068115234,46.380001068115234,46.380001068115234,308.0
2024-10-25 14:11:00+00:00,VNET,3.3949999809265137,3.3949999809265137,3.3949999809265137,3.3949999809265137,3.3949999809265137,409.0
2024-10-25 14:11:00+00:00,VRNS,56.619998931884766,56.619998931884766,56.619998931884766,56.584999084472656,56.59000015258789,3408.0
2024-10-25 14:11:00+00:00,VRNT,21.940000534057617,21.940000534057617,21.940000534057617,21.93000030517578,21.93000030517578,648.0
2024-10-25 14:11:00+00:00,VRSN,182.9550018310547,182.9550018310547,183.0800018310547,182.9550018310547,183.0800018310547,2844.0
2024-10-25 14:11:00+00:00,VSAT,10.149999618530273,10.149999618530273,10.149999618530273,10.149999618530273,10.149999618530273,1289.0
2024-10-25 14:11:00+00:00,VUZI,1.2999999523162842,1.2999999523162842,1.2999999523162842,1.294600009918213,1.294600009918213,359.0
2024-10-25 14:11:00+00:00,WALD,3.509999990463257,3.509999990463257,3.5299999713897705,3.509999990463257,3.5299999713897705,505.0
2024-10-25 14:11:00+00:00,WDAY,238.69000244140625,238.69000244140625,238.86990356445312,238.61000061035156,238.69000244140625,2473.0
2024-10-25 14:11:00+00:00,WDC,69.91000366210938,69.91000366210938,69.92990112304688,69.79499816894531,69.79499816894531,11571.0
2024-10-25 14:11:00+00:00,WISA,1.9799000024795532,1.9799000024795532,1.9799000024795532,1.9799000024795532,1.9799000024795532,550.0
2024-10-25 14:11:00+00:00,XELA,1.9900000095367432,1.9900000095367432,1.9900000095367432,1.9700000286102295,1.9700000286102295,1813.0
2024-10-25 14:11:00+00:00,XRX,9.9350004196167,9.9350004196167,9.9399995803833,9.9350004196167,9.9350004196167,528.0
2024-10-25 14:11:00+00:00,ZI,10.479999542236328,10.479999542236328,10.479999542236328,10.475000381469727,10.475000381469727,1942.0
2024-10-25 14:11:00+00:00,ZM,72.77999877929688,72.77999877929688,72.77999877929688,72.76000213623047,72.77999877929688,4036.0
2024-10-25 14:11:00+00:00,ZS,184.39999389648438,184.39999389648438,184.39999389648438,184.39999389648438,184.39999389648438,762.0
2024-10-25 14:12:00+00:00,AAOI,17.614999771118164,17.614999771118164,17.614999771118164,17.614999771118164,17.614999771118164,346.0
2024-10-25 14:12:00+00:00,AAPL,231.39999389648438,231.39999389648438,231.4199981689453,231.25999450683594,231.33999633789062,37830.0
2024-10-25 14:12:00+00:00,ACMR,19.559999465942383,19.559999465942383,19.59000015258789,19.545000076293945,19.545000076293945,2691.0
2024-10-25 14:12:00+00:00,ADBE,483.44000244140625,483.44000244140625,483.44000244140625,483.2349853515625,483.32000732421875,1723.0
2024-10-25 14:12:00+00:00,ADI,230.60000610351562,230.60000610351562,230.6649932861328,230.5749969482422,230.6649932861328,2073.0
2024-10-25 14:12:00+00:00,ADSK,285.5199890136719,285.5199890136719,285.5199890136719,285.5199890136719,285.5199890136719,469.0
2024-10-25 14:12:00+00:00,AEHR,16.62470054626465,16.62470054626465,16.62470054626465,16.600000381469727,16.604999542236328,3764.0
2024-10-25 14:12:00+00:00,AFRM,41.310001373291016,41.310001373291016,41.31999969482422,41.2599983215332,41.27000045776367,7804.0
2024-10-25 14:12:00+00:00,AGYS,110.68000030517578,110.68000030517578,110.68000030517578,110.68000030517578,110.68000030517578,678.0
2024-10-25 14:12:00+00:00,AIRG,9.100000381469727,9.100000381469727,9.100000381469727,9.050000190734863,9.050000190734863,5965.0
2024-10-25 14:12:00+00:00,AKAM,101.87000274658203,101.87000274658203,101.87000274658203,101.83000183105469,101.83999633789062,1690.0
2024-10-25 14:12:00+00:00,AKTS,0.058800000697374344,0.058800000697374344,0.058800000697374344,0.05869999900460243,0.058800000697374344,9470.0
2024-10-25 14:12:00+00:00,ALGM,22.989999771118164,22.989999771118164,22.989999771118164,22.979999542236328,22.979999542236328,1045.0
2024-10-25 14:12:00+00:00,AMAT,186.61000061035156,186.61000061035156,186.72000122070312,186.55850219726562,186.72000122070312,9389.0
2024-10-25 14:12:00+00:00,AMBA,57.5,57.5,57.61000061035156,57.5,57.61000061035156,3362.0
2024-10-25 14:12:00+00:00,AMD,156.05029296875,156.05029296875,156.05029296875,155.8699951171875,155.96009826660156,32142.0
2024-10-25 14:12:00+00:00,AMKR,29.864999771118164,29.864999771118164,29.864999771118164,29.860000610351562,29.860000610351562,549.0
2024-10-25 14:12:00+00:00,ANY,1.0399999618530273,1.0399999618530273,1.0399999618530273,1.0399999618530273,1.0399999618530273,9100.0
2024-10-25 14:12:00+00:00,AOSL,36.316001892089844,36.316001892089844,36.316001892089844,36.316001892089844,36.316001892089844,122.0
2024-10-25 14:12:00+00:00,API,2.884999990463257,2.884999990463257,2.884999990463257,2.880000114440918,2.880000114440918,4000.0
2024-10-25 14:12:00+00:00,APP,160.4250030517578,160.4250030517578,160.5,160.4250030517578,160.42660522460938,3185.0
2024-10-25 14:12:00+00:00,APPF,211.80999755859375,211.80999755859375,211.80999755859375,211.6649932861328,211.67999267578125,1359.0
2024-10-25 14:12:00+00:00,APPS,3.041300058364868,3.041300058364868,3.0450000762939453,3.041300058364868,3.0450000762939453,1241.0
2024-10-25 14:12:00+00:00,ARRY,6.355000019073486,6.355000019073486,6.360000133514404,6.349999904632568,6.355999946594238,29539.0
2024-10-25 14:12:00+00:00,ASML,712.7449951171875,712.7449951171875,712.7449951171875,712.7449951171875,712.7449951171875,620.0
2024-10-25 14:12:00+00:00,ATOM,3.299999952316284,3.299999952316284,3.319999933242798,3.299999952316284,3.319999933242798,1412.0
2024-10-25 14:12:00+00:00,AUR,6.389999866485596,6.389999866485596,6.394999980926514,6.389999866485596,6.394999980926514,4087.0
2024-10-25 14:12:00+00:00,AVDX,8.045000076293945,8.045000076293945,8.045000076293945,8.045000076293945,8.045000076293945,1802.0
2024-10-25 14:12:00+00:00,AVGO,173.42999267578125,173.42999267578125,173.47000122070312,173.24400329589844,173.44970703125,28151.0
2024-10-25 14:12:00+00:00,AZPN,236.02999877929688,236.02999877929688,236.02999877929688,236.02999877929688,236.02999877929688,292.0
2024-10-25 14:12:00+00:00,BCOV,2.240000009536743,2.240000009536743,2.25,2.240000009536743,2.25,2135.0
2024-10-25 14:12:00+00:00,BLZE,7.150000095367432,7.150000095367432,7.150000095367432,7.150000095367432,7.150000095367432,255.0
2024-10-25 14:12:00+00:00,BMBL,7.114999771118164,7.114999771118164,7.114999771118164,7.105000019073486,7.105000019073486,2967.0
2024-10-25 14:12:00+00:00,BRZE,30.739999771118164,30.739999771118164,30.739999771118164,30.739999771118164,30.739999771118164,947.0
2024-10-25 14:12:00+00:00,BSY,49.099998474121094,49.099998474121094,49.099998474121094,49.09700012207031,49.09700012207031,677.0
2024-10-25 14:12:00+00:00,CAMT,77.38999938964844,77.38999938964844,77.38999938964844,77.38999938964844,77.38999938964844,160.0
2024-10-25 14:12:00+00:00,CDNS,257.31500244140625,257.31500244140625,257.3349914550781,257.31500244140625,257.3349914550781,1238.0
2024-10-25 14:12:00+00:00,CDW,218.0,218.0,218.0,218.0,218.0,391.0
2024-10-25 14:12:00+00:00,CFLT,22.559999465942383,22.559999465942383,22.559999465942383,22.545000076293945,22.545000076293945,3365.0
2024-10-25 14:12:00+00:00,CGNX,38.81999969482422,38.81999969482422,38.81999969482422,38.81999969482422,38.81999969482422,634.0
2024-10-25 14:12:00+00:00,CHKP,206.35000610351562,206.35000610351562,206.35000610351562,206.27000427246094,206.27749633789062,810.0
2024-10-25 14:12:00+00:00,CLSK,11.47659969329834,11.47659969329834,11.510000228881836,11.449999809265137,11.460000038146973,163248.0
2024-10-25 14:12:00+00:00,CNXC,44.375,44.375,44.400001525878906,44.375,44.400001525878906,1227.0
2024-10-25 14:12:00+00:00,COHR,95.18000030517578,95.18000030517578,95.18000030517578,95.11499786376953,95.13999938964844,3996.0
2024-10-25 14:12:00+00:00,COIN,205.25,205.25,205.7100067138672,204.65589904785156,205.30499267578125,64634.0
2024-10-25 14:12:00+00:00,COMM,6.255000114440918,6.255000114440918,6.255000114440918,6.240099906921387,6.240099906921387,3574.0
2024-10-25 14:12:00+00:00,CORZ,13.244999885559082,13.244999885559082,13.265000343322754,13.170000076293945,13.170000076293945,30838.0
2024-10-25 14:12:00+00:00,CORZW,7.78000020980835,7.78000020980835,7.78000020980835,7.760000228881836,7.760000228881836,15088.0
2024-10-25 14:12:00+00:00,CRCT,6.554999828338623,6.554999828338623,6.554999828338623,6.554999828338623,6.554999828338623,150.0
2024-10-25 14:12:00+00:00,CRDO,39.0099983215332,39.0099983215332,39.0099983215332,39.0098991394043,39.0098991394043,1036.0
2024-10-25 14:12:00+00:00,CRUS,122.25,122.25,122.31999969482422,122.20999908447266,122.20999908447266,2024.0
2024-10-25 14:12:00+00:00,CRWD,296.3200988769531,296.3200988769531,296.489990234375,296.0830078125,296.38299560546875,10575.0
2024-10-25 14:12:00+00:00,CSCO,55.70000076293945,55.70000076293945,55.70000076293945,55.66999816894531,55.689998626708984,13862.0
2024-10-25 14:12:00+00:00,CSGS,47.41999816894531,47.41999816894531,47.41999816894531,47.41999816894531,47.41999816894531,222.0
2024-10-25 14:12:00+00:00,CSIQ,13.3100004196167,13.3100004196167,13.3100004196167,13.305000305175781,13.305000305175781,325.0
2024-10-25 14:12:00+00:00,CTLP,8.850000381469727,8.850000381469727,8.850000381469727,8.850000381469727,8.850000381469727,309.0
2024-10-25 14:12:00+00:00,CTSH,74.66000366210938,74.66000366210938,74.66999816894531,74.63999938964844,74.6500015258789,3545.0
2024-10-25 14:12:00+00:00,CVLT,134.16000366210938,134.16000366210938,134.16000366210938,134.14999389648438,134.14999389648438,904.0
2024-10-25 14:12:00+00:00,DATS,1.7300000190734863,1.7300000190734863,1.7400000095367432,1.7300000190734863,1.7300000190734863,1347.0
2024-10-25 14:12:00+00:00,DAVE,38.540000915527344,38.540000915527344,38.700599670410156,38.540000915527344,38.619998931884766,809.0
2024-10-25 14:12:00+00:00,DBX,25.950000762939453,25.950000762939453,25.950000762939453,25.934999465942383,25.934999465942383,3665.0
2024-10-25 14:12:00+00:00,DDOG,126.20500183105469,126.20500183105469,126.20999908447266,126.16500091552734,126.20999908447266,2519.0
2024-10-25 14:12:00+00:00,DGHI,1.440000057220459,1.440000057220459,1.440000057220459,1.440000057220459,1.440000057220459,1116.0
2024-10-25 14:12:00+00:00,DOCU,68.91999816894531,68.91999816894531,68.91999816894531,68.88300323486328,68.88999938964844,5636.0
2024-10-25 14:12:00+00:00,DOX,89.07550048828125,89.07550048828125,89.07550048828125,89.07550048828125,89.07550048828125,1399.0
2024-10-25 14:12:00+00:00,DSP,11.4399995803833,11.4399995803833,11.449999809265137,11.4399995803833,11.449999809265137,10380.0
2024-10-25 14:12:00+00:00,ENPH,82.84480285644531,82.84480285644531,82.9000015258789,82.83000183105469,82.9000015258789,1700.0
2024-10-25 14:12:00+00:00,ENTG,104.6500015258789,104.6500015258789,104.6500015258789,104.55999755859375,104.62999725341797,1793.0
2024-10-25 14:12:00+00:00,ERIC,8.454999923706055,8.454999923706055,8.454999923706055,8.454999923706055,8.454999923706055,18710.0
2024-10-25 14:12:00+00:00,EXFY,1.725000023841858,1.725000023841858,1.725000023841858,1.725000023841858,1.725000023841858,130.0
2024-10-25 14:12:00+00:00,EXTR,14.335000038146973,14.335000038146973,14.335000038146973,14.335000038146973,14.335000038146973,400.0
2024-10-25 14:12:00+00:00,FCUV,0.2628999948501587,0.2628999948501587,0.2628999948501587,0.2628999948501587,0.2628999948501587,200.0
2024-10-25 14:12:00+00:00,FFIV,215.58999633789062,215.58999633789062,215.58999633789062,215.5800018310547,215.58999633789062,1134.0
2024-10-25 14:12:00+00:00,FIVN,29.850000381469727,29.850000381469727,29.850000381469727,29.850000381469727,29.850000381469727,151.0
2024-10-25 14:12:00+00:00,FLEX,35.05500030517578,35.05500030517578,35.060001373291016,35.04999923706055,35.060001373291016,1213.0
2024-10-25 14:12:00+00:00,FRSH,11.609100341796875,11.609100341796875,11.609100341796875,11.609100341796875,11.609100341796875,459.0
2024-10-25 14:12:00+00:00,FSLR,197.9499969482422,197.9499969482422,197.9499969482422,197.77200317382812,197.77200317382812,462.0
2024-10-25 14:12:00+00:00,FTCI,0.6510999798774719,0.6510999798774719,0.6510999798774719,0.6500999927520752,0.6500999927520752,14930.0
2024-10-25 14:12:00+00:00,FTNT,80.5,80.5,80.5,80.48410034179688,80.5,2399.0
2024-10-25 14:12:00+00:00,GCT,24.6299991607666,24.6299991607666,24.6299991607666,24.610000610351562,24.6299991607666,572.0
2024-10-25 14:12:00+00:00,GDS,21.270000457763672,21.270000457763672,21.270000457763672,21.270000457763672,21.270000457763672,443.0
2024-10-25 14:12:00+00:00,GFS,40.584999084472656,40.584999084472656,40.599998474121094,40.57500076293945,40.599998474121094,1596.0
2024-10-25 14:12:00+00:00,GPRO,1.309999942779541,1.309999942779541,1.309999942779541,1.309999942779541,1.309999942779541,2357.0
2024-10-25 14:12:00+00:00,GRAB,4.074999809265137,4.074999809265137,4.076000213623047,4.070000171661377,4.076000213623047,25087.0
2024-10-25 14:12:00+00:00,GSIT,3.390000104904175,3.390000104904175,3.390000104904175,3.390000104904175,3.390000104904175,200.0
2024-10-25 14:12:00+00:00,GTLB,55.2599983215332,55.2599983215332,55.2599983215332,55.255001068115234,55.255001068115234,675.0
2024-10-25 14:12:00+00:00,HCP,33.665000915527344,33.665000915527344,33.665000915527344,33.665000915527344,33.665000915527344,1945.0
2024-10-25 14:12:00+00:00,HLIT,14.75,14.75,14.75,14.75,14.75,316.0
2024-10-25 14:12:00+00:00,HOLO,3.5899999141693115,3.5899999141693115,3.5899999141693115,3.5899999141693115,3.5899999141693115,643.0
2024-10-25 14:12:00+00:00,HOOD,27.06999969482422,27.06999969482422,27.084999084472656,27.010000228881836,27.030000686645508,46376.0
2024-10-25 14:12:00+00:00,ICHR,27.496200561523438,27.496200561523438,27.496200561523438,27.4950008392334,27.4950008392334,752.0
2024-10-25 14:12:00+00:00,IMMR,8.680700302124023,8.680700302124023,8.685700416564941,8.680700302124023,8.681500434875488,1722.0
2024-10-25 14:12:00+00:00,INFN,6.760000228881836,6.760000228881836,6.760000228881836,6.760000228881836,6.760000228881836,4.0
2024-10-25 14:12:00+00:00,INOD,20.036300659179688,20.036300659179688,20.036300659179688,20.036300659179688,20.036300659179688,1871.0
2024-10-25 14:12:00+00:00,INTA,49.95000076293945,49.95000076293945,49.95000076293945,49.95000076293945,49.95000076293945,858.0
2024-10-25 14:12:00+00:00,INTC,22.7450008392334,22.7450008392334,22.778900146484375,22.739999771118164,22.774999618530273,120302.0
2024-10-25 14:12:00+00:00,INTU,608.52001953125,608.52001953125,608.52001953125,608.52001953125,608.52001953125,420.0
2024-10-25 14:12:00+00:00,INTZ,0.7156000137329102,0.7156000137329102,0.7200000286102295,0.7132999897003174,0.7200000286102295,500.0
2024-10-25 14:12:00+00:00,JG,7.3308000564575195,7.3308000564575195,7.3308000564575195,7.3308000564575195,7.3308000564575195,506.0
2024-10-25 14:12:00+00:00,KARO,40.18000030517578,40.18000030517578,40.18000030517578,40.18000030517578,40.18000030517578,200.0
2024-10-25 14:12:00+00:00,KC,2.680000066757202,2.680000066757202,2.680000066757202,2.680000066757202,2.680000066757202,215.0
2024-10-25 14:12:00+00:00,KLAC,673.8800048828125,673.8800048828125,673.8800048828125,673.8800048828125,673.8800048828125,741.0
2024-10-25 14:12:00+00:00,LASR,10.380000114440918,10.380000114440918,10.380000114440918,10.380000114440918,10.380000114440918,835.0
2024-10-25 14:12:00+00:00,LINK,4.769999980926514,4.769999980926514,4.78000020980835,4.769999980926514,4.769999980926514,1041.0
2024-10-25 14:12:00+00:00,LITE,64.12000274658203,64.12000274658203,64.12000274658203,64.02999877929688,64.02999877929688,1462.0
2024-10-25 14:12:00+00:00,LOGI,80.62000274658203,80.62000274658203,80.62000274658203,80.61000061035156,80.61000061035156,686.0
2024-10-25 14:12:00+00:00,LPSN,1.1555999517440796,1.1555999517440796,1.15910005569458,1.1555999517440796,1.15910005569458,1400.0
2024-10-25 14:12:00+00:00,LPTH,1.6699999570846558,1.6699999570846558,1.6699999570846558,1.659999966621399,1.659999966621399,0.0
2024-10-25 14:12:00+00:00,LRCX,78.30000305175781,78.30000305175781,78.32479858398438,78.2300033569336,78.29000091552734,9489.0
2024-10-25 14:12:00+00:00,LSCC,53.970001220703125,53.970001220703125,53.970001220703125,53.935001373291016,53.935001373291016,1590.0
2024-10-25 14:12:00+00:00,LYFT,13.699999809265137,13.699999809265137,13.704999923706055,13.694999694824219,13.704999923706055,8156.0
2024-10-25 14:12:00+00:00,MANH,275.3399963378906,275.3399963378906,275.3399963378906,275.3399963378906,275.3399963378906,479.0
2024-10-25 14:12:00+00:00,MCHP,76.34500122070312,76.34500122070312,76.37000274658203,76.31999969482422,76.37000274658203,3927.0
2024-10-25 14:12:00+00:00,MKSI,101.0,101.0,101.0,101.0,101.0,471.0
2024-10-25 14:12:00+00:00,MKTW,0.5866000056266785,0.5866000056266785,0.5871999859809875,0.5853000283241272,0.5853000283241272,713.0
2024-10-25 14:12:00+00:00,MNDY,299.0299987792969,299.0299987792969,299.1499938964844,298.8800048828125,298.8800048828125,1115.0
2024-10-25 14:12:00+00:00,MOB,1.350000023841858,1.350000023841858,1.3799999952316284,1.319000005722046,1.319000005722046,21743.0
2024-10-25 14:12:00+00:00,MOGO,1.000100016593933,1.000100016593933,1.000100016593933,1.000100016593933,1.000100016593933,266.0
2024-10-25 14:12:00+00:00,MPWR,909.1500244140625,909.1500244140625,909.1500244140625,909.1500244140625,909.1500244140625,674.0
2024-10-25 14:12:00+00:00,MQ,5.275000095367432,5.275000095367432,5.278299808502197,5.275000095367432,5.275000095367432,2487.0
2024-10-25 14:12:00+00:00,MRVL,81.93000030517578,81.93000030517578,81.97000122070312,81.88999938964844,81.91999816894531,13071.0
2024-10-25 14:12:00+00:00,MSFT,427.55999755859375,427.55999755859375,427.5799865722656,427.30999755859375,427.5299987792969,12314.0
2024-10-25 14:12:00+00:00,MSTR,231.8000030517578,231.8000030517578,231.92909240722656,230.58999633789062,231.22000122070312,124890.0
2024-10-25 14:12:00+00:00,MTSI,119.76000213623047,119.76000213623047,119.76000213623047,119.76000213623047,119.76000213623047,111.0
2024-10-25 14:12:00+00:00,MTTR,4.590000152587891,4.590000152587891,4.59499979019165,4.590000152587891,4.59499979019165,3282.0
2024-10-25 14:12:00+00:00,MU,107.95989990234375,107.95989990234375,107.95989990234375,107.83000183105469,107.95500183105469,12194.0
2024-10-25 14:12:00+00:00,MXL,14.770000457763672,14.770000457763672,14.770000457763672,14.75,14.75,1905.0
2024-10-25 14:12:00+00:00,NTCT,20.575000762939453,20.575000762939453,20.575000762939453,20.575000762939453,20.575000762939453,458.0
2024-10-25 14:12:00+00:00,NVDA,141.3000030517578,141.3000030517578,141.33999633789062,141.12989807128906,141.22500610351562,598744.0
2024-10-25 14:12:00+00:00,NVEI,33.5,33.5,33.5,33.494998931884766,33.494998931884766,292.0
2024-10-25 14:12:00+00:00,NVMI,183.22999572753906,183.22999572753906,183.22999572753906,183.22999572753906,183.22999572753906,239.0
2024-10-25 14:12:00+00:00,NVTS,2.5299999713897705,2.5299999713897705,2.5299999713897705,2.5250000953674316,2.5250000953674316,1191.0
2024-10-25 14:12:00+00:00,NXPI,242.75999450683594,242.75999450683594,242.83999633789062,242.75999450683594,242.83999633789062,1497.0
2024-10-25 14:12:00+00:00,OKTA,72.07499694824219,72.07499694824219,72.07499694824219,72.05500030517578,72.05500030517578,1078.0
2024-10-25 14:12:00+00:00,ON,71.13999938964844,71.13999938964844,71.1500015258789,71.11000061035156,71.1500015258789,6662.0
2024-10-25 14:12:00+00:00,OSIS,135.15499877929688,135.15499877929688,135.15499877929688,135.15499877929688,135.15499877929688,166.0
2024-10-25 14:12:00+00:00,OTEX,33.2400016784668,33.2400016784668,33.2400016784668,33.22999954223633,33.22999954223633,491.0
2024-10-25 14:12:00+00:00,PANW,366.5799865722656,366.5799865722656,366.74798583984375,366.5799865722656,366.74798583984375,1234.0
2024-10-25 14:12:00+00:00,PEGA,79.18499755859375,79.18499755859375,79.22000122070312,79.15019989013672,79.15019989013672,8551.0
2024-10-25 14:12:00+00:00,PEGY,4.849999904632568,4.849999904632568,4.889999866485596,4.829999923706055,4.889999866485596,2710.0
2024-10-25 14:12:00+00:00,PGY,11.680000305175781,11.680000305175781,11.680000305175781,11.680000305175781,11.680000305175781,2942.0
2024-10-25 14:12:00+00:00,PHUN,10.21969985961914,10.21969985961914,10.229999542236328,10.199899673461914,10.210000038146973,40988.0
2024-10-25 14:12:00+00:00,PI,201.6699981689453,201.6699981689453,201.69000244140625,201.44000244140625,201.44000244140625,1726.0
2024-10-25 14:12:00+00:00,PLXS,141.5800018310547,141.5800018310547,141.5800018310547,141.57000732421875,141.57000732421875,331.0
2024-10-25 14:12:00+00:00,POET,3.813999891281128,3.813999891281128,3.813999891281128,3.813999891281128,3.813999891281128,1444.0
2024-10-25 14:12:00+00:00,PYCR,14.265000343322754,14.265000343322754,14.265000343322754,14.265000343322754,14.265000343322754,455.0
2024-10-25 14:12:00+00:00,QCOM,170.69000244140625,170.69000244140625,170.77999877929688,170.69000244140625,170.77999877929688,6501.0
2024-10-25 14:12:00+00:00,QRVO,99.56749725341797,99.56749725341797,99.58999633789062,99.55000305175781,99.58999633789062,1845.0
2024-10-25 14:12:00+00:00,QUBT,1.087399959564209,1.087399959564209,1.087399959564209,1.087399959564209,1.087399959564209,214.0
2024-10-25 14:12:00+00:00,RCAT,2.753000020980835,2.753000020980835,2.753000020980835,2.753000020980835,2.753000020980835,631.0
2024-10-25 14:12:00+00:00,REKR,1.0850000381469727,1.0850000381469727,1.0850000381469727,1.0800000429153442,1.0800000429153442,918.0
2024-10-25 14:12:00+00:00,RGTI,1.2091000080108643,1.2091000080108643,1.2100000381469727,1.2000000476837158,1.2000999450683594,13655.0
2024-10-25 14:12:00+00:00,RIOT,9.729900360107422,9.729900360107422,9.769800186157227,9.704999923706055,9.710000038146973,79378.0
2024-10-25 14:12:00+00:00,RMBS,43.18000030517578,43.18000030517578,43.18000030517578,43.18000030517578,43.18000030517578,419.0
2024-10-25 14:12:00+00:00,RMNI,1.7115000486373901,1.7115000486373901,1.7115000486373901,1.7115000486373901,1.7115000486373901,509.0
2024-10-25 14:12:00+00:00,RPD,38.63999938964844,38.63999938964844,38.63999938964844,38.63999938964844,38.63999938964844,755.0
2024-10-25 14:12:00+00:00,RUM,5.715000152587891,5.715000152587891,5.735000133514404,5.715000152587891,5.71999979019165,32635.0
2024-10-25 14:12:00+00:00,RUN,14.25,14.25,14.25,14.220000267028809,14.229999542236328,14109.0
2024-10-25 14:12:00+00:00,SANM,67.3949966430664,67.3949966430664,67.3949966430664,67.3949966430664,67.3949966430664,513.0
2024-10-25 14:12:00+00:00,SCSC,44.595001220703125,44.595001220703125,44.595001220703125,44.595001220703125,44.595001220703125,119.0
2024-10-25 14:12:00+00:00,SEDG,15.789999961853027,15.789999961853027,15.800000190734863,15.770000457763672,15.779999732971191,5394.0
2024-10-25 14:12:00+00:00,SHLS,5.235000133514404,5.235000133514404,5.235000133514404,5.235000133514404,5.235000133514404,971.0
2024-10-25 14:12:00+00:00,SKYT,10.577400207519531,10.577400207519531,10.577400207519531,10.577400207519531,10.577400207519531,570.0
2024-10-25 14:12:00+00:00,SLNH,3.950000047683716,3.950000047683716,3.960599899291992,3.950000047683716,3.950000047683716,1600.0
2024-10-25 14:12:00+00:00,SMCI,47.01499938964844,47.01499938964844,47.02000045776367,46.959999084472656,46.9900016784668,40243.0
2024-10-25 14:12:00+00:00,SONO,12.699999809265137,12.699999809265137,12.699999809265137,12.699999809265137,12.699999809265137,667.0
2024-10-25 14:12:00+00:00,SOUN,5.15500020980835,5.15500020980835,5.15500020980835,5.139999866485596,5.150000095367432,20823.0
2024-10-25 14:12:00+00:00,SPSC,172.85000610351562,172.85000610351562,172.85000610351562,172.85000610351562,172.85000610351562,494.0
2024-10-25 14:12:00+00:00,SRAD,12.369999885559082,12.369999885559082,12.369999885559082,12.369999885559082,12.369999885559082,111.0
2024-10-25 14:12:00+00:00,SSNC,69.5999984741211,69.5999984741211,69.5999984741211,69.57499694824219,69.57499694824219,1796.0
2024-10-25 14:12:00+00:00,STNE,11.524999618530273,11.524999618530273,11.524999618530273,11.510000228881836,11.515000343322754,7330.0
2024-10-25 14:12:00+00:00,STX,103.22000122070312,103.22000122070312,103.29000091552734,103.22000122070312,103.25,1594.0
2024-10-25 14:12:00+00:00,SVRE,0.07859999686479568,0.07859999686479568,0.07859999686479568,0.07850000262260437,0.07859999686479568,144230.0
2024-10-25 14:12:00+00:00,SWKS,95.69000244140625,95.69000244140625,95.69000244140625,95.68000030517578,95.68000030517578,1062.0
2024-10-25 14:12:00+00:00,TEAM,188.8000030517578,188.8000030517578,188.9250030517578,188.8000030517578,188.9250030517578,2953.0
2024-10-25 14:12:00+00:00,TENB,41.619998931884766,41.619998931884766,41.619998931884766,41.55500030517578,41.560001373291016,3226.0
2024-10-25 14:12:00+00:00,TER,112.05000305175781,112.05000305175781,112.16000366210938,112.05000305175781,112.16000366210938,6689.0
2024-10-25 14:12:00+00:00,TLS,3.5850000381469727,3.5850000381469727,3.5850000381469727,3.5850000381469727,3.5850000381469727,360.0
2024-10-25 14:12:00+00:00,TSEM,44.66999816894531,44.66999816894531,44.66999816894531,44.66999816894531,44.66999816894531,141.0
2024-10-25 14:12:00+00:00,TTD,118.41000366210938,118.41000366210938,118.44000244140625,118.4000015258789,118.4000015258789,1061.0
2024-10-25 14:12:00+00:00,TWKS,4.440000057220459,4.440000057220459,4.440000057220459,4.440000057220459,4.440000057220459,401.0
2024-10-25 14:12:00+00:00,TXN,207.0449981689453,207.0449981689453,207.0500030517578,206.86000061035156,206.97999572753906,8845.0
2024-10-25 14:12:00+00:00,UCTT,35.630001068115234,35.630001068115234,35.630001068115234,35.630001068115234,35.630001068115234,421.0
2024-10-25 14:12:00+00:00,VECO,29.236000061035156,29.236000061035156,29.239999771118164,29.212799072265625,29.22249984741211,1652.0
2024-10-25 14:12:00+00:00,VERX,41.779998779296875,41.779998779296875,41.779998779296875,41.66999816894531,41.66999816894531,1776.0
2024-10-25 14:12:00+00:00,VOXX,7.539999961853027,7.539999961853027,7.539999961853027,7.539999961853027,7.539999961853027,453.0
2024-10-25 14:12:00+00:00,VRNS,56.63999938964844,56.63999938964844,56.63999938964844,56.63999938964844,56.63999938964844,821.0
2024-10-25 14:12:00+00:00,VRNT,21.940000534057617,21.940000534057617,21.950000762939453,21.940000534057617,21.946199417114258,1363.0
2024-10-25 14:12:00+00:00,VSAT,10.154999732971191,10.154999732971191,10.154999732971191,10.154999732971191,10.154999732971191,258.0
2024-10-25 14:12:00+00:00,WDAY,238.69000244140625,238.69000244140625,238.69000244140625,238.69000244140625,238.69000244140625,172.0
2024-10-25 14:12:00+00:00,WDC,69.86499786376953,69.86499786376953,69.90619659423828,69.83999633789062,69.90499877929688,12149.0
2024-10-25 14:12:00+00:00,WISA,1.98989999294281,1.98989999294281,1.98989999294281,1.98989999294281,1.98989999294281,2517.0
2024-10-25 14:12:00+00:00,WRAP,1.8300000429153442,1.8300000429153442,1.8300000429153442,1.819000005722046,1.819000005722046,2847.0
2024-10-25 14:12:00+00:00,XELA,1.9609999656677246,1.9609999656677246,1.9609999656677246,1.9609999656677246,1.9609999656677246,314.0
2024-10-25 14:12:00+00:00,XPER,9.380000114440918,9.380000114440918,9.380000114440918,9.380000114440918,9.380000114440918,1035.0
2024-10-25 14:12:00+00:00,XRX,9.9399995803833,9.9399995803833,9.9399995803833,9.9350004196167,9.9350004196167,2481.0
2024-10-25 14:12:00+00:00,ZI,10.475000381469727,10.475000381469727,10.479999542236328,10.475000381469727,10.479999542236328,2853.0
2024-10-25 14:12:00+00:00,ZM,72.77999877929688,72.77999877929688,72.77999877929688,72.77999877929688,72.77999877929688,2216.0
2024-10-25 14:12:00+00:00,ZS,184.35000610351562,184.35000610351562,184.4499969482422,184.35000610351562,184.4499969482422,342.0
2024-10-25 14:13:00+00:00,AAOI,17.645000457763672,17.645000457763672,17.645000457763672,17.645000457763672,17.645000457763672,887.0
2024-10-25 14:13:00+00:00,AAPL,231.60000610351562,231.60000610351562,231.60000610351562,231.4403076171875,231.4600067138672,70275.0
2024-10-25 14:13:00+00:00,ACIW,48.79999923706055,48.79999923706055,48.79999923706055,48.79999923706055,48.79999923706055,180.0
2024-10-25 14:13:00+00:00,ACLS,89.77999877929688,89.77999877929688,89.77999877929688,89.77999877929688,89.77999877929688,529.0
2024-10-25 14:13:00+00:00,ACMR,19.56999969482422,19.56999969482422,19.584699630737305,19.56999969482422,19.56999969482422,2915.0
2024-10-25 14:13:00+00:00,ADBE,483.7049865722656,483.7049865722656,483.7200012207031,483.489990234375,483.67999267578125,1846.0
2024-10-25 14:13:00+00:00,ADI,230.8000030517578,230.8000030517578,230.8300018310547,230.67999267578125,230.67999267578125,2760.0
2024-10-25 14:13:00+00:00,ADTN,6.309999942779541,6.309999942779541,6.309999942779541,6.309999942779541,6.309999942779541,380.0
2024-10-25 14:13:00+00:00,AEHR,16.65999984741211,16.65999984741211,16.65999984741211,16.6299991607666,16.6299991607666,672.0
2024-10-25 14:13:00+00:00,AFRM,41.339900970458984,41.339900970458984,41.339900970458984,41.250301361083984,41.310001373291016,9286.0
2024-10-25 14:13:00+00:00,AKAM,101.93000030517578,101.93000030517578,101.93000030517578,101.875,101.88999938964844,1428.0
2024-10-25 14:13:00+00:00,AKTS,0.05909999832510948,0.05909999832510948,0.05920000001788139,0.05909999832510948,0.05909999832510948,77948.0
2024-10-25 14:13:00+00:00,ALGM,23.0,23.0,23.0049991607666,22.979999542236328,22.979999542236328,5989.0
2024-10-25 14:13:00+00:00,ALTR,103.5199966430664,103.5199966430664,103.5199966430664,103.46499633789062,103.46499633789062,461.0
2024-10-25 14:13:00+00:00,AMAT,186.91000366210938,186.91000366210938,186.91000366210938,186.75,186.80999755859375,7813.0
2024-10-25 14:13:00+00:00,AMBA,57.709999084472656,57.709999084472656,57.709999084472656,57.709999084472656,57.709999084472656,758.0
2024-10-25 14:13:00+00:00,AMD,156.19000244140625,156.19000244140625,156.1999969482422,156.0800018310547,156.08099365234375,45732.0
2024-10-25 14:13:00+00:00,AMKR,29.920000076293945,29.920000076293945,29.920000076293945,29.889999389648438,29.889999389648438,2214.0
2024-10-25 14:13:00+00:00,AMPL,9.100000381469727,9.100000381469727,9.100000381469727,9.100000381469727,9.100000381469727,334.0
2024-10-25 14:13:00+00:00,ANY,1.0399999618530273,1.0399999618530273,1.0399999618530273,1.0399999618530273,1.0399999618530273,0.0
2024-10-25 14:13:00+00:00,API,2.884999990463257,2.884999990463257,2.88919997215271,2.880000114440918,2.884999990463257,8494.0
2024-10-25 14:13:00+00:00,APP,160.4250030517578,160.4250030517578,160.49000549316406,160.36000061035156,160.4250030517578,2979.0
2024-10-25 14:13:00+00:00,APPF,211.80999755859375,211.80999755859375,211.80999755859375,211.80999755859375,211.80999755859375,561.0
2024-10-25 14:13:00+00:00,APPN,32.130001068115234,32.130001068115234,32.13999938964844,32.130001068115234,32.13999938964844,759.0
2024-10-25 14:13:00+00:00,APPS,3.043600082397461,3.043600082397461,3.0499000549316406,3.043600082397461,3.0499000549316406,3178.0
2024-10-25 14:13:00+00:00,ARRY,6.355000019073486,6.355000019073486,6.355000019073486,6.349999904632568,6.355000019073486,3412.0
2024-10-25 14:13:00+00:00,ASML,713.8499145507812,713.8499145507812,713.8499145507812,712.7349853515625,713.1599731445312,1477.0
2024-10-25 14:13:00+00:00,AUR,6.409999847412109,6.409999847412109,6.409999847412109,6.400000095367432,6.400000095367432,3429.0
2024-10-25 14:13:00+00:00,AVGO,173.6300048828125,173.6300048828125,173.6300048828125,173.49000549316406,173.49000549316406,23169.0
2024-10-25 14:13:00+00:00,AVPT,11.920000076293945,11.920000076293945,11.920000076293945,11.914999961853027,11.914999961853027,1383.0
2024-10-25 14:13:00+00:00,AVT,53.94499969482422,53.94499969482422,53.94499969482422,53.94499969482422,53.94499969482422,1759.0
2024-10-25 14:13:00+00:00,AXTI,2.6649999618530273,2.6649999618530273,2.6649999618530273,2.6649999618530273,2.6649999618530273,267.0
2024-10-25 14:13:00+00:00,BAND,17.56999969482422,17.56999969482422,17.56999969482422,17.56999969482422,17.56999969482422,1407.0
2024-10-25 14:13:00+00:00,BASE,16.219999313354492,16.219999313354492,16.219999313354492,16.209999084472656,16.209999084472656,852.0
2024-10-25 14:13:00+00:00,BIGC,5.304999828338623,5.304999828338623,5.304999828338623,5.300000190734863,5.300000190734863,381.0
2024-10-25 14:13:00+00:00,BLKB,85.77999877929688,85.77999877929688,85.77999877929688,85.77999877929688,85.77999877929688,1193.0
2024-10-25 14:13:00+00:00,BMBL,7.119999885559082,7.119999885559082,7.119999885559082,7.110000133514404,7.110000133514404,736.0
2024-10-25 14:13:00+00:00,BSY,49.150001525878906,49.150001525878906,49.15879821777344,49.099998474121094,49.099998474121094,2166.0
2024-10-25 14:13:00+00:00,CAN,0.9714999794960022,0.9714999794960022,0.972000002861023,0.9700999855995178,0.972000002861023,24212.0
2024-10-25 14:13:00+00:00,CDNS,257.6099853515625,257.6099853515625,257.6099853515625,257.3949890136719,257.45001220703125,2538.0
2024-10-25 14:13:00+00:00,CDW,217.97500610351562,217.97500610351562,217.97500610351562,217.97500610351562,217.97500610351562,277.0
2024-10-25 14:13:00+00:00,CFLT,22.559999465942383,22.559999465942383,22.579999923706055,22.55500030517578,22.559999465942383,7559.0
2024-10-25 14:13:00+00:00,CGNX,38.83000183105469,38.83000183105469,38.83000183105469,38.810001373291016,38.810001373291016,1666.0
2024-10-25 14:13:00+00:00,CHKP,206.44000244140625,206.44000244140625,206.44000244140625,206.3125,206.33999633789062,2701.0
2024-10-25 14:13:00+00:00,CLBT,18.18000030517578,18.18000030517578,18.18000030517578,18.18000030517578,18.18000030517578,2168.0
2024-10-25 14:13:00+00:00,CLSK,11.510000228881836,11.510000228881836,11.510000228881836,11.449999809265137,11.470000267028809,109784.0
2024-10-25 14:13:00+00:00,CMTL,3.7200000286102295,3.7200000286102295,3.7200000286102295,3.7200000286102295,3.7200000286102295,978.0
2024-10-25 14:13:00+00:00,CNDT,3.615000009536743,3.615000009536743,3.615000009536743,3.615000009536743,3.615000009536743,312.0
2024-10-25 14:13:00+00:00,COHR,95.25,95.25,95.25,95.19000244140625,95.19000244140625,2450.0
2024-10-25 14:13:00+00:00,COIN,205.88999938964844,205.88999938964844,206.0,205.0500030517578,205.30999755859375,32834.0
2024-10-25 14:13:00+00:00,COMM,6.25,6.25,6.260000228881836,6.239999771118164,6.260000228881836,5504.0
2024-10-25 14:13:00+00:00,CORZ,13.279999732971191,13.279999732971191,13.279999732971191,13.229999542236328,13.249099731445312,15340.0
2024-10-25 14:13:00+00:00,CRCT,6.554999828338623,6.554999828338623,6.554999828338623,6.554999828338623,6.554999828338623,129.0
2024-10-25 14:13:00+00:00,CRDO,39.0,39.0,39.025001525878906,39.0,39.02299880981445,1715.0
2024-10-25 14:13:00+00:00,CRNC,2.9214999675750732,2.9214999675750732,2.9214999675750732,2.9214999675750732,2.9214999675750732,876.0
2024-10-25 14:13:00+00:00,CRNT,2.4649999141693115,2.4649999141693115,2.4649999141693115,2.4649999141693115,2.4649999141693115,210.0
2024-10-25 14:13:00+00:00,CRUS,122.34750366210938,122.34750366210938,122.45999908447266,122.34750366210938,122.41999816894531,983.0
2024-10-25 14:13:00+00:00,CRWD,296.489990234375,296.489990234375,296.54998779296875,296.32000732421875,296.54998779296875,8036.0
2024-10-25 14:13:00+00:00,CSCO,55.709999084472656,55.709999084472656,55.709999084472656,55.70000076293945,55.70000076293945,4159.0
2024-10-25 14:13:00+00:00,CSIQ,13.3100004196167,13.3100004196167,13.3100004196167,13.289999961853027,13.305000305175781,1320.0
2024-10-25 14:13:00+00:00,CTSH,74.70500183105469,74.70500183105469,74.70999908447266,74.66999816894531,74.66999816894531,3167.0
2024-10-25 14:13:00+00:00,CYBR,289.7799987792969,289.7799987792969,289.7799987792969,289.010009765625,289.5899963378906,4824.0
2024-10-25 14:13:00+00:00,DATS,1.7050000429153442,1.7050000429153442,1.7050000429153442,1.6699999570846558,1.6950000524520874,4800.0
2024-10-25 14:13:00+00:00,DAVE,38.5099983215332,38.5099983215332,38.629600524902344,38.3650016784668,38.52000045776367,8828.0
2024-10-25 14:13:00+00:00,DBX,25.959999084472656,25.959999084472656,25.959999084472656,25.950000762939453,25.950000762939453,3549.0
2024-10-25 14:13:00+00:00,DDOG,126.29000091552734,126.29000091552734,126.29000091552734,126.22000122070312,126.2249984741211,2861.0
2024-10-25 14:13:00+00:00,DGHI,1.4299999475479126,1.4299999475479126,1.4299999475479126,1.4299999475479126,1.4299999475479126,3534.0
2024-10-25 14:13:00+00:00,DGII,30.139999389648438,30.139999389648438,30.15999984741211,30.139999389648438,30.15999984741211,473.0
2024-10-25 14:13:00+00:00,DOCU,68.91999816894531,68.91999816894531,68.94999694824219,68.91999816894531,68.93000030517578,2672.0
2024-10-25 14:13:00+00:00,DUOL,287.57000732421875,287.57000732421875,287.57000732421875,287.57000732421875,287.57000732421875,965.0
2024-10-25 14:13:00+00:00,ENPH,83.01000213623047,83.01000213623047,83.01000213623047,82.8949966430664,82.8949966430664,5077.0
2024-10-25 14:13:00+00:00,ENTG,104.68000030517578,104.68000030517578,104.68000030517578,104.66000366210938,104.66000366210938,1909.0
2024-10-25 14:13:00+00:00,ERIC,8.454999923706055,8.454999923706055,8.454999923706055,8.454999923706055,8.454999923706055,18948.0
2024-10-25 14:13:00+00:00,EXLS,38.7400016784668,38.7400016784668,38.7400016784668,38.7400016784668,38.7400016784668,1356.0
2024-10-25 14:13:00+00:00,EXTR,14.335000038146973,14.335000038146973,14.335000038146973,14.335000038146973,14.335000038146973,253.0
2024-10-25 14:13:00+00:00,FIVN,29.84000015258789,29.84000015258789,29.8700008392334,29.829999923706055,29.860000610351562,2349.0
2024-10-25 14:13:00+00:00,FLEX,35.084999084472656,35.084999084472656,35.084999084472656,35.064998626708984,35.064998626708984,2393.0
2024-10-25 14:13:00+00:00,FLYW,17.31999969482422,17.31999969482422,17.329999923706055,17.30500030517578,17.30500030517578,1901.0
2024-10-25 14:13:00+00:00,FRGT,1.8700000047683716,1.8700000047683716,1.8700000047683716,1.8700000047683716,1.8700000047683716,0.0
2024-10-25 14:13:00+00:00,FROG,29.2450008392334,29.2450008392334,29.25,29.239999771118164,29.239999771118164,757.0
2024-10-25 14:13:00+00:00,FRSH,11.614999771118164,11.614999771118164,11.614999771118164,11.600000381469727,11.600000381469727,5366.0
2024-10-25 14:13:00+00:00,FSLR,197.99000549316406,197.99000549316406,198.10000610351562,197.99000549316406,198.0500030517578,1683.0
2024-10-25 14:13:00+00:00,FTCI,0.6500999927520752,0.6500999927520752,0.6516000032424927,0.6500999927520752,0.6516000032424927,0.0
2024-10-25 14:13:00+00:00,FTNT,80.54000091552734,80.54000091552734,80.54000091552734,80.5,80.51000213623047,1919.0
2024-10-25 14:13:00+00:00,GCT,24.610000610351562,24.610000610351562,24.610000610351562,24.610000610351562,24.610000610351562,1110.0
2024-10-25 14:13:00+00:00,GDS,21.290000915527344,21.290000915527344,21.290000915527344,21.290000915527344,21.290000915527344,361.0
2024-10-25 14:13:00+00:00,GDYN,15.479999542236328,15.479999542236328,15.479999542236328,15.479999542236328,15.479999542236328,734.0
2024-10-25 14:13:00+00:00,GFS,40.599998474121094,40.599998474121094,40.599998474121094,40.57500076293945,40.584999084472656,2486.0
2024-10-25 14:13:00+00:00,GRAB,4.070000171661377,4.070000171661377,4.074999809265137,4.070000171661377,4.074999809265137,2195.0
2024-10-25 14:13:00+00:00,GRRR,4.460000038146973,4.460000038146973,4.46999979019165,4.460000038146973,4.46999979019165,1059.0
2024-10-25 14:13:00+00:00,GSIT,3.3891000747680664,3.3891000747680664,3.390000104904175,3.3891000747680664,3.390000104904175,1086.0
2024-10-25 14:13:00+00:00,GTLB,55.290000915527344,55.290000915527344,55.29999923706055,55.244998931884766,55.244998931884766,4303.0
2024-10-25 14:13:00+00:00,HCP,33.665000915527344,33.665000915527344,33.665000915527344,33.665000915527344,33.665000915527344,2858.0
2024-10-25 14:13:00+00:00,HIMX,6.15500020980835,6.15500020980835,6.15500020980835,6.15500020980835,6.15500020980835,669.0
2024-10-25 14:13:00+00:00,HOLO,3.60509991645813,3.60509991645813,3.60509991645813,3.5999999046325684,3.600100040435791,11501.0
2024-10-25 14:13:00+00:00,HOOD,27.030000686645508,27.030000686645508,27.079999923706055,27.030000686645508,27.079999923706055,26578.0
2024-10-25 14:13:00+00:00,INDI,3.5,3.5,3.5,3.5,3.5,4592.0
2024-10-25 14:13:00+00:00,INSG,20.030000686645508,20.030000686645508,20.030000686645508,20.020000457763672,20.020000457763672,3223.0
2024-10-25 14:13:00+00:00,INTA,50.084999084472656,50.084999084472656,50.084999084472656,49.974998474121094,49.974998474121094,1243.0
2024-10-25 14:13:00+00:00,INTC,22.774999618530273,22.774999618530273,22.780000686645508,22.739999771118164,22.7450008392334,229367.0
2024-10-25 14:13:00+00:00,INTU,609.0050048828125,609.0050048828125,609.0050048828125,608.7249755859375,608.7249755859375,1232.0
2024-10-25 14:13:00+00:00,IPGP,76.86000061035156,76.86000061035156,76.89250183105469,76.86000061035156,76.89250183105469,621.0
2024-10-25 14:13:00+00:00,ITRI,102.47000122070312,102.47000122070312,102.52999877929688,102.43000030517578,102.52999877929688,738.0
2024-10-25 14:13:00+00:00,ITRN,27.290000915527344,27.290000915527344,27.290000915527344,27.260000228881836,27.260000228881836,1040.0
2024-10-25 14:13:00+00:00,JAMF,16.709999084472656,16.709999084472656,16.709999084472656,16.709999084472656,16.709999084472656,996.0
2024-10-25 14:13:00+00:00,JKHY,182.5800018310547,182.5800018310547,182.5800018310547,182.55999755859375,182.55999755859375,1647.0
2024-10-25 14:13:00+00:00,KC,2.684999942779541,2.684999942779541,2.684999942779541,2.684999942779541,2.684999942779541,116.0
2024-10-25 14:13:00+00:00,KLAC,674.10498046875,674.10498046875,674.10498046875,674.10498046875,674.10498046875,638.0
2024-10-25 14:13:00+00:00,KLIC,44.31999969482422,44.31999969482422,44.31999969482422,44.31999969482422,44.31999969482422,499.0
2024-10-25 14:13:00+00:00,LITE,64.18000030517578,64.18000030517578,64.18000030517578,64.13500213623047,64.13500213623047,515.0
2024-10-25 14:13:00+00:00,LOGI,80.63999938964844,80.63999938964844,80.63999938964844,80.61499786376953,80.61499786376953,899.0
2024-10-25 14:13:00+00:00,LPSN,1.1540000438690186,1.1540000438690186,1.1540000438690186,1.1540000438690186,1.1540000438690186,1678.0
2024-10-25 14:13:00+00:00,LRCX,78.38999938964844,78.38999938964844,78.41000366210938,78.30999755859375,78.33999633789062,14046.0
2024-10-25 14:13:00+00:00,LSCC,53.98500061035156,53.98500061035156,53.98500061035156,53.97999954223633,53.97999954223633,1550.0
2024-10-25 14:13:00+00:00,LTRX,4.09499979019165,4.09499979019165,4.09499979019165,4.09499979019165,4.09499979019165,105.0
2024-10-25 14:13:00+00:00,LYFT,13.71500015258789,13.71500015258789,13.71500015258789,13.70009994506836,13.704999923706055,10668.0
2024-10-25 14:13:00+00:00,MANH,275.25,275.25,275.25,275.25,275.25,226.0
2024-10-25 14:13:00+00:00,MCHP,76.44000244140625,76.44000244140625,76.44000244140625,76.38999938964844,76.38999938964844,3318.0
2024-10-25 14:13:00+00:00,MITK,8.739999771118164,8.739999771118164,8.739999771118164,8.739999771118164,8.739999771118164,311.0
2024-10-25 14:13:00+00:00,MNDY,299.19000244140625,299.19000244140625,299.67999267578125,299.19000244140625,299.260009765625,1209.0
2024-10-25 14:13:00+00:00,MPWR,910.1199951171875,910.1199951171875,910.3599853515625,909.135009765625,909.135009765625,3523.0
2024-10-25 14:13:00+00:00,MQ,5.275000095367432,5.275000095367432,5.275000095367432,5.275000095367432,5.275000095367432,1047.0
2024-10-25 14:13:00+00:00,MRVL,82.06800079345703,82.06800079345703,82.06800079345703,81.96700286865234,81.97000122070312,6842.0
2024-10-25 14:13:00+00:00,MSFT,428.0350036621094,428.0350036621094,428.0350036621094,427.6400146484375,427.6400146484375,13070.0
2024-10-25 14:13:00+00:00,MSTR,231.89999389648438,231.89999389648438,232.0,230.86000061035156,231.56640625,106049.0
2024-10-25 14:13:00+00:00,MTC,0.37400001287460327,0.37400001287460327,0.37400001287460327,0.37310001254081726,0.37310001254081726,41025.0
2024-10-25 14:13:00+00:00,MTLS,5.900000095367432,5.900000095367432,5.900000095367432,5.900000095367432,5.900000095367432,275.0
2024-10-25 14:13:00+00:00,MTSI,119.59870147705078,119.59870147705078,119.59870147705078,119.59870147705078,119.59870147705078,525.0
2024-10-25 14:13:00+00:00,MTTR,4.59499979019165,4.59499979019165,4.599999904632568,4.579999923706055,4.590000152587891,57508.0
2024-10-25 14:13:00+00:00,MU,108.11000061035156,108.11000061035156,108.11000061035156,107.95999908447266,107.95999908447266,20265.0
2024-10-25 14:13:00+00:00,MXL,14.779999732971191,14.779999732971191,14.800000190734863,14.774999618530273,14.779999732971191,2582.0
2024-10-25 14:13:00+00:00,NCNO,37.66999816894531,37.66999816894531,37.66999816894531,37.66999816894531,37.66999816894531,602.0
2024-10-25 14:13:00+00:00,NICE,174.7050018310547,174.7050018310547,174.7100067138672,174.7050018310547,174.7100067138672,788.0
2024-10-25 14:13:00+00:00,NTAP,119.75499725341797,119.75499725341797,119.7699966430664,119.75499725341797,119.7699966430664,524.0
2024-10-25 14:13:00+00:00,NTCT,20.579999923706055,20.579999923706055,20.579999923706055,20.579999923706055,20.579999923706055,507.0
2024-10-25 14:13:00+00:00,NTNX,62.02000045776367,62.02000045776367,62.02000045776367,62.02000045776367,62.02000045776367,1371.0
2024-10-25 14:13:00+00:00,NVDA,141.4499969482422,141.4499969482422,141.47999572753906,141.30499267578125,141.30499267578125,546251.0
2024-10-25 14:13:00+00:00,NVEI,33.5,33.5,33.5,33.5,33.5,1113.0
2024-10-25 14:13:00+00:00,NVMI,183.31289672851562,183.31289672851562,183.31289672851562,183.31289672851562,183.31289672851562,370.0
2024-10-25 14:13:00+00:00,NXPI,243.1300048828125,243.1300048828125,243.1300048828125,242.9499969482422,243.00999450683594,1190.0
2024-10-25 14:13:00+00:00,OBLG,3.7699999809265137,3.7699999809265137,3.7699999809265137,3.7699999809265137,3.7699999809265137,585.0
2024-10-25 14:13:00+00:00,OKTA,72.11499786376953,72.11499786376953,72.1500015258789,72.08999633789062,72.08999633789062,821.0
2024-10-25 14:13:00+00:00,OLED,203.1300048828125,203.1300048828125,203.1300048828125,203.1300048828125,203.1300048828125,1901.0
2024-10-25 14:13:00+00:00,ON,71.22000122070312,71.22000122070312,71.2300033569336,71.13500213623047,71.13999938964844,18469.0
2024-10-25 14:13:00+00:00,ONDS,0.8503000140190125,0.8503000140190125,0.8503000140190125,0.8503000140190125,0.8503000140190125,11112.0
2024-10-25 14:13:00+00:00,OSIS,135.15499877929688,135.15499877929688,135.15499877929688,135.15499877929688,135.15499877929688,894.0
2024-10-25 14:13:00+00:00,PANW,366.7799987792969,366.7799987792969,366.7799987792969,366.7799987792969,366.7799987792969,853.0
2024-10-25 14:13:00+00:00,PAYO,8.3100004196167,8.3100004196167,8.3100004196167,8.3100004196167,8.3100004196167,799.0
2024-10-25 14:13:00+00:00,PCTY,173.05999755859375,173.05999755859375,173.05999755859375,173.05999755859375,173.05999755859375,686.0
2024-10-25 14:13:00+00:00,PDFS,29.135000228881836,29.135000228881836,29.135000228881836,29.1299991607666,29.1299991607666,302.0
2024-10-25 14:13:00+00:00,PEGA,79.30000305175781,79.30000305175781,79.36000061035156,79.18499755859375,79.2300033569336,6255.0
2024-10-25 14:13:00+00:00,PEGY,4.883800029754639,4.883800029754639,4.883800029754639,4.855500221252441,4.860000133514404,2467.0
2024-10-25 14:13:00+00:00,PGY,11.695099830627441,11.695099830627441,11.695099830627441,11.680000305175781,11.680000305175781,704.0
2024-10-25 14:13:00+00:00,PHUN,10.220100402832031,10.220100402832031,10.239800453186035,10.220000267028809,10.225000381469727,28781.0
2024-10-25 14:13:00+00:00,PI,201.72999572753906,201.72999572753906,201.77000427246094,201.5399932861328,201.5399932861328,2101.0
2024-10-25 14:13:00+00:00,PLXS,141.72999572753906,141.72999572753906,141.86000061035156,141.5800018310547,141.58999633789062,1787.0
2024-10-25 14:13:00+00:00,POWI,63.43000030517578,63.43000030517578,63.43000030517578,63.43000030517578,63.43000030517578,637.0
2024-10-25 14:13:00+00:00,PRCH,1.2999999523162842,1.2999999523162842,1.2999999523162842,1.2999999523162842,1.2999999523162842,2138.0
2024-10-25 14:13:00+00:00,PRGS,64.4800033569336,64.4800033569336,64.4800033569336,64.4800033569336,64.4800033569336,1414.0
2024-10-25 14:13:00+00:00,PYCR,14.274999618530273,14.274999618530273,14.274999618530273,14.270000457763672,14.270000457763672,722.0
2024-10-25 14:13:00+00:00,QCOM,171.0,171.0,171.0,170.75,170.75,7606.0
2024-10-25 14:13:00+00:00,QRVO,99.77999877929688,99.77999877929688,99.77999877929688,99.62000274658203,99.62000274658203,20036.0
2024-10-25 14:13:00+00:00,QUBT,1.0800000429153442,1.0800000429153442,1.0800000429153442,1.0710999965667725,1.0710999965667725,235.0
2024-10-25 14:13:00+00:00,QUIK,8.609999656677246,8.609999656677246,8.609999656677246,8.609999656677246,8.609999656677246,312.0
2024-10-25 14:13:00+00:00,RCAT,2.755000114440918,2.755000114440918,2.759999990463257,2.755000114440918,2.759000062942505,7533.0
2024-10-25 14:13:00+00:00,RELY,14.880000114440918,14.880000114440918,14.880000114440918,14.869999885559082,14.869999885559082,1505.0
2024-10-25 14:13:00+00:00,RGTI,1.2100000381469727,1.2100000381469727,1.2100000381469727,1.2020000219345093,1.2059999704360962,13835.0
2024-10-25 14:13:00+00:00,RIOT,9.77400016784668,9.77400016784668,9.779899597167969,9.710000038146973,9.720000267028809,57691.0
2024-10-25 14:13:00+00:00,RMBS,43.209999084472656,43.209999084472656,43.209999084472656,43.16999816894531,43.189998626708984,1273.0
2024-10-25 14:13:00+00:00,RPAY,7.59499979019165,7.59499979019165,7.59499979019165,7.59499979019165,7.59499979019165,200.0
2024-10-25 14:13:00+00:00,RUM,5.715000152587891,5.715000152587891,5.715000152587891,5.710299968719482,5.710299968719482,812.0
2024-10-25 14:13:00+00:00,RUN,14.265000343322754,14.265000343322754,14.265000343322754,14.244000434875488,14.25,9531.0
2024-10-25 14:13:00+00:00,SATS,25.149999618530273,25.149999618530273,25.149999618530273,25.139999389648438,25.139999389648438,1401.0
2024-10-25 14:13:00+00:00,SCKT,1.1500999927520752,1.1500999927520752,1.1500999927520752,1.1500999927520752,1.1500999927520752,201.0
2024-10-25 14:13:00+00:00,SCSC,44.599998474121094,44.599998474121094,44.63999938964844,44.595001220703125,44.630001068115234,2197.0
2024-10-25 14:13:00+00:00,SEDG,15.8100004196167,15.8100004196167,15.8100004196167,15.779999732971191,15.789999961853027,12370.0
2024-10-25 14:13:00+00:00,SHLS,5.235000133514404,5.235000133514404,5.239999771118164,5.230800151824951,5.230800151824951,4162.0
2024-10-25 14:13:00+00:00,SIMO,56.494998931884766,56.494998931884766,56.494998931884766,56.494998931884766,56.494998931884766,487.0
2024-10-25 14:13:00+00:00,SKYT,10.5600004196167,10.5600004196167,10.5600004196167,10.5600004196167,10.5600004196167,651.0
2024-10-25 14:13:00+00:00,SLNHP,12.529999732971191,12.529999732971191,12.529999732971191,12.529999732971191,12.529999732971191,851.0
2024-10-25 14:13:00+00:00,SMCI,47.04999923706055,47.04999923706055,47.060001373291016,47.0099983215332,47.029998779296875,22744.0
2024-10-25 14:13:00+00:00,SMTC,45.65999984741211,45.65999984741211,45.65999984741211,45.630001068115234,45.630001068115234,529.0
2024-10-25 14:13:00+00:00,SNPS,502.010009765625,502.010009765625,502.010009765625,501.92999267578125,501.92999267578125,548.0
2024-10-25 14:13:00+00:00,SONO,12.709699630737305,12.709699630737305,12.709699630737305,12.709699630737305,12.709699630737305,1357.0
2024-10-25 14:13:00+00:00,SOUN,5.159999847412109,5.159999847412109,5.159999847412109,5.150000095367432,5.15500020980835,11465.0
2024-10-25 14:13:00+00:00,SPSC,172.71499633789062,172.71499633789062,172.85000610351562,172.5399932861328,172.85000610351562,765.0
2024-10-25 14:13:00+00:00,SPT,26.8799991607666,26.8799991607666,26.8799991607666,26.8799991607666,26.8799991607666,250.0
2024-10-25 14:13:00+00:00,SRAD,12.364999771118164,12.364999771118164,12.364999771118164,12.364999771118164,12.364999771118164,342.0
2024-10-25 14:13:00+00:00,SSNC,69.6050033569336,69.6050033569336,69.61000061035156,69.57499694824219,69.57499694824219,3844.0
2024-10-25 14:13:00+00:00,SSTI,11.255000114440918,11.255000114440918,11.255000114440918,11.255000114440918,11.255000114440918,105.0
2024-10-25 14:13:00+00:00,STER,16.735000610351562,16.735000610351562,16.735000610351562,16.735000610351562,16.735000610351562,614.0
2024-10-25 14:13:00+00:00,STNE,11.539999961853027,11.539999961853027,11.539999961853027,11.524999618530273,11.524999618530273,1851.0
2024-10-25 14:13:00+00:00,STX,103.375,103.375,103.37999725341797,103.29000091552734,103.30000305175781,4703.0
2024-10-25 14:13:00+00:00,SVRE,0.07720000296831131,0.07720000296831131,0.07720000296831131,0.0771000012755394,0.0771000012755394,10912.0
2024-10-25 14:13:00+00:00,SWKS,95.83999633789062,95.83999633789062,95.83999633789062,95.77999877929688,95.77999877929688,2050.0
2024-10-25 14:13:00+00:00,SYNA,72.36000061035156,72.36000061035156,72.36000061035156,72.36000061035156,72.36000061035156,968.0
2024-10-25 14:13:00+00:00,SYTA,1.3000999689102173,1.3000999689102173,1.3005000352859497,1.3000999689102173,1.3005000352859497,896.0
2024-10-25 14:13:00+00:00,TEAM,189.02000427246094,189.02000427246094,189.02000427246094,188.90499877929688,188.90499877929688,2538.0
2024-10-25 14:13:00+00:00,TER,112.20999908447266,112.20999908447266,112.20999908447266,112.1500015258789,112.16999816894531,2994.0
2024-10-25 14:13:00+00:00,TRMB,60.86000061035156,60.86000061035156,60.86000061035156,60.86000061035156,60.86000061035156,1215.0
2024-10-25 14:13:00+00:00,TSEM,44.67499923706055,44.67499923706055,44.67499923706055,44.67499923706055,44.67499923706055,974.0
2024-10-25 14:13:00+00:00,TTD,118.54499816894531,118.54499816894531,118.54499816894531,118.4800033569336,118.48999786376953,2014.0
2024-10-25 14:13:00+00:00,TTEC,5.340000152587891,5.340000152587891,5.340000152587891,5.340000152587891,5.340000152587891,2148.0
2024-10-25 14:13:00+00:00,TTMI,19.549999237060547,19.549999237060547,19.549999237060547,19.540000915527344,19.540000915527344,1106.0
2024-10-25 14:13:00+00:00,TWKS,4.440000057220459,4.440000057220459,4.445000171661377,4.440000057220459,4.445000171661377,6147.0
2024-10-25 14:13:00+00:00,TXN,207.2899932861328,207.2899932861328,207.2899932861328,207.11000061035156,207.11000061035156,3218.0
2024-10-25 14:13:00+00:00,UCTT,35.634300231933594,35.634300231933594,35.634300231933594,35.630001068115234,35.630001068115234,1487.0
2024-10-25 14:13:00+00:00,UEIC,8.029999732971191,8.029999732971191,8.029999732971191,8.029999732971191,8.029999732971191,1005.0
2024-10-25 14:13:00+00:00,VECO,29.260000228881836,29.260000228881836,29.260000228881836,29.260000228881836,29.260000228881836,924.0
2024-10-25 14:13:00+00:00,VERI,3.3798999786376953,3.3798999786376953,3.3798999786376953,3.3798999786376953,3.3798999786376953,350.0
2024-10-25 14:13:00+00:00,VERX,41.84000015258789,41.84000015258789,41.84000015258789,41.84000015258789,41.84000015258789,553.0
2024-10-25 14:13:00+00:00,VIAV,9.194999694824219,9.194999694824219,9.199999809265137,9.194999694824219,9.199999809265137,3164.0
2024-10-25 14:13:00+00:00,VICR,46.404998779296875,46.404998779296875,46.404998779296875,46.369998931884766,46.380001068115234,482.0
2024-10-25 14:13:00+00:00,VMEO,4.730000019073486,4.730000019073486,4.730000019073486,4.730000019073486,4.730000019073486,444.0
2024-10-25 14:13:00+00:00,VNET,3.3949999809265137,3.3949999809265137,3.4000000953674316,3.3949999809265137,3.4000000953674316,700.0
2024-10-25 14:13:00+00:00,VRNS,56.64500045776367,56.64500045776367,56.64500045776367,56.63999938964844,56.63999938964844,899.0
2024-10-25 14:13:00+00:00,VRSN,183.07000732421875,183.07000732421875,183.07000732421875,182.9600067138672,182.9600067138672,2683.0
2024-10-25 14:13:00+00:00,VSAT,10.154999732971191,10.154999732971191,10.154999732971191,10.154999732971191,10.154999732971191,763.0
2024-10-25 14:13:00+00:00,VUZI,1.2989000082015991,1.2989000082015991,1.2989000082015991,1.2989000082015991,1.2989000082015991,377.0
2024-10-25 14:13:00+00:00,WALD,3.549999952316284,3.549999952316284,3.549999952316284,3.549999952316284,3.549999952316284,200.0
2024-10-25 14:13:00+00:00,WDAY,238.7050018310547,238.7050018310547,238.7050018310547,238.7050018310547,238.7050018310547,1071.0
2024-10-25 14:13:00+00:00,WDC,69.96499633789062,69.96499633789062,69.96499633789062,69.86499786376953,69.87999725341797,10376.0
2024-10-25 14:13:00+00:00,WISA,1.9900000095367432,1.9900000095367432,1.9900000095367432,1.9807000160217285,1.98989999294281,1380.0
2024-10-25 14:13:00+00:00,WIX,164.40499877929688,164.40499877929688,164.55999755859375,164.40499877929688,164.55999755859375,939.0
2024-10-25 14:13:00+00:00,XRX,9.944999694824219,9.944999694824219,9.944999694824219,9.944999694824219,9.944999694824219,200.0
2024-10-25 14:13:00+00:00,ZBRA,359.7200012207031,359.7200012207031,359.7200012207031,359.7200012207031,359.7200012207031,827.0
2024-10-25 14:13:00+00:00,ZI,10.484999656677246,10.484999656677246,10.484999656677246,10.479999542236328,10.479999542236328,2178.0
2024-10-25 14:13:00+00:00,ZM,72.79499816894531,72.79499816894531,72.80000305175781,72.79499816894531,72.80000305175781,220.0
2024-10-25 14:13:00+00:00,ZS,184.4499969482422,184.4499969482422,184.47000122070312,184.3350067138672,184.3350067138672,1669.0
2024-10-25 14:14:00+00:00,AAPL,231.55999755859375,231.55999755859375,231.63999938964844,231.49270629882812,231.60499572753906,53029.0
2024-10-25 14:14:00+00:00,ADBE,483.6600036621094,483.6600036621094,483.70001220703125,483.4100036621094,483.70001220703125,4098.0
2024-10-25 14:14:00+00:00,ADI,230.8350067138672,230.8350067138672,231.0,230.80999755859375,230.86000061035156,3582.0
2024-10-25 14:14:00+00:00,ADSK,285.760009765625,285.760009765625,285.760009765625,285.760009765625,285.760009765625,795.0
2024-10-25 14:14:00+00:00,AEHR,16.700000762939453,16.700000762939453,16.700000762939453,16.700000762939453,16.700000762939453,237.0
2024-10-25 14:14:00+00:00,AFRM,41.310001373291016,41.310001373291016,41.369998931884766,41.310001373291016,41.349998474121094,10688.0
2024-10-25 14:14:00+00:00,AIRG,9.109999656677246,9.109999656677246,9.109999656677246,9.095000267028809,9.095000267028809,1628.0
2024-10-25 14:14:00+00:00,AKAM,101.91999816894531,101.91999816894531,101.95500183105469,101.91999816894531,101.95500183105469,899.0
2024-10-25 14:14:00+00:00,AKTS,0.059300001710653305,0.059300001710653305,0.059300001710653305,0.059300001710653305,0.059300001710653305,0.0
2024-10-25 14:14:00+00:00,ALGM,22.969999313354492,22.969999313354492,23.0,22.959999084472656,23.0,10340.0
2024-10-25 14:14:00+00:00,ALKT,37.9900016784668,37.9900016784668,37.9900016784668,37.9900016784668,37.9900016784668,220.0
2024-10-25 14:14:00+00:00,ALRM,54.4900016784668,54.4900016784668,54.4900016784668,54.4900016784668,54.4900016784668,255.0
2024-10-25 14:14:00+00:00,ALTR,103.57499694824219,103.57499694824219,103.57499694824219,103.57499694824219,103.57499694824219,671.0
2024-10-25 14:14:00+00:00,AMAT,186.94500732421875,186.94500732421875,186.96749877929688,186.94000244140625,186.96749877929688,2545.0
2024-10-25 14:14:00+00:00,AMD,156.1300048828125,156.1300048828125,156.22999572753906,156.10009765625,156.19000244140625,37483.0
2024-10-25 14:14:00+00:00,AMKR,29.924999237060547,29.924999237060547,29.924999237060547,29.924999237060547,29.924999237060547,1096.0
2024-10-25 14:14:00+00:00,API,2.884999990463257,2.884999990463257,2.884999990463257,2.884999990463257,2.884999990463257,728.0
2024-10-25 14:14:00+00:00,APP,160.61500549316406,160.61500549316406,160.67999267578125,160.59500122070312,160.6300048828125,2078.0
2024-10-25 14:14:00+00:00,APPF,212.31500244140625,212.31500244140625,212.31500244140625,211.97000122070312,211.97000122070312,2213.0
2024-10-25 14:14:00+00:00,ARRY,6.375,6.375,6.380000114440918,6.34499979019165,6.349999904632568,29060.0
2024-10-25 14:14:00+00:00,ASML,713.5999755859375,713.5999755859375,713.5999755859375,713.5999755859375,713.5999755859375,920.0
2024-10-25 14:14:00+00:00,AUR,6.425000190734863,6.425000190734863,6.425000190734863,6.409999847412109,6.409999847412109,4575.0
2024-10-25 14:14:00+00:00,AVGO,173.63999938964844,173.63999938964844,173.72999572753906,173.60000610351562,173.72999572753906,10225.0
2024-10-25 14:14:00+00:00,AVT,53.96500015258789,53.96500015258789,53.974998474121094,53.96500015258789,53.974998474121094,1358.0
2024-10-25 14:14:00+00:00,BIGC,5.300000190734863,5.300000190734863,5.300000190734863,5.300000190734863,5.300000190734863,283.0
2024-10-25 14:14:00+00:00,BMBL,7.114999771118164,7.114999771118164,7.114999771118164,7.114999771118164,7.114999771118164,831.0
2024-10-25 14:14:00+00:00,BRZE,30.790000915527344,30.790000915527344,30.790000915527344,30.760000228881836,30.790000915527344,3168.0
2024-10-25 14:14:00+00:00,BSY,49.14500045776367,49.14500045776367,49.14500045776367,49.13800048828125,49.14400100708008,954.0
2024-10-25 14:14:00+00:00,CAMT,77.51249694824219,77.51249694824219,77.51249694824219,77.51249694824219,77.51249694824219,196.0
2024-10-25 14:14:00+00:00,CAN,0.9714999794960022,0.9714999794960022,0.9728000164031982,0.9702000021934509,0.9702000021934509,2222.0
2024-10-25 14:14:00+00:00,CDNS,257.6600036621094,257.6600036621094,257.75,257.5199890136719,257.75,2204.0
2024-10-25 14:14:00+00:00,CDW,217.97500610351562,217.97500610351562,218.05499267578125,217.97500610351562,218.05499267578125,1291.0
2024-10-25 14:14:00+00:00,CETX,0.302700012922287,0.302700012922287,0.30309998989105225,0.302700012922287,0.30309998989105225,2800.0
2024-10-25 14:14:00+00:00,CFLT,22.549999237060547,22.549999237060547,22.565000534057617,22.549999237060547,22.565000534057617,3427.0
2024-10-25 14:14:00+00:00,CGNT,6.610000133514404,6.610000133514404,6.610000133514404,6.610000133514404,6.610000133514404,147.0
2024-10-25 14:14:00+00:00,CGNX,38.83000183105469,38.83000183105469,38.83000183105469,38.82500076293945,38.83000183105469,908.0
2024-10-25 14:14:00+00:00,CHKP,206.41000366210938,206.41000366210938,206.41000366210938,206.41000366210938,206.41000366210938,1476.0
2024-10-25 14:14:00+00:00,CLSK,11.539999961853027,11.539999961853027,11.550000190734863,11.513999938964844,11.513999938964844,79811.0
2024-10-25 14:14:00+00:00,CNDT,3.619999885559082,3.619999885559082,3.619999885559082,3.619999885559082,3.619999885559082,1853.0
2024-10-25 14:14:00+00:00,COIN,206.50010681152344,206.50010681152344,206.77000427246094,205.8101043701172,205.89999389648438,54634.0
2024-10-25 14:14:00+00:00,COMM,6.255000114440918,6.255000114440918,6.255000114440918,6.255000114440918,6.255000114440918,339.0
2024-10-25 14:14:00+00:00,CORZ,13.274999618530273,13.274999618530273,13.3100004196167,13.270000457763672,13.295000076293945,128010.0
2024-10-25 14:14:00+00:00,CORZW,7.800000190734863,7.800000190734863,7.800000190734863,7.800000190734863,7.800000190734863,0.0
2024-10-25 14:14:00+00:00,CRCT,6.565000057220459,6.565000057220459,6.565000057220459,6.559999942779541,6.559999942779541,2728.0
2024-10-25 14:14:00+00:00,CRDO,39.060001373291016,39.060001373291016,39.060001373291016,39.04999923706055,39.04999923706055,801.0
2024-10-25 14:14:00+00:00,CRWD,296.224609375,296.224609375,296.55999755859375,296.17999267578125,296.5299987792969,5249.0
2024-10-25 14:14:00+00:00,CSCO,55.70500183105469,55.70500183105469,55.724998474121094,55.70500183105469,55.720001220703125,9884.0
2024-10-25 14:14:00+00:00,CSIQ,13.260000228881836,13.260000228881836,13.300000190734863,13.260000228881836,13.300000190734863,7557.0
2024-10-25 14:14:00+00:00,CTSH,74.70999908447266,74.70999908447266,74.72000122070312,74.69000244140625,74.72000122070312,3459.0
2024-10-25 14:14:00+00:00,DAKT,13.0,13.0,13.010000228881836,13.0,13.0,4288.0
2024-10-25 14:14:00+00:00,DATS,1.7050000429153442,1.7050000429153442,1.7050000429153442,1.6699999570846558,1.6699999570846558,1360.0
2024-10-25 14:14:00+00:00,DCBO,45.90999984741211,45.90999984741211,45.90999984741211,45.90999984741211,45.90999984741211,357.0
2024-10-25 14:14:00+00:00,DDOG,126.20500183105469,126.20500183105469,126.2300033569336,126.20500183105469,126.2300033569336,1033.0
2024-10-25 14:14:00+00:00,DGII,30.15999984741211,30.15999984741211,30.18000030517578,30.15999984741211,30.170000076293945,970.0
2024-10-25 14:14:00+00:00,DIOD,65.5999984741211,65.5999984741211,65.5999984741211,65.5999984741211,65.5999984741211,479.0
2024-10-25 14:14:00+00:00,DLO,8.830100059509277,8.830100059509277,8.835000038146973,8.830100059509277,8.835000038146973,2018.0
2024-10-25 14:14:00+00:00,DOCU,68.91999816894531,68.91999816894531,68.97000122070312,68.91999816894531,68.94000244140625,4686.0
2024-10-25 14:14:00+00:00,DOMO,8.029999732971191,8.029999732971191,8.029999732971191,8.029999732971191,8.029999732971191,657.0
2024-10-25 14:14:00+00:00,DTSS,2.4700000286102295,2.4700000286102295,2.4700000286102295,2.4700000286102295,2.4700000286102295,200.0
2024-10-25 14:14:00+00:00,EEFT,99.53500366210938,99.53500366210938,99.53500366210938,99.51000213623047,99.51000213623047,1576.0
2024-10-25 14:14:00+00:00,EMKR,2.1196000576019287,2.1196000576019287,2.1196000576019287,2.1196000576019287,2.1196000576019287,570.0
2024-10-25 14:14:00+00:00,ENPH,83.03990173339844,83.03990173339844,83.08999633789062,82.98999786376953,83.08999633789062,2351.0
2024-10-25 14:14:00+00:00,ERIC,8.460000038146973,8.460000038146973,8.460000038146973,8.454999923706055,8.454999923706055,4976.0
2024-10-25 14:14:00+00:00,EXFY,1.725000023841858,1.725000023841858,1.7259999513626099,1.725000023841858,1.7259999513626099,5588.0
2024-10-25 14:14:00+00:00,EXTR,14.345000267028809,14.345000267028809,14.345000267028809,14.34000015258789,14.34000015258789,1704.0
2024-10-25 14:14:00+00:00,FFIV,215.8350067138672,215.8350067138672,215.8350067138672,215.72500610351562,215.77000427246094,525.0
2024-10-25 14:14:00+00:00,FIVN,29.83799934387207,29.83799934387207,29.83799934387207,29.829999923706055,29.829999923706055,1174.0
2024-10-25 14:14:00+00:00,FLEX,35.095001220703125,35.095001220703125,35.095001220703125,35.08000183105469,35.08000183105469,5294.0
2024-10-25 14:14:00+00:00,FLYW,17.3700008392334,17.3700008392334,17.3700008392334,17.3700008392334,17.3700008392334,577.0
2024-10-25 14:14:00+00:00,FORM,44.720001220703125,44.720001220703125,44.720001220703125,44.720001220703125,44.720001220703125,359.0
2024-10-25 14:14:00+00:00,FROG,29.230199813842773,29.230199813842773,29.230199813842773,29.230199813842773,29.230199813842773,4361.0
2024-10-25 14:14:00+00:00,FRSH,11.614999771118164,11.614999771118164,11.614999771118164,11.609999656677246,11.609999656677246,730.0
2024-10-25 14:14:00+00:00,FSLR,197.9199981689453,197.9199981689453,198.10000610351562,197.9199981689453,198.10000610351562,4615.0
2024-10-25 14:14:00+00:00,FTCI,0.6500999927520752,0.6500999927520752,0.6500999927520752,0.6500999927520752,0.6500999927520752,3060.0
2024-10-25 14:14:00+00:00,FTNT,80.53500366210938,80.53500366210938,80.54499816894531,80.53500366210938,80.54499816894531,1439.0
2024-10-25 14:14:00+00:00,GCT,24.625,24.625,24.649999618530273,24.625,24.6299991607666,876.0
2024-10-25 14:14:00+00:00,GDYN,15.475000381469727,15.475000381469727,15.479999542236328,15.470000267028809,15.479999542236328,43120.0
2024-10-25 14:14:00+00:00,GFS,40.61000061035156,40.61000061035156,40.61000061035156,40.61000061035156,40.61000061035156,235.0
2024-10-25 14:14:00+00:00,GRAB,4.070000171661377,4.070000171661377,4.074999809265137,4.070000171661377,4.070000171661377,5577.0
2024-10-25 14:14:00+00:00,HCP,33.665000915527344,33.665000915527344,33.665000915527344,33.665000915527344,33.665000915527344,4029.0
2024-10-25 14:14:00+00:00,HIMX,6.15500020980835,6.15500020980835,6.15500020980835,6.15500020980835,6.15500020980835,482.0
2024-10-25 14:14:00+00:00,HLIT,14.739999771118164,14.739999771118164,14.739999771118164,14.729999542236328,14.739999771118164,396.0
2024-10-25 14:14:00+00:00,HOLO,3.5899999141693115,3.5899999141693115,3.5999999046325684,3.5799999237060547,3.5999999046325684,2367.0
2024-10-25 14:14:00+00:00,HOOD,27.040000915527344,27.040000915527344,27.049999237060547,27.030000686645508,27.040000915527344,16038.0
2024-10-25 14:14:00+00:00,HTCR,1.0676000118255615,1.0676000118255615,1.0676000118255615,1.0676000118255615,1.0676000118255615,1021.0
2024-10-25 14:14:00+00:00,IDAI,0.21979999542236328,0.21979999542236328,0.22100000083446503,0.21979999542236328,0.22100000083446503,27556.0
2024-10-25 14:14:00+00:00,IFBD,1.930299997329712,1.930299997329712,1.930299997329712,1.930299997329712,1.930299997329712,300.0
2024-10-25 14:14:00+00:00,III,3.049999952316284,3.049999952316284,3.049999952316284,3.049999952316284,3.049999952316284,159.0
2024-10-25 14:14:00+00:00,IIIV,22.825000762939453,22.825000762939453,22.825000762939453,22.825000762939453,22.825000762939453,962.0
2024-10-25 14:14:00+00:00,IMMR,8.680000305175781,8.680000305175781,8.6899995803833,8.680000305175781,8.6899995803833,1822.0
2024-10-25 14:14:00+00:00,INDI,3.505000114440918,3.505000114440918,3.505000114440918,3.505000114440918,3.505000114440918,809.0
2024-10-25 14:14:00+00:00,INFN,6.760000228881836,6.760000228881836,6.760000228881836,6.760000228881836,6.760000228881836,110.0
2024-10-25 14:14:00+00:00,INTA,50.122501373291016,50.122501373291016,50.125,50.119998931884766,50.125,993.0
2024-10-25 14:14:00+00:00,INTC,22.774999618530273,22.774999618530273,22.78499984741211,22.770000457763672,22.780000686645508,38602.0
2024-10-25 14:14:00+00:00,INTU,608.6599731445312,608.6599731445312,609.0349731445312,608.6500244140625,609.0349731445312,1906.0
2024-10-25 14:14:00+00:00,ITRI,102.5999984741211,102.5999984741211,102.63999938964844,102.54000091552734,102.54000091552734,1177.0
2024-10-25 14:14:00+00:00,JKHY,182.5800018310547,182.5800018310547,182.5800018310547,182.5800018310547,182.5800018310547,613.0
2024-10-25 14:14:00+00:00,KC,2.684999942779541,2.684999942779541,2.684999942779541,2.680000066757202,2.684999942779541,1091.0
2024-10-25 14:14:00+00:00,KLAC,674.8826904296875,674.8826904296875,674.8826904296875,674.7100219726562,674.7100219726562,2944.0
2024-10-25 14:14:00+00:00,LITE,64.20999908447266,64.20999908447266,64.20999908447266,64.18499755859375,64.18499755859375,854.0
2024-10-25 14:14:00+00:00,LOGI,80.6449966430664,80.6449966430664,80.6449966430664,80.6449966430664,80.6449966430664,735.0
2024-10-25 14:14:00+00:00,LPSN,1.1549999713897705,1.1549999713897705,1.1549999713897705,1.1549999713897705,1.1549999713897705,0.0
2024-10-25 14:14:00+00:00,LRCX,78.41500091552734,78.41500091552734,78.45559692382812,78.37999725341797,78.43000030517578,8786.0
2024-10-25 14:14:00+00:00,LSCC,54.040000915527344,54.040000915527344,54.08000183105469,54.040000915527344,54.08000183105469,1512.0
2024-10-25 14:14:00+00:00,LTRX,4.096799850463867,4.096799850463867,4.096799850463867,4.096799850463867,4.096799850463867,2128.0
2024-10-25 14:14:00+00:00,LYFT,13.699999809265137,13.699999809265137,13.71500015258789,13.699999809265137,13.71500015258789,9141.0
2024-10-25 14:14:00+00:00,MANH,275.385009765625,275.385009765625,275.3900146484375,275.2349853515625,275.2349853515625,1507.0
2024-10-25 14:14:00+00:00,MCHP,76.45999908447266,76.45999908447266,76.45999908447266,76.44000244140625,76.44999694824219,2457.0
2024-10-25 14:14:00+00:00,MDB,266.32000732421875,266.32000732421875,266.3788146972656,266.32000732421875,266.3788146972656,2329.0
2024-10-25 14:14:00+00:00,MITK,8.75,8.75,8.75,8.75,8.75,1392.0
2024-10-25 14:14:00+00:00,MKSI,101.08000183105469,101.08000183105469,101.08000183105469,101.08000183105469,101.08000183105469,1291.0
2024-10-25 14:14:00+00:00,MKTW,0.5874999761581421,0.5874999761581421,0.5874999761581421,0.5874999761581421,0.5874999761581421,32.0
2024-10-25 14:14:00+00:00,MNDY,299.6499938964844,299.6499938964844,299.67999267578125,299.2699890136719,299.2699890136719,978.0
2024-10-25 14:14:00+00:00,MOB,1.350000023841858,1.350000023841858,1.350000023841858,1.350000023841858,1.350000023841858,900.0
2024-10-25 14:14:00+00:00,MQ,5.28000020980835,5.28000020980835,5.28000020980835,5.275000095367432,5.28000020980835,1134.0
2024-10-25 14:14:00+00:00,MRAM,6.300000190734863,6.300000190734863,6.300000190734863,6.300000190734863,6.300000190734863,122.0
2024-10-25 14:14:00+00:00,MRVL,82.0780029296875,82.0780029296875,82.08000183105469,82.05999755859375,82.08000183105469,7585.0
2024-10-25 14:14:00+00:00,MSFT,427.8599853515625,427.8599853515625,428.1499938964844,427.7300109863281,428.1499938964844,13954.0
2024-10-25 14:14:00+00:00,MSTR,233.63999938964844,233.63999938964844,233.8300018310547,231.8000030517578,231.99000549316406,189794.0
2024-10-25 14:14:00+00:00,MTC,0.37400001287460327,0.37400001287460327,0.37400001287460327,0.37400001287460327,0.37400001287460327,13545.0
2024-10-25 14:14:00+00:00,MTTR,4.59499979019165,4.59499979019165,4.59499979019165,4.59499979019165,4.59499979019165,600.0
2024-10-25 14:14:00+00:00,MU,108.12999725341797,108.12999725341797,108.13999938964844,108.08000183105469,108.08000183105469,15881.0
2024-10-25 14:14:00+00:00,MVIS,1.0700000524520874,1.0700000524520874,1.0700000524520874,1.0700000524520874,1.0700000524520874,117.0
2024-10-25 14:14:00+00:00,MXL,14.779999732971191,14.779999732971191,14.789999961853027,14.779999732971191,14.789999961853027,1162.0
2024-10-25 14:14:00+00:00,NCNO,37.68000030517578,37.68000030517578,37.68000030517578,37.68000030517578,37.68000030517578,533.0
2024-10-25 14:14:00+00:00,NOVT,173.02999877929688,173.02999877929688,173.02999877929688,173.02999877929688,173.02999877929688,1341.0
2024-10-25 14:14:00+00:00,NTAP,119.7249984741211,119.7249984741211,119.7249984741211,119.70999908447266,119.70999908447266,727.0
2024-10-25 14:14:00+00:00,NTCT,20.610000610351562,20.610000610351562,20.610000610351562,20.59000015258789,20.59000015258789,1655.0
2024-10-25 14:14:00+00:00,NTNX,62.04999923706055,62.04999923706055,62.04999923706055,62.04999923706055,62.04999923706055,724.0
2024-10-25 14:14:00+00:00,NVDA,141.45399475097656,141.45399475097656,141.5,141.38999938964844,141.4739990234375,390122.0
2024-10-25 14:14:00+00:00,NVEI,33.494998931884766,33.494998931884766,33.5,33.494998931884766,33.494998931884766,1050.0
2024-10-25 14:14:00+00:00,NXPI,243.26499938964844,243.26499938964844,243.46949768066406,243.14999389648438,243.25,8964.0
2024-10-25 14:14:00+00:00,OKTA,72.11000061035156,72.11000061035156,72.13999938964844,72.11000061035156,72.13999938964844,352.0
2024-10-25 14:14:00+00:00,ON,71.25,71.25,71.26000213623047,71.20999908447266,71.2249984741211,9768.0
2024-10-25 14:14:00+00:00,OTEX,33.279998779296875,33.279998779296875,33.279998779296875,33.279998779296875,33.279998779296875,231.0
2024-10-25 14:14:00+00:00,PANW,366.7250061035156,366.7250061035156,367.1000061035156,366.70001220703125,367.1000061035156,1797.0
2024-10-25 14:14:00+00:00,PAYO,8.305000305175781,8.305000305175781,8.3149995803833,8.300000190734863,8.3100004196167,13948.0
2024-10-25 14:14:00+00:00,PDFS,29.139999389648438,29.139999389648438,29.139999389648438,29.139999389648438,29.139999389648438,230.0
2024-10-25 14:14:00+00:00,PEGA,79.33999633789062,79.33999633789062,79.33999633789062,79.30000305175781,79.30000305175781,409.0
2024-10-25 14:14:00+00:00,PEGY,4.860000133514404,4.860000133514404,4.875,4.860000133514404,4.875,1223.0
2024-10-25 14:14:00+00:00,PGY,11.720000267028809,11.720000267028809,11.720000267028809,11.710000038146973,11.710000038146973,398.0
2024-10-25 14:14:00+00:00,PHUN,10.199999809265137,10.199999809265137,10.239800453186035,10.199999809265137,10.225000381469727,28131.0
2024-10-25 14:14:00+00:00,PLXS,141.8800048828125,141.8800048828125,141.8800048828125,141.8800048828125,141.8800048828125,565.0
2024-10-25 14:14:00+00:00,POET,3.825000047683716,3.825000047683716,3.825000047683716,3.825000047683716,3.825000047683716,150.0
2024-10-25 14:14:00+00:00,POWI,63.4900016784668,63.4900016784668,63.4900016784668,63.4900016784668,63.4900016784668,953.0
2024-10-25 14:14:00+00:00,PRCH,1.2949999570846558,1.2949999570846558,1.2949999570846558,1.2949999570846558,1.2949999570846558,906.0
2024-10-25 14:14:00+00:00,PUBM,14.697999954223633,14.697999954223633,14.697999954223633,14.697999954223633,14.697999954223633,264.0
2024-10-25 14:14:00+00:00,QCOM,171.02000427246094,171.02000427246094,171.0500030517578,170.97999572753906,171.00999450683594,3752.0
2024-10-25 14:14:00+00:00,QLYS,120.5999984741211,120.5999984741211,120.5999984741211,120.5999984741211,120.5999984741211,557.0
2024-10-25 14:14:00+00:00,QRVO,99.76000213623047,99.76000213623047,99.8499984741211,99.73999786376953,99.83000183105469,10031.0
2024-10-25 14:14:00+00:00,QUBT,1.0800000429153442,1.0800000429153442,1.0800000429153442,1.0800000429153442,1.0800000429153442,277.0
2024-10-25 14:14:00+00:00,RCAT,2.7699999809265137,2.7699999809265137,2.7699999809265137,2.759999990463257,2.759999990463257,783.0
2024-10-25 14:14:00+00:00,REKR,1.0850000381469727,1.0850000381469727,1.0850000381469727,1.0850000381469727,1.0850000381469727,202.0
2024-10-25 14:14:00+00:00,RELL,13.961000442504883,13.961000442504883,13.961000442504883,13.949999809265137,13.949999809265137,2319.0
2024-10-25 14:14:00+00:00,RELY,14.880000114440918,14.880000114440918,14.880000114440918,14.880000114440918,14.880000114440918,253.0
2024-10-25 14:14:00+00:00,RGTI,1.2100000381469727,1.2100000381469727,1.2115000486373901,1.2100000381469727,1.2115000486373901,18192.0
2024-10-25 14:14:00+00:00,RIOT,9.779999732971191,9.779999732971191,9.789999961853027,9.760000228881836,9.779999732971191,49529.0
2024-10-25 14:14:00+00:00,RMBS,43.220001220703125,43.220001220703125,43.220001220703125,43.220001220703125,43.220001220703125,2255.0
2024-10-25 14:14:00+00:00,RMNI,1.7200000286102295,1.7200000286102295,1.7200000286102295,1.7200000286102295,1.7200000286102295,137.0
2024-10-25 14:14:00+00:00,RPAY,7.59499979019165,7.59499979019165,7.59499979019165,7.59499979019165,7.59499979019165,691.0
2024-10-25 14:14:00+00:00,RUM,5.719099998474121,5.719099998474121,5.719099998474121,5.719099998474121,5.719099998474121,293.0
2024-10-25 14:14:00+00:00,RUN,14.260000228881836,14.260000228881836,14.260000228881836,14.25,14.260000228881836,7037.0
2024-10-25 14:14:00+00:00,SATL,1.0,1.0,1.0,1.0,1.0,239.0
2024-10-25 14:14:00+00:00,SEDG,15.829999923706055,15.829999923706055,15.829999923706055,15.800000190734863,15.815299987792969,5718.0
2024-10-25 14:14:00+00:00,SHLS,5.244999885559082,5.244999885559082,5.244999885559082,5.239999771118164,5.239999771118164,2411.0
2024-10-25 14:14:00+00:00,SITM,179.73500061035156,179.73500061035156,179.73500061035156,179.73500061035156,179.73500061035156,166.0
2024-10-25 14:14:00+00:00,SKYT,10.5600004196167,10.5600004196167,10.5600004196167,10.5600004196167,10.5600004196167,1905.0
2024-10-25 14:14:00+00:00,SLAB,114.16500091552734,114.16500091552734,114.16500091552734,114.16500091552734,114.16500091552734,115.0
2024-10-25 14:14:00+00:00,SLNH,3.930000066757202,3.930000066757202,3.930000066757202,3.930000066757202,3.930000066757202,700.0
2024-10-25 14:14:00+00:00,SMCI,47.099998474121094,47.099998474121094,47.11800003051758,47.040000915527344,47.066001892089844,42774.0
2024-10-25 14:14:00+00:00,SMTC,45.64400100708008,45.64400100708008,45.665000915527344,45.64400100708008,45.665000915527344,788.0
2024-10-25 14:14:00+00:00,SNPS,502.3902893066406,502.3902893066406,502.3902893066406,502.3902893066406,502.3902893066406,801.0
2024-10-25 14:14:00+00:00,SONO,12.700699806213379,12.700699806213379,12.700699806213379,12.700699806213379,12.700699806213379,502.0
2024-10-25 14:14:00+00:00,SOUN,5.164999961853027,5.164999961853027,5.167399883270264,5.159999847412109,5.159999847412109,8711.0
2024-10-25 14:14:00+00:00,SPSC,172.66000366210938,172.66000366210938,172.66000366210938,172.66000366210938,172.66000366210938,871.0
2024-10-25 14:14:00+00:00,SPT,26.860000610351562,26.860000610351562,26.899999618530273,26.854999542236328,26.899999618530273,3383.0
2024-10-25 14:14:00+00:00,SRAD,12.369999885559082,12.369999885559082,12.369999885559082,12.369999885559082,12.369999885559082,965.0
2024-10-25 14:14:00+00:00,SSNC,69.58499908447266,69.58499908447266,69.62000274658203,69.58499908447266,69.61000061035156,7025.0
2024-10-25 14:14:00+00:00,SSYS,7.03000020980835,7.03000020980835,7.03000020980835,7.03000020980835,7.03000020980835,1556.0
2024-10-25 14:14:00+00:00,STNE,11.550000190734863,11.550000190734863,11.550000190734863,11.529999732971191,11.529999732971191,4744.0
2024-10-25 14:14:00+00:00,STX,103.33000183105469,103.33000183105469,103.37999725341797,103.33000183105469,103.37999725341797,2374.0
2024-10-25 14:14:00+00:00,SVRE,0.0771000012755394,0.0771000012755394,0.0771000012755394,0.0771000012755394,0.0771000012755394,4136.0
2024-10-25 14:14:00+00:00,SWKS,95.86000061035156,95.86000061035156,95.875,95.83999633789062,95.87000274658203,1915.0
2024-10-25 14:14:00+00:00,SYTA,1.3000999689102173,1.3000999689102173,1.3072999715805054,1.2999999523162842,1.3072999715805054,2725.0
2024-10-25 14:14:00+00:00,TACT,4.184999942779541,4.184999942779541,4.184999942779541,4.170000076293945,4.170000076293945,1048.0
2024-10-25 14:14:00+00:00,TEAM,189.0050048828125,189.0050048828125,189.0050048828125,189.0,189.0,1731.0
2024-10-25 14:14:00+00:00,TER,112.22000122070312,112.22000122070312,112.29000091552734,112.22000122070312,112.23999786376953,2646.0
2024-10-25 14:14:00+00:00,TRMB,60.880001068115234,60.880001068115234,60.88999938964844,60.880001068115234,60.880001068115234,1357.0
2024-10-25 14:14:00+00:00,TTD,118.51000213623047,118.51000213623047,118.56330108642578,118.51000213623047,118.56330108642578,1356.0
2024-10-25 14:14:00+00:00,TTEC,5.349999904632568,5.349999904632568,5.349999904632568,5.340000152587891,5.340000152587891,1113.0
2024-10-25 14:14:00+00:00,TTMI,19.549999237060547,19.549999237060547,19.549999237060547,19.545000076293945,19.545000076293945,456.0
2024-10-25 14:14:00+00:00,TWKS,4.445000171661377,4.445000171661377,4.445000171661377,4.440000057220459,4.445000171661377,5448.0
2024-10-25 14:14:00+00:00,TXN,207.36000061035156,207.36000061035156,207.36000061035156,207.2899932861328,207.2899932861328,1545.0
2024-10-25 14:14:00+00:00,UPLD,2.1254000663757324,2.1254000663757324,2.1254000663757324,2.1254000663757324,2.1254000663757324,409.0
2024-10-25 14:14:00+00:00,USIO,1.4049999713897705,1.4049999713897705,1.4049999713897705,1.4049999713897705,1.4049999713897705,2000.0
2024-10-25 14:14:00+00:00,VECO,29.274999618530273,29.274999618530273,29.274999618530273,29.274999618530273,29.274999618530273,286.0
2024-10-25 14:14:00+00:00,VERI,3.369999885559082,3.369999885559082,3.369999885559082,3.369999885559082,3.369999885559082,593.0
2024-10-25 14:14:00+00:00,VIAV,9.199999809265137,9.199999809265137,9.199999809265137,9.199999809265137,9.199999809265137,461.0
2024-10-25 14:14:00+00:00,VICR,46.400001525878906,46.400001525878906,46.400001525878906,46.400001525878906,46.400001525878906,525.0
2024-10-25 14:14:00+00:00,VMEO,4.735000133514404,4.735000133514404,4.735000133514404,4.735000133514404,4.735000133514404,1947.0
2024-10-25 14:14:00+00:00,VNET,3.4049999713897705,3.4049999713897705,3.4049999713897705,3.3949999809265137,3.4000000953674316,1048.0
2024-10-25 14:14:00+00:00,VRAR,0.7174999713897705,0.7174999713897705,0.7174999713897705,0.7174999713897705,0.7174999713897705,200.0
2024-10-25 14:14:00+00:00,VRNS,56.709999084472656,56.709999084472656,56.709999084472656,56.689998626708984,56.689998626708984,1069.0
2024-10-25 14:14:00+00:00,VRSN,182.97500610351562,182.97500610351562,182.97500610351562,182.97500610351562,182.97500610351562,679.0
2024-10-25 14:14:00+00:00,VSAT,10.154999732971191,10.154999732971191,10.15999984741211,10.154999732971191,10.15999984741211,1594.0
2024-10-25 14:14:00+00:00,VUZI,1.2949999570846558,1.2949999570846558,1.2949999570846558,1.2949999570846558,1.2949999570846558,1083.0
2024-10-25 14:14:00+00:00,WDC,69.97000122070312,69.97000122070312,70.0199966430664,69.9520034790039,69.97000122070312,6966.0
2024-10-25 14:14:00+00:00,WISA,1.9900000095367432,1.9900000095367432,1.9900000095367432,1.9850000143051147,1.9850000143051147,562.0
2024-10-25 14:14:00+00:00,WIX,164.64999389648438,164.64999389648438,164.64999389648438,164.64999389648438,164.64999389648438,612.0
2024-10-25 14:14:00+00:00,WLDS,3.450000047683716,3.450000047683716,3.450000047683716,3.440000057220459,3.440000057220459,2905.0
2024-10-25 14:14:00+00:00,XRX,9.944999694824219,9.944999694824219,9.944999694824219,9.944999694824219,9.944999694824219,2058.0
2024-10-25 14:14:00+00:00,ZBRA,360.010009765625,360.010009765625,360.010009765625,359.7200012207031,359.7200012207031,904.0
2024-10-25 14:14:00+00:00,ZI,10.489999771118164,10.489999771118164,10.489999771118164,10.484999656677246,10.484999656677246,929.0
2024-10-25 14:14:00+00:00,ZM,72.78500366210938,72.78500366210938,72.80999755859375,72.78500366210938,72.80999755859375,2320.0
2024-10-25 14:15:00+00:00,AAOI,17.65999984741211,17.65999984741211,17.65999984741211,17.65999984741211,17.65999984741211,212.0
2024-10-25 14:15:00+00:00,AAPL,231.625,231.625,231.6699981689453,231.49159240722656,231.5399932861328,49906.0
2024-10-25 14:15:00+00:00,ACLS,89.91000366210938,89.91000366210938,89.91000366210938,89.91000366210938,89.91000366210938,214.0
2024-10-25 14:15:00+00:00,ACMR,19.575000762939453,19.575000762939453,19.57939910888672,19.575000762939453,19.57939910888672,788.0
2024-10-25 14:15:00+00:00,ADBE,483.8900146484375,483.8900146484375,483.8900146484375,483.8900146484375,483.8900146484375,495.0
2024-10-25 14:15:00+00:00,ADI,231.16000366210938,231.16000366210938,231.16000366210938,230.9199981689453,230.9199981689453,2088.0
2024-10-25 14:15:00+00:00,ADSK,285.760009765625,285.760009765625,285.760009765625,285.760009765625,285.760009765625,1616.0
2024-10-25 14:15:00+00:00,AEHR,16.65999984741211,16.65999984741211,16.68000030517578,16.65999984741211,16.672500610351562,1168.0
2024-10-25 14:15:00+00:00,AFRM,41.31999969482422,41.31999969482422,41.31999969482422,41.279998779296875,41.31999969482422,5633.0
2024-10-25 14:15:00+00:00,AKAM,101.91000366210938,101.91000366210938,101.91000366210938,101.91000366210938,101.91000366210938,1909.0
2024-10-25 14:15:00+00:00,AKTS,0.05900000035762787,0.05900000035762787,0.05900000035762787,0.05900000035762787,0.05900000035762787,3400.0
2024-10-25 14:15:00+00:00,ALGM,22.969999313354492,22.969999313354492,22.969999313354492,22.950000762939453,22.959999084472656,5887.0
2024-10-25 14:15:00+00:00,ALKT,38.02000045776367,38.02000045776367,38.02000045776367,38.02000045776367,38.02000045776367,1109.0
2024-10-25 14:15:00+00:00,ALLT,3.425299882888794,3.425299882888794,3.425299882888794,3.425299882888794,3.425299882888794,328.0
2024-10-25 14:15:00+00:00,ALTR,103.66000366210938,103.66000366210938,103.66000366210938,103.58499908447266,103.58499908447266,629.0
2024-10-25 14:15:00+00:00,AMAT,186.99000549316406,186.99000549316406,187.00999450683594,186.83999633789062,186.94000244140625,5142.0
2024-10-25 14:15:00+00:00,AMD,156.24839782714844,156.24839782714844,156.25,156.0800018310547,156.1300048828125,41051.0
2024-10-25 14:15:00+00:00,AMPL,9.100000381469727,9.100000381469727,9.100000381469727,9.100000381469727,9.100000381469727,503.0
2024-10-25 14:15:00+00:00,ANY,1.0499999523162842,1.0499999523162842,1.0499999523162842,1.0499999523162842,1.0499999523162842,3929.0
2024-10-25 14:15:00+00:00,AOSL,36.34000015258789,36.34000015258789,36.34000015258789,36.34000015258789,36.34000015258789,679.0
2024-10-25 14:15:00+00:00,API,2.884999990463257,2.884999990463257,2.884999990463257,2.884999990463257,2.884999990463257,300.0
2024-10-25 14:15:00+00:00,APP,160.75,160.75,160.75,160.61500549316406,160.67999267578125,2384.0
2024-10-25 14:15:00+00:00,APPF,212.5800018310547,212.5800018310547,212.75999450683594,212.41000366210938,212.41000366210938,1233.0
2024-10-25 14:15:00+00:00,ARQQ,7.028800010681152,7.028800010681152,7.028800010681152,7.028800010681152,7.028800010681152,190.0
2024-10-25 14:15:00+00:00,ARRY,6.375,6.375,6.380000114440918,6.369999885559082,6.375,19838.0
2024-10-25 14:15:00+00:00,ASML,713.3049926757812,713.3049926757812,713.8046875,713.3049926757812,713.8046875,2038.0
2024-10-25 14:15:00+00:00,ASUR,9.600000381469727,9.600000381469727,9.600000381469727,9.59000015258789,9.59000015258789,1288.0
2024-10-25 14:15:00+00:00,AUR,6.414999961853027,6.414999961853027,6.420000076293945,6.409999847412109,6.420000076293945,5452.0
2024-10-25 14:15:00+00:00,AUUD,0.6191999912261963,0.6191999912261963,0.6191999912261963,0.6191999912261963,0.6191999912261963,2680.0
2024-10-25 14:15:00+00:00,AVDX,8.045000076293945,8.045000076293945,8.045000076293945,8.045000076293945,8.045000076293945,539.0
2024-10-25 14:15:00+00:00,AVGO,173.75,173.75,173.75,173.5399932861328,173.61000061035156,12753.0
2024-10-25 14:15:00+00:00,AVT,53.96500015258789,53.96500015258789,53.96500015258789,53.96500015258789,53.96500015258789,249.0
2024-10-25 14:15:00+00:00,AZPN,236.57130432128906,236.57130432128906,236.57130432128906,236.57130432128906,236.57130432128906,565.0
2024-10-25 14:15:00+00:00,BCOV,2.2300000190734863,2.2300000190734863,2.2300000190734863,2.2300000190734863,2.2300000190734863,200.0
2024-10-25 14:15:00+00:00,BLZE,7.159999847412109,7.159999847412109,7.159999847412109,7.159999847412109,7.159999847412109,231.0
2024-10-25 14:15:00+00:00,BMBL,7.119999885559082,7.119999885559082,7.119999885559082,7.114999771118164,7.114999771118164,1333.0
2024-10-25 14:15:00+00:00,BRZE,30.764999389648438,30.764999389648438,30.780000686645508,30.764999389648438,30.780000686645508,1143.0
2024-10-25 14:15:00+00:00,BSY,49.17399978637695,49.17399978637695,49.17850112915039,49.15599822998047,49.16999816894531,1684.0
2024-10-25 14:15:00+00:00,CAN,0.9739999771118164,0.9739999771118164,0.9739999771118164,0.9714999794960022,0.9714999794960022,486.0
2024-10-25 14:15:00+00:00,CDNS,257.7799987792969,257.7799987792969,257.7799987792969,257.5400085449219,257.6650085449219,3617.0
2024-10-25 14:15:00+00:00,CDW,218.0,218.0,218.05499267578125,218.0,218.0,923.0
2024-10-25 14:15:00+00:00,CETX,0.30149999260902405,0.30149999260902405,0.30149999260902405,0.30140000581741333,0.30140000581741333,2204.0
2024-10-25 14:15:00+00:00,CFLT,22.56999969482422,22.56999969482422,22.56999969482422,22.549999237060547,22.549999237060547,8098.0
2024-10-25 14:15:00+00:00,CGNX,38.81999969482422,38.81999969482422,38.84000015258789,38.8120002746582,38.83000183105469,1797.0
2024-10-25 14:15:00+00:00,CLSK,11.515000343322754,11.515000343322754,11.550000190734863,11.479999542236328,11.539999961853027,208720.0
2024-10-25 14:15:00+00:00,CNDT,3.619999885559082,3.619999885559082,3.619999885559082,3.619999885559082,3.619999885559082,224.0
2024-10-25 14:15:00+00:00,CNXC,44.40999984741211,44.40999984741211,44.40999984741211,44.38999938964844,44.38999938964844,1572.0
2024-10-25 14:15:00+00:00,COHR,95.25499725341797,95.25499725341797,95.25499725341797,95.25499725341797,95.25499725341797,458.0
2024-10-25 14:15:00+00:00,COHU,25.90999984741211,25.90999984741211,25.90999984741211,25.90999984741211,25.90999984741211,157.0
2024-10-25 14:15:00+00:00,COIN,206.72999572753906,206.72999572753906,206.89999389648438,205.89999389648438,206.5,43631.0
2024-10-25 14:15:00+00:00,COMM,6.244999885559082,6.244999885559082,6.255000114440918,6.244999885559082,6.25,2165.0
2024-10-25 14:15:00+00:00,CORZ,13.289999961853027,13.289999961853027,13.289999961853027,13.270099639892578,13.28499984741211,58964.0
2024-10-25 14:15:00+00:00,CRCT,6.570000171661377,6.570000171661377,6.570000171661377,6.565000057220459,6.565000057220459,416.0
2024-10-25 14:15:00+00:00,CRDO,39.06999969482422,39.06999969482422,39.06999969482422,39.0,39.02000045776367,797.0
2024-10-25 14:15:00+00:00,CRWD,296.6099853515625,296.6099853515625,296.6099853515625,296.2099914550781,296.2099914550781,9625.0
2024-10-25 14:15:00+00:00,CSCO,55.72679901123047,55.72679901123047,55.72999954223633,55.70000076293945,55.70100021362305,11195.0
2024-10-25 14:15:00+00:00,CSIQ,13.265000343322754,13.265000343322754,13.270000457763672,13.25,13.260000228881836,19046.0
2024-10-25 14:15:00+00:00,CTSH,74.70999908447266,74.70999908447266,74.71900177001953,74.70999908447266,74.71900177001953,982.0
2024-10-25 14:15:00+00:00,DAKT,12.989999771118164,12.989999771118164,12.989999771118164,12.989999771118164,12.989999771118164,121.0
2024-10-25 14:15:00+00:00,DBX,25.969999313354492,25.969999313354492,25.975000381469727,25.969999313354492,25.969999313354492,5293.0
2024-10-25 14:15:00+00:00,DDOG,126.2699966430664,126.2699966430664,126.2699966430664,126.19499969482422,126.20500183105469,2116.0
2024-10-25 14:15:00+00:00,DLO,8.835000038146973,8.835000038146973,8.835000038146973,8.835000038146973,8.835000038146973,300.0
2024-10-25 14:15:00+00:00,DOCU,68.9800033569336,68.9800033569336,68.9800033569336,68.91000366210938,68.93000030517578,5802.0
2024-10-25 14:15:00+00:00,DOMO,8.024999618530273,8.024999618530273,8.024999618530273,8.024999618530273,8.024999618530273,314.0
2024-10-25 14:15:00+00:00,DSP,11.479999542236328,11.479999542236328,11.479999542236328,11.479999542236328,11.479999542236328,853.0
2024-10-25 14:15:00+00:00,DUOL,288.1300048828125,288.1300048828125,288.1300048828125,288.1300048828125,288.1300048828125,395.0
2024-10-25 14:15:00+00:00,ENPH,83.0199966430664,83.0199966430664,83.05000305175781,82.94000244140625,82.97000122070312,8106.0
2024-10-25 14:15:00+00:00,ENTG,104.6449966430664,104.6449966430664,104.79000091552734,104.6449966430664,104.79000091552734,2963.0
2024-10-25 14:15:00+00:00,ERIC,8.454999923706055,8.454999923706055,8.460000038146973,8.454999923706055,8.454999923706055,10626.0
2024-10-25 14:15:00+00:00,FFIV,215.9600067138672,215.9600067138672,215.9600067138672,215.86000061035156,215.8699951171875,3642.0
2024-10-25 14:15:00+00:00,FIVN,29.735000610351562,29.735000610351562,29.829999923706055,29.719999313354492,29.829999923706055,6480.0
2024-10-25 14:15:00+00:00,FLEX,35.099998474121094,35.099998474121094,35.11000061035156,35.099998474121094,35.099998474121094,2639.0
2024-10-25 14:15:00+00:00,FLYW,17.3700008392334,17.3700008392334,17.389999389648438,17.360000610351562,17.3799991607666,55631.0
2024-10-25 14:15:00+00:00,FROG,29.225000381469727,29.225000381469727,29.229999542236328,29.225000381469727,29.229999542236328,1916.0
2024-10-25 14:15:00+00:00,FRSH,11.609999656677246,11.609999656677246,11.614999771118164,11.609999656677246,11.614999771118164,665.0
2024-10-25 14:15:00+00:00,FSLR,197.8699951171875,197.8699951171875,197.9499969482422,197.8699951171875,197.9499969482422,749.0
2024-10-25 14:15:00+00:00,FTFT,0.3199999928474426,0.3199999928474426,0.3199999928474426,0.3199999928474426,0.3199999928474426,13372.0
2024-10-25 14:15:00+00:00,FTNT,80.52999877929688,80.52999877929688,80.54000091552734,80.52999877929688,80.52999877929688,2832.0
2024-10-25 14:15:00+00:00,GCT,24.641000747680664,24.641000747680664,24.641000747680664,24.641000747680664,24.641000747680664,517.0
2024-10-25 14:15:00+00:00,GDS,21.295000076293945,21.295000076293945,21.295000076293945,21.295000076293945,21.295000076293945,326.0
2024-10-25 14:15:00+00:00,GDYN,15.520000457763672,15.520000457763672,15.520000457763672,15.475000381469727,15.489999771118164,2173.0
2024-10-25 14:15:00+00:00,GFS,40.61000061035156,40.61000061035156,40.61000061035156,40.58000183105469,40.58000183105469,1254.0
2024-10-25 14:15:00+00:00,GILT,4.920000076293945,4.920000076293945,4.920000076293945,4.920000076293945,4.920000076293945,139.0
2024-10-25 14:15:00+00:00,GRAB,4.074999809265137,4.074999809265137,4.079999923706055,4.070000171661377,4.070000171661377,158584.0
2024-10-25 14:15:00+00:00,GSIT,3.390000104904175,3.390000104904175,3.390000104904175,3.390000104904175,3.390000104904175,440.0
2024-10-25 14:15:00+00:00,HCP,33.665000915527344,33.665000915527344,33.66999816894531,33.65999984741211,33.665000915527344,1942.0
2024-10-25 14:15:00+00:00,HLIT,14.739999771118164,14.739999771118164,14.739999771118164,14.739999771118164,14.739999771118164,734.0
2024-10-25 14:15:00+00:00,HOLO,3.569999933242798,3.569999933242798,3.5899999141693115,3.569999933242798,3.5899999141693115,9194.0
2024-10-25 14:15:00+00:00,HOOD,27.059999465942383,27.059999465942383,27.059999465942383,27.024999618530273,27.040000915527344,7773.0
2024-10-25 14:15:00+00:00,HTCR,1.0499999523162842,1.0499999523162842,1.0499999523162842,1.0499999523162842,1.0499999523162842,242.0
2024-10-25 14:15:00+00:00,IMTE,1.6793999671936035,1.6793999671936035,1.6793999671936035,1.6793999671936035,1.6793999671936035,1001.0
2024-10-25 14:15:00+00:00,INOD,20.04800033569336,20.04800033569336,20.04800033569336,20.04800033569336,20.04800033569336,546.0
2024-10-25 14:15:00+00:00,INTA,50.13999938964844,50.13999938964844,50.13999938964844,50.13999938964844,50.13999938964844,284.0
2024-10-25 14:15:00+00:00,INTC,22.79990005493164,22.79990005493164,22.799999237060547,22.774999618530273,22.774999618530273,78656.0
2024-10-25 14:15:00+00:00,INTU,609.0250244140625,609.0250244140625,609.0250244140625,608.7000122070312,608.7000122070312,3153.0
2024-10-25 14:15:00+00:00,INTZ,0.7199000120162964,0.7199000120162964,0.7199000120162964,0.7199000120162964,0.7199000120162964,445.0
2024-10-25 14:15:00+00:00,ITRN,27.25,27.25,27.25,27.25,27.25,734.0
2024-10-25 14:15:00+00:00,KC,2.684999942779541,2.684999942779541,2.684999942779541,2.680000066757202,2.680000066757202,393.0
2024-10-25 14:15:00+00:00,LITE,64.1500015258789,64.1500015258789,64.18499755859375,64.1500015258789,64.18499755859375,940.0
2024-10-25 14:15:00+00:00,LOGI,80.63500213623047,80.63500213623047,80.63500213623047,80.62000274658203,80.62000274658203,1214.0
2024-10-25 14:15:00+00:00,LPSN,1.1597000360488892,1.1597000360488892,1.1597000360488892,1.1597000360488892,1.1597000360488892,1636.0
2024-10-25 14:15:00+00:00,LRCX,78.45999908447266,78.45999908447266,78.45999908447266,78.38999938964844,78.41999816894531,16034.0
2024-10-25 14:15:00+00:00,LSCC,54.060001373291016,54.060001373291016,54.06999969482422,54.060001373291016,54.06999969482422,1565.0
2024-10-25 14:15:00+00:00,LTRX,4.105000019073486,4.105000019073486,4.105000019073486,4.099999904632568,4.099999904632568,926.0
2024-10-25 14:15:00+00:00,LUNA,1.7899999618530273,1.7899999618530273,1.7899999618530273,1.7899999618530273,1.7899999618530273,941.0
2024-10-25 14:15:00+00:00,LYFT,13.699999809265137,13.699999809265137,13.704999923706055,13.694999694824219,13.699999809265137,9507.0
2024-10-25 14:15:00+00:00,MAXN,5.591800212860107,5.591800212860107,5.591800212860107,5.591800212860107,5.591800212860107,797.0
2024-10-25 14:15:00+00:00,MCHP,76.51000213623047,76.51000213623047,76.51000213623047,76.44999694824219,76.4800033569336,4270.0
2024-10-25 14:15:00+00:00,MPWR,910.0050048828125,910.0050048828125,910.0050048828125,910.0050048828125,910.0050048828125,200.0
2024-10-25 14:15:00+00:00,MQ,5.28000020980835,5.28000020980835,5.28000020980835,5.275000095367432,5.275000095367432,4797.0
2024-10-25 14:15:00+00:00,MRVL,82.12000274658203,82.12000274658203,82.12999725341797,82.05000305175781,82.07499694824219,9748.0
2024-10-25 14:15:00+00:00,MSFT,428.2149963378906,428.2149963378906,428.25,427.7732849121094,427.82000732421875,10942.0
2024-10-25 14:15:00+00:00,MSTR,234.07000732421875,234.07000732421875,234.07000732421875,232.94000244140625,233.63999938964844,149547.0
2024-10-25 14:15:00+00:00,MTC,0.37400001287460327,0.37400001287460327,0.3756999969482422,0.37400001287460327,0.37540000677108765,23582.0
2024-10-25 14:15:00+00:00,MTLS,5.90500020980835,5.90500020980835,5.90500020980835,5.90500020980835,5.90500020980835,142.0
2024-10-25 14:15:00+00:00,MTSI,119.74500274658203,119.74500274658203,119.87000274658203,119.74500274658203,119.83740234375,535.0
2024-10-25 14:15:00+00:00,MTTR,4.59499979019165,4.59499979019165,4.59499979019165,4.5903000831604,4.59499979019165,2233.0
2024-10-25 14:15:00+00:00,MU,108.1500015258789,108.1500015258789,108.1500015258789,108.06999969482422,108.12000274658203,13980.0
2024-10-25 14:15:00+00:00,MXL,14.800000190734863,14.800000190734863,14.800000190734863,14.779999732971191,14.779999732971191,819.0
2024-10-25 14:15:00+00:00,NSIT,208.3350067138672,208.3350067138672,208.3350067138672,208.3350067138672,208.3350067138672,219.0
2024-10-25 14:15:00+00:00,NSYS,12.010000228881836,12.010000228881836,12.010000228881836,12.010000228881836,12.010000228881836,438.0
2024-10-25 14:15:00+00:00,NTAP,119.73999786376953,119.73999786376953,119.73999786376953,119.73999786376953,119.73999786376953,867.0
2024-10-25 14:15:00+00:00,NTNX,62.060001373291016,62.060001373291016,62.060001373291016,62.029998779296875,62.029998779296875,521.0
2024-10-25 14:15:00+00:00,NVDA,141.44859313964844,141.44859313964844,141.5,141.30999755859375,141.4420928955078,394898.0
2024-10-25 14:15:00+00:00,NVEI,33.494998931884766,33.494998931884766,33.5,33.494998931884766,33.494998931884766,500.0
2024-10-25 14:15:00+00:00,NVTS,2.5250000953674316,2.5250000953674316,2.5250000953674316,2.5250000953674316,2.5250000953674316,435.0
2024-10-25 14:15:00+00:00,NXPI,243.4199981689453,243.4199981689453,243.4199981689453,243.21499633789062,243.3300018310547,6698.0
2024-10-25 14:15:00+00:00,OKTA,72.1500015258789,72.1500015258789,72.1500015258789,72.1500015258789,72.1500015258789,560.0
2024-10-25 14:15:00+00:00,ON,71.31999969482422,71.31999969482422,71.31999969482422,71.23999786376953,71.25,24184.0
2024-10-25 14:15:00+00:00,ONDS,0.8400999903678894,0.8400999903678894,0.8400999903678894,0.8400999903678894,0.8400999903678894,379.0
2024-10-25 14:15:00+00:00,OSIS,135.15499877929688,135.15499877929688,135.15499877929688,134.97500610351562,135.0,4073.0
2024-10-25 14:15:00+00:00,OTEX,33.27000045776367,33.27000045776367,33.27000045776367,33.27000045776367,33.27000045776367,406.0
2024-10-25 14:15:00+00:00,PANW,366.989990234375,366.989990234375,366.989990234375,366.989990234375,366.989990234375,395.0
2024-10-25 14:15:00+00:00,PAYO,8.305000305175781,8.305000305175781,8.305000305175781,8.305000305175781,8.305000305175781,392.0
2024-10-25 14:15:00+00:00,PCTY,173.10000610351562,173.10000610351562,173.10000610351562,173.10000610351562,173.10000610351562,620.0
2024-10-25 14:15:00+00:00,PDFS,29.149999618530273,29.149999618530273,29.149999618530273,29.139999389648438,29.139999389648438,262.0
2024-10-25 14:15:00+00:00,PEGA,79.37999725341797,79.37999725341797,79.37999725341797,79.36000061035156,79.36000061035156,834.0
2024-10-25 14:15:00+00:00,PEGY,4.85099983215332,4.85099983215332,4.875,4.850100040435791,4.875,1935.0
2024-10-25 14:15:00+00:00,PGY,11.744999885559082,11.744999885559082,11.75,11.720000267028809,11.720000267028809,3055.0
2024-10-25 14:15:00+00:00,PHUN,10.225000381469727,10.225000381469727,10.249899864196777,10.201499938964844,10.21500015258789,20253.0
2024-10-25 14:15:00+00:00,PI,201.91000366210938,201.91000366210938,201.91000366210938,201.91000366210938,201.91000366210938,412.0
2024-10-25 14:15:00+00:00,PLAB,23.485000610351562,23.485000610351562,23.485000610351562,23.485000610351562,23.485000610351562,269.0
2024-10-25 14:15:00+00:00,PLUS,97.44999694824219,97.44999694824219,97.44999694824219,97.44999694824219,97.44999694824219,1036.0
2024-10-25 14:15:00+00:00,POET,3.8289999961853027,3.8289999961853027,3.8289999961853027,3.8289999961853027,3.8289999961853027,632.0
2024-10-25 14:15:00+00:00,POWI,63.45000076293945,63.45000076293945,63.45000076293945,63.45000076293945,63.45000076293945,279.0
2024-10-25 14:15:00+00:00,PTC,186.4199981689453,186.4199981689453,186.4199981689453,186.38999938964844,186.38999938964844,398.0
2024-10-25 14:15:00+00:00,PYCR,14.274999618530273,14.274999618530273,14.274999618530273,14.274999618530273,14.274999618530273,886.0
2024-10-25 14:15:00+00:00,QCOM,171.0800018310547,171.0800018310547,171.11000061035156,171.0399932861328,171.05499267578125,7373.0
2024-10-25 14:15:00+00:00,QLYS,120.69000244140625,120.69000244140625,120.69000244140625,120.51309967041016,120.51309967041016,1689.0
2024-10-25 14:15:00+00:00,QRVO,99.75499725341797,99.75499725341797,99.75749969482422,99.72000122070312,99.75499725341797,4609.0
2024-10-25 14:15:00+00:00,QUBT,1.0750000476837158,1.0750000476837158,1.0750000476837158,1.0750000476837158,1.0750000476837158,1964.0
2024-10-25 14:15:00+00:00,RDWR,22.209999084472656,22.209999084472656,22.209999084472656,22.209999084472656,22.209999084472656,846.0
2024-10-25 14:15:00+00:00,REFR,2.180000066757202,2.180000066757202,2.180000066757202,2.180000066757202,2.180000066757202,511.0
2024-10-25 14:15:00+00:00,REKR,1.0859999656677246,1.0859999656677246,1.0859999656677246,1.0859999656677246,1.0859999656677246,304.0
2024-10-25 14:15:00+00:00,RELL,13.944999694824219,13.944999694824219,13.944999694824219,13.944999694824219,13.944999694824219,0.0
2024-10-25 14:15:00+00:00,RELY,14.880000114440918,14.880000114440918,14.890000343322754,14.880000114440918,14.880000114440918,864.0
2024-10-25 14:15:00+00:00,RGTI,1.2095999717712402,1.2095999717712402,1.2199000120162964,1.2050000429153442,1.2199000120162964,9373.0
2024-10-25 14:15:00+00:00,RIOT,9.774999618530273,9.774999618530273,9.795000076293945,9.75,9.780099868774414,57876.0
2024-10-25 14:15:00+00:00,RMBS,43.2599983215332,43.2599983215332,43.2599983215332,43.220001220703125,43.224998474121094,771.0
2024-10-25 14:15:00+00:00,RPD,38.63999938964844,38.63999938964844,38.63999938964844,38.63999938964844,38.63999938964844,140.0
2024-10-25 14:15:00+00:00,RUM,5.715000152587891,5.715000152587891,5.715000152587891,5.715000152587891,5.715000152587891,2912.0
2024-10-25 14:15:00+00:00,RUN,14.239999771118164,14.239999771118164,14.255999565124512,14.239999771118164,14.25,4440.0
2024-10-25 14:15:00+00:00,SATS,25.145000457763672,25.145000457763672,25.145000457763672,25.145000457763672,25.145000457763672,889.0
2024-10-25 14:15:00+00:00,SEDG,15.829999923706055,15.829999923706055,15.845000267028809,15.819999694824219,15.84000015258789,6162.0
2024-10-25 14:15:00+00:00,SHLS,5.239999771118164,5.239999771118164,5.244999885559082,5.239999771118164,5.244999885559082,678.0
2024-10-25 14:15:00+00:00,SITM,179.74000549316406,179.74000549316406,179.74000549316406,179.74000549316406,179.74000549316406,433.0
2024-10-25 14:15:00+00:00,SKYT,10.555000305175781,10.555000305175781,10.555000305175781,10.555000305175781,10.555000305175781,228.0
2024-10-25 14:15:00+00:00,SMCI,47.08000183105469,47.08000183105469,47.099998474121094,47.060001373291016,47.09000015258789,26333.0
2024-10-25 14:15:00+00:00,SMTC,45.630001068115234,45.630001068115234,45.65999984741211,45.630001068115234,45.65999984741211,1001.0
2024-10-25 14:15:00+00:00,SONO,12.704999923706055,12.704999923706055,12.704999923706055,12.704999923706055,12.704999923706055,627.0
2024-10-25 14:15:00+00:00,SOUN,5.164999961853027,5.164999961853027,5.168499946594238,5.162300109863281,5.164999961853027,13575.0
2024-10-25 14:15:00+00:00,SPSC,172.97950744628906,172.97950744628906,172.97950744628906,172.94000244140625,172.94000244140625,2117.0
2024-10-25 14:15:00+00:00,SRAD,12.375,12.375,12.375,12.375,12.375,468.0
2024-10-25 14:15:00+00:00,SSNC,69.56999969482422,69.56999969482422,69.59500122070312,69.56500244140625,69.58000183105469,10433.0
2024-10-25 14:15:00+00:00,STNE,11.550000190734863,11.550000190734863,11.550000190734863,11.545000076293945,11.550000190734863,12863.0
2024-10-25 14:15:00+00:00,STX,103.37000274658203,103.37000274658203,103.37000274658203,103.30999755859375,103.32499694824219,7468.0
2024-10-25 14:15:00+00:00,SVRE,0.07699999958276749,0.07699999958276749,0.07699999958276749,0.07699999958276749,0.07699999958276749,21702.0
2024-10-25 14:15:00+00:00,SWKS,95.87000274658203,95.87000274658203,95.9000015258789,95.87000274658203,95.87000274658203,1742.0
2024-10-25 14:15:00+00:00,TEAM,189.0800018310547,189.0800018310547,189.0800018310547,189.0800018310547,189.0800018310547,919.0
2024-10-25 14:15:00+00:00,TENB,41.650001525878906,41.650001525878906,41.650001525878906,41.650001525878906,41.650001525878906,393.0
2024-10-25 14:15:00+00:00,TER,112.17500305175781,112.17500305175781,112.22000122070312,112.06999969482422,112.22000122070312,9354.0
2024-10-25 14:15:00+00:00,TRMB,60.869998931884766,60.869998931884766,60.869998931884766,60.869998931884766,60.869998931884766,385.0
2024-10-25 14:15:00+00:00,TSEM,44.727500915527344,44.727500915527344,44.727500915527344,44.727500915527344,44.727500915527344,967.0
2024-10-25 14:15:00+00:00,TTD,118.5,118.5,118.5199966430664,118.44000244140625,118.5199966430664,3893.0
2024-10-25 14:15:00+00:00,TTMI,19.56999969482422,19.56999969482422,19.56999969482422,19.559999465942383,19.559999465942383,2344.0
2024-10-25 14:15:00+00:00,TWKS,4.440000057220459,4.440000057220459,4.445000171661377,4.440000057220459,4.445000171661377,6396.0
2024-10-25 14:15:00+00:00,TXN,207.3300018310547,207.3300018310547,207.3300018310547,207.24000549316406,207.2899932861328,7260.0
2024-10-25 14:15:00+00:00,UCTT,35.65999984741211,35.65999984741211,35.66999816894531,35.65999984741211,35.66999816894531,566.0
2024-10-25 14:15:00+00:00,USIO,1.399999976158142,1.399999976158142,1.399999976158142,1.399999976158142,1.399999976158142,1784.0
2024-10-25 14:15:00+00:00,VERI,3.384999990463257,3.384999990463257,3.384999990463257,3.380000114440918,3.380000114440918,1178.0
2024-10-25 14:15:00+00:00,VICR,46.33000183105469,46.33000183105469,46.369998931884766,46.314998626708984,46.369998931884766,1399.0
2024-10-25 14:15:00+00:00,VOXX,7.53000020980835,7.53000020980835,7.53000020980835,7.53000020980835,7.53000020980835,119.0
2024-10-25 14:15:00+00:00,VRNS,56.720001220703125,56.720001220703125,56.720001220703125,56.720001220703125,56.720001220703125,1068.0
2024-10-25 14:15:00+00:00,VRNT,21.920000076293945,21.920000076293945,21.93000030517578,21.920000076293945,21.93000030517578,1013.0
2024-10-25 14:15:00+00:00,VSAT,10.149999618530273,10.149999618530273,10.149999618530273,10.149999618530273,10.149999618530273,623.0
2024-10-25 14:15:00+00:00,WDAY,238.73500061035156,238.73500061035156,238.843505859375,238.6999969482422,238.78500366210938,1624.0
2024-10-25 14:15:00+00:00,WDC,69.9749984741211,69.9749984741211,69.98999786376953,69.91999816894531,69.9800033569336,11631.0
2024-10-25 14:15:00+00:00,WISA,2.0299999713897705,2.0299999713897705,2.0299999713897705,1.9950000047683716,1.9950000047683716,74762.0
2024-10-25 14:15:00+00:00,WLDS,3.430000066757202,3.430000066757202,3.430000066757202,3.430000066757202,3.430000066757202,3837.0
2024-10-25 14:15:00+00:00,XRX,9.9399995803833,9.9399995803833,9.949999809265137,9.9399995803833,9.949999809265137,954.0
2024-10-25 14:15:00+00:00,ZBRA,359.9200134277344,359.9200134277344,359.9200134277344,359.9200134277344,359.9200134277344,347.0
2024-10-25 14:15:00+00:00,ZI,10.489999771118164,10.489999771118164,10.489999771118164,10.484999656677246,10.489999771118164,2083.0
2024-10-25 14:15:00+00:00,ZM,72.79499816894531,72.79499816894531,72.79499816894531,72.79499816894531,72.79499816894531,592.0
2024-10-25 14:15:00+00:00,ZS,184.47999572753906,184.47999572753906,184.61000061035156,184.38999938964844,184.52000427246094,558.0
2024-10-25 14:16:00+00:00,AAOI,17.67300033569336,17.67300033569336,17.68000030517578,17.67300033569336,17.68000030517578,3713.0
2024-10-25 14:16:00+00:00,AAPL,231.52999877929688,231.52999877929688,231.6999969482422,231.50999450683594,231.6199951171875,66055.0
2024-10-25 14:16:00+00:00,ACIW,48.79499816894531,48.79499816894531,48.79999923706055,48.79499816894531,48.79999923706055,872.0
2024-10-25 14:16:00+00:00,ACLS,89.93000030517578,89.93000030517578,89.93000030517578,89.91000366210938,89.91000366210938,759.0
2024-10-25 14:16:00+00:00,ACMR,19.579999923706055,19.579999923706055,19.579999923706055,19.579999923706055,19.579999923706055,770.0
2024-10-25 14:16:00+00:00,ADBE,483.8949890136719,483.8949890136719,483.9700012207031,483.8949890136719,483.9700012207031,1118.0
2024-10-25 14:16:00+00:00,ADI,231.14500427246094,231.14500427246094,231.1699981689453,231.14500427246094,231.1699981689453,941.0
2024-10-25 14:16:00+00:00,ADTN,6.289999961853027,6.289999961853027,6.300000190734863,6.289999961853027,6.300000190734863,2195.0
2024-10-25 14:16:00+00:00,AEHR,16.690000534057617,16.690000534057617,16.719999313354492,16.68000030517578,16.68000030517578,1968.0
2024-10-25 14:16:00+00:00,AEYE,22.6299991607666,22.6299991607666,22.6299991607666,22.6299991607666,22.6299991607666,260.0
2024-10-25 14:16:00+00:00,AFRM,41.26499938964844,41.26499938964844,41.33000183105469,41.26240158081055,41.31480026245117,5873.0
2024-10-25 14:16:00+00:00,AGYS,110.66999816894531,110.66999816894531,110.68000030517578,110.66999816894531,110.68000030517578,5501.0
2024-10-25 14:16:00+00:00,AIRG,9.25,9.25,9.25,9.234999656677246,9.234999656677246,2563.0
2024-10-25 14:16:00+00:00,AKAM,101.94999694824219,101.94999694824219,101.94999694824219,101.94999694824219,101.94999694824219,302.0
2024-10-25 14:16:00+00:00,AKTS,0.059300001710653305,0.059300001710653305,0.059300001710653305,0.059300001710653305,0.059300001710653305,4091.0
2024-10-25 14:16:00+00:00,ALGM,22.979999542236328,22.979999542236328,22.979999542236328,22.950000762939453,22.96500015258789,4589.0
2024-10-25 14:16:00+00:00,ALLT,3.420099973678589,3.420099973678589,3.420099973678589,3.420099973678589,3.420099973678589,61.0
2024-10-25 14:16:00+00:00,ALRM,54.470001220703125,54.470001220703125,54.470001220703125,54.470001220703125,54.470001220703125,227.0
2024-10-25 14:16:00+00:00,AMAT,187.0,187.0,187.17999267578125,187.0,187.1199951171875,4068.0
2024-10-25 14:16:00+00:00,AMD,156.22000122070312,156.22000122070312,156.3300018310547,156.1999969482422,156.25,52969.0
2024-10-25 14:16:00+00:00,AMKR,29.950000762939453,29.950000762939453,29.950000762939453,29.950000762939453,29.950000762939453,1714.0
2024-10-25 14:16:00+00:00,API,2.884999990463257,2.884999990463257,2.884999990463257,2.884999990463257,2.884999990463257,500.0
2024-10-25 14:16:00+00:00,APP,160.81500244140625,160.81500244140625,160.8300018310547,160.81500244140625,160.8300018310547,603.0
2024-10-25 14:16:00+00:00,APPF,212.81500244140625,212.81500244140625,212.81500244140625,212.81500244140625,212.81500244140625,138.0
2024-10-25 14:16:00+00:00,APPN,32.150001525878906,32.150001525878906,32.150001525878906,32.150001525878906,32.150001525878906,291.0
2024-10-25 14:16:00+00:00,ARRY,6.369999885559082,6.369999885559082,6.380000114440918,6.369999885559082,6.375,5937.0
2024-10-25 14:16:00+00:00,ASML,714.0269165039062,714.0269165039062,714.0269165039062,714.0269165039062,714.0269165039062,299.0
2024-10-25 14:16:00+00:00,AUR,6.417399883270264,6.417399883270264,6.417399883270264,6.417399883270264,6.417399883270264,2667.0
2024-10-25 14:16:00+00:00,AVDX,8.045000076293945,8.045000076293945,8.045000076293945,8.045000076293945,8.045000076293945,618.0
2024-10-25 14:16:00+00:00,AVGO,173.64480590820312,173.64480590820312,173.8699951171875,173.64480590820312,173.77420043945312,12995.0
2024-10-25 14:16:00+00:00,AVPT,11.9350004196167,11.9350004196167,11.9350004196167,11.930000305175781,11.930000305175781,682.0
2024-10-25 14:16:00+00:00,AVT,53.95000076293945,53.95000076293945,53.97999954223633,53.95000076293945,53.97999954223633,1462.0
2024-10-25 14:16:00+00:00,BIGC,5.304999828338623,5.304999828338623,5.304999828338623,5.304999828338623,5.304999828338623,3413.0
2024-10-25 14:16:00+00:00,BLZE,7.164999961853027,7.164999961853027,7.164999961853027,7.164999961853027,7.164999961853027,198.0
2024-10-25 14:16:00+00:00,BMBL,7.114999771118164,7.114999771118164,7.119999885559082,7.114999771118164,7.114999771118164,1361.0
2024-10-25 14:16:00+00:00,BRZE,30.780000686645508,30.780000686645508,30.780000686645508,30.780000686645508,30.780000686645508,577.0
2024-10-25 14:16:00+00:00,BSY,49.13999938964844,49.13999938964844,49.18000030517578,49.13999938964844,49.18000030517578,4134.0
2024-10-25 14:16:00+00:00,CAMT,77.52999877929688,77.52999877929688,77.54000091552734,77.49500274658203,77.52999877929688,1839.0
2024-10-25 14:16:00+00:00,CAN,0.9729999899864197,0.9729999899864197,0.9735000133514404,0.9729999899864197,0.9735000133514404,5223.0
2024-10-25 14:16:00+00:00,CDNS,257.80499267578125,257.80499267578125,257.92498779296875,257.75,257.8399963378906,4458.0
2024-10-25 14:16:00+00:00,CDW,218.02999877929688,218.02999877929688,218.0675048828125,217.99000549316406,218.05499267578125,4226.0
2024-10-25 14:16:00+00:00,CEVA,23.989999771118164,23.989999771118164,23.989999771118164,23.979999542236328,23.979999542236328,1099.0
2024-10-25 14:16:00+00:00,CFLT,22.545000076293945,22.545000076293945,22.56999969482422,22.545000076293945,22.56999969482422,15933.0
2024-10-25 14:16:00+00:00,CGNX,38.83000183105469,38.83000183105469,38.83000183105469,38.81999969482422,38.81999969482422,2517.0
2024-10-25 14:16:00+00:00,CLBT,18.204999923706055,18.204999923706055,18.204999923706055,18.200000762939453,18.200000762939453,3303.0
2024-10-25 14:16:00+00:00,CLSK,11.470000267028809,11.470000267028809,11.539899826049805,11.470000267028809,11.515000343322754,248317.0
2024-10-25 14:16:00+00:00,CNDT,3.619999885559082,3.619999885559082,3.619999885559082,3.619999885559082,3.619999885559082,1225.0
2024-10-25 14:16:00+00:00,CNXC,44.41999816894531,44.41999816894531,44.41999816894531,44.41999816894531,44.41999816894531,1064.0
2024-10-25 14:16:00+00:00,COHR,95.2750015258789,95.2750015258789,95.33070373535156,95.2699966430664,95.31999969482422,1233.0
2024-10-25 14:16:00+00:00,COHU,25.920000076293945,25.920000076293945,25.920000076293945,25.920000076293945,25.920000076293945,448.0
2024-10-25 14:16:00+00:00,COIN,205.88999938964844,205.88999938964844,207.1898956298828,205.8000030517578,206.77000427246094,40132.0
2024-10-25 14:16:00+00:00,COMM,6.244999885559082,6.244999885559082,6.244999885559082,6.244999885559082,6.244999885559082,834.0
2024-10-25 14:16:00+00:00,CORZ,13.3100004196167,13.3100004196167,13.3100004196167,13.28499984741211,13.28499984741211,19635.0
2024-10-25 14:16:00+00:00,CRDO,39.0099983215332,39.0099983215332,39.09000015258789,39.0099983215332,39.040000915527344,2437.0
2024-10-25 14:16:00+00:00,CRNC,2.924999952316284,2.924999952316284,2.924999952316284,2.924999952316284,2.924999952316284,193.0
2024-10-25 14:16:00+00:00,CRWD,296.4649963378906,296.4649963378906,297.19000244140625,296.4649963378906,296.54998779296875,13462.0
2024-10-25 14:16:00+00:00,CSCO,55.71500015258789,55.71500015258789,55.7400016784668,55.71500015258789,55.724998474121094,11253.0
2024-10-25 14:16:00+00:00,CSGS,47.369998931884766,47.369998931884766,47.369998931884766,47.369998931884766,47.369998931884766,281.0
2024-10-25 14:16:00+00:00,CSIQ,13.279999732971191,13.279999732971191,13.279999732971191,13.265000343322754,13.265000343322754,3294.0
2024-10-25 14:16:00+00:00,CTLP,8.85420036315918,8.85420036315918,8.85420036315918,8.85420036315918,8.85420036315918,517.0
2024-10-25 14:16:00+00:00,CTSH,74.69499969482422,74.69499969482422,74.73999786376953,74.69499969482422,74.73509979248047,3432.0
2024-10-25 14:16:00+00:00,CVLT,134.32000732421875,134.32000732421875,134.32000732421875,134.32000732421875,134.32000732421875,634.0
2024-10-25 14:16:00+00:00,DAKT,13.010000228881836,13.010000228881836,13.010000228881836,13.010000228881836,13.010000228881836,268.0
2024-10-25 14:16:00+00:00,DBX,25.954999923706055,25.954999923706055,25.96500015258789,25.950000762939453,25.96500015258789,7771.0
2024-10-25 14:16:00+00:00,DDOG,126.20999908447266,126.20999908447266,126.2750015258789,126.20999908447266,126.2750015258789,1140.0
2024-10-25 14:16:00+00:00,DLO,8.835000038146973,8.835000038146973,8.835599899291992,8.835000038146973,8.835599899291992,870.0
2024-10-25 14:16:00+00:00,DOCU,68.9800033569336,68.9800033569336,69.02999877929688,68.9749984741211,69.0,6718.0
2024-10-25 14:16:00+00:00,EEFT,99.6500015258789,99.6500015258789,99.6500015258789,99.63999938964844,99.6449966430664,480.0
2024-10-25 14:16:00+00:00,ENPH,83.05000305175781,83.05000305175781,83.08999633789062,82.96009826660156,83.08989715576172,8150.0
2024-10-25 14:16:00+00:00,ENTG,104.68000030517578,104.68000030517578,104.80000305175781,104.68000030517578,104.80000305175781,2769.0
2024-10-25 14:16:00+00:00,ERIC,8.454999923706055,8.454999923706055,8.460000038146973,8.454999923706055,8.460000038146973,5756.0
2024-10-25 14:16:00+00:00,EXLS,38.7400016784668,38.7400016784668,38.7599983215332,38.720001220703125,38.7400016784668,3170.0
2024-10-25 14:16:00+00:00,EXTR,14.354999542236328,14.354999542236328,14.354999542236328,14.335000038146973,14.34000015258789,7560.0
2024-10-25 14:16:00+00:00,FIVN,29.779600143432617,29.779600143432617,29.790000915527344,29.7549991607666,29.760000228881836,3478.0
2024-10-25 14:16:00+00:00,FLEX,35.11899948120117,35.11899948120117,35.11899948120117,35.11000061035156,35.11000061035156,1046.0
2024-10-25 14:16:00+00:00,FLYW,17.325000762939453,17.325000762939453,17.3700008392334,17.325000762939453,17.3700008392334,1377.0
2024-10-25 14:16:00+00:00,FORM,44.689998626708984,44.689998626708984,44.689998626708984,44.689998626708984,44.689998626708984,986.0
2024-10-25 14:16:00+00:00,FROG,29.225000381469727,29.225000381469727,29.225000381469727,29.225000381469727,29.225000381469727,413.0
2024-10-25 14:16:00+00:00,FRSH,11.604999542236328,11.604999542236328,11.609999656677246,11.604999542236328,11.609999656677246,2810.0
2024-10-25 14:16:00+00:00,FSLR,197.75,197.75,197.8939971923828,197.75,197.8939971923828,1392.0
2024-10-25 14:16:00+00:00,FTCI,0.6500999927520752,0.6500999927520752,0.6500999927520752,0.6500999927520752,0.6500999927520752,800.0
2024-10-25 14:16:00+00:00,FTFT,0.3199999928474426,0.3199999928474426,0.3199999928474426,0.3199999928474426,0.3199999928474426,0.0
2024-10-25 14:16:00+00:00,FTNT,80.5,80.5,80.52999877929688,80.5,80.52999877929688,2376.0
2024-10-25 14:16:00+00:00,GCT,24.6200008392334,24.6200008392334,24.6299991607666,24.6200008392334,24.6299991607666,396.0
2024-10-25 14:16:00+00:00,GDS,21.290000915527344,21.290000915527344,21.290000915527344,21.290000915527344,21.290000915527344,483.0
2024-10-25 14:16:00+00:00,GDYN,15.550000190734863,15.550000190734863,15.550000190734863,15.524999618530273,15.524999618530273,259.0
2024-10-25 14:16:00+00:00,GFS,40.59000015258789,40.59000015258789,40.619998931884766,40.59000015258789,40.619998931884766,1090.0
2024-10-25 14:16:00+00:00,GILT,4.920000076293945,4.920000076293945,4.920000076293945,4.920000076293945,4.920000076293945,285.0
2024-10-25 14:16:00+00:00,GRAB,4.079999923706055,4.079999923706055,4.079999923706055,4.071599960327148,4.079899787902832,32794.0
2024-10-25 14:16:00+00:00,HCP,33.665000915527344,33.665000915527344,33.66999816894531,33.665000915527344,33.665000915527344,1139.0
2024-10-25 14:16:00+00:00,HIMX,6.150000095367432,6.150000095367432,6.1554999351501465,6.150000095367432,6.1554999351501465,2785.0
2024-10-25 14:16:00+00:00,HOLO,3.5799999237060547,3.5799999237060547,3.5799999237060547,3.569999933242798,3.569999933242798,3141.0
2024-10-25 14:16:00+00:00,HOOD,27.043699264526367,27.043699264526367,27.09000015258789,27.040000915527344,27.075000762939453,12705.0
2024-10-25 14:16:00+00:00,IDAI,0.21539999544620514,0.21539999544620514,0.2175000011920929,0.21539999544620514,0.21739999949932098,38457.0
2024-10-25 14:16:00+00:00,IIIV,22.84000015258789,22.84000015258789,22.850000381469727,22.84000015258789,22.850000381469727,1072.0
2024-10-25 14:16:00+00:00,IMMR,8.680000305175781,8.680000305175781,8.680000305175781,8.680000305175781,8.680000305175781,496.0
2024-10-25 14:16:00+00:00,IMXI,17.579999923706055,17.579999923706055,17.579999923706055,17.579999923706055,17.579999923706055,438.0
2024-10-25 14:16:00+00:00,INDI,3.505000114440918,3.505000114440918,3.505000114440918,3.505000114440918,3.505000114440918,842.0
2024-10-25 14:16:00+00:00,INTA,50.150001525878906,50.150001525878906,50.15999984741211,50.150001525878906,50.15999984741211,693.0
2024-10-25 14:16:00+00:00,INTC,22.790000915527344,22.790000915527344,22.809999465942383,22.780000686645508,22.80660057067871,75953.0
2024-10-25 14:16:00+00:00,INTU,608.9949951171875,608.9949951171875,609.2525024414062,608.9949951171875,609.2525024414062,1037.0
2024-10-25 14:16:00+00:00,INTZ,0.7170000076293945,0.7170000076293945,0.7170000076293945,0.7152000069618225,0.7152000069618225,400.0
2024-10-25 14:16:00+00:00,JKHY,182.51499938964844,182.51499938964844,182.51499938964844,182.51499938964844,182.51499938964844,106.0
2024-10-25 14:16:00+00:00,KC,2.684999942779541,2.684999942779541,2.684999942779541,2.680000066757202,2.680000066757202,650.0
2024-10-25 14:16:00+00:00,KLAC,675.989990234375,675.989990234375,675.989990234375,675.2999877929688,675.2999877929688,756.0
2024-10-25 14:16:00+00:00,KLIC,44.31999969482422,44.31999969482422,44.31999969482422,44.31999969482422,44.31999969482422,908.0
2024-10-25 14:16:00+00:00,KOPN,0.7777000069618225,0.7777000069618225,0.7777000069618225,0.7777000069618225,0.7777000069618225,329.0
2024-10-25 14:16:00+00:00,LITE,64.19000244140625,64.19000244140625,64.21499633789062,64.19000244140625,64.21499633789062,566.0
2024-10-25 14:16:00+00:00,LPSN,1.159999966621399,1.159999966621399,1.159999966621399,1.159999966621399,1.159999966621399,232.0
2024-10-25 14:16:00+00:00,LRCX,78.41000366210938,78.41000366210938,78.48999786376953,78.41000366210938,78.46499633789062,11506.0
2024-10-25 14:16:00+00:00,LSAK,5.300000190734863,5.300000190734863,5.300000190734863,5.300000190734863,5.300000190734863,585.0
2024-10-25 14:16:00+00:00,LSCC,54.08000183105469,54.08000183105469,54.10749816894531,54.08000183105469,54.10749816894531,1224.0
2024-10-25 14:16:00+00:00,LTRX,4.105000019073486,4.105000019073486,4.105000019073486,4.105000019073486,4.105000019073486,304.0
2024-10-25 14:16:00+00:00,LYFT,13.704999923706055,13.704999923706055,13.710000038146973,13.703100204467773,13.703100204467773,3705.0
2024-10-25 14:16:00+00:00,MANH,275.2749938964844,275.2749938964844,275.2749938964844,275.2749938964844,275.2749938964844,1371.0
2024-10-25 14:16:00+00:00,MCHP,76.5,76.5,76.55000305175781,76.5,76.52999877929688,7123.0
2024-10-25 14:16:00+00:00,MKSI,101.16000366210938,101.16000366210938,101.16000366210938,101.16000366210938,101.16000366210938,583.0
2024-10-25 14:16:00+00:00,MKTW,0.589900016784668,0.589900016784668,0.589900016784668,0.5884000062942505,0.5884000062942505,10202.0
2024-10-25 14:16:00+00:00,MNDY,299.69000244140625,299.69000244140625,299.69000244140625,299.69000244140625,299.69000244140625,439.0
2024-10-25 14:16:00+00:00,MPWR,910.0150146484375,910.0150146484375,910.27001953125,910.0150146484375,910.27001953125,1231.0
2024-10-25 14:16:00+00:00,MQ,5.275000095367432,5.275000095367432,5.28000020980835,5.275000095367432,5.275000095367432,1933.0
2024-10-25 14:16:00+00:00,MRVL,82.0999984741211,82.0999984741211,82.17500305175781,82.0999984741211,82.17500305175781,3490.0
2024-10-25 14:16:00+00:00,MSFT,428.04998779296875,428.04998779296875,428.2449951171875,427.9700012207031,428.1700134277344,16352.0
2024-10-25 14:16:00+00:00,MSTR,232.75,232.75,234.1999969482422,232.75,234.02999877929688,69104.0
2024-10-25 14:16:00+00:00,MTLS,5.909999847412109,5.909999847412109,5.909999847412109,5.909999847412109,5.909999847412109,114.0
2024-10-25 14:16:00+00:00,MTTR,4.59499979019165,4.59499979019165,4.59499979019165,4.59499979019165,4.59499979019165,2307.0
2024-10-25 14:16:00+00:00,MU,108.14990234375,108.14990234375,108.22000122070312,108.12000274658203,108.1500015258789,25924.0
2024-10-25 14:16:00+00:00,MXL,14.789999961853027,14.789999961853027,14.789999961853027,14.789999961853027,14.789999961853027,878.0
2024-10-25 14:16:00+00:00,NCNO,37.689998626708984,37.689998626708984,37.689998626708984,37.689998626708984,37.689998626708984,1229.0
2024-10-25 14:16:00+00:00,NICE,174.52000427246094,174.52000427246094,174.52000427246094,174.52000427246094,174.52000427246094,265.0
2024-10-25 14:16:00+00:00,NTNX,62.064998626708984,62.064998626708984,62.0724983215332,62.040000915527344,62.0724983215332,1425.0
2024-10-25 14:16:00+00:00,NVDA,141.4149932861328,141.4149932861328,141.64840698242188,141.39500427246094,141.4300994873047,652427.0
2024-10-25 14:16:00+00:00,NVEI,33.5,33.5,33.5,33.494998931884766,33.494998931884766,1371.0
2024-10-25 14:16:00+00:00,NVTS,2.5299999713897705,2.5299999713897705,2.5299999713897705,2.5299999713897705,2.5299999713897705,183.0
2024-10-25 14:16:00+00:00,NXPI,243.3300018310547,243.3300018310547,243.44000244140625,243.3000030517578,243.4199981689453,2924.0
2024-10-25 14:16:00+00:00,ON,71.30000305175781,71.30000305175781,71.36000061035156,71.27999877929688,71.33000183105469,11701.0
2024-10-25 14:16:00+00:00,ONDS,0.8407999873161316,0.8407999873161316,0.8407999873161316,0.8403000235557556,0.8403000235557556,5000.0
2024-10-25 14:16:00+00:00,OSIS,135.15499877929688,135.15499877929688,135.15499877929688,135.15499877929688,135.15499877929688,597.0
2024-10-25 14:16:00+00:00,OTEX,33.290000915527344,33.290000915527344,33.29499816894531,33.290000915527344,33.29499816894531,609.0
2024-10-25 14:16:00+00:00,PAYO,8.300000190734863,8.300000190734863,8.300000190734863,8.295000076293945,8.300000190734863,8840.0
2024-10-25 14:16:00+00:00,PDFS,29.135000228881836,29.135000228881836,29.135000228881836,29.135000228881836,29.135000228881836,455.0
2024-10-25 14:16:00+00:00,PEGA,79.33999633789062,79.33999633789062,79.33999633789062,79.33999633789062,79.33999633789062,211.0
2024-10-25 14:16:00+00:00,PGY,11.760000228881836,11.760000228881836,11.760000228881836,11.760000228881836,11.760000228881836,413.0
2024-10-25 14:16:00+00:00,PHUN,10.229999542236328,10.229999542236328,10.300000190734863,10.220199584960938,10.229999542236328,20902.0
2024-10-25 14:16:00+00:00,PI,201.7799072265625,201.7799072265625,201.7799072265625,201.55499267578125,201.55499267578125,210.0
2024-10-25 14:16:00+00:00,POET,3.825000047683716,3.825000047683716,3.825000047683716,3.825000047683716,3.825000047683716,720.0
2024-10-25 14:16:00+00:00,POWI,63.44499969482422,63.44499969482422,63.44499969482422,63.44499969482422,63.44499969482422,441.0
2024-10-25 14:16:00+00:00,PRCH,1.2949999570846558,1.2949999570846558,1.2949999570846558,1.2949999570846558,1.2949999570846558,448.0
2024-10-25 14:16:00+00:00,PTC,186.49000549316406,186.49000549316406,186.49000549316406,186.42250061035156,186.42250061035156,515.0
2024-10-25 14:16:00+00:00,PYCR,14.274999618530273,14.274999618530273,14.274999618530273,14.274999618530273,14.274999618530273,790.0
2024-10-25 14:16:00+00:00,QCOM,171.10000610351562,171.10000610351562,171.218994140625,171.10000610351562,171.1699981689453,7987.0
2024-10-25 14:16:00+00:00,QRVO,99.75,99.75,99.8499984741211,99.75,99.8499984741211,3053.0
2024-10-25 14:16:00+00:00,RCAT,2.759999990463257,2.759999990463257,2.759999990463257,2.759999990463257,2.759999990463257,257.0
2024-10-25 14:16:00+00:00,REKR,1.0850000381469727,1.0850000381469727,1.0850000381469727,1.0850000381469727,1.0850000381469727,1826.0
2024-10-25 14:16:00+00:00,RELY,14.880000114440918,14.880000114440918,14.880000114440918,14.880000114440918,14.880000114440918,116.0
2024-10-25 14:16:00+00:00,RGTI,1.2200000286102295,1.2200000286102295,1.2200000286102295,1.2100000381469727,1.2100000381469727,59816.0
2024-10-25 14:16:00+00:00,RIOT,9.739899635314941,9.739899635314941,9.779999732971191,9.739899635314941,9.770000457763672,53163.0
2024-10-25 14:16:00+00:00,RMBS,43.224998474121094,43.224998474121094,43.224998474121094,43.22249984741211,43.22249984741211,371.0
2024-10-25 14:16:00+00:00,RMNI,1.7200000286102295,1.7200000286102295,1.7200000286102295,1.7200000286102295,1.7200000286102295,176.0
2024-10-25 14:16:00+00:00,RPAY,7.590000152587891,7.590000152587891,7.590000152587891,7.590000152587891,7.590000152587891,1157.0
2024-10-25 14:16:00+00:00,RUM,5.724999904632568,5.724999904632568,5.724999904632568,5.715000152587891,5.715000152587891,8832.0
2024-10-25 14:16:00+00:00,RUN,14.229999542236328,14.229999542236328,14.234999656677246,14.229999542236328,14.234999656677246,2820.0
2024-10-25 14:16:00+00:00,SATS,25.1299991607666,25.1299991607666,25.139999389648438,25.1299991607666,25.139999389648438,1494.0
2024-10-25 14:16:00+00:00,SCWX,8.369999885559082,8.369999885559082,8.369999885559082,8.369999885559082,8.369999885559082,1152.0
2024-10-25 14:16:00+00:00,SEDG,15.85990047454834,15.85990047454834,15.859999656677246,15.820599555969238,15.820599555969238,35785.0
2024-10-25 14:16:00+00:00,SHLS,5.244999885559082,5.244999885559082,5.244999885559082,5.244999885559082,5.244999885559082,1330.0
2024-10-25 14:16:00+00:00,SIMO,56.459999084472656,56.459999084472656,56.459999084472656,56.459999084472656,56.459999084472656,480.0
2024-10-25 14:16:00+00:00,SKYT,10.5600004196167,10.5600004196167,10.5600004196167,10.5600004196167,10.5600004196167,2690.0
2024-10-25 14:16:00+00:00,SLAB,114.25,114.25,114.26000213623047,114.25,114.26000213623047,1905.0
2024-10-25 14:16:00+00:00,SMCI,47.060001373291016,47.060001373291016,47.10200119018555,47.043701171875,47.08000183105469,37957.0
2024-10-25 14:16:00+00:00,SMTC,45.64500045776367,45.64500045776367,45.709999084472656,45.64500045776367,45.65999984741211,923.0
2024-10-25 14:16:00+00:00,SNPS,502.3299865722656,502.3299865722656,502.3299865722656,502.3299865722656,502.3299865722656,688.0
2024-10-25 14:16:00+00:00,SONO,12.6899995803833,12.6899995803833,12.704999923706055,12.6899995803833,12.704999923706055,1859.0
2024-10-25 14:16:00+00:00,SOUN,5.165299892425537,5.165299892425537,5.165999889373779,5.159999847412109,5.164999961853027,3634.0
2024-10-25 14:16:00+00:00,SPSC,172.9949951171875,172.9949951171875,172.9949951171875,172.95989990234375,172.95989990234375,1734.0
2024-10-25 14:16:00+00:00,SSNC,69.625,69.625,69.625,69.58000183105469,69.58999633789062,9369.0
2024-10-25 14:16:00+00:00,SSTI,11.255000114440918,11.255000114440918,11.255000114440918,11.255000114440918,11.255000114440918,251.0
2024-10-25 14:16:00+00:00,SSYS,7.034999847412109,7.034999847412109,7.034999847412109,7.034999847412109,7.034999847412109,402.0
2024-10-25 14:16:00+00:00,STNE,11.5600004196167,11.5600004196167,11.5600004196167,11.555000305175781,11.5600004196167,5893.0
2024-10-25 14:16:00+00:00,STX,103.23999786376953,103.23999786376953,103.37000274658203,103.23999786376953,103.37000274658203,2163.0
2024-10-25 14:16:00+00:00,SVRE,0.07810000330209732,0.07810000330209732,0.07819999754428864,0.0771000012755394,0.07720000296831131,164229.0
2024-10-25 14:16:00+00:00,SWKS,95.92500305175781,95.92500305175781,95.92500305175781,95.92500305175781,95.92500305175781,206.0
2024-10-25 14:16:00+00:00,TACT,4.170000076293945,4.170000076293945,4.170000076293945,4.170000076293945,4.170000076293945,101.0
2024-10-25 14:16:00+00:00,TEAM,189.27000427246094,189.27000427246094,189.3699951171875,189.22500610351562,189.3699951171875,3104.0
2024-10-25 14:16:00+00:00,TENB,41.625,41.625,41.625,41.625,41.625,165.0
2024-10-25 14:16:00+00:00,TER,112.22000122070312,112.22000122070312,112.24749755859375,112.18499755859375,112.18499755859375,5505.0
2024-10-25 14:16:00+00:00,TLS,3.5850000381469727,3.5850000381469727,3.5850000381469727,3.5850000381469727,3.5850000381469727,663.0
2024-10-25 14:16:00+00:00,TRMB,60.81999969482422,60.81999969482422,60.86000061035156,60.81999969482422,60.86000061035156,640.0
2024-10-25 14:16:00+00:00,TTD,118.51200103759766,118.51200103759766,118.5199966430664,118.45999908447266,118.4800033569336,1589.0
2024-10-25 14:16:00+00:00,TWKS,4.449999809265137,4.449999809265137,4.449999809265137,4.440000057220459,4.440000057220459,5899.0
2024-10-25 14:16:00+00:00,TXN,207.24000549316406,207.24000549316406,207.52000427246094,207.24000549316406,207.50999450683594,28386.0
2024-10-25 14:16:00+00:00,UCTT,35.66999816894531,35.66999816894531,35.70000076293945,35.66999816894531,35.68000030517578,1597.0
2024-10-25 14:16:00+00:00,VECO,29.290000915527344,29.290000915527344,29.290000915527344,29.290000915527344,29.290000915527344,674.0
2024-10-25 14:16:00+00:00,VERB,10.489999771118164,10.489999771118164,10.489999771118164,10.489999771118164,10.489999771118164,5382.0
2024-10-25 14:16:00+00:00,VERI,3.3801000118255615,3.3801000118255615,3.3801000118255615,3.3801000118255615,3.3801000118255615,1272.0
2024-10-25 14:16:00+00:00,VIAV,9.199999809265137,9.199999809265137,9.210000038146973,9.199999809265137,9.210000038146973,2372.0
2024-10-25 14:16:00+00:00,VMEO,4.730000019073486,4.730000019073486,4.730000019073486,4.730000019073486,4.730000019073486,431.0
2024-10-25 14:16:00+00:00,VNET,3.4049999713897705,3.4049999713897705,3.4049999713897705,3.4049999713897705,3.4049999713897705,800.0
2024-10-25 14:16:00+00:00,VRNS,56.70000076293945,56.70000076293945,56.720001220703125,56.70000076293945,56.720001220703125,636.0
2024-10-25 14:16:00+00:00,VSAT,10.149999618530273,10.149999618530273,10.154999732971191,10.149999618530273,10.154999732971191,1709.0
2024-10-25 14:16:00+00:00,WALD,3.549999952316284,3.549999952316284,3.549999952316284,3.549999952316284,3.549999952316284,100.0
2024-10-25 14:16:00+00:00,WDAY,238.73500061035156,238.73500061035156,238.73500061035156,238.6999969482422,238.6999969482422,1390.0
2024-10-25 14:16:00+00:00,WDC,69.8499984741211,69.8499984741211,70.01000213623047,69.8499984741211,69.98999786376953,9455.0
2024-10-25 14:16:00+00:00,WISA,2.0201001167297363,2.0201001167297363,2.0299999713897705,2.0201001167297363,2.0253000259399414,8407.0
2024-10-25 14:16:00+00:00,WIX,164.92999267578125,164.92999267578125,164.92999267578125,164.74000549316406,164.74000549316406,1606.0
2024-10-25 14:16:00+00:00,WLDS,3.440000057220459,3.440000057220459,3.450000047683716,3.440000057220459,3.450000047683716,4166.0
2024-10-25 14:16:00+00:00,XELA,1.9900000095367432,1.9900000095367432,1.9900000095367432,1.9800000190734863,1.9800000190734863,1311.0
2024-10-25 14:16:00+00:00,XPER,9.380000114440918,9.380000114440918,9.380000114440918,9.380000114440918,9.380000114440918,563.0
2024-10-25 14:16:00+00:00,XRX,9.9399995803833,9.9399995803833,9.944999694824219,9.9399995803833,9.944999694824219,1449.0
2024-10-25 14:16:00+00:00,ZI,10.489999771118164,10.489999771118164,10.489999771118164,10.489999771118164,10.489999771118164,1149.0
2024-10-25 14:16:00+00:00,ZM,72.80000305175781,72.80000305175781,72.80000305175781,72.79499816894531,72.79499816894531,2083.0
2024-10-25 14:16:00+00:00,ZS,184.69000244140625,184.69000244140625,184.69000244140625,184.5500030517578,184.61000061035156,1239.0
2024-10-25 14:17:00+00:00,AAOI,17.629899978637695,17.629899978637695,17.639999389648438,17.610000610351562,17.639999389648438,2265.0
2024-10-25 14:17:00+00:00,AAPL,231.49000549316406,231.49000549316406,231.5500030517578,231.47000122070312,231.52999877929688,45147.0
2024-10-25 14:17:00+00:00,ACMR,19.578500747680664,19.578500747680664,19.578500747680664,19.576000213623047,19.576000213623047,643.0
2024-10-25 14:17:00+00:00,ADBE,483.7699890136719,483.7699890136719,483.7699890136719,483.70001220703125,483.7099914550781,3389.0
2024-10-25 14:17:00+00:00,ADI,231.15199279785156,231.15199279785156,231.15199279785156,230.9300994873047,230.9300994873047,997.0
2024-10-25 14:17:00+00:00,ADSK,285.82000732421875,285.82000732421875,285.82000732421875,285.760009765625,285.7925109863281,960.0
2024-10-25 14:17:00+00:00,AEHR,16.670000076293945,16.670000076293945,16.670000076293945,16.655399322509766,16.655399322509766,937.0
2024-10-25 14:17:00+00:00,AFRM,41.23939895629883,41.23939895629883,41.27000045776367,41.23939895629883,41.25,7989.0
2024-10-25 14:17:00+00:00,AGYS,110.75,110.75,110.75,110.75,110.75,139.0
2024-10-25 14:17:00+00:00,AKAM,101.94000244140625,101.94000244140625,101.94000244140625,101.91999816894531,101.91999816894531,1506.0
2024-10-25 14:17:00+00:00,ALGM,22.950000762939453,22.950000762939453,22.969999313354492,22.950000762939453,22.969999313354492,3079.0
2024-10-25 14:17:00+00:00,ALLT,3.4254000186920166,3.4254000186920166,3.4254000186920166,3.4254000186920166,3.4254000186920166,324.0
2024-10-25 14:17:00+00:00,ALRM,54.45000076293945,54.45000076293945,54.45000076293945,54.45000076293945,54.45000076293945,545.0
2024-10-25 14:17:00+00:00,ALTR,103.61000061035156,103.61000061035156,103.65499877929688,103.5999984741211,103.65499877929688,3347.0
2024-10-25 14:17:00+00:00,AMAT,186.97999572753906,186.97999572753906,186.97999572753906,186.94500732421875,186.94500732421875,1160.0
2024-10-25 14:17:00+00:00,AMD,156.14999389648438,156.14999389648438,156.19000244140625,156.12010192871094,156.1699981689453,29819.0
2024-10-25 14:17:00+00:00,AMPL,9.100000381469727,9.100000381469727,9.100000381469727,9.100000381469727,9.100000381469727,915.0
2024-10-25 14:17:00+00:00,API,2.880000114440918,2.880000114440918,2.884999990463257,2.875,2.884999990463257,4097.0
2024-10-25 14:17:00+00:00,APP,160.77000427246094,160.77000427246094,160.80499267578125,160.67999267578125,160.80499267578125,2928.0
2024-10-25 14:17:00+00:00,APPF,212.0,212.0,212.8300018310547,212.0,212.8300018310547,6948.0
2024-10-25 14:17:00+00:00,APPN,32.1349983215332,32.1349983215332,32.1349983215332,32.1349983215332,32.1349983215332,1051.0
2024-10-25 14:17:00+00:00,ARQQ,7.019999980926514,7.019999980926514,7.0320000648498535,7.019999980926514,7.0320000648498535,1066.0
2024-10-25 14:17:00+00:00,ARRY,6.380099773406982,6.380099773406982,6.389900207519531,6.363999843597412,6.369999885559082,55087.0
2024-10-25 14:17:00+00:00,ASML,713.7244262695312,713.7244262695312,713.7244262695312,713.1849975585938,713.2349853515625,4170.0
2024-10-25 14:17:00+00:00,ASNS,1.2999999523162842,1.2999999523162842,1.2999999523162842,1.2999999523162842,1.2999999523162842,300.0
2024-10-25 14:17:00+00:00,AUR,6.409999847412109,6.409999847412109,6.409999847412109,6.40500020980835,6.409999847412109,10883.0
2024-10-25 14:17:00+00:00,AVDX,8.045000076293945,8.045000076293945,8.045000076293945,8.045000076293945,8.045000076293945,1193.0
2024-10-25 14:17:00+00:00,AVGO,173.61000061035156,173.61000061035156,173.67999267578125,173.5800018310547,173.63999938964844,11260.0
2024-10-25 14:17:00+00:00,AXTI,2.6649999618530273,2.6649999618530273,2.6649999618530273,2.6649999618530273,2.6649999618530273,109.0
2024-10-25 14:17:00+00:00,BELFB,78.93000030517578,78.93000030517578,78.93000030517578,78.93000030517578,78.93000030517578,311.0
2024-10-25 14:17:00+00:00,BLZE,7.159999847412109,7.159999847412109,7.159999847412109,7.159999847412109,7.159999847412109,1808.0
2024-10-25 14:17:00+00:00,BMBL,7.105000019073486,7.105000019073486,7.114999771118164,7.105000019073486,7.110000133514404,1576.0
2024-10-25 14:17:00+00:00,BSY,49.154998779296875,49.154998779296875,49.154998779296875,49.13999938964844,49.13999938964844,959.0
2024-10-25 14:17:00+00:00,CAMP,10.920000076293945,10.920000076293945,10.920000076293945,10.920000076293945,10.920000076293945,111.0
2024-10-25 14:17:00+00:00,CAN,0.9714999794960022,0.9714999794960022,0.9739000201225281,0.9714999794960022,0.9735000133514404,5553.0
2024-10-25 14:17:00+00:00,CCSI,20.239999771118164,20.239999771118164,20.239999771118164,20.239999771118164,20.239999771118164,1446.0
2024-10-25 14:17:00+00:00,CDNS,257.80999755859375,257.80999755859375,257.80999755859375,257.7925109863281,257.7925109863281,1856.0
2024-10-25 14:17:00+00:00,CDW,218.02499389648438,218.02499389648438,218.02499389648438,218.02000427246094,218.02000427246094,562.0
2024-10-25 14:17:00+00:00,CFLT,22.540000915527344,22.540000915527344,22.549999237060547,22.53499984741211,22.540000915527344,2340.0
2024-10-25 14:17:00+00:00,CLSK,11.539999961853027,11.539999961853027,11.5600004196167,11.470100402832031,11.475000381469727,134368.0
2024-10-25 14:17:00+00:00,COIN,205.91000366210938,205.91000366210938,206.4499969482422,205.69000244140625,205.80999755859375,24075.0
2024-10-25 14:17:00+00:00,COMM,6.235000133514404,6.235000133514404,6.244999885559082,6.235000133514404,6.244999885559082,1728.0
2024-10-25 14:17:00+00:00,CORZ,13.289999961853027,13.289999961853027,13.31980037689209,13.279999732971191,13.31980037689209,12474.0
2024-10-25 14:17:00+00:00,CORZW,7.78000020980835,7.78000020980835,7.78000020980835,7.78000020980835,7.78000020980835,422.0
2024-10-25 14:17:00+00:00,CRCT,6.559999942779541,6.559999942779541,6.565000057220459,6.559999942779541,6.565000057220459,1199.0
2024-10-25 14:17:00+00:00,CRNC,2.9200000762939453,2.9200000762939453,2.9200000762939453,2.9200000762939453,2.9200000762939453,667.0
2024-10-25 14:17:00+00:00,CRUS,122.5999984741211,122.5999984741211,122.5999984741211,122.5999984741211,122.5999984741211,372.0
2024-10-25 14:17:00+00:00,CRWD,296.4100036621094,296.4100036621094,296.6099853515625,296.2200927734375,296.375,6389.0
2024-10-25 14:17:00+00:00,CSCO,55.724998474121094,55.724998474121094,55.72600173950195,55.71500015258789,55.71500015258789,7127.0
2024-10-25 14:17:00+00:00,CSGS,47.39500045776367,47.39500045776367,47.39500045776367,47.380001068115234,47.380001068115234,550.0
2024-10-25 14:17:00+00:00,CSIQ,13.271599769592285,13.271599769592285,13.289999961853027,13.271599769592285,13.289999961853027,1222.0
2024-10-25 14:17:00+00:00,CTSH,74.69999694824219,74.69999694824219,74.69999694824219,74.68499755859375,74.69999694824219,1198.0
2024-10-25 14:17:00+00:00,DAIO,2.5381999015808105,2.5381999015808105,2.5381999015808105,2.5381999015808105,2.5381999015808105,2066.0
2024-10-25 14:17:00+00:00,DAKT,13.0600004196167,13.0600004196167,13.0600004196167,13.020000457763672,13.024200439453125,6682.0
2024-10-25 14:17:00+00:00,DAVE,38.63999938964844,38.63999938964844,38.63999938964844,38.599998474121094,38.599998474121094,1341.0
2024-10-25 14:17:00+00:00,DBX,25.959999084472656,25.959999084472656,25.959999084472656,25.959999084472656,25.959999084472656,654.0
2024-10-25 14:17:00+00:00,DDOG,126.22000122070312,126.22000122070312,126.25,126.19000244140625,126.19000244140625,2513.0
2024-10-25 14:17:00+00:00,DGII,30.155000686645508,30.155000686645508,30.155000686645508,30.155000686645508,30.155000686645508,115.0
2024-10-25 14:17:00+00:00,DOCU,69.0999984741211,69.0999984741211,69.0999984741211,69.01000213623047,69.01000213623047,4974.0
2024-10-25 14:17:00+00:00,DOMO,8.010000228881836,8.010000228881836,8.020000457763672,8.010000228881836,8.020000457763672,984.0
2024-10-25 14:17:00+00:00,DSGX,104.06500244140625,104.06500244140625,104.06500244140625,104.06500244140625,104.06500244140625,164.0
2024-10-25 14:17:00+00:00,DUOL,288.0299987792969,288.0299987792969,288.05999755859375,288.0299987792969,288.05999755859375,346.0
2024-10-25 14:17:00+00:00,EMKR,2.119999885559082,2.119999885559082,2.119999885559082,2.119999885559082,2.119999885559082,549.0
2024-10-25 14:17:00+00:00,ENPH,83.0,83.0,83.15879821777344,83.0,83.02749633789062,7085.0
2024-10-25 14:17:00+00:00,ENTG,104.75,104.75,104.75,104.75,104.75,910.0
2024-10-25 14:17:00+00:00,ERIC,8.454999923706055,8.454999923706055,8.454999923706055,8.454999923706055,8.454999923706055,3868.0
2024-10-25 14:17:00+00:00,EXFY,1.725000023841858,1.725000023841858,1.725000023841858,1.7247999906539917,1.7247999906539917,3344.0
2024-10-25 14:17:00+00:00,EXLS,38.7400016784668,38.7400016784668,38.7400016784668,38.7400016784668,38.7400016784668,1278.0
2024-10-25 14:17:00+00:00,EXTR,14.345000267028809,14.345000267028809,14.350000381469727,14.345000267028809,14.350000381469727,1331.0
2024-10-25 14:17:00+00:00,FCUV,0.2603999972343445,0.2603999972343445,0.2603999972343445,0.2603999972343445,0.2603999972343445,290.0
2024-10-25 14:17:00+00:00,FFIV,215.97000122070312,215.97000122070312,216.0500030517578,215.97000122070312,216.0500030517578,460.0
2024-10-25 14:17:00+00:00,FIVN,29.790000915527344,29.790000915527344,29.790000915527344,29.780000686645508,29.780000686645508,2172.0
2024-10-25 14:17:00+00:00,FLEX,35.10499954223633,35.10499954223633,35.11000061035156,35.095001220703125,35.099998474121094,2808.0
2024-10-25 14:17:00+00:00,FLYW,17.309999465942383,17.309999465942383,17.309999465942383,17.309999465942383,17.309999465942383,1206.0
2024-10-25 14:17:00+00:00,FROG,29.219999313354492,29.219999313354492,29.219999313354492,29.209999084472656,29.209999084472656,896.0
2024-10-25 14:17:00+00:00,FRSH,11.600000381469727,11.600000381469727,11.600000381469727,11.600000381469727,11.600000381469727,417.0
2024-10-25 14:17:00+00:00,FSLR,197.8350067138672,197.8350067138672,197.8350067138672,197.8350067138672,197.8350067138672,724.0
2024-10-25 14:17:00+00:00,FTCI,0.6500999927520752,0.6500999927520752,0.6500999927520752,0.6500999927520752,0.6500999927520752,562.0
2024-10-25 14:17:00+00:00,FTNT,80.5250015258789,80.5250015258789,80.5250015258789,80.48999786376953,80.48999786376953,1480.0
2024-10-25 14:17:00+00:00,GCT,24.6299991607666,24.6299991607666,24.649900436401367,24.6299991607666,24.645999908447266,908.0
2024-10-25 14:17:00+00:00,GDS,21.290000915527344,21.290000915527344,21.290000915527344,21.290000915527344,21.290000915527344,3304.0
2024-10-25 14:17:00+00:00,GFS,40.58000183105469,40.58000183105469,40.58000183105469,40.57429885864258,40.57500076293945,1230.0
2024-10-25 14:17:00+00:00,GRAB,4.070099830627441,4.070099830627441,4.079999923706055,4.070099830627441,4.074999809265137,3692.0
2024-10-25 14:17:00+00:00,GTLB,55.31999969482422,55.31999969482422,55.31999969482422,55.31999969482422,55.31999969482422,157.0
2024-10-25 14:17:00+00:00,HCP,33.665000915527344,33.665000915527344,33.665000915527344,33.665000915527344,33.665000915527344,1238.0
2024-10-25 14:17:00+00:00,HLIT,14.739999771118164,14.739999771118164,14.739999771118164,14.739999771118164,14.739999771118164,103.0
2024-10-25 14:17:00+00:00,HOLO,3.569999933242798,3.569999933242798,3.569999933242798,3.568000078201294,3.568000078201294,2202.0
2024-10-25 14:17:00+00:00,HOOD,27.06999969482422,27.06999969482422,27.06999969482422,27.040000915527344,27.040000915527344,3800.0
2024-10-25 14:17:00+00:00,ICHR,27.489999771118164,27.489999771118164,27.520000457763672,27.489999771118164,27.520000457763672,422.0
2024-10-25 14:17:00+00:00,INDI,3.505000114440918,3.505000114440918,3.505000114440918,3.505000114440918,3.505000114440918,1056.0
2024-10-25 14:17:00+00:00,INFN,6.760000228881836,6.760000228881836,6.760000228881836,6.760000228881836,6.760000228881836,201.0
2024-10-25 14:17:00+00:00,INTA,50.14500045776367,50.14500045776367,50.14500045776367,50.1150016784668,50.119998931884766,1440.0
2024-10-25 14:17:00+00:00,INTC,22.774999618530273,22.774999618530273,22.780000686645508,22.770000457763672,22.780000686645508,32144.0
2024-10-25 14:17:00+00:00,INTU,608.6500244140625,608.6500244140625,608.6500244140625,608.6500244140625,608.6500244140625,722.0
2024-10-25 14:17:00+00:00,ITRI,102.52999877929688,102.52999877929688,102.62000274658203,102.52999877929688,102.62000274658203,334.0
2024-10-25 14:17:00+00:00,JAMF,16.709999084472656,16.709999084472656,16.709999084472656,16.709999084472656,16.709999084472656,1109.0
2024-10-25 14:17:00+00:00,JKHY,182.53799438476562,182.53799438476562,182.53799438476562,182.52000427246094,182.52000427246094,434.0
2024-10-25 14:17:00+00:00,KARO,40.099998474121094,40.099998474121094,40.099998474121094,40.099998474121094,40.099998474121094,106.0
2024-10-25 14:17:00+00:00,KC,2.684999942779541,2.684999942779541,2.684999942779541,2.684000015258789,2.684999942779541,657.0
2024-10-25 14:17:00+00:00,KLAC,674.9099731445312,674.9099731445312,674.9099731445312,674.9099731445312,674.9099731445312,1102.0
2024-10-25 14:17:00+00:00,LINK,4.690000057220459,4.690000057220459,4.690000057220459,4.690000057220459,4.690000057220459,582.0
2024-10-25 14:17:00+00:00,LITE,64.18499755859375,64.18499755859375,64.18499755859375,64.18499755859375,64.18499755859375,977.0
2024-10-25 14:17:00+00:00,LOGI,80.65550231933594,80.65550231933594,80.66280364990234,80.64679718017578,80.64679718017578,2260.0
2024-10-25 14:17:00+00:00,LRCX,78.37999725341797,78.37999725341797,78.41999816894531,78.37010192871094,78.4000015258789,11155.0
2024-10-25 14:17:00+00:00,LSCC,54.02000045776367,54.02000045776367,54.04999923706055,54.02000045776367,54.04999923706055,1562.0
2024-10-25 14:17:00+00:00,LTRX,4.090000152587891,4.090000152587891,4.099999904632568,4.090000152587891,4.099999904632568,435.0
2024-10-25 14:17:00+00:00,LYFT,13.699999809265137,13.699999809265137,13.699999809265137,13.694999694824219,13.699999809265137,14674.0
2024-10-25 14:17:00+00:00,MCHP,76.52999877929688,76.52999877929688,76.52999877929688,76.5,76.5,3053.0
2024-10-25 14:17:00+00:00,MDB,266.25,266.25,266.25,266.25,266.25,403.0
2024-10-25 14:17:00+00:00,MITK,8.75,8.75,8.75,8.75,8.75,642.0
2024-10-25 14:17:00+00:00,MKSI,101.06749725341797,101.06749725341797,101.07250213623047,101.06749725341797,101.07250213623047,765.0
2024-10-25 14:17:00+00:00,MKTW,0.5899999737739563,0.5899999737739563,0.5968999862670898,0.5875999927520752,0.5875999927520752,47871.0
2024-10-25 14:17:00+00:00,MNDY,299.69000244140625,299.69000244140625,299.69000244140625,299.69000244140625,299.69000244140625,1281.0
2024-10-25 14:17:00+00:00,MQ,5.28000020980835,5.28000020980835,5.28000020980835,5.275000095367432,5.28000020980835,1442.0
2024-10-25 14:17:00+00:00,MRAM,6.300000190734863,6.300000190734863,6.300000190734863,6.300000190734863,6.300000190734863,175.0
2024-10-25 14:17:00+00:00,MRVL,82.11499786376953,82.11499786376953,82.11499786376953,82.06999969482422,82.08000183105469,4222.0
2024-10-25 14:17:00+00:00,MSFT,428.1400146484375,428.1400146484375,428.1400146484375,427.989990234375,428.0299987792969,13680.0
2024-10-25 14:17:00+00:00,MSTR,233.5050048828125,233.5050048828125,233.74000549316406,232.67999267578125,232.89320373535156,52039.0
2024-10-25 14:17:00+00:00,MTTR,4.59499979019165,4.59499979019165,4.59499979019165,4.59499979019165,4.59499979019165,3467.0
2024-10-25 14:17:00+00:00,MU,108.06929779052734,108.06929779052734,108.13860321044922,108.05500030517578,108.13500213623047,42402.0
2024-10-25 14:17:00+00:00,MVIS,1.0750000476837158,1.0750000476837158,1.0750000476837158,1.0750000476837158,1.0750000476837158,12207.0
2024-10-25 14:17:00+00:00,MXL,14.770000457763672,14.770000457763672,14.779999732971191,14.770000457763672,14.779999732971191,1788.0
2024-10-25 14:17:00+00:00,NCNO,37.65999984741211,37.65999984741211,37.68000030517578,37.65999984741211,37.68000030517578,1366.0
2024-10-25 14:17:00+00:00,NICE,174.6199951171875,174.6199951171875,174.6199951171875,174.61000061035156,174.61000061035156,456.0
2024-10-25 14:17:00+00:00,NNDM,2.319999933242798,2.319999933242798,2.319999933242798,2.315000057220459,2.315999984741211,11486.0
2024-10-25 14:17:00+00:00,NTAP,119.74500274658203,119.74500274658203,119.74500274658203,119.74500274658203,119.74500274658203,214.0
2024-10-25 14:17:00+00:00,NTCT,20.600000381469727,20.600000381469727,20.600000381469727,20.600000381469727,20.600000381469727,1547.0
2024-10-25 14:17:00+00:00,NTNX,62.06999969482422,62.06999969482422,62.06999969482422,62.06999969482422,62.06999969482422,286.0
2024-10-25 14:17:00+00:00,NVDA,141.39500427246094,141.39500427246094,141.4499053955078,141.35000610351562,141.39999389648438,281965.0
2024-10-25 14:17:00+00:00,NVTS,2.524899959564209,2.524899959564209,2.5260000228881836,2.524899959564209,2.5250000953674316,841.0
2024-10-25 14:17:00+00:00,NXPI,243.21499633789062,243.21499633789062,243.21499633789062,243.21499633789062,243.21499633789062,2403.0
2024-10-25 14:17:00+00:00,OKTA,72.08000183105469,72.08000183105469,72.08999633789062,72.08000183105469,72.08999633789062,721.0
2024-10-25 14:17:00+00:00,ON,71.26000213623047,71.26000213623047,71.29000091552734,71.22000122070312,71.27999877929688,64119.0
2024-10-25 14:17:00+00:00,ONDS,0.840399980545044,0.840399980545044,0.840399980545044,0.840399980545044,0.840399980545044,4500.0
2024-10-25 14:17:00+00:00,OSPN,14.5,14.5,14.5,14.5,14.5,403.0
2024-10-25 14:17:00+00:00,PANW,367.0950012207031,367.0950012207031,367.0950012207031,366.9599914550781,367.010009765625,1622.0
2024-10-25 14:17:00+00:00,PAYO,8.305000305175781,8.305000305175781,8.305000305175781,8.305000305175781,8.305000305175781,798.0
2024-10-25 14:17:00+00:00,PCTY,173.16000366210938,173.16000366210938,173.16000366210938,173.16000366210938,173.16000366210938,1027.0
2024-10-25 14:17:00+00:00,PEGA,79.28500366210938,79.28500366210938,79.33999633789062,79.16999816894531,79.33999633789062,7213.0
2024-10-25 14:17:00+00:00,PGY,11.75,11.75,11.75,11.744999885559082,11.744999885559082,752.0
2024-10-25 14:17:00+00:00,PHUN,10.230999946594238,10.230999946594238,10.239999771118164,10.20009994506836,10.229999542236328,24602.0
2024-10-25 14:17:00+00:00,PI,201.55499267578125,201.55499267578125,201.55499267578125,201.55499267578125,201.55499267578125,1626.0
2024-10-25 14:17:00+00:00,PLAB,23.469999313354492,23.469999313354492,23.469999313354492,23.469999313354492,23.469999313354492,394.0
2024-10-25 14:17:00+00:00,PLXS,141.5399932861328,141.5399932861328,141.80499267578125,141.5399932861328,141.80499267578125,2003.0
2024-10-25 14:17:00+00:00,POET,3.819999933242798,3.819999933242798,3.819999933242798,3.819999933242798,3.819999933242798,1942.0
2024-10-25 14:17:00+00:00,PTC,186.42999267578125,186.42999267578125,186.42999267578125,186.30999755859375,186.30999755859375,795.0
2024-10-25 14:17:00+00:00,PUBM,14.6899995803833,14.6899995803833,14.6899995803833,14.6899995803833,14.6899995803833,323.0
2024-10-25 14:17:00+00:00,QCOM,171.1199951171875,171.1199951171875,171.1199951171875,171.0500946044922,171.07080078125,1021.0
2024-10-25 14:17:00+00:00,QRVO,99.70999908447266,99.70999908447266,99.73999786376953,99.70999908447266,99.73999786376953,2672.0
2024-10-25 14:17:00+00:00,RCAT,2.765000104904175,2.765000104904175,2.765000104904175,2.765000104904175,2.765000104904175,300.0
2024-10-25 14:17:00+00:00,REFR,2.190000057220459,2.190000057220459,2.190000057220459,2.190000057220459,2.190000057220459,587.0
2024-10-25 14:17:00+00:00,RELY,14.869999885559082,14.869999885559082,14.880000114440918,14.864999771118164,14.880000114440918,2665.0
2024-10-25 14:17:00+00:00,RIOT,9.748900413513184,9.748900413513184,9.748900413513184,9.729999542236328,9.729999542236328,23360.0
2024-10-25 14:17:00+00:00,RMBS,43.189998626708984,43.189998626708984,43.220001220703125,43.16999816894531,43.185001373291016,1018.0
2024-10-25 14:17:00+00:00,RMNI,1.7200000286102295,1.7200000286102295,1.7200000286102295,1.7200000286102295,1.7200000286102295,107.0
2024-10-25 14:17:00+00:00,RPD,38.650001525878906,38.650001525878906,38.650001525878906,38.650001525878906,38.650001525878906,427.0
2024-10-25 14:17:00+00:00,RUM,5.75,5.75,5.75,5.724999904632568,5.724999904632568,6839.0
2024-10-25 14:17:00+00:00,RUN,14.220000267028809,14.220000267028809,14.234999656677246,14.220000267028809,14.229999542236328,4895.0
2024-10-25 14:17:00+00:00,RXT,2.4800000190734863,2.4800000190734863,2.4800000190734863,2.4800000190734863,2.4800000190734863,535.0
2024-10-25 14:17:00+00:00,SANM,67.43000030517578,67.43000030517578,67.43000030517578,67.43000030517578,67.43000030517578,711.0
2024-10-25 14:17:00+00:00,SATS,25.1200008392334,25.1200008392334,25.1299991607666,25.1200008392334,25.1200008392334,2557.0
2024-10-25 14:17:00+00:00,SEDG,15.842100143432617,15.842100143432617,15.859999656677246,15.842100143432617,15.850000381469727,0.0
2024-10-25 14:17:00+00:00,SHLS,5.244999885559082,5.244999885559082,5.248000144958496,5.244999885559082,5.248000144958496,1254.0
2024-10-25 14:17:00+00:00,SIMO,56.45000076293945,56.45000076293945,56.459999084472656,56.41999816894531,56.459999084472656,1148.0
2024-10-25 14:17:00+00:00,SLNH,3.910099983215332,3.910099983215332,3.910099983215332,3.910099983215332,3.910099983215332,0.0
2024-10-25 14:17:00+00:00,SMCI,47.01499938964844,47.01499938964844,47.04999923706055,47.0099983215332,47.04690170288086,33381.0
2024-10-25 14:17:00+00:00,SMTC,45.595001220703125,45.595001220703125,45.595001220703125,45.595001220703125,45.595001220703125,534.0
2024-10-25 14:17:00+00:00,SNPS,501.8999938964844,501.8999938964844,502.7598876953125,501.8999938964844,502.7598876953125,4202.0
2024-10-25 14:17:00+00:00,SOUN,5.159999847412109,5.159999847412109,5.170000076293945,5.159999847412109,5.164999961853027,12645.0
2024-10-25 14:17:00+00:00,SPSC,173.0,173.0,173.0,172.9949951171875,172.9949951171875,844.0
2024-10-25 14:17:00+00:00,SRAD,12.369999885559082,12.369999885559082,12.375,12.369999885559082,12.375,3738.0
2024-10-25 14:17:00+00:00,SSNC,69.5999984741211,69.5999984741211,69.625,69.59500122070312,69.625,4151.0
2024-10-25 14:17:00+00:00,SSYS,7.034999847412109,7.034999847412109,7.034999847412109,7.034999847412109,7.034999847412109,377.0
2024-10-25 14:17:00+00:00,STNE,11.5649995803833,11.5649995803833,11.569999694824219,11.550000190734863,11.550000190734863,10654.0
2024-10-25 14:17:00+00:00,STX,103.19000244140625,103.19000244140625,103.23999786376953,103.19000244140625,103.23999786376953,2151.0
2024-10-25 14:17:00+00:00,SVRE,0.07819999754428864,0.07819999754428864,0.07819999754428864,0.07699999958276749,0.07699999958276749,29613.0
2024-10-25 14:17:00+00:00,SWKS,95.94999694824219,95.94999694824219,95.94999694824219,95.91000366210938,95.91000366210938,710.0
2024-10-25 14:17:00+00:00,SYTA,1.2999999523162842,1.2999999523162842,1.2999999523162842,1.2999999523162842,1.2999999523162842,824.0
2024-10-25 14:17:00+00:00,TENB,41.6349983215332,41.6349983215332,41.6349983215332,41.6349983215332,41.6349983215332,930.0
2024-10-25 14:17:00+00:00,TER,112.20999908447266,112.20999908447266,112.22000122070312,112.18000030517578,112.19000244140625,2809.0
2024-10-25 14:17:00+00:00,TLS,3.5799999237060547,3.5799999237060547,3.5799999237060547,3.5799999237060547,3.5799999237060547,947.0
2024-10-25 14:17:00+00:00,TRMB,60.81999969482422,60.81999969482422,60.81999969482422,60.79999923706055,60.814998626708984,2002.0
2024-10-25 14:17:00+00:00,TTD,118.44000244140625,118.44000244140625,118.5,118.44000244140625,118.5,1523.0
2024-10-25 14:17:00+00:00,TWKS,4.449999809265137,4.449999809265137,4.449999809265137,4.440000057220459,4.440000057220459,1003.0
2024-10-25 14:17:00+00:00,TXN,207.14999389648438,207.14999389648438,207.2100067138672,207.1199951171875,207.16000366210938,2017.0
2024-10-25 14:17:00+00:00,VCSA,2.369999885559082,2.369999885559082,2.369999885559082,2.369999885559082,2.369999885559082,305.0
2024-10-25 14:17:00+00:00,VECO,29.260000228881836,29.260000228881836,29.260000228881836,29.260000228881836,29.260000228881836,802.0
2024-10-25 14:17:00+00:00,VERI,3.390000104904175,3.390000104904175,3.390000104904175,3.390000104904175,3.390000104904175,102.0
2024-10-25 14:17:00+00:00,VIAV,9.1899995803833,9.1899995803833,9.1899995803833,9.1899995803833,9.1899995803833,584.0
2024-10-25 14:17:00+00:00,VICR,46.279998779296875,46.279998779296875,46.279998779296875,46.279998779296875,46.279998779296875,520.0
2024-10-25 14:17:00+00:00,VNET,3.4049999713897705,3.4049999713897705,3.4049999713897705,3.4049999713897705,3.4049999713897705,300.0
2024-10-25 14:17:00+00:00,VRNS,56.720001220703125,56.720001220703125,56.720001220703125,56.70000076293945,56.70000076293945,895.0
2024-10-25 14:17:00+00:00,VRNT,21.93000030517578,21.93000030517578,21.93000030517578,21.93000030517578,21.93000030517578,1392.0
2024-10-25 14:17:00+00:00,VRSN,183.13999938964844,183.13999938964844,183.13999938964844,182.9875030517578,183.0800018310547,2487.0
2024-10-25 14:17:00+00:00,VSAT,10.145000457763672,10.145000457763672,10.145000457763672,10.131799697875977,10.140000343322754,2511.0
2024-10-25 14:17:00+00:00,WDAY,238.77999877929688,238.77999877929688,238.77999877929688,238.5500030517578,238.5500030517578,4525.0
2024-10-25 14:17:00+00:00,WDC,69.82499694824219,69.82499694824219,69.83999633789062,69.77999877929688,69.83000183105469,9445.0
2024-10-25 14:17:00+00:00,WISA,2.012200117111206,2.012200117111206,2.0299999713897705,2.012200117111206,2.0204999446868896,9098.0
2024-10-25 14:17:00+00:00,WRAP,1.8200000524520874,1.8200000524520874,1.8200000524520874,1.8200000524520874,1.8200000524520874,2134.0
2024-10-25 14:17:00+00:00,XRX,9.930000305175781,9.930000305175781,9.9399995803833,9.930000305175781,9.9399995803833,4769.0
2024-10-25 14:17:00+00:00,ZBRA,359.8500061035156,359.8500061035156,359.8699951171875,359.7049865722656,359.8699951171875,2310.0
2024-10-25 14:17:00+00:00,ZI,10.484999656677246,10.484999656677246,10.489999771118164,10.484999656677246,10.489999771118164,1268.0
2024-10-25 14:17:00+00:00,ZM,72.75,72.75,72.75,72.75,72.75,836.0
2024-10-25 14:17:00+00:00,ZS,184.68040466308594,184.68040466308594,184.68040466308594,184.55999755859375,184.55999755859375,2359.0
2024-10-25 14:18:00+00:00,AAOI,17.639999389648438,17.639999389648438,17.649999618530273,17.6200008392334,17.6200008392334,2422.0
2024-10-25 14:18:00+00:00,AAPL,231.61000061035156,231.61000061035156,231.61000061035156,231.4499969482422,231.49000549316406,34966.0
2024-10-25 14:18:00+00:00,ACIW,48.7599983215332,48.7599983215332,48.7599983215332,48.7599983215332,48.7599983215332,226.0
2024-10-25 14:18:00+00:00,ACMR,19.549999237060547,19.549999237060547,19.559999465942383,19.549999237060547,19.559999465942383,1916.0
2024-10-25 14:18:00+00:00,ADI,231.09500122070312,231.09500122070312,231.09500122070312,231.09500122070312,231.09500122070312,337.0
2024-10-25 14:18:00+00:00,ADSK,285.9200134277344,285.9200134277344,285.9200134277344,285.9200134277344,285.9200134277344,569.0
2024-10-25 14:18:00+00:00,AFRM,41.258201599121094,41.258201599121094,41.2599983215332,41.23360061645508,41.25,4825.0
2024-10-25 14:18:00+00:00,AGYS,110.8499984741211,110.8499984741211,110.8499984741211,110.8499984741211,110.8499984741211,587.0
2024-10-25 14:18:00+00:00,ALGM,22.969999313354492,22.969999313354492,22.969999313354492,22.941999435424805,22.950000762939453,3959.0
2024-10-25 14:18:00+00:00,ALRM,54.470001220703125,54.470001220703125,54.470001220703125,54.41999816894531,54.41999816894531,62581.0
2024-10-25 14:18:00+00:00,AMAT,187.0500030517578,187.0500030517578,187.0500030517578,186.86000061035156,186.86000061035156,1671.0
2024-10-25 14:18:00+00:00,AMBA,57.7400016784668,57.7400016784668,57.7400016784668,57.7400016784668,57.7400016784668,1174.0
2024-10-25 14:18:00+00:00,AMD,156.2993927001953,156.2993927001953,156.2993927001953,156.09010314941406,156.1439971923828,60613.0
2024-10-25 14:18:00+00:00,AMKR,29.920000076293945,29.920000076293945,29.920000076293945,29.899999618530273,29.90999984741211,2694.0
2024-10-25 14:18:00+00:00,ANSS,323.4700012207031,323.4700012207031,323.4700012207031,323.4700012207031,323.4700012207031,770.0
2024-10-25 14:18:00+00:00,APP,160.84750366210938,160.84750366210938,160.84750366210938,160.73390197753906,160.73390197753906,1216.0
2024-10-25 14:18:00+00:00,APPF,212.00010681152344,212.00010681152344,212.4149932861328,212.00010681152344,212.40499877929688,1267.0
2024-10-25 14:18:00+00:00,APPN,32.119998931884766,32.119998931884766,32.119998931884766,32.119998931884766,32.119998931884766,244.0
2024-10-25 14:18:00+00:00,APPS,3.0399999618530273,3.0399999618530273,3.0399999618530273,3.0399999618530273,3.0399999618530273,567.0
2024-10-25 14:18:00+00:00,ARQQ,7.0,7.0,7.0,7.0,7.0,640.0
2024-10-25 14:18:00+00:00,ARRY,6.375,6.375,6.380000114440918,6.375,6.380000114440918,9015.0
2024-10-25 14:18:00+00:00,ASML,713.2999877929688,713.2999877929688,713.2999877929688,713.2999877929688,713.2999877929688,854.0
2024-10-25 14:18:00+00:00,ASNS,1.2999999523162842,1.2999999523162842,1.2999999523162842,1.2999999523162842,1.2999999523162842,200.0
2024-10-25 14:18:00+00:00,AUR,6.394999980926514,6.394999980926514,6.400000095367432,6.390999794006348,6.400000095367432,7653.0
2024-10-25 14:18:00+00:00,AVDX,8.045000076293945,8.045000076293945,8.045000076293945,8.045000076293945,8.045000076293945,840.0
2024-10-25 14:18:00+00:00,AVGO,173.72000122070312,173.72000122070312,173.74000549316406,173.5500030517578,173.58999633789062,10384.0
2024-10-25 14:18:00+00:00,AVPT,11.920000076293945,11.920000076293945,11.930000305175781,11.920000076293945,11.930000305175781,3067.0
2024-10-25 14:18:00+00:00,AVT,53.970001220703125,53.970001220703125,53.970001220703125,53.970001220703125,53.970001220703125,302.0
2024-10-25 14:18:00+00:00,BASE,16.219999313354492,16.219999313354492,16.219999313354492,16.219999313354492,16.219999313354492,193.0
2024-10-25 14:18:00+00:00,BIGC,5.304999828338623,5.304999828338623,5.304999828338623,5.304999828338623,5.304999828338623,564.0
2024-10-25 14:18:00+00:00,BMBL,7.110000133514404,7.110000133514404,7.110000133514404,7.110000133514404,7.110000133514404,1740.0
2024-10-25 14:18:00+00:00,BRZE,30.770000457763672,30.770000457763672,30.770000457763672,30.770000457763672,30.770000457763672,1790.0
2024-10-25 14:18:00+00:00,BSY,49.16600036621094,49.16600036621094,49.16600036621094,49.150001525878906,49.150001525878906,605.0
2024-10-25 14:18:00+00:00,CAMT,77.54000091552734,77.54000091552734,77.54000091552734,77.54000091552734,77.54000091552734,333.0
2024-10-25 14:18:00+00:00,CAN,0.9711999893188477,0.9711999893188477,0.973800003528595,0.9711999893188477,0.973800003528595,3180.0
2024-10-25 14:18:00+00:00,CDNS,258.0,258.0,258.0,257.7250061035156,257.7250061035156,7851.0
2024-10-25 14:18:00+00:00,CDW,218.02499389648438,218.02499389648438,218.02499389648438,218.02000427246094,218.02000427246094,2099.0
2024-10-25 14:18:00+00:00,CFLT,22.549999237060547,22.549999237060547,22.549999237060547,22.53499984741211,22.540000915527344,4378.0
2024-10-25 14:18:00+00:00,CGNX,38.81999969482422,38.81999969482422,38.81999969482422,38.81999969482422,38.81999969482422,491.0
2024-10-25 14:18:00+00:00,CLBT,18.209999084472656,18.209999084472656,18.209999084472656,18.200000762939453,18.200000762939453,1373.0
2024-10-25 14:18:00+00:00,CLSK,11.599900245666504,11.599900245666504,11.599900245666504,11.529999732971191,11.538000106811523,143747.0
2024-10-25 14:18:00+00:00,CNDT,3.615000009536743,3.615000009536743,3.615000009536743,3.615000009536743,3.615000009536743,1050.0
2024-10-25 14:18:00+00:00,CNXC,44.369998931884766,44.369998931884766,44.369998931884766,44.369998931884766,44.369998931884766,119.0
2024-10-25 14:18:00+00:00,COHR,95.33499908447266,95.33499908447266,95.33999633789062,95.26000213623047,95.2699966430664,7213.0
2024-10-25 14:18:00+00:00,COHU,25.93000030517578,25.93000030517578,25.93000030517578,25.90999984741211,25.920000076293945,4352.0
2024-10-25 14:18:00+00:00,COIN,206.43699645996094,206.43699645996094,206.49000549316406,205.8300018310547,205.9600067138672,16703.0
2024-10-25 14:18:00+00:00,COMM,6.230000019073486,6.230000019073486,6.230000019073486,6.224999904632568,6.230000019073486,2950.0
2024-10-25 14:18:00+00:00,CORZ,13.303999900817871,13.303999900817871,13.305299758911133,13.280500411987305,13.28499984741211,10424.0
2024-10-25 14:18:00+00:00,CRDO,38.96500015258789,38.96500015258789,38.97999954223633,38.90999984741211,38.97999954223633,11785.0
2024-10-25 14:18:00+00:00,CRSR,6.324999809265137,6.324999809265137,6.329999923706055,6.324999809265137,6.329999923706055,2416.0
2024-10-25 14:18:00+00:00,CRWD,296.67999267578125,296.67999267578125,296.67999267578125,296.3599853515625,296.3599853515625,6963.0
2024-10-25 14:18:00+00:00,CSCO,55.7400016784668,55.7400016784668,55.744998931884766,55.72610092163086,55.72610092163086,6330.0
2024-10-25 14:18:00+00:00,CSGS,47.400001525878906,47.400001525878906,47.400001525878906,47.400001525878906,47.400001525878906,115.0
2024-10-25 14:18:00+00:00,CSIQ,13.28499984741211,13.28499984741211,13.28499984741211,13.270000457763672,13.270000457763672,3155.0
2024-10-25 14:18:00+00:00,CTLP,8.851099967956543,8.851099967956543,8.851099967956543,8.851099967956543,8.851099967956543,591.0
2024-10-25 14:18:00+00:00,CTSH,74.72000122070312,74.72000122070312,74.72000122070312,74.68499755859375,74.68499755859375,2921.0
2024-10-25 14:18:00+00:00,DAIO,2.5350000858306885,2.5350000858306885,2.5350000858306885,2.5350000858306885,2.5350000858306885,100.0
2024-10-25 14:18:00+00:00,DAKT,13.0600004196167,13.0600004196167,13.0600004196167,13.0600004196167,13.0600004196167,333.0
2024-10-25 14:18:00+00:00,DATS,1.6699999570846558,1.6699999570846558,1.6799999475479126,1.6699999570846558,1.6799999475479126,1000.0
2024-10-25 14:18:00+00:00,DBX,25.96500015258789,25.96500015258789,25.96500015258789,25.950000762939453,25.954999923706055,1790.0
2024-10-25 14:18:00+00:00,DDOG,126.2249984741211,126.2249984741211,126.2699966430664,126.22000122070312,126.22000122070312,54751.0
2024-10-25 14:18:00+00:00,DLO,8.84000015258789,8.84000015258789,8.84000015258789,8.84000015258789,8.84000015258789,444.0
2024-10-25 14:18:00+00:00,DOCU,69.0199966430664,69.0199966430664,69.0999984741211,68.98999786376953,69.08000183105469,13341.0
2024-10-25 14:18:00+00:00,EEFT,99.6500015258789,99.6500015258789,99.6500015258789,99.6500015258789,99.6500015258789,598.0
2024-10-25 14:18:00+00:00,ENPH,83.05000305175781,83.05000305175781,83.05000305175781,82.94000244140625,82.95999908447266,1641.0
2024-10-25 14:18:00+00:00,ENTG,104.74749755859375,104.74749755859375,104.75250244140625,104.72000122070312,104.72000122070312,1444.0
2024-10-25 14:18:00+00:00,ERIC,8.460000038146973,8.460000038146973,8.460000038146973,8.449999809265137,8.454999923706055,46742.0
2024-10-25 14:18:00+00:00,EXFY,1.7300000190734863,1.7300000190734863,1.7300000190734863,1.7300000190734863,1.7300000190734863,1177.0
2024-10-25 14:18:00+00:00,EXTR,14.350000381469727,14.350000381469727,14.350000381469727,14.345000267028809,14.345000267028809,1501.0
2024-10-25 14:18:00+00:00,FIVN,29.739999771118164,29.739999771118164,29.7549991607666,29.739999771118164,29.7549991607666,331.0
2024-10-25 14:18:00+00:00,FLEX,35.119998931884766,35.119998931884766,35.119998931884766,35.099998474121094,35.099998474121094,2690.0
2024-10-25 14:18:00+00:00,FLYW,17.31999969482422,17.31999969482422,17.31999969482422,17.31999969482422,17.31999969482422,290.0
2024-10-25 14:18:00+00:00,FROG,29.219999313354492,29.219999313354492,29.219999313354492,29.219999313354492,29.219999313354492,1134.0
2024-10-25 14:18:00+00:00,FRSH,11.604999542236328,11.604999542236328,11.604999542236328,11.600000381469727,11.600000381469727,1848.0
2024-10-25 14:18:00+00:00,FSLR,197.85000610351562,197.85000610351562,197.85000610351562,197.60440063476562,197.83839416503906,7236.0
2024-10-25 14:18:00+00:00,FTNT,80.61000061035156,80.61000061035156,80.61000061035156,80.54000091552734,80.54000091552734,15717.0
2024-10-25 14:18:00+00:00,GCT,24.610000610351562,24.610000610351562,24.610000610351562,24.600000381469727,24.600000381469727,1060.0
2024-10-25 14:18:00+00:00,GDYN,15.524999618530273,15.524999618530273,15.524999618530273,15.524999618530273,15.524999618530273,169.0
2024-10-25 14:18:00+00:00,GNSS,3.890000104904175,3.890000104904175,3.890000104904175,3.890000104904175,3.890000104904175,356.0
2024-10-25 14:18:00+00:00,GRAB,4.074999809265137,4.074999809265137,4.074999809265137,4.074999809265137,4.074999809265137,3457.0
2024-10-25 14:18:00+00:00,GRRR,4.46999979019165,4.46999979019165,4.46999979019165,4.46999979019165,4.46999979019165,331.0
2024-10-25 14:18:00+00:00,GRRRW,0.061000000685453415,0.061000000685453415,0.061000000685453415,0.061000000685453415,0.061000000685453415,1200.0
2024-10-25 14:18:00+00:00,GTLB,55.34000015258789,55.34000015258789,55.34000015258789,55.28099822998047,55.28099822998047,881.0
2024-10-25 14:18:00+00:00,HCP,33.665000915527344,33.665000915527344,33.665000915527344,33.665000915527344,33.665000915527344,2377.0
2024-10-25 14:18:00+00:00,HIMX,6.15500020980835,6.15500020980835,6.15500020980835,6.15500020980835,6.15500020980835,357.0
2024-10-25 14:18:00+00:00,HLIT,14.729999542236328,14.729999542236328,14.729999542236328,14.729999542236328,14.729999542236328,1388.0
2024-10-25 14:18:00+00:00,HOLO,3.5799999237060547,3.5799999237060547,3.5799999237060547,3.563999891281128,3.569499969482422,3887.0
2024-10-25 14:18:00+00:00,HOOD,27.110000610351562,27.110000610351562,27.114999771118164,27.075000762939453,27.075000762939453,16368.0
2024-10-25 14:18:00+00:00,ICHR,27.489999771118164,27.489999771118164,27.489999771118164,27.489999771118164,27.489999771118164,1650.0
2024-10-25 14:18:00+00:00,IMMR,8.670000076293945,8.670000076293945,8.670000076293945,8.664999961853027,8.670000076293945,1655.0
2024-10-25 14:18:00+00:00,INDI,3.5,3.5,3.5,3.494999885559082,3.494999885559082,2362.0
2024-10-25 14:18:00+00:00,INFN,6.760000228881836,6.760000228881836,6.760000228881836,6.760000228881836,6.760000228881836,127.0
2024-10-25 14:18:00+00:00,INOD,20.052000045776367,20.052000045776367,20.052000045776367,20.052000045776367,20.052000045776367,366.0
2024-10-25 14:18:00+00:00,INSG,20.100000381469727,20.100000381469727,20.100000381469727,20.100000381469727,20.100000381469727,1223.0
2024-10-25 14:18:00+00:00,INTA,50.22999954223633,50.22999954223633,50.25,50.189998626708984,50.189998626708984,856.0
2024-10-25 14:18:00+00:00,INTC,22.78700065612793,22.78700065612793,22.78700065612793,22.760000228881836,22.770000457763672,44156.0
2024-10-25 14:18:00+00:00,INTU,609.0850219726562,609.0850219726562,609.0999755859375,609.0850219726562,609.0999755859375,1027.0
2024-10-25 14:18:00+00:00,IPGP,77.05000305175781,77.05000305175781,77.05000305175781,76.8949966430664,76.8949966430664,4817.0
2024-10-25 14:18:00+00:00,ITI,7.199999809265137,7.199999809265137,7.199999809265137,7.195000171661377,7.195000171661377,201.0
2024-10-25 14:18:00+00:00,JKHY,182.5800018310547,182.5800018310547,182.58999633789062,182.5500030517578,182.58999633789062,1227.0
2024-10-25 14:18:00+00:00,KC,2.684999942779541,2.684999942779541,2.684999942779541,2.680000066757202,2.684999942779541,1927.0
2024-10-25 14:18:00+00:00,KLAC,675.4163818359375,675.4163818359375,675.4163818359375,674.77001953125,674.77001953125,1331.0
2024-10-25 14:18:00+00:00,LOGI,80.66999816894531,80.66999816894531,80.66999816894531,80.66999816894531,80.66999816894531,0.0
2024-10-25 14:18:00+00:00,LPSN,1.159999966621399,1.159999966621399,1.159999966621399,1.159999966621399,1.159999966621399,705.0
2024-10-25 14:18:00+00:00,LRCX,78.43000030517578,78.43000030517578,78.44000244140625,78.3499984741211,78.38999938964844,11175.0
2024-10-25 14:18:00+00:00,LSCC,54.040000915527344,54.040000915527344,54.040000915527344,54.01499938964844,54.02000045776367,2632.0
2024-10-25 14:18:00+00:00,LTRX,4.099999904632568,4.099999904632568,4.099999904632568,4.099999904632568,4.099999904632568,1296.0
2024-10-25 14:18:00+00:00,LYFT,13.71500015258789,13.71500015258789,13.71500015258789,13.704999923706055,13.704999923706055,17026.0
2024-10-25 14:18:00+00:00,MAXN,5.594200134277344,5.594200134277344,5.594200134277344,5.594200134277344,5.594200134277344,979.0
2024-10-25 14:18:00+00:00,MCHP,76.51000213623047,76.51000213623047,76.51000213623047,76.45999908447266,76.45999908447266,2548.0
2024-10-25 14:18:00+00:00,MDB,266.3699951171875,266.3699951171875,266.5199890136719,266.2699890136719,266.2699890136719,1348.0
2024-10-25 14:18:00+00:00,MINM,0.6499999761581421,0.6499999761581421,0.6499999761581421,0.6499999761581421,0.6499999761581421,1000.0
2024-10-25 14:18:00+00:00,MITK,8.75,8.75,8.75,8.75,8.75,712.0
2024-10-25 14:18:00+00:00,MKSI,101.13999938964844,101.13999938964844,101.13999938964844,101.0199966430664,101.0199966430664,658.0
2024-10-25 14:18:00+00:00,MKTW,0.5899999737739563,0.5899999737739563,0.597000002861023,0.588100016117096,0.5899999737739563,14878.0
2024-10-25 14:18:00+00:00,MNDY,299.6400146484375,299.6400146484375,299.67999267578125,299.6400146484375,299.67999267578125,515.0
2024-10-25 14:18:00+00:00,MPWR,910.0750122070312,910.0750122070312,910.0750122070312,910.0750122070312,910.0750122070312,179.0
2024-10-25 14:18:00+00:00,MQ,5.28000020980835,5.28000020980835,5.28000020980835,5.275000095367432,5.275000095367432,5527.0
2024-10-25 14:18:00+00:00,MRVL,82.15850067138672,82.15850067138672,82.15850067138672,82.08000183105469,82.08000183105469,6926.0
2024-10-25 14:18:00+00:00,MSFT,428.2749938964844,428.2749938964844,428.29998779296875,428.10009765625,428.1499938964844,14067.0
2024-10-25 14:18:00+00:00,MSTR,234.2489013671875,234.2489013671875,234.25,233.33999633789062,233.5,56712.0
2024-10-25 14:18:00+00:00,MTC,0.37529999017715454,0.37529999017715454,0.37529999017715454,0.37529999017715454,0.37529999017715454,241.0
2024-10-25 14:18:00+00:00,MTLS,5.90500020980835,5.90500020980835,5.90500020980835,5.90500020980835,5.90500020980835,164.0
2024-10-25 14:18:00+00:00,MTTR,4.590000152587891,4.590000152587891,4.590000152587891,4.590000152587891,4.590000152587891,2662.0
2024-10-25 14:18:00+00:00,MU,108.12999725341797,108.12999725341797,108.1500015258789,108.0,108.05500030517578,17717.0
2024-10-25 14:18:00+00:00,MVIS,1.0750000476837158,1.0750000476837158,1.0800000429153442,1.0750000476837158,1.0750000476837158,1158.0
2024-10-25 14:18:00+00:00,MXL,14.789999961853027,14.789999961853027,14.789999961853027,14.75,14.770000457763672,3738.0
2024-10-25 14:18:00+00:00,NCNO,37.650001525878906,37.650001525878906,37.68000030517578,37.650001525878906,37.66999816894531,7046.0
2024-10-25 14:18:00+00:00,NNDM,2.325000047683716,2.325000047683716,2.325000047683716,2.319999933242798,2.319999933242798,2413.0
2024-10-25 14:18:00+00:00,NSIT,208.2449951171875,208.2449951171875,208.2449951171875,208.2449951171875,208.2449951171875,183.0
2024-10-25 14:18:00+00:00,NTAP,119.74500274658203,119.74500274658203,119.74500274658203,119.74500274658203,119.74500274658203,344.0
2024-10-25 14:18:00+00:00,NTNX,62.08000183105469,62.08000183105469,62.08000183105469,62.060001373291016,62.060001373291016,1109.0
2024-10-25 14:18:00+00:00,NVDA,141.48599243164062,141.48599243164062,141.5,141.2801055908203,141.39329528808594,319696.0
2024-10-25 14:18:00+00:00,NVEI,33.5,33.5,33.5,33.5,33.5,2049.0
2024-10-25 14:18:00+00:00,NVMI,183.22999572753906,183.22999572753906,183.22999572753906,183.22999572753906,183.22999572753906,427.0
2024-10-25 14:18:00+00:00,NVTS,2.5299999713897705,2.5299999713897705,2.5299999713897705,2.5250000953674316,2.5250000953674316,5712.0
2024-10-25 14:18:00+00:00,OKTA,72.16000366210938,72.16000366210938,72.16000366210938,72.08999633789062,72.08999633789062,1162.0
2024-10-25 14:18:00+00:00,ON,71.33999633789062,71.33999633789062,71.3499984741211,71.25,71.25,15686.0
2024-10-25 14:18:00+00:00,OSIS,135.15499877929688,135.15499877929688,135.15499877929688,135.15499877929688,135.15499877929688,640.0
2024-10-25 14:18:00+00:00,OSPN,14.510000228881836,14.510000228881836,14.510000228881836,14.510000228881836,14.510000228881836,134.0
2024-10-25 14:18:00+00:00,PANW,367.25,367.25,367.29998779296875,367.0950012207031,367.0950012207031,1462.0
2024-10-25 14:18:00+00:00,PAYO,8.305000305175781,8.305000305175781,8.305000305175781,8.305000305175781,8.305000305175781,1238.0
2024-10-25 14:18:00+00:00,PEGY,4.800000190734863,4.800000190734863,4.800000190734863,4.800000190734863,4.800000190734863,431.0
2024-10-25 14:18:00+00:00,PGY,11.744999885559082,11.744999885559082,11.760000228881836,11.739999771118164,11.760000228881836,1322.0
2024-10-25 14:18:00+00:00,PHUN,10.260000228881836,10.260000228881836,10.260000228881836,10.21500015258789,10.229999542236328,16516.0
2024-10-25 14:18:00+00:00,PI,201.6699981689453,201.6699981689453,201.6699981689453,201.6699981689453,201.6699981689453,320.0
2024-10-25 14:18:00+00:00,PLUS,97.5999984741211,97.5999984741211,97.72000122070312,97.5999984741211,97.5999984741211,982.0
2024-10-25 14:18:00+00:00,PLXS,141.48500061035156,141.48500061035156,141.48500061035156,141.48500061035156,141.48500061035156,490.0
2024-10-25 14:18:00+00:00,POET,3.8239998817443848,3.8239998817443848,3.8299999237060547,3.8239998817443848,3.825000047683716,1577.0
2024-10-25 14:18:00+00:00,PRGS,64.44999694824219,64.44999694824219,64.44999694824219,64.44999694824219,64.44999694824219,668.0
2024-10-25 14:18:00+00:00,PRST,0.00279999990016222,0.00279999990016222,0.00279999990016222,0.00279999990016222,0.00279999990016222,12000.0
2024-10-25 14:18:00+00:00,PRTH,5.300000190734863,5.300000190734863,5.300000190734863,5.300000190734863,5.300000190734863,176.0
2024-10-25 14:18:00+00:00,PTC,186.58999633789062,186.58999633789062,186.58999633789062,186.4600067138672,186.4600067138672,1400.0
2024-10-25 14:18:00+00:00,PUBM,14.720000267028809,14.720000267028809,14.720000267028809,14.699999809265137,14.699999809265137,1109.0
2024-10-25 14:18:00+00:00,PYCR,14.274999618530273,14.274999618530273,14.274999618530273,14.274999618530273,14.274999618530273,179.0
2024-10-25 14:18:00+00:00,QCOM,171.10000610351562,171.10000610351562,171.10000610351562,171.0,171.05999755859375,4592.0
2024-10-25 14:18:00+00:00,QRVO,99.6500015258789,99.6500015258789,99.66000366210938,99.62000274658203,99.6500015258789,2362.0
2024-10-25 14:18:00+00:00,RCAT,2.7699999809265137,2.7699999809265137,2.7699999809265137,2.7699999809265137,2.7699999809265137,100.0
2024-10-25 14:18:00+00:00,RIOT,9.776000022888184,9.776000022888184,9.779999732971191,9.739999771118164,9.744999885559082,27577.0
2024-10-25 14:18:00+00:00,RMBS,43.209999084472656,43.209999084472656,43.209999084472656,43.16999816894531,43.16999816894531,2713.0
2024-10-25 14:18:00+00:00,RMNI,1.7100000381469727,1.7100000381469727,1.7100000381469727,1.7100000381469727,1.7100000381469727,415.0
2024-10-25 14:18:00+00:00,RPAY,7.590000152587891,7.590000152587891,7.590000152587891,7.590000152587891,7.590000152587891,331.0
2024-10-25 14:18:00+00:00,RUM,5.744999885559082,5.744999885559082,5.744999885559082,5.734000205993652,5.744999885559082,2851.0
2024-10-25 14:18:00+00:00,RUN,14.234999656677246,14.234999656677246,14.234999656677246,14.225000381469727,14.225000381469727,9019.0
2024-10-25 14:18:00+00:00,SATS,25.1299991607666,25.1299991607666,25.1299991607666,25.110000610351562,25.110000610351562,2240.0
2024-10-25 14:18:00+00:00,SCSC,44.59000015258789,44.59000015258789,44.63999938964844,44.59000015258789,44.63999938964844,1104.0
2024-10-25 14:18:00+00:00,SCWX,8.380000114440918,8.380000114440918,8.380000114440918,8.380000114440918,8.380000114440918,200.0
2024-10-25 14:18:00+00:00,SEDG,15.84000015258789,15.84000015258789,15.850000381469727,15.829999923706055,15.84000015258789,5717.0
2024-10-25 14:18:00+00:00,SHLS,5.244999885559082,5.244999885559082,5.244999885559082,5.235000133514404,5.239999771118164,6455.0
2024-10-25 14:18:00+00:00,SKYT,10.5600004196167,10.5600004196167,10.569999694824219,10.5600004196167,10.569999694824219,453.0
2024-10-25 14:18:00+00:00,SMCI,47.060001373291016,47.060001373291016,47.069000244140625,47.0,47.02000045776367,25727.0
2024-10-25 14:18:00+00:00,SMTC,45.59000015258789,45.59000015258789,45.59000015258789,45.540000915527344,45.540000915527344,1370.0
2024-10-25 14:18:00+00:00,SNCR,10.61050033569336,10.61050033569336,10.61050033569336,10.61050033569336,10.61050033569336,409.0
2024-10-25 14:18:00+00:00,SNPS,502.1600036621094,502.1600036621094,502.1600036621094,502.1600036621094,502.1600036621094,332.0
2024-10-25 14:18:00+00:00,SOBR,7.170000076293945,7.170000076293945,7.170000076293945,7.170000076293945,7.170000076293945,361.0
2024-10-25 14:18:00+00:00,SONO,12.694999694824219,12.694999694824219,12.694999694824219,12.694999694824219,12.694999694824219,547.0
2024-10-25 14:18:00+00:00,SOUN,5.170000076293945,5.170000076293945,5.170000076293945,5.159999847412109,5.169300079345703,20477.0
2024-10-25 14:18:00+00:00,SPT,26.905000686645508,26.905000686645508,26.920000076293945,26.860000610351562,26.860000610351562,3115.0
2024-10-25 14:18:00+00:00,SRAD,12.359999656677246,12.359999656677246,12.359999656677246,12.359999656677246,12.359999656677246,1961.0
2024-10-25 14:18:00+00:00,SSNC,69.62999725341797,69.62999725341797,69.62999725341797,69.5999984741211,69.5999984741211,5715.0
2024-10-25 14:18:00+00:00,SSTI,11.255000114440918,11.255000114440918,11.255000114440918,11.255000114440918,11.255000114440918,125.0
2024-10-25 14:18:00+00:00,STNE,11.555000305175781,11.555000305175781,11.5649995803833,11.550000190734863,11.5649995803833,7986.0
2024-10-25 14:18:00+00:00,STX,103.2249984741211,103.2249984741211,103.23999786376953,103.19000244140625,103.19999694824219,6056.0
2024-10-25 14:18:00+00:00,SVRE,0.07810000330209732,0.07810000330209732,0.07810000330209732,0.07750000059604645,0.07760000228881836,34463.0
2024-10-25 14:18:00+00:00,SWKS,95.94000244140625,95.94000244140625,95.94000244140625,95.87999725341797,95.9000015258789,1757.0
2024-10-25 14:18:00+00:00,SYNA,72.5,72.5,72.564697265625,72.5,72.564697265625,804.0
2024-10-25 14:18:00+00:00,TACT,4.170000076293945,4.170000076293945,4.170000076293945,4.170000076293945,4.170000076293945,200.0
2024-10-25 14:18:00+00:00,TEAM,189.27499389648438,189.27499389648438,189.27499389648438,189.27499389648438,189.27499389648438,444.0
2024-10-25 14:18:00+00:00,TENB,41.65999984741211,41.65999984741211,41.65999984741211,41.65999984741211,41.65999984741211,1199.0
2024-10-25 14:18:00+00:00,TER,112.25,112.25,112.25,112.18000030517578,112.18000030517578,2764.0
2024-10-25 14:18:00+00:00,TSEM,44.72999954223633,44.72999954223633,44.72999954223633,44.72999954223633,44.72999954223633,930.0
2024-10-25 14:18:00+00:00,TTD,118.53500366210938,118.53500366210938,118.55999755859375,118.44000244140625,118.44000244140625,4179.0
2024-10-25 14:18:00+00:00,TWKS,4.440000057220459,4.440000057220459,4.445000171661377,4.440000057220459,4.440000057220459,6195.0
2024-10-25 14:18:00+00:00,TXN,207.17999267578125,207.17999267578125,207.17999267578125,207.02999877929688,207.0500030517578,3900.0
2024-10-25 14:18:00+00:00,UCTT,35.66999816894531,35.66999816894531,35.66999816894531,35.650001525878906,35.650001525878906,845.0
2024-10-25 14:18:00+00:00,UEIC,8.029999732971191,8.029999732971191,8.029999732971191,8.029999732971191,8.029999732971191,175.0
2024-10-25 14:18:00+00:00,VECO,29.25,29.25,29.25,29.25,29.25,2539.0
2024-10-25 14:18:00+00:00,VERI,3.388000011444092,3.388000011444092,3.388000011444092,3.388000011444092,3.388000011444092,3414.0
2024-10-25 14:18:00+00:00,VICR,46.310001373291016,46.310001373291016,46.310001373291016,46.310001373291016,46.310001373291016,136.0
2024-10-25 14:18:00+00:00,VNET,3.4049999713897705,3.4049999713897705,3.4049999713897705,3.4049999713897705,3.4049999713897705,100.0
2024-10-25 14:18:00+00:00,VOXX,7.550000190734863,7.550000190734863,7.550000190734863,7.550000190734863,7.550000190734863,393.0
2024-10-25 14:18:00+00:00,VRNS,56.70500183105469,56.70500183105469,56.709999084472656,56.68000030517578,56.68000030517578,616.0
2024-10-25 14:18:00+00:00,WDAY,238.94000244140625,238.94000244140625,238.94000244140625,238.7899932861328,238.7899932861328,1074.0
2024-10-25 14:18:00+00:00,WDC,69.88999938964844,69.88999938964844,69.88999938964844,69.80999755859375,69.80999755859375,8857.0
2024-10-25 14:18:00+00:00,WISA,2.015000104904175,2.015000104904175,2.015000104904175,2.009999990463257,2.015000104904175,2840.0
2024-10-25 14:18:00+00:00,XPER,9.375,9.375,9.375,9.369999885559082,9.369999885559082,303.0
2024-10-25 14:18:00+00:00,XRX,9.9350004196167,9.9350004196167,9.9399995803833,9.9350004196167,9.9350004196167,13396.0
2024-10-25 14:18:00+00:00,ZI,10.484999656677246,10.484999656677246,10.489999771118164,10.482500076293945,10.489999771118164,1652.0
2024-10-25 14:18:00+00:00,ZM,72.80999755859375,72.80999755859375,72.80999755859375,72.80000305175781,72.80000305175781,1045.0
2024-10-25 14:18:00+00:00,ZS,184.69000244140625,184.69000244140625,184.69000244140625,184.5749969482422,184.5749969482422,3403.0
2024-10-25 14:19:00+00:00,AAPL,231.6199951171875,231.6199951171875,231.6699981689453,231.55999755859375,231.58999633789062,36120.0
2024-10-25 14:19:00+00:00,ACLS,89.88749694824219,89.88749694824219,89.88749694824219,89.88749694824219,89.88749694824219,612.0
2024-10-25 14:19:00+00:00,ACMR,19.540000915527344,19.540000915527344,19.559999465942383,19.540000915527344,19.559999465942383,590.0
2024-10-25 14:19:00+00:00,ADBE,484.17999267578125,484.17999267578125,484.2200012207031,483.98809814453125,484.010009765625,4235.0
2024-10-25 14:19:00+00:00,ADI,231.33999633789062,231.33999633789062,231.33999633789062,231.14500427246094,231.14500427246094,1875.0
2024-10-25 14:19:00+00:00,ADSK,285.9649963378906,285.9649963378906,285.9700012207031,285.9649963378906,285.9700012207031,262.0
2024-10-25 14:19:00+00:00,ADTN,6.284999847412109,6.284999847412109,6.284999847412109,6.284999847412109,6.284999847412109,674.0
2024-10-25 14:19:00+00:00,AEHR,16.762500762939453,16.762500762939453,16.762500762939453,16.709999084472656,16.709999084472656,1327.0
2024-10-25 14:19:00+00:00,AEYE,22.59000015258789,22.59000015258789,22.59000015258789,22.59000015258789,22.59000015258789,120.0
2024-10-25 14:19:00+00:00,AFRM,41.33000183105469,41.33000183105469,41.332000732421875,41.27000045776367,41.27000045776367,12562.0
2024-10-25 14:19:00+00:00,AKAM,102.0625991821289,102.0625991821289,102.0625991821289,102.0625991821289,102.0625991821289,793.0
2024-10-25 14:19:00+00:00,AKTS,0.05909999832510948,0.05909999832510948,0.05909999832510948,0.05909999832510948,0.05909999832510948,480.0
2024-10-25 14:19:00+00:00,ALGM,23.0,23.0,23.010000228881836,22.969999313354492,22.979999542236328,3396.0
2024-10-25 14:19:00+00:00,ALKT,37.88999938964844,37.88999938964844,37.93000030517578,37.88999938964844,37.93000030517578,2064.0
2024-10-25 14:19:00+00:00,ALRM,54.5099983215332,54.5099983215332,54.5099983215332,54.47999954223633,54.47999954223633,1257.0
2024-10-25 14:19:00+00:00,AMAT,187.24000549316406,187.24000549316406,187.24000549316406,187.02000427246094,187.02000427246094,2783.0
2024-10-25 14:19:00+00:00,AMD,156.32969665527344,156.32969665527344,156.35000610351562,156.25999450683594,156.27999877929688,64574.0
2024-10-25 14:19:00+00:00,AMKR,29.950000762939453,29.950000762939453,29.950000762939453,29.949100494384766,29.949100494384766,399.0
2024-10-25 14:19:00+00:00,AOSL,36.3849983215332,36.3849983215332,36.3849983215332,36.3849983215332,36.3849983215332,170.0
2024-10-25 14:19:00+00:00,API,2.880000114440918,2.880000114440918,2.880000114440918,2.875,2.875,564.0
2024-10-25 14:19:00+00:00,APP,160.91799926757812,160.91799926757812,160.9499969482422,160.82000732421875,160.9499969482422,1373.0
2024-10-25 14:19:00+00:00,APPN,32.13999938964844,32.13999938964844,32.13999938964844,32.13999938964844,32.13999938964844,819.0
2024-10-25 14:19:00+00:00,ARBE,1.8499000072479248,1.8499000072479248,1.8499000072479248,1.8499000072479248,1.8499000072479248,182.0
2024-10-25 14:19:00+00:00,ARRY,6.380000114440918,6.380000114440918,6.389900207519531,6.374000072479248,6.374000072479248,23662.0
2024-10-25 14:19:00+00:00,ASML,713.6649780273438,713.6649780273438,713.6649780273438,713.6649780273438,713.6649780273438,1568.0
2024-10-25 14:19:00+00:00,AUR,6.400000095367432,6.400000095367432,6.400000095367432,6.394999980926514,6.394999980926514,5706.0
2024-10-25 14:19:00+00:00,AUUD,0.6219000220298767,0.6219000220298767,0.6219000220298767,0.6219000220298767,0.6219000220298767,8660.0
2024-10-25 14:19:00+00:00,AVDX,8.079999923706055,8.079999923706055,8.079999923706055,8.045000076293945,8.045000076293945,2977.0
2024-10-25 14:19:00+00:00,AVGO,173.8000030517578,173.8000030517578,173.86000061035156,173.6999969482422,173.72000122070312,19161.0
2024-10-25 14:19:00+00:00,AVNW,20.815000534057617,20.815000534057617,20.815000534057617,20.815000534057617,20.815000534057617,397.0
2024-10-25 14:19:00+00:00,AVT,53.959999084472656,53.959999084472656,53.97999954223633,53.959999084472656,53.97999954223633,1093.0
2024-10-25 14:19:00+00:00,BASE,16.233999252319336,16.233999252319336,16.233999252319336,16.219999313354492,16.219999313354492,326.0
2024-10-25 14:19:00+00:00,BCOV,2.240000009536743,2.240000009536743,2.240000009536743,2.240000009536743,2.240000009536743,100.0
2024-10-25 14:19:00+00:00,BELFB,78.96499633789062,78.96499633789062,78.96499633789062,78.96499633789062,78.96499633789062,431.0
2024-10-25 14:19:00+00:00,BMBL,7.114999771118164,7.114999771118164,7.114999771118164,7.114999771118164,7.114999771118164,706.0
2024-10-25 14:19:00+00:00,BSY,49.18000030517578,49.18000030517578,49.18000030517578,49.18000030517578,49.18000030517578,957.0
2024-10-25 14:19:00+00:00,CAMT,77.54000091552734,77.54000091552734,77.54000091552734,77.54000091552734,77.54000091552734,939.0
2024-10-25 14:19:00+00:00,CAN,0.9713000059127808,0.9713000059127808,0.9728000164031982,0.9700999855995178,0.9714999794960022,13745.0
2024-10-25 14:19:00+00:00,CDNS,258.0,258.0,258.0899963378906,257.9949951171875,257.9949951171875,1521.0
2024-10-25 14:19:00+00:00,CDW,218.02499389648438,218.02499389648438,218.03750610351562,218.02499389648438,218.02499389648438,2843.0
2024-10-25 14:19:00+00:00,CFLT,22.545000076293945,22.545000076293945,22.549999237060547,22.545000076293945,22.549999237060547,1017.0
2024-10-25 14:19:00+00:00,CGNT,6.619999885559082,6.619999885559082,6.619999885559082,6.619999885559082,6.619999885559082,333.0
2024-10-25 14:19:00+00:00,CGNX,38.84000015258789,38.84000015258789,38.84000015258789,38.83000183105469,38.83000183105469,741.0
2024-10-25 14:19:00+00:00,CHKP,206.6334991455078,206.6334991455078,206.7100067138672,206.53250122070312,206.5399932861328,1845.0
2024-10-25 14:19:00+00:00,CLBT,18.225000381469727,18.225000381469727,18.225000381469727,18.225000381469727,18.225000381469727,1530.0
2024-10-25 14:19:00+00:00,CLFD,36.33000183105469,36.33000183105469,36.372501373291016,36.33000183105469,36.33000183105469,751.0
2024-10-25 14:19:00+00:00,CLSK,11.619199752807617,11.619199752807617,11.627599716186523,11.58899974822998,11.595000267028809,127198.0
2024-10-25 14:19:00+00:00,CMBM,1.2401000261306763,1.2401000261306763,1.2401000261306763,1.2401000261306763,1.2401000261306763,149.0
2024-10-25 14:19:00+00:00,CNDT,3.619999885559082,3.619999885559082,3.619999885559082,3.615000009536743,3.615000009536743,1544.0
2024-10-25 14:19:00+00:00,CNXC,44.39500045776367,44.39500045776367,44.39500045776367,44.39500045776367,44.39500045776367,645.0
2024-10-25 14:19:00+00:00,COHR,95.49500274658203,95.49500274658203,95.5199966430664,95.36000061035156,95.36000061035156,8188.0
2024-10-25 14:19:00+00:00,COIN,206.8249969482422,206.8249969482422,206.8249969482422,206.13999938964844,206.37750244140625,22452.0
2024-10-25 14:19:00+00:00,COMM,6.239999771118164,6.239999771118164,6.239999771118164,6.235000133514404,6.235000133514404,2907.0
2024-10-25 14:19:00+00:00,CORZ,13.3100004196167,13.3100004196167,13.319999694824219,13.295000076293945,13.295000076293945,5140.0
2024-10-25 14:19:00+00:00,CORZW,7.835999965667725,7.835999965667725,7.835999965667725,7.835999965667725,7.835999965667725,1903.0
2024-10-25 14:19:00+00:00,CRDO,39.0099983215332,39.0099983215332,39.02000045776367,38.959999084472656,38.959999084472656,1919.0
2024-10-25 14:19:00+00:00,CRNC,2.9200000762939453,2.9200000762939453,2.9200000762939453,2.9200000762939453,2.9200000762939453,1124.0
2024-10-25 14:19:00+00:00,CRNT,2.4700000286102295,2.4700000286102295,2.4700000286102295,2.4700000286102295,2.4700000286102295,1631.0
2024-10-25 14:19:00+00:00,CRSR,6.327499866485596,6.327499866485596,6.327499866485596,6.327499866485596,6.327499866485596,666.0
2024-10-25 14:19:00+00:00,CRUS,122.61000061035156,122.61000061035156,122.66000366210938,122.58999633789062,122.66000366210938,615.0
2024-10-25 14:19:00+00:00,CRWD,296.45001220703125,296.45001220703125,296.92999267578125,296.45001220703125,296.7077941894531,8140.0
2024-10-25 14:19:00+00:00,CSCO,55.7400016784668,55.7400016784668,55.749698638916016,55.73419952392578,55.74599838256836,17132.0
2024-10-25 14:19:00+00:00,CSGS,47.40999984741211,47.40999984741211,47.40999984741211,47.40999984741211,47.40999984741211,522.0
2024-10-25 14:19:00+00:00,CSIQ,13.289999961853027,13.289999961853027,13.289999961853027,13.289999961853027,13.289999961853027,328.0
2024-10-25 14:19:00+00:00,CTLP,8.859999656677246,8.859999656677246,8.859999656677246,8.859999656677246,8.859999656677246,241.0
2024-10-25 14:19:00+00:00,CTSH,74.73999786376953,74.73999786376953,74.73999786376953,74.70999908447266,74.70999908447266,2970.0
2024-10-25 14:19:00+00:00,DAKT,13.069999694824219,13.069999694824219,13.069999694824219,13.069999694824219,13.069999694824219,470.0
2024-10-25 14:19:00+00:00,DAVE,38.7400016784668,38.7400016784668,38.7400016784668,38.7400016784668,38.7400016784668,2102.0
2024-10-25 14:19:00+00:00,DBX,25.975000381469727,25.975000381469727,25.975000381469727,25.969999313354492,25.969999313354492,1835.0
2024-10-25 14:19:00+00:00,DDOG,126.16999816894531,126.16999816894531,126.2699966430664,126.16999816894531,126.23999786376953,4467.0
2024-10-25 14:19:00+00:00,DGHI,1.5099999904632568,1.5099999904632568,1.5099999904632568,1.4900000095367432,1.4900000095367432,800.0
2024-10-25 14:19:00+00:00,DGII,30.149999618530273,30.149999618530273,30.149999618530273,30.149999618530273,30.149999618530273,407.0
2024-10-25 14:19:00+00:00,DIOD,65.61499786376953,65.61499786376953,65.61499786376953,65.58999633789062,65.58999633789062,378.0
2024-10-25 14:19:00+00:00,DLO,8.84000015258789,8.84000015258789,8.84000015258789,8.835000038146973,8.835000038146973,456.0
2024-10-25 14:19:00+00:00,DOCU,68.8949966430664,68.8949966430664,68.98500061035156,68.8949966430664,68.9800033569336,4883.0
2024-10-25 14:19:00+00:00,DOX,89.21810150146484,89.21810150146484,89.21810150146484,89.16000366210938,89.16000366210938,1456.0
2024-10-25 14:19:00+00:00,DSGX,104.06500244140625,104.06500244140625,104.06500244140625,104.06500244140625,104.06500244140625,318.0
2024-10-25 14:19:00+00:00,DTSS,2.4700000286102295,2.4700000286102295,2.4700000286102295,2.4700000286102295,2.4700000286102295,20.0
2024-10-25 14:19:00+00:00,DUOL,288.7699890136719,288.7699890136719,288.7699890136719,288.29998779296875,288.29998779296875,1197.0
2024-10-25 14:19:00+00:00,ELTK,10.399999618530273,10.399999618530273,10.399999618530273,10.399999618530273,10.399999618530273,200.0
2024-10-25 14:19:00+00:00,ENPH,83.18000030517578,83.18000030517578,83.29949951171875,83.04000091552734,83.05500030517578,12232.0
2024-10-25 14:19:00+00:00,ENTG,104.74749755859375,104.74749755859375,104.75499725341797,104.69000244140625,104.69999694824219,2686.0
2024-10-25 14:19:00+00:00,ERIC,8.454999923706055,8.454999923706055,8.460000038146973,8.454999923706055,8.460000038146973,16250.0
2024-10-25 14:19:00+00:00,EXLS,38.77000045776367,38.77000045776367,38.77000045776367,38.77000045776367,38.77000045776367,1367.0
2024-10-25 14:19:00+00:00,FFIV,216.05999755859375,216.05999755859375,216.05999755859375,215.97000122070312,215.97000122070312,587.0
2024-10-25 14:19:00+00:00,FIVN,29.780000686645508,29.780000686645508,29.78499984741211,29.760000228881836,29.760000228881836,1845.0
2024-10-25 14:19:00+00:00,FLEX,35.165000915527344,35.165000915527344,35.165000915527344,35.14500045776367,35.14500045776367,2225.0
2024-10-25 14:19:00+00:00,FLYW,17.31999969482422,17.31999969482422,17.31999969482422,17.309999465942383,17.309999465942383,837.0
2024-10-25 14:19:00+00:00,FORM,44.67499923706055,44.67499923706055,44.67499923706055,44.67499923706055,44.67499923706055,689.0
2024-10-25 14:19:00+00:00,FRSH,11.614999771118164,11.614999771118164,11.614999771118164,11.609999656677246,11.609999656677246,1810.0
2024-10-25 14:19:00+00:00,FSLR,197.92599487304688,197.92599487304688,197.92599487304688,197.64010620117188,197.89869689941406,6012.0
2024-10-25 14:19:00+00:00,FTCI,0.6500999927520752,0.6500999927520752,0.6500999927520752,0.6500999927520752,0.6500999927520752,5033.0
2024-10-25 14:19:00+00:00,FTNT,80.63999938964844,80.63999938964844,80.6500015258789,80.61000061035156,80.62000274658203,14315.0
2024-10-25 14:19:00+00:00,GCT,24.614999771118164,24.614999771118164,24.614999771118164,24.614999771118164,24.614999771118164,691.0
2024-10-25 14:19:00+00:00,GDS,21.309999465942383,21.309999465942383,21.309999465942383,21.309999465942383,21.309999465942383,1107.0
2024-10-25 14:19:00+00:00,GFS,40.59000015258789,40.59000015258789,40.595001220703125,40.59000015258789,40.59000015258789,2048.0
2024-10-25 14:19:00+00:00,GRAB,4.074999809265137,4.074999809265137,4.079999923706055,4.074999809265137,4.074999809265137,44313.0
2024-10-25 14:19:00+00:00,GRRR,4.46999979019165,4.46999979019165,4.46999979019165,4.46999979019165,4.46999979019165,200.0
2024-10-25 14:19:00+00:00,GTLB,55.369998931884766,55.369998931884766,55.369998931884766,55.34000015258789,55.34000015258789,1138.0
2024-10-25 14:19:00+00:00,HCP,33.665000915527344,33.665000915527344,33.665000915527344,33.665000915527344,33.665000915527344,831.0
2024-10-25 14:19:00+00:00,HEAR,16.434999465942383,16.434999465942383,16.474199295043945,16.43000030517578,16.459999084472656,2659.0
2024-10-25 14:19:00+00:00,HIMX,6.15749979019165,6.15749979019165,6.15749979019165,6.15749979019165,6.15749979019165,185.0
2024-10-25 14:19:00+00:00,HOLO,3.5799999237060547,3.5799999237060547,3.5799999237060547,3.571000099182129,3.571000099182129,3303.0
2024-10-25 14:19:00+00:00,HOOD,27.13010025024414,27.13010025024414,27.139999389648438,27.101900100708008,27.110000610351562,13204.0
2024-10-25 14:19:00+00:00,IMMR,8.675000190734863,8.675000190734863,8.675000190734863,8.675000190734863,8.675000190734863,554.0
2024-10-25 14:19:00+00:00,INFN,6.761499881744385,6.761499881744385,6.761499881744385,6.761499881744385,6.761499881744385,516.0
2024-10-25 14:19:00+00:00,INTC,22.80500030517578,22.80500030517578,22.819000244140625,22.782499313354492,22.78499984741211,92263.0
2024-10-25 14:19:00+00:00,INTU,609.0800170898438,609.0800170898438,609.0850219726562,609.010986328125,609.010986328125,1535.0
2024-10-25 14:19:00+00:00,IPGP,76.9800033569336,76.9800033569336,76.9800033569336,76.91999816894531,76.91999816894531,389.0
2024-10-25 14:19:00+00:00,ITI,7.190000057220459,7.190000057220459,7.199999809265137,7.190000057220459,7.199999809265137,646.0
2024-10-25 14:19:00+00:00,ITRI,102.53500366210938,102.53500366210938,102.53500366210938,102.53500366210938,102.53500366210938,597.0
2024-10-25 14:19:00+00:00,JKHY,182.58999633789062,182.58999633789062,182.58999633789062,182.5800018310547,182.58999633789062,966.0
2024-10-25 14:19:00+00:00,KC,2.684999942779541,2.684999942779541,2.684999942779541,2.684999942779541,2.684999942779541,924.0
2024-10-25 14:19:00+00:00,KLIC,44.310001373291016,44.310001373291016,44.310001373291016,44.310001373291016,44.310001373291016,369.0
2024-10-25 14:19:00+00:00,LITE,64.32499694824219,64.32499694824219,64.32499694824219,64.23999786376953,64.23999786376953,1938.0
2024-10-25 14:19:00+00:00,LOGI,80.69000244140625,80.69000244140625,80.69000244140625,80.68000030517578,80.68000030517578,1360.0
2024-10-25 14:19:00+00:00,LPSN,1.1649999618530273,1.1649999618530273,1.1649999618530273,1.159999966621399,1.159999966621399,2656.0
2024-10-25 14:19:00+00:00,LRCX,78.45500183105469,78.45500183105469,78.4800033569336,78.42009735107422,78.43150329589844,13809.0
2024-10-25 14:19:00+00:00,LSCC,54.125,54.125,54.125,54.06999969482422,54.06999969482422,1820.0
2024-10-25 14:19:00+00:00,LYFT,13.71500015258789,13.71500015258789,13.725000381469727,13.710000038146973,13.719900131225586,17475.0
2024-10-25 14:19:00+00:00,MANH,275.44000244140625,275.44000244140625,275.44000244140625,275.44000244140625,275.44000244140625,503.0
2024-10-25 14:19:00+00:00,MCHP,76.56199645996094,76.56199645996094,76.56999969482422,76.5199966430664,76.529296875,4881.0
2024-10-25 14:19:00+00:00,MDB,266.489990234375,266.489990234375,266.489990234375,266.489990234375,266.489990234375,1139.0
2024-10-25 14:19:00+00:00,MKSI,101.16000366210938,101.16000366210938,101.16000366210938,101.1500015258789,101.1500015258789,2153.0
2024-10-25 14:19:00+00:00,MNDY,300.1300048828125,300.1300048828125,300.1300048828125,299.8500061035156,299.8500061035156,1712.0
2024-10-25 14:19:00+00:00,MPWR,910.114990234375,910.114990234375,910.114990234375,910.114990234375,910.114990234375,301.0
2024-10-25 14:19:00+00:00,MQ,5.28000020980835,5.28000020980835,5.28000020980835,5.275000095367432,5.275000095367432,1741.0
2024-10-25 14:19:00+00:00,MRVL,82.19000244140625,82.19000244140625,82.2300033569336,82.13999938964844,82.13999938964844,7067.0
2024-10-25 14:19:00+00:00,MSFT,428.3900146484375,428.3900146484375,428.5,428.25,428.30999755859375,22469.0
2024-10-25 14:19:00+00:00,MSTR,234.3800048828125,234.3800048828125,234.85780334472656,234.05999755859375,234.14999389648438,81164.0
2024-10-25 14:19:00+00:00,MTLS,5.909999847412109,5.909999847412109,5.929999828338623,5.909999847412109,5.920000076293945,1277.0
2024-10-25 14:19:00+00:00,MTSI,119.86000061035156,119.86000061035156,119.87000274658203,119.86000061035156,119.87000274658203,3987.0
2024-10-25 14:19:00+00:00,MTTR,4.59499979019165,4.59499979019165,4.59499979019165,4.59499979019165,4.59499979019165,3066.0
2024-10-25 14:19:00+00:00,MU,108.23500061035156,108.23500061035156,108.25,108.13200378417969,108.13999938964844,15738.0
2024-10-25 14:19:00+00:00,MVIS,1.0750000476837158,1.0750000476837158,1.0750000476837158,1.0750000476837158,1.0750000476837158,3660.0
2024-10-25 14:19:00+00:00,MXL,14.800000190734863,14.800000190734863,14.800000190734863,14.789999961853027,14.789999961853027,2390.0
2024-10-25 14:19:00+00:00,NCNO,37.654998779296875,37.654998779296875,37.654998779296875,37.654998779296875,37.654998779296875,632.0
2024-10-25 14:19:00+00:00,NICE,174.6750030517578,174.6750030517578,174.6750030517578,174.60499572753906,174.60499572753906,1943.0
2024-10-25 14:19:00+00:00,NTAP,119.74500274658203,119.74500274658203,119.80999755859375,119.74500274658203,119.79199981689453,2240.0
2024-10-25 14:19:00+00:00,NTCT,20.6200008392334,20.6200008392334,20.6200008392334,20.610000610351562,20.610000610351562,585.0
2024-10-25 14:19:00+00:00,NTNX,62.095001220703125,62.095001220703125,62.11000061035156,62.09000015258789,62.099998474121094,1257.0
2024-10-25 14:19:00+00:00,NVDA,141.5399932861328,141.5399932861328,141.60000610351562,141.47000122070312,141.48500061035156,462770.0
2024-10-25 14:19:00+00:00,NVEI,33.5,33.5,33.5,33.494998931884766,33.5,2040.0
2024-10-25 14:19:00+00:00,NVTS,2.5350000858306885,2.5350000858306885,2.5350000858306885,2.5299999713897705,2.5299999713897705,18072.0
2024-10-25 14:19:00+00:00,NXPI,243.52499389648438,243.52499389648438,243.52499389648438,243.3000030517578,243.3000030517578,2202.0
2024-10-25 14:19:00+00:00,OKTA,72.16000366210938,72.16000366210938,72.16000366210938,72.16000366210938,72.16000366210938,1376.0
2024-10-25 14:19:00+00:00,OLED,203.22000122070312,203.22000122070312,203.38499450683594,203.07000732421875,203.07000732421875,1502.0
2024-10-25 14:19:00+00:00,ON,71.41000366210938,71.41000366210938,71.41000366210938,71.33999633789062,71.3499984741211,11053.0
2024-10-25 14:19:00+00:00,ONDS,0.8515999913215637,0.8515999913215637,0.8515999913215637,0.8515999913215637,0.8515999913215637,0.0
2024-10-25 14:19:00+00:00,PANW,367.29998779296875,367.29998779296875,367.5282897949219,367.0,367.0,3453.0
2024-10-25 14:19:00+00:00,PAYO,8.3100004196167,8.3100004196167,8.3100004196167,8.3100004196167,8.3100004196167,1429.0
2024-10-25 14:19:00+00:00,PAYS,3.7100000381469727,3.7100000381469727,3.7100000381469727,3.7100000381469727,3.7100000381469727,1188.0
2024-10-25 14:19:00+00:00,PCTY,173.38999938964844,173.38999938964844,173.38999938964844,173.38999938964844,173.38999938964844,633.0
2024-10-25 14:19:00+00:00,PGY,11.75,11.75,11.770000457763672,11.75,11.760000228881836,3023.0
2024-10-25 14:19:00+00:00,PHUN,10.259900093078613,10.259900093078613,10.260100364685059,10.240099906921387,10.260100364685059,10142.0
2024-10-25 14:19:00+00:00,PI,202.0,202.0,202.0,201.6699981689453,201.6699981689453,3518.0
2024-10-25 14:19:00+00:00,PLAB,23.485000610351562,23.485000610351562,23.485000610351562,23.485000610351562,23.485000610351562,428.0
2024-10-25 14:19:00+00:00,PLXS,141.44000244140625,141.44000244140625,141.55999755859375,141.44000244140625,141.55999755859375,1102.0
2024-10-25 14:19:00+00:00,POET,3.849900007247925,3.849900007247925,3.8499999046325684,3.8266000747680664,3.8266000747680664,21643.0
2024-10-25 14:19:00+00:00,POWI,63.47999954223633,63.47999954223633,63.47999954223633,63.47999954223633,63.47999954223633,442.0
2024-10-25 14:19:00+00:00,PRCH,1.2949999570846558,1.2949999570846558,1.2999999523162842,1.2949999570846558,1.2964999675750732,4628.0
2024-10-25 14:19:00+00:00,PRGS,64.45999908447266,64.45999908447266,64.45999908447266,64.45999908447266,64.45999908447266,433.0
2024-10-25 14:19:00+00:00,PYCR,14.295000076293945,14.295000076293945,14.300000190734863,14.279999732971191,14.279999732971191,2596.0
2024-10-25 14:19:00+00:00,QCOM,171.14999389648438,171.14999389648438,171.19000244140625,171.08380126953125,171.1199951171875,5828.0
2024-10-25 14:19:00+00:00,QRVO,99.7300033569336,99.7300033569336,99.75,99.70999908447266,99.70999908447266,5174.0
2024-10-25 14:19:00+00:00,QUIK,8.619999885559082,8.619999885559082,8.619999885559082,8.619999885559082,8.619999885559082,101.0
2024-10-25 14:19:00+00:00,RCAT,2.7699999809265137,2.7699999809265137,2.7699999809265137,2.7699999809265137,2.7699999809265137,10.0
2024-10-25 14:19:00+00:00,RGTI,1.2120000123977661,1.2120000123977661,1.2120000123977661,1.2120000123977661,1.2120000123977661,167.0
2024-10-25 14:19:00+00:00,RIOT,9.78499984741211,9.78499984741211,9.789999961853027,9.765999794006348,9.774999618530273,52029.0
2024-10-25 14:19:00+00:00,RMBS,43.220001220703125,43.220001220703125,43.22999954223633,43.209999084472656,43.22999954223633,1345.0
2024-10-25 14:19:00+00:00,RPAY,7.59499979019165,7.59499979019165,7.59499979019165,7.59499979019165,7.59499979019165,405.0
2024-10-25 14:19:00+00:00,RPD,38.70000076293945,38.70000076293945,38.70000076293945,38.689998626708984,38.689998626708984,556.0
2024-10-25 14:19:00+00:00,RUM,5.75,5.75,5.75,5.75,5.75,157.0
2024-10-25 14:19:00+00:00,RUN,14.244999885559082,14.244999885559082,14.25,14.229999542236328,14.234999656677246,8942.0
2024-10-25 14:19:00+00:00,SANM,67.44999694824219,67.44999694824219,67.44999694824219,67.44999694824219,67.44999694824219,935.0
2024-10-25 14:19:00+00:00,SATS,25.135000228881836,25.135000228881836,25.135000228881836,25.135000228881836,25.135000228881836,1132.0
2024-10-25 14:19:00+00:00,SEDG,15.859999656677246,15.859999656677246,15.859999656677246,15.829999923706055,15.84000015258789,7002.0
2024-10-25 14:19:00+00:00,SHLS,5.24459981918335,5.24459981918335,5.244999885559082,5.24459981918335,5.244999885559082,2869.0
2024-10-25 14:19:00+00:00,SIMO,56.470001220703125,56.470001220703125,56.470001220703125,56.470001220703125,56.470001220703125,404.0
2024-10-25 14:19:00+00:00,SITM,179.77000427246094,179.77000427246094,179.77000427246094,179.77000427246094,179.77000427246094,701.0
2024-10-25 14:19:00+00:00,SKYT,10.550000190734863,10.550000190734863,10.550000190734863,10.550000190734863,10.550000190734863,614.0
2024-10-25 14:19:00+00:00,SMCI,47.11000061035156,47.11000061035156,47.119998931884766,47.04999923706055,47.06999969482422,48582.0
2024-10-25 14:19:00+00:00,SNCR,10.604999542236328,10.604999542236328,10.604999542236328,10.604999542236328,10.604999542236328,267.0
2024-10-25 14:19:00+00:00,SNPS,502.7200012207031,502.7200012207031,502.7200012207031,502.7200012207031,502.7200012207031,2009.0
2024-10-25 14:19:00+00:00,SONO,12.704999923706055,12.704999923706055,12.704999923706055,12.699999809265137,12.699999809265137,1750.0
2024-10-25 14:19:00+00:00,SOUN,5.169000148773193,5.169000148773193,5.170000076293945,5.159999847412109,5.164999961853027,13740.0
2024-10-25 14:19:00+00:00,SPT,26.899999618530273,26.899999618530273,26.899999618530273,26.899999618530273,26.899999618530273,431.0
2024-10-25 14:19:00+00:00,SRAD,12.369999885559082,12.369999885559082,12.369999885559082,12.369999885559082,12.369999885559082,303.0
2024-10-25 14:19:00+00:00,SSNC,69.63249969482422,69.63249969482422,69.63999938964844,69.62999725341797,69.62999725341797,4753.0
2024-10-25 14:19:00+00:00,STNE,11.555000305175781,11.555000305175781,11.5600004196167,11.550000190734863,11.555000305175781,1899.0
2024-10-25 14:19:00+00:00,STX,103.27999877929688,103.27999877929688,103.29000091552734,103.2300033569336,103.2300033569336,5862.0
2024-10-25 14:19:00+00:00,SVRE,0.07810000330209732,0.07810000330209732,0.07810000330209732,0.07810000330209732,0.07810000330209732,50260.0
2024-10-25 14:19:00+00:00,SWKS,96.02999877929688,96.02999877929688,96.02999877929688,95.94989776611328,95.94989776611328,1688.0
2024-10-25 14:19:00+00:00,TACT,4.170000076293945,4.170000076293945,4.170000076293945,4.170000076293945,4.170000076293945,256.0
2024-10-25 14:19:00+00:00,TCX,19.479999542236328,19.479999542236328,19.479999542236328,19.479999542236328,19.479999542236328,499.0
2024-10-25 14:19:00+00:00,TEAM,189.3249969482422,189.3249969482422,189.38999938964844,189.32000732421875,189.3800048828125,2029.0
2024-10-25 14:19:00+00:00,TENB,41.63999938964844,41.63999938964844,41.65999984741211,41.63999938964844,41.65999984741211,680.0
2024-10-25 14:19:00+00:00,TER,112.34500122070312,112.34500122070312,112.3499984741211,112.25,112.25,7363.0
2024-10-25 14:19:00+00:00,TRMB,60.880001068115234,60.880001068115234,60.880001068115234,60.84000015258789,60.84000015258789,983.0
2024-10-25 14:19:00+00:00,TSEM,44.790000915527344,44.790000915527344,44.790000915527344,44.779998779296875,44.779998779296875,1263.0
2024-10-25 14:19:00+00:00,TTD,118.55999755859375,118.55999755859375,118.61000061035156,118.48999786376953,118.48999786376953,2381.0
2024-10-25 14:19:00+00:00,TTMI,19.59000015258789,19.59000015258789,19.600000381469727,19.59000015258789,19.600000381469727,396.0
2024-10-25 14:19:00+00:00,TWKS,4.440000057220459,4.440000057220459,4.445000171661377,4.440000057220459,4.440000057220459,6625.0
2024-10-25 14:19:00+00:00,TXN,207.41000366210938,207.41000366210938,207.41000366210938,207.19000244140625,207.19000244140625,5978.0
2024-10-25 14:19:00+00:00,UCTT,35.709999084472656,35.709999084472656,35.709999084472656,35.709999084472656,35.709999084472656,573.0
2024-10-25 14:19:00+00:00,VECO,29.270000457763672,29.270000457763672,29.270000457763672,29.270000457763672,29.270000457763672,425.0
2024-10-25 14:19:00+00:00,VERX,41.91999816894531,41.91999816894531,41.91999816894531,41.91999816894531,41.91999816894531,237.0
2024-10-25 14:19:00+00:00,VIAV,9.194999694824219,9.194999694824219,9.194999694824219,9.194999694824219,9.194999694824219,845.0
2024-10-25 14:19:00+00:00,VICR,46.310001373291016,46.310001373291016,46.310001373291016,46.310001373291016,46.310001373291016,346.0
2024-10-25 14:19:00+00:00,VMEO,4.735000133514404,4.735000133514404,4.739999771118164,4.735000133514404,4.739999771118164,616.0
2024-10-25 14:19:00+00:00,VOXX,7.559999942779541,7.559999942779541,7.559999942779541,7.559999942779541,7.559999942779541,658.0
2024-10-25 14:19:00+00:00,VRNS,56.70000076293945,56.70000076293945,56.709999084472656,56.70000076293945,56.709999084472656,865.0
2024-10-25 14:19:00+00:00,VSAT,10.154999732971191,10.154999732971191,10.154999732971191,10.140000343322754,10.140000343322754,1463.0
2024-10-25 14:19:00+00:00,VUZI,1.291599988937378,1.291599988937378,1.291599988937378,1.291599988937378,1.291599988937378,2648.0
2024-10-25 14:19:00+00:00,WALD,3.549999952316284,3.549999952316284,3.549999952316284,3.549999952316284,3.549999952316284,18.0
2024-10-25 14:19:00+00:00,WDAY,238.80540466308594,238.80540466308594,238.80540466308594,238.80540466308594,238.80540466308594,636.0
2024-10-25 14:19:00+00:00,WDC,70.02200317382812,70.02200317382812,70.02200317382812,69.88999938964844,69.91000366210938,12629.0
2024-10-25 14:19:00+00:00,WISA,2.0250000953674316,2.0250000953674316,2.0299999713897705,2.0151000022888184,2.0151000022888184,11641.0
2024-10-25 14:19:00+00:00,XPER,9.380000114440918,9.380000114440918,9.380000114440918,9.380000114440918,9.380000114440918,490.0
2024-10-25 14:19:00+00:00,XRX,9.944999694824219,9.944999694824219,9.949999809265137,9.9350004196167,9.9350004196167,3059.0
2024-10-25 14:19:00+00:00,ZBRA,359.8450012207031,359.8450012207031,359.8450012207031,359.8450012207031,359.8450012207031,149.0
2024-10-25 14:19:00+00:00,ZM,72.81999969482422,72.81999969482422,72.82050323486328,72.81999969482422,72.81999969482422,3447.0
2024-10-25 14:19:00+00:00,ZS,184.86000061035156,184.86000061035156,184.86000061035156,184.86000061035156,184.86000061035156,2030.0
2024-10-25 14:20:00+00:00,AAOI,17.65999984741211,17.65999984741211,17.65999984741211,17.65999984741211,17.65999984741211,2470.0
2024-10-25 14:20:00+00:00,AAPL,231.66000366210938,231.66000366210938,231.6959991455078,231.60000610351562,231.625,56278.0
2024-10-25 14:20:00+00:00,ACIW,48.76539993286133,48.76539993286133,48.77000045776367,48.76539993286133,48.77000045776367,1439.0
2024-10-25 14:20:00+00:00,ACLS,89.91000366210938,89.91000366210938,90.00499725341797,89.7300033569336,90.00499725341797,7068.0
2024-10-25 14:20:00+00:00,ADBE,484.2799987792969,484.2799987792969,484.2799987792969,484.07000732421875,484.07000732421875,1502.0
2024-10-25 14:20:00+00:00,ADI,231.35000610351562,231.35000610351562,231.42999267578125,231.35000610351562,231.3699951171875,1512.0
2024-10-25 14:20:00+00:00,ADSK,286.07000732421875,286.07000732421875,286.07000732421875,286.06500244140625,286.06500244140625,829.0
2024-10-25 14:20:00+00:00,ADTN,6.284999847412109,6.284999847412109,6.284999847412109,6.284999847412109,6.284999847412109,238.0
2024-10-25 14:20:00+00:00,AEHR,16.779600143432617,16.779600143432617,16.779600143432617,16.740800857543945,16.740800857543945,6899.0
2024-10-25 14:20:00+00:00,AFRM,41.369998931884766,41.369998931884766,41.38800048828125,41.35240173339844,41.35240173339844,8184.0
2024-10-25 14:20:00+00:00,AGYS,111.0199966430664,111.0199966430664,111.0199966430664,111.0199966430664,111.0199966430664,337.0
2024-10-25 14:20:00+00:00,AKTS,0.05900000035762787,0.05900000035762787,0.05900000035762787,0.05889999866485596,0.05889999866485596,3565.0
2024-10-25 14:20:00+00:00,ALGM,23.0,23.0,23.0049991607666,23.0,23.0,7679.0
2024-10-25 14:20:00+00:00,ALKT,38.0,38.0,38.0,37.94499969482422,37.970001220703125,1402.0
2024-10-25 14:20:00+00:00,AMAT,187.1999969482422,187.1999969482422,187.25,187.08999633789062,187.08999633789062,7824.0
2024-10-25 14:20:00+00:00,AMD,156.46200561523438,156.46200561523438,156.4698944091797,156.32000732421875,156.3300018310547,53402.0
2024-10-25 14:20:00+00:00,AMKR,29.969999313354492,29.969999313354492,29.969999313354492,29.969999313354492,29.969999313354492,388.0
2024-10-25 14:20:00+00:00,AMPL,9.119999885559082,9.119999885559082,9.119999885559082,9.119999885559082,9.119999885559082,910.0
2024-10-25 14:20:00+00:00,AOSL,36.35749816894531,36.35749816894531,36.35749816894531,36.33000183105469,36.33000183105469,723.0
2024-10-25 14:20:00+00:00,API,2.880000114440918,2.880000114440918,2.880000114440918,2.880000114440918,2.880000114440918,300.0
2024-10-25 14:20:00+00:00,APP,161.01499938964844,161.01499938964844,161.01499938964844,160.89500427246094,160.89500427246094,3063.0
2024-10-25 14:20:00+00:00,APPS,3.055000066757202,3.055000066757202,3.055000066757202,3.049999952316284,3.049999952316284,1986.0
2024-10-25 14:20:00+00:00,ARRY,6.385000228881836,6.385000228881836,6.389999866485596,6.380000114440918,6.385000228881836,10057.0
2024-10-25 14:20:00+00:00,ASML,714.3599853515625,714.3599853515625,714.3599853515625,714.3599853515625,714.3599853515625,262.0
2024-10-25 14:20:00+00:00,AUR,6.409999847412109,6.409999847412109,6.409999847412109,6.400000095367432,6.400000095367432,10672.0
2024-10-25 14:20:00+00:00,AVDX,8.074999809265137,8.074999809265137,8.074999809265137,8.074999809265137,8.074999809265137,2288.0
2024-10-25 14:20:00+00:00,AVGO,174.0388946533203,174.0388946533203,174.0388946533203,173.77999877929688,173.8300018310547,20083.0
2024-10-25 14:20:00+00:00,AZPN,236.4375,236.4375,236.4375,236.4375,236.4375,1457.0
2024-10-25 14:20:00+00:00,BCOV,2.2499001026153564,2.2499001026153564,2.2499001026153564,2.2499001026153564,2.2499001026153564,300.0
2024-10-25 14:20:00+00:00,BIGC,5.304999828338623,5.304999828338623,5.304999828338623,5.304999828338623,5.304999828338623,449.0
2024-10-25 14:20:00+00:00,BL,56.10499954223633,56.10499954223633,56.10499954223633,56.10499954223633,56.10499954223633,664.0
2024-10-25 14:20:00+00:00,BLZE,7.179999828338623,7.179999828338623,7.179999828338623,7.179999828338623,7.179999828338623,206.0
2024-10-25 14:20:00+00:00,BMBL,7.119999885559082,7.119999885559082,7.119999885559082,7.119999885559082,7.119999885559082,742.0
2024-10-25 14:20:00+00:00,BSY,49.209999084472656,49.209999084472656,49.209999084472656,49.189998626708984,49.189998626708984,321.0
2024-10-25 14:20:00+00:00,CAMP,11.055000305175781,11.055000305175781,11.055000305175781,11.055000305175781,11.055000305175781,145.0
2024-10-25 14:20:00+00:00,CAMT,77.54000091552734,77.54000091552734,77.54000091552734,77.5199966430664,77.5199966430664,1069.0
2024-10-25 14:20:00+00:00,CAN,0.9713000059127808,0.9713000059127808,0.9713000059127808,0.9713000059127808,0.9713000059127808,171.0
2024-10-25 14:20:00+00:00,CDNS,258.1400146484375,258.1400146484375,258.1400146484375,258.0350036621094,258.0400085449219,2017.0
2024-10-25 14:20:00+00:00,CDW,218.1999969482422,218.1999969482422,218.22000122070312,218.02499389648438,218.11000061035156,7019.0
2024-10-25 14:20:00+00:00,CETX,0.30160000920295715,0.30160000920295715,0.30309998989105225,0.30160000920295715,0.30309998989105225,736.0
2024-10-25 14:20:00+00:00,CFLT,22.56999969482422,22.56999969482422,22.56999969482422,22.540000915527344,22.545000076293945,6545.0
2024-10-25 14:20:00+00:00,CGNX,38.8650016784668,38.8650016784668,38.8650016784668,38.8650016784668,38.8650016784668,210.0
2024-10-25 14:20:00+00:00,CHKP,206.83999633789062,206.83999633789062,206.83999633789062,206.83999633789062,206.83999633789062,908.0
2024-10-25 14:20:00+00:00,CLSK,11.604999542236328,11.604999542236328,11.625,11.59000015258789,11.614999771118164,60740.0
2024-10-25 14:20:00+00:00,CNXC,44.39500045776367,44.39500045776367,44.400001525878906,44.39500045776367,44.400001525878906,244.0
2024-10-25 14:20:00+00:00,COHR,95.54000091552734,95.54000091552734,95.55999755859375,95.49500274658203,95.49500274658203,2427.0
2024-10-25 14:20:00+00:00,COIN,206.79330444335938,206.79330444335938,206.97059631347656,206.5449981689453,206.77000427246094,15814.0
2024-10-25 14:20:00+00:00,COMM,6.239999771118164,6.239999771118164,6.244999885559082,6.239999771118164,6.239999771118164,1823.0
2024-10-25 14:20:00+00:00,CORZ,13.3100004196167,13.3100004196167,13.319999694824219,13.295000076293945,13.308799743652344,26450.0
2024-10-25 14:20:00+00:00,CRDO,39.029998779296875,39.029998779296875,39.029998779296875,39.0099983215332,39.0099983215332,787.0
2024-10-25 14:20:00+00:00,CRNC,2.924999952316284,2.924999952316284,2.924999952316284,2.924999952316284,2.924999952316284,159.0
2024-10-25 14:20:00+00:00,CRSR,6.329999923706055,6.329999923706055,6.329999923706055,6.329999923706055,6.329999923706055,318.0
2024-10-25 14:20:00+00:00,CRWD,296.7300109863281,296.7300109863281,296.739990234375,296.3450012207031,296.3450012207031,5825.0
2024-10-25 14:20:00+00:00,CSCO,55.77000045776367,55.77000045776367,55.77000045776367,55.730098724365234,55.730098724365234,11748.0
2024-10-25 14:20:00+00:00,CSIQ,13.289999961853027,13.289999961853027,13.289999961853027,13.28499984741211,13.28499984741211,1087.0
2024-10-25 14:20:00+00:00,CTLP,8.854999542236328,8.854999542236328,8.859999656677246,8.854999542236328,8.859999656677246,1424.0
2024-10-25 14:20:00+00:00,CTSH,74.77999877929688,74.77999877929688,74.77999877929688,74.73999786376953,74.73999786376953,3205.0
2024-10-25 14:20:00+00:00,CVLT,134.3800048828125,134.3800048828125,134.3800048828125,134.2550048828125,134.2550048828125,1405.0
2024-10-25 14:20:00+00:00,DAIO,2.5102999210357666,2.5102999210357666,2.5102999210357666,2.5102999210357666,2.5102999210357666,200.0
2024-10-25 14:20:00+00:00,DATS,1.6859999895095825,1.6859999895095825,1.6859999895095825,1.6859999895095825,1.6859999895095825,921.0
2024-10-25 14:20:00+00:00,DAVE,38.849998474121094,38.849998474121094,38.849998474121094,38.83000183105469,38.83000183105469,543.0
2024-10-25 14:20:00+00:00,DBX,25.975000381469727,25.975000381469727,25.975000381469727,25.975000381469727,25.975000381469727,1441.0
2024-10-25 14:20:00+00:00,DDOG,126.23500061035156,126.23500061035156,126.23500061035156,126.16999816894531,126.17500305175781,3379.0
2024-10-25 14:20:00+00:00,DGHI,1.559999942779541,1.559999942779541,1.559999942779541,1.559999942779541,1.559999942779541,10417.0
2024-10-25 14:20:00+00:00,DOCU,68.8550033569336,68.8550033569336,68.88999938964844,68.8499984741211,68.86000061035156,8348.0
2024-10-25 14:20:00+00:00,DOMO,8.020000457763672,8.020000457763672,8.020000457763672,8.0,8.0,2001.0
2024-10-25 14:20:00+00:00,DOX,89.23999786376953,89.23999786376953,89.23999786376953,89.23999786376953,89.23999786376953,596.0
2024-10-25 14:20:00+00:00,DSGX,104.12999725341797,104.12999725341797,104.12999725341797,104.12999725341797,104.12999725341797,445.0
2024-10-25 14:20:00+00:00,EEFT,99.7300033569336,99.7300033569336,99.7300033569336,99.7300033569336,99.7300033569336,810.0
2024-10-25 14:20:00+00:00,ENPH,83.27999877929688,83.27999877929688,83.33000183105469,83.18499755859375,83.18499755859375,7184.0
2024-10-25 14:20:00+00:00,ENTG,104.79000091552734,104.79000091552734,104.80999755859375,104.75,104.75,1334.0
2024-10-25 14:20:00+00:00,ERIC,8.454000473022461,8.454000473022461,8.460000038146973,8.454000473022461,8.460000038146973,22289.0
2024-10-25 14:20:00+00:00,EXTR,14.364999771118164,14.364999771118164,14.364999771118164,14.354999542236328,14.354999542236328,1054.0
2024-10-25 14:20:00+00:00,FFIV,216.1649932861328,216.1649932861328,216.1649932861328,215.89999389648438,216.05999755859375,3679.0
2024-10-25 14:20:00+00:00,FIVN,29.779399871826172,29.779399871826172,29.779399871826172,29.779399871826172,29.779399871826172,199.0
2024-10-25 14:20:00+00:00,FLEX,35.18000030517578,35.18000030517578,35.185001373291016,35.165000915527344,35.165000915527344,4915.0
2024-10-25 14:20:00+00:00,FLYW,17.34000015258789,17.34000015258789,17.34000015258789,17.34000015258789,17.34000015258789,685.0
2024-10-25 14:20:00+00:00,FSLR,197.5399932861328,197.5399932861328,197.9499969482422,197.4600067138672,197.8699951171875,16029.0
2024-10-25 14:20:00+00:00,FTCI,0.6521000266075134,0.6521000266075134,0.6521000266075134,0.6500999927520752,0.6500999927520752,0.0
2024-10-25 14:20:00+00:00,FTNT,80.67500305175781,80.67500305175781,80.67500305175781,80.62999725341797,80.63999938964844,10857.0
2024-10-25 14:20:00+00:00,GCT,24.65999984741211,24.65999984741211,24.65999984741211,24.649999618530273,24.649999618530273,839.0
2024-10-25 14:20:00+00:00,GDS,21.334999084472656,21.334999084472656,21.334999084472656,21.334999084472656,21.334999084472656,1426.0
2024-10-25 14:20:00+00:00,GDYN,15.53499984741211,15.53499984741211,15.53499984741211,15.53499984741211,15.53499984741211,724.0
2024-10-25 14:20:00+00:00,GFS,40.630001068115234,40.630001068115234,40.630001068115234,40.595001220703125,40.60499954223633,781.0
2024-10-25 14:20:00+00:00,GPRO,1.315000057220459,1.315000057220459,1.315000057220459,1.315000057220459,1.315000057220459,194.0
2024-10-25 14:20:00+00:00,GRAB,4.074999809265137,4.074999809265137,4.079999923706055,4.070700168609619,4.079999923706055,57126.0
2024-10-25 14:20:00+00:00,GRRR,4.474999904632568,4.474999904632568,4.480000019073486,4.474999904632568,4.480000019073486,373.0
2024-10-25 14:20:00+00:00,GTLB,55.34000015258789,55.34000015258789,55.34000015258789,55.34000015258789,55.34000015258789,680.0
2024-10-25 14:20:00+00:00,HCP,33.665000915527344,33.665000915527344,33.665000915527344,33.65999984741211,33.665000915527344,2081.0
2024-10-25 14:20:00+00:00,HIMX,6.15500020980835,6.15500020980835,6.15500020980835,6.15500020980835,6.15500020980835,680.0
2024-10-25 14:20:00+00:00,HLIT,14.75,14.75,14.75,14.739999771118164,14.739999771118164,1852.0
2024-10-25 14:20:00+00:00,HOLO,3.569999933242798,3.569999933242798,3.5799999237060547,3.569999933242798,3.569999933242798,4259.0
2024-10-25 14:20:00+00:00,HOOD,27.145000457763672,27.145000457763672,27.15999984741211,27.136999130249023,27.139999389648438,11115.0
2024-10-25 14:20:00+00:00,IMMR,8.680000305175781,8.680000305175781,8.680000305175781,8.680000305175781,8.680000305175781,819.0
2024-10-25 14:20:00+00:00,IMXI,17.59000015258789,17.59000015258789,17.59000015258789,17.59000015258789,17.59000015258789,244.0
2024-10-25 14:20:00+00:00,INDI,3.4928998947143555,3.4928998947143555,3.4928998947143555,3.4928998947143555,3.4928998947143555,347.0
2024-10-25 14:20:00+00:00,INOD,20.045000076293945,20.045000076293945,20.068099975585938,20.045000076293945,20.045000076293945,2739.0
2024-10-25 14:20:00+00:00,INTA,50.21500015258789,50.21500015258789,50.21500015258789,50.21500015258789,50.21500015258789,374.0
2024-10-25 14:20:00+00:00,INTC,22.835100173950195,22.835100173950195,22.835100173950195,22.799999237060547,22.80500030517578,55939.0
2024-10-25 14:20:00+00:00,INTU,609.517822265625,609.517822265625,609.517822265625,609.517822265625,609.517822265625,561.0
2024-10-25 14:20:00+00:00,JKHY,182.58999633789062,182.58999633789062,182.58999633789062,182.5800018310547,182.5800018310547,830.0
2024-10-25 14:20:00+00:00,KLAC,675.8099975585938,675.8099975585938,675.8099975585938,675.8099975585938,675.8099975585938,419.0
2024-10-25 14:20:00+00:00,KOPN,0.7789999842643738,0.7789999842643738,0.7789999842643738,0.7789999842643738,0.7789999842643738,1000.0
2024-10-25 14:20:00+00:00,LINK,4.691100120544434,4.691100120544434,4.691100120544434,4.690000057220459,4.690000057220459,1246.0
2024-10-25 14:20:00+00:00,LITE,64.3499984741211,64.3499984741211,64.3499984741211,64.33499908447266,64.33499908447266,1357.0
2024-10-25 14:20:00+00:00,LPSN,1.159999966621399,1.159999966621399,1.1649999618530273,1.159999966621399,1.1649999618530273,2954.0
2024-10-25 14:20:00+00:00,LRCX,78.4800033569336,78.4800033569336,78.5,78.44499969482422,78.45500183105469,19881.0
2024-10-25 14:20:00+00:00,LSCC,54.15999984741211,54.15999984741211,54.189998626708984,54.119998931884766,54.119998931884766,1972.0
2024-10-25 14:20:00+00:00,LYFT,13.71500015258789,13.71500015258789,13.71500015258789,13.710000038146973,13.71500015258789,8169.0
2024-10-25 14:20:00+00:00,MANH,275.5,275.5,275.5,275.5,275.5,1135.0
2024-10-25 14:20:00+00:00,MCHP,76.61000061035156,76.61000061035156,76.62000274658203,76.55999755859375,76.55999755859375,3291.0
2024-10-25 14:20:00+00:00,MITK,8.760000228881836,8.760000228881836,8.760000228881836,8.760000228881836,8.760000228881836,870.0
2024-10-25 14:20:00+00:00,MKSI,101.14250183105469,101.14250183105469,101.1500015258789,101.14250183105469,101.1500015258789,589.0
2024-10-25 14:20:00+00:00,MKTW,0.5875999927520752,0.5875999927520752,0.5875999927520752,0.5875999927520752,0.5875999927520752,904.0
2024-10-25 14:20:00+00:00,MPWR,911.3599853515625,911.3599853515625,911.5150146484375,910.1749877929688,911.25,2289.0
2024-10-25 14:20:00+00:00,MQ,5.28000020980835,5.28000020980835,5.28000020980835,5.28000020980835,5.28000020980835,1576.0
2024-10-25 14:20:00+00:00,MRVL,82.2300033569336,82.2300033569336,82.2300033569336,82.16999816894531,82.18150329589844,4383.0
2024-10-25 14:20:00+00:00,MSFT,428.6499938964844,428.6499938964844,428.7699890136719,428.4049987792969,428.4200134277344,19568.0
2024-10-25 14:20:00+00:00,MSTR,233.94000244140625,233.94000244140625,234.74989318847656,233.92999267578125,234.47000122070312,43300.0
2024-10-25 14:20:00+00:00,MTSI,119.8499984741211,119.8499984741211,119.8499984741211,119.8499984741211,119.8499984741211,221.0
2024-10-25 14:20:00+00:00,MTTR,4.59499979019165,4.59499979019165,4.59499979019165,4.59499979019165,4.59499979019165,2830.0
2024-10-25 14:20:00+00:00,MU,108.37989807128906,108.37989807128906,108.37989807128906,108.22000122070312,108.23999786376953,21371.0
2024-10-25 14:20:00+00:00,MVIS,1.0800000429153442,1.0800000429153442,1.0800000429153442,1.0800000429153442,1.0800000429153442,10299.0
2024-10-25 14:20:00+00:00,MXL,14.829999923706055,14.829999923706055,14.829999923706055,14.819999694824219,14.819999694824219,852.0
2024-10-25 14:20:00+00:00,NCNO,37.650001525878906,37.650001525878906,37.650001525878906,37.650001525878906,37.650001525878906,304.0
2024-10-25 14:20:00+00:00,NICE,174.86500549316406,174.86500549316406,174.86500549316406,174.86500549316406,174.86500549316406,821.0
2024-10-25 14:20:00+00:00,NTCT,20.625,20.625,20.625,20.6200008392334,20.6200008392334,821.0
2024-10-25 14:20:00+00:00,NTGR,20.229999542236328,20.229999542236328,20.229999542236328,20.229999542236328,20.229999542236328,102.0
2024-10-25 14:20:00+00:00,NTNX,62.095001220703125,62.095001220703125,62.095001220703125,62.095001220703125,62.095001220703125,329.0
2024-10-25 14:20:00+00:00,NVDA,141.63999938964844,141.63999938964844,141.66000366210938,141.47140502929688,141.5399932861328,345302.0
2024-10-25 14:20:00+00:00,NVTS,2.5399999618530273,2.5399999618530273,2.5399999618530273,2.5399999618530273,2.5399999618530273,241.0
2024-10-25 14:20:00+00:00,NXPI,243.64500427246094,243.64500427246094,243.64500427246094,243.61000061035156,243.61000061035156,956.0
2024-10-25 14:20:00+00:00,OKTA,72.18000030517578,72.18000030517578,72.19999694824219,72.1500015258789,72.1500015258789,1541.0
2024-10-25 14:20:00+00:00,ON,71.48500061035156,71.48500061035156,71.49500274658203,71.38999938964844,71.41000366210938,17487.0
2024-10-25 14:20:00+00:00,ONDS,0.8490999937057495,0.8490999937057495,0.8490999937057495,0.8490999937057495,0.8490999937057495,0.0
2024-10-25 14:20:00+00:00,OSPN,14.510000228881836,14.510000228881836,14.510000228881836,14.510000228881836,14.510000228881836,921.0
2024-10-25 14:20:00+00:00,OTEX,33.310001373291016,33.310001373291016,33.310001373291016,33.310001373291016,33.310001373291016,282.0
2024-10-25 14:20:00+00:00,PANW,367.6300048828125,367.6300048828125,367.6300048828125,367.489990234375,367.489990234375,619.0
2024-10-25 14:20:00+00:00,PDFS,29.145000457763672,29.145000457763672,29.145000457763672,29.145000457763672,29.145000457763672,625.0
2024-10-25 14:20:00+00:00,PEGA,79.1500015258789,79.1500015258789,79.16999816894531,79.1500015258789,79.16999816894531,937.0
2024-10-25 14:20:00+00:00,PEGY,4.840000152587891,4.840000152587891,4.840000152587891,4.840000152587891,4.840000152587891,173.0
2024-10-25 14:20:00+00:00,PGY,11.760000228881836,11.760000228881836,11.760000228881836,11.75,11.75,3657.0
2024-10-25 14:20:00+00:00,PHUN,10.265000343322754,10.265000343322754,10.279999732971191,10.201000213623047,10.259900093078613,43734.0
2024-10-25 14:20:00+00:00,PI,202.22999572753906,202.22999572753906,202.22999572753906,202.22999572753906,202.22999572753906,419.0
2024-10-25 14:20:00+00:00,PLAB,23.5,23.5,23.5,23.5,23.5,376.0
2024-10-25 14:20:00+00:00,POET,3.839900016784668,3.839900016784668,3.8499999046325684,3.839900016784668,3.8399999141693115,3729.0
2024-10-25 14:20:00+00:00,POWI,63.5,63.5,63.5,63.5,63.5,526.0
2024-10-25 14:20:00+00:00,PRGS,64.48999786376953,64.48999786376953,64.48999786376953,64.48999786376953,64.48999786376953,2208.0
2024-10-25 14:20:00+00:00,PTC,186.6999969482422,186.6999969482422,186.6999969482422,186.58999633789062,186.6300048828125,2332.0
2024-10-25 14:20:00+00:00,PYCR,14.295000076293945,14.295000076293945,14.295000076293945,14.295000076293945,14.295000076293945,97.0
2024-10-25 14:20:00+00:00,QCOM,171.3166961669922,171.3166961669922,171.3166961669922,171.1699981689453,171.1699981689453,4440.0
2024-10-25 14:20:00+00:00,QRVO,99.83000183105469,99.83000183105469,99.83000183105469,99.80000305175781,99.80000305175781,1534.0
2024-10-25 14:20:00+00:00,QUIK,8.616000175476074,8.616000175476074,8.616000175476074,8.616000175476074,8.616000175476074,399.0
2024-10-25 14:20:00+00:00,RDWR,22.25,22.25,22.25,22.225000381469727,22.225000381469727,807.0
2024-10-25 14:20:00+00:00,RGTI,1.2200000286102295,1.2200000286102295,1.2200000286102295,1.2200000286102295,1.2200000286102295,301.0
2024-10-25 14:20:00+00:00,RIOT,9.76990032196045,9.76990032196045,9.78499984741211,9.760000228881836,9.78499984741211,42089.0
2024-10-25 14:20:00+00:00,RMBS,43.244998931884766,43.244998931884766,43.279998779296875,43.20500183105469,43.22999954223633,2111.0
2024-10-25 14:20:00+00:00,RPAY,7.590000152587891,7.590000152587891,7.590000152587891,7.590000152587891,7.590000152587891,1591.0
2024-10-25 14:20:00+00:00,RUM,5.75,5.75,5.75,5.75,5.75,536.0
2024-10-25 14:20:00+00:00,RUN,14.244999885559082,14.244999885559082,14.25,14.244000434875488,14.244999885559082,2605.0
2024-10-25 14:20:00+00:00,SANM,67.4800033569336,67.4800033569336,67.4800033569336,67.4800033569336,67.4800033569336,352.0
2024-10-25 14:20:00+00:00,SCSC,44.65999984741211,44.65999984741211,44.70000076293945,44.64500045776367,44.68000030517578,2116.0
2024-10-25 14:20:00+00:00,SCWX,8.380000114440918,8.380000114440918,8.380000114440918,8.375,8.375,342.0
2024-10-25 14:20:00+00:00,SEDG,15.829999923706055,15.829999923706055,15.859999656677246,15.829999923706055,15.850000381469727,7833.0
2024-10-25 14:20:00+00:00,SHLS,5.244999885559082,5.244999885559082,5.244999885559082,5.240499973297119,5.244999885559082,6307.0
2024-10-25 14:20:00+00:00,SIMO,56.47999954223633,56.47999954223633,56.47999954223633,56.47999954223633,56.47999954223633,8.0
2024-10-25 14:20:00+00:00,SITM,180.07000732421875,180.07000732421875,180.07000732421875,180.07000732421875,180.07000732421875,912.0
2024-10-25 14:20:00+00:00,SKYT,10.5600004196167,10.5600004196167,10.5600004196167,10.5600004196167,10.5600004196167,676.0
2024-10-25 14:20:00+00:00,SMCI,47.119998931884766,47.119998931884766,47.130001068115234,47.060001373291016,47.099998474121094,30046.0
2024-10-25 14:20:00+00:00,SOPA,0.9301999807357788,0.9301999807357788,0.9514999985694885,0.9301999807357788,0.9514999985694885,6017.0
2024-10-25 14:20:00+00:00,SOUN,5.161499977111816,5.161499977111816,5.170000076293945,5.161499977111816,5.169400215148926,4397.0
2024-10-25 14:20:00+00:00,SPSC,172.94500732421875,172.94500732421875,173.0,172.94500732421875,173.0,802.0
2024-10-25 14:20:00+00:00,SPT,26.915000915527344,26.915000915527344,26.915000915527344,26.915000915527344,26.915000915527344,1153.0
2024-10-25 14:20:00+00:00,SRAD,12.369999885559082,12.369999885559082,12.369999885559082,12.369999885559082,12.369999885559082,267.0
2024-10-25 14:20:00+00:00,SSNC,69.67500305175781,69.67500305175781,69.68000030517578,69.63999938964844,69.6500015258789,6459.0
2024-10-25 14:20:00+00:00,SSYS,7.039999961853027,7.039999961853027,7.039999961853027,7.039999961853027,7.039999961853027,894.0
2024-10-25 14:20:00+00:00,STNE,11.5649995803833,11.5649995803833,11.5649995803833,11.550000190734863,11.550000190734863,3783.0
2024-10-25 14:20:00+00:00,STX,103.36000061035156,103.36000061035156,103.37000274658203,103.26499938964844,103.28500366210938,6018.0
2024-10-25 14:20:00+00:00,SVRE,0.07819999754428864,0.07819999754428864,0.07819999754428864,0.07819999754428864,0.07819999754428864,15297.0
2024-10-25 14:20:00+00:00,SWKS,96.04000091552734,96.04000091552734,96.05999755859375,96.04000091552734,96.04000091552734,3818.0
2024-10-25 14:20:00+00:00,TEAM,189.5399932861328,189.5399932861328,189.5399932861328,189.44000244140625,189.44000244140625,1577.0
2024-10-25 14:20:00+00:00,TENB,41.665000915527344,41.665000915527344,41.665000915527344,41.665000915527344,41.665000915527344,408.0
2024-10-25 14:20:00+00:00,TER,112.34500122070312,112.34500122070312,112.3865966796875,112.33999633789062,112.33999633789062,2827.0
2024-10-25 14:20:00+00:00,TRMB,60.900001525878906,60.900001525878906,60.904998779296875,60.880001068115234,60.880001068115234,855.0
2024-10-25 14:20:00+00:00,TTD,118.72000122070312,118.72000122070312,118.72000122070312,118.5999984741211,118.5999984741211,1281.0
2024-10-25 14:20:00+00:00,TTEC,5.349999904632568,5.349999904632568,5.349999904632568,5.349999904632568,5.349999904632568,956.0
2024-10-25 14:20:00+00:00,TTMI,19.600000381469727,19.600000381469727,19.600000381469727,19.600000381469727,19.600000381469727,215.0
2024-10-25 14:20:00+00:00,TWKS,4.445000171661377,4.445000171661377,4.445000171661377,4.440000057220459,4.440000057220459,642.0
2024-10-25 14:20:00+00:00,TXN,207.63999938964844,207.63999938964844,207.64999389648438,207.39999389648438,207.39999389648438,7485.0
2024-10-25 14:20:00+00:00,UCTT,35.7599983215332,35.7599983215332,35.7599983215332,35.7599983215332,35.7599983215332,906.0
2024-10-25 14:20:00+00:00,VCSA,2.375,2.375,2.375,2.369999885559082,2.369999885559082,482.0
2024-10-25 14:20:00+00:00,VECO,29.256900787353516,29.256900787353516,29.256900787353516,29.256900787353516,29.256900787353516,364.0
2024-10-25 14:20:00+00:00,VIAV,9.194999694824219,9.194999694824219,9.199999809265137,9.194999694824219,9.194999694824219,451.0
2024-10-25 14:20:00+00:00,VICR,46.310001373291016,46.310001373291016,46.38999938964844,46.28499984741211,46.28499984741211,2218.0
2024-10-25 14:20:00+00:00,VMEO,4.735000133514404,4.735000133514404,4.739999771118164,4.735000133514404,4.739999771118164,1131.0
2024-10-25 14:20:00+00:00,VNET,3.4000000953674316,3.4000000953674316,3.4000000953674316,3.4000000953674316,3.4000000953674316,200.0
2024-10-25 14:20:00+00:00,VRNS,56.7400016784668,56.7400016784668,56.75,56.720001220703125,56.720001220703125,2343.0
2024-10-25 14:20:00+00:00,VRNT,21.940000534057617,21.940000534057617,21.950000762939453,21.940000534057617,21.950000762939453,773.0
2024-10-25 14:20:00+00:00,VRSN,183.25,183.25,183.25,183.24000549316406,183.24000549316406,2707.0
2024-10-25 14:20:00+00:00,VSAT,10.149999618530273,10.149999618530273,10.149999618530273,10.149999618530273,10.149999618530273,501.0
2024-10-25 14:20:00+00:00,VUZI,1.2949999570846558,1.2949999570846558,1.2956000566482544,1.2899999618530273,1.2929999828338623,11673.0
2024-10-25 14:20:00+00:00,WDAY,239.0,239.0,239.0,239.0,239.0,1114.0
2024-10-25 14:20:00+00:00,WDC,70.05999755859375,70.05999755859375,70.12999725341797,70.01239776611328,70.01239776611328,23642.0
2024-10-25 14:20:00+00:00,WISA,2.030400037765503,2.030400037765503,2.0399999618530273,2.0250000953674316,2.029400110244751,16413.0
2024-10-25 14:20:00+00:00,WIX,165.0,165.0,165.0,165.0,165.0,329.0
2024-10-25 14:20:00+00:00,WRAP,1.809999942779541,1.809999942779541,1.809999942779541,1.809999942779541,1.809999942779541,260.0
2024-10-25 14:20:00+00:00,XELA,1.9800000190734863,1.9800000190734863,1.9800000190734863,1.9800000190734863,1.9800000190734863,451.0
2024-10-25 14:20:00+00:00,XRX,9.960000038146973,9.960000038146973,9.960000038146973,9.944999694824219,9.944999694824219,913.0
2024-10-25 14:20:00+00:00,ZBRA,360.1050109863281,360.1050109863281,360.1050109863281,359.8699951171875,360.0400085449219,4290.0
2024-10-25 14:20:00+00:00,ZI,10.494999885559082,10.494999885559082,10.494999885559082,10.489999771118164,10.489999771118164,4129.0
2024-10-25 14:21:00+00:00,AAOI,17.670000076293945,17.670000076293945,17.670000076293945,17.670000076293945,17.670000076293945,1000.0
2024-10-25 14:21:00+00:00,AAPL,231.4777069091797,231.4777069091797,231.66000366210938,231.4600067138672,231.66000366210938,32355.0
2024-10-25 14:21:00+00:00,ACLS,89.75399780273438,89.75399780273438,89.75399780273438,89.75399780273438,89.75399780273438,846.0
2024-10-25 14:21:00+00:00,ACMR,19.56999969482422,19.56999969482422,19.56999969482422,19.56999969482422,19.56999969482422,239.0
2024-10-25 14:21:00+00:00,ADBE,483.93499755859375,483.93499755859375,484.1650085449219,483.93499755859375,484.1650085449219,1898.0
2024-10-25 14:21:00+00:00,ADI,231.3699951171875,231.3699951171875,231.42999267578125,231.2100067138672,231.42999267578125,12121.0
2024-10-25 14:21:00+00:00,ADTN,6.284999847412109,6.284999847412109,6.284999847412109,6.284999847412109,6.284999847412109,138.0
2024-10-25 14:21:00+00:00,AEHR,16.809499740600586,16.809499740600586,16.809499740600586,16.78499984741211,16.78499984741211,874.0
2024-10-25 14:21:00+00:00,AFRM,41.34000015258789,41.34000015258789,41.369998931884766,41.334999084472656,41.36949920654297,6381.0
2024-10-25 14:21:00+00:00,ALGM,22.989999771118164,22.989999771118164,23.0,22.969999313354492,22.989999771118164,5551.0
2024-10-25 14:21:00+00:00,AMAT,186.89999389648438,186.89999389648438,187.1300048828125,186.89999389648438,187.1300048828125,4503.0
2024-10-25 14:21:00+00:00,AMD,156.27000427246094,156.27000427246094,156.4302978515625,156.22999572753906,156.4302978515625,50754.0
2024-10-25 14:21:00+00:00,AMKR,29.979999542236328,29.979999542236328,29.979999542236328,29.979999542236328,29.979999542236328,1188.0
2024-10-25 14:21:00+00:00,API,2.880000114440918,2.880000114440918,2.880000114440918,2.880000114440918,2.880000114440918,500.0
2024-10-25 14:21:00+00:00,APP,161.19000244140625,161.19000244140625,161.19000244140625,161.0749969482422,161.08999633789062,3731.0
2024-10-25 14:21:00+00:00,APPF,211.86500549316406,211.86500549316406,212.0399932861328,211.86000061035156,212.0399932861328,2253.0
2024-10-25 14:21:00+00:00,APPS,3.049999952316284,3.049999952316284,3.049999952316284,3.049999952316284,3.049999952316284,218.0
2024-10-25 14:21:00+00:00,ARRY,6.380000114440918,6.380000114440918,6.386000156402588,6.380000114440918,6.385000228881836,8774.0
2024-10-25 14:21:00+00:00,ASML,713.1900024414062,713.1900024414062,714.344482421875,713.1900024414062,714.344482421875,2291.0
2024-10-25 14:21:00+00:00,ASNS,1.3049999475479126,1.3049999475479126,1.3049999475479126,1.3049999475479126,1.3049999475479126,263.0
2024-10-25 14:21:00+00:00,AVDX,8.074999809265137,8.074999809265137,8.074999809265137,8.074999809265137,8.074999809265137,219.0
2024-10-25 14:21:00+00:00,AVGO,173.74000549316406,173.74000549316406,174.0,173.71009826660156,173.9990997314453,19169.0
2024-10-25 14:21:00+00:00,AXTI,2.6649999618530273,2.6649999618530273,2.6649999618530273,2.6649999618530273,2.6649999618530273,848.0
2024-10-25 14:21:00+00:00,BAND,17.602399826049805,17.602399826049805,17.602399826049805,17.602399826049805,17.602399826049805,165.0
2024-10-25 14:21:00+00:00,BASE,16.239999771118164,16.239999771118164,16.239999771118164,16.239999771118164,16.239999771118164,207.0
2024-10-25 14:21:00+00:00,BCOV,2.240000009536743,2.240000009536743,2.240000009536743,2.240000009536743,2.240000009536743,200.0
2024-10-25 14:21:00+00:00,BIGC,5.304999828338623,5.304999828338623,5.304999828338623,5.304999828338623,5.304999828338623,576.0
2024-10-25 14:21:00+00:00,BMBL,7.125,7.125,7.125,7.125,7.125,277.0
2024-10-25 14:21:00+00:00,BRZE,30.780000686645508,30.780000686645508,30.780000686645508,30.780000686645508,30.780000686645508,105.0
2024-10-25 14:21:00+00:00,BSY,49.189998626708984,49.189998626708984,49.20000076293945,49.189998626708984,49.20000076293945,824.0
2024-10-25 14:21:00+00:00,CAN,0.9729999899864197,0.9729999899864197,0.9739999771118164,0.9729999899864197,0.9739999771118164,2375.0
2024-10-25 14:21:00+00:00,CCSI,20.25,20.25,20.25,20.25,20.25,575.0
2024-10-25 14:21:00+00:00,CDNS,257.8699951171875,257.8699951171875,258.19000244140625,257.8699951171875,258.19000244140625,5485.0
2024-10-25 14:21:00+00:00,CDW,218.1199951171875,218.1199951171875,218.1199951171875,218.11500549316406,218.1199951171875,1685.0
2024-10-25 14:21:00+00:00,CETX,0.3027999997138977,0.3027999997138977,0.3027999997138977,0.3027999997138977,0.3027999997138977,576.0
2024-10-25 14:21:00+00:00,CFLT,22.55500030517578,22.55500030517578,22.559999465942383,22.551000595092773,22.559999465942383,1408.0
2024-10-25 14:21:00+00:00,CGNX,38.849998474121094,38.849998474121094,38.87049865722656,38.849998474121094,38.87049865722656,2419.0
2024-10-25 14:21:00+00:00,CLSK,11.61989974975586,11.61989974975586,11.619999885559082,11.579999923706055,11.604999542236328,56102.0
2024-10-25 14:21:00+00:00,COHR,95.5,95.5,95.55000305175781,95.44999694824219,95.54000091552734,6884.0
2024-10-25 14:21:00+00:00,COIN,206.78759765625,206.78759765625,206.88999938964844,206.35000610351562,206.75,30722.0
2024-10-25 14:21:00+00:00,COMM,6.235000133514404,6.235000133514404,6.239999771118164,6.235000133514404,6.239999771118164,737.0
2024-10-25 14:21:00+00:00,CORZ,13.28499984741211,13.28499984741211,13.300000190734863,13.279999732971191,13.300000190734863,6361.0
2024-10-25 14:21:00+00:00,CRCT,6.559999942779541,6.559999942779541,6.559999942779541,6.559999942779541,6.559999942779541,946.0
2024-10-25 14:21:00+00:00,CRDO,38.970001220703125,38.970001220703125,39.04499816894531,38.970001220703125,39.029998779296875,10265.0
2024-10-25 14:21:00+00:00,CRNC,2.924999952316284,2.924999952316284,2.924999952316284,2.924999952316284,2.924999952316284,513.0
2024-10-25 14:21:00+00:00,CRUS,122.74500274658203,122.74500274658203,122.74500274658203,122.74500274658203,122.74500274658203,495.0
2024-10-25 14:21:00+00:00,CRWD,296.1499938964844,296.1499938964844,296.7550048828125,296.1499938964844,296.7550048828125,5509.0
2024-10-25 14:21:00+00:00,CSCO,55.72999954223633,55.72999954223633,55.77040100097656,55.72999954223633,55.77000045776367,9721.0
2024-10-25 14:21:00+00:00,CSIQ,13.289999961853027,13.289999961853027,13.300000190734863,13.279999732971191,13.289999961853027,5989.0
2024-10-25 14:21:00+00:00,CTSH,74.7300033569336,74.7300033569336,74.7699966430664,74.7300033569336,74.7699966430664,2687.0
2024-10-25 14:21:00+00:00,DAIO,2.5381999015808105,2.5381999015808105,2.5381999015808105,2.5381999015808105,2.5381999015808105,1007.0
2024-10-25 14:21:00+00:00,DAKT,13.0600004196167,13.0600004196167,13.0600004196167,13.0600004196167,13.0600004196167,221.0
2024-10-25 14:21:00+00:00,DBX,25.979999542236328,25.979999542236328,25.989999771118164,25.975000381469727,25.975000381469727,5500.0
2024-10-25 14:21:00+00:00,DDOG,126.11000061035156,126.11000061035156,126.19999694824219,126.11000061035156,126.19999694824219,1884.0
2024-10-25 14:21:00+00:00,DIOD,65.5199966430664,65.5199966430664,65.58999633789062,65.5199966430664,65.58999633789062,1173.0
2024-10-25 14:21:00+00:00,DLO,8.835000038146973,8.835000038146973,8.835000038146973,8.833999633789062,8.833999633789062,683.0
2024-10-25 14:21:00+00:00,DOCU,68.8949966430664,68.8949966430664,68.91000366210938,68.8550033569336,68.8550033569336,4864.0
2024-10-25 14:21:00+00:00,DOMO,8.026000022888184,8.026000022888184,8.026000022888184,8.026000022888184,8.026000022888184,330.0
2024-10-25 14:21:00+00:00,EEFT,99.72000122070312,99.72000122070312,99.72000122070312,99.72000122070312,99.72000122070312,635.0
2024-10-25 14:21:00+00:00,EMKR,2.125,2.125,2.130000114440918,2.125,2.130000114440918,2894.0
2024-10-25 14:21:00+00:00,ENPH,83.20999908447266,83.20999908447266,83.25499725341797,83.18000030517578,83.25499725341797,3157.0
2024-10-25 14:21:00+00:00,ENTG,104.61000061035156,104.61000061035156,104.7750015258789,104.61000061035156,104.7750015258789,3448.0
2024-10-25 14:21:00+00:00,ERIC,8.46500015258789,8.46500015258789,8.469900131225586,8.454000473022461,8.45989990234375,189364.0
2024-10-25 14:21:00+00:00,EVCM,10.4399995803833,10.4399995803833,10.4399995803833,10.4399995803833,10.4399995803833,123.0
2024-10-25 14:21:00+00:00,FFIV,216.00999450683594,216.00999450683594,216.00999450683594,216.00999450683594,216.00999450683594,315.0
2024-10-25 14:21:00+00:00,FIVN,29.770000457763672,29.770000457763672,29.780000686645508,29.770000457763672,29.776199340820312,1844.0
2024-10-25 14:21:00+00:00,FLEX,35.18000030517578,35.18000030517578,35.189998626708984,35.18000030517578,35.18000030517578,2063.0
2024-10-25 14:21:00+00:00,FLYW,17.309999465942383,17.309999465942383,17.309999465942383,17.309999465942383,17.309999465942383,751.0
2024-10-25 14:21:00+00:00,FORM,44.70000076293945,44.70000076293945,44.70000076293945,44.68000030517578,44.68000030517578,536.0
2024-10-25 14:21:00+00:00,FRSH,11.609999656677246,11.609999656677246,11.609999656677246,11.609999656677246,11.609999656677246,1759.0
2024-10-25 14:21:00+00:00,FSLR,197.59500122070312,197.59500122070312,197.64999389648438,197.3302001953125,197.55999755859375,17787.0
2024-10-25 14:21:00+00:00,FTCI,0.6521000266075134,0.6521000266075134,0.6521000266075134,0.6521000266075134,0.6521000266075134,6364.0
2024-10-25 14:21:00+00:00,FTNT,80.5999984741211,80.5999984741211,80.63999938964844,80.5999984741211,80.63999938964844,1552.0
2024-10-25 14:21:00+00:00,GCT,24.649999618530273,24.649999618530273,24.65999984741211,24.649999618530273,24.65999984741211,919.0
2024-10-25 14:21:00+00:00,GDYN,15.545000076293945,15.545000076293945,15.545000076293945,15.545000076293945,15.545000076293945,122.0
2024-10-25 14:21:00+00:00,GFS,40.58000183105469,40.58000183105469,40.630001068115234,40.58000183105469,40.630001068115234,1211.0
2024-10-25 14:21:00+00:00,GRAB,4.074999809265137,4.074999809265137,4.079999923706055,4.074999809265137,4.074999809265137,52452.0
2024-10-25 14:21:00+00:00,GRRR,4.485000133514404,4.485000133514404,4.485000133514404,4.485000133514404,4.485000133514404,1013.0
2024-10-25 14:21:00+00:00,GRRRW,0.061799999326467514,0.061799999326467514,0.061799999326467514,0.061799999326467514,0.061799999326467514,0.0
2024-10-25 14:21:00+00:00,GTLB,55.34000015258789,55.34000015258789,55.400001525878906,55.34000015258789,55.400001525878906,893.0
2024-10-25 14:21:00+00:00,HCP,33.665000915527344,33.665000915527344,33.665000915527344,33.665000915527344,33.665000915527344,1021.0
2024-10-25 14:21:00+00:00,HOOD,27.125,27.125,27.145000457763672,27.114999771118164,27.145000457763672,15902.0
2024-10-25 14:21:00+00:00,INDI,3.490000009536743,3.490000009536743,3.5,3.490000009536743,3.5,503.0
2024-10-25 14:21:00+00:00,INFN,6.760000228881836,6.760000228881836,6.760000228881836,6.760000228881836,6.760000228881836,0.0
2024-10-25 14:21:00+00:00,INTC,22.814599990844727,22.814599990844727,22.838899612426758,22.814599990844727,22.834999084472656,59057.0
2024-10-25 14:21:00+00:00,INTU,609.0399780273438,609.0399780273438,609.2050170898438,609.0399780273438,609.0900268554688,1865.0
2024-10-25 14:21:00+00:00,IPGP,76.98999786376953,76.98999786376953,76.98999786376953,76.98999786376953,76.98999786376953,235.0
2024-10-25 14:21:00+00:00,JAMF,16.719999313354492,16.719999313354492,16.719999313354492,16.719999313354492,16.719999313354492,515.0
2024-10-25 14:21:00+00:00,JKHY,182.58999633789062,182.58999633789062,182.58999633789062,182.4300994873047,182.4300994873047,3447.0
2024-10-25 14:21:00+00:00,KC,2.680000066757202,2.680000066757202,2.684999942779541,2.680000066757202,2.684999942779541,309.0
2024-10-25 14:21:00+00:00,KLAC,675.1199951171875,675.1199951171875,675.6900024414062,675.1199951171875,675.4749755859375,1609.0
2024-10-25 14:21:00+00:00,KLIC,44.29999923706055,44.29999923706055,44.29999923706055,44.29999923706055,44.29999923706055,592.0
2024-10-25 14:21:00+00:00,KOPN,0.7789000272750854,0.7789000272750854,0.7789000272750854,0.7789000272750854,0.7789000272750854,103.0
2024-10-25 14:21:00+00:00,LITE,64.33000183105469,64.33000183105469,64.36000061035156,64.33000183105469,64.35919952392578,1214.0
2024-10-25 14:21:00+00:00,LOGI,80.62000274658203,80.62000274658203,80.63999938964844,80.62000274658203,80.63999938964844,1084.0
2024-10-25 14:21:00+00:00,LRCX,78.3499984741211,78.3499984741211,78.47769927978516,78.3499984741211,78.47769927978516,13678.0
2024-10-25 14:21:00+00:00,LSCC,54.150001525878906,54.150001525878906,54.154998779296875,54.119998931884766,54.154998779296875,4847.0
2024-10-25 14:21:00+00:00,LYFT,13.725000381469727,13.725000381469727,13.725000381469727,13.704999923706055,13.710000038146973,23819.0
2024-10-25 14:21:00+00:00,MCHP,76.5199966430664,76.5199966430664,76.59980010986328,76.5199966430664,76.59980010986328,4990.0
2024-10-25 14:21:00+00:00,MINM,0.6100000143051147,0.6100000143051147,0.6200000047683716,0.6100000143051147,0.6200000047683716,3000.0
2024-10-25 14:21:00+00:00,MKSI,100.99500274658203,100.99500274658203,101.13999938964844,100.99500274658203,101.11250305175781,1875.0
2024-10-25 14:21:00+00:00,MNDY,300.29998779296875,300.29998779296875,300.29998779296875,300.29998779296875,300.29998779296875,1367.0
2024-10-25 14:21:00+00:00,MPWR,909.7418212890625,909.7418212890625,910.0399780273438,909.7418212890625,910.0399780273438,1296.0
2024-10-25 14:21:00+00:00,MQ,5.289999961853027,5.289999961853027,5.289999961853027,5.279900074005127,5.279900074005127,37875.0
2024-10-25 14:21:00+00:00,MRAM,6.300000190734863,6.300000190734863,6.300000190734863,6.300000190734863,6.300000190734863,253.0
2024-10-25 14:21:00+00:00,MRVL,82.05999755859375,82.05999755859375,82.19000244140625,82.04000091552734,82.19000244140625,13349.0
2024-10-25 14:21:00+00:00,MSFT,428.3599853515625,428.3599853515625,428.6499938964844,428.2799987792969,428.6499938964844,16403.0
2024-10-25 14:21:00+00:00,MSTR,234.4600067138672,234.4600067138672,234.66000366210938,233.4600067138672,233.89500427246094,48569.0
2024-10-25 14:21:00+00:00,MTC,0.37529999017715454,0.37529999017715454,0.37529999017715454,0.37529999017715454,0.37529999017715454,1317.0
2024-10-25 14:21:00+00:00,MTSI,119.9000015258789,119.9000015258789,119.9000015258789,119.9000015258789,119.9000015258789,202.0
2024-10-25 14:21:00+00:00,MTTR,4.59499979019165,4.59499979019165,4.59499979019165,4.59499979019165,4.59499979019165,3877.0
2024-10-25 14:21:00+00:00,MU,108.2300033569336,108.2300033569336,108.3499984741211,108.2300033569336,108.3499984741211,20494.0
2024-10-25 14:21:00+00:00,MVIS,1.0800000429153442,1.0800000429153442,1.0800000429153442,1.0800000429153442,1.0800000429153442,1433.0
2024-10-25 14:21:00+00:00,MXL,14.829999923706055,14.829999923706055,14.829999923706055,14.828399658203125,14.828399658203125,895.0
2024-10-25 14:21:00+00:00,NNDM,2.3299999237060547,2.3299999237060547,2.3299999237060547,2.3299999237060547,2.3299999237060547,306.0
2024-10-25 14:21:00+00:00,NTAP,119.79000091552734,119.79000091552734,119.79000091552734,119.79000091552734,119.79000091552734,1365.0
2024-10-25 14:21:00+00:00,NTGR,20.239999771118164,20.239999771118164,20.239999771118164,20.229999542236328,20.229999542236328,268.0
2024-10-25 14:21:00+00:00,NTNX,62.095001220703125,62.095001220703125,62.095001220703125,62.095001220703125,62.095001220703125,698.0
2024-10-25 14:21:00+00:00,NVDA,141.375,141.375,141.65989685058594,141.35000610351562,141.6510009765625,407187.0
2024-10-25 14:21:00+00:00,NVEI,33.494998931884766,33.494998931884766,33.494998931884766,33.494998931884766,33.494998931884766,764.0
2024-10-25 14:21:00+00:00,NXPI,243.34500122070312,243.34500122070312,243.6999969482422,243.30999755859375,243.6999969482422,2339.0
2024-10-25 14:21:00+00:00,OKTA,72.16999816894531,72.16999816894531,72.16999816894531,72.1500015258789,72.16000366210938,2142.0
2024-10-25 14:21:00+00:00,OLED,203.11000061035156,203.11000061035156,203.2899932861328,203.11000061035156,203.2899932861328,1227.0
2024-10-25 14:21:00+00:00,ON,71.29000091552734,71.29000091552734,71.4749984741211,71.26000213623047,71.4749984741211,19102.0
2024-10-25 14:21:00+00:00,OTEX,33.29999923706055,33.29999923706055,33.29999923706055,33.29999923706055,33.29999923706055,446.0
2024-10-25 14:21:00+00:00,PANW,367.2099914550781,367.2099914550781,367.5350036621094,367.2099914550781,367.5350036621094,1656.0
2024-10-25 14:21:00+00:00,PCTY,173.6199951171875,173.6199951171875,173.66000366210938,173.6199951171875,173.64999389648438,637.0
2024-10-25 14:21:00+00:00,PEGY,4.900000095367432,4.900000095367432,4.900000095367432,4.820000171661377,4.820000171661377,1745.0
2024-10-25 14:21:00+00:00,PHUN,10.324999809265137,10.324999809265137,10.324999809265137,10.28499984741211,10.300000190734863,54659.0
2024-10-25 14:21:00+00:00,PI,201.90499877929688,201.90499877929688,202.0800018310547,201.90499877929688,202.0800018310547,1324.0
2024-10-25 14:21:00+00:00,POET,3.8450000286102295,3.8450000286102295,3.8450000286102295,3.8450000286102295,3.8450000286102295,103.0
2024-10-25 14:21:00+00:00,POWI,63.459999084472656,63.459999084472656,63.470001220703125,63.459999084472656,63.470001220703125,932.0
2024-10-25 14:21:00+00:00,PRCH,1.2999999523162842,1.2999999523162842,1.2999999523162842,1.2999999523162842,1.2999999523162842,218.0
2024-10-25 14:21:00+00:00,PTC,186.75,186.75,186.75,186.6300048828125,186.72000122070312,4304.0
2024-10-25 14:21:00+00:00,QCOM,171.05999755859375,171.05999755859375,171.25,171.05999755859375,171.25,4567.0
2024-10-25 14:21:00+00:00,QLYS,120.62000274658203,120.62000274658203,120.63500213623047,120.62000274658203,120.63500213623047,821.0
2024-10-25 14:21:00+00:00,QRVO,99.73999786376953,99.73999786376953,99.79499816894531,99.73999786376953,99.79000091552734,3567.0
2024-10-25 14:21:00+00:00,RDVT,28.52359962463379,28.52359962463379,28.52359962463379,28.52359962463379,28.52359962463379,143.0
2024-10-25 14:21:00+00:00,REKR,1.090000033378601,1.090000033378601,1.090000033378601,1.090000033378601,1.090000033378601,212.0
2024-10-25 14:21:00+00:00,RELL,13.989999771118164,13.989999771118164,13.989999771118164,13.989999771118164,13.989999771118164,209.0
2024-10-25 14:21:00+00:00,RELY,14.885000228881836,14.885000228881836,14.885000228881836,14.880000114440918,14.880000114440918,2247.0
2024-10-25 14:21:00+00:00,RGTI,1.225000023841858,1.225000023841858,1.225000023841858,1.2200000286102295,1.2200000286102295,28272.0
2024-10-25 14:21:00+00:00,RIOT,9.771499633789062,9.771499633789062,9.78499984741211,9.753999710083008,9.765000343322754,37389.0
2024-10-25 14:21:00+00:00,RMBS,43.2599983215332,43.2599983215332,43.2599983215332,43.220001220703125,43.25,3004.0
2024-10-25 14:21:00+00:00,RPD,38.72999954223633,38.72999954223633,38.72999954223633,38.72999954223633,38.72999954223633,114.0
2024-10-25 14:21:00+00:00,RUM,5.75,5.75,5.75,5.744999885559082,5.744999885559082,279.0
2024-10-25 14:21:00+00:00,RUN,14.260000228881836,14.260000228881836,14.260000228881836,14.244999885559082,14.244999885559082,12852.0
2024-10-25 14:21:00+00:00,RXT,2.4860000610351562,2.4860000610351562,2.4860000610351562,2.4860000610351562,2.4860000610351562,3016.0
2024-10-25 14:21:00+00:00,SANM,67.48500061035156,67.48500061035156,67.51499938964844,67.48500061035156,67.5,843.0
2024-10-25 14:21:00+00:00,SEDG,15.800000190734863,15.800000190734863,15.835000038146973,15.781999588012695,15.833999633789062,11356.0
2024-10-25 14:21:00+00:00,SHLS,5.244999885559082,5.244999885559082,5.244999885559082,5.244999885559082,5.244999885559082,2575.0
2024-10-25 14:21:00+00:00,SIMO,56.47999954223633,56.47999954223633,56.47999954223633,56.47999954223633,56.47999954223633,5033.0
2024-10-25 14:21:00+00:00,SKYT,10.5600004196167,10.5600004196167,10.5600004196167,10.5600004196167,10.5600004196167,233.0
2024-10-25 14:21:00+00:00,SMCI,47.060001373291016,47.060001373291016,47.11989974975586,47.040000915527344,47.11000061035156,27019.0
2024-10-25 14:21:00+00:00,SMTC,45.65999984741211,45.65999984741211,45.685001373291016,45.65999984741211,45.685001373291016,1010.0
2024-10-25 14:21:00+00:00,SNPS,502.54998779296875,502.54998779296875,502.54998779296875,502.54998779296875,502.54998779296875,835.0
2024-10-25 14:21:00+00:00,SOUN,5.164999961853027,5.164999961853027,5.166399955749512,5.160799980163574,5.166399955749512,5547.0
2024-10-25 14:21:00+00:00,SPSC,172.44000244140625,172.44000244140625,172.85000610351562,172.44000244140625,172.85000610351562,1125.0
2024-10-25 14:21:00+00:00,SPT,26.950000762939453,26.950000762939453,26.969999313354492,26.950000762939453,26.959999084472656,1311.0
2024-10-25 14:21:00+00:00,SRAD,12.369999885559082,12.369999885559082,12.369999885559082,12.369999885559082,12.369999885559082,946.0
2024-10-25 14:21:00+00:00,SSNC,69.66500091552734,69.66500091552734,69.69000244140625,69.66500091552734,69.68000030517578,10870.0
2024-10-25 14:21:00+00:00,STNE,11.5649995803833,11.5649995803833,11.5649995803833,11.5600004196167,11.5649995803833,3672.0
2024-10-25 14:21:00+00:00,STX,103.26000213623047,103.26000213623047,103.3550033569336,103.26000213623047,103.3550033569336,2317.0
2024-10-25 14:21:00+00:00,SVRE,0.07819999754428864,0.07819999754428864,0.07819999754428864,0.07819999754428864,0.07819999754428864,6301.0
2024-10-25 14:21:00+00:00,SWKS,95.91999816894531,95.91999816894531,96.04000091552734,95.91000366210938,96.04000091552734,2365.0
2024-10-25 14:21:00+00:00,TEAM,189.5449981689453,189.5449981689453,189.5500030517578,189.5449981689453,189.5500030517578,1235.0
2024-10-25 14:21:00+00:00,TENB,41.68000030517578,41.68000030517578,41.68000030517578,41.66999816894531,41.66999816894531,2266.0
2024-10-25 14:21:00+00:00,TER,112.1500015258789,112.1500015258789,112.3550033569336,112.1500015258789,112.3550033569336,4907.0
2024-10-25 14:21:00+00:00,TRMB,60.900001525878906,60.900001525878906,60.90999984741211,60.900001525878906,60.900001525878906,1856.0
2024-10-25 14:21:00+00:00,TSEM,44.779998779296875,44.779998779296875,44.779998779296875,44.779998779296875,44.779998779296875,540.0
2024-10-25 14:21:00+00:00,TTD,118.56999969482422,118.56999969482422,118.62000274658203,118.56999969482422,118.62000274658203,679.0
2024-10-25 14:21:00+00:00,TWKS,4.440000057220459,4.440000057220459,4.445000171661377,4.440000057220459,4.440000057220459,6562.0
2024-10-25 14:21:00+00:00,TXN,207.32000732421875,207.32000732421875,207.5500030517578,207.32000732421875,207.52999877929688,4883.0
2024-10-25 14:21:00+00:00,VECO,29.25,29.25,29.25,29.239999771118164,29.239999771118164,815.0
2024-10-25 14:21:00+00:00,VERX,41.90999984741211,41.90999984741211,41.90999984741211,41.90999984741211,41.90999984741211,420.0
2024-10-25 14:21:00+00:00,VIAV,9.1899995803833,9.1899995803833,9.1899995803833,9.1899995803833,9.1899995803833,644.0
2024-10-25 14:21:00+00:00,VMEO,4.75,4.75,4.75,4.735000133514404,4.739999771118164,7313.0
2024-10-25 14:21:00+00:00,VNET,3.4049999713897705,3.4049999713897705,3.4049999713897705,3.4000000953674316,3.4000000953674316,300.0
2024-10-25 14:21:00+00:00,VOXX,7.572400093078613,7.572400093078613,7.572400093078613,7.570000171661377,7.570000171661377,3201.0
2024-10-25 14:21:00+00:00,VRNS,56.7400016784668,56.7400016784668,56.755001068115234,56.72999954223633,56.744998931884766,2406.0
2024-10-25 14:21:00+00:00,VRNT,21.939599990844727,21.939599990844727,21.950000762939453,21.939599990844727,21.950000762939453,1804.0
2024-10-25 14:21:00+00:00,VS,2.5429999828338623,2.5429999828338623,2.5429999828338623,2.5299999713897705,2.5299999713897705,8821.0
2024-10-25 14:21:00+00:00,VSAT,10.149999618530273,10.149999618530273,10.149999618530273,10.149999618530273,10.149999618530273,402.0
2024-10-25 14:21:00+00:00,WDAY,239.02499389648438,239.02499389648438,239.02499389648438,238.9550018310547,238.9550018310547,1337.0
2024-10-25 14:21:00+00:00,WDC,70.01000213623047,70.01000213623047,70.11000061035156,70.01000213623047,70.06500244140625,29512.0
2024-10-25 14:21:00+00:00,WISA,2.0450000762939453,2.0450000762939453,2.0450000762939453,2.0299999713897705,2.0299999713897705,5713.0
2024-10-25 14:21:00+00:00,XPER,9.385000228881836,9.385000228881836,9.385000228881836,9.385000228881836,9.385000228881836,103.0
2024-10-25 14:21:00+00:00,XRX,9.949999809265137,9.949999809265137,9.954999923706055,9.949999809265137,9.954999923706055,1982.0
2024-10-25 14:21:00+00:00,ZI,10.489999771118164,10.489999771118164,10.5,10.489999771118164,10.5,3893.0
2024-10-25 14:21:00+00:00,ZM,72.81999969482422,72.81999969482422,72.83000183105469,72.81999969482422,72.83000183105469,1456.0
2024-10-25 14:22:00+00:00,AAOI,17.64069938659668,17.64069938659668,17.643999099731445,17.64069938659668,17.643999099731445,505.0
2024-10-25 14:22:00+00:00,AAPL,231.47340393066406,231.47340393066406,231.49000549316406,231.38800048828125,231.4499969482422,30015.0
2024-10-25 14:22:00+00:00,ACMR,19.549999237060547,19.549999237060547,19.549999237060547,19.549999237060547,19.549999237060547,336.0
2024-10-25 14:22:00+00:00,ADBE,483.69000244140625,483.69000244140625,483.69000244140625,483.6400146484375,483.6400146484375,2368.0
2024-10-25 14:22:00+00:00,ADI,231.17999267578125,231.17999267578125,231.17999267578125,231.1699981689453,231.1699981689453,1519.0
2024-10-25 14:22:00+00:00,ADSK,285.8500061035156,285.8500061035156,285.8999938964844,285.8500061035156,285.8999938964844,1185.0
2024-10-25 14:22:00+00:00,ADTN,6.284999847412109,6.284999847412109,6.284999847412109,6.284999847412109,6.284999847412109,526.0
2024-10-25 14:22:00+00:00,AEHR,16.78499984741211,16.78499984741211,16.790000915527344,16.77750015258789,16.77750015258789,2265.0
2024-10-25 14:22:00+00:00,AFRM,41.34000015258789,41.34000015258789,41.34000015258789,41.310001373291016,41.33000183105469,2465.0
2024-10-25 14:22:00+00:00,AKAM,102.12999725341797,102.12999725341797,102.12999725341797,102.12999725341797,102.12999725341797,1878.0
2024-10-25 14:22:00+00:00,AMAT,186.8699951171875,186.8699951171875,186.8800048828125,186.80999755859375,186.80999755859375,3206.0
2024-10-25 14:22:00+00:00,AMBA,57.79499816894531,57.79499816894531,57.79499816894531,57.79499816894531,57.79499816894531,142.0
2024-10-25 14:22:00+00:00,AMD,156.21499633789062,156.21499633789062,156.30990600585938,156.1501007080078,156.23399353027344,29105.0
2024-10-25 14:22:00+00:00,AMKR,29.940000534057617,29.940000534057617,29.940000534057617,29.940000534057617,29.940000534057617,785.0
2024-10-25 14:22:00+00:00,AMPL,9.119999885559082,9.119999885559082,9.119999885559082,9.119999885559082,9.119999885559082,751.0
2024-10-25 14:22:00+00:00,ANSS,323.25,323.25,323.25,323.25,323.25,959.0
2024-10-25 14:22:00+00:00,API,2.880000114440918,2.880000114440918,2.880000114440918,2.880000114440918,2.880000114440918,700.0
2024-10-25 14:22:00+00:00,APP,161.0800018310547,161.0800018310547,161.11000061035156,161.02999877929688,161.02999877929688,684.0
2024-10-25 14:22:00+00:00,APPF,211.625,211.625,211.6699981689453,211.625,211.6699981689453,372.0
2024-10-25 14:22:00+00:00,APPN,32.125,32.125,32.125,32.125,32.125,130.0
2024-10-25 14:22:00+00:00,APPS,3.058199882507324,3.058199882507324,3.058199882507324,3.055000066757202,3.055000066757202,757.0
2024-10-25 14:22:00+00:00,ARBE,1.8458000421524048,1.8458000421524048,1.8458000421524048,1.8458000421524048,1.8458000421524048,1072.0
2024-10-25 14:22:00+00:00,ARRY,6.385000228881836,6.385000228881836,6.394999980926514,6.380000114440918,6.380000114440918,15082.0
2024-10-25 14:22:00+00:00,ASML,713.3798828125,713.3798828125,713.3798828125,713.3798828125,713.3798828125,897.0
2024-10-25 14:22:00+00:00,AUR,6.399899959564209,6.399899959564209,6.400000095367432,6.394999980926514,6.400000095367432,10395.0
2024-10-25 14:22:00+00:00,AVDX,8.074999809265137,8.074999809265137,8.074999809265137,8.07289981842041,8.07289981842041,1086.0
2024-10-25 14:22:00+00:00,AVGO,173.58999633789062,173.58999633789062,173.74000549316406,173.57000732421875,173.67999267578125,14445.0
2024-10-25 14:22:00+00:00,BAND,17.610000610351562,17.610000610351562,17.610000610351562,17.600000381469727,17.600000381469727,575.0
2024-10-25 14:22:00+00:00,BCOV,2.240000009536743,2.240000009536743,2.240000009536743,2.240000009536743,2.240000009536743,1600.0
2024-10-25 14:22:00+00:00,BEEM,4.819900035858154,4.819900035858154,4.820000171661377,4.819900035858154,4.820000171661377,1917.0
2024-10-25 14:22:00+00:00,BIGC,5.300000190734863,5.300000190734863,5.304999828338623,5.300000190734863,5.304999828338623,337.0
2024-10-25 14:22:00+00:00,BLZE,7.179999828338623,7.179999828338623,7.179999828338623,7.179999828338623,7.179999828338623,707.0
2024-10-25 14:22:00+00:00,BMBL,7.125,7.125,7.125,7.119999885559082,7.125,1048.0
2024-10-25 14:22:00+00:00,BRZE,30.75,30.75,30.780000686645508,30.75,30.780000686645508,2521.0
2024-10-25 14:22:00+00:00,BSY,49.18130111694336,49.18130111694336,49.18130111694336,49.18130111694336,49.18130111694336,423.0
2024-10-25 14:22:00+00:00,CAMT,77.41999816894531,77.41999816894531,77.41999816894531,77.41999816894531,77.41999816894531,488.0
2024-10-25 14:22:00+00:00,CAN,0.975600004196167,0.975600004196167,0.975600004196167,0.9735000133514404,0.9739000201225281,51835.0
2024-10-25 14:22:00+00:00,CDNS,257.9100036621094,257.9100036621094,257.9100036621094,257.80999755859375,257.80999755859375,704.0
2024-10-25 14:22:00+00:00,CDW,218.0,218.0,218.0,218.0,218.0,139.0
2024-10-25 14:22:00+00:00,CFLT,22.559999465942383,22.559999465942383,22.56999969482422,22.549999237060547,22.55500030517578,4367.0
2024-10-25 14:22:00+00:00,CGNX,38.84000015258789,38.84000015258789,38.84000015258789,38.84000015258789,38.84000015258789,1425.0
2024-10-25 14:22:00+00:00,CLBT,18.239999771118164,18.239999771118164,18.25,18.239999771118164,18.25,617.0
2024-10-25 14:22:00+00:00,CLSK,11.572600364685059,11.572600364685059,11.614999771118164,11.569999694824219,11.614999771118164,63087.0
2024-10-25 14:22:00+00:00,CNXC,44.380001068115234,44.380001068115234,44.400001525878906,44.380001068115234,44.380001068115234,971.0
2024-10-25 14:22:00+00:00,COHR,95.45999908447266,95.45999908447266,95.45999908447266,95.44999694824219,95.44999694824219,916.0
2024-10-25 14:22:00+00:00,COIN,206.69500732421875,206.69500732421875,206.889892578125,206.37010192871094,206.52999877929688,29882.0
2024-10-25 14:22:00+00:00,COMM,6.235000133514404,6.235000133514404,6.235000133514404,6.235000133514404,6.235000133514404,187.0
2024-10-25 14:22:00+00:00,CORZ,13.305000305175781,13.305000305175781,13.312000274658203,13.28499984741211,13.28499984741211,3634.0
2024-10-25 14:22:00+00:00,CRDO,38.939998626708984,38.939998626708984,38.95000076293945,38.939998626708984,38.95000076293945,372.0
2024-10-25 14:22:00+00:00,CRSR,6.340000152587891,6.340000152587891,6.340000152587891,6.340000152587891,6.340000152587891,121.0
2024-10-25 14:22:00+00:00,CRWD,295.5849914550781,295.5849914550781,296.0799865722656,295.5000915527344,296.0799865722656,14952.0
2024-10-25 14:22:00+00:00,CSCO,55.71500015258789,55.71500015258789,55.720001220703125,55.71500015258789,55.720001220703125,3070.0
2024-10-25 14:22:00+00:00,CSIQ,13.270000457763672,13.270000457763672,13.3100004196167,13.270000457763672,13.289999961853027,7672.0
2024-10-25 14:22:00+00:00,CTSH,74.73249816894531,74.73249816894531,74.73999786376953,74.70999908447266,74.72000122070312,4439.0
2024-10-25 14:22:00+00:00,DATS,1.6749999523162842,1.6749999523162842,1.6749999523162842,1.662500023841858,1.662500023841858,3478.0
2024-10-25 14:22:00+00:00,DAVE,38.8025016784668,38.8025016784668,38.95000076293945,38.8025016784668,38.83000183105469,1613.0
2024-10-25 14:22:00+00:00,DBX,25.975000381469727,25.975000381469727,25.979999542236328,25.969999313354492,25.979999542236328,10774.0
2024-10-25 14:22:00+00:00,DDOG,126.15699768066406,126.15699768066406,126.19999694824219,126.11499786376953,126.11499786376953,5304.0
2024-10-25 14:22:00+00:00,DLO,8.835000038146973,8.835000038146973,8.835000038146973,8.835000038146973,8.835000038146973,849.0
2024-10-25 14:22:00+00:00,DMRC,31.3799991607666,31.3799991607666,31.3799991607666,31.3799991607666,31.3799991607666,336.0
2024-10-25 14:22:00+00:00,DOCU,68.80999755859375,68.80999755859375,68.8949966430664,68.80999755859375,68.8949966430664,5057.0
2024-10-25 14:22:00+00:00,ENPH,83.18499755859375,83.18499755859375,83.19000244140625,83.14009857177734,83.19000244140625,3471.0
2024-10-25 14:22:00+00:00,ENTG,104.59500122070312,104.59500122070312,104.61499786376953,104.54000091552734,104.61000061035156,1776.0
2024-10-25 14:22:00+00:00,ERIC,8.460000038146973,8.460000038146973,8.470000267028809,8.460000038146973,8.470000267028809,15436.0
2024-10-25 14:22:00+00:00,EVCM,10.437999725341797,10.437999725341797,10.437999725341797,10.437999725341797,10.437999725341797,221.0
2024-10-25 14:22:00+00:00,FARO,17.989999771118164,17.989999771118164,17.989999771118164,17.940000534057617,17.940000534057617,1118.0
2024-10-25 14:22:00+00:00,FFIV,215.9550018310547,215.9550018310547,215.98500061035156,215.9250030517578,215.98500061035156,855.0
2024-10-25 14:22:00+00:00,FIVN,29.75,29.75,29.780000686645508,29.75,29.780000686645508,1669.0
2024-10-25 14:22:00+00:00,FLEX,35.150001525878906,35.150001525878906,35.15999984741211,35.150001525878906,35.15999984741211,992.0
2024-10-25 14:22:00+00:00,FORM,44.65999984741211,44.65999984741211,44.65999984741211,44.65999984741211,44.65999984741211,548.0
2024-10-25 14:22:00+00:00,FTNT,80.58999633789062,80.58999633789062,80.61000061035156,80.58000183105469,80.58999633789062,1872.0
2024-10-25 14:22:00+00:00,GCT,24.6299991607666,24.6299991607666,24.665199279785156,24.6299991607666,24.6299991607666,1390.0
2024-10-25 14:22:00+00:00,GFS,40.58000183105469,40.58000183105469,40.58000183105469,40.57500076293945,40.57500076293945,430.0
2024-10-25 14:22:00+00:00,GRAB,4.074999809265137,4.074999809265137,4.079999923706055,4.073999881744385,4.074999809265137,36639.0
2024-10-25 14:22:00+00:00,HCP,33.665000915527344,33.665000915527344,33.66999816894531,33.665000915527344,33.665000915527344,1140.0
2024-10-25 14:22:00+00:00,HLIT,14.739999771118164,14.739999771118164,14.739999771118164,14.739999771118164,14.739999771118164,291.0
2024-10-25 14:22:00+00:00,HOLO,3.5799999237060547,3.5799999237060547,3.5810000896453857,3.5799999237060547,3.5810000896453857,2283.0
2024-10-25 14:22:00+00:00,HOOD,27.110000610351562,27.110000610351562,27.1299991607666,27.110000610351562,27.114999771118164,16290.0
2024-10-25 14:22:00+00:00,IMTE,1.7000000476837158,1.7000000476837158,1.7000000476837158,1.6799999475479126,1.6799999475479126,3636.0
2024-10-25 14:22:00+00:00,IMXI,17.600000381469727,17.600000381469727,17.600000381469727,17.599899291992188,17.599899291992188,1376.0
2024-10-25 14:22:00+00:00,INOD,20.045000076293945,20.045000076293945,20.045000076293945,20.03730010986328,20.03730010986328,478.0
2024-10-25 14:22:00+00:00,INSG,20.030000686645508,20.030000686645508,20.042400360107422,20.030000686645508,20.042400360107422,648.0
2024-10-25 14:22:00+00:00,INTA,50.21500015258789,50.21500015258789,50.21500015258789,50.189998626708984,50.189998626708984,337.0
2024-10-25 14:22:00+00:00,INTC,22.823999404907227,22.823999404907227,22.829999923706055,22.795000076293945,22.809999465942383,109034.0
2024-10-25 14:22:00+00:00,INTU,609.0900268554688,609.0900268554688,609.0900268554688,608.9199829101562,608.9199829101562,686.0
2024-10-25 14:22:00+00:00,ITRI,102.52999877929688,102.52999877929688,102.52999877929688,102.4800033569336,102.4800033569336,1088.0
2024-10-25 14:22:00+00:00,JAMF,16.75,16.75,16.75,16.735000610351562,16.735000610351562,534.0
2024-10-25 14:22:00+00:00,JKHY,182.39999389648438,182.39999389648438,182.5225067138672,182.39999389648438,182.44000244140625,1740.0
2024-10-25 14:22:00+00:00,KARO,40.04999923706055,40.04999923706055,40.04999923706055,40.04999923706055,40.04999923706055,200.0
2024-10-25 14:22:00+00:00,KC,2.684999942779541,2.684999942779541,2.684999942779541,2.684999942779541,2.684999942779541,318.0
2024-10-25 14:22:00+00:00,KLAC,674.4099731445312,674.4099731445312,674.4099731445312,674.4099731445312,674.4099731445312,709.0
2024-10-25 14:22:00+00:00,LINK,4.710000038146973,4.710000038146973,4.739999771118164,4.710000038146973,4.739999771118164,570.0
2024-10-25 14:22:00+00:00,LITE,64.2699966430664,64.2699966430664,64.30999755859375,64.2699966430664,64.30999755859375,983.0
2024-10-25 14:22:00+00:00,LRCX,78.33999633789062,78.33999633789062,78.36000061035156,78.27999877929688,78.33999633789062,13502.0
2024-10-25 14:22:00+00:00,LSCC,54.125,54.125,54.125,54.125,54.125,406.0
2024-10-25 14:22:00+00:00,LYFT,13.723999977111816,13.723999977111816,13.729999542236328,13.720000267028809,13.720000267028809,9432.0
2024-10-25 14:22:00+00:00,MANH,275.54998779296875,275.54998779296875,275.54998779296875,275.54998779296875,275.54998779296875,1020.0
2024-10-25 14:22:00+00:00,MCHP,76.5199966430664,76.5199966430664,76.55000305175781,76.5,76.51000213623047,5901.0
2024-10-25 14:22:00+00:00,MDB,266.510009765625,266.510009765625,266.510009765625,266.510009765625,266.510009765625,267.0
2024-10-25 14:22:00+00:00,MKSI,100.97000122070312,100.97000122070312,100.9800033569336,100.97000122070312,100.9800033569336,681.0
2024-10-25 14:22:00+00:00,MNDY,300.0,300.0,300.0,299.9700012207031,299.9700012207031,1958.0
2024-10-25 14:22:00+00:00,MPWR,909.8300170898438,909.8300170898438,909.8300170898438,909.8300170898438,909.8300170898438,426.0
2024-10-25 14:22:00+00:00,MQ,5.275000095367432,5.275000095367432,5.28000020980835,5.269999980926514,5.28000020980835,3345.0
2024-10-25 14:22:00+00:00,MRVL,82.02999877929688,82.02999877929688,82.06999969482422,82.0,82.06999969482422,5827.0
2024-10-25 14:22:00+00:00,MSFT,428.30999755859375,428.30999755859375,428.3699035644531,428.2250061035156,428.2799987792969,14930.0
2024-10-25 14:22:00+00:00,MSTR,234.02220153808594,234.02220153808594,234.5,233.8800048828125,234.49000549316406,57962.0
2024-10-25 14:22:00+00:00,MTSI,119.83999633789062,119.83999633789062,119.83999633789062,119.83999633789062,119.83999633789062,566.0
2024-10-25 14:22:00+00:00,MTTR,4.590000152587891,4.590000152587891,4.59499979019165,4.590000152587891,4.59499979019165,1052.0
2024-10-25 14:22:00+00:00,MU,108.23999786376953,108.23999786376953,108.29199981689453,108.14009857177734,108.22000122070312,15614.0
2024-10-25 14:22:00+00:00,MVIS,1.0800000429153442,1.0800000429153442,1.0800000429153442,1.0784000158309937,1.0789999961853027,11200.0
2024-10-25 14:22:00+00:00,MXL,14.8100004196167,14.8100004196167,14.8100004196167,14.8100004196167,14.8100004196167,1242.0
2024-10-25 14:22:00+00:00,NCNO,37.650001525878906,37.650001525878906,37.650001525878906,37.650001525878906,37.650001525878906,325.0
2024-10-25 14:22:00+00:00,NTAP,119.69999694824219,119.69999694824219,119.69999694824219,119.69999694824219,119.69999694824219,488.0
2024-10-25 14:22:00+00:00,NTGR,20.213499069213867,20.213499069213867,20.213499069213867,20.213499069213867,20.213499069213867,294.0
2024-10-25 14:22:00+00:00,NTNX,62.08000183105469,62.08000183105469,62.08000183105469,62.08000183105469,62.08000183105469,1257.0
2024-10-25 14:22:00+00:00,NVDA,141.375,141.375,141.41000366210938,141.27000427246094,141.3699951171875,315058.0
2024-10-25 14:22:00+00:00,NVEI,33.494998931884766,33.494998931884766,33.494998931884766,33.494998931884766,33.494998931884766,239.0
2024-10-25 14:22:00+00:00,NVTS,2.5339999198913574,2.5339999198913574,2.5350000858306885,2.530100107192993,2.5350000858306885,1285.0
2024-10-25 14:22:00+00:00,OKTA,72.12999725341797,72.12999725341797,72.13999938964844,72.12999725341797,72.13999938964844,669.0
2024-10-25 14:22:00+00:00,ON,71.27999877929688,71.27999877929688,71.30999755859375,71.25,71.25,20611.0
2024-10-25 14:22:00+00:00,OTEX,33.29499816894531,33.29499816894531,33.29999923706055,33.279998779296875,33.29999923706055,797.0
2024-10-25 14:22:00+00:00,PANW,367.2049865722656,367.2049865722656,367.2049865722656,367.1199951171875,367.1199951171875,1499.0
2024-10-25 14:22:00+00:00,PAYO,8.305000305175781,8.305000305175781,8.305000305175781,8.305000305175781,8.305000305175781,859.0
2024-10-25 14:22:00+00:00,PCTY,173.33009338378906,173.33009338378906,173.33009338378906,173.33009338378906,173.33009338378906,457.0
2024-10-25 14:22:00+00:00,PEGA,79.2300033569336,79.2300033569336,79.2300033569336,79.05000305175781,79.05000305175781,5253.0
2024-10-25 14:22:00+00:00,PEGY,4.929900169372559,4.929900169372559,4.929900169372559,4.820000171661377,4.820300102233887,7444.0
2024-10-25 14:22:00+00:00,PGY,11.760000228881836,11.760000228881836,11.765000343322754,11.760000228881836,11.765000343322754,2274.0
2024-10-25 14:22:00+00:00,PHUN,10.300100326538086,10.300100326538086,10.319999694824219,10.260100364685059,10.300100326538086,21845.0
2024-10-25 14:22:00+00:00,PI,201.90499877929688,201.90499877929688,201.90499877929688,201.90499877929688,201.90499877929688,2097.0
2024-10-25 14:22:00+00:00,POET,3.8443000316619873,3.8443000316619873,3.8499999046325684,3.8443000316619873,3.8499999046325684,1654.0
2024-10-25 14:22:00+00:00,PRCH,1.2949999570846558,1.2949999570846558,1.2949999570846558,1.2949999570846558,1.2949999570846558,156.0
2024-10-25 14:22:00+00:00,PTC,186.64999389648438,186.64999389648438,186.64999389648438,186.64999389648438,186.64999389648438,394.0
2024-10-25 14:22:00+00:00,PYCR,14.295000076293945,14.295000076293945,14.295000076293945,14.295000076293945,14.295000076293945,336.0
2024-10-25 14:22:00+00:00,QCOM,171.006103515625,171.006103515625,171.06100463867188,170.99000549316406,171.02999877929688,3050.0
2024-10-25 14:22:00+00:00,QRVO,99.70999908447266,99.70999908447266,99.7300033569336,99.66000366210938,99.70999908447266,10278.0
2024-10-25 14:22:00+00:00,RDWR,22.260000228881836,22.260000228881836,22.260000228881836,22.260000228881836,22.260000228881836,1210.0
2024-10-25 14:22:00+00:00,REFR,2.180299997329712,2.180299997329712,2.180299997329712,2.180299997329712,2.180299997329712,584.0
2024-10-25 14:22:00+00:00,RGTI,1.225000023841858,1.225000023841858,1.2300000190734863,1.225000023841858,1.2274999618530273,973.0
2024-10-25 14:22:00+00:00,RIOT,9.76990032196045,9.76990032196045,9.779899597167969,9.755000114440918,9.774999618530273,45188.0
2024-10-25 14:22:00+00:00,RMBS,43.220001220703125,43.220001220703125,43.220001220703125,43.209999084472656,43.209999084472656,1064.0
2024-10-25 14:22:00+00:00,RMNI,1.7200000286102295,1.7200000286102295,1.7200000286102295,1.7200000286102295,1.7200000286102295,200.0
2024-10-25 14:22:00+00:00,RPD,38.720001220703125,38.720001220703125,38.720001220703125,38.70500183105469,38.70500183105469,908.0
2024-10-25 14:22:00+00:00,RUM,5.742000102996826,5.742000102996826,5.742000102996826,5.742000102996826,5.742000102996826,1039.0
2024-10-25 14:22:00+00:00,RUN,14.262399673461914,14.262399673461914,14.279999732971191,14.262399673461914,14.270000457763672,11683.0
2024-10-25 14:22:00+00:00,SANM,67.48500061035156,67.48500061035156,67.48500061035156,67.48500061035156,67.48500061035156,925.0
2024-10-25 14:22:00+00:00,SCSC,44.724998474121094,44.724998474121094,44.724998474121094,44.724998474121094,44.724998474121094,472.0
2024-10-25 14:22:00+00:00,SEDG,15.789999961853027,15.789999961853027,15.8100004196167,15.770000457763672,15.800000190734863,18763.0
2024-10-25 14:22:00+00:00,SIMO,56.459999084472656,56.459999084472656,56.459999084472656,56.459999084472656,56.459999084472656,386.0
2024-10-25 14:22:00+00:00,SKYT,10.550000190734863,10.550000190734863,10.550000190734863,10.550000190734863,10.550000190734863,823.0
2024-10-25 14:22:00+00:00,SMCI,47.050201416015625,47.050201416015625,47.08000183105469,47.029998779296875,47.040000915527344,18759.0
2024-10-25 14:22:00+00:00,SMTC,45.68000030517578,45.68000030517578,45.68000030517578,45.65999984741211,45.65999984741211,369.0
2024-10-25 14:22:00+00:00,SNPS,502.1099853515625,502.1099853515625,502.1099853515625,502.1099853515625,502.1099853515625,507.0
2024-10-25 14:22:00+00:00,SONO,12.704999923706055,12.704999923706055,12.704999923706055,12.699999809265137,12.704999923706055,1243.0
2024-10-25 14:22:00+00:00,SOUN,5.170100212097168,5.170100212097168,5.177599906921387,5.164000034332275,5.164999961853027,14405.0
2024-10-25 14:22:00+00:00,SPSC,172.44500732421875,172.44500732421875,172.44500732421875,172.44500732421875,172.44500732421875,356.0
2024-10-25 14:22:00+00:00,SSNC,69.61000061035156,69.61000061035156,69.66500091552734,69.61000061035156,69.66500091552734,2643.0
2024-10-25 14:22:00+00:00,STNE,11.5649995803833,11.5649995803833,11.5649995803833,11.5600004196167,11.5600004196167,2202.0
2024-10-25 14:22:00+00:00,STX,103.19999694824219,103.19999694824219,103.19999694824219,103.16999816894531,103.19999694824219,1324.0
2024-10-25 14:22:00+00:00,SVRE,0.07819999754428864,0.07819999754428864,0.07819999754428864,0.07819999754428864,0.07819999754428864,6020.0
2024-10-25 14:22:00+00:00,SWKS,95.87999725341797,95.87999725341797,95.87999725341797,95.87999725341797,95.87999725341797,1059.0
2024-10-25 14:22:00+00:00,SYTA,1.2999999523162842,1.2999999523162842,1.2999999523162842,1.2999999523162842,1.2999999523162842,2260.0
2024-10-25 14:22:00+00:00,TEAM,189.8000030517578,189.8000030517578,189.82000732421875,189.5449981689453,189.5449981689453,3317.0
2024-10-25 14:22:00+00:00,TENB,41.66590118408203,41.66590118408203,41.66590118408203,41.650001525878906,41.650001525878906,745.0
2024-10-25 14:22:00+00:00,TER,112.05000305175781,112.05000305175781,112.12000274658203,112.05000305175781,112.12000274658203,3151.0
2024-10-25 14:22:00+00:00,TRMB,60.869998931884766,60.869998931884766,60.869998931884766,60.86000061035156,60.86000061035156,318.0
2024-10-25 14:22:00+00:00,TTD,118.58999633789062,118.58999633789062,118.62999725341797,118.58999633789062,118.62999725341797,1062.0
2024-10-25 14:22:00+00:00,TWKS,4.445000171661377,4.445000171661377,4.445000171661377,4.440000057220459,4.445000171661377,5693.0
2024-10-25 14:22:00+00:00,TXN,207.36000061035156,207.36000061035156,207.3800048828125,207.27000427246094,207.27000427246094,1998.0
2024-10-25 14:22:00+00:00,UCTT,35.68000030517578,35.68000030517578,35.68000030517578,35.68000030517578,35.68000030517578,405.0
2024-10-25 14:22:00+00:00,VERI,3.396699905395508,3.396699905395508,3.396699905395508,3.396699905395508,3.396699905395508,529.0
2024-10-25 14:22:00+00:00,VERX,41.900001525878906,41.900001525878906,41.900001525878906,41.900001525878906,41.900001525878906,788.0
2024-10-25 14:22:00+00:00,VMEO,4.739999771118164,4.739999771118164,4.75,4.739999771118164,4.75,549.0
2024-10-25 14:22:00+00:00,VNET,3.4049999713897705,3.4049999713897705,3.4049999713897705,3.4049999713897705,3.4049999713897705,320.0
2024-10-25 14:22:00+00:00,VOXX,7.513000011444092,7.513000011444092,7.573500156402588,7.513000011444092,7.573500156402588,4679.0
2024-10-25 14:22:00+00:00,VRNS,56.720001220703125,56.720001220703125,56.720001220703125,56.720001220703125,56.720001220703125,289.0
2024-10-25 14:22:00+00:00,VRNT,21.949199676513672,21.949199676513672,21.949199676513672,21.949199676513672,21.949199676513672,343.0
2024-10-25 14:22:00+00:00,VRSN,183.1699981689453,183.1699981689453,183.19000244140625,183.1699981689453,183.19000244140625,1383.0
2024-10-25 14:22:00+00:00,VSAT,10.145000457763672,10.145000457763672,10.149999618530273,10.145000457763672,10.149999618530273,1348.0
2024-10-25 14:22:00+00:00,WALD,3.549999952316284,3.549999952316284,3.549999952316284,3.549999952316284,3.549999952316284,1058.0
2024-10-25 14:22:00+00:00,WDC,69.91500091552734,69.91500091552734,69.98999786376953,69.88999938964844,69.95999908447266,8710.0
2024-10-25 14:22:00+00:00,WISA,2.0450000762939453,2.0450000762939453,2.049999952316284,2.0450000762939453,2.0450000762939453,52425.0
2024-10-25 14:22:00+00:00,XPER,9.385000228881836,9.385000228881836,9.385000228881836,9.385000228881836,9.385000228881836,487.0
2024-10-25 14:22:00+00:00,XRX,9.954999923706055,9.954999923706055,9.956000328063965,9.949999809265137,9.949999809265137,1515.0
2024-10-25 14:22:00+00:00,ZI,10.494999885559082,10.494999885559082,10.494999885559082,10.489999771118164,10.489999771118164,2944.0
2024-10-25 14:22:00+00:00,ZM,72.81999969482422,72.81999969482422,72.81999969482422,72.80999755859375,72.80999755859375,2509.0
2024-10-25 14:22:00+00:00,ZS,184.82000732421875,184.82000732421875,184.85000610351562,184.77000427246094,184.80999755859375,1029.0
2024-10-25 14:23:00+00:00,AAOI,17.665000915527344,17.665000915527344,17.670000076293945,17.649999618530273,17.649999618530273,2487.0
2024-10-25 14:23:00+00:00,AAPL,231.52999877929688,231.52999877929688,231.5449981689453,231.44000244140625,231.46499633789062,19896.0
2024-10-25 14:23:00+00:00,ACMR,19.549999237060547,19.549999237060547,19.56999969482422,19.549999237060547,19.56999969482422,1333.0
2024-10-25 14:23:00+00:00,ADTN,6.289999961853027,6.289999961853027,6.289999961853027,6.289999961853027,6.289999961853027,1037.0
2024-10-25 14:23:00+00:00,AEHR,16.799999237060547,16.799999237060547,16.799999237060547,16.780000686645508,16.780000686645508,6247.0
2024-10-25 14:23:00+00:00,AFRM,41.36000061035156,41.36000061035156,41.37990188598633,41.334999084472656,41.34980010986328,3572.0
2024-10-25 14:23:00+00:00,ALGM,22.989999771118164,22.989999771118164,23.0,22.969999313354492,22.969999313354492,7353.0
2024-10-25 14:23:00+00:00,AMAT,186.9600067138672,186.9600067138672,186.9600067138672,186.89669799804688,186.89669799804688,1975.0
2024-10-25 14:23:00+00:00,AMD,156.1999969482422,156.1999969482422,156.26499938964844,156.14999389648438,156.19309997558594,23196.0
2024-10-25 14:23:00+00:00,AMKR,29.93000030517578,29.93000030517578,29.93000030517578,29.93000030517578,29.93000030517578,784.0
2024-10-25 14:23:00+00:00,API,2.880000114440918,2.880000114440918,2.880000114440918,2.880000114440918,2.880000114440918,200.0
2024-10-25 14:23:00+00:00,APP,161.32000732421875,161.32000732421875,161.32000732421875,161.08999633789062,161.08999633789062,1955.0
2024-10-25 14:23:00+00:00,APPF,211.6199951171875,211.6199951171875,211.6199951171875,211.6199951171875,211.6199951171875,468.0
2024-10-25 14:23:00+00:00,APPN,32.150001525878906,32.150001525878906,32.150001525878906,32.150001525878906,32.150001525878906,404.0
2024-10-25 14:23:00+00:00,ARRY,6.414999961853027,6.414999961853027,6.414999961853027,6.394999980926514,6.394999980926514,30674.0
2024-10-25 14:23:00+00:00,ASML,713.3499755859375,713.3499755859375,713.3499755859375,713.3499755859375,713.3499755859375,1315.0
2024-10-25 14:23:00+00:00,ASNS,1.3049999475479126,1.3049999475479126,1.3049999475479126,1.3049999475479126,1.3049999475479126,449.0
2024-10-25 14:23:00+00:00,ASUR,9.638400077819824,9.638400077819824,9.638400077819824,9.638400077819824,9.638400077819824,204.0
2024-10-25 14:23:00+00:00,AUR,6.394999980926514,6.394999980926514,6.394999980926514,6.394999980926514,6.394999980926514,2599.0
2024-10-25 14:23:00+00:00,AVDX,8.079999923706055,8.079999923706055,8.079999923706055,8.079999923706055,8.079999923706055,670.0
2024-10-25 14:23:00+00:00,AVGO,173.7100067138672,173.7100067138672,173.7476043701172,173.52999877929688,173.57000732421875,15100.0
2024-10-25 14:23:00+00:00,AVT,53.959999084472656,53.959999084472656,53.959999084472656,53.959999084472656,53.959999084472656,259.0
2024-10-25 14:23:00+00:00,BAND,17.610000610351562,17.610000610351562,17.610000610351562,17.610000610351562,17.610000610351562,545.0
2024-10-25 14:23:00+00:00,BCOV,2.2499001026153564,2.2499001026153564,2.25,2.2499001026153564,2.25,1800.0
2024-10-25 14:23:00+00:00,BIGC,5.304999828338623,5.304999828338623,5.304999828338623,5.304999828338623,5.304999828338623,501.0
2024-10-25 14:23:00+00:00,BMBL,7.125,7.125,7.125,7.125,7.125,1768.0
2024-10-25 14:23:00+00:00,BRZE,30.75,30.75,30.75,30.75,30.75,366.0
2024-10-25 14:23:00+00:00,BSY,49.16999816894531,49.16999816894531,49.189998626708984,49.15999984741211,49.17599868774414,1640.0
2024-10-25 14:23:00+00:00,CAN,0.9761999845504761,0.9761999845504761,0.9761999845504761,0.9761999845504761,0.9761999845504761,1106.0
2024-10-25 14:23:00+00:00,CDNS,258.010009765625,258.010009765625,258.010009765625,257.8699951171875,257.885009765625,1700.0
2024-10-25 14:23:00+00:00,CDW,217.98500061035156,217.98500061035156,218.07000732421875,217.86000061035156,217.86000061035156,1021.0
2024-10-25 14:23:00+00:00,CETX,0.30300000309944153,0.30300000309944153,0.30300000309944153,0.30300000309944153,0.30300000309944153,2951.0
2024-10-25 14:23:00+00:00,CFLT,22.565799713134766,22.565799713134766,22.56999969482422,22.559999465942383,22.56999969482422,6890.0
2024-10-25 14:23:00+00:00,CLBT,18.225000381469727,18.225000381469727,18.239999771118164,18.225000381469727,18.239999771118164,1449.0
2024-10-25 14:23:00+00:00,CLSK,11.645000457763672,11.645000457763672,11.649999618530273,11.560700416564941,11.579999923706055,111096.0
2024-10-25 14:23:00+00:00,CNXC,44.34000015258789,44.34000015258789,44.34000015258789,44.34000015258789,44.34000015258789,256.0
2024-10-25 14:23:00+00:00,COHR,95.41000366210938,95.41000366210938,95.51000213623047,95.41000366210938,95.51000213623047,3752.0
2024-10-25 14:23:00+00:00,COIN,206.9600067138672,206.9600067138672,207.0,206.50999450683594,206.50999450683594,12081.0
2024-10-25 14:23:00+00:00,COMM,6.239999771118164,6.239999771118164,6.239999771118164,6.235000133514404,6.235000133514404,984.0
2024-10-25 14:23:00+00:00,CORZ,13.3371000289917,13.3371000289917,13.3371000289917,13.300000190734863,13.300000190734863,18725.0
2024-10-25 14:23:00+00:00,CRCT,6.570000171661377,6.570000171661377,6.570000171661377,6.570000171661377,6.570000171661377,264.0
2024-10-25 14:23:00+00:00,CRDO,39.0,39.0,39.0,38.97999954223633,38.97999954223633,2245.0
2024-10-25 14:23:00+00:00,CREX,4.329699993133545,4.329699993133545,4.329699993133545,4.329699993133545,4.329699993133545,500.0
2024-10-25 14:23:00+00:00,CRWD,295.6900939941406,295.6900939941406,295.90850830078125,295.2699890136719,295.5849914550781,15990.0
2024-10-25 14:23:00+00:00,CSCO,55.7400016784668,55.7400016784668,55.7400016784668,55.709999084472656,55.709999084472656,9266.0
2024-10-25 14:23:00+00:00,CSIQ,13.295000076293945,13.295000076293945,13.295000076293945,13.279999732971191,13.279999732971191,2101.0
2024-10-25 14:23:00+00:00,CTSH,74.76000213623047,74.76000213623047,74.76000213623047,74.73999786376953,74.76000213623047,4103.0
2024-10-25 14:23:00+00:00,DAKT,13.0600004196167,13.0600004196167,13.0600004196167,13.0600004196167,13.0600004196167,643.0
2024-10-25 14:23:00+00:00,DBX,25.975000381469727,25.975000381469727,25.979999542236328,25.975000381469727,25.979999542236328,958.0
2024-10-25 14:23:00+00:00,DDOG,126.19999694824219,126.19999694824219,126.2300033569336,126.13999938964844,126.17500305175781,3167.0
2024-10-25 14:23:00+00:00,DMRC,31.514999389648438,31.514999389648438,31.514999389648438,31.510000228881836,31.510000228881836,565.0
2024-10-25 14:23:00+00:00,DOCU,68.83999633789062,68.83999633789062,68.8499984741211,68.80500030517578,68.80500030517578,6810.0
2024-10-25 14:23:00+00:00,DOMO,8.050000190734863,8.050000190734863,8.050000190734863,8.039999961853027,8.039999961853027,2890.0
2024-10-25 14:23:00+00:00,DSGX,104.27999877929688,104.27999877929688,104.27999877929688,104.27999877929688,104.27999877929688,229.0
2024-10-25 14:23:00+00:00,DTSS,2.4600000381469727,2.4600000381469727,2.4600000381469727,2.4600000381469727,2.4600000381469727,105.0
2024-10-25 14:23:00+00:00,ENPH,83.28500366210938,83.28500366210938,83.3499984741211,83.19000244140625,83.19000244140625,4102.0
2024-10-25 14:23:00+00:00,ERIC,8.454999923706055,8.454999923706055,8.460000038146973,8.45009994506836,8.460000038146973,122997.0
2024-10-25 14:23:00+00:00,EXLS,38.779998779296875,38.779998779296875,38.779998779296875,38.779998779296875,38.779998779296875,978.0
2024-10-25 14:23:00+00:00,EXTR,14.364999771118164,14.364999771118164,14.364999771118164,14.364999771118164,14.364999771118164,988.0
2024-10-25 14:23:00+00:00,FFIV,216.0,216.0,216.0,216.0,216.0,300.0
2024-10-25 14:23:00+00:00,FIVN,29.739999771118164,29.739999771118164,29.75,29.729999542236328,29.75,1531.0
2024-10-25 14:23:00+00:00,FLEX,35.15999984741211,35.15999984741211,35.15999984741211,35.150001525878906,35.150001525878906,1636.0
2024-10-25 14:23:00+00:00,FLYW,17.360000610351562,17.360000610351562,17.360000610351562,17.329999923706055,17.329999923706055,794.0
2024-10-25 14:23:00+00:00,FRSH,11.625,11.625,11.625,11.614999771118164,11.614999771118164,3427.0
2024-10-25 14:23:00+00:00,FSLR,198.00999450683594,198.00999450683594,198.00999450683594,197.7050018310547,197.7050018310547,1267.0
2024-10-25 14:23:00+00:00,FTNT,80.61000061035156,80.61000061035156,80.61000061035156,80.61000061035156,80.61000061035156,966.0
2024-10-25 14:23:00+00:00,GCT,24.65999984741211,24.65999984741211,24.65999984741211,24.65999984741211,24.65999984741211,179.0
2024-10-25 14:23:00+00:00,GILT,4.911499977111816,4.911499977111816,4.911499977111816,4.911499977111816,4.911499977111816,4000.0
2024-10-25 14:23:00+00:00,GPRO,1.3141000270843506,1.3141000270843506,1.3141000270843506,1.3141000270843506,1.3141000270843506,103.0
2024-10-25 14:23:00+00:00,GRAB,4.074999809265137,4.074999809265137,4.074999809265137,4.074999809265137,4.074999809265137,3177.0
2024-10-25 14:23:00+00:00,GSIT,3.4000000953674316,3.4000000953674316,3.4000000953674316,3.4000000953674316,3.4000000953674316,163.0
2024-10-25 14:23:00+00:00,GTLB,55.349998474121094,55.349998474121094,55.349998474121094,55.349998474121094,55.349998474121094,495.0
2024-10-25 14:23:00+00:00,HCP,33.665000915527344,33.665000915527344,33.66999816894531,33.665000915527344,33.665000915527344,1786.0
2024-10-25 14:23:00+00:00,HLIT,14.755000114440918,14.755000114440918,14.755000114440918,14.739999771118164,14.739999771118164,2214.0
2024-10-25 14:23:00+00:00,HOLO,3.599900007247925,3.599900007247925,3.599900007247925,3.57450008392334,3.57450008392334,2674.0
2024-10-25 14:23:00+00:00,HOOD,27.135000228881836,27.135000228881836,27.135000228881836,27.101699829101562,27.110000610351562,11130.0
2024-10-25 14:23:00+00:00,INDI,3.5,3.5,3.5,3.494999885559082,3.494999885559082,1408.0
2024-10-25 14:23:00+00:00,INTA,50.21500015258789,50.21500015258789,50.21500015258789,50.21500015258789,50.21500015258789,613.0
2024-10-25 14:23:00+00:00,INTC,22.829999923706055,22.829999923706055,22.829999923706055,22.809999465942383,22.820100784301758,35107.0
2024-10-25 14:23:00+00:00,INTU,609.0900268554688,609.0900268554688,609.0900268554688,609.0700073242188,609.0700073242188,896.0
2024-10-25 14:23:00+00:00,IPGP,77.01000213623047,77.01000213623047,77.01000213623047,77.01000213623047,77.01000213623047,530.0
2024-10-25 14:23:00+00:00,ITRI,102.52999877929688,102.52999877929688,102.52999877929688,102.52999877929688,102.52999877929688,331.0
2024-10-25 14:23:00+00:00,JKHY,182.4149932861328,182.4149932861328,182.4149932861328,182.41000366210938,182.41000366210938,786.0
2024-10-25 14:23:00+00:00,KC,2.680000066757202,2.680000066757202,2.680000066757202,2.680000066757202,2.680000066757202,113.0
2024-10-25 14:23:00+00:00,KLAC,675.02001953125,675.02001953125,675.02001953125,675.02001953125,675.02001953125,443.0
2024-10-25 14:23:00+00:00,LINK,4.707600116729736,4.707600116729736,4.707600116729736,4.707600116729736,4.707600116729736,1100.0
2024-10-25 14:23:00+00:00,LITE,64.30999755859375,64.30999755859375,64.30999755859375,64.29000091552734,64.30000305175781,734.0
2024-10-25 14:23:00+00:00,LOGI,80.5999984741211,80.5999984741211,80.5999984741211,80.5999984741211,80.5999984741211,119.0
2024-10-25 14:23:00+00:00,LRCX,78.375,78.375,78.37999725341797,78.3218994140625,78.33000183105469,12642.0
2024-10-25 14:23:00+00:00,LSCC,54.154998779296875,54.154998779296875,54.154998779296875,54.125,54.125,2220.0
2024-10-25 14:23:00+00:00,LYFT,13.744999885559082,13.744999885559082,13.744999885559082,13.729999542236328,13.729999542236328,11419.0
2024-10-25 14:23:00+00:00,MCHP,76.54000091552734,76.54000091552734,76.54000091552734,76.51000213623047,76.51000213623047,5920.0
2024-10-25 14:23:00+00:00,MDB,266.4750061035156,266.4750061035156,266.6199951171875,266.4750061035156,266.510009765625,988.0
2024-10-25 14:23:00+00:00,MKSI,101.04000091552734,101.04000091552734,101.04000091552734,101.04000091552734,101.04000091552734,249.0
2024-10-25 14:23:00+00:00,MQ,5.275000095367432,5.275000095367432,5.275000095367432,5.275000095367432,5.275000095367432,863.0
2024-10-25 14:23:00+00:00,MRVL,82.04499816894531,82.04499816894531,82.05000305175781,82.01000213623047,82.0199966430664,4205.0
2024-10-25 14:23:00+00:00,MSFT,428.4049987792969,428.4049987792969,428.510009765625,428.2699890136719,428.2900085449219,10606.0
2024-10-25 14:23:00+00:00,MSTR,235.24009704589844,235.24009704589844,235.24009704589844,233.89549255371094,234.11000061035156,67331.0
2024-10-25 14:23:00+00:00,MTC,0.3752000033855438,0.3752000033855438,0.3752000033855438,0.3752000033855438,0.3752000033855438,2647.0
2024-10-25 14:23:00+00:00,MTTR,4.59499979019165,4.59499979019165,4.59499979019165,4.59499979019165,4.59499979019165,4715.0
2024-10-25 14:23:00+00:00,MU,108.30000305175781,108.30000305175781,108.32990264892578,108.2300033569336,108.25499725341797,17845.0
2024-10-25 14:23:00+00:00,NCNO,37.665000915527344,37.665000915527344,37.665000915527344,37.665000915527344,37.665000915527344,1252.0
2024-10-25 14:23:00+00:00,NEON,8.055000305175781,8.055000305175781,8.055000305175781,8.055000305175781,8.055000305175781,764.0
2024-10-25 14:23:00+00:00,NNDM,2.3299999237060547,2.3299999237060547,2.3299999237060547,2.3299999237060547,2.3299999237060547,198.0
2024-10-25 14:23:00+00:00,NSIT,208.375,208.375,208.375,208.375,208.375,250.0
2024-10-25 14:23:00+00:00,NTAP,119.72000122070312,119.72000122070312,119.72000122070312,119.72000122070312,119.72000122070312,117.0
2024-10-25 14:23:00+00:00,NTCT,20.6200008392334,20.6200008392334,20.6200008392334,20.6200008392334,20.6200008392334,603.0
2024-10-25 14:23:00+00:00,NTGR,20.219999313354492,20.219999313354492,20.219999313354492,20.219999313354492,20.219999313354492,632.0
2024-10-25 14:23:00+00:00,NVDA,141.46499633789062,141.46499633789062,141.5,141.35000610351562,141.3760986328125,216192.0
2024-10-25 14:23:00+00:00,NVEI,33.494998931884766,33.494998931884766,33.494998931884766,33.494998931884766,33.494998931884766,594.0
2024-10-25 14:23:00+00:00,NVTS,2.5350000858306885,2.5350000858306885,2.539900064468384,2.5350000858306885,2.5360000133514404,949.0
2024-10-25 14:23:00+00:00,NXPI,243.31930541992188,243.31930541992188,243.31930541992188,243.31930541992188,243.31930541992188,1143.0
2024-10-25 14:23:00+00:00,OKTA,72.16999816894531,72.16999816894531,72.16999816894531,72.13999938964844,72.13999938964844,1245.0
2024-10-25 14:23:00+00:00,ON,71.30000305175781,71.30000305175781,71.31999969482422,71.25499725341797,71.2699966430664,13811.0
2024-10-25 14:23:00+00:00,OSIS,135.10000610351562,135.10000610351562,135.15499877929688,135.10000610351562,135.15499877929688,923.0
2024-10-25 14:23:00+00:00,PANW,367.2449951171875,367.2449951171875,367.3699951171875,367.2449951171875,367.3699951171875,555.0
2024-10-25 14:23:00+00:00,PAYO,8.300000190734863,8.300000190734863,8.300000190734863,8.300000190734863,8.300000190734863,389.0
2024-10-25 14:23:00+00:00,PCTY,173.6199951171875,173.6199951171875,173.6199951171875,173.47500610351562,173.47500610351562,264.0
2024-10-25 14:23:00+00:00,PEGA,79.41999816894531,79.41999816894531,79.41999816894531,79.27999877929688,79.27999877929688,4237.0
2024-10-25 14:23:00+00:00,PEGY,4.880000114440918,4.880000114440918,4.880000114440918,4.880000114440918,4.880000114440918,453.0
2024-10-25 14:23:00+00:00,PGY,11.744999885559082,11.744999885559082,11.744999885559082,11.739999771118164,11.739999771118164,470.0
2024-10-25 14:23:00+00:00,PHUN,10.350000381469727,10.350000381469727,10.357999801635742,10.300999641418457,10.309800148010254,17549.0
2024-10-25 14:23:00+00:00,PLAB,23.5,23.5,23.5,23.5,23.5,142.0
2024-10-25 14:23:00+00:00,PLXS,141.44000244140625,141.44000244140625,141.5,141.44000244140625,141.4949951171875,1411.0
2024-10-25 14:23:00+00:00,PRTH,5.289999961853027,5.289999961853027,5.289999961853027,5.289999961853027,5.289999961853027,804.0
2024-10-25 14:23:00+00:00,PTC,186.65499877929688,186.65499877929688,186.65499877929688,186.65499877929688,186.65499877929688,309.0
2024-10-25 14:23:00+00:00,PUBM,14.720000267028809,14.720000267028809,14.720000267028809,14.720000267028809,14.720000267028809,374.0
2024-10-25 14:23:00+00:00,QCOM,171.03500366210938,171.03500366210938,171.0800018310547,170.97999572753906,171.0,4447.0
2024-10-25 14:23:00+00:00,QLYS,120.62999725341797,120.62999725341797,120.62999725341797,120.62999725341797,120.62999725341797,359.0
2024-10-25 14:23:00+00:00,QRVO,99.80999755859375,99.80999755859375,99.85250091552734,99.71499633789062,99.71499633789062,2949.0
2024-10-25 14:23:00+00:00,RCAT,2.759999990463257,2.759999990463257,2.759999990463257,2.759999990463257,2.759999990463257,161.0
2024-10-25 14:23:00+00:00,REKR,1.090000033378601,1.090000033378601,1.090000033378601,1.087399959564209,1.090000033378601,340.0
2024-10-25 14:23:00+00:00,RELY,14.885000228881836,14.885000228881836,14.885000228881836,14.885000228881836,14.885000228881836,215.0
2024-10-25 14:23:00+00:00,RGTI,1.2200000286102295,1.2200000286102295,1.2293000221252441,1.2200000286102295,1.225000023841858,3965.0
2024-10-25 14:23:00+00:00,RIOT,9.789899826049805,9.789899826049805,9.789899826049805,9.760000228881836,9.760100364685059,49849.0
2024-10-25 14:23:00+00:00,RMBS,43.220001220703125,43.220001220703125,43.220001220703125,43.209999084472656,43.209999084472656,322.0
2024-10-25 14:23:00+00:00,RMNI,1.7100000381469727,1.7100000381469727,1.715000033378601,1.7100000381469727,1.715000033378601,1209.0
2024-10-25 14:23:00+00:00,RUM,5.75,5.75,5.75,5.744999885559082,5.744999885559082,0.0
2024-10-25 14:23:00+00:00,RUN,14.28950023651123,14.28950023651123,14.28950023651123,14.270000457763672,14.270000457763672,7844.0
2024-10-25 14:23:00+00:00,RXT,2.490000009536743,2.490000009536743,2.490000009536743,2.484999895095825,2.4892001152038574,14471.0
2024-10-25 14:23:00+00:00,SATS,25.155000686645508,25.155000686645508,25.155000686645508,25.149999618530273,25.149999618530273,1257.0
2024-10-25 14:23:00+00:00,SEDG,15.8100004196167,15.8100004196167,15.8100004196167,15.78499984741211,15.78499984741211,6655.0
2024-10-25 14:23:00+00:00,SHLS,5.255000114440918,5.255000114440918,5.255000114440918,5.239999771118164,5.239999771118164,6420.0
2024-10-25 14:23:00+00:00,SMCI,47.034000396728516,47.034000396728516,47.069400787353516,47.029998779296875,47.04999923706055,19817.0
2024-10-25 14:23:00+00:00,SMTC,45.689998626708984,45.689998626708984,45.689998626708984,45.66999816894531,45.66999816894531,592.0
2024-10-25 14:23:00+00:00,SOUN,5.170300006866455,5.170300006866455,5.177499771118164,5.170000076293945,5.176000118255615,2703.0
2024-10-25 14:23:00+00:00,SPI,0.4259999990463257,0.4259999990463257,0.4259999990463257,0.4259999990463257,0.4259999990463257,488.0
2024-10-25 14:23:00+00:00,SPSC,172.3000030517578,172.3000030517578,172.3000030517578,172.3000030517578,172.3000030517578,225.0
2024-10-25 14:23:00+00:00,SPT,26.950000762939453,26.950000762939453,26.950000762939453,26.950000762939453,26.950000762939453,636.0
2024-10-25 14:23:00+00:00,SSNC,69.61000061035156,69.61000061035156,69.61499786376953,69.58999633789062,69.61499786376953,5741.0
2024-10-25 14:23:00+00:00,STNE,11.545000076293945,11.545000076293945,11.569999694824219,11.539999961853027,11.5600004196167,10548.0
2024-10-25 14:23:00+00:00,STX,103.23999786376953,103.23999786376953,103.23999786376953,103.13999938964844,103.16999816894531,7720.0
2024-10-25 14:23:00+00:00,SVRE,0.07819999754428864,0.07819999754428864,0.07819999754428864,0.07819999754428864,0.07819999754428864,0.0
2024-10-25 14:23:00+00:00,SWKS,95.9000015258789,95.9000015258789,95.9000015258789,95.86000061035156,95.86000061035156,1105.0
2024-10-25 14:23:00+00:00,TEAM,189.8699951171875,189.8699951171875,189.8699951171875,189.77999877929688,189.85000610351562,608.0
2024-10-25 14:23:00+00:00,TENB,41.685001373291016,41.685001373291016,41.689998626708984,41.68000030517578,41.68000030517578,1788.0
2024-10-25 14:23:00+00:00,TER,112.05000305175781,112.05000305175781,112.06500244140625,112.01000213623047,112.02999877929688,1107.0
2024-10-25 14:23:00+00:00,TSEM,44.720001220703125,44.720001220703125,44.720001220703125,44.720001220703125,44.720001220703125,1579.0
2024-10-25 14:23:00+00:00,TTD,118.6500015258789,118.6500015258789,118.6500015258789,118.53009796142578,118.53009796142578,2137.0
2024-10-25 14:23:00+00:00,TWKS,4.440000057220459,4.440000057220459,4.445000171661377,4.440000057220459,4.440000057220459,373.0
2024-10-25 14:23:00+00:00,TXN,207.33999633789062,207.33999633789062,207.38999938964844,207.3000030517578,207.38999938964844,2725.0
2024-10-25 14:23:00+00:00,VERI,3.390000104904175,3.390000104904175,3.390000104904175,3.380000114440918,3.380000114440918,638.0
2024-10-25 14:23:00+00:00,VIAV,9.194999694824219,9.194999694824219,9.199999809265137,9.194999694824219,9.199999809265137,401.0
2024-10-25 14:23:00+00:00,VICR,46.34000015258789,46.34000015258789,46.34000015258789,46.310001373291016,46.310001373291016,912.0
2024-10-25 14:23:00+00:00,VMEO,4.75,4.75,4.75,4.742000102996826,4.742000102996826,429.0
2024-10-25 14:23:00+00:00,VOXX,7.489999771118164,7.489999771118164,7.5,7.489999771118164,7.5,324.0
2024-10-25 14:23:00+00:00,VRNS,56.70000076293945,56.70000076293945,56.70000076293945,56.70000076293945,56.70000076293945,190.0
2024-10-25 14:23:00+00:00,VSAT,10.170000076293945,10.170000076293945,10.170000076293945,10.149999618530273,10.149999618530273,3602.0
2024-10-25 14:23:00+00:00,VUZI,1.2949999570846558,1.2949999570846558,1.2949999570846558,1.2949999570846558,1.2949999570846558,1338.0
2024-10-25 14:23:00+00:00,WDAY,239.07000732421875,239.07000732421875,239.07000732421875,239.07000732421875,239.07000732421875,1771.0
2024-10-25 14:23:00+00:00,WDC,69.95999908447266,69.95999908447266,69.95999908447266,69.81999969482422,69.91500091552734,13535.0
2024-10-25 14:23:00+00:00,WISA,2.049999952316284,2.049999952316284,2.049999952316284,2.0399999618530273,2.049999952316284,4801.0
2024-10-25 14:23:00+00:00,XRX,9.954999923706055,9.954999923706055,9.960000038146973,9.954999923706055,9.954999923706055,662.0
2024-10-25 14:23:00+00:00,ZENV,1.42739999294281,1.42739999294281,1.42739999294281,1.42739999294281,1.42739999294281,998.0
2024-10-25 14:23:00+00:00,ZI,10.494999885559082,10.494999885559082,10.494999885559082,10.494999885559082,10.494999885559082,2679.0
2024-10-25 14:23:00+00:00,ZM,72.83999633789062,72.83999633789062,72.83999633789062,72.83999633789062,72.83999633789062,5167.0
2024-10-25 14:24:00+00:00,AAOI,17.71649932861328,17.71649932861328,17.71649932861328,17.670000076293945,17.670000076293945,6723.0
2024-10-25 14:24:00+00:00,AAPL,231.49000549316406,231.49000549316406,231.52999877929688,231.47500610351562,231.52000427246094,30159.0
2024-10-25 14:24:00+00:00,ACMR,19.549999237060547,19.549999237060547,19.559999465942383,19.549999237060547,19.559999465942383,2183.0
2024-10-25 14:24:00+00:00,ADBE,483.6700134277344,483.6700134277344,483.6700134277344,483.6700134277344,483.6700134277344,279.0
2024-10-25 14:24:00+00:00,ADI,231.1999969482422,231.1999969482422,231.25,231.14999389648438,231.19500732421875,1900.0
2024-10-25 14:24:00+00:00,ADSK,286.05999755859375,286.05999755859375,286.1050109863281,286.05999755859375,286.1050109863281,1499.0
2024-10-25 14:24:00+00:00,ADTN,6.295000076293945,6.295000076293945,6.295000076293945,6.295000076293945,6.295000076293945,200.0
2024-10-25 14:24:00+00:00,AEHR,16.805999755859375,16.805999755859375,16.805999755859375,16.805999755859375,16.805999755859375,355.0
2024-10-25 14:24:00+00:00,AEYE,22.59000015258789,22.59000015258789,22.59000015258789,22.59000015258789,22.59000015258789,102.0
2024-10-25 14:24:00+00:00,AFRM,41.375,41.375,41.380001068115234,41.349998474121094,41.349998474121094,4080.0
2024-10-25 14:24:00+00:00,AIP,6.900000095367432,6.900000095367432,6.900000095367432,6.900000095367432,6.900000095367432,260.0
2024-10-25 14:24:00+00:00,ALGM,22.979999542236328,22.979999542236328,22.989999771118164,22.979999542236328,22.989999771118164,1484.0
2024-10-25 14:24:00+00:00,AMAT,187.0500030517578,187.0500030517578,187.0500030517578,186.9550018310547,186.9550018310547,1158.0
2024-10-25 14:24:00+00:00,AMBA,57.75,57.75,57.75,57.75,57.75,783.0
2024-10-25 14:24:00+00:00,AMD,156.1999969482422,156.1999969482422,156.27999877929688,156.17799377441406,156.20989990234375,25948.0
2024-10-25 14:24:00+00:00,AMKR,29.950000762939453,29.950000762939453,29.950000762939453,29.940000534057617,29.940000534057617,1529.0
2024-10-25 14:24:00+00:00,ANY,1.0499999523162842,1.0499999523162842,1.0499999523162842,1.0499999523162842,1.0499999523162842,1568.0
2024-10-25 14:24:00+00:00,APCX,0.7379000186920166,0.7379000186920166,0.7379000186920166,0.7379000186920166,0.7379000186920166,895.0
2024-10-25 14:24:00+00:00,API,2.880000114440918,2.880000114440918,2.880000114440918,2.880000114440918,2.880000114440918,100.0
2024-10-25 14:24:00+00:00,APP,161.38999938964844,161.38999938964844,161.38999938964844,161.2449951171875,161.2449951171875,1914.0
2024-10-25 14:24:00+00:00,APPF,211.4949951171875,211.4949951171875,211.4949951171875,211.35000610351562,211.35000610351562,1759.0
2024-10-25 14:24:00+00:00,APPN,32.14500045776367,32.14500045776367,32.15999984741211,32.14500045776367,32.15999984741211,1251.0
2024-10-25 14:24:00+00:00,APPS,3.049999952316284,3.049999952316284,3.049999952316284,3.049999952316284,3.049999952316284,560.0
2024-10-25 14:24:00+00:00,ARRY,6.409999847412109,6.409999847412109,6.420000076293945,6.409999847412109,6.420000076293945,2761.0
2024-10-25 14:24:00+00:00,ASNS,1.30840003490448,1.30840003490448,1.309000015258789,1.30840003490448,1.309000015258789,6484.0
2024-10-25 14:24:00+00:00,AUR,6.394999980926514,6.394999980926514,6.394999980926514,6.394999980926514,6.394999980926514,1803.0
2024-10-25 14:24:00+00:00,AUUD,0.6148999929428101,0.6148999929428101,0.6148999929428101,0.6148999929428101,0.6148999929428101,0.0
2024-10-25 14:24:00+00:00,AVDX,8.085700035095215,8.085700035095215,8.09000015258789,8.085000038146973,8.085000038146973,867.0
2024-10-25 14:24:00+00:00,AVGO,173.69000244140625,173.69000244140625,173.75999450683594,173.6699981689453,173.69000244140625,18848.0
2024-10-25 14:24:00+00:00,AVT,53.979698181152344,53.979698181152344,53.979698181152344,53.979698181152344,53.979698181152344,859.0
2024-10-25 14:24:00+00:00,BCOV,2.240000009536743,2.240000009536743,2.240000009536743,2.240000009536743,2.240000009536743,0.0
2024-10-25 14:24:00+00:00,BIGC,5.300000190734863,5.300000190734863,5.300000190734863,5.300000190734863,5.300000190734863,463.0
2024-10-25 14:24:00+00:00,BRZE,30.760000228881836,30.760000228881836,30.760000228881836,30.75,30.75,1339.0
2024-10-25 14:24:00+00:00,BSY,49.16600036621094,49.16600036621094,49.16600036621094,49.16600036621094,49.16600036621094,633.0
2024-10-25 14:24:00+00:00,CAN,0.9764999747276306,0.9764999747276306,0.9764999747276306,0.9764999747276306,0.9764999747276306,1811.0
2024-10-25 14:24:00+00:00,CDNS,258.010009765625,258.010009765625,258.010009765625,258.010009765625,258.010009765625,1419.0
2024-10-25 14:24:00+00:00,CFLT,22.565000534057617,22.565000534057617,22.565000534057617,22.565000534057617,22.565000534057617,856.0
2024-10-25 14:24:00+00:00,CGNX,38.84000015258789,38.84000015258789,38.849998474121094,38.84000015258789,38.849998474121094,628.0
2024-10-25 14:24:00+00:00,CHKP,206.8699951171875,206.8699951171875,206.8699951171875,206.6649932861328,206.6649932861328,395.0
2024-10-25 14:24:00+00:00,CLBT,18.225000381469727,18.225000381469727,18.225000381469727,18.225000381469727,18.225000381469727,834.0
2024-10-25 14:24:00+00:00,CLSK,11.659700393676758,11.659700393676758,11.669899940490723,11.639200210571289,11.649700164794922,87461.0
2024-10-25 14:24:00+00:00,CNXC,44.36000061035156,44.36000061035156,44.36000061035156,44.36000061035156,44.36000061035156,146.0
2024-10-25 14:24:00+00:00,COHR,95.41500091552734,95.41500091552734,95.41500091552734,95.41000366210938,95.41000366210938,2513.0
2024-10-25 14:24:00+00:00,COIN,206.88999938964844,206.88999938964844,207.17489624023438,206.8300018310547,206.89999389648438,14277.0
2024-10-25 14:24:00+00:00,COMM,6.239999771118164,6.239999771118164,6.239999771118164,6.239999771118164,6.239999771118164,1125.0
2024-10-25 14:24:00+00:00,CORZ,13.34000015258789,13.34000015258789,13.350000381469727,13.334600448608398,13.335000038146973,3132.0
2024-10-25 14:24:00+00:00,CRDO,39.0099983215332,39.0099983215332,39.0099983215332,38.97999954223633,38.97999954223633,2142.0
2024-10-25 14:24:00+00:00,CRSR,6.339000225067139,6.339000225067139,6.339000225067139,6.339000225067139,6.339000225067139,242.0
2024-10-25 14:24:00+00:00,CRUS,122.54000091552734,122.54000091552734,122.68499755859375,122.54000091552734,122.68499755859375,914.0
2024-10-25 14:24:00+00:00,CRWD,295.7950134277344,295.7950134277344,295.8900146484375,295.70001220703125,295.7900085449219,12170.0
2024-10-25 14:24:00+00:00,CSCO,55.73780059814453,55.73780059814453,55.7400016784668,55.73030090332031,55.73500061035156,6626.0
2024-10-25 14:24:00+00:00,CSIQ,13.3100004196167,13.3100004196167,13.319899559020996,13.289999961853027,13.289999961853027,2644.0
2024-10-25 14:24:00+00:00,CTLP,8.854999542236328,8.854999542236328,8.854999542236328,8.854999542236328,8.854999542236328,1413.0
2024-10-25 14:24:00+00:00,CTSH,74.7699966430664,74.7699966430664,74.79000091552734,74.7699966430664,74.79000091552734,1273.0
2024-10-25 14:24:00+00:00,DBX,25.9950008392334,25.9950008392334,25.9950008392334,25.979999542236328,25.979999542236328,3250.0
2024-10-25 14:24:00+00:00,DDOG,126.2300033569336,126.2300033569336,126.25749969482422,126.18499755859375,126.18499755859375,13147.0
2024-10-25 14:24:00+00:00,DGHI,1.4700000286102295,1.4700000286102295,1.4700000286102295,1.4500000476837158,1.4500000476837158,4207.0
2024-10-25 14:24:00+00:00,DGII,30.200000762939453,30.200000762939453,30.200000762939453,30.200000762939453,30.200000762939453,193.0
2024-10-25 14:24:00+00:00,DMRC,31.514999389648438,31.514999389648438,31.514999389648438,31.514999389648438,31.514999389648438,105.0
2024-10-25 14:24:00+00:00,DOCU,68.84500122070312,68.84500122070312,68.87000274658203,68.83000183105469,68.83000183105469,6932.0
2024-10-25 14:24:00+00:00,DOMO,8.055000305175781,8.055000305175781,8.055000305175781,8.055000305175781,8.055000305175781,219.0
2024-10-25 14:24:00+00:00,EMKR,2.119999885559082,2.119999885559082,2.119999885559082,2.119999885559082,2.119999885559082,528.0
2024-10-25 14:24:00+00:00,ENPH,83.36000061035156,83.36000061035156,83.38999938964844,83.31199645996094,83.33999633789062,2660.0
2024-10-25 14:24:00+00:00,ENTG,104.63999938964844,104.63999938964844,104.63999938964844,104.61000061035156,104.61000061035156,385.0
2024-10-25 14:24:00+00:00,ERIC,8.449999809265137,8.449999809265137,8.460000038146973,8.449999809265137,8.460000038146973,856.0
2024-10-25 14:24:00+00:00,EXTR,14.364999771118164,14.364999771118164,14.364999771118164,14.364999771118164,14.364999771118164,481.0
2024-10-25 14:24:00+00:00,FFIV,216.2100067138672,216.2100067138672,216.2100067138672,216.2100067138672,216.2100067138672,103.0
2024-10-25 14:24:00+00:00,FIVN,29.770000457763672,29.770000457763672,29.780000686645508,29.739999771118164,29.739999771118164,1975.0
2024-10-25 14:24:00+00:00,FLEX,35.17499923706055,35.17499923706055,35.17499923706055,35.165000915527344,35.16999816894531,1777.0
2024-10-25 14:24:00+00:00,FLYW,17.350000381469727,17.350000381469727,17.350000381469727,17.350000381469727,17.350000381469727,886.0
2024-10-25 14:24:00+00:00,FSLR,198.0050048828125,198.0050048828125,198.0050048828125,197.96200561523438,198.0,553.0
2024-10-25 14:24:00+00:00,FTNT,80.62000274658203,80.62000274658203,80.625,80.58499908447266,80.58499908447266,9784.0
2024-10-25 14:24:00+00:00,GCT,24.65999984741211,24.65999984741211,24.65999984741211,24.65999984741211,24.65999984741211,791.0
2024-10-25 14:24:00+00:00,GDYN,15.550000190734863,15.550000190734863,15.550000190734863,15.550000190734863,15.550000190734863,207.0
2024-10-25 14:24:00+00:00,GFS,40.572601318359375,40.572601318359375,40.572601318359375,40.572601318359375,40.572601318359375,373.0
2024-10-25 14:24:00+00:00,GPRO,1.315000057220459,1.315000057220459,1.315000057220459,1.315000057220459,1.315000057220459,2891.0
2024-10-25 14:24:00+00:00,GRAB,4.074999809265137,4.074999809265137,4.074999809265137,4.074999809265137,4.074999809265137,4803.0
2024-10-25 14:24:00+00:00,GRRR,4.4868998527526855,4.4868998527526855,4.4868998527526855,4.4868998527526855,4.4868998527526855,2065.0
2024-10-25 14:24:00+00:00,GRRRW,0.061799999326467514,0.061799999326467514,0.061799999326467514,0.061799999326467514,0.061799999326467514,1400.0
2024-10-25 14:24:00+00:00,GSIT,3.4000000953674316,3.4000000953674316,3.4000000953674316,3.4000000953674316,3.4000000953674316,500.0
2024-10-25 14:24:00+00:00,HCP,33.665000915527344,33.665000915527344,33.665000915527344,33.65999984741211,33.65999984741211,1320.0
2024-10-25 14:24:00+00:00,HIMX,6.15749979019165,6.15749979019165,6.15749979019165,6.15749979019165,6.15749979019165,335.0
2024-10-25 14:24:00+00:00,HOLO,3.5899999141693115,3.5899999141693115,3.5899999141693115,3.5899999141693115,3.5899999141693115,838.0
2024-10-25 14:24:00+00:00,HOOD,27.135000228881836,27.135000228881836,27.135000228881836,27.125,27.1299991607666,3455.0
2024-10-25 14:24:00+00:00,IDAI,0.21819999814033508,0.21819999814033508,0.21819999814033508,0.21819999814033508,0.21819999814033508,0.0
2024-10-25 14:24:00+00:00,INFN,6.760000228881836,6.760000228881836,6.760000228881836,6.760000228881836,6.760000228881836,108.0
2024-10-25 14:24:00+00:00,INOD,20.096500396728516,20.096500396728516,20.110000610351562,20.079999923706055,20.079999923706055,4790.0
2024-10-25 14:24:00+00:00,INSG,20.030099868774414,20.030099868774414,20.040000915527344,20.030000686645508,20.040000915527344,1405.0
2024-10-25 14:24:00+00:00,INTC,22.836299896240234,22.836299896240234,22.836299896240234,22.81999969482422,22.81999969482422,53962.0
2024-10-25 14:24:00+00:00,INTU,609.0999755859375,609.0999755859375,609.0999755859375,609.0750122070312,609.0750122070312,1022.0
2024-10-25 14:24:00+00:00,IPGP,77.05000305175781,77.05000305175781,77.05000305175781,77.05000305175781,77.05000305175781,611.0
2024-10-25 14:24:00+00:00,ITI,7.199999809265137,7.199999809265137,7.199999809265137,7.190000057220459,7.190400123596191,4913.0
2024-10-25 14:24:00+00:00,JAMF,16.729999542236328,16.729999542236328,16.729999542236328,16.729999542236328,16.729999542236328,994.0
2024-10-25 14:24:00+00:00,KC,2.680000066757202,2.680000066757202,2.684999942779541,2.680000066757202,2.684999942779541,325.0
2024-10-25 14:24:00+00:00,KLAC,675.4199829101562,675.4199829101562,675.4199829101562,675.4199829101562,675.4199829101562,192.0
2024-10-25 14:24:00+00:00,LASR,10.399999618530273,10.399999618530273,10.399999618530273,10.399999618530273,10.399999618530273,877.0
2024-10-25 14:24:00+00:00,LITE,64.29000091552734,64.29000091552734,64.29000091552734,64.29000091552734,64.29000091552734,424.0
2024-10-25 14:24:00+00:00,LOGI,80.62000274658203,80.62000274658203,80.62000274658203,80.58999633789062,80.58999633789062,1091.0
2024-10-25 14:24:00+00:00,LPSN,1.160099983215332,1.160099983215332,1.1649999618530273,1.159999966621399,1.1649999618530273,9200.0
2024-10-25 14:24:00+00:00,LRCX,78.37999725341797,78.37999725341797,78.38999938964844,78.36000061035156,78.36000061035156,8190.0
2024-10-25 14:24:00+00:00,LSCC,54.165000915527344,54.165000915527344,54.16999816894531,54.150001525878906,54.150001525878906,1786.0
2024-10-25 14:24:00+00:00,LYFT,13.735400199890137,13.735400199890137,13.744999885559082,13.729999542236328,13.744999885559082,9406.0
2024-10-25 14:24:00+00:00,MCHP,76.54000091552734,76.54000091552734,76.55000305175781,76.54000091552734,76.55000305175781,2201.0
2024-10-25 14:24:00+00:00,MDB,266.5400085449219,266.5400085449219,266.5400085449219,266.5400085449219,266.5400085449219,1245.0
2024-10-25 14:24:00+00:00,MITK,8.75,8.75,8.75,8.75,8.75,829.0
2024-10-25 14:24:00+00:00,MPWR,909.7767944335938,909.7767944335938,910.0650024414062,909.7767944335938,909.8167114257812,2306.0
2024-10-25 14:24:00+00:00,MQ,5.275000095367432,5.275000095367432,5.28000020980835,5.2733001708984375,5.275000095367432,4591.0
2024-10-25 14:24:00+00:00,MRVL,82.01000213623047,82.01000213623047,82.05999755859375,82.01000213623047,82.04000091552734,3347.0
2024-10-25 14:24:00+00:00,MSFT,428.2900085449219,428.2900085449219,428.5400085449219,428.2900085449219,428.46551513671875,13731.0
2024-10-25 14:24:00+00:00,MSTR,235.5500030517578,235.5500030517578,235.58999633789062,234.92999267578125,235.11000061035156,48952.0
2024-10-25 14:24:00+00:00,MTSI,119.79499816894531,119.79499816894531,119.97000122070312,119.79499816894531,119.97000122070312,1276.0
2024-10-25 14:24:00+00:00,MTTR,4.59499979019165,4.59499979019165,4.59499979019165,4.59499979019165,4.59499979019165,484.0
2024-10-25 14:24:00+00:00,MU,108.30999755859375,108.30999755859375,108.3488998413086,108.30000305175781,108.30999755859375,14408.0
2024-10-25 14:24:00+00:00,MVIS,1.0800000429153442,1.0800000429153442,1.0800000429153442,1.0800000429153442,1.0800000429153442,491.0
2024-10-25 14:24:00+00:00,MXL,14.8149995803833,14.8149995803833,14.819999694824219,14.8149995803833,14.819999694824219,971.0
2024-10-25 14:24:00+00:00,NICE,174.8699951171875,174.8699951171875,174.8699951171875,174.8699951171875,174.8699951171875,590.0
2024-10-25 14:24:00+00:00,NNDM,2.3299999237060547,2.3299999237060547,2.3299999237060547,2.3299999237060547,2.3299999237060547,124.0
2024-10-25 14:24:00+00:00,NTAP,119.73500061035156,119.73500061035156,119.7699966430664,119.71810150146484,119.71810150146484,1364.0
2024-10-25 14:24:00+00:00,NTCT,20.6200008392334,20.6200008392334,20.6200008392334,20.6200008392334,20.6200008392334,214.0
2024-10-25 14:24:00+00:00,NTNX,62.09000015258789,62.09000015258789,62.09000015258789,62.09000015258789,62.09000015258789,395.0
2024-10-25 14:24:00+00:00,NVDA,141.46499633789062,141.46499633789062,141.54989624023438,141.43499755859375,141.4600067138672,283924.0
2024-10-25 14:24:00+00:00,NVTS,2.5350000858306885,2.5350000858306885,2.539799928665161,2.5350000858306885,2.539799928665161,1685.0
2024-10-25 14:24:00+00:00,NXPI,243.2899932861328,243.2899932861328,243.3800048828125,243.2899932861328,243.3800048828125,1501.0
2024-10-25 14:24:00+00:00,OKTA,72.15499877929688,72.15499877929688,72.15499877929688,72.15499877929688,72.15499877929688,288.0
2024-10-25 14:24:00+00:00,ON,71.30500030517578,71.30500030517578,71.33000183105469,71.30000305175781,71.30000305175781,9427.0
2024-10-25 14:24:00+00:00,OSIS,135.10000610351562,135.10000610351562,135.10000610351562,135.10000610351562,135.10000610351562,202.0
2024-10-25 14:24:00+00:00,OTEX,33.30500030517578,33.30500030517578,33.30500030517578,33.29069900512695,33.29069900512695,1506.0
2024-10-25 14:24:00+00:00,PANW,366.6199951171875,366.6199951171875,367.239990234375,366.6199951171875,367.239990234375,15455.0
2024-10-25 14:24:00+00:00,PAYO,8.305000305175781,8.305000305175781,8.305000305175781,8.305000305175781,8.305000305175781,1557.0
2024-10-25 14:24:00+00:00,PCTY,173.6199951171875,173.6199951171875,173.6199951171875,173.6199951171875,173.6199951171875,575.0
2024-10-25 14:24:00+00:00,PEGA,79.44499969482422,79.44499969482422,79.44499969482422,79.44499969482422,79.44499969482422,726.0
2024-10-25 14:24:00+00:00,PGY,11.75,11.75,11.75,11.75,11.75,126.0
2024-10-25 14:24:00+00:00,PHUN,10.28499984741211,10.28499984741211,10.359999656677246,10.28499984741211,10.359999656677246,41659.0
2024-10-25 14:24:00+00:00,PLAB,23.489999771118164,23.489999771118164,23.489999771118164,23.489999771118164,23.489999771118164,312.0
2024-10-25 14:24:00+00:00,POET,3.8436999320983887,3.8436999320983887,3.8436999320983887,3.8436999320983887,3.8436999320983887,10308.0
2024-10-25 14:24:00+00:00,POWI,63.52000045776367,63.52000045776367,63.52000045776367,63.52000045776367,63.52000045776367,648.0
2024-10-25 14:24:00+00:00,PRCH,1.2999999523162842,1.2999999523162842,1.2999999523162842,1.2949999570846558,1.2949999570846558,508.0
2024-10-25 14:24:00+00:00,PTC,186.66000366210938,186.66000366210938,186.66000366210938,186.66000366210938,186.66000366210938,457.0
2024-10-25 14:24:00+00:00,PYCR,14.289999961853027,14.289999961853027,14.305000305175781,14.289999961853027,14.300000190734863,4407.0
2024-10-25 14:24:00+00:00,QCOM,171.08999633789062,171.08999633789062,171.125,171.0301055908203,171.0301055908203,2077.0
2024-10-25 14:24:00+00:00,QLYS,120.66999816894531,120.66999816894531,120.66999816894531,120.63999938964844,120.63999938964844,1483.0
2024-10-25 14:24:00+00:00,QRVO,99.83000183105469,99.83000183105469,99.83000183105469,99.83000183105469,99.83000183105469,383.0
2024-10-25 14:24:00+00:00,RCAT,2.765000104904175,2.765000104904175,2.765000104904175,2.765000104904175,2.765000104904175,816.0
2024-10-25 14:24:00+00:00,REKR,1.090000033378601,1.090000033378601,1.090000033378601,1.0850000381469727,1.0850000381469727,256.0
2024-10-25 14:24:00+00:00,RELY,14.8100004196167,14.8100004196167,14.885000228881836,14.805000305175781,14.885000228881836,60127.0
2024-10-25 14:24:00+00:00,RGTI,1.225000023841858,1.225000023841858,1.2300000190734863,1.225000023841858,1.225000023841858,3310.0
2024-10-25 14:24:00+00:00,RIOT,9.78499984741211,9.78499984741211,9.795000076293945,9.779999732971191,9.784000396728516,23764.0
2024-10-25 14:24:00+00:00,RMBS,43.25,43.25,43.25,43.2400016784668,43.2400016784668,886.0
2024-10-25 14:24:00+00:00,RUM,5.744999885559082,5.744999885559082,5.744999885559082,5.744999885559082,5.744999885559082,564.0
2024-10-25 14:24:00+00:00,RUN,14.305000305175781,14.305000305175781,14.305000305175781,14.28499984741211,14.28499984741211,4758.0
2024-10-25 14:24:00+00:00,RXT,2.490000009536743,2.490000009536743,2.4990999698638916,2.490000009536743,2.4990999698638916,2680.0
2024-10-25 14:24:00+00:00,SCWX,8.375,8.375,8.375,8.375,8.375,416.0
2024-10-25 14:24:00+00:00,SEDG,15.8149995803833,15.8149995803833,15.8149995803833,15.800000190734863,15.800000190734863,3016.0
2024-10-25 14:24:00+00:00,SHLS,5.255000114440918,5.255000114440918,5.260000228881836,5.255000114440918,5.255000114440918,3460.0
2024-10-25 14:24:00+00:00,SMCI,47.06930160522461,47.06930160522461,47.06999969482422,47.03010177612305,47.03010177612305,10724.0
2024-10-25 14:24:00+00:00,SNPS,502.260009765625,502.260009765625,502.260009765625,502.260009765625,502.260009765625,1094.0
2024-10-25 14:24:00+00:00,SOBR,7.110000133514404,7.110000133514404,7.429900169372559,7.110000133514404,7.429900169372559,314.0
2024-10-25 14:24:00+00:00,SOPA,0.9631999731063843,0.9631999731063843,0.9631999731063843,0.9631999731063843,0.9631999731063843,1000.0
2024-10-25 14:24:00+00:00,SOUN,5.175000190734863,5.175000190734863,5.179999828338623,5.170000076293945,5.170000076293945,17096.0
2024-10-25 14:24:00+00:00,SPT,26.950000762939453,26.950000762939453,26.969999313354492,26.950000762939453,26.969999313354492,419.0
2024-10-25 14:24:00+00:00,SSNC,69.61000061035156,69.61000061035156,69.61000061035156,69.61000061035156,69.61000061035156,1012.0
2024-10-25 14:24:00+00:00,STNE,11.545000076293945,11.545000076293945,11.545000076293945,11.545000076293945,11.545000076293945,1118.0
2024-10-25 14:24:00+00:00,STX,103.3499984741211,103.3499984741211,103.3499984741211,103.2750015258789,103.30500030517578,5639.0
2024-10-25 14:24:00+00:00,SVRE,0.07810000330209732,0.07810000330209732,0.07810000330209732,0.07800000160932541,0.07810000330209732,57341.0
2024-10-25 14:24:00+00:00,SWKS,95.9000015258789,95.9000015258789,95.9000015258789,95.9000015258789,95.9000015258789,227.0
2024-10-25 14:24:00+00:00,TEAM,189.72999572753906,189.72999572753906,189.97999572753906,189.72999572753906,189.81500244140625,3466.0
2024-10-25 14:24:00+00:00,TER,112.02999877929688,112.02999877929688,112.05999755859375,111.99749755859375,111.99749755859375,5585.0
2024-10-25 14:24:00+00:00,TRMB,60.85499954223633,60.85499954223633,60.85499954223633,60.85499954223633,60.85499954223633,248.0
2024-10-25 14:24:00+00:00,TSAT,13.270000457763672,13.270000457763672,13.270000457763672,13.270000457763672,13.270000457763672,966.0
2024-10-25 14:24:00+00:00,TTD,118.68000030517578,118.68000030517578,118.70999908447266,118.63999938964844,118.63999938964844,2293.0
2024-10-25 14:24:00+00:00,TTMI,19.59000015258789,19.59000015258789,19.59000015258789,19.59000015258789,19.59000015258789,210.0
2024-10-25 14:24:00+00:00,TWKS,4.440000057220459,4.440000057220459,4.445000171661377,4.440000057220459,4.440000057220459,16683.0
2024-10-25 14:24:00+00:00,TXN,207.33999633789062,207.33999633789062,207.42999267578125,207.33999633789062,207.3699951171875,4391.0
2024-10-25 14:24:00+00:00,VECO,29.24799919128418,29.24799919128418,29.24799919128418,29.2450008392334,29.2450008392334,351.0
2024-10-25 14:24:00+00:00,VIAV,9.194999694824219,9.194999694824219,9.194999694824219,9.194999694824219,9.194999694824219,455.0
2024-10-25 14:24:00+00:00,VMEO,4.75,4.75,4.75,4.744999885559082,4.75,596.0
2024-10-25 14:24:00+00:00,VNET,3.4000000953674316,3.4000000953674316,3.4000000953674316,3.4000000953674316,3.4000000953674316,300.0
2024-10-25 14:24:00+00:00,VRNS,56.7599983215332,56.7599983215332,56.7599983215332,56.71500015258789,56.71500015258789,3094.0
2024-10-25 14:24:00+00:00,VRSN,183.05999755859375,183.05999755859375,183.05999755859375,183.05999755859375,183.05999755859375,134.0
2024-10-25 14:24:00+00:00,WDAY,238.87249755859375,238.87249755859375,238.87249755859375,238.87249755859375,238.87249755859375,126.0
2024-10-25 14:24:00+00:00,WDC,70.08999633789062,70.08999633789062,70.12000274658203,69.95999908447266,69.95999908447266,14881.0
2024-10-25 14:24:00+00:00,WISA,2.047499895095825,2.047499895095825,2.047499895095825,2.030100107192993,2.030100107192993,1330.0
2024-10-25 14:24:00+00:00,XRX,9.954999923706055,9.954999923706055,9.954999923706055,9.954999923706055,9.954999923706055,215.0
2024-10-25 14:24:00+00:00,ZBRA,360.0574951171875,360.0574951171875,360.072509765625,360.0150146484375,360.0150146484375,5099.0
2024-10-25 14:24:00+00:00,ZI,10.489999771118164,10.489999771118164,10.489999771118164,10.489999771118164,10.489999771118164,3240.0
2024-10-25 14:24:00+00:00,ZM,72.8499984741211,72.8499984741211,72.8499984741211,72.8499984741211,72.8499984741211,1126.0
2024-10-25 14:25:00+00:00,AAOI,17.729999542236328,17.729999542236328,17.729999542236328,17.709999084472656,17.709999084472656,0.0
2024-10-25 14:25:00+00:00,AAPL,231.5800018310547,231.5800018310547,231.58999633789062,231.4499969482422,231.47999572753906,37143.0
2024-10-25 14:25:00+00:00,ACMR,19.579999923706055,19.579999923706055,19.579999923706055,19.579999923706055,19.579999923706055,896.0
2024-10-25 14:25:00+00:00,ADBE,483.3900146484375,483.3900146484375,483.6499938964844,483.239990234375,483.6499938964844,8639.0
2024-10-25 14:25:00+00:00,ADI,231.27000427246094,231.27000427246094,231.27000427246094,231.00999450683594,231.1199951171875,4806.0
2024-10-25 14:25:00+00:00,ADSK,286.0400085449219,286.0400085449219,286.0400085449219,286.0,286.0,2102.0
2024-10-25 14:25:00+00:00,ADTN,6.295000076293945,6.295000076293945,6.295000076293945,6.295000076293945,6.295000076293945,956.0
2024-10-25 14:25:00+00:00,AEHR,16.8799991607666,16.8799991607666,16.8799991607666,16.80500030517578,16.80500030517578,2107.0
2024-10-25 14:25:00+00:00,AEYE,22.649999618530273,22.649999618530273,22.649999618530273,22.624399185180664,22.624399185180664,1377.0
2024-10-25 14:25:00+00:00,AFRM,41.40999984741211,41.40999984741211,41.415000915527344,41.3650016784668,41.380001068115234,5484.0
2024-10-25 14:25:00+00:00,AIRG,9.091400146484375,9.091400146484375,9.239999771118164,9.091400146484375,9.239999771118164,4937.0
2024-10-25 14:25:00+00:00,AKAM,102.20999908447266,102.20999908447266,102.20999908447266,102.18000030517578,102.18000030517578,981.0
2024-10-25 14:25:00+00:00,ALGM,23.0049991607666,23.0049991607666,23.0049991607666,22.979999542236328,22.979999542236328,3382.0
2024-10-25 14:25:00+00:00,ALRM,54.54990005493164,54.54990005493164,54.54990005493164,54.54990005493164,54.54990005493164,851.0
2024-10-25 14:25:00+00:00,AMAT,186.99000549316406,186.99000549316406,187.0334930419922,186.88999938964844,186.91000366210938,4003.0
2024-10-25 14:25:00+00:00,AMD,156.3699951171875,156.3699951171875,156.3800048828125,156.10000610351562,156.16000366210938,52520.0
2024-10-25 14:25:00+00:00,AMKR,29.969999313354492,29.969999313354492,29.969999313354492,29.920000076293945,29.940000534057617,1656.0
2024-10-25 14:25:00+00:00,API,2.880000114440918,2.880000114440918,2.880000114440918,2.875,2.880000114440918,500.0
2024-10-25 14:25:00+00:00,APP,161.49000549316406,161.49000549316406,161.49000549316406,161.25999450683594,161.25999450683594,4117.0
2024-10-25 14:25:00+00:00,APPF,211.24729919433594,211.24729919433594,211.46499633789062,211.24729919433594,211.25,1305.0
2024-10-25 14:25:00+00:00,APPN,32.150001525878906,32.150001525878906,32.150001525878906,32.150001525878906,32.150001525878906,157.0
2024-10-25 14:25:00+00:00,ARQQ,7.039999961853027,7.039999961853027,7.039999961853027,7.039999961853027,7.039999961853027,557.0
2024-10-25 14:25:00+00:00,ARRY,6.429900169372559,6.429900169372559,6.437900066375732,6.40500020980835,6.409999847412109,45420.0
2024-10-25 14:25:00+00:00,ASML,713.0750122070312,713.0750122070312,713.27001953125,712.8699951171875,713.27001953125,2659.0
2024-10-25 14:25:00+00:00,ASNS,1.2999999523162842,1.2999999523162842,1.2999999523162842,1.2999999523162842,1.2999999523162842,0.0
2024-10-25 14:25:00+00:00,AUR,6.40500020980835,6.40500020980835,6.40500020980835,6.394999980926514,6.394999980926514,5386.0
2024-10-25 14:25:00+00:00,AVDX,8.09000015258789,8.09000015258789,8.09000015258789,8.09000015258789,8.09000015258789,814.0
2024-10-25 14:25:00+00:00,AVGO,173.75999450683594,173.75999450683594,173.75999450683594,173.5399932861328,173.63999938964844,13396.0
2024-10-25 14:25:00+00:00,AVNW,20.780000686645508,20.780000686645508,20.780000686645508,20.780000686645508,20.780000686645508,797.0
2024-10-25 14:25:00+00:00,AVPT,11.930000305175781,11.930000305175781,11.930000305175781,11.930000305175781,11.930000305175781,140.0
2024-10-25 14:25:00+00:00,AVT,54.0099983215332,54.0099983215332,54.0099983215332,53.97999954223633,54.0,896.0
2024-10-25 14:25:00+00:00,BASE,16.235000610351562,16.235000610351562,16.235000610351562,16.235000610351562,16.235000610351562,316.0
2024-10-25 14:25:00+00:00,BELFB,78.9000015258789,78.9000015258789,78.9000015258789,78.9000015258789,78.9000015258789,169.0
2024-10-25 14:25:00+00:00,BIGC,5.300000190734863,5.300000190734863,5.300000190734863,5.300000190734863,5.300000190734863,149.0
2024-10-25 14:25:00+00:00,BL,56.130001068115234,56.130001068115234,56.130001068115234,56.119998931884766,56.119998931884766,958.0
2024-10-25 14:25:00+00:00,BMBL,7.159999847412109,7.159999847412109,7.179999828338623,7.125,7.125,304664.0
2024-10-25 14:25:00+00:00,BRZE,30.764999389648438,30.764999389648438,30.764999389648438,30.764999389648438,30.764999389648438,520.0
2024-10-25 14:25:00+00:00,BSY,49.185001373291016,49.185001373291016,49.1890983581543,49.16999816894531,49.16999816894531,2012.0
2024-10-25 14:25:00+00:00,CAMT,77.42500305175781,77.42500305175781,77.42500305175781,77.41999816894531,77.41999816894531,643.0
2024-10-25 14:25:00+00:00,CDNS,258.18499755859375,258.18499755859375,258.18499755859375,258.04998779296875,258.04998779296875,3869.0
2024-10-25 14:25:00+00:00,CDW,218.10000610351562,218.10000610351562,218.11500549316406,218.0,218.0,1679.0
2024-10-25 14:25:00+00:00,CFLT,22.56999969482422,22.56999969482422,22.575000762939453,22.565000534057617,22.565000534057617,6134.0
2024-10-25 14:25:00+00:00,CGNX,38.849998474121094,38.849998474121094,38.849998474121094,38.830101013183594,38.84000015258789,1693.0
2024-10-25 14:25:00+00:00,CHKP,206.55799865722656,206.55799865722656,206.6750030517578,206.55799865722656,206.6750030517578,446.0
2024-10-25 14:25:00+00:00,CLFD,36.34000015258789,36.34000015258789,36.34000015258789,36.34000015258789,36.34000015258789,135.0
2024-10-25 14:25:00+00:00,CLPS,1.3633999824523926,1.3633999824523926,1.3633999824523926,1.3633999824523926,1.3633999824523926,208.0
2024-10-25 14:25:00+00:00,CLSK,11.65999984741211,11.65999984741211,11.666000366210938,11.640000343322754,11.645000457763672,14805.0
2024-10-25 14:25:00+00:00,CNDT,3.619999885559082,3.619999885559082,3.619999885559082,3.619999885559082,3.619999885559082,1322.0
2024-10-25 14:25:00+00:00,CNXC,44.400001525878906,44.400001525878906,44.400001525878906,44.36000061035156,44.36000061035156,1751.0
2024-10-25 14:25:00+00:00,COHR,95.5,95.5,95.51000213623047,95.41999816894531,95.41999816894531,3385.0
2024-10-25 14:25:00+00:00,COIN,207.24969482421875,207.24969482421875,207.24969482421875,206.75,206.75,8042.0
2024-10-25 14:25:00+00:00,COMM,6.25,6.25,6.260000228881836,6.25,6.25,8536.0
2024-10-25 14:25:00+00:00,CORZ,13.335000038146973,13.335000038146973,13.335000038146973,13.324299812316895,13.329999923706055,2343.0
2024-10-25 14:25:00+00:00,CRDO,39.06999969482422,39.06999969482422,39.06999969482422,39.0099983215332,39.0099983215332,3441.0
2024-10-25 14:25:00+00:00,CRSR,6.335000038146973,6.335000038146973,6.335000038146973,6.335000038146973,6.335000038146973,405.0
2024-10-25 14:25:00+00:00,CRWD,296.0400085449219,296.0400085449219,296.05999755859375,295.6499938964844,295.7850036621094,11162.0
2024-10-25 14:25:00+00:00,CSCO,55.7400016784668,55.7400016784668,55.7400016784668,55.72679901123047,55.72999954223633,9915.0
2024-10-25 14:25:00+00:00,CSGS,47.45000076293945,47.45000076293945,47.456199645996094,47.45000076293945,47.456199645996094,1488.0
2024-10-25 14:25:00+00:00,CSIQ,13.330300331115723,13.330300331115723,13.34000015258789,13.3016996383667,13.3016996383667,1519.0
2024-10-25 14:25:00+00:00,CTSH,74.80000305175781,74.80000305175781,74.80000305175781,74.7699966430664,74.7699966430664,4088.0
2024-10-25 14:25:00+00:00,CVLT,134.5446014404297,134.5446014404297,134.5446014404297,134.5446014404297,134.5446014404297,731.0
2024-10-25 14:25:00+00:00,DAKT,13.069999694824219,13.069999694824219,13.069999694824219,13.069999694824219,13.069999694824219,146.0
2024-10-25 14:25:00+00:00,DBX,26.0,26.0,26.0049991607666,25.989999771118164,25.989999771118164,13688.0
2024-10-25 14:25:00+00:00,DDOG,126.27999877929688,126.27999877929688,126.31829833984375,126.21499633789062,126.25,4125.0
2024-10-25 14:25:00+00:00,DIOD,65.49500274658203,65.49500274658203,65.49500274658203,65.49500274658203,65.49500274658203,213.0
2024-10-25 14:25:00+00:00,DOCU,68.83999633789062,68.83999633789062,68.86000061035156,68.81999969482422,68.83499908447266,19584.0
2024-10-25 14:25:00+00:00,DOMO,8.055000305175781,8.055000305175781,8.055000305175781,8.055000305175781,8.055000305175781,348.0
2024-10-25 14:25:00+00:00,DSGX,104.36000061035156,104.36000061035156,104.36000061035156,104.36000061035156,104.36000061035156,242.0
2024-10-25 14:25:00+00:00,DUOL,288.8900146484375,288.8900146484375,288.8900146484375,288.8900146484375,288.8900146484375,1469.0
2024-10-25 14:25:00+00:00,ENPH,83.59500122070312,83.59500122070312,83.59500122070312,83.36499786376953,83.36499786376953,12167.0
2024-10-25 14:25:00+00:00,ENTG,104.66999816894531,104.66999816894531,104.66999816894531,104.5999984741211,104.5999984741211,2142.0
2024-10-25 14:25:00+00:00,ERIC,8.454999923706055,8.454999923706055,8.460000038146973,8.449999809265137,8.460000038146973,3836.0
2024-10-25 14:25:00+00:00,EXLS,38.790000915527344,38.790000915527344,38.790000915527344,38.790000915527344,38.790000915527344,679.0
2024-10-25 14:25:00+00:00,EXTR,14.369999885559082,14.369999885559082,14.369999885559082,14.364999771118164,14.364999771118164,1620.0
2024-10-25 14:25:00+00:00,FARO,18.049999237060547,18.049999237060547,18.049999237060547,18.049999237060547,18.049999237060547,514.0
2024-10-25 14:25:00+00:00,FFIV,216.03250122070312,216.03250122070312,216.03250122070312,216.03250122070312,216.03250122070312,297.0
2024-10-25 14:25:00+00:00,FIVN,29.799999237060547,29.799999237060547,29.799999237060547,29.780000686645508,29.780000686645508,1817.0
2024-10-25 14:25:00+00:00,FLEX,35.20500183105469,35.20500183105469,35.209999084472656,35.15999984741211,35.17499923706055,4857.0
2024-10-25 14:25:00+00:00,FLYW,17.3799991607666,17.3799991607666,17.3799991607666,17.3700008392334,17.3700008392334,22914.0
2024-10-25 14:25:00+00:00,FRSH,11.635000228881836,11.635000228881836,11.635000228881836,11.625,11.625,1557.0
2024-10-25 14:25:00+00:00,FSLR,198.08999633789062,198.08999633789062,198.08999633789062,197.7700958251953,198.0,2087.0
2024-10-25 14:25:00+00:00,FTCI,0.6539999842643738,0.6539999842643738,0.6539999842643738,0.6539999842643738,0.6539999842643738,2500.0
2024-10-25 14:25:00+00:00,FTNT,80.6500015258789,80.6500015258789,80.66000366210938,80.5999984741211,80.625,34965.0
2024-10-25 14:25:00+00:00,GCT,24.65999984741211,24.65999984741211,24.65999984741211,24.65999984741211,24.65999984741211,1123.0
2024-10-25 14:25:00+00:00,GDS,21.325000762939453,21.325000762939453,21.325000762939453,21.325000762939453,21.325000762939453,934.0
2024-10-25 14:25:00+00:00,GDYN,15.550000190734863,15.550000190734863,15.550000190734863,15.550000190734863,15.550000190734863,602.0
2024-10-25 14:25:00+00:00,GFS,40.599998474121094,40.599998474121094,40.599998474121094,40.57500076293945,40.57500076293945,943.0
2024-10-25 14:25:00+00:00,GILT,4.919899940490723,4.919899940490723,4.920000076293945,4.911499977111816,4.911499977111816,0.0
2024-10-25 14:25:00+00:00,GNSS,3.890000104904175,3.890000104904175,3.890000104904175,3.890000104904175,3.890000104904175,483.0
2024-10-25 14:25:00+00:00,GRAB,4.074999809265137,4.074999809265137,4.079999923706055,4.074999809265137,4.074999809265137,6206.0
2024-10-25 14:25:00+00:00,GRRRW,0.061799999326467514,0.061799999326467514,0.061799999326467514,0.061799999326467514,0.061799999326467514,200.0
2024-10-25 14:25:00+00:00,GSIT,3.4000000953674316,3.4000000953674316,3.4000000953674316,3.4000000953674316,3.4000000953674316,1900.0
2024-10-25 14:25:00+00:00,GTLB,55.35499954223633,55.35499954223633,55.35499954223633,55.35499954223633,55.35499954223633,288.0
2024-10-25 14:25:00+00:00,HCP,33.665000915527344,33.665000915527344,33.66600036621094,33.665000915527344,33.665000915527344,3054.0
2024-10-25 14:25:00+00:00,HEAR,16.479999542236328,16.479999542236328,16.479999542236328,16.479999542236328,16.479999542236328,424.0
2024-10-25 14:25:00+00:00,HIMX,6.15500020980835,6.15500020980835,6.15500020980835,6.150000095367432,6.1539998054504395,23700.0
2024-10-25 14:25:00+00:00,HOOD,27.12929916381836,27.12929916381836,27.1299991607666,27.114999771118164,27.1299991607666,13353.0
2024-10-25 14:25:00+00:00,IDN,2.3801000118255615,2.3801000118255615,2.3801000118255615,2.3801000118255615,2.3801000118255615,729.0
2024-10-25 14:25:00+00:00,III,3.049999952316284,3.049999952316284,3.049999952316284,3.049999952316284,3.049999952316284,536.0
2024-10-25 14:25:00+00:00,IMTE,1.690000057220459,1.690000057220459,1.690000057220459,1.690000057220459,1.690000057220459,178.0
2024-10-25 14:25:00+00:00,INOD,20.16160011291504,20.16160011291504,20.16160011291504,20.155000686645508,20.155000686645508,548.0
2024-10-25 14:25:00+00:00,INTA,50.25,50.25,50.25,50.220001220703125,50.220001220703125,1395.0
2024-10-25 14:25:00+00:00,INTC,22.852100372314453,22.852100372314453,22.860000610351562,22.825000762939453,22.829999923706055,83103.0
2024-10-25 14:25:00+00:00,INTU,608.5999755859375,608.5999755859375,608.9299926757812,608.5,608.719970703125,2375.0
2024-10-25 14:25:00+00:00,IPGP,77.08999633789062,77.08999633789062,77.08999633789062,77.08999633789062,77.08999633789062,350.0
2024-10-25 14:25:00+00:00,ITRI,102.7699966430664,102.7699966430664,102.7699966430664,102.62999725341797,102.62999725341797,3002.0
2024-10-25 14:25:00+00:00,KC,2.684999942779541,2.684999942779541,2.684999942779541,2.680000066757202,2.684999942779541,1219.0
2024-10-25 14:25:00+00:00,KLAC,675.35498046875,675.35498046875,675.35498046875,674.9000244140625,674.9000244140625,1774.0
2024-10-25 14:25:00+00:00,KLIC,44.31999969482422,44.31999969482422,44.31999969482422,44.31999969482422,44.31999969482422,742.0
2024-10-25 14:25:00+00:00,KOPN,0.7717999815940857,0.7717999815940857,0.7717999815940857,0.7645000219345093,0.7645000219345093,543.0
2024-10-25 14:25:00+00:00,LITE,64.38999938964844,64.38999938964844,64.38999938964844,64.2699966430664,64.28500366210938,2424.0
2024-10-25 14:25:00+00:00,LOGI,80.5999984741211,80.5999984741211,80.5999984741211,80.55999755859375,80.55999755859375,1286.0
2024-10-25 14:25:00+00:00,LPSN,1.1682000160217285,1.1682000160217285,1.1682000160217285,1.1682000160217285,1.1682000160217285,0.0
2024-10-25 14:25:00+00:00,LRCX,78.43000030517578,78.43000030517578,78.43000030517578,78.30999755859375,78.37000274658203,17485.0
2024-10-25 14:25:00+00:00,LSCC,54.22999954223633,54.22999954223633,54.22999954223633,54.13999938964844,54.15999984741211,4874.0
2024-10-25 14:25:00+00:00,LYFT,13.75,13.75,13.75,13.729999542236328,13.734399795532227,13345.0
2024-10-25 14:25:00+00:00,MANH,275.5899963378906,275.5899963378906,275.5899963378906,275.5899963378906,275.5899963378906,850.0
2024-10-25 14:25:00+00:00,MAXN,5.659999847412109,5.659999847412109,5.659999847412109,5.650000095367432,5.650000095367432,423.0
2024-10-25 14:25:00+00:00,MCHP,76.5999984741211,76.5999984741211,76.5999984741211,76.5,76.51000213623047,6113.0
2024-10-25 14:25:00+00:00,MKSI,101.04000091552734,101.04000091552734,101.05000305175781,100.97000122070312,100.97000122070312,2057.0
2024-10-25 14:25:00+00:00,MKTW,0.5885000228881836,0.5885000228881836,0.5885000228881836,0.5885000228881836,0.5885000228881836,303.0
2024-10-25 14:25:00+00:00,MPWR,909.9450073242188,909.9450073242188,910.3699951171875,908.97998046875,908.97998046875,3816.0
2024-10-25 14:25:00+00:00,MQ,5.275000095367432,5.275000095367432,5.28000020980835,5.275000095367432,5.28000020980835,2570.0
2024-10-25 14:25:00+00:00,MRVL,82.12999725341797,82.12999725341797,82.12999725341797,81.9800033569336,82.01000213623047,8330.0
2024-10-25 14:25:00+00:00,MSFT,428.3999938964844,428.3999938964844,428.3999938964844,428.1300048828125,428.2349853515625,15374.0
2024-10-25 14:25:00+00:00,MSTR,235.49600219726562,235.49600219726562,235.7899932861328,235.07510375976562,235.5050048828125,35583.0
2024-10-25 14:25:00+00:00,MTC,0.3747999966144562,0.3747999966144562,0.3747999966144562,0.3747999966144562,0.3747999966144562,210.0
2024-10-25 14:25:00+00:00,MTLS,5.925000190734863,5.925000190734863,5.925000190734863,5.925000190734863,5.925000190734863,279.0
2024-10-25 14:25:00+00:00,MTTR,4.59499979019165,4.59499979019165,4.59499979019165,4.59499979019165,4.59499979019165,935.0
2024-10-25 14:25:00+00:00,MU,108.41000366210938,108.41000366210938,108.41999816894531,108.27999877929688,108.30999755859375,29205.0
2024-10-25 14:25:00+00:00,MVIS,1.090000033378601,1.090000033378601,1.090000033378601,1.0850000381469727,1.0850000381469727,3395.0
2024-10-25 14:25:00+00:00,MXL,14.829999923706055,14.829999923706055,14.829999923706055,14.8100004196167,14.8100004196167,3290.0
2024-10-25 14:25:00+00:00,NCNO,37.65999984741211,37.65999984741211,37.65999984741211,37.654998779296875,37.65999984741211,2068.0
2024-10-25 14:25:00+00:00,NNDM,2.3299999237060547,2.3299999237060547,2.3299999237060547,2.3299999237060547,2.3299999237060547,424.0
2024-10-25 14:25:00+00:00,NTAP,119.80999755859375,119.80999755859375,119.80999755859375,119.7699966430664,119.80000305175781,946.0
2024-10-25 14:25:00+00:00,NTCT,20.639999389648438,20.639999389648438,20.639999389648438,20.639999389648438,20.639999389648438,1051.0
2024-10-25 14:25:00+00:00,NTNX,62.06999969482422,62.06999969482422,62.06999969482422,62.05500030517578,62.06999969482422,1866.0
2024-10-25 14:25:00+00:00,NVDA,141.67999267578125,141.67999267578125,141.69000244140625,141.4001007080078,141.4600067138672,363614.0
2024-10-25 14:25:00+00:00,NVEI,33.4900016784668,33.4900016784668,33.4900016784668,33.4900016784668,33.4900016784668,267.0
2024-10-25 14:25:00+00:00,NVTS,2.5399999618530273,2.5399999618530273,2.5399999618530273,2.5399999618530273,2.5399999618530273,298.0
2024-10-25 14:25:00+00:00,NXPI,243.49000549316406,243.49000549316406,243.49000549316406,243.25999450683594,243.25999450683594,4153.0
2024-10-25 14:25:00+00:00,OKTA,72.13999938964844,72.13999938964844,72.14399719238281,72.11000061035156,72.14399719238281,2416.0
2024-10-25 14:25:00+00:00,OLED,203.13499450683594,203.13499450683594,203.13499450683594,203.13499450683594,203.13499450683594,640.0
2024-10-25 14:25:00+00:00,ON,71.41999816894531,71.41999816894531,71.41999816894531,71.29000091552734,71.30000305175781,10875.0
2024-10-25 14:25:00+00:00,ONDS,0.8500000238418579,0.8500000238418579,0.8500000238418579,0.8500000238418579,0.8500000238418579,2000.0
2024-10-25 14:25:00+00:00,OSIS,135.25999450683594,135.25999450683594,135.30999755859375,135.25999450683594,135.30999755859375,956.0
2024-10-25 14:25:00+00:00,OTEX,33.310001373291016,33.310001373291016,33.310001373291016,33.290000915527344,33.290000915527344,988.0
2024-10-25 14:25:00+00:00,PANW,367.0,367.0,367.0,366.625,366.6499938964844,2452.0
2024-10-25 14:25:00+00:00,PAYO,8.3100004196167,8.3100004196167,8.3100004196167,8.3100004196167,8.3100004196167,1237.0
2024-10-25 14:25:00+00:00,PCTY,173.6999969482422,173.6999969482422,173.6999969482422,173.6999969482422,173.6999969482422,386.0
2024-10-25 14:25:00+00:00,PEGA,79.45500183105469,79.45500183105469,79.45500183105469,79.45500183105469,79.45500183105469,2511.0
2024-10-25 14:25:00+00:00,PEGY,4.889999866485596,4.889999866485596,4.889999866485596,4.889999866485596,4.889999866485596,1056.0
2024-10-25 14:25:00+00:00,PGY,11.760000228881836,11.760000228881836,11.760000228881836,11.75,11.75,827.0
2024-10-25 14:25:00+00:00,PHUN,10.3100004196167,10.3100004196167,10.3100004196167,10.284600257873535,10.285499572753906,6898.0
2024-10-25 14:25:00+00:00,PLAB,23.459999084472656,23.459999084472656,23.479999542236328,23.459999084472656,23.479999542236328,2780.0
2024-10-25 14:25:00+00:00,POET,3.839900016784668,3.839900016784668,3.839900016784668,3.839900016784668,3.839900016784668,1375.0
2024-10-25 14:25:00+00:00,PRCH,1.309999942779541,1.309999942779541,1.309999942779541,1.2949999570846558,1.2949999570846558,2690.0
2024-10-25 14:25:00+00:00,PTC,186.72999572753906,186.72999572753906,186.77999877929688,186.67750549316406,186.68499755859375,6326.0
2024-10-25 14:25:00+00:00,PYCR,14.300000190734863,14.300000190734863,14.300000190734863,14.300000190734863,14.300000190734863,351.0
2024-10-25 14:25:00+00:00,QCOM,171.10000610351562,171.10000610351562,171.10000610351562,171.0,171.02999877929688,15281.0
2024-10-25 14:25:00+00:00,QRVO,99.87999725341797,99.87999725341797,99.87999725341797,99.81999969482422,99.81999969482422,1990.0
2024-10-25 14:25:00+00:00,QUBT,1.0750000476837158,1.0750000476837158,1.0785000324249268,1.0750000476837158,1.0785000324249268,2429.0
2024-10-25 14:25:00+00:00,REKR,1.090000033378601,1.090000033378601,1.090000033378601,1.0800000429153442,1.0850000381469727,1023.0
2024-10-25 14:25:00+00:00,RELY,14.800000190734863,14.800000190734863,14.8100004196167,14.795000076293945,14.795000076293945,2647.0
2024-10-25 14:25:00+00:00,RGTI,1.2400000095367432,1.2400000095367432,1.2400000095367432,1.225000023841858,1.225000023841858,16763.0
2024-10-25 14:25:00+00:00,RIOT,9.790399551391602,9.790399551391602,9.795999526977539,9.779999732971191,9.779999732971191,33814.0
2024-10-25 14:25:00+00:00,RMBS,43.2599983215332,43.2599983215332,43.2599983215332,43.23500061035156,43.23500061035156,1988.0
2024-10-25 14:25:00+00:00,RMNI,1.715000033378601,1.715000033378601,1.715000033378601,1.715000033378601,1.715000033378601,1003.0
2024-10-25 14:25:00+00:00,RPD,38.75,38.75,38.75,38.75,38.75,226.0
2024-10-25 14:25:00+00:00,RUM,5.742000102996826,5.742000102996826,5.744999885559082,5.742000102996826,5.744999885559082,525.0
2024-10-25 14:25:00+00:00,RUN,14.329999923706055,14.329999923706055,14.329999923706055,14.3100004196167,14.3100004196167,5086.0
2024-10-25 14:25:00+00:00,SATS,25.15999984741211,25.15999984741211,25.15999984741211,25.152000427246094,25.152000427246094,2015.0
2024-10-25 14:25:00+00:00,SEDG,15.859999656677246,15.859999656677246,15.859999656677246,15.8149995803833,15.829999923706055,3121.0
2024-10-25 14:25:00+00:00,SHLS,5.260000228881836,5.260000228881836,5.260000228881836,5.255000114440918,5.255000114440918,1987.0
2024-10-25 14:25:00+00:00,SILC,12.925000190734863,12.925000190734863,12.925000190734863,12.925000190734863,12.925000190734863,564.0
2024-10-25 14:25:00+00:00,SIMO,56.45500183105469,56.45500183105469,56.45500183105469,56.45500183105469,56.45500183105469,766.0
2024-10-25 14:25:00+00:00,SKYT,10.5600004196167,10.5600004196167,10.5600004196167,10.5600004196167,10.5600004196167,539.0
2024-10-25 14:25:00+00:00,SMCI,47.13999938964844,47.13999938964844,47.15399932861328,47.040000915527344,47.04999923706055,32917.0
2024-10-25 14:25:00+00:00,SMSI,0.800000011920929,0.800000011920929,0.800000011920929,0.800000011920929,0.800000011920929,2177.0
2024-10-25 14:25:00+00:00,SMTC,45.654998779296875,45.654998779296875,45.654998779296875,45.650001525878906,45.650001525878906,986.0
2024-10-25 14:25:00+00:00,SNCR,10.60200023651123,10.60200023651123,10.602299690246582,10.60200023651123,10.602299690246582,1138.0
2024-10-25 14:25:00+00:00,SONO,12.710000038146973,12.710000038146973,12.710000038146973,12.704999923706055,12.710000038146973,1987.0
2024-10-25 14:25:00+00:00,SOPA,0.9634000062942505,0.9634000062942505,0.9634000062942505,0.9634000062942505,0.9634000062942505,21.0
2024-10-25 14:25:00+00:00,SOUN,5.170000076293945,5.170000076293945,5.170000076293945,5.164000034332275,5.170000076293945,18533.0
2024-10-25 14:25:00+00:00,SPSC,172.2899932861328,172.2899932861328,172.30999755859375,172.2899932861328,172.30999755859375,1560.0
2024-10-25 14:25:00+00:00,SPT,26.950000762939453,26.950000762939453,26.950000762939453,26.950000762939453,26.950000762939453,624.0
2024-10-25 14:25:00+00:00,SSNC,69.6050033569336,69.6050033569336,69.61000061035156,69.5999984741211,69.61000061035156,5418.0
2024-10-25 14:25:00+00:00,STNE,11.545000076293945,11.545000076293945,11.545000076293945,11.545000076293945,11.545000076293945,2572.0
2024-10-25 14:25:00+00:00,STX,103.36000061035156,103.36000061035156,103.4000015258789,103.34500122070312,103.36000061035156,4903.0
2024-10-25 14:25:00+00:00,SVRE,0.07800000160932541,0.07800000160932541,0.07800000160932541,0.07800000160932541,0.07800000160932541,1743.0
2024-10-25 14:25:00+00:00,SWKS,95.94000244140625,95.94000244140625,95.94999694824219,95.81999969482422,95.86000061035156,3833.0
2024-10-25 14:25:00+00:00,SYNA,72.37999725341797,72.37999725341797,72.44999694824219,72.31999969482422,72.44999694824219,1506.0
2024-10-25 14:25:00+00:00,SYTA,1.309999942779541,1.309999942779541,1.3100999593734741,1.309999942779541,1.309999942779541,12487.0
2024-10-25 14:25:00+00:00,TEAM,189.8300018310547,189.8300018310547,189.8300018310547,189.58999633789062,189.63999938964844,6925.0
2024-10-25 14:25:00+00:00,TENB,41.70000076293945,41.70000076293945,41.720001220703125,41.70000076293945,41.70000076293945,2006.0
2024-10-25 14:25:00+00:00,TER,112.08000183105469,112.08000183105469,112.08000183105469,111.97000122070312,112.0199966430664,4399.0
2024-10-25 14:25:00+00:00,TLS,3.5950000286102295,3.5950000286102295,3.5950000286102295,3.5899999141693115,3.5899999141693115,2563.0
2024-10-25 14:25:00+00:00,TRMB,60.859500885009766,60.859500885009766,60.86000061035156,60.859500885009766,60.86000061035156,701.0
2024-10-25 14:25:00+00:00,TTD,118.67749786376953,118.67749786376953,118.69000244140625,118.67749786376953,118.68000030517578,1320.0
2024-10-25 14:25:00+00:00,TTEC,5.349999904632568,5.349999904632568,5.349999904632568,5.349999904632568,5.349999904632568,259.0
2024-10-25 14:25:00+00:00,TTMI,19.600000381469727,19.600000381469727,19.600000381469727,19.600000381469727,19.600000381469727,1064.0
2024-10-25 14:25:00+00:00,TWKS,4.445000171661377,4.445000171661377,4.445000171661377,4.440000057220459,4.440000057220459,716.0
2024-10-25 14:25:00+00:00,TXN,207.61000061035156,207.61000061035156,207.61000061035156,207.27999877929688,207.3300018310547,4498.0
2024-10-25 14:25:00+00:00,UCTT,35.75,35.75,35.75,35.65999984741211,35.66999816894531,1571.0
2024-10-25 14:25:00+00:00,VECO,29.240100860595703,29.240100860595703,29.260000228881836,29.240100860595703,29.260000228881836,2669.0
2024-10-25 14:25:00+00:00,VERX,41.93000030517578,41.93000030517578,41.93000030517578,41.93000030517578,41.93000030517578,437.0
2024-10-25 14:25:00+00:00,VIAV,9.194999694824219,9.194999694824219,9.199999809265137,9.194999694824219,9.194999694824219,762.0
2024-10-25 14:25:00+00:00,VICR,46.34000015258789,46.34000015258789,46.349998474121094,46.34000015258789,46.349998474121094,635.0
2024-10-25 14:25:00+00:00,VMEO,4.75,4.75,4.75,4.75,4.75,616.0
2024-10-25 14:25:00+00:00,VNET,3.4149999618530273,3.4149999618530273,3.4200000762939453,3.4049999713897705,3.4049999713897705,2798.0
2024-10-25 14:25:00+00:00,VRNS,56.775001525878906,56.775001525878906,56.775001525878906,56.7599983215332,56.7599983215332,1836.0
2024-10-25 14:25:00+00:00,VRNT,21.950000762939453,21.950000762939453,21.950000762939453,21.950000762939453,21.950000762939453,536.0
2024-10-25 14:25:00+00:00,VRSN,182.90130615234375,182.90130615234375,183.1269989013672,182.5800018310547,183.02999877929688,28763.0
2024-10-25 14:25:00+00:00,VSAT,10.170000076293945,10.170000076293945,10.170000076293945,10.170000076293945,10.170000076293945,2098.0
2024-10-25 14:25:00+00:00,WDAY,238.9199981689453,238.9199981689453,238.99000549316406,238.80999755859375,238.80999755859375,2959.0
2024-10-25 14:25:00+00:00,WDC,70.17500305175781,70.17500305175781,70.2300033569336,70.0999984741211,70.0999984741211,16417.0
2024-10-25 14:25:00+00:00,WISA,2.0450000762939453,2.0450000762939453,2.0485000610351562,2.04010009765625,2.0450000762939453,2692.0
2024-10-25 14:25:00+00:00,WLDS,3.450000047683716,3.450000047683716,3.450000047683716,3.450000047683716,3.450000047683716,2358.0
2024-10-25 14:25:00+00:00,XPER,9.390000343322754,9.390000343322754,9.390000343322754,9.390000343322754,9.390000343322754,368.0
2024-10-25 14:25:00+00:00,XRX,9.975000381469727,9.975000381469727,9.975000381469727,9.954999923706055,9.954999923706055,2671.0
2024-10-25 14:25:00+00:00,ZBRA,360.3399963378906,360.3399963378906,360.3399963378906,360.29998779296875,360.29998779296875,1375.0
2024-10-25 14:25:00+00:00,ZI,10.489999771118164,10.489999771118164,10.489999771118164,10.489999771118164,10.489999771118164,1251.0
2024-10-25 14:25:00+00:00,ZM,72.9749984741211,72.9749984741211,72.9749984741211,72.8550033569336,72.86000061035156,16557.0
2024-10-25 14:25:00+00:00,ZS,184.72000122070312,184.72000122070312,184.72000122070312,184.72000122070312,184.72000122070312,1057.0
2024-10-25 14:26:00+00:00,AAPL,231.67990112304688,231.67990112304688,231.6999969482422,231.5500030517578,231.5800018310547,70635.0
2024-10-25 14:26:00+00:00,ACMR,19.607999801635742,19.607999801635742,19.61840057373047,19.607999801635742,19.61840057373047,989.0
2024-10-25 14:26:00+00:00,ADBE,483.6449890136719,483.6449890136719,483.6499938964844,483.3399963378906,483.5199890136719,5028.0
2024-10-25 14:26:00+00:00,ADI,231.30999755859375,231.30999755859375,231.50999450683594,231.30999755859375,231.5,773.0
2024-10-25 14:26:00+00:00,ADTN,6.295000076293945,6.295000076293945,6.295000076293945,6.295000076293945,6.295000076293945,366.0
2024-10-25 14:26:00+00:00,AEHR,16.885000228881836,16.885000228881836,16.885000228881836,16.875,16.875,3074.0
2024-10-25 14:26:00+00:00,AFRM,41.40999984741211,41.40999984741211,41.42150115966797,41.380001068115234,41.402000427246094,6836.0
2024-10-25 14:26:00+00:00,AGYS,110.83000183105469,110.83000183105469,110.83000183105469,110.83000183105469,110.83000183105469,165.0
2024-10-25 14:26:00+00:00,AIRG,9.229999542236328,9.229999542236328,9.241999626159668,9.229999542236328,9.241999626159668,2599.0
2024-10-25 14:26:00+00:00,AKAM,102.16999816894531,102.16999816894531,102.2699966430664,102.16999816894531,102.2699966430664,3321.0
2024-10-25 14:26:00+00:00,ALGM,23.0,23.0,23.010000228881836,22.989999771118164,23.0,8038.0
2024-10-25 14:26:00+00:00,ALKT,37.994998931884766,37.994998931884766,37.994998931884766,37.994998931884766,37.994998931884766,738.0
2024-10-25 14:26:00+00:00,AMAT,187.10499572753906,187.10499572753906,187.17999267578125,187.05999755859375,187.06500244140625,2789.0
2024-10-25 14:26:00+00:00,AMD,156.38400268554688,156.38400268554688,156.4199981689453,156.27999877929688,156.36990356445312,39477.0
2024-10-25 14:26:00+00:00,AMKR,29.985000610351562,29.985000610351562,29.985000610351562,29.985000610351562,29.985000610351562,392.0
2024-10-25 14:26:00+00:00,AMPL,9.114999771118164,9.114999771118164,9.114999771118164,9.114999771118164,9.114999771118164,408.0
2024-10-25 14:26:00+00:00,API,2.880000114440918,2.880000114440918,2.880000114440918,2.880000114440918,2.880000114440918,401.0
2024-10-25 14:26:00+00:00,APP,161.49000549316406,161.49000549316406,161.49000549316406,161.3000946044922,161.3000946044922,1407.0
2024-10-25 14:26:00+00:00,APPF,210.88999938964844,210.88999938964844,211.1300048828125,210.88999938964844,211.1300048828125,2336.0
2024-10-25 14:26:00+00:00,ARRY,6.425000190734863,6.425000190734863,6.440000057220459,6.423999786376953,6.430099964141846,47826.0
2024-10-25 14:26:00+00:00,ASML,713.7575073242188,713.7575073242188,713.7575073242188,713.7575073242188,713.7575073242188,1284.0
2024-10-25 14:26:00+00:00,ATOM,3.3113999366760254,3.3113999366760254,3.3113999366760254,3.3113999366760254,3.3113999366760254,600.0
2024-10-25 14:26:00+00:00,AUR,6.40500020980835,6.40500020980835,6.409999847412109,6.400000095367432,6.409999847412109,2358.0
2024-10-25 14:26:00+00:00,AUUD,0.6172000169754028,0.6172000169754028,0.6172000169754028,0.6172000169754028,0.6172000169754028,0.0
2024-10-25 14:26:00+00:00,AVDX,8.100000381469727,8.100000381469727,8.100000381469727,8.095000267028809,8.095000267028809,737.0
2024-10-25 14:26:00+00:00,AVGO,173.8699951171875,173.8699951171875,173.89590454101562,173.74180603027344,173.8791046142578,15088.0
2024-10-25 14:26:00+00:00,AVPT,11.92020034790039,11.92020034790039,11.930000305175781,11.92020034790039,11.930000305175781,964.0
2024-10-25 14:26:00+00:00,AVT,53.97999954223633,53.97999954223633,53.97999954223633,53.97999954223633,53.97999954223633,542.0
2024-10-25 14:26:00+00:00,BAND,17.635000228881836,17.635000228881836,17.635000228881836,17.635000228881836,17.635000228881836,396.0
2024-10-25 14:26:00+00:00,BELFB,79.05000305175781,79.05000305175781,79.05000305175781,78.91000366210938,78.98999786376953,1233.0
2024-10-25 14:26:00+00:00,BIGC,5.300000190734863,5.300000190734863,5.304999828338623,5.300000190734863,5.304999828338623,428.0
2024-10-25 14:26:00+00:00,BLKB,85.83000183105469,85.83000183105469,85.83000183105469,85.83000183105469,85.83000183105469,129.0
2024-10-25 14:26:00+00:00,BMBL,7.139999866485596,7.139999866485596,7.159999847412109,7.139999866485596,7.15500020980835,7719.0
2024-10-25 14:26:00+00:00,BSY,49.19499969482422,49.19499969482422,49.19499969482422,49.19499969482422,49.19499969482422,229.0
2024-10-25 14:26:00+00:00,CAMT,77.44999694824219,77.44999694824219,77.44999694824219,77.44999694824219,77.44999694824219,354.0
2024-10-25 14:26:00+00:00,CAN,0.9753000140190125,0.9753000140190125,0.9761999845504761,0.9753000140190125,0.9760000109672546,3184.0
2024-10-25 14:26:00+00:00,CDNS,258.0899963378906,258.0899963378906,258.2250061035156,258.0799865722656,258.2049865722656,2712.0
2024-10-25 14:26:00+00:00,CDW,218.15499877929688,218.15499877929688,218.15499877929688,218.13999938964844,218.13999938964844,1486.0
2024-10-25 14:26:00+00:00,CFLT,22.56999969482422,22.56999969482422,22.56999969482422,22.559999465942383,22.56999969482422,6658.0
2024-10-25 14:26:00+00:00,CGNX,38.86000061035156,38.86000061035156,38.86000061035156,38.85499954223633,38.85499954223633,673.0
2024-10-25 14:26:00+00:00,CHKP,206.66000366210938,206.66000366210938,206.6649932861328,206.66000366210938,206.6649932861328,3755.0
2024-10-25 14:26:00+00:00,CLBT,18.2450008392334,18.2450008392334,18.2450008392334,18.229999542236328,18.229999542236328,2133.0
2024-10-25 14:26:00+00:00,CLPS,1.3550000190734863,1.3550000190734863,1.3550000190734863,1.3550000190734863,1.3550000190734863,595.0
2024-10-25 14:26:00+00:00,CLSK,11.649999618530273,11.649999618530273,11.689900398254395,11.635000228881836,11.664999961853027,71103.0
2024-10-25 14:26:00+00:00,CNXC,44.42499923706055,44.42499923706055,44.42499923706055,44.42499923706055,44.42499923706055,613.0
2024-10-25 14:26:00+00:00,COHR,95.5199966430664,95.5199966430664,95.56500244140625,95.5199966430664,95.56500244140625,1623.0
2024-10-25 14:26:00+00:00,COIN,207.1999969482422,207.1999969482422,207.47999572753906,206.8800048828125,207.24920654296875,15947.0
2024-10-25 14:26:00+00:00,CORZ,13.345000267028809,13.345000267028809,13.350000381469727,13.34000015258789,13.350000381469727,4383.0
2024-10-25 14:26:00+00:00,CRCT,6.570000171661377,6.570000171661377,6.570000171661377,6.570000171661377,6.570000171661377,207.0
2024-10-25 14:26:00+00:00,CRDO,39.099998474121094,39.099998474121094,39.099998474121094,39.06999969482422,39.099998474121094,1992.0
2024-10-25 14:26:00+00:00,CREX,4.309999942779541,4.309999942779541,4.329699993133545,4.309999942779541,4.329699993133545,2887.0
2024-10-25 14:26:00+00:00,CRSR,6.340000152587891,6.340000152587891,6.340000152587891,6.340000152587891,6.340000152587891,57.0
2024-10-25 14:26:00+00:00,CRWD,296.16070556640625,296.16070556640625,296.19000244140625,295.7701110839844,296.0199890136719,15742.0
2024-10-25 14:26:00+00:00,CSCO,55.77000045776367,55.77000045776367,55.77000045776367,55.7400016784668,55.7400016784668,7658.0
2024-10-25 14:26:00+00:00,CSGS,47.439998626708984,47.439998626708984,47.439998626708984,47.439998626708984,47.439998626708984,329.0
2024-10-25 14:26:00+00:00,CSIQ,13.329999923706055,13.329999923706055,13.345000267028809,13.329999923706055,13.34000015258789,2185.0
2024-10-25 14:26:00+00:00,CTLP,8.875,8.875,8.875,8.875,8.875,229.0
2024-10-25 14:26:00+00:00,CTSH,74.81999969482422,74.81999969482422,74.8499984741211,74.80999755859375,74.83499908447266,2847.0
2024-10-25 14:26:00+00:00,CYBR,289.9549865722656,289.9549865722656,289.9549865722656,289.9549865722656,289.9549865722656,526.0
2024-10-25 14:26:00+00:00,DAKT,13.081999778747559,13.081999778747559,13.081999778747559,13.081999778747559,13.081999778747559,418.0
2024-10-25 14:26:00+00:00,DBX,26.030000686645508,26.030000686645508,26.030000686645508,26.0,26.0049991607666,6786.0
2024-10-25 14:26:00+00:00,DDOG,126.18000030517578,126.18000030517578,126.2750015258789,126.18000030517578,126.2699966430664,1666.0
2024-10-25 14:26:00+00:00,DIOD,65.49500274658203,65.49500274658203,65.49500274658203,65.49500274658203,65.49500274658203,587.0
2024-10-25 14:26:00+00:00,DLO,8.845000267028809,8.845000267028809,8.845000267028809,8.84000015258789,8.84000015258789,1713.0
2024-10-25 14:26:00+00:00,DOCU,68.91000366210938,68.91000366210938,68.91500091552734,68.83999633789062,68.83999633789062,9231.0
2024-10-25 14:26:00+00:00,DTST,3.5,3.5,3.5,3.5,3.5,2052.0
2024-10-25 14:26:00+00:00,EEFT,99.87000274658203,99.87000274658203,99.87000274658203,99.77999877929688,99.77999877929688,825.0
2024-10-25 14:26:00+00:00,EGAN,4.75,4.75,4.75,4.75,4.75,108.0
2024-10-25 14:26:00+00:00,ENPH,83.58000183105469,83.58000183105469,83.58000183105469,83.48600006103516,83.53009796142578,4200.0
2024-10-25 14:26:00+00:00,ENTG,104.70999908447266,104.70999908447266,104.78500366210938,104.6449966430664,104.72000122070312,3294.0
2024-10-25 14:26:00+00:00,EXLS,38.790000915527344,38.790000915527344,38.790000915527344,38.790000915527344,38.790000915527344,670.0
2024-10-25 14:26:00+00:00,EXTR,14.359999656677246,14.359999656677246,14.369999885559082,14.354999542236328,14.369999885559082,2273.0
2024-10-25 14:26:00+00:00,FFIV,216.03500366210938,216.03500366210938,216.17999267578125,216.03500366210938,216.17999267578125,727.0
2024-10-25 14:26:00+00:00,FIVN,29.809999465942383,29.809999465942383,29.815000534057617,29.799999237060547,29.815000534057617,1184.0
2024-10-25 14:26:00+00:00,FLEX,35.209999084472656,35.209999084472656,35.209999084472656,35.19499969482422,35.209999084472656,2427.0
2024-10-25 14:26:00+00:00,FLYW,17.360000610351562,17.360000610351562,17.375,17.360000610351562,17.375,9560.0
2024-10-25 14:26:00+00:00,FORM,44.67499923706055,44.67499923706055,44.67499923706055,44.67499923706055,44.67499923706055,375.0
2024-10-25 14:26:00+00:00,FROG,29.239999771118164,29.239999771118164,29.239999771118164,29.225000381469727,29.225000381469727,1992.0
2024-10-25 14:26:00+00:00,FRSH,11.625,11.625,11.630000114440918,11.625,11.630000114440918,3754.0
2024-10-25 14:26:00+00:00,FSLR,198.0399932861328,198.0399932861328,198.22999572753906,197.72999572753906,198.11749267578125,11444.0
2024-10-25 14:26:00+00:00,FTNT,80.62000274658203,80.62000274658203,80.63500213623047,80.62000274658203,80.63500213623047,3302.0
2024-10-25 14:26:00+00:00,GCT,24.700000762939453,24.700000762939453,24.700000762939453,24.700000762939453,24.700000762939453,650.0
2024-10-25 14:26:00+00:00,GFS,40.61000061035156,40.61000061035156,40.61000061035156,40.584999084472656,40.59000015258789,964.0
2024-10-25 14:26:00+00:00,GPRO,1.315000057220459,1.315000057220459,1.315000057220459,1.315000057220459,1.315000057220459,1136.0
2024-10-25 14:26:00+00:00,GRAB,4.079999923706055,4.079999923706055,4.079999923706055,4.074999809265137,4.079999923706055,51752.0
2024-10-25 14:26:00+00:00,GRRR,4.474999904632568,4.474999904632568,4.474999904632568,4.474999904632568,4.474999904632568,427.0
2024-10-25 14:26:00+00:00,GSIT,3.4000000953674316,3.4000000953674316,3.4000000953674316,3.4000000953674316,3.4000000953674316,0.0
2024-10-25 14:26:00+00:00,GTLB,55.380001068115234,55.380001068115234,55.38999938964844,55.380001068115234,55.38999938964844,948.0
2024-10-25 14:26:00+00:00,HCP,33.665000915527344,33.665000915527344,33.665000915527344,33.65999984741211,33.65999984741211,14748.0
2024-10-25 14:26:00+00:00,HEAR,16.479999542236328,16.479999542236328,16.479999542236328,16.479999542236328,16.479999542236328,145.0
2024-10-25 14:26:00+00:00,HIMX,6.159999847412109,6.159999847412109,6.159999847412109,6.15500020980835,6.15500020980835,1724.0
2024-10-25 14:26:00+00:00,HOLO,3.5999999046325684,3.5999999046325684,3.5999999046325684,3.590100049972534,3.5940001010894775,5133.0
2024-10-25 14:26:00+00:00,HOOD,27.139999389648438,27.139999389648438,27.139999389648438,27.129899978637695,27.135000228881836,6425.0
2024-10-25 14:26:00+00:00,ICHR,27.549999237060547,27.549999237060547,27.549999237060547,27.549999237060547,27.549999237060547,1677.0
2024-10-25 14:26:00+00:00,IDN,2.390000104904175,2.390000104904175,2.390000104904175,2.390000104904175,2.390000104904175,284.0
2024-10-25 14:26:00+00:00,IMMR,8.694999694824219,8.694999694824219,8.699899673461914,8.6899995803833,8.699899673461914,2603.0
2024-10-25 14:26:00+00:00,INFN,6.760000228881836,6.760000228881836,6.760000228881836,6.760000228881836,6.760000228881836,102.0
2024-10-25 14:26:00+00:00,INOD,20.209999084472656,20.209999084472656,20.209999084472656,20.200000762939453,20.200000762939453,1048.0
2024-10-25 14:26:00+00:00,INTA,50.189998626708984,50.189998626708984,50.23500061035156,50.18000030517578,50.23500061035156,4118.0
2024-10-25 14:26:00+00:00,INTC,22.885000228881836,22.885000228881836,22.885099411010742,22.860000610351562,22.860000610351562,78678.0
2024-10-25 14:26:00+00:00,INTU,608.9600219726562,608.9600219726562,609.0,608.9600219726562,609.0,561.0
2024-10-25 14:26:00+00:00,ITI,7.190000057220459,7.190000057220459,7.190199851989746,7.190000057220459,7.190000057220459,22072.0
2024-10-25 14:26:00+00:00,KC,2.680000066757202,2.680000066757202,2.684999942779541,2.680000066757202,2.684999942779541,613.0
2024-10-25 14:26:00+00:00,KLIC,44.400001525878906,44.400001525878906,44.400001525878906,44.369998931884766,44.369998931884766,1196.0
2024-10-25 14:26:00+00:00,KLTR,1.3300000429153442,1.3300000429153442,1.3300000429153442,1.3300000429153442,1.3300000429153442,1214.0
2024-10-25 14:26:00+00:00,LITE,64.40499877929688,64.40499877929688,64.40499877929688,64.40499877929688,64.40499877929688,705.0
2024-10-25 14:26:00+00:00,LOGI,80.6500015258789,80.6500015258789,80.6500015258789,80.6050033569336,80.61000061035156,14110.0
2024-10-25 14:26:00+00:00,LRCX,78.47000122070312,78.47000122070312,78.47000122070312,78.41999816894531,78.44000244140625,9933.0
2024-10-25 14:26:00+00:00,LSCC,54.2400016784668,54.2400016784668,54.279998779296875,54.23500061035156,54.279998779296875,3301.0
2024-10-25 14:26:00+00:00,LTRX,4.113999843597412,4.113999843597412,4.113999843597412,4.113999843597412,4.113999843597412,108.0
2024-10-25 14:26:00+00:00,LYFT,13.770000457763672,13.770000457763672,13.770000457763672,13.75,13.75,31278.0
2024-10-25 14:26:00+00:00,MAXN,5.690000057220459,5.690000057220459,5.690000057220459,5.684000015258789,5.684000015258789,11140.0
2024-10-25 14:26:00+00:00,MCHP,76.63999938964844,76.63999938964844,76.6500015258789,76.62999725341797,76.62999725341797,4221.0
2024-10-25 14:26:00+00:00,MDB,266.8275146484375,266.8275146484375,266.8275146484375,266.8275146484375,266.8275146484375,319.0
2024-10-25 14:26:00+00:00,MKSI,101.1050033569336,101.1050033569336,101.12000274658203,101.1050033569336,101.11000061035156,737.0
2024-10-25 14:26:00+00:00,MKTW,0.5875999927520752,0.5875999927520752,0.5875999927520752,0.5875999927520752,0.5875999927520752,394.0
2024-10-25 14:26:00+00:00,MNDY,299.7099914550781,299.7099914550781,299.82501220703125,299.7099914550781,299.82501220703125,440.0
2024-10-25 14:26:00+00:00,MPWR,909.7249755859375,909.7249755859375,909.8200073242188,909.7249755859375,909.7249755859375,1946.0
2024-10-25 14:26:00+00:00,MQ,5.28000020980835,5.28000020980835,5.28000020980835,5.28000020980835,5.28000020980835,2281.0
2024-10-25 14:26:00+00:00,MRVL,82.11000061035156,82.11000061035156,82.1500015258789,82.08999633789062,82.1500015258789,8124.0
2024-10-25 14:26:00+00:00,MSFT,428.5,428.5,428.5400085449219,428.30999755859375,428.3999938964844,19532.0
2024-10-25 14:26:00+00:00,MSTR,234.9445037841797,234.9445037841797,235.78990173339844,234.6300048828125,235.5850067138672,37634.0
2024-10-25 14:26:00+00:00,MTTR,4.599999904632568,4.599999904632568,4.599999904632568,4.59499979019165,4.59499979019165,4141.0
2024-10-25 14:26:00+00:00,MU,108.4800033569336,108.4800033569336,108.4800033569336,108.40899658203125,108.41999816894531,21169.0
2024-10-25 14:26:00+00:00,NEON,8.003999710083008,8.003999710083008,8.029999732971191,8.0,8.029999732971191,2292.0
2024-10-25 14:26:00+00:00,NTAP,119.79499816894531,119.79499816894531,119.80500030517578,119.79499816894531,119.80500030517578,998.0
2024-10-25 14:26:00+00:00,NTNX,62.099998474121094,62.099998474121094,62.099998474121094,62.07500076293945,62.07500076293945,1717.0
2024-10-25 14:26:00+00:00,NVDA,141.72000122070312,141.72000122070312,141.74000549316406,141.59010314941406,141.67999267578125,351491.0
2024-10-25 14:26:00+00:00,NVEI,33.494998931884766,33.494998931884766,33.494998931884766,33.494998931884766,33.494998931884766,112.0
2024-10-25 14:26:00+00:00,NVMI,183.77000427246094,183.77000427246094,183.82000732421875,183.35499572753906,183.82000732421875,588.0
2024-10-25 14:26:00+00:00,NXPI,243.49000549316406,243.49000549316406,243.50999450683594,243.49000549316406,243.50999450683594,755.0
2024-10-25 14:26:00+00:00,OKTA,72.12000274658203,72.12000274658203,72.12000274658203,72.12000274658203,72.12000274658203,441.0
2024-10-25 14:26:00+00:00,OLED,203.2899932861328,203.2899932861328,203.2899932861328,203.2899932861328,203.2899932861328,602.0
2024-10-25 14:26:00+00:00,ON,71.44999694824219,71.44999694824219,71.44999694824219,71.38500213623047,71.41000366210938,11526.0
2024-10-25 14:26:00+00:00,OTEX,33.29999923706055,33.29999923706055,33.310001373291016,33.29999923706055,33.310001373291016,443.0
2024-10-25 14:26:00+00:00,PANW,367.010009765625,367.010009765625,367.1400146484375,366.91119384765625,367.1400146484375,2883.0
2024-10-25 14:26:00+00:00,PDFS,29.139999389648438,29.139999389648438,29.139999389648438,29.139999389648438,29.139999389648438,433.0
2024-10-25 14:26:00+00:00,PEGA,79.53500366210938,79.53500366210938,79.53500366210938,79.5199966430664,79.5199966430664,1627.0
2024-10-25 14:26:00+00:00,PGY,11.770000457763672,11.770000457763672,11.770000457763672,11.76200008392334,11.76200008392334,940.0
2024-10-25 14:26:00+00:00,PHUN,10.3100004196167,10.3100004196167,10.319999694824219,10.290599822998047,10.319600105285645,17759.0
2024-10-25 14:26:00+00:00,PI,202.60000610351562,202.60000610351562,202.60000610351562,202.3800048828125,202.3800048828125,1442.0
2024-10-25 14:26:00+00:00,POET,3.8399999141693115,3.8399999141693115,3.8399999141693115,3.8399999141693115,3.8399999141693115,468.0
2024-10-25 14:26:00+00:00,POWI,63.58000183105469,63.58000183105469,63.58000183105469,63.58000183105469,63.58000183105469,595.0
2024-10-25 14:26:00+00:00,PTC,186.80320739746094,186.80320739746094,186.86000061035156,186.80320739746094,186.86000061035156,569.0
2024-10-25 14:26:00+00:00,PUBM,14.739999771118164,14.739999771118164,14.75,14.739999771118164,14.75,650.0
2024-10-25 14:26:00+00:00,QCOM,171.11000061035156,171.11000061035156,171.22000122070312,171.11000061035156,171.16000366210938,2330.0
2024-10-25 14:26:00+00:00,QRVO,99.9000015258789,99.9000015258789,99.91999816894531,99.8499984741211,99.9000015258789,16374.0
2024-10-25 14:26:00+00:00,QUBT,1.0850000381469727,1.0850000381469727,1.089900016784668,1.0700000524520874,1.0750000476837158,14781.0
2024-10-25 14:26:00+00:00,RCAT,2.765000104904175,2.765000104904175,2.7699999809265137,2.765000104904175,2.765000104904175,3315.0
2024-10-25 14:26:00+00:00,RELY,14.760000228881836,14.760000228881836,14.800000190734863,14.760000228881836,14.800000190734863,6368.0
2024-10-25 14:26:00+00:00,RGTI,1.2300000190734863,1.2300000190734863,1.2300000190734863,1.2300000190734863,1.2300000190734863,332.0
2024-10-25 14:26:00+00:00,RIOT,9.78600025177002,9.78600025177002,9.809700012207031,9.771300315856934,9.795000076293945,40266.0
2024-10-25 14:26:00+00:00,RMBS,43.29499816894531,43.29499816894531,43.29499816894531,43.27750015258789,43.27750015258789,968.0
2024-10-25 14:26:00+00:00,RMNI,1.7200000286102295,1.7200000286102295,1.7200000286102295,1.7200000286102295,1.7200000286102295,124.0
2024-10-25 14:26:00+00:00,RPD,38.75,38.75,38.75,38.75,38.75,152.0
2024-10-25 14:26:00+00:00,RUM,5.75,5.75,5.75,5.75,5.75,2094.0
2024-10-25 14:26:00+00:00,RUN,14.335000038146973,14.335000038146973,14.338000297546387,14.319999694824219,14.335000038146973,9845.0
2024-10-25 14:26:00+00:00,RXT,2.490000009536743,2.490000009536743,2.490000009536743,2.490000009536743,2.490000009536743,3374.0
2024-10-25 14:26:00+00:00,SANM,67.55500030517578,67.55500030517578,67.55500030517578,67.55500030517578,67.55500030517578,228.0
2024-10-25 14:26:00+00:00,SEDG,15.880000114440918,15.880000114440918,15.890000343322754,15.850000381469727,15.880000114440918,7986.0
2024-10-25 14:26:00+00:00,SGMA,2.869999885559082,2.869999885559082,2.869999885559082,2.869999885559082,2.869999885559082,271.0
2024-10-25 14:26:00+00:00,SHLS,5.255000114440918,5.255000114440918,5.255000114440918,5.255000114440918,5.255000114440918,451.0
2024-10-25 14:26:00+00:00,SKYT,10.569999694824219,10.569999694824219,10.569999694824219,10.569999694824219,10.569999694824219,143.0
2024-10-25 14:26:00+00:00,SLNH,3.940000057220459,3.940000057220459,3.940000057220459,3.940000057220459,3.940000057220459,11148.0
2024-10-25 14:26:00+00:00,SMCI,47.18000030517578,47.18000030517578,47.18000030517578,47.119998931884766,47.1349983215332,34262.0
2024-10-25 14:26:00+00:00,SMSI,0.8141000270843506,0.8141000270843506,0.8141000270843506,0.8141000270843506,0.8141000270843506,570.0
2024-10-25 14:26:00+00:00,SMTC,45.75,45.75,45.75,45.71500015258789,45.71500015258789,352.0
2024-10-25 14:26:00+00:00,SNPS,501.9480895996094,501.9480895996094,501.9480895996094,501.9480895996094,501.9480895996094,1088.0
2024-10-25 14:26:00+00:00,SONO,12.71500015258789,12.71500015258789,12.71500015258789,12.71500015258789,12.71500015258789,465.0
2024-10-25 14:26:00+00:00,SOUN,5.1697001457214355,5.1697001457214355,5.1697001457214355,5.164999961853027,5.164999961853027,5366.0
2024-10-25 14:26:00+00:00,SSNC,69.6449966430664,69.6449966430664,69.65249633789062,69.61000061035156,69.61000061035156,9861.0
2024-10-25 14:26:00+00:00,STNE,11.545000076293945,11.545000076293945,11.550000190734863,11.539999961853027,11.539999961853027,1223.0
2024-10-25 14:26:00+00:00,STX,103.4000015258789,103.4000015258789,103.43000030517578,103.4000015258789,103.43000030517578,1392.0
2024-10-25 14:26:00+00:00,SWKS,95.94000244140625,95.94000244140625,95.95999908447266,95.94000244140625,95.94000244140625,2492.0
2024-10-25 14:26:00+00:00,SYNA,72.45500183105469,72.45500183105469,72.54000091552734,72.31999969482422,72.31999969482422,4622.0
2024-10-25 14:26:00+00:00,SYTA,1.3186999559402466,1.3186999559402466,1.3186999559402466,1.309999942779541,1.309999942779541,460.0
2024-10-25 14:26:00+00:00,TACT,4.170000076293945,4.170000076293945,4.170000076293945,4.170000076293945,4.170000076293945,915.0
2024-10-25 14:26:00+00:00,TEAM,189.75,189.75,189.75,189.72500610351562,189.72500610351562,1242.0
2024-10-25 14:26:00+00:00,TER,112.19999694824219,112.19999694824219,112.19999694824219,112.08499908447266,112.08999633789062,6327.0
2024-10-25 14:26:00+00:00,TLS,3.5899999141693115,3.5899999141693115,3.5899999141693115,3.5899999141693115,3.5899999141693115,453.0
2024-10-25 14:26:00+00:00,TRMB,60.880001068115234,60.880001068115234,60.880001068115234,60.880001068115234,60.880001068115234,1389.0
2024-10-25 14:26:00+00:00,TTD,118.7300033569336,118.7300033569336,118.76000213623047,118.72000122070312,118.75,3354.0
2024-10-25 14:26:00+00:00,TWKS,4.440000057220459,4.440000057220459,4.449999809265137,4.440000057220459,4.440000057220459,6812.0
2024-10-25 14:26:00+00:00,TXN,207.57000732421875,207.57000732421875,207.66000366210938,207.52000427246094,207.66000366210938,5065.0
2024-10-25 14:26:00+00:00,UCTT,35.74169921875,35.74169921875,35.74169921875,35.74169921875,35.74169921875,756.0
2024-10-25 14:26:00+00:00,UEIC,8.015000343322754,8.015000343322754,8.015000343322754,8.015000343322754,8.015000343322754,224.0
2024-10-25 14:26:00+00:00,VERX,41.890098571777344,41.890098571777344,41.890098571777344,41.890098571777344,41.890098571777344,313.0
2024-10-25 14:26:00+00:00,VIAV,9.1899995803833,9.1899995803833,9.1899995803833,9.1899995803833,9.1899995803833,448.0
2024-10-25 14:26:00+00:00,VICR,46.400001525878906,46.400001525878906,46.400001525878906,46.400001525878906,46.400001525878906,130.0
2024-10-25 14:26:00+00:00,VMEO,4.755000114440918,4.755000114440918,4.755000114440918,4.75,4.75,5280.0
2024-10-25 14:26:00+00:00,VNET,3.4149999618530273,3.4149999618530273,3.4149999618530273,3.4149999618530273,3.4149999618530273,433.0
2024-10-25 14:26:00+00:00,VRNS,56.78499984741211,56.78499984741211,56.790000915527344,56.775001525878906,56.775001525878906,786.0
2024-10-25 14:26:00+00:00,VRSN,182.875,182.875,182.94000244140625,182.72999572753906,182.72999572753906,1435.0
2024-10-25 14:26:00+00:00,VSAT,10.170000076293945,10.170000076293945,10.170000076293945,10.170000076293945,10.170000076293945,442.0
2024-10-25 14:26:00+00:00,WDAY,238.97500610351562,238.97500610351562,238.97500610351562,238.97500610351562,238.97500610351562,299.0
2024-10-25 14:26:00+00:00,WDC,70.12999725341797,70.12999725341797,70.21179962158203,70.12000274658203,70.1500015258789,9700.0
2024-10-25 14:26:00+00:00,WISA,2.040299892425537,2.040299892425537,2.049999952316284,2.040299892425537,2.0480000972747803,7904.0
2024-10-25 14:26:00+00:00,WIX,165.02999877929688,165.02999877929688,165.02999877929688,165.02999877929688,165.02999877929688,1717.0
2024-10-25 14:26:00+00:00,XPER,9.395000457763672,9.395000457763672,9.395000457763672,9.395000457763672,9.395000457763672,359.0
2024-10-25 14:26:00+00:00,XRX,9.975000381469727,9.975000381469727,9.979999542236328,9.970000267028809,9.970000267028809,3210.0
2024-10-25 14:26:00+00:00,ZI,10.489999771118164,10.489999771118164,10.489999771118164,10.489999771118164,10.489999771118164,464.0
2024-10-25 14:26:00+00:00,ZM,72.94999694824219,72.94999694824219,73.0199966430664,72.94999694824219,72.97000122070312,10025.0
2024-10-25 14:27:00+00:00,AAOI,17.729999542236328,17.729999542236328,17.760000228881836,17.729999542236328,17.747100830078125,3404.0
2024-10-25 14:27:00+00:00,AAPL,231.70530700683594,231.70530700683594,231.74249267578125,231.67999267578125,231.6999969482422,37435.0
2024-10-25 14:27:00+00:00,ACIW,48.83000183105469,48.83000183105469,48.83000183105469,48.83000183105469,48.83000183105469,591.0
2024-10-25 14:27:00+00:00,ACLS,89.81999969482422,89.81999969482422,89.81999969482422,89.81999969482422,89.81999969482422,801.0
2024-10-25 14:27:00+00:00,ADBE,483.7900085449219,483.7900085449219,483.7900085449219,483.55999755859375,483.7300109863281,915.0
2024-10-25 14:27:00+00:00,ADI,231.58999633789062,231.58999633789062,231.58999633789062,231.55499267578125,231.55499267578125,1610.0
2024-10-25 14:27:00+00:00,AEHR,16.90999984741211,16.90999984741211,16.916000366210938,16.889999389648438,16.889999389648438,2659.0
2024-10-25 14:27:00+00:00,AFRM,41.439998626708984,41.439998626708984,41.45000076293945,41.40999984741211,41.40999984741211,6043.0
2024-10-25 14:27:00+00:00,AGYS,111.05999755859375,111.05999755859375,111.05999755859375,111.05999755859375,111.05999755859375,280.0
2024-10-25 14:27:00+00:00,AIRG,9.279899597167969,9.279899597167969,9.279899597167969,9.279899597167969,9.279899597167969,1090.0
2024-10-25 14:27:00+00:00,ALGM,23.010000228881836,23.010000228881836,23.010000228881836,23.0,23.0,3354.0
2024-10-25 14:27:00+00:00,AMAT,187.25999450683594,187.25999450683594,187.25999450683594,187.17999267578125,187.1999969482422,3300.0
2024-10-25 14:27:00+00:00,AMD,156.4801025390625,156.4801025390625,156.52999877929688,156.3699951171875,156.3800048828125,50444.0
2024-10-25 14:27:00+00:00,API,2.880000114440918,2.880000114440918,2.880000114440918,2.880000114440918,2.880000114440918,400.0
2024-10-25 14:27:00+00:00,APP,161.47999572753906,161.47999572753906,161.52999877929688,161.4550018310547,161.52999877929688,1468.0
2024-10-25 14:27:00+00:00,APPF,211.25,211.25,211.25,210.67999267578125,210.97000122070312,3912.0
2024-10-25 14:27:00+00:00,ARRY,6.429999828338623,6.429999828338623,6.4394001960754395,6.425000190734863,6.425000190734863,16550.0
2024-10-25 14:27:00+00:00,ATOM,3.311199903488159,3.311199903488159,3.311199903488159,3.311199903488159,3.311199903488159,0.0
2024-10-25 14:27:00+00:00,AUR,6.40500020980835,6.40500020980835,6.409999847412109,6.40500020980835,6.40500020980835,2632.0
2024-10-25 14:27:00+00:00,AVGO,174.0800018310547,174.0800018310547,174.0800018310547,173.92999267578125,173.92999267578125,14454.0
2024-10-25 14:27:00+00:00,AXTI,2.6649999618530273,2.6649999618530273,2.6649999618530273,2.6649999618530273,2.6649999618530273,1122.0
2024-10-25 14:27:00+00:00,BCOV,2.2499001026153564,2.2499001026153564,2.25,2.2493999004364014,2.25,4200.0
2024-10-25 14:27:00+00:00,BIGC,5.300000190734863,5.300000190734863,5.304999828338623,5.300000190734863,5.304999828338623,934.0
2024-10-25 14:27:00+00:00,BL,56.15999984741211,56.15999984741211,56.16999816894531,56.15999984741211,56.16999816894531,644.0
2024-10-25 14:27:00+00:00,BMBL,7.13100004196167,7.13100004196167,7.135000228881836,7.130000114440918,7.135000228881836,980.0
2024-10-25 14:27:00+00:00,BSY,49.189998626708984,49.189998626708984,49.189998626708984,49.18949890136719,49.18949890136719,526.0
2024-10-25 14:27:00+00:00,CAMT,77.54000091552734,77.54000091552734,77.54000091552734,77.52999877929688,77.52999877929688,1740.0
2024-10-25 14:27:00+00:00,CAN,0.9750999808311462,0.9750999808311462,0.9754999876022339,0.9750999808311462,0.9753000140190125,5505.0
2024-10-25 14:27:00+00:00,CCSI,20.229999542236328,20.229999542236328,20.229999542236328,20.229999542236328,20.229999542236328,2549.0
2024-10-25 14:27:00+00:00,CDNS,258.2300109863281,258.2300109863281,258.2300109863281,258.2300109863281,258.2300109863281,906.0
2024-10-25 14:27:00+00:00,CDW,218.1824951171875,218.1824951171875,218.2100067138672,218.1750030517578,218.2100067138672,720.0
2024-10-25 14:27:00+00:00,CFLT,22.56999969482422,22.56999969482422,22.56999969482422,22.56999969482422,22.56999969482422,1048.0
2024-10-25 14:27:00+00:00,CGNX,38.875,38.875,38.875,38.875,38.875,170.0
2024-10-25 14:27:00+00:00,CLFD,36.35499954223633,36.35499954223633,36.35499954223633,36.35499954223633,36.35499954223633,218.0
2024-10-25 14:27:00+00:00,CLSK,11.6850004196167,11.6850004196167,11.6899995803833,11.654999732971191,11.65999984741211,34761.0
2024-10-25 14:27:00+00:00,CMTL,3.7149999141693115,3.7149999141693115,3.7149999141693115,3.7149999141693115,3.7149999141693115,326.0
2024-10-25 14:27:00+00:00,COHR,95.58000183105469,95.58000183105469,95.58999633789062,95.53500366210938,95.53500366210938,1772.0
2024-10-25 14:27:00+00:00,COIN,207.6999969482422,207.6999969482422,207.6999969482422,207.32989501953125,207.37989807128906,36220.0
2024-10-25 14:27:00+00:00,CORZ,13.364999771118164,13.364999771118164,13.364999771118164,13.34000015258789,13.349100112915039,6793.0
2024-10-25 14:27:00+00:00,CRCT,6.570000171661377,6.570000171661377,6.570000171661377,6.570000171661377,6.570000171661377,200.0
2024-10-25 14:27:00+00:00,CRDO,39.125,39.125,39.130001068115234,39.125,39.130001068115234,1459.0
2024-10-25 14:27:00+00:00,CRNC,2.924999952316284,2.924999952316284,2.924999952316284,2.924999952316284,2.924999952316284,184.0
2024-10-25 14:27:00+00:00,CRSR,6.335000038146973,6.335000038146973,6.335000038146973,6.335000038146973,6.335000038146973,2044.0
2024-10-25 14:27:00+00:00,CRUS,122.72000122070312,122.72000122070312,122.75,122.72000122070312,122.7249984741211,429.0
2024-10-25 14:27:00+00:00,CRWD,296.2149963378906,296.2149963378906,296.3099060058594,295.9566955566406,295.9566955566406,7346.0
2024-10-25 14:27:00+00:00,CSCO,55.77000045776367,55.77000045776367,55.77000045776367,55.76319885253906,55.76499938964844,4857.0
2024-10-25 14:27:00+00:00,CSIQ,13.350000381469727,13.350000381469727,13.350000381469727,13.345000267028809,13.345999717712402,1929.0
2024-10-25 14:27:00+00:00,CTLP,8.880000114440918,8.880000114440918,8.880000114440918,8.880000114440918,8.880000114440918,319.0
2024-10-25 14:27:00+00:00,CTSH,74.80999755859375,74.80999755859375,74.83000183105469,74.80500030517578,74.81999969482422,3329.0
2024-10-25 14:27:00+00:00,DAKT,13.079999923706055,13.079999923706055,13.079999923706055,13.079999923706055,13.079999923706055,619.0
2024-10-25 14:27:00+00:00,DAVE,38.9900016784668,38.9900016784668,38.9900016784668,38.97999954223633,38.97999954223633,665.0
2024-10-25 14:27:00+00:00,DBX,26.045000076293945,26.045000076293945,26.045000076293945,26.024999618530273,26.030000686645508,8279.0
2024-10-25 14:27:00+00:00,DDOG,126.29499816894531,126.29499816894531,126.30500030517578,126.23999786376953,126.25,3924.0
2024-10-25 14:27:00+00:00,DGHI,1.4850000143051147,1.4850000143051147,1.4850000143051147,1.4850000143051147,1.4850000143051147,926.0
2024-10-25 14:27:00+00:00,DGII,30.18000030517578,30.18000030517578,30.18000030517578,30.18000030517578,30.18000030517578,876.0
2024-10-25 14:27:00+00:00,DIOD,65.30000305175781,65.30000305175781,65.44000244140625,65.25,65.4000015258789,11264.0
2024-10-25 14:27:00+00:00,DOCU,68.93000030517578,68.93000030517578,68.95999908447266,68.91000366210938,68.91000366210938,8225.0
2024-10-25 14:27:00+00:00,EEFT,99.91000366210938,99.91000366210938,99.91000366210938,99.91000366210938,99.91000366210938,412.0
2024-10-25 14:27:00+00:00,ENPH,83.55999755859375,83.55999755859375,83.58000183105469,83.51000213623047,83.58000183105469,7076.0
2024-10-25 14:27:00+00:00,ENTG,104.7300033569336,104.7300033569336,104.7300033569336,104.70999908447266,104.70999908447266,675.0
2024-10-25 14:27:00+00:00,ERIC,8.454999923706055,8.454999923706055,8.454999923706055,8.454999923706055,8.454999923706055,2662.0
2024-10-25 14:27:00+00:00,EVCM,10.4399995803833,10.4399995803833,10.4399995803833,10.4399995803833,10.4399995803833,231.0
2024-10-25 14:27:00+00:00,EXTR,14.364999771118164,14.364999771118164,14.364999771118164,14.364999771118164,14.364999771118164,337.0
2024-10-25 14:27:00+00:00,FARO,17.969999313354492,17.969999313354492,17.969999313354492,17.969999313354492,17.969999313354492,1280.0
2024-10-25 14:27:00+00:00,FFIV,216.2100067138672,216.2100067138672,216.2100067138672,216.2100067138672,216.2100067138672,189.0
2024-10-25 14:27:00+00:00,FIVN,29.829999923706055,29.829999923706055,29.829999923706055,29.825000762939453,29.825000762939453,1552.0
2024-10-25 14:27:00+00:00,FLEX,35.20500183105469,35.20500183105469,35.20500183105469,35.20500183105469,35.20500183105469,723.0
2024-10-25 14:27:00+00:00,FLYW,17.350000381469727,17.350000381469727,17.350000381469727,17.350000381469727,17.350000381469727,1480.0
2024-10-25 14:27:00+00:00,FORM,44.67499923706055,44.67499923706055,44.67499923706055,44.67499923706055,44.67499923706055,157.0
2024-10-25 14:27:00+00:00,FSLR,198.0399932861328,198.0399932861328,198.0399932861328,198.0399932861328,198.0399932861328,131.0
2024-10-25 14:27:00+00:00,FTCI,0.6521000266075134,0.6521000266075134,0.6521000266075134,0.6521000266075134,0.6521000266075134,4777.0
2024-10-25 14:27:00+00:00,FTNT,80.5999984741211,80.5999984741211,80.61000061035156,80.5999984741211,80.61000061035156,543.0
2024-10-25 14:27:00+00:00,GCT,24.70599937438965,24.70599937438965,24.70599937438965,24.704999923706055,24.704999923706055,839.0
2024-10-25 14:27:00+00:00,GDS,21.334999084472656,21.334999084472656,21.334999084472656,21.334999084472656,21.334999084472656,966.0
2024-10-25 14:27:00+00:00,GFS,40.61000061035156,40.61000061035156,40.630001068115234,40.61000061035156,40.619998931884766,942.0
2024-10-25 14:27:00+00:00,GILT,4.914000034332275,4.914000034332275,4.920000076293945,4.914000034332275,4.920000076293945,900.0
2024-10-25 14:27:00+00:00,GRAB,4.074999809265137,4.074999809265137,4.079999923706055,4.074999809265137,4.079999923706055,2806.0
2024-10-25 14:27:00+00:00,GTLB,55.38010025024414,55.38010025024414,55.38010025024414,55.38010025024414,55.38010025024414,511.0
2024-10-25 14:27:00+00:00,HCP,33.665000915527344,33.665000915527344,33.665000915527344,33.65999984741211,33.665000915527344,1123.0
2024-10-25 14:27:00+00:00,HEAR,16.489999771118164,16.489999771118164,16.489999771118164,16.489999771118164,16.489999771118164,1303.0
2024-10-25 14:27:00+00:00,HOLO,3.5920000076293945,3.5920000076293945,3.5920000076293945,3.5920000076293945,3.5920000076293945,405.0
2024-10-25 14:27:00+00:00,HOOD,27.155000686645508,27.155000686645508,27.155000686645508,27.142000198364258,27.145000457763672,4834.0
2024-10-25 14:27:00+00:00,HTCR,1.0499999523162842,1.0499999523162842,1.0499999523162842,1.0499999523162842,1.0499999523162842,3400.0
2024-10-25 14:27:00+00:00,IFBD,1.9299999475479126,1.9299999475479126,1.9299999475479126,1.9299999475479126,1.9299999475479126,39.0
2024-10-25 14:27:00+00:00,IMMR,8.699999809265137,8.699999809265137,8.699999809265137,8.699999809265137,8.699999809265137,809.0
2024-10-25 14:27:00+00:00,IMOS,22.474000930786133,22.474000930786133,22.474000930786133,22.474000930786133,22.474000930786133,252.0
2024-10-25 14:27:00+00:00,INTC,22.895999908447266,22.895999908447266,22.899999618530273,22.885000228881836,22.885000228881836,63531.0
2024-10-25 14:27:00+00:00,INTU,609.2150268554688,609.2150268554688,609.2150268554688,609.0349731445312,609.0349731445312,1041.0
2024-10-25 14:27:00+00:00,IPGP,77.11000061035156,77.11000061035156,77.11000061035156,77.11000061035156,77.11000061035156,699.0
2024-10-25 14:27:00+00:00,ITI,7.199999809265137,7.199999809265137,7.199999809265137,7.199999809265137,7.199999809265137,5638.0
2024-10-25 14:27:00+00:00,ITRN,27.25,27.25,27.25,27.25,27.25,281.0
2024-10-25 14:27:00+00:00,JKHY,182.50999450683594,182.50999450683594,182.50999450683594,182.39999389648438,182.44500732421875,555.0
2024-10-25 14:27:00+00:00,KARO,40.06999969482422,40.06999969482422,40.06999969482422,40.06999969482422,40.06999969482422,564.0
2024-10-25 14:27:00+00:00,KC,2.684999942779541,2.684999942779541,2.684999942779541,2.684999942779541,2.684999942779541,700.0
2024-10-25 14:27:00+00:00,KLAC,676.5700073242188,676.5700073242188,676.5700073242188,676.5700073242188,676.5700073242188,828.0
2024-10-25 14:27:00+00:00,KLIC,44.54999923706055,44.54999923706055,44.54999923706055,44.459999084472656,44.459999084472656,10199.0
2024-10-25 14:27:00+00:00,KOPN,0.7699999809265137,0.7699999809265137,0.7699999809265137,0.7699999809265137,0.7699999809265137,257.0
2024-10-25 14:27:00+00:00,LINK,4.72760009765625,4.72760009765625,4.72760009765625,4.72760009765625,4.72760009765625,1162.0
2024-10-25 14:27:00+00:00,LITE,64.55999755859375,64.55999755859375,64.55999755859375,64.43499755859375,64.43499755859375,14911.0
2024-10-25 14:27:00+00:00,LOGI,80.63999938964844,80.63999938964844,80.63999938964844,80.63999938964844,80.63999938964844,175.0
2024-10-25 14:27:00+00:00,LPSN,1.1698999404907227,1.1698999404907227,1.1698999404907227,1.1649999618530273,1.1698999404907227,4861.0
2024-10-25 14:27:00+00:00,LRCX,78.55999755859375,78.55999755859375,78.55999755859375,78.47000122070312,78.47000122070312,12805.0
2024-10-25 14:27:00+00:00,LYFT,13.774999618530273,13.774999618530273,13.779999732971191,13.765000343322754,13.765000343322754,8711.0
2024-10-25 14:27:00+00:00,MANH,275.7200012207031,275.7200012207031,275.7200012207031,275.7200012207031,275.7200012207031,225.0
2024-10-25 14:27:00+00:00,MAXN,5.749000072479248,5.749000072479248,5.749000072479248,5.70989990234375,5.70989990234375,5222.0
2024-10-25 14:27:00+00:00,MCHP,76.68000030517578,76.68000030517578,76.68000030517578,76.6500015258789,76.6500015258789,3350.0
2024-10-25 14:27:00+00:00,MDB,267.06500244140625,267.06500244140625,267.06500244140625,266.79998779296875,266.79998779296875,599.0
2024-10-25 14:27:00+00:00,MKSI,101.16000366210938,101.16000366210938,101.16000366210938,101.12999725341797,101.12999725341797,1491.0
2024-10-25 14:27:00+00:00,MNDY,300.139892578125,300.139892578125,300.139892578125,300.139892578125,300.139892578125,293.0
2024-10-25 14:27:00+00:00,MOGO,1.00600004196167,1.00600004196167,1.00600004196167,1.00600004196167,1.00600004196167,140.0
2024-10-25 14:27:00+00:00,MPWR,909.10009765625,909.10009765625,910.02001953125,909.0999755859375,909.7249755859375,2630.0
2024-10-25 14:27:00+00:00,MQ,5.275000095367432,5.275000095367432,5.275000095367432,5.275000095367432,5.275000095367432,1643.0
2024-10-25 14:27:00+00:00,MRVL,82.16000366210938,82.16000366210938,82.16999816894531,82.12999725341797,82.12999725341797,4657.0
2024-10-25 14:27:00+00:00,MSFT,428.4150085449219,428.4150085449219,428.4800109863281,428.3699951171875,428.4800109863281,22825.0
2024-10-25 14:27:00+00:00,MSTR,235.514404296875,235.514404296875,235.67999267578125,234.9001007080078,235.0198974609375,29578.0
2024-10-25 14:27:00+00:00,MTSI,120.0999984741211,120.0999984741211,120.0999984741211,120.0999984741211,120.0999984741211,286.0
2024-10-25 14:27:00+00:00,MTTR,4.59499979019165,4.59499979019165,4.59499979019165,4.59499979019165,4.59499979019165,2415.0
2024-10-25 14:27:00+00:00,MU,108.50060272216797,108.50060272216797,108.5199966430664,108.47000122070312,108.48500061035156,10829.0
2024-10-25 14:27:00+00:00,MXL,14.850000381469727,14.850000381469727,14.850000381469727,14.850000381469727,14.850000381469727,494.0
2024-10-25 14:27:00+00:00,NCNO,37.654998779296875,37.654998779296875,37.65999984741211,37.654998779296875,37.654998779296875,5091.0
2024-10-25 14:27:00+00:00,NEON,8.022000312805176,8.022000312805176,8.022000312805176,8.0,8.020000457763672,1500.0
2024-10-25 14:27:00+00:00,NICE,174.75999450683594,174.75999450683594,174.75999450683594,174.75999450683594,174.75999450683594,431.0
2024-10-25 14:27:00+00:00,NOVT,173.0850067138672,173.0850067138672,173.0850067138672,173.0850067138672,173.0850067138672,965.0
2024-10-25 14:27:00+00:00,NTAP,119.83000183105469,119.83000183105469,119.83000183105469,119.83000183105469,119.83000183105469,1087.0
2024-10-25 14:27:00+00:00,NTGR,20.209999084472656,20.209999084472656,20.209999084472656,20.209999084472656,20.209999084472656,1602.0
2024-10-25 14:27:00+00:00,NVDA,141.83999633789062,141.83999633789062,141.8699951171875,141.72000122070312,141.72999572753906,440606.0
2024-10-25 14:27:00+00:00,NVEI,33.494998931884766,33.494998931884766,33.494998931884766,33.494998931884766,33.494998931884766,1433.0
2024-10-25 14:27:00+00:00,NVTS,2.5399999618530273,2.5399999618530273,2.5399999618530273,2.5360000133514404,2.5360000133514404,2120.0
2024-10-25 14:27:00+00:00,NXPI,243.8175048828125,243.8175048828125,243.85000610351562,243.8000030517578,243.8000030517578,2386.0
2024-10-25 14:27:00+00:00,OLED,203.65499877929688,203.65499877929688,203.65499877929688,203.63999938964844,203.63999938964844,2114.0
2024-10-25 14:27:00+00:00,ON,71.45999908447266,71.45999908447266,71.51000213623047,71.44999694824219,71.45999908447266,19491.0
2024-10-25 14:27:00+00:00,ONDS,0.853600025177002,0.853600025177002,0.853600025177002,0.853600025177002,0.853600025177002,1500.0
2024-10-25 14:27:00+00:00,OSIS,135.31500244140625,135.31500244140625,135.31500244140625,135.22000122070312,135.22000122070312,1126.0
2024-10-25 14:27:00+00:00,OSPN,14.522899627685547,14.522899627685547,14.522899627685547,14.522899627685547,14.522899627685547,106.0
2024-10-25 14:27:00+00:00,OTEX,33.31999969482422,33.31999969482422,33.31999969482422,33.31999969482422,33.31999969482422,374.0
2024-10-25 14:27:00+00:00,PANW,367.17498779296875,367.17498779296875,367.19000244140625,367.1400146484375,367.19000244140625,2487.0
2024-10-25 14:27:00+00:00,PAYO,8.305000305175781,8.305000305175781,8.305000305175781,8.305000305175781,8.305000305175781,683.0
2024-10-25 14:27:00+00:00,PGY,11.765000343322754,11.765000343322754,11.765000343322754,11.764300346374512,11.764300346374512,724.0
2024-10-25 14:27:00+00:00,PHUN,10.369999885559082,10.369999885559082,10.390000343322754,10.312000274658203,10.319999694824219,31431.0
2024-10-25 14:27:00+00:00,PI,202.81500244140625,202.81500244140625,202.81500244140625,202.81500244140625,202.81500244140625,329.0
2024-10-25 14:27:00+00:00,PLXS,141.32000732421875,141.32000732421875,141.5800018310547,141.32000732421875,141.47999572753906,3259.0
2024-10-25 14:27:00+00:00,PTC,186.9499969482422,186.9499969482422,186.97500610351562,186.8800048828125,186.89999389648438,1284.0
2024-10-25 14:27:00+00:00,PYCR,14.300000190734863,14.300000190734863,14.300000190734863,14.300000190734863,14.300000190734863,381.0
2024-10-25 14:27:00+00:00,QCOM,171.32000732421875,171.32000732421875,171.32000732421875,171.19000244140625,171.19000244140625,1562.0
2024-10-25 14:27:00+00:00,QRVO,99.88009643554688,99.88009643554688,99.90499877929688,99.87000274658203,99.87999725341797,1874.0
2024-10-25 14:27:00+00:00,QUBT,1.083899974822998,1.083899974822998,1.0887999534606934,1.083899974822998,1.0887999534606934,218.0
2024-10-25 14:27:00+00:00,RDVT,28.56999969482422,28.56999969482422,28.56999969482422,28.56999969482422,28.56999969482422,119.0
2024-10-25 14:27:00+00:00,RDWR,22.24250030517578,22.24250030517578,22.24250030517578,22.24250030517578,22.24250030517578,195.0
2024-10-25 14:27:00+00:00,REKR,1.090000033378601,1.090000033378601,1.090000033378601,1.090000033378601,1.090000033378601,114.0
2024-10-25 14:27:00+00:00,RELY,14.755000114440918,14.755000114440918,14.760000228881836,14.755000114440918,14.760000228881836,1613.0
2024-10-25 14:27:00+00:00,RGTI,1.2400000095367432,1.2400000095367432,1.2400000095367432,1.2350000143051147,1.2383999824523926,15426.0
2024-10-25 14:27:00+00:00,RIOT,9.79990005493164,9.79990005493164,9.800000190734863,9.784000396728516,9.78499984741211,24862.0
2024-10-25 14:27:00+00:00,RMBS,43.30500030517578,43.30500030517578,43.30500030517578,43.30500030517578,43.30500030517578,835.0
2024-10-25 14:27:00+00:00,RPD,38.73500061035156,38.73500061035156,38.73500061035156,38.73500061035156,38.73500061035156,103.0
2024-10-25 14:27:00+00:00,RUM,5.757999897003174,5.757999897003174,5.757999897003174,5.755000114440918,5.755000114440918,5414.0
2024-10-25 14:27:00+00:00,RUN,14.335000038146973,14.335000038146973,14.335000038146973,14.329999923706055,14.329999923706055,2408.0
2024-10-25 14:27:00+00:00,SANM,67.6050033569336,67.6050033569336,67.6050033569336,67.6050033569336,67.6050033569336,104.0
2024-10-25 14:27:00+00:00,SATS,25.165000915527344,25.165000915527344,25.165000915527344,25.15999984741211,25.15999984741211,1616.0
2024-10-25 14:27:00+00:00,SEDG,15.875,15.875,15.890000343322754,15.864999771118164,15.864999771118164,2437.0
2024-10-25 14:27:00+00:00,SHLS,5.255000114440918,5.255000114440918,5.264999866485596,5.25,5.260000228881836,9082.0
2024-10-25 14:27:00+00:00,SITM,179.8249969482422,179.8249969482422,179.8249969482422,179.8249969482422,179.8249969482422,922.0
2024-10-25 14:27:00+00:00,SKYT,10.579999923706055,10.579999923706055,10.579999923706055,10.579999923706055,10.579999923706055,466.0
2024-10-25 14:27:00+00:00,SMCI,47.23939895629883,47.23939895629883,47.2400016784668,47.16999816894531,47.18000030517578,58772.0
2024-10-25 14:27:00+00:00,SMTC,45.790000915527344,45.790000915527344,45.801998138427734,45.790000915527344,45.801998138427734,262.0
2024-10-25 14:27:00+00:00,SNPS,502.70001220703125,502.70001220703125,502.70001220703125,502.70001220703125,502.70001220703125,820.0
2024-10-25 14:27:00+00:00,SONO,12.720000267028809,12.720000267028809,12.720000267028809,12.720000267028809,12.720000267028809,1503.0
2024-10-25 14:27:00+00:00,SOUN,5.170000076293945,5.170000076293945,5.170000076293945,5.159999847412109,5.164999961853027,2450.0
2024-10-25 14:27:00+00:00,SPI,0.41670000553131104,0.41670000553131104,0.41670000553131104,0.41519999504089355,0.41519999504089355,700.0
2024-10-25 14:27:00+00:00,SPSC,172.3000030517578,172.3000030517578,172.3000030517578,171.82000732421875,171.82000732421875,2372.0
2024-10-25 14:27:00+00:00,SSNC,69.68000030517578,69.68000030517578,69.68000030517578,69.6449966430664,69.6449966430664,3452.0
2024-10-25 14:27:00+00:00,SSTI,11.255000114440918,11.255000114440918,11.255000114440918,11.255000114440918,11.255000114440918,211.0
2024-10-25 14:27:00+00:00,STNE,11.545000076293945,11.545000076293945,11.545000076293945,11.545000076293945,11.545000076293945,1886.0
2024-10-25 14:27:00+00:00,STX,103.45999908447266,103.45999908447266,103.45999908447266,103.37999725341797,103.37999725341797,1012.0
2024-10-25 14:27:00+00:00,SURG,1.7450000047683716,1.7450000047683716,1.7450000047683716,1.7450000047683716,1.7450000047683716,120.0
2024-10-25 14:27:00+00:00,SVRE,0.07819999754428864,0.07819999754428864,0.07819999754428864,0.07819999754428864,0.07819999754428864,3790.0
2024-10-25 14:27:00+00:00,SWKS,95.94000244140625,95.94000244140625,95.95999908447266,95.94000244140625,95.94999694824219,1936.0
2024-10-25 14:27:00+00:00,TEAM,189.85000610351562,189.85000610351562,189.85000610351562,189.85000610351562,189.85000610351562,411.0
2024-10-25 14:27:00+00:00,TENB,41.70000076293945,41.70000076293945,41.70000076293945,41.70000076293945,41.70000076293945,106.0
2024-10-25 14:27:00+00:00,TER,112.2699966430664,112.2699966430664,112.27999877929688,112.22000122070312,112.2249984741211,7246.0
2024-10-25 14:27:00+00:00,TTD,118.7699966430664,118.7699966430664,118.77999877929688,118.75499725341797,118.7699966430664,2261.0
2024-10-25 14:27:00+00:00,TWKS,4.440000057220459,4.440000057220459,4.449999809265137,4.440000057220459,4.449999809265137,6292.0
2024-10-25 14:27:00+00:00,TXN,207.69000244140625,207.69000244140625,207.69000244140625,207.66000366210938,207.6699981689453,2199.0
2024-10-25 14:27:00+00:00,VECO,29.270000457763672,29.270000457763672,29.270000457763672,29.270000457763672,29.270000457763672,860.0
2024-10-25 14:27:00+00:00,VERX,42.040000915527344,42.040000915527344,42.040000915527344,41.95000076293945,41.95000076293945,1740.0
2024-10-25 14:27:00+00:00,VIAV,9.204999923706055,9.204999923706055,9.204999923706055,9.199999809265137,9.199999809265137,2852.0
2024-10-25 14:27:00+00:00,VICR,46.400001525878906,46.400001525878906,46.400001525878906,46.369998931884766,46.369998931884766,639.0
2024-10-25 14:27:00+00:00,VMEO,4.755000114440918,4.755000114440918,4.755000114440918,4.755000114440918,4.755000114440918,332.0
2024-10-25 14:27:00+00:00,VOXX,7.519999980926514,7.519999980926514,7.519999980926514,7.519999980926514,7.519999980926514,1142.0
2024-10-25 14:27:00+00:00,VRNS,56.83000183105469,56.83000183105469,56.83000183105469,56.790000915527344,56.790000915527344,2166.0
2024-10-25 14:27:00+00:00,VRNT,21.979999542236328,21.979999542236328,21.979999542236328,21.959999084472656,21.959999084472656,752.0
2024-10-25 14:27:00+00:00,VRSN,182.75,182.75,182.83999633789062,182.6999969482422,182.7666015625,4241.0
2024-10-25 14:27:00+00:00,VSAT,10.170000076293945,10.170000076293945,10.170000076293945,10.170000076293945,10.170000076293945,283.0
2024-10-25 14:27:00+00:00,VUZI,1.2997000217437744,1.2997000217437744,1.2997000217437744,1.2997000217437744,1.2997000217437744,5038.0
2024-10-25 14:27:00+00:00,VVPR,0.8079000115394592,0.8079000115394592,0.8079000115394592,0.7979000210762024,0.7979000210762024,1804.0
2024-10-25 14:27:00+00:00,WDAY,239.05999755859375,239.05999755859375,239.05999755859375,239.05999755859375,239.05999755859375,437.0
2024-10-25 14:27:00+00:00,WDC,70.18499755859375,70.18499755859375,70.19000244140625,70.13999938964844,70.16000366210938,9556.0
2024-10-25 14:27:00+00:00,WISA,2.0450000762939453,2.0450000762939453,2.049999952316284,2.0450000762939453,2.0450000762939453,3321.0
2024-10-25 14:27:00+00:00,XRX,9.99209976196289,9.99209976196289,9.999899864196777,9.979999542236328,9.979999542236328,2763.0
2024-10-25 14:27:00+00:00,ZBRA,360.44000244140625,360.44000244140625,360.5849914550781,360.44000244140625,360.5849914550781,541.0
2024-10-25 14:27:00+00:00,ZI,10.5,10.5,10.5,10.489999771118164,10.489999771118164,1645.0
2024-10-25 14:27:00+00:00,ZM,73.0,73.0,73.01000213623047,72.98999786376953,72.98999786376953,2030.0
2024-10-25 14:27:00+00:00,ZS,185.0399932861328,185.0399932861328,185.0399932861328,184.91000366210938,184.91000366210938,586.0
2024-10-25 14:28:00+00:00,AAOI,17.719999313354492,17.719999313354492,17.719999313354492,17.704999923706055,17.704999923706055,1506.0
2024-10-25 14:28:00+00:00,AAPL,231.86199951171875,231.86199951171875,231.9199981689453,231.7100067138672,231.7100067138672,60959.0
2024-10-25 14:28:00+00:00,ACIW,48.88999938964844,48.88999938964844,48.88999938964844,48.88999938964844,48.88999938964844,527.0
2024-10-25 14:28:00+00:00,ACMR,19.639999389648438,19.639999389648438,19.649999618530273,19.6299991607666,19.639999389648438,1001.0
2024-10-25 14:28:00+00:00,ADBE,484.2099914550781,484.2099914550781,484.2099914550781,483.9599914550781,483.9599914550781,1333.0
2024-10-25 14:28:00+00:00,ADI,231.75999450683594,231.75999450683594,231.75999450683594,231.64999389648438,231.72500610351562,1975.0
2024-10-25 14:28:00+00:00,ADSK,286.30999755859375,286.30999755859375,286.30999755859375,286.1700134277344,286.1700134277344,1091.0
2024-10-25 14:28:00+00:00,AEHR,16.905000686645508,16.905000686645508,16.905000686645508,16.905000686645508,16.905000686645508,1130.0
2024-10-25 14:28:00+00:00,AFRM,41.52000045776367,41.52000045776367,41.52000045776367,41.435001373291016,41.435001373291016,11562.0
2024-10-25 14:28:00+00:00,AIRG,9.168899536132812,9.168899536132812,9.168899536132812,9.168899536132812,9.168899536132812,2700.0
2024-10-25 14:28:00+00:00,ALGM,23.03499984741211,23.03499984741211,23.040000915527344,23.024999618530273,23.024999618530273,3184.0
2024-10-25 14:28:00+00:00,ALKT,37.994998931884766,37.994998931884766,38.02000045776367,37.994998931884766,38.02000045776367,2877.0
2024-10-25 14:28:00+00:00,ALTR,103.6449966430664,103.6449966430664,103.6449966430664,103.6449966430664,103.6449966430664,146.0
2024-10-25 14:28:00+00:00,AMAT,187.60499572753906,187.60499572753906,187.6300048828125,187.360107421875,187.4199981689453,6104.0
2024-10-25 14:28:00+00:00,AMBA,57.939998626708984,57.939998626708984,57.939998626708984,57.939998626708984,57.939998626708984,269.0
2024-10-25 14:28:00+00:00,AMD,156.5850067138672,156.5850067138672,156.66000366210938,156.50010681152344,156.50010681152344,58503.0
2024-10-25 14:28:00+00:00,AMKR,30.040000915527344,30.040000915527344,30.040000915527344,30.020000457763672,30.020000457763672,4508.0
2024-10-25 14:28:00+00:00,ANSS,323.3399963378906,323.3399963378906,323.3399963378906,323.3399963378906,323.3399963378906,2022.0
2024-10-25 14:28:00+00:00,ANY,1.0499999523162842,1.0499999523162842,1.0499999523162842,1.0499999523162842,1.0499999523162842,1266.0
2024-10-25 14:28:00+00:00,AOSL,36.400001525878906,36.400001525878906,36.400001525878906,36.380001068115234,36.38999938964844,1022.0
2024-10-25 14:28:00+00:00,API,2.880000114440918,2.880000114440918,2.880000114440918,2.880000114440918,2.880000114440918,400.0
2024-10-25 14:28:00+00:00,APP,161.531005859375,161.531005859375,161.54750061035156,161.46800231933594,161.49000549316406,1935.0
2024-10-25 14:28:00+00:00,APPF,211.05999755859375,211.05999755859375,211.36000061035156,211.05999755859375,211.35000610351562,1515.0
2024-10-25 14:28:00+00:00,APPN,32.18000030517578,32.18000030517578,32.18000030517578,32.18000030517578,32.18000030517578,579.0
2024-10-25 14:28:00+00:00,APPS,3.065000057220459,3.065000057220459,3.065000057220459,3.059999942779541,3.059999942779541,4255.0
2024-10-25 14:28:00+00:00,ARRY,6.434000015258789,6.434000015258789,6.440000057220459,6.420000076293945,6.429999828338623,33437.0
2024-10-25 14:28:00+00:00,ASML,715.3798828125,715.3798828125,715.3798828125,714.3699951171875,714.3800048828125,3597.0
2024-10-25 14:28:00+00:00,ATOM,3.305000066757202,3.305000066757202,3.309999942779541,3.299999952316284,3.309999942779541,2064.0
2024-10-25 14:28:00+00:00,AUR,6.414999961853027,6.414999961853027,6.420000076293945,6.40500020980835,6.40500020980835,28324.0
2024-10-25 14:28:00+00:00,AVDX,8.119999885559082,8.119999885559082,8.135000228881836,8.100000381469727,8.100000381469727,327425.0
2024-10-25 14:28:00+00:00,AVGO,174.22000122070312,174.22000122070312,174.30999755859375,174.0500030517578,174.0500030517578,24697.0
2024-10-25 14:28:00+00:00,AVPT,11.930000305175781,11.930000305175781,11.930000305175781,11.930000305175781,11.930000305175781,1400.0
2024-10-25 14:28:00+00:00,AVT,54.040000915527344,54.040000915527344,54.040000915527344,54.040000915527344,54.040000915527344,648.0
2024-10-25 14:28:00+00:00,AXTI,2.674999952316284,2.674999952316284,2.674999952316284,2.6700000762939453,2.6700000762939453,1250.0
2024-10-25 14:28:00+00:00,BAND,17.65999984741211,17.65999984741211,17.65999984741211,17.65999984741211,17.65999984741211,443.0
2024-10-25 14:28:00+00:00,BASE,16.2450008392334,16.2450008392334,16.2450008392334,16.2450008392334,16.2450008392334,613.0
2024-10-25 14:28:00+00:00,BCOV,2.2499001026153564,2.2499001026153564,2.259999990463257,2.2499001026153564,2.25,1349.0
2024-10-25 14:28:00+00:00,BEEM,4.809999942779541,4.809999942779541,4.809999942779541,4.809999942779541,4.809999942779541,443.0
2024-10-25 14:28:00+00:00,BL,56.189998626708984,56.189998626708984,56.189998626708984,56.189998626708984,56.189998626708984,252.0
2024-10-25 14:28:00+00:00,BLKB,85.87999725341797,85.87999725341797,85.87999725341797,85.87999725341797,85.87999725341797,364.0
2024-10-25 14:28:00+00:00,BMBL,7.125,7.125,7.135000228881836,7.119999885559082,7.135000228881836,14225.0
2024-10-25 14:28:00+00:00,BRZE,30.780000686645508,30.780000686645508,30.780000686645508,30.780000686645508,30.780000686645508,965.0
2024-10-25 14:28:00+00:00,BSY,49.22909927368164,49.22909927368164,49.22999954223633,49.20669937133789,49.21500015258789,1544.0
2024-10-25 14:28:00+00:00,CAMT,77.54499816894531,77.54499816894531,77.55000305175781,77.54000091552734,77.54499816894531,1818.0
2024-10-25 14:28:00+00:00,CCSI,20.263999938964844,20.263999938964844,20.263999938964844,20.263999938964844,20.263999938964844,456.0
2024-10-25 14:28:00+00:00,CDNS,258.6000061035156,258.6000061035156,258.6000061035156,258.4800109863281,258.4800109863281,1951.0
2024-10-25 14:28:00+00:00,CDW,218.33999633789062,218.33999633789062,218.3699951171875,218.2100067138672,218.2100067138672,2453.0
2024-10-25 14:28:00+00:00,CFLT,22.59000015258789,22.59000015258789,22.600000381469727,22.565000534057617,22.56999969482422,8458.0
2024-10-25 14:28:00+00:00,CGNX,38.89500045776367,38.89500045776367,38.89500045776367,38.875,38.875,1338.0
2024-10-25 14:28:00+00:00,CHKP,206.77000427246094,206.77000427246094,206.77000427246094,206.62750244140625,206.62750244140625,544.0
2024-10-25 14:28:00+00:00,CLFD,36.3650016784668,36.3650016784668,36.3650016784668,36.3650016784668,36.3650016784668,143.0
2024-10-25 14:28:00+00:00,CLSK,11.710000038146973,11.710000038146973,11.739999771118164,11.680100440979004,11.6850004196167,108463.0
2024-10-25 14:28:00+00:00,CNXC,44.459999084472656,44.459999084472656,44.47999954223633,44.459999084472656,44.47999954223633,1403.0
2024-10-25 14:28:00+00:00,COHR,95.6500015258789,95.6500015258789,95.6500015258789,95.62000274658203,95.62000274658203,2243.0
2024-10-25 14:28:00+00:00,COIN,208.30340576171875,208.30340576171875,208.39480590820312,207.6029052734375,207.6029052734375,38593.0
2024-10-25 14:28:00+00:00,COMM,6.250699996948242,6.250699996948242,6.250699996948242,6.250699996948242,6.250699996948242,2531.0
2024-10-25 14:28:00+00:00,CORZ,13.380000114440918,13.380000114440918,13.380000114440918,13.365699768066406,13.365699768066406,5718.0
2024-10-25 14:28:00+00:00,CORZW,7.860000133514404,7.860000133514404,7.860000133514404,7.821199893951416,7.821199893951416,4266.0
2024-10-25 14:28:00+00:00,CRCT,6.570000171661377,6.570000171661377,6.570000171661377,6.565000057220459,6.565000057220459,673.0
2024-10-25 14:28:00+00:00,CRDO,39.1599006652832,39.1599006652832,39.1599006652832,39.11000061035156,39.13999938964844,4763.0
2024-10-25 14:28:00+00:00,CRNC,2.930000066757202,2.930000066757202,2.930000066757202,2.930000066757202,2.930000066757202,3308.0
2024-10-25 14:28:00+00:00,CRSR,6.34250020980835,6.34250020980835,6.34250020980835,6.335000038146973,6.335000038146973,2005.0
2024-10-25 14:28:00+00:00,CRUS,122.83000183105469,122.83000183105469,122.94999694824219,122.83000183105469,122.94999694824219,495.0
2024-10-25 14:28:00+00:00,CRWD,296.5199890136719,296.5199890136719,296.5199890136719,296.0704040527344,296.0704040527344,8598.0
2024-10-25 14:28:00+00:00,CSCO,55.79499816894531,55.79499816894531,55.79499816894531,55.763999938964844,55.77000045776367,19741.0
2024-10-25 14:28:00+00:00,CSGS,47.45000076293945,47.45000076293945,47.45000076293945,47.45000076293945,47.45000076293945,833.0
2024-10-25 14:28:00+00:00,CSIQ,13.350000381469727,13.350000381469727,13.359999656677246,13.345000267028809,13.359999656677246,1467.0
2024-10-25 14:28:00+00:00,CTLP,8.880000114440918,8.880000114440918,8.880000114440918,8.880000114440918,8.880000114440918,588.0
2024-10-25 14:28:00+00:00,CTSH,74.81999969482422,74.81999969482422,74.83000183105469,74.80500030517578,74.80500030517578,5020.0
2024-10-25 14:28:00+00:00,CVLT,134.5500030517578,134.5500030517578,134.5500030517578,134.5500030517578,134.5500030517578,555.0
2024-10-25 14:28:00+00:00,CYBR,290.3399963378906,290.3399963378906,290.3399963378906,290.2200012207031,290.2799987792969,1512.0
2024-10-25 14:28:00+00:00,DAVE,38.850101470947266,38.850101470947266,39.0099983215332,38.850101470947266,39.0,2636.0
2024-10-25 14:28:00+00:00,DBX,26.06999969482422,26.06999969482422,26.06999969482422,26.05500030517578,26.05500030517578,1497.0
2024-10-25 14:28:00+00:00,DDOG,126.37999725341797,126.37999725341797,126.41000366210938,126.30999755859375,126.30999755859375,4819.0
2024-10-25 14:28:00+00:00,DIOD,65.30000305175781,65.30000305175781,65.30000305175781,65.30000305175781,65.30000305175781,264.0
2024-10-25 14:28:00+00:00,DOCU,68.96499633789062,68.96499633789062,68.9800033569336,68.92500305175781,68.93499755859375,14981.0
2024-10-25 14:28:00+00:00,DOMO,8.0600004196167,8.0600004196167,8.0600004196167,8.0600004196167,8.0600004196167,560.0
2024-10-25 14:28:00+00:00,DOX,89.30000305175781,89.30000305175781,89.30000305175781,89.27909851074219,89.27909851074219,1215.0
2024-10-25 14:28:00+00:00,DTSS,2.4700000286102295,2.4700000286102295,2.4700000286102295,2.4700000286102295,2.4700000286102295,134.0
2024-10-25 14:28:00+00:00,EEFT,100.0199966430664,100.0199966430664,100.0199966430664,99.94000244140625,99.94000244140625,801.0
2024-10-25 14:28:00+00:00,EGAN,4.769999980926514,4.769999980926514,4.769999980926514,4.764999866485596,4.764999866485596,576.0
2024-10-25 14:28:00+00:00,ENPH,83.62999725341797,83.62999725341797,83.63999938964844,83.55999755859375,83.55999755859375,6048.0
2024-10-25 14:28:00+00:00,ENTG,104.7699966430664,104.7699966430664,104.7699966430664,104.7699966430664,104.7699966430664,1479.0
2024-10-25 14:28:00+00:00,ERIC,8.454999923706055,8.454999923706055,8.45989990234375,8.454000473022461,8.454999923706055,16669.0
2024-10-25 14:28:00+00:00,EVCM,10.449999809265137,10.449999809265137,10.449999809265137,10.449999809265137,10.449999809265137,892.0
2024-10-25 14:28:00+00:00,EXLS,38.79499816894531,38.79499816894531,38.79499816894531,38.790000915527344,38.790000915527344,1860.0
2024-10-25 14:28:00+00:00,EXTR,14.375,14.375,14.375,14.364999771118164,14.364999771118164,978.0
2024-10-25 14:28:00+00:00,FFIV,216.2100067138672,216.2100067138672,216.2100067138672,216.2100067138672,216.2100067138672,436.0
2024-10-25 14:28:00+00:00,FIVN,29.860000610351562,29.860000610351562,29.860000610351562,29.84000015258789,29.84000015258789,1451.0
2024-10-25 14:28:00+00:00,FLEX,35.220001220703125,35.220001220703125,35.220001220703125,35.209999084472656,35.209999084472656,3978.0
2024-10-25 14:28:00+00:00,FLYW,17.329999923706055,17.329999923706055,17.329999923706055,17.329999923706055,17.329999923706055,1754.0
2024-10-25 14:28:00+00:00,FORM,44.7400016784668,44.7400016784668,44.7599983215332,44.70000076293945,44.70000076293945,2104.0
2024-10-25 14:28:00+00:00,FROG,29.260000228881836,29.260000228881836,29.260000228881836,29.25,29.25,1026.0
2024-10-25 14:28:00+00:00,FRSH,11.625,11.625,11.630000114440918,11.625,11.630000114440918,4136.0
2024-10-25 14:28:00+00:00,FSLR,198.77499389648438,198.77499389648438,198.77499389648438,198.00999450683594,198.05499267578125,7079.0
2024-10-25 14:28:00+00:00,FTNT,80.66000366210938,80.66000366210938,80.66999816894531,80.61000061035156,80.61000061035156,4774.0
2024-10-25 14:28:00+00:00,GDS,21.349899291992188,21.349899291992188,21.349899291992188,21.34000015258789,21.344999313354492,3770.0
2024-10-25 14:28:00+00:00,GFS,40.66999816894531,40.66999816894531,40.66999816894531,40.630001068115234,40.630001068115234,1109.0
2024-10-25 14:28:00+00:00,GILT,4.914999961853027,4.914999961853027,4.914999961853027,4.914999961853027,4.914999961853027,0.0
2024-10-25 14:28:00+00:00,GPRO,1.309999942779541,1.309999942779541,1.309999942779541,1.309999942779541,1.309999942779541,229.0
2024-10-25 14:28:00+00:00,GRAB,4.079999923706055,4.079999923706055,4.079999923706055,4.074999809265137,4.074999809265137,37582.0
2024-10-25 14:28:00+00:00,GRRR,4.474999904632568,4.474999904632568,4.474999904632568,4.474999904632568,4.474999904632568,1286.0
2024-10-25 14:28:00+00:00,GTLB,55.43000030517578,55.43000030517578,55.43000030517578,55.404998779296875,55.404998779296875,1766.0
2024-10-25 14:28:00+00:00,HCKT,24.65999984741211,24.65999984741211,24.65999984741211,24.649999618530273,24.649999618530273,469.0
2024-10-25 14:28:00+00:00,HCP,33.665000915527344,33.665000915527344,33.665000915527344,33.665000915527344,33.665000915527344,2276.0
2024-10-25 14:28:00+00:00,HLIT,14.755000114440918,14.755000114440918,14.755000114440918,14.755000114440918,14.755000114440918,844.0
2024-10-25 14:28:00+00:00,HOLO,3.5966999530792236,3.5966999530792236,3.5966999530792236,3.5899999141693115,3.5899999141693115,380.0
2024-10-25 14:28:00+00:00,HOOD,27.184999465942383,27.184999465942383,27.19499969482422,27.155000686645508,27.155000686645508,10663.0
2024-10-25 14:28:00+00:00,IMMR,8.71500015258789,8.71500015258789,8.715299606323242,8.710000038146973,8.710000038146973,1275.0
2024-10-25 14:28:00+00:00,IMXI,17.6200008392334,17.6200008392334,17.6200008392334,17.6200008392334,17.6200008392334,714.0
2024-10-25 14:28:00+00:00,INDI,3.505000114440918,3.505000114440918,3.505000114440918,3.5,3.5,3274.0
2024-10-25 14:28:00+00:00,INFN,6.760000228881836,6.760000228881836,6.760000228881836,6.760000228881836,6.760000228881836,416.0
2024-10-25 14:28:00+00:00,INTA,50.20009994506836,50.20009994506836,50.220001220703125,50.20009994506836,50.220001220703125,694.0
2024-10-25 14:28:00+00:00,INTC,22.93000030517578,22.93000030517578,22.94499969482422,22.895000457763672,22.895000457763672,84341.0
2024-10-25 14:28:00+00:00,INTU,609.4149780273438,609.4149780273438,609.4149780273438,609.2150268554688,609.2150268554688,2781.0
2024-10-25 14:28:00+00:00,IPGP,77.16000366210938,77.16000366210938,77.16000366210938,77.16000366210938,77.16000366210938,325.0
2024-10-25 14:28:00+00:00,ITRI,102.7699966430664,102.7699966430664,102.7699966430664,102.7699966430664,102.7699966430664,253.0
2024-10-25 14:28:00+00:00,JKHY,182.5800018310547,182.5800018310547,182.58999633789062,182.55999755859375,182.55999755859375,1517.0
2024-10-25 14:28:00+00:00,KC,2.680000066757202,2.680000066757202,2.684999942779541,2.680000066757202,2.684999942779541,5148.0
2024-10-25 14:28:00+00:00,KLAC,677.5999755859375,677.5999755859375,677.8300170898438,677.5750122070312,677.8300170898438,1278.0
2024-10-25 14:28:00+00:00,LFUS,253.85000610351562,253.85000610351562,253.85000610351562,253.85000610351562,253.85000610351562,604.0
2024-10-25 14:28:00+00:00,LITE,64.56999969482422,64.56999969482422,64.56999969482422,64.52999877929688,64.52999877929688,1640.0
2024-10-25 14:28:00+00:00,LOGI,80.72000122070312,80.72000122070312,80.72000122070312,80.66000366210938,80.66000366210938,1861.0
2024-10-25 14:28:00+00:00,LRCX,78.70999908447266,78.70999908447266,78.70999908447266,78.55999755859375,78.55999755859375,34452.0
2024-10-25 14:28:00+00:00,LSAK,5.300000190734863,5.300000190734863,5.300000190734863,5.300000190734863,5.300000190734863,700.0
2024-10-25 14:28:00+00:00,LSCC,54.33000183105469,54.33000183105469,54.33000183105469,54.33000183105469,54.33000183105469,1138.0
2024-10-25 14:28:00+00:00,LTCH,0.44999998807907104,0.44999998807907104,0.44999998807907104,0.44999998807907104,0.44999998807907104,46555.0
2024-10-25 14:28:00+00:00,LTRX,4.114999771118164,4.114999771118164,4.114999771118164,4.114999771118164,4.114999771118164,254.0
2024-10-25 14:28:00+00:00,LYFT,13.78499984741211,13.78499984741211,13.789999961853027,13.779999732971191,13.779999732971191,13348.0
2024-10-25 14:28:00+00:00,MANH,275.82000732421875,275.82000732421875,275.82000732421875,275.739990234375,275.739990234375,924.0
2024-10-25 14:28:00+00:00,MAXN,5.78000020980835,5.78000020980835,5.78000020980835,5.755000114440918,5.755000114440918,13578.0
2024-10-25 14:28:00+00:00,MCHP,76.7300033569336,76.7300033569336,76.7300033569336,76.66999816894531,76.66999816894531,3984.0
2024-10-25 14:28:00+00:00,MDB,267.1499938964844,267.1499938964844,267.2900085449219,267.1499938964844,267.2900085449219,1643.0
2024-10-25 14:28:00+00:00,MKSI,101.18000030517578,101.18000030517578,101.18000030517578,101.0999984741211,101.1500015258789,2173.0
2024-10-25 14:28:00+00:00,MNDY,300.0,300.0,300.0,300.0,300.0,704.0
2024-10-25 14:28:00+00:00,MOB,1.3585000038146973,1.3585000038146973,1.3585000038146973,1.3585000038146973,1.3585000038146973,6902.0
2024-10-25 14:28:00+00:00,MPWR,911.1500244140625,911.1500244140625,911.9600219726562,910.1950073242188,910.1950073242188,3291.0
2024-10-25 14:28:00+00:00,MQ,5.289999961853027,5.289999961853027,5.289999961853027,5.275000095367432,5.275000095367432,10350.0
2024-10-25 14:28:00+00:00,MRAM,6.309999942779541,6.309999942779541,6.309999942779541,6.309999942779541,6.309999942779541,160.0
2024-10-25 14:28:00+00:00,MRVL,82.20999908447266,82.20999908447266,82.23999786376953,82.12999725341797,82.1500015258789,14931.0
2024-10-25 14:28:00+00:00,MSFT,428.69989013671875,428.69989013671875,428.82000732421875,428.3700866699219,428.3700866699219,25078.0
2024-10-25 14:28:00+00:00,MSTR,236.34500122070312,236.34500122070312,236.99000549316406,235.4949951171875,235.5,95943.0
2024-10-25 14:28:00+00:00,MTLS,5.925000190734863,5.925000190734863,5.925000190734863,5.925000190734863,5.925000190734863,433.0
2024-10-25 14:28:00+00:00,MTSI,120.08999633789062,120.08999633789062,120.08999633789062,119.94499969482422,119.94499969482422,1334.0
2024-10-25 14:28:00+00:00,MTTR,4.59499979019165,4.59499979019165,4.59499979019165,4.59499979019165,4.59499979019165,573.0
2024-10-25 14:28:00+00:00,MU,108.62000274658203,108.62000274658203,108.65499877929688,108.51000213623047,108.51000213623047,18918.0
2024-10-25 14:28:00+00:00,MXL,14.869999885559082,14.869999885559082,14.869999885559082,14.850000381469727,14.850000381469727,1889.0
2024-10-25 14:28:00+00:00,NOVT,173.82000732421875,173.82000732421875,173.82000732421875,173.52000427246094,173.52000427246094,258.0
2024-10-25 14:28:00+00:00,NSIT,208.75,208.75,208.75,208.75,208.75,683.0
2024-10-25 14:28:00+00:00,NTAP,119.86000061035156,119.86000061035156,119.88999938964844,119.86000061035156,119.87000274658203,1940.0
2024-10-25 14:28:00+00:00,NTCT,20.649999618530273,20.649999618530273,20.649999618530273,20.649999618530273,20.649999618530273,651.0
2024-10-25 14:28:00+00:00,NTNX,62.154998779296875,62.154998779296875,62.154998779296875,62.11000061035156,62.11000061035156,1039.0
2024-10-25 14:28:00+00:00,NVDA,141.98500061035156,141.98500061035156,142.0294952392578,141.8300018310547,141.83999633789062,549346.0
2024-10-25 14:28:00+00:00,NVTS,2.5439999103546143,2.5439999103546143,2.5450000762939453,2.5334999561309814,2.5334999561309814,4310.0
2024-10-25 14:28:00+00:00,NXPI,244.0800018310547,244.0800018310547,244.11000061035156,243.72369384765625,243.72369384765625,11939.0
2024-10-25 14:28:00+00:00,OKTA,72.22000122070312,72.22000122070312,72.22000122070312,72.22000122070312,72.22000122070312,248.0
2024-10-25 14:28:00+00:00,ON,71.55000305175781,71.55000305175781,71.55999755859375,71.45909881591797,71.45999908447266,15508.0
2024-10-25 14:28:00+00:00,ONDS,0.8569999933242798,0.8569999933242798,0.8569999933242798,0.8569999933242798,0.8569999933242798,0.0
2024-10-25 14:28:00+00:00,OSPN,14.529999732971191,14.529999732971191,14.529999732971191,14.529999732971191,14.529999732971191,644.0
2024-10-25 14:28:00+00:00,PANW,367.2699890136719,367.2699890136719,367.3699951171875,367.1050109863281,367.1050109863281,3241.0
2024-10-25 14:28:00+00:00,PAYO,8.3149995803833,8.3149995803833,8.3149995803833,8.3100004196167,8.3100004196167,4285.0
2024-10-25 14:28:00+00:00,PDFS,29.190000534057617,29.190000534057617,29.190000534057617,29.190000534057617,29.190000534057617,361.0
2024-10-25 14:28:00+00:00,PEGA,79.52999877929688,79.52999877929688,79.52999877929688,79.52999877929688,79.52999877929688,865.0
2024-10-25 14:28:00+00:00,PEGY,4.849999904632568,4.849999904632568,4.849999904632568,4.849999904632568,4.849999904632568,175.0
2024-10-25 14:28:00+00:00,PGY,11.774999618530273,11.774999618530273,11.774999618530273,11.774999618530273,11.774999618530273,294.0
2024-10-25 14:28:00+00:00,PHUN,10.350000381469727,10.350000381469727,10.390000343322754,10.329999923706055,10.380000114440918,22543.0
2024-10-25 14:28:00+00:00,PI,202.92999267578125,202.92999267578125,202.92999267578125,202.92999267578125,202.92999267578125,1943.0
2024-10-25 14:28:00+00:00,PLAB,23.540000915527344,23.540000915527344,23.540000915527344,23.489999771118164,23.489999771118164,1246.0
2024-10-25 14:28:00+00:00,PLXS,141.47000122070312,141.47000122070312,141.55999755859375,141.4499969482422,141.4499969482422,1077.0
2024-10-25 14:28:00+00:00,PRGS,64.54000091552734,64.54000091552734,64.54000091552734,64.54000091552734,64.54000091552734,1263.0
2024-10-25 14:28:00+00:00,PTC,187.0800018310547,187.0800018310547,187.11000061035156,187.0,187.0,4290.0
2024-10-25 14:28:00+00:00,PUBM,14.748000144958496,14.748000144958496,14.748000144958496,14.748000144958496,14.748000144958496,345.0
2024-10-25 14:28:00+00:00,PYCR,14.319999694824219,14.319999694824219,14.319999694824219,14.3100004196167,14.3100004196167,1004.0
2024-10-25 14:28:00+00:00,QCOM,171.53500366210938,171.53500366210938,171.53500366210938,171.30999755859375,171.30999755859375,7019.0
2024-10-25 14:28:00+00:00,QRVO,99.9800033569336,99.9800033569336,99.9800033569336,99.90499877929688,99.90499877929688,9864.0
2024-10-25 14:28:00+00:00,QUBT,1.0850000381469727,1.0850000381469727,1.0850000381469727,1.0850000381469727,1.0850000381469727,215.0
2024-10-25 14:28:00+00:00,QUIK,8.609999656677246,8.609999656677246,8.609999656677246,8.609999656677246,8.609999656677246,288.0
2024-10-25 14:28:00+00:00,RDWR,22.280000686645508,22.280000686645508,22.280000686645508,22.280000686645508,22.280000686645508,328.0
2024-10-25 14:28:00+00:00,REKR,1.089900016784668,1.089900016784668,1.089900016784668,1.089900016784668,1.089900016784668,628.0
2024-10-25 14:28:00+00:00,RELY,14.755000114440918,14.755000114440918,14.755000114440918,14.755000114440918,14.755000114440918,1688.0
2024-10-25 14:28:00+00:00,RGTI,1.239799976348877,1.239799976348877,1.2400000095367432,1.2350000143051147,1.2350000143051147,3944.0
2024-10-25 14:28:00+00:00,RGTIW,0.16500000655651093,0.16500000655651093,0.16990000009536743,0.16500000655651093,0.16990000009536743,4000.0
2024-10-25 14:28:00+00:00,RIOT,9.82960033416748,9.82960033416748,9.84000015258789,9.79010009765625,9.795000076293945,79516.0
2024-10-25 14:28:00+00:00,RMBS,43.35499954223633,43.35499954223633,43.35499954223633,43.33000183105469,43.33000183105469,1556.0
2024-10-25 14:28:00+00:00,RPAY,7.605000019073486,7.605000019073486,7.605000019073486,7.599999904632568,7.599999904632568,2785.0
2024-10-25 14:28:00+00:00,RPD,38.73500061035156,38.73500061035156,38.73500061035156,38.73500061035156,38.73500061035156,298.0
2024-10-25 14:28:00+00:00,RUM,5.755000114440918,5.755000114440918,5.760000228881836,5.75,5.75,1800.0
2024-10-25 14:28:00+00:00,RUN,14.34000015258789,14.34000015258789,14.350000381469727,14.337900161743164,14.34000015258789,12733.0
2024-10-25 14:28:00+00:00,SANM,67.5999984741211,67.5999984741211,67.5999984741211,67.5999984741211,67.5999984741211,884.0
2024-10-25 14:28:00+00:00,SCSC,44.755001068115234,44.755001068115234,44.790000915527344,44.755001068115234,44.790000915527344,506.0
2024-10-25 14:28:00+00:00,SEDG,15.890000343322754,15.890000343322754,15.90999984741211,15.890000343322754,15.890000343322754,6211.0
2024-10-25 14:28:00+00:00,SGMA,2.8714001178741455,2.8714001178741455,2.8714001178741455,2.8714001178741455,2.8714001178741455,76.0
2024-10-25 14:28:00+00:00,SHLS,5.255000114440918,5.255000114440918,5.255000114440918,5.255000114440918,5.255000114440918,1165.0
2024-10-25 14:28:00+00:00,SIMO,56.47999954223633,56.47999954223633,56.47999954223633,56.47999954223633,56.47999954223633,128.0
2024-10-25 14:28:00+00:00,SITM,180.125,180.125,180.1300048828125,180.125,180.1300048828125,1133.0
2024-10-25 14:28:00+00:00,SMCI,47.2599983215332,47.2599983215332,47.28960037231445,47.239898681640625,47.239898681640625,38929.0
2024-10-25 14:28:00+00:00,SMTC,45.79999923706055,45.79999923706055,45.849998474121094,45.79999923706055,45.79999923706055,1658.0
2024-10-25 14:28:00+00:00,SNPS,502.7099914550781,502.7099914550781,502.7099914550781,502.7099914550781,502.7099914550781,1203.0
2024-10-25 14:28:00+00:00,SOBR,7.446499824523926,7.446499824523926,7.446499824523926,7.446499824523926,7.446499824523926,3652.0
2024-10-25 14:28:00+00:00,SOUN,5.179999828338623,5.179999828338623,5.179999828338623,5.166800022125244,5.170000076293945,53189.0
2024-10-25 14:28:00+00:00,SPNS,36.54999923706055,36.54999923706055,36.54999923706055,36.52000045776367,36.52000045776367,1312.0
2024-10-25 14:28:00+00:00,SPSC,172.72000122070312,172.72000122070312,172.72000122070312,172.22999572753906,172.58999633789062,5102.0
2024-10-25 14:28:00+00:00,SPT,27.0,27.0,27.0,27.0,27.0,1506.0
2024-10-25 14:28:00+00:00,SSNC,69.70500183105469,69.70500183105469,69.71589660644531,69.677001953125,69.677001953125,8758.0
2024-10-25 14:28:00+00:00,STNE,11.545000076293945,11.545000076293945,11.545000076293945,11.545000076293945,11.545000076293945,606.0
2024-10-25 14:28:00+00:00,STX,103.5199966430664,103.5199966430664,103.5199966430664,103.5199966430664,103.5199966430664,926.0
2024-10-25 14:28:00+00:00,SVRE,0.07800000160932541,0.07800000160932541,0.07800000160932541,0.07800000160932541,0.07800000160932541,4005.0
2024-10-25 14:28:00+00:00,SWKS,96.04000091552734,96.04000091552734,96.04000091552734,96.00499725341797,96.0199966430664,968.0
2024-10-25 14:28:00+00:00,SYNA,72.55999755859375,72.55999755859375,72.55999755859375,72.55999755859375,72.55999755859375,261.0
2024-10-25 14:28:00+00:00,SYTA,1.315000057220459,1.315000057220459,1.3180999755859375,1.3101999759674072,1.3101999759674072,9057.0
2024-10-25 14:28:00+00:00,TEAM,189.9499969482422,189.9499969482422,190.02999877929688,189.85000610351562,189.85000610351562,4011.0
2024-10-25 14:28:00+00:00,TENB,41.72999954223633,41.72999954223633,41.72999954223633,41.70000076293945,41.70000076293945,2545.0
2024-10-25 14:28:00+00:00,TER,112.23999786376953,112.23999786376953,112.29000091552734,112.19999694824219,112.25,6540.0
2024-10-25 14:28:00+00:00,TLS,3.5950000286102295,3.5950000286102295,3.5950000286102295,3.5950000286102295,3.5950000286102295,786.0
2024-10-25 14:28:00+00:00,TRMB,60.939998626708984,60.939998626708984,60.939998626708984,60.915000915527344,60.915000915527344,2481.0
2024-10-25 14:28:00+00:00,TSEM,44.790000915527344,44.790000915527344,44.790000915527344,44.77000045776367,44.77000045776367,2002.0
2024-10-25 14:28:00+00:00,TTD,118.81999969482422,118.81999969482422,118.87000274658203,118.7699966430664,118.7699966430664,4585.0
2024-10-25 14:28:00+00:00,TTEC,5.34499979019165,5.34499979019165,5.349999904632568,5.34499979019165,5.349999904632568,4447.0
2024-10-25 14:28:00+00:00,TTMI,19.610000610351562,19.610000610351562,19.610000610351562,19.604999542236328,19.604999542236328,1475.0
2024-10-25 14:28:00+00:00,TWKS,4.440000057220459,4.440000057220459,4.440000057220459,4.440000057220459,4.440000057220459,172.0
2024-10-25 14:28:00+00:00,TXN,207.9398956298828,207.9398956298828,207.9398956298828,207.65159606933594,207.65159606933594,5120.0
2024-10-25 14:28:00+00:00,UCTT,35.84000015258789,35.84000015258789,35.84000015258789,35.84000015258789,35.84000015258789,127.0
2024-10-25 14:28:00+00:00,VECO,29.299999237060547,29.299999237060547,29.299999237060547,29.280000686645508,29.280000686645508,1799.0
2024-10-25 14:28:00+00:00,VERI,3.390000104904175,3.390000104904175,3.390000104904175,3.380000114440918,3.380000114440918,1397.0
2024-10-25 14:28:00+00:00,VERX,42.035400390625,42.035400390625,42.035400390625,42.035400390625,42.035400390625,463.0
2024-10-25 14:28:00+00:00,VIAV,9.204999923706055,9.204999923706055,9.204999923706055,9.204999923706055,9.204999923706055,244.0
2024-10-25 14:28:00+00:00,VMEO,4.755000114440918,4.755000114440918,4.755000114440918,4.755000114440918,4.755000114440918,3329.0
2024-10-25 14:28:00+00:00,VRNS,56.86000061035156,56.86000061035156,56.86000061035156,56.845001220703125,56.845001220703125,1092.0
2024-10-25 14:28:00+00:00,VRNT,22.0,22.0,22.0,21.979999542236328,21.979999542236328,722.0
2024-10-25 14:28:00+00:00,VRSN,182.6999969482422,182.6999969482422,182.77999877929688,182.6699981689453,182.77999877929688,640.0
2024-10-25 14:28:00+00:00,VSAT,10.180000305175781,10.180000305175781,10.180000305175781,10.164999961853027,10.170000076293945,2684.0
2024-10-25 14:28:00+00:00,VUZI,1.2949999570846558,1.2949999570846558,1.2949999570846558,1.2949999570846558,1.2949999570846558,1500.0
2024-10-25 14:28:00+00:00,WDAY,239.08999633789062,239.08999633789062,239.1699981689453,239.0800018310547,239.1699981689453,1992.0
2024-10-25 14:28:00+00:00,WDC,70.16999816894531,70.16999816894531,70.23999786376953,70.16000366210938,70.20999908447266,13216.0
2024-10-25 14:28:00+00:00,WISA,2.0450000762939453,2.0450000762939453,2.049999952316284,2.0450000762939453,2.049999952316284,3661.0
2024-10-25 14:28:00+00:00,XRX,10.0,10.0,10.0,9.99120044708252,9.996000289916992,2515.0
2024-10-25 14:28:00+00:00,ZBRA,360.5299987792969,360.5299987792969,360.6000061035156,360.5299987792969,360.5400085449219,1412.0
2024-10-25 14:28:00+00:00,ZI,10.494999885559082,10.494999885559082,10.494999885559082,10.494999885559082,10.494999885559082,1814.0
2024-10-25 14:28:00+00:00,ZM,73.0,73.0,73.0199966430664,72.98500061035156,73.0,4719.0
2024-10-25 14:28:00+00:00,ZS,185.16000366210938,185.16000366210938,185.17999267578125,185.0399932861328,185.0399932861328,2359.0
2024-10-25 14:29:00+00:00,AAPL,231.83999633789062,231.83999633789062,231.94000244140625,231.80999755859375,231.86529541015625,50875.0
2024-10-25 14:29:00+00:00,ACIW,48.939998626708984,48.939998626708984,48.939998626708984,48.939998626708984,48.939998626708984,328.0
2024-10-25 14:29:00+00:00,ACLS,89.9000015258789,89.9000015258789,89.9000015258789,89.9000015258789,89.9000015258789,265.0
2024-10-25 14:29:00+00:00,ACMR,19.65690040588379,19.65690040588379,19.65999984741211,19.65690040588379,19.658000946044922,1851.0
2024-10-25 14:29:00+00:00,ADBE,484.0400085449219,484.0400085449219,484.2300109863281,483.989990234375,483.989990234375,1537.0
2024-10-25 14:29:00+00:00,ADI,231.7675018310547,231.7675018310547,231.84010314941406,231.7675018310547,231.84010314941406,2196.0
2024-10-25 14:29:00+00:00,ADSK,286.3800048828125,286.3800048828125,286.3800048828125,286.3500061035156,286.3500061035156,1035.0
2024-10-25 14:29:00+00:00,ADTN,6.289999961853027,6.289999961853027,6.289999961853027,6.289999961853027,6.289999961853027,180.0
2024-10-25 14:29:00+00:00,AFRM,41.527198791503906,41.527198791503906,41.527198791503906,41.5099983215332,41.52000045776367,5229.0
2024-10-25 14:29:00+00:00,AIP,6.901100158691406,6.901100158691406,6.901100158691406,6.901100158691406,6.901100158691406,712.0
2024-10-25 14:29:00+00:00,AIRG,9.199999809265137,9.199999809265137,9.199999809265137,9.168899536132812,9.168899536132812,3210.0
2024-10-25 14:29:00+00:00,AKAM,102.22000122070312,102.22000122070312,102.22000122070312,102.22000122070312,102.22000122070312,637.0
2024-10-25 14:29:00+00:00,ALGM,23.024999618530273,23.024999618530273,23.045000076293945,23.024999618530273,23.045000076293945,4069.0
2024-10-25 14:29:00+00:00,ALKT,38.02000045776367,38.02000045776367,38.02000045776367,38.02000045776367,38.02000045776367,136.0
2024-10-25 14:29:00+00:00,AMAT,187.42999267578125,187.42999267578125,187.67990112304688,187.4199981689453,187.67990112304688,4830.0
2024-10-25 14:29:00+00:00,AMD,156.5449981689453,156.5449981689453,156.6300048828125,156.5218048095703,156.58009338378906,39252.0
2024-10-25 14:29:00+00:00,AMKR,30.040000915527344,30.040000915527344,30.05500030517578,30.040000915527344,30.05500030517578,1022.0
2024-10-25 14:29:00+00:00,AMPL,9.109999656677246,9.109999656677246,9.109999656677246,9.109999656677246,9.109999656677246,727.0
2024-10-25 14:29:00+00:00,APCX,0.7346000075340271,0.7346000075340271,0.7346000075340271,0.7346000075340271,0.7346000075340271,174.0
2024-10-25 14:29:00+00:00,API,2.880000114440918,2.880000114440918,2.880000114440918,2.880000114440918,2.880000114440918,300.0
2024-10-25 14:29:00+00:00,APP,161.42999267578125,161.42999267578125,161.5800018310547,161.42999267578125,161.5050048828125,2908.0
2024-10-25 14:29:00+00:00,APPF,211.28500366210938,211.28500366210938,211.28500366210938,211.28500366210938,211.28500366210938,1492.0
2024-10-25 14:29:00+00:00,APPN,32.16999816894531,32.16999816894531,32.18000030517578,32.16999816894531,32.18000030517578,469.0
2024-10-25 14:29:00+00:00,ARRY,6.445000171661377,6.445000171661377,6.449999809265137,6.440000057220459,6.440000057220459,14792.0
2024-10-25 14:29:00+00:00,AUR,6.414999961853027,6.414999961853027,6.414999961853027,6.409999847412109,6.409999847412109,1592.0
2024-10-25 14:29:00+00:00,AVDX,8.130000114440918,8.130000114440918,8.135000228881836,8.119999885559082,8.119999885559082,30631.0
2024-10-25 14:29:00+00:00,AVGO,174.12130737304688,174.12130737304688,174.2899932861328,174.12130737304688,174.23989868164062,15421.0
2024-10-25 14:29:00+00:00,AVT,53.9900016784668,53.9900016784668,54.02000045776367,53.9900016784668,54.02000045776367,1693.0
2024-10-25 14:29:00+00:00,AZPN,237.22000122070312,237.22000122070312,237.22000122070312,237.22000122070312,237.22000122070312,1352.0
2024-10-25 14:29:00+00:00,BAND,17.700000762939453,17.700000762939453,17.700000762939453,17.68000030517578,17.68000030517578,576.0
2024-10-25 14:29:00+00:00,BIGC,5.304999828338623,5.304999828338623,5.304999828338623,5.304999828338623,5.304999828338623,613.0
2024-10-25 14:29:00+00:00,BL,56.209999084472656,56.209999084472656,56.22999954223633,56.209999084472656,56.209999084472656,894.0
2024-10-25 14:29:00+00:00,BMBL,7.099999904632568,7.099999904632568,7.150000095367432,7.099999904632568,7.125,43509.0
2024-10-25 14:29:00+00:00,BRZE,30.780000686645508,30.780000686645508,30.790000915527344,30.760000228881836,30.790000915527344,2106.0
2024-10-25 14:29:00+00:00,BSY,49.2400016784668,49.2400016784668,49.2400016784668,49.21860122680664,49.22999954223633,1163.0
2024-10-25 14:29:00+00:00,CAMT,77.53009796142578,77.53009796142578,77.62000274658203,77.53009796142578,77.62000274658203,3769.0
2024-10-25 14:29:00+00:00,CAN,0.9767000079154968,0.9767000079154968,0.9767000079154968,0.9767000079154968,0.9767000079154968,310.0
2024-10-25 14:29:00+00:00,CDNS,258.5,258.5,258.635009765625,258.5,258.6300048828125,3281.0
2024-10-25 14:29:00+00:00,CDW,218.35000610351562,218.35000610351562,218.4199981689453,218.35000610351562,218.4199981689453,1559.0
2024-10-25 14:29:00+00:00,CETX,0.3028999865055084,0.3028999865055084,0.3028999865055084,0.3028999865055084,0.3028999865055084,6013.0
2024-10-25 14:29:00+00:00,CFLT,22.610000610351562,22.610000610351562,22.610000610351562,22.59000015258789,22.59000015258789,4908.0
2024-10-25 14:29:00+00:00,CGNX,38.900001525878906,38.900001525878906,38.91999816894531,38.900001525878906,38.900001525878906,2338.0
2024-10-25 14:29:00+00:00,CHKP,206.77000427246094,206.77000427246094,206.77000427246094,206.77000427246094,206.77000427246094,1956.0
2024-10-25 14:29:00+00:00,CLBT,18.239999771118164,18.239999771118164,18.239999771118164,18.239999771118164,18.239999771118164,634.0
2024-10-25 14:29:00+00:00,CLPS,1.3698999881744385,1.3698999881744385,1.3698999881744385,1.3698999881744385,1.3698999881744385,0.0
2024-10-25 14:29:00+00:00,CLSK,11.725000381469727,11.725000381469727,11.739999771118164,11.71500015258789,11.71500015258789,55604.0
2024-10-25 14:29:00+00:00,CNDT,3.615000009536743,3.615000009536743,3.615000009536743,3.615000009536743,3.615000009536743,430.0
2024-10-25 14:29:00+00:00,CNXC,44.459999084472656,44.459999084472656,44.459999084472656,44.459999084472656,44.459999084472656,748.0
2024-10-25 14:29:00+00:00,COHR,95.58650207519531,95.58650207519531,95.6500015258789,95.58650207519531,95.6500015258789,1473.0
2024-10-25 14:29:00+00:00,COHU,26.0,26.0,26.0,26.0,26.0,780.0
2024-10-25 14:29:00+00:00,COIN,207.99200439453125,207.99200439453125,208.39999389648438,207.97000122070312,208.3070068359375,21175.0
2024-10-25 14:29:00+00:00,CORZ,13.350000381469727,13.350000381469727,13.380000114440918,13.350000381469727,13.375,6935.0
2024-10-25 14:29:00+00:00,CORZW,7.840000152587891,7.840000152587891,7.840000152587891,7.840000152587891,7.840000152587891,1186.0
2024-10-25 14:29:00+00:00,CRCT,6.579999923706055,6.579999923706055,6.579999923706055,6.579999923706055,6.579999923706055,531.0
2024-10-25 14:29:00+00:00,CRDO,39.119998931884766,39.119998931884766,39.165000915527344,39.119998931884766,39.14799880981445,1479.0
2024-10-25 14:29:00+00:00,CRNC,2.934999942779541,2.934999942779541,2.934999942779541,2.934999942779541,2.934999942779541,1067.0
2024-10-25 14:29:00+00:00,CRUS,122.83999633789062,122.83999633789062,122.94000244140625,122.83999633789062,122.94000244140625,423.0
2024-10-25 14:29:00+00:00,CRWD,296.2287902832031,296.2287902832031,296.5799865722656,296.1499938964844,296.57000732421875,10594.0
2024-10-25 14:29:00+00:00,CSCO,55.775001525878906,55.775001525878906,55.79499816894531,55.775001525878906,55.79499816894531,6370.0
2024-10-25 14:29:00+00:00,CSIQ,13.350000381469727,13.350000381469727,13.350000381469727,13.350000381469727,13.350000381469727,252.0
2024-10-25 14:29:00+00:00,CTSH,74.83480072021484,74.83480072021484,74.8499984741211,74.83000183105469,74.83000183105469,3424.0
2024-10-25 14:29:00+00:00,CVLT,134.41000366210938,134.41000366210938,134.49000549316406,134.41000366210938,134.49000549316406,840.0
2024-10-25 14:29:00+00:00,DBX,26.059999465942383,26.059999465942383,26.075000762939453,26.059999465942383,26.075000762939453,7726.0
2024-10-25 14:29:00+00:00,DDOG,126.3550033569336,126.3550033569336,126.375,126.33999633789062,126.37249755859375,695.0
2024-10-25 14:29:00+00:00,DIOD,65.30999755859375,65.30999755859375,65.30999755859375,65.30999755859375,65.30999755859375,626.0
2024-10-25 14:29:00+00:00,DLO,8.850000381469727,8.850000381469727,8.850000381469727,8.850000381469727,8.850000381469727,524.0
2024-10-25 14:29:00+00:00,DMRC,31.579999923706055,31.579999923706055,31.709999084472656,31.579999923706055,31.709999084472656,438.0
2024-10-25 14:29:00+00:00,DOCU,68.95999908447266,68.95999908447266,68.9800033569336,68.95999908447266,68.97000122070312,4042.0
2024-10-25 14:29:00+00:00,DSGX,104.3301010131836,104.3301010131836,104.3301010131836,104.3301010131836,104.3301010131836,1560.0
2024-10-25 14:29:00+00:00,EEFT,100.08000183105469,100.08000183105469,100.08000183105469,100.08000183105469,100.08000183105469,138.0
2024-10-25 14:29:00+00:00,ENPH,83.51000213623047,83.51000213623047,83.6500015258789,83.51000213623047,83.6500015258789,8139.0
2024-10-25 14:29:00+00:00,ENTG,104.77999877929688,104.77999877929688,104.77999877929688,104.7699966430664,104.7699966430664,2085.0
2024-10-25 14:29:00+00:00,ERIC,8.460399627685547,8.460399627685547,8.469900131225586,8.449999809265137,8.454999923706055,159560.0
2024-10-25 14:29:00+00:00,EXLS,38.7599983215332,38.7599983215332,38.779998779296875,38.7599983215332,38.779998779296875,2280.0
2024-10-25 14:29:00+00:00,FFIV,216.38999938964844,216.38999938964844,216.38999938964844,216.38999938964844,216.38999938964844,282.0
2024-10-25 14:29:00+00:00,FIVN,29.860000610351562,29.860000610351562,29.8700008392334,29.860000610351562,29.8700008392334,972.0
2024-10-25 14:29:00+00:00,FLEX,35.220001220703125,35.220001220703125,35.2400016784668,35.220001220703125,35.22999954223633,3168.0
2024-10-25 14:29:00+00:00,FORM,44.72999954223633,44.72999954223633,44.7400016784668,44.72999954223633,44.7400016784668,722.0
2024-10-25 14:29:00+00:00,FROG,29.25,29.25,29.280000686645508,29.25,29.280000686645508,1099.0
2024-10-25 14:29:00+00:00,FRSH,11.619999885559082,11.619999885559082,11.630000114440918,11.619999885559082,11.625,967.0
2024-10-25 14:29:00+00:00,FSLR,198.52999877929688,198.52999877929688,198.77499389648438,198.47999572753906,198.77499389648438,1969.0
2024-10-25 14:29:00+00:00,FTCI,0.6500999927520752,0.6500999927520752,0.6500999927520752,0.6500999927520752,0.6500999927520752,950.0
2024-10-25 14:29:00+00:00,FTNT,80.61000061035156,80.61000061035156,80.63999938964844,80.61000061035156,80.63999938964844,2683.0
2024-10-25 14:29:00+00:00,GCT,24.719999313354492,24.719999313354492,24.735000610351562,24.670400619506836,24.735000610351562,3139.0
2024-10-25 14:29:00+00:00,GFS,40.650001525878906,40.650001525878906,40.650001525878906,40.650001525878906,40.650001525878906,499.0
2024-10-25 14:29:00+00:00,GILT,4.914000034332275,4.914000034332275,4.914000034332275,4.914000034332275,4.914000034332275,254.0
2024-10-25 14:29:00+00:00,GPRO,1.315000057220459,1.315000057220459,1.315000057220459,1.309999942779541,1.309999942779541,6416.0
2024-10-25 14:29:00+00:00,GRAB,4.079999923706055,4.079999923706055,4.079999923706055,4.071300029754639,4.079999923706055,12530.0
2024-10-25 14:29:00+00:00,GRRR,4.46999979019165,4.46999979019165,4.480000019073486,4.46999979019165,4.479800224304199,3186.0
2024-10-25 14:29:00+00:00,GTLB,55.41999816894531,55.41999816894531,55.439998626708984,55.41999816894531,55.439998626708984,1060.0
2024-10-25 14:29:00+00:00,HCP,33.665000915527344,33.665000915527344,33.665000915527344,33.665000915527344,33.665000915527344,1297.0
2024-10-25 14:29:00+00:00,HIMX,6.164999961853027,6.164999961853027,6.164999961853027,6.164999961853027,6.164999961853027,1611.0
2024-10-25 14:29:00+00:00,HLIT,14.760000228881836,14.760000228881836,14.760000228881836,14.760000228881836,14.760000228881836,677.0
2024-10-25 14:29:00+00:00,HOLO,3.609999895095825,3.609999895095825,3.609999895095825,3.599900007247925,3.5999999046325684,2732.0
2024-10-25 14:29:00+00:00,HOOD,27.170000076293945,27.170000076293945,27.19499969482422,27.170000076293945,27.184999465942383,9851.0
2024-10-25 14:29:00+00:00,IDAI,0.22010000050067902,0.22010000050067902,0.22010000050067902,0.22010000050067902,0.22010000050067902,1800.0
2024-10-25 14:29:00+00:00,INDI,3.505000114440918,3.505000114440918,3.505000114440918,3.505000114440918,3.505000114440918,224.0
2024-10-25 14:29:00+00:00,INFN,6.764999866485596,6.764999866485596,6.764999866485596,6.764999866485596,6.764999866485596,102.0
2024-10-25 14:29:00+00:00,INOD,20.25,20.25,20.25,20.25,20.25,570.0
2024-10-25 14:29:00+00:00,INTC,22.929899215698242,22.929899215698242,22.949899673461914,22.92009925842285,22.93000030517578,70929.0
2024-10-25 14:29:00+00:00,INTU,609.4199829101562,609.4199829101562,609.4199829101562,609.4199829101562,609.4199829101562,651.0
2024-10-25 14:29:00+00:00,ITRI,102.7699966430664,102.7699966430664,102.7699966430664,102.7699966430664,102.7699966430664,621.0
2024-10-25 14:29:00+00:00,JAMF,16.729999542236328,16.729999542236328,16.729999542236328,16.729999542236328,16.729999542236328,184.0
2024-10-25 14:29:00+00:00,JKHY,182.60000610351562,182.60000610351562,182.6199951171875,182.57000732421875,182.5800018310547,2201.0
2024-10-25 14:29:00+00:00,KC,2.684999942779541,2.684999942779541,2.684999942779541,2.680000066757202,2.680000066757202,303.0
2024-10-25 14:29:00+00:00,KLAC,677.697021484375,677.697021484375,677.697021484375,677.697021484375,677.697021484375,2541.0
2024-10-25 14:29:00+00:00,KLIC,44.52000045776367,44.52000045776367,44.52000045776367,44.52000045776367,44.52000045776367,924.0
2024-10-25 14:29:00+00:00,LITE,64.48999786376953,64.48999786376953,64.55000305175781,64.48999786376953,64.55000305175781,1423.0
2024-10-25 14:29:00+00:00,LOGI,80.70999908447266,80.70999908447266,80.72000122070312,80.70999908447266,80.72000122070312,372.0
2024-10-25 14:29:00+00:00,LRCX,78.61499786376953,78.61499786376953,78.7300033569336,78.58999633789062,78.7300033569336,15574.0
2024-10-25 14:29:00+00:00,LSCC,54.310001373291016,54.310001373291016,54.334999084472656,54.310001373291016,54.310001373291016,1941.0
2024-10-25 14:29:00+00:00,LYFT,13.779999732971191,13.779999732971191,13.789999961853027,13.779999732971191,13.78499984741211,4642.0
2024-10-25 14:29:00+00:00,LYTS,16.209999084472656,16.209999084472656,16.209999084472656,16.209999084472656,16.209999084472656,739.0
2024-10-25 14:29:00+00:00,MANH,276.1099853515625,276.1099853515625,276.1199951171875,276.1099853515625,276.1199951171875,348.0
2024-10-25 14:29:00+00:00,MCHP,76.7300033569336,76.7300033569336,76.77999877929688,76.7300033569336,76.77999877929688,5814.0
2024-10-25 14:29:00+00:00,MITK,8.755000114440918,8.755000114440918,8.755000114440918,8.755000114440918,8.755000114440918,316.0
2024-10-25 14:29:00+00:00,MKSI,101.15249633789062,101.15249633789062,101.15249633789062,101.14749908447266,101.14749908447266,431.0
2024-10-25 14:29:00+00:00,MNDY,299.9750061035156,299.9750061035156,299.9750061035156,299.9750061035156,299.9750061035156,107.0
2024-10-25 14:29:00+00:00,MPWR,911.2750244140625,911.2750244140625,912.4199829101562,911.2750244140625,912.3200073242188,5829.0
2024-10-25 14:29:00+00:00,MQ,5.289999961853027,5.289999961853027,5.289999961853027,5.289999961853027,5.289999961853027,908.0
2024-10-25 14:29:00+00:00,MRAM,6.309899806976318,6.309899806976318,6.309999942779541,6.309899806976318,6.309999942779541,1103.0
2024-10-25 14:29:00+00:00,MRVL,82.18000030517578,82.18000030517578,82.23999786376953,82.17500305175781,82.2249984741211,6158.0
2024-10-25 14:29:00+00:00,MSFT,428.6499938964844,428.6499938964844,428.8599853515625,428.6099853515625,428.7550048828125,19730.0
2024-10-25 14:29:00+00:00,MSTR,235.77000427246094,235.77000427246094,236.67999267578125,235.55430603027344,236.34500122070312,53163.0
2024-10-25 14:29:00+00:00,MTSI,120.45999908447266,120.45999908447266,120.45999908447266,120.27749633789062,120.30999755859375,4006.0
2024-10-25 14:29:00+00:00,MTTR,4.59499979019165,4.59499979019165,4.59499979019165,4.59499979019165,4.59499979019165,3195.0
2024-10-25 14:29:00+00:00,MU,108.54000091552734,108.54000091552734,108.62000274658203,108.52999877929688,108.61000061035156,13236.0
2024-10-25 14:29:00+00:00,MXL,14.869999885559082,14.869999885559082,14.869999885559082,14.869999885559082,14.869999885559082,1347.0
2024-10-25 14:29:00+00:00,NTAP,119.80999755859375,119.80999755859375,119.83999633789062,119.80999755859375,119.83999633789062,1032.0
2024-10-25 14:29:00+00:00,NTCT,20.65999984741211,20.65999984741211,20.65999984741211,20.655000686645508,20.655000686645508,733.0
2024-10-25 14:29:00+00:00,NTNX,62.119998931884766,62.119998931884766,62.15999984741211,62.119998931884766,62.15999984741211,1185.0
2024-10-25 14:29:00+00:00,NVDA,141.95989990234375,141.95989990234375,142.0500030517578,141.91000366210938,141.9893035888672,391632.0
2024-10-25 14:29:00+00:00,NVTS,2.5464999675750732,2.5464999675750732,2.548799991607666,2.5450000762939453,2.548799991607666,766.0
2024-10-25 14:29:00+00:00,NXPI,243.9600067138672,243.9600067138672,244.0800018310547,243.9499969482422,244.0800018310547,1741.0
2024-10-25 14:29:00+00:00,OKTA,72.20999908447266,72.20999908447266,72.2249984741211,72.19499969482422,72.19999694824219,2495.0
2024-10-25 14:29:00+00:00,ON,71.48999786376953,71.48999786376953,71.54910278320312,71.48500061035156,71.52999877929688,11574.0
2024-10-25 14:29:00+00:00,ONDS,0.8537999987602234,0.8537999987602234,0.8537999987602234,0.8537999987602234,0.8537999987602234,78.0
2024-10-25 14:29:00+00:00,OSIS,135.4600067138672,135.4600067138672,135.6199951171875,135.3249969482422,135.3249969482422,714.0
2024-10-25 14:29:00+00:00,OTEX,33.334999084472656,33.334999084472656,33.34000015258789,33.334999084472656,33.339698791503906,3032.0
2024-10-25 14:29:00+00:00,PANW,367.2025146484375,367.2025146484375,367.2025146484375,367.2025146484375,367.2025146484375,457.0
2024-10-25 14:29:00+00:00,PAYS,3.7200000286102295,3.7200000286102295,3.7200000286102295,3.7200000286102295,3.7200000286102295,507.0
2024-10-25 14:29:00+00:00,PCTY,173.9199981689453,173.9199981689453,173.9199981689453,173.9199981689453,173.9199981689453,905.0
2024-10-25 14:29:00+00:00,PEGA,79.72000122070312,79.72000122070312,79.72000122070312,79.66999816894531,79.68000030517578,1001.0
2024-10-25 14:29:00+00:00,PEGY,4.869999885559082,4.869999885559082,4.889999866485596,4.869999885559082,4.889999866485596,2209.0
2024-10-25 14:29:00+00:00,PGY,11.789999961853027,11.789999961853027,11.789999961853027,11.774999618530273,11.774999618530273,5023.0
2024-10-25 14:29:00+00:00,PHUN,10.345000267028809,10.345000267028809,10.35990047454834,10.329999923706055,10.350000381469727,12620.0
2024-10-25 14:29:00+00:00,PLAB,23.524999618530273,23.524999618530273,23.524999618530273,23.524999618530273,23.524999618530273,435.0
2024-10-25 14:29:00+00:00,PLXS,141.47000122070312,141.47000122070312,141.47000122070312,141.47000122070312,141.47000122070312,418.0
2024-10-25 14:29:00+00:00,POET,3.869999885559082,3.869999885559082,3.869999885559082,3.8659000396728516,3.8659000396728516,2088.0
2024-10-25 14:29:00+00:00,POWI,63.56999969482422,63.56999969482422,63.599998474121094,63.56999969482422,63.599998474121094,855.0
2024-10-25 14:29:00+00:00,PTC,187.1300048828125,187.1300048828125,187.13999938964844,187.11000061035156,187.13499450683594,2232.0
2024-10-25 14:29:00+00:00,PYCR,14.319999694824219,14.319999694824219,14.319999694824219,14.319999694824219,14.319999694824219,1941.0
2024-10-25 14:29:00+00:00,QCOM,171.42210388183594,171.42210388183594,171.5399932861328,171.41000366210938,171.49000549316406,3189.0
2024-10-25 14:29:00+00:00,QLYS,120.94999694824219,120.94999694824219,120.94999694824219,120.94999694824219,120.94999694824219,672.0
2024-10-25 14:29:00+00:00,QRVO,99.93000030517578,99.93000030517578,100.0,99.93000030517578,99.9749984741211,3929.0
2024-10-25 14:29:00+00:00,QUBT,1.0800000429153442,1.0800000429153442,1.0850000381469727,1.0800000429153442,1.0850000381469727,5142.0
2024-10-25 14:29:00+00:00,RDVT,28.649999618530273,28.649999618530273,28.649999618530273,28.649999618530273,28.649999618530273,119.0
2024-10-25 14:29:00+00:00,RELY,14.779999732971191,14.779999732971191,14.779999732971191,14.760000228881836,14.760000228881836,4214.0
2024-10-25 14:29:00+00:00,RGTI,1.2350000143051147,1.2350000143051147,1.2400000095367432,1.233199954032898,1.2400000095367432,1714.0
2024-10-25 14:29:00+00:00,RIOT,9.824999809265137,9.824999809265137,9.84000015258789,9.819999694824219,9.824000358581543,31307.0
2024-10-25 14:29:00+00:00,RMBS,43.34080123901367,43.34080123901367,43.369998931884766,43.34080123901367,43.369998931884766,1809.0
2024-10-25 14:29:00+00:00,RMNI,1.7200000286102295,1.7200000286102295,1.7200000286102295,1.7200000286102295,1.7200000286102295,2010.0
2024-10-25 14:29:00+00:00,RPAY,7.605000019073486,7.605000019073486,7.605000019073486,7.605000019073486,7.605000019073486,561.0
2024-10-25 14:29:00+00:00,RPD,38.79499816894531,38.79499816894531,38.81999969482422,38.744998931884766,38.75,10185.0
2024-10-25 14:29:00+00:00,RUN,14.34000015258789,14.34000015258789,14.34000015258789,14.335000038146973,14.34000015258789,2555.0
2024-10-25 14:29:00+00:00,RXT,2.484999895095825,2.484999895095825,2.484999895095825,2.484999895095825,2.484999895095825,913.0
2024-10-25 14:29:00+00:00,SANM,67.59500122070312,67.59500122070312,67.5999984741211,67.59500122070312,67.5999984741211,742.0
2024-10-25 14:29:00+00:00,SEDG,15.850000381469727,15.850000381469727,15.895000457763672,15.850000381469727,15.895000457763672,3896.0
2024-10-25 14:29:00+00:00,SIMO,56.47999954223633,56.47999954223633,56.47999954223633,56.47999954223633,56.47999954223633,919.0
2024-10-25 14:29:00+00:00,SKYT,10.59000015258789,10.59000015258789,10.59000015258789,10.59000015258789,10.59000015258789,577.0
2024-10-25 14:29:00+00:00,SMCI,47.2401008605957,47.2401008605957,47.26020050048828,47.22999954223633,47.2599983215332,41636.0
2024-10-25 14:29:00+00:00,SMSI,0.8141000270843506,0.8141000270843506,0.8141000270843506,0.800000011920929,0.800000011920929,1400.0
2024-10-25 14:29:00+00:00,SMTC,45.81100082397461,45.81100082397461,45.81100082397461,45.81100082397461,45.81100082397461,964.0
2024-10-25 14:29:00+00:00,SNPS,503.04998779296875,503.04998779296875,503.1300048828125,503.04998779296875,503.1300048828125,606.0
2024-10-25 14:29:00+00:00,SOBR,7.150000095367432,7.150000095367432,7.150000095367432,7.150000095367432,7.150000095367432,209.0
2024-10-25 14:29:00+00:00,SONO,12.720000267028809,12.720000267028809,12.729900360107422,12.720000267028809,12.725000381469727,1199.0
2024-10-25 14:29:00+00:00,SOUN,5.179900169372559,5.179900169372559,5.179900169372559,5.175000190734863,5.176000118255615,5816.0
2024-10-25 14:29:00+00:00,SPSC,172.3300018310547,172.3300018310547,172.3300018310547,172.3300018310547,172.3300018310547,1526.0
2024-10-25 14:29:00+00:00,SSNC,69.69000244140625,69.69000244140625,69.69999694824219,69.69000244140625,69.69999694824219,3000.0
2024-10-25 14:29:00+00:00,STER,16.735000610351562,16.735000610351562,16.735000610351562,16.735000610351562,16.735000610351562,267.0
2024-10-25 14:29:00+00:00,STNE,11.539999961853027,11.539999961853027,11.545000076293945,11.524999618530273,11.545000076293945,17687.0
2024-10-25 14:29:00+00:00,STX,103.49500274658203,103.49500274658203,103.56999969482422,103.48999786376953,103.55000305175781,2379.0
2024-10-25 14:29:00+00:00,SVRE,0.07800000160932541,0.07800000160932541,0.07810000330209732,0.07800000160932541,0.07810000330209732,12247.0
2024-10-25 14:29:00+00:00,SWKS,96.03500366210938,96.03500366210938,96.08000183105469,96.0199966430664,96.06500244140625,2866.0
2024-10-25 14:29:00+00:00,SYNA,72.45999908447266,72.45999908447266,72.45999908447266,72.45999908447266,72.45999908447266,579.0
2024-10-25 14:29:00+00:00,SYTA,1.315000057220459,1.315000057220459,1.315000057220459,1.315000057220459,1.315000057220459,0.0
2024-10-25 14:29:00+00:00,TASK,11.954999923706055,11.954999923706055,11.954999923706055,11.949999809265137,11.949999809265137,422.0
2024-10-25 14:29:00+00:00,TEAM,189.82000732421875,189.82000732421875,190.05999755859375,189.7899932861328,189.96499633789062,4749.0
2024-10-25 14:29:00+00:00,TER,112.17500305175781,112.17500305175781,112.25,112.17500305175781,112.25,3172.0
2024-10-25 14:29:00+00:00,TRMB,60.959999084472656,60.959999084472656,60.970001220703125,60.959999084472656,60.970001220703125,1135.0
2024-10-25 14:29:00+00:00,TTD,118.88999938964844,118.88999938964844,118.93990325927734,118.8499984741211,118.87000274658203,2822.0
2024-10-25 14:29:00+00:00,TWKS,4.440000057220459,4.440000057220459,4.445000171661377,4.440000057220459,4.445000171661377,7760.0
2024-10-25 14:29:00+00:00,TXN,207.85000610351562,207.85000610351562,207.97000122070312,207.83099365234375,207.83099365234375,4957.0
2024-10-25 14:29:00+00:00,UCTT,35.84000015258789,35.84000015258789,35.849998474121094,35.82500076293945,35.82500076293945,792.0
2024-10-25 14:29:00+00:00,VERX,42.09000015258789,42.09000015258789,42.09000015258789,42.09000015258789,42.09000015258789,444.0
2024-10-25 14:29:00+00:00,VIAV,9.204999923706055,9.204999923706055,9.210000038146973,9.204999923706055,9.204999923706055,1380.0
2024-10-25 14:29:00+00:00,VRNS,56.86000061035156,56.86000061035156,56.8650016784668,56.83000183105469,56.8650016784668,1603.0
2024-10-25 14:29:00+00:00,VRNT,22.0,22.0,22.0,22.0,22.0,998.0
2024-10-25 14:29:00+00:00,VRSN,182.77999877929688,182.77999877929688,182.77999877929688,182.77999877929688,182.77999877929688,1255.0
2024-10-25 14:29:00+00:00,VSAT,10.175000190734863,10.175000190734863,10.175000190734863,10.175000190734863,10.175000190734863,530.0
2024-10-25 14:29:00+00:00,VUZI,1.2999999523162842,1.2999999523162842,1.2999999523162842,1.2949999570846558,1.2949999570846558,250.0
2024-10-25 14:29:00+00:00,WDAY,239.0399932861328,239.0399932861328,239.13499450683594,239.0399932861328,239.13499450683594,4104.0
2024-10-25 14:29:00+00:00,WDC,70.13999938964844,70.13999938964844,70.20999908447266,70.12000274658203,70.19999694824219,7244.0
2024-10-25 14:29:00+00:00,WISA,2.049999952316284,2.049999952316284,2.049999952316284,2.0450000762939453,2.0450000762939453,2577.0
2024-10-25 14:29:00+00:00,XRX,10.010000228881836,10.010000228881836,10.010000228881836,9.994999885559082,9.994999885559082,2816.0
2024-10-25 14:29:00+00:00,ZM,73.00499725341797,73.00499725341797,73.0199966430664,73.0,73.01000213623047,3044.0
2024-10-25 14:29:00+00:00,ZS,185.16000366210938,185.16000366210938,185.16000366210938,185.16000366210938,185.16000366210938,137.0
2024-10-25 14:30:00+00:00,AAOI,17.690000534057617,17.690000534057617,17.700000762939453,17.690000534057617,17.700000762939453,779.0
2024-10-25 14:30:00+00:00,AAPL,231.86000061035156,231.86000061035156,231.86990356445312,231.77000427246094,231.84689331054688,35516.0
2024-10-25 14:30:00+00:00,ACIW,48.880001068115234,48.880001068115234,48.900001525878906,48.880001068115234,48.900001525878906,410.0
2024-10-25 14:30:00+00:00,ACLS,89.87200164794922,89.87200164794922,89.87200164794922,89.87200164794922,89.87200164794922,146.0
2024-10-25 14:30:00+00:00,ACMR,19.670000076293945,19.670000076293945,19.670000076293945,19.649999618530273,19.658000946044922,3147.0
2024-10-25 14:30:00+00:00,ADBE,483.94000244140625,483.94000244140625,483.9700012207031,483.80999755859375,483.80999755859375,1943.0
2024-10-25 14:30:00+00:00,ADI,231.5500030517578,231.5500030517578,231.6999969482422,231.50999450683594,231.6999969482422,4280.0
2024-10-25 14:30:00+00:00,ADTN,6.275000095367432,6.275000095367432,6.289999961853027,6.269999980926514,6.289999961853027,2019.0
2024-10-25 14:30:00+00:00,AEHR,16.851999282836914,16.851999282836914,16.8700008392334,16.850000381469727,16.8700008392334,3614.0
2024-10-25 14:30:00+00:00,AFRM,41.5,41.5,41.529998779296875,41.470001220703125,41.5099983215332,9664.0
2024-10-25 14:30:00+00:00,AGYS,110.83499908447266,110.83499908447266,110.83499908447266,110.83499908447266,110.83499908447266,382.0
2024-10-25 14:30:00+00:00,AIRG,9.297800064086914,9.297800064086914,9.342000007629395,9.297800064086914,9.319999694824219,3542.0
2024-10-25 14:30:00+00:00,AKAM,102.16999816894531,102.16999816894531,102.16999816894531,102.16999816894531,102.16999816894531,386.0
2024-10-25 14:30:00+00:00,ALGM,23.040000915527344,23.040000915527344,23.040000915527344,23.0049991607666,23.024999618530273,6339.0
2024-10-25 14:30:00+00:00,ALKT,38.040000915527344,38.040000915527344,38.040000915527344,38.040000915527344,38.040000915527344,565.0
2024-10-25 14:30:00+00:00,ALLT,3.4251999855041504,3.4251999855041504,3.4251999855041504,3.4251999855041504,3.4251999855041504,156.0
2024-10-25 14:30:00+00:00,ALRM,54.54999923706055,54.54999923706055,54.54999923706055,54.54999923706055,54.54999923706055,646.0
2024-10-25 14:30:00+00:00,ALTR,103.69000244140625,103.69000244140625,103.69000244140625,103.69000244140625,103.69000244140625,548.0
2024-10-25 14:30:00+00:00,AMAT,187.3563995361328,187.3563995361328,187.4149932861328,187.26600646972656,187.4149932861328,3389.0
2024-10-25 14:30:00+00:00,AMD,156.51980590820312,156.51980590820312,156.55999755859375,156.39999389648438,156.55999755859375,37596.0
2024-10-25 14:30:00+00:00,AMKR,29.985000610351562,29.985000610351562,30.020000457763672,29.985000610351562,30.020000457763672,1737.0
2024-10-25 14:30:00+00:00,AOSL,36.27000045776367,36.27000045776367,36.349998474121094,36.27000045776367,36.349998474121094,1609.0
2024-10-25 14:30:00+00:00,API,2.875,2.875,2.880000114440918,2.875,2.880000114440918,300.0
2024-10-25 14:30:00+00:00,APP,161.48500061035156,161.48500061035156,161.49000549316406,161.42999267578125,161.44000244140625,3143.0
2024-10-25 14:30:00+00:00,APPF,211.52999877929688,211.52999877929688,211.52999877929688,211.52999877929688,211.52999877929688,389.0
2024-10-25 14:30:00+00:00,APPN,32.18000030517578,32.18000030517578,32.18000030517578,32.18000030517578,32.18000030517578,800.0
2024-10-25 14:30:00+00:00,ARRY,6.446000099182129,6.446000099182129,6.449999809265137,6.440000057220459,6.445000171661377,2357.0
2024-10-25 14:30:00+00:00,ASML,713.7000122070312,713.7000122070312,714.489990234375,713.7000122070312,714.489990234375,2465.0
2024-10-25 14:30:00+00:00,AUR,6.414999961853027,6.414999961853027,6.414999961853027,6.414999961853027,6.414999961853027,1501.0
2024-10-25 14:30:00+00:00,AVDX,8.114999771118164,8.114999771118164,8.130000114440918,8.100000381469727,8.130000114440918,19806.0
2024-10-25 14:30:00+00:00,AVGO,174.1199951171875,174.1199951171875,174.15989685058594,174.0,174.1300048828125,16213.0
2024-10-25 14:30:00+00:00,AVNW,20.809999465942383,20.809999465942383,20.809999465942383,20.780000686645508,20.780000686645508,1240.0
2024-10-25 14:30:00+00:00,AVT,53.95000076293945,53.95000076293945,53.95000076293945,53.95000076293945,53.95000076293945,900.0
2024-10-25 14:30:00+00:00,BCOV,2.2641000747680664,2.2641000747680664,2.2641000747680664,2.2641000747680664,2.2641000747680664,743.0
2024-10-25 14:30:00+00:00,BIGC,5.300000190734863,5.300000190734863,5.300000190734863,5.300000190734863,5.300000190734863,169.0
2024-10-25 14:30:00+00:00,BL,56.150001525878906,56.150001525878906,56.20000076293945,56.150001525878906,56.20000076293945,1101.0
2024-10-25 14:30:00+00:00,BLKB,85.83999633789062,85.83999633789062,85.83999633789062,85.83999633789062,85.83999633789062,634.0
2024-10-25 14:30:00+00:00,BLZE,7.184999942779541,7.184999942779541,7.190000057220459,7.184999942779541,7.190000057220459,468.0
2024-10-25 14:30:00+00:00,BMBL,7.093999862670898,7.093999862670898,7.119999885559082,7.090000152587891,7.09499979019165,24048.0
2024-10-25 14:30:00+00:00,BRZE,30.780000686645508,30.780000686645508,30.780000686645508,30.780000686645508,30.780000686645508,971.0
2024-10-25 14:30:00+00:00,BSY,49.251399993896484,49.251399993896484,49.2599983215332,49.2400016784668,49.2598991394043,2365.0
2024-10-25 14:30:00+00:00,CAMP,11.100000381469727,11.100000381469727,11.100000381469727,11.100000381469727,11.100000381469727,200.0
2024-10-25 14:30:00+00:00,CAN,0.9750999808311462,0.9750999808311462,0.9767000079154968,0.9750999808311462,0.9767000079154968,1814.0
2024-10-25 14:30:00+00:00,CDNS,258.4100036621094,258.4100036621094,258.4100036621094,258.3599853515625,258.3599853515625,1101.0
2024-10-25 14:30:00+00:00,CDW,218.27000427246094,218.27000427246094,218.27000427246094,218.27000427246094,218.27000427246094,250.0
2024-10-25 14:30:00+00:00,CEVA,24.045000076293945,24.045000076293945,24.049999237060547,24.040000915527344,24.040000915527344,755.0
2024-10-25 14:30:00+00:00,CFLT,22.610000610351562,22.610000610351562,22.610000610351562,22.59000015258789,22.610000610351562,9424.0
2024-10-25 14:30:00+00:00,CGNX,38.880001068115234,38.880001068115234,38.900001525878906,38.880001068115234,38.900001525878906,1595.0
2024-10-25 14:30:00+00:00,CLSK,11.710000038146973,11.710000038146973,11.725000381469727,11.699999809265137,11.725000381469727,68512.0
2024-10-25 14:30:00+00:00,CNDT,3.615000009536743,3.615000009536743,3.615000009536743,3.615000009536743,3.615000009536743,206.0
2024-10-25 14:30:00+00:00,CNXC,44.41999816894531,44.41999816894531,44.439998626708984,44.41999816894531,44.439998626708984,1218.0
2024-10-25 14:30:00+00:00,COHR,95.54000091552734,95.54000091552734,95.56999969482422,95.52999877929688,95.56999969482422,1066.0
2024-10-25 14:30:00+00:00,COHU,25.989999771118164,25.989999771118164,25.989999771118164,25.989999771118164,25.989999771118164,584.0
2024-10-25 14:30:00+00:00,COIN,207.75999450683594,207.75999450683594,208.22999572753906,207.60000610351562,207.96499633789062,24133.0
2024-10-25 14:30:00+00:00,CORZ,13.345000267028809,13.345000267028809,13.354999542236328,13.34000015258789,13.354999542236328,2143.0
2024-10-25 14:30:00+00:00,CRCT,6.574999809265137,6.574999809265137,6.574999809265137,6.570000171661377,6.570000171661377,1379.0
2024-10-25 14:30:00+00:00,CRDO,39.09000015258789,39.09000015258789,39.11000061035156,39.06999969482422,39.11000061035156,1076.0
2024-10-25 14:30:00+00:00,CRNC,2.934999942779541,2.934999942779541,2.934999942779541,2.934999942779541,2.934999942779541,127.0
2024-10-25 14:30:00+00:00,CRSR,6.34499979019165,6.34499979019165,6.34499979019165,6.34499979019165,6.34499979019165,777.0
2024-10-25 14:30:00+00:00,CRUS,122.81500244140625,122.81500244140625,122.81500244140625,122.81500244140625,122.81500244140625,485.0
2024-10-25 14:30:00+00:00,CRWD,296.19000244140625,296.19000244140625,296.19000244140625,295.760009765625,296.1499938964844,15016.0
2024-10-25 14:30:00+00:00,CSCO,55.7599983215332,55.7599983215332,55.775001525878906,55.75,55.775001525878906,8658.0
2024-10-25 14:30:00+00:00,CSIQ,13.350000381469727,13.350000381469727,13.350000381469727,13.345000267028809,13.345000267028809,3451.0
2024-10-25 14:30:00+00:00,CTSH,74.77999877929688,74.77999877929688,74.81999969482422,74.7750015258789,74.81999969482422,2332.0
2024-10-25 14:30:00+00:00,DAKT,13.079999923706055,13.079999923706055,13.079999923706055,13.079999923706055,13.079999923706055,221.0
2024-10-25 14:30:00+00:00,DAVE,38.84000015258789,38.84000015258789,38.84000015258789,38.84000015258789,38.84000015258789,202.0
2024-10-25 14:30:00+00:00,DBX,26.049999237060547,26.049999237060547,26.049999237060547,26.03499984741211,26.049999237060547,9169.0
2024-10-25 14:30:00+00:00,DDOG,126.29000091552734,126.29000091552734,126.37950134277344,126.29000091552734,126.37950134277344,4998.0
2024-10-25 14:30:00+00:00,DLO,8.850000381469727,8.850000381469727,8.850000381469727,8.850000381469727,8.850000381469727,486.0
2024-10-25 14:30:00+00:00,DOCU,68.93000030517578,68.93000030517578,68.9749984741211,68.91500091552734,68.96499633789062,14828.0
2024-10-25 14:30:00+00:00,DOMO,8.0649995803833,8.0649995803833,8.0649995803833,8.0649995803833,8.0649995803833,2469.0
2024-10-25 14:30:00+00:00,DOX,89.30500030517578,89.30500030517578,89.30500030517578,89.30500030517578,89.30500030517578,362.0
2024-10-25 14:30:00+00:00,DSGX,104.30999755859375,104.30999755859375,104.41500091552734,104.30999755859375,104.41500091552734,2016.0
2024-10-25 14:30:00+00:00,EEFT,100.12699890136719,100.12699890136719,100.12699890136719,100.03500366210938,100.03500366210938,1308.0
2024-10-25 14:30:00+00:00,ENPH,83.47000122070312,83.47000122070312,83.5199966430664,83.44000244140625,83.5198974609375,4007.0
2024-10-25 14:30:00+00:00,ENTG,104.67500305175781,104.67500305175781,104.69499969482422,104.54000091552734,104.66000366210938,2877.0
2024-10-25 14:30:00+00:00,ERIC,8.460100173950195,8.460100173950195,8.465999603271484,8.460000038146973,8.46500015258789,21531.0
2024-10-25 14:30:00+00:00,EXLS,38.75,38.75,38.77000045776367,38.75,38.77000045776367,1072.0
2024-10-25 14:30:00+00:00,EXTR,14.364999771118164,14.364999771118164,14.375,14.364999771118164,14.375,1410.0
2024-10-25 14:30:00+00:00,FFIV,216.1999969482422,216.1999969482422,216.24000549316406,216.1199951171875,216.24000549316406,899.0
2024-10-25 14:30:00+00:00,FIVN,29.860000610351562,29.860000610351562,29.860000610351562,29.860000610351562,29.860000610351562,308.0
2024-10-25 14:30:00+00:00,FLEX,35.22999954223633,35.22999954223633,35.22999954223633,35.220001220703125,35.220001220703125,5058.0
2024-10-25 14:30:00+00:00,FORM,44.689998626708984,44.689998626708984,44.689998626708984,44.689998626708984,44.689998626708984,147.0
2024-10-25 14:30:00+00:00,FRSH,11.625,11.625,11.625,11.625,11.625,439.0
2024-10-25 14:30:00+00:00,FSLR,198.52499389648438,198.52499389648438,198.52499389648438,198.2899932861328,198.2899932861328,3669.0
2024-10-25 14:30:00+00:00,FTNT,80.55999755859375,80.55999755859375,80.5999984741211,80.54000091552734,80.5999984741211,3509.0
2024-10-25 14:30:00+00:00,GDS,21.350000381469727,21.350000381469727,21.3700008392334,21.350000381469727,21.350000381469727,1832.0
2024-10-25 14:30:00+00:00,GFS,40.63999938964844,40.63999938964844,40.63999938964844,40.63999938964844,40.63999938964844,966.0
2024-10-25 14:30:00+00:00,GPRO,1.315000057220459,1.315000057220459,1.315000057220459,1.315000057220459,1.315000057220459,432.0
2024-10-25 14:30:00+00:00,GRAB,4.074999809265137,4.074999809265137,4.079999923706055,4.074999809265137,4.079999923706055,18402.0
2024-10-25 14:30:00+00:00,GTLB,55.36000061035156,55.36000061035156,55.42449951171875,55.36000061035156,55.40999984741211,1916.0
2024-10-25 14:30:00+00:00,HCKT,24.6299991607666,24.6299991607666,24.639999389648438,24.6299991607666,24.639999389648438,489.0
2024-10-25 14:30:00+00:00,HCP,33.665000915527344,33.665000915527344,33.665000915527344,33.65999984741211,33.665000915527344,7098.0
2024-10-25 14:30:00+00:00,HLIT,14.760000228881836,14.760000228881836,14.760000228881836,14.760000228881836,14.760000228881836,576.0
2024-10-25 14:30:00+00:00,HOLO,3.600100040435791,3.600100040435791,3.609999895095825,3.5999999046325684,3.609999895095825,2595.0
2024-10-25 14:30:00+00:00,HOOD,27.155000686645508,27.155000686645508,27.174999237060547,27.149999618530273,27.174999237060547,8155.0
2024-10-25 14:30:00+00:00,IBEX,18.030000686645508,18.030000686645508,18.030000686645508,18.030000686645508,18.030000686645508,514.0
2024-10-25 14:30:00+00:00,IIIV,22.850000381469727,22.850000381469727,22.850000381469727,22.850000381469727,22.850000381469727,163.0
2024-10-25 14:30:00+00:00,INDI,3.494999885559082,3.494999885559082,3.5,3.494999885559082,3.5,2773.0
2024-10-25 14:30:00+00:00,INFN,6.760000228881836,6.760000228881836,6.760000228881836,6.760000228881836,6.760000228881836,123.0
2024-10-25 14:30:00+00:00,INOD,20.25079917907715,20.25079917907715,20.25079917907715,20.239999771118164,20.239999771118164,1604.0
2024-10-25 14:30:00+00:00,INTA,50.19499969482422,50.19499969482422,50.22999954223633,50.19499969482422,50.22999954223633,716.0
2024-10-25 14:30:00+00:00,INTC,22.92620086669922,22.92620086669922,22.93000030517578,22.911500930786133,22.924999237060547,42748.0
2024-10-25 14:30:00+00:00,INTU,609.0999755859375,609.0999755859375,609.4199829101562,609.0999755859375,609.1099853515625,1738.0
2024-10-25 14:30:00+00:00,IPGP,77.0999984741211,77.0999984741211,77.0999984741211,77.0999984741211,77.0999984741211,507.0
2024-10-25 14:30:00+00:00,ITI,7.195000171661377,7.195000171661377,7.195000171661377,7.195000171661377,7.195000171661377,101.0
2024-10-25 14:30:00+00:00,JAMF,16.739999771118164,16.739999771118164,16.739999771118164,16.739999771118164,16.739999771118164,381.0
2024-10-25 14:30:00+00:00,KC,2.680000066757202,2.680000066757202,2.684999942779541,2.680000066757202,2.684999942779541,1656.0
2024-10-25 14:30:00+00:00,KLAC,677.3200073242188,677.3200073242188,677.3200073242188,676.8099975585938,676.8099975585938,636.0
2024-10-25 14:30:00+00:00,KLIC,44.52000045776367,44.52000045776367,44.52000045776367,44.52000045776367,44.52000045776367,752.0
2024-10-25 14:30:00+00:00,KOSS,7.28849983215332,7.28849983215332,7.28849983215332,7.28849983215332,7.28849983215332,335.0
2024-10-25 14:30:00+00:00,LASR,10.420000076293945,10.420000076293945,10.420000076293945,10.420000076293945,10.420000076293945,181.0
2024-10-25 14:30:00+00:00,LINK,4.699999809265137,4.699999809265137,4.760000228881836,4.699999809265137,4.760000228881836,1980.0
2024-10-25 14:30:00+00:00,LITE,64.5,64.5,64.5,64.5,64.5,1285.0
2024-10-25 14:30:00+00:00,LOGI,80.75,80.75,80.75,80.75,80.75,313.0
2024-10-25 14:30:00+00:00,LRCX,78.55000305175781,78.55000305175781,78.62000274658203,78.52359771728516,78.62000274658203,19255.0
2024-10-25 14:30:00+00:00,LSCC,54.310001373291016,54.310001373291016,54.310001373291016,54.2599983215332,54.279998779296875,3895.0
2024-10-25 14:30:00+00:00,LYFT,13.78499984741211,13.78499984741211,13.787500381469727,13.774999618530273,13.779999732971191,19750.0
2024-10-25 14:30:00+00:00,MANH,275.9800109863281,275.9800109863281,275.9800109863281,275.9800109863281,275.9800109863281,365.0
2024-10-25 14:30:00+00:00,MCHP,76.72000122070312,76.72000122070312,76.73999786376953,76.69999694824219,76.7249984741211,6134.0
2024-10-25 14:30:00+00:00,MDB,267.1499938964844,267.1499938964844,267.1499938964844,267.1499938964844,267.1499938964844,1349.0
2024-10-25 14:30:00+00:00,MITK,8.755000114440918,8.755000114440918,8.755000114440918,8.75,8.75,3501.0
2024-10-25 14:30:00+00:00,MKSI,101.0364990234375,101.0364990234375,101.08000183105469,100.98750305175781,101.08000183105469,3562.0
2024-10-25 14:30:00+00:00,MNDY,299.9750061035156,299.9750061035156,299.9750061035156,299.9750061035156,299.9750061035156,1016.0
2024-10-25 14:30:00+00:00,MPWR,912.1300048828125,912.1300048828125,912.1300048828125,910.3800048828125,910.3800048828125,1410.0
2024-10-25 14:30:00+00:00,MQ,5.289999961853027,5.289999961853027,5.289999961853027,5.284999847412109,5.289999961853027,6136.0
2024-10-25 14:30:00+00:00,MRAM,6.309999942779541,6.309999942779541,6.309999942779541,6.309999942779541,6.309999942779541,2597.0
2024-10-25 14:30:00+00:00,MRVL,82.13999938964844,82.13999938964844,82.18000030517578,82.08999633789062,82.16999816894531,8715.0
2024-10-25 14:30:00+00:00,MSFT,428.5249938964844,428.5249938964844,428.69000244140625,428.43560791015625,428.69000244140625,9744.0
2024-10-25 14:30:00+00:00,MSTR,235.5,235.5,236.0,235.16009521484375,235.78500366210938,51740.0
2024-10-25 14:30:00+00:00,MTLS,5.920000076293945,5.920000076293945,5.920000076293945,5.920000076293945,5.920000076293945,445.0
2024-10-25 14:30:00+00:00,MTSI,120.3499984741211,120.3499984741211,120.3499984741211,120.3499984741211,120.3499984741211,886.0
2024-10-25 14:30:00+00:00,MU,108.6449966430664,108.6449966430664,108.6449966430664,108.48999786376953,108.55999755859375,25784.0
2024-10-25 14:30:00+00:00,MVIS,1.090000033378601,1.090000033378601,1.090000033378601,1.0850000381469727,1.0850000381469727,1197.0
2024-10-25 14:30:00+00:00,NCNO,37.65999984741211,37.65999984741211,37.65999984741211,37.59000015258789,37.65999984741211,18466.0
2024-10-25 14:30:00+00:00,NTAP,119.7699966430664,119.7699966430664,119.79000091552734,119.7699966430664,119.79000091552734,1569.0
2024-10-25 14:30:00+00:00,NTCT,20.649999618530273,20.649999618530273,20.65999984741211,20.649999618530273,20.65999984741211,1082.0
2024-10-25 14:30:00+00:00,NTNX,62.11000061035156,62.11000061035156,62.11000061035156,62.11000061035156,62.11000061035156,133.0
2024-10-25 14:30:00+00:00,NVDA,141.9040069580078,141.9040069580078,141.97500610351562,141.78399658203125,141.9600067138672,433904.0
2024-10-25 14:30:00+00:00,NVEI,33.494998931884766,33.494998931884766,33.494998931884766,33.494998931884766,33.494998931884766,1220.0
2024-10-25 14:30:00+00:00,NXPI,243.7100067138672,243.7100067138672,243.8699951171875,243.67999267578125,243.8699951171875,1506.0
2024-10-25 14:30:00+00:00,OBLG,3.759999990463257,3.759999990463257,3.759999990463257,3.759999990463257,3.759999990463257,1263.0
2024-10-25 14:30:00+00:00,OKTA,72.20500183105469,72.20500183105469,72.20500183105469,72.18499755859375,72.19999694824219,1411.0
2024-10-25 14:30:00+00:00,ON,71.45999908447266,71.45999908447266,71.49500274658203,71.4000015258789,71.49500274658203,18157.0
2024-10-25 14:30:00+00:00,ONDS,0.8511000275611877,0.8511000275611877,0.8511000275611877,0.8511000275611877,0.8511000275611877,1832.0
2024-10-25 14:30:00+00:00,PANW,367.1000061035156,367.1000061035156,367.1000061035156,366.8900146484375,367.0400085449219,2753.0
2024-10-25 14:30:00+00:00,PAYO,8.3149995803833,8.3149995803833,8.3149995803833,8.3149995803833,8.3149995803833,656.0
2024-10-25 14:30:00+00:00,PEGA,79.72000122070312,79.72000122070312,79.72000122070312,79.72000122070312,79.72000122070312,1096.0
2024-10-25 14:30:00+00:00,PGY,11.779999732971191,11.779999732971191,11.789999961853027,11.779999732971191,11.789999961853027,1788.0
2024-10-25 14:30:00+00:00,PHUN,10.335000038146973,10.335000038146973,10.350000381469727,10.335000038146973,10.339900016784668,17722.0
2024-10-25 14:30:00+00:00,PI,203.5,203.5,203.5,203.5,203.5,1518.0
2024-10-25 14:30:00+00:00,PLAB,23.524999618530273,23.524999618530273,23.524999618530273,23.524999618530273,23.524999618530273,848.0
2024-10-25 14:30:00+00:00,POET,3.86080002784729,3.86080002784729,3.86080002784729,3.86080002784729,3.86080002784729,604.0
2024-10-25 14:30:00+00:00,PTC,187.0500030517578,187.0500030517578,187.11500549316406,187.0399932861328,187.07000732421875,12178.0
2024-10-25 14:30:00+00:00,QCOM,171.36000061035156,171.36000061035156,171.39999389648438,171.27999877929688,171.39999389648438,3506.0
2024-10-25 14:30:00+00:00,QLYS,120.83999633789062,120.83999633789062,120.83999633789062,120.83999633789062,120.83999633789062,531.0
2024-10-25 14:30:00+00:00,QRVO,99.91500091552734,99.91500091552734,99.93000030517578,99.875,99.93000030517578,2289.0
2024-10-25 14:30:00+00:00,RDWR,22.264999389648438,22.264999389648438,22.264999389648438,22.264999389648438,22.264999389648438,361.0
2024-10-25 14:30:00+00:00,RELY,14.780799865722656,14.780799865722656,14.780799865722656,14.779999732971191,14.779999732971191,1529.0
2024-10-25 14:30:00+00:00,RGTI,1.2350000143051147,1.2350000143051147,1.2350000143051147,1.2350000143051147,1.2350000143051147,2397.0
2024-10-25 14:30:00+00:00,RIOT,9.824999809265137,9.824999809265137,9.829899787902832,9.819000244140625,9.819999694824219,64643.0
2024-10-25 14:30:00+00:00,RMBS,43.33000183105469,43.33000183105469,43.33000183105469,43.310001373291016,43.310001373291016,1673.0
2024-10-25 14:30:00+00:00,RMNI,1.7200000286102295,1.7200000286102295,1.7200000286102295,1.715000033378601,1.715000033378601,0.0
2024-10-25 14:30:00+00:00,RPAY,7.605000019073486,7.605000019073486,7.605000019073486,7.605000019073486,7.605000019073486,1444.0
2024-10-25 14:30:00+00:00,RPD,38.779998779296875,38.779998779296875,38.779998779296875,38.779998779296875,38.779998779296875,952.0
2024-10-25 14:30:00+00:00,RUM,5.760000228881836,5.760000228881836,5.760000228881836,5.755000114440918,5.755000114440918,1490.0
2024-10-25 14:30:00+00:00,RUN,14.339400291442871,14.339400291442871,14.339400291442871,14.335000038146973,14.335000038146973,2446.0
2024-10-25 14:30:00+00:00,SATS,25.15999984741211,25.15999984741211,25.165000915527344,25.15999984741211,25.165000915527344,2272.0
2024-10-25 14:30:00+00:00,SCSC,44.83000183105469,44.83000183105469,44.83000183105469,44.83000183105469,44.83000183105469,442.0
2024-10-25 14:30:00+00:00,SCWX,8.375,8.375,8.375,8.375,8.375,143.0
2024-10-25 14:30:00+00:00,SEDG,15.840100288391113,15.840100288391113,15.859999656677246,15.84000015258789,15.859999656677246,5769.0
2024-10-25 14:30:00+00:00,SHLS,5.255000114440918,5.255000114440918,5.255000114440918,5.25,5.255000114440918,4824.0
2024-10-25 14:30:00+00:00,SKYT,10.569999694824219,10.569999694824219,10.569999694824219,10.569999694824219,10.569999694824219,531.0
2024-10-25 14:30:00+00:00,SLNHP,13.09000015258789,13.09000015258789,13.09000015258789,13.09000015258789,13.09000015258789,782.0
2024-10-25 14:30:00+00:00,SMCI,47.24489974975586,47.24489974975586,47.25,47.189998626708984,47.2400016784668,34774.0
2024-10-25 14:30:00+00:00,SMSI,0.8141000270843506,0.8141000270843506,0.8141000270843506,0.8141000270843506,0.8141000270843506,2017.0
2024-10-25 14:30:00+00:00,SNPS,503.04998779296875,503.04998779296875,503.04998779296875,503.04998779296875,503.04998779296875,894.0
2024-10-25 14:30:00+00:00,SONO,12.725000381469727,12.725000381469727,12.725000381469727,12.71500015258789,12.720000267028809,3935.0
2024-10-25 14:30:00+00:00,SOUN,5.172800064086914,5.172800064086914,5.179999828338623,5.170100212097168,5.173999786376953,4642.0
2024-10-25 14:30:00+00:00,SPSC,171.92999267578125,171.92999267578125,171.97999572753906,171.92999267578125,171.97999572753906,773.0
2024-10-25 14:30:00+00:00,SSNC,69.62999725341797,69.62999725341797,69.69999694824219,69.625,69.69000244140625,5958.0
2024-10-25 14:30:00+00:00,STNE,11.53499984741211,11.53499984741211,11.539999961853027,11.530099868774414,11.53499984741211,2560.0
2024-10-25 14:30:00+00:00,STX,103.47000122070312,103.47000122070312,103.5,103.45999908447266,103.5,2954.0
2024-10-25 14:30:00+00:00,SWKS,96.01000213623047,96.01000213623047,96.0199966430664,95.95999908447266,96.0199966430664,2770.0
2024-10-25 14:30:00+00:00,SYTA,1.315000057220459,1.315000057220459,1.315000057220459,1.315000057220459,1.315000057220459,149.0
2024-10-25 14:30:00+00:00,TASK,11.949999809265137,11.949999809265137,11.949999809265137,11.949999809265137,11.949999809265137,1040.0
2024-10-25 14:30:00+00:00,TCX,19.459999084472656,19.459999084472656,19.459999084472656,19.459999084472656,19.459999084472656,206.0
2024-10-25 14:30:00+00:00,TEAM,189.6300048828125,189.6300048828125,189.77000427246094,189.6300048828125,189.77000427246094,1738.0
2024-10-25 14:30:00+00:00,TENB,41.720001220703125,41.720001220703125,41.720001220703125,41.68000030517578,41.68000030517578,992.0
2024-10-25 14:30:00+00:00,TER,112.01499938964844,112.01499938964844,112.12999725341797,111.97000122070312,112.12999725341797,8820.0
2024-10-25 14:30:00+00:00,TGL,0.6800000071525574,0.6800000071525574,0.6800000071525574,0.6800000071525574,0.6800000071525574,546.0
2024-10-25 14:30:00+00:00,TLS,3.5899999141693115,3.5899999141693115,3.5899999141693115,3.5899999141693115,3.5899999141693115,719.0
2024-10-25 14:30:00+00:00,TRMB,60.935001373291016,60.935001373291016,60.959999084472656,60.935001373291016,60.95000076293945,1797.0
2024-10-25 14:30:00+00:00,TTD,118.88150024414062,118.88150024414062,118.90399932861328,118.8572006225586,118.8949966430664,3122.0
2024-10-25 14:30:00+00:00,TTMI,19.6200008392334,19.6200008392334,19.6200008392334,19.6200008392334,19.6200008392334,329.0
2024-10-25 14:30:00+00:00,TWKS,4.440000057220459,4.440000057220459,4.440000057220459,4.440000057220459,4.440000057220459,5323.0
2024-10-25 14:30:00+00:00,TXN,207.6999969482422,207.6999969482422,207.8300018310547,207.61090087890625,207.80999755859375,12557.0
2024-10-25 14:30:00+00:00,UCTT,35.80500030517578,35.80500030517578,35.810001373291016,35.79999923706055,35.810001373291016,2385.0
2024-10-25 14:30:00+00:00,VECO,29.270000457763672,29.270000457763672,29.290000915527344,29.270000457763672,29.290000915527344,1843.0
2024-10-25 14:30:00+00:00,VERI,3.390000104904175,3.390000104904175,3.390000104904175,3.390000104904175,3.390000104904175,1845.0
2024-10-25 14:30:00+00:00,VERX,42.16999816894531,42.16999816894531,42.16999816894531,42.08000183105469,42.09000015258789,4368.0
2024-10-25 14:30:00+00:00,VIAV,9.204999923706055,9.204999923706055,9.204999923706055,9.204999923706055,9.204999923706055,522.0
2024-10-25 14:30:00+00:00,VICR,46.474998474121094,46.474998474121094,46.474998474121094,46.380001068115234,46.380001068115234,2290.0
2024-10-25 14:30:00+00:00,VRNS,56.810001373291016,56.810001373291016,56.84000015258789,56.790000915527344,56.83000183105469,2405.0
2024-10-25 14:30:00+00:00,VRNT,21.989999771118164,21.989999771118164,21.989999771118164,21.985000610351562,21.989999771118164,1435.0
2024-10-25 14:30:00+00:00,VRSN,182.77999877929688,182.77999877929688,182.88999938964844,182.77999877929688,182.77999877929688,676.0
2024-10-25 14:30:00+00:00,VSAT,10.175000190734863,10.175000190734863,10.175000190734863,10.175000190734863,10.175000190734863,599.0
2024-10-25 14:30:00+00:00,WDC,70.1500015258789,70.1500015258789,70.16999816894531,70.0199966430664,70.13500213623047,15328.0
2024-10-25 14:30:00+00:00,WISA,2.049999952316284,2.049999952316284,2.049999952316284,2.0450000762939453,2.0450000762939453,1916.0
2024-10-25 14:30:00+00:00,XELA,1.964900016784668,1.964900016784668,1.964900016784668,1.964900016784668,1.964900016784668,326.0
2024-10-25 14:30:00+00:00,XPER,9.390000343322754,9.390000343322754,9.390000343322754,9.390000343322754,9.390000343322754,375.0
2024-10-25 14:30:00+00:00,XRX,10.005000114440918,10.005000114440918,10.005000114440918,10.005000114440918,10.005000114440918,715.0
2024-10-25 14:30:00+00:00,ZBRA,360.42999267578125,360.42999267578125,360.57000732421875,360.42999267578125,360.57000732421875,1017.0
2024-10-25 14:30:00+00:00,ZI,10.5,10.5,10.5,10.5,10.5,525.0
2024-10-25 14:30:00+00:00,ZM,73.0,73.0,73.0,73.0,73.0,2163.0
2024-10-25 14:30:00+00:00,ZS,185.0500030517578,185.0500030517578,185.0800018310547,185.0500030517578,185.0800018310547,1158.0
2024-10-25 14:31:00+00:00,AAPL,231.75,231.75,231.8800048828125,231.72999572753906,231.8699951171875,42162.0
2024-10-25 14:31:00+00:00,ACIW,48.880001068115234,48.880001068115234,48.880001068115234,48.880001068115234,48.880001068115234,816.0
2024-10-25 14:31:00+00:00,ACLS,89.91000366210938,89.91000366210938,89.91000366210938,89.91000366210938,89.91000366210938,331.0
2024-10-25 14:31:00+00:00,ADBE,483.79998779296875,483.79998779296875,483.9599914550781,483.79998779296875,483.9599914550781,2153.0
2024-10-25 14:31:00+00:00,ADI,231.4199981689453,231.4199981689453,231.6269989013672,231.4199981689453,231.59500122070312,2892.0
2024-10-25 14:31:00+00:00,ADSK,286.2699890136719,286.2699890136719,286.2699890136719,286.2699890136719,286.2699890136719,1360.0
2024-10-25 14:31:00+00:00,AEHR,16.850000381469727,16.850000381469727,16.850000381469727,16.850000381469727,16.850000381469727,1902.0
2024-10-25 14:31:00+00:00,AFRM,41.45000076293945,41.45000076293945,41.47019958496094,41.45000076293945,41.470001220703125,6389.0
2024-10-25 14:31:00+00:00,AIRG,9.298999786376953,9.298999786376953,9.300000190734863,9.250499725341797,9.250499725341797,2309.0
2024-10-25 14:31:00+00:00,AKAM,102.19999694824219,102.19999694824219,102.19999694824219,102.19999694824219,102.19999694824219,1414.0
2024-10-25 14:31:00+00:00,AKTS,0.058800000697374344,0.058800000697374344,0.058800000697374344,0.058800000697374344,0.058800000697374344,2863.0
2024-10-25 14:31:00+00:00,ALGM,23.030000686645508,23.030000686645508,23.03499984741211,23.030000686645508,23.030000686645508,12858.0
2024-10-25 14:31:00+00:00,ALKT,38.02000045776367,38.02000045776367,38.02000045776367,38.02000045776367,38.02000045776367,727.0
2024-10-25 14:31:00+00:00,AMAT,187.25,187.25,187.3699951171875,187.25,187.3699951171875,3016.0
2024-10-25 14:31:00+00:00,AMBA,57.939998626708984,57.939998626708984,57.939998626708984,57.8406982421875,57.8406982421875,985.0
2024-10-25 14:31:00+00:00,AMD,156.37399291992188,156.37399291992188,156.52000427246094,156.34689331054688,156.52000427246094,29534.0
2024-10-25 14:31:00+00:00,AMKR,29.989999771118164,29.989999771118164,29.989999771118164,29.989999771118164,29.989999771118164,225.0
2024-10-25 14:31:00+00:00,API,2.880000114440918,2.880000114440918,2.880000114440918,2.880000114440918,2.880000114440918,300.0
2024-10-25 14:31:00+00:00,APP,161.35000610351562,161.35000610351562,161.48500061035156,161.35000610351562,161.48500061035156,4322.0
2024-10-25 14:31:00+00:00,APPF,211.7100067138672,211.7100067138672,211.7100067138672,211.41000366210938,211.68499755859375,3184.0
2024-10-25 14:31:00+00:00,APPN,32.16999816894531,32.16999816894531,32.16999816894531,32.16999816894531,32.16999816894531,752.0
2024-10-25 14:31:00+00:00,ARBE,1.850000023841858,1.850000023841858,1.850000023841858,1.850000023841858,1.850000023841858,200.0
2024-10-25 14:31:00+00:00,ARRY,6.445000171661377,6.445000171661377,6.449999809265137,6.434999942779541,6.440000057220459,16637.0
2024-10-25 14:31:00+00:00,ASML,713.7150268554688,713.7150268554688,714.10498046875,713.7150268554688,714.10498046875,953.0
2024-10-25 14:31:00+00:00,AUDC,9.0600004196167,9.0600004196167,9.0600004196167,9.0600004196167,9.0600004196167,200.0
2024-10-25 14:31:00+00:00,AUR,6.40500020980835,6.40500020980835,6.414999961853027,6.40500020980835,6.409999847412109,9849.0
2024-10-25 14:31:00+00:00,AVGO,173.9499969482422,173.9499969482422,174.10499572753906,173.9499969482422,174.08999633789062,10772.0
2024-10-25 14:31:00+00:00,AVNW,20.795000076293945,20.795000076293945,20.795000076293945,20.795000076293945,20.795000076293945,247.0
2024-10-25 14:31:00+00:00,AWRE,2.0350000858306885,2.0350000858306885,2.0350000858306885,2.0350000858306885,2.0350000858306885,625.0
2024-10-25 14:31:00+00:00,BASE,16.219999313354492,16.219999313354492,16.219999313354492,16.219999313354492,16.219999313354492,1201.0
2024-10-25 14:31:00+00:00,BIGC,5.300899982452393,5.300899982452393,5.300899982452393,5.300000190734863,5.300000190734863,740.0
2024-10-25 14:31:00+00:00,BMBL,7.09499979019165,7.09499979019165,7.09499979019165,7.09499979019165,7.09499979019165,4498.0
2024-10-25 14:31:00+00:00,BRZE,30.750099182128906,30.750099182128906,30.770000457763672,30.75,30.770000457763672,1083.0
2024-10-25 14:31:00+00:00,BSY,49.22999954223633,49.22999954223633,49.263999938964844,49.22999954223633,49.263999938964844,1500.0
2024-10-25 14:31:00+00:00,CAMP,11.055000305175781,11.055000305175781,11.055000305175781,11.055000305175781,11.055000305175781,333.0
2024-10-25 14:31:00+00:00,CCSI,20.1299991607666,20.1299991607666,20.260000228881836,20.1299991607666,20.260000228881836,2913.0
2024-10-25 14:31:00+00:00,CDNS,258.2699890136719,258.2699890136719,258.42498779296875,258.2699890136719,258.42498779296875,3133.0
2024-10-25 14:31:00+00:00,CDW,218.24000549316406,218.24000549316406,218.33999633789062,218.24000549316406,218.27000427246094,1781.0
2024-10-25 14:31:00+00:00,CETX,0.30140000581741333,0.30140000581741333,0.30140000581741333,0.30140000581741333,0.30140000581741333,3040.0
2024-10-25 14:31:00+00:00,CFLT,22.600000381469727,22.600000381469727,22.610000610351562,22.59000015258789,22.610000610351562,4092.0
2024-10-25 14:31:00+00:00,CGNT,6.620200157165527,6.620200157165527,6.620200157165527,6.620200157165527,6.620200157165527,971.0
2024-10-25 14:31:00+00:00,CGNX,38.869998931884766,38.869998931884766,38.869998931884766,38.869998931884766,38.869998931884766,425.0
2024-10-25 14:31:00+00:00,CLBT,18.239999771118164,18.239999771118164,18.239999771118164,18.239999771118164,18.239999771118164,554.0
2024-10-25 14:31:00+00:00,CLFD,36.345001220703125,36.345001220703125,36.345001220703125,36.345001220703125,36.345001220703125,204.0
2024-10-25 14:31:00+00:00,CLSK,11.706000328063965,11.706000328063965,11.729999542236328,11.70009994506836,11.712499618530273,37937.0
2024-10-25 14:31:00+00:00,CMTL,3.7149999141693115,3.7149999141693115,3.7149999141693115,3.7149999141693115,3.7149999141693115,247.0
2024-10-25 14:31:00+00:00,CNDT,3.619999885559082,3.619999885559082,3.619999885559082,3.619999885559082,3.619999885559082,690.0
2024-10-25 14:31:00+00:00,CNXC,44.369998931884766,44.369998931884766,44.369998931884766,44.369998931884766,44.369998931884766,814.0
2024-10-25 14:31:00+00:00,COHR,95.53500366210938,95.53500366210938,95.54499816894531,95.53500366210938,95.54499816894531,830.0
2024-10-25 14:31:00+00:00,COIN,207.44000244140625,207.44000244140625,208.05990600585938,207.44000244140625,207.80999755859375,11174.0
2024-10-25 14:31:00+00:00,COMM,6.255000114440918,6.255000114440918,6.255000114440918,6.255000114440918,6.255000114440918,334.0
2024-10-25 14:31:00+00:00,CORZ,13.34000015258789,13.34000015258789,13.350000381469727,13.34000015258789,13.345000267028809,7042.0
2024-10-25 14:31:00+00:00,CRDO,39.099998474121094,39.099998474121094,39.099998474121094,39.06999969482422,39.09000015258789,2215.0
2024-10-25 14:31:00+00:00,CRNC,2.940000057220459,2.940000057220459,2.940000057220459,2.934000015258789,2.934000015258789,506.0
2024-10-25 14:31:00+00:00,CRUS,122.8499984741211,122.8499984741211,122.8499984741211,122.8499984741211,122.8499984741211,160.0
2024-10-25 14:31:00+00:00,CRWD,295.67999267578125,295.67999267578125,296.1123046875,295.6600036621094,296.0299987792969,10627.0
2024-10-25 14:31:00+00:00,CSCO,55.73500061035156,55.73500061035156,55.77000045776367,55.73500061035156,55.77000045776367,11614.0
2024-10-25 14:31:00+00:00,CSIQ,13.34000015258789,13.34000015258789,13.345000267028809,13.34000015258789,13.34000015258789,3135.0
2024-10-25 14:31:00+00:00,CTSH,74.78500366210938,74.78500366210938,74.79499816894531,74.78500366210938,74.79499816894531,1955.0
2024-10-25 14:31:00+00:00,CVLT,134.43499755859375,134.43499755859375,134.43499755859375,134.4324951171875,134.4324951171875,1276.0
2024-10-25 14:31:00+00:00,DAKT,13.09000015258789,13.09000015258789,13.09000015258789,13.09000015258789,13.09000015258789,1370.0
2024-10-25 14:31:00+00:00,DAVE,38.85499954223633,38.85499954223633,38.85499954223633,38.85499954223633,38.85499954223633,819.0
2024-10-25 14:31:00+00:00,DBX,26.065000534057617,26.065000534057617,26.06999969482422,26.059999465942383,26.059999465942383,3007.0
2024-10-25 14:31:00+00:00,DDOG,126.20999908447266,126.20999908447266,126.33000183105469,126.20999908447266,126.29000091552734,3900.0
2024-10-25 14:31:00+00:00,DLO,8.845000267028809,8.845000267028809,8.845000267028809,8.84000015258789,8.84000015258789,1307.0
2024-10-25 14:31:00+00:00,DOCU,68.88999938964844,68.88999938964844,68.93000030517578,68.88999938964844,68.93000030517578,7004.0
2024-10-25 14:31:00+00:00,DOMO,8.079999923706055,8.079999923706055,8.079999923706055,8.079999923706055,8.079999923706055,482.0
2024-10-25 14:31:00+00:00,DUOL,289.6000061035156,289.6000061035156,289.6000061035156,289.6000061035156,289.6000061035156,200.0
2024-10-25 14:31:00+00:00,ENPH,83.43000030517578,83.43000030517578,83.43000030517578,83.43000030517578,83.43000030517578,3072.0
2024-10-25 14:31:00+00:00,ENTG,104.6050033569336,104.6050033569336,104.68000030517578,104.57499694824219,104.68000030517578,1241.0
2024-10-25 14:31:00+00:00,ERIC,8.45989990234375,8.45989990234375,8.46500015258789,8.454000473022461,8.460000038146973,67530.0
2024-10-25 14:31:00+00:00,EXLS,38.7599983215332,38.7599983215332,38.7599983215332,38.7599983215332,38.7599983215332,939.0
2024-10-25 14:31:00+00:00,EXTR,14.375,14.375,14.375,14.375,14.375,111.0
2024-10-25 14:31:00+00:00,FCUV,0.2628999948501587,0.2628999948501587,0.2628999948501587,0.2628999948501587,0.2628999948501587,1601.0
2024-10-25 14:31:00+00:00,FFIV,216.22999572753906,216.22999572753906,216.22999572753906,216.22999572753906,216.22999572753906,393.0
2024-10-25 14:31:00+00:00,FIVN,29.8700008392334,29.8700008392334,29.8700008392334,29.860000610351562,29.860000610351562,228.0
2024-10-25 14:31:00+00:00,FLEX,35.224998474121094,35.224998474121094,35.22999954223633,35.220001220703125,35.22999954223633,1149.0
2024-10-25 14:31:00+00:00,FORM,44.68000030517578,44.68000030517578,44.68000030517578,44.68000030517578,44.68000030517578,696.0
2024-10-25 14:31:00+00:00,FROG,29.270000457763672,29.270000457763672,29.270000457763672,29.260000228881836,29.260000228881836,1152.0
2024-10-25 14:31:00+00:00,FRSH,11.619999885559082,11.619999885559082,11.619999885559082,11.619999885559082,11.619999885559082,520.0
2024-10-25 14:31:00+00:00,FSLR,198.24009704589844,198.24009704589844,198.39999389648438,198.24009704589844,198.39999389648438,2391.0
2024-10-25 14:31:00+00:00,FTCI,0.6500999927520752,0.6500999927520752,0.6500999927520752,0.6500999927520752,0.6500999927520752,650.0
2024-10-25 14:31:00+00:00,FTNT,80.48999786376953,80.48999786376953,80.55999755859375,80.48999786376953,80.5593032836914,4106.0
2024-10-25 14:31:00+00:00,GCT,24.709999084472656,24.709999084472656,24.725000381469727,24.709999084472656,24.719999313354492,1691.0
2024-10-25 14:31:00+00:00,GDS,21.420000076293945,21.420000076293945,21.420000076293945,21.420000076293945,21.420000076293945,504.0
2024-10-25 14:31:00+00:00,GFS,40.584999084472656,40.584999084472656,40.59000015258789,40.584999084472656,40.59000015258789,697.0
2024-10-25 14:31:00+00:00,GILT,4.9197998046875,4.9197998046875,4.9197998046875,4.9197998046875,4.9197998046875,500.0
2024-10-25 14:31:00+00:00,GRAB,4.074999809265137,4.074999809265137,4.079999923706055,4.074999809265137,4.079999923706055,29056.0
2024-10-25 14:31:00+00:00,GRRRW,0.061799999326467514,0.061799999326467514,0.061799999326467514,0.061799999326467514,0.061799999326467514,1000.0
2024-10-25 14:31:00+00:00,GSIT,3.4000000953674316,3.4000000953674316,3.4000000953674316,3.4000000953674316,3.4000000953674316,200.0
2024-10-25 14:31:00+00:00,GTLB,55.36000061035156,55.36000061035156,55.36000061035156,55.36000061035156,55.36000061035156,767.0
2024-10-25 14:31:00+00:00,HIMX,6.164999961853027,6.164999961853027,6.164999961853027,6.164999961853027,6.164999961853027,1205.0
2024-10-25 14:31:00+00:00,HOLO,3.5999999046325684,3.5999999046325684,3.5999999046325684,3.599900007247925,3.5999999046325684,1806.0
2024-10-25 14:31:00+00:00,HOOD,27.155000686645508,27.155000686645508,27.15999984741211,27.1299991607666,27.15999984741211,23410.0
2024-10-25 14:31:00+00:00,INDI,3.494999885559082,3.494999885559082,3.494999885559082,3.494999885559082,3.494999885559082,668.0
2024-10-25 14:31:00+00:00,INOD,20.280000686645508,20.280000686645508,20.280000686645508,20.280000686645508,20.280000686645508,3689.0
2024-10-25 14:31:00+00:00,INTA,50.209999084472656,50.209999084472656,50.209999084472656,50.19499969482422,50.19499969482422,377.0
2024-10-25 14:31:00+00:00,INTC,22.909900665283203,22.909900665283203,22.927900314331055,22.90399932861328,22.927900314331055,66468.0
2024-10-25 14:31:00+00:00,INTZ,0.7170000076293945,0.7170000076293945,0.7170000076293945,0.7170000076293945,0.7170000076293945,10.0
2024-10-25 14:31:00+00:00,IPGP,77.16999816894531,77.16999816894531,77.16999816894531,77.16999816894531,77.16999816894531,394.0
2024-10-25 14:31:00+00:00,ITRI,102.79000091552734,102.79000091552734,102.79000091552734,102.66999816894531,102.7300033569336,2894.0
2024-10-25 14:31:00+00:00,JAMF,16.75,16.75,16.75,16.739999771118164,16.739999771118164,823.0
2024-10-25 14:31:00+00:00,KC,2.680000066757202,2.680000066757202,2.680000066757202,2.680000066757202,2.680000066757202,200.0
2024-10-25 14:31:00+00:00,KLAC,676.8099975585938,676.8099975585938,676.8099975585938,676.8099975585938,676.8099975585938,964.0
2024-10-25 14:31:00+00:00,KLIC,44.540000915527344,44.540000915527344,44.540000915527344,44.52000045776367,44.52000045776367,589.0
2024-10-25 14:31:00+00:00,KOPN,0.7671999931335449,0.7671999931335449,0.7671999931335449,0.7671999931335449,0.7671999931335449,2538.0
2024-10-25 14:31:00+00:00,KVHI,4.650000095367432,4.650000095367432,4.650000095367432,4.650000095367432,4.650000095367432,102.0
2024-10-25 14:31:00+00:00,LITE,64.4800033569336,64.4800033569336,64.51000213623047,64.46510314941406,64.4749984741211,1726.0
2024-10-25 14:31:00+00:00,LOGI,80.75,80.75,80.75,80.67500305175781,80.68000030517578,24144.0
2024-10-25 14:31:00+00:00,LPSN,1.1649999618530273,1.1649999618530273,1.1649999618530273,1.1649999618530273,1.1649999618530273,310.0
2024-10-25 14:31:00+00:00,LRCX,78.54000091552734,78.54000091552734,78.54000091552734,78.51000213623047,78.54000091552734,17785.0
2024-10-25 14:31:00+00:00,LSCC,54.29999923706055,54.29999923706055,54.33000183105469,54.29999923706055,54.31949996948242,2202.0
2024-10-25 14:31:00+00:00,LYFT,13.789999961853027,13.789999961853027,13.795000076293945,13.779999732971191,13.78279972076416,14718.0
2024-10-25 14:31:00+00:00,MANH,275.8699951171875,275.8699951171875,276.1600036621094,275.8699951171875,276.1000061035156,3730.0
2024-10-25 14:31:00+00:00,MCHP,76.66999816894531,76.66999816894531,76.69999694824219,76.66000366210938,76.68939971923828,3143.0
2024-10-25 14:31:00+00:00,MITK,8.760000228881836,8.760000228881836,8.760000228881836,8.760000228881836,8.760000228881836,2189.0
2024-10-25 14:31:00+00:00,MKSI,101.1500015258789,101.1500015258789,101.1500015258789,101.1500015258789,101.1500015258789,527.0
2024-10-25 14:31:00+00:00,MNDY,299.6400146484375,299.6400146484375,299.7699890136719,299.510009765625,299.6300048828125,1892.0
2024-10-25 14:31:00+00:00,MPWR,910.4299926757812,910.4299926757812,910.4299926757812,910.4199829101562,910.4199829101562,840.0
2024-10-25 14:31:00+00:00,MQ,5.300000190734863,5.300000190734863,5.300000190734863,5.284999847412109,5.289999961853027,6035.0
2024-10-25 14:31:00+00:00,MRVL,82.11000061035156,82.11000061035156,82.16000366210938,82.0999984741211,82.13999938964844,16803.0
2024-10-25 14:31:00+00:00,MSFT,428.4049987792969,428.4049987792969,428.614990234375,428.4049987792969,428.5513916015625,8812.0
2024-10-25 14:31:00+00:00,MSTR,235.1461944580078,235.1461944580078,236.0800018310547,235.0500030517578,235.5238037109375,49517.0
2024-10-25 14:31:00+00:00,MTC,0.37400001287460327,0.37400001287460327,0.374099999666214,0.37400001287460327,0.374099999666214,1110.0
2024-10-25 14:31:00+00:00,MTTR,4.599999904632568,4.599999904632568,4.599999904632568,4.59499979019165,4.59499979019165,988.0
2024-10-25 14:31:00+00:00,MU,108.55500030517578,108.55500030517578,108.63999938964844,108.52999877929688,108.63999938964844,35137.0
2024-10-25 14:31:00+00:00,MXL,14.859999656677246,14.859999656677246,14.859999656677246,14.859999656677246,14.859999656677246,642.0
2024-10-25 14:31:00+00:00,NCNO,37.650001525878906,37.650001525878906,37.66999816894531,37.650001525878906,37.66999816894531,1490.0
2024-10-25 14:31:00+00:00,NICE,174.9600067138672,174.9600067138672,174.9600067138672,174.85499572753906,174.85499572753906,1861.0
2024-10-25 14:31:00+00:00,NNDM,2.325000047683716,2.325000047683716,2.3299999237060547,2.325000047683716,2.3299999237060547,1293.0
2024-10-25 14:31:00+00:00,NOVT,173.52000427246094,173.52000427246094,173.52000427246094,173.52000427246094,173.52000427246094,329.0
2024-10-25 14:31:00+00:00,NTCT,20.649999618530273,20.649999618530273,20.649999618530273,20.649999618530273,20.649999618530273,280.0
2024-10-25 14:31:00+00:00,NTNX,62.099998474121094,62.099998474121094,62.099998474121094,62.095001220703125,62.095001220703125,534.0
2024-10-25 14:31:00+00:00,NVDA,141.71299743652344,141.71299743652344,141.9199981689453,141.7100067138672,141.9001007080078,308549.0
2024-10-25 14:31:00+00:00,NVTS,2.549999952316284,2.549999952316284,2.549999952316284,2.549999952316284,2.549999952316284,2552.0
2024-10-25 14:31:00+00:00,NXPI,243.55999755859375,243.55999755859375,243.64999389648438,243.55999755859375,243.64999389648438,767.0
2024-10-25 14:31:00+00:00,OKTA,72.16999816894531,72.16999816894531,72.19999694824219,72.16999816894531,72.19999694824219,858.0
2024-10-25 14:31:00+00:00,ON,71.38200378417969,71.38200378417969,71.45999908447266,71.38200378417969,71.45999908447266,11511.0
2024-10-25 14:31:00+00:00,OSIS,135.48500061035156,135.48500061035156,135.48500061035156,135.48500061035156,135.48500061035156,299.0
2024-10-25 14:31:00+00:00,PANW,366.8349914550781,366.8349914550781,367.0,366.8349914550781,367.0,1732.0
2024-10-25 14:31:00+00:00,PDFS,29.18000030517578,29.18000030517578,29.18000030517578,29.18000030517578,29.18000030517578,336.0
2024-10-25 14:31:00+00:00,PEGA,79.70500183105469,79.70500183105469,79.70500183105469,79.70500183105469,79.70500183105469,1892.0
2024-10-25 14:31:00+00:00,PGY,11.78499984741211,11.78499984741211,11.78499984741211,11.78499984741211,11.78499984741211,1303.0
2024-10-25 14:31:00+00:00,PHUN,10.311400413513184,10.311400413513184,10.34000015258789,10.311400413513184,10.329999923706055,6266.0
2024-10-25 14:31:00+00:00,PI,203.03500366210938,203.03500366210938,203.03500366210938,202.7899932861328,203.0,3461.0
2024-10-25 14:31:00+00:00,PLAB,23.520000457763672,23.520000457763672,23.520000457763672,23.520000457763672,23.520000457763672,458.0
2024-10-25 14:31:00+00:00,PLXS,141.52000427246094,141.52000427246094,141.58999633789062,141.4499969482422,141.52000427246094,1766.0
2024-10-25 14:31:00+00:00,POWI,63.59000015258789,63.59000015258789,63.59000015258789,63.59000015258789,63.59000015258789,120.0
2024-10-25 14:31:00+00:00,PTC,186.97999572753906,186.97999572753906,187.0800018310547,186.875,187.0449981689453,12141.0
2024-10-25 14:31:00+00:00,PYCR,14.3100004196167,14.3100004196167,14.319999694824219,14.3100004196167,14.319999694824219,871.0
2024-10-25 14:31:00+00:00,QCOM,171.22999572753906,171.22999572753906,171.3748016357422,171.22000122070312,171.3699951171875,5334.0
2024-10-25 14:31:00+00:00,QH,1.3700000047683716,1.3700000047683716,1.3700000047683716,1.3700000047683716,1.3700000047683716,1434.0
2024-10-25 14:31:00+00:00,QRVO,99.875,99.875,99.91500091552734,99.87000274658203,99.91500091552734,1153.0
2024-10-25 14:31:00+00:00,QUBT,1.0800000429153442,1.0800000429153442,1.0850000381469727,1.0800000429153442,1.0850000381469727,703.0
2024-10-25 14:31:00+00:00,RCAT,2.765000104904175,2.765000104904175,2.765000104904175,2.765000104904175,2.765000104904175,2047.0
2024-10-25 14:31:00+00:00,RELY,14.779999732971191,14.779999732971191,14.779999732971191,14.770000457763672,14.779999732971191,2979.0
2024-10-25 14:31:00+00:00,RGTI,1.2350000143051147,1.2350000143051147,1.2350000143051147,1.2350000143051147,1.2350000143051147,1047.0
2024-10-25 14:31:00+00:00,RIOT,9.829999923706055,9.829999923706055,9.849900245666504,9.8149995803833,9.819999694824219,70127.0
2024-10-25 14:31:00+00:00,RMBS,43.310001373291016,43.310001373291016,43.31999969482422,43.310001373291016,43.31999969482422,1917.0
2024-10-25 14:31:00+00:00,RMNI,1.715000033378601,1.715000033378601,1.715000033378601,1.715000033378601,1.715000033378601,112.0
2024-10-25 14:31:00+00:00,RUM,5.760000228881836,5.760000228881836,5.760000228881836,5.755000114440918,5.755000114440918,446.0
2024-10-25 14:31:00+00:00,RUN,14.329999923706055,14.329999923706055,14.34000015258789,14.324999809265137,14.329999923706055,6741.0
2024-10-25 14:31:00+00:00,SCSC,44.78499984741211,44.78499984741211,44.790000915527344,44.78499984741211,44.790000915527344,1830.0
2024-10-25 14:31:00+00:00,SEDG,15.869999885559082,15.869999885559082,15.869999885559082,15.850000381469727,15.850000381469727,3013.0
2024-10-25 14:31:00+00:00,SHLS,5.264999866485596,5.264999866485596,5.265500068664551,5.255000114440918,5.255000114440918,7578.0
2024-10-25 14:31:00+00:00,SIMO,56.43000030517578,56.43000030517578,56.45500183105469,56.43000030517578,56.45500183105469,608.0
2024-10-25 14:31:00+00:00,SKYT,10.569999694824219,10.569999694824219,10.569999694824219,10.569999694824219,10.569999694824219,846.0
2024-10-25 14:31:00+00:00,SLAB,114.61000061035156,114.61000061035156,114.62000274658203,114.61000061035156,114.62000274658203,1040.0
2024-10-25 14:31:00+00:00,SMCI,47.25,47.25,47.25960159301758,47.21500015258789,47.2401008605957,25521.0
2024-10-25 14:31:00+00:00,SNPS,502.4100036621094,502.4100036621094,503.0249938964844,502.4100036621094,503.0249938964844,1681.0
2024-10-25 14:31:00+00:00,SONO,12.725000381469727,12.725000381469727,12.725000381469727,12.720000267028809,12.720000267028809,455.0
2024-10-25 14:31:00+00:00,SOUN,5.170000076293945,5.170000076293945,5.17549991607666,5.170000076293945,5.175000190734863,3517.0
2024-10-25 14:31:00+00:00,SPSC,171.55999755859375,171.55999755859375,171.63999938964844,171.5,171.5,850.0
2024-10-25 14:31:00+00:00,SPT,26.989999771118164,26.989999771118164,26.989999771118164,26.989999771118164,26.989999771118164,742.0
2024-10-25 14:31:00+00:00,SSNC,69.5999984741211,69.5999984741211,69.63999938964844,69.5999984741211,69.62999725341797,6128.0
2024-10-25 14:31:00+00:00,SSYS,7.050000190734863,7.050000190734863,7.050000190734863,7.050000190734863,7.050000190734863,1798.0
2024-10-25 14:31:00+00:00,STNE,11.529999732971191,11.529999732971191,11.529999732971191,11.529999732971191,11.529999732971191,567.0
2024-10-25 14:31:00+00:00,STX,103.58999633789062,103.58999633789062,103.58999633789062,103.5199966430664,103.53800201416016,1848.0
2024-10-25 14:31:00+00:00,SVRE,0.07800000160932541,0.07800000160932541,0.07800000160932541,0.07800000160932541,0.07800000160932541,220.0
2024-10-25 14:31:00+00:00,SWKS,95.97000122070312,95.97000122070312,96.01000213623047,95.97000122070312,96.01000213623047,819.0
2024-10-25 14:31:00+00:00,SYNA,72.46499633789062,72.46499633789062,72.46499633789062,72.46499633789062,72.46499633789062,159.0
2024-10-25 14:31:00+00:00,TEAM,189.52999877929688,189.52999877929688,189.52999877929688,189.47999572753906,189.52999877929688,3252.0
2024-10-25 14:31:00+00:00,TENB,41.68000030517578,41.68000030517578,41.71500015258789,41.68000030517578,41.71500015258789,1621.0
2024-10-25 14:31:00+00:00,TER,111.95999908447266,111.95999908447266,112.01000213623047,111.94000244140625,112.01000213623047,4244.0
2024-10-25 14:31:00+00:00,TLS,3.5899999141693115,3.5899999141693115,3.5950000286102295,3.5899999141693115,3.5950000286102295,856.0
2024-10-25 14:31:00+00:00,TRMB,60.95000076293945,60.95000076293945,60.95000076293945,60.95000076293945,60.95000076293945,328.0
2024-10-25 14:31:00+00:00,TSEM,44.709999084472656,44.709999084472656,44.709999084472656,44.709999084472656,44.709999084472656,809.0
2024-10-25 14:31:00+00:00,TTD,118.86499786376953,118.86499786376953,118.8949966430664,118.81999969482422,118.8949966430664,3064.0
2024-10-25 14:31:00+00:00,TWKS,4.440000057220459,4.440000057220459,4.440000057220459,4.440000057220459,4.440000057220459,525.0
2024-10-25 14:31:00+00:00,TXN,207.6300048828125,207.6300048828125,207.72999572753906,207.61000061035156,207.72999572753906,10767.0
2024-10-25 14:31:00+00:00,UCTT,35.779998779296875,35.779998779296875,35.779998779296875,35.779998779296875,35.779998779296875,737.0
2024-10-25 14:31:00+00:00,VERI,3.390000104904175,3.390000104904175,3.390000104904175,3.390000104904175,3.390000104904175,0.0
2024-10-25 14:31:00+00:00,VIAV,9.204999923706055,9.204999923706055,9.210000038146973,9.204999923706055,9.210000038146973,686.0
2024-10-25 14:31:00+00:00,VRNS,56.78499984741211,56.78499984741211,56.8025016784668,56.78499984741211,56.8025016784668,497.0
2024-10-25 14:31:00+00:00,VRNT,21.979999542236328,21.979999542236328,21.979999542236328,21.979999542236328,21.979999542236328,874.0
2024-10-25 14:31:00+00:00,VRSN,182.88999938964844,182.88999938964844,182.88999938964844,182.77999877929688,182.77999877929688,2659.0
2024-10-25 14:31:00+00:00,VSAT,10.170000076293945,10.170000076293945,10.175000190734863,10.170000076293945,10.175000190734863,916.0
2024-10-25 14:31:00+00:00,WDAY,238.9468994140625,238.9468994140625,238.9468994140625,238.87710571289062,238.87710571289062,897.0
2024-10-25 14:31:00+00:00,WDC,70.11740112304688,70.11740112304688,70.16500091552734,70.11740112304688,70.16500091552734,9526.0
2024-10-25 14:31:00+00:00,WISA,2.0450000762939453,2.0450000762939453,2.049999952316284,2.0399999618530273,2.049999952316284,6814.0
2024-10-25 14:31:00+00:00,WRAP,1.8300000429153442,1.8300000429153442,1.8300000429153442,1.809999942779541,1.809999942779541,1133.0
2024-10-25 14:31:00+00:00,XRX,10.005000114440918,10.005000114440918,10.010000228881836,10.005000114440918,10.005000114440918,1790.0
2024-10-25 14:31:00+00:00,ZBRA,360.5950012207031,360.5950012207031,360.5950012207031,360.5950012207031,360.5950012207031,421.0
2024-10-25 14:31:00+00:00,ZI,10.494999885559082,10.494999885559082,10.494999885559082,10.494999885559082,10.494999885559082,1018.0
2024-10-25 14:31:00+00:00,ZM,72.9800033569336,72.9800033569336,73.0,72.9800033569336,73.0,4260.0
2024-10-25 14:32:00+00:00,AAOI,17.670000076293945,17.670000076293945,17.697999954223633,17.670000076293945,17.6825008392334,869.0
2024-10-25 14:32:00+00:00,AAPL,231.77999877929688,231.77999877929688,231.80999755859375,231.72999572753906,231.75,33567.0
2024-10-25 14:32:00+00:00,ACIW,48.86000061035156,48.86000061035156,48.86000061035156,48.849998474121094,48.849998474121094,689.0
2024-10-25 14:32:00+00:00,ACLS,89.94200134277344,89.94200134277344,89.94200134277344,89.94200134277344,89.94200134277344,646.0
2024-10-25 14:32:00+00:00,ACMR,19.649999618530273,19.649999618530273,19.649999618530273,19.649999618530273,19.649999618530273,1204.0
2024-10-25 14:32:00+00:00,ADBE,483.54998779296875,483.54998779296875,484.0150146484375,483.54998779296875,483.80999755859375,5171.0
2024-10-25 14:32:00+00:00,ADI,231.53500366210938,231.53500366210938,231.53500366210938,231.5050048828125,231.5050048828125,1125.0
2024-10-25 14:32:00+00:00,ADSK,286.1700134277344,286.1700134277344,286.1700134277344,286.1650085449219,286.1650085449219,941.0
2024-10-25 14:32:00+00:00,AEHR,16.854999542236328,16.854999542236328,16.860000610351562,16.854999542236328,16.860000610351562,717.0
2024-10-25 14:32:00+00:00,AEYE,22.595399856567383,22.595399856567383,22.595399856567383,22.595399856567383,22.595399856567383,494.0
2024-10-25 14:32:00+00:00,AFRM,41.45000076293945,41.45000076293945,41.470001220703125,41.41999816894531,41.41999816894531,3030.0
2024-10-25 14:32:00+00:00,AIRG,9.300100326538086,9.300100326538086,9.319999694824219,9.260000228881836,9.319999694824219,3700.0
2024-10-25 14:32:00+00:00,ALGM,23.09000015258789,23.09000015258789,23.09000015258789,23.030000686645508,23.030000686645508,3865.0
2024-10-25 14:32:00+00:00,ALKT,38.01499938964844,38.01499938964844,38.01499938964844,38.0099983215332,38.0099983215332,1789.0
2024-10-25 14:32:00+00:00,ALRM,54.560001373291016,54.560001373291016,54.560001373291016,54.560001373291016,54.560001373291016,451.0
2024-10-25 14:32:00+00:00,AMAT,187.24000549316406,187.24000549316406,187.35000610351562,187.1970977783203,187.2899932861328,6101.0
2024-10-25 14:32:00+00:00,AMD,156.4499969482422,156.4499969482422,156.5399932861328,156.3300018310547,156.36000061035156,50768.0
2024-10-25 14:32:00+00:00,AMKR,30.010000228881836,30.010000228881836,30.020000457763672,30.010000228881836,30.010000228881836,1195.0
2024-10-25 14:32:00+00:00,AMPL,9.104999542236328,9.104999542236328,9.104999542236328,9.104999542236328,9.104999542236328,765.0
2024-10-25 14:32:00+00:00,AOSL,36.33000183105469,36.33000183105469,36.33000183105469,36.2599983215332,36.2599983215332,803.0
2024-10-25 14:32:00+00:00,API,2.875,2.875,2.880000114440918,2.870500087738037,2.880000114440918,3792.0
2024-10-25 14:32:00+00:00,APP,161.49000549316406,161.49000549316406,161.49000549316406,161.32000732421875,161.32000732421875,4089.0
2024-10-25 14:32:00+00:00,APPF,211.7100067138672,211.7100067138672,211.7100067138672,211.7100067138672,211.7100067138672,549.0
2024-10-25 14:32:00+00:00,APPS,3.063999891281128,3.063999891281128,3.063999891281128,3.063999891281128,3.063999891281128,293.0
2024-10-25 14:32:00+00:00,ARRY,6.440000057220459,6.440000057220459,6.449999809265137,6.440000057220459,6.440000057220459,8365.0
2024-10-25 14:32:00+00:00,ASML,713.7150268554688,713.7150268554688,713.7150268554688,713.7150268554688,713.7150268554688,1219.0
2024-10-25 14:32:00+00:00,ASNS,1.2999999523162842,1.2999999523162842,1.2999999523162842,1.2999999523162842,1.2999999523162842,102.0
2024-10-25 14:32:00+00:00,ATOM,3.3199000358581543,3.3199000358581543,3.3199000358581543,3.3199000358581543,3.3199000358581543,341.0
2024-10-25 14:32:00+00:00,AUR,6.40500020980835,6.40500020980835,6.40500020980835,6.40500020980835,6.40500020980835,1713.0
2024-10-25 14:32:00+00:00,AVDX,8.119999885559082,8.119999885559082,8.119999885559082,8.119999885559082,8.119999885559082,829.0
2024-10-25 14:32:00+00:00,AVGO,174.02999877929688,174.02999877929688,174.14990234375,173.9499969482422,173.9499969482422,12043.0
2024-10-25 14:32:00+00:00,AVNW,20.799999237060547,20.799999237060547,20.799999237060547,20.799999237060547,20.799999237060547,1194.0
2024-10-25 14:32:00+00:00,AVPT,11.925000190734863,11.925000190734863,11.925000190734863,11.925000190734863,11.925000190734863,1561.0
2024-10-25 14:32:00+00:00,AVT,53.97999954223633,53.97999954223633,53.97999954223633,53.97999954223633,53.97999954223633,856.0
2024-10-25 14:32:00+00:00,BAND,17.690000534057617,17.690000534057617,17.690000534057617,17.690000534057617,17.690000534057617,541.0
2024-10-25 14:32:00+00:00,BCOV,2.2639999389648438,2.2639999389648438,2.2639999389648438,2.2639999389648438,2.2639999389648438,18.0
2024-10-25 14:32:00+00:00,BEEM,4.829999923706055,4.829999923706055,4.829999923706055,4.829999923706055,4.829999923706055,122.0
2024-10-25 14:32:00+00:00,BIGC,5.300000190734863,5.300000190734863,5.304999828338623,5.300000190734863,5.304999828338623,429.0
2024-10-25 14:32:00+00:00,BMBL,7.090000152587891,7.090000152587891,7.099999904632568,7.090000152587891,7.099999904632568,8018.0
2024-10-25 14:32:00+00:00,BRZE,30.739999771118164,30.739999771118164,30.739999771118164,30.739999771118164,30.739999771118164,231.0
2024-10-25 14:32:00+00:00,BSY,49.228599548339844,49.228599548339844,49.22999954223633,49.215999603271484,49.22600173950195,892.0
2024-10-25 14:32:00+00:00,CAMT,77.57499694824219,77.57499694824219,77.66000366210938,77.57499694824219,77.66000366210938,1346.0
2024-10-25 14:32:00+00:00,CAN,0.9776999950408936,0.9776999950408936,0.9782000184059143,0.9753999710083008,0.9782000184059143,16180.0
2024-10-25 14:32:00+00:00,CDNS,258.42498779296875,258.42498779296875,258.42498779296875,258.32000732421875,258.32000732421875,2479.0
2024-10-25 14:32:00+00:00,CDW,218.18499755859375,218.18499755859375,218.18499755859375,218.10000610351562,218.1199951171875,882.0
2024-10-25 14:32:00+00:00,CFLT,22.595300674438477,22.595300674438477,22.595300674438477,22.595300674438477,22.595300674438477,524.0
2024-10-25 14:32:00+00:00,CGNT,6.619999885559082,6.619999885559082,6.619999885559082,6.619999885559082,6.619999885559082,425.0
2024-10-25 14:32:00+00:00,CGNX,38.880001068115234,38.880001068115234,38.880001068115234,38.880001068115234,38.880001068115234,215.0
2024-10-25 14:32:00+00:00,CLFD,36.36000061035156,36.36000061035156,36.38999938964844,36.34000015258789,36.34000015258789,2300.0
2024-10-25 14:32:00+00:00,CLSK,11.755000114440918,11.755000114440918,11.760000228881836,11.704999923706055,11.704999923706055,54251.0
2024-10-25 14:32:00+00:00,CNDT,3.615000009536743,3.615000009536743,3.615000009536743,3.615000009536743,3.615000009536743,461.0
2024-10-25 14:32:00+00:00,COHR,95.56999969482422,95.56999969482422,95.5999984741211,95.55500030517578,95.59500122070312,1706.0
2024-10-25 14:32:00+00:00,COIN,207.8699951171875,207.8699951171875,208.0679931640625,207.41009521484375,207.5312042236328,10529.0
2024-10-25 14:32:00+00:00,COMM,6.25,6.25,6.255000114440918,6.25,6.255000114440918,1172.0
2024-10-25 14:32:00+00:00,CORZ,13.385000228881836,13.385000228881836,13.385000228881836,13.359999656677246,13.359999656677246,4447.0
2024-10-25 14:32:00+00:00,CRCT,6.570000171661377,6.570000171661377,6.570000171661377,6.570000171661377,6.570000171661377,225.0
2024-10-25 14:32:00+00:00,CRDO,39.099998474121094,39.099998474121094,39.099998474121094,39.084999084472656,39.099998474121094,917.0
2024-10-25 14:32:00+00:00,CRNC,2.934999942779541,2.934999942779541,2.934999942779541,2.934999942779541,2.934999942779541,1606.0
2024-10-25 14:32:00+00:00,CRUS,122.91000366210938,122.91000366210938,122.91000366210938,122.8499984741211,122.8499984741211,262.0
2024-10-25 14:32:00+00:00,CRWD,296.14801025390625,296.14801025390625,296.3900146484375,295.6700134277344,295.6700134277344,8701.0
2024-10-25 14:32:00+00:00,CSCO,55.7400016784668,55.7400016784668,55.75,55.72999954223633,55.72999954223633,10627.0
2024-10-25 14:32:00+00:00,CSGS,47.45000076293945,47.45000076293945,47.45000076293945,47.45000076293945,47.45000076293945,762.0
2024-10-25 14:32:00+00:00,CSIQ,13.350000381469727,13.350000381469727,13.350000381469727,13.350000381469727,13.350000381469727,459.0
2024-10-25 14:32:00+00:00,CTSH,74.7699966430664,74.7699966430664,74.79000091552734,74.75,74.75,2410.0
2024-10-25 14:32:00+00:00,DBX,26.065000534057617,26.065000534057617,26.06999969482422,26.065000534057617,26.065000534057617,1929.0
2024-10-25 14:32:00+00:00,DDOG,126.19999694824219,126.19999694824219,126.2300033569336,126.16999816894531,126.16999816894531,2134.0
2024-10-25 14:32:00+00:00,DLO,8.848299980163574,8.848299980163574,8.848299980163574,8.845000267028809,8.845000267028809,636.0
2024-10-25 14:32:00+00:00,DOCU,68.88999938964844,68.88999938964844,68.9000015258789,68.87999725341797,68.88500213623047,9192.0
2024-10-25 14:32:00+00:00,DOX,89.3219985961914,89.3219985961914,89.3219985961914,89.3219985961914,89.3219985961914,407.0
2024-10-25 14:32:00+00:00,DTSS,2.4600000381469727,2.4600000381469727,2.4600000381469727,2.4600000381469727,2.4600000381469727,102.0
2024-10-25 14:32:00+00:00,DUOL,289.54998779296875,289.54998779296875,289.54998779296875,289.54998779296875,289.54998779296875,216.0
2024-10-25 14:32:00+00:00,ENPH,83.58999633789062,83.58999633789062,83.58999633789062,83.55000305175781,83.55500030517578,5306.0
2024-10-25 14:32:00+00:00,ENTG,104.56999969482422,104.56999969482422,104.56999969482422,104.55000305175781,104.56999969482422,1212.0
2024-10-25 14:32:00+00:00,ERIC,8.454999923706055,8.454999923706055,8.454999923706055,8.449999809265137,8.449999809265137,7916.0
2024-10-25 14:32:00+00:00,EXTR,14.375,14.375,14.375,14.375,14.375,249.0
2024-10-25 14:32:00+00:00,FIVN,29.860000610351562,29.860000610351562,29.860000610351562,29.860000610351562,29.860000610351562,597.0
2024-10-25 14:32:00+00:00,FLEX,35.2400016784668,35.2400016784668,35.2400016784668,35.220001220703125,35.220001220703125,2386.0
2024-10-25 14:32:00+00:00,FLYW,17.299999237060547,17.299999237060547,17.309999465942383,17.299999237060547,17.309999465942383,354.0
2024-10-25 14:32:00+00:00,FROG,29.270000457763672,29.270000457763672,29.27199935913086,29.260000228881836,29.260000228881836,2498.0
2024-10-25 14:32:00+00:00,FRSH,11.619999885559082,11.619999885559082,11.619999885559082,11.619999885559082,11.619999885559082,148.0
2024-10-25 14:32:00+00:00,FSLR,198.3946990966797,198.3946990966797,198.39999389648438,198.3946990966797,198.39999389648438,661.0
2024-10-25 14:32:00+00:00,FTNT,80.48999786376953,80.48999786376953,80.5,80.4800033569336,80.48999786376953,4766.0
2024-10-25 14:32:00+00:00,GCT,24.739999771118164,24.739999771118164,24.739999771118164,24.739999771118164,24.739999771118164,351.0
2024-10-25 14:32:00+00:00,GDS,21.450000762939453,21.450000762939453,21.450000762939453,21.440000534057617,21.440000534057617,1018.0
2024-10-25 14:32:00+00:00,GDYN,15.555000305175781,15.555000305175781,15.555000305175781,15.555000305175781,15.555000305175781,140.0
2024-10-25 14:32:00+00:00,GFS,40.61000061035156,40.61000061035156,40.618099212646484,40.599998474121094,40.599998474121094,1294.0
2024-10-25 14:32:00+00:00,GPRO,1.309999942779541,1.309999942779541,1.315000057220459,1.309999942779541,1.315000057220459,998.0
2024-10-25 14:32:00+00:00,GRAB,4.079999923706055,4.079999923706055,4.079999923706055,4.074999809265137,4.079999923706055,14543.0
2024-10-25 14:32:00+00:00,GTLB,55.2400016784668,55.2400016784668,55.36000061035156,55.220001220703125,55.349998474121094,17504.0
2024-10-25 14:32:00+00:00,HCP,33.665000915527344,33.665000915527344,33.665000915527344,33.665000915527344,33.665000915527344,1100.0
2024-10-25 14:32:00+00:00,HIMX,6.199999809265137,6.199999809265137,6.199999809265137,6.170000076293945,6.170000076293945,15830.0
2024-10-25 14:32:00+00:00,HLIT,14.789999961853027,14.789999961853027,14.789999961853027,14.760000228881836,14.760000228881836,2028.0
2024-10-25 14:32:00+00:00,HOLO,3.569999933242798,3.569999933242798,3.5950000286102295,3.569999933242798,3.5950000286102295,2687.0
2024-10-25 14:32:00+00:00,HOOD,27.1564998626709,27.1564998626709,27.1564998626709,27.135000228881836,27.135000228881836,6466.0
2024-10-25 14:32:00+00:00,IMMR,8.694000244140625,8.694000244140625,8.694000244140625,8.694000244140625,8.694000244140625,280.0
2024-10-25 14:32:00+00:00,IMXI,17.6200008392334,17.6200008392334,17.6200008392334,17.6200008392334,17.6200008392334,521.0
2024-10-25 14:32:00+00:00,INDI,3.494999885559082,3.494999885559082,3.494999885559082,3.494999885559082,3.494999885559082,800.0
2024-10-25 14:32:00+00:00,INFN,6.760000228881836,6.760000228881836,6.760000228881836,6.760000228881836,6.760000228881836,200.0
2024-10-25 14:32:00+00:00,INOD,20.31999969482422,20.31999969482422,20.31999969482422,20.31999969482422,20.31999969482422,249.0
2024-10-25 14:32:00+00:00,INTA,50.209999084472656,50.209999084472656,50.209999084472656,50.209999084472656,50.209999084472656,572.0
2024-10-25 14:32:00+00:00,INTC,22.920000076293945,22.920000076293945,22.93000030517578,22.90850067138672,22.90850067138672,45174.0
2024-10-25 14:32:00+00:00,INTU,609.1599731445312,609.1599731445312,609.1599731445312,609.0250244140625,609.0250244140625,1527.0
2024-10-25 14:32:00+00:00,ITI,7.195000171661377,7.195000171661377,7.195000171661377,7.195000171661377,7.195000171661377,101.0
2024-10-25 14:32:00+00:00,ITRI,102.73999786376953,102.73999786376953,102.73999786376953,102.73999786376953,102.73999786376953,480.0
2024-10-25 14:32:00+00:00,JKHY,182.58999633789062,182.58999633789062,182.58999633789062,182.58999633789062,182.58999633789062,534.0
2024-10-25 14:32:00+00:00,KC,2.684999942779541,2.684999942779541,2.684999942779541,2.680000066757202,2.680000066757202,400.0
2024-10-25 14:32:00+00:00,KLAC,677.0399780273438,677.0399780273438,677.0399780273438,677.0399780273438,677.0399780273438,1503.0
2024-10-25 14:32:00+00:00,KLIC,44.560001373291016,44.560001373291016,44.560001373291016,44.529998779296875,44.529998779296875,500.0
2024-10-25 14:32:00+00:00,LINK,4.701600074768066,4.701600074768066,4.701600074768066,4.701600074768066,4.701600074768066,448.0
2024-10-25 14:32:00+00:00,LITE,64.53500366210938,64.53500366210938,64.53500366210938,64.5,64.5,942.0
2024-10-25 14:32:00+00:00,LOGI,80.7300033569336,80.7300033569336,80.7300033569336,80.7300033569336,80.7300033569336,626.0
2024-10-25 14:32:00+00:00,LPSN,1.1649999618530273,1.1649999618530273,1.1649999618530273,1.1649999618530273,1.1649999618530273,405.0
2024-10-25 14:32:00+00:00,LRCX,78.5199966430664,78.5199966430664,78.58000183105469,78.5,78.51000213623047,16776.0
2024-10-25 14:32:00+00:00,LSCC,54.310001373291016,54.310001373291016,54.310001373291016,54.290000915527344,54.290000915527344,917.0
2024-10-25 14:32:00+00:00,LTRX,4.114999771118164,4.114999771118164,4.114999771118164,4.114999771118164,4.114999771118164,558.0
2024-10-25 14:32:00+00:00,LUNA,1.7999999523162842,1.7999999523162842,1.7999999523162842,1.7999999523162842,1.7999999523162842,1389.0
2024-10-25 14:32:00+00:00,LYFT,13.795000076293945,13.795000076293945,13.800000190734863,13.78499984741211,13.789999961853027,15855.0
2024-10-25 14:32:00+00:00,MANH,275.9200134277344,275.9200134277344,275.92999267578125,275.9200134277344,275.9200134277344,1675.0
2024-10-25 14:32:00+00:00,MCHP,76.69999694824219,76.69999694824219,76.7300033569336,76.6500015258789,76.6500015258789,5915.0
2024-10-25 14:32:00+00:00,MLAB,113.0884017944336,113.0884017944336,113.0884017944336,113.0884017944336,113.0884017944336,971.0
2024-10-25 14:32:00+00:00,MNDY,299.4549865722656,299.4549865722656,299.4549865722656,299.4549865722656,299.4549865722656,604.0
2024-10-25 14:32:00+00:00,MPWR,911.89697265625,911.89697265625,912.5023193359375,911.3527221679688,912.1199951171875,2481.0
2024-10-25 14:32:00+00:00,MQ,5.300000190734863,5.300000190734863,5.300000190734863,5.295000076293945,5.295000076293945,2325.0
2024-10-25 14:32:00+00:00,MRVL,82.1500015258789,82.1500015258789,82.16999816894531,82.0999984741211,82.0999984741211,4450.0
2024-10-25 14:32:00+00:00,MSFT,428.4679870605469,428.4679870605469,428.6159973144531,428.3399963378906,428.3999938964844,12658.0
2024-10-25 14:32:00+00:00,MSTR,235.860107421875,235.860107421875,236.0800018310547,235.26010131835938,235.3350067138672,35266.0
2024-10-25 14:32:00+00:00,MTLS,5.90500020980835,5.90500020980835,5.909999847412109,5.90500020980835,5.909999847412109,678.0
2024-10-25 14:32:00+00:00,MTSI,120.5,120.5,120.5,120.5,120.5,2454.0
2024-10-25 14:32:00+00:00,MTTR,4.59499979019165,4.59499979019165,4.59499979019165,4.593999862670898,4.59499979019165,1382.0
2024-10-25 14:32:00+00:00,MU,108.61199951171875,108.61199951171875,108.69999694824219,108.54000091552734,108.54000091552734,21994.0
2024-10-25 14:32:00+00:00,NCNO,37.650001525878906,37.650001525878906,37.650001525878906,37.650001525878906,37.650001525878906,517.0
2024-10-25 14:32:00+00:00,NNDM,2.3285000324249268,2.3285000324249268,2.3285000324249268,2.3285000324249268,2.3285000324249268,692.0
2024-10-25 14:32:00+00:00,NTCT,20.649999618530273,20.649999618530273,20.649999618530273,20.649999618530273,20.649999618530273,326.0
2024-10-25 14:32:00+00:00,NTGR,20.170000076293945,20.170000076293945,20.170000076293945,20.170000076293945,20.170000076293945,383.0
2024-10-25 14:32:00+00:00,NTNX,62.125,62.125,62.125,62.06999969482422,62.06999969482422,3266.0
2024-10-25 14:32:00+00:00,NVDA,141.82000732421875,141.82000732421875,141.89999389648438,141.6750030517578,141.71499633789062,295135.0
2024-10-25 14:32:00+00:00,NVMI,184.07000732421875,184.07000732421875,184.07000732421875,184.07000732421875,184.07000732421875,1040.0
2024-10-25 14:32:00+00:00,NVTS,2.5450000762939453,2.5450000762939453,2.5450000762939453,2.5450000762939453,2.5450000762939453,262.0
2024-10-25 14:32:00+00:00,NXPI,243.6300048828125,243.6300048828125,243.72000122070312,243.6300048828125,243.72000122070312,1140.0
2024-10-25 14:32:00+00:00,OKTA,72.19999694824219,72.19999694824219,72.19999694824219,72.19499969482422,72.19499969482422,408.0
2024-10-25 14:32:00+00:00,ON,71.43000030517578,71.43000030517578,71.45089721679688,71.37999725341797,71.37999725341797,12237.0
2024-10-25 14:32:00+00:00,OSIS,135.47000122070312,135.47000122070312,135.47000122070312,135.47000122070312,135.47000122070312,173.0
2024-10-25 14:32:00+00:00,OTEX,33.29999923706055,33.29999923706055,33.310001373291016,33.29999923706055,33.310001373291016,1710.0
2024-10-25 14:32:00+00:00,PANW,366.8349914550781,366.8349914550781,366.8349914550781,366.8349914550781,366.8349914550781,833.0
2024-10-25 14:32:00+00:00,PAYO,8.3149995803833,8.3149995803833,8.3149995803833,8.3149995803833,8.3149995803833,577.0
2024-10-25 14:32:00+00:00,PEGY,4.849999904632568,4.849999904632568,4.849999904632568,4.849999904632568,4.849999904632568,500.0
2024-10-25 14:32:00+00:00,PHUN,10.359999656677246,10.359999656677246,10.359999656677246,10.310099601745605,10.319899559020996,33334.0
2024-10-25 14:32:00+00:00,POWI,63.54999923706055,63.54999923706055,63.54999923706055,63.54999923706055,63.54999923706055,1042.0
2024-10-25 14:32:00+00:00,PRGS,64.5199966430664,64.5199966430664,64.5199966430664,64.5199966430664,64.5199966430664,356.0
2024-10-25 14:32:00+00:00,PTC,186.9949951171875,186.9949951171875,186.9949951171875,186.8699951171875,186.875,3674.0
2024-10-25 14:32:00+00:00,PUBM,14.739999771118164,14.739999771118164,14.739999771118164,14.739999771118164,14.739999771118164,977.0
2024-10-25 14:32:00+00:00,QCOM,171.31199645996094,171.31199645996094,171.38999938964844,171.2100067138672,171.22999572753906,6236.0
2024-10-25 14:32:00+00:00,QRVO,99.9000015258789,99.9000015258789,99.91999816894531,99.87000274658203,99.87000274658203,2194.0
2024-10-25 14:32:00+00:00,RELY,14.779999732971191,14.779999732971191,14.779999732971191,14.774999618530273,14.779999732971191,2617.0
2024-10-25 14:32:00+00:00,RGTI,1.2350000143051147,1.2350000143051147,1.2390999794006348,1.2350000143051147,1.2350000143051147,1720.0
2024-10-25 14:32:00+00:00,RIOT,9.861000061035156,9.861000061035156,9.869999885559082,9.833999633789062,9.835000038146973,23530.0
2024-10-25 14:32:00+00:00,RMBS,43.334999084472656,43.334999084472656,43.34000015258789,43.334999084472656,43.34000015258789,1109.0
2024-10-25 14:32:00+00:00,RPAY,7.605000019073486,7.605000019073486,7.605000019073486,7.605000019073486,7.605000019073486,1701.0
2024-10-25 14:32:00+00:00,RPD,38.75,38.75,38.75,38.75,38.75,1233.0
2024-10-25 14:32:00+00:00,RUM,5.769999980926514,5.769999980926514,5.769999980926514,5.750100135803223,5.750100135803223,12299.0
2024-10-25 14:32:00+00:00,RUN,14.354999542236328,14.354999542236328,14.354999542236328,14.335000038146973,14.34000015258789,4600.0
2024-10-25 14:32:00+00:00,SANM,67.57499694824219,67.57499694824219,67.57499694824219,67.57499694824219,67.57499694824219,386.0
2024-10-25 14:32:00+00:00,SEDG,15.859999656677246,15.859999656677246,15.880000114440918,15.859999656677246,15.869999885559082,3781.0
2024-10-25 14:32:00+00:00,SHLS,5.260000228881836,5.260000228881836,5.264999866485596,5.260000228881836,5.264999866485596,9967.0
2024-10-25 14:32:00+00:00,SIMO,56.43000030517578,56.43000030517578,56.43000030517578,56.43000030517578,56.43000030517578,81.0
2024-10-25 14:32:00+00:00,SMCI,47.279598236083984,47.279598236083984,47.29970169067383,47.24850082397461,47.25,36549.0
2024-10-25 14:32:00+00:00,SMTC,45.81999969482422,45.81999969482422,45.83000183105469,45.779998779296875,45.79999923706055,1438.0
2024-10-25 14:32:00+00:00,SOBR,7.100100040435791,7.100100040435791,7.114999771118164,7.100100040435791,7.114999771118164,733.0
2024-10-25 14:32:00+00:00,SONO,12.720000267028809,12.720000267028809,12.725000381469727,12.720000267028809,12.725000381469727,745.0
2024-10-25 14:32:00+00:00,SOUN,5.170100212097168,5.170100212097168,5.175000190734863,5.170000076293945,5.173999786376953,2859.0
2024-10-25 14:32:00+00:00,SPSC,171.6649932861328,171.6649932861328,171.6649932861328,171.6649932861328,171.6649932861328,1188.0
2024-10-25 14:32:00+00:00,SSNC,69.5999984741211,69.5999984741211,69.60749816894531,69.59500122070312,69.6050033569336,1566.0
2024-10-25 14:32:00+00:00,STNE,11.53499984741211,11.53499984741211,11.538000106811523,11.53499984741211,11.53499984741211,1889.0
2024-10-25 14:32:00+00:00,STX,103.6500015258789,103.6500015258789,103.65499877929688,103.61000061035156,103.6500015258789,2078.0
2024-10-25 14:32:00+00:00,SVRE,0.07919999957084656,0.07919999957084656,0.07919999957084656,0.07919999957084656,0.07919999957084656,1003.0
2024-10-25 14:32:00+00:00,SWKS,95.9800033569336,95.9800033569336,96.01000213623047,95.95999908447266,95.95999908447266,1851.0
2024-10-25 14:32:00+00:00,SWVL,3.3499999046325684,3.3499999046325684,3.3499999046325684,3.3499999046325684,3.3499999046325684,236.0
2024-10-25 14:32:00+00:00,SYNA,72.43000030517578,72.43000030517578,72.52999877929688,72.43000030517578,72.5199966430664,1310.0
2024-10-25 14:32:00+00:00,SYTA,1.309999942779541,1.309999942779541,1.3105000257492065,1.309999942779541,1.3105000257492065,2863.0
2024-10-25 14:32:00+00:00,TACT,4.170000076293945,4.170000076293945,4.170000076293945,4.170000076293945,4.170000076293945,200.0
2024-10-25 14:32:00+00:00,TEAM,189.44000244140625,189.44000244140625,189.5050048828125,189.44000244140625,189.5050048828125,1069.0
2024-10-25 14:32:00+00:00,TENB,41.689998626708984,41.689998626708984,41.689998626708984,41.689998626708984,41.689998626708984,512.0
2024-10-25 14:32:00+00:00,TER,112.03500366210938,112.03500366210938,112.04000091552734,111.95999908447266,111.95999908447266,5364.0
2024-10-25 14:32:00+00:00,TTD,118.81999969482422,118.81999969482422,118.88990020751953,118.80000305175781,118.80999755859375,5645.0
2024-10-25 14:32:00+00:00,TWKS,4.440000057220459,4.440000057220459,4.445000171661377,4.440000057220459,4.445000171661377,11337.0
2024-10-25 14:32:00+00:00,TXN,207.6999969482422,207.6999969482422,207.78500366210938,207.61000061035156,207.61000061035156,5475.0
2024-10-25 14:32:00+00:00,VECO,29.280000686645508,29.280000686645508,29.280000686645508,29.280000686645508,29.280000686645508,362.0
2024-10-25 14:32:00+00:00,VIAV,9.204999923706055,9.204999923706055,9.210000038146973,9.204999923706055,9.210000038146973,1450.0
2024-10-25 14:32:00+00:00,VOXX,7.510000228881836,7.510000228881836,7.510000228881836,7.510000228881836,7.510000228881836,200.0
2024-10-25 14:32:00+00:00,VRNS,56.779998779296875,56.779998779296875,56.79499816894531,56.77000045776367,56.77000045776367,425.0
2024-10-25 14:32:00+00:00,VSAT,10.175000190734863,10.175000190734863,10.175000190734863,10.175000190734863,10.175000190734863,596.0
2024-10-25 14:32:00+00:00,VUZI,1.2998000383377075,1.2998000383377075,1.2998000383377075,1.2998000383377075,1.2998000383377075,280.0
2024-10-25 14:32:00+00:00,WDAY,238.85000610351562,238.85000610351562,239.02999877929688,238.85000610351562,239.00999450683594,963.0
2024-10-25 14:32:00+00:00,WDC,70.16000366210938,70.16000366210938,70.16999816894531,70.12999725341797,70.13500213623047,11271.0
2024-10-25 14:32:00+00:00,WISA,2.0309998989105225,2.0309998989105225,2.049999952316284,2.005000114440918,2.0399999618530273,11641.0
2024-10-25 14:32:00+00:00,XRX,10.045000076293945,10.045000076293945,10.045000076293945,10.010000228881836,10.010000228881836,8973.0
2024-10-25 14:32:00+00:00,ZBRA,360.5950012207031,360.5950012207031,360.5950012207031,360.5950012207031,360.5950012207031,224.0
2024-10-25 14:32:00+00:00,ZI,10.494999885559082,10.494999885559082,10.494999885559082,10.494999885559082,10.494999885559082,869.0
2024-10-25 14:32:00+00:00,ZM,72.98999786376953,72.98999786376953,73.0,72.98999786376953,72.98999786376953,2228.0
2024-10-25 14:32:00+00:00,ZS,184.86000061035156,184.86000061035156,184.86000061035156,184.86000061035156,184.86000061035156,383.0
2024-10-25 14:33:00+00:00,AAOI,17.71980094909668,17.71980094909668,17.719999313354492,17.71980094909668,17.719999313354492,1523.0
2024-10-25 14:33:00+00:00,AAPL,231.80259704589844,231.80259704589844,231.82000732421875,231.6699981689453,231.77520751953125,27857.0
2024-10-25 14:33:00+00:00,ACIW,48.88999938964844,48.88999938964844,48.88999938964844,48.86000061035156,48.86000061035156,1150.0
2024-10-25 14:33:00+00:00,ACMR,19.649999618530273,19.649999618530273,19.65999984741211,19.649999618530273,19.649999618530273,2643.0
2024-10-25 14:33:00+00:00,ADBE,483.67999267578125,483.67999267578125,483.67999267578125,483.44000244140625,483.5400085449219,3425.0
2024-10-25 14:33:00+00:00,ADI,231.50999450683594,231.50999450683594,231.50999450683594,231.42999267578125,231.4499969482422,3431.0
2024-10-25 14:33:00+00:00,ADSK,286.20001220703125,286.20001220703125,286.20001220703125,286.1700134277344,286.1700134277344,1082.0
2024-10-25 14:33:00+00:00,AEHR,16.8700008392334,16.8700008392334,16.8700008392334,16.860000610351562,16.860000610351562,1031.0
2024-10-25 14:33:00+00:00,AFRM,41.45000076293945,41.45000076293945,41.470001220703125,41.410301208496094,41.439998626708984,5737.0
2024-10-25 14:33:00+00:00,AIRG,9.279999732971191,9.279999732971191,9.279999732971191,9.279999732971191,9.279999732971191,0.0
2024-10-25 14:33:00+00:00,ALGM,23.114999771118164,23.114999771118164,23.114999771118164,23.06999969482422,23.06999969482422,6982.0
2024-10-25 14:33:00+00:00,ALKT,38.0099983215332,38.0099983215332,38.0099983215332,38.0099983215332,38.0099983215332,277.0
2024-10-25 14:33:00+00:00,ALRM,54.55500030517578,54.55500030517578,54.55500030517578,54.55500030517578,54.55500030517578,1112.0
2024-10-25 14:33:00+00:00,AMAT,187.36000061035156,187.36000061035156,187.40989685058594,187.10000610351562,187.28970336914062,4206.0
2024-10-25 14:33:00+00:00,AMBA,57.880001068115234,57.880001068115234,57.880001068115234,57.880001068115234,57.880001068115234,207.0
2024-10-25 14:33:00+00:00,AMD,156.52000427246094,156.52000427246094,156.5399932861328,156.3101043701172,156.44009399414062,48189.0
2024-10-25 14:33:00+00:00,AMKR,30.014999389648438,30.014999389648438,30.014999389648438,30.014999389648438,30.014999389648438,882.0
2024-10-25 14:33:00+00:00,ANSS,322.8500061035156,322.8500061035156,322.95001220703125,322.8500061035156,322.95001220703125,957.0
2024-10-25 14:33:00+00:00,ANY,1.0499999523162842,1.0499999523162842,1.0499999523162842,1.0499999523162842,1.0499999523162842,176.0
2024-10-25 14:33:00+00:00,APP,161.4149932861328,161.4149932861328,161.52000427246094,161.40499877929688,161.40499877929688,1599.0
2024-10-25 14:33:00+00:00,APPF,211.72999572753906,211.72999572753906,211.72999572753906,211.72999572753906,211.72999572753906,479.0
2024-10-25 14:33:00+00:00,APPN,32.18000030517578,32.18000030517578,32.209999084472656,32.18000030517578,32.209999084472656,1376.0
2024-10-25 14:33:00+00:00,APPS,3.059999942779541,3.059999942779541,3.059999942779541,3.059999942779541,3.059999942779541,907.0
2024-10-25 14:33:00+00:00,ARRY,6.445000171661377,6.445000171661377,6.449999809265137,6.440100193023682,6.440100193023682,4197.0
2024-10-25 14:33:00+00:00,ASML,713.7750244140625,713.7750244140625,713.7750244140625,713.5,713.5,1214.0
2024-10-25 14:33:00+00:00,AUDC,9.0600004196167,9.0600004196167,9.0600004196167,9.0600004196167,9.0600004196167,637.0
2024-10-25 14:33:00+00:00,AUR,6.40500020980835,6.40500020980835,6.40500020980835,6.400000095367432,6.400000095367432,1827.0
2024-10-25 14:33:00+00:00,AVDX,8.125,8.125,8.125,8.114999771118164,8.114999771118164,2502.0
2024-10-25 14:33:00+00:00,AVGO,174.1396942138672,174.1396942138672,174.14999389648438,173.8800048828125,174.02000427246094,11812.0
2024-10-25 14:33:00+00:00,AVT,53.9900016784668,53.9900016784668,53.9900016784668,53.970001220703125,53.970001220703125,614.0
2024-10-25 14:33:00+00:00,AZPN,238.1699981689453,238.1699981689453,238.22000122070312,238.1699981689453,238.22000122070312,806.0
2024-10-25 14:33:00+00:00,BELFB,79.05999755859375,79.05999755859375,79.05999755859375,79.05999755859375,79.05999755859375,425.0
2024-10-25 14:33:00+00:00,BIGC,5.304999828338623,5.304999828338623,5.304999828338623,5.304999828338623,5.304999828338623,212.0
2024-10-25 14:33:00+00:00,BL,56.2400016784668,56.2400016784668,56.2400016784668,56.20029830932617,56.20029830932617,675.0
2024-10-25 14:33:00+00:00,BLZE,7.190000057220459,7.190000057220459,7.190000057220459,7.190000057220459,7.190000057220459,333.0
2024-10-25 14:33:00+00:00,BMBL,7.099999904632568,7.099999904632568,7.114999771118164,7.09499979019165,7.09499979019165,32726.0
2024-10-25 14:33:00+00:00,BRZE,30.760000228881836,30.760000228881836,30.760000228881836,30.760000228881836,30.760000228881836,1185.0
2024-10-25 14:33:00+00:00,BSY,49.220001220703125,49.220001220703125,49.25,49.220001220703125,49.224998474121094,1426.0
2024-10-25 14:33:00+00:00,CAMT,77.47000122070312,77.47000122070312,77.47000122070312,77.47000122070312,77.47000122070312,179.0
2024-10-25 14:33:00+00:00,CAN,0.9775999784469604,0.9775999784469604,0.9776999950408936,0.9775999784469604,0.9776999950408936,274.0
2024-10-25 14:33:00+00:00,CDNS,258.385009765625,258.385009765625,258.385009765625,258.3800048828125,258.3800048828125,1731.0
2024-10-25 14:33:00+00:00,CDW,218.2100067138672,218.2100067138672,218.2100067138672,218.08999633789062,218.14999389648438,2011.0
2024-10-25 14:33:00+00:00,CETX,0.30250000953674316,0.30250000953674316,0.302700012922287,0.30250000953674316,0.302700012922287,6671.0
2024-10-25 14:33:00+00:00,CFLT,22.594999313354492,22.594999313354492,22.6299991607666,22.594999313354492,22.594999313354492,6972.0
2024-10-25 14:33:00+00:00,CGNX,38.8849983215332,38.8849983215332,38.88999938964844,38.86000061035156,38.86000061035156,2425.0
2024-10-25 14:33:00+00:00,CLBT,18.239999771118164,18.239999771118164,18.2450008392334,18.239999771118164,18.2450008392334,799.0
2024-10-25 14:33:00+00:00,CLFD,36.38999938964844,36.38999938964844,36.38999938964844,36.36000061035156,36.36000061035156,958.0
2024-10-25 14:33:00+00:00,CLSK,11.774999618530273,11.774999618530273,11.774999618530273,11.756500244140625,11.760000228881836,25750.0
2024-10-25 14:33:00+00:00,CMTL,3.7100000381469727,3.7100000381469727,3.7100000381469727,3.7100000381469727,3.7100000381469727,1251.0
2024-10-25 14:33:00+00:00,CNDT,3.619999885559082,3.619999885559082,3.619999885559082,3.615000009536743,3.615000009536743,654.0
2024-10-25 14:33:00+00:00,COHR,95.66000366210938,95.66000366210938,95.66000366210938,95.51000213623047,95.56999969482422,6373.0
2024-10-25 14:33:00+00:00,COHU,25.979999542236328,25.979999542236328,25.979999542236328,25.979999542236328,25.979999542236328,973.0
2024-10-25 14:33:00+00:00,COIN,208.1822052001953,208.1822052001953,208.2801971435547,207.75,207.86000061035156,13785.0
2024-10-25 14:33:00+00:00,COMM,6.255000114440918,6.255000114440918,6.255000114440918,6.255000114440918,6.255000114440918,1716.0
2024-10-25 14:33:00+00:00,CORZ,13.395000457763672,13.395000457763672,13.395000457763672,13.385000228881836,13.38599967956543,4980.0
2024-10-25 14:33:00+00:00,CRDO,39.150001525878906,39.150001525878906,39.150001525878906,39.10499954223633,39.10499954223633,2783.0
2024-10-25 14:33:00+00:00,CRUS,122.98999786376953,122.98999786376953,123.0,122.84500122070312,122.84500122070312,1450.0
2024-10-25 14:33:00+00:00,CRWD,295.9400939941406,295.9400939941406,296.27099609375,295.7799987792969,296.17999267578125,10176.0
2024-10-25 14:33:00+00:00,CSCO,55.75389862060547,55.75389862060547,55.76499938964844,55.73500061035156,55.73500061035156,11139.0
2024-10-25 14:33:00+00:00,CSIQ,13.364999771118164,13.364999771118164,13.366399765014648,13.345000267028809,13.348400115966797,5225.0
2024-10-25 14:33:00+00:00,CTLP,8.86970043182373,8.86970043182373,8.872200012207031,8.86970043182373,8.869999885559082,2314.0
2024-10-25 14:33:00+00:00,CTSH,74.79000091552734,74.79000091552734,74.79000091552734,74.7699966430664,74.77459716796875,2129.0
2024-10-25 14:33:00+00:00,CYBR,290.30999755859375,290.30999755859375,290.30999755859375,290.30999755859375,290.30999755859375,895.0
2024-10-25 14:33:00+00:00,DBX,26.05500030517578,26.05500030517578,26.059999465942383,26.05500030517578,26.059999465942383,6042.0
2024-10-25 14:33:00+00:00,DDOG,126.27999877929688,126.27999877929688,126.27999877929688,126.16000366210938,126.18000030517578,4540.0
2024-10-25 14:33:00+00:00,DIOD,65.2750015258789,65.2750015258789,65.2750015258789,65.2750015258789,65.2750015258789,164.0
2024-10-25 14:33:00+00:00,DOCU,68.91000366210938,68.91000366210938,68.91999816894531,68.875,68.875,4503.0
2024-10-25 14:33:00+00:00,DOMO,8.09000015258789,8.09000015258789,8.095000267028809,8.09000015258789,8.095000267028809,4073.0
2024-10-25 14:33:00+00:00,ENPH,83.58999633789062,83.58999633789062,83.58999633789062,83.55000305175781,83.58999633789062,4149.0
2024-10-25 14:33:00+00:00,ENTG,104.6449966430664,104.6449966430664,104.6449966430664,104.5,104.5199966430664,2012.0
2024-10-25 14:33:00+00:00,EXTR,14.380000114440918,14.380000114440918,14.380000114440918,14.375,14.375,731.0
2024-10-25 14:33:00+00:00,FFIV,216.22999572753906,216.22999572753906,216.22999572753906,216.22999572753906,216.22999572753906,660.0
2024-10-25 14:33:00+00:00,FIVN,29.864999771118164,29.864999771118164,29.8700008392334,29.860000610351562,29.860000610351562,2341.0
2024-10-25 14:33:00+00:00,FLEX,35.244998931884766,35.244998931884766,35.244998931884766,35.22999954223633,35.2400016784668,3158.0
2024-10-25 14:33:00+00:00,FLYW,17.309999465942383,17.309999465942383,17.309999465942383,17.309999465942383,17.309999465942383,209.0
2024-10-25 14:33:00+00:00,FROG,29.270000457763672,29.270000457763672,29.270000457763672,29.270000457763672,29.270000457763672,561.0
2024-10-25 14:33:00+00:00,FRSH,11.619999885559082,11.619999885559082,11.619999885559082,11.619999885559082,11.619999885559082,773.0
2024-10-25 14:33:00+00:00,FSLR,198.2949981689453,198.2949981689453,198.2949981689453,198.2100067138672,198.27999877929688,1144.0
2024-10-25 14:33:00+00:00,FTNT,80.45999908447266,80.45999908447266,80.45999908447266,80.43499755859375,80.45500183105469,6239.0
2024-10-25 14:33:00+00:00,GCT,24.725000381469727,24.725000381469727,24.729999542236328,24.725000381469727,24.729999542236328,358.0
2024-10-25 14:33:00+00:00,GDS,21.469999313354492,21.469999313354492,21.469999313354492,21.469999313354492,21.469999313354492,601.0
2024-10-25 14:33:00+00:00,GDYN,15.5600004196167,15.5600004196167,15.5600004196167,15.5600004196167,15.5600004196167,112.0
2024-10-25 14:33:00+00:00,GFS,40.599998474121094,40.599998474121094,40.599998474121094,40.57500076293945,40.58000183105469,1359.0
2024-10-25 14:33:00+00:00,GILT,4.920000076293945,4.920000076293945,4.920000076293945,4.920000076293945,4.920000076293945,0.0
2024-10-25 14:33:00+00:00,GPRO,1.309999942779541,1.309999942779541,1.309999942779541,1.309999942779541,1.309999942779541,1302.0
2024-10-25 14:33:00+00:00,GRAB,4.074999809265137,4.074999809265137,4.079999923706055,4.07480001449585,4.079999923706055,39711.0
2024-10-25 14:33:00+00:00,GSIT,3.4089999198913574,3.4089999198913574,3.4089999198913574,3.4089999198913574,3.4089999198913574,1211.0
2024-10-25 14:33:00+00:00,GTLB,55.22999954223633,55.22999954223633,55.22999954223633,55.22999954223633,55.22999954223633,1368.0
2024-10-25 14:33:00+00:00,HCKT,24.649999618530273,24.649999618530273,24.649999618530273,24.639999389648438,24.639999389648438,405.0
2024-10-25 14:33:00+00:00,HCP,33.665000915527344,33.665000915527344,33.665000915527344,33.665000915527344,33.665000915527344,1100.0
2024-10-25 14:33:00+00:00,HIMX,6.195000171661377,6.195000171661377,6.195000171661377,6.195000171661377,6.195000171661377,783.0
2024-10-25 14:33:00+00:00,HLIT,14.785599708557129,14.785599708557129,14.785599708557129,14.785599708557129,14.785599708557129,1930.0
2024-10-25 14:33:00+00:00,HOLO,3.569999933242798,3.569999933242798,3.575000047683716,3.569999933242798,3.575000047683716,4055.0
2024-10-25 14:33:00+00:00,HOOD,27.18000030517578,27.18000030517578,27.18000030517578,27.149999618530273,27.149999618530273,10292.0
2024-10-25 14:33:00+00:00,HTCR,1.0449999570846558,1.0449999570846558,1.0476000308990479,1.0449999570846558,1.0476000308990479,0.0
2024-10-25 14:33:00+00:00,ICHR,27.600000381469727,27.600000381469727,27.600000381469727,27.600000381469727,27.600000381469727,412.0
2024-10-25 14:33:00+00:00,IMMR,8.699999809265137,8.699999809265137,8.699999809265137,8.699999809265137,8.699999809265137,340.0
2024-10-25 14:33:00+00:00,INDI,3.494999885559082,3.494999885559082,3.494999885559082,3.494999885559082,3.494999885559082,224.0
2024-10-25 14:33:00+00:00,INFN,6.764999866485596,6.764999866485596,6.764999866485596,6.764999866485596,6.764999866485596,209.0
2024-10-25 14:33:00+00:00,INOD,20.309999465942383,20.309999465942383,20.309999465942383,20.309999465942383,20.309999465942383,177.0
2024-10-25 14:33:00+00:00,INTC,22.934999465942383,22.934999465942383,22.940000534057617,22.905000686645508,22.920000076293945,57998.0
2024-10-25 14:33:00+00:00,INTU,608.8400268554688,608.8400268554688,608.9000244140625,608.8400268554688,608.9000244140625,815.0
2024-10-25 14:33:00+00:00,INTZ,0.7121000289916992,0.7121000289916992,0.7121000289916992,0.7121000289916992,0.7121000289916992,302.0
2024-10-25 14:33:00+00:00,IPGP,77.19000244140625,77.19000244140625,77.19000244140625,77.19000244140625,77.19000244140625,478.0
2024-10-25 14:33:00+00:00,ITI,7.190000057220459,7.190000057220459,7.190000057220459,7.190000057220459,7.190000057220459,200.0
2024-10-25 14:33:00+00:00,ITRI,102.7300033569336,102.7300033569336,102.7300033569336,102.7300033569336,102.7300033569336,443.0
2024-10-25 14:33:00+00:00,JAMF,16.739999771118164,16.739999771118164,16.739999771118164,16.739999771118164,16.739999771118164,217.0
2024-10-25 14:33:00+00:00,KC,2.684999942779541,2.684999942779541,2.684999942779541,2.680000066757202,2.680000066757202,203.0
2024-10-25 14:33:00+00:00,KLAC,676.2899780273438,676.2899780273438,676.2899780273438,676.2899780273438,676.2899780273438,1316.0
2024-10-25 14:33:00+00:00,KLIC,44.59619903564453,44.59619903564453,44.59619903564453,44.56999969482422,44.56999969482422,1211.0
2024-10-25 14:33:00+00:00,LITE,64.56500244140625,64.56500244140625,64.56500244140625,64.53500366210938,64.53500366210938,801.0
2024-10-25 14:33:00+00:00,LPSN,1.1649999618530273,1.1649999618530273,1.1649999618530273,1.1649999618530273,1.1649999618530273,305.0
2024-10-25 14:33:00+00:00,LRCX,78.56500244140625,78.56500244140625,78.56999969482422,78.44290161132812,78.51000213623047,19305.0
2024-10-25 14:33:00+00:00,LSCC,54.345001220703125,54.345001220703125,54.345001220703125,54.290000915527344,54.29999923706055,2465.0
2024-10-25 14:33:00+00:00,LYFT,13.805000305175781,13.805000305175781,13.805000305175781,13.789999961853027,13.800000190734863,6383.0
2024-10-25 14:33:00+00:00,LYT,1.940000057220459,1.940000057220459,1.940000057220459,1.940000057220459,1.940000057220459,1530.0
2024-10-25 14:33:00+00:00,MAXN,5.776400089263916,5.776400089263916,5.779900074005127,5.776400089263916,5.779900074005127,350.0
2024-10-25 14:33:00+00:00,MCHP,76.75,76.75,76.75,76.66000366210938,76.68009948730469,4513.0
2024-10-25 14:33:00+00:00,MDB,267.2799987792969,267.2799987792969,267.2799987792969,266.989990234375,266.989990234375,1372.0
2024-10-25 14:33:00+00:00,MKSI,101.1500015258789,101.1500015258789,101.16000366210938,101.0199966430664,101.08499908447266,4722.0
2024-10-25 14:33:00+00:00,MQ,5.300000190734863,5.300000190734863,5.300000190734863,5.294000148773193,5.300000190734863,2744.0
2024-10-25 14:33:00+00:00,MRVL,82.2300033569336,82.2300033569336,82.2300033569336,82.05999755859375,82.12999725341797,43686.0
2024-10-25 14:33:00+00:00,MSFT,428.45001220703125,428.45001220703125,428.510009765625,428.32000732421875,428.4700012207031,11308.0
2024-10-25 14:33:00+00:00,MSTR,236.0,236.0,236.32000732421875,235.6699981689453,235.99000549316406,34143.0
2024-10-25 14:33:00+00:00,MTC,0.3720000088214874,0.3720000088214874,0.3720000088214874,0.3720000088214874,0.3720000088214874,3118.0
2024-10-25 14:33:00+00:00,MTLS,5.920000076293945,5.920000076293945,5.920000076293945,5.920000076293945,5.920000076293945,410.0
2024-10-25 14:33:00+00:00,MTSI,120.62000274658203,120.62000274658203,120.62000274658203,120.62000274658203,120.62000274658203,1560.0
2024-10-25 14:33:00+00:00,MTTR,4.599999904632568,4.599999904632568,4.599999904632568,4.59499979019165,4.59499979019165,1408.0
2024-10-25 14:33:00+00:00,MU,108.72000122070312,108.72000122070312,108.73500061035156,108.55000305175781,108.61000061035156,18964.0
2024-10-25 14:33:00+00:00,MXL,14.859999656677246,14.859999656677246,14.859999656677246,14.850000381469727,14.850000381469727,2176.0
2024-10-25 14:33:00+00:00,NCNO,37.65999984741211,37.65999984741211,37.65999984741211,37.650001525878906,37.650001525878906,551.0
2024-10-25 14:33:00+00:00,NICE,174.90499877929688,174.90499877929688,174.90499877929688,174.90499877929688,174.90499877929688,233.0
2024-10-25 14:33:00+00:00,NNDM,2.3299999237060547,2.3299999237060547,2.3299999237060547,2.3259999752044678,2.3259999752044678,652.0
2024-10-25 14:33:00+00:00,NTAP,119.81999969482422,119.81999969482422,119.81999969482422,119.79000091552734,119.80000305175781,1729.0
2024-10-25 14:33:00+00:00,NTGR,20.200000762939453,20.200000762939453,20.200000762939453,20.18000030517578,20.18000030517578,1017.0
2024-10-25 14:33:00+00:00,NTNX,62.119998931884766,62.119998931884766,62.119998931884766,62.119998931884766,62.119998931884766,1007.0
2024-10-25 14:33:00+00:00,NVDA,141.85000610351562,141.85000610351562,141.86000061035156,141.69000244140625,141.81500244140625,243191.0
2024-10-25 14:33:00+00:00,NVEI,33.5,33.5,33.5,33.494998931884766,33.5,11977.0
2024-10-25 14:33:00+00:00,NXPI,243.93499755859375,243.93499755859375,243.93499755859375,243.50999450683594,243.52000427246094,3816.0
2024-10-25 14:33:00+00:00,OKTA,72.20999908447266,72.20999908447266,72.20999908447266,72.19000244140625,72.19999694824219,1200.0
2024-10-25 14:33:00+00:00,OLED,203.56500244140625,203.56500244140625,203.7550048828125,203.56500244140625,203.7550048828125,1268.0
2024-10-25 14:33:00+00:00,ON,71.51000213623047,71.51000213623047,71.5199966430664,71.37999725341797,71.41999816894531,13489.0
2024-10-25 14:33:00+00:00,ONDS,0.8503999710083008,0.8503999710083008,0.8503999710083008,0.8503999710083008,0.8503999710083008,24100.0
2024-10-25 14:33:00+00:00,OSIS,135.47999572753906,135.47999572753906,135.47999572753906,135.47999572753906,135.47999572753906,259.0
2024-10-25 14:33:00+00:00,OSPN,14.550000190734863,14.550000190734863,14.550000190734863,14.550000190734863,14.550000190734863,578.0
2024-10-25 14:33:00+00:00,PANW,366.739990234375,366.739990234375,366.739990234375,366.739990234375,366.739990234375,969.0
2024-10-25 14:33:00+00:00,PAYO,8.3149995803833,8.3149995803833,8.3149995803833,8.3149995803833,8.3149995803833,1043.0
2024-10-25 14:33:00+00:00,PEGA,79.76000213623047,79.76000213623047,79.76000213623047,79.76000213623047,79.76000213623047,511.0
2024-10-25 14:33:00+00:00,PEGY,4.849999904632568,4.849999904632568,4.849999904632568,4.849999904632568,4.849999904632568,1139.0
2024-10-25 14:33:00+00:00,PGY,11.819999694824219,11.819999694824219,11.819999694824219,11.819999694824219,11.819999694824219,445.0
2024-10-25 14:33:00+00:00,PHUN,10.361499786376953,10.361499786376953,10.390000343322754,10.350000381469727,10.37969970703125,32756.0
2024-10-25 14:33:00+00:00,PI,203.6300048828125,203.6300048828125,203.6999969482422,203.27999877929688,203.27999877929688,3595.0
2024-10-25 14:33:00+00:00,PLAB,23.6200008392334,23.6200008392334,23.6200008392334,23.549999237060547,23.549999237060547,2489.0
2024-10-25 14:33:00+00:00,PTC,187.0,187.0,187.0,186.92999267578125,186.9550018310547,1407.0
2024-10-25 14:33:00+00:00,PUBM,14.739999771118164,14.739999771118164,14.739999771118164,14.739999771118164,14.739999771118164,715.0
2024-10-25 14:33:00+00:00,PYCR,14.3100004196167,14.3100004196167,14.3100004196167,14.3100004196167,14.3100004196167,1176.0
2024-10-25 14:33:00+00:00,QCOM,171.1999969482422,171.1999969482422,171.2899932861328,171.13999938964844,171.27999877929688,11380.0
2024-10-25 14:33:00+00:00,QLYS,120.88999938964844,120.88999938964844,120.88999938964844,120.88999938964844,120.88999938964844,265.0
2024-10-25 14:33:00+00:00,QRVO,99.92400360107422,99.92400360107422,99.92400360107422,99.86000061035156,99.87000274658203,2944.0
2024-10-25 14:33:00+00:00,REKR,1.090000033378601,1.090000033378601,1.090000033378601,1.090000033378601,1.090000033378601,307.0
2024-10-25 14:33:00+00:00,RELL,13.974300384521484,13.974300384521484,13.974300384521484,13.974300384521484,13.974300384521484,2292.0
2024-10-25 14:33:00+00:00,RGTI,1.2350000143051147,1.2350000143051147,1.2350000143051147,1.2350000143051147,1.2350000143051147,633.0
2024-10-25 14:33:00+00:00,RIOT,9.875,9.875,9.880000114440918,9.859999656677246,9.86400032043457,21845.0
2024-10-25 14:33:00+00:00,RMBS,43.369998931884766,43.369998931884766,43.369998931884766,43.31999969482422,43.31999969482422,2287.0
2024-10-25 14:33:00+00:00,RMNI,1.7200000286102295,1.7200000286102295,1.7200000286102295,1.715000033378601,1.715000033378601,1313.0
2024-10-25 14:33:00+00:00,RPD,38.76499938964844,38.76499938964844,38.76499938964844,38.75,38.75,5967.0
2024-10-25 14:33:00+00:00,RUM,5.764999866485596,5.764999866485596,5.769999980926514,5.764999866485596,5.764999866485596,2971.0
2024-10-25 14:33:00+00:00,RUN,14.364999771118164,14.364999771118164,14.369999885559082,14.359999656677246,14.359999656677246,2482.0
2024-10-25 14:33:00+00:00,SATS,25.18000030517578,25.18000030517578,25.18000030517578,25.170000076293945,25.170000076293945,2757.0
2024-10-25 14:33:00+00:00,SCKT,1.1500999927520752,1.1500999927520752,1.1510000228881836,1.1500999927520752,1.1510000228881836,1142.0
2024-10-25 14:33:00+00:00,SEDG,15.869999885559082,15.869999885559082,15.880000114440918,15.859999656677246,15.880000114440918,3540.0
2024-10-25 14:33:00+00:00,SHLS,5.255000114440918,5.255000114440918,5.255000114440918,5.255000114440918,5.255000114440918,5441.0
2024-10-25 14:33:00+00:00,SIMO,56.43000030517578,56.43000030517578,56.43000030517578,56.43000030517578,56.43000030517578,454.0
2024-10-25 14:33:00+00:00,SKYT,10.569999694824219,10.569999694824219,10.569999694824219,10.569999694824219,10.569999694824219,405.0
2024-10-25 14:33:00+00:00,SMCI,47.279998779296875,47.279998779296875,47.299198150634766,47.22999954223633,47.27000045776367,22113.0
2024-10-25 14:33:00+00:00,SMTC,45.790000915527344,45.790000915527344,45.83250045776367,45.790000915527344,45.810001373291016,725.0
2024-10-25 14:33:00+00:00,SNPS,502.7250061035156,502.7250061035156,502.7250061035156,502.7250061035156,502.7250061035156,399.0
2024-10-25 14:33:00+00:00,SONO,12.720000267028809,12.720000267028809,12.720000267028809,12.720000267028809,12.720000267028809,941.0
2024-10-25 14:33:00+00:00,SOUN,5.175000190734863,5.175000190734863,5.179500102996826,5.170000076293945,5.179500102996826,2449.0
2024-10-25 14:33:00+00:00,SPSC,171.4149932861328,171.4149932861328,171.4149932861328,171.4149932861328,171.4149932861328,245.0
2024-10-25 14:33:00+00:00,SSNC,69.5999984741211,69.5999984741211,69.62000274658203,69.59500122070312,69.5999984741211,10717.0
2024-10-25 14:33:00+00:00,SSTI,11.255000114440918,11.255000114440918,11.255000114440918,11.255000114440918,11.255000114440918,131.0
2024-10-25 14:33:00+00:00,STER,16.739999771118164,16.739999771118164,16.739999771118164,16.739999771118164,16.739999771118164,642.0
2024-10-25 14:33:00+00:00,STNE,11.5600004196167,11.5600004196167,11.5600004196167,11.53499984741211,11.53499984741211,6749.0
2024-10-25 14:33:00+00:00,STX,103.66000366210938,103.66000366210938,103.66500091552734,103.62000274658203,103.62000274658203,3239.0
2024-10-25 14:33:00+00:00,SVRE,0.07919999957084656,0.07919999957084656,0.07919999957084656,0.07800000160932541,0.07919999957084656,8812.0
2024-10-25 14:33:00+00:00,SWKS,96.01000213623047,96.01000213623047,96.01000213623047,95.94999694824219,95.94999694824219,1664.0
2024-10-25 14:33:00+00:00,SYNA,72.46260070800781,72.46260070800781,72.46260070800781,72.43000030517578,72.43000030517578,997.0
2024-10-25 14:33:00+00:00,SYTA,1.309999942779541,1.309999942779541,1.3105000257492065,1.309999942779541,1.309999942779541,3609.0
2024-10-25 14:33:00+00:00,TAIT,2.815000057220459,2.815000057220459,2.815000057220459,2.799999952316284,2.799999952316284,7367.0
2024-10-25 14:33:00+00:00,TAOP,0.4871000051498413,0.4871000051498413,0.4871000051498413,0.4871000051498413,0.4871000051498413,3500.0
2024-10-25 14:33:00+00:00,TASK,11.960000038146973,11.960000038146973,11.970000267028809,11.954999923706055,11.954999923706055,1895.0
2024-10-25 14:33:00+00:00,TEAM,189.40499877929688,189.40499877929688,189.40499877929688,189.30999755859375,189.39999389648438,1621.0
2024-10-25 14:33:00+00:00,TENB,41.709999084472656,41.709999084472656,41.720001220703125,41.70000076293945,41.70000076293945,1140.0
2024-10-25 14:33:00+00:00,TER,112.13999938964844,112.13999938964844,112.13999938964844,112.01000213623047,112.01000213623047,3334.0
2024-10-25 14:33:00+00:00,TRMB,60.959999084472656,60.959999084472656,60.959999084472656,60.939998626708984,60.939998626708984,1147.0
2024-10-25 14:33:00+00:00,TSEM,44.720001220703125,44.720001220703125,44.720001220703125,44.720001220703125,44.720001220703125,884.0
2024-10-25 14:33:00+00:00,TTD,118.93000030517578,118.93000030517578,118.93000030517578,118.80999755859375,118.80999755859375,3836.0
2024-10-25 14:33:00+00:00,TTMI,19.6200008392334,19.6200008392334,19.6200008392334,19.6200008392334,19.6200008392334,379.0
2024-10-25 14:33:00+00:00,TWKS,4.440000057220459,4.440000057220459,4.440000057220459,4.440000057220459,4.440000057220459,411.0
2024-10-25 14:33:00+00:00,TXN,207.88999938964844,207.88999938964844,207.89999389648438,207.6199951171875,207.6750030517578,6465.0
2024-10-25 14:33:00+00:00,UCTT,35.814998626708984,35.814998626708984,35.814998626708984,35.779998779296875,35.779998779296875,341.0
2024-10-25 14:33:00+00:00,VECO,29.274999618530273,29.274999618530273,29.274999618530273,29.270000457763672,29.270000457763672,1070.0
2024-10-25 14:33:00+00:00,VERI,3.380000114440918,3.380000114440918,3.380000114440918,3.380000114440918,3.380000114440918,28.0
2024-10-25 14:33:00+00:00,VIAV,9.204999923706055,9.204999923706055,9.204999923706055,9.204999923706055,9.204999923706055,596.0
2024-10-25 14:33:00+00:00,VICR,46.470001220703125,46.470001220703125,46.54499816894531,46.470001220703125,46.54499816894531,654.0
2024-10-25 14:33:00+00:00,VOXX,7.510000228881836,7.510000228881836,7.510000228881836,7.510000228881836,7.510000228881836,626.0
2024-10-25 14:33:00+00:00,VRNS,56.72999954223633,56.72999954223633,56.779998779296875,56.72999954223633,56.779998779296875,668.0
2024-10-25 14:33:00+00:00,VRSN,183.03500366210938,183.03500366210938,183.03500366210938,183.03500366210938,183.03500366210938,340.0
2024-10-25 14:33:00+00:00,VSAT,10.170000076293945,10.170000076293945,10.170000076293945,10.170000076293945,10.170000076293945,259.0
2024-10-25 14:33:00+00:00,WALD,3.5199999809265137,3.5199999809265137,3.5199999809265137,3.5199999809265137,3.5199999809265137,636.0
2024-10-25 14:33:00+00:00,WDAY,238.83999633789062,238.83999633789062,238.83999633789062,238.83999633789062,238.83999633789062,611.0
2024-10-25 14:33:00+00:00,WDC,70.19999694824219,70.19999694824219,70.20999908447266,70.11000061035156,70.16000366210938,143456.0
2024-10-25 14:33:00+00:00,WISA,2.0360000133514404,2.0360000133514404,2.0360000133514404,2.0311999320983887,2.0311999320983887,1281.0
2024-10-25 14:33:00+00:00,XRX,10.045000076293945,10.045000076293945,10.050000190734863,10.045000076293945,10.045000076293945,2699.0
2024-10-25 14:33:00+00:00,ZBRA,360.32000732421875,360.32000732421875,360.32000732421875,360.32000732421875,360.32000732421875,978.0
2024-10-25 14:33:00+00:00,ZI,10.494999885559082,10.494999885559082,10.5,10.494999885559082,10.5,1180.0
2024-10-25 14:33:00+00:00,ZM,73.0,73.0,73.01000213623047,73.0,73.0,2304.0
2024-10-25 14:33:00+00:00,ZS,184.8798065185547,184.8798065185547,184.8798065185547,184.83999633789062,184.83999633789062,887.0
2024-10-25 14:34:00+00:00,AAPL,231.8000946044922,231.8000946044922,231.84959411621094,231.7899932861328,231.8000030517578,24255.0
2024-10-25 14:34:00+00:00,ADBE,483.45001220703125,483.45001220703125,483.9100036621094,483.45001220703125,483.8699951171875,4105.0
2024-10-25 14:34:00+00:00,ADSK,286.2099914550781,286.2099914550781,286.2099914550781,286.2099914550781,286.2099914550781,443.0
2024-10-25 14:34:00+00:00,ADTN,6.284999847412109,6.284999847412109,6.284999847412109,6.269999980926514,6.269999980926514,2340.0
2024-10-25 14:34:00+00:00,AEHR,16.8799991607666,16.8799991607666,16.8799991607666,16.8799991607666,16.8799991607666,322.0
2024-10-25 14:34:00+00:00,AFRM,41.4379997253418,41.4379997253418,41.470001220703125,41.4379997253418,41.470001220703125,2867.0
2024-10-25 14:34:00+00:00,AGYS,111.05999755859375,111.05999755859375,111.05999755859375,111.05999755859375,111.05999755859375,660.0
2024-10-25 14:34:00+00:00,AIRG,9.1899995803833,9.1899995803833,9.1899995803833,9.1899995803833,9.1899995803833,2405.0
2024-10-25 14:34:00+00:00,ALGM,23.09000015258789,23.09000015258789,23.114999771118164,23.09000015258789,23.114999771118164,5762.0
2024-10-25 14:34:00+00:00,ALKT,38.02000045776367,38.02000045776367,38.02000045776367,38.02000045776367,38.02000045776367,128.0
2024-10-25 14:34:00+00:00,ALLT,3.426800012588501,3.426800012588501,3.426800012588501,3.426800012588501,3.426800012588501,358.0
2024-10-25 14:34:00+00:00,ALTR,103.68000030517578,103.68000030517578,103.68000030517578,103.67500305175781,103.67500305175781,585.0
2024-10-25 14:34:00+00:00,AMAT,187.41000366210938,187.41000366210938,187.41000366210938,187.41000366210938,187.41000366210938,1971.0
2024-10-25 14:34:00+00:00,AMBA,57.81999969482422,57.81999969482422,57.81999969482422,57.81999969482422,57.81999969482422,413.0
2024-10-25 14:34:00+00:00,AMD,156.568603515625,156.568603515625,156.58999633789062,156.52000427246094,156.52999877929688,37028.0
2024-10-25 14:34:00+00:00,API,2.875,2.875,2.875,2.870800018310547,2.870800018310547,2806.0
2024-10-25 14:34:00+00:00,APP,161.64999389648438,161.64999389648438,161.64999389648438,161.4149932861328,161.4149932861328,3252.0
2024-10-25 14:34:00+00:00,APPF,211.80999755859375,211.80999755859375,212.0,211.80999755859375,212.0,2689.0
2024-10-25 14:34:00+00:00,APPN,32.16999816894531,32.16999816894531,32.16999816894531,32.16999816894531,32.16999816894531,439.0
2024-10-25 14:34:00+00:00,ARQQ,7.061600208282471,7.061600208282471,7.061600208282471,7.039999961853027,7.039999961853027,1952.0
2024-10-25 14:34:00+00:00,ARRY,6.454999923706055,6.454999923706055,6.460000038146973,6.445000171661377,6.445000171661377,18286.0
2024-10-25 14:34:00+00:00,ASML,713.340087890625,713.340087890625,714.0,713.340087890625,714.0,341.0
2024-10-25 14:34:00+00:00,ASNS,1.2999999523162842,1.2999999523162842,1.2999999523162842,1.2999999523162842,1.2999999523162842,300.0
2024-10-25 14:34:00+00:00,AUR,6.400000095367432,6.400000095367432,6.40500020980835,6.400000095367432,6.40500020980835,3713.0
2024-10-25 14:34:00+00:00,AVGO,174.14999389648438,174.14999389648438,174.22000122070312,174.1300048828125,174.14999389648438,13324.0
2024-10-25 14:34:00+00:00,AVT,54.005001068115234,54.005001068115234,54.02000045776367,54.005001068115234,54.02000045776367,505.0
2024-10-25 14:34:00+00:00,AZPN,238.8699951171875,238.8699951171875,238.8699951171875,238.82000732421875,238.8699951171875,2673.0
2024-10-25 14:34:00+00:00,BELFB,79.02999877929688,79.02999877929688,79.02999877929688,79.02999877929688,79.02999877929688,322.0
2024-10-25 14:34:00+00:00,BIGC,5.300000190734863,5.300000190734863,5.304999828338623,5.300000190734863,5.304999828338623,1042.0
2024-10-25 14:34:00+00:00,BL,56.29999923706055,56.29999923706055,56.29999923706055,56.29999923706055,56.29999923706055,568.0
2024-10-25 14:34:00+00:00,BLZE,7.199999809265137,7.199999809265137,7.199999809265137,7.199999809265137,7.199999809265137,387.0
2024-10-25 14:34:00+00:00,BMBL,7.099999904632568,7.099999904632568,7.105000019073486,7.099999904632568,7.105000019073486,2429.0
2024-10-25 14:34:00+00:00,BSY,49.25,49.25,49.25,49.231998443603516,49.231998443603516,1304.0
2024-10-25 14:34:00+00:00,CAMT,77.52999877929688,77.52999877929688,77.52999877929688,77.5,77.52999877929688,870.0
2024-10-25 14:34:00+00:00,CAN,0.9769999980926514,0.9769999980926514,0.9769999980926514,0.9769999980926514,0.9769999980926514,1157.0
2024-10-25 14:34:00+00:00,CCSI,20.190000534057617,20.190000534057617,20.190000534057617,20.190000534057617,20.190000534057617,187.0
2024-10-25 14:34:00+00:00,CDNS,258.3999938964844,258.3999938964844,258.3999938964844,258.3999938964844,258.3999938964844,458.0
2024-10-25 14:34:00+00:00,CDW,218.22500610351562,218.22500610351562,218.22500610351562,218.22500610351562,218.22500610351562,236.0
2024-10-25 14:34:00+00:00,CFLT,22.59000015258789,22.59000015258789,22.59000015258789,22.584999084472656,22.59000015258789,1865.0
2024-10-25 14:34:00+00:00,CGNX,38.900001525878906,38.900001525878906,38.900001525878906,38.89500045776367,38.89500045776367,827.0
2024-10-25 14:34:00+00:00,CLFD,36.459999084472656,36.459999084472656,36.459999084472656,36.43000030517578,36.43000030517578,343.0
2024-10-25 14:34:00+00:00,CLSK,11.762700080871582,11.762700080871582,11.789999961853027,11.76200008392334,11.775300025939941,67204.0
2024-10-25 14:34:00+00:00,CNDT,3.615000009536743,3.615000009536743,3.615000009536743,3.615000009536743,3.615000009536743,102.0
2024-10-25 14:34:00+00:00,CNXC,44.400001525878906,44.400001525878906,44.400001525878906,44.400001525878906,44.400001525878906,675.0
2024-10-25 14:34:00+00:00,COIN,208.14500427246094,208.14500427246094,208.39349365234375,208.0,208.1999969482422,11507.0
2024-10-25 14:34:00+00:00,CORZ,13.395000457763672,13.395000457763672,13.395000457763672,13.390000343322754,13.395000457763672,1655.0
2024-10-25 14:34:00+00:00,CRCT,6.565000057220459,6.565000057220459,6.565000057220459,6.565000057220459,6.565000057220459,291.0
2024-10-25 14:34:00+00:00,CRDO,39.15999984741211,39.15999984741211,39.18000030517578,39.130001068115234,39.130001068115234,6385.0
2024-10-25 14:34:00+00:00,CRNC,2.934000015258789,2.934000015258789,2.934999942779541,2.934000015258789,2.934999942779541,543.0
2024-10-25 14:34:00+00:00,CRSR,6.34499979019165,6.34499979019165,6.34499979019165,6.34499979019165,6.34499979019165,180.0
2024-10-25 14:34:00+00:00,CRUS,122.87000274658203,122.87000274658203,123.04000091552734,122.87000274658203,123.04000091552734,2135.0
2024-10-25 14:34:00+00:00,CRWD,296.20001220703125,296.20001220703125,296.389892578125,296.0,296.0,7511.0
2024-10-25 14:34:00+00:00,CSCO,55.760101318359375,55.760101318359375,55.77000045776367,55.75400161743164,55.755001068115234,46039.0
2024-10-25 14:34:00+00:00,CSIQ,13.34000015258789,13.34000015258789,13.369999885559082,13.34000015258789,13.364999771118164,3692.0
2024-10-25 14:34:00+00:00,CTLP,8.869999885559082,8.869999885559082,8.869999885559082,8.869999885559082,8.869999885559082,264.0
2024-10-25 14:34:00+00:00,CTSH,74.75,74.75,74.79000091552734,74.7428970336914,74.79000091552734,2473.0
2024-10-25 14:34:00+00:00,DBX,26.065000534057617,26.065000534057617,26.065000534057617,26.065000534057617,26.065000534057617,756.0
2024-10-25 14:34:00+00:00,DDOG,126.30000305175781,126.30000305175781,126.30000305175781,126.30000305175781,126.30000305175781,1057.0
2024-10-25 14:34:00+00:00,DIOD,65.27999877929688,65.27999877929688,65.27999877929688,65.27999877929688,65.27999877929688,255.0
2024-10-25 14:34:00+00:00,DMRC,31.6299991607666,31.6299991607666,31.6299991607666,31.614999771118164,31.614999771118164,566.0
2024-10-25 14:34:00+00:00,DOCU,68.97000122070312,68.97000122070312,68.97000122070312,68.91000366210938,68.91999816894531,5477.0
2024-10-25 14:34:00+00:00,DSGX,104.51000213623047,104.51000213623047,104.51000213623047,104.51000213623047,104.51000213623047,359.0
2024-10-25 14:34:00+00:00,DUOL,289.8699951171875,289.8699951171875,289.8699951171875,289.8699951171875,289.8699951171875,828.0
2024-10-25 14:34:00+00:00,ENPH,83.65499877929688,83.65499877929688,83.65499877929688,83.55000305175781,83.55999755859375,8059.0
2024-10-25 14:34:00+00:00,ENTG,104.58999633789062,104.58999633789062,104.58999633789062,104.58999633789062,104.58999633789062,416.0
2024-10-25 14:34:00+00:00,ERIC,8.454999923706055,8.454999923706055,8.454999923706055,8.45009994506836,8.45009994506836,11193.0
2024-10-25 14:34:00+00:00,EXLS,38.78110122680664,38.78110122680664,38.78110122680664,38.78110122680664,38.78110122680664,574.0
2024-10-25 14:34:00+00:00,EXTR,14.375,14.375,14.375,14.375,14.375,260.0
2024-10-25 14:34:00+00:00,FFIV,216.27000427246094,216.27000427246094,216.27000427246094,216.27000427246094,216.27000427246094,321.0
2024-10-25 14:34:00+00:00,FIVN,29.8700008392334,29.8700008392334,29.8700008392334,29.8700008392334,29.8700008392334,614.0
2024-10-25 14:34:00+00:00,FLEX,35.25,35.25,35.2599983215332,35.244998931884766,35.244998931884766,3460.0
2024-10-25 14:34:00+00:00,FLYW,17.321300506591797,17.321300506591797,17.321300506591797,17.299999237060547,17.309999465942383,2436.0
2024-10-25 14:34:00+00:00,FORM,44.71500015258789,44.71500015258789,44.71500015258789,44.71500015258789,44.71500015258789,764.0
2024-10-25 14:34:00+00:00,FROG,29.270000457763672,29.270000457763672,29.270000457763672,29.270000457763672,29.270000457763672,1067.0
2024-10-25 14:34:00+00:00,FRSH,11.625,11.625,11.630000114440918,11.619999885559082,11.619999885559082,584.0
2024-10-25 14:34:00+00:00,FSLR,198.3800048828125,198.3800048828125,198.41000366210938,198.3300018310547,198.3300018310547,1557.0
2024-10-25 14:34:00+00:00,FTCI,0.6500999927520752,0.6500999927520752,0.6500999927520752,0.6500999927520752,0.6500999927520752,3732.0
2024-10-25 14:34:00+00:00,FTNT,80.51000213623047,80.51000213623047,80.5199966430664,80.50499725341797,80.50499725341797,3374.0
2024-10-25 14:34:00+00:00,GCT,24.725000381469727,24.725000381469727,24.725000381469727,24.725000381469727,24.725000381469727,749.0
2024-10-25 14:34:00+00:00,GDS,21.46500015258789,21.46500015258789,21.469999313354492,21.459999084472656,21.459999084472656,2659.0
2024-10-25 14:34:00+00:00,GDYN,15.5600004196167,15.5600004196167,15.5600004196167,15.5600004196167,15.5600004196167,478.0
2024-10-25 14:34:00+00:00,GILT,4.914999961853027,4.914999961853027,4.914999961853027,4.914999961853027,4.914999961853027,444.0
2024-10-25 14:34:00+00:00,GRAB,4.070000171661377,4.070000171661377,4.074999809265137,4.070000171661377,4.074999809265137,10313.0
2024-10-25 14:34:00+00:00,HCP,33.665000915527344,33.665000915527344,33.665000915527344,33.665000915527344,33.665000915527344,753.0
2024-10-25 14:34:00+00:00,HIMX,6.195000171661377,6.195000171661377,6.195000171661377,6.195000171661377,6.195000171661377,561.0
2024-10-25 14:34:00+00:00,HOLO,3.5850000381469727,3.5850000381469727,3.5850000381469727,3.5739998817443848,3.5739998817443848,1328.0
2024-10-25 14:34:00+00:00,HOOD,27.184999465942383,27.184999465942383,27.190000534057617,27.18400001525879,27.18400001525879,3608.0
2024-10-25 14:34:00+00:00,HTCR,1.0449999570846558,1.0449999570846558,1.0449999570846558,1.0449999570846558,1.0449999570846558,200.0
2024-10-25 14:34:00+00:00,ICHR,27.604999542236328,27.604999542236328,27.604999542236328,27.600000381469727,27.600000381469727,1180.0
2024-10-25 14:34:00+00:00,IDAI,0.2207999974489212,0.2207999974489212,0.22089999914169312,0.2207999974489212,0.2207999974489212,1830.0
2024-10-25 14:34:00+00:00,IMMR,8.699999809265137,8.699999809265137,8.699999809265137,8.694999694824219,8.694999694824219,497.0
2024-10-25 14:34:00+00:00,INDI,3.505000114440918,3.505000114440918,3.505000114440918,3.5,3.5,4585.0
2024-10-25 14:34:00+00:00,INOD,20.325000762939453,20.325000762939453,20.374000549316406,20.325000762939453,20.34320068359375,2973.0
2024-10-25 14:34:00+00:00,INTC,22.952600479125977,22.952600479125977,22.959999084472656,22.937000274658203,22.937000274658203,73155.0
2024-10-25 14:34:00+00:00,INTU,609.010009765625,609.010009765625,609.010009765625,609.010009765625,609.010009765625,1819.0
2024-10-25 14:34:00+00:00,ITI,7.195000171661377,7.195000171661377,7.195000171661377,7.195000171661377,7.195000171661377,835.0
2024-10-25 14:34:00+00:00,JAMF,16.739999771118164,16.739999771118164,16.739999771118164,16.729999542236328,16.729999542236328,821.0
2024-10-25 14:34:00+00:00,JKHY,182.6199951171875,182.6199951171875,182.6199951171875,182.6199951171875,182.6199951171875,776.0
2024-10-25 14:34:00+00:00,KC,2.684999942779541,2.684999942779541,2.690000057220459,2.684999942779541,2.684999942779541,28683.0
2024-10-25 14:34:00+00:00,KOPN,0.7699000239372253,0.7699000239372253,0.7699999809265137,0.7699000239372253,0.7699999809265137,10132.0
2024-10-25 14:34:00+00:00,LASR,10.425000190734863,10.425000190734863,10.430000305175781,10.425000190734863,10.430000305175781,1039.0
2024-10-25 14:34:00+00:00,LITE,64.61499786376953,64.61499786376953,64.61499786376953,64.61000061035156,64.61000061035156,1014.0
2024-10-25 14:34:00+00:00,LOGI,80.80000305175781,80.80000305175781,80.80000305175781,80.7699966430664,80.7699966430664,1303.0
2024-10-25 14:34:00+00:00,LRCX,78.56999969482422,78.56999969482422,78.58999633789062,78.55000305175781,78.56999969482422,17534.0
2024-10-25 14:34:00+00:00,LSAK,5.309999942779541,5.309999942779541,5.309999942779541,5.309999942779541,5.309999942779541,1826.0
2024-10-25 14:34:00+00:00,LSCC,54.36000061035156,54.36000061035156,54.36000061035156,54.35499954223633,54.35499954223633,1065.0
2024-10-25 14:34:00+00:00,LYFT,13.805999755859375,13.805999755859375,13.8100004196167,13.805000305175781,13.805000305175781,3830.0
2024-10-25 14:34:00+00:00,MAPS,0.8464000225067139,0.8464000225067139,0.8464000225067139,0.8464000225067139,0.8464000225067139,288.0
2024-10-25 14:34:00+00:00,MAXN,5.751500129699707,5.751500129699707,5.751500129699707,5.751500129699707,5.751500129699707,907.0
2024-10-25 14:34:00+00:00,MCHP,76.76000213623047,76.76000213623047,76.77999877929688,76.76000213623047,76.77999877929688,2481.0
2024-10-25 14:34:00+00:00,MDB,267.1600036621094,267.1600036621094,267.2099914550781,267.1600036621094,267.2099914550781,1652.0
2024-10-25 14:34:00+00:00,MKTW,0.5791000127792358,0.5791000127792358,0.5791000127792358,0.5791000127792358,0.5791000127792358,9656.0
2024-10-25 14:34:00+00:00,MQ,5.295000076293945,5.295000076293945,5.300000190734863,5.295000076293945,5.295000076293945,1763.0
2024-10-25 14:34:00+00:00,MRVL,82.26000213623047,82.26000213623047,82.26000213623047,82.20999908447266,82.2300033569336,6988.0
2024-10-25 14:34:00+00:00,MSFT,428.5199890136719,428.5199890136719,428.5899963378906,428.4725036621094,428.4725036621094,7965.0
2024-10-25 14:34:00+00:00,MSTR,236.02999877929688,236.02999877929688,236.5,235.88009643554688,236.01800537109375,43902.0
2024-10-25 14:34:00+00:00,MTLS,5.920000076293945,5.920000076293945,5.920000076293945,5.920000076293945,5.920000076293945,403.0
2024-10-25 14:34:00+00:00,MTSI,120.60250091552734,120.60250091552734,120.60250091552734,120.60250091552734,120.60250091552734,1040.0
2024-10-25 14:34:00+00:00,MTTR,4.59499979019165,4.59499979019165,4.59499979019165,4.59499979019165,4.59499979019165,1138.0
2024-10-25 14:34:00+00:00,MU,108.80999755859375,108.80999755859375,108.81590270996094,108.70999908447266,108.73999786376953,34177.0
2024-10-25 14:34:00+00:00,NCNO,37.654998779296875,37.654998779296875,37.654998779296875,37.654998779296875,37.654998779296875,310.0
2024-10-25 14:34:00+00:00,NICE,174.90499877929688,174.90499877929688,174.90499877929688,174.90499877929688,174.90499877929688,369.0
2024-10-25 14:34:00+00:00,NNDM,2.3257999420166016,2.3257999420166016,2.3257999420166016,2.325000047683716,2.325000047683716,1288.0
2024-10-25 14:34:00+00:00,NSIT,208.7899932861328,208.7899932861328,208.7899932861328,208.7899932861328,208.7899932861328,235.0
2024-10-25 14:34:00+00:00,NTAP,119.83999633789062,119.83999633789062,119.87000274658203,119.83999633789062,119.83999633789062,1692.0
2024-10-25 14:34:00+00:00,NTCT,20.670000076293945,20.670000076293945,20.670000076293945,20.65999984741211,20.65999984741211,1108.0
2024-10-25 14:34:00+00:00,NTNX,62.1442985534668,62.1442985534668,62.1442985534668,62.1442985534668,62.1442985534668,576.0
2024-10-25 14:34:00+00:00,NVDA,141.8699951171875,141.8699951171875,141.9199981689453,141.83009338378906,141.85000610351562,248641.0
2024-10-25 14:34:00+00:00,NVTS,2.5450000762939453,2.5450000762939453,2.5450000762939453,2.5450000762939453,2.5450000762939453,836.0
2024-10-25 14:34:00+00:00,OKTA,72.22000122070312,72.22000122070312,72.22000122070312,72.22000122070312,72.22000122070312,411.0
2024-10-25 14:34:00+00:00,ON,71.51210021972656,71.51210021972656,71.52999877929688,71.48999786376953,71.51000213623047,9372.0
2024-10-25 14:34:00+00:00,OSIS,135.50999450683594,135.50999450683594,135.55499267578125,135.48500061035156,135.48500061035156,518.0
2024-10-25 14:34:00+00:00,PALT,1.9900000095367432,1.9900000095367432,1.9900000095367432,1.9900000095367432,1.9900000095367432,0.0
2024-10-25 14:34:00+00:00,PANW,366.94000244140625,366.94000244140625,366.94000244140625,366.94000244140625,366.94000244140625,121.0
2024-10-25 14:34:00+00:00,PEGA,79.70999908447266,79.70999908447266,79.70999908447266,79.70999908447266,79.70999908447266,675.0
2024-10-25 14:34:00+00:00,PGY,11.8149995803833,11.8149995803833,11.8193998336792,11.8100004196167,11.8193998336792,1263.0
2024-10-25 14:34:00+00:00,PHUN,10.25,10.25,10.359999656677246,10.234000205993652,10.359999656677246,36972.0
2024-10-25 14:34:00+00:00,PI,203.5449981689453,203.5449981689453,203.5449981689453,203.5449981689453,203.5449981689453,448.0
2024-10-25 14:34:00+00:00,PLXS,141.52000427246094,141.52000427246094,141.52000427246094,141.52000427246094,141.52000427246094,171.0
2024-10-25 14:34:00+00:00,POET,3.880000114440918,3.880000114440918,3.880000114440918,3.8698999881744385,3.8698999881744385,1140.0
2024-10-25 14:34:00+00:00,PRGS,64.5199966430664,64.5199966430664,64.5199966430664,64.5199966430664,64.5199966430664,476.0
2024-10-25 14:34:00+00:00,PTC,186.97000122070312,186.97000122070312,186.97999572753906,186.97000122070312,186.97999572753906,612.0
2024-10-25 14:34:00+00:00,PYCR,14.305000305175781,14.305000305175781,14.305000305175781,14.305000305175781,14.305000305175781,338.0
2024-10-25 14:34:00+00:00,QCOM,171.14999389648438,171.14999389648438,171.24000549316406,171.14999389648438,171.1999969482422,13661.0
2024-10-25 14:34:00+00:00,QLYS,121.0,121.0,121.0,121.0,121.0,289.0
2024-10-25 14:34:00+00:00,QRVO,99.90750122070312,99.90750122070312,99.92500305175781,99.90750122070312,99.92500305175781,1036.0
2024-10-25 14:34:00+00:00,QUBT,1.0850000381469727,1.0850000381469727,1.0850000381469727,1.0850000381469727,1.0850000381469727,203.0
2024-10-25 14:34:00+00:00,QUIK,8.640000343322754,8.640000343322754,8.640000343322754,8.640000343322754,8.640000343322754,391.0
2024-10-25 14:34:00+00:00,RDWR,22.266399383544922,22.266399383544922,22.266399383544922,22.266399383544922,22.266399383544922,604.0
2024-10-25 14:34:00+00:00,REKR,1.090000033378601,1.090000033378601,1.090000033378601,1.090000033378601,1.090000033378601,232.0
2024-10-25 14:34:00+00:00,RGTI,1.2400000095367432,1.2400000095367432,1.2400000095367432,1.2350000143051147,1.2350000143051147,2263.0
2024-10-25 14:34:00+00:00,RIOT,9.878000259399414,9.878000259399414,9.88599967956543,9.87090015411377,9.87600040435791,40046.0
2024-10-25 14:34:00+00:00,RMBS,43.38930130004883,43.38930130004883,43.38999938964844,43.375,43.38999938964844,960.0
2024-10-25 14:34:00+00:00,RMNI,1.7200000286102295,1.7200000286102295,1.7200000286102295,1.715000033378601,1.715000033378601,481.0
2024-10-25 14:34:00+00:00,RPAY,7.605599880218506,7.605599880218506,7.605599880218506,7.605599880218506,7.605599880218506,445.0
2024-10-25 14:34:00+00:00,RUN,14.369999885559082,14.369999885559082,14.380000114440918,14.369999885559082,14.375,4513.0
2024-10-25 14:34:00+00:00,SANM,67.5999984741211,67.5999984741211,67.5999984741211,67.5999984741211,67.5999984741211,425.0
2024-10-25 14:34:00+00:00,SATS,25.19499969482422,25.19499969482422,25.200000762939453,25.190000534057617,25.190000534057617,1630.0
2024-10-25 14:34:00+00:00,SCSC,44.79999923706055,44.79999923706055,44.79999923706055,44.79999923706055,44.79999923706055,532.0
2024-10-25 14:34:00+00:00,SEDG,15.890000343322754,15.890000343322754,15.892000198364258,15.880000114440918,15.880000114440918,6714.0
2024-10-25 14:34:00+00:00,SHLS,5.255000114440918,5.255000114440918,5.255000114440918,5.255000114440918,5.255000114440918,749.0
2024-10-25 14:34:00+00:00,SMCI,47.310001373291016,47.310001373291016,47.310001373291016,47.282501220703125,47.282501220703125,23893.0
2024-10-25 14:34:00+00:00,SMTC,45.869998931884766,45.869998931884766,45.869998931884766,45.869998931884766,45.869998931884766,401.0
2024-10-25 14:34:00+00:00,SONO,12.725000381469727,12.725000381469727,12.725000381469727,12.725000381469727,12.725000381469727,1824.0
2024-10-25 14:34:00+00:00,SOUN,5.178199768066406,5.178199768066406,5.178199768066406,5.175000190734863,5.175000190734863,5494.0
2024-10-25 14:34:00+00:00,SPSC,171.3699951171875,171.3699951171875,171.3699951171875,171.3699951171875,171.3699951171875,539.0
2024-10-25 14:34:00+00:00,SRAD,12.380000114440918,12.380000114440918,12.380000114440918,12.380000114440918,12.380000114440918,1075.0
2024-10-25 14:34:00+00:00,SSNC,69.5199966430664,69.5199966430664,69.61000061035156,69.51000213623047,69.61000061035156,6472.0
2024-10-25 14:34:00+00:00,STNE,11.555000305175781,11.555000305175781,11.5600004196167,11.555000305175781,11.5600004196167,1057.0
2024-10-25 14:34:00+00:00,STX,103.69000244140625,103.69000244140625,103.69000244140625,103.63999938964844,103.68499755859375,1729.0
2024-10-25 14:34:00+00:00,SVRE,0.07840000092983246,0.07840000092983246,0.07840000092983246,0.07800000160932541,0.07810000330209732,61617.0
2024-10-25 14:34:00+00:00,SWKS,96.04499816894531,96.04499816894531,96.04499816894531,96.04499816894531,96.04499816894531,352.0
2024-10-25 14:34:00+00:00,SYTA,1.2999999523162842,1.2999999523162842,1.2999999523162842,1.2999999523162842,1.2999999523162842,200.0
2024-10-25 14:34:00+00:00,TACT,4.170000076293945,4.170000076293945,4.170000076293945,4.170000076293945,4.170000076293945,251.0
2024-10-25 14:34:00+00:00,TAOP,0.49000000953674316,0.49000000953674316,0.49000000953674316,0.49000000953674316,0.49000000953674316,0.0
2024-10-25 14:34:00+00:00,TEAM,189.47000122070312,189.47000122070312,189.5,189.40499877929688,189.47000122070312,3674.0
2024-10-25 14:34:00+00:00,TENB,41.7036018371582,41.7036018371582,41.7036018371582,41.68000030517578,41.68000030517578,1025.0
2024-10-25 14:34:00+00:00,TER,112.25,112.25,112.28500366210938,112.2300033569336,112.2300033569336,5554.0
2024-10-25 14:34:00+00:00,TRMB,60.97999954223633,60.97999954223633,60.97999954223633,60.974998474121094,60.974998474121094,1210.0
2024-10-25 14:34:00+00:00,TTD,118.87000274658203,118.87000274658203,118.93990325927734,118.87000274658203,118.87999725341797,2046.0
2024-10-25 14:34:00+00:00,TTMI,19.600000381469727,19.600000381469727,19.610000610351562,19.600000381469727,19.610000610351562,511.0
2024-10-25 14:34:00+00:00,TWKS,4.440000057220459,4.440000057220459,4.440000057220459,4.440000057220459,4.440000057220459,775.0
2024-10-25 14:34:00+00:00,TXN,207.88999938964844,207.88999938964844,207.88999938964844,207.85000610351562,207.86000061035156,5890.0
2024-10-25 14:34:00+00:00,UCTT,35.817501068115234,35.817501068115234,35.817501068115234,35.814998626708984,35.814998626708984,292.0
2024-10-25 14:34:00+00:00,VCSA,2.390000104904175,2.390000104904175,2.390000104904175,2.390000104904175,2.390000104904175,193.0
2024-10-25 14:34:00+00:00,VERB,10.6899995803833,10.6899995803833,10.6899995803833,10.6899995803833,10.6899995803833,1700.0
2024-10-25 14:34:00+00:00,VERX,42.150299072265625,42.150299072265625,42.150299072265625,42.150299072265625,42.150299072265625,380.0
2024-10-25 14:34:00+00:00,VIAV,9.210000038146973,9.210000038146973,9.210000038146973,9.210000038146973,9.210000038146973,268.0
2024-10-25 14:34:00+00:00,VICR,46.564998626708984,46.564998626708984,46.564998626708984,46.4900016784668,46.52000045776367,1162.0
2024-10-25 14:34:00+00:00,VMEO,4.755000114440918,4.755000114440918,4.755000114440918,4.755000114440918,4.755000114440918,622.0
2024-10-25 14:34:00+00:00,VNET,3.424999952316284,3.424999952316284,3.424999952316284,3.4200000762939453,3.4200000762939453,13881.0
2024-10-25 14:34:00+00:00,VRNS,56.79999923706055,56.79999923706055,56.79999923706055,56.779998779296875,56.779998779296875,2912.0
2024-10-25 14:34:00+00:00,VRNT,21.979999542236328,21.979999542236328,21.979999542236328,21.979999542236328,21.979999542236328,586.0
2024-10-25 14:34:00+00:00,VRSN,182.9250030517578,182.9250030517578,182.9250030517578,182.9250030517578,182.9250030517578,395.0
2024-10-25 14:34:00+00:00,VSAT,10.170000076293945,10.170000076293945,10.175000190734863,10.170000076293945,10.175000190734863,2496.0
2024-10-25 14:34:00+00:00,WDAY,238.8708038330078,238.8708038330078,238.8708038330078,238.77940368652344,238.77940368652344,773.0
2024-10-25 14:34:00+00:00,WDC,70.19000244140625,70.19000244140625,70.22000122070312,70.17500305175781,70.22000122070312,9969.0
2024-10-25 14:34:00+00:00,WISA,2.0250000953674316,2.0250000953674316,2.0399999618530273,2.020699977874756,2.0350000858306885,15179.0
2024-10-25 14:34:00+00:00,XRX,10.045000076293945,10.045000076293945,10.045000076293945,10.045000076293945,10.045000076293945,589.0
2024-10-25 14:34:00+00:00,ZI,10.494999885559082,10.494999885559082,10.494999885559082,10.494999885559082,10.494999885559082,2066.0
2024-10-25 14:34:00+00:00,ZM,73.0,73.0,73.0199966430664,72.98999786376953,73.01000213623047,5504.0
2024-10-25 14:34:00+00:00,ZS,184.97999572753906,184.97999572753906,184.97999572753906,184.97999572753906,184.97999572753906,459.0
2024-10-25 14:35:00+00:00,AAOI,17.71940040588379,17.71940040588379,17.71940040588379,17.71940040588379,17.71940040588379,248.0
2024-10-25 14:35:00+00:00,AAPL,231.89999389648438,231.89999389648438,231.89999389648438,231.82000732421875,231.83999633789062,36462.0
2024-10-25 14:35:00+00:00,ACIW,48.91640090942383,48.91640090942383,48.91640090942383,48.91640090942383,48.91640090942383,277.0
2024-10-25 14:35:00+00:00,ACLS,89.94000244140625,89.94000244140625,89.94000244140625,89.94000244140625,89.94000244140625,770.0
2024-10-25 14:35:00+00:00,ACMR,19.658199310302734,19.658199310302734,19.666500091552734,19.658199310302734,19.666500091552734,2510.0
2024-10-25 14:35:00+00:00,ADBE,483.5899963378906,483.5899963378906,483.6600036621094,483.5899963378906,483.6600036621094,877.0
2024-10-25 14:35:00+00:00,ADI,231.61000061035156,231.61000061035156,231.66000366210938,231.61000061035156,231.64999389648438,2254.0
2024-10-25 14:35:00+00:00,ADSK,286.19000244140625,286.19000244140625,286.2247009277344,286.1650085449219,286.2247009277344,1375.0
2024-10-25 14:35:00+00:00,AEHR,16.8700008392334,16.8700008392334,16.8799991607666,16.8700008392334,16.8799991607666,780.0
2024-10-25 14:35:00+00:00,AEYE,22.639999389648438,22.639999389648438,22.639999389648438,22.639999389648438,22.639999389648438,263.0
2024-10-25 14:35:00+00:00,AFRM,41.45000076293945,41.45000076293945,41.459999084472656,41.4379997253418,41.45000076293945,3312.0
2024-10-25 14:35:00+00:00,AIRG,9.25,9.25,9.25,9.25,9.25,941.0
2024-10-25 14:35:00+00:00,AKAM,102.19000244140625,102.19000244140625,102.22000122070312,102.19000244140625,102.22000122070312,607.0
2024-10-25 14:35:00+00:00,ALGM,23.089000701904297,23.089000701904297,23.094999313354492,23.089000701904297,23.094999313354492,1129.0
2024-10-25 14:35:00+00:00,ALKT,38.005001068115234,38.005001068115234,38.005001068115234,38.005001068115234,38.005001068115234,145.0
2024-10-25 14:35:00+00:00,ALRM,54.630001068115234,54.630001068115234,54.630001068115234,54.630001068115234,54.630001068115234,332.0
2024-10-25 14:35:00+00:00,AMAT,187.4600067138672,187.4600067138672,187.52000427246094,187.41000366210938,187.44520568847656,10502.0
2024-10-25 14:35:00+00:00,AMBA,57.93000030517578,57.93000030517578,57.93000030517578,57.93000030517578,57.93000030517578,379.0
2024-10-25 14:35:00+00:00,AMD,156.59939575195312,156.59939575195312,156.64999389648438,156.55999755859375,156.55999755859375,45108.0
2024-10-25 14:35:00+00:00,AMKR,30.014999389648438,30.014999389648438,30.02899932861328,30.014999389648438,30.02899932861328,460.0
2024-10-25 14:35:00+00:00,AMPL,9.104999542236328,9.104999542236328,9.104999542236328,9.104999542236328,9.104999542236328,181.0
2024-10-25 14:35:00+00:00,ANSS,322.6600036621094,322.6600036621094,322.6600036621094,322.6600036621094,322.6600036621094,334.0
2024-10-25 14:35:00+00:00,API,2.875,2.875,2.875,2.875,2.875,202.0
2024-10-25 14:35:00+00:00,APP,161.51499938964844,161.51499938964844,161.51499938964844,161.4499969482422,161.4499969482422,1088.0
2024-10-25 14:35:00+00:00,APPF,212.0,212.0,212.0,212.0,212.0,1405.0
2024-10-25 14:35:00+00:00,APPS,3.065000057220459,3.065000057220459,3.065000057220459,3.065000057220459,3.065000057220459,6272.0
2024-10-25 14:35:00+00:00,ARBE,1.8488999605178833,1.8488999605178833,1.8488999605178833,1.8488999605178833,1.8488999605178833,940.0
2024-10-25 14:35:00+00:00,ARRY,6.445000171661377,6.445000171661377,6.454999923706055,6.440000057220459,6.454999923706055,15097.0
2024-10-25 14:35:00+00:00,ASML,714.3369750976562,714.3369750976562,714.3369750976562,714.3369750976562,714.3369750976562,387.0
2024-10-25 14:35:00+00:00,AUR,6.400000095367432,6.400000095367432,6.40500020980835,6.400000095367432,6.400000095367432,2608.0
2024-10-25 14:35:00+00:00,AVGO,174.25999450683594,174.25999450683594,174.32000732421875,174.1999969482422,174.22650146484375,14253.0
2024-10-25 14:35:00+00:00,AVT,54.029998779296875,54.029998779296875,54.029998779296875,54.02000045776367,54.02000045776367,1155.0
2024-10-25 14:35:00+00:00,AXTI,2.6700000762939453,2.6700000762939453,2.6700000762939453,2.6700000762939453,2.6700000762939453,202.0
2024-10-25 14:35:00+00:00,BMBL,7.085000038146973,7.085000038146973,7.099999904632568,7.085000038146973,7.099999904632568,9023.0
2024-10-25 14:35:00+00:00,BSY,49.2400016784668,49.2400016784668,49.25,49.2400016784668,49.25,2120.0
2024-10-25 14:35:00+00:00,CAN,0.9769999980926514,0.9769999980926514,0.9775999784469604,0.9769999980926514,0.9775999784469604,14224.0
2024-10-25 14:35:00+00:00,CDNS,258.42498779296875,258.42498779296875,258.42999267578125,258.3500061035156,258.42999267578125,1223.0
2024-10-25 14:35:00+00:00,CDW,218.32000732421875,218.32000732421875,218.3350067138672,218.27000427246094,218.27000427246094,1901.0
2024-10-25 14:35:00+00:00,CETX,0.30469998717308044,0.30469998717308044,0.30469998717308044,0.30469998717308044,0.30469998717308044,1026.0
2024-10-25 14:35:00+00:00,CEVA,24.100000381469727,24.100000381469727,24.100000381469727,24.100000381469727,24.100000381469727,189.0
2024-10-25 14:35:00+00:00,CFLT,22.58799934387207,22.58799934387207,22.59000015258789,22.58799934387207,22.59000015258789,1155.0
2024-10-25 14:35:00+00:00,CGNX,38.88999938964844,38.88999938964844,38.88999938964844,38.88240051269531,38.8849983215332,1193.0
2024-10-25 14:35:00+00:00,CHKP,206.65499877929688,206.65499877929688,206.65499877929688,206.65499877929688,206.65499877929688,684.0
2024-10-25 14:35:00+00:00,CLSK,11.765000343322754,11.765000343322754,11.770000457763672,11.75,11.764699935913086,44160.0
2024-10-25 14:35:00+00:00,CMTL,3.7100000381469727,3.7100000381469727,3.7100000381469727,3.7100000381469727,3.7100000381469727,6511.0
2024-10-25 14:35:00+00:00,CNDT,3.615000009536743,3.615000009536743,3.619999885559082,3.615000009536743,3.619999885559082,486.0
2024-10-25 14:35:00+00:00,CNXC,44.39500045776367,44.39500045776367,44.39500045776367,44.39500045776367,44.39500045776367,727.0
2024-10-25 14:35:00+00:00,COHR,95.72000122070312,95.72000122070312,95.72000122070312,95.66500091552734,95.72000122070312,1314.0
2024-10-25 14:35:00+00:00,COIN,208.25,208.25,208.28990173339844,208.0,208.00010681152344,9145.0
2024-10-25 14:35:00+00:00,COMM,6.255000114440918,6.255000114440918,6.255000114440918,6.25,6.25,786.0
2024-10-25 14:35:00+00:00,CORZ,13.380000114440918,13.380000114440918,13.395000457763672,13.37399959564209,13.395000457763672,6821.0
2024-10-25 14:35:00+00:00,CRDO,39.209999084472656,39.209999084472656,39.209999084472656,39.189998626708984,39.189998626708984,754.0
2024-10-25 14:35:00+00:00,CRNC,2.934999942779541,2.934999942779541,2.934999942779541,2.934999942779541,2.934999942779541,383.0
2024-10-25 14:35:00+00:00,CRWD,295.8945007324219,295.8945007324219,296.114990234375,295.80010986328125,296.0,10383.0
2024-10-25 14:35:00+00:00,CSCO,55.76499938964844,55.76499938964844,55.775001525878906,55.7599983215332,55.77000045776367,9108.0
2024-10-25 14:35:00+00:00,CSIQ,13.34000015258789,13.34000015258789,13.34000015258789,13.338000297546387,13.338000297546387,852.0
2024-10-25 14:35:00+00:00,CTLP,8.869999885559082,8.869999885559082,8.869999885559082,8.869999885559082,8.869999885559082,422.0
2024-10-25 14:35:00+00:00,CTSH,74.76000213623047,74.76000213623047,74.76000213623047,74.75,74.75,2724.0
2024-10-25 14:35:00+00:00,DAKT,13.100099563598633,13.100099563598633,13.100099563598633,13.100099563598633,13.100099563598633,101.0
2024-10-25 14:35:00+00:00,DBX,26.065000534057617,26.065000534057617,26.065000534057617,26.065000534057617,26.065000534057617,866.0
2024-10-25 14:35:00+00:00,DDOG,126.25,126.25,126.27999877929688,126.25,126.27999877929688,2206.0
2024-10-25 14:35:00+00:00,DGHI,1.5398999452590942,1.5398999452590942,1.5398999452590942,1.5009000301361084,1.5009000301361084,401.0
2024-10-25 14:35:00+00:00,DOCU,68.97000122070312,68.97000122070312,68.9800033569336,68.94000244140625,68.95500183105469,7783.0
2024-10-25 14:35:00+00:00,DOX,89.30000305175781,89.30000305175781,89.30000305175781,89.30000305175781,89.30000305175781,1150.0
2024-10-25 14:35:00+00:00,DSGX,104.44000244140625,104.44000244140625,104.44000244140625,104.44000244140625,104.44000244140625,1095.0
2024-10-25 14:35:00+00:00,EEFT,100.06999969482422,100.06999969482422,100.06999969482422,100.05000305175781,100.05000305175781,2151.0
2024-10-25 14:35:00+00:00,ENPH,83.66500091552734,83.66500091552734,83.69000244140625,83.5780029296875,83.66000366210938,28058.0
2024-10-25 14:35:00+00:00,ENTG,104.5199966430664,104.5199966430664,104.58999633789062,104.5199966430664,104.58999633789062,2166.0
2024-10-25 14:35:00+00:00,ERIC,8.454999923706055,8.454999923706055,8.454999923706055,8.454999923706055,8.454999923706055,2598.0
2024-10-25 14:35:00+00:00,EXTR,14.375,14.375,14.375,14.375,14.375,904.0
2024-10-25 14:35:00+00:00,EZFL,2.684999942779541,2.684999942779541,2.684999942779541,2.684999942779541,2.684999942779541,0.0
2024-10-25 14:35:00+00:00,FFIV,216.27000427246094,216.27000427246094,216.27000427246094,216.27000427246094,216.27000427246094,260.0
2024-10-25 14:35:00+00:00,FIVN,29.8700008392334,29.8700008392334,29.8700008392334,29.8700008392334,29.8700008392334,362.0
2024-10-25 14:35:00+00:00,FLEX,35.21500015258789,35.21500015258789,35.25,35.209999084472656,35.25,5151.0
2024-10-25 14:35:00+00:00,FRSH,11.635000228881836,11.635000228881836,11.635000228881836,11.630000114440918,11.630000114440918,3047.0
2024-10-25 14:35:00+00:00,FSLR,198.30499267578125,198.30499267578125,198.30499267578125,198.30499267578125,198.30499267578125,664.0
2024-10-25 14:35:00+00:00,FTCI,0.6503000259399414,0.6503000259399414,0.6539999842643738,0.6503000259399414,0.6539999842643738,761.0
2024-10-25 14:35:00+00:00,FTNT,80.52999877929688,80.52999877929688,80.53500366210938,80.52999877929688,80.53500366210938,921.0
2024-10-25 14:35:00+00:00,GCT,24.729999542236328,24.729999542236328,24.729999542236328,24.722700119018555,24.722700119018555,861.0
2024-10-25 14:35:00+00:00,GDS,21.476600646972656,21.476600646972656,21.476600646972656,21.476600646972656,21.476600646972656,234.0
2024-10-25 14:35:00+00:00,GDYN,15.569999694824219,15.569999694824219,15.569999694824219,15.5600004196167,15.5600004196167,1089.0
2024-10-25 14:35:00+00:00,GRAB,4.073999881744385,4.073999881744385,4.074999809265137,4.073999881744385,4.074999809265137,4158.0
2024-10-25 14:35:00+00:00,GTLB,55.2400016784668,55.2400016784668,55.2400016784668,55.18000030517578,55.18000030517578,3118.0
2024-10-25 14:35:00+00:00,HCP,33.665000915527344,33.665000915527344,33.665000915527344,33.665000915527344,33.665000915527344,713.0
2024-10-25 14:35:00+00:00,HOLO,3.5892999172210693,3.5892999172210693,3.5922000408172607,3.5892999172210693,3.5922000408172607,3301.0
2024-10-25 14:35:00+00:00,HOOD,27.174999237060547,27.174999237060547,27.19499969482422,27.174999237060547,27.190000534057617,4521.0
2024-10-25 14:35:00+00:00,HTCR,1.0399999618530273,1.0399999618530273,1.0399999618530273,1.0399999618530273,1.0399999618530273,1700.0
2024-10-25 14:35:00+00:00,IDN,2.3919999599456787,2.3919999599456787,2.3919999599456787,2.3919999599456787,2.3919999599456787,1183.0
2024-10-25 14:35:00+00:00,INFN,6.760000228881836,6.760000228881836,6.760000228881836,6.760000228881836,6.760000228881836,104.0
2024-10-25 14:35:00+00:00,INOD,20.209999084472656,20.209999084472656,20.284000396728516,20.209999084472656,20.284000396728516,3028.0
2024-10-25 14:35:00+00:00,INTA,50.209999084472656,50.209999084472656,50.209999084472656,50.209999084472656,50.209999084472656,155.0
2024-10-25 14:35:00+00:00,INTC,22.94379997253418,22.94379997253418,22.959999084472656,22.94379997253418,22.950000762939453,62624.0
2024-10-25 14:35:00+00:00,INTU,609.0549926757812,609.0549926757812,609.0650024414062,609.0,609.0,2360.0
2024-10-25 14:35:00+00:00,ITRI,102.75499725341797,102.75499725341797,102.75499725341797,102.75499725341797,102.75499725341797,430.0
2024-10-25 14:35:00+00:00,ITRN,27.260000228881836,27.260000228881836,27.260000228881836,27.260000228881836,27.260000228881836,238.0
2024-10-25 14:35:00+00:00,JAMF,16.739999771118164,16.739999771118164,16.739999771118164,16.739999771118164,16.739999771118164,442.0
2024-10-25 14:35:00+00:00,KLAC,677.25,677.25,677.2999877929688,677.25,677.2999877929688,1446.0
2024-10-25 14:35:00+00:00,KLIC,44.619998931884766,44.619998931884766,44.619998931884766,44.61000061035156,44.61000061035156,953.0
2024-10-25 14:35:00+00:00,KOPN,0.7760000228881836,0.7760000228881836,0.7760000228881836,0.7760000228881836,0.7760000228881836,8770.0
2024-10-25 14:35:00+00:00,KOSS,7.289999961853027,7.289999961853027,7.289999961853027,7.289999961853027,7.289999961853027,330.0
2024-10-25 14:35:00+00:00,LINK,4.75,4.75,4.75,4.75,4.75,434.0
2024-10-25 14:35:00+00:00,LITE,64.62139892578125,64.62139892578125,64.63999938964844,64.61000061035156,64.62000274658203,1895.0
2024-10-25 14:35:00+00:00,LPSN,1.1699999570846558,1.1699999570846558,1.1699999570846558,1.1655999422073364,1.1699999570846558,2350.0
2024-10-25 14:35:00+00:00,LRCX,78.58989715576172,78.58989715576172,78.58999633789062,78.55000305175781,78.56999969482422,12575.0
2024-10-25 14:35:00+00:00,LSCC,54.375,54.375,54.375,54.345001220703125,54.3650016784668,1897.0
2024-10-25 14:35:00+00:00,LYFT,13.8100004196167,13.8100004196167,13.8100004196167,13.805000305175781,13.805000305175781,1417.0
2024-10-25 14:35:00+00:00,MAXN,5.750400066375732,5.750400066375732,5.750400066375732,5.750400066375732,5.750400066375732,414.0
2024-10-25 14:35:00+00:00,MCHP,76.7699966430664,76.7699966430664,76.79000091552734,76.7699966430664,76.7699966430664,4238.0
2024-10-25 14:35:00+00:00,MKSI,101.26000213623047,101.26000213623047,101.2699966430664,101.26000213623047,101.2699966430664,1566.0
2024-10-25 14:35:00+00:00,MPWR,912.9699096679688,912.9699096679688,912.9699096679688,912.9699096679688,912.9699096679688,437.0
2024-10-25 14:35:00+00:00,MQ,5.295000076293945,5.295000076293945,5.300000190734863,5.295000076293945,5.295000076293945,5167.0
2024-10-25 14:35:00+00:00,MRVL,82.25,82.25,82.30000305175781,82.23999786376953,82.2699966430664,9149.0
2024-10-25 14:35:00+00:00,MSFT,428.67498779296875,428.67498779296875,428.67999267578125,428.5,428.55999755859375,6357.0
2024-10-25 14:35:00+00:00,MSTR,236.16000366210938,236.16000366210938,236.27499389648438,235.77000427246094,236.0,37045.0
2024-10-25 14:35:00+00:00,MTC,0.37209999561309814,0.37209999561309814,0.37209999561309814,0.3720000088214874,0.3720000088214874,3407.0
2024-10-25 14:35:00+00:00,MTLS,5.949900150299072,5.949900150299072,5.949900150299072,5.949900150299072,5.949900150299072,1259.0
2024-10-25 14:35:00+00:00,MTSI,120.56500244140625,120.56500244140625,120.56500244140625,120.56500244140625,120.56500244140625,1161.0
2024-10-25 14:35:00+00:00,MTTR,4.59499979019165,4.59499979019165,4.59499979019165,4.59499979019165,4.59499979019165,1018.0
2024-10-25 14:35:00+00:00,MU,108.83000183105469,108.83000183105469,108.86000061035156,108.80220031738281,108.81500244140625,29145.0
2024-10-25 14:35:00+00:00,MXL,14.859999656677246,14.859999656677246,14.859999656677246,14.859999656677246,14.859999656677246,2378.0
2024-10-25 14:35:00+00:00,NCNO,37.65999984741211,37.65999984741211,37.65999984741211,37.65999984741211,37.65999984741211,596.0
2024-10-25 14:35:00+00:00,NNDM,2.3299999237060547,2.3299999237060547,2.3299999237060547,2.3299999237060547,2.3299999237060547,200.0
2024-10-25 14:35:00+00:00,NSIT,208.75999450683594,208.75999450683594,208.75999450683594,208.75999450683594,208.75999450683594,486.0
2024-10-25 14:35:00+00:00,NTAP,119.87999725341797,119.87999725341797,119.87999725341797,119.87999725341797,119.87999725341797,741.0
2024-10-25 14:35:00+00:00,NTCT,20.674999237060547,20.674999237060547,20.674999237060547,20.674999237060547,20.674999237060547,514.0
2024-10-25 14:35:00+00:00,NTGR,20.200000762939453,20.200000762939453,20.200000762939453,20.200000762939453,20.200000762939453,862.0
2024-10-25 14:35:00+00:00,NVDA,141.89500427246094,141.89500427246094,141.9199981689453,141.8300018310547,141.87989807128906,238302.0
2024-10-25 14:35:00+00:00,NXPI,243.94500732421875,243.94500732421875,243.9499969482422,243.89999389648438,243.9499969482422,1486.0
2024-10-25 14:35:00+00:00,OKTA,72.19999694824219,72.19999694824219,72.19999694824219,72.19999694824219,72.19999694824219,251.0
2024-10-25 14:35:00+00:00,ON,71.5199966430664,71.5199966430664,71.55000305175781,71.5,71.5199966430664,13860.0
2024-10-25 14:35:00+00:00,ONDS,0.8741000294685364,0.8741000294685364,0.8741000294685364,0.8741000294685364,0.8741000294685364,0.0
2024-10-25 14:35:00+00:00,PANW,366.81500244140625,366.81500244140625,366.94000244140625,366.80999755859375,366.94000244140625,1668.0
2024-10-25 14:35:00+00:00,PAYO,8.3149995803833,8.3149995803833,8.3149995803833,8.3149995803833,8.3149995803833,217.0
2024-10-25 14:35:00+00:00,PEGA,79.70999908447266,79.70999908447266,79.7699966430664,79.70999908447266,79.75,1154.0
2024-10-25 14:35:00+00:00,PGY,11.819999694824219,11.819999694824219,11.819999694824219,11.8100004196167,11.8100004196167,259.0
2024-10-25 14:35:00+00:00,PHUN,10.29990005493164,10.29990005493164,10.300000190734863,10.260000228881836,10.260000228881836,23336.0
2024-10-25 14:35:00+00:00,PI,203.8800048828125,203.8800048828125,203.8800048828125,203.8800048828125,203.8800048828125,300.0
2024-10-25 14:35:00+00:00,PLAB,23.584999084472656,23.584999084472656,23.584999084472656,23.584999084472656,23.584999084472656,1356.0
2024-10-25 14:35:00+00:00,PLXS,141.52000427246094,141.52000427246094,141.52000427246094,141.52000427246094,141.52000427246094,362.0
2024-10-25 14:35:00+00:00,POET,3.869999885559082,3.869999885559082,3.869999885559082,3.869800090789795,3.869999885559082,1207.0
2024-10-25 14:35:00+00:00,PRCH,1.309999942779541,1.309999942779541,1.309999942779541,1.309999942779541,1.309999942779541,953.0
2024-10-25 14:35:00+00:00,PRGS,64.58499908447266,64.58499908447266,64.58499908447266,64.54000091552734,64.54000091552734,820.0
2024-10-25 14:35:00+00:00,PTC,186.97500610351562,186.97500610351562,186.99000549316406,186.97500610351562,186.99000549316406,586.0
2024-10-25 14:35:00+00:00,PYCR,14.305000305175781,14.305000305175781,14.305000305175781,14.305000305175781,14.305000305175781,369.0
2024-10-25 14:35:00+00:00,QCOM,171.19000244140625,171.19000244140625,171.25999450683594,171.14999389648438,171.14999389648438,26662.0
2024-10-25 14:35:00+00:00,QRVO,99.88999938964844,99.88999938964844,99.93000030517578,99.86000061035156,99.92500305175781,3818.0
2024-10-25 14:35:00+00:00,QUBT,1.0850000381469727,1.0850000381469727,1.0850000381469727,1.0850000381469727,1.0850000381469727,258.0
2024-10-25 14:35:00+00:00,RGTI,1.2300000190734863,1.2300000190734863,1.2300000190734863,1.2300000190734863,1.2300000190734863,379.0
2024-10-25 14:35:00+00:00,RIOT,9.885000228881836,9.885000228881836,9.885000228881836,9.859999656677246,9.875,38107.0
2024-10-25 14:35:00+00:00,RMBS,43.40999984741211,43.40999984741211,43.40999984741211,43.38999938964844,43.38999938964844,724.0
2024-10-25 14:35:00+00:00,RUM,5.764999866485596,5.764999866485596,5.764999866485596,5.764999866485596,5.764999866485596,161.0
2024-10-25 14:35:00+00:00,RUN,14.359999656677246,14.359999656677246,14.359999656677246,14.359999656677246,14.359999656677246,2797.0
2024-10-25 14:35:00+00:00,SATS,25.190000534057617,25.190000534057617,25.19499969482422,25.18000030517578,25.19499969482422,2115.0
2024-10-25 14:35:00+00:00,SEDG,15.869999885559082,15.869999885559082,15.880000114440918,15.859999656677246,15.880000114440918,3253.0
2024-10-25 14:35:00+00:00,SHLS,5.260000228881836,5.260000228881836,5.260000228881836,5.255000114440918,5.255000114440918,2514.0
2024-10-25 14:35:00+00:00,SIMO,56.43000030517578,56.43000030517578,56.43000030517578,56.43000030517578,56.43000030517578,163.0
2024-10-25 14:35:00+00:00,SKYT,10.569999694824219,10.569999694824219,10.569999694824219,10.569999694824219,10.569999694824219,609.0
2024-10-25 14:35:00+00:00,SMCI,47.314998626708984,47.314998626708984,47.31999969482422,47.27000045776367,47.30500030517578,28780.0
2024-10-25 14:35:00+00:00,SMTC,45.869998931884766,45.869998931884766,45.869998931884766,45.869998931884766,45.869998931884766,748.0
2024-10-25 14:35:00+00:00,SOBR,7.070000171661377,7.070000171661377,7.070000171661377,7.070000171661377,7.070000171661377,237.0
2024-10-25 14:35:00+00:00,SONO,12.720000267028809,12.720000267028809,12.720000267028809,12.720000267028809,12.720000267028809,262.0
2024-10-25 14:35:00+00:00,SOUN,5.195000171661377,5.195000171661377,5.195000171661377,5.178999900817871,5.178999900817871,59881.0
2024-10-25 14:35:00+00:00,SRAD,12.369999885559082,12.369999885559082,12.369999885559082,12.369999885559082,12.369999885559082,169.0
2024-10-25 14:35:00+00:00,SSNC,69.54499816894531,69.54499816894531,69.55000305175781,69.51499938964844,69.51499938964844,4634.0
2024-10-25 14:35:00+00:00,SSYS,6.980000019073486,6.980000019073486,7.039999961853027,6.920000076293945,7.039999961853027,136955.0
2024-10-25 14:35:00+00:00,STNE,11.555000305175781,11.555000305175781,11.555000305175781,11.550000190734863,11.555000305175781,1497.0
2024-10-25 14:35:00+00:00,STX,103.69999694824219,103.69999694824219,103.70999908447266,103.68000030517578,103.70999908447266,2000.0
2024-10-25 14:35:00+00:00,SURG,1.7450000047683716,1.7450000047683716,1.7450000047683716,1.7450000047683716,1.7450000047683716,500.0
2024-10-25 14:35:00+00:00,SVRE,0.07840000092983246,0.07840000092983246,0.07850000262260437,0.07840000092983246,0.07840000092983246,38679.0
2024-10-25 14:35:00+00:00,SWKS,96.07499694824219,96.07499694824219,96.07499694824219,96.07499694824219,96.07499694824219,687.0
2024-10-25 14:35:00+00:00,SYNA,72.54000091552734,72.54000091552734,72.54000091552734,72.5,72.5,1514.0
2024-10-25 14:35:00+00:00,SYTA,1.2899999618530273,1.2899999618530273,1.309999942779541,1.2899999618530273,1.309999942779541,5684.0
2024-10-25 14:35:00+00:00,TEAM,189.30999755859375,189.30999755859375,189.39999389648438,189.30999755859375,189.39999389648438,1836.0
2024-10-25 14:35:00+00:00,TENB,41.720001220703125,41.720001220703125,41.720001220703125,41.720001220703125,41.720001220703125,693.0
2024-10-25 14:35:00+00:00,TER,112.27999877929688,112.27999877929688,112.29000091552734,112.2699966430664,112.29000091552734,1176.0
2024-10-25 14:35:00+00:00,TLS,3.5950000286102295,3.5950000286102295,3.5950000286102295,3.5950000286102295,3.5950000286102295,810.0
2024-10-25 14:35:00+00:00,TRMB,60.9900016784668,60.9900016784668,60.9900016784668,60.9900016784668,60.9900016784668,575.0
2024-10-25 14:35:00+00:00,TTD,118.85009765625,118.85009765625,118.90499877929688,118.85009765625,118.90499877929688,1496.0
2024-10-25 14:35:00+00:00,TTMI,19.600000381469727,19.600000381469727,19.600000381469727,19.600000381469727,19.600000381469727,819.0
2024-10-25 14:35:00+00:00,TWKS,4.440000057220459,4.440000057220459,4.445000171661377,4.440000057220459,4.445000171661377,11295.0
2024-10-25 14:35:00+00:00,TXN,207.94000244140625,207.94000244140625,207.94000244140625,207.8300018310547,207.83999633789062,2474.0
2024-10-25 14:35:00+00:00,VECO,29.299999237060547,29.299999237060547,29.299999237060547,29.299999237060547,29.299999237060547,1456.0
2024-10-25 14:35:00+00:00,VERI,3.390000104904175,3.390000104904175,3.390000104904175,3.380000114440918,3.380000114440918,280.0
2024-10-25 14:35:00+00:00,VERX,42.15999984741211,42.15999984741211,42.15999984741211,42.15999984741211,42.15999984741211,730.0
2024-10-25 14:35:00+00:00,VIAV,9.204999923706055,9.204999923706055,9.204999923706055,9.204999923706055,9.204999923706055,143.0
2024-10-25 14:35:00+00:00,VMEO,4.755000114440918,4.755000114440918,4.760000228881836,4.755000114440918,4.760000228881836,913.0
2024-10-25 14:35:00+00:00,VRNS,56.814998626708984,56.814998626708984,56.814998626708984,56.79999923706055,56.79999923706055,1374.0
2024-10-25 14:35:00+00:00,VRNT,21.975799560546875,21.975799560546875,21.975799560546875,21.975799560546875,21.975799560546875,701.0
2024-10-25 14:35:00+00:00,VRSN,182.69500732421875,182.69500732421875,182.89999389648438,182.6699981689453,182.89999389648438,4012.0
2024-10-25 14:35:00+00:00,VS,2.5199999809265137,2.5199999809265137,2.5199999809265137,2.5199999809265137,2.5199999809265137,4213.0
2024-10-25 14:35:00+00:00,VSAT,10.164999961853027,10.164999961853027,10.170000076293945,10.164999961853027,10.170000076293945,1104.0
2024-10-25 14:35:00+00:00,VUZI,1.2949999570846558,1.2949999570846558,1.2949999570846558,1.2949999570846558,1.2949999570846558,175.0
2024-10-25 14:35:00+00:00,WDAY,238.7899932861328,238.7899932861328,238.7899932861328,238.75,238.75,596.0
2024-10-25 14:35:00+00:00,WDC,70.1500015258789,70.1500015258789,70.20989990234375,70.12000274658203,70.18499755859375,10277.0
2024-10-25 14:35:00+00:00,WISA,2.0199999809265137,2.0199999809265137,2.0299999713897705,2.0199999809265137,2.0199999809265137,2322.0
2024-10-25 14:35:00+00:00,XRX,10.0,10.0,10.039999961853027,9.984999656677246,10.039999961853027,8231.0
2024-10-25 14:35:00+00:00,ZBRA,360.6449890136719,360.6449890136719,360.80999755859375,360.4200134277344,360.4200134277344,4516.0
2024-10-25 14:35:00+00:00,ZM,73.04000091552734,73.04000091552734,73.04000091552734,73.04000091552734,73.04000091552734,1770.0
2024-10-25 14:36:00+00:00,AAOI,17.719999313354492,17.719999313354492,17.725000381469727,17.719999313354492,17.719999313354492,1448.0
2024-10-25 14:36:00+00:00,AAPL,231.8699951171875,231.8699951171875,231.89999389648438,231.7899932861328,231.89999389648438,23531.0
2024-10-25 14:36:00+00:00,ACLS,89.87999725341797,89.87999725341797,89.87999725341797,89.87999725341797,89.87999725341797,434.0
2024-10-25 14:36:00+00:00,ADBE,483.5899963378906,483.5899963378906,483.5899963378906,483.57000732421875,483.57000732421875,1237.0
2024-10-25 14:36:00+00:00,ADI,231.4949951171875,231.4949951171875,231.74000549316406,231.47000122070312,231.74000549316406,2994.0
2024-10-25 14:36:00+00:00,ADSK,286.1600036621094,286.1600036621094,286.1600036621094,286.04998779296875,286.04998779296875,1377.0
2024-10-25 14:36:00+00:00,ADTN,6.28000020980835,6.28000020980835,6.28000020980835,6.28000020980835,6.28000020980835,500.0
2024-10-25 14:36:00+00:00,AEHR,16.889999389648438,16.889999389648438,16.889999389648438,16.870100021362305,16.870100021362305,1009.0
2024-10-25 14:36:00+00:00,AFRM,41.459999084472656,41.459999084472656,41.459999084472656,41.400001525878906,41.43000030517578,3120.0
2024-10-25 14:36:00+00:00,AIRG,9.25,9.25,9.260000228881836,9.25,9.260000228881836,900.0
2024-10-25 14:36:00+00:00,AKAM,102.16999816894531,102.16999816894531,102.18000030517578,102.16999816894531,102.18000030517578,1026.0
2024-10-25 14:36:00+00:00,AKTS,0.05900000035762787,0.05900000035762787,0.05900000035762787,0.05900000035762787,0.05900000035762787,748.0
2024-10-25 14:36:00+00:00,ALGM,23.09000015258789,23.09000015258789,23.09000015258789,23.06999969482422,23.084999084472656,5918.0
2024-10-25 14:36:00+00:00,ALKT,38.0,38.0,38.0,38.0,38.0,366.0
2024-10-25 14:36:00+00:00,ALOT,14.210000038146973,14.210000038146973,14.210000038146973,14.210000038146973,14.210000038146973,94.0
2024-10-25 14:36:00+00:00,ALTR,103.69499969482422,103.69499969482422,103.69499969482422,103.69499969482422,103.69499969482422,133.0
2024-10-25 14:36:00+00:00,AMAT,187.3699951171875,187.3699951171875,187.39999389648438,187.3000030517578,187.36000061035156,4122.0
2024-10-25 14:36:00+00:00,AMD,156.55999755859375,156.55999755859375,156.66000366210938,156.5,156.6199951171875,40202.0
2024-10-25 14:36:00+00:00,AMKR,30.010000228881836,30.010000228881836,30.024999618530273,30.010000228881836,30.024999618530273,2246.0
2024-10-25 14:36:00+00:00,ANY,1.0499999523162842,1.0499999523162842,1.0499999523162842,1.0499999523162842,1.0499999523162842,700.0
2024-10-25 14:36:00+00:00,API,2.875,2.875,2.875,2.875,2.875,614.0
2024-10-25 14:36:00+00:00,APP,161.44000244140625,161.44000244140625,161.58990478515625,161.43499755859375,161.58990478515625,2932.0
2024-10-25 14:36:00+00:00,APPF,211.80499267578125,211.80499267578125,212.0,211.75999450683594,212.0,1593.0
2024-10-25 14:36:00+00:00,APPN,32.15999984741211,32.15999984741211,32.18000030517578,32.15999984741211,32.18000030517578,1878.0
2024-10-25 14:36:00+00:00,ARRY,6.445000171661377,6.445000171661377,6.45989990234375,6.440000057220459,6.445000171661377,43131.0
2024-10-25 14:36:00+00:00,ASML,714.1199951171875,714.1199951171875,714.3388061523438,713.864990234375,714.3388061523438,1184.0
2024-10-25 14:36:00+00:00,ASNS,1.2999999523162842,1.2999999523162842,1.2999999523162842,1.2999999523162842,1.2999999523162842,200.0
2024-10-25 14:36:00+00:00,AUR,6.385000228881836,6.385000228881836,6.406000137329102,6.380000114440918,6.406000137329102,16254.0
2024-10-25 14:36:00+00:00,AVDX,8.130000114440918,8.130000114440918,8.130000114440918,8.130000114440918,8.130000114440918,489.0
2024-10-25 14:36:00+00:00,AVGO,174.27000427246094,174.27000427246094,174.3000030517578,174.1300048828125,174.2899932861328,13387.0
2024-10-25 14:36:00+00:00,AVT,54.04999923706055,54.04999923706055,54.04999923706055,54.04999923706055,54.04999923706055,300.0
2024-10-25 14:36:00+00:00,BAND,17.69499969482422,17.69499969482422,17.69499969482422,17.69499969482422,17.69499969482422,200.0
2024-10-25 14:36:00+00:00,BCOV,2.265000104904175,2.265000104904175,2.265000104904175,2.265000104904175,2.265000104904175,800.0
2024-10-25 14:36:00+00:00,BIGC,5.304999828338623,5.304999828338623,5.304999828338623,5.300000190734863,5.300000190734863,355.0
2024-10-25 14:36:00+00:00,BL,56.314998626708984,56.314998626708984,56.314998626708984,56.29999923706055,56.29999923706055,1081.0
2024-10-25 14:36:00+00:00,BMBL,7.09499979019165,7.09499979019165,7.09499979019165,7.085000038146973,7.090000152587891,6373.0
2024-10-25 14:36:00+00:00,BOXL,0.4702000021934509,0.4702000021934509,0.4702000021934509,0.4702000021934509,0.4702000021934509,300.0
2024-10-25 14:36:00+00:00,BRZE,30.764999389648438,30.764999389648438,30.764999389648438,30.764999389648438,30.764999389648438,332.0
2024-10-25 14:36:00+00:00,CAN,0.9769999980926514,0.9769999980926514,0.9771000146865845,0.9769999980926514,0.9771000146865845,2114.0
2024-10-25 14:36:00+00:00,CDNS,258.489990234375,258.489990234375,258.489990234375,258.2749938964844,258.44000244140625,6167.0
2024-10-25 14:36:00+00:00,CETX,0.30329999327659607,0.30329999327659607,0.30329999327659607,0.30329999327659607,0.30329999327659607,1000.0
2024-10-25 14:36:00+00:00,CEVA,24.079999923706055,24.079999923706055,24.079999923706055,24.079999923706055,24.079999923706055,355.0
2024-10-25 14:36:00+00:00,CFLT,22.579999923706055,22.579999923706055,22.594999313354492,22.56999969482422,22.59000015258789,8709.0
2024-10-25 14:36:00+00:00,CGNX,38.900001525878906,38.900001525878906,38.904998779296875,38.88999938964844,38.904998779296875,704.0
2024-10-25 14:36:00+00:00,CHKP,206.64500427246094,206.64500427246094,206.64500427246094,206.64500427246094,206.64500427246094,549.0
2024-10-25 14:36:00+00:00,CLBT,18.239999771118164,18.239999771118164,18.239999771118164,18.239999771118164,18.239999771118164,337.0
2024-10-25 14:36:00+00:00,CLSK,11.800000190734863,11.800000190734863,11.8100004196167,11.75,11.770000457763672,80666.0
2024-10-25 14:36:00+00:00,CMBM,1.2400000095367432,1.2400000095367432,1.2400000095367432,1.2400000095367432,1.2400000095367432,378.0
2024-10-25 14:36:00+00:00,CNDT,3.6050000190734863,3.6050000190734863,3.6189000606536865,3.6050000190734863,3.6189000606536865,8471.0
2024-10-25 14:36:00+00:00,CNXC,44.41999816894531,44.41999816894531,44.41999816894531,44.41999816894531,44.41999816894531,861.0
2024-10-25 14:36:00+00:00,COHR,95.7300033569336,95.7300033569336,95.73999786376953,95.66000366210938,95.7300033569336,1895.0
2024-10-25 14:36:00+00:00,COHU,26.0,26.0,26.0,26.0,26.0,193.0
2024-10-25 14:36:00+00:00,COIN,208.67999267578125,208.67999267578125,208.82000732421875,207.91009521484375,208.0301055908203,17190.0
2024-10-25 14:36:00+00:00,COMM,6.255000114440918,6.255000114440918,6.255000114440918,6.25,6.25,368.0
2024-10-25 14:36:00+00:00,CORZ,13.395000457763672,13.395000457763672,13.395000457763672,13.369999885559082,13.390000343322754,7440.0
2024-10-25 14:36:00+00:00,CRCT,6.570000171661377,6.570000171661377,6.570000171661377,6.570000171661377,6.570000171661377,626.0
2024-10-25 14:36:00+00:00,CRDO,39.130001068115234,39.130001068115234,39.189998626708984,39.130001068115234,39.189998626708984,2453.0
2024-10-25 14:36:00+00:00,CRNT,2.4749999046325684,2.4749999046325684,2.4749999046325684,2.4749999046325684,2.4749999046325684,270.0
2024-10-25 14:36:00+00:00,CRSR,6.34499979019165,6.34499979019165,6.34499979019165,6.34499979019165,6.34499979019165,234.0
2024-10-25 14:36:00+00:00,CRUS,122.80999755859375,122.80999755859375,122.81999969482422,122.80999755859375,122.81999969482422,1002.0
2024-10-25 14:36:00+00:00,CRWD,295.9999084472656,295.9999084472656,295.9999084472656,295.57000732421875,295.92999267578125,13987.0
2024-10-25 14:36:00+00:00,CSCO,55.77000045776367,55.77000045776367,55.77000045776367,55.755001068115234,55.77000045776367,6198.0
2024-10-25 14:36:00+00:00,CSGS,47.45000076293945,47.45000076293945,47.45000076293945,47.45000076293945,47.45000076293945,137.0
2024-10-25 14:36:00+00:00,CSIQ,13.350000381469727,13.350000381469727,13.350000381469727,13.345000267028809,13.345000267028809,1072.0
2024-10-25 14:36:00+00:00,CTLP,8.875,8.875,8.879899978637695,8.875,8.879899978637695,862.0
2024-10-25 14:36:00+00:00,CTSH,74.73999786376953,74.73999786376953,74.7699966430664,74.73999786376953,74.76000213623047,2911.0
2024-10-25 14:36:00+00:00,DAKT,13.085000038146973,13.085000038146973,13.100000381469727,13.085000038146973,13.100000381469727,2138.0
2024-10-25 14:36:00+00:00,DBX,26.065000534057617,26.065000534057617,26.065000534057617,26.059999465942383,26.065000534057617,2480.0
2024-10-25 14:36:00+00:00,DDOG,126.23999786376953,126.23999786376953,126.25,126.19000244140625,126.25,1895.0
2024-10-25 14:36:00+00:00,DIOD,65.19999694824219,65.19999694824219,65.19999694824219,65.19999694824219,65.19999694824219,719.0
2024-10-25 14:36:00+00:00,DLO,8.845000267028809,8.845000267028809,8.845000267028809,8.845000267028809,8.845000267028809,1200.0
2024-10-25 14:36:00+00:00,DOCU,68.94999694824219,68.94999694824219,68.9800033569336,68.94999694824219,68.9800033569336,3676.0
2024-10-25 14:36:00+00:00,DSGX,104.34249877929688,104.34249877929688,104.38999938964844,104.34249877929688,104.38999938964844,909.0
2024-10-25 14:36:00+00:00,DSP,11.529999732971191,11.529999732971191,11.529999732971191,11.520000457763672,11.520000457763672,1745.0
2024-10-25 14:36:00+00:00,DUOL,289.8550109863281,289.8550109863281,289.8550109863281,289.7300109863281,289.7300109863281,585.0
2024-10-25 14:36:00+00:00,EEFT,100.1500015258789,100.1500015258789,100.1500015258789,100.08200073242188,100.08200073242188,593.0
2024-10-25 14:36:00+00:00,ENPH,83.69499969482422,83.69499969482422,83.7699966430664,83.63999938964844,83.7699966430664,6439.0
2024-10-25 14:36:00+00:00,ENTG,104.44999694824219,104.44999694824219,104.5199966430664,104.44999694824219,104.47000122070312,1008.0
2024-10-25 14:36:00+00:00,ERIC,8.456500053405762,8.456500053405762,8.456500053405762,8.449999809265137,8.454999923706055,5250.0
2024-10-25 14:36:00+00:00,EXLS,38.775001525878906,38.775001525878906,38.775001525878906,38.77000045776367,38.775001525878906,513.0
2024-10-25 14:36:00+00:00,EXTR,14.380000114440918,14.380000114440918,14.380000114440918,14.380000114440918,14.380000114440918,613.0
2024-10-25 14:36:00+00:00,FFIV,216.125,216.125,216.14500427246094,216.125,216.14500427246094,751.0
2024-10-25 14:36:00+00:00,FIVN,29.8799991607666,29.8799991607666,29.8799991607666,29.850000381469727,29.860000610351562,3944.0
2024-10-25 14:36:00+00:00,FLEX,35.209999084472656,35.209999084472656,35.21500015258789,35.209999084472656,35.21500015258789,2246.0
2024-10-25 14:36:00+00:00,FLYW,17.30500030517578,17.30500030517578,17.30500030517578,17.299999237060547,17.299999237060547,1658.0
2024-10-25 14:36:00+00:00,FRSH,11.630000114440918,11.630000114440918,11.630000114440918,11.630000114440918,11.630000114440918,1934.0
2024-10-25 14:36:00+00:00,FSLR,198.34500122070312,198.34500122070312,198.35499572753906,198.32000732421875,198.32000732421875,840.0
2024-10-25 14:36:00+00:00,FTCI,0.652899980545044,0.652899980545044,0.652899980545044,0.652899980545044,0.652899980545044,205.0
2024-10-25 14:36:00+00:00,FTNT,80.51000213623047,80.51000213623047,80.53500366210938,80.49500274658203,80.53500366210938,2774.0
2024-10-25 14:36:00+00:00,GCT,24.7450008392334,24.7450008392334,24.7450008392334,24.7450008392334,24.7450008392334,510.0
2024-10-25 14:36:00+00:00,GDYN,15.604999542236328,15.604999542236328,15.604999542236328,15.569999694824219,15.569999694824219,360.0
2024-10-25 14:36:00+00:00,GFS,40.61000061035156,40.61000061035156,40.61000061035156,40.59000015258789,40.599998474121094,709.0
2024-10-25 14:36:00+00:00,GPRO,1.315000057220459,1.315000057220459,1.315000057220459,1.315000057220459,1.315000057220459,767.0
2024-10-25 14:36:00+00:00,GRAB,4.074999809265137,4.074999809265137,4.078000068664551,4.074999809265137,4.078000068664551,4540.0
2024-10-25 14:36:00+00:00,GTLB,55.20000076293945,55.20000076293945,55.25,55.20000076293945,55.25,1122.0
2024-10-25 14:36:00+00:00,HCP,33.665000915527344,33.665000915527344,33.665000915527344,33.665000915527344,33.665000915527344,1621.0
2024-10-25 14:36:00+00:00,HLIT,14.779999732971191,14.779999732971191,14.779999732971191,14.779999732971191,14.779999732971191,1320.0
2024-10-25 14:36:00+00:00,HOLO,3.5840001106262207,3.5840001106262207,3.5899999141693115,3.5801000595092773,3.5899999141693115,4008.0
2024-10-25 14:36:00+00:00,HOOD,27.184999465942383,27.184999465942383,27.190000534057617,27.163999557495117,27.18000030517578,16454.0
2024-10-25 14:36:00+00:00,HTCR,1.0399999618530273,1.0399999618530273,1.0399999618530273,1.0399999618530273,1.0399999618530273,4400.0
2024-10-25 14:36:00+00:00,IIIV,22.84000015258789,22.84000015258789,22.84000015258789,22.84000015258789,22.84000015258789,658.0
2024-10-25 14:36:00+00:00,IMMR,8.693300247192383,8.693300247192383,8.693300247192383,8.693300247192383,8.693300247192383,1264.0
2024-10-25 14:36:00+00:00,INDI,3.505000114440918,3.505000114440918,3.505000114440918,3.505000114440918,3.505000114440918,611.0
2024-10-25 14:36:00+00:00,INSG,20.1200008392334,20.1200008392334,20.1200008392334,20.1200008392334,20.1200008392334,293.0
2024-10-25 14:36:00+00:00,INTA,50.21500015258789,50.21500015258789,50.21500015258789,50.20000076293945,50.20000076293945,486.0
2024-10-25 14:36:00+00:00,INTC,22.933300018310547,22.933300018310547,22.949499130249023,22.92009925842285,22.949499130249023,34174.0
2024-10-25 14:36:00+00:00,INTU,609.1300048828125,609.1300048828125,609.1300048828125,609.0549926757812,609.0599975585938,962.0
2024-10-25 14:36:00+00:00,IPGP,77.22000122070312,77.22000122070312,77.22000122070312,77.22000122070312,77.22000122070312,383.0
2024-10-25 14:36:00+00:00,ITRI,102.80999755859375,102.80999755859375,102.81500244140625,102.80999755859375,102.81500244140625,1843.0
2024-10-25 14:36:00+00:00,JAMF,16.780000686645508,16.780000686645508,16.780000686645508,16.739999771118164,16.739999771118164,1917.0
2024-10-25 14:36:00+00:00,KLIC,44.630001068115234,44.630001068115234,44.630001068115234,44.630001068115234,44.630001068115234,177.0
2024-10-25 14:36:00+00:00,LITE,64.56999969482422,64.56999969482422,64.62999725341797,64.56999969482422,64.62000274658203,1593.0
2024-10-25 14:36:00+00:00,LOGI,80.82499694824219,80.82499694824219,80.82499694824219,80.82499694824219,80.82499694824219,284.0
2024-10-25 14:36:00+00:00,LPSN,1.1699999570846558,1.1699999570846558,1.1699999570846558,1.1679999828338623,1.1699999570846558,1851.0
2024-10-25 14:36:00+00:00,LRCX,78.54000091552734,78.54000091552734,78.58999633789062,78.4800033569336,78.58000183105469,16070.0
2024-10-25 14:36:00+00:00,LSCC,54.34000015258789,54.34000015258789,54.349998474121094,54.33000183105469,54.349998474121094,2271.0
2024-10-25 14:36:00+00:00,LYFT,13.8149995803833,13.8149995803833,13.8149995803833,13.802499771118164,13.805000305175781,12634.0
2024-10-25 14:36:00+00:00,MANH,275.8699951171875,275.8699951171875,275.8699951171875,275.8399963378906,275.8399963378906,855.0
2024-10-25 14:36:00+00:00,MAXN,5.741099834442139,5.741099834442139,5.741099834442139,5.741099834442139,5.741099834442139,1427.0
2024-10-25 14:36:00+00:00,MCHP,76.7594985961914,76.7594985961914,76.77999877929688,76.73999786376953,76.77999877929688,5698.0
2024-10-25 14:36:00+00:00,MDB,266.69500732421875,266.69500732421875,266.7300109863281,266.6449890136719,266.7300109863281,1590.0
2024-10-25 14:36:00+00:00,MITK,8.760000228881836,8.760000228881836,8.760000228881836,8.760000228881836,8.760000228881836,1395.0
2024-10-25 14:36:00+00:00,MKSI,101.2300033569336,101.2300033569336,101.2300033569336,101.15499877929688,101.16999816894531,1231.0
2024-10-25 14:36:00+00:00,MNDY,299.4649963378906,299.4649963378906,299.4649963378906,299.4649963378906,299.4649963378906,596.0
2024-10-25 14:36:00+00:00,MPWR,912.489990234375,912.489990234375,912.489990234375,911.080078125,911.080078125,1254.0
2024-10-25 14:36:00+00:00,MQ,5.295000076293945,5.295000076293945,5.295000076293945,5.295000076293945,5.295000076293945,1237.0
2024-10-25 14:36:00+00:00,MRAM,6.340000152587891,6.340000152587891,6.340000152587891,6.340000152587891,6.340000152587891,125.0
2024-10-25 14:36:00+00:00,MRVL,82.25,82.25,82.2699966430664,82.20999908447266,82.25,13084.0
2024-10-25 14:36:00+00:00,MSFT,428.57000732421875,428.57000732421875,428.69500732421875,428.44000244140625,428.67041015625,10128.0
2024-10-25 14:36:00+00:00,MSTR,236.8249969482422,236.8249969482422,236.99830627441406,235.92599487304688,236.4199981689453,51186.0
2024-10-25 14:36:00+00:00,MTSI,120.55000305175781,120.55000305175781,120.55000305175781,120.55000305175781,120.55000305175781,868.0
2024-10-25 14:36:00+00:00,MTTR,4.59499979019165,4.59499979019165,4.59499979019165,4.59499979019165,4.59499979019165,1517.0
2024-10-25 14:36:00+00:00,MU,108.80000305175781,108.80000305175781,108.83999633789062,108.71019744873047,108.83000183105469,30729.0
2024-10-25 14:36:00+00:00,MVIS,1.0850000381469727,1.0850000381469727,1.0850000381469727,1.0850000381469727,1.0850000381469727,2012.0
2024-10-25 14:36:00+00:00,MXL,14.859999656677246,14.859999656677246,14.859999656677246,14.84000015258789,14.850000381469727,2902.0
2024-10-25 14:36:00+00:00,NCNO,37.64500045776367,37.64500045776367,37.650001525878906,37.630001068115234,37.650001525878906,2044.0
2024-10-25 14:36:00+00:00,NNDM,2.321500062942505,2.321500062942505,2.321500062942505,2.321500062942505,2.321500062942505,518.0
2024-10-25 14:36:00+00:00,NTAP,119.83000183105469,119.83000183105469,119.87999725341797,119.81999969482422,119.87999725341797,1661.0
2024-10-25 14:36:00+00:00,NTNX,62.125,62.125,62.125,62.125,62.125,1003.0
2024-10-25 14:36:00+00:00,NVDA,141.8000030517578,141.8000030517578,141.91000366210938,141.72999572753906,141.89999389648438,254644.0
2024-10-25 14:36:00+00:00,NVTS,2.5450000762939453,2.5450000762939453,2.5450000762939453,2.5399999618530273,2.5448999404907227,1079.0
2024-10-25 14:36:00+00:00,NXPI,243.69000244140625,243.69000244140625,243.9499969482422,243.6699981689453,243.9499969482422,2187.0
2024-10-25 14:36:00+00:00,OKTA,72.1760025024414,72.1760025024414,72.18000030517578,72.16500091552734,72.16999816894531,1177.0
2024-10-25 14:36:00+00:00,OLED,203.77000427246094,203.77000427246094,203.77000427246094,203.77000427246094,203.77000427246094,301.0
2024-10-25 14:36:00+00:00,ON,71.51000213623047,71.51000213623047,71.54000091552734,71.44999694824219,71.5199966430664,30655.0
2024-10-25 14:36:00+00:00,PANW,366.94000244140625,366.94000244140625,366.94000244140625,366.8800048828125,366.8800048828125,1027.0
2024-10-25 14:36:00+00:00,PAYO,8.305000305175781,8.305000305175781,8.3149995803833,8.305000305175781,8.3149995803833,7081.0
2024-10-25 14:36:00+00:00,PDFS,29.200000762939453,29.200000762939453,29.200000762939453,29.200000762939453,29.200000762939453,301.0
2024-10-25 14:36:00+00:00,PEGA,79.7699966430664,79.7699966430664,79.87000274658203,79.7699966430664,79.7699966430664,2559.0
2024-10-25 14:36:00+00:00,PEGY,4.831200122833252,4.831200122833252,4.860000133514404,4.831200122833252,4.860000133514404,995.0
2024-10-25 14:36:00+00:00,PGY,11.800000190734863,11.800000190734863,11.8100004196167,11.800000190734863,11.8100004196167,2832.0
2024-10-25 14:36:00+00:00,PHUN,10.290800094604492,10.290800094604492,10.300000190734863,10.280099868774414,10.300000190734863,6313.0
2024-10-25 14:36:00+00:00,PI,203.52389526367188,203.52389526367188,203.52389526367188,203.52389526367188,203.52389526367188,634.0
2024-10-25 14:36:00+00:00,PLAB,23.575000762939453,23.575000762939453,23.575000762939453,23.56999969482422,23.56999969482422,720.0
2024-10-25 14:36:00+00:00,PLXS,141.94500732421875,141.94500732421875,141.94500732421875,141.64999389648438,141.64999389648438,4111.0
2024-10-25 14:36:00+00:00,POET,3.8559999465942383,3.8559999465942383,3.8559999465942383,3.8559999465942383,3.8559999465942383,456.0
2024-10-25 14:36:00+00:00,PRCH,1.315000057220459,1.315000057220459,1.315000057220459,1.315000057220459,1.315000057220459,107.0
2024-10-25 14:36:00+00:00,PRGS,64.55999755859375,64.55999755859375,64.56999969482422,64.55999755859375,64.56999969482422,1117.0
2024-10-25 14:36:00+00:00,PTC,186.94000244140625,186.94000244140625,186.97500610351562,186.92999267578125,186.97500610351562,1808.0
2024-10-25 14:36:00+00:00,QCOM,171.3000030517578,171.3000030517578,171.3000030517578,171.17999267578125,171.27000427246094,3148.0
2024-10-25 14:36:00+00:00,QRVO,99.8499984741211,99.8499984741211,99.87999725341797,99.83999633789062,99.86000061035156,7394.0
2024-10-25 14:36:00+00:00,RCAT,2.759999990463257,2.759999990463257,2.759999990463257,2.759999990463257,2.759999990463257,200.0
2024-10-25 14:36:00+00:00,REKR,1.0880000591278076,1.0880000591278076,1.0880000591278076,1.0880000591278076,1.0880000591278076,959.0
2024-10-25 14:36:00+00:00,RELY,14.779999732971191,14.779999732971191,14.779999732971191,14.779999732971191,14.779999732971191,146.0
2024-10-25 14:36:00+00:00,RGTI,1.2310999631881714,1.2310999631881714,1.2400000095367432,1.2310999631881714,1.2400000095367432,11033.0
2024-10-25 14:36:00+00:00,RIOT,9.895000457763672,9.895000457763672,9.895999908447266,9.84000015258789,9.883999824523926,93042.0
2024-10-25 14:36:00+00:00,RMBS,43.38999938964844,43.38999938964844,43.38999938964844,43.369998931884766,43.380001068115234,1976.0
2024-10-25 14:36:00+00:00,RPAY,7.605000019073486,7.605000019073486,7.605000019073486,7.605000019073486,7.605000019073486,640.0
2024-10-25 14:36:00+00:00,RPD,38.755001068115234,38.755001068115234,38.755001068115234,38.720001220703125,38.720001220703125,2681.0
2024-10-25 14:36:00+00:00,RUM,5.764999866485596,5.764999866485596,5.764999866485596,5.764999866485596,5.764999866485596,1307.0
2024-10-25 14:36:00+00:00,RUN,14.375,14.375,14.375,14.359999656677246,14.359999656677246,6980.0
2024-10-25 14:36:00+00:00,SANM,67.58499908447266,67.58499908447266,67.58499908447266,67.58000183105469,67.58000183105469,753.0
2024-10-25 14:36:00+00:00,SEDG,15.890000343322754,15.890000343322754,15.899900436401367,15.859999656677246,15.880000114440918,10107.0
2024-10-25 14:36:00+00:00,SHLS,5.260000228881836,5.260000228881836,5.260000228881836,5.25,5.25,6242.0
2024-10-25 14:36:00+00:00,SIMO,56.40999984741211,56.40999984741211,56.40999984741211,56.40999984741211,56.40999984741211,336.0
2024-10-25 14:36:00+00:00,SMCI,47.34000015258789,47.34000015258789,47.34000015258789,47.29499816894531,47.31999969482422,36771.0
2024-10-25 14:36:00+00:00,SMTC,45.849998474121094,45.849998474121094,45.900001525878906,45.849998474121094,45.900001525878906,1676.0
2024-10-25 14:36:00+00:00,SNPS,502.8500061035156,502.8500061035156,502.8500061035156,502.8500061035156,502.8500061035156,668.0
2024-10-25 14:36:00+00:00,SOBR,7.057499885559082,7.057499885559082,7.057499885559082,7.057499885559082,7.057499885559082,604.0
2024-10-25 14:36:00+00:00,SONO,12.729999542236328,12.729999542236328,12.729999542236328,12.720000267028809,12.720000267028809,1637.0
2024-10-25 14:36:00+00:00,SOUN,5.186299800872803,5.186299800872803,5.199999809265137,5.182400226593018,5.19980001449585,34415.0
2024-10-25 14:36:00+00:00,SRAD,12.369999885559082,12.369999885559082,12.390000343322754,12.369999885559082,12.390000343322754,1061.0
2024-10-25 14:36:00+00:00,SSNC,69.55999755859375,69.55999755859375,69.56999969482422,69.55000305175781,69.55000305175781,3876.0
2024-10-25 14:36:00+00:00,SSYS,7.03000020980835,7.03000020980835,7.03000020980835,7.0,7.010000228881836,2050.0
2024-10-25 14:36:00+00:00,STNE,11.555000305175781,11.555000305175781,11.5600004196167,11.550100326538086,11.555000305175781,3831.0
2024-10-25 14:36:00+00:00,STX,103.70999908447266,103.70999908447266,103.7300033569336,103.69999694824219,103.69999694824219,1544.0
2024-10-25 14:36:00+00:00,SVRE,0.07840000092983246,0.07840000092983246,0.07840000092983246,0.07840000092983246,0.07840000092983246,6079.0
2024-10-25 14:36:00+00:00,SWKS,95.99500274658203,95.99500274658203,96.0999984741211,95.9800033569336,96.0999984741211,3549.0
2024-10-25 14:36:00+00:00,SYTA,1.309999942779541,1.309999942779541,1.309999942779541,1.2999999523162842,1.2999999523162842,3236.0
2024-10-25 14:36:00+00:00,TAOP,0.4943999946117401,0.4943999946117401,0.4943999946117401,0.4943999946117401,0.4943999946117401,400.0
2024-10-25 14:36:00+00:00,TEAM,189.27999877929688,189.27999877929688,189.3699951171875,189.14999389648438,189.3699951171875,4827.0
2024-10-25 14:36:00+00:00,TENB,41.68000030517578,41.68000030517578,41.70000076293945,41.68000030517578,41.70000076293945,1960.0
2024-10-25 14:36:00+00:00,TER,112.12000274658203,112.12000274658203,112.2750015258789,112.05000305175781,112.2699966430664,6228.0
2024-10-25 14:36:00+00:00,TRMB,60.97999954223633,60.97999954223633,60.98500061035156,60.97999954223633,60.98500061035156,647.0
2024-10-25 14:36:00+00:00,TSEM,44.70000076293945,44.70000076293945,44.70000076293945,44.70000076293945,44.70000076293945,632.0
2024-10-25 14:36:00+00:00,TTD,118.81500244140625,118.81500244140625,118.90499877929688,118.80999755859375,118.87000274658203,5362.0
2024-10-25 14:36:00+00:00,TWKS,4.445000171661377,4.445000171661377,4.449999809265137,4.440000057220459,4.440000057220459,1542.0
2024-10-25 14:36:00+00:00,TXN,207.8000030517578,207.8000030517578,207.88499450683594,207.7100067138672,207.8300018310547,4357.0
2024-10-25 14:36:00+00:00,UCTT,35.79999923706055,35.79999923706055,35.79999923706055,35.79999923706055,35.79999923706055,319.0
2024-10-25 14:36:00+00:00,VECO,29.295000076293945,29.295000076293945,29.295000076293945,29.290000915527344,29.290000915527344,759.0
2024-10-25 14:36:00+00:00,VIAV,9.210000038146973,9.210000038146973,9.210000038146973,9.210000038146973,9.210000038146973,678.0
2024-10-25 14:36:00+00:00,VMEO,4.755000114440918,4.755000114440918,4.760000228881836,4.755000114440918,4.755000114440918,618.0
2024-10-25 14:36:00+00:00,VNET,3.424999952316284,3.424999952316284,3.424999952316284,3.424999952316284,3.424999952316284,300.0
2024-10-25 14:36:00+00:00,VRNS,56.790000915527344,56.790000915527344,56.814998626708984,56.790000915527344,56.814998626708984,644.0
2024-10-25 14:36:00+00:00,VRSN,182.64999389648438,182.64999389648438,182.6999969482422,182.64999389648438,182.6999969482422,867.0
2024-10-25 14:36:00+00:00,VSAT,10.164999961853027,10.164999961853027,10.165800094604492,10.15999984741211,10.165800094604492,1860.0
2024-10-25 14:36:00+00:00,WDAY,238.90499877929688,238.90499877929688,238.90499877929688,238.77000427246094,238.77000427246094,436.0
2024-10-25 14:36:00+00:00,WDC,70.28500366210938,70.28500366210938,70.30000305175781,70.11000061035156,70.12999725341797,15237.0
2024-10-25 14:36:00+00:00,WISA,2.009999990463257,2.009999990463257,2.015000104904175,2.009999990463257,2.015000104904175,6794.0
2024-10-25 14:36:00+00:00,WLDS,3.5,3.5,3.5,3.5,3.5,5432.0
2024-10-25 14:36:00+00:00,XPER,9.395000457763672,9.395000457763672,9.395000457763672,9.395000457763672,9.395000457763672,206.0
2024-10-25 14:36:00+00:00,XRX,10.005000114440918,10.005000114440918,10.005000114440918,10.005000114440918,10.005000114440918,1101.0
2024-10-25 14:36:00+00:00,ZBRA,360.8699951171875,360.8699951171875,360.8699951171875,360.8699951171875,360.8699951171875,440.0
2024-10-25 14:36:00+00:00,ZI,10.494999885559082,10.494999885559082,10.5,10.494999885559082,10.494999885559082,1214.0
2024-10-25 14:36:00+00:00,ZM,73.01000213623047,73.01000213623047,73.01000213623047,73.01000213623047,73.01000213623047,1633.0
2024-10-25 14:37:00+00:00,AAOI,17.729999542236328,17.729999542236328,17.729999542236328,17.729999542236328,17.729999542236328,782.0
2024-10-25 14:37:00+00:00,AAPL,231.83200073242188,231.83200073242188,231.86990356445312,231.80999755859375,231.86160278320312,30006.0
2024-10-25 14:37:00+00:00,ACIW,48.93000030517578,48.93000030517578,48.93000030517578,48.915000915527344,48.915000915527344,704.0
2024-10-25 14:37:00+00:00,ACMR,19.65999984741211,19.65999984741211,19.65999984741211,19.657499313354492,19.657499313354492,479.0
2024-10-25 14:37:00+00:00,ADBE,483.6600036621094,483.6600036621094,483.6600036621094,483.6549987792969,483.6549987792969,1080.0
2024-10-25 14:37:00+00:00,ADI,231.5800018310547,231.5800018310547,231.5800018310547,231.41000366210938,231.41000366210938,1624.0
2024-10-25 14:37:00+00:00,ADSK,286.2950134277344,286.2950134277344,286.2950134277344,286.17999267578125,286.17999267578125,819.0
2024-10-25 14:37:00+00:00,ADTN,6.28000020980835,6.28000020980835,6.28000020980835,6.28000020980835,6.28000020980835,598.0
2024-10-25 14:37:00+00:00,AEHR,16.924999237060547,16.924999237060547,16.940000534057617,16.91200065612793,16.920000076293945,1112.0
2024-10-25 14:37:00+00:00,AEYE,22.649999618530273,22.649999618530273,22.649999618530273,22.649999618530273,22.649999618530273,571.0
2024-10-25 14:37:00+00:00,AFRM,41.487998962402344,41.487998962402344,41.4900016784668,41.470001220703125,41.470001220703125,1738.0
2024-10-25 14:37:00+00:00,AIRG,9.289899826049805,9.289899826049805,9.289899826049805,9.289899826049805,9.289899826049805,1531.0
2024-10-25 14:37:00+00:00,AKAM,102.16500091552734,102.16500091552734,102.16500091552734,102.16500091552734,102.16500091552734,834.0
2024-10-25 14:37:00+00:00,ALGM,23.1200008392334,23.1200008392334,23.12700080871582,23.079999923706055,23.079999923706055,4410.0
2024-10-25 14:37:00+00:00,ALKT,38.02000045776367,38.02000045776367,38.02000045776367,38.02000045776367,38.02000045776367,319.0
2024-10-25 14:37:00+00:00,AMAT,187.43499755859375,187.43499755859375,187.43499755859375,187.32000732421875,187.3699951171875,2857.0
2024-10-25 14:37:00+00:00,AMBA,57.88999938964844,57.88999938964844,57.88999938964844,57.76150131225586,57.88999938964844,6366.0
2024-10-25 14:37:00+00:00,AMD,156.63999938964844,156.63999938964844,156.67999267578125,156.5500030517578,156.56500244140625,28953.0
2024-10-25 14:37:00+00:00,AMKR,30.040000915527344,30.040000915527344,30.040000915527344,30.030000686645508,30.030000686645508,684.0
2024-10-25 14:37:00+00:00,ANSS,322.9800109863281,322.9800109863281,323.0199890136719,322.8699951171875,322.8699951171875,1334.0
2024-10-25 14:37:00+00:00,API,2.875,2.875,2.875,2.875,2.875,353.0
2024-10-25 14:37:00+00:00,APP,161.53500366210938,161.53500366210938,161.55999755859375,161.53500366210938,161.55999755859375,1319.0
2024-10-25 14:37:00+00:00,APPF,211.80499267578125,211.80499267578125,211.80499267578125,211.80499267578125,211.80499267578125,531.0
2024-10-25 14:37:00+00:00,ARRY,6.445000171661377,6.445000171661377,6.449999809265137,6.445000171661377,6.445000171661377,3083.0
2024-10-25 14:37:00+00:00,ASML,714.2899780273438,714.2899780273438,714.2899780273438,713.6099853515625,713.6099853515625,2544.0
2024-10-25 14:37:00+00:00,AUR,6.394999980926514,6.394999980926514,6.394999980926514,6.385000228881836,6.389999866485596,6474.0
2024-10-25 14:37:00+00:00,AVDX,8.130000114440918,8.130000114440918,8.130000114440918,8.130000114440918,8.130000114440918,1535.0
2024-10-25 14:37:00+00:00,AVGO,174.3699951171875,174.3699951171875,174.3699951171875,174.1699981689453,174.2548065185547,15073.0
2024-10-25 14:37:00+00:00,AVT,54.04999923706055,54.04999923706055,54.04999923706055,54.04999923706055,54.04999923706055,80.0
2024-10-25 14:37:00+00:00,AZPN,238.25,238.25,238.4499969482422,238.25,238.44000244140625,829.0
2024-10-25 14:37:00+00:00,BAND,17.698400497436523,17.698400497436523,17.719999313354492,17.698400497436523,17.719999313354492,428.0
2024-10-25 14:37:00+00:00,BCOV,2.265000104904175,2.265000104904175,2.265000104904175,2.265000104904175,2.265000104904175,0.0
2024-10-25 14:37:00+00:00,BEEM,4.835000038146973,4.835000038146973,4.835000038146973,4.835000038146973,4.835000038146973,936.0
2024-10-25 14:37:00+00:00,BIGC,5.304699897766113,5.304699897766113,5.304699897766113,5.304699897766113,5.304699897766113,367.0
2024-10-25 14:37:00+00:00,BLKB,85.875,85.875,85.875,85.875,85.875,551.0
2024-10-25 14:37:00+00:00,BMBL,7.09499979019165,7.09499979019165,7.099999904632568,7.090000152587891,7.09499979019165,4130.0
2024-10-25 14:37:00+00:00,BRZE,30.770000457763672,30.770000457763672,30.770000457763672,30.770000457763672,30.770000457763672,321.0
2024-10-25 14:37:00+00:00,BSY,49.236000061035156,49.236000061035156,49.236000061035156,49.236000061035156,49.236000061035156,224.0
2024-10-25 14:37:00+00:00,CAN,0.9771000146865845,0.9771000146865845,0.9771000146865845,0.9771000146865845,0.9771000146865845,1157.0
2024-10-25 14:37:00+00:00,CCSI,20.170000076293945,20.170000076293945,20.187000274658203,20.170000076293945,20.187000274658203,557.0
2024-10-25 14:37:00+00:00,CDNS,258.55999755859375,258.55999755859375,258.5899963378906,258.55999755859375,258.57000732421875,1387.0
2024-10-25 14:37:00+00:00,CDW,218.33999633789062,218.33999633789062,218.3699951171875,218.31500244140625,218.34500122070312,852.0
2024-10-25 14:37:00+00:00,CETX,0.3034999966621399,0.3034999966621399,0.3037000000476837,0.30300000309944153,0.3037000000476837,24662.0
2024-10-25 14:37:00+00:00,CFLT,22.575000762939453,22.575000762939453,22.59000015258789,22.575000762939453,22.59000015258789,2481.0
2024-10-25 14:37:00+00:00,CGNT,6.615200042724609,6.615200042724609,6.615200042724609,6.610000133514404,6.610000133514404,540.0
2024-10-25 14:37:00+00:00,CGNX,38.90999984741211,38.90999984741211,38.90999984741211,38.904998779296875,38.904998779296875,930.0
2024-10-25 14:37:00+00:00,CLBT,18.239999771118164,18.239999771118164,18.239999771118164,18.239999771118164,18.239999771118164,384.0
2024-10-25 14:37:00+00:00,CLSK,11.805000305175781,11.805000305175781,11.829999923706055,11.795000076293945,11.795000076293945,93177.0
2024-10-25 14:37:00+00:00,CMTL,3.7100000381469727,3.7100000381469727,3.7100000381469727,3.7100000381469727,3.7100000381469727,1572.0
2024-10-25 14:37:00+00:00,CNDT,3.5999999046325684,3.5999999046325684,3.6050000190734863,3.5999999046325684,3.5999999046325684,11626.0
2024-10-25 14:37:00+00:00,COHR,95.79499816894531,95.79499816894531,95.79499816894531,95.7300033569336,95.73359680175781,2218.0
2024-10-25 14:37:00+00:00,COIN,208.6300048828125,208.6300048828125,208.85000610351562,208.37010192871094,208.72000122070312,10457.0
2024-10-25 14:37:00+00:00,COMM,6.255000114440918,6.255000114440918,6.264999866485596,6.255000114440918,6.255000114440918,3865.0
2024-10-25 14:37:00+00:00,CORZ,13.395000457763672,13.395000457763672,13.404999732971191,13.392499923706055,13.395000457763672,8290.0
2024-10-25 14:37:00+00:00,CRCT,6.579999923706055,6.579999923706055,6.579999923706055,6.579999923706055,6.579999923706055,238.0
2024-10-25 14:37:00+00:00,CRDO,39.150001525878906,39.150001525878906,39.150001525878906,39.119998931884766,39.120201110839844,1769.0
2024-10-25 14:37:00+00:00,CRSR,6.340000152587891,6.340000152587891,6.340000152587891,6.340000152587891,6.340000152587891,490.0
2024-10-25 14:37:00+00:00,CRUS,122.83000183105469,122.83000183105469,122.84249877929688,122.83000183105469,122.84249877929688,312.0
2024-10-25 14:37:00+00:00,CRWD,296.0799865722656,296.0799865722656,296.19989013671875,295.6600036621094,295.81878662109375,5942.0
2024-10-25 14:37:00+00:00,CSCO,55.77009963989258,55.77009963989258,55.779998779296875,55.76499938964844,55.77000045776367,17626.0
2024-10-25 14:37:00+00:00,CSGS,47.474998474121094,47.474998474121094,47.474998474121094,47.459999084472656,47.459999084472656,890.0
2024-10-25 14:37:00+00:00,CSIQ,13.369999885559082,13.369999885559082,13.369999885559082,13.359800338745117,13.359800338745117,1437.0
2024-10-25 14:37:00+00:00,CTLP,8.87399959564209,8.87399959564209,8.880000114440918,8.87399959564209,8.880000114440918,1980.0
2024-10-25 14:37:00+00:00,CTSH,74.80000305175781,74.80000305175781,74.80000305175781,74.74500274658203,74.74500274658203,3075.0
2024-10-25 14:37:00+00:00,DAKT,13.100000381469727,13.100000381469727,13.100000381469727,13.100000381469727,13.100000381469727,1146.0
2024-10-25 14:37:00+00:00,DBX,26.075000762939453,26.075000762939453,26.075000762939453,26.06999969482422,26.06999969482422,2582.0
2024-10-25 14:37:00+00:00,DDOG,126.2750015258789,126.2750015258789,126.2750015258789,126.2300033569336,126.2300033569336,1140.0
2024-10-25 14:37:00+00:00,DGII,30.209999084472656,30.209999084472656,30.209999084472656,30.209999084472656,30.209999084472656,112.0
2024-10-25 14:37:00+00:00,DIOD,65.18499755859375,65.18499755859375,65.18499755859375,65.18499755859375,65.18499755859375,338.0
2024-10-25 14:37:00+00:00,DMRC,31.565000534057617,31.565000534057617,31.565000534057617,31.43000030517578,31.43000030517578,608.0
2024-10-25 14:37:00+00:00,DOCU,68.94499969482422,68.94499969482422,68.96499633789062,68.94000244140625,68.94000244140625,6479.0
2024-10-25 14:37:00+00:00,DSGX,104.33999633789062,104.33999633789062,104.33999633789062,104.33999633789062,104.33999633789062,118.0
2024-10-25 14:37:00+00:00,DTSS,2.4700000286102295,2.4700000286102295,2.4700000286102295,2.4700000286102295,2.4700000286102295,101.0
2024-10-25 14:37:00+00:00,EEFT,100.06999969482422,100.06999969482422,100.06999969482422,100.06999969482422,100.06999969482422,337.0
2024-10-25 14:37:00+00:00,EMKR,2.125,2.125,2.125,2.125,2.125,350.0
2024-10-25 14:37:00+00:00,ENPH,83.68000030517578,83.68000030517578,83.70999908447266,83.66999816894531,83.69000244140625,8318.0
2024-10-25 14:37:00+00:00,ENTG,104.51000213623047,104.51000213623047,104.5199966430664,104.51000213623047,104.5199966430664,696.0
2024-10-25 14:37:00+00:00,ERIC,8.454999923706055,8.454999923706055,8.454999923706055,8.454999923706055,8.454999923706055,25058.0
2024-10-25 14:37:00+00:00,EXLS,38.779998779296875,38.779998779296875,38.779998779296875,38.77000045776367,38.77000045776367,758.0
2024-10-25 14:37:00+00:00,EXTR,14.390000343322754,14.390000343322754,14.390000343322754,14.380000114440918,14.380000114440918,810.0
2024-10-25 14:37:00+00:00,FFIV,216.22000122070312,216.22000122070312,216.22000122070312,216.07000732421875,216.07000732421875,1064.0
2024-10-25 14:37:00+00:00,FIVN,29.889999389648438,29.889999389648438,29.905000686645508,29.8799991607666,29.889999389648438,2469.0
2024-10-25 14:37:00+00:00,FLEX,35.23500061035156,35.23500061035156,35.23500061035156,35.220001220703125,35.220001220703125,2608.0
2024-10-25 14:37:00+00:00,FLYW,17.290000915527344,17.290000915527344,17.290000915527344,17.290000915527344,17.290000915527344,1590.0
2024-10-25 14:37:00+00:00,FRGT,1.8799999952316284,1.8799999952316284,1.8799999952316284,1.8799999952316284,1.8799999952316284,1327.0
2024-10-25 14:37:00+00:00,FROG,29.270000457763672,29.270000457763672,29.270000457763672,29.270000457763672,29.270000457763672,294.0
2024-10-25 14:37:00+00:00,FRSH,11.619999885559082,11.619999885559082,11.619999885559082,11.619999885559082,11.619999885559082,496.0
2024-10-25 14:37:00+00:00,FSLR,198.38999938964844,198.38999938964844,198.52999877929688,198.3800048828125,198.52999877929688,1242.0
2024-10-25 14:37:00+00:00,FTCI,0.652999997138977,0.652999997138977,0.652999997138977,0.652999997138977,0.652999997138977,200.0
2024-10-25 14:37:00+00:00,FTNT,80.53500366210938,80.53500366210938,80.54000091552734,80.52999877929688,80.52999877929688,1844.0
2024-10-25 14:37:00+00:00,GCT,24.799999237060547,24.799999237060547,24.799999237060547,24.7450008392334,24.7450008392334,2124.0
2024-10-25 14:37:00+00:00,GDS,21.5,21.5,21.5,21.5,21.5,234.0
2024-10-25 14:37:00+00:00,GDYN,15.604999542236328,15.604999542236328,15.604999542236328,15.600000381469727,15.600000381469727,237.0
2024-10-25 14:37:00+00:00,GFS,40.630001068115234,40.630001068115234,40.630001068115234,40.61000061035156,40.61000061035156,1979.0
2024-10-25 14:37:00+00:00,GRAB,4.074999809265137,4.074999809265137,4.079999923706055,4.074999809265137,4.079899787902832,44367.0
2024-10-25 14:37:00+00:00,GTLB,55.22990036010742,55.22990036010742,55.22990036010742,55.22990036010742,55.22990036010742,521.0
2024-10-25 14:37:00+00:00,HCP,33.654998779296875,33.654998779296875,33.665000915527344,33.654998779296875,33.665000915527344,4865.0
2024-10-25 14:37:00+00:00,HEAR,16.524999618530273,16.524999618530273,16.524999618530273,16.512500762939453,16.512500762939453,253.0
2024-10-25 14:37:00+00:00,HIMX,6.195000171661377,6.195000171661377,6.195000171661377,6.195000171661377,6.195000171661377,1365.0
2024-10-25 14:37:00+00:00,HOLO,3.5899999141693115,3.5899999141693115,3.5899999141693115,3.5840001106262207,3.5840001106262207,2113.0
2024-10-25 14:37:00+00:00,HOOD,27.190000534057617,27.190000534057617,27.19499969482422,27.174999237060547,27.174999237060547,5732.0
2024-10-25 14:37:00+00:00,IBEX,18.03499984741211,18.03499984741211,18.03499984741211,18.03499984741211,18.03499984741211,266.0
2024-10-25 14:37:00+00:00,ICHR,27.594999313354492,27.594999313354492,27.6200008392334,27.594999313354492,27.6200008392334,393.0
2024-10-25 14:37:00+00:00,IMOS,22.46500015258789,22.46500015258789,22.46500015258789,22.46500015258789,22.46500015258789,344.0
2024-10-25 14:37:00+00:00,IMXI,17.6299991607666,17.6299991607666,17.6299991607666,17.6299991607666,17.6299991607666,328.0
2024-10-25 14:37:00+00:00,INDI,3.505000114440918,3.505000114440918,3.505000114440918,3.5,3.5,343.0
2024-10-25 14:37:00+00:00,INFN,6.764999866485596,6.764999866485596,6.768199920654297,6.760000228881836,6.768199920654297,3739.0
2024-10-25 14:37:00+00:00,INTA,50.21500015258789,50.21500015258789,50.21500015258789,50.21500015258789,50.21500015258789,123.0
2024-10-25 14:37:00+00:00,INTC,22.94499969482422,22.94499969482422,22.950000762939453,22.93000030517578,22.934999465942383,65296.0
2024-10-25 14:37:00+00:00,INTU,609.125,609.125,609.125,609.125,609.125,725.0
2024-10-25 14:37:00+00:00,ITI,7.195000171661377,7.195000171661377,7.195000171661377,7.190000057220459,7.190000057220459,504.0
2024-10-25 14:37:00+00:00,JAMF,16.795000076293945,16.795000076293945,16.795000076293945,16.795000076293945,16.795000076293945,301.0
2024-10-25 14:37:00+00:00,JKHY,182.59500122070312,182.59500122070312,182.59500122070312,182.59500122070312,182.59500122070312,438.0
2024-10-25 14:37:00+00:00,KLIC,44.61000061035156,44.61000061035156,44.61000061035156,44.61000061035156,44.61000061035156,878.0
2024-10-25 14:37:00+00:00,LINK,4.818999767303467,4.818999767303467,4.8196001052856445,4.78000020980835,4.78000020980835,2554.0
2024-10-25 14:37:00+00:00,LITE,64.6050033569336,64.6050033569336,64.6050033569336,64.6050033569336,64.6050033569336,464.0
2024-10-25 14:37:00+00:00,LPSN,1.1699999570846558,1.1699999570846558,1.1699999570846558,1.1660000085830688,1.1660000085830688,1700.0
2024-10-25 14:37:00+00:00,LRCX,78.57499694824219,78.57499694824219,78.57499694824219,78.5250015258789,78.55899810791016,14613.0
2024-10-25 14:37:00+00:00,LSCC,54.349998474121094,54.349998474121094,54.36000061035156,54.31999969482422,54.31999969482422,1999.0
2024-10-25 14:37:00+00:00,LYFT,13.8149995803833,13.8149995803833,13.8149995803833,13.81470012664795,13.8149995803833,7847.0
2024-10-25 14:37:00+00:00,MAPS,0.8479999899864197,0.8479999899864197,0.8479999899864197,0.8479999899864197,0.8479999899864197,565.0
2024-10-25 14:37:00+00:00,MAXN,5.760000228881836,5.760000228881836,5.78000020980835,5.730000019073486,5.730000019073486,1702.0
2024-10-25 14:37:00+00:00,MCHP,76.81999969482422,76.81999969482422,76.81999969482422,76.80000305175781,76.80000305175781,1369.0
2024-10-25 14:37:00+00:00,MDB,266.7799987792969,266.7799987792969,266.7799987792969,266.7799987792969,266.7799987792969,950.0
2024-10-25 14:37:00+00:00,MITK,8.770000457763672,8.770000457763672,8.770000457763672,8.75,8.760000228881836,2342.0
2024-10-25 14:37:00+00:00,MKSI,101.2249984741211,101.2249984741211,101.2249984741211,101.22250366210938,101.22250366210938,736.0
2024-10-25 14:37:00+00:00,MKTW,0.5781000256538391,0.5781000256538391,0.5781000256538391,0.578000009059906,0.578000009059906,5458.0
2024-10-25 14:37:00+00:00,MPWR,912.3150024414062,912.3150024414062,912.3150024414062,911.8599853515625,911.8599853515625,1219.0
2024-10-25 14:37:00+00:00,MQ,5.295000076293945,5.295000076293945,5.295000076293945,5.295000076293945,5.295000076293945,1448.0
2024-10-25 14:37:00+00:00,MRVL,82.23999786376953,82.23999786376953,82.26000213623047,82.20999908447266,82.22689819335938,9452.0
2024-10-25 14:37:00+00:00,MSFT,428.6300048828125,428.6300048828125,428.7300109863281,428.489990234375,428.5400085449219,10376.0
2024-10-25 14:37:00+00:00,MSTR,236.9199981689453,236.9199981689453,237.38999938964844,236.7100067138672,236.8699951171875,62690.0
2024-10-25 14:37:00+00:00,MTLS,5.934999942779541,5.934999942779541,5.934999942779541,5.934999942779541,5.934999942779541,263.0
2024-10-25 14:37:00+00:00,MTSI,120.73999786376953,120.73999786376953,120.73999786376953,120.73999786376953,120.73999786376953,939.0
2024-10-25 14:37:00+00:00,MTTR,4.59499979019165,4.59499979019165,4.59499979019165,4.59499979019165,4.59499979019165,940.0
2024-10-25 14:37:00+00:00,MU,108.87999725341797,108.87999725341797,108.88999938964844,108.7699966430664,108.77999877929688,27495.0
2024-10-25 14:37:00+00:00,MXL,14.869999885559082,14.869999885559082,14.869999885559082,14.859999656677246,14.859999656677246,769.0
2024-10-25 14:37:00+00:00,NICE,175.07000732421875,175.07000732421875,175.07000732421875,175.0500030517578,175.0500030517578,1003.0
2024-10-25 14:37:00+00:00,NOVT,173.4600067138672,173.4600067138672,173.4600067138672,173.4600067138672,173.4600067138672,194.0
2024-10-25 14:37:00+00:00,NTAP,119.8499984741211,119.8499984741211,119.8499984741211,119.8499984741211,119.8499984741211,308.0
2024-10-25 14:37:00+00:00,NTNX,62.154998779296875,62.154998779296875,62.154998779296875,62.1349983215332,62.1349983215332,1176.0
2024-10-25 14:37:00+00:00,NVDA,141.85609436035156,141.85609436035156,141.87989807128906,141.7550048828125,141.8000030517578,215816.0
2024-10-25 14:37:00+00:00,NVEI,33.494998931884766,33.494998931884766,33.494998931884766,33.494998931884766,33.494998931884766,617.0
2024-10-25 14:37:00+00:00,NVTS,2.5399999618530273,2.5399999618530273,2.5450000762939453,2.5399999618530273,2.5450000762939453,4157.0
2024-10-25 14:37:00+00:00,NXPI,243.8300018310547,243.8300018310547,243.8300018310547,243.8300018310547,243.8300018310547,234.0
2024-10-25 14:37:00+00:00,OKTA,72.20500183105469,72.20500183105469,72.20500183105469,72.17500305175781,72.17500305175781,725.0
2024-10-25 14:37:00+00:00,OLED,203.77000427246094,203.77000427246094,203.77000427246094,203.77000427246094,203.77000427246094,1533.0
2024-10-25 14:37:00+00:00,ON,71.52999877929688,71.52999877929688,71.54000091552734,71.48999786376953,71.51000213623047,8193.0
2024-10-25 14:37:00+00:00,PANW,366.95001220703125,366.95001220703125,366.95001220703125,366.95001220703125,366.95001220703125,375.0
2024-10-25 14:37:00+00:00,PAYO,8.305000305175781,8.305000305175781,8.305000305175781,8.305000305175781,8.305000305175781,1025.0
2024-10-25 14:37:00+00:00,PGY,11.819999694824219,11.819999694824219,11.819999694824219,11.819999694824219,11.819999694824219,206.0
2024-10-25 14:37:00+00:00,PHUN,10.369999885559082,10.369999885559082,10.390000343322754,10.300000190734863,10.300000190734863,22692.0
2024-10-25 14:37:00+00:00,PI,203.30999755859375,203.30999755859375,203.30999755859375,203.30999755859375,203.30999755859375,950.0
2024-10-25 14:37:00+00:00,PYCR,14.305000305175781,14.305000305175781,14.305000305175781,14.305000305175781,14.305000305175781,1141.0
2024-10-25 14:37:00+00:00,QCOM,171.38999938964844,171.38999938964844,171.38999938964844,171.27000427246094,171.30999755859375,2152.0
2024-10-25 14:37:00+00:00,QLYS,121.0,121.0,121.0,120.98999786376953,120.98999786376953,1969.0
2024-10-25 14:37:00+00:00,QRVO,99.95999908447266,99.95999908447266,99.95999908447266,99.8499984741211,99.87000274658203,2190.0
2024-10-25 14:37:00+00:00,RCAT,2.7695000171661377,2.7695000171661377,2.7695000171661377,2.7695000171661377,2.7695000171661377,112.0
2024-10-25 14:37:00+00:00,RELY,14.800000190734863,14.800000190734863,14.8100004196167,14.789999961853027,14.789999961853027,3922.0
2024-10-25 14:37:00+00:00,RGTI,1.2350000143051147,1.2350000143051147,1.2400000095367432,1.2350000143051147,1.2400000095367432,1232.0
2024-10-25 14:37:00+00:00,RIOT,9.899999618530273,9.899999618530273,9.914999961853027,9.885000228881836,9.885000228881836,66589.0
2024-10-25 14:37:00+00:00,RMNI,1.714900016784668,1.714900016784668,1.7200000286102295,1.7100000381469727,1.7100000381469727,6156.0
2024-10-25 14:37:00+00:00,RPAY,7.614999771118164,7.614999771118164,7.619999885559082,7.610000133514404,7.610000133514404,3444.0
2024-10-25 14:37:00+00:00,RPD,38.755001068115234,38.755001068115234,38.755001068115234,38.755001068115234,38.755001068115234,242.0
2024-10-25 14:37:00+00:00,RUMBW,1.340000033378601,1.340000033378601,1.340000033378601,1.340000033378601,1.340000033378601,1000.0
2024-10-25 14:37:00+00:00,RUN,14.385000228881836,14.385000228881836,14.385000228881836,14.369999885559082,14.369999885559082,4445.0
2024-10-25 14:37:00+00:00,SANM,67.61000061035156,67.61000061035156,67.61000061035156,67.5999984741211,67.5999984741211,925.0
2024-10-25 14:37:00+00:00,SATS,25.219999313354492,25.219999313354492,25.219999313354492,25.200000762939453,25.200000762939453,1050.0
2024-10-25 14:37:00+00:00,SCWX,8.375,8.375,8.375,8.375,8.375,233.0
2024-10-25 14:37:00+00:00,SEDG,15.890000343322754,15.890000343322754,15.895000457763672,15.890000343322754,15.895000457763672,1591.0
2024-10-25 14:37:00+00:00,SITM,180.22999572753906,180.22999572753906,180.22999572753906,180.22999572753906,180.22999572753906,1372.0
2024-10-25 14:37:00+00:00,SKYT,10.579999923706055,10.579999923706055,10.579999923706055,10.579999923706055,10.579999923706055,698.0
2024-10-25 14:37:00+00:00,SMCI,47.380001068115234,47.380001068115234,47.38999938964844,47.34000015258789,47.34000015258789,37392.0
2024-10-25 14:37:00+00:00,SNPS,503.0,503.0,503.1600036621094,503.0,503.1400146484375,1112.0
2024-10-25 14:37:00+00:00,SONO,12.725000381469727,12.725000381469727,12.725000381469727,12.725000381469727,12.725000381469727,685.0
2024-10-25 14:37:00+00:00,SOUN,5.195000171661377,5.195000171661377,5.1992998123168945,5.184999942779541,5.184999942779541,28777.0
2024-10-25 14:37:00+00:00,SPSC,170.94000244140625,170.94000244140625,170.95379638671875,170.89999389648438,170.92999267578125,1140.0
2024-10-25 14:37:00+00:00,SSNC,69.61000061035156,69.61000061035156,69.61000061035156,69.55999755859375,69.55999755859375,5577.0
2024-10-25 14:37:00+00:00,SSYS,7.039999961853027,7.039999961853027,7.050000190734863,7.039999961853027,7.039999961853027,1595.0
2024-10-25 14:37:00+00:00,STNE,11.5649995803833,11.5649995803833,11.569999694824219,11.555000305175781,11.555000305175781,3883.0
2024-10-25 14:37:00+00:00,STX,103.76000213623047,103.76000213623047,103.7699966430664,103.7300033569336,103.7300033569336,1492.0
2024-10-25 14:37:00+00:00,SWKS,96.01000213623047,96.01000213623047,96.01000213623047,95.97000122070312,95.97000122070312,2245.0
2024-10-25 14:37:00+00:00,SYTA,1.3200000524520874,1.3200000524520874,1.3200000524520874,1.3200000524520874,1.3200000524520874,607.0
2024-10-25 14:37:00+00:00,TACT,4.184999942779541,4.184999942779541,4.184999942779541,4.170000076293945,4.170000076293945,771.0
2024-10-25 14:37:00+00:00,TEAM,189.38999938964844,189.38999938964844,189.38999938964844,189.22000122070312,189.27999877929688,2976.0
2024-10-25 14:37:00+00:00,TER,112.12000274658203,112.12000274658203,112.12000274658203,112.1050033569336,112.1050033569336,1200.0
2024-10-25 14:37:00+00:00,TRMB,61.0,61.0,61.0,60.98109817504883,60.98109817504883,596.0
2024-10-25 14:37:00+00:00,TTD,118.8949966430664,118.8949966430664,118.8949966430664,118.80999755859375,118.80999755859375,1909.0
2024-10-25 14:37:00+00:00,TTMI,19.6200008392334,19.6200008392334,19.6200008392334,19.6200008392334,19.6200008392334,627.0
2024-10-25 14:37:00+00:00,TWKS,4.440000057220459,4.440000057220459,4.449999809265137,4.440000057220459,4.440000057220459,6614.0
2024-10-25 14:37:00+00:00,TXN,207.85000610351562,207.85000610351562,207.85000610351562,207.74000549316406,207.74000549316406,4103.0
2024-10-25 14:37:00+00:00,UCTT,35.834999084472656,35.834999084472656,35.834999084472656,35.810001373291016,35.810001373291016,1002.0
2024-10-25 14:37:00+00:00,VCSA,2.390000104904175,2.390000104904175,2.390000104904175,2.390000104904175,2.390000104904175,212.0
2024-10-25 14:37:00+00:00,VECO,29.31999969482422,29.31999969482422,29.31999969482422,29.309999465942383,29.309999465942383,1824.0
2024-10-25 14:37:00+00:00,VERX,42.18000030517578,42.18000030517578,42.18000030517578,42.18000030517578,42.18000030517578,363.0
2024-10-25 14:37:00+00:00,VIAV,9.204999923706055,9.204999923706055,9.210000038146973,9.204999923706055,9.210000038146973,1884.0
2024-10-25 14:37:00+00:00,VICR,46.58169937133789,46.58169937133789,46.58169937133789,46.560001373291016,46.560001373291016,671.0
2024-10-25 14:37:00+00:00,VMEO,4.760000228881836,4.760000228881836,4.760000228881836,4.755000114440918,4.760000228881836,1575.0
2024-10-25 14:37:00+00:00,VNET,3.424999952316284,3.424999952316284,3.424999952316284,3.424999952316284,3.424999952316284,503.0
2024-10-25 14:37:00+00:00,VRNS,56.79999923706055,56.79999923706055,56.79999923706055,56.79999923706055,56.79999923706055,334.0
2024-10-25 14:37:00+00:00,VRNT,21.975000381469727,21.975000381469727,21.975000381469727,21.975000381469727,21.975000381469727,779.0
2024-10-25 14:37:00+00:00,VRSN,182.875,182.875,182.97000122070312,182.64999389648438,182.64999389648438,4293.0
2024-10-25 14:37:00+00:00,VSAT,10.180000305175781,10.180000305175781,10.180000305175781,10.164999961853027,10.169899940490723,4952.0
2024-10-25 14:37:00+00:00,VUZI,1.2949999570846558,1.2949999570846558,1.2979999780654907,1.2949999570846558,1.2979999780654907,2223.0
2024-10-25 14:37:00+00:00,WDAY,239.0399932861328,239.0399932861328,239.0399932861328,238.77499389648438,238.77499389648438,1417.0
2024-10-25 14:37:00+00:00,WDC,70.37000274658203,70.37000274658203,70.44000244140625,70.2500991821289,70.2605972290039,24608.0
2024-10-25 14:37:00+00:00,WISA,2.0102999210357666,2.0102999210357666,2.0102999210357666,2.0102999210357666,2.0102999210357666,0.0
2024-10-25 14:37:00+00:00,XPER,9.399900436401367,9.399900436401367,9.399900436401367,9.399200439453125,9.399200439453125,1359.0
2024-10-25 14:37:00+00:00,XRX,10.03499984741211,10.03499984741211,10.03499984741211,10.010000228881836,10.010000228881836,1771.0
2024-10-25 14:37:00+00:00,ZBRA,360.8599853515625,360.8599853515625,360.8599853515625,360.8599853515625,360.8599853515625,1820.0
2024-10-25 14:37:00+00:00,ZI,10.510000228881836,10.510000228881836,10.510000228881836,10.5,10.5,3799.0
2024-10-25 14:37:00+00:00,ZM,73.03500366210938,73.03500366210938,73.03500366210938,73.03500366210938,73.03500366210938,1549.0
2024-10-25 14:37:00+00:00,ZS,185.00999450683594,185.00999450683594,185.00999450683594,184.86000061035156,184.875,1398.0
2024-10-25 14:38:00+00:00,AAOI,17.719999313354492,17.719999313354492,17.719999313354492,17.719999313354492,17.719999313354492,545.0
2024-10-25 14:38:00+00:00,AAPL,231.8300018310547,231.8300018310547,231.8446044921875,231.80999755859375,231.82000732421875,15730.0
2024-10-25 14:38:00+00:00,ACIW,48.939998626708984,48.939998626708984,48.939998626708984,48.93000030517578,48.93000030517578,1097.0
2024-10-25 14:38:00+00:00,ADSK,286.20001220703125,286.20001220703125,286.20001220703125,286.20001220703125,286.20001220703125,186.0
2024-10-25 14:38:00+00:00,AEHR,16.934999465942383,16.934999465942383,16.934999465942383,16.90999984741211,16.90999984741211,610.0
2024-10-25 14:38:00+00:00,AFRM,41.529998779296875,41.529998779296875,41.529998779296875,41.470001220703125,41.487998962402344,2907.0
2024-10-25 14:38:00+00:00,AIRG,9.224300384521484,9.224300384521484,9.359999656677246,9.224300384521484,9.279199600219727,2023.0
2024-10-25 14:38:00+00:00,ALGM,23.155000686645508,23.155000686645508,23.15999984741211,23.110000610351562,23.1200008392334,4113.0
2024-10-25 14:38:00+00:00,ALKT,38.064998626708984,38.064998626708984,38.06999969482422,38.005001068115234,38.02000045776367,6079.0
2024-10-25 14:38:00+00:00,ALOT,14.399999618530273,14.399999618530273,14.399999618530273,14.399999618530273,14.399999618530273,999.0
2024-10-25 14:38:00+00:00,ALRM,54.619998931884766,54.619998931884766,54.619998931884766,54.619998931884766,54.619998931884766,733.0
2024-10-25 14:38:00+00:00,ALTR,103.69499969482422,103.69499969482422,103.69499969482422,103.69499969482422,103.69499969482422,371.0
2024-10-25 14:38:00+00:00,AMBA,57.880001068115234,57.880001068115234,57.880001068115234,57.880001068115234,57.880001068115234,1006.0
2024-10-25 14:38:00+00:00,AMD,156.6300048828125,156.6300048828125,156.63400268554688,156.5601043701172,156.61000061035156,16810.0
2024-10-25 14:38:00+00:00,AMKR,30.020000457763672,30.020000457763672,30.020000457763672,30.020000457763672,30.020000457763672,622.0
2024-10-25 14:38:00+00:00,AMPL,9.104999542236328,9.104999542236328,9.104999542236328,9.104999542236328,9.104999542236328,336.0
2024-10-25 14:38:00+00:00,API,2.875,2.875,2.875,2.875,2.875,100.0
2024-10-25 14:38:00+00:00,APP,161.51400756835938,161.51400756835938,161.58749389648438,161.51400756835938,161.58749389648438,947.0
2024-10-25 14:38:00+00:00,APPF,211.60000610351562,211.60000610351562,211.61000061035156,211.60000610351562,211.61000061035156,2371.0
2024-10-25 14:38:00+00:00,ARBE,1.8487999439239502,1.8487999439239502,1.8487999439239502,1.8487999439239502,1.8487999439239502,912.0
2024-10-25 14:38:00+00:00,ARRY,6.454999923706055,6.454999923706055,6.454999923706055,6.445000171661377,6.445000171661377,8065.0
2024-10-25 14:38:00+00:00,ASML,714.1400146484375,714.1400146484375,714.7885131835938,714.1400146484375,714.344970703125,4017.0
2024-10-25 14:38:00+00:00,AUR,6.394999980926514,6.394999980926514,6.394999980926514,6.394999980926514,6.394999980926514,208.0
2024-10-25 14:38:00+00:00,AVDX,8.130000114440918,8.130000114440918,8.135000228881836,8.126899719238281,8.126899719238281,4314.0
2024-10-25 14:38:00+00:00,AVGO,174.36000061035156,174.36000061035156,174.36000061035156,174.27999877929688,174.35000610351562,13421.0
2024-10-25 14:38:00+00:00,AVT,54.04499816894531,54.04499816894531,54.04499816894531,54.04499816894531,54.04499816894531,163.0
2024-10-25 14:38:00+00:00,AWRE,2.0199999809265137,2.0199999809265137,2.0199999809265137,2.0199999809265137,2.0199999809265137,100.0
2024-10-25 14:38:00+00:00,BELFB,79.02999877929688,79.02999877929688,79.02999877929688,79.02999877929688,79.02999877929688,144.0
2024-10-25 14:38:00+00:00,BIGC,5.300000190734863,5.300000190734863,5.300000190734863,5.300000190734863,5.300000190734863,332.0
2024-10-25 14:38:00+00:00,BLKB,85.94000244140625,85.94000244140625,85.94000244140625,85.94000244140625,85.94000244140625,684.0
2024-10-25 14:38:00+00:00,BMBL,7.105000019073486,7.105000019073486,7.105000019073486,7.09499979019165,7.09499979019165,860.0
2024-10-25 14:38:00+00:00,BSY,49.28499984741211,49.28499984741211,49.28499984741211,49.2599983215332,49.2599983215332,2302.0
2024-10-25 14:38:00+00:00,CAN,0.9771999716758728,0.9771999716758728,0.9825999736785889,0.9771999716758728,0.9778000116348267,2563.0
2024-10-25 14:38:00+00:00,CDNS,258.6499938964844,258.6499938964844,258.6499938964844,258.55999755859375,258.55999755859375,2225.0
2024-10-25 14:38:00+00:00,CDW,218.1999969482422,218.1999969482422,218.22999572753906,218.1999969482422,218.22999572753906,784.0
2024-10-25 14:38:00+00:00,CETX,0.302700012922287,0.302700012922287,0.30300000309944153,0.30250000953674316,0.30300000309944153,5301.0
2024-10-25 14:38:00+00:00,CFLT,22.594999313354492,22.594999313354492,22.600000381469727,22.59000015258789,22.59000015258789,1538.0
2024-10-25 14:38:00+00:00,CGNX,38.93000030517578,38.93000030517578,38.93000030517578,38.93000030517578,38.93000030517578,1201.0
2024-10-25 14:38:00+00:00,CHKP,206.56500244140625,206.56500244140625,206.56500244140625,206.56500244140625,206.56500244140625,1288.0
2024-10-25 14:38:00+00:00,CLBT,18.2450008392334,18.2450008392334,18.2450008392334,18.2450008392334,18.2450008392334,550.0
2024-10-25 14:38:00+00:00,CLSK,11.830499649047852,11.830499649047852,11.836000442504883,11.789999961853027,11.800000190734863,62841.0
2024-10-25 14:38:00+00:00,CMTL,3.7100000381469727,3.7100000381469727,3.7100000381469727,3.7100000381469727,3.7100000381469727,7596.0
2024-10-25 14:38:00+00:00,CNXN,70.13999938964844,70.13999938964844,70.13999938964844,70.13999938964844,70.13999938964844,906.0
2024-10-25 14:38:00+00:00,COHR,95.7699966430664,95.7699966430664,95.7699966430664,95.7699966430664,95.7699966430664,452.0
2024-10-25 14:38:00+00:00,COHU,26.020000457763672,26.020000457763672,26.030000686645508,26.020000457763672,26.020000457763672,1321.0
2024-10-25 14:38:00+00:00,COIN,208.77000427246094,208.77000427246094,208.8800048828125,208.5,208.5,8846.0
2024-10-25 14:38:00+00:00,COMM,6.264999866485596,6.264999866485596,6.264999866485596,6.254000186920166,6.259900093078613,9022.0
2024-10-25 14:38:00+00:00,CORZ,13.395000457763672,13.395000457763672,13.395000457763672,13.390000343322754,13.390000343322754,1974.0
2024-10-25 14:38:00+00:00,CRDO,39.154998779296875,39.154998779296875,39.154998779296875,39.14979934692383,39.14979934692383,1724.0
2024-10-25 14:38:00+00:00,CRNC,2.940000057220459,2.940000057220459,2.940000057220459,2.934999942779541,2.934999942779541,1944.0
2024-10-25 14:38:00+00:00,CRUS,122.80999755859375,122.80999755859375,122.80999755859375,122.80999755859375,122.80999755859375,105.0
2024-10-25 14:38:00+00:00,CRWD,296.652587890625,296.652587890625,296.7099914550781,296.05999755859375,296.1000061035156,9032.0
2024-10-25 14:38:00+00:00,CSCO,55.775001525878906,55.775001525878906,55.775001525878906,55.762699127197266,55.77000045776367,8581.0
2024-10-25 14:38:00+00:00,CSIQ,13.374699592590332,13.374699592590332,13.374699592590332,13.369799613952637,13.369999885559082,1578.0
2024-10-25 14:38:00+00:00,CTSH,74.78500366210938,74.78500366210938,74.79000091552734,74.78500366210938,74.79000091552734,1246.0
2024-10-25 14:38:00+00:00,DBX,26.075000762939453,26.075000762939453,26.075000762939453,26.075000762939453,26.075000762939453,863.0
2024-10-25 14:38:00+00:00,DDOG,126.29000091552734,126.29000091552734,126.29000091552734,126.25,126.2699966430664,2604.0
2024-10-25 14:38:00+00:00,DGII,30.110000610351562,30.110000610351562,30.18000030517578,30.110000610351562,30.18000030517578,2064.0
2024-10-25 14:38:00+00:00,DOCU,68.95999908447266,68.95999908447266,68.95999908447266,68.91999816894531,68.94000244140625,6654.0
2024-10-25 14:38:00+00:00,DOMO,8.09000015258789,8.09000015258789,8.09000015258789,8.09000015258789,8.09000015258789,817.0
2024-10-25 14:38:00+00:00,DUOL,289.7685852050781,289.7685852050781,289.7685852050781,289.7685852050781,289.7685852050781,102.0
2024-10-25 14:38:00+00:00,EEFT,100.20999908447266,100.20999908447266,100.20999908447266,100.1500015258789,100.1500015258789,629.0
2024-10-25 14:38:00+00:00,ENPH,83.74500274658203,83.74500274658203,83.75,83.6500015258789,83.66000366210938,4639.0
2024-10-25 14:38:00+00:00,ENTG,104.5199966430664,104.5199966430664,104.5199966430664,104.5199966430664,104.5199966430664,2043.0
2024-10-25 14:38:00+00:00,EXLS,38.790000915527344,38.790000915527344,38.790000915527344,38.790000915527344,38.790000915527344,235.0
2024-10-25 14:38:00+00:00,EXTR,14.395000457763672,14.395000457763672,14.395000457763672,14.395000457763672,14.395000457763672,889.0
2024-10-25 14:38:00+00:00,FFIV,216.25999450683594,216.25999450683594,216.25999450683594,216.25999450683594,216.25999450683594,320.0
2024-10-25 14:38:00+00:00,FIVN,29.940000534057617,29.940000534057617,29.940000534057617,29.889999389648438,29.889999389648438,2997.0
2024-10-25 14:38:00+00:00,FLEX,35.22999954223633,35.22999954223633,35.244998931884766,35.22999954223633,35.2400016784668,4181.0
2024-10-25 14:38:00+00:00,FLYW,17.299999237060547,17.299999237060547,17.299999237060547,17.299999237060547,17.299999237060547,598.0
2024-10-25 14:38:00+00:00,FORM,44.7400016784668,44.7400016784668,44.7400016784668,44.7400016784668,44.7400016784668,329.0
2024-10-25 14:38:00+00:00,FROG,29.30500030517578,29.30500030517578,29.30500030517578,29.280000686645508,29.280000686645508,2822.0
2024-10-25 14:38:00+00:00,FRSH,11.625,11.625,11.625,11.619999885559082,11.619999885559082,1040.0
2024-10-25 14:38:00+00:00,FSLR,198.55999755859375,198.55999755859375,198.55999755859375,198.38999938964844,198.38999938964844,1583.0
2024-10-25 14:38:00+00:00,FTCI,0.652999997138977,0.652999997138977,0.652999997138977,0.652999997138977,0.652999997138977,3802.0
2024-10-25 14:38:00+00:00,FTNT,80.53510284423828,80.53510284423828,80.54000091552734,80.52999877929688,80.52999877929688,1586.0
2024-10-25 14:38:00+00:00,GCT,24.774999618530273,24.774999618530273,24.774999618530273,24.774999618530273,24.774999618530273,158.0
2024-10-25 14:38:00+00:00,GDS,21.5,21.5,21.5,21.5,21.5,1022.0
2024-10-25 14:38:00+00:00,GDYN,15.604999542236328,15.604999542236328,15.604999542236328,15.604999542236328,15.604999542236328,213.0
2024-10-25 14:38:00+00:00,GFS,40.630001068115234,40.630001068115234,40.630001068115234,40.61600112915039,40.625,1408.0
2024-10-25 14:38:00+00:00,GPRO,1.315000057220459,1.315000057220459,1.315000057220459,1.315000057220459,1.315000057220459,334.0
2024-10-25 14:38:00+00:00,GRAB,4.074999809265137,4.074999809265137,4.079999923706055,4.074999809265137,4.079999923706055,11537.0
2024-10-25 14:38:00+00:00,GRRR,4.449999809265137,4.449999809265137,4.46999979019165,4.449999809265137,4.46999979019165,1745.0
2024-10-25 14:38:00+00:00,GRRRW,0.061799999326467514,0.061799999326467514,0.061799999326467514,0.061799999326467514,0.061799999326467514,800.0
2024-10-25 14:38:00+00:00,GTLB,55.22999954223633,55.22999954223633,55.22999954223633,55.2234001159668,55.2234001159668,511.0
2024-10-25 14:38:00+00:00,HCP,33.654998779296875,33.654998779296875,33.654998779296875,33.650001525878906,33.654998779296875,1610.0
2024-10-25 14:38:00+00:00,HIMX,6.195000171661377,6.195000171661377,6.195000171661377,6.195000171661377,6.195000171661377,2231.0
2024-10-25 14:38:00+00:00,HLIT,14.789999961853027,14.789999961853027,14.789999961853027,14.789999961853027,14.789999961853027,682.0
2024-10-25 14:38:00+00:00,HOLO,3.5899999141693115,3.5899999141693115,3.5899999141693115,3.5899999141693115,3.5899999141693115,799.0
2024-10-25 14:38:00+00:00,HOOD,27.209999084472656,27.209999084472656,27.209999084472656,27.18000030517578,27.18000030517578,7957.0
2024-10-25 14:38:00+00:00,ICHR,27.59000015258789,27.59000015258789,27.59000015258789,27.59000015258789,27.59000015258789,989.0
2024-10-25 14:38:00+00:00,INDI,3.5,3.5,3.5,3.5,3.5,250.0
2024-10-25 14:38:00+00:00,INFN,6.764999866485596,6.764999866485596,6.764999866485596,6.764999866485596,6.764999866485596,200.0
2024-10-25 14:38:00+00:00,INTA,50.20500183105469,50.20500183105469,50.255001068115234,50.20000076293945,50.22999954223633,4435.0
2024-10-25 14:38:00+00:00,INTC,22.965999603271484,22.965999603271484,22.965999603271484,22.93000030517578,22.94499969482422,84598.0
2024-10-25 14:38:00+00:00,INTU,609.1199951171875,609.1199951171875,609.1199951171875,609.1199951171875,609.1199951171875,206.0
2024-10-25 14:38:00+00:00,IPGP,77.2699966430664,77.2699966430664,77.2699966430664,77.2699966430664,77.2699966430664,291.0
2024-10-25 14:38:00+00:00,ITI,7.199999809265137,7.199999809265137,7.199999809265137,7.199999809265137,7.199999809265137,444.0
2024-10-25 14:38:00+00:00,ITRI,102.88249969482422,102.88249969482422,102.88249969482422,102.88249969482422,102.88249969482422,819.0
2024-10-25 14:38:00+00:00,ITRN,27.299999237060547,27.299999237060547,27.299999237060547,27.299999237060547,27.299999237060547,200.0
2024-10-25 14:38:00+00:00,KLAC,677.2650146484375,677.2650146484375,677.2650146484375,677.1799926757812,677.1799926757812,576.0
2024-10-25 14:38:00+00:00,LFUS,254.01499938964844,254.01499938964844,254.01499938964844,254.01499938964844,254.01499938964844,360.0
2024-10-25 14:38:00+00:00,LINK,4.838399887084961,4.838399887084961,4.838399887084961,4.820000171661377,4.820000171661377,2097.0
2024-10-25 14:38:00+00:00,LITE,64.56999969482422,64.56999969482422,64.5999984741211,64.56999969482422,64.5999984741211,677.0
2024-10-25 14:38:00+00:00,LPSN,1.1699999570846558,1.1699999570846558,1.1699999570846558,1.1699999570846558,1.1699999570846558,900.0
2024-10-25 14:38:00+00:00,LRCX,78.55000305175781,78.55000305175781,78.55000305175781,78.52870178222656,78.55000305175781,7141.0
2024-10-25 14:38:00+00:00,LSCC,54.349998474121094,54.349998474121094,54.349998474121094,54.349998474121094,54.349998474121094,1471.0
2024-10-25 14:38:00+00:00,LTRX,4.114999771118164,4.114999771118164,4.114999771118164,4.114999771118164,4.114999771118164,4117.0
2024-10-25 14:38:00+00:00,LYFT,13.824999809265137,13.824999809265137,13.824999809265137,13.8100004196167,13.815799713134766,22333.0
2024-10-25 14:38:00+00:00,MAXN,5.75,5.75,5.75,5.75,5.75,353.0
2024-10-25 14:38:00+00:00,MCHP,76.80999755859375,76.80999755859375,76.81500244140625,76.80999755859375,76.81500244140625,2510.0
2024-10-25 14:38:00+00:00,MDB,267.07000732421875,267.07000732421875,267.1300048828125,266.7749938964844,266.7749938964844,2056.0
2024-10-25 14:38:00+00:00,MNDY,299.4049987792969,299.4049987792969,299.4150085449219,299.4049987792969,299.4150085449219,555.0
2024-10-25 14:38:00+00:00,MOB,1.3600000143051147,1.3600000143051147,1.3600000143051147,1.3600000143051147,1.3600000143051147,7340.0
2024-10-25 14:38:00+00:00,MPWR,912.2550048828125,912.2550048828125,912.2550048828125,912.2550048828125,912.2550048828125,398.0
2024-10-25 14:38:00+00:00,MQ,5.295000076293945,5.295000076293945,5.295000076293945,5.295000076293945,5.295000076293945,798.0
2024-10-25 14:38:00+00:00,MRAM,6.340000152587891,6.340000152587891,6.340000152587891,6.340000152587891,6.340000152587891,709.0
2024-10-25 14:38:00+00:00,MRVL,82.2699966430664,82.2699966430664,82.2699966430664,82.21399688720703,82.23999786376953,7540.0
2024-10-25 14:38:00+00:00,MSFT,428.6286926269531,428.6286926269531,428.6650085449219,428.5199890136719,428.6650085449219,8158.0
2024-10-25 14:38:00+00:00,MSTR,237.38299560546875,237.38299560546875,237.4499053955078,236.80999755859375,236.80999755859375,29083.0
2024-10-25 14:38:00+00:00,MTTR,4.59499979019165,4.59499979019165,4.59499979019165,4.590000152587891,4.59499979019165,2654.0
2024-10-25 14:38:00+00:00,MU,108.87999725341797,108.87999725341797,108.87999725341797,108.82980346679688,108.87789916992188,15429.0
2024-10-25 14:38:00+00:00,MXL,14.869999885559082,14.869999885559082,14.869999885559082,14.859999656677246,14.859999656677246,1526.0
2024-10-25 14:38:00+00:00,NCNO,37.66999816894531,37.66999816894531,37.66999816894531,37.65999984741211,37.65999984741211,1040.0
2024-10-25 14:38:00+00:00,NICE,175.02499389648438,175.02499389648438,175.02499389648438,175.02499389648438,175.02499389648438,1196.0
2024-10-25 14:38:00+00:00,NNDM,2.3299999237060547,2.3299999237060547,2.3299999237060547,2.325000047683716,2.325000047683716,493.0
2024-10-25 14:38:00+00:00,NTAP,119.83499908447266,119.83499908447266,119.83499908447266,119.83499908447266,119.83499908447266,286.0
2024-10-25 14:38:00+00:00,NTCT,20.684999465942383,20.684999465942383,20.684999465942383,20.68000030517578,20.68000030517578,692.0
2024-10-25 14:38:00+00:00,NTNX,62.130001068115234,62.130001068115234,62.13999938964844,62.1150016784668,62.13999938964844,2248.0
2024-10-25 14:38:00+00:00,NVDA,141.94009399414062,141.94009399414062,141.9600067138672,141.8280029296875,141.85000610351562,261486.0
2024-10-25 14:38:00+00:00,NXPI,243.83999633789062,243.83999633789062,243.83999633789062,243.81500244140625,243.81500244140625,465.0
2024-10-25 14:38:00+00:00,OKTA,72.28500366210938,72.28500366210938,72.28500366210938,72.20500183105469,72.20500183105469,1744.0
2024-10-25 14:38:00+00:00,ON,71.55000305175781,71.55000305175781,71.55000305175781,71.4800033569336,71.5199966430664,11114.0
2024-10-25 14:38:00+00:00,OSIS,135.50999450683594,135.50999450683594,135.52999877929688,135.50999450683594,135.52999877929688,409.0
2024-10-25 14:38:00+00:00,PANW,366.9100036621094,366.9100036621094,366.9100036621094,366.9100036621094,366.9100036621094,651.0
2024-10-25 14:38:00+00:00,PAYO,8.305000305175781,8.305000305175781,8.305000305175781,8.305000305175781,8.305000305175781,495.0
2024-10-25 14:38:00+00:00,PEGA,79.81999969482422,79.81999969482422,79.87000274658203,79.81999969482422,79.87000274658203,1986.0
2024-10-25 14:38:00+00:00,PEGY,4.840000152587891,4.840000152587891,4.840000152587891,4.840000152587891,4.840000152587891,200.0
2024-10-25 14:38:00+00:00,PET,0.8054999709129333,0.8054999709129333,0.8054999709129333,0.8054999709129333,0.8054999709129333,200.0
2024-10-25 14:38:00+00:00,PGY,11.829999923706055,11.829999923706055,11.829999923706055,11.8149995803833,11.819999694824219,1374.0
2024-10-25 14:38:00+00:00,PHUN,10.360099792480469,10.360099792480469,10.380000114440918,10.350000381469727,10.350000381469727,18675.0
2024-10-25 14:38:00+00:00,PLAB,23.610000610351562,23.610000610351562,23.610000610351562,23.610000610351562,23.610000610351562,980.0
2024-10-25 14:38:00+00:00,PTC,187.0,187.0,187.0,187.0,187.0,751.0
2024-10-25 14:38:00+00:00,PUBM,14.739999771118164,14.739999771118164,14.739999771118164,14.739999771118164,14.739999771118164,308.0
2024-10-25 14:38:00+00:00,QCOM,171.3800048828125,171.3800048828125,171.3800048828125,171.30999755859375,171.35060119628906,2812.0
2024-10-25 14:38:00+00:00,QRVO,99.97000122070312,99.97000122070312,99.97000122070312,99.91000366210938,99.94000244140625,2261.0
2024-10-25 14:38:00+00:00,QUBT,1.0850000381469727,1.0850000381469727,1.0850000381469727,1.0850000381469727,1.0850000381469727,200.0
2024-10-25 14:38:00+00:00,RDVT,28.524999618530273,28.524999618530273,28.649999618530273,28.524999618530273,28.649999618530273,536.0
2024-10-25 14:38:00+00:00,RELY,14.829999923706055,14.829999923706055,14.829999923706055,14.8100004196167,14.8100004196167,3397.0
2024-10-25 14:38:00+00:00,RGTI,1.2350000143051147,1.2350000143051147,1.2400000095367432,1.2350000143051147,1.2400000095367432,4964.0
2024-10-25 14:38:00+00:00,RGTIW,0.16529999673366547,0.16529999673366547,0.16529999673366547,0.16529999673366547,0.16529999673366547,0.0
2024-10-25 14:38:00+00:00,RIOT,9.899700164794922,9.899700164794922,9.906000137329102,9.880000114440918,9.895999908447266,36418.0
2024-10-25 14:38:00+00:00,RMBS,43.400001525878906,43.400001525878906,43.41999816894531,43.400001525878906,43.41999816894531,483.0
2024-10-25 14:38:00+00:00,RMNI,1.715000033378601,1.715000033378601,1.7174999713897705,1.715000033378601,1.7174999713897705,0.0
2024-10-25 14:38:00+00:00,RPAY,7.625,7.625,7.625,7.619999885559082,7.619999885559082,1884.0
2024-10-25 14:38:00+00:00,RPD,38.779998779296875,38.779998779296875,38.779998779296875,38.77000045776367,38.77000045776367,993.0
2024-10-25 14:38:00+00:00,RUM,5.764999866485596,5.764999866485596,5.769000053405762,5.764999866485596,5.769000053405762,4319.0
2024-10-25 14:38:00+00:00,RUN,14.390000343322754,14.390000343322754,14.390000343322754,14.380000114440918,14.380000114440918,2102.0
2024-10-25 14:38:00+00:00,SANM,67.62000274658203,67.62000274658203,67.62000274658203,67.62000274658203,67.62000274658203,258.0
2024-10-25 14:38:00+00:00,SATS,25.209999084472656,25.209999084472656,25.209999084472656,25.209999084472656,25.209999084472656,2338.0
2024-10-25 14:38:00+00:00,SEDG,15.90999984741211,15.90999984741211,15.90999984741211,15.88010025024414,15.890000343322754,10847.0
2024-10-25 14:38:00+00:00,SHLS,5.260000228881836,5.260000228881836,5.260000228881836,5.260000228881836,5.260000228881836,5186.0
2024-10-25 14:38:00+00:00,SIMO,56.415000915527344,56.415000915527344,56.415000915527344,56.415000915527344,56.415000915527344,217.0
2024-10-25 14:38:00+00:00,SKYT,10.579999923706055,10.579999923706055,10.579999923706055,10.579999923706055,10.579999923706055,890.0
2024-10-25 14:38:00+00:00,SMCI,47.40999984741211,47.40999984741211,47.42219924926758,47.369998931884766,47.380001068115234,56679.0
2024-10-25 14:38:00+00:00,SNPS,503.1299133300781,503.1299133300781,503.1299133300781,503.1299133300781,503.1299133300781,372.0
2024-10-25 14:38:00+00:00,SOUN,5.190000057220459,5.190000057220459,5.198599815368652,5.190000057220459,5.198599815368652,31710.0
2024-10-25 14:38:00+00:00,SSNC,69.61499786376953,69.61499786376953,69.62999725341797,69.58999633789062,69.61499786376953,1354.0
2024-10-25 14:38:00+00:00,STNE,11.555000305175781,11.555000305175781,11.5649995803833,11.555000305175781,11.5600004196167,4243.0
2024-10-25 14:38:00+00:00,STX,103.75499725341797,103.75499725341797,103.77999877929688,103.7300033569336,103.76000213623047,1998.0
2024-10-25 14:38:00+00:00,SURG,1.7400000095367432,1.7400000095367432,1.7450000047683716,1.7400000095367432,1.7450000047683716,200.0
2024-10-25 14:38:00+00:00,SVRE,0.07779999822378159,0.07779999822378159,0.07779999822378159,0.07779999822378159,0.07779999822378159,3001.0
2024-10-25 14:38:00+00:00,SYNA,72.67500305175781,72.67500305175781,72.67500305175781,72.54499816894531,72.5999984741211,1368.0
2024-10-25 14:38:00+00:00,SYTA,1.3100999593734741,1.3100999593734741,1.315000057220459,1.309999942779541,1.3144999742507935,14994.0
2024-10-25 14:38:00+00:00,TEAM,189.35000610351562,189.35000610351562,189.36000061035156,189.35000610351562,189.36000061035156,1256.0
2024-10-25 14:38:00+00:00,TENB,41.72999954223633,41.72999954223633,41.72999954223633,41.689998626708984,41.689998626708984,3051.0
2024-10-25 14:38:00+00:00,TER,112.16000366210938,112.16000366210938,112.19999694824219,112.13999938964844,112.15499877929688,3284.0
2024-10-25 14:38:00+00:00,TRMB,61.040000915527344,61.040000915527344,61.040000915527344,61.0,61.0,2827.0
2024-10-25 14:38:00+00:00,TTD,118.91000366210938,118.91000366210938,118.91000366210938,118.83000183105469,118.83000183105469,5437.0
2024-10-25 14:38:00+00:00,TTEC,5.340000152587891,5.340000152587891,5.340000152587891,5.340000152587891,5.340000152587891,846.0
2024-10-25 14:38:00+00:00,TWKS,4.445000171661377,4.445000171661377,4.445000171661377,4.440000057220459,4.440000057220459,7464.0
2024-10-25 14:38:00+00:00,TXN,207.7899932861328,207.7899932861328,207.7899932861328,207.77999877929688,207.77999877929688,1266.0
2024-10-25 14:38:00+00:00,UCTT,35.810001373291016,35.810001373291016,35.810001373291016,35.810001373291016,35.810001373291016,944.0
2024-10-25 14:38:00+00:00,UPLD,2.130000114440918,2.130000114440918,2.130000114440918,2.130000114440918,2.130000114440918,213.0
2024-10-25 14:38:00+00:00,VCSA,2.4000000953674316,2.4000000953674316,2.4000000953674316,2.4000000953674316,2.4000000953674316,280.0
2024-10-25 14:38:00+00:00,VECO,29.309999465942383,29.309999465942383,29.309999465942383,29.309999465942383,29.309999465942383,1033.0
2024-10-25 14:38:00+00:00,VERI,3.4000000953674316,3.4000000953674316,3.4000000953674316,3.4000000953674316,3.4000000953674316,827.0
2024-10-25 14:38:00+00:00,VICR,46.599998474121094,46.599998474121094,46.599998474121094,46.599998474121094,46.599998474121094,280.0
2024-10-25 14:38:00+00:00,VMEO,4.760000228881836,4.760000228881836,4.760000228881836,4.755000114440918,4.755000114440918,1561.0
2024-10-25 14:38:00+00:00,VRNS,56.810001373291016,56.810001373291016,56.810001373291016,56.79999923706055,56.79999923706055,1564.0
2024-10-25 14:38:00+00:00,VRNT,21.989999771118164,21.989999771118164,21.989999771118164,21.989999771118164,21.989999771118164,399.0
2024-10-25 14:38:00+00:00,VRSN,182.88499450683594,182.88499450683594,182.90499877929688,182.88499450683594,182.90499877929688,505.0
2024-10-25 14:38:00+00:00,VSAT,10.1850004196167,10.1850004196167,10.1850004196167,10.1850004196167,10.1850004196167,302.0
2024-10-25 14:38:00+00:00,WDAY,238.8000030517578,238.8000030517578,238.8000030517578,238.77999877929688,238.77999877929688,917.0
2024-10-25 14:38:00+00:00,WDC,70.41500091552734,70.41500091552734,70.41999816894531,70.33999633789062,70.36990356445312,11271.0
2024-10-25 14:38:00+00:00,WISA,2.0299999713897705,2.0299999713897705,2.0299999713897705,2.0199999809265137,2.0199999809265137,1324.0
2024-10-25 14:38:00+00:00,WRAP,1.809999942779541,1.809999942779541,1.809999942779541,1.809999942779541,1.809999942779541,301.0
2024-10-25 14:38:00+00:00,XRX,10.024999618530273,10.024999618530273,10.03499984741211,10.024999618530273,10.03499984741211,771.0
2024-10-25 14:38:00+00:00,ZI,10.515000343322754,10.515000343322754,10.515000343322754,10.510000228881836,10.510000228881836,2911.0
2024-10-25 14:38:00+00:00,ZM,73.03500366210938,73.03500366210938,73.03500366210938,73.03500366210938,73.03500366210938,1525.0
2024-10-25 14:39:00+00:00,AAOI,17.747100830078125,17.747100830078125,17.747100830078125,17.739999771118164,17.739999771118164,1077.0
2024-10-25 14:39:00+00:00,AAPL,231.78939819335938,231.78939819335938,231.92999267578125,231.7801055908203,231.83599853515625,44845.0
2024-10-25 14:39:00+00:00,ACLS,90.05000305175781,90.05000305175781,90.05000305175781,89.9800033569336,89.9800033569336,2126.0
2024-10-25 14:39:00+00:00,ACMR,19.670000076293945,19.670000076293945,19.670000076293945,19.670000076293945,19.670000076293945,1006.0
2024-10-25 14:39:00+00:00,ADBE,483.6499938964844,483.6499938964844,483.92999267578125,483.6199951171875,483.7900085449219,5990.0
2024-10-25 14:39:00+00:00,ADI,231.66000366210938,231.66000366210938,231.67999267578125,231.66000366210938,231.67999267578125,2751.0
2024-10-25 14:39:00+00:00,ADSK,286.4200134277344,286.4200134277344,286.5249938964844,286.3299865722656,286.3299865722656,2118.0
2024-10-25 14:39:00+00:00,ADTN,6.309999942779541,6.309999942779541,6.309999942779541,6.289999961853027,6.289999961853027,2238.0
2024-10-25 14:39:00+00:00,AEHR,16.954999923706055,16.954999923706055,16.969900131225586,16.93199920654297,16.93199920654297,1840.0
2024-10-25 14:39:00+00:00,AFRM,41.5,41.5,41.54999923706055,41.5,41.529998779296875,4971.0
2024-10-25 14:39:00+00:00,AIRG,9.279999732971191,9.279999732971191,9.279999732971191,9.279999732971191,9.279999732971191,202.0
2024-10-25 14:39:00+00:00,AKAM,102.18499755859375,102.18499755859375,102.19000244140625,102.18499755859375,102.19000244140625,301.0
2024-10-25 14:39:00+00:00,ALGM,23.15999984741211,23.15999984741211,23.190000534057617,23.15999984741211,23.15999984741211,5404.0
2024-10-25 14:39:00+00:00,ALKT,38.119998931884766,38.119998931884766,38.119998931884766,38.119998931884766,38.119998931884766,111.0
2024-10-25 14:39:00+00:00,ALRM,54.63999938964844,54.63999938964844,54.650001525878906,54.63999938964844,54.650001525878906,490.0
2024-10-25 14:39:00+00:00,ALTR,103.75499725341797,103.75499725341797,103.75499725341797,103.75499725341797,103.75499725341797,654.0
2024-10-25 14:39:00+00:00,AMAT,187.5500030517578,187.5500030517578,187.61000061035156,187.5500030517578,187.60000610351562,2861.0
2024-10-25 14:39:00+00:00,AMBA,58.14500045776367,58.14500045776367,58.14500045776367,58.11000061035156,58.11000061035156,1567.0
2024-10-25 14:39:00+00:00,AMD,156.67999267578125,156.67999267578125,156.72000122070312,156.63999938964844,156.63999938964844,31349.0
2024-10-25 14:39:00+00:00,AMKR,30.05500030517578,30.05500030517578,30.05500030517578,30.040000915527344,30.040000915527344,677.0
2024-10-25 14:39:00+00:00,AMPG,1.0499999523162842,1.0499999523162842,1.0499999523162842,1.0499999523162842,1.0499999523162842,200.0
2024-10-25 14:39:00+00:00,ANSS,323.2200012207031,323.2200012207031,323.2200012207031,323.2200012207031,323.2200012207031,359.0
2024-10-25 14:39:00+00:00,API,2.875,2.875,2.875,2.875,2.875,228.0
2024-10-25 14:39:00+00:00,APP,161.58749389648438,161.58749389648438,161.58749389648438,161.53500366210938,161.53500366210938,1572.0
2024-10-25 14:39:00+00:00,APPF,212.08999633789062,212.08999633789062,212.3000030517578,211.9600067138672,211.9600067138672,3584.0
2024-10-25 14:39:00+00:00,APPN,32.21500015258789,32.21500015258789,32.21500015258789,32.189998626708984,32.189998626708984,3102.0
2024-10-25 14:39:00+00:00,APPS,3.075000047683716,3.075000047683716,3.075000047683716,3.069999933242798,3.069999933242798,7794.0
2024-10-25 14:39:00+00:00,ARRY,6.465000152587891,6.465000152587891,6.47599983215332,6.460000038146973,6.460000038146973,34352.0
2024-10-25 14:39:00+00:00,ATOM,3.319999933242798,3.319999933242798,3.319999933242798,3.319999933242798,3.319999933242798,101.0
2024-10-25 14:39:00+00:00,AUR,6.394999980926514,6.394999980926514,6.394999980926514,6.394999980926514,6.394999980926514,2939.0
2024-10-25 14:39:00+00:00,AVDX,8.125,8.125,8.135000228881836,8.125,8.130000114440918,4712.0
2024-10-25 14:39:00+00:00,AVGO,174.41000366210938,174.41000366210938,174.49000549316406,174.33999633789062,174.33999633789062,23360.0
2024-10-25 14:39:00+00:00,AVPT,11.930000305175781,11.930000305175781,11.930000305175781,11.930000305175781,11.930000305175781,1106.0
2024-10-25 14:39:00+00:00,AVT,54.08000183105469,54.08000183105469,54.08000183105469,54.08000183105469,54.08000183105469,395.0
2024-10-25 14:39:00+00:00,AWRE,2.0199999809265137,2.0199999809265137,2.0199999809265137,2.0199999809265137,2.0199999809265137,100.0
2024-10-25 14:39:00+00:00,BELFB,78.91000366210938,78.91000366210938,78.91000366210938,78.91000366210938,78.91000366210938,164.0
2024-10-25 14:39:00+00:00,BIGC,5.304999828338623,5.304999828338623,5.304999828338623,5.304999828338623,5.304999828338623,454.0
2024-10-25 14:39:00+00:00,BL,56.38629913330078,56.38629913330078,56.38629913330078,56.380001068115234,56.380001068115234,1476.0
2024-10-25 14:39:00+00:00,BMBL,7.099999904632568,7.099999904632568,7.105000019073486,7.099999904632568,7.105000019073486,1744.0
2024-10-25 14:39:00+00:00,BOXL,0.4702000021934509,0.4702000021934509,0.4702000021934509,0.4702000021934509,0.4702000021934509,100.0
2024-10-25 14:39:00+00:00,BRZE,30.77199935913086,30.77199935913086,30.78499984741211,30.77199935913086,30.780000686645508,1964.0
2024-10-25 14:39:00+00:00,BSY,49.290000915527344,49.290000915527344,49.29859924316406,49.290000915527344,49.29859924316406,1037.0
2024-10-25 14:39:00+00:00,CAMT,77.58000183105469,77.58000183105469,77.58000183105469,77.52999877929688,77.52999877929688,1302.0
2024-10-25 14:39:00+00:00,CAN,0.9781000018119812,0.9781000018119812,0.980400025844574,0.9775999784469604,0.9775999784469604,2113.0
2024-10-25 14:39:00+00:00,CDNS,258.7950134277344,258.7950134277344,258.8900146484375,258.7950134277344,258.8299865722656,904.0
2024-10-25 14:39:00+00:00,CDW,218.3350067138672,218.3350067138672,218.42999267578125,218.3000030517578,218.3000030517578,1517.0
2024-10-25 14:39:00+00:00,CFLT,22.604000091552734,22.604000091552734,22.604000091552734,22.594999313354492,22.594999313354492,3005.0
2024-10-25 14:39:00+00:00,CGNX,38.95000076293945,38.95000076293945,38.95500183105469,38.95000076293945,38.95000076293945,2976.0
2024-10-25 14:39:00+00:00,CHKP,206.6300048828125,206.6300048828125,206.63999938964844,206.6300048828125,206.63999938964844,732.0
2024-10-25 14:39:00+00:00,CLFD,36.54999923706055,36.54999923706055,36.54999923706055,36.54999923706055,36.54999923706055,271.0
2024-10-25 14:39:00+00:00,CLSK,11.819999694824219,11.819999694824219,11.845000267028809,11.8100004196167,11.84000015258789,74861.0
2024-10-25 14:39:00+00:00,CMTL,3.7200000286102295,3.7200000286102295,3.7200000286102295,3.7200000286102295,3.7200000286102295,765.0
2024-10-25 14:39:00+00:00,CNDT,3.6050000190734863,3.6050000190734863,3.6050000190734863,3.6050000190734863,3.6050000190734863,251.0
2024-10-25 14:39:00+00:00,CNXC,44.459999084472656,44.459999084472656,44.459999084472656,44.459999084472656,44.459999084472656,1009.0
2024-10-25 14:39:00+00:00,COHR,95.86499786376953,95.86499786376953,95.86499786376953,95.80999755859375,95.80999755859375,2317.0
2024-10-25 14:39:00+00:00,COIN,208.83999633789062,208.83999633789062,208.8800048828125,208.64999389648438,208.8636932373047,5766.0
2024-10-25 14:39:00+00:00,COMM,6.269999980926514,6.269999980926514,6.269999980926514,6.263999938964844,6.269899845123291,6205.0
2024-10-25 14:39:00+00:00,CORZ,13.380000114440918,13.380000114440918,13.399700164794922,13.380000114440918,13.39840030670166,6758.0
2024-10-25 14:39:00+00:00,CORZW,7.860000133514404,7.860000133514404,7.860000133514404,7.860000133514404,7.860000133514404,800.0
2024-10-25 14:39:00+00:00,CRCT,6.579999923706055,6.579999923706055,6.579999923706055,6.579999923706055,6.579999923706055,326.0
2024-10-25 14:39:00+00:00,CRDO,39.20500183105469,39.20500183105469,39.20500183105469,39.15999984741211,39.15999984741211,5604.0
2024-10-25 14:39:00+00:00,CRSR,6.349999904632568,6.349999904632568,6.349999904632568,6.349999904632568,6.349999904632568,1038.0
2024-10-25 14:39:00+00:00,CRUS,123.06999969482422,123.06999969482422,123.06999969482422,122.9800033569336,122.9800033569336,784.0
2024-10-25 14:39:00+00:00,CRWD,296.510009765625,296.510009765625,296.75,296.5,296.6579895019531,10937.0
2024-10-25 14:39:00+00:00,CSCO,55.779998779296875,55.779998779296875,55.790000915527344,55.775001525878906,55.775001525878906,19077.0
2024-10-25 14:39:00+00:00,CSGS,47.540000915527344,47.540000915527344,47.540000915527344,47.5099983215332,47.5099983215332,565.0
2024-10-25 14:39:00+00:00,CSIQ,13.390000343322754,13.390000343322754,13.399999618530273,13.390000343322754,13.399999618530273,1509.0
2024-10-25 14:39:00+00:00,CTSH,74.80999755859375,74.80999755859375,74.80999755859375,74.80000305175781,74.80000305175781,1949.0
2024-10-25 14:39:00+00:00,DBX,26.110000610351562,26.110000610351562,26.110000610351562,26.079999923706055,26.079999923706055,7075.0
2024-10-25 14:39:00+00:00,DDOG,126.37000274658203,126.37000274658203,126.37000274658203,126.31500244140625,126.31500244140625,5288.0
2024-10-25 14:39:00+00:00,DIOD,65.20500183105469,65.20500183105469,65.2750015258789,65.20500183105469,65.2750015258789,565.0
2024-10-25 14:39:00+00:00,DLO,8.850000381469727,8.850000381469727,8.850000381469727,8.850000381469727,8.850000381469727,2246.0
2024-10-25 14:39:00+00:00,DOCU,68.9800033569336,68.9800033569336,69.0,68.95999908447266,68.97000122070312,17889.0
2024-10-25 14:39:00+00:00,DSGX,104.44000244140625,104.44000244140625,104.44000244140625,104.44000244140625,104.44000244140625,296.0
2024-10-25 14:39:00+00:00,DUOL,290.7200012207031,290.7200012207031,290.7200012207031,290.07000732421875,290.07000732421875,2302.0
2024-10-25 14:39:00+00:00,EEFT,100.29000091552734,100.29000091552734,100.29000091552734,100.22000122070312,100.22000122070312,884.0
2024-10-25 14:39:00+00:00,ENPH,83.75,83.75,83.8499984741211,83.73999786376953,83.76000213623047,48996.0
2024-10-25 14:39:00+00:00,ENTG,104.70500183105469,104.70500183105469,104.70500183105469,104.68000030517578,104.68000030517578,834.0
2024-10-25 14:39:00+00:00,ERIC,8.454999923706055,8.454999923706055,8.460000038146973,8.454999923706055,8.454999923706055,11221.0
2024-10-25 14:39:00+00:00,EXFY,1.7300000190734863,1.7300000190734863,1.7300000190734863,1.7300000190734863,1.7300000190734863,350.0
2024-10-25 14:39:00+00:00,EXLS,38.810001373291016,38.810001373291016,38.810001373291016,38.79999923706055,38.79999923706055,486.0
2024-10-25 14:39:00+00:00,EXTR,14.395000457763672,14.395000457763672,14.40999984741211,14.395000457763672,14.40999984741211,3133.0
2024-10-25 14:39:00+00:00,FFIV,216.35000610351562,216.35000610351562,216.35000610351562,216.25999450683594,216.25999450683594,921.0
2024-10-25 14:39:00+00:00,FIVN,29.940000534057617,29.940000534057617,29.954999923706055,29.940000534057617,29.950000762939453,5123.0
2024-10-25 14:39:00+00:00,FLEX,35.25,35.25,35.2599983215332,35.2400016784668,35.2400016784668,7583.0
2024-10-25 14:39:00+00:00,FLYW,17.299999237060547,17.299999237060547,17.299999237060547,17.299999237060547,17.299999237060547,567.0
2024-10-25 14:39:00+00:00,FORM,44.790000915527344,44.790000915527344,44.790000915527344,44.77000045776367,44.77000045776367,862.0
2024-10-25 14:39:00+00:00,FRGT,1.8899999856948853,1.8899999856948853,1.8899999856948853,1.8899999856948853,1.8899999856948853,376.0
2024-10-25 14:39:00+00:00,FRSH,11.625,11.625,11.625,11.625,11.625,1164.0
2024-10-25 14:39:00+00:00,FSLR,198.38999938964844,198.38999938964844,198.6999969482422,198.38999938964844,198.52999877929688,3502.0
2024-10-25 14:39:00+00:00,FTNT,80.54000091552734,80.54000091552734,80.55000305175781,80.5250015258789,80.54000091552734,4182.0
2024-10-25 14:39:00+00:00,GCT,24.795000076293945,24.795000076293945,24.795000076293945,24.795000076293945,24.795000076293945,477.0
2024-10-25 14:39:00+00:00,GDS,21.479999542236328,21.479999542236328,21.489999771118164,21.479999542236328,21.489999771118164,740.0
2024-10-25 14:39:00+00:00,GDYN,15.600000381469727,15.600000381469727,15.600000381469727,15.600000381469727,15.600000381469727,319.0
2024-10-25 14:39:00+00:00,GFS,40.66999816894531,40.66999816894531,40.66999816894531,40.630001068115234,40.630001068115234,1442.0
2024-10-25 14:39:00+00:00,GILT,4.920000076293945,4.920000076293945,4.920000076293945,4.920000076293945,4.920000076293945,101.0
2024-10-25 14:39:00+00:00,GPRO,1.315000057220459,1.315000057220459,1.315000057220459,1.315000057220459,1.315000057220459,117.0
2024-10-25 14:39:00+00:00,GRAB,4.074999809265137,4.074999809265137,4.079999923706055,4.074999809265137,4.074999809265137,73481.0
2024-10-25 14:39:00+00:00,GTLB,55.279998779296875,55.279998779296875,55.279998779296875,55.2400016784668,55.27000045776367,1090.0
2024-10-25 14:39:00+00:00,HCKT,24.652099609375,24.652099609375,24.652099609375,24.652099609375,24.652099609375,538.0
2024-10-25 14:39:00+00:00,HCP,33.654998779296875,33.654998779296875,33.654998779296875,33.654998779296875,33.654998779296875,1334.0
2024-10-25 14:39:00+00:00,HEAR,16.510000228881836,16.510000228881836,16.510000228881836,16.510000228881836,16.510000228881836,437.0
2024-10-25 14:39:00+00:00,HOLO,3.5815000534057617,3.5815000534057617,3.586400032043457,3.5815000534057617,3.586400032043457,3471.0
2024-10-25 14:39:00+00:00,HOOD,27.21500015258789,27.21500015258789,27.225000381469727,27.21500015258789,27.219999313354492,3893.0
2024-10-25 14:39:00+00:00,HTCR,1.0449999570846558,1.0449999570846558,1.0449999570846558,1.0449999570846558,1.0449999570846558,510.0
2024-10-25 14:39:00+00:00,IMMR,8.699999809265137,8.699999809265137,8.699999809265137,8.699999809265137,8.699999809265137,1118.0
2024-10-25 14:39:00+00:00,INDI,3.505000114440918,3.505000114440918,3.505000114440918,3.505000114440918,3.505000114440918,691.0
2024-10-25 14:39:00+00:00,INFN,6.764999866485596,6.764999866485596,6.764999866485596,6.764999866485596,6.764999866485596,143.0
2024-10-25 14:39:00+00:00,INSG,20.15999984741211,20.15999984741211,20.15999984741211,20.15999984741211,20.15999984741211,857.0
2024-10-25 14:39:00+00:00,INTC,22.97010040283203,22.97010040283203,22.979900360107422,22.9601993560791,22.96500015258789,60090.0
2024-10-25 14:39:00+00:00,INTU,609.0499877929688,609.0499877929688,609.1950073242188,609.0499877929688,609.1199951171875,2820.0
2024-10-25 14:39:00+00:00,IPGP,77.30000305175781,77.30000305175781,77.30999755859375,77.30000305175781,77.30000305175781,651.0
2024-10-25 14:39:00+00:00,ITI,7.199999809265137,7.199999809265137,7.199999809265137,7.199999809265137,7.199999809265137,768.0
2024-10-25 14:39:00+00:00,ITRN,27.265899658203125,27.265899658203125,27.265899658203125,27.265899658203125,27.265899658203125,613.0
2024-10-25 14:39:00+00:00,JAMF,16.790000915527344,16.790000915527344,16.790000915527344,16.790000915527344,16.790000915527344,207.0
2024-10-25 14:39:00+00:00,JG,7.199999809265137,7.199999809265137,7.300000190734863,7.199999809265137,7.300000190734863,5492.0
2024-10-25 14:39:00+00:00,KLAC,677.385009765625,677.385009765625,677.5800170898438,677.3350219726562,677.3350219726562,3183.0
2024-10-25 14:39:00+00:00,KOPN,0.7760000228881836,0.7760000228881836,0.7760000228881836,0.7720000147819519,0.7720000147819519,7020.0
2024-10-25 14:39:00+00:00,LFUS,254.13999938964844,254.13999938964844,254.13999938964844,254.13999938964844,254.13999938964844,982.0
2024-10-25 14:39:00+00:00,LINK,4.829999923706055,4.829999923706055,4.829999923706055,4.829999923706055,4.829999923706055,0.0
2024-10-25 14:39:00+00:00,LITE,64.63999938964844,64.63999938964844,64.63999938964844,64.63999938964844,64.63999938964844,717.0
2024-10-25 14:39:00+00:00,LOGI,80.8499984741211,80.8499984741211,80.8499984741211,80.84500122070312,80.84500122070312,571.0
2024-10-25 14:39:00+00:00,LPSN,1.1699999570846558,1.1699999570846558,1.1699999570846558,1.1699999570846558,1.1699999570846558,819.0
2024-10-25 14:39:00+00:00,LRCX,78.5999984741211,78.5999984741211,78.62999725341797,78.55999755859375,78.55999755859375,14923.0
2024-10-25 14:39:00+00:00,LSCC,54.380001068115234,54.380001068115234,54.38999938964844,54.380001068115234,54.380001068115234,2248.0
2024-10-25 14:39:00+00:00,LTRX,4.114999771118164,4.114999771118164,4.114999771118164,4.114999771118164,4.114999771118164,0.0
2024-10-25 14:39:00+00:00,LYFT,13.8149995803833,13.8149995803833,13.826000213623047,13.8149995803833,13.819999694824219,8393.0
2024-10-25 14:39:00+00:00,MCHP,76.8499984741211,76.8499984741211,76.8550033569336,76.81999969482422,76.81999969482422,4176.0
2024-10-25 14:39:00+00:00,MDB,267.20001220703125,267.20001220703125,267.20001220703125,267.19500732421875,267.19500732421875,1186.0
2024-10-25 14:39:00+00:00,MKSI,101.41000366210938,101.41000366210938,101.41000366210938,101.41000366210938,101.41000366210938,108.0
2024-10-25 14:39:00+00:00,MKTW,0.5781000256538391,0.5781000256538391,0.5781000256538391,0.5781000256538391,0.5781000256538391,304.0
2024-10-25 14:39:00+00:00,MPWR,913.239990234375,913.239990234375,913.239990234375,913.239990234375,913.239990234375,1069.0
2024-10-25 14:39:00+00:00,MQ,5.300000190734863,5.300000190734863,5.300000190734863,5.295000076293945,5.295000076293945,2188.0
2024-10-25 14:39:00+00:00,MRVL,82.33999633789062,82.33999633789062,82.37000274658203,82.31999969482422,82.31999969482422,12847.0
2024-10-25 14:39:00+00:00,MSFT,428.7200012207031,428.7200012207031,428.7799987792969,428.6600036621094,428.6600036621094,11446.0
2024-10-25 14:39:00+00:00,MSTR,237.14999389648438,237.14999389648438,237.67990112304688,237.0,237.2949981689453,57243.0
2024-10-25 14:39:00+00:00,MTLS,5.929999828338623,5.929999828338623,5.929999828338623,5.920000076293945,5.920000076293945,311.0
2024-10-25 14:39:00+00:00,MTSI,120.87999725341797,120.87999725341797,120.93000030517578,120.87999725341797,120.87999725341797,1775.0
2024-10-25 14:39:00+00:00,MTTR,4.59499979019165,4.59499979019165,4.59499979019165,4.59499979019165,4.59499979019165,940.0
2024-10-25 14:39:00+00:00,MU,108.91000366210938,108.91000366210938,108.97000122070312,108.87000274658203,108.87000274658203,32688.0
2024-10-25 14:39:00+00:00,MVIS,1.0800000429153442,1.0800000429153442,1.0800000429153442,1.0800000429153442,1.0800000429153442,1203.0
2024-10-25 14:39:00+00:00,MXL,14.899999618530273,14.899999618530273,14.899999618530273,14.880000114440918,14.880000114440918,1782.0
2024-10-25 14:39:00+00:00,NCNO,37.665000915527344,37.665000915527344,37.66999816894531,37.665000915527344,37.66999816894531,557.0
2024-10-25 14:39:00+00:00,NOVT,173.50999450683594,173.50999450683594,173.50999450683594,173.50999450683594,173.50999450683594,443.0
2024-10-25 14:39:00+00:00,NTAP,119.86499786376953,119.86499786376953,119.86499786376953,119.86000061035156,119.86000061035156,2027.0
2024-10-25 14:39:00+00:00,NTCT,20.690000534057617,20.690000534057617,20.690000534057617,20.690000534057617,20.690000534057617,1182.0
2024-10-25 14:39:00+00:00,NTNX,62.119998931884766,62.119998931884766,62.130001068115234,62.1150016784668,62.130001068115234,897.0
2024-10-25 14:39:00+00:00,NVDA,142.0800018310547,142.0800018310547,142.0800018310547,141.9499969482422,141.95050048828125,402613.0
2024-10-25 14:39:00+00:00,NVTS,2.5450000762939453,2.5450000762939453,2.549999952316284,2.5450000762939453,2.5450000762939453,7942.0
2024-10-25 14:39:00+00:00,NXPI,243.9600067138672,243.9600067138672,244.11000061035156,243.89999389648438,243.91000366210938,3255.0
2024-10-25 14:39:00+00:00,OKTA,72.2750015258789,72.2750015258789,72.30000305175781,72.2699966430664,72.30000305175781,2304.0
2024-10-25 14:39:00+00:00,OLED,203.84500122070312,203.84500122070312,203.84500122070312,203.84500122070312,203.84500122070312,2696.0
2024-10-25 14:39:00+00:00,ON,71.52999877929688,71.52999877929688,71.58000183105469,71.52999877929688,71.55000305175781,16721.0
2024-10-25 14:39:00+00:00,OSIS,135.64500427246094,135.64500427246094,135.64500427246094,135.64500427246094,135.64500427246094,319.0
2024-10-25 14:39:00+00:00,OSPN,14.600000381469727,14.600000381469727,14.600000381469727,14.600000381469727,14.600000381469727,254.0
2024-10-25 14:39:00+00:00,OTEX,33.34000015258789,33.34000015258789,33.34000015258789,33.33000183105469,33.33000183105469,2461.0
2024-10-25 14:39:00+00:00,PANW,366.9599914550781,366.9599914550781,367.20001220703125,366.9599914550781,366.989990234375,4191.0
2024-10-25 14:39:00+00:00,PAYO,8.305000305175781,8.305000305175781,8.305000305175781,8.305000305175781,8.305000305175781,1216.0
2024-10-25 14:39:00+00:00,PDFS,29.239999771118164,29.239999771118164,29.239999771118164,29.239999771118164,29.239999771118164,171.0
2024-10-25 14:39:00+00:00,PEGY,4.840000152587891,4.840000152587891,4.840000152587891,4.840000152587891,4.840000152587891,300.0
2024-10-25 14:39:00+00:00,PET,0.800000011920929,0.800000011920929,0.800000011920929,0.800000011920929,0.800000011920929,702.0
2024-10-25 14:39:00+00:00,PHUN,10.319999694824219,10.319999694824219,10.380000114440918,10.300000190734863,10.369999885559082,18545.0
2024-10-25 14:39:00+00:00,PI,203.6746063232422,203.6746063232422,203.6746063232422,203.6746063232422,203.6746063232422,217.0
2024-10-25 14:39:00+00:00,PLXS,142.27499389648438,142.27499389648438,142.27499389648438,142.0,142.0399932861328,2297.0
2024-10-25 14:39:00+00:00,POWI,63.689998626708984,63.689998626708984,63.689998626708984,63.650001525878906,63.650001525878906,1009.0
2024-10-25 14:39:00+00:00,PRCH,1.315000057220459,1.315000057220459,1.315000057220459,1.315000057220459,1.315000057220459,1269.0
2024-10-25 14:39:00+00:00,PTC,187.07000732421875,187.07000732421875,187.07000732421875,187.0500030517578,187.0500030517578,877.0
2024-10-25 14:39:00+00:00,PYCR,14.329999923706055,14.329999923706055,14.329999923706055,14.3100004196167,14.3100004196167,2093.0
2024-10-25 14:39:00+00:00,QCOM,171.41000366210938,171.41000366210938,171.47000122070312,171.39999389648438,171.39999389648438,4965.0
2024-10-25 14:39:00+00:00,QH,1.3799999952316284,1.3799999952316284,1.3799999952316284,1.3799999952316284,1.3799999952316284,1101.0
2024-10-25 14:39:00+00:00,QRVO,100.0199966430664,100.0199966430664,100.0199966430664,99.95999908447266,99.95999908447266,2238.0
2024-10-25 14:39:00+00:00,QUBT,1.0850000381469727,1.0850000381469727,1.0895999670028687,1.0850000381469727,1.0895999670028687,5147.0
2024-10-25 14:39:00+00:00,RCAT,2.759999990463257,2.759999990463257,2.763000011444092,2.755000114440918,2.759999990463257,15356.0
2024-10-25 14:39:00+00:00,RDWR,22.290000915527344,22.290000915527344,22.290000915527344,22.290000915527344,22.290000915527344,350.0
2024-10-25 14:39:00+00:00,RELY,14.829999923706055,14.829999923706055,14.829999923706055,14.821000099182129,14.829999923706055,859.0
2024-10-25 14:39:00+00:00,RGTI,1.2450000047683716,1.2450000047683716,1.25,1.2400000095367432,1.2400000095367432,19484.0
2024-10-25 14:39:00+00:00,RIOT,9.90999984741211,9.90999984741211,9.90999984741211,9.890000343322754,9.904999732971191,27975.0
2024-10-25 14:39:00+00:00,RMBS,43.459999084472656,43.459999084472656,43.470001220703125,43.41999816894531,43.41999816894531,4809.0
2024-10-25 14:39:00+00:00,RPAY,7.639999866485596,7.639999866485596,7.639999866485596,7.639999866485596,7.639999866485596,564.0
2024-10-25 14:39:00+00:00,RUM,5.769999980926514,5.769999980926514,5.775000095367432,5.769999980926514,5.769999980926514,7705.0
2024-10-25 14:39:00+00:00,RUMBW,1.340000033378601,1.340000033378601,1.340000033378601,1.340000033378601,1.340000033378601,40.0
2024-10-25 14:39:00+00:00,RUN,14.40999984741211,14.40999984741211,14.40999984741211,14.399999618530273,14.399999618530273,9946.0
2024-10-25 14:39:00+00:00,RXT,2.490000009536743,2.490000009536743,2.490000009536743,2.490000009536743,2.490000009536743,1888.0
2024-10-25 14:39:00+00:00,SANM,67.6500015258789,67.6500015258789,67.6500015258789,67.6500015258789,67.6500015258789,992.0
2024-10-25 14:39:00+00:00,SATL,0.9842000007629395,0.9842000007629395,0.9842000007629395,0.9842000007629395,0.9842000007629395,165.0
2024-10-25 14:39:00+00:00,SEDG,15.890000343322754,15.890000343322754,15.90999984741211,15.890000343322754,15.90999984741211,4190.0
2024-10-25 14:39:00+00:00,SHLS,5.264999866485596,5.264999866485596,5.269999980926514,5.264999866485596,5.264999866485596,1396.0
2024-10-25 14:39:00+00:00,SIMO,56.40129852294922,56.40129852294922,56.415000915527344,56.40129852294922,56.415000915527344,289.0
2024-10-25 14:39:00+00:00,SMCI,47.415000915527344,47.415000915527344,47.43000030517578,47.400001525878906,47.40999984741211,26993.0
2024-10-25 14:39:00+00:00,SMTC,45.93000030517578,45.93000030517578,45.93000030517578,45.93000030517578,45.93000030517578,229.0
2024-10-25 14:39:00+00:00,SNPS,503.3599853515625,503.3599853515625,503.3599853515625,503.0350036621094,503.1300048828125,1459.0
2024-10-25 14:39:00+00:00,SOBR,7.346499919891357,7.346499919891357,7.346499919891357,7.346499919891357,7.346499919891357,365.0
2024-10-25 14:39:00+00:00,SONO,12.720000267028809,12.720000267028809,12.729999542236328,12.720000267028809,12.729999542236328,359.0
2024-10-25 14:39:00+00:00,SOUN,5.199999809265137,5.199999809265137,5.199999809265137,5.190800189971924,5.195000171661377,9342.0
2024-10-25 14:39:00+00:00,SPSC,171.35000610351562,171.35000610351562,171.35000610351562,171.35000610351562,171.35000610351562,111.0
2024-10-25 14:39:00+00:00,SPT,27.020000457763672,27.020000457763672,27.020000457763672,27.020000457763672,27.020000457763672,602.0
2024-10-25 14:39:00+00:00,SSNC,69.6050033569336,69.6050033569336,69.6050033569336,69.5999984741211,69.6050033569336,2901.0
2024-10-25 14:39:00+00:00,SSYS,7.032199859619141,7.032199859619141,7.032199859619141,7.032199859619141,7.032199859619141,75.0
2024-10-25 14:39:00+00:00,STNE,11.569999694824219,11.569999694824219,11.569999694824219,11.5600004196167,11.5600004196167,5354.0
2024-10-25 14:39:00+00:00,STX,103.72000122070312,103.72000122070312,103.77999877929688,103.72000122070312,103.7699966430664,3414.0
2024-10-25 14:39:00+00:00,SVRE,0.07800000160932541,0.07800000160932541,0.07800000160932541,0.07800000160932541,0.07800000160932541,4167.0
2024-10-25 14:39:00+00:00,SWKS,96.07499694824219,96.07499694824219,96.07499694824219,96.0199966430664,96.0199966430664,1526.0
2024-10-25 14:39:00+00:00,SYNA,72.7300033569336,72.7300033569336,72.7300033569336,72.7300033569336,72.7300033569336,550.0
2024-10-25 14:39:00+00:00,SYTA,1.3100999593734741,1.3100999593734741,1.3199000358581543,1.3100999593734741,1.3157000541687012,4273.0
2024-10-25 14:39:00+00:00,TEAM,189.42999267578125,189.42999267578125,189.42999267578125,189.42999267578125,189.42999267578125,605.0
2024-10-25 14:39:00+00:00,TER,112.20999908447266,112.20999908447266,112.23500061035156,112.19999694824219,112.19999694824219,5674.0
2024-10-25 14:39:00+00:00,TRMB,61.09000015258789,61.09000015258789,61.09000015258789,61.060001373291016,61.060001373291016,1208.0
2024-10-25 14:39:00+00:00,TSEM,44.79999923706055,44.79999923706055,44.79999923706055,44.779998779296875,44.779998779296875,1038.0
2024-10-25 14:39:00+00:00,TTD,119.00499725341797,119.00499725341797,119.00499725341797,118.9800033569336,118.9800033569336,1293.0
2024-10-25 14:39:00+00:00,TTMI,19.625,19.625,19.625,19.625,19.625,964.0
2024-10-25 14:39:00+00:00,TWKS,4.440000057220459,4.440000057220459,4.440000057220459,4.440000057220459,4.440000057220459,502.0
2024-10-25 14:39:00+00:00,TXN,207.92999267578125,207.92999267578125,208.0399932861328,207.8300018310547,207.8300018310547,13549.0
2024-10-25 14:39:00+00:00,UTSI,2.79010009765625,2.79010009765625,2.79010009765625,2.79010009765625,2.79010009765625,247.0
2024-10-25 14:39:00+00:00,VECO,29.350000381469727,29.350000381469727,29.350000381469727,29.34000015258789,29.34000015258789,1093.0
2024-10-25 14:39:00+00:00,VERB,10.789999961853027,10.789999961853027,10.789999961853027,10.700499534606934,10.700499534606934,511.0
2024-10-25 14:39:00+00:00,VERX,42.18000030517578,42.18000030517578,42.18000030517578,42.18000030517578,42.18000030517578,282.0
2024-10-25 14:39:00+00:00,VIAV,9.204999923706055,9.204999923706055,9.210000038146973,9.199999809265137,9.210000038146973,1267.0
2024-10-25 14:39:00+00:00,VICR,46.61000061035156,46.61000061035156,46.61000061035156,46.61000061035156,46.61000061035156,200.0
2024-10-25 14:39:00+00:00,VMEO,4.760000228881836,4.760000228881836,4.760000228881836,4.760000228881836,4.760000228881836,750.0
2024-10-25 14:39:00+00:00,VRNS,56.86000061035156,56.86000061035156,56.86000061035156,56.812801361083984,56.812801361083984,2905.0
2024-10-25 14:39:00+00:00,VRSN,182.85499572753906,182.85499572753906,182.88499450683594,182.85499572753906,182.88499450683594,402.0
2024-10-25 14:39:00+00:00,VSAT,10.1850004196167,10.1850004196167,10.1850004196167,10.1850004196167,10.1850004196167,653.0
2024-10-25 14:39:00+00:00,WDAY,238.84500122070312,238.84500122070312,238.9499969482422,238.84500122070312,238.8699951171875,2324.0
2024-10-25 14:39:00+00:00,WDC,70.44999694824219,70.44999694824219,70.47000122070312,70.41000366210938,70.44999694824219,6643.0
2024-10-25 14:39:00+00:00,WISA,2.002000093460083,2.002000093460083,2.009999990463257,2.0,2.009999990463257,3805.0
2024-10-25 14:39:00+00:00,XPER,9.394700050354004,9.394700050354004,9.394700050354004,9.394700050354004,9.394700050354004,433.0
2024-10-25 14:39:00+00:00,XRX,10.024999618530273,10.024999618530273,10.029999732971191,10.024999618530273,10.024999618530273,813.0
2024-10-25 14:39:00+00:00,ZI,10.529999732971191,10.529999732971191,10.529999732971191,10.510000228881836,10.510000228881836,5422.0
2024-10-25 14:39:00+00:00,ZM,73.05000305175781,73.05000305175781,73.05500030517578,73.04000091552734,73.04000091552734,6360.0
2024-10-25 14:39:00+00:00,ZS,185.125,185.125,185.125,184.99000549316406,184.99000549316406,1680.0
2024-10-25 14:40:00+00:00,AAOI,17.75,17.75,17.75,17.75,17.75,277.0
2024-10-25 14:40:00+00:00,AAPL,231.74000549316406,231.74000549316406,231.80999755859375,231.72500610351562,231.7899932861328,35455.0
2024-10-25 14:40:00+00:00,ACMR,19.672199249267578,19.672199249267578,19.672199249267578,19.672199249267578,19.672199249267578,200.0
2024-10-25 14:40:00+00:00,ADBE,483.7650146484375,483.7650146484375,483.81201171875,483.7650146484375,483.81201171875,788.0
2024-10-25 14:40:00+00:00,ADI,231.66000366210938,231.66000366210938,231.7449951171875,231.66000366210938,231.7449951171875,976.0
2024-10-25 14:40:00+00:00,ADSK,286.3399963378906,286.3399963378906,286.44000244140625,286.3399963378906,286.44000244140625,2485.0
2024-10-25 14:40:00+00:00,AEHR,16.899099349975586,16.899099349975586,16.940000534057617,16.899099349975586,16.940000534057617,2777.0
2024-10-25 14:40:00+00:00,AEYE,22.780000686645508,22.780000686645508,22.780000686645508,22.742000579833984,22.742000579833984,703.0
2024-10-25 14:40:00+00:00,AFRM,41.529998779296875,41.529998779296875,41.54999923706055,41.50019836425781,41.5099983215332,11976.0
2024-10-25 14:40:00+00:00,AGYS,111.12999725341797,111.12999725341797,111.12999725341797,111.12999725341797,111.12999725341797,467.0
2024-10-25 14:40:00+00:00,AKAM,102.16000366210938,102.16000366210938,102.16000366210938,102.16000366210938,102.16000366210938,1190.0
2024-10-25 14:40:00+00:00,ALGM,23.155000686645508,23.155000686645508,23.15999984741211,23.139999389648438,23.155000686645508,8656.0
2024-10-25 14:40:00+00:00,ALKT,38.09000015258789,38.09000015258789,38.09000015258789,38.09000015258789,38.09000015258789,1249.0
2024-10-25 14:40:00+00:00,AMAT,187.42999267578125,187.42999267578125,187.52999877929688,187.42999267578125,187.52999877929688,3347.0
2024-10-25 14:40:00+00:00,AMBA,58.099998474121094,58.099998474121094,58.11000061035156,58.099998474121094,58.11000061035156,1679.0
2024-10-25 14:40:00+00:00,AMD,156.5800018310547,156.5800018310547,156.67999267578125,156.5800018310547,156.67999267578125,27515.0
2024-10-25 14:40:00+00:00,AMKR,30.045000076293945,30.045000076293945,30.045000076293945,30.045000076293945,30.045000076293945,608.0
2024-10-25 14:40:00+00:00,AMPL,9.109999656677246,9.109999656677246,9.111000061035156,9.109999656677246,9.109999656677246,1515.0
2024-10-25 14:40:00+00:00,ANY,1.0462000370025635,1.0462000370025635,1.0462000370025635,1.0462000370025635,1.0462000370025635,20302.0
2024-10-25 14:40:00+00:00,APCX,0.7400000095367432,0.7400000095367432,0.7400000095367432,0.7400000095367432,0.7400000095367432,200.0
2024-10-25 14:40:00+00:00,API,2.880000114440918,2.880000114440918,2.880000114440918,2.875,2.880000114440918,838.0
2024-10-25 14:40:00+00:00,APP,161.639892578125,161.639892578125,161.63999938964844,161.52000427246094,161.53750610351562,1938.0
2024-10-25 14:40:00+00:00,APPF,212.08999633789062,212.08999633789062,212.08999633789062,212.08999633789062,212.08999633789062,667.0
2024-10-25 14:40:00+00:00,APPN,32.20500183105469,32.20500183105469,32.20500183105469,32.189998626708984,32.189998626708984,1314.0
2024-10-25 14:40:00+00:00,APPS,3.069499969482422,3.069499969482422,3.075000047683716,3.069499969482422,3.075000047683716,2679.0
2024-10-25 14:40:00+00:00,ARRY,6.457499980926514,6.457499980926514,6.46999979019165,6.454999923706055,6.465000152587891,16828.0
2024-10-25 14:40:00+00:00,ASML,715.1215209960938,715.1215209960938,715.1215209960938,714.7999877929688,714.969970703125,1757.0
2024-10-25 14:40:00+00:00,ASNS,1.2999999523162842,1.2999999523162842,1.2999999523162842,1.2999999523162842,1.2999999523162842,1854.0
2024-10-25 14:40:00+00:00,ASUR,9.59749984741211,9.59749984741211,9.59749984741211,9.59749984741211,9.59749984741211,151.0
2024-10-25 14:40:00+00:00,AUR,6.394999980926514,6.394999980926514,6.400000095367432,6.394999980926514,6.400000095367432,10127.0
2024-10-25 14:40:00+00:00,AVDX,8.130000114440918,8.130000114440918,8.135000228881836,8.130000114440918,8.135000228881836,947.0
2024-10-25 14:40:00+00:00,AVGO,174.35000610351562,174.35000610351562,174.3800048828125,174.2899932861328,174.3800048828125,9297.0
2024-10-25 14:40:00+00:00,AVNW,20.70800018310547,20.70800018310547,20.70800018310547,20.70800018310547,20.70800018310547,246.0
2024-10-25 14:40:00+00:00,AVT,54.09000015258789,54.09000015258789,54.09000015258789,54.08000183105469,54.08000183105469,974.0
2024-10-25 14:40:00+00:00,AWRE,2.0199999809265137,2.0199999809265137,2.0199999809265137,2.0199999809265137,2.0199999809265137,100.0
2024-10-25 14:40:00+00:00,AXTI,2.6700000762939453,2.6700000762939453,2.6700000762939453,2.6700000762939453,2.6700000762939453,347.0
2024-10-25 14:40:00+00:00,AZPN,238.4550018310547,238.4550018310547,238.4550018310547,238.07000732421875,238.32000732421875,643.0
2024-10-25 14:40:00+00:00,BAND,17.700000762939453,17.700000762939453,17.709999084472656,17.700000762939453,17.709999084472656,989.0
2024-10-25 14:40:00+00:00,BCOV,2.2651000022888184,2.2651000022888184,2.2651000022888184,2.2651000022888184,2.2651000022888184,600.0
2024-10-25 14:40:00+00:00,BIGC,5.300000190734863,5.300000190734863,5.300000190734863,5.300000190734863,5.300000190734863,616.0
2024-10-25 14:40:00+00:00,BL,56.40999984741211,56.40999984741211,56.40999984741211,56.40999984741211,56.40999984741211,200.0
2024-10-25 14:40:00+00:00,BMBL,7.090000152587891,7.090000152587891,7.090000152587891,7.090000152587891,7.090000152587891,1650.0
2024-10-25 14:40:00+00:00,BOXL,0.4738999903202057,0.4738999903202057,0.4738999903202057,0.4738999903202057,0.4738999903202057,100.0
2024-10-25 14:40:00+00:00,BRZE,30.774799346923828,30.774799346923828,30.774799346923828,30.774799346923828,30.774799346923828,880.0
2024-10-25 14:40:00+00:00,BSY,49.25,49.25,49.27000045776367,49.25,49.27000045776367,1211.0
2024-10-25 14:40:00+00:00,CAMT,77.58000183105469,77.58000183105469,77.58000183105469,77.58000183105469,77.58000183105469,561.0
2024-10-25 14:40:00+00:00,CAN,0.9769999980926514,0.9769999980926514,0.9801999926567078,0.9769999980926514,0.978600025177002,2200.0
2024-10-25 14:40:00+00:00,CDNS,258.6400146484375,258.6400146484375,258.7749938964844,258.56109619140625,258.7749938964844,4707.0
2024-10-25 14:40:00+00:00,CDW,218.22999572753906,218.22999572753906,218.35499572753906,218.22999572753906,218.35499572753906,576.0
2024-10-25 14:40:00+00:00,CETX,0.3027999997138977,0.3027999997138977,0.3027999997138977,0.3027999997138977,0.3027999997138977,6618.0
2024-10-25 14:40:00+00:00,CEVA,24.110000610351562,24.110000610351562,24.110000610351562,24.110000610351562,24.110000610351562,470.0
2024-10-25 14:40:00+00:00,CFLT,22.604999542236328,22.604999542236328,22.610000610351562,22.604999542236328,22.610000610351562,1785.0
2024-10-25 14:40:00+00:00,CGNT,6.617000102996826,6.617000102996826,6.617000102996826,6.617000102996826,6.617000102996826,249.0
2024-10-25 14:40:00+00:00,CGNX,38.91999816894531,38.91999816894531,38.939998626708984,38.90999984741211,38.939998626708984,1585.0
2024-10-25 14:40:00+00:00,CHKP,206.61000061035156,206.61000061035156,206.61000061035156,206.61000061035156,206.61000061035156,302.0
2024-10-25 14:40:00+00:00,CLSK,11.8149995803833,11.8149995803833,11.838500022888184,11.8149995803833,11.824999809265137,45701.0
2024-10-25 14:40:00+00:00,CMTL,3.7300000190734863,3.7300000190734863,3.7300000190734863,3.7300000190734863,3.7300000190734863,1753.0
2024-10-25 14:40:00+00:00,CNDT,3.5899999141693115,3.5899999141693115,3.6050000190734863,3.5899999141693115,3.6050000190734863,64632.0
2024-10-25 14:40:00+00:00,CNXC,44.439998626708984,44.439998626708984,44.44499969482422,44.439998626708984,44.44499969482422,464.0
2024-10-25 14:40:00+00:00,COHR,95.77999877929688,95.77999877929688,95.80000305175781,95.77999877929688,95.80000305175781,938.0
2024-10-25 14:40:00+00:00,COHU,26.010000228881836,26.010000228881836,26.010000228881836,26.010000228881836,26.010000228881836,901.0
2024-10-25 14:40:00+00:00,COIN,208.61000061035156,208.61000061035156,208.8094940185547,208.58999633789062,208.8094940185547,3995.0
2024-10-25 14:40:00+00:00,COMM,6.259900093078613,6.259900093078613,6.269999980926514,6.255000114440918,6.264999866485596,23052.0
2024-10-25 14:40:00+00:00,CORZ,13.380000114440918,13.380000114440918,13.385000228881836,13.380000114440918,13.385000228881836,3593.0
2024-10-25 14:40:00+00:00,CORZW,7.860000133514404,7.860000133514404,7.860000133514404,7.860000133514404,7.860000133514404,1094.0
2024-10-25 14:40:00+00:00,CRCT,6.579999923706055,6.579999923706055,6.585000038146973,6.579999923706055,6.585000038146973,1588.0
2024-10-25 14:40:00+00:00,CRDO,39.20500183105469,39.20500183105469,39.20500183105469,39.20500183105469,39.20500183105469,774.0
2024-10-25 14:40:00+00:00,CRSR,6.34499979019165,6.34499979019165,6.349999904632568,6.34499979019165,6.349999904632568,587.0
2024-10-25 14:40:00+00:00,CRUS,122.97000122070312,122.97000122070312,123.0,122.97000122070312,123.0,1364.0
2024-10-25 14:40:00+00:00,CRWD,296.5,296.5,296.69989013671875,296.43499755859375,296.44000244140625,8181.0
2024-10-25 14:40:00+00:00,CSCO,55.76359939575195,55.76359939575195,55.777099609375,55.76359939575195,55.777099609375,5942.0
2024-10-25 14:40:00+00:00,CSGS,47.529998779296875,47.529998779296875,47.529998779296875,47.529998779296875,47.529998779296875,831.0
2024-10-25 14:40:00+00:00,CSIQ,13.38599967956543,13.38599967956543,13.389900207519531,13.385000228881836,13.385000228881836,912.0
2024-10-25 14:40:00+00:00,CTSH,74.77999877929688,74.77999877929688,74.81999969482422,74.77999877929688,74.81999969482422,2580.0
2024-10-25 14:40:00+00:00,CVLT,134.55499267578125,134.55499267578125,134.57000732421875,134.55499267578125,134.57000732421875,1038.0
2024-10-25 14:40:00+00:00,CYBR,289.9800109863281,289.9800109863281,290.2900085449219,289.9800109863281,290.08538818359375,1817.0
2024-10-25 14:40:00+00:00,DBX,26.100000381469727,26.100000381469727,26.104999542236328,26.100000381469727,26.104999542236328,4963.0
2024-10-25 14:40:00+00:00,DDOG,126.3499984741211,126.3499984741211,126.37000274658203,126.29000091552734,126.31900024414062,6562.0
2024-10-25 14:40:00+00:00,DGII,30.079999923706055,30.079999923706055,30.079999923706055,30.079999923706055,30.079999923706055,263.0
2024-10-25 14:40:00+00:00,DIOD,65.30000305175781,65.30000305175781,65.30000305175781,65.30000305175781,65.30000305175781,512.0
2024-10-25 14:40:00+00:00,DLO,8.854999542236328,8.854999542236328,8.854999542236328,8.854999542236328,8.854999542236328,526.0
2024-10-25 14:40:00+00:00,DOCU,68.93000030517578,68.93000030517578,68.97000122070312,68.92500305175781,68.97000122070312,9443.0
2024-10-25 14:40:00+00:00,DSGX,104.41000366210938,104.41000366210938,104.41000366210938,104.41000366210938,104.41000366210938,667.0
2024-10-25 14:40:00+00:00,DUOT,4.130000114440918,4.130000114440918,4.130000114440918,4.130000114440918,4.130000114440918,200.0
2024-10-25 14:40:00+00:00,ENPH,83.7699966430664,83.7699966430664,83.7699966430664,83.69000244140625,83.74939727783203,1986.0
2024-10-25 14:40:00+00:00,ENTG,104.68000030517578,104.68000030517578,104.68000030517578,104.62000274658203,104.63999938964844,2173.0
2024-10-25 14:40:00+00:00,ERIC,8.454999923706055,8.454999923706055,8.454999923706055,8.454999923706055,8.454999923706055,2723.0
2024-10-25 14:40:00+00:00,EVCM,10.449999809265137,10.449999809265137,10.449999809265137,10.449999809265137,10.449999809265137,126.0
2024-10-25 14:40:00+00:00,EXLS,38.77000045776367,38.77000045776367,38.790000915527344,38.77000045776367,38.790000915527344,2540.0
2024-10-25 14:40:00+00:00,EXTR,14.380000114440918,14.380000114440918,14.390000343322754,14.380000114440918,14.390000343322754,2157.0
2024-10-25 14:40:00+00:00,FFIV,216.33999633789062,216.33999633789062,216.33999633789062,216.33999633789062,216.33999633789062,269.0
2024-10-25 14:40:00+00:00,FIVN,29.920000076293945,29.920000076293945,29.93000030517578,29.920000076293945,29.93000030517578,1053.0
2024-10-25 14:40:00+00:00,FLEX,35.244998931884766,35.244998931884766,35.25,35.2400016784668,35.2400016784668,2917.0
2024-10-25 14:40:00+00:00,FLYW,17.270000457763672,17.270000457763672,17.299999237060547,17.270000457763672,17.299999237060547,2083.0
2024-10-25 14:40:00+00:00,FORM,44.779998779296875,44.779998779296875,44.779998779296875,44.779998779296875,44.779998779296875,932.0
2024-10-25 14:40:00+00:00,FRSH,11.635000228881836,11.635000228881836,11.635000228881836,11.630000114440918,11.630000114440918,3406.0
2024-10-25 14:40:00+00:00,FSLR,198.3000030517578,198.3000030517578,198.3249969482422,198.25,198.25,1199.0
2024-10-25 14:40:00+00:00,FTNT,80.49500274658203,80.49500274658203,80.5199966430664,80.48999786376953,80.5199966430664,5275.0
2024-10-25 14:40:00+00:00,GCT,24.790000915527344,24.790000915527344,24.790000915527344,24.760099411010742,24.780000686645508,1834.0
2024-10-25 14:40:00+00:00,GDS,21.459999084472656,21.459999084472656,21.479999542236328,21.43000030517578,21.479999542236328,4944.0
2024-10-25 14:40:00+00:00,GDYN,15.619999885559082,15.619999885559082,15.619999885559082,15.619999885559082,15.619999885559082,312.0
2024-10-25 14:40:00+00:00,GILT,4.940000057220459,4.940000057220459,4.940000057220459,4.916800022125244,4.916800022125244,14660.0
2024-10-25 14:40:00+00:00,GRAB,4.079999923706055,4.079999923706055,4.079999923706055,4.070000171661377,4.079999923706055,27023.0
2024-10-25 14:40:00+00:00,GTLB,55.29999923706055,55.29999923706055,55.31999969482422,55.2599983215332,55.27000045776367,1886.0
2024-10-25 14:40:00+00:00,HCP,33.654998779296875,33.654998779296875,33.654998779296875,33.650001525878906,33.654998779296875,1013.0
2024-10-25 14:40:00+00:00,HOLO,3.5950000286102295,3.5950000286102295,3.5950000286102295,3.5899999141693115,3.5899999141693115,2738.0
2024-10-25 14:40:00+00:00,HOOD,27.204999923706055,27.204999923706055,27.21500015258789,27.204999923706055,27.21500015258789,4434.0
2024-10-25 14:40:00+00:00,IMXI,17.6299991607666,17.6299991607666,17.6299991607666,17.6299991607666,17.6299991607666,186.0
2024-10-25 14:40:00+00:00,INDI,3.505000114440918,3.505000114440918,3.505000114440918,3.505000114440918,3.505000114440918,1423.0
2024-10-25 14:40:00+00:00,INTA,50.11000061035156,50.11000061035156,50.16999816894531,50.11000061035156,50.16999816894531,1920.0
2024-10-25 14:40:00+00:00,INTC,22.97010040283203,22.97010040283203,22.97010040283203,22.959999084472656,22.96500015258789,66228.0
2024-10-25 14:40:00+00:00,INTU,608.8699951171875,608.8699951171875,608.9199829101562,608.8699951171875,608.9199829101562,864.0
2024-10-25 14:40:00+00:00,JAMF,16.795000076293945,16.795000076293945,16.799999237060547,16.795000076293945,16.799999237060547,381.0
2024-10-25 14:40:00+00:00,JKHY,182.6199951171875,182.6199951171875,182.6199951171875,182.5800018310547,182.5800018310547,435.0
2024-10-25 14:40:00+00:00,KC,2.680000066757202,2.680000066757202,2.684999942779541,2.680000066757202,2.684999942779541,448.0
2024-10-25 14:40:00+00:00,KLIC,44.599998474121094,44.599998474121094,44.61000061035156,44.599998474121094,44.61000061035156,1413.0
2024-10-25 14:40:00+00:00,LASR,10.420000076293945,10.420000076293945,10.420000076293945,10.420000076293945,10.420000076293945,536.0
2024-10-25 14:40:00+00:00,LITE,64.61000061035156,64.61000061035156,64.63999938964844,64.61000061035156,64.63999938964844,1847.0
2024-10-25 14:40:00+00:00,LOGI,80.80999755859375,80.80999755859375,80.80999755859375,80.80999755859375,80.80999755859375,176.0
2024-10-25 14:40:00+00:00,LPSN,1.1699999570846558,1.1699999570846558,1.1699999570846558,1.1699999570846558,1.1699999570846558,147.0
2024-10-25 14:40:00+00:00,LRCX,78.55000305175781,78.55000305175781,78.58999633789062,78.55000305175781,78.58999633789062,13333.0
2024-10-25 14:40:00+00:00,LSCC,54.36000061035156,54.36000061035156,54.3650016784668,54.349998474121094,54.3650016784668,2504.0
2024-10-25 14:40:00+00:00,LTRX,4.114999771118164,4.114999771118164,4.114999771118164,4.114999771118164,4.114999771118164,225.0
2024-10-25 14:40:00+00:00,LYFT,13.8149995803833,13.8149995803833,13.8149995803833,13.8149995803833,13.8149995803833,2729.0
2024-10-25 14:40:00+00:00,MANH,276.07000732421875,276.07000732421875,276.07000732421875,275.9849853515625,275.9849853515625,3499.0
2024-10-25 14:40:00+00:00,MAXN,5.768599987030029,5.768599987030029,5.78000020980835,5.760000228881836,5.78000020980835,3693.0
2024-10-25 14:40:00+00:00,MCHP,76.80999755859375,76.80999755859375,76.8550033569336,76.80999755859375,76.8550033569336,6870.0
2024-10-25 14:40:00+00:00,MGIC,11.130000114440918,11.130000114440918,11.130000114440918,11.130000114440918,11.130000114440918,301.0
2024-10-25 14:40:00+00:00,MITK,8.760000228881836,8.760000228881836,8.760000228881836,8.760000228881836,8.760000228881836,730.0
2024-10-25 14:40:00+00:00,MKSI,101.33999633789062,101.33999633789062,101.3499984741211,101.33999633789062,101.3499984741211,1099.0
2024-10-25 14:40:00+00:00,MKTW,0.5784000158309937,0.5784000158309937,0.5784000158309937,0.5781000256538391,0.5781000256538391,3807.0
2024-10-25 14:40:00+00:00,MNDY,299.385009765625,299.385009765625,299.385009765625,299.385009765625,299.385009765625,1034.0
2024-10-25 14:40:00+00:00,MOB,1.3662999868392944,1.3662999868392944,1.3700000047683716,1.3662999868392944,1.3700000047683716,1030.0
2024-10-25 14:40:00+00:00,MPWR,912.5900268554688,912.5900268554688,912.5900268554688,912.5900268554688,912.5900268554688,379.0
2024-10-25 14:40:00+00:00,MQ,5.315000057220459,5.315000057220459,5.320000171661377,5.295000076293945,5.295000076293945,24314.0
2024-10-25 14:40:00+00:00,MRVL,82.2699966430664,82.2699966430664,82.36000061035156,82.2699966430664,82.33000183105469,15125.0
2024-10-25 14:40:00+00:00,MSFT,428.6600036621094,428.6600036621094,428.71978759765625,428.57000732421875,428.693115234375,6703.0
2024-10-25 14:40:00+00:00,MSTR,237.11050415039062,237.11050415039062,237.64999389648438,237.0,237.15269470214844,30250.0
2024-10-25 14:40:00+00:00,MTSI,120.8499984741211,120.8499984741211,120.9000015258789,120.83999633789062,120.9000015258789,2821.0
2024-10-25 14:40:00+00:00,MTTR,4.59499979019165,4.59499979019165,4.59499979019165,4.59499979019165,4.59499979019165,645.0
2024-10-25 14:40:00+00:00,MU,108.93990325927734,108.93990325927734,108.94999694824219,108.87999725341797,108.91000366210938,21086.0
2024-10-25 14:40:00+00:00,MXL,14.899999618530273,14.899999618530273,14.899999618530273,14.890000343322754,14.890000343322754,419.0
2024-10-25 14:40:00+00:00,NCNO,37.665000915527344,37.665000915527344,37.665000915527344,37.665000915527344,37.665000915527344,3013.0
2024-10-25 14:40:00+00:00,NNDM,2.3299999237060547,2.3299999237060547,2.3299999237060547,2.3299999237060547,2.3299999237060547,479.0
2024-10-25 14:40:00+00:00,NTAP,119.84500122070312,119.84500122070312,119.84500122070312,119.83999633789062,119.83999633789062,385.0
2024-10-25 14:40:00+00:00,NTNX,62.119998931884766,62.119998931884766,62.119998931884766,62.119998931884766,62.119998931884766,939.0
2024-10-25 14:40:00+00:00,NVDA,141.97239685058594,141.97239685058594,142.08990478515625,141.92999267578125,142.08920288085938,350980.0
2024-10-25 14:40:00+00:00,NVEI,33.494998931884766,33.494998931884766,33.494998931884766,33.494998931884766,33.494998931884766,2480.0
2024-10-25 14:40:00+00:00,NVTS,2.5450000762939453,2.5450000762939453,2.547300100326538,2.5399999618530273,2.547300100326538,1345.0
2024-10-25 14:40:00+00:00,NXPI,243.8800048828125,243.8800048828125,244.05999755859375,243.8800048828125,244.0399932861328,3145.0
2024-10-25 14:40:00+00:00,OKTA,72.23999786376953,72.23999786376953,72.23999786376953,72.23999786376953,72.23999786376953,765.0
2024-10-25 14:40:00+00:00,ON,71.49500274658203,71.49500274658203,71.5199966430664,71.47000122070312,71.5,9543.0
2024-10-25 14:40:00+00:00,OSIS,135.52000427246094,135.52000427246094,135.63999938964844,135.52000427246094,135.63999938964844,1156.0
2024-10-25 14:40:00+00:00,OTEX,33.310001373291016,33.310001373291016,33.31999969482422,33.310001373291016,33.310001373291016,2287.0
2024-10-25 14:40:00+00:00,PAYO,8.305000305175781,8.305000305175781,8.305000305175781,8.305000305175781,8.305000305175781,977.0
2024-10-25 14:40:00+00:00,PCTY,173.91000366210938,173.91000366210938,173.91000366210938,173.91000366210938,173.91000366210938,1393.0
2024-10-25 14:40:00+00:00,PDFS,29.219999313354492,29.219999313354492,29.219999313354492,29.219999313354492,29.219999313354492,397.0
2024-10-25 14:40:00+00:00,PEGA,79.86499786376953,79.86499786376953,79.86499786376953,79.8550033569336,79.8550033569336,1450.0
2024-10-25 14:40:00+00:00,PEGY,4.817999839782715,4.817999839782715,4.817999839782715,4.817999839782715,4.817999839782715,1559.0
2024-10-25 14:40:00+00:00,PGY,11.84000015258789,11.84000015258789,11.84000015258789,11.84000015258789,11.84000015258789,300.0
2024-10-25 14:40:00+00:00,PHUN,10.469900131225586,10.469900131225586,10.529899597167969,10.34000015258789,10.34000015258789,75587.0
2024-10-25 14:40:00+00:00,PI,203.36000061035156,203.36000061035156,203.74000549316406,203.36000061035156,203.74000549316406,781.0
2024-10-25 14:40:00+00:00,PLXS,142.125,142.125,142.125,142.125,142.125,295.0
2024-10-25 14:40:00+00:00,POWI,63.66999816894531,63.66999816894531,63.689998626708984,63.65999984741211,63.689998626708984,1069.0
2024-10-25 14:40:00+00:00,PRCH,1.315000057220459,1.315000057220459,1.315000057220459,1.315000057220459,1.315000057220459,101.0
2024-10-25 14:40:00+00:00,PUBM,14.741900444030762,14.741900444030762,14.741900444030762,14.741900444030762,14.741900444030762,382.0
2024-10-25 14:40:00+00:00,PYCR,14.34000015258789,14.34000015258789,14.34000015258789,14.34000015258789,14.34000015258789,990.0
2024-10-25 14:40:00+00:00,QCOM,171.41000366210938,171.41000366210938,171.44200134277344,171.39999389648438,171.39999389648438,5038.0
2024-10-25 14:40:00+00:00,QRVO,99.97000122070312,99.97000122070312,100.01000213623047,99.97000122070312,99.98999786376953,2487.0
2024-10-25 14:40:00+00:00,RCAT,2.765000104904175,2.765000104904175,2.765000104904175,2.759999990463257,2.759999990463257,1722.0
2024-10-25 14:40:00+00:00,RELY,14.829999923706055,14.829999923706055,14.829999923706055,14.829999923706055,14.829999923706055,1723.0
2024-10-25 14:40:00+00:00,RGTI,1.2450000047683716,1.2450000047683716,1.2450000047683716,1.2450000047683716,1.2450000047683716,1833.0
2024-10-25 14:40:00+00:00,RIOT,9.899999618530273,9.899999618530273,9.930000305175781,9.899999618530273,9.905900001525879,106035.0
2024-10-25 14:40:00+00:00,RMBS,43.470001220703125,43.470001220703125,43.470001220703125,43.439998626708984,43.439998626708984,748.0
2024-10-25 14:40:00+00:00,RMNI,1.7148000001907349,1.7148000001907349,1.7148000001907349,1.7148000001907349,1.7148000001907349,102.0
2024-10-25 14:40:00+00:00,RPAY,7.659999847412109,7.659999847412109,7.659999847412109,7.650000095367432,7.650000095367432,1513.0
2024-10-25 14:40:00+00:00,RPD,38.80500030517578,38.80500030517578,38.80500030517578,38.80500030517578,38.80500030517578,237.0
2024-10-25 14:40:00+00:00,RUM,5.77400016784668,5.77400016784668,5.77400016784668,5.77400016784668,5.77400016784668,825.0
2024-10-25 14:40:00+00:00,RUN,14.404999732971191,14.404999732971191,14.40999984741211,14.39900016784668,14.404999732971191,10078.0
2024-10-25 14:40:00+00:00,SEDG,15.899999618530273,15.899999618530273,15.899999618530273,15.880000114440918,15.887299537658691,1486.0
2024-10-25 14:40:00+00:00,SHLS,5.264999866485596,5.264999866485596,5.269999980926514,5.264699935913086,5.264999866485596,1660.0
2024-10-25 14:40:00+00:00,SIMO,56.415000915527344,56.415000915527344,56.415000915527344,56.415000915527344,56.415000915527344,208.0
2024-10-25 14:40:00+00:00,SLNHP,12.869999885559082,12.869999885559082,13.0,12.859999656677246,13.0,600.0
2024-10-25 14:40:00+00:00,SMCI,47.400001525878906,47.400001525878906,47.41600036621094,47.391300201416016,47.414798736572266,28421.0
2024-10-25 14:40:00+00:00,SMTC,45.880001068115234,45.880001068115234,45.93000030517578,45.880001068115234,45.9203987121582,1718.0
2024-10-25 14:40:00+00:00,SONO,12.725000381469727,12.725000381469727,12.725000381469727,12.720000267028809,12.720000267028809,2253.0
2024-10-25 14:40:00+00:00,SOUN,5.195000171661377,5.195000171661377,5.1992998123168945,5.190100193023682,5.190100193023682,17235.0
2024-10-25 14:40:00+00:00,SPI,0.41499999165534973,0.41499999165534973,0.41499999165534973,0.41499999165534973,0.41499999165534973,1798.0
2024-10-25 14:40:00+00:00,SPSC,171.32000732421875,171.32000732421875,171.32000732421875,171.0334014892578,171.0334014892578,712.0
2024-10-25 14:40:00+00:00,SPT,26.979999542236328,26.979999542236328,27.020000457763672,26.979999542236328,27.000099182128906,2653.0
2024-10-25 14:40:00+00:00,SSNC,69.6050033569336,69.6050033569336,69.6050033569336,69.58999633789062,69.6050033569336,3512.0
2024-10-25 14:40:00+00:00,SSTI,11.274999618530273,11.274999618530273,11.274999618530273,11.274999618530273,11.274999618530273,200.0
2024-10-25 14:40:00+00:00,SSYS,7.041999816894531,7.041999816894531,7.041999816894531,7.041999816894531,7.041999816894531,504.0
2024-10-25 14:40:00+00:00,STNE,11.555000305175781,11.555000305175781,11.568499565124512,11.555000305175781,11.568499565124512,5642.0
2024-10-25 14:40:00+00:00,STX,103.72000122070312,103.72000122070312,103.79000091552734,103.72000122070312,103.76499938964844,2173.0
2024-10-25 14:40:00+00:00,SURG,1.7450000047683716,1.7450000047683716,1.7450000047683716,1.7450000047683716,1.7450000047683716,200.0
2024-10-25 14:40:00+00:00,SWKS,96.01000213623047,96.01000213623047,96.05999755859375,96.01000213623047,96.05000305175781,1886.0
2024-10-25 14:40:00+00:00,SYTA,1.315000057220459,1.315000057220459,1.315000057220459,1.309999942779541,1.309999942779541,2701.0
2024-10-25 14:40:00+00:00,TACT,4.170000076293945,4.170000076293945,4.170000076293945,4.170000076293945,4.170000076293945,264.0
2024-10-25 14:40:00+00:00,TEAM,189.42999267578125,189.42999267578125,189.42999267578125,189.42999267578125,189.42999267578125,372.0
2024-10-25 14:40:00+00:00,TENB,41.7400016784668,41.7400016784668,41.7400016784668,41.709999084472656,41.739898681640625,935.0
2024-10-25 14:40:00+00:00,TER,112.05000305175781,112.05000305175781,112.13999938964844,112.05000305175781,112.13999938964844,2580.0
2024-10-25 14:40:00+00:00,TRMB,61.064998626708984,61.064998626708984,61.064998626708984,61.064998626708984,61.064998626708984,332.0
2024-10-25 14:40:00+00:00,TSEM,44.83919906616211,44.83919906616211,44.83919906616211,44.83919906616211,44.83919906616211,221.0
2024-10-25 14:40:00+00:00,TTD,118.99500274658203,118.99500274658203,119.0176010131836,118.9302978515625,118.9302978515625,4211.0
2024-10-25 14:40:00+00:00,TWKS,4.440000057220459,4.440000057220459,4.440000057220459,4.440000057220459,4.440000057220459,5871.0
2024-10-25 14:40:00+00:00,TXN,207.88999938964844,207.88999938964844,207.9199981689453,207.87600708007812,207.89999389648438,2199.0
2024-10-25 14:40:00+00:00,VCSA,2.4000000953674316,2.4000000953674316,2.4200000762939453,2.4000000953674316,2.4200000762939453,6316.0
2024-10-25 14:40:00+00:00,VECO,29.350000381469727,29.350000381469727,29.3700008392334,29.350000381469727,29.3700008392334,1728.0
2024-10-25 14:40:00+00:00,VERI,3.4200000762939453,3.4200000762939453,3.4200000762939453,3.4100000858306885,3.4200000762939453,484.0
2024-10-25 14:40:00+00:00,VERX,42.18000030517578,42.18000030517578,42.18000030517578,42.14469909667969,42.14469909667969,1293.0
2024-10-25 14:40:00+00:00,VIAV,9.199999809265137,9.199999809265137,9.206000328063965,9.199999809265137,9.206000328063965,1277.0
2024-10-25 14:40:00+00:00,VICR,46.63999938964844,46.63999938964844,46.65999984741211,46.599998474121094,46.599998474121094,2440.0
2024-10-25 14:40:00+00:00,VNET,3.424999952316284,3.424999952316284,3.424999952316284,3.424999952316284,3.424999952316284,1000.0
2024-10-25 14:40:00+00:00,VRNS,56.849998474121094,56.849998474121094,56.849998474121094,56.849998474121094,56.849998474121094,1226.0
2024-10-25 14:40:00+00:00,VRNT,21.950000762939453,21.950000762939453,21.96500015258789,21.950000762939453,21.96500015258789,2182.0
2024-10-25 14:40:00+00:00,VRSN,182.89500427246094,182.89500427246094,182.9199981689453,182.85499572753906,182.85499572753906,864.0
2024-10-25 14:40:00+00:00,VSAT,10.1850004196167,10.1850004196167,10.1850004196167,10.180100440979004,10.1850004196167,1177.0
2024-10-25 14:40:00+00:00,WALD,3.5199999809265137,3.5199999809265137,3.5199999809265137,3.5199999809265137,3.5199999809265137,200.0
2024-10-25 14:40:00+00:00,WDAY,238.82000732421875,238.82000732421875,238.94000244140625,238.82000732421875,238.91250610351562,2022.0
2024-10-25 14:40:00+00:00,WDC,70.44000244140625,70.44000244140625,70.45999908447266,70.41999816894531,70.42500305175781,11899.0
2024-10-25 14:40:00+00:00,WLDS,3.5,3.5,3.5,3.5,3.5,1972.0
2024-10-25 14:40:00+00:00,WRAP,1.7999999523162842,1.7999999523162842,1.7999999523162842,1.7999999523162842,1.7999999523162842,6787.0
2024-10-25 14:40:00+00:00,XPER,9.404999732971191,9.404999732971191,9.404999732971191,9.395999908447266,9.395999908447266,1246.0
2024-10-25 14:40:00+00:00,XRX,10.024999618530273,10.024999618530273,10.029999732971191,10.024999618530273,10.029999732971191,497.0
2024-10-25 14:40:00+00:00,ZENV,1.4299999475479126,1.4299999475479126,1.4299999475479126,1.4299999475479126,1.4299999475479126,0.0
2024-10-25 14:40:00+00:00,ZM,73.05000305175781,73.05000305175781,73.05000305175781,73.05000305175781,73.05000305175781,1256.0
2024-10-25 14:40:00+00:00,ZS,185.00999450683594,185.00999450683594,185.00999450683594,185.00999450683594,185.00999450683594,369.0
2024-10-25 14:41:00+00:00,AAOI,17.729999542236328,17.729999542236328,17.729999542236328,17.729999542236328,17.729999542236328,661.0
2024-10-25 14:41:00+00:00,AAPL,231.77960205078125,231.77960205078125,231.80999755859375,231.71229553222656,231.75999450683594,23969.0
2024-10-25 14:41:00+00:00,ACIW,48.95000076293945,48.95000076293945,48.95000076293945,48.95000076293945,48.95000076293945,306.0
2024-10-25 14:41:00+00:00,ACLS,90.12999725341797,90.12999725341797,90.12999725341797,90.12999725341797,90.12999725341797,556.0
2024-10-25 14:41:00+00:00,ACMR,19.68000030517578,19.68000030517578,19.68000030517578,19.679500579833984,19.679500579833984,1496.0
2024-10-25 14:41:00+00:00,ADBE,483.3800048828125,483.3800048828125,483.5799865722656,483.3800048828125,483.5199890136719,964.0
2024-10-25 14:41:00+00:00,ADI,231.51499938964844,231.51499938964844,231.7100067138672,231.51499938964844,231.7100067138672,3415.0
2024-10-25 14:41:00+00:00,AEHR,16.88010025024414,16.88010025024414,16.885000228881836,16.88010025024414,16.885000228881836,371.0
2024-10-25 14:41:00+00:00,AEYE,22.780000686645508,22.780000686645508,22.780000686645508,22.780000686645508,22.780000686645508,570.0
2024-10-25 14:41:00+00:00,AFRM,41.529998779296875,41.529998779296875,41.54999923706055,41.4901008605957,41.540000915527344,4914.0
2024-10-25 14:41:00+00:00,AIRG,9.225000381469727,9.225000381469727,9.289999961853027,9.225000381469727,9.289999961853027,1905.0
2024-10-25 14:41:00+00:00,AKAM,102.1500015258789,102.1500015258789,102.1500015258789,102.1500015258789,102.1500015258789,904.0
2024-10-25 14:41:00+00:00,AKTS,0.059300001710653305,0.059300001710653305,0.059300001710653305,0.05900000035762787,0.05900000035762787,305.0
2024-10-25 14:41:00+00:00,ALGM,23.125,23.125,23.159900665283203,23.1200008392334,23.149999618530273,4705.0
2024-10-25 14:41:00+00:00,ALRM,54.625,54.625,54.625,54.625,54.625,297.0
2024-10-25 14:41:00+00:00,AMAT,187.35000610351562,187.35000610351562,187.57000732421875,187.35000610351562,187.49000549316406,2291.0
2024-10-25 14:41:00+00:00,AMD,156.61659240722656,156.61659240722656,156.66990661621094,156.52999877929688,156.58599853515625,27026.0
2024-10-25 14:41:00+00:00,AMKR,30.029699325561523,30.029699325561523,30.040000915527344,30.029699325561523,30.040000915527344,900.0
2024-10-25 14:41:00+00:00,AMPL,9.100000381469727,9.100000381469727,9.104999542236328,9.100000381469727,9.104999542236328,909.0
2024-10-25 14:41:00+00:00,ANSS,323.2099914550781,323.2099914550781,323.2099914550781,323.2099914550781,323.2099914550781,450.0
2024-10-25 14:41:00+00:00,ANY,1.0499999523162842,1.0499999523162842,1.0499999523162842,1.0499999523162842,1.0499999523162842,502.0
2024-10-25 14:41:00+00:00,APCX,0.7347000241279602,0.7347000241279602,0.7347000241279602,0.7347000241279602,0.7347000241279602,672.0
2024-10-25 14:41:00+00:00,API,2.880000114440918,2.880000114440918,2.880000114440918,2.880000114440918,2.880000114440918,506.0
2024-10-25 14:41:00+00:00,APP,161.47000122070312,161.47000122070312,161.5800018310547,161.4600067138672,161.5500030517578,2236.0
2024-10-25 14:41:00+00:00,APPF,211.88999938964844,211.88999938964844,211.88999938964844,211.88999938964844,211.88999938964844,719.0
2024-10-25 14:41:00+00:00,APPS,3.0699000358581543,3.0699000358581543,3.069999933242798,3.0699000358581543,3.069999933242798,740.0
2024-10-25 14:41:00+00:00,ARRY,6.465000152587891,6.465000152587891,6.46999979019165,6.465000152587891,6.465000152587891,6569.0
2024-10-25 14:41:00+00:00,ASML,714.4749755859375,714.4749755859375,714.6947021484375,714.4749755859375,714.6947021484375,2067.0
2024-10-25 14:41:00+00:00,AUR,6.385000228881836,6.385000228881836,6.3902997970581055,6.385000228881836,6.3902997970581055,17366.0
2024-10-25 14:41:00+00:00,AVDX,8.130000114440918,8.130000114440918,8.130000114440918,8.130000114440918,8.130000114440918,1006.0
2024-10-25 14:41:00+00:00,AVGO,174.2899932861328,174.2899932861328,174.42990112304688,174.1999969482422,174.37229919433594,11698.0
2024-10-25 14:41:00+00:00,AVT,54.060001373291016,54.060001373291016,54.06999969482422,54.04999923706055,54.04999923706055,1490.0
2024-10-25 14:41:00+00:00,AZPN,238.43499755859375,238.43499755859375,238.43499755859375,238.43499755859375,238.43499755859375,189.0
2024-10-25 14:41:00+00:00,BCOV,2.26990008354187,2.26990008354187,2.26990008354187,2.2639999389648438,2.2639999389648438,600.0
2024-10-25 14:41:00+00:00,BL,56.369998931884766,56.369998931884766,56.38999938964844,56.369998931884766,56.38999938964844,758.0
2024-10-25 14:41:00+00:00,BMBL,7.085000038146973,7.085000038146973,7.090000152587891,7.085000038146973,7.090000152587891,1846.0
2024-10-25 14:41:00+00:00,BSY,49.224998474121094,49.224998474121094,49.224998474121094,49.224998474121094,49.224998474121094,793.0
2024-10-25 14:41:00+00:00,CAMP,11.055000305175781,11.055000305175781,11.055000305175781,11.055000305175781,11.055000305175781,113.0
2024-10-25 14:41:00+00:00,CAMT,77.5,77.5,77.51000213623047,77.5,77.51000213623047,631.0
2024-10-25 14:41:00+00:00,CAN,0.9769999980926514,0.9769999980926514,0.9789999723434448,0.9769999980926514,0.9771999716758728,5818.0
2024-10-25 14:41:00+00:00,CCSI,20.149999618530273,20.149999618530273,20.149999618530273,20.1299991607666,20.149999618530273,1400.0
2024-10-25 14:41:00+00:00,CDNS,258.5199890136719,258.5199890136719,258.6099853515625,258.4599914550781,258.6001892089844,4308.0
2024-10-25 14:41:00+00:00,CFLT,22.59000015258789,22.59000015258789,22.610000610351562,22.579999923706055,22.610000610351562,4257.0
2024-10-25 14:41:00+00:00,CGNT,6.610000133514404,6.610000133514404,6.610000133514404,6.610000133514404,6.610000133514404,205.0
2024-10-25 14:41:00+00:00,CGNX,38.904998779296875,38.904998779296875,38.93000030517578,38.900001525878906,38.900001525878906,1892.0
2024-10-25 14:41:00+00:00,CHKP,206.59500122070312,206.59500122070312,206.59500122070312,206.57000732421875,206.57000732421875,919.0
2024-10-25 14:41:00+00:00,CLSK,11.8100004196167,11.8100004196167,11.8149995803833,11.791000366210938,11.81029987335205,46983.0
2024-10-25 14:41:00+00:00,CNDT,3.5999999046325684,3.5999999046325684,3.5999999046325684,3.5950000286102295,3.5950000286102295,8214.0
2024-10-25 14:41:00+00:00,CNXC,44.45000076293945,44.45000076293945,44.45000076293945,44.41999816894531,44.41999816894531,1497.0
2024-10-25 14:41:00+00:00,COHR,95.72000122070312,95.72000122070312,95.77999877929688,95.72000122070312,95.7759017944336,2293.0
2024-10-25 14:41:00+00:00,COIN,208.49000549316406,208.49000549316406,208.5,208.05999755859375,208.4199981689453,13997.0
2024-10-25 14:41:00+00:00,COMM,6.264999866485596,6.264999866485596,6.269999980926514,6.254000186920166,6.254000186920166,16315.0
2024-10-25 14:41:00+00:00,CORZ,13.385000228881836,13.385000228881836,13.385000228881836,13.369999885559082,13.385000228881836,9888.0
2024-10-25 14:41:00+00:00,CRCT,6.590000152587891,6.590000152587891,6.590000152587891,6.590000152587891,6.590000152587891,206.0
2024-10-25 14:41:00+00:00,CRDO,39.15999984741211,39.15999984741211,39.189998626708984,39.15999984741211,39.189998626708984,3543.0
2024-10-25 14:41:00+00:00,CRSR,6.340000152587891,6.340000152587891,6.340000152587891,6.340000152587891,6.340000152587891,571.0
2024-10-25 14:41:00+00:00,CRUS,122.94000244140625,122.94000244140625,122.94000244140625,122.91999816894531,122.91999816894531,350.0
2024-10-25 14:41:00+00:00,CRWD,296.3299865722656,296.3299865722656,296.5799865722656,296.2499084472656,296.5799865722656,10954.0
2024-10-25 14:41:00+00:00,CSCO,55.76499938964844,55.76499938964844,55.77000045776367,55.76499938964844,55.76499938964844,2349.0
2024-10-25 14:41:00+00:00,CSIQ,13.380000114440918,13.380000114440918,13.385000228881836,13.380000114440918,13.385000228881836,4546.0
2024-10-25 14:41:00+00:00,CTSH,74.75,74.75,74.77999877929688,74.75,74.77999877929688,2491.0
2024-10-25 14:41:00+00:00,DAVE,38.84000015258789,38.84000015258789,38.90999984741211,38.84000015258789,38.90999984741211,343.0
2024-10-25 14:41:00+00:00,DBX,26.079999923706055,26.079999923706055,26.094999313354492,26.079999923706055,26.09000015258789,8895.0
2024-10-25 14:41:00+00:00,DDOG,126.19999694824219,126.19999694824219,126.37000274658203,126.19999694824219,126.37000274658203,3005.0
2024-10-25 14:41:00+00:00,DIOD,65.19020080566406,65.19020080566406,65.19020080566406,65.19000244140625,65.19000244140625,396.0
2024-10-25 14:41:00+00:00,DLO,8.854999542236328,8.854999542236328,8.854999542236328,8.854999542236328,8.854999542236328,1082.0
2024-10-25 14:41:00+00:00,DOCU,68.91500091552734,68.91500091552734,68.93000030517578,68.9000015258789,68.92500305175781,6518.0
2024-10-25 14:41:00+00:00,DOX,89.36499786376953,89.36499786376953,89.36499786376953,89.36499786376953,89.36499786376953,263.0
2024-10-25 14:41:00+00:00,DTSS,2.4700000286102295,2.4700000286102295,2.4700000286102295,2.4700000286102295,2.4700000286102295,200.0
2024-10-25 14:41:00+00:00,DUOL,290.6199951171875,290.6199951171875,290.6199951171875,290.6199951171875,290.6199951171875,593.0
2024-10-25 14:41:00+00:00,EMKR,2.125,2.125,2.125,2.125,2.125,195.0
2024-10-25 14:41:00+00:00,ENPH,83.72000122070312,83.72000122070312,83.72000122070312,83.72000122070312,83.72000122070312,1791.0
2024-10-25 14:41:00+00:00,ENTG,104.73500061035156,104.73500061035156,104.73999786376953,104.5999984741211,104.5999984741211,4355.0
2024-10-25 14:41:00+00:00,ERIC,8.454999923706055,8.454999923706055,8.454999923706055,8.454999923706055,8.454999923706055,1406.0
2024-10-25 14:41:00+00:00,EXLS,38.77000045776367,38.77000045776367,38.77000045776367,38.7599983215332,38.7599983215332,626.0
2024-10-25 14:41:00+00:00,EXTR,14.375,14.375,14.375,14.375,14.375,245.0
2024-10-25 14:41:00+00:00,FFIV,216.23500061035156,216.23500061035156,216.33999633789062,216.23500061035156,216.33999633789062,1221.0
2024-10-25 14:41:00+00:00,FIVN,29.90999984741211,29.90999984741211,29.920000076293945,29.90999984741211,29.920000076293945,886.0
2024-10-25 14:41:00+00:00,FLEX,35.220001220703125,35.220001220703125,35.23500061035156,35.220001220703125,35.23500061035156,2448.0
2024-10-25 14:41:00+00:00,FLYW,17.280000686645508,17.280000686645508,17.280000686645508,17.280000686645508,17.280000686645508,315.0
2024-10-25 14:41:00+00:00,FORM,44.75,44.75,44.75,44.75,44.75,906.0
2024-10-25 14:41:00+00:00,FROG,29.290000915527344,29.290000915527344,29.299999237060547,29.260000228881836,29.299999237060547,3262.0
2024-10-25 14:41:00+00:00,FRSH,11.630000114440918,11.630000114440918,11.640000343322754,11.630000114440918,11.640000343322754,2533.0
2024-10-25 14:41:00+00:00,FSLR,198.3249969482422,198.3249969482422,198.3699951171875,198.3249969482422,198.3699951171875,1047.0
2024-10-25 14:41:00+00:00,FTNT,80.45500183105469,80.45500183105469,80.51000213623047,80.44000244140625,80.50499725341797,6220.0
2024-10-25 14:41:00+00:00,GCT,24.760000228881836,24.760000228881836,24.774999618530273,24.760000228881836,24.770999908447266,1423.0
2024-10-25 14:41:00+00:00,GDS,21.469999313354492,21.469999313354492,21.469999313354492,21.440000534057617,21.440000534057617,2042.0
2024-10-25 14:41:00+00:00,GFS,40.625,40.625,40.625,40.619998931884766,40.619998931884766,1086.0
2024-10-25 14:41:00+00:00,GPRO,1.3199000358581543,1.3199000358581543,1.3199000358581543,1.3199000358581543,1.3199000358581543,173.0
2024-10-25 14:41:00+00:00,GRAB,4.079999923706055,4.079999923706055,4.079999923706055,4.074999809265137,4.079999923706055,28963.0
2024-10-25 14:41:00+00:00,GRRR,4.479899883270264,4.479899883270264,4.479899883270264,4.479899883270264,4.479899883270264,600.0
2024-10-25 14:41:00+00:00,GTLB,55.290000915527344,55.290000915527344,55.290000915527344,55.290000915527344,55.290000915527344,1056.0
2024-10-25 14:41:00+00:00,HCP,33.654998779296875,33.654998779296875,33.654998779296875,33.654998779296875,33.654998779296875,602.0
2024-10-25 14:41:00+00:00,HLIT,14.770000457763672,14.770000457763672,14.779999732971191,14.770000457763672,14.779999732971191,2488.0
2024-10-25 14:41:00+00:00,HOLO,3.5950000286102295,3.5950000286102295,3.5950000286102295,3.5950000286102295,3.5950000286102295,1790.0
2024-10-25 14:41:00+00:00,HOOD,27.200000762939453,27.200000762939453,27.209999084472656,27.190000534057617,27.201000213623047,9773.0
2024-10-25 14:41:00+00:00,HTCR,1.0400999784469604,1.0400999784469604,1.0400999784469604,1.0400999784469604,1.0400999784469604,680.0
2024-10-25 14:41:00+00:00,IMMR,8.694999694824219,8.694999694824219,8.694999694824219,8.694999694824219,8.694999694824219,331.0
2024-10-25 14:41:00+00:00,IMTE,1.667199969291687,1.667199969291687,1.667199969291687,1.667199969291687,1.667199969291687,227.0
2024-10-25 14:41:00+00:00,INDI,3.5,3.5,3.505000114440918,3.5,3.505000114440918,1648.0
2024-10-25 14:41:00+00:00,INFN,6.764999866485596,6.764999866485596,6.764999866485596,6.764999866485596,6.764999866485596,348.0
2024-10-25 14:41:00+00:00,INOD,20.209999084472656,20.209999084472656,20.209999084472656,20.186800003051758,20.200000762939453,1794.0
2024-10-25 14:41:00+00:00,INSG,20.139999389648438,20.139999389648438,20.15999984741211,20.139999389648438,20.15999984741211,505.0
2024-10-25 14:41:00+00:00,INTA,50.10499954223633,50.10499954223633,50.10499954223633,50.10499954223633,50.10499954223633,110.0
2024-10-25 14:41:00+00:00,INTC,22.975000381469727,22.975000381469727,22.985000610351562,22.959999084472656,22.979900360107422,72387.0
2024-10-25 14:41:00+00:00,INTU,608.7899780273438,608.7899780273438,609.0650024414062,608.7899780273438,608.8699951171875,2375.0
2024-10-25 14:41:00+00:00,INTZ,0.7161999940872192,0.7161999940872192,0.7161999940872192,0.7161999940872192,0.7161999940872192,10314.0
2024-10-25 14:41:00+00:00,IPGP,77.19000244140625,77.19000244140625,77.31999969482422,77.19000244140625,77.31999969482422,3868.0
2024-10-25 14:41:00+00:00,ITI,7.195000171661377,7.195000171661377,7.195000171661377,7.195000171661377,7.195000171661377,211.0
2024-10-25 14:41:00+00:00,JKHY,182.6199951171875,182.6199951171875,182.6199951171875,182.6199951171875,182.6199951171875,606.0
2024-10-25 14:41:00+00:00,KC,2.684999942779541,2.684999942779541,2.684999942779541,2.680000066757202,2.680000066757202,908.0
2024-10-25 14:41:00+00:00,LINK,4.829999923706055,4.829999923706055,4.829999923706055,4.829999923706055,4.829999923706055,146.0
2024-10-25 14:41:00+00:00,LITE,64.51499938964844,64.51499938964844,64.54000091552734,64.51499938964844,64.54000091552734,863.0
2024-10-25 14:41:00+00:00,LOGI,80.80000305175781,80.80000305175781,80.82499694824219,80.80000305175781,80.82499694824219,1170.0
2024-10-25 14:41:00+00:00,LPSN,1.1699999570846558,1.1699999570846558,1.1699999570846558,1.1699999570846558,1.1699999570846558,735.0
2024-10-25 14:41:00+00:00,LRCX,78.4800033569336,78.4800033569336,78.62000274658203,78.44000244140625,78.55999755859375,18173.0
2024-10-25 14:41:00+00:00,LSCC,54.369998931884766,54.369998931884766,54.40999984741211,54.3650016784668,54.369998931884766,3570.0
2024-10-25 14:41:00+00:00,LTRX,4.110099792480469,4.110099792480469,4.110099792480469,4.110099792480469,4.110099792480469,400.0
2024-10-25 14:41:00+00:00,LYFT,13.810099601745605,13.810099601745605,13.815999984741211,13.805000305175781,13.8149995803833,58135.0
2024-10-25 14:41:00+00:00,LYT,1.9299999475479126,1.9299999475479126,1.9299999475479126,1.9299999475479126,1.9299999475479126,2242.0
2024-10-25 14:41:00+00:00,MAXN,5.800000190734863,5.800000190734863,5.800000190734863,5.790800094604492,5.790800094604492,1862.0
2024-10-25 14:41:00+00:00,MCHP,76.80000305175781,76.80000305175781,76.80999755859375,76.79000091552734,76.80999755859375,5039.0
2024-10-25 14:41:00+00:00,MDB,267.0199890136719,267.0199890136719,267.0199890136719,267.0199890136719,267.0199890136719,228.0
2024-10-25 14:41:00+00:00,MGIC,11.154000282287598,11.154000282287598,11.154000282287598,11.154000282287598,11.154000282287598,446.0
2024-10-25 14:41:00+00:00,MITK,8.760000228881836,8.760000228881836,8.760000228881836,8.760000228881836,8.760000228881836,1361.0
2024-10-25 14:41:00+00:00,MKSI,101.27999877929688,101.27999877929688,101.27999877929688,101.25,101.25,765.0
2024-10-25 14:41:00+00:00,MOB,1.3650000095367432,1.3650000095367432,1.3650000095367432,1.3650000095367432,1.3650000095367432,0.0
2024-10-25 14:41:00+00:00,MPWR,912.9099731445312,912.9099731445312,912.9099731445312,912.3200073242188,912.8049926757812,1129.0
2024-10-25 14:41:00+00:00,MQ,5.315000057220459,5.315000057220459,5.320000171661377,5.315000057220459,5.320000171661377,2041.0
2024-10-25 14:41:00+00:00,MRVL,82.2699966430664,82.2699966430664,82.31500244140625,82.2300033569336,82.27999877929688,6541.0
2024-10-25 14:41:00+00:00,MSFT,428.5599060058594,428.5599060058594,428.7099914550781,428.5105895996094,428.67999267578125,12834.0
2024-10-25 14:41:00+00:00,MSTR,237.01800537109375,237.01800537109375,237.25999450683594,236.5399932861328,237.110107421875,47445.0
2024-10-25 14:41:00+00:00,MTC,0.3723999857902527,0.3723999857902527,0.3723999857902527,0.3723999857902527,0.3723999857902527,12985.0
2024-10-25 14:41:00+00:00,MTSI,120.87999725341797,120.87999725341797,120.87999725341797,120.62000274658203,120.77999877929688,10937.0
2024-10-25 14:41:00+00:00,MTTR,4.59499979019165,4.59499979019165,4.59499979019165,4.59499979019165,4.59499979019165,1652.0
2024-10-25 14:41:00+00:00,MU,108.8499984741211,108.8499984741211,108.94999694824219,108.80999755859375,108.91000366210938,39049.0
2024-10-25 14:41:00+00:00,MVIS,1.0898000001907349,1.0898000001907349,1.0898000001907349,1.0898000001907349,1.0898000001907349,406.0
2024-10-25 14:41:00+00:00,MXL,14.869999885559082,14.869999885559082,14.899999618530273,14.869999885559082,14.899999618530273,2459.0
2024-10-25 14:41:00+00:00,NCNO,37.665000915527344,37.665000915527344,37.665000915527344,37.665000915527344,37.665000915527344,181.0
2024-10-25 14:41:00+00:00,NTAP,119.81999969482422,119.81999969482422,119.86000061035156,119.81999969482422,119.86000061035156,1638.0
2024-10-25 14:41:00+00:00,NTCT,20.65999984741211,20.65999984741211,20.690000534057617,20.65999984741211,20.690000534057617,2921.0
2024-10-25 14:41:00+00:00,NTNX,62.095001220703125,62.095001220703125,62.119998931884766,62.095001220703125,62.119998931884766,2363.0
2024-10-25 14:41:00+00:00,NVDA,141.95799255371094,141.95799255371094,142.0299072265625,141.8800048828125,141.97500610351562,308241.0
2024-10-25 14:41:00+00:00,NVMI,183.92999267578125,183.92999267578125,183.92999267578125,183.92999267578125,183.92999267578125,419.0
2024-10-25 14:41:00+00:00,NXPI,243.74000549316406,243.74000549316406,243.88999938964844,243.74000549316406,243.88999938964844,1040.0
2024-10-25 14:41:00+00:00,OKTA,72.26000213623047,72.26000213623047,72.26000213623047,72.25,72.25,274.0
2024-10-25 14:41:00+00:00,ON,71.45999908447266,71.45999908447266,71.5199966430664,71.44000244140625,71.48999786376953,25060.0
2024-10-25 14:41:00+00:00,OSIS,135.47000122070312,135.47000122070312,135.47000122070312,135.30499267578125,135.41000366210938,2685.0
2024-10-25 14:41:00+00:00,OSPN,14.579999923706055,14.579999923706055,14.600000381469727,14.579999923706055,14.600000381469727,813.0
2024-10-25 14:41:00+00:00,PANW,366.7650146484375,366.7650146484375,366.86199951171875,366.7650146484375,366.86199951171875,726.0
2024-10-25 14:41:00+00:00,PAYS,3.7149999141693115,3.7149999141693115,3.7149999141693115,3.7149999141693115,3.7149999141693115,305.0
2024-10-25 14:41:00+00:00,PEGA,79.91999816894531,79.91999816894531,79.91999816894531,79.91999816894531,79.91999816894531,757.0
2024-10-25 14:41:00+00:00,PGY,11.84000015258789,11.84000015258789,11.859999656677246,11.835000038146973,11.835000038146973,1958.0
2024-10-25 14:41:00+00:00,PHUN,10.430000305175781,10.430000305175781,10.479999542236328,10.404999732971191,10.469900131225586,53364.0
2024-10-25 14:41:00+00:00,PI,203.32000732421875,203.32000732421875,203.32000732421875,203.32000732421875,203.32000732421875,292.0
2024-10-25 14:41:00+00:00,PLAB,23.639999389648438,23.639999389648438,23.639999389648438,23.639999389648438,23.639999389648438,352.0
2024-10-25 14:41:00+00:00,PRCH,1.315000057220459,1.315000057220459,1.315000057220459,1.315000057220459,1.315000057220459,350.0
2024-10-25 14:41:00+00:00,PRGS,64.55000305175781,64.55000305175781,64.55000305175781,64.55000305175781,64.55000305175781,288.0
2024-10-25 14:41:00+00:00,PTC,187.0124969482422,187.0124969482422,187.0124969482422,187.0124969482422,187.0124969482422,690.0
2024-10-25 14:41:00+00:00,PUBM,14.744999885559082,14.744999885559082,14.744999885559082,14.744999885559082,14.744999885559082,127.0
2024-10-25 14:41:00+00:00,PYCR,14.324999809265137,14.324999809265137,14.324999809265137,14.324999809265137,14.324999809265137,529.0
2024-10-25 14:41:00+00:00,QCOM,171.30999755859375,171.30999755859375,171.4600067138672,171.30999755859375,171.45120239257812,3263.0
2024-10-25 14:41:00+00:00,QRVO,100.01000213623047,100.01000213623047,100.08000183105469,99.98999786376953,99.98999786376953,2011.0
2024-10-25 14:41:00+00:00,RDWR,22.270000457763672,22.270000457763672,22.270000457763672,22.270000457763672,22.270000457763672,811.0
2024-10-25 14:41:00+00:00,REKR,1.090000033378601,1.090000033378601,1.090000033378601,1.089900016784668,1.090000033378601,6842.0
2024-10-25 14:41:00+00:00,RELY,14.829999923706055,14.829999923706055,14.829999923706055,14.829999923706055,14.829999923706055,1435.0
2024-10-25 14:41:00+00:00,RGTI,1.2400000095367432,1.2400000095367432,1.2450000047683716,1.2400000095367432,1.2401000261306763,2874.0
2024-10-25 14:41:00+00:00,RIOT,9.90999984741211,9.90999984741211,9.90999984741211,9.890000343322754,9.904999732971191,60253.0
2024-10-25 14:41:00+00:00,RMBS,43.38999938964844,43.38999938964844,43.43000030517578,43.38999938964844,43.43000030517578,2904.0
2024-10-25 14:41:00+00:00,RMNI,1.7200000286102295,1.7200000286102295,1.7200000286102295,1.715000033378601,1.7200000286102295,1416.0
2024-10-25 14:41:00+00:00,RUM,5.739999771118164,5.739999771118164,5.775000095367432,5.739999771118164,5.775000095367432,24716.0
2024-10-25 14:41:00+00:00,RUN,14.399999618530273,14.399999618530273,14.404999732971191,14.399999618530273,14.399999618530273,8441.0
2024-10-25 14:41:00+00:00,SEDG,15.90999984741211,15.90999984741211,15.90999984741211,15.890000343322754,15.890000343322754,14829.0
2024-10-25 14:41:00+00:00,SHLS,5.255000114440918,5.255000114440918,5.269899845123291,5.25,5.269899845123291,17432.0
2024-10-25 14:41:00+00:00,SIMO,56.415000915527344,56.415000915527344,56.415000915527344,56.415000915527344,56.415000915527344,649.0
2024-10-25 14:41:00+00:00,SLAB,114.72000122070312,114.72000122070312,114.72000122070312,114.72000122070312,114.72000122070312,567.0
2024-10-25 14:41:00+00:00,SMCI,47.380001068115234,47.380001068115234,47.409000396728516,47.34000015258789,47.409000396728516,39982.0
2024-10-25 14:41:00+00:00,SMTC,45.86000061035156,45.86000061035156,45.900001525878906,45.86000061035156,45.88999938964844,701.0
2024-10-25 14:41:00+00:00,SNPS,502.5799865722656,502.5799865722656,502.7200012207031,502.5799865722656,502.7200012207031,723.0
2024-10-25 14:41:00+00:00,SOBR,7.049600124359131,7.049600124359131,7.049600124359131,7.049600124359131,7.049600124359131,837.0
2024-10-25 14:41:00+00:00,SOUN,5.190000057220459,5.190000057220459,5.199999809265137,5.190000057220459,5.199999809265137,4795.0
2024-10-25 14:41:00+00:00,SSNC,69.63500213623047,69.63500213623047,69.63999938964844,69.58999633789062,69.6050033569336,14137.0
2024-10-25 14:41:00+00:00,STNE,11.555000305175781,11.555000305175781,11.555000305175781,11.555000305175781,11.555000305175781,1355.0
2024-10-25 14:41:00+00:00,STX,103.70999908447266,103.70999908447266,103.73500061035156,103.68000030517578,103.73500061035156,2698.0
2024-10-25 14:41:00+00:00,SVRE,0.07739999890327454,0.07739999890327454,0.07739999890327454,0.0771000012755394,0.0771000012755394,30171.0
2024-10-25 14:41:00+00:00,SWKS,96.04000091552734,96.04000091552734,96.05000305175781,96.02999877929688,96.05000305175781,1784.0
2024-10-25 14:41:00+00:00,SYTA,1.315000057220459,1.315000057220459,1.315000057220459,1.315000057220459,1.315000057220459,515.0
2024-10-25 14:41:00+00:00,TEAM,189.32000732421875,189.32000732421875,189.39500427246094,189.25,189.39500427246094,1646.0
2024-10-25 14:41:00+00:00,TENB,41.709999084472656,41.709999084472656,41.72999954223633,41.709999084472656,41.72999954223633,1157.0
2024-10-25 14:41:00+00:00,TER,112.05999755859375,112.05999755859375,112.08999633789062,112.0199966430664,112.05000305175781,7165.0
2024-10-25 14:41:00+00:00,TLS,3.5899999141693115,3.5899999141693115,3.5899999141693115,3.5899999141693115,3.5899999141693115,639.0
2024-10-25 14:41:00+00:00,TRMB,61.029998779296875,61.029998779296875,61.04999923706055,61.02000045776367,61.04999923706055,1032.0
2024-10-25 14:41:00+00:00,TSEM,44.7599983215332,44.7599983215332,44.77000045776367,44.7599983215332,44.7599983215332,909.0
2024-10-25 14:41:00+00:00,TTD,118.91000366210938,118.91000366210938,118.96499633789062,118.87999725341797,118.94010162353516,5666.0
2024-10-25 14:41:00+00:00,TTMI,19.6299991607666,19.6299991607666,19.6299991607666,19.6299991607666,19.6299991607666,544.0
2024-10-25 14:41:00+00:00,TWKS,4.440000057220459,4.440000057220459,4.440000057220459,4.440000057220459,4.440000057220459,5813.0
2024-10-25 14:41:00+00:00,TXN,207.99000549316406,207.99000549316406,207.99000549316406,207.85000610351562,207.9199981689453,5949.0
2024-10-25 14:41:00+00:00,UCTT,35.81999969482422,35.81999969482422,35.83000183105469,35.81999969482422,35.83000183105469,1352.0
2024-10-25 14:41:00+00:00,VCSA,2.390000104904175,2.390000104904175,2.390000104904175,2.390000104904175,2.390000104904175,3285.0
2024-10-25 14:41:00+00:00,VECO,29.34000015258789,29.34000015258789,29.34000015258789,29.34000015258789,29.34000015258789,874.0
2024-10-25 14:41:00+00:00,VERI,3.4100000858306885,3.4100000858306885,3.4100000858306885,3.4100000858306885,3.4100000858306885,2122.0
2024-10-25 14:41:00+00:00,VIAV,9.194999694824219,9.194999694824219,9.204999923706055,9.194999694824219,9.204999923706055,5235.0
2024-10-25 14:41:00+00:00,VICR,46.560001373291016,46.560001373291016,46.59000015258789,46.560001373291016,46.59000015258789,1477.0
2024-10-25 14:41:00+00:00,VNET,3.4200000762939453,3.4200000762939453,3.4200000762939453,3.4200000762939453,3.4200000762939453,124.0
2024-10-25 14:41:00+00:00,VRNS,56.80500030517578,56.80500030517578,56.849998474121094,56.790000915527344,56.849998474121094,1723.0
2024-10-25 14:41:00+00:00,VRSN,183.05499267578125,183.05499267578125,183.0800018310547,182.99000549316406,182.99000549316406,1150.0
2024-10-25 14:41:00+00:00,VSAT,10.1850004196167,10.1850004196167,10.1850004196167,10.1850004196167,10.1850004196167,241.0
2024-10-25 14:41:00+00:00,WDAY,238.77999877929688,238.77999877929688,238.86000061035156,238.77000427246094,238.80999755859375,1099.0
2024-10-25 14:41:00+00:00,WDC,70.31999969482422,70.31999969482422,70.43499755859375,70.25,70.41000366210938,20232.0
2024-10-25 14:41:00+00:00,WISA,2.0399999618530273,2.0399999618530273,2.0399999618530273,2.0199999809265137,2.0199999809265137,12864.0
2024-10-25 14:41:00+00:00,WIX,165.0500030517578,165.0500030517578,165.0500030517578,165.0500030517578,165.0500030517578,105.0
2024-10-25 14:41:00+00:00,XRX,10.020000457763672,10.020000457763672,10.029999732971191,10.020000457763672,10.024999618530273,2487.0
2024-10-25 14:41:00+00:00,ZBRA,361.07000732421875,361.07000732421875,361.1199951171875,361.07000732421875,361.1199951171875,908.0
2024-10-25 14:41:00+00:00,ZI,10.524999618530273,10.524999618530273,10.524999618530273,10.524999618530273,10.524999618530273,1540.0
2024-10-25 14:41:00+00:00,ZM,73.04000091552734,73.04000091552734,73.05000305175781,73.04000091552734,73.05000305175781,1741.0
2024-10-25 14:41:00+00:00,ZS,184.94000244140625,184.94000244140625,184.9499969482422,184.94000244140625,184.9499969482422,972.0
2024-10-25 14:42:00+00:00,AAOI,17.72010040283203,17.72010040283203,17.72010040283203,17.72010040283203,17.72010040283203,215.0
2024-10-25 14:42:00+00:00,AAPL,231.74000549316406,231.74000549316406,231.7899932861328,231.73500061035156,231.7899932861328,23937.0
2024-10-25 14:42:00+00:00,ACIW,48.95500183105469,48.95500183105469,48.95500183105469,48.95500183105469,48.95500183105469,268.0
2024-10-25 14:42:00+00:00,ACLS,90.12000274658203,90.12000274658203,90.12000274658203,90.12000274658203,90.12000274658203,170.0
2024-10-25 14:42:00+00:00,ADBE,483.44000244140625,483.44000244140625,483.44000244140625,483.44000244140625,483.44000244140625,1390.0
2024-10-25 14:42:00+00:00,ADSK,286.3550109863281,286.3550109863281,286.3900146484375,286.2099914550781,286.2099914550781,2800.0
2024-10-25 14:42:00+00:00,AEHR,16.88610076904297,16.88610076904297,16.889999389648438,16.88610076904297,16.889999389648438,849.0
2024-10-25 14:42:00+00:00,AFRM,41.5099983215332,41.5099983215332,41.540000915527344,41.5099983215332,41.529998779296875,2379.0
2024-10-25 14:42:00+00:00,AIRG,9.29800033569336,9.29800033569336,9.29800033569336,9.28499984741211,9.28499984741211,0.0
2024-10-25 14:42:00+00:00,AKAM,102.13999938964844,102.13999938964844,102.13999938964844,102.13999938964844,102.13999938964844,376.0
2024-10-25 14:42:00+00:00,AKTS,0.059300001710653305,0.059300001710653305,0.059300001710653305,0.059300001710653305,0.059300001710653305,17911.0
2024-10-25 14:42:00+00:00,ALGM,23.110000610351562,23.110000610351562,23.125,23.110000610351562,23.125,2457.0
2024-10-25 14:42:00+00:00,ALTR,103.75,103.75,103.75,103.75,103.75,226.0
2024-10-25 14:42:00+00:00,AMAT,187.36399841308594,187.36399841308594,187.4499969482422,187.36399841308594,187.39500427246094,937.0
2024-10-25 14:42:00+00:00,AMD,156.5319061279297,156.5319061279297,156.5998992919922,156.52999877929688,156.58470153808594,30610.0
2024-10-25 14:42:00+00:00,AMKR,30.03019905090332,30.03019905090332,30.03019905090332,30.03019905090332,30.03019905090332,510.0
2024-10-25 14:42:00+00:00,ANSS,323.12249755859375,323.12249755859375,323.12249755859375,323.12249755859375,323.12249755859375,251.0
2024-10-25 14:42:00+00:00,AOSL,36.345001220703125,36.345001220703125,36.345001220703125,36.345001220703125,36.345001220703125,331.0
2024-10-25 14:42:00+00:00,API,2.880000114440918,2.880000114440918,2.880000114440918,2.875,2.880000114440918,1095.0
2024-10-25 14:42:00+00:00,APP,161.56500244140625,161.56500244140625,161.56500244140625,161.44000244140625,161.44000244140625,1142.0
2024-10-25 14:42:00+00:00,ARRY,6.465000152587891,6.465000152587891,6.480000019073486,6.461999893188477,6.465000152587891,24150.0
2024-10-25 14:42:00+00:00,ASML,714.0399780273438,714.0399780273438,714.0399780273438,714.0399780273438,714.0399780273438,1163.0
2024-10-25 14:42:00+00:00,ASTI,2.670099973678589,2.670099973678589,2.670099973678589,2.670099973678589,2.670099973678589,279.0
2024-10-25 14:42:00+00:00,ASUR,9.614999771118164,9.614999771118164,9.614999771118164,9.614999771118164,9.614999771118164,304.0
2024-10-25 14:42:00+00:00,AUUD,0.5900999903678894,0.5900999903678894,0.6182000041007996,0.5900999903678894,0.6182000041007996,11656.0
2024-10-25 14:42:00+00:00,AVDX,8.135000228881836,8.135000228881836,8.140000343322754,8.135000228881836,8.135000228881836,633.0
2024-10-25 14:42:00+00:00,AVGO,174.2698974609375,174.2698974609375,174.3800048828125,174.22000122070312,174.27000427246094,9927.0
2024-10-25 14:42:00+00:00,AWRE,2.0004000663757324,2.0004000663757324,2.0004000663757324,2.0004000663757324,2.0004000663757324,136.0
2024-10-25 14:42:00+00:00,AZPN,238.42250061035156,238.42250061035156,238.7899932861328,238.38499450683594,238.38499450683594,731.0
2024-10-25 14:42:00+00:00,BCOV,2.265000104904175,2.265000104904175,2.265000104904175,2.265000104904175,2.265000104904175,400.0
2024-10-25 14:42:00+00:00,BMBL,7.085000038146973,7.085000038146973,7.085000038146973,7.085000038146973,7.085000038146973,1504.0
2024-10-25 14:42:00+00:00,BOXL,0.4702000021934509,0.4702000021934509,0.4702000021934509,0.4702000021934509,0.4702000021934509,100.0
2024-10-25 14:42:00+00:00,BRZE,30.739999771118164,30.739999771118164,30.760000228881836,30.739999771118164,30.760000228881836,761.0
2024-10-25 14:42:00+00:00,CAN,0.9771000146865845,0.9771000146865845,0.9771000146865845,0.9771000146865845,0.9771000146865845,2887.0
2024-10-25 14:42:00+00:00,CDNS,258.2900085449219,258.2900085449219,258.4599914550781,258.2900085449219,258.4599914550781,2401.0
2024-10-25 14:42:00+00:00,CDW,218.24000549316406,218.24000549316406,218.25,218.19000244140625,218.24000549316406,2049.0
2024-10-25 14:42:00+00:00,CFLT,22.59000015258789,22.59000015258789,22.600000381469727,22.59000015258789,22.600000381469727,7107.0
2024-10-25 14:42:00+00:00,CGNX,38.88999938964844,38.88999938964844,38.90999984741211,38.88999938964844,38.90999984741211,2635.0
2024-10-25 14:42:00+00:00,CHKP,206.74749755859375,206.74749755859375,206.74749755859375,206.5800018310547,206.5800018310547,3941.0
2024-10-25 14:42:00+00:00,CLBT,18.229999542236328,18.229999542236328,18.239999771118164,18.229999542236328,18.239999771118164,3299.0
2024-10-25 14:42:00+00:00,CLFD,36.54999923706055,36.54999923706055,36.54999923706055,36.54999923706055,36.54999923706055,155.0
2024-10-25 14:42:00+00:00,CLSK,11.819100379943848,11.819100379943848,11.829999923706055,11.800100326538086,11.8100004196167,33922.0
2024-10-25 14:42:00+00:00,CNDT,3.5999999046325684,3.5999999046325684,3.5999999046325684,3.5950000286102295,3.5999999046325684,1642.0
2024-10-25 14:42:00+00:00,COHR,95.7249984741211,95.7249984741211,95.7249984741211,95.7249984741211,95.7249984741211,797.0
2024-10-25 14:42:00+00:00,COIN,208.60499572753906,208.60499572753906,208.60499572753906,208.26010131835938,208.49249267578125,17446.0
2024-10-25 14:42:00+00:00,COMM,6.264999866485596,6.264999866485596,6.264999866485596,6.264999866485596,6.264999866485596,132.0
2024-10-25 14:42:00+00:00,CORZ,13.385000228881836,13.385000228881836,13.38599967956543,13.385000228881836,13.385000228881836,2640.0
2024-10-25 14:42:00+00:00,CRDO,39.150001525878906,39.150001525878906,39.15999984741211,39.13999938964844,39.15999984741211,1574.0
2024-10-25 14:42:00+00:00,CRUS,122.8499984741211,122.8499984741211,122.86000061035156,122.8499984741211,122.86000061035156,756.0
2024-10-25 14:42:00+00:00,CRWD,296.32501220703125,296.32501220703125,296.4397888183594,296.17010498046875,296.3598937988281,2792.0
2024-10-25 14:42:00+00:00,CSCO,55.752899169921875,55.752899169921875,55.77000045776367,55.752899169921875,55.76499938964844,8496.0
2024-10-25 14:42:00+00:00,CSIQ,13.380000114440918,13.380000114440918,13.390000343322754,13.380000114440918,13.390000343322754,3352.0
2024-10-25 14:42:00+00:00,CTLP,8.890000343322754,8.890000343322754,8.890000343322754,8.890000343322754,8.890000343322754,1200.0
2024-10-25 14:42:00+00:00,CTSH,74.74500274658203,74.74500274658203,74.7699966430664,74.74500274658203,74.75,3629.0
2024-10-25 14:42:00+00:00,DAVE,38.900001525878906,38.900001525878906,38.900001525878906,38.900001525878906,38.900001525878906,894.0
2024-10-25 14:42:00+00:00,DBX,26.075000762939453,26.075000762939453,26.075000762939453,26.075000762939453,26.075000762939453,350.0
2024-10-25 14:42:00+00:00,DDOG,126.33999633789062,126.33999633789062,126.33999633789062,126.23999786376953,126.23999786376953,7394.0
2024-10-25 14:42:00+00:00,DGII,30.100000381469727,30.100000381469727,30.100000381469727,30.100000381469727,30.100000381469727,577.0
2024-10-25 14:42:00+00:00,DLO,8.850099563598633,8.850099563598633,8.850099563598633,8.850099563598633,8.850099563598633,328.0
2024-10-25 14:42:00+00:00,DOCU,68.90499877929688,68.90499877929688,68.91999816894531,68.90499877929688,68.91999816894531,2468.0
2024-10-25 14:42:00+00:00,DOX,89.32499694824219,89.32499694824219,89.32499694824219,89.32499694824219,89.32499694824219,235.0
2024-10-25 14:42:00+00:00,DUOL,290.3599853515625,290.3599853515625,290.3599853515625,290.3599853515625,290.3599853515625,500.0
2024-10-25 14:42:00+00:00,EEFT,100.2699966430664,100.2699966430664,100.2699966430664,100.2699966430664,100.2699966430664,629.0
2024-10-25 14:42:00+00:00,ENPH,83.7750015258789,83.7750015258789,83.9000015258789,83.77290344238281,83.79000091552734,29063.0
2024-10-25 14:42:00+00:00,ENTG,104.75499725341797,104.75499725341797,104.76000213623047,104.70500183105469,104.70500183105469,3511.0
2024-10-25 14:42:00+00:00,ERIC,8.454999923706055,8.454999923706055,8.454999923706055,8.454999923706055,8.454999923706055,2507.0
2024-10-25 14:42:00+00:00,EXLS,38.7599983215332,38.7599983215332,38.7599983215332,38.7599983215332,38.7599983215332,294.0
2024-10-25 14:42:00+00:00,EXTR,14.369999885559082,14.369999885559082,14.375,14.369999885559082,14.369999885559082,841.0
2024-10-25 14:42:00+00:00,FIVN,29.889999389648438,29.889999389648438,29.899999618530273,29.889999389648438,29.899999618530273,2342.0
2024-10-25 14:42:00+00:00,FLEX,35.220001220703125,35.220001220703125,35.22999954223633,35.220001220703125,35.22999954223633,2075.0
2024-10-25 14:42:00+00:00,FLYW,17.290000915527344,17.290000915527344,17.290000915527344,17.280000686645508,17.280000686645508,1893.0
2024-10-25 14:42:00+00:00,FROG,29.299999237060547,29.299999237060547,29.299999237060547,29.290000915527344,29.299999237060547,3419.0
2024-10-25 14:42:00+00:00,FRSH,11.630000114440918,11.630000114440918,11.635000228881836,11.630000114440918,11.630000114440918,1270.0
2024-10-25 14:42:00+00:00,FSLR,198.3699951171875,198.3699951171875,198.3699951171875,198.3699951171875,198.3699951171875,837.0
2024-10-25 14:42:00+00:00,FTNT,80.46499633789062,80.46499633789062,80.46499633789062,80.46499633789062,80.46499633789062,1641.0
2024-10-25 14:42:00+00:00,GCT,24.700000762939453,24.700000762939453,24.75,24.670000076293945,24.75,7180.0
2024-10-25 14:42:00+00:00,GDS,21.485000610351562,21.485000610351562,21.485000610351562,21.485000610351562,21.485000610351562,148.0
2024-10-25 14:42:00+00:00,GDYN,15.620699882507324,15.620699882507324,15.620699882507324,15.620699882507324,15.620699882507324,878.0
2024-10-25 14:42:00+00:00,GFS,40.625,40.625,40.625,40.625,40.625,261.0
2024-10-25 14:42:00+00:00,GILT,4.940000057220459,4.940000057220459,4.940000057220459,4.940000057220459,4.940000057220459,785.0
2024-10-25 14:42:00+00:00,GPRO,1.315000057220459,1.315000057220459,1.315000057220459,1.315000057220459,1.315000057220459,571.0
2024-10-25 14:42:00+00:00,GRAB,4.090000152587891,4.090000152587891,4.090000152587891,4.074999809265137,4.074999809265137,408855.0
2024-10-25 14:42:00+00:00,GRRR,4.478300094604492,4.478300094604492,4.478300094604492,4.478300094604492,4.478300094604492,0.0
2024-10-25 14:42:00+00:00,GTLB,55.29999923706055,55.29999923706055,55.29999923706055,55.29999923706055,55.29999923706055,330.0
2024-10-25 14:42:00+00:00,HCP,33.654998779296875,33.654998779296875,33.654998779296875,33.650001525878906,33.654998779296875,833.0
2024-10-25 14:42:00+00:00,HLIT,14.779999732971191,14.779999732971191,14.779999732971191,14.779999732971191,14.779999732971191,1327.0
2024-10-25 14:42:00+00:00,HOLO,3.5799999237060547,3.5799999237060547,3.5899999141693115,3.5799999237060547,3.5850000381469727,3086.0
2024-10-25 14:42:00+00:00,HOLOW,0.03530000150203705,0.03530000150203705,0.03530000150203705,0.03530000150203705,0.03530000150203705,450.0
2024-10-25 14:42:00+00:00,HOOD,27.229999542236328,27.229999542236328,27.229999542236328,27.209999084472656,27.209999084472656,12472.0
2024-10-25 14:42:00+00:00,HTCR,1.0405000448226929,1.0405000448226929,1.0405000448226929,1.0405000448226929,1.0405000448226929,1751.0
2024-10-25 14:42:00+00:00,IMMR,8.694999694824219,8.694999694824219,8.694999694824219,8.6899995803833,8.694999694824219,1242.0
2024-10-25 14:42:00+00:00,IMOS,22.517099380493164,22.517099380493164,22.517099380493164,22.517099380493164,22.517099380493164,78.0
2024-10-25 14:42:00+00:00,INDI,3.509999990463257,3.509999990463257,3.509999990463257,3.5,3.5,934.0
2024-10-25 14:42:00+00:00,INFN,6.764999866485596,6.764999866485596,6.764999866485596,6.764999866485596,6.764999866485596,919.0
2024-10-25 14:42:00+00:00,INOD,20.21980094909668,20.21980094909668,20.21980094909668,20.20599937438965,20.20599937438965,357.0
2024-10-25 14:42:00+00:00,INTA,50.099998474121094,50.099998474121094,50.099998474121094,50.099998474121094,50.099998474121094,420.0
2024-10-25 14:42:00+00:00,INTC,22.954999923706055,22.954999923706055,22.979999542236328,22.954999923706055,22.975000381469727,46454.0
2024-10-25 14:42:00+00:00,IPGP,77.16000366210938,77.16000366210938,77.2300033569336,77.16000366210938,77.19999694824219,1798.0
2024-10-25 14:42:00+00:00,ITI,7.199999809265137,7.199999809265137,7.199999809265137,7.199999809265137,7.199999809265137,453.0
2024-10-25 14:42:00+00:00,KC,2.680000066757202,2.680000066757202,2.680000066757202,2.680000066757202,2.680000066757202,561.0
2024-10-25 14:42:00+00:00,KLIC,44.59000015258789,44.59000015258789,44.59000015258789,44.59000015258789,44.59000015258789,103.0
2024-10-25 14:42:00+00:00,KOPN,0.7720000147819519,0.7720000147819519,0.7720000147819519,0.7720000147819519,0.7720000147819519,8203.0
2024-10-25 14:42:00+00:00,LITE,64.51000213623047,64.51000213623047,64.52999877929688,64.51000213623047,64.52999877929688,1104.0
2024-10-25 14:42:00+00:00,LPSN,1.1686999797821045,1.1686999797821045,1.1686999797821045,1.1686999797821045,1.1686999797821045,10000.0
2024-10-25 14:42:00+00:00,LRCX,78.48500061035156,78.48500061035156,78.5,78.45999908447266,78.48999786376953,11802.0
2024-10-25 14:42:00+00:00,LSCC,54.349998474121094,54.349998474121094,54.38750076293945,54.349998474121094,54.38750076293945,1352.0
2024-10-25 14:42:00+00:00,LTRX,4.114999771118164,4.114999771118164,4.114999771118164,4.114999771118164,4.114999771118164,0.0
2024-10-25 14:42:00+00:00,LYFT,13.8100004196167,13.8100004196167,13.8149995803833,13.8100004196167,13.8149995803833,5396.0
2024-10-25 14:42:00+00:00,MAXN,5.784999847412109,5.784999847412109,5.789999961853027,5.784999847412109,5.789999961853027,1440.0
2024-10-25 14:42:00+00:00,MCHP,76.80999755859375,76.80999755859375,76.80999755859375,76.80999755859375,76.80999755859375,3270.0
2024-10-25 14:42:00+00:00,MDB,266.9825134277344,266.9825134277344,266.9825134277344,266.79998779296875,266.9200134277344,582.0
2024-10-25 14:42:00+00:00,MKSI,101.25,101.25,101.25,101.25,101.25,466.0
2024-10-25 14:42:00+00:00,MLAB,113.54000091552734,113.54000091552734,113.54000091552734,113.54000091552734,113.54000091552734,374.0
2024-10-25 14:42:00+00:00,MNDY,299.3949890136719,299.3949890136719,299.3949890136719,299.25,299.25,286.0
2024-10-25 14:42:00+00:00,MPWR,912.5800170898438,912.5800170898438,912.5800170898438,911.736083984375,911.736083984375,1599.0
2024-10-25 14:42:00+00:00,MQ,5.315000057220459,5.315000057220459,5.320000171661377,5.315000057220459,5.320000171661377,1647.0
2024-10-25 14:42:00+00:00,MRVL,82.2300033569336,82.2300033569336,82.2699966430664,82.2157974243164,82.2699966430664,6594.0
2024-10-25 14:42:00+00:00,MSFT,428.54998779296875,428.54998779296875,428.69000244140625,428.5306091308594,428.5306091308594,263206.0
2024-10-25 14:42:00+00:00,MSTR,236.77000427246094,236.77000427246094,237.2091064453125,236.61000061035156,236.90179443359375,29799.0
2024-10-25 14:42:00+00:00,MTLS,5.929999828338623,5.929999828338623,5.929999828338623,5.929999828338623,5.929999828338623,318.0
2024-10-25 14:42:00+00:00,MU,108.7699966430664,108.7699966430664,108.86000061035156,108.7699966430664,108.8499984741211,18189.0
2024-10-25 14:42:00+00:00,MVIS,1.0865000486373901,1.0865000486373901,1.0865000486373901,1.0800000429153442,1.0800000429153442,558.0
2024-10-25 14:42:00+00:00,MXL,14.869999885559082,14.869999885559082,14.869999885559082,14.869999885559082,14.869999885559082,580.0
2024-10-25 14:42:00+00:00,MYNA,1.1299999952316284,1.1299999952316284,1.1299999952316284,1.1299999952316284,1.1299999952316284,155.0
2024-10-25 14:42:00+00:00,MYSZ,1.6100000143051147,1.6100000143051147,1.6200000047683716,1.6100000143051147,1.6200000047683716,324.0
2024-10-25 14:42:00+00:00,NCNO,37.68000030517578,37.68000030517578,37.689998626708984,37.66999816894531,37.68000030517578,4893.0
2024-10-25 14:42:00+00:00,NTNX,62.095001220703125,62.095001220703125,62.095001220703125,62.095001220703125,62.095001220703125,347.0
2024-10-25 14:42:00+00:00,NVDA,141.90499877929688,141.90499877929688,141.99600219726562,141.9001007080078,141.9550018310547,179581.0
2024-10-25 14:42:00+00:00,NVTS,2.549499988555908,2.549499988555908,2.549499988555908,2.545099973678589,2.545099973678589,783.0
2024-10-25 14:42:00+00:00,NXPI,243.91000366210938,243.91000366210938,243.91000366210938,243.80499267578125,243.80999755859375,1431.0
2024-10-25 14:42:00+00:00,OKTA,72.26499938964844,72.26499938964844,72.26499938964844,72.26499938964844,72.26499938964844,227.0
2024-10-25 14:42:00+00:00,ON,71.41000366210938,71.41000366210938,71.4800033569336,71.41000366210938,71.47000122070312,9249.0
2024-10-25 14:42:00+00:00,OSPN,14.579999923706055,14.579999923706055,14.579999923706055,14.579999923706055,14.579999923706055,353.0
2024-10-25 14:42:00+00:00,PALT,1.9809999465942383,1.9809999465942383,1.9809999465942383,1.9809999465942383,1.9809999465942383,0.0
2024-10-25 14:42:00+00:00,PANW,366.9700012207031,366.9700012207031,366.9700012207031,366.9700012207031,366.9700012207031,432.0
2024-10-25 14:42:00+00:00,PAYO,8.305000305175781,8.305000305175781,8.305000305175781,8.305000305175781,8.305000305175781,364.0
2024-10-25 14:42:00+00:00,PGY,11.829999923706055,11.829999923706055,11.84000015258789,11.829999923706055,11.84000015258789,1154.0
2024-10-25 14:42:00+00:00,PHUN,10.430000305175781,10.430000305175781,10.439900398254395,10.401300430297852,10.439900398254395,11080.0
2024-10-25 14:42:00+00:00,PI,203.3800048828125,203.3800048828125,203.38999938964844,203.25,203.25,1217.0
2024-10-25 14:42:00+00:00,PLAB,23.669599533081055,23.669599533081055,23.669599533081055,23.669599533081055,23.669599533081055,1423.0
2024-10-25 14:42:00+00:00,PLXS,142.12750244140625,142.12750244140625,142.12750244140625,142.0,142.0,419.0
2024-10-25 14:42:00+00:00,POWI,63.63999938964844,63.63999938964844,63.650001525878906,63.63999938964844,63.650001525878906,1160.0
2024-10-25 14:42:00+00:00,PRGS,64.55999755859375,64.55999755859375,64.55999755859375,64.55999755859375,64.55999755859375,1499.0
2024-10-25 14:42:00+00:00,PTC,187.11000061035156,187.11000061035156,187.11000061035156,187.07000732421875,187.07000732421875,1451.0
2024-10-25 14:42:00+00:00,PYCR,14.324999809265137,14.324999809265137,14.324999809265137,14.324999809265137,14.324999809265137,230.0
2024-10-25 14:42:00+00:00,QCOM,171.25,171.25,171.33799743652344,171.25,171.30999755859375,5107.0
2024-10-25 14:42:00+00:00,QRVO,99.99669647216797,99.99669647216797,99.99669647216797,99.98999786376953,99.98999786376953,925.0
2024-10-25 14:42:00+00:00,RELY,14.829999923706055,14.829999923706055,14.84000015258789,14.829999923706055,14.84000015258789,897.0
2024-10-25 14:42:00+00:00,RGTI,1.2400000095367432,1.2400000095367432,1.2450000047683716,1.2400000095367432,1.2400000095367432,8462.0
2024-10-25 14:42:00+00:00,RIOT,9.925999641418457,9.925999641418457,9.929900169372559,9.902000427246094,9.902000427246094,84141.0
2024-10-25 14:42:00+00:00,RPAY,7.691299915313721,7.691299915313721,7.695000171661377,7.670000076293945,7.675000190734863,13764.0
2024-10-25 14:42:00+00:00,RPD,38.79999923706055,38.79999923706055,38.79999923706055,38.79499816894531,38.79499816894531,332.0
2024-10-25 14:42:00+00:00,RUN,14.404999732971191,14.404999732971191,14.4197998046875,14.399999618530273,14.40999984741211,9913.0
2024-10-25 14:42:00+00:00,SCWX,8.380000114440918,8.380000114440918,8.380000114440918,8.380000114440918,8.380000114440918,228.0
2024-10-25 14:42:00+00:00,SEDG,15.869999885559082,15.869999885559082,15.90999984741211,15.869999885559082,15.90999984741211,12230.0
2024-10-25 14:42:00+00:00,SHLS,5.255000114440918,5.255000114440918,5.255000114440918,5.255000114440918,5.255000114440918,743.0
2024-10-25 14:42:00+00:00,SKYT,10.569999694824219,10.569999694824219,10.569999694824219,10.569999694824219,10.569999694824219,642.0
2024-10-25 14:42:00+00:00,SMCI,47.380001068115234,47.380001068115234,47.40999984741211,47.369998931884766,47.38029861450195,36395.0
2024-10-25 14:42:00+00:00,SNPS,502.50048828125,502.50048828125,502.58099365234375,502.5,502.58099365234375,988.0
2024-10-25 14:42:00+00:00,SOUN,5.193900108337402,5.193900108337402,5.196400165557861,5.190000057220459,5.191500186920166,5885.0
2024-10-25 14:42:00+00:00,SPSC,171.0800018310547,171.0800018310547,171.0800018310547,171.0800018310547,171.0800018310547,901.0
2024-10-25 14:42:00+00:00,SPT,26.940000534057617,26.940000534057617,26.940000534057617,26.940000534057617,26.940000534057617,916.0
2024-10-25 14:42:00+00:00,SRAD,12.380000114440918,12.380000114440918,12.380000114440918,12.380000114440918,12.380000114440918,731.0
2024-10-25 14:42:00+00:00,SSNC,69.63500213623047,69.63500213623047,69.63500213623047,69.62000274658203,69.62999725341797,6493.0
2024-10-25 14:42:00+00:00,SSTI,11.274999618530273,11.274999618530273,11.274999618530273,11.274999618530273,11.274999618530273,213.0
2024-10-25 14:42:00+00:00,SSYS,7.019999980926514,7.019999980926514,7.039999961853027,7.019999980926514,7.039999961853027,5997.0
2024-10-25 14:42:00+00:00,STNE,11.5600004196167,11.5600004196167,11.5600004196167,11.555000305175781,11.555000305175781,3418.0
2024-10-25 14:42:00+00:00,STX,103.66999816894531,103.66999816894531,103.70999908447266,103.6500015258789,103.70999908447266,2603.0
2024-10-25 14:42:00+00:00,SVRE,0.07739999890327454,0.07739999890327454,0.07739999890327454,0.07739999890327454,0.07739999890327454,560.0
2024-10-25 14:42:00+00:00,SWKS,95.98999786376953,95.98999786376953,95.98999786376953,95.98999786376953,95.98999786376953,365.0
2024-10-25 14:42:00+00:00,TEAM,189.35499572753906,189.35499572753906,189.39999389648438,189.3000030517578,189.31500244140625,3433.0
2024-10-25 14:42:00+00:00,TER,112.07499694824219,112.07499694824219,112.12999725341797,112.06999969482422,112.08499908447266,2052.0
2024-10-25 14:42:00+00:00,TRMB,61.005001068115234,61.005001068115234,61.025001525878906,61.005001068115234,61.025001525878906,882.0
2024-10-25 14:42:00+00:00,TTD,118.94000244140625,118.94000244140625,118.94999694824219,118.94000244140625,118.94999694824219,1214.0
2024-10-25 14:42:00+00:00,TTEC,5.340000152587891,5.340000152587891,5.340000152587891,5.340000152587891,5.340000152587891,336.0
2024-10-25 14:42:00+00:00,TWKS,4.440000057220459,4.440000057220459,4.445000171661377,4.440000057220459,4.440000057220459,649.0
2024-10-25 14:42:00+00:00,TXN,207.89500427246094,207.89500427246094,208.0500030517578,207.89500427246094,207.94500732421875,6636.0
2024-10-25 14:42:00+00:00,VERB,10.741399765014648,10.741399765014648,10.741399765014648,10.741399765014648,10.741399765014648,762.0
2024-10-25 14:42:00+00:00,VERI,3.4200000762939453,3.4200000762939453,3.4200000762939453,3.4200000762939453,3.4200000762939453,580.0
2024-10-25 14:42:00+00:00,VERX,42.16999816894531,42.16999816894531,42.18000030517578,42.16999816894531,42.18000030517578,1207.0
2024-10-25 14:42:00+00:00,VIAV,9.199999809265137,9.199999809265137,9.199999809265137,9.199999809265137,9.199999809265137,2983.0
2024-10-25 14:42:00+00:00,VMEO,4.760000228881836,4.760000228881836,4.760000228881836,4.760000228881836,4.760000228881836,609.0
2024-10-25 14:42:00+00:00,VRNS,56.82400131225586,56.82400131225586,56.84000015258789,56.82400131225586,56.84000015258789,1377.0
2024-10-25 14:42:00+00:00,VS,2.4519999027252197,2.4519999027252197,2.4600000381469727,2.4519999027252197,2.4600000381469727,3382.0
2024-10-25 14:42:00+00:00,VSAT,10.1850004196167,10.1850004196167,10.1850004196167,10.1850004196167,10.1850004196167,1074.0
2024-10-25 14:42:00+00:00,VUZI,1.2949999570846558,1.2949999570846558,1.2999999523162842,1.2949999570846558,1.2999999523162842,1641.0
2024-10-25 14:42:00+00:00,WALD,3.509999990463257,3.509999990463257,3.509999990463257,3.509999990463257,3.509999990463257,134.0
2024-10-25 14:42:00+00:00,WDAY,238.7899932861328,238.7899932861328,238.7899932861328,238.7899932861328,238.7899932861328,853.0
2024-10-25 14:42:00+00:00,WDC,70.27999877929688,70.27999877929688,70.36000061035156,70.2699966430664,70.3550033569336,19309.0
2024-10-25 14:42:00+00:00,WISA,2.0399999618530273,2.0399999618530273,2.0399999618530273,2.0399999618530273,2.0399999618530273,710.0
2024-10-25 14:42:00+00:00,WIX,164.9199981689453,164.9199981689453,164.9199981689453,164.9199981689453,164.9199981689453,326.0
2024-10-25 14:42:00+00:00,XPER,9.404999732971191,9.404999732971191,9.404999732971191,9.404999732971191,9.404999732971191,240.0
2024-10-25 14:42:00+00:00,XRX,10.014599800109863,10.014599800109863,10.024999618530273,10.014599800109863,10.024999618530273,3125.0
2024-10-25 14:42:00+00:00,ZBRA,361.0299987792969,361.0299987792969,361.0299987792969,361.0299987792969,361.0299987792969,627.0
2024-10-25 14:42:00+00:00,ZI,10.524999618530273,10.524999618530273,10.529999732971191,10.524999618530273,10.524999618530273,3295.0
2024-10-25 14:42:00+00:00,ZM,73.04000091552734,73.04000091552734,73.04000091552734,73.03500366210938,73.03500366210938,716.0
2024-10-25 14:43:00+00:00,AAOI,17.719999313354492,17.719999313354492,17.719999313354492,17.719999313354492,17.719999313354492,557.0
2024-10-25 14:43:00+00:00,AAPL,231.75999450683594,231.75999450683594,231.78500366210938,231.7100067138672,231.72999572753906,33413.0
2024-10-25 14:43:00+00:00,ACIW,48.95000076293945,48.95000076293945,48.970001220703125,48.95000076293945,48.95500183105469,1311.0
2024-10-25 14:43:00+00:00,ADBE,483.364990234375,483.364990234375,483.44000244140625,483.364990234375,483.44000244140625,1415.0
2024-10-25 14:43:00+00:00,ADI,231.42999267578125,231.42999267578125,231.47500610351562,231.42999267578125,231.47000122070312,3739.0
2024-10-25 14:43:00+00:00,ADSK,286.3800048828125,286.3800048828125,286.3800048828125,286.3800048828125,286.3800048828125,320.0
2024-10-25 14:43:00+00:00,ADTN,6.289999961853027,6.289999961853027,6.300000190734863,6.289999961853027,6.300000190734863,1287.0
2024-10-25 14:43:00+00:00,AFRM,41.5,41.5,41.512001037597656,41.48360061645508,41.5,5035.0
2024-10-25 14:43:00+00:00,AGYS,110.9000015258789,110.9000015258789,110.9000015258789,110.9000015258789,110.9000015258789,932.0
2024-10-25 14:43:00+00:00,AKAM,102.12999725341797,102.12999725341797,102.13999938964844,102.12999725341797,102.13999938964844,1931.0
2024-10-25 14:43:00+00:00,AKTS,0.059300001710653305,0.059300001710653305,0.059300001710653305,0.059300001710653305,0.059300001710653305,169.0
2024-10-25 14:43:00+00:00,ALGM,23.1200008392334,23.1200008392334,23.125,23.1200008392334,23.1200008392334,1447.0
2024-10-25 14:43:00+00:00,ALRM,54.630001068115234,54.630001068115234,54.630001068115234,54.630001068115234,54.630001068115234,736.0
2024-10-25 14:43:00+00:00,AMAT,187.41000366210938,187.41000366210938,187.44000244140625,187.25010681152344,187.32000732421875,5416.0
2024-10-25 14:43:00+00:00,AMBA,58.099998474121094,58.099998474121094,58.099998474121094,58.099998474121094,58.099998474121094,1499.0
2024-10-25 14:43:00+00:00,AMD,156.5500946044922,156.5500946044922,156.61000061035156,156.4801025390625,156.52000427246094,28714.0
2024-10-25 14:43:00+00:00,ANSS,323.2049865722656,323.2049865722656,323.2049865722656,323.2049865722656,323.2049865722656,795.0
2024-10-25 14:43:00+00:00,API,2.880000114440918,2.880000114440918,2.880000114440918,2.880000114440918,2.880000114440918,100.0
2024-10-25 14:43:00+00:00,APP,161.52000427246094,161.52000427246094,161.52999877929688,161.4499969482422,161.52000427246094,3106.0
2024-10-25 14:43:00+00:00,APPF,211.69000244140625,211.69000244140625,211.69000244140625,211.69000244140625,211.69000244140625,251.0
2024-10-25 14:43:00+00:00,APPN,32.15999984741211,32.15999984741211,32.185001373291016,32.15999984741211,32.185001373291016,524.0
2024-10-25 14:43:00+00:00,ARRY,6.465000152587891,6.465000152587891,6.465000152587891,6.46019983291626,6.46019983291626,3248.0
2024-10-25 14:43:00+00:00,ASML,714.6099853515625,714.6099853515625,714.6099853515625,714.0900268554688,714.1649780273438,1967.0
2024-10-25 14:43:00+00:00,AUR,6.385000228881836,6.385000228881836,6.385000228881836,6.385000228881836,6.385000228881836,1214.0
2024-10-25 14:43:00+00:00,AVDX,8.135000228881836,8.135000228881836,8.135000228881836,8.135000228881836,8.135000228881836,2422.0
2024-10-25 14:43:00+00:00,AVGO,174.27999877929688,174.27999877929688,174.32440185546875,174.19500732421875,174.2100067138672,20063.0
2024-10-25 14:43:00+00:00,AVPT,11.925000190734863,11.925000190734863,11.925000190734863,11.925000190734863,11.925000190734863,312.0
2024-10-25 14:43:00+00:00,AXTI,2.6700000762939453,2.6700000762939453,2.6700000762939453,2.6700000762939453,2.6700000762939453,802.0
2024-10-25 14:43:00+00:00,BCOV,2.26990008354187,2.26990008354187,2.26990008354187,2.26990008354187,2.26990008354187,1.0
2024-10-25 14:43:00+00:00,BELFB,79.0250015258789,79.0250015258789,79.0250015258789,79.0250015258789,79.0250015258789,494.0
2024-10-25 14:43:00+00:00,BIGC,5.304999828338623,5.304999828338623,5.304999828338623,5.304999828338623,5.304999828338623,999.0
2024-10-25 14:43:00+00:00,BL,56.369998931884766,56.369998931884766,56.369998931884766,56.369998931884766,56.369998931884766,273.0
2024-10-25 14:43:00+00:00,BLZE,7.199999809265137,7.199999809265137,7.199999809265137,7.199999809265137,7.199999809265137,625.0
2024-10-25 14:43:00+00:00,BMBL,7.079999923706055,7.079999923706055,7.079999923706055,7.079999923706055,7.079999923706055,697.0
2024-10-25 14:43:00+00:00,BOSC,2.9549999237060547,2.9549999237060547,2.9700000286102295,2.9549999237060547,2.9700000286102295,625.0
2024-10-25 14:43:00+00:00,BRZE,30.735000610351562,30.735000610351562,30.735000610351562,30.735000610351562,30.735000610351562,459.0
2024-10-25 14:43:00+00:00,CAMT,77.53500366210938,77.53500366210938,77.53500366210938,77.5250015258789,77.5250015258789,491.0
2024-10-25 14:43:00+00:00,CAN,0.9771000146865845,0.9771000146865845,0.9771999716758728,0.9750999808311462,0.9771000146865845,22462.0
2024-10-25 14:43:00+00:00,CCSI,20.15999984741211,20.15999984741211,20.15999984741211,20.149999618530273,20.149999618530273,391.0
2024-10-25 14:43:00+00:00,CDNS,258.4549865722656,258.4549865722656,258.4549865722656,258.3599853515625,258.3599853515625,1845.0
2024-10-25 14:43:00+00:00,CFLT,22.594999313354492,22.594999313354492,22.600000381469727,22.59000015258789,22.600000381469727,2337.0
2024-10-25 14:43:00+00:00,CGNX,38.900001525878906,38.900001525878906,38.90999984741211,38.89500045776367,38.89500045776367,1160.0
2024-10-25 14:43:00+00:00,CHKP,206.72999572753906,206.72999572753906,206.8000030517578,206.6999969482422,206.8000030517578,4934.0
2024-10-25 14:43:00+00:00,CLBT,18.229999542236328,18.229999542236328,18.229999542236328,18.229999542236328,18.229999542236328,118.0
2024-10-25 14:43:00+00:00,CLFD,36.5099983215332,36.5099983215332,36.5099983215332,36.5099983215332,36.5099983215332,1032.0
2024-10-25 14:43:00+00:00,CLSK,11.795000076293945,11.795000076293945,11.829999923706055,11.779999732971191,11.819999694824219,66745.0
2024-10-25 14:43:00+00:00,CNDT,3.6050000190734863,3.6050000190734863,3.6050000190734863,3.5999999046325684,3.5999999046325684,3452.0
2024-10-25 14:43:00+00:00,COHU,26.020000457763672,26.020000457763672,26.020000457763672,26.010000228881836,26.020000457763672,573.0
2024-10-25 14:43:00+00:00,COIN,208.44500732421875,208.44500732421875,208.74000549316406,208.3699951171875,208.61929321289062,15612.0
2024-10-25 14:43:00+00:00,COMM,6.263999938964844,6.263999938964844,6.263999938964844,6.263999938964844,6.263999938964844,3139.0
2024-10-25 14:43:00+00:00,CORZ,13.385000228881836,13.385000228881836,13.385000228881836,13.380000114440918,13.385000228881836,2900.0
2024-10-25 14:43:00+00:00,CRCT,6.585000038146973,6.585000038146973,6.585000038146973,6.585000038146973,6.585000038146973,228.0
2024-10-25 14:43:00+00:00,CRDO,39.130001068115234,39.130001068115234,39.130001068115234,39.1150016784668,39.130001068115234,1543.0
2024-10-25 14:43:00+00:00,CRNC,2.9435999393463135,2.9435999393463135,2.9435999393463135,2.9435999393463135,2.9435999393463135,200.0
2024-10-25 14:43:00+00:00,CRUS,122.9000015258789,122.9000015258789,122.9000015258789,122.9000015258789,122.9000015258789,270.0
2024-10-25 14:43:00+00:00,CRWD,296.1864013671875,296.1864013671875,296.29998779296875,296.1650085449219,296.1700134277344,6051.0
2024-10-25 14:43:00+00:00,CSCO,55.760101318359375,55.760101318359375,55.76499938964844,55.75,55.75,7005.0
2024-10-25 14:43:00+00:00,CSIQ,13.380000114440918,13.380000114440918,13.380000114440918,13.369999885559082,13.369999885559082,1413.0
2024-10-25 14:43:00+00:00,CTSH,74.7300033569336,74.7300033569336,74.74500274658203,74.7300033569336,74.73999786376953,2573.0
2024-10-25 14:43:00+00:00,DBX,26.075000762939453,26.075000762939453,26.075000762939453,26.075000762939453,26.075000762939453,637.0
2024-10-25 14:43:00+00:00,DDOG,126.23999786376953,126.23999786376953,126.31999969482422,126.19000244140625,126.26000213623047,13787.0
2024-10-25 14:43:00+00:00,DIOD,65.20999908447266,65.20999908447266,65.20999908447266,65.20999908447266,65.20999908447266,233.0
2024-10-25 14:43:00+00:00,DLO,8.854999542236328,8.854999542236328,8.854999542236328,8.854999542236328,8.854999542236328,976.0
2024-10-25 14:43:00+00:00,DOCU,68.9000015258789,68.9000015258789,68.91999816894531,68.9000015258789,68.91000366210938,2862.0
2024-10-25 14:43:00+00:00,DSGX,104.23500061035156,104.23500061035156,104.23500061035156,104.23500061035156,104.23500061035156,350.0
2024-10-25 14:43:00+00:00,DTST,3.4800000190734863,3.4800000190734863,3.4800000190734863,3.4800000190734863,3.4800000190734863,292.0
2024-10-25 14:43:00+00:00,DUOL,290.4949951171875,290.4949951171875,290.8099060058594,290.4949951171875,290.8099060058594,1214.0
2024-10-25 14:43:00+00:00,EEFT,100.23999786376953,100.23999786376953,100.23999786376953,100.23999786376953,100.23999786376953,293.0
2024-10-25 14:43:00+00:00,ENPH,83.79669952392578,83.79669952392578,83.82610321044922,83.7699966430664,83.7699966430664,5495.0
2024-10-25 14:43:00+00:00,ENTG,104.83999633789062,104.83999633789062,104.83999633789062,104.75499725341797,104.75499725341797,2783.0
2024-10-25 14:43:00+00:00,ERIC,8.454999923706055,8.454999923706055,8.454999923706055,8.454000473022461,8.454000473022461,2967.0
2024-10-25 14:43:00+00:00,EXLS,38.7599983215332,38.7599983215332,38.76499938964844,38.755001068115234,38.76499938964844,1125.0
2024-10-25 14:43:00+00:00,EXTR,14.364999771118164,14.364999771118164,14.369999885559082,14.364999771118164,14.369999885559082,325.0
2024-10-25 14:43:00+00:00,FFIV,216.3300018310547,216.3300018310547,216.3300018310547,216.3300018310547,216.3300018310547,317.0
2024-10-25 14:43:00+00:00,FIVN,29.899999618530273,29.899999618530273,29.90839958190918,29.889999389648438,29.889999389648438,2900.0
2024-10-25 14:43:00+00:00,FLEX,35.220001220703125,35.220001220703125,35.220001220703125,35.209999084472656,35.209999084472656,5116.0
2024-10-25 14:43:00+00:00,FRGT,1.9077999591827393,1.9077999591827393,1.9077999591827393,1.9077999591827393,1.9077999591827393,1418.0
2024-10-25 14:43:00+00:00,FROG,29.299999237060547,29.299999237060547,29.299999237060547,29.299999237060547,29.299999237060547,783.0
2024-10-25 14:43:00+00:00,FRSH,11.625,11.625,11.625,11.625,11.625,826.0
2024-10-25 14:43:00+00:00,FSLR,198.27000427246094,198.27000427246094,198.47999572753906,198.27000427246094,198.3699951171875,698.0
2024-10-25 14:43:00+00:00,FTNT,80.46499633789062,80.46499633789062,80.4927978515625,80.46499633789062,80.4800033569336,3064.0
2024-10-25 14:43:00+00:00,GCT,24.700000762939453,24.700000762939453,24.700000762939453,24.690000534057617,24.690000534057617,900.0
2024-10-25 14:43:00+00:00,GDS,21.485000610351562,21.485000610351562,21.485000610351562,21.485000610351562,21.485000610351562,205.0
2024-10-25 14:43:00+00:00,GDYN,15.609999656677246,15.609999656677246,15.609999656677246,15.609999656677246,15.609999656677246,291.0
2024-10-25 14:43:00+00:00,GFS,40.619998931884766,40.619998931884766,40.619998931884766,40.599998474121094,40.61000061035156,1948.0
2024-10-25 14:43:00+00:00,GNSS,3.890000104904175,3.890000104904175,3.890000104904175,3.890000104904175,3.890000104904175,3700.0
2024-10-25 14:43:00+00:00,GRAB,4.085000038146973,4.085000038146973,4.090000152587891,4.085000038146973,4.090000152587891,1648.0
2024-10-25 14:43:00+00:00,GRRRW,0.061799999326467514,0.061799999326467514,0.061799999326467514,0.061799999326467514,0.061799999326467514,300.0
2024-10-25 14:43:00+00:00,GTLB,55.22999954223633,55.22999954223633,55.22999954223633,55.22999954223633,55.22999954223633,594.0
2024-10-25 14:43:00+00:00,HCP,33.650001525878906,33.650001525878906,33.654998779296875,33.650001525878906,33.654998779296875,2266.0
2024-10-25 14:43:00+00:00,HEAR,16.510000228881836,16.510000228881836,16.510000228881836,16.510000228881836,16.510000228881836,322.0
2024-10-25 14:43:00+00:00,HIMX,6.195000171661377,6.195000171661377,6.195000171661377,6.195000171661377,6.195000171661377,761.0
2024-10-25 14:43:00+00:00,HOLO,3.5799999237060547,3.5799999237060547,3.5799999237060547,3.5799999237060547,3.5799999237060547,1329.0
2024-10-25 14:43:00+00:00,HOOD,27.23699951171875,27.23699951171875,27.239999771118164,27.219999313354492,27.229999542236328,11435.0
2024-10-25 14:43:00+00:00,IIIV,22.8700008392334,22.8700008392334,22.8700008392334,22.8700008392334,22.8700008392334,537.0
2024-10-25 14:43:00+00:00,IMMR,8.681500434875488,8.681500434875488,8.681500434875488,8.681500434875488,8.681500434875488,140.0
2024-10-25 14:43:00+00:00,INDI,3.490000009536743,3.490000009536743,3.5,3.490000009536743,3.5,4051.0
2024-10-25 14:43:00+00:00,INTA,50.08000183105469,50.08000183105469,50.08000183105469,50.08000183105469,50.08000183105469,529.0
2024-10-25 14:43:00+00:00,INTC,22.954999923706055,22.954999923706055,22.95989990234375,22.94499969482422,22.950300216674805,23949.0
2024-10-25 14:43:00+00:00,INTU,609.0499877929688,609.0499877929688,609.0499877929688,608.9600219726562,608.9650268554688,620.0
2024-10-25 14:43:00+00:00,IPGP,77.31999969482422,77.31999969482422,77.31999969482422,77.25,77.25,943.0
2024-10-25 14:43:00+00:00,JAMF,16.795000076293945,16.795000076293945,16.795000076293945,16.795000076293945,16.795000076293945,1136.0
2024-10-25 14:43:00+00:00,KLAC,676.7000122070312,676.7000122070312,676.7000122070312,676.7000122070312,676.7000122070312,1789.0
2024-10-25 14:43:00+00:00,KLIC,44.560001373291016,44.560001373291016,44.560001373291016,44.560001373291016,44.560001373291016,341.0
2024-10-25 14:43:00+00:00,LASR,10.399999618530273,10.399999618530273,10.399999618530273,10.399999618530273,10.399999618530273,164.0
2024-10-25 14:43:00+00:00,LINK,4.829999923706055,4.829999923706055,4.829999923706055,4.829999923706055,4.829999923706055,433.0
2024-10-25 14:43:00+00:00,LITE,64.52999877929688,64.52999877929688,64.52999877929688,64.5250015258789,64.5250015258789,1369.0
2024-10-25 14:43:00+00:00,LOGI,80.76000213623047,80.76000213623047,80.78500366210938,80.76000213623047,80.78500366210938,1082.0
2024-10-25 14:43:00+00:00,LPSN,1.169100046157837,1.169100046157837,1.169100046157837,1.169100046157837,1.169100046157837,0.0
2024-10-25 14:43:00+00:00,LRCX,78.52989959716797,78.52989959716797,78.52999877929688,78.43000030517578,78.45500183105469,16697.0
2024-10-25 14:43:00+00:00,LSCC,54.380001068115234,54.380001068115234,54.380001068115234,54.35499954223633,54.36000061035156,2235.0
2024-10-25 14:43:00+00:00,LTRX,4.125,4.125,4.125,4.114999771118164,4.114999771118164,5946.0
2024-10-25 14:43:00+00:00,LYFT,13.8149995803833,13.8149995803833,13.8149995803833,13.805000305175781,13.8100004196167,16610.0
2024-10-25 14:43:00+00:00,LYTS,16.200000762939453,16.200000762939453,16.200000762939453,16.200000762939453,16.200000762939453,486.0
2024-10-25 14:43:00+00:00,MAPS,0.8460999727249146,0.8460999727249146,0.8460999727249146,0.8460999727249146,0.8460999727249146,621.0
2024-10-25 14:43:00+00:00,MCHP,76.79000091552734,76.79000091552734,76.79000091552734,76.7699966430664,76.77999877929688,5125.0
2024-10-25 14:43:00+00:00,MDB,266.94000244140625,266.94000244140625,266.9849853515625,266.94000244140625,266.9849853515625,551.0
2024-10-25 14:43:00+00:00,MKSI,101.29750061035156,101.29750061035156,101.30500030517578,101.23999786376953,101.23999786376953,2227.0
2024-10-25 14:43:00+00:00,MNDY,299.2699890136719,299.2699890136719,299.30999755859375,299.2699890136719,299.30999755859375,310.0
2024-10-25 14:43:00+00:00,MPWR,912.5800170898438,912.5800170898438,912.5800170898438,912.5800170898438,912.5800170898438,404.0
2024-10-25 14:43:00+00:00,MQ,5.315000057220459,5.315000057220459,5.320000171661377,5.315000057220459,5.320000171661377,448.0
2024-10-25 14:43:00+00:00,MRVL,82.24500274658203,82.24500274658203,82.27999877929688,82.19999694824219,82.20999908447266,5747.0
2024-10-25 14:43:00+00:00,MSFT,428.55999755859375,428.55999755859375,428.6300048828125,428.4700012207031,428.510009765625,22226.0
2024-10-25 14:43:00+00:00,MSTR,236.5157012939453,236.5157012939453,237.1199951171875,236.14999389648438,236.72500610351562,27146.0
2024-10-25 14:43:00+00:00,MTSI,121.05999755859375,121.05999755859375,121.29000091552734,120.81999969482422,120.83000183105469,9737.0
2024-10-25 14:43:00+00:00,MTTR,4.59499979019165,4.59499979019165,4.59499979019165,4.59499979019165,4.59499979019165,1004.0
2024-10-25 14:43:00+00:00,MU,108.79000091552734,108.79000091552734,108.81999969482422,108.75,108.76000213623047,19426.0
2024-10-25 14:43:00+00:00,MXL,14.890000343322754,14.890000343322754,14.890000343322754,14.875,14.875,1062.0
2024-10-25 14:43:00+00:00,NCNO,37.66999816894531,37.66999816894531,37.66999816894531,37.66999816894531,37.66999816894531,745.0
2024-10-25 14:43:00+00:00,NOVT,173.3000030517578,173.3000030517578,173.3000030517578,173.3000030517578,173.3000030517578,539.0
2024-10-25 14:43:00+00:00,NSIT,208.77000427246094,208.77000427246094,208.77000427246094,208.77000427246094,208.77000427246094,325.0
2024-10-25 14:43:00+00:00,NTAP,119.81500244140625,119.81500244140625,119.81500244140625,119.80000305175781,119.80000305175781,1256.0
2024-10-25 14:43:00+00:00,NTGR,20.200000762939453,20.200000762939453,20.200000762939453,20.200000762939453,20.200000762939453,815.0
2024-10-25 14:43:00+00:00,NTNX,62.09000015258789,62.09000015258789,62.09000015258789,62.09000015258789,62.09000015258789,358.0
2024-10-25 14:43:00+00:00,NVDA,141.9600067138672,141.9600067138672,141.97999572753906,141.8699951171875,141.89999389648438,182046.0
2024-10-25 14:43:00+00:00,NVTS,2.5399999618530273,2.5399999618530273,2.5499000549316406,2.5399999618530273,2.5399999618530273,15408.0
2024-10-25 14:43:00+00:00,NXPI,243.875,243.875,243.875,243.8300018310547,243.8300018310547,764.0
2024-10-25 14:43:00+00:00,OKTA,72.2699966430664,72.2699966430664,72.2699966430664,72.26000213623047,72.26000213623047,586.0
2024-10-25 14:43:00+00:00,ON,71.41999816894531,71.41999816894531,71.44999694824219,71.38999938964844,71.41999816894531,8533.0
2024-10-25 14:43:00+00:00,OSIS,135.3699951171875,135.3699951171875,135.3699951171875,135.3699951171875,135.3699951171875,178.0
2024-10-25 14:43:00+00:00,PANW,366.6409912109375,366.6409912109375,366.6409912109375,366.6409912109375,366.6409912109375,206.0
2024-10-25 14:43:00+00:00,PAYO,8.324999809265137,8.324999809265137,8.324999809265137,8.305000305175781,8.305000305175781,14779.0
2024-10-25 14:43:00+00:00,PEGA,79.8550033569336,79.8550033569336,79.8550033569336,79.8550033569336,79.8550033569336,881.0
2024-10-25 14:43:00+00:00,PGY,11.8149995803833,11.8149995803833,11.8149995803833,11.8149995803833,11.8149995803833,689.0
2024-10-25 14:43:00+00:00,PHUN,10.419699668884277,10.419699668884277,10.444999694824219,10.410599708557129,10.4399995803833,29757.0
2024-10-25 14:43:00+00:00,PI,203.4199981689453,203.4199981689453,203.4199981689453,203.4199981689453,203.4199981689453,793.0
2024-10-25 14:43:00+00:00,PLXS,142.01499938964844,142.01499938964844,142.02000427246094,142.00999450683594,142.02000427246094,735.0
2024-10-25 14:43:00+00:00,PRTH,5.26170015335083,5.26170015335083,5.26170015335083,5.26170015335083,5.26170015335083,2164.0
2024-10-25 14:43:00+00:00,PTC,187.14500427246094,187.14500427246094,187.1699981689453,187.10499572753906,187.10499572753906,908.0
2024-10-25 14:43:00+00:00,PUBM,14.744999885559082,14.744999885559082,14.744999885559082,14.744999885559082,14.744999885559082,704.0
2024-10-25 14:43:00+00:00,PYCR,14.324999809265137,14.324999809265137,14.324999809265137,14.319999694824219,14.319999694824219,1309.0
2024-10-25 14:43:00+00:00,QCOM,171.25999450683594,171.25999450683594,171.25999450683594,171.17999267578125,171.2100067138672,4334.0
2024-10-25 14:43:00+00:00,QRVO,99.95189666748047,99.95189666748047,99.95999908447266,99.94000244140625,99.95999908447266,884.0
2024-10-25 14:43:00+00:00,QUBT,1.0850000381469727,1.0850000381469727,1.0850000381469727,1.0850000381469727,1.0850000381469727,187.0
2024-10-25 14:43:00+00:00,RELY,14.829999923706055,14.829999923706055,14.829999923706055,14.829999923706055,14.829999923706055,1115.0
2024-10-25 14:43:00+00:00,RGTI,1.2300000190734863,1.2300000190734863,1.2400000095367432,1.2300000190734863,1.2400000095367432,68819.0
2024-10-25 14:43:00+00:00,RIOT,9.900500297546387,9.900500297546387,9.929900169372559,9.900099754333496,9.920000076293945,52504.0
2024-10-25 14:43:00+00:00,RPD,38.790000915527344,38.790000915527344,38.790000915527344,38.790000915527344,38.790000915527344,130.0
2024-10-25 14:43:00+00:00,RUM,5.760000228881836,5.760000228881836,5.764999866485596,5.760000228881836,5.764999866485596,728.0
2024-10-25 14:43:00+00:00,RUN,14.414999961853027,14.414999961853027,14.420000076293945,14.399999618530273,14.399999618530273,5194.0
2024-10-25 14:43:00+00:00,SANM,67.6500015258789,67.6500015258789,67.6500015258789,67.6500015258789,67.6500015258789,770.0
2024-10-25 14:43:00+00:00,SATS,25.276199340820312,25.276199340820312,25.276199340820312,25.229999542236328,25.229999542236328,2826.0
2024-10-25 14:43:00+00:00,SEDG,15.869999885559082,15.869999885559082,15.880000114440918,15.869999885559082,15.869999885559082,3845.0
2024-10-25 14:43:00+00:00,SHLS,5.255000114440918,5.255000114440918,5.255000114440918,5.25,5.255000114440918,1558.0
2024-10-25 14:43:00+00:00,SITM,180.13499450683594,180.13499450683594,180.13499450683594,180.13499450683594,180.13499450683594,1023.0
2024-10-25 14:43:00+00:00,SKYT,10.569999694824219,10.569999694824219,10.569999694824219,10.569999694824219,10.569999694824219,1047.0
2024-10-25 14:43:00+00:00,SLAB,114.57499694824219,114.57499694824219,114.5999984741211,114.57499694824219,114.5999984741211,346.0
2024-10-25 14:43:00+00:00,SMCI,47.429901123046875,47.429901123046875,47.429901123046875,47.349998474121094,47.35810089111328,22276.0
2024-10-25 14:43:00+00:00,SMSI,0.8100000023841858,0.8100000023841858,0.8100000023841858,0.8100000023841858,0.8100000023841858,6286.0
2024-10-25 14:43:00+00:00,SMTC,45.849998474121094,45.849998474121094,45.8849983215332,45.849998474121094,45.8849983215332,1175.0
2024-10-25 14:43:00+00:00,SNPS,502.56500244140625,502.56500244140625,502.56500244140625,502.56500244140625,502.56500244140625,319.0
2024-10-25 14:43:00+00:00,SONM,3.569999933242798,3.569999933242798,3.569999933242798,3.569999933242798,3.569999933242798,413.0
2024-10-25 14:43:00+00:00,SONO,12.710000038146973,12.710000038146973,12.720000267028809,12.710000038146973,12.720000267028809,2216.0
2024-10-25 14:43:00+00:00,SOPA,0.9634000062942505,0.9634000062942505,0.9634000062942505,0.9634000062942505,0.9634000062942505,5242.0
2024-10-25 14:43:00+00:00,SOUN,5.184999942779541,5.184999942779541,5.194200038909912,5.184999942779541,5.190000057220459,14669.0
2024-10-25 14:43:00+00:00,SSNC,69.6050033569336,69.6050033569336,69.63500213623047,69.5999984741211,69.63500213623047,5383.0
2024-10-25 14:43:00+00:00,STNE,11.555000305175781,11.555000305175781,11.555000305175781,11.550000190734863,11.550000190734863,1448.0
2024-10-25 14:43:00+00:00,STX,103.66500091552734,103.66500091552734,103.69000244140625,103.63999938964844,103.66000366210938,2866.0
2024-10-25 14:43:00+00:00,SVRE,0.07930000126361847,0.07930000126361847,0.07930000126361847,0.07729999721050262,0.07739999890327454,51571.0
2024-10-25 14:43:00+00:00,SWKS,96.0,96.0,96.0,95.9800033569336,95.9800033569336,1284.0
2024-10-25 14:43:00+00:00,SYNA,72.4000015258789,72.4000015258789,72.6500015258789,72.4000015258789,72.6500015258789,3413.0
2024-10-25 14:43:00+00:00,SYTA,1.309999942779541,1.309999942779541,1.3128000497817993,1.309999942779541,1.3105000257492065,4235.0
2024-10-25 14:43:00+00:00,TEAM,189.36000061035156,189.36000061035156,189.36000061035156,189.24000549316406,189.24000549316406,1553.0
2024-10-25 14:43:00+00:00,TENB,41.720001220703125,41.720001220703125,41.720001220703125,41.70500183105469,41.70500183105469,510.0
2024-10-25 14:43:00+00:00,TER,112.1500015258789,112.1500015258789,112.1500015258789,112.05000305175781,112.05000305175781,2328.0
2024-10-25 14:43:00+00:00,TLS,3.590100049972534,3.590100049972534,3.590100049972534,3.590100049972534,3.590100049972534,326.0
2024-10-25 14:43:00+00:00,TRMB,61.0099983215332,61.0099983215332,61.0099983215332,61.0,61.0,1373.0
2024-10-25 14:43:00+00:00,TSEM,44.720001220703125,44.720001220703125,44.7599983215332,44.720001220703125,44.72999954223633,858.0
2024-10-25 14:43:00+00:00,TTD,118.95999908447266,118.95999908447266,118.95999908447266,118.92500305175781,118.92500305175781,1981.0
2024-10-25 14:43:00+00:00,TTEC,5.329999923706055,5.329999923706055,5.340000152587891,5.329999923706055,5.340000152587891,698.0
2024-10-25 14:43:00+00:00,TTMI,19.6200008392334,19.6200008392334,19.6200008392334,19.6200008392334,19.6200008392334,685.0
2024-10-25 14:43:00+00:00,TWKS,4.440000057220459,4.440000057220459,4.446499824523926,4.440000057220459,4.440000057220459,13744.0
2024-10-25 14:43:00+00:00,TXN,207.82159423828125,207.82159423828125,207.89999389648438,207.82159423828125,207.86000061035156,4432.0
2024-10-25 14:43:00+00:00,UCTT,35.83000183105469,35.83000183105469,35.83000183105469,35.83000183105469,35.83000183105469,1665.0
2024-10-25 14:43:00+00:00,VECO,29.334999084472656,29.334999084472656,29.334999084472656,29.334999084472656,29.334999084472656,1187.0
2024-10-25 14:43:00+00:00,VERI,3.4138998985290527,3.4138998985290527,3.4138998985290527,3.4100000858306885,3.4100000858306885,555.0
2024-10-25 14:43:00+00:00,VERX,42.1150016784668,42.1150016784668,42.15999984741211,42.1150016784668,42.15999984741211,2414.0
2024-10-25 14:43:00+00:00,VIAV,9.204999923706055,9.204999923706055,9.204999923706055,9.204999923706055,9.204999923706055,455.0
2024-10-25 14:43:00+00:00,VICR,46.58000183105469,46.58000183105469,46.58000183105469,46.58000183105469,46.58000183105469,348.0
2024-10-25 14:43:00+00:00,VMEO,4.755000114440918,4.755000114440918,4.755000114440918,4.755000114440918,4.755000114440918,120.0
2024-10-25 14:43:00+00:00,VRNS,56.83000183105469,56.83000183105469,56.83000183105469,56.779998779296875,56.779998779296875,1509.0
2024-10-25 14:43:00+00:00,VRNT,21.940000534057617,21.940000534057617,21.940000534057617,21.940000534057617,21.940000534057617,757.0
2024-10-25 14:43:00+00:00,VRSN,183.14999389648438,183.14999389648438,183.30999755859375,183.14999389648438,183.2100067138672,2727.0
2024-10-25 14:43:00+00:00,VSAT,10.1850004196167,10.1850004196167,10.1850004196167,10.1850004196167,10.1850004196167,429.0
2024-10-25 14:43:00+00:00,WDAY,238.63999938964844,238.63999938964844,238.7100067138672,238.5399932861328,238.7100067138672,5782.0
2024-10-25 14:43:00+00:00,WDC,70.4000015258789,70.4000015258789,70.4000015258789,70.30000305175781,70.30000305175781,10334.0
2024-10-25 14:43:00+00:00,WISA,2.049999952316284,2.049999952316284,2.049999952316284,2.04010009765625,2.04010009765625,2369.0
2024-10-25 14:43:00+00:00,WIX,164.85000610351562,164.85000610351562,164.85000610351562,164.85000610351562,164.85000610351562,161.0
2024-10-25 14:43:00+00:00,WRAP,1.809999942779541,1.809999942779541,1.809999942779541,1.809999942779541,1.809999942779541,1193.0
2024-10-25 14:43:00+00:00,XPER,9.404999732971191,9.404999732971191,9.404999732971191,9.404999732971191,9.404999732971191,215.0
2024-10-25 14:43:00+00:00,XRX,10.010000228881836,10.010000228881836,10.010000228881836,10.005000114440918,10.010000228881836,2117.0
2024-10-25 14:43:00+00:00,ZBRA,360.9100036621094,360.9100036621094,360.9100036621094,360.9100036621094,360.9100036621094,1644.0
2024-10-25 14:43:00+00:00,ZM,73.03939819335938,73.03939819335938,73.03939819335938,73.03939819335938,73.03939819335938,794.0
2024-10-25 14:43:00+00:00,ZS,184.96499633789062,184.96499633789062,184.96499633789062,184.96499633789062,184.96499633789062,639.0
2024-10-25 14:44:00+00:00,AAOI,17.729999542236328,17.729999542236328,17.729999542236328,17.729999542236328,17.729999542236328,921.0
2024-10-25 14:44:00+00:00,AAPL,231.74000549316406,231.74000549316406,231.77000427246094,231.7100067138672,231.75999450683594,27178.0
2024-10-25 14:44:00+00:00,ACIW,48.95500183105469,48.95500183105469,48.95500183105469,48.95500183105469,48.95500183105469,359.0
2024-10-25 14:44:00+00:00,ACLS,90.1050033569336,90.1050033569336,90.1050033569336,90.1050033569336,90.1050033569336,988.0
2024-10-25 14:44:00+00:00,ACMR,19.670000076293945,19.670000076293945,19.670000076293945,19.669700622558594,19.669700622558594,733.0
2024-10-25 14:44:00+00:00,ADBE,483.3800048828125,483.3800048828125,483.4599914550781,483.3800048828125,483.3999938964844,2544.0
2024-10-25 14:44:00+00:00,ADI,231.4499969482422,231.4499969482422,231.52920532226562,231.4499969482422,231.47999572753906,542.0
2024-10-25 14:44:00+00:00,ADSK,286.409912109375,286.409912109375,286.409912109375,286.409912109375,286.409912109375,263.0
2024-10-25 14:44:00+00:00,AEHR,16.920000076293945,16.920000076293945,16.920000076293945,16.864999771118164,16.864999771118164,2506.0
2024-10-25 14:44:00+00:00,AFRM,41.4900016784668,41.4900016784668,41.5,41.4900016784668,41.4900016784668,1907.0
2024-10-25 14:44:00+00:00,AKAM,102.11000061035156,102.11000061035156,102.12000274658203,102.11000061035156,102.12000274658203,488.0
2024-10-25 14:44:00+00:00,ALGM,23.139999389648438,23.139999389648438,23.139999389648438,23.1200008392334,23.125,4277.0
2024-10-25 14:44:00+00:00,ALTR,103.7509994506836,103.7509994506836,103.7509994506836,103.7509994506836,103.7509994506836,389.0
2024-10-25 14:44:00+00:00,AMAT,187.39500427246094,187.39500427246094,187.39500427246094,187.39500427246094,187.39500427246094,449.0
2024-10-25 14:44:00+00:00,AMBA,58.17499923706055,58.17499923706055,58.17499923706055,58.17499923706055,58.17499923706055,277.0
2024-10-25 14:44:00+00:00,AMD,156.62989807128906,156.62989807128906,156.6300048828125,156.55999755859375,156.57000732421875,22140.0
2024-10-25 14:44:00+00:00,AMKR,30.010000228881836,30.010000228881836,30.034500122070312,30.010000228881836,30.034500122070312,2437.0
2024-10-25 14:44:00+00:00,AMPL,9.104999542236328,9.104999542236328,9.104999542236328,9.104999542236328,9.104999542236328,194.0
2024-10-25 14:44:00+00:00,API,2.880000114440918,2.880000114440918,2.880000114440918,2.880000114440918,2.880000114440918,307.0
2024-10-25 14:44:00+00:00,APP,161.58990478515625,161.58990478515625,161.58990478515625,161.4600067138672,161.52000427246094,2112.0
2024-10-25 14:44:00+00:00,APPF,212.03500366210938,212.03500366210938,212.03500366210938,211.85000610351562,211.86500549316406,1390.0
2024-10-25 14:44:00+00:00,APPN,32.17499923706055,32.17499923706055,32.17499923706055,32.15999984741211,32.15999984741211,686.0
2024-10-25 14:44:00+00:00,APPS,3.065000057220459,3.065000057220459,3.065000057220459,3.065000057220459,3.065000057220459,844.0
2024-10-25 14:44:00+00:00,ARRY,6.449999809265137,6.449999809265137,6.46999979019165,6.449999809265137,6.46999979019165,6370.0
2024-10-25 14:44:00+00:00,ASML,714.8400268554688,714.8400268554688,714.8400268554688,714.8400268554688,714.8400268554688,1081.0
2024-10-25 14:44:00+00:00,AUR,6.385000228881836,6.385000228881836,6.389999866485596,6.385000228881836,6.385000228881836,2376.0
2024-10-25 14:44:00+00:00,AUUD,0.6000999808311462,0.6000999808311462,0.6000999808311462,0.6000999808311462,0.6000999808311462,2350.0
2024-10-25 14:44:00+00:00,AVDX,8.135000228881836,8.135000228881836,8.140000343322754,8.135000228881836,8.140000343322754,1425.0
2024-10-25 14:44:00+00:00,AVGO,174.20249938964844,174.20249938964844,174.29989624023438,174.19000244140625,174.27000427246094,15446.0
2024-10-25 14:44:00+00:00,AVPT,11.925000190734863,11.925000190734863,11.925000190734863,11.925000190734863,11.925000190734863,310.0
2024-10-25 14:44:00+00:00,AVT,54.060001373291016,54.060001373291016,54.06999969482422,54.04999923706055,54.04999923706055,1016.0
2024-10-25 14:44:00+00:00,AZPN,238.55999755859375,238.55999755859375,238.72000122070312,238.35000610351562,238.35000610351562,1337.0
2024-10-25 14:44:00+00:00,BASE,16.243799209594727,16.243799209594727,16.243799209594727,16.243799209594727,16.243799209594727,144.0
2024-10-25 14:44:00+00:00,BL,56.3849983215332,56.3849983215332,56.3849983215332,56.3849983215332,56.3849983215332,389.0
2024-10-25 14:44:00+00:00,BMBL,7.085000038146973,7.085000038146973,7.085000038146973,7.080100059509277,7.080100059509277,1966.0
2024-10-25 14:44:00+00:00,BOSC,2.9798998832702637,2.9798998832702637,2.9798998832702637,2.9798998832702637,2.9798998832702637,58.0
2024-10-25 14:44:00+00:00,BOXL,0.4738999903202057,0.4738999903202057,0.4738999903202057,0.4738999903202057,0.4738999903202057,67.0
2024-10-25 14:44:00+00:00,BRZE,30.729999542236328,30.729999542236328,30.75,30.729999542236328,30.75,1899.0
2024-10-25 14:44:00+00:00,CAMP,11.055000305175781,11.055000305175781,11.055000305175781,11.055000305175781,11.055000305175781,101.0
2024-10-25 14:44:00+00:00,CAN,0.9804999828338623,0.9804999828338623,0.9804999828338623,0.9750999808311462,0.9754999876022339,3541.0
2024-10-25 14:44:00+00:00,CCSI,20.100000381469727,20.100000381469727,20.100000381469727,20.100000381469727,20.100000381469727,598.0
2024-10-25 14:44:00+00:00,CDNS,258.27960205078125,258.27960205078125,258.44000244140625,258.27960205078125,258.44000244140625,4233.0
2024-10-25 14:44:00+00:00,CDW,218.25999450683594,218.25999450683594,218.25999450683594,218.0500030517578,218.14999389648438,2604.0
2024-10-25 14:44:00+00:00,CFLT,22.600299835205078,22.600299835205078,22.604999542236328,22.59000015258789,22.601200103759766,3644.0
2024-10-25 14:44:00+00:00,CGNX,38.904998779296875,38.904998779296875,38.90999984741211,38.900001525878906,38.90999984741211,2281.0
2024-10-25 14:44:00+00:00,CHKP,206.61500549316406,206.61500549316406,206.75999450683594,206.61500549316406,206.75999450683594,625.0
2024-10-25 14:44:00+00:00,CLBT,18.229999542236328,18.229999542236328,18.229999542236328,18.219999313354492,18.219999313354492,417.0
2024-10-25 14:44:00+00:00,CLSK,11.78499984741211,11.78499984741211,11.8149995803833,11.779999732971191,11.790399551391602,42206.0
2024-10-25 14:44:00+00:00,CMTL,3.7300000190734863,3.7300000190734863,3.7300000190734863,3.7300000190734863,3.7300000190734863,332.0
2024-10-25 14:44:00+00:00,CNXC,44.52000045776367,44.52000045776367,44.52000045776367,44.45000076293945,44.45000076293945,2953.0
2024-10-25 14:44:00+00:00,COHR,95.70999908447266,95.70999908447266,95.74500274658203,95.70999908447266,95.74500274658203,2701.0
2024-10-25 14:44:00+00:00,COHU,26.020000457763672,26.020000457763672,26.020000457763672,26.020000457763672,26.020000457763672,222.0
2024-10-25 14:44:00+00:00,COIN,208.46499633789062,208.46499633789062,208.6999969482422,208.3000030517578,208.55999755859375,9593.0
2024-10-25 14:44:00+00:00,CORZ,13.375,13.375,13.385000228881836,13.375,13.385000228881836,3915.0
2024-10-25 14:44:00+00:00,CRCT,6.585000038146973,6.585000038146973,6.585000038146973,6.585000038146973,6.585000038146973,905.0
2024-10-25 14:44:00+00:00,CRDO,39.119998931884766,39.119998931884766,39.150001525878906,39.119998931884766,39.150001525878906,752.0
2024-10-25 14:44:00+00:00,CRNC,2.950000047683716,2.950000047683716,2.950000047683716,2.940000057220459,2.940000057220459,226.0
2024-10-25 14:44:00+00:00,CRUS,122.81999969482422,122.81999969482422,122.88999938964844,122.77999877929688,122.88999938964844,545.0
2024-10-25 14:44:00+00:00,CRWD,296.4599914550781,296.4599914550781,296.489990234375,296.0487060546875,296.2799987792969,6791.0
2024-10-25 14:44:00+00:00,CSCO,55.755001068115234,55.755001068115234,55.7599983215332,55.750099182128906,55.7599983215332,4530.0
2024-10-25 14:44:00+00:00,CSIQ,13.364999771118164,13.364999771118164,13.380000114440918,13.359999656677246,13.380000114440918,3920.0
2024-10-25 14:44:00+00:00,CTSH,74.73999786376953,74.73999786376953,74.73999786376953,74.73500061035156,74.73999786376953,1684.0
2024-10-25 14:44:00+00:00,DAKT,13.079999923706055,13.079999923706055,13.079999923706055,13.079999923706055,13.079999923706055,844.0
2024-10-25 14:44:00+00:00,DCBO,45.970001220703125,45.970001220703125,45.970001220703125,45.970001220703125,45.970001220703125,579.0
2024-10-25 14:44:00+00:00,DDOG,126.19999694824219,126.19999694824219,126.19999694824219,126.19999694824219,126.19999694824219,1424.0
2024-10-25 14:44:00+00:00,DOCU,68.81999969482422,68.81999969482422,68.87000274658203,68.81999969482422,68.87000274658203,7880.0
2024-10-25 14:44:00+00:00,DOMO,8.095000267028809,8.095000267028809,8.095000267028809,8.095000267028809,8.095000267028809,638.0
2024-10-25 14:44:00+00:00,DUOL,291.05999755859375,291.05999755859375,291.05999755859375,290.80999755859375,290.95001220703125,1402.0
2024-10-25 14:44:00+00:00,EEFT,100.29000091552734,100.29000091552734,100.29000091552734,100.29000091552734,100.29000091552734,342.0
2024-10-25 14:44:00+00:00,ENPH,83.8499984741211,83.8499984741211,83.8499984741211,83.78009796142578,83.78009796142578,3890.0
2024-10-25 14:44:00+00:00,ENTG,104.83999633789062,104.83999633789062,104.83999633789062,104.80999755859375,104.80999755859375,1963.0
2024-10-25 14:44:00+00:00,ERIC,8.454999923706055,8.454999923706055,8.454999923706055,8.454999923706055,8.454999923706055,1870.0
2024-10-25 14:44:00+00:00,EXLS,38.75,38.75,38.75,38.75,38.75,492.0
2024-10-25 14:44:00+00:00,EXTR,14.369999885559082,14.369999885559082,14.369999885559082,14.359999656677246,14.369999885559082,399.0
2024-10-25 14:44:00+00:00,FFIV,216.32000732421875,216.32000732421875,216.32000732421875,216.32000732421875,216.32000732421875,1771.0
2024-10-25 14:44:00+00:00,FIVN,29.899999618530273,29.899999618530273,29.899999618530273,29.899999618530273,29.899999618530273,1303.0
2024-10-25 14:44:00+00:00,FLEX,35.220001220703125,35.220001220703125,35.220001220703125,35.21500015258789,35.220001220703125,1758.0
2024-10-25 14:44:00+00:00,FLYW,17.290000915527344,17.290000915527344,17.290000915527344,17.290000915527344,17.290000915527344,819.0
2024-10-25 14:44:00+00:00,FORM,44.75,44.75,44.75,44.75,44.75,465.0
2024-10-25 14:44:00+00:00,FROG,29.28499984741211,29.28499984741211,29.28499984741211,29.28499984741211,29.28499984741211,104.0
2024-10-25 14:44:00+00:00,FRSH,11.619999885559082,11.619999885559082,11.625,11.619999885559082,11.625,787.0
2024-10-25 14:44:00+00:00,FSLR,198.32000732421875,198.32000732421875,198.32000732421875,198.32000732421875,198.32000732421875,1639.0
2024-10-25 14:44:00+00:00,FTNT,80.47000122070312,80.47000122070312,80.47000122070312,80.45999908447266,80.45999908447266,1749.0
2024-10-25 14:44:00+00:00,GCT,24.670000076293945,24.670000076293945,24.700000762939453,24.670000076293945,24.690000534057617,1353.0
2024-10-25 14:44:00+00:00,GDS,21.485000610351562,21.485000610351562,21.499900817871094,21.469999313354492,21.485000610351562,1694.0
2024-10-25 14:44:00+00:00,GFS,40.60499954223633,40.60499954223633,40.619998931884766,40.60499954223633,40.619998931884766,1148.0
2024-10-25 14:44:00+00:00,GPRO,1.315500020980835,1.315500020980835,1.315500020980835,1.315500020980835,1.315500020980835,602.0
2024-10-25 14:44:00+00:00,GRAB,4.089900016784668,4.089900016784668,4.090000152587891,4.079999923706055,4.085000038146973,70729.0
2024-10-25 14:44:00+00:00,GTLB,55.209999084472656,55.209999084472656,55.209999084472656,55.20000076293945,55.20500183105469,1864.0
2024-10-25 14:44:00+00:00,GVP,4.603300094604492,4.603300094604492,4.603300094604492,4.603300094604492,4.603300094604492,384.0
2024-10-25 14:44:00+00:00,HCKT,24.670000076293945,24.670000076293945,24.670000076293945,24.670000076293945,24.670000076293945,365.0
2024-10-25 14:44:00+00:00,HCP,33.654998779296875,33.654998779296875,33.654998779296875,33.650001525878906,33.654998779296875,1383.0
2024-10-25 14:44:00+00:00,HOLO,3.589900016784668,3.589900016784668,3.589900016784668,3.5850000381469727,3.5850000381469727,1131.0
2024-10-25 14:44:00+00:00,HOOD,27.225000381469727,27.225000381469727,27.2450008392334,27.225000381469727,27.235000610351562,5680.0
2024-10-25 14:44:00+00:00,IIIV,22.860000610351562,22.860000610351562,22.860000610351562,22.860000610351562,22.860000610351562,370.0
2024-10-25 14:44:00+00:00,IMMR,8.685500144958496,8.685500144958496,8.685500144958496,8.685500144958496,8.685500144958496,178.0
2024-10-25 14:44:00+00:00,IMXI,17.6200008392334,17.6200008392334,17.6200008392334,17.6200008392334,17.6200008392334,874.0
2024-10-25 14:44:00+00:00,INDI,3.490000009536743,3.490000009536743,3.490000009536743,3.490000009536743,3.490000009536743,474.0
2024-10-25 14:44:00+00:00,INFN,6.764999866485596,6.764999866485596,6.764999866485596,6.764999866485596,6.764999866485596,346.0
2024-10-25 14:44:00+00:00,INSG,20.165000915527344,20.165000915527344,20.165000915527344,20.165000915527344,20.165000915527344,40.0
2024-10-25 14:44:00+00:00,INTA,50.08000183105469,50.08000183105469,50.08000183105469,50.08000183105469,50.08000183105469,270.0
2024-10-25 14:44:00+00:00,INTC,22.954999923706055,22.954999923706055,22.959999084472656,22.95159912109375,22.959999084472656,42666.0
2024-10-25 14:44:00+00:00,INTU,608.7999877929688,608.7999877929688,609.0349731445312,608.7999877929688,609.0349731445312,803.0
2024-10-25 14:44:00+00:00,IPGP,77.31999969482422,77.31999969482422,77.31999969482422,77.31999969482422,77.31999969482422,592.0
2024-10-25 14:44:00+00:00,ITRI,102.76509857177734,102.76509857177734,102.76509857177734,102.71209716796875,102.73999786376953,2792.0
2024-10-25 14:44:00+00:00,ITRN,27.238399505615234,27.238399505615234,27.238399505615234,27.238399505615234,27.238399505615234,1188.0
2024-10-25 14:44:00+00:00,JKHY,182.4949951171875,182.4949951171875,182.50999450683594,182.4949951171875,182.5,2030.0
2024-10-25 14:44:00+00:00,KC,2.684999942779541,2.684999942779541,2.684999942779541,2.680000066757202,2.680000066757202,1194.0
2024-10-25 14:44:00+00:00,KLIC,44.59000015258789,44.59000015258789,44.59000015258789,44.59000015258789,44.59000015258789,711.0
2024-10-25 14:44:00+00:00,KOPN,0.7682999968528748,0.7682999968528748,0.7738999724388123,0.7682999968528748,0.7735999822616577,1712.0
2024-10-25 14:44:00+00:00,LASR,10.400300025939941,10.400300025939941,10.400300025939941,10.400300025939941,10.400300025939941,591.0
2024-10-25 14:44:00+00:00,LINK,4.829999923706055,4.829999923706055,4.829999923706055,4.829999923706055,4.829999923706055,207.0
2024-10-25 14:44:00+00:00,LITE,64.54499816894531,64.54499816894531,64.55999755859375,64.54499816894531,64.55999755859375,1210.0
2024-10-25 14:44:00+00:00,LPSN,1.1649999618530273,1.1649999618530273,1.1698999404907227,1.1649999618530273,1.1698999404907227,1099.0
2024-10-25 14:44:00+00:00,LRCX,78.51439666748047,78.51439666748047,78.54000091552734,78.4802017211914,78.51000213623047,20236.0
2024-10-25 14:44:00+00:00,LSCC,54.349998474121094,54.349998474121094,54.3849983215332,54.349998474121094,54.3849983215332,856.0
2024-10-25 14:44:00+00:00,LTRX,4.125,4.125,4.125,4.125,4.125,641.0
2024-10-25 14:44:00+00:00,LYFT,13.819999694824219,13.819999694824219,13.824999809265137,13.810099601745605,13.8149995803833,10978.0
2024-10-25 14:44:00+00:00,MAPS,0.8420000076293945,0.8420000076293945,0.8421000242233276,0.8420000076293945,0.8421000242233276,947.0
2024-10-25 14:44:00+00:00,MCHP,76.7699966430664,76.7699966430664,76.79000091552734,76.7699966430664,76.79000091552734,3879.0
2024-10-25 14:44:00+00:00,MDB,266.9100036621094,266.9100036621094,266.9100036621094,266.9100036621094,266.9100036621094,219.0
2024-10-25 14:44:00+00:00,MIND,3.537100076675415,3.537100076675415,3.5399999618530273,3.5350000858306885,3.5350000858306885,4416.0
2024-10-25 14:44:00+00:00,MITK,8.760000228881836,8.760000228881836,8.760000228881836,8.760000228881836,8.760000228881836,399.0
2024-10-25 14:44:00+00:00,MNDY,299.2900085449219,299.2900085449219,299.2900085449219,299.2900085449219,299.2900085449219,896.0
2024-10-25 14:44:00+00:00,MPWR,912.6950073242188,912.6950073242188,912.6950073242188,912.6950073242188,912.6950073242188,649.0
2024-10-25 14:44:00+00:00,MQ,5.315000057220459,5.315000057220459,5.320000171661377,5.309999942779541,5.3125,1521.0
2024-10-25 14:44:00+00:00,MRVL,82.23999786376953,82.23999786376953,82.27010345458984,82.2300033569336,82.25,5337.0
2024-10-25 14:44:00+00:00,MSFT,428.5159912109375,428.5159912109375,428.625,428.4800109863281,428.599609375,12864.0
2024-10-25 14:44:00+00:00,MSTR,236.64999389648438,236.64999389648438,237.0,236.33009338378906,236.33009338378906,37422.0
2024-10-25 14:44:00+00:00,MTSI,121.44000244140625,121.44000244140625,121.51000213623047,121.0,121.05000305175781,7092.0
2024-10-25 14:44:00+00:00,MTTR,4.590000152587891,4.590000152587891,4.590000152587891,4.590000152587891,4.590000152587891,876.0
2024-10-25 14:44:00+00:00,MU,108.69000244140625,108.69000244140625,108.77999877929688,108.68000030517578,108.7699966430664,19975.0
2024-10-25 14:44:00+00:00,MVIS,1.0850000381469727,1.0850000381469727,1.0885000228881836,1.0850000381469727,1.0885000228881836,1361.0
2024-10-25 14:44:00+00:00,MXL,14.899999618530273,14.899999618530273,14.899999618530273,14.890000343322754,14.890000343322754,2140.0
2024-10-25 14:44:00+00:00,NCNO,37.68000030517578,37.68000030517578,37.720001220703125,37.68000030517578,37.689998626708984,3852.0
2024-10-25 14:44:00+00:00,NICE,175.02499389648438,175.02499389648438,175.02499389648438,175.02499389648438,175.02499389648438,241.0
2024-10-25 14:44:00+00:00,NTAP,119.83000183105469,119.83000183105469,119.83000183105469,119.81999969482422,119.81999969482422,769.0
2024-10-25 14:44:00+00:00,NTCT,20.639999389648438,20.639999389648438,20.639999389648438,20.639999389648438,20.639999389648438,594.0
2024-10-25 14:44:00+00:00,NTNX,62.06999969482422,62.06999969482422,62.06999969482422,62.06999969482422,62.06999969482422,430.0
2024-10-25 14:44:00+00:00,NVDA,141.95989990234375,141.95989990234375,141.97999572753906,141.92010498046875,141.9600067138672,190968.0
2024-10-25 14:44:00+00:00,NVTS,2.5360000133514404,2.5360000133514404,2.5360000133514404,2.5339999198913574,2.5339999198913574,2643.0
2024-10-25 14:44:00+00:00,NXPI,243.77000427246094,243.77000427246094,243.7899932861328,243.75999450683594,243.75999450683594,890.0
2024-10-25 14:44:00+00:00,OKTA,72.26000213623047,72.26000213623047,72.27989959716797,72.26000213623047,72.2699966430664,2715.0
2024-10-25 14:44:00+00:00,ON,71.43000030517578,71.43000030517578,71.43000030517578,71.38999938964844,71.43000030517578,16749.0
2024-10-25 14:44:00+00:00,ONDS,0.84579998254776,0.84579998254776,0.8600999712944031,0.84579998254776,0.8600999712944031,4930.0
2024-10-25 14:44:00+00:00,OSIS,135.25999450683594,135.25999450683594,135.3699951171875,135.25999450683594,135.3699951171875,535.0
2024-10-25 14:44:00+00:00,PANW,366.7699890136719,366.7699890136719,366.7699890136719,366.7699890136719,366.7699890136719,959.0
2024-10-25 14:44:00+00:00,PEGA,79.69499969482422,79.69499969482422,79.8550033569336,79.61000061035156,79.80999755859375,10750.0
2024-10-25 14:44:00+00:00,PEGY,4.800000190734863,4.800000190734863,4.800000190734863,4.800000190734863,4.800000190734863,651.0
2024-10-25 14:44:00+00:00,PHUN,10.479000091552734,10.479000091552734,10.5,10.40999984741211,10.419699668884277,50457.0
2024-10-25 14:44:00+00:00,PI,203.19000244140625,203.19000244140625,203.19000244140625,203.19000244140625,203.19000244140625,1341.0
2024-10-25 14:44:00+00:00,POET,3.868000030517578,3.868000030517578,3.868000030517578,3.868000030517578,3.868000030517578,383.0
2024-10-25 14:44:00+00:00,POWI,63.630001068115234,63.630001068115234,63.630001068115234,63.630001068115234,63.630001068115234,340.0
2024-10-25 14:44:00+00:00,PRCH,1.315000057220459,1.315000057220459,1.315000057220459,1.315000057220459,1.315000057220459,583.0
2024-10-25 14:44:00+00:00,PTC,187.11500549316406,187.11500549316406,187.1199951171875,187.11500549316406,187.1199951171875,1803.0
2024-10-25 14:44:00+00:00,PUBM,14.75,14.75,14.75,14.75,14.75,248.0
2024-10-25 14:44:00+00:00,QCOM,171.23500061035156,171.23500061035156,171.25999450683594,171.2100067138672,171.24000549316406,5527.0
2024-10-25 14:44:00+00:00,QRVO,100.0,100.0,100.0,100.0,100.0,652.0
2024-10-25 14:44:00+00:00,RCAT,2.759999990463257,2.759999990463257,2.759999990463257,2.759999990463257,2.759999990463257,456.0
2024-10-25 14:44:00+00:00,RELY,14.84000015258789,14.84000015258789,14.84000015258789,14.829999923706055,14.829999923706055,507.0
2024-10-25 14:44:00+00:00,RGTI,1.23989999294281,1.23989999294281,1.23989999294281,1.2350000143051147,1.2350000143051147,1111.0
2024-10-25 14:44:00+00:00,RIOT,9.883999824523926,9.883999824523926,9.90999984741211,9.881199836730957,9.909899711608887,20522.0
2024-10-25 14:44:00+00:00,RMBS,43.38999938964844,43.38999938964844,43.39500045776367,43.380001068115234,43.380001068115234,1075.0
2024-10-25 14:44:00+00:00,RMNI,1.7110999822616577,1.7110999822616577,1.7110999822616577,1.7110999822616577,1.7110999822616577,117.0
2024-10-25 14:44:00+00:00,RPD,38.810001373291016,38.810001373291016,38.810001373291016,38.810001373291016,38.810001373291016,300.0
2024-10-25 14:44:00+00:00,RUM,5.765999794006348,5.765999794006348,5.765999794006348,5.764999866485596,5.764999866485596,513.0
2024-10-25 14:44:00+00:00,RUN,14.420000076293945,14.420000076293945,14.425000190734863,14.414999961853027,14.41670036315918,8514.0
2024-10-25 14:44:00+00:00,SATS,25.280000686645508,25.280000686645508,25.280000686645508,25.280000686645508,25.280000686645508,676.0
2024-10-25 14:44:00+00:00,SEDG,15.869999885559082,15.869999885559082,15.880000114440918,15.869999885559082,15.880000114440918,1337.0
2024-10-25 14:44:00+00:00,SHLS,5.264999866485596,5.264999866485596,5.264999866485596,5.255000114440918,5.255000114440918,8572.0
2024-10-25 14:44:00+00:00,SIMO,56.435001373291016,56.435001373291016,56.435001373291016,56.435001373291016,56.435001373291016,504.0
2024-10-25 14:44:00+00:00,SMCI,47.380001068115234,47.380001068115234,47.439998626708984,47.369998931884766,47.43000030517578,22685.0
2024-10-25 14:44:00+00:00,SNPS,502.5899963378906,502.5899963378906,502.6965026855469,502.5899963378906,502.6965026855469,4421.0
2024-10-25 14:44:00+00:00,SONO,12.71500015258789,12.71500015258789,12.71500015258789,12.704999923706055,12.704999923706055,2951.0
2024-10-25 14:44:00+00:00,SOUN,5.184999942779541,5.184999942779541,5.190000057220459,5.184800148010254,5.190000057220459,7240.0
2024-10-25 14:44:00+00:00,SPSC,170.8300018310547,170.8300018310547,170.8300018310547,170.8300018310547,170.8300018310547,235.0
2024-10-25 14:44:00+00:00,SSNC,69.6449966430664,69.6449966430664,69.6500015258789,69.60890197753906,69.60890197753906,8154.0
2024-10-25 14:44:00+00:00,SSYS,7.03000020980835,7.03000020980835,7.03000020980835,7.03000020980835,7.03000020980835,1738.0
2024-10-25 14:44:00+00:00,STNE,11.550999641418457,11.550999641418457,11.555000305175781,11.550999641418457,11.555000305175781,753.0
2024-10-25 14:44:00+00:00,STX,103.66000366210938,103.66000366210938,103.66500091552734,103.6500015258789,103.66000366210938,1270.0
2024-10-25 14:44:00+00:00,SURG,1.7401000261306763,1.7401000261306763,1.7401000261306763,1.7401000261306763,1.7401000261306763,350.0
2024-10-25 14:44:00+00:00,SVRE,0.07779999822378159,0.07779999822378159,0.07779999822378159,0.07779999822378159,0.07779999822378159,5262.0
2024-10-25 14:44:00+00:00,SWKS,95.97000122070312,95.97000122070312,96.0,95.94999694824219,95.99500274658203,1384.0
2024-10-25 14:44:00+00:00,SYTA,1.3106000423431396,1.3106000423431396,1.315000057220459,1.3106000423431396,1.315000057220459,701.0
2024-10-25 14:44:00+00:00,TEAM,189.25,189.25,189.27000427246094,189.25,189.27000427246094,1755.0
2024-10-25 14:44:00+00:00,TENB,41.709999084472656,41.709999084472656,41.709999084472656,41.68000030517578,41.68000030517578,640.0
2024-10-25 14:44:00+00:00,TER,112.11000061035156,112.11000061035156,112.18000030517578,112.11000061035156,112.18000030517578,4634.0
2024-10-25 14:44:00+00:00,TLS,3.5950000286102295,3.5950000286102295,3.5950000286102295,3.5950000286102295,3.5950000286102295,24.0
2024-10-25 14:44:00+00:00,TTD,119.0,119.0,119.0199966430664,118.9800033569336,118.98999786376953,3325.0
2024-10-25 14:44:00+00:00,TWKS,4.445000171661377,4.445000171661377,4.445000171661377,4.440000057220459,4.440000057220459,866.0
2024-10-25 14:44:00+00:00,TXN,207.8300018310547,207.8300018310547,207.86000061035156,207.77999877929688,207.86000061035156,4586.0
2024-10-25 14:44:00+00:00,VERI,3.4154999256134033,3.4154999256134033,3.4154999256134033,3.4154999256134033,3.4154999256134033,100.0
2024-10-25 14:44:00+00:00,VERX,42.130001068115234,42.130001068115234,42.130001068115234,42.130001068115234,42.130001068115234,510.0
2024-10-25 14:44:00+00:00,VIAV,9.210000038146973,9.210000038146973,9.210000038146973,9.204999923706055,9.204999923706055,859.0
2024-10-25 14:44:00+00:00,VICR,46.61000061035156,46.61000061035156,46.61000061035156,46.56999969482422,46.58000183105469,945.0
2024-10-25 14:44:00+00:00,VMEO,4.760000228881836,4.760000228881836,4.760000228881836,4.760000228881836,4.760000228881836,652.0
2024-10-25 14:44:00+00:00,VNET,3.424999952316284,3.424999952316284,3.424999952316284,3.4200000762939453,3.4200000762939453,821.0
2024-10-25 14:44:00+00:00,VRNS,56.82500076293945,56.82500076293945,56.82500076293945,56.81100082397461,56.82500076293945,556.0
2024-10-25 14:44:00+00:00,VRNT,21.920000076293945,21.920000076293945,21.940000534057617,21.920000076293945,21.940000534057617,269.0
2024-10-25 14:44:00+00:00,VS,2.509999990463257,2.509999990463257,2.509999990463257,2.509999990463257,2.509999990463257,1272.0
2024-10-25 14:44:00+00:00,VSAT,10.180000305175781,10.180000305175781,10.180000305175781,10.180000305175781,10.180000305175781,1464.0
2024-10-25 14:44:00+00:00,WATT,0.5910000205039978,0.5910000205039978,0.5949000120162964,0.5910000205039978,0.5949000120162964,2711.0
2024-10-25 14:44:00+00:00,WDAY,238.36000061035156,238.36000061035156,238.63999938964844,238.36000061035156,238.63999938964844,4980.0
2024-10-25 14:44:00+00:00,WDC,70.30000305175781,70.30000305175781,70.375,70.27999877929688,70.375,9644.0
2024-10-25 14:44:00+00:00,WISA,2.0304999351501465,2.0304999351501465,2.049999952316284,2.0299999713897705,2.0409998893737793,5466.0
2024-10-25 14:44:00+00:00,WIX,164.8800048828125,164.8800048828125,164.8800048828125,164.8800048828125,164.8800048828125,329.0
2024-10-25 14:44:00+00:00,XRX,10.015000343322754,10.015000343322754,10.020000457763672,10.010000228881836,10.010000228881836,1014.0
2024-10-25 14:44:00+00:00,ZI,10.520000457763672,10.520000457763672,10.520000457763672,10.520000457763672,10.520000457763672,7426.0
2024-10-25 14:44:00+00:00,ZM,72.95999908447266,72.95999908447266,73.04499816894531,72.95999908447266,73.04499816894531,15733.0
2024-10-25 14:45:00+00:00,AAPL,231.86000061035156,231.86000061035156,231.86990356445312,231.7415008544922,231.75,21054.0
2024-10-25 14:45:00+00:00,ACMR,19.649999618530273,19.649999618530273,19.649999618530273,19.649999618530273,19.649999618530273,249.0
2024-10-25 14:45:00+00:00,ADBE,483.6499938964844,483.6499938964844,483.6499938964844,483.4700012207031,483.4700012207031,1234.0
2024-10-25 14:45:00+00:00,ADI,231.52999877929688,231.52999877929688,231.52999877929688,231.49000549316406,231.49000549316406,1576.0
2024-10-25 14:45:00+00:00,ADSK,286.2550048828125,286.2550048828125,286.2550048828125,286.2550048828125,286.2550048828125,1259.0
2024-10-25 14:45:00+00:00,AEHR,16.8700008392334,16.8700008392334,16.90999984741211,16.8700008392334,16.90999984741211,3184.0
2024-10-25 14:45:00+00:00,AFRM,41.560001373291016,41.560001373291016,41.560001373291016,41.5,41.5,25795.0
2024-10-25 14:45:00+00:00,AKAM,102.1500015258789,102.1500015258789,102.1500015258789,102.12000274658203,102.12000274658203,701.0
2024-10-25 14:45:00+00:00,AKTS,0.05939999967813492,0.05939999967813492,0.05950000137090683,0.05939999967813492,0.05950000137090683,7047.0
2024-10-25 14:45:00+00:00,ALGM,23.110000610351562,23.110000610351562,23.1299991607666,23.110000610351562,23.1200008392334,3542.0
2024-10-25 14:45:00+00:00,ALRM,54.61000061035156,54.61000061035156,54.61000061035156,54.61000061035156,54.61000061035156,1338.0
2024-10-25 14:45:00+00:00,ALTR,103.80000305175781,103.80000305175781,103.80000305175781,103.80000305175781,103.80000305175781,122.0
2024-10-25 14:45:00+00:00,AMAT,187.41000366210938,187.41000366210938,187.4600067138672,187.41000366210938,187.4149932861328,3675.0
2024-10-25 14:45:00+00:00,AMD,156.60000610351562,156.60000610351562,156.64999389648438,156.56939697265625,156.64999389648438,26317.0
2024-10-25 14:45:00+00:00,AMKR,30.030000686645508,30.030000686645508,30.030000686645508,30.030000686645508,30.030000686645508,626.0
2024-10-25 14:45:00+00:00,API,2.880000114440918,2.880000114440918,2.880000114440918,2.875,2.875,400.0
2024-10-25 14:45:00+00:00,APP,161.58999633789062,161.58999633789062,161.58999633789062,161.47000122070312,161.47000122070312,3075.0
2024-10-25 14:45:00+00:00,APPF,211.89500427246094,211.89500427246094,211.89500427246094,211.89500427246094,211.89500427246094,2054.0
2024-10-25 14:45:00+00:00,ARBE,1.843500018119812,1.843500018119812,1.843500018119812,1.843500018119812,1.843500018119812,340.0
2024-10-25 14:45:00+00:00,ARRY,6.449999809265137,6.449999809265137,6.460000038146973,6.449999809265137,6.454999923706055,10264.0
2024-10-25 14:45:00+00:00,ASML,714.9600219726562,714.9600219726562,714.9600219726562,714.9500122070312,714.9500122070312,1234.0
2024-10-25 14:45:00+00:00,ASNS,1.309499979019165,1.309499979019165,1.309499979019165,1.309499979019165,1.309499979019165,266.0
2024-10-25 14:45:00+00:00,AUDC,9.069000244140625,9.069000244140625,9.069000244140625,9.039999961853027,9.039999961853027,374.0
2024-10-25 14:45:00+00:00,AUR,6.385000228881836,6.385000228881836,6.385000228881836,6.380000114440918,6.385000228881836,3157.0
2024-10-25 14:45:00+00:00,AVDX,8.130000114440918,8.130000114440918,8.135000228881836,8.125,8.135000228881836,4846.0
2024-10-25 14:45:00+00:00,AVGO,174.35000610351562,174.35000610351562,174.35000610351562,174.1800994873047,174.1800994873047,10402.0
2024-10-25 14:45:00+00:00,AVPT,11.920000076293945,11.920000076293945,11.920000076293945,11.920000076293945,11.920000076293945,187.0
2024-10-25 14:45:00+00:00,AVT,54.04499816894531,54.04499816894531,54.04499816894531,54.04499816894531,54.04499816894531,445.0
2024-10-25 14:45:00+00:00,AZPN,237.9499969482422,237.9499969482422,237.9499969482422,237.9499969482422,237.9499969482422,741.0
2024-10-25 14:45:00+00:00,BAND,17.75,17.75,17.75,17.709999084472656,17.709999084472656,1308.0
2024-10-25 14:45:00+00:00,BCOV,2.259999990463257,2.259999990463257,2.2699999809265137,2.259999990463257,2.265000104904175,52142.0
2024-10-25 14:45:00+00:00,BIGC,5.300099849700928,5.300099849700928,5.300099849700928,5.300099849700928,5.300099849700928,774.0
2024-10-25 14:45:00+00:00,BSY,49.2400016784668,49.2400016784668,49.25,49.2400016784668,49.25,717.0
2024-10-25 14:45:00+00:00,CAMT,77.53500366210938,77.53500366210938,77.54499816894531,77.53500366210938,77.54499816894531,690.0
2024-10-25 14:45:00+00:00,CAN,0.9750999808311462,0.9750999808311462,0.9807000160217285,0.9750999808311462,0.9807000160217285,24350.0
2024-10-25 14:45:00+00:00,CDNS,258.2250061035156,258.2250061035156,258.2250061035156,258.2250061035156,258.2250061035156,504.0
2024-10-25 14:45:00+00:00,CETX,0.30379998683929443,0.30379998683929443,0.30379998683929443,0.30379998683929443,0.30379998683929443,1501.0
2024-10-25 14:45:00+00:00,CFLT,22.594999313354492,22.594999313354492,22.594999313354492,22.579999923706055,22.59000015258789,2524.0
2024-10-25 14:45:00+00:00,CGNX,38.90999984741211,38.90999984741211,38.90999984741211,38.904998779296875,38.904998779296875,438.0
2024-10-25 14:45:00+00:00,CHKP,206.59500122070312,206.59500122070312,206.59500122070312,206.59500122070312,206.59500122070312,379.0
2024-10-25 14:45:00+00:00,CLBT,18.229999542236328,18.229999542236328,18.229999542236328,18.229999542236328,18.229999542236328,1905.0
2024-10-25 14:45:00+00:00,CLSK,11.760000228881836,11.760000228881836,11.78600025177002,11.75,11.774999618530273,43574.0
2024-10-25 14:45:00+00:00,CNXC,44.548099517822266,44.548099517822266,44.548099517822266,44.548099517822266,44.548099517822266,274.0
2024-10-25 14:45:00+00:00,COHR,95.77999877929688,95.77999877929688,95.77999877929688,95.69499969482422,95.69499969482422,6400.0
2024-10-25 14:45:00+00:00,COIN,208.27000427246094,208.27000427246094,208.47999572753906,208.04710388183594,208.47999572753906,16517.0
2024-10-25 14:45:00+00:00,CORZ,13.375,13.375,13.375,13.369999885559082,13.375,5406.0
2024-10-25 14:45:00+00:00,CPSH,1.4199999570846558,1.4199999570846558,1.4199999570846558,1.4199999570846558,1.4199999570846558,199.0
2024-10-25 14:45:00+00:00,CRCT,6.590000152587891,6.590000152587891,6.590000152587891,6.585000038146973,6.585000038146973,517.0
2024-10-25 14:45:00+00:00,CRDO,39.15999984741211,39.15999984741211,39.15999984741211,39.15999984741211,39.15999984741211,1367.0
2024-10-25 14:45:00+00:00,CRNC,2.944999933242798,2.944999933242798,2.944999933242798,2.944999933242798,2.944999933242798,321.0
2024-10-25 14:45:00+00:00,CRNT,2.4749999046325684,2.4749999046325684,2.4781999588012695,2.4749999046325684,2.4781999588012695,4556.0
2024-10-25 14:45:00+00:00,CRSR,6.34499979019165,6.34499979019165,6.34499979019165,6.34499979019165,6.34499979019165,118.0
2024-10-25 14:45:00+00:00,CRUS,123.02989959716797,123.02989959716797,123.02989959716797,123.02989959716797,123.02989959716797,624.0
2024-10-25 14:45:00+00:00,CRWD,296.70001220703125,296.70001220703125,296.70001220703125,296.3304138183594,296.4200134277344,9784.0
2024-10-25 14:45:00+00:00,CSCO,55.77000045776367,55.77000045776367,55.775001525878906,55.755001068115234,55.755001068115234,13833.0
2024-10-25 14:45:00+00:00,CSIQ,13.350000381469727,13.350000381469727,13.364999771118164,13.350000381469727,13.362000465393066,2671.0
2024-10-25 14:45:00+00:00,CTSH,74.75,74.75,74.76000213623047,74.75,74.75,2789.0
2024-10-25 14:45:00+00:00,DBX,26.06999969482422,26.06999969482422,26.06999969482422,26.065000534057617,26.06999969482422,2791.0
2024-10-25 14:45:00+00:00,DDOG,126.29000091552734,126.29000091552734,126.29000091552734,126.2249984741211,126.2249984741211,3159.0
2024-10-25 14:45:00+00:00,DGII,30.09749984741211,30.09749984741211,30.1200008392334,30.09749984741211,30.110000610351562,906.0
2024-10-25 14:45:00+00:00,DIOD,65.28500366210938,65.28500366210938,65.30000305175781,65.28500366210938,65.30000305175781,2195.0
2024-10-25 14:45:00+00:00,DLO,8.859999656677246,8.859999656677246,8.859999656677246,8.859999656677246,8.859999656677246,761.0
2024-10-25 14:45:00+00:00,DOCU,68.81999969482422,68.81999969482422,68.83599853515625,68.7699966430664,68.79499816894531,13475.0
2024-10-25 14:45:00+00:00,DOX,89.37000274658203,89.37000274658203,89.375,89.37000274658203,89.37000274658203,588.0
2024-10-25 14:45:00+00:00,DTSS,2.4600000381469727,2.4600000381469727,2.4600000381469727,2.4600000381469727,2.4600000381469727,89.0
2024-10-25 14:45:00+00:00,DUOL,291.1000061035156,291.1000061035156,291.239990234375,291.1000061035156,291.239990234375,1102.0
2024-10-25 14:45:00+00:00,EEFT,100.30000305175781,100.30000305175781,100.30000305175781,100.30000305175781,100.30000305175781,564.0
2024-10-25 14:45:00+00:00,ENPH,83.81999969482422,83.81999969482422,83.83000183105469,83.76000213623047,83.83000183105469,5108.0
2024-10-25 14:45:00+00:00,ENTG,104.77999877929688,104.77999877929688,104.79000091552734,104.7300033569336,104.76499938964844,4873.0
2024-10-25 14:45:00+00:00,ERIC,8.454999923706055,8.454999923706055,8.454999923706055,8.454999923706055,8.454999923706055,1266.0
2024-10-25 14:45:00+00:00,EXLS,38.760101318359375,38.760101318359375,38.760101318359375,38.755001068115234,38.755001068115234,383.0
2024-10-25 14:45:00+00:00,EXTR,14.380000114440918,14.380000114440918,14.380000114440918,14.364999771118164,14.369999885559082,1317.0
2024-10-25 14:45:00+00:00,FCUV,0.25060001015663147,0.25060001015663147,0.2581000030040741,0.25060001015663147,0.2581000030040741,32908.0
2024-10-25 14:45:00+00:00,FIVN,29.899999618530273,29.899999618530273,29.899999618530273,29.899999618530273,29.899999618530273,1072.0
2024-10-25 14:45:00+00:00,FLEX,35.220001220703125,35.220001220703125,35.220001220703125,35.21500015258789,35.21500015258789,982.0
2024-10-25 14:45:00+00:00,FLYW,17.299999237060547,17.299999237060547,17.299999237060547,17.299999237060547,17.299999237060547,535.0
2024-10-25 14:45:00+00:00,FRGT,1.9179999828338623,1.9179999828338623,1.9179999828338623,1.9179999828338623,1.9179999828338623,351.0
2024-10-25 14:45:00+00:00,FROG,29.290000915527344,29.290000915527344,29.290000915527344,29.290000915527344,29.290000915527344,245.0
2024-10-25 14:45:00+00:00,FRSH,11.625,11.625,11.625,11.625,11.625,410.0
2024-10-25 14:45:00+00:00,FSLR,198.33999633789062,198.33999633789062,198.33999633789062,198.3300018310547,198.3300018310547,1269.0
2024-10-25 14:45:00+00:00,FTNT,80.44000244140625,80.44000244140625,80.45999908447266,80.44000244140625,80.45999908447266,1902.0
2024-10-25 14:45:00+00:00,GCT,24.700000762939453,24.700000762939453,24.700000762939453,24.700000762939453,24.700000762939453,523.0
2024-10-25 14:45:00+00:00,GDS,21.485000610351562,21.485000610351562,21.5,21.485000610351562,21.489999771118164,985.0
2024-10-25 14:45:00+00:00,GILT,4.934999942779541,4.934999942779541,4.934999942779541,4.934999942779541,4.934999942779541,189.0
2024-10-25 14:45:00+00:00,GRAB,4.089799880981445,4.089799880981445,4.090000152587891,4.079999923706055,4.082600116729736,44289.0
2024-10-25 14:45:00+00:00,HCKT,24.661500930786133,24.661500930786133,24.661500930786133,24.661500930786133,24.661500930786133,426.0
2024-10-25 14:45:00+00:00,HCP,33.654998779296875,33.654998779296875,33.654998779296875,33.654998779296875,33.654998779296875,252.0
2024-10-25 14:45:00+00:00,HEAR,16.489999771118164,16.489999771118164,16.489999771118164,16.489999771118164,16.489999771118164,989.0
2024-10-25 14:45:00+00:00,HOLO,3.5850000381469727,3.5850000381469727,3.5899999141693115,3.5799999237060547,3.5799999237060547,2444.0
2024-10-25 14:45:00+00:00,HOOD,27.209999084472656,27.209999084472656,27.219999313354492,27.209999084472656,27.21500015258789,4007.0
2024-10-25 14:45:00+00:00,ICHR,27.610000610351562,27.610000610351562,27.610000610351562,27.610000610351562,27.610000610351562,509.0
2024-10-25 14:45:00+00:00,III,3.053999900817871,3.053999900817871,3.053999900817871,3.0499000549316406,3.049999952316284,9669.0
2024-10-25 14:45:00+00:00,IIIV,22.899999618530273,22.899999618530273,22.899999618530273,22.899999618530273,22.899999618530273,416.0
2024-10-25 14:45:00+00:00,IMMR,8.687999725341797,8.687999725341797,8.6899995803833,8.687999725341797,8.6899995803833,870.0
2024-10-25 14:45:00+00:00,IMOS,22.399999618530273,22.399999618530273,22.399999618530273,22.399999618530273,22.399999618530273,76.0
2024-10-25 14:45:00+00:00,INDI,3.490000009536743,3.490000009536743,3.494999885559082,3.490000009536743,3.490000009536743,830.0
2024-10-25 14:45:00+00:00,INTA,50.08000183105469,50.08000183105469,50.08000183105469,50.08000183105469,50.08000183105469,221.0
2024-10-25 14:45:00+00:00,INTC,22.94879913330078,22.94879913330078,22.959999084472656,22.940000534057617,22.952600479125977,61414.0
2024-10-25 14:45:00+00:00,INTU,609.0399780273438,609.0399780273438,609.0399780273438,608.7999877929688,608.7999877929688,948.0
2024-10-25 14:45:00+00:00,ITI,7.195000171661377,7.195000171661377,7.195000171661377,7.195000171661377,7.195000171661377,312.0
2024-10-25 14:45:00+00:00,KC,2.680000066757202,2.680000066757202,2.680000066757202,2.680000066757202,2.680000066757202,219.0
2024-10-25 14:45:00+00:00,KOPN,0.7757999897003174,0.7757999897003174,0.7757999897003174,0.7757999897003174,0.7757999897003174,16000.0
2024-10-25 14:45:00+00:00,LITE,64.54499816894531,64.54499816894531,64.55000305175781,64.5199966430664,64.55000305175781,624.0
2024-10-25 14:45:00+00:00,LOGI,80.7699966430664,80.7699966430664,80.7699966430664,80.7699966430664,80.7699966430664,1092.0
2024-10-25 14:45:00+00:00,LRCX,78.58000183105469,78.58000183105469,78.58000183105469,78.5199966430664,78.52989959716797,15390.0
2024-10-25 14:45:00+00:00,LSCC,54.375,54.375,54.380001068115234,54.349998474121094,54.35499954223633,5371.0
2024-10-25 14:45:00+00:00,LYFT,13.8149995803833,13.8149995803833,13.8149995803833,13.8100004196167,13.8149995803833,5040.0
2024-10-25 14:45:00+00:00,MAPS,0.8420000076293945,0.8420000076293945,0.8420000076293945,0.8420000076293945,0.8420000076293945,3289.0
2024-10-25 14:45:00+00:00,MCHP,76.79000091552734,76.79000091552734,76.79000091552734,76.7699966430664,76.79000091552734,3460.0
2024-10-25 14:45:00+00:00,MDB,266.9800109863281,266.9800109863281,266.989990234375,266.9049987792969,266.9049987792969,865.0
2024-10-25 14:45:00+00:00,MINM,0.6499999761581421,0.6499999761581421,0.6499999761581421,0.6499999761581421,0.6499999761581421,2000.0
2024-10-25 14:45:00+00:00,MITK,8.760000228881836,8.760000228881836,8.760000228881836,8.760000228881836,8.760000228881836,102.0
2024-10-25 14:45:00+00:00,MNDY,298.9700012207031,298.9700012207031,298.9700012207031,298.8699951171875,298.8699951171875,2330.0
2024-10-25 14:45:00+00:00,MQ,5.315999984741211,5.315999984741211,5.320000171661377,5.309999942779541,5.320000171661377,5165.0
2024-10-25 14:45:00+00:00,MRAM,6.329999923706055,6.329999923706055,6.329999923706055,6.329999923706055,6.329999923706055,301.0
2024-10-25 14:45:00+00:00,MRVL,82.26000213623047,82.26000213623047,82.26499938964844,82.21499633789062,82.25,4788.0
2024-10-25 14:45:00+00:00,MSFT,428.67999267578125,428.67999267578125,428.67999267578125,428.55999755859375,428.5870056152344,6648.0
2024-10-25 14:45:00+00:00,MSTR,236.52000427246094,236.52000427246094,236.79989624023438,236.0500030517578,236.55999755859375,38834.0
2024-10-25 14:45:00+00:00,MTLS,5.929999828338623,5.929999828338623,5.929999828338623,5.929999828338623,5.929999828338623,406.0
2024-10-25 14:45:00+00:00,MTSI,121.2750015258789,121.2750015258789,121.33000183105469,121.20999908447266,121.31999969482422,3049.0
2024-10-25 14:45:00+00:00,MTTR,4.59499979019165,4.59499979019165,4.59499979019165,4.590000152587891,4.590000152587891,1921.0
2024-10-25 14:45:00+00:00,MU,108.71900177001953,108.71900177001953,108.73989868164062,108.66000366210938,108.66000366210938,16094.0
2024-10-25 14:45:00+00:00,MVIS,1.090000033378601,1.090000033378601,1.090000033378601,1.090000033378601,1.090000033378601,106.0
2024-10-25 14:45:00+00:00,MXL,14.895000457763672,14.895000457763672,14.895000457763672,14.895000457763672,14.895000457763672,398.0
2024-10-25 14:45:00+00:00,NICE,175.1300048828125,175.1300048828125,175.1300048828125,175.1300048828125,175.1300048828125,101.0
2024-10-25 14:45:00+00:00,NOVT,173.4550018310547,173.4550018310547,173.4550018310547,173.4550018310547,173.4550018310547,203.0
2024-10-25 14:45:00+00:00,NTAP,119.83999633789062,119.83999633789062,119.83999633789062,119.81999969482422,119.81999969482422,1645.0
2024-10-25 14:45:00+00:00,NTNX,62.0890007019043,62.0890007019043,62.0890007019043,62.06999969482422,62.06999969482422,1230.0
2024-10-25 14:45:00+00:00,NVDA,142.02940368652344,142.02940368652344,142.02999877929688,141.92999267578125,141.9499969482422,192844.0
2024-10-25 14:45:00+00:00,NVTS,2.5299999713897705,2.5299999713897705,2.5350000858306885,2.5299999713897705,2.5350000858306885,296.0
2024-10-25 14:45:00+00:00,NXPI,243.72999572753906,243.72999572753906,243.83999633789062,243.72999572753906,243.77000427246094,1885.0
2024-10-25 14:45:00+00:00,OKTA,72.25050354003906,72.25050354003906,72.25050354003906,72.25050354003906,72.25050354003906,697.0
2024-10-25 14:45:00+00:00,ON,71.44999694824219,71.44999694824219,71.45999908447266,71.3499984741211,71.44000244140625,21121.0
2024-10-25 14:45:00+00:00,ONDS,0.8370000123977661,0.8370000123977661,0.8370000123977661,0.8370000123977661,0.8370000123977661,1312.0
2024-10-25 14:45:00+00:00,OSIS,135.25,135.25,135.36500549316406,135.25,135.36500549316406,1044.0
2024-10-25 14:45:00+00:00,OSPN,14.59000015258789,14.59000015258789,14.59000015258789,14.59000015258789,14.59000015258789,280.0
2024-10-25 14:45:00+00:00,PANW,366.9750061035156,366.9750061035156,367.0299987792969,366.7850036621094,366.81500244140625,1889.0
2024-10-25 14:45:00+00:00,PAYO,8.324999809265137,8.324999809265137,8.324999809265137,8.324999809265137,8.324999809265137,927.0
2024-10-25 14:45:00+00:00,PAYS,3.7200000286102295,3.7200000286102295,3.7200000286102295,3.7100000381469727,3.7100000381469727,523.0
2024-10-25 14:45:00+00:00,PGY,11.8149995803833,11.8149995803833,11.829999923706055,11.8149995803833,11.829999923706055,1115.0
2024-10-25 14:45:00+00:00,PHUN,10.520000457763672,10.520000457763672,10.59000015258789,10.47439956665039,10.47439956665039,88393.0
2024-10-25 14:45:00+00:00,PI,202.27499389648438,202.27499389648438,203.02000427246094,202.27499389648438,203.02000427246094,2027.0
2024-10-25 14:45:00+00:00,PRTH,5.300000190734863,5.300000190734863,5.300000190734863,5.300000190734863,5.300000190734863,625.0
2024-10-25 14:45:00+00:00,PTC,187.00999450683594,187.00999450683594,187.0500030517578,187.00999450683594,187.0500030517578,753.0
2024-10-25 14:45:00+00:00,PYCR,14.329999923706055,14.329999923706055,14.329999923706055,14.319999694824219,14.32509994506836,1750.0
2024-10-25 14:45:00+00:00,QCOM,171.22000122070312,171.22000122070312,171.22000122070312,171.1999969482422,171.22000122070312,3472.0
2024-10-25 14:45:00+00:00,QLYS,120.93000030517578,120.93000030517578,120.93000030517578,120.93000030517578,120.93000030517578,309.0
2024-10-25 14:45:00+00:00,QRVO,100.01499938964844,100.01499938964844,100.01499938964844,100.00499725341797,100.00499725341797,1018.0
2024-10-25 14:45:00+00:00,QUBT,1.0800000429153442,1.0800000429153442,1.0850000381469727,1.0800000429153442,1.0850000381469727,14741.0
2024-10-25 14:45:00+00:00,RCAT,2.762500047683716,2.762500047683716,2.762500047683716,2.759999990463257,2.7600998878479004,3757.0
2024-10-25 14:45:00+00:00,REKR,1.087399959564209,1.087399959564209,1.087399959564209,1.087399959564209,1.087399959564209,337.0
2024-10-25 14:45:00+00:00,RELY,14.854999542236328,14.854999542236328,14.854999542236328,14.84000015258789,14.84000015258789,2052.0
2024-10-25 14:45:00+00:00,RGTI,1.2307000160217285,1.2307000160217285,1.2307000160217285,1.2307000160217285,1.2307000160217285,6029.0
2024-10-25 14:45:00+00:00,RGTIW,0.1599999964237213,0.1599999964237213,0.1599999964237213,0.1599999964237213,0.1599999964237213,1934.0
2024-10-25 14:45:00+00:00,RIOT,9.879899978637695,9.879899978637695,9.885000228881836,9.869999885559082,9.885000228881836,39507.0
2024-10-25 14:45:00+00:00,RMBS,43.38999938964844,43.38999938964844,43.38999938964844,43.375,43.375,1918.0
2024-10-25 14:45:00+00:00,RMNI,1.7200000286102295,1.7200000286102295,1.7200000286102295,1.715000033378601,1.7200000286102295,1224.0
2024-10-25 14:45:00+00:00,RUN,14.425000190734863,14.425000190734863,14.425000190734863,14.420000076293945,14.420000076293945,2203.0
2024-10-25 14:45:00+00:00,SATS,25.309999465942383,25.309999465942383,25.309999465942383,25.290000915527344,25.290000915527344,550.0
2024-10-25 14:45:00+00:00,SEDG,15.880000114440918,15.880000114440918,15.880000114440918,15.869999885559082,15.869999885559082,4147.0
2024-10-25 14:45:00+00:00,SIMO,56.435001373291016,56.435001373291016,56.470001220703125,56.435001373291016,56.470001220703125,760.0
2024-10-25 14:45:00+00:00,SLNHP,13.09000015258789,13.09000015258789,13.09000015258789,13.09000015258789,13.09000015258789,1431.0
2024-10-25 14:45:00+00:00,SMCI,47.38999938964844,47.38999938964844,47.399898529052734,47.36000061035156,47.38999938964844,19160.0
2024-10-25 14:45:00+00:00,SMTC,45.84000015258789,45.84000015258789,45.84000015258789,45.84000015258789,45.84000015258789,149.0
2024-10-25 14:45:00+00:00,SNCR,10.570099830627441,10.570099830627441,10.570099830627441,10.570099830627441,10.570099830627441,107.0
2024-10-25 14:45:00+00:00,SONO,12.710000038146973,12.710000038146973,12.71500015258789,12.710000038146973,12.71500015258789,1228.0
2024-10-25 14:45:00+00:00,SOUN,5.184999942779541,5.184999942779541,5.190000057220459,5.179999828338623,5.184999942779541,2175.0
2024-10-25 14:45:00+00:00,SSNC,69.7300033569336,69.7300033569336,69.7300033569336,69.6449966430664,69.6449966430664,4296.0
2024-10-25 14:45:00+00:00,STNE,11.550000190734863,11.550000190734863,11.555000305175781,11.550000190734863,11.555000305175781,1685.0
2024-10-25 14:45:00+00:00,STX,103.69000244140625,103.69000244140625,103.69000244140625,103.66000366210938,103.66500091552734,1609.0
2024-10-25 14:45:00+00:00,SURG,1.7419999837875366,1.7419999837875366,1.7419999837875366,1.7419999837875366,1.7419999837875366,95.0
2024-10-25 14:45:00+00:00,SVRE,0.07779999822378159,0.07779999822378159,0.07779999822378159,0.07779999822378159,0.07779999822378159,295.0
2024-10-25 14:45:00+00:00,SWKS,95.94999694824219,95.94999694824219,95.94999694824219,95.94000244140625,95.94999694824219,799.0
2024-10-25 14:45:00+00:00,TEAM,189.36000061035156,189.36000061035156,189.36000061035156,189.36000061035156,189.36000061035156,1045.0
2024-10-25 14:45:00+00:00,TENB,41.71500015258789,41.71500015258789,41.720001220703125,41.70500183105469,41.720001220703125,646.0
2024-10-25 14:45:00+00:00,TER,112.11499786376953,112.11499786376953,112.13999938964844,112.08000183105469,112.13999938964844,3174.0
2024-10-25 14:45:00+00:00,TLS,3.590100049972534,3.590100049972534,3.5901999473571777,3.5899999141693115,3.5899999141693115,1579.0
2024-10-25 14:45:00+00:00,TRMB,61.02159881591797,61.02159881591797,61.02159881591797,61.02159881591797,61.02159881591797,440.0
2024-10-25 14:45:00+00:00,TSEM,44.744998931884766,44.744998931884766,44.744998931884766,44.744998931884766,44.744998931884766,464.0
2024-10-25 14:45:00+00:00,TTD,119.04000091552734,119.04000091552734,119.04000091552734,118.99500274658203,118.99500274658203,1674.0
2024-10-25 14:45:00+00:00,TTEC,5.329999923706055,5.329999923706055,5.329999923706055,5.329999923706055,5.329999923706055,280.0
2024-10-25 14:45:00+00:00,TTMI,19.639999389648438,19.639999389648438,19.639999389648438,19.6299991607666,19.6299991607666,1075.0
2024-10-25 14:45:00+00:00,TWKS,4.440000057220459,4.440000057220459,4.445000171661377,4.440000057220459,4.445000171661377,612.0
2024-10-25 14:45:00+00:00,TXN,207.86500549316406,207.86500549316406,207.8800048828125,207.75,207.75,1416.0
2024-10-25 14:45:00+00:00,UPLD,2.1201000213623047,2.1201000213623047,2.1201000213623047,2.1201000213623047,2.1201000213623047,200.0
2024-10-25 14:45:00+00:00,VERI,3.4100000858306885,3.4100000858306885,3.4100000858306885,3.4100000858306885,3.4100000858306885,983.0
2024-10-25 14:45:00+00:00,VMEO,4.760000228881836,4.760000228881836,4.760000228881836,4.760000228881836,4.760000228881836,540.0
2024-10-25 14:45:00+00:00,VNET,3.424999952316284,3.424999952316284,3.424999952316284,3.4200000762939453,3.4200000762939453,1291.0
2024-10-25 14:45:00+00:00,VRNS,56.83000183105469,56.83000183105469,56.83000183105469,56.790000915527344,56.810001373291016,3396.0
2024-10-25 14:45:00+00:00,VRNT,21.940000534057617,21.940000534057617,21.940000534057617,21.93000030517578,21.93000030517578,916.0
2024-10-25 14:45:00+00:00,VRSN,183.1750030517578,183.1750030517578,183.1750030517578,183.1750030517578,183.1750030517578,854.0
2024-10-25 14:45:00+00:00,WDAY,238.5,238.5,238.5,238.36500549316406,238.36500549316406,1128.0
2024-10-25 14:45:00+00:00,WDC,70.31999969482422,70.31999969482422,70.33000183105469,70.27999877929688,70.30999755859375,15227.0
2024-10-25 14:45:00+00:00,WISA,2.030900001525879,2.030900001525879,2.0350000858306885,2.0299999713897705,2.0350000858306885,3676.0
2024-10-25 14:45:00+00:00,XPER,9.40999984741211,9.40999984741211,9.40999984741211,9.40999984741211,9.40999984741211,282.0
2024-10-25 14:45:00+00:00,XRX,10.015000343322754,10.015000343322754,10.015000343322754,10.015000343322754,10.015000343322754,308.0
2024-10-25 14:45:00+00:00,ZBRA,360.94000244140625,360.94000244140625,360.94000244140625,360.9200134277344,360.9200134277344,1088.0
2024-10-25 14:45:00+00:00,ZI,10.520000457763672,10.520000457763672,10.520000457763672,10.520000457763672,10.520000457763672,1770.0
2024-10-25 14:45:00+00:00,ZM,72.99500274658203,72.99500274658203,73.01000213623047,72.9800033569336,72.9800033569336,18148.0
2024-10-25 14:45:00+00:00,ZS,184.97999572753906,184.97999572753906,184.97999572753906,184.97999572753906,184.97999572753906,394.0
2024-10-25 14:46:00+00:00,AAOI,17.719999313354492,17.719999313354492,17.719999313354492,17.719999313354492,17.719999313354492,453.0
2024-10-25 14:46:00+00:00,AAPL,231.97999572753906,231.97999572753906,231.99000549316406,231.8704071044922,231.87100219726562,54875.0
2024-10-25 14:46:00+00:00,ACIW,48.96500015258789,48.96500015258789,48.96500015258789,48.95009994506836,48.95009994506836,2322.0
2024-10-25 14:46:00+00:00,ACMR,19.670000076293945,19.670000076293945,19.670000076293945,19.670000076293945,19.670000076293945,395.0
2024-10-25 14:46:00+00:00,ADBE,483.7099914550781,483.7099914550781,483.8409118652344,483.69500732421875,483.69500732421875,2555.0
2024-10-25 14:46:00+00:00,ADI,231.6199951171875,231.6199951171875,231.6300048828125,231.57000732421875,231.6199951171875,4080.0
2024-10-25 14:46:00+00:00,AFRM,41.56800079345703,41.56800079345703,41.56999969482422,41.54999923706055,41.54999923706055,3061.0
2024-10-25 14:46:00+00:00,AKAM,102.13999938964844,102.13999938964844,102.13999938964844,102.13999938964844,102.13999938964844,1092.0
2024-10-25 14:46:00+00:00,AKTS,0.05950000137090683,0.05950000137090683,0.05950000137090683,0.05939999967813492,0.05939999967813492,809.0
2024-10-25 14:46:00+00:00,ALGM,23.110000610351562,23.110000610351562,23.1200008392334,23.110000610351562,23.1200008392334,3951.0
2024-10-25 14:46:00+00:00,ALTR,103.75499725341797,103.75499725341797,103.75499725341797,103.75499725341797,103.75499725341797,556.0
2024-10-25 14:46:00+00:00,AMAT,187.49000549316406,187.49000549316406,187.5167999267578,187.4429931640625,187.5,2375.0
2024-10-25 14:46:00+00:00,AMD,156.72000122070312,156.72000122070312,156.74000549316406,156.61500549316406,156.62899780273438,23679.0
2024-10-25 14:46:00+00:00,AMKR,30.05500030517578,30.05500030517578,30.05500030517578,30.049999237060547,30.049999237060547,1260.0
2024-10-25 14:46:00+00:00,ANSS,323.45001220703125,323.45001220703125,323.45001220703125,323.04998779296875,323.052490234375,868.0
2024-10-25 14:46:00+00:00,ANY,1.0499999523162842,1.0499999523162842,1.0499999523162842,1.0499999523162842,1.0499999523162842,1000.0
2024-10-25 14:46:00+00:00,API,2.880000114440918,2.880000114440918,2.880000114440918,2.880000114440918,2.880000114440918,400.0
2024-10-25 14:46:00+00:00,APP,161.82000732421875,161.82000732421875,161.82000732421875,161.6699981689453,161.6699981689453,1671.0
2024-10-25 14:46:00+00:00,APPN,32.16999816894531,32.16999816894531,32.16999816894531,32.16999816894531,32.16999816894531,399.0
2024-10-25 14:46:00+00:00,APPS,3.065000057220459,3.065000057220459,3.065000057220459,3.065000057220459,3.065000057220459,686.0
2024-10-25 14:46:00+00:00,ARRY,6.449999809265137,6.449999809265137,6.460000038146973,6.449999809265137,6.449999809265137,9092.0
2024-10-25 14:46:00+00:00,ASML,715.3699951171875,715.3699951171875,715.3699951171875,714.60009765625,714.60009765625,3097.0
2024-10-25 14:46:00+00:00,AUR,6.385000228881836,6.385000228881836,6.385000228881836,6.385000228881836,6.385000228881836,3141.0
2024-10-25 14:46:00+00:00,AUUD,0.6000000238418579,0.6000000238418579,0.6000000238418579,0.6000000238418579,0.6000000238418579,92.0
2024-10-25 14:46:00+00:00,AVDX,8.135000228881836,8.135000228881836,8.135000228881836,8.135000228881836,8.135000228881836,223.0
2024-10-25 14:46:00+00:00,AVGO,174.4499969482422,174.4499969482422,174.4499969482422,174.3249969482422,174.3249969482422,19801.0
2024-10-25 14:46:00+00:00,AVPT,11.930000305175781,11.930000305175781,11.930000305175781,11.925000190734863,11.925000190734863,1416.0
2024-10-25 14:46:00+00:00,AVT,54.119998931884766,54.119998931884766,54.119998931884766,54.08000183105469,54.08000183105469,1161.0
2024-10-25 14:46:00+00:00,BASE,16.235000610351562,16.235000610351562,16.235000610351562,16.235000610351562,16.235000610351562,312.0
2024-10-25 14:46:00+00:00,BCOV,2.2699999809265137,2.2699999809265137,2.2750000953674316,2.2699999809265137,2.2750000953674316,0.0
2024-10-25 14:46:00+00:00,BELFB,79.05999755859375,79.05999755859375,79.08000183105469,79.05999755859375,79.08000183105469,1468.0
2024-10-25 14:46:00+00:00,BL,56.40999984741211,56.40999984741211,56.40999984741211,56.40999984741211,56.40999984741211,744.0
2024-10-25 14:46:00+00:00,CAMT,77.53500366210938,77.53500366210938,77.53500366210938,77.53500366210938,77.53500366210938,279.0
2024-10-25 14:46:00+00:00,CAN,0.9753000140190125,0.9753000140190125,0.9753999710083008,0.9750999808311462,0.9750999808311462,1981.0
2024-10-25 14:46:00+00:00,CDNS,258.3550109863281,258.3550109863281,258.3550109863281,258.21759033203125,258.2250061035156,2424.0
2024-10-25 14:46:00+00:00,CDW,218.3350067138672,218.3350067138672,218.3350067138672,218.3249969482422,218.3249969482422,1184.0
2024-10-25 14:46:00+00:00,CETX,0.30379998683929443,0.30379998683929443,0.30379998683929443,0.30379998683929443,0.30379998683929443,2001.0
2024-10-25 14:46:00+00:00,CFLT,22.584999084472656,22.584999084472656,22.600000381469727,22.584999084472656,22.600000381469727,3108.0
2024-10-25 14:46:00+00:00,CGNX,38.91999816894531,38.91999816894531,38.91999816894531,38.904998779296875,38.904998779296875,3178.0
2024-10-25 14:46:00+00:00,CLSK,11.800000190734863,11.800000190734863,11.800000190734863,11.770000457763672,11.770000457763672,123517.0
2024-10-25 14:46:00+00:00,CMTL,3.740000009536743,3.740000009536743,3.740000009536743,3.740000009536743,3.740000009536743,1098.0
2024-10-25 14:46:00+00:00,CNDT,3.5950000286102295,3.5950000286102295,3.5999999046325684,3.5950000286102295,3.5999999046325684,11490.0
2024-10-25 14:46:00+00:00,CNXC,44.599998474121094,44.599998474121094,44.599998474121094,44.560001373291016,44.560001373291016,1527.0
2024-10-25 14:46:00+00:00,COHU,26.059999465942383,26.059999465942383,26.059999465942383,26.030000686645508,26.030000686645508,1637.0
2024-10-25 14:46:00+00:00,COIN,208.60000610351562,208.60000610351562,208.6199951171875,208.25999450683594,208.25999450683594,9026.0
2024-10-25 14:46:00+00:00,COMM,6.264999866485596,6.264999866485596,6.264999866485596,6.264999866485596,6.264999866485596,649.0
2024-10-25 14:46:00+00:00,CORZ,13.430000305175781,13.430000305175781,13.430000305175781,13.375,13.375,21726.0
2024-10-25 14:46:00+00:00,CRDO,39.20000076293945,39.20000076293945,39.20000076293945,39.20000076293945,39.20000076293945,905.0
2024-10-25 14:46:00+00:00,CRNC,2.940000057220459,2.940000057220459,2.940000057220459,2.940000057220459,2.940000057220459,2577.0
2024-10-25 14:46:00+00:00,CRSR,6.340000152587891,6.340000152587891,6.34499979019165,6.340000152587891,6.34499979019165,737.0
2024-10-25 14:46:00+00:00,CRUS,122.93499755859375,122.93499755859375,122.93499755859375,122.8949966430664,122.8949966430664,1017.0
2024-10-25 14:46:00+00:00,CRWD,297.125,297.125,297.1700134277344,296.6919860839844,296.6919860839844,13428.0
2024-10-25 14:46:00+00:00,CSCO,55.775001525878906,55.775001525878906,55.78499984741211,55.77040100097656,55.77040100097656,10613.0
2024-10-25 14:46:00+00:00,CTSH,74.80000305175781,74.80000305175781,74.80000305175781,74.7699966430664,74.7699966430664,3208.0
2024-10-25 14:46:00+00:00,DAKT,13.079999923706055,13.079999923706055,13.079999923706055,13.079999923706055,13.079999923706055,335.0
2024-10-25 14:46:00+00:00,DBX,26.075000762939453,26.075000762939453,26.075000762939453,26.06999969482422,26.06999969482422,1698.0
2024-10-25 14:46:00+00:00,DDOG,126.36499786376953,126.36499786376953,126.36499786376953,126.27999877929688,126.30000305175781,2732.0
2024-10-25 14:46:00+00:00,DGII,30.114999771118164,30.114999771118164,30.114999771118164,30.114999771118164,30.114999771118164,157.0
2024-10-25 14:46:00+00:00,DIOD,65.29000091552734,65.29000091552734,65.29000091552734,65.21499633789062,65.21499633789062,336.0
2024-10-25 14:46:00+00:00,DLO,8.859999656677246,8.859999656677246,8.859999656677246,8.854999542236328,8.859999656677246,1137.0
2024-10-25 14:46:00+00:00,DOCU,68.83999633789062,68.83999633789062,68.83999633789062,68.80500030517578,68.81999969482422,5729.0
2024-10-25 14:46:00+00:00,DOX,89.37999725341797,89.37999725341797,89.37999725341797,89.37999725341797,89.37999725341797,444.0
2024-10-25 14:46:00+00:00,DUOL,291.30999755859375,291.30999755859375,291.30999755859375,291.30999755859375,291.30999755859375,2883.0
2024-10-25 14:46:00+00:00,EMKR,2.130000114440918,2.130000114440918,2.130000114440918,2.130000114440918,2.130000114440918,254.0
2024-10-25 14:46:00+00:00,ENPH,83.80000305175781,83.80000305175781,83.80000305175781,83.80000305175781,83.80000305175781,1280.0
2024-10-25 14:46:00+00:00,ENTG,104.77999877929688,104.77999877929688,104.78500366210938,104.77999877929688,104.78500366210938,890.0
2024-10-25 14:46:00+00:00,ERIC,8.454999923706055,8.454999923706055,8.454999923706055,8.454999923706055,8.454999923706055,5768.0
2024-10-25 14:46:00+00:00,EVCM,10.449999809265137,10.449999809265137,10.449999809265137,10.449999809265137,10.449999809265137,150.0
2024-10-25 14:46:00+00:00,EXLS,38.755001068115234,38.755001068115234,38.755001068115234,38.755001068115234,38.755001068115234,988.0
2024-10-25 14:46:00+00:00,EXTR,14.375,14.375,14.375,14.375,14.375,224.0
2024-10-25 14:46:00+00:00,FFIV,216.33999633789062,216.33999633789062,216.33999633789062,216.33999633789062,216.33999633789062,1379.0
2024-10-25 14:46:00+00:00,FIVN,29.920000076293945,29.920000076293945,29.920000076293945,29.899999618530273,29.899999618530273,1827.0
2024-10-25 14:46:00+00:00,FLEX,35.244998931884766,35.244998931884766,35.244998931884766,35.224998474121094,35.224998474121094,2694.0
2024-10-25 14:46:00+00:00,FROG,29.290000915527344,29.290000915527344,29.290000915527344,29.290000915527344,29.290000915527344,642.0
2024-10-25 14:46:00+00:00,FRSH,11.619999885559082,11.619999885559082,11.625,11.619999885559082,11.625,946.0
2024-10-25 14:46:00+00:00,FSLR,198.4499053955078,198.4499053955078,198.4499053955078,198.4499053955078,198.4499053955078,388.0
2024-10-25 14:46:00+00:00,FTNT,80.4800033569336,80.4800033569336,80.4800033569336,80.44000244140625,80.45999908447266,7168.0
2024-10-25 14:46:00+00:00,GCT,24.709999084472656,24.709999084472656,24.709999084472656,24.709999084472656,24.709999084472656,535.0
2024-10-25 14:46:00+00:00,GDS,21.47920036315918,21.47920036315918,21.485000610351562,21.47920036315918,21.485000610351562,1160.0
2024-10-25 14:46:00+00:00,GDYN,15.619999885559082,15.619999885559082,15.619999885559082,15.619999885559082,15.619999885559082,128.0
2024-10-25 14:46:00+00:00,GFS,40.619998931884766,40.619998931884766,40.619998931884766,40.619998931884766,40.619998931884766,632.0
2024-10-25 14:46:00+00:00,GRAB,4.090000152587891,4.090000152587891,4.090000152587891,4.079999923706055,4.085000038146973,62107.0
2024-10-25 14:46:00+00:00,GRRR,4.46999979019165,4.46999979019165,4.46999979019165,4.46999979019165,4.46999979019165,639.0
2024-10-25 14:46:00+00:00,GTLB,55.19499969482422,55.19499969482422,55.19499969482422,55.19499969482422,55.19499969482422,1652.0
2024-10-25 14:46:00+00:00,HCP,33.654998779296875,33.654998779296875,33.65999984741211,33.654998779296875,33.654998779296875,1467.0
2024-10-25 14:46:00+00:00,HIMX,6.195000171661377,6.195000171661377,6.195000171661377,6.195000171661377,6.195000171661377,155.0
2024-10-25 14:46:00+00:00,HLIT,14.779999732971191,14.779999732971191,14.779999732971191,14.779999732971191,14.779999732971191,789.0
2024-10-25 14:46:00+00:00,HOLO,3.5799999237060547,3.5799999237060547,3.5799999237060547,3.5799999237060547,3.5799999237060547,200.0
2024-10-25 14:46:00+00:00,HOOD,27.235000610351562,27.235000610351562,27.239999771118164,27.21500015258789,27.21500015258789,8354.0
2024-10-25 14:46:00+00:00,INDI,3.4916999340057373,3.4916999340057373,3.494999885559082,3.4916999340057373,3.494999885559082,2549.0
2024-10-25 14:46:00+00:00,INOD,20.28499984741211,20.28499984741211,20.299999237060547,20.200000762939453,20.200000762939453,6188.0
2024-10-25 14:46:00+00:00,INTA,50.099998474121094,50.099998474121094,50.099998474121094,50.07500076293945,50.07500076293945,854.0
2024-10-25 14:46:00+00:00,INTC,22.94499969482422,22.94499969482422,22.954999923706055,22.940000534057617,22.94580078125,39796.0
2024-10-25 14:46:00+00:00,INTU,609.2750244140625,609.2750244140625,609.2750244140625,609.0399780273438,609.0399780273438,1623.0
2024-10-25 14:46:00+00:00,IPGP,77.33999633789062,77.33999633789062,77.37999725341797,77.33000183105469,77.37000274658203,2342.0
2024-10-25 14:46:00+00:00,JKHY,182.61000061035156,182.61000061035156,182.61000061035156,182.61000061035156,182.61000061035156,544.0
2024-10-25 14:46:00+00:00,KC,2.680000066757202,2.680000066757202,2.684999942779541,2.680000066757202,2.684999942779541,1771.0
2024-10-25 14:46:00+00:00,KLAC,676.885009765625,676.885009765625,677.0,676.885009765625,677.0,587.0
2024-10-25 14:46:00+00:00,KLIC,44.599998474121094,44.599998474121094,44.599998474121094,44.599998474121094,44.599998474121094,742.0
2024-10-25 14:46:00+00:00,LINK,4.820000171661377,4.820000171661377,4.820000171661377,4.820000171661377,4.820000171661377,1035.0
2024-10-25 14:46:00+00:00,LITE,64.52999877929688,64.52999877929688,64.54499816894531,64.52999877929688,64.54499816894531,524.0
2024-10-25 14:46:00+00:00,LOGI,80.79000091552734,80.79000091552734,80.79000091552734,80.79000091552734,80.79000091552734,395.0
2024-10-25 14:46:00+00:00,LPSN,1.1699999570846558,1.1699999570846558,1.1699999570846558,1.1699999570846558,1.1699999570846558,8.0
2024-10-25 14:46:00+00:00,LRCX,78.58999633789062,78.58999633789062,78.58999633789062,78.55999755859375,78.58000183105469,10855.0
2024-10-25 14:46:00+00:00,LSCC,54.334999084472656,54.334999084472656,54.380001068115234,54.334999084472656,54.380001068115234,5537.0
2024-10-25 14:46:00+00:00,LTRX,4.114999771118164,4.114999771118164,4.125,4.110000133514404,4.120100021362305,9154.0
2024-10-25 14:46:00+00:00,LYFT,13.8149995803833,13.8149995803833,13.8149995803833,13.8149995803833,13.8149995803833,3656.0
2024-10-25 14:46:00+00:00,MAXN,5.785099983215332,5.785099983215332,5.785099983215332,5.785099983215332,5.785099983215332,313.0
2024-10-25 14:46:00+00:00,MCHP,76.81999969482422,76.81999969482422,76.81999969482422,76.80999755859375,76.81500244140625,7053.0
2024-10-25 14:46:00+00:00,MDB,267.3699951171875,267.3699951171875,267.3900146484375,266.9949951171875,266.9949951171875,2347.0
2024-10-25 14:46:00+00:00,MITK,8.760000228881836,8.760000228881836,8.760000228881836,8.760000228881836,8.760000228881836,728.0
2024-10-25 14:46:00+00:00,MKSI,101.30999755859375,101.30999755859375,101.31999969482422,101.29499816894531,101.29499816894531,684.0
2024-10-25 14:46:00+00:00,MKTW,0.5820000171661377,0.5820000171661377,0.5820000171661377,0.5820000171661377,0.5820000171661377,5043.0
2024-10-25 14:46:00+00:00,MPWR,912.489990234375,912.489990234375,912.7349853515625,911.60009765625,912.5449829101562,2330.0
2024-10-25 14:46:00+00:00,MQ,5.320000171661377,5.320000171661377,5.320000171661377,5.315000057220459,5.315000057220459,1772.0
2024-10-25 14:46:00+00:00,MRVL,82.30999755859375,82.30999755859375,82.31999969482422,82.25,82.25,7799.0
2024-10-25 14:46:00+00:00,MSFT,428.989990234375,428.989990234375,428.989990234375,428.760009765625,428.7749938964844,11403.0
2024-10-25 14:46:00+00:00,MSTR,237.36500549316406,237.36500549316406,237.36500549316406,236.3990020751953,236.55999755859375,40375.0
2024-10-25 14:46:00+00:00,MTLS,5.925000190734863,5.925000190734863,5.925000190734863,5.925000190734863,5.925000190734863,251.0
2024-10-25 14:46:00+00:00,MTSI,121.125,121.125,121.2699966430664,121.01000213623047,121.2699966430664,3519.0
2024-10-25 14:46:00+00:00,MTTR,4.59499979019165,4.59499979019165,4.59499979019165,4.590000152587891,4.59499979019165,2351.0
2024-10-25 14:46:00+00:00,MU,108.76499938964844,108.76499938964844,108.76499938964844,108.69999694824219,108.72000122070312,15742.0
2024-10-25 14:46:00+00:00,MVIS,1.0800000429153442,1.0800000429153442,1.0850000381469727,1.0800000429153442,1.0850000381469727,5840.0
2024-10-25 14:46:00+00:00,MXL,14.899999618530273,14.899999618530273,14.899999618530273,14.899999618530273,14.899999618530273,476.0
2024-10-25 14:46:00+00:00,NCNO,37.70000076293945,37.70000076293945,37.70000076293945,37.70000076293945,37.70000076293945,318.0
2024-10-25 14:46:00+00:00,NEON,8.09000015258789,8.09000015258789,8.09000015258789,8.09000015258789,8.09000015258789,282.0
2024-10-25 14:46:00+00:00,NICE,175.0749969482422,175.0749969482422,175.13999938964844,175.02499389648438,175.02499389648438,1739.0
2024-10-25 14:46:00+00:00,NNDM,2.3299999237060547,2.3299999237060547,2.3299999237060547,2.3299999237060547,2.3299999237060547,510.0
2024-10-25 14:46:00+00:00,NSYS,12.010000228881836,12.010000228881836,12.010000228881836,12.010000228881836,12.010000228881836,1054.0
2024-10-25 14:46:00+00:00,NTAP,119.88999938964844,119.88999938964844,119.88999938964844,119.88999938964844,119.88999938964844,825.0
2024-10-25 14:46:00+00:00,NTCT,20.649999618530273,20.649999618530273,20.655000686645508,20.649999618530273,20.649999618530273,2113.0
2024-10-25 14:46:00+00:00,NTNX,62.08000183105469,62.08000183105469,62.099998474121094,62.08000183105469,62.099998474121094,1187.0
2024-10-25 14:46:00+00:00,NVDA,142.1800994873047,142.1800994873047,142.19000244140625,142.02000427246094,142.02890014648438,459950.0
2024-10-25 14:46:00+00:00,NXPI,243.94000244140625,243.94000244140625,243.9499969482422,243.8350067138672,243.85000610351562,1944.0
2024-10-25 14:46:00+00:00,ON,71.44000244140625,71.44000244140625,71.45999908447266,71.37999725341797,71.45999908447266,14703.0
2024-10-25 14:46:00+00:00,OSIS,135.25999450683594,135.25999450683594,135.2899932861328,135.25,135.2899932861328,872.0
2024-10-25 14:46:00+00:00,OSPN,14.579999923706055,14.579999923706055,14.579999923706055,14.579999923706055,14.579999923706055,657.0
2024-10-25 14:46:00+00:00,PANW,367.17999267578125,367.17999267578125,367.17999267578125,367.0199890136719,367.052490234375,1068.0
2024-10-25 14:46:00+00:00,PDFS,29.239999771118164,29.239999771118164,29.239999771118164,29.239999771118164,29.239999771118164,388.0
2024-10-25 14:46:00+00:00,PEGA,79.71499633789062,79.71499633789062,79.71499633789062,79.69999694824219,79.69999694824219,383.0
2024-10-25 14:46:00+00:00,PEGY,4.84499979019165,4.84499979019165,4.84499979019165,4.800099849700928,4.800099849700928,745.0
2024-10-25 14:46:00+00:00,PHUN,10.522700309753418,10.522700309753418,10.579999923706055,10.5,10.529999732971191,50479.0
2024-10-25 14:46:00+00:00,PI,202.25,202.25,202.25,202.25,202.25,463.0
2024-10-25 14:46:00+00:00,PLUS,97.91000366210938,97.91000366210938,97.91000366210938,97.91000366210938,97.91000366210938,269.0
2024-10-25 14:46:00+00:00,PLXS,142.0500030517578,142.0500030517578,142.0500030517578,142.0500030517578,142.0500030517578,129.0
2024-10-25 14:46:00+00:00,POET,3.8550000190734863,3.8550000190734863,3.8550000190734863,3.8550000190734863,3.8550000190734863,1073.0
2024-10-25 14:46:00+00:00,POWI,63.66999816894531,63.66999816894531,63.66999816894531,63.66999816894531,63.66999816894531,720.0
2024-10-25 14:46:00+00:00,PTC,187.14500427246094,187.14500427246094,187.14500427246094,187.0574951171875,187.1300048828125,1561.0
2024-10-25 14:46:00+00:00,PUBM,14.75,14.75,14.75,14.75,14.75,724.0
2024-10-25 14:46:00+00:00,PYCR,14.335000038146973,14.335000038146973,14.335000038146973,14.329999923706055,14.329999923706055,783.0
2024-10-25 14:46:00+00:00,QCOM,171.30999755859375,171.30999755859375,171.3300018310547,171.24000549316406,171.24000549316406,5800.0
2024-10-25 14:46:00+00:00,QLYS,120.92500305175781,120.92500305175781,120.92500305175781,120.92500305175781,120.92500305175781,450.0
2024-10-25 14:46:00+00:00,QRVO,100.06999969482422,100.06999969482422,100.06999969482422,100.06999969482422,100.06999969482422,491.0
2024-10-25 14:46:00+00:00,QUBT,1.0750000476837158,1.0750000476837158,1.0750000476837158,1.0750000476837158,1.0750000476837158,476.0
2024-10-25 14:46:00+00:00,QUIK,8.65999984741211,8.65999984741211,8.65999984741211,8.65999984741211,8.65999984741211,350.0
2024-10-25 14:46:00+00:00,RDWR,22.309999465942383,22.309999465942383,22.309999465942383,22.309999465942383,22.309999465942383,503.0
2024-10-25 14:46:00+00:00,RELY,14.859999656677246,14.859999656677246,14.859999656677246,14.859999656677246,14.859999656677246,636.0
2024-10-25 14:46:00+00:00,RGTI,1.2350000143051147,1.2350000143051147,1.2350000143051147,1.2350000143051147,1.2350000143051147,124.0
2024-10-25 14:46:00+00:00,RIOT,9.88599967956543,9.88599967956543,9.886500358581543,9.871000289916992,9.87399959564209,18081.0
2024-10-25 14:46:00+00:00,RMBS,43.40250015258789,43.40250015258789,43.40250015258789,43.400001525878906,43.400001525878906,371.0
2024-10-25 14:46:00+00:00,RPAY,7.699999809265137,7.699999809265137,7.699999809265137,7.699999809265137,7.699999809265137,805.0
2024-10-25 14:46:00+00:00,RPD,38.79999923706055,38.79999923706055,38.79999923706055,38.79999923706055,38.79999923706055,309.0
2024-10-25 14:46:00+00:00,RUM,5.776000022888184,5.776000022888184,5.78000020980835,5.764999866485596,5.764999866485596,5963.0
2024-10-25 14:46:00+00:00,RUN,14.4399995803833,14.4399995803833,14.4399995803833,14.430000305175781,14.430000305175781,8856.0
2024-10-25 14:46:00+00:00,SANM,67.70999908447266,67.70999908447266,67.70999908447266,67.70999908447266,67.70999908447266,304.0
2024-10-25 14:46:00+00:00,SATS,25.260000228881836,25.260000228881836,25.309999465942383,25.260000228881836,25.305700302124023,7951.0
2024-10-25 14:46:00+00:00,SCSC,44.834999084472656,44.834999084472656,44.834999084472656,44.79499816894531,44.79499816894531,2165.0
2024-10-25 14:46:00+00:00,SEDG,15.880000114440918,15.880000114440918,15.880000114440918,15.869999885559082,15.880000114440918,1626.0
2024-10-25 14:46:00+00:00,SHLS,5.269999980926514,5.269999980926514,5.269999980926514,5.264999866485596,5.264999866485596,985.0
2024-10-25 14:46:00+00:00,SKYT,10.5600004196167,10.5600004196167,10.5600004196167,10.5600004196167,10.5600004196167,397.0
2024-10-25 14:46:00+00:00,SMCI,47.40999984741211,47.40999984741211,47.40999984741211,47.390098571777344,47.39979934692383,24525.0
2024-10-25 14:46:00+00:00,SMTC,45.79999923706055,45.79999923706055,45.90999984741211,45.79999923706055,45.86000061035156,2253.0
2024-10-25 14:46:00+00:00,SNPS,502.3699951171875,502.3699951171875,502.864990234375,502.3699951171875,502.864990234375,1039.0
2024-10-25 14:46:00+00:00,SOUN,5.181000232696533,5.181000232696533,5.190000057220459,5.180099964141846,5.184999942779541,5853.0
2024-10-25 14:46:00+00:00,SPSC,170.81500244140625,170.81500244140625,170.9799041748047,170.81500244140625,170.9799041748047,1266.0
2024-10-25 14:46:00+00:00,SSNC,69.80000305175781,69.80000305175781,69.80500030517578,69.73999786376953,69.74500274658203,5355.0
2024-10-25 14:46:00+00:00,STNE,11.555000305175781,11.555000305175781,11.5600004196167,11.550000190734863,11.550000190734863,2377.0
2024-10-25 14:46:00+00:00,STX,103.72000122070312,103.72000122070312,103.75,103.71499633789062,103.7249984741211,3347.0
2024-10-25 14:46:00+00:00,SURG,1.7450000047683716,1.7450000047683716,1.7450000047683716,1.7400000095367432,1.7400000095367432,379.0
2024-10-25 14:46:00+00:00,SWKS,95.99500274658203,95.99500274658203,95.99500274658203,95.99500274658203,95.99500274658203,907.0
2024-10-25 14:46:00+00:00,TEAM,189.55499267578125,189.55499267578125,189.60499572753906,189.36000061035156,189.36000061035156,7956.0
2024-10-25 14:46:00+00:00,TENB,41.7400016784668,41.7400016784668,41.7400016784668,41.72999954223633,41.72999954223633,1764.0
2024-10-25 14:46:00+00:00,TER,112.12999725341797,112.12999725341797,112.15499877929688,112.12999725341797,112.15499877929688,4052.0
2024-10-25 14:46:00+00:00,TRMB,61.040000915527344,61.040000915527344,61.04999923706055,61.040000915527344,61.040000915527344,1008.0
2024-10-25 14:46:00+00:00,TTD,119.10099792480469,119.10099792480469,119.1500015258789,119.0999984741211,119.0999984741211,2662.0
2024-10-25 14:46:00+00:00,TTEC,5.340000152587891,5.340000152587891,5.340000152587891,5.335000038146973,5.335000038146973,763.0
2024-10-25 14:46:00+00:00,TTMI,19.655000686645508,19.655000686645508,19.655000686645508,19.649999618530273,19.649999618530273,674.0
2024-10-25 14:46:00+00:00,TWKS,4.440000057220459,4.440000057220459,4.445000171661377,4.440000057220459,4.440000057220459,10104.0
2024-10-25 14:46:00+00:00,TXN,207.8350067138672,207.8350067138672,207.9346923828125,207.8350067138672,207.91000366210938,3713.0
2024-10-25 14:46:00+00:00,UCTT,35.84000015258789,35.84000015258789,35.84000015258789,35.84000015258789,35.84000015258789,524.0
2024-10-25 14:46:00+00:00,UEIC,8.020000457763672,8.020000457763672,8.020000457763672,8.020000457763672,8.020000457763672,976.0
2024-10-25 14:46:00+00:00,VECO,29.34000015258789,29.34000015258789,29.34000015258789,29.329999923706055,29.329999923706055,695.0
2024-10-25 14:46:00+00:00,VERX,42.13999938964844,42.13999938964844,42.13999938964844,42.13999938964844,42.13999938964844,725.0
2024-10-25 14:46:00+00:00,VIAV,9.210000038146973,9.210000038146973,9.210000038146973,9.210000038146973,9.210000038146973,172.0
2024-10-25 14:46:00+00:00,VICR,46.58000183105469,46.58000183105469,46.58000183105469,46.56999969482422,46.56999969482422,655.0
2024-10-25 14:46:00+00:00,VMEO,4.760000228881836,4.760000228881836,4.760000228881836,4.760000228881836,4.760000228881836,1639.0
2024-10-25 14:46:00+00:00,VNET,3.424999952316284,3.424999952316284,3.424999952316284,3.4200000762939453,3.424999952316284,929.0
2024-10-25 14:46:00+00:00,VOXX,7.5,7.5,7.519999980926514,7.5,7.519999980926514,1524.0
2024-10-25 14:46:00+00:00,VRAR,0.6973000168800354,0.6973000168800354,0.6973000168800354,0.6973000168800354,0.6973000168800354,549.0
2024-10-25 14:46:00+00:00,VRSN,183.1199951171875,183.1199951171875,183.13999938964844,183.1199951171875,183.13999938964844,1431.0
2024-10-25 14:46:00+00:00,VSAT,10.180000305175781,10.180000305175781,10.184000015258789,10.180000305175781,10.180000305175781,2657.0
2024-10-25 14:46:00+00:00,WDAY,238.69500732421875,238.69500732421875,238.69500732421875,238.5,238.5,5089.0
2024-10-25 14:46:00+00:00,WDC,70.29199981689453,70.29199981689453,70.33999633789062,70.27999877929688,70.31600189208984,9674.0
2024-10-25 14:46:00+00:00,WIX,164.8699951171875,164.8699951171875,164.89999389648438,164.8699951171875,164.89999389648438,917.0
2024-10-25 14:46:00+00:00,XRX,10.020000457763672,10.020000457763672,10.020000457763672,10.015000343322754,10.015000343322754,930.0
2024-10-25 14:46:00+00:00,ZBRA,361.125,361.125,361.125,361.125,361.125,388.0
2024-10-25 14:46:00+00:00,ZM,73.0,73.0,73.0,72.94999694824219,72.95999908447266,3506.0
2024-10-25 14:46:00+00:00,ZS,185.1199951171875,185.1199951171875,185.1199951171875,185.1199951171875,185.1199951171875,601.0
2024-10-25 14:47:00+00:00,AAOI,17.724000930786133,17.724000930786133,17.739999771118164,17.724000930786133,17.729999542236328,1034.0
2024-10-25 14:47:00+00:00,AAPL,231.9550018310547,231.9550018310547,231.98699951171875,231.9163055419922,231.9759979248047,26216.0
2024-10-25 14:47:00+00:00,ACLS,90.19999694824219,90.19999694824219,90.19999694824219,90.19999694824219,90.19999694824219,355.0
2024-10-25 14:47:00+00:00,ACMR,19.670000076293945,19.670000076293945,19.670000076293945,19.670000076293945,19.670000076293945,913.0
2024-10-25 14:47:00+00:00,ADBE,483.3500061035156,483.3500061035156,483.739990234375,483.3500061035156,483.65020751953125,7130.0
2024-10-25 14:47:00+00:00,ADI,231.42999267578125,231.42999267578125,231.52000427246094,231.42999267578125,231.52000427246094,2113.0
2024-10-25 14:47:00+00:00,ADSK,286.44000244140625,286.44000244140625,286.44000244140625,286.42999267578125,286.42999267578125,1272.0
2024-10-25 14:47:00+00:00,AEHR,16.8799991607666,16.8799991607666,16.8799991607666,16.8799991607666,16.8799991607666,1173.0
2024-10-25 14:47:00+00:00,AFRM,41.529998779296875,41.529998779296875,41.579898834228516,41.529998779296875,41.56999969482422,6620.0
2024-10-25 14:47:00+00:00,AGYS,111.16999816894531,111.16999816894531,111.16999816894531,111.16999816894531,111.16999816894531,2696.0
2024-10-25 14:47:00+00:00,AKAM,102.15499877929688,102.15499877929688,102.15499877929688,102.15499877929688,102.15499877929688,695.0
2024-10-25 14:47:00+00:00,ALGM,23.1200008392334,23.1200008392334,23.1200008392334,23.09000015258789,23.104999542236328,23782.0
2024-10-25 14:47:00+00:00,AMAT,187.34849548339844,187.34849548339844,187.45620727539062,187.34849548339844,187.4499969482422,4491.0
2024-10-25 14:47:00+00:00,AMBA,58.22999954223633,58.22999954223633,58.22999954223633,58.22999954223633,58.22999954223633,1965.0
2024-10-25 14:47:00+00:00,AMD,156.52499389648438,156.52499389648438,156.6905059814453,156.50999450683594,156.69000244140625,32483.0
2024-10-25 14:47:00+00:00,AMKR,30.045000076293945,30.045000076293945,30.059999465942383,30.040000915527344,30.049999237060547,4914.0
2024-10-25 14:47:00+00:00,AMPL,9.104999542236328,9.104999542236328,9.104999542236328,9.104999542236328,9.104999542236328,1575.0
2024-10-25 14:47:00+00:00,AMST,2.869999885559082,2.869999885559082,2.869999885559082,2.869999885559082,2.869999885559082,200.0
2024-10-25 14:47:00+00:00,ANSS,323.7300109863281,323.7300109863281,323.75,323.1625061035156,323.510009765625,4290.0
2024-10-25 14:47:00+00:00,ANY,1.0499999523162842,1.0499999523162842,1.0499999523162842,1.0499999523162842,1.0499999523162842,2650.0
2024-10-25 14:47:00+00:00,AOSL,36.400001525878906,36.400001525878906,36.43000030517578,36.400001525878906,36.43000030517578,257.0
2024-10-25 14:47:00+00:00,API,2.880000114440918,2.880000114440918,2.880000114440918,2.880000114440918,2.880000114440918,400.0
2024-10-25 14:47:00+00:00,APP,161.92999267578125,161.92999267578125,161.92999267578125,161.85000610351562,161.85000610351562,429.0
2024-10-25 14:47:00+00:00,APPN,32.15999984741211,32.15999984741211,32.15999984741211,32.15999984741211,32.15999984741211,302.0
2024-10-25 14:47:00+00:00,APPS,3.0799999237060547,3.0799999237060547,3.0799999237060547,3.069999933242798,3.069999933242798,15722.0
2024-10-25 14:47:00+00:00,ARRY,6.445000171661377,6.445000171661377,6.454500198364258,6.440000057220459,6.454500198364258,18588.0
2024-10-25 14:47:00+00:00,ASML,715.3300170898438,715.3300170898438,715.4099731445312,714.9201049804688,715.4099731445312,2823.0
2024-10-25 14:47:00+00:00,ASNS,1.309999942779541,1.309999942779541,1.309999942779541,1.3056000471115112,1.3056000471115112,1521.0
2024-10-25 14:47:00+00:00,ATOM,3.3183999061584473,3.3183999061584473,3.3183999061584473,3.3183999061584473,3.3183999061584473,396.0
2024-10-25 14:47:00+00:00,AUR,6.385000228881836,6.385000228881836,6.389999866485596,6.380000114440918,6.380099773406982,9326.0
2024-10-25 14:47:00+00:00,AVDX,8.145000457763672,8.145000457763672,8.149999618530273,8.140000343322754,8.140000343322754,2525.0
2024-10-25 14:47:00+00:00,AVGO,174.32000732421875,174.32000732421875,174.47500610351562,174.31500244140625,174.47500610351562,17380.0
2024-10-25 14:47:00+00:00,AVT,54.11000061035156,54.11000061035156,54.11000061035156,54.11000061035156,54.11000061035156,452.0
2024-10-25 14:47:00+00:00,BAND,17.74850082397461,17.74850082397461,17.7549991607666,17.74850082397461,17.7549991607666,1482.0
2024-10-25 14:47:00+00:00,BEEM,4.820000171661377,4.820000171661377,4.820000171661377,4.820000171661377,4.820000171661377,2169.0
2024-10-25 14:47:00+00:00,BIGC,5.300099849700928,5.300099849700928,5.300099849700928,5.300099849700928,5.300099849700928,142.0
2024-10-25 14:47:00+00:00,BL,56.380001068115234,56.380001068115234,56.380001068115234,56.380001068115234,56.380001068115234,202.0
2024-10-25 14:47:00+00:00,BMBL,7.079999923706055,7.079999923706055,7.085999965667725,7.079999923706055,7.085999965667725,2155.0
2024-10-25 14:47:00+00:00,BRZE,30.735000610351562,30.735000610351562,30.75,30.735000610351562,30.75,617.0
2024-10-25 14:47:00+00:00,BSY,49.22999954223633,49.22999954223633,49.25,49.22999954223633,49.25,1632.0
2024-10-25 14:47:00+00:00,CAMP,11.055000305175781,11.055000305175781,11.055000305175781,11.055000305175781,11.055000305175781,331.0
2024-10-25 14:47:00+00:00,CAMT,77.55500030517578,77.55500030517578,77.55500030517578,77.55500030517578,77.55500030517578,439.0
2024-10-25 14:47:00+00:00,CCSI,20.139999389648438,20.139999389648438,20.139999389648438,20.139999389648438,20.139999389648438,616.0
2024-10-25 14:47:00+00:00,CDNS,258.4700012207031,258.4700012207031,258.4700012207031,258.3800048828125,258.3800048828125,1781.0
2024-10-25 14:47:00+00:00,CETX,0.30469998717308044,0.30469998717308044,0.30469998717308044,0.3046000003814697,0.3046000003814697,4201.0
2024-10-25 14:47:00+00:00,CEVA,24.09000015258789,24.09000015258789,24.09000015258789,24.09000015258789,24.09000015258789,392.0
2024-10-25 14:47:00+00:00,CFLT,22.559999465942383,22.559999465942383,22.579999923706055,22.559999465942383,22.579999923706055,3646.0
2024-10-25 14:47:00+00:00,CGNX,38.90999984741211,38.90999984741211,38.915000915527344,38.90999984741211,38.915000915527344,1951.0
2024-10-25 14:47:00+00:00,CHKP,206.6074981689453,206.6074981689453,206.6074981689453,206.60499572753906,206.60499572753906,1356.0
2024-10-25 14:47:00+00:00,CISO,0.8267999887466431,0.8267999887466431,0.8410000205039978,0.8267999887466431,0.8410000205039978,5715.0
2024-10-25 14:47:00+00:00,CLSK,11.776000022888184,11.776000022888184,11.800000190734863,11.770000457763672,11.800000190734863,37374.0
2024-10-25 14:47:00+00:00,CMTL,3.740000009536743,3.740000009536743,3.740000009536743,3.740000009536743,3.740000009536743,1523.0
2024-10-25 14:47:00+00:00,CNXC,44.61800003051758,44.61800003051758,44.61800003051758,44.56999969482422,44.56999969482422,2663.0
2024-10-25 14:47:00+00:00,COHR,95.85070037841797,95.85070037841797,95.85070037841797,95.8499984741211,95.8499984741211,762.0
2024-10-25 14:47:00+00:00,COIN,208.08999633789062,208.08999633789062,208.58999633789062,208.08999633789062,208.58999633789062,9750.0
2024-10-25 14:47:00+00:00,COMM,6.239999771118164,6.239999771118164,6.260000228881836,6.239999771118164,6.260000228881836,5040.0
2024-10-25 14:47:00+00:00,CORZ,13.414999961853027,13.414999961853027,13.4350004196167,13.40999984741211,13.4350004196167,22661.0
2024-10-25 14:47:00+00:00,CRDO,39.15999984741211,39.15999984741211,39.20000076293945,39.15999984741211,39.19499969482422,2234.0
2024-10-25 14:47:00+00:00,CRNC,2.930000066757202,2.930000066757202,2.934999942779541,2.930000066757202,2.934999942779541,897.0
2024-10-25 14:47:00+00:00,CRSR,6.344200134277344,6.344200134277344,6.344200134277344,6.344200134277344,6.344200134277344,188.0
2024-10-25 14:47:00+00:00,CRUS,123.0199966430664,123.0199966430664,123.0199966430664,122.92500305175781,122.92500305175781,744.0
2024-10-25 14:47:00+00:00,CRWD,297.1400146484375,297.1400146484375,297.25,297.07720947265625,297.1700134277344,12654.0
2024-10-25 14:47:00+00:00,CSCO,55.77000045776367,55.77000045776367,55.78499984741211,55.77000045776367,55.78499984741211,13421.0
2024-10-25 14:47:00+00:00,CSGS,47.5,47.5,47.5,47.5,47.5,474.0
2024-10-25 14:47:00+00:00,CSIQ,13.364999771118164,13.364999771118164,13.369999885559082,13.364999771118164,13.369999885559082,549.0
2024-10-25 14:47:00+00:00,CTSH,74.80000305175781,74.80000305175781,74.81999969482422,74.80000305175781,74.80500030517578,3126.0
2024-10-25 14:47:00+00:00,CVLT,134.6199951171875,134.6199951171875,134.6199951171875,134.51499938964844,134.51499938964844,463.0
2024-10-25 14:47:00+00:00,CYBR,290.25,290.25,290.25,290.25,290.25,178.0
2024-10-25 14:47:00+00:00,DAVE,38.81999969482422,38.81999969482422,38.81999969482422,38.81999969482422,38.81999969482422,460.0
2024-10-25 14:47:00+00:00,DDOG,126.36000061035156,126.36000061035156,126.37999725341797,126.33999633789062,126.36499786376953,2203.0
2024-10-25 14:47:00+00:00,DIOD,65.22000122070312,65.22000122070312,65.29000091552734,65.22000122070312,65.29000091552734,827.0
2024-10-25 14:47:00+00:00,DLO,8.864999771118164,8.864999771118164,8.864999771118164,8.859999656677246,8.859999656677246,574.0
2024-10-25 14:47:00+00:00,DOCU,68.79000091552734,68.79000091552734,68.83999633789062,68.75,68.83999633789062,7801.0
2024-10-25 14:47:00+00:00,DUOT,4.070000171661377,4.070000171661377,4.119800090789795,4.070000171661377,4.119800090789795,1197.0
2024-10-25 14:47:00+00:00,EEFT,100.33000183105469,100.33000183105469,100.33000183105469,100.33000183105469,100.33000183105469,465.0
2024-10-25 14:47:00+00:00,EMKR,2.130000114440918,2.130000114440918,2.130000114440918,2.130000114440918,2.130000114440918,2053.0
2024-10-25 14:47:00+00:00,ENPH,83.76000213623047,83.76000213623047,83.89990234375,83.75,83.86000061035156,6041.0
2024-10-25 14:47:00+00:00,ENTG,104.63999938964844,104.63999938964844,104.78500366210938,104.62999725341797,104.77999877929688,3081.0
2024-10-25 14:47:00+00:00,ERIC,8.454999923706055,8.454999923706055,8.45989990234375,8.454999923706055,8.454999923706055,9247.0
2024-10-25 14:47:00+00:00,EXFY,1.7300000190734863,1.7300000190734863,1.7300000190734863,1.7300000190734863,1.7300000190734863,713.0
2024-10-25 14:47:00+00:00,EXTR,14.375,14.375,14.375,14.375,14.375,181.0
2024-10-25 14:47:00+00:00,FIVN,29.899999618530273,29.899999618530273,29.920000076293945,29.899999618530273,29.920000076293945,2342.0
2024-10-25 14:47:00+00:00,FLEX,35.2400016784668,35.2400016784668,35.2599983215332,35.2400016784668,35.25,5721.0
2024-10-25 14:47:00+00:00,FLYW,17.309999465942383,17.309999465942383,17.309999465942383,17.290000915527344,17.290000915527344,707.0
2024-10-25 14:47:00+00:00,FORM,44.76390075683594,44.76390075683594,44.76390075683594,44.76390075683594,44.76390075683594,311.0
2024-10-25 14:47:00+00:00,FSLR,198.43499755859375,198.43499755859375,198.43499755859375,198.43499755859375,198.43499755859375,465.0
2024-10-25 14:47:00+00:00,FTCI,0.6560999751091003,0.6560999751091003,0.6560999751091003,0.652999997138977,0.652999997138977,1834.0
2024-10-25 14:47:00+00:00,FTFT,0.3357999920845032,0.3357999920845032,0.3357999920845032,0.3357999920845032,0.3357999920845032,6207.0
2024-10-25 14:47:00+00:00,FTNT,80.4800033569336,80.4800033569336,80.4800033569336,80.45999908447266,80.47000122070312,5090.0
2024-10-25 14:47:00+00:00,GCT,24.719999313354492,24.719999313354492,24.719999313354492,24.719999313354492,24.719999313354492,377.0
2024-10-25 14:47:00+00:00,GDS,21.489999771118164,21.489999771118164,21.489999771118164,21.489999771118164,21.489999771118164,359.0
2024-10-25 14:47:00+00:00,GNSS,3.9000000953674316,3.9000000953674316,3.9000000953674316,3.9000000953674316,3.9000000953674316,0.0
2024-10-25 14:47:00+00:00,GPRO,1.309999942779541,1.309999942779541,1.309999942779541,1.309999942779541,1.309999942779541,1165.0
2024-10-25 14:47:00+00:00,GRAB,4.090000152587891,4.090000152587891,4.099999904632568,4.084000110626221,4.090000152587891,336858.0
2024-10-25 14:47:00+00:00,GRRRW,0.061799999326467514,0.061799999326467514,0.061799999326467514,0.061799999326467514,0.061799999326467514,1000.0
2024-10-25 14:47:00+00:00,GSIT,3.4066998958587646,3.4066998958587646,3.4066998958587646,3.4066998958587646,3.4066998958587646,308.0
2024-10-25 14:47:00+00:00,HCP,33.654998779296875,33.654998779296875,33.654998779296875,33.654998779296875,33.654998779296875,2083.0
2024-10-25 14:47:00+00:00,HIMX,6.195000171661377,6.195000171661377,6.195000171661377,6.195000171661377,6.195000171661377,909.0
2024-10-25 14:47:00+00:00,HLIT,14.774999618530273,14.774999618530273,14.779999732971191,14.774999618530273,14.779999732971191,417.0
2024-10-25 14:47:00+00:00,HOLO,3.6087000370025635,3.6087000370025635,3.609999895095825,3.5799999237060547,3.5850000381469727,26320.0
2024-10-25 14:47:00+00:00,HOOD,27.219999313354492,27.219999313354492,27.239999771118164,27.219999313354492,27.235000610351562,5728.0
2024-10-25 14:47:00+00:00,IBEX,18.040000915527344,18.040000915527344,18.040000915527344,18.040000915527344,18.040000915527344,175.0
2024-10-25 14:47:00+00:00,INDI,3.490000009536743,3.490000009536743,3.490000009536743,3.490000009536743,3.490000009536743,1082.0
2024-10-25 14:47:00+00:00,INOD,20.295000076293945,20.295000076293945,20.299999237060547,20.290000915527344,20.290000915527344,1708.0
2024-10-25 14:47:00+00:00,INTC,22.924999237060547,22.924999237060547,22.950000762939453,22.923099517822266,22.944000244140625,79263.0
2024-10-25 14:47:00+00:00,INTU,608.9600219726562,608.9600219726562,608.9600219726562,608.9600219726562,608.9600219726562,487.0
2024-10-25 14:47:00+00:00,IPGP,77.26499938964844,77.26499938964844,77.31500244140625,77.26499938964844,77.31500244140625,793.0
2024-10-25 14:47:00+00:00,KC,2.680000066757202,2.680000066757202,2.680000066757202,2.680000066757202,2.680000066757202,403.0
2024-10-25 14:47:00+00:00,KLAC,676.239990234375,676.239990234375,676.739990234375,676.0800170898438,676.739990234375,3198.0
2024-10-25 14:47:00+00:00,KLIC,44.58000183105469,44.58000183105469,44.58000183105469,44.58000183105469,44.58000183105469,546.0
2024-10-25 14:47:00+00:00,KOPN,0.7728999853134155,0.7728999853134155,0.7728999853134155,0.7727000117301941,0.7727000117301941,1081.0
2024-10-25 14:47:00+00:00,LITE,64.54000091552734,64.54000091552734,64.55999755859375,64.54000091552734,64.54000091552734,386.0
2024-10-25 14:47:00+00:00,LPSN,1.1699999570846558,1.1699999570846558,1.1699999570846558,1.1699999570846558,1.1699999570846558,601.0
2024-10-25 14:47:00+00:00,LRCX,78.48629760742188,78.48629760742188,78.56999969482422,78.48629760742188,78.55000305175781,12586.0
2024-10-25 14:47:00+00:00,LSCC,54.31999969482422,54.31999969482422,54.34000015258789,54.31999969482422,54.34000015258789,3402.0
2024-10-25 14:47:00+00:00,LTRX,4.110000133514404,4.110000133514404,4.114999771118164,4.110000133514404,4.114999771118164,1285.0
2024-10-25 14:47:00+00:00,LYFT,13.8100004196167,13.8100004196167,13.819999694824219,13.8100004196167,13.819999694824219,10212.0
2024-10-25 14:47:00+00:00,MCHP,76.79000091552734,76.79000091552734,76.80999755859375,76.79000091552734,76.8009033203125,3453.0
2024-10-25 14:47:00+00:00,MDB,267.3699951171875,267.3699951171875,267.3699951171875,267.3699951171875,267.3699951171875,1157.0
2024-10-25 14:47:00+00:00,MGIC,11.010100364685059,11.010100364685059,11.010100364685059,11.010100364685059,11.010100364685059,600.0
2024-10-25 14:47:00+00:00,MITK,8.760000228881836,8.760000228881836,8.760000228881836,8.760000228881836,8.760000228881836,212.0
2024-10-25 14:47:00+00:00,MKSI,101.25,101.25,101.33999633789062,101.22000122070312,101.30999755859375,2638.0
2024-10-25 14:47:00+00:00,MPWR,911.5999755859375,911.5999755859375,912.9199829101562,911.5999755859375,912.489990234375,1402.0
2024-10-25 14:47:00+00:00,MQ,5.3125,5.3125,5.320000171661377,5.3125,5.320000171661377,1932.0
2024-10-25 14:47:00+00:00,MRVL,82.24500274658203,82.24500274658203,82.29000091552734,82.24500274658203,82.29000091552734,7514.0
2024-10-25 14:47:00+00:00,MSFT,428.95001220703125,428.95001220703125,429.0174865722656,428.8500061035156,428.9549865722656,15670.0
2024-10-25 14:47:00+00:00,MSTR,236.61000061035156,236.61000061035156,237.3800048828125,236.45509338378906,237.3800048828125,33892.0
2024-10-25 14:47:00+00:00,MTC,0.37619999051094055,0.37619999051094055,0.37619999051094055,0.37380000948905945,0.37380000948905945,1630.0
2024-10-25 14:47:00+00:00,MTSI,120.79499816894531,120.79499816894531,121.12000274658203,120.76000213623047,121.0999984741211,2489.0
2024-10-25 14:47:00+00:00,MTTR,4.59499979019165,4.59499979019165,4.59499979019165,4.59499979019165,4.59499979019165,1985.0
2024-10-25 14:47:00+00:00,MU,108.62000274658203,108.62000274658203,108.75,108.62000274658203,108.75,10970.0
2024-10-25 14:47:00+00:00,MXL,14.859999656677246,14.859999656677246,14.890000343322754,14.859999656677246,14.890000343322754,3049.0
2024-10-25 14:47:00+00:00,NCNO,37.69580078125,37.69580078125,37.69580078125,37.69580078125,37.69580078125,351.0
2024-10-25 14:47:00+00:00,NOVT,173.82000732421875,173.82000732421875,173.82000732421875,173.82000732421875,173.82000732421875,1520.0
2024-10-25 14:47:00+00:00,NSIT,208.77000427246094,208.77000427246094,208.77000427246094,208.77000427246094,208.77000427246094,144.0
2024-10-25 14:47:00+00:00,NTAP,119.87000274658203,119.87000274658203,119.87000274658203,119.87000274658203,119.87000274658203,612.0
2024-10-25 14:47:00+00:00,NTNX,62.08000183105469,62.08000183105469,62.08000183105469,62.08000183105469,62.08000183105469,902.0
2024-10-25 14:47:00+00:00,NVDA,142.16000366210938,142.16000366210938,142.1999969482422,142.10000610351562,142.18699645996094,328072.0
2024-10-25 14:47:00+00:00,NVEI,33.494998931884766,33.494998931884766,33.494998931884766,33.494998931884766,33.494998931884766,308.0
2024-10-25 14:47:00+00:00,NVMI,183.55499267578125,183.55499267578125,183.55499267578125,183.55499267578125,183.55499267578125,266.0
2024-10-25 14:47:00+00:00,NVTS,2.5299999713897705,2.5299999713897705,2.5299999713897705,2.5299999713897705,2.5299999713897705,428.0
2024-10-25 14:47:00+00:00,NXPI,243.94000244140625,243.94000244140625,243.94500732421875,243.86000061035156,243.94500732421875,1890.0
2024-10-25 14:47:00+00:00,OKTA,72.26689910888672,72.26689910888672,72.27999877929688,72.26000213623047,72.27999877929688,742.0
2024-10-25 14:47:00+00:00,ON,71.37000274658203,71.37000274658203,71.44000244140625,71.36499786376953,71.44000244140625,9971.0
2024-10-25 14:47:00+00:00,ONDS,0.8402000069618225,0.8402000069618225,0.8402000069618225,0.8402000069618225,0.8402000069618225,500.0
2024-10-25 14:47:00+00:00,OSIS,135.36000061035156,135.36000061035156,135.47999572753906,135.36000061035156,135.47999572753906,1549.0
2024-10-25 14:47:00+00:00,PALT,1.9800000190734863,1.9800000190734863,1.9800000190734863,1.9800000190734863,1.9800000190734863,468.0
2024-10-25 14:47:00+00:00,PANW,367.20001220703125,367.20001220703125,367.20001220703125,367.20001220703125,367.20001220703125,377.0
2024-10-25 14:47:00+00:00,PEGA,79.69499969482422,79.69499969482422,79.72000122070312,79.6500015258789,79.71499633789062,2816.0
2024-10-25 14:47:00+00:00,PGY,11.829999923706055,11.829999923706055,11.829999923706055,11.829999923706055,11.829999923706055,1132.0
2024-10-25 14:47:00+00:00,PHUN,10.476099967956543,10.476099967956543,10.529999732971191,10.463600158691406,10.528300285339355,39504.0
2024-10-25 14:47:00+00:00,PLAB,23.670000076293945,23.670000076293945,23.670000076293945,23.670000076293945,23.670000076293945,1155.0
2024-10-25 14:47:00+00:00,PLUS,97.75,97.75,97.75,97.75,97.75,114.0
2024-10-25 14:47:00+00:00,PLXS,142.17999267578125,142.17999267578125,142.17999267578125,142.07000732421875,142.07000732421875,545.0
2024-10-25 14:47:00+00:00,PRSO,1.7699999809265137,1.7699999809265137,1.7699999809265137,1.7699999809265137,1.7699999809265137,108.0
2024-10-25 14:47:00+00:00,PTC,187.23500061035156,187.23500061035156,187.23500061035156,187.22000122070312,187.22000122070312,1054.0
2024-10-25 14:47:00+00:00,PXLW,0.7401999831199646,0.7401999831199646,0.7402999997138977,0.7401999831199646,0.7402999997138977,5802.0
2024-10-25 14:47:00+00:00,PYCR,14.336199760437012,14.336199760437012,14.336199760437012,14.336199760437012,14.336199760437012,413.0
2024-10-25 14:47:00+00:00,QCOM,171.27960205078125,171.27960205078125,171.2899932861328,171.25,171.2899932861328,2544.0
2024-10-25 14:47:00+00:00,QMCO,5.199999809265137,5.199999809265137,5.199999809265137,5.199999809265137,5.199999809265137,507.0
2024-10-25 14:47:00+00:00,QRVO,100.0,100.0,100.04000091552734,100.0,100.04000091552734,1315.0
2024-10-25 14:47:00+00:00,QUBT,1.0750000476837158,1.0750000476837158,1.0799000263214111,1.0708999633789062,1.0799000263214111,900.0
2024-10-25 14:47:00+00:00,RCAT,2.755199909210205,2.755199909210205,2.7564001083374023,2.75,2.75,1073.0
2024-10-25 14:47:00+00:00,REKR,1.0801000595092773,1.0801000595092773,1.090000033378601,1.0801000595092773,1.090000033378601,735.0
2024-10-25 14:47:00+00:00,RELY,14.869999885559082,14.869999885559082,14.869999885559082,14.869999885559082,14.869999885559082,342.0
2024-10-25 14:47:00+00:00,RGTI,1.2307000160217285,1.2307000160217285,1.2396999597549438,1.2307000160217285,1.2396999597549438,6302.0
2024-10-25 14:47:00+00:00,RIOT,9.87279987335205,9.87279987335205,9.88599967956543,9.869999885559082,9.88230037689209,20249.0
2024-10-25 14:47:00+00:00,RMBS,43.38999938964844,43.38999938964844,43.38999938964844,43.369998931884766,43.380001068115234,1738.0
2024-10-25 14:47:00+00:00,RPAY,7.704999923706055,7.704999923706055,7.704999923706055,7.704999923706055,7.704999923706055,1160.0
2024-10-25 14:47:00+00:00,RPD,38.810001373291016,38.810001373291016,38.810001373291016,38.810001373291016,38.810001373291016,164.0
2024-10-25 14:47:00+00:00,RUM,5.764999866485596,5.764999866485596,5.769999980926514,5.764999866485596,5.769999980926514,5691.0
2024-10-25 14:47:00+00:00,RUN,14.4350004196167,14.4350004196167,14.4350004196167,14.434000015258789,14.4350004196167,1875.0
2024-10-25 14:47:00+00:00,RXT,2.484999895095825,2.484999895095825,2.484999895095825,2.484999895095825,2.484999895095825,305.0
2024-10-25 14:47:00+00:00,SANM,67.69499969482422,67.69499969482422,67.69499969482422,67.69499969482422,67.69499969482422,156.0
2024-10-25 14:47:00+00:00,SCSC,44.79999923706055,44.79999923706055,44.79999923706055,44.79999923706055,44.79999923706055,316.0
2024-10-25 14:47:00+00:00,SEDG,15.869999885559082,15.869999885559082,15.885000228881836,15.869999885559082,15.885000228881836,4391.0
2024-10-25 14:47:00+00:00,SHLS,5.264999866485596,5.264999866485596,5.269999980926514,5.264999866485596,5.264999866485596,3816.0
2024-10-25 14:47:00+00:00,SIMO,56.439998626708984,56.439998626708984,56.439998626708984,56.439998626708984,56.439998626708984,275.0
2024-10-25 14:47:00+00:00,SKYT,10.569999694824219,10.569999694824219,10.569999694824219,10.569999694824219,10.569999694824219,976.0
2024-10-25 14:47:00+00:00,SLAB,114.65499877929688,114.65499877929688,114.65499877929688,114.65499877929688,114.65499877929688,1144.0
2024-10-25 14:47:00+00:00,SMCI,47.37379837036133,47.37379837036133,47.410099029541016,47.37379837036133,47.410099029541016,22068.0
2024-10-25 14:47:00+00:00,SMTC,45.775001525878906,45.775001525878906,45.80500030517578,45.775001525878906,45.80500030517578,424.0
2024-10-25 14:47:00+00:00,SNPS,502.7749938964844,502.7749938964844,502.7749938964844,502.7749938964844,502.7749938964844,1733.0
2024-10-25 14:47:00+00:00,SOUN,5.179999828338623,5.179999828338623,5.190000057220459,5.179999828338623,5.184999942779541,5986.0
2024-10-25 14:47:00+00:00,SPSC,170.3300018310547,170.3300018310547,170.8000030517578,170.3300018310547,170.8000030517578,1546.0
2024-10-25 14:47:00+00:00,SSNC,69.76000213623047,69.76000213623047,69.80000305175781,69.76000213623047,69.80000305175781,6916.0
2024-10-25 14:47:00+00:00,STNE,11.555000305175781,11.555000305175781,11.555000305175781,11.555000305175781,11.555000305175781,1014.0
2024-10-25 14:47:00+00:00,STX,103.6500015258789,103.6500015258789,103.73999786376953,103.6500015258789,103.70999908447266,4763.0
2024-10-25 14:47:00+00:00,SWKS,95.91500091552734,95.91500091552734,95.9800033569336,95.91500091552734,95.9800033569336,2087.0
2024-10-25 14:47:00+00:00,SYTA,1.319200038909912,1.319200038909912,1.319200038909912,1.319200038909912,1.319200038909912,677.0
2024-10-25 14:47:00+00:00,TEAM,189.5,189.5,189.57000732421875,189.5,189.5,846.0
2024-10-25 14:47:00+00:00,TENB,41.75,41.75,41.75,41.75,41.75,545.0
2024-10-25 14:47:00+00:00,TER,112.12999725341797,112.12999725341797,112.1500015258789,112.12999725341797,112.13999938964844,1745.0
2024-10-25 14:47:00+00:00,TRMB,61.02000045776367,61.02000045776367,61.040000915527344,61.02000045776367,61.040000915527344,1251.0
2024-10-25 14:47:00+00:00,TTD,119.08999633789062,119.08999633789062,119.11499786376953,119.08000183105469,119.11499786376953,2165.0
2024-10-25 14:47:00+00:00,TTEC,5.340000152587891,5.340000152587891,5.340000152587891,5.339700222015381,5.340000152587891,1661.0
2024-10-25 14:47:00+00:00,TTMI,19.68000030517578,19.68000030517578,19.68000030517578,19.659700393676758,19.659700393676758,3466.0
2024-10-25 14:47:00+00:00,TWKS,4.440000057220459,4.440000057220459,4.449999809265137,4.440000057220459,4.440000057220459,1522.0
2024-10-25 14:47:00+00:00,TXN,207.80999755859375,207.80999755859375,207.8800048828125,207.80999755859375,207.85000610351562,3604.0
2024-10-25 14:47:00+00:00,UCTT,35.810001373291016,35.810001373291016,35.81999969482422,35.79999923706055,35.81999969482422,1450.0
2024-10-25 14:47:00+00:00,UPLD,2.119999885559082,2.119999885559082,2.119999885559082,2.119999885559082,2.119999885559082,505.0
2024-10-25 14:47:00+00:00,VECO,29.325000762939453,29.325000762939453,29.325000762939453,29.325000762939453,29.325000762939453,172.0
2024-10-25 14:47:00+00:00,VIAV,9.210000038146973,9.210000038146973,9.210000038146973,9.204400062561035,9.204999923706055,1710.0
2024-10-25 14:47:00+00:00,VICR,46.59000015258789,46.59000015258789,46.59000015258789,46.54999923706055,46.57500076293945,1456.0
2024-10-25 14:47:00+00:00,VMEO,4.760000228881836,4.760000228881836,4.760000228881836,4.755000114440918,4.760000228881836,838.0
2024-10-25 14:47:00+00:00,VNET,3.4200000762939453,3.4200000762939453,3.4200000762939453,3.4200000762939453,3.4200000762939453,202.0
2024-10-25 14:47:00+00:00,VRNS,56.834999084472656,56.834999084472656,56.834999084472656,56.83000183105469,56.83000183105469,2013.0
2024-10-25 14:47:00+00:00,VRNT,21.959999084472656,21.959999084472656,21.959999084472656,21.959999084472656,21.959999084472656,492.0
2024-10-25 14:47:00+00:00,VRSN,183.1199951171875,183.1199951171875,183.125,183.1199951171875,183.125,960.0
2024-10-25 14:47:00+00:00,VSAT,10.180000305175781,10.180000305175781,10.180000305175781,10.180000305175781,10.180000305175781,5052.0
2024-10-25 14:47:00+00:00,VUZI,1.2999999523162842,1.2999999523162842,1.2999999523162842,1.2999999523162842,1.2999999523162842,9114.0
2024-10-25 14:47:00+00:00,WDC,70.11000061035156,70.11000061035156,70.26000213623047,70.11000061035156,70.26000213623047,16618.0
2024-10-25 14:47:00+00:00,WISA,2.0339999198913574,2.0339999198913574,2.0339999198913574,2.0302000045776367,2.0302000045776367,8734.0
2024-10-25 14:47:00+00:00,WIX,164.86000061035156,164.86000061035156,164.86000061035156,164.86000061035156,164.86000061035156,380.0
2024-10-25 14:47:00+00:00,XPER,9.40999984741211,9.40999984741211,9.414999961853027,9.40999984741211,9.40999984741211,1199.0
2024-10-25 14:47:00+00:00,XRX,10.015000343322754,10.015000343322754,10.015000343322754,10.015000343322754,10.015000343322754,860.0
2024-10-25 14:47:00+00:00,ZBRA,361.2950134277344,361.2950134277344,361.44000244140625,361.2950134277344,361.2950134277344,809.0
2024-10-25 14:47:00+00:00,ZI,10.520000457763672,10.520000457763672,10.520000457763672,10.515000343322754,10.520000457763672,2838.0
2024-10-25 14:47:00+00:00,ZM,72.88999938964844,72.88999938964844,73.01000213623047,72.88999938964844,73.0,5757.0
2024-10-25 14:48:00+00:00,AAOI,17.739999771118164,17.739999771118164,17.739999771118164,17.739999771118164,17.739999771118164,497.0
2024-10-25 14:48:00+00:00,AAPL,232.0050048828125,232.0050048828125,232.0749969482422,231.9600067138672,231.9600067138672,72441.0
2024-10-25 14:48:00+00:00,ACMR,19.649999618530273,19.649999618530273,19.649999618530273,19.649999618530273,19.649999618530273,537.0
2024-10-25 14:48:00+00:00,ADBE,483.6600036621094,483.6600036621094,483.6600036621094,483.3599853515625,483.5,5240.0
2024-10-25 14:48:00+00:00,ADI,231.72000122070312,231.72000122070312,231.72000122070312,231.4949951171875,231.4949951171875,2577.0
2024-10-25 14:48:00+00:00,ADSK,286.44000244140625,286.44000244140625,286.44000244140625,286.44000244140625,286.44000244140625,762.0
2024-10-25 14:48:00+00:00,ADTN,6.28000020980835,6.28000020980835,6.28000020980835,6.28000020980835,6.28000020980835,400.0
2024-10-25 14:48:00+00:00,AFRM,41.54999923706055,41.54999923706055,41.560298919677734,41.525001525878906,41.536399841308594,3329.0
2024-10-25 14:48:00+00:00,AKAM,102.12000274658203,102.12000274658203,102.12000274658203,102.12000274658203,102.12000274658203,1062.0
2024-10-25 14:48:00+00:00,ALGM,23.139999389648438,23.139999389648438,23.139999389648438,23.114599227905273,23.1200008392334,4036.0
2024-10-25 14:48:00+00:00,AMAT,187.42999267578125,187.42999267578125,187.47999572753906,187.33999633789062,187.3739013671875,2281.0
2024-10-25 14:48:00+00:00,AMD,156.6999969482422,156.6999969482422,156.7196044921875,156.5363006591797,156.5399932861328,44539.0
2024-10-25 14:48:00+00:00,AMKR,30.059999465942383,30.059999465942383,30.059999465942383,30.045000076293945,30.059999465942383,2776.0
2024-10-25 14:48:00+00:00,AMPG,1.0400999784469604,1.0400999784469604,1.0400999784469604,1.0400999784469604,1.0400999784469604,264.0
2024-10-25 14:48:00+00:00,ANSS,323.739990234375,323.739990234375,323.739990234375,323.4949951171875,323.4949951171875,630.0
2024-10-25 14:48:00+00:00,API,2.880000114440918,2.880000114440918,2.880000114440918,2.880000114440918,2.880000114440918,300.0
2024-10-25 14:48:00+00:00,APP,161.9499969482422,161.9499969482422,161.97000122070312,161.77999877929688,161.77999877929688,3298.0
2024-10-25 14:48:00+00:00,APPN,32.189998626708984,32.189998626708984,32.189998626708984,32.189998626708984,32.189998626708984,635.0
2024-10-25 14:48:00+00:00,ARRY,6.445300102233887,6.445300102233887,6.449999809265137,6.44379997253418,6.445000171661377,9004.0
2024-10-25 14:48:00+00:00,ASML,715.1900024414062,715.1900024414062,715.1900024414062,715.1900024414062,715.1900024414062,447.0
2024-10-25 14:48:00+00:00,ASNS,1.2999999523162842,1.2999999523162842,1.2999999523162842,1.2999999523162842,1.2999999523162842,0.0
2024-10-25 14:48:00+00:00,AUR,6.385000228881836,6.385000228881836,6.385000228881836,6.385000228881836,6.385000228881836,3320.0
2024-10-25 14:48:00+00:00,AVDX,8.15999984741211,8.15999984741211,8.15999984741211,8.149999618530273,8.149999618530273,767.0
2024-10-25 14:48:00+00:00,AVGO,174.48500061035156,174.48500061035156,174.52999877929688,174.31500244140625,174.31500244140625,18517.0
2024-10-25 14:48:00+00:00,AVNW,20.709999084472656,20.709999084472656,20.709999084472656,20.709999084472656,20.709999084472656,504.0
2024-10-25 14:48:00+00:00,AVT,54.09000015258789,54.09000015258789,54.099998474121094,54.08000183105469,54.099998474121094,1057.0
2024-10-25 14:48:00+00:00,BIGC,5.304999828338623,5.304999828338623,5.304999828338623,5.300000190734863,5.300000190734863,742.0
2024-10-25 14:48:00+00:00,BL,56.36000061035156,56.36000061035156,56.36000061035156,56.36000061035156,56.36000061035156,533.0
2024-10-25 14:48:00+00:00,BLKB,85.98999786376953,85.98999786376953,85.98999786376953,85.98999786376953,85.98999786376953,1281.0
2024-10-25 14:48:00+00:00,BMBL,7.079999923706055,7.079999923706055,7.079999923706055,7.079999923706055,7.079999923706055,244.0
2024-10-25 14:48:00+00:00,CAMT,77.69000244140625,77.69000244140625,77.69000244140625,77.69000244140625,77.69000244140625,2423.0
2024-10-25 14:48:00+00:00,CAN,0.9753999710083008,0.9753999710083008,0.9799000024795532,0.9753999710083008,0.9799000024795532,470.0
2024-10-25 14:48:00+00:00,CDNS,258.4849853515625,258.4849853515625,258.4849853515625,258.43499755859375,258.43499755859375,1840.0
2024-10-25 14:48:00+00:00,CDW,218.2899932861328,218.2899932861328,218.2899932861328,218.27999877929688,218.27999877929688,727.0
2024-10-25 14:48:00+00:00,CETX,0.3046000003814697,0.3046000003814697,0.3046000003814697,0.30379998683929443,0.30379998683929443,16582.0
2024-10-25 14:48:00+00:00,CFLT,22.56999969482422,22.56999969482422,22.56999969482422,22.559999465942383,22.559999465942383,1861.0
2024-10-25 14:48:00+00:00,CGNX,38.900001525878906,38.900001525878906,38.90999984741211,38.900001525878906,38.90999984741211,1476.0
2024-10-25 14:48:00+00:00,CLSK,11.765999794006348,11.765999794006348,11.788599967956543,11.760000228881836,11.772700309753418,42486.0
2024-10-25 14:48:00+00:00,CMBM,1.2599999904632568,1.2599999904632568,1.2599999904632568,1.2599999904632568,1.2599999904632568,289.0
2024-10-25 14:48:00+00:00,CMTL,3.740000009536743,3.740000009536743,3.740000009536743,3.740000009536743,3.740000009536743,593.0
2024-10-25 14:48:00+00:00,CNDT,3.5950000286102295,3.5950000286102295,3.5950000286102295,3.5950000286102295,3.5950000286102295,916.0
2024-10-25 14:48:00+00:00,COHR,95.87000274658203,95.87000274658203,95.87000274658203,95.86000061035156,95.86000061035156,955.0
2024-10-25 14:48:00+00:00,COIN,208.47999572753906,208.47999572753906,208.58999633789062,208.25999450683594,208.25999450683594,6879.0
2024-10-25 14:48:00+00:00,COMM,6.244999885559082,6.244999885559082,6.244999885559082,6.235000133514404,6.239999771118164,4361.0
2024-10-25 14:48:00+00:00,CORZ,13.413000106811523,13.413000106811523,13.4350004196167,13.413000106811523,13.419699668884277,11425.0
2024-10-25 14:48:00+00:00,CRCT,6.585000038146973,6.585000038146973,6.585000038146973,6.585000038146973,6.585000038146973,316.0
2024-10-25 14:48:00+00:00,CRDO,39.20000076293945,39.20000076293945,39.20000076293945,39.20000076293945,39.20000076293945,393.0
2024-10-25 14:48:00+00:00,CRSR,6.34499979019165,6.34499979019165,6.34499979019165,6.34499979019165,6.34499979019165,359.0
2024-10-25 14:48:00+00:00,CRWD,297.4309997558594,297.4309997558594,297.639892578125,297.2200012207031,297.2221984863281,17370.0
2024-10-25 14:48:00+00:00,CSCO,55.78499984741211,55.78499984741211,55.79499816894531,55.77000045776367,55.775001525878906,21395.0
2024-10-25 14:48:00+00:00,CTLP,8.890000343322754,8.890000343322754,8.890000343322754,8.890000343322754,8.890000343322754,853.0
2024-10-25 14:48:00+00:00,CTSH,74.83380126953125,74.83380126953125,74.83380126953125,74.80999755859375,74.80999755859375,3590.0
2024-10-25 14:48:00+00:00,CVLT,134.42999267578125,134.42999267578125,134.52999877929688,134.42999267578125,134.52999877929688,415.0
2024-10-25 14:48:00+00:00,CYBR,290.25,290.25,290.25,290.25,290.25,821.0
2024-10-25 14:48:00+00:00,DAKT,13.100000381469727,13.100000381469727,13.100000381469727,13.083600044250488,13.09000015258789,727.0
2024-10-25 14:48:00+00:00,DBX,26.075000762939453,26.075000762939453,26.086000442504883,26.075000762939453,26.079999923706055,4754.0
2024-10-25 14:48:00+00:00,DDOG,126.41000366210938,126.41000366210938,126.44999694824219,126.375,126.375,3070.0
2024-10-25 14:48:00+00:00,DGII,30.1299991607666,30.1299991607666,30.1299991607666,30.1299991607666,30.1299991607666,292.0
2024-10-25 14:48:00+00:00,DLO,8.869999885559082,8.869999885559082,8.869999885559082,8.868399620056152,8.868399620056152,845.0
2024-10-25 14:48:00+00:00,DOCU,68.80500030517578,68.80500030517578,68.83000183105469,68.80000305175781,68.80000305175781,7689.0
2024-10-25 14:48:00+00:00,DOMO,8.099900245666504,8.099900245666504,8.099900245666504,8.099900245666504,8.099900245666504,777.0
2024-10-25 14:48:00+00:00,DOX,89.37999725341797,89.37999725341797,89.37999725341797,89.37999725341797,89.37999725341797,259.0
2024-10-25 14:48:00+00:00,ENPH,83.78500366210938,83.78500366210938,83.80000305175781,83.7300033569336,83.76499938964844,7323.0
2024-10-25 14:48:00+00:00,ENTG,104.6500015258789,104.6500015258789,104.66999816894531,104.6500015258789,104.66999816894531,2037.0
2024-10-25 14:48:00+00:00,ERIC,8.460000038146973,8.460000038146973,8.460000038146973,8.449999809265137,8.460000038146973,16043.0
2024-10-25 14:48:00+00:00,EXLS,38.7599983215332,38.7599983215332,38.7599983215332,38.7599983215332,38.7599983215332,2863.0
2024-10-25 14:48:00+00:00,EXTR,14.380000114440918,14.380000114440918,14.380000114440918,14.380000114440918,14.380000114440918,402.0
2024-10-25 14:48:00+00:00,FFIV,216.33999633789062,216.33999633789062,216.33999633789062,216.33999633789062,216.33999633789062,726.0
2024-10-25 14:48:00+00:00,FIVN,29.889999389648438,29.889999389648438,29.896099090576172,29.875,29.889999389648438,2575.0
2024-10-25 14:48:00+00:00,FLEX,35.23500061035156,35.23500061035156,35.244998931884766,35.23500061035156,35.2400016784668,2657.0
2024-10-25 14:48:00+00:00,FLYW,17.280000686645508,17.280000686645508,17.295000076293945,17.280000686645508,17.295000076293945,1153.0
2024-10-25 14:48:00+00:00,FROG,29.290000915527344,29.290000915527344,29.290000915527344,29.290000915527344,29.290000915527344,495.0
2024-10-25 14:48:00+00:00,FRSH,11.625,11.625,11.625,11.619999885559082,11.619999885559082,773.0
2024-10-25 14:48:00+00:00,FSLR,198.4499969482422,198.4499969482422,198.4499969482422,198.4499969482422,198.4499969482422,881.0
2024-10-25 14:48:00+00:00,FTCI,0.6581000089645386,0.6581000089645386,0.6581000089645386,0.6581000089645386,0.6581000089645386,343.0
2024-10-25 14:48:00+00:00,FTNT,80.52999877929688,80.52999877929688,80.54000091552734,80.5,80.5,4456.0
2024-10-25 14:48:00+00:00,GCT,24.729999542236328,24.729999542236328,24.729999542236328,24.729999542236328,24.729999542236328,852.0
2024-10-25 14:48:00+00:00,GDS,21.479999542236328,21.479999542236328,21.489999771118164,21.479999542236328,21.489999771118164,1767.0
2024-10-25 14:48:00+00:00,GFS,40.625,40.625,40.630001068115234,40.625,40.630001068115234,1046.0
2024-10-25 14:48:00+00:00,GILT,4.940000057220459,4.940000057220459,4.940000057220459,4.940000057220459,4.940000057220459,559.0
2024-10-25 14:48:00+00:00,GNSS,3.890000104904175,3.890000104904175,3.9000000953674316,3.890000104904175,3.9000000953674316,3183.0
2024-10-25 14:48:00+00:00,GRAB,4.09499979019165,4.09499979019165,4.09499979019165,4.090000152587891,4.091000080108643,79423.0
2024-10-25 14:48:00+00:00,GRRR,4.46999979019165,4.46999979019165,4.489999771118164,4.46999979019165,4.489999771118164,299.0
2024-10-25 14:48:00+00:00,GSIT,3.4100000858306885,3.4100000858306885,3.4100000858306885,3.4100000858306885,3.4100000858306885,131.0
2024-10-25 14:48:00+00:00,HCKT,24.68670082092285,24.68670082092285,24.68670082092285,24.68670082092285,24.68670082092285,406.0
2024-10-25 14:48:00+00:00,HCP,33.654998779296875,33.654998779296875,33.654998779296875,33.654998779296875,33.654998779296875,1927.0
2024-10-25 14:48:00+00:00,HIMX,6.195000171661377,6.195000171661377,6.195000171661377,6.195000171661377,6.195000171661377,631.0
2024-10-25 14:48:00+00:00,HOOD,27.229999542236328,27.229999542236328,27.239999771118164,27.219999313354492,27.219999313354492,3953.0
2024-10-25 14:48:00+00:00,ICHR,27.59000015258789,27.59000015258789,27.59000015258789,27.576499938964844,27.576499938964844,1617.0
2024-10-25 14:48:00+00:00,INFN,6.768899917602539,6.768899917602539,6.768899917602539,6.768899917602539,6.768899917602539,331.0
2024-10-25 14:48:00+00:00,INOD,20.31999969482422,20.31999969482422,20.31999969482422,20.31999969482422,20.31999969482422,336.0
2024-10-25 14:48:00+00:00,INTA,50.11000061035156,50.11000061035156,50.11000061035156,50.095001220703125,50.095001220703125,925.0
2024-10-25 14:48:00+00:00,INTC,22.947799682617188,22.947799682617188,22.950000762939453,22.920000076293945,22.923999786376953,45369.0
2024-10-25 14:48:00+00:00,INTU,609.3400268554688,609.3400268554688,609.4500122070312,609.22998046875,609.25,4788.0
2024-10-25 14:48:00+00:00,ITI,7.199999809265137,7.199999809265137,7.199999809265137,7.195000171661377,7.195000171661377,1027.0
2024-10-25 14:48:00+00:00,JAMF,16.799999237060547,16.799999237060547,16.799999237060547,16.799999237060547,16.799999237060547,618.0
2024-10-25 14:48:00+00:00,JKHY,182.73170471191406,182.73170471191406,182.7899932861328,182.6699981689453,182.6699981689453,2384.0
2024-10-25 14:48:00+00:00,KC,2.680000066757202,2.680000066757202,2.680000066757202,2.680000066757202,2.680000066757202,401.0
2024-10-25 14:48:00+00:00,KLAC,676.1300048828125,676.1300048828125,676.7000122070312,676.1300048828125,676.6500244140625,1852.0
2024-10-25 14:48:00+00:00,KLIC,44.584999084472656,44.584999084472656,44.584999084472656,44.58000183105469,44.58000183105469,647.0
2024-10-25 14:48:00+00:00,LITE,64.5199966430664,64.5199966430664,64.55999755859375,64.5199966430664,64.55999755859375,1354.0
2024-10-25 14:48:00+00:00,LOGI,80.79000091552734,80.79000091552734,80.80000305175781,80.78500366210938,80.78500366210938,1367.0
2024-10-25 14:48:00+00:00,LPSN,1.1699999570846558,1.1699999570846558,1.1699999570846558,1.1660000085830688,1.1660000085830688,2133.0
2024-10-25 14:48:00+00:00,LRCX,78.54000091552734,78.54000091552734,78.58000183105469,78.5,78.5,17486.0
2024-10-25 14:48:00+00:00,LSCC,54.334999084472656,54.334999084472656,54.334999084472656,54.314998626708984,54.314998626708984,1677.0
2024-10-25 14:48:00+00:00,LYFT,13.8149995803833,13.8149995803833,13.815999984741211,13.810099601745605,13.8149995803833,3754.0
2024-10-25 14:48:00+00:00,MANH,276.05999755859375,276.05999755859375,276.05999755859375,276.05999755859375,276.05999755859375,1944.0
2024-10-25 14:48:00+00:00,MAPS,0.8420000076293945,0.8420000076293945,0.8420000076293945,0.8420000076293945,0.8420000076293945,7137.0
2024-10-25 14:48:00+00:00,MAXN,5.784999847412109,5.784999847412109,5.784999847412109,5.784999847412109,5.784999847412109,298.0
2024-10-25 14:48:00+00:00,MCHP,76.8499984741211,76.8499984741211,76.8499984741211,76.80999755859375,76.80999755859375,4373.0
2024-10-25 14:48:00+00:00,MDB,267.55999755859375,267.55999755859375,267.6400146484375,267.30999755859375,267.3699951171875,5209.0
2024-10-25 14:48:00+00:00,MITK,8.760000228881836,8.760000228881836,8.760000228881836,8.760000228881836,8.760000228881836,144.0
2024-10-25 14:48:00+00:00,MKSI,101.2699966430664,101.2699966430664,101.2699966430664,101.2699966430664,101.2699966430664,494.0
2024-10-25 14:48:00+00:00,MLAB,112.80000305175781,112.80000305175781,112.80000305175781,112.45500183105469,112.45500183105469,3110.0
2024-10-25 14:48:00+00:00,MPWR,911.739990234375,911.739990234375,912.6099853515625,911.2100219726562,911.905029296875,1803.0
2024-10-25 14:48:00+00:00,MQ,5.320000171661377,5.320000171661377,5.320000171661377,5.315000057220459,5.320000171661377,2275.0
2024-10-25 14:48:00+00:00,MRVL,82.30500030517578,82.30500030517578,82.31500244140625,82.26499938964844,82.2699966430664,4968.0
2024-10-25 14:48:00+00:00,MSFT,429.1400146484375,429.1400146484375,429.2449951171875,428.9949951171875,429.0,16627.0
2024-10-25 14:48:00+00:00,MSTR,236.8350067138672,236.8350067138672,237.13999938964844,236.55999755859375,236.72500610351562,24665.0
2024-10-25 14:48:00+00:00,MTSI,120.7750015258789,120.7750015258789,120.79499816894531,120.7750015258789,120.79499816894531,612.0
2024-10-25 14:48:00+00:00,MTTR,4.59499979019165,4.59499979019165,4.59499979019165,4.59499979019165,4.59499979019165,787.0
2024-10-25 14:48:00+00:00,MU,108.69000244140625,108.69000244140625,108.73989868164062,108.62999725341797,108.63999938964844,11855.0
2024-10-25 14:48:00+00:00,MXL,14.859999656677246,14.859999656677246,14.859999656677246,14.859999656677246,14.859999656677246,529.0
2024-10-25 14:48:00+00:00,NCNO,37.68000030517578,37.68000030517578,37.70000076293945,37.68000030517578,37.70000076293945,2156.0
2024-10-25 14:48:00+00:00,NNDM,2.325000047683716,2.325000047683716,2.325000047683716,2.325000047683716,2.325000047683716,2518.0
2024-10-25 14:48:00+00:00,NTAP,119.91999816894531,119.91999816894531,119.93000030517578,119.8949966430664,119.8949966430664,1028.0
2024-10-25 14:48:00+00:00,NTCT,20.649999618530273,20.649999618530273,20.649999618530273,20.649999618530273,20.649999618530273,577.0
2024-10-25 14:48:00+00:00,NTNX,62.108001708984375,62.108001708984375,62.108001708984375,62.099998474121094,62.099998474121094,685.0
2024-10-25 14:48:00+00:00,NVDA,142.22000122070312,142.22000122070312,142.27999877929688,142.13999938964844,142.16009521484375,469545.0
2024-10-25 14:48:00+00:00,NVEI,33.494998931884766,33.494998931884766,33.494998931884766,33.494998931884766,33.494998931884766,1040.0
2024-10-25 14:48:00+00:00,NXPI,244.00999450683594,244.00999450683594,244.00999450683594,243.8699951171875,243.8699951171875,2164.0
2024-10-25 14:48:00+00:00,OKTA,72.23999786376953,72.23999786376953,72.2699966430664,72.23999786376953,72.26000213623047,2564.0
2024-10-25 14:48:00+00:00,ON,71.41999816894531,71.41999816894531,71.43900299072266,71.38999938964844,71.38999938964844,7291.0
2024-10-25 14:48:00+00:00,OSIS,135.5399932861328,135.5399932861328,135.5399932861328,135.3699951171875,135.3699951171875,2699.0
2024-10-25 14:48:00+00:00,PANW,367.3699951171875,367.3699951171875,367.4100036621094,367.25,367.3212890625,1493.0
2024-10-25 14:48:00+00:00,PAYO,8.324999809265137,8.324999809265137,8.324999809265137,8.324999809265137,8.324999809265137,979.0
2024-10-25 14:48:00+00:00,PEGA,79.69499969482422,79.69499969482422,79.70999908447266,79.69000244140625,79.70999908447266,2540.0
2024-10-25 14:48:00+00:00,PGY,11.854999542236328,11.854999542236328,11.869999885559082,11.829999923706055,11.829999923706055,4592.0
2024-10-25 14:48:00+00:00,PHUN,10.484999656677246,10.484999656677246,10.529999732971191,10.460000038146973,10.470000267028809,62135.0
2024-10-25 14:48:00+00:00,PI,202.10000610351562,202.10000610351562,202.10000610351562,202.10000610351562,202.10000610351562,317.0
2024-10-25 14:48:00+00:00,PLAB,23.66990089416504,23.66990089416504,23.66990089416504,23.66990089416504,23.66990089416504,748.0
2024-10-25 14:48:00+00:00,PLUS,97.91000366210938,97.91000366210938,97.91000366210938,97.91000366210938,97.91000366210938,363.0
2024-10-25 14:48:00+00:00,PLXS,142.26499938964844,142.26499938964844,142.26499938964844,142.26499938964844,142.26499938964844,349.0
2024-10-25 14:48:00+00:00,PRCH,1.315000057220459,1.315000057220459,1.315000057220459,1.315000057220459,1.315000057220459,262.0
2024-10-25 14:48:00+00:00,PRSO,1.7511999607086182,1.7511999607086182,1.7511999607086182,1.7511999607086182,1.7511999607086182,2848.0
2024-10-25 14:48:00+00:00,PRST,0.00279999990016222,0.00279999990016222,0.00279999990016222,0.00279999990016222,0.00279999990016222,4000.0
2024-10-25 14:48:00+00:00,PTC,187.3300018310547,187.3300018310547,187.3300018310547,187.22999572753906,187.22999572753906,4199.0
2024-10-25 14:48:00+00:00,PYCR,14.34000015258789,14.34000015258789,14.34000015258789,14.34000015258789,14.34000015258789,183.0
2024-10-25 14:48:00+00:00,QCOM,171.34500122070312,171.34500122070312,171.3800048828125,171.22999572753906,171.25,2758.0
2024-10-25 14:48:00+00:00,QLYS,120.91500091552734,120.91500091552734,120.91500091552734,120.91500091552734,120.91500091552734,501.0
2024-10-25 14:48:00+00:00,QRVO,100.00499725341797,100.00499725341797,100.05000305175781,99.98999786376953,100.05000305175781,587.0
2024-10-25 14:48:00+00:00,QUBT,1.0707999467849731,1.0707999467849731,1.0707999467849731,1.0707999467849731,1.0707999467849731,1026.0
2024-10-25 14:48:00+00:00,REKR,1.090000033378601,1.090000033378601,1.090000033378601,1.090000033378601,1.090000033378601,103.0
2024-10-25 14:48:00+00:00,RELY,14.864999771118164,14.864999771118164,14.869999885559082,14.864999771118164,14.869999885559082,458.0
2024-10-25 14:48:00+00:00,RGTI,1.2304999828338623,1.2304999828338623,1.2350000143051147,1.2300000190734863,1.2300000190734863,18729.0
2024-10-25 14:48:00+00:00,RIOT,9.866000175476074,9.866000175476074,9.869799613952637,9.854999542236328,9.859999656677246,26923.0
2024-10-25 14:48:00+00:00,RMBS,43.400001525878906,43.400001525878906,43.400001525878906,43.38999938964844,43.38999938964844,1675.0
2024-10-25 14:48:00+00:00,RPD,38.79499816894531,38.79499816894531,38.79499816894531,38.79499816894531,38.79499816894531,197.0
2024-10-25 14:48:00+00:00,RUM,5.7677998542785645,5.7677998542785645,5.7677998542785645,5.7677998542785645,5.7677998542785645,220.0
2024-10-25 14:48:00+00:00,RUN,14.420000076293945,14.420000076293945,14.4350004196167,14.420000076293945,14.4350004196167,13683.0
2024-10-25 14:48:00+00:00,SANM,67.69499969482422,67.69499969482422,67.69499969482422,67.69499969482422,67.69499969482422,200.0
2024-10-25 14:48:00+00:00,SCSC,44.779998779296875,44.779998779296875,44.79999923706055,44.779998779296875,44.79999923706055,898.0
2024-10-25 14:48:00+00:00,SEDG,15.869999885559082,15.869999885559082,15.869999885559082,15.859999656677246,15.859999656677246,1596.0
2024-10-25 14:48:00+00:00,SMCI,47.47370147705078,47.47370147705078,47.47370147705078,47.380001068115234,47.380001068115234,41642.0
2024-10-25 14:48:00+00:00,SMTC,45.79999923706055,45.79999923706055,45.810001373291016,45.79499816894531,45.79499816894531,543.0
2024-10-25 14:48:00+00:00,SNCR,10.600000381469727,10.600000381469727,10.600000381469727,10.600000381469727,10.600000381469727,354.0
2024-10-25 14:48:00+00:00,SNPS,503.1499938964844,503.1499938964844,503.1499938964844,503.1499938964844,503.1499938964844,793.0
2024-10-25 14:48:00+00:00,SONO,12.725000381469727,12.725000381469727,12.725000381469727,12.715999603271484,12.715999603271484,1122.0
2024-10-25 14:48:00+00:00,SOUN,5.184999942779541,5.184999942779541,5.190000057220459,5.184999942779541,5.184999942779541,3160.0
2024-10-25 14:48:00+00:00,SOUNW,1.875,1.875,1.875,1.875,1.875,704.0
2024-10-25 14:48:00+00:00,SPNS,36.5260009765625,36.5260009765625,36.5260009765625,36.5260009765625,36.5260009765625,428.0
2024-10-25 14:48:00+00:00,SPSC,170.51499938964844,170.51499938964844,170.63999938964844,170.38999938964844,170.38999938964844,1520.0
2024-10-25 14:48:00+00:00,SPT,26.915000915527344,26.915000915527344,26.915000915527344,26.915000915527344,26.915000915527344,111.0
2024-10-25 14:48:00+00:00,SSNC,69.7699966430664,69.7699966430664,69.7699966430664,69.76000213623047,69.76000213623047,2154.0
2024-10-25 14:48:00+00:00,SSYS,7.039999961853027,7.039999961853027,7.039999961853027,7.03000020980835,7.03000020980835,421.0
2024-10-25 14:48:00+00:00,STER,16.735000610351562,16.735000610351562,16.735000610351562,16.735000610351562,16.735000610351562,618.0
2024-10-25 14:48:00+00:00,STNE,11.545000076293945,11.545000076293945,11.555000305175781,11.545000076293945,11.555000305175781,10348.0
2024-10-25 14:48:00+00:00,STX,103.71499633789062,103.71499633789062,103.75,103.62999725341797,103.63999938964844,3830.0
2024-10-25 14:48:00+00:00,SVRE,0.07890000194311142,0.07890000194311142,0.07890000194311142,0.07829999923706055,0.07829999923706055,5266.0
2024-10-25 14:48:00+00:00,SWKS,95.93180084228516,95.93180084228516,95.95500183105469,95.91000366210938,95.91500091552734,2620.0
2024-10-25 14:48:00+00:00,SWVL,3.300100088119507,3.300100088119507,3.300100088119507,3.299999952316284,3.299999952316284,839.0
2024-10-25 14:48:00+00:00,SYNA,72.49500274658203,72.49500274658203,72.49500274658203,72.49500274658203,72.49500274658203,168.0
2024-10-25 14:48:00+00:00,SYTA,1.309999942779541,1.309999942779541,1.309999942779541,1.309999942779541,1.309999942779541,219.0
2024-10-25 14:48:00+00:00,TEAM,189.56500244140625,189.56500244140625,189.5749969482422,189.56500244140625,189.57000732421875,1359.0
2024-10-25 14:48:00+00:00,TENB,41.77000045776367,41.77000045776367,41.77000045776367,41.7599983215332,41.7599983215332,635.0
2024-10-25 14:48:00+00:00,TER,112.1500015258789,112.1500015258789,112.19999694824219,112.1449966430664,112.1449966430664,3606.0
2024-10-25 14:48:00+00:00,TSEM,44.70000076293945,44.70000076293945,44.70000076293945,44.70000076293945,44.70000076293945,532.0
2024-10-25 14:48:00+00:00,TTD,119.22000122070312,119.22000122070312,119.28500366210938,119.12000274658203,119.12000274658203,4451.0
2024-10-25 14:48:00+00:00,TTMI,19.700000762939453,19.700000762939453,19.700000762939453,19.700000762939453,19.700000762939453,639.0
2024-10-25 14:48:00+00:00,TWKS,4.440000057220459,4.440000057220459,4.440000057220459,4.440000057220459,4.440000057220459,2645.0
2024-10-25 14:48:00+00:00,TXN,207.99099731445312,207.99099731445312,208.0399932861328,207.8125,207.82000732421875,5885.0
2024-10-25 14:48:00+00:00,VECO,29.31570053100586,29.31570053100586,29.31570053100586,29.310100555419922,29.310100555419922,611.0
2024-10-25 14:48:00+00:00,VERB,10.70419979095459,10.70419979095459,10.70419979095459,10.70419979095459,10.70419979095459,380.0
2024-10-25 14:48:00+00:00,VERI,3.4000000953674316,3.4000000953674316,3.4000000953674316,3.390000104904175,3.390000104904175,603.0
2024-10-25 14:48:00+00:00,VERX,42.14500045776367,42.14500045776367,42.14500045776367,42.14500045776367,42.14500045776367,1011.0
2024-10-25 14:48:00+00:00,VIAV,9.204999923706055,9.204999923706055,9.204999923706055,9.204999923706055,9.204999923706055,218.0
2024-10-25 14:48:00+00:00,VNET,3.424999952316284,3.424999952316284,3.424999952316284,3.424999952316284,3.424999952316284,500.0
2024-10-25 14:48:00+00:00,VRNS,56.79999923706055,56.79999923706055,56.86000061035156,56.79999923706055,56.84000015258789,3443.0
2024-10-25 14:48:00+00:00,VRNT,21.969999313354492,21.969999313354492,21.969999313354492,21.969999313354492,21.969999313354492,586.0
2024-10-25 14:48:00+00:00,VRSN,183.07000732421875,183.07000732421875,183.16000366210938,183.07000732421875,183.0800018310547,769.0
2024-10-25 14:48:00+00:00,VSAT,10.180000305175781,10.180000305175781,10.1850004196167,10.180000305175781,10.180000305175781,2929.0
2024-10-25 14:48:00+00:00,VUZI,1.2949999570846558,1.2949999570846558,1.2949999570846558,1.2949999570846558,1.2949999570846558,622.0
2024-10-25 14:48:00+00:00,WDAY,238.84500122070312,238.84500122070312,238.84500122070312,238.72999572753906,238.7899932861328,2902.0
2024-10-25 14:48:00+00:00,WDC,70.13500213623047,70.13500213623047,70.18000030517578,70.12989807128906,70.12989807128906,11719.0
2024-10-25 14:48:00+00:00,WISA,2.0399999618530273,2.0399999618530273,2.0399999618530273,2.0299999713897705,2.0399999618530273,0.0
2024-10-25 14:48:00+00:00,WIX,165.1300048828125,165.1300048828125,165.1300048828125,165.02999877929688,165.02999877929688,453.0
2024-10-25 14:48:00+00:00,ZBRA,361.4599914550781,361.4599914550781,361.4599914550781,361.42999267578125,361.42999267578125,979.0
2024-10-25 14:48:00+00:00,ZI,10.515000343322754,10.515000343322754,10.520000457763672,10.515000343322754,10.520000457763672,1690.0
2024-10-25 14:48:00+00:00,ZM,72.8499984741211,72.8499984741211,72.86000061035156,72.8499984741211,72.86000061035156,4613.0
2024-10-25 14:48:00+00:00,ZS,185.1750030517578,185.1750030517578,185.1750030517578,185.14999389648438,185.14999389648438,824.0
2024-10-25 14:49:00+00:00,AAOI,17.75,17.75,17.75,17.75,17.75,378.0
2024-10-25 14:49:00+00:00,AAPL,232.11000061035156,232.11000061035156,232.1199951171875,232.00999450683594,232.02349853515625,37148.0
2024-10-25 14:49:00+00:00,ACLS,90.21499633789062,90.21499633789062,90.21499633789062,90.21499633789062,90.21499633789062,222.0
2024-10-25 14:49:00+00:00,ACMR,19.649999618530273,19.649999618530273,19.649999618530273,19.649999618530273,19.649999618530273,1333.0
2024-10-25 14:49:00+00:00,ADBE,483.5299987792969,483.5299987792969,483.67999267578125,483.5299987792969,483.67999267578125,1049.0
2024-10-25 14:49:00+00:00,ADI,231.61500549316406,231.61500549316406,231.61500549316406,231.60000610351562,231.60000610351562,1221.0
2024-10-25 14:49:00+00:00,ADSK,286.62249755859375,286.62249755859375,286.6400146484375,286.54998779296875,286.54998779296875,1568.0
2024-10-25 14:49:00+00:00,AEHR,16.88050079345703,16.88050079345703,16.889999389648438,16.88050079345703,16.889999389648438,436.0
2024-10-25 14:49:00+00:00,AFRM,41.54100036621094,41.54100036621094,41.560001373291016,41.540000915527344,41.54999923706055,3060.0
2024-10-25 14:49:00+00:00,AGYS,111.54000091552734,111.54000091552734,111.54000091552734,111.54000091552734,111.54000091552734,2243.0
2024-10-25 14:49:00+00:00,AKTS,0.05950000137090683,0.05950000137090683,0.05950000137090683,0.05950000137090683,0.05950000137090683,516.0
2024-10-25 14:49:00+00:00,ALGM,23.165000915527344,23.165000915527344,23.165000915527344,23.125,23.149999618530273,4126.0
2024-10-25 14:49:00+00:00,ALKT,38.150001525878906,38.150001525878906,38.150001525878906,38.150001525878906,38.150001525878906,682.0
2024-10-25 14:49:00+00:00,ALRM,54.61000061035156,54.61000061035156,54.61000061035156,54.61000061035156,54.61000061035156,485.0
2024-10-25 14:49:00+00:00,AMAT,187.5500030517578,187.5500030517578,187.5500030517578,187.44000244140625,187.44000244140625,1463.0
2024-10-25 14:49:00+00:00,AMD,156.69000244140625,156.69000244140625,156.7198944091797,156.65499877929688,156.6999969482422,30017.0
2024-10-25 14:49:00+00:00,AMKR,30.06999969482422,30.06999969482422,30.06999969482422,30.059999465942383,30.059999465942383,1309.0
2024-10-25 14:49:00+00:00,ANSS,323.95001220703125,323.95001220703125,323.95001220703125,323.95001220703125,323.95001220703125,578.0
2024-10-25 14:49:00+00:00,AOSL,36.46030044555664,36.46030044555664,36.46030044555664,36.46030044555664,36.46030044555664,1919.0
2024-10-25 14:49:00+00:00,API,2.875,2.875,2.880000114440918,2.875,2.880000114440918,1500.0
2024-10-25 14:49:00+00:00,APP,161.8300018310547,161.8300018310547,161.9499969482422,161.8300018310547,161.9499969482422,3022.0
2024-10-25 14:49:00+00:00,APPF,212.1999969482422,212.1999969482422,212.5,212.1999969482422,212.5,892.0
2024-10-25 14:49:00+00:00,APPN,32.189998626708984,32.189998626708984,32.189998626708984,32.189998626708984,32.189998626708984,152.0
2024-10-25 14:49:00+00:00,APPS,3.079900026321411,3.079900026321411,3.079900026321411,3.075000047683716,3.075000047683716,6590.0
2024-10-25 14:49:00+00:00,ARRY,6.434999942779541,6.434999942779541,6.446000099182129,6.429999828338623,6.445000171661377,7449.0
2024-10-25 14:49:00+00:00,ASML,715.739990234375,715.739990234375,715.739990234375,715.739990234375,715.739990234375,977.0
2024-10-25 14:49:00+00:00,AUR,6.385000228881836,6.385000228881836,6.385000228881836,6.380000114440918,6.385000228881836,1274.0
2024-10-25 14:49:00+00:00,AUUD,0.6060000061988831,0.6060000061988831,0.6060000061988831,0.6060000061988831,0.6060000061988831,2063.0
2024-10-25 14:49:00+00:00,AVDX,8.145000457763672,8.145000457763672,8.154999732971191,8.145000457763672,8.149999618530273,5602.0
2024-10-25 14:49:00+00:00,AVGO,174.4801025390625,174.4801025390625,174.5399932861328,174.4499969482422,174.47000122070312,9398.0
2024-10-25 14:49:00+00:00,AVPT,11.9399995803833,11.9399995803833,11.9399995803833,11.9399995803833,11.9399995803833,757.0
2024-10-25 14:49:00+00:00,AVT,54.099998474121094,54.099998474121094,54.11000061035156,54.06999969482422,54.06999969482422,4506.0
2024-10-25 14:49:00+00:00,BMBL,7.085000038146973,7.085000038146973,7.089799880981445,7.085000038146973,7.089799880981445,1238.0
2024-10-25 14:49:00+00:00,BRZE,30.729999542236328,30.729999542236328,30.739999771118164,30.729999542236328,30.739999771118164,1354.0
2024-10-25 14:49:00+00:00,BSY,49.27199935913086,49.27199935913086,49.274898529052734,49.27199935913086,49.274898529052734,1535.0
2024-10-25 14:49:00+00:00,CAN,0.977400004863739,0.977400004863739,0.9776999950408936,0.9754999876022339,0.9754999876022339,3454.0
2024-10-25 14:49:00+00:00,CDNS,258.43499755859375,258.43499755859375,258.4425048828125,258.43499755859375,258.4425048828125,984.0
2024-10-25 14:49:00+00:00,CDW,218.44000244140625,218.44000244140625,218.44000244140625,218.3000030517578,218.32000732421875,1966.0
2024-10-25 14:49:00+00:00,CFLT,22.56999969482422,22.56999969482422,22.56999969482422,22.559999465942383,22.56999969482422,2299.0
2024-10-25 14:49:00+00:00,CGNX,38.90999984741211,38.90999984741211,38.90999984741211,38.904998779296875,38.904998779296875,1103.0
2024-10-25 14:49:00+00:00,CLSK,11.789999961853027,11.789999961853027,11.789999961853027,11.765000343322754,11.770000457763672,14242.0
2024-10-25 14:49:00+00:00,CNDT,3.6050000190734863,3.6050000190734863,3.6050000190734863,3.5950000286102295,3.5999999046325684,5288.0
2024-10-25 14:49:00+00:00,COHR,95.77999877929688,95.77999877929688,95.77999877929688,95.77999877929688,95.77999877929688,905.0
2024-10-25 14:49:00+00:00,COHU,26.040000915527344,26.040000915527344,26.040000915527344,26.040000915527344,26.040000915527344,436.0
2024-10-25 14:49:00+00:00,COIN,208.4499053955078,208.4499053955078,208.55990600585938,208.22000122070312,208.55990600585938,6539.0
2024-10-25 14:49:00+00:00,COMM,6.244999885559082,6.244999885559082,6.244999885559082,6.244999885559082,6.244999885559082,224.0
2024-10-25 14:49:00+00:00,CORZ,13.400099754333496,13.400099754333496,13.418600082397461,13.400099754333496,13.414999961853027,4069.0
2024-10-25 14:49:00+00:00,CRNT,2.4798998832702637,2.4798998832702637,2.4800000190734863,2.4798998832702637,2.4800000190734863,870.0
2024-10-25 14:49:00+00:00,CRUS,122.8949966430664,122.8949966430664,122.8949966430664,122.8949966430664,122.8949966430664,450.0
2024-10-25 14:49:00+00:00,CRWD,297.1300048828125,297.1300048828125,297.4100036621094,297.0,297.4100036621094,9767.0
2024-10-25 14:49:00+00:00,CSCO,55.79999923706055,55.79999923706055,55.80500030517578,55.78499984741211,55.78499984741211,17058.0
2024-10-25 14:49:00+00:00,CSGS,47.52000045776367,47.52000045776367,47.52000045776367,47.52000045776367,47.52000045776367,503.0
2024-10-25 14:49:00+00:00,CSIQ,13.383999824523926,13.383999824523926,13.387700080871582,13.359199523925781,13.359199523925781,7215.0
2024-10-25 14:49:00+00:00,CTSH,74.80999755859375,74.80999755859375,74.81999969482422,74.80999755859375,74.81999969482422,1382.0
2024-10-25 14:49:00+00:00,CVLT,134.42999267578125,134.42999267578125,134.50999450683594,134.42999267578125,134.50999450683594,1196.0
2024-10-25 14:49:00+00:00,DBX,26.075000762939453,26.075000762939453,26.075000762939453,26.075000762939453,26.075000762939453,2053.0
2024-10-25 14:49:00+00:00,DDOG,126.41999816894531,126.41999816894531,126.44999694824219,126.41999816894531,126.42500305175781,2021.0
2024-10-25 14:49:00+00:00,DGII,30.12019920349121,30.12019920349121,30.12019920349121,30.12019920349121,30.12019920349121,815.0
2024-10-25 14:49:00+00:00,DOCU,68.81999969482422,68.81999969482422,68.83000183105469,68.80999755859375,68.80999755859375,2177.0
2024-10-25 14:49:00+00:00,DOX,89.3499984741211,89.3499984741211,89.37999725341797,89.3499984741211,89.37999725341797,2255.0
2024-10-25 14:49:00+00:00,DTSS,2.450000047683716,2.450000047683716,2.450000047683716,2.450000047683716,2.450000047683716,102.0
2024-10-25 14:49:00+00:00,EEFT,100.38999938964844,100.38999938964844,100.38999938964844,100.38999938964844,100.38999938964844,339.0
2024-10-25 14:49:00+00:00,EMKR,2.125,2.125,2.125,2.125,2.125,388.0
2024-10-25 14:49:00+00:00,ENPH,83.80999755859375,83.80999755859375,83.80999755859375,83.76229858398438,83.76229858398438,2373.0
2024-10-25 14:49:00+00:00,ENTG,104.6500015258789,104.6500015258789,104.69499969482422,104.6500015258789,104.69499969482422,1192.0
2024-10-25 14:49:00+00:00,ERIC,8.454999923706055,8.454999923706055,8.460000038146973,8.449999809265137,8.454999923706055,9261.0
2024-10-25 14:49:00+00:00,EXLS,38.7599983215332,38.7599983215332,38.77000045776367,38.7599983215332,38.77000045776367,1587.0
2024-10-25 14:49:00+00:00,FFIV,216.31210327148438,216.31210327148438,216.31210327148438,216.31210327148438,216.31210327148438,790.0
2024-10-25 14:49:00+00:00,FIVN,29.899999618530273,29.899999618530273,29.899999618530273,29.895000457763672,29.895000457763672,2383.0
2024-10-25 14:49:00+00:00,FLEX,35.2599983215332,35.2599983215332,35.2599983215332,35.2400016784668,35.2400016784668,2456.0
2024-10-25 14:49:00+00:00,FLYW,17.309999465942383,17.309999465942383,17.31999969482422,17.280000686645508,17.280000686645508,1155.0
2024-10-25 14:49:00+00:00,FORM,44.79999923706055,44.79999923706055,44.79999923706055,44.79999923706055,44.79999923706055,373.0
2024-10-25 14:49:00+00:00,FROG,29.299999237060547,29.299999237060547,29.299999237060547,29.290000915527344,29.290000915527344,1516.0
2024-10-25 14:49:00+00:00,FRSH,11.619999885559082,11.619999885559082,11.62909984588623,11.619999885559082,11.62909984588623,1192.0
2024-10-25 14:49:00+00:00,FSLR,198.33999633789062,198.33999633789062,198.33999633789062,198.33999633789062,198.33999633789062,241.0
2024-10-25 14:49:00+00:00,FTCI,0.652999997138977,0.652999997138977,0.652999997138977,0.652999997138977,0.652999997138977,122.0
2024-10-25 14:49:00+00:00,FTNT,80.53500366210938,80.53500366210938,80.56999969482422,80.52999877929688,80.53500366210938,2639.0
2024-10-25 14:49:00+00:00,GCT,24.700000762939453,24.700000762939453,24.700000762939453,24.700000762939453,24.700000762939453,938.0
2024-10-25 14:49:00+00:00,GDS,21.44499969482422,21.44499969482422,21.44499969482422,21.44499969482422,21.44499969482422,459.0
2024-10-25 14:49:00+00:00,GDYN,15.629199981689453,15.629199981689453,15.629199981689453,15.629199981689453,15.629199981689453,1144.0
2024-10-25 14:49:00+00:00,GRAB,4.09499979019165,4.09499979019165,4.09499979019165,4.090099811553955,4.09499979019165,26469.0
2024-10-25 14:49:00+00:00,HCKT,24.69879913330078,24.69879913330078,24.69879913330078,24.69879913330078,24.69879913330078,164.0
2024-10-25 14:49:00+00:00,HCP,33.654998779296875,33.654998779296875,33.654998779296875,33.654998779296875,33.654998779296875,820.0
2024-10-25 14:49:00+00:00,HIMX,6.195000171661377,6.195000171661377,6.199999809265137,6.195000171661377,6.199999809265137,922.0
2024-10-25 14:49:00+00:00,HLIT,14.774999618530273,14.774999618530273,14.774999618530273,14.774999618530273,14.774999618530273,736.0
2024-10-25 14:49:00+00:00,HOLO,3.590100049972534,3.590100049972534,3.5999999046325684,3.590100049972534,3.5999999046325684,1332.0
2024-10-25 14:49:00+00:00,HOOD,27.229999542236328,27.229999542236328,27.239999771118164,27.225000381469727,27.225000381469727,13439.0
2024-10-25 14:49:00+00:00,IMMR,8.680000305175781,8.680000305175781,8.680000305175781,8.680000305175781,8.680000305175781,237.0
2024-10-25 14:49:00+00:00,INDI,3.494999885559082,3.494999885559082,3.494999885559082,3.490000009536743,3.490000009536743,2383.0
2024-10-25 14:49:00+00:00,INOD,20.31999969482422,20.31999969482422,20.31999969482422,20.309999465942383,20.309999465942383,320.0
2024-10-25 14:49:00+00:00,INSG,20.135000228881836,20.135000228881836,20.135000228881836,20.135000228881836,20.135000228881836,1705.0
2024-10-25 14:49:00+00:00,INTC,22.940000534057617,22.940000534057617,22.954999923706055,22.934999465942383,22.94499969482422,43874.0
2024-10-25 14:49:00+00:00,INTU,609.385009765625,609.385009765625,609.489990234375,609.3099975585938,609.3099975585938,2106.0
2024-10-25 14:49:00+00:00,IPGP,77.33000183105469,77.33000183105469,77.33000183105469,77.33000183105469,77.33000183105469,410.0
2024-10-25 14:49:00+00:00,ITRI,102.6500015258789,102.6500015258789,102.6500015258789,102.6500015258789,102.6500015258789,778.0
2024-10-25 14:49:00+00:00,JAMF,16.799999237060547,16.799999237060547,16.799999237060547,16.799999237060547,16.799999237060547,688.0
2024-10-25 14:49:00+00:00,KC,2.680000066757202,2.680000066757202,2.680000066757202,2.680000066757202,2.680000066757202,300.0
2024-10-25 14:49:00+00:00,KLAC,676.8699951171875,676.8699951171875,676.8699951171875,676.5399780273438,676.5399780273438,1215.0
2024-10-25 14:49:00+00:00,KOSS,7.315899848937988,7.315899848937988,7.315899848937988,7.315899848937988,7.315899848937988,958.0
2024-10-25 14:49:00+00:00,LASR,10.40999984741211,10.40999984741211,10.40999984741211,10.40999984741211,10.40999984741211,389.0
2024-10-25 14:49:00+00:00,LINK,4.820000171661377,4.820000171661377,4.820000171661377,4.820000171661377,4.820000171661377,100.0
2024-10-25 14:49:00+00:00,LITE,64.55500030517578,64.55500030517578,64.56999969482422,64.55000305175781,64.55000305175781,803.0
2024-10-25 14:49:00+00:00,LOGI,80.81999969482422,80.81999969482422,80.82499694824219,80.80999755859375,80.82499694824219,759.0
2024-10-25 14:49:00+00:00,LPTH,1.659999966621399,1.659999966621399,1.659999966621399,1.659999966621399,1.659999966621399,725.0
2024-10-25 14:49:00+00:00,LRCX,78.58000183105469,78.58000183105469,78.625,78.55000305175781,78.55000305175781,27764.0
2024-10-25 14:49:00+00:00,LSCC,54.310001373291016,54.310001373291016,54.34000015258789,54.30500030517578,54.334999084472656,3690.0
2024-10-25 14:49:00+00:00,LTRX,4.110000133514404,4.110000133514404,4.114999771118164,4.110000133514404,4.110000133514404,822.0
2024-10-25 14:49:00+00:00,LUNA,1.7949999570846558,1.7949999570846558,1.7949999570846558,1.7949999570846558,1.7949999570846558,350.0
2024-10-25 14:49:00+00:00,LYFT,13.8149995803833,13.8149995803833,13.815999984741211,13.814900398254395,13.815999984741211,6434.0
2024-10-25 14:49:00+00:00,MAPS,0.8420000076293945,0.8420000076293945,0.8420000076293945,0.8420000076293945,0.8420000076293945,1547.0
2024-10-25 14:49:00+00:00,MCHP,76.83999633789062,76.83999633789062,76.88999938964844,76.83999633789062,76.8499984741211,4638.0
2024-10-25 14:49:00+00:00,MDB,267.3999938964844,267.3999938964844,267.55999755859375,267.2900085449219,267.55499267578125,1698.0
2024-10-25 14:49:00+00:00,MKSI,101.26750183105469,101.26750183105469,101.2699966430664,101.26750183105469,101.2699966430664,506.0
2024-10-25 14:49:00+00:00,MNDO,1.9800000190734863,1.9800000190734863,1.9901000261306763,1.9800000190734863,1.9901000261306763,1376.0
2024-10-25 14:49:00+00:00,MPWR,911.7150268554688,911.7150268554688,911.7150268554688,911.7150268554688,911.7150268554688,502.0
2024-10-25 14:49:00+00:00,MQ,5.320000171661377,5.320000171661377,5.320000171661377,5.3125,5.320000171661377,2568.0
2024-10-25 14:49:00+00:00,MRAM,6.349999904632568,6.349999904632568,6.349999904632568,6.349999904632568,6.349999904632568,110.0
2024-10-25 14:49:00+00:00,MRVL,82.30999755859375,82.30999755859375,82.31999969482422,82.29000091552734,82.29399871826172,6246.0
2024-10-25 14:49:00+00:00,MSFT,429.1781921386719,429.1781921386719,429.30499267578125,429.1199951171875,429.13079833984375,11190.0
2024-10-25 14:49:00+00:00,MSTR,236.77999877929688,236.77999877929688,236.97000122070312,236.21009826660156,236.97000122070312,35265.0
2024-10-25 14:49:00+00:00,MTC,0.3725000023841858,0.3725000023841858,0.3725000023841858,0.3725000023841858,0.3725000023841858,1711.0
2024-10-25 14:49:00+00:00,MTLS,5.925000190734863,5.925000190734863,5.925000190734863,5.925000190734863,5.925000190734863,449.0
2024-10-25 14:49:00+00:00,MTSI,120.54000091552734,120.54000091552734,120.79499816894531,120.54000091552734,120.77999877929688,2926.0
2024-10-25 14:49:00+00:00,MTTR,4.596700191497803,4.596700191497803,4.596700191497803,4.596700191497803,4.596700191497803,1428.0
2024-10-25 14:49:00+00:00,MU,108.6500015258789,108.6500015258789,108.7302017211914,108.6500015258789,108.69149780273438,9533.0
2024-10-25 14:49:00+00:00,MVIS,1.0850000381469727,1.0850000381469727,1.0850000381469727,1.0850000381469727,1.0850000381469727,614.0
2024-10-25 14:49:00+00:00,MXL,14.859999656677246,14.859999656677246,14.869999885559082,14.859999656677246,14.859999656677246,817.0
2024-10-25 14:49:00+00:00,MYSZ,1.590000033378601,1.590000033378601,1.590000033378601,1.5801000595092773,1.5801000595092773,1492.0
2024-10-25 14:49:00+00:00,NCNO,37.66999816894531,37.66999816894531,37.66999816894531,37.66999816894531,37.66999816894531,1036.0
2024-10-25 14:49:00+00:00,NICE,174.9199981689453,174.9199981689453,175.0836944580078,174.91000366210938,175.0836944580078,1368.0
2024-10-25 14:49:00+00:00,NSIT,208.77000427246094,208.77000427246094,208.77000427246094,208.77000427246094,208.77000427246094,714.0
2024-10-25 14:49:00+00:00,NTAP,119.87000274658203,119.87000274658203,119.87000274658203,119.87000274658203,119.87000274658203,441.0
2024-10-25 14:49:00+00:00,NTCT,20.655000686645508,20.655000686645508,20.655000686645508,20.655000686645508,20.655000686645508,713.0
2024-10-25 14:49:00+00:00,NTGR,20.229999542236328,20.229999542236328,20.229999542236328,20.219999313354492,20.219999313354492,1763.0
2024-10-25 14:49:00+00:00,NTNX,62.1150016784668,62.1150016784668,62.119998931884766,62.0973014831543,62.0973014831543,1950.0
2024-10-25 14:49:00+00:00,NVDA,142.25100708007812,142.25100708007812,142.29989624023438,142.2100067138672,142.22500610351562,416267.0
2024-10-25 14:49:00+00:00,NVMI,184.0399932861328,184.0399932861328,184.0399932861328,184.0399932861328,184.0399932861328,276.0
2024-10-25 14:49:00+00:00,NXPI,243.8699951171875,243.8699951171875,244.0800018310547,243.8699951171875,244.0399932861328,2038.0
2024-10-25 14:49:00+00:00,OBLG,3.7799999713897705,3.7799999713897705,3.7799999713897705,3.7799999713897705,3.7799999713897705,162.0
2024-10-25 14:49:00+00:00,OKTA,72.26000213623047,72.26000213623047,72.26000213623047,72.26000213623047,72.26000213623047,1242.0
2024-10-25 14:49:00+00:00,OLED,203.69000244140625,203.69000244140625,203.69000244140625,203.69000244140625,203.69000244140625,847.0
2024-10-25 14:49:00+00:00,ON,71.42500305175781,71.42500305175781,71.44999694824219,71.41000366210938,71.42060089111328,8330.0
2024-10-25 14:49:00+00:00,ONDS,0.8600000143051147,0.8600000143051147,0.8600000143051147,0.8550000190734863,0.8550000190734863,1700.0
2024-10-25 14:49:00+00:00,OSIS,135.4499969482422,135.4499969482422,135.87680053710938,135.4499969482422,135.87680053710938,2044.0
2024-10-25 14:49:00+00:00,PANW,367.4649963378906,367.4649963378906,367.489990234375,367.3800048828125,367.3800048828125,494.0
2024-10-25 14:49:00+00:00,PEGA,79.6500015258789,79.6500015258789,79.69999694824219,79.48999786376953,79.69999694824219,2521.0
2024-10-25 14:49:00+00:00,PEGY,4.920000076293945,4.920000076293945,4.929999828338623,4.909999847412109,4.920000076293945,1809.0
2024-10-25 14:49:00+00:00,PGY,11.869999885559082,11.869999885559082,11.869999885559082,11.869999885559082,11.869999885559082,210.0
2024-10-25 14:49:00+00:00,PHUN,10.469900131225586,10.469900131225586,10.539999961853027,10.469900131225586,10.489999771118164,67629.0
2024-10-25 14:49:00+00:00,PI,202.2550048828125,202.2550048828125,202.2550048828125,202.2550048828125,202.2550048828125,709.0
2024-10-25 14:49:00+00:00,PLAB,23.65999984741211,23.65999984741211,23.65999984741211,23.65999984741211,23.65999984741211,246.0
2024-10-25 14:49:00+00:00,POET,3.8598999977111816,3.8598999977111816,3.8598999977111816,3.8598999977111816,3.8598999977111816,1000.0
2024-10-25 14:49:00+00:00,PRGS,64.55500030517578,64.55500030517578,64.55500030517578,64.55500030517578,64.55500030517578,1242.0
2024-10-25 14:49:00+00:00,PRSO,1.7698999643325806,1.7698999643325806,1.7699999809265137,1.7698999643325806,1.7699999809265137,1934.0
2024-10-25 14:49:00+00:00,PTC,187.22999572753906,187.22999572753906,187.27499389648438,187.16000366210938,187.27499389648438,5834.0
2024-10-25 14:49:00+00:00,PUBM,14.753999710083008,14.753999710083008,14.753999710083008,14.753999710083008,14.753999710083008,804.0
2024-10-25 14:49:00+00:00,PYCR,14.34000015258789,14.34000015258789,14.34000015258789,14.34000015258789,14.34000015258789,130.0
2024-10-25 14:49:00+00:00,QCOM,171.30479431152344,171.30479431152344,171.35000610351562,171.30479431152344,171.32000732421875,4731.0
2024-10-25 14:49:00+00:00,QLYS,120.73500061035156,120.73500061035156,120.87000274658203,120.62999725341797,120.87000274658203,3136.0
2024-10-25 14:49:00+00:00,QRVO,99.9800033569336,99.9800033569336,99.9801025390625,99.9800033569336,99.9800033569336,1800.0
2024-10-25 14:49:00+00:00,QUBT,1.0750000476837158,1.0750000476837158,1.0750000476837158,1.0750000476837158,1.0750000476837158,2300.0
2024-10-25 14:49:00+00:00,REKR,1.090000033378601,1.090000033378601,1.090000033378601,1.0850000381469727,1.0850000381469727,681.0
2024-10-25 14:49:00+00:00,RELL,14.039999961853027,14.039999961853027,14.039999961853027,14.039999961853027,14.039999961853027,1388.0
2024-10-25 14:49:00+00:00,RELY,14.869099617004395,14.869099617004395,14.869999885559082,14.869099617004395,14.869999885559082,647.0
2024-10-25 14:49:00+00:00,RGTI,1.2400000095367432,1.2400000095367432,1.2400000095367432,1.2311999797821045,1.2350000143051147,0.0
2024-10-25 14:49:00+00:00,RIOT,9.866499900817871,9.866499900817871,9.869999885559082,9.843999862670898,9.864999771118164,45354.0
2024-10-25 14:49:00+00:00,RMBS,43.39500045776367,43.39500045776367,43.40999984741211,43.39500045776367,43.4099006652832,1460.0
2024-10-25 14:49:00+00:00,RMNI,1.715000033378601,1.715000033378601,1.7200000286102295,1.715000033378601,1.7200000286102295,1321.0
2024-10-25 14:49:00+00:00,RPD,38.79499816894531,38.79499816894531,38.79499816894531,38.79499816894531,38.79499816894531,297.0
2024-10-25 14:49:00+00:00,RUM,5.765999794006348,5.765999794006348,5.765999794006348,5.765999794006348,5.765999794006348,2933.0
2024-10-25 14:49:00+00:00,RUN,14.420000076293945,14.420000076293945,14.425000190734863,14.40999984741211,14.425000190734863,11188.0
2024-10-25 14:49:00+00:00,RXT,2.48799991607666,2.48799991607666,2.48799991607666,2.486999988555908,2.486999988555908,541.0
2024-10-25 14:49:00+00:00,SATS,25.274999618530273,25.274999618530273,25.274999618530273,25.274999618530273,25.274999618530273,2010.0
2024-10-25 14:49:00+00:00,SEDG,15.829999923706055,15.829999923706055,15.859999656677246,15.800000190734863,15.859999656677246,23376.0
2024-10-25 14:49:00+00:00,SHLS,5.264599800109863,5.264599800109863,5.2657999992370605,5.264599800109863,5.2657999992370605,1082.0
2024-10-25 14:49:00+00:00,SKYT,10.569999694824219,10.569999694824219,10.569999694824219,10.569999694824219,10.569999694824219,117.0
2024-10-25 14:49:00+00:00,SMCI,47.514400482177734,47.514400482177734,47.54999923706055,47.46030044555664,47.470298767089844,72139.0
2024-10-25 14:49:00+00:00,SMTC,45.79499816894531,45.79499816894531,45.79999923706055,45.79499816894531,45.79999923706055,324.0
2024-10-25 14:49:00+00:00,SONO,12.725000381469727,12.725000381469727,12.729700088500977,12.725000381469727,12.729700088500977,739.0
2024-10-25 14:49:00+00:00,SOUN,5.187900066375732,5.187900066375732,5.189899921417236,5.180699825286865,5.189899921417236,5602.0
2024-10-25 14:49:00+00:00,SPT,26.924999237060547,26.924999237060547,26.924999237060547,26.924999237060547,26.924999237060547,387.0
2024-10-25 14:49:00+00:00,SRAD,12.371899604797363,12.371899604797363,12.371899604797363,12.371899604797363,12.371899604797363,804.0
2024-10-25 14:49:00+00:00,SSNC,69.76499938964844,69.76499938964844,69.7699966430664,69.76000213623047,69.7699966430664,2170.0
2024-10-25 14:49:00+00:00,SSYS,7.039999961853027,7.039999961853027,7.039999961853027,7.039999961853027,7.039999961853027,1502.0
2024-10-25 14:49:00+00:00,STNE,11.549099922180176,11.549099922180176,11.549099922180176,11.539999961853027,11.545000076293945,2340.0
2024-10-25 14:49:00+00:00,STX,103.72000122070312,103.72000122070312,103.72000122070312,103.69999694824219,103.69999694824219,1062.0
2024-10-25 14:49:00+00:00,SVRE,0.07829999923706055,0.07829999923706055,0.07890000194311142,0.07829999923706055,0.07890000194311142,11669.0
2024-10-25 14:49:00+00:00,SWKS,95.91000366210938,95.91000366210938,95.94499969482422,95.9000015258789,95.93000030517578,2494.0
2024-10-25 14:49:00+00:00,SYNA,72.4800033569336,72.4800033569336,72.4800033569336,72.4800033569336,72.4800033569336,376.0
2024-10-25 14:49:00+00:00,TEAM,189.5850067138672,189.5850067138672,189.5850067138672,189.5800018310547,189.5800018310547,446.0
2024-10-25 14:49:00+00:00,TENB,41.75,41.75,41.790000915527344,41.75,41.75,1337.0
2024-10-25 14:49:00+00:00,TER,112.08999633789062,112.08999633789062,112.16999816894531,112.08999633789062,112.12999725341797,5573.0
2024-10-25 14:49:00+00:00,TRMB,61.03099822998047,61.03099822998047,61.040000915527344,61.03099822998047,61.040000915527344,241.0
2024-10-25 14:49:00+00:00,TTD,119.22000122070312,119.22000122070312,119.26000213623047,119.22000122070312,119.24500274658203,4730.0
2024-10-25 14:49:00+00:00,TTMI,19.700000762939453,19.700000762939453,19.704999923706055,19.700000762939453,19.704999923706055,1201.0
2024-10-25 14:49:00+00:00,TWKS,4.440000057220459,4.440000057220459,4.445700168609619,4.440000057220459,4.440000057220459,5636.0
2024-10-25 14:49:00+00:00,TXN,207.97000122070312,207.97000122070312,208.0,207.97000122070312,207.99000549316406,2962.0
2024-10-25 14:49:00+00:00,UCTT,35.79999923706055,35.79999923706055,35.79999923706055,35.79999923706055,35.79999923706055,711.0
2024-10-25 14:49:00+00:00,VECO,29.311800003051758,29.311800003051758,29.311800003051758,29.311800003051758,29.311800003051758,954.0
2024-10-25 14:49:00+00:00,VERI,3.390000104904175,3.390000104904175,3.390000104904175,3.390000104904175,3.390000104904175,127.0
2024-10-25 14:49:00+00:00,VIAV,9.210000038146973,9.210000038146973,9.210000038146973,9.204999923706055,9.204999923706055,1688.0
2024-10-25 14:49:00+00:00,VICR,46.65999984741211,46.65999984741211,46.65999984741211,46.619998931884766,46.619998931884766,1222.0
2024-10-25 14:49:00+00:00,VMEO,4.760000228881836,4.760000228881836,4.760000228881836,4.760000228881836,4.760000228881836,215.0
2024-10-25 14:49:00+00:00,VNET,3.4200000762939453,3.4200000762939453,3.4200000762939453,3.4200000762939453,3.4200000762939453,278.0
2024-10-25 14:49:00+00:00,VRNS,56.814998626708984,56.814998626708984,56.8224983215332,56.814998626708984,56.8224983215332,796.0
2024-10-25 14:49:00+00:00,VRNT,21.969999313354492,21.969999313354492,21.969999313354492,21.969999313354492,21.969999313354492,957.0
2024-10-25 14:49:00+00:00,VRSN,183.14500427246094,183.14500427246094,183.14500427246094,183.11500549316406,183.11500549316406,1104.0
2024-10-25 14:49:00+00:00,VSAT,10.180000305175781,10.180000305175781,10.180000305175781,10.180000305175781,10.180000305175781,865.0
2024-10-25 14:49:00+00:00,VUZI,1.2949999570846558,1.2949999570846558,1.2949999570846558,1.2949999570846558,1.2949999570846558,2581.0
2024-10-25 14:49:00+00:00,WDAY,238.97999572753906,238.97999572753906,238.97999572753906,238.85499572753906,238.85499572753906,2389.0
2024-10-25 14:49:00+00:00,WDC,70.05999755859375,70.05999755859375,70.13999938964844,70.05999755859375,70.12999725341797,9956.0
2024-10-25 14:49:00+00:00,WISA,2.039900064468384,2.039900064468384,2.0399999618530273,2.0309998989105225,2.0399999618530273,3531.0
2024-10-25 14:49:00+00:00,WIX,165.11000061035156,165.11000061035156,165.11000061035156,165.11000061035156,165.11000061035156,727.0
2024-10-25 14:49:00+00:00,XRX,10.020000457763672,10.020000457763672,10.020000457763672,10.015000343322754,10.015000343322754,1770.0
2024-10-25 14:49:00+00:00,ZM,72.8499984741211,72.8499984741211,72.8499984741211,72.83999633789062,72.83999633789062,1990.0
2024-10-25 14:49:00+00:00,ZS,185.1999969482422,185.1999969482422,185.1999969482422,185.16000366210938,185.16000366210938,1288.0
2024-10-25 14:50:00+00:00,AAOI,17.733999252319336,17.733999252319336,17.752899169921875,17.733999252319336,17.752899169921875,2687.0
2024-10-25 14:50:00+00:00,AAPL,232.02999877929688,232.02999877929688,232.1199951171875,232.0,232.10000610351562,30239.0
2024-10-25 14:50:00+00:00,ACIW,48.939998626708984,48.939998626708984,48.95500183105469,48.939998626708984,48.95500183105469,1667.0
2024-10-25 14:50:00+00:00,ACLS,90.26000213623047,90.26000213623047,90.26000213623047,90.26000213623047,90.26000213623047,103.0
2024-10-25 14:50:00+00:00,ADBE,483.3999938964844,483.3999938964844,483.5950012207031,483.3299865722656,483.5950012207031,3423.0
2024-10-25 14:50:00+00:00,ADI,231.5,231.5,231.5749969482422,231.5,231.5749969482422,1114.0
2024-10-25 14:50:00+00:00,ADSK,286.6400146484375,286.6400146484375,286.6499938964844,286.5400085449219,286.57000732421875,3400.0
2024-10-25 14:50:00+00:00,AEHR,16.889999389648438,16.889999389648438,16.889999389648438,16.8799991607666,16.885000228881836,1538.0
2024-10-25 14:50:00+00:00,AFRM,41.52000045776367,41.52000045776367,41.540000915527344,41.52000045776367,41.540000915527344,1579.0
2024-10-25 14:50:00+00:00,AIRG,9.199999809265137,9.199999809265137,9.229999542236328,9.199999809265137,9.229999542236328,600.0
2024-10-25 14:50:00+00:00,AKTS,0.05950000137090683,0.05950000137090683,0.05950000137090683,0.05950000137090683,0.05950000137090683,18447.0
2024-10-25 14:50:00+00:00,ALGM,23.114999771118164,23.114999771118164,23.170000076293945,23.114999771118164,23.15999984741211,7355.0
2024-10-25 14:50:00+00:00,ALTR,103.76000213623047,103.76000213623047,103.76000213623047,103.76000213623047,103.76000213623047,495.0
2024-10-25 14:50:00+00:00,AMAT,187.49000549316406,187.49000549316406,187.49000549316406,187.3800048828125,187.4550018310547,3132.0
2024-10-25 14:50:00+00:00,AMD,156.5800018310547,156.5800018310547,156.72999572753906,156.5601043701172,156.71200561523438,56005.0
2024-10-25 14:50:00+00:00,AMKR,30.049999237060547,30.049999237060547,30.049999237060547,30.049999237060547,30.049999237060547,1602.0
2024-10-25 14:50:00+00:00,ANY,1.0499999523162842,1.0499999523162842,1.0499999523162842,1.0499999523162842,1.0499999523162842,400.0
2024-10-25 14:50:00+00:00,API,2.875,2.875,2.875,2.869999885559082,2.875,3812.0
2024-10-25 14:50:00+00:00,APP,161.75,161.75,161.8699951171875,161.75,161.83999633789062,3320.0
2024-10-25 14:50:00+00:00,APPF,211.97999572753906,211.97999572753906,212.00999450683594,211.97999572753906,212.00999450683594,1307.0
2024-10-25 14:50:00+00:00,APPN,32.119998931884766,32.119998931884766,32.15999984741211,32.119998931884766,32.15999984741211,1948.0
2024-10-25 14:50:00+00:00,ARRY,6.449999809265137,6.449999809265137,6.449999809265137,6.429999828338623,6.434999942779541,18583.0
2024-10-25 14:50:00+00:00,ASML,715.4569091796875,715.4569091796875,715.644775390625,715.4569091796875,715.644775390625,654.0
2024-10-25 14:50:00+00:00,ASNS,1.309999942779541,1.309999942779541,1.309999942779541,1.309999942779541,1.309999942779541,100.0
2024-10-25 14:50:00+00:00,AUR,6.385000228881836,6.385000228881836,6.385300159454346,6.375,6.380000114440918,25454.0
2024-10-25 14:50:00+00:00,AVDX,8.145000457763672,8.145000457763672,8.145000457763672,8.145000457763672,8.145000457763672,426.0
2024-10-25 14:50:00+00:00,AVGO,174.4199981689453,174.4199981689453,174.52000427246094,174.3800048828125,174.52000427246094,14394.0
2024-10-25 14:50:00+00:00,AVT,54.11000061035156,54.11000061035156,54.11000061035156,54.099998474121094,54.099998474121094,1334.0
2024-10-25 14:50:00+00:00,BASE,16.212600708007812,16.212600708007812,16.212600708007812,16.212600708007812,16.212600708007812,168.0
2024-10-25 14:50:00+00:00,BIGC,5.300099849700928,5.300099849700928,5.300099849700928,5.300099849700928,5.300099849700928,1262.0
2024-10-25 14:50:00+00:00,BMBL,7.074999809265137,7.074999809265137,7.088699817657471,7.074999809265137,7.088699817657471,1829.0
2024-10-25 14:50:00+00:00,BRZE,30.7549991607666,30.7549991607666,30.7549991607666,30.709999084472656,30.709999084472656,2996.0
2024-10-25 14:50:00+00:00,BSY,49.2599983215332,49.2599983215332,49.27989959716797,49.242000579833984,49.25,1578.0
2024-10-25 14:50:00+00:00,CAN,0.9754999876022339,0.9754999876022339,0.9775999784469604,0.9754999876022339,0.9775999784469604,8017.0
2024-10-25 14:50:00+00:00,CDNS,258.375,258.375,258.3999938964844,258.30999755859375,258.3999938964844,2450.0
2024-10-25 14:50:00+00:00,CDW,218.375,218.375,218.375,218.375,218.375,193.0
2024-10-25 14:50:00+00:00,CFLT,22.59000015258789,22.59000015258789,22.59000015258789,22.56999969482422,22.579999923706055,3780.0
2024-10-25 14:50:00+00:00,CGNT,6.614999771118164,6.614999771118164,6.614999771118164,6.614999771118164,6.614999771118164,105.0
2024-10-25 14:50:00+00:00,CGNX,38.900001525878906,38.900001525878906,38.90999984741211,38.900001525878906,38.90999984741211,2690.0
2024-10-25 14:50:00+00:00,CHKP,206.55999755859375,206.55999755859375,206.55999755859375,206.55999755859375,206.55999755859375,972.0
2024-10-25 14:50:00+00:00,CLBT,18.225000381469727,18.225000381469727,18.225000381469727,18.225000381469727,18.225000381469727,438.0
2024-10-25 14:50:00+00:00,CLSK,11.755000114440918,11.755000114440918,11.789899826049805,11.751399993896484,11.78499984741211,27352.0
2024-10-25 14:50:00+00:00,CMTL,3.75,3.75,3.75,3.75,3.75,881.0
2024-10-25 14:50:00+00:00,CNDT,3.5999999046325684,3.5999999046325684,3.609999895095825,3.5999999046325684,3.6050000190734863,10745.0
2024-10-25 14:50:00+00:00,COHR,95.81999969482422,95.81999969482422,95.81999969482422,95.81999969482422,95.81999969482422,470.0
2024-10-25 14:50:00+00:00,COIN,208.10000610351562,208.10000610351562,208.42770385742188,207.99000549316406,208.3311004638672,7163.0
2024-10-25 14:50:00+00:00,COMM,6.244999885559082,6.244999885559082,6.244999885559082,6.244999885559082,6.244999885559082,1035.0
2024-10-25 14:50:00+00:00,CORZ,13.415599822998047,13.415599822998047,13.415599822998047,13.404999732971191,13.404999732971191,3868.0
2024-10-25 14:50:00+00:00,CRDO,39.209999084472656,39.209999084472656,39.209999084472656,39.16999816894531,39.16999816894531,604.0
2024-10-25 14:50:00+00:00,CRNC,2.930000066757202,2.930000066757202,2.930000066757202,2.930000066757202,2.930000066757202,333.0
2024-10-25 14:50:00+00:00,CRSR,6.340000152587891,6.340000152587891,6.340000152587891,6.340000152587891,6.340000152587891,256.0
2024-10-25 14:50:00+00:00,CRUS,122.68000030517578,122.68000030517578,122.80999755859375,122.68000030517578,122.80999755859375,1434.0
2024-10-25 14:50:00+00:00,CRWD,296.79998779296875,296.79998779296875,297.1896057128906,296.7101135253906,297.0603942871094,11081.0
2024-10-25 14:50:00+00:00,CSCO,55.80500030517578,55.80500030517578,55.814998626708984,55.80500030517578,55.80500030517578,8488.0
2024-10-25 14:50:00+00:00,CSIQ,13.34000015258789,13.34000015258789,13.380000114440918,13.34000015258789,13.380000114440918,4151.0
2024-10-25 14:50:00+00:00,CTSH,74.76000213623047,74.76000213623047,74.7699966430664,74.76000213623047,74.7699966430664,1659.0
2024-10-25 14:50:00+00:00,CYBR,289.7099914550781,289.7099914550781,289.7099914550781,289.7099914550781,289.7099914550781,1244.0
2024-10-25 14:50:00+00:00,DAKT,13.079999923706055,13.079999923706055,13.079999923706055,13.079999923706055,13.079999923706055,164.0
2024-10-25 14:50:00+00:00,DAVE,38.9900016784668,38.9900016784668,38.9900016784668,38.91999816894531,38.9370002746582,7276.0
2024-10-25 14:50:00+00:00,DDOG,126.34500122070312,126.34500122070312,126.41500091552734,126.34500122070312,126.41500091552734,2609.0
2024-10-25 14:50:00+00:00,DGII,30.114999771118164,30.114999771118164,30.114999771118164,30.114999771118164,30.114999771118164,137.0
2024-10-25 14:50:00+00:00,DLO,8.864999771118164,8.864999771118164,8.869999885559082,8.864999771118164,8.869999885559082,620.0
2024-10-25 14:50:00+00:00,DOCU,68.77349853515625,68.77349853515625,68.80999755859375,68.7699966430664,68.80999755859375,7678.0
2024-10-25 14:50:00+00:00,DOX,89.30999755859375,89.30999755859375,89.30999755859375,89.30999755859375,89.30999755859375,859.0
2024-10-25 14:50:00+00:00,DSGX,104.33000183105469,104.33000183105469,104.33000183105469,104.33000183105469,104.33000183105469,593.0
2024-10-25 14:50:00+00:00,ENPH,83.79000091552734,83.79000091552734,83.81999969482422,83.77999877929688,83.81999969482422,3810.0
2024-10-25 14:50:00+00:00,ENTG,104.69000244140625,104.69000244140625,104.69000244140625,104.68000030517578,104.68000030517578,1000.0
2024-10-25 14:50:00+00:00,ERIC,8.454999923706055,8.454999923706055,8.460000038146973,8.45009994506836,8.45009994506836,8408.0
2024-10-25 14:50:00+00:00,EVCM,10.449999809265137,10.449999809265137,10.449999809265137,10.449999809265137,10.449999809265137,1267.0
2024-10-25 14:50:00+00:00,EXLS,38.7599983215332,38.7599983215332,38.7599983215332,38.7599983215332,38.7599983215332,1319.0
2024-10-25 14:50:00+00:00,EXTR,14.375,14.375,14.380000114440918,14.375,14.380000114440918,473.0
2024-10-25 14:50:00+00:00,FIVN,29.924999237060547,29.924999237060547,29.924999237060547,29.920000076293945,29.920000076293945,1154.0
2024-10-25 14:50:00+00:00,FLEX,35.255001068115234,35.255001068115234,35.2599983215332,35.25,35.2599983215332,4768.0
2024-10-25 14:50:00+00:00,FLYW,17.299999237060547,17.299999237060547,17.309999465942383,17.299999237060547,17.299999237060547,1614.0
2024-10-25 14:50:00+00:00,FORM,44.779998779296875,44.779998779296875,44.779998779296875,44.779998779296875,44.779998779296875,282.0
2024-10-25 14:50:00+00:00,FROG,29.299999237060547,29.299999237060547,29.299999237060547,29.299999237060547,29.299999237060547,403.0
2024-10-25 14:50:00+00:00,FRSH,11.619999885559082,11.619999885559082,11.6274995803833,11.619999885559082,11.6274995803833,817.0
2024-10-25 14:50:00+00:00,FSLR,198.24000549316406,198.24000549316406,198.39920043945312,198.24000549316406,198.30999755859375,1803.0
2024-10-25 14:50:00+00:00,FTCI,0.6531000137329102,0.6531000137329102,0.6531000137329102,0.6531000137329102,0.6531000137329102,1089.0
2024-10-25 14:50:00+00:00,FTNT,80.55999755859375,80.55999755859375,80.55999755859375,80.52999877929688,80.53500366210938,3322.0
2024-10-25 14:50:00+00:00,GCT,24.68000030517578,24.68000030517578,24.68000030517578,24.68000030517578,24.68000030517578,762.0
2024-10-25 14:50:00+00:00,GDS,21.439899444580078,21.439899444580078,21.439899444580078,21.439899444580078,21.439899444580078,1451.0
2024-10-25 14:50:00+00:00,GFS,40.625,40.625,40.625,40.625,40.625,439.0
2024-10-25 14:50:00+00:00,GILT,4.940000057220459,4.940000057220459,4.940000057220459,4.940000057220459,4.940000057220459,171.0
2024-10-25 14:50:00+00:00,GRAB,4.09499979019165,4.09499979019165,4.099999904632568,4.09499979019165,4.09499979019165,1564.0
2024-10-25 14:50:00+00:00,GTLB,55.150001525878906,55.150001525878906,55.16999816894531,55.150001525878906,55.16999816894531,404.0
2024-10-25 14:50:00+00:00,HCP,33.654998779296875,33.654998779296875,33.654998779296875,33.654998779296875,33.654998779296875,946.0
2024-10-25 14:50:00+00:00,HOLO,3.590100049972534,3.590100049972534,3.5910000801086426,3.590100049972534,3.5910000801086426,2749.0
2024-10-25 14:50:00+00:00,HOOD,27.21500015258789,27.21500015258789,27.229999542236328,27.209999084472656,27.229999542236328,3863.0
2024-10-25 14:50:00+00:00,IMMR,8.6850004196167,8.6850004196167,8.6850004196167,8.6850004196167,8.6850004196167,607.0
2024-10-25 14:50:00+00:00,INDI,3.490000009536743,3.490000009536743,3.490000009536743,3.490000009536743,3.490000009536743,253.0
2024-10-25 14:50:00+00:00,INFN,6.764999866485596,6.764999866485596,6.764999866485596,6.764999866485596,6.764999866485596,200.0
2024-10-25 14:50:00+00:00,INOD,20.290000915527344,20.290000915527344,20.290000915527344,20.290000915527344,20.290000915527344,1229.0
2024-10-25 14:50:00+00:00,INTC,22.923999786376953,22.923999786376953,22.939899444580078,22.920000076293945,22.934999465942383,36960.0
2024-10-25 14:50:00+00:00,INTU,609.239990234375,609.239990234375,609.239990234375,609.239990234375,609.239990234375,766.0
2024-10-25 14:50:00+00:00,JAMF,16.799999237060547,16.799999237060547,16.799999237060547,16.799999237060547,16.799999237060547,1401.0
2024-10-25 14:50:00+00:00,JKHY,182.92999267578125,182.92999267578125,182.92999267578125,182.92999267578125,182.92999267578125,865.0
2024-10-25 14:50:00+00:00,KLAC,676.3250122070312,676.3250122070312,676.3250122070312,676.0800170898438,676.0800170898438,723.0
2024-10-25 14:50:00+00:00,LINK,4.840000152587891,4.840000152587891,4.840000152587891,4.840000152587891,4.840000152587891,626.0
2024-10-25 14:50:00+00:00,LITE,64.56999969482422,64.56999969482422,64.56999969482422,64.55500030517578,64.55500030517578,975.0
2024-10-25 14:50:00+00:00,LRCX,78.63999938964844,78.63999938964844,78.66000366210938,78.59149932861328,78.59149932861328,17194.0
2024-10-25 14:50:00+00:00,LSCC,54.290000915527344,54.290000915527344,54.30500030517578,54.279998779296875,54.30500030517578,2044.0
2024-10-25 14:50:00+00:00,LTRX,4.114999771118164,4.114999771118164,4.114999771118164,4.110000133514404,4.114999771118164,3655.0
2024-10-25 14:50:00+00:00,LYFT,13.8149995803833,13.8149995803833,13.819999694824219,13.8149995803833,13.816100120544434,4024.0
2024-10-25 14:50:00+00:00,MANH,275.94500732421875,275.94500732421875,275.94500732421875,275.94500732421875,275.94500732421875,233.0
2024-10-25 14:50:00+00:00,MAXN,5.787199974060059,5.787199974060059,5.800000190734863,5.787199974060059,5.800000190734863,571.0
2024-10-25 14:50:00+00:00,MCHP,76.85199737548828,76.85199737548828,76.87000274658203,76.83999633789062,76.86000061035156,4131.0
2024-10-25 14:50:00+00:00,MDB,267.2200012207031,267.2200012207031,267.4549865722656,267.2200012207031,267.4549865722656,1094.0
2024-10-25 14:50:00+00:00,MGIC,11.130000114440918,11.130000114440918,11.130000114440918,11.130000114440918,11.130000114440918,0.0
2024-10-25 14:50:00+00:00,MIND,3.5360000133514404,3.5360000133514404,3.5360000133514404,3.5360000133514404,3.5360000133514404,102.0
2024-10-25 14:50:00+00:00,MITK,8.770000457763672,8.770000457763672,8.770000457763672,8.770000457763672,8.770000457763672,703.0
2024-10-25 14:50:00+00:00,MKSI,101.19000244140625,101.19000244140625,101.19000244140625,101.19000244140625,101.19000244140625,786.0
2024-10-25 14:50:00+00:00,MNDY,299.5360107421875,299.5360107421875,299.5360107421875,299.3900146484375,299.3900146484375,1431.0
2024-10-25 14:50:00+00:00,MPWR,911.669921875,911.669921875,911.669921875,910.3099975585938,910.3099975585938,674.0
2024-10-25 14:50:00+00:00,MQ,5.315000057220459,5.315000057220459,5.320000171661377,5.315000057220459,5.320000171661377,7038.0
2024-10-25 14:50:00+00:00,MRVL,82.25,82.25,82.33000183105469,82.25,82.29000091552734,7730.0
2024-10-25 14:50:00+00:00,MSFT,428.9800109863281,428.9800109863281,429.17999267578125,428.95001220703125,429.1549987792969,15480.0
2024-10-25 14:50:00+00:00,MSTR,236.39999389648438,236.39999389648438,236.9586944580078,236.3800048828125,236.77499389648438,23387.0
2024-10-25 14:50:00+00:00,MTSI,120.56500244140625,120.56500244140625,120.58000183105469,120.5,120.51000213623047,3434.0
2024-10-25 14:50:00+00:00,MTTR,4.59499979019165,4.59499979019165,4.59499979019165,4.59499979019165,4.59499979019165,1484.0
2024-10-25 14:50:00+00:00,MU,108.56999969482422,108.56999969482422,108.68499755859375,108.55000305175781,108.6500015258789,13860.0
2024-10-25 14:50:00+00:00,MVIS,1.0850000381469727,1.0850000381469727,1.0850000381469727,1.0850000381469727,1.0850000381469727,200.0
2024-10-25 14:50:00+00:00,MXL,14.84000015258789,14.84000015258789,14.859999656677246,14.84000015258789,14.859999656677246,1212.0
2024-10-25 14:50:00+00:00,NCNO,37.68000030517578,37.68000030517578,37.68000030517578,37.68000030517578,37.68000030517578,226.0
2024-10-25 14:50:00+00:00,NICE,174.89999389648438,174.89999389648438,174.89999389648438,174.89999389648438,174.89999389648438,364.0
2024-10-25 14:50:00+00:00,NTAP,119.86000061035156,119.86000061035156,119.87999725341797,119.86000061035156,119.87999725341797,494.0
2024-10-25 14:50:00+00:00,NTGR,20.25,20.25,20.25,20.25,20.25,188.0
2024-10-25 14:50:00+00:00,NTNX,62.084999084472656,62.084999084472656,62.1150016784668,62.084999084472656,62.1150016784668,1473.0
2024-10-25 14:50:00+00:00,NVDA,142.19000244140625,142.19000244140625,142.2760009765625,142.1199951171875,142.25929260253906,405631.0
2024-10-25 14:50:00+00:00,NVTS,2.5299999713897705,2.5299999713897705,2.5299999713897705,2.5299999713897705,2.5299999713897705,276.0
2024-10-25 14:50:00+00:00,NXPI,243.85000610351562,243.85000610351562,243.85000610351562,243.85000610351562,243.85000610351562,766.0
2024-10-25 14:50:00+00:00,OLED,203.3699951171875,203.3699951171875,203.47999572753906,203.3699951171875,203.47999572753906,1058.0
2024-10-25 14:50:00+00:00,ON,71.43000030517578,71.43000030517578,71.44999694824219,71.4000015258789,71.43499755859375,11038.0
2024-10-25 14:50:00+00:00,OSIS,135.24000549316406,135.24000549316406,135.32000732421875,135.24000549316406,135.32000732421875,922.0
2024-10-25 14:50:00+00:00,OTEX,33.31999969482422,33.31999969482422,33.33000183105469,33.31999969482422,33.31999969482422,2457.0
2024-10-25 14:50:00+00:00,PANW,367.3122863769531,367.3122863769531,367.3349914550781,367.3122863769531,367.3125,737.0
2024-10-25 14:50:00+00:00,PAYO,8.319999694824219,8.319999694824219,8.319999694824219,8.319999694824219,8.319999694824219,1022.0
2024-10-25 14:50:00+00:00,PCTY,173.85000610351562,173.85000610351562,173.86000061035156,173.85000610351562,173.86000061035156,2353.0
2024-10-25 14:50:00+00:00,PEGA,79.52999877929688,79.52999877929688,79.55000305175781,79.47000122070312,79.55000305175781,3822.0
2024-10-25 14:50:00+00:00,PGY,11.859999656677246,11.859999656677246,11.869999885559082,11.859999656677246,11.869999885559082,402.0
2024-10-25 14:50:00+00:00,PHUN,10.449899673461914,10.449899673461914,10.484999656677246,10.440099716186523,10.460000038146973,18053.0
2024-10-25 14:50:00+00:00,PI,202.05999755859375,202.05999755859375,202.05999755859375,202.05999755859375,202.05999755859375,916.0
2024-10-25 14:50:00+00:00,POET,3.8550000190734863,3.8550000190734863,3.8550000190734863,3.8550000190734863,3.8550000190734863,40.0
2024-10-25 14:50:00+00:00,POWI,63.68000030517578,63.68000030517578,63.68000030517578,63.63999938964844,63.63999938964844,511.0
2024-10-25 14:50:00+00:00,PTC,187.22999572753906,187.22999572753906,187.22999572753906,187.19500732421875,187.19500732421875,1602.0
2024-10-25 14:50:00+00:00,PYCR,14.34000015258789,14.34000015258789,14.34000015258789,14.335000038146973,14.335000038146973,1223.0
2024-10-25 14:50:00+00:00,QCOM,171.24000549316406,171.24000549316406,171.3300018310547,171.22000122070312,171.30599975585938,3307.0
2024-10-25 14:50:00+00:00,QLYS,120.5199966430664,120.5199966430664,120.6500015258789,120.5199966430664,120.6500015258789,2224.0
2024-10-25 14:50:00+00:00,QUBT,1.0750000476837158,1.0750000476837158,1.0750000476837158,1.0750000476837158,1.0750000476837158,100.0
2024-10-25 14:50:00+00:00,QUIK,8.659899711608887,8.659899711608887,8.65999984741211,8.659899711608887,8.65999984741211,1251.0
2024-10-25 14:50:00+00:00,REFR,2.180000066757202,2.180000066757202,2.180000066757202,2.180000066757202,2.180000066757202,972.0
2024-10-25 14:50:00+00:00,REKR,1.090000033378601,1.090000033378601,1.090000033378601,1.090000033378601,1.090000033378601,338.0
2024-10-25 14:50:00+00:00,RELY,14.864999771118164,14.864999771118164,14.864999771118164,14.864999771118164,14.864999771118164,1324.0
2024-10-25 14:50:00+00:00,RGTI,1.2348999977111816,1.2348999977111816,1.2350000143051147,1.2348999977111816,1.2350000143051147,2938.0
2024-10-25 14:50:00+00:00,RIOT,9.854999542236328,9.854999542236328,9.86989974975586,9.850000381469727,9.864999771118164,18123.0
2024-10-25 14:50:00+00:00,RMBS,43.404998779296875,43.404998779296875,43.404998779296875,43.404998779296875,43.404998779296875,1824.0
2024-10-25 14:50:00+00:00,RPAY,7.704999923706055,7.704999923706055,7.704999923706055,7.704999923706055,7.704999923706055,555.0
2024-10-25 14:50:00+00:00,RUM,5.764999866485596,5.764999866485596,5.764999866485596,5.762400150299072,5.764999866485596,382.0
2024-10-25 14:50:00+00:00,RUN,14.425000190734863,14.425000190734863,14.425000190734863,14.414999961853027,14.414999961853027,2009.0
2024-10-25 14:50:00+00:00,SANM,67.72000122070312,67.72000122070312,67.72000122070312,67.72000122070312,67.72000122070312,895.0
2024-10-25 14:50:00+00:00,SEDG,15.84000015258789,15.84000015258789,15.84000015258789,15.787099838256836,15.820099830627441,17022.0
2024-10-25 14:50:00+00:00,SHLS,5.264999866485596,5.264999866485596,5.269999980926514,5.2600998878479,5.264999866485596,2699.0
2024-10-25 14:50:00+00:00,SITM,179.85000610351562,179.85000610351562,179.92999267578125,179.85000610351562,179.92999267578125,579.0
2024-10-25 14:50:00+00:00,SKYT,10.5600004196167,10.5600004196167,10.5600004196167,10.5600004196167,10.5600004196167,859.0
2024-10-25 14:50:00+00:00,SMCI,47.51499938964844,47.51499938964844,47.540000915527344,47.47999954223633,47.51599884033203,47617.0
2024-10-25 14:50:00+00:00,SONO,12.725000381469727,12.725000381469727,12.725000381469727,12.725000381469727,12.725000381469727,673.0
2024-10-25 14:50:00+00:00,SOUN,5.1875,5.1875,5.190000057220459,5.184999942779541,5.184999942779541,6698.0
2024-10-25 14:50:00+00:00,SSNC,69.76000213623047,69.76000213623047,69.77999877929688,69.76000213623047,69.76499938964844,5876.0
2024-10-25 14:50:00+00:00,STNE,11.555000305175781,11.555000305175781,11.5600004196167,11.545000076293945,11.545000076293945,10899.0
2024-10-25 14:50:00+00:00,STX,103.66000366210938,103.66000366210938,103.72000122070312,103.66000366210938,103.71499633789062,3157.0
2024-10-25 14:50:00+00:00,SVRE,0.07859999686479568,0.07859999686479568,0.07859999686479568,0.07859999686479568,0.07859999686479568,406.0
2024-10-25 14:50:00+00:00,SYTA,1.309999942779541,1.309999942779541,1.309999942779541,1.309999942779541,1.309999942779541,2962.0
2024-10-25 14:50:00+00:00,TEAM,189.4600067138672,189.4600067138672,189.66000366210938,189.4600067138672,189.5749969482422,3384.0
2024-10-25 14:50:00+00:00,TENB,41.744998931884766,41.744998931884766,41.744998931884766,41.72999954223633,41.72999954223633,622.0
2024-10-25 14:50:00+00:00,TER,112.11499786376953,112.11499786376953,112.12000274658203,112.0999984741211,112.11499786376953,1862.0
2024-10-25 14:50:00+00:00,TRMB,61.040000915527344,61.040000915527344,61.040000915527344,61.040000915527344,61.040000915527344,563.0
2024-10-25 14:50:00+00:00,TSEM,44.70000076293945,44.70000076293945,44.74769973754883,44.70000076293945,44.74769973754883,2433.0
2024-10-25 14:50:00+00:00,TTD,119.16000366210938,119.16000366210938,119.20999908447266,119.16000366210938,119.20999908447266,2232.0
2024-10-25 14:50:00+00:00,TTMI,19.68000030517578,19.68000030517578,19.68000030517578,19.68000030517578,19.68000030517578,629.0
2024-10-25 14:50:00+00:00,TWKS,4.440000057220459,4.440000057220459,4.440000057220459,4.440000057220459,4.440000057220459,2100.0
2024-10-25 14:50:00+00:00,TXN,207.9250030517578,207.9250030517578,207.97000122070312,207.91000366210938,207.97000122070312,4273.0
2024-10-25 14:50:00+00:00,VICR,46.70000076293945,46.70000076293945,46.70500183105469,46.650001525878906,46.65999984741211,15068.0
2024-10-25 14:50:00+00:00,VMEO,4.755000114440918,4.755000114440918,4.755000114440918,4.755000114440918,4.755000114440918,957.0
2024-10-25 14:50:00+00:00,VNET,3.4000000953674316,3.4000000953674316,3.4200000762939453,3.4000000953674316,3.4200000762939453,3497.0
2024-10-25 14:50:00+00:00,VRNS,56.790000915527344,56.790000915527344,56.79999923706055,56.779998779296875,56.79999923706055,900.0
2024-10-25 14:50:00+00:00,VRNT,21.950000762939453,21.950000762939453,21.969999313354492,21.950000762939453,21.959999084472656,1597.0
2024-10-25 14:50:00+00:00,VRSN,183.35000610351562,183.35000610351562,183.36000061035156,183.14500427246094,183.14500427246094,2913.0
2024-10-25 14:50:00+00:00,VSAT,10.175000190734863,10.175000190734863,10.175000190734863,10.170000076293945,10.170000076293945,1780.0
2024-10-25 14:50:00+00:00,VUZI,1.2998000383377075,1.2998000383377075,1.2998000383377075,1.2949999570846558,1.2949999570846558,7200.0
2024-10-25 14:50:00+00:00,WALD,3.509999990463257,3.509999990463257,3.509999990463257,3.509999990463257,3.509999990463257,204.0
2024-10-25 14:50:00+00:00,WDAY,238.86000061035156,238.86000061035156,238.9199981689453,238.86000061035156,238.9199981689453,1653.0
2024-10-25 14:50:00+00:00,WDC,70.19999694824219,70.19999694824219,70.23999786376953,70.05000305175781,70.05999755859375,45900.0
2024-10-25 14:50:00+00:00,WISA,2.0399999618530273,2.0399999618530273,2.0399999618530273,2.0350000858306885,2.0350000858306885,0.0
2024-10-25 14:50:00+00:00,ZI,10.515000343322754,10.515000343322754,10.515000343322754,10.515000343322754,10.515000343322754,2537.0
2024-10-25 14:50:00+00:00,ZM,72.83000183105469,72.83000183105469,72.86000061035156,72.83000183105469,72.8499984741211,4804.0
2024-10-25 14:50:00+00:00,ZS,185.1999969482422,185.1999969482422,185.25,185.1300048828125,185.1300048828125,1044.0
2024-10-25 14:51:00+00:00,AAOI,17.747400283813477,17.747400283813477,17.75,17.747400283813477,17.75,884.0
2024-10-25 14:51:00+00:00,AAPL,232.0800018310547,232.0800018310547,232.11000061035156,232.00999450683594,232.00999450683594,44895.0
2024-10-25 14:51:00+00:00,ACLS,90.29509735107422,90.29509735107422,90.29509735107422,90.29509735107422,90.29509735107422,977.0
2024-10-25 14:51:00+00:00,ADBE,483.19000244140625,483.19000244140625,483.4100036621094,483.19000244140625,483.3800048828125,4298.0
2024-10-25 14:51:00+00:00,ADI,231.5,231.5,231.5,231.5,231.5,1659.0
2024-10-25 14:51:00+00:00,ADSK,286.760009765625,286.760009765625,286.760009765625,286.67999267578125,286.67999267578125,1462.0
2024-10-25 14:51:00+00:00,ADTN,6.28000020980835,6.28000020980835,6.28000020980835,6.28000020980835,6.28000020980835,848.0
2024-10-25 14:51:00+00:00,AEYE,22.75,22.75,22.75,22.75,22.75,322.0
2024-10-25 14:51:00+00:00,AFRM,41.540000915527344,41.540000915527344,41.540000915527344,41.529998779296875,41.529998779296875,2793.0
2024-10-25 14:51:00+00:00,AKAM,102.13999938964844,102.13999938964844,102.1500015258789,102.12999725341797,102.1449966430664,1224.0
2024-10-25 14:51:00+00:00,AKTS,0.05950000137090683,0.05950000137090683,0.05950000137090683,0.05939999967813492,0.05939999967813492,42800.0
2024-10-25 14:51:00+00:00,ALGM,23.135000228881836,23.135000228881836,23.139999389648438,23.114999771118164,23.114999771118164,2796.0
2024-10-25 14:51:00+00:00,ALRM,54.56999969482422,54.56999969482422,54.56999969482422,54.56999969482422,54.56999969482422,1508.0
2024-10-25 14:51:00+00:00,AMAT,187.4199981689453,187.4199981689453,187.47999572753906,187.4199981689453,187.47999572753906,2885.0
2024-10-25 14:51:00+00:00,AMD,156.47999572753906,156.47999572753906,156.57989501953125,156.4600067138672,156.5500030517578,34672.0
2024-10-25 14:51:00+00:00,AMKR,30.04990005493164,30.04990005493164,30.049999237060547,30.040000915527344,30.040000915527344,1601.0
2024-10-25 14:51:00+00:00,ANSS,323.94500732421875,323.94500732421875,323.94500732421875,323.94500732421875,323.94500732421875,666.0
2024-10-25 14:51:00+00:00,APP,161.85000610351562,161.85000610351562,161.85000610351562,161.8300018310547,161.8300018310547,819.0
2024-10-25 14:51:00+00:00,APPS,3.079900026321411,3.079900026321411,3.079900026321411,3.078000068664551,3.078000068664551,850.0
2024-10-25 14:51:00+00:00,ARRY,6.44890022277832,6.44890022277832,6.449999809265137,6.440100193023682,6.449999809265137,5695.0
2024-10-25 14:51:00+00:00,ASML,715.0700073242188,715.0700073242188,715.2100219726562,715.0700073242188,715.1801147460938,1996.0
2024-10-25 14:51:00+00:00,AUR,6.385000228881836,6.385000228881836,6.385000228881836,6.385000228881836,6.385000228881836,324.0
2024-10-25 14:51:00+00:00,AVDX,8.140000343322754,8.140000343322754,8.145000457763672,8.135000228881836,8.145000457763672,4306.0
2024-10-25 14:51:00+00:00,AVGO,174.35000610351562,174.35000610351562,174.4499053955078,174.3300018310547,174.3800048828125,12866.0
2024-10-25 14:51:00+00:00,AVPT,11.930000305175781,11.930000305175781,11.930000305175781,11.930000305175781,11.930000305175781,719.0
2024-10-25 14:51:00+00:00,BL,56.369998931884766,56.369998931884766,56.369998931884766,56.369998931884766,56.369998931884766,405.0
2024-10-25 14:51:00+00:00,BMBL,7.074999809265137,7.074999809265137,7.074999809265137,7.070000171661377,7.070000171661377,2354.0
2024-10-25 14:51:00+00:00,BRZE,30.75,30.75,30.75,30.75,30.75,583.0
2024-10-25 14:51:00+00:00,BSY,49.244998931884766,49.244998931884766,49.255001068115234,49.242000579833984,49.25379943847656,619.0
2024-10-25 14:51:00+00:00,CDNS,258.2799987792969,258.2799987792969,258.375,258.2799987792969,258.375,1271.0
2024-10-25 14:51:00+00:00,CDW,218.3000030517578,218.3000030517578,218.30999755859375,218.3000030517578,218.30999755859375,2087.0
2024-10-25 14:51:00+00:00,CETX,0.3046000003814697,0.3046000003814697,0.3046000003814697,0.3046000003814697,0.3046000003814697,2527.0
2024-10-25 14:51:00+00:00,CEVA,24.079999923706055,24.079999923706055,24.079999923706055,24.079999923706055,24.079999923706055,298.0
2024-10-25 14:51:00+00:00,CFLT,22.600000381469727,22.600000381469727,22.610000610351562,22.594999313354492,22.594999313354492,5928.0
2024-10-25 14:51:00+00:00,CGNX,38.88999938964844,38.88999938964844,38.88999938964844,38.88999938964844,38.88999938964844,554.0
2024-10-25 14:51:00+00:00,CLBT,18.219999313354492,18.219999313354492,18.219999313354492,18.219999313354492,18.219999313354492,351.0
2024-10-25 14:51:00+00:00,CLSK,11.755000114440918,11.755000114440918,11.760000228881836,11.740099906921387,11.755000114440918,63077.0
2024-10-25 14:51:00+00:00,CNDT,3.6059999465942383,3.6059999465942383,3.6059999465942383,3.6059999465942383,3.6059999465942383,2075.0
2024-10-25 14:51:00+00:00,CNXC,44.55500030517578,44.55500030517578,44.57500076293945,44.55500030517578,44.57500076293945,1277.0
2024-10-25 14:51:00+00:00,COHR,95.82499694824219,95.82499694824219,95.86000061035156,95.82499694824219,95.86000061035156,769.0
2024-10-25 14:51:00+00:00,COHU,26.030000686645508,26.030000686645508,26.030000686645508,26.030000686645508,26.030000686645508,1017.0
2024-10-25 14:51:00+00:00,COIN,207.83999633789062,207.83999633789062,208.2100067138672,207.7301025390625,208.2100067138672,13423.0
2024-10-25 14:51:00+00:00,CORZ,13.390000343322754,13.390000343322754,13.420000076293945,13.390000343322754,13.420000076293945,38654.0
2024-10-25 14:51:00+00:00,CRCT,6.574999809265137,6.574999809265137,6.585000038146973,6.574999809265137,6.585000038146973,1713.0
2024-10-25 14:51:00+00:00,CRDO,39.185001373291016,39.185001373291016,39.209999084472656,39.18000030517578,39.209999084472656,3001.0
2024-10-25 14:51:00+00:00,CRNC,2.930000066757202,2.930000066757202,2.930000066757202,2.930000066757202,2.930000066757202,216.0
2024-10-25 14:51:00+00:00,CRSR,6.335000038146973,6.335000038146973,6.340000152587891,6.335000038146973,6.340000152587891,2466.0
2024-10-25 14:51:00+00:00,CRUS,122.55000305175781,122.55000305175781,122.66999816894531,122.55000305175781,122.6500015258789,908.0
2024-10-25 14:51:00+00:00,CRWD,296.97100830078125,296.97100830078125,297.0,296.70001220703125,296.7799987792969,5642.0
2024-10-25 14:51:00+00:00,CSCO,55.7859992980957,55.7859992980957,55.81999969482422,55.7859992980957,55.80659866333008,17517.0
2024-10-25 14:51:00+00:00,CSIQ,13.329999923706055,13.329999923706055,13.329999923706055,13.327500343322754,13.329999923706055,2035.0
2024-10-25 14:51:00+00:00,CTSH,74.76000213623047,74.76000213623047,74.7699966430664,74.75,74.75,4021.0
2024-10-25 14:51:00+00:00,DATS,1.659999966621399,1.659999966621399,1.659999966621399,1.659999966621399,1.659999966621399,400.0
2024-10-25 14:51:00+00:00,DAVE,38.82500076293945,38.82500076293945,38.849998474121094,38.82500076293945,38.849998474121094,1829.0
2024-10-25 14:51:00+00:00,DBX,26.070100784301758,26.070100784301758,26.075000762939453,26.070100784301758,26.075000762939453,1613.0
2024-10-25 14:51:00+00:00,DDOG,126.29499816894531,126.29499816894531,126.31999969482422,126.27999877929688,126.31999969482422,1528.0
2024-10-25 14:51:00+00:00,DIOD,65.25499725341797,65.25499725341797,65.25499725341797,65.22000122070312,65.22000122070312,898.0
2024-10-25 14:51:00+00:00,DLO,8.864999771118164,8.864999771118164,8.864999771118164,8.860099792480469,8.860099792480469,3787.0
2024-10-25 14:51:00+00:00,DOCU,68.77999877929688,68.77999877929688,68.79000091552734,68.7699966430664,68.7699966430664,5880.0
2024-10-25 14:51:00+00:00,DOMO,8.095000267028809,8.095000267028809,8.095000267028809,8.095000267028809,8.095000267028809,640.0
2024-10-25 14:51:00+00:00,DOX,89.27999877929688,89.27999877929688,89.27999877929688,89.27999877929688,89.27999877929688,1211.0
2024-10-25 14:51:00+00:00,EEFT,100.30000305175781,100.30000305175781,100.30000305175781,100.25,100.2699966430664,1205.0
2024-10-25 14:51:00+00:00,ENPH,83.66000366210938,83.66000366210938,83.79000091552734,83.6500015258789,83.79000091552734,8749.0
2024-10-25 14:51:00+00:00,ENTG,104.69499969482422,104.69499969482422,104.69499969482422,104.6500015258789,104.6500015258789,1294.0
2024-10-25 14:51:00+00:00,ERIC,8.454999923706055,8.454999923706055,8.460000038146973,8.454999923706055,8.460000038146973,3577.0
2024-10-25 14:51:00+00:00,EXLS,38.7599983215332,38.7599983215332,38.7599983215332,38.7599983215332,38.7599983215332,784.0
2024-10-25 14:51:00+00:00,EXTR,14.369999885559082,14.369999885559082,14.380000114440918,14.369999885559082,14.380000114440918,1770.0
2024-10-25 14:51:00+00:00,FFIV,216.35000610351562,216.35000610351562,216.35000610351562,216.35000610351562,216.35000610351562,367.0
2024-10-25 14:51:00+00:00,FIVN,29.924999237060547,29.924999237060547,29.924999237060547,29.924999237060547,29.924999237060547,442.0
2024-10-25 14:51:00+00:00,FLEX,35.26499938964844,35.26499938964844,35.27000045776367,35.2599983215332,35.2599983215332,1961.0
2024-10-25 14:51:00+00:00,FLYW,17.309999465942383,17.309999465942383,17.309999465942383,17.299999237060547,17.309999465942383,747.0
2024-10-25 14:51:00+00:00,FORM,44.790000915527344,44.790000915527344,44.790000915527344,44.790000915527344,44.790000915527344,261.0
2024-10-25 14:51:00+00:00,FRSH,11.619999885559082,11.619999885559082,11.619999885559082,11.619999885559082,11.619999885559082,974.0
2024-10-25 14:51:00+00:00,FSLR,198.3699951171875,198.3699951171875,198.3699951171875,198.3000030517578,198.3000030517578,991.0
2024-10-25 14:51:00+00:00,FTNT,80.51000213623047,80.51000213623047,80.54000091552734,80.51000213623047,80.54000091552734,2275.0
2024-10-25 14:51:00+00:00,GCT,24.65999984741211,24.65999984741211,24.65999984741211,24.65999984741211,24.65999984741211,1106.0
2024-10-25 14:51:00+00:00,GFS,40.619998931884766,40.619998931884766,40.63999938964844,40.60499954223633,40.630001068115234,3885.0
2024-10-25 14:51:00+00:00,GPRO,1.3200000524520874,1.3200000524520874,1.3200000524520874,1.3200000524520874,1.3200000524520874,524.0
2024-10-25 14:51:00+00:00,GRAB,4.090000152587891,4.090000152587891,4.09499979019165,4.090000152587891,4.09499979019165,5910.0
2024-10-25 14:51:00+00:00,GRRRW,0.061799999326467514,0.061799999326467514,0.061799999326467514,0.061799999326467514,0.061799999326467514,200.0
2024-10-25 14:51:00+00:00,GSIT,3.4000000953674316,3.4000000953674316,3.4000000953674316,3.4000000953674316,3.4000000953674316,398.0
2024-10-25 14:51:00+00:00,GTLB,55.150001525878906,55.150001525878906,55.150001525878906,55.150001525878906,55.150001525878906,1036.0
2024-10-25 14:51:00+00:00,HCKT,24.68000030517578,24.68000030517578,24.690000534057617,24.68000030517578,24.690000534057617,1153.0
2024-10-25 14:51:00+00:00,HCP,33.654998779296875,33.654998779296875,33.654998779296875,33.654998779296875,33.654998779296875,519.0
2024-10-25 14:51:00+00:00,HIMX,6.195000171661377,6.195000171661377,6.195000171661377,6.195000171661377,6.195000171661377,305.0
2024-10-25 14:51:00+00:00,HLIT,14.774999618530273,14.774999618530273,14.779999732971191,14.774999618530273,14.774999618530273,1659.0
2024-10-25 14:51:00+00:00,HOLO,3.594399929046631,3.594399929046631,3.5999999046325684,3.594399929046631,3.5999999046325684,2903.0
2024-10-25 14:51:00+00:00,HOOD,27.204999923706055,27.204999923706055,27.21500015258789,27.200000762939453,27.21500015258789,12468.0
2024-10-25 14:51:00+00:00,ICHR,27.559999465942383,27.559999465942383,27.559999465942383,27.559999465942383,27.559999465942383,581.0
2024-10-25 14:51:00+00:00,IMMR,8.680000305175781,8.680000305175781,8.680000305175781,8.680000305175781,8.680000305175781,263.0
2024-10-25 14:51:00+00:00,INDI,3.4800000190734863,3.4800000190734863,3.490000009536743,3.4800000190734863,3.490000009536743,4597.0
2024-10-25 14:51:00+00:00,INFN,6.764999866485596,6.764999866485596,6.764999866485596,6.764999866485596,6.764999866485596,218.0
2024-10-25 14:51:00+00:00,INOD,20.329999923706055,20.329999923706055,20.329999923706055,20.27199935913086,20.27199935913086,2326.0
2024-10-25 14:51:00+00:00,INTA,50.119998931884766,50.119998931884766,50.119998931884766,50.119998931884766,50.119998931884766,1167.0
2024-10-25 14:51:00+00:00,INTC,22.915000915527344,22.915000915527344,22.93000030517578,22.90999984741211,22.92959976196289,17963.0
2024-10-25 14:51:00+00:00,INTU,609.364990234375,609.364990234375,609.364990234375,609.239990234375,609.239990234375,592.0
2024-10-25 14:51:00+00:00,IPGP,77.24500274658203,77.24500274658203,77.24500274658203,77.24500274658203,77.24500274658203,368.0
2024-10-25 14:51:00+00:00,ITRI,102.71499633789062,102.71499633789062,102.76000213623047,102.71499633789062,102.75,2161.0
2024-10-25 14:51:00+00:00,KC,2.684999942779541,2.684999942779541,2.684999942779541,2.680000066757202,2.680000066757202,1091.0
2024-10-25 14:51:00+00:00,KLAC,676.0800170898438,676.0800170898438,676.0800170898438,676.0800170898438,676.0800170898438,1467.0
2024-10-25 14:51:00+00:00,KLIC,44.59000015258789,44.59000015258789,44.59000015258789,44.59000015258789,44.59000015258789,512.0
2024-10-25 14:51:00+00:00,LINK,4.800000190734863,4.800000190734863,4.869999885559082,4.800000190734863,4.849999904632568,7304.0
2024-10-25 14:51:00+00:00,LITE,64.54499816894531,64.54499816894531,64.56500244140625,64.54000091552734,64.56500244140625,1364.0
2024-10-25 14:51:00+00:00,LPSN,1.1699999570846558,1.1699999570846558,1.1699999570846558,1.1699999570846558,1.1699999570846558,132.0
2024-10-25 14:51:00+00:00,LRCX,78.5999984741211,78.5999984741211,78.6500015258789,78.56999969482422,78.6500015258789,17050.0
2024-10-25 14:51:00+00:00,LSAK,5.309999942779541,5.309999942779541,5.309999942779541,5.309999942779541,5.309999942779541,376.0
2024-10-25 14:51:00+00:00,LSCC,54.25,54.25,54.2599983215332,54.25,54.2599983215332,5426.0
2024-10-25 14:51:00+00:00,LYFT,13.8149995803833,13.8149995803833,13.819999694824219,13.8149995803833,13.8149995803833,4066.0
2024-10-25 14:51:00+00:00,LYTS,16.210599899291992,16.210599899291992,16.210599899291992,16.210599899291992,16.210599899291992,235.0
2024-10-25 14:51:00+00:00,MANH,275.8299865722656,275.8299865722656,275.8500061035156,275.8299865722656,275.8500061035156,855.0
2024-10-25 14:51:00+00:00,MCHP,76.83000183105469,76.83000183105469,76.8499984741211,76.83000183105469,76.8499984741211,4766.0
2024-10-25 14:51:00+00:00,MDB,267.19000244140625,267.19000244140625,267.32000732421875,267.19000244140625,267.32000732421875,1090.0
2024-10-25 14:51:00+00:00,MGIC,11.1899995803833,11.1899995803833,11.1899995803833,11.1899995803833,11.1899995803833,126.0
2024-10-25 14:51:00+00:00,MKSI,101.1500015258789,101.1500015258789,101.19000244140625,101.1500015258789,101.19000244140625,1748.0
2024-10-25 14:51:00+00:00,MNDY,299.45989990234375,299.45989990234375,299.45989990234375,299.45989990234375,299.45989990234375,426.0
2024-10-25 14:51:00+00:00,MPWR,909.760009765625,909.760009765625,910.8099975585938,909.760009765625,910.55908203125,1235.0
2024-10-25 14:51:00+00:00,MQ,5.315000057220459,5.315000057220459,5.320000171661377,5.315000057220459,5.320000171661377,3568.0
2024-10-25 14:51:00+00:00,MRAM,6.349999904632568,6.349999904632568,6.349999904632568,6.349999904632568,6.349999904632568,116.0
2024-10-25 14:51:00+00:00,MRVL,82.2300033569336,82.2300033569336,82.2699966430664,82.22000122070312,82.2699966430664,6452.0
2024-10-25 14:51:00+00:00,MSFT,428.9036865234375,428.9036865234375,429.0498962402344,428.8800048828125,428.9999084472656,10129.0
2024-10-25 14:51:00+00:00,MSTR,235.94000244140625,235.94000244140625,236.5800018310547,235.5800018310547,236.49000549316406,34461.0
2024-10-25 14:51:00+00:00,MTSI,120.62000274658203,120.62000274658203,120.62000274658203,120.5,120.54000091552734,5037.0
2024-10-25 14:51:00+00:00,MTTR,4.59499979019165,4.59499979019165,4.599999904632568,4.59499979019165,4.599999904632568,2130.0
2024-10-25 14:51:00+00:00,MU,108.55999755859375,108.55999755859375,108.58000183105469,108.54000091552734,108.55000305175781,10904.0
2024-10-25 14:51:00+00:00,MVIS,1.0800000429153442,1.0800000429153442,1.0800000429153442,1.0800000429153442,1.0800000429153442,570.0
2024-10-25 14:51:00+00:00,MXL,14.829999923706055,14.829999923706055,14.850000381469727,14.829999923706055,14.850000381469727,853.0
2024-10-25 14:51:00+00:00,NCNO,37.68000030517578,37.68000030517578,37.68000030517578,37.68000030517578,37.68000030517578,1119.0
2024-10-25 14:51:00+00:00,NICE,174.89999389648438,174.89999389648438,174.9199981689453,174.89999389648438,174.9199981689453,595.0
2024-10-25 14:51:00+00:00,NSIT,208.52499389648438,208.52499389648438,208.52499389648438,208.52499389648438,208.52499389648438,509.0
2024-10-25 14:51:00+00:00,NTAP,119.88999938964844,119.88999938964844,119.88999938964844,119.83999633789062,119.8499984741211,2625.0
2024-10-25 14:51:00+00:00,NTCT,20.649999618530273,20.649999618530273,20.649999618530273,20.649999618530273,20.649999618530273,1116.0
2024-10-25 14:51:00+00:00,NTGR,20.229999542236328,20.229999542236328,20.2450008392334,20.229999542236328,20.2450008392334,669.0
2024-10-25 14:51:00+00:00,NTNX,62.064998626708984,62.064998626708984,62.06999969482422,62.064998626708984,62.06999969482422,941.0
2024-10-25 14:51:00+00:00,NVDA,142.13499450683594,142.13499450683594,142.20399475097656,142.07000732421875,142.19219970703125,266308.0
2024-10-25 14:51:00+00:00,NVTS,2.5350000858306885,2.5350000858306885,2.5350000858306885,2.5350000858306885,2.5350000858306885,2244.0
2024-10-25 14:51:00+00:00,NXPI,243.8350067138672,243.8350067138672,243.8350067138672,243.8350067138672,243.8350067138672,1589.0
2024-10-25 14:51:00+00:00,OKTA,72.25499725341797,72.25499725341797,72.25499725341797,72.2300033569336,72.2300033569336,1582.0
2024-10-25 14:51:00+00:00,ON,71.37000274658203,71.37000274658203,71.41999816894531,71.37000274658203,71.41999816894531,7546.0
2024-10-25 14:51:00+00:00,ONDS,0.847000002861023,0.847000002861023,0.847000002861023,0.847000002861023,0.847000002861023,7500.0
2024-10-25 14:51:00+00:00,OSIS,135.07000732421875,135.07000732421875,135.17999267578125,135.07000732421875,135.17999267578125,1724.0
2024-10-25 14:51:00+00:00,OSPN,14.59000015258789,14.59000015258789,14.59000015258789,14.585000038146973,14.585000038146973,629.0
2024-10-25 14:51:00+00:00,PANW,367.1600036621094,367.1600036621094,367.29998779296875,367.1600036621094,367.1600036621094,1256.0
2024-10-25 14:51:00+00:00,PAYO,8.319999694824219,8.319999694824219,8.319999694824219,8.319999694824219,8.319999694824219,483.0
2024-10-25 14:51:00+00:00,PEGA,79.44499969482422,79.44499969482422,79.5250015258789,79.37000274658203,79.5,4975.0
2024-10-25 14:51:00+00:00,PGY,11.859999656677246,11.859999656677246,11.869999885559082,11.859999656677246,11.869999885559082,558.0
2024-10-25 14:51:00+00:00,PHUN,10.438699722290039,10.438699722290039,10.5,10.430100440979004,10.442000389099121,20815.0
2024-10-25 14:51:00+00:00,PI,202.3000030517578,202.3000030517578,202.3000030517578,202.3000030517578,202.3000030517578,431.0
2024-10-25 14:51:00+00:00,PLAB,23.665000915527344,23.665000915527344,23.665000915527344,23.665000915527344,23.665000915527344,170.0
2024-10-25 14:51:00+00:00,PLXS,142.08999633789062,142.08999633789062,142.19500732421875,142.08999633789062,142.19500732421875,842.0
2024-10-25 14:51:00+00:00,POET,3.8550000190734863,3.8550000190734863,3.8550000190734863,3.8550000190734863,3.8550000190734863,872.0
2024-10-25 14:51:00+00:00,PRCH,1.315000057220459,1.315000057220459,1.315000057220459,1.315000057220459,1.315000057220459,162.0
2024-10-25 14:51:00+00:00,PTC,187.22999572753906,187.22999572753906,187.22999572753906,187.19500732421875,187.19500732421875,1366.0
2024-10-25 14:51:00+00:00,PUBM,14.739999771118164,14.739999771118164,14.75,14.739999771118164,14.75,1857.0
2024-10-25 14:51:00+00:00,PYCR,14.345000267028809,14.345000267028809,14.345000267028809,14.345000267028809,14.345000267028809,1046.0
2024-10-25 14:51:00+00:00,QCOM,171.1999969482422,171.1999969482422,171.22999572753906,171.19000244140625,171.21499633789062,4878.0
2024-10-25 14:51:00+00:00,QRVO,99.99500274658203,99.99500274658203,100.01000213623047,99.9800033569336,99.9800033569336,1803.0
2024-10-25 14:51:00+00:00,QUBT,1.070099949836731,1.070099949836731,1.070099949836731,1.070099949836731,1.070099949836731,318.0
2024-10-25 14:51:00+00:00,RCAT,2.755000114440918,2.755000114440918,2.755000114440918,2.755000114440918,2.755000114440918,968.0
2024-10-25 14:51:00+00:00,REKR,1.090000033378601,1.090000033378601,1.090000033378601,1.0858999490737915,1.0858999490737915,1183.0
2024-10-25 14:51:00+00:00,RELL,14.039999961853027,14.039999961853027,14.039999961853027,14.039999961853027,14.039999961853027,280.0
2024-10-25 14:51:00+00:00,RELY,14.864999771118164,14.864999771118164,14.864999771118164,14.864999771118164,14.864999771118164,643.0
2024-10-25 14:51:00+00:00,RGTI,1.2350000143051147,1.2350000143051147,1.2350000143051147,1.2350000143051147,1.2350000143051147,300.0
2024-10-25 14:51:00+00:00,RIOT,9.835000038146973,9.835000038146973,9.859999656677246,9.824999809265137,9.859999656677246,78336.0
2024-10-25 14:51:00+00:00,RMBS,43.400001525878906,43.400001525878906,43.41999816894531,43.38999938964844,43.41999816894531,5953.0
2024-10-25 14:51:00+00:00,RPAY,7.704999923706055,7.704999923706055,7.704999923706055,7.699999809265137,7.704999923706055,7312.0
2024-10-25 14:51:00+00:00,RPD,38.790000915527344,38.790000915527344,38.790000915527344,38.790000915527344,38.790000915527344,131.0
2024-10-25 14:51:00+00:00,RUM,5.769899845123291,5.769899845123291,5.769899845123291,5.764999866485596,5.764999866485596,10178.0
2024-10-25 14:51:00+00:00,RUN,14.414999961853027,14.414999961853027,14.420000076293945,14.414999961853027,14.420000076293945,2682.0
2024-10-25 14:51:00+00:00,SANM,67.68499755859375,67.68499755859375,67.68499755859375,67.68499755859375,67.68499755859375,632.0
2024-10-25 14:51:00+00:00,SATS,25.264999389648438,25.264999389648438,25.264999389648438,25.264999389648438,25.264999389648438,355.0
2024-10-25 14:51:00+00:00,SCWX,8.380000114440918,8.380000114440918,8.380000114440918,8.375,8.375,370.0
2024-10-25 14:51:00+00:00,SEDG,15.800000190734863,15.800000190734863,15.84000015258789,15.779999732971191,15.84000015258789,31174.0
2024-10-25 14:51:00+00:00,SHLS,5.260000228881836,5.260000228881836,5.264999866485596,5.260000228881836,5.264999866485596,4287.0
2024-10-25 14:51:00+00:00,SIMO,56.415000915527344,56.415000915527344,56.415000915527344,56.40999984741211,56.40999984741211,1095.0
2024-10-25 14:51:00+00:00,SITM,179.6699981689453,179.6699981689453,179.82000732421875,179.6699981689453,179.82000732421875,866.0
2024-10-25 14:51:00+00:00,SMCI,47.494998931884766,47.494998931884766,47.540000915527344,47.46039962768555,47.5099983215332,35225.0
2024-10-25 14:51:00+00:00,SMSI,0.8120999932289124,0.8120999932289124,0.8120999932289124,0.8120999932289124,0.8120999932289124,222.0
2024-10-25 14:51:00+00:00,SMTC,45.779998779296875,45.779998779296875,45.779998779296875,45.779998779296875,45.779998779296875,891.0
2024-10-25 14:51:00+00:00,SNPS,503.0249938964844,503.0249938964844,503.0249938964844,503.0249938964844,503.0249938964844,400.0
2024-10-25 14:51:00+00:00,SONO,12.720000267028809,12.720000267028809,12.725000381469727,12.720000267028809,12.720000267028809,1926.0
2024-10-25 14:51:00+00:00,SOUN,5.179999828338623,5.179999828338623,5.189599990844727,5.179999828338623,5.184999942779541,9252.0
2024-10-25 14:51:00+00:00,SRAD,12.399999618530273,12.399999618530273,12.399999618530273,12.390000343322754,12.390000343322754,17420.0
2024-10-25 14:51:00+00:00,SSNC,69.76000213623047,69.76000213623047,69.7699966430664,69.75,69.7699966430664,4370.0
2024-10-25 14:51:00+00:00,SSYS,7.039999961853027,7.039999961853027,7.054999828338623,7.039999961853027,7.054999828338623,1326.0
2024-10-25 14:51:00+00:00,STNE,11.555000305175781,11.555000305175781,11.555000305175781,11.555000305175781,11.555000305175781,504.0
2024-10-25 14:51:00+00:00,STX,103.6500015258789,103.6500015258789,103.65499877929688,103.62999725341797,103.65499877929688,2363.0
2024-10-25 14:51:00+00:00,SURG,1.7400000095367432,1.7400000095367432,1.7400000095367432,1.7400000095367432,1.7400000095367432,200.0
2024-10-25 14:51:00+00:00,SVRE,0.07900000363588333,0.07900000363588333,0.07900000363588333,0.07800000160932541,0.07800000160932541,23808.0
2024-10-25 14:51:00+00:00,SWKS,95.91000366210938,95.91000366210938,95.92500305175781,95.91000366210938,95.92500305175781,1243.0
2024-10-25 14:51:00+00:00,SYNA,72.38999938964844,72.38999938964844,72.4000015258789,72.38999938964844,72.4000015258789,483.0
2024-10-25 14:51:00+00:00,TEAM,189.47000122070312,189.47000122070312,189.47999572753906,189.47000122070312,189.47999572753906,288.0
2024-10-25 14:51:00+00:00,TENB,41.744998931884766,41.744998931884766,41.7599983215332,41.744998931884766,41.7599983215332,1499.0
2024-10-25 14:51:00+00:00,TER,112.08000183105469,112.08000183105469,112.11499786376953,112.07499694824219,112.11499786376953,3539.0
2024-10-25 14:51:00+00:00,TRMB,61.02000045776367,61.02000045776367,61.03499984741211,61.02000045776367,61.03499984741211,956.0
2024-10-25 14:51:00+00:00,TTD,119.08999633789062,119.08999633789062,119.11000061035156,119.08999633789062,119.11000061035156,5327.0
2024-10-25 14:51:00+00:00,TTEC,5.355000019073486,5.355000019073486,5.360000133514404,5.34499979019165,5.34499979019165,2534.0
2024-10-25 14:51:00+00:00,TTMI,19.670000076293945,19.670000076293945,19.670000076293945,19.670000076293945,19.670000076293945,283.0
2024-10-25 14:51:00+00:00,TWKS,4.440000057220459,4.440000057220459,4.445000171661377,4.440000057220459,4.445000171661377,618.0
2024-10-25 14:51:00+00:00,TXN,207.8300018310547,207.8300018310547,207.91000366210938,207.8300018310547,207.91000366210938,2436.0
2024-10-25 14:51:00+00:00,VECO,29.309999465942383,29.309999465942383,29.309999465942383,29.309999465942383,29.309999465942383,556.0
2024-10-25 14:51:00+00:00,VERI,3.380000114440918,3.380000114440918,3.380000114440918,3.380000114440918,3.380000114440918,475.0
2024-10-25 14:51:00+00:00,VERX,42.15999984741211,42.15999984741211,42.15999984741211,42.15999984741211,42.15999984741211,1172.0
2024-10-25 14:51:00+00:00,VIAV,9.204999923706055,9.204999923706055,9.210000038146973,9.204999923706055,9.210000038146973,364.0
2024-10-25 14:51:00+00:00,VRNS,56.77000045776367,56.77000045776367,56.810001373291016,56.77000045776367,56.810001373291016,2411.0
2024-10-25 14:51:00+00:00,VRSN,183.42999267578125,183.42999267578125,183.42999267578125,183.3800048828125,183.41000366210938,7281.0
2024-10-25 14:51:00+00:00,VSAT,10.1850004196167,10.1850004196167,10.1850004196167,10.180000305175781,10.180000305175781,3218.0
2024-10-25 14:51:00+00:00,VUZI,1.2949999570846558,1.2949999570846558,1.2949999570846558,1.2949999570846558,1.2949999570846558,0.0
2024-10-25 14:51:00+00:00,WDAY,238.86500549316406,238.86500549316406,238.86500549316406,238.86500549316406,238.86500549316406,1843.0
2024-10-25 14:51:00+00:00,WDC,70.28500366210938,70.28500366210938,70.31999969482422,70.19000244140625,70.19419860839844,6878.0
2024-10-25 14:51:00+00:00,WISA,2.0399999618530273,2.0399999618530273,2.0399999618530273,2.030100107192993,2.0350000858306885,1747.0
2024-10-25 14:51:00+00:00,WIX,165.1300048828125,165.1300048828125,165.1300048828125,165.1300048828125,165.1300048828125,537.0
2024-10-25 14:51:00+00:00,XPER,9.404999732971191,9.404999732971191,9.404999732971191,9.404999732971191,9.404999732971191,340.0
2024-10-25 14:51:00+00:00,ZBRA,361.1650085449219,361.1650085449219,361.5400085449219,361.1650085449219,361.5400085449219,3194.0
2024-10-25 14:51:00+00:00,ZI,10.520000457763672,10.520000457763672,10.520000457763672,10.520000457763672,10.520000457763672,883.0
2024-10-25 14:51:00+00:00,ZM,72.83499908447266,72.83499908447266,72.83499908447266,72.83499908447266,72.83499908447266,633.0
2024-10-25 14:51:00+00:00,ZS,185.05999755859375,185.05999755859375,185.11000061035156,185.05999755859375,185.11000061035156,807.0
2024-10-25 14:52:00+00:00,AAPL,232.1300048828125,232.1300048828125,232.1999969482422,232.08999633789062,232.08999633789062,56906.0
2024-10-25 14:52:00+00:00,ACLS,90.12999725341797,90.12999725341797,90.12999725341797,90.12999725341797,90.12999725341797,563.0
2024-10-25 14:52:00+00:00,ACMR,19.649999618530273,19.649999618530273,19.649999618530273,19.645000457763672,19.645000457763672,423.0
2024-10-25 14:52:00+00:00,ADBE,483.1199951171875,483.1199951171875,483.4599914550781,483.1199951171875,483.2449951171875,4496.0
2024-10-25 14:52:00+00:00,ADI,231.5399932861328,231.5399932861328,231.5399932861328,231.49249267578125,231.5399932861328,1170.0
2024-10-25 14:52:00+00:00,ADSK,286.69000244140625,286.69000244140625,286.7699890136719,286.69000244140625,286.7699890136719,1687.0
2024-10-25 14:52:00+00:00,AEHR,16.93000030517578,16.93000030517578,16.93000030517578,16.892000198364258,16.892000198364258,10414.0
2024-10-25 14:52:00+00:00,AFRM,41.45000076293945,41.45000076293945,41.54999923706055,41.45000076293945,41.529998779296875,10678.0
2024-10-25 14:52:00+00:00,AKAM,102.1050033569336,102.1050033569336,102.1500015258789,102.1050033569336,102.13999938964844,1648.0
2024-10-25 14:52:00+00:00,AKTS,0.05950000137090683,0.05950000137090683,0.05950000137090683,0.05939999967813492,0.05950000137090683,18719.0
2024-10-25 14:52:00+00:00,ALGM,23.139999389648438,23.139999389648438,23.15999984741211,23.1299991607666,23.1299991607666,6130.0
2024-10-25 14:52:00+00:00,AMAT,187.44000244140625,187.44000244140625,187.56500244140625,187.44000244140625,187.47999572753906,3746.0
2024-10-25 14:52:00+00:00,AMD,156.4530029296875,156.4530029296875,156.55990600585938,156.44000244140625,156.47999572753906,29603.0
2024-10-25 14:52:00+00:00,AMKR,30.075000762939453,30.075000762939453,30.079999923706055,30.06999969482422,30.06999969482422,2005.0
2024-10-25 14:52:00+00:00,API,2.875,2.875,2.875,2.875,2.875,300.0
2024-10-25 14:52:00+00:00,APP,161.91000366210938,161.91000366210938,161.9600067138672,161.8260040283203,161.8260040283203,3383.0
2024-10-25 14:52:00+00:00,APPN,32.13999938964844,32.13999938964844,32.13999938964844,32.099998474121094,32.099998474121094,730.0
2024-10-25 14:52:00+00:00,APPS,3.077899932861328,3.077899932861328,3.077899932861328,3.077899932861328,3.077899932861328,102.0
2024-10-25 14:52:00+00:00,ARRY,6.425000190734863,6.425000190734863,6.449999809265137,6.425000190734863,6.446000099182129,14558.0
2024-10-25 14:52:00+00:00,ASML,715.5,715.5,715.5,715.5,715.5,806.0
2024-10-25 14:52:00+00:00,ASNS,1.3049999475479126,1.3049999475479126,1.3049999475479126,1.3049999475479126,1.3049999475479126,200.0
2024-10-25 14:52:00+00:00,AUR,6.3871002197265625,6.3871002197265625,6.394999980926514,6.385000228881836,6.385000228881836,18359.0
2024-10-25 14:52:00+00:00,AVDX,8.140000343322754,8.140000343322754,8.140000343322754,8.140000343322754,8.140000343322754,367.0
2024-10-25 14:52:00+00:00,AVGO,174.38999938964844,174.38999938964844,174.47000122070312,174.3699951171875,174.41000366210938,12296.0
2024-10-25 14:52:00+00:00,AVT,54.119998931884766,54.119998931884766,54.119998931884766,54.119998931884766,54.119998931884766,360.0
2024-10-25 14:52:00+00:00,AZPN,238.08999633789062,238.08999633789062,238.08999633789062,237.9600067138672,237.9600067138672,741.0
2024-10-25 14:52:00+00:00,BAND,17.762300491333008,17.762300491333008,17.762300491333008,17.762300491333008,17.762300491333008,207.0
2024-10-25 14:52:00+00:00,BIGC,5.308899879455566,5.308899879455566,5.308899879455566,5.308899879455566,5.308899879455566,415.0
2024-10-25 14:52:00+00:00,BL,56.310001373291016,56.310001373291016,56.349998474121094,56.310001373291016,56.349998474121094,1191.0
2024-10-25 14:52:00+00:00,BRZE,30.75,30.75,30.75,30.75,30.75,1700.0
2024-10-25 14:52:00+00:00,BSY,49.2599983215332,49.2599983215332,49.2599983215332,49.255001068115234,49.2599983215332,1163.0
2024-10-25 14:52:00+00:00,CAN,0.9750000238418579,0.9750000238418579,0.975600004196167,0.9750000238418579,0.975600004196167,67877.0
2024-10-25 14:52:00+00:00,CCSI,20.184999465942383,20.184999465942383,20.184999465942383,20.184999465942383,20.184999465942383,212.0
2024-10-25 14:52:00+00:00,CDNS,258.31500244140625,258.31500244140625,258.3800048828125,258.25,258.25,2206.0
2024-10-25 14:52:00+00:00,CDW,218.22000122070312,218.22000122070312,218.26499938964844,218.22000122070312,218.26499938964844,720.0
2024-10-25 14:52:00+00:00,CETX,0.3028999865055084,0.3028999865055084,0.30399999022483826,0.3028999865055084,0.3037000000476837,11169.0
2024-10-25 14:52:00+00:00,CFLT,22.59000015258789,22.59000015258789,22.610000610351562,22.579999923706055,22.604999542236328,4514.0
2024-10-25 14:52:00+00:00,CGNX,38.904998779296875,38.904998779296875,38.904998779296875,38.900001525878906,38.900001525878906,1121.0
2024-10-25 14:52:00+00:00,CHKP,206.27000427246094,206.27000427246094,206.27000427246094,206.25,206.25,600.0
2024-10-25 14:52:00+00:00,CLBT,18.225000381469727,18.225000381469727,18.225000381469727,18.225000381469727,18.225000381469727,543.0
2024-10-25 14:52:00+00:00,CLPS,1.340000033378601,1.340000033378601,1.340000033378601,1.340000033378601,1.340000033378601,200.0
2024-10-25 14:52:00+00:00,CLSK,11.734999656677246,11.734999656677246,11.760000228881836,11.72599983215332,11.760000228881836,34095.0
2024-10-25 14:52:00+00:00,CMTL,3.75,3.75,3.75,3.75,3.75,404.0
2024-10-25 14:52:00+00:00,CNXC,44.54759979248047,44.54759979248047,44.54759979248047,44.54759979248047,44.54759979248047,799.0
2024-10-25 14:52:00+00:00,COHR,95.76000213623047,95.76000213623047,95.81999969482422,95.76000213623047,95.81999969482422,1053.0
2024-10-25 14:52:00+00:00,COIN,207.60000610351562,207.60000610351562,208.08990478515625,207.5,207.93600463867188,16680.0
2024-10-25 14:52:00+00:00,COMM,6.239999771118164,6.239999771118164,6.244999885559082,6.239999771118164,6.244999885559082,1714.0
2024-10-25 14:52:00+00:00,CORZ,13.394000053405762,13.394000053405762,13.399900436401367,13.390000343322754,13.395000457763672,7653.0
2024-10-25 14:52:00+00:00,CRDO,39.15999984741211,39.15999984741211,39.189998626708984,39.15999984741211,39.189998626708984,3397.0
2024-10-25 14:52:00+00:00,CRUS,122.58499908447266,122.58499908447266,122.58499908447266,122.51499938964844,122.51499938964844,1026.0
2024-10-25 14:52:00+00:00,CRWD,296.89581298828125,296.89581298828125,297.0799865722656,296.6499938964844,297.0799865722656,9823.0
2024-10-25 14:52:00+00:00,CSCO,55.790000915527344,55.790000915527344,55.79999923706055,55.78499984741211,55.78499984741211,7692.0
2024-10-25 14:52:00+00:00,CSIQ,13.350000381469727,13.350000381469727,13.350000381469727,13.34000015258789,13.34000015258789,3063.0
2024-10-25 14:52:00+00:00,CTLP,8.885000228881836,8.885000228881836,8.885000228881836,8.885000228881836,8.885000228881836,1413.0
2024-10-25 14:52:00+00:00,CTSH,74.75,74.75,74.7699966430664,74.74500274658203,74.7699966430664,3344.0
2024-10-25 14:52:00+00:00,CVLT,134.47000122070312,134.47000122070312,134.47000122070312,134.47000122070312,134.47000122070312,560.0
2024-10-25 14:52:00+00:00,CYBR,289.4649963378906,289.4649963378906,289.4700012207031,289.4649963378906,289.4700012207031,2056.0
2024-10-25 14:52:00+00:00,DDOG,126.25,126.25,126.32499694824219,126.25,126.31999969482422,1267.0
2024-10-25 14:52:00+00:00,DLO,8.845000267028809,8.845000267028809,8.864999771118164,8.845000267028809,8.864999771118164,3780.0
2024-10-25 14:52:00+00:00,DOCU,68.69499969482422,68.69499969482422,68.79000091552734,68.68000030517578,68.77999877929688,10794.0
2024-10-25 14:52:00+00:00,DSGX,104.37999725341797,104.37999725341797,104.37999725341797,104.37000274658203,104.37000274658203,1079.0
2024-10-25 14:52:00+00:00,DTSS,2.4200000762939453,2.4200000762939453,2.4200000762939453,2.4200000762939453,2.4200000762939453,450.0
2024-10-25 14:52:00+00:00,DUOL,292.2799987792969,292.2799987792969,292.2799987792969,292.2416076660156,292.2416076660156,2698.0
2024-10-25 14:52:00+00:00,EEFT,100.3447036743164,100.3447036743164,100.3447036743164,100.3447036743164,100.3447036743164,446.0
2024-10-25 14:52:00+00:00,ENPH,83.62920379638672,83.62920379638672,83.69999694824219,83.61499786376953,83.69999694824219,5063.0
2024-10-25 14:52:00+00:00,ENTG,104.7300033569336,104.7300033569336,104.77999877929688,104.69750213623047,104.69750213623047,4529.0
2024-10-25 14:52:00+00:00,ERIC,8.460000038146973,8.460000038146973,8.460000038146973,8.450499534606934,8.454999923706055,7428.0
2024-10-25 14:52:00+00:00,EXLS,38.7599983215332,38.7599983215332,38.77000045776367,38.7599983215332,38.7599983215332,558.0
2024-10-25 14:52:00+00:00,EXTR,14.364999771118164,14.364999771118164,14.364999771118164,14.364999771118164,14.364999771118164,208.0
2024-10-25 14:52:00+00:00,FFIV,216.2899932861328,216.2899932861328,216.35000610351562,216.2899932861328,216.35000610351562,612.0
2024-10-25 14:52:00+00:00,FIVN,29.899599075317383,29.899599075317383,29.924999237060547,29.899599075317383,29.924999237060547,2724.0
2024-10-25 14:52:00+00:00,FLEX,35.279998779296875,35.279998779296875,35.279998779296875,35.279998779296875,35.279998779296875,1895.0
2024-10-25 14:52:00+00:00,FLYW,17.290000915527344,17.290000915527344,17.309999465942383,17.290000915527344,17.309999465942383,679.0
2024-10-25 14:52:00+00:00,FORM,44.81999969482422,44.81999969482422,44.81999969482422,44.81999969482422,44.81999969482422,1070.0
2024-10-25 14:52:00+00:00,FROG,29.309999465942383,29.309999465942383,29.309999465942383,29.309999465942383,29.309999465942383,529.0
2024-10-25 14:52:00+00:00,FRSH,11.619999885559082,11.619999885559082,11.619999885559082,11.619999885559082,11.619999885559082,1037.0
2024-10-25 14:52:00+00:00,FSLR,198.30499267578125,198.30499267578125,198.3800048828125,198.27999877929688,198.3800048828125,1454.0
2024-10-25 14:52:00+00:00,FTCI,0.6560999751091003,0.6560999751091003,0.6560999751091003,0.6560999751091003,0.6560999751091003,462.0
2024-10-25 14:52:00+00:00,FTNT,80.52999877929688,80.52999877929688,80.53500366210938,80.52999877929688,80.52999877929688,1542.0
2024-10-25 14:52:00+00:00,GDS,21.3799991607666,21.3799991607666,21.420000076293945,21.3799991607666,21.420000076293945,491.0
2024-10-25 14:52:00+00:00,GFS,40.619998931884766,40.619998931884766,40.630001068115234,40.619998931884766,40.630001068115234,313.0
2024-10-25 14:52:00+00:00,GPRO,1.315000057220459,1.315000057220459,1.315999984741211,1.315000057220459,1.315000057220459,863.0
2024-10-25 14:52:00+00:00,GRAB,4.099999904632568,4.099999904632568,4.099999904632568,4.090000152587891,4.09499979019165,60315.0
2024-10-25 14:52:00+00:00,GTLB,55.08000183105469,55.08000183105469,55.130001068115234,55.08000183105469,55.130001068115234,957.0
2024-10-25 14:52:00+00:00,HCP,33.654998779296875,33.654998779296875,33.654998779296875,33.650001525878906,33.654998779296875,1802.0
2024-10-25 14:52:00+00:00,HIMX,6.195000171661377,6.195000171661377,6.195000171661377,6.195000171661377,6.195000171661377,2012.0
2024-10-25 14:52:00+00:00,HLIT,14.774999618530273,14.774999618530273,14.774999618530273,14.774999618530273,14.774999618530273,518.0
2024-10-25 14:52:00+00:00,HOLO,3.5899999141693115,3.5899999141693115,3.59089994430542,3.5899999141693115,3.59089994430542,5679.0
2024-10-25 14:52:00+00:00,HOOD,27.19499969482422,27.19499969482422,27.21500015258789,27.19499969482422,27.209999084472656,10734.0
2024-10-25 14:52:00+00:00,INDI,3.4800000190734863,3.4800000190734863,3.4839999675750732,3.4800000190734863,3.4839999675750732,1731.0
2024-10-25 14:52:00+00:00,INTA,50.119998931884766,50.119998931884766,50.1349983215332,50.119998931884766,50.1349983215332,519.0
2024-10-25 14:52:00+00:00,INTC,22.93000030517578,22.93000030517578,22.940000534057617,22.920000076293945,22.920000076293945,49267.0
2024-10-25 14:52:00+00:00,IPGP,77.24500274658203,77.24500274658203,77.24500274658203,77.24500274658203,77.24500274658203,533.0
2024-10-25 14:52:00+00:00,ITRI,102.7699966430664,102.7699966430664,102.7699966430664,102.7699966430664,102.7699966430664,1532.0
2024-10-25 14:52:00+00:00,JAMF,16.790000915527344,16.790000915527344,16.790000915527344,16.790000915527344,16.790000915527344,824.0
2024-10-25 14:52:00+00:00,KARO,40.04499816894531,40.04499816894531,40.04499816894531,40.04499816894531,40.04499816894531,685.0
2024-10-25 14:52:00+00:00,KC,2.684999942779541,2.684999942779541,2.684999942779541,2.684999942779541,2.684999942779541,6091.0
2024-10-25 14:52:00+00:00,KLAC,676.1500244140625,676.1500244140625,676.4500122070312,676.1400146484375,676.3099975585938,1162.0
2024-10-25 14:52:00+00:00,KLIC,44.599998474121094,44.599998474121094,44.599998474121094,44.599998474121094,44.599998474121094,1032.0
2024-10-25 14:52:00+00:00,LASR,10.40999984741211,10.40999984741211,10.40999984741211,10.40999984741211,10.40999984741211,876.0
2024-10-25 14:52:00+00:00,LITE,64.5199966430664,64.5199966430664,64.54000091552734,64.5199966430664,64.54000091552734,1063.0
2024-10-25 14:52:00+00:00,LOGI,80.80000305175781,80.80000305175781,80.80000305175781,80.80000305175781,80.80000305175781,1124.0
2024-10-25 14:52:00+00:00,LRCX,78.5999984741211,78.5999984741211,78.6500015258789,78.58000183105469,78.61000061035156,13815.0
2024-10-25 14:52:00+00:00,LSCC,54.27000045776367,54.27000045776367,54.290000915527344,54.255001068115234,54.2599983215332,6629.0
2024-10-25 14:52:00+00:00,LTRX,4.09499979019165,4.09499979019165,4.116000175476074,4.090000152587891,4.116000175476074,4477.0
2024-10-25 14:52:00+00:00,LUNA,1.8049999475479126,1.8049999475479126,1.8049999475479126,1.8049999475479126,1.8049999475479126,101.0
2024-10-25 14:52:00+00:00,LYFT,13.824999809265137,13.824999809265137,13.824999809265137,13.8149995803833,13.8149995803833,19597.0
2024-10-25 14:52:00+00:00,MANH,275.9599914550781,275.9599914550781,275.9599914550781,275.7550048828125,275.7550048828125,2119.0
2024-10-25 14:52:00+00:00,MARK,0.1054999977350235,0.1054999977350235,0.1054999977350235,0.1054999977350235,0.1054999977350235,1.0
2024-10-25 14:52:00+00:00,MCHP,76.845703125,76.845703125,76.86000061035156,76.84500122070312,76.8499984741211,4440.0
2024-10-25 14:52:00+00:00,MDB,267.1824951171875,267.1824951171875,267.1824951171875,267.1824951171875,267.1824951171875,901.0
2024-10-25 14:52:00+00:00,MPWR,910.4763793945312,910.4763793945312,910.989990234375,910.1950073242188,910.1950073242188,2790.0
2024-10-25 14:52:00+00:00,MQ,5.315000057220459,5.315000057220459,5.320000171661377,5.3125,5.3125,1527.0
2024-10-25 14:52:00+00:00,MRAM,6.349999904632568,6.349999904632568,6.349999904632568,6.349999904632568,6.349999904632568,109.0
2024-10-25 14:52:00+00:00,MRVL,82.23999786376953,82.23999786376953,82.28620147705078,82.23999786376953,82.28620147705078,4545.0
2024-10-25 14:52:00+00:00,MSFT,428.8999938964844,428.8999938964844,429.07830810546875,428.8999938964844,429.0498962402344,8633.0
2024-10-25 14:52:00+00:00,MSTR,235.60000610351562,235.60000610351562,236.4199981689453,235.5222930908203,235.95849609375,28257.0
2024-10-25 14:52:00+00:00,MTLS,5.928500175476074,5.928500175476074,5.928500175476074,5.928500175476074,5.928500175476074,158.0
2024-10-25 14:52:00+00:00,MTTR,4.59499979019165,4.59499979019165,4.59499979019165,4.59499979019165,4.59499979019165,802.0
2024-10-25 14:52:00+00:00,MU,108.55999755859375,108.55999755859375,108.61990356445312,108.55999755859375,108.58000183105469,11456.0
2024-10-25 14:52:00+00:00,MXL,14.84000015258789,14.84000015258789,14.850000381469727,14.824999809265137,14.829999923706055,2856.0
2024-10-25 14:52:00+00:00,NCNO,37.66999816894531,37.66999816894531,37.68000030517578,37.66999816894531,37.68000030517578,1191.0
2024-10-25 14:52:00+00:00,NICE,174.6699981689453,174.6699981689453,174.77999877929688,174.6699981689453,174.77999877929688,789.0
2024-10-25 14:52:00+00:00,NTAP,119.94999694824219,119.94999694824219,119.94999694824219,119.94999694824219,119.94999694824219,952.0
2024-10-25 14:52:00+00:00,NTGR,20.239999771118164,20.239999771118164,20.239999771118164,20.239999771118164,20.239999771118164,230.0
2024-10-25 14:52:00+00:00,NTNX,62.04499816894531,62.04499816894531,62.09000015258789,62.040000915527344,62.09000015258789,1191.0
2024-10-25 14:52:00+00:00,NVDA,142.13999938964844,142.13999938964844,142.1999053955078,142.12030029296875,142.13999938964844,259734.0
2024-10-25 14:52:00+00:00,NVMI,183.6649932861328,183.6649932861328,183.6649932861328,183.6649932861328,183.6649932861328,375.0
2024-10-25 14:52:00+00:00,NVTS,2.5350000858306885,2.5350000858306885,2.5350000858306885,2.5350000858306885,2.5350000858306885,490.0
2024-10-25 14:52:00+00:00,NXPI,243.74000549316406,243.74000549316406,243.75,243.74000549316406,243.75,2178.0
2024-10-25 14:52:00+00:00,OKTA,72.23500061035156,72.23500061035156,72.25499725341797,72.2300033569336,72.25499725341797,1947.0
2024-10-25 14:52:00+00:00,ON,71.41000366210938,71.41000366210938,71.43000030517578,71.39990234375,71.40499877929688,12897.0
2024-10-25 14:52:00+00:00,OSIS,135.47999572753906,135.47999572753906,135.47999572753906,135.0,135.00999450683594,2607.0
2024-10-25 14:52:00+00:00,OTEX,33.310001373291016,33.310001373291016,33.310001373291016,33.310001373291016,33.310001373291016,732.0
2024-10-25 14:52:00+00:00,PALT,1.9119999408721924,1.9119999408721924,1.9600000381469727,1.9119999408721924,1.9600000381469727,3595.0
2024-10-25 14:52:00+00:00,PANW,366.9800109863281,366.9800109863281,367.04998779296875,366.9800109863281,367.04998779296875,1245.0
2024-10-25 14:52:00+00:00,PAYO,8.319999694824219,8.319999694824219,8.319999694824219,8.319999694824219,8.319999694824219,640.0
2024-10-25 14:52:00+00:00,PEGA,79.33000183105469,79.33000183105469,79.4000015258789,79.33000183105469,79.4000015258789,473.0
2024-10-25 14:52:00+00:00,PEGY,4.875,4.875,4.875,4.875,4.875,516.0
2024-10-25 14:52:00+00:00,PGY,11.850000381469727,11.850000381469727,11.869999885559082,11.850000381469727,11.869999885559082,4628.0
2024-10-25 14:52:00+00:00,PHUN,10.470000267028809,10.470000267028809,10.494999885559082,10.4399995803833,10.4399995803833,23607.0
2024-10-25 14:52:00+00:00,PI,202.55999755859375,202.55999755859375,202.55999755859375,202.3000030517578,202.44000244140625,1639.0
2024-10-25 14:52:00+00:00,PLAB,23.68000030517578,23.68000030517578,23.68000030517578,23.68000030517578,23.68000030517578,817.0
2024-10-25 14:52:00+00:00,PLXS,142.0,142.0,142.125,142.0,142.0625,1982.0
2024-10-25 14:52:00+00:00,PRCH,1.3049999475479126,1.3049999475479126,1.309999942779541,1.3049999475479126,1.309999942779541,2510.0
2024-10-25 14:52:00+00:00,PTC,187.18499755859375,187.18499755859375,187.22000122070312,187.16000366210938,187.19500732421875,3024.0
2024-10-25 14:52:00+00:00,PYCR,14.335000038146973,14.335000038146973,14.335000038146973,14.335000038146973,14.335000038146973,1238.0
2024-10-25 14:52:00+00:00,QCOM,171.2509002685547,171.2509002685547,171.28500366210938,171.22999572753906,171.28500366210938,3119.0
2024-10-25 14:52:00+00:00,QRVO,99.98999786376953,99.98999786376953,100.0250015258789,99.98999786376953,100.0250015258789,540.0
2024-10-25 14:52:00+00:00,QUBT,1.0750000476837158,1.0750000476837158,1.0750000476837158,1.0700000524520874,1.0700000524520874,2911.0
2024-10-25 14:52:00+00:00,RCAT,2.755000114440918,2.755000114440918,2.755000114440918,2.7523999214172363,2.755000114440918,2745.0
2024-10-25 14:52:00+00:00,REKR,1.090000033378601,1.090000033378601,1.090000033378601,1.0806000232696533,1.0806000232696533,6600.0
2024-10-25 14:52:00+00:00,RELY,14.84000015258789,14.84000015258789,14.864999771118164,14.84000015258789,14.864999771118164,8633.0
2024-10-25 14:52:00+00:00,RGTI,1.2301000356674194,1.2301000356674194,1.2301000356674194,1.2301000356674194,1.2301000356674194,4617.0
2024-10-25 14:52:00+00:00,RIOT,9.819999694824219,9.819999694824219,9.836000442504883,9.8100004196167,9.835000038146973,29185.0
2024-10-25 14:52:00+00:00,RMBS,43.404998779296875,43.404998779296875,43.404998779296875,43.404998779296875,43.404998779296875,535.0
2024-10-25 14:52:00+00:00,RMNI,1.7100000381469727,1.7100000381469727,1.7200000286102295,1.7100000381469727,1.7200000286102295,318.0
2024-10-25 14:52:00+00:00,RPAY,7.710000038146973,7.710000038146973,7.710000038146973,7.710000038146973,7.710000038146973,1104.0
2024-10-25 14:52:00+00:00,RPD,38.7599983215332,38.7599983215332,38.78499984741211,38.7599983215332,38.78499984741211,1282.0
2024-10-25 14:52:00+00:00,RUM,5.764999866485596,5.764999866485596,5.764999866485596,5.764999866485596,5.764999866485596,0.0
2024-10-25 14:52:00+00:00,RUN,14.404999732971191,14.404999732971191,14.414999961853027,14.404999732971191,14.414999961853027,1788.0
2024-10-25 14:52:00+00:00,SATS,25.309999465942383,25.309999465942383,25.309999465942383,25.264999389648438,25.264999389648438,4907.0
2024-10-25 14:52:00+00:00,SEDG,15.710000038146973,15.710000038146973,15.8100004196167,15.699999809265137,15.8100004196167,36155.0
2024-10-25 14:52:00+00:00,SHLS,5.25,5.25,5.265999794006348,5.25,5.265999794006348,17293.0
2024-10-25 14:52:00+00:00,SMCI,47.459999084472656,47.459999084472656,47.52000045776367,47.45500183105469,47.5,31194.0
2024-10-25 14:52:00+00:00,SMTC,45.709999084472656,45.709999084472656,45.75,45.709999084472656,45.75,817.0
2024-10-25 14:52:00+00:00,SNPS,503.19500732421875,503.19500732421875,503.19500732421875,503.19500732421875,503.19500732421875,398.0
2024-10-25 14:52:00+00:00,SOUN,5.179999828338623,5.179999828338623,5.188600063323975,5.179999828338623,5.184999942779541,19093.0
2024-10-25 14:52:00+00:00,SPSC,170.64500427246094,170.64500427246094,170.64500427246094,170.64500427246094,170.64500427246094,1015.0
2024-10-25 14:52:00+00:00,SPT,26.899999618530273,26.899999618530273,26.899999618530273,26.899999618530273,26.899999618530273,1265.0
2024-10-25 14:52:00+00:00,SSNC,69.75499725341797,69.75499725341797,69.76000213623047,69.75499725341797,69.76000213623047,1352.0
2024-10-25 14:52:00+00:00,SSTI,11.289999961853027,11.289999961853027,11.289999961853027,11.289999961853027,11.289999961853027,107.0
2024-10-25 14:52:00+00:00,STNE,11.555000305175781,11.555000305175781,11.5600004196167,11.555000305175781,11.555000305175781,2341.0
2024-10-25 14:52:00+00:00,STX,103.68499755859375,103.68499755859375,103.7249984741211,103.68000030517578,103.68000030517578,5177.0
2024-10-25 14:52:00+00:00,SWKS,95.91000366210938,95.91000366210938,95.93499755859375,95.91000366210938,95.91999816894531,1515.0
2024-10-25 14:52:00+00:00,SYNA,72.31999969482422,72.31999969482422,72.37999725341797,72.31999969482422,72.37999725341797,933.0
2024-10-25 14:52:00+00:00,SYTA,1.2999999523162842,1.2999999523162842,1.2999999523162842,1.2999999523162842,1.2999999523162842,1373.0
2024-10-25 14:52:00+00:00,TEAM,189.4600067138672,189.4600067138672,189.53500366210938,189.4600067138672,189.53500366210938,1116.0
2024-10-25 14:52:00+00:00,TENB,41.709999084472656,41.709999084472656,41.709999084472656,41.70000076293945,41.709999084472656,1524.0
2024-10-25 14:52:00+00:00,TER,112.15750122070312,112.15750122070312,112.16999816894531,112.0999984741211,112.12000274658203,3821.0
2024-10-25 14:52:00+00:00,TLS,3.5799999237060547,3.5799999237060547,3.5799999237060547,3.5799999237060547,3.5799999237060547,803.0
2024-10-25 14:52:00+00:00,TRMB,61.02000045776367,61.02000045776367,61.02000045776367,61.02000045776367,61.02000045776367,120.0
2024-10-25 14:52:00+00:00,TTD,119.05000305175781,119.05000305175781,119.12000274658203,119.05000305175781,119.08999633789062,3858.0
2024-10-25 14:52:00+00:00,TTMI,19.670000076293945,19.670000076293945,19.670000076293945,19.670000076293945,19.670000076293945,990.0
2024-10-25 14:52:00+00:00,TWKS,4.440000057220459,4.440000057220459,4.440000057220459,4.440000057220459,4.440000057220459,5542.0
2024-10-25 14:52:00+00:00,TXN,207.86000061035156,207.86000061035156,207.97000122070312,207.85000610351562,207.9199981689453,4635.0
2024-10-25 14:52:00+00:00,UCTT,35.779998779296875,35.779998779296875,35.779998779296875,35.779998779296875,35.779998779296875,507.0
2024-10-25 14:52:00+00:00,VECO,29.309999465942383,29.309999465942383,29.31999969482422,29.309999465942383,29.31999969482422,269.0
2024-10-25 14:52:00+00:00,VIAV,9.204999923706055,9.204999923706055,9.204999923706055,9.204999923706055,9.204999923706055,749.0
2024-10-25 14:52:00+00:00,VICR,46.70000076293945,46.70000076293945,46.70000076293945,46.70000076293945,46.70000076293945,436.0
2024-10-25 14:52:00+00:00,VNET,3.4000000953674316,3.4000000953674316,3.4000000953674316,3.4000000953674316,3.4000000953674316,9.0
2024-10-25 14:52:00+00:00,VRNS,56.75,56.75,56.810001373291016,56.75,56.810001373291016,1851.0
2024-10-25 14:52:00+00:00,VRSN,183.36000061035156,183.36000061035156,183.36000061035156,183.36000061035156,183.36000061035156,139.0
2024-10-25 14:52:00+00:00,WDAY,238.7100067138672,238.7100067138672,238.8000030517578,238.7100067138672,238.75,1103.0
2024-10-25 14:52:00+00:00,WDC,70.26000213623047,70.26000213623047,70.3280029296875,70.26000213623047,70.30999755859375,7769.0
2024-10-25 14:52:00+00:00,WISA,2.0399999618530273,2.0399999618530273,2.0399999618530273,2.0350000858306885,2.0350000858306885,4621.0
2024-10-25 14:52:00+00:00,XRX,10.015000343322754,10.015000343322754,10.015000343322754,10.015000343322754,10.015000343322754,569.0
2024-10-25 14:52:00+00:00,ZBRA,361.1600036621094,361.1600036621094,361.1600036621094,361.1600036621094,361.1600036621094,1028.0
2024-10-25 14:52:00+00:00,ZI,10.5,10.5,10.515999794006348,10.5,10.515000343322754,4619.0
2024-10-25 14:52:00+00:00,ZM,72.83999633789062,72.83999633789062,72.84500122070312,72.83999633789062,72.84500122070312,2959.0
2024-10-25 14:52:00+00:00,ZS,185.00999450683594,185.00999450683594,185.17999267578125,185.0050048828125,185.10000610351562,2099.0
2024-10-25 14:53:00+00:00,AAOI,17.729999542236328,17.729999542236328,17.729999542236328,17.729999542236328,17.729999542236328,1394.0
2024-10-25 14:53:00+00:00,AAPL,232.0959930419922,232.0959930419922,232.14500427246094,232.0050048828125,232.1199951171875,36088.0
2024-10-25 14:53:00+00:00,ACMR,19.649999618530273,19.649999618530273,19.649999618530273,19.649999618530273,19.649999618530273,1326.0
2024-10-25 14:53:00+00:00,ADBE,483.30999755859375,483.30999755859375,483.30999755859375,483.0000915527344,483.0000915527344,5210.0
2024-10-25 14:53:00+00:00,ADI,231.36050415039062,231.36050415039062,231.36050415039062,231.36050415039062,231.36050415039062,1355.0
2024-10-25 14:53:00+00:00,ADSK,286.6700134277344,286.6700134277344,286.7200012207031,286.6499938964844,286.6499938964844,1825.0
2024-10-25 14:53:00+00:00,AEHR,16.933399200439453,16.933399200439453,16.933399200439453,16.920000076293945,16.920000076293945,3164.0
2024-10-25 14:53:00+00:00,AEYE,22.739999771118164,22.739999771118164,22.739999771118164,22.739999771118164,22.739999771118164,380.0
2024-10-25 14:53:00+00:00,AFRM,41.400001525878906,41.400001525878906,41.439998626708984,41.400001525878906,41.439998626708984,7191.0
2024-10-25 14:53:00+00:00,ALGM,23.125,23.125,23.1299991607666,23.110000610351562,23.1299991607666,6802.0
2024-10-25 14:53:00+00:00,ALKT,38.150001525878906,38.150001525878906,38.150001525878906,38.150001525878906,38.150001525878906,1366.0
2024-10-25 14:53:00+00:00,ALTR,103.7300033569336,103.7300033569336,103.7300033569336,103.7300033569336,103.7300033569336,295.0
2024-10-25 14:53:00+00:00,AMAT,187.38999938964844,187.38999938964844,187.43499755859375,187.35000610351562,187.42999267578125,2744.0
2024-10-25 14:53:00+00:00,AMD,156.55999755859375,156.55999755859375,156.57000732421875,156.41000366210938,156.4600067138672,45128.0
2024-10-25 14:53:00+00:00,AMKR,30.059999465942383,30.059999465942383,30.059999465942383,30.049999237060547,30.059999465942383,1714.0
2024-10-25 14:53:00+00:00,AMPL,9.109999656677246,9.109999656677246,9.109999656677246,9.100000381469727,9.100000381469727,2851.0
2024-10-25 14:53:00+00:00,API,2.875,2.875,2.875999927520752,2.875,2.875,1108.0
2024-10-25 14:53:00+00:00,APP,161.6352996826172,161.6352996826172,161.77000427246094,161.63229370117188,161.77000427246094,2606.0
2024-10-25 14:53:00+00:00,APPF,211.82000732421875,211.82000732421875,211.85000610351562,211.80999755859375,211.82000732421875,1881.0
2024-10-25 14:53:00+00:00,APPN,32.06999969482422,32.06999969482422,32.095001220703125,32.06999969482422,32.095001220703125,1113.0
2024-10-25 14:53:00+00:00,APPS,3.0782999992370605,3.0782999992370605,3.0787999629974365,3.075000047683716,3.075000047683716,2763.0
2024-10-25 14:53:00+00:00,ARRY,6.425000190734863,6.425000190734863,6.429999828338623,6.420000076293945,6.425000190734863,3806.0
2024-10-25 14:53:00+00:00,ASML,715.2249755859375,715.2249755859375,715.2249755859375,714.7899780273438,715.0399780273438,1425.0
2024-10-25 14:53:00+00:00,ASNS,1.3049999475479126,1.3049999475479126,1.3049999475479126,1.3049999475479126,1.3049999475479126,600.0
2024-10-25 14:53:00+00:00,ATOM,3.319999933242798,3.319999933242798,3.319999933242798,3.319999933242798,3.319999933242798,237.0
2024-10-25 14:53:00+00:00,AUR,6.394999980926514,6.394999980926514,6.394999980926514,6.389999866485596,6.389999866485596,4093.0
2024-10-25 14:53:00+00:00,AVDX,8.135000228881836,8.135000228881836,8.135000228881836,8.135000228881836,8.135000228881836,819.0
2024-10-25 14:53:00+00:00,AVGO,174.343994140625,174.343994140625,174.39500427246094,174.25,174.3699951171875,8555.0
2024-10-25 14:53:00+00:00,AVNW,20.709999084472656,20.709999084472656,20.709999084472656,20.709999084472656,20.709999084472656,284.0
2024-10-25 14:53:00+00:00,AVPT,11.90999984741211,11.90999984741211,11.920000076293945,11.90999984741211,11.920000076293945,2675.0
2024-10-25 14:53:00+00:00,BAND,17.7549991607666,17.7549991607666,17.7549991607666,17.7549991607666,17.7549991607666,197.0
2024-10-25 14:53:00+00:00,BASE,16.209999084472656,16.209999084472656,16.209999084472656,16.209999084472656,16.209999084472656,796.0
2024-10-25 14:53:00+00:00,BIGC,5.304999828338623,5.304999828338623,5.304999828338623,5.304999828338623,5.304999828338623,864.0
2024-10-25 14:53:00+00:00,CAN,0.9750000238418579,0.9750000238418579,0.9751999974250793,0.9750000238418579,0.9750000238418579,20822.0
2024-10-25 14:53:00+00:00,CDNS,258.2650146484375,258.2650146484375,258.2650146484375,258.1695861816406,258.2200012207031,4168.0
2024-10-25 14:53:00+00:00,CDW,218.28500366210938,218.28500366210938,218.28500366210938,218.17999267578125,218.17999267578125,1383.0
2024-10-25 14:53:00+00:00,CETX,0.3027999997138977,0.3027999997138977,0.3028999865055084,0.3027999997138977,0.3028999865055084,2783.0
2024-10-25 14:53:00+00:00,CEVA,24.06999969482422,24.06999969482422,24.06999969482422,24.06999969482422,24.06999969482422,630.0
2024-10-25 14:53:00+00:00,CFLT,22.600000381469727,22.600000381469727,22.610000610351562,22.600000381469727,22.610000610351562,5837.0
2024-10-25 14:53:00+00:00,CGNT,6.614999771118164,6.614999771118164,6.619900226593018,6.614999771118164,6.614999771118164,2253.0
2024-10-25 14:53:00+00:00,CGNX,38.88999938964844,38.88999938964844,38.900001525878906,38.8849983215332,38.900001525878906,4276.0
2024-10-25 14:53:00+00:00,CLPS,1.3658000230789185,1.3658000230789185,1.3658000230789185,1.3658000230789185,1.3658000230789185,200.0
2024-10-25 14:53:00+00:00,CLSK,11.71500015258789,11.71500015258789,11.736000061035156,11.711999893188477,11.729999542236328,57747.0
2024-10-25 14:53:00+00:00,CMTL,3.759999990463257,3.759999990463257,3.759999990463257,3.759999990463257,3.759999990463257,9335.0
2024-10-25 14:53:00+00:00,CNDT,3.6050000190734863,3.6050000190734863,3.6050000190734863,3.6050000190734863,3.6050000190734863,574.0
2024-10-25 14:53:00+00:00,COHR,95.7699966430664,95.7699966430664,95.80999755859375,95.7300033569336,95.80999755859375,6849.0
2024-10-25 14:53:00+00:00,COHU,26.030000686645508,26.030000686645508,26.030000686645508,26.030000686645508,26.030000686645508,123.0
2024-10-25 14:53:00+00:00,COIN,207.60000610351562,207.60000610351562,207.8000030517578,207.47500610351562,207.593994140625,5303.0
2024-10-25 14:53:00+00:00,CORZ,13.392000198364258,13.392000198364258,13.395000457763672,13.390000343322754,13.395000457763672,3422.0
2024-10-25 14:53:00+00:00,CRDO,39.130001068115234,39.130001068115234,39.150001525878906,39.130001068115234,39.150001525878906,1249.0
2024-10-25 14:53:00+00:00,CRNC,2.930000066757202,2.930000066757202,2.930000066757202,2.930000066757202,2.930000066757202,1252.0
2024-10-25 14:53:00+00:00,CRSR,6.335000038146973,6.335000038146973,6.335000038146973,6.335000038146973,6.335000038146973,706.0
2024-10-25 14:53:00+00:00,CRWD,296.9100036621094,296.9100036621094,296.9898986816406,296.6499938964844,296.7430114746094,8461.0
2024-10-25 14:53:00+00:00,CSCO,55.779998779296875,55.779998779296875,55.779998779296875,55.7599983215332,55.779998779296875,8846.0
2024-10-25 14:53:00+00:00,CSIQ,13.359999656677246,13.359999656677246,13.369999885559082,13.350000381469727,13.369999885559082,962.0
2024-10-25 14:53:00+00:00,CTSH,74.76499938964844,74.76499938964844,74.76499938964844,74.74500274658203,74.75,3626.0
2024-10-25 14:53:00+00:00,CVLT,134.3699951171875,134.3699951171875,134.3800048828125,134.36000061035156,134.36000061035156,1161.0
2024-10-25 14:53:00+00:00,DBX,26.06999969482422,26.06999969482422,26.06999969482422,26.06999969482422,26.06999969482422,2967.0
2024-10-25 14:53:00+00:00,DDOG,126.2249984741211,126.2249984741211,126.2300033569336,126.2249984741211,126.2300033569336,1005.0
2024-10-25 14:53:00+00:00,DGII,30.139999389648438,30.139999389648438,30.139999389648438,30.114999771118164,30.114999771118164,848.0
2024-10-25 14:53:00+00:00,DIOD,65.13500213623047,65.13500213623047,65.20999908447266,65.13500213623047,65.20999908447266,1749.0
2024-10-25 14:53:00+00:00,DLO,8.84000015258789,8.84000015258789,8.84000015258789,8.84000015258789,8.84000015258789,1849.0
2024-10-25 14:53:00+00:00,DOCU,68.69999694824219,68.69999694824219,68.7040023803711,68.66999816894531,68.7040023803711,6607.0
2024-10-25 14:53:00+00:00,DTSS,2.450000047683716,2.450000047683716,2.450000047683716,2.436000108718872,2.440000057220459,2138.0
2024-10-25 14:53:00+00:00,EEFT,100.30000305175781,100.30000305175781,100.30000305175781,100.30000305175781,100.30000305175781,128.0
2024-10-25 14:53:00+00:00,ENPH,83.75499725341797,83.75499725341797,83.75499725341797,83.58999633789062,83.625,11044.0
2024-10-25 14:53:00+00:00,ENTG,104.69499969482422,104.69499969482422,104.69499969482422,104.66999816894531,104.66999816894531,506.0
2024-10-25 14:53:00+00:00,ERIC,8.454999923706055,8.454999923706055,8.454999923706055,8.454999923706055,8.454999923706055,1616.0
2024-10-25 14:53:00+00:00,EXLS,38.7599983215332,38.7599983215332,38.7599983215332,38.7599983215332,38.7599983215332,309.0
2024-10-25 14:53:00+00:00,EXTR,14.369999885559082,14.369999885559082,14.369999885559082,14.369999885559082,14.369999885559082,997.0
2024-10-25 14:53:00+00:00,FFIV,216.33999633789062,216.33999633789062,216.33999633789062,216.33999633789062,216.33999633789062,1049.0
2024-10-25 14:53:00+00:00,FIVN,29.8700008392334,29.8700008392334,29.889999389648438,29.864999771118164,29.889999389648438,1573.0
2024-10-25 14:53:00+00:00,FLEX,35.27000045776367,35.27000045776367,35.27000045776367,35.2599983215332,35.26499938964844,3136.0
2024-10-25 14:53:00+00:00,FLYW,17.309999465942383,17.309999465942383,17.309999465942383,17.309999465942383,17.309999465942383,359.0
2024-10-25 14:53:00+00:00,FROG,29.30500030517578,29.30500030517578,29.30500030517578,29.30500030517578,29.30500030517578,573.0
2024-10-25 14:53:00+00:00,FRSH,11.625,11.625,11.625,11.625,11.625,1337.0
2024-10-25 14:53:00+00:00,FSLR,198.4199981689453,198.4199981689453,198.4199981689453,198.35000610351562,198.35000610351562,426.0
2024-10-25 14:53:00+00:00,FTCI,0.652999997138977,0.652999997138977,0.6568999886512756,0.652999997138977,0.6568999886512756,4340.0
2024-10-25 14:53:00+00:00,FTNT,80.48999786376953,80.48999786376953,80.5,80.47000122070312,80.4749984741211,3525.0
2024-10-25 14:53:00+00:00,GCT,24.540000915527344,24.540000915527344,24.610000610351562,24.490100860595703,24.610000610351562,12295.0
2024-10-25 14:53:00+00:00,GFS,40.61000061035156,40.61000061035156,40.61000061035156,40.61000061035156,40.61000061035156,846.0
2024-10-25 14:53:00+00:00,GPRO,1.315000057220459,1.315000057220459,1.315000057220459,1.315000057220459,1.315000057220459,1450.0
2024-10-25 14:53:00+00:00,GRAB,4.09499979019165,4.09499979019165,4.09499979019165,4.090000152587891,4.090000152587891,12339.0
2024-10-25 14:53:00+00:00,GRRRW,0.061799999326467514,0.061799999326467514,0.061799999326467514,0.061799999326467514,0.061799999326467514,6424.0
2024-10-25 14:53:00+00:00,GTLB,55.08000183105469,55.08000183105469,55.08000183105469,55.08000183105469,55.08000183105469,567.0
2024-10-25 14:53:00+00:00,HCKT,24.656099319458008,24.656099319458008,24.656099319458008,24.656099319458008,24.656099319458008,419.0
2024-10-25 14:53:00+00:00,HCP,33.654998779296875,33.654998779296875,33.654998779296875,33.650001525878906,33.654998779296875,1075.0
2024-10-25 14:53:00+00:00,HOLO,3.5999999046325684,3.5999999046325684,3.5999999046325684,3.59089994430542,3.59089994430542,3231.0
2024-10-25 14:53:00+00:00,HOOD,27.19499969482422,27.19499969482422,27.204999923706055,27.190000534057617,27.204999923706055,3413.0
2024-10-25 14:53:00+00:00,HTCR,1.0880000591278076,1.0880000591278076,1.0880000591278076,1.0880000591278076,1.0880000591278076,689.0
2024-10-25 14:53:00+00:00,IBEX,18.032499313354492,18.032499313354492,18.032499313354492,18.032499313354492,18.032499313354492,559.0
2024-10-25 14:53:00+00:00,ICHR,27.559999465942383,27.559999465942383,27.559999465942383,27.559999465942383,27.559999465942383,267.0
2024-10-25 14:53:00+00:00,IMXI,17.6200008392334,17.6200008392334,17.6200008392334,17.6200008392334,17.6200008392334,717.0
2024-10-25 14:53:00+00:00,INDI,3.4800000190734863,3.4800000190734863,3.4809000492095947,3.4800000190734863,3.4800000190734863,5885.0
2024-10-25 14:53:00+00:00,INFN,6.764999866485596,6.764999866485596,6.764999866485596,6.764999866485596,6.764999866485596,251.0
2024-10-25 14:53:00+00:00,INOD,20.31999969482422,20.31999969482422,20.31999969482422,20.31999969482422,20.31999969482422,301.0
2024-10-25 14:53:00+00:00,INTA,50.084999084472656,50.084999084472656,50.11000061035156,50.084999084472656,50.11000061035156,1677.0
2024-10-25 14:53:00+00:00,INTC,22.923999786376953,22.923999786376953,22.93000030517578,22.913000106811523,22.93000030517578,26224.0
2024-10-25 14:53:00+00:00,INTU,609.0050048828125,609.0050048828125,609.0599975585938,608.9299926757812,609.0599975585938,1219.0
2024-10-25 14:53:00+00:00,JAMF,16.790000915527344,16.790000915527344,16.790000915527344,16.790000915527344,16.790000915527344,515.0
2024-10-25 14:53:00+00:00,KC,2.680000066757202,2.680000066757202,2.684999942779541,2.680000066757202,2.680000066757202,637.0
2024-10-25 14:53:00+00:00,KLAC,676.1500244140625,676.1500244140625,676.1500244140625,676.1500244140625,676.1500244140625,420.0
2024-10-25 14:53:00+00:00,LINK,4.840000152587891,4.840000152587891,4.840000152587891,4.840000152587891,4.840000152587891,121.0
2024-10-25 14:53:00+00:00,LITE,64.53500366210938,64.53500366210938,64.53500366210938,64.51000213623047,64.51000213623047,909.0
2024-10-25 14:53:00+00:00,LOGI,80.76129913330078,80.76129913330078,80.7699966430664,80.76129913330078,80.7699966430664,390.0
2024-10-25 14:53:00+00:00,LPSN,1.1689000129699707,1.1689000129699707,1.1689000129699707,1.1689000129699707,1.1689000129699707,374.0
2024-10-25 14:53:00+00:00,LRCX,78.62000274658203,78.62000274658203,78.62999725341797,78.56999969482422,78.5999984741211,25404.0
2024-10-25 14:53:00+00:00,LSCC,54.26499938964844,54.26499938964844,54.26499938964844,54.244998931884766,54.2599983215332,2830.0
2024-10-25 14:53:00+00:00,LYFT,13.8149995803833,13.8149995803833,13.819999694824219,13.8149995803833,13.819999694824219,7540.0
2024-10-25 14:53:00+00:00,MANH,275.7449951171875,275.7449951171875,275.7449951171875,275.7449951171875,275.7449951171875,380.0
2024-10-25 14:53:00+00:00,MAXN,5.7957000732421875,5.7957000732421875,5.7957000732421875,5.7957000732421875,5.7957000732421875,223.0
2024-10-25 14:53:00+00:00,MCHP,76.8499984741211,76.8499984741211,76.8499984741211,76.83000183105469,76.83999633789062,3601.0
2024-10-25 14:53:00+00:00,MITK,8.755000114440918,8.755000114440918,8.755000114440918,8.755000114440918,8.755000114440918,855.0
2024-10-25 14:53:00+00:00,MNDY,299.06500244140625,299.06500244140625,299.06500244140625,299.06500244140625,299.06500244140625,1961.0
2024-10-25 14:53:00+00:00,MPWR,909.97998046875,909.97998046875,910.3499755859375,909.4299926757812,910.3499755859375,788.0
2024-10-25 14:53:00+00:00,MQ,5.3125,5.3125,5.320000171661377,5.3125,5.315000057220459,1756.0
2024-10-25 14:53:00+00:00,MRIN,2.130000114440918,2.130000114440918,2.130000114440918,2.119999885559082,2.119999885559082,1217.0
2024-10-25 14:53:00+00:00,MRVL,82.25,82.25,82.25,82.19499969482422,82.2300033569336,7284.0
2024-10-25 14:53:00+00:00,MSFT,428.8999938964844,428.8999938964844,428.9100036621094,428.7699890136719,428.864990234375,10073.0
2024-10-25 14:53:00+00:00,MSTR,235.35000610351562,235.35000610351562,235.81500244140625,235.22000122070312,235.63999938964844,41409.0
2024-10-25 14:53:00+00:00,MTLS,5.920000076293945,5.920000076293945,5.925000190734863,5.920000076293945,5.925000190734863,505.0
2024-10-25 14:53:00+00:00,MTSI,120.61499786376953,120.61499786376953,120.73999786376953,120.61499786376953,120.73999786376953,537.0
2024-10-25 14:53:00+00:00,MTTR,4.59499979019165,4.59499979019165,4.59499979019165,4.59499979019165,4.59499979019165,1029.0
2024-10-25 14:53:00+00:00,MU,108.58499908447266,108.58499908447266,108.58999633789062,108.51000213623047,108.54000091552734,12470.0
2024-10-25 14:53:00+00:00,MVIS,1.0850000381469727,1.0850000381469727,1.0850000381469727,1.0850000381469727,1.0850000381469727,554.0
2024-10-25 14:53:00+00:00,MXL,14.829999923706055,14.829999923706055,14.84000015258789,14.829999923706055,14.84000015258789,504.0
2024-10-25 14:53:00+00:00,NCNO,37.66999816894531,37.66999816894531,37.66999816894531,37.66999816894531,37.66999816894531,794.0
2024-10-25 14:53:00+00:00,NEON,8.149999618530273,8.149999618530273,8.15999984741211,8.09000015258789,8.09000015258789,2208.0
2024-10-25 14:53:00+00:00,NSIT,208.64010620117188,208.64010620117188,208.64010620117188,208.64010620117188,208.64010620117188,476.0
2024-10-25 14:53:00+00:00,NTAP,119.91999816894531,119.91999816894531,119.91999816894531,119.91999816894531,119.91999816894531,1605.0
2024-10-25 14:53:00+00:00,NTGR,20.235000610351562,20.235000610351562,20.235000610351562,20.229999542236328,20.229999542236328,1601.0
2024-10-25 14:53:00+00:00,NTNX,62.09000015258789,62.09000015258789,62.09000015258789,62.029998779296875,62.029998779296875,4592.0
2024-10-25 14:53:00+00:00,NVDA,142.04949951171875,142.04949951171875,142.17990112304688,142.0399932861328,142.13499450683594,333625.0
2024-10-25 14:53:00+00:00,NVEI,33.494998931884766,33.494998931884766,33.494998931884766,33.4900016784668,33.4900016784668,1181.0
2024-10-25 14:53:00+00:00,NVTS,2.5350000858306885,2.5350000858306885,2.5350000858306885,2.5350000858306885,2.5350000858306885,142.0
2024-10-25 14:53:00+00:00,NXPI,243.8800048828125,243.8800048828125,243.8800048828125,243.75999450683594,243.75999450683594,2360.0
2024-10-25 14:53:00+00:00,OKTA,72.2300033569336,72.2300033569336,72.2300033569336,72.2300033569336,72.2300033569336,1061.0
2024-10-25 14:53:00+00:00,ON,71.41999816894531,71.41999816894531,71.41999816894531,71.36219787597656,71.4000015258789,8681.0
2024-10-25 14:53:00+00:00,OSIS,135.27999877929688,135.27999877929688,135.47999572753906,135.1999969482422,135.47999572753906,828.0
2024-10-25 14:53:00+00:00,OSPN,14.576600074768066,14.576600074768066,14.576600074768066,14.576600074768066,14.576600074768066,645.0
2024-10-25 14:53:00+00:00,OTEX,33.310001373291016,33.310001373291016,33.310001373291016,33.310001373291016,33.310001373291016,821.0
2024-10-25 14:53:00+00:00,PANW,367.0249938964844,367.0249938964844,367.04998779296875,367.0249938964844,367.04998779296875,776.0
2024-10-25 14:53:00+00:00,PAYO,8.324999809265137,8.324999809265137,8.324999809265137,8.324999809265137,8.324999809265137,215.0
2024-10-25 14:53:00+00:00,PDFS,29.219999313354492,29.219999313354492,29.219999313354492,29.219999313354492,29.219999313354492,784.0
2024-10-25 14:53:00+00:00,PEGA,79.19000244140625,79.19000244140625,79.30999755859375,79.18000030517578,79.30999755859375,2594.0
2024-10-25 14:53:00+00:00,PEGY,4.800000190734863,4.800000190734863,4.849999904632568,4.800000190734863,4.849999904632568,3479.0
2024-10-25 14:53:00+00:00,PHUN,10.539999961853027,10.539999961853027,10.5600004196167,10.460000038146973,10.470000267028809,64439.0
2024-10-25 14:53:00+00:00,PI,202.58999633789062,202.58999633789062,202.8000030517578,202.58999633789062,202.58999633789062,1776.0
2024-10-25 14:53:00+00:00,PLXS,142.0,142.0,142.0,142.0,142.0,519.0
2024-10-25 14:53:00+00:00,POWI,63.63999938964844,63.63999938964844,63.70500183105469,63.630001068115234,63.70500183105469,872.0
2024-10-25 14:53:00+00:00,PRCH,1.3049999475479126,1.3049999475479126,1.3049999475479126,1.3049999475479126,1.3049999475479126,287.0
2024-10-25 14:53:00+00:00,PTC,187.08999633789062,187.08999633789062,187.17999267578125,187.0489959716797,187.17999267578125,6554.0
2024-10-25 14:53:00+00:00,PYCR,14.324999809265137,14.324999809265137,14.324999809265137,14.324999809265137,14.324999809265137,279.0
2024-10-25 14:53:00+00:00,QCOM,171.16900634765625,171.16900634765625,171.22000122070312,171.13999938964844,171.22000122070312,6490.0
2024-10-25 14:53:00+00:00,QRVO,100.01000213623047,100.01000213623047,100.01000213623047,99.97000122070312,99.9800033569336,1699.0
2024-10-25 14:53:00+00:00,QUBT,1.0791000127792358,1.0791000127792358,1.0791000127792358,1.0791000127792358,1.0791000127792358,432.0
2024-10-25 14:53:00+00:00,RDWR,22.309999465942383,22.309999465942383,22.309999465942383,22.309999465942383,22.309999465942383,151.0
2024-10-25 14:53:00+00:00,REKR,1.090000033378601,1.090000033378601,1.090000033378601,1.0850000381469727,1.0850000381469727,204.0
2024-10-25 14:53:00+00:00,RELY,14.84000015258789,14.84000015258789,14.84000015258789,14.84000015258789,14.84000015258789,812.0
2024-10-25 14:53:00+00:00,RGTI,1.2301000356674194,1.2301000356674194,1.2350000143051147,1.2300000190734863,1.2350000143051147,16223.0
2024-10-25 14:53:00+00:00,RIOT,9.820799827575684,9.820799827575684,9.826000213623047,9.8100004196167,9.815999984741211,23116.0
2024-10-25 14:53:00+00:00,RMBS,43.404998779296875,43.404998779296875,43.41999816894531,43.404998779296875,43.404998779296875,1726.0
2024-10-25 14:53:00+00:00,RMNI,1.7200000286102295,1.7200000286102295,1.7200000286102295,1.715000033378601,1.715000033378601,964.0
2024-10-25 14:53:00+00:00,RUM,5.769999980926514,5.769999980926514,5.769999980926514,5.764999866485596,5.764999866485596,2570.0
2024-10-25 14:53:00+00:00,RUN,14.404999732971191,14.404999732971191,14.404999732971191,14.390000343322754,14.399999618530273,6567.0
2024-10-25 14:53:00+00:00,SANM,67.62999725341797,67.62999725341797,67.62999725341797,67.62999725341797,67.62999725341797,257.0
2024-10-25 14:53:00+00:00,SATS,25.30500030517578,25.30500030517578,25.30500030517578,25.30500030517578,25.30500030517578,981.0
2024-10-25 14:53:00+00:00,SEDG,15.765000343322754,15.765000343322754,15.765000343322754,15.706000328063965,15.710000038146973,12726.0
2024-10-25 14:53:00+00:00,SHLS,5.260000228881836,5.260000228881836,5.260000228881836,5.260000228881836,5.260000228881836,484.0
2024-10-25 14:53:00+00:00,SITM,179.47999572753906,179.47999572753906,179.63999938964844,179.47999572753906,179.63999938964844,651.0
2024-10-25 14:53:00+00:00,SKYT,10.5600004196167,10.5600004196167,10.5600004196167,10.5600004196167,10.5600004196167,436.0
2024-10-25 14:53:00+00:00,SMCI,47.439998626708984,47.439998626708984,47.470001220703125,47.439998626708984,47.45500183105469,39171.0
2024-10-25 14:53:00+00:00,SMTC,45.709999084472656,45.709999084472656,45.709999084472656,45.709999084472656,45.709999084472656,379.0
2024-10-25 14:53:00+00:00,SNPS,502.7300109863281,502.7300109863281,502.7699890136719,502.7300109863281,502.7699890136719,678.0
2024-10-25 14:53:00+00:00,SONO,12.710000038146973,12.710000038146973,12.71500015258789,12.710000038146973,12.71500015258789,704.0
2024-10-25 14:53:00+00:00,SOUN,5.179999828338623,5.179999828338623,5.190000057220459,5.179999828338623,5.184999942779541,5927.0
2024-10-25 14:53:00+00:00,SPSC,170.69000244140625,170.69000244140625,170.80999755859375,170.69000244140625,170.72000122070312,1662.0
2024-10-25 14:53:00+00:00,SSNC,69.75499725341797,69.75499725341797,69.75499725341797,69.75,69.75499725341797,7775.0
2024-10-25 14:53:00+00:00,SSTI,11.34000015258789,11.34000015258789,11.34000015258789,11.300000190734863,11.300000190734863,1132.0
2024-10-25 14:53:00+00:00,SSYS,7.050000190734863,7.050000190734863,7.050000190734863,7.045000076293945,7.045000076293945,538.0
2024-10-25 14:53:00+00:00,STNE,11.552900314331055,11.552900314331055,11.555999755859375,11.550000190734863,11.550000190734863,1422.0
2024-10-25 14:53:00+00:00,STX,103.70999908447266,103.70999908447266,103.72000122070312,103.67400360107422,103.68000030517578,4144.0
2024-10-25 14:53:00+00:00,SURG,1.7400000095367432,1.7400000095367432,1.7400000095367432,1.7400000095367432,1.7400000095367432,100.0
2024-10-25 14:53:00+00:00,SWKS,95.90499877929688,95.90499877929688,95.91000366210938,95.86250305175781,95.9000015258789,2075.0
2024-10-25 14:53:00+00:00,SYNA,72.26499938964844,72.26499938964844,72.29000091552734,72.26499938964844,72.29000091552734,254.0
2024-10-25 14:53:00+00:00,SYTA,1.3049999475479126,1.3049999475479126,1.3049999475479126,1.3049999475479126,1.3049999475479126,170.0
2024-10-25 14:53:00+00:00,TAOP,0.49790000915527344,0.49790000915527344,0.49790000915527344,0.49790000915527344,0.49790000915527344,8222.0
2024-10-25 14:53:00+00:00,TEAM,189.49000549316406,189.49000549316406,189.4949951171875,189.41000366210938,189.41000366210938,1127.0
2024-10-25 14:53:00+00:00,TENB,41.720001220703125,41.720001220703125,41.720001220703125,41.66999816894531,41.66999816894531,2501.0
2024-10-25 14:53:00+00:00,TER,112.22000122070312,112.22000122070312,112.22000122070312,112.12000274658203,112.16500091552734,5192.0
2024-10-25 14:53:00+00:00,TLS,3.575000047683716,3.575000047683716,3.575000047683716,3.575000047683716,3.575000047683716,659.0
2024-10-25 14:53:00+00:00,TRMB,61.029998779296875,61.029998779296875,61.029998779296875,60.9900016784668,61.02000045776367,3468.0
2024-10-25 14:53:00+00:00,TTD,119.05500030517578,119.05500030517578,119.06999969482422,118.98999786376953,119.05000305175781,4710.0
2024-10-25 14:53:00+00:00,TTMI,19.65999984741211,19.65999984741211,19.68000030517578,19.65999984741211,19.68000030517578,609.0
2024-10-25 14:53:00+00:00,TWKS,4.440000057220459,4.440000057220459,4.445000171661377,4.440000057220459,4.440000057220459,2922.0
2024-10-25 14:53:00+00:00,TXN,207.83999633789062,207.83999633789062,207.86000061035156,207.77000427246094,207.86000061035156,3852.0
2024-10-25 14:53:00+00:00,UCTT,35.76499938964844,35.76499938964844,35.77000045776367,35.7599983215332,35.77000045776367,984.0
2024-10-25 14:53:00+00:00,USIO,1.4000999927520752,1.4000999927520752,1.4000999927520752,1.4000999927520752,1.4000999927520752,405.0
2024-10-25 14:53:00+00:00,VECO,29.315000534057617,29.315000534057617,29.315000534057617,29.309999465942383,29.309999465942383,1119.0
2024-10-25 14:53:00+00:00,VERB,10.8100004196167,10.8100004196167,10.8100004196167,10.8100004196167,10.8100004196167,204.0
2024-10-25 14:53:00+00:00,VERX,42.119998931884766,42.119998931884766,42.119998931884766,42.119998931884766,42.119998931884766,164.0
2024-10-25 14:53:00+00:00,VIAV,9.204999923706055,9.204999923706055,9.204999923706055,9.199999809265137,9.204999923706055,3553.0
2024-10-25 14:53:00+00:00,VICR,46.599998474121094,46.599998474121094,46.65999984741211,46.599998474121094,46.65999984741211,1577.0
2024-10-25 14:53:00+00:00,VNET,3.4049999713897705,3.4049999713897705,3.4049999713897705,3.4000000953674316,3.4049999713897705,771.0
2024-10-25 14:53:00+00:00,VRNS,56.814998626708984,56.814998626708984,56.814998626708984,56.75,56.75,5256.0
2024-10-25 14:53:00+00:00,VRNT,21.93000030517578,21.93000030517578,21.940000534057617,21.93000030517578,21.93000030517578,2079.0
2024-10-25 14:53:00+00:00,VRSN,183.2100067138672,183.2100067138672,183.33999633789062,183.2100067138672,183.33999633789062,1152.0
2024-10-25 14:53:00+00:00,VSAT,10.180000305175781,10.180000305175781,10.180000305175781,10.180000305175781,10.180000305175781,1877.0
2024-10-25 14:53:00+00:00,WDAY,238.64999389648438,238.64999389648438,238.75999450683594,238.64999389648438,238.75999450683594,3129.0
2024-10-25 14:53:00+00:00,WDC,70.2699966430664,70.2699966430664,70.27999877929688,70.20999908447266,70.2300033569336,7607.0
2024-10-25 14:53:00+00:00,WISA,2.0280001163482666,2.0280001163482666,2.0399999618530273,2.0199999809265137,2.037400007247925,3802.0
2024-10-25 14:53:00+00:00,ZI,10.494999885559082,10.494999885559082,10.5,10.489999771118164,10.489999771118164,2896.0
2024-10-25 14:53:00+00:00,ZM,72.8499984741211,72.8499984741211,72.8499984741211,72.83000183105469,72.83000183105469,707.0
2024-10-25 14:53:00+00:00,ZS,185.0,185.0,185.0,185.0,185.0,489.0
2024-10-25 14:54:00+00:00,AAOI,17.725000381469727,17.725000381469727,17.725000381469727,17.725000381469727,17.725000381469727,634.0
2024-10-25 14:54:00+00:00,AAPL,232.1118927001953,232.1118927001953,232.13009643554688,232.04010009765625,232.08999633789062,36274.0
2024-10-25 14:54:00+00:00,ACLS,90.19499969482422,90.19499969482422,90.19499969482422,90.19499969482422,90.19499969482422,533.0
2024-10-25 14:54:00+00:00,ACMR,19.649999618530273,19.649999618530273,19.649999618530273,19.649999618530273,19.649999618530273,442.0
2024-10-25 14:54:00+00:00,ADBE,483.489990234375,483.489990234375,483.489990234375,483.32000732421875,483.32000732421875,2317.0
2024-10-25 14:54:00+00:00,ADI,231.4499969482422,231.4499969482422,231.4499969482422,231.38999938964844,231.38999938964844,851.0
2024-10-25 14:54:00+00:00,AEHR,16.90999984741211,16.90999984741211,16.90999984741211,16.90999984741211,16.90999984741211,780.0
2024-10-25 14:54:00+00:00,AFRM,41.380001068115234,41.380001068115234,41.40999984741211,41.34000015258789,41.400001525878906,11400.0
2024-10-25 14:54:00+00:00,AIRG,9.16100025177002,9.16100025177002,9.16100025177002,9.16100025177002,9.16100025177002,380.0
2024-10-25 14:54:00+00:00,AKAM,102.06999969482422,102.06999969482422,102.0999984741211,102.06999969482422,102.0999984741211,1469.0
2024-10-25 14:54:00+00:00,ALGM,23.1299991607666,23.1299991607666,23.139999389648438,23.1200008392334,23.1299991607666,9085.0
2024-10-25 14:54:00+00:00,ALKT,38.220001220703125,38.220001220703125,38.220001220703125,38.154998779296875,38.154998779296875,2036.0
2024-10-25 14:54:00+00:00,ALRM,54.56999969482422,54.56999969482422,54.56999969482422,54.56999969482422,54.56999969482422,1460.0
2024-10-25 14:54:00+00:00,ALTR,103.76000213623047,103.76000213623047,103.76370239257812,103.76000213623047,103.76370239257812,680.0
2024-10-25 14:54:00+00:00,AMAT,187.4600067138672,187.4600067138672,187.47000122070312,187.44000244140625,187.44000244140625,2331.0
2024-10-25 14:54:00+00:00,AMD,156.61000061035156,156.61000061035156,156.61990356445312,156.47999572753906,156.50999450683594,40890.0
2024-10-25 14:54:00+00:00,API,2.869999885559082,2.869999885559082,2.875,2.869999885559082,2.8701000213623047,14248.0
2024-10-25 14:54:00+00:00,APP,161.65499877929688,161.65499877929688,161.66000366210938,161.5800018310547,161.61000061035156,5812.0
2024-10-25 14:54:00+00:00,APPS,3.0759999752044678,3.0759999752044678,3.0799999237060547,3.0759999752044678,3.0799999237060547,1875.0
2024-10-25 14:54:00+00:00,ARRY,6.421599864959717,6.421599864959717,6.434999942779541,6.421599864959717,6.429999828338623,18729.0
2024-10-25 14:54:00+00:00,ASML,715.2449951171875,715.2449951171875,715.2449951171875,715.0,715.0,673.0
2024-10-25 14:54:00+00:00,ASNS,1.2999999523162842,1.2999999523162842,1.2999999523162842,1.2999999523162842,1.2999999523162842,78.0
2024-10-25 14:54:00+00:00,AUR,6.40500020980835,6.40500020980835,6.40500020980835,6.394999980926514,6.394999980926514,4175.0
2024-10-25 14:54:00+00:00,AVDX,8.135000228881836,8.135000228881836,8.135000228881836,8.130000114440918,8.130000114440918,3103.0
2024-10-25 14:54:00+00:00,AVGO,174.3574981689453,174.3574981689453,174.3800048828125,174.22999572753906,174.30999755859375,16907.0
2024-10-25 14:54:00+00:00,AVT,54.08000183105469,54.08000183105469,54.099998474121094,54.08000183105469,54.099998474121094,1677.0
2024-10-25 14:54:00+00:00,AZPN,238.27999877929688,238.27999877929688,238.27999877929688,238.27000427246094,238.27000427246094,829.0
2024-10-25 14:54:00+00:00,BAND,17.7549991607666,17.7549991607666,17.7549991607666,17.739999771118164,17.739999771118164,452.0
2024-10-25 14:54:00+00:00,BCOV,2.2699999809265137,2.2699999809265137,2.2750000953674316,2.2699999809265137,2.2699999809265137,5059.0
2024-10-25 14:54:00+00:00,BLZE,7.190000057220459,7.190000057220459,7.190000057220459,7.190000057220459,7.190000057220459,787.0
2024-10-25 14:54:00+00:00,BMBL,7.070000171661377,7.070000171661377,7.070000171661377,7.070000171661377,7.070000171661377,452.0
2024-10-25 14:54:00+00:00,BSY,49.26499938964844,49.26499938964844,49.26499938964844,49.2599983215332,49.2599983215332,6342.0
2024-10-25 14:54:00+00:00,CAN,0.9750000238418579,0.9750000238418579,0.9778000116348267,0.9750000238418579,0.9750999808311462,6049.0
2024-10-25 14:54:00+00:00,CCSI,20.139999389648438,20.139999389648438,20.184999465942383,20.139999389648438,20.184999465942383,1389.0
2024-10-25 14:54:00+00:00,CDNS,258.364990234375,258.364990234375,258.4200134277344,258.364990234375,258.4200134277344,1574.0
2024-10-25 14:54:00+00:00,CETX,0.3028999865055084,0.3028999865055084,0.3028999865055084,0.3028999865055084,0.3028999865055084,302.0
2024-10-25 14:54:00+00:00,CFLT,22.575000762939453,22.575000762939453,22.594999313354492,22.575000762939453,22.59000015258789,6214.0
2024-10-25 14:54:00+00:00,CGNX,38.88999938964844,38.88999938964844,38.88999938964844,38.880001068115234,38.880001068115234,1861.0
2024-10-25 14:54:00+00:00,CHKP,206.30999755859375,206.30999755859375,206.33999633789062,206.24000549316406,206.24000549316406,1781.0
2024-10-25 14:54:00+00:00,CLSK,11.734999656677246,11.734999656677246,11.734999656677246,11.71310043334961,11.71500015258789,26443.0
2024-10-25 14:54:00+00:00,CMTL,3.7750000953674316,3.7750000953674316,3.7899999618530273,3.7599000930786133,3.7599000930786133,16211.0
2024-10-25 14:54:00+00:00,COHR,95.79000091552734,95.79000091552734,95.79000091552734,95.7300033569336,95.7300033569336,3559.0
2024-10-25 14:54:00+00:00,COHU,26.049999237060547,26.049999237060547,26.049999237060547,26.040000915527344,26.040000915527344,943.0
2024-10-25 14:54:00+00:00,COIN,207.71530151367188,207.71530151367188,207.8498992919922,207.66000366210938,207.6999969482422,4146.0
2024-10-25 14:54:00+00:00,CORZ,13.395000457763672,13.395000457763672,13.395000457763672,13.390000343322754,13.395000457763672,2997.0
2024-10-25 14:54:00+00:00,CRCT,6.579999923706055,6.579999923706055,6.579999923706055,6.579999923706055,6.579999923706055,200.0
2024-10-25 14:54:00+00:00,CRDO,39.15999984741211,39.15999984741211,39.15999984741211,39.1349983215332,39.1349983215332,1385.0
2024-10-25 14:54:00+00:00,CRNC,2.924999952316284,2.924999952316284,2.924999952316284,2.924999952316284,2.924999952316284,1012.0
2024-10-25 14:54:00+00:00,CRNT,2.4800000190734863,2.4800000190734863,2.4800000190734863,2.4800000190734863,2.4800000190734863,1339.0
2024-10-25 14:54:00+00:00,CRSR,6.335000038146973,6.335000038146973,6.335000038146973,6.335000038146973,6.335000038146973,486.0
2024-10-25 14:54:00+00:00,CRUS,122.57499694824219,122.57499694824219,122.57499694824219,122.55999755859375,122.55999755859375,589.0
2024-10-25 14:54:00+00:00,CRWD,300.6300048828125,300.6300048828125,300.69000244140625,296.9082946777344,296.9082946777344,111492.0
2024-10-25 14:54:00+00:00,CSCO,55.77000045776367,55.77000045776367,55.78499984741211,55.77000045776367,55.78499984741211,8637.0
2024-10-25 14:54:00+00:00,CSIQ,13.369999885559082,13.369999885559082,13.380000114440918,13.359999656677246,13.367500305175781,9536.0
2024-10-25 14:54:00+00:00,CTSH,74.76000213623047,74.76000213623047,74.76000213623047,74.75499725341797,74.75499725341797,768.0
2024-10-25 14:54:00+00:00,CYBR,289.9750061035156,289.9750061035156,289.9750061035156,289.9750061035156,289.9750061035156,162.0
2024-10-25 14:54:00+00:00,DATS,1.6684000492095947,1.6684000492095947,1.6684000492095947,1.6684000492095947,1.6684000492095947,4703.0
2024-10-25 14:54:00+00:00,DBX,26.059999465942383,26.059999465942383,26.065000534057617,26.059999465942383,26.065000534057617,2782.0
2024-10-25 14:54:00+00:00,DDOG,126.2300033569336,126.2300033569336,126.2699966430664,126.19000244140625,126.19000244140625,6814.0
2024-10-25 14:54:00+00:00,DGII,30.139999389648438,30.139999389648438,30.139999389648438,30.139999389648438,30.139999389648438,557.0
2024-10-25 14:54:00+00:00,DOCU,68.73500061035156,68.73500061035156,68.73999786376953,68.69000244140625,68.69000244140625,8966.0
2024-10-25 14:54:00+00:00,DUOL,292.2300109863281,292.2300109863281,292.5199890136719,291.82000732421875,292.5199890136719,2763.0
2024-10-25 14:54:00+00:00,EEFT,100.26000213623047,100.26000213623047,100.26000213623047,100.26000213623047,100.26000213623047,354.0
2024-10-25 14:54:00+00:00,EGAN,4.764999866485596,4.764999866485596,4.764999866485596,4.764999866485596,4.764999866485596,148.0
2024-10-25 14:54:00+00:00,ELTK,10.449999809265137,10.449999809265137,10.449999809265137,10.449999809265137,10.449999809265137,500.0
2024-10-25 14:54:00+00:00,ENPH,83.76499938964844,83.76499938964844,83.76499938964844,83.74600219726562,83.74600219726562,1378.0
2024-10-25 14:54:00+00:00,ENTG,104.76000213623047,104.76000213623047,104.76000213623047,104.69000244140625,104.69499969482422,2531.0
2024-10-25 14:54:00+00:00,ERIC,8.454999923706055,8.454999923706055,8.454999923706055,8.454999923706055,8.454999923706055,17599.0
2024-10-25 14:54:00+00:00,EXLS,38.7599983215332,38.7599983215332,38.7599983215332,38.7599983215332,38.7599983215332,253.0
2024-10-25 14:54:00+00:00,FFIV,216.3300018310547,216.3300018310547,216.3800048828125,216.3300018310547,216.3800048828125,805.0
2024-10-25 14:54:00+00:00,FIVN,29.8700008392334,29.8700008392334,29.8700008392334,29.864500045776367,29.864999771118164,4304.0
2024-10-25 14:54:00+00:00,FLEX,35.27000045776367,35.27000045776367,35.27000045776367,35.2599983215332,35.262001037597656,2076.0
2024-10-25 14:54:00+00:00,FLYW,17.309999465942383,17.309999465942383,17.309999465942383,17.299999237060547,17.309999465942383,1389.0
2024-10-25 14:54:00+00:00,FRGT,1.840000033378601,1.840000033378601,1.8899999856948853,1.840000033378601,1.8899999856948853,10867.0
2024-10-25 14:54:00+00:00,FROG,29.299999237060547,29.299999237060547,29.299999237060547,29.299999237060547,29.299999237060547,227.0
2024-10-25 14:54:00+00:00,FRSH,11.625,11.625,11.625,11.619999885559082,11.619999885559082,811.0
2024-10-25 14:54:00+00:00,FSLR,198.30499267578125,198.30499267578125,198.30499267578125,198.30499267578125,198.30499267578125,380.0
2024-10-25 14:54:00+00:00,FTCI,0.652999997138977,0.652999997138977,0.652999997138977,0.652999997138977,0.652999997138977,12056.0
2024-10-25 14:54:00+00:00,FTNT,80.55000305175781,80.55000305175781,80.55000305175781,80.4800033569336,80.48999786376953,6236.0
2024-10-25 14:54:00+00:00,GCT,24.559999465942383,24.559999465942383,24.559999465942383,24.530000686645508,24.530000686645508,1966.0
2024-10-25 14:54:00+00:00,GDS,21.399999618530273,21.399999618530273,21.420000076293945,21.399999618530273,21.420000076293945,2378.0
2024-10-25 14:54:00+00:00,GFS,40.6150016784668,40.6150016784668,40.6150016784668,40.6150016784668,40.6150016784668,513.0
2024-10-25 14:54:00+00:00,GRAB,4.09499979019165,4.09499979019165,4.09499979019165,4.090000152587891,4.09499979019165,21419.0
2024-10-25 14:54:00+00:00,GTLB,55.060001373291016,55.060001373291016,55.060001373291016,55.060001373291016,55.060001373291016,311.0
2024-10-25 14:54:00+00:00,HCP,33.654998779296875,33.654998779296875,33.654998779296875,33.650001525878906,33.654998779296875,1484.0
2024-10-25 14:54:00+00:00,HLIT,14.774999618530273,14.774999618530273,14.777000427246094,14.774999618530273,14.777000427246094,548.0
2024-10-25 14:54:00+00:00,HOLO,3.590100049972534,3.590100049972534,3.5996999740600586,3.590100049972534,3.5996999740600586,890.0
2024-10-25 14:54:00+00:00,HOOD,27.209999084472656,27.209999084472656,27.209999084472656,27.190000534057617,27.190000534057617,8866.0
2024-10-25 14:54:00+00:00,ICHR,27.56999969482422,27.56999969482422,27.56999969482422,27.56999969482422,27.56999969482422,377.0
2024-10-25 14:54:00+00:00,IMMR,8.675000190734863,8.675000190734863,8.675000190734863,8.675000190734863,8.675000190734863,471.0
2024-10-25 14:54:00+00:00,INDI,3.4800000190734863,3.4800000190734863,3.4807000160217285,3.4800000190734863,3.4800000190734863,2695.0
2024-10-25 14:54:00+00:00,INTA,50.06999969482422,50.06999969482422,50.08000183105469,50.06999969482422,50.08000183105469,784.0
2024-10-25 14:54:00+00:00,INTC,22.927000045776367,22.927000045776367,22.927000045776367,22.920000076293945,22.920000076293945,31735.0
2024-10-25 14:54:00+00:00,INTU,609.25,609.25,609.25,609.25,609.25,1234.0
2024-10-25 14:54:00+00:00,ITI,7.199999809265137,7.199999809265137,7.199999809265137,7.199999809265137,7.199999809265137,603.0
2024-10-25 14:54:00+00:00,ITRI,102.72000122070312,102.72000122070312,102.72000122070312,102.72000122070312,102.72000122070312,121.0
2024-10-25 14:54:00+00:00,JKHY,182.83999633789062,182.83999633789062,182.83999633789062,182.83999633789062,182.83999633789062,2055.0
2024-10-25 14:54:00+00:00,KC,2.684999942779541,2.684999942779541,2.684999942779541,2.680000066757202,2.680000066757202,521.0
2024-10-25 14:54:00+00:00,KLAC,676.0700073242188,676.0700073242188,676.1199951171875,675.7899780273438,676.0999755859375,1525.0
2024-10-25 14:54:00+00:00,KLIC,44.625,44.625,44.625,44.625,44.625,283.0
2024-10-25 14:54:00+00:00,LINK,4.849999904632568,4.849999904632568,4.860000133514404,4.849999904632568,4.860000133514404,429.0
2024-10-25 14:54:00+00:00,LITE,64.53500366210938,64.53500366210938,64.53500366210938,64.51000213623047,64.51000213623047,831.0
2024-10-25 14:54:00+00:00,LOGI,80.7750015258789,80.7750015258789,80.7750015258789,80.7750015258789,80.7750015258789,244.0
2024-10-25 14:54:00+00:00,LRCX,78.6500015258789,78.6500015258789,78.6500015258789,78.58000183105469,78.62000274658203,28914.0
2024-10-25 14:54:00+00:00,LSAK,5.300000190734863,5.300000190734863,5.300000190734863,5.300000190734863,5.300000190734863,550.0
2024-10-25 14:54:00+00:00,LSCC,54.22999954223633,54.22999954223633,54.2599983215332,54.220001220703125,54.255001068115234,3587.0
2024-10-25 14:54:00+00:00,LUNA,1.8049999475479126,1.8049999475479126,1.8049999475479126,1.8049999475479126,1.8049999475479126,101.0
2024-10-25 14:54:00+00:00,LYFT,13.819999694824219,13.819999694824219,13.819999694824219,13.8100004196167,13.8149995803833,8586.0
2024-10-25 14:54:00+00:00,MANH,275.8299865722656,275.8299865722656,275.8500061035156,275.7300109863281,275.7300109863281,1155.0
2024-10-25 14:54:00+00:00,MCHP,76.8499984741211,76.8499984741211,76.8499984741211,76.83000183105469,76.83000183105469,2781.0
2024-10-25 14:54:00+00:00,MDB,267.17498779296875,267.17498779296875,267.17498779296875,267.17498779296875,267.17498779296875,608.0
2024-10-25 14:54:00+00:00,MIND,3.5299999713897705,3.5299999713897705,3.5299999713897705,3.5299999713897705,3.5299999713897705,200.0
2024-10-25 14:54:00+00:00,MKSI,101.16000366210938,101.16000366210938,101.16999816894531,101.13999938964844,101.13999938964844,1037.0
2024-10-25 14:54:00+00:00,MNDY,299.3900146484375,299.3900146484375,299.3900146484375,299.3900146484375,299.3900146484375,455.0
2024-10-25 14:54:00+00:00,MPWR,910.6500244140625,910.6500244140625,910.6500244140625,909.8800048828125,909.8800048828125,3343.0
2024-10-25 14:54:00+00:00,MQ,5.304999828338623,5.304999828338623,5.315000057220459,5.304999828338623,5.315000057220459,10341.0
2024-10-25 14:54:00+00:00,MRAM,6.349999904632568,6.349999904632568,6.349999904632568,6.349999904632568,6.349999904632568,111.0
2024-10-25 14:54:00+00:00,MRVL,82.25,82.25,82.25,82.20999908447266,82.2300033569336,6839.0
2024-10-25 14:54:00+00:00,MSFT,428.9599914550781,428.9599914550781,428.9700012207031,428.8612976074219,428.8800048828125,8010.0
2024-10-25 14:54:00+00:00,MSTR,235.69000244140625,235.69000244140625,235.80999755859375,235.0399932861328,235.3000030517578,33039.0
2024-10-25 14:54:00+00:00,MTSI,120.81999969482422,120.81999969482422,120.81999969482422,120.63999938964844,120.63999938964844,1579.0
2024-10-25 14:54:00+00:00,MTTR,4.590000152587891,4.590000152587891,4.605000019073486,4.585000038146973,4.599999904632568,46948.0
2024-10-25 14:54:00+00:00,MU,108.6500015258789,108.6500015258789,108.6500015258789,108.55999755859375,108.56999969482422,12818.0
2024-10-25 14:54:00+00:00,MVIS,1.0800000429153442,1.0800000429153442,1.0805000066757202,1.0800000429153442,1.0800000429153442,602.0
2024-10-25 14:54:00+00:00,MXL,14.84000015258789,14.84000015258789,14.84000015258789,14.835000038146973,14.835000038146973,1095.0
2024-10-25 14:54:00+00:00,NCNO,37.66999816894531,37.66999816894531,37.66999816894531,37.650001525878906,37.650001525878906,3181.0
2024-10-25 14:54:00+00:00,NTAP,119.91999816894531,119.91999816894531,119.91999816894531,119.91999816894531,119.91999816894531,166.0
2024-10-25 14:54:00+00:00,NTNX,62.13999938964844,62.13999938964844,62.13999938964844,62.11000061035156,62.11000061035156,568.0
2024-10-25 14:54:00+00:00,NVDA,142.13600158691406,142.13600158691406,142.13999938964844,142.00999450683594,142.03199768066406,306016.0
2024-10-25 14:54:00+00:00,NVEI,33.494998931884766,33.494998931884766,33.494998931884766,33.494998931884766,33.494998931884766,785.0
2024-10-25 14:54:00+00:00,NVTS,2.5299999713897705,2.5299999713897705,2.5299999713897705,2.5299999713897705,2.5299999713897705,310.0
2024-10-25 14:54:00+00:00,NXPI,243.9499969482422,243.9499969482422,243.9499969482422,243.77999877929688,243.8300018310547,3043.0
2024-10-25 14:54:00+00:00,OKTA,72.22000122070312,72.22000122070312,72.22000122070312,72.21499633789062,72.22000122070312,963.0
2024-10-25 14:54:00+00:00,ON,71.44000244140625,71.44000244140625,71.44999694824219,71.36000061035156,71.41500091552734,17311.0
2024-10-25 14:54:00+00:00,OSIS,135.2899932861328,135.2899932861328,135.2899932861328,135.2899932861328,135.2899932861328,198.0
2024-10-25 14:54:00+00:00,OSPN,14.579999923706055,14.579999923706055,14.579999923706055,14.579999923706055,14.579999923706055,1304.0
2024-10-25 14:54:00+00:00,PALT,1.934000015258789,1.934000015258789,1.934000015258789,1.934000015258789,1.934000015258789,248.0
2024-10-25 14:54:00+00:00,PANW,367.3900146484375,367.3900146484375,367.3900146484375,367.1199951171875,367.1199951171875,2413.0
2024-10-25 14:54:00+00:00,PAYO,8.319999694824219,8.319999694824219,8.319999694824219,8.319999694824219,8.319999694824219,2216.0
2024-10-25 14:54:00+00:00,PCTY,173.65499877929688,173.65499877929688,173.6999969482422,173.65499877929688,173.6999969482422,1490.0
2024-10-25 14:54:00+00:00,PEGY,4.820000171661377,4.820000171661377,4.820000171661377,4.79580020904541,4.79580020904541,815.0
2024-10-25 14:54:00+00:00,PGY,11.859999656677246,11.859999656677246,11.859999656677246,11.859999656677246,11.859999656677246,207.0
2024-10-25 14:54:00+00:00,PHUN,10.571399688720703,10.571399688720703,10.61989974975586,10.539999961853027,10.540300369262695,97995.0
2024-10-25 14:54:00+00:00,PLAB,23.670000076293945,23.670000076293945,23.670000076293945,23.670000076293945,23.670000076293945,152.0
2024-10-25 14:54:00+00:00,PLXS,141.8699951171875,141.8699951171875,141.8800048828125,141.8699951171875,141.8800048828125,562.0
2024-10-25 14:54:00+00:00,POET,3.859999895095825,3.859999895095825,3.859999895095825,3.859999895095825,3.859999895095825,200.0
2024-10-25 14:54:00+00:00,POWI,63.625,63.625,63.625,63.625,63.625,200.0
2024-10-25 14:54:00+00:00,PRSO,1.7799999713897705,1.7799999713897705,1.7799999713897705,1.7799999713897705,1.7799999713897705,2412.0
2024-10-25 14:54:00+00:00,PTC,187.17999267578125,187.17999267578125,187.17999267578125,187.10000610351562,187.1199951171875,1053.0
2024-10-25 14:54:00+00:00,PYCR,14.329999923706055,14.329999923706055,14.329999923706055,14.324999809265137,14.324999809265137,649.0
2024-10-25 14:54:00+00:00,QCOM,171.24000549316406,171.24000549316406,171.24000549316406,171.1699981689453,171.22000122070312,4381.0
2024-10-25 14:54:00+00:00,QLYS,120.66000366210938,120.66000366210938,120.66000366210938,120.66000366210938,120.66000366210938,755.0
2024-10-25 14:54:00+00:00,QRVO,100.05999755859375,100.05999755859375,100.05999755859375,100.0,100.0,1440.0
2024-10-25 14:54:00+00:00,QUBT,1.0750000476837158,1.0750000476837158,1.0750000476837158,1.0750000476837158,1.0750000476837158,353.0
2024-10-25 14:54:00+00:00,REKR,1.083299994468689,1.083299994468689,1.083299994468689,1.083299994468689,1.083299994468689,5000.0
2024-10-25 14:54:00+00:00,RELL,14.033699989318848,14.033699989318848,14.033699989318848,14.033699989318848,14.033699989318848,144.0
2024-10-25 14:54:00+00:00,RELY,14.850000381469727,14.850000381469727,14.850000381469727,14.850000381469727,14.850000381469727,1945.0
2024-10-25 14:54:00+00:00,RGTI,1.2350000143051147,1.2350000143051147,1.2350000143051147,1.2350000143051147,1.2350000143051147,1198.0
2024-10-25 14:54:00+00:00,RIOT,9.829899787902832,9.829899787902832,9.83080005645752,9.819999694824219,9.820099830627441,21310.0
2024-10-25 14:54:00+00:00,RMBS,43.42499923706055,43.42499923706055,43.42499923706055,43.40999984741211,43.40999984741211,1182.0
2024-10-25 14:54:00+00:00,RMNI,1.7101000547409058,1.7101000547409058,1.7101000547409058,1.7101000547409058,1.7101000547409058,1000.0
2024-10-25 14:54:00+00:00,RPAY,7.704999923706055,7.704999923706055,7.704999923706055,7.704999923706055,7.704999923706055,814.0
2024-10-25 14:54:00+00:00,RPD,38.75,38.75,38.77000045776367,38.75,38.77000045776367,1040.0
2024-10-25 14:54:00+00:00,RUN,14.40999984741211,14.40999984741211,14.40999984741211,14.399999618530273,14.404999732971191,8108.0
2024-10-25 14:54:00+00:00,SANM,67.66000366210938,67.66000366210938,67.66000366210938,67.66000366210938,67.66000366210938,563.0
2024-10-25 14:54:00+00:00,SATS,25.30500030517578,25.30500030517578,25.30500030517578,25.30500030517578,25.30500030517578,360.0
2024-10-25 14:54:00+00:00,SCSC,44.779998779296875,44.779998779296875,44.779998779296875,44.779998779296875,44.779998779296875,343.0
2024-10-25 14:54:00+00:00,SCWX,8.375,8.375,8.375,8.375,8.375,384.0
2024-10-25 14:54:00+00:00,SEDG,15.774999618530273,15.774999618530273,15.774999618530273,15.75,15.75,9235.0
2024-10-25 14:54:00+00:00,SHLS,5.250100135803223,5.250100135803223,5.255000114440918,5.250100135803223,5.255000114440918,3469.0
2024-10-25 14:54:00+00:00,SILC,12.991999626159668,12.991999626159668,12.991999626159668,12.991999626159668,12.991999626159668,335.0
2024-10-25 14:54:00+00:00,SMCI,47.52000045776367,47.52000045776367,47.52000045776367,47.44599914550781,47.44599914550781,31264.0
2024-10-25 14:54:00+00:00,SMSI,0.8100000023841858,0.8100000023841858,0.8100000023841858,0.8100000023841858,0.8100000023841858,119.0
2024-10-25 14:54:00+00:00,SNPS,503.1300048828125,503.1300048828125,503.1300048828125,502.67999267578125,502.67999267578125,1433.0
2024-10-25 14:54:00+00:00,SOUN,5.184800148010254,5.184800148010254,5.189899921417236,5.179999828338623,5.179999828338623,4957.0
2024-10-25 14:54:00+00:00,SPT,26.90999984741211,26.90999984741211,26.90999984741211,26.890600204467773,26.899999618530273,1559.0
2024-10-25 14:54:00+00:00,SRAD,12.375,12.375,12.375,12.375,12.375,1356.0
2024-10-25 14:54:00+00:00,SSNC,69.73999786376953,69.73999786376953,69.75499725341797,69.70500183105469,69.75499725341797,8435.0
2024-10-25 14:54:00+00:00,SSYS,7.045000076293945,7.045000076293945,7.047999858856201,7.039999961853027,7.045000076293945,775.0
2024-10-25 14:54:00+00:00,STNE,11.555000305175781,11.555000305175781,11.555000305175781,11.555000305175781,11.555000305175781,2204.0
2024-10-25 14:54:00+00:00,STX,103.76000213623047,103.76000213623047,103.76000213623047,103.70500183105469,103.70999908447266,2366.0
2024-10-25 14:54:00+00:00,SVRE,0.0786999985575676,0.0786999985575676,0.0786999985575676,0.0786999985575676,0.0786999985575676,723.0
2024-10-25 14:54:00+00:00,SWKS,95.92500305175781,95.92500305175781,95.92500305175781,95.875,95.90799713134766,2629.0
2024-10-25 14:54:00+00:00,SYNA,72.26499938964844,72.26499938964844,72.26499938964844,72.26499938964844,72.26499938964844,332.0
2024-10-25 14:54:00+00:00,TACT,4.199900150299072,4.199900150299072,4.199900150299072,4.150000095367432,4.150000095367432,346.0
2024-10-25 14:54:00+00:00,TEAM,189.50999450683594,189.50999450683594,189.52999877929688,189.38999938964844,189.4600067138672,5019.0
2024-10-25 14:54:00+00:00,TENB,41.75,41.75,41.75,41.709999084472656,41.720001220703125,1517.0
2024-10-25 14:54:00+00:00,TER,112.23500061035156,112.23500061035156,112.24500274658203,112.16000366210938,112.20999908447266,10805.0
2024-10-25 14:54:00+00:00,TRMB,61.029998779296875,61.029998779296875,61.029998779296875,61.025001525878906,61.025001525878906,525.0
2024-10-25 14:54:00+00:00,TTD,119.09500122070312,119.09500122070312,119.12000274658203,119.05000305175781,119.06999969482422,2509.0
2024-10-25 14:54:00+00:00,TTMI,19.647600173950195,19.647600173950195,19.649999618530273,19.647600173950195,19.649999618530273,740.0
2024-10-25 14:54:00+00:00,TWKS,4.440000057220459,4.440000057220459,4.440000057220459,4.440000057220459,4.440000057220459,5563.0
2024-10-25 14:54:00+00:00,TXN,207.75999450683594,207.75999450683594,207.85000610351562,207.74000549316406,207.82000732421875,4768.0
2024-10-25 14:54:00+00:00,UCTT,35.76499938964844,35.76499938964844,35.76499938964844,35.76499938964844,35.76499938964844,623.0
2024-10-25 14:54:00+00:00,VECO,29.309999465942383,29.309999465942383,29.309999465942383,29.309999465942383,29.309999465942383,2078.0
2024-10-25 14:54:00+00:00,VERB,10.807999610900879,10.807999610900879,10.807999610900879,10.807999610900879,10.807999610900879,1161.0
2024-10-25 14:54:00+00:00,VERX,42.08000183105469,42.08000183105469,42.119998931884766,42.060001373291016,42.119998931884766,3330.0
2024-10-25 14:54:00+00:00,VICR,46.599998474121094,46.599998474121094,46.599998474121094,46.599998474121094,46.599998474121094,771.0
2024-10-25 14:54:00+00:00,VMEO,4.755000114440918,4.755000114440918,4.755000114440918,4.755000114440918,4.755000114440918,975.0
2024-10-25 14:54:00+00:00,VNET,3.4000000953674316,3.4000000953674316,3.4000000953674316,3.4000000953674316,3.4000000953674316,27.0
2024-10-25 14:54:00+00:00,VRNS,56.86000061035156,56.86000061035156,56.86000061035156,56.86000061035156,56.86000061035156,436.0
2024-10-25 14:54:00+00:00,VRNT,21.959999084472656,21.959999084472656,21.959999084472656,21.950000762939453,21.950000762939453,803.0
2024-10-25 14:54:00+00:00,VRSN,183.1999969482422,183.1999969482422,183.1999969482422,183.1999969482422,183.1999969482422,914.0
2024-10-25 14:54:00+00:00,VSAT,10.180000305175781,10.180000305175781,10.180000305175781,10.175000190734863,10.175000190734863,2108.0
2024-10-25 14:54:00+00:00,WALD,3.509999990463257,3.509999990463257,3.509999990463257,3.509999990463257,3.509999990463257,1247.0
2024-10-25 14:54:00+00:00,WDAY,238.58999633789062,238.58999633789062,238.6699981689453,238.49000549316406,238.60000610351562,4438.0
2024-10-25 14:54:00+00:00,WDC,70.33000183105469,70.33000183105469,70.33000183105469,70.2500991821289,70.29000091552734,40730.0
2024-10-25 14:54:00+00:00,WISA,2.0250000953674316,2.0250000953674316,2.0250000953674316,2.0250000953674316,2.0250000953674316,1402.0
2024-10-25 14:54:00+00:00,XRX,10.015000343322754,10.015000343322754,10.015000343322754,10.015000343322754,10.015000343322754,466.0
2024-10-25 14:54:00+00:00,ZBRA,361.2049865722656,361.2049865722656,361.2049865722656,361.2049865722656,361.2049865722656,721.0
2024-10-25 14:54:00+00:00,ZI,10.5,10.5,10.5,10.5,10.5,1062.0
2024-10-25 14:54:00+00:00,ZM,72.86000061035156,72.86000061035156,72.86000061035156,72.84500122070312,72.8499984741211,2135.0
2024-10-25 14:54:00+00:00,ZS,185.27000427246094,185.27000427246094,185.27000427246094,185.11000061035156,185.11000061035156,2352.0
2024-10-25 14:55:00+00:00,AAOI,17.725000381469727,17.725000381469727,17.725000381469727,17.725000381469727,17.725000381469727,796.0
2024-10-25 14:55:00+00:00,AAPL,232.11000061035156,232.11000061035156,232.17529296875,232.10009765625,232.1199951171875,25428.0
2024-10-25 14:55:00+00:00,ACIW,48.95000076293945,48.95000076293945,48.95000076293945,48.93000030517578,48.93000030517578,2016.0
2024-10-25 14:55:00+00:00,ADBE,483.3299865722656,483.3299865722656,483.5614929199219,483.3299865722656,483.5614929199219,2198.0
2024-10-25 14:55:00+00:00,ADI,231.50999450683594,231.50999450683594,231.50999450683594,231.50999450683594,231.50999450683594,2479.0
2024-10-25 14:55:00+00:00,ADSK,286.7200012207031,286.7200012207031,286.7200012207031,286.7200012207031,286.7200012207031,309.0
2024-10-25 14:55:00+00:00,ADTN,6.264999866485596,6.264999866485596,6.269999980926514,6.264999866485596,6.269999980926514,854.0
2024-10-25 14:55:00+00:00,AEHR,16.959999084472656,16.959999084472656,16.959999084472656,16.950000762939453,16.950000762939453,1017.0
2024-10-25 14:55:00+00:00,AFRM,41.310001373291016,41.310001373291016,41.38999938964844,41.310001373291016,41.380001068115234,6846.0
2024-10-25 14:55:00+00:00,ALGM,23.1200008392334,23.1200008392334,23.139999389648438,23.1200008392334,23.1299991607666,5139.0
2024-10-25 14:55:00+00:00,ALTR,103.76000213623047,103.76000213623047,103.76000213623047,103.76000213623047,103.76000213623047,1308.0
2024-10-25 14:55:00+00:00,AMAT,187.5,187.5,187.60000610351562,187.5,187.60000610351562,2784.0
2024-10-25 14:55:00+00:00,AMD,156.5500030517578,156.5500030517578,156.639892578125,156.5500030517578,156.60800170898438,22661.0
2024-10-25 14:55:00+00:00,AMKR,30.06999969482422,30.06999969482422,30.06999969482422,30.049999237060547,30.059999465942383,2778.0
2024-10-25 14:55:00+00:00,ANSS,323.94000244140625,323.94000244140625,323.94000244140625,323.94000244140625,323.94000244140625,1391.0
2024-10-25 14:55:00+00:00,APCX,0.7376999855041504,0.7376999855041504,0.7376999855041504,0.7376999855041504,0.7376999855041504,566.0
2024-10-25 14:55:00+00:00,APP,161.50999450683594,161.50999450683594,161.6750030517578,161.50999450683594,161.6750030517578,3556.0
2024-10-25 14:55:00+00:00,APPN,32.11000061035156,32.11000061035156,32.11000061035156,32.11000061035156,32.11000061035156,1038.0
2024-10-25 14:55:00+00:00,APPS,3.0745999813079834,3.0745999813079834,3.0745999813079834,3.0745999813079834,3.0745999813079834,1868.0
2024-10-25 14:55:00+00:00,ARRY,6.425000190734863,6.425000190734863,6.426000118255615,6.420000076293945,6.425000190734863,3254.0
2024-10-25 14:55:00+00:00,ASML,715.6500244140625,715.6500244140625,715.6500244140625,715.6500244140625,715.6500244140625,552.0
2024-10-25 14:55:00+00:00,ASTI,2.699700117111206,2.699700117111206,2.699899911880493,2.699700117111206,2.699899911880493,5892.0
2024-10-25 14:55:00+00:00,ASYS,5.885900020599365,5.885900020599365,5.896200180053711,5.885900020599365,5.889999866485596,5177.0
2024-10-25 14:55:00+00:00,AUR,6.40500020980835,6.40500020980835,6.40500020980835,6.40500020980835,6.40500020980835,1249.0
2024-10-25 14:55:00+00:00,AVDX,8.140000343322754,8.140000343322754,8.140000343322754,8.140000343322754,8.140000343322754,145.0
2024-10-25 14:55:00+00:00,AVGO,174.32000732421875,174.32000732421875,174.4499969482422,174.32000732421875,174.3699951171875,10917.0
2024-10-25 14:55:00+00:00,BASE,16.209999084472656,16.209999084472656,16.209999084472656,16.209999084472656,16.209999084472656,256.0
2024-10-25 14:55:00+00:00,BIGC,5.300000190734863,5.300000190734863,5.304999828338623,5.300000190734863,5.304999828338623,5988.0
2024-10-25 14:55:00+00:00,BL,56.279998779296875,56.279998779296875,56.29499816894531,56.279998779296875,56.29499816894531,980.0
2024-10-25 14:55:00+00:00,BLKB,86.01000213623047,86.01000213623047,86.01000213623047,86.01000213623047,86.01000213623047,586.0
2024-10-25 14:55:00+00:00,BMBL,7.070000171661377,7.070000171661377,7.074999809265137,7.070000171661377,7.070000171661377,6298.0
2024-10-25 14:55:00+00:00,BRZE,30.739999771118164,30.739999771118164,30.739999771118164,30.739999771118164,30.739999771118164,842.0
2024-10-25 14:55:00+00:00,BSY,49.22999954223633,49.22999954223633,49.2400016784668,49.22999954223633,49.2400016784668,504.0
2024-10-25 14:55:00+00:00,CDNS,258.3500061035156,258.3500061035156,258.3500061035156,258.30999755859375,258.32000732421875,1581.0
2024-10-25 14:55:00+00:00,CDW,218.19000244140625,218.19000244140625,218.26499938964844,218.19000244140625,218.26499938964844,1028.0
2024-10-25 14:55:00+00:00,CETX,0.3027999997138977,0.3027999997138977,0.3046000003814697,0.3027999997138977,0.3046000003814697,2710.0
2024-10-25 14:55:00+00:00,CFLT,22.559999465942383,22.559999465942383,22.57550048828125,22.559999465942383,22.575000762939453,3422.0
2024-10-25 14:55:00+00:00,CGNX,38.89500045776367,38.89500045776367,38.89500045776367,38.89500045776367,38.89500045776367,364.0
2024-10-25 14:55:00+00:00,CHKP,206.3699951171875,206.3699951171875,206.38999938964844,206.3699951171875,206.38999938964844,980.0
2024-10-25 14:55:00+00:00,CLBT,18.235000610351562,18.235000610351562,18.239999771118164,18.229999542236328,18.229999542236328,2403.0
2024-10-25 14:55:00+00:00,CLSK,11.704999923706055,11.704999923706055,11.729999542236328,11.699999809265137,11.729999542236328,55605.0
2024-10-25 14:55:00+00:00,CNXC,44.4900016784668,44.4900016784668,44.52000045776367,44.4900016784668,44.52000045776367,1924.0
2024-10-25 14:55:00+00:00,COHR,95.80000305175781,95.80000305175781,95.80999755859375,95.7699966430664,95.80999755859375,1661.0
2024-10-25 14:55:00+00:00,COIN,207.3699951171875,207.3699951171875,207.6999969482422,207.3699951171875,207.6999969482422,5593.0
2024-10-25 14:55:00+00:00,COMM,6.244999885559082,6.244999885559082,6.244999885559082,6.241499900817871,6.244999885559082,1893.0
2024-10-25 14:55:00+00:00,CORZ,13.395000457763672,13.395000457763672,13.399999618530273,13.390000343322754,13.395999908447266,508370.0
2024-10-25 14:55:00+00:00,CRCT,6.574999809265137,6.574999809265137,6.579999923706055,6.574999809265137,6.579999923706055,401.0
2024-10-25 14:55:00+00:00,CRDO,39.16999816894531,39.16999816894531,39.16999816894531,39.16999816894531,39.16999816894531,377.0
2024-10-25 14:55:00+00:00,CREX,4.260000228881836,4.260000228881836,4.260000228881836,4.260000228881836,4.260000228881836,294.0
2024-10-25 14:55:00+00:00,CRUS,122.58209991455078,122.58209991455078,122.58209991455078,122.56999969482422,122.58000183105469,821.0
2024-10-25 14:55:00+00:00,CRWD,298.4898986816406,298.4898986816406,300.2950134277344,298.010009765625,300.2950134277344,38343.0
2024-10-25 14:55:00+00:00,CSCO,55.76499938964844,55.76499938964844,55.77989959716797,55.76499938964844,55.775001525878906,5171.0
2024-10-25 14:55:00+00:00,CSIQ,13.369999885559082,13.369999885559082,13.380000114440918,13.369999885559082,13.380000114440918,2020.0
2024-10-25 14:55:00+00:00,CTSH,74.76499938964844,74.76499938964844,74.76499938964844,74.76499938964844,74.76499938964844,999.0
2024-10-25 14:55:00+00:00,CYBR,289.9750061035156,289.9750061035156,289.9750061035156,289.9750061035156,289.9750061035156,152.0
2024-10-25 14:55:00+00:00,DAKT,13.085000038146973,13.085000038146973,13.085000038146973,13.085000038146973,13.085000038146973,365.0
2024-10-25 14:55:00+00:00,DBX,26.059999465942383,26.059999465942383,26.059999465942383,26.059999465942383,26.059999465942383,2083.0
2024-10-25 14:55:00+00:00,DDOG,126.19999694824219,126.19999694824219,126.2699966430664,126.19999694824219,126.25499725341797,5275.0
2024-10-25 14:55:00+00:00,DOCU,68.9000015258789,68.9000015258789,68.9000015258789,68.7300033569336,68.76000213623047,15683.0
2024-10-25 14:55:00+00:00,DUOL,292.07000732421875,292.07000732421875,292.4798889160156,291.79998779296875,292.4798889160156,2729.0
2024-10-25 14:55:00+00:00,EEFT,100.15499877929688,100.15499877929688,100.23999786376953,100.15499877929688,100.23999786376953,933.0
2024-10-25 14:55:00+00:00,ENPH,83.73500061035156,83.73500061035156,83.76000213623047,83.7300033569336,83.75,3583.0
2024-10-25 14:55:00+00:00,ENTG,104.75,104.75,104.79000091552734,104.75,104.79000091552734,2386.0
2024-10-25 14:55:00+00:00,ERIC,8.454999923706055,8.454999923706055,8.454999923706055,8.454999923706055,8.454999923706055,2756.0
2024-10-25 14:55:00+00:00,EXLS,38.7599983215332,38.7599983215332,38.7599983215332,38.7599983215332,38.7599983215332,933.0
2024-10-25 14:55:00+00:00,EXTR,14.375,14.375,14.375,14.364999771118164,14.369999885559082,750.0
2024-10-25 14:55:00+00:00,FFIV,216.4199981689453,216.4199981689453,216.4199981689453,216.3800048828125,216.3800048828125,621.0
2024-10-25 14:55:00+00:00,FIVN,29.8700008392334,29.8700008392334,29.8700008392334,29.8700008392334,29.8700008392334,1503.0
2024-10-25 14:55:00+00:00,FLEX,35.275001525878906,35.275001525878906,35.275001525878906,35.2599983215332,35.26499938964844,2617.0
2024-10-25 14:55:00+00:00,FLYW,17.31999969482422,17.31999969482422,17.329999923706055,17.31999969482422,17.31999969482422,921.0
2024-10-25 14:55:00+00:00,FROG,29.299999237060547,29.299999237060547,29.299999237060547,29.299999237060547,29.299999237060547,600.0
2024-10-25 14:55:00+00:00,FRSH,11.625,11.625,11.625,11.625,11.625,794.0
2024-10-25 14:55:00+00:00,FSLR,198.36000061035156,198.36000061035156,198.4199981689453,198.36000061035156,198.3699951171875,1235.0
2024-10-25 14:55:00+00:00,FTCI,0.652999997138977,0.652999997138977,0.652999997138977,0.652999997138977,0.652999997138977,995.0
2024-10-25 14:55:00+00:00,FTNT,80.5,80.5,80.55999755859375,80.5,80.55999755859375,5180.0
2024-10-25 14:55:00+00:00,GCT,24.575000762939453,24.575000762939453,24.579999923706055,24.55500030517578,24.55500030517578,1621.0
2024-10-25 14:55:00+00:00,GDYN,15.609999656677246,15.609999656677246,15.609999656677246,15.609999656677246,15.609999656677246,393.0
2024-10-25 14:55:00+00:00,GFS,40.619998931884766,40.619998931884766,40.619998931884766,40.619998931884766,40.619998931884766,732.0
2024-10-25 14:55:00+00:00,GILT,4.940000057220459,4.940000057220459,4.940000057220459,4.940000057220459,4.940000057220459,103.0
2024-10-25 14:55:00+00:00,GRAB,4.090000152587891,4.090000152587891,4.099999904632568,4.090000152587891,4.090000152587891,6754.0
2024-10-25 14:55:00+00:00,GRRR,4.4720001220703125,4.4720001220703125,4.4720001220703125,4.4720001220703125,4.4720001220703125,269.0
2024-10-25 14:55:00+00:00,GTLB,55.064998626708984,55.064998626708984,55.064998626708984,55.040000915527344,55.040000915527344,929.0
2024-10-25 14:55:00+00:00,HCP,33.654998779296875,33.654998779296875,33.654998779296875,33.654998779296875,33.654998779296875,679.0
2024-10-25 14:55:00+00:00,HLIT,14.774999618530273,14.774999618530273,14.774999618530273,14.774999618530273,14.774999618530273,402.0
2024-10-25 14:55:00+00:00,HOLO,3.5999999046325684,3.5999999046325684,3.5999999046325684,3.590100049972534,3.590100049972534,9289.0
2024-10-25 14:55:00+00:00,HOOD,27.190000534057617,27.190000534057617,27.21470069885254,27.190000534057617,27.21470069885254,2683.0
2024-10-25 14:55:00+00:00,IDAI,0.22100000083446503,0.22100000083446503,0.22190000116825104,0.22100000083446503,0.22179999947547913,4829.0
2024-10-25 14:55:00+00:00,INDI,3.4800000190734863,3.4800000190734863,3.482800006866455,3.4800000190734863,3.4800000190734863,832.0
2024-10-25 14:55:00+00:00,INFN,6.764999866485596,6.764999866485596,6.764999866485596,6.764999866485596,6.764999866485596,131.0
2024-10-25 14:55:00+00:00,INTA,50.07500076293945,50.07500076293945,50.09000015258789,50.06999969482422,50.09000015258789,1848.0
2024-10-25 14:55:00+00:00,INTC,22.90999984741211,22.90999984741211,22.940000534057617,22.90999984741211,22.924999237060547,168127.0
2024-10-25 14:55:00+00:00,INTU,609.0150146484375,609.0150146484375,609.1749877929688,608.9468994140625,609.1749877929688,1335.0
2024-10-25 14:55:00+00:00,IPGP,77.30000305175781,77.30000305175781,77.30000305175781,77.30000305175781,77.30000305175781,307.0
2024-10-25 14:55:00+00:00,ITRI,102.75,102.75,102.75,102.75,102.75,503.0
2024-10-25 14:55:00+00:00,JAMF,16.790000915527344,16.790000915527344,16.790000915527344,16.790000915527344,16.790000915527344,1278.0
2024-10-25 14:55:00+00:00,KC,2.680000066757202,2.680000066757202,2.684999942779541,2.680000066757202,2.680000066757202,425.0
2024-10-25 14:55:00+00:00,KLAC,676.1400146484375,676.1400146484375,676.3499755859375,676.1400146484375,676.2150268554688,3047.0
2024-10-25 14:55:00+00:00,KLIC,44.630001068115234,44.630001068115234,44.630001068115234,44.619998931884766,44.619998931884766,886.0
2024-10-25 14:55:00+00:00,LINK,4.860000133514404,4.860000133514404,4.860000133514404,4.860000133514404,4.860000133514404,310.0
2024-10-25 14:55:00+00:00,LOGI,80.7750015258789,80.7750015258789,80.7750015258789,80.7750015258789,80.7750015258789,681.0
2024-10-25 14:55:00+00:00,LPSN,1.1749999523162842,1.1749999523162842,1.1749999523162842,1.1690000295639038,1.1690000295639038,55453.0
2024-10-25 14:55:00+00:00,LRCX,78.67960357666016,78.67960357666016,78.69999694824219,78.6449966430664,78.6449966430664,14684.0
2024-10-25 14:55:00+00:00,LSCC,54.29999923706055,54.29999923706055,54.29999923706055,54.244998931884766,54.244998931884766,5525.0
2024-10-25 14:55:00+00:00,LTRX,4.09499979019165,4.09499979019165,4.09499979019165,4.079999923706055,4.079999923706055,4683.0
2024-10-25 14:55:00+00:00,LYFT,13.819999694824219,13.819999694824219,13.824999809265137,13.8100004196167,13.824999809265137,27443.0
2024-10-25 14:55:00+00:00,LYTS,16.219999313354492,16.219999313354492,16.219999313354492,16.200000762939453,16.200000762939453,2038.0
2024-10-25 14:55:00+00:00,MANH,275.82000732421875,275.82000732421875,275.82000732421875,275.82000732421875,275.82000732421875,868.0
2024-10-25 14:55:00+00:00,MAXN,5.769999980926514,5.769999980926514,5.769999980926514,5.769999980926514,5.769999980926514,473.0
2024-10-25 14:55:00+00:00,MCHP,76.84500122070312,76.84500122070312,76.87999725341797,76.84500122070312,76.86000061035156,4043.0
2024-10-25 14:55:00+00:00,MDB,267.2200012207031,267.2200012207031,267.29998779296875,267.2200012207031,267.2749938964844,1197.0
2024-10-25 14:55:00+00:00,MIND,3.5350000858306885,3.5350000858306885,3.5350000858306885,3.5350000858306885,3.5350000858306885,201.0
2024-10-25 14:55:00+00:00,MKSI,101.19000244140625,101.19000244140625,101.19000244140625,101.19000244140625,101.19000244140625,453.0
2024-10-25 14:55:00+00:00,MQ,5.302499771118164,5.302499771118164,5.309999942779541,5.302499771118164,5.304999828338623,2295.0
2024-10-25 14:55:00+00:00,MRVL,82.22000122070312,82.22000122070312,82.2750015258789,82.22000122070312,82.25,4052.0
2024-10-25 14:55:00+00:00,MSFT,428.8399963378906,428.8399963378906,429.010009765625,428.8399963378906,428.95001220703125,10581.0
2024-10-25 14:55:00+00:00,MSTR,235.60000610351562,235.60000610351562,235.85000610351562,235.38999938964844,235.77999877929688,15815.0
2024-10-25 14:55:00+00:00,MTSI,120.91999816894531,120.91999816894531,120.94999694824219,120.91999816894531,120.94999694824219,954.0
2024-10-25 14:55:00+00:00,MU,108.62000274658203,108.62000274658203,108.68450164794922,108.62000274658203,108.66999816894531,7573.0
2024-10-25 14:55:00+00:00,MVIS,1.0800000429153442,1.0800000429153442,1.0800000429153442,1.0800000429153442,1.0800000429153442,648.0
2024-10-25 14:55:00+00:00,MXL,14.84000015258789,14.84000015258789,14.84000015258789,14.84000015258789,14.84000015258789,804.0
2024-10-25 14:55:00+00:00,NCNO,37.665000915527344,37.665000915527344,37.665000915527344,37.665000915527344,37.665000915527344,669.0
2024-10-25 14:55:00+00:00,NICE,174.6295928955078,174.6295928955078,174.64999389648438,174.6295928955078,174.64999389648438,477.0
2024-10-25 14:55:00+00:00,NNDM,2.325000047683716,2.325000047683716,2.325500011444092,2.325000047683716,2.325500011444092,543.0
2024-10-25 14:55:00+00:00,NTAP,119.9000015258789,119.9000015258789,119.94000244140625,119.9000015258789,119.94000244140625,1066.0
2024-10-25 14:55:00+00:00,NTNX,62.150001525878906,62.150001525878906,62.15999984741211,62.1349983215332,62.1349983215332,4689.0
2024-10-25 14:55:00+00:00,NVDA,142.1199951171875,142.1199951171875,142.17999267578125,142.11000061035156,142.12350463867188,237286.0
2024-10-25 14:55:00+00:00,NVTS,2.5350000858306885,2.5350000858306885,2.5350000858306885,2.5350000858306885,2.5350000858306885,512.0
2024-10-25 14:55:00+00:00,NXPI,243.93499755859375,243.93499755859375,244.02000427246094,243.93499755859375,243.99000549316406,2280.0
2024-10-25 14:55:00+00:00,OKTA,72.2300033569336,72.2300033569336,72.26000213623047,72.2300033569336,72.26000213623047,1201.0
2024-10-25 14:55:00+00:00,OLED,203.40499877929688,203.40499877929688,203.40499877929688,203.38499450683594,203.38499450683594,470.0
2024-10-25 14:55:00+00:00,ON,71.44999694824219,71.44999694824219,71.48999786376953,71.42500305175781,71.43000030517578,16322.0
2024-10-25 14:55:00+00:00,OSIS,135.49000549316406,135.49000549316406,135.49000549316406,135.49000549316406,135.49000549316406,952.0
2024-10-25 14:55:00+00:00,OTEX,33.279998779296875,33.279998779296875,33.279998779296875,33.279998779296875,33.279998779296875,291.0
2024-10-25 14:55:00+00:00,PANW,367.260009765625,367.260009765625,367.5050048828125,367.260009765625,367.44000244140625,1477.0
2024-10-25 14:55:00+00:00,PEGY,4.809999942779541,4.809999942779541,4.809999942779541,4.809999942779541,4.809999942779541,122.0
2024-10-25 14:55:00+00:00,PGY,11.859999656677246,11.859999656677246,11.859999656677246,11.859999656677246,11.859999656677246,873.0
2024-10-25 14:55:00+00:00,PHUN,10.607999801635742,10.607999801635742,10.630000114440918,10.570099830627441,10.579999923706055,53962.0
2024-10-25 14:55:00+00:00,PI,202.67999267578125,202.67999267578125,202.67999267578125,202.67999267578125,202.67999267578125,760.0
2024-10-25 14:55:00+00:00,PLAB,23.673200607299805,23.673200607299805,23.673200607299805,23.673200607299805,23.673200607299805,359.0
2024-10-25 14:55:00+00:00,PLXS,141.67999267578125,141.67999267578125,141.67999267578125,141.67999267578125,141.67999267578125,835.0
2024-10-25 14:55:00+00:00,POET,3.8694000244140625,3.8694000244140625,3.8694000244140625,3.8694000244140625,3.8694000244140625,2049.0
2024-10-25 14:55:00+00:00,POWI,63.6244010925293,63.6244010925293,63.6244010925293,63.6244010925293,63.6244010925293,559.0
2024-10-25 14:55:00+00:00,PRCH,1.3049999475479126,1.3049999475479126,1.3049999475479126,1.3049999475479126,1.3049999475479126,135.0
2024-10-25 14:55:00+00:00,PTC,187.24000549316406,187.24000549316406,187.25,187.1999969482422,187.1999969482422,1648.0
2024-10-25 14:55:00+00:00,PYCR,14.319999694824219,14.319999694824219,14.324999809265137,14.319999694824219,14.324999809265137,1205.0
2024-10-25 14:55:00+00:00,QCOM,171.30999755859375,171.30999755859375,171.32000732421875,171.27000427246094,171.27000427246094,3522.0
2024-10-25 14:55:00+00:00,QLYS,120.63500213623047,120.63500213623047,120.63500213623047,120.63500213623047,120.63500213623047,176.0
2024-10-25 14:55:00+00:00,QUBT,1.0750000476837158,1.0750000476837158,1.0750000476837158,1.0750000476837158,1.0750000476837158,423.0
2024-10-25 14:55:00+00:00,RDWR,22.31999969482422,22.31999969482422,22.31999969482422,22.31999969482422,22.31999969482422,132.0
2024-10-25 14:55:00+00:00,REKR,1.0885000228881836,1.0885000228881836,1.090000033378601,1.0836000442504883,1.090000033378601,1361.0
2024-10-25 14:55:00+00:00,RELL,14.029999732971191,14.029999732971191,14.029999732971191,14.029999732971191,14.029999732971191,112.0
2024-10-25 14:55:00+00:00,RELY,14.84000015258789,14.84000015258789,14.850000381469727,14.84000015258789,14.850000381469727,2659.0
2024-10-25 14:55:00+00:00,RGTI,1.2400000095367432,1.2400000095367432,1.2400000095367432,1.2400000095367432,1.2400000095367432,171.0
2024-10-25 14:55:00+00:00,RIOT,9.805000305175781,9.805000305175781,9.829899787902832,9.800100326538086,9.829899787902832,44405.0
2024-10-25 14:55:00+00:00,RMBS,43.415000915527344,43.415000915527344,43.459999084472656,43.415000915527344,43.439998626708984,7274.0
2024-10-25 14:55:00+00:00,RMNI,1.7100000381469727,1.7100000381469727,1.7100000381469727,1.7100000381469727,1.7100000381469727,0.0
2024-10-25 14:55:00+00:00,RPD,38.86000061035156,38.86000061035156,38.86000061035156,38.77000045776367,38.77000045776367,973.0
2024-10-25 14:55:00+00:00,RUM,5.764999866485596,5.764999866485596,5.764999866485596,5.764999866485596,5.764999866485596,663.0
2024-10-25 14:55:00+00:00,RUN,14.414999961853027,14.414999961853027,14.420000076293945,14.40999984741211,14.414999961853027,7091.0
2024-10-25 14:55:00+00:00,SATS,25.329999923706055,25.329999923706055,25.329999923706055,25.30500030517578,25.30500030517578,1641.0
2024-10-25 14:55:00+00:00,SEDG,15.729999542236328,15.729999542236328,15.789999961853027,15.729999542236328,15.774999618530273,11147.0
2024-10-25 14:55:00+00:00,SHLS,5.25,5.25,5.255000114440918,5.25,5.25,812.0
2024-10-25 14:55:00+00:00,SITM,179.4250030517578,179.4250030517578,179.47999572753906,179.4250030517578,179.47999572753906,650.0
2024-10-25 14:55:00+00:00,SKYT,10.555000305175781,10.555000305175781,10.555000305175781,10.555000305175781,10.555000305175781,1106.0
2024-10-25 14:55:00+00:00,SMCI,47.52989959716797,47.52989959716797,47.54949951171875,47.47999954223633,47.529300689697266,34442.0
2024-10-25 14:55:00+00:00,SMTC,45.72999954223633,45.72999954223633,45.72999954223633,45.72999954223633,45.72999954223633,731.0
2024-10-25 14:55:00+00:00,SONO,12.71500015258789,12.71500015258789,12.71500015258789,12.71500015258789,12.71500015258789,1588.0
2024-10-25 14:55:00+00:00,SOUN,5.188000202178955,5.188000202178955,5.190000057220459,5.179999828338623,5.184999942779541,2597.0
2024-10-25 14:55:00+00:00,SPSC,171.2899932861328,171.2899932861328,171.2899932861328,171.2899932861328,171.2899932861328,670.0
2024-10-25 14:55:00+00:00,SSNC,69.75,69.75,69.76000213623047,69.7300033569336,69.73999786376953,3745.0
2024-10-25 14:55:00+00:00,SSYS,7.045000076293945,7.045000076293945,7.045000076293945,7.039999961853027,7.039999961853027,211.0
2024-10-25 14:55:00+00:00,STNE,11.555000305175781,11.555000305175781,11.5600004196167,11.550000190734863,11.555000305175781,2061.0
2024-10-25 14:55:00+00:00,STX,103.79000091552734,103.79000091552734,103.83000183105469,103.7699966430664,103.7699966430664,11241.0
2024-10-25 14:55:00+00:00,SURG,1.7350000143051147,1.7350000143051147,1.7400000095367432,1.7350000143051147,1.7400000095367432,888.0
2024-10-25 14:55:00+00:00,SWKS,95.97000122070312,95.97000122070312,95.97000122070312,95.947998046875,95.947998046875,2384.0
2024-10-25 14:55:00+00:00,SYNA,72.3499984741211,72.3499984741211,72.3499984741211,72.33999633789062,72.33999633789062,1655.0
2024-10-25 14:55:00+00:00,TCX,19.400100708007812,19.400100708007812,19.400100708007812,19.400100708007812,19.400100708007812,364.0
2024-10-25 14:55:00+00:00,TEAM,189.4199981689453,189.4199981689453,189.5500030517578,189.4199981689453,189.5500030517578,2744.0
2024-10-25 14:55:00+00:00,TENB,41.70000076293945,41.70000076293945,41.7400016784668,41.70000076293945,41.7400016784668,1233.0
2024-10-25 14:55:00+00:00,TER,112.23999786376953,112.23999786376953,112.2750015258789,112.23500061035156,112.23500061035156,4434.0
2024-10-25 14:55:00+00:00,TRMB,61.029998779296875,61.029998779296875,61.03499984741211,61.029998779296875,61.03499984741211,234.0
2024-10-25 14:55:00+00:00,TTD,118.98999786376953,118.98999786376953,119.18000030517578,118.98999786376953,119.16999816894531,5138.0
2024-10-25 14:55:00+00:00,TTMI,19.649999618530273,19.649999618530273,19.649999618530273,19.639999389648438,19.639999389648438,403.0
2024-10-25 14:55:00+00:00,TWKS,4.449999809265137,4.449999809265137,4.449999809265137,4.440000057220459,4.440000057220459,2931.0
2024-10-25 14:55:00+00:00,TXN,207.78500366210938,207.78500366210938,207.8249969482422,207.77999877929688,207.8249969482422,2069.0
2024-10-25 14:55:00+00:00,UCTT,35.790000915527344,35.790000915527344,35.790000915527344,35.790000915527344,35.790000915527344,676.0
2024-10-25 14:55:00+00:00,VECO,29.31999969482422,29.31999969482422,29.31999969482422,29.31999969482422,29.31999969482422,705.0
2024-10-25 14:55:00+00:00,VERI,3.424999952316284,3.424999952316284,3.424999952316284,3.4100000858306885,3.4100000858306885,1760.0
2024-10-25 14:55:00+00:00,VERX,42.11000061035156,42.11000061035156,42.11000061035156,42.09000015258789,42.09000015258789,579.0
2024-10-25 14:55:00+00:00,VIAV,9.199999809265137,9.199999809265137,9.199999809265137,9.199999809265137,9.199999809265137,641.0
2024-10-25 14:55:00+00:00,VICR,46.685001373291016,46.685001373291016,46.69499969482422,46.685001373291016,46.69499969482422,662.0
2024-10-25 14:55:00+00:00,VNET,3.4049999713897705,3.4049999713897705,3.4049999713897705,3.4049999713897705,3.4049999713897705,595.0
2024-10-25 14:55:00+00:00,VOXX,7.480000019073486,7.480000019073486,7.480000019073486,7.480000019073486,7.480000019073486,1100.0
2024-10-25 14:55:00+00:00,VRNS,56.810001373291016,56.810001373291016,56.869998931884766,56.810001373291016,56.869998931884766,3540.0
2024-10-25 14:55:00+00:00,VRNT,21.950000762939453,21.950000762939453,21.950000762939453,21.950000762939453,21.950000762939453,506.0
2024-10-25 14:55:00+00:00,VSAT,10.1850004196167,10.1850004196167,10.1850004196167,10.1850004196167,10.1850004196167,1834.0
2024-10-25 14:55:00+00:00,WDAY,238.59500122070312,238.59500122070312,238.59500122070312,238.59500122070312,238.59500122070312,713.0
2024-10-25 14:55:00+00:00,WDC,70.17500305175781,70.17500305175781,70.33999633789062,70.17500305175781,70.33999633789062,9558.0
2024-10-25 14:55:00+00:00,WISA,2.0399999618530273,2.0399999618530273,2.0399999618530273,2.039299964904785,2.039299964904785,1487.0
2024-10-25 14:55:00+00:00,WRAP,1.7999999523162842,1.7999999523162842,1.7999999523162842,1.7999999523162842,1.7999999523162842,105.0
2024-10-25 14:55:00+00:00,XPER,9.404999732971191,9.404999732971191,9.404999732971191,9.404999732971191,9.404999732971191,291.0
2024-10-25 14:55:00+00:00,XRX,10.015000343322754,10.015000343322754,10.015000343322754,10.015000343322754,10.015000343322754,590.0
2024-10-25 14:55:00+00:00,ZI,10.494999885559082,10.494999885559082,10.494999885559082,10.494999885559082,10.494999885559082,1109.0
2024-10-25 14:55:00+00:00,ZM,72.91999816894531,72.91999816894531,72.94000244140625,72.87000274658203,72.87999725341797,9898.0
2024-10-25 14:55:00+00:00,ZS,185.0800018310547,185.0800018310547,185.1999969482422,185.0800018310547,185.19000244140625,2069.0
2024-10-25 14:56:00+00:00,AAOI,17.70560073852539,17.70560073852539,17.70560073852539,17.70560073852539,17.70560073852539,1539.0
2024-10-25 14:56:00+00:00,AAPL,232.02000427246094,232.02000427246094,232.11000061035156,232.02000427246094,232.10000610351562,23298.0
2024-10-25 14:56:00+00:00,ADBE,483.1400146484375,483.1400146484375,483.19000244140625,483.1200866699219,483.19000244140625,1166.0
2024-10-25 14:56:00+00:00,ADSK,286.7840881347656,286.7840881347656,286.7840881347656,286.7840881347656,286.7840881347656,354.0
2024-10-25 14:56:00+00:00,AEHR,16.96500015258789,16.96500015258789,16.979999542236328,16.96500015258789,16.96500015258789,2196.0
2024-10-25 14:56:00+00:00,AEYE,22.760000228881836,22.760000228881836,22.760000228881836,22.760000228881836,22.760000228881836,301.0
2024-10-25 14:56:00+00:00,AFRM,41.279998779296875,41.279998779296875,41.31999969482422,41.279998779296875,41.29999923706055,11724.0
2024-10-25 14:56:00+00:00,AIP,6.909999847412109,6.909999847412109,6.909999847412109,6.900000095367432,6.900000095367432,613.0
2024-10-25 14:56:00+00:00,AKAM,102.08999633789062,102.08999633789062,102.08999633789062,102.08999633789062,102.08999633789062,495.0
2024-10-25 14:56:00+00:00,AKTS,0.05979999899864197,0.05979999899864197,0.05979999899864197,0.05979999899864197,0.05979999899864197,4462.0
2024-10-25 14:56:00+00:00,ALGM,23.139999389648438,23.139999389648438,23.139999389648438,23.1200008392334,23.1200008392334,6864.0
2024-10-25 14:56:00+00:00,ALTR,103.80000305175781,103.80000305175781,103.80000305175781,103.80000305175781,103.80000305175781,2127.0
2024-10-25 14:56:00+00:00,AMAT,187.58999633789062,187.58999633789062,187.58999633789062,187.47059631347656,187.47059631347656,6113.0
2024-10-25 14:56:00+00:00,AMBA,58.095001220703125,58.095001220703125,58.095001220703125,58.095001220703125,58.095001220703125,277.0
2024-10-25 14:56:00+00:00,AMD,156.57000732421875,156.57000732421875,156.57040405273438,156.50010681152344,156.52490234375,30093.0
2024-10-25 14:56:00+00:00,APP,161.47999572753906,161.47999572753906,161.47999572753906,161.47999572753906,161.47999572753906,295.0
2024-10-25 14:56:00+00:00,ARRY,6.425000190734863,6.425000190734863,6.429999828338623,6.420000076293945,6.425000190734863,9790.0
2024-10-25 14:56:00+00:00,ASML,715.6013793945312,715.6013793945312,715.6599731445312,715.3099975585938,715.3099975585938,2597.0
2024-10-25 14:56:00+00:00,AUR,6.390200138092041,6.390200138092041,6.400000095367432,6.390200138092041,6.400000095367432,9635.0
2024-10-25 14:56:00+00:00,AVDX,8.135000228881836,8.135000228881836,8.135000228881836,8.130000114440918,8.135000228881836,882.0
2024-10-25 14:56:00+00:00,AVGO,174.2899932861328,174.2899932861328,174.32000732421875,174.24000549316406,174.28500366210938,40717.0
2024-10-25 14:56:00+00:00,AVT,54.06999969482422,54.06999969482422,54.08000183105469,54.06999969482422,54.08000183105469,1145.0
2024-10-25 14:56:00+00:00,AZPN,238.4499969482422,238.4499969482422,238.4499969482422,238.4499969482422,238.4499969482422,335.0
2024-10-25 14:56:00+00:00,BASE,16.25,16.25,16.25,16.219999313354492,16.219999313354492,3238.0
2024-10-25 14:56:00+00:00,BIGC,5.298999786376953,5.298999786376953,5.300000190734863,5.295000076293945,5.295000076293945,6055.0
2024-10-25 14:56:00+00:00,BLZE,7.190000057220459,7.190000057220459,7.190000057220459,7.190000057220459,7.190000057220459,313.0
2024-10-25 14:56:00+00:00,BMBL,7.065000057220459,7.065000057220459,7.070000171661377,7.065000057220459,7.070000171661377,10500.0
2024-10-25 14:56:00+00:00,BSY,49.224998474121094,49.224998474121094,49.224998474121094,49.220001220703125,49.220001220703125,769.0
2024-10-25 14:56:00+00:00,CAN,0.9750999808311462,0.9750999808311462,0.9753999710083008,0.9750999808311462,0.9750999808311462,1485.0
2024-10-25 14:56:00+00:00,CCSI,20.049999237060547,20.049999237060547,20.110000610351562,20.040000915527344,20.110000610351562,1572.0
2024-10-25 14:56:00+00:00,CDNS,258.19500732421875,258.19500732421875,258.2699890136719,258.125,258.2699890136719,2262.0
2024-10-25 14:56:00+00:00,CDW,218.25,218.25,218.25999450683594,218.24000549316406,218.25999450683594,1194.0
2024-10-25 14:56:00+00:00,CFLT,22.549999237060547,22.549999237060547,22.559999465942383,22.545000076293945,22.55500030517578,5958.0
2024-10-25 14:56:00+00:00,CHKP,206.24000549316406,206.24000549316406,206.24000549316406,206.22999572753906,206.22999572753906,1998.0
2024-10-25 14:56:00+00:00,CLBT,18.229999542236328,18.229999542236328,18.229999542236328,18.229999542236328,18.229999542236328,2085.0
2024-10-25 14:56:00+00:00,CLSK,11.690999984741211,11.690999984741211,11.704999923706055,11.680000305175781,11.704999923706055,61200.0
2024-10-25 14:56:00+00:00,CNDT,3.5950000286102295,3.5950000286102295,3.5999999046325684,3.5950000286102295,3.5999999046325684,6940.0
2024-10-25 14:56:00+00:00,COHR,95.70500183105469,95.70500183105469,95.71499633789062,95.70500183105469,95.71499633789062,871.0
2024-10-25 14:56:00+00:00,COIN,207.1999969482422,207.1999969482422,207.52000427246094,207.0800018310547,207.52000427246094,7964.0
2024-10-25 14:56:00+00:00,COMM,6.244999885559082,6.244999885559082,6.244999885559082,6.244999885559082,6.244999885559082,572.0
2024-10-25 14:56:00+00:00,CORZ,13.380000114440918,13.380000114440918,13.395000457763672,13.375,13.395000457763672,9139.0
2024-10-25 14:56:00+00:00,CRCT,6.574999809265137,6.574999809265137,6.579999923706055,6.574999809265137,6.579999923706055,1238.0
2024-10-25 14:56:00+00:00,CRDO,39.15999984741211,39.15999984741211,39.15999984741211,39.13999938964844,39.13999938964844,799.0
2024-10-25 14:56:00+00:00,CRSR,6.335000038146973,6.335000038146973,6.335000038146973,6.335000038146973,6.335000038146973,504.0
2024-10-25 14:56:00+00:00,CRWD,298.22479248046875,298.22479248046875,298.47430419921875,297.4800109863281,297.7799987792969,14314.0
2024-10-25 14:56:00+00:00,CSCO,55.762298583984375,55.762298583984375,55.766300201416016,55.7599983215332,55.76210021972656,4482.0
2024-10-25 14:56:00+00:00,CSGS,47.52000045776367,47.52000045776367,47.52000045776367,47.52000045776367,47.52000045776367,246.0
2024-10-25 14:56:00+00:00,CSIQ,13.359999656677246,13.359999656677246,13.380000114440918,13.359999656677246,13.375,5911.0
2024-10-25 14:56:00+00:00,CTLP,8.875,8.875,8.875,8.875,8.875,598.0
2024-10-25 14:56:00+00:00,CTSH,74.75,74.75,74.7699966430664,74.75,74.76000213623047,2968.0
2024-10-25 14:56:00+00:00,CYBR,289.739990234375,289.739990234375,289.739990234375,289.739990234375,289.739990234375,1240.0
2024-10-25 14:56:00+00:00,DAKT,13.09000015258789,13.09000015258789,13.100000381469727,13.086000442504883,13.086000442504883,739.0
2024-10-25 14:56:00+00:00,DATS,1.6699999570846558,1.6699999570846558,1.6699999570846558,1.6699999570846558,1.6699999570846558,0.0
2024-10-25 14:56:00+00:00,DAVE,38.790000915527344,38.790000915527344,38.790000915527344,38.790000915527344,38.790000915527344,228.0
2024-10-25 14:56:00+00:00,DBX,26.075000762939453,26.075000762939453,26.075000762939453,26.059999465942383,26.059999465942383,3290.0
2024-10-25 14:56:00+00:00,DDOG,126.22000122070312,126.22000122070312,126.2300033569336,126.22000122070312,126.2300033569336,1218.0
2024-10-25 14:56:00+00:00,DOCU,69.08000183105469,69.08000183105469,69.08000183105469,68.88999938964844,68.88999938964844,14101.0
2024-10-25 14:56:00+00:00,DOMO,8.085000038146973,8.085000038146973,8.095000267028809,8.085000038146973,8.095000267028809,1932.0
2024-10-25 14:56:00+00:00,DUOT,4.09499979019165,4.09499979019165,4.09499979019165,4.09499979019165,4.09499979019165,360.0
2024-10-25 14:56:00+00:00,EEFT,100.17500305175781,100.17500305175781,100.17500305175781,100.17500305175781,100.17500305175781,649.0
2024-10-25 14:56:00+00:00,ENPH,83.62000274658203,83.62000274658203,83.73999786376953,83.58999633789062,83.73999786376953,7201.0
2024-10-25 14:56:00+00:00,ENTG,105.31999969482422,105.31999969482422,105.31999969482422,104.79000091552734,104.79000091552734,43815.0
2024-10-25 14:56:00+00:00,ERIC,8.454999923706055,8.454999923706055,8.454999923706055,8.449999809265137,8.454999923706055,15463.0
2024-10-25 14:56:00+00:00,EXFY,1.725000023841858,1.725000023841858,1.725000023841858,1.725000023841858,1.725000023841858,320.0
2024-10-25 14:56:00+00:00,EXLS,38.7599983215332,38.7599983215332,38.7599983215332,38.7599983215332,38.7599983215332,5860.0
2024-10-25 14:56:00+00:00,EXTR,14.375,14.375,14.380000114440918,14.375,14.380000114440918,223.0
2024-10-25 14:56:00+00:00,FARO,17.90999984741211,17.90999984741211,17.90999984741211,17.90999984741211,17.90999984741211,950.0
2024-10-25 14:56:00+00:00,FFIV,216.41000366210938,216.41000366210938,216.4199981689453,216.34500122070312,216.34500122070312,944.0
2024-10-25 14:56:00+00:00,FIVN,29.8700008392334,29.8700008392334,29.8700008392334,29.8700008392334,29.8700008392334,283.0
2024-10-25 14:56:00+00:00,FLEX,35.255001068115234,35.255001068115234,35.2599983215332,35.255001068115234,35.2599983215332,2299.0
2024-10-25 14:56:00+00:00,FLYW,17.309999465942383,17.309999465942383,17.309999465942383,17.309999465942383,17.309999465942383,165.0
2024-10-25 14:56:00+00:00,FRGT,1.8799999952316284,1.8799999952316284,1.8899999856948853,1.8697999715805054,1.8697999715805054,5557.0
2024-10-25 14:56:00+00:00,FROG,29.299999237060547,29.299999237060547,29.299999237060547,29.299999237060547,29.299999237060547,485.0
2024-10-25 14:56:00+00:00,FRSH,11.625,11.625,11.625,11.619999885559082,11.619999885559082,2252.0
2024-10-25 14:56:00+00:00,FSLR,198.33999633789062,198.33999633789062,198.33999633789062,198.33999633789062,198.33999633789062,779.0
2024-10-25 14:56:00+00:00,FTCI,0.652999997138977,0.652999997138977,0.652999997138977,0.652999997138977,0.652999997138977,1275.0
2024-10-25 14:56:00+00:00,FTNT,80.48999786376953,80.48999786376953,80.5,80.4800033569336,80.48500061035156,4123.0
2024-10-25 14:56:00+00:00,GCT,24.520000457763672,24.520000457763672,24.56999969482422,24.520000457763672,24.56999969482422,752.0
2024-10-25 14:56:00+00:00,GDS,21.360000610351562,21.360000610351562,21.3700008392334,21.360000610351562,21.3700008392334,474.0
2024-10-25 14:56:00+00:00,GDYN,15.609800338745117,15.609800338745117,15.609800338745117,15.59000015258789,15.600000381469727,1123.0
2024-10-25 14:56:00+00:00,GFS,40.599998474121094,40.599998474121094,40.610198974609375,40.59000015258789,40.610198974609375,1865.0
2024-10-25 14:56:00+00:00,GPRO,1.315000057220459,1.315000057220459,1.319100022315979,1.315000057220459,1.319100022315979,1954.0
2024-10-25 14:56:00+00:00,GRAB,4.09499979019165,4.09499979019165,4.09499979019165,4.090000152587891,4.09499979019165,28162.0
2024-10-25 14:56:00+00:00,GSIT,3.390000104904175,3.390000104904175,3.4000000953674316,3.390000104904175,3.4000000953674316,796.0
2024-10-25 14:56:00+00:00,GTLB,55.06399917602539,55.06399917602539,55.06399917602539,55.06399917602539,55.06399917602539,132.0
2024-10-25 14:56:00+00:00,HCKT,24.665000915527344,24.665000915527344,24.665000915527344,24.665000915527344,24.665000915527344,107.0
2024-10-25 14:56:00+00:00,HCP,33.654998779296875,33.654998779296875,33.654998779296875,33.654998779296875,33.654998779296875,1595.0
2024-10-25 14:56:00+00:00,HLIT,14.770000457763672,14.770000457763672,14.770000457763672,14.770000457763672,14.770000457763672,1169.0
2024-10-25 14:56:00+00:00,HOLO,3.5950000286102295,3.5950000286102295,3.5980000495910645,3.5950000286102295,3.5980000495910645,746.0
2024-10-25 14:56:00+00:00,HOOD,27.190000534057617,27.190000534057617,27.190000534057617,27.180099487304688,27.190000534057617,6570.0
2024-10-25 14:56:00+00:00,IIIV,22.889999389648438,22.889999389648438,22.889999389648438,22.8700008392334,22.8700008392334,297.0
2024-10-25 14:56:00+00:00,IMMR,8.675000190734863,8.675000190734863,8.675000190734863,8.675000190734863,8.675000190734863,368.0
2024-10-25 14:56:00+00:00,INDI,3.486799955368042,3.486799955368042,3.486799955368042,3.4749999046325684,3.4800000190734863,25545.0
2024-10-25 14:56:00+00:00,INFN,6.760000228881836,6.760000228881836,6.760000228881836,6.760000228881836,6.760000228881836,341.0
2024-10-25 14:56:00+00:00,INOD,20.392499923706055,20.392499923706055,20.392499923706055,20.34000015258789,20.360000610351562,1635.0
2024-10-25 14:56:00+00:00,INTC,22.915000915527344,22.915000915527344,22.920000076293945,22.90999984741211,22.915000915527344,17242.0
2024-10-25 14:56:00+00:00,INTU,608.7200927734375,608.7200927734375,609.010009765625,608.7200927734375,609.010009765625,4904.0
2024-10-25 14:56:00+00:00,IPGP,77.26000213623047,77.26000213623047,77.27999877929688,77.26000213623047,77.27999877929688,335.0
2024-10-25 14:56:00+00:00,ITRI,102.69499969482422,102.69499969482422,102.70999908447266,102.66000366210938,102.66000366210938,4171.0
2024-10-25 14:56:00+00:00,KC,2.684999942779541,2.684999942779541,2.684999942779541,2.684999942779541,2.684999942779541,1641.0
2024-10-25 14:56:00+00:00,KLAC,676.1950073242188,676.1950073242188,676.1950073242188,675.7899780273438,675.7899780273438,3225.0
2024-10-25 14:56:00+00:00,KLIC,44.599998474121094,44.599998474121094,44.599998474121094,44.599998474121094,44.599998474121094,382.0
2024-10-25 14:56:00+00:00,LFUS,254.08999633789062,254.08999633789062,254.08999633789062,254.08999633789062,254.08999633789062,908.0
2024-10-25 14:56:00+00:00,LITE,64.51000213623047,64.51000213623047,64.54000091552734,64.51000213623047,64.54000091552734,486.0
2024-10-25 14:56:00+00:00,LRCX,78.65499877929688,78.65499877929688,78.66500091552734,78.62000274658203,78.6500015258789,25916.0
2024-10-25 14:56:00+00:00,LSCC,54.29999923706055,54.29999923706055,54.29999923706055,54.27949905395508,54.279998779296875,4019.0
2024-10-25 14:56:00+00:00,LTRX,4.09499979019165,4.09499979019165,4.09499979019165,4.09499979019165,4.09499979019165,258.0
2024-10-25 14:56:00+00:00,LUNA,1.8049999475479126,1.8049999475479126,1.8049999475479126,1.8049999475479126,1.8049999475479126,353.0
2024-10-25 14:56:00+00:00,LYFT,13.8149995803833,13.8149995803833,13.8149995803833,13.8149995803833,13.8149995803833,1101.0
2024-10-25 14:56:00+00:00,LYT,1.9299999475479126,1.9299999475479126,1.9299999475479126,1.9299999475479126,1.9299999475479126,261.0
2024-10-25 14:56:00+00:00,MAPS,0.8400999903678894,0.8400999903678894,0.8400999903678894,0.8400999903678894,0.8400999903678894,5377.0
2024-10-25 14:56:00+00:00,MCHP,76.86000061035156,76.86000061035156,76.86000061035156,76.80999755859375,76.83999633789062,7297.0
2024-10-25 14:56:00+00:00,MDB,267.06500244140625,267.06500244140625,267.06500244140625,267.06500244140625,267.06500244140625,245.0
2024-10-25 14:56:00+00:00,MITK,8.755000114440918,8.755000114440918,8.755000114440918,8.755000114440918,8.755000114440918,419.0
2024-10-25 14:56:00+00:00,MKSI,101.26000213623047,101.26000213623047,101.26000213623047,101.14250183105469,101.1500015258789,4256.0
2024-10-25 14:56:00+00:00,MKTW,0.5849999785423279,0.5849999785423279,0.5859000086784363,0.5849999785423279,0.5859000086784363,2606.0
2024-10-25 14:56:00+00:00,MNDY,299.2099914550781,299.2099914550781,299.2099914550781,299.2099914550781,299.2099914550781,432.0
2024-10-25 14:56:00+00:00,MQ,5.304999828338623,5.304999828338623,5.309999942779541,5.304999828338623,5.309999942779541,1555.0
2024-10-25 14:56:00+00:00,MRAM,6.349999904632568,6.349999904632568,6.349999904632568,6.349999904632568,6.349999904632568,239.0
2024-10-25 14:56:00+00:00,MRVL,82.19999694824219,82.19999694824219,82.20999908447266,82.18000030517578,82.20999908447266,5037.0
2024-10-25 14:56:00+00:00,MSFT,428.8450012207031,428.8450012207031,428.8900146484375,428.7900085449219,428.7900085449219,8386.0
2024-10-25 14:56:00+00:00,MSTR,234.7550048828125,234.7550048828125,235.45989990234375,234.44200134277344,235.3699951171875,57733.0
2024-10-25 14:56:00+00:00,MTSI,120.87000274658203,120.87000274658203,121.06999969482422,120.7699966430664,120.79000091552734,5603.0
2024-10-25 14:56:00+00:00,MTTR,4.585000038146973,4.585000038146973,4.585000038146973,4.585000038146973,4.585000038146973,757.0
2024-10-25 14:56:00+00:00,MU,108.58999633789062,108.58999633789062,108.62000274658203,108.58000183105469,108.58999633789062,8857.0
2024-10-25 14:56:00+00:00,MVIS,1.0800000429153442,1.0800000429153442,1.0800000429153442,1.0800000429153442,1.0800000429153442,816.0
2024-10-25 14:56:00+00:00,MXL,14.850000381469727,14.850000381469727,14.850000381469727,14.84000015258789,14.84000015258789,895.0
2024-10-25 14:56:00+00:00,NEON,8.140000343322754,8.140000343322754,8.140000343322754,8.140000343322754,8.140000343322754,663.0
2024-10-25 14:56:00+00:00,NICE,174.77000427246094,174.77000427246094,174.77000427246094,174.77000427246094,174.77000427246094,447.0
2024-10-25 14:56:00+00:00,NTAP,119.87999725341797,119.87999725341797,119.91000366210938,119.87999725341797,119.91000366210938,2030.0
2024-10-25 14:56:00+00:00,NTCT,20.649999618530273,20.649999618530273,20.649999618530273,20.639999389648438,20.649999618530273,1583.0
2024-10-25 14:56:00+00:00,NTNX,62.08000183105469,62.08000183105469,62.119998931884766,62.08000183105469,62.119998931884766,550.0
2024-10-25 14:56:00+00:00,NTWK,3.1303000450134277,3.1303000450134277,3.1303000450134277,3.1303000450134277,3.1303000450134277,4000.0
2024-10-25 14:56:00+00:00,NVDA,142.14410400390625,142.14410400390625,142.14999389648438,142.07000732421875,142.11000061035156,156899.0
2024-10-25 14:56:00+00:00,NVTS,2.5390000343322754,2.5390000343322754,2.5390000343322754,2.5299999713897705,2.5299999713897705,1451.0
2024-10-25 14:56:00+00:00,NXPI,243.9250030517578,243.9250030517578,243.94500732421875,243.88999938964844,243.92999267578125,1320.0
2024-10-25 14:56:00+00:00,ON,71.45500183105469,71.45500183105469,71.47000122070312,71.41999816894531,71.44000244140625,12601.0
2024-10-25 14:56:00+00:00,OSS,2.380000114440918,2.380000114440918,2.3894999027252197,2.380000114440918,2.3894999027252197,1154.0
2024-10-25 14:56:00+00:00,OTEX,33.29010009765625,33.29010009765625,33.29010009765625,33.29010009765625,33.29010009765625,480.0
2024-10-25 14:56:00+00:00,PANW,367.125,367.125,367.125,366.95001220703125,366.95001220703125,2050.0
2024-10-25 14:56:00+00:00,PEGA,78.91999816894531,78.91999816894531,78.98999786376953,78.91999816894531,78.94000244140625,2916.0
2024-10-25 14:56:00+00:00,PGY,11.869999885559082,11.869999885559082,11.869999885559082,11.859999656677246,11.859999656677246,1427.0
2024-10-25 14:56:00+00:00,PHUN,10.614700317382812,10.614700317382812,10.626399993896484,10.600000381469727,10.60159969329834,42174.0
2024-10-25 14:56:00+00:00,PI,202.7550048828125,202.7550048828125,202.7550048828125,202.7550048828125,202.7550048828125,297.0
2024-10-25 14:56:00+00:00,POET,3.864000082015991,3.864000082015991,3.864000082015991,3.859999895095825,3.859999895095825,1321.0
2024-10-25 14:56:00+00:00,POWI,63.56999969482422,63.56999969482422,63.58000183105469,63.56999969482422,63.58000183105469,428.0
2024-10-25 14:56:00+00:00,PYCR,14.319999694824219,14.319999694824219,14.319999694824219,14.3149995803833,14.3149995803833,224.0
2024-10-25 14:56:00+00:00,QCOM,171.25999450683594,171.25999450683594,171.3022003173828,171.25,171.27000427246094,4384.0
2024-10-25 14:56:00+00:00,QLYS,120.56999969482422,120.56999969482422,120.56999969482422,120.56999969482422,120.56999969482422,468.0
2024-10-25 14:56:00+00:00,QRVO,100.0999984741211,100.0999984741211,100.0999984741211,100.06999969482422,100.06999969482422,1785.0
2024-10-25 14:56:00+00:00,RELY,14.850000381469727,14.850000381469727,14.859999656677246,14.850000381469727,14.859999656677246,963.0
2024-10-25 14:56:00+00:00,RGTI,1.2300000190734863,1.2300000190734863,1.23989999294281,1.2300000190734863,1.2350000143051147,43491.0
2024-10-25 14:56:00+00:00,RIOT,9.795000076293945,9.795000076293945,9.8100004196167,9.789999961853027,9.802200317382812,45971.0
2024-10-25 14:56:00+00:00,RMBS,43.40999984741211,43.40999984741211,43.40999984741211,43.40999984741211,43.40999984741211,699.0
2024-10-25 14:56:00+00:00,RMNI,1.7174999713897705,1.7174999713897705,1.7174999713897705,1.7174999713897705,1.7174999713897705,205.0
2024-10-25 14:56:00+00:00,RPAY,7.704999923706055,7.704999923706055,7.704999923706055,7.704999923706055,7.704999923706055,580.0
2024-10-25 14:56:00+00:00,RPD,38.86000061035156,38.86000061035156,38.86000061035156,38.86000061035156,38.86000061035156,429.0
2024-10-25 14:56:00+00:00,RSSS,2.630000114440918,2.630000114440918,2.630000114440918,2.630000114440918,2.630000114440918,200.0
2024-10-25 14:56:00+00:00,RUM,5.765999794006348,5.765999794006348,5.765999794006348,5.764999866485596,5.764999866485596,3005.0
2024-10-25 14:56:00+00:00,RUN,14.420000076293945,14.420000076293945,14.420000076293945,14.399999618530273,14.40999984741211,14050.0
2024-10-25 14:56:00+00:00,SANM,67.6500015258789,67.6500015258789,67.6500015258789,67.6500015258789,67.6500015258789,343.0
2024-10-25 14:56:00+00:00,SATS,25.360000610351562,25.360000610351562,25.360000610351562,25.34000015258789,25.34000015258789,2306.0
2024-10-25 14:56:00+00:00,SCSC,44.779998779296875,44.779998779296875,44.779998779296875,44.779998779296875,44.779998779296875,696.0
2024-10-25 14:56:00+00:00,SEDG,15.774999618530273,15.774999618530273,15.779999732971191,15.75,15.75,4416.0
2024-10-25 14:56:00+00:00,SHLS,5.255000114440918,5.255000114440918,5.255000114440918,5.25,5.25,2068.0
2024-10-25 14:56:00+00:00,SIMO,56.369998931884766,56.369998931884766,56.40999984741211,56.369998931884766,56.40999984741211,913.0
2024-10-25 14:56:00+00:00,SMCI,47.4901008605957,47.4901008605957,47.525001525878906,47.4900016784668,47.525001525878906,26804.0
2024-10-25 14:56:00+00:00,SONO,12.71500015258789,12.71500015258789,12.71500015258789,12.710000038146973,12.710000038146973,1202.0
2024-10-25 14:56:00+00:00,SOUN,5.179999828338623,5.179999828338623,5.190000057220459,5.179999828338623,5.184999942779541,19121.0
2024-10-25 14:56:00+00:00,SPT,26.924999237060547,26.924999237060547,26.924999237060547,26.924999237060547,26.924999237060547,1033.0
2024-10-25 14:56:00+00:00,SSNC,69.7699966430664,69.7699966430664,69.7699966430664,69.76000213623047,69.76000213623047,4969.0
2024-10-25 14:56:00+00:00,STNE,11.552499771118164,11.552499771118164,11.555000305175781,11.552499771118164,11.555000305175781,2365.0
2024-10-25 14:56:00+00:00,STX,103.83000183105469,103.83000183105469,103.83000183105469,103.80000305175781,103.80000305175781,1360.0
2024-10-25 14:56:00+00:00,SURG,1.7400000095367432,1.7400000095367432,1.7400000095367432,1.7350000143051147,1.7350000143051147,1700.0
2024-10-25 14:56:00+00:00,SWKS,95.93000030517578,95.93000030517578,95.95999908447266,95.93000030517578,95.95999908447266,1744.0
2024-10-25 14:56:00+00:00,TASK,11.977999687194824,11.977999687194824,11.977999687194824,11.970000267028809,11.970000267028809,386.0
2024-10-25 14:56:00+00:00,TEAM,189.25999450683594,189.25999450683594,189.25999450683594,189.2301025390625,189.2301025390625,1473.0
2024-10-25 14:56:00+00:00,TENB,41.724998474121094,41.724998474121094,41.724998474121094,41.70000076293945,41.70000076293945,3521.0
2024-10-25 14:56:00+00:00,TER,112.26000213623047,112.26000213623047,112.26000213623047,112.19000244140625,112.2300033569336,5326.0
2024-10-25 14:56:00+00:00,TLS,3.569999933242798,3.569999933242798,3.575000047683716,3.569999933242798,3.569999933242798,915.0
2024-10-25 14:56:00+00:00,TRMB,61.029998779296875,61.029998779296875,61.029998779296875,61.029998779296875,61.029998779296875,261.0
2024-10-25 14:56:00+00:00,TTD,118.92510223388672,118.92510223388672,118.94999694824219,118.92510223388672,118.94999694824219,2127.0
2024-10-25 14:56:00+00:00,TWKS,4.445000171661377,4.445000171661377,4.445000171661377,4.440000057220459,4.440000057220459,625.0
2024-10-25 14:56:00+00:00,TXN,207.7899932861328,207.7899932861328,207.7899932861328,207.75,207.7899932861328,4006.0
2024-10-25 14:56:00+00:00,VECO,29.329999923706055,29.329999923706055,29.329999923706055,29.31999969482422,29.31999969482422,1859.0
2024-10-25 14:56:00+00:00,VERX,42.060001373291016,42.060001373291016,42.08000183105469,42.060001373291016,42.08000183105469,1487.0
2024-10-25 14:56:00+00:00,VIAV,9.204999923706055,9.204999923706055,9.204999923706055,9.199999809265137,9.204999923706055,5480.0
2024-10-25 14:56:00+00:00,VICR,46.65999984741211,46.65999984741211,46.66999816894531,46.65999984741211,46.66999816894531,561.0
2024-10-25 14:56:00+00:00,VNET,3.4049999713897705,3.4049999713897705,3.4049999713897705,3.4000000953674316,3.4000000953674316,400.0
2024-10-25 14:56:00+00:00,VOXX,7.489999771118164,7.489999771118164,7.489999771118164,7.489999771118164,7.489999771118164,1095.0
2024-10-25 14:56:00+00:00,VRNS,56.82500076293945,56.82500076293945,56.83000183105469,56.81999969482422,56.83000183105469,737.0
2024-10-25 14:56:00+00:00,VRNT,21.93600082397461,21.93600082397461,21.950000762939453,21.93600082397461,21.950000762939453,845.0
2024-10-25 14:56:00+00:00,WDAY,238.5,238.5,238.5,238.5,238.5,1567.0
2024-10-25 14:56:00+00:00,WDC,70.16999816894531,70.16999816894531,70.18000030517578,70.1500015258789,70.17500305175781,6124.0
2024-10-25 14:56:00+00:00,WISA,2.0350000858306885,2.0350000858306885,2.0392000675201416,2.0350000858306885,2.0392000675201416,412.0
2024-10-25 14:56:00+00:00,XPER,9.399999618530273,9.399999618530273,9.399999618530273,9.399999618530273,9.399999618530273,2027.0
2024-10-25 14:56:00+00:00,XRX,10.010000228881836,10.010000228881836,10.010000228881836,10.010000228881836,10.010000228881836,328.0
2024-10-25 14:56:00+00:00,ZI,10.494999885559082,10.494999885559082,10.5,10.494999885559082,10.5,1380.0
2024-10-25 14:56:00+00:00,ZM,72.94000244140625,72.94000244140625,72.94000244140625,72.8949966430664,72.9000015258789,2740.0
2024-10-25 14:56:00+00:00,ZS,185.02999877929688,185.02999877929688,185.0399932861328,184.9499969482422,185.0399932861328,1636.0
2024-10-25 14:57:00+00:00,AAPL,232.02000427246094,232.02000427246094,232.0800018310547,231.98599243164062,232.0500946044922,40356.0
2024-10-25 14:57:00+00:00,ACLS,90.23999786376953,90.23999786376953,90.23999786376953,90.23999786376953,90.23999786376953,431.0
2024-10-25 14:57:00+00:00,ACMR,19.670000076293945,19.670000076293945,19.670000076293945,19.670000076293945,19.670000076293945,673.0
2024-10-25 14:57:00+00:00,ADBE,483.3500061035156,483.3500061035156,483.3500061035156,483.3500061035156,483.3500061035156,533.0
2024-10-25 14:57:00+00:00,ADI,231.52000427246094,231.52000427246094,231.52000427246094,231.52000427246094,231.52000427246094,636.0
2024-10-25 14:57:00+00:00,ADSK,286.5899963378906,286.5899963378906,286.5899963378906,286.5899963378906,286.5899963378906,402.0
2024-10-25 14:57:00+00:00,AEHR,16.945199966430664,16.945199966430664,16.950000762939453,16.945199966430664,16.950000762939453,1359.0
2024-10-25 14:57:00+00:00,AEYE,22.700000762939453,22.700000762939453,22.700000762939453,22.700000762939453,22.700000762939453,145.0
2024-10-25 14:57:00+00:00,AFRM,41.275001525878906,41.275001525878906,41.28499984741211,41.2599983215332,41.28499984741211,14590.0
2024-10-25 14:57:00+00:00,AKAM,102.08999633789062,102.08999633789062,102.08999633789062,102.06999969482422,102.06999969482422,815.0
2024-10-25 14:57:00+00:00,AKTS,0.05979999899864197,0.05979999899864197,0.05979999899864197,0.05979999899864197,0.05979999899864197,672.0
2024-10-25 14:57:00+00:00,ALGM,23.149999618530273,23.149999618530273,23.15999984741211,23.1299991607666,23.1299991607666,5930.0
2024-10-25 14:57:00+00:00,ALKT,38.17499923706055,38.17499923706055,38.22999954223633,38.17499923706055,38.220001220703125,2050.0
2024-10-25 14:57:00+00:00,ALRM,54.54999923706055,54.54999923706055,54.56999969482422,54.54999923706055,54.56999969482422,1163.0
2024-10-25 14:57:00+00:00,ALTR,103.96499633789062,103.96499633789062,103.96499633789062,103.7300033569336,103.80000305175781,21851.0
2024-10-25 14:57:00+00:00,AMAT,187.47000122070312,187.47000122070312,187.57000732421875,187.42999267578125,187.57000732421875,4375.0
2024-10-25 14:57:00+00:00,AMBA,58.04999923706055,58.04999923706055,58.04999923706055,58.04999923706055,58.04999923706055,650.0
2024-10-25 14:57:00+00:00,AMD,156.58999633789062,156.58999633789062,156.60000610351562,156.50010681152344,156.55999755859375,34758.0
2024-10-25 14:57:00+00:00,AMKR,30.065000534057617,30.065000534057617,30.065000534057617,30.065000534057617,30.065000534057617,917.0
2024-10-25 14:57:00+00:00,AOSL,36.349998474121094,36.349998474121094,36.349998474121094,36.349998474121094,36.349998474121094,621.0
2024-10-25 14:57:00+00:00,API,2.875,2.875,2.875,2.875,2.875,259.0
2024-10-25 14:57:00+00:00,APP,161.47000122070312,161.47000122070312,161.47000122070312,161.41000366210938,161.41000366210938,1981.0
2024-10-25 14:57:00+00:00,APPF,211.66000366210938,211.66000366210938,211.97999572753906,211.66000366210938,211.97999572753906,1458.0
2024-10-25 14:57:00+00:00,APPN,32.1349983215332,32.1349983215332,32.1349983215332,32.1349983215332,32.1349983215332,200.0
2024-10-25 14:57:00+00:00,ARRY,6.420000076293945,6.420000076293945,6.429999828338623,6.420000076293945,6.420000076293945,1713.0
2024-10-25 14:57:00+00:00,ASML,715.6798706054688,715.6798706054688,715.6798706054688,715.1199951171875,715.1199951171875,1625.0
2024-10-25 14:57:00+00:00,ASTI,2.7298998832702637,2.7298998832702637,2.7300000190734863,2.7298998832702637,2.7300000190734863,7436.0
2024-10-25 14:57:00+00:00,ASYS,5.900000095367432,5.900000095367432,5.900000095367432,5.789999961853027,5.796000003814697,7268.0
2024-10-25 14:57:00+00:00,ATOM,3.309999942779541,3.309999942779541,3.311800003051758,3.309999942779541,3.311800003051758,968.0
2024-10-25 14:57:00+00:00,AUR,6.385000228881836,6.385000228881836,6.394999980926514,6.385000228881836,6.389999866485596,9835.0
2024-10-25 14:57:00+00:00,AVDX,8.140000343322754,8.140000343322754,8.140000343322754,8.130000114440918,8.135000228881836,7784.0
2024-10-25 14:57:00+00:00,AVGO,174.2899932861328,174.2899932861328,174.35000610351562,174.22500610351562,174.30999755859375,58450.0
2024-10-25 14:57:00+00:00,AVNW,20.71500015258789,20.71500015258789,20.71500015258789,20.71500015258789,20.71500015258789,1967.0
2024-10-25 14:57:00+00:00,AVPT,11.904999732971191,11.904999732971191,11.904999732971191,11.904999732971191,11.904999732971191,573.0
2024-10-25 14:57:00+00:00,BAND,17.75,17.75,17.75,17.75,17.75,430.0
2024-10-25 14:57:00+00:00,BIGC,5.299200057983398,5.299200057983398,5.304999828338623,5.295000076293945,5.304999828338623,3282.0
2024-10-25 14:57:00+00:00,BL,56.279998779296875,56.279998779296875,56.279998779296875,56.279998779296875,56.279998779296875,657.0
2024-10-25 14:57:00+00:00,BMBL,7.059999942779541,7.059999942779541,7.065000057220459,7.059999942779541,7.065000057220459,1186.0
2024-10-25 14:57:00+00:00,BRZE,30.719999313354492,30.719999313354492,30.719999313354492,30.719999313354492,30.719999313354492,546.0
2024-10-25 14:57:00+00:00,BSY,49.224998474121094,49.224998474121094,49.224998474121094,49.224998474121094,49.224998474121094,306.0
2024-10-25 14:57:00+00:00,CDNS,258.1300048828125,258.1300048828125,258.19500732421875,258.125,258.19500732421875,3570.0
2024-10-25 14:57:00+00:00,CDW,218.25,218.25,218.25,218.22999572753906,218.22999572753906,970.0
2024-10-25 14:57:00+00:00,CETX,0.3034999966621399,0.3034999966621399,0.3034999966621399,0.3034999966621399,0.3034999966621399,2731.0
2024-10-25 14:57:00+00:00,CGNX,38.900001525878906,38.900001525878906,38.900001525878906,38.88999938964844,38.89500045776367,3024.0
2024-10-25 14:57:00+00:00,CLSK,11.679900169372559,11.679900169372559,11.699700355529785,11.670000076293945,11.694999694824219,66762.0
2024-10-25 14:57:00+00:00,CMTL,3.7799999713897705,3.7799999713897705,3.7799999713897705,3.7799999713897705,3.7799999713897705,32833.0
2024-10-25 14:57:00+00:00,CNXN,70.11000061035156,70.11000061035156,70.11000061035156,70.11000061035156,70.11000061035156,359.0
2024-10-25 14:57:00+00:00,COHR,95.76000213623047,95.76000213623047,95.76000213623047,95.66000366210938,95.68000030517578,7059.0
2024-10-25 14:57:00+00:00,COHU,26.059999465942383,26.059999465942383,26.059999465942383,26.059999465942383,26.059999465942383,725.0
2024-10-25 14:57:00+00:00,COIN,207.24000549316406,207.24000549316406,207.3800048828125,207.1840057373047,207.1840057373047,4995.0
2024-10-25 14:57:00+00:00,COMM,6.239999771118164,6.239999771118164,6.239999771118164,6.239999771118164,6.239999771118164,105.0
2024-10-25 14:57:00+00:00,CORZ,13.390000343322754,13.390000343322754,13.390000343322754,13.383999824523926,13.383999824523926,3758.0
2024-10-25 14:57:00+00:00,CRDO,39.148399353027344,39.148399353027344,39.16999816894531,39.13999938964844,39.16999816894531,1082.0
2024-10-25 14:57:00+00:00,CRNT,2.470099925994873,2.470099925994873,2.470099925994873,2.470099925994873,2.470099925994873,246.0
2024-10-25 14:57:00+00:00,CRSR,6.334700107574463,6.334700107574463,6.334700107574463,6.334700107574463,6.334700107574463,159.0
2024-10-25 14:57:00+00:00,CRUS,122.4800033569336,122.4800033569336,122.54499816894531,122.4800033569336,122.54499816894531,1639.0
2024-10-25 14:57:00+00:00,CRWD,297.7380065917969,297.7380065917969,298.4599914550781,297.6184997558594,298.20001220703125,10658.0
2024-10-25 14:57:00+00:00,CSCO,55.769798278808594,55.769798278808594,55.77000045776367,55.75170135498047,55.76499938964844,13947.0
2024-10-25 14:57:00+00:00,CSGS,47.52000045776367,47.52000045776367,47.52000045776367,47.52000045776367,47.52000045776367,138.0
2024-10-25 14:57:00+00:00,CSIQ,13.369999885559082,13.369999885559082,13.369999885559082,13.350000381469727,13.350000381469727,2296.0
2024-10-25 14:57:00+00:00,CTSH,74.73999786376953,74.73999786376953,74.76000213623047,74.73999786376953,74.75,2012.0
2024-10-25 14:57:00+00:00,CVLT,134.35499572753906,134.35499572753906,134.36000061035156,134.2899932861328,134.36000061035156,829.0
2024-10-25 14:57:00+00:00,DAKT,13.09000015258789,13.09000015258789,13.09000015258789,13.085000038146973,13.085000038146973,521.0
2024-10-25 14:57:00+00:00,DBX,26.075000762939453,26.075000762939453,26.079999923706055,26.075000762939453,26.079999923706055,1251.0
2024-10-25 14:57:00+00:00,DDOG,126.16999816894531,126.16999816894531,126.22000122070312,126.16999816894531,126.22000122070312,2912.0
2024-10-25 14:57:00+00:00,DOCU,69.06999969482422,69.06999969482422,69.16000366210938,69.05000305175781,69.08999633789062,12387.0
2024-10-25 14:57:00+00:00,DOMO,8.079999923706055,8.079999923706055,8.079999923706055,8.079999923706055,8.079999923706055,1244.0
2024-10-25 14:57:00+00:00,DUOL,291.35400390625,291.35400390625,291.7774963378906,291.2200012207031,291.7200012207031,4082.0
2024-10-25 14:57:00+00:00,DUOT,4.11899995803833,4.11899995803833,4.119999885559082,4.090000152587891,4.119900226593018,4021.0
2024-10-25 14:57:00+00:00,ENPH,83.54000091552734,83.54000091552734,83.6050033569336,83.51010131835938,83.59300231933594,6587.0
2024-10-25 14:57:00+00:00,ENTG,105.09500122070312,105.09500122070312,105.31999969482422,105.0,105.31999969482422,13802.0
2024-10-25 14:57:00+00:00,ERIC,8.454999923706055,8.454999923706055,8.454999923706055,8.45009994506836,8.454999923706055,11817.0
2024-10-25 14:57:00+00:00,EXFY,1.7285000085830688,1.7285000085830688,1.7285000085830688,1.7285000085830688,1.7285000085830688,45.0
2024-10-25 14:57:00+00:00,EXLS,38.72999954223633,38.72999954223633,38.77000045776367,38.72999954223633,38.7599983215332,7740.0
2024-10-25 14:57:00+00:00,EXTR,14.375,14.375,14.375,14.375,14.375,279.0
2024-10-25 14:57:00+00:00,FFIV,216.44000244140625,216.44000244140625,216.44000244140625,216.42999267578125,216.42999267578125,440.0
2024-10-25 14:57:00+00:00,FIVN,29.8700008392334,29.8700008392334,29.8700008392334,29.8700008392334,29.8700008392334,172.0
2024-10-25 14:57:00+00:00,FLEX,35.25,35.25,35.2599983215332,35.25,35.2599983215332,2996.0
2024-10-25 14:57:00+00:00,FLYW,17.290000915527344,17.290000915527344,17.299999237060547,17.260000228881836,17.299999237060547,3966.0
2024-10-25 14:57:00+00:00,FROG,29.31999969482422,29.31999969482422,29.31999969482422,29.280000686645508,29.290000915527344,7105.0
2024-10-25 14:57:00+00:00,FRSH,11.625,11.625,11.625,11.625,11.625,1949.0
2024-10-25 14:57:00+00:00,FSLR,198.25,198.25,198.32000732421875,198.22000122070312,198.32000732421875,1089.0
2024-10-25 14:57:00+00:00,FTCI,0.652999997138977,0.652999997138977,0.652999997138977,0.652999997138977,0.652999997138977,316.0
2024-10-25 14:57:00+00:00,FTNT,80.51249694824219,80.51249694824219,80.51249694824219,80.4800033569336,80.48999786376953,7609.0
2024-10-25 14:57:00+00:00,GCT,24.540000915527344,24.540000915527344,24.568300247192383,24.540000915527344,24.568300247192383,715.0
2024-10-25 14:57:00+00:00,GDS,21.325000762939453,21.325000762939453,21.34000015258789,21.325000762939453,21.34000015258789,923.0
2024-10-25 14:57:00+00:00,GDYN,15.609999656677246,15.609999656677246,15.609999656677246,15.609999656677246,15.609999656677246,1448.0
2024-10-25 14:57:00+00:00,GFS,40.57500076293945,40.57500076293945,40.60499954223633,40.57500076293945,40.599998474121094,2335.0
2024-10-25 14:57:00+00:00,GILT,4.940000057220459,4.940000057220459,4.940000057220459,4.940000057220459,4.940000057220459,729.0
2024-10-25 14:57:00+00:00,GRAB,4.09499979019165,4.09499979019165,4.09499979019165,4.090000152587891,4.09499979019165,8805.0
2024-10-25 14:57:00+00:00,GRRR,4.46999979019165,4.46999979019165,4.478000164031982,4.46999979019165,4.478000164031982,593.0
2024-10-25 14:57:00+00:00,GTLB,55.04999923706055,55.04999923706055,55.04999923706055,55.04999923706055,55.04999923706055,424.0
2024-10-25 14:57:00+00:00,HCKT,24.673999786376953,24.673999786376953,24.673999786376953,24.673999786376953,24.673999786376953,654.0
2024-10-25 14:57:00+00:00,HCP,33.654998779296875,33.654998779296875,33.654998779296875,33.650001525878906,33.654998779296875,1425.0
2024-10-25 14:57:00+00:00,HLIT,14.760000228881836,14.760000228881836,14.760000228881836,14.760000228881836,14.760000228881836,1487.0
2024-10-25 14:57:00+00:00,HOLO,3.597899913787842,3.597899913787842,3.597899913787842,3.597899913787842,3.597899913787842,176.0
2024-10-25 14:57:00+00:00,HOOD,27.172100067138672,27.172100067138672,27.190000534057617,27.172100067138672,27.190000534057617,7277.0
2024-10-25 14:57:00+00:00,ICHR,27.549999237060547,27.549999237060547,27.549999237060547,27.549999237060547,27.549999237060547,203.0
2024-10-25 14:57:00+00:00,III,3.055000066757202,3.055000066757202,3.055000066757202,3.055000066757202,3.055000066757202,1471.0
2024-10-25 14:57:00+00:00,IMMR,8.670000076293945,8.670000076293945,8.678999900817871,8.670000076293945,8.675000190734863,3369.0
2024-10-25 14:57:00+00:00,INDI,3.4800000190734863,3.4800000190734863,3.484999895095825,3.4800000190734863,3.484999895095825,799.0
2024-10-25 14:57:00+00:00,INOD,20.354999542236328,20.354999542236328,20.354999542236328,20.354999542236328,20.354999542236328,342.0
2024-10-25 14:57:00+00:00,INTC,22.920000076293945,22.920000076293945,22.920000076293945,22.905000686645508,22.915000915527344,28046.0
2024-10-25 14:57:00+00:00,INTU,609.010009765625,609.010009765625,609.010009765625,609.010009765625,609.010009765625,446.0
2024-10-25 14:57:00+00:00,JAMF,16.780000686645508,16.780000686645508,16.780000686645508,16.780000686645508,16.780000686645508,1351.0
2024-10-25 14:57:00+00:00,JKHY,182.875,182.875,182.875,182.875,182.875,772.0
2024-10-25 14:57:00+00:00,KC,2.684999942779541,2.684999942779541,2.684999942779541,2.680000066757202,2.684999942779541,909.0
2024-10-25 14:57:00+00:00,KLAC,675.6749877929688,675.6749877929688,675.8499755859375,675.6749877929688,675.75,1666.0
2024-10-25 14:57:00+00:00,KLIC,44.6150016784668,44.6150016784668,44.6150016784668,44.6150016784668,44.6150016784668,415.0
2024-10-25 14:57:00+00:00,KVHI,4.650000095367432,4.650000095367432,4.650000095367432,4.650000095367432,4.650000095367432,227.0
2024-10-25 14:57:00+00:00,LASR,10.390000343322754,10.390000343322754,10.390000343322754,10.390000343322754,10.390000343322754,487.0
2024-10-25 14:57:00+00:00,LITE,64.55500030517578,64.55500030517578,64.55999755859375,64.54499816894531,64.55999755859375,733.0
2024-10-25 14:57:00+00:00,LPSN,1.1749999523162842,1.1749999523162842,1.1749999523162842,1.1749999523162842,1.1749999523162842,555.0
2024-10-25 14:57:00+00:00,LRCX,78.61000061035156,78.61000061035156,78.66000366210938,78.5999984741211,78.66000366210938,14730.0
2024-10-25 14:57:00+00:00,LSAK,5.300000190734863,5.300000190734863,5.300000190734863,5.300000190734863,5.300000190734863,2299.0
2024-10-25 14:57:00+00:00,LSCC,54.27000045776367,54.27000045776367,54.310001373291016,54.27000045776367,54.310001373291016,2800.0
2024-10-25 14:57:00+00:00,LTRX,4.090000152587891,4.090000152587891,4.09499979019165,4.090000152587891,4.09499979019165,454.0
2024-10-25 14:57:00+00:00,LYFT,13.8100004196167,13.8100004196167,13.819999694824219,13.8100004196167,13.815299987792969,9008.0
2024-10-25 14:57:00+00:00,LYT,1.9200999736785889,1.9200999736785889,1.9299999475479126,1.9200999736785889,1.9299999475479126,839.0
2024-10-25 14:57:00+00:00,MANH,275.7875061035156,275.7875061035156,275.8599853515625,275.7875061035156,275.8599853515625,512.0
2024-10-25 14:57:00+00:00,MAPS,0.8399999737739563,0.8399999737739563,0.8399999737739563,0.8399999737739563,0.8399999737739563,525.0
2024-10-25 14:57:00+00:00,MAXN,5.78000020980835,5.78000020980835,5.78000020980835,5.78000020980835,5.78000020980835,1431.0
2024-10-25 14:57:00+00:00,MCHP,76.8499984741211,76.8499984741211,76.86990356445312,76.83999633789062,76.86990356445312,5422.0
2024-10-25 14:57:00+00:00,MDB,267.0924987792969,267.0924987792969,267.1050109863281,267.0924987792969,267.1050109863281,1004.0
2024-10-25 14:57:00+00:00,MNDY,298.8999938964844,298.8999938964844,299.1000061035156,298.8500061035156,298.8901062011719,1841.0
2024-10-25 14:57:00+00:00,MPWR,910.3099975585938,910.3099975585938,911.0,910.3099975585938,910.8499755859375,15377.0
2024-10-25 14:57:00+00:00,MQ,5.302499771118164,5.302499771118164,5.304999828338623,5.302499771118164,5.304999828338623,5748.0
2024-10-25 14:57:00+00:00,MRVL,82.18000030517578,82.18000030517578,82.22000122070312,82.16999816894531,82.20999908447266,6961.0
2024-10-25 14:57:00+00:00,MSFT,428.7200012207031,428.7200012207031,428.8450012207031,428.70001220703125,428.8450012207031,11676.0
2024-10-25 14:57:00+00:00,MSTR,234.5301055908203,234.5301055908203,235.3000030517578,234.51699829101562,234.92999267578125,27054.0
2024-10-25 14:57:00+00:00,MTLS,5.940000057220459,5.940000057220459,5.940000057220459,5.925000190734863,5.925000190734863,268.0
2024-10-25 14:57:00+00:00,MTSI,120.93000030517578,120.93000030517578,121.06999969482422,120.93000030517578,121.06999969482422,3067.0
2024-10-25 14:57:00+00:00,MTTR,4.585000038146973,4.585000038146973,4.585000038146973,4.585000038146973,4.585000038146973,404.0
2024-10-25 14:57:00+00:00,MU,108.51000213623047,108.51000213623047,108.58930206298828,108.51000213623047,108.58000183105469,20364.0
2024-10-25 14:57:00+00:00,MVIS,1.0800000429153442,1.0800000429153442,1.0800000429153442,1.0800000429153442,1.0800000429153442,930.0
2024-10-25 14:57:00+00:00,MXL,14.84000015258789,14.84000015258789,14.84000015258789,14.835000038146973,14.84000015258789,2084.0
2024-10-25 14:57:00+00:00,NCNO,37.66999816894531,37.66999816894531,37.6703987121582,37.66999816894531,37.6703987121582,892.0
2024-10-25 14:57:00+00:00,NICE,174.74000549316406,174.74000549316406,174.74000549316406,174.63999938964844,174.63999938964844,261.0
2024-10-25 14:57:00+00:00,NNDM,2.325000047683716,2.325000047683716,2.325000047683716,2.325000047683716,2.325000047683716,1612.0
2024-10-25 14:57:00+00:00,NSIT,208.60499572753906,208.60499572753906,208.60499572753906,208.60499572753906,208.60499572753906,814.0
2024-10-25 14:57:00+00:00,NTAP,119.8499984741211,119.8499984741211,119.8499984741211,119.8499984741211,119.8499984741211,745.0
2024-10-25 14:57:00+00:00,NTCT,20.614999771118164,20.614999771118164,20.614999771118164,20.614999771118164,20.614999771118164,371.0
2024-10-25 14:57:00+00:00,NTNX,62.08000183105469,62.08000183105469,62.09000015258789,62.08000183105469,62.09000015258789,617.0
2024-10-25 14:57:00+00:00,NVDA,142.00999450683594,142.00999450683594,142.15989685058594,141.97239685058594,142.14999389648438,290626.0
2024-10-25 14:57:00+00:00,NVEC,76.2699966430664,76.2699966430664,76.2699966430664,76.2699966430664,76.2699966430664,606.0
2024-10-25 14:57:00+00:00,NXPI,243.97999572753906,243.97999572753906,244.02999877929688,243.91000366210938,243.92999267578125,8947.0
2024-10-25 14:57:00+00:00,OKTA,72.20999908447266,72.20999908447266,72.2300033569336,72.19010162353516,72.2300033569336,944.0
2024-10-25 14:57:00+00:00,OLED,202.97500610351562,202.97500610351562,203.2100067138672,202.97500610351562,203.2100067138672,3251.0
2024-10-25 14:57:00+00:00,ON,71.44999694824219,71.44999694824219,71.4800033569336,71.44000244140625,71.45999908447266,9635.0
2024-10-25 14:57:00+00:00,PANW,366.8999938964844,366.8999938964844,366.8999938964844,366.8999938964844,366.8999938964844,404.0
2024-10-25 14:57:00+00:00,PAYO,8.319999694824219,8.319999694824219,8.319999694824219,8.319999694824219,8.319999694824219,1193.0
2024-10-25 14:57:00+00:00,PEGA,78.86000061035156,78.86000061035156,78.91500091552734,78.86000061035156,78.91500091552734,1696.0
2024-10-25 14:57:00+00:00,PGY,11.854999542236328,11.854999542236328,11.859999656677246,11.854999542236328,11.859999656677246,458.0
2024-10-25 14:57:00+00:00,PHUN,10.59000015258789,10.59000015258789,10.619999885559082,10.583399772644043,10.619999885559082,17605.0
2024-10-25 14:57:00+00:00,PI,202.6999969482422,202.6999969482422,202.6999969482422,202.6999969482422,202.6999969482422,620.0
2024-10-25 14:57:00+00:00,PLAB,23.670000076293945,23.670000076293945,23.670000076293945,23.670000076293945,23.670000076293945,113.0
2024-10-25 14:57:00+00:00,PLXS,142.0,142.0,142.0,142.0,142.0,593.0
2024-10-25 14:57:00+00:00,POET,3.8596999645233154,3.8596999645233154,3.859999895095825,3.8596999645233154,3.859999895095825,1430.0
2024-10-25 14:57:00+00:00,POWI,63.540000915527344,63.540000915527344,63.540000915527344,63.540000915527344,63.540000915527344,1054.0
2024-10-25 14:57:00+00:00,PRCH,1.3049999475479126,1.3049999475479126,1.3049999475479126,1.3049999475479126,1.3049999475479126,202.0
2024-10-25 14:57:00+00:00,PTC,187.24000549316406,187.24000549316406,187.24000549316406,187.16000366210938,187.1649932861328,789.0
2024-10-25 14:57:00+00:00,PYCR,14.329999923706055,14.329999923706055,14.329999923706055,14.3100004196167,14.3100004196167,2892.0
2024-10-25 14:57:00+00:00,QCOM,171.17999267578125,171.17999267578125,171.2696075439453,171.1699981689453,171.2696075439453,4187.0
2024-10-25 14:57:00+00:00,QRVO,100.13999938964844,100.13999938964844,100.13999938964844,100.13999938964844,100.13999938964844,1195.0
2024-10-25 14:57:00+00:00,RCAT,2.755000114440918,2.755000114440918,2.755000114440918,2.755000114440918,2.755000114440918,207.0
2024-10-25 14:57:00+00:00,RDWR,22.309999465942383,22.309999465942383,22.309999465942383,22.290000915527344,22.290000915527344,436.0
2024-10-25 14:57:00+00:00,REKR,1.090000033378601,1.090000033378601,1.090000033378601,1.0801000595092773,1.090000033378601,7475.0
2024-10-25 14:57:00+00:00,RELY,14.850000381469727,14.850000381469727,14.850000381469727,14.850000381469727,14.850000381469727,880.0
2024-10-25 14:57:00+00:00,RGTI,1.2350000143051147,1.2350000143051147,1.2350000143051147,1.2350000143051147,1.2350000143051147,502.0
2024-10-25 14:57:00+00:00,RIOT,9.784000396728516,9.784000396728516,9.796699523925781,9.780099868774414,9.795000076293945,30053.0
2024-10-25 14:57:00+00:00,RMBS,43.44499969482422,43.44499969482422,43.450801849365234,43.439998626708984,43.439998626708984,2665.0
2024-10-25 14:57:00+00:00,RMNI,1.715000033378601,1.715000033378601,1.7200000286102295,1.715000033378601,1.7200000286102295,1170.0
2024-10-25 14:57:00+00:00,RPAY,7.704999923706055,7.704999923706055,7.704999923706055,7.704999923706055,7.704999923706055,761.0
2024-10-25 14:57:00+00:00,RPD,38.900001525878906,38.900001525878906,38.900001525878906,38.900001525878906,38.900001525878906,571.0
2024-10-25 14:57:00+00:00,RSSS,2.630000114440918,2.630000114440918,2.630000114440918,2.630000114440918,2.630000114440918,2055.0
2024-10-25 14:57:00+00:00,RUM,5.78000020980835,5.78000020980835,5.78000020980835,5.7600998878479,5.7600998878479,1671.0
2024-10-25 14:57:00+00:00,RUN,14.406200408935547,14.406200408935547,14.420000076293945,14.399999618530273,14.410099983215332,28176.0
2024-10-25 14:57:00+00:00,SANM,67.62000274658203,67.62000274658203,67.62000274658203,67.61000061035156,67.62000274658203,1017.0
2024-10-25 14:57:00+00:00,SEDG,15.779999732971191,15.779999732971191,15.779999732971191,15.75,15.779999732971191,6760.0
2024-10-25 14:57:00+00:00,SHLS,5.255000114440918,5.255000114440918,5.255000114440918,5.25,5.25,1903.0
2024-10-25 14:57:00+00:00,SIMO,56.380001068115234,56.380001068115234,56.380001068115234,56.375,56.375,682.0
2024-10-25 14:57:00+00:00,SITM,179.13999938964844,179.13999938964844,179.3699951171875,179.13999938964844,179.3699951171875,648.0
2024-10-25 14:57:00+00:00,SKYT,10.550000190734863,10.550000190734863,10.550000190734863,10.550000190734863,10.550000190734863,1016.0
2024-10-25 14:57:00+00:00,SMCI,47.47999954223633,47.47999954223633,47.5099983215332,47.459999084472656,47.50199890136719,37391.0
2024-10-25 14:57:00+00:00,SMTC,45.72999954223633,45.72999954223633,45.75,45.72999954223633,45.75,1654.0
2024-10-25 14:57:00+00:00,SNPS,502.6199951171875,502.6199951171875,503.3500061035156,502.6199951171875,503.3500061035156,1317.0
2024-10-25 14:57:00+00:00,SONO,12.704999923706055,12.704999923706055,12.710000038146973,12.704999923706055,12.710000038146973,3101.0
2024-10-25 14:57:00+00:00,SOUN,5.175000190734863,5.175000190734863,5.1809000968933105,5.170000076293945,5.1809000968933105,10452.0
2024-10-25 14:57:00+00:00,SPNS,36.564998626708984,36.564998626708984,36.564998626708984,36.529998779296875,36.529998779296875,1122.0
2024-10-25 14:57:00+00:00,SRAD,12.375,12.375,12.375,12.375,12.375,1173.0
2024-10-25 14:57:00+00:00,SSNC,69.7699966430664,69.7699966430664,69.7699966430664,69.75,69.7699966430664,3396.0
2024-10-25 14:57:00+00:00,SSYS,7.046000003814697,7.046000003814697,7.046000003814697,7.045000076293945,7.045000076293945,371.0
2024-10-25 14:57:00+00:00,STNE,11.557000160217285,11.557000160217285,11.557000160217285,11.553999900817871,11.553999900817871,2682.0
2024-10-25 14:57:00+00:00,STX,103.79000091552734,103.79000091552734,103.82499694824219,103.76100158691406,103.82499694824219,4032.0
2024-10-25 14:57:00+00:00,SURG,1.7400000095367432,1.7400000095367432,1.7400000095367432,1.7400000095367432,1.7400000095367432,114.0
2024-10-25 14:57:00+00:00,SWKS,95.94000244140625,95.94000244140625,95.9800033569336,95.94000244140625,95.94499969482422,1689.0
2024-10-25 14:57:00+00:00,TER,112.19999694824219,112.19999694824219,112.30000305175781,112.19999694824219,112.2699966430664,9540.0
2024-10-25 14:57:00+00:00,TRMB,61.02000045776367,61.02000045776367,61.02000045776367,61.02000045776367,61.02000045776367,524.0
2024-10-25 14:57:00+00:00,TROO,2.1201000213623047,2.1201000213623047,2.2049999237060547,2.1201000213623047,2.2049999237060547,0.0
2024-10-25 14:57:00+00:00,TTD,118.9800033569336,118.9800033569336,118.9800033569336,118.9000015258789,118.93000030517578,4721.0
2024-10-25 14:57:00+00:00,TTMI,19.639999389648438,19.639999389648438,19.639999389648438,19.639999389648438,19.639999389648438,1074.0
2024-10-25 14:57:00+00:00,TWKS,4.440000057220459,4.440000057220459,4.445000171661377,4.440000057220459,4.440000057220459,3361.0
2024-10-25 14:57:00+00:00,TXN,207.8350067138672,207.8350067138672,207.8800048828125,207.8000030517578,207.8300018310547,4528.0
2024-10-25 14:57:00+00:00,UCTT,35.79999923706055,35.79999923706055,35.79999923706055,35.78499984741211,35.78499984741211,1743.0
2024-10-25 14:57:00+00:00,VECO,29.334999084472656,29.334999084472656,29.334999084472656,29.329999923706055,29.329999923706055,2036.0
2024-10-25 14:57:00+00:00,VERX,41.970001220703125,41.970001220703125,42.02989959716797,41.970001220703125,42.02989959716797,527.0
2024-10-25 14:57:00+00:00,VIAV,9.194999694824219,9.194999694824219,9.199999809265137,9.194999694824219,9.199999809265137,1470.0
2024-10-25 14:57:00+00:00,VICR,46.630001068115234,46.630001068115234,46.650001525878906,46.630001068115234,46.650001525878906,936.0
2024-10-25 14:57:00+00:00,VMEO,4.75,4.75,4.755000114440918,4.75,4.755000114440918,724.0
2024-10-25 14:57:00+00:00,VNET,3.4049999713897705,3.4049999713897705,3.4049999713897705,3.4049999713897705,3.4049999713897705,820.0
2024-10-25 14:57:00+00:00,VOXX,7.52269983291626,7.52269983291626,7.52269983291626,7.52269983291626,7.52269983291626,978.0
2024-10-25 14:57:00+00:00,VRNS,56.83000183105469,56.83000183105469,56.83000183105469,56.79999923706055,56.82500076293945,890.0
2024-10-25 14:57:00+00:00,VRNT,21.924999237060547,21.924999237060547,21.940000534057617,21.924999237060547,21.940000534057617,1330.0
2024-10-25 14:57:00+00:00,VRSN,183.25,183.25,183.25,183.00999450683594,183.07000732421875,3402.0
2024-10-25 14:57:00+00:00,VSAT,10.170000076293945,10.170000076293945,10.170000076293945,10.170000076293945,10.170000076293945,921.0
2024-10-25 14:57:00+00:00,VUZI,1.2899999618530273,1.2899999618530273,1.2992000579833984,1.2899999618530273,1.2992000579833984,1472.0
2024-10-25 14:57:00+00:00,WDAY,238.53500366210938,238.53500366210938,238.53500366210938,238.53500366210938,238.53500366210938,644.0
2024-10-25 14:57:00+00:00,WDC,70.08999633789062,70.08999633789062,70.16000366210938,70.08999633789062,70.16000366210938,6716.0
2024-10-25 14:57:00+00:00,WISA,2.0450000762939453,2.0450000762939453,2.0450000762939453,2.0350000858306885,2.0385000705718994,3266.0
2024-10-25 14:57:00+00:00,WIX,164.8800048828125,164.8800048828125,164.8800048828125,164.8800048828125,164.8800048828125,900.0
2024-10-25 14:57:00+00:00,XRX,10.010000228881836,10.010000228881836,10.010000228881836,10.010000228881836,10.010000228881836,745.0
2024-10-25 14:57:00+00:00,ZBRA,361.2200012207031,361.2200012207031,361.2200012207031,361.2200012207031,361.2200012207031,697.0
2024-10-25 14:57:00+00:00,ZI,10.494999885559082,10.494999885559082,10.494999885559082,10.494999885559082,10.494999885559082,1888.0
2024-10-25 14:57:00+00:00,ZM,72.92500305175781,72.92500305175781,72.94000244140625,72.92500305175781,72.93080139160156,5421.0
2024-10-25 14:57:00+00:00,ZS,184.86500549316406,184.86500549316406,184.97000122070312,184.81500244140625,184.97000122070312,1867.0
2024-10-25 14:58:00+00:00,AAOI,17.68000030517578,17.68000030517578,17.739999771118164,17.68000030517578,17.719999313354492,6934.0
2024-10-25 14:58:00+00:00,AAPL,232.093994140625,232.093994140625,232.11000061035156,232.02999877929688,232.05999755859375,24907.0
2024-10-25 14:58:00+00:00,ACMR,19.65999984741211,19.65999984741211,19.65999984741211,19.65999984741211,19.65999984741211,729.0
2024-10-25 14:58:00+00:00,ADBE,483.364990234375,483.364990234375,483.3800048828125,483.2950134277344,483.3399963378906,2284.0
2024-10-25 14:58:00+00:00,ADI,231.6300048828125,231.6300048828125,231.6300048828125,231.6300048828125,231.6300048828125,874.0
2024-10-25 14:58:00+00:00,ADSK,286.82000732421875,286.82000732421875,286.82000732421875,286.67999267578125,286.67999267578125,1822.0
2024-10-25 14:58:00+00:00,ADTN,6.269999980926514,6.269999980926514,6.269999980926514,6.269999980926514,6.269999980926514,1518.0
2024-10-25 14:58:00+00:00,AEHR,17.0,17.0,17.0,16.950000762939453,16.950000762939453,2770.0
2024-10-25 14:58:00+00:00,AEYE,22.700000762939453,22.700000762939453,22.709999084472656,22.700000762939453,22.700000762939453,1450.0
2024-10-25 14:58:00+00:00,AFRM,41.2400016784668,41.2400016784668,41.290000915527344,41.22999954223633,41.275001525878906,21375.0
2024-10-25 14:58:00+00:00,AIRG,9.290599822998047,9.290599822998047,9.290599822998047,9.290599822998047,9.290599822998047,468.0
2024-10-25 14:58:00+00:00,AKAM,102.11000061035156,102.11000061035156,102.11000061035156,102.11000061035156,102.11000061035156,917.0
2024-10-25 14:58:00+00:00,AKTS,0.05979999899864197,0.05979999899864197,0.05979999899864197,0.05979999899864197,0.05979999899864197,3880.0
2024-10-25 14:58:00+00:00,ALGM,23.149999618530273,23.149999618530273,23.15999984741211,23.149999618530273,23.15999984741211,4479.0
2024-10-25 14:58:00+00:00,ALKT,38.13999938964844,38.13999938964844,38.17499923706055,38.13999938964844,38.13999938964844,483.0
2024-10-25 14:58:00+00:00,ALTR,103.94999694824219,103.94999694824219,103.98500061035156,103.94999694824219,103.98500061035156,958.0
2024-10-25 14:58:00+00:00,AMAT,187.4506072998047,187.4506072998047,187.5500030517578,187.4506072998047,187.47000122070312,2466.0
2024-10-25 14:58:00+00:00,AMD,156.64500427246094,156.64500427246094,156.64999389648438,156.52999877929688,156.5800018310547,33867.0
2024-10-25 14:58:00+00:00,AMKR,30.084999084472656,30.084999084472656,30.084999084472656,30.06999969482422,30.06999969482422,1710.0
2024-10-25 14:58:00+00:00,ANY,1.0499999523162842,1.0499999523162842,1.0499999523162842,1.0499999523162842,1.0499999523162842,1611.0
2024-10-25 14:58:00+00:00,API,2.875,2.875,2.875,2.875,2.875,503.0
2024-10-25 14:58:00+00:00,APP,161.5,161.5,161.5500030517578,161.47000122070312,161.47000122070312,725.0
2024-10-25 14:58:00+00:00,APPF,212.2100067138672,212.2100067138672,212.25999450683594,211.9600067138672,211.9600067138672,2731.0
2024-10-25 14:58:00+00:00,APPN,32.150001525878906,32.150001525878906,32.150001525878906,32.119998931884766,32.119998931884766,1694.0
2024-10-25 14:58:00+00:00,ARRY,6.425000190734863,6.425000190734863,6.429999828338623,6.420000076293945,6.420000076293945,11456.0
2024-10-25 14:58:00+00:00,ASML,715.2550048828125,715.2550048828125,715.2550048828125,715.2550048828125,715.2550048828125,692.0
2024-10-25 14:58:00+00:00,ASNS,1.3049999475479126,1.3049999475479126,1.3049999475479126,1.3000999689102173,1.3000999689102173,408.0
2024-10-25 14:58:00+00:00,ASUR,9.625,9.625,9.625,9.625,9.625,150.0
2024-10-25 14:58:00+00:00,AUR,6.385000228881836,6.385000228881836,6.385000228881836,6.380000114440918,6.385000228881836,3890.0
2024-10-25 14:58:00+00:00,AVDX,8.140000343322754,8.140000343322754,8.154999732971191,8.140000343322754,8.140000343322754,5394.0
2024-10-25 14:58:00+00:00,AVGO,174.3699951171875,174.3699951171875,174.37899780273438,174.2790985107422,174.2949981689453,8441.0
2024-10-25 14:58:00+00:00,AVT,54.11000061035156,54.11000061035156,54.11000061035156,54.08000183105469,54.08000183105469,1853.0
2024-10-25 14:58:00+00:00,BIGC,5.295000076293945,5.295000076293945,5.295000076293945,5.295000076293945,5.295000076293945,1010.0
2024-10-25 14:58:00+00:00,BLKB,85.94000244140625,85.94000244140625,85.94000244140625,85.94000244140625,85.94000244140625,311.0
2024-10-25 14:58:00+00:00,BLZE,7.190000057220459,7.190000057220459,7.190000057220459,7.190000057220459,7.190000057220459,608.0
2024-10-25 14:58:00+00:00,BMBL,7.065000057220459,7.065000057220459,7.070000171661377,7.059999942779541,7.065000057220459,4231.0
2024-10-25 14:58:00+00:00,BSY,49.22999954223633,49.22999954223633,49.22999954223633,49.22999954223633,49.22999954223633,326.0
2024-10-25 14:58:00+00:00,CAN,0.975600004196167,0.975600004196167,0.975600004196167,0.975600004196167,0.975600004196167,870.0
2024-10-25 14:58:00+00:00,CCSI,20.030000686645508,20.030000686645508,20.030000686645508,20.030000686645508,20.030000686645508,258.0
2024-10-25 14:58:00+00:00,CDNS,258.2300109863281,258.2300109863281,258.239990234375,258.20001220703125,258.20001220703125,1281.0
2024-10-25 14:58:00+00:00,CDW,218.11000061035156,218.11000061035156,218.14999389648438,218.11000061035156,218.14999389648438,1117.0
2024-10-25 14:58:00+00:00,CETX,0.3037000000476837,0.3037000000476837,0.3037000000476837,0.3037000000476837,0.3037000000476837,602.0
2024-10-25 14:58:00+00:00,CFLT,22.55500030517578,22.55500030517578,22.565000534057617,22.549999237060547,22.55500030517578,7339.0
2024-10-25 14:58:00+00:00,CGNT,6.619999885559082,6.619999885559082,6.619999885559082,6.619900226593018,6.619900226593018,2280.0
2024-10-25 14:58:00+00:00,CGNX,38.90999984741211,38.90999984741211,38.91999816894531,38.89500045776367,38.89500045776367,3142.0
2024-10-25 14:58:00+00:00,CHKP,206.30999755859375,206.30999755859375,206.30999755859375,206.3000030517578,206.3000030517578,2085.0
2024-10-25 14:58:00+00:00,CLSK,11.645000457763672,11.645000457763672,11.679900169372559,11.640000343322754,11.675000190734863,84392.0
2024-10-25 14:58:00+00:00,CNDT,3.5899999141693115,3.5899999141693115,3.5999999046325684,3.5899999141693115,3.5999999046325684,1246.0
2024-10-25 14:58:00+00:00,CNXC,44.48500061035156,44.48500061035156,44.48500061035156,44.48500061035156,44.48500061035156,1470.0
2024-10-25 14:58:00+00:00,COHR,95.72000122070312,95.72000122070312,95.79000091552734,95.69999694824219,95.79000091552734,6452.0
2024-10-25 14:58:00+00:00,COIN,207.17999267578125,207.17999267578125,207.22000122070312,207.02850341796875,207.22000122070312,4743.0
2024-10-25 14:58:00+00:00,COMM,6.244999885559082,6.244999885559082,6.25,6.244999885559082,6.244999885559082,2064.0
2024-10-25 14:58:00+00:00,CORZ,13.380000114440918,13.380000114440918,13.390000343322754,13.380000114440918,13.390000343322754,5600.0
2024-10-25 14:58:00+00:00,CRDO,39.17499923706055,39.17499923706055,39.17499923706055,39.17499923706055,39.17499923706055,341.0
2024-10-25 14:58:00+00:00,CREX,4.189499855041504,4.189499855041504,4.189499855041504,4.189499855041504,4.189499855041504,279.0
2024-10-25 14:58:00+00:00,CRSR,6.335999965667725,6.335999965667725,6.335999965667725,6.335999965667725,6.335999965667725,909.0
2024-10-25 14:58:00+00:00,CRUS,122.51750183105469,122.51750183105469,122.55000305175781,122.51750183105469,122.5250015258789,887.0
2024-10-25 14:58:00+00:00,CRWD,298.67999267578125,298.67999267578125,298.9800109863281,297.760009765625,297.77069091796875,13573.0
2024-10-25 14:58:00+00:00,CSCO,55.775001525878906,55.775001525878906,55.78499984741211,55.76499938964844,55.77000045776367,10612.0
2024-10-25 14:58:00+00:00,CSIQ,13.420000076293945,13.420000076293945,13.420000076293945,13.390000343322754,13.399999618530273,878.0
2024-10-25 14:58:00+00:00,CTLP,8.879899978637695,8.879899978637695,8.879899978637695,8.879899978637695,8.879899978637695,798.0
2024-10-25 14:58:00+00:00,CTSH,74.76000213623047,74.76000213623047,74.7699966430664,74.75,74.75,2532.0
2024-10-25 14:58:00+00:00,CVLT,134.3470001220703,134.3470001220703,134.3470001220703,134.3470001220703,134.3470001220703,427.0
2024-10-25 14:58:00+00:00,DBX,26.094999313354492,26.094999313354492,26.094999313354492,26.075000762939453,26.075000762939453,3508.0
2024-10-25 14:58:00+00:00,DDOG,126.19000244140625,126.19000244140625,126.20999908447266,126.16999816894531,126.19000244140625,3000.0
2024-10-25 14:58:00+00:00,DGII,30.139999389648438,30.139999389648438,30.179899215698242,30.139999389648438,30.179899215698242,933.0
2024-10-25 14:58:00+00:00,DIOD,65.20500183105469,65.20500183105469,65.20500183105469,65.20500183105469,65.20500183105469,501.0
2024-10-25 14:58:00+00:00,DLO,8.850000381469727,8.850000381469727,8.850000381469727,8.850000381469727,8.850000381469727,239.0
2024-10-25 14:58:00+00:00,DOCU,69.0999984741211,69.0999984741211,69.0999984741211,69.05500030517578,69.05999755859375,7047.0
2024-10-25 14:58:00+00:00,DOMO,8.076399803161621,8.076399803161621,8.076399803161621,8.076399803161621,8.076399803161621,453.0
2024-10-25 14:58:00+00:00,DSGX,104.26499938964844,104.26499938964844,104.26499938964844,104.26499938964844,104.26499938964844,194.0
2024-10-25 14:58:00+00:00,DSP,11.529999732971191,11.529999732971191,11.529999732971191,11.529999732971191,11.529999732971191,1162.0
2024-10-25 14:58:00+00:00,DUOL,291.510009765625,291.510009765625,291.510009765625,291.4700012207031,291.4800109863281,1250.0
2024-10-25 14:58:00+00:00,EEFT,100.19999694824219,100.19999694824219,100.26000213623047,100.19999694824219,100.2300033569336,2186.0
2024-10-25 14:58:00+00:00,ENPH,83.66999816894531,83.66999816894531,83.69999694824219,83.55069732666016,83.55999755859375,16059.0
2024-10-25 14:58:00+00:00,ENTG,105.07499694824219,105.07499694824219,105.09500122070312,105.07499694824219,105.09500122070312,1469.0
2024-10-25 14:58:00+00:00,ERIC,8.460000038146973,8.460000038146973,8.460000038146973,8.454999923706055,8.454999923706055,6455.0
2024-10-25 14:58:00+00:00,EXFY,1.725000023841858,1.725000023841858,1.725000023841858,1.725000023841858,1.725000023841858,256.0
2024-10-25 14:58:00+00:00,EXLS,38.7599983215332,38.7599983215332,38.7599983215332,38.7400016784668,38.7599983215332,1419.0
2024-10-25 14:58:00+00:00,EXTR,14.380000114440918,14.380000114440918,14.380000114440918,14.370800018310547,14.375,1481.0
2024-10-25 14:58:00+00:00,FFIV,216.76499938964844,216.76499938964844,216.7899932861328,216.3699951171875,216.3699951171875,4316.0
2024-10-25 14:58:00+00:00,FIVN,29.8799991607666,29.8799991607666,29.8799991607666,29.8700008392334,29.8700008392334,3689.0
2024-10-25 14:58:00+00:00,FLEX,35.25,35.25,35.25,35.2400016784668,35.2400016784668,1246.0
2024-10-25 14:58:00+00:00,FLYW,17.31999969482422,17.31999969482422,17.31999969482422,17.294300079345703,17.299999237060547,1158.0
2024-10-25 14:58:00+00:00,FORM,44.79999923706055,44.79999923706055,44.79999923706055,44.79999923706055,44.79999923706055,630.0
2024-10-25 14:58:00+00:00,FRSH,11.619999885559082,11.619999885559082,11.625,11.614999771118164,11.625,6237.0
2024-10-25 14:58:00+00:00,FSLR,198.4499969482422,198.4499969482422,198.52000427246094,198.32009887695312,198.3699951171875,4053.0
2024-10-25 14:58:00+00:00,FTCI,0.652999997138977,0.652999997138977,0.652999997138977,0.652999997138977,0.652999997138977,79.0
2024-10-25 14:58:00+00:00,FTNT,80.53500366210938,80.53500366210938,80.53500366210938,80.51000213623047,80.51000213623047,2733.0
2024-10-25 14:58:00+00:00,GCT,24.53499984741211,24.53499984741211,24.540000915527344,24.53499984741211,24.53499984741211,569.0
2024-10-25 14:58:00+00:00,GDYN,15.600000381469727,15.600000381469727,15.600000381469727,15.600000381469727,15.600000381469727,172.0
2024-10-25 14:58:00+00:00,GFS,40.58000183105469,40.58000183105469,40.59000015258789,40.571800231933594,40.59000015258789,1117.0
2024-10-25 14:58:00+00:00,GRAB,4.090000152587891,4.090000152587891,4.099999904632568,4.090000152587891,4.09499979019165,25522.0
2024-10-25 14:58:00+00:00,GSIT,3.4100000858306885,3.4100000858306885,3.4100000858306885,3.4100000858306885,3.4100000858306885,143.0
2024-10-25 14:58:00+00:00,GTLB,55.040000915527344,55.040000915527344,55.040000915527344,55.040000915527344,55.040000915527344,560.0
2024-10-25 14:58:00+00:00,HCP,33.650001525878906,33.650001525878906,33.654998779296875,33.650001525878906,33.650001525878906,1556.0
2024-10-25 14:58:00+00:00,HIMX,6.195000171661377,6.195000171661377,6.195000171661377,6.195000171661377,6.195000171661377,1010.0
2024-10-25 14:58:00+00:00,HLIT,14.779999732971191,14.779999732971191,14.779999732971191,14.770000457763672,14.770000457763672,1744.0
2024-10-25 14:58:00+00:00,HOLO,3.5999999046325684,3.5999999046325684,3.6050000190734863,3.5999999046325684,3.5999999046325684,2706.0
2024-10-25 14:58:00+00:00,HOOD,27.165000915527344,27.165000915527344,27.18000030517578,27.165000915527344,27.174999237060547,5850.0
2024-10-25 14:58:00+00:00,ICHR,27.559999465942383,27.559999465942383,27.559999465942383,27.559999465942383,27.559999465942383,442.0
2024-10-25 14:58:00+00:00,IMMR,8.680000305175781,8.680000305175781,8.680000305175781,8.670000076293945,8.670000076293945,1275.0
2024-10-25 14:58:00+00:00,INDI,3.4802000522613525,3.4802000522613525,3.484999895095825,3.4800000190734863,3.4800000190734863,3717.0
2024-10-25 14:58:00+00:00,INSG,20.09000015258789,20.09000015258789,20.09000015258789,20.09000015258789,20.09000015258789,252.0
2024-10-25 14:58:00+00:00,INTC,22.920000076293945,22.920000076293945,22.920000076293945,22.913700103759766,22.920000076293945,27595.0
2024-10-25 14:58:00+00:00,INTU,609.280029296875,609.280029296875,609.280029296875,609.280029296875,609.280029296875,289.0
2024-10-25 14:58:00+00:00,JAMF,16.780000686645508,16.780000686645508,16.780000686645508,16.780000686645508,16.780000686645508,133.0
2024-10-25 14:58:00+00:00,KC,2.684999942779541,2.684999942779541,2.684999942779541,2.680000066757202,2.684999942779541,400.0
2024-10-25 14:58:00+00:00,KLAC,675.7449951171875,675.7449951171875,675.8900146484375,675.5750122070312,675.5750122070312,5237.0
2024-10-25 14:58:00+00:00,KLIC,44.625,44.625,44.625,44.625,44.625,351.0
2024-10-25 14:58:00+00:00,KOPN,0.779699981212616,0.779699981212616,0.779699981212616,0.7753999829292297,0.7753999829292297,9052.0
2024-10-25 14:58:00+00:00,LITE,64.55500030517578,64.55500030517578,64.55500030517578,64.55500030517578,64.55500030517578,281.0
2024-10-25 14:58:00+00:00,LOGI,80.75499725341797,80.75499725341797,80.76000213623047,80.75,80.75,845.0
2024-10-25 14:58:00+00:00,LPSN,1.1699999570846558,1.1699999570846558,1.1799999475479126,1.1699999570846558,1.1799999475479126,3101.0
2024-10-25 14:58:00+00:00,LRCX,78.61000061035156,78.61000061035156,78.6449966430664,78.58000183105469,78.61000061035156,14557.0
2024-10-25 14:58:00+00:00,LSCC,54.2400016784668,54.2400016784668,54.279998779296875,54.2400016784668,54.275001525878906,3109.0
2024-10-25 14:58:00+00:00,LTRX,4.079999923706055,4.079999923706055,4.079999923706055,4.070000171661377,4.070000171661377,449.0
2024-10-25 14:58:00+00:00,LYFT,13.8149995803833,13.8149995803833,13.815999984741211,13.8100004196167,13.8149995803833,7946.0
2024-10-25 14:58:00+00:00,LYT,1.9299999475479126,1.9299999475479126,1.9299999475479126,1.9299999475479126,1.9299999475479126,461.0
2024-10-25 14:58:00+00:00,MANH,275.760009765625,275.760009765625,275.760009765625,275.760009765625,275.760009765625,516.0
2024-10-25 14:58:00+00:00,MCHP,76.87000274658203,76.87000274658203,76.88999938964844,76.86000061035156,76.86000061035156,3579.0
2024-10-25 14:58:00+00:00,MDB,267.1300048828125,267.1300048828125,267.1300048828125,267.1300048828125,267.1300048828125,171.0
2024-10-25 14:58:00+00:00,MKSI,101.29000091552734,101.29000091552734,101.31999969482422,101.28500366210938,101.31999969482422,731.0
2024-10-25 14:58:00+00:00,MNDY,298.57000732421875,298.57000732421875,298.7300109863281,298.57000732421875,298.7300109863281,2137.0
2024-10-25 14:58:00+00:00,MPWR,910.5700073242188,910.5700073242188,911.0,910.3099975585938,910.3099975585938,2359.0
2024-10-25 14:58:00+00:00,MQ,5.302499771118164,5.302499771118164,5.309999942779541,5.302499771118164,5.304999828338623,3445.0
2024-10-25 14:58:00+00:00,MRVL,82.20050048828125,82.20050048828125,82.20999908447266,82.18000030517578,82.18000030517578,4824.0
2024-10-25 14:58:00+00:00,MSFT,428.9549865722656,428.9549865722656,428.9549865722656,428.80999755859375,428.80999755859375,6895.0
2024-10-25 14:58:00+00:00,MSTR,234.40989685058594,234.40989685058594,234.95669555664062,234.1999969482422,234.74600219726562,17069.0
2024-10-25 14:58:00+00:00,MTSI,121.1500015258789,121.1500015258789,121.1500015258789,120.88999938964844,120.88999938964844,978.0
2024-10-25 14:58:00+00:00,MTTR,4.590000152587891,4.590000152587891,4.590000152587891,4.585000038146973,4.585000038146973,1989.0
2024-10-25 14:58:00+00:00,MU,108.54000091552734,108.54000091552734,108.54000091552734,108.5,108.51000213623047,6277.0
2024-10-25 14:58:00+00:00,MXL,14.84000015258789,14.84000015258789,14.845000267028809,14.84000015258789,14.84000015258789,1606.0
2024-10-25 14:58:00+00:00,NCNO,37.68000030517578,37.68000030517578,37.68000030517578,37.66999816894531,37.67839813232422,1284.0
2024-10-25 14:58:00+00:00,NICE,174.61500549316406,174.61500549316406,174.61500549316406,174.61500549316406,174.61500549316406,224.0
2024-10-25 14:58:00+00:00,NNDM,2.325000047683716,2.325000047683716,2.325000047683716,2.325000047683716,2.325000047683716,180.0
2024-10-25 14:58:00+00:00,NSIT,208.2899932861328,208.2899932861328,208.2899932861328,208.2899932861328,208.2899932861328,1385.0
2024-10-25 14:58:00+00:00,NTAP,119.8499984741211,119.8499984741211,119.8499984741211,119.8499984741211,119.8499984741211,783.0
2024-10-25 14:58:00+00:00,NTCT,20.610000610351562,20.610000610351562,20.6200008392334,20.610000610351562,20.614999771118164,2494.0
2024-10-25 14:58:00+00:00,NTNX,62.06999969482422,62.06999969482422,62.06999969482422,62.06999969482422,62.06999969482422,1475.0
2024-10-25 14:58:00+00:00,NVDA,142.01870727539062,142.01870727539062,142.0489959716797,141.95010375976562,142.00999450683594,276978.0
2024-10-25 14:58:00+00:00,NVEI,33.494998931884766,33.494998931884766,33.494998931884766,33.494998931884766,33.494998931884766,218.0
2024-10-25 14:58:00+00:00,NVMI,184.0399932861328,184.0399932861328,184.0399932861328,184.0399932861328,184.0399932861328,585.0
2024-10-25 14:58:00+00:00,NVTS,2.5299999713897705,2.5299999713897705,2.5350000858306885,2.5299999713897705,2.5299999713897705,480.0
2024-10-25 14:58:00+00:00,NXPI,244.02000427246094,244.02000427246094,244.10000610351562,244.02000427246094,244.0500030517578,2986.0
2024-10-25 14:58:00+00:00,OKTA,72.2300033569336,72.2300033569336,72.2300033569336,72.2300033569336,72.2300033569336,847.0
2024-10-25 14:58:00+00:00,ON,71.4800033569336,71.4800033569336,71.4800033569336,71.44000244140625,71.45999908447266,8507.0
2024-10-25 14:58:00+00:00,OTEX,33.290000915527344,33.290000915527344,33.290000915527344,33.290000915527344,33.290000915527344,752.0
2024-10-25 14:58:00+00:00,PANW,367.05999755859375,367.05999755859375,367.1700134277344,366.92999267578125,366.92999267578125,2221.0
2024-10-25 14:58:00+00:00,PAYO,8.320099830627441,8.320099830627441,8.324999809265137,8.320099830627441,8.324999809265137,685.0
2024-10-25 14:58:00+00:00,PEGA,78.91999816894531,78.91999816894531,78.9800033569336,78.91999816894531,78.95999908447266,3805.0
2024-10-25 14:58:00+00:00,PEGY,4.809999942779541,4.809999942779541,4.809999942779541,4.809999942779541,4.809999942779541,954.0
2024-10-25 14:58:00+00:00,PGY,11.850000381469727,11.850000381469727,11.854999542236328,11.845000267028809,11.850000381469727,2791.0
2024-10-25 14:58:00+00:00,PHUN,10.584099769592285,10.584099769592285,10.649999618530273,10.569999694824219,10.580100059509277,52399.0
2024-10-25 14:58:00+00:00,PLAB,23.68000030517578,23.68000030517578,23.68000030517578,23.68000030517578,23.68000030517578,351.0
2024-10-25 14:58:00+00:00,PLUS,97.90499877929688,97.90499877929688,97.90499877929688,97.90499877929688,97.90499877929688,122.0
2024-10-25 14:58:00+00:00,PRCH,1.2949999570846558,1.2949999570846558,1.2999999523162842,1.2949999570846558,1.2999999523162842,6308.0
2024-10-25 14:58:00+00:00,PRGS,64.52999877929688,64.52999877929688,64.52999877929688,64.52999877929688,64.52999877929688,708.0
2024-10-25 14:58:00+00:00,PTC,187.30999755859375,187.30999755859375,187.30999755859375,187.22999572753906,187.22999572753906,1423.0
2024-10-25 14:58:00+00:00,PYCR,14.350000381469727,14.350000381469727,14.350000381469727,14.335200309753418,14.34000015258789,1189.0
2024-10-25 14:58:00+00:00,QCOM,171.1999969482422,171.1999969482422,171.22000122070312,171.1999969482422,171.2100067138672,8518.0
2024-10-25 14:58:00+00:00,QRVO,100.13999938964844,100.13999938964844,100.13999938964844,100.11000061035156,100.11000061035156,1159.0
2024-10-25 14:58:00+00:00,QUBT,1.0750000476837158,1.0750000476837158,1.0750000476837158,1.0740000009536743,1.0740000009536743,2509.0
2024-10-25 14:58:00+00:00,RCAT,2.755199909210205,2.755199909210205,2.755199909210205,2.755199909210205,2.755199909210205,102.0
2024-10-25 14:58:00+00:00,REFR,2.180000066757202,2.180000066757202,2.180000066757202,2.180000066757202,2.180000066757202,1377.0
2024-10-25 14:58:00+00:00,RELY,14.850000381469727,14.850000381469727,14.85990047454834,14.850000381469727,14.850000381469727,1970.0
2024-10-25 14:58:00+00:00,RGTI,1.2400000095367432,1.2400000095367432,1.2400000095367432,1.2350000143051147,1.2350000143051147,2321.0
2024-10-25 14:58:00+00:00,RIOT,9.78499984741211,9.78499984741211,9.800000190734863,9.780200004577637,9.78969955444336,28812.0
2024-10-25 14:58:00+00:00,RMBS,43.4900016784668,43.4900016784668,43.4900016784668,43.43000030517578,43.43000030517578,3564.0
2024-10-25 14:58:00+00:00,RMNI,1.715000033378601,1.715000033378601,1.715000033378601,1.715000033378601,1.715000033378601,1006.0
2024-10-25 14:58:00+00:00,RPD,38.959999084472656,38.959999084472656,38.959999084472656,38.959999084472656,38.959999084472656,307.0
2024-10-25 14:58:00+00:00,RUM,5.78000020980835,5.78000020980835,5.78000020980835,5.78000020980835,5.78000020980835,514.0
2024-10-25 14:58:00+00:00,RUN,14.404999732971191,14.404999732971191,14.414999961853027,14.399999618530273,14.40999984741211,17338.0
2024-10-25 14:58:00+00:00,RXT,2.484999895095825,2.484999895095825,2.484999895095825,2.484999895095825,2.484999895095825,353.0
2024-10-25 14:58:00+00:00,SANM,67.62999725341797,67.62999725341797,67.62999725341797,67.61000061035156,67.61000061035156,3078.0
2024-10-25 14:58:00+00:00,SATS,25.354999542236328,25.354999542236328,25.364999771118164,25.34000015258789,25.350000381469727,6608.0
2024-10-25 14:58:00+00:00,SCSC,44.779998779296875,44.779998779296875,44.779998779296875,44.779998779296875,44.779998779296875,526.0
2024-10-25 14:58:00+00:00,SEDG,15.8100004196167,15.8100004196167,15.8100004196167,15.788000106811523,15.788000106811523,2511.0
2024-10-25 14:58:00+00:00,SHLS,5.254700183868408,5.254700183868408,5.255000114440918,5.25,5.255000114440918,2464.0
2024-10-25 14:58:00+00:00,SITM,179.33999633789062,179.33999633789062,179.33999633789062,179.33999633789062,179.33999633789062,448.0
2024-10-25 14:58:00+00:00,SLNHP,13.0,13.0,13.0,13.0,13.0,666.0
2024-10-25 14:58:00+00:00,SMCI,47.54999923706055,47.54999923706055,47.54999923706055,47.48400115966797,47.48400115966797,45016.0
2024-10-25 14:58:00+00:00,SMTC,45.790000915527344,45.790000915527344,45.790000915527344,45.7400016784668,45.7400016784668,829.0
2024-10-25 14:58:00+00:00,SNPS,502.8450012207031,502.8450012207031,502.8450012207031,502.8450012207031,502.8450012207031,259.0
2024-10-25 14:58:00+00:00,SONO,12.704999923706055,12.704999923706055,12.70989990234375,12.704999923706055,12.704999923706055,1217.0
2024-10-25 14:58:00+00:00,SOUN,5.179999828338623,5.179999828338623,5.179999828338623,5.170000076293945,5.173999786376953,3815.0
2024-10-25 14:58:00+00:00,SPSC,171.39999389648438,171.39999389648438,171.39999389648438,171.39999389648438,171.39999389648438,393.0
2024-10-25 14:58:00+00:00,SSNC,69.83000183105469,69.83000183105469,69.83000183105469,69.77999877929688,69.77999877929688,4860.0
2024-10-25 14:58:00+00:00,STNE,11.5600004196167,11.5600004196167,11.5600004196167,11.555000305175781,11.555000305175781,952.0
2024-10-25 14:58:00+00:00,STX,103.87000274658203,103.87000274658203,103.93000030517578,103.83599853515625,103.83599853515625,2537.0
2024-10-25 14:58:00+00:00,SVRE,0.07819999754428864,0.07819999754428864,0.07819999754428864,0.07819999754428864,0.07819999754428864,5914.0
2024-10-25 14:58:00+00:00,SWKS,95.94439697265625,95.94439697265625,95.98989868164062,95.94439697265625,95.95999908447266,2787.0
2024-10-25 14:58:00+00:00,TASK,11.970000267028809,11.970000267028809,11.970000267028809,11.970000267028809,11.970000267028809,539.0
2024-10-25 14:58:00+00:00,TEAM,189.26499938964844,189.26499938964844,189.2899932861328,189.1999969482422,189.25,3359.0
2024-10-25 14:58:00+00:00,TENB,41.75,41.75,41.75,41.71500015258789,41.71500015258789,1456.0
2024-10-25 14:58:00+00:00,TER,112.23999786376953,112.23999786376953,112.24099731445312,112.19000244140625,112.19999694824219,6951.0
2024-10-25 14:58:00+00:00,TLS,3.565000057220459,3.565000057220459,3.565000057220459,3.561000108718872,3.561000108718872,684.0
2024-10-25 14:58:00+00:00,TRMB,61.029998779296875,61.029998779296875,61.029998779296875,61.02000045776367,61.02000045776367,819.0
2024-10-25 14:58:00+00:00,TSEM,44.724998474121094,44.724998474121094,44.724998474121094,44.724998474121094,44.724998474121094,337.0
2024-10-25 14:58:00+00:00,TTD,118.9800033569336,118.9800033569336,118.9800033569336,118.9000015258789,118.94000244140625,4059.0
2024-10-25 14:58:00+00:00,TWKS,4.440000057220459,4.440000057220459,4.440000057220459,4.440000057220459,4.440000057220459,487.0
2024-10-25 14:58:00+00:00,TXN,207.875,207.875,208.0,207.83999633789062,207.8699951171875,6228.0
2024-10-25 14:58:00+00:00,UTSI,2.8113999366760254,2.8113999366760254,2.8113999366760254,2.8113999366760254,2.8113999366760254,927.0
2024-10-25 14:58:00+00:00,VECO,29.329999923706055,29.329999923706055,29.329999923706055,29.329999923706055,29.329999923706055,1428.0
2024-10-25 14:58:00+00:00,VERB,10.75,10.75,10.75,10.75,10.75,187.0
2024-10-25 14:58:00+00:00,VICR,46.650001525878906,46.650001525878906,46.650001525878906,46.630001068115234,46.630001068115234,511.0
2024-10-25 14:58:00+00:00,VMEO,4.760000228881836,4.760000228881836,4.760000228881836,4.760000228881836,4.760000228881836,520.0
2024-10-25 14:58:00+00:00,VNET,3.3949999809265137,3.3949999809265137,3.4000000953674316,3.3949999809265137,3.4000000953674316,2161.0
2024-10-25 14:58:00+00:00,VRNS,56.86000061035156,56.86000061035156,56.86000061035156,56.790000915527344,56.810001373291016,3481.0
2024-10-25 14:58:00+00:00,VRSN,183.25,183.25,183.25,183.25,183.25,737.0
2024-10-25 14:58:00+00:00,VSAT,10.15999984741211,10.15999984741211,10.170000076293945,10.15999984741211,10.170000076293945,1587.0
2024-10-25 14:58:00+00:00,WDAY,238.61000061035156,238.61000061035156,238.61000061035156,238.4600067138672,238.4600067138672,2994.0
2024-10-25 14:58:00+00:00,WDC,70.06500244140625,70.06500244140625,70.08999633789062,70.04070281982422,70.08999633789062,9603.0
2024-10-25 14:58:00+00:00,WISA,2.0350000858306885,2.0350000858306885,2.049999952316284,2.0350000858306885,2.0450000762939453,4676.0
2024-10-25 14:58:00+00:00,WIX,165.1199951171875,165.1199951171875,165.1199951171875,164.97999572753906,164.97999572753906,1759.0
2024-10-25 14:58:00+00:00,WLDS,3.5859999656677246,3.5859999656677246,3.5859999656677246,3.5859999656677246,3.5859999656677246,211.0
2024-10-25 14:58:00+00:00,XRX,10.011799812316895,10.011799812316895,10.011799812316895,10.011799812316895,10.011799812316895,972.0
2024-10-25 14:58:00+00:00,ZBRA,361.3500061035156,361.3500061035156,361.3599853515625,361.25,361.3599853515625,2297.0
2024-10-25 14:58:00+00:00,ZI,10.494600296020508,10.494600296020508,10.494999885559082,10.494600296020508,10.494999885559082,1554.0
2024-10-25 14:58:00+00:00,ZM,72.93769836425781,72.93769836425781,72.94000244140625,72.93769836425781,72.94000244140625,1355.0
2024-10-25 14:58:00+00:00,ZS,184.97000122070312,184.97000122070312,184.97000122070312,184.95799255371094,184.95799255371094,815.0
2024-10-25 14:59:00+00:00,AAOI,17.68000030517578,17.68000030517578,17.68000030517578,17.68000030517578,17.68000030517578,516.0
2024-10-25 14:59:00+00:00,AAPL,232.13999938964844,232.13999938964844,232.1699981689453,232.08009338378906,232.0998992919922,40402.0
2024-10-25 14:59:00+00:00,ACIW,48.94599914550781,48.94599914550781,48.94599914550781,48.94599914550781,48.94599914550781,447.0
2024-10-25 14:59:00+00:00,ADBE,483.45001220703125,483.45001220703125,483.45001220703125,483.4200134277344,483.4200134277344,1108.0
2024-10-25 14:59:00+00:00,ADI,231.55999755859375,231.55999755859375,231.55999755859375,231.52000427246094,231.52000427246094,1487.0
2024-10-25 14:59:00+00:00,ADSK,286.7850036621094,286.7850036621094,286.7850036621094,286.7850036621094,286.7850036621094,106.0
2024-10-25 14:59:00+00:00,AEHR,16.988000869750977,16.988000869750977,16.988000869750977,16.976600646972656,16.976600646972656,3164.0
2024-10-25 14:59:00+00:00,AFRM,41.2599983215332,41.2599983215332,41.267601013183594,41.23970031738281,41.23970031738281,3674.0
2024-10-25 14:59:00+00:00,AIP,6.925000190734863,6.925000190734863,6.940000057220459,6.909999847412109,6.909999847412109,2592.0
2024-10-25 14:59:00+00:00,AKAM,102.19000244140625,102.19000244140625,102.19000244140625,102.16999816894531,102.16999816894531,1340.0
2024-10-25 14:59:00+00:00,AKTS,0.05959999933838844,0.05959999933838844,0.059700001031160355,0.05959999933838844,0.059700001031160355,16650.0
2024-10-25 14:59:00+00:00,ALGM,23.149999618530273,23.149999618530273,23.149999618530273,23.139999389648438,23.149999618530273,7124.0
2024-10-25 14:59:00+00:00,ALTR,104.24500274658203,104.24500274658203,104.24500274658203,103.95999908447266,103.95999908447266,19286.0
2024-10-25 14:59:00+00:00,AMAT,187.4499969482422,187.4499969482422,187.58999633789062,187.41000366210938,187.47000122070312,3265.0
2024-10-25 14:59:00+00:00,AMD,156.6501007080078,156.6501007080078,156.67999267578125,156.58999633789062,156.6699981689453,41429.0
2024-10-25 14:59:00+00:00,AMKR,30.06999969482422,30.06999969482422,30.084999084472656,30.049999237060547,30.084999084472656,2632.0
2024-10-25 14:59:00+00:00,AMST,2.8499999046325684,2.8499999046325684,2.8499999046325684,2.8499999046325684,2.8499999046325684,1283.0
2024-10-25 14:59:00+00:00,APCX,0.7300000190734863,0.7300000190734863,0.7346000075340271,0.7300000190734863,0.7346000075340271,4300.0
2024-10-25 14:59:00+00:00,APP,161.52000427246094,161.52000427246094,161.57000732421875,161.47000122070312,161.47000122070312,3588.0
2024-10-25 14:59:00+00:00,APPF,212.69000244140625,212.69000244140625,212.69000244140625,212.18499755859375,212.25999450683594,1709.0
2024-10-25 14:59:00+00:00,APPS,3.075000047683716,3.075000047683716,3.075000047683716,3.075000047683716,3.075000047683716,579.0
2024-10-25 14:59:00+00:00,ARRY,6.420000076293945,6.420000076293945,6.429999828338623,6.420000076293945,6.429999828338623,5756.0
2024-10-25 14:59:00+00:00,ASML,715.219970703125,715.219970703125,715.3599853515625,715.219970703125,715.25,1204.0
2024-10-25 14:59:00+00:00,ASNS,1.2999999523162842,1.2999999523162842,1.2999999523162842,1.2999999523162842,1.2999999523162842,1200.0
2024-10-25 14:59:00+00:00,ATOM,3.319999933242798,3.319999933242798,3.319999933242798,3.319999933242798,3.319999933242798,336.0
2024-10-25 14:59:00+00:00,AUR,6.385000228881836,6.385000228881836,6.389999866485596,6.380000114440918,6.385000228881836,4641.0
2024-10-25 14:59:00+00:00,AVDX,8.145000457763672,8.145000457763672,8.149999618530273,8.145000457763672,8.149999618530273,1002.0
2024-10-25 14:59:00+00:00,AVGO,174.5399932861328,174.5399932861328,174.55679321289062,174.36000061035156,174.3800048828125,28549.0
2024-10-25 14:59:00+00:00,AZPN,238.77999877929688,238.77999877929688,238.77999877929688,238.77999877929688,238.77999877929688,189.0
2024-10-25 14:59:00+00:00,BIGC,5.295000076293945,5.295000076293945,5.295000076293945,5.295000076293945,5.295000076293945,741.0
2024-10-25 14:59:00+00:00,BL,56.28929901123047,56.28929901123047,56.28929901123047,56.28929901123047,56.28929901123047,634.0
2024-10-25 14:59:00+00:00,BLKB,85.94000244140625,85.94000244140625,85.94000244140625,85.94000244140625,85.94000244140625,373.0
2024-10-25 14:59:00+00:00,BMBL,7.065000057220459,7.065000057220459,7.065000057220459,7.065000057220459,7.065000057220459,970.0
2024-10-25 14:59:00+00:00,BRZE,30.719999313354492,30.719999313354492,30.725000381469727,30.719999313354492,30.725000381469727,1884.0
2024-10-25 14:59:00+00:00,BSY,49.189998626708984,49.189998626708984,49.2400016784668,49.189998626708984,49.2400016784668,2538.0
2024-10-25 14:59:00+00:00,CAN,0.9750000238418579,0.9750000238418579,0.9753000140190125,0.9750000238418579,0.9753000140190125,2538.0
2024-10-25 14:59:00+00:00,CCSI,20.040000915527344,20.040000915527344,20.040000915527344,20.040000915527344,20.040000915527344,374.0
2024-10-25 14:59:00+00:00,CDNS,258.2550048828125,258.2550048828125,258.29998779296875,258.2149963378906,258.2149963378906,1374.0
2024-10-25 14:59:00+00:00,CDW,218.10000610351562,218.10000610351562,218.10000610351562,218.10000610351562,218.10000610351562,488.0
2024-10-25 14:59:00+00:00,CETX,0.30140000581741333,0.30140000581741333,0.3027999997138977,0.30140000581741333,0.3027999997138977,8752.0
2024-10-25 14:59:00+00:00,CFLT,22.559999465942383,22.559999465942383,22.559999465942383,22.545000076293945,22.55500030517578,16927.0
2024-10-25 14:59:00+00:00,CGNT,6.635000228881836,6.635000228881836,6.635000228881836,6.619999885559082,6.619999885559082,741.0
2024-10-25 14:59:00+00:00,CGNX,38.91999816894531,38.91999816894531,38.91999816894531,38.91999816894531,38.91999816894531,626.0
2024-10-25 14:59:00+00:00,CLBT,18.229999542236328,18.229999542236328,18.229999542236328,18.229999542236328,18.229999542236328,466.0
2024-10-25 14:59:00+00:00,CLFD,36.48500061035156,36.48500061035156,36.48500061035156,36.47999954223633,36.47999954223633,875.0
2024-10-25 14:59:00+00:00,CLSK,11.665200233459473,11.665200233459473,11.670000076293945,11.645000457763672,11.645000457763672,24319.0
2024-10-25 14:59:00+00:00,COHR,95.75499725341797,95.75499725341797,95.75499725341797,95.7300033569336,95.7300033569336,1202.0
2024-10-25 14:59:00+00:00,COIN,207.1199951171875,207.1199951171875,207.27999877929688,207.03770446777344,207.1699981689453,8878.0
2024-10-25 14:59:00+00:00,COMM,6.244999885559082,6.244999885559082,6.244999885559082,6.244999885559082,6.244999885559082,483.0
2024-10-25 14:59:00+00:00,CORZ,13.369999885559082,13.369999885559082,13.385000228881836,13.369999885559082,13.385000228881836,12021.0
2024-10-25 14:59:00+00:00,CRCT,6.579999923706055,6.579999923706055,6.579999923706055,6.574999809265137,6.574999809265137,720.0
2024-10-25 14:59:00+00:00,CRDO,39.15999984741211,39.15999984741211,39.185001373291016,39.150001525878906,39.185001373291016,2513.0
2024-10-25 14:59:00+00:00,CRNC,2.928999900817871,2.928999900817871,2.928999900817871,2.924999952316284,2.928999900817871,552.0
2024-10-25 14:59:00+00:00,CRSR,6.335000038146973,6.335000038146973,6.335000038146973,6.335000038146973,6.335000038146973,562.0
2024-10-25 14:59:00+00:00,CRUS,122.52999877929688,122.52999877929688,122.52999877929688,122.52999877929688,122.52999877929688,613.0
2024-10-25 14:59:00+00:00,CRWD,298.6698913574219,298.6698913574219,298.889892578125,298.3299865722656,298.3299865722656,9349.0
2024-10-25 14:59:00+00:00,CSCO,55.79499816894531,55.79499816894531,55.79669952392578,55.775001525878906,55.775001525878906,15053.0
2024-10-25 14:59:00+00:00,CSGS,47.52000045776367,47.52000045776367,47.52000045776367,47.52000045776367,47.52000045776367,563.0
2024-10-25 14:59:00+00:00,CSIQ,13.404999732971191,13.404999732971191,13.420000076293945,13.404999732971191,13.420000076293945,2360.0
2024-10-25 14:59:00+00:00,CTLP,8.890000343322754,8.890000343322754,8.890000343322754,8.890000343322754,8.890000343322754,252.0
2024-10-25 14:59:00+00:00,CTSH,74.7699966430664,74.7699966430664,74.7750015258789,74.7699966430664,74.7699966430664,2252.0
2024-10-25 14:59:00+00:00,CVLT,134.42999267578125,134.42999267578125,134.42999267578125,134.41000366210938,134.41000366210938,668.0
2024-10-25 14:59:00+00:00,CYBR,290.4100036621094,290.4100036621094,290.4100036621094,290.1449890136719,290.239990234375,1571.0
2024-10-25 14:59:00+00:00,DAVE,38.810001373291016,38.810001373291016,38.810001373291016,38.810001373291016,38.810001373291016,531.0
2024-10-25 14:59:00+00:00,DBX,26.084999084472656,26.084999084472656,26.094999313354492,26.084999084472656,26.094999313354492,7066.0
2024-10-25 14:59:00+00:00,DDOG,126.2300033569336,126.2300033569336,126.25250244140625,126.21199798583984,126.22000122070312,4495.0
2024-10-25 14:59:00+00:00,DGII,30.1200008392334,30.1200008392334,30.18000030517578,30.1200008392334,30.18000030517578,453.0
2024-10-25 14:59:00+00:00,DLO,8.854999542236328,8.854999542236328,8.854999542236328,8.850000381469727,8.850000381469727,1575.0
2024-10-25 14:59:00+00:00,DOCU,69.08000183105469,69.08000183105469,69.11000061035156,69.08000183105469,69.08999633789062,5159.0
2024-10-25 14:59:00+00:00,DOMO,8.074999809265137,8.074999809265137,8.074999809265137,8.074999809265137,8.074999809265137,857.0
2024-10-25 14:59:00+00:00,DSGX,104.20999908447266,104.20999908447266,104.20999908447266,104.20999908447266,104.20999908447266,133.0
2024-10-25 14:59:00+00:00,DUOL,291.2099914550781,291.2099914550781,291.4599914550781,291.2099914550781,291.4599914550781,1483.0
2024-10-25 14:59:00+00:00,DUOT,4.11929988861084,4.11929988861084,4.11929988861084,4.11929988861084,4.11929988861084,88.0
2024-10-25 14:59:00+00:00,EGAN,4.771999835968018,4.771999835968018,4.789999961853027,4.771999835968018,4.775000095367432,751.0
2024-10-25 14:59:00+00:00,EMKR,2.130000114440918,2.130000114440918,2.140000104904175,2.130000114440918,2.130000114440918,2784.0
2024-10-25 14:59:00+00:00,ENPH,83.66500091552734,83.66500091552734,83.69999694824219,83.63999938964844,83.66000366210938,9366.0
2024-10-25 14:59:00+00:00,ENTG,105.18000030517578,105.18000030517578,105.23249816894531,105.08000183105469,105.08000183105469,2778.0
2024-10-25 14:59:00+00:00,ERIC,8.454999923706055,8.454999923706055,8.460000038146973,8.454999923706055,8.454999923706055,4402.0
2024-10-25 14:59:00+00:00,EXLS,38.75,38.75,38.75,38.75,38.75,436.0
2024-10-25 14:59:00+00:00,FFIV,216.82000732421875,216.82000732421875,216.82000732421875,216.67999267578125,216.6999969482422,4572.0
2024-10-25 14:59:00+00:00,FIVN,29.8799991607666,29.8799991607666,29.8799991607666,29.8799991607666,29.8799991607666,852.0
2024-10-25 14:59:00+00:00,FLEX,35.2599983215332,35.2599983215332,35.263301849365234,35.2400016784668,35.2400016784668,6673.0
2024-10-25 14:59:00+00:00,FLYW,17.309999465942383,17.309999465942383,17.31999969482422,17.309999465942383,17.31999969482422,1053.0
2024-10-25 14:59:00+00:00,FROG,29.334999084472656,29.334999084472656,29.334999084472656,29.329999923706055,29.329999923706055,1010.0
2024-10-25 14:59:00+00:00,FSLR,198.63999938964844,198.63999938964844,198.67999267578125,198.63999938964844,198.64999389648438,1723.0
2024-10-25 14:59:00+00:00,FTCI,0.652999997138977,0.652999997138977,0.652999997138977,0.652999997138977,0.652999997138977,76.0
2024-10-25 14:59:00+00:00,FTNT,80.56500244140625,80.56500244140625,80.56500244140625,80.55999755859375,80.55999755859375,1659.0
2024-10-25 14:59:00+00:00,GCT,24.514999389648438,24.514999389648438,24.520000457763672,24.514999389648438,24.520000457763672,6105.0
2024-10-25 14:59:00+00:00,GDS,21.329999923706055,21.329999923706055,21.329999923706055,21.329999923706055,21.329999923706055,1735.0
2024-10-25 14:59:00+00:00,GDYN,15.630000114440918,15.630000114440918,15.630000114440918,15.630000114440918,15.630000114440918,637.0
2024-10-25 14:59:00+00:00,GFS,40.58000183105469,40.58000183105469,40.58000183105469,40.58000183105469,40.58000183105469,911.0
2024-10-25 14:59:00+00:00,GRAB,4.09499979019165,4.09499979019165,4.099999904632568,4.090000152587891,4.09499979019165,15248.0
2024-10-25 14:59:00+00:00,GTLB,55.06999969482422,55.06999969482422,55.06999969482422,55.029998779296875,55.029998779296875,1216.0
2024-10-25 14:59:00+00:00,HCP,33.654998779296875,33.654998779296875,33.654998779296875,33.650001525878906,33.654998779296875,1731.0
2024-10-25 14:59:00+00:00,HOLO,3.6059000492095947,3.6059000492095947,3.6080000400543213,3.6059000492095947,3.6080000400543213,440.0
2024-10-25 14:59:00+00:00,HOOD,27.16670036315918,27.16670036315918,27.170000076293945,27.165000915527344,27.165000915527344,1792.0
2024-10-25 14:59:00+00:00,ICHR,27.565000534057617,27.565000534057617,27.565000534057617,27.565000534057617,27.565000534057617,771.0
2024-10-25 14:59:00+00:00,IDAI,0.22100000083446503,0.22100000083446503,0.22100000083446503,0.22100000083446503,0.22100000083446503,0.0
2024-10-25 14:59:00+00:00,INDI,3.4800000190734863,3.4800000190734863,3.4800000190734863,3.4800000190734863,3.4800000190734863,471.0
2024-10-25 14:59:00+00:00,INOD,20.388999938964844,20.388999938964844,20.388999938964844,20.3700008392334,20.3700008392334,300.0
2024-10-25 14:59:00+00:00,INTA,50.029998779296875,50.029998779296875,50.0349006652832,50.029998779296875,50.0349006652832,629.0
2024-10-25 14:59:00+00:00,INTC,22.920000076293945,22.920000076293945,22.92690086364746,22.905000686645508,22.916200637817383,107517.0
2024-10-25 14:59:00+00:00,INTU,609.1099853515625,609.1099853515625,609.1099853515625,608.9249877929688,608.9249877929688,946.0
2024-10-25 14:59:00+00:00,IPGP,77.25,77.25,77.25,77.25,77.25,438.0
2024-10-25 14:59:00+00:00,ITI,7.19350004196167,7.19350004196167,7.199999809265137,7.19350004196167,7.199999809265137,1535.0
2024-10-25 14:59:00+00:00,JAMF,16.790000915527344,16.790000915527344,16.799999237060547,16.780000686645508,16.790000915527344,2139.0
2024-10-25 14:59:00+00:00,KC,2.684999942779541,2.684999942779541,2.684999942779541,2.680000066757202,2.680000066757202,988.0
2024-10-25 14:59:00+00:00,KLAC,675.8350219726562,675.8350219726562,675.8350219726562,675.7249755859375,675.7249755859375,2644.0
2024-10-25 14:59:00+00:00,KLIC,44.630001068115234,44.630001068115234,44.630001068115234,44.630001068115234,44.630001068115234,650.0
2024-10-25 14:59:00+00:00,KOPN,0.7799999713897705,0.7799999713897705,0.7799999713897705,0.7799999713897705,0.7799999713897705,381.0
2024-10-25 14:59:00+00:00,LASR,10.404999732971191,10.404999732971191,10.404999732971191,10.399999618530273,10.399999618530273,1104.0
2024-10-25 14:59:00+00:00,LFUS,254.39999389648438,254.39999389648438,254.39999389648438,254.39999389648438,254.39999389648438,820.0
2024-10-25 14:59:00+00:00,LITE,64.55500030517578,64.55500030517578,64.55500030517578,64.5509033203125,64.5509033203125,511.0
2024-10-25 14:59:00+00:00,LOGI,80.7750015258789,80.7750015258789,80.7750015258789,80.75499725341797,80.75499725341797,947.0
2024-10-25 14:59:00+00:00,LPSN,1.1740000247955322,1.1740000247955322,1.1749999523162842,1.1740000247955322,1.1749999523162842,2181.0
2024-10-25 14:59:00+00:00,LRCX,78.61000061035156,78.61000061035156,78.65650177001953,78.61000061035156,78.625,14691.0
2024-10-25 14:59:00+00:00,LSCC,54.279998779296875,54.279998779296875,54.310001373291016,54.22999954223633,54.2400016784668,6383.0
2024-10-25 14:59:00+00:00,LTRX,4.079999923706055,4.079999923706055,4.079999923706055,4.070000171661377,4.070000171661377,1622.0
2024-10-25 14:59:00+00:00,LYFT,13.8149995803833,13.8149995803833,13.815999984741211,13.8100004196167,13.8149995803833,6337.0
2024-10-25 14:59:00+00:00,MANH,275.82000732421875,275.82000732421875,275.82000732421875,275.7200012207031,275.79998779296875,2352.0
2024-10-25 14:59:00+00:00,MAPS,0.8400999903678894,0.8400999903678894,0.8400999903678894,0.8400999903678894,0.8400999903678894,1031.0
2024-10-25 14:59:00+00:00,MCHP,76.9000015258789,76.9000015258789,76.9000015258789,76.87000274658203,76.88999938964844,4938.0
2024-10-25 14:59:00+00:00,MDB,267.31500244140625,267.31500244140625,267.31500244140625,267.2900085449219,267.29998779296875,672.0
2024-10-25 14:59:00+00:00,MKSI,101.29000091552734,101.29000091552734,101.29000091552734,101.29000091552734,101.29000091552734,875.0
2024-10-25 14:59:00+00:00,MPWR,910.5700073242188,910.5700073242188,910.5700073242188,910.5700073242188,910.5700073242188,443.0
2024-10-25 14:59:00+00:00,MQ,5.304999828338623,5.304999828338623,5.304999828338623,5.304999828338623,5.304999828338623,1668.0
2024-10-25 14:59:00+00:00,MRAM,6.349999904632568,6.349999904632568,6.349999904632568,6.349999904632568,6.349999904632568,127.0
2024-10-25 14:59:00+00:00,MRVL,82.20500183105469,82.20500183105469,82.2300033569336,82.19000244140625,82.20999908447266,5175.0
2024-10-25 14:59:00+00:00,MSFT,429.0450134277344,429.0450134277344,429.150390625,428.92999267578125,428.94000244140625,15159.0
2024-10-25 14:59:00+00:00,MSTR,234.03500366210938,234.03500366210938,234.48989868164062,234.02999877929688,234.2209930419922,30844.0
2024-10-25 14:59:00+00:00,MTLS,5.929999828338623,5.929999828338623,5.929999828338623,5.929999828338623,5.929999828338623,433.0
2024-10-25 14:59:00+00:00,MTSI,121.1500015258789,121.1500015258789,121.1500015258789,121.1500015258789,121.1500015258789,449.0
2024-10-25 14:59:00+00:00,MTTR,4.579999923706055,4.579999923706055,4.579999923706055,4.579999923706055,4.579999923706055,2923.0
2024-10-25 14:59:00+00:00,MU,108.52999877929688,108.52999877929688,108.56590270996094,108.52999877929688,108.54000091552734,11397.0
2024-10-25 14:59:00+00:00,MVIS,1.0800000429153442,1.0800000429153442,1.0800000429153442,1.0800000429153442,1.0800000429153442,795.0
2024-10-25 14:59:00+00:00,MXL,14.835000038146973,14.835000038146973,14.850000381469727,14.835000038146973,14.84000015258789,3320.0
2024-10-25 14:59:00+00:00,NCNO,37.66999816894531,37.66999816894531,37.66999816894531,37.66999816894531,37.66999816894531,437.0
2024-10-25 14:59:00+00:00,NICE,174.6199951171875,174.6199951171875,174.6199951171875,174.6199951171875,174.6199951171875,628.0
2024-10-25 14:59:00+00:00,NNDM,2.325000047683716,2.325000047683716,2.325000047683716,2.325000047683716,2.325000047683716,1480.0
2024-10-25 14:59:00+00:00,NTAP,119.86000061035156,119.86000061035156,119.86000061035156,119.81999969482422,119.81999969482422,3093.0
2024-10-25 14:59:00+00:00,NTNX,62.09000015258789,62.09000015258789,62.09000015258789,62.09000015258789,62.09000015258789,1075.0
2024-10-25 14:59:00+00:00,NTWK,3.1449999809265137,3.1449999809265137,3.1449999809265137,3.1449999809265137,3.1449999809265137,0.0
2024-10-25 14:59:00+00:00,NVDA,142.00399780273438,142.00399780273438,142.11000061035156,141.99000549316406,142.0198974609375,245494.0
2024-10-25 14:59:00+00:00,NVEI,33.4900016784668,33.4900016784668,33.4900016784668,33.4900016784668,33.4900016784668,310.0
2024-10-25 14:59:00+00:00,NVTS,2.5388998985290527,2.5388998985290527,2.5388998985290527,2.5388998985290527,2.5388998985290527,152.0
2024-10-25 14:59:00+00:00,NXPI,244.0850067138672,244.0850067138672,244.0850067138672,244.0850067138672,244.0850067138672,1084.0
2024-10-25 14:59:00+00:00,OKTA,72.2300033569336,72.2300033569336,72.23999786376953,72.22000122070312,72.22000122070312,1549.0
2024-10-25 14:59:00+00:00,ON,71.44999694824219,71.44999694824219,71.49500274658203,71.44999694824219,71.4800033569336,13718.0
2024-10-25 14:59:00+00:00,ONDS,0.8503000140190125,0.8503000140190125,0.8503000140190125,0.8503000140190125,0.8503000140190125,0.0
2024-10-25 14:59:00+00:00,OSIS,135.47999572753906,135.47999572753906,135.47999572753906,135.47999572753906,135.47999572753906,595.0
2024-10-25 14:59:00+00:00,OSS,2.384999990463257,2.384999990463257,2.384999990463257,2.384999990463257,2.384999990463257,236.0
2024-10-25 14:59:00+00:00,PANW,367.2449951171875,367.2449951171875,367.2449951171875,367.05999755859375,367.05999755859375,1125.0
2024-10-25 14:59:00+00:00,PAYO,8.324999809265137,8.324999809265137,8.324999809265137,8.319999694824219,8.319999694824219,606.0
2024-10-25 14:59:00+00:00,PEGA,78.91999816894531,78.91999816894531,78.94999694824219,78.86499786376953,78.86499786376953,1669.0
2024-10-25 14:59:00+00:00,PHUN,10.53499984741211,10.53499984741211,10.588000297546387,10.5,10.585000038146973,45847.0
2024-10-25 14:59:00+00:00,PI,202.57000732421875,202.57000732421875,202.57359313964844,202.57000732421875,202.57359313964844,706.0
2024-10-25 14:59:00+00:00,PLAB,23.681100845336914,23.681100845336914,23.690000534057617,23.681100845336914,23.690000534057617,629.0
2024-10-25 14:59:00+00:00,PLXS,141.85000610351562,141.85000610351562,142.0,141.85000610351562,142.0,890.0
2024-10-25 14:59:00+00:00,POET,3.8559999465942383,3.8559999465942383,3.8559999465942383,3.8559999465942383,3.8559999465942383,394.0
2024-10-25 14:59:00+00:00,PRCH,1.2949999570846558,1.2949999570846558,1.2979999780654907,1.2949999570846558,1.2979999780654907,369.0
2024-10-25 14:59:00+00:00,PTC,187.32000732421875,187.32000732421875,187.32000732421875,187.2899932861328,187.2899932861328,916.0
2024-10-25 14:59:00+00:00,PYCR,14.34000015258789,14.34000015258789,14.345000267028809,14.34000015258789,14.345000267028809,952.0
2024-10-25 14:59:00+00:00,QCOM,171.22000122070312,171.22000122070312,171.2550048828125,171.2100067138672,171.24000549316406,4841.0
2024-10-25 14:59:00+00:00,QMCO,5.190000057220459,5.190000057220459,5.190000057220459,5.190000057220459,5.190000057220459,222.0
2024-10-25 14:59:00+00:00,QRVO,100.12000274658203,100.12000274658203,100.12000274658203,100.12000274658203,100.12000274658203,543.0
2024-10-25 14:59:00+00:00,QUBT,1.0759999752044678,1.0759999752044678,1.0759999752044678,1.0759999752044678,1.0759999752044678,727.0
2024-10-25 14:59:00+00:00,RCAT,2.755000114440918,2.755000114440918,2.759500026702881,2.755000114440918,2.759500026702881,3754.0
2024-10-25 14:59:00+00:00,RELL,14.039999961853027,14.039999961853027,14.039999961853027,14.039999961853027,14.039999961853027,184.0
2024-10-25 14:59:00+00:00,RELY,14.854999542236328,14.854999542236328,14.854999542236328,14.854999542236328,14.854999542236328,802.0
2024-10-25 14:59:00+00:00,RGTI,1.2350000143051147,1.2350000143051147,1.2350000143051147,1.2300000190734863,1.2350000143051147,1371.0
2024-10-25 14:59:00+00:00,RIOT,9.774999618530273,9.774999618530273,9.779999732971191,9.77400016784668,9.779999732971191,49037.0
2024-10-25 14:59:00+00:00,RMBS,43.47999954223633,43.47999954223633,43.4900016784668,43.47999954223633,43.4900016784668,2324.0
2024-10-25 14:59:00+00:00,RMNI,1.715000033378601,1.715000033378601,1.715000033378601,1.715000033378601,1.715000033378601,0.0
2024-10-25 14:59:00+00:00,RPAY,7.71999979019165,7.71999979019165,7.71999979019165,7.704999923706055,7.704999923706055,1488.0
2024-10-25 14:59:00+00:00,RPD,39.02000045776367,39.02000045776367,39.02000045776367,39.02000045776367,39.02000045776367,521.0
2024-10-25 14:59:00+00:00,RUM,5.78000020980835,5.78000020980835,5.78000020980835,5.78000020980835,5.78000020980835,859.0
2024-10-25 14:59:00+00:00,RUN,14.414999961853027,14.414999961853027,14.414999961853027,14.40999984741211,14.40999984741211,2017.0
2024-10-25 14:59:00+00:00,SANM,67.625,67.625,67.625,67.625,67.625,111.0
2024-10-25 14:59:00+00:00,SATS,25.360000610351562,25.360000610351562,25.360000610351562,25.360000610351562,25.360000610351562,522.0
2024-10-25 14:59:00+00:00,SCSC,44.779998779296875,44.779998779296875,44.779998779296875,44.779998779296875,44.779998779296875,417.0
2024-10-25 14:59:00+00:00,SEDG,15.869999885559082,15.869999885559082,15.880000114440918,15.819999694824219,15.829999923706055,3762.0
2024-10-25 14:59:00+00:00,SHLS,5.255000114440918,5.255000114440918,5.260000228881836,5.250100135803223,5.255000114440918,4303.0
2024-10-25 14:59:00+00:00,SMCI,47.5099983215332,47.5099983215332,47.54600143432617,47.500099182128906,47.54499816894531,26773.0
2024-10-25 14:59:00+00:00,SMTC,45.75,45.75,45.75,45.75,45.75,334.0
2024-10-25 14:59:00+00:00,SNPS,503.05499267578125,503.05499267578125,503.05499267578125,503.05499267578125,503.05499267578125,1002.0
2024-10-25 14:59:00+00:00,SONO,12.704999923706055,12.704999923706055,12.704999923706055,12.699999809265137,12.70110034942627,2267.0
2024-10-25 14:59:00+00:00,SOUN,5.184999942779541,5.184999942779541,5.190000057220459,5.170000076293945,5.175000190734863,32282.0
2024-10-25 14:59:00+00:00,SRAD,12.369999885559082,12.369999885559082,12.369999885559082,12.369999885559082,12.369999885559082,568.0
2024-10-25 14:59:00+00:00,SSNC,69.81500244140625,69.81500244140625,69.81999969482422,69.81500244140625,69.81999969482422,1532.0
2024-10-25 14:59:00+00:00,SSYS,7.045000076293945,7.045000076293945,7.045000076293945,7.045000076293945,7.045000076293945,216.0
2024-10-25 14:59:00+00:00,STER,16.735000610351562,16.735000610351562,16.735000610351562,16.735000610351562,16.735000610351562,141.0
2024-10-25 14:59:00+00:00,STNE,11.555000305175781,11.555000305175781,11.5600004196167,11.555000305175781,11.555000305175781,1346.0
2024-10-25 14:59:00+00:00,STX,103.84500122070312,103.84500122070312,103.87999725341797,103.80999755859375,103.87999725341797,3888.0
2024-10-25 14:59:00+00:00,SVRE,0.07800000160932541,0.07800000160932541,0.07810000330209732,0.07800000160932541,0.07810000330209732,6191.0
2024-10-25 14:59:00+00:00,SWKS,95.95999908447266,95.95999908447266,95.96499633789062,95.95999908447266,95.96499633789062,1325.0
2024-10-25 14:59:00+00:00,TACT,4.164999961853027,4.164999961853027,4.164999961853027,4.164999961853027,4.164999961853027,151.0
2024-10-25 14:59:00+00:00,TEAM,189.40499877929688,189.40499877929688,189.40499877929688,189.26499938964844,189.26499938964844,3642.0
2024-10-25 14:59:00+00:00,TER,112.23999786376953,112.23999786376953,112.33000183105469,112.23999786376953,112.2699966430664,4634.0
2024-10-25 14:59:00+00:00,TRMB,61.040000915527344,61.040000915527344,61.040000915527344,61.03499984741211,61.040000915527344,596.0
2024-10-25 14:59:00+00:00,TSEM,44.724998474121094,44.724998474121094,44.724998474121094,44.724998474121094,44.724998474121094,781.0
2024-10-25 14:59:00+00:00,TTD,119.00499725341797,119.00499725341797,119.02999877929688,118.9749984741211,118.98999786376953,2338.0
2024-10-25 14:59:00+00:00,TWKS,4.440000057220459,4.440000057220459,4.440000057220459,4.440000057220459,4.440000057220459,569.0
2024-10-25 14:59:00+00:00,TXN,207.8800048828125,207.8800048828125,207.9499969482422,207.8699951171875,207.88999938964844,2899.0
2024-10-25 14:59:00+00:00,UCTT,35.81999969482422,35.81999969482422,35.84000015258789,35.81999969482422,35.84000015258789,1310.0
2024-10-25 14:59:00+00:00,VERX,41.970001220703125,41.970001220703125,41.994998931884766,41.970001220703125,41.9900016784668,1772.0
2024-10-25 14:59:00+00:00,VICR,46.73609924316406,46.73609924316406,46.73609924316406,46.685001373291016,46.685001373291016,1331.0
2024-10-25 14:59:00+00:00,VNET,3.3949999809265137,3.3949999809265137,3.3949999809265137,3.3949999809265137,3.3949999809265137,1280.0
2024-10-25 14:59:00+00:00,VRNT,21.940000534057617,21.940000534057617,21.940000534057617,21.940000534057617,21.940000534057617,776.0
2024-10-25 14:59:00+00:00,VRSN,183.14999389648438,183.14999389648438,183.14999389648438,183.14999389648438,183.14999389648438,1056.0
2024-10-25 14:59:00+00:00,VS,2.5067999362945557,2.5067999362945557,2.5067999362945557,2.5067999362945557,2.5067999362945557,1000.0
2024-10-25 14:59:00+00:00,VSAT,10.158900260925293,10.158900260925293,10.158900260925293,10.156000137329102,10.156000137329102,495.0
2024-10-25 14:59:00+00:00,VUZI,1.2940000295639038,1.2940000295639038,1.2940000295639038,1.2940000295639038,1.2940000295639038,216.0
2024-10-25 14:59:00+00:00,WDAY,238.52000427246094,238.52000427246094,238.6199951171875,238.47999572753906,238.47999572753906,1098.0
2024-10-25 14:59:00+00:00,WDC,70.05999755859375,70.05999755859375,70.08000183105469,70.0199966430664,70.05000305175781,14806.0
2024-10-25 14:59:00+00:00,WISA,2.009999990463257,2.009999990463257,2.030100107192993,2.009999990463257,2.0299999713897705,2146.0
2024-10-25 14:59:00+00:00,WLDS,3.609999895095825,3.609999895095825,3.609999895095825,3.609999895095825,3.609999895095825,105.0
2024-10-25 14:59:00+00:00,WRAP,1.806399941444397,1.806399941444397,1.806399941444397,1.806399941444397,1.806399941444397,623.0
2024-10-25 14:59:00+00:00,XRX,10.010000228881836,10.010000228881836,10.010000228881836,10.010000228881836,10.010000228881836,275.0
2024-10-25 14:59:00+00:00,ZBRA,361.2699890136719,361.2699890136719,361.3999938964844,361.2699890136719,361.3999938964844,1593.0
2024-10-25 14:59:00+00:00,ZI,10.5,10.5,10.5,10.494999885559082,10.499099731445312,2571.0
2024-10-25 14:59:00+00:00,ZM,72.9800033569336,72.9800033569336,73.0,72.95999908447266,72.95999908447266,3809.0
2024-10-25 14:59:00+00:00,ZS,185.02920532226562,185.02920532226562,185.02920532226562,185.02920532226562,185.02920532226562,1708.0
2024-10-25 15:00:00+00:00,AAOI,17.610000610351562,17.610000610351562,17.684999465942383,17.610000610351562,17.684999465942383,3792.0
2024-10-25 15:00:00+00:00,AAPL,232.0,232.0,232.1300048828125,231.99000549316406,232.1199951171875,34355.0
2024-10-25 15:00:00+00:00,ACIW,48.935001373291016,48.935001373291016,48.935001373291016,48.935001373291016,48.935001373291016,374.0
2024-10-25 15:00:00+00:00,ACLS,90.19000244140625,90.19000244140625,90.20999908447266,90.1500015258789,90.19999694824219,2682.0
2024-10-25 15:00:00+00:00,ACMR,19.639999389648438,19.639999389648438,19.639999389648438,19.639999389648438,19.639999389648438,3068.0
2024-10-25 15:00:00+00:00,ADBE,483.010009765625,483.010009765625,483.260009765625,482.9800109863281,483.260009765625,11093.0
2024-10-25 15:00:00+00:00,ADI,231.17999267578125,231.17999267578125,231.47999572753906,231.17999267578125,231.47999572753906,2875.0
2024-10-25 15:00:00+00:00,ADSK,286.67498779296875,286.67498779296875,286.67999267578125,286.67498779296875,286.67999267578125,1644.0
2024-10-25 15:00:00+00:00,ADTN,6.269999980926514,6.269999980926514,6.275000095367432,6.269999980926514,6.269999980926514,1577.0
2024-10-25 15:00:00+00:00,AEHR,16.954500198364258,16.954500198364258,16.969999313354492,16.954500198364258,16.969999313354492,1750.0
2024-10-25 15:00:00+00:00,AFRM,41.25199890136719,41.25199890136719,41.279998779296875,41.244998931884766,41.25,8865.0
2024-10-25 15:00:00+00:00,AIRG,9.069999694824219,9.069999694824219,9.069999694824219,9.069999694824219,9.069999694824219,600.0
2024-10-25 15:00:00+00:00,AKAM,102.16500091552734,102.16500091552734,102.19499969482422,102.16500091552734,102.16999816894531,1135.0
2024-10-25 15:00:00+00:00,AKTS,0.05950000137090683,0.05950000137090683,0.05959999933838844,0.05950000137090683,0.05950000137090683,35978.0
2024-10-25 15:00:00+00:00,ALGM,23.1299991607666,23.1299991607666,23.149999618530273,23.1200008392334,23.139999389648438,11258.0
2024-10-25 15:00:00+00:00,ALKT,38.209999084472656,38.209999084472656,38.209999084472656,38.209999084472656,38.209999084472656,356.0
2024-10-25 15:00:00+00:00,ALRM,54.529998779296875,54.529998779296875,54.529998779296875,54.529998779296875,54.529998779296875,305.0
2024-10-25 15:00:00+00:00,ALTR,104.22000122070312,104.22000122070312,104.2300033569336,104.22000122070312,104.22000122070312,1717.0
2024-10-25 15:00:00+00:00,AMAT,187.2449951171875,187.2449951171875,187.39999389648438,187.2449951171875,187.39999389648438,4063.0
2024-10-25 15:00:00+00:00,AMBA,57.95000076293945,57.95000076293945,57.9900016784668,57.95000076293945,57.9900016784668,308.0
2024-10-25 15:00:00+00:00,AMD,156.42799377441406,156.42799377441406,156.61500549316406,156.4080047607422,156.60000610351562,70932.0
2024-10-25 15:00:00+00:00,AMKR,30.020000457763672,30.020000457763672,30.049999237060547,30.020000457763672,30.049999237060547,5686.0
2024-10-25 15:00:00+00:00,AMPL,9.100000381469727,9.100000381469727,9.100000381469727,9.100000381469727,9.100000381469727,1562.0
2024-10-25 15:00:00+00:00,AOSL,36.310001373291016,36.310001373291016,36.310001373291016,36.310001373291016,36.310001373291016,329.0
2024-10-25 15:00:00+00:00,APP,161.44009399414062,161.44009399414062,161.5637969970703,161.44009399414062,161.50999450683594,3344.0
2024-10-25 15:00:00+00:00,APPF,212.42999267578125,212.42999267578125,212.42999267578125,212.22000122070312,212.22000122070312,1830.0
2024-10-25 15:00:00+00:00,APPN,32.130001068115234,32.130001068115234,32.130001068115234,32.130001068115234,32.130001068115234,163.0
2024-10-25 15:00:00+00:00,APPS,3.0736000537872314,3.0736000537872314,3.075000047683716,3.069999933242798,3.069999933242798,1908.0
2024-10-25 15:00:00+00:00,ARQQ,7.159999847412109,7.159999847412109,7.159999847412109,7.159999847412109,7.159999847412109,1878.0
2024-10-25 15:00:00+00:00,ARRY,6.40500020980835,6.40500020980835,6.429999828338623,6.40500020980835,6.425000190734863,15466.0
2024-10-25 15:00:00+00:00,ASML,714.8751220703125,714.8751220703125,715.02001953125,714.6699829101562,715.02001953125,2306.0
2024-10-25 15:00:00+00:00,ASNS,1.3049999475479126,1.3049999475479126,1.3049999475479126,1.2999999523162842,1.2999999523162842,3130.0
2024-10-25 15:00:00+00:00,AUR,6.364999771118164,6.364999771118164,6.380000114440918,6.364999771118164,6.380000114440918,20441.0
2024-10-25 15:00:00+00:00,AVDX,8.145000457763672,8.145000457763672,8.145000457763672,8.145000457763672,8.145000457763672,693.0
2024-10-25 15:00:00+00:00,AVGO,174.17999267578125,174.17999267578125,174.4949951171875,174.16000366210938,174.4949951171875,29727.0
2024-10-25 15:00:00+00:00,AVPT,11.899999618530273,11.899999618530273,11.899999618530273,11.899999618530273,11.899999618530273,1554.0
2024-10-25 15:00:00+00:00,AVT,54.04999923706055,54.04999923706055,54.08000183105469,54.04999923706055,54.08000183105469,1710.0
2024-10-25 15:00:00+00:00,BAND,17.7549991607666,17.7549991607666,17.7549991607666,17.7549991607666,17.7549991607666,859.0
2024-10-25 15:00:00+00:00,BL,56.25,56.25,56.27000045776367,56.25,56.27000045776367,2364.0
2024-10-25 15:00:00+00:00,BLKB,85.94000244140625,85.94000244140625,85.94000244140625,85.94000244140625,85.94000244140625,2340.0
2024-10-25 15:00:00+00:00,BMBL,7.059999942779541,7.059999942779541,7.059999942779541,7.059999942779541,7.059999942779541,1619.0
2024-10-25 15:00:00+00:00,BRZE,30.700000762939453,30.700000762939453,30.700000762939453,30.700000762939453,30.700000762939453,1021.0
2024-10-25 15:00:00+00:00,CAMT,77.73999786376953,77.73999786376953,77.73999786376953,77.73999786376953,77.73999786376953,596.0
2024-10-25 15:00:00+00:00,CAN,0.9750000238418579,0.9750000238418579,0.9750999808311462,0.9750000238418579,0.9750999808311462,1046.0
2024-10-25 15:00:00+00:00,CDNS,257.9627990722656,257.9627990722656,258.2650146484375,257.9627990722656,258.2650146484375,3795.0
2024-10-25 15:00:00+00:00,CDW,218.10499572753906,218.10499572753906,218.16000366210938,218.0800018310547,218.16000366210938,1848.0
2024-10-25 15:00:00+00:00,CFLT,22.53499984741211,22.53499984741211,22.559999465942383,22.53499984741211,22.559999465942383,4641.0
2024-10-25 15:00:00+00:00,CGNT,6.630000114440918,6.630000114440918,6.630000114440918,6.630000114440918,6.630000114440918,431.0
2024-10-25 15:00:00+00:00,CGNX,38.90999984741211,38.90999984741211,38.919898986816406,38.904998779296875,38.90999984741211,4822.0
2024-10-25 15:00:00+00:00,CLBT,18.219999313354492,18.219999313354492,18.219999313354492,18.219999313354492,18.219999313354492,402.0
2024-10-25 15:00:00+00:00,CLSK,11.664999961853027,11.664999961853027,11.670000076293945,11.649999618530273,11.664999961853027,40218.0
2024-10-25 15:00:00+00:00,CMTL,3.799999952316284,3.799999952316284,3.799999952316284,3.7899999618530273,3.7899999618530273,619.0
2024-10-25 15:00:00+00:00,COHR,95.7074966430664,95.7074966430664,95.77999877929688,95.66999816894531,95.73999786376953,6214.0
2024-10-25 15:00:00+00:00,COHU,26.059999465942383,26.059999465942383,26.06999969482422,26.059999465942383,26.06999969482422,2689.0
2024-10-25 15:00:00+00:00,COIN,207.05999755859375,207.05999755859375,207.12989807128906,206.74000549316406,207.02000427246094,14838.0
2024-10-25 15:00:00+00:00,COMM,6.244999885559082,6.244999885559082,6.25,6.244999885559082,6.25,2258.0
2024-10-25 15:00:00+00:00,CORZ,13.329999923706055,13.329999923706055,13.369999885559082,13.324999809265137,13.369999885559082,22074.0
2024-10-25 15:00:00+00:00,CRDO,39.08000183105469,39.08000183105469,39.13999938964844,39.08000183105469,39.13999938964844,6448.0
2024-10-25 15:00:00+00:00,CRUS,122.3499984741211,122.3499984741211,122.3499984741211,122.3499984741211,122.3499984741211,319.0
2024-10-25 15:00:00+00:00,CRWD,298.260009765625,298.260009765625,298.6068115234375,297.79998779296875,298.6068115234375,10865.0
2024-10-25 15:00:00+00:00,CSCO,55.775001525878906,55.775001525878906,55.790000915527344,55.775001525878906,55.790000915527344,9224.0
2024-10-25 15:00:00+00:00,CSIQ,13.404999732971191,13.404999732971191,13.420000076293945,13.404999732971191,13.404999732971191,4000.0
2024-10-25 15:00:00+00:00,CTLP,8.880000114440918,8.880000114440918,8.880000114440918,8.880000114440918,8.880000114440918,789.0
2024-10-25 15:00:00+00:00,CTSH,74.73500061035156,74.73500061035156,74.76000213623047,74.73500061035156,74.76000213623047,13037.0
2024-10-25 15:00:00+00:00,CVLT,134.4199981689453,134.4199981689453,134.49000549316406,134.35000610351562,134.49000549316406,1492.0
2024-10-25 15:00:00+00:00,CYBR,290.135009765625,290.135009765625,290.135009765625,290.135009765625,290.135009765625,856.0
2024-10-25 15:00:00+00:00,DAKT,13.069999694824219,13.069999694824219,13.079999923706055,13.069999694824219,13.079999923706055,1055.0
2024-10-25 15:00:00+00:00,DAVE,38.7307014465332,38.7307014465332,38.823001861572266,38.7307014465332,38.77000045776367,1757.0
2024-10-25 15:00:00+00:00,DBX,26.075000762939453,26.075000762939453,26.084999084472656,26.075000762939453,26.079999923706055,5576.0
2024-10-25 15:00:00+00:00,DDOG,126.16999816894531,126.16999816894531,126.2300033569336,126.12000274658203,126.19999694824219,16137.0
2024-10-25 15:00:00+00:00,DGHI,1.4500000476837158,1.4500000476837158,1.4500000476837158,1.4500000476837158,1.4500000476837158,581.0
2024-10-25 15:00:00+00:00,DGII,30.114999771118164,30.114999771118164,30.1200008392334,30.114999771118164,30.1200008392334,709.0
2024-10-25 15:00:00+00:00,DIOD,65.0,65.0,65.16000366210938,65.0,65.16000366210938,1057.0
2024-10-25 15:00:00+00:00,DLO,8.859999656677246,8.859999656677246,8.859999656677246,8.859999656677246,8.859999656677246,544.0
2024-10-25 15:00:00+00:00,DOCU,69.11000061035156,69.11000061035156,69.11000061035156,69.08999633789062,69.0999984741211,2132.0
2024-10-25 15:00:00+00:00,DSGX,104.20999908447266,104.20999908447266,104.20999908447266,104.20999908447266,104.20999908447266,491.0
2024-10-25 15:00:00+00:00,DSP,11.489999771118164,11.489999771118164,11.489999771118164,11.489999771118164,11.489999771118164,905.0
2024-10-25 15:00:00+00:00,EEFT,100.19499969482422,100.19499969482422,100.19499969482422,100.19499969482422,100.19499969482422,1268.0
2024-10-25 15:00:00+00:00,EGAN,4.775000095367432,4.775000095367432,4.775000095367432,4.775000095367432,4.775000095367432,258.0
2024-10-25 15:00:00+00:00,ENPH,83.58599853515625,83.58599853515625,83.62999725341797,83.56999969482422,83.61000061035156,1754.0
2024-10-25 15:00:00+00:00,ENTG,105.05000305175781,105.05000305175781,105.16500091552734,105.05000305175781,105.11000061035156,4180.0
2024-10-25 15:00:00+00:00,ERIC,8.454999923706055,8.454999923706055,8.454999923706055,8.454999923706055,8.454999923706055,9043.0
2024-10-25 15:00:00+00:00,EXLS,38.75,38.75,38.75,38.75,38.75,1008.0
2024-10-25 15:00:00+00:00,EXTR,14.369999885559082,14.369999885559082,14.375,14.369999885559082,14.375,1738.0
2024-10-25 15:00:00+00:00,FFIV,216.75999450683594,216.75999450683594,216.83999633789062,216.6999969482422,216.7899932861328,9353.0
2024-10-25 15:00:00+00:00,FIVN,29.899999618530273,29.899999618530273,29.899999618530273,29.860000610351562,29.8700008392334,4588.0
2024-10-25 15:00:00+00:00,FLEX,35.209999084472656,35.209999084472656,35.25,35.209999084472656,35.25,4331.0
2024-10-25 15:00:00+00:00,FLYW,17.34000015258789,17.34000015258789,17.34000015258789,17.309999465942383,17.309999465942383,3573.0
2024-10-25 15:00:00+00:00,FORM,44.790000915527344,44.790000915527344,44.8025016784668,44.790000915527344,44.8025016784668,1123.0
2024-10-25 15:00:00+00:00,FROG,29.329999923706055,29.329999923706055,29.329999923706055,29.31999969482422,29.329999923706055,2069.0
2024-10-25 15:00:00+00:00,FRSH,11.614999771118164,11.614999771118164,11.619999885559082,11.614999771118164,11.619999885559082,3339.0
2024-10-25 15:00:00+00:00,FSLR,198.47999572753906,198.47999572753906,198.6199951171875,198.35989379882812,198.6199951171875,3694.0
2024-10-25 15:00:00+00:00,FTCI,0.652999997138977,0.652999997138977,0.652999997138977,0.652999997138977,0.652999997138977,1065.0
2024-10-25 15:00:00+00:00,FTNT,80.55000305175781,80.55000305175781,80.58000183105469,80.54499816894531,80.56500244140625,1453.0
2024-10-25 15:00:00+00:00,GCT,24.475000381469727,24.475000381469727,24.5,24.469999313354492,24.5,2577.0
2024-10-25 15:00:00+00:00,GDS,21.329999923706055,21.329999923706055,21.329999923706055,21.31999969482422,21.31999969482422,524.0
2024-10-25 15:00:00+00:00,GDYN,15.619999885559082,15.619999885559082,15.619999885559082,15.619999885559082,15.619999885559082,508.0
2024-10-25 15:00:00+00:00,GFS,40.52000045776367,40.52000045776367,40.56999969482422,40.52000045776367,40.56999969482422,3107.0
2024-10-25 15:00:00+00:00,GPRO,1.315000057220459,1.315000057220459,1.315000057220459,1.315000057220459,1.315000057220459,760.0
2024-10-25 15:00:00+00:00,GRAB,4.090000152587891,4.090000152587891,4.09499979019165,4.090000152587891,4.09499979019165,15164.0
2024-10-25 15:00:00+00:00,GSIT,3.3919999599456787,3.3919999599456787,3.3919999599456787,3.3919999599456787,3.3919999599456787,101.0
2024-10-25 15:00:00+00:00,GTLB,55.0099983215332,55.0099983215332,55.04999923706055,55.0099983215332,55.040000915527344,1899.0
2024-10-25 15:00:00+00:00,HCP,33.654998779296875,33.654998779296875,33.654998779296875,33.654998779296875,33.654998779296875,978.0
2024-10-25 15:00:00+00:00,HEAR,16.489999771118164,16.489999771118164,16.489999771118164,16.489999771118164,16.489999771118164,890.0
2024-10-25 15:00:00+00:00,HLIT,14.789999961853027,14.789999961853027,14.789999961853027,14.789999961853027,14.789999961853027,458.0
2024-10-25 15:00:00+00:00,HOLO,3.6298999786376953,3.6298999786376953,3.630000114440918,3.609999895095825,3.609999895095825,1776.0
2024-10-25 15:00:00+00:00,HOOD,27.135000228881836,27.135000228881836,27.15999984741211,27.125,27.15999984741211,26689.0
2024-10-25 15:00:00+00:00,IIIV,22.895000457763672,22.895000457763672,22.895000457763672,22.895000457763672,22.895000457763672,650.0
2024-10-25 15:00:00+00:00,IMMR,8.680000305175781,8.680000305175781,8.680000305175781,8.680000305175781,8.680000305175781,609.0
2024-10-25 15:00:00+00:00,IMXI,17.6299991607666,17.6299991607666,17.6299991607666,17.6299991607666,17.6299991607666,360.0
2024-10-25 15:00:00+00:00,INDI,3.4749999046325684,3.4749999046325684,3.4800000190734863,3.4749999046325684,3.4800000190734863,2643.0
2024-10-25 15:00:00+00:00,INFN,6.760000228881836,6.760000228881836,6.760000228881836,6.760000228881836,6.760000228881836,101.0
2024-10-25 15:00:00+00:00,INOD,20.309999465942383,20.309999465942383,20.356700897216797,20.309999465942383,20.334999084472656,691.0
2024-10-25 15:00:00+00:00,INTA,50.02000045776367,50.02000045776367,50.04499816894531,50.02000045776367,50.04499816894531,1251.0
2024-10-25 15:00:00+00:00,INTC,22.860000610351562,22.860000610351562,22.90999984741211,22.854999542236328,22.90999984741211,147775.0
2024-10-25 15:00:00+00:00,INTU,609.0,609.0,609.0,608.739990234375,609.0,2180.0
2024-10-25 15:00:00+00:00,ITI,7.199999809265137,7.199999809265137,7.199999809265137,7.195000171661377,7.195000171661377,957.0
2024-10-25 15:00:00+00:00,JAMF,16.799999237060547,16.799999237060547,16.799999237060547,16.790000915527344,16.790000915527344,1852.0
2024-10-25 15:00:00+00:00,JKHY,182.9250030517578,182.9250030517578,182.9600067138672,182.8699951171875,182.92999267578125,1865.0
2024-10-25 15:00:00+00:00,KC,2.680000066757202,2.680000066757202,2.684999942779541,2.680000066757202,2.684999942779541,400.0
2024-10-25 15:00:00+00:00,KLAC,675.260009765625,675.260009765625,675.7000122070312,675.260009765625,675.6799926757812,4275.0
2024-10-25 15:00:00+00:00,KLIC,44.630001068115234,44.630001068115234,44.630001068115234,44.630001068115234,44.630001068115234,775.0
2024-10-25 15:00:00+00:00,KOPN,0.7799999713897705,0.7799999713897705,0.7799999713897705,0.7799999713897705,0.7799999713897705,110.0
2024-10-25 15:00:00+00:00,LASR,10.399999618530273,10.399999618530273,10.399999618530273,10.399999618530273,10.399999618530273,328.0
2024-10-25 15:00:00+00:00,LINK,4.78000020980835,4.78000020980835,4.78000020980835,4.78000020980835,4.78000020980835,206.0
2024-10-25 15:00:00+00:00,LITE,64.50499725341797,64.50499725341797,64.55500030517578,64.5,64.55500030517578,2471.0
2024-10-25 15:00:00+00:00,LOGI,80.68000030517578,80.68000030517578,80.76000213623047,80.68000030517578,80.76000213623047,907.0
2024-10-25 15:00:00+00:00,LPSN,1.1799999475479126,1.1799999475479126,1.1799999475479126,1.1791000366210938,1.1791000366210938,9683.0
2024-10-25 15:00:00+00:00,LRCX,78.5,78.5,78.5999984741211,78.4800033569336,78.5999984741211,24968.0
2024-10-25 15:00:00+00:00,LSCC,54.13999938964844,54.13999938964844,54.27000045776367,54.13999938964844,54.27000045776367,3142.0
2024-10-25 15:00:00+00:00,LYFT,13.813599586486816,13.813599586486816,13.813599586486816,13.805000305175781,13.8100004196167,17667.0
2024-10-25 15:00:00+00:00,LYT,1.9299999475479126,1.9299999475479126,1.9299999475479126,1.9299999475479126,1.9299999475479126,121.0
2024-10-25 15:00:00+00:00,LYTS,16.219999313354492,16.219999313354492,16.219999313354492,16.219999313354492,16.219999313354492,509.0
2024-10-25 15:00:00+00:00,MANH,275.94000244140625,275.94000244140625,275.94000244140625,275.7099914550781,275.79998779296875,4647.0
2024-10-25 15:00:00+00:00,MCHP,76.7300033569336,76.7300033569336,76.88999938964844,76.7300033569336,76.88999938964844,9944.0
2024-10-25 15:00:00+00:00,MDB,267.2099914550781,267.2099914550781,267.3125,267.19000244140625,267.3125,2237.0
2024-10-25 15:00:00+00:00,MITK,8.755000114440918,8.755000114440918,8.755000114440918,8.75,8.755000114440918,2452.0
2024-10-25 15:00:00+00:00,MKSI,101.1449966430664,101.1449966430664,101.25,101.12999725341797,101.25,3070.0
2024-10-25 15:00:00+00:00,MPWR,909.0599975585938,909.0599975585938,909.8099975585938,909.0599975585938,909.8099975585938,639.0
2024-10-25 15:00:00+00:00,MQ,5.304999828338623,5.304999828338623,5.304999828338623,5.304999828338623,5.304999828338623,2068.0
2024-10-25 15:00:00+00:00,MRVL,82.06500244140625,82.06500244140625,82.19999694824219,82.05999755859375,82.19999694824219,9916.0
2024-10-25 15:00:00+00:00,MSFT,428.7300109863281,428.7300109863281,429.0199890136719,428.7200012207031,429.0199890136719,10196.0
2024-10-25 15:00:00+00:00,MSTR,234.3800048828125,234.3800048828125,234.42129516601562,233.5926055908203,234.33999633789062,45142.0
2024-10-25 15:00:00+00:00,MTSI,120.98500061035156,120.98500061035156,121.05000305175781,120.95999908447266,120.95999908447266,6364.0
2024-10-25 15:00:00+00:00,MTTR,4.579999923706055,4.579999923706055,4.590000152587891,4.579999923706055,4.590000152587891,3503.0
2024-10-25 15:00:00+00:00,MU,108.31999969482422,108.31999969482422,108.5,108.31999969482422,108.48999786376953,16972.0
2024-10-25 15:00:00+00:00,MVIS,1.0800000429153442,1.0800000429153442,1.0800000429153442,1.0800000429153442,1.0800000429153442,928.0
2024-10-25 15:00:00+00:00,MXL,14.819999694824219,14.819999694824219,14.829999923706055,14.810400009155273,14.829999923706055,2688.0
2024-10-25 15:00:00+00:00,NCNO,37.66999816894531,37.66999816894531,37.68000030517578,37.66999816894531,37.67499923706055,2179.0
2024-10-25 15:00:00+00:00,NICE,174.74000549316406,174.74000549316406,174.74000549316406,174.74000549316406,174.74000549316406,675.0
2024-10-25 15:00:00+00:00,NSIT,208.25999450683594,208.25999450683594,208.25999450683594,208.25999450683594,208.25999450683594,202.0
2024-10-25 15:00:00+00:00,NTNX,62.040000915527344,62.040000915527344,62.04090118408203,62.040000915527344,62.04090118408203,434.0
2024-10-25 15:00:00+00:00,NVDA,141.8498992919922,141.8498992919922,142.00999450683594,141.8300018310547,142.00999450683594,373327.0
2024-10-25 15:00:00+00:00,NVEI,33.4900016784668,33.4900016784668,33.4900016784668,33.4900016784668,33.4900016784668,2481.0
2024-10-25 15:00:00+00:00,NVMI,183.77000427246094,183.77000427246094,183.77999877929688,183.77000427246094,183.77999877929688,1214.0
2024-10-25 15:00:00+00:00,NVTS,2.5250000953674316,2.5250000953674316,2.5299999713897705,2.5250000953674316,2.5299999713897705,11724.0
2024-10-25 15:00:00+00:00,NXPI,243.7050018310547,243.7050018310547,244.00999450683594,243.63999938964844,243.99000549316406,8011.0
2024-10-25 15:00:00+00:00,OKTA,72.23999786376953,72.23999786376953,72.23999786376953,72.19000244140625,72.2300033569336,5076.0
2024-10-25 15:00:00+00:00,ON,71.44000244140625,71.44000244140625,71.52999877929688,71.41999816894531,71.43499755859375,29386.0
2024-10-25 15:00:00+00:00,OSPN,14.550000190734863,14.550000190734863,14.550000190734863,14.550000190734863,14.550000190734863,683.0
2024-10-25 15:00:00+00:00,OTEX,33.27000045776367,33.27000045776367,33.27000045776367,33.27000045776367,33.27000045776367,1255.0
2024-10-25 15:00:00+00:00,PANW,366.92999267578125,366.92999267578125,367.1099853515625,366.8999938964844,367.1099853515625,1304.0
2024-10-25 15:00:00+00:00,PAYO,8.319999694824219,8.319999694824219,8.319999694824219,8.319999694824219,8.319999694824219,2409.0
2024-10-25 15:00:00+00:00,PAYS,3.7100000381469727,3.7100000381469727,3.7100000381469727,3.7100000381469727,3.7100000381469727,1146.0
2024-10-25 15:00:00+00:00,PDFS,29.216800689697266,29.216800689697266,29.216800689697266,29.216800689697266,29.216800689697266,440.0
2024-10-25 15:00:00+00:00,PEGA,78.87999725341797,78.87999725341797,78.94999694824219,78.87999725341797,78.94999694824219,1255.0
2024-10-25 15:00:00+00:00,PGY,11.83650016784668,11.83650016784668,11.845000267028809,11.83650016784668,11.84000015258789,1468.0
2024-10-25 15:00:00+00:00,PHUN,10.510499954223633,10.510499954223633,10.5600004196167,10.510499954223633,10.529999732971191,24033.0
2024-10-25 15:00:00+00:00,PI,202.24000549316406,202.24000549316406,202.65499877929688,202.24000549316406,202.65499877929688,1140.0
2024-10-25 15:00:00+00:00,PLAB,23.639999389648438,23.639999389648438,23.670000076293945,23.639999389648438,23.670000076293945,1472.0
2024-10-25 15:00:00+00:00,PLUS,97.91999816894531,97.91999816894531,97.91999816894531,97.91999816894531,97.91999816894531,507.0
2024-10-25 15:00:00+00:00,PLXS,141.77000427246094,141.77000427246094,141.77000427246094,141.77000427246094,141.77000427246094,511.0
2024-10-25 15:00:00+00:00,POET,3.852099895477295,3.852099895477295,3.852099895477295,3.852099895477295,3.852099895477295,1151.0
2024-10-25 15:00:00+00:00,POWI,63.470001220703125,63.470001220703125,63.52000045776367,63.470001220703125,63.52000045776367,1544.0
2024-10-25 15:00:00+00:00,PRGS,64.55000305175781,64.55000305175781,64.55000305175781,64.55000305175781,64.55000305175781,442.0
2024-10-25 15:00:00+00:00,PTC,187.1999969482422,187.1999969482422,187.27999877929688,187.1699981689453,187.27999877929688,1512.0
2024-10-25 15:00:00+00:00,PUBM,14.720000267028809,14.720000267028809,14.720000267028809,14.720000267028809,14.720000267028809,543.0
2024-10-25 15:00:00+00:00,PYCR,14.350000381469727,14.350000381469727,14.350000381469727,14.34000015258789,14.34000015258789,5502.0
2024-10-25 15:00:00+00:00,QCOM,170.8000030517578,170.8000030517578,171.14999389648438,170.8000030517578,171.14999389648438,9934.0
2024-10-25 15:00:00+00:00,QLYS,120.54499816894531,120.54499816894531,120.54499816894531,120.54499816894531,120.54499816894531,783.0
2024-10-25 15:00:00+00:00,QRVO,99.97000122070312,99.97000122070312,100.06999969482422,99.97000122070312,100.06999969482422,2515.0
2024-10-25 15:00:00+00:00,RCAT,2.755000114440918,2.755000114440918,2.755000114440918,2.755000114440918,2.755000114440918,200.0
2024-10-25 15:00:00+00:00,RELY,14.854999542236328,14.854999542236328,14.854999542236328,14.850000381469727,14.854999542236328,1476.0
2024-10-25 15:00:00+00:00,RGTI,1.2350000143051147,1.2350000143051147,1.2350000143051147,1.2350000143051147,1.2350000143051147,336.0
2024-10-25 15:00:00+00:00,RIOT,9.763999938964844,9.763999938964844,9.779999732971191,9.760000228881836,9.774999618530273,65310.0
2024-10-25 15:00:00+00:00,RMBS,43.45500183105469,43.45500183105469,43.4900016784668,43.439998626708984,43.470001220703125,15742.0
2024-10-25 15:00:00+00:00,RMNI,1.7200000286102295,1.7200000286102295,1.7200000286102295,1.7100000381469727,1.7174999713897705,400.0
2024-10-25 15:00:00+00:00,RPAY,7.71999979019165,7.71999979019165,7.71999979019165,7.71999979019165,7.71999979019165,534.0
2024-10-25 15:00:00+00:00,RPD,39.0099983215332,39.0099983215332,39.0099983215332,39.0099983215332,39.0099983215332,216.0
2024-10-25 15:00:00+00:00,RUM,5.764999866485596,5.764999866485596,5.78000020980835,5.764999866485596,5.775000095367432,3780.0
2024-10-25 15:00:00+00:00,RUN,14.404999732971191,14.404999732971191,14.404999732971191,14.395000457763672,14.399999618530273,20581.0
2024-10-25 15:00:00+00:00,RXT,2.4800000190734863,2.4800000190734863,2.4800000190734863,2.4800000190734863,2.4800000190734863,4345.0
2024-10-25 15:00:00+00:00,SANM,67.59500122070312,67.59500122070312,67.62999725341797,67.58000183105469,67.625,1270.0
2024-10-25 15:00:00+00:00,SATS,25.360000610351562,25.360000610351562,25.360000610351562,25.360000610351562,25.360000610351562,1031.0
2024-10-25 15:00:00+00:00,SCSC,44.75,44.75,44.7599983215332,44.75,44.7599983215332,1543.0
2024-10-25 15:00:00+00:00,SEDG,15.904500007629395,15.904500007629395,15.920000076293945,15.850000381469727,15.859999656677246,22618.0
2024-10-25 15:00:00+00:00,SHLS,5.239999771118164,5.239999771118164,5.260000228881836,5.239999771118164,5.260000228881836,18324.0
2024-10-25 15:00:00+00:00,SIMO,56.400001525878906,56.400001525878906,56.400001525878906,56.400001525878906,56.400001525878906,232.0
2024-10-25 15:00:00+00:00,SITM,179.1999969482422,179.1999969482422,179.2899932861328,179.0800018310547,179.2899932861328,1115.0
2024-10-25 15:00:00+00:00,SKYT,10.5600004196167,10.5600004196167,10.5600004196167,10.550000190734863,10.550000190734863,1581.0
2024-10-25 15:00:00+00:00,SLAB,114.30999755859375,114.30999755859375,114.49500274658203,114.30999755859375,114.49500274658203,1049.0
2024-10-25 15:00:00+00:00,SMCI,47.47600173950195,47.47600173950195,47.5,47.42399978637695,47.5,30608.0
2024-10-25 15:00:00+00:00,SMTC,45.73500061035156,45.73500061035156,45.75,45.71500015258789,45.75,1075.0
2024-10-25 15:00:00+00:00,SNPS,502.95001220703125,502.95001220703125,502.95001220703125,502.95001220703125,502.95001220703125,922.0
2024-10-25 15:00:00+00:00,SONO,12.680000305175781,12.680000305175781,12.699999809265137,12.680000305175781,12.699999809265137,3715.0
2024-10-25 15:00:00+00:00,SOUN,5.187300205230713,5.187300205230713,5.187300205230713,5.179999828338623,5.179999828338623,2311.0
2024-10-25 15:00:00+00:00,SPSC,171.41749572753906,171.41749572753906,171.47500610351562,171.25,171.47500610351562,844.0
2024-10-25 15:00:00+00:00,SPT,26.93000030517578,26.93000030517578,26.93000030517578,26.93000030517578,26.93000030517578,696.0
2024-10-25 15:00:00+00:00,SSNC,69.77999877929688,69.77999877929688,69.81500244140625,69.77999877929688,69.81500244140625,4829.0
2024-10-25 15:00:00+00:00,SSYS,7.039999961853027,7.039999961853027,7.045000076293945,7.03000020980835,7.045000076293945,3131.0
2024-10-25 15:00:00+00:00,STNE,11.555000305175781,11.555000305175781,11.559000015258789,11.550000190734863,11.555000305175781,2684.0
2024-10-25 15:00:00+00:00,STX,103.76000213623047,103.76000213623047,103.81999969482422,103.76000213623047,103.81999969482422,3140.0
2024-10-25 15:00:00+00:00,SWKS,95.82499694824219,95.82499694824219,95.97000122070312,95.81999969482422,95.97000122070312,7100.0
2024-10-25 15:00:00+00:00,SYNA,72.20999908447266,72.20999908447266,72.33999633789062,72.20999908447266,72.33999633789062,1361.0
2024-10-25 15:00:00+00:00,TEAM,189.22999572753906,189.22999572753906,189.40499877929688,189.22000122070312,189.38999938964844,3433.0
2024-10-25 15:00:00+00:00,TENB,41.689998626708984,41.689998626708984,41.709999084472656,41.689998626708984,41.709999084472656,1359.0
2024-10-25 15:00:00+00:00,TER,112.05000305175781,112.05000305175781,112.22000122070312,112.05000305175781,112.22000122070312,6056.0
2024-10-25 15:00:00+00:00,TGL,0.6899999976158142,0.6899999976158142,0.6899999976158142,0.6899999976158142,0.6899999976158142,195.0
2024-10-25 15:00:00+00:00,TRMB,61.0,61.0,61.03499984741211,61.0,61.03499984741211,1918.0
2024-10-25 15:00:00+00:00,TSEM,44.70000076293945,44.70000076293945,44.70000076293945,44.70000076293945,44.70000076293945,332.0
2024-10-25 15:00:00+00:00,TTD,119.00499725341797,119.00499725341797,119.00499725341797,118.9800033569336,119.0,2148.0
2024-10-25 15:00:00+00:00,TTMI,19.6200008392334,19.6200008392334,19.6200008392334,19.610000610351562,19.610000610351562,336.0
2024-10-25 15:00:00+00:00,TWKS,4.440000057220459,4.440000057220459,4.440000057220459,4.440000057220459,4.440000057220459,5551.0
2024-10-25 15:00:00+00:00,TXN,207.60000610351562,207.60000610351562,207.9600067138672,207.60000610351562,207.9600067138672,6340.0
2024-10-25 15:00:00+00:00,UCTT,35.75,35.75,35.79999923706055,35.75,35.790000915527344,1519.0
2024-10-25 15:00:00+00:00,VECO,29.309999465942383,29.309999465942383,29.329999923706055,29.309999465942383,29.329999923706055,1204.0
2024-10-25 15:00:00+00:00,VERI,3.4200000762939453,3.4200000762939453,3.421999931335449,3.4200000762939453,3.421999931335449,1040.0
2024-10-25 15:00:00+00:00,VERX,41.92499923706055,41.92499923706055,41.92499923706055,41.92499923706055,41.92499923706055,344.0
2024-10-25 15:00:00+00:00,VIAV,9.1899995803833,9.1899995803833,9.194999694824219,9.1899995803833,9.194999694824219,965.0
2024-10-25 15:00:00+00:00,VICR,46.654998779296875,46.654998779296875,46.70000076293945,46.654998779296875,46.70000076293945,969.0
2024-10-25 15:00:00+00:00,VMEO,4.755000114440918,4.755000114440918,4.755000114440918,4.755000114440918,4.755000114440918,1210.0
2024-10-25 15:00:00+00:00,VRNS,56.84000015258789,56.84000015258789,56.869998931884766,56.81999969482422,56.86000061035156,2294.0
2024-10-25 15:00:00+00:00,VRNT,21.93000030517578,21.93000030517578,21.940000534057617,21.93000030517578,21.940000534057617,903.0
2024-10-25 15:00:00+00:00,VRSN,183.16000366210938,183.16000366210938,183.16000366210938,183.16000366210938,183.16000366210938,490.0
2024-10-25 15:00:00+00:00,VS,2.470400094985962,2.470400094985962,2.509999990463257,2.470400094985962,2.509999990463257,0.0
2024-10-25 15:00:00+00:00,VSAT,10.149999618530273,10.149999618530273,10.149999618530273,10.140000343322754,10.149999618530273,2067.0
2024-10-25 15:00:00+00:00,WDAY,238.5,238.5,238.56500244140625,238.5,238.5,2136.0
2024-10-25 15:00:00+00:00,WDC,69.95999908447266,69.95999908447266,70.06500244140625,69.95999908447266,70.06500244140625,14748.0
2024-10-25 15:00:00+00:00,WISA,2.0160000324249268,2.0160000324249268,2.0160000324249268,2.0160000324249268,2.0160000324249268,410.0
2024-10-25 15:00:00+00:00,WIX,165.08999633789062,165.08999633789062,165.08999633789062,165.00999450683594,165.00999450683594,988.0
2024-10-25 15:00:00+00:00,WRAP,1.7984999418258667,1.7984999418258667,1.7984999418258667,1.7984999418258667,1.7984999418258667,417.0
2024-10-25 15:00:00+00:00,XPER,9.385000228881836,9.385000228881836,9.390999794006348,9.385000228881836,9.390700340270996,1597.0
2024-10-25 15:00:00+00:00,XRX,10.005000114440918,10.005000114440918,10.020000457763672,10.005000114440918,10.010000228881836,2498.0
2024-10-25 15:00:00+00:00,ZBRA,361.17999267578125,361.17999267578125,361.17999267578125,361.17999267578125,361.17999267578125,750.0
2024-10-25 15:00:00+00:00,ZI,10.489999771118164,10.489999771118164,10.5,10.489999771118164,10.5,2893.0
2024-10-25 15:00:00+00:00,ZM,72.98149871826172,72.98149871826172,72.98149871826172,72.9800033569336,72.9800033569336,2616.0
2024-10-25 15:01:00+00:00,AAOI,17.6200008392334,17.6200008392334,17.629899978637695,17.610000610351562,17.610000610351562,2351.0
2024-10-25 15:01:00+00:00,AAPL,232.0399932861328,232.0399932861328,232.10000610351562,231.97000122070312,232.0,30130.0
2024-10-25 15:01:00+00:00,ACIW,48.939998626708984,48.939998626708984,48.95000076293945,48.93000030517578,48.93000030517578,1342.0
2024-10-25 15:01:00+00:00,ACLS,90.24859619140625,90.24859619140625,90.24960327148438,90.19999694824219,90.19999694824219,939.0
2024-10-25 15:01:00+00:00,ACMR,19.6299991607666,19.6299991607666,19.6299991607666,19.6299991607666,19.6299991607666,1670.0
2024-10-25 15:01:00+00:00,ADBE,483.260009765625,483.260009765625,483.3999938964844,483.1199951171875,483.1300048828125,8168.0
2024-10-25 15:01:00+00:00,ADI,231.25,231.25,231.25999450683594,231.1699981689453,231.1699981689453,1860.0
2024-10-25 15:01:00+00:00,ADSK,286.80999755859375,286.80999755859375,286.80999755859375,286.80999755859375,286.80999755859375,600.0
2024-10-25 15:01:00+00:00,AEHR,16.954999923706055,16.954999923706055,16.954999923706055,16.944900512695312,16.954999923706055,2925.0
2024-10-25 15:01:00+00:00,AFRM,41.29499816894531,41.29499816894531,41.29999923706055,41.25,41.2599983215332,9224.0
2024-10-25 15:01:00+00:00,AGYS,111.24500274658203,111.24500274658203,111.24500274658203,111.07499694824219,111.07499694824219,947.0
2024-10-25 15:01:00+00:00,AKAM,102.18000030517578,102.18000030517578,102.18000030517578,102.18000030517578,102.18000030517578,573.0
2024-10-25 15:01:00+00:00,AKTS,0.05959999933838844,0.05959999933838844,0.05959999933838844,0.05950000137090683,0.05950000137090683,28013.0
2024-10-25 15:01:00+00:00,ALGM,23.170000076293945,23.170000076293945,23.170000076293945,23.135000228881836,23.135000228881836,3328.0
2024-10-25 15:01:00+00:00,ALRM,54.525001525878906,54.525001525878906,54.525001525878906,54.525001525878906,54.525001525878906,757.0
2024-10-25 15:01:00+00:00,ALTR,104.19999694824219,104.19999694824219,104.20999908447266,104.19999694824219,104.20999908447266,414.0
2024-10-25 15:01:00+00:00,AMAT,187.3372039794922,187.3372039794922,187.41000366210938,187.2449951171875,187.2449951171875,4176.0
2024-10-25 15:01:00+00:00,AMD,156.49000549316406,156.49000549316406,156.55999755859375,156.4199981689453,156.4199981689453,32270.0
2024-10-25 15:01:00+00:00,AMKR,30.040000915527344,30.040000915527344,30.059999465942383,30.020000457763672,30.020000457763672,14570.0
2024-10-25 15:01:00+00:00,API,2.875,2.875,2.875,2.875,2.875,1094.0
2024-10-25 15:01:00+00:00,APP,161.56500244140625,161.56500244140625,161.56500244140625,161.56500244140625,161.56500244140625,643.0
2024-10-25 15:01:00+00:00,APPN,32.099998474121094,32.099998474121094,32.099998474121094,32.08000183105469,32.099998474121094,1217.0
2024-10-25 15:01:00+00:00,APPS,3.075000047683716,3.075000047683716,3.075000047683716,3.075000047683716,3.075000047683716,1053.0
2024-10-25 15:01:00+00:00,ARQQ,7.153200149536133,7.153200149536133,7.153200149536133,7.153200149536133,7.153200149536133,0.0
2024-10-25 15:01:00+00:00,ARRY,6.420000076293945,6.420000076293945,6.420000076293945,6.400000095367432,6.409999847412109,16713.0
2024-10-25 15:01:00+00:00,ASML,714.9099731445312,714.9099731445312,714.9099731445312,714.9099731445312,714.9099731445312,1143.0
2024-10-25 15:01:00+00:00,ATOM,3.319999933242798,3.319999933242798,3.319999933242798,3.319999933242798,3.319999933242798,600.0
2024-10-25 15:01:00+00:00,AUDC,9.020000457763672,9.020000457763672,9.020000457763672,9.020000457763672,9.020000457763672,208.0
2024-10-25 15:01:00+00:00,AUR,6.375,6.375,6.379899978637695,6.364999771118164,6.364999771118164,5555.0
2024-10-25 15:01:00+00:00,AVDX,8.145000457763672,8.145000457763672,8.145000457763672,8.145000457763672,8.145000457763672,437.0
2024-10-25 15:01:00+00:00,AVGO,174.22000122070312,174.22000122070312,174.3000030517578,174.16000366210938,174.16000366210938,12399.0
2024-10-25 15:01:00+00:00,AVPT,11.899999618530273,11.899999618530273,11.899999618530273,11.899999618530273,11.899999618530273,216.0
2024-10-25 15:01:00+00:00,AVT,54.084999084472656,54.084999084472656,54.09000015258789,54.064998626708984,54.064998626708984,1884.0
2024-10-25 15:01:00+00:00,AZPN,238.40499877929688,238.40499877929688,238.40499877929688,238.40499877929688,238.40499877929688,261.0
2024-10-25 15:01:00+00:00,BLKB,85.86000061035156,85.86000061035156,85.8949966430664,85.83000183105469,85.87999725341797,2063.0
2024-10-25 15:01:00+00:00,BMBL,7.050000190734863,7.050000190734863,7.059999942779541,7.050000190734863,7.059999942779541,1061.0
2024-10-25 15:01:00+00:00,BOSC,2.930000066757202,2.930000066757202,2.930000066757202,2.930000066757202,2.930000066757202,1074.0
2024-10-25 15:01:00+00:00,BRZE,30.700000762939453,30.700000762939453,30.700000762939453,30.700000762939453,30.700000762939453,1199.0
2024-10-25 15:01:00+00:00,BSY,49.18000030517578,49.18000030517578,49.18000030517578,49.18000030517578,49.18000030517578,293.0
2024-10-25 15:01:00+00:00,CAN,0.9750000238418579,0.9750000238418579,0.9750999808311462,0.9750000238418579,0.9750000238418579,550.0
2024-10-25 15:01:00+00:00,CDNS,258.1099853515625,258.1099853515625,258.1099853515625,258.04998779296875,258.04998779296875,1127.0
2024-10-25 15:01:00+00:00,CDW,218.02000427246094,218.02000427246094,218.1199951171875,218.02000427246094,218.10499572753906,1630.0
2024-10-25 15:01:00+00:00,CETX,0.30219998955726624,0.30219998955726624,0.30219998955726624,0.30219998955726624,0.30219998955726624,1839.0
2024-10-25 15:01:00+00:00,CFLT,22.545000076293945,22.545000076293945,22.55500030517578,22.532499313354492,22.532499313354492,6012.0
2024-10-25 15:01:00+00:00,CGNX,38.939998626708984,38.939998626708984,38.939998626708984,38.90999984741211,38.90999984741211,2346.0
2024-10-25 15:01:00+00:00,CHKP,206.19000244140625,206.19000244140625,206.2100067138672,206.19000244140625,206.2100067138672,492.0
2024-10-25 15:01:00+00:00,CLBT,18.21500015258789,18.21500015258789,18.219999313354492,18.209999084472656,18.209999084472656,1129.0
2024-10-25 15:01:00+00:00,CLSK,11.710000038146973,11.710000038146973,11.710000038146973,11.66349983215332,11.664999961853027,49158.0
2024-10-25 15:01:00+00:00,CMTL,3.799999952316284,3.799999952316284,3.799999952316284,3.7899999618530273,3.7899999618530273,483.0
2024-10-25 15:01:00+00:00,CNDT,3.5899999141693115,3.5899999141693115,3.5899999141693115,3.5899999141693115,3.5899999141693115,745.0
2024-10-25 15:01:00+00:00,CNXC,44.5,44.5,44.5,44.4900016784668,44.4900016784668,1264.0
2024-10-25 15:01:00+00:00,COHR,95.70600128173828,95.70600128173828,95.70600128173828,95.70600128173828,95.70600128173828,1423.0
2024-10-25 15:01:00+00:00,COIN,207.6569061279297,207.6569061279297,207.6699981689453,207.0,207.00999450683594,10082.0
2024-10-25 15:01:00+00:00,COMM,6.244999885559082,6.244999885559082,6.25,6.244999885559082,6.244999885559082,4464.0
2024-10-25 15:01:00+00:00,CORZ,13.364999771118164,13.364999771118164,13.364999771118164,13.34000015258789,13.34000015258789,4649.0
2024-10-25 15:01:00+00:00,CRCT,6.574999809265137,6.574999809265137,6.574999809265137,6.574999809265137,6.574999809265137,200.0
2024-10-25 15:01:00+00:00,CRDO,39.119998931884766,39.119998931884766,39.119998931884766,39.10499954223633,39.11000061035156,2899.0
2024-10-25 15:01:00+00:00,CRNC,2.9200000762939453,2.9200000762939453,2.9200000762939453,2.9149999618530273,2.9149999618530273,2518.0
2024-10-25 15:01:00+00:00,CRNT,2.4760000705718994,2.4760000705718994,2.4800000190734863,2.4760000705718994,2.4800000190734863,375.0
2024-10-25 15:01:00+00:00,CRSR,6.335000038146973,6.335000038146973,6.335000038146973,6.335000038146973,6.335000038146973,524.0
2024-10-25 15:01:00+00:00,CRUS,122.375,122.375,122.375,122.375,122.375,207.0
2024-10-25 15:01:00+00:00,CRWD,298.1400146484375,298.1400146484375,298.6799011230469,297.8100891113281,298.2369079589844,17467.0
2024-10-25 15:01:00+00:00,CSCO,55.79199981689453,55.79199981689453,55.79999923706055,55.76499938964844,55.77040100097656,20726.0
2024-10-25 15:01:00+00:00,CSGS,47.4900016784668,47.4900016784668,47.4900016784668,47.470001220703125,47.470001220703125,310.0
2024-10-25 15:01:00+00:00,CSIQ,13.390000343322754,13.390000343322754,13.406599998474121,13.380000114440918,13.406599998474121,3284.0
2024-10-25 15:01:00+00:00,CTSH,74.7750015258789,74.7750015258789,74.77999877929688,74.73500061035156,74.73500061035156,5628.0
2024-10-25 15:01:00+00:00,DAKT,13.050999641418457,13.050999641418457,13.050999641418457,13.050999641418457,13.050999641418457,361.0
2024-10-25 15:01:00+00:00,DATS,1.6658999919891357,1.6658999919891357,1.6658999919891357,1.6495000123977661,1.6495000123977661,1481.0
2024-10-25 15:01:00+00:00,DBX,26.075000762939453,26.075000762939453,26.075000762939453,26.075000762939453,26.075000762939453,526.0
2024-10-25 15:01:00+00:00,DDOG,126.28500366210938,126.28500366210938,126.28500366210938,126.16999816894531,126.16999816894531,4492.0
2024-10-25 15:01:00+00:00,DIOD,65.1050033569336,65.1050033569336,65.1050033569336,65.0999984741211,65.0999984741211,875.0
2024-10-25 15:01:00+00:00,DLO,8.854999542236328,8.854999542236328,8.859999656677246,8.854999542236328,8.859999656677246,1704.0
2024-10-25 15:01:00+00:00,DOCU,69.13500213623047,69.13500213623047,69.13500213623047,69.08499908447266,69.0999984741211,6912.0
2024-10-25 15:01:00+00:00,DOX,89.23999786376953,89.23999786376953,89.23999786376953,89.23999786376953,89.23999786376953,434.0
2024-10-25 15:01:00+00:00,DUOL,291.70001220703125,291.70001220703125,291.70001220703125,291.70001220703125,291.70001220703125,493.0
2024-10-25 15:01:00+00:00,ENPH,83.6500015258789,83.6500015258789,83.69000244140625,83.54010009765625,83.56999969482422,4762.0
2024-10-25 15:01:00+00:00,ENTG,105.06999969482422,105.06999969482422,105.06999969482422,105.05500030517578,105.05500030517578,1774.0
2024-10-25 15:01:00+00:00,ERIC,8.454999923706055,8.454999923706055,8.460000038146973,8.454999923706055,8.454999923706055,8422.0
2024-10-25 15:01:00+00:00,EXLS,38.72999954223633,38.72999954223633,38.72999954223633,38.72999954223633,38.72999954223633,643.0
2024-10-25 15:01:00+00:00,EXTR,14.369999885559082,14.369999885559082,14.369999885559082,14.364999771118164,14.364999771118164,748.0
2024-10-25 15:01:00+00:00,FFIV,216.83999633789062,216.83999633789062,216.83999633789062,216.75999450683594,216.75999450683594,783.0
2024-10-25 15:01:00+00:00,FIVN,29.899999618530273,29.899999618530273,29.899999618530273,29.889999389648438,29.889999389648438,1853.0
2024-10-25 15:01:00+00:00,FLEX,35.224998474121094,35.224998474121094,35.224998474121094,35.20249938964844,35.20500183105469,3231.0
2024-10-25 15:01:00+00:00,FLYW,17.329999923706055,17.329999923706055,17.34000015258789,17.329999923706055,17.334999084472656,799.0
2024-10-25 15:01:00+00:00,FORM,44.81999969482422,44.81999969482422,44.81999969482422,44.81999969482422,44.81999969482422,709.0
2024-10-25 15:01:00+00:00,FRSH,11.619999885559082,11.619999885559082,11.625,11.614999771118164,11.619999885559082,5592.0
2024-10-25 15:01:00+00:00,FSLR,198.42999267578125,198.42999267578125,198.5,198.42999267578125,198.5,1687.0
2024-10-25 15:01:00+00:00,FTNT,80.55999755859375,80.55999755859375,80.55999755859375,80.5199966430664,80.52999877929688,5337.0
2024-10-25 15:01:00+00:00,GCT,24.479999542236328,24.479999542236328,24.479999542236328,24.46500015258789,24.475000381469727,1894.0
2024-10-25 15:01:00+00:00,GDS,21.354999542236328,21.354999542236328,21.354999542236328,21.334999084472656,21.334999084472656,1365.0
2024-10-25 15:01:00+00:00,GDYN,15.619999885559082,15.619999885559082,15.619999885559082,15.619999885559082,15.619999885559082,19.0
2024-10-25 15:01:00+00:00,GFS,40.52000045776367,40.52000045776367,40.529998779296875,40.4900016784668,40.529998779296875,6981.0
2024-10-25 15:01:00+00:00,GILT,4.940000057220459,4.940000057220459,4.940000057220459,4.940000057220459,4.940000057220459,119.0
2024-10-25 15:01:00+00:00,GNSS,3.890000104904175,3.890000104904175,3.890000104904175,3.890000104904175,3.890000104904175,1006.0
2024-10-25 15:01:00+00:00,GRAB,4.09499979019165,4.09499979019165,4.099999904632568,4.090099811553955,4.09499979019165,23594.0
2024-10-25 15:01:00+00:00,GSIT,3.390500068664551,3.390500068664551,3.390500068664551,3.390500068664551,3.390500068664551,525.0
2024-10-25 15:01:00+00:00,GTLB,55.029998779296875,55.029998779296875,55.04999923706055,55.029998779296875,55.04999923706055,1671.0
2024-10-25 15:01:00+00:00,HCP,33.654998779296875,33.654998779296875,33.654998779296875,33.650001525878906,33.650001525878906,1172.0
2024-10-25 15:01:00+00:00,HIMX,6.190000057220459,6.190000057220459,6.190000057220459,6.190000057220459,6.190000057220459,637.0
2024-10-25 15:01:00+00:00,HLIT,14.770000457763672,14.770000457763672,14.774999618530273,14.770000457763672,14.774999618530273,1495.0
2024-10-25 15:01:00+00:00,HOLO,3.625,3.625,3.63100004196167,3.619999885559082,3.621999979019165,3484.0
2024-10-25 15:01:00+00:00,HOOD,27.155000686645508,27.155000686645508,27.15999984741211,27.135000228881836,27.135000228881836,12867.0
2024-10-25 15:01:00+00:00,IMXI,17.6200008392334,17.6200008392334,17.6200008392334,17.6200008392334,17.6200008392334,593.0
2024-10-25 15:01:00+00:00,INDI,3.4700000286102295,3.4700000286102295,3.4749999046325684,3.4700000286102295,3.4749999046325684,2686.0
2024-10-25 15:01:00+00:00,INFN,6.760000228881836,6.760000228881836,6.760000228881836,6.760000228881836,6.760000228881836,306.0
2024-10-25 15:01:00+00:00,INOD,20.360000610351562,20.360000610351562,20.360000610351562,20.31999969482422,20.31999969482422,703.0
2024-10-25 15:01:00+00:00,INTA,49.959999084472656,49.959999084472656,49.959999084472656,49.959999084472656,49.959999084472656,795.0
2024-10-25 15:01:00+00:00,INTC,22.885000228881836,22.885000228881836,22.895000457763672,22.860000610351562,22.86400032043457,66908.0
2024-10-25 15:01:00+00:00,INTU,608.989990234375,608.989990234375,609.0,608.989990234375,609.0,931.0
2024-10-25 15:01:00+00:00,JKHY,183.0749969482422,183.0749969482422,183.0749969482422,182.97999572753906,182.97999572753906,725.0
2024-10-25 15:01:00+00:00,KC,2.680000066757202,2.680000066757202,2.684999942779541,2.680000066757202,2.684999942779541,202.0
2024-10-25 15:01:00+00:00,KLAC,674.9500122070312,674.9500122070312,674.969970703125,674.6699829101562,674.6699829101562,8087.0
2024-10-25 15:01:00+00:00,KLIC,44.61000061035156,44.61000061035156,44.619998931884766,44.61000061035156,44.619998931884766,1080.0
2024-10-25 15:01:00+00:00,LITE,64.55000305175781,64.55000305175781,64.55000305175781,64.4800033569336,64.5,1690.0
2024-10-25 15:01:00+00:00,LOGI,80.71499633789062,80.71499633789062,80.71499633789062,80.71499633789062,80.71499633789062,535.0
2024-10-25 15:01:00+00:00,LPSN,1.1699999570846558,1.1699999570846558,1.1699999570846558,1.1699999570846558,1.1699999570846558,202.0
2024-10-25 15:01:00+00:00,LRCX,78.5260009765625,78.5260009765625,78.58999633789062,78.5,78.5,22680.0
2024-10-25 15:01:00+00:00,LSCC,54.15999984741211,54.15999984741211,54.18000030517578,54.14500045776367,54.150001525878906,7758.0
2024-10-25 15:01:00+00:00,LYFT,13.805000305175781,13.805000305175781,13.8149995803833,13.800000190734863,13.8149995803833,18497.0
2024-10-25 15:01:00+00:00,LYTS,16.200000762939453,16.200000762939453,16.200000762939453,16.200000762939453,16.200000762939453,414.0
2024-10-25 15:01:00+00:00,MANH,275.989990234375,275.989990234375,275.989990234375,275.989990234375,275.989990234375,316.0
2024-10-25 15:01:00+00:00,MAXN,5.769999980926514,5.769999980926514,5.784999847412109,5.769999980926514,5.784999847412109,863.0
2024-10-25 15:01:00+00:00,MCHP,76.76000213623047,76.76000213623047,76.77999877929688,76.72000122070312,76.72000122070312,5941.0
2024-10-25 15:01:00+00:00,MDB,267.42999267578125,267.42999267578125,267.45001220703125,267.1700134277344,267.1700134277344,2433.0
2024-10-25 15:01:00+00:00,MGIC,11.154999732971191,11.154999732971191,11.154999732971191,11.154999732971191,11.154999732971191,1083.0
2024-10-25 15:01:00+00:00,MITK,8.755000114440918,8.755000114440918,8.759900093078613,8.753999710083008,8.755000114440918,4262.0
2024-10-25 15:01:00+00:00,MKSI,101.2300033569336,101.2300033569336,101.2300033569336,101.1500015258789,101.16000366210938,1931.0
2024-10-25 15:01:00+00:00,MPWR,909.530029296875,909.530029296875,909.530029296875,908.2899780273438,908.2899780273438,1100.0
2024-10-25 15:01:00+00:00,MQ,5.300000190734863,5.300000190734863,5.304999828338623,5.300000190734863,5.304999828338623,1051.0
2024-10-25 15:01:00+00:00,MRVL,82.13999938964844,82.13999938964844,82.16000366210938,82.05999755859375,82.05999755859375,7001.0
2024-10-25 15:01:00+00:00,MSFT,428.8800048828125,428.8800048828125,428.989990234375,428.7449951171875,428.75,11040.0
2024-10-25 15:01:00+00:00,MSTR,235.54429626464844,235.54429626464844,236.139892578125,234.16000366210938,234.23550415039062,75327.0
2024-10-25 15:01:00+00:00,MTSI,121.01499938964844,121.01499938964844,121.01499938964844,120.9800033569336,120.98500061035156,2022.0
2024-10-25 15:01:00+00:00,MTTR,4.590000152587891,4.590000152587891,4.590000152587891,4.579999923706055,4.585000038146973,6684.0
2024-10-25 15:01:00+00:00,MU,108.3499984741211,108.3499984741211,108.40059661865234,108.27999877929688,108.30999755859375,19664.0
2024-10-25 15:01:00+00:00,MVIS,1.0800000429153442,1.0800000429153442,1.0812000036239624,1.0800000429153442,1.0800000429153442,856.0
2024-10-25 15:01:00+00:00,MXL,14.819999694824219,14.819999694824219,14.829999923706055,14.819999694824219,14.819999694824219,1077.0
2024-10-25 15:01:00+00:00,NCNO,37.68000030517578,37.68000030517578,37.68000030517578,37.66999816894531,37.66999816894531,2071.0
2024-10-25 15:01:00+00:00,NSYS,12.3100004196167,12.3100004196167,12.3100004196167,12.3100004196167,12.3100004196167,696.0
2024-10-25 15:01:00+00:00,NTAP,119.80500030517578,119.80500030517578,119.80500030517578,119.7699966430664,119.7699966430664,505.0
2024-10-25 15:01:00+00:00,NTGR,20.239999771118164,20.239999771118164,20.260000228881836,20.239999771118164,20.260000228881836,1469.0
2024-10-25 15:01:00+00:00,NTNX,62.04999923706055,62.04999923706055,62.04999923706055,62.040000915527344,62.040000915527344,1688.0
2024-10-25 15:01:00+00:00,NVDA,141.9340057373047,141.9340057373047,142.0299072265625,141.83090209960938,141.8408966064453,340996.0
2024-10-25 15:01:00+00:00,NVTS,2.5299999713897705,2.5299999713897705,2.5299999713897705,2.5250000953674316,2.5250000953674316,591.0
2024-10-25 15:01:00+00:00,NXPI,243.74000549316406,243.74000549316406,243.80999755859375,243.7100067138672,243.7100067138672,5019.0
2024-10-25 15:01:00+00:00,OKTA,72.30000305175781,72.30000305175781,72.30000305175781,72.23999786376953,72.23999786376953,1239.0
2024-10-25 15:01:00+00:00,ON,71.48999786376953,71.48999786376953,71.51000213623047,71.41999816894531,71.43000030517578,13756.0
2024-10-25 15:01:00+00:00,ONDS,0.8452000021934509,0.8452000021934509,0.8452000021934509,0.8452000021934509,0.8452000021934509,200.0
2024-10-25 15:01:00+00:00,OSIS,135.16000366210938,135.16000366210938,135.17999267578125,135.16000366210938,135.17999267578125,1534.0
2024-10-25 15:01:00+00:00,PALT,1.9199999570846558,1.9199999570846558,1.9199999570846558,1.9199999570846558,1.9199999570846558,282.0
2024-10-25 15:01:00+00:00,PANW,367.05499267578125,367.05499267578125,367.05999755859375,366.92999267578125,366.92999267578125,2192.0
2024-10-25 15:01:00+00:00,PAYO,8.324999809265137,8.324999809265137,8.324999809265137,8.3149995803833,8.319999694824219,12659.0
2024-10-25 15:01:00+00:00,PEGA,78.87000274658203,78.87000274658203,78.87000274658203,78.87000274658203,78.87000274658203,353.0
2024-10-25 15:01:00+00:00,PGY,11.850099563598633,11.850099563598633,11.850099563598633,11.850099563598633,11.850099563598633,1380.0
2024-10-25 15:01:00+00:00,PHUN,10.600099563598633,10.600099563598633,10.608699798583984,10.505000114440918,10.510499954223633,21603.0
2024-10-25 15:01:00+00:00,PI,202.52000427246094,202.52000427246094,202.63999938964844,202.17999267578125,202.17999267578125,2666.0
2024-10-25 15:01:00+00:00,PLAB,23.639999389648438,23.639999389648438,23.639999389648438,23.639999389648438,23.639999389648438,230.0
2024-10-25 15:01:00+00:00,PLXS,141.99000549316406,141.99000549316406,141.99000549316406,141.99000549316406,141.99000549316406,212.0
2024-10-25 15:01:00+00:00,POET,3.8499999046325684,3.8499999046325684,3.8550000190734863,3.8499999046325684,3.8550000190734863,1279.0
2024-10-25 15:01:00+00:00,POWI,63.5088005065918,63.5088005065918,63.540000915527344,63.5088005065918,63.540000915527344,779.0
2024-10-25 15:01:00+00:00,PTC,187.25999450683594,187.25999450683594,187.25999450683594,187.25,187.25,1192.0
2024-10-25 15:01:00+00:00,PYCR,14.3572998046875,14.3572998046875,14.3572998046875,14.34000015258789,14.34000015258789,1759.0
2024-10-25 15:01:00+00:00,QCOM,170.88999938964844,170.88999938964844,170.89999389648438,170.77999877929688,170.7899932861328,5527.0
2024-10-25 15:01:00+00:00,QRVO,99.93000030517578,99.93000030517578,99.9749984741211,99.93000030517578,99.95999908447266,2692.0
2024-10-25 15:01:00+00:00,QUBT,1.0799000263214111,1.0799000263214111,1.0799000263214111,1.0799000263214111,1.0799000263214111,2853.0
2024-10-25 15:01:00+00:00,RCAT,2.757499933242798,2.757499933242798,2.757499933242798,2.757499933242798,2.757499933242798,289.0
2024-10-25 15:01:00+00:00,REKR,1.090000033378601,1.090000033378601,1.090000033378601,1.090000033378601,1.090000033378601,200.0
2024-10-25 15:01:00+00:00,RELY,14.845000267028809,14.845000267028809,14.845000267028809,14.845000267028809,14.845000267028809,520.0
2024-10-25 15:01:00+00:00,RGTI,1.2350000143051147,1.2350000143051147,1.2400000095367432,1.2339999675750732,1.2350000143051147,2344.0
2024-10-25 15:01:00+00:00,RIOT,9.78499984741211,9.78499984741211,9.800000190734863,9.765000343322754,9.76990032196045,40056.0
2024-10-25 15:01:00+00:00,RMBS,43.439998626708984,43.439998626708984,43.470001220703125,43.439998626708984,43.439998626708984,9041.0
2024-10-25 15:01:00+00:00,RMNI,1.715000033378601,1.715000033378601,1.715000033378601,1.715000033378601,1.715000033378601,1361.0
2024-10-25 15:01:00+00:00,RPAY,7.715000152587891,7.715000152587891,7.71999979019165,7.715000152587891,7.71999979019165,1081.0
2024-10-25 15:01:00+00:00,RPD,39.0099983215332,39.0099983215332,39.0099983215332,39.0099983215332,39.0099983215332,933.0
2024-10-25 15:01:00+00:00,RUM,5.764999866485596,5.764999866485596,5.769999980926514,5.764999866485596,5.769999980926514,3515.0
2024-10-25 15:01:00+00:00,RUN,14.425000190734863,14.425000190734863,14.430000305175781,14.399999618530273,14.404999732971191,32792.0
2024-10-25 15:01:00+00:00,SANM,67.6500015258789,67.6500015258789,67.6500015258789,67.63999938964844,67.63999938964844,671.0
2024-10-25 15:01:00+00:00,SATS,25.3700008392334,25.3700008392334,25.3700008392334,25.3700008392334,25.3700008392334,255.0
2024-10-25 15:01:00+00:00,SEDG,15.890000343322754,15.890000343322754,15.930000305175781,15.86520004272461,15.899999618530273,27230.0
2024-10-25 15:01:00+00:00,SHLS,5.244999885559082,5.244999885559082,5.244999885559082,5.244999885559082,5.244999885559082,2030.0
2024-10-25 15:01:00+00:00,SIMO,56.38999938964844,56.38999938964844,56.38999938964844,56.38999938964844,56.38999938964844,356.0
2024-10-25 15:01:00+00:00,SITM,178.94000244140625,178.94000244140625,178.94000244140625,178.94000244140625,178.94000244140625,1524.0
2024-10-25 15:01:00+00:00,SKYT,10.5600004196167,10.5600004196167,10.5600004196167,10.5600004196167,10.5600004196167,200.0
2024-10-25 15:01:00+00:00,SLNHP,13.128000259399414,13.128000259399414,13.130000114440918,13.128000259399414,13.130000114440918,601.0
2024-10-25 15:01:00+00:00,SMCI,47.530399322509766,47.530399322509766,47.540000915527344,47.459999084472656,47.459999084472656,47945.0
2024-10-25 15:01:00+00:00,SMTC,45.66999816894531,45.66999816894531,45.66999816894531,45.660099029541016,45.660099029541016,1375.0
2024-10-25 15:01:00+00:00,SNPS,502.3800048828125,502.3800048828125,502.3800048828125,502.3800048828125,502.3800048828125,2108.0
2024-10-25 15:01:00+00:00,SONO,12.6850004196167,12.6850004196167,12.6850004196167,12.6850004196167,12.6850004196167,1064.0
2024-10-25 15:01:00+00:00,SOUN,5.190000057220459,5.190000057220459,5.190000057220459,5.1828999519348145,5.184999942779541,5849.0
2024-10-25 15:01:00+00:00,SSNC,69.76499938964844,69.76499938964844,69.78500366210938,69.76000213623047,69.78500366210938,3893.0
2024-10-25 15:01:00+00:00,SSYS,7.0,7.0,7.019999980926514,6.980000019073486,7.019999980926514,27993.0
2024-10-25 15:01:00+00:00,STNE,11.555000305175781,11.555000305175781,11.555000305175781,11.555000305175781,11.555000305175781,1969.0
2024-10-25 15:01:00+00:00,STX,103.7300033569336,103.7300033569336,103.75,103.66000366210938,103.75,5203.0
2024-10-25 15:01:00+00:00,SVRE,0.07800000160932541,0.07800000160932541,0.07800000160932541,0.07800000160932541,0.07800000160932541,7015.0
2024-10-25 15:01:00+00:00,SWKS,95.81500244140625,95.81500244140625,95.8499984741211,95.81500244140625,95.81500244140625,3150.0
2024-10-25 15:01:00+00:00,TEAM,189.33999633789062,189.33999633789062,189.33999633789062,189.22999572753906,189.22999572753906,3071.0
2024-10-25 15:01:00+00:00,TENB,41.7400016784668,41.7400016784668,41.7599983215332,41.709999084472656,41.709999084472656,1923.0
2024-10-25 15:01:00+00:00,TER,112.0999984741211,112.0999984741211,112.125,112.05000305175781,112.05000305175781,5738.0
2024-10-25 15:01:00+00:00,TRMB,61.0,61.0,61.0099983215332,61.0,61.005001068115234,1314.0
2024-10-25 15:01:00+00:00,TSAT,13.046699523925781,13.046699523925781,13.046699523925781,13.046699523925781,13.046699523925781,343.0
2024-10-25 15:01:00+00:00,TSEM,44.720001220703125,44.720001220703125,44.720001220703125,44.720001220703125,44.720001220703125,1548.0
2024-10-25 15:01:00+00:00,TTD,119.125,119.125,119.125,119.00499725341797,119.00499725341797,4019.0
2024-10-25 15:01:00+00:00,TTMI,19.645999908447266,19.645999908447266,19.645999908447266,19.6200008392334,19.6200008392334,2298.0
2024-10-25 15:01:00+00:00,TWKS,4.445000171661377,4.445000171661377,4.445000171661377,4.440000057220459,4.440000057220459,30660.0
2024-10-25 15:01:00+00:00,TXN,207.61000061035156,207.61000061035156,207.6999969482422,207.5500030517578,207.552001953125,4098.0
2024-10-25 15:01:00+00:00,UCTT,35.83000183105469,35.83000183105469,35.83000183105469,35.779998779296875,35.779998779296875,570.0
2024-10-25 15:01:00+00:00,VECO,29.329999923706055,29.329999923706055,29.34000015258789,29.329999923706055,29.329999923706055,2155.0
2024-10-25 15:01:00+00:00,VIAV,9.194999694824219,9.194999694824219,9.194999694824219,9.194999694824219,9.194999694824219,617.0
2024-10-25 15:01:00+00:00,VICR,46.70500183105469,46.70500183105469,46.70500183105469,46.70500183105469,46.70500183105469,449.0
2024-10-25 15:01:00+00:00,VOXX,7.539999961853027,7.539999961853027,7.539999961853027,7.539999961853027,7.539999961853027,101.0
2024-10-25 15:01:00+00:00,VRNS,56.845001220703125,56.845001220703125,56.86000061035156,56.834999084472656,56.834999084472656,4164.0
2024-10-25 15:01:00+00:00,VRNT,21.915000915527344,21.915000915527344,21.93000030517578,21.915000915527344,21.915000915527344,1574.0
2024-10-25 15:01:00+00:00,VRSN,183.08999633789062,183.08999633789062,183.19540405273438,183.08999633789062,183.16000366210938,963.0
2024-10-25 15:01:00+00:00,VSAT,10.16569995880127,10.16569995880127,10.170000076293945,10.140000343322754,10.140000343322754,3442.0
2024-10-25 15:01:00+00:00,WDAY,238.55999755859375,238.55999755859375,238.6300048828125,238.47000122070312,238.47000122070312,2138.0
2024-10-25 15:01:00+00:00,WDC,69.90010070800781,69.90010070800781,69.94000244140625,69.87999725341797,69.94000244140625,19060.0
2024-10-25 15:01:00+00:00,WISA,2.015000104904175,2.015000104904175,2.0199999809265137,2.015000104904175,2.0199999809265137,3067.0
2024-10-25 15:01:00+00:00,WIX,165.11000061035156,165.11000061035156,165.11000061035156,165.11000061035156,165.11000061035156,201.0
2024-10-25 15:01:00+00:00,XELA,1.9600000381469727,1.9600000381469727,1.965000033378601,1.9600000381469727,1.965000033378601,2012.0
2024-10-25 15:01:00+00:00,XPER,9.380000114440918,9.380000114440918,9.395000457763672,9.380000114440918,9.390000343322754,2703.0
2024-10-25 15:01:00+00:00,XRX,10.005000114440918,10.005000114440918,10.005000114440918,10.0,10.0,737.0
2024-10-25 15:01:00+00:00,ZI,10.484999656677246,10.484999656677246,10.489999771118164,10.475000381469727,10.489999771118164,11144.0
2024-10-25 15:01:00+00:00,ZM,72.9800033569336,72.9800033569336,72.98999786376953,72.97000122070312,72.97000122070312,4340.0
2024-10-25 15:01:00+00:00,ZS,184.8800048828125,184.8800048828125,184.8800048828125,184.8800048828125,184.8800048828125,331.0
2024-10-25 15:02:00+00:00,AAOI,17.635000228881836,17.635000228881836,17.635000228881836,17.610000610351562,17.610000610351562,2253.0
2024-10-25 15:02:00+00:00,AAPL,232.10499572753906,232.10499572753906,232.14999389648438,232.02999877929688,232.03399658203125,25323.0
2024-10-25 15:02:00+00:00,ACIW,48.935001373291016,48.935001373291016,48.935001373291016,48.93000030517578,48.93000030517578,505.0
2024-10-25 15:02:00+00:00,ACMR,19.6299991607666,19.6299991607666,19.6299991607666,19.6299991607666,19.6299991607666,464.0
2024-10-25 15:02:00+00:00,ADBE,483.2200012207031,483.2200012207031,483.32000732421875,483.2200012207031,483.32000732421875,1440.0
2024-10-25 15:02:00+00:00,ADI,231.10150146484375,231.10150146484375,231.10150146484375,231.10150146484375,231.10150146484375,1190.0
2024-10-25 15:02:00+00:00,ADSK,286.8800048828125,286.8800048828125,286.8800048828125,286.8800048828125,286.8800048828125,2351.0
2024-10-25 15:02:00+00:00,AEHR,16.979999542236328,16.979999542236328,16.979999542236328,16.959800720214844,16.959800720214844,1941.0
2024-10-25 15:02:00+00:00,AFRM,41.38999938964844,41.38999938964844,41.400001525878906,41.290000915527344,41.290000915527344,16615.0
2024-10-25 15:02:00+00:00,AKAM,102.16999816894531,102.16999816894531,102.16999816894531,102.16999816894531,102.16999816894531,1145.0
2024-10-25 15:02:00+00:00,AKTS,0.05990000069141388,0.05990000069141388,0.05990000069141388,0.05959999933838844,0.05959999933838844,60276.0
2024-10-25 15:02:00+00:00,ALGM,23.15999984741211,23.15999984741211,23.18000030517578,23.15999984741211,23.161399841308594,5002.0
2024-10-25 15:02:00+00:00,ALTR,104.19499969482422,104.19499969482422,104.19499969482422,104.19499969482422,104.19499969482422,343.0
2024-10-25 15:02:00+00:00,AMAT,187.39999389648438,187.39999389648438,187.39999389648438,187.29249572753906,187.29249572753906,2793.0
2024-10-25 15:02:00+00:00,AMD,156.52000427246094,156.52000427246094,156.5399932861328,156.49000549316406,156.49000549316406,17869.0
2024-10-25 15:02:00+00:00,AMKR,30.040000915527344,30.040000915527344,30.040000915527344,30.030000686645508,30.030000686645508,1170.0
2024-10-25 15:02:00+00:00,AMPL,9.100000381469727,9.100000381469727,9.104999542236328,9.100000381469727,9.104999542236328,28748.0
2024-10-25 15:02:00+00:00,API,2.875,2.875,2.875,2.875,2.875,200.0
2024-10-25 15:02:00+00:00,APP,161.72999572753906,161.72999572753906,161.72999572753906,161.58999633789062,161.58999633789062,2136.0
2024-10-25 15:02:00+00:00,APPF,212.5500030517578,212.5500030517578,212.7949981689453,212.37030029296875,212.37030029296875,3242.0
2024-10-25 15:02:00+00:00,APPN,32.11000061035156,32.11000061035156,32.11000061035156,32.11000061035156,32.11000061035156,481.0
2024-10-25 15:02:00+00:00,ARRY,6.425000190734863,6.425000190734863,6.425000190734863,6.414000034332275,6.414999961853027,12776.0
2024-10-25 15:02:00+00:00,ASML,715.3800048828125,715.3800048828125,715.3800048828125,715.219970703125,715.219970703125,949.0
2024-10-25 15:02:00+00:00,AUR,6.38100004196167,6.38100004196167,6.38100004196167,6.375,6.375,4750.0
2024-10-25 15:02:00+00:00,AVDX,8.149999618530273,8.149999618530273,8.149999618530273,8.145000457763672,8.149999618530273,2310.0
2024-10-25 15:02:00+00:00,AVGO,174.30999755859375,174.30999755859375,174.3258056640625,174.1999969482422,174.22000122070312,9801.0
2024-10-25 15:02:00+00:00,AVPT,11.899999618530273,11.899999618530273,11.899999618530273,11.899999618530273,11.899999618530273,793.0
2024-10-25 15:02:00+00:00,BASE,16.25,16.25,16.270000457763672,16.25,16.257999420166016,1164.0
2024-10-25 15:02:00+00:00,BMBL,7.054999828338623,7.054999828338623,7.054999828338623,7.045000076293945,7.050000190734863,9927.0
2024-10-25 15:02:00+00:00,BRZE,30.690000534057617,30.690000534057617,30.690000534057617,30.690000534057617,30.690000534057617,714.0
2024-10-25 15:02:00+00:00,CAN,0.9750000238418579,0.9750000238418579,0.9750999808311462,0.9750000238418579,0.9750999808311462,1158.0
2024-10-25 15:02:00+00:00,CCSI,20.059999465942383,20.059999465942383,20.139999389648438,20.059999465942383,20.139999389648438,697.0
2024-10-25 15:02:00+00:00,CDNS,258.1549987792969,258.1549987792969,258.2300109863281,258.07000732421875,258.07000732421875,1828.0
2024-10-25 15:02:00+00:00,CDW,218.19000244140625,218.19000244140625,218.1999969482422,218.07000732421875,218.11000061035156,1953.0
2024-10-25 15:02:00+00:00,CFLT,22.549999237060547,22.549999237060547,22.549999237060547,22.549999237060547,22.549999237060547,1066.0
2024-10-25 15:02:00+00:00,CGNT,6.630000114440918,6.630000114440918,6.630000114440918,6.630000114440918,6.630000114440918,102.0
2024-10-25 15:02:00+00:00,CGNX,38.93000030517578,38.93000030517578,38.939998626708984,38.93000030517578,38.939998626708984,977.0
2024-10-25 15:02:00+00:00,CLSK,11.720000267028809,11.720000267028809,11.725500106811523,11.694499969482422,11.704999923706055,18481.0
2024-10-25 15:02:00+00:00,CMBM,1.2799999713897705,1.2799999713897705,1.2799999713897705,1.2799999713897705,1.2799999713897705,118.0
2024-10-25 15:02:00+00:00,CNXC,44.51499938964844,44.51499938964844,44.51499938964844,44.5099983215332,44.5099983215332,1594.0
2024-10-25 15:02:00+00:00,COHR,95.70500183105469,95.70500183105469,95.70500183105469,95.70500183105469,95.70500183105469,1119.0
2024-10-25 15:02:00+00:00,COIN,207.88999938964844,207.88999938964844,208.0,207.52499389648438,207.5489959716797,8154.0
2024-10-25 15:02:00+00:00,COMM,6.239999771118164,6.239999771118164,6.244999885559082,6.239999771118164,6.244999885559082,1718.0
2024-10-25 15:02:00+00:00,CORZ,13.375,13.375,13.375,13.364999771118164,13.364999771118164,2779.0
2024-10-25 15:02:00+00:00,CRCT,6.579999923706055,6.579999923706055,6.579999923706055,6.579999923706055,6.579999923706055,662.0
2024-10-25 15:02:00+00:00,CRDO,39.11000061035156,39.11000061035156,39.11000061035156,39.11000061035156,39.11000061035156,387.0
2024-10-25 15:02:00+00:00,CRNC,2.934999942779541,2.934999942779541,2.934999942779541,2.930000066757202,2.930000066757202,2004.0
2024-10-25 15:02:00+00:00,CRSR,6.335000038146973,6.335000038146973,6.335000038146973,6.335000038146973,6.335000038146973,487.0
2024-10-25 15:02:00+00:00,CRUS,122.33999633789062,122.33999633789062,122.33999633789062,122.33999633789062,122.33999633789062,128.0
2024-10-25 15:02:00+00:00,CRWD,298.7900085449219,298.7900085449219,298.8900146484375,298.1499938964844,298.1752014160156,14159.0
2024-10-25 15:02:00+00:00,CSCO,55.790000915527344,55.790000915527344,55.790000915527344,55.775001525878906,55.790000915527344,10809.0
2024-10-25 15:02:00+00:00,CSGS,47.5,47.5,47.5,47.5,47.5,377.0
2024-10-25 15:02:00+00:00,CSIQ,13.390000343322754,13.390000343322754,13.399999618530273,13.390000343322754,13.399999618530273,407.0
2024-10-25 15:02:00+00:00,CTSH,74.7750015258789,74.7750015258789,74.77999877929688,74.7750015258789,74.77999877929688,794.0
2024-10-25 15:02:00+00:00,CYN,3.5810000896453857,3.5810000896453857,3.5810000896453857,3.5810000896453857,3.5810000896453857,5510.0
2024-10-25 15:02:00+00:00,DAKT,13.0600004196167,13.0600004196167,13.0600004196167,13.050000190734863,13.050000190734863,484.0
2024-10-25 15:02:00+00:00,DATS,1.6576999425888062,1.6576999425888062,1.6576999425888062,1.6399999856948853,1.6399999856948853,513.0
2024-10-25 15:02:00+00:00,DBX,26.09000015258789,26.09000015258789,26.09000015258789,26.079999923706055,26.079999923706055,1622.0
2024-10-25 15:02:00+00:00,DDOG,126.41999816894531,126.41999816894531,126.41999816894531,126.29000091552734,126.30000305175781,3520.0
2024-10-25 15:02:00+00:00,DLO,8.854999542236328,8.854999542236328,8.854999542236328,8.854999542236328,8.854999542236328,1877.0
2024-10-25 15:02:00+00:00,DOCU,69.14250183105469,69.14250183105469,69.1500015258789,69.1239013671875,69.13500213623047,5425.0
2024-10-25 15:02:00+00:00,DOX,89.19000244140625,89.19000244140625,89.2300033569336,89.19000244140625,89.2300033569336,2202.0
2024-10-25 15:02:00+00:00,EMKR,2.131500005722046,2.131500005722046,2.131500005722046,2.131500005722046,2.131500005722046,1900.0
2024-10-25 15:02:00+00:00,ENPH,83.77100372314453,83.77100372314453,83.78780364990234,83.6500015258789,83.6500015258789,7648.0
2024-10-25 15:02:00+00:00,ERIC,8.454999923706055,8.454999923706055,8.454999923706055,8.45009994506836,8.454999923706055,4177.0
2024-10-25 15:02:00+00:00,EXLS,38.75,38.75,38.75,38.75,38.75,311.0
2024-10-25 15:02:00+00:00,EXTR,14.371000289916992,14.371000289916992,14.371000289916992,14.371000289916992,14.371000289916992,430.0
2024-10-25 15:02:00+00:00,FFIV,217.0,217.0,217.0,216.84500122070312,216.84500122070312,2312.0
2024-10-25 15:02:00+00:00,FIVN,29.94499969482422,29.94499969482422,29.94499969482422,29.899999618530273,29.899999618530273,3453.0
2024-10-25 15:02:00+00:00,FLEX,35.2400016784668,35.2400016784668,35.2400016784668,35.209999084472656,35.220001220703125,2520.0
2024-10-25 15:02:00+00:00,FLYW,17.34000015258789,17.34000015258789,17.34000015258789,17.329999923706055,17.329999923706055,1530.0
2024-10-25 15:02:00+00:00,FORM,44.81999969482422,44.81999969482422,44.84000015258789,44.81999969482422,44.83000183105469,532.0
2024-10-25 15:02:00+00:00,FROG,29.34000015258789,29.34000015258789,29.34000015258789,29.325000762939453,29.325000762939453,1168.0
2024-10-25 15:02:00+00:00,FRSH,11.625,11.625,11.625,11.625,11.625,1856.0
2024-10-25 15:02:00+00:00,FSLR,198.360107421875,198.360107421875,198.360107421875,198.360107421875,198.360107421875,1250.0
2024-10-25 15:02:00+00:00,FTNT,80.54000091552734,80.54000091552734,80.58000183105469,80.54000091552734,80.55999755859375,2661.0
2024-10-25 15:02:00+00:00,GCT,24.479999542236328,24.479999542236328,24.479999542236328,24.469999313354492,24.469999313354492,1014.0
2024-10-25 15:02:00+00:00,GDS,21.405000686645508,21.405000686645508,21.405000686645508,21.3700008392334,21.3700008392334,1292.0
2024-10-25 15:02:00+00:00,GDYN,15.619999885559082,15.619999885559082,15.619999885559082,15.619999885559082,15.619999885559082,601.0
2024-10-25 15:02:00+00:00,GFS,40.540000915527344,40.540000915527344,40.540000915527344,40.52000045776367,40.52000045776367,2229.0
2024-10-25 15:02:00+00:00,GPRO,1.315000057220459,1.315000057220459,1.315000057220459,1.315000057220459,1.315000057220459,1930.0
2024-10-25 15:02:00+00:00,GRAB,4.09499979019165,4.09499979019165,4.097499847412109,4.090000152587891,4.09499979019165,4405.0
2024-10-25 15:02:00+00:00,GRRR,4.475900173187256,4.475900173187256,4.475900173187256,4.475900173187256,4.475900173187256,200.0
2024-10-25 15:02:00+00:00,GTLB,55.029998779296875,55.029998779296875,55.029998779296875,55.029998779296875,55.029998779296875,297.0
2024-10-25 15:02:00+00:00,HCP,33.654998779296875,33.654998779296875,33.654998779296875,33.650001525878906,33.654998779296875,928.0
2024-10-25 15:02:00+00:00,HEAR,16.5,16.5,16.5,16.5,16.5,320.0
2024-10-25 15:02:00+00:00,HOLO,3.611999988555908,3.611999988555908,3.6201000213623047,3.5999999046325684,3.6201000213623047,3899.0
2024-10-25 15:02:00+00:00,HOOD,27.190000534057617,27.190000534057617,27.190000534057617,27.155000686645508,27.155000686645508,5819.0
2024-10-25 15:02:00+00:00,IMMR,8.680299758911133,8.680299758911133,8.680299758911133,8.680299758911133,8.680299758911133,199.0
2024-10-25 15:02:00+00:00,INDI,3.4749999046325684,3.4749999046325684,3.4749999046325684,3.4749999046325684,3.4749999046325684,1027.0
2024-10-25 15:02:00+00:00,INOD,20.34000015258789,20.34000015258789,20.34000015258789,20.34000015258789,20.34000015258789,231.0
2024-10-25 15:02:00+00:00,INTA,49.959999084472656,49.959999084472656,49.959999084472656,49.959999084472656,49.959999084472656,112.0
2024-10-25 15:02:00+00:00,INTC,22.885000228881836,22.885000228881836,22.889999389648438,22.875,22.8799991607666,31168.0
2024-10-25 15:02:00+00:00,IPGP,77.25,77.25,77.25,77.25,77.25,337.0
2024-10-25 15:02:00+00:00,ITI,7.195000171661377,7.195000171661377,7.195000171661377,7.195000171661377,7.195000171661377,300.0
2024-10-25 15:02:00+00:00,JKHY,183.10000610351562,183.10000610351562,183.10000610351562,183.08999633789062,183.08999633789062,895.0
2024-10-25 15:02:00+00:00,KC,2.680000066757202,2.680000066757202,2.684999942779541,2.680000066757202,2.684999942779541,934.0
2024-10-25 15:02:00+00:00,KLAC,674.85498046875,674.85498046875,674.85498046875,674.85498046875,674.85498046875,452.0
2024-10-25 15:02:00+00:00,KLIC,44.61000061035156,44.61000061035156,44.61000061035156,44.61000061035156,44.61000061035156,303.0
2024-10-25 15:02:00+00:00,KOPN,0.7799999713897705,0.7799999713897705,0.7799999713897705,0.7799999713897705,0.7799999713897705,469.0
2024-10-25 15:02:00+00:00,KVHI,4.670000076293945,4.670000076293945,4.670000076293945,4.670000076293945,4.670000076293945,285.0
2024-10-25 15:02:00+00:00,LINK,4.739999771118164,4.739999771118164,4.755000114440918,4.739999771118164,4.755000114440918,1236.0
2024-10-25 15:02:00+00:00,LITE,64.5999984741211,64.5999984741211,64.5999984741211,64.56999969482422,64.5999984741211,732.0
2024-10-25 15:02:00+00:00,LOGI,80.76000213623047,80.76000213623047,80.76000213623047,80.76000213623047,80.76000213623047,1035.0
2024-10-25 15:02:00+00:00,LRCX,78.52999877929688,78.52999877929688,78.54029846191406,78.50090026855469,78.52999877929688,10171.0
2024-10-25 15:02:00+00:00,LSCC,54.15999984741211,54.15999984741211,54.15999984741211,54.14500045776367,54.150001525878906,2687.0
2024-10-25 15:02:00+00:00,LTRX,4.090000152587891,4.090000152587891,4.090000152587891,4.090000152587891,4.090000152587891,103.0
2024-10-25 15:02:00+00:00,LYFT,13.8149995803833,13.8149995803833,13.8149995803833,13.805000305175781,13.805000305175781,24071.0
2024-10-25 15:02:00+00:00,MANH,275.8699951171875,275.8699951171875,275.8699951171875,275.8699951171875,275.8699951171875,430.0
2024-10-25 15:02:00+00:00,MCHP,76.75,76.75,76.7699966430664,76.75,76.75,5917.0
2024-10-25 15:02:00+00:00,MITK,8.788299560546875,8.788299560546875,8.788299560546875,8.760000228881836,8.760000228881836,3401.0
2024-10-25 15:02:00+00:00,MNDY,298.1600036621094,298.1600036621094,298.1600036621094,298.1600036621094,298.1600036621094,344.0
2024-10-25 15:02:00+00:00,MPWR,909.3200073242188,909.3200073242188,909.3200073242188,908.9099731445312,908.9099731445312,698.0
2024-10-25 15:02:00+00:00,MQ,5.300000190734863,5.300000190734863,5.304999828338623,5.300000190734863,5.304999828338623,909.0
2024-10-25 15:02:00+00:00,MRAM,6.349999904632568,6.349999904632568,6.349999904632568,6.349999904632568,6.349999904632568,245.0
2024-10-25 15:02:00+00:00,MRVL,82.1449966430664,82.1449966430664,82.16000366210938,82.11840057373047,82.12000274658203,4042.0
2024-10-25 15:02:00+00:00,MSFT,428.8800048828125,428.8800048828125,428.95001220703125,428.8800048828125,428.89801025390625,10629.0
2024-10-25 15:02:00+00:00,MSTR,236.25,236.25,236.25,235.25,235.4199981689453,51763.0
2024-10-25 15:02:00+00:00,MTC,0.3734000027179718,0.3734000027179718,0.3734000027179718,0.3734000027179718,0.3734000027179718,0.0
2024-10-25 15:02:00+00:00,MTSI,121.3499984741211,121.3499984741211,121.4000015258789,120.94499969482422,120.94499969482422,4366.0
2024-10-25 15:02:00+00:00,MTTR,4.579999923706055,4.579999923706055,4.590000152587891,4.579999923706055,4.579999923706055,4105.0
2024-10-25 15:02:00+00:00,MU,108.4000015258789,108.4000015258789,108.41999816894531,108.33999633789062,108.34500122070312,15073.0
2024-10-25 15:02:00+00:00,MVIS,1.0800000429153442,1.0800000429153442,1.0800000429153442,1.0800000429153442,1.0800000429153442,450.0
2024-10-25 15:02:00+00:00,MXL,14.8100004196167,14.8100004196167,14.8149995803833,14.803999900817871,14.805000305175781,2524.0
2024-10-25 15:02:00+00:00,NCNO,37.70500183105469,37.70500183105469,37.709999084472656,37.70500183105469,37.709999084472656,785.0
2024-10-25 15:02:00+00:00,NICE,175.0,175.0,175.0,174.69000244140625,174.69000244140625,3091.0
2024-10-25 15:02:00+00:00,NSIT,208.25999450683594,208.25999450683594,208.25999450683594,208.25999450683594,208.25999450683594,325.0
2024-10-25 15:02:00+00:00,NSYS,12.300000190734863,12.300000190734863,12.300000190734863,12.300000190734863,12.300000190734863,1706.0
2024-10-25 15:02:00+00:00,NTAP,119.81999969482422,119.81999969482422,119.81999969482422,119.79499816894531,119.79499816894531,1101.0
2024-10-25 15:02:00+00:00,NVDA,141.99000549316406,141.99000549316406,142.01010131835938,141.9199981689453,141.92999267578125,177642.0
2024-10-25 15:02:00+00:00,NVTS,2.5199999809265137,2.5199999809265137,2.5250000953674316,2.5199999809265137,2.5250000953674316,366.0
2024-10-25 15:02:00+00:00,NXPI,243.75,243.75,243.75,243.6750030517578,243.7449951171875,2022.0
2024-10-25 15:02:00+00:00,OKTA,72.30000305175781,72.30000305175781,72.30000305175781,72.30000305175781,72.30000305175781,1312.0
2024-10-25 15:02:00+00:00,ON,71.5199966430664,71.5199966430664,71.52999877929688,71.47000122070312,71.48999786376953,15624.0
2024-10-25 15:02:00+00:00,ONDS,0.8580999970436096,0.8580999970436096,0.8580999970436096,0.8450999855995178,0.8450999855995178,11450.0
2024-10-25 15:02:00+00:00,OSIS,135.57000732421875,135.57000732421875,135.57000732421875,135.57000732421875,135.57000732421875,177.0
2024-10-25 15:02:00+00:00,OSPN,14.5600004196167,14.5600004196167,14.5600004196167,14.5600004196167,14.5600004196167,627.0
2024-10-25 15:02:00+00:00,OTEX,33.279998779296875,33.279998779296875,33.279998779296875,33.279998779296875,33.279998779296875,333.0
2024-10-25 15:02:00+00:00,PANW,366.92010498046875,366.92010498046875,367.05999755859375,366.92010498046875,367.05999755859375,673.0
2024-10-25 15:02:00+00:00,PAYO,8.335000038146973,8.335000038146973,8.335000038146973,8.329999923706055,8.329999923706055,3461.0
2024-10-25 15:02:00+00:00,PCTY,173.72999572753906,173.72999572753906,173.72999572753906,173.72999572753906,173.72999572753906,422.0
2024-10-25 15:02:00+00:00,PEGA,79.04000091552734,79.04000091552734,79.04000091552734,78.90499877929688,78.90499877929688,4227.0
2024-10-25 15:02:00+00:00,PET,0.7900000214576721,0.7900000214576721,0.7900000214576721,0.7900000214576721,0.7900000214576721,561.0
2024-10-25 15:02:00+00:00,PGY,11.859999656677246,11.859999656677246,11.859999656677246,11.859999656677246,11.859999656677246,397.0
2024-10-25 15:02:00+00:00,PHUN,10.609999656677246,10.609999656677246,10.640000343322754,10.600199699401855,10.60990047454834,28423.0
2024-10-25 15:02:00+00:00,PI,202.72999572753906,202.72999572753906,202.72999572753906,202.58999633789062,202.58999633789062,587.0
2024-10-25 15:02:00+00:00,PLXS,142.0,142.0,142.02000427246094,142.0,142.0,569.0
2024-10-25 15:02:00+00:00,POET,3.8450000286102295,3.8450000286102295,3.8450000286102295,3.8450000286102295,3.8450000286102295,560.0
2024-10-25 15:02:00+00:00,PUBM,14.720000267028809,14.720000267028809,14.720000267028809,14.71500015258789,14.71500015258789,805.0
2024-10-25 15:02:00+00:00,PYCR,14.350000381469727,14.350000381469727,14.350000381469727,14.34000015258789,14.350000381469727,603.0
2024-10-25 15:02:00+00:00,QCOM,170.80999755859375,170.80999755859375,170.8800048828125,170.80999755859375,170.84500122070312,3122.0
2024-10-25 15:02:00+00:00,QRVO,99.9000015258789,99.9000015258789,99.91999816894531,99.9000015258789,99.9000015258789,1732.0
2024-10-25 15:02:00+00:00,QUBT,1.0740000009536743,1.0740000009536743,1.0740000009536743,1.0740000009536743,1.0740000009536743,2767.0
2024-10-25 15:02:00+00:00,RDVT,28.649999618530273,28.649999618530273,28.649999618530273,28.649999618530273,28.649999618530273,523.0
2024-10-25 15:02:00+00:00,REKR,1.090000033378601,1.090000033378601,1.090000033378601,1.090000033378601,1.090000033378601,211.0
2024-10-25 15:02:00+00:00,RELY,14.829999923706055,14.829999923706055,14.845000267028809,14.819999694824219,14.845000267028809,3653.0
2024-10-25 15:02:00+00:00,RGTI,1.2350000143051147,1.2350000143051147,1.239799976348877,1.2303999662399292,1.239799976348877,7946.0
2024-10-25 15:02:00+00:00,RIOT,9.79990005493164,9.79990005493164,9.800000190734863,9.784000396728516,9.784000396728516,17052.0
2024-10-25 15:02:00+00:00,RMBS,43.439998626708984,43.439998626708984,43.439998626708984,43.41999816894531,43.41999816894531,1248.0
2024-10-25 15:02:00+00:00,RPAY,7.71999979019165,7.71999979019165,7.71999979019165,7.71999979019165,7.71999979019165,170.0
2024-10-25 15:02:00+00:00,RPD,39.02000045776367,39.02000045776367,39.02000045776367,39.02000045776367,39.02000045776367,350.0
2024-10-25 15:02:00+00:00,RUM,5.764999866485596,5.764999866485596,5.775000095367432,5.764999866485596,5.769999980926514,3755.0
2024-10-25 15:02:00+00:00,RUN,14.449999809265137,14.449999809265137,14.449999809265137,14.425000190734863,14.425000190734863,31413.0
2024-10-25 15:02:00+00:00,RXT,2.4700000286102295,2.4700000286102295,2.4700000286102295,2.4700000286102295,2.4700000286102295,941.0
2024-10-25 15:02:00+00:00,SANM,67.66999816894531,67.66999816894531,67.66999816894531,67.66999816894531,67.66999816894531,515.0
2024-10-25 15:02:00+00:00,SATS,25.3799991607666,25.3799991607666,25.389999389648438,25.360000610351562,25.360700607299805,2933.0
2024-10-25 15:02:00+00:00,SCSC,44.75,44.75,44.75,44.75,44.75,745.0
2024-10-25 15:02:00+00:00,SCWX,8.375,8.375,8.375,8.375,8.375,2061.0
2024-10-25 15:02:00+00:00,SEDG,15.918000221252441,15.918000221252441,15.920000076293945,15.890000343322754,15.90999984741211,1778.0
2024-10-25 15:02:00+00:00,SHLS,5.244999885559082,5.244999885559082,5.244999885559082,5.240900039672852,5.240900039672852,4016.0
2024-10-25 15:02:00+00:00,SKYT,10.5600004196167,10.5600004196167,10.5600004196167,10.5600004196167,10.5600004196167,185.0
2024-10-25 15:02:00+00:00,SMCI,47.54399871826172,47.54399871826172,47.560001373291016,47.5099983215332,47.529998779296875,28407.0
2024-10-25 15:02:00+00:00,SNCR,10.59000015258789,10.59000015258789,10.59000015258789,10.59000015258789,10.59000015258789,203.0
2024-10-25 15:02:00+00:00,SONO,12.6850004196167,12.6850004196167,12.6850004196167,12.6850004196167,12.6850004196167,701.0
2024-10-25 15:02:00+00:00,SOUN,5.184500217437744,5.184500217437744,5.190000057220459,5.184500217437744,5.188899993896484,3008.0
2024-10-25 15:02:00+00:00,SPSC,171.5850067138672,171.5850067138672,171.5850067138672,171.5850067138672,171.5850067138672,274.0
2024-10-25 15:02:00+00:00,SSNC,69.80999755859375,69.80999755859375,69.80999755859375,69.7699966430664,69.7699966430664,5984.0
2024-10-25 15:02:00+00:00,STNE,11.5649995803833,11.5649995803833,11.569999694824219,11.555000305175781,11.555000305175781,14146.0
2024-10-25 15:02:00+00:00,STX,103.7699966430664,103.7699966430664,103.7699966430664,103.75,103.75,2878.0
2024-10-25 15:02:00+00:00,SWKS,95.83000183105469,95.83000183105469,95.83000183105469,95.83000183105469,95.83000183105469,174.0
2024-10-25 15:02:00+00:00,SYTA,1.3044999837875366,1.3044999837875366,1.3044999837875366,1.2999999523162842,1.2999999523162842,6350.0
2024-10-25 15:02:00+00:00,TEAM,189.3350067138672,189.3350067138672,189.3350067138672,189.3350067138672,189.3350067138672,204.0
2024-10-25 15:02:00+00:00,TER,112.12999725341797,112.12999725341797,112.1500015258789,112.08999633789062,112.08999633789062,1767.0
2024-10-25 15:02:00+00:00,TRMB,60.9900016784668,60.9900016784668,61.0099983215332,60.9900016784668,61.0099983215332,976.0
2024-10-25 15:02:00+00:00,TSEM,44.71500015258789,44.71500015258789,44.71500015258789,44.70000076293945,44.70000076293945,1060.0
2024-10-25 15:02:00+00:00,TTD,119.12999725341797,119.12999725341797,119.1500015258789,119.09329986572266,119.09329986572266,2425.0
2024-10-25 15:02:00+00:00,TTMI,19.639999389648438,19.639999389648438,19.639999389648438,19.639999389648438,19.639999389648438,280.0
2024-10-25 15:02:00+00:00,TWKS,4.440000057220459,4.440000057220459,4.440000057220459,4.440000057220459,4.440000057220459,11265.0
2024-10-25 15:02:00+00:00,TXN,207.6699981689453,207.6699981689453,207.6699981689453,207.57000732421875,207.57000732421875,1900.0
2024-10-25 15:02:00+00:00,UCTT,35.810298919677734,35.810298919677734,35.810298919677734,35.810298919677734,35.810298919677734,1604.0
2024-10-25 15:02:00+00:00,UEIC,7.999800205230713,7.999800205230713,8.050000190734863,7.99970006942749,7.999800205230713,3627.0
2024-10-25 15:02:00+00:00,VECO,29.34000015258789,29.34000015258789,29.34000015258789,29.34000015258789,29.34000015258789,120.0
2024-10-25 15:02:00+00:00,VERX,41.93000030517578,41.93000030517578,41.935001373291016,41.93000030517578,41.935001373291016,562.0
2024-10-25 15:02:00+00:00,VIAV,9.1899995803833,9.1899995803833,9.1899995803833,9.1899995803833,9.1899995803833,587.0
2024-10-25 15:02:00+00:00,VMEO,4.755000114440918,4.755000114440918,4.755000114440918,4.755000114440918,4.755000114440918,723.0
2024-10-25 15:02:00+00:00,VNET,3.3949999809265137,3.3949999809265137,3.3949999809265137,3.3949999809265137,3.3949999809265137,501.0
2024-10-25 15:02:00+00:00,VRNS,56.83000183105469,56.83000183105469,56.86000061035156,56.810001373291016,56.81999969482422,2458.0
2024-10-25 15:02:00+00:00,VRSN,183.07000732421875,183.07000732421875,183.11000061035156,183.07000732421875,183.11000061035156,3569.0
2024-10-25 15:02:00+00:00,VSAT,10.1899995803833,10.1899995803833,10.1899995803833,10.164999961853027,10.164999961853027,3185.0
2024-10-25 15:02:00+00:00,WDAY,238.6999969482422,238.6999969482422,238.6999969482422,238.55999755859375,238.55999755859375,4287.0
2024-10-25 15:02:00+00:00,WDC,70.06999969482422,70.06999969482422,70.06999969482422,69.88999938964844,69.91500091552734,15571.0
2024-10-25 15:02:00+00:00,WISA,2.0199999809265137,2.0199999809265137,2.0299999713897705,2.0199999809265137,2.0299999713897705,640.0
2024-10-25 15:02:00+00:00,WIX,165.3000030517578,165.3000030517578,165.3000030517578,165.16000366210938,165.16000366210938,1010.0
2024-10-25 15:02:00+00:00,WLDS,3.565999984741211,3.565999984741211,3.5999999046325684,3.555000066757202,3.5999999046325684,1108.0
2024-10-25 15:02:00+00:00,XELA,1.969099998474121,1.969099998474121,1.969099998474121,1.969099998474121,1.969099998474121,0.0
2024-10-25 15:02:00+00:00,XRX,10.0,10.0,10.0,9.994999885559082,10.0,2243.0
2024-10-25 15:02:00+00:00,ZBRA,361.2300109863281,361.2300109863281,361.2300109863281,361.2300109863281,361.2300109863281,336.0
2024-10-25 15:02:00+00:00,ZI,10.479999542236328,10.479999542236328,10.484999656677246,10.479999542236328,10.484999656677246,1627.0
2024-10-25 15:02:00+00:00,ZS,185.0240936279297,185.0240936279297,185.0966033935547,185.0240936279297,185.0966033935547,1659.0
2024-10-25 15:03:00+00:00,AAOI,17.651599884033203,17.651599884033203,17.651599884033203,17.639999389648438,17.639999389648438,3060.0
2024-10-25 15:03:00+00:00,AAPL,232.08929443359375,232.08929443359375,232.16000366210938,232.0399932861328,232.11500549316406,57761.0
2024-10-25 15:03:00+00:00,ACIW,48.959999084472656,48.959999084472656,48.959999084472656,48.939998626708984,48.939998626708984,1632.0
2024-10-25 15:03:00+00:00,ACLS,90.25,90.25,90.25,90.25,90.25,765.0
2024-10-25 15:03:00+00:00,ADBE,483.29998779296875,483.29998779296875,483.29998779296875,483.29998779296875,483.29998779296875,257.0
2024-10-25 15:03:00+00:00,ADTN,6.275000095367432,6.275000095367432,6.275000095367432,6.270899772644043,6.270899772644043,408.0
2024-10-25 15:03:00+00:00,AEHR,16.985000610351562,16.985000610351562,16.989999771118164,16.969999313354492,16.969999313354492,2908.0
2024-10-25 15:03:00+00:00,AFRM,41.369998931884766,41.369998931884766,41.400001525878906,41.369998931884766,41.39500045776367,7122.0
2024-10-25 15:03:00+00:00,AKAM,102.19000244140625,102.19000244140625,102.19000244140625,102.17500305175781,102.17500305175781,432.0
2024-10-25 15:03:00+00:00,AKTS,0.05990000069141388,0.05990000069141388,0.05990000069141388,0.05979999899864197,0.05979999899864197,2100.0
2024-10-25 15:03:00+00:00,ALGM,23.170000076293945,23.170000076293945,23.170000076293945,23.170000076293945,23.170000076293945,836.0
2024-10-25 15:03:00+00:00,ALKT,38.18000030517578,38.18000030517578,38.18000030517578,38.18000030517578,38.18000030517578,329.0
2024-10-25 15:03:00+00:00,ALTR,104.19499969482422,104.19499969482422,104.19499969482422,104.19499969482422,104.19499969482422,25584.0
2024-10-25 15:03:00+00:00,AMAT,187.46499633789062,187.46499633789062,187.46499633789062,187.42999267578125,187.42999267578125,1950.0
2024-10-25 15:03:00+00:00,AMBA,58.040000915527344,58.040000915527344,58.040000915527344,58.02000045776367,58.02000045776367,840.0
2024-10-25 15:03:00+00:00,AMD,156.56689453125,156.56689453125,156.61000061035156,156.52000427246094,156.52999877929688,32138.0
2024-10-25 15:03:00+00:00,AMKR,30.040000915527344,30.040000915527344,30.049999237060547,30.040000915527344,30.049999237060547,2388.0
2024-10-25 15:03:00+00:00,AMPL,9.109999656677246,9.109999656677246,9.109999656677246,9.104999542236328,9.104999542236328,23409.0
2024-10-25 15:03:00+00:00,API,2.875,2.875,2.875,2.875,2.875,131.0
2024-10-25 15:03:00+00:00,APP,161.7899932861328,161.7899932861328,161.7899932861328,161.69000244140625,161.69039916992188,2025.0
2024-10-25 15:03:00+00:00,APPN,32.119998931884766,32.119998931884766,32.130001068115234,32.119998931884766,32.130001068115234,378.0
2024-10-25 15:03:00+00:00,APPS,3.079900026321411,3.079900026321411,3.079900026321411,3.079900026321411,3.079900026321411,952.0
2024-10-25 15:03:00+00:00,ARRY,6.434999942779541,6.434999942779541,6.4375,6.425000190734863,6.425000190734863,9993.0
2024-10-25 15:03:00+00:00,AUR,6.389999866485596,6.389999866485596,6.389999866485596,6.385000228881836,6.385000228881836,1864.0
2024-10-25 15:03:00+00:00,AVDX,8.15999984741211,8.15999984741211,8.15999984741211,8.149999618530273,8.149999618530273,1446.0
2024-10-25 15:03:00+00:00,AVGO,174.2899932861328,174.2899932861328,174.3800048828125,174.27000427246094,174.3000030517578,17093.0
2024-10-25 15:03:00+00:00,AVPT,11.90999984741211,11.90999984741211,11.90999984741211,11.90999984741211,11.90999984741211,750.0
2024-10-25 15:03:00+00:00,AVT,54.1150016784668,54.1150016784668,54.1150016784668,54.1150016784668,54.1150016784668,579.0
2024-10-25 15:03:00+00:00,AXTI,2.6649999618530273,2.6649999618530273,2.6649999618530273,2.6649999618530273,2.6649999618530273,155.0
2024-10-25 15:03:00+00:00,AZPN,238.59500122070312,238.59500122070312,238.59500122070312,238.59500122070312,238.59500122070312,341.0
2024-10-25 15:03:00+00:00,BCOV,2.2750000953674316,2.2750000953674316,2.2750000953674316,2.2750000953674316,2.2750000953674316,444.0
2024-10-25 15:03:00+00:00,BIGC,5.295000076293945,5.295000076293945,5.295000076293945,5.295000076293945,5.295000076293945,1785.0
2024-10-25 15:03:00+00:00,BLBX,2.901900053024292,2.901900053024292,2.901900053024292,2.901900053024292,2.901900053024292,2000.0
2024-10-25 15:03:00+00:00,BMBL,7.065000057220459,7.065000057220459,7.070000171661377,7.054999828338623,7.059999942779541,10056.0
2024-10-25 15:03:00+00:00,BOSC,2.966099977493286,2.966099977493286,2.966099977493286,2.966099977493286,2.966099977493286,0.0
2024-10-25 15:03:00+00:00,BRZE,30.709999084472656,30.709999084472656,30.709999084472656,30.709999084472656,30.709999084472656,435.0
2024-10-25 15:03:00+00:00,BSY,49.18000030517578,49.18000030517578,49.18000030517578,49.18000030517578,49.18000030517578,478.0
2024-10-25 15:03:00+00:00,CAMT,77.74500274658203,77.74500274658203,77.74500274658203,77.74500274658203,77.74500274658203,604.0
2024-10-25 15:03:00+00:00,CAN,0.9750000238418579,0.9750000238418579,0.9750999808311462,0.9750000238418579,0.9750999808311462,10751.0
2024-10-25 15:03:00+00:00,CDNS,258.260009765625,258.260009765625,258.260009765625,258.20001220703125,258.2300109863281,1142.0
2024-10-25 15:03:00+00:00,CEVA,24.075000762939453,24.075000762939453,24.075000762939453,24.075000762939453,24.075000762939453,240.0
2024-10-25 15:03:00+00:00,CFLT,22.55500030517578,22.55500030517578,22.55500030517578,22.55500030517578,22.55500030517578,1027.0
2024-10-25 15:03:00+00:00,CGNT,6.635000228881836,6.635000228881836,6.635000228881836,6.630000114440918,6.630000114440918,252.0
2024-10-25 15:03:00+00:00,CGNX,38.959999084472656,38.959999084472656,38.959999084472656,38.939998626708984,38.939998626708984,1605.0
2024-10-25 15:03:00+00:00,CHKP,206.2449951171875,206.2449951171875,206.2449951171875,206.2449951171875,206.2449951171875,227.0
2024-10-25 15:03:00+00:00,CLBT,18.225000381469727,18.225000381469727,18.225000381469727,18.219999313354492,18.219999313354492,2657.0
2024-10-25 15:03:00+00:00,CLPS,1.3650000095367432,1.3650000095367432,1.3650000095367432,1.3650000095367432,1.3650000095367432,60.0
2024-10-25 15:03:00+00:00,CLSK,11.729999542236328,11.729999542236328,11.737500190734863,11.720000267028809,11.725000381469727,58060.0
2024-10-25 15:03:00+00:00,CNDT,3.5899999141693115,3.5899999141693115,3.5950000286102295,3.5850000381469727,3.5950000286102295,13498.0
2024-10-25 15:03:00+00:00,CNXN,70.125,70.125,70.125,70.125,70.125,629.0
2024-10-25 15:03:00+00:00,COHR,95.70999908447266,95.70999908447266,95.7699966430664,95.70999908447266,95.76000213623047,3617.0
2024-10-25 15:03:00+00:00,COIN,207.75,207.75,208.0,207.7100067138672,207.97999572753906,10830.0
2024-10-25 15:03:00+00:00,COMM,6.260000228881836,6.260000228881836,6.260000228881836,6.25,6.25,9239.0
2024-10-25 15:03:00+00:00,CORZ,13.380000114440918,13.380000114440918,13.380000114440918,13.375,13.375,1496.0
2024-10-25 15:03:00+00:00,CRCT,6.579999923706055,6.579999923706055,6.579999923706055,6.574999809265137,6.574999809265137,617.0
2024-10-25 15:03:00+00:00,CRDO,39.13999938964844,39.13999938964844,39.13999938964844,39.13999938964844,39.13999938964844,455.0
2024-10-25 15:03:00+00:00,CRNC,2.944999933242798,2.944999933242798,2.944999933242798,2.940000057220459,2.940000057220459,840.0
2024-10-25 15:03:00+00:00,CRSR,6.340000152587891,6.340000152587891,6.340000152587891,6.340000152587891,6.340000152587891,771.0
2024-10-25 15:03:00+00:00,CRUS,122.38999938964844,122.38999938964844,122.38999938964844,122.36000061035156,122.36000061035156,325.0
2024-10-25 15:03:00+00:00,CRWD,298.25,298.25,298.7550048828125,298.2200012207031,298.7550048828125,13514.0
2024-10-25 15:03:00+00:00,CSCO,55.78010177612305,55.78010177612305,55.78820037841797,55.779998779296875,55.78499984741211,6603.0
2024-10-25 15:03:00+00:00,CSIQ,13.442000389099121,13.442000389099121,13.442000389099121,13.399999618530273,13.399999618530273,7065.0
2024-10-25 15:03:00+00:00,CTSH,74.79000091552734,74.79000091552734,74.79000091552734,74.7750015258789,74.7750015258789,3206.0
2024-10-25 15:03:00+00:00,CVLT,134.47999572753906,134.47999572753906,134.47999572753906,134.47999572753906,134.47999572753906,809.0
2024-10-25 15:03:00+00:00,CYBR,290.1549987792969,290.1549987792969,290.1549987792969,290.1549987792969,290.1549987792969,599.0
2024-10-25 15:03:00+00:00,DAKT,13.069999694824219,13.069999694824219,13.069999694824219,13.069999694824219,13.069999694824219,726.0
2024-10-25 15:03:00+00:00,DBX,26.100000381469727,26.100000381469727,26.100000381469727,26.09000015258789,26.09000015258789,3422.0
2024-10-25 15:03:00+00:00,DDOG,126.44000244140625,126.44000244140625,126.44000244140625,126.44000244140625,126.44000244140625,2775.0
2024-10-25 15:03:00+00:00,DIOD,65.125,65.125,65.125,65.125,65.125,285.0
2024-10-25 15:03:00+00:00,DLO,8.854999542236328,8.854999542236328,8.854999542236328,8.854999542236328,8.854999542236328,4044.0
2024-10-25 15:03:00+00:00,DOCU,69.12000274658203,69.12000274658203,69.12000274658203,69.09500122070312,69.0999984741211,2894.0
2024-10-25 15:03:00+00:00,DUOL,291.69000244140625,291.69000244140625,291.75,291.6600036621094,291.70001220703125,1840.0
2024-10-25 15:03:00+00:00,ENPH,83.84719848632812,83.84719848632812,83.88999938964844,83.79000091552734,83.79000091552734,6775.0
2024-10-25 15:03:00+00:00,ENTG,105.05999755859375,105.05999755859375,105.05999755859375,105.05999755859375,105.05999755859375,258.0
2024-10-25 15:03:00+00:00,ERIC,8.454999923706055,8.454999923706055,8.460000038146973,8.454999923706055,8.454999923706055,3735.0
2024-10-25 15:03:00+00:00,EVCM,10.414999961853027,10.414999961853027,10.414999961853027,10.414999961853027,10.414999961853027,236.0
2024-10-25 15:03:00+00:00,EXFY,1.7300000190734863,1.7300000190734863,1.7300000190734863,1.7300000190734863,1.7300000190734863,368.0
2024-10-25 15:03:00+00:00,EXLS,38.779998779296875,38.779998779296875,38.779998779296875,38.779998779296875,38.779998779296875,846.0
2024-10-25 15:03:00+00:00,EXTR,14.380000114440918,14.380000114440918,14.380000114440918,14.370800018310547,14.370800018310547,1467.0
2024-10-25 15:03:00+00:00,FFIV,217.0,217.0,217.07000732421875,216.9600067138672,216.9600067138672,971.0
2024-10-25 15:03:00+00:00,FIVN,29.940000534057617,29.940000534057617,29.940000534057617,29.940000534057617,29.940000534057617,1178.0
2024-10-25 15:03:00+00:00,FLEX,35.2400016784668,35.2400016784668,35.244998931884766,35.2400016784668,35.2400016784668,1799.0
2024-10-25 15:03:00+00:00,FORM,44.81999969482422,44.81999969482422,44.81999969482422,44.81999969482422,44.81999969482422,491.0
2024-10-25 15:03:00+00:00,FROG,29.389999389648438,29.389999389648438,29.389999389648438,29.350000381469727,29.350000381469727,1061.0
2024-10-25 15:03:00+00:00,FRSH,11.635000228881836,11.635000228881836,11.635000228881836,11.630000114440918,11.630000114440918,1673.0
2024-10-25 15:03:00+00:00,FSLR,198.75999450683594,198.75999450683594,198.75999450683594,198.52000427246094,198.52000427246094,2050.0
2024-10-25 15:03:00+00:00,FTCI,0.652999997138977,0.652999997138977,0.652999997138977,0.652999997138977,0.652999997138977,2142.0
2024-10-25 15:03:00+00:00,FTNT,80.52999877929688,80.52999877929688,80.54499816894531,80.51499938964844,80.54000091552734,4542.0
2024-10-25 15:03:00+00:00,GCT,24.503999710083008,24.503999710083008,24.503999710083008,24.489999771118164,24.5,1195.0
2024-10-25 15:03:00+00:00,GDS,21.399999618530273,21.399999618530273,21.399999618530273,21.399999618530273,21.399999618530273,371.0
2024-10-25 15:03:00+00:00,GDYN,15.630000114440918,15.630000114440918,15.630000114440918,15.630000114440918,15.630000114440918,519.0
2024-10-25 15:03:00+00:00,GFS,40.54999923706055,40.54999923706055,40.560001373291016,40.540000915527344,40.540000915527344,1687.0
2024-10-25 15:03:00+00:00,GRAB,4.09499979019165,4.09499979019165,4.09499979019165,4.09499979019165,4.09499979019165,3150.0
2024-10-25 15:03:00+00:00,GTLB,55.029998779296875,55.029998779296875,55.04999923706055,55.02000045776367,55.02000045776367,1125.0
2024-10-25 15:03:00+00:00,HCP,33.650001525878906,33.650001525878906,33.654998779296875,33.650001525878906,33.654998779296875,1555.0
2024-10-25 15:03:00+00:00,HIMX,6.195000171661377,6.195000171661377,6.195000171661377,6.195000171661377,6.195000171661377,673.0
2024-10-25 15:03:00+00:00,HOLO,3.600100040435791,3.600100040435791,3.615000009536743,3.600100040435791,3.611999988555908,1254.0
2024-10-25 15:03:00+00:00,HOOD,27.172800064086914,27.172800064086914,27.190000534057617,27.172800064086914,27.190000534057617,5844.0
2024-10-25 15:03:00+00:00,ICHR,27.579999923706055,27.579999923706055,27.579999923706055,27.579999923706055,27.579999923706055,332.0
2024-10-25 15:03:00+00:00,IMMR,8.6899995803833,8.6899995803833,8.6899995803833,8.6899995803833,8.6899995803833,834.0
2024-10-25 15:03:00+00:00,IMTE,1.690000057220459,1.690000057220459,1.690000057220459,1.690000057220459,1.690000057220459,447.0
2024-10-25 15:03:00+00:00,INDI,3.4749999046325684,3.4749999046325684,3.4749999046325684,3.471100091934204,3.4749999046325684,2387.0
2024-10-25 15:03:00+00:00,INOD,20.295000076293945,20.295000076293945,20.34000015258789,20.29439926147461,20.34000015258789,1657.0
2024-10-25 15:03:00+00:00,INTA,49.959999084472656,49.959999084472656,49.959999084472656,49.959999084472656,49.959999084472656,234.0
2024-10-25 15:03:00+00:00,INTC,22.899999618530273,22.899999618530273,22.899999618530273,22.884000778198242,22.887100219726562,30879.0
2024-10-25 15:03:00+00:00,INTU,609.0700073242188,609.0700073242188,609.0700073242188,608.780029296875,608.780029296875,827.0
2024-10-25 15:03:00+00:00,IPGP,77.25,77.25,77.25,77.25,77.25,350.0
2024-10-25 15:03:00+00:00,JAMF,16.809999465942383,16.809999465942383,16.809999465942383,16.809999465942383,16.809999465942383,1066.0
2024-10-25 15:03:00+00:00,KC,2.680000066757202,2.680000066757202,2.684999942779541,2.680000066757202,2.684999942779541,1138.0
2024-10-25 15:03:00+00:00,KLAC,675.0999755859375,675.0999755859375,675.0999755859375,674.844970703125,675.0,4592.0
2024-10-25 15:03:00+00:00,KLIC,44.630001068115234,44.630001068115234,44.630001068115234,44.630001068115234,44.630001068115234,128.0
2024-10-25 15:03:00+00:00,KVHI,4.670000076293945,4.670000076293945,4.679999828338623,4.670000076293945,4.679999828338623,492.0
2024-10-25 15:03:00+00:00,LASR,10.412799835205078,10.412799835205078,10.412799835205078,10.412799835205078,10.412799835205078,741.0
2024-10-25 15:03:00+00:00,LITE,64.61000061035156,64.61000061035156,64.61000061035156,64.61000061035156,64.61000061035156,268.0
2024-10-25 15:03:00+00:00,LPSN,1.1749999523162842,1.1749999523162842,1.1749999523162842,1.1749999523162842,1.1749999523162842,210.0
2024-10-25 15:03:00+00:00,LRCX,78.56500244140625,78.56500244140625,78.58000183105469,78.55000305175781,78.55000305175781,12195.0
2024-10-25 15:03:00+00:00,LSCC,54.18000030517578,54.18000030517578,54.185001373291016,54.16999816894531,54.16999816894531,2540.0
2024-10-25 15:03:00+00:00,LTRX,4.090000152587891,4.090000152587891,4.090000152587891,4.090000152587891,4.090000152587891,116.0
2024-10-25 15:03:00+00:00,LYFT,13.8149995803833,13.8149995803833,13.8149995803833,13.810099601745605,13.810099601745605,3919.0
2024-10-25 15:03:00+00:00,MANH,275.8699951171875,275.8699951171875,275.8699951171875,275.8699951171875,275.8699951171875,243.0
2024-10-25 15:03:00+00:00,MCHP,76.74500274658203,76.74500274658203,76.75,76.7300033569336,76.75,4412.0
2024-10-25 15:03:00+00:00,MITK,8.789999961853027,8.789999961853027,8.789999961853027,8.789999961853027,8.789999961853027,409.0
2024-10-25 15:03:00+00:00,MKSI,101.29000091552734,101.29000091552734,101.30000305175781,101.29000091552734,101.29000091552734,1082.0
2024-10-25 15:03:00+00:00,MNDY,298.19500732421875,298.19500732421875,298.3500061035156,298.19500732421875,298.3500061035156,1339.0
2024-10-25 15:03:00+00:00,MOB,1.3700000047683716,1.3700000047683716,1.3700000047683716,1.3693000078201294,1.3693000078201294,1223.0
2024-10-25 15:03:00+00:00,MPWR,909.530029296875,909.530029296875,909.530029296875,909.530029296875,909.530029296875,649.0
2024-10-25 15:03:00+00:00,MQ,5.315000057220459,5.315000057220459,5.320000171661377,5.300000190734863,5.304999828338623,10324.0
2024-10-25 15:03:00+00:00,MRVL,82.16000366210938,82.16000366210938,82.16999816894531,82.13999938964844,82.13999938964844,6678.0
2024-10-25 15:03:00+00:00,MSFT,428.8900146484375,428.8900146484375,428.94000244140625,428.8299865722656,428.89471435546875,9884.0
2024-10-25 15:03:00+00:00,MSTR,235.8000030517578,235.8000030517578,236.3000030517578,235.7899932861328,236.22169494628906,36880.0
2024-10-25 15:03:00+00:00,MTLS,5.929999828338623,5.929999828338623,5.929999828338623,5.929999828338623,5.929999828338623,309.0
2024-10-25 15:03:00+00:00,MTSI,121.47000122070312,121.47000122070312,121.47000122070312,121.30000305175781,121.30999755859375,747.0
2024-10-25 15:03:00+00:00,MTTR,4.585000038146973,4.585000038146973,4.585000038146973,4.579999923706055,4.579999923706055,22211.0
2024-10-25 15:03:00+00:00,MU,108.4000015258789,108.4000015258789,108.45359802246094,108.4000015258789,108.4000015258789,14889.0
2024-10-25 15:03:00+00:00,MVIS,1.0800000429153442,1.0800000429153442,1.0850000381469727,1.0800000429153442,1.0800000429153442,5264.0
2024-10-25 15:03:00+00:00,MXL,14.803999900817871,14.803999900817871,14.8100004196167,14.803999900817871,14.8100004196167,760.0
2024-10-25 15:03:00+00:00,MYNA,1.1399999856948853,1.1399999856948853,1.1399999856948853,1.1399999856948853,1.1399999856948853,406.0
2024-10-25 15:03:00+00:00,NCNO,37.720001220703125,37.720001220703125,37.720001220703125,37.720001220703125,37.720001220703125,492.0
2024-10-25 15:03:00+00:00,NEON,8.180000305175781,8.180000305175781,8.180000305175781,8.180000305175781,8.180000305175781,248.0
2024-10-25 15:03:00+00:00,NICE,174.97410583496094,174.97410583496094,175.0800018310547,174.97410583496094,175.0800018310547,239.0
2024-10-25 15:03:00+00:00,NOVT,173.4949951171875,173.4949951171875,173.4949951171875,173.4949951171875,173.4949951171875,671.0
2024-10-25 15:03:00+00:00,NTAP,119.86000061035156,119.86000061035156,119.86000061035156,119.86000061035156,119.86000061035156,719.0
2024-10-25 15:03:00+00:00,NTCT,20.6200008392334,20.6200008392334,20.6200008392334,20.6200008392334,20.6200008392334,1239.0
2024-10-25 15:03:00+00:00,NTGR,20.239999771118164,20.239999771118164,20.239999771118164,20.239999771118164,20.239999771118164,129.0
2024-10-25 15:03:00+00:00,NVDA,142.0198974609375,142.0198974609375,142.0800018310547,141.99000549316406,141.99000549316406,255850.0
2024-10-25 15:03:00+00:00,NVTS,2.5299999713897705,2.5299999713897705,2.5299999713897705,2.5250000953674316,2.5250000953674316,1895.0
2024-10-25 15:03:00+00:00,NXPI,243.7449951171875,243.7449951171875,243.7449951171875,243.7449951171875,243.7449951171875,917.0
2024-10-25 15:03:00+00:00,OKTA,72.37999725341797,72.37999725341797,72.37999725341797,72.37999725341797,72.37999725341797,222.0
2024-10-25 15:03:00+00:00,OLED,203.21240234375,203.21240234375,203.21240234375,203.1999969482422,203.1999969482422,984.0
2024-10-25 15:03:00+00:00,ON,71.52999877929688,71.52999877929688,71.55500030517578,71.52999877929688,71.52999877929688,9734.0
2024-10-25 15:03:00+00:00,OSIS,135.5800018310547,135.5800018310547,135.5800018310547,135.5800018310547,135.5800018310547,733.0
2024-10-25 15:03:00+00:00,OSPN,14.569999694824219,14.569999694824219,14.569999694824219,14.569999694824219,14.569999694824219,138.0
2024-10-25 15:03:00+00:00,OTEX,33.290000915527344,33.290000915527344,33.290000915527344,33.290000915527344,33.290000915527344,2324.0
2024-10-25 15:03:00+00:00,PANW,366.95660400390625,366.95660400390625,366.95660400390625,366.95660400390625,366.95660400390625,901.0
2024-10-25 15:03:00+00:00,PAYO,8.319999694824219,8.319999694824219,8.329999923706055,8.319999694824219,8.329999923706055,2927.0
2024-10-25 15:03:00+00:00,PGY,11.880000114440918,11.880000114440918,11.880000114440918,11.869999885559082,11.869999885559082,1319.0
2024-10-25 15:03:00+00:00,PHUN,10.5600004196167,10.5600004196167,10.607999801635742,10.5600004196167,10.607999801635742,14736.0
2024-10-25 15:03:00+00:00,PI,202.92999267578125,202.92999267578125,203.00999450683594,202.7449951171875,202.7449951171875,3132.0
2024-10-25 15:03:00+00:00,PLAB,23.65999984741211,23.65999984741211,23.65999984741211,23.65999984741211,23.65999984741211,473.0
2024-10-25 15:03:00+00:00,PLXS,142.05999755859375,142.05999755859375,142.05999755859375,142.05999755859375,142.05999755859375,638.0
2024-10-25 15:03:00+00:00,POET,3.8450000286102295,3.8450000286102295,3.8450000286102295,3.8450000286102295,3.8450000286102295,199.0
2024-10-25 15:03:00+00:00,POWI,63.54999923706055,63.54999923706055,63.54999923706055,63.54999923706055,63.54999923706055,1549.0
2024-10-25 15:03:00+00:00,PRCH,1.2949999570846558,1.2949999570846558,1.2949999570846558,1.2949999570846558,1.2949999570846558,145.0
2024-10-25 15:03:00+00:00,PRGS,64.55000305175781,64.55000305175781,64.55000305175781,64.55000305175781,64.55000305175781,251.0
2024-10-25 15:03:00+00:00,PRTH,5.309999942779541,5.309999942779541,5.309999942779541,5.309999942779541,5.309999942779541,2001.0
2024-10-25 15:03:00+00:00,PTC,187.32000732421875,187.32000732421875,187.32000732421875,187.32000732421875,187.32000732421875,640.0
2024-10-25 15:03:00+00:00,PUBM,14.739399909973145,14.739399909973145,14.739399909973145,14.729999542236328,14.729999542236328,988.0
2024-10-25 15:03:00+00:00,PXLW,0.7476000189781189,0.7476000189781189,0.7476000189781189,0.739300012588501,0.739300012588501,10664.0
2024-10-25 15:03:00+00:00,PYCR,14.350000381469727,14.350000381469727,14.354999542236328,14.350000381469727,14.354999542236328,1086.0
2024-10-25 15:03:00+00:00,QCOM,170.89999389648438,170.89999389648438,170.91000366210938,170.86000061035156,170.86680603027344,4498.0
2024-10-25 15:03:00+00:00,QRVO,99.94000244140625,99.94000244140625,99.94999694824219,99.94000244140625,99.94999694824219,837.0
2024-10-25 15:03:00+00:00,QUBT,1.0750000476837158,1.0750000476837158,1.0750000476837158,1.0750000476837158,1.0750000476837158,553.0
2024-10-25 15:03:00+00:00,REKR,1.0859999656677246,1.0859999656677246,1.0859999656677246,1.0859999656677246,1.0859999656677246,2005.0
2024-10-25 15:03:00+00:00,RELL,14.029999732971191,14.029999732971191,14.029999732971191,14.029999732971191,14.029999732971191,468.0
2024-10-25 15:03:00+00:00,RELY,14.829999923706055,14.829999923706055,14.829999923706055,14.829999923706055,14.829999923706055,847.0
2024-10-25 15:03:00+00:00,RGTI,1.2350000143051147,1.2350000143051147,1.2400000095367432,1.2303999662399292,1.2400000095367432,5776.0
2024-10-25 15:03:00+00:00,RIOT,9.779999732971191,9.779999732971191,9.800000190734863,9.779999732971191,9.795000076293945,28450.0
2024-10-25 15:03:00+00:00,RMBS,43.48849868774414,43.48849868774414,43.48870086669922,43.439998626708984,43.439998626708984,2946.0
2024-10-25 15:03:00+00:00,RPAY,7.71999979019165,7.71999979019165,7.71999979019165,7.71999979019165,7.71999979019165,1033.0
2024-10-25 15:03:00+00:00,RPD,39.08000183105469,39.08000183105469,39.08000183105469,39.08000183105469,39.08000183105469,1389.0
2024-10-25 15:03:00+00:00,RUM,5.760499954223633,5.760499954223633,5.7606000900268555,5.760499954223633,5.7606000900268555,1000.0
2024-10-25 15:03:00+00:00,RUN,14.449999809265137,14.449999809265137,14.454999923706055,14.440199851989746,14.449999809265137,21533.0
2024-10-25 15:03:00+00:00,SANG,5.862299919128418,5.862299919128418,5.862299919128418,5.852399826049805,5.852399826049805,554.0
2024-10-25 15:03:00+00:00,SANM,67.69999694824219,67.69999694824219,67.69999694824219,67.69000244140625,67.69000244140625,973.0
2024-10-25 15:03:00+00:00,SATS,25.405000686645508,25.405000686645508,25.405000686645508,25.389999389648438,25.389999389648438,1201.0
2024-10-25 15:03:00+00:00,SCSC,44.75,44.75,44.7599983215332,44.75,44.7599983215332,421.0
2024-10-25 15:03:00+00:00,SEDG,15.90999984741211,15.90999984741211,15.9399995803833,15.899999618530273,15.920000076293945,7579.0
2024-10-25 15:03:00+00:00,SHLS,5.244999885559082,5.244999885559082,5.244999885559082,5.239999771118164,5.239999771118164,1891.0
2024-10-25 15:03:00+00:00,SILC,13.050000190734863,13.050000190734863,13.050000190734863,13.050000190734863,13.050000190734863,1408.0
2024-10-25 15:03:00+00:00,SIMO,56.400001525878906,56.400001525878906,56.400001525878906,56.400001525878906,56.400001525878906,835.0
2024-10-25 15:03:00+00:00,SLAB,114.37999725341797,114.37999725341797,114.37999725341797,114.37999725341797,114.37999725341797,978.0
2024-10-25 15:03:00+00:00,SMCI,47.595001220703125,47.595001220703125,47.599998474121094,47.540000915527344,47.54999923706055,69844.0
2024-10-25 15:03:00+00:00,SMTC,45.709999084472656,45.709999084472656,45.709999084472656,45.709999084472656,45.709999084472656,525.0
2024-10-25 15:03:00+00:00,SONO,12.699999809265137,12.699999809265137,12.699999809265137,12.6899995803833,12.6899995803833,2711.0
2024-10-25 15:03:00+00:00,SOUN,5.195000171661377,5.195000171661377,5.199999809265137,5.184800148010254,5.184800148010254,58349.0
2024-10-25 15:03:00+00:00,SPNS,36.650001525878906,36.650001525878906,36.650001525878906,36.63999938964844,36.63999938964844,403.0
2024-10-25 15:03:00+00:00,SPSC,171.00010681152344,171.00010681152344,171.4600067138672,171.00010681152344,171.4600067138672,1018.0
2024-10-25 15:03:00+00:00,SPT,26.940000534057617,26.940000534057617,26.950000762939453,26.940000534057617,26.950000762939453,2171.0
2024-10-25 15:03:00+00:00,SRAD,12.369999885559082,12.369999885559082,12.369999885559082,12.369999885559082,12.369999885559082,1566.0
2024-10-25 15:03:00+00:00,SSNC,69.83499908447266,69.83499908447266,69.83499908447266,69.81999969482422,69.81999969482422,2545.0
2024-10-25 15:03:00+00:00,SSYS,7.03000020980835,7.03000020980835,7.03000020980835,7.03000020980835,7.03000020980835,500.0
2024-10-25 15:03:00+00:00,STNE,11.5649995803833,11.5649995803833,11.5649995803833,11.560999870300293,11.560999870300293,3328.0
2024-10-25 15:03:00+00:00,STX,103.75,103.75,103.7699966430664,103.75,103.7699966430664,2816.0
2024-10-25 15:03:00+00:00,SURG,1.7450000047683716,1.7450000047683716,1.7450000047683716,1.7450000047683716,1.7450000047683716,300.0
2024-10-25 15:03:00+00:00,SVRE,0.07850000262260437,0.07850000262260437,0.07880000025033951,0.07850000262260437,0.07880000025033951,8076.0
2024-10-25 15:03:00+00:00,SWKS,95.84500122070312,95.84500122070312,95.84500122070312,95.84159851074219,95.84159851074219,1007.0
2024-10-25 15:03:00+00:00,SYNA,72.30500030517578,72.30500030517578,72.30500030517578,72.30500030517578,72.30500030517578,671.0
2024-10-25 15:03:00+00:00,TACT,4.164999961853027,4.164999961853027,4.164999961853027,4.164999961853027,4.164999961853027,201.0
2024-10-25 15:03:00+00:00,TEAM,189.42999267578125,189.42999267578125,189.5,189.3350067138672,189.3350067138672,2865.0
2024-10-25 15:03:00+00:00,TENB,41.73500061035156,41.73500061035156,41.73500061035156,41.73500061035156,41.73500061035156,1455.0
2024-10-25 15:03:00+00:00,TER,112.20500183105469,112.20500183105469,112.20500183105469,112.16999816894531,112.16999816894531,1666.0
2024-10-25 15:03:00+00:00,TGL,0.6899999976158142,0.6899999976158142,0.6899999976158142,0.6899999976158142,0.6899999976158142,1385.0
2024-10-25 15:03:00+00:00,TLS,3.559999942779541,3.559999942779541,3.559999942779541,3.559999942779541,3.559999942779541,717.0
2024-10-25 15:03:00+00:00,TRMB,61.029998779296875,61.029998779296875,61.029998779296875,61.00600051879883,61.00600051879883,1512.0
2024-10-25 15:03:00+00:00,TSAT,13.119999885559082,13.119999885559082,13.119999885559082,13.119999885559082,13.119999885559082,3049.0
2024-10-25 15:03:00+00:00,TTD,119.13500213623047,119.13500213623047,119.16500091552734,119.12999725341797,119.12999725341797,2989.0
2024-10-25 15:03:00+00:00,TTEC,5.360000133514404,5.360000133514404,5.360000133514404,5.360000133514404,5.360000133514404,439.0
2024-10-25 15:03:00+00:00,TTMI,19.639999389648438,19.639999389648438,19.639999389648438,19.639999389648438,19.639999389648438,499.0
2024-10-25 15:03:00+00:00,TWKS,4.440000057220459,4.440000057220459,4.448500156402588,4.440000057220459,4.448500156402588,782.0
2024-10-25 15:03:00+00:00,TXN,207.6699981689453,207.6699981689453,207.6699981689453,207.5800018310547,207.5800018310547,1395.0
2024-10-25 15:03:00+00:00,UCTT,35.875,35.875,35.875,35.875,35.875,6000.0
2024-10-25 15:03:00+00:00,VECO,29.350000381469727,29.350000381469727,29.350000381469727,29.34000015258789,29.34000015258789,1436.0
2024-10-25 15:03:00+00:00,VERB,10.686300277709961,10.686300277709961,10.686300277709961,10.686300277709961,10.686300277709961,2903.0
2024-10-25 15:03:00+00:00,VERX,41.880001068115234,41.880001068115234,41.90999984741211,41.880001068115234,41.90999984741211,1178.0
2024-10-25 15:03:00+00:00,VIAV,9.194999694824219,9.194999694824219,9.194999694824219,9.194999694824219,9.194999694824219,1299.0
2024-10-25 15:03:00+00:00,VICR,46.724998474121094,46.724998474121094,46.724998474121094,46.724998474121094,46.724998474121094,702.0
2024-10-25 15:03:00+00:00,VMEO,4.755000114440918,4.755000114440918,4.755000114440918,4.755000114440918,4.755000114440918,512.0
2024-10-25 15:03:00+00:00,VNET,3.3949999809265137,3.3949999809265137,3.3949999809265137,3.3949999809265137,3.3949999809265137,500.0
2024-10-25 15:03:00+00:00,VRNS,56.83000183105469,56.83000183105469,56.849998474121094,56.83000183105469,56.849998474121094,523.0
2024-10-25 15:03:00+00:00,VRNT,21.930500030517578,21.930500030517578,21.940000534057617,21.90999984741211,21.90999984741211,2002.0
2024-10-25 15:03:00+00:00,VRSN,183.02999877929688,183.02999877929688,183.02999877929688,183.02999877929688,183.02999877929688,422.0
2024-10-25 15:03:00+00:00,VSAT,10.1850004196167,10.1850004196167,10.1850004196167,10.1850004196167,10.1850004196167,1219.0
2024-10-25 15:03:00+00:00,WDAY,238.72000122070312,238.72000122070312,238.72000122070312,238.63999938964844,238.6999969482422,2267.0
2024-10-25 15:03:00+00:00,WDC,70.13999938964844,70.13999938964844,70.16500091552734,70.05999755859375,70.06999969482422,35661.0
2024-10-25 15:03:00+00:00,WISA,2.0299999713897705,2.0299999713897705,2.0299999713897705,2.0201001167297363,2.0201001167297363,3991.0
2024-10-25 15:03:00+00:00,WIX,165.19000244140625,165.19000244140625,165.19000244140625,165.19000244140625,165.19000244140625,405.0
2024-10-25 15:03:00+00:00,WLDS,3.569999933242798,3.569999933242798,3.609999895095825,3.509200096130371,3.555000066757202,1507.0
2024-10-25 15:03:00+00:00,WRAP,1.7955000400543213,1.7955000400543213,1.7955000400543213,1.7955000400543213,1.7955000400543213,9801.0
2024-10-25 15:03:00+00:00,XRX,10.005000114440918,10.005000114440918,10.005000114440918,10.0,10.0,3097.0
2024-10-25 15:03:00+00:00,ZBRA,361.2300109863281,361.2300109863281,361.2300109863281,361.2300109863281,361.2300109863281,206.0
2024-10-25 15:03:00+00:00,ZI,10.5,10.5,10.5,10.484999656677246,10.484999656677246,7155.0
2024-10-25 15:03:00+00:00,ZM,72.9800033569336,72.9800033569336,72.98999786376953,72.9800033569336,72.98999786376953,4824.0
2024-10-25 15:03:00+00:00,ZS,185.060302734375,185.060302734375,185.060302734375,185.060302734375,185.060302734375,367.0
2024-10-25 15:04:00+00:00,AAOI,17.610000610351562,17.610000610351562,17.6200008392334,17.610000610351562,17.610000610351562,1461.0
2024-10-25 15:04:00+00:00,AAPL,231.9550018310547,231.9550018310547,232.0449981689453,231.9550018310547,232.0449981689453,32017.0
2024-10-25 15:04:00+00:00,ACIW,48.95000076293945,48.95000076293945,48.95000076293945,48.95000076293945,48.95000076293945,534.0
2024-10-25 15:04:00+00:00,ACLS,90.26000213623047,90.26000213623047,90.26000213623047,90.26000213623047,90.26000213623047,267.0
2024-10-25 15:04:00+00:00,ADBE,483.1199951171875,483.1199951171875,483.2799987792969,483.1199951171875,483.239990234375,1351.0
2024-10-25 15:04:00+00:00,ADI,231.17999267578125,231.17999267578125,231.210693359375,231.1750030517578,231.1750030517578,1783.0
2024-10-25 15:04:00+00:00,ADSK,286.9200134277344,286.9200134277344,286.9200134277344,286.9200134277344,286.9200134277344,190.0
2024-10-25 15:04:00+00:00,ADTN,6.264999866485596,6.264999866485596,6.269999980926514,6.264999866485596,6.269999980926514,2633.0
2024-10-25 15:04:00+00:00,AEHR,16.959999084472656,16.959999084472656,16.969999313354492,16.959999084472656,16.969999313354492,1617.0
2024-10-25 15:04:00+00:00,AFRM,41.33209991455078,41.33209991455078,41.380001068115234,41.33209991455078,41.369998931884766,10110.0
2024-10-25 15:04:00+00:00,AKAM,102.16500091552734,102.16500091552734,102.16500091552734,102.16500091552734,102.16500091552734,524.0
2024-10-25 15:04:00+00:00,ALGM,23.149999618530273,23.149999618530273,23.174999237060547,23.149999618530273,23.15999984741211,12439.0
2024-10-25 15:04:00+00:00,ALLT,3.450000047683716,3.450000047683716,3.450000047683716,3.450000047683716,3.450000047683716,115.0
2024-10-25 15:04:00+00:00,AMAT,187.33999633789062,187.33999633789062,187.39999389648438,187.3300018310547,187.39999389648438,3435.0
2024-10-25 15:04:00+00:00,AMBA,57.959999084472656,57.959999084472656,57.959999084472656,57.959999084472656,57.959999084472656,118.0
2024-10-25 15:04:00+00:00,AMD,156.39999389648438,156.39999389648438,156.52999877929688,156.3699951171875,156.52499389648438,60511.0
2024-10-25 15:04:00+00:00,AMKR,30.02090072631836,30.02090072631836,30.02090072631836,30.020000457763672,30.020000457763672,1489.0
2024-10-25 15:04:00+00:00,AMPL,9.095000267028809,9.095000267028809,9.109999656677246,9.095000267028809,9.109999656677246,5550.0
2024-10-25 15:04:00+00:00,ANSS,324.05499267578125,324.05499267578125,324.05999755859375,324.05499267578125,324.05999755859375,346.0
2024-10-25 15:04:00+00:00,API,2.884999990463257,2.884999990463257,2.890000104904175,2.880000114440918,2.880000114440918,10866.0
2024-10-25 15:04:00+00:00,APP,161.72999572753906,161.72999572753906,161.72999572753906,161.6999969482422,161.72000122070312,1658.0
2024-10-25 15:04:00+00:00,APPF,212.32359313964844,212.32359313964844,212.33999633789062,212.1999969482422,212.33999633789062,1868.0
2024-10-25 15:04:00+00:00,APPN,32.119998931884766,32.119998931884766,32.119998931884766,32.119998931884766,32.119998931884766,423.0
2024-10-25 15:04:00+00:00,APPS,3.075000047683716,3.075000047683716,3.075000047683716,3.069999933242798,3.075000047683716,1603.0
2024-10-25 15:04:00+00:00,ARRY,6.434000015258789,6.434000015258789,6.440000057220459,6.429999828338623,6.434999942779541,17434.0
2024-10-25 15:04:00+00:00,ASML,715.2899780273438,715.2899780273438,715.344970703125,715.0800170898438,715.0999755859375,1319.0
2024-10-25 15:04:00+00:00,ATOM,3.309999942779541,3.309999942779541,3.309999942779541,3.309999942779541,3.309999942779541,0.0
2024-10-25 15:04:00+00:00,AUR,6.375,6.375,6.380000114440918,6.369999885559082,6.380000114440918,5506.0
2024-10-25 15:04:00+00:00,AVDX,8.159000396728516,8.159000396728516,8.159000396728516,8.154999732971191,8.154999732971191,1085.0
2024-10-25 15:04:00+00:00,AVGO,174.22000122070312,174.22000122070312,174.2899932861328,174.1999969482422,174.25999450683594,16349.0
2024-10-25 15:04:00+00:00,AVPT,11.90999984741211,11.90999984741211,11.90999984741211,11.90999984741211,11.90999984741211,393.0
2024-10-25 15:04:00+00:00,AZPN,238.9600067138672,238.9600067138672,238.9600067138672,238.5,238.5,1744.0
2024-10-25 15:04:00+00:00,BASE,16.25,16.25,16.25,16.25,16.25,637.0
2024-10-25 15:04:00+00:00,BLKB,85.88999938964844,85.88999938964844,85.88999938964844,85.88999938964844,85.88999938964844,200.0
2024-10-25 15:04:00+00:00,BMBL,7.065000057220459,7.065000057220459,7.070000171661377,7.0625,7.065000057220459,10371.0
2024-10-25 15:04:00+00:00,BRZE,30.704999923706055,30.704999923706055,30.704999923706055,30.704999923706055,30.704999923706055,535.0
2024-10-25 15:04:00+00:00,BSY,49.16999816894531,49.16999816894531,49.16999816894531,49.15999984741211,49.16999816894531,1486.0
2024-10-25 15:04:00+00:00,CAMT,77.73999786376953,77.73999786376953,77.73999786376953,77.73999786376953,77.73999786376953,1088.0
2024-10-25 15:04:00+00:00,CAN,0.9750000238418579,0.9750000238418579,0.9750000238418579,0.9750000238418579,0.9750000238418579,0.0
2024-10-25 15:04:00+00:00,CDNS,258.07000732421875,258.07000732421875,258.19000244140625,258.07000732421875,258.19000244140625,3130.0
2024-10-25 15:04:00+00:00,CDW,218.11000061035156,218.11000061035156,218.11000061035156,218.11000061035156,218.11000061035156,643.0
2024-10-25 15:04:00+00:00,CETX,0.30140000581741333,0.30140000581741333,0.30140000581741333,0.30140000581741333,0.30140000581741333,1011.0
2024-10-25 15:04:00+00:00,CFLT,22.524999618530273,22.524999618530273,22.559999465942383,22.520000457763672,22.559999465942383,10091.0
2024-10-25 15:04:00+00:00,CGNT,6.630000114440918,6.630000114440918,6.635000228881836,6.630000114440918,6.635000228881836,513.0
2024-10-25 15:04:00+00:00,CGNX,38.94499969482422,38.94499969482422,38.95500183105469,38.94499969482422,38.95500183105469,2316.0
2024-10-25 15:04:00+00:00,CHKP,206.2449951171875,206.2449951171875,206.2449951171875,206.2449951171875,206.2449951171875,251.0
2024-10-25 15:04:00+00:00,CLBT,18.219999313354492,18.219999313354492,18.225000381469727,18.21500015258789,18.225000381469727,1915.0
2024-10-25 15:04:00+00:00,CLSK,11.690099716186523,11.690099716186523,11.736000061035156,11.6899995803833,11.725000381469727,63697.0
2024-10-25 15:04:00+00:00,CMTL,3.819999933242798,3.819999933242798,3.819999933242798,3.809999942779541,3.809999942779541,1578.0
2024-10-25 15:04:00+00:00,CNDT,3.5899999141693115,3.5899999141693115,3.5950000286102295,3.5850000381469727,3.5850000381469727,5273.0
2024-10-25 15:04:00+00:00,COHR,95.69000244140625,95.69000244140625,95.7300033569336,95.69000244140625,95.7300033569336,1683.0
2024-10-25 15:04:00+00:00,COIN,207.35499572753906,207.35499572753906,207.6999969482422,207.35499572753906,207.6199951171875,7185.0
2024-10-25 15:04:00+00:00,COMM,6.255000114440918,6.255000114440918,6.255000114440918,6.250100135803223,6.255000114440918,7225.0
2024-10-25 15:04:00+00:00,CORZ,13.345000267028809,13.345000267028809,13.380000114440918,13.345000267028809,13.375,5351.0
2024-10-25 15:04:00+00:00,CRDO,39.09000015258789,39.09000015258789,39.12089920043945,39.09000015258789,39.119998931884766,1928.0
2024-10-25 15:04:00+00:00,CRUS,122.3499984741211,122.3499984741211,122.3499984741211,122.3499984741211,122.3499984741211,447.0
2024-10-25 15:04:00+00:00,CRWD,298.2349853515625,298.2349853515625,298.3900146484375,298.0799865722656,298.1499938964844,21612.0
2024-10-25 15:04:00+00:00,CSCO,55.775001525878906,55.775001525878906,55.779998779296875,55.7599983215332,55.779998779296875,11237.0
2024-10-25 15:04:00+00:00,CSGS,47.470001220703125,47.470001220703125,47.4900016784668,47.470001220703125,47.4900016784668,1174.0
2024-10-25 15:04:00+00:00,CSIQ,13.430000305175781,13.430000305175781,13.4576997756958,13.420000076293945,13.4576997756958,4917.0
2024-10-25 15:04:00+00:00,CTSH,74.77999877929688,74.77999877929688,74.79000091552734,74.7699966430664,74.79000091552734,2795.0
2024-10-25 15:04:00+00:00,DAKT,13.097000122070312,13.097000122070312,13.100000381469727,13.097000122070312,13.100000381469727,2456.0
2024-10-25 15:04:00+00:00,DBX,26.104999542236328,26.104999542236328,26.104999542236328,26.104999542236328,26.104999542236328,1329.0
2024-10-25 15:04:00+00:00,DDOG,126.41999816894531,126.41999816894531,126.41999816894531,126.41999816894531,126.41999816894531,223.0
2024-10-25 15:04:00+00:00,DOCU,69.0602035522461,69.0602035522461,69.11499786376953,69.0602035522461,69.11499786376953,4037.0
2024-10-25 15:04:00+00:00,DUOL,291.760009765625,291.760009765625,291.760009765625,291.760009765625,291.760009765625,1000.0
2024-10-25 15:04:00+00:00,EEFT,100.37000274658203,100.37000274658203,100.37000274658203,100.29000091552734,100.29000091552734,663.0
2024-10-25 15:04:00+00:00,ENPH,83.7750015258789,83.7750015258789,83.80999755859375,83.76499938964844,83.80999755859375,2607.0
2024-10-25 15:04:00+00:00,ENTG,105.0009994506836,105.0009994506836,105.16000366210938,105.0009994506836,105.11000061035156,1328.0
2024-10-25 15:04:00+00:00,ERIC,8.46500015258789,8.46500015258789,8.470000267028809,8.454999923706055,8.454999923706055,108597.0
2024-10-25 15:04:00+00:00,EVCM,10.430000305175781,10.430000305175781,10.430000305175781,10.420000076293945,10.420000076293945,278.0
2024-10-25 15:04:00+00:00,EXLS,38.77009963989258,38.77009963989258,38.77009963989258,38.76499938964844,38.76499938964844,776.0
2024-10-25 15:04:00+00:00,FFIV,216.8699951171875,216.8699951171875,216.94000244140625,216.86000061035156,216.94000244140625,3041.0
2024-10-25 15:04:00+00:00,FIVN,29.903600692749023,29.903600692749023,29.93000030517578,29.903600692749023,29.93000030517578,5601.0
2024-10-25 15:04:00+00:00,FLEX,35.2400016784668,35.2400016784668,35.2400016784668,35.23500061035156,35.23500061035156,1294.0
2024-10-25 15:04:00+00:00,FLYW,17.34000015258789,17.34000015258789,17.34000015258789,17.34000015258789,17.34000015258789,197.0
2024-10-25 15:04:00+00:00,FROG,29.3799991607666,29.3799991607666,29.3799991607666,29.3799991607666,29.3799991607666,921.0
2024-10-25 15:04:00+00:00,FRSH,11.630000114440918,11.630000114440918,11.635000228881836,11.630000114440918,11.635000228881836,2768.0
2024-10-25 15:04:00+00:00,FSLR,198.61000061035156,198.61000061035156,198.6199951171875,198.60000610351562,198.6199951171875,1111.0
2024-10-25 15:04:00+00:00,FTFT,0.3199999928474426,0.3199999928474426,0.3199999928474426,0.3199999928474426,0.3199999928474426,1728.0
2024-10-25 15:04:00+00:00,FTNT,80.5199966430664,80.5199966430664,80.5250015258789,80.5199966430664,80.5199966430664,2247.0
2024-10-25 15:04:00+00:00,GCT,24.450000762939453,24.450000762939453,24.489999771118164,24.450000762939453,24.489999771118164,1407.0
2024-10-25 15:04:00+00:00,GDS,21.389999389648438,21.389999389648438,21.389999389648438,21.3799991607666,21.3799991607666,1080.0
2024-10-25 15:04:00+00:00,GFS,40.5099983215332,40.5099983215332,40.560001373291016,40.5099983215332,40.54999923706055,4197.0
2024-10-25 15:04:00+00:00,GILT,4.940000057220459,4.940000057220459,4.940000057220459,4.940000057220459,4.940000057220459,434.0
2024-10-25 15:04:00+00:00,GRAB,4.094799995422363,4.094799995422363,4.099999904632568,4.090000152587891,4.09499979019165,6941.0
2024-10-25 15:04:00+00:00,GTLB,55.0099983215332,55.0099983215332,55.029998779296875,54.95000076293945,55.02000045776367,11282.0
2024-10-25 15:04:00+00:00,HCP,33.654998779296875,33.654998779296875,33.654998779296875,33.650001525878906,33.654998779296875,1365.0
2024-10-25 15:04:00+00:00,HIMX,6.195000171661377,6.195000171661377,6.195000171661377,6.190000057220459,6.195000171661377,797.0
2024-10-25 15:04:00+00:00,HLIT,14.774999618530273,14.774999618530273,14.774999618530273,14.774999618530273,14.774999618530273,612.0
2024-10-25 15:04:00+00:00,HOLO,3.6198999881744385,3.6198999881744385,3.6198999881744385,3.609999895095825,3.612499952316284,3748.0
2024-10-25 15:04:00+00:00,HOOD,27.135000228881836,27.135000228881836,27.170000076293945,27.135000228881836,27.170000076293945,4813.0
2024-10-25 15:04:00+00:00,IMMR,8.680000305175781,8.680000305175781,8.680000305175781,8.680000305175781,8.680000305175781,228.0
2024-10-25 15:04:00+00:00,INDI,3.4749999046325684,3.4749999046325684,3.4749999046325684,3.4749999046325684,3.4749999046325684,732.0
2024-10-25 15:04:00+00:00,INFN,6.764999866485596,6.764999866485596,6.764999866485596,6.760000228881836,6.760000228881836,1035.0
2024-10-25 15:04:00+00:00,INOD,20.280000686645508,20.280000686645508,20.280000686645508,20.280000686645508,20.280000686645508,458.0
2024-10-25 15:04:00+00:00,INSG,20.09000015258789,20.09000015258789,20.09000015258789,20.08690071105957,20.08690071105957,519.0
2024-10-25 15:04:00+00:00,INTA,49.939998626708984,49.939998626708984,49.94329833984375,49.939998626708984,49.94329833984375,1203.0
2024-10-25 15:04:00+00:00,INTC,22.8710994720459,22.8710994720459,22.899999618530273,22.860000610351562,22.895000457763672,108017.0
2024-10-25 15:04:00+00:00,INTU,608.8049926757812,608.8049926757812,608.8049926757812,608.8049926757812,608.8049926757812,932.0
2024-10-25 15:04:00+00:00,ITRI,102.76000213623047,102.76000213623047,102.76000213623047,102.76000213623047,102.76000213623047,180.0
2024-10-25 15:04:00+00:00,JAMF,16.84000015258789,16.84000015258789,16.84000015258789,16.84000015258789,16.84000015258789,132.0
2024-10-25 15:04:00+00:00,JKHY,182.97000122070312,182.97000122070312,182.97000122070312,182.97000122070312,182.97000122070312,313.0
2024-10-25 15:04:00+00:00,KC,2.684999942779541,2.684999942779541,2.684999942779541,2.680000066757202,2.6842000484466553,886.0
2024-10-25 15:04:00+00:00,KLAC,675.1199951171875,675.1199951171875,675.1199951171875,675.1199951171875,675.1199951171875,1429.0
2024-10-25 15:04:00+00:00,KLIC,44.599998474121094,44.599998474121094,44.61000061035156,44.599998474121094,44.61000061035156,701.0
2024-10-25 15:04:00+00:00,LITE,64.62999725341797,64.62999725341797,64.63500213623047,64.625,64.63500213623047,669.0
2024-10-25 15:04:00+00:00,LRCX,78.5199966430664,78.5199966430664,78.55999755859375,78.5199966430664,78.54000091552734,17446.0
2024-10-25 15:04:00+00:00,LSCC,54.130001068115234,54.130001068115234,54.18000030517578,54.130001068115234,54.18000030517578,3015.0
2024-10-25 15:04:00+00:00,LTRX,4.09499979019165,4.09499979019165,4.09499979019165,4.090000152587891,4.090000152587891,405.0
2024-10-25 15:04:00+00:00,LYFT,13.8149995803833,13.8149995803833,13.8149995803833,13.8100004196167,13.8149995803833,8095.0
2024-10-25 15:04:00+00:00,MANH,275.95001220703125,275.95001220703125,275.95001220703125,275.95001220703125,275.95001220703125,479.0
2024-10-25 15:04:00+00:00,MCHP,76.70999908447266,76.70999908447266,76.73999786376953,76.70999908447266,76.73500061035156,4105.0
2024-10-25 15:04:00+00:00,MDB,267.5082092285156,267.5082092285156,267.5082092285156,267.3699951171875,267.3800048828125,1392.0
2024-10-25 15:04:00+00:00,MITK,8.779999732971191,8.779999732971191,8.779999732971191,8.779999732971191,8.779999732971191,287.0
2024-10-25 15:04:00+00:00,MKSI,101.27999877929688,101.27999877929688,101.27999877929688,101.27249908447266,101.27249908447266,803.0
2024-10-25 15:04:00+00:00,MKTW,0.5849999785423279,0.5849999785423279,0.5853999853134155,0.5849999785423279,0.5853999853134155,353.0
2024-10-25 15:04:00+00:00,MNDY,298.44000244140625,298.44000244140625,298.44000244140625,298.44000244140625,298.44000244140625,471.0
2024-10-25 15:04:00+00:00,MPWR,908.64501953125,908.64501953125,908.64501953125,908.64501953125,908.64501953125,180.0
2024-10-25 15:04:00+00:00,MQ,5.320000171661377,5.320000171661377,5.320000171661377,5.315000057220459,5.315000057220459,2045.0
2024-10-25 15:04:00+00:00,MRAM,6.349999904632568,6.349999904632568,6.349999904632568,6.349999904632568,6.349999904632568,109.0
2024-10-25 15:04:00+00:00,MRVL,82.12000274658203,82.12000274658203,82.1500015258789,82.12000274658203,82.1500015258789,2441.0
2024-10-25 15:04:00+00:00,MSFT,428.760009765625,428.760009765625,428.8999938964844,428.760009765625,428.8699951171875,278311.0
2024-10-25 15:04:00+00:00,MSTR,234.89999389648438,234.89999389648438,235.89999389648438,234.7971954345703,235.7100067138672,40981.0
2024-10-25 15:04:00+00:00,MTLS,5.925000190734863,5.925000190734863,5.925000190734863,5.925000190734863,5.925000190734863,420.0
2024-10-25 15:04:00+00:00,MTSI,121.22859954833984,121.22859954833984,121.36000061035156,121.13999938964844,121.30500030517578,3269.0
2024-10-25 15:04:00+00:00,MTTR,4.585000038146973,4.585000038146973,4.585000038146973,4.579999923706055,4.579999923706055,3788.0
2024-10-25 15:04:00+00:00,MU,108.36000061035156,108.36000061035156,108.4000015258789,108.36000061035156,108.4000015258789,11845.0
2024-10-25 15:04:00+00:00,MVIS,1.0800000429153442,1.0800000429153442,1.0800000429153442,1.0800000429153442,1.0800000429153442,612.0
2024-10-25 15:04:00+00:00,MXL,14.784000396728516,14.784000396728516,14.800000190734863,14.779999732971191,14.800000190734863,1995.0
2024-10-25 15:04:00+00:00,NCNO,37.720001220703125,37.720001220703125,37.720001220703125,37.720001220703125,37.720001220703125,641.0
2024-10-25 15:04:00+00:00,NICE,175.05499267578125,175.05499267578125,175.17840576171875,175.05499267578125,175.17840576171875,2617.0
2024-10-25 15:04:00+00:00,NTAP,119.8550033569336,119.8550033569336,119.8550033569336,119.83999633789062,119.8499984741211,1326.0
2024-10-25 15:04:00+00:00,NTNX,62.04999923706055,62.04999923706055,62.04999923706055,62.04999923706055,62.04999923706055,1201.0
2024-10-25 15:04:00+00:00,NVDA,141.9777069091797,141.9777069091797,142.01499938964844,141.9199981689453,142.01499938964844,144378.0
2024-10-25 15:04:00+00:00,NVTS,2.529900074005127,2.529900074005127,2.529900074005127,2.5297000408172607,2.5297000408172607,1324.0
2024-10-25 15:04:00+00:00,NXPI,243.71249389648438,243.71249389648438,243.72000122070312,243.6999969482422,243.6999969482422,1382.0
2024-10-25 15:04:00+00:00,OKTA,72.34500122070312,72.34500122070312,72.37000274658203,72.33999633789062,72.37000274658203,2126.0
2024-10-25 15:04:00+00:00,OLED,203.0800018310547,203.0800018310547,203.0800018310547,203.0800018310547,203.0800018310547,593.0
2024-10-25 15:04:00+00:00,ON,71.46499633789062,71.46499633789062,71.5199966430664,71.46499633789062,71.5199966430664,8347.0
2024-10-25 15:04:00+00:00,OSIS,135.91000366210938,135.91000366210938,135.91000366210938,135.91000366210938,135.91000366210938,540.0
2024-10-25 15:04:00+00:00,OSPN,14.568699836730957,14.568699836730957,14.568699836730957,14.568699836730957,14.568699836730957,516.0
2024-10-25 15:04:00+00:00,PANW,367.01611328125,367.01611328125,367.01611328125,367.01611328125,367.01611328125,1055.0
2024-10-25 15:04:00+00:00,PEGA,79.08999633789062,79.08999633789062,79.0999984741211,79.02999877929688,79.02999877929688,4290.0
2024-10-25 15:04:00+00:00,PGY,11.890000343322754,11.890000343322754,11.890000343322754,11.890000343322754,11.890000343322754,152.0
2024-10-25 15:04:00+00:00,PHUN,10.40999984741211,10.40999984741211,10.5600004196167,10.399999618530273,10.5600004196167,94926.0
2024-10-25 15:04:00+00:00,PI,202.88999938964844,202.88999938964844,203.2299041748047,202.88999938964844,203.08999633789062,3710.0
2024-10-25 15:04:00+00:00,PLXS,141.96499633789062,141.96499633789062,141.96499633789062,141.96499633789062,141.96499633789062,343.0
2024-10-25 15:04:00+00:00,POET,3.8399999141693115,3.8399999141693115,3.8427999019622803,3.8399999141693115,3.8427999019622803,1513.0
2024-10-25 15:04:00+00:00,PRGS,64.56999969482422,64.56999969482422,64.56999969482422,64.55000305175781,64.55000305175781,563.0
2024-10-25 15:04:00+00:00,PTC,187.27000427246094,187.27000427246094,187.27000427246094,187.27000427246094,187.27000427246094,577.0
2024-10-25 15:04:00+00:00,PUBM,14.729999542236328,14.729999542236328,14.729999542236328,14.729999542236328,14.729999542236328,234.0
2024-10-25 15:04:00+00:00,PYCR,14.34000015258789,14.34000015258789,14.345000267028809,14.34000015258789,14.345000267028809,852.0
2024-10-25 15:04:00+00:00,QCOM,170.8227996826172,170.8227996826172,170.8699951171875,170.8000030517578,170.8699951171875,3062.0
2024-10-25 15:04:00+00:00,QRVO,99.88999938964844,99.88999938964844,99.88999938964844,99.88999938964844,99.88999938964844,239.0
2024-10-25 15:04:00+00:00,QUBT,1.0800000429153442,1.0800000429153442,1.0800000429153442,1.0800000429153442,1.0800000429153442,606.0
2024-10-25 15:04:00+00:00,QUIK,8.59000015258789,8.59000015258789,8.59000015258789,8.59000015258789,8.59000015258789,685.0
2024-10-25 15:04:00+00:00,RCAT,2.755000114440918,2.755000114440918,2.755000114440918,2.753999948501587,2.753999948501587,551.0
2024-10-25 15:04:00+00:00,REKR,1.090000033378601,1.090000033378601,1.090000033378601,1.090000033378601,1.090000033378601,1122.0
2024-10-25 15:04:00+00:00,RELY,14.84000015258789,14.84000015258789,14.845000267028809,14.84000015258789,14.84000015258789,2647.0
2024-10-25 15:04:00+00:00,RGTI,1.2300000190734863,1.2300000190734863,1.2400000095367432,1.2300000190734863,1.2305999994277954,13452.0
2024-10-25 15:04:00+00:00,RIOT,9.760100364685059,9.760100364685059,9.789999961853027,9.760000228881836,9.78499984741211,39906.0
2024-10-25 15:04:00+00:00,RMBS,43.47999954223633,43.47999954223633,43.47999954223633,43.43000030517578,43.47999954223633,7982.0
2024-10-25 15:04:00+00:00,RPAY,7.71999979019165,7.71999979019165,7.71999979019165,7.715000152587891,7.715000152587891,397.0
2024-10-25 15:04:00+00:00,RUM,5.755000114440918,5.755000114440918,5.764999866485596,5.755000114440918,5.764999866485596,4374.0
2024-10-25 15:04:00+00:00,RUN,14.395000457763672,14.395000457763672,14.449000358581543,14.395000457763672,14.449000358581543,27836.0
2024-10-25 15:04:00+00:00,RXT,2.4700000286102295,2.4700000286102295,2.4700000286102295,2.4649999141693115,2.4700000286102295,4935.0
2024-10-25 15:04:00+00:00,SEDG,15.899999618530273,15.899999618530273,15.90999984741211,15.890000343322754,15.90999984741211,4846.0
2024-10-25 15:04:00+00:00,SHLS,5.239999771118164,5.239999771118164,5.25,5.239999771118164,5.239999771118164,4805.0
2024-10-25 15:04:00+00:00,SKYT,10.5600004196167,10.5600004196167,10.5600004196167,10.5600004196167,10.5600004196167,1693.0
2024-10-25 15:04:00+00:00,SMCI,47.59000015258789,47.59000015258789,47.625,47.58000183105469,47.59149932861328,38590.0
2024-10-25 15:04:00+00:00,SMTC,45.689998626708984,45.689998626708984,45.689998626708984,45.689998626708984,45.689998626708984,152.0
2024-10-25 15:04:00+00:00,SNCR,10.5693998336792,10.5693998336792,10.5693998336792,10.5693998336792,10.5693998336792,749.0
2024-10-25 15:04:00+00:00,SONO,12.699999809265137,12.699999809265137,12.699999809265137,12.699999809265137,12.699999809265137,2153.0
2024-10-25 15:04:00+00:00,SOUN,5.184999942779541,5.184999942779541,5.195000171661377,5.182000160217285,5.195000171661377,22690.0
2024-10-25 15:04:00+00:00,SPSC,171.0200958251953,171.0200958251953,171.0200958251953,171.0200958251953,171.0200958251953,940.0
2024-10-25 15:04:00+00:00,SSNC,69.82499694824219,69.82499694824219,69.83499908447266,69.81999969482422,69.83499908447266,4376.0
2024-10-25 15:04:00+00:00,STNE,11.5649995803833,11.5649995803833,11.569999694824219,11.550000190734863,11.5600004196167,20206.0
2024-10-25 15:04:00+00:00,STX,103.73999786376953,103.73999786376953,103.76000213623047,103.72000122070312,103.75,1620.0
2024-10-25 15:04:00+00:00,SWKS,95.82499694824219,95.82499694824219,95.83000183105469,95.82499694824219,95.83000183105469,910.0
2024-10-25 15:04:00+00:00,SYTA,1.3003000020980835,1.3003000020980835,1.3003000020980835,1.3003000020980835,1.3003000020980835,632.0
2024-10-25 15:04:00+00:00,TEAM,189.41000366210938,189.41000366210938,189.4949951171875,189.41000366210938,189.4949951171875,1541.0
2024-10-25 15:04:00+00:00,TENB,41.744998931884766,41.744998931884766,41.744998931884766,41.744998931884766,41.744998931884766,201.0
2024-10-25 15:04:00+00:00,TER,112.16999816894531,112.16999816894531,112.19999694824219,112.16000366210938,112.19000244140625,3784.0
2024-10-25 15:04:00+00:00,TRMB,61.029998779296875,61.029998779296875,61.029998779296875,61.029998779296875,61.029998779296875,1030.0
2024-10-25 15:04:00+00:00,TSEM,44.744998931884766,44.744998931884766,44.744998931884766,44.71500015258789,44.71500015258789,1017.0
2024-10-25 15:04:00+00:00,TTD,119.11499786376953,119.11499786376953,119.1500015258789,119.11000061035156,119.12999725341797,3676.0
2024-10-25 15:04:00+00:00,TTMI,19.649999618530273,19.649999618530273,19.649999618530273,19.649999618530273,19.649999618530273,211.0
2024-10-25 15:04:00+00:00,TWKS,4.440000057220459,4.440000057220459,4.440000057220459,4.440000057220459,4.440000057220459,9059.0
2024-10-25 15:04:00+00:00,TXN,207.50999450683594,207.50999450683594,207.60000610351562,207.50999450683594,207.58999633789062,3143.0
2024-10-25 15:04:00+00:00,UCTT,35.83000183105469,35.83000183105469,35.875,35.83000183105469,35.875,0.0
2024-10-25 15:04:00+00:00,VERX,41.849998474121094,41.849998474121094,41.900001525878906,41.849998474121094,41.880001068115234,1608.0
2024-10-25 15:04:00+00:00,VOXX,7.539999961853027,7.539999961853027,7.539999961853027,7.539999961853027,7.539999961853027,101.0
2024-10-25 15:04:00+00:00,VRAR,0.7400000095367432,0.7400000095367432,0.7400000095367432,0.7400000095367432,0.7400000095367432,546.0
2024-10-25 15:04:00+00:00,VRNS,56.810001373291016,56.810001373291016,56.83000183105469,56.810001373291016,56.83000183105469,717.0
2024-10-25 15:04:00+00:00,VRNT,21.93000030517578,21.93000030517578,21.93000030517578,21.93000030517578,21.93000030517578,380.0
2024-10-25 15:04:00+00:00,VRSN,183.02000427246094,183.02000427246094,183.02000427246094,183.02000427246094,183.02000427246094,616.0
2024-10-25 15:04:00+00:00,VSAT,10.170000076293945,10.170000076293945,10.170000076293945,10.170000076293945,10.170000076293945,333.0
2024-10-25 15:04:00+00:00,WDAY,238.66000366210938,238.66000366210938,238.67999267578125,238.66000366210938,238.67999267578125,1266.0
2024-10-25 15:04:00+00:00,WDC,70.1500015258789,70.1500015258789,70.18000030517578,70.12999725341797,70.13999938964844,13208.0
2024-10-25 15:04:00+00:00,WISA,2.0350000858306885,2.0350000858306885,2.0399999618530273,2.0350000858306885,2.0350000858306885,2200.0
2024-10-25 15:04:00+00:00,WRAP,1.7970999479293823,1.7970999479293823,1.7970999479293823,1.7970999479293823,1.7970999479293823,304.0
2024-10-25 15:04:00+00:00,XRX,10.0,10.0,10.0,10.0,10.0,373.0
2024-10-25 15:04:00+00:00,ZBRA,361.3999938964844,361.3999938964844,361.3999938964844,361.2149963378906,361.2300109863281,6030.0
2024-10-25 15:04:00+00:00,ZI,10.489999771118164,10.489999771118164,10.489999771118164,10.489999771118164,10.489999771118164,1293.0
2024-10-25 15:04:00+00:00,ZM,72.9749984741211,72.9749984741211,72.9749984741211,72.96499633789062,72.97000122070312,1613.0
2024-10-25 15:04:00+00:00,ZS,185.13999938964844,185.13999938964844,185.13999938964844,185.13999938964844,185.13999938964844,436.0
2024-10-25 15:05:00+00:00,AAOI,17.600000381469727,17.600000381469727,17.610000610351562,17.600000381469727,17.610000610351562,1966.0
2024-10-25 15:05:00+00:00,AAPL,231.90499877929688,231.90499877929688,231.99000549316406,231.87660217285156,231.9499969482422,33831.0
2024-10-25 15:05:00+00:00,ACIW,48.95000076293945,48.95000076293945,48.95000076293945,48.935001373291016,48.935001373291016,796.0
2024-10-25 15:05:00+00:00,ACLS,90.23999786376953,90.23999786376953,90.23999786376953,90.23999786376953,90.23999786376953,800.0
2024-10-25 15:05:00+00:00,ACMR,19.645000457763672,19.645000457763672,19.645000457763672,19.645000457763672,19.645000457763672,456.0
2024-10-25 15:05:00+00:00,ADBE,483.1199951171875,483.1199951171875,483.239990234375,483.05999755859375,483.05999755859375,1588.0
2024-10-25 15:05:00+00:00,ADI,231.11000061035156,231.11000061035156,231.16000366210938,231.10000610351562,231.14999389648438,1821.0
2024-10-25 15:05:00+00:00,ADSK,286.9200134277344,286.9200134277344,286.9200134277344,286.9200134277344,286.9200134277344,1711.0
2024-10-25 15:05:00+00:00,AEHR,16.929100036621094,16.929100036621094,16.934999465942383,16.929100036621094,16.934999465942383,552.0
2024-10-25 15:05:00+00:00,AFRM,41.33000183105469,41.33000183105469,41.345001220703125,41.33000183105469,41.33000183105469,3595.0
2024-10-25 15:05:00+00:00,AIRG,9.130000114440918,9.130000114440918,9.130000114440918,9.130000114440918,9.130000114440918,0.0
2024-10-25 15:05:00+00:00,AKAM,102.13999938964844,102.13999938964844,102.1500015258789,102.13999938964844,102.1500015258789,915.0
2024-10-25 15:05:00+00:00,AKTS,0.05939999967813492,0.05939999967813492,0.05990000069141388,0.05939999967813492,0.05990000069141388,19180.0
2024-10-25 15:05:00+00:00,ALGM,23.145000457763672,23.145000457763672,23.149999618530273,23.139999389648438,23.149999618530273,3512.0
2024-10-25 15:05:00+00:00,ALKT,38.16999816894531,38.16999816894531,38.189998626708984,38.16999816894531,38.189998626708984,627.0
2024-10-25 15:05:00+00:00,ALRM,54.54499816894531,54.54499816894531,54.54499816894531,54.5099983215332,54.5099983215332,2578.0
2024-10-25 15:05:00+00:00,ALTR,104.18499755859375,104.18499755859375,104.18499755859375,104.18499755859375,104.18499755859375,667.0
2024-10-25 15:05:00+00:00,AMAT,187.28500366210938,187.28500366210938,187.3800048828125,187.27999877929688,187.3300018310547,3672.0
2024-10-25 15:05:00+00:00,AMBA,57.959999084472656,57.959999084472656,57.959999084472656,57.959999084472656,57.959999084472656,496.0
2024-10-25 15:05:00+00:00,AMD,156.4199981689453,156.4199981689453,156.4199981689453,156.35000610351562,156.39999389648438,28794.0
2024-10-25 15:05:00+00:00,AMKR,29.979999542236328,29.979999542236328,30.0,29.979000091552734,29.989999771118164,6195.0
2024-10-25 15:05:00+00:00,AMPL,9.100000381469727,9.100000381469727,9.100000381469727,9.100000381469727,9.100000381469727,574.0
2024-10-25 15:05:00+00:00,ANSS,323.6400146484375,323.6400146484375,323.8299865722656,323.5150146484375,323.8299865722656,3369.0
2024-10-25 15:05:00+00:00,API,2.884999990463257,2.884999990463257,2.884999990463257,2.8808000087738037,2.884999990463257,1400.0
2024-10-25 15:05:00+00:00,APP,161.5399932861328,161.5399932861328,161.72999572753906,161.5399932861328,161.72999572753906,5445.0
2024-10-25 15:05:00+00:00,APPF,212.50999450683594,212.50999450683594,212.50999450683594,212.50999450683594,212.50999450683594,523.0
2024-10-25 15:05:00+00:00,APPN,32.119998931884766,32.119998931884766,32.119998931884766,32.119998931884766,32.119998931884766,240.0
2024-10-25 15:05:00+00:00,APPS,3.0706000328063965,3.0706000328063965,3.0706000328063965,3.0706000328063965,3.0706000328063965,1715.0
2024-10-25 15:05:00+00:00,ARRY,6.425000190734863,6.425000190734863,6.434999942779541,6.420000076293945,6.434999942779541,14208.0
2024-10-25 15:05:00+00:00,ASML,715.2100219726562,715.2100219726562,715.2100219726562,714.8599853515625,714.8599853515625,489.0
2024-10-25 15:05:00+00:00,AUR,6.373000144958496,6.373000144958496,6.373000144958496,6.369999885559082,6.369999885559082,3171.0
2024-10-25 15:05:00+00:00,AVDX,8.149999618530273,8.149999618530273,8.154999732971191,8.149999618530273,8.149999618530273,6420.0
2024-10-25 15:05:00+00:00,AVGO,174.1851043701172,174.1851043701172,174.22999572753906,174.1199951171875,174.19000244140625,11846.0
2024-10-25 15:05:00+00:00,AVPT,11.90999984741211,11.90999984741211,11.90999984741211,11.904999732971191,11.904999732971191,690.0
2024-10-25 15:05:00+00:00,AVT,54.130001068115234,54.130001068115234,54.130001068115234,54.130001068115234,54.130001068115234,1009.0
2024-10-25 15:05:00+00:00,AZPN,238.61749267578125,238.61749267578125,238.61749267578125,238.5399932861328,238.5399932861328,855.0
2024-10-25 15:05:00+00:00,BL,56.29999923706055,56.29999923706055,56.29999923706055,56.29499816894531,56.29499816894531,623.0
2024-10-25 15:05:00+00:00,BMBL,7.065000057220459,7.065000057220459,7.070000171661377,7.059999942779541,7.059999942779541,2981.0
2024-10-25 15:05:00+00:00,BRZE,30.69499969482422,30.69499969482422,30.69499969482422,30.69499969482422,30.69499969482422,200.0
2024-10-25 15:05:00+00:00,BSY,49.165000915527344,49.165000915527344,49.165000915527344,49.165000915527344,49.165000915527344,411.0
2024-10-25 15:05:00+00:00,CAN,0.972000002861023,0.972000002861023,0.9750999808311462,0.972000002861023,0.9750999808311462,9933.0
2024-10-25 15:05:00+00:00,CDNS,257.8999938964844,257.8999938964844,258.07000732421875,257.8699951171875,258.07000732421875,2593.0
2024-10-25 15:05:00+00:00,CDW,218.1649932861328,218.1649932861328,218.1649932861328,218.1649932861328,218.1649932861328,504.0
2024-10-25 15:05:00+00:00,CETX,0.30399999022483826,0.30399999022483826,0.30399999022483826,0.30399999022483826,0.30399999022483826,632.0
2024-10-25 15:05:00+00:00,CEVA,24.059999465942383,24.059999465942383,24.059999465942383,24.059999465942383,24.059999465942383,867.0
2024-10-25 15:05:00+00:00,CFLT,22.530000686645508,22.530000686645508,22.530000686645508,22.524999618530273,22.530000686645508,468.0
2024-10-25 15:05:00+00:00,CGNX,38.939998626708984,38.939998626708984,38.939998626708984,38.935001373291016,38.939998626708984,2112.0
2024-10-25 15:05:00+00:00,CHKP,206.09500122070312,206.09500122070312,206.1300048828125,206.08999633789062,206.1300048828125,1692.0
2024-10-25 15:05:00+00:00,CLBT,18.219200134277344,18.219200134277344,18.219200134277344,18.219200134277344,18.219200134277344,455.0
2024-10-25 15:05:00+00:00,CLSK,11.664999961853027,11.664999961853027,11.696000099182129,11.649999618530273,11.696000099182129,103872.0
2024-10-25 15:05:00+00:00,CNXC,44.5,44.5,44.5,44.5,44.5,709.0
2024-10-25 15:05:00+00:00,COHR,95.63999938964844,95.63999938964844,95.69999694824219,95.625,95.66999816894531,5607.0
2024-10-25 15:05:00+00:00,COIN,206.95750427246094,206.95750427246094,207.28599548339844,206.94500732421875,207.24000549316406,10431.0
2024-10-25 15:05:00+00:00,COMM,6.255000114440918,6.255000114440918,6.260000228881836,6.254000186920166,6.254000186920166,999.0
2024-10-25 15:05:00+00:00,CORZ,13.335000038146973,13.335000038146973,13.345000267028809,13.329999923706055,13.345000267028809,8752.0
2024-10-25 15:05:00+00:00,CRDO,39.08000183105469,39.08000183105469,39.08000183105469,39.06999969482422,39.06999969482422,614.0
2024-10-25 15:05:00+00:00,CRNC,2.940000057220459,2.940000057220459,2.940000057220459,2.940000057220459,2.940000057220459,1832.0
2024-10-25 15:05:00+00:00,CRSR,6.34499979019165,6.34499979019165,6.34499979019165,6.34499979019165,6.34499979019165,209.0
2024-10-25 15:05:00+00:00,CRUS,122.2699966430664,122.2699966430664,122.37000274658203,122.22000122070312,122.3499984741211,1547.0
2024-10-25 15:05:00+00:00,CRWD,297.85540771484375,297.85540771484375,298.0899963378906,297.84100341796875,298.0799865722656,11079.0
2024-10-25 15:05:00+00:00,CSCO,55.77000045776367,55.77000045776367,55.775001525878906,55.77000045776367,55.77399826049805,8682.0
2024-10-25 15:05:00+00:00,CSIQ,13.4399995803833,13.4399995803833,13.4399995803833,13.430000305175781,13.430000305175781,1733.0
2024-10-25 15:05:00+00:00,CTSH,74.7699966430664,74.7699966430664,74.78500366210938,74.7699966430664,74.77999877929688,3005.0
2024-10-25 15:05:00+00:00,CYBR,290.1499938964844,290.1499938964844,290.1499938964844,290.1499938964844,290.1499938964844,991.0
2024-10-25 15:05:00+00:00,DBX,26.104999542236328,26.104999542236328,26.104999542236328,26.100000381469727,26.104999542236328,11883.0
2024-10-25 15:05:00+00:00,DDOG,126.40499877929688,126.40499877929688,126.40499877929688,126.36000061035156,126.38500213623047,2486.0
2024-10-25 15:05:00+00:00,DIOD,65.1146011352539,65.1146011352539,65.1146011352539,65.1146011352539,65.1146011352539,313.0
2024-10-25 15:05:00+00:00,DLO,8.845000267028809,8.845000267028809,8.845000267028809,8.845000267028809,8.845000267028809,468.0
2024-10-25 15:05:00+00:00,DOCU,68.99500274658203,68.99500274658203,69.05999755859375,68.99500274658203,69.05999755859375,5378.0
2024-10-25 15:05:00+00:00,DOMO,8.055000305175781,8.055000305175781,8.074999809265137,8.055000305175781,8.074999809265137,2163.0
2024-10-25 15:05:00+00:00,DOX,89.1791000366211,89.1791000366211,89.1791000366211,89.1791000366211,89.1791000366211,500.0
2024-10-25 15:05:00+00:00,DSGX,104.18499755859375,104.18499755859375,104.18499755859375,104.18499755859375,104.18499755859375,279.0
2024-10-25 15:05:00+00:00,DUOL,291.6300048828125,291.6300048828125,291.67999267578125,291.6300048828125,291.67999267578125,692.0
2024-10-25 15:05:00+00:00,EEFT,100.33999633789062,100.33999633789062,100.33999633789062,100.33999633789062,100.33999633789062,791.0
2024-10-25 15:05:00+00:00,EMKR,2.1324000358581543,2.1324000358581543,2.134999990463257,2.1324000358581543,2.133500099182129,1030.0
2024-10-25 15:05:00+00:00,ENPH,83.81999969482422,83.81999969482422,83.81999969482422,83.73999786376953,83.73999786376953,4000.0
2024-10-25 15:05:00+00:00,ENTG,105.12000274658203,105.12000274658203,105.12000274658203,105.08000183105469,105.08000183105469,1414.0
2024-10-25 15:05:00+00:00,ERIC,8.46500015258789,8.46500015258789,8.470000267028809,8.46500015258789,8.470000267028809,10170.0
2024-10-25 15:05:00+00:00,EXLS,38.75,38.75,38.779998779296875,38.75,38.779998779296875,972.0
2024-10-25 15:05:00+00:00,EXTR,14.375,14.375,14.375,14.369999885559082,14.369999885559082,910.0
2024-10-25 15:05:00+00:00,FFIV,216.8699951171875,216.8699951171875,216.8699951171875,216.86000061035156,216.8699951171875,552.0
2024-10-25 15:05:00+00:00,FIVN,29.90999984741211,29.90999984741211,29.90999984741211,29.905000686645508,29.90999984741211,9130.0
2024-10-25 15:05:00+00:00,FLEX,35.220001220703125,35.220001220703125,35.23500061035156,35.220001220703125,35.23500061035156,1300.0
2024-10-25 15:05:00+00:00,FLYW,17.360000610351562,17.360000610351562,17.360000610351562,17.360000610351562,17.360000610351562,246.0
2024-10-25 15:05:00+00:00,FORM,44.790000915527344,44.790000915527344,44.790000915527344,44.790000915527344,44.790000915527344,336.0
2024-10-25 15:05:00+00:00,FROG,29.3799991607666,29.3799991607666,29.3799991607666,29.3799991607666,29.3799991607666,646.0
2024-10-25 15:05:00+00:00,FRSH,11.625,11.625,11.625,11.625,11.625,1182.0
2024-10-25 15:05:00+00:00,FSLR,198.58599853515625,198.58599853515625,198.58599853515625,198.58599853515625,198.58599853515625,278.0
2024-10-25 15:05:00+00:00,FTFT,0.3244999945163727,0.3244999945163727,0.32499998807907104,0.3240000009536743,0.32499998807907104,1580.0
2024-10-25 15:05:00+00:00,FTNT,80.51000213623047,80.51000213623047,80.5199966430664,80.48999786376953,80.51000213623047,6920.0
2024-10-25 15:05:00+00:00,GCT,24.46500015258789,24.46500015258789,24.469999313354492,24.46500015258789,24.469999313354492,627.0
2024-10-25 15:05:00+00:00,GFS,40.494998931884766,40.494998931884766,40.5099983215332,40.4900016784668,40.5099983215332,6874.0
2024-10-25 15:05:00+00:00,GPRO,1.315000057220459,1.315000057220459,1.3187999725341797,1.315000057220459,1.3187999725341797,1386.0
2024-10-25 15:05:00+00:00,GRAB,4.09499979019165,4.09499979019165,4.099999904632568,4.091400146484375,4.09499979019165,10281.0
2024-10-25 15:05:00+00:00,GRRR,4.480000019073486,4.480000019073486,4.480000019073486,4.480000019073486,4.480000019073486,76.0
2024-10-25 15:05:00+00:00,GSIT,3.3949999809265137,3.3949999809265137,3.3949999809265137,3.3949999809265137,3.3949999809265137,208.0
2024-10-25 15:05:00+00:00,GTLB,55.029998779296875,55.029998779296875,55.029998779296875,55.029998779296875,55.029998779296875,189.0
2024-10-25 15:05:00+00:00,HCP,33.650001525878906,33.650001525878906,33.654998779296875,33.650001525878906,33.654998779296875,1112.0
2024-10-25 15:05:00+00:00,HEAR,16.510000228881836,16.510000228881836,16.510000228881836,16.510000228881836,16.510000228881836,230.0
2024-10-25 15:05:00+00:00,HLIT,14.774999618530273,14.774999618530273,14.774999618530273,14.774999618530273,14.774999618530273,539.0
2024-10-25 15:05:00+00:00,HOLO,3.619999885559082,3.619999885559082,3.625999927520752,3.609999895095825,3.61899995803833,6993.0
2024-10-25 15:05:00+00:00,HOOD,27.114999771118164,27.114999771118164,27.135000228881836,27.114999771118164,27.135000228881836,17854.0
2024-10-25 15:05:00+00:00,IMMR,8.680000305175781,8.680000305175781,8.680000305175781,8.680000305175781,8.680000305175781,801.0
2024-10-25 15:05:00+00:00,IMXI,17.639999389648438,17.639999389648438,17.639999389648438,17.639999389648438,17.639999389648438,335.0
2024-10-25 15:05:00+00:00,INDI,3.4749999046325684,3.4749999046325684,3.4749999046325684,3.4749999046325684,3.4749999046325684,2300.0
2024-10-25 15:05:00+00:00,INFN,6.760000228881836,6.760000228881836,6.760000228881836,6.760000228881836,6.760000228881836,358.0
2024-10-25 15:05:00+00:00,INTA,49.900001525878906,49.900001525878906,49.900001525878906,49.875,49.875,994.0
2024-10-25 15:05:00+00:00,INTC,22.870100021362305,22.870100021362305,22.8799991607666,22.864999771118164,22.871599197387695,41170.0
2024-10-25 15:05:00+00:00,INTU,608.77001953125,608.77001953125,608.77001953125,608.739990234375,608.739990234375,1323.0
2024-10-25 15:05:00+00:00,INTZ,0.7200000286102295,0.7200000286102295,0.7200000286102295,0.7200000286102295,0.7200000286102295,265.0
2024-10-25 15:05:00+00:00,IPGP,77.24500274658203,77.24500274658203,77.24500274658203,77.24500274658203,77.24500274658203,229.0
2024-10-25 15:05:00+00:00,ITI,7.195000171661377,7.195000171661377,7.195000171661377,7.195000171661377,7.195000171661377,368.0
2024-10-25 15:05:00+00:00,JAMF,16.829999923706055,16.829999923706055,16.834999084472656,16.829999923706055,16.834999084472656,1453.0
2024-10-25 15:05:00+00:00,KC,2.684999942779541,2.684999942779541,2.684999942779541,2.684999942779541,2.684999942779541,1549.0
2024-10-25 15:05:00+00:00,KLAC,675.0250244140625,675.0250244140625,675.0250244140625,675.0250244140625,675.0250244140625,1053.0
2024-10-25 15:05:00+00:00,LINK,4.781899929046631,4.781899929046631,4.781899929046631,4.730100154876709,4.730100154876709,567.0
2024-10-25 15:05:00+00:00,LITE,64.55039978027344,64.55039978027344,64.5999984741211,64.55039978027344,64.5999984741211,2951.0
2024-10-25 15:05:00+00:00,LOGI,80.73999786376953,80.73999786376953,80.73999786376953,80.73999786376953,80.73999786376953,268.0
2024-10-25 15:05:00+00:00,LRCX,78.51090240478516,78.51090240478516,78.51499938964844,78.44999694824219,78.51499938964844,44195.0
2024-10-25 15:05:00+00:00,LSCC,54.13999938964844,54.13999938964844,54.13999938964844,54.08000183105469,54.099998474121094,6740.0
2024-10-25 15:05:00+00:00,LTRX,4.09499979019165,4.09499979019165,4.09499979019165,4.090000152587891,4.090000152587891,741.0
2024-10-25 15:05:00+00:00,LYFT,13.811100006103516,13.811100006103516,13.8149995803833,13.8100004196167,13.8149995803833,22278.0
2024-10-25 15:05:00+00:00,LYTS,16.210100173950195,16.210100173950195,16.210100173950195,16.210100173950195,16.210100173950195,1140.0
2024-10-25 15:05:00+00:00,MANH,275.94000244140625,275.94000244140625,275.94000244140625,275.94000244140625,275.94000244140625,3075.0
2024-10-25 15:05:00+00:00,MCHP,76.66000366210938,76.66000366210938,76.71499633789062,76.66000366210938,76.70999908447266,5013.0
2024-10-25 15:05:00+00:00,MDB,267.43499755859375,267.43499755859375,267.43499755859375,267.3949890136719,267.3949890136719,318.0
2024-10-25 15:05:00+00:00,MKSI,101.20999908447266,101.20999908447266,101.20999908447266,101.20999908447266,101.20999908447266,711.0
2024-10-25 15:05:00+00:00,MNDY,298.19000244140625,298.19000244140625,298.19000244140625,298.19000244140625,298.19000244140625,1375.0
2024-10-25 15:05:00+00:00,MPWR,908.1500244140625,908.1500244140625,908.1500244140625,907.6749877929688,908.1099853515625,2290.0
2024-10-25 15:05:00+00:00,MQ,5.320000171661377,5.320000171661377,5.320000171661377,5.320000171661377,5.320000171661377,479.0
2024-10-25 15:05:00+00:00,MRVL,82.1050033569336,82.1050033569336,82.11150360107422,82.08000183105469,82.11000061035156,3802.0
2024-10-25 15:05:00+00:00,MSFT,428.6300048828125,428.6300048828125,428.739990234375,428.57000732421875,428.739990234375,13218.0
2024-10-25 15:05:00+00:00,MSTR,234.74000549316406,234.74000549316406,235.17999267578125,234.52999877929688,235.00950622558594,23922.0
2024-10-25 15:05:00+00:00,MTSI,121.2249984741211,121.2249984741211,121.30999755859375,121.2249984741211,121.2300033569336,1141.0
2024-10-25 15:05:00+00:00,MTTR,4.579999923706055,4.579999923706055,4.585000038146973,4.579999923706055,4.579999923706055,1897.0
2024-10-25 15:05:00+00:00,MU,108.37000274658203,108.37000274658203,108.4000015258789,108.3499984741211,108.3550033569336,9528.0
2024-10-25 15:05:00+00:00,MVIS,1.0800000429153442,1.0800000429153442,1.0800000429153442,1.0800000429153442,1.0800000429153442,1074.0
2024-10-25 15:05:00+00:00,MXL,14.800000190734863,14.800000190734863,14.800000190734863,14.789999961853027,14.789999961853027,3273.0
2024-10-25 15:05:00+00:00,NCNO,37.75,37.75,37.75,37.720001220703125,37.720001220703125,4622.0
2024-10-25 15:05:00+00:00,NEON,8.180000305175781,8.180000305175781,8.180000305175781,8.180000305175781,8.180000305175781,238.0
2024-10-25 15:05:00+00:00,NICE,175.05499267578125,175.05499267578125,175.05499267578125,175.05499267578125,175.05499267578125,284.0
2024-10-25 15:05:00+00:00,NOVT,173.6699981689453,173.6699981689453,173.6699981689453,173.6699981689453,173.6699981689453,323.0
2024-10-25 15:05:00+00:00,NSIT,208.22500610351562,208.22500610351562,208.22500610351562,208.22500610351562,208.22500610351562,151.0
2024-10-25 15:05:00+00:00,NTAP,119.80999755859375,119.80999755859375,119.80999755859375,119.80999755859375,119.80999755859375,140.0
2024-10-25 15:05:00+00:00,NTCT,20.6299991607666,20.6299991607666,20.6299991607666,20.6299991607666,20.6299991607666,946.0
2024-10-25 15:05:00+00:00,NTGR,20.229999542236328,20.229999542236328,20.239999771118164,20.229999542236328,20.239999771118164,844.0
2024-10-25 15:05:00+00:00,NTNX,62.03499984741211,62.03499984741211,62.040000915527344,62.029998779296875,62.040000915527344,1252.0
2024-10-25 15:05:00+00:00,NVDA,141.91009521484375,141.91009521484375,141.96499633789062,141.87010192871094,141.9499969482422,177026.0
2024-10-25 15:05:00+00:00,NVTS,2.5399999618530273,2.5399999618530273,2.5399999618530273,2.5257999897003174,2.529099941253662,9362.0
2024-10-25 15:05:00+00:00,NXPI,243.55999755859375,243.55999755859375,243.7100067138672,243.55999755859375,243.7100067138672,4128.0
2024-10-25 15:05:00+00:00,OKTA,72.36000061035156,72.36000061035156,72.36000061035156,72.33000183105469,72.33000183105469,1140.0
2024-10-25 15:05:00+00:00,ON,71.36000061035156,71.36000061035156,71.45999908447266,71.34200286865234,71.45999908447266,13287.0
2024-10-25 15:05:00+00:00,PANW,366.7950134277344,366.7950134277344,366.7950134277344,366.7950134277344,366.7950134277344,728.0
2024-10-25 15:05:00+00:00,PAYO,8.324999809265137,8.324999809265137,8.324999809265137,8.324999809265137,8.324999809265137,795.0
2024-10-25 15:05:00+00:00,PDFS,29.219999313354492,29.219999313354492,29.219999313354492,29.219999313354492,29.219999313354492,522.0
2024-10-25 15:05:00+00:00,PEGA,79.08999633789062,79.08999633789062,79.0999984741211,79.04000091552734,79.08999633789062,2849.0
2024-10-25 15:05:00+00:00,PGY,11.880000114440918,11.880000114440918,11.890000343322754,11.880000114440918,11.890000343322754,506.0
2024-10-25 15:05:00+00:00,PHUN,10.380000114440918,10.380000114440918,10.40999984741211,10.380000114440918,10.390000343322754,41951.0
2024-10-25 15:05:00+00:00,PLXS,141.96499633789062,141.96499633789062,141.96499633789062,141.96499633789062,141.96499633789062,520.0
2024-10-25 15:05:00+00:00,POET,3.8399999141693115,3.8399999141693115,3.8422000408172607,3.8389999866485596,3.8422000408172607,3236.0
2024-10-25 15:05:00+00:00,POWI,63.54999923706055,63.54999923706055,63.54999923706055,63.540000915527344,63.540000915527344,964.0
2024-10-25 15:05:00+00:00,PRCH,1.2949999570846558,1.2949999570846558,1.2949999570846558,1.2949999570846558,1.2949999570846558,300.0
2024-10-25 15:05:00+00:00,PRGS,64.62000274658203,64.62000274658203,64.62000274658203,64.56999969482422,64.56999969482422,1546.0
2024-10-25 15:05:00+00:00,PRSO,1.7999999523162842,1.7999999523162842,1.7999999523162842,1.7984000444412231,1.7999999523162842,700.0
2024-10-25 15:05:00+00:00,PRTH,5.320000171661377,5.320000171661377,5.320000171661377,5.320000171661377,5.320000171661377,0.0
2024-10-25 15:05:00+00:00,PTC,187.11000061035156,187.11000061035156,187.16000366210938,187.11000061035156,187.16000366210938,854.0
2024-10-25 15:05:00+00:00,PUBM,14.739999771118164,14.739999771118164,14.739999771118164,14.739999771118164,14.739999771118164,450.0
2024-10-25 15:05:00+00:00,PYCR,14.34000015258789,14.34000015258789,14.34000015258789,14.34000015258789,14.34000015258789,388.0
2024-10-25 15:05:00+00:00,QCOM,170.7949981689453,170.7949981689453,170.8300018310547,170.7550048828125,170.7899932861328,5661.0
2024-10-25 15:05:00+00:00,QLYS,120.69999694824219,120.69999694824219,120.69999694824219,120.65499877929688,120.65499877929688,12283.0
2024-10-25 15:05:00+00:00,QRVO,99.80000305175781,99.80000305175781,99.88999938964844,99.80000305175781,99.88999938964844,4482.0
2024-10-25 15:05:00+00:00,QUBT,1.0750000476837158,1.0750000476837158,1.0750000476837158,1.0750000476837158,1.0750000476837158,5054.0
2024-10-25 15:05:00+00:00,RCAT,2.759700059890747,2.759700059890747,2.759700059890747,2.755000114440918,2.755000114440918,721.0
2024-10-25 15:05:00+00:00,RELY,14.84000015258789,14.84000015258789,14.84000015258789,14.84000015258789,14.84000015258789,1330.0
2024-10-25 15:05:00+00:00,RGTI,1.225000023841858,1.225000023841858,1.2388999462127686,1.225000023841858,1.2300000190734863,7711.0
2024-10-25 15:05:00+00:00,RIOT,9.753999710083008,9.753999710083008,9.761500358581543,9.75,9.761500358581543,31588.0
2024-10-25 15:05:00+00:00,RMBS,43.45500183105469,43.45500183105469,43.459999084472656,43.45000076293945,43.459999084472656,3878.0
2024-10-25 15:05:00+00:00,RMNI,1.7200000286102295,1.7200000286102295,1.7200000286102295,1.7200000286102295,1.7200000286102295,1148.0
2024-10-25 15:05:00+00:00,RPAY,7.71999979019165,7.71999979019165,7.71999979019165,7.715000152587891,7.715000152587891,1492.0
2024-10-25 15:05:00+00:00,RUM,5.751299858093262,5.751299858093262,5.755000114440918,5.751299858093262,5.755000114440918,814.0
2024-10-25 15:05:00+00:00,RUN,14.399999618530273,14.399999618530273,14.399999618530273,14.390000343322754,14.399999618530273,7563.0
2024-10-25 15:05:00+00:00,SATS,25.405000686645508,25.405000686645508,25.40999984741211,25.399999618530273,25.40999984741211,2254.0
2024-10-25 15:05:00+00:00,SEDG,15.920000076293945,15.920000076293945,15.920000076293945,15.90999984741211,15.90999984741211,3968.0
2024-10-25 15:05:00+00:00,SHLS,5.239999771118164,5.239999771118164,5.244999885559082,5.239999771118164,5.244999885559082,2382.0
2024-10-25 15:05:00+00:00,SMCI,47.560001373291016,47.560001373291016,47.589599609375,47.540000915527344,47.584999084472656,25263.0
2024-10-25 15:05:00+00:00,SMTC,45.630001068115234,45.630001068115234,45.68000030517578,45.630001068115234,45.68000030517578,590.0
2024-10-25 15:05:00+00:00,SNPS,502.40008544921875,502.40008544921875,503.052490234375,502.40008544921875,502.82000732421875,1896.0
2024-10-25 15:05:00+00:00,SOUN,5.184999942779541,5.184999942779541,5.1875,5.179999828338623,5.179999828338623,21815.0
2024-10-25 15:05:00+00:00,SSNC,69.88999938964844,69.88999938964844,69.88999938964844,69.82499694824219,69.82499694824219,4603.0
2024-10-25 15:05:00+00:00,SSYS,7.019999980926514,7.019999980926514,7.03000020980835,7.019999980926514,7.03000020980835,1463.0
2024-10-25 15:05:00+00:00,STER,16.739999771118164,16.739999771118164,16.739999771118164,16.735000610351562,16.735000610351562,288.0
2024-10-25 15:05:00+00:00,STNE,11.569999694824219,11.569999694824219,11.579999923706055,11.569999694824219,11.569999694824219,10088.0
2024-10-25 15:05:00+00:00,STX,103.56999969482422,103.56999969482422,103.74250030517578,103.54499816894531,103.74250030517578,5477.0
2024-10-25 15:05:00+00:00,SURG,1.7450000047683716,1.7450000047683716,1.7450000047683716,1.7400000095367432,1.7400000095367432,150.0
2024-10-25 15:05:00+00:00,SWKS,95.79000091552734,95.79000091552734,95.83000183105469,95.79000091552734,95.80999755859375,2622.0
2024-10-25 15:05:00+00:00,SYNA,72.37000274658203,72.37000274658203,72.45999908447266,72.30000305175781,72.31999969482422,2335.0
2024-10-25 15:05:00+00:00,SYTA,1.3000999689102173,1.3000999689102173,1.3000999689102173,1.2999999523162842,1.2999999523162842,7837.0
2024-10-25 15:05:00+00:00,TEAM,189.4207000732422,189.4207000732422,189.47999572753906,189.34500122070312,189.35000610351562,2775.0
2024-10-25 15:05:00+00:00,TENB,41.7400016784668,41.7400016784668,41.7400016784668,41.720001220703125,41.72999954223633,518.0
2024-10-25 15:05:00+00:00,TER,112.12999725341797,112.12999725341797,112.16000366210938,112.12000274658203,112.1500015258789,4633.0
2024-10-25 15:05:00+00:00,TSEM,44.755001068115234,44.755001068115234,44.755001068115234,44.755001068115234,44.755001068115234,597.0
2024-10-25 15:05:00+00:00,TTD,119.13500213623047,119.13500213623047,119.13500213623047,119.12999725341797,119.12999725341797,1547.0
2024-10-25 15:05:00+00:00,TTMI,19.633399963378906,19.633399963378906,19.633399963378906,19.633399963378906,19.633399963378906,200.0
2024-10-25 15:05:00+00:00,TWKS,4.445000171661377,4.445000171661377,4.445000171661377,4.440000057220459,4.445000171661377,6204.0
2024-10-25 15:05:00+00:00,TXN,207.4915008544922,207.4915008544922,207.55999755859375,207.4915008544922,207.5,2580.0
2024-10-25 15:05:00+00:00,UEIC,8.0649995803833,8.0649995803833,8.0649995803833,8.0649995803833,8.0649995803833,229.0
2024-10-25 15:05:00+00:00,VECO,29.34000015258789,29.34000015258789,29.34000015258789,29.34000015258789,29.34000015258789,2620.0
2024-10-25 15:05:00+00:00,VERX,41.79999923706055,41.79999923706055,41.849998474121094,41.79999923706055,41.849998474121094,1612.0
2024-10-25 15:05:00+00:00,VIAV,9.194999694824219,9.194999694824219,9.199999809265137,9.194999694824219,9.199999809265137,820.0
2024-10-25 15:05:00+00:00,VICR,46.69499969482422,46.69499969482422,46.69499969482422,46.640499114990234,46.65999984741211,757.0
2024-10-25 15:05:00+00:00,VISL,6.200099945068359,6.200099945068359,6.200099945068359,6.200099945068359,6.200099945068359,748.0
2024-10-25 15:05:00+00:00,VMEO,4.755000114440918,4.755000114440918,4.755000114440918,4.755000114440918,4.755000114440918,1133.0
2024-10-25 15:05:00+00:00,VNET,3.3949999809265137,3.3949999809265137,3.3949999809265137,3.3949999809265137,3.3949999809265137,168.0
2024-10-25 15:05:00+00:00,VRNS,56.834999084472656,56.834999084472656,56.84000015258789,56.77000045776367,56.79499816894531,5113.0
2024-10-25 15:05:00+00:00,VRNT,21.93000030517578,21.93000030517578,21.93000030517578,21.93000030517578,21.93000030517578,175.0
2024-10-25 15:05:00+00:00,VRSN,183.0749969482422,183.0749969482422,183.0749969482422,183.02999877929688,183.02999877929688,1723.0
2024-10-25 15:05:00+00:00,VS,2.486999988555908,2.486999988555908,2.486999988555908,2.486999988555908,2.486999988555908,2000.0
2024-10-25 15:05:00+00:00,VSAT,10.170000076293945,10.170000076293945,10.170000076293945,10.170000076293945,10.170000076293945,1141.0
2024-10-25 15:05:00+00:00,VUZI,1.2899999618530273,1.2899999618530273,1.2899999618530273,1.2899999618530273,1.2899999618530273,151.0
2024-10-25 15:05:00+00:00,WDAY,238.58999633789062,238.58999633789062,238.66000366210938,238.58999633789062,238.66000366210938,3667.0
2024-10-25 15:05:00+00:00,WDC,70.12000274658203,70.12000274658203,70.16999816894531,70.08999633789062,70.1500015258789,18062.0
2024-10-25 15:05:00+00:00,WISA,2.0350000858306885,2.0350000858306885,2.0399999618530273,2.0339999198913574,2.0350000858306885,2151.0
2024-10-25 15:05:00+00:00,WLDS,3.559999942779541,3.559999942779541,3.559999942779541,3.5199999809265137,3.5199999809265137,1105.0
2024-10-25 15:05:00+00:00,WRAP,1.7999999523162842,1.7999999523162842,1.809999942779541,1.7999000549316406,1.7999000549316406,5284.0
2024-10-25 15:05:00+00:00,XRX,10.010000228881836,10.010000228881836,10.010000228881836,10.0,10.0,2711.0
2024-10-25 15:05:00+00:00,ZBRA,361.5249938964844,361.5249938964844,361.5249938964844,361.5249938964844,361.5249938964844,659.0
2024-10-25 15:05:00+00:00,ZM,72.9800033569336,72.9800033569336,72.98500061035156,72.97000122070312,72.97000122070312,4644.0
2024-10-25 15:05:00+00:00,ZS,185.11000061035156,185.11000061035156,185.11000061035156,184.9499969482422,184.9499969482422,505.0
2024-10-25 15:06:00+00:00,AAOI,17.610000610351562,17.610000610351562,17.610000610351562,17.610000610351562,17.610000610351562,323.0
2024-10-25 15:06:00+00:00,AAPL,231.9217987060547,231.9217987060547,231.97000122070312,231.91000366210938,231.91000366210938,17989.0
2024-10-25 15:06:00+00:00,ACLS,90.17009735107422,90.17009735107422,90.2750015258789,90.17009735107422,90.26000213623047,2000.0
2024-10-25 15:06:00+00:00,ACMR,19.639999389648438,19.639999389648438,19.649999618530273,19.639999389648438,19.649999618530273,953.0
2024-10-25 15:06:00+00:00,ADBE,483.05999755859375,483.05999755859375,483.1300048828125,483.05999755859375,483.1300048828125,1144.0
2024-10-25 15:06:00+00:00,ADI,231.0800018310547,231.0800018310547,231.1199951171875,231.0800018310547,231.1199951171875,1185.0
2024-10-25 15:06:00+00:00,AEHR,16.93400001525879,16.93400001525879,16.93400001525879,16.93000030517578,16.93000030517578,1387.0
2024-10-25 15:06:00+00:00,AFRM,41.3650016784668,41.3650016784668,41.371700286865234,41.34000015258789,41.36000061035156,8323.0
2024-10-25 15:06:00+00:00,AKAM,102.1449966430664,102.1449966430664,102.15499877929688,102.1449966430664,102.15499877929688,373.0
2024-10-25 15:06:00+00:00,AKTS,0.05990000069141388,0.05990000069141388,0.05990000069141388,0.05990000069141388,0.05990000069141388,0.0
2024-10-25 15:06:00+00:00,ALGM,23.149999618530273,23.149999618530273,23.15999984741211,23.145000457763672,23.145000457763672,4540.0
2024-10-25 15:06:00+00:00,ALTR,104.18499755859375,104.18499755859375,104.18499755859375,104.18499755859375,104.18499755859375,351.0
2024-10-25 15:06:00+00:00,AMAT,187.3000030517578,187.3000030517578,187.3300018310547,187.28500366210938,187.28500366210938,3973.0
2024-10-25 15:06:00+00:00,AMBA,58.02840042114258,58.02840042114258,58.02840042114258,58.02840042114258,58.02840042114258,344.0
2024-10-25 15:06:00+00:00,AMD,156.44940185546875,156.44940185546875,156.5395965576172,156.42999267578125,156.42999267578125,29243.0
2024-10-25 15:06:00+00:00,AMKR,29.950000762939453,29.950000762939453,29.969999313354492,29.950000762939453,29.96500015258789,1037.0
2024-10-25 15:06:00+00:00,AMPL,9.104999542236328,9.104999542236328,9.109999656677246,9.104999542236328,9.109999656677246,870.0
2024-10-25 15:06:00+00:00,ANSS,323.6000061035156,323.6000061035156,323.6000061035156,323.5150146484375,323.5150146484375,319.0
2024-10-25 15:06:00+00:00,ANY,1.0499999523162842,1.0499999523162842,1.0499999523162842,1.0499999523162842,1.0499999523162842,1086.0
2024-10-25 15:06:00+00:00,API,2.880000114440918,2.880000114440918,2.884999990463257,2.880000114440918,2.884999990463257,4471.0
2024-10-25 15:06:00+00:00,APP,161.46499633789062,161.46499633789062,161.49000549316406,161.46499633789062,161.49000549316406,1260.0
2024-10-25 15:06:00+00:00,APPF,212.05999755859375,212.05999755859375,212.05999755859375,212.05999755859375,212.05999755859375,405.0
2024-10-25 15:06:00+00:00,APPN,32.14250183105469,32.14250183105469,32.15999984741211,32.13999938964844,32.13999938964844,1226.0
2024-10-25 15:06:00+00:00,APPS,3.0799999237060547,3.0799999237060547,3.0799999237060547,3.0701000690460205,3.0701000690460205,392.0
2024-10-25 15:06:00+00:00,ARRY,6.435100078582764,6.435100078582764,6.4375,6.429999828338623,6.429999828338623,19240.0
2024-10-25 15:06:00+00:00,ASML,715.1810913085938,715.1810913085938,715.1810913085938,715.1810913085938,715.1810913085938,1008.0
2024-10-25 15:06:00+00:00,ASTI,2.752000093460083,2.752000093460083,2.7699999809265137,2.752000093460083,2.76990008354187,5055.0
2024-10-25 15:06:00+00:00,AUR,6.369999885559082,6.369999885559082,6.375,6.369999885559082,6.374000072479248,3480.0
2024-10-25 15:06:00+00:00,AVDX,8.145999908447266,8.145999908447266,8.154999732971191,8.145000457763672,8.145000457763672,6320.0
2024-10-25 15:06:00+00:00,AVGO,174.17999267578125,174.17999267578125,174.25,174.17999267578125,174.1999969482422,12721.0
2024-10-25 15:06:00+00:00,AVPT,11.90999984741211,11.90999984741211,11.90999984741211,11.90999984741211,11.90999984741211,391.0
2024-10-25 15:06:00+00:00,AXTI,2.6649999618530273,2.6649999618530273,2.6649999618530273,2.6649999618530273,2.6649999618530273,2357.0
2024-10-25 15:06:00+00:00,BMBL,7.074999809265137,7.074999809265137,7.079999923706055,7.070000171661377,7.070000171661377,6230.0
2024-10-25 15:06:00+00:00,BRZE,30.709699630737305,30.709699630737305,30.709699630737305,30.69499969482422,30.69499969482422,842.0
2024-10-25 15:06:00+00:00,CAN,0.9728000164031982,0.9728000164031982,0.9728000164031982,0.972000002861023,0.972000002861023,5083.0
2024-10-25 15:06:00+00:00,CCSI,20.094999313354492,20.094999313354492,20.094999313354492,20.094999313354492,20.094999313354492,585.0
2024-10-25 15:06:00+00:00,CDNS,257.885009765625,257.885009765625,257.8900146484375,257.8800048828125,257.8800048828125,3223.0
2024-10-25 15:06:00+00:00,CDW,218.17999267578125,218.17999267578125,218.2100067138672,218.17999267578125,218.2100067138672,1213.0
2024-10-25 15:06:00+00:00,CFLT,22.524999618530273,22.524999618530273,22.540000915527344,22.524999618530273,22.530000686645508,10474.0
2024-10-25 15:06:00+00:00,CGNX,38.935001373291016,38.935001373291016,38.935001373291016,38.935001373291016,38.935001373291016,905.0
2024-10-25 15:06:00+00:00,CHKP,206.0,206.0,206.0,206.0,206.0,1000.0
2024-10-25 15:06:00+00:00,CLBT,18.219999313354492,18.219999313354492,18.219999313354492,18.219999313354492,18.219999313354492,433.0
2024-10-25 15:06:00+00:00,CLSK,11.670000076293945,11.670000076293945,11.689900398254395,11.640000343322754,11.65999984741211,108192.0
2024-10-25 15:06:00+00:00,CNXC,44.52000045776367,44.52000045776367,44.52000045776367,44.505001068115234,44.505001068115234,1050.0
2024-10-25 15:06:00+00:00,COHR,95.69000244140625,95.69000244140625,95.69000244140625,95.65469360351562,95.68000030517578,1673.0
2024-10-25 15:06:00+00:00,COHU,26.014999389648438,26.014999389648438,26.014999389648438,26.014999389648438,26.014999389648438,1748.0
2024-10-25 15:06:00+00:00,COIN,207.27499389648438,207.27499389648438,207.27499389648438,206.96009826660156,207.0,8677.0
2024-10-25 15:06:00+00:00,COMM,6.269899845123291,6.269899845123291,6.269899845123291,6.254000186920166,6.255000114440918,11400.0
2024-10-25 15:06:00+00:00,CORZ,13.339799880981445,13.339799880981445,13.34000015258789,13.332900047302246,13.335000038146973,5850.0
2024-10-25 15:06:00+00:00,CRCT,6.574999809265137,6.574999809265137,6.574999809265137,6.574999809265137,6.574999809265137,520.0
2024-10-25 15:06:00+00:00,CRDO,39.125,39.125,39.130001068115234,39.09000015258789,39.09000015258789,2475.0
2024-10-25 15:06:00+00:00,CREX,4.199999809265137,4.199999809265137,4.199999809265137,4.199999809265137,4.199999809265137,109.0
2024-10-25 15:06:00+00:00,CRSR,6.349999904632568,6.349999904632568,6.349999904632568,6.34499979019165,6.349999904632568,837.0
2024-10-25 15:06:00+00:00,CRUS,122.2750015258789,122.2750015258789,122.5999984741211,122.22000122070312,122.22000122070312,5312.0
2024-10-25 15:06:00+00:00,CRWD,298.1549987792969,298.1549987792969,298.32989501953125,297.9986877441406,298.0299987792969,8168.0
2024-10-25 15:06:00+00:00,CSCO,55.775001525878906,55.775001525878906,55.77510070800781,55.77000045776367,55.77000045776367,20530.0
2024-10-25 15:06:00+00:00,CSGS,47.45000076293945,47.45000076293945,47.45600128173828,47.45000076293945,47.45600128173828,320.0
2024-10-25 15:06:00+00:00,CSIQ,13.430000305175781,13.430000305175781,13.430000305175781,13.430000305175781,13.430000305175781,594.0
2024-10-25 15:06:00+00:00,CTSH,74.77999877929688,74.77999877929688,74.77999877929688,74.7699966430664,74.77999877929688,1716.0
2024-10-25 15:06:00+00:00,DAKT,13.080100059509277,13.080100059509277,13.080100059509277,13.080100059509277,13.080100059509277,848.0
2024-10-25 15:06:00+00:00,DATS,1.659999966621399,1.659999966621399,1.659999966621399,1.659999966621399,1.659999966621399,1143.0
2024-10-25 15:06:00+00:00,DBX,26.104999542236328,26.104999542236328,26.104999542236328,26.104999542236328,26.104999542236328,1785.0
2024-10-25 15:06:00+00:00,DDOG,126.48999786376953,126.48999786376953,126.5,126.40499877929688,126.40499877929688,3510.0
2024-10-25 15:06:00+00:00,DLO,8.845000267028809,8.845000267028809,8.845000267028809,8.845000267028809,8.845000267028809,1691.0
2024-10-25 15:06:00+00:00,DOCU,69.0199966430664,69.0199966430664,69.0199966430664,69.0,69.0,2949.0
2024-10-25 15:06:00+00:00,DOMO,8.0600004196167,8.0600004196167,8.0600004196167,8.0600004196167,8.0600004196167,837.0
2024-10-25 15:06:00+00:00,DUOL,291.9100036621094,291.9100036621094,291.9100036621094,291.9100036621094,291.9100036621094,919.0
2024-10-25 15:06:00+00:00,EEFT,100.37000274658203,100.37000274658203,100.37000274658203,100.37000274658203,100.37000274658203,596.0
2024-10-25 15:06:00+00:00,EGAN,4.78000020980835,4.78000020980835,4.78000020980835,4.78000020980835,4.78000020980835,558.0
2024-10-25 15:06:00+00:00,ENPH,83.83999633789062,83.83999633789062,83.875,83.83999633789062,83.86000061035156,5835.0
2024-10-25 15:06:00+00:00,ENTG,105.16500091552734,105.16500091552734,105.16999816894531,105.11000061035156,105.11000061035156,2316.0
2024-10-25 15:06:00+00:00,ERIC,8.46500015258789,8.46500015258789,8.46500015258789,8.46500015258789,8.46500015258789,15328.0
2024-10-25 15:06:00+00:00,EXFY,1.725000023841858,1.725000023841858,1.725000023841858,1.725000023841858,1.725000023841858,211.0
2024-10-25 15:06:00+00:00,EXLS,38.77000045776367,38.77000045776367,38.77000045776367,38.7401008605957,38.7401008605957,1104.0
2024-10-25 15:06:00+00:00,EXTR,14.380000114440918,14.380000114440918,14.380000114440918,14.375,14.375,1546.0
2024-10-25 15:06:00+00:00,FFIV,216.8699951171875,216.8699951171875,216.8699951171875,216.8300018310547,216.8300018310547,553.0
2024-10-25 15:06:00+00:00,FIVN,29.93000030517578,29.93000030517578,29.93000030517578,29.920000076293945,29.920000076293945,407.0
2024-10-25 15:06:00+00:00,FLEX,35.22999954223633,35.22999954223633,35.22999954223633,35.224998474121094,35.224998474121094,880.0
2024-10-25 15:06:00+00:00,FLYW,17.360000610351562,17.360000610351562,17.3700008392334,17.350000381469727,17.350000381469727,495.0
2024-10-25 15:06:00+00:00,FROG,29.389999389648438,29.389999389648438,29.389999389648438,29.389999389648438,29.389999389648438,245.0
2024-10-25 15:06:00+00:00,FRSH,11.6274995803833,11.6274995803833,11.6274995803833,11.625,11.625,906.0
2024-10-25 15:06:00+00:00,FSLR,198.49000549316406,198.49000549316406,198.6300048828125,198.49000549316406,198.6300048828125,2689.0
2024-10-25 15:06:00+00:00,FTCI,0.6560999751091003,0.6560999751091003,0.6560999751091003,0.6560999751091003,0.6560999751091003,6000.0
2024-10-25 15:06:00+00:00,FTNT,80.4800033569336,80.4800033569336,80.5199966430664,80.4800033569336,80.51000213623047,6341.0
2024-10-25 15:06:00+00:00,GCT,24.450000762939453,24.450000762939453,24.46500015258789,24.450000762939453,24.459999084472656,1491.0
2024-10-25 15:06:00+00:00,GFS,40.5,40.5,40.5,40.5,40.5,2244.0
2024-10-25 15:06:00+00:00,GPRO,1.315000057220459,1.315000057220459,1.315000057220459,1.315000057220459,1.315000057220459,356.0
2024-10-25 15:06:00+00:00,GRAB,4.09499979019165,4.09499979019165,4.099999904632568,4.090000152587891,4.09499979019165,6838.0
2024-10-25 15:06:00+00:00,GRRR,4.492000102996826,4.492000102996826,4.492000102996826,4.492000102996826,4.492000102996826,645.0
2024-10-25 15:06:00+00:00,GTLB,55.06999969482422,55.06999969482422,55.06999969482422,55.02000045776367,55.02000045776367,13831.0
2024-10-25 15:06:00+00:00,HCP,33.64500045776367,33.64500045776367,33.654998779296875,33.64500045776367,33.654998779296875,54027.0
2024-10-25 15:06:00+00:00,HIMX,6.181099891662598,6.181099891662598,6.196000099182129,6.181099891662598,6.196000099182129,5928.0
2024-10-25 15:06:00+00:00,HLIT,14.779999732971191,14.779999732971191,14.779999732971191,14.779999732971191,14.779999732971191,1612.0
2024-10-25 15:06:00+00:00,HOLO,3.610100030899048,3.610100030899048,3.621999979019165,3.610100030899048,3.619999885559082,9753.0
2024-10-25 15:06:00+00:00,HOOD,27.135000228881836,27.135000228881836,27.135000228881836,27.1200008392334,27.1200008392334,15530.0
2024-10-25 15:06:00+00:00,IMMR,8.675000190734863,8.675000190734863,8.675000190734863,8.675000190734863,8.675000190734863,600.0
2024-10-25 15:06:00+00:00,IMOS,22.4325008392334,22.4325008392334,22.4325008392334,22.4325008392334,22.4325008392334,4678.0
2024-10-25 15:06:00+00:00,IMXI,17.655000686645508,17.655000686645508,17.655000686645508,17.649999618530273,17.649999618530273,567.0
2024-10-25 15:06:00+00:00,INDI,3.4700000286102295,3.4700000286102295,3.4700000286102295,3.4700000286102295,3.4700000286102295,452.0
2024-10-25 15:06:00+00:00,INOD,20.2549991607666,20.2549991607666,20.2549991607666,20.2549991607666,20.2549991607666,192.0
2024-10-25 15:06:00+00:00,INTA,49.939998626708984,49.939998626708984,49.939998626708984,49.93000030517578,49.93000030517578,445.0
2024-10-25 15:06:00+00:00,INTC,22.864999771118164,22.864999771118164,22.8799991607666,22.864999771118164,22.8700008392334,44087.0
2024-10-25 15:06:00+00:00,INTU,608.6799926757812,608.6799926757812,608.739990234375,608.6300048828125,608.739990234375,1305.0
2024-10-25 15:06:00+00:00,ITI,7.199999809265137,7.199999809265137,7.199999809265137,7.199999809265137,7.199999809265137,1145.0
2024-10-25 15:06:00+00:00,ITRI,102.7300033569336,102.7300033569336,102.7300033569336,102.7300033569336,102.7300033569336,164.0
2024-10-25 15:06:00+00:00,ITRN,27.350000381469727,27.350000381469727,27.350000381469727,27.299999237060547,27.350000381469727,621.0
2024-10-25 15:06:00+00:00,KC,2.684999942779541,2.684999942779541,2.684999942779541,2.680000066757202,2.680000066757202,200.0
2024-10-25 15:06:00+00:00,KLAC,675.3300170898438,675.3300170898438,675.6199951171875,675.1500244140625,675.1500244140625,3226.0
2024-10-25 15:06:00+00:00,KLIC,44.630001068115234,44.630001068115234,44.630001068115234,44.630001068115234,44.630001068115234,964.0
2024-10-25 15:06:00+00:00,KVHI,4.670000076293945,4.670000076293945,4.670000076293945,4.670000076293945,4.670000076293945,200.0
2024-10-25 15:06:00+00:00,LITE,64.55999755859375,64.55999755859375,64.55999755859375,64.55999755859375,64.55999755859375,281.0
2024-10-25 15:06:00+00:00,LOGI,80.75,80.75,80.75,80.75,80.75,270.0
2024-10-25 15:06:00+00:00,LRCX,78.5250015258789,78.5250015258789,78.55000305175781,78.5199966430664,78.5199966430664,13842.0
2024-10-25 15:06:00+00:00,LSCC,54.11000061035156,54.11000061035156,54.13949966430664,54.099998474121094,54.13949966430664,2775.0
2024-10-25 15:06:00+00:00,LYFT,13.8149995803833,13.8149995803833,13.8149995803833,13.8149995803833,13.8149995803833,4474.0
2024-10-25 15:06:00+00:00,LYTS,16.222200393676758,16.222200393676758,16.222200393676758,16.222200393676758,16.222200393676758,547.0
2024-10-25 15:06:00+00:00,MAXN,5.800000190734863,5.800000190734863,5.800000190734863,5.800000190734863,5.800000190734863,309.0
2024-10-25 15:06:00+00:00,MCHP,76.6500015258789,76.6500015258789,76.69000244140625,76.63999938964844,76.66999816894531,4823.0
2024-10-25 15:06:00+00:00,MDB,267.5,267.5,267.5,267.4599914550781,267.4599914550781,559.0
2024-10-25 15:06:00+00:00,MITK,8.789999961853027,8.789999961853027,8.789999961853027,8.789999961853027,8.789999961853027,1560.0
2024-10-25 15:06:00+00:00,MNDY,298.6400146484375,298.6400146484375,298.6400146484375,298.3800048828125,298.3800048828125,3798.0
2024-10-25 15:06:00+00:00,MOB,1.3700000047683716,1.3700000047683716,1.3700000047683716,1.3600000143051147,1.3650000095367432,2227.0
2024-10-25 15:06:00+00:00,MQ,5.315000057220459,5.315000057220459,5.320000171661377,5.315000057220459,5.315000057220459,7329.0
2024-10-25 15:06:00+00:00,MRVL,82.14189910888672,82.14189910888672,82.16960144042969,82.11299896240234,82.12000274658203,9631.0
2024-10-25 15:06:00+00:00,MSFT,428.6499938964844,428.6499938964844,428.7698974609375,428.6499938964844,428.67498779296875,10145.0
2024-10-25 15:06:00+00:00,MSTR,235.0,235.0,235.4199981689453,234.6501007080078,234.6649932861328,42287.0
2024-10-25 15:06:00+00:00,MTSI,121.22000122070312,121.22000122070312,121.2249984741211,121.22000122070312,121.2249984741211,1102.0
2024-10-25 15:06:00+00:00,MTTR,4.585000038146973,4.585000038146973,4.585000038146973,4.579999923706055,4.579999923706055,4629.0
2024-10-25 15:06:00+00:00,MU,108.40670013427734,108.40670013427734,108.45999908447266,108.36380004882812,108.37000274658203,17133.0
2024-10-25 15:06:00+00:00,MVIS,1.0850000381469727,1.0850000381469727,1.0850000381469727,1.0800000429153442,1.0800000429153442,1702.0
2024-10-25 15:06:00+00:00,MXL,14.800000190734863,14.800000190734863,14.800000190734863,14.800000190734863,14.800000190734863,874.0
2024-10-25 15:06:00+00:00,NCNO,37.7599983215332,37.7599983215332,37.7599983215332,37.7599983215332,37.7599983215332,528.0
2024-10-25 15:06:00+00:00,NICE,175.07000732421875,175.07000732421875,175.07000732421875,175.07000732421875,175.07000732421875,200.0
2024-10-25 15:06:00+00:00,NNDM,2.319999933242798,2.319999933242798,2.3254001140594482,2.319999933242798,2.321199893951416,1369.0
2024-10-25 15:06:00+00:00,NTAP,119.83499908447266,119.83499908447266,119.83999633789062,119.83499908447266,119.83999633789062,883.0
2024-10-25 15:06:00+00:00,NTCT,20.649999618530273,20.649999618530273,20.649999618530273,20.635000228881836,20.635000228881836,900.0
2024-10-25 15:06:00+00:00,NTGR,20.25,20.25,20.25,20.25,20.25,1567.0
2024-10-25 15:06:00+00:00,NTNX,62.029998779296875,62.029998779296875,62.029998779296875,62.029998779296875,62.029998779296875,310.0
2024-10-25 15:06:00+00:00,NVDA,141.94009399414062,141.94009399414062,142.02999877929688,141.9199981689453,141.9199981689453,201512.0
2024-10-25 15:06:00+00:00,NVTS,2.5397000312805176,2.5397000312805176,2.5397000312805176,2.5397000312805176,2.5397000312805176,2150.0
2024-10-25 15:06:00+00:00,NXPI,243.6649932861328,243.6649932861328,243.67999267578125,243.5800018310547,243.5800018310547,3009.0
2024-10-25 15:06:00+00:00,OKTA,72.36000061035156,72.36000061035156,72.36000061035156,72.36000061035156,72.36000061035156,592.0
2024-10-25 15:06:00+00:00,ON,71.37000274658203,71.37000274658203,71.38999938964844,71.33000183105469,71.37000274658203,25817.0
2024-10-25 15:06:00+00:00,PANW,366.6549987792969,366.6549987792969,366.6549987792969,366.6549987792969,366.6549987792969,1556.0
2024-10-25 15:06:00+00:00,PCTY,173.82000732421875,173.82000732421875,173.85000610351562,173.75,173.75,1222.0
2024-10-25 15:06:00+00:00,PEGA,79.02999877929688,79.02999877929688,79.06500244140625,79.02999877929688,79.02999877929688,2027.0
2024-10-25 15:06:00+00:00,PGY,11.890000343322754,11.890000343322754,11.890000343322754,11.880000114440918,11.880000114440918,2172.0
2024-10-25 15:06:00+00:00,PHUN,10.38010025024414,10.38010025024414,10.4399995803833,10.380000114440918,10.385000228881836,32770.0
2024-10-25 15:06:00+00:00,PI,202.59249877929688,202.59249877929688,202.59249877929688,202.59249877929688,202.59249877929688,609.0
2024-10-25 15:06:00+00:00,PRSO,1.809999942779541,1.809999942779541,1.809999942779541,1.809999942779541,1.809999942779541,668.0
2024-10-25 15:06:00+00:00,PRTH,5.32859992980957,5.32859992980957,5.32859992980957,5.326000213623047,5.326000213623047,124.0
2024-10-25 15:06:00+00:00,PTC,187.1699981689453,187.1699981689453,187.1699981689453,187.14999389648438,187.14999389648438,1127.0
2024-10-25 15:06:00+00:00,PUBM,14.744999885559082,14.744999885559082,14.744999885559082,14.744999885559082,14.744999885559082,413.0
2024-10-25 15:06:00+00:00,PYCR,14.34000015258789,14.34000015258789,14.34000015258789,14.34000015258789,14.34000015258789,2355.0
2024-10-25 15:06:00+00:00,QCOM,170.88999938964844,170.88999938964844,170.90249633789062,170.85000610351562,170.86000061035156,5440.0
2024-10-25 15:06:00+00:00,QRVO,99.86499786376953,99.86499786376953,99.86499786376953,99.83000183105469,99.83000183105469,1430.0
2024-10-25 15:06:00+00:00,QUBT,1.0785000324249268,1.0785000324249268,1.0785000324249268,1.0706000328063965,1.0706000328063965,5912.0
2024-10-25 15:06:00+00:00,REKR,1.090000033378601,1.090000033378601,1.090000033378601,1.090000033378601,1.090000033378601,200.0
2024-10-25 15:06:00+00:00,RELY,14.84000015258789,14.84000015258789,14.840800285339355,14.84000015258789,14.840800285339355,4909.0
2024-10-25 15:06:00+00:00,RGTI,1.225000023841858,1.225000023841858,1.225000023841858,1.225000023841858,1.225000023841858,407.0
2024-10-25 15:06:00+00:00,RIOT,9.765999794006348,9.765999794006348,9.779899597167969,9.753999710083008,9.754300117492676,42217.0
2024-10-25 15:06:00+00:00,RMBS,43.459999084472656,43.459999084472656,43.47999954223633,43.459999084472656,43.459999084472656,2029.0
2024-10-25 15:06:00+00:00,RMNI,1.7200000286102295,1.7200000286102295,1.7200000286102295,1.715000033378601,1.715000033378601,206.0
2024-10-25 15:06:00+00:00,RPAY,7.724999904632568,7.724999904632568,7.724999904632568,7.71999979019165,7.71999979019165,3682.0
2024-10-25 15:06:00+00:00,RPD,39.095001220703125,39.095001220703125,39.095001220703125,39.095001220703125,39.095001220703125,785.0
2024-10-25 15:06:00+00:00,RUM,5.755000114440918,5.755000114440918,5.755000114440918,5.755000114440918,5.755000114440918,166.0
2024-10-25 15:06:00+00:00,RUN,14.404999732971191,14.404999732971191,14.40999984741211,14.395999908447266,14.395999908447266,8769.0
2024-10-25 15:06:00+00:00,RXT,2.4700000286102295,2.4700000286102295,2.4700000286102295,2.4700000286102295,2.4700000286102295,712.0
2024-10-25 15:06:00+00:00,SCKT,1.149999976158142,1.149999976158142,1.149999976158142,1.1445000171661377,1.1445000171661377,300.0
2024-10-25 15:06:00+00:00,SCSC,44.790000915527344,44.790000915527344,44.79999923706055,44.790000915527344,44.79999923706055,874.0
2024-10-25 15:06:00+00:00,SEDG,15.9399995803833,15.9399995803833,15.9399995803833,15.915900230407715,15.915900230407715,3748.0
2024-10-25 15:06:00+00:00,SHLS,5.244999885559082,5.244999885559082,5.244999885559082,5.244999885559082,5.244999885559082,1072.0
2024-10-25 15:06:00+00:00,SITM,178.82000732421875,178.82000732421875,178.82000732421875,178.82000732421875,178.82000732421875,200.0
2024-10-25 15:06:00+00:00,SLAB,114.36499786376953,114.36499786376953,114.36499786376953,114.36499786376953,114.36499786376953,3041.0
2024-10-25 15:06:00+00:00,SMCI,47.59989929199219,47.59989929199219,47.619998931884766,47.54999923706055,47.569698333740234,31839.0
2024-10-25 15:06:00+00:00,SMTC,45.654998779296875,45.654998779296875,45.654998779296875,45.63999938964844,45.63999938964844,1156.0
2024-10-25 15:06:00+00:00,SONO,12.699999809265137,12.699999809265137,12.699999809265137,12.699999809265137,12.699999809265137,404.0
2024-10-25 15:06:00+00:00,SOUN,5.184999942779541,5.184999942779541,5.190000057220459,5.184999942779541,5.184999942779541,1718.0
2024-10-25 15:06:00+00:00,SPNS,36.599998474121094,36.599998474121094,36.599998474121094,36.599998474121094,36.599998474121094,1737.0
2024-10-25 15:06:00+00:00,SPT,26.950000762939453,26.950000762939453,26.959999084472656,26.94499969482422,26.959999084472656,637.0
2024-10-25 15:06:00+00:00,SRAD,12.350000381469727,12.350000381469727,12.380000114440918,12.34000015258789,12.369999885559082,22323.0
2024-10-25 15:06:00+00:00,SSNC,69.91000366210938,69.91000366210938,69.91999816894531,69.87000274658203,69.87000274658203,6149.0
2024-10-25 15:06:00+00:00,SSYS,7.019999980926514,7.019999980926514,7.019999980926514,7.019999980926514,7.019999980926514,132.0
2024-10-25 15:06:00+00:00,STNE,11.5600004196167,11.5600004196167,11.570099830627441,11.5600004196167,11.569999694824219,6853.0
2024-10-25 15:06:00+00:00,STX,103.62999725341797,103.62999725341797,103.62999725341797,103.59500122070312,103.59500122070312,1900.0
2024-10-25 15:06:00+00:00,SWKS,95.81999969482422,95.81999969482422,95.8499984741211,95.79499816894531,95.79499816894531,3541.0
2024-10-25 15:06:00+00:00,SYTA,1.2999999523162842,1.2999999523162842,1.2999999523162842,1.2999999523162842,1.2999999523162842,159.0
2024-10-25 15:06:00+00:00,TENB,41.755001068115234,41.755001068115234,41.77000045776367,41.744998931884766,41.7599983215332,1999.0
2024-10-25 15:06:00+00:00,TER,112.16999816894531,112.16999816894531,112.19499969482422,112.12999725341797,112.12999725341797,4193.0
2024-10-25 15:06:00+00:00,TRMB,61.0099983215332,61.0099983215332,61.0099983215332,61.0099983215332,61.0099983215332,140.0
2024-10-25 15:06:00+00:00,TSEM,44.720001220703125,44.720001220703125,44.744998931884766,44.720001220703125,44.744998931884766,594.0
2024-10-25 15:06:00+00:00,TTD,119.12000274658203,119.12000274658203,119.13500213623047,119.12000274658203,119.13500213623047,3149.0
2024-10-25 15:06:00+00:00,TWKS,4.445000171661377,4.445000171661377,4.445000171661377,4.440000057220459,4.445000171661377,4611.0
2024-10-25 15:06:00+00:00,TXN,207.50999450683594,207.50999450683594,207.50999450683594,207.5050048828125,207.5050048828125,1126.0
2024-10-25 15:06:00+00:00,UCTT,35.834999084472656,35.834999084472656,35.834999084472656,35.834999084472656,35.834999084472656,405.0
2024-10-25 15:06:00+00:00,VERX,41.82500076293945,41.82500076293945,41.82500076293945,41.82500076293945,41.82500076293945,274.0
2024-10-25 15:06:00+00:00,VIAV,9.199999809265137,9.199999809265137,9.199999809265137,9.199999809265137,9.199999809265137,105.0
2024-10-25 15:06:00+00:00,VICR,46.65999984741211,46.65999984741211,46.68000030517578,46.650001525878906,46.68000030517578,1728.0
2024-10-25 15:06:00+00:00,VMEO,4.755000114440918,4.755000114440918,4.755000114440918,4.755000114440918,4.755000114440918,583.0
2024-10-25 15:06:00+00:00,VNET,3.390000104904175,3.390000104904175,3.3949999809265137,3.390000104904175,3.3949999809265137,580.0
2024-10-25 15:06:00+00:00,VRNS,56.86000061035156,56.86000061035156,56.880001068115234,56.82500076293945,56.837501525878906,3723.0
2024-10-25 15:06:00+00:00,VRNT,21.93000030517578,21.93000030517578,21.93000030517578,21.93000030517578,21.93000030517578,738.0
2024-10-25 15:06:00+00:00,VRSN,182.88999938964844,182.88999938964844,182.91000366210938,182.88999938964844,182.89999389648438,2655.0
2024-10-25 15:06:00+00:00,VSAT,10.170000076293945,10.170000076293945,10.175000190734863,10.170000076293945,10.175000190734863,1454.0
2024-10-25 15:06:00+00:00,VUZI,1.2960000038146973,1.2960000038146973,1.2960000038146973,1.2960000038146973,1.2960000038146973,428.0
2024-10-25 15:06:00+00:00,WDC,70.12000274658203,70.12000274658203,70.13999938964844,70.12000274658203,70.13999938964844,3607.0
2024-10-25 15:06:00+00:00,WISA,2.0399999618530273,2.0399999618530273,2.0399999618530273,2.0304999351501465,2.0304999351501465,1415.0
2024-10-25 15:06:00+00:00,WIX,165.08399963378906,165.08399963378906,165.08399963378906,165.08399963378906,165.08399963378906,624.0
2024-10-25 15:06:00+00:00,WLDS,3.549999952316284,3.549999952316284,3.559999942779541,3.549999952316284,3.559999942779541,305.0
2024-10-25 15:06:00+00:00,XPER,9.385000228881836,9.385000228881836,9.385000228881836,9.385000228881836,9.385000228881836,289.0
2024-10-25 15:06:00+00:00,ZBRA,361.8500061035156,361.8500061035156,361.8500061035156,361.5799865722656,361.80999755859375,1797.0
2024-10-25 15:06:00+00:00,ZI,10.48390007019043,10.48390007019043,10.489999771118164,10.48390007019043,10.489999771118164,2610.0
2024-10-25 15:06:00+00:00,ZS,185.08999633789062,185.08999633789062,185.1999969482422,185.08999633789062,185.1999969482422,932.0
2024-10-25 15:07:00+00:00,AAOI,17.6200008392334,17.6200008392334,17.6200008392334,17.610000610351562,17.610000610351562,1891.0
2024-10-25 15:07:00+00:00,AAPL,231.9499969482422,231.9499969482422,231.99000549316406,231.9199981689453,231.94000244140625,19516.0
2024-10-25 15:07:00+00:00,ACLS,90.25499725341797,90.25499725341797,90.25499725341797,90.25499725341797,90.25499725341797,425.0
2024-10-25 15:07:00+00:00,ACMR,19.649999618530273,19.649999618530273,19.649999618530273,19.649999618530273,19.649999618530273,130.0
2024-10-25 15:07:00+00:00,ADBE,483.1300048828125,483.1300048828125,483.1300048828125,483.07000732421875,483.07000732421875,2250.0
2024-10-25 15:07:00+00:00,ADI,231.08999633789062,231.08999633789062,231.10000610351562,231.08999633789062,231.10000610351562,1566.0
2024-10-25 15:07:00+00:00,AEHR,16.934999465942383,16.934999465942383,16.934999465942383,16.93000030517578,16.93000030517578,955.0
2024-10-25 15:07:00+00:00,AEYE,22.655000686645508,22.655000686645508,22.655000686645508,22.655000686645508,22.655000686645508,134.0
2024-10-25 15:07:00+00:00,AFRM,41.40999984741211,41.40999984741211,41.40999984741211,41.36000061035156,41.369998931884766,5895.0
2024-10-25 15:07:00+00:00,AKAM,102.12999725341797,102.12999725341797,102.12999725341797,102.11000061035156,102.12999725341797,2893.0
2024-10-25 15:07:00+00:00,AKTS,0.05979999899864197,0.05979999899864197,0.05979999899864197,0.05979999899864197,0.05979999899864197,20000.0
2024-10-25 15:07:00+00:00,ALGM,23.155000686645508,23.155000686645508,23.155000686645508,23.139999389648438,23.145000457763672,2692.0
2024-10-25 15:07:00+00:00,ALKT,38.17499923706055,38.17499923706055,38.17499923706055,38.17499923706055,38.17499923706055,121.0
2024-10-25 15:07:00+00:00,ALRM,54.51499938964844,54.51499938964844,54.51499938964844,54.51499938964844,54.51499938964844,762.0
2024-10-25 15:07:00+00:00,ALTR,104.18499755859375,104.18499755859375,104.18499755859375,104.18499755859375,104.18499755859375,10632.0
2024-10-25 15:07:00+00:00,AMAT,187.44000244140625,187.44000244140625,187.44000244140625,187.3000030517578,187.3000030517578,2893.0
2024-10-25 15:07:00+00:00,AMD,156.5050048828125,156.5050048828125,156.5399932861328,156.44000244140625,156.5,24037.0
2024-10-25 15:07:00+00:00,AMKR,29.979999542236328,29.979999542236328,29.979999542236328,29.96500015258789,29.96500015258789,1679.0
2024-10-25 15:07:00+00:00,AMPL,9.104999542236328,9.104999542236328,9.104999542236328,9.104999542236328,9.104999542236328,334.0
2024-10-25 15:07:00+00:00,ANSS,323.5150146484375,323.5150146484375,323.6099853515625,323.5150146484375,323.6099853515625,853.0
2024-10-25 15:07:00+00:00,AOSL,36.314998626708984,36.314998626708984,36.314998626708984,36.314998626708984,36.314998626708984,683.0
2024-10-25 15:07:00+00:00,APP,161.61000061035156,161.61000061035156,161.61000061035156,161.52999877929688,161.52999877929688,2567.0
2024-10-25 15:07:00+00:00,APPF,211.9600067138672,211.9600067138672,212.19000244140625,211.9600067138672,212.05999755859375,2082.0
2024-10-25 15:07:00+00:00,APPS,3.0799999237060547,3.0799999237060547,3.0799999237060547,3.079699993133545,3.079699993133545,3596.0
2024-10-25 15:07:00+00:00,ARRY,6.425000190734863,6.425000190734863,6.439899921417236,6.425000190734863,6.434999942779541,25007.0
2024-10-25 15:07:00+00:00,ASML,715.3099975585938,715.3099975585938,715.3099975585938,715.3099975585938,715.3099975585938,1546.0
2024-10-25 15:07:00+00:00,ATOM,3.3299999237060547,3.3299999237060547,3.3299999237060547,3.3197999000549316,3.3197999000549316,8966.0
2024-10-25 15:07:00+00:00,AUR,6.369999885559082,6.369999885559082,6.375,6.369999885559082,6.369999885559082,2513.0
2024-10-25 15:07:00+00:00,AVDX,8.130000114440918,8.130000114440918,8.145000457763672,8.130000114440918,8.145000457763672,6255.0
2024-10-25 15:07:00+00:00,AVGO,174.30999755859375,174.30999755859375,174.32000732421875,174.14999389648438,174.19000244140625,14611.0
2024-10-25 15:07:00+00:00,AVNW,20.71500015258789,20.71500015258789,20.71500015258789,20.71500015258789,20.71500015258789,927.0
2024-10-25 15:07:00+00:00,AVPT,11.90999984741211,11.90999984741211,11.90999984741211,11.90999984741211,11.90999984741211,864.0
2024-10-25 15:07:00+00:00,AXTI,2.6649999618530273,2.6649999618530273,2.6649999618530273,2.6649999618530273,2.6649999618530273,300.0
2024-10-25 15:07:00+00:00,BASE,16.25,16.25,16.25,16.25,16.25,194.0
2024-10-25 15:07:00+00:00,BL,56.34000015258789,56.34000015258789,56.34000015258789,56.310001373291016,56.310001373291016,789.0
2024-10-25 15:07:00+00:00,BLZE,7.179999828338623,7.179999828338623,7.179999828338623,7.179999828338623,7.179999828338623,602.0
2024-10-25 15:07:00+00:00,BMBL,7.085000038146973,7.085000038146973,7.090000152587891,7.074999809265137,7.074999809265137,5153.0
2024-10-25 15:07:00+00:00,BRZE,30.670000076293945,30.670000076293945,30.670000076293945,30.670000076293945,30.670000076293945,2008.0
2024-10-25 15:07:00+00:00,BSY,49.150001525878906,49.150001525878906,49.150001525878906,49.150001525878906,49.150001525878906,1095.0
2024-10-25 15:07:00+00:00,CAMP,11.055000305175781,11.055000305175781,11.055000305175781,11.055000305175781,11.055000305175781,673.0
2024-10-25 15:07:00+00:00,CAMT,77.73500061035156,77.73500061035156,77.73500061035156,77.73500061035156,77.73500061035156,116.0
2024-10-25 15:07:00+00:00,CAN,0.9733999967575073,0.9733999967575073,0.9736999869346619,0.9728000164031982,0.9733999967575073,3241.0
2024-10-25 15:07:00+00:00,CCSI,20.094999313354492,20.094999313354492,20.094999313354492,20.094999313354492,20.094999313354492,612.0
2024-10-25 15:07:00+00:00,CDW,218.07000732421875,218.07000732421875,218.08999633789062,218.02999877929688,218.08999633789062,2152.0
2024-10-25 15:07:00+00:00,CETX,0.30300000309944153,0.30300000309944153,0.30300000309944153,0.302700012922287,0.302700012922287,676.0
2024-10-25 15:07:00+00:00,CFLT,22.530000686645508,22.530000686645508,22.530000686645508,22.524999618530273,22.524999618530273,1341.0
2024-10-25 15:07:00+00:00,CGNX,38.94499969482422,38.94499969482422,38.95500183105469,38.935001373291016,38.939998626708984,4408.0
2024-10-25 15:07:00+00:00,CHKP,205.85499572753906,205.85499572753906,205.86000061035156,205.85000610351562,205.86000061035156,437.0
2024-10-25 15:07:00+00:00,CLSK,11.664999961853027,11.664999961853027,11.675000190734863,11.640000343322754,11.670000076293945,27956.0
2024-10-25 15:07:00+00:00,CMTL,3.8299999237060547,3.8299999237060547,3.8299999237060547,3.8299999237060547,3.8299999237060547,140.0
2024-10-25 15:07:00+00:00,CNXC,44.54999923706055,44.54999923706055,44.54999923706055,44.529998779296875,44.529998779296875,1011.0
2024-10-25 15:07:00+00:00,COHR,95.66629791259766,95.66629791259766,95.66629791259766,95.66629791259766,95.66629791259766,495.0
2024-10-25 15:07:00+00:00,COIN,207.0,207.0,207.11000061035156,206.92999267578125,207.11000061035156,4945.0
2024-10-25 15:07:00+00:00,COMM,6.264999866485596,6.264999866485596,6.269999980926514,6.264999866485596,6.264999866485596,1656.0
2024-10-25 15:07:00+00:00,CORZ,13.34000015258789,13.34000015258789,13.34000015258789,13.329999923706055,13.335000038146973,4150.0
2024-10-25 15:07:00+00:00,CRDO,39.119998931884766,39.119998931884766,39.125,39.099998474121094,39.11000061035156,2169.0
2024-10-25 15:07:00+00:00,CRUS,122.43499755859375,122.43499755859375,122.43499755859375,122.43499755859375,122.43499755859375,260.0
2024-10-25 15:07:00+00:00,CRWD,298.239990234375,298.239990234375,298.25,297.9700012207031,298.0,4747.0
2024-10-25 15:07:00+00:00,CSCO,55.775001525878906,55.775001525878906,55.779998779296875,55.76499938964844,55.775001525878906,11529.0
2024-10-25 15:07:00+00:00,CSGS,47.45009994506836,47.45009994506836,47.45500183105469,47.45009994506836,47.45500183105469,823.0
2024-10-25 15:07:00+00:00,CSIQ,13.460000038146973,13.460000038146973,13.460000038146973,13.4399995803833,13.4399995803833,1275.0
2024-10-25 15:07:00+00:00,CTLP,8.885000228881836,8.885000228881836,8.885000228881836,8.885000228881836,8.885000228881836,209.0
2024-10-25 15:07:00+00:00,CTSH,74.75,74.75,74.7750015258789,74.73999786376953,74.7750015258789,11440.0
2024-10-25 15:07:00+00:00,CVLT,134.3072967529297,134.3072967529297,134.3072967529297,134.3072967529297,134.3072967529297,400.0
2024-10-25 15:07:00+00:00,DAKT,13.09000015258789,13.09000015258789,13.09000015258789,13.09000015258789,13.09000015258789,233.0
2024-10-25 15:07:00+00:00,DAVE,38.790000915527344,38.790000915527344,38.790000915527344,38.790000915527344,38.790000915527344,147.0
2024-10-25 15:07:00+00:00,DBX,26.104999542236328,26.104999542236328,26.104999542236328,26.104999542236328,26.104999542236328,1646.0
2024-10-25 15:07:00+00:00,DDOG,126.44000244140625,126.44000244140625,126.48999786376953,126.44000244140625,126.48999786376953,2461.0
2024-10-25 15:07:00+00:00,DIOD,65.13999938964844,65.13999938964844,65.13999938964844,65.13999938964844,65.13999938964844,1208.0
2024-10-25 15:07:00+00:00,DOCU,69.04000091552734,69.04000091552734,69.04000091552734,69.0199966430664,69.0199966430664,2172.0
2024-10-25 15:07:00+00:00,DOX,89.16999816894531,89.16999816894531,89.16999816894531,89.16999816894531,89.16999816894531,360.0
2024-10-25 15:07:00+00:00,DTSS,2.4200000762939453,2.4200000762939453,2.421999931335449,2.4200000762939453,2.421999931335449,1631.0
2024-10-25 15:07:00+00:00,DUOL,292.0799865722656,292.0799865722656,292.0799865722656,292.0,292.0,901.0
2024-10-25 15:07:00+00:00,EEFT,100.3499984741211,100.3499984741211,100.37000274658203,100.3499984741211,100.37000274658203,743.0
2024-10-25 15:07:00+00:00,ENPH,83.88500213623047,83.88500213623047,83.88999938964844,83.80999755859375,83.8499984741211,6366.0
2024-10-25 15:07:00+00:00,ENTG,105.1500015258789,105.1500015258789,105.19000244140625,105.0999984741211,105.1500015258789,2833.0
2024-10-25 15:07:00+00:00,ERIC,8.46500015258789,8.46500015258789,8.46500015258789,8.46500015258789,8.46500015258789,2944.0
2024-10-25 15:07:00+00:00,EXFY,1.725000023841858,1.725000023841858,1.725000023841858,1.725000023841858,1.725000023841858,1236.0
2024-10-25 15:07:00+00:00,EXTR,14.380000114440918,14.380000114440918,14.380000114440918,14.380000114440918,14.380000114440918,255.0
2024-10-25 15:07:00+00:00,FFIV,216.7899932861328,216.7899932861328,216.8000030517578,216.7899932861328,216.8000030517578,756.0
2024-10-25 15:07:00+00:00,FIVN,29.920000076293945,29.920000076293945,29.93000030517578,29.920000076293945,29.924999237060547,3471.0
2024-10-25 15:07:00+00:00,FLEX,35.220001220703125,35.220001220703125,35.22999954223633,35.21500015258789,35.220001220703125,2659.0
2024-10-25 15:07:00+00:00,FLYW,17.3700008392334,17.3700008392334,17.3700008392334,17.3700008392334,17.3700008392334,374.0
2024-10-25 15:07:00+00:00,FORM,44.790000915527344,44.790000915527344,44.79600143432617,44.790000915527344,44.79600143432617,1877.0
2024-10-25 15:07:00+00:00,FROG,29.389999389648438,29.389999389648438,29.389999389648438,29.389999389648438,29.389999389648438,1808.0
2024-10-25 15:07:00+00:00,FRSH,11.625,11.625,11.625,11.625,11.625,1512.0
2024-10-25 15:07:00+00:00,FSLR,198.44000244140625,198.44000244140625,198.4600067138672,198.44000244140625,198.4600067138672,855.0
2024-10-25 15:07:00+00:00,FTCI,0.652999997138977,0.652999997138977,0.6546000242233276,0.652999997138977,0.6546000242233276,1415.0
2024-10-25 15:07:00+00:00,FTNT,80.45010375976562,80.45010375976562,80.48500061035156,80.45010375976562,80.48500061035156,4259.0
2024-10-25 15:07:00+00:00,GCT,24.450000762939453,24.450000762939453,24.450000762939453,24.447599411010742,24.450000762939453,1908.0
2024-10-25 15:07:00+00:00,GDS,21.399900436401367,21.399900436401367,21.399900436401367,21.3700008392334,21.3700008392334,2400.0
2024-10-25 15:07:00+00:00,GFS,40.529998779296875,40.529998779296875,40.529998779296875,40.5,40.5,4975.0
2024-10-25 15:07:00+00:00,GRAB,4.09499979019165,4.09499979019165,4.099999904632568,4.090000152587891,4.09499979019165,25122.0
2024-10-25 15:07:00+00:00,GTLB,55.037899017333984,55.037899017333984,55.037899017333984,55.0099983215332,55.034000396728516,784.0
2024-10-25 15:07:00+00:00,HCP,33.64500045776367,33.64500045776367,33.64500045776367,33.64500045776367,33.64500045776367,4494.0
2024-10-25 15:07:00+00:00,HIMX,6.179999828338623,6.179999828338623,6.179999828338623,6.179999828338623,6.179999828338623,817.0
2024-10-25 15:07:00+00:00,HLIT,14.786999702453613,14.786999702453613,14.786999702453613,14.781499862670898,14.781499862670898,2042.0
2024-10-25 15:07:00+00:00,HOLO,3.624000072479248,3.624000072479248,3.624000072479248,3.610100030899048,3.610100030899048,697.0
2024-10-25 15:07:00+00:00,HOOD,27.135000228881836,27.135000228881836,27.139999389648438,27.135000228881836,27.135000228881836,2845.0
2024-10-25 15:07:00+00:00,IDAI,0.22110000252723694,0.22110000252723694,0.22110000252723694,0.22110000252723694,0.22110000252723694,13116.0
2024-10-25 15:07:00+00:00,INDI,3.4700000286102295,3.4700000286102295,3.4749999046325684,3.4700000286102295,3.4749999046325684,788.0
2024-10-25 15:07:00+00:00,INFN,6.764999866485596,6.764999866485596,6.764999866485596,6.760000228881836,6.764999866485596,3129.0
2024-10-25 15:07:00+00:00,INOD,20.289899826049805,20.289899826049805,20.289899826049805,20.289899826049805,20.289899826049805,496.0
2024-10-25 15:07:00+00:00,INTA,49.97999954223633,49.97999954223633,49.97999954223633,49.92499923706055,49.92499923706055,632.0
2024-10-25 15:07:00+00:00,INTC,22.876399993896484,22.876399993896484,22.87700080871582,22.862899780273438,22.864999771118164,32886.0
2024-10-25 15:07:00+00:00,INTU,608.4600219726562,608.4600219726562,608.4600219726562,608.344970703125,608.4400024414062,1779.0
2024-10-25 15:07:00+00:00,ITRI,102.76499938964844,102.76499938964844,102.76499938964844,102.76499938964844,102.76499938964844,842.0
2024-10-25 15:07:00+00:00,JFU,1.690000057220459,1.690000057220459,1.690000057220459,1.690000057220459,1.690000057220459,112.0
2024-10-25 15:07:00+00:00,JKHY,183.11000061035156,183.11000061035156,183.11000061035156,183.11000061035156,183.11000061035156,628.0
2024-10-25 15:07:00+00:00,KC,2.684999942779541,2.684999942779541,2.684999942779541,2.684999942779541,2.684999942779541,763.0
2024-10-25 15:07:00+00:00,KLAC,675.52001953125,675.52001953125,675.52001953125,675.52001953125,675.52001953125,749.0
2024-10-25 15:07:00+00:00,KLIC,44.625,44.625,44.625,44.599998474121094,44.619998931884766,2547.0
2024-10-25 15:07:00+00:00,KOPN,0.7799999713897705,0.7799999713897705,0.7799999713897705,0.7799999713897705,0.7799999713897705,33246.0
2024-10-25 15:07:00+00:00,KVHI,4.690000057220459,4.690000057220459,4.690000057220459,4.690000057220459,4.690000057220459,237.0
2024-10-25 15:07:00+00:00,LINK,4.730000019073486,4.730000019073486,4.78000020980835,4.730000019073486,4.78000020980835,900.0
2024-10-25 15:07:00+00:00,LITE,64.68000030517578,64.68000030517578,64.69989776611328,64.58999633789062,64.58999633789062,3427.0
2024-10-25 15:07:00+00:00,LOGI,80.73500061035156,80.73500061035156,80.73500061035156,80.73500061035156,80.73500061035156,629.0
2024-10-25 15:07:00+00:00,LRCX,78.55999755859375,78.55999755859375,78.58000183105469,78.54000091552734,78.54000091552734,13098.0
2024-10-25 15:07:00+00:00,LSCC,54.10540008544922,54.10540008544922,54.119998931884766,54.09000015258789,54.095001220703125,2683.0
2024-10-25 15:07:00+00:00,LTRX,4.090000152587891,4.090000152587891,4.090000152587891,4.090000152587891,4.090000152587891,315.0
2024-10-25 15:07:00+00:00,LYFT,13.8100004196167,13.8100004196167,13.819999694824219,13.8100004196167,13.8149995803833,8670.0
2024-10-25 15:07:00+00:00,MAPS,0.8414000272750854,0.8414000272750854,0.8414000272750854,0.8414000272750854,0.8414000272750854,723.0
2024-10-25 15:07:00+00:00,MCHP,76.70999908447266,76.70999908447266,76.71499633789062,76.64360046386719,76.64360046386719,8236.0
2024-10-25 15:07:00+00:00,MDB,267.30999755859375,267.30999755859375,267.489990234375,267.30999755859375,267.489990234375,474.0
2024-10-25 15:07:00+00:00,MGIC,11.09000015258789,11.09000015258789,11.09000015258789,11.09000015258789,11.09000015258789,0.0
2024-10-25 15:07:00+00:00,MITK,8.789999961853027,8.789999961853027,8.789999961853027,8.789999961853027,8.789999961853027,306.0
2024-10-25 15:07:00+00:00,MNDY,298.3500061035156,298.3500061035156,298.3500061035156,298.3500061035156,298.3500061035156,1290.0
2024-10-25 15:07:00+00:00,MPWR,908.0900268554688,908.0900268554688,908.0900268554688,907.4000244140625,907.4000244140625,1308.0
2024-10-25 15:07:00+00:00,MQ,5.315800189971924,5.315800189971924,5.320000171661377,5.315000057220459,5.315000057220459,4115.0
2024-10-25 15:07:00+00:00,MRAM,6.349999904632568,6.349999904632568,6.349999904632568,6.349999904632568,6.349999904632568,111.0
2024-10-25 15:07:00+00:00,MRVL,82.16999816894531,82.16999816894531,82.17680358886719,82.13999938964844,82.1500015258789,6231.0
2024-10-25 15:07:00+00:00,MSFT,428.7300109863281,428.7300109863281,428.7496032714844,428.6000061035156,428.6449890136719,12829.0
2024-10-25 15:07:00+00:00,MSTR,234.77999877929688,234.77999877929688,235.0850067138672,234.72000122070312,235.02000427246094,19439.0
2024-10-25 15:07:00+00:00,MTC,0.37310001254081726,0.37310001254081726,0.37310001254081726,0.37310001254081726,0.37310001254081726,200.0
2024-10-25 15:07:00+00:00,MTLS,5.920000076293945,5.920000076293945,5.920000076293945,5.920000076293945,5.920000076293945,151.0
2024-10-25 15:07:00+00:00,MTSI,121.08499908447266,121.08499908447266,121.1500015258789,121.08499908447266,121.1500015258789,2025.0
2024-10-25 15:07:00+00:00,MTTR,4.585000038146973,4.585000038146973,4.585000038146973,4.579999923706055,4.579999923706055,4234.0
2024-10-25 15:07:00+00:00,MU,108.45790100097656,108.45790100097656,108.4800033569336,108.37860107421875,108.41999816894531,14590.0
2024-10-25 15:07:00+00:00,MVIS,1.0800000429153442,1.0800000429153442,1.0800000429153442,1.0800000429153442,1.0800000429153442,2266.0
2024-10-25 15:07:00+00:00,MXL,14.800000190734863,14.800000190734863,14.8100004196167,14.800000190734863,14.8100004196167,1563.0
2024-10-25 15:07:00+00:00,NCNO,37.78499984741211,37.78499984741211,37.78499984741211,37.78499984741211,37.78499984741211,1204.0
2024-10-25 15:07:00+00:00,NICE,175.1999969482422,175.1999969482422,175.1999969482422,175.10000610351562,175.10000610351562,3168.0
2024-10-25 15:07:00+00:00,NNDM,2.325000047683716,2.325000047683716,2.325000047683716,2.325000047683716,2.325000047683716,334.0
2024-10-25 15:07:00+00:00,NSIT,208.27499389648438,208.27499389648438,208.27499389648438,208.21499633789062,208.21499633789062,8170.0
2024-10-25 15:07:00+00:00,NTAP,119.80010223388672,119.80010223388672,119.83499908447266,119.80010223388672,119.83499908447266,948.0
2024-10-25 15:07:00+00:00,NTCT,20.635000228881836,20.635000228881836,20.635000228881836,20.635000228881836,20.635000228881836,206.0
2024-10-25 15:07:00+00:00,NTNX,62.02000045776367,62.02000045776367,62.029998779296875,62.02000045776367,62.029998779296875,762.0
2024-10-25 15:07:00+00:00,NVDA,141.9949951171875,141.9949951171875,142.0,141.9149932861328,141.9499969482422,149674.0
2024-10-25 15:07:00+00:00,NVEI,33.4900016784668,33.4900016784668,33.4900016784668,33.4900016784668,33.4900016784668,2841.0
2024-10-25 15:07:00+00:00,NVTS,2.5360000133514404,2.5360000133514404,2.5399999618530273,2.5360000133514404,2.5399999618530273,1552.0
2024-10-25 15:07:00+00:00,NXPI,243.74000549316406,243.74000549316406,243.74000549316406,243.61000061035156,243.61000061035156,2720.0
2024-10-25 15:07:00+00:00,OKTA,72.33039855957031,72.33039855957031,72.36000061035156,72.33039855957031,72.36000061035156,1713.0
2024-10-25 15:07:00+00:00,OLED,202.97999572753906,202.97999572753906,202.97999572753906,202.97999572753906,202.97999572753906,830.0
2024-10-25 15:07:00+00:00,ON,71.38999938964844,71.38999938964844,71.38999938964844,71.3550033569336,71.37999725341797,28665.0
2024-10-25 15:07:00+00:00,OSIS,135.7050018310547,135.7050018310547,135.7050018310547,135.7050018310547,135.7050018310547,125.0
2024-10-25 15:07:00+00:00,OSPN,14.579999923706055,14.579999923706055,14.579999923706055,14.579999923706055,14.579999923706055,216.0
2024-10-25 15:07:00+00:00,PANW,366.6199951171875,366.6199951171875,366.6700134277344,366.5899963378906,366.6700134277344,875.0
2024-10-25 15:07:00+00:00,PAYO,8.324999809265137,8.324999809265137,8.324999809265137,8.324999809265137,8.324999809265137,1635.0
2024-10-25 15:07:00+00:00,PEGA,79.1624984741211,79.1624984741211,79.16999816894531,79.05000305175781,79.05000305175781,2953.0
2024-10-25 15:07:00+00:00,PGY,11.899999618530273,11.899999618530273,11.899999618530273,11.899999618530273,11.899999618530273,200.0
2024-10-25 15:07:00+00:00,PHUN,10.359999656677246,10.359999656677246,10.380000114440918,10.310099601745605,10.380000114440918,59715.0
2024-10-25 15:07:00+00:00,PI,202.7550048828125,202.7550048828125,202.9199981689453,202.60499572753906,202.60499572753906,1004.0
2024-10-25 15:07:00+00:00,PLXS,141.86000061035156,141.86000061035156,141.8800048828125,141.86000061035156,141.8800048828125,840.0
2024-10-25 15:07:00+00:00,POET,3.8399999141693115,3.8399999141693115,3.8399999141693115,3.8340001106262207,3.8340001106262207,0.0
2024-10-25 15:07:00+00:00,PRGS,64.6449966430664,64.6449966430664,64.6449966430664,64.6449966430664,64.6449966430664,463.0
2024-10-25 15:07:00+00:00,PTC,187.12600708007812,187.12600708007812,187.12600708007812,187.12600708007812,187.12600708007812,226.0
2024-10-25 15:07:00+00:00,PYCR,14.34000015258789,14.34000015258789,14.34000015258789,14.34000015258789,14.34000015258789,722.0
2024-10-25 15:07:00+00:00,QCOM,170.97000122070312,170.97000122070312,171.0050048828125,170.88499450683594,170.92999267578125,9685.0
2024-10-25 15:07:00+00:00,QRVO,99.8550033569336,99.8550033569336,99.8550033569336,99.8499984741211,99.8499984741211,546.0
2024-10-25 15:07:00+00:00,QUBT,1.0750000476837158,1.0750000476837158,1.0750000476837158,1.0707999467849731,1.0707999467849731,5174.0
2024-10-25 15:07:00+00:00,RCAT,2.755000114440918,2.755000114440918,2.755000114440918,2.75,2.75,5433.0
2024-10-25 15:07:00+00:00,REKR,1.0850000381469727,1.0850000381469727,1.090000033378601,1.0850000381469727,1.090000033378601,1703.0
2024-10-25 15:07:00+00:00,RELY,14.84000015258789,14.84000015258789,14.84000015258789,14.835000038146973,14.84000015258789,11368.0
2024-10-25 15:07:00+00:00,RGTI,1.220900058746338,1.220900058746338,1.2259000539779663,1.2201000452041626,1.225000023841858,9498.0
2024-10-25 15:07:00+00:00,RGTIW,0.16979999840259552,0.16979999840259552,0.16979999840259552,0.16979999840259552,0.16979999840259552,200.0
2024-10-25 15:07:00+00:00,RIOT,9.765000343322754,9.765000343322754,9.76990032196045,9.755000114440918,9.765000343322754,16831.0
2024-10-25 15:07:00+00:00,RMBS,43.470001220703125,43.470001220703125,43.4900016784668,43.470001220703125,43.4900016784668,1057.0
2024-10-25 15:07:00+00:00,RPAY,7.724999904632568,7.724999904632568,7.724999904632568,7.724999904632568,7.724999904632568,651.0
2024-10-25 15:07:00+00:00,RUM,5.755000114440918,5.755000114440918,5.755000114440918,5.754000186920166,5.754000186920166,1311.0
2024-10-25 15:07:00+00:00,RUN,14.420000076293945,14.420000076293945,14.420000076293945,14.404999732971191,14.40779972076416,5422.0
2024-10-25 15:07:00+00:00,RXT,2.4749999046325684,2.4749999046325684,2.4798998832702637,2.4749999046325684,2.4798998832702637,12587.0
2024-10-25 15:07:00+00:00,SCKT,1.1401000022888184,1.1401000022888184,1.1401000022888184,1.1401000022888184,1.1401000022888184,31.0
2024-10-25 15:07:00+00:00,SCSC,44.790000915527344,44.790000915527344,44.790000915527344,44.790000915527344,44.790000915527344,948.0
2024-10-25 15:07:00+00:00,SEDG,15.9350004196167,15.9350004196167,15.96500015258789,15.925000190734863,15.9399995803833,11923.0
2024-10-25 15:07:00+00:00,SHLS,5.239999771118164,5.239999771118164,5.244999885559082,5.239999771118164,5.244999885559082,2609.0
2024-10-25 15:07:00+00:00,SIMO,56.400001525878906,56.400001525878906,56.400001525878906,56.400001525878906,56.400001525878906,674.0
2024-10-25 15:07:00+00:00,SITM,179.14999389648438,179.14999389648438,179.14999389648438,178.8000030517578,178.80999755859375,1925.0
2024-10-25 15:07:00+00:00,SKYT,10.574999809265137,10.574999809265137,10.574999809265137,10.569999694824219,10.569999694824219,615.0
2024-10-25 15:07:00+00:00,SMCI,47.66999816894531,47.66999816894531,47.67599868774414,47.56999969482422,47.5974006652832,75052.0
2024-10-25 15:07:00+00:00,SNPS,502.67498779296875,502.67498779296875,502.67498779296875,502.67498779296875,502.67498779296875,592.0
2024-10-25 15:07:00+00:00,SONO,12.699999809265137,12.699999809265137,12.699999809265137,12.6899995803833,12.6899995803833,706.0
2024-10-25 15:07:00+00:00,SOUN,5.184999942779541,5.184999942779541,5.185999870300293,5.180099964141846,5.180099964141846,2914.0
2024-10-25 15:07:00+00:00,SPSC,170.64500427246094,170.64500427246094,171.05999755859375,170.64500427246094,171.05999755859375,1253.0
2024-10-25 15:07:00+00:00,SPT,26.94499969482422,26.94499969482422,26.94499969482422,26.94499969482422,26.94499969482422,453.0
2024-10-25 15:07:00+00:00,SRAD,12.34000015258789,12.34000015258789,12.34000015258789,12.329999923706055,12.34000015258789,4024.0
2024-10-25 15:07:00+00:00,SSNC,69.91000366210938,69.91000366210938,69.91500091552734,69.9000015258789,69.91500091552734,8638.0
2024-10-25 15:07:00+00:00,SSYS,7.029799938201904,7.029799938201904,7.029799938201904,7.029799938201904,7.029799938201904,948.0
2024-10-25 15:07:00+00:00,STNE,11.564900398254395,11.564900398254395,11.5649995803833,11.5600004196167,11.5600004196167,3967.0
2024-10-25 15:07:00+00:00,STX,103.62940216064453,103.62940216064453,103.62940216064453,103.58999633789062,103.62000274658203,2284.0
2024-10-25 15:07:00+00:00,SWKS,95.87000274658203,95.87000274658203,95.87000274658203,95.86000061035156,95.86000061035156,1262.0
2024-10-25 15:07:00+00:00,SYTA,1.2999999523162842,1.2999999523162842,1.2999999523162842,1.2999999523162842,1.2999999523162842,120.0
2024-10-25 15:07:00+00:00,TEAM,189.5449981689453,189.5449981689453,189.57000732421875,189.41000366210938,189.41000366210938,3416.0
2024-10-25 15:07:00+00:00,TENB,41.7599983215332,41.7599983215332,41.7599983215332,41.7599983215332,41.7599983215332,1392.0
2024-10-25 15:07:00+00:00,TER,112.28160095214844,112.28160095214844,112.33999633789062,112.19000244140625,112.19000244140625,8368.0
2024-10-25 15:07:00+00:00,TRMB,61.0099983215332,61.0099983215332,61.0099983215332,61.0,61.005001068115234,1759.0
2024-10-25 15:07:00+00:00,TSEM,44.75,44.75,44.75,44.75,44.75,384.0
2024-10-25 15:07:00+00:00,TTD,119.05999755859375,119.05999755859375,119.12999725341797,119.0,119.12999725341797,13158.0
2024-10-25 15:07:00+00:00,TTMI,19.6200008392334,19.6200008392334,19.649999618530273,19.6200008392334,19.649999618530273,1089.0
2024-10-25 15:07:00+00:00,TWKS,4.445000171661377,4.445000171661377,4.445000171661377,4.445000171661377,4.445000171661377,8494.0
2024-10-25 15:07:00+00:00,TXN,207.5500030517578,207.5500030517578,207.5500030517578,207.49009704589844,207.5,3826.0
2024-10-25 15:07:00+00:00,UCTT,35.814998626708984,35.814998626708984,35.81999969482422,35.814998626708984,35.81999969482422,1124.0
2024-10-25 15:07:00+00:00,VERB,10.800000190734863,10.800000190734863,10.800000190734863,10.729999542236328,10.729999542236328,515.0
2024-10-25 15:07:00+00:00,VERX,41.810001373291016,41.810001373291016,41.83000183105469,41.810001373291016,41.82500076293945,2147.0
2024-10-25 15:07:00+00:00,VIAV,9.194999694824219,9.194999694824219,9.194999694824219,9.194999694824219,9.194999694824219,985.0
2024-10-25 15:07:00+00:00,VICR,46.650001525878906,46.650001525878906,46.650001525878906,46.650001525878906,46.650001525878906,1107.0
2024-10-25 15:07:00+00:00,VMEO,4.755000114440918,4.755000114440918,4.760000228881836,4.755000114440918,4.755000114440918,851.0
2024-10-25 15:07:00+00:00,VNET,3.390000104904175,3.390000104904175,3.3949999809265137,3.390000104904175,3.390000104904175,1359.0
2024-10-25 15:07:00+00:00,VOXX,7.53000020980835,7.53000020980835,7.53000020980835,7.53000020980835,7.53000020980835,759.0
2024-10-25 15:07:00+00:00,VRNS,56.900001525878906,56.900001525878906,56.900001525878906,56.86000061035156,56.86000061035156,2111.0
2024-10-25 15:07:00+00:00,VRNT,21.93000030517578,21.93000030517578,21.93000030517578,21.93000030517578,21.93000030517578,618.0
2024-10-25 15:07:00+00:00,VRSN,182.77999877929688,182.77999877929688,182.77999877929688,182.75,182.77000427246094,1395.0
2024-10-25 15:07:00+00:00,VS,2.4800000190734863,2.4800000190734863,2.4800000190734863,2.4800000190734863,2.4800000190734863,0.0
2024-10-25 15:07:00+00:00,VSAT,10.210000038146973,10.210000038146973,10.210000038146973,10.164999961853027,10.170000076293945,9336.0
2024-10-25 15:07:00+00:00,VUZI,1.2949999570846558,1.2949999570846558,1.2949999570846558,1.2901999950408936,1.2901999950408936,19074.0
2024-10-25 15:07:00+00:00,WALD,3.4700000286102295,3.4700000286102295,3.4700000286102295,3.4700000286102295,3.4700000286102295,280.0
2024-10-25 15:07:00+00:00,WDAY,238.5,238.5,238.50999450683594,238.5,238.50999450683594,757.0
2024-10-25 15:07:00+00:00,WDC,70.07009887695312,70.07009887695312,70.11000061035156,70.04000091552734,70.11000061035156,16403.0
2024-10-25 15:07:00+00:00,WISA,2.049999952316284,2.049999952316284,2.049999952316284,2.030600070953369,2.030600070953369,6715.0
2024-10-25 15:07:00+00:00,WLDS,3.549999952316284,3.549999952316284,3.549999952316284,3.549999952316284,3.549999952316284,263.0
2024-10-25 15:07:00+00:00,WRAP,1.8299000263214111,1.8299000263214111,1.8299000263214111,1.8299000263214111,1.8299000263214111,4744.0
2024-10-25 15:07:00+00:00,XPER,9.385000228881836,9.385000228881836,9.385000228881836,9.385000228881836,9.385000228881836,122.0
2024-10-25 15:07:00+00:00,XRX,10.005000114440918,10.005000114440918,10.010000228881836,10.005000114440918,10.005000114440918,4383.0
2024-10-25 15:07:00+00:00,ZM,72.97380065917969,72.97380065917969,72.9800033569336,72.97380065917969,72.9749984741211,1754.0
2024-10-25 15:08:00+00:00,AAOI,17.609899520874023,17.609899520874023,17.610000610351562,17.609899520874023,17.610000610351562,1262.0
2024-10-25 15:08:00+00:00,AAPL,231.91000366210938,231.91000366210938,231.9799041748047,231.8699951171875,231.9600067138672,25152.0
2024-10-25 15:08:00+00:00,ACIW,48.91999816894531,48.91999816894531,48.939998626708984,48.90999984741211,48.939998626708984,1775.0
2024-10-25 15:08:00+00:00,ACLS,90.12999725341797,90.12999725341797,90.16999816894531,90.12999725341797,90.16999816894531,1871.0
2024-10-25 15:08:00+00:00,ACMR,19.6200008392334,19.6200008392334,19.649999618530273,19.6200008392334,19.649999618530273,1568.0
2024-10-25 15:08:00+00:00,ADBE,483.0899963378906,483.0899963378906,483.0899963378906,483.0899963378906,483.0899963378906,587.0
2024-10-25 15:08:00+00:00,ADI,231.05999755859375,231.05999755859375,231.05999755859375,231.0,231.0,790.0
2024-10-25 15:08:00+00:00,ADTN,6.309999942779541,6.309999942779541,6.309999942779541,6.269999980926514,6.269999980926514,10559.0
2024-10-25 15:08:00+00:00,AEHR,16.90999984741211,16.90999984741211,16.93589973449707,16.90999984741211,16.93589973449707,1414.0
2024-10-25 15:08:00+00:00,AFRM,41.415000915527344,41.415000915527344,41.43000030517578,41.400001525878906,41.415000915527344,7472.0
2024-10-25 15:08:00+00:00,AKAM,102.11000061035156,102.11000061035156,102.12999725341797,102.11000061035156,102.12999725341797,868.0
2024-10-25 15:08:00+00:00,AKTS,0.05990000069141388,0.05990000069141388,0.05990000069141388,0.05990000069141388,0.05990000069141388,0.0
2024-10-25 15:08:00+00:00,ALGM,23.149999618530273,23.149999618530273,23.155000686645508,23.149999618530273,23.155000686645508,2179.0
2024-10-25 15:08:00+00:00,ALKT,38.17499923706055,38.17499923706055,38.17499923706055,38.150001525878906,38.16999816894531,948.0
2024-10-25 15:08:00+00:00,ALLT,3.4600000381469727,3.4600000381469727,3.4600000381469727,3.4600000381469727,3.4600000381469727,425.0
2024-10-25 15:08:00+00:00,ALTR,104.11000061035156,104.11000061035156,104.18000030517578,104.11000061035156,104.1353988647461,4035.0
2024-10-25 15:08:00+00:00,AMAT,187.3000030517578,187.3000030517578,187.36000061035156,187.24000549316406,187.33999633789062,4683.0
2024-10-25 15:08:00+00:00,AMBA,57.91999816894531,57.91999816894531,57.91999816894531,57.90999984741211,57.91999816894531,1874.0
2024-10-25 15:08:00+00:00,AMD,156.42999267578125,156.42999267578125,156.50999450683594,156.4001007080078,156.50999450683594,24816.0
2024-10-25 15:08:00+00:00,AMKR,29.969999313354492,29.969999313354492,29.979999542236328,29.969999313354492,29.969999313354492,1462.0
2024-10-25 15:08:00+00:00,AMPL,9.100000381469727,9.100000381469727,9.100000381469727,9.079999923706055,9.09000015258789,1077.0
2024-10-25 15:08:00+00:00,API,2.884999990463257,2.884999990463257,2.884999990463257,2.884999990463257,2.884999990463257,200.0
2024-10-25 15:08:00+00:00,APP,161.51499938964844,161.51499938964844,161.58999633789062,161.51499938964844,161.58999633789062,2892.0
2024-10-25 15:08:00+00:00,APPF,212.19500732421875,212.19500732421875,212.19500732421875,211.9199981689453,211.9600067138672,3394.0
2024-10-25 15:08:00+00:00,APPS,3.0799999237060547,3.0799999237060547,3.0850000381469727,3.0799999237060547,3.0850000381469727,4147.0
2024-10-25 15:08:00+00:00,ARBE,1.8450000286102295,1.8450000286102295,1.8450000286102295,1.8450000286102295,1.8450000286102295,154.0
2024-10-25 15:08:00+00:00,ARRY,6.4039998054504395,6.4039998054504395,6.429999828338623,6.4039998054504395,6.425000190734863,20493.0
2024-10-25 15:08:00+00:00,ASML,715.14501953125,715.14501953125,715.14501953125,715.14501953125,715.14501953125,419.0
2024-10-25 15:08:00+00:00,AUDC,9.020000457763672,9.020000457763672,9.020000457763672,9.020000457763672,9.020000457763672,2623.0
2024-10-25 15:08:00+00:00,AUR,6.369999885559082,6.369999885559082,6.375,6.369999885559082,6.375,2920.0
2024-10-25 15:08:00+00:00,AVDX,8.125,8.125,8.125,8.125,8.125,460.0
2024-10-25 15:08:00+00:00,AVGO,174.3300018310547,174.3300018310547,174.36000061035156,174.25,174.3300018310547,19856.0
2024-10-25 15:08:00+00:00,AVT,54.09000015258789,54.09000015258789,54.099998474121094,54.09000015258789,54.099998474121094,741.0
2024-10-25 15:08:00+00:00,AXTI,2.674999952316284,2.674999952316284,2.674999952316284,2.6700000762939453,2.6700000762939453,765.0
2024-10-25 15:08:00+00:00,BASE,16.239999771118164,16.239999771118164,16.239999771118164,16.239999771118164,16.239999771118164,108.0
2024-10-25 15:08:00+00:00,BIGC,5.289999961853027,5.289999961853027,5.289999961853027,5.289999961853027,5.289999961853027,219.0
2024-10-25 15:08:00+00:00,BL,56.34000015258789,56.34000015258789,56.34000015258789,56.34000015258789,56.34000015258789,253.0
2024-10-25 15:08:00+00:00,BLKB,85.91500091552734,85.91500091552734,85.91500091552734,85.91500091552734,85.91500091552734,203.0
2024-10-25 15:08:00+00:00,BLZE,7.170000076293945,7.170000076293945,7.170000076293945,7.170000076293945,7.170000076293945,242.0
2024-10-25 15:08:00+00:00,BMBL,7.074999809265137,7.074999809265137,7.090000152587891,7.074999809265137,7.090000152587891,2017.0
2024-10-25 15:08:00+00:00,BRZE,30.65999984741211,30.65999984741211,30.65999984741211,30.65999984741211,30.65999984741211,1327.0
2024-10-25 15:08:00+00:00,BSY,49.1150016784668,49.1150016784668,49.13999938964844,49.099998474121094,49.13999938964844,1352.0
2024-10-25 15:08:00+00:00,CAMT,77.68000030517578,77.68000030517578,77.68000030517578,77.68000030517578,77.68000030517578,567.0
2024-10-25 15:08:00+00:00,CAN,0.9726999998092651,0.9726999998092651,0.974399983882904,0.972100019454956,0.9739000201225281,13924.0
2024-10-25 15:08:00+00:00,CDNS,257.92498779296875,257.92498779296875,257.92498779296875,257.92498779296875,257.92498779296875,1325.0
2024-10-25 15:08:00+00:00,CDW,218.00999450683594,218.00999450683594,218.07000732421875,218.00999450683594,218.05999755859375,1452.0
2024-10-25 15:08:00+00:00,CETX,0.30399999022483826,0.30399999022483826,0.30399999022483826,0.30399999022483826,0.30399999022483826,30072.0
2024-10-25 15:08:00+00:00,CFLT,22.479999542236328,22.479999542236328,22.540000915527344,22.479999542236328,22.540000915527344,8469.0
2024-10-25 15:08:00+00:00,CGNX,38.93000030517578,38.93000030517578,38.939998626708984,38.93000030517578,38.939998626708984,2275.0
2024-10-25 15:08:00+00:00,CHKP,205.9199981689453,205.9199981689453,205.9199981689453,205.77000427246094,205.85000610351562,2499.0
2024-10-25 15:08:00+00:00,CLBT,18.225000381469727,18.225000381469727,18.225000381469727,18.225000381469727,18.225000381469727,670.0
2024-10-25 15:08:00+00:00,CLSK,11.655099868774414,11.655099868774414,11.675000190734863,11.650799751281738,11.664999961853027,11587.0
2024-10-25 15:08:00+00:00,CMTL,3.8297998905181885,3.8297998905181885,3.8297998905181885,3.8297998905181885,3.8297998905181885,433.0
2024-10-25 15:08:00+00:00,CNDT,3.5850000381469727,3.5850000381469727,3.5899999141693115,3.5850000381469727,3.5899999141693115,2580.0
2024-10-25 15:08:00+00:00,CNXC,44.540000915527344,44.540000915527344,44.540000915527344,44.540000915527344,44.540000915527344,537.0
2024-10-25 15:08:00+00:00,COHR,95.69000244140625,95.69000244140625,95.69499969482422,95.69000244140625,95.69499969482422,802.0
2024-10-25 15:08:00+00:00,COIN,206.75,206.75,207.11000061035156,206.610107421875,207.00750732421875,7184.0
2024-10-25 15:08:00+00:00,COMM,6.235000133514404,6.235000133514404,6.264999866485596,6.234000205993652,6.264999866485596,20363.0
2024-10-25 15:08:00+00:00,CORZ,13.3100004196167,13.3100004196167,13.345000267028809,13.3100004196167,13.345000267028809,10882.0
2024-10-25 15:08:00+00:00,CRCT,6.570000171661377,6.570000171661377,6.574999809265137,6.570000171661377,6.574999809265137,2287.0
2024-10-25 15:08:00+00:00,CRDO,39.08000183105469,39.08000183105469,39.099998474121094,39.08000183105469,39.099998474121094,1894.0
2024-10-25 15:08:00+00:00,CRNT,2.4749999046325684,2.4749999046325684,2.4800000190734863,2.4749999046325684,2.4749999046325684,2412.0
2024-10-25 15:08:00+00:00,CRSR,6.34499979019165,6.34499979019165,6.34499979019165,6.34499979019165,6.34499979019165,137.0
2024-10-25 15:08:00+00:00,CRUS,122.42500305175781,122.42500305175781,122.44000244140625,122.42500305175781,122.44000244140625,240.0
2024-10-25 15:08:00+00:00,CRWD,298.28070068359375,298.28070068359375,298.54998779296875,298.2001037597656,298.2460021972656,6799.0
2024-10-25 15:08:00+00:00,CSCO,55.775001525878906,55.775001525878906,55.78499984741211,55.775001525878906,55.77690124511719,7418.0
2024-10-25 15:08:00+00:00,CSGS,47.439998626708984,47.439998626708984,47.439998626708984,47.439998626708984,47.439998626708984,1003.0
2024-10-25 15:08:00+00:00,CSIQ,13.460000038146973,13.460000038146973,13.470000267028809,13.449999809265137,13.470000267028809,5293.0
2024-10-25 15:08:00+00:00,CTLP,8.885000228881836,8.885000228881836,8.885000228881836,8.885000228881836,8.885000228881836,1263.0
2024-10-25 15:08:00+00:00,CTSH,74.75,74.75,74.75,74.73999786376953,74.75,2207.0
2024-10-25 15:08:00+00:00,CVLT,134.2949981689453,134.2949981689453,134.2949981689453,134.27999877929688,134.27999877929688,666.0
2024-10-25 15:08:00+00:00,CYBR,290.260009765625,290.260009765625,290.3500061035156,290.260009765625,290.3500061035156,726.0
2024-10-25 15:08:00+00:00,DAKT,13.069999694824219,13.069999694824219,13.085000038146973,13.069999694824219,13.085000038146973,1380.0
2024-10-25 15:08:00+00:00,DAVE,38.6349983215332,38.6349983215332,38.7599983215332,38.543399810791016,38.72760009765625,14905.0
2024-10-25 15:08:00+00:00,DBX,26.094999313354492,26.094999313354492,26.104999542236328,26.094999313354492,26.104999542236328,6556.0
2024-10-25 15:08:00+00:00,DDOG,126.44999694824219,126.44999694824219,126.49500274658203,126.44999694824219,126.4800033569336,1088.0
2024-10-25 15:08:00+00:00,DIOD,65.05000305175781,65.05000305175781,65.05999755859375,65.05000305175781,65.05999755859375,284.0
2024-10-25 15:08:00+00:00,DOCU,69.02999877929688,69.02999877929688,69.05999755859375,68.98999786376953,69.0199966430664,11160.0
2024-10-25 15:08:00+00:00,DOX,89.1449966430664,89.1449966430664,89.1449966430664,89.13999938964844,89.13999938964844,414.0
2024-10-25 15:08:00+00:00,DTST,3.4791998863220215,3.4791998863220215,3.4791998863220215,3.4791998863220215,3.4791998863220215,3478.0
2024-10-25 15:08:00+00:00,DUOL,292.0799865722656,292.0799865722656,292.0799865722656,292.0799865722656,292.0799865722656,413.0
2024-10-25 15:08:00+00:00,EEFT,100.33499908447266,100.33499908447266,100.33499908447266,100.30999755859375,100.33000183105469,868.0
2024-10-25 15:08:00+00:00,ENPH,83.87999725341797,83.87999725341797,83.88999938964844,83.77010345458984,83.88500213623047,6342.0
2024-10-25 15:08:00+00:00,ENTG,105.08000183105469,105.08000183105469,105.1500015258789,105.08000183105469,105.1500015258789,2100.0
2024-10-25 15:08:00+00:00,ERIC,8.46500015258789,8.46500015258789,8.470000267028809,8.46500015258789,8.46500015258789,123138.0
2024-10-25 15:08:00+00:00,EXLS,38.72999954223633,38.72999954223633,38.7599983215332,38.72999954223633,38.7599983215332,1258.0
2024-10-25 15:08:00+00:00,EXTR,14.364999771118164,14.364999771118164,14.385000228881836,14.364999771118164,14.385000228881836,3004.0
2024-10-25 15:08:00+00:00,FARO,17.905000686645508,17.905000686645508,17.905000686645508,17.905000686645508,17.905000686645508,724.0
2024-10-25 15:08:00+00:00,FFIV,216.80499267578125,216.80499267578125,216.80499267578125,216.80499267578125,216.80499267578125,386.0
2024-10-25 15:08:00+00:00,FIVN,29.889999389648438,29.889999389648438,29.90999984741211,29.889999389648438,29.90999984741211,2787.0
2024-10-25 15:08:00+00:00,FLEX,35.209999084472656,35.209999084472656,35.220001220703125,35.209999084472656,35.220001220703125,1319.0
2024-10-25 15:08:00+00:00,FLYW,17.34000015258789,17.34000015258789,17.3700008392334,17.34000015258789,17.360000610351562,2934.0
2024-10-25 15:08:00+00:00,FROG,29.405000686645508,29.405000686645508,29.40999984741211,29.389999389648438,29.40999984741211,2936.0
2024-10-25 15:08:00+00:00,FRSH,11.625,11.625,11.625,11.619999885559082,11.619999885559082,2544.0
2024-10-25 15:08:00+00:00,FSLR,198.47999572753906,198.47999572753906,198.49600219726562,198.44000244140625,198.49600219726562,1095.0
2024-10-25 15:08:00+00:00,FTNT,80.4520034790039,80.4520034790039,80.45999908447266,80.44999694824219,80.45999908447266,2301.0
2024-10-25 15:08:00+00:00,GCT,24.440000534057617,24.440000534057617,24.450000762939453,24.440000534057617,24.440000534057617,3562.0
2024-10-25 15:08:00+00:00,GDS,21.385000228881836,21.385000228881836,21.385000228881836,21.385000228881836,21.385000228881836,367.0
2024-10-25 15:08:00+00:00,GDYN,15.619999885559082,15.619999885559082,15.619999885559082,15.619999885559082,15.619999885559082,1028.0
2024-10-25 15:08:00+00:00,GFS,40.529998779296875,40.529998779296875,40.53499984741211,40.525001525878906,40.53499984741211,1362.0
2024-10-25 15:08:00+00:00,GPRO,1.315000057220459,1.315000057220459,1.315000057220459,1.309999942779541,1.309999942779541,1455.0
2024-10-25 15:08:00+00:00,GRAB,4.085000038146973,4.085000038146973,4.099999904632568,4.085000038146973,4.09499979019165,171229.0
2024-10-25 15:08:00+00:00,GTLB,55.029998779296875,55.029998779296875,55.029998779296875,55.029998779296875,55.029998779296875,352.0
2024-10-25 15:08:00+00:00,HCKT,24.63010025024414,24.63010025024414,24.649999618530273,24.6299991607666,24.649999618530273,1444.0
2024-10-25 15:08:00+00:00,HCP,33.64500045776367,33.64500045776367,33.64500045776367,33.64500045776367,33.64500045776367,1151.0
2024-10-25 15:08:00+00:00,HEAR,16.5049991607666,16.5049991607666,16.510000228881836,16.5,16.510000228881836,860.0
2024-10-25 15:08:00+00:00,HLIT,14.779999732971191,14.779999732971191,14.789999961853027,14.779999732971191,14.789999961853027,1896.0
2024-10-25 15:08:00+00:00,HOOD,27.104999542236328,27.104999542236328,27.13010025024414,27.104999542236328,27.13010025024414,8843.0
2024-10-25 15:08:00+00:00,IBEX,18.020000457763672,18.020000457763672,18.020000457763672,18.020000457763672,18.020000457763672,616.0
2024-10-25 15:08:00+00:00,ICHR,27.559999465942383,27.559999465942383,27.559999465942383,27.559999465942383,27.559999465942383,290.0
2024-10-25 15:08:00+00:00,III,3.055000066757202,3.055000066757202,3.059999942779541,3.055000066757202,3.059999942779541,1191.0
2024-10-25 15:08:00+00:00,IMMR,8.675000190734863,8.675000190734863,8.680000305175781,8.675000190734863,8.680000305175781,600.0
2024-10-25 15:08:00+00:00,IMOS,22.350000381469727,22.350000381469727,22.350000381469727,22.350000381469727,22.350000381469727,1193.0
2024-10-25 15:08:00+00:00,IMXI,17.639999389648438,17.639999389648438,17.639999389648438,17.639999389648438,17.639999389648438,1698.0
2024-10-25 15:08:00+00:00,INDI,3.4749999046325684,3.4749999046325684,3.4749999046325684,3.4749999046325684,3.4749999046325684,167.0
2024-10-25 15:08:00+00:00,INFN,6.775000095367432,6.775000095367432,6.775000095367432,6.760000228881836,6.764999866485596,17515.0
2024-10-25 15:08:00+00:00,INTC,22.85700035095215,22.85700035095215,22.875,22.850000381469727,22.8700008392334,206903.0
2024-10-25 15:08:00+00:00,INTU,608.3699951171875,608.3699951171875,608.3699951171875,608.3446044921875,608.3446044921875,1147.0
2024-10-25 15:08:00+00:00,IPGP,77.1500015258789,77.1500015258789,77.20500183105469,77.12999725341797,77.18000030517578,3692.0
2024-10-25 15:08:00+00:00,JAMF,16.81999969482422,16.81999969482422,16.829999923706055,16.81999969482422,16.829999923706055,1285.0
2024-10-25 15:08:00+00:00,JKHY,183.1199951171875,183.1199951171875,183.1199951171875,183.1199951171875,183.1199951171875,126.0
2024-10-25 15:08:00+00:00,KC,2.684999942779541,2.684999942779541,2.690000057220459,2.680000066757202,2.680000066757202,828.0
2024-10-25 15:08:00+00:00,KLAC,675.3900146484375,675.3900146484375,675.52001953125,675.3900146484375,675.52001953125,3340.0
2024-10-25 15:08:00+00:00,KLIC,44.58000183105469,44.58000183105469,44.6150016784668,44.58000183105469,44.6150016784668,1277.0
2024-10-25 15:08:00+00:00,KOPN,0.7800999879837036,0.7800999879837036,0.7800999879837036,0.7800999879837036,0.7800999879837036,0.0
2024-10-25 15:08:00+00:00,LFUS,253.9199981689453,253.9199981689453,253.9199981689453,253.9199981689453,253.9199981689453,1163.0
2024-10-25 15:08:00+00:00,LINK,4.730100154876709,4.730100154876709,4.730100154876709,4.730100154876709,4.730100154876709,450.0
2024-10-25 15:08:00+00:00,LITE,64.6500015258789,64.6500015258789,64.68499755859375,64.6500015258789,64.68000030517578,2325.0
2024-10-25 15:08:00+00:00,LOGI,80.72000122070312,80.72000122070312,80.73500061035156,80.72000122070312,80.73500061035156,798.0
2024-10-25 15:08:00+00:00,LPSN,1.1749999523162842,1.1749999523162842,1.179900050163269,1.1749999523162842,1.179900050163269,1523.0
2024-10-25 15:08:00+00:00,LRCX,78.54000091552734,78.54000091552734,78.57499694824219,78.5199966430664,78.55000305175781,24593.0
2024-10-25 15:08:00+00:00,LSCC,54.040000915527344,54.040000915527344,54.099998474121094,54.040000915527344,54.099998474121094,4784.0
2024-10-25 15:08:00+00:00,LYFT,13.479999542236328,13.479999542236328,13.8100004196167,13.449999809265137,13.75,1289357.0
2024-10-25 15:08:00+00:00,MAXN,5.809999942779541,5.809999942779541,5.809999942779541,5.809999942779541,5.809999942779541,710.0
2024-10-25 15:08:00+00:00,MCHP,76.7249984741211,76.7249984741211,76.75,76.70999908447266,76.70999908447266,10911.0
2024-10-25 15:08:00+00:00,MDB,267.2650146484375,267.2650146484375,267.30999755859375,267.25,267.30999755859375,1436.0
2024-10-25 15:08:00+00:00,MITK,8.800000190734863,8.800000190734863,8.800000190734863,8.797200202941895,8.79800033569336,1060.0
2024-10-25 15:08:00+00:00,MKSI,101.19249725341797,101.19249725341797,101.19249725341797,101.19249725341797,101.19249725341797,247.0
2024-10-25 15:08:00+00:00,MPWR,907.5999755859375,907.5999755859375,908.2000122070312,907.5999755859375,908.2000122070312,638.0
2024-10-25 15:08:00+00:00,MQ,5.309999942779541,5.309999942779541,5.315000057220459,5.309999942779541,5.315000057220459,9593.0
2024-10-25 15:08:00+00:00,MRAM,6.340000152587891,6.340000152587891,6.34499979019165,6.340000152587891,6.34499979019165,798.0
2024-10-25 15:08:00+00:00,MRVL,82.1500015258789,82.1500015258789,82.18000030517578,82.13999938964844,82.16999816894531,6995.0
2024-10-25 15:08:00+00:00,MSFT,428.6000061035156,428.6000061035156,428.7300109863281,428.5,428.67999267578125,11904.0
2024-10-25 15:08:00+00:00,MSTR,234.14999389648438,234.14999389648438,234.99000549316406,234.14999389648438,234.97000122070312,35747.0
2024-10-25 15:08:00+00:00,MTC,0.37299999594688416,0.37299999594688416,0.37310001254081726,0.37299999594688416,0.37310001254081726,5073.0
2024-10-25 15:08:00+00:00,MTLS,5.918000221252441,5.918000221252441,5.918000221252441,5.918000221252441,5.918000221252441,253.0
2024-10-25 15:08:00+00:00,MTTR,4.585000038146973,4.585000038146973,4.585000038146973,4.579999923706055,4.579999923706055,3868.0
2024-10-25 15:08:00+00:00,MU,108.37999725341797,108.37999725341797,108.45999908447266,108.35749816894531,108.45999908447266,15077.0
2024-10-25 15:08:00+00:00,MXL,14.789999961853027,14.789999961853027,14.789999961853027,14.789999961853027,14.789999961853027,322.0
2024-10-25 15:08:00+00:00,NCNO,37.810001373291016,37.810001373291016,37.810001373291016,37.779998779296875,37.78739929199219,6499.0
2024-10-25 15:08:00+00:00,NEON,8.15999984741211,8.15999984741211,8.1899995803833,8.15999984741211,8.172900199890137,1295.0
2024-10-25 15:08:00+00:00,NICE,175.2100067138672,175.2100067138672,175.2100067138672,175.2100067138672,175.2100067138672,200.0
2024-10-25 15:08:00+00:00,NSIT,208.39999389648438,208.39999389648438,208.47999572753906,208.17999267578125,208.35000610351562,4270.0
2024-10-25 15:08:00+00:00,NTAP,119.81500244140625,119.81500244140625,119.82250213623047,119.81500244140625,119.81500244140625,1242.0
2024-10-25 15:08:00+00:00,NTCT,20.600000381469727,20.600000381469727,20.6200008392334,20.600000381469727,20.6200008392334,1687.0
2024-10-25 15:08:00+00:00,NTNX,62.0,62.0,62.02000045776367,62.0,62.02000045776367,2053.0
2024-10-25 15:08:00+00:00,NVDA,141.97500610351562,141.97500610351562,142.02000427246094,141.9199981689453,142.0,169083.0
2024-10-25 15:08:00+00:00,NVEI,33.494998931884766,33.494998931884766,33.494998931884766,33.494998931884766,33.494998931884766,1406.0
2024-10-25 15:08:00+00:00,NVTS,2.5350000858306885,2.5350000858306885,2.5350000858306885,2.5350000858306885,2.5350000858306885,1001.0
2024-10-25 15:08:00+00:00,NXPI,243.7100067138672,243.7100067138672,243.83999633789062,243.7100067138672,243.74000549316406,4140.0
2024-10-25 15:08:00+00:00,OKTA,72.31500244140625,72.31500244140625,72.33000183105469,72.30999755859375,72.33000183105469,2006.0
2024-10-25 15:08:00+00:00,OLED,202.97999572753906,202.97999572753906,202.97999572753906,202.97999572753906,202.97999572753906,179.0
2024-10-25 15:08:00+00:00,ON,71.29000091552734,71.29000091552734,71.41000366210938,71.29000091552734,71.4000015258789,24475.0
2024-10-25 15:08:00+00:00,PANW,366.5899963378906,366.5899963378906,366.6000061035156,366.5,366.5299987792969,1173.0
2024-10-25 15:08:00+00:00,PAYS,3.700000047683716,3.700000047683716,3.700000047683716,3.700000047683716,3.700000047683716,113.0
2024-10-25 15:08:00+00:00,PCTY,173.7899932861328,173.7899932861328,173.7899932861328,173.7899932861328,173.7899932861328,193.0
2024-10-25 15:08:00+00:00,PEGA,79.12000274658203,79.12000274658203,79.12000274658203,79.12000274658203,79.12000274658203,624.0
2024-10-25 15:08:00+00:00,PGY,11.904999732971191,11.904999732971191,11.90999984741211,11.899999618530273,11.899999618530273,3067.0
2024-10-25 15:08:00+00:00,PHUN,10.380000114440918,10.380000114440918,10.380000114440918,10.332500457763672,10.350000381469727,14983.0
2024-10-25 15:08:00+00:00,PI,202.6999969482422,202.6999969482422,202.7550048828125,202.6999969482422,202.7550048828125,7525.0
2024-10-25 15:08:00+00:00,PLAB,23.649999618530273,23.649999618530273,23.649999618530273,23.649999618530273,23.649999618530273,740.0
2024-10-25 15:08:00+00:00,POWI,63.54999923706055,63.54999923706055,63.54999923706055,63.54999923706055,63.54999923706055,2120.0
2024-10-25 15:08:00+00:00,PRCH,1.2949999570846558,1.2949999570846558,1.2949999570846558,1.2949999570846558,1.2949999570846558,1409.0
2024-10-25 15:08:00+00:00,PRGS,64.62000274658203,64.62000274658203,64.62999725341797,64.62000274658203,64.62999725341797,1286.0
2024-10-25 15:08:00+00:00,PRSO,1.8049999475479126,1.8049999475479126,1.8049999475479126,1.7999999523162842,1.7999999523162842,1658.0
2024-10-25 15:08:00+00:00,PTC,187.10000610351562,187.10000610351562,187.10000610351562,187.10000610351562,187.10000610351562,830.0
2024-10-25 15:08:00+00:00,QCOM,170.8249969482422,170.8249969482422,170.92999267578125,170.82000732421875,170.91000366210938,8401.0
2024-10-25 15:08:00+00:00,QRVO,99.80999755859375,99.80999755859375,99.80999755859375,99.80999755859375,99.80999755859375,539.0
2024-10-25 15:08:00+00:00,QUBT,1.0705000162124634,1.0705000162124634,1.0800000429153442,1.0705000162124634,1.0779999494552612,6140.0
2024-10-25 15:08:00+00:00,RCAT,2.75,2.75,2.75,2.75,2.75,1564.0
2024-10-25 15:08:00+00:00,RDWR,22.315000534057617,22.315000534057617,22.315000534057617,22.315000534057617,22.315000534057617,204.0
2024-10-25 15:08:00+00:00,RELY,14.880000114440918,14.880000114440918,14.880000114440918,14.829999923706055,14.829999923706055,7140.0
2024-10-25 15:08:00+00:00,RGTI,1.2100000381469727,1.2100000381469727,1.2300000190734863,1.2100000381469727,1.225000023841858,16072.0
2024-10-25 15:08:00+00:00,RIOT,9.755999565124512,9.755999565124512,9.76990032196045,9.75,9.76990032196045,26698.0
2024-10-25 15:08:00+00:00,RMBS,43.47999954223633,43.47999954223633,43.47999954223633,43.459999084472656,43.459999084472656,666.0
2024-10-25 15:08:00+00:00,RPAY,7.724999904632568,7.724999904632568,7.724999904632568,7.724999904632568,7.724999904632568,523.0
2024-10-25 15:08:00+00:00,RPD,39.130001068115234,39.130001068115234,39.13999938964844,39.130001068115234,39.13999938964844,1834.0
2024-10-25 15:08:00+00:00,RUM,5.755000114440918,5.755000114440918,5.755000114440918,5.755000114440918,5.755000114440918,410.0
2024-10-25 15:08:00+00:00,RUN,14.4350004196167,14.4350004196167,14.4350004196167,14.414999961853027,14.414999961853027,16073.0
2024-10-25 15:08:00+00:00,RXT,2.4749999046325684,2.4749999046325684,2.4749999046325684,2.4749999046325684,2.4749999046325684,725.0
2024-10-25 15:08:00+00:00,SANM,67.69000244140625,67.69000244140625,67.69000244140625,67.69000244140625,67.69000244140625,262.0
2024-10-25 15:08:00+00:00,SATS,25.360000610351562,25.360000610351562,25.389999389648438,25.360000610351562,25.389999389648438,4762.0
2024-10-25 15:08:00+00:00,SCSC,44.7400016784668,44.7400016784668,44.75,44.7400016784668,44.75,401.0
2024-10-25 15:08:00+00:00,SEDG,15.920000076293945,15.920000076293945,15.949999809265137,15.90999984741211,15.9350004196167,5876.0
2024-10-25 15:08:00+00:00,SHLS,5.244999885559082,5.244999885559082,5.25,5.235000133514404,5.239999771118164,16755.0
2024-10-25 15:08:00+00:00,SKYT,10.579999923706055,10.579999923706055,10.600000381469727,10.574999809265137,10.583700180053711,5911.0
2024-10-25 15:08:00+00:00,SMCI,47.61000061035156,47.61000061035156,47.689998626708984,47.599998474121094,47.68000030517578,29700.0
2024-10-25 15:08:00+00:00,SNCR,10.60949993133545,10.60949993133545,10.60949993133545,10.60949993133545,10.60949993133545,151.0
2024-10-25 15:08:00+00:00,SNPS,502.5450134277344,502.5450134277344,502.5450134277344,502.5450134277344,502.5450134277344,1273.0
2024-10-25 15:08:00+00:00,SONO,12.710000038146973,12.710000038146973,12.720000267028809,12.699999809265137,12.699999809265137,11071.0
2024-10-25 15:08:00+00:00,SOUN,5.180099964141846,5.180099964141846,5.1880998611450195,5.180099964141846,5.184899806976318,6767.0
2024-10-25 15:08:00+00:00,SPSC,170.77000427246094,170.77000427246094,170.77000427246094,170.77000427246094,170.77000427246094,1217.0
2024-10-25 15:08:00+00:00,SPT,26.93000030517578,26.93000030517578,26.93000030517578,26.93000030517578,26.93000030517578,1350.0
2024-10-25 15:08:00+00:00,SRAD,12.329999923706055,12.329999923706055,12.34000015258789,12.329999923706055,12.34000015258789,1137.0
2024-10-25 15:08:00+00:00,SSNC,69.8949966430664,69.8949966430664,69.91500091552734,69.88999938964844,69.91000366210938,16052.0
2024-10-25 15:08:00+00:00,STER,16.735000610351562,16.735000610351562,16.735000610351562,16.735000610351562,16.735000610351562,222.0
2024-10-25 15:08:00+00:00,STNE,11.550000190734863,11.550000190734863,11.5649995803833,11.550000190734863,11.5649995803833,3063.0
2024-10-25 15:08:00+00:00,STX,103.55999755859375,103.55999755859375,103.62999725341797,103.55999755859375,103.62999725341797,2487.0
2024-10-25 15:08:00+00:00,SVRE,0.07850000262260437,0.07850000262260437,0.07850000262260437,0.07850000262260437,0.07850000262260437,10812.0
2024-10-25 15:08:00+00:00,SWKS,95.8499984741211,95.8499984741211,95.9000015258789,95.8499984741211,95.9000015258789,1142.0
2024-10-25 15:08:00+00:00,SYNA,72.36000061035156,72.36000061035156,72.41999816894531,72.36000061035156,72.41999816894531,740.0
2024-10-25 15:08:00+00:00,TASK,11.970000267028809,11.970000267028809,11.970000267028809,11.970000267028809,11.970000267028809,856.0
2024-10-25 15:08:00+00:00,TEAM,189.44000244140625,189.44000244140625,189.61000061035156,189.44000244140625,189.61000061035156,2431.0
2024-10-25 15:08:00+00:00,TER,112.26499938964844,112.26499938964844,112.30999755859375,112.25499725341797,112.30999755859375,4281.0
2024-10-25 15:08:00+00:00,TLS,3.565000057220459,3.565000057220459,3.565000057220459,3.565000057220459,3.565000057220459,645.0
2024-10-25 15:08:00+00:00,TRMB,60.97999954223633,60.97999954223633,61.0,60.97999954223633,61.0,2452.0
2024-10-25 15:08:00+00:00,TSEM,44.720001220703125,44.720001220703125,44.72999954223633,44.720001220703125,44.72999954223633,524.0
2024-10-25 15:08:00+00:00,TTD,119.04499816894531,119.04499816894531,119.08989715576172,119.0199966430664,119.0199966430664,2528.0
2024-10-25 15:08:00+00:00,TTEC,5.355000019073486,5.355000019073486,5.355000019073486,5.355000019073486,5.355000019073486,312.0
2024-10-25 15:08:00+00:00,TWKS,4.445000171661377,4.445000171661377,4.445000171661377,4.445000171661377,4.445000171661377,479.0
2024-10-25 15:08:00+00:00,TXN,207.52499389648438,207.52499389648438,207.6199951171875,207.52000427246094,207.5500030517578,5449.0
2024-10-25 15:08:00+00:00,UCTT,35.790000915527344,35.790000915527344,35.814998626708984,35.790000915527344,35.814998626708984,761.0
2024-10-25 15:08:00+00:00,VECO,29.33049964904785,29.33049964904785,29.350000381469727,29.33049964904785,29.350000381469727,845.0
2024-10-25 15:08:00+00:00,VIAV,9.199999809265137,9.199999809265137,9.199999809265137,9.194999694824219,9.194999694824219,974.0
2024-10-25 15:08:00+00:00,VICR,46.630001068115234,46.630001068115234,46.63999938964844,46.630001068115234,46.63999938964844,757.0
2024-10-25 15:08:00+00:00,VMEO,4.755000114440918,4.755000114440918,4.755000114440918,4.755000114440918,4.755000114440918,1193.0
2024-10-25 15:08:00+00:00,VNET,3.3949999809265137,3.3949999809265137,3.3949999809265137,3.3949999809265137,3.3949999809265137,704.0
2024-10-25 15:08:00+00:00,VOXX,7.510000228881836,7.510000228881836,7.510000228881836,7.510000228881836,7.510000228881836,2083.0
2024-10-25 15:08:00+00:00,VRNS,56.91999816894531,56.91999816894531,56.91999816894531,56.86000061035156,56.90999984741211,3751.0
2024-10-25 15:08:00+00:00,VRNT,21.90999984741211,21.90999984741211,21.920000076293945,21.90999984741211,21.920000076293945,2253.0
2024-10-25 15:08:00+00:00,VRSN,182.4199981689453,182.4199981689453,182.57000732421875,182.4199981689453,182.57000732421875,1415.0
2024-10-25 15:08:00+00:00,VS,2.4709999561309814,2.4709999561309814,2.4709999561309814,2.4709999561309814,2.4709999561309814,4200.0
2024-10-25 15:08:00+00:00,VSAT,10.199999809265137,10.199999809265137,10.199999809265137,10.199999809265137,10.199999809265137,1021.0
2024-10-25 15:08:00+00:00,VUZI,1.2949999570846558,1.2949999570846558,1.2949999570846558,1.2949999570846558,1.2949999570846558,472.0
2024-10-25 15:08:00+00:00,WDAY,238.5399932861328,238.5399932861328,238.5399932861328,238.5399932861328,238.5399932861328,1686.0
2024-10-25 15:08:00+00:00,WDC,70.08000183105469,70.08000183105469,70.12000274658203,70.06999969482422,70.08999633789062,24094.0
2024-10-25 15:08:00+00:00,WISA,2.0390000343322754,2.0390000343322754,2.0390000343322754,2.0390000343322754,2.0390000343322754,225.0
2024-10-25 15:08:00+00:00,WIX,165.30999755859375,165.30999755859375,165.30999755859375,165.0,165.125,3851.0
2024-10-25 15:08:00+00:00,WLDS,3.5994999408721924,3.5994999408721924,3.609999895095825,3.5994999408721924,3.609999895095825,1208.0
2024-10-25 15:08:00+00:00,XPER,9.385000228881836,9.385000228881836,9.385000228881836,9.385000228881836,9.385000228881836,786.0
2024-10-25 15:08:00+00:00,XRX,10.005000114440918,10.005000114440918,10.005000114440918,10.005000114440918,10.005000114440918,299.0
2024-10-25 15:08:00+00:00,ZBRA,361.5799865722656,361.5799865722656,361.6700134277344,361.510009765625,361.6700134277344,1172.0
2024-10-25 15:08:00+00:00,ZI,10.475000381469727,10.475000381469727,10.479999542236328,10.475000381469727,10.479999542236328,3379.0
2024-10-25 15:08:00+00:00,ZM,72.95999908447266,72.95999908447266,72.9800033569336,72.95999908447266,72.9800033569336,4146.0
2024-10-25 15:08:00+00:00,ZS,185.13999938964844,185.13999938964844,185.13999938964844,185.13999938964844,185.13999938964844,528.0
2024-10-25 15:09:00+00:00,AAOI,17.600000381469727,17.600000381469727,17.600000381469727,17.600000381469727,17.600000381469727,1224.0
2024-10-25 15:09:00+00:00,AAPL,231.9149932861328,231.9149932861328,231.92849731445312,231.80999755859375,231.9199981689453,31851.0
2024-10-25 15:09:00+00:00,ACIW,48.939998626708984,48.939998626708984,48.939998626708984,48.904998779296875,48.904998779296875,1440.0
2024-10-25 15:09:00+00:00,ACMR,19.6200008392334,19.6200008392334,19.6200008392334,19.6200008392334,19.6200008392334,517.0
2024-10-25 15:09:00+00:00,ADBE,483.239990234375,483.239990234375,483.260009765625,483.0,483.0899963378906,4899.0
2024-10-25 15:09:00+00:00,ADI,231.07000732421875,231.07000732421875,231.07000732421875,231.07000732421875,231.07000732421875,919.0
2024-10-25 15:09:00+00:00,ADSK,286.70001220703125,286.70001220703125,286.8197937011719,286.70001220703125,286.8197937011719,483.0
2024-10-25 15:09:00+00:00,AEHR,16.90959930419922,16.90959930419922,16.90999984741211,16.899999618530273,16.899999618530273,3608.0
2024-10-25 15:09:00+00:00,AEYE,22.600000381469727,22.600000381469727,22.600000381469727,22.600000381469727,22.600000381469727,951.0
2024-10-25 15:09:00+00:00,AFRM,41.380001068115234,41.380001068115234,41.41999816894531,41.380001068115234,41.38999938964844,6319.0
2024-10-25 15:09:00+00:00,AKAM,102.0999984741211,102.0999984741211,102.11000061035156,102.06999969482422,102.11000061035156,784.0
2024-10-25 15:09:00+00:00,ALGM,23.19499969482422,23.19499969482422,23.209999084472656,23.149999618530273,23.149999618530273,10392.0
2024-10-25 15:09:00+00:00,ALRM,54.47999954223633,54.47999954223633,54.47999954223633,54.459999084472656,54.47999954223633,1302.0
2024-10-25 15:09:00+00:00,AMAT,187.22500610351562,187.22500610351562,187.24000549316406,187.19000244140625,187.19000244140625,1931.0
2024-10-25 15:09:00+00:00,AMD,156.4600067138672,156.4600067138672,156.4799041748047,156.33999633789062,156.42999267578125,24599.0
2024-10-25 15:09:00+00:00,AMKR,29.96500015258789,29.96500015258789,29.96500015258789,29.96500015258789,29.96500015258789,668.0
2024-10-25 15:09:00+00:00,AMPL,9.109999656677246,9.109999656677246,9.109999656677246,9.079999923706055,9.079999923706055,3511.0
2024-10-25 15:09:00+00:00,ANSS,323.6000061035156,323.6000061035156,323.6000061035156,323.5150146484375,323.6000061035156,804.0
2024-10-25 15:09:00+00:00,API,2.884999990463257,2.884999990463257,2.884999990463257,2.884999990463257,2.884999990463257,200.0
2024-10-25 15:09:00+00:00,APP,161.51499938964844,161.51499938964844,161.51499938964844,161.51499938964844,161.51499938964844,219.0
2024-10-25 15:09:00+00:00,APPN,32.119998931884766,32.119998931884766,32.130001068115234,32.119998931884766,32.130001068115234,932.0
2024-10-25 15:09:00+00:00,APPS,3.069999933242798,3.069999933242798,3.075000047683716,3.069999933242798,3.0739998817443848,6190.0
2024-10-25 15:09:00+00:00,ARQQ,7.050099849700928,7.050099849700928,7.050099849700928,7.050099849700928,7.050099849700928,300.0
2024-10-25 15:09:00+00:00,ARRY,6.394000053405762,6.394000053405762,6.400100231170654,6.389999866485596,6.400000095367432,15410.0
2024-10-25 15:09:00+00:00,ASML,714.5499877929688,714.5499877929688,714.6799926757812,714.5499877929688,714.6599731445312,2864.0
2024-10-25 15:09:00+00:00,ASNS,1.3049999475479126,1.3049999475479126,1.3049999475479126,1.2999999523162842,1.2999999523162842,12495.0
2024-10-25 15:09:00+00:00,ASUR,9.600000381469727,9.600000381469727,9.609999656677246,9.600000381469727,9.609999656677246,370.0
2024-10-25 15:09:00+00:00,AUR,6.375,6.375,6.375,6.369999885559082,6.375,4708.0
2024-10-25 15:09:00+00:00,AVDX,8.119999885559082,8.119999885559082,8.119999885559082,8.119999885559082,8.119999885559082,5249.0
2024-10-25 15:09:00+00:00,AVGO,174.2310028076172,174.2310028076172,174.36000061035156,174.19500732421875,174.35499572753906,26651.0
2024-10-25 15:09:00+00:00,AXTI,2.674999952316284,2.674999952316284,2.674999952316284,2.674999952316284,2.674999952316284,85.0
2024-10-25 15:09:00+00:00,AZPN,239.0800018310547,239.0800018310547,239.0800018310547,238.6699981689453,238.6699981689453,603.0
2024-10-25 15:09:00+00:00,BAND,17.7450008392334,17.7450008392334,17.7450008392334,17.7450008392334,17.7450008392334,598.0
2024-10-25 15:09:00+00:00,BASE,16.229999542236328,16.229999542236328,16.239999771118164,16.209999084472656,16.239999771118164,2312.0
2024-10-25 15:09:00+00:00,BELFB,78.93499755859375,78.93499755859375,78.93499755859375,78.93499755859375,78.93499755859375,218.0
2024-10-25 15:09:00+00:00,BIGC,5.295000076293945,5.295000076293945,5.295000076293945,5.295000076293945,5.295000076293945,703.0
2024-10-25 15:09:00+00:00,BL,56.349998474121094,56.349998474121094,56.349998474121094,56.34000015258789,56.34000015258789,477.0
2024-10-25 15:09:00+00:00,BLZE,7.164999961853027,7.164999961853027,7.175000190734863,7.164999961853027,7.175000190734863,653.0
2024-10-25 15:09:00+00:00,BMBL,7.090000152587891,7.090000152587891,7.090000152587891,7.074999809265137,7.079899787902832,3435.0
2024-10-25 15:09:00+00:00,BSY,49.09000015258789,49.09000015258789,49.09000015258789,49.09000015258789,49.09000015258789,210.0
2024-10-25 15:09:00+00:00,CAN,0.9721999764442444,0.9721999764442444,0.9732000231742859,0.9721999764442444,0.9732000231742859,16055.0
2024-10-25 15:09:00+00:00,CDNS,257.80999755859375,257.80999755859375,257.8399963378906,257.80999755859375,257.8399963378906,1500.0
2024-10-25 15:09:00+00:00,CDW,218.00999450683594,218.00999450683594,218.02000427246094,218.00999450683594,218.00999450683594,1342.0
2024-10-25 15:09:00+00:00,CFLT,22.462799072265625,22.462799072265625,22.469999313354492,22.459999084472656,22.469999313354492,4425.0
2024-10-25 15:09:00+00:00,CGNX,38.93000030517578,38.93000030517578,38.93000030517578,38.90250015258789,38.91999816894531,4696.0
2024-10-25 15:09:00+00:00,CHKP,205.8249969482422,205.8249969482422,205.8249969482422,205.72999572753906,205.72999572753906,3885.0
2024-10-25 15:09:00+00:00,CLBT,18.225000381469727,18.225000381469727,18.225000381469727,18.219999313354492,18.219999313354492,982.0
2024-10-25 15:09:00+00:00,CLFD,36.470001220703125,36.470001220703125,36.522499084472656,36.470001220703125,36.47999954223633,990.0
2024-10-25 15:09:00+00:00,CLSK,11.65999984741211,11.65999984741211,11.664999961853027,11.649999618530273,11.654999732971191,42845.0
2024-10-25 15:09:00+00:00,CMTL,3.8299999237060547,3.8299999237060547,3.8299999237060547,3.8299999237060547,3.8299999237060547,317.0
2024-10-25 15:09:00+00:00,CNDT,3.5799999237060547,3.5799999237060547,3.5810999870300293,3.5799999237060547,3.5810999870300293,4955.0
2024-10-25 15:09:00+00:00,CNXC,44.5099983215332,44.5099983215332,44.5099983215332,44.5099983215332,44.5099983215332,515.0
2024-10-25 15:09:00+00:00,COHR,95.63500213623047,95.63500213623047,95.65499877929688,95.61000061035156,95.63999938964844,2429.0
2024-10-25 15:09:00+00:00,COIN,206.85000610351562,206.85000610351562,206.85000610351562,206.55999755859375,206.7550048828125,7589.0
2024-10-25 15:09:00+00:00,COMM,6.236000061035156,6.236000061035156,6.236000061035156,6.230999946594238,6.235000133514404,5057.0
2024-10-25 15:09:00+00:00,CORZ,13.305000305175781,13.305000305175781,13.3100004196167,13.295000076293945,13.3100004196167,16664.0
2024-10-25 15:09:00+00:00,CRCT,6.570000171661377,6.570000171661377,6.570000171661377,6.570000171661377,6.570000171661377,561.0
2024-10-25 15:09:00+00:00,CRDO,39.06999969482422,39.06999969482422,39.06999969482422,39.06999969482422,39.06999969482422,1084.0
2024-10-25 15:09:00+00:00,CRSR,6.34499979019165,6.34499979019165,6.34499979019165,6.34499979019165,6.34499979019165,316.0
2024-10-25 15:09:00+00:00,CRUS,122.41999816894531,122.41999816894531,122.41999816894531,122.36000061035156,122.36000061035156,814.0
2024-10-25 15:09:00+00:00,CRWD,298.5,298.5,298.5,298.2799987792969,298.4150085449219,15344.0
2024-10-25 15:09:00+00:00,CSCO,55.775001525878906,55.775001525878906,55.779998779296875,55.760101318359375,55.775001525878906,9303.0
2024-10-25 15:09:00+00:00,CSIQ,13.460000038146973,13.460000038146973,13.460000038146973,13.449999809265137,13.460000038146973,2339.0
2024-10-25 15:09:00+00:00,CTSH,74.75,74.75,74.76000213623047,74.73500061035156,74.75,4294.0
2024-10-25 15:09:00+00:00,CVLT,134.13009643554688,134.13009643554688,134.13009643554688,134.13009643554688,134.13009643554688,1356.0
2024-10-25 15:09:00+00:00,CYBR,290.3299865722656,290.3299865722656,290.3299865722656,290.3299865722656,290.3299865722656,293.0
2024-10-25 15:09:00+00:00,DAKT,13.0600004196167,13.0600004196167,13.0600004196167,13.0600004196167,13.0600004196167,404.0
2024-10-25 15:09:00+00:00,DATS,1.6410000324249268,1.6410000324249268,1.6410000324249268,1.6410000324249268,1.6410000324249268,1540.0
2024-10-25 15:09:00+00:00,DAVE,38.51499938964844,38.51499938964844,38.51499938964844,38.51499938964844,38.51499938964844,359.0
2024-10-25 15:09:00+00:00,DBX,26.084999084472656,26.084999084472656,26.094999313354492,26.084999084472656,26.094999313354492,7403.0
2024-10-25 15:09:00+00:00,DDOG,126.41999816894531,126.41999816894531,126.44999694824219,126.37999725341797,126.44999694824219,1996.0
2024-10-25 15:09:00+00:00,DGII,30.08449935913086,30.08449935913086,30.08449935913086,30.08449935913086,30.08449935913086,424.0
2024-10-25 15:09:00+00:00,DIOD,65.05000305175781,65.05000305175781,65.05000305175781,65.05000305175781,65.05000305175781,642.0
2024-10-25 15:09:00+00:00,DMRC,31.6200008392334,31.6200008392334,31.6200008392334,31.6200008392334,31.6200008392334,122.0
2024-10-25 15:09:00+00:00,DOCU,68.9800033569336,68.9800033569336,69.01000213623047,68.9800033569336,69.01000213623047,3053.0
2024-10-25 15:09:00+00:00,DOMO,8.0600004196167,8.0600004196167,8.0600004196167,8.0600004196167,8.0600004196167,715.0
2024-10-25 15:09:00+00:00,DOX,89.11499786376953,89.11499786376953,89.13999938964844,89.11499786376953,89.13999938964844,1633.0
2024-10-25 15:09:00+00:00,DSGX,104.11000061035156,104.11000061035156,104.11000061035156,104.11000061035156,104.11000061035156,448.0
2024-10-25 15:09:00+00:00,EEFT,100.33000183105469,100.33000183105469,100.33000183105469,100.33000183105469,100.33000183105469,311.0
2024-10-25 15:09:00+00:00,EMKR,2.130000114440918,2.130000114440918,2.130000114440918,2.130000114440918,2.130000114440918,101.0
2024-10-25 15:09:00+00:00,ENPH,83.8499984741211,83.8499984741211,83.87999725341797,83.80999755859375,83.87999725341797,3489.0
2024-10-25 15:09:00+00:00,ENTG,105.07499694824219,105.07499694824219,105.07499694824219,105.06500244140625,105.06500244140625,2579.0
2024-10-25 15:09:00+00:00,ERIC,8.46500015258789,8.46500015258789,8.470000267028809,8.46500015258789,8.46500015258789,33284.0
2024-10-25 15:09:00+00:00,EVCM,10.430000305175781,10.430000305175781,10.430000305175781,10.430000305175781,10.430000305175781,528.0
2024-10-25 15:09:00+00:00,EXLS,38.72999954223633,38.72999954223633,38.72999954223633,38.72999954223633,38.72999954223633,338.0
2024-10-25 15:09:00+00:00,EXTR,14.364999771118164,14.364999771118164,14.364999771118164,14.364999771118164,14.364999771118164,690.0
2024-10-25 15:09:00+00:00,FFIV,216.7899932861328,216.7899932861328,216.7899932861328,216.7899932861328,216.7899932861328,252.0
2024-10-25 15:09:00+00:00,FIVN,29.889999389648438,29.889999389648438,29.889999389648438,29.889999389648438,29.889999389648438,818.0
2024-10-25 15:09:00+00:00,FLEX,35.189998626708984,35.189998626708984,35.20500183105469,35.18000030517578,35.20500183105469,4286.0
2024-10-25 15:09:00+00:00,FLYW,17.31999969482422,17.31999969482422,17.34000015258789,17.31999969482422,17.329999923706055,1578.0
2024-10-25 15:09:00+00:00,FROG,29.405000686645508,29.405000686645508,29.405000686645508,29.405000686645508,29.405000686645508,232.0
2024-10-25 15:09:00+00:00,FRSH,11.614999771118164,11.614999771118164,11.619999885559082,11.614999771118164,11.619999885559082,3989.0
2024-10-25 15:09:00+00:00,FSLR,198.36500549316406,198.36500549316406,198.52000427246094,198.27999877929688,198.47999572753906,5279.0
2024-10-25 15:09:00+00:00,FTCI,0.652999997138977,0.652999997138977,0.652999997138977,0.652999997138977,0.652999997138977,200.0
2024-10-25 15:09:00+00:00,FTNT,80.43620300292969,80.43620300292969,80.45999908447266,80.42500305175781,80.44000244140625,8899.0
2024-10-25 15:09:00+00:00,GCT,24.450000762939453,24.450000762939453,24.459999084472656,24.44849967956543,24.459999084472656,987.0
2024-10-25 15:09:00+00:00,GDS,21.375,21.375,21.375,21.3700008392334,21.3700008392334,1174.0
2024-10-25 15:09:00+00:00,GFS,40.5099983215332,40.5099983215332,40.52000045776367,40.5,40.5099983215332,3552.0
2024-10-25 15:09:00+00:00,GPRO,1.3109999895095825,1.3109999895095825,1.3109999895095825,1.3109999895095825,1.3109999895095825,462.0
2024-10-25 15:09:00+00:00,GRAB,4.079999923706055,4.079999923706055,4.089900016784668,4.079999923706055,4.085000038146973,113474.0
2024-10-25 15:09:00+00:00,GTLB,55.01499938964844,55.01499938964844,55.029998779296875,55.0,55.0099983215332,4652.0
2024-10-25 15:09:00+00:00,HCKT,24.639999389648438,24.639999389648438,24.639999389648438,24.639999389648438,24.639999389648438,442.0
2024-10-25 15:09:00+00:00,HCP,33.64500045776367,33.64500045776367,33.64500045776367,33.64500045776367,33.64500045776367,1044.0
2024-10-25 15:09:00+00:00,HIMX,6.175000190734863,6.175000190734863,6.179999828338623,6.175000190734863,6.179999828338623,1364.0
2024-10-25 15:09:00+00:00,HLIT,14.774999618530273,14.774999618530273,14.774999618530273,14.774999618530273,14.774999618530273,152.0
2024-10-25 15:09:00+00:00,HOLO,3.6222000122070312,3.6222000122070312,3.630000114440918,3.609999895095825,3.6168999671936035,7505.0
2024-10-25 15:09:00+00:00,HOOD,27.100000381469727,27.100000381469727,27.104999542236328,27.09000015258789,27.104999542236328,23050.0
2024-10-25 15:09:00+00:00,ICHR,27.530000686645508,27.530000686645508,27.540000915527344,27.530000686645508,27.540000915527344,790.0
2024-10-25 15:09:00+00:00,IDAI,0.22190000116825104,0.22190000116825104,0.22190000116825104,0.22190000116825104,0.22190000116825104,284.0
2024-10-25 15:09:00+00:00,IIIV,22.889999389648438,22.889999389648438,22.889999389648438,22.889999389648438,22.889999389648438,587.0
2024-10-25 15:09:00+00:00,IMMR,8.673800468444824,8.673800468444824,8.673800468444824,8.673800468444824,8.673800468444824,721.0
2024-10-25 15:09:00+00:00,INDI,3.4649999141693115,3.4649999141693115,3.4700000286102295,3.4649999141693115,3.4700000286102295,7189.0
2024-10-25 15:09:00+00:00,INFN,6.769999980926514,6.769999980926514,6.769999980926514,6.769999980926514,6.769999980926514,619.0
2024-10-25 15:09:00+00:00,INOD,20.26849937438965,20.26849937438965,20.26849937438965,20.26849937438965,20.26849937438965,2171.0
2024-10-25 15:09:00+00:00,INSG,20.079999923706055,20.079999923706055,20.079999923706055,20.079999923706055,20.079999923706055,258.0
2024-10-25 15:09:00+00:00,INTA,49.95000076293945,49.95000076293945,49.970001220703125,49.95000076293945,49.970001220703125,271.0
2024-10-25 15:09:00+00:00,INTC,22.844999313354492,22.844999313354492,22.860000610351562,22.84000015258789,22.854999542236328,60940.0
2024-10-25 15:09:00+00:00,INTU,608.4749755859375,608.4749755859375,608.4749755859375,608.3499755859375,608.3499755859375,731.0
2024-10-25 15:09:00+00:00,INVE,3.634999990463257,3.634999990463257,3.634999990463257,3.5999999046325684,3.5999999046325684,1187.0
2024-10-25 15:09:00+00:00,IPGP,77.16999816894531,77.16999816894531,77.16999816894531,77.16999816894531,77.16999816894531,493.0
2024-10-25 15:09:00+00:00,JAMF,16.81999969482422,16.81999969482422,16.81999969482422,16.81999969482422,16.81999969482422,1732.0
2024-10-25 15:09:00+00:00,JKHY,183.1199951171875,183.1199951171875,183.1199951171875,183.1199951171875,183.1199951171875,371.0
2024-10-25 15:09:00+00:00,KC,2.684999942779541,2.684999942779541,2.684999942779541,2.680000066757202,2.680000066757202,201.0
2024-10-25 15:09:00+00:00,KLAC,675.3275146484375,675.3275146484375,675.3275146484375,675.0999755859375,675.0999755859375,575.0
2024-10-25 15:09:00+00:00,KOPN,0.7809000015258789,0.7809000015258789,0.7809000015258789,0.7809000015258789,0.7809000015258789,2028.0
2024-10-25 15:09:00+00:00,LINK,4.730100154876709,4.730100154876709,4.730100154876709,4.730100154876709,4.730100154876709,724.0
2024-10-25 15:09:00+00:00,LITE,64.58000183105469,64.58000183105469,64.58000183105469,64.58000183105469,64.58000183105469,483.0
2024-10-25 15:09:00+00:00,LOGI,80.72000122070312,80.72000122070312,80.72000122070312,80.70999908447266,80.70999908447266,320.0
2024-10-25 15:09:00+00:00,LPSN,1.1649999618530273,1.1649999618530273,1.1699999570846558,1.1649999618530273,1.1699999570846558,3287.0
2024-10-25 15:09:00+00:00,LRCX,78.51499938964844,78.51499938964844,78.5250015258789,78.47000122070312,78.5186996459961,26577.0
2024-10-25 15:09:00+00:00,LSCC,53.97999954223633,53.97999954223633,54.02000045776367,53.97999954223633,54.02000045776367,2411.0
2024-10-25 15:09:00+00:00,LTRX,4.090000152587891,4.090000152587891,4.090000152587891,4.090000152587891,4.090000152587891,442.0
2024-10-25 15:09:00+00:00,LYFT,13.609999656677246,13.609999656677246,13.640000343322754,13.470000267028809,13.489999771118164,411315.0
2024-10-25 15:09:00+00:00,LYT,1.9299999475479126,1.9299999475479126,1.9299999475479126,1.9199999570846558,1.9199999570846558,1101.0
2024-10-25 15:09:00+00:00,LYTS,16.200000762939453,16.200000762939453,16.211999893188477,16.200000762939453,16.211999893188477,687.0
2024-10-25 15:09:00+00:00,MCHP,76.7300033569336,76.7300033569336,76.7300033569336,76.69000244140625,76.72000122070312,6619.0
2024-10-25 15:09:00+00:00,MDB,267.25,267.25,267.25,267.25,267.25,648.0
2024-10-25 15:09:00+00:00,MKSI,101.19999694824219,101.19999694824219,101.19999694824219,101.12000274658203,101.12999725341797,2004.0
2024-10-25 15:09:00+00:00,MPWR,907.97998046875,907.97998046875,908.9500122070312,907.4000244140625,908.2750244140625,1830.0
2024-10-25 15:09:00+00:00,MQ,5.304999828338623,5.304999828338623,5.309999942779541,5.304999828338623,5.304999828338623,3313.0
2024-10-25 15:09:00+00:00,MRVL,82.12999725341797,82.12999725341797,82.1500015258789,82.0999984741211,82.13999938964844,8773.0
2024-10-25 15:09:00+00:00,MSFT,428.614990234375,428.614990234375,428.6199951171875,428.43890380859375,428.5497131347656,7573.0
2024-10-25 15:09:00+00:00,MSTR,234.6278076171875,234.6278076171875,234.77000427246094,234.0800018310547,234.17999267578125,33422.0
2024-10-25 15:09:00+00:00,MTTR,4.585000038146973,4.585000038146973,4.585000038146973,4.585000038146973,4.585000038146973,677.0
2024-10-25 15:09:00+00:00,MU,108.37999725341797,108.37999725341797,108.41000366210938,108.33000183105469,108.38610076904297,11997.0
2024-10-25 15:09:00+00:00,MVIS,1.0800000429153442,1.0800000429153442,1.0800000429153442,1.0800000429153442,1.0800000429153442,507.0
2024-10-25 15:09:00+00:00,MXL,14.779999732971191,14.779999732971191,14.800000190734863,14.779999732971191,14.800000190734863,1998.0
2024-10-25 15:09:00+00:00,NCNO,37.8140983581543,37.8140983581543,37.8140983581543,37.810001373291016,37.810001373291016,1327.0
2024-10-25 15:09:00+00:00,NICE,175.11500549316406,175.11500549316406,175.2100067138672,175.11500549316406,175.2100067138672,1804.0
2024-10-25 15:09:00+00:00,NOVT,173.24000549316406,173.24000549316406,173.24000549316406,173.24000549316406,173.24000549316406,246.0
2024-10-25 15:09:00+00:00,NSIT,208.2899932861328,208.2899932861328,208.3000030517578,208.13999938964844,208.3000030517578,3041.0
2024-10-25 15:09:00+00:00,NTAP,119.77999877929688,119.77999877929688,119.81500244140625,119.75,119.81500244140625,3791.0
2024-10-25 15:09:00+00:00,NTCT,20.614999771118164,20.614999771118164,20.614999771118164,20.59000015258789,20.59000015258789,2506.0
2024-10-25 15:09:00+00:00,NTNX,61.970001220703125,61.970001220703125,61.970001220703125,61.970001220703125,61.970001220703125,271.0
2024-10-25 15:09:00+00:00,NVDA,141.97000122070312,141.97000122070312,141.99009704589844,141.89500427246094,141.97500610351562,218810.0
2024-10-25 15:09:00+00:00,NVTS,2.5399999618530273,2.5399999618530273,2.5399999618530273,2.5350000858306885,2.5350000858306885,479.0
2024-10-25 15:09:00+00:00,NXPI,243.6300048828125,243.6300048828125,243.66000366210938,243.60000610351562,243.66000366210938,4810.0
2024-10-25 15:09:00+00:00,OKTA,72.30000305175781,72.30000305175781,72.30000305175781,72.30000305175781,72.30000305175781,2346.0
2024-10-25 15:09:00+00:00,OLED,202.88999938964844,202.88999938964844,202.88999938964844,202.88999938964844,202.88999938964844,1795.0
2024-10-25 15:09:00+00:00,ON,71.26000213623047,71.26000213623047,71.29499816894531,71.2300033569336,71.27999877929688,8908.0
2024-10-25 15:09:00+00:00,ONDS,0.848800003528595,0.848800003528595,0.848800003528595,0.848800003528595,0.848800003528595,1008.0
2024-10-25 15:09:00+00:00,OSIS,136.0800018310547,136.0800018310547,136.0800018310547,136.0800018310547,136.0800018310547,466.0
2024-10-25 15:09:00+00:00,OSPN,14.579000473022461,14.579000473022461,14.579000473022461,14.579000473022461,14.579000473022461,265.0
2024-10-25 15:09:00+00:00,PANW,366.75,366.75,366.75,366.489990234375,366.6199951171875,2619.0
2024-10-25 15:09:00+00:00,PAYO,8.345000267028809,8.345000267028809,8.350000381469727,8.324999809265137,8.324999809265137,43468.0
2024-10-25 15:09:00+00:00,PAYS,3.7100000381469727,3.7100000381469727,3.7100000381469727,3.7100000381469727,3.7100000381469727,348.0
2024-10-25 15:09:00+00:00,PEGA,79.0479965209961,79.0479965209961,79.12999725341797,79.0199966430664,79.12999725341797,3266.0
2024-10-25 15:09:00+00:00,PEGY,4.809999942779541,4.809999942779541,4.809999942779541,4.809999942779541,4.809999942779541,1068.0
2024-10-25 15:09:00+00:00,PGY,11.90999984741211,11.90999984741211,11.90999984741211,11.899999618530273,11.909199714660645,1477.0
2024-10-25 15:09:00+00:00,PHUN,10.39009952545166,10.39009952545166,10.407500267028809,10.362299919128418,10.362299919128418,14360.0
2024-10-25 15:09:00+00:00,PI,202.625,202.625,202.625,202.625,202.625,2361.0
2024-10-25 15:09:00+00:00,PLUS,97.86000061035156,97.86000061035156,97.88999938964844,97.76000213623047,97.88999938964844,1257.0
2024-10-25 15:09:00+00:00,PTC,187.0850067138672,187.0850067138672,187.0850067138672,187.0850067138672,187.0850067138672,170.0
2024-10-25 15:09:00+00:00,PUBM,14.739999771118164,14.739999771118164,14.739999771118164,14.739999771118164,14.739999771118164,1045.0
2024-10-25 15:09:00+00:00,PYCR,14.335000038146973,14.335000038146973,14.335000038146973,14.335000038146973,14.335000038146973,3451.0
2024-10-25 15:09:00+00:00,QCOM,170.8699951171875,170.8699951171875,170.8699951171875,170.7899932861328,170.8300018310547,7209.0
2024-10-25 15:09:00+00:00,QLYS,120.66500091552734,120.66500091552734,120.66500091552734,120.66500091552734,120.66500091552734,678.0
2024-10-25 15:09:00+00:00,QRVO,99.79000091552734,99.79000091552734,99.80999755859375,99.7699966430664,99.80999755859375,3201.0
2024-10-25 15:09:00+00:00,QUBT,1.079800009727478,1.079800009727478,1.0800000429153442,1.079800009727478,1.0800000429153442,1693.0
2024-10-25 15:09:00+00:00,RCAT,2.7499001026153564,2.7499001026153564,2.7499001026153564,2.7499001026153564,2.7499001026153564,1975.0
2024-10-25 15:09:00+00:00,RDWR,22.315000534057617,22.315000534057617,22.315000534057617,22.315000534057617,22.315000534057617,324.0
2024-10-25 15:09:00+00:00,REKR,1.0850000381469727,1.0850000381469727,1.0850000381469727,1.0850000381469727,1.0850000381469727,512.0
2024-10-25 15:09:00+00:00,RELY,14.880000114440918,14.880000114440918,14.885000228881836,14.880000114440918,14.880000114440918,4262.0
2024-10-25 15:09:00+00:00,RGTI,1.2200000286102295,1.2200000286102295,1.2200000286102295,1.2200000286102295,1.2200000286102295,0.0
2024-10-25 15:09:00+00:00,RIOT,9.744999885559082,9.744999885559082,9.760000228881836,9.744000434875488,9.755000114440918,67013.0
2024-10-25 15:09:00+00:00,RMBS,43.41999816894531,43.41999816894531,43.45000076293945,43.394500732421875,43.45000076293945,7431.0
2024-10-25 15:09:00+00:00,RMNI,1.7200000286102295,1.7200000286102295,1.7200000286102295,1.7200000286102295,1.7200000286102295,1339.0
2024-10-25 15:09:00+00:00,RPAY,7.715000152587891,7.715000152587891,7.730000019073486,7.710000038146973,7.730000019073486,9536.0
2024-10-25 15:09:00+00:00,RPD,39.08000183105469,39.08000183105469,39.08000183105469,39.08000183105469,39.08000183105469,1705.0
2024-10-25 15:09:00+00:00,RUM,5.755000114440918,5.755000114440918,5.755000114440918,5.755000114440918,5.755000114440918,245.0
2024-10-25 15:09:00+00:00,RUN,14.395000457763672,14.395000457763672,14.4350004196167,14.395000457763672,14.4350004196167,62375.0
2024-10-25 15:09:00+00:00,RXT,2.4700000286102295,2.4700000286102295,2.4749999046325684,2.4700000286102295,2.4749999046325684,745.0
2024-10-25 15:09:00+00:00,SANM,67.63999938964844,67.63999938964844,67.63999938964844,67.63999938964844,67.63999938964844,494.0
2024-10-25 15:09:00+00:00,SATS,25.354999542236328,25.354999542236328,25.360000610351562,25.34000015258789,25.360000610351562,1684.0
2024-10-25 15:09:00+00:00,SEDG,15.90999984741211,15.90999984741211,15.9350004196167,15.899999618530273,15.9350004196167,6304.0
2024-10-25 15:09:00+00:00,SHLS,5.239999771118164,5.239999771118164,5.244999885559082,5.239999771118164,5.239999771118164,3845.0
2024-10-25 15:09:00+00:00,SITM,178.6699981689453,178.6699981689453,178.77999877929688,178.6699981689453,178.77999877929688,389.0
2024-10-25 15:09:00+00:00,SKYT,10.5600004196167,10.5600004196167,10.5600004196167,10.550000190734863,10.5600004196167,763.0
2024-10-25 15:09:00+00:00,SLNHP,12.949999809265137,12.949999809265137,12.949999809265137,12.949999809265137,12.949999809265137,600.0
2024-10-25 15:09:00+00:00,SMCI,47.54999923706055,47.54999923706055,47.6150016784668,47.54999923706055,47.61000061035156,32436.0
2024-10-25 15:09:00+00:00,SMTC,45.619998931884766,45.619998931884766,45.65999984741211,45.619998931884766,45.65999984741211,713.0
2024-10-25 15:09:00+00:00,SNCR,10.614999771118164,10.614999771118164,10.614999771118164,10.614999771118164,10.614999771118164,262.0
2024-10-25 15:09:00+00:00,SNPS,502.57000732421875,502.57000732421875,502.57000732421875,502.57000732421875,502.57000732421875,272.0
2024-10-25 15:09:00+00:00,SONO,12.704999923706055,12.704999923706055,12.710000038146973,12.704999923706055,12.710000038146973,732.0
2024-10-25 15:09:00+00:00,SOUN,5.179999828338623,5.179999828338623,5.190000057220459,5.179999828338623,5.184999942779541,3417.0
2024-10-25 15:09:00+00:00,SPT,26.920000076293945,26.920000076293945,26.920000076293945,26.920000076293945,26.920000076293945,1164.0
2024-10-25 15:09:00+00:00,SSNC,69.9000015258789,69.9000015258789,69.9000015258789,69.88999938964844,69.9000015258789,6146.0
2024-10-25 15:09:00+00:00,SSYS,7.019999980926514,7.019999980926514,7.019999980926514,7.019999980926514,7.019999980926514,746.0
2024-10-25 15:09:00+00:00,STNE,11.5600004196167,11.5600004196167,11.5600004196167,11.545000076293945,11.550000190734863,9682.0
2024-10-25 15:09:00+00:00,STX,103.55000305175781,103.55000305175781,103.56500244140625,103.52999877929688,103.56500244140625,3311.0
2024-10-25 15:09:00+00:00,SURG,1.7400000095367432,1.7400000095367432,1.7400000095367432,1.7400000095367432,1.7400000095367432,1256.0
2024-10-25 15:09:00+00:00,SVRE,0.07810000330209732,0.07810000330209732,0.07810000330209732,0.07810000330209732,0.07810000330209732,27566.0
2024-10-25 15:09:00+00:00,SWKS,95.83999633789062,95.83999633789062,95.8499984741211,95.80000305175781,95.8499984741211,2621.0
2024-10-25 15:09:00+00:00,SYNA,72.34500122070312,72.34500122070312,72.3499984741211,72.28500366210938,72.3499984741211,452.0
2024-10-25 15:09:00+00:00,SYTA,1.2985999584197998,1.2985999584197998,1.2985999584197998,1.2985999584197998,1.2985999584197998,112.0
2024-10-25 15:09:00+00:00,TASK,11.979999542236328,11.979999542236328,12.0,11.979999542236328,11.979999542236328,1399.0
2024-10-25 15:09:00+00:00,TEAM,189.4600067138672,189.4600067138672,189.47000122070312,189.4199981689453,189.47000122070312,1121.0
2024-10-25 15:09:00+00:00,TENB,41.72999954223633,41.72999954223633,41.77000045776367,41.709999084472656,41.77000045776367,3489.0
2024-10-25 15:09:00+00:00,TER,112.27999877929688,112.27999877929688,112.27999877929688,112.23500061035156,112.26499938964844,5334.0
2024-10-25 15:09:00+00:00,TLS,3.559999942779541,3.559999942779541,3.559999942779541,3.559999942779541,3.559999942779541,418.0
2024-10-25 15:09:00+00:00,TRMB,60.974998474121094,60.974998474121094,60.974998474121094,60.974998474121094,60.974998474121094,730.0
2024-10-25 15:09:00+00:00,TSEM,44.709999084472656,44.709999084472656,44.720001220703125,44.70000076293945,44.720001220703125,1291.0
2024-10-25 15:09:00+00:00,TTD,119.08999633789062,119.08999633789062,119.08999633789062,119.0199966430664,119.05000305175781,3172.0
2024-10-25 15:09:00+00:00,TTEC,5.349999904632568,5.349999904632568,5.349999904632568,5.349999904632568,5.349999904632568,275.0
2024-10-25 15:09:00+00:00,TTMI,19.610000610351562,19.610000610351562,19.614999771118164,19.610000610351562,19.614999771118164,885.0
2024-10-25 15:09:00+00:00,TWKS,4.445000171661377,4.445000171661377,4.445000171661377,4.445000171661377,4.445000171661377,5524.0
2024-10-25 15:09:00+00:00,TXN,207.5,207.5,207.52000427246094,207.44000244140625,207.52000427246094,3295.0
2024-10-25 15:09:00+00:00,UCTT,35.779998779296875,35.779998779296875,35.779998779296875,35.779998779296875,35.779998779296875,633.0
2024-10-25 15:09:00+00:00,VECO,29.329999923706055,29.329999923706055,29.329999923706055,29.329999923706055,29.329999923706055,791.0
2024-10-25 15:09:00+00:00,VERX,41.80500030517578,41.80500030517578,41.80500030517578,41.77000045776367,41.779998779296875,2428.0
2024-10-25 15:09:00+00:00,VIAV,9.1899995803833,9.1899995803833,9.194999694824219,9.1899995803833,9.1899995803833,4092.0
2024-10-25 15:09:00+00:00,VICR,46.65999984741211,46.65999984741211,46.65999984741211,46.65999984741211,46.65999984741211,709.0
2024-10-25 15:09:00+00:00,VRNS,56.89500045776367,56.89500045776367,56.935001373291016,56.869998931884766,56.935001373291016,2362.0
2024-10-25 15:09:00+00:00,VRNT,21.899999618530273,21.899999618530273,21.899999618530273,21.899999618530273,21.899999618530273,692.0
2024-10-25 15:09:00+00:00,VRSN,182.16000366210938,182.16000366210938,182.46499633789062,182.1300048828125,182.46499633789062,3288.0
2024-10-25 15:09:00+00:00,VSAT,10.170000076293945,10.170000076293945,10.1899995803833,10.170000076293945,10.1899995803833,1140.0
2024-10-25 15:09:00+00:00,VUZI,1.2799999713897705,1.2799999713897705,1.2899999618530273,1.2799999713897705,1.2899999618530273,23054.0
2024-10-25 15:09:00+00:00,WDC,70.1449966430664,70.1449966430664,70.1500015258789,70.06999969482422,70.06999969482422,12629.0
2024-10-25 15:09:00+00:00,WISA,2.0350000858306885,2.0350000858306885,2.0392000675201416,2.0350000858306885,2.0392000675201416,1390.0
2024-10-25 15:09:00+00:00,WRAP,1.8300000429153442,1.8300000429153442,1.8300000429153442,1.8229999542236328,1.8229999542236328,9169.0
2024-10-25 15:09:00+00:00,XELA,1.9600000381469727,1.9600000381469727,1.9601000547409058,1.9600000381469727,1.9600000381469727,2632.0
2024-10-25 15:09:00+00:00,XRX,10.005000114440918,10.005000114440918,10.005000114440918,9.994999885559082,10.0,4918.0
2024-10-25 15:09:00+00:00,ZBRA,361.57501220703125,361.57501220703125,361.57501220703125,361.57501220703125,361.57501220703125,732.0
2024-10-25 15:09:00+00:00,ZI,10.479999542236328,10.479999542236328,10.479999542236328,10.479999542236328,10.479999542236328,1047.0
2024-10-25 15:09:00+00:00,ZM,72.94999694824219,72.94999694824219,72.95999908447266,72.94999694824219,72.95999908447266,2410.0
2024-10-25 15:09:00+00:00,ZS,184.90499877929688,184.90499877929688,185.02999877929688,184.90499877929688,185.02999877929688,2397.0
2024-10-25 15:10:00+00:00,AAOI,17.600000381469727,17.600000381469727,17.600000381469727,17.59000015258789,17.600000381469727,3803.0
2024-10-25 15:10:00+00:00,AAPL,231.9853057861328,231.9853057861328,231.9853057861328,231.89999389648438,231.91000366210938,43968.0
2024-10-25 15:10:00+00:00,ACLS,90.0,90.0,90.0,90.0,90.0,588.0
2024-10-25 15:10:00+00:00,ACMR,19.6299991607666,19.6299991607666,19.6299991607666,19.6299991607666,19.6299991607666,1971.0
2024-10-25 15:10:00+00:00,ADBE,483.1700134277344,483.1700134277344,483.2850036621094,483.1510009765625,483.1510009765625,6947.0
2024-10-25 15:10:00+00:00,ADI,231.07000732421875,231.07000732421875,231.07000732421875,230.99000549316406,231.04989624023438,1620.0
2024-10-25 15:10:00+00:00,ADSK,286.7699890136719,286.7699890136719,286.7699890136719,286.7699890136719,286.7699890136719,507.0
2024-10-25 15:10:00+00:00,AEHR,16.924999237060547,16.924999237060547,16.924999237060547,16.924999237060547,16.924999237060547,2183.0
2024-10-25 15:10:00+00:00,AFRM,41.34000015258789,41.34000015258789,41.36000061035156,41.31999969482422,41.34000015258789,5298.0
2024-10-25 15:10:00+00:00,AGYS,111.04499816894531,111.04499816894531,111.19000244140625,111.04499816894531,111.19000244140625,2417.0
2024-10-25 15:10:00+00:00,AKTS,0.05990000069141388,0.05990000069141388,0.05990000069141388,0.05990000069141388,0.05990000069141388,1530.0
2024-10-25 15:10:00+00:00,ALGM,23.190000534057617,23.190000534057617,23.190000534057617,23.18000030517578,23.190000534057617,3939.0
2024-10-25 15:10:00+00:00,ALRM,54.439998626708984,54.439998626708984,54.439998626708984,54.439998626708984,54.439998626708984,308.0
2024-10-25 15:10:00+00:00,ALTR,104.12000274658203,104.12000274658203,104.12000274658203,104.12000274658203,104.12000274658203,1248.0
2024-10-25 15:10:00+00:00,AMAT,187.27000427246094,187.27000427246094,187.27000427246094,187.1999969482422,187.1999969482422,2669.0
2024-10-25 15:10:00+00:00,AMD,156.47000122070312,156.47000122070312,156.50999450683594,156.42999267578125,156.44000244140625,23053.0
2024-10-25 15:10:00+00:00,AMKR,29.969999313354492,29.969999313354492,29.979999542236328,29.959999084472656,29.979999542236328,2547.0
2024-10-25 15:10:00+00:00,AMPL,9.109999656677246,9.109999656677246,9.109999656677246,9.109999656677246,9.109999656677246,516.0
2024-10-25 15:10:00+00:00,ANSS,323.5150146484375,323.5150146484375,323.5150146484375,323.5150146484375,323.5150146484375,409.0
2024-10-25 15:10:00+00:00,API,2.884999990463257,2.884999990463257,2.884999990463257,2.884999990463257,2.884999990463257,200.0
2024-10-25 15:10:00+00:00,APP,161.51499938964844,161.51499938964844,161.5175018310547,161.51499938964844,161.51499938964844,1216.0
2024-10-25 15:10:00+00:00,APPS,3.075000047683716,3.075000047683716,3.0799999237060547,3.069999933242798,3.069999933242798,7102.0
2024-10-25 15:10:00+00:00,ARQQ,7.129000186920166,7.129000186920166,7.129000186920166,7.129000186920166,7.129000186920166,71.0
2024-10-25 15:10:00+00:00,ARRY,6.394999980926514,6.394999980926514,6.400000095367432,6.394999980926514,6.394999980926514,14191.0
2024-10-25 15:10:00+00:00,ASML,714.719970703125,714.719970703125,714.719970703125,714.719970703125,714.719970703125,963.0
2024-10-25 15:10:00+00:00,ASUR,9.595000267028809,9.595000267028809,9.595000267028809,9.595000267028809,9.595000267028809,137.0
2024-10-25 15:10:00+00:00,AUR,6.394999980926514,6.394999980926514,6.394999980926514,6.375,6.379000186920166,19872.0
2024-10-25 15:10:00+00:00,AVDX,8.114999771118164,8.114999771118164,8.119999885559082,8.114999771118164,8.114999771118164,8138.0
2024-10-25 15:10:00+00:00,AVGO,174.22000122070312,174.22000122070312,174.24000549316406,174.17999267578125,174.22999572753906,16191.0
2024-10-25 15:10:00+00:00,AVT,54.099998474121094,54.099998474121094,54.099998474121094,54.09000015258789,54.09000015258789,842.0
2024-10-25 15:10:00+00:00,BAND,17.75,17.75,17.75,17.75,17.75,223.0
2024-10-25 15:10:00+00:00,BEEM,4.78000020980835,4.78000020980835,4.78000020980835,4.78000020980835,4.78000020980835,625.0
2024-10-25 15:10:00+00:00,BELFA,103.9800033569336,103.9800033569336,103.9800033569336,103.9800033569336,103.9800033569336,1142.0
2024-10-25 15:10:00+00:00,BIGC,5.294000148773193,5.294000148773193,5.294000148773193,5.294000148773193,5.294000148773193,1161.0
2024-10-25 15:10:00+00:00,BLZE,7.164999961853027,7.164999961853027,7.164999961853027,7.164999961853027,7.164999961853027,308.0
2024-10-25 15:10:00+00:00,BMBL,7.090000152587891,7.090000152587891,7.105000019073486,7.090000152587891,7.105000019073486,3985.0
2024-10-25 15:10:00+00:00,BOXL,0.47189998626708984,0.47189998626708984,0.47189998626708984,0.47189998626708984,0.47189998626708984,270.0
2024-10-25 15:10:00+00:00,BSY,49.119998931884766,49.119998931884766,49.119998931884766,49.10499954223633,49.10499954223633,2097.0
2024-10-25 15:10:00+00:00,CAMT,77.6500015258789,77.6500015258789,77.66000366210938,77.6500015258789,77.66000366210938,1329.0
2024-10-25 15:10:00+00:00,CDNS,257.8800048828125,257.8800048828125,257.8800048828125,257.8800048828125,257.8800048828125,486.0
2024-10-25 15:10:00+00:00,CDW,217.97000122070312,217.97000122070312,218.0800018310547,217.97000122070312,218.0800018310547,989.0
2024-10-25 15:10:00+00:00,CETX,0.302700012922287,0.302700012922287,0.302700012922287,0.302700012922287,0.302700012922287,3104.0
2024-10-25 15:10:00+00:00,CFLT,22.450000762939453,22.450000762939453,22.469999313354492,22.450000762939453,22.459999084472656,5720.0
2024-10-25 15:10:00+00:00,CGNX,38.93000030517578,38.93000030517578,38.93000030517578,38.93000030517578,38.93000030517578,269.0
2024-10-25 15:10:00+00:00,CLBT,18.225000381469727,18.225000381469727,18.235000610351562,18.225000381469727,18.229999542236328,2537.0
2024-10-25 15:10:00+00:00,CLFD,36.45000076293945,36.45000076293945,36.45000076293945,36.45000076293945,36.45000076293945,625.0
2024-10-25 15:10:00+00:00,CLSK,11.649999618530273,11.649999618530273,11.6850004196167,11.649999618530273,11.654999732971191,40228.0
2024-10-25 15:10:00+00:00,CMTL,3.8299999237060547,3.8299999237060547,3.8299999237060547,3.8299999237060547,3.8299999237060547,224.0
2024-10-25 15:10:00+00:00,CNDT,3.5899999141693115,3.5899999141693115,3.5899999141693115,3.5850000381469727,3.5850000381469727,8961.0
2024-10-25 15:10:00+00:00,CNXC,44.494998931884766,44.494998931884766,44.494998931884766,44.494998931884766,44.494998931884766,1187.0
2024-10-25 15:10:00+00:00,COHR,95.66999816894531,95.66999816894531,95.66999816894531,95.61000061035156,95.61000061035156,4497.0
2024-10-25 15:10:00+00:00,COHU,26.020000457763672,26.020000457763672,26.020000457763672,26.020000457763672,26.020000457763672,652.0
2024-10-25 15:10:00+00:00,COIN,206.70989990234375,206.70989990234375,206.77999877929688,206.47999572753906,206.6199951171875,9271.0
2024-10-25 15:10:00+00:00,COMM,6.239999771118164,6.239999771118164,6.239999771118164,6.230000019073486,6.230000019073486,1009.0
2024-10-25 15:10:00+00:00,CORZ,13.294300079345703,13.294300079345703,13.3149995803833,13.294300079345703,13.305000305175781,9844.0
2024-10-25 15:10:00+00:00,CRDO,39.084999084472656,39.084999084472656,39.084999084472656,39.060001373291016,39.060001373291016,1887.0
2024-10-25 15:10:00+00:00,CRUS,122.36000061035156,122.36000061035156,122.36000061035156,122.36000061035156,122.36000061035156,374.0
2024-10-25 15:10:00+00:00,CRWD,298.8299865722656,298.8299865722656,298.8299865722656,298.4700012207031,298.5,22075.0
2024-10-25 15:10:00+00:00,CSCO,55.775001525878906,55.775001525878906,55.775299072265625,55.77000045776367,55.77000045776367,7363.0
2024-10-25 15:10:00+00:00,CSIQ,13.479999542236328,13.479999542236328,13.479999542236328,13.460000038146973,13.460000038146973,3369.0
2024-10-25 15:10:00+00:00,CTSH,74.76000213623047,74.76000213623047,74.76899719238281,74.76000213623047,74.76000213623047,1413.0
2024-10-25 15:10:00+00:00,CYBR,290.6000061035156,290.6000061035156,290.6000061035156,290.6000061035156,290.6000061035156,847.0
2024-10-25 15:10:00+00:00,DAKT,13.0600004196167,13.0600004196167,13.0600004196167,13.0600004196167,13.0600004196167,588.0
2024-10-25 15:10:00+00:00,DATS,1.6698999404907227,1.6698999404907227,1.6698999404907227,1.6698999404907227,1.6698999404907227,1194.0
2024-10-25 15:10:00+00:00,DAVE,38.5,38.5,38.560001373291016,38.5,38.560001373291016,448.0
2024-10-25 15:10:00+00:00,DBX,26.100000381469727,26.100000381469727,26.100000381469727,26.100000381469727,26.100000381469727,2370.0
2024-10-25 15:10:00+00:00,DDOG,126.34600067138672,126.34600067138672,126.34600067138672,126.33000183105469,126.33000183105469,1269.0
2024-10-25 15:10:00+00:00,DLO,8.835000038146973,8.835000038146973,8.835000038146973,8.835000038146973,8.835000038146973,295.0
2024-10-25 15:10:00+00:00,DMRC,31.59000015258789,31.59000015258789,31.59000015258789,31.59000015258789,31.59000015258789,1186.0
2024-10-25 15:10:00+00:00,DOCU,68.94000244140625,68.94000244140625,68.98999786376953,68.93000030517578,68.98999786376953,2890.0
2024-10-25 15:10:00+00:00,DSGX,104.20999908447266,104.20999908447266,104.20999908447266,104.20999908447266,104.20999908447266,1329.0
2024-10-25 15:10:00+00:00,DUOL,292.4656066894531,292.4656066894531,292.4656066894531,292.2099914550781,292.3299865722656,3745.0
2024-10-25 15:10:00+00:00,ENPH,83.83000183105469,83.83000183105469,83.83999633789062,83.80999755859375,83.80999755859375,3011.0
2024-10-25 15:10:00+00:00,ERIC,8.46500015258789,8.46500015258789,8.46500015258789,8.46500015258789,8.46500015258789,17902.0
2024-10-25 15:10:00+00:00,EXLS,38.72999954223633,38.72999954223633,38.72999954223633,38.720001220703125,38.720001220703125,700.0
2024-10-25 15:10:00+00:00,FFIV,216.85000610351562,216.85000610351562,216.85000610351562,216.77999877929688,216.77999877929688,2081.0
2024-10-25 15:10:00+00:00,FIVN,29.8799991607666,29.8799991607666,29.8799991607666,29.875,29.8799991607666,1613.0
2024-10-25 15:10:00+00:00,FLEX,35.209999084472656,35.209999084472656,35.209999084472656,35.20000076293945,35.20000076293945,2716.0
2024-10-25 15:10:00+00:00,FLYW,17.299999237060547,17.299999237060547,17.309999465942383,17.299999237060547,17.309999465942383,936.0
2024-10-25 15:10:00+00:00,FROG,29.399999618530273,29.399999618530273,29.399999618530273,29.389999389648438,29.389999389648438,1292.0
2024-10-25 15:10:00+00:00,FRSH,11.614999771118164,11.614999771118164,11.614999771118164,11.614999771118164,11.614999771118164,1032.0
2024-10-25 15:10:00+00:00,FSLR,198.39500427246094,198.39500427246094,198.41000366210938,198.39500427246094,198.41000366210938,1647.0
2024-10-25 15:10:00+00:00,FTCI,0.652999997138977,0.652999997138977,0.652999997138977,0.652999997138977,0.652999997138977,1905.0
2024-10-25 15:10:00+00:00,FTNT,80.44000244140625,80.44000244140625,80.44999694824219,80.44000244140625,80.44000244140625,1204.0
2024-10-25 15:10:00+00:00,GCT,24.489999771118164,24.489999771118164,24.489999771118164,24.450000762939453,24.450000762939453,2239.0
2024-10-25 15:10:00+00:00,GILT,4.940000057220459,4.940000057220459,4.940000057220459,4.940000057220459,4.940000057220459,108.0
2024-10-25 15:10:00+00:00,GPRO,1.3102999925613403,1.3102999925613403,1.315000057220459,1.3102999925613403,1.315000057220459,942.0
2024-10-25 15:10:00+00:00,GRAB,4.085000038146973,4.085000038146973,4.090000152587891,4.085000038146973,4.085000038146973,22261.0
2024-10-25 15:10:00+00:00,GTLB,55.0,55.0,55.029998779296875,55.0,55.0099983215332,621.0
2024-10-25 15:10:00+00:00,HCKT,24.6200008392334,24.6200008392334,24.6200008392334,24.6200008392334,24.6200008392334,150.0
2024-10-25 15:10:00+00:00,HCP,33.64500045776367,33.64500045776367,33.64500045776367,33.63999938964844,33.64500045776367,643.0
2024-10-25 15:10:00+00:00,HIMX,6.170000076293945,6.170000076293945,6.170000076293945,6.170000076293945,6.170000076293945,631.0
2024-10-25 15:10:00+00:00,HLIT,14.7701997756958,14.7701997756958,14.774999618530273,14.770000457763672,14.770000457763672,1364.0
2024-10-25 15:10:00+00:00,HOLO,3.625,3.625,3.625,3.614300012588501,3.614300012588501,3137.0
2024-10-25 15:10:00+00:00,HOOD,27.090099334716797,27.090099334716797,27.090099334716797,27.079999923706055,27.09000015258789,24502.0
2024-10-25 15:10:00+00:00,IIIV,22.889999389648438,22.889999389648438,22.899999618530273,22.889999389648438,22.899999618530273,469.0
2024-10-25 15:10:00+00:00,INDI,3.4649999141693115,3.4649999141693115,3.4684998989105225,3.4649999141693115,3.4684998989105225,1152.0
2024-10-25 15:10:00+00:00,INOD,20.280000686645508,20.280000686645508,20.280000686645508,20.280000686645508,20.280000686645508,2031.0
2024-10-25 15:10:00+00:00,INTA,49.95000076293945,49.95000076293945,49.95000076293945,49.95000076293945,49.95000076293945,604.0
2024-10-25 15:10:00+00:00,INTC,22.854999542236328,22.854999542236328,22.860000610351562,22.840599060058594,22.844999313354492,51207.0
2024-10-25 15:10:00+00:00,INTU,608.7000122070312,608.7000122070312,608.7000122070312,608.7000122070312,608.7000122070312,202.0
2024-10-25 15:10:00+00:00,IPGP,77.15499877929688,77.15499877929688,77.15499877929688,77.15499877929688,77.15499877929688,497.0
2024-10-25 15:10:00+00:00,ITRI,102.72000122070312,102.72000122070312,102.72000122070312,102.72000122070312,102.72000122070312,1051.0
2024-10-25 15:10:00+00:00,KC,2.684999942779541,2.684999942779541,2.684999942779541,2.684999942779541,2.684999942779541,301.0
2024-10-25 15:10:00+00:00,KLAC,675.2849731445312,675.2849731445312,675.4349975585938,675.2849731445312,675.4349975585938,1092.0
2024-10-25 15:10:00+00:00,KLIC,44.560001373291016,44.560001373291016,44.58000183105469,44.560001373291016,44.58000183105469,740.0
2024-10-25 15:10:00+00:00,KOPN,0.7811999917030334,0.7811999917030334,0.7811999917030334,0.7811999917030334,0.7811999917030334,11657.0
2024-10-25 15:10:00+00:00,LFUS,253.78500366210938,253.78500366210938,253.78500366210938,253.78500366210938,253.78500366210938,199.0
2024-10-25 15:10:00+00:00,LINK,4.6697998046875,4.6697998046875,4.730100154876709,4.6697998046875,4.730100154876709,1045.0
2024-10-25 15:10:00+00:00,LITE,64.61000061035156,64.61000061035156,64.61000061035156,64.58999633789062,64.58999633789062,855.0
2024-10-25 15:10:00+00:00,LOGI,80.68499755859375,80.68499755859375,80.70500183105469,80.68009948730469,80.70500183105469,4610.0
2024-10-25 15:10:00+00:00,LPSN,1.1649999618530273,1.1649999618530273,1.1649999618530273,1.1649999618530273,1.1649999618530273,998.0
2024-10-25 15:10:00+00:00,LRCX,78.5,78.5,78.51499938964844,78.45999908447266,78.51499938964844,35844.0
2024-10-25 15:10:00+00:00,LSCC,53.97999954223633,53.97999954223633,53.9900016784668,53.97999954223633,53.97999954223633,1703.0
2024-10-25 15:10:00+00:00,LYFT,13.5600004196167,13.5600004196167,13.65999984741211,13.515000343322754,13.609999656677246,211978.0
2024-10-25 15:10:00+00:00,LYT,1.9199999570846558,1.9199999570846558,1.9199999570846558,1.9199999570846558,1.9199999570846558,200.0
2024-10-25 15:10:00+00:00,MAPS,0.8400999903678894,0.8400999903678894,0.8400999903678894,0.8399999737739563,0.8399999737739563,1065.0
2024-10-25 15:10:00+00:00,MCHP,76.72000122070312,76.72000122070312,76.7300033569336,76.70069885253906,76.7300033569336,3453.0
2024-10-25 15:10:00+00:00,MDB,267.3599853515625,267.3599853515625,267.3599853515625,267.17999267578125,267.17999267578125,1415.0
2024-10-25 15:10:00+00:00,MITK,8.779999732971191,8.779999732971191,8.779999732971191,8.779999732971191,8.779999732971191,1341.0
2024-10-25 15:10:00+00:00,MKSI,101.10089874267578,101.10089874267578,101.10089874267578,101.10089874267578,101.10089874267578,578.0
2024-10-25 15:10:00+00:00,MQ,5.304999828338623,5.304999828338623,5.309999942779541,5.304999828338623,5.304999828338623,1197.0
2024-10-25 15:10:00+00:00,MRVL,82.11000061035156,82.11000061035156,82.13999938964844,82.0999984741211,82.13500213623047,5434.0
2024-10-25 15:10:00+00:00,MSFT,428.739990234375,428.739990234375,428.7514953613281,428.6099853515625,428.6400146484375,8514.0
2024-10-25 15:10:00+00:00,MSTR,234.1580047607422,234.1580047607422,234.9029998779297,234.00999450683594,234.6580047607422,16385.0
2024-10-25 15:10:00+00:00,MTC,0.37299999594688416,0.37299999594688416,0.37299999594688416,0.37299999594688416,0.37299999594688416,0.0
2024-10-25 15:10:00+00:00,MTLS,5.917200088500977,5.917200088500977,5.917200088500977,5.917200088500977,5.917200088500977,200.0
2024-10-25 15:10:00+00:00,MTSI,121.31999969482422,121.31999969482422,121.31999969482422,121.05500030517578,121.05500030517578,1964.0
2024-10-25 15:10:00+00:00,MTTR,4.585000038146973,4.585000038146973,4.585000038146973,4.579999923706055,4.579999923706055,4411.0
2024-10-25 15:10:00+00:00,MU,108.41500091552734,108.41500091552734,108.41500091552734,108.36000061035156,108.37000274658203,8224.0
2024-10-25 15:10:00+00:00,MVIS,1.0800000429153442,1.0800000429153442,1.0800000429153442,1.0800000429153442,1.0800000429153442,4400.0
2024-10-25 15:10:00+00:00,MXL,14.779999732971191,14.779999732971191,14.779999732971191,14.760000228881836,14.760000228881836,4109.0
2024-10-25 15:10:00+00:00,NCNO,37.85540008544922,37.85540008544922,37.85540008544922,37.81999969482422,37.83000183105469,2398.0
2024-10-25 15:10:00+00:00,NICE,175.11500549316406,175.11500549316406,175.11500549316406,175.00830078125,175.00830078125,477.0
2024-10-25 15:10:00+00:00,NNDM,2.324399948120117,2.324399948120117,2.324399948120117,2.3201000690460205,2.3201000690460205,479.0
2024-10-25 15:10:00+00:00,NOVT,173.30990600585938,173.30990600585938,173.30990600585938,173.30990600585938,173.30990600585938,911.0
2024-10-25 15:10:00+00:00,NSIT,208.67999267578125,208.67999267578125,208.67999267578125,208.6699981689453,208.6699981689453,371.0
2024-10-25 15:10:00+00:00,NTAP,119.83499908447266,119.83499908447266,119.83499908447266,119.79000091552734,119.79000091552734,1223.0
2024-10-25 15:10:00+00:00,NTCT,20.61009979248047,20.61009979248047,20.622800827026367,20.61009979248047,20.622800827026367,721.0
2024-10-25 15:10:00+00:00,NTNX,61.95000076293945,61.95000076293945,61.970001220703125,61.95000076293945,61.970001220703125,1116.0
2024-10-25 15:10:00+00:00,NVDA,142.00469970703125,142.00469970703125,142.0399932861328,141.92999267578125,141.97500610351562,147395.0
2024-10-25 15:10:00+00:00,NVTS,2.5399999618530273,2.5399999618530273,2.5399999618530273,2.5399999618530273,2.5399999618530273,753.0
2024-10-25 15:10:00+00:00,NXPI,243.6199951171875,243.6199951171875,243.6300048828125,243.60000610351562,243.6300048828125,1552.0
2024-10-25 15:10:00+00:00,ON,71.30000305175781,71.30000305175781,71.30999755859375,71.25,71.26499938964844,6998.0
2024-10-25 15:10:00+00:00,PANW,366.681396484375,366.681396484375,366.739990234375,366.681396484375,366.739990234375,601.0
2024-10-25 15:10:00+00:00,PAYO,8.345000267028809,8.345000267028809,8.345000267028809,8.342499732971191,8.345000267028809,12297.0
2024-10-25 15:10:00+00:00,PCTY,173.77999877929688,173.77999877929688,173.77999877929688,173.77999877929688,173.77999877929688,129.0
2024-10-25 15:10:00+00:00,PEGA,79.02020263671875,79.02020263671875,79.05000305175781,79.02020263671875,79.05000305175781,1336.0
2024-10-25 15:10:00+00:00,PGY,11.904999732971191,11.904999732971191,11.90999984741211,11.890000343322754,11.890000343322754,397.0
2024-10-25 15:10:00+00:00,PHUN,10.350500106811523,10.350500106811523,10.37909984588623,10.350500106811523,10.37030029296875,8832.0
2024-10-25 15:10:00+00:00,PLAB,23.645000457763672,23.645000457763672,23.649999618530273,23.645000457763672,23.649999618530273,1850.0
2024-10-25 15:10:00+00:00,PLXS,141.69000244140625,141.69000244140625,141.69000244140625,141.69000244140625,141.69000244140625,374.0
2024-10-25 15:10:00+00:00,POET,3.8550000190734863,3.8550000190734863,3.859999895095825,3.849900007247925,3.8499999046325684,3192.0
2024-10-25 15:10:00+00:00,PRCH,1.2949999570846558,1.2949999570846558,1.2949999570846558,1.2949999570846558,1.2949999570846558,200.0
2024-10-25 15:10:00+00:00,PRGS,64.61000061035156,64.61000061035156,64.61000061035156,64.61000061035156,64.61000061035156,227.0
2024-10-25 15:10:00+00:00,PTC,187.0850067138672,187.0850067138672,187.0850067138672,187.0850067138672,187.0850067138672,724.0
2024-10-25 15:10:00+00:00,PYCR,14.335000038146973,14.335000038146973,14.335000038146973,14.335000038146973,14.335000038146973,2001.0
2024-10-25 15:10:00+00:00,QCOM,170.8699951171875,170.8699951171875,170.8800048828125,170.86000061035156,170.86000061035156,4322.0
2024-10-25 15:10:00+00:00,QRVO,99.88999938964844,99.88999938964844,99.88999938964844,99.80999755859375,99.80999755859375,1319.0
2024-10-25 15:10:00+00:00,RCAT,2.74399995803833,2.74399995803833,2.74399995803833,2.74399995803833,2.74399995803833,778.0
2024-10-25 15:10:00+00:00,RELY,14.899999618530273,14.899999618530273,14.899999618530273,14.890000343322754,14.890000343322754,2698.0
2024-10-25 15:10:00+00:00,RGTI,1.225000023841858,1.225000023841858,1.2288999557495117,1.2200000286102295,1.2200000286102295,9001.0
2024-10-25 15:10:00+00:00,RIOT,9.765000343322754,9.765000343322754,9.78969955444336,9.739999771118164,9.744000434875488,55627.0
2024-10-25 15:10:00+00:00,RMBS,43.42070007324219,43.42070007324219,43.42070007324219,43.41999816894531,43.41999816894531,652.0
2024-10-25 15:10:00+00:00,RPAY,7.730000019073486,7.730000019073486,7.730000019073486,7.71999979019165,7.71999979019165,2374.0
2024-10-25 15:10:00+00:00,RUM,5.75,5.75,5.755000114440918,5.75,5.755000114440918,3578.0
2024-10-25 15:10:00+00:00,RUN,14.385000228881836,14.385000228881836,14.390000343322754,14.380000114440918,14.390000343322754,13091.0
2024-10-25 15:10:00+00:00,RXT,2.4749999046325684,2.4749999046325684,2.4749999046325684,2.4709999561309814,2.4749999046325684,1241.0
2024-10-25 15:10:00+00:00,SATS,25.295000076293945,25.295000076293945,25.350000381469727,25.295000076293945,25.350000381469727,1886.0
2024-10-25 15:10:00+00:00,SEDG,15.90999984741211,15.90999984741211,15.914999961853027,15.899999618530273,15.90999984741211,1782.0
2024-10-25 15:10:00+00:00,SHLS,5.244999885559082,5.244999885559082,5.244999885559082,5.235000133514404,5.244999885559082,9884.0
2024-10-25 15:10:00+00:00,SIMO,56.375,56.375,56.375,56.375,56.375,690.0
2024-10-25 15:10:00+00:00,SITM,178.9949951171875,178.9949951171875,178.9949951171875,178.9949951171875,178.9949951171875,516.0
2024-10-25 15:10:00+00:00,SKYT,10.5600004196167,10.5600004196167,10.569999694824219,10.5600004196167,10.5600004196167,304.0
2024-10-25 15:10:00+00:00,SLNHP,12.899999618530273,12.899999618530273,12.899999618530273,12.899999618530273,12.899999618530273,375.0
2024-10-25 15:10:00+00:00,SMCI,47.540000915527344,47.540000915527344,47.560001373291016,47.5099983215332,47.54999923706055,33196.0
2024-10-25 15:10:00+00:00,SMSI,0.8050000071525574,0.8050000071525574,0.8050000071525574,0.8050000071525574,0.8050000071525574,1297.0
2024-10-25 15:10:00+00:00,SMTC,45.64500045776367,45.64500045776367,45.64500045776367,45.64500045776367,45.64500045776367,199.0
2024-10-25 15:10:00+00:00,SNPS,502.8500061035156,502.8500061035156,502.8599853515625,502.8500061035156,502.8599853515625,843.0
2024-10-25 15:10:00+00:00,SONO,12.699999809265137,12.699999809265137,12.699999809265137,12.699999809265137,12.699999809265137,716.0
2024-10-25 15:10:00+00:00,SOUN,5.180099964141846,5.180099964141846,5.184999942779541,5.180099964141846,5.184199810028076,1284.0
2024-10-25 15:10:00+00:00,SSNC,69.9000015258789,69.9000015258789,69.9000015258789,69.9000015258789,69.9000015258789,2294.0
2024-10-25 15:10:00+00:00,SSYS,7.019999980926514,7.019999980926514,7.019999980926514,7.019999980926514,7.019999980926514,480.0
2024-10-25 15:10:00+00:00,STNE,11.555000305175781,11.555000305175781,11.555000305175781,11.555000305175781,11.555000305175781,968.0
2024-10-25 15:10:00+00:00,STX,103.54900360107422,103.54900360107422,103.55000305175781,103.52999877929688,103.54499816894531,3195.0
2024-10-25 15:10:00+00:00,SURG,1.7400000095367432,1.7400000095367432,1.7450000047683716,1.7400000095367432,1.7450000047683716,0.0
2024-10-25 15:10:00+00:00,SVRE,0.07810000330209732,0.07810000330209732,0.07810000330209732,0.07810000330209732,0.07810000330209732,3705.0
2024-10-25 15:10:00+00:00,SWKS,95.875,95.875,95.87999725341797,95.86499786376953,95.87000274658203,1322.0
2024-10-25 15:10:00+00:00,SYNA,72.3550033569336,72.3550033569336,72.3550033569336,72.3550033569336,72.3550033569336,722.0
2024-10-25 15:10:00+00:00,SYTA,1.2999999523162842,1.2999999523162842,1.2999999523162842,1.2999999523162842,1.2999999523162842,559.0
2024-10-25 15:10:00+00:00,TEAM,189.47999572753906,189.47999572753906,189.50999450683594,189.47999572753906,189.48500061035156,1477.0
2024-10-25 15:10:00+00:00,TENB,41.720001220703125,41.720001220703125,41.720001220703125,41.709999084472656,41.709999084472656,2305.0
2024-10-25 15:10:00+00:00,TER,112.23999786376953,112.23999786376953,112.23999786376953,112.22000122070312,112.23999786376953,5459.0
2024-10-25 15:10:00+00:00,TSEM,44.71500015258789,44.71500015258789,44.71500015258789,44.709999084472656,44.709999084472656,627.0
2024-10-25 15:10:00+00:00,TTD,119.0999984741211,119.0999984741211,119.0999984741211,119.0999984741211,119.0999984741211,1088.0
2024-10-25 15:10:00+00:00,TTMI,19.610000610351562,19.610000610351562,19.610000610351562,19.610000610351562,19.610000610351562,631.0
2024-10-25 15:10:00+00:00,TWKS,4.445000171661377,4.445000171661377,4.445000171661377,4.440000057220459,4.440000057220459,1007.0
2024-10-25 15:10:00+00:00,TXN,207.47000122070312,207.47000122070312,207.5,207.4600067138672,207.47000122070312,2713.0
2024-10-25 15:10:00+00:00,UCTT,35.7599983215332,35.7599983215332,35.7599983215332,35.7599983215332,35.7599983215332,174.0
2024-10-25 15:10:00+00:00,UEIC,8.063699722290039,8.063699722290039,8.063699722290039,8.063699722290039,8.063699722290039,715.0
2024-10-25 15:10:00+00:00,VERB,10.8100004196167,10.8100004196167,10.8100004196167,10.798800468444824,10.807999610900879,1001.0
2024-10-25 15:10:00+00:00,VIAV,9.1899995803833,9.1899995803833,9.1899995803833,9.1899995803833,9.1899995803833,205.0
2024-10-25 15:10:00+00:00,VICR,46.665000915527344,46.665000915527344,46.665000915527344,46.665000915527344,46.665000915527344,306.0
2024-10-25 15:10:00+00:00,VMEO,4.755000114440918,4.755000114440918,4.755000114440918,4.755000114440918,4.755000114440918,969.0
2024-10-25 15:10:00+00:00,VNET,3.3949999809265137,3.3949999809265137,3.3949999809265137,3.3949999809265137,3.3949999809265137,400.0
2024-10-25 15:10:00+00:00,VRNS,56.84000015258789,56.84000015258789,56.869998931884766,56.84000015258789,56.869998931884766,1073.0
2024-10-25 15:10:00+00:00,VRNT,21.8799991607666,21.8799991607666,21.8799991607666,21.8799991607666,21.8799991607666,292.0
2024-10-25 15:10:00+00:00,VRSN,182.19320678710938,182.19320678710938,182.19320678710938,182.125,182.125,1454.0
2024-10-25 15:10:00+00:00,VSAT,10.180000305175781,10.180000305175781,10.180000305175781,10.175000190734863,10.175000190734863,1725.0
2024-10-25 15:10:00+00:00,WATT,0.5910000205039978,0.5910000205039978,0.5910000205039978,0.5910000205039978,0.5910000205039978,218.0
2024-10-25 15:10:00+00:00,WDAY,238.5919952392578,238.5919952392578,238.5919952392578,238.50999450683594,238.50999450683594,2133.0
2024-10-25 15:10:00+00:00,WDC,70.11000061035156,70.11000061035156,70.19999694824219,70.11000061035156,70.14199829101562,13511.0
2024-10-25 15:10:00+00:00,XRX,10.0,10.0,10.0,10.0,10.0,432.0
2024-10-25 15:10:00+00:00,ZI,10.475000381469727,10.475000381469727,10.479999542236328,10.475000381469727,10.479999542236328,5671.0
2024-10-25 15:10:00+00:00,ZM,72.93499755859375,72.93499755859375,72.9749984741211,72.93499755859375,72.97000122070312,4370.0
2024-10-25 15:10:00+00:00,ZS,184.89999389648438,184.89999389648438,184.97000122070312,184.88999938964844,184.88999938964844,1811.0
2024-10-25 15:11:00+00:00,AAOI,17.600000381469727,17.600000381469727,17.600000381469727,17.594999313354492,17.600000381469727,1527.0
2024-10-25 15:11:00+00:00,AAPL,231.89999389648438,231.89999389648438,231.97000122070312,231.89999389648438,231.9600067138672,38155.0
2024-10-25 15:11:00+00:00,ACLS,90.05000305175781,90.05000305175781,90.05000305175781,90.05000305175781,90.05000305175781,1440.0
2024-10-25 15:11:00+00:00,ADBE,483.1400146484375,483.1400146484375,483.32000732421875,483.1300048828125,483.2799987792969,3143.0
2024-10-25 15:11:00+00:00,ADI,231.12249755859375,231.12249755859375,231.12249755859375,231.09500122070312,231.09500122070312,1523.0
2024-10-25 15:11:00+00:00,ADSK,286.7900085449219,286.7900085449219,286.9200134277344,286.7900085449219,286.9200134277344,2952.0
2024-10-25 15:11:00+00:00,AEHR,16.950000762939453,16.950000762939453,16.950000762939453,16.924999237060547,16.924999237060547,2940.0
2024-10-25 15:11:00+00:00,AEYE,22.6200008392334,22.6200008392334,22.6200008392334,22.6200008392334,22.6200008392334,216.0
2024-10-25 15:11:00+00:00,AFRM,41.32720184326172,41.32720184326172,41.359901428222656,41.32720184326172,41.334999084472656,3487.0
2024-10-25 15:11:00+00:00,AKAM,102.13999938964844,102.13999938964844,102.13999938964844,102.13999938964844,102.13999938964844,602.0
2024-10-25 15:11:00+00:00,ALGM,23.190000534057617,23.190000534057617,23.200000762939453,23.184999465942383,23.184999465942383,3025.0
2024-10-25 15:11:00+00:00,ALKT,38.18000030517578,38.18000030517578,38.18000030517578,38.18000030517578,38.18000030517578,1063.0
2024-10-25 15:11:00+00:00,ALRM,54.459999084472656,54.459999084472656,54.459999084472656,54.459999084472656,54.459999084472656,519.0
2024-10-25 15:11:00+00:00,AMAT,187.33999633789062,187.33999633789062,187.35000610351562,187.2949981689453,187.30999755859375,2886.0
2024-10-25 15:11:00+00:00,AMBA,57.97999954223633,57.97999954223633,57.97999954223633,57.95000076293945,57.95000076293945,692.0
2024-10-25 15:11:00+00:00,AMD,156.5240020751953,156.5240020751953,156.57000732421875,156.4600067138672,156.47999572753906,39075.0
2024-10-25 15:11:00+00:00,AMKR,29.96940040588379,29.96940040588379,29.969999313354492,29.950000762939453,29.969999313354492,2000.0
2024-10-25 15:11:00+00:00,ANSS,323.5150146484375,323.5150146484375,323.5150146484375,323.5150146484375,323.5150146484375,350.0
2024-10-25 15:11:00+00:00,API,2.884999990463257,2.884999990463257,2.884999990463257,2.884999990463257,2.884999990463257,100.0
2024-10-25 15:11:00+00:00,APP,161.42999267578125,161.42999267578125,161.50999450683594,161.42999267578125,161.49000549316406,3210.0
2024-10-25 15:11:00+00:00,APPF,212.47999572753906,212.47999572753906,212.47999572753906,212.4600067138672,212.4600067138672,2576.0
2024-10-25 15:11:00+00:00,ARRY,6.394999980926514,6.394999980926514,6.400000095367432,6.394999980926514,6.394999980926514,7554.0
2024-10-25 15:11:00+00:00,ASML,714.7150268554688,714.7150268554688,714.9998779296875,714.7150268554688,714.8599853515625,2182.0
2024-10-25 15:11:00+00:00,ASNS,1.3049999475479126,1.3049999475479126,1.3049999475479126,1.3049999475479126,1.3049999475479126,400.0
2024-10-25 15:11:00+00:00,ASTI,2.7999000549316406,2.7999000549316406,2.7999000549316406,2.7999000549316406,2.7999000549316406,539.0
2024-10-25 15:11:00+00:00,AUR,6.40500020980835,6.40500020980835,6.40500020980835,6.394999980926514,6.394999980926514,7153.0
2024-10-25 15:11:00+00:00,AVDX,8.115900039672852,8.115900039672852,8.115900039672852,8.115900039672852,8.115900039672852,437.0
2024-10-25 15:11:00+00:00,AVGO,174.2563018798828,174.2563018798828,174.27999877929688,174.1699981689453,174.22000122070312,27788.0
2024-10-25 15:11:00+00:00,AVNW,20.71500015258789,20.71500015258789,20.71500015258789,20.700000762939453,20.700000762939453,467.0
2024-10-25 15:11:00+00:00,AVPT,11.904999732971191,11.904999732971191,11.904999732971191,11.904999732971191,11.904999732971191,682.0
2024-10-25 15:11:00+00:00,AVT,54.11000061035156,54.11000061035156,54.130001068115234,54.11000061035156,54.130001068115234,296.0
2024-10-25 15:11:00+00:00,AZPN,239.05999755859375,239.05999755859375,239.11000061035156,238.72999572753906,239.07000732421875,1258.0
2024-10-25 15:11:00+00:00,BAND,17.760000228881836,17.760000228881836,17.760000228881836,17.760000228881836,17.760000228881836,315.0
2024-10-25 15:11:00+00:00,BEEM,4.789999961853027,4.789999961853027,4.789999961853027,4.78000020980835,4.78000020980835,337.0
2024-10-25 15:11:00+00:00,BIGC,5.289999961853027,5.289999961853027,5.293600082397461,5.289999961853027,5.289999961853027,7895.0
2024-10-25 15:11:00+00:00,BL,56.35499954223633,56.35499954223633,56.35499954223633,56.35499954223633,56.35499954223633,425.0
2024-10-25 15:11:00+00:00,BLKB,85.83999633789062,85.83999633789062,85.83999633789062,85.83999633789062,85.83999633789062,1151.0
2024-10-25 15:11:00+00:00,BLZE,7.172599792480469,7.172599792480469,7.172599792480469,7.170000076293945,7.170000076293945,1978.0
2024-10-25 15:11:00+00:00,BMBL,7.09499979019165,7.09499979019165,7.09499979019165,7.085000038146973,7.085000038146973,999.0
2024-10-25 15:11:00+00:00,CAMT,77.74240112304688,77.74240112304688,77.74240112304688,77.69499969482422,77.69499969482422,357.0
2024-10-25 15:11:00+00:00,CDNS,257.989990234375,257.989990234375,257.989990234375,257.95001220703125,257.95001220703125,3613.0
2024-10-25 15:11:00+00:00,CDW,217.97999572753906,217.97999572753906,218.0449981689453,217.97999572753906,218.0449981689453,784.0
2024-10-25 15:11:00+00:00,CETX,0.30140000581741333,0.30140000581741333,0.30140000581741333,0.30140000581741333,0.30140000581741333,327.0
2024-10-25 15:11:00+00:00,CFLT,22.459999084472656,22.459999084472656,22.459999084472656,22.440000534057617,22.44499969482422,6823.0
2024-10-25 15:11:00+00:00,CGNT,6.639999866485596,6.639999866485596,6.639999866485596,6.630099773406982,6.630099773406982,907.0
2024-10-25 15:11:00+00:00,CGNX,38.93000030517578,38.93000030517578,38.93000030517578,38.93000030517578,38.93000030517578,875.0
2024-10-25 15:11:00+00:00,CHKP,205.92999267578125,205.92999267578125,205.92999267578125,205.92999267578125,205.92999267578125,881.0
2024-10-25 15:11:00+00:00,CLBT,18.225000381469727,18.225000381469727,18.225000381469727,18.225000381469727,18.225000381469727,423.0
2024-10-25 15:11:00+00:00,CLPS,1.3600000143051147,1.3600000143051147,1.3600000143051147,1.3600000143051147,1.3600000143051147,159.0
2024-10-25 15:11:00+00:00,CLSK,11.614999771118164,11.614999771118164,11.670000076293945,11.610099792480469,11.65999984741211,69525.0
2024-10-25 15:11:00+00:00,COHR,95.69000244140625,95.69000244140625,95.69000244140625,95.6500015258789,95.66999816894531,1334.0
2024-10-25 15:11:00+00:00,COIN,206.4250030517578,206.4250030517578,206.77000427246094,206.33999633789062,206.7073974609375,4807.0
2024-10-25 15:11:00+00:00,COMM,6.230000019073486,6.230000019073486,6.235000133514404,6.230000019073486,6.235000133514404,1421.0
2024-10-25 15:11:00+00:00,CORZ,13.295000076293945,13.295000076293945,13.295000076293945,13.289999961853027,13.289999961853027,2755.0
2024-10-25 15:11:00+00:00,CRDO,39.0880012512207,39.0880012512207,39.0880012512207,39.08000183105469,39.08000183105469,565.0
2024-10-25 15:11:00+00:00,CRSR,6.344200134277344,6.344200134277344,6.344200134277344,6.344200134277344,6.344200134277344,585.0
2024-10-25 15:11:00+00:00,CRUS,122.375,122.375,122.375,122.375,122.375,118.0
2024-10-25 15:11:00+00:00,CRWD,299.0249938964844,299.0249938964844,299.15240478515625,298.8900146484375,298.8900146484375,11102.0
2024-10-25 15:11:00+00:00,CSCO,55.7599983215332,55.7599983215332,55.77000045776367,55.7400016784668,55.77000045776367,30461.0
2024-10-25 15:11:00+00:00,CSIQ,13.465999603271484,13.465999603271484,13.479999542236328,13.460000038146973,13.479999542236328,2840.0
2024-10-25 15:11:00+00:00,CTSH,74.75,74.75,74.76499938964844,74.73999786376953,74.76000213623047,4203.0
2024-10-25 15:11:00+00:00,DATS,1.6691999435424805,1.6691999435424805,1.6691999435424805,1.6691999435424805,1.6691999435424805,10218.0
2024-10-25 15:11:00+00:00,DAVE,38.54999923706055,38.54999923706055,38.54999923706055,38.47999954223633,38.47999954223633,673.0
2024-10-25 15:11:00+00:00,DBX,26.09000015258789,26.09000015258789,26.104999542236328,26.09000015258789,26.100000381469727,7505.0
2024-10-25 15:11:00+00:00,DDOG,126.41500091552734,126.41500091552734,126.41999816894531,126.37999725341797,126.41999816894531,1663.0
2024-10-25 15:11:00+00:00,DLO,8.821100234985352,8.821100234985352,8.829999923706055,8.819999694824219,8.829999923706055,2513.0
2024-10-25 15:11:00+00:00,DOCU,68.8949966430664,68.8949966430664,68.94999694824219,68.88999938964844,68.94999694824219,11996.0
2024-10-25 15:11:00+00:00,DOMO,8.0600004196167,8.0600004196167,8.0600004196167,8.0600004196167,8.0600004196167,175.0
2024-10-25 15:11:00+00:00,DOX,89.17500305175781,89.17500305175781,89.18000030517578,89.13999938964844,89.13999938964844,13978.0
2024-10-25 15:11:00+00:00,EEFT,100.37000274658203,100.37000274658203,100.37000274658203,100.37000274658203,100.37000274658203,1601.0
2024-10-25 15:11:00+00:00,ENPH,83.87999725341797,83.87999725341797,83.9000015258789,83.87000274658203,83.87999725341797,2997.0
2024-10-25 15:11:00+00:00,ENTG,105.0999984741211,105.0999984741211,105.0999984741211,105.0999984741211,105.0999984741211,2073.0
2024-10-25 15:11:00+00:00,ERIC,8.46500015258789,8.46500015258789,8.46500015258789,8.46500015258789,8.46500015258789,20964.0
2024-10-25 15:11:00+00:00,EXLS,38.689998626708984,38.689998626708984,38.72999954223633,38.68000030517578,38.72999954223633,2746.0
2024-10-25 15:11:00+00:00,EXTR,14.369999885559082,14.369999885559082,14.369999885559082,14.364999771118164,14.364999771118164,1838.0
2024-10-25 15:11:00+00:00,FFIV,216.86000061035156,216.86000061035156,216.91000366210938,216.83999633789062,216.89999389648438,1361.0
2024-10-25 15:11:00+00:00,FIVN,29.8700008392334,29.8700008392334,29.875,29.860000610351562,29.875,2589.0
2024-10-25 15:11:00+00:00,FLEX,35.200599670410156,35.200599670410156,35.209999084472656,35.200599670410156,35.20500183105469,1483.0
2024-10-25 15:11:00+00:00,FLYW,17.31999969482422,17.31999969482422,17.31999969482422,17.31999969482422,17.31999969482422,541.0
2024-10-25 15:11:00+00:00,FROG,29.389999389648438,29.389999389648438,29.389999389648438,29.389999389648438,29.389999389648438,471.0
2024-10-25 15:11:00+00:00,FRSH,11.618800163269043,11.618800163269043,11.618800163269043,11.609999656677246,11.609999656677246,493.0
2024-10-25 15:11:00+00:00,FSLR,198.40499877929688,198.40499877929688,198.40499877929688,198.40499877929688,198.40499877929688,565.0
2024-10-25 15:11:00+00:00,FTCI,0.652999997138977,0.652999997138977,0.652999997138977,0.652999997138977,0.652999997138977,3715.0
2024-10-25 15:11:00+00:00,FTNT,80.41000366210938,80.41000366210938,80.44999694824219,80.4000015258789,80.44000244140625,9811.0
2024-10-25 15:11:00+00:00,GCT,24.479999542236328,24.479999542236328,24.484699249267578,24.479999542236328,24.484699249267578,3539.0
2024-10-25 15:11:00+00:00,GFS,40.560001373291016,40.560001373291016,40.560001373291016,40.525001525878906,40.529998779296875,1831.0
2024-10-25 15:11:00+00:00,GRAB,4.085000038146973,4.085000038146973,4.085000038146973,4.079999923706055,4.084000110626221,16489.0
2024-10-25 15:11:00+00:00,GRRR,4.480000019073486,4.480000019073486,4.480000019073486,4.480000019073486,4.480000019073486,940.0
2024-10-25 15:11:00+00:00,GTLB,55.0099983215332,55.0099983215332,55.0099983215332,55.0099983215332,55.0099983215332,456.0
2024-10-25 15:11:00+00:00,HCP,33.64500045776367,33.64500045776367,33.64500045776367,33.64500045776367,33.64500045776367,1743.0
2024-10-25 15:11:00+00:00,HEAR,16.5,16.5,16.5,16.5,16.5,643.0
2024-10-25 15:11:00+00:00,HIMX,6.170000076293945,6.170000076293945,6.175000190734863,6.170000076293945,6.175000190734863,856.0
2024-10-25 15:11:00+00:00,HOLO,3.6393001079559326,3.6393001079559326,3.6393001079559326,3.630000114440918,3.630000114440918,1860.0
2024-10-25 15:11:00+00:00,HOOD,27.09000015258789,27.09000015258789,27.094999313354492,27.08970069885254,27.09000015258789,4163.0
2024-10-25 15:11:00+00:00,ICHR,27.53459930419922,27.53459930419922,27.53459930419922,27.523300170898438,27.530000686645508,897.0
2024-10-25 15:11:00+00:00,IIIV,22.90999984741211,22.90999984741211,22.90999984741211,22.899999618530273,22.899999618530273,658.0
2024-10-25 15:11:00+00:00,IMXI,17.6299991607666,17.6299991607666,17.639999389648438,17.6299991607666,17.639999389648438,539.0
2024-10-25 15:11:00+00:00,INDI,3.4700000286102295,3.4700000286102295,3.4749999046325684,3.4649999141693115,3.4649999141693115,12624.0
2024-10-25 15:11:00+00:00,INFN,6.769999980926514,6.769999980926514,6.769999980926514,6.769999980926514,6.769999980926514,700.0
2024-10-25 15:11:00+00:00,INTA,49.959999084472656,49.959999084472656,49.959999084472656,49.939998626708984,49.939998626708984,356.0
2024-10-25 15:11:00+00:00,INTC,22.860000610351562,22.860000610351562,22.860000610351562,22.853099822998047,22.855499267578125,18137.0
2024-10-25 15:11:00+00:00,INTU,608.7000122070312,608.7000122070312,608.7000122070312,608.7000122070312,608.7000122070312,997.0
2024-10-25 15:11:00+00:00,ITI,7.199999809265137,7.199999809265137,7.199999809265137,7.199999809265137,7.199999809265137,228.0
2024-10-25 15:11:00+00:00,JKHY,183.0399932861328,183.0399932861328,183.0800018310547,183.00999450683594,183.00999450683594,5343.0
2024-10-25 15:11:00+00:00,KARO,39.540000915527344,39.540000915527344,39.93000030517578,39.540000915527344,39.93000030517578,945.0
2024-10-25 15:11:00+00:00,KC,2.680000066757202,2.680000066757202,2.684999942779541,2.680000066757202,2.680000066757202,580.0
2024-10-25 15:11:00+00:00,KLAC,675.5599975585938,675.5599975585938,675.6799926757812,675.39501953125,675.6799926757812,1980.0
2024-10-25 15:11:00+00:00,LASR,10.430000305175781,10.430000305175781,10.430000305175781,10.430000305175781,10.430000305175781,426.0
2024-10-25 15:11:00+00:00,LINK,4.700099945068359,4.700099945068359,4.710000038146973,4.700099945068359,4.710000038146973,417.0
2024-10-25 15:11:00+00:00,LITE,64.61499786376953,64.61499786376953,64.61499786376953,64.61499786376953,64.61499786376953,333.0
2024-10-25 15:11:00+00:00,LOGI,80.76000213623047,80.76000213623047,80.76000213623047,80.66999816894531,80.66999816894531,3433.0
2024-10-25 15:11:00+00:00,LRCX,78.5,78.5,78.5199966430664,78.48999786376953,78.48999786376953,25476.0
2024-10-25 15:11:00+00:00,LSCC,54.0,54.0,54.01499938964844,54.0,54.0,2698.0
2024-10-25 15:11:00+00:00,LTRX,4.090000152587891,4.090000152587891,4.090000152587891,4.090000152587891,4.090000152587891,105.0
2024-10-25 15:11:00+00:00,LUNA,1.8049999475479126,1.8049999475479126,1.8049999475479126,1.8049999475479126,1.8049999475479126,192.0
2024-10-25 15:11:00+00:00,LYFT,13.581399917602539,13.581399917602539,13.609999656677246,13.510000228881836,13.5600004196167,151725.0
2024-10-25 15:11:00+00:00,MAPS,0.8400999903678894,0.8400999903678894,0.8400999903678894,0.8399999737739563,0.8399999737739563,535.0
2024-10-25 15:11:00+00:00,MAXN,5.797999858856201,5.797999858856201,5.797999858856201,5.797999858856201,5.797999858856201,261.0
2024-10-25 15:11:00+00:00,MCHP,76.76000213623047,76.76000213623047,76.76249694824219,76.7300033569336,76.7300033569336,4035.0
2024-10-25 15:11:00+00:00,MNDY,297.7373046875,297.7373046875,297.7373046875,297.7373046875,297.7373046875,665.0
2024-10-25 15:11:00+00:00,MQ,5.304999828338623,5.304999828338623,5.309999942779541,5.302499771118164,5.304999828338623,1561.0
2024-10-25 15:11:00+00:00,MRVL,82.1500015258789,82.1500015258789,82.18000030517578,82.11499786376953,82.13999938964844,5760.0
2024-10-25 15:11:00+00:00,MSFT,428.6499938964844,428.6499938964844,428.80999755859375,428.6499938964844,428.7550048828125,19165.0
2024-10-25 15:11:00+00:00,MSTR,233.75999450683594,233.75999450683594,234.389892578125,233.57000732421875,234.19000244140625,36435.0
2024-10-25 15:11:00+00:00,MTC,0.3758000135421753,0.3758000135421753,0.3758000135421753,0.3758000135421753,0.3758000135421753,1894.0
2024-10-25 15:11:00+00:00,MTLS,5.90500020980835,5.90500020980835,5.90500020980835,5.90500020980835,5.90500020980835,614.0
2024-10-25 15:11:00+00:00,MTSI,121.31500244140625,121.31500244140625,121.31500244140625,121.31500244140625,121.31500244140625,486.0
2024-10-25 15:11:00+00:00,MTTR,4.585000038146973,4.585000038146973,4.585000038146973,4.579999923706055,4.579999923706055,3909.0
2024-10-25 15:11:00+00:00,MU,108.44000244140625,108.44000244140625,108.45999908447266,108.40950012207031,108.40950012207031,12862.0
2024-10-25 15:11:00+00:00,MVIS,1.0801000595092773,1.0801000595092773,1.0801000595092773,1.0800000429153442,1.0800000429153442,900.0
2024-10-25 15:11:00+00:00,MXL,14.774999618530273,14.774999618530273,14.774999618530273,14.774999618530273,14.774999618530273,1016.0
2024-10-25 15:11:00+00:00,NCNO,37.849998474121094,37.849998474121094,37.849998474121094,37.849998474121094,37.849998474121094,961.0
2024-10-25 15:11:00+00:00,NICE,175.12249755859375,175.12249755859375,175.12249755859375,175.12249755859375,175.12249755859375,149.0
2024-10-25 15:11:00+00:00,NSIT,208.86000061035156,208.86000061035156,208.86000061035156,208.86000061035156,208.86000061035156,576.0
2024-10-25 15:11:00+00:00,NTAP,119.8499984741211,119.8499984741211,119.86000061035156,119.8499984741211,119.86000061035156,1111.0
2024-10-25 15:11:00+00:00,NTCT,20.639999389648438,20.639999389648438,20.639999389648438,20.6200008392334,20.6200008392334,1003.0
2024-10-25 15:11:00+00:00,NTNX,61.939998626708984,61.939998626708984,61.939998626708984,61.939998626708984,61.939998626708984,723.0
2024-10-25 15:11:00+00:00,NTWK,3.1500000953674316,3.1500000953674316,3.1500000953674316,3.1500000953674316,3.1500000953674316,345.0
2024-10-25 15:11:00+00:00,NVDA,142.08999633789062,142.08999633789062,142.1300048828125,142.0,142.0050048828125,308023.0
2024-10-25 15:11:00+00:00,NVMI,183.69000244140625,183.69000244140625,183.69000244140625,183.69000244140625,183.69000244140625,120.0
2024-10-25 15:11:00+00:00,NVTS,2.5369999408721924,2.5369999408721924,2.5399999618530273,2.5350000858306885,2.5350000858306885,8407.0
2024-10-25 15:11:00+00:00,NXPI,243.83999633789062,243.83999633789062,243.83999633789062,243.7899932861328,243.7899932861328,1682.0
2024-10-25 15:11:00+00:00,OKTA,72.27999877929688,72.27999877929688,72.27999877929688,72.27999877929688,72.27999877929688,288.0
2024-10-25 15:11:00+00:00,ON,71.36000061035156,71.36000061035156,71.37999725341797,71.30999755859375,71.31999969482422,15282.0
2024-10-25 15:11:00+00:00,OSPN,14.569999694824219,14.569999694824219,14.569999694824219,14.569999694824219,14.569999694824219,955.0
2024-10-25 15:11:00+00:00,OTEX,33.25,33.25,33.2599983215332,33.25,33.2599983215332,925.0
2024-10-25 15:11:00+00:00,PANW,366.7250061035156,366.7250061035156,366.75,366.7250061035156,366.7300109863281,2082.0
2024-10-25 15:11:00+00:00,PCTY,173.67999267578125,173.67999267578125,173.67999267578125,173.67999267578125,173.67999267578125,367.0
2024-10-25 15:11:00+00:00,PDFS,29.210399627685547,29.210399627685547,29.219999313354492,29.200000762939453,29.219999313354492,1353.0
2024-10-25 15:11:00+00:00,PEGA,78.87000274658203,78.87000274658203,79.04499816894531,78.83000183105469,79.0199966430664,3819.0
2024-10-25 15:11:00+00:00,PGY,11.920000076293945,11.920000076293945,11.920000076293945,11.907500267028809,11.90999984741211,1005.0
2024-10-25 15:11:00+00:00,PHUN,10.270000457763672,10.270000457763672,10.350700378417969,10.270000457763672,10.350700378417969,54265.0
2024-10-25 15:11:00+00:00,PRCH,1.2949999570846558,1.2949999570846558,1.2949999570846558,1.2949999570846558,1.2949999570846558,126.0
2024-10-25 15:11:00+00:00,PRGS,64.61000061035156,64.61000061035156,64.62999725341797,64.61000061035156,64.62999725341797,788.0
2024-10-25 15:11:00+00:00,PTC,187.11500549316406,187.11500549316406,187.1300048828125,187.10000610351562,187.10000610351562,1514.0
2024-10-25 15:11:00+00:00,PYCR,14.335000038146973,14.335000038146973,14.34000015258789,14.335000038146973,14.335000038146973,2879.0
2024-10-25 15:11:00+00:00,QCOM,170.90499877929688,170.90499877929688,170.92999267578125,170.89999389648438,170.90499877929688,5101.0
2024-10-25 15:11:00+00:00,QRVO,99.91000366210938,99.91000366210938,99.91000366210938,99.87999725341797,99.88999938964844,1096.0
2024-10-25 15:11:00+00:00,QUBT,1.0750000476837158,1.0750000476837158,1.0799000263214111,1.0750000476837158,1.0799000263214111,2185.0
2024-10-25 15:11:00+00:00,RDWR,22.329999923706055,22.329999923706055,22.329999923706055,22.329999923706055,22.329999923706055,857.0
2024-10-25 15:11:00+00:00,REKR,1.0850000381469727,1.0850000381469727,1.0850000381469727,1.0850000381469727,1.0850000381469727,507.0
2024-10-25 15:11:00+00:00,RELY,14.890000343322754,14.890000343322754,14.890000343322754,14.880000114440918,14.880000114440918,793.0
2024-10-25 15:11:00+00:00,RGTI,1.2300000190734863,1.2300000190734863,1.2300000190734863,1.2201000452041626,1.2201000452041626,1548.0
2024-10-25 15:11:00+00:00,RIOT,9.767499923706055,9.767499923706055,9.777000427246094,9.760100364685059,9.769800186157227,22164.0
2024-10-25 15:11:00+00:00,RMBS,43.43000030517578,43.43000030517578,43.43000030517578,43.43000030517578,43.43000030517578,906.0
2024-10-25 15:11:00+00:00,RPAY,7.735000133514404,7.735000133514404,7.735000133514404,7.730000019073486,7.735000133514404,1188.0
2024-10-25 15:11:00+00:00,RPD,39.11000061035156,39.11000061035156,39.11000061035156,39.11000061035156,39.11000061035156,410.0
2024-10-25 15:11:00+00:00,RUN,14.390000343322754,14.390000343322754,14.390000343322754,14.385000228881836,14.385000228881836,7465.0
2024-10-25 15:11:00+00:00,SANM,67.68000030517578,67.68000030517578,67.68000030517578,67.6500015258789,67.6500015258789,1063.0
2024-10-25 15:11:00+00:00,SATS,25.309999465942383,25.309999465942383,25.309999465942383,25.309999465942383,25.309999465942383,1461.0
2024-10-25 15:11:00+00:00,SCSC,44.76499938964844,44.76499938964844,44.76499938964844,44.72999954223633,44.72999954223633,348.0
2024-10-25 15:11:00+00:00,SEDG,15.930000305175781,15.930000305175781,15.930000305175781,15.90999984741211,15.90999984741211,3135.0
2024-10-25 15:11:00+00:00,SHLS,5.244999885559082,5.244999885559082,5.244999885559082,5.239999771118164,5.240099906921387,2469.0
2024-10-25 15:11:00+00:00,SIMO,56.2599983215332,56.2599983215332,56.34000015258789,56.23500061035156,56.34000015258789,2038.0
2024-10-25 15:11:00+00:00,SITM,178.89999389648438,178.89999389648438,178.92999267578125,178.89999389648438,178.92999267578125,1204.0
2024-10-25 15:11:00+00:00,SMCI,47.509498596191406,47.509498596191406,47.54499816894531,47.5,47.5099983215332,53677.0
2024-10-25 15:11:00+00:00,SMTC,45.650001525878906,45.650001525878906,45.66999816894531,45.630001068115234,45.66999816894531,1183.0
2024-10-25 15:11:00+00:00,SNPS,502.8900146484375,502.8900146484375,502.8900146484375,502.8599853515625,502.8599853515625,938.0
2024-10-25 15:11:00+00:00,SONO,12.710200309753418,12.710200309753418,12.710200309753418,12.710000038146973,12.710000038146973,1243.0
2024-10-25 15:11:00+00:00,SOUN,5.1869001388549805,5.1869001388549805,5.189199924468994,5.179999828338623,5.179999828338623,14441.0
2024-10-25 15:11:00+00:00,SPSC,170.80999755859375,170.80999755859375,170.86000061035156,170.80999755859375,170.86000061035156,752.0
2024-10-25 15:11:00+00:00,SRAD,12.34000015258789,12.34000015258789,12.34000015258789,12.34000015258789,12.34000015258789,823.0
2024-10-25 15:11:00+00:00,SSNC,69.91500091552734,69.91500091552734,69.91999816894531,69.9000015258789,69.9000015258789,10963.0
2024-10-25 15:11:00+00:00,STNE,11.550000190734863,11.550000190734863,11.555000305175781,11.550000190734863,11.555000305175781,3368.0
2024-10-25 15:11:00+00:00,STX,103.55999755859375,103.55999755859375,103.58499908447266,103.55999755859375,103.58000183105469,1912.0
2024-10-25 15:11:00+00:00,SWKS,95.91000366210938,95.91000366210938,95.93499755859375,95.91000366210938,95.93000030517578,1147.0
2024-10-25 15:11:00+00:00,TACT,4.164999961853027,4.164999961853027,4.164999961853027,4.164999961853027,4.164999961853027,200.0
2024-10-25 15:11:00+00:00,TEAM,189.47999572753906,189.47999572753906,189.47999572753906,189.4416961669922,189.47999572753906,834.0
2024-10-25 15:11:00+00:00,TER,112.2300033569336,112.2300033569336,112.2699966430664,112.22000122070312,112.23999786376953,6411.0
2024-10-25 15:11:00+00:00,TLS,3.559999942779541,3.559999942779541,3.565000057220459,3.559999942779541,3.565000057220459,4850.0
2024-10-25 15:11:00+00:00,TRMB,60.97999954223633,60.97999954223633,60.97999954223633,60.97999954223633,60.97999954223633,379.0
2024-10-25 15:11:00+00:00,TSEM,44.77000045776367,44.77000045776367,44.77000045776367,44.72999954223633,44.72999954223633,1863.0
2024-10-25 15:11:00+00:00,TTD,119.16999816894531,119.16999816894531,119.16999816894531,119.125,119.125,2676.0
2024-10-25 15:11:00+00:00,TTMI,19.61050033569336,19.61050033569336,19.61050033569336,19.61050033569336,19.61050033569336,143.0
2024-10-25 15:11:00+00:00,TWKS,4.445000171661377,4.445000171661377,4.445499897003174,4.445000171661377,4.445000171661377,33932.0
2024-10-25 15:11:00+00:00,TXN,207.44659423828125,207.44659423828125,207.52999877929688,207.44000244140625,207.47999572753906,7484.0
2024-10-25 15:11:00+00:00,UCTT,35.78070068359375,35.78070068359375,35.78070068359375,35.779998779296875,35.779998779296875,2386.0
2024-10-25 15:11:00+00:00,UEIC,8.050000190734863,8.050000190734863,8.050000190734863,8.050000190734863,8.050000190734863,372.0
2024-10-25 15:11:00+00:00,VECO,29.339099884033203,29.339099884033203,29.339099884033203,29.325000762939453,29.329999923706055,2093.0
2024-10-25 15:11:00+00:00,VERB,10.800000190734863,10.800000190734863,10.807999610900879,10.800000190734863,10.807999610900879,807.0
2024-10-25 15:11:00+00:00,VERX,41.84000015258789,41.84000015258789,41.84000015258789,41.83000183105469,41.83000183105469,840.0
2024-10-25 15:11:00+00:00,VIAV,9.1899995803833,9.1899995803833,9.194999694824219,9.1899995803833,9.194999694824219,430.0
2024-10-25 15:11:00+00:00,VICR,46.67499923706055,46.67499923706055,46.68000030517578,46.67499923706055,46.68000030517578,668.0
2024-10-25 15:11:00+00:00,VMEO,4.755000114440918,4.755000114440918,4.760000228881836,4.755000114440918,4.760000228881836,1350.0
2024-10-25 15:11:00+00:00,VNET,3.3949999809265137,3.3949999809265137,3.3949999809265137,3.3949999809265137,3.3949999809265137,552.0
2024-10-25 15:11:00+00:00,VRNS,56.849998474121094,56.849998474121094,56.88999938964844,56.849998474121094,56.869998931884766,1971.0
2024-10-25 15:11:00+00:00,VRNT,21.877899169921875,21.877899169921875,21.877899169921875,21.877899169921875,21.877899169921875,657.0
2024-10-25 15:11:00+00:00,VRSN,182.14999389648438,182.14999389648438,182.27000427246094,182.14999389648438,182.24000549316406,3963.0
2024-10-25 15:11:00+00:00,VSAT,10.180000305175781,10.180000305175781,10.1850004196167,10.180000305175781,10.180000305175781,1254.0
2024-10-25 15:11:00+00:00,VUZI,1.2899999618530273,1.2899999618530273,1.2899999618530273,1.2899999618530273,1.2899999618530273,2374.0
2024-10-25 15:11:00+00:00,WDAY,238.4499969482422,238.4499969482422,238.58999633789062,238.4499969482422,238.58999633789062,2143.0
2024-10-25 15:11:00+00:00,WDC,70.12000274658203,70.12000274658203,70.13999938964844,70.11000061035156,70.12000274658203,4808.0
2024-10-25 15:11:00+00:00,WISA,2.0374999046325684,2.0374999046325684,2.039599895477295,2.0299999713897705,2.039599895477295,2929.0
2024-10-25 15:11:00+00:00,WRAP,1.8300000429153442,1.8300000429153442,1.8300000429153442,1.8229000568389893,1.8229000568389893,14761.0
2024-10-25 15:11:00+00:00,XRX,10.005000114440918,10.005000114440918,10.005999565124512,9.994999885559082,10.0,2381.0
2024-10-25 15:11:00+00:00,ZBRA,361.6000061035156,361.6000061035156,361.7099914550781,361.6000061035156,361.7099914550781,1775.0
2024-10-25 15:11:00+00:00,ZM,72.97000122070312,72.97000122070312,72.97000122070312,72.9520034790039,72.9520034790039,2755.0
2024-10-25 15:12:00+00:00,AAOI,17.600000381469727,17.600000381469727,17.600000381469727,17.59000015258789,17.59000015258789,3813.0
2024-10-25 15:12:00+00:00,AAPL,231.89999389648438,231.89999389648438,231.9398956298828,231.85000610351562,231.9149932861328,31567.0
2024-10-25 15:12:00+00:00,ACLS,89.9800033569336,89.9800033569336,89.98999786376953,89.9800033569336,89.98999786376953,1460.0
2024-10-25 15:12:00+00:00,ACMR,19.655000686645508,19.655000686645508,19.655000686645508,19.6299991607666,19.639999389648438,1820.0
2024-10-25 15:12:00+00:00,ADBE,483.44500732421875,483.44500732421875,483.44500732421875,483.1300048828125,483.2427978515625,7291.0
2024-10-25 15:12:00+00:00,ADI,231.02000427246094,231.02000427246094,231.0399932861328,231.02000427246094,231.0399932861328,686.0
2024-10-25 15:12:00+00:00,ADTN,6.300000190734863,6.300000190734863,6.300000190734863,6.300000190734863,6.300000190734863,951.0
2024-10-25 15:12:00+00:00,AEHR,16.90999984741211,16.90999984741211,16.969999313354492,16.90999984741211,16.957599639892578,2856.0
2024-10-25 15:12:00+00:00,AFRM,41.3650016784668,41.3650016784668,41.375,41.310001373291016,41.310001373291016,10719.0
2024-10-25 15:12:00+00:00,AIP,6.929900169372559,6.929900169372559,6.929900169372559,6.929900169372559,6.929900169372559,188.0
2024-10-25 15:12:00+00:00,AKAM,102.1500015258789,102.1500015258789,102.1500015258789,102.1500015258789,102.1500015258789,468.0
2024-10-25 15:12:00+00:00,AKTS,0.05990000069141388,0.05990000069141388,0.05990000069141388,0.05990000069141388,0.05990000069141388,18875.0
2024-10-25 15:12:00+00:00,ALGM,23.209999084472656,23.209999084472656,23.209999084472656,23.19499969482422,23.19499969482422,3215.0
2024-10-25 15:12:00+00:00,ALRM,54.40999984741211,54.40999984741211,54.40999984741211,54.40999984741211,54.40999984741211,200.0
2024-10-25 15:12:00+00:00,ALTR,104.0,104.0,104.0,103.9800033569336,103.98999786376953,1699.0
2024-10-25 15:12:00+00:00,AMAT,187.25,187.25,187.31849670410156,187.13999938964844,187.31849670410156,4333.0
2024-10-25 15:12:00+00:00,AMBA,57.97999954223633,57.97999954223633,57.97999954223633,57.97999954223633,57.97999954223633,528.0
2024-10-25 15:12:00+00:00,AMD,156.47000122070312,156.47000122070312,156.5399932861328,156.4499969482422,156.52000427246094,30856.0
2024-10-25 15:12:00+00:00,AMKR,29.975000381469727,29.975000381469727,29.975000381469727,29.975000381469727,29.975000381469727,1054.0
2024-10-25 15:12:00+00:00,API,2.884999990463257,2.884999990463257,2.8949999809265137,2.884999990463257,2.884999990463257,14776.0
2024-10-25 15:12:00+00:00,APP,161.4600067138672,161.4600067138672,161.5,161.38999938964844,161.38999938964844,7318.0
2024-10-25 15:12:00+00:00,APPN,32.130001068115234,32.130001068115234,32.130001068115234,32.130001068115234,32.130001068115234,327.0
2024-10-25 15:12:00+00:00,ARRY,6.385000228881836,6.385000228881836,6.389999866485596,6.380000114440918,6.389999866485596,14135.0
2024-10-25 15:12:00+00:00,ASML,714.1799926757812,714.1799926757812,714.4199829101562,714.1799926757812,714.4199829101562,1396.0
2024-10-25 15:12:00+00:00,ASNS,1.309999942779541,1.309999942779541,1.309999942779541,1.309999942779541,1.309999942779541,0.0
2024-10-25 15:12:00+00:00,ATOM,3.3350000381469727,3.3350000381469727,3.3440001010894775,3.3350000381469727,3.3440001010894775,1588.0
2024-10-25 15:12:00+00:00,AUR,6.400000095367432,6.400000095367432,6.40500020980835,6.400000095367432,6.4019999504089355,1831.0
2024-10-25 15:12:00+00:00,AVDX,8.119999885559082,8.119999885559082,8.119999885559082,8.119999885559082,8.119999885559082,3833.0
2024-10-25 15:12:00+00:00,AVGO,174.19000244140625,174.19000244140625,174.30499267578125,174.13999938964844,174.22000122070312,48531.0
2024-10-25 15:12:00+00:00,AVNW,20.709999084472656,20.709999084472656,20.709999084472656,20.709999084472656,20.709999084472656,113.0
2024-10-25 15:12:00+00:00,AVPT,11.904999732971191,11.904999732971191,11.904999732971191,11.904999732971191,11.904999732971191,484.0
2024-10-25 15:12:00+00:00,AVT,54.130001068115234,54.130001068115234,54.130001068115234,54.11000061035156,54.11000061035156,1021.0
2024-10-25 15:12:00+00:00,AXTI,2.674999952316284,2.674999952316284,2.674999952316284,2.674999952316284,2.674999952316284,318.0
2024-10-25 15:12:00+00:00,AZPN,238.35000610351562,238.35000610351562,238.35000610351562,238.35000610351562,238.35000610351562,615.0
2024-10-25 15:12:00+00:00,BAND,17.739999771118164,17.739999771118164,17.739999771118164,17.739999771118164,17.739999771118164,1754.0
2024-10-25 15:12:00+00:00,BELFB,78.94999694824219,78.94999694824219,78.94999694824219,78.94999694824219,78.94999694824219,394.0
2024-10-25 15:12:00+00:00,BLKB,85.83000183105469,85.83000183105469,85.83000183105469,85.83000183105469,85.83000183105469,1481.0
2024-10-25 15:12:00+00:00,BMBL,7.09499979019165,7.09499979019165,7.09499979019165,7.090000152587891,7.091400146484375,1692.0
2024-10-25 15:12:00+00:00,CAN,0.9736999869346619,0.9736999869346619,0.9743000268936157,0.9731000065803528,0.9732000231742859,5005.0
2024-10-25 15:12:00+00:00,CDNS,257.9100036621094,257.9100036621094,257.9100036621094,257.9100036621094,257.9100036621094,1915.0
2024-10-25 15:12:00+00:00,CDW,218.0449981689453,218.0449981689453,218.0449981689453,218.0449981689453,218.0449981689453,711.0
2024-10-25 15:12:00+00:00,CETX,0.30300000309944153,0.30300000309944153,0.30300000309944153,0.30300000309944153,0.30300000309944153,22027.0
2024-10-25 15:12:00+00:00,CFLT,22.469999313354492,22.469999313354492,22.469999313354492,22.44499969482422,22.450000762939453,3492.0
2024-10-25 15:12:00+00:00,CGNX,38.90999984741211,38.90999984741211,38.92499923706055,38.90999984741211,38.91999816894531,1935.0
2024-10-25 15:12:00+00:00,CLSK,11.635000228881836,11.635000228881836,11.63599967956543,11.600700378417969,11.611200332641602,64186.0
2024-10-25 15:12:00+00:00,CMTL,3.829900026321411,3.829900026321411,3.829900026321411,3.829900026321411,3.829900026321411,251.0
2024-10-25 15:12:00+00:00,COHR,95.65499877929688,95.65499877929688,95.67500305175781,95.63999938964844,95.66999816894531,2706.0
2024-10-25 15:12:00+00:00,COIN,206.13999938964844,206.13999938964844,206.4499969482422,206.13999938964844,206.3350067138672,10502.0
2024-10-25 15:12:00+00:00,COMM,6.239999771118164,6.239999771118164,6.239999771118164,6.235000133514404,6.235000133514404,1607.0
2024-10-25 15:12:00+00:00,CORZ,13.295000076293945,13.295000076293945,13.295599937438965,13.289999961853027,13.295599937438965,3889.0
2024-10-25 15:12:00+00:00,CPSH,1.429900050163269,1.429900050163269,1.429900050163269,1.429900050163269,1.429900050163269,1337.0
2024-10-25 15:12:00+00:00,CRCT,6.570000171661377,6.570000171661377,6.570000171661377,6.559999942779541,6.559999942779541,763.0
2024-10-25 15:12:00+00:00,CRDO,39.084999084472656,39.084999084472656,39.084999084472656,39.084999084472656,39.084999084472656,520.0
2024-10-25 15:12:00+00:00,CRUS,122.44000244140625,122.44000244140625,122.44000244140625,122.30000305175781,122.30000305175781,1794.0
2024-10-25 15:12:00+00:00,CRWD,299.1099853515625,299.1099853515625,299.2300109863281,298.9100036621094,298.9700012207031,16502.0
2024-10-25 15:12:00+00:00,CSCO,55.74399948120117,55.74399948120117,55.755001068115234,55.7400016784668,55.755001068115234,8882.0
2024-10-25 15:12:00+00:00,CSGS,47.380001068115234,47.380001068115234,47.38999938964844,47.380001068115234,47.38999938964844,324.0
2024-10-25 15:12:00+00:00,CSIQ,13.46500015258789,13.46500015258789,13.46500015258789,13.46500015258789,13.46500015258789,194.0
2024-10-25 15:12:00+00:00,CTSH,74.73500061035156,74.73500061035156,74.75,74.7300033569336,74.75,2572.0
2024-10-25 15:12:00+00:00,CVLT,134.41990661621094,134.41990661621094,134.41990661621094,134.38499450683594,134.38499450683594,1132.0
2024-10-25 15:12:00+00:00,DATS,1.4801000356674194,1.4801000356674194,1.6549999713897705,1.4700000286102295,1.6549999713897705,38827.0
2024-10-25 15:12:00+00:00,DAVE,38.5,38.5,38.5,38.459999084472656,38.459999084472656,694.0
2024-10-25 15:12:00+00:00,DBX,26.094999313354492,26.094999313354492,26.094999313354492,26.094999313354492,26.094999313354492,1138.0
2024-10-25 15:12:00+00:00,DDOG,126.41999816894531,126.41999816894531,126.41999816894531,126.37000274658203,126.37000274658203,1856.0
2024-10-25 15:12:00+00:00,DLO,8.829000473022461,8.829000473022461,8.829000473022461,8.829000473022461,8.829000473022461,133.0
2024-10-25 15:12:00+00:00,DOCU,68.88500213623047,68.88500213623047,68.9000015258789,68.875,68.9000015258789,2807.0
2024-10-25 15:12:00+00:00,DOMO,8.0649995803833,8.0649995803833,8.0649995803833,8.0649995803833,8.0649995803833,952.0
2024-10-25 15:12:00+00:00,DOX,89.11499786376953,89.11499786376953,89.17500305175781,89.11499786376953,89.17500305175781,3225.0
2024-10-25 15:12:00+00:00,EEFT,100.34500122070312,100.34500122070312,100.34500122070312,100.34500122070312,100.34500122070312,201.0
2024-10-25 15:12:00+00:00,EGAN,4.78000020980835,4.78000020980835,4.78000020980835,4.78000020980835,4.78000020980835,791.0
2024-10-25 15:12:00+00:00,ENPH,83.91999816894531,83.91999816894531,83.93000030517578,83.87999725341797,83.87999725341797,7479.0
2024-10-25 15:12:00+00:00,ENTG,105.09500122070312,105.09500122070312,105.16000366210938,105.02999877929688,105.16000366210938,3588.0
2024-10-25 15:12:00+00:00,ERIC,8.46500015258789,8.46500015258789,8.46500015258789,8.46500015258789,8.46500015258789,4317.0
2024-10-25 15:12:00+00:00,EXLS,38.650001525878906,38.650001525878906,38.685001373291016,38.63999938964844,38.685001373291016,7005.0
2024-10-25 15:12:00+00:00,EXTR,14.359999656677246,14.359999656677246,14.359999656677246,14.359999656677246,14.359999656677246,1153.0
2024-10-25 15:12:00+00:00,FFIV,216.86000061035156,216.86000061035156,216.86000061035156,216.86000061035156,216.86000061035156,595.0
2024-10-25 15:12:00+00:00,FIVN,29.8700008392334,29.8700008392334,29.878000259399414,29.8700008392334,29.8700008392334,1539.0
2024-10-25 15:12:00+00:00,FLEX,35.209999084472656,35.209999084472656,35.209999084472656,35.19499969482422,35.19499969482422,4739.0
2024-10-25 15:12:00+00:00,FLYW,17.329999923706055,17.329999923706055,17.329999923706055,17.329999923706055,17.329999923706055,1912.0
2024-10-25 15:12:00+00:00,FORM,44.7400016784668,44.7400016784668,44.7599983215332,44.7400016784668,44.7599983215332,904.0
2024-10-25 15:12:00+00:00,FROG,29.389999389648438,29.389999389648438,29.389999389648438,29.389999389648438,29.389999389648438,517.0
2024-10-25 15:12:00+00:00,FRSH,11.625,11.625,11.625,11.614999771118164,11.614999771118164,4236.0
2024-10-25 15:12:00+00:00,FSLR,198.4600067138672,198.4600067138672,198.4600067138672,198.42999267578125,198.42999267578125,1256.0
2024-10-25 15:12:00+00:00,FTCI,0.652999997138977,0.652999997138977,0.652999997138977,0.652999997138977,0.652999997138977,0.0
2024-10-25 15:12:00+00:00,FTNT,80.41000366210938,80.41000366210938,80.41999816894531,80.41000366210938,80.41500091552734,1583.0
2024-10-25 15:12:00+00:00,GCT,24.485000610351562,24.485000610351562,24.489999771118164,24.469999313354492,24.489999771118164,1392.0
2024-10-25 15:12:00+00:00,GDS,21.389999389648438,21.389999389648438,21.389999389648438,21.389999389648438,21.389999389648438,776.0
2024-10-25 15:12:00+00:00,GFS,40.58000183105469,40.58000183105469,40.58000183105469,40.58000183105469,40.58000183105469,1278.0
2024-10-25 15:12:00+00:00,GILT,4.934999942779541,4.934999942779541,4.940000057220459,4.934999942779541,4.934999942779541,504.0
2024-10-25 15:12:00+00:00,GPRO,1.315000057220459,1.315000057220459,1.315000057220459,1.309999942779541,1.309999942779541,347.0
2024-10-25 15:12:00+00:00,GRAB,4.085000038146973,4.085000038146973,4.085999965667725,4.079999923706055,4.085000038146973,26840.0
2024-10-25 15:12:00+00:00,GTLB,55.060001373291016,55.060001373291016,55.08000183105469,55.02000045776367,55.02000045776367,3297.0
2024-10-25 15:12:00+00:00,HCP,33.64500045776367,33.64500045776367,33.64500045776367,33.64500045776367,33.64500045776367,604.0
2024-10-25 15:12:00+00:00,HIMX,6.179999828338623,6.179999828338623,6.179999828338623,6.179999828338623,6.179999828338623,956.0
2024-10-25 15:12:00+00:00,HLIT,14.789999961853027,14.789999961853027,14.789999961853027,14.774999618530273,14.779999732971191,2665.0
2024-10-25 15:12:00+00:00,HOLO,3.6500000953674316,3.6500000953674316,3.6500000953674316,3.630000114440918,3.630000114440918,4051.0
2024-10-25 15:12:00+00:00,HOOD,27.06999969482422,27.06999969482422,27.09000015258789,27.060100555419922,27.084999084472656,15528.0
2024-10-25 15:12:00+00:00,IBEX,18.014999389648438,18.014999389648438,18.014999389648438,18.014999389648438,18.014999389648438,206.0
2024-10-25 15:12:00+00:00,III,3.050800085067749,3.050800085067749,3.0580999851226807,3.050800085067749,3.0580999851226807,4804.0
2024-10-25 15:12:00+00:00,IMMR,8.675000190734863,8.675000190734863,8.675000190734863,8.670000076293945,8.670000076293945,721.0
2024-10-25 15:12:00+00:00,IMXI,17.6299991607666,17.6299991607666,17.6299991607666,17.6299991607666,17.6299991607666,108.0
2024-10-25 15:12:00+00:00,INDI,3.4749999046325684,3.4749999046325684,3.4749999046325684,3.4749999046325684,3.4749999046325684,389.0
2024-10-25 15:12:00+00:00,INOD,20.315000534057617,20.315000534057617,20.34000015258789,20.280000686645508,20.280000686645508,7637.0
2024-10-25 15:12:00+00:00,INTC,22.84000015258789,22.84000015258789,22.859500885009766,22.84000015258789,22.854999542236328,64625.0
2024-10-25 15:12:00+00:00,INTU,608.530029296875,608.530029296875,608.5349731445312,608.3499755859375,608.5349731445312,2252.0
2024-10-25 15:12:00+00:00,INTZ,0.7304999828338623,0.7304999828338623,0.7304999828338623,0.7304999828338623,0.7304999828338623,1000.0
2024-10-25 15:12:00+00:00,ITRI,102.6050033569336,102.6050033569336,102.72000122070312,102.6050033569336,102.72000122070312,5742.0
2024-10-25 15:12:00+00:00,ITRN,27.314599990844727,27.314599990844727,27.34000015258789,27.314599990844727,27.34000015258789,1392.0
2024-10-25 15:12:00+00:00,JKHY,182.91000366210938,182.91000366210938,183.0399932861328,182.91000366210938,183.0399932861328,1840.0
2024-10-25 15:12:00+00:00,KC,2.684999942779541,2.684999942779541,2.684999942779541,2.684999942779541,2.684999942779541,417.0
2024-10-25 15:12:00+00:00,KLAC,675.5599975585938,675.5599975585938,675.5599975585938,675.5599975585938,675.5599975585938,1724.0
2024-10-25 15:12:00+00:00,KLIC,44.540000915527344,44.540000915527344,44.560001373291016,44.540000915527344,44.560001373291016,1100.0
2024-10-25 15:12:00+00:00,KLTR,1.3350000381469727,1.3350000381469727,1.3350000381469727,1.3350000381469727,1.3350000381469727,177.0
2024-10-25 15:12:00+00:00,LFUS,253.41000366210938,253.41000366210938,253.41000366210938,253.41000366210938,253.41000366210938,410.0
2024-10-25 15:12:00+00:00,LITE,64.58999633789062,64.58999633789062,64.58999633789062,64.58999633789062,64.58999633789062,2126.0
2024-10-25 15:12:00+00:00,LOGI,80.76000213623047,80.76000213623047,80.79879760742188,80.76000213623047,80.79879760742188,2272.0
2024-10-25 15:12:00+00:00,LRCX,78.41000366210938,78.41000366210938,78.5,78.3499984741211,78.5,40663.0
2024-10-25 15:12:00+00:00,LSCC,54.040000915527344,54.040000915527344,54.10499954223633,54.0099983215332,54.01499938964844,9202.0
2024-10-25 15:12:00+00:00,LTRX,4.090000152587891,4.090000152587891,4.090000152587891,4.090000152587891,4.090000152587891,203.0
2024-10-25 15:12:00+00:00,LYFT,13.619999885559082,13.619999885559082,13.625,13.539999961853027,13.585000038146973,92318.0
2024-10-25 15:12:00+00:00,LYTS,16.183500289916992,16.183500289916992,16.183500289916992,16.183500289916992,16.183500289916992,276.0
2024-10-25 15:12:00+00:00,MAXN,5.795000076293945,5.795000076293945,5.795000076293945,5.795000076293945,5.795000076293945,505.0
2024-10-25 15:12:00+00:00,MCHP,76.73500061035156,76.73500061035156,76.7699966430664,76.7249984741211,76.76000213623047,6274.0
2024-10-25 15:12:00+00:00,MDB,267.4700012207031,267.4700012207031,267.4700012207031,267.3299865722656,267.3299865722656,1107.0
2024-10-25 15:12:00+00:00,MITK,8.779999732971191,8.779999732971191,8.789999961853027,8.779999732971191,8.789999961853027,1227.0
2024-10-25 15:12:00+00:00,MKSI,101.0999984741211,101.0999984741211,101.0999984741211,101.0999984741211,101.0999984741211,252.0
2024-10-25 15:12:00+00:00,MKTW,0.5849999785423279,0.5849999785423279,0.585099995136261,0.5849999785423279,0.5849999785423279,4372.0
2024-10-25 15:12:00+00:00,MNDY,297.66009521484375,297.66009521484375,297.66009521484375,297.66009521484375,297.66009521484375,828.0
2024-10-25 15:12:00+00:00,MPWR,908.1699829101562,908.1699829101562,908.3099975585938,907.6599731445312,908.3099975585938,1900.0
2024-10-25 15:12:00+00:00,MQ,5.309999942779541,5.309999942779541,5.309999942779541,5.300000190734863,5.304999828338623,2166.0
2024-10-25 15:12:00+00:00,MRVL,82.12999725341797,82.12999725341797,82.16000366210938,82.1050033569336,82.16000366210938,5012.0
2024-10-25 15:12:00+00:00,MSFT,428.6300048828125,428.6300048828125,428.6499938964844,428.52960205078125,428.6099853515625,8440.0
2024-10-25 15:12:00+00:00,MSTR,233.72999572753906,233.72999572753906,233.9799041748047,232.9499969482422,233.75999450683594,72161.0
2024-10-25 15:12:00+00:00,MTSI,121.30000305175781,121.30000305175781,121.36000061035156,121.30000305175781,121.36000061035156,3704.0
2024-10-25 15:12:00+00:00,MTTR,4.585000038146973,4.585000038146973,4.585000038146973,4.579999923706055,4.579999923706055,1100.0
2024-10-25 15:12:00+00:00,MU,108.37999725341797,108.37999725341797,108.41999816894531,108.36000061035156,108.41999816894531,6555.0
2024-10-25 15:12:00+00:00,MVIS,1.0800000429153442,1.0800000429153442,1.0800000429153442,1.0800000429153442,1.0800000429153442,23313.0
2024-10-25 15:12:00+00:00,MXL,14.755000114440918,14.755000114440918,14.765000343322754,14.75,14.765000343322754,2488.0
2024-10-25 15:12:00+00:00,NCNO,37.85499954223633,37.85499954223633,37.85499954223633,37.849998474121094,37.849998474121094,2265.0
2024-10-25 15:12:00+00:00,NICE,175.0800018310547,175.0800018310547,175.0800018310547,175.0800018310547,175.0800018310547,286.0
2024-10-25 15:12:00+00:00,NNDM,2.319999933242798,2.319999933242798,2.319999933242798,2.319999933242798,2.319999933242798,1127.0
2024-10-25 15:12:00+00:00,NSIT,209.13999938964844,209.13999938964844,209.13999938964844,209.0749969482422,209.0749969482422,605.0
2024-10-25 15:12:00+00:00,NTAP,119.8499984741211,119.8499984741211,119.8499984741211,119.83499908447266,119.83999633789062,1329.0
2024-10-25 15:12:00+00:00,NTGR,20.231000900268555,20.231000900268555,20.231000900268555,20.231000900268555,20.231000900268555,119.0
2024-10-25 15:12:00+00:00,NTNX,61.935001373291016,61.935001373291016,61.935001373291016,61.92499923706055,61.92499923706055,575.0
2024-10-25 15:12:00+00:00,NVDA,142.0131072998047,142.0131072998047,142.09500122070312,141.9600067138672,142.0800018310547,218041.0
2024-10-25 15:12:00+00:00,NVEI,33.4900016784668,33.4900016784668,33.494998931884766,33.4900016784668,33.494998931884766,374.0
2024-10-25 15:12:00+00:00,NVMI,183.97999572753906,183.97999572753906,183.97999572753906,183.69000244140625,183.69000244140625,2020.0
2024-10-25 15:12:00+00:00,NVTS,2.5339999198913574,2.5339999198913574,2.5339999198913574,2.5339999198913574,2.5339999198913574,1111.0
2024-10-25 15:12:00+00:00,NXPI,243.8000030517578,243.8000030517578,243.86599731445312,243.8000030517578,243.86599731445312,4951.0
2024-10-25 15:12:00+00:00,OKTA,72.33000183105469,72.33000183105469,72.33000183105469,72.29499816894531,72.2979965209961,1081.0
2024-10-25 15:12:00+00:00,ON,71.30999755859375,71.30999755859375,71.37999725341797,71.27999877929688,71.3499984741211,14027.0
2024-10-25 15:12:00+00:00,OSIS,135.75,135.75,135.75,135.75,135.75,638.0
2024-10-25 15:12:00+00:00,OTEX,33.2599983215332,33.2599983215332,33.2599983215332,33.2599983215332,33.2599983215332,1345.0
2024-10-25 15:12:00+00:00,PANW,366.6000061035156,366.6000061035156,366.61248779296875,366.3100891113281,366.61248779296875,2262.0
2024-10-25 15:12:00+00:00,PAYO,8.345000267028809,8.345000267028809,8.345000267028809,8.345000267028809,8.345000267028809,2056.0
2024-10-25 15:12:00+00:00,PAYS,3.7100000381469727,3.7100000381469727,3.710400104522705,3.7100000381469727,3.710400104522705,1518.0
2024-10-25 15:12:00+00:00,PCTY,173.69000244140625,173.69000244140625,173.77000427246094,173.69000244140625,173.77000427246094,1198.0
2024-10-25 15:12:00+00:00,PEGA,78.98999786376953,78.98999786376953,78.98999786376953,78.86499786376953,78.86499786376953,2192.0
2024-10-25 15:12:00+00:00,PEGY,4.789999961853027,4.789999961853027,4.789999961853027,4.789999961853027,4.789999961853027,156.0
2024-10-25 15:12:00+00:00,PET,0.7900000214576721,0.7900000214576721,0.7900000214576721,0.7900000214576721,0.7900000214576721,344.0
2024-10-25 15:12:00+00:00,PGY,11.930000305175781,11.930000305175781,11.930000305175781,11.90999984741211,11.90999984741211,2239.0
2024-10-25 15:12:00+00:00,PHUN,10.279999732971191,10.279999732971191,10.280500411987305,10.25,10.272000312805176,32452.0
2024-10-25 15:12:00+00:00,PRCH,1.2999999523162842,1.2999999523162842,1.2999999523162842,1.2999999523162842,1.2999999523162842,379.0
2024-10-25 15:12:00+00:00,PRGS,64.62000274658203,64.62000274658203,64.62000274658203,64.62000274658203,64.62000274658203,149.0
2024-10-25 15:12:00+00:00,PTC,187.11000061035156,187.11000061035156,187.11500549316406,187.11000061035156,187.11500549316406,438.0
2024-10-25 15:12:00+00:00,PYCR,14.345000267028809,14.345000267028809,14.345000267028809,14.34000015258789,14.345000267028809,1539.0
2024-10-25 15:12:00+00:00,QCOM,170.89999389648438,170.89999389648438,170.91000366210938,170.83999633789062,170.8800048828125,8713.0
2024-10-25 15:12:00+00:00,QLYS,120.41500091552734,120.41500091552734,120.58000183105469,120.41500091552734,120.58000183105469,3471.0
2024-10-25 15:12:00+00:00,QRVO,99.91000366210938,99.91000366210938,99.91000366210938,99.91000366210938,99.91000366210938,1219.0
2024-10-25 15:12:00+00:00,QUBT,1.0765000581741333,1.0765000581741333,1.0765000581741333,1.0750000476837158,1.0750000476837158,1500.0
2024-10-25 15:12:00+00:00,REKR,1.090000033378601,1.090000033378601,1.090000033378601,1.0850000381469727,1.0850000381469727,1592.0
2024-10-25 15:12:00+00:00,RELY,14.890000343322754,14.890000343322754,14.890000343322754,14.885000228881836,14.885000228881836,880.0
2024-10-25 15:12:00+00:00,RGTI,1.2300000190734863,1.2300000190734863,1.2300000190734863,1.2264000177383423,1.2300000190734863,2893.0
2024-10-25 15:12:00+00:00,RIOT,9.780099868774414,9.780099868774414,9.78600025177002,9.760000228881836,9.765000343322754,26197.0
2024-10-25 15:12:00+00:00,RMBS,43.419898986816406,43.419898986816406,43.41999816894531,43.400001525878906,43.41999816894531,6497.0
2024-10-25 15:12:00+00:00,RMNI,1.715000033378601,1.715000033378601,1.7196999788284302,1.715000033378601,1.7196999788284302,424.0
2024-10-25 15:12:00+00:00,RPD,39.0099983215332,39.0099983215332,39.11000061035156,39.0099983215332,39.11000061035156,2419.0
2024-10-25 15:12:00+00:00,RUN,14.395000457763672,14.395000457763672,14.395000457763672,14.385000228881836,14.390000343322754,5034.0
2024-10-25 15:12:00+00:00,RXT,2.4700000286102295,2.4700000286102295,2.4700000286102295,2.4700000286102295,2.4700000286102295,357.0
2024-10-25 15:12:00+00:00,SATS,25.319900512695312,25.319900512695312,25.319900512695312,25.319900512695312,25.319900512695312,1194.0
2024-10-25 15:12:00+00:00,SCSC,44.72999954223633,44.72999954223633,44.72999954223633,44.72999954223633,44.72999954223633,836.0
2024-10-25 15:12:00+00:00,SEDG,15.914999961853027,15.914999961853027,15.930000305175781,15.90999984741211,15.925000190734863,9107.0
2024-10-25 15:12:00+00:00,SHLS,5.244999885559082,5.244999885559082,5.244999885559082,5.239999771118164,5.239999771118164,1837.0
2024-10-25 15:12:00+00:00,SKYT,10.5600004196167,10.5600004196167,10.5600004196167,10.5600004196167,10.5600004196167,866.0
2024-10-25 15:12:00+00:00,SMCI,47.540000915527344,47.540000915527344,47.560001373291016,47.4900016784668,47.5,57233.0
2024-10-25 15:12:00+00:00,SMTC,45.59000015258789,45.59000015258789,45.630001068115234,45.59000015258789,45.630001068115234,614.0
2024-10-25 15:12:00+00:00,SNPS,502.7799987792969,502.7799987792969,502.7950134277344,502.7799987792969,502.7950134277344,716.0
2024-10-25 15:12:00+00:00,SONO,12.720000267028809,12.720000267028809,12.720000267028809,12.720000267028809,12.720000267028809,1724.0
2024-10-25 15:12:00+00:00,SOUN,5.182499885559082,5.182499885559082,5.190000057220459,5.179999828338623,5.184500217437744,26265.0
2024-10-25 15:12:00+00:00,SPSC,170.75999450683594,170.75999450683594,170.75999450683594,170.6300048828125,170.6999969482422,907.0
2024-10-25 15:12:00+00:00,SSNC,69.8949966430664,69.8949966430664,69.91500091552734,69.88999938964844,69.91000366210938,8524.0
2024-10-25 15:12:00+00:00,STNE,11.555000305175781,11.555000305175781,11.555000305175781,11.550000190734863,11.555000305175781,2370.0
2024-10-25 15:12:00+00:00,STX,103.52999877929688,103.52999877929688,103.58999633789062,103.52999877929688,103.55000305175781,2097.0
2024-10-25 15:12:00+00:00,SWKS,95.87999725341797,95.87999725341797,95.91000366210938,95.87999725341797,95.91000366210938,2711.0
2024-10-25 15:12:00+00:00,SYNA,72.41000366210938,72.41000366210938,72.41000366210938,72.41000366210938,72.41000366210938,240.0
2024-10-25 15:12:00+00:00,TEAM,189.47999572753906,189.47999572753906,189.52000427246094,189.4499969482422,189.4600067138672,3042.0
2024-10-25 15:12:00+00:00,TENB,41.70500183105469,41.70500183105469,41.70500183105469,41.70000076293945,41.70000076293945,277.0
2024-10-25 15:12:00+00:00,TER,112.22000122070312,112.22000122070312,112.2300033569336,112.20999908447266,112.22000122070312,3861.0
2024-10-25 15:12:00+00:00,TLS,3.5799999237060547,3.5799999237060547,3.5799999237060547,3.569999933242798,3.569999933242798,2535.0
2024-10-25 15:12:00+00:00,TRMB,60.939998626708984,60.939998626708984,60.970001220703125,60.939998626708984,60.970001220703125,1534.0
2024-10-25 15:12:00+00:00,TSEM,44.75,44.75,44.75,44.75,44.75,720.0
2024-10-25 15:12:00+00:00,TTD,119.1500015258789,119.1500015258789,119.1500015258789,119.12999725341797,119.1500015258789,1709.0
2024-10-25 15:12:00+00:00,TTMI,19.610000610351562,19.610000610351562,19.610000610351562,19.610000610351562,19.610000610351562,1117.0
2024-10-25 15:12:00+00:00,TWKS,4.445000171661377,4.445000171661377,4.449999809265137,4.440000057220459,4.445000171661377,3330.0
2024-10-25 15:12:00+00:00,TXN,207.40499877929688,207.40499877929688,207.40499877929688,207.32000732421875,207.36000061035156,9732.0
2024-10-25 15:12:00+00:00,UCTT,35.744998931884766,35.744998931884766,35.79499816894531,35.72999954223633,35.779998779296875,8050.0
2024-10-25 15:12:00+00:00,UEIC,8.039999961853027,8.039999961853027,8.039999961853027,8.039999961853027,8.039999961853027,1230.0
2024-10-25 15:12:00+00:00,VECO,29.334999084472656,29.334999084472656,29.34000015258789,29.329999923706055,29.329999923706055,1163.0
2024-10-25 15:12:00+00:00,VERX,41.84000015258789,41.84000015258789,41.849998474121094,41.84000015258789,41.849998474121094,510.0
2024-10-25 15:12:00+00:00,VIAV,9.1899995803833,9.1899995803833,9.1899995803833,9.1899995803833,9.1899995803833,1871.0
2024-10-25 15:12:00+00:00,VICR,46.650001525878906,46.650001525878906,46.66999816894531,46.650001525878906,46.66999816894531,411.0
2024-10-25 15:12:00+00:00,VMEO,4.760000228881836,4.760000228881836,4.760000228881836,4.760000228881836,4.760000228881836,568.0
2024-10-25 15:12:00+00:00,VNET,3.3949999809265137,3.3949999809265137,3.3949999809265137,3.3949999809265137,3.3949999809265137,2147.0
2024-10-25 15:12:00+00:00,VRNS,56.81999969482422,56.81999969482422,56.81999969482422,56.79999923706055,56.79999923706055,963.0
2024-10-25 15:12:00+00:00,VRNT,21.8700008392334,21.8700008392334,21.8799991607666,21.860000610351562,21.8700008392334,2121.0
2024-10-25 15:12:00+00:00,VRSN,182.2550048828125,182.2550048828125,182.2550048828125,182.2550048828125,182.2550048828125,461.0
2024-10-25 15:12:00+00:00,VSAT,10.180000305175781,10.180000305175781,10.180000305175781,10.180000305175781,10.180000305175781,1635.0
2024-10-25 15:12:00+00:00,VUZI,1.2899999618530273,1.2899999618530273,1.2899999618530273,1.2899999618530273,1.2899999618530273,1003.0
2024-10-25 15:12:00+00:00,WALD,3.4800000190734863,3.4800000190734863,3.490000009536743,3.4800000190734863,3.490000009536743,314.0
2024-10-25 15:12:00+00:00,WDAY,238.47000122070312,238.47000122070312,238.47000122070312,238.42999267578125,238.47000122070312,986.0
2024-10-25 15:12:00+00:00,WDC,70.09500122070312,70.09500122070312,70.16999816894531,70.06999969482422,70.12999725341797,12066.0
2024-10-25 15:12:00+00:00,WISA,2.0399999618530273,2.0399999618530273,2.0399999618530273,2.0299999713897705,2.0399999618530273,2086.0
2024-10-25 15:12:00+00:00,WRAP,1.8600000143051147,1.8600000143051147,1.8700000047683716,1.8299000263214111,1.8300000429153442,8806.0
2024-10-25 15:12:00+00:00,XELA,1.9500999450683594,1.9500999450683594,1.9500999450683594,1.9500999450683594,1.9500999450683594,1725.0
2024-10-25 15:12:00+00:00,XPER,9.385000228881836,9.385000228881836,9.385000228881836,9.385000228881836,9.385000228881836,269.0
2024-10-25 15:12:00+00:00,XRX,9.989999771118164,9.989999771118164,10.0,9.989999771118164,10.0,2314.0
2024-10-25 15:12:00+00:00,ZBRA,361.5050048828125,361.5050048828125,361.5400085449219,361.42999267578125,361.5400085449219,2184.0
2024-10-25 15:12:00+00:00,ZI,10.479999542236328,10.479999542236328,10.479999542236328,10.479999542236328,10.479999542236328,1498.0
2024-10-25 15:12:00+00:00,ZM,72.97000122070312,72.97000122070312,73.00499725341797,72.97000122070312,72.98999786376953,7987.0
2024-10-25 15:12:00+00:00,ZS,185.0,185.0,185.0,185.0,185.0,1541.0
2024-10-25 15:13:00+00:00,AAPL,231.81500244140625,231.81500244140625,231.885498046875,231.7100067138672,231.885498046875,54645.0
2024-10-25 15:13:00+00:00,ACIW,48.90999984741211,48.90999984741211,48.90999984741211,48.90999984741211,48.90999984741211,412.0
2024-10-25 15:13:00+00:00,ACMR,19.622400283813477,19.622400283813477,19.622400283813477,19.6200008392334,19.6200008392334,856.0
2024-10-25 15:13:00+00:00,ADBE,483.1300048828125,483.1300048828125,483.5,483.010009765625,483.489990234375,6515.0
2024-10-25 15:13:00+00:00,ADI,230.9449005126953,230.9449005126953,231.0749969482422,230.9449005126953,231.0749969482422,2756.0
2024-10-25 15:13:00+00:00,ADSK,286.5199890136719,286.5199890136719,286.5199890136719,286.5199890136719,286.5199890136719,1526.0
2024-10-25 15:13:00+00:00,AEHR,16.899999618530273,16.899999618530273,16.915000915527344,16.899999618530273,16.915000915527344,1932.0
2024-10-25 15:13:00+00:00,AFRM,41.35499954223633,41.35499954223633,41.3650016784668,41.34000015258789,41.3650016784668,5953.0
2024-10-25 15:13:00+00:00,AKAM,102.05999755859375,102.05999755859375,102.12000274658203,102.05999755859375,102.12000274658203,2261.0
2024-10-25 15:13:00+00:00,ALGM,23.170000076293945,23.170000076293945,23.209999084472656,23.170000076293945,23.209999084472656,6123.0
2024-10-25 15:13:00+00:00,ALRM,54.38999938964844,54.38999938964844,54.38999938964844,54.38999938964844,54.38999938964844,394.0
2024-10-25 15:13:00+00:00,ALTR,104.0,104.0,104.0,104.0,104.0,1039.0
2024-10-25 15:13:00+00:00,AMAT,187.125,187.125,187.2895050048828,186.97999572753906,187.2550048828125,9977.0
2024-10-25 15:13:00+00:00,AMD,156.35609436035156,156.35609436035156,156.46499633789062,156.2899932861328,156.46499633789062,52732.0
2024-10-25 15:13:00+00:00,AMKR,29.950000762939453,29.950000762939453,29.959999084472656,29.940000534057617,29.950000762939453,10520.0
2024-10-25 15:13:00+00:00,AMPL,9.095000267028809,9.095000267028809,9.100000381469727,9.095000267028809,9.100000381469727,593.0
2024-10-25 15:13:00+00:00,ANSS,323.69000244140625,323.69000244140625,323.7699890136719,323.5350036621094,323.6000061035156,2241.0
2024-10-25 15:13:00+00:00,ANY,1.0499999523162842,1.0499999523162842,1.0499999523162842,1.0499999523162842,1.0499999523162842,496.0
2024-10-25 15:13:00+00:00,API,2.884999990463257,2.884999990463257,2.884999990463257,2.884999990463257,2.884999990463257,3800.0
2024-10-25 15:13:00+00:00,APP,161.4600067138672,161.4600067138672,161.4600067138672,161.4199981689453,161.4199981689453,890.0
2024-10-25 15:13:00+00:00,APPF,212.08999633789062,212.08999633789062,212.3699951171875,212.08999633789062,212.3699951171875,1406.0
2024-10-25 15:13:00+00:00,APPN,32.11000061035156,32.11000061035156,32.11000061035156,32.11000061035156,32.11000061035156,902.0
2024-10-25 15:13:00+00:00,APPS,3.075000047683716,3.075000047683716,3.075500011444092,3.075000047683716,3.075500011444092,1525.0
2024-10-25 15:13:00+00:00,ARRY,6.385000228881836,6.385000228881836,6.389999866485596,6.380000114440918,6.385000228881836,4461.0
2024-10-25 15:13:00+00:00,ASML,713.5599975585938,713.5599975585938,714.1099853515625,713.4099731445312,713.8775024414062,2745.0
2024-10-25 15:13:00+00:00,ASNS,1.3049999475479126,1.3049999475479126,1.3049999475479126,1.3049999475479126,1.3049999475479126,280.0
2024-10-25 15:13:00+00:00,ASUR,9.600000381469727,9.600000381469727,9.600000381469727,9.600000381469727,9.600000381469727,511.0
2024-10-25 15:13:00+00:00,AUR,6.40500020980835,6.40500020980835,6.408899784088135,6.400199890136719,6.40500020980835,1478.0
2024-10-25 15:13:00+00:00,AVDX,8.119999885559082,8.119999885559082,8.119999885559082,8.119999885559082,8.119999885559082,606.0
2024-10-25 15:13:00+00:00,AVGO,174.0850067138672,174.0850067138672,174.235595703125,173.9499969482422,174.1699981689453,33960.0
2024-10-25 15:13:00+00:00,AVNW,20.670000076293945,20.670000076293945,20.690000534057617,20.670000076293945,20.690000534057617,1057.0
2024-10-25 15:13:00+00:00,AVT,54.130001068115234,54.130001068115234,54.130001068115234,54.119998931884766,54.130001068115234,2715.0
2024-10-25 15:13:00+00:00,AZPN,238.17999267578125,238.17999267578125,238.47000122070312,238.17999267578125,238.47000122070312,612.0
2024-10-25 15:13:00+00:00,BIGC,5.28000020980835,5.28000020980835,5.28000020980835,5.28000020980835,5.28000020980835,436.0
2024-10-25 15:13:00+00:00,BL,56.33000183105469,56.33000183105469,56.35499954223633,56.33000183105469,56.35499954223633,1250.0
2024-10-25 15:13:00+00:00,BMBL,7.085000038146973,7.085000038146973,7.090000152587891,7.085000038146973,7.090000152587891,2019.0
2024-10-25 15:13:00+00:00,BRZE,30.59000015258789,30.59000015258789,30.59000015258789,30.59000015258789,30.59000015258789,1056.0
2024-10-25 15:13:00+00:00,BSY,49.11000061035156,49.11000061035156,49.11259841918945,49.11000061035156,49.11259841918945,622.0
2024-10-25 15:13:00+00:00,CAMT,77.62999725341797,77.62999725341797,77.73200225830078,77.62999725341797,77.73200225830078,1045.0
2024-10-25 15:13:00+00:00,CAN,0.9743000268936157,0.9743000268936157,0.974399983882904,0.9731000065803528,0.9731000065803528,867.0
2024-10-25 15:13:00+00:00,CCSI,20.049999237060547,20.049999237060547,20.190000534057617,20.049999237060547,20.190000534057617,2276.0
2024-10-25 15:13:00+00:00,CDNS,257.8500061035156,257.8500061035156,257.9049987792969,257.7449951171875,257.9049987792969,4877.0
2024-10-25 15:13:00+00:00,CDW,217.85000610351562,217.85000610351562,217.97999572753906,217.85000610351562,217.97999572753906,964.0
2024-10-25 15:13:00+00:00,CETX,0.30149999260902405,0.30149999260902405,0.30149999260902405,0.30149999260902405,0.30149999260902405,2704.0
2024-10-25 15:13:00+00:00,CEVA,24.045000076293945,24.045000076293945,24.045000076293945,24.045000076293945,24.045000076293945,436.0
2024-10-25 15:13:00+00:00,CFLT,22.489999771118164,22.489999771118164,22.489999771118164,22.459999084472656,22.479999542236328,5976.0
2024-10-25 15:13:00+00:00,CGNT,6.630000114440918,6.630000114440918,6.630000114440918,6.630000114440918,6.630000114440918,1276.0
2024-10-25 15:13:00+00:00,CGNX,38.900001525878906,38.900001525878906,38.90999984741211,38.900001525878906,38.90999984741211,5682.0
2024-10-25 15:13:00+00:00,CLSK,11.629300117492676,11.629300117492676,11.63759994506836,11.609999656677246,11.63010025024414,37711.0
2024-10-25 15:13:00+00:00,COHR,95.69999694824219,95.69999694824219,95.72000122070312,95.6500015258789,95.66000366210938,8818.0
2024-10-25 15:13:00+00:00,COHU,26.010000228881836,26.010000228881836,26.010000228881836,26.010000228881836,26.010000228881836,237.0
2024-10-25 15:13:00+00:00,COIN,206.3300018310547,206.3300018310547,206.5800018310547,206.13999938964844,206.24000549316406,14575.0
2024-10-25 15:13:00+00:00,COMM,6.224999904632568,6.224999904632568,6.235000133514404,6.224999904632568,6.235000133514404,3784.0
2024-10-25 15:13:00+00:00,CORZ,13.279999732971191,13.279999732971191,13.300000190734863,13.270000457763672,13.295000076293945,15407.0
2024-10-25 15:13:00+00:00,CRCT,6.570000171661377,6.570000171661377,6.570000171661377,6.570000171661377,6.570000171661377,286.0
2024-10-25 15:13:00+00:00,CRDO,39.06999969482422,39.06999969482422,39.084999084472656,39.060001373291016,39.084999084472656,3125.0
2024-10-25 15:13:00+00:00,CREX,4.244999885559082,4.244999885559082,4.244999885559082,4.244999885559082,4.244999885559082,1329.0
2024-10-25 15:13:00+00:00,CRNC,2.930000066757202,2.930000066757202,2.930000066757202,2.930000066757202,2.930000066757202,315.0
2024-10-25 15:13:00+00:00,CRSR,6.340000152587891,6.340000152587891,6.340000152587891,6.340000152587891,6.340000152587891,1391.0
2024-10-25 15:13:00+00:00,CRUS,122.31999969482422,122.31999969482422,122.3499984741211,122.31999969482422,122.3499984741211,769.0
2024-10-25 15:13:00+00:00,CRWD,299.0050048828125,299.0050048828125,299.1462097167969,298.7898864746094,298.9905090332031,8004.0
2024-10-25 15:13:00+00:00,CSCO,55.73680114746094,55.73680114746094,55.744998931884766,55.720001220703125,55.744998931884766,14294.0
2024-10-25 15:13:00+00:00,CSGS,47.380001068115234,47.380001068115234,47.380001068115234,47.380001068115234,47.380001068115234,427.0
2024-10-25 15:13:00+00:00,CSIQ,13.449999809265137,13.449999809265137,13.470000267028809,13.449999809265137,13.46500015258789,2438.0
2024-10-25 15:13:00+00:00,CTLP,8.895000457763672,8.895000457763672,8.895000457763672,8.864999771118164,8.880000114440918,3470.0
2024-10-25 15:13:00+00:00,CTSH,74.69999694824219,74.69999694824219,74.73500061035156,74.69999694824219,74.73500061035156,4220.0
2024-10-25 15:13:00+00:00,DAKT,13.050000190734863,13.050000190734863,13.050000190734863,13.020000457763672,13.050000190734863,8381.0
2024-10-25 15:13:00+00:00,DATS,1.534999966621399,1.534999966621399,1.5499999523162842,1.5161000490188599,1.5161000490188599,10256.0
2024-10-25 15:13:00+00:00,DAVE,38.58000183105469,38.58000183105469,38.58000183105469,38.5,38.5,1297.0
2024-10-25 15:13:00+00:00,DBX,26.094999313354492,26.094999313354492,26.094999313354492,26.09000015258789,26.094999313354492,5316.0
2024-10-25 15:13:00+00:00,DDOG,126.3949966430664,126.3949966430664,126.41500091552734,126.38999938964844,126.41000366210938,5064.0
2024-10-25 15:13:00+00:00,DGII,30.049999237060547,30.049999237060547,30.079999923706055,30.040000915527344,30.079999923706055,2581.0
2024-10-25 15:13:00+00:00,DLO,8.824999809265137,8.824999809265137,8.824999809265137,8.824999809265137,8.824999809265137,588.0
2024-10-25 15:13:00+00:00,DOCU,68.87999725341797,68.87999725341797,68.88999938964844,68.8499984741211,68.87999725341797,7135.0
2024-10-25 15:13:00+00:00,DOMO,8.074999809265137,8.074999809265137,8.079999923706055,8.074999809265137,8.079999923706055,627.0
2024-10-25 15:13:00+00:00,DTSS,2.4600000381469727,2.4600000381469727,2.4600000381469727,2.4600000381469727,2.4600000381469727,643.0
2024-10-25 15:13:00+00:00,DUOL,291.8699951171875,291.8699951171875,292.30499267578125,291.8699951171875,292.30499267578125,1868.0
2024-10-25 15:13:00+00:00,EEFT,100.25,100.25,100.29000091552734,100.25,100.29000091552734,1010.0
2024-10-25 15:13:00+00:00,EMKR,2.130000114440918,2.130000114440918,2.130000114440918,2.130000114440918,2.130000114440918,5428.0
2024-10-25 15:13:00+00:00,ENPH,83.8010025024414,83.8010025024414,83.8949966430664,83.8010025024414,83.88999938964844,4557.0
2024-10-25 15:13:00+00:00,ENTG,105.02999877929688,105.02999877929688,105.0780029296875,104.9800033569336,105.0780029296875,3285.0
2024-10-25 15:13:00+00:00,ERIC,8.46500015258789,8.46500015258789,8.465999603271484,8.460100173950195,8.465999603271484,9293.0
2024-10-25 15:13:00+00:00,EXLS,38.6349983215332,38.6349983215332,38.650001525878906,38.6349983215332,38.650001525878906,691.0
2024-10-25 15:13:00+00:00,EXTR,14.354999542236328,14.354999542236328,14.354999542236328,14.354999542236328,14.354999542236328,388.0
2024-10-25 15:13:00+00:00,FFIV,216.64999389648438,216.64999389648438,216.86000061035156,216.64999389648438,216.86000061035156,3044.0
2024-10-25 15:13:00+00:00,FIVN,29.854999542236328,29.854999542236328,29.875999450683594,29.854999542236328,29.8700008392334,2105.0
2024-10-25 15:13:00+00:00,FLEX,35.189998626708984,35.189998626708984,35.21500015258789,35.18450164794922,35.209999084472656,5609.0
2024-10-25 15:13:00+00:00,FLYW,17.309999465942383,17.309999465942383,17.309999465942383,17.309999465942383,17.309999465942383,1526.0
2024-10-25 15:13:00+00:00,FORM,44.689998626708984,44.689998626708984,44.709999084472656,44.689998626708984,44.709999084472656,472.0
2024-10-25 15:13:00+00:00,FROG,29.3799991607666,29.3799991607666,29.3799991607666,29.3799991607666,29.3799991607666,2101.0
2024-10-25 15:13:00+00:00,FRSH,11.614999771118164,11.614999771118164,11.625,11.614999771118164,11.625,5226.0
2024-10-25 15:13:00+00:00,FSLR,198.27000427246094,198.27000427246094,198.5,198.27000427246094,198.5,2745.0
2024-10-25 15:13:00+00:00,FTFT,0.3230000138282776,0.3230000138282776,0.3230000138282776,0.3160000145435333,0.3160000145435333,430.0
2024-10-25 15:13:00+00:00,FTNT,80.43350219726562,80.43350219726562,80.44000244140625,80.41000366210938,80.41000366210938,7803.0
2024-10-25 15:13:00+00:00,GCT,24.440000534057617,24.440000534057617,24.479999542236328,24.440000534057617,24.476299285888672,2414.0
2024-10-25 15:13:00+00:00,GDS,21.399900436401367,21.399900436401367,21.399900436401367,21.3700008392334,21.3700008392334,592.0
2024-10-25 15:13:00+00:00,GDYN,15.600000381469727,15.600000381469727,15.600000381469727,15.600000381469727,15.600000381469727,561.0
2024-10-25 15:13:00+00:00,GFS,40.54999923706055,40.54999923706055,40.56999969482422,40.54999923706055,40.56999969482422,2174.0
2024-10-25 15:13:00+00:00,GILT,4.929999828338623,4.929999828338623,4.929999828338623,4.929999828338623,4.929999828338623,1223.0
2024-10-25 15:13:00+00:00,GPRO,1.309999942779541,1.309999942779541,1.309999942779541,1.309999942779541,1.309999942779541,520.0
2024-10-25 15:13:00+00:00,GRAB,4.084499835968018,4.084499835968018,4.085000038146973,4.084499835968018,4.085000038146973,3203.0
2024-10-25 15:13:00+00:00,GTLB,55.040000915527344,55.040000915527344,55.099998474121094,55.040000915527344,55.099998474121094,1826.0
2024-10-25 15:13:00+00:00,HCKT,24.59000015258789,24.59000015258789,24.607999801635742,24.59000015258789,24.607999801635742,634.0
2024-10-25 15:13:00+00:00,HCP,33.64500045776367,33.64500045776367,33.64500045776367,33.64500045776367,33.64500045776367,744.0
2024-10-25 15:13:00+00:00,HEAR,16.489999771118164,16.489999771118164,16.510000228881836,16.399999618530273,16.469999313354492,13046.0
2024-10-25 15:13:00+00:00,HIMX,6.170000076293945,6.170000076293945,6.170000076293945,6.170000076293945,6.170000076293945,484.0
2024-10-25 15:13:00+00:00,HLIT,14.779999732971191,14.779999732971191,14.779999732971191,14.779999732971191,14.779999732971191,1148.0
2024-10-25 15:13:00+00:00,HOLO,3.640000104904175,3.640000104904175,3.640000104904175,3.640000104904175,3.640000104904175,440.0
2024-10-25 15:13:00+00:00,HOOD,27.079999923706055,27.079999923706055,27.079999923706055,27.06999969482422,27.075000762939453,4851.0
2024-10-25 15:13:00+00:00,ICHR,27.530000686645508,27.530000686645508,27.530000686645508,27.530000686645508,27.530000686645508,475.0
2024-10-25 15:13:00+00:00,III,3.050800085067749,3.050800085067749,3.050800085067749,3.050800085067749,3.050800085067749,652.0
2024-10-25 15:13:00+00:00,IIIV,22.920000076293945,22.920000076293945,22.920000076293945,22.920000076293945,22.920000076293945,1040.0
2024-10-25 15:13:00+00:00,IMMR,8.670000076293945,8.670000076293945,8.680000305175781,8.670000076293945,8.680000305175781,1192.0
2024-10-25 15:13:00+00:00,IMXI,17.6299991607666,17.6299991607666,17.6299991607666,17.6299991607666,17.6299991607666,153.0
2024-10-25 15:13:00+00:00,INDI,3.4749999046325684,3.4749999046325684,3.4749999046325684,3.4700000286102295,3.4749999046325684,4088.0
2024-10-25 15:13:00+00:00,INFN,6.769999980926514,6.769999980926514,6.769999980926514,6.769999980926514,6.769999980926514,304.0
2024-10-25 15:13:00+00:00,INOD,20.299999237060547,20.299999237060547,20.329999923706055,20.299999237060547,20.310400009155273,3243.0
2024-10-25 15:13:00+00:00,INTA,49.98500061035156,49.98500061035156,49.98500061035156,49.959999084472656,49.959999084472656,2162.0
2024-10-25 15:13:00+00:00,INTC,22.86359977722168,22.86359977722168,22.86989974975586,22.834999084472656,22.84000015258789,134846.0
2024-10-25 15:13:00+00:00,IPGP,77.19499969482422,77.19499969482422,77.19499969482422,77.1449966430664,77.1449966430664,582.0
2024-10-25 15:13:00+00:00,ITI,7.190000057220459,7.190000057220459,7.190000057220459,7.190000057220459,7.190000057220459,539.0
2024-10-25 15:13:00+00:00,JAMF,16.809999465942383,16.809999465942383,16.81999969482422,16.809999465942383,16.81999969482422,1605.0
2024-10-25 15:13:00+00:00,KC,2.684999942779541,2.684999942779541,2.6874001026153564,2.680000066757202,2.684999942779541,2620.0
2024-10-25 15:13:00+00:00,KLAC,674.7650146484375,674.7650146484375,674.969970703125,674.5,674.969970703125,1739.0
2024-10-25 15:13:00+00:00,KLIC,44.5099983215332,44.5099983215332,44.529998779296875,44.5099983215332,44.529998779296875,1041.0
2024-10-25 15:13:00+00:00,LITE,64.5199966430664,64.5199966430664,64.58499908447266,64.5199966430664,64.58499908447266,1708.0
2024-10-25 15:13:00+00:00,LOGI,80.75,80.75,80.75499725341797,80.75,80.75499725341797,351.0
2024-10-25 15:13:00+00:00,LPSN,1.169800043106079,1.169800043106079,1.169800043106079,1.1640000343322754,1.1640000343322754,3852.0
2024-10-25 15:13:00+00:00,LPTH,1.6699999570846558,1.6699999570846558,1.6699999570846558,1.6699999570846558,1.6699999570846558,300.0
2024-10-25 15:13:00+00:00,LRCX,78.33899688720703,78.33899688720703,78.45999908447266,78.28500366210938,78.41500091552734,20540.0
2024-10-25 15:13:00+00:00,LSCC,54.04999923706055,54.04999923706055,54.04999923706055,54.02000045776367,54.04999923706055,4874.0
2024-10-25 15:13:00+00:00,LTRX,4.090000152587891,4.090000152587891,4.090000152587891,4.090000152587891,4.090000152587891,1796.0
2024-10-25 15:13:00+00:00,LYFT,13.567000389099121,13.567000389099121,13.630000114440918,13.5,13.619999885559082,183220.0
2024-10-25 15:13:00+00:00,MANH,275.4700012207031,275.4700012207031,275.4700012207031,275.4700012207031,275.4700012207031,395.0
2024-10-25 15:13:00+00:00,MAXN,5.78000020980835,5.78000020980835,5.788099765777588,5.78000020980835,5.788099765777588,494.0
2024-10-25 15:13:00+00:00,MCHP,76.69000244140625,76.69000244140625,76.73999786376953,76.66999816894531,76.73999786376953,8402.0
2024-10-25 15:13:00+00:00,MDB,267.29998779296875,267.29998779296875,267.6300048828125,267.29998779296875,267.5799865722656,2319.0
2024-10-25 15:13:00+00:00,MITK,8.779999732971191,8.779999732971191,8.779999732971191,8.779999732971191,8.779999732971191,635.0
2024-10-25 15:13:00+00:00,MKSI,101.0,101.0,101.09500122070312,100.95999908447266,101.09500122070312,2607.0
2024-10-25 15:13:00+00:00,MKTW,0.5857999920845032,0.5857999920845032,0.5857999920845032,0.5857999920845032,0.5857999920845032,1883.0
2024-10-25 15:13:00+00:00,MPWR,906.8200073242188,906.8200073242188,907.4600219726562,906.8200073242188,907.4600219726562,999.0
2024-10-25 15:13:00+00:00,MQ,5.304999828338623,5.304999828338623,5.309999942779541,5.300000190734863,5.304999828338623,6307.0
2024-10-25 15:13:00+00:00,MRAM,6.34499979019165,6.34499979019165,6.34499979019165,6.34499979019165,6.34499979019165,247.0
2024-10-25 15:13:00+00:00,MRVL,82.06099700927734,82.06099700927734,82.13500213623047,82.0199966430664,82.13500213623047,9897.0
2024-10-25 15:13:00+00:00,MSFT,428.3800048828125,428.3800048828125,428.6600036621094,428.2300109863281,428.6600036621094,17384.0
2024-10-25 15:13:00+00:00,MSTR,232.88499450683594,232.88499450683594,233.50999450683594,232.66000366210938,233.50999450683594,38572.0
2024-10-25 15:13:00+00:00,MTSI,121.06500244140625,121.06500244140625,121.30999755859375,121.06500244140625,121.30999755859375,2630.0
2024-10-25 15:13:00+00:00,MTTR,4.579999923706055,4.579999923706055,4.585000038146973,4.579999923706055,4.579999923706055,2944.0
2024-10-25 15:13:00+00:00,MU,108.30500030517578,108.30500030517578,108.38999938964844,108.26000213623047,108.37999725341797,21142.0
2024-10-25 15:13:00+00:00,MVIS,1.0750000476837158,1.0750000476837158,1.0750000476837158,1.0750000476837158,1.0750000476837158,1857.0
2024-10-25 15:13:00+00:00,MXL,14.739999771118164,14.739999771118164,14.755000114440918,14.734999656677246,14.755000114440918,2287.0
2024-10-25 15:13:00+00:00,NCNO,37.880001068115234,37.880001068115234,37.880001068115234,37.86000061035156,37.86000061035156,5030.0
2024-10-25 15:13:00+00:00,NNDM,2.322200059890747,2.322200059890747,2.322200059890747,2.322200059890747,2.322200059890747,3130.0
2024-10-25 15:13:00+00:00,NSIT,209.13499450683594,209.13499450683594,209.13499450683594,209.13499450683594,209.13499450683594,375.0
2024-10-25 15:13:00+00:00,NTAP,119.80000305175781,119.80000305175781,119.8499984741211,119.80000305175781,119.83999633789062,2703.0
2024-10-25 15:13:00+00:00,NTCT,20.6299991607666,20.6299991607666,20.6299991607666,20.6299991607666,20.6299991607666,234.0
2024-10-25 15:13:00+00:00,NTGR,20.239999771118164,20.239999771118164,20.239999771118164,20.239999771118164,20.239999771118164,601.0
2024-10-25 15:13:00+00:00,NTNX,61.91999816894531,61.91999816894531,61.939998626708984,61.91999816894531,61.935001373291016,2698.0
2024-10-25 15:13:00+00:00,NVDA,141.96009826660156,141.96009826660156,142.0198974609375,141.8800048828125,142.01499938964844,239324.0
2024-10-25 15:13:00+00:00,NVEI,33.4900016784668,33.4900016784668,33.4900016784668,33.4900016784668,33.4900016784668,477.0
2024-10-25 15:13:00+00:00,NVTS,2.5299999713897705,2.5299999713897705,2.5350000858306885,2.5299999713897705,2.5350000858306885,575.0
2024-10-25 15:13:00+00:00,NXPI,243.64999389648438,243.64999389648438,243.84249877929688,243.5,243.84249877929688,5870.0
2024-10-25 15:13:00+00:00,OKTA,72.2699966430664,72.2699966430664,72.31999969482422,72.2699966430664,72.30000305175781,2585.0
2024-10-25 15:13:00+00:00,ON,71.30000305175781,71.30000305175781,71.33000183105469,71.25,71.31500244140625,13259.0
2024-10-25 15:13:00+00:00,OSPN,14.579999923706055,14.579999923706055,14.579999923706055,14.569999694824219,14.569999694824219,567.0
2024-10-25 15:13:00+00:00,PANW,366.4100036621094,366.4100036621094,366.6000061035156,366.4100036621094,366.6000061035156,1661.0
2024-10-25 15:13:00+00:00,PAYO,8.345000267028809,8.345000267028809,8.345000267028809,8.345000267028809,8.345000267028809,6826.0
2024-10-25 15:13:00+00:00,PCTY,173.69000244140625,173.69000244140625,173.69000244140625,173.69000244140625,173.69000244140625,359.0
2024-10-25 15:13:00+00:00,PDFS,29.149999618530273,29.149999618530273,29.190000534057617,29.149999618530273,29.190000534057617,2191.0
2024-10-25 15:13:00+00:00,PEGA,79.1050033569336,79.1050033569336,79.11000061035156,78.98999786376953,78.98999786376953,4267.0
2024-10-25 15:13:00+00:00,PEGY,4.78000020980835,4.78000020980835,4.799200057983398,4.78000020980835,4.799200057983398,3736.0
2024-10-25 15:13:00+00:00,PGY,11.930000305175781,11.930000305175781,11.930000305175781,11.920000076293945,11.930000305175781,1199.0
2024-10-25 15:13:00+00:00,PHUN,10.326899528503418,10.326899528503418,10.329899787902832,10.275899887084961,10.279999732971191,13526.0
2024-10-25 15:13:00+00:00,PI,201.86000061035156,201.86000061035156,202.24000549316406,201.60040283203125,202.24000549316406,3133.0
2024-10-25 15:13:00+00:00,PLAB,23.6200008392334,23.6200008392334,23.6200008392334,23.6200008392334,23.6200008392334,512.0
2024-10-25 15:13:00+00:00,PLXS,141.66000366210938,141.66000366210938,141.7100067138672,141.66000366210938,141.7100067138672,1277.0
2024-10-25 15:13:00+00:00,POWI,63.439998626708984,63.439998626708984,63.45000076293945,63.439998626708984,63.45000076293945,774.0
2024-10-25 15:13:00+00:00,PRCH,1.2949999570846558,1.2949999570846558,1.2949999570846558,1.2949999570846558,1.2949999570846558,418.0
2024-10-25 15:13:00+00:00,PRGS,64.56999969482422,64.56999969482422,64.61000061035156,64.56999969482422,64.61000061035156,1737.0
2024-10-25 15:13:00+00:00,PRTH,5.309999942779541,5.309999942779541,5.309999942779541,5.309999942779541,5.309999942779541,974.0
2024-10-25 15:13:00+00:00,PTC,187.0850067138672,187.0850067138672,187.14999389648438,187.0399932861328,187.11000061035156,3016.0
2024-10-25 15:13:00+00:00,PYCR,14.34000015258789,14.34000015258789,14.345000267028809,14.34000015258789,14.345000267028809,563.0
2024-10-25 15:13:00+00:00,QCOM,170.82000732421875,170.82000732421875,170.88999938964844,170.75999450683594,170.88999938964844,6572.0
2024-10-25 15:13:00+00:00,QRVO,99.84750366210938,99.84750366210938,99.84750366210938,99.80999755859375,99.83000183105469,2493.0
2024-10-25 15:13:00+00:00,QUBT,1.0700000524520874,1.0700000524520874,1.0800000429153442,1.0700000524520874,1.0800000429153442,720.0
2024-10-25 15:13:00+00:00,RDWR,22.329999923706055,22.329999923706055,22.329999923706055,22.329999923706055,22.329999923706055,1619.0
2024-10-25 15:13:00+00:00,REKR,1.090000033378601,1.090000033378601,1.090000033378601,1.090000033378601,1.090000033378601,1202.0
2024-10-25 15:13:00+00:00,RELY,14.890000343322754,14.890000343322754,14.890000343322754,14.880999565124512,14.890000343322754,1058.0
2024-10-25 15:13:00+00:00,RGTI,1.2228000164031982,1.2228000164031982,1.2300000190734863,1.2228000164031982,1.2300000190734863,12159.0
2024-10-25 15:13:00+00:00,RIOT,9.78499984741211,9.78499984741211,9.789899826049805,9.770099639892578,9.784000396728516,44267.0
2024-10-25 15:13:00+00:00,RMBS,43.432498931884766,43.432498931884766,43.432498931884766,43.34000015258789,43.400001525878906,13563.0
2024-10-25 15:13:00+00:00,RMNI,1.7200000286102295,1.7200000286102295,1.7200000286102295,1.7200000286102295,1.7200000286102295,1000.0
2024-10-25 15:13:00+00:00,RPAY,7.730000019073486,7.730000019073486,7.730000019073486,7.730000019073486,7.730000019073486,109.0
2024-10-25 15:13:00+00:00,RPD,39.02000045776367,39.02000045776367,39.02000045776367,39.0099983215332,39.0099983215332,602.0
2024-10-25 15:13:00+00:00,RUM,5.744999885559082,5.744999885559082,5.744999885559082,5.744999885559082,5.744999885559082,111.0
2024-10-25 15:13:00+00:00,RUN,14.385000228881836,14.385000228881836,14.399999618530273,14.385000228881836,14.399999618530273,16567.0
2024-10-25 15:13:00+00:00,SANM,67.5999984741211,67.5999984741211,67.63999938964844,67.5999984741211,67.63999938964844,597.0
2024-10-25 15:13:00+00:00,SATS,25.270000457763672,25.270000457763672,25.309999465942383,25.270000457763672,25.309999465942383,3267.0
2024-10-25 15:13:00+00:00,SEDG,15.899999618530273,15.899999618530273,15.930000305175781,15.890000343322754,15.930000305175781,7516.0
2024-10-25 15:13:00+00:00,SHLS,5.244999885559082,5.244999885559082,5.244999885559082,5.239999771118164,5.244999885559082,1922.0
2024-10-25 15:13:00+00:00,SIMO,56.244998931884766,56.244998931884766,56.244998931884766,56.244998931884766,56.244998931884766,282.0
2024-10-25 15:13:00+00:00,SMCI,47.505001068115234,47.505001068115234,47.540000915527344,47.45000076293945,47.540000915527344,55001.0
2024-10-25 15:13:00+00:00,SMTC,45.560001373291016,45.560001373291016,45.595001220703125,45.560001373291016,45.595001220703125,580.0
2024-10-25 15:13:00+00:00,SNPS,502.7200012207031,502.7200012207031,502.7850036621094,502.489990234375,502.7850036621094,1620.0
2024-10-25 15:13:00+00:00,SONO,12.710000038146973,12.710000038146973,12.710000038146973,12.710000038146973,12.710000038146973,3070.0
2024-10-25 15:13:00+00:00,SOUN,5.182600021362305,5.182600021362305,5.184999942779541,5.179999828338623,5.184999942779541,1794.0
2024-10-25 15:13:00+00:00,SPSC,170.63999938964844,170.63999938964844,170.75999450683594,170.63999938964844,170.75999450683594,852.0
2024-10-25 15:13:00+00:00,SRAD,12.34000015258789,12.34000015258789,12.34000015258789,12.329999923706055,12.34000015258789,555.0
2024-10-25 15:13:00+00:00,SSNC,69.8949966430664,69.8949966430664,69.8949966430664,69.88999938964844,69.8949966430664,4164.0
2024-10-25 15:13:00+00:00,SSTI,11.3149995803833,11.3149995803833,11.3149995803833,11.3149995803833,11.3149995803833,261.0
2024-10-25 15:13:00+00:00,STNE,11.555000305175781,11.555000305175781,11.5600004196167,11.550000190734863,11.555000305175781,4505.0
2024-10-25 15:13:00+00:00,STX,103.51499938964844,103.51499938964844,103.52999877929688,103.48999786376953,103.52999877929688,3380.0
2024-10-25 15:13:00+00:00,SWKS,95.83000183105469,95.83000183105469,95.83999633789062,95.80000305175781,95.83999633789062,3311.0
2024-10-25 15:13:00+00:00,SYNA,72.36499786376953,72.36499786376953,72.36499786376953,72.36499786376953,72.36499786376953,319.0
2024-10-25 15:13:00+00:00,TCX,19.395000457763672,19.395000457763672,19.395000457763672,19.395000457763672,19.395000457763672,1131.0
2024-10-25 15:13:00+00:00,TEAM,189.49000549316406,189.49000549316406,189.49000549316406,189.48500061035156,189.48500061035156,1111.0
2024-10-25 15:13:00+00:00,TENB,41.68000030517578,41.68000030517578,41.720001220703125,41.67499923706055,41.70000076293945,4338.0
2024-10-25 15:13:00+00:00,TER,112.05999755859375,112.05999755859375,112.19999694824219,112.04000091552734,112.19000244140625,7777.0
2024-10-25 15:13:00+00:00,TSEM,44.709999084472656,44.709999084472656,44.709999084472656,44.709999084472656,44.709999084472656,385.0
2024-10-25 15:13:00+00:00,TTD,119.20999908447266,119.20999908447266,119.22000122070312,119.11000061035156,119.13999938964844,7415.0
2024-10-25 15:13:00+00:00,TTMI,19.604999542236328,19.604999542236328,19.6200008392334,19.604999542236328,19.614999771118164,444.0
2024-10-25 15:13:00+00:00,TWKS,4.445000171661377,4.445000171661377,4.445000171661377,4.440000057220459,4.445000171661377,561.0
2024-10-25 15:13:00+00:00,TXN,207.26499938964844,207.26499938964844,207.41000366210938,207.26499938964844,207.375,3455.0
2024-10-25 15:13:00+00:00,UCTT,35.724998474121094,35.724998474121094,35.744998931884766,35.720001220703125,35.744998931884766,1290.0
2024-10-25 15:13:00+00:00,VECO,29.31999969482422,29.31999969482422,29.31999969482422,29.31999969482422,29.31999969482422,531.0
2024-10-25 15:13:00+00:00,VERB,10.920000076293945,10.920000076293945,10.947999954223633,10.890000343322754,10.890000343322754,1490.0
2024-10-25 15:13:00+00:00,VERX,41.935001373291016,41.935001373291016,41.935001373291016,41.849998474121094,41.849998474121094,3041.0
2024-10-25 15:13:00+00:00,VIAV,9.1850004196167,9.1850004196167,9.1850004196167,9.1850004196167,9.1850004196167,751.0
2024-10-25 15:13:00+00:00,VICR,46.619998931884766,46.619998931884766,46.619998931884766,46.619998931884766,46.619998931884766,1380.0
2024-10-25 15:13:00+00:00,VMEO,4.760000228881836,4.760000228881836,4.760000228881836,4.755000114440918,4.755000114440918,1842.0
2024-10-25 15:13:00+00:00,VNET,3.3949999809265137,3.3949999809265137,3.3949999809265137,3.3949999809265137,3.3949999809265137,503.0
2024-10-25 15:13:00+00:00,VOXX,7.551599979400635,7.551599979400635,7.551599979400635,7.551599979400635,7.551599979400635,535.0
2024-10-25 15:13:00+00:00,VRNS,56.79999923706055,56.79999923706055,56.810001373291016,56.779998779296875,56.810001373291016,1559.0
2024-10-25 15:13:00+00:00,VRNT,21.84000015258789,21.84000015258789,21.860000610351562,21.84000015258789,21.860000610351562,2262.0
2024-10-25 15:13:00+00:00,VRSN,182.09249877929688,182.09249877929688,182.2550048828125,182.0850067138672,182.2550048828125,2597.0
2024-10-25 15:13:00+00:00,VSAT,10.170000076293945,10.170000076293945,10.180000305175781,10.170000076293945,10.180000305175781,1667.0
2024-10-25 15:13:00+00:00,WALD,3.4800000190734863,3.4800000190734863,3.4800000190734863,3.4800000190734863,3.4800000190734863,200.0
2024-10-25 15:13:00+00:00,WDAY,238.4149932861328,238.4149932861328,238.47000122070312,238.32000732421875,238.44000244140625,3422.0
2024-10-25 15:13:00+00:00,WDC,70.00499725341797,70.00499725341797,70.06999969482422,70.0,70.06999969482422,16010.0
2024-10-25 15:13:00+00:00,WISA,2.0399999618530273,2.0399999618530273,2.0399999618530273,2.0308001041412354,2.0353000164031982,5168.0
2024-10-25 15:13:00+00:00,WIX,165.0800018310547,165.0800018310547,165.0800018310547,164.77000427246094,164.8699951171875,1163.0
2024-10-25 15:13:00+00:00,WRAP,1.878999948501587,1.878999948501587,1.878999948501587,1.878999948501587,1.878999948501587,5009.0
2024-10-25 15:13:00+00:00,XPER,9.380000114440918,9.380000114440918,9.380000114440918,9.380000114440918,9.380000114440918,789.0
2024-10-25 15:13:00+00:00,ZBRA,361.5350036621094,361.5350036621094,361.5350036621094,361.5350036621094,361.5350036621094,510.0
2024-10-25 15:13:00+00:00,ZI,10.479999542236328,10.479999542236328,10.479999542236328,10.479999542236328,10.479999542236328,1331.0
2024-10-25 15:13:00+00:00,ZM,72.95999908447266,72.95999908447266,72.9800033569336,72.95999908447266,72.9800033569336,2507.0
2024-10-25 15:13:00+00:00,ZS,184.94000244140625,184.94000244140625,184.94000244140625,184.8699951171875,184.8699951171875,1162.0
2024-10-25 15:14:00+00:00,AAOI,17.58989906311035,17.58989906311035,17.599599838256836,17.579999923706055,17.599599838256836,1363.0
2024-10-25 15:14:00+00:00,AAPL,231.6573028564453,231.6573028564453,231.80459594726562,231.5,231.80459594726562,73911.0
2024-10-25 15:14:00+00:00,ACIW,48.83000183105469,48.83000183105469,48.93000030517578,48.83000183105469,48.93000030517578,3655.0
2024-10-25 15:14:00+00:00,ACLS,89.68000030517578,89.68000030517578,89.70999908447266,89.68000030517578,89.70999908447266,2652.0
2024-10-25 15:14:00+00:00,ACMR,19.600000381469727,19.600000381469727,19.610000610351562,19.600000381469727,19.610000610351562,1160.0
2024-10-25 15:14:00+00:00,ADBE,482.6400146484375,482.6400146484375,483.2301940917969,482.5199890136719,483.2301940917969,8140.0
2024-10-25 15:14:00+00:00,ADI,230.77499389648438,230.77499389648438,230.94500732421875,230.6699981689453,230.89999389648438,5606.0
2024-10-25 15:14:00+00:00,ADSK,286.3900146484375,286.3900146484375,286.4849853515625,286.3399963378906,286.4849853515625,1737.0
2024-10-25 15:14:00+00:00,ADTN,6.284999847412109,6.284999847412109,6.289999961853027,6.284999847412109,6.289999961853027,3627.0
2024-10-25 15:14:00+00:00,AEHR,16.8799991607666,16.8799991607666,16.899999618530273,16.8799991607666,16.889999389648438,1766.0
2024-10-25 15:14:00+00:00,AEYE,22.56999969482422,22.56999969482422,22.56999969482422,22.5,22.5,371.0
2024-10-25 15:14:00+00:00,AFRM,41.29990005493164,41.29990005493164,41.35900115966797,41.279998779296875,41.349998474121094,11340.0
2024-10-25 15:14:00+00:00,AIP,6.889999866485596,6.889999866485596,6.889999866485596,6.889999866485596,6.889999866485596,331.0
2024-10-25 15:14:00+00:00,AKAM,102.0,102.0,102.01000213623047,101.9800033569336,102.01000213623047,1735.0
2024-10-25 15:14:00+00:00,AKTS,0.05990000069141388,0.05990000069141388,0.05990000069141388,0.05990000069141388,0.05990000069141388,8750.0
2024-10-25 15:14:00+00:00,ALGM,23.15999984741211,23.15999984741211,23.170000076293945,23.15999984741211,23.170000076293945,3021.0
2024-10-25 15:14:00+00:00,ALKT,38.130001068115234,38.130001068115234,38.16999816894531,38.130001068115234,38.16999816894531,1805.0
2024-10-25 15:14:00+00:00,ALRM,54.380001068115234,54.380001068115234,54.380001068115234,54.380001068115234,54.380001068115234,334.0
2024-10-25 15:14:00+00:00,ALTR,103.9800033569336,103.9800033569336,104.00749969482422,103.95999908447266,104.00499725341797,6315.0
2024-10-25 15:14:00+00:00,AMAT,186.92250061035156,186.92250061035156,187.11000061035156,186.75999450683594,187.11000061035156,9625.0
2024-10-25 15:14:00+00:00,AMBA,57.869998931884766,57.869998931884766,57.869998931884766,57.869998931884766,57.869998931884766,720.0
2024-10-25 15:14:00+00:00,AMD,156.22850036621094,156.22850036621094,156.36990356445312,156.08999633789062,156.35000610351562,82769.0
2024-10-25 15:14:00+00:00,AMKR,29.940000534057617,29.940000534057617,29.954999923706055,29.93000030517578,29.954999923706055,2545.0
2024-10-25 15:14:00+00:00,AMPL,9.100000381469727,9.100000381469727,9.100000381469727,9.095000267028809,9.095000267028809,1292.0
2024-10-25 15:14:00+00:00,ANSS,323.3349914550781,323.3349914550781,323.7699890136719,323.32501220703125,323.7699890136719,5431.0
2024-10-25 15:14:00+00:00,AOSL,36.20500183105469,36.20500183105469,36.25,36.189998626708984,36.25,2199.0
2024-10-25 15:14:00+00:00,API,2.875,2.875,2.884999990463257,2.875,2.884999990463257,5213.0
2024-10-25 15:14:00+00:00,APP,161.3300018310547,161.3300018310547,161.4250030517578,161.3300018310547,161.4149932861328,3261.0
2024-10-25 15:14:00+00:00,APPF,212.16000366210938,212.16000366210938,212.16000366210938,212.16000366210938,212.16000366210938,601.0
2024-10-25 15:14:00+00:00,APPN,32.13999938964844,32.13999938964844,32.15999984741211,32.1349983215332,32.13999938964844,2160.0
2024-10-25 15:14:00+00:00,ARRY,6.385000228881836,6.385000228881836,6.389999866485596,6.380000114440918,6.385000228881836,15502.0
2024-10-25 15:14:00+00:00,ASML,713.0,713.0,713.3400268554688,712.89501953125,713.3400268554688,3249.0
2024-10-25 15:14:00+00:00,AUR,6.389999866485596,6.389999866485596,6.40500020980835,6.389999866485596,6.40500020980835,18475.0
2024-10-25 15:14:00+00:00,AVDX,8.109999656677246,8.109999656677246,8.119999885559082,8.105999946594238,8.119999885559082,12696.0
2024-10-25 15:14:00+00:00,AVGO,173.97000122070312,173.97000122070312,174.13999938964844,173.8800048828125,174.09500122070312,24949.0
2024-10-25 15:14:00+00:00,AVPT,11.895000457763672,11.895000457763672,11.899999618530273,11.895000457763672,11.899999618530273,1083.0
2024-10-25 15:14:00+00:00,AVT,54.130001068115234,54.130001068115234,54.130001068115234,54.119998931884766,54.130001068115234,2754.0
2024-10-25 15:14:00+00:00,AXTI,2.6649999618530273,2.6649999618530273,2.674999952316284,2.6649999618530273,2.674999952316284,3887.0
2024-10-25 15:14:00+00:00,AZPN,237.25999450683594,237.25999450683594,237.25999450683594,237.25999450683594,237.25999450683594,191.0
2024-10-25 15:14:00+00:00,BAND,17.729999542236328,17.729999542236328,17.729999542236328,17.729999542236328,17.729999542236328,660.0
2024-10-25 15:14:00+00:00,BCOV,2.2750000953674316,2.2750000953674316,2.2750000953674316,2.2750000953674316,2.2750000953674316,1122.0
2024-10-25 15:14:00+00:00,BEEM,4.78000020980835,4.78000020980835,4.78000020980835,4.78000020980835,4.78000020980835,332.0
2024-10-25 15:14:00+00:00,BELFB,78.77999877929688,78.77999877929688,78.93000030517578,78.77999877929688,78.93000030517578,1886.0
2024-10-25 15:14:00+00:00,BIGC,5.275000095367432,5.275000095367432,5.28000020980835,5.275000095367432,5.28000020980835,5022.0
2024-10-25 15:14:00+00:00,BL,56.32099914550781,56.32099914550781,56.32099914550781,56.32099914550781,56.32099914550781,1314.0
2024-10-25 15:14:00+00:00,BLBX,3.0717999935150146,3.0717999935150146,3.0717999935150146,3.0717999935150146,3.0717999935150146,0.0
2024-10-25 15:14:00+00:00,BLKB,85.58999633789062,85.58999633789062,85.63999938964844,85.58999633789062,85.63999938964844,1030.0
2024-10-25 15:14:00+00:00,BLZE,7.170000076293945,7.170000076293945,7.170000076293945,7.170000076293945,7.170000076293945,520.0
2024-10-25 15:14:00+00:00,BMBL,7.081399917602539,7.081399917602539,7.081399917602539,7.081399917602539,7.081399917602539,538.0
2024-10-25 15:14:00+00:00,BRZE,30.579999923706055,30.579999923706055,30.579999923706055,30.579999923706055,30.579999923706055,1105.0
2024-10-25 15:14:00+00:00,BSY,49.06999969482422,49.06999969482422,49.09000015258789,49.060001373291016,49.09000015258789,1852.0
2024-10-25 15:14:00+00:00,CAMT,77.55999755859375,77.55999755859375,77.56999969482422,77.55999755859375,77.56999969482422,1123.0
2024-10-25 15:14:00+00:00,CAN,0.9731000065803528,0.9731000065803528,0.9731000065803528,0.9731000065803528,0.9731000065803528,192.0
2024-10-25 15:14:00+00:00,CDNS,257.7040100097656,257.7040100097656,257.8800048828125,257.61749267578125,257.8800048828125,4148.0
2024-10-25 15:14:00+00:00,CDW,217.7550048828125,217.7550048828125,217.86000061035156,217.6649932861328,217.86000061035156,6099.0
2024-10-25 15:14:00+00:00,CETX,0.30219998955726624,0.30219998955726624,0.30219998955726624,0.30219998955726624,0.30219998955726624,3011.0
2024-10-25 15:14:00+00:00,CEVA,24.049999237060547,24.049999237060547,24.049999237060547,24.020000457763672,24.042499542236328,732.0
2024-10-25 15:14:00+00:00,CFLT,22.475000381469727,22.475000381469727,22.479999542236328,22.46500015258789,22.479999542236328,6172.0
2024-10-25 15:14:00+00:00,CGNX,38.8650016784668,38.8650016784668,38.88999938964844,38.8650016784668,38.88999938964844,3015.0
2024-10-25 15:14:00+00:00,CHKP,205.9250030517578,205.9250030517578,205.93499755859375,205.9250030517578,205.93499755859375,1048.0
2024-10-25 15:14:00+00:00,CLBT,18.219999313354492,18.219999313354492,18.225000381469727,18.219999313354492,18.219999313354492,5929.0
2024-10-25 15:14:00+00:00,CLFD,36.439998626708984,36.439998626708984,36.47999954223633,36.439998626708984,36.45000076293945,900.0
2024-10-25 15:14:00+00:00,CLSK,11.614999771118164,11.614999771118164,11.649900436401367,11.609999656677246,11.625,64165.0
2024-10-25 15:14:00+00:00,CMTL,3.829900026321411,3.829900026321411,3.829900026321411,3.819999933242798,3.820199966430664,3782.0
2024-10-25 15:14:00+00:00,CNDT,3.575000047683716,3.575000047683716,3.5799999237060547,3.575000047683716,3.5799999237060547,4945.0
2024-10-25 15:14:00+00:00,CNXC,44.435001373291016,44.435001373291016,44.5,44.435001373291016,44.461299896240234,3594.0
2024-10-25 15:14:00+00:00,COHR,95.69999694824219,95.69999694824219,95.72000122070312,95.62000274658203,95.69999694824219,7546.0
2024-10-25 15:14:00+00:00,COHU,26.0,26.0,26.0,26.0,26.0,1739.0
2024-10-25 15:14:00+00:00,COIN,206.0,206.0,206.3300018310547,205.83999633789062,206.25999450683594,20716.0
2024-10-25 15:14:00+00:00,COMM,6.21999979019165,6.21999979019165,6.224999904632568,6.21999979019165,6.224999904632568,1706.0
2024-10-25 15:14:00+00:00,CORZ,13.270000457763672,13.270000457763672,13.28499984741211,13.270000457763672,13.28499984741211,12962.0
2024-10-25 15:14:00+00:00,CRCT,6.559999942779541,6.559999942779541,6.570000171661377,6.559999942779541,6.570000171661377,1606.0
2024-10-25 15:14:00+00:00,CRDO,38.91999816894531,38.91999816894531,39.06999969482422,38.900001525878906,39.06999969482422,22470.0
2024-10-25 15:14:00+00:00,CRNC,2.930000066757202,2.930000066757202,2.930000066757202,2.930000066757202,2.930000066757202,662.0
2024-10-25 15:14:00+00:00,CRSR,6.329999923706055,6.329999923706055,6.329999923706055,6.329999923706055,6.329999923706055,347.0
2024-10-25 15:14:00+00:00,CRUS,122.1449966430664,122.1449966430664,122.31169891357422,122.08000183105469,122.31169891357422,1355.0
2024-10-25 15:14:00+00:00,CRWD,298.8700866699219,298.8700866699219,299.20989990234375,298.590087890625,299.1000061035156,11583.0
2024-10-25 15:14:00+00:00,CSCO,55.71500015258789,55.71500015258789,55.73500061035156,55.70500183105469,55.73500061035156,15807.0
2024-10-25 15:14:00+00:00,CSGS,47.43000030517578,47.43000030517578,47.43000030517578,47.400001525878906,47.400001525878906,783.0
2024-10-25 15:14:00+00:00,CSIQ,13.399999618530273,13.399999618530273,13.444999694824219,13.399999618530273,13.444999694824219,4718.0
2024-10-25 15:14:00+00:00,CSPI,13.029999732971191,13.029999732971191,13.029999732971191,13.029999732971191,13.029999732971191,104.0
2024-10-25 15:14:00+00:00,CTSH,74.66000366210938,74.66000366210938,74.69000244140625,74.63999938964844,74.69000244140625,6669.0
2024-10-25 15:14:00+00:00,CVLT,134.27499389648438,134.27499389648438,134.27499389648438,134.27499389648438,134.27499389648438,1596.0
2024-10-25 15:14:00+00:00,CYBR,290.5,290.5,290.5,290.5,290.5,737.0
2024-10-25 15:14:00+00:00,DAKT,13.069999694824219,13.069999694824219,13.069999694824219,13.069999694824219,13.069999694824219,611.0
2024-10-25 15:14:00+00:00,DATS,1.5499000549316406,1.5499000549316406,1.5499999523162842,1.5490000247955322,1.5490000247955322,102.0
2024-10-25 15:14:00+00:00,DAVE,38.63999938964844,38.63999938964844,38.63999938964844,38.63999938964844,38.63999938964844,375.0
2024-10-25 15:14:00+00:00,DBX,26.079999923706055,26.079999923706055,26.09000015258789,26.079999923706055,26.09000015258789,8257.0
2024-10-25 15:14:00+00:00,DDOG,126.33000183105469,126.33000183105469,126.37999725341797,126.27999877929688,126.37999725341797,10482.0
2024-10-25 15:14:00+00:00,DIOD,65.0,65.0,65.0,65.0,65.0,954.0
2024-10-25 15:14:00+00:00,DLO,8.8100004196167,8.8100004196167,8.819999694824219,8.8100004196167,8.819999694824219,5230.0
2024-10-25 15:14:00+00:00,DOCU,68.87000274658203,68.87000274658203,68.87999725341797,68.80000305175781,68.86499786376953,9655.0
2024-10-25 15:14:00+00:00,DOMO,8.069999694824219,8.069999694824219,8.069999694824219,8.069999694824219,8.069999694824219,1356.0
2024-10-25 15:14:00+00:00,DOX,89.05000305175781,89.05000305175781,89.07499694824219,89.05000305175781,89.07499694824219,763.0
2024-10-25 15:14:00+00:00,DSGX,104.06999969482422,104.06999969482422,104.06999969482422,104.06999969482422,104.06999969482422,148.0
2024-10-25 15:14:00+00:00,DUOL,291.45001220703125,291.45001220703125,291.7699890136719,291.45001220703125,291.7699890136719,755.0
2024-10-25 15:14:00+00:00,EEFT,100.31500244140625,100.31500244140625,100.31500244140625,100.31500244140625,100.31500244140625,713.0
2024-10-25 15:14:00+00:00,ENPH,83.73999786376953,83.73999786376953,83.83000183105469,83.66000366210938,83.80999755859375,5928.0
2024-10-25 15:14:00+00:00,ENTG,104.9000015258789,104.9000015258789,105.02999877929688,104.9000015258789,105.02999877929688,1068.0
2024-10-25 15:14:00+00:00,ERIC,8.454999923706055,8.454999923706055,8.46500015258789,8.45009994506836,8.46500015258789,165308.0
2024-10-25 15:14:00+00:00,EXLS,38.54999923706055,38.54999923706055,38.6150016784668,38.54999923706055,38.6150016784668,4625.0
2024-10-25 15:14:00+00:00,EXTR,14.350000381469727,14.350000381469727,14.359999656677246,14.350000381469727,14.359999656677246,483.0
2024-10-25 15:14:00+00:00,FFIV,216.57000732421875,216.57000732421875,216.625,216.50999450683594,216.625,1908.0
2024-10-25 15:14:00+00:00,FIVN,29.850000381469727,29.850000381469727,29.850000381469727,29.834999084472656,29.850000381469727,2937.0
2024-10-25 15:14:00+00:00,FLEX,35.165000915527344,35.165000915527344,35.189998626708984,35.150001525878906,35.189998626708984,2287.0
2024-10-25 15:14:00+00:00,FORM,44.72999954223633,44.72999954223633,44.72999954223633,44.709999084472656,44.709999084472656,2127.0
2024-10-25 15:14:00+00:00,FROG,29.3799991607666,29.3799991607666,29.3799991607666,29.3799991607666,29.3799991607666,1079.0
2024-10-25 15:14:00+00:00,FRSH,11.614999771118164,11.614999771118164,11.614999771118164,11.614999771118164,11.614999771118164,813.0
2024-10-25 15:14:00+00:00,FSLR,198.1699981689453,198.1699981689453,198.2550048828125,198.07000732421875,198.2550048828125,19389.0
2024-10-25 15:14:00+00:00,FTCI,0.652999997138977,0.652999997138977,0.652999997138977,0.652999997138977,0.652999997138977,2600.0
2024-10-25 15:14:00+00:00,FTFT,0.3160000145435333,0.3160000145435333,0.3160000145435333,0.3160000145435333,0.3160000145435333,850.0
2024-10-25 15:14:00+00:00,FTNT,80.4000015258789,80.4000015258789,80.43000030517578,80.375,80.43000030517578,8170.0
2024-10-25 15:14:00+00:00,GCT,24.440000534057617,24.440000534057617,24.454999923706055,24.440000534057617,24.454999923706055,1122.0
2024-10-25 15:14:00+00:00,GDS,21.360000610351562,21.360000610351562,21.360000610351562,21.360000610351562,21.360000610351562,1210.0
2024-10-25 15:14:00+00:00,GDYN,15.59000015258789,15.59000015258789,15.59000015258789,15.59000015258789,15.59000015258789,666.0
2024-10-25 15:14:00+00:00,GFS,40.494998931884766,40.494998931884766,40.5,40.494998931884766,40.5,847.0
2024-10-25 15:14:00+00:00,GPRO,1.315000057220459,1.315000057220459,1.315000057220459,1.315000057220459,1.315000057220459,256.0
2024-10-25 15:14:00+00:00,GRAB,4.085000038146973,4.085000038146973,4.085000038146973,4.079999923706055,4.085000038146973,10277.0
2024-10-25 15:14:00+00:00,GRRR,4.469900131225586,4.469900131225586,4.469900131225586,4.469900131225586,4.469900131225586,160.0
2024-10-25 15:14:00+00:00,GTLB,55.0099983215332,55.0099983215332,55.04999923706055,55.0099983215332,55.04999923706055,1329.0
2024-10-25 15:14:00+00:00,HCKT,24.575000762939453,24.575000762939453,24.575000762939453,24.575000762939453,24.575000762939453,163.0
2024-10-25 15:14:00+00:00,HCP,33.64500045776367,33.64500045776367,33.64500045776367,33.63999938964844,33.64500045776367,11271.0
2024-10-25 15:14:00+00:00,HEAR,16.459999084472656,16.459999084472656,16.459999084472656,16.459999084472656,16.459999084472656,249.0
2024-10-25 15:14:00+00:00,HIMX,6.164999961853027,6.164999961853027,6.175000190734863,6.164999961853027,6.175000190734863,5533.0
2024-10-25 15:14:00+00:00,HOLO,3.6301000118255615,3.6301000118255615,3.640000104904175,3.6301000118255615,3.640000104904175,800.0
2024-10-25 15:14:00+00:00,HOOD,27.045000076293945,27.045000076293945,27.075000762939453,27.045000076293945,27.06999969482422,12300.0
2024-10-25 15:14:00+00:00,ICHR,27.5,27.5,27.549999237060547,27.5,27.549999237060547,1966.0
2024-10-25 15:14:00+00:00,IDAI,0.22179999947547913,0.22179999947547913,0.22190000116825104,0.22179999947547913,0.22190000116825104,1340.0
2024-10-25 15:14:00+00:00,III,3.0527000427246094,3.0527000427246094,3.0527000427246094,3.0527000427246094,3.0527000427246094,2005.0
2024-10-25 15:14:00+00:00,IMMR,8.65999984741211,8.65999984741211,8.65999984741211,8.65999984741211,8.65999984741211,520.0
2024-10-25 15:14:00+00:00,IMXI,17.6299991607666,17.6299991607666,17.6299991607666,17.6299991607666,17.6299991607666,1126.0
2024-10-25 15:14:00+00:00,INDI,3.4753000736236572,3.4753000736236572,3.4800000190734863,3.4700000286102295,3.4749999046325684,6620.0
2024-10-25 15:14:00+00:00,INOD,20.274999618530273,20.274999618530273,20.34000015258789,20.274999618530273,20.309999465942383,3216.0
2024-10-25 15:14:00+00:00,INSG,20.084999084472656,20.084999084472656,20.094999313354492,20.040000915527344,20.094999313354492,943.0
2024-10-25 15:14:00+00:00,INTA,50.02000045776367,50.02000045776367,50.02000045776367,49.970001220703125,49.98500061035156,3775.0
2024-10-25 15:14:00+00:00,INTC,22.844999313354492,22.844999313354492,22.879899978637695,22.81999969482422,22.868999481201172,106898.0
2024-10-25 15:14:00+00:00,INTU,607.8300170898438,607.8300170898438,608.2249755859375,607.8300170898438,608.2100219726562,3068.0
2024-10-25 15:14:00+00:00,INTZ,0.7408999800682068,0.7408999800682068,0.7408999800682068,0.7408999800682068,0.7408999800682068,500.0
2024-10-25 15:14:00+00:00,IPGP,77.125,77.125,77.125,77.125,77.125,460.0
2024-10-25 15:14:00+00:00,ITRI,102.5999984741211,102.5999984741211,102.5999984741211,102.5999984741211,102.5999984741211,262.0
2024-10-25 15:14:00+00:00,JKHY,182.64999389648438,182.64999389648438,182.72999572753906,182.60000610351562,182.72999572753906,2457.0
2024-10-25 15:14:00+00:00,KC,2.684999942779541,2.684999942779541,2.684999942779541,2.684999942779541,2.684999942779541,2202.0
2024-10-25 15:14:00+00:00,KLAC,674.5999755859375,674.5999755859375,674.7050170898438,674.3099975585938,674.5700073242188,16515.0
2024-10-25 15:14:00+00:00,KLIC,44.470001220703125,44.470001220703125,44.47999954223633,44.470001220703125,44.47999954223633,616.0
2024-10-25 15:14:00+00:00,KLTR,1.3350000381469727,1.3350000381469727,1.3350000381469727,1.3350000381469727,1.3350000381469727,315.0
2024-10-25 15:14:00+00:00,KOSS,7.269999980926514,7.269999980926514,7.269999980926514,7.269999980926514,7.269999980926514,292.0
2024-10-25 15:14:00+00:00,KPLT,8.739999771118164,8.739999771118164,8.739999771118164,8.739999771118164,8.739999771118164,232.0
2024-10-25 15:14:00+00:00,KVHI,4.679999828338623,4.679999828338623,4.684999942779541,4.679999828338623,4.684999942779541,900.0
2024-10-25 15:14:00+00:00,LASR,10.40999984741211,10.40999984741211,10.430000305175781,10.40999984741211,10.430000305175781,1750.0
2024-10-25 15:14:00+00:00,LFUS,253.39999389648438,253.39999389648438,253.39999389648438,253.39999389648438,253.39999389648438,1206.0
2024-10-25 15:14:00+00:00,LITE,64.4801025390625,64.4801025390625,64.5,64.45999908447266,64.5,3006.0
2024-10-25 15:14:00+00:00,LOGI,80.71499633789062,80.71499633789062,80.72000122070312,80.71499633789062,80.72000122070312,973.0
2024-10-25 15:14:00+00:00,LPSN,1.1698999404907227,1.1698999404907227,1.1698999404907227,1.1649999618530273,1.1649999618530273,0.0
2024-10-25 15:14:00+00:00,LRCX,78.23999786376953,78.23999786376953,78.36000061035156,78.11000061035156,78.3499984741211,43770.0
2024-10-25 15:14:00+00:00,LSCC,53.974998474121094,53.974998474121094,54.040000915527344,53.96500015258789,54.040000915527344,6058.0
2024-10-25 15:14:00+00:00,LTRX,4.090000152587891,4.090000152587891,4.090000152587891,4.090000152587891,4.090000152587891,734.0
2024-10-25 15:14:00+00:00,LYFT,13.399999618530273,13.399999618530273,13.5649995803833,13.390000343322754,13.5649995803833,240025.0
2024-10-25 15:14:00+00:00,MANH,275.364990234375,275.364990234375,275.364990234375,275.364990234375,275.364990234375,532.0
2024-10-25 15:14:00+00:00,MAXN,5.78000020980835,5.78000020980835,5.78000020980835,5.78000020980835,5.78000020980835,395.0
2024-10-25 15:14:00+00:00,MCHP,76.61000061035156,76.61000061035156,76.69999694824219,76.58999633789062,76.69999694824219,8242.0
2024-10-25 15:14:00+00:00,MDB,267.0899963378906,267.0899963378906,267.2300109863281,267.0899963378906,267.2300109863281,914.0
2024-10-25 15:14:00+00:00,MITK,8.770000457763672,8.770000457763672,8.774999618530273,8.770000457763672,8.770000457763672,1065.0
2024-10-25 15:14:00+00:00,MKSI,100.91999816894531,100.91999816894531,100.98500061035156,100.88500213623047,100.98500061035156,1559.0
2024-10-25 15:14:00+00:00,MNDY,297.7650146484375,297.7650146484375,297.7650146484375,297.7650146484375,297.7650146484375,922.0
2024-10-25 15:14:00+00:00,MOB,1.3799999952316284,1.3799999952316284,1.3799999952316284,1.375,1.375,11317.0
2024-10-25 15:14:00+00:00,MPWR,905.9000244140625,905.9000244140625,906.9849853515625,905.9000244140625,906.9849853515625,1141.0
2024-10-25 15:14:00+00:00,MQ,5.304999828338623,5.304999828338623,5.309899806976318,5.300000190734863,5.304999828338623,19359.0
2024-10-25 15:14:00+00:00,MRVL,82.0199966430664,82.0199966430664,82.05000305175781,81.91999816894531,82.05000305175781,12489.0
2024-10-25 15:14:00+00:00,MSFT,428.05999755859375,428.05999755859375,428.3699951171875,427.80999755859375,428.30499267578125,281199.0
2024-10-25 15:14:00+00:00,MSTR,232.47000122070312,232.47000122070312,233.20770263671875,232.41000366210938,232.8072052001953,58356.0
2024-10-25 15:14:00+00:00,MTLS,5.909999847412109,5.909999847412109,5.909999847412109,5.909999847412109,5.909999847412109,1162.0
2024-10-25 15:14:00+00:00,MTSI,121.05999755859375,121.05999755859375,121.16000366210938,121.05999755859375,121.16000366210938,1301.0
2024-10-25 15:14:00+00:00,MTTR,4.579999923706055,4.579999923706055,4.590000152587891,4.574999809265137,4.579999923706055,78739.0
2024-10-25 15:14:00+00:00,MU,108.22989654541016,108.22989654541016,108.31500244140625,108.12100219726562,108.29499816894531,21375.0
2024-10-25 15:14:00+00:00,MVIS,1.0700000524520874,1.0700000524520874,1.0750000476837158,1.0700000524520874,1.0750000476837158,1602.0
2024-10-25 15:14:00+00:00,MXL,14.71500015258789,14.71500015258789,14.744999885559082,14.71500015258789,14.734999656677246,1584.0
2024-10-25 15:14:00+00:00,NCNO,37.85499954223633,37.85499954223633,37.880001068115234,37.85499954223633,37.880001068115234,17766.0
2024-10-25 15:14:00+00:00,NICE,174.95599365234375,174.95599365234375,175.02000427246094,174.95599365234375,175.02000427246094,1355.0
2024-10-25 15:14:00+00:00,NOVT,172.86000061035156,172.86000061035156,172.86000061035156,172.86000061035156,172.86000061035156,280.0
2024-10-25 15:14:00+00:00,NSIT,209.13499450683594,209.13499450683594,209.13499450683594,209.13499450683594,209.13499450683594,311.0
2024-10-25 15:14:00+00:00,NTAP,119.70999908447266,119.70999908447266,119.80000305175781,119.70999908447266,119.80000305175781,2657.0
2024-10-25 15:14:00+00:00,NTCT,20.614999771118164,20.614999771118164,20.6299991607666,20.614999771118164,20.6299991607666,1502.0
2024-10-25 15:14:00+00:00,NTGR,20.219999313354492,20.219999313354492,20.219999313354492,20.219999313354492,20.219999313354492,435.0
2024-10-25 15:14:00+00:00,NTNX,61.88999938964844,61.88999938964844,61.91999816894531,61.88999938964844,61.91999816894531,1640.0
2024-10-25 15:14:00+00:00,NVDA,141.8699951171875,141.8699951171875,141.97999572753906,141.7100067138672,141.9600067138672,509808.0
2024-10-25 15:14:00+00:00,NVEI,33.4900016784668,33.4900016784668,33.4900016784668,33.4900016784668,33.4900016784668,641.0
2024-10-25 15:14:00+00:00,NVMI,184.0,184.0,184.0,184.0,184.0,857.0
2024-10-25 15:14:00+00:00,NVTS,2.5364999771118164,2.5364999771118164,2.5390000343322754,2.5350000858306885,2.5350000858306885,1944.0
2024-10-25 15:14:00+00:00,NXPI,243.4250030517578,243.4250030517578,243.5399932861328,243.22999572753906,243.5399932861328,3013.0
2024-10-25 15:14:00+00:00,OKTA,72.2300033569336,72.2300033569336,72.26000213623047,72.21179962158203,72.26000213623047,1484.0
2024-10-25 15:14:00+00:00,OLED,202.75,202.75,202.75,202.75,202.75,1269.0
2024-10-25 15:14:00+00:00,ON,71.20999908447266,71.20999908447266,71.30999755859375,71.1500015258789,71.30000305175781,17669.0
2024-10-25 15:14:00+00:00,OSIS,135.5,135.5,135.625,135.5,135.5,887.0
2024-10-25 15:14:00+00:00,OSS,2.384999990463257,2.384999990463257,2.384999990463257,2.384999990463257,2.384999990463257,216.0
2024-10-25 15:14:00+00:00,PALT,1.899999976158142,1.899999976158142,1.9119999408721924,1.899999976158142,1.9119999408721924,961.0
2024-10-25 15:14:00+00:00,PANW,366.1499938964844,366.1499938964844,366.489990234375,366.1499938964844,366.3279113769531,2765.0
2024-10-25 15:14:00+00:00,PCTY,173.69000244140625,173.69000244140625,173.69000244140625,173.69000244140625,173.69000244140625,1258.0
2024-10-25 15:14:00+00:00,PEGA,79.06999969482422,79.06999969482422,79.06999969482422,79.06999969482422,79.06999969482422,1543.0
2024-10-25 15:14:00+00:00,PEGY,4.789999961853027,4.789999961853027,4.789999961853027,4.789999961853027,4.789999961853027,462.0
2024-10-25 15:14:00+00:00,PGY,11.914999961853027,11.914999961853027,11.930000305175781,11.90999984741211,11.930000305175781,3931.0
2024-10-25 15:14:00+00:00,PHUN,10.260100364685059,10.260100364685059,10.328499794006348,10.260100364685059,10.319999694824219,10796.0
2024-10-25 15:14:00+00:00,PI,201.08999633789062,201.08999633789062,201.08999633789062,201.08999633789062,201.08999633789062,403.0
2024-10-25 15:14:00+00:00,PLAB,23.6200008392334,23.6200008392334,23.6200008392334,23.59000015258789,23.600000381469727,1525.0
2024-10-25 15:14:00+00:00,PLUS,97.81999969482422,97.81999969482422,97.81999969482422,97.76000213623047,97.76000213623047,777.0
2024-10-25 15:14:00+00:00,PLXS,141.5500030517578,141.5500030517578,141.5500030517578,141.5500030517578,141.5500030517578,310.0
2024-10-25 15:14:00+00:00,POET,3.859999895095825,3.859999895095825,3.859999895095825,3.857100009918213,3.857100009918213,3138.0
2024-10-25 15:14:00+00:00,PRGS,64.56999969482422,64.56999969482422,64.56999969482422,64.56999969482422,64.56999969482422,232.0
2024-10-25 15:14:00+00:00,PRTH,5.300000190734863,5.300000190734863,5.300000190734863,5.300000190734863,5.300000190734863,667.0
2024-10-25 15:14:00+00:00,PTC,187.0399932861328,187.0399932861328,187.08999633789062,187.0399932861328,187.0800018310547,3371.0
2024-10-25 15:14:00+00:00,PUBM,14.729999542236328,14.729999542236328,14.729999542236328,14.729999542236328,14.729999542236328,1020.0
2024-10-25 15:14:00+00:00,PXLW,0.7354000210762024,0.7354000210762024,0.7354000210762024,0.7354000210762024,0.7354000210762024,712.0
2024-10-25 15:14:00+00:00,PYCR,14.324999809265137,14.324999809265137,14.335000038146973,14.324999809265137,14.335000038146973,2093.0
2024-10-25 15:14:00+00:00,QCOM,170.7050018310547,170.7050018310547,170.82000732421875,170.6300048828125,170.8000030517578,8374.0
2024-10-25 15:14:00+00:00,QLYS,120.43499755859375,120.43499755859375,120.43499755859375,120.43499755859375,120.43499755859375,228.0
2024-10-25 15:14:00+00:00,QRVO,99.75499725341797,99.75499725341797,99.83999633789062,99.72000122070312,99.83999633789062,8654.0
2024-10-25 15:14:00+00:00,RELY,14.880000114440918,14.880000114440918,14.890000343322754,14.875,14.890000343322754,4249.0
2024-10-25 15:14:00+00:00,RGTI,1.2300000190734863,1.2300000190734863,1.2300000190734863,1.221500039100647,1.2300000190734863,1506.0
2024-10-25 15:14:00+00:00,RIOT,9.765000343322754,9.765000343322754,9.789899826049805,9.76099967956543,9.779999732971191,27094.0
2024-10-25 15:14:00+00:00,RMBS,43.39500045776367,43.39500045776367,43.439998626708984,43.39500045776367,43.439998626708984,8137.0
2024-10-25 15:14:00+00:00,RMNI,1.715000033378601,1.715000033378601,1.7200000286102295,1.715000033378601,1.7199000120162964,4596.0
2024-10-25 15:14:00+00:00,RPAY,7.715000152587891,7.715000152587891,7.735000133514404,7.715000152587891,7.735000133514404,6637.0
2024-10-25 15:14:00+00:00,RPD,39.03499984741211,39.03499984741211,39.03499984741211,39.03499984741211,39.03499984741211,513.0
2024-10-25 15:14:00+00:00,RUM,5.739999771118164,5.739999771118164,5.744999885559082,5.739999771118164,5.744999885559082,3656.0
2024-10-25 15:14:00+00:00,RUN,14.385000228881836,14.385000228881836,14.390000343322754,14.375,14.385000228881836,12284.0
2024-10-25 15:14:00+00:00,RXT,2.4700000286102295,2.4700000286102295,2.4700000286102295,2.4700000286102295,2.4700000286102295,1304.0
2024-10-25 15:14:00+00:00,SANM,67.55999755859375,67.55999755859375,67.55999755859375,67.55999755859375,67.55999755859375,516.0
2024-10-25 15:14:00+00:00,SATS,25.190000534057617,25.190000534057617,25.25,25.180599212646484,25.25,3961.0
2024-10-25 15:14:00+00:00,SCKT,1.1482000350952148,1.1482000350952148,1.1482000350952148,1.1482000350952148,1.1482000350952148,200.0
2024-10-25 15:14:00+00:00,SCSC,44.66999816894531,44.66999816894531,44.709999084472656,44.66999816894531,44.709999084472656,669.0
2024-10-25 15:14:00+00:00,SEDG,15.895000457763672,15.895000457763672,15.914999961853027,15.890000343322754,15.909000396728516,18664.0
2024-10-25 15:14:00+00:00,SHLS,5.239999771118164,5.239999771118164,5.244999885559082,5.235000133514404,5.244999885559082,19944.0
2024-10-25 15:14:00+00:00,SIMO,56.2400016784668,56.2400016784668,56.2400016784668,56.2400016784668,56.2400016784668,155.0
2024-10-25 15:14:00+00:00,SKYT,10.539999961853027,10.539999961853027,10.550000190734863,10.539999961853027,10.550000190734863,1200.0
2024-10-25 15:14:00+00:00,SLNH,3.940000057220459,3.940000057220459,3.940000057220459,3.940000057220459,3.940000057220459,940.0
2024-10-25 15:14:00+00:00,SMCI,47.540000915527344,47.540000915527344,47.54999923706055,47.404998779296875,47.5,66042.0
2024-10-25 15:14:00+00:00,SMTC,45.540000915527344,45.540000915527344,45.59000015258789,45.5099983215332,45.59000015258789,2173.0
2024-10-25 15:14:00+00:00,SNCR,10.601099967956543,10.601099967956543,10.601099967956543,10.601099967956543,10.601099967956543,305.0
2024-10-25 15:14:00+00:00,SNPS,502.635009765625,502.635009765625,502.7200012207031,502.635009765625,502.6935119628906,2888.0
2024-10-25 15:14:00+00:00,SOUN,5.180099964141846,5.180099964141846,5.190000057220459,5.179999828338623,5.184999942779541,9641.0
2024-10-25 15:14:00+00:00,SPSC,170.38999938964844,170.38999938964844,170.42999267578125,170.38999938964844,170.42999267578125,1030.0
2024-10-25 15:14:00+00:00,SPT,26.899999618530273,26.899999618530273,26.899999618530273,26.899999618530273,26.899999618530273,324.0
2024-10-25 15:14:00+00:00,SRAD,12.329999923706055,12.329999923706055,12.329999923706055,12.329999923706055,12.329999923706055,840.0
2024-10-25 15:14:00+00:00,SSNC,69.95500183105469,69.95500183105469,69.95999908447266,69.88999938964844,69.88999938964844,16761.0
2024-10-25 15:14:00+00:00,SSYS,7.010000228881836,7.010000228881836,7.010000228881836,7.010000228881836,7.010000228881836,233.0
2024-10-25 15:14:00+00:00,STER,16.73200035095215,16.73200035095215,16.735000610351562,16.73200035095215,16.735000610351562,579.0
2024-10-25 15:14:00+00:00,STNE,11.53499984741211,11.53499984741211,11.5600004196167,11.529999732971191,11.555000305175781,11104.0
2024-10-25 15:14:00+00:00,STX,103.52010345458984,103.52010345458984,103.57599639892578,103.5,103.54000091552734,6475.0
2024-10-25 15:14:00+00:00,SWKS,95.76409912109375,95.76409912109375,95.82319641113281,95.7300033569336,95.82319641113281,3838.0
2024-10-25 15:14:00+00:00,SYNA,72.18000030517578,72.18000030517578,72.29000091552734,72.18000030517578,72.29000091552734,1502.0
2024-10-25 15:14:00+00:00,SYTA,1.2900999784469604,1.2900999784469604,1.2900999784469604,1.2899999618530273,1.2899999618530273,2849.0
2024-10-25 15:14:00+00:00,TACT,4.164999961853027,4.164999961853027,4.164999961853027,4.164999961853027,4.164999961853027,99.0
2024-10-25 15:14:00+00:00,TASK,11.970000267028809,11.970000267028809,11.970000267028809,11.970000267028809,11.970000267028809,1473.0
2024-10-25 15:14:00+00:00,TEAM,189.4600067138672,189.4600067138672,189.49000549316406,189.42999267578125,189.49000549316406,3097.0
2024-10-25 15:14:00+00:00,TENB,41.7599983215332,41.7599983215332,41.7599983215332,41.70000076293945,41.70000076293945,1874.0
2024-10-25 15:14:00+00:00,TER,111.95999908447266,111.95999908447266,112.0625,111.93000030517578,112.05500030517578,7899.0
2024-10-25 15:14:00+00:00,TRMB,60.845001220703125,60.845001220703125,60.869998931884766,60.845001220703125,60.869998931884766,2053.0
2024-10-25 15:14:00+00:00,TSEM,44.689998626708984,44.689998626708984,44.70500183105469,44.689998626708984,44.70500183105469,830.0
2024-10-25 15:14:00+00:00,TTD,119.15499877929688,119.15499877929688,119.22000122070312,119.11000061035156,119.18499755859375,13033.0
2024-10-25 15:14:00+00:00,TTEC,5.340000152587891,5.340000152587891,5.340000152587891,5.340000152587891,5.340000152587891,178.0
2024-10-25 15:14:00+00:00,TTMI,19.670000076293945,19.670000076293945,19.670000076293945,19.600000381469727,19.604999542236328,19276.0
2024-10-25 15:14:00+00:00,TWKS,4.440000057220459,4.440000057220459,4.445000171661377,4.440000057220459,4.445000171661377,13687.0
2024-10-25 15:14:00+00:00,TXN,207.2050018310547,207.2050018310547,207.33999633789062,207.13499450683594,207.30999755859375,6265.0
2024-10-25 15:14:00+00:00,UCTT,35.685001373291016,35.685001373291016,35.73310089111328,35.66999816894531,35.73310089111328,2399.0
2024-10-25 15:14:00+00:00,VECO,29.290000915527344,29.290000915527344,29.309999465942383,29.260000228881836,29.309999465942383,5555.0
2024-10-25 15:14:00+00:00,VERB,10.925000190734863,10.925000190734863,10.925000190734863,10.925000190734863,10.925000190734863,31.0
2024-10-25 15:14:00+00:00,VERI,3.4100000858306885,3.4100000858306885,3.4100000858306885,3.4100000858306885,3.4100000858306885,1286.0
2024-10-25 15:14:00+00:00,VERX,41.959999084472656,41.959999084472656,41.959999084472656,41.935001373291016,41.935001373291016,1419.0
2024-10-25 15:14:00+00:00,VIAV,9.194999694824219,9.194999694824219,9.194999694824219,9.1850004196167,9.1850004196167,9911.0
2024-10-25 15:14:00+00:00,VICR,46.58000183105469,46.58000183105469,46.58000183105469,46.58000183105469,46.58000183105469,1075.0
2024-10-25 15:14:00+00:00,VNET,3.3949999809265137,3.3949999809265137,3.3949999809265137,3.3949999809265137,3.3949999809265137,401.0
2024-10-25 15:14:00+00:00,VRNS,56.779998779296875,56.779998779296875,56.83000183105469,56.779998779296875,56.79999923706055,3476.0
2024-10-25 15:14:00+00:00,VRNT,21.829999923706055,21.829999923706055,21.829999923706055,21.829999923706055,21.829999923706055,776.0
2024-10-25 15:14:00+00:00,VRSN,181.9250030517578,181.9250030517578,182.09500122070312,181.86000061035156,182.0800018310547,4086.0
2024-10-25 15:14:00+00:00,VS,2.4402999877929688,2.4402999877929688,2.4600000381469727,2.4402999877929688,2.4600000381469727,881.0
2024-10-25 15:14:00+00:00,VSAT,10.170000076293945,10.170000076293945,10.173999786376953,10.170000076293945,10.173999786376953,1101.0
2024-10-25 15:14:00+00:00,WALD,3.4800000190734863,3.4800000190734863,3.490000009536743,3.4800000190734863,3.490000009536743,230.0
2024-10-25 15:14:00+00:00,WDAY,238.34500122070312,238.34500122070312,238.36000061035156,238.25999450683594,238.36000061035156,4458.0
2024-10-25 15:14:00+00:00,WDC,69.96499633789062,69.96499633789062,70.04000091552734,69.94000244140625,70.01000213623047,22994.0
2024-10-25 15:14:00+00:00,WISA,2.0399999618530273,2.0399999618530273,2.0399999618530273,2.0399999618530273,2.0399999618530273,125.0
2024-10-25 15:14:00+00:00,WIX,164.5,164.5,164.7100067138672,164.5,164.7100067138672,4035.0
2024-10-25 15:14:00+00:00,XPER,9.369999885559082,9.369999885559082,9.375,9.369999885559082,9.375,912.0
2024-10-25 15:14:00+00:00,XRX,9.989999771118164,9.989999771118164,9.999899864196777,9.989999771118164,9.994999885559082,4363.0
2024-10-25 15:14:00+00:00,ZBRA,361.25,361.25,361.4425048828125,361.25,361.4425048828125,1365.0
2024-10-25 15:14:00+00:00,ZI,10.454000473022461,10.454000473022461,10.475000381469727,10.454000473022461,10.475000381469727,10561.0
2024-10-25 15:14:00+00:00,ZM,72.94999694824219,72.94999694824219,72.95999908447266,72.91999816894531,72.95999908447266,4648.0
2024-10-25 15:14:00+00:00,ZS,184.8699951171875,184.8699951171875,184.8699951171875,184.72000122070312,184.85000610351562,3269.0
2024-10-25 15:15:00+00:00,AAOI,17.600000381469727,17.600000381469727,17.600000381469727,17.584999084472656,17.584999084472656,1805.0
2024-10-25 15:15:00+00:00,AAPL,231.69000244140625,231.69000244140625,231.7545928955078,231.64999389648438,231.64999389648438,39831.0
2024-10-25 15:15:00+00:00,ACIW,48.86000061035156,48.86000061035156,48.86000061035156,48.845001220703125,48.845001220703125,821.0
2024-10-25 15:15:00+00:00,ACMR,19.598800659179688,19.598800659179688,19.600000381469727,19.59000015258789,19.59000015258789,1036.0
2024-10-25 15:15:00+00:00,ADBE,483.04998779296875,483.04998779296875,483.19000244140625,482.8699951171875,482.8699951171875,10054.0
2024-10-25 15:15:00+00:00,ADI,230.94500732421875,230.94500732421875,230.9499969482422,230.7899932861328,230.7899932861328,3421.0
2024-10-25 15:15:00+00:00,ADSK,286.489990234375,286.489990234375,286.510009765625,286.489990234375,286.510009765625,640.0
2024-10-25 15:15:00+00:00,ADTN,6.295000076293945,6.295000076293945,6.295000076293945,6.289999961853027,6.289999961853027,3352.0
2024-10-25 15:15:00+00:00,AEHR,16.899999618530273,16.899999618530273,16.899999618530273,16.889999389648438,16.889999389648438,3138.0
2024-10-25 15:15:00+00:00,AEYE,22.5,22.5,22.520000457763672,22.5,22.520000457763672,503.0
2024-10-25 15:15:00+00:00,AFRM,41.244998931884766,41.244998931884766,41.29999923706055,41.22999954223633,41.29999923706055,17063.0
2024-10-25 15:15:00+00:00,AKAM,102.05000305175781,102.05000305175781,102.05000305175781,102.05000305175781,102.05000305175781,104.0
2024-10-25 15:15:00+00:00,AKTS,0.05999999865889549,0.05999999865889549,0.05999999865889549,0.05990000069141388,0.05999999865889549,329349.0
2024-10-25 15:15:00+00:00,ALGM,23.170000076293945,23.170000076293945,23.18000030517578,23.170000076293945,23.170000076293945,2612.0
2024-10-25 15:15:00+00:00,ALRM,54.380001068115234,54.380001068115234,54.380001068115234,54.380001068115234,54.380001068115234,335.0
2024-10-25 15:15:00+00:00,ALTR,103.88500213623047,103.88500213623047,103.94999694824219,103.86000061035156,103.94999694824219,3652.0
2024-10-25 15:15:00+00:00,AMAT,187.13999938964844,187.13999938964844,187.13999938964844,186.94500732421875,186.94500732421875,5122.0
2024-10-25 15:15:00+00:00,AMD,156.33999633789062,156.33999633789062,156.36000061035156,156.22369384765625,156.22369384765625,27515.0
2024-10-25 15:15:00+00:00,AMKR,29.950000762939453,29.950000762939453,29.950000762939453,29.950000762939453,29.950000762939453,834.0
2024-10-25 15:15:00+00:00,AMPG,1.0399999618530273,1.0399999618530273,1.0399999618530273,1.0399999618530273,1.0399999618530273,200.0
2024-10-25 15:15:00+00:00,AMPL,9.104999542236328,9.104999542236328,9.104999542236328,9.104999542236328,9.104999542236328,296.0
2024-10-25 15:15:00+00:00,ANY,1.0499999523162842,1.0499999523162842,1.0499999523162842,1.0499999523162842,1.0499999523162842,300.0
2024-10-25 15:15:00+00:00,API,2.875,2.875,2.875,2.875,2.875,400.0
2024-10-25 15:15:00+00:00,APP,161.4149932861328,161.4149932861328,161.4149932861328,161.35000610351562,161.36000061035156,1942.0
2024-10-25 15:15:00+00:00,APPF,212.05999755859375,212.05999755859375,212.05999755859375,212.05999755859375,212.05999755859375,1068.0
2024-10-25 15:15:00+00:00,APPN,32.130001068115234,32.130001068115234,32.130001068115234,32.130001068115234,32.130001068115234,264.0
2024-10-25 15:15:00+00:00,APPS,3.069999933242798,3.069999933242798,3.075000047683716,3.069999933242798,3.075000047683716,766.0
2024-10-25 15:15:00+00:00,ARRY,6.394999980926514,6.394999980926514,6.399899959564209,6.380000114440918,6.385000228881836,48944.0
2024-10-25 15:15:00+00:00,ASML,713.6099853515625,713.6099853515625,713.6099853515625,713.6099853515625,713.6099853515625,1109.0
2024-10-25 15:15:00+00:00,ASNS,1.3049999475479126,1.3049999475479126,1.3049999475479126,1.3049999475479126,1.3049999475479126,260.0
2024-10-25 15:15:00+00:00,ASTI,2.7962000370025635,2.7962000370025635,2.7962000370025635,2.7962000370025635,2.7962000370025635,845.0
2024-10-25 15:15:00+00:00,AUR,6.394999980926514,6.394999980926514,6.394999980926514,6.394100189208984,6.394100189208984,1127.0
2024-10-25 15:15:00+00:00,AVDX,8.109999656677246,8.109999656677246,8.109999656677246,8.109999656677246,8.109999656677246,9855.0
2024-10-25 15:15:00+00:00,AVGO,173.9499969482422,173.9499969482422,174.0749969482422,173.9499969482422,174.0,28889.0
2024-10-25 15:15:00+00:00,AVPT,11.90999984741211,11.90999984741211,11.90999984741211,11.899999618530273,11.899999618530273,2063.0
2024-10-25 15:15:00+00:00,AVT,54.16999816894531,54.16999816894531,54.16999816894531,54.15999984741211,54.16999816894531,929.0
2024-10-25 15:15:00+00:00,AXTI,2.6649999618530273,2.6649999618530273,2.6649999618530273,2.6649999618530273,2.6649999618530273,170.0
2024-10-25 15:15:00+00:00,AZPN,238.1699981689453,238.1699981689453,238.1699981689453,237.2550048828125,237.2550048828125,731.0
2024-10-25 15:15:00+00:00,BAND,17.735000610351562,17.735000610351562,17.735000610351562,17.735000610351562,17.735000610351562,139.0
2024-10-25 15:15:00+00:00,BCAN,8.15999984741211,8.15999984741211,8.15999984741211,8.140000343322754,8.140000343322754,746.0
2024-10-25 15:15:00+00:00,BELFB,78.87000274658203,78.87000274658203,78.87000274658203,78.87000274658203,78.87000274658203,157.0
2024-10-25 15:15:00+00:00,BIGC,5.269999980926514,5.269999980926514,5.269999980926514,5.269999980926514,5.269999980926514,1209.0
2024-10-25 15:15:00+00:00,BLZE,7.170000076293945,7.170000076293945,7.170000076293945,7.170000076293945,7.170000076293945,2351.0
2024-10-25 15:15:00+00:00,BMBL,7.085000038146973,7.085000038146973,7.085000038146973,7.085000038146973,7.085000038146973,1794.0
2024-10-25 15:15:00+00:00,CDNS,257.80999755859375,257.80999755859375,257.80999755859375,257.739990234375,257.739990234375,1692.0
2024-10-25 15:15:00+00:00,CDW,217.9600067138672,217.9600067138672,217.9600067138672,217.8249969482422,217.86000061035156,1891.0
2024-10-25 15:15:00+00:00,CFLT,22.475000381469727,22.475000381469727,22.485000610351562,22.47010040283203,22.479999542236328,6181.0
2024-10-25 15:15:00+00:00,CGNX,38.880001068115234,38.880001068115234,38.880001068115234,38.8650016784668,38.8650016784668,3113.0
2024-10-25 15:15:00+00:00,CHKP,205.9199981689453,205.9199981689453,205.9199981689453,205.9199981689453,205.9199981689453,285.0
2024-10-25 15:15:00+00:00,CLFD,36.43000030517578,36.43000030517578,36.43000030517578,36.43000030517578,36.43000030517578,258.0
2024-10-25 15:15:00+00:00,CLSK,11.585000038146973,11.585000038146973,11.630000114440918,11.569999694824219,11.614999771118164,91815.0
2024-10-25 15:15:00+00:00,CNDT,3.5799999237060547,3.5799999237060547,3.5799999237060547,3.575000047683716,3.5799999237060547,6633.0
2024-10-25 15:15:00+00:00,CNXC,44.415000915527344,44.415000915527344,44.415000915527344,44.415000915527344,44.415000915527344,1404.0
2024-10-25 15:15:00+00:00,COHR,95.76499938964844,95.76499938964844,95.77999877929688,95.73999786376953,95.73999786376953,3373.0
2024-10-25 15:15:00+00:00,COIN,205.83999633789062,205.83999633789062,206.16000366210938,205.76499938964844,206.16000366210938,12067.0
2024-10-25 15:15:00+00:00,COMM,6.215000152587891,6.215000152587891,6.224999904632568,6.215000152587891,6.21999979019165,3289.0
2024-10-25 15:15:00+00:00,CORZ,13.274999618530273,13.274999618530273,13.295000076293945,13.274999618530273,13.274999618530273,10657.0
2024-10-25 15:15:00+00:00,CRDO,38.95159912109375,38.95159912109375,38.959999084472656,38.91999816894531,38.91999816894531,1630.0
2024-10-25 15:15:00+00:00,CRNC,2.930000066757202,2.930000066757202,2.930000066757202,2.924999952316284,2.924999952316284,780.0
2024-10-25 15:15:00+00:00,CRSR,6.332799911499023,6.332799911499023,6.332799911499023,6.332799911499023,6.332799911499023,683.0
2024-10-25 15:15:00+00:00,CRUS,122.15499877929688,122.15499877929688,122.26000213623047,122.15499877929688,122.25,1172.0
2024-10-25 15:15:00+00:00,CRWD,298.8500061035156,298.8500061035156,299.2499084472656,298.7900085449219,299.14599609375,9169.0
2024-10-25 15:15:00+00:00,CSCO,55.72999954223633,55.72999954223633,55.73649978637695,55.720001220703125,55.720001220703125,7221.0
2024-10-25 15:15:00+00:00,CSIQ,13.399999618530273,13.399999618530273,13.399999618530273,13.39330005645752,13.399999618530273,1397.0
2024-10-25 15:15:00+00:00,CTLP,8.899999618530273,8.899999618530273,8.899999618530273,8.899999618530273,8.899999618530273,382.0
2024-10-25 15:15:00+00:00,CTSH,74.68000030517578,74.68000030517578,74.68000030517578,74.66000366210938,74.66999816894531,1790.0
2024-10-25 15:15:00+00:00,CYBR,290.6099853515625,290.6099853515625,290.6099853515625,290.6099853515625,290.6099853515625,489.0
2024-10-25 15:15:00+00:00,DATS,1.559999942779541,1.559999942779541,1.559999942779541,1.559000015258789,1.559000015258789,3100.0
2024-10-25 15:15:00+00:00,DBX,26.075000762939453,26.075000762939453,26.075000762939453,26.075000762939453,26.075000762939453,4066.0
2024-10-25 15:15:00+00:00,DDOG,126.38999938964844,126.38999938964844,126.38999938964844,126.3499984741211,126.3499984741211,2755.0
2024-10-25 15:15:00+00:00,DIOD,64.9800033569336,64.9800033569336,64.9800033569336,64.9800033569336,64.9800033569336,408.0
2024-10-25 15:15:00+00:00,DOCU,68.9000015258789,68.9000015258789,68.91999816894531,68.88500213623047,68.9000015258789,4044.0
2024-10-25 15:15:00+00:00,DOMO,8.069999694824219,8.069999694824219,8.069999694824219,8.0649995803833,8.0649995803833,387.0
2024-10-25 15:15:00+00:00,DOX,89.04499816894531,89.04499816894531,89.0645980834961,89.04499816894531,89.0645980834961,744.0
2024-10-25 15:15:00+00:00,DSGX,104.18499755859375,104.18499755859375,104.18499755859375,104.12000274658203,104.12000274658203,1467.0
2024-10-25 15:15:00+00:00,DUOL,291.4049987792969,291.4049987792969,291.4049987792969,291.0899963378906,291.0899963378906,1066.0
2024-10-25 15:15:00+00:00,ELTK,10.395000457763672,10.395000457763672,10.395000457763672,10.395000457763672,10.395000457763672,33.0
2024-10-25 15:15:00+00:00,EMKR,2.119999885559082,2.119999885559082,2.119999885559082,2.119999885559082,2.119999885559082,0.0
2024-10-25 15:15:00+00:00,ENPH,83.86000061035156,83.86000061035156,83.86000061035156,83.76000213623047,83.76000213623047,5098.0
2024-10-25 15:15:00+00:00,ENTG,104.95999908447266,104.95999908447266,104.9800033569336,104.87999725341797,104.9000015258789,2226.0
2024-10-25 15:15:00+00:00,ERIC,8.454999923706055,8.454999923706055,8.460000038146973,8.454000473022461,8.454999923706055,21037.0
2024-10-25 15:15:00+00:00,EXLS,38.59000015258789,38.59000015258789,38.61000061035156,38.57500076293945,38.58000183105469,3023.0
2024-10-25 15:15:00+00:00,EXTR,14.354999542236328,14.354999542236328,14.359999656677246,14.354999542236328,14.354999542236328,523.0
2024-10-25 15:15:00+00:00,FIVN,29.850000381469727,29.850000381469727,29.850000381469727,29.844999313354492,29.84910011291504,1125.0
2024-10-25 15:15:00+00:00,FLEX,35.191001892089844,35.191001892089844,35.19499969482422,35.16999816894531,35.16999816894531,3517.0
2024-10-25 15:15:00+00:00,FRSH,11.609999656677246,11.609999656677246,11.609999656677246,11.609999656677246,11.609999656677246,324.0
2024-10-25 15:15:00+00:00,FSLR,198.3800048828125,198.3800048828125,198.3800048828125,198.2100067138672,198.2100067138672,2591.0
2024-10-25 15:15:00+00:00,FTCI,0.652999997138977,0.652999997138977,0.652999997138977,0.652999997138977,0.652999997138977,700.0
2024-10-25 15:15:00+00:00,FTNT,80.43000030517578,80.43000030517578,80.44000244140625,80.41000366210938,80.41000366210938,2343.0
2024-10-25 15:15:00+00:00,GCT,24.45639991760254,24.45639991760254,24.469999313354492,24.434999465942383,24.434999465942383,5240.0
2024-10-25 15:15:00+00:00,GDS,21.36989974975586,21.36989974975586,21.36989974975586,21.346399307250977,21.350000381469727,1610.0
2024-10-25 15:15:00+00:00,GFS,40.52000045776367,40.52000045776367,40.52000045776367,40.5099983215332,40.5099983215332,2724.0
2024-10-25 15:15:00+00:00,GPRO,1.315000057220459,1.315000057220459,1.315000057220459,1.309999942779541,1.3100999593734741,1812.0
2024-10-25 15:15:00+00:00,GRAB,4.085000038146973,4.085000038146973,4.085000038146973,4.085000038146973,4.085000038146973,5693.0
2024-10-25 15:15:00+00:00,GRRR,4.464900016784668,4.464900016784668,4.464900016784668,4.464900016784668,4.464900016784668,200.0
2024-10-25 15:15:00+00:00,GTLB,55.029998779296875,55.029998779296875,55.029998779296875,55.02000045776367,55.02000045776367,368.0
2024-10-25 15:15:00+00:00,HCP,33.6349983215332,33.6349983215332,33.64500045776367,33.630001068115234,33.64500045776367,8846.0
2024-10-25 15:15:00+00:00,HEAR,16.389999389648438,16.389999389648438,16.440000534057617,16.34000015258789,16.440000534057617,11136.0
2024-10-25 15:15:00+00:00,HIMX,6.170000076293945,6.170000076293945,6.170000076293945,6.170000076293945,6.170000076293945,1059.0
2024-10-25 15:15:00+00:00,HLIT,14.774999618530273,14.774999618530273,14.774999618530273,14.770000457763672,14.770000457763672,2262.0
2024-10-25 15:15:00+00:00,HOLO,3.6419999599456787,3.6419999599456787,3.6459999084472656,3.6419999599456787,3.6459999084472656,637.0
2024-10-25 15:15:00+00:00,HOOD,27.040000915527344,27.040000915527344,27.049999237060547,27.040000915527344,27.049999237060547,8410.0
2024-10-25 15:15:00+00:00,IBEX,18.030000686645508,18.030000686645508,18.030000686645508,18.014999389648438,18.014999389648438,499.0
2024-10-25 15:15:00+00:00,IMMR,8.65999984741211,8.65999984741211,8.65999984741211,8.65999984741211,8.65999984741211,1194.0
2024-10-25 15:15:00+00:00,INDI,3.484999895095825,3.484999895095825,3.484999895095825,3.4800000190734863,3.4800000190734863,5126.0
2024-10-25 15:15:00+00:00,INSG,20.049999237060547,20.049999237060547,20.049999237060547,20.049999237060547,20.049999237060547,302.0
2024-10-25 15:15:00+00:00,INTA,50.04499816894531,50.04499816894531,50.099998474121094,50.02000045776367,50.02000045776367,2674.0
2024-10-25 15:15:00+00:00,INTC,22.854999542236328,22.854999542236328,22.859899520874023,22.84000015258789,22.844999313354492,63610.0
2024-10-25 15:15:00+00:00,IPGP,77.0999984741211,77.0999984741211,77.0999984741211,77.05999755859375,77.06999969482422,1054.0
2024-10-25 15:15:00+00:00,JAMF,16.799999237060547,16.799999237060547,16.799999237060547,16.799999237060547,16.799999237060547,112.0
2024-10-25 15:15:00+00:00,KC,2.684999942779541,2.684999942779541,2.684999942779541,2.680000066757202,2.680000066757202,620.0
2024-10-25 15:15:00+00:00,KLAC,675.6199951171875,675.6199951171875,675.8099975585938,674.8200073242188,674.8200073242188,4921.0
2024-10-25 15:15:00+00:00,KLIC,44.47999954223633,44.47999954223633,44.47999954223633,44.47999954223633,44.47999954223633,400.0
2024-10-25 15:15:00+00:00,KVHI,4.675000190734863,4.675000190734863,4.675000190734863,4.675000190734863,4.675000190734863,102.0
2024-10-25 15:15:00+00:00,LITE,64.54499816894531,64.54499816894531,64.54499816894531,64.54000091552734,64.54000091552734,946.0
2024-10-25 15:15:00+00:00,LOGI,80.71499633789062,80.71499633789062,80.7249984741211,80.71499633789062,80.7249984741211,379.0
2024-10-25 15:15:00+00:00,LRCX,78.29000091552734,78.29000091552734,78.30999755859375,78.2300033569336,78.23899841308594,19923.0
2024-10-25 15:15:00+00:00,LSCC,54.060001373291016,54.060001373291016,54.064998626708984,53.974998474121094,53.974998474121094,4679.0
2024-10-25 15:15:00+00:00,LUNA,1.8051999807357788,1.8051999807357788,1.8051999807357788,1.8051999807357788,1.8051999807357788,616.0
2024-10-25 15:15:00+00:00,LYFT,13.40999984741211,13.40999984741211,13.430000305175781,13.380000114440918,13.399999618530273,220674.0
2024-10-25 15:15:00+00:00,LYTS,16.18000030517578,16.18000030517578,16.18000030517578,16.18000030517578,16.18000030517578,936.0
2024-10-25 15:15:00+00:00,MANH,275.3999938964844,275.3999938964844,275.3999938964844,275.1400146484375,275.1400146484375,2333.0
2024-10-25 15:15:00+00:00,MAPS,0.8400999903678894,0.8400999903678894,0.8400999903678894,0.8400999903678894,0.8400999903678894,625.0
2024-10-25 15:15:00+00:00,MAXN,5.800000190734863,5.800000190734863,5.800000190734863,5.800000190734863,5.800000190734863,298.0
2024-10-25 15:15:00+00:00,MCHP,76.66000366210938,76.66000366210938,76.66999816894531,76.62000274658203,76.62000274658203,7558.0
2024-10-25 15:15:00+00:00,MDB,267.25,267.25,267.25,267.25,267.25,900.0
2024-10-25 15:15:00+00:00,MITK,8.770000457763672,8.770000457763672,8.770000457763672,8.770000457763672,8.770000457763672,1622.0
2024-10-25 15:15:00+00:00,MKSI,100.97000122070312,100.97000122070312,100.97000122070312,100.95999908447266,100.95999908447266,746.0
2024-10-25 15:15:00+00:00,MKTW,0.5852000117301941,0.5852000117301941,0.5853999853134155,0.5852000117301941,0.5853999853134155,1413.0
2024-10-25 15:15:00+00:00,MNDY,297.8699951171875,297.8699951171875,297.8699951171875,297.8699951171875,297.8699951171875,107.0
2024-10-25 15:15:00+00:00,MOB,1.3799999952316284,1.3799999952316284,1.3799999952316284,1.3799999952316284,1.3799999952316284,300.0
2024-10-25 15:15:00+00:00,MPWR,905.9500122070312,905.9500122070312,906.239990234375,904.9000854492188,906.1199951171875,2348.0
2024-10-25 15:15:00+00:00,MQ,5.304999828338623,5.304999828338623,5.304999828338623,5.300000190734863,5.304999828338623,4968.0
2024-10-25 15:15:00+00:00,MRVL,82.08000183105469,82.08000183105469,82.08000183105469,82.02999877929688,82.02999877929688,8313.0
2024-10-25 15:15:00+00:00,MSFT,428.2099914550781,428.2099914550781,428.2699890136719,428.0400085449219,428.06988525390625,14680.0
2024-10-25 15:15:00+00:00,MSTR,232.2899932861328,232.2899932861328,232.7198944091797,232.16000366210938,232.5050048828125,46072.0
2024-10-25 15:15:00+00:00,MTSI,121.27999877929688,121.27999877929688,121.27999877929688,121.2300033569336,121.2300033569336,791.0
2024-10-25 15:15:00+00:00,MTTR,4.585000038146973,4.585000038146973,4.585000038146973,4.579999923706055,4.579999923706055,831.0
2024-10-25 15:15:00+00:00,MU,108.26519775390625,108.26519775390625,108.29000091552734,108.19100189208984,108.19100189208984,15700.0
2024-10-25 15:15:00+00:00,MVIS,1.0750000476837158,1.0750000476837158,1.0750000476837158,1.0750000476837158,1.0750000476837158,200.0
2024-10-25 15:15:00+00:00,MXL,14.720000267028809,14.720000267028809,14.720000267028809,14.720000267028809,14.720000267028809,945.0
2024-10-25 15:15:00+00:00,NCNO,37.875,37.875,37.875,37.84000015258789,37.849998474121094,6992.0
2024-10-25 15:15:00+00:00,NICE,174.74000549316406,174.74000549316406,174.78500366210938,174.74000549316406,174.78500366210938,759.0
2024-10-25 15:15:00+00:00,NNDM,2.325000047683716,2.325000047683716,2.325000047683716,2.325000047683716,2.325000047683716,3484.0
2024-10-25 15:15:00+00:00,NOVT,172.7899932861328,172.7899932861328,172.7899932861328,172.7899932861328,172.7899932861328,877.0
2024-10-25 15:15:00+00:00,NSIT,209.13999938964844,209.13999938964844,209.13999938964844,209.13999938964844,209.13999938964844,584.0
2024-10-25 15:15:00+00:00,NTAP,119.80000305175781,119.80000305175781,119.80000305175781,119.76000213623047,119.76000213623047,1362.0
2024-10-25 15:15:00+00:00,NTCT,20.610000610351562,20.610000610351562,20.610000610351562,20.610000610351562,20.610000610351562,525.0
2024-10-25 15:15:00+00:00,NTGR,20.211999893188477,20.211999893188477,20.211999893188477,20.211999893188477,20.211999893188477,220.0
2024-10-25 15:15:00+00:00,NTNX,61.904998779296875,61.904998779296875,61.90999984741211,61.88650131225586,61.90999984741211,2354.0
2024-10-25 15:15:00+00:00,NVDA,141.9232940673828,141.9232940673828,141.9499969482422,141.86000061035156,141.86000061035156,266325.0
2024-10-25 15:15:00+00:00,NVEI,33.4900016784668,33.4900016784668,33.4900016784668,33.4900016784668,33.4900016784668,349.0
2024-10-25 15:15:00+00:00,NVTS,2.5350000858306885,2.5350000858306885,2.5350000858306885,2.5299999713897705,2.5350000858306885,307.0
2024-10-25 15:15:00+00:00,NXPI,243.61000061035156,243.61000061035156,243.61000061035156,243.35000610351562,243.35000610351562,2800.0
2024-10-25 15:15:00+00:00,ON,71.26499938964844,71.26499938964844,71.27999877929688,71.21499633789062,71.21499633789062,11644.0
2024-10-25 15:15:00+00:00,OSPN,14.569999694824219,14.569999694824219,14.569999694824219,14.5600004196167,14.5600004196167,729.0
2024-10-25 15:15:00+00:00,PANW,366.32501220703125,366.32501220703125,366.3699951171875,366.1860046386719,366.1860046386719,1668.0
2024-10-25 15:15:00+00:00,PAYO,8.350000381469727,8.350000381469727,8.350000381469727,8.345000267028809,8.350000381469727,2590.0
2024-10-25 15:15:00+00:00,PAYS,3.7100000381469727,3.7100000381469727,3.7100000381469727,3.7100000381469727,3.7100000381469727,278.0
2024-10-25 15:15:00+00:00,PCTY,173.52999877929688,173.52999877929688,173.52999877929688,173.52999877929688,173.52999877929688,969.0
2024-10-25 15:15:00+00:00,PEGA,79.12999725341797,79.12999725341797,79.12999725341797,79.05500030517578,79.05500030517578,1375.0
2024-10-25 15:15:00+00:00,PGY,11.90999984741211,11.90999984741211,11.90999984741211,11.90999984741211,11.90999984741211,2416.0
2024-10-25 15:15:00+00:00,PHUN,10.259900093078613,10.259900093078613,10.317999839782715,10.180000305175781,10.265000343322754,84272.0
2024-10-25 15:15:00+00:00,PI,201.16000366210938,201.16000366210938,201.19000244140625,201.16000366210938,201.19000244140625,761.0
2024-10-25 15:15:00+00:00,PLAB,23.6299991607666,23.6299991607666,23.6299991607666,23.6299991607666,23.6299991607666,524.0
2024-10-25 15:15:00+00:00,PLXS,141.52000427246094,141.52000427246094,141.52000427246094,141.52000427246094,141.52000427246094,541.0
2024-10-25 15:15:00+00:00,POET,3.8499999046325684,3.8499999046325684,3.8499999046325684,3.8499999046325684,3.8499999046325684,1068.0
2024-10-25 15:15:00+00:00,POWI,63.3650016784668,63.3650016784668,63.3650016784668,63.3650016784668,63.3650016784668,311.0
2024-10-25 15:15:00+00:00,PRGS,64.56500244140625,64.56500244140625,64.56500244140625,64.56500244140625,64.56500244140625,204.0
2024-10-25 15:15:00+00:00,PTC,187.1750030517578,187.1750030517578,187.2100067138672,187.08999633789062,187.08999633789062,3854.0
2024-10-25 15:15:00+00:00,PYCR,14.324999809265137,14.324999809265137,14.324999809265137,14.324999809265137,14.324999809265137,377.0
2024-10-25 15:15:00+00:00,QCOM,170.6999969482422,170.6999969482422,170.8000030517578,170.6999969482422,170.75999450683594,12336.0
2024-10-25 15:15:00+00:00,QLYS,120.43499755859375,120.43499755859375,120.43499755859375,120.43499755859375,120.43499755859375,406.0
2024-10-25 15:15:00+00:00,QRVO,99.83999633789062,99.83999633789062,99.8499984741211,99.81999969482422,99.83000183105469,1315.0
2024-10-25 15:15:00+00:00,QUBT,1.0769000053405762,1.0769000053405762,1.0769000053405762,1.0769000053405762,1.0769000053405762,3509.0
2024-10-25 15:15:00+00:00,QUIK,8.569999694824219,8.569999694824219,8.569999694824219,8.569999694824219,8.569999694824219,641.0
2024-10-25 15:15:00+00:00,RELY,14.899999618530273,14.899999618530273,14.899999618530273,14.883999824523926,14.883999824523926,3671.0
2024-10-25 15:15:00+00:00,RGTI,1.2300000190734863,1.2300000190734863,1.2300000190734863,1.2300000190734863,1.2300000190734863,1039.0
2024-10-25 15:15:00+00:00,RIOT,9.739999771118164,9.739999771118164,9.767499923706055,9.739999771118164,9.765000343322754,47409.0
2024-10-25 15:15:00+00:00,RMBS,43.43000030517578,43.43000030517578,43.43000030517578,43.415000915527344,43.41999816894531,2493.0
2024-10-25 15:15:00+00:00,RMNI,1.715000033378601,1.715000033378601,1.715000033378601,1.715000033378601,1.715000033378601,2219.0
2024-10-25 15:15:00+00:00,RPAY,7.71999979019165,7.71999979019165,7.71999979019165,7.71999979019165,7.71999979019165,1734.0
2024-10-25 15:15:00+00:00,RUN,14.390000343322754,14.390000343322754,14.390000343322754,14.385000228881836,14.385000228881836,5299.0
2024-10-25 15:15:00+00:00,SANM,67.5999984741211,67.5999984741211,67.5999984741211,67.5999984741211,67.5999984741211,1796.0
2024-10-25 15:15:00+00:00,SATS,25.18000030517578,25.18000030517578,25.18000030517578,25.1299991607666,25.15999984741211,5874.0
2024-10-25 15:15:00+00:00,SCKT,1.149999976158142,1.149999976158142,1.149999976158142,1.149999976158142,1.149999976158142,46.0
2024-10-25 15:15:00+00:00,SEDG,15.920000076293945,15.920000076293945,15.920000076293945,15.895000457763672,15.895000457763672,7693.0
2024-10-25 15:15:00+00:00,SHLS,5.239999771118164,5.239999771118164,5.244999885559082,5.239999771118164,5.244999885559082,2173.0
2024-10-25 15:15:00+00:00,SIMO,56.23500061035156,56.23500061035156,56.23500061035156,56.23500061035156,56.23500061035156,430.0
2024-10-25 15:15:00+00:00,SITM,178.57000732421875,178.57000732421875,178.57000732421875,178.57000732421875,178.57000732421875,183.0
2024-10-25 15:15:00+00:00,SKYT,10.539999961853027,10.539999961853027,10.539999961853027,10.539999961853027,10.539999961853027,819.0
2024-10-25 15:15:00+00:00,SMCI,47.560001373291016,47.560001373291016,47.59000015258789,47.539100646972656,47.539100646972656,30569.0
2024-10-25 15:15:00+00:00,SMTC,45.560001373291016,45.560001373291016,45.56999969482422,45.560001373291016,45.56999969482422,531.0
2024-10-25 15:15:00+00:00,SNPS,502.6549987792969,502.6549987792969,502.6549987792969,502.6449890136719,502.6449890136719,460.0
2024-10-25 15:15:00+00:00,SONO,12.704999923706055,12.704999923706055,12.704999923706055,12.704999923706055,12.704999923706055,200.0
2024-10-25 15:15:00+00:00,SOUN,5.18779993057251,5.18779993057251,5.189300060272217,5.179999828338623,5.189300060272217,28426.0
2024-10-25 15:15:00+00:00,SPT,26.915000915527344,26.915000915527344,26.915000915527344,26.915000915527344,26.915000915527344,155.0
2024-10-25 15:15:00+00:00,SRAD,12.329999923706055,12.329999923706055,12.34000015258789,12.329999923706055,12.329999923706055,1296.0
2024-10-25 15:15:00+00:00,SSNC,69.99500274658203,69.99500274658203,70.0,69.95500183105469,69.95500183105469,13984.0
2024-10-25 15:15:00+00:00,SSYS,7.019999980926514,7.019999980926514,7.03000020980835,7.019999980926514,7.03000020980835,5007.0
2024-10-25 15:15:00+00:00,STNE,11.53499984741211,11.53499984741211,11.539999961853027,11.53499984741211,11.53499984741211,5127.0
2024-10-25 15:15:00+00:00,STX,103.5,103.5,103.58000183105469,103.5,103.55000305175781,6202.0
2024-10-25 15:15:00+00:00,SWKS,95.82499694824219,95.82499694824219,95.82499694824219,95.79000091552734,95.79000091552734,1509.0
2024-10-25 15:15:00+00:00,SYTA,1.2899999618530273,1.2899999618530273,1.2899999618530273,1.2899999618530273,1.2899999618530273,1017.0
2024-10-25 15:15:00+00:00,TEAM,189.47000122070312,189.47000122070312,189.50999450683594,189.46499633789062,189.46499633789062,2621.0
2024-10-25 15:15:00+00:00,TENB,41.77000045776367,41.77000045776367,41.77000045776367,41.755001068115234,41.755001068115234,1963.0
2024-10-25 15:15:00+00:00,TER,112.0739974975586,112.0739974975586,112.11000061035156,111.98999786376953,111.98999786376953,4490.0
2024-10-25 15:15:00+00:00,TRMB,60.88999938964844,60.88999938964844,60.88999938964844,60.880001068115234,60.880001068115234,2307.0
2024-10-25 15:15:00+00:00,TSEM,44.689998626708984,44.689998626708984,44.689998626708984,44.689998626708984,44.689998626708984,1297.0
2024-10-25 15:15:00+00:00,TTD,119.19000244140625,119.19000244140625,119.2300033569336,119.19000244140625,119.2300033569336,3530.0
2024-10-25 15:15:00+00:00,TTMI,19.719999313354492,19.719999313354492,19.729999542236328,19.709999084472656,19.709999084472656,1067.0
2024-10-25 15:15:00+00:00,TWKS,4.445000171661377,4.445000171661377,4.449999809265137,4.440000057220459,4.449999809265137,2417.0
2024-10-25 15:15:00+00:00,TXN,207.2449951171875,207.2449951171875,207.2899932861328,207.2449951171875,207.27000427246094,3488.0
2024-10-25 15:15:00+00:00,UCTT,35.720001220703125,35.720001220703125,35.720001220703125,35.720001220703125,35.720001220703125,798.0
2024-10-25 15:15:00+00:00,VECO,29.325000762939453,29.325000762939453,29.325000762939453,29.325000762939453,29.325000762939453,126.0
2024-10-25 15:15:00+00:00,VERB,10.859999656677246,10.859999656677246,10.9399995803833,10.859999656677246,10.9399995803833,2468.0
2024-10-25 15:15:00+00:00,VERI,3.430000066757202,3.430000066757202,3.430000066757202,3.4200000762939453,3.4200000762939453,2546.0
2024-10-25 15:15:00+00:00,VERX,41.97999954223633,41.97999954223633,41.97999954223633,41.96149826049805,41.96149826049805,699.0
2024-10-25 15:15:00+00:00,VIAV,9.194999694824219,9.194999694824219,9.194999694824219,9.194999694824219,9.194999694824219,505.0
2024-10-25 15:15:00+00:00,VICR,46.59000015258789,46.59000015258789,46.59000015258789,46.59000015258789,46.59000015258789,102.0
2024-10-25 15:15:00+00:00,VNET,3.3949999809265137,3.3949999809265137,3.3949999809265137,3.3949999809265137,3.3949999809265137,9095.0
2024-10-25 15:15:00+00:00,VOXX,7.545000076293945,7.545000076293945,7.545000076293945,7.545000076293945,7.545000076293945,1033.0
2024-10-25 15:15:00+00:00,VRNS,56.83000183105469,56.83000183105469,56.83000183105469,56.779998779296875,56.779998779296875,2154.0
2024-10-25 15:15:00+00:00,VRNT,21.860000610351562,21.860000610351562,21.860000610351562,21.84000015258789,21.84000015258789,1988.0
2024-10-25 15:15:00+00:00,VRSN,181.89999389648438,181.89999389648438,182.0,181.85000610351562,181.9199981689453,7049.0
2024-10-25 15:15:00+00:00,VSAT,10.1899995803833,10.1899995803833,10.1899995803833,10.175000190734863,10.175000190734863,2879.0
2024-10-25 15:15:00+00:00,WDAY,238.4499969482422,238.4499969482422,238.4499969482422,238.34500122070312,238.35000610351562,2646.0
2024-10-25 15:15:00+00:00,WDC,70.05999755859375,70.05999755859375,70.11000061035156,69.96499633789062,69.96499633789062,28348.0
2024-10-25 15:15:00+00:00,WISA,2.0350000858306885,2.0350000858306885,2.0399999618530273,2.030100107192993,2.030100107192993,10726.0
2024-10-25 15:15:00+00:00,XRX,9.994999885559082,9.994999885559082,9.994999885559082,9.994999885559082,9.994999885559082,1616.0
2024-10-25 15:15:00+00:00,ZBRA,361.2349853515625,361.2349853515625,361.2349853515625,361.2349853515625,361.2349853515625,219.0
2024-10-25 15:15:00+00:00,ZI,10.454999923706055,10.454999923706055,10.460000038146973,10.454999923706055,10.460000038146973,1355.0
2024-10-25 15:15:00+00:00,ZM,72.94999694824219,72.94999694824219,72.95999908447266,72.94999694824219,72.9540023803711,1886.0
2024-10-25 15:16:00+00:00,AAOI,17.600000381469727,17.600000381469727,17.600000381469727,17.600000381469727,17.600000381469727,477.0
2024-10-25 15:16:00+00:00,AAPL,231.64999389648438,231.64999389648438,231.7100067138672,231.61399841308594,231.68499755859375,46971.0
2024-10-25 15:16:00+00:00,ACMR,19.594999313354492,19.594999313354492,19.594999313354492,19.594999313354492,19.594999313354492,859.0
2024-10-25 15:16:00+00:00,ADBE,482.8299865722656,482.8299865722656,483.114990234375,482.8299865722656,483.04998779296875,1840.0
2024-10-25 15:16:00+00:00,ADI,230.8800048828125,230.8800048828125,230.8800048828125,230.8800048828125,230.8800048828125,1868.0
2024-10-25 15:16:00+00:00,ADSK,286.5849914550781,286.5849914550781,286.5874938964844,286.57000732421875,286.57000732421875,1404.0
2024-10-25 15:16:00+00:00,ADTN,6.295000076293945,6.295000076293945,6.295000076293945,6.295000076293945,6.295000076293945,1138.0
2024-10-25 15:16:00+00:00,AEYE,22.56999969482422,22.56999969482422,22.56999969482422,22.507099151611328,22.507099151611328,1211.0
2024-10-25 15:16:00+00:00,AFRM,41.248199462890625,41.248199462890625,41.2599983215332,41.20000076293945,41.244998931884766,11891.0
2024-10-25 15:16:00+00:00,AKAM,102.02999877929688,102.02999877929688,102.05599975585938,102.02999877929688,102.05599975585938,959.0
2024-10-25 15:16:00+00:00,AKTS,0.05999999865889549,0.05999999865889549,0.05999999865889549,0.05999999865889549,0.05999999865889549,50100.0
2024-10-25 15:16:00+00:00,ALGM,23.170000076293945,23.170000076293945,23.18000030517578,23.160200119018555,23.160200119018555,2587.0
2024-10-25 15:16:00+00:00,ALRM,54.380001068115234,54.380001068115234,54.380001068115234,54.349998474121094,54.349998474121094,675.0
2024-10-25 15:16:00+00:00,ALTR,103.88999938964844,103.88999938964844,103.88999938964844,103.88999938964844,103.88999938964844,1279.0
2024-10-25 15:16:00+00:00,AMAT,187.0800018310547,187.0800018310547,187.0800018310547,186.98170471191406,187.0500030517578,3065.0
2024-10-25 15:16:00+00:00,AMD,156.3101043701172,156.3101043701172,156.3300018310547,156.25,156.3300018310547,28591.0
2024-10-25 15:16:00+00:00,AMKR,29.959999084472656,29.959999084472656,29.959999084472656,29.950000762939453,29.950000762939453,1781.0
2024-10-25 15:16:00+00:00,ANY,1.0499999523162842,1.0499999523162842,1.0499999523162842,1.0499999523162842,1.0499999523162842,123.0
2024-10-25 15:16:00+00:00,API,2.884999990463257,2.884999990463257,2.884999990463257,2.875,2.875,6794.0
2024-10-25 15:16:00+00:00,APP,161.3800048828125,161.3800048828125,161.46600341796875,161.3800048828125,161.45069885253906,4061.0
2024-10-25 15:16:00+00:00,APPN,32.15999984741211,32.15999984741211,32.15999984741211,32.131500244140625,32.131500244140625,1567.0
2024-10-25 15:16:00+00:00,ARRY,6.394000053405762,6.394000053405762,6.395999908447266,6.390100002288818,6.394999980926514,18627.0
2024-10-25 15:16:00+00:00,ASML,713.6950073242188,713.6950073242188,713.6950073242188,713.6950073242188,713.6950073242188,1459.0
2024-10-25 15:16:00+00:00,ASNS,1.2999999523162842,1.2999999523162842,1.2999999523162842,1.2999999523162842,1.2999999523162842,0.0
2024-10-25 15:16:00+00:00,AUR,6.389999866485596,6.389999866485596,6.394999980926514,6.389999866485596,6.394999980926514,2567.0
2024-10-25 15:16:00+00:00,AVDX,8.109999656677246,8.109999656677246,8.114999771118164,8.109999656677246,8.109999656677246,1089.0
2024-10-25 15:16:00+00:00,AVGO,173.85499572753906,173.85499572753906,173.97000122070312,173.82000732421875,173.9499969482422,22472.0
2024-10-25 15:16:00+00:00,AZPN,238.1699981689453,238.1699981689453,238.1699981689453,238.16000366210938,238.16000366210938,274.0
2024-10-25 15:16:00+00:00,BAND,17.75,17.75,17.75,17.75,17.75,258.0
2024-10-25 15:16:00+00:00,BASE,16.239999771118164,16.239999771118164,16.239999771118164,16.239999771118164,16.239999771118164,817.0
2024-10-25 15:16:00+00:00,BEEM,4.789999961853027,4.789999961853027,4.789999961853027,4.78000020980835,4.78000020980835,295.0
2024-10-25 15:16:00+00:00,BMBL,7.085000038146973,7.085000038146973,7.085000038146973,7.085000038146973,7.085000038146973,496.0
2024-10-25 15:16:00+00:00,BRZE,30.559999465942383,30.559999465942383,30.560100555419922,30.559999465942383,30.560100555419922,1836.0
2024-10-25 15:16:00+00:00,BSY,49.07500076293945,49.07500076293945,49.07500076293945,49.070701599121094,49.070701599121094,776.0
2024-10-25 15:16:00+00:00,CAN,0.9736999869346619,0.9736999869346619,0.9736999869346619,0.9732000231742859,0.9736999869346619,1506.0
2024-10-25 15:16:00+00:00,CDNS,257.6499938964844,257.6499938964844,257.80999755859375,257.6499938964844,257.80999755859375,2025.0
2024-10-25 15:16:00+00:00,CDW,217.9149932861328,217.9149932861328,217.9149932861328,217.83009338378906,217.83009338378906,830.0
2024-10-25 15:16:00+00:00,CETX,0.301800012588501,0.301800012588501,0.301800012588501,0.301800012588501,0.301800012588501,594.0
2024-10-25 15:16:00+00:00,CFLT,22.450000762939453,22.450000762939453,22.479999542236328,22.450000762939453,22.479999542236328,4820.0
2024-10-25 15:16:00+00:00,CGNX,38.869998931884766,38.869998931884766,38.880001068115234,38.8650016784668,38.869998931884766,2193.0
2024-10-25 15:16:00+00:00,CHKP,205.8800048828125,205.8800048828125,205.90499877929688,205.8800048828125,205.90499877929688,441.0
2024-10-25 15:16:00+00:00,CLFD,36.43000030517578,36.43000030517578,36.43000030517578,36.43000030517578,36.43000030517578,131.0
2024-10-25 15:16:00+00:00,CLSK,11.574999809265137,11.574999809265137,11.59000015258789,11.569999694824219,11.580100059509277,97208.0
2024-10-25 15:16:00+00:00,COHR,95.75,95.75,95.75,95.75,95.75,515.0
2024-10-25 15:16:00+00:00,COHU,25.989999771118164,25.989999771118164,25.989999771118164,25.989999771118164,25.989999771118164,496.0
2024-10-25 15:16:00+00:00,COIN,205.61000061035156,205.61000061035156,206.0,205.58009338378906,205.78500366210938,18676.0
2024-10-25 15:16:00+00:00,COMM,6.215000152587891,6.215000152587891,6.215000152587891,6.215000152587891,6.215000152587891,2275.0
2024-10-25 15:16:00+00:00,CORZ,13.279999732971191,13.279999732971191,13.279999732971191,13.270000457763672,13.274999618530273,2853.0
2024-10-25 15:16:00+00:00,CRDO,38.939998626708984,38.939998626708984,38.95000076293945,38.93000030517578,38.93000030517578,1297.0
2024-10-25 15:16:00+00:00,CRNC,2.934999942779541,2.934999942779541,2.934999942779541,2.930000066757202,2.930000066757202,1080.0
2024-10-25 15:16:00+00:00,CRSR,6.324999809265137,6.324999809265137,6.329999923706055,6.324999809265137,6.329999923706055,3422.0
2024-10-25 15:16:00+00:00,CRUS,122.21749877929688,122.21749877929688,122.26000213623047,122.20999908447266,122.26000213623047,1191.0
2024-10-25 15:16:00+00:00,CRWD,298.5849914550781,298.5849914550781,298.8699951171875,298.5400085449219,298.8699951171875,5618.0
2024-10-25 15:16:00+00:00,CSCO,55.755001068115234,55.755001068115234,55.755001068115234,55.73500061035156,55.73500061035156,15223.0
2024-10-25 15:16:00+00:00,CSIQ,13.40999984741211,13.40999984741211,13.40999984741211,13.399999618530273,13.399999618530273,1668.0
2024-10-25 15:16:00+00:00,CTSH,74.69000244140625,74.69000244140625,74.70999908447266,74.69000244140625,74.69499969482422,3402.0
2024-10-25 15:16:00+00:00,CYBR,290.4150085449219,290.4150085449219,290.4150085449219,290.4150085449219,290.4150085449219,1891.0
2024-10-25 15:16:00+00:00,DAIO,2.565000057220459,2.565000057220459,2.565000057220459,2.530100107192993,2.565000057220459,1177.0
2024-10-25 15:16:00+00:00,DATS,1.5694999694824219,1.5694999694824219,1.5800000429153442,1.565000057220459,1.5800000429153442,1000.0
2024-10-25 15:16:00+00:00,DBX,26.079999923706055,26.079999923706055,26.079999923706055,26.06999969482422,26.06999969482422,910.0
2024-10-25 15:16:00+00:00,DDOG,126.33000183105469,126.33000183105469,126.38999938964844,126.33000183105469,126.375,2397.0
2024-10-25 15:16:00+00:00,DIOD,64.9800033569336,64.9800033569336,64.9800033569336,64.9800033569336,64.9800033569336,352.0
2024-10-25 15:16:00+00:00,DOCU,68.87000274658203,68.87000274658203,68.88999938964844,68.86009979248047,68.88999938964844,4198.0
2024-10-25 15:16:00+00:00,ENPH,83.81999969482422,83.81999969482422,83.8499984741211,83.81999969482422,83.83000183105469,2087.0
2024-10-25 15:16:00+00:00,ENTG,105.00499725341797,105.00499725341797,105.00499725341797,104.93000030517578,104.9625015258789,2195.0
2024-10-25 15:16:00+00:00,ERIC,8.454999923706055,8.454999923706055,8.460000038146973,8.449999809265137,8.449999809265137,2943.0
2024-10-25 15:16:00+00:00,EXLS,38.58000183105469,38.58000183105469,38.59000015258789,38.56999969482422,38.59000015258789,1255.0
2024-10-25 15:16:00+00:00,EXTR,14.354999542236328,14.354999542236328,14.359999656677246,14.354999542236328,14.354999542236328,1089.0
2024-10-25 15:16:00+00:00,FFIV,216.52999877929688,216.52999877929688,216.52999877929688,216.52999877929688,216.52999877929688,247.0
2024-10-25 15:16:00+00:00,FIVN,29.851999282836914,29.851999282836914,29.851999282836914,29.84429931640625,29.84429931640625,2850.0
2024-10-25 15:16:00+00:00,FLEX,35.20000076293945,35.20000076293945,35.209999084472656,35.20000076293945,35.20000076293945,1546.0
2024-10-25 15:16:00+00:00,FLYW,17.31999969482422,17.31999969482422,17.31999969482422,17.31999969482422,17.31999969482422,629.0
2024-10-25 15:16:00+00:00,FRSH,11.609999656677246,11.609999656677246,11.619999885559082,11.609999656677246,11.609999656677246,2818.0
2024-10-25 15:16:00+00:00,FSLR,198.375,198.375,198.5,198.2899932861328,198.4499969482422,1815.0
2024-10-25 15:16:00+00:00,FTCI,0.652999997138977,0.652999997138977,0.652999997138977,0.652999997138977,0.652999997138977,9913.0
2024-10-25 15:16:00+00:00,FTNT,80.33000183105469,80.33000183105469,80.43000030517578,80.33000183105469,80.43000030517578,8503.0
2024-10-25 15:16:00+00:00,GCT,24.459999084472656,24.459999084472656,24.469999313354492,24.459999084472656,24.469999313354492,1579.0
2024-10-25 15:16:00+00:00,GDS,21.350000381469727,21.350000381469727,21.350000381469727,21.350000381469727,21.350000381469727,810.0
2024-10-25 15:16:00+00:00,GFS,40.529998779296875,40.529998779296875,40.529998779296875,40.52000045776367,40.52000045776367,720.0
2024-10-25 15:16:00+00:00,GRAB,4.085000038146973,4.085000038146973,4.085000038146973,4.079999923706055,4.085000038146973,11748.0
2024-10-25 15:16:00+00:00,GTLB,55.02000045776367,55.02000045776367,55.02000045776367,55.0099983215332,55.0099983215332,1381.0
2024-10-25 15:16:00+00:00,HCP,33.630001068115234,33.630001068115234,33.630001068115234,33.625,33.630001068115234,4678.0
2024-10-25 15:16:00+00:00,HIMX,6.173600196838379,6.173600196838379,6.173600196838379,6.173600196838379,6.173600196838379,669.0
2024-10-25 15:16:00+00:00,HOLO,3.6366000175476074,3.6366000175476074,3.640000104904175,3.6366000175476074,3.640000104904175,1090.0
2024-10-25 15:16:00+00:00,HOOD,27.03499984741211,27.03499984741211,27.045000076293945,27.030000686645508,27.045000076293945,10227.0
2024-10-25 15:16:00+00:00,ICHR,27.540000915527344,27.540000915527344,27.540000915527344,27.540000915527344,27.540000915527344,398.0
2024-10-25 15:16:00+00:00,III,3.055000066757202,3.055000066757202,3.055000066757202,3.055000066757202,3.055000066757202,5044.0
2024-10-25 15:16:00+00:00,IMMR,8.65999984741211,8.65999984741211,8.66100025177002,8.65999984741211,8.66100025177002,359.0
2024-10-25 15:16:00+00:00,INDI,3.484999895095825,3.484999895095825,3.484999895095825,3.480299949645996,3.480299949645996,701.0
2024-10-25 15:16:00+00:00,INFN,6.769999980926514,6.769999980926514,6.770500183105469,6.769999980926514,6.770500183105469,6788.0
2024-10-25 15:16:00+00:00,INOD,20.239999771118164,20.239999771118164,20.270000457763672,20.235000610351562,20.270000457763672,1208.0
2024-10-25 15:16:00+00:00,INTA,50.04499816894531,50.04499816894531,50.04499816894531,50.04499816894531,50.04499816894531,477.0
2024-10-25 15:16:00+00:00,INTC,22.854999542236328,22.854999542236328,22.860000610351562,22.850000381469727,22.854999542236328,15574.0
2024-10-25 15:16:00+00:00,INTU,608.0999755859375,608.0999755859375,608.0999755859375,608.0999755859375,608.0999755859375,1956.0
2024-10-25 15:16:00+00:00,IPGP,77.03500366210938,77.03500366210938,77.05999755859375,77.03500366210938,77.05999755859375,1020.0
2024-10-25 15:16:00+00:00,ITI,7.199999809265137,7.199999809265137,7.199999809265137,7.199999809265137,7.199999809265137,240.0
2024-10-25 15:16:00+00:00,ITRI,102.44499969482422,102.44499969482422,102.44999694824219,102.44499969482422,102.44999694824219,708.0
2024-10-25 15:16:00+00:00,JAMF,16.80500030517578,16.80500030517578,16.80500030517578,16.80500030517578,16.80500030517578,391.0
2024-10-25 15:16:00+00:00,KC,2.680000066757202,2.680000066757202,2.684999942779541,2.680000066757202,2.684999942779541,839.0
2024-10-25 15:16:00+00:00,KLAC,675.5900268554688,675.5900268554688,675.614990234375,675.52001953125,675.614990234375,797.0
2024-10-25 15:16:00+00:00,LASR,10.40999984741211,10.40999984741211,10.40999984741211,10.40999984741211,10.40999984741211,562.0
2024-10-25 15:16:00+00:00,LINK,4.699999809265137,4.699999809265137,4.769700050354004,4.699999809265137,4.769700050354004,751.0
2024-10-25 15:16:00+00:00,LITE,64.57499694824219,64.57499694824219,64.57499694824219,64.57499694824219,64.57499694824219,973.0
2024-10-25 15:16:00+00:00,LOGI,80.7249984741211,80.7249984741211,80.7249984741211,80.72010040283203,80.72010040283203,401.0
2024-10-25 15:16:00+00:00,LRCX,78.30999755859375,78.30999755859375,78.30999755859375,78.23999786376953,78.2699966430664,22354.0
2024-10-25 15:16:00+00:00,LSCC,54.064998626708984,54.064998626708984,54.064998626708984,54.04999923706055,54.060001373291016,2758.0
2024-10-25 15:16:00+00:00,LTRX,4.09499979019165,4.09499979019165,4.09499979019165,4.09499979019165,4.09499979019165,103.0
2024-10-25 15:16:00+00:00,LYFT,13.314000129699707,13.314000129699707,13.404999732971191,13.301199913024902,13.404999732971191,198447.0
2024-10-25 15:16:00+00:00,MAXN,5.809999942779541,5.809999942779541,5.809999942779541,5.809999942779541,5.809999942779541,310.0
2024-10-25 15:16:00+00:00,MCHP,76.6500015258789,76.6500015258789,76.66000366210938,76.62999725341797,76.6500015258789,8133.0
2024-10-25 15:16:00+00:00,MNDY,297.885009765625,297.885009765625,297.885009765625,297.885009765625,297.885009765625,298.0
2024-10-25 15:16:00+00:00,MPWR,906.5999755859375,906.5999755859375,906.7100219726562,906.030029296875,906.1300048828125,1870.0
2024-10-25 15:16:00+00:00,MQ,5.309999942779541,5.309999942779541,5.309999942779541,5.295000076293945,5.300000190734863,21072.0
2024-10-25 15:16:00+00:00,MRVL,82.05999755859375,82.05999755859375,82.07869720458984,82.04000091552734,82.05999755859375,6259.0
2024-10-25 15:16:00+00:00,MSFT,428.0899963378906,428.0899963378906,428.1600036621094,428.0299987792969,428.1499938964844,19390.0
2024-10-25 15:16:00+00:00,MSTR,232.5,232.5,232.86000061035156,232.1699981689453,232.4499969482422,36483.0
2024-10-25 15:16:00+00:00,MTC,0.37369999289512634,0.37369999289512634,0.37369999289512634,0.37369999289512634,0.37369999289512634,310.0
2024-10-25 15:16:00+00:00,MTSI,121.16999816894531,121.16999816894531,121.25,121.12999725341797,121.25,1730.0
2024-10-25 15:16:00+00:00,MTTR,4.579999923706055,4.579999923706055,4.579999923706055,4.579999923706055,4.579999923706055,1226.0
2024-10-25 15:16:00+00:00,MU,108.23999786376953,108.23999786376953,108.25,108.20999908447266,108.25,12076.0
2024-10-25 15:16:00+00:00,MXL,14.720000267028809,14.720000267028809,14.720000267028809,14.710000038146973,14.710000038146973,2383.0
2024-10-25 15:16:00+00:00,NCNO,37.82500076293945,37.82500076293945,37.869998931884766,37.810001373291016,37.869998931884766,10407.0
2024-10-25 15:16:00+00:00,NICE,174.72000122070312,174.72000122070312,174.72000122070312,174.72000122070312,174.72000122070312,124.0
2024-10-25 15:16:00+00:00,NSIT,209.4149932861328,209.4149932861328,209.4149932861328,209.3350067138672,209.3350067138672,1739.0
2024-10-25 15:16:00+00:00,NTAP,119.7750015258789,119.7750015258789,119.79499816894531,119.7750015258789,119.79499816894531,549.0
2024-10-25 15:16:00+00:00,NTCT,20.6299991607666,20.6299991607666,20.6299991607666,20.6200008392334,20.6200008392334,914.0
2024-10-25 15:16:00+00:00,NTNX,61.89500045776367,61.89500045776367,61.90999984741211,61.88999938964844,61.88999938964844,2789.0
2024-10-25 15:16:00+00:00,NVDA,141.89010620117188,141.89010620117188,141.93600463867188,141.85000610351562,141.9250030517578,191221.0
2024-10-25 15:16:00+00:00,NVEI,33.4900016784668,33.4900016784668,33.4900016784668,33.4900016784668,33.4900016784668,1920.0
2024-10-25 15:16:00+00:00,NVMI,184.17999267578125,184.17999267578125,184.17999267578125,184.17999267578125,184.17999267578125,369.0
2024-10-25 15:16:00+00:00,NVTS,2.5299999713897705,2.5299999713897705,2.5350000858306885,2.5299999713897705,2.5350000858306885,1359.0
2024-10-25 15:16:00+00:00,NXPI,243.5543975830078,243.5543975830078,243.61000061035156,243.51499938964844,243.61000061035156,4607.0
2024-10-25 15:16:00+00:00,OKTA,72.23999786376953,72.23999786376953,72.25050354003906,72.23999786376953,72.23999786376953,1087.0
2024-10-25 15:16:00+00:00,ON,71.2699966430664,71.2699966430664,71.27999877929688,71.2300033569336,71.26499938964844,12479.0
2024-10-25 15:16:00+00:00,OSIS,135.63499450683594,135.63499450683594,135.63499450683594,135.63499450683594,135.63499450683594,557.0
2024-10-25 15:16:00+00:00,OSPN,14.579999923706055,14.579999923706055,14.579999923706055,14.579999923706055,14.579999923706055,333.0
2024-10-25 15:16:00+00:00,PANW,366.3800048828125,366.3800048828125,366.48870849609375,366.3800048828125,366.48870849609375,1018.0
2024-10-25 15:16:00+00:00,PAYO,8.350000381469727,8.350000381469727,8.350000381469727,8.350000381469727,8.350000381469727,626.0
2024-10-25 15:16:00+00:00,PCTY,173.5800018310547,173.5800018310547,173.5800018310547,173.47999572753906,173.47999572753906,1579.0
2024-10-25 15:16:00+00:00,PEGA,79.21900177001953,79.21900177001953,79.21900177001953,79.12999725341797,79.12999725341797,3863.0
2024-10-25 15:16:00+00:00,PHUN,10.279999732971191,10.279999732971191,10.279999732971191,10.25,10.25,10950.0
2024-10-25 15:16:00+00:00,PI,201.38999938964844,201.38999938964844,201.38999938964844,201.17999267578125,201.3800048828125,1163.0
2024-10-25 15:16:00+00:00,PLAB,23.649999618530273,23.649999618530273,23.649999618530273,23.639999389648438,23.639999389648438,455.0
2024-10-25 15:16:00+00:00,PRGS,64.5999984741211,64.5999984741211,64.5999984741211,64.58000183105469,64.58000183105469,1509.0
2024-10-25 15:16:00+00:00,PTC,187.1649932861328,187.1649932861328,187.1649932861328,187.1649932861328,187.1649932861328,247.0
2024-10-25 15:16:00+00:00,PUBM,14.741999626159668,14.741999626159668,14.741999626159668,14.741999626159668,14.741999626159668,745.0
2024-10-25 15:16:00+00:00,PYCR,14.327500343322754,14.327500343322754,14.329999923706055,14.322500228881836,14.324999809265137,4294.0
2024-10-25 15:16:00+00:00,QCOM,170.74000549316406,170.74000549316406,170.74000549316406,170.69000244140625,170.69000244140625,5711.0
2024-10-25 15:16:00+00:00,QRVO,99.80000305175781,99.80000305175781,99.80999755859375,99.80000305175781,99.80999755859375,1875.0
2024-10-25 15:16:00+00:00,RCAT,2.744999885559082,2.744999885559082,2.744999885559082,2.744999885559082,2.744999885559082,1738.0
2024-10-25 15:16:00+00:00,REKR,1.0850000381469727,1.0850000381469727,1.090000033378601,1.0850000381469727,1.090000033378601,914.0
2024-10-25 15:16:00+00:00,RELY,14.904999732971191,14.904999732971191,14.90999984741211,14.904999732971191,14.90999984741211,1425.0
2024-10-25 15:16:00+00:00,RGTI,1.2300000190734863,1.2300000190734863,1.2300000190734863,1.2300000190734863,1.2300000190734863,618.0
2024-10-25 15:16:00+00:00,RIOT,9.746000289916992,9.746000289916992,9.75,9.739999771118164,9.744999885559082,33671.0
2024-10-25 15:16:00+00:00,RMBS,43.40999984741211,43.40999984741211,43.40999984741211,43.40999984741211,43.40999984741211,572.0
2024-10-25 15:16:00+00:00,RMNI,1.7174999713897705,1.7174999713897705,1.7199000120162964,1.715000033378601,1.7199000120162964,1400.0
2024-10-25 15:16:00+00:00,RPD,39.060001373291016,39.060001373291016,39.060001373291016,39.060001373291016,39.060001373291016,1219.0
2024-10-25 15:16:00+00:00,RUN,14.389699935913086,14.389699935913086,14.395000457763672,14.385000228881836,14.390000343322754,8579.0
2024-10-25 15:16:00+00:00,RXT,2.4649999141693115,2.4649999141693115,2.4649999141693115,2.4649999141693115,2.4649999141693115,201.0
2024-10-25 15:16:00+00:00,SATS,25.18000030517578,25.18000030517578,25.18000030517578,25.18000030517578,25.18000030517578,952.0
2024-10-25 15:16:00+00:00,SEDG,15.949000358581543,15.949000358581543,15.949000358581543,15.920000076293945,15.930000305175781,3933.0
2024-10-25 15:16:00+00:00,SHLS,5.239999771118164,5.239999771118164,5.244999885559082,5.239999771118164,5.244999885559082,980.0
2024-10-25 15:16:00+00:00,SIMO,56.255001068115234,56.255001068115234,56.255001068115234,56.255001068115234,56.255001068115234,310.0
2024-10-25 15:16:00+00:00,SITM,178.3800048828125,178.3800048828125,178.3800048828125,178.3800048828125,178.3800048828125,735.0
2024-10-25 15:16:00+00:00,SMCI,47.54010009765625,47.54010009765625,47.56999969482422,47.529998779296875,47.564998626708984,14165.0
2024-10-25 15:16:00+00:00,SMSI,0.7929999828338623,0.7929999828338623,0.7929999828338623,0.7925999760627747,0.7925999760627747,556.0
2024-10-25 15:16:00+00:00,SMTC,45.55500030517578,45.55500030517578,45.55500030517578,45.55500030517578,45.55500030517578,451.0
2024-10-25 15:16:00+00:00,SNPS,502.6700134277344,502.6700134277344,502.6700134277344,502.6700134277344,502.6700134277344,665.0
2024-10-25 15:16:00+00:00,SONO,12.704999923706055,12.704999923706055,12.710000038146973,12.699999809265137,12.710000038146973,1868.0
2024-10-25 15:16:00+00:00,SOUN,5.184999942779541,5.184999942779541,5.184999942779541,5.179999828338623,5.179999828338623,1271.0
2024-10-25 15:16:00+00:00,SRAD,12.329999923706055,12.329999923706055,12.34000015258789,12.329999923706055,12.34000015258789,3648.0
2024-10-25 15:16:00+00:00,SSNC,69.99500274658203,69.99500274658203,69.99600219726562,69.99500274658203,69.99500274658203,6442.0
2024-10-25 15:16:00+00:00,SSYS,7.019999980926514,7.019999980926514,7.019999980926514,7.019999980926514,7.019999980926514,570.0
2024-10-25 15:16:00+00:00,STNE,11.539999961853027,11.539999961853027,11.539999961853027,11.524999618530273,11.529999732971191,17428.0
2024-10-25 15:16:00+00:00,STX,103.51499938964844,103.51499938964844,103.51499938964844,103.51499938964844,103.51499938964844,658.0
2024-10-25 15:16:00+00:00,SURG,1.7450000047683716,1.7450000047683716,1.7450000047683716,1.7450000047683716,1.7450000047683716,200.0
2024-10-25 15:16:00+00:00,SWKS,95.7750015258789,95.7750015258789,95.82499694824219,95.7699966430664,95.82499694824219,2114.0
2024-10-25 15:16:00+00:00,SYNA,72.31999969482422,72.31999969482422,72.31999969482422,72.29000091552734,72.29000091552734,991.0
2024-10-25 15:16:00+00:00,TEAM,189.36000061035156,189.36000061035156,189.47500610351562,189.3000030517578,189.47500610351562,5045.0
2024-10-25 15:16:00+00:00,TENB,41.77000045776367,41.77000045776367,41.77000045776367,41.75,41.75,730.0
2024-10-25 15:16:00+00:00,TER,112.12999725341797,112.12999725341797,112.12999725341797,112.06999969482422,112.09500122070312,2866.0
2024-10-25 15:16:00+00:00,TRMB,60.91999816894531,60.91999816894531,60.91999816894531,60.90999984741211,60.90999984741211,1724.0
2024-10-25 15:16:00+00:00,TSEM,44.689998626708984,44.689998626708984,44.70000076293945,44.689998626708984,44.70000076293945,332.0
2024-10-25 15:16:00+00:00,TTD,119.19000244140625,119.19000244140625,119.2300033569336,119.13999938964844,119.17780303955078,5077.0
2024-10-25 15:16:00+00:00,TTMI,19.719999313354492,19.719999313354492,19.719999313354492,19.719999313354492,19.719999313354492,641.0
2024-10-25 15:16:00+00:00,TWKS,4.449999809265137,4.449999809265137,4.449999809265137,4.445000171661377,4.445000171661377,444.0
2024-10-25 15:16:00+00:00,TXN,207.16000366210938,207.16000366210938,207.2100067138672,207.1300048828125,207.19000244140625,6679.0
2024-10-25 15:16:00+00:00,UPLD,2.134999990463257,2.134999990463257,2.140000104904175,2.128999948501587,2.128999948501587,7498.0
2024-10-25 15:16:00+00:00,VECO,29.329999923706055,29.329999923706055,29.34000015258789,29.329999923706055,29.34000015258789,1615.0
2024-10-25 15:16:00+00:00,VERX,41.959999084472656,41.959999084472656,41.970001220703125,41.95000076293945,41.95000076293945,2608.0
2024-10-25 15:16:00+00:00,VIAV,9.194999694824219,9.194999694824219,9.199999809265137,9.194999694824219,9.199999809265137,701.0
2024-10-25 15:16:00+00:00,VICR,46.54999923706055,46.54999923706055,46.582000732421875,46.54999923706055,46.582000732421875,843.0
2024-10-25 15:16:00+00:00,VMEO,4.760000228881836,4.760000228881836,4.760000228881836,4.760000228881836,4.760000228881836,200.0
2024-10-25 15:16:00+00:00,VNET,3.3949999809265137,3.3949999809265137,3.3949999809265137,3.3949999809265137,3.3949999809265137,500.0
2024-10-25 15:16:00+00:00,VRNS,56.82500076293945,56.82500076293945,56.84000015258789,56.82500076293945,56.82500076293945,1498.0
2024-10-25 15:16:00+00:00,VRNT,21.850000381469727,21.850000381469727,21.850000381469727,21.840099334716797,21.840099334716797,1069.0
2024-10-25 15:16:00+00:00,VRSN,181.92999267578125,181.92999267578125,181.92999267578125,181.92999267578125,181.92999267578125,351.0
2024-10-25 15:16:00+00:00,VS,2.435800075531006,2.435800075531006,2.435800075531006,2.435800075531006,2.435800075531006,417.0
2024-10-25 15:16:00+00:00,VSAT,10.199999809265137,10.199999809265137,10.199999809265137,10.194999694824219,10.194999694824219,903.0
2024-10-25 15:16:00+00:00,WDAY,238.49000549316406,238.49000549316406,238.49000549316406,238.4499969482422,238.4499969482422,1714.0
2024-10-25 15:16:00+00:00,WDC,70.0199966430664,70.0199966430664,70.05999755859375,70.01010131835938,70.05999755859375,9062.0
2024-10-25 15:16:00+00:00,WISA,2.0399999618530273,2.0399999618530273,2.0399999618530273,2.0299999713897705,2.0299999713897705,2706.0
2024-10-25 15:16:00+00:00,XRX,9.994999885559082,9.994999885559082,9.994999885559082,9.994999885559082,9.994999885559082,317.0
2024-10-25 15:16:00+00:00,ZBRA,361.239990234375,361.239990234375,361.239990234375,361.239990234375,361.239990234375,321.0
2024-10-25 15:16:00+00:00,ZI,10.454999923706055,10.454999923706055,10.454999923706055,10.454999923706055,10.454999923706055,2438.0
2024-10-25 15:16:00+00:00,ZM,72.94999694824219,72.94999694824219,72.97000122070312,72.94999694824219,72.95999908447266,2718.0
2024-10-25 15:17:00+00:00,AAOI,17.599300384521484,17.599300384521484,17.600000381469727,17.584999084472656,17.59000015258789,2644.0
2024-10-25 15:17:00+00:00,AAPL,231.74989318847656,231.74989318847656,231.77000427246094,231.60400390625,231.6199951171875,36016.0
2024-10-25 15:17:00+00:00,ACIW,48.880001068115234,48.880001068115234,48.89500045776367,48.880001068115234,48.89500045776367,721.0
2024-10-25 15:17:00+00:00,ACMR,19.607999801635742,19.607999801635742,19.607999801635742,19.607999801635742,19.607999801635742,249.0
2024-10-25 15:17:00+00:00,ADBE,483.05999755859375,483.05999755859375,483.05999755859375,482.54998779296875,482.8800048828125,11079.0
2024-10-25 15:17:00+00:00,ADI,230.97999572753906,230.97999572753906,231.02999877929688,230.97999572753906,231.02999877929688,1064.0
2024-10-25 15:17:00+00:00,ADSK,286.5849914550781,286.5849914550781,286.5874938964844,286.5849914550781,286.5874938964844,1265.0
2024-10-25 15:17:00+00:00,AEHR,16.8799991607666,16.8799991607666,16.8799991607666,16.8799991607666,16.8799991607666,266.0
2024-10-25 15:17:00+00:00,AFRM,41.2599983215332,41.2599983215332,41.2599983215332,41.21200180053711,41.2400016784668,7124.0
2024-10-25 15:17:00+00:00,AGYS,110.83999633789062,110.83999633789062,110.83999633789062,110.83999633789062,110.83999633789062,261.0
2024-10-25 15:17:00+00:00,AKAM,102.02999877929688,102.02999877929688,102.02999877929688,102.02999877929688,102.02999877929688,907.0
2024-10-25 15:17:00+00:00,ALGM,23.170000076293945,23.170000076293945,23.184999465942383,23.149999618530273,23.15999984741211,9325.0
2024-10-25 15:17:00+00:00,ALKT,38.209999084472656,38.209999084472656,38.209999084472656,38.16999816894531,38.16999816894531,1695.0
2024-10-25 15:17:00+00:00,ALTR,104.0,104.0,104.0199966430664,103.91000366210938,104.01000213623047,2267.0
2024-10-25 15:17:00+00:00,AMAT,187.25999450683594,187.25999450683594,187.25999450683594,186.99000549316406,187.07899475097656,3855.0
2024-10-25 15:17:00+00:00,AMD,156.36000061035156,156.36000061035156,156.4199981689453,156.2301025390625,156.33999633789062,32315.0
2024-10-25 15:17:00+00:00,AMKR,29.989999771118164,29.989999771118164,29.989999771118164,29.950000762939453,29.950000762939453,3589.0
2024-10-25 15:17:00+00:00,AMPG,1.0302000045776367,1.0302000045776367,1.0302000045776367,1.0302000045776367,1.0302000045776367,1100.0
2024-10-25 15:17:00+00:00,AMPL,9.109999656677246,9.109999656677246,9.109999656677246,9.109999656677246,9.109999656677246,364.0
2024-10-25 15:17:00+00:00,ANSS,323.32501220703125,323.32501220703125,323.32501220703125,323.32501220703125,323.32501220703125,386.0
2024-10-25 15:17:00+00:00,API,2.884999990463257,2.884999990463257,2.884999990463257,2.884999990463257,2.884999990463257,824.0
2024-10-25 15:17:00+00:00,APP,161.4149932861328,161.4149932861328,161.4149932861328,161.2899932861328,161.33999633789062,3999.0
2024-10-25 15:17:00+00:00,APPF,212.08999633789062,212.08999633789062,212.08999633789062,211.61599731445312,211.97999572753906,5729.0
2024-10-25 15:17:00+00:00,APPN,32.18000030517578,32.18000030517578,32.18000030517578,32.18000030517578,32.18000030517578,1302.0
2024-10-25 15:17:00+00:00,APPS,3.069999933242798,3.069999933242798,3.0701000690460205,3.069999933242798,3.0701000690460205,1712.0
2024-10-25 15:17:00+00:00,ARRY,6.429999828338623,6.429999828338623,6.429999828338623,6.394000053405762,6.394999980926514,35807.0
2024-10-25 15:17:00+00:00,ASML,713.4700927734375,713.4700927734375,714.4000244140625,713.4700927734375,714.135009765625,920.0
2024-10-25 15:17:00+00:00,ATOM,3.3499999046325684,3.3499999046325684,3.3499999046325684,3.3499999046325684,3.3499999046325684,200.0
2024-10-25 15:17:00+00:00,AUR,6.400100231170654,6.400100231170654,6.400100231170654,6.389999866485596,6.389999866485596,14937.0
2024-10-25 15:17:00+00:00,AVDX,8.119999885559082,8.119999885559082,8.119999885559082,8.119999885559082,8.119999885559082,916.0
2024-10-25 15:17:00+00:00,AVGO,173.97000122070312,173.97000122070312,173.97000122070312,173.72000122070312,173.8679962158203,27075.0
2024-10-25 15:17:00+00:00,AVT,54.17499923706055,54.17499923706055,54.18000030517578,54.165000915527344,54.16999816894531,1601.0
2024-10-25 15:17:00+00:00,AZPN,237.44549560546875,237.44549560546875,237.44549560546875,237.44549560546875,237.44549560546875,385.0
2024-10-25 15:17:00+00:00,BAND,17.75,17.75,17.75,17.75,17.75,691.0
2024-10-25 15:17:00+00:00,BELFB,78.88500213623047,78.88500213623047,78.88500213623047,78.88500213623047,78.88500213623047,492.0
2024-10-25 15:17:00+00:00,BIGC,5.275000095367432,5.275000095367432,5.275000095367432,5.275000095367432,5.275000095367432,381.0
2024-10-25 15:17:00+00:00,BMBL,7.085000038146973,7.085000038146973,7.0883002281188965,7.085000038146973,7.0883002281188965,2623.0
2024-10-25 15:17:00+00:00,BSY,49.07500076293945,49.07500076293945,49.08430099487305,49.07500076293945,49.08430099487305,651.0
2024-10-25 15:17:00+00:00,CAMT,77.69999694824219,77.69999694824219,77.69999694824219,77.69999694824219,77.69999694824219,846.0
2024-10-25 15:17:00+00:00,CCSI,20.09000015258789,20.09000015258789,20.09000015258789,20.09000015258789,20.09000015258789,1080.0
2024-10-25 15:17:00+00:00,CDNS,257.7250061035156,257.7250061035156,257.7250061035156,257.6700134277344,257.6700134277344,2104.0
2024-10-25 15:17:00+00:00,CDW,218.1699981689453,218.1699981689453,218.1699981689453,218.0,218.0,2476.0
2024-10-25 15:17:00+00:00,CETX,0.30149999260902405,0.30149999260902405,0.30149999260902405,0.30140000581741333,0.30140000581741333,2124.0
2024-10-25 15:17:00+00:00,CFLT,22.450000762939453,22.450000762939453,22.450000762939453,22.434999465942383,22.450000762939453,3682.0
2024-10-25 15:17:00+00:00,CGNX,38.880001068115234,38.880001068115234,38.880001068115234,38.869998931884766,38.869998931884766,2524.0
2024-10-25 15:17:00+00:00,CHKP,205.875,205.875,205.875,205.875,205.875,919.0
2024-10-25 15:17:00+00:00,CLBT,18.21500015258789,18.21500015258789,18.219999313354492,18.21500015258789,18.219999313354492,462.0
2024-10-25 15:17:00+00:00,CLSK,11.59000015258789,11.59000015258789,11.596099853515625,11.550000190734863,11.569999694824219,55404.0
2024-10-25 15:17:00+00:00,CMTL,3.8203999996185303,3.8203999996185303,3.8203999996185303,3.8203999996185303,3.8203999996185303,2093.0
2024-10-25 15:17:00+00:00,COHR,95.80999755859375,95.80999755859375,95.80999755859375,95.68499755859375,95.75,6134.0
2024-10-25 15:17:00+00:00,COHU,26.0,26.0,26.0,26.0,26.0,477.0
2024-10-25 15:17:00+00:00,COIN,205.9600067138672,205.9600067138672,206.0749969482422,205.5,205.6300048828125,12076.0
2024-10-25 15:17:00+00:00,COMM,6.210999965667725,6.210999965667725,6.215000152587891,6.210999965667725,6.215000152587891,1750.0
2024-10-25 15:17:00+00:00,CORZ,13.289999961853027,13.289999961853027,13.289999961853027,13.274999618530273,13.274999618530273,5084.0
2024-10-25 15:17:00+00:00,CRDO,38.9900016784668,38.9900016784668,38.9900016784668,38.939998626708984,38.939998626708984,2098.0
2024-10-25 15:17:00+00:00,CRNC,2.940000057220459,2.940000057220459,2.940000057220459,2.940000057220459,2.940000057220459,103.0
2024-10-25 15:17:00+00:00,CRSR,6.320000171661377,6.320000171661377,6.320000171661377,6.320000171661377,6.320000171661377,544.0
2024-10-25 15:17:00+00:00,CRUS,122.31500244140625,122.31500244140625,122.31500244140625,122.21499633789062,122.21499633789062,615.0
2024-10-25 15:17:00+00:00,CRWD,298.8482971191406,298.8482971191406,298.9585876464844,298.3901062011719,298.6300048828125,12132.0
2024-10-25 15:17:00+00:00,CSCO,55.76499938964844,55.76499938964844,55.77000045776367,55.75,55.75,10050.0
2024-10-25 15:17:00+00:00,CSGS,47.43000030517578,47.43000030517578,47.43000030517578,47.43000030517578,47.43000030517578,297.0
2024-10-25 15:17:00+00:00,CSIQ,13.40999984741211,13.40999984741211,13.40999984741211,13.40999984741211,13.40999984741211,505.0
2024-10-25 15:17:00+00:00,CSPI,13.012499809265137,13.012499809265137,13.029999732971191,13.012499809265137,13.029999732971191,356.0
2024-10-25 15:17:00+00:00,CTLP,8.914999961853027,8.914999961853027,8.914999961853027,8.914999961853027,8.914999961853027,127.0
2024-10-25 15:17:00+00:00,CTSH,74.72000122070312,74.72000122070312,74.72000122070312,74.70500183105469,74.70500183105469,2890.0
2024-10-25 15:17:00+00:00,DAKT,13.062000274658203,13.062000274658203,13.062000274658203,13.062000274658203,13.062000274658203,716.0
2024-10-25 15:17:00+00:00,DATS,1.5938999652862549,1.5938999652862549,1.5954999923706055,1.5700000524520874,1.5700000524520874,1739.0
2024-10-25 15:17:00+00:00,DAVE,38.54999923706055,38.54999923706055,38.54999923706055,38.54999923706055,38.54999923706055,293.0
2024-10-25 15:17:00+00:00,DBX,26.084999084472656,26.084999084472656,26.084999084472656,26.075000762939453,26.075000762939453,7793.0
2024-10-25 15:17:00+00:00,DDOG,126.3949966430664,126.3949966430664,126.3949966430664,126.32360076904297,126.33000183105469,3587.0
2024-10-25 15:17:00+00:00,DGHI,1.5,1.5,1.5,1.5,1.5,200.0
2024-10-25 15:17:00+00:00,DIOD,64.94999694824219,64.94999694824219,64.9800033569336,64.94999694824219,64.9800033569336,686.0
2024-10-25 15:17:00+00:00,DOCU,68.94999694824219,68.94999694824219,68.94999694824219,68.83999633789062,68.86000061035156,33203.0
2024-10-25 15:17:00+00:00,DOMO,8.079999923706055,8.079999923706055,8.079999923706055,8.079999923706055,8.079999923706055,372.0
2024-10-25 15:17:00+00:00,DOX,89.05000305175781,89.05000305175781,89.05000305175781,89.05000305175781,89.05000305175781,462.0
2024-10-25 15:17:00+00:00,DTSS,2.4600000381469727,2.4600000381469727,2.4600000381469727,2.4600000381469727,2.4600000381469727,43.0
2024-10-25 15:17:00+00:00,ENPH,83.88500213623047,83.88500213623047,83.88500213623047,83.80010223388672,83.8550033569336,6273.0
2024-10-25 15:17:00+00:00,ENTG,105.0199966430664,105.0199966430664,105.0199966430664,104.94000244140625,104.94000244140625,964.0
2024-10-25 15:17:00+00:00,ERIC,8.460000038146973,8.460000038146973,8.460000038146973,8.454999923706055,8.454999923706055,12857.0
2024-10-25 15:17:00+00:00,EXLS,38.54499816894531,38.54499816894531,38.56999969482422,38.52000045776367,38.56999969482422,5467.0
2024-10-25 15:17:00+00:00,EXTR,14.354999542236328,14.354999542236328,14.359999656677246,14.350899696350098,14.350899696350098,1354.0
2024-10-25 15:17:00+00:00,FFIV,216.56500244140625,216.56500244140625,216.5800018310547,216.52000427246094,216.5749969482422,1427.0
2024-10-25 15:17:00+00:00,FIVN,29.90999984741211,29.90999984741211,29.90999984741211,29.850000381469727,29.850000381469727,5913.0
2024-10-25 15:17:00+00:00,FLEX,35.209999084472656,35.209999084472656,35.209999084472656,35.20000076293945,35.20000076293945,1445.0
2024-10-25 15:17:00+00:00,FLYW,17.309999465942383,17.309999465942383,17.309999465942383,17.309999465942383,17.309999465942383,2317.0
2024-10-25 15:17:00+00:00,FORM,44.75,44.75,44.75,44.75,44.75,588.0
2024-10-25 15:17:00+00:00,FROG,29.34000015258789,29.34000015258789,29.3700008392334,29.34000015258789,29.3700008392334,2588.0
2024-10-25 15:17:00+00:00,FSLR,198.25,198.25,198.375,198.16000366210938,198.3699951171875,24510.0
2024-10-25 15:17:00+00:00,FTCI,0.652999997138977,0.652999997138977,0.652999997138977,0.652999997138977,0.652999997138977,481.0
2024-10-25 15:17:00+00:00,FTNT,80.36949920654297,80.36949920654297,80.37999725341797,80.34500122070312,80.34500122070312,6039.0
2024-10-25 15:17:00+00:00,GCT,24.5,24.5,24.5,24.469999313354492,24.469999313354492,4261.0
2024-10-25 15:17:00+00:00,GDS,21.354999542236328,21.354999542236328,21.354999542236328,21.354999542236328,21.354999542236328,505.0
2024-10-25 15:17:00+00:00,GFS,40.525001525878906,40.525001525878906,40.53770065307617,40.52000045776367,40.52000045776367,2836.0
2024-10-25 15:17:00+00:00,GPRO,1.315000057220459,1.315000057220459,1.315000057220459,1.315000057220459,1.315000057220459,108.0
2024-10-25 15:17:00+00:00,GRAB,4.079999923706055,4.079999923706055,4.085000038146973,4.079999923706055,4.085000038146973,8514.0
2024-10-25 15:17:00+00:00,GTLB,55.025001525878906,55.025001525878906,55.04499816894531,55.0,55.029998779296875,3302.0
2024-10-25 15:17:00+00:00,HCKT,24.559999465942383,24.559999465942383,24.559999465942383,24.559999465942383,24.559999465942383,537.0
2024-10-25 15:17:00+00:00,HCP,33.619998931884766,33.619998931884766,33.625,33.619998931884766,33.625,1093.0
2024-10-25 15:17:00+00:00,HEAR,16.3799991607666,16.3799991607666,16.3799991607666,16.375999450683594,16.375999450683594,1248.0
2024-10-25 15:17:00+00:00,HIMX,6.175000190734863,6.175000190734863,6.175000190734863,6.175000190734863,6.175000190734863,895.0
2024-10-25 15:17:00+00:00,HOLO,3.6201000213623047,3.6201000213623047,3.635999917984009,3.6201000213623047,3.630000114440918,1439.0
2024-10-25 15:17:00+00:00,HOOD,27.084999084472656,27.084999084472656,27.08919906616211,27.040000915527344,27.040000915527344,14318.0
2024-10-25 15:17:00+00:00,ICHR,27.559999465942383,27.559999465942383,27.559999465942383,27.559999465942383,27.559999465942383,1342.0
2024-10-25 15:17:00+00:00,IDAI,0.22190000116825104,0.22190000116825104,0.22190000116825104,0.22120000422000885,0.22190000116825104,21800.0
2024-10-25 15:17:00+00:00,IFBD,1.9239000082015991,1.9239000082015991,1.9239000082015991,1.9239000082015991,1.9239000082015991,505.0
2024-10-25 15:17:00+00:00,IMMR,8.670000076293945,8.670000076293945,8.670000076293945,8.65999984741211,8.65999984741211,1567.0
2024-10-25 15:17:00+00:00,IMXI,17.6299991607666,17.6299991607666,17.6299991607666,17.6299991607666,17.6299991607666,287.0
2024-10-25 15:17:00+00:00,INFN,6.769999980926514,6.769999980926514,6.769999980926514,6.769999980926514,6.769999980926514,144.0
2024-10-25 15:17:00+00:00,INOD,20.25,20.25,20.25,20.21500015258789,20.21500015258789,1563.0
2024-10-25 15:17:00+00:00,INSG,20.06599998474121,20.06599998474121,20.079999923706055,20.06599998474121,20.06999969482422,1704.0
2024-10-25 15:17:00+00:00,INTA,50.130001068115234,50.130001068115234,50.130001068115234,50.11000061035156,50.11000061035156,736.0
2024-10-25 15:17:00+00:00,INTC,22.868999481201172,22.868999481201172,22.8700008392334,22.84000015258789,22.854999542236328,88294.0
2024-10-25 15:17:00+00:00,INTU,608.2100219726562,608.2100219726562,608.2150268554688,608.0999755859375,608.0999755859375,2345.0
2024-10-25 15:17:00+00:00,IPGP,77.07499694824219,77.07499694824219,77.08000183105469,77.04129791259766,77.04129791259766,1894.0
2024-10-25 15:17:00+00:00,KARO,40.130001068115234,40.130001068115234,40.130001068115234,40.130001068115234,40.130001068115234,100.0
2024-10-25 15:17:00+00:00,KC,2.684999942779541,2.684999942779541,2.684999942779541,2.680000066757202,2.680000066757202,5252.0
2024-10-25 15:17:00+00:00,KLAC,675.9229125976562,675.9229125976562,675.9229125976562,674.989990234375,675.594970703125,7824.0
2024-10-25 15:17:00+00:00,KLIC,44.4900016784668,44.4900016784668,44.4900016784668,44.47999954223633,44.47999954223633,787.0
2024-10-25 15:17:00+00:00,KLTR,1.3350000381469727,1.3350000381469727,1.3350000381469727,1.3350000381469727,1.3350000381469727,247.0
2024-10-25 15:17:00+00:00,LASR,10.40999984741211,10.40999984741211,10.40999984741211,10.40999984741211,10.40999984741211,605.0
2024-10-25 15:17:00+00:00,LINK,4.784999847412109,4.784999847412109,4.784999847412109,4.784999847412109,4.784999847412109,0.0
2024-10-25 15:17:00+00:00,LITE,64.62000274658203,64.62000274658203,64.62000274658203,64.55999755859375,64.57499694824219,16894.0
2024-10-25 15:17:00+00:00,LOGI,80.74800109863281,80.74800109863281,80.74800109863281,80.73999786376953,80.73999786376953,813.0
2024-10-25 15:17:00+00:00,LPSN,1.1617000102996826,1.1617000102996826,1.1617000102996826,1.1617000102996826,1.1617000102996826,3001.0
2024-10-25 15:17:00+00:00,LRCX,78.37000274658203,78.37000274658203,78.37999725341797,78.2699966430664,78.30999755859375,27451.0
2024-10-25 15:17:00+00:00,LSCC,54.08000183105469,54.08000183105469,54.09000015258789,54.040000915527344,54.06999969482422,3448.0
2024-10-25 15:17:00+00:00,LTRX,4.090000152587891,4.090000152587891,4.090000152587891,4.090000152587891,4.090000152587891,687.0
2024-10-25 15:17:00+00:00,LYFT,13.255000114440918,13.255000114440918,13.34000015258789,13.25,13.318300247192383,206181.0
2024-10-25 15:17:00+00:00,LYT,1.9299999475479126,1.9299999475479126,1.9299999475479126,1.9299999475479126,1.9299999475479126,1399.0
2024-10-25 15:17:00+00:00,MAXN,5.820000171661377,5.820000171661377,5.820000171661377,5.819900035858154,5.819900035858154,1766.0
2024-10-25 15:17:00+00:00,MCHP,76.69499969482422,76.69499969482422,76.69999694824219,76.63999938964844,76.6500015258789,6230.0
2024-10-25 15:17:00+00:00,MDB,267.17999267578125,267.17999267578125,267.17999267578125,267.1400146484375,267.1400146484375,993.0
2024-10-25 15:17:00+00:00,MITK,8.770000457763672,8.770000457763672,8.770000457763672,8.770000457763672,8.770000457763672,496.0
2024-10-25 15:17:00+00:00,MKSI,101.0199966430664,101.0199966430664,101.0199966430664,101.0199966430664,101.0199966430664,1229.0
2024-10-25 15:17:00+00:00,MNDY,297.590087890625,297.590087890625,297.8900146484375,297.590087890625,297.8900146484375,2182.0
2024-10-25 15:17:00+00:00,MOB,1.375,1.375,1.3799999952316284,1.375,1.3799999952316284,864.0
2024-10-25 15:17:00+00:00,MOGO,1.0096999406814575,1.0096999406814575,1.0096999406814575,1.0096999406814575,1.0096999406814575,219.0
2024-10-25 15:17:00+00:00,MPWR,906.4299926757812,906.4299926757812,906.47998046875,906.3900146484375,906.47998046875,3064.0
2024-10-25 15:17:00+00:00,MQ,5.309999942779541,5.309999942779541,5.309999942779541,5.302499771118164,5.304999828338623,2014.0
2024-10-25 15:17:00+00:00,MRVL,82.08499908447266,82.08499908447266,82.0999984741211,82.04000091552734,82.06999969482422,14105.0
2024-10-25 15:17:00+00:00,MSFT,428.239990234375,428.239990234375,428.260009765625,427.9682922363281,428.1099853515625,12252.0
2024-10-25 15:17:00+00:00,MSTR,233.3000030517578,233.3000030517578,233.32000732421875,232.25,232.75709533691406,42823.0
2024-10-25 15:17:00+00:00,MTC,0.3749000132083893,0.3749000132083893,0.3749000132083893,0.3749000132083893,0.3749000132083893,828.0
2024-10-25 15:17:00+00:00,MTSI,121.13999938964844,121.13999938964844,121.197998046875,121.13999938964844,121.1500015258789,855.0
2024-10-25 15:17:00+00:00,MTTR,4.585000038146973,4.585000038146973,4.585000038146973,4.579999923706055,4.579999923706055,1951.0
2024-10-25 15:17:00+00:00,MU,108.30500030517578,108.30500030517578,108.3198013305664,108.18499755859375,108.2300033569336,13875.0
2024-10-25 15:17:00+00:00,MVIS,1.0700000524520874,1.0700000524520874,1.0700000524520874,1.0700000524520874,1.0700000524520874,8409.0
2024-10-25 15:17:00+00:00,MXL,14.739999771118164,14.739999771118164,14.749899864196777,14.720000267028809,14.720000267028809,6174.0
2024-10-25 15:17:00+00:00,NCNO,37.849998474121094,37.849998474121094,37.85599899291992,37.82500076293945,37.82500076293945,7157.0
2024-10-25 15:17:00+00:00,NEON,8.14490032196045,8.14490032196045,8.14490032196045,8.14490032196045,8.14490032196045,115.0
2024-10-25 15:17:00+00:00,NICE,174.78500366210938,174.78500366210938,174.78500366210938,174.78500366210938,174.78500366210938,280.0
2024-10-25 15:17:00+00:00,NNDM,2.325000047683716,2.325000047683716,2.325000047683716,2.325000047683716,2.325000047683716,206.0
2024-10-25 15:17:00+00:00,NSIT,209.55999755859375,209.55999755859375,209.55999755859375,209.55999755859375,209.55999755859375,317.0
2024-10-25 15:17:00+00:00,NTAP,119.83000183105469,119.83000183105469,119.83000183105469,119.7699966430664,119.7699966430664,2003.0
2024-10-25 15:17:00+00:00,NTCT,20.625,20.625,20.625,20.625,20.625,304.0
2024-10-25 15:17:00+00:00,NTGR,20.239999771118164,20.239999771118164,20.239999771118164,20.229999542236328,20.229999542236328,893.0
2024-10-25 15:17:00+00:00,NTNX,61.875,61.875,61.88999938964844,61.869998931884766,61.869998931884766,1895.0
2024-10-25 15:17:00+00:00,NVDA,141.9600067138672,141.9600067138672,141.97959899902344,141.78500366210938,141.89999389648438,348653.0
2024-10-25 15:17:00+00:00,NVEI,33.4900016784668,33.4900016784668,33.4900016784668,33.4900016784668,33.4900016784668,312.0
2024-10-25 15:17:00+00:00,NVMI,183.7100067138672,183.7100067138672,183.7100067138672,183.7100067138672,183.7100067138672,443.0
2024-10-25 15:17:00+00:00,NVTS,2.5299999713897705,2.5299999713897705,2.5299999713897705,2.5299999713897705,2.5299999713897705,3522.0
2024-10-25 15:17:00+00:00,NXPI,243.8249969482422,243.8249969482422,243.8300018310547,243.5500030517578,243.57000732421875,7728.0
2024-10-25 15:17:00+00:00,OKTA,72.26499938964844,72.26499938964844,72.26499938964844,72.2300033569336,72.2300033569336,2197.0
2024-10-25 15:17:00+00:00,OLED,202.75,202.75,202.75,202.75,202.75,1644.0
2024-10-25 15:17:00+00:00,ON,71.30000305175781,71.30000305175781,71.31999969482422,71.24500274658203,71.2699966430664,11660.0
2024-10-25 15:17:00+00:00,OTEX,33.25,33.25,33.25,33.2400016784668,33.2400016784668,2872.0
2024-10-25 15:17:00+00:00,PANW,366.2300109863281,366.2300109863281,366.239990234375,366.2300109863281,366.2300109863281,1612.0
2024-10-25 15:17:00+00:00,PCTY,173.49000549316406,173.49000549316406,173.49000549316406,173.49000549316406,173.49000549316406,346.0
2024-10-25 15:17:00+00:00,PDFS,29.155000686645508,29.155000686645508,29.15999984741211,29.139999389648438,29.139999389648438,813.0
2024-10-25 15:17:00+00:00,PEGA,79.19999694824219,79.19999694824219,79.21900177001953,79.16999816894531,79.19499969482422,6298.0
2024-10-25 15:17:00+00:00,PGY,11.900199890136719,11.900199890136719,11.900199890136719,11.900199890136719,11.900199890136719,414.0
2024-10-25 15:17:00+00:00,PHUN,10.340100288391113,10.340100288391113,10.369999885559082,10.289999961853027,10.289999961853027,25028.0
2024-10-25 15:17:00+00:00,PI,201.41000366210938,201.41000366210938,201.41000366210938,201.35279846191406,201.39500427246094,1429.0
2024-10-25 15:17:00+00:00,PLAB,23.649999618530273,23.649999618530273,23.65999984741211,23.649999618530273,23.649999618530273,710.0
2024-10-25 15:17:00+00:00,PLXS,141.77000427246094,141.77000427246094,141.77000427246094,141.7100067138672,141.7100067138672,550.0
2024-10-25 15:17:00+00:00,POET,3.849900007247925,3.849900007247925,3.849900007247925,3.849900007247925,3.849900007247925,324.0
2024-10-25 15:17:00+00:00,POWI,63.400001525878906,63.400001525878906,63.400001525878906,63.400001525878906,63.400001525878906,952.0
2024-10-25 15:17:00+00:00,PRCH,1.2999999523162842,1.2999999523162842,1.2999999523162842,1.2999999523162842,1.2999999523162842,265.0
2024-10-25 15:17:00+00:00,PTC,187.19500732421875,187.19500732421875,187.19500732421875,187.16000366210938,187.1699981689453,1632.0
2024-10-25 15:17:00+00:00,PYCR,14.335000038146973,14.335000038146973,14.335000038146973,14.335000038146973,14.335000038146973,156.0
2024-10-25 15:17:00+00:00,QCOM,170.89999389648438,170.89999389648438,170.89999389648438,170.67999267578125,170.75,7603.0
2024-10-25 15:17:00+00:00,QRVO,99.83999633789062,99.83999633789062,99.83999633789062,99.75,99.79000091552734,4333.0
2024-10-25 15:17:00+00:00,REKR,1.0850000381469727,1.0850000381469727,1.0850000381469727,1.0850000381469727,1.0850000381469727,540.0
2024-10-25 15:17:00+00:00,RELL,14.015000343322754,14.015000343322754,14.015000343322754,14.015000343322754,14.015000343322754,759.0
2024-10-25 15:17:00+00:00,RELY,14.895000457763672,14.895000457763672,14.904999732971191,14.895000457763672,14.904999732971191,2077.0
2024-10-25 15:17:00+00:00,RGTI,1.2300000190734863,1.2300000190734863,1.2300000190734863,1.225000023841858,1.225000023841858,1403.0
2024-10-25 15:17:00+00:00,RIOT,9.765000343322754,9.765000343322754,9.765000343322754,9.739999771118164,9.739999771118164,17069.0
2024-10-25 15:17:00+00:00,RMBS,43.43000030517578,43.43000030517578,43.43000030517578,43.400001525878906,43.400001525878906,2372.0
2024-10-25 15:17:00+00:00,RMNI,1.7100000381469727,1.7100000381469727,1.7199000120162964,1.7100000381469727,1.715000033378601,3363.0
2024-10-25 15:17:00+00:00,RPAY,7.739999771118164,7.739999771118164,7.739999771118164,7.739999771118164,7.739999771118164,829.0
2024-10-25 15:17:00+00:00,RUN,14.395000457763672,14.395000457763672,14.395000457763672,14.380000114440918,14.380000114440918,9650.0
2024-10-25 15:17:00+00:00,RXT,2.4684998989105225,2.4684998989105225,2.4684998989105225,2.4684998989105225,2.4684998989105225,39.0
2024-10-25 15:17:00+00:00,SCSC,44.685001373291016,44.685001373291016,44.685001373291016,44.685001373291016,44.685001373291016,118.0
2024-10-25 15:17:00+00:00,SEDG,15.951399803161621,15.951399803161621,15.970000267028809,15.930000305175781,15.944999694824219,13089.0
2024-10-25 15:17:00+00:00,SHLS,5.244999885559082,5.244999885559082,5.25,5.244999885559082,5.244999885559082,10780.0
2024-10-25 15:17:00+00:00,SIMO,56.255001068115234,56.255001068115234,56.255001068115234,56.255001068115234,56.255001068115234,340.0
2024-10-25 15:17:00+00:00,SITM,178.8699951171875,178.8699951171875,178.8699951171875,178.8699951171875,178.8699951171875,148.0
2024-10-25 15:17:00+00:00,SKYT,10.539999961853027,10.539999961853027,10.545000076293945,10.539999961853027,10.545000076293945,1087.0
2024-10-25 15:17:00+00:00,SLAB,114.05999755859375,114.05999755859375,114.05999755859375,114.0,114.0199966430664,3620.0
2024-10-25 15:17:00+00:00,SMCI,47.55500030517578,47.55500030517578,47.560001373291016,47.4900016784668,47.54499816894531,41290.0
2024-10-25 15:17:00+00:00,SMTC,45.53499984741211,45.53499984741211,45.61000061035156,45.52000045776367,45.58000183105469,3494.0
2024-10-25 15:17:00+00:00,SNPS,502.5799865722656,502.5799865722656,502.5799865722656,502.4200134277344,502.4200134277344,1294.0
2024-10-25 15:17:00+00:00,SOBR,7.110000133514404,7.110000133514404,7.110000133514404,7.110000133514404,7.110000133514404,417.0
2024-10-25 15:17:00+00:00,SOUN,5.175000190734863,5.175000190734863,5.179999828338623,5.170400142669678,5.179999828338623,11177.0
2024-10-25 15:17:00+00:00,SPSC,170.2050018310547,170.2050018310547,170.2050018310547,170.2050018310547,170.2050018310547,221.0
2024-10-25 15:17:00+00:00,SPT,26.915000915527344,26.915000915527344,26.915000915527344,26.915000915527344,26.915000915527344,164.0
2024-10-25 15:17:00+00:00,SRAD,12.3100004196167,12.3100004196167,12.34000015258789,12.300000190734863,12.34000015258789,22464.0
2024-10-25 15:17:00+00:00,SSNC,69.99500274658203,69.99500274658203,70.0,69.99500274658203,69.99500274658203,8648.0
2024-10-25 15:17:00+00:00,STNE,11.545000076293945,11.545000076293945,11.550000190734863,11.520000457763672,11.545000076293945,8920.0
2024-10-25 15:17:00+00:00,STX,103.54000091552734,103.54000091552734,103.55000305175781,103.46499633789062,103.5,4416.0
2024-10-25 15:17:00+00:00,SVRE,0.07810000330209732,0.07810000330209732,0.07810000330209732,0.07810000330209732,0.07810000330209732,1234.0
2024-10-25 15:17:00+00:00,SWKS,95.8499984741211,95.8499984741211,95.8499984741211,95.7699966430664,95.80000305175781,4594.0
2024-10-25 15:17:00+00:00,TACT,4.110000133514404,4.110000133514404,4.110000133514404,4.099999904632568,4.099999904632568,1100.0
2024-10-25 15:17:00+00:00,TEAM,189.3300018310547,189.3300018310547,189.3300018310547,189.30999755859375,189.30999755859375,1062.0
2024-10-25 15:17:00+00:00,TENB,41.7599983215332,41.7599983215332,41.7599983215332,41.744998931884766,41.75699996948242,1390.0
2024-10-25 15:17:00+00:00,TER,112.16000366210938,112.16000366210938,112.16000366210938,112.06999969482422,112.125,4875.0
2024-10-25 15:17:00+00:00,TRMB,60.939998626708984,60.939998626708984,60.939998626708984,60.900001525878906,60.900001525878906,1252.0
2024-10-25 15:17:00+00:00,TSEM,44.70000076293945,44.70000076293945,44.70000076293945,44.70000076293945,44.70000076293945,661.0
2024-10-25 15:17:00+00:00,TTD,119.22000122070312,119.22000122070312,119.23999786376953,119.16999816894531,119.2300033569336,5032.0
2024-10-25 15:17:00+00:00,TTEC,5.34499979019165,5.34499979019165,5.34499979019165,5.34499979019165,5.34499979019165,3215.0
2024-10-25 15:17:00+00:00,TTMI,19.709999084472656,19.709999084472656,19.709999084472656,19.709999084472656,19.709999084472656,1170.0
2024-10-25 15:17:00+00:00,TWKS,4.449999809265137,4.449999809265137,4.449999809265137,4.440000057220459,4.445000171661377,2413.0
2024-10-25 15:17:00+00:00,TXN,207.35499572753906,207.35499572753906,207.35499572753906,207.1999969482422,207.1999969482422,5441.0
2024-10-25 15:17:00+00:00,UCTT,35.7599983215332,35.7599983215332,35.7599983215332,35.7400016784668,35.75,783.0
2024-10-25 15:17:00+00:00,UPLD,2.130000114440918,2.130000114440918,2.134999990463257,2.130000114440918,2.134999990463257,1895.0
2024-10-25 15:17:00+00:00,VECO,29.34000015258789,29.34000015258789,29.350000381469727,29.329999923706055,29.329999923706055,1720.0
2024-10-25 15:17:00+00:00,VIAV,9.199899673461914,9.199899673461914,9.199899673461914,9.194999694824219,9.194999694824219,1105.0
2024-10-25 15:17:00+00:00,VMEO,4.760000228881836,4.760000228881836,4.760000228881836,4.755000114440918,4.755000114440918,2076.0
2024-10-25 15:17:00+00:00,VNET,3.3949999809265137,3.3949999809265137,3.3949999809265137,3.3949999809265137,3.3949999809265137,372.0
2024-10-25 15:17:00+00:00,VRNS,56.790000915527344,56.790000915527344,56.82500076293945,56.709999084472656,56.810001373291016,5052.0
2024-10-25 15:17:00+00:00,VRNT,21.84000015258789,21.84000015258789,21.860000610351562,21.84000015258789,21.850000381469727,2874.0
2024-10-25 15:17:00+00:00,VRSN,181.97999572753906,181.97999572753906,182.02999877929688,181.9550018310547,181.9550018310547,3518.0
2024-10-25 15:17:00+00:00,VSAT,10.1899995803833,10.1899995803833,10.1899995803833,10.1899995803833,10.1899995803833,338.0
2024-10-25 15:17:00+00:00,WDAY,238.49000549316406,238.49000549316406,238.5,238.42999267578125,238.4499969482422,6825.0
2024-10-25 15:17:00+00:00,WDC,70.07350158691406,70.07350158691406,70.07350158691406,69.9800033569336,70.02999877929688,22213.0
2024-10-25 15:17:00+00:00,WISA,1.9900000095367432,1.9900000095367432,2.0399999618530273,1.9900000095367432,2.0399999618530273,11287.0
2024-10-25 15:17:00+00:00,XRX,9.989999771118164,9.989999771118164,9.994999885559082,9.989999771118164,9.989999771118164,530.0
2024-10-25 15:17:00+00:00,ZBRA,361.239990234375,361.239990234375,361.239990234375,361.239990234375,361.239990234375,499.0
2024-10-25 15:17:00+00:00,ZI,10.460000038146973,10.460000038146973,10.460000038146973,10.45009994506836,10.454999923706055,2996.0
2024-10-25 15:17:00+00:00,ZM,72.95500183105469,72.95500183105469,72.95999908447266,72.94999694824219,72.94999694824219,2034.0
2024-10-25 15:17:00+00:00,ZS,184.8249969482422,184.8249969482422,184.8249969482422,184.8249969482422,184.8249969482422,381.0
2024-10-25 15:18:00+00:00,AAOI,17.610000610351562,17.610000610351562,17.610000610351562,17.58009910583496,17.58009910583496,4528.0
2024-10-25 15:18:00+00:00,AAPL,231.78500366210938,231.78500366210938,231.78970336914062,231.72000122070312,231.7313995361328,38555.0
2024-10-25 15:18:00+00:00,ACIW,48.86000061035156,48.86000061035156,48.909000396728516,48.86000061035156,48.880001068115234,2901.0
2024-10-25 15:18:00+00:00,ACLS,89.90499877929688,89.90499877929688,89.90499877929688,89.81210327148438,89.90499877929688,1967.0
2024-10-25 15:18:00+00:00,ACMR,19.6200008392334,19.6200008392334,19.6200008392334,19.6200008392334,19.6200008392334,1607.0
2024-10-25 15:18:00+00:00,ADBE,483.1000061035156,483.1000061035156,483.1300048828125,482.92498779296875,483.0050048828125,2951.0
2024-10-25 15:18:00+00:00,ADI,231.0800018310547,231.0800018310547,231.08999633789062,231.01499938964844,231.01499938964844,1193.0
2024-10-25 15:18:00+00:00,ADSK,286.5799865722656,286.5799865722656,286.5849914550781,286.56500244140625,286.5849914550781,2604.0
2024-10-25 15:18:00+00:00,AEHR,16.899999618530273,16.899999618530273,16.950000762939453,16.891300201416016,16.891300201416016,4394.0
2024-10-25 15:18:00+00:00,AFRM,41.27000045776367,41.27000045776367,41.279998779296875,41.255001068115234,41.2599983215332,4573.0
2024-10-25 15:18:00+00:00,AKAM,102.01000213623047,102.01000213623047,102.01000213623047,102.01000213623047,102.01000213623047,524.0
2024-10-25 15:18:00+00:00,AKTS,0.05990000069141388,0.05990000069141388,0.05990000069141388,0.05990000069141388,0.05990000069141388,76705.0
2024-10-25 15:18:00+00:00,ALGM,23.19499969482422,23.19499969482422,23.19499969482422,23.174999237060547,23.18000030517578,4608.0
2024-10-25 15:18:00+00:00,AMAT,187.27999877929688,187.27999877929688,187.27999877929688,187.14999389648438,187.1999969482422,7685.0
2024-10-25 15:18:00+00:00,AMBA,57.900001525878906,57.900001525878906,57.900001525878906,57.900001525878906,57.900001525878906,450.0
2024-10-25 15:18:00+00:00,AMD,156.3979949951172,156.3979949951172,156.42999267578125,156.3300018310547,156.36000061035156,32881.0
2024-10-25 15:18:00+00:00,AMKR,29.979999542236328,29.979999542236328,29.985000610351562,29.979999542236328,29.985000610351562,663.0
2024-10-25 15:18:00+00:00,ANSS,323.42498779296875,323.42498779296875,323.42498779296875,323.4100036621094,323.4100036621094,880.0
2024-10-25 15:18:00+00:00,ANY,1.0499999523162842,1.0499999523162842,1.0499999523162842,1.0499999523162842,1.0499999523162842,366.0
2024-10-25 15:18:00+00:00,API,2.884999990463257,2.884999990463257,2.884999990463257,2.884999990463257,2.884999990463257,700.0
2024-10-25 15:18:00+00:00,APP,161.36000061035156,161.36000061035156,161.42999267578125,161.29100036621094,161.42999267578125,4476.0
2024-10-25 15:18:00+00:00,APPF,211.85000610351562,211.85000610351562,211.85000610351562,211.85000610351562,211.85000610351562,958.0
2024-10-25 15:18:00+00:00,APPS,3.071000099182129,3.071000099182129,3.075000047683716,3.071000099182129,3.075000047683716,10946.0
2024-10-25 15:18:00+00:00,ARRY,6.425000190734863,6.425000190734863,6.429999828338623,6.420000076293945,6.425000190734863,11851.0
2024-10-25 15:18:00+00:00,ASML,714.0360107421875,714.0360107421875,714.5399780273438,714.0360107421875,714.5399780273438,2216.0
2024-10-25 15:18:00+00:00,ASUR,9.600000381469727,9.600000381469727,9.600000381469727,9.600000381469727,9.600000381469727,291.0
2024-10-25 15:18:00+00:00,ATOM,3.3399999141693115,3.3399999141693115,3.3399999141693115,3.3399999141693115,3.3399999141693115,175.0
2024-10-25 15:18:00+00:00,AUDC,9.020000457763672,9.020000457763672,9.020000457763672,9.020000457763672,9.020000457763672,170.0
2024-10-25 15:18:00+00:00,AUID,6.824999809265137,6.824999809265137,6.824999809265137,6.824999809265137,6.824999809265137,602.0
2024-10-25 15:18:00+00:00,AUR,6.40500020980835,6.40500020980835,6.40500020980835,6.400000095367432,6.40500020980835,10477.0
2024-10-25 15:18:00+00:00,AUUD,0.6100999712944031,0.6100999712944031,0.6100999712944031,0.6098999977111816,0.6098999977111816,6104.0
2024-10-25 15:18:00+00:00,AVDX,8.114999771118164,8.114999771118164,8.119999885559082,8.114999771118164,8.119999885559082,3127.0
2024-10-25 15:18:00+00:00,AVGO,174.03500366210938,174.03500366210938,174.07000732421875,173.88999938964844,173.9550018310547,20750.0
2024-10-25 15:18:00+00:00,AVPT,11.920000076293945,11.920000076293945,11.920000076293945,11.914999961853027,11.914999961853027,300.0
2024-10-25 15:18:00+00:00,AVT,54.20000076293945,54.20000076293945,54.20000076293945,54.20000076293945,54.20000076293945,441.0
2024-10-25 15:18:00+00:00,BAND,17.770000457763672,17.770000457763672,17.770000457763672,17.770000457763672,17.770000457763672,618.0
2024-10-25 15:18:00+00:00,BELFB,78.75,78.75,78.75,78.75,78.75,1941.0
2024-10-25 15:18:00+00:00,BL,56.439998626708984,56.439998626708984,56.439998626708984,56.369998931884766,56.369998931884766,1829.0
2024-10-25 15:18:00+00:00,BMBL,7.085000038146973,7.085000038146973,7.085000038146973,7.085000038146973,7.085000038146973,853.0
2024-10-25 15:18:00+00:00,BRZE,30.549999237060547,30.549999237060547,30.549999237060547,30.549999237060547,30.549999237060547,1223.0
2024-10-25 15:18:00+00:00,BSY,49.07500076293945,49.07500076293945,49.07500076293945,49.07500076293945,49.07500076293945,1662.0
2024-10-25 15:18:00+00:00,CAMT,77.7699966430664,77.7699966430664,77.7699966430664,77.74019622802734,77.74019622802734,2266.0
2024-10-25 15:18:00+00:00,CDNS,257.8500061035156,257.8500061035156,257.9200134277344,257.7749938964844,257.7799987792969,1984.0
2024-10-25 15:18:00+00:00,CDW,218.1699981689453,218.1699981689453,218.1699981689453,218.1699981689453,218.1699981689453,349.0
2024-10-25 15:18:00+00:00,CETX,0.30149999260902405,0.30149999260902405,0.30149999260902405,0.30149999260902405,0.30149999260902405,1002.0
2024-10-25 15:18:00+00:00,CFLT,22.440000534057617,22.440000534057617,22.450000762939453,22.395000457763672,22.450000762939453,16826.0
2024-10-25 15:18:00+00:00,CGNX,38.85499954223633,38.85499954223633,38.88999938964844,38.85499954223633,38.880001068115234,15176.0
2024-10-25 15:18:00+00:00,CLBT,18.229999542236328,18.229999542236328,18.229999542236328,18.219999313354492,18.219999313354492,895.0
2024-10-25 15:18:00+00:00,CLFD,36.43000030517578,36.43000030517578,36.43000030517578,36.43000030517578,36.43000030517578,206.0
2024-10-25 15:18:00+00:00,CLSK,11.599900245666504,11.599900245666504,11.599900245666504,11.579999923706055,11.59000015258789,51105.0
2024-10-25 15:18:00+00:00,CNDT,3.5850000381469727,3.5850000381469727,3.5850000381469727,3.5850000381469727,3.5850000381469727,821.0
2024-10-25 15:18:00+00:00,CNXC,44.439998626708984,44.439998626708984,44.439998626708984,44.439998626708984,44.439998626708984,2132.0
2024-10-25 15:18:00+00:00,COHR,95.70999908447266,95.70999908447266,95.8499984741211,95.70999908447266,95.81999969482422,3404.0
2024-10-25 15:18:00+00:00,COIN,205.89999389648438,205.89999389648438,206.08999633789062,205.69000244140625,206.08999633789062,10325.0
2024-10-25 15:18:00+00:00,COMM,6.21999979019165,6.21999979019165,6.21999979019165,6.215000152587891,6.215000152587891,3648.0
2024-10-25 15:18:00+00:00,CORZ,13.300000190734863,13.300000190734863,13.300000190734863,13.28499984741211,13.28499984741211,18883.0
2024-10-25 15:18:00+00:00,CRCT,6.559999942779541,6.559999942779541,6.559999942779541,6.559999942779541,6.559999942779541,328.0
2024-10-25 15:18:00+00:00,CRDO,38.9900016784668,38.9900016784668,39.02000045776367,38.970001220703125,38.970001220703125,3272.0
2024-10-25 15:18:00+00:00,CRNC,2.934999942779541,2.934999942779541,2.934999942779541,2.9347000122070312,2.934999942779541,1079.0
2024-10-25 15:18:00+00:00,CRUS,122.4000015258789,122.4000015258789,122.4000015258789,122.4000015258789,122.4000015258789,350.0
2024-10-25 15:18:00+00:00,CRWD,298.9049987792969,298.9049987792969,299.0,298.614990234375,298.7900085449219,7828.0
2024-10-25 15:18:00+00:00,CSCO,55.775001525878906,55.775001525878906,55.78499984741211,55.760101318359375,55.76599884033203,13137.0
2024-10-25 15:18:00+00:00,CSIQ,13.420000076293945,13.420000076293945,13.420000076293945,13.420000076293945,13.420000076293945,516.0
2024-10-25 15:18:00+00:00,CTLP,8.920000076293945,8.920000076293945,8.920000076293945,8.920000076293945,8.920000076293945,126.0
2024-10-25 15:18:00+00:00,CTSH,74.7699966430664,74.7699966430664,74.7699966430664,74.7300033569336,74.7300033569336,4758.0
2024-10-25 15:18:00+00:00,DATS,1.5800000429153442,1.5800000429153442,1.6114000082015991,1.5800000429153442,1.600000023841858,1800.0
2024-10-25 15:18:00+00:00,DBX,26.05500030517578,26.05500030517578,26.084999084472656,26.05500030517578,26.084999084472656,11760.0
2024-10-25 15:18:00+00:00,DDOG,126.38500213623047,126.38500213623047,126.38999938964844,126.38500213623047,126.38999938964844,1635.0
2024-10-25 15:18:00+00:00,DMRC,31.65999984741211,31.65999984741211,31.65999984741211,31.65999984741211,31.65999984741211,1060.0
2024-10-25 15:18:00+00:00,DOCU,68.91999816894531,68.91999816894531,68.94999694824219,68.91999816894531,68.94989776611328,9363.0
2024-10-25 15:18:00+00:00,DOMO,8.069999694824219,8.069999694824219,8.069999694824219,8.069999694824219,8.069999694824219,531.0
2024-10-25 15:18:00+00:00,DOX,89.08999633789062,89.08999633789062,89.08999633789062,89.06500244140625,89.06500244140625,811.0
2024-10-25 15:18:00+00:00,EEFT,100.38999938964844,100.38999938964844,100.38999938964844,100.37000274658203,100.37000274658203,1476.0
2024-10-25 15:18:00+00:00,ENPH,83.80000305175781,83.80000305175781,83.87960052490234,83.80000305175781,83.87960052490234,6076.0
2024-10-25 15:18:00+00:00,ENTG,105.06500244140625,105.06500244140625,105.06500244140625,105.03500366210938,105.03500366210938,926.0
2024-10-25 15:18:00+00:00,ERIC,8.46500015258789,8.46500015258789,8.46500015258789,8.454999923706055,8.454999923706055,56012.0
2024-10-25 15:18:00+00:00,EXLS,38.54999923706055,38.54999923706055,38.59000015258789,38.54499816894531,38.58000183105469,1789.0
2024-10-25 15:18:00+00:00,EXTR,14.354999542236328,14.354999542236328,14.354999542236328,14.354999542236328,14.354999542236328,527.0
2024-10-25 15:18:00+00:00,FFIV,216.5850067138672,216.5850067138672,216.5850067138672,216.52000427246094,216.5399932861328,1843.0
2024-10-25 15:18:00+00:00,FIVN,29.899999618530273,29.899999618530273,29.899999618530273,29.899999618530273,29.899999618530273,494.0
2024-10-25 15:18:00+00:00,FLEX,35.20500183105469,35.20500183105469,35.209999084472656,35.20000076293945,35.20249938964844,3438.0
2024-10-25 15:18:00+00:00,FROG,29.358999252319336,29.358999252319336,29.358999252319336,29.350000381469727,29.350000381469727,736.0
2024-10-25 15:18:00+00:00,FRSH,11.614999771118164,11.614999771118164,11.614999771118164,11.609999656677246,11.609999656677246,2232.0
2024-10-25 15:18:00+00:00,FSLR,198.3000030517578,198.3000030517578,198.3699951171875,198.3000030517578,198.30999755859375,1439.0
2024-10-25 15:18:00+00:00,FTNT,80.38999938964844,80.38999938964844,80.38999938964844,80.36499786376953,80.37999725341797,4046.0
2024-10-25 15:18:00+00:00,GCT,24.54990005493164,24.54990005493164,24.54990005493164,24.5,24.5,2419.0
2024-10-25 15:18:00+00:00,GDS,21.359899520874023,21.359899520874023,21.359899520874023,21.329999923706055,21.329999923706055,962.0
2024-10-25 15:18:00+00:00,GDYN,15.600000381469727,15.600000381469727,15.600000381469727,15.600000381469727,15.600000381469727,102.0
2024-10-25 15:18:00+00:00,GFS,40.52000045776367,40.52000045776367,40.52000045776367,40.51499938964844,40.52000045776367,961.0
2024-10-25 15:18:00+00:00,GRAB,4.085000038146973,4.085000038146973,4.085000038146973,4.085000038146973,4.085000038146973,8627.0
2024-10-25 15:18:00+00:00,GTLB,55.0099983215332,55.0099983215332,55.0099983215332,55.0099983215332,55.0099983215332,218.0
2024-10-25 15:18:00+00:00,HCP,33.625,33.625,33.625,33.625,33.625,2387.0
2024-10-25 15:18:00+00:00,HIMX,6.173999786376953,6.173999786376953,6.179800033569336,6.173999786376953,6.179800033569336,3811.0
2024-10-25 15:18:00+00:00,HLIT,14.774999618530273,14.774999618530273,14.774999618530273,14.774999618530273,14.774999618530273,279.0
2024-10-25 15:18:00+00:00,HOLO,3.640000104904175,3.640000104904175,3.640000104904175,3.619999885559082,3.630000114440918,9760.0
2024-10-25 15:18:00+00:00,HOOD,27.094999313354492,27.094999313354492,27.100000381469727,27.075000762939453,27.084999084472656,16909.0
2024-10-25 15:18:00+00:00,IBEX,18.024999618530273,18.024999618530273,18.024999618530273,18.020000457763672,18.020000457763672,735.0
2024-10-25 15:18:00+00:00,IMMR,8.675000190734863,8.675000190734863,8.675000190734863,8.675000190734863,8.675000190734863,136.0
2024-10-25 15:18:00+00:00,IMXI,17.6299991607666,17.6299991607666,17.6299991607666,17.6299991607666,17.6299991607666,297.0
2024-10-25 15:18:00+00:00,INDI,3.4899001121520996,3.4899001121520996,3.490000009536743,3.484999895095825,3.490000009536743,3467.0
2024-10-25 15:18:00+00:00,INOD,20.270000457763672,20.270000457763672,20.270000457763672,20.260000228881836,20.260000228881836,372.0
2024-10-25 15:18:00+00:00,INTA,50.119998931884766,50.119998931884766,50.16999816894531,50.119998931884766,50.16999816894531,2504.0
2024-10-25 15:18:00+00:00,INTC,22.864999771118164,22.864999771118164,22.868499755859375,22.854000091552734,22.864999771118164,53987.0
2024-10-25 15:18:00+00:00,ITI,7.199999809265137,7.199999809265137,7.199999809265137,7.199999809265137,7.199999809265137,105.0
2024-10-25 15:18:00+00:00,ITRI,102.51499938964844,102.51499938964844,102.51499938964844,102.51499938964844,102.51499938964844,970.0
2024-10-25 15:18:00+00:00,JAMF,16.80500030517578,16.80500030517578,16.80500030517578,16.80500030517578,16.80500030517578,509.0
2024-10-25 15:18:00+00:00,KC,2.680000066757202,2.680000066757202,2.684999942779541,2.680000066757202,2.684999942779541,861.0
2024-10-25 15:18:00+00:00,KLIC,44.505001068115234,44.505001068115234,44.505001068115234,44.505001068115234,44.505001068115234,323.0
2024-10-25 15:18:00+00:00,LFUS,253.60000610351562,253.60000610351562,253.7899932861328,253.4875030517578,253.52000427246094,1028.0
2024-10-25 15:18:00+00:00,LINK,4.8368000984191895,4.8368000984191895,4.8368000984191895,4.75,4.75,210.0
2024-10-25 15:18:00+00:00,LITE,64.61499786376953,64.61499786376953,64.61499786376953,64.61499786376953,64.61499786376953,207.0
2024-10-25 15:18:00+00:00,LOGI,80.80000305175781,80.80000305175781,80.81500244140625,80.77999877929688,80.79000091552734,3085.0
2024-10-25 15:18:00+00:00,LRCX,78.36009979248047,78.36009979248047,78.38999938964844,78.30000305175781,78.37000274658203,23077.0
2024-10-25 15:18:00+00:00,LSCC,54.119998931884766,54.119998931884766,54.130001068115234,54.07500076293945,54.07500076293945,3259.0
2024-10-25 15:18:00+00:00,LTRX,4.090000152587891,4.090000152587891,4.090000152587891,4.090000152587891,4.090000152587891,103.0
2024-10-25 15:18:00+00:00,LYFT,13.319899559020996,13.319899559020996,13.369999885559082,13.229999542236328,13.251799583435059,392519.0
2024-10-25 15:18:00+00:00,MANH,275.7099914550781,275.7099914550781,275.7099914550781,275.6600036621094,275.6600036621094,779.0
2024-10-25 15:18:00+00:00,MCHP,76.70999908447266,76.70999908447266,76.70999908447266,76.68000030517578,76.68000030517578,4851.0
2024-10-25 15:18:00+00:00,MDB,267.1050109863281,267.1050109863281,267.1499938964844,267.0299987792969,267.1449890136719,891.0
2024-10-25 15:18:00+00:00,MIND,3.5350000858306885,3.5350000858306885,3.5350000858306885,3.5350000858306885,3.5350000858306885,696.0
2024-10-25 15:18:00+00:00,MKSI,101.01499938964844,101.01499938964844,101.01499938964844,101.00499725341797,101.00499725341797,879.0
2024-10-25 15:18:00+00:00,MNDY,297.8728942871094,297.8728942871094,297.8728942871094,297.8728942871094,297.8728942871094,615.0
2024-10-25 15:18:00+00:00,MPWR,908.3099975585938,908.3099975585938,908.3099975585938,908.3099975585938,908.3099975585938,800.0
2024-10-25 15:18:00+00:00,MQ,5.309999942779541,5.309999942779541,5.309999942779541,5.302499771118164,5.309999942779541,2159.0
2024-10-25 15:18:00+00:00,MRVL,82.01000213623047,82.01000213623047,82.06999969482422,82.0,82.06999969482422,13126.0
2024-10-25 15:18:00+00:00,MSFT,428.54998779296875,428.54998779296875,428.54998779296875,428.19000244140625,428.19000244140625,7281.0
2024-10-25 15:18:00+00:00,MSTR,233.3000946044922,233.3000946044922,233.57989501953125,233.0,233.2949981689453,25997.0
2024-10-25 15:18:00+00:00,MTLS,5.920000076293945,5.920000076293945,5.920000076293945,5.920000076293945,5.920000076293945,854.0
2024-10-25 15:18:00+00:00,MTSI,121.1500015258789,121.1500015258789,121.1500015258789,121.1500015258789,121.1500015258789,672.0
2024-10-25 15:18:00+00:00,MTTR,4.585000038146973,4.585000038146973,4.585000038146973,4.579999923706055,4.579999923706055,5343.0
2024-10-25 15:18:00+00:00,MU,108.32009887695312,108.32009887695312,108.3499984741211,108.27999877929688,108.29000091552734,12636.0
2024-10-25 15:18:00+00:00,MVIS,1.0700000524520874,1.0700000524520874,1.0700000524520874,1.0700000524520874,1.0700000524520874,2591.0
2024-10-25 15:18:00+00:00,MXL,14.732000350952148,14.732000350952148,14.734999656677246,14.732000350952148,14.734999656677246,1231.0
2024-10-25 15:18:00+00:00,MYNA,1.1399999856948853,1.1399999856948853,1.1399999856948853,1.1399999856948853,1.1399999856948853,133.0
2024-10-25 15:18:00+00:00,NCNO,37.84000015258789,37.84000015258789,37.845001220703125,37.83000183105469,37.845001220703125,1302.0
2024-10-25 15:18:00+00:00,NICE,174.82000732421875,174.82000732421875,174.82000732421875,174.82000732421875,174.82000732421875,101.0
2024-10-25 15:18:00+00:00,NNDM,2.325200080871582,2.325200080871582,2.325200080871582,2.325200080871582,2.325200080871582,1169.0
2024-10-25 15:18:00+00:00,NOVT,173.0749969482422,173.0749969482422,173.0749969482422,173.07000732421875,173.07000732421875,761.0
2024-10-25 15:18:00+00:00,NSIT,209.5500030517578,209.5500030517578,209.5500030517578,209.5500030517578,209.5500030517578,907.0
2024-10-25 15:18:00+00:00,NTAP,119.8550033569336,119.8550033569336,119.86000061035156,119.83999633789062,119.83999633789062,2075.0
2024-10-25 15:18:00+00:00,NTCT,20.6299991607666,20.6299991607666,20.6299991607666,20.6299991607666,20.6299991607666,875.0
2024-10-25 15:18:00+00:00,NTNX,61.880001068115234,61.880001068115234,61.880001068115234,61.875,61.875,723.0
2024-10-25 15:18:00+00:00,NVDA,142.02999877929688,142.02999877929688,142.0399932861328,141.9199981689453,141.9600067138672,235192.0
2024-10-25 15:18:00+00:00,NVEI,33.4900016784668,33.4900016784668,33.4900016784668,33.4900016784668,33.4900016784668,155.0
2024-10-25 15:18:00+00:00,NVTS,2.5199999809265137,2.5199999809265137,2.5199999809265137,2.5199999809265137,2.5199999809265137,121.0
2024-10-25 15:18:00+00:00,NXPI,243.9149932861328,243.9149932861328,243.9199981689453,243.83999633789062,243.83999633789062,1663.0
2024-10-25 15:18:00+00:00,OKTA,72.26499938964844,72.26499938964844,72.26499938964844,72.26000213623047,72.26000213623047,1084.0
2024-10-25 15:18:00+00:00,OLED,203.14500427246094,203.14500427246094,203.14500427246094,203.14500427246094,203.14500427246094,1540.0
2024-10-25 15:18:00+00:00,ON,71.31099700927734,71.31099700927734,71.31999969482422,71.27999877929688,71.30999755859375,11621.0
2024-10-25 15:18:00+00:00,OSS,2.388000011444092,2.388000011444092,2.388000011444092,2.388000011444092,2.388000011444092,449.0
2024-10-25 15:18:00+00:00,PANW,366.5199890136719,366.5199890136719,366.55999755859375,366.3900146484375,366.3900146484375,2509.0
2024-10-25 15:18:00+00:00,PAYO,8.350000381469727,8.350000381469727,8.350000381469727,8.340100288391113,8.340100288391113,4531.0
2024-10-25 15:18:00+00:00,PCTY,173.4949951171875,173.4949951171875,173.4949951171875,173.4949951171875,173.4949951171875,256.0
2024-10-25 15:18:00+00:00,PEGA,79.19999694824219,79.19999694824219,79.19999694824219,79.19999694824219,79.19999694824219,768.0
2024-10-25 15:18:00+00:00,PEGY,4.78000020980835,4.78000020980835,4.78000020980835,4.740099906921387,4.740099906921387,1791.0
2024-10-25 15:18:00+00:00,PGY,11.916500091552734,11.916500091552734,11.916500091552734,11.90999984741211,11.914999961853027,2239.0
2024-10-25 15:18:00+00:00,PHUN,10.319999694824219,10.319999694824219,10.339300155639648,10.300000190734863,10.339300155639648,16371.0
2024-10-25 15:18:00+00:00,PI,201.70010375976562,201.70010375976562,201.7100067138672,201.30999755859375,201.30999755859375,6943.0
2024-10-25 15:18:00+00:00,PLUS,98.0,98.0,98.0,97.93000030517578,97.93000030517578,1106.0
2024-10-25 15:18:00+00:00,PLXS,141.61000061035156,141.61000061035156,141.61000061035156,141.61000061035156,141.61000061035156,120.0
2024-10-25 15:18:00+00:00,POET,3.849900007247925,3.849900007247925,3.849900007247925,3.849900007247925,3.849900007247925,101.0
2024-10-25 15:18:00+00:00,POWI,63.3849983215332,63.3849983215332,63.400001525878906,63.3849983215332,63.400001525878906,363.0
2024-10-25 15:18:00+00:00,PRCH,1.2999999523162842,1.2999999523162842,1.2999999523162842,1.2949999570846558,1.2949999570846558,1319.0
2024-10-25 15:18:00+00:00,PTC,187.19500732421875,187.19500732421875,187.22000122070312,187.17999267578125,187.17999267578125,692.0
2024-10-25 15:18:00+00:00,PXLW,0.7318000197410583,0.7318000197410583,0.7318000197410583,0.7311999797821045,0.7311999797821045,400.0
2024-10-25 15:18:00+00:00,PYCR,14.34000015258789,14.34000015258789,14.34000015258789,14.34000015258789,14.34000015258789,404.0
2024-10-25 15:18:00+00:00,QCOM,170.8800048828125,170.8800048828125,170.89999389648438,170.85000610351562,170.875,7951.0
2024-10-25 15:18:00+00:00,QLYS,120.50499725341797,120.50499725341797,120.50499725341797,120.5,120.5,422.0
2024-10-25 15:18:00+00:00,QRVO,99.80000305175781,99.80000305175781,99.81999969482422,99.80000305175781,99.80999755859375,1829.0
2024-10-25 15:18:00+00:00,RGTI,1.2300000190734863,1.2300000190734863,1.2300000190734863,1.2300000190734863,1.2300000190734863,176.0
2024-10-25 15:18:00+00:00,RIOT,9.744999885559082,9.744999885559082,9.769800186157227,9.740099906921387,9.769800186157227,25711.0
2024-10-25 15:18:00+00:00,RMBS,43.439998626708984,43.439998626708984,43.439998626708984,43.41999816894531,43.41999816894531,1091.0
2024-10-25 15:18:00+00:00,RMNI,1.7139999866485596,1.7139999866485596,1.7139999866485596,1.7139999866485596,1.7139999866485596,811.0
2024-10-25 15:18:00+00:00,RUM,5.730000019073486,5.730000019073486,5.737599849700928,5.730000019073486,5.737599849700928,2947.0
2024-10-25 15:18:00+00:00,RUN,14.395000457763672,14.395000457763672,14.399999618530273,14.390000343322754,14.395000457763672,7789.0
2024-10-25 15:18:00+00:00,RXT,2.4700000286102295,2.4700000286102295,2.4700000286102295,2.4700000286102295,2.4700000286102295,3137.0
2024-10-25 15:18:00+00:00,SANM,67.66000366210938,67.66000366210938,67.66000366210938,67.62999725341797,67.62999725341797,1193.0
2024-10-25 15:18:00+00:00,SCSC,44.69499969482422,44.69499969482422,44.69499969482422,44.685001373291016,44.685001373291016,1443.0
2024-10-25 15:18:00+00:00,SEDG,15.970000267028809,15.970000267028809,15.979999542236328,15.940099716186523,15.960000038146973,14302.0
2024-10-25 15:18:00+00:00,SHLS,5.244999885559082,5.244999885559082,5.244999885559082,5.244999885559082,5.244999885559082,969.0
2024-10-25 15:18:00+00:00,SITM,178.77999877929688,178.77999877929688,178.80999755859375,178.77999877929688,178.80999755859375,653.0
2024-10-25 15:18:00+00:00,SLAB,113.81500244140625,113.81500244140625,113.9000015258789,113.81500244140625,113.88999938964844,527.0
2024-10-25 15:18:00+00:00,SMCI,47.56999969482422,47.56999969482422,47.56999969482422,47.540000915527344,47.55500030517578,37851.0
2024-10-25 15:18:00+00:00,SMTC,45.53499984741211,45.53499984741211,45.53499984741211,45.53499984741211,45.53499984741211,170.0
2024-10-25 15:18:00+00:00,SONO,12.70199966430664,12.70199966430664,12.704999923706055,12.70009994506836,12.70009994506836,4468.0
2024-10-25 15:18:00+00:00,SOUN,5.175000190734863,5.175000190734863,5.179999828338623,5.170000076293945,5.175899982452393,10179.0
2024-10-25 15:18:00+00:00,SPSC,170.2050018310547,170.2050018310547,170.2050018310547,170.2050018310547,170.2050018310547,453.0
2024-10-25 15:18:00+00:00,SPT,26.915000915527344,26.915000915527344,26.915000915527344,26.915000915527344,26.915000915527344,902.0
2024-10-25 15:18:00+00:00,SRAD,12.319999694824219,12.319999694824219,12.319999694824219,12.300000190734863,12.300000190734863,4331.0
2024-10-25 15:18:00+00:00,SSNC,70.0,70.0,70.0,69.99500274658203,69.99500274658203,3222.0
2024-10-25 15:18:00+00:00,SSYS,7.019999980926514,7.019999980926514,7.019999980926514,7.019999980926514,7.019999980926514,293.0
2024-10-25 15:18:00+00:00,STNE,11.545000076293945,11.545000076293945,11.550000190734863,11.539999961853027,11.550000190734863,2941.0
2024-10-25 15:18:00+00:00,STX,103.58999633789062,103.58999633789062,103.59500122070312,103.54000091552734,103.54000091552734,3583.0
2024-10-25 15:18:00+00:00,SURG,1.7450000047683716,1.7450000047683716,1.7493000030517578,1.7450000047683716,1.7493000030517578,1143.0
2024-10-25 15:18:00+00:00,SVRE,0.07810000330209732,0.07810000330209732,0.07810000330209732,0.07810000330209732,0.07810000330209732,24138.0
2024-10-25 15:18:00+00:00,SWKS,95.81999969482422,95.81999969482422,95.83999633789062,95.81500244140625,95.83000183105469,2006.0
2024-10-25 15:18:00+00:00,SYTA,1.2799999713897705,1.2799999713897705,1.2899999618530273,1.2799999713897705,1.2899999618530273,1582.0
2024-10-25 15:18:00+00:00,TEAM,189.4499969482422,189.4499969482422,189.4499969482422,189.35499572753906,189.35499572753906,5122.0
2024-10-25 15:18:00+00:00,TENB,41.744998931884766,41.744998931884766,41.744998931884766,41.744998931884766,41.744998931884766,317.0
2024-10-25 15:18:00+00:00,TER,112.19999694824219,112.19999694824219,112.20099639892578,112.16999816894531,112.18000030517578,8744.0
2024-10-25 15:18:00+00:00,TRMB,60.95000076293945,60.95000076293945,60.95000076293945,60.939998626708984,60.939998626708984,804.0
2024-10-25 15:18:00+00:00,TTD,119.25,119.25,119.2699966430664,119.21499633789062,119.21499633789062,4146.0
2024-10-25 15:18:00+00:00,TWKS,4.445000171661377,4.445000171661377,4.445000171661377,4.445000171661377,4.445000171661377,714.0
2024-10-25 15:18:00+00:00,TXN,207.375,207.375,207.38999938964844,207.3000030517578,207.3000030517578,5287.0
2024-10-25 15:18:00+00:00,UCTT,35.77000045776367,35.77000045776367,35.77000045776367,35.77000045776367,35.77000045776367,758.0
2024-10-25 15:18:00+00:00,VECO,29.354999542236328,29.354999542236328,29.354999542236328,29.354999542236328,29.354999542236328,329.0
2024-10-25 15:18:00+00:00,VERX,41.974998474121094,41.974998474121094,41.97999954223633,41.970001220703125,41.970001220703125,3003.0
2024-10-25 15:18:00+00:00,VIAV,9.199999809265137,9.199999809265137,9.199999809265137,9.199999809265137,9.199999809265137,283.0
2024-10-25 15:18:00+00:00,VICR,46.54999923706055,46.54999923706055,46.56999969482422,46.54499816894531,46.54499816894531,911.0
2024-10-25 15:18:00+00:00,VMEO,4.760000228881836,4.760000228881836,4.760000228881836,4.760000228881836,4.760000228881836,804.0
2024-10-25 15:18:00+00:00,VRNS,56.7599983215332,56.7599983215332,56.779998779296875,56.7599983215332,56.779998779296875,314.0
2024-10-25 15:18:00+00:00,VRNT,21.850000381469727,21.850000381469727,21.850000381469727,21.850000381469727,21.850000381469727,1771.0
2024-10-25 15:18:00+00:00,VRSN,181.93499755859375,181.93499755859375,181.9499969482422,181.88999938964844,181.92999267578125,4644.0
2024-10-25 15:18:00+00:00,VSAT,10.210000038146973,10.210000038146973,10.210000038146973,10.1899995803833,10.194999694824219,3354.0
2024-10-25 15:18:00+00:00,WDAY,238.2899932861328,238.2899932861328,238.5399932861328,238.1699981689453,238.46499633789062,22268.0
2024-10-25 15:18:00+00:00,WDC,70.1500015258789,70.1500015258789,70.1500015258789,70.05000305175781,70.07440185546875,12083.0
2024-10-25 15:18:00+00:00,WISA,1.9700000286102295,1.9700000286102295,2.0,1.9550000429153442,1.9800000190734863,30739.0
2024-10-25 15:18:00+00:00,XRX,9.994999885559082,9.994999885559082,10.0,9.991700172424316,9.994999885559082,8644.0
2024-10-25 15:18:00+00:00,ZBRA,361.2449951171875,361.2449951171875,361.3900146484375,361.2449951171875,361.3900146484375,1521.0
2024-10-25 15:18:00+00:00,ZI,10.454999923706055,10.454999923706055,10.460000038146973,10.454999923706055,10.460000038146973,1760.0
2024-10-25 15:18:00+00:00,ZM,72.96499633789062,72.96499633789062,72.96499633789062,72.96499633789062,72.96499633789062,763.0
2024-10-25 15:18:00+00:00,ZS,184.87750244140625,184.87750244140625,184.9199981689453,184.87750244140625,184.9199981689453,1153.0
2024-10-25 15:19:00+00:00,AAOI,17.579999923706055,17.579999923706055,17.579999923706055,17.579999923706055,17.579999923706055,1660.0
2024-10-25 15:19:00+00:00,AAPL,231.60000610351562,231.60000610351562,231.80499267578125,231.57000732421875,231.7899932861328,53864.0
2024-10-25 15:19:00+00:00,ACIW,48.900001525878906,48.900001525878906,48.90999984741211,48.84000015258789,48.85499954223633,11938.0
2024-10-25 15:19:00+00:00,ADBE,482.8039855957031,482.8039855957031,483.0199890136719,482.8039855957031,483.0199890136719,3346.0
2024-10-25 15:19:00+00:00,ADI,230.91000366210938,230.91000366210938,231.0399932861328,230.91000366210938,231.02999877929688,3381.0
2024-10-25 15:19:00+00:00,ADSK,286.45001220703125,286.45001220703125,286.635009765625,286.45001220703125,286.57000732421875,3236.0
2024-10-25 15:19:00+00:00,AEHR,16.90999984741211,16.90999984741211,16.924999237060547,16.90999984741211,16.924999237060547,372.0
2024-10-25 15:19:00+00:00,AFRM,41.239498138427734,41.239498138427734,41.26499938964844,41.22999954223633,41.26499938964844,9357.0
2024-10-25 15:19:00+00:00,AGYS,110.83499908447266,110.83499908447266,110.83499908447266,110.83499908447266,110.83499908447266,200.0
2024-10-25 15:19:00+00:00,AKAM,101.98999786376953,101.98999786376953,102.05999755859375,101.98999786376953,102.04000091552734,5469.0
2024-10-25 15:19:00+00:00,AKTS,0.05999999865889549,0.05999999865889549,0.05999999865889549,0.05990000069141388,0.05990000069141388,119871.0
2024-10-25 15:19:00+00:00,ALGM,23.170000076293945,23.170000076293945,23.200000762939453,23.170000076293945,23.19499969482422,16168.0
2024-10-25 15:19:00+00:00,ALKT,38.20000076293945,38.20000076293945,38.20000076293945,38.20000076293945,38.20000076293945,109.0
2024-10-25 15:19:00+00:00,ALRM,54.38999938964844,54.38999938964844,54.400001525878906,54.38999938964844,54.38999938964844,1474.0
2024-10-25 15:19:00+00:00,ALTR,103.91999816894531,103.91999816894531,103.94000244140625,103.91999816894531,103.94000244140625,1437.0
2024-10-25 15:19:00+00:00,AMAT,187.0989990234375,187.0989990234375,187.24000549316406,187.08999633789062,187.24000549316406,2516.0
2024-10-25 15:19:00+00:00,AMD,156.21380615234375,156.21380615234375,156.41000366210938,156.1999969482422,156.3990020751953,29999.0
2024-10-25 15:19:00+00:00,AMKR,29.969999313354492,29.969999313354492,29.979999542236328,29.969999313354492,29.979999542236328,3405.0
2024-10-25 15:19:00+00:00,AMPL,9.109999656677246,9.109999656677246,9.109999656677246,9.109999656677246,9.109999656677246,1281.0
2024-10-25 15:19:00+00:00,ANSS,323.5799865722656,323.5799865722656,323.5799865722656,323.5799865722656,323.5799865722656,1118.0
2024-10-25 15:19:00+00:00,API,2.884999990463257,2.884999990463257,2.884999990463257,2.884999990463257,2.884999990463257,200.0
2024-10-25 15:19:00+00:00,APP,161.24000549316406,161.24000549316406,161.3350067138672,161.24000549316406,161.2899932861328,2895.0
2024-10-25 15:19:00+00:00,APPF,211.85499572753906,211.85499572753906,211.85499572753906,211.72500610351562,211.72500610351562,584.0
2024-10-25 15:19:00+00:00,APPS,3.0701000690460205,3.0701000690460205,3.075000047683716,3.0701000690460205,3.075000047683716,3941.0
2024-10-25 15:19:00+00:00,ARRY,6.439899921417236,6.439899921417236,6.439899921417236,6.425000190734863,6.425000190734863,18726.0
2024-10-25 15:19:00+00:00,AUR,6.40500020980835,6.40500020980835,6.405799865722656,6.40500020980835,6.405799865722656,1257.0
2024-10-25 15:19:00+00:00,AVDX,8.100000381469727,8.100000381469727,8.119999885559082,8.100000381469727,8.119999885559082,21662.0
2024-10-25 15:19:00+00:00,AVGO,173.75,173.75,174.0399932861328,173.75,174.0399932861328,18439.0
2024-10-25 15:19:00+00:00,AVPT,11.914999961853027,11.914999961853027,11.914999961853027,11.914999961853027,11.914999961853027,405.0
2024-10-25 15:19:00+00:00,AVT,54.13999938964844,54.13999938964844,54.18000030517578,54.13999938964844,54.18000030517578,1809.0
2024-10-25 15:19:00+00:00,AXTI,2.6624999046325684,2.6624999046325684,2.6649999618530273,2.6624999046325684,2.6649999618530273,372.0
2024-10-25 15:19:00+00:00,AZPN,237.5749969482422,237.5749969482422,237.5749969482422,237.5749969482422,237.5749969482422,463.0
2024-10-25 15:19:00+00:00,BEEM,4.78000020980835,4.78000020980835,4.78000020980835,4.78000020980835,4.78000020980835,2833.0
2024-10-25 15:19:00+00:00,BIGC,5.269999980926514,5.269999980926514,5.269999980926514,5.269999980926514,5.269999980926514,2702.0
2024-10-25 15:19:00+00:00,BLKB,85.66500091552734,85.66500091552734,85.66500091552734,85.66500091552734,85.66500091552734,986.0
2024-10-25 15:19:00+00:00,BMBL,7.079999923706055,7.079999923706055,7.085000038146973,7.079999923706055,7.085000038146973,741.0
2024-10-25 15:19:00+00:00,BRZE,30.520000457763672,30.520000457763672,30.520000457763672,30.520000457763672,30.520000457763672,2250.0
2024-10-25 15:19:00+00:00,BSY,49.060001373291016,49.060001373291016,49.07500076293945,49.060001373291016,49.060001373291016,2800.0
2024-10-25 15:19:00+00:00,CAN,0.9739000201225281,0.9739000201225281,0.9740999937057495,0.973800003528595,0.9740999937057495,10000.0
2024-10-25 15:19:00+00:00,CDNS,257.8299865722656,257.8299865722656,257.8999938964844,257.7300109863281,257.8999938964844,5367.0
2024-10-25 15:19:00+00:00,CDW,218.05999755859375,218.05999755859375,218.1750030517578,218.05999755859375,218.08999633789062,2897.0
2024-10-25 15:19:00+00:00,CETX,0.30140000581741333,0.30140000581741333,0.30149999260902405,0.30140000581741333,0.30149999260902405,4758.0
2024-10-25 15:19:00+00:00,CFLT,22.440000534057617,22.440000534057617,22.454999923706055,22.43000030517578,22.43000030517578,7540.0
2024-10-25 15:19:00+00:00,CGNX,38.86000061035156,38.86000061035156,38.86000061035156,38.85499954223633,38.85499954223633,3251.0
2024-10-25 15:19:00+00:00,CHKP,205.84500122070312,205.84500122070312,205.85499572753906,205.80189514160156,205.80189514160156,1948.0
2024-10-25 15:19:00+00:00,CLBT,18.225000381469727,18.225000381469727,18.225000381469727,18.225000381469727,18.225000381469727,1406.0
2024-10-25 15:19:00+00:00,CLFD,36.400001525878906,36.400001525878906,36.439998626708984,36.400001525878906,36.439998626708984,1149.0
2024-10-25 15:19:00+00:00,CLSK,11.562999725341797,11.562999725341797,11.595000267028809,11.5600004196167,11.595000267028809,41661.0
2024-10-25 15:19:00+00:00,CNDT,3.5850000381469727,3.5850000381469727,3.5850000381469727,3.5850000381469727,3.5850000381469727,227.0
2024-10-25 15:19:00+00:00,COHR,95.58999633789062,95.58999633789062,95.7300033569336,95.58999633789062,95.7300033569336,6453.0
2024-10-25 15:19:00+00:00,COHU,26.010000228881836,26.010000228881836,26.010000228881836,26.010000228881836,26.010000228881836,887.0
2024-10-25 15:19:00+00:00,COIN,205.29800415039062,205.29800415039062,205.83999633789062,205.29800415039062,205.83999633789062,25244.0
2024-10-25 15:19:00+00:00,COMM,6.224999904632568,6.224999904632568,6.230000019073486,6.224999904632568,6.224999904632568,1075.0
2024-10-25 15:19:00+00:00,CORZ,13.295000076293945,13.295000076293945,13.3100004196167,13.289999961853027,13.295000076293945,9454.0
2024-10-25 15:19:00+00:00,CRDO,38.97999954223633,38.97999954223633,38.994998931884766,38.97999954223633,38.9900016784668,2654.0
2024-10-25 15:19:00+00:00,CRUS,122.38999938964844,122.38999938964844,122.38999938964844,122.38999938964844,122.38999938964844,714.0
2024-10-25 15:19:00+00:00,CRWD,298.56500244140625,298.56500244140625,298.9898986816406,298.56500244140625,298.9898986816406,5618.0
2024-10-25 15:19:00+00:00,CSCO,55.755001068115234,55.755001068115234,55.7760009765625,55.75,55.775001525878906,12590.0
2024-10-25 15:19:00+00:00,CSGS,47.400001525878906,47.400001525878906,47.400001525878906,47.400001525878906,47.400001525878906,133.0
2024-10-25 15:19:00+00:00,CSIQ,13.4350004196167,13.4350004196167,13.4399995803833,13.430000305175781,13.430000305175781,2405.0
2024-10-25 15:19:00+00:00,CSPI,13.109999656677246,13.109999656677246,13.109999656677246,13.109999656677246,13.109999656677246,462.0
2024-10-25 15:19:00+00:00,CTSH,74.72000122070312,74.72000122070312,74.76000213623047,74.72000122070312,74.76000213623047,7065.0
2024-10-25 15:19:00+00:00,DAKT,13.079999923706055,13.079999923706055,13.079999923706055,13.079999923706055,13.079999923706055,312.0
2024-10-25 15:19:00+00:00,DATS,1.600000023841858,1.600000023841858,1.600000023841858,1.600000023841858,1.600000023841858,790.0
2024-10-25 15:19:00+00:00,DBX,26.03499984741211,26.03499984741211,26.059999465942383,26.03499984741211,26.059999465942383,5408.0
2024-10-25 15:19:00+00:00,DDOG,126.31500244140625,126.31500244140625,126.38500213623047,126.31500244140625,126.38500213623047,3755.0
2024-10-25 15:19:00+00:00,DIOD,64.98999786376953,64.98999786376953,65.01000213623047,64.98999786376953,65.01000213623047,648.0
2024-10-25 15:19:00+00:00,DOCU,68.91500091552734,68.91500091552734,68.95999908447266,68.91500091552734,68.91999816894531,8384.0
2024-10-25 15:19:00+00:00,DOX,89.04000091552734,89.04000091552734,89.06999969482422,89.04000091552734,89.06999969482422,1958.0
2024-10-25 15:19:00+00:00,DUOL,291.260009765625,291.260009765625,291.260009765625,291.1199951171875,291.1199951171875,935.0
2024-10-25 15:19:00+00:00,DUOT,4.099999904632568,4.099999904632568,4.099999904632568,4.099999904632568,4.099999904632568,200.0
2024-10-25 15:19:00+00:00,EEFT,100.44999694824219,100.44999694824219,100.44999694824219,100.38999938964844,100.44000244140625,1929.0
2024-10-25 15:19:00+00:00,EMKR,2.130000114440918,2.130000114440918,2.130000114440918,2.119999885559082,2.119999885559082,1002.0
2024-10-25 15:19:00+00:00,ENPH,83.69300079345703,83.69300079345703,83.81500244140625,83.69300079345703,83.81500244140625,8066.0
2024-10-25 15:19:00+00:00,ENTG,105.0,105.0,105.06500244140625,105.0,105.06500244140625,4423.0
2024-10-25 15:19:00+00:00,ERIC,8.46500015258789,8.46500015258789,8.46500015258789,8.46500015258789,8.46500015258789,206.0
2024-10-25 15:19:00+00:00,EXLS,38.57500076293945,38.57500076293945,38.58000183105469,38.54999923706055,38.560001373291016,2386.0
2024-10-25 15:19:00+00:00,EXTR,14.354999542236328,14.354999542236328,14.359999656677246,14.354999542236328,14.359999656677246,539.0
2024-10-25 15:19:00+00:00,FFIV,216.375,216.375,216.57000732421875,216.375,216.5449981689453,10494.0
2024-10-25 15:19:00+00:00,FIVN,29.899999618530273,29.899999618530273,29.899999618530273,29.899999618530273,29.899999618530273,1328.0
2024-10-25 15:19:00+00:00,FLEX,35.18000030517578,35.18000030517578,35.20000076293945,35.18000030517578,35.189998626708984,4943.0
2024-10-25 15:19:00+00:00,FLYW,17.325000762939453,17.325000762939453,17.329999923706055,17.325000762939453,17.329999923706055,624.0
2024-10-25 15:19:00+00:00,FORM,44.77000045776367,44.77000045776367,44.77000045776367,44.77000045776367,44.77000045776367,201.0
2024-10-25 15:19:00+00:00,FROG,29.290000915527344,29.290000915527344,29.350000381469727,29.290000915527344,29.34000015258789,3364.0
2024-10-25 15:19:00+00:00,FRSH,11.609999656677246,11.609999656677246,11.614999771118164,11.609999656677246,11.614999771118164,4858.0
2024-10-25 15:19:00+00:00,FSLR,198.25,198.25,198.32000732421875,198.22999572753906,198.30999755859375,1213.0
2024-10-25 15:19:00+00:00,FTCI,0.652999997138977,0.652999997138977,0.652999997138977,0.652999997138977,0.652999997138977,810.0
2024-10-25 15:19:00+00:00,FTFT,0.3160000145435333,0.3160000145435333,0.3160000145435333,0.3160000145435333,0.3160000145435333,2663.0
2024-10-25 15:19:00+00:00,FTNT,80.3550033569336,80.3550033569336,80.38999938964844,80.33999633789062,80.38999938964844,3221.0
2024-10-25 15:19:00+00:00,GCT,24.510000228881836,24.510000228881836,24.543500900268555,24.510000228881836,24.530000686645508,2211.0
2024-10-25 15:19:00+00:00,GDS,21.34000015258789,21.34000015258789,21.350000381469727,21.34000015258789,21.344999313354492,1932.0
2024-10-25 15:19:00+00:00,GDYN,15.609999656677246,15.609999656677246,15.609999656677246,15.600000381469727,15.600000381469727,1917.0
2024-10-25 15:19:00+00:00,GFS,40.47999954223633,40.47999954223633,40.52000045776367,40.47999954223633,40.52000045776367,1778.0
2024-10-25 15:19:00+00:00,GILT,4.940000057220459,4.940000057220459,4.940000057220459,4.940000057220459,4.940000057220459,332.0
2024-10-25 15:19:00+00:00,GPRO,1.315000057220459,1.315000057220459,1.315999984741211,1.315000057220459,1.315999984741211,1143.0
2024-10-25 15:19:00+00:00,GRAB,4.085000038146973,4.085000038146973,4.085000038146973,4.079999923706055,4.085000038146973,114938.0
2024-10-25 15:19:00+00:00,GRRR,4.452000141143799,4.452000141143799,4.454999923706055,4.449999809265137,4.454999923706055,9388.0
2024-10-25 15:19:00+00:00,GSIT,3.4000000953674316,3.4000000953674316,3.4000000953674316,3.4000000953674316,3.4000000953674316,2223.0
2024-10-25 15:19:00+00:00,GTLB,54.959999084472656,54.959999084472656,55.02000045776367,54.95000076293945,55.02000045776367,4929.0
2024-10-25 15:19:00+00:00,HCP,33.625,33.625,33.630001068115234,33.619998931884766,33.619998931884766,6498.0
2024-10-25 15:19:00+00:00,HLIT,14.774999618530273,14.774999618530273,14.774999618530273,14.774999618530273,14.774999618530273,362.0
2024-10-25 15:19:00+00:00,HOLO,3.631999969482422,3.631999969482422,3.640000104904175,3.631999969482422,3.639899969100952,3465.0
2024-10-25 15:19:00+00:00,HOOD,27.06999969482422,27.06999969482422,27.094999313354492,27.06100082397461,27.094999313354492,11688.0
2024-10-25 15:19:00+00:00,INFN,6.775000095367432,6.775000095367432,6.775000095367432,6.769999980926514,6.769999980926514,851.0
2024-10-25 15:19:00+00:00,INSG,20.07550048828125,20.07550048828125,20.07550048828125,20.07550048828125,20.07550048828125,0.0
2024-10-25 15:19:00+00:00,INTC,22.84000015258789,22.84000015258789,22.864999771118164,22.84000015258789,22.864999771118164,71044.0
2024-10-25 15:19:00+00:00,INTU,608.1300048828125,608.1300048828125,608.3150024414062,608.1300048828125,608.3150024414062,596.0
2024-10-25 15:19:00+00:00,IPGP,77.08999633789062,77.08999633789062,77.08999633789062,77.08999633789062,77.08999633789062,495.0
2024-10-25 15:19:00+00:00,ITRN,27.344999313354492,27.344999313354492,27.344999313354492,27.344999313354492,27.344999313354492,629.0
2024-10-25 15:19:00+00:00,JAMF,16.802400588989258,16.802400588989258,16.802400588989258,16.802400588989258,16.802400588989258,421.0
2024-10-25 15:19:00+00:00,KC,2.684999942779541,2.684999942779541,2.684999942779541,2.684999942779541,2.684999942779541,674.0
2024-10-25 15:19:00+00:00,KLAC,675.5549926757812,675.5549926757812,675.635009765625,675.489990234375,675.489990234375,2896.0
2024-10-25 15:19:00+00:00,KLIC,44.47999954223633,44.47999954223633,44.5,44.47999954223633,44.5,2256.0
2024-10-25 15:19:00+00:00,KLTR,1.3305000066757202,1.3305000066757202,1.3305000066757202,1.3305000066757202,1.3305000066757202,2548.0
2024-10-25 15:19:00+00:00,LINK,4.804999828338623,4.804999828338623,4.804999828338623,4.804999828338623,4.804999828338623,161.0
2024-10-25 15:19:00+00:00,LITE,64.55000305175781,64.55000305175781,64.61499786376953,64.55000305175781,64.61499786376953,3022.0
2024-10-25 15:19:00+00:00,LRCX,78.24500274658203,78.24500274658203,78.37000274658203,78.24500274658203,78.37000274658203,20942.0
2024-10-25 15:19:00+00:00,LSCC,54.099998474121094,54.099998474121094,54.150001525878906,54.09000015258789,54.119998931884766,9529.0
2024-10-25 15:19:00+00:00,LTRX,4.090000152587891,4.090000152587891,4.090099811553955,4.090000152587891,4.090000152587891,1670.0
2024-10-25 15:19:00+00:00,LYFT,13.350000381469727,13.350000381469727,13.395000457763672,13.289999961853027,13.319999694824219,308282.0
2024-10-25 15:19:00+00:00,MAPS,0.8374000191688538,0.8374000191688538,0.8399999737739563,0.8374000191688538,0.8399999737739563,22617.0
2024-10-25 15:19:00+00:00,MAXN,5.849899768829346,5.849899768829346,5.849999904632568,5.835000038146973,5.835000038146973,622.0
2024-10-25 15:19:00+00:00,MCHP,76.6449966430664,76.6449966430664,76.69000244140625,76.62999725341797,76.69000244140625,7389.0
2024-10-25 15:19:00+00:00,MDB,266.9700012207031,266.9700012207031,267.1050109863281,266.9700012207031,267.1050109863281,1903.0
2024-10-25 15:19:00+00:00,MITK,8.770000457763672,8.770000457763672,8.770000457763672,8.760000228881836,8.770000457763672,367.0
2024-10-25 15:19:00+00:00,MKSI,100.95999908447266,100.95999908447266,100.9800033569336,100.95999908447266,100.9800033569336,3769.0
2024-10-25 15:19:00+00:00,MOB,1.3799999952316284,1.3799999952316284,1.3799999952316284,1.3799999952316284,1.3799999952316284,300.0
2024-10-25 15:19:00+00:00,MPWR,907.6467895507812,907.6467895507812,907.6467895507812,907.1500244140625,907.3499755859375,908.0
2024-10-25 15:19:00+00:00,MQ,5.309999942779541,5.309999942779541,5.309999942779541,5.302499771118164,5.304999828338623,6045.0
2024-10-25 15:19:00+00:00,MRAM,6.349999904632568,6.349999904632568,6.349999904632568,6.349999904632568,6.349999904632568,321.0
2024-10-25 15:19:00+00:00,MRVL,81.86000061035156,81.86000061035156,82.0,81.8550033569336,82.0,14040.0
2024-10-25 15:19:00+00:00,MSFT,428.2699890136719,428.2699890136719,428.5,428.2699890136719,428.489990234375,25282.0
2024-10-25 15:19:00+00:00,MSTR,232.60009765625,232.60009765625,233.36720275878906,232.60000610351562,233.36399841308594,38275.0
2024-10-25 15:19:00+00:00,MTSI,121.02999877929688,121.02999877929688,121.16000366210938,121.02999877929688,121.1050033569336,6719.0
2024-10-25 15:19:00+00:00,MTTR,4.5802001953125,4.5802001953125,4.585000038146973,4.579999923706055,4.579999923706055,2172.0
2024-10-25 15:19:00+00:00,MU,108.2300033569336,108.2300033569336,108.33000183105469,108.20010375976562,108.33000183105469,12770.0
2024-10-25 15:19:00+00:00,MVIS,1.0700000524520874,1.0700000524520874,1.0785000324249268,1.0700000524520874,1.0700000524520874,390.0
2024-10-25 15:19:00+00:00,MXL,14.710000038146973,14.710000038146973,14.729999542236328,14.699999809265137,14.729999542236328,4022.0
2024-10-25 15:19:00+00:00,NCNO,37.84000015258789,37.84000015258789,37.849998474121094,37.83000183105469,37.84000015258789,16577.0
2024-10-25 15:19:00+00:00,NICE,174.77999877929688,174.77999877929688,174.77999877929688,174.77999877929688,174.77999877929688,1249.0
2024-10-25 15:19:00+00:00,NSIT,209.14999389648438,209.14999389648438,209.24000549316406,209.14999389648438,209.24000549316406,1093.0
2024-10-25 15:19:00+00:00,NTAP,119.83000183105469,119.83000183105469,119.8499984741211,119.83000183105469,119.8499984741211,2028.0
2024-10-25 15:19:00+00:00,NTCT,20.645000457763672,20.645000457763672,20.645000457763672,20.645000457763672,20.645000457763672,683.0
2024-10-25 15:19:00+00:00,NTNX,61.84000015258789,61.84000015258789,61.880001068115234,61.79999923706055,61.880001068115234,3639.0
2024-10-25 15:19:00+00:00,NVDA,141.85000610351562,141.85000610351562,142.0399932861328,141.83999633789062,142.0399932861328,259221.0
2024-10-25 15:19:00+00:00,NVEI,33.4900016784668,33.4900016784668,33.4900016784668,33.4900016784668,33.4900016784668,3504.0
2024-10-25 15:19:00+00:00,NVTS,2.5250000953674316,2.5250000953674316,2.5250000953674316,2.5250000953674316,2.5250000953674316,183.0
2024-10-25 15:19:00+00:00,NXPI,243.53500366210938,243.53500366210938,243.9149932861328,243.53500366210938,243.9149932861328,4731.0
2024-10-25 15:19:00+00:00,OKTA,72.21299743652344,72.21299743652344,72.25,72.21299743652344,72.25,2207.0
2024-10-25 15:19:00+00:00,ON,71.20999908447266,71.20999908447266,71.31999969482422,71.20999908447266,71.31500244140625,10705.0
2024-10-25 15:19:00+00:00,OSIS,135.64500427246094,135.64500427246094,135.64500427246094,135.64500427246094,135.64500427246094,236.0
2024-10-25 15:19:00+00:00,PANW,366.4100036621094,366.4100036621094,366.6400146484375,366.3800048828125,366.6400146484375,2022.0
2024-10-25 15:19:00+00:00,PCTY,173.5225067138672,173.5225067138672,173.58999633789062,173.5225067138672,173.58999633789062,834.0
2024-10-25 15:19:00+00:00,PEGA,79.16000366210938,79.16000366210938,79.19999694824219,79.1500015258789,79.19999694824219,3902.0
2024-10-25 15:19:00+00:00,PHUN,10.329999923706055,10.329999923706055,10.34000015258789,10.300000190734863,10.319999694824219,10401.0
2024-10-25 15:19:00+00:00,PLAB,23.639999389648438,23.639999389648438,23.639999389648438,23.639999389648438,23.639999389648438,1771.0
2024-10-25 15:19:00+00:00,PLXS,141.5850067138672,141.5850067138672,141.7899932861328,141.56500244140625,141.7899932861328,2830.0
2024-10-25 15:19:00+00:00,POET,3.8559999465942383,3.8559999465942383,3.8559999465942383,3.849900007247925,3.849900007247925,1198.0
2024-10-25 15:19:00+00:00,POWI,63.2599983215332,63.2599983215332,63.369998931884766,63.2599983215332,63.369998931884766,2454.0
2024-10-25 15:19:00+00:00,PTC,187.13999938964844,187.13999938964844,187.19500732421875,187.13999938964844,187.19500732421875,1723.0
2024-10-25 15:19:00+00:00,PUBM,14.739999771118164,14.739999771118164,14.744999885559082,14.739999771118164,14.744999885559082,708.0
2024-10-25 15:19:00+00:00,QCOM,170.6699981689453,170.6699981689453,170.86000061035156,170.6699981689453,170.86000061035156,9740.0
2024-10-25 15:19:00+00:00,QLYS,120.50499725341797,120.50499725341797,120.50499725341797,120.50499725341797,120.50499725341797,844.0
2024-10-25 15:19:00+00:00,QRVO,99.68499755859375,99.68499755859375,99.7699966430664,99.68499755859375,99.7699966430664,3139.0
2024-10-25 15:19:00+00:00,QUBT,1.0750000476837158,1.0750000476837158,1.0750000476837158,1.0750000476837158,1.0750000476837158,1301.0
2024-10-25 15:19:00+00:00,RCAT,2.744999885559082,2.744999885559082,2.744999885559082,2.744999885559082,2.744999885559082,705.0
2024-10-25 15:19:00+00:00,REKR,1.0850000381469727,1.0850000381469727,1.0850000381469727,1.0800000429153442,1.0800000429153442,1143.0
2024-10-25 15:19:00+00:00,RELY,14.890000343322754,14.890000343322754,14.895000457763672,14.890000343322754,14.895000457763672,2466.0
2024-10-25 15:19:00+00:00,RGTI,1.2300000190734863,1.2300000190734863,1.2300000190734863,1.2300000190734863,1.2300000190734863,200.0
2024-10-25 15:19:00+00:00,RGTIW,0.16990000009536743,0.16990000009536743,0.16990000009536743,0.16990000009536743,0.16990000009536743,126.0
2024-10-25 15:19:00+00:00,RIOT,9.720999717712402,9.720999717712402,9.746000289916992,9.720999717712402,9.740900039672852,45877.0
2024-10-25 15:19:00+00:00,RMBS,43.42499923706055,43.42499923706055,43.439998626708984,43.41999816894531,43.43000030517578,4228.0
2024-10-25 15:19:00+00:00,RMNI,1.715000033378601,1.715000033378601,1.7174999713897705,1.715000033378601,1.7174999713897705,624.0
2024-10-25 15:19:00+00:00,RPAY,7.744999885559082,7.744999885559082,7.744999885559082,7.739999771118164,7.739999771118164,2044.0
2024-10-25 15:19:00+00:00,RPD,39.06999969482422,39.06999969482422,39.095001220703125,39.060001373291016,39.095001220703125,1545.0
2024-10-25 15:19:00+00:00,RUM,5.739799976348877,5.739799976348877,5.739799976348877,5.735000133514404,5.735000133514404,2103.0
2024-10-25 15:19:00+00:00,RUN,14.390000343322754,14.390000343322754,14.399999618530273,14.390000343322754,14.395000457763672,11259.0
2024-10-25 15:19:00+00:00,SANM,67.62000274658203,67.62000274658203,67.62000274658203,67.62000274658203,67.62000274658203,385.0
2024-10-25 15:19:00+00:00,SATS,25.184999465942383,25.184999465942383,25.185699462890625,25.184999465942383,25.185699462890625,2133.0
2024-10-25 15:19:00+00:00,SCWX,8.380000114440918,8.380000114440918,8.380000114440918,8.380000114440918,8.380000114440918,922.0
2024-10-25 15:19:00+00:00,SEDG,15.970000267028809,15.970000267028809,15.979999542236328,15.960000038146973,15.970000267028809,6615.0
2024-10-25 15:19:00+00:00,SHLS,5.239999771118164,5.239999771118164,5.244999885559082,5.239999771118164,5.240499973297119,7293.0
2024-10-25 15:19:00+00:00,SIMO,56.23500061035156,56.23500061035156,56.23500061035156,56.23500061035156,56.23500061035156,299.0
2024-10-25 15:19:00+00:00,SKYT,10.529999732971191,10.529999732971191,10.545000076293945,10.529999732971191,10.545000076293945,1164.0
2024-10-25 15:19:00+00:00,SLAB,113.79499816894531,113.79499816894531,113.79499816894531,113.79499816894531,113.79499816894531,404.0
2024-10-25 15:19:00+00:00,SLNHP,12.9399995803833,12.9399995803833,13.0,12.899999618530273,13.0,1273.0
2024-10-25 15:19:00+00:00,SMCI,47.470001220703125,47.470001220703125,47.560001373291016,47.459999084472656,47.560001373291016,24749.0
2024-10-25 15:19:00+00:00,SMTC,45.5,45.5,45.54999923706055,45.4900016784668,45.54999923706055,1371.0
2024-10-25 15:19:00+00:00,SNPS,502.2300109863281,502.2300109863281,502.2300109863281,502.2300109863281,502.2300109863281,947.0
2024-10-25 15:19:00+00:00,SONO,12.699999809265137,12.699999809265137,12.710000038146973,12.699999809265137,12.699999809265137,4604.0
2024-10-25 15:19:00+00:00,SOUN,5.179999828338623,5.179999828338623,5.179999828338623,5.170000076293945,5.175000190734863,5948.0
2024-10-25 15:19:00+00:00,SPSC,170.52000427246094,170.52000427246094,170.52000427246094,170.32000732421875,170.32000732421875,2522.0
2024-10-25 15:19:00+00:00,SPT,26.899999618530273,26.899999618530273,26.899999618530273,26.899999618530273,26.899999618530273,774.0
2024-10-25 15:19:00+00:00,SRAD,12.3100004196167,12.3100004196167,12.319999694824219,12.3100004196167,12.3100004196167,2276.0
2024-10-25 15:19:00+00:00,SSNC,69.99500274658203,69.99500274658203,70.0,69.99250030517578,69.99500274658203,9841.0
2024-10-25 15:19:00+00:00,SSYS,7.019700050354004,7.019700050354004,7.019700050354004,7.019700050354004,7.019700050354004,408.0
2024-10-25 15:19:00+00:00,STER,16.735000610351562,16.735000610351562,16.735000610351562,16.735000610351562,16.735000610351562,476.0
2024-10-25 15:19:00+00:00,STNE,11.539999961853027,11.539999961853027,11.539999961853027,11.529999732971191,11.539999961853027,8696.0
2024-10-25 15:19:00+00:00,STX,103.55000305175781,103.55000305175781,103.59500122070312,103.5199966430664,103.58000183105469,3847.0
2024-10-25 15:19:00+00:00,SVRE,0.07829999923706055,0.07829999923706055,0.07829999923706055,0.0778999999165535,0.0778999999165535,31197.0
2024-10-25 15:19:00+00:00,SWKS,95.75,95.75,95.81999969482422,95.75,95.81999969482422,4435.0
2024-10-25 15:19:00+00:00,SYNA,72.26499938964844,72.26499938964844,72.3499984741211,72.26000213623047,72.3499984741211,2570.0
2024-10-25 15:19:00+00:00,SYTA,1.2800999879837036,1.2800999879837036,1.2800999879837036,1.2799999713897705,1.2799999713897705,1099.0
2024-10-25 15:19:00+00:00,TAOP,0.49790000915527344,0.49790000915527344,0.49790000915527344,0.4968999922275543,0.4968999922275543,0.0
2024-10-25 15:19:00+00:00,TEAM,189.1199951171875,189.1199951171875,189.468994140625,189.1199951171875,189.468994140625,4185.0
2024-10-25 15:19:00+00:00,TENB,41.689998626708984,41.689998626708984,41.7599983215332,41.68000030517578,41.72999954223633,7935.0
2024-10-25 15:19:00+00:00,TER,112.04000091552734,112.04000091552734,112.19000244140625,112.02400207519531,112.19000244140625,7329.0
2024-10-25 15:19:00+00:00,TRMB,60.95000076293945,60.95000076293945,60.95500183105469,60.95000076293945,60.95500183105469,886.0
2024-10-25 15:19:00+00:00,TSEM,44.717201232910156,44.717201232910156,44.717201232910156,44.717201232910156,44.717201232910156,709.0
2024-10-25 15:19:00+00:00,TTD,119.16000366210938,119.16000366210938,119.2300033569336,119.16000366210938,119.2300033569336,3439.0
2024-10-25 15:19:00+00:00,TTMI,19.700000762939453,19.700000762939453,19.709999084472656,19.700000762939453,19.709999084472656,852.0
2024-10-25 15:19:00+00:00,TWKS,4.445000171661377,4.445000171661377,4.449999809265137,4.440000057220459,4.445000171661377,2590.0
2024-10-25 15:19:00+00:00,TXN,207.2830047607422,207.2830047607422,207.36000061035156,207.27999877929688,207.35499572753906,5158.0
2024-10-25 15:19:00+00:00,UCTT,35.779998779296875,35.779998779296875,35.779998779296875,35.779998779296875,35.779998779296875,112.0
2024-10-25 15:19:00+00:00,VECO,29.34000015258789,29.34000015258789,29.34000015258789,29.34000015258789,29.34000015258789,938.0
2024-10-25 15:19:00+00:00,VERX,41.91999816894531,41.91999816894531,41.959999084472656,41.91999816894531,41.959999084472656,2483.0
2024-10-25 15:19:00+00:00,VICR,46.599998474121094,46.599998474121094,46.599998474121094,46.599998474121094,46.599998474121094,125.0
2024-10-25 15:19:00+00:00,VNET,3.375,3.375,3.3949999809265137,3.375,3.3949999809265137,10477.0
2024-10-25 15:19:00+00:00,VRNS,56.709999084472656,56.709999084472656,56.779998779296875,56.709999084472656,56.779998779296875,2408.0
2024-10-25 15:19:00+00:00,VRSN,181.89500427246094,181.89500427246094,181.93499755859375,181.7899932861328,181.93499755859375,4542.0
2024-10-25 15:19:00+00:00,VSAT,10.21500015258789,10.21500015258789,10.21500015258789,10.180000305175781,10.21500015258789,9360.0
2024-10-25 15:19:00+00:00,WALD,3.5,3.5,3.5,3.5,3.5,200.0
2024-10-25 15:19:00+00:00,WDAY,238.3300018310547,238.3300018310547,238.4199981689453,238.31500244140625,238.4199981689453,3193.0
2024-10-25 15:19:00+00:00,WDC,70.08999633789062,70.08999633789062,70.13999938964844,70.08999633789062,70.13999938964844,11544.0
2024-10-25 15:19:00+00:00,WISA,1.978600025177002,1.978600025177002,1.9799000024795532,1.9703999757766724,1.9799000024795532,1570.0
2024-10-25 15:19:00+00:00,WRAP,1.8700000047683716,1.8700000047683716,1.8700000047683716,1.8700000047683716,1.8700000047683716,450.0
2024-10-25 15:19:00+00:00,XRX,9.984999656677246,9.984999656677246,9.994999885559082,9.984999656677246,9.994999885559082,9657.0
2024-10-25 15:19:00+00:00,ZI,10.475000381469727,10.475000381469727,10.479999542236328,10.454999923706055,10.454999923706055,21626.0
2024-10-25 15:19:00+00:00,ZM,72.94999694824219,72.94999694824219,72.95999908447266,72.94999694824219,72.95999908447266,5820.0
2024-10-25 15:19:00+00:00,ZS,184.82000732421875,184.82000732421875,184.82000732421875,184.82000732421875,184.82000732421875,1936.0
2024-10-25 15:20:00+00:00,AAOI,17.569000244140625,17.569000244140625,17.569000244140625,17.569000244140625,17.569000244140625,204.0
2024-10-25 15:20:00+00:00,AAPL,231.5749969482422,231.5749969482422,231.639892578125,231.5500030517578,231.58999633789062,44980.0
2024-10-25 15:20:00+00:00,ACIW,48.86000061035156,48.86000061035156,48.89500045776367,48.86000061035156,48.89500045776367,5020.0
2024-10-25 15:20:00+00:00,ACLS,89.83499908447266,89.83499908447266,89.83499908447266,89.80000305175781,89.81999969482422,1653.0
2024-10-25 15:20:00+00:00,ADBE,482.8999938964844,482.8999938964844,482.989990234375,482.7799987792969,482.7799987792969,3252.0
2024-10-25 15:20:00+00:00,ADI,230.99000549316406,230.99000549316406,230.99000549316406,230.9199981689453,230.9199981689453,948.0
2024-10-25 15:20:00+00:00,AEHR,16.93000030517578,16.93000030517578,16.93000030517578,16.920000076293945,16.920000076293945,660.0
2024-10-25 15:20:00+00:00,AEYE,22.563499450683594,22.563499450683594,22.563499450683594,22.563499450683594,22.563499450683594,166.0
2024-10-25 15:20:00+00:00,AFRM,41.209999084472656,41.209999084472656,41.209999084472656,41.19499969482422,41.209999084472656,5268.0
2024-10-25 15:20:00+00:00,AGYS,110.94000244140625,110.94000244140625,110.94000244140625,110.84500122070312,110.84500122070312,998.0
2024-10-25 15:20:00+00:00,AKAM,101.93000030517578,101.93000030517578,101.94000244140625,101.93000030517578,101.94000244140625,1350.0
2024-10-25 15:20:00+00:00,AKTS,0.05999999865889549,0.05999999865889549,0.05999999865889549,0.05999999865889549,0.05999999865889549,4728.0
2024-10-25 15:20:00+00:00,ALGM,23.170000076293945,23.170000076293945,23.18000030517578,23.170000076293945,23.170000076293945,2044.0
2024-10-25 15:20:00+00:00,ALKT,38.20000076293945,38.20000076293945,38.20000076293945,38.20000076293945,38.20000076293945,537.0
2024-10-25 15:20:00+00:00,AMAT,187.11000061035156,187.11000061035156,187.13999938964844,187.00999450683594,187.02000427246094,5045.0
2024-10-25 15:20:00+00:00,AMBA,57.83000183105469,57.83000183105469,57.849998474121094,57.83000183105469,57.849998474121094,889.0
2024-10-25 15:20:00+00:00,AMD,156.22999572753906,156.22999572753906,156.2698974609375,156.16000366210938,156.1999969482422,31699.0
2024-10-25 15:20:00+00:00,AMKR,29.979999542236328,29.979999542236328,29.979999542236328,29.979999542236328,29.979999542236328,770.0
2024-10-25 15:20:00+00:00,AMPL,9.109000205993652,9.109000205993652,9.109000205993652,9.109000205993652,9.109000205993652,290.0
2024-10-25 15:20:00+00:00,ANSS,323.239990234375,323.239990234375,323.29998779296875,323.1650085449219,323.29998779296875,814.0
2024-10-25 15:20:00+00:00,ANY,1.0499999523162842,1.0499999523162842,1.0499999523162842,1.0499999523162842,1.0499999523162842,169.0
2024-10-25 15:20:00+00:00,AOSL,36.244998931884766,36.244998931884766,36.244998931884766,36.244998931884766,36.244998931884766,212.0
2024-10-25 15:20:00+00:00,APCX,0.7400000095367432,0.7400000095367432,0.7400000095367432,0.7400000095367432,0.7400000095367432,10051.0
2024-10-25 15:20:00+00:00,API,2.884999990463257,2.884999990463257,2.8898000717163086,2.884999990463257,2.884999990463257,6936.0
2024-10-25 15:20:00+00:00,APP,161.3800048828125,161.3800048828125,161.3800048828125,161.24000549316406,161.24000549316406,2566.0
2024-10-25 15:20:00+00:00,APPF,212.22000122070312,212.22000122070312,212.22000122070312,211.67999267578125,211.67999267578125,4082.0
2024-10-25 15:20:00+00:00,APPS,3.075000047683716,3.075000047683716,3.079900026321411,3.069999933242798,3.079900026321411,3133.0
2024-10-25 15:20:00+00:00,ARBE,1.8450000286102295,1.8450000286102295,1.850000023841858,1.8450000286102295,1.8450000286102295,10350.0
2024-10-25 15:20:00+00:00,ARRY,6.439899921417236,6.439899921417236,6.440000057220459,6.429999828338623,6.435999870300293,24754.0
2024-10-25 15:20:00+00:00,ASML,713.905517578125,713.905517578125,713.905517578125,713.7999877929688,713.7999877929688,1351.0
2024-10-25 15:20:00+00:00,ASNS,1.3049999475479126,1.3049999475479126,1.3049999475479126,1.2999999523162842,1.3049999475479126,800.0
2024-10-25 15:20:00+00:00,ASTI,2.7999000549316406,2.7999000549316406,2.7999000549316406,2.7799999713897705,2.7799999713897705,7481.0
2024-10-25 15:20:00+00:00,ATOM,3.3350000381469727,3.3350000381469727,3.3350000381469727,3.3350000381469727,3.3350000381469727,400.0
2024-10-25 15:20:00+00:00,AUR,6.40500020980835,6.40500020980835,6.40880012512207,6.400000095367432,6.400000095367432,3621.0
2024-10-25 15:20:00+00:00,AVDX,8.100000381469727,8.100000381469727,8.100000381469727,8.100000381469727,8.100000381469727,2873.0
2024-10-25 15:20:00+00:00,AVGO,173.8000030517578,173.8000030517578,173.80999755859375,173.67999267578125,173.72999572753906,22829.0
2024-10-25 15:20:00+00:00,AVPT,11.913999557495117,11.913999557495117,11.913999557495117,11.913999557495117,11.913999557495117,732.0
2024-10-25 15:20:00+00:00,AVT,54.125,54.125,54.130001068115234,54.099998474121094,54.130001068115234,5650.0
2024-10-25 15:20:00+00:00,AZPN,237.83999633789062,237.83999633789062,238.1699981689453,237.83999633789062,238.1199951171875,1367.0
2024-10-25 15:20:00+00:00,BAND,17.764999389648438,17.764999389648438,17.764999389648438,17.764999389648438,17.764999389648438,304.0
2024-10-25 15:20:00+00:00,BASE,16.219999313354492,16.219999313354492,16.219999313354492,16.219999313354492,16.219999313354492,576.0
2024-10-25 15:20:00+00:00,BCOV,2.2750000953674316,2.2750000953674316,2.2750000953674316,2.2750000953674316,2.2750000953674316,921.0
2024-10-25 15:20:00+00:00,BL,56.43000030517578,56.43000030517578,56.470001220703125,56.43000030517578,56.470001220703125,1207.0
2024-10-25 15:20:00+00:00,BMBL,7.074999809265137,7.074999809265137,7.079999923706055,7.074999809265137,7.079999923706055,2077.0
2024-10-25 15:20:00+00:00,BSY,49.040000915527344,49.040000915527344,49.04750061035156,49.040000915527344,49.04750061035156,519.0
2024-10-25 15:20:00+00:00,CAN,0.9722999930381775,0.9722999930381775,0.973800003528595,0.9721999764442444,0.9721999764442444,2966.0
2024-10-25 15:20:00+00:00,CCSI,20.1299991607666,20.1299991607666,20.1299991607666,20.1299991607666,20.1299991607666,374.0
2024-10-25 15:20:00+00:00,CDNS,257.7250061035156,257.7250061035156,257.7300109863281,257.6199951171875,257.7200012207031,3646.0
2024-10-25 15:20:00+00:00,CDW,218.00999450683594,218.00999450683594,218.00999450683594,218.00999450683594,218.00999450683594,266.0
2024-10-25 15:20:00+00:00,CETX,0.30149999260902405,0.30149999260902405,0.30149999260902405,0.30140000581741333,0.30140000581741333,50883.0
2024-10-25 15:20:00+00:00,CEVA,24.075000762939453,24.075000762939453,24.075000762939453,24.059999465942383,24.059999465942383,857.0
2024-10-25 15:20:00+00:00,CFLT,22.450000762939453,22.450000762939453,22.450000762939453,22.43000030517578,22.434999465942383,3582.0
2024-10-25 15:20:00+00:00,CGNX,38.81999969482422,38.81999969482422,38.849998474121094,38.81999969482422,38.849998474121094,3300.0
2024-10-25 15:20:00+00:00,CHKP,205.87249755859375,205.87249755859375,205.91000366210938,205.87249755859375,205.8800048828125,1661.0
2024-10-25 15:20:00+00:00,CLBT,18.225000381469727,18.225000381469727,18.225000381469727,18.225000381469727,18.225000381469727,327.0
2024-10-25 15:20:00+00:00,CLFD,36.459999084472656,36.459999084472656,36.459999084472656,36.459999084472656,36.459999084472656,543.0
2024-10-25 15:20:00+00:00,CLSK,11.580100059509277,11.580100059509277,11.59000015258789,11.569999694824219,11.569999694824219,37442.0
2024-10-25 15:20:00+00:00,COHR,95.5,95.5,95.58000183105469,95.5,95.55000305175781,6591.0
2024-10-25 15:20:00+00:00,COIN,205.75999450683594,205.75999450683594,205.75999450683594,205.35499572753906,205.35499572753906,17806.0
2024-10-25 15:20:00+00:00,COMM,6.229899883270264,6.229899883270264,6.229899883270264,6.224999904632568,6.224999904632568,6227.0
2024-10-25 15:20:00+00:00,CORZ,13.274999618530273,13.274999618530273,13.295000076293945,13.270000457763672,13.295000076293945,10287.0
2024-10-25 15:20:00+00:00,CRCT,6.570000171661377,6.570000171661377,6.570000171661377,6.559999942779541,6.559999942779541,2068.0
2024-10-25 15:20:00+00:00,CRDO,38.97999954223633,38.97999954223633,38.97999954223633,38.97999954223633,38.97999954223633,727.0
2024-10-25 15:20:00+00:00,CRSR,6.321000099182129,6.321000099182129,6.321000099182129,6.321000099182129,6.321000099182129,135.0
2024-10-25 15:20:00+00:00,CRUS,122.24500274658203,122.24500274658203,122.24500274658203,122.1500015258789,122.18000030517578,966.0
2024-10-25 15:20:00+00:00,CRWD,298.5899963378906,298.5899963378906,298.6700134277344,298.41009521484375,298.489990234375,8046.0
2024-10-25 15:20:00+00:00,CSCO,55.7599983215332,55.7599983215332,55.7599983215332,55.74449920654297,55.75,12523.0
2024-10-25 15:20:00+00:00,CSGS,47.415000915527344,47.415000915527344,47.415000915527344,47.415000915527344,47.415000915527344,141.0
2024-10-25 15:20:00+00:00,CSIQ,13.420000076293945,13.420000076293945,13.430000305175781,13.420000076293945,13.430000305175781,1423.0
2024-10-25 15:20:00+00:00,CTLP,8.914999961853027,8.914999961853027,8.914999961853027,8.914999961853027,8.914999961853027,118.0
2024-10-25 15:20:00+00:00,CTSH,74.7249984741211,74.7249984741211,74.7300033569336,74.69999694824219,74.69999694824219,4756.0
2024-10-25 15:20:00+00:00,CVLT,134.19189453125,134.19189453125,134.19189453125,134.19189453125,134.19189453125,277.0
2024-10-25 15:20:00+00:00,DAKT,13.0600004196167,13.0600004196167,13.0600004196167,13.0600004196167,13.0600004196167,164.0
2024-10-25 15:20:00+00:00,DATS,1.5800000429153442,1.5800000429153442,1.5800000429153442,1.5800000429153442,1.5800000429153442,0.0
2024-10-25 15:20:00+00:00,DBX,26.03499984741211,26.03499984741211,26.03499984741211,26.03499984741211,26.03499984741211,1486.0
2024-10-25 15:20:00+00:00,DDOG,126.34500122070312,126.34500122070312,126.3499984741211,126.31500244140625,126.31500244140625,3015.0
2024-10-25 15:20:00+00:00,DGII,30.065000534057617,30.065000534057617,30.065000534057617,30.065000534057617,30.065000534057617,200.0
2024-10-25 15:20:00+00:00,DIOD,64.95999908447266,64.95999908447266,64.95999908447266,64.95999908447266,64.95999908447266,443.0
2024-10-25 15:20:00+00:00,DLO,8.805000305175781,8.805000305175781,8.805000305175781,8.805000305175781,8.805000305175781,1140.0
2024-10-25 15:20:00+00:00,DOCU,68.93000030517578,68.93000030517578,68.93000030517578,68.91179656982422,68.91999816894531,6030.0
2024-10-25 15:20:00+00:00,DTSS,2.4600000381469727,2.4600000381469727,2.4600000381469727,2.4600000381469727,2.4600000381469727,200.0
2024-10-25 15:20:00+00:00,DUOT,4.135000228881836,4.135000228881836,4.135000228881836,4.130000114440918,4.130000114440918,3022.0
2024-10-25 15:20:00+00:00,EEFT,100.42749786376953,100.42749786376953,100.42749786376953,100.42500305175781,100.42500305175781,805.0
2024-10-25 15:20:00+00:00,ENPH,83.79000091552734,83.79000091552734,83.80999755859375,83.72000122070312,83.72000122070312,3394.0
2024-10-25 15:20:00+00:00,ENTG,105.0250015258789,105.0250015258789,105.05999755859375,104.97000122070312,105.0,2052.0
2024-10-25 15:20:00+00:00,ERIC,8.46500015258789,8.46500015258789,8.46500015258789,8.46500015258789,8.46500015258789,11316.0
2024-10-25 15:20:00+00:00,EXLS,38.540000915527344,38.540000915527344,38.54999923706055,38.540000915527344,38.54999923706055,1420.0
2024-10-25 15:20:00+00:00,EXTR,14.354999542236328,14.354999542236328,14.354999542236328,14.354999542236328,14.354999542236328,208.0
2024-10-25 15:20:00+00:00,FFIV,216.41250610351562,216.41250610351562,216.42999267578125,216.33999633789062,216.375,3715.0
2024-10-25 15:20:00+00:00,FIVN,29.8799991607666,29.8799991607666,29.889999389648438,29.8799991607666,29.889999389648438,2011.0
2024-10-25 15:20:00+00:00,FLEX,35.18000030517578,35.18000030517578,35.18000030517578,35.16999816894531,35.17100143432617,1363.0
2024-10-25 15:20:00+00:00,FLYW,17.329999923706055,17.329999923706055,17.329999923706055,17.31999969482422,17.329999923706055,1365.0
2024-10-25 15:20:00+00:00,FORM,44.779998779296875,44.779998779296875,44.779998779296875,44.755001068115234,44.755001068115234,1520.0
2024-10-25 15:20:00+00:00,FRSH,11.604999542236328,11.604999542236328,11.604999542236328,11.604999542236328,11.604999542236328,1561.0
2024-10-25 15:20:00+00:00,FSLR,198.25999450683594,198.25999450683594,198.25999450683594,198.2550048828125,198.2550048828125,523.0
2024-10-25 15:20:00+00:00,FTCI,0.652999997138977,0.652999997138977,0.652999997138977,0.652999997138977,0.652999997138977,1001.0
2024-10-25 15:20:00+00:00,FTNT,80.3550033569336,80.3550033569336,80.3550033569336,80.33000183105469,80.33999633789062,4468.0
2024-10-25 15:20:00+00:00,GCT,24.520000457763672,24.520000457763672,24.520000457763672,24.49220085144043,24.49220085144043,382.0
2024-10-25 15:20:00+00:00,GDYN,15.630000114440918,15.630000114440918,15.630000114440918,15.619999885559082,15.619999885559082,533.0
2024-10-25 15:20:00+00:00,GFS,40.4900016784668,40.4900016784668,40.4900016784668,40.470001220703125,40.470001220703125,1018.0
2024-10-25 15:20:00+00:00,GPRO,1.315000057220459,1.315000057220459,1.315000057220459,1.3137999773025513,1.3137999773025513,2220.0
2024-10-25 15:20:00+00:00,GRAB,4.085000038146973,4.085000038146973,4.090000152587891,4.079999923706055,4.085000038146973,4066.0
2024-10-25 15:20:00+00:00,GTLB,54.900001525878906,54.900001525878906,54.95000076293945,54.869998931884766,54.869998931884766,6644.0
2024-10-25 15:20:00+00:00,GVP,4.605000019073486,4.605000019073486,4.605000019073486,4.601600170135498,4.601600170135498,4036.0
2024-10-25 15:20:00+00:00,HCP,33.6349983215332,33.6349983215332,33.63999938964844,33.630001068115234,33.630001068115234,18076.0
2024-10-25 15:20:00+00:00,HLIT,14.789999961853027,14.789999961853027,14.789999961853027,14.779999732971191,14.779999732971191,3137.0
2024-10-25 15:20:00+00:00,HOLO,3.640000104904175,3.640000104904175,3.640000104904175,3.619999885559082,3.6294000148773193,221.0
2024-10-25 15:20:00+00:00,HOOD,27.084999084472656,27.084999084472656,27.09000015258789,27.06100082397461,27.06100082397461,10462.0
2024-10-25 15:20:00+00:00,ICHR,27.540000915527344,27.540000915527344,27.540000915527344,27.540000915527344,27.540000915527344,101.0
2024-10-25 15:20:00+00:00,IMMR,8.675000190734863,8.675000190734863,8.675000190734863,8.675000190734863,8.675000190734863,563.0
2024-10-25 15:20:00+00:00,IMOS,22.43000030517578,22.43000030517578,22.43000030517578,22.43000030517578,22.43000030517578,541.0
2024-10-25 15:20:00+00:00,INDI,3.484999895095825,3.484999895095825,3.484999895095825,3.482100009918213,3.484999895095825,2657.0
2024-10-25 15:20:00+00:00,INFN,6.769999980926514,6.769999980926514,6.769999980926514,6.769999980926514,6.769999980926514,166.0
2024-10-25 15:20:00+00:00,INOD,20.239999771118164,20.239999771118164,20.239999771118164,20.239999771118164,20.239999771118164,1101.0
2024-10-25 15:20:00+00:00,INTA,50.099998474121094,50.099998474121094,50.099998474121094,50.099998474121094,50.099998474121094,468.0
2024-10-25 15:20:00+00:00,INTC,22.844999313354492,22.844999313354492,22.844999313354492,22.825000762939453,22.84000015258789,74255.0
2024-10-25 15:20:00+00:00,INTU,608.280029296875,608.280029296875,608.280029296875,608.280029296875,608.280029296875,620.0
2024-10-25 15:20:00+00:00,ITRN,27.389999389648438,27.389999389648438,27.420000076293945,27.3799991607666,27.3799991607666,437.0
2024-10-25 15:20:00+00:00,JAMF,16.81999969482422,16.81999969482422,16.829999923706055,16.799999237060547,16.799999237060547,4282.0
2024-10-25 15:20:00+00:00,JG,7.458000183105469,7.458000183105469,7.613100051879883,7.458000183105469,7.613100051879883,1107.0
2024-10-25 15:20:00+00:00,JKHY,182.77000427246094,182.77000427246094,182.77000427246094,182.77000427246094,182.77000427246094,812.0
2024-10-25 15:20:00+00:00,KC,2.680000066757202,2.680000066757202,2.680000066757202,2.680000066757202,2.680000066757202,421.0
2024-10-25 15:20:00+00:00,KLTR,1.3305000066757202,1.3305000066757202,1.3305000066757202,1.3305000066757202,1.3305000066757202,2508.0
2024-10-25 15:20:00+00:00,LINK,4.860000133514404,4.860000133514404,4.869999885559082,4.804999828338623,4.804999828338623,4814.0
2024-10-25 15:20:00+00:00,LITE,64.54000091552734,64.54000091552734,64.54000091552734,64.54000091552734,64.54000091552734,1845.0
2024-10-25 15:20:00+00:00,LPSN,1.1699999570846558,1.1699999570846558,1.1699999570846558,1.1699999570846558,1.1699999570846558,8753.0
2024-10-25 15:20:00+00:00,LRCX,78.2699966430664,78.2699966430664,78.2750015258789,78.20999908447266,78.22000122070312,17097.0
2024-10-25 15:20:00+00:00,LSCC,54.099998474121094,54.099998474121094,54.099998474121094,54.07500076293945,54.09000015258789,3878.0
2024-10-25 15:20:00+00:00,LTRX,4.090000152587891,4.090000152587891,4.090000152587891,4.090000152587891,4.090000152587891,256.0
2024-10-25 15:20:00+00:00,LYFT,13.369999885559082,13.369999885559082,13.380000114440918,13.3100004196167,13.345000267028809,95599.0
2024-10-25 15:20:00+00:00,MANH,275.7900085449219,275.7900085449219,275.7900085449219,275.7900085449219,275.7900085449219,1470.0
2024-10-25 15:20:00+00:00,MAPS,0.8299999833106995,0.8299999833106995,0.8299999833106995,0.8299999833106995,0.8299999833106995,6064.0
2024-10-25 15:20:00+00:00,MAXN,5.869999885559082,5.869999885559082,5.889999866485596,5.831999778747559,5.849999904632568,10066.0
2024-10-25 15:20:00+00:00,MCHP,76.66000366210938,76.66000366210938,76.66000366210938,76.6500015258789,76.6500015258789,2822.0
2024-10-25 15:20:00+00:00,MDB,267.2200012207031,267.2200012207031,267.2250061035156,266.9700012207031,266.9700012207031,1585.0
2024-10-25 15:20:00+00:00,MITK,8.760000228881836,8.760000228881836,8.760000228881836,8.760000228881836,8.760000228881836,341.0
2024-10-25 15:20:00+00:00,MKSI,100.95999908447266,100.95999908447266,100.95999908447266,100.91999816894531,100.91999816894531,464.0
2024-10-25 15:20:00+00:00,MNDY,297.69000244140625,297.69000244140625,297.8500061035156,297.69000244140625,297.8500061035156,1834.0
2024-10-25 15:20:00+00:00,MPWR,907.10498046875,907.10498046875,907.10498046875,907.10498046875,907.10498046875,346.0
2024-10-25 15:20:00+00:00,MQ,5.309999942779541,5.309999942779541,5.309999942779541,5.304999828338623,5.304999828338623,2148.0
2024-10-25 15:20:00+00:00,MRVL,81.8949966430664,81.8949966430664,81.9000015258789,81.83999633789062,81.83999633789062,11832.0
2024-10-25 15:20:00+00:00,MSFT,428.3949890136719,428.3949890136719,428.4100036621094,428.1900939941406,428.239990234375,13882.0
2024-10-25 15:20:00+00:00,MSTR,233.4398956298828,233.4398956298828,233.44000244140625,232.60009765625,232.60009765625,45770.0
2024-10-25 15:20:00+00:00,MTC,0.37400001287460327,0.37400001287460327,0.37400001287460327,0.37400001287460327,0.37400001287460327,46.0
2024-10-25 15:20:00+00:00,MTSI,121.0250015258789,121.0250015258789,121.125,120.87999725341797,121.08999633789062,28735.0
2024-10-25 15:20:00+00:00,MTTR,4.585000038146973,4.585000038146973,4.585000038146973,4.579999923706055,4.579999923706055,3989.0
2024-10-25 15:20:00+00:00,MU,108.2300033569336,108.2300033569336,108.25499725341797,108.19100189208984,108.19100189208984,10243.0
2024-10-25 15:20:00+00:00,MVIS,1.065000057220459,1.065000057220459,1.0700000524520874,1.059999942779541,1.0700000524520874,152126.0
2024-10-25 15:20:00+00:00,MXL,14.704999923706055,14.704999923706055,14.704999923706055,14.704999923706055,14.704999923706055,1228.0
2024-10-25 15:20:00+00:00,NCNO,37.84000015258789,37.84000015258789,37.84000015258789,37.834999084472656,37.834999084472656,2664.0
2024-10-25 15:20:00+00:00,NEON,8.149999618530273,8.149999618530273,8.149999618530273,8.149999618530273,8.149999618530273,210.0
2024-10-25 15:20:00+00:00,NICE,174.6999969482422,174.6999969482422,174.6999969482422,174.66000366210938,174.66000366210938,620.0
2024-10-25 15:20:00+00:00,NTAP,119.79000091552734,119.79000091552734,119.80000305175781,119.7750015258789,119.80000305175781,2565.0
2024-10-25 15:20:00+00:00,NTNX,61.790000915527344,61.790000915527344,61.829898834228516,61.77399826049805,61.79999923706055,3000.0
2024-10-25 15:20:00+00:00,NVDA,141.86000061035156,141.86000061035156,141.89999389648438,141.80999755859375,141.85780334472656,223243.0
2024-10-25 15:20:00+00:00,NVMI,183.99000549316406,183.99000549316406,184.0,183.99000549316406,184.0,604.0
2024-10-25 15:20:00+00:00,NVTS,2.5199999809265137,2.5199999809265137,2.5199999809265137,2.5199999809265137,2.5199999809265137,277.0
2024-10-25 15:20:00+00:00,NXPI,243.55999755859375,243.55999755859375,243.55999755859375,243.50999450683594,243.53500366210938,3567.0
2024-10-25 15:20:00+00:00,OKTA,72.22000122070312,72.22000122070312,72.22000122070312,72.20099639892578,72.2040023803711,1229.0
2024-10-25 15:20:00+00:00,OLED,202.92999267578125,202.92999267578125,202.92999267578125,202.92999267578125,202.92999267578125,484.0
2024-10-25 15:20:00+00:00,ON,71.23999786376953,71.23999786376953,71.24500274658203,71.19000244140625,71.19010162353516,11222.0
2024-10-25 15:20:00+00:00,OSIS,135.64500427246094,135.64500427246094,135.75990295410156,135.64500427246094,135.75990295410156,568.0
2024-10-25 15:20:00+00:00,OSPN,14.571999549865723,14.571999549865723,14.571999549865723,14.571999549865723,14.571999549865723,837.0
2024-10-25 15:20:00+00:00,OTEX,33.25,33.25,33.2599983215332,33.25,33.2599983215332,808.0
2024-10-25 15:20:00+00:00,PANW,366.31500244140625,366.31500244140625,366.31500244140625,366.30999755859375,366.30999755859375,805.0
2024-10-25 15:20:00+00:00,PAYO,8.350000381469727,8.350000381469727,8.350000381469727,8.345000267028809,8.345000267028809,2461.0
2024-10-25 15:20:00+00:00,PCTY,173.58999633789062,173.58999633789062,173.58999633789062,173.58999633789062,173.58999633789062,571.0
2024-10-25 15:20:00+00:00,PEGY,4.739999771118164,4.739999771118164,4.739999771118164,4.739999771118164,4.739999771118164,360.0
2024-10-25 15:20:00+00:00,PGY,11.930000305175781,11.930000305175781,11.930000305175781,11.90999984741211,11.920000076293945,3775.0
2024-10-25 15:20:00+00:00,PHUN,10.329999923706055,10.329999923706055,10.329999923706055,10.312800407409668,10.3149995803833,4191.0
2024-10-25 15:20:00+00:00,PI,201.3699951171875,201.3699951171875,201.3699951171875,201.3699951171875,201.3699951171875,226.0
2024-10-25 15:20:00+00:00,PLUS,98.06500244140625,98.06500244140625,98.06500244140625,98.06500244140625,98.06500244140625,316.0
2024-10-25 15:20:00+00:00,PLXS,141.5,141.5,141.5,141.5,141.5,664.0
2024-10-25 15:20:00+00:00,PRGS,64.61000061035156,64.61000061035156,64.61000061035156,64.61000061035156,64.61000061035156,317.0
2024-10-25 15:20:00+00:00,PTC,187.17999267578125,187.17999267578125,187.17999267578125,187.1300048828125,187.14500427246094,1953.0
2024-10-25 15:20:00+00:00,PYCR,14.335000038146973,14.335000038146973,14.335000038146973,14.335000038146973,14.335000038146973,548.0
2024-10-25 15:20:00+00:00,QCOM,170.66000366210938,170.66000366210938,170.68980407714844,170.58999633789062,170.6300048828125,6840.0
2024-10-25 15:20:00+00:00,QLYS,120.45999908447266,120.45999908447266,120.45999908447266,120.45999908447266,120.45999908447266,198.0
2024-10-25 15:20:00+00:00,QRVO,99.72000122070312,99.72000122070312,99.7300033569336,99.69499969482422,99.69499969482422,1912.0
2024-10-25 15:20:00+00:00,RCAT,2.744999885559082,2.744999885559082,2.744999885559082,2.744999885559082,2.744999885559082,1043.0
2024-10-25 15:20:00+00:00,REKR,1.0800000429153442,1.0800000429153442,1.0850000381469727,1.0800000429153442,1.0850000381469727,207.0
2024-10-25 15:20:00+00:00,RELY,14.890000343322754,14.890000343322754,14.890000343322754,14.890000343322754,14.890000343322754,1225.0
2024-10-25 15:20:00+00:00,RGTI,1.225000023841858,1.225000023841858,1.2300000190734863,1.2200000286102295,1.2300000190734863,24089.0
2024-10-25 15:20:00+00:00,RIOT,9.734999656677246,9.734999656677246,9.739999771118164,9.720000267028809,9.725000381469727,53542.0
2024-10-25 15:20:00+00:00,RMBS,43.415000915527344,43.415000915527344,43.43000030517578,43.400001525878906,43.40999984741211,2617.0
2024-10-25 15:20:00+00:00,RPAY,7.744999885559082,7.744999885559082,7.744999885559082,7.744999885559082,7.744999885559082,206.0
2024-10-25 15:20:00+00:00,RUM,5.735000133514404,5.735000133514404,5.735000133514404,5.735000133514404,5.735000133514404,324.0
2024-10-25 15:20:00+00:00,RUN,14.40999984741211,14.40999984741211,14.40999984741211,14.385000228881836,14.390000343322754,16253.0
2024-10-25 15:20:00+00:00,SANM,67.61499786376953,67.61499786376953,67.61499786376953,67.61499786376953,67.61499786376953,119.0
2024-10-25 15:20:00+00:00,SCSC,44.709999084472656,44.709999084472656,44.7400016784668,44.709999084472656,44.72999954223633,1379.0
2024-10-25 15:20:00+00:00,SEDG,16.03499984741211,16.03499984741211,16.049999237060547,15.972000122070312,15.972000122070312,11378.0
2024-10-25 15:20:00+00:00,SHLS,5.239999771118164,5.239999771118164,5.244999885559082,5.239999771118164,5.244999885559082,2532.0
2024-10-25 15:20:00+00:00,SIMO,56.21500015258789,56.21500015258789,56.242000579833984,56.21500015258789,56.242000579833984,1183.0
2024-10-25 15:20:00+00:00,SLNHP,13.0,13.0,13.0,13.0,13.0,1200.0
2024-10-25 15:20:00+00:00,SMCI,47.459999084472656,47.459999084472656,47.470001220703125,47.40999984741211,47.459999084472656,37726.0
2024-10-25 15:20:00+00:00,SONO,12.6899995803833,12.6899995803833,12.704999923706055,12.670000076293945,12.699999809265137,12964.0
2024-10-25 15:20:00+00:00,SOUN,5.175000190734863,5.175000190734863,5.179999828338623,5.175000190734863,5.175000190734863,5439.0
2024-10-25 15:20:00+00:00,SRAD,12.3100004196167,12.3100004196167,12.3100004196167,12.3100004196167,12.3100004196167,2073.0
2024-10-25 15:20:00+00:00,SSNC,70.12000274658203,70.12000274658203,70.16000366210938,69.99250030517578,69.99500274658203,90827.0
2024-10-25 15:20:00+00:00,SSYS,7.019999980926514,7.019999980926514,7.019999980926514,7.019999980926514,7.019999980926514,303.0
2024-10-25 15:20:00+00:00,STNE,11.53499984741211,11.53499984741211,11.53499984741211,11.53499984741211,11.53499984741211,1302.0
2024-10-25 15:20:00+00:00,STX,103.5199966430664,103.5199966430664,103.54000091552734,103.5199966430664,103.54000091552734,1115.0
2024-10-25 15:20:00+00:00,SYTA,1.2800999879837036,1.2800999879837036,1.2800999879837036,1.2800999879837036,1.2800999879837036,306.0
2024-10-25 15:20:00+00:00,TEAM,189.2050018310547,189.2050018310547,189.26499938964844,189.0800018310547,189.08999633789062,4810.0
2024-10-25 15:20:00+00:00,TENB,41.685001373291016,41.685001373291016,41.685001373291016,41.685001373291016,41.685001373291016,1544.0
2024-10-25 15:20:00+00:00,TER,112.10399627685547,112.10399627685547,112.10399627685547,112.01000213623047,112.0199966430664,6719.0
2024-10-25 15:20:00+00:00,TLS,3.569999933242798,3.569999933242798,3.569999933242798,3.569999933242798,3.569999933242798,516.0
2024-10-25 15:20:00+00:00,TRMB,60.93000030517578,60.93000030517578,60.93000030517578,60.91999816894531,60.93000030517578,883.0
2024-10-25 15:20:00+00:00,TSEM,44.689998626708984,44.689998626708984,44.689998626708984,44.689998626708984,44.689998626708984,692.0
2024-10-25 15:20:00+00:00,TTD,119.12000274658203,119.12000274658203,119.16000366210938,119.11000061035156,119.11000061035156,2589.0
2024-10-25 15:20:00+00:00,TTMI,19.729999542236328,19.729999542236328,19.735000610351562,19.690000534057617,19.690000534057617,5791.0
2024-10-25 15:20:00+00:00,TWKS,4.445000171661377,4.445000171661377,4.445000171661377,4.445000171661377,4.445000171661377,655.0
2024-10-25 15:20:00+00:00,TXN,207.27999877929688,207.27999877929688,207.27999877929688,207.2050018310547,207.25,3387.0
2024-10-25 15:20:00+00:00,UCTT,35.77000045776367,35.77000045776367,35.77000045776367,35.7599983215332,35.77000045776367,2023.0
2024-10-25 15:20:00+00:00,VECO,29.334999084472656,29.334999084472656,29.334999084472656,29.329999923706055,29.329999923706055,523.0
2024-10-25 15:20:00+00:00,VERB,10.77400016784668,10.77400016784668,10.77400016784668,10.77400016784668,10.77400016784668,294.0
2024-10-25 15:20:00+00:00,VIAV,9.199999809265137,9.199999809265137,9.199999809265137,9.199999809265137,9.199999809265137,414.0
2024-10-25 15:20:00+00:00,VICR,46.65999984741211,46.65999984741211,46.65999984741211,46.56999969482422,46.56999969482422,1275.0
2024-10-25 15:20:00+00:00,VMEO,4.760000228881836,4.760000228881836,4.760000228881836,4.755000114440918,4.755000114440918,656.0
2024-10-25 15:20:00+00:00,VRNS,56.75,56.75,56.75,56.72999954223633,56.72999954223633,3309.0
2024-10-25 15:20:00+00:00,VRNT,21.8700008392334,21.8700008392334,21.8700008392334,21.84000015258789,21.850000381469727,2900.0
2024-10-25 15:20:00+00:00,VRSN,181.9375,181.9375,181.9375,181.91749572753906,181.92250061035156,808.0
2024-10-25 15:20:00+00:00,VSAT,10.229999542236328,10.229999542236328,10.229999542236328,10.210000038146973,10.210000038146973,3075.0
2024-10-25 15:20:00+00:00,VUZI,1.2894999980926514,1.2894999980926514,1.2894999980926514,1.2894999980926514,1.2894999980926514,115.0
2024-10-25 15:20:00+00:00,WDAY,238.31500244140625,238.31500244140625,238.3175048828125,238.31500244140625,238.31500244140625,724.0
2024-10-25 15:20:00+00:00,WDC,70.15750122070312,70.15750122070312,70.17620086669922,70.08000183105469,70.1050033569336,23837.0
2024-10-25 15:20:00+00:00,WISA,1.9773999452590942,1.9773999452590942,1.9773999452590942,1.9703999757766724,1.9703999757766724,691.0
2024-10-25 15:20:00+00:00,WRAP,1.8600000143051147,1.8600000143051147,1.8600000143051147,1.8600000143051147,1.8600000143051147,856.0
2024-10-25 15:20:00+00:00,XELA,1.9697999954223633,1.9697999954223633,1.9697999954223633,1.9697999954223633,1.9697999954223633,196.0
2024-10-25 15:20:00+00:00,XPER,9.380000114440918,9.380000114440918,9.380000114440918,9.380000114440918,9.380000114440918,212.0
2024-10-25 15:20:00+00:00,XRX,9.994999885559082,9.994999885559082,9.994999885559082,9.989999771118164,9.994999885559082,1158.0
2024-10-25 15:20:00+00:00,ZI,10.475000381469727,10.475000381469727,10.475000381469727,10.475000381469727,10.475000381469727,2394.0
2024-10-25 15:20:00+00:00,ZM,72.93000030517578,72.93000030517578,72.93000030517578,72.93000030517578,72.93000030517578,1459.0
2024-10-25 15:20:00+00:00,ZS,184.80999755859375,184.80999755859375,184.80999755859375,184.80999755859375,184.80999755859375,232.0
2024-10-25 15:21:00+00:00,AAOI,17.56999969482422,17.56999969482422,17.56999969482422,17.549999237060547,17.559999465942383,6688.0
2024-10-25 15:21:00+00:00,AAPL,231.61109924316406,231.61109924316406,231.6300048828125,231.55999755859375,231.58999633789062,229478.0
2024-10-25 15:21:00+00:00,ACIW,48.84000015258789,48.84000015258789,48.845001220703125,48.84000015258789,48.845001220703125,225.0
2024-10-25 15:21:00+00:00,ADBE,483.0054931640625,483.0054931640625,483.0054931640625,482.8299865722656,482.8999938964844,1398.0
2024-10-25 15:21:00+00:00,ADI,230.99000549316406,230.99000549316406,230.99000549316406,230.99000549316406,230.99000549316406,685.0
2024-10-25 15:21:00+00:00,ADSK,286.42498779296875,286.42498779296875,286.45001220703125,286.3699951171875,286.42999267578125,2262.0
2024-10-25 15:21:00+00:00,AEHR,16.93000030517578,16.93000030517578,16.950000762939453,16.93000030517578,16.93000030517578,2131.0
2024-10-25 15:21:00+00:00,AEYE,22.500900268554688,22.500900268554688,22.500900268554688,22.500900268554688,22.500900268554688,473.0
2024-10-25 15:21:00+00:00,AFRM,41.220001220703125,41.220001220703125,41.220001220703125,41.189998626708984,41.20199966430664,7057.0
2024-10-25 15:21:00+00:00,AKAM,101.87999725341797,101.87999725341797,101.87999725341797,101.87999725341797,101.87999725341797,875.0
2024-10-25 15:21:00+00:00,AKTS,0.05999999865889549,0.05999999865889549,0.05999999865889549,0.05999999865889549,0.05999999865889549,50997.0
2024-10-25 15:21:00+00:00,ALGM,23.174999237060547,23.174999237060547,23.174999237060547,23.139999389648438,23.170000076293945,7625.0
2024-10-25 15:21:00+00:00,ALKT,38.224998474121094,38.224998474121094,38.224998474121094,38.224998474121094,38.224998474121094,419.0
2024-10-25 15:21:00+00:00,ALTR,103.93000030517578,103.93000030517578,104.01000213623047,103.93000030517578,103.94000244140625,595.0
2024-10-25 15:21:00+00:00,AMAT,187.17999267578125,187.17999267578125,187.19000244140625,187.1199951171875,187.1199951171875,5662.0
2024-10-25 15:21:00+00:00,AMD,156.25999450683594,156.25999450683594,156.25999450683594,156.1800994873047,156.22999572753906,18401.0
2024-10-25 15:21:00+00:00,AMKR,29.979999542236328,29.979999542236328,29.979999542236328,29.979999542236328,29.979999542236328,1230.0
2024-10-25 15:21:00+00:00,ANSS,323.23748779296875,323.23748779296875,323.23748779296875,323.23748779296875,323.23748779296875,135.0
2024-10-25 15:21:00+00:00,ANY,1.0499999523162842,1.0499999523162842,1.0499999523162842,1.0499999523162842,1.0499999523162842,100.0
2024-10-25 15:21:00+00:00,API,2.884999990463257,2.884999990463257,2.884999990463257,2.8801000118255615,2.884999990463257,6592.0
2024-10-25 15:21:00+00:00,APP,161.3800048828125,161.3800048828125,161.3800048828125,161.30999755859375,161.30999755859375,1087.0
2024-10-25 15:21:00+00:00,APPF,212.17999267578125,212.17999267578125,212.17999267578125,212.17999267578125,212.17999267578125,1021.0
2024-10-25 15:21:00+00:00,APPS,3.075000047683716,3.075000047683716,3.075000047683716,3.075000047683716,3.075000047683716,1322.0
2024-10-25 15:21:00+00:00,ARQQ,7.042900085449219,7.042900085449219,7.042900085449219,7.042900085449219,7.042900085449219,200.0
2024-10-25 15:21:00+00:00,ARRY,6.440000057220459,6.440000057220459,6.449999809265137,6.425000190734863,6.429999828338623,30953.0
2024-10-25 15:21:00+00:00,ASNS,1.3049999475479126,1.3049999475479126,1.3049999475479126,1.3049999475479126,1.3049999475479126,1004.0
2024-10-25 15:21:00+00:00,AUDC,9.03689956665039,9.03689956665039,9.03689956665039,9.03689956665039,9.03689956665039,1903.0
2024-10-25 15:21:00+00:00,AUR,6.40500020980835,6.40500020980835,6.409999847412109,6.400000095367432,6.400000095367432,12346.0
2024-10-25 15:21:00+00:00,AVDX,8.100000381469727,8.100000381469727,8.100000381469727,8.100000381469727,8.100000381469727,3338.0
2024-10-25 15:21:00+00:00,AVGO,173.72999572753906,173.72999572753906,173.8249969482422,173.6999969482422,173.7711944580078,18309.0
2024-10-25 15:21:00+00:00,AVNW,20.65999984741211,20.65999984741211,20.65999984741211,20.65999984741211,20.65999984741211,109.0
2024-10-25 15:21:00+00:00,AVT,54.125,54.125,54.125,54.125,54.125,182.0
2024-10-25 15:21:00+00:00,BAND,17.799999237060547,17.799999237060547,17.799999237060547,17.780000686645508,17.780000686645508,876.0
2024-10-25 15:21:00+00:00,BASE,16.229999542236328,16.229999542236328,16.229999542236328,16.219999313354492,16.219999313354492,1177.0
2024-10-25 15:21:00+00:00,BL,56.44499969482422,56.44499969482422,56.44499969482422,56.44499969482422,56.44499969482422,176.0
2024-10-25 15:21:00+00:00,BMBL,7.074999809265137,7.074999809265137,7.074999809265137,7.074999809265137,7.074999809265137,1091.0
2024-10-25 15:21:00+00:00,BSY,49.04999923706055,49.04999923706055,49.04999923706055,49.04999923706055,49.04999923706055,424.0
2024-10-25 15:21:00+00:00,CAMT,77.69000244140625,77.69000244140625,77.69000244140625,77.69000244140625,77.69000244140625,394.0
2024-10-25 15:21:00+00:00,CAN,0.9750000238418579,0.9750000238418579,0.9750000238418579,0.9731000065803528,0.9731000065803528,2640.0
2024-10-25 15:21:00+00:00,CDNS,257.67999267578125,257.67999267578125,257.75,257.67999267578125,257.75,1967.0
2024-10-25 15:21:00+00:00,CDW,218.0,218.0,218.0,218.0,218.0,808.0
2024-10-25 15:21:00+00:00,CETX,0.30090001225471497,0.30090001225471497,0.30090001225471497,0.30059999227523804,0.30059999227523804,12247.0
2024-10-25 15:21:00+00:00,CFLT,22.459999084472656,22.459999084472656,22.459999084472656,22.450000762939453,22.45039939880371,3790.0
2024-10-25 15:21:00+00:00,CGNX,38.82500076293945,38.82500076293945,38.83000183105469,38.81999969482422,38.81999969482422,6233.0
2024-10-25 15:21:00+00:00,CHKP,205.89500427246094,205.89500427246094,205.89500427246094,205.85499572753906,205.86500549316406,834.0
2024-10-25 15:21:00+00:00,CLBT,18.219999313354492,18.219999313354492,18.219999313354492,18.219999313354492,18.219999313354492,139.0
2024-10-25 15:21:00+00:00,CLSK,11.604000091552734,11.604000091552734,11.604999542236328,11.579999923706055,11.585000038146973,29995.0
2024-10-25 15:21:00+00:00,CMTL,3.819999933242798,3.819999933242798,3.819999933242798,3.819999933242798,3.819999933242798,443.0
2024-10-25 15:21:00+00:00,CNDT,3.5950000286102295,3.5950000286102295,3.5950000286102295,3.5799999237060547,3.5850000381469727,12189.0
2024-10-25 15:21:00+00:00,CNXC,44.459999084472656,44.459999084472656,44.459999084472656,44.459999084472656,44.459999084472656,1662.0
2024-10-25 15:21:00+00:00,COHR,95.51000213623047,95.51000213623047,95.52999877929688,95.4749984741211,95.5,1615.0
2024-10-25 15:21:00+00:00,COHU,25.969999313354492,25.969999313354492,26.010000228881836,25.969999313354492,26.010000228881836,3490.0
2024-10-25 15:21:00+00:00,COIN,205.66000366210938,205.66000366210938,205.89990234375,205.36000061035156,205.77000427246094,7212.0
2024-10-25 15:21:00+00:00,COMM,6.2270002365112305,6.2270002365112305,6.2270002365112305,6.224999904632568,6.224999904632568,888.0
2024-10-25 15:21:00+00:00,CORZ,13.274999618530273,13.274999618530273,13.279399871826172,13.270000457763672,13.274999618530273,7624.0
2024-10-25 15:21:00+00:00,CRCT,6.579999923706055,6.579999923706055,6.579999923706055,6.579999923706055,6.579999923706055,116.0
2024-10-25 15:21:00+00:00,CRDO,39.095001220703125,39.095001220703125,39.095001220703125,38.97999954223633,38.97999954223633,8988.0
2024-10-25 15:21:00+00:00,CRSR,6.324999809265137,6.324999809265137,6.324999809265137,6.324999809265137,6.324999809265137,332.0
2024-10-25 15:21:00+00:00,CRUS,122.23500061035156,122.23500061035156,122.3499984741211,122.23500061035156,122.3499984741211,630.0
2024-10-25 15:21:00+00:00,CRWD,298.30999755859375,298.30999755859375,298.6050109863281,298.1400146484375,298.6050109863281,15422.0
2024-10-25 15:21:00+00:00,CSCO,55.77000045776367,55.77000045776367,55.77000045776367,55.7599983215332,55.76499938964844,18135.0
2024-10-25 15:21:00+00:00,CSGS,47.41999816894531,47.41999816894531,47.41999816894531,47.41999816894531,47.41999816894531,1568.0
2024-10-25 15:21:00+00:00,CSIQ,13.40999984741211,13.40999984741211,13.425000190734863,13.404999732971191,13.425000190734863,4387.0
2024-10-25 15:21:00+00:00,CTLP,8.914999961853027,8.914999961853027,8.914999961853027,8.914999961853027,8.914999961853027,435.0
2024-10-25 15:21:00+00:00,CTSH,74.73999786376953,74.73999786376953,74.75,74.72000122070312,74.72000122070312,6880.0
2024-10-25 15:21:00+00:00,DAKT,13.0600004196167,13.0600004196167,13.069999694824219,13.0600004196167,13.069999694824219,585.0
2024-10-25 15:21:00+00:00,DATS,1.5801000595092773,1.5801000595092773,1.590000033378601,1.5800000429153442,1.5800000429153442,480.0
2024-10-25 15:21:00+00:00,DAVE,38.564998626708984,38.564998626708984,38.564998626708984,38.54999923706055,38.55509948730469,1812.0
2024-10-25 15:21:00+00:00,DBX,26.045000076293945,26.045000076293945,26.045000076293945,26.03499984741211,26.03499984741211,6138.0
2024-10-25 15:21:00+00:00,DDOG,126.33999633789062,126.33999633789062,126.36000061035156,126.32499694824219,126.3479995727539,4077.0
2024-10-25 15:21:00+00:00,DIOD,65.04000091552734,65.04000091552734,65.04000091552734,65.02999877929688,65.02999877929688,2529.0
2024-10-25 15:21:00+00:00,DOCU,69.01000213623047,69.01000213623047,69.01000213623047,68.93000030517578,68.93000030517578,8629.0
2024-10-25 15:21:00+00:00,DOMO,8.0649995803833,8.0649995803833,8.0649995803833,8.0649995803833,8.0649995803833,243.0
2024-10-25 15:21:00+00:00,DUOL,291.2349853515625,291.2349853515625,291.2349853515625,291.2349853515625,291.2349853515625,936.0
2024-10-25 15:21:00+00:00,EEFT,100.44999694824219,100.44999694824219,100.45999908447266,100.44999694824219,100.45999908447266,854.0
2024-10-25 15:21:00+00:00,ENPH,83.81999969482422,83.81999969482422,83.83000183105469,83.79000091552734,83.83000183105469,5348.0
2024-10-25 15:21:00+00:00,ENTG,105.05000305175781,105.05000305175781,105.09500122070312,105.02999877929688,105.04000091552734,3719.0
2024-10-25 15:21:00+00:00,ERIC,8.46500015258789,8.46500015258789,8.46500015258789,8.46500015258789,8.46500015258789,2357.0
2024-10-25 15:21:00+00:00,EXLS,38.529998779296875,38.529998779296875,38.55500030517578,38.529998779296875,38.55500030517578,817.0
2024-10-25 15:21:00+00:00,EXTR,14.369999885559082,14.369999885559082,14.369999885559082,14.350000381469727,14.354999542236328,2894.0
2024-10-25 15:21:00+00:00,FARO,17.940000534057617,17.940000534057617,17.940000534057617,17.93000030517578,17.93000030517578,1183.0
2024-10-25 15:21:00+00:00,FEIM,12.385000228881836,12.385000228881836,12.399999618530273,12.385000228881836,12.399999618530273,1371.0
2024-10-25 15:21:00+00:00,FIVN,29.885000228881836,29.885000228881836,29.885000228881836,29.885000228881836,29.885000228881836,502.0
2024-10-25 15:21:00+00:00,FLEX,35.185001373291016,35.185001373291016,35.189998626708984,35.180999755859375,35.189998626708984,3371.0
2024-10-25 15:21:00+00:00,FLYW,17.280000686645508,17.280000686645508,17.31999969482422,17.280000686645508,17.31999969482422,2767.0
2024-10-25 15:21:00+00:00,FROG,29.309999465942383,29.309999465942383,29.309999465942383,29.309999465942383,29.309999465942383,128.0
2024-10-25 15:21:00+00:00,FRSH,11.609999656677246,11.609999656677246,11.609999656677246,11.604999542236328,11.604999542236328,1798.0
2024-10-25 15:21:00+00:00,FSLR,198.27200317382812,198.27200317382812,198.27200317382812,198.27200317382812,198.27200317382812,986.0
2024-10-25 15:21:00+00:00,FTCI,0.652999997138977,0.652999997138977,0.652999997138977,0.652999997138977,0.652999997138977,1400.0
2024-10-25 15:21:00+00:00,FTNT,80.33999633789062,80.33999633789062,80.3550033569336,80.33999633789062,80.34500122070312,3966.0
2024-10-25 15:21:00+00:00,GCT,24.510000228881836,24.510000228881836,24.511999130249023,24.510000228881836,24.511999130249023,719.0
2024-10-25 15:21:00+00:00,GDS,21.359899520874023,21.359899520874023,21.359899520874023,21.344999313354492,21.344999313354492,570.0
2024-10-25 15:21:00+00:00,GDYN,15.630000114440918,15.630000114440918,15.630000114440918,15.630000114440918,15.630000114440918,795.0
2024-10-25 15:21:00+00:00,GFS,40.4900016784668,40.4900016784668,40.4900016784668,40.4900016784668,40.4900016784668,765.0
2024-10-25 15:21:00+00:00,GPRO,1.309999942779541,1.309999942779541,1.309999942779541,1.309999942779541,1.309999942779541,117.0
2024-10-25 15:21:00+00:00,GRAB,4.085000038146973,4.085000038146973,4.085000038146973,4.085000038146973,4.085000038146973,8028.0
2024-10-25 15:21:00+00:00,GRRR,4.45989990234375,4.45989990234375,4.460000038146973,4.45989990234375,4.460000038146973,360.0
2024-10-25 15:21:00+00:00,GSIT,3.4000000953674316,3.4000000953674316,3.4000000953674316,3.390000104904175,3.4000000953674316,940.0
2024-10-25 15:21:00+00:00,GTLB,54.8302001953125,54.8302001953125,54.8302001953125,54.8302001953125,54.8302001953125,310.0
2024-10-25 15:21:00+00:00,GVP,4.605000019073486,4.605000019073486,4.605000019073486,4.605000019073486,4.605000019073486,400.0
2024-10-25 15:21:00+00:00,HCKT,24.600000381469727,24.600000381469727,24.600000381469727,24.600000381469727,24.600000381469727,448.0
2024-10-25 15:21:00+00:00,HCP,33.6349983215332,33.6349983215332,33.6349983215332,33.6349983215332,33.6349983215332,904.0
2024-10-25 15:21:00+00:00,HLIT,14.800000190734863,14.800000190734863,14.800000190734863,14.800000190734863,14.800000190734863,190.0
2024-10-25 15:21:00+00:00,HOLO,3.6201000213623047,3.6201000213623047,3.632200002670288,3.6201000213623047,3.632200002670288,782.0
2024-10-25 15:21:00+00:00,HOOD,27.094999313354492,27.094999313354492,27.094999313354492,27.079700469970703,27.084999084472656,4160.0
2024-10-25 15:21:00+00:00,HTCR,1.090000033378601,1.090000033378601,1.090000033378601,1.090000033378601,1.090000033378601,112.0
2024-10-25 15:21:00+00:00,INDI,3.484999895095825,3.484999895095825,3.484999895095825,3.484999895095825,3.484999895095825,784.0
2024-10-25 15:21:00+00:00,INFN,6.769999980926514,6.769999980926514,6.769999980926514,6.769999980926514,6.769999980926514,102.0
2024-10-25 15:21:00+00:00,INOD,20.239999771118164,20.239999771118164,20.239999771118164,20.239999771118164,20.239999771118164,337.0
2024-10-25 15:21:00+00:00,INTA,50.10499954223633,50.10499954223633,50.10499954223633,50.10499954223633,50.10499954223633,925.0
2024-10-25 15:21:00+00:00,INTC,22.844999313354492,22.844999313354492,22.850000381469727,22.84000015258789,22.844999313354492,32563.0
2024-10-25 15:21:00+00:00,INTU,608.2999877929688,608.2999877929688,608.2999877929688,608.0800170898438,608.1099853515625,1772.0
2024-10-25 15:21:00+00:00,IPGP,77.08999633789062,77.08999633789062,77.08999633789062,77.08999633789062,77.08999633789062,573.0
2024-10-25 15:21:00+00:00,ITI,7.199999809265137,7.199999809265137,7.199999809265137,7.199999809265137,7.199999809265137,210.0
2024-10-25 15:21:00+00:00,KC,2.684999942779541,2.684999942779541,2.684999942779541,2.680000066757202,2.680000066757202,820.0
2024-10-25 15:21:00+00:00,KOSS,7.230000019073486,7.230000019073486,7.25,7.21999979019165,7.25,1291.0
2024-10-25 15:21:00+00:00,KVHI,4.699900150299072,4.699900150299072,4.699900150299072,4.699900150299072,4.699900150299072,270.0
2024-10-25 15:21:00+00:00,LFUS,253.91000366210938,253.91000366210938,253.91000366210938,253.91000366210938,253.91000366210938,475.0
2024-10-25 15:21:00+00:00,LINK,4.855599880218506,4.855599880218506,4.855599880218506,4.855599880218506,4.855599880218506,833.0
2024-10-25 15:21:00+00:00,LITE,64.5,64.5,64.5,64.5,64.5,816.0
2024-10-25 15:21:00+00:00,LRCX,78.30000305175781,78.30000305175781,78.30000305175781,78.25,78.27169799804688,30797.0
2024-10-25 15:21:00+00:00,LSCC,54.11000061035156,54.11000061035156,54.11000061035156,54.095001220703125,54.095001220703125,2419.0
2024-10-25 15:21:00+00:00,LTRX,4.090000152587891,4.090000152587891,4.090000152587891,4.090000152587891,4.090000152587891,127.0
2024-10-25 15:21:00+00:00,LYFT,13.470000267028809,13.470000267028809,13.479999542236328,13.364999771118164,13.369999885559082,201208.0
2024-10-25 15:21:00+00:00,MAPS,0.8299999833106995,0.8299999833106995,0.83160001039505,0.8299999833106995,0.83160001039505,11499.0
2024-10-25 15:21:00+00:00,MAXN,5.875699996948242,5.875699996948242,5.899899959564209,5.869999885559082,5.889999866485596,3505.0
2024-10-25 15:21:00+00:00,MCHP,76.66999816894531,76.66999816894531,76.69000244140625,76.66999816894531,76.68499755859375,10284.0
2024-10-25 15:21:00+00:00,MDB,267.2900085449219,267.2900085449219,267.2900085449219,267.260009765625,267.2900085449219,831.0
2024-10-25 15:21:00+00:00,MITK,8.760000228881836,8.760000228881836,8.760000228881836,8.760000228881836,8.760000228881836,193.0
2024-10-25 15:21:00+00:00,MKSI,100.95999908447266,100.95999908447266,100.95999908447266,100.95999908447266,100.95999908447266,924.0
2024-10-25 15:21:00+00:00,MOB,1.3799999952316284,1.3799999952316284,1.3799999952316284,1.3770999908447266,1.3799999952316284,12410.0
2024-10-25 15:21:00+00:00,MPWR,906.7150268554688,906.7150268554688,907.2000122070312,906.7000122070312,906.7000122070312,1677.0
2024-10-25 15:21:00+00:00,MQ,5.307499885559082,5.307499885559082,5.309999942779541,5.304999828338623,5.309999942779541,2323.0
2024-10-25 15:21:00+00:00,MRVL,81.96150207519531,81.96150207519531,81.9800033569336,81.9000015258789,81.91000366210938,10115.0
2024-10-25 15:21:00+00:00,MSFT,428.4849853515625,428.4849853515625,428.489990234375,428.3900146484375,428.3949890136719,13836.0
2024-10-25 15:21:00+00:00,MSTR,233.8800048828125,233.8800048828125,233.8800048828125,233.02999877929688,233.2899932861328,53679.0
2024-10-25 15:21:00+00:00,MTSI,121.0199966430664,121.0199966430664,121.0199966430664,120.94000244140625,120.94499969482422,2603.0
2024-10-25 15:21:00+00:00,MTTR,4.585000038146973,4.585000038146973,4.585000038146973,4.579999923706055,4.585000038146973,8956.0
2024-10-25 15:21:00+00:00,MU,108.26000213623047,108.26000213623047,108.26000213623047,108.20999908447266,108.2300033569336,8286.0
2024-10-25 15:21:00+00:00,MVIS,1.0750000476837158,1.0750000476837158,1.0750000476837158,1.0700000524520874,1.0700000524520874,16260.0
2024-10-25 15:21:00+00:00,MXL,14.699999809265137,14.699999809265137,14.710000038146973,14.6899995803833,14.704999923706055,5346.0
2024-10-25 15:21:00+00:00,NCNO,37.84000015258789,37.84000015258789,37.84000015258789,37.84000015258789,37.84000015258789,989.0
2024-10-25 15:21:00+00:00,NICE,174.80999755859375,174.80999755859375,174.80999755859375,174.72999572753906,174.72999572753906,2745.0
2024-10-25 15:21:00+00:00,NTAP,119.80999755859375,119.80999755859375,119.8239974975586,119.80999755859375,119.80999755859375,1025.0
2024-10-25 15:21:00+00:00,NTGR,20.290000915527344,20.290000915527344,20.290000915527344,20.290000915527344,20.290000915527344,382.0
2024-10-25 15:21:00+00:00,NTNX,61.779998779296875,61.779998779296875,61.79999923706055,61.779998779296875,61.79999923706055,937.0
2024-10-25 15:21:00+00:00,NVDA,141.95399475097656,141.95399475097656,141.97999572753906,141.86839294433594,141.86839294433594,185733.0
2024-10-25 15:21:00+00:00,NXPI,243.60000610351562,243.60000610351562,243.61000061035156,243.52499389648438,243.52499389648438,1239.0
2024-10-25 15:21:00+00:00,OKTA,72.2300033569336,72.2300033569336,72.25,72.22599792480469,72.23100280761719,937.0
2024-10-25 15:21:00+00:00,ON,71.26000213623047,71.26000213623047,71.2699966430664,71.20999908447266,71.22000122070312,9015.0
2024-10-25 15:21:00+00:00,OTEX,33.2400016784668,33.2400016784668,33.2400016784668,33.2400016784668,33.2400016784668,153.0
2024-10-25 15:21:00+00:00,PANW,366.2950134277344,366.2950134277344,366.4360046386719,366.2950134277344,366.4360046386719,696.0
2024-10-25 15:21:00+00:00,PAYO,8.345000267028809,8.345000267028809,8.345000267028809,8.345000267028809,8.345000267028809,1447.0
2024-10-25 15:21:00+00:00,PCTY,173.60499572753906,173.60499572753906,173.60499572753906,173.60499572753906,173.60499572753906,1465.0
2024-10-25 15:21:00+00:00,PEGA,79.36000061035156,79.36000061035156,79.37899780273438,79.1500015258789,79.18000030517578,12818.0
2024-10-25 15:21:00+00:00,PEGY,4.793000221252441,4.793000221252441,4.793000221252441,4.793000221252441,4.793000221252441,154.0
2024-10-25 15:21:00+00:00,PGY,11.9399995803833,11.9399995803833,11.9399995803833,11.930000305175781,11.930000305175781,1546.0
2024-10-25 15:21:00+00:00,PHUN,10.310199737548828,10.310199737548828,10.34000015258789,10.300000190734863,10.34000015258789,10047.0
2024-10-25 15:21:00+00:00,PI,201.5,201.5,201.5,201.5,201.5,484.0
2024-10-25 15:21:00+00:00,PLUS,98.1500015258789,98.1500015258789,98.1500015258789,98.04000091552734,98.04000091552734,733.0
2024-10-25 15:21:00+00:00,PLXS,141.52499389648438,141.52499389648438,141.52499389648438,141.5,141.5,759.0
2024-10-25 15:21:00+00:00,POWI,63.29999923706055,63.29999923706055,63.29999923706055,63.29999923706055,63.29999923706055,2145.0
2024-10-25 15:21:00+00:00,PRGS,64.62999725341797,64.62999725341797,64.62999725341797,64.62999725341797,64.62999725341797,645.0
2024-10-25 15:21:00+00:00,PTC,187.14999389648438,187.14999389648438,187.19000244140625,187.14999389648438,187.19000244140625,3564.0
2024-10-25 15:21:00+00:00,PUBM,14.75,14.75,14.75,14.75,14.75,390.0
2024-10-25 15:21:00+00:00,PYCR,14.335000038146973,14.335000038146973,14.335000038146973,14.335000038146973,14.335000038146973,812.0
2024-10-25 15:21:00+00:00,QCOM,170.7100067138672,170.7100067138672,170.73500061035156,170.69000244140625,170.69000244140625,4683.0
2024-10-25 15:21:00+00:00,QRVO,99.72000122070312,99.72000122070312,99.72000122070312,99.72000122070312,99.72000122070312,576.0
2024-10-25 15:21:00+00:00,QUBT,1.0799000263214111,1.0799000263214111,1.0799000263214111,1.0799000263214111,1.0799000263214111,249.0
2024-10-25 15:21:00+00:00,RDWR,22.34000015258789,22.34000015258789,22.34000015258789,22.329999923706055,22.329999923706055,749.0
2024-10-25 15:21:00+00:00,REKR,1.0850000381469727,1.0850000381469727,1.0850000381469727,1.0850000381469727,1.0850000381469727,437.0
2024-10-25 15:21:00+00:00,RELY,14.895000457763672,14.895000457763672,14.895000457763672,14.890000343322754,14.894000053405762,1911.0
2024-10-25 15:21:00+00:00,RGTI,1.2200000286102295,1.2200000286102295,1.2300000190734863,1.2200000286102295,1.2259000539779663,731.0
2024-10-25 15:21:00+00:00,RIOT,9.753999710083008,9.753999710083008,9.755000114440918,9.729999542236328,9.734999656677246,28167.0
2024-10-25 15:21:00+00:00,RMBS,43.43000030517578,43.43000030517578,43.43000030517578,43.415000915527344,43.415000915527344,1450.0
2024-10-25 15:21:00+00:00,RMNI,1.715000033378601,1.715000033378601,1.7200000286102295,1.715000033378601,1.7200000286102295,1439.0
2024-10-25 15:21:00+00:00,RPAY,7.744999885559082,7.744999885559082,7.744999885559082,7.744999885559082,7.744999885559082,444.0
2024-10-25 15:21:00+00:00,RUN,14.404000282287598,14.404000282287598,14.40999984741211,14.399999618530273,14.404999732971191,5143.0
2024-10-25 15:21:00+00:00,SANM,67.625,67.625,67.625,67.625,67.625,434.0
2024-10-25 15:21:00+00:00,SATS,25.200000762939453,25.200000762939453,25.200000762939453,25.184999465942383,25.184999465942383,550.0
2024-10-25 15:21:00+00:00,SEDG,16.038000106811523,16.038000106811523,16.049999237060547,16.020000457763672,16.040000915527344,10736.0
2024-10-25 15:21:00+00:00,SHLS,5.239999771118164,5.239999771118164,5.244999885559082,5.239999771118164,5.244999885559082,1425.0
2024-10-25 15:21:00+00:00,SIMO,56.23500061035156,56.23500061035156,56.23500061035156,56.220001220703125,56.220001220703125,1156.0
2024-10-25 15:21:00+00:00,SITM,178.60000610351562,178.60000610351562,178.60000610351562,178.60000610351562,178.60000610351562,786.0
2024-10-25 15:21:00+00:00,SKYT,10.529999732971191,10.529999732971191,10.532099723815918,10.520000457763672,10.532099723815918,3805.0
2024-10-25 15:21:00+00:00,SLAB,113.80999755859375,113.80999755859375,113.80999755859375,113.76000213623047,113.76000213623047,576.0
2024-10-25 15:21:00+00:00,SMCI,47.42499923706055,47.42499923706055,47.470001220703125,47.41999816894531,47.46500015258789,22627.0
2024-10-25 15:21:00+00:00,SMTC,45.51499938964844,45.51499938964844,45.51499938964844,45.51499938964844,45.51499938964844,756.0
2024-10-25 15:21:00+00:00,SNPS,501.8500061035156,501.8500061035156,502.17999267578125,501.8500061035156,502.17999267578125,1289.0
2024-10-25 15:21:00+00:00,SONO,12.6850004196167,12.6850004196167,12.6850004196167,12.6850004196167,12.6850004196167,228.0
2024-10-25 15:21:00+00:00,SOUN,5.179999828338623,5.179999828338623,5.179999828338623,5.175000190734863,5.175000190734863,8222.0
2024-10-25 15:21:00+00:00,SPSC,170.5800018310547,170.5800018310547,170.5800018310547,170.5800018310547,170.5800018310547,460.0
2024-10-25 15:21:00+00:00,SPT,26.875,26.875,26.920000076293945,26.850000381469727,26.920000076293945,3450.0
2024-10-25 15:21:00+00:00,SRAD,12.3100004196167,12.3100004196167,12.3100004196167,12.303999900817871,12.305000305175781,3503.0
2024-10-25 15:21:00+00:00,SSNC,70.08000183105469,70.08000183105469,70.10990142822266,70.08000183105469,70.1050033569336,18021.0
2024-10-25 15:21:00+00:00,SSYS,7.010000228881836,7.010000228881836,7.019999980926514,7.010000228881836,7.019999980926514,3424.0
2024-10-25 15:21:00+00:00,STNE,11.53499984741211,11.53499984741211,11.53499984741211,11.53499984741211,11.53499984741211,1138.0
2024-10-25 15:21:00+00:00,STX,103.55500030517578,103.55500030517578,103.55999755859375,103.55500030517578,103.55500030517578,1460.0
2024-10-25 15:21:00+00:00,SWKS,95.77999877929688,95.77999877929688,95.77999877929688,95.77999877929688,95.77999877929688,931.0
2024-10-25 15:21:00+00:00,SYNA,72.37999725341797,72.37999725341797,72.37999725341797,72.37999725341797,72.37999725341797,317.0
2024-10-25 15:21:00+00:00,TEAM,189.25,189.25,189.25,189.1649932861328,189.2010040283203,1939.0
2024-10-25 15:21:00+00:00,TENB,41.689998626708984,41.689998626708984,41.689998626708984,41.66999816894531,41.68000030517578,1538.0
2024-10-25 15:21:00+00:00,TER,112.18000030517578,112.18000030517578,112.18000030517578,112.0999984741211,112.0999984741211,3479.0
2024-10-25 15:21:00+00:00,TLS,3.575000047683716,3.575000047683716,3.575000047683716,3.575000047683716,3.575000047683716,1194.0
2024-10-25 15:21:00+00:00,TRMB,60.93000030517578,60.93000030517578,60.93000030517578,60.92499923706055,60.92499923706055,1161.0
2024-10-25 15:21:00+00:00,TSEM,44.66999816894531,44.66999816894531,44.68989944458008,44.65999984741211,44.65999984741211,1364.0
2024-10-25 15:21:00+00:00,TTD,119.13500213623047,119.13500213623047,119.13999938964844,119.08999633789062,119.12000274658203,10090.0
2024-10-25 15:21:00+00:00,TTMI,19.729999542236328,19.729999542236328,19.739999771118164,19.729999542236328,19.739999771118164,258.0
2024-10-25 15:21:00+00:00,TWKS,4.449999809265137,4.449999809265137,4.449999809265137,4.440000057220459,4.445000171661377,1944.0
2024-10-25 15:21:00+00:00,TXN,207.30999755859375,207.30999755859375,207.32000732421875,207.27999877929688,207.32000732421875,2897.0
2024-10-25 15:21:00+00:00,UCTT,35.78499984741211,35.78499984741211,35.78499984741211,35.779998779296875,35.779998779296875,868.0
2024-10-25 15:21:00+00:00,UEIC,8.050000190734863,8.050000190734863,8.050000190734863,8.039999961853027,8.039999961853027,1160.0
2024-10-25 15:21:00+00:00,UPLD,2.130000114440918,2.130000114440918,2.134999990463257,2.130000114440918,2.134999990463257,320.0
2024-10-25 15:21:00+00:00,VECO,29.350000381469727,29.350000381469727,29.350000381469727,29.350000381469727,29.350000381469727,1961.0
2024-10-25 15:21:00+00:00,VERX,41.90999984741211,41.90999984741211,41.90999984741211,41.880001068115234,41.880001068115234,627.0
2024-10-25 15:21:00+00:00,VICR,46.7599983215332,46.7599983215332,46.7599983215332,46.7599983215332,46.7599983215332,459.0
2024-10-25 15:21:00+00:00,VMEO,4.760000228881836,4.760000228881836,4.760000228881836,4.760000228881836,4.760000228881836,637.0
2024-10-25 15:21:00+00:00,VNET,3.375,3.375,3.375,3.375,3.375,200.0
2024-10-25 15:21:00+00:00,VRNS,56.7599983215332,56.7599983215332,56.7599983215332,56.7400016784668,56.7400016784668,2049.0
2024-10-25 15:21:00+00:00,VRNT,21.860000610351562,21.860000610351562,21.860000610351562,21.860000610351562,21.860000610351562,143.0
2024-10-25 15:21:00+00:00,VRSN,181.69000244140625,181.69000244140625,181.89999389648438,181.69000244140625,181.8800048828125,3293.0
2024-10-25 15:21:00+00:00,VSAT,10.225000381469727,10.225000381469727,10.236000061035156,10.225000381469727,10.234999656677246,1273.0
2024-10-25 15:21:00+00:00,VUZI,1.2799999713897705,1.2799999713897705,1.2799999713897705,1.2799999713897705,1.2799999713897705,398.0
2024-10-25 15:21:00+00:00,WALD,3.490000009536743,3.490000009536743,3.490000009536743,3.490000009536743,3.490000009536743,300.0
2024-10-25 15:21:00+00:00,WATT,0.5835000276565552,0.5835000276565552,0.5899999737739563,0.5835000276565552,0.5899999737739563,13693.0
2024-10-25 15:21:00+00:00,WDAY,238.3249969482422,238.3249969482422,238.3249969482422,238.22999572753906,238.31500244140625,1296.0
2024-10-25 15:21:00+00:00,WDC,70.22000122070312,70.22000122070312,70.22000122070312,70.0999984741211,70.15499877929688,19251.0
2024-10-25 15:21:00+00:00,XRX,9.994999885559082,9.994999885559082,9.994999885559082,9.994999885559082,9.994999885559082,746.0
2024-10-25 15:21:00+00:00,ZBRA,361.4150085449219,361.4150085449219,361.4150085449219,361.3699951171875,361.3699951171875,1293.0
2024-10-25 15:21:00+00:00,ZI,10.479999542236328,10.479999542236328,10.479999542236328,10.475000381469727,10.475000381469727,2847.0
2024-10-25 15:21:00+00:00,ZM,72.88999938964844,72.88999938964844,72.94000244140625,72.87999725341797,72.94000244140625,11635.0
2024-10-25 15:21:00+00:00,ZS,184.83999633789062,184.83999633789062,184.83999633789062,184.83999633789062,184.83999633789062,908.0
2024-10-25 15:22:00+00:00,AAOI,17.604999542236328,17.604999542236328,17.610000610351562,17.56999969482422,17.56999969482422,3347.0
2024-10-25 15:22:00+00:00,AAPL,231.5449981689453,231.5449981689453,231.61599731445312,231.52999877929688,231.61000061035156,243825.0
2024-10-25 15:22:00+00:00,ACIW,48.81999969482422,48.81999969482422,48.84000015258789,48.81999969482422,48.84000015258789,1272.0
2024-10-25 15:22:00+00:00,ACMR,19.604999542236328,19.604999542236328,19.604999542236328,19.601999282836914,19.604999542236328,1044.0
2024-10-25 15:22:00+00:00,ADBE,482.9119873046875,482.9119873046875,482.9119873046875,482.80999755859375,482.9100036621094,2194.0
2024-10-25 15:22:00+00:00,ADI,230.99249267578125,230.99249267578125,230.99249267578125,230.97999572753906,230.97999572753906,1048.0
2024-10-25 15:22:00+00:00,ADSK,286.4200134277344,286.4200134277344,286.4200134277344,286.4200134277344,286.4200134277344,556.0
2024-10-25 15:22:00+00:00,AEHR,16.93000030517578,16.93000030517578,16.941999435424805,16.93000030517578,16.93000030517578,3635.0
2024-10-25 15:22:00+00:00,AEYE,22.579999923706055,22.579999923706055,22.579999923706055,22.579999923706055,22.579999923706055,482.0
2024-10-25 15:22:00+00:00,AFRM,41.244998931884766,41.244998931884766,41.259700775146484,41.220001220703125,41.220001220703125,5830.0
2024-10-25 15:22:00+00:00,AKTS,0.05999999865889549,0.05999999865889549,0.05999999865889549,0.05999999865889549,0.05999999865889549,7400.0
2024-10-25 15:22:00+00:00,ALGM,23.18000030517578,23.18000030517578,23.189699172973633,23.174999237060547,23.174999237060547,3787.0
2024-10-25 15:22:00+00:00,ALRM,54.380001068115234,54.380001068115234,54.40250015258789,54.380001068115234,54.40250015258789,1590.0
2024-10-25 15:22:00+00:00,ALTR,103.87000274658203,103.87000274658203,103.94999694824219,103.87000274658203,103.94999694824219,497.0
2024-10-25 15:22:00+00:00,AMAT,187.0800018310547,187.0800018310547,187.27999877929688,187.02000427246094,187.24000549316406,7008.0
2024-10-25 15:22:00+00:00,AMBA,57.86000061035156,57.86000061035156,57.880001068115234,57.847999572753906,57.880001068115234,474.0
2024-10-25 15:22:00+00:00,AMD,156.22000122070312,156.22000122070312,156.2799072265625,156.16000366210938,156.25999450683594,39657.0
2024-10-25 15:22:00+00:00,AMKR,30.0,30.0,30.0049991607666,30.0,30.0,2365.0
2024-10-25 15:22:00+00:00,ANSS,323.364990234375,323.364990234375,323.385009765625,323.364990234375,323.385009765625,725.0
2024-10-25 15:22:00+00:00,AOSL,36.23400115966797,36.23400115966797,36.23400115966797,36.23400115966797,36.23400115966797,1450.0
2024-10-25 15:22:00+00:00,API,2.875,2.875,2.890000104904175,2.875,2.884999990463257,17464.0
2024-10-25 15:22:00+00:00,APP,161.44000244140625,161.44000244140625,161.4600067138672,161.39999389648438,161.39999389648438,1930.0
2024-10-25 15:22:00+00:00,APPN,32.172000885009766,32.172000885009766,32.185001373291016,32.16999816894531,32.185001373291016,1064.0
2024-10-25 15:22:00+00:00,APPS,3.069999933242798,3.069999933242798,3.0701000690460205,3.069999933242798,3.0701000690460205,2085.0
2024-10-25 15:22:00+00:00,ARBE,1.8450000286102295,1.8450000286102295,1.850000023841858,1.8450000286102295,1.850000023841858,200.0
2024-10-25 15:22:00+00:00,ARQQ,7.090000152587891,7.090000152587891,7.090000152587891,7.090000152587891,7.090000152587891,215.0
2024-10-25 15:22:00+00:00,ARRY,6.440000057220459,6.440000057220459,6.460000038146973,6.440000057220459,6.449900150299072,35861.0
2024-10-25 15:22:00+00:00,ASML,714.5399780273438,714.5399780273438,714.5399780273438,714.5399780273438,714.5399780273438,2648.0
2024-10-25 15:22:00+00:00,ASNS,1.2999999523162842,1.2999999523162842,1.2999999523162842,1.2999999523162842,1.2999999523162842,601.0
2024-10-25 15:22:00+00:00,ASUR,9.600000381469727,9.600000381469727,9.600000381469727,9.600000381469727,9.600000381469727,673.0
2024-10-25 15:22:00+00:00,AUR,6.40500020980835,6.40500020980835,6.40500020980835,6.40500020980835,6.40500020980835,2200.0
2024-10-25 15:22:00+00:00,AUUD,0.6330999732017517,0.6330999732017517,0.6330999732017517,0.6330999732017517,0.6330999732017517,521.0
2024-10-25 15:22:00+00:00,AVDX,8.100000381469727,8.100000381469727,8.100000381469727,8.100000381469727,8.100000381469727,7804.0
2024-10-25 15:22:00+00:00,AVGO,173.79750061035156,173.79750061035156,173.83999633789062,173.75,173.75,16949.0
2024-10-25 15:22:00+00:00,AVNW,20.68000030517578,20.68000030517578,20.68000030517578,20.68000030517578,20.68000030517578,602.0
2024-10-25 15:22:00+00:00,AVPT,11.904999732971191,11.904999732971191,11.90999984741211,11.904999732971191,11.90999984741211,771.0
2024-10-25 15:22:00+00:00,AVT,54.119998931884766,54.119998931884766,54.130001068115234,54.119998931884766,54.130001068115234,2268.0
2024-10-25 15:22:00+00:00,BAND,17.809999465942383,17.809999465942383,17.809999465942383,17.809999465942383,17.809999465942383,570.0
2024-10-25 15:22:00+00:00,BIGC,5.260300159454346,5.260300159454346,5.264999866485596,5.260300159454346,5.264999866485596,1704.0
2024-10-25 15:22:00+00:00,BL,56.400001525878906,56.400001525878906,56.43000030517578,56.400001525878906,56.43000030517578,704.0
2024-10-25 15:22:00+00:00,BMBL,7.074999809265137,7.074999809265137,7.074999809265137,7.074999809265137,7.074999809265137,528.0
2024-10-25 15:22:00+00:00,BRZE,30.530000686645508,30.530000686645508,30.530000686645508,30.530000686645508,30.530000686645508,388.0
2024-10-25 15:22:00+00:00,BSY,49.06999969482422,49.06999969482422,49.06999969482422,49.04999923706055,49.04999923706055,3397.0
2024-10-25 15:22:00+00:00,CAN,0.9728000164031982,0.9728000164031982,0.9728000164031982,0.9728000164031982,0.9728000164031982,484.0
2024-10-25 15:22:00+00:00,CCSI,20.170000076293945,20.170000076293945,20.170000076293945,20.170000076293945,20.170000076293945,723.0
2024-10-25 15:22:00+00:00,CDNS,257.69000244140625,257.69000244140625,257.69000244140625,257.69000244140625,257.69000244140625,621.0
2024-10-25 15:22:00+00:00,CDW,217.8699951171875,217.8699951171875,217.94000244140625,217.85000610351562,217.94000244140625,1451.0
2024-10-25 15:22:00+00:00,CETX,0.30090001225471497,0.30090001225471497,0.30090001225471497,0.30090001225471497,0.30090001225471497,1360.0
2024-10-25 15:22:00+00:00,CFLT,22.450000762939453,22.450000762939453,22.450000762939453,22.450000762939453,22.450000762939453,1116.0
2024-10-25 15:22:00+00:00,CGNX,38.814998626708984,38.814998626708984,38.82500076293945,38.814998626708984,38.82500076293945,3507.0
2024-10-25 15:22:00+00:00,CHKP,205.875,205.875,205.9199981689453,205.875,205.9199981689453,254.0
2024-10-25 15:22:00+00:00,CLBT,18.225000381469727,18.225000381469727,18.225000381469727,18.219999313354492,18.219999313354492,1756.0
2024-10-25 15:22:00+00:00,CLSK,11.595000267028809,11.595000267028809,11.618300437927246,11.583900451660156,11.600099563598633,65797.0
2024-10-25 15:22:00+00:00,CNDT,3.5950000286102295,3.5950000286102295,3.5950000286102295,3.5950000286102295,3.5950000286102295,2464.0
2024-10-25 15:22:00+00:00,COHR,95.58999633789062,95.58999633789062,95.5999984741211,95.50499725341797,95.50499725341797,4234.0
2024-10-25 15:22:00+00:00,COIN,205.6199951171875,205.6199951171875,205.91000366210938,205.6199951171875,205.77000427246094,9097.0
2024-10-25 15:22:00+00:00,COMM,6.236000061035156,6.236000061035156,6.236000061035156,6.230000019073486,6.230000019073486,6385.0
2024-10-25 15:22:00+00:00,CORZ,13.274999618530273,13.274999618530273,13.278300285339355,13.270000457763672,13.274999618530273,5763.0
2024-10-25 15:22:00+00:00,CRCT,6.574999809265137,6.574999809265137,6.574999809265137,6.574999809265137,6.574999809265137,940.0
2024-10-25 15:22:00+00:00,CRDO,39.09000015258789,39.09000015258789,39.099998474121094,39.08000183105469,39.099998474121094,1941.0
2024-10-25 15:22:00+00:00,CRNC,2.934999942779541,2.934999942779541,2.934999942779541,2.934999942779541,2.934999942779541,278.0
2024-10-25 15:22:00+00:00,CRUS,122.25,122.25,122.33000183105469,122.25,122.33000183105469,808.0
2024-10-25 15:22:00+00:00,CRWD,298.2450866699219,298.2450866699219,298.5556945800781,298.2450866699219,298.3399963378906,6514.0
2024-10-25 15:22:00+00:00,CSCO,55.744998931884766,55.744998931884766,55.7599983215332,55.74039840698242,55.755001068115234,9725.0
2024-10-25 15:22:00+00:00,CSGS,47.38999938964844,47.38999938964844,47.38999938964844,47.38999938964844,47.38999938964844,1465.0
2024-10-25 15:22:00+00:00,CSIQ,13.425000190734863,13.425000190734863,13.425000190734863,13.416000366210938,13.416000366210938,3498.0
2024-10-25 15:22:00+00:00,CTSH,74.70069885253906,74.70069885253906,74.73999786376953,74.69999694824219,74.7300033569336,4092.0
2024-10-25 15:22:00+00:00,CYBR,290.42498779296875,290.42498779296875,290.42498779296875,290.42498779296875,290.42498779296875,1153.0
2024-10-25 15:22:00+00:00,DATS,1.5801000595092773,1.5801000595092773,1.5801000595092773,1.5801000595092773,1.5801000595092773,100.0
2024-10-25 15:22:00+00:00,DBX,26.045000076293945,26.045000076293945,26.045000076293945,26.045000076293945,26.045000076293945,1844.0
2024-10-25 15:22:00+00:00,DDOG,126.31999969482422,126.31999969482422,126.3499984741211,126.31999969482422,126.33999633789062,1749.0
2024-10-25 15:22:00+00:00,DGHI,1.4989999532699585,1.4989999532699585,1.4989999532699585,1.4989999532699585,1.4989999532699585,201.0
2024-10-25 15:22:00+00:00,DIOD,65.08499908447266,65.08499908447266,65.08499908447266,65.08499908447266,65.08499908447266,231.0
2024-10-25 15:22:00+00:00,DOCU,69.01499938964844,69.01499938964844,69.02999877929688,69.00499725341797,69.00499725341797,6052.0
2024-10-25 15:22:00+00:00,DOMO,8.0649995803833,8.0649995803833,8.0649995803833,8.0649995803833,8.0649995803833,260.0
2024-10-25 15:22:00+00:00,DOX,88.94999694824219,88.94999694824219,88.94999694824219,88.94999694824219,88.94999694824219,782.0
2024-10-25 15:22:00+00:00,EEFT,100.37999725341797,100.37999725341797,100.41000366210938,100.37999725341797,100.41000366210938,2580.0
2024-10-25 15:22:00+00:00,ENPH,83.82749938964844,83.82749938964844,83.87999725341797,83.80000305175781,83.82499694824219,5813.0
2024-10-25 15:22:00+00:00,ENTG,104.98500061035156,104.98500061035156,105.06500244140625,104.97000122070312,105.06500244140625,2291.0
2024-10-25 15:22:00+00:00,ERIC,8.46500015258789,8.46500015258789,8.46500015258789,8.46500015258789,8.46500015258789,7992.0
2024-10-25 15:22:00+00:00,EXFY,1.725000023841858,1.725000023841858,1.725000023841858,1.725000023841858,1.725000023841858,194.0
2024-10-25 15:22:00+00:00,EXTR,14.364999771118164,14.364999771118164,14.364999771118164,14.364999771118164,14.364999771118164,980.0
2024-10-25 15:22:00+00:00,FFIV,216.36500549316406,216.36500549316406,216.47999572753906,216.32000732421875,216.3350067138672,1383.0
2024-10-25 15:22:00+00:00,FIVN,29.8700008392334,29.8700008392334,29.885000228881836,29.8700008392334,29.885000228881836,2725.0
2024-10-25 15:22:00+00:00,FLEX,35.14500045776367,35.14500045776367,35.18600082397461,35.14500045776367,35.185001373291016,3165.0
2024-10-25 15:22:00+00:00,FLYW,17.280000686645508,17.280000686645508,17.290000915527344,17.280000686645508,17.280000686645508,1378.0
2024-10-25 15:22:00+00:00,FROG,29.299999237060547,29.299999237060547,29.299999237060547,29.290000915527344,29.290000915527344,311.0
2024-10-25 15:22:00+00:00,FRSH,11.604999542236328,11.604999542236328,11.604999542236328,11.604999542236328,11.604999542236328,2405.0
2024-10-25 15:22:00+00:00,FSLR,198.35499572753906,198.35499572753906,198.4499969482422,198.3300018310547,198.39999389648438,1679.0
2024-10-25 15:22:00+00:00,FTCI,0.652999997138977,0.652999997138977,0.652999997138977,0.652999997138977,0.652999997138977,0.0
2024-10-25 15:22:00+00:00,FTNT,80.36000061035156,80.36000061035156,80.37000274658203,80.33000183105469,80.33999633789062,8189.0
2024-10-25 15:22:00+00:00,GCT,24.520000457763672,24.520000457763672,24.520000457763672,24.520000457763672,24.520000457763672,1527.0
2024-10-25 15:22:00+00:00,GDS,21.344999313354492,21.344999313354492,21.350000381469727,21.344999313354492,21.350000381469727,1053.0
2024-10-25 15:22:00+00:00,GFS,40.4900016784668,40.4900016784668,40.5099983215332,40.4900016784668,40.5,1253.0
2024-10-25 15:22:00+00:00,GRAB,4.085000038146973,4.085000038146973,4.085000038146973,4.079999923706055,4.085000038146973,7229.0
2024-10-25 15:22:00+00:00,GRRR,4.457099914550781,4.457099914550781,4.460000038146973,4.457099914550781,4.460000038146973,642.0
2024-10-25 15:22:00+00:00,GSIT,3.4019999504089355,3.4019999504089355,3.4019999504089355,3.3986001014709473,3.3986001014709473,2262.0
2024-10-25 15:22:00+00:00,GTLB,54.790000915527344,54.790000915527344,54.849998474121094,54.790000915527344,54.849998474121094,1492.0
2024-10-25 15:22:00+00:00,HCKT,24.579999923706055,24.579999923706055,24.579999923706055,24.579999923706055,24.579999923706055,558.0
2024-10-25 15:22:00+00:00,HCP,33.6349983215332,33.6349983215332,33.6349983215332,33.6349983215332,33.6349983215332,1140.0
2024-10-25 15:22:00+00:00,HLIT,14.795000076293945,14.795000076293945,14.795000076293945,14.7947998046875,14.7947998046875,303.0
2024-10-25 15:22:00+00:00,HOLO,3.635999917984009,3.635999917984009,3.635999917984009,3.625699996948242,3.625699996948242,2834.0
2024-10-25 15:22:00+00:00,HOOD,27.0802001953125,27.0802001953125,27.100000381469727,27.0802001953125,27.094999313354492,20567.0
2024-10-25 15:22:00+00:00,ICHR,27.540000915527344,27.540000915527344,27.540000915527344,27.540000915527344,27.540000915527344,924.0
2024-10-25 15:22:00+00:00,IIIV,22.905000686645508,22.905000686645508,22.905000686645508,22.905000686645508,22.905000686645508,311.0
2024-10-25 15:22:00+00:00,IMMR,8.670000076293945,8.670000076293945,8.670000076293945,8.670000076293945,8.670000076293945,3358.0
2024-10-25 15:22:00+00:00,INDI,3.4800000190734863,3.4800000190734863,3.489500045776367,3.4800000190734863,3.484999895095825,2809.0
2024-10-25 15:22:00+00:00,INFN,6.769999980926514,6.769999980926514,6.769999980926514,6.769999980926514,6.769999980926514,384.0
2024-10-25 15:22:00+00:00,INOD,20.170000076293945,20.170000076293945,20.22010040283203,20.170000076293945,20.22010040283203,1743.0
2024-10-25 15:22:00+00:00,INTC,22.844999313354492,22.844999313354492,22.850000381469727,22.84000015258789,22.844999313354492,50104.0
2024-10-25 15:22:00+00:00,INTU,608.1199951171875,608.1199951171875,608.1400146484375,608.1199951171875,608.1400146484375,743.0
2024-10-25 15:22:00+00:00,IPGP,77.12000274658203,77.12000274658203,77.12000274658203,77.12000274658203,77.12000274658203,244.0
2024-10-25 15:22:00+00:00,ITI,7.199999809265137,7.199999809265137,7.199999809265137,7.199999809265137,7.199999809265137,502.0
2024-10-25 15:22:00+00:00,ITRI,102.38999938964844,102.38999938964844,102.50499725341797,102.38999938964844,102.45999908447266,1484.0
2024-10-25 15:22:00+00:00,JAMF,16.815000534057617,16.815000534057617,16.815000534057617,16.815000534057617,16.815000534057617,527.0
2024-10-25 15:22:00+00:00,JKHY,182.80999755859375,182.80999755859375,182.80999755859375,182.8000030517578,182.80999755859375,909.0
2024-10-25 15:22:00+00:00,KARO,40.154998779296875,40.154998779296875,40.16999816894531,40.154998779296875,40.16999816894531,450.0
2024-10-25 15:22:00+00:00,KC,2.684999942779541,2.684999942779541,2.684999942779541,2.680000066757202,2.684999942779541,1494.0
2024-10-25 15:22:00+00:00,KLAC,676.0499877929688,676.0499877929688,676.3599853515625,676.0499877929688,676.3599853515625,1655.0
2024-10-25 15:22:00+00:00,KLTR,1.3250000476837158,1.3250000476837158,1.3300000429153442,1.3250000476837158,1.3300000429153442,4735.0
2024-10-25 15:22:00+00:00,KPLT,8.760000228881836,8.760000228881836,8.859999656677246,8.630000114440918,8.654999732971191,3918.0
2024-10-25 15:22:00+00:00,LASR,10.420000076293945,10.420000076293945,10.420000076293945,10.420000076293945,10.420000076293945,724.0
2024-10-25 15:22:00+00:00,LINK,4.849999904632568,4.849999904632568,4.849999904632568,4.849999904632568,4.849999904632568,200.0
2024-10-25 15:22:00+00:00,LITE,64.5199966430664,64.5199966430664,64.5199966430664,64.5199966430664,64.5199966430664,359.0
2024-10-25 15:22:00+00:00,LOGI,80.83999633789062,80.83999633789062,80.83999633789062,80.83999633789062,80.83999633789062,572.0
2024-10-25 15:22:00+00:00,LRCX,78.21499633789062,78.21499633789062,78.31999969482422,78.19999694824219,78.30000305175781,27299.0
2024-10-25 15:22:00+00:00,LSCC,54.099998474121094,54.099998474121094,54.119998931884766,54.09000015258789,54.1150016784668,4632.0
2024-10-25 15:22:00+00:00,LTRX,4.090000152587891,4.090000152587891,4.090000152587891,4.090000152587891,4.090000152587891,735.0
2024-10-25 15:22:00+00:00,LYFT,13.470000267028809,13.470000267028809,13.479999542236328,13.449999809265137,13.460000038146973,69327.0
2024-10-25 15:22:00+00:00,MANH,275.8699951171875,275.8699951171875,275.8699951171875,275.8699951171875,275.8699951171875,296.0
2024-10-25 15:22:00+00:00,MAPS,0.8312000036239624,0.8312000036239624,0.8314999938011169,0.8299999833106995,0.8299999833106995,4476.0
2024-10-25 15:22:00+00:00,MAXN,5.873000144958496,5.873000144958496,5.873000144958496,5.873000144958496,5.873000144958496,607.0
2024-10-25 15:22:00+00:00,MCHP,76.66000366210938,76.66000366210938,76.69000244140625,76.66000366210938,76.68000030517578,5147.0
2024-10-25 15:22:00+00:00,MDB,267.2699890136719,267.2699890136719,267.42999267578125,267.1300048828125,267.2950134277344,2560.0
2024-10-25 15:22:00+00:00,MITK,8.760000228881836,8.760000228881836,8.770000457763672,8.760000228881836,8.760000228881836,2379.0
2024-10-25 15:22:00+00:00,MKSI,101.01000213623047,101.01000213623047,101.01000213623047,100.97000122070312,100.9800033569336,1363.0
2024-10-25 15:22:00+00:00,MOB,1.3799999952316284,1.3799999952316284,1.3799999952316284,1.3799999952316284,1.3799999952316284,0.0
2024-10-25 15:22:00+00:00,MPWR,907.72802734375,907.72802734375,907.72802734375,907.0,907.47998046875,1981.0
2024-10-25 15:22:00+00:00,MQ,5.309999942779541,5.309999942779541,5.309999942779541,5.304999828338623,5.304999828338623,1891.0
2024-10-25 15:22:00+00:00,MRAM,6.349999904632568,6.349999904632568,6.349999904632568,6.349999904632568,6.349999904632568,806.0
2024-10-25 15:22:00+00:00,MRVL,81.96499633789062,81.96499633789062,81.9800033569336,81.94999694824219,81.95999908447266,7818.0
2024-10-25 15:22:00+00:00,MSFT,428.3900146484375,428.3900146484375,428.4700012207031,428.2799987792969,428.4599914550781,13762.0
2024-10-25 15:22:00+00:00,MSTR,233.6999969482422,233.6999969482422,234.10000610351562,233.57000732421875,233.89999389648438,21648.0
2024-10-25 15:22:00+00:00,MTSI,121.04000091552734,121.04000091552734,121.16500091552734,121.04000091552734,121.16500091552734,3213.0
2024-10-25 15:22:00+00:00,MTTR,4.585000038146973,4.585000038146973,4.585000038146973,4.579999923706055,4.579999923706055,15667.0
2024-10-25 15:22:00+00:00,MU,108.19000244140625,108.19000244140625,108.27999877929688,108.19000244140625,108.26000213623047,14117.0
2024-10-25 15:22:00+00:00,MVIS,1.0750000476837158,1.0750000476837158,1.0800000429153442,1.0750000476837158,1.0800000429153442,6416.0
2024-10-25 15:22:00+00:00,MXL,14.710000038146973,14.710000038146973,14.710000038146973,14.710000038146973,14.710000038146973,2047.0
2024-10-25 15:22:00+00:00,NCNO,37.86000061035156,37.86000061035156,37.875,37.849998474121094,37.849998474121094,4084.0
2024-10-25 15:22:00+00:00,NICE,174.69000244140625,174.69000244140625,174.69000244140625,174.66000366210938,174.66000366210938,1856.0
2024-10-25 15:22:00+00:00,NTAP,119.7686996459961,119.7686996459961,119.7699966430664,119.7686996459961,119.7699966430664,1113.0
2024-10-25 15:22:00+00:00,NTCT,20.645000457763672,20.645000457763672,20.645000457763672,20.645000457763672,20.645000457763672,521.0
2024-10-25 15:22:00+00:00,NTGR,20.309999465942383,20.309999465942383,20.31999969482422,20.309999465942383,20.31999969482422,366.0
2024-10-25 15:22:00+00:00,NTNX,61.75,61.75,61.779998779296875,61.75,61.779998779296875,764.0
2024-10-25 15:22:00+00:00,NVDA,141.9250030517578,141.9250030517578,141.9799041748047,141.86000061035156,141.95399475097656,137715.0
2024-10-25 15:22:00+00:00,NVEI,33.4900016784668,33.4900016784668,33.494998931884766,33.4900016784668,33.494998931884766,440.0
2024-10-25 15:22:00+00:00,NVTS,2.5250000953674316,2.5250000953674316,2.5250000953674316,2.5250000953674316,2.5250000953674316,200.0
2024-10-25 15:22:00+00:00,NXPI,243.57000732421875,243.57000732421875,243.66000366210938,243.47999572753906,243.6300048828125,4998.0
2024-10-25 15:22:00+00:00,OKTA,72.20999908447266,72.20999908447266,72.20999908447266,72.20999908447266,72.20999908447266,664.0
2024-10-25 15:22:00+00:00,OLED,203.0449981689453,203.0449981689453,203.0449981689453,203.0449981689453,203.0449981689453,1427.0
2024-10-25 15:22:00+00:00,ON,71.22000122070312,71.22000122070312,71.2699966430664,71.20999908447266,71.26499938964844,11277.0
2024-10-25 15:22:00+00:00,OSIS,135.66000366210938,135.66000366210938,135.66000366210938,135.66000366210938,135.66000366210938,441.0
2024-10-25 15:22:00+00:00,OTEX,33.220001220703125,33.220001220703125,33.2400016784668,33.220001220703125,33.2400016784668,1154.0
2024-10-25 15:22:00+00:00,PALT,1.9049999713897705,1.9049999713897705,1.9049999713897705,1.899999976158142,1.9019999504089355,4816.0
2024-10-25 15:22:00+00:00,PANW,366.3800048828125,366.3800048828125,366.3800048828125,366.3800048828125,366.3800048828125,217.0
2024-10-25 15:22:00+00:00,PAYO,8.345000267028809,8.345000267028809,8.345000267028809,8.345000267028809,8.345000267028809,955.0
2024-10-25 15:22:00+00:00,PAYS,3.7100000381469727,3.7100000381469727,3.7100000381469727,3.7100000381469727,3.7100000381469727,265.0
2024-10-25 15:22:00+00:00,PEGA,79.33499908447266,79.33499908447266,79.35420227050781,79.30999755859375,79.33499908447266,1997.0
2024-10-25 15:22:00+00:00,PGY,11.949999809265137,11.949999809265137,11.949999809265137,11.949999809265137,11.949999809265137,735.0
2024-10-25 15:22:00+00:00,PHUN,10.289999961853027,10.289999961853027,10.319999694824219,10.289999961853027,10.3100004196167,20141.0
2024-10-25 15:22:00+00:00,PI,201.11500549316406,201.11500549316406,201.2899932861328,201.11500549316406,201.2899932861328,801.0
2024-10-25 15:22:00+00:00,POET,3.859999895095825,3.859999895095825,3.8698999881744385,3.849900007247925,3.8499999046325684,3646.0
2024-10-25 15:22:00+00:00,PTC,187.14999389648438,187.14999389648438,187.14999389648438,187.1199951171875,187.1199951171875,2019.0
2024-10-25 15:22:00+00:00,PYCR,14.34000015258789,14.34000015258789,14.34000015258789,14.335000038146973,14.335000038146973,3979.0
2024-10-25 15:22:00+00:00,QCOM,170.63999938964844,170.63999938964844,170.74000549316406,170.63999938964844,170.74000549316406,6876.0
2024-10-25 15:22:00+00:00,QLYS,120.45999908447266,120.45999908447266,120.45999908447266,120.45999908447266,120.45999908447266,564.0
2024-10-25 15:22:00+00:00,QRVO,99.68499755859375,99.68499755859375,99.73500061035156,99.68499755859375,99.73500061035156,2489.0
2024-10-25 15:22:00+00:00,QUIK,8.569999694824219,8.569999694824219,8.569999694824219,8.569999694824219,8.569999694824219,555.0
2024-10-25 15:22:00+00:00,RCAT,2.744999885559082,2.744999885559082,2.744999885559082,2.744999885559082,2.744999885559082,218.0
2024-10-25 15:22:00+00:00,RDWR,22.359600067138672,22.359600067138672,22.359600067138672,22.350000381469727,22.350000381469727,814.0
2024-10-25 15:22:00+00:00,REKR,1.0850000381469727,1.0850000381469727,1.0850000381469727,1.0800000429153442,1.0800000429153442,400.0
2024-10-25 15:22:00+00:00,RELY,14.90999984741211,14.90999984741211,14.920000076293945,14.899999618530273,14.899999618530273,2785.0
2024-10-25 15:22:00+00:00,RGTI,1.2200000286102295,1.2200000286102295,1.2300000190734863,1.2200000286102295,1.2200000286102295,735.0
2024-10-25 15:22:00+00:00,RIOT,9.745200157165527,9.745200157165527,9.769800186157227,9.745200157165527,9.760000228881836,33701.0
2024-10-25 15:22:00+00:00,RMBS,43.42499923706055,43.42499923706055,43.43000030517578,43.41999816894531,43.43000030517578,982.0
2024-10-25 15:22:00+00:00,RPD,39.03499984741211,39.03499984741211,39.10499954223633,39.029998779296875,39.08000183105469,1830.0
2024-10-25 15:22:00+00:00,RUM,5.735000133514404,5.735000133514404,5.735000133514404,5.735000133514404,5.735000133514404,659.0
2024-10-25 15:22:00+00:00,RUN,14.420000076293945,14.420000076293945,14.430000305175781,14.40999984741211,14.40999984741211,16916.0
2024-10-25 15:22:00+00:00,RXT,2.484999895095825,2.484999895095825,2.484999895095825,2.4749999046325684,2.4749999046325684,6027.0
2024-10-25 15:22:00+00:00,SANM,67.62000274658203,67.62000274658203,67.62000274658203,67.62000274658203,67.62000274658203,300.0
2024-10-25 15:22:00+00:00,SATS,25.200000762939453,25.200000762939453,25.204999923706055,25.200000762939453,25.200000762939453,1460.0
2024-10-25 15:22:00+00:00,SEDG,16.03499984741211,16.03499984741211,16.049999237060547,16.030000686645508,16.045000076293945,3824.0
2024-10-25 15:22:00+00:00,SHLS,5.239999771118164,5.239999771118164,5.244999885559082,5.239999771118164,5.244999885559082,3211.0
2024-10-25 15:22:00+00:00,SKYT,10.510000228881836,10.510000228881836,10.524999618530273,10.510000228881836,10.524999618530273,1198.0
2024-10-25 15:22:00+00:00,SLAB,113.72000122070312,113.72000122070312,113.72000122070312,113.72000122070312,113.72000122070312,804.0
2024-10-25 15:22:00+00:00,SLNHP,13.100000381469727,13.100000381469727,13.100000381469727,13.100000381469727,13.100000381469727,0.0
2024-10-25 15:22:00+00:00,SMCI,47.400001525878906,47.400001525878906,47.43989944458008,47.400001525878906,47.43000030517578,36010.0
2024-10-25 15:22:00+00:00,SMTC,45.625,45.625,45.625,45.5099983215332,45.5099983215332,4091.0
2024-10-25 15:22:00+00:00,SNPS,502.1549987792969,502.1549987792969,502.1549987792969,502.1549987792969,502.1549987792969,551.0
2024-10-25 15:22:00+00:00,SONO,12.699999809265137,12.699999809265137,12.710000038146973,12.6899995803833,12.6899995803833,5430.0
2024-10-25 15:22:00+00:00,SOUN,5.180200099945068,5.180200099945068,5.190000057220459,5.179999828338623,5.184999942779541,13058.0
2024-10-25 15:22:00+00:00,SPSC,170.44000244140625,170.44000244140625,170.44000244140625,170.44000244140625,170.44000244140625,355.0
2024-10-25 15:22:00+00:00,SPT,26.8700008392334,26.8700008392334,26.8700008392334,26.8700008392334,26.8700008392334,1256.0
2024-10-25 15:22:00+00:00,SRAD,12.3100004196167,12.3100004196167,12.3100004196167,12.3100004196167,12.3100004196167,1751.0
2024-10-25 15:22:00+00:00,SSNC,69.96499633789062,69.96499633789062,70.06999969482422,69.94000244140625,70.06999969482422,18029.0
2024-10-25 15:22:00+00:00,SSTI,11.300000190734863,11.300000190734863,11.300000190734863,11.300000190734863,11.300000190734863,489.0
2024-10-25 15:22:00+00:00,STNE,11.555000305175781,11.555000305175781,11.5600004196167,11.539999961853027,11.539999961853027,20870.0
2024-10-25 15:22:00+00:00,STX,103.55000305175781,103.55000305175781,103.55500030517578,103.55000305175781,103.55500030517578,1219.0
2024-10-25 15:22:00+00:00,SWKS,95.7699966430664,95.7699966430664,95.79000091552734,95.7699966430664,95.79000091552734,962.0
2024-10-25 15:22:00+00:00,SYTA,1.2899999618530273,1.2899999618530273,1.2899999618530273,1.2899999618530273,1.2899999618530273,247.0
2024-10-25 15:22:00+00:00,TACT,4.150000095367432,4.150000095367432,4.150000095367432,4.150000095367432,4.150000095367432,801.0
2024-10-25 15:22:00+00:00,TEAM,189.23500061035156,189.23500061035156,189.23500061035156,189.23500061035156,189.23500061035156,1346.0
2024-10-25 15:22:00+00:00,TENB,41.70000076293945,41.70000076293945,41.70000076293945,41.685001373291016,41.685001373291016,954.0
2024-10-25 15:22:00+00:00,TER,112.16500091552734,112.16500091552734,112.27999877929688,112.16500091552734,112.18000030517578,13034.0
2024-10-25 15:22:00+00:00,TRMB,60.91999816894531,60.91999816894531,60.93000030517578,60.91999816894531,60.93000030517578,766.0
2024-10-25 15:22:00+00:00,TTD,119.12999725341797,119.12999725341797,119.16000366210938,119.12000274658203,119.15989685058594,2882.0
2024-10-25 15:22:00+00:00,TTEC,5.349999904632568,5.349999904632568,5.349999904632568,5.349999904632568,5.349999904632568,1334.0
2024-10-25 15:22:00+00:00,TTMI,19.75,19.75,19.75,19.729999542236328,19.729999542236328,4681.0
2024-10-25 15:22:00+00:00,TWKS,4.445000171661377,4.445000171661377,4.445000171661377,4.440000057220459,4.440000057220459,447.0
2024-10-25 15:22:00+00:00,TXN,207.3000030517578,207.3000030517578,207.3800048828125,207.2760009765625,207.3300018310547,10144.0
2024-10-25 15:22:00+00:00,UCTT,35.790000915527344,35.790000915527344,35.81999969482422,35.790000915527344,35.79999923706055,3387.0
2024-10-25 15:22:00+00:00,VECO,29.34000015258789,29.34000015258789,29.34000015258789,29.34000015258789,29.34000015258789,996.0
2024-10-25 15:22:00+00:00,VERX,41.91999816894531,41.91999816894531,41.91999816894531,41.91999816894531,41.91999816894531,241.0
2024-10-25 15:22:00+00:00,VIAV,9.199999809265137,9.199999809265137,9.199999809265137,9.199999809265137,9.199999809265137,134.0
2024-10-25 15:22:00+00:00,VICR,46.70000076293945,46.70000076293945,46.72999954223633,46.689998626708984,46.70000076293945,3047.0
2024-10-25 15:22:00+00:00,VMEO,4.755000114440918,4.755000114440918,4.755000114440918,4.755000114440918,4.755000114440918,556.0
2024-10-25 15:22:00+00:00,VNET,3.375,3.375,3.375,3.375,3.375,404.0
2024-10-25 15:22:00+00:00,VRNS,56.71500015258789,56.71500015258789,56.77000045776367,56.71500015258789,56.744998931884766,5238.0
2024-10-25 15:22:00+00:00,VRNT,21.869800567626953,21.869800567626953,21.869800567626953,21.860000610351562,21.860000610351562,756.0
2024-10-25 15:22:00+00:00,VRSN,181.60000610351562,181.60000610351562,181.64999389648438,181.56500244140625,181.58999633789062,9849.0
2024-10-25 15:22:00+00:00,VSAT,10.229999542236328,10.229999542236328,10.229999542236328,10.229999542236328,10.229999542236328,1852.0
2024-10-25 15:22:00+00:00,WATT,0.5684000253677368,0.5684000253677368,0.5799999833106995,0.5684000253677368,0.5799999833106995,37637.0
2024-10-25 15:22:00+00:00,WDAY,238.24000549316406,238.24000549316406,238.25,238.24000549316406,238.25,1946.0
2024-10-25 15:22:00+00:00,WDC,70.23999786376953,70.23999786376953,70.23999786376953,70.20999908447266,70.21499633789062,16424.0
2024-10-25 15:22:00+00:00,WISA,1.9908000230789185,1.9908000230789185,1.9911999702453613,1.9701000452041626,1.9701000452041626,3508.0
2024-10-25 15:22:00+00:00,WLDS,3.6098999977111816,3.6098999977111816,3.6098999977111816,3.559999942779541,3.6098999977111816,2500.0
2024-10-25 15:22:00+00:00,XPER,9.375,9.375,9.375,9.369999885559082,9.369999885559082,547.0
2024-10-25 15:22:00+00:00,XRX,9.989999771118164,9.989999771118164,9.994999885559082,9.989999771118164,9.994999885559082,755.0
2024-10-25 15:22:00+00:00,ZBRA,361.3299865722656,361.3299865722656,361.4700012207031,361.3299865722656,361.4700012207031,1547.0
2024-10-25 15:22:00+00:00,ZENV,1.4199999570846558,1.4199999570846558,1.4199999570846558,1.4199999570846558,1.4199999570846558,201.0
2024-10-25 15:22:00+00:00,ZI,10.479999542236328,10.479999542236328,10.479999542236328,10.470000267028809,10.475000381469727,2191.0
2024-10-25 15:22:00+00:00,ZM,72.87999725341797,72.87999725341797,72.8949966430664,72.87999725341797,72.8949966430664,2164.0
2024-10-25 15:22:00+00:00,ZS,184.7899932861328,184.7899932861328,184.85499572753906,184.75999450683594,184.81149291992188,1868.0
2024-10-25 15:23:00+00:00,AAOI,17.600000381469727,17.600000381469727,17.600000381469727,17.600000381469727,17.600000381469727,2032.0
2024-10-25 15:23:00+00:00,AAPL,231.4813995361328,231.4813995361328,231.56500244140625,231.42999267578125,231.5500030517578,81077.0
2024-10-25 15:23:00+00:00,ACIW,48.785301208496094,48.785301208496094,48.785301208496094,48.779998779296875,48.78499984741211,1272.0
2024-10-25 15:23:00+00:00,ACLS,89.79000091552734,89.79000091552734,89.80999755859375,89.79000091552734,89.80999755859375,1457.0
2024-10-25 15:23:00+00:00,ACMR,19.59000015258789,19.59000015258789,19.59000015258789,19.59000015258789,19.59000015258789,764.0
2024-10-25 15:23:00+00:00,ADBE,482.635009765625,482.635009765625,482.909912109375,482.5899963378906,482.9049987792969,3704.0
2024-10-25 15:23:00+00:00,ADI,230.83999633789062,230.83999633789062,230.9199981689453,230.83999633789062,230.9199981689453,5582.0
2024-10-25 15:23:00+00:00,ADSK,286.2799987792969,286.2799987792969,286.2900085449219,286.260009765625,286.260009765625,1095.0
2024-10-25 15:23:00+00:00,AEHR,16.90239906311035,16.90239906311035,16.920000076293945,16.90239906311035,16.920000076293945,3822.0
2024-10-25 15:23:00+00:00,AEYE,22.559999465942383,22.559999465942383,22.5674991607666,22.5,22.5674991607666,1752.0
2024-10-25 15:23:00+00:00,AFRM,41.2400016784668,41.2400016784668,41.25,41.209999084472656,41.244998931884766,9639.0
2024-10-25 15:23:00+00:00,AGYS,110.91500091552734,110.91500091552734,110.91500091552734,110.91500091552734,110.91500091552734,283.0
2024-10-25 15:23:00+00:00,AIRG,9.262499809265137,9.262499809265137,9.262499809265137,9.262499809265137,9.262499809265137,105.0
2024-10-25 15:23:00+00:00,AKAM,101.80999755859375,101.80999755859375,101.80999755859375,101.79000091552734,101.80999755859375,4194.0
2024-10-25 15:23:00+00:00,AKTS,0.05999999865889549,0.05999999865889549,0.05999999865889549,0.05999999865889549,0.05999999865889549,51302.0
2024-10-25 15:23:00+00:00,ALGM,23.149999618530273,23.149999618530273,23.170000076293945,23.139999389648438,23.170000076293945,47816.0
2024-10-25 15:23:00+00:00,ALKT,38.20000076293945,38.20000076293945,38.20000076293945,38.20000076293945,38.20000076293945,745.0
2024-10-25 15:23:00+00:00,ALRM,54.34000015258789,54.34000015258789,54.34000015258789,54.34000015258789,54.34000015258789,361.0
2024-10-25 15:23:00+00:00,AMAT,186.88999938964844,186.88999938964844,187.03500366210938,186.86000061035156,187.03500366210938,8068.0
2024-10-25 15:23:00+00:00,AMBA,57.810001373291016,57.810001373291016,57.810001373291016,57.810001373291016,57.810001373291016,1033.0
2024-10-25 15:23:00+00:00,AMD,156.1999969482422,156.1999969482422,156.21499633789062,156.11000061035156,156.1999969482422,46797.0
2024-10-25 15:23:00+00:00,AMKR,29.979999542236328,29.979999542236328,29.989999771118164,29.979999542236328,29.989999771118164,3096.0
2024-10-25 15:23:00+00:00,AMPL,9.100000381469727,9.100000381469727,9.100000381469727,9.09000015258789,9.100000381469727,898.0
2024-10-25 15:23:00+00:00,ANSS,323.3739929199219,323.3739929199219,323.4700012207031,323.2674865722656,323.3599853515625,1710.0
2024-10-25 15:23:00+00:00,APP,161.3800048828125,161.3800048828125,161.47500610351562,161.3800048828125,161.47500610351562,4100.0
2024-10-25 15:23:00+00:00,APPF,212.5399932861328,212.5399932861328,212.5399932861328,212.27000427246094,212.27000427246094,3489.0
2024-10-25 15:23:00+00:00,APPN,32.16299819946289,32.16299819946289,32.16999816894531,32.16299819946289,32.16999816894531,665.0
2024-10-25 15:23:00+00:00,APPS,3.069999933242798,3.069999933242798,3.069999933242798,3.069999933242798,3.069999933242798,6909.0
2024-10-25 15:23:00+00:00,ARRY,6.460000038146973,6.460000038146973,6.460000038146973,6.420000076293945,6.440000057220459,41355.0
2024-10-25 15:23:00+00:00,ASML,714.2098999023438,714.2098999023438,714.2098999023438,713.5001220703125,713.8499755859375,1787.0
2024-10-25 15:23:00+00:00,ASNS,1.2999999523162842,1.2999999523162842,1.2999999523162842,1.2999999523162842,1.2999999523162842,126.0
2024-10-25 15:23:00+00:00,ASUR,9.595000267028809,9.595000267028809,9.600000381469727,9.595000267028809,9.600000381469727,203.0
2024-10-25 15:23:00+00:00,AUR,6.389999866485596,6.389999866485596,6.40500020980835,6.389999866485596,6.40500020980835,16482.0
2024-10-25 15:23:00+00:00,AVGO,173.60000610351562,173.60000610351562,173.75999450683594,173.57000732421875,173.75999450683594,27594.0
2024-10-25 15:23:00+00:00,AVPT,11.904999732971191,11.904999732971191,11.904999732971191,11.904999732971191,11.904999732971191,385.0
2024-10-25 15:23:00+00:00,AVT,54.11000061035156,54.11000061035156,54.119998931884766,54.11000061035156,54.119998931884766,2961.0
2024-10-25 15:23:00+00:00,AXTI,2.6649999618530273,2.6649999618530273,2.6649999618530273,2.6649999618530273,2.6649999618530273,178.0
2024-10-25 15:23:00+00:00,AZPN,237.71499633789062,237.71499633789062,237.71499633789062,237.71499633789062,237.71499633789062,404.0
2024-10-25 15:23:00+00:00,BAND,17.799999237060547,17.799999237060547,17.809999465942383,17.799999237060547,17.809999465942383,4028.0
2024-10-25 15:23:00+00:00,BASE,16.209999084472656,16.209999084472656,16.219999313354492,16.209999084472656,16.219999313354492,810.0
2024-10-25 15:23:00+00:00,BCOV,2.2750000953674316,2.2750000953674316,2.2750000953674316,2.2750000953674316,2.2750000953674316,901.0
2024-10-25 15:23:00+00:00,BEEM,4.78000020980835,4.78000020980835,4.78000020980835,4.78000020980835,4.78000020980835,573.0
2024-10-25 15:23:00+00:00,BL,56.369998931884766,56.369998931884766,56.38999938964844,56.35100173950195,56.38999938964844,1068.0
2024-10-25 15:23:00+00:00,BLKB,85.54000091552734,85.54000091552734,85.63999938964844,85.54000091552734,85.63999938964844,1657.0
2024-10-25 15:23:00+00:00,BMBL,7.074999809265137,7.074999809265137,7.079999923706055,7.074999809265137,7.074999809265137,1172.0
2024-10-25 15:23:00+00:00,BRZE,30.540000915527344,30.540000915527344,30.549999237060547,30.520000457763672,30.530000686645508,3801.0
2024-10-25 15:23:00+00:00,BSY,49.029998779296875,49.029998779296875,49.060001373291016,49.029998779296875,49.04999923706055,2631.0
2024-10-25 15:23:00+00:00,CAMT,77.70999908447266,77.70999908447266,77.7300033569336,77.70999908447266,77.7300033569336,1232.0
2024-10-25 15:23:00+00:00,CDNS,257.45001220703125,257.45001220703125,257.69000244140625,257.45001220703125,257.69000244140625,3672.0
2024-10-25 15:23:00+00:00,CDW,217.86500549316406,217.86500549316406,217.875,217.75999450683594,217.875,844.0
2024-10-25 15:23:00+00:00,CETX,0.30090001225471497,0.30090001225471497,0.30090001225471497,0.2985000014305115,0.29989999532699585,14301.0
2024-10-25 15:23:00+00:00,CFLT,22.420000076293945,22.420000076293945,22.440000534057617,22.420000076293945,22.440000534057617,6178.0
2024-10-25 15:23:00+00:00,CGNX,38.80500030517578,38.80500030517578,38.810001373291016,38.79999923706055,38.810001373291016,2334.0
2024-10-25 15:23:00+00:00,CHKP,205.8699951171875,205.8699951171875,205.88999938964844,205.8699951171875,205.8800048828125,946.0
2024-10-25 15:23:00+00:00,CLSK,11.574999809265137,11.574999809265137,11.589900016784668,11.572600364685059,11.5802001953125,20692.0
2024-10-25 15:23:00+00:00,CMTL,3.820499897003174,3.820499897003174,3.820499897003174,3.820499897003174,3.820499897003174,564.0
2024-10-25 15:23:00+00:00,CNXC,44.41999816894531,44.41999816894531,44.43000030517578,44.41999816894531,44.43000030517578,3160.0
2024-10-25 15:23:00+00:00,CNXN,70.11000061035156,70.11000061035156,70.11000061035156,70.08999633789062,70.08999633789062,442.0
2024-10-25 15:23:00+00:00,COHR,95.55000305175781,95.55000305175781,95.58999633789062,95.54000091552734,95.58999633789062,1883.0
2024-10-25 15:23:00+00:00,COIN,205.82000732421875,205.82000732421875,205.82000732421875,205.50999450683594,205.66000366210938,16330.0
2024-10-25 15:23:00+00:00,COMM,6.219900131225586,6.219900131225586,6.230000019073486,6.215000152587891,6.230000019073486,7401.0
2024-10-25 15:23:00+00:00,CORZ,13.265000343322754,13.265000343322754,13.274999618530273,13.264300346374512,13.274999618530273,15283.0
2024-10-25 15:23:00+00:00,CORZW,7.775000095367432,7.775000095367432,7.775000095367432,7.775000095367432,7.775000095367432,10520.0
2024-10-25 15:23:00+00:00,CRCT,6.572500228881836,6.572500228881836,6.572500228881836,6.570000171661377,6.570000171661377,1317.0
2024-10-25 15:23:00+00:00,CRDO,39.060001373291016,39.060001373291016,39.08000183105469,39.03499984741211,39.08000183105469,6658.0
2024-10-25 15:23:00+00:00,CRNC,2.930000066757202,2.930000066757202,2.930000066757202,2.924999952316284,2.924999952316284,2326.0
2024-10-25 15:23:00+00:00,CRSR,6.324999809265137,6.324999809265137,6.324999809265137,6.324999809265137,6.324999809265137,316.0
2024-10-25 15:23:00+00:00,CRUS,122.23999786376953,122.23999786376953,122.23999786376953,122.23999786376953,122.23999786376953,453.0
2024-10-25 15:23:00+00:00,CRWD,298.6358947753906,298.6358947753906,298.6358947753906,298.3500061035156,298.3500061035156,7320.0
2024-10-25 15:23:00+00:00,CSCO,55.724998474121094,55.724998474121094,55.75,55.71500015258789,55.74720001220703,16324.0
2024-10-25 15:23:00+00:00,CSIQ,13.395000457763672,13.395000457763672,13.420000076293945,13.395000457763672,13.420000076293945,3479.0
2024-10-25 15:23:00+00:00,CTSH,74.70999908447266,74.70999908447266,74.70999908447266,74.66000366210938,74.70999908447266,7794.0
2024-10-25 15:23:00+00:00,CVLT,134.22000122070312,134.22000122070312,134.25999450683594,134.1699981689453,134.25999450683594,1899.0
2024-10-25 15:23:00+00:00,CYBR,290.0199890136719,290.0199890136719,290.1099853515625,290.0199890136719,290.1099853515625,2369.0
2024-10-25 15:23:00+00:00,DAKT,13.069999694824219,13.069999694824219,13.069999694824219,13.0600004196167,13.0600004196167,300.0
2024-10-25 15:23:00+00:00,DATS,1.5801000595092773,1.5801000595092773,1.5801000595092773,1.5801000595092773,1.5801000595092773,100.0
2024-10-25 15:23:00+00:00,DAVE,38.5,38.5,38.5,38.5,38.5,1333.0
2024-10-25 15:23:00+00:00,DBX,26.045000076293945,26.045000076293945,26.04599952697754,26.040000915527344,26.040000915527344,4442.0
2024-10-25 15:23:00+00:00,DCBO,45.91999816894531,45.91999816894531,45.91999816894531,45.91999816894531,45.91999816894531,285.0
2024-10-25 15:23:00+00:00,DDOG,126.3499984741211,126.3499984741211,126.37999725341797,126.31999969482422,126.33000183105469,6694.0
2024-10-25 15:23:00+00:00,DGII,30.030000686645508,30.030000686645508,30.049999237060547,30.030000686645508,30.049999237060547,641.0
2024-10-25 15:23:00+00:00,DIOD,64.98999786376953,64.98999786376953,65.04000091552734,64.98999786376953,65.04000091552734,1257.0
2024-10-25 15:23:00+00:00,DLO,8.800000190734863,8.800000190734863,8.805000305175781,8.800000190734863,8.803199768066406,7695.0
2024-10-25 15:23:00+00:00,DOCU,69.0199966430664,69.0199966430664,69.02999877929688,68.97000122070312,69.01499938964844,12462.0
2024-10-25 15:23:00+00:00,DOMO,8.050000190734863,8.050000190734863,8.0600004196167,8.039999961853027,8.0600004196167,1974.0
2024-10-25 15:23:00+00:00,DOX,88.94000244140625,88.94000244140625,88.94000244140625,88.94000244140625,88.94000244140625,325.0
2024-10-25 15:23:00+00:00,DUOT,4.119999885559082,4.119999885559082,4.119999885559082,4.119999885559082,4.119999885559082,1347.0
2024-10-25 15:23:00+00:00,EEFT,100.38500213623047,100.38500213623047,100.38999938964844,100.37000274658203,100.37000274658203,1274.0
2024-10-25 15:23:00+00:00,ENPH,83.66200256347656,83.66200256347656,83.80989837646484,83.63999938964844,83.80989837646484,11701.0
2024-10-25 15:23:00+00:00,ENTG,104.86499786376953,104.86499786376953,104.86499786376953,104.86499786376953,104.86499786376953,653.0
2024-10-25 15:23:00+00:00,ERIC,8.460000038146973,8.460000038146973,8.470000267028809,8.460000038146973,8.46500015258789,25145.0
2024-10-25 15:23:00+00:00,EVCM,10.414999961853027,10.414999961853027,10.414999961853027,10.414999961853027,10.414999961853027,366.0
2024-10-25 15:23:00+00:00,EXFY,1.725000023841858,1.725000023841858,1.725000023841858,1.725000023841858,1.725000023841858,164.0
2024-10-25 15:23:00+00:00,EXLS,38.54499816894531,38.54499816894531,38.54499816894531,38.540000915527344,38.54499816894531,2978.0
2024-10-25 15:23:00+00:00,EXTR,14.345000267028809,14.345000267028809,14.359999656677246,14.345000267028809,14.359999656677246,2628.0
2024-10-25 15:23:00+00:00,FFIV,216.36500549316406,216.36500549316406,216.36500549316406,216.27000427246094,216.27000427246094,359.0
2024-10-25 15:23:00+00:00,FIVN,29.850000381469727,29.850000381469727,29.8799991607666,29.850000381469727,29.8799991607666,2383.0
2024-10-25 15:23:00+00:00,FLEX,35.10499954223633,35.10499954223633,35.1349983215332,35.099998474121094,35.13100051879883,4598.0
2024-10-25 15:23:00+00:00,FLYW,17.260000228881836,17.260000228881836,17.270000457763672,17.260000228881836,17.270000457763672,930.0
2024-10-25 15:23:00+00:00,FORM,44.72999954223633,44.72999954223633,44.77000045776367,44.72999954223633,44.77000045776367,1058.0
2024-10-25 15:23:00+00:00,FROG,29.290000915527344,29.290000915527344,29.290000915527344,29.290000915527344,29.290000915527344,1546.0
2024-10-25 15:23:00+00:00,FRSH,11.59000015258789,11.59000015258789,11.600000381469727,11.59000015258789,11.600000381469727,5517.0
2024-10-25 15:23:00+00:00,FSLR,198.35499572753906,198.35499572753906,198.35499572753906,198.35499572753906,198.35499572753906,722.0
2024-10-25 15:23:00+00:00,FTCI,0.652999997138977,0.652999997138977,0.652999997138977,0.652999997138977,0.652999997138977,1200.0
2024-10-25 15:23:00+00:00,FTNT,80.33999633789062,80.33999633789062,80.37000274658203,80.30999755859375,80.37000274658203,7653.0
2024-10-25 15:23:00+00:00,GCT,24.5,24.5,24.520000457763672,24.489999771118164,24.510000228881836,4261.0
2024-10-25 15:23:00+00:00,GDS,21.33099937438965,21.33099937438965,21.33099937438965,21.33099937438965,21.33099937438965,2188.0
2024-10-25 15:23:00+00:00,GFS,40.459999084472656,40.459999084472656,40.47999954223633,40.459999084472656,40.47999954223633,2349.0
2024-10-25 15:23:00+00:00,GILT,4.929999828338623,4.929999828338623,4.929999828338623,4.929999828338623,4.929999828338623,351.0
2024-10-25 15:23:00+00:00,GPRO,1.3049999475479126,1.3049999475479126,1.309999942779541,1.2999999523162842,1.309999942779541,13513.0
2024-10-25 15:23:00+00:00,GRAB,4.079999923706055,4.079999923706055,4.085000038146973,4.079999923706055,4.085000038146973,10333.0
2024-10-25 15:23:00+00:00,GTLB,54.91999816894531,54.91999816894531,54.91999816894531,54.790000915527344,54.80500030517578,5355.0
2024-10-25 15:23:00+00:00,GVP,4.605000019073486,4.605000019073486,4.605000019073486,4.605000019073486,4.605000019073486,0.0
2024-10-25 15:23:00+00:00,HCP,33.6349983215332,33.6349983215332,33.63999938964844,33.6349983215332,33.6349983215332,1308.0
2024-10-25 15:23:00+00:00,HLIT,14.770000457763672,14.770000457763672,14.795000076293945,14.770000457763672,14.795000076293945,3255.0
2024-10-25 15:23:00+00:00,HOLO,3.625,3.625,3.6328999996185303,3.619999885559082,3.6328999996185303,4133.0
2024-10-25 15:23:00+00:00,HOOD,27.059999465942383,27.059999465942383,27.079999923706055,27.059999465942383,27.079999923706055,26427.0
2024-10-25 15:23:00+00:00,ICHR,27.520000457763672,27.520000457763672,27.520000457763672,27.520000457763672,27.520000457763672,829.0
2024-10-25 15:23:00+00:00,IMMR,8.65999984741211,8.65999984741211,8.65999984741211,8.65999984741211,8.65999984741211,311.0
2024-10-25 15:23:00+00:00,IMXI,17.6200008392334,17.6200008392334,17.6200008392334,17.6200008392334,17.6200008392334,1015.0
2024-10-25 15:23:00+00:00,INDI,3.473099946975708,3.473099946975708,3.4800000190734863,3.473099946975708,3.4800000190734863,5211.0
2024-10-25 15:23:00+00:00,INOD,20.139999389648438,20.139999389648438,20.139999389648438,20.139999389648438,20.139999389648438,208.0
2024-10-25 15:23:00+00:00,INSG,20.0625,20.0625,20.0625,20.0625,20.0625,167.0
2024-10-25 15:23:00+00:00,INTA,50.029998779296875,50.029998779296875,50.09000015258789,50.029998779296875,50.09000015258789,2142.0
2024-10-25 15:23:00+00:00,INTC,22.820100784301758,22.820100784301758,22.84830093383789,22.81999969482422,22.842599868774414,77263.0
2024-10-25 15:23:00+00:00,INTU,608.0,608.0,608.280029296875,608.0,608.280029296875,1570.0
2024-10-25 15:23:00+00:00,IPGP,76.95999908447266,76.95999908447266,77.05000305175781,76.95999908447266,77.05000305175781,2300.0
2024-10-25 15:23:00+00:00,ITRN,27.385000228881836,27.385000228881836,27.385000228881836,27.385000228881836,27.385000228881836,854.0
2024-10-25 15:23:00+00:00,JAMF,16.80500030517578,16.80500030517578,16.80500030517578,16.80500030517578,16.80500030517578,1254.0
2024-10-25 15:23:00+00:00,JKHY,182.92999267578125,182.92999267578125,182.94000244140625,182.80999755859375,182.80999755859375,2456.0
2024-10-25 15:23:00+00:00,KC,2.684999942779541,2.684999942779541,2.684999942779541,2.680000066757202,2.680000066757202,487.0
2024-10-25 15:23:00+00:00,KLAC,675.6699829101562,675.6699829101562,676.1749877929688,675.6699829101562,676.1749877929688,1868.0
2024-10-25 15:23:00+00:00,KLIC,44.439998626708984,44.439998626708984,44.439998626708984,44.439998626708984,44.439998626708984,588.0
2024-10-25 15:23:00+00:00,KOSS,7.25,7.25,7.25,7.244999885559082,7.244999885559082,1700.0
2024-10-25 15:23:00+00:00,KPLT,8.635000228881836,8.635000228881836,8.668299674987793,8.635000228881836,8.635000228881836,1771.0
2024-10-25 15:23:00+00:00,LASR,10.399999618530273,10.399999618530273,10.399999618530273,10.399999618530273,10.399999618530273,241.0
2024-10-25 15:23:00+00:00,LFUS,253.57249450683594,253.57249450683594,253.72000122070312,253.57249450683594,253.72000122070312,1006.0
2024-10-25 15:23:00+00:00,LINK,4.855000019073486,4.855000019073486,4.855000019073486,4.855000019073486,4.855000019073486,428.0
2024-10-25 15:23:00+00:00,LITE,64.48500061035156,64.48500061035156,64.51499938964844,64.47000122070312,64.51499938964844,2738.0
2024-10-25 15:23:00+00:00,LOGI,80.81999969482422,80.81999969482422,80.83999633789062,80.81999969482422,80.83999633789062,959.0
2024-10-25 15:23:00+00:00,LRCX,78.12000274658203,78.12000274658203,78.21499633789062,78.08000183105469,78.21499633789062,23131.0
2024-10-25 15:23:00+00:00,LSCC,54.04999923706055,54.04999923706055,54.06999969482422,54.04499816894531,54.06999969482422,6227.0
2024-10-25 15:23:00+00:00,LTCH,0.44999998807907104,0.44999998807907104,0.44999998807907104,0.44999998807907104,0.44999998807907104,6500.0
2024-10-25 15:23:00+00:00,LTRX,4.090000152587891,4.090000152587891,4.090000152587891,4.090000152587891,4.090000152587891,209.0
2024-10-25 15:23:00+00:00,LYFT,13.414999961853027,13.414999961853027,13.475000381469727,13.399999618530273,13.475000381469727,221756.0
2024-10-25 15:23:00+00:00,MANH,275.8500061035156,275.8500061035156,275.9599914550781,275.8500061035156,275.9599914550781,1643.0
2024-10-25 15:23:00+00:00,MAXN,5.841000080108643,5.841000080108643,5.841000080108643,5.841000080108643,5.841000080108643,1240.0
2024-10-25 15:23:00+00:00,MCHP,76.61000061035156,76.61000061035156,76.66000366210938,76.5999984741211,76.66000366210938,8022.0
2024-10-25 15:23:00+00:00,MDB,267.2550048828125,267.2550048828125,267.42999267578125,267.2550048828125,267.42999267578125,2367.0
2024-10-25 15:23:00+00:00,MIND,3.539900064468384,3.539900064468384,3.5399999618530273,3.539900064468384,3.5399999618530273,1657.0
2024-10-25 15:23:00+00:00,MITK,8.760000228881836,8.760000228881836,8.760000228881836,8.760000228881836,8.760000228881836,1492.0
2024-10-25 15:23:00+00:00,MKSI,100.94000244140625,100.94000244140625,100.94000244140625,100.93000030517578,100.94000244140625,869.0
2024-10-25 15:23:00+00:00,MPWR,907.2899780273438,907.2899780273438,907.2899780273438,906.969970703125,907.289306640625,1825.0
2024-10-25 15:23:00+00:00,MQ,5.304999828338623,5.304999828338623,5.309999942779541,5.302499771118164,5.302499771118164,2226.0
2024-10-25 15:23:00+00:00,MRAM,6.360000133514404,6.360000133514404,6.360000133514404,6.360000133514404,6.360000133514404,260.0
2024-10-25 15:23:00+00:00,MRVL,81.93499755859375,81.93499755859375,81.97000122070312,81.91500091552734,81.97000122070312,14658.0
2024-10-25 15:23:00+00:00,MSFT,428.239990234375,428.239990234375,428.3399963378906,428.1300048828125,428.3399963378906,21698.0
2024-10-25 15:23:00+00:00,MSTR,233.55999755859375,233.55999755859375,233.71730041503906,233.21499633789062,233.71730041503906,31578.0
2024-10-25 15:23:00+00:00,MTLS,5.920000076293945,5.920000076293945,5.920000076293945,5.920000076293945,5.920000076293945,261.0
2024-10-25 15:23:00+00:00,MTSI,121.03500366210938,121.03500366210938,121.03500366210938,121.03500366210938,121.03500366210938,1716.0
2024-10-25 15:23:00+00:00,MTTR,4.559999942779541,4.559999942779541,4.585000038146973,4.559999942779541,4.579999923706055,110620.0
2024-10-25 15:23:00+00:00,MU,108.13999938964844,108.13999938964844,108.22000122070312,108.11000061035156,108.22000122070312,14638.0
2024-10-25 15:23:00+00:00,MXL,14.680000305175781,14.680000305175781,14.694999694824219,14.680000305175781,14.694999694824219,1675.0
2024-10-25 15:23:00+00:00,NCNO,37.84000015258789,37.84000015258789,37.84000015258789,37.84000015258789,37.84000015258789,995.0
2024-10-25 15:23:00+00:00,NSIT,209.26499938964844,209.26499938964844,209.26499938964844,209.26499938964844,209.26499938964844,395.0
2024-10-25 15:23:00+00:00,NTAP,119.73999786376953,119.73999786376953,119.73999786376953,119.73999786376953,119.73999786376953,1373.0
2024-10-25 15:23:00+00:00,NTCT,20.639999389648438,20.639999389648438,20.645000457763672,20.639999389648438,20.645000457763672,886.0
2024-10-25 15:23:00+00:00,NTGR,20.28499984741211,20.28499984741211,20.309999465942383,20.280000686645508,20.309999465942383,2043.0
2024-10-25 15:23:00+00:00,NTNX,61.72999954223633,61.72999954223633,61.72999954223633,61.72999954223633,61.72999954223633,1903.0
2024-10-25 15:23:00+00:00,NVDA,141.85499572753906,141.85499572753906,141.91990661621094,141.80999755859375,141.91000366210938,250169.0
2024-10-25 15:23:00+00:00,NVEI,33.4900016784668,33.4900016784668,33.4900016784668,33.4900016784668,33.4900016784668,869.0
2024-10-25 15:23:00+00:00,NVTS,2.5250000953674316,2.5250000953674316,2.5250000953674316,2.5199999809265137,2.5199999809265137,350.0
2024-10-25 15:23:00+00:00,NXPI,243.4149932861328,243.4149932861328,243.53500366210938,243.38999938964844,243.47000122070312,1899.0
2024-10-25 15:23:00+00:00,NXPL,1.100000023841858,1.100000023841858,1.1200000047683716,1.100000023841858,1.1200000047683716,5054.0
2024-10-25 15:23:00+00:00,OKTA,72.16000366210938,72.16000366210938,72.19000244140625,72.1500015258789,72.19000244140625,2211.0
2024-10-25 15:23:00+00:00,ON,71.15969848632812,71.15969848632812,71.22000122070312,71.12000274658203,71.22000122070312,17380.0
2024-10-25 15:23:00+00:00,OSIS,135.75,135.75,135.75,135.75,135.75,1121.0
2024-10-25 15:23:00+00:00,OSPN,14.569999694824219,14.569999694824219,14.569999694824219,14.569999694824219,14.569999694824219,200.0
2024-10-25 15:23:00+00:00,PANW,366.3399963378906,366.3399963378906,366.385009765625,366.2950134277344,366.375,3475.0
2024-10-25 15:23:00+00:00,PAYO,8.345000267028809,8.345000267028809,8.345000267028809,8.345000267028809,8.345000267028809,616.0
2024-10-25 15:23:00+00:00,PDFS,29.149999618530273,29.149999618530273,29.149999618530273,29.149999618530273,29.149999618530273,111.0
2024-10-25 15:23:00+00:00,PEGA,79.2699966430664,79.2699966430664,79.2699966430664,79.19999694824219,79.26000213623047,3369.0
2024-10-25 15:23:00+00:00,PGY,11.9350004196167,11.9350004196167,11.949999809265137,11.9350004196167,11.9399995803833,2672.0
2024-10-25 15:23:00+00:00,PHUN,10.260000228881836,10.260000228881836,10.300000190734863,10.239999771118164,10.300000190734863,28340.0
2024-10-25 15:23:00+00:00,PLAB,23.6299991607666,23.6299991607666,23.6299991607666,23.6299991607666,23.6299991607666,155.0
2024-10-25 15:23:00+00:00,PLXS,141.38999938964844,141.38999938964844,141.4600067138672,141.38999938964844,141.4600067138672,1355.0
2024-10-25 15:23:00+00:00,PRCH,1.2949999570846558,1.2949999570846558,1.2949999570846558,1.2949999570846558,1.2949999570846558,557.0
2024-10-25 15:23:00+00:00,PRGS,64.61499786376953,64.61499786376953,64.62999725341797,64.61499786376953,64.62999725341797,1305.0
2024-10-25 15:23:00+00:00,PRSO,1.850000023841858,1.850000023841858,1.850000023841858,1.850000023841858,1.850000023841858,600.0
2024-10-25 15:23:00+00:00,PTC,187.10000610351562,187.10000610351562,187.13499450683594,187.10000610351562,187.13499450683594,1766.0
2024-10-25 15:23:00+00:00,PUBM,14.739999771118164,14.739999771118164,14.75,14.739999771118164,14.75,981.0
2024-10-25 15:23:00+00:00,PYCR,14.335000038146973,14.335000038146973,14.335000038146973,14.335000038146973,14.335000038146973,4126.0
2024-10-25 15:23:00+00:00,QCOM,170.5,170.5,170.6300048828125,170.4499969482422,170.6300048828125,9703.0
2024-10-25 15:23:00+00:00,QLYS,120.44000244140625,120.44000244140625,120.44000244140625,120.44000244140625,120.44000244140625,400.0
2024-10-25 15:23:00+00:00,QRVO,99.6500015258789,99.6500015258789,99.68000030517578,99.625,99.68000030517578,3679.0
2024-10-25 15:23:00+00:00,QUBT,1.0753999948501587,1.0753999948501587,1.0787999629974365,1.0753999948501587,1.0787999629974365,339.0
2024-10-25 15:23:00+00:00,RCAT,2.744999885559082,2.744999885559082,2.7499001026153564,2.744999885559082,2.748300075531006,1837.0
2024-10-25 15:23:00+00:00,RDVT,28.579999923706055,28.579999923706055,28.579999923706055,28.579999923706055,28.579999923706055,1134.0
2024-10-25 15:23:00+00:00,REKR,1.0850000381469727,1.0850000381469727,1.0850000381469727,1.0850000381469727,1.0850000381469727,293.0
2024-10-25 15:23:00+00:00,RELY,14.890000343322754,14.890000343322754,14.899999618530273,14.890000343322754,14.899999618530273,1865.0
2024-10-25 15:23:00+00:00,RGTI,1.2300000190734863,1.2300000190734863,1.2300000190734863,1.2200000286102295,1.2200000286102295,4183.0
2024-10-25 15:23:00+00:00,RIOT,9.734999656677246,9.734999656677246,9.755000114440918,9.731300354003906,9.755000114440918,14042.0
2024-10-25 15:23:00+00:00,RMBS,43.31999969482422,43.31999969482422,43.42499923706055,43.31999969482422,43.400001525878906,5960.0
2024-10-25 15:23:00+00:00,RPAY,7.744999885559082,7.744999885559082,7.744999885559082,7.744999885559082,7.744999885559082,935.0
2024-10-25 15:23:00+00:00,RUM,5.71999979019165,5.71999979019165,5.735000133514404,5.71999979019165,5.735000133514404,6992.0
2024-10-25 15:23:00+00:00,RUN,14.395000457763672,14.395000457763672,14.40999984741211,14.390000343322754,14.40999984741211,8647.0
2024-10-25 15:23:00+00:00,RXT,2.4749999046325684,2.4749999046325684,2.4800000190734863,2.4749999046325684,2.4800000190734863,3833.0
2024-10-25 15:23:00+00:00,SANM,67.5999984741211,67.5999984741211,67.62999725341797,67.5999984741211,67.62999725341797,1816.0
2024-10-25 15:23:00+00:00,SATS,25.184999465942383,25.184999465942383,25.204999923706055,25.184999465942383,25.204999923706055,3117.0
2024-10-25 15:23:00+00:00,SCSC,44.75,44.75,44.75,44.75,44.75,219.0
2024-10-25 15:23:00+00:00,SEDG,15.989999771118164,15.989999771118164,16.030000686645508,15.960000038146973,16.030000686645508,11630.0
2024-10-25 15:23:00+00:00,SHLS,5.235000133514404,5.235000133514404,5.244999885559082,5.230000019073486,5.239999771118164,8155.0
2024-10-25 15:23:00+00:00,SILC,12.930000305175781,12.930000305175781,12.930000305175781,12.930000305175781,12.930000305175781,513.0
2024-10-25 15:23:00+00:00,SIMO,56.255001068115234,56.255001068115234,56.255001068115234,56.255001068115234,56.255001068115234,477.0
2024-10-25 15:23:00+00:00,SITM,178.47999572753906,178.47999572753906,178.47999572753906,178.47999572753906,178.47999572753906,638.0
2024-10-25 15:23:00+00:00,SKYT,10.449999809265137,10.449999809265137,10.470000267028809,10.449999809265137,10.460000038146973,1674.0
2024-10-25 15:23:00+00:00,SLAB,113.47000122070312,113.47000122070312,113.62999725341797,113.47000122070312,113.62999725341797,312.0
2024-10-25 15:23:00+00:00,SMCI,47.41999816894531,47.41999816894531,47.439998626708984,47.3650016784668,47.38999938964844,39537.0
2024-10-25 15:23:00+00:00,SMTC,45.5724983215332,45.5724983215332,45.630001068115234,45.56999969482422,45.630001068115234,2104.0
2024-10-25 15:23:00+00:00,SNPS,501.8450012207031,501.8450012207031,501.9674987792969,501.7200012207031,501.9674987792969,1901.0
2024-10-25 15:23:00+00:00,SONO,12.680000305175781,12.680000305175781,12.699999809265137,12.680000305175781,12.699999809265137,2214.0
2024-10-25 15:23:00+00:00,SOUN,5.184999942779541,5.184999942779541,5.189899921417236,5.184999942779541,5.189899921417236,2771.0
2024-10-25 15:23:00+00:00,SPSC,170.4600067138672,170.4600067138672,170.4600067138672,170.3699951171875,170.3699951171875,1780.0
2024-10-25 15:23:00+00:00,SRAD,12.305000305175781,12.305000305175781,12.3100004196167,12.300000190734863,12.305000305175781,1801.0
2024-10-25 15:23:00+00:00,SSNC,70.0250015258789,70.0250015258789,70.03500366210938,69.95999908447266,69.96499633789062,14958.0
2024-10-25 15:23:00+00:00,SSYS,7.005000114440918,7.005000114440918,7.010000228881836,7.005000114440918,7.010000228881836,1877.0
2024-10-25 15:23:00+00:00,STER,16.739999771118164,16.739999771118164,16.739999771118164,16.729999542236328,16.735000610351562,3798.0
2024-10-25 15:23:00+00:00,STNE,11.545000076293945,11.545000076293945,11.555000305175781,11.545000076293945,11.555000305175781,15341.0
2024-10-25 15:23:00+00:00,STX,103.55000305175781,103.55000305175781,103.58000183105469,103.51000213623047,103.55770111083984,7823.0
2024-10-25 15:23:00+00:00,SVRE,0.0778999999165535,0.0778999999165535,0.0778999999165535,0.0778999999165535,0.0778999999165535,111.0
2024-10-25 15:23:00+00:00,SWKS,95.76499938964844,95.76499938964844,95.76499938964844,95.7300033569336,95.76000213623047,2719.0
2024-10-25 15:23:00+00:00,SYNA,72.30000305175781,72.30000305175781,72.31999969482422,72.25,72.31999969482422,1494.0
2024-10-25 15:23:00+00:00,SYTA,1.2799999713897705,1.2799999713897705,1.2799999713897705,1.2799999713897705,1.2799999713897705,983.0
2024-10-25 15:23:00+00:00,TACT,4.150000095367432,4.150000095367432,4.150000095367432,4.150000095367432,4.150000095367432,100.0
2024-10-25 15:23:00+00:00,TAOP,0.4828000068664551,0.4828000068664551,0.4828000068664551,0.4828000068664551,0.4828000068664551,22222.0
2024-10-25 15:23:00+00:00,TEAM,188.9199981689453,188.9199981689453,189.13999938964844,188.9199981689453,189.13999938964844,4337.0
2024-10-25 15:23:00+00:00,TENB,41.63999938964844,41.63999938964844,41.63999938964844,41.63999938964844,41.63999938964844,981.0
2024-10-25 15:23:00+00:00,TER,112.08989715576172,112.08989715576172,112.16000366210938,112.08989715576172,112.1500015258789,6389.0
2024-10-25 15:23:00+00:00,TLS,3.565000057220459,3.565000057220459,3.565000057220459,3.565000057220459,3.565000057220459,295.0
2024-10-25 15:23:00+00:00,TRMB,60.90999984741211,60.90999984741211,60.90999984741211,60.90999984741211,60.90999984741211,1452.0
2024-10-25 15:23:00+00:00,TSEM,44.63999938964844,44.63999938964844,44.63999938964844,44.63999938964844,44.63999938964844,604.0
2024-10-25 15:23:00+00:00,TTD,119.1500015258789,119.1500015258789,119.16000366210938,119.11000061035156,119.1449966430664,5251.0
2024-10-25 15:23:00+00:00,TTMI,19.760000228881836,19.760000228881836,19.760000228881836,19.739999771118164,19.75,3338.0
2024-10-25 15:23:00+00:00,TWKS,4.445000171661377,4.445000171661377,4.445000171661377,4.440000057220459,4.445000171661377,1656.0
2024-10-25 15:23:00+00:00,TXN,207.24000549316406,207.24000549316406,207.25999450683594,207.17999267578125,207.25999450683594,7559.0
2024-10-25 15:23:00+00:00,UCTT,35.709999084472656,35.709999084472656,35.7599983215332,35.709999084472656,35.7599983215332,2414.0
2024-10-25 15:23:00+00:00,VECO,29.299999237060547,29.299999237060547,29.309999465942383,29.299999237060547,29.309999465942383,1363.0
2024-10-25 15:23:00+00:00,VERI,3.440000057220459,3.440000057220459,3.440000057220459,3.440000057220459,3.440000057220459,200.0
2024-10-25 15:23:00+00:00,VERX,41.85499954223633,41.85499954223633,41.90999984741211,41.85499954223633,41.90999984741211,1872.0
2024-10-25 15:23:00+00:00,VIAV,9.194999694824219,9.194999694824219,9.194999694824219,9.194999694824219,9.194999694824219,3271.0
2024-10-25 15:23:00+00:00,VICR,46.57500076293945,46.57500076293945,46.599998474121094,46.57500076293945,46.595001220703125,725.0
2024-10-25 15:23:00+00:00,VMEO,4.755000114440918,4.755000114440918,4.755000114440918,4.755000114440918,4.755000114440918,1504.0
2024-10-25 15:23:00+00:00,VNET,3.375,3.375,3.375,3.375,3.375,875.0
2024-10-25 15:23:00+00:00,VOXX,7.53000020980835,7.53000020980835,7.53000020980835,7.53000020980835,7.53000020980835,506.0
2024-10-25 15:23:00+00:00,VRAR,0.7174999713897705,0.7174999713897705,0.7174999713897705,0.7174999713897705,0.7174999713897705,276.0
2024-10-25 15:23:00+00:00,VRNS,56.720001220703125,56.720001220703125,56.720001220703125,56.68000030517578,56.70500183105469,3269.0
2024-10-25 15:23:00+00:00,VRNT,21.829999923706055,21.829999923706055,21.850000381469727,21.829999923706055,21.850000381469727,1173.0
2024-10-25 15:23:00+00:00,VRSN,181.6300048828125,181.6300048828125,181.6699981689453,181.58999633789062,181.60000610351562,2579.0
2024-10-25 15:23:00+00:00,VSAT,10.204999923706055,10.204999923706055,10.220000267028809,10.204999923706055,10.220000267028809,1832.0
2024-10-25 15:23:00+00:00,VUZI,1.284999966621399,1.284999966621399,1.2899999618530273,1.284999966621399,1.2893999814987183,3872.0
2024-10-25 15:23:00+00:00,WALD,3.5,3.5,3.5,3.5,3.5,2.0
2024-10-25 15:23:00+00:00,WDAY,238.22000122070312,238.22000122070312,238.2899932861328,238.22000122070312,238.2899932861328,1594.0
2024-10-25 15:23:00+00:00,WDC,70.22000122070312,70.22000122070312,70.23500061035156,70.18000030517578,70.23500061035156,82341.0
2024-10-25 15:23:00+00:00,WISA,2.009999990463257,2.009999990463257,2.009999990463257,2.0,2.0,1370.0
2024-10-25 15:23:00+00:00,WLDS,3.609999895095825,3.609999895095825,3.609999895095825,3.609999895095825,3.609999895095825,300.0
2024-10-25 15:23:00+00:00,XPER,9.375,9.375,9.375,9.375,9.375,2404.0
2024-10-25 15:23:00+00:00,XRX,9.984999656677246,9.984999656677246,10.0,9.984999656677246,9.989999771118164,1958.0
2024-10-25 15:23:00+00:00,ZBRA,361.1400146484375,361.1400146484375,361.260009765625,361.1400146484375,361.260009765625,3258.0
2024-10-25 15:23:00+00:00,ZI,10.475000381469727,10.475000381469727,10.475000381469727,10.475000381469727,10.475000381469727,1421.0
2024-10-25 15:23:00+00:00,ZM,72.90499877929688,72.90499877929688,72.90499877929688,72.88999938964844,72.9000015258789,3982.0
2024-10-25 15:23:00+00:00,ZS,184.6999969482422,184.6999969482422,184.72999572753906,184.6999969482422,184.72999572753906,707.0
2024-10-25 15:24:00+00:00,AAOI,17.559999465942383,17.559999465942383,17.559999465942383,17.559999465942383,17.559999465942383,474.0
2024-10-25 15:24:00+00:00,AAPL,231.4199981689453,231.4199981689453,231.49000549316406,231.3699951171875,231.49000549316406,47779.0
2024-10-25 15:24:00+00:00,ACIW,48.75,48.75,48.7599983215332,48.7400016784668,48.7599983215332,1565.0
2024-10-25 15:24:00+00:00,ACLS,89.76000213623047,89.76000213623047,89.76000213623047,89.76000213623047,89.76000213623047,1005.0
2024-10-25 15:24:00+00:00,ADBE,482.6400146484375,482.6400146484375,482.82000732421875,482.6400146484375,482.6700134277344,2508.0
2024-10-25 15:24:00+00:00,ADI,230.8000030517578,230.8000030517578,230.86500549316406,230.7949981689453,230.86500549316406,1964.0
2024-10-25 15:24:00+00:00,ADTN,6.289999961853027,6.289999961853027,6.289999961853027,6.289999961853027,6.289999961853027,786.0
2024-10-25 15:24:00+00:00,AEHR,16.90999984741211,16.90999984741211,16.90999984741211,16.90999984741211,16.90999984741211,548.0
2024-10-25 15:24:00+00:00,AFRM,41.18000030517578,41.18000030517578,41.2400016784668,41.16999816894531,41.224998474121094,20371.0
2024-10-25 15:24:00+00:00,AGYS,110.87999725341797,110.87999725341797,110.88999938964844,110.87999725341797,110.88999938964844,319.0
2024-10-25 15:24:00+00:00,AKAM,101.73500061035156,101.73500061035156,101.79000091552734,101.73500061035156,101.79000091552734,1905.0
2024-10-25 15:24:00+00:00,AKTS,0.05999999865889549,0.05999999865889549,0.05999999865889549,0.05999999865889549,0.05999999865889549,15000.0
2024-10-25 15:24:00+00:00,ALGM,23.170000076293945,23.170000076293945,23.174999237060547,23.155000686645508,23.15999984741211,6547.0
2024-10-25 15:24:00+00:00,ALKT,38.130001068115234,38.130001068115234,38.15999984741211,38.130001068115234,38.15999984741211,531.0
2024-10-25 15:24:00+00:00,ALRM,54.31999969482422,54.31999969482422,54.31999969482422,54.31999969482422,54.31999969482422,701.0
2024-10-25 15:24:00+00:00,ALTR,103.91500091552734,103.91500091552734,103.9800033569336,103.91500091552734,103.9800033569336,1117.0
2024-10-25 15:24:00+00:00,AMAT,186.77999877929688,186.77999877929688,186.8699951171875,186.75,186.8300018310547,4377.0
2024-10-25 15:24:00+00:00,AMBA,57.75,57.75,57.75,57.75,57.75,320.0
2024-10-25 15:24:00+00:00,AMD,156.16940307617188,156.16940307617188,156.24989318847656,156.11000061035156,156.21499633789062,35612.0
2024-10-25 15:24:00+00:00,AMKR,29.969999313354492,29.969999313354492,29.969999313354492,29.969999313354492,29.969999313354492,633.0
2024-10-25 15:24:00+00:00,AMPL,9.095000267028809,9.095000267028809,9.095000267028809,9.095000267028809,9.095000267028809,464.0
2024-10-25 15:24:00+00:00,ANSS,323.20001220703125,323.20001220703125,323.32000732421875,323.1400146484375,323.1400146484375,795.0
2024-10-25 15:24:00+00:00,ANY,1.0499999523162842,1.0499999523162842,1.0499999523162842,1.0499999523162842,1.0499999523162842,500.0
2024-10-25 15:24:00+00:00,API,2.875,2.875,2.875,2.875,2.875,60.0
2024-10-25 15:24:00+00:00,APP,161.5399932861328,161.5399932861328,161.5399932861328,161.38999938964844,161.4499969482422,6485.0
2024-10-25 15:24:00+00:00,APPF,212.27000427246094,212.27000427246094,212.3300018310547,212.27000427246094,212.3300018310547,2606.0
2024-10-25 15:24:00+00:00,APPN,32.21500015258789,32.21500015258789,32.224998474121094,32.17499923706055,32.17499923706055,2099.0
2024-10-25 15:24:00+00:00,ARRY,6.429999828338623,6.429999828338623,6.460000038146973,6.429999828338623,6.45989990234375,29471.0
2024-10-25 15:24:00+00:00,ASML,713.9321899414062,713.9321899414062,714.2100219726562,713.2999877929688,714.2098999023438,3251.0
2024-10-25 15:24:00+00:00,ASTI,2.7799999713897705,2.7799999713897705,2.7799999713897705,2.7799999713897705,2.7799999713897705,685.0
2024-10-25 15:24:00+00:00,ASUR,9.59000015258789,9.59000015258789,9.59000015258789,9.59000015258789,9.59000015258789,1357.0
2024-10-25 15:24:00+00:00,AUR,6.375,6.375,6.400000095367432,6.375,6.400000095367432,16562.0
2024-10-25 15:24:00+00:00,AVDX,8.09000015258789,8.09000015258789,8.095000267028809,8.09000015258789,8.095000267028809,15966.0
2024-10-25 15:24:00+00:00,AVGO,173.55999755859375,173.55999755859375,173.625,173.5,173.61000061035156,26458.0
2024-10-25 15:24:00+00:00,AVT,54.11000061035156,54.11000061035156,54.11000061035156,54.11000061035156,54.11000061035156,655.0
2024-10-25 15:24:00+00:00,AZPN,237.52000427246094,237.52000427246094,237.52000427246094,237.52000427246094,237.52000427246094,503.0
2024-10-25 15:24:00+00:00,BASE,16.200000762939453,16.200000762939453,16.200000762939453,16.200000762939453,16.200000762939453,215.0
2024-10-25 15:24:00+00:00,BIGC,5.260000228881836,5.260000228881836,5.260000228881836,5.260000228881836,5.260000228881836,4956.0
2024-10-25 15:24:00+00:00,BL,56.34000015258789,56.34000015258789,56.349998474121094,56.34000015258789,56.349998474121094,675.0
2024-10-25 15:24:00+00:00,BLKB,85.54000091552734,85.54000091552734,85.58999633789062,85.54000091552734,85.58999633789062,893.0
2024-10-25 15:24:00+00:00,BMBL,7.074999809265137,7.074999809265137,7.074999809265137,7.073999881744385,7.073999881744385,3133.0
2024-10-25 15:24:00+00:00,BRZE,30.53499984741211,30.53499984741211,30.549999237060547,30.53499984741211,30.549999237060547,715.0
2024-10-25 15:24:00+00:00,CAN,0.9728999733924866,0.9728999733924866,0.9749000072479248,0.9728000164031982,0.9749000072479248,3459.0
2024-10-25 15:24:00+00:00,CCSI,20.1299991607666,20.1299991607666,20.15999984741211,20.1299991607666,20.15999984741211,671.0
2024-10-25 15:24:00+00:00,CDNS,257.45001220703125,257.45001220703125,257.4700012207031,257.4100036621094,257.4100036621094,3951.0
2024-10-25 15:24:00+00:00,CDW,217.75999450683594,217.75999450683594,217.77099609375,217.74000549316406,217.77099609375,1743.0
2024-10-25 15:24:00+00:00,CETX,0.30090001225471497,0.30090001225471497,0.30090001225471497,0.299699991941452,0.299699991941452,3750.0
2024-10-25 15:24:00+00:00,CFLT,22.40999984741211,22.40999984741211,22.415000915527344,22.40999984741211,22.415000915527344,2450.0
2024-10-25 15:24:00+00:00,CGNX,38.79499816894531,38.79499816894531,38.80500030517578,38.79499816894531,38.80500030517578,2781.0
2024-10-25 15:24:00+00:00,CHKP,205.86000061035156,205.86000061035156,205.86000061035156,205.86000061035156,205.86000061035156,973.0
2024-10-25 15:24:00+00:00,CLSK,11.579999923706055,11.579999923706055,11.589799880981445,11.569999694824219,11.569999694824219,25764.0
2024-10-25 15:24:00+00:00,COHR,95.51000213623047,95.51000213623047,95.55249786376953,95.51000213623047,95.55000305175781,1978.0
2024-10-25 15:24:00+00:00,COIN,205.6999969482422,205.6999969482422,205.9199981689453,205.5800018310547,205.88999938964844,16926.0
2024-10-25 15:24:00+00:00,COMM,6.215000152587891,6.215000152587891,6.215000152587891,6.2144999504089355,6.2144999504089355,1692.0
2024-10-25 15:24:00+00:00,CORZ,13.274999618530273,13.274999618530273,13.279999732971191,13.270000457763672,13.270000457763672,5799.0
2024-10-25 15:24:00+00:00,CRCT,6.570000171661377,6.570000171661377,6.570000171661377,6.570000171661377,6.570000171661377,240.0
2024-10-25 15:24:00+00:00,CRDO,39.08000183105469,39.08000183105469,39.08000183105469,39.08000183105469,39.08000183105469,2298.0
2024-10-25 15:24:00+00:00,CRSR,6.315000057220459,6.315000057220459,6.320000171661377,6.315000057220459,6.320000171661377,2184.0
2024-10-25 15:24:00+00:00,CRUS,122.13999938964844,122.13999938964844,122.13999938964844,122.13999938964844,122.13999938964844,389.0
2024-10-25 15:24:00+00:00,CRWD,298.635009765625,298.635009765625,298.7409973144531,298.3500061035156,298.55999755859375,6873.0
2024-10-25 15:24:00+00:00,CSCO,55.720001220703125,55.720001220703125,55.724998474121094,55.71500015258789,55.720001220703125,13545.0
2024-10-25 15:24:00+00:00,CSIQ,13.369999885559082,13.369999885559082,13.398900032043457,13.359999656677246,13.398900032043457,3904.0
2024-10-25 15:24:00+00:00,CTLP,8.914999961853027,8.914999961853027,8.914999961853027,8.914999961853027,8.914999961853027,138.0
2024-10-25 15:24:00+00:00,CTSH,74.69999694824219,74.69999694824219,74.69999694824219,74.69000244140625,74.69000244140625,13229.0
2024-10-25 15:24:00+00:00,DAKT,13.0600004196167,13.0600004196167,13.069999694824219,13.0600004196167,13.069999694824219,301.0
2024-10-25 15:24:00+00:00,DATS,1.585800051689148,1.585800051689148,1.585800051689148,1.585800051689148,1.585800051689148,10.0
2024-10-25 15:24:00+00:00,DBX,26.040000915527344,26.040000915527344,26.040000915527344,26.040000915527344,26.040000915527344,2095.0
2024-10-25 15:24:00+00:00,DCBO,45.904998779296875,45.904998779296875,45.904998779296875,45.904998779296875,45.904998779296875,837.0
2024-10-25 15:24:00+00:00,DDOG,126.33499908447266,126.33499908447266,126.37000274658203,126.33000183105469,126.33499908447266,4329.0
2024-10-25 15:24:00+00:00,DGHI,1.5084999799728394,1.5084999799728394,1.5084999799728394,1.5084999799728394,1.5084999799728394,3820.0
2024-10-25 15:24:00+00:00,DGII,30.049999237060547,30.049999237060547,30.049999237060547,30.049999237060547,30.049999237060547,402.0
2024-10-25 15:24:00+00:00,DMRC,31.809999465942383,31.809999465942383,31.809999465942383,31.798500061035156,31.798500061035156,1500.0
2024-10-25 15:24:00+00:00,DOCU,69.01000213623047,69.01000213623047,69.01000213623047,68.98999786376953,69.00499725341797,4867.0
2024-10-25 15:24:00+00:00,DOX,88.91850280761719,88.91850280761719,88.91850280761719,88.91000366210938,88.91000366210938,1118.0
2024-10-25 15:24:00+00:00,DSGX,104.08000183105469,104.08000183105469,104.08000183105469,104.08000183105469,104.08000183105469,1130.0
2024-10-25 15:24:00+00:00,DSP,11.475700378417969,11.475700378417969,11.475700378417969,11.475700378417969,11.475700378417969,212.0
2024-10-25 15:24:00+00:00,DTSS,2.4600000381469727,2.4600000381469727,2.4600000381469727,2.4600000381469727,2.4600000381469727,100.0
2024-10-25 15:24:00+00:00,DUOL,290.927490234375,290.927490234375,291.0799865722656,290.8699951171875,291.04998779296875,1401.0
2024-10-25 15:24:00+00:00,ENPH,83.56999969482422,83.56999969482422,83.65080261230469,83.54290008544922,83.6500015258789,11019.0
2024-10-25 15:24:00+00:00,ENTG,104.8550033569336,104.8550033569336,104.86499786376953,104.8550033569336,104.86499786376953,2527.0
2024-10-25 15:24:00+00:00,ERIC,8.460000038146973,8.460000038146973,8.465999603271484,8.460000038146973,8.460000038146973,45231.0
2024-10-25 15:24:00+00:00,EXLS,38.56999969482422,38.56999969482422,38.56999969482422,38.540000915527344,38.54499816894531,1695.0
2024-10-25 15:24:00+00:00,EXTR,14.345000267028809,14.345000267028809,14.345000267028809,14.345000267028809,14.345000267028809,440.0
2024-10-25 15:24:00+00:00,FFIV,216.1699981689453,216.1699981689453,216.27000427246094,216.1699981689453,216.27000427246094,2438.0
2024-10-25 15:24:00+00:00,FIVN,29.81999969482422,29.81999969482422,29.850000381469727,29.815000534057617,29.844999313354492,2558.0
2024-10-25 15:24:00+00:00,FLEX,35.099998474121094,35.099998474121094,35.11000061035156,35.095001220703125,35.10499954223633,5945.0
2024-10-25 15:24:00+00:00,FLYW,17.2549991607666,17.2549991607666,17.2549991607666,17.2549991607666,17.2549991607666,323.0
2024-10-25 15:24:00+00:00,FORM,44.709999084472656,44.709999084472656,44.709999084472656,44.709999084472656,44.709999084472656,649.0
2024-10-25 15:24:00+00:00,FROG,29.270000457763672,29.270000457763672,29.270000457763672,29.270000457763672,29.270000457763672,242.0
2024-10-25 15:24:00+00:00,FRSH,11.585000038146973,11.585000038146973,11.595000267028809,11.579999923706055,11.595000267028809,7765.0
2024-10-25 15:24:00+00:00,FSLR,198.25999450683594,198.25999450683594,198.3000030517578,198.25999450683594,198.3000030517578,1730.0
2024-10-25 15:24:00+00:00,FTCI,0.652999997138977,0.652999997138977,0.652999997138977,0.652999997138977,0.652999997138977,0.0
2024-10-25 15:24:00+00:00,FTNT,80.28500366210938,80.28500366210938,80.37000274658203,80.28500366210938,80.36000061035156,7850.0
2024-10-25 15:24:00+00:00,GCT,24.540000915527344,24.540000915527344,24.540000915527344,24.5,24.507999420166016,1934.0
2024-10-25 15:24:00+00:00,GDS,21.34000015258789,21.34000015258789,21.379899978637695,21.309999465942383,21.309999465942383,4575.0
2024-10-25 15:24:00+00:00,GFS,40.459999084472656,40.459999084472656,40.470001220703125,40.45000076293945,40.470001220703125,1439.0
2024-10-25 15:24:00+00:00,GILT,4.929900169372559,4.929900169372559,4.929900169372559,4.929900169372559,4.929900169372559,738.0
2024-10-25 15:24:00+00:00,GPRO,1.3049999475479126,1.3049999475479126,1.305999994277954,1.3049999475479126,1.305999994277954,2938.0
2024-10-25 15:24:00+00:00,GRAB,4.085000038146973,4.085000038146973,4.085000038146973,4.085000038146973,4.085000038146973,3506.0
2024-10-25 15:24:00+00:00,HCP,33.6349983215332,33.6349983215332,33.6349983215332,33.630001068115234,33.6349983215332,1222.0
2024-10-25 15:24:00+00:00,HLIT,14.770000457763672,14.770000457763672,14.770000457763672,14.770000457763672,14.770000457763672,561.0
2024-10-25 15:24:00+00:00,HOLO,3.630000114440918,3.630000114440918,3.630000114440918,3.625,3.625,518.0
2024-10-25 15:24:00+00:00,HOOD,27.065000534057617,27.065000534057617,27.079999923706055,27.060100555419922,27.06999969482422,8044.0
2024-10-25 15:24:00+00:00,IMMR,8.670000076293945,8.670000076293945,8.670000076293945,8.670000076293945,8.670000076293945,229.0
2024-10-25 15:24:00+00:00,INDI,3.4749999046325684,3.4749999046325684,3.4749999046325684,3.4700000286102295,3.4700000286102295,967.0
2024-10-25 15:24:00+00:00,INFN,6.769999980926514,6.769999980926514,6.769999980926514,6.769999980926514,6.769999980926514,353.0
2024-10-25 15:24:00+00:00,INOD,20.139999389648438,20.139999389648438,20.139999389648438,20.139999389648438,20.139999389648438,767.0
2024-10-25 15:24:00+00:00,INTA,50.040000915527344,50.040000915527344,50.040000915527344,50.040000915527344,50.040000915527344,494.0
2024-10-25 15:24:00+00:00,INTC,22.809999465942383,22.809999465942383,22.82830047607422,22.799999237060547,22.825000762939453,123869.0
2024-10-25 15:24:00+00:00,INTU,608.094970703125,608.094970703125,608.0999755859375,607.969970703125,608.0999755859375,1978.0
2024-10-25 15:24:00+00:00,ITRI,102.37000274658203,102.37000274658203,102.37000274658203,102.37000274658203,102.37000274658203,687.0
2024-10-25 15:24:00+00:00,JKHY,182.9600067138672,182.9600067138672,183.0,182.9199981689453,183.0,1360.0
2024-10-25 15:24:00+00:00,KC,2.684999942779541,2.684999942779541,2.684999942779541,2.680000066757202,2.680000066757202,420.0
2024-10-25 15:24:00+00:00,KLAC,675.2999877929688,675.2999877929688,675.4400024414062,675.2999877929688,675.4400024414062,1000.0
2024-10-25 15:24:00+00:00,KLIC,44.40999984741211,44.40999984741211,44.43000030517578,44.40999984741211,44.43000030517578,282.0
2024-10-25 15:24:00+00:00,KOPN,0.7821999788284302,0.7821999788284302,0.7821999788284302,0.7821999788284302,0.7821999788284302,1062.0
2024-10-25 15:24:00+00:00,KPLT,8.640000343322754,8.640000343322754,8.8149995803833,8.640000343322754,8.729999542236328,3678.0
2024-10-25 15:24:00+00:00,LASR,10.399999618530273,10.399999618530273,10.399999618530273,10.399999618530273,10.399999618530273,283.0
2024-10-25 15:24:00+00:00,LFUS,253.5,253.5,253.5,253.5,253.5,328.0
2024-10-25 15:24:00+00:00,LITE,64.44499969482422,64.44499969482422,64.44999694824219,64.44499969482422,64.44999694824219,1767.0
2024-10-25 15:24:00+00:00,LOGI,80.7699966430664,80.7699966430664,80.80000305175781,80.7699966430664,80.80000305175781,370.0
2024-10-25 15:24:00+00:00,LRCX,78.05030059814453,78.05030059814453,78.13999938964844,78.02899932861328,78.11499786376953,16668.0
2024-10-25 15:24:00+00:00,LSCC,54.029998779296875,54.029998779296875,54.08000183105469,54.029998779296875,54.08000183105469,3089.0
2024-10-25 15:24:00+00:00,LTRX,4.090000152587891,4.090000152587891,4.090000152587891,4.090000152587891,4.090000152587891,318.0
2024-10-25 15:24:00+00:00,LYFT,13.472800254821777,13.472800254821777,13.475000381469727,13.422499656677246,13.425000190734863,126166.0
2024-10-25 15:24:00+00:00,MANH,275.6199951171875,275.6199951171875,275.7449951171875,275.6199951171875,275.7449951171875,1797.0
2024-10-25 15:24:00+00:00,MAPS,0.8305000066757202,0.8305000066757202,0.8305000066757202,0.8305000066757202,0.8305000066757202,142.0
2024-10-25 15:24:00+00:00,MCHP,76.59500122070312,76.59500122070312,76.61000061035156,76.56999969482422,76.61000061035156,7019.0
2024-10-25 15:24:00+00:00,MDB,267.1625061035156,267.1625061035156,267.25,267.1199951171875,267.2300109863281,887.0
2024-10-25 15:24:00+00:00,MITK,8.770000457763672,8.770000457763672,8.770000457763672,8.770000457763672,8.770000457763672,2613.0
2024-10-25 15:24:00+00:00,MKSI,100.87000274658203,100.87000274658203,100.88999938964844,100.86000061035156,100.88999938964844,2841.0
2024-10-25 15:24:00+00:00,MKTW,0.585099995136261,0.585099995136261,0.585099995136261,0.5845000147819519,0.5849999785423279,5017.0
2024-10-25 15:24:00+00:00,MNDY,297.6400146484375,297.6400146484375,297.6400146484375,297.6400146484375,297.6400146484375,749.0
2024-10-25 15:24:00+00:00,MPWR,906.8674926757812,906.8674926757812,907.375,906.8674926757812,907.375,2535.0
2024-10-25 15:24:00+00:00,MQ,5.304999828338623,5.304999828338623,5.309999942779541,5.304999828338623,5.309999942779541,2031.0
2024-10-25 15:24:00+00:00,MRAM,6.369999885559082,6.369999885559082,6.369999885559082,6.369999885559082,6.369999885559082,880.0
2024-10-25 15:24:00+00:00,MRVL,81.91999816894531,81.91999816894531,81.94999694824219,81.91000366210938,81.94000244140625,16486.0
2024-10-25 15:24:00+00:00,MSFT,428.1700134277344,428.1700134277344,428.2300109863281,428.09051513671875,428.2200012207031,12581.0
2024-10-25 15:24:00+00:00,MSTR,233.67999267578125,233.67999267578125,233.92999267578125,233.41000366210938,233.55999755859375,28315.0
2024-10-25 15:24:00+00:00,MTSI,120.94499969482422,120.94499969482422,120.94499969482422,120.94499969482422,120.94499969482422,254.0
2024-10-25 15:24:00+00:00,MTTR,4.554999828338623,4.554999828338623,4.559999942779541,4.550000190734863,4.559999942779541,9897.0
2024-10-25 15:24:00+00:00,MU,108.08000183105469,108.08000183105469,108.1500015258789,108.06999969482422,108.1333999633789,25633.0
2024-10-25 15:24:00+00:00,MVIS,1.0740000009536743,1.0740000009536743,1.0740000009536743,1.0740000009536743,1.0740000009536743,20822.0
2024-10-25 15:24:00+00:00,MXL,14.675000190734863,14.675000190734863,14.680000305175781,14.675000190734863,14.675000190734863,773.0
2024-10-25 15:24:00+00:00,NCNO,37.845001220703125,37.845001220703125,37.845001220703125,37.84000015258789,37.84000015258789,756.0
2024-10-25 15:24:00+00:00,NEON,8.147899627685547,8.147899627685547,8.147899627685547,8.147899627685547,8.147899627685547,565.0
2024-10-25 15:24:00+00:00,NOVT,173.2899932861328,173.2899932861328,173.2899932861328,173.2899932861328,173.2899932861328,122.0
2024-10-25 15:24:00+00:00,NTAP,119.66000366210938,119.66000366210938,119.70500183105469,119.66000366210938,119.70500183105469,860.0
2024-10-25 15:24:00+00:00,NTCT,20.635000228881836,20.635000228881836,20.635000228881836,20.631000518798828,20.631000518798828,948.0
2024-10-25 15:24:00+00:00,NTNX,61.689998626708984,61.689998626708984,61.70000076293945,61.689998626708984,61.70000076293945,1666.0
2024-10-25 15:24:00+00:00,NVDA,141.7949981689453,141.7949981689453,141.88999938964844,141.7740020751953,141.85499572753906,246951.0
2024-10-25 15:24:00+00:00,NVMI,184.0,184.0,184.1300048828125,184.0,184.0,2444.0
2024-10-25 15:24:00+00:00,NVTS,2.5250000953674316,2.5250000953674316,2.5250000953674316,2.5250000953674316,2.5250000953674316,173.0
2024-10-25 15:24:00+00:00,NXPI,243.22999572753906,243.22999572753906,243.33999633789062,243.22999572753906,243.3300018310547,3129.0
2024-10-25 15:24:00+00:00,OKTA,72.16999816894531,72.16999816894531,72.16999816894531,72.16000366210938,72.16000366210938,1043.0
2024-10-25 15:24:00+00:00,ON,71.1500015258789,71.1500015258789,71.16000366210938,71.11000061035156,71.16000366210938,16319.0
2024-10-25 15:24:00+00:00,OSPN,14.5649995803833,14.5649995803833,14.5649995803833,14.5649995803833,14.5649995803833,697.0
2024-10-25 15:24:00+00:00,PANW,366.1400146484375,366.1400146484375,366.30999755859375,366.1400146484375,366.30999755859375,2236.0
2024-10-25 15:24:00+00:00,PAYO,8.345000267028809,8.345000267028809,8.345000267028809,8.345000267028809,8.345000267028809,6567.0
2024-10-25 15:24:00+00:00,PAYS,3.694999933242798,3.694999933242798,3.700000047683716,3.694999933242798,3.700000047683716,961.0
2024-10-25 15:24:00+00:00,PCTY,173.64999389648438,173.64999389648438,173.77999877929688,173.64999389648438,173.77999877929688,1206.0
2024-10-25 15:24:00+00:00,PEGA,79.41000366210938,79.41000366210938,79.41000366210938,79.31999969482422,79.31999969482422,2681.0
2024-10-25 15:24:00+00:00,PEGY,4.71999979019165,4.71999979019165,4.78000020980835,4.710000038146973,4.78000020980835,5904.0
2024-10-25 15:24:00+00:00,PGY,11.9350004196167,11.9350004196167,11.9399995803833,11.9350004196167,11.9399995803833,542.0
2024-10-25 15:24:00+00:00,PHUN,10.239999771118164,10.239999771118164,10.288000106811523,10.239999771118164,10.260000228881836,16075.0
2024-10-25 15:24:00+00:00,PI,201.1699981689453,201.1699981689453,201.22999572753906,201.1199951171875,201.1199951171875,2068.0
2024-10-25 15:24:00+00:00,PLAB,23.639999389648438,23.639999389648438,23.639999389648438,23.639999389648438,23.639999389648438,3267.0
2024-10-25 15:24:00+00:00,PLXS,141.22999572753906,141.22999572753906,141.22999572753906,141.22999572753906,141.22999572753906,917.0
2024-10-25 15:24:00+00:00,PRGS,64.62000274658203,64.62000274658203,64.62000274658203,64.62000274658203,64.62000274658203,896.0
2024-10-25 15:24:00+00:00,PTC,187.0850067138672,187.0850067138672,187.0850067138672,187.0850067138672,187.0850067138672,959.0
2024-10-25 15:24:00+00:00,PYCR,14.335000038146973,14.335000038146973,14.335000038146973,14.335000038146973,14.335000038146973,1023.0
2024-10-25 15:24:00+00:00,QCOM,170.4600067138672,170.4600067138672,170.50999450683594,170.41769409179688,170.5,9633.0
2024-10-25 15:24:00+00:00,QLYS,120.41999816894531,120.41999816894531,120.41999816894531,120.41999816894531,120.41999816894531,105.0
2024-10-25 15:24:00+00:00,QRVO,99.59500122070312,99.59500122070312,99.6500015258789,99.59500122070312,99.6500015258789,2199.0
2024-10-25 15:24:00+00:00,QUBT,1.0700000524520874,1.0700000524520874,1.0700000524520874,1.0700000524520874,1.0700000524520874,310.0
2024-10-25 15:24:00+00:00,QUIK,8.550000190734863,8.550000190734863,8.550000190734863,8.550000190734863,8.550000190734863,245.0
2024-10-25 15:24:00+00:00,RCAT,2.744999885559082,2.744999885559082,2.744999885559082,2.744999885559082,2.744999885559082,200.0
2024-10-25 15:24:00+00:00,REKR,1.089900016784668,1.089900016784668,1.089900016784668,1.089900016784668,1.089900016784668,867.0
2024-10-25 15:24:00+00:00,RELY,14.880000114440918,14.880000114440918,14.890000343322754,14.880000114440918,14.890000343322754,1689.0
2024-10-25 15:24:00+00:00,RGTI,1.2300000190734863,1.2300000190734863,1.2300000190734863,1.2200000286102295,1.2200000286102295,1570.0
2024-10-25 15:24:00+00:00,RIOT,9.735799789428711,9.735799789428711,9.749899864196777,9.729999542236328,9.736599922180176,54015.0
2024-10-25 15:24:00+00:00,RMBS,43.31999969482422,43.31999969482422,43.34000015258789,43.31999969482422,43.31999969482422,3237.0
2024-10-25 15:24:00+00:00,RPAY,7.744999885559082,7.744999885559082,7.744999885559082,7.744999885559082,7.744999885559082,846.0
2024-10-25 15:24:00+00:00,RPD,39.02000045776367,39.02000045776367,39.02000045776367,39.02000045776367,39.02000045776367,465.0
2024-10-25 15:24:00+00:00,RUM,5.704999923706055,5.704999923706055,5.71999979019165,5.704999923706055,5.71999979019165,3951.0
2024-10-25 15:24:00+00:00,RUN,14.394000053405762,14.394000053405762,14.399999618530273,14.394000053405762,14.399999618530273,9207.0
2024-10-25 15:24:00+00:00,SATS,25.125,25.125,25.18000030517578,25.125,25.18000030517578,3516.0
2024-10-25 15:24:00+00:00,SEDG,15.9399995803833,15.9399995803833,15.994999885559082,15.9399995803833,15.989999771118164,27304.0
2024-10-25 15:24:00+00:00,SHLS,5.235000133514404,5.235000133514404,5.239999771118164,5.230000019073486,5.230000019073486,4173.0
2024-10-25 15:24:00+00:00,SKYT,10.460000038146973,10.460000038146973,10.460000038146973,10.460000038146973,10.460000038146973,779.0
2024-10-25 15:24:00+00:00,SLAB,113.51499938964844,113.51499938964844,113.51499938964844,113.44000244140625,113.44000244140625,1241.0
2024-10-25 15:24:00+00:00,SMCI,47.400001525878906,47.400001525878906,47.43000030517578,47.38999938964844,47.40999984741211,13341.0
2024-10-25 15:24:00+00:00,SMTC,45.58000183105469,45.58000183105469,45.61000061035156,45.557498931884766,45.61000061035156,9250.0
2024-10-25 15:24:00+00:00,SNPS,501.2699890136719,501.2699890136719,501.3399963378906,501.17999267578125,501.3399963378906,1714.0
2024-10-25 15:24:00+00:00,SOUN,5.190000057220459,5.190000057220459,5.190000057220459,5.179999828338623,5.179999828338623,12290.0
2024-10-25 15:24:00+00:00,SRAD,12.3100004196167,12.3100004196167,12.3100004196167,12.300000190734863,12.300000190734863,5003.0
2024-10-25 15:24:00+00:00,SSNC,70.03500366210938,70.03500366210938,70.05999755859375,70.02999877929688,70.04000091552734,4747.0
2024-10-25 15:24:00+00:00,STNE,11.53499984741211,11.53499984741211,11.545999526977539,11.53499984741211,11.545999526977539,3559.0
2024-10-25 15:24:00+00:00,STX,103.48999786376953,103.48999786376953,103.55000305175781,103.4800033569336,103.55000305175781,6963.0
2024-10-25 15:24:00+00:00,SVRE,0.0778999999165535,0.0778999999165535,0.0778999999165535,0.0778999999165535,0.0778999999165535,109.0
2024-10-25 15:24:00+00:00,SWKS,95.69999694824219,95.69999694824219,95.75,95.69999694824219,95.74500274658203,3175.0
2024-10-25 15:24:00+00:00,TAOP,0.4903999865055084,0.4903999865055084,0.4903999865055084,0.4903999865055084,0.4903999865055084,0.0
2024-10-25 15:24:00+00:00,TEAM,188.92999267578125,188.92999267578125,188.92999267578125,188.89999389648438,188.89999389648438,951.0
2024-10-25 15:24:00+00:00,TENB,41.65999984741211,41.65999984741211,41.65999984741211,41.650001525878906,41.65999984741211,2429.0
2024-10-25 15:24:00+00:00,TER,111.9800033569336,111.9800033569336,112.13500213623047,111.96399688720703,112.11000061035156,6957.0
2024-10-25 15:24:00+00:00,TRMB,60.88999938964844,60.88999938964844,60.900001525878906,60.88999938964844,60.900001525878906,987.0
2024-10-25 15:24:00+00:00,TTD,119.06999969482422,119.06999969482422,119.13500213623047,119.05000305175781,119.13500213623047,39221.0
2024-10-25 15:24:00+00:00,TTMI,19.760000228881836,19.760000228881836,19.760000228881836,19.75,19.75,1090.0
2024-10-25 15:24:00+00:00,TWKS,4.445000171661377,4.445000171661377,4.445000171661377,4.445000171661377,4.445000171661377,604.0
2024-10-25 15:24:00+00:00,TXN,207.13999938964844,207.13999938964844,207.2449951171875,207.13999938964844,207.22000122070312,6408.0
2024-10-25 15:24:00+00:00,UCTT,35.689998626708984,35.689998626708984,35.71500015258789,35.689998626708984,35.71500015258789,851.0
2024-10-25 15:24:00+00:00,UEIC,8.069999694824219,8.069999694824219,8.069999694824219,8.069999694824219,8.069999694824219,242.0
2024-10-25 15:24:00+00:00,VECO,29.290000915527344,29.290000915527344,29.290000915527344,29.290000915527344,29.290000915527344,192.0
2024-10-25 15:24:00+00:00,VERI,3.440000057220459,3.440000057220459,3.440000057220459,3.440000057220459,3.440000057220459,95.0
2024-10-25 15:24:00+00:00,VERX,41.849998474121094,41.849998474121094,41.849998474121094,41.849998474121094,41.849998474121094,814.0
2024-10-25 15:24:00+00:00,VIAV,9.1899995803833,9.1899995803833,9.199999809265137,9.1899995803833,9.1899995803833,10542.0
2024-10-25 15:24:00+00:00,VICR,46.560001373291016,46.560001373291016,46.584999084472656,46.560001373291016,46.56999969482422,1141.0
2024-10-25 15:24:00+00:00,VRNS,56.709999084472656,56.709999084472656,56.729000091552734,56.689998626708984,56.71500015258789,4373.0
2024-10-25 15:24:00+00:00,VRNT,21.84000015258789,21.84000015258789,21.84000015258789,21.84000015258789,21.84000015258789,318.0
2024-10-25 15:24:00+00:00,VRSN,181.60499572753906,181.60499572753906,181.60499572753906,181.50999450683594,181.5399932861328,4427.0
2024-10-25 15:24:00+00:00,VSAT,10.204999923706055,10.204999923706055,10.204999923706055,10.204999923706055,10.204999923706055,1430.0
2024-10-25 15:24:00+00:00,VUZI,1.2949999570846558,1.2949999570846558,1.2949999570846558,1.284999966621399,1.284999966621399,19214.0
2024-10-25 15:24:00+00:00,WDAY,237.82000732421875,237.82000732421875,238.16000366210938,237.82000732421875,238.16000366210938,3425.0
2024-10-25 15:24:00+00:00,WDC,70.20999908447266,70.20999908447266,70.25,70.19000244140625,70.20999908447266,21401.0
2024-10-25 15:24:00+00:00,WISA,2.015000104904175,2.015000104904175,2.015000104904175,2.009999990463257,2.009999990463257,1000.0
2024-10-25 15:24:00+00:00,WLDS,3.609999895095825,3.609999895095825,3.609999895095825,3.609999895095825,3.609999895095825,1829.0
2024-10-25 15:24:00+00:00,XRX,9.984999656677246,9.984999656677246,9.984999656677246,9.979999542236328,9.979999542236328,1396.0
2024-10-25 15:24:00+00:00,ZI,10.470000267028809,10.470000267028809,10.479999542236328,10.470000267028809,10.479999542236328,5248.0
2024-10-25 15:24:00+00:00,ZM,72.88500213623047,72.88500213623047,72.91000366210938,72.88500213623047,72.91000366210938,7658.0
2024-10-25 15:24:00+00:00,ZS,184.66000366210938,184.66000366210938,184.71499633789062,184.66000366210938,184.69000244140625,713.0
2024-10-25 15:25:00+00:00,AAOI,17.579999923706055,17.579999923706055,17.582000732421875,17.56999969482422,17.56999969482422,2834.0
2024-10-25 15:25:00+00:00,AAPL,231.42999267578125,231.42999267578125,231.48199462890625,231.41000366210938,231.4149932861328,26261.0
2024-10-25 15:25:00+00:00,ACIW,48.7599983215332,48.7599983215332,48.7599983215332,48.744998931884766,48.744998931884766,994.0
2024-10-25 15:25:00+00:00,ACMR,19.600000381469727,19.600000381469727,19.610000610351562,19.600000381469727,19.600000381469727,860.0
2024-10-25 15:25:00+00:00,ADBE,482.92498779296875,482.92498779296875,482.989990234375,482.7650146484375,482.7650146484375,3069.0
2024-10-25 15:25:00+00:00,ADI,230.8699951171875,230.8699951171875,230.8699951171875,230.8699951171875,230.8699951171875,824.0
2024-10-25 15:25:00+00:00,ADSK,286.2799987792969,286.2799987792969,286.2799987792969,286.2749938964844,286.2749938964844,374.0
2024-10-25 15:25:00+00:00,ADTN,6.284999847412109,6.284999847412109,6.284999847412109,6.284999847412109,6.284999847412109,210.0
2024-10-25 15:25:00+00:00,AEHR,16.920000076293945,16.920000076293945,16.920000076293945,16.920000076293945,16.920000076293945,553.0
2024-10-25 15:25:00+00:00,AEYE,22.5,22.5,22.5,22.5,22.5,440.0
2024-10-25 15:25:00+00:00,AFRM,41.23649978637695,41.23649978637695,41.23649978637695,41.18899917602539,41.18899917602539,7889.0
2024-10-25 15:25:00+00:00,AGYS,110.78500366210938,110.78500366210938,110.81999969482422,110.78500366210938,110.81999969482422,1359.0
2024-10-25 15:25:00+00:00,AKAM,101.72000122070312,101.72000122070312,101.75,101.70999908447266,101.75,5936.0
2024-10-25 15:25:00+00:00,AKTS,0.05999999865889549,0.05999999865889549,0.05999999865889549,0.05999999865889549,0.05999999865889549,8085.0
2024-10-25 15:25:00+00:00,ALGM,23.170000076293945,23.170000076293945,23.21500015258789,23.170000076293945,23.18000030517578,14593.0
2024-10-25 15:25:00+00:00,ALKT,38.16999816894531,38.16999816894531,38.16999816894531,38.15999984741211,38.15999984741211,841.0
2024-10-25 15:25:00+00:00,AMAT,186.99000549316406,186.99000549316406,186.99000549316406,186.8300018310547,186.8300018310547,2850.0
2024-10-25 15:25:00+00:00,AMBA,57.72999954223633,57.72999954223633,57.72999954223633,57.72999954223633,57.72999954223633,414.0
2024-10-25 15:25:00+00:00,AMD,156.25,156.25,156.2899932861328,156.17999267578125,156.17999267578125,42150.0
2024-10-25 15:25:00+00:00,AMKR,29.969999313354492,29.969999313354492,29.979999542236328,29.969999313354492,29.979999542236328,1047.0
2024-10-25 15:25:00+00:00,ANSS,323.1925048828125,323.1925048828125,323.30999755859375,323.1925048828125,323.30999755859375,833.0
2024-10-25 15:25:00+00:00,ANY,1.0499999523162842,1.0499999523162842,1.0499999523162842,1.0499999523162842,1.0499999523162842,519.0
2024-10-25 15:25:00+00:00,APP,161.72999572753906,161.72999572753906,161.72999572753906,161.57200622558594,161.6199951171875,3367.0
2024-10-25 15:25:00+00:00,APPF,212.41000366210938,212.41000366210938,212.41000366210938,212.41000366210938,212.41000366210938,403.0
2024-10-25 15:25:00+00:00,APPN,32.22999954223633,32.22999954223633,32.2400016784668,32.22999954223633,32.22999954223633,721.0
2024-10-25 15:25:00+00:00,APPS,3.069999933242798,3.069999933242798,3.069999933242798,3.069999933242798,3.069999933242798,742.0
2024-10-25 15:25:00+00:00,ARRY,6.449999809265137,6.449999809265137,6.449999809265137,6.429999828338623,6.434999942779541,26707.0
2024-10-25 15:25:00+00:00,ASML,713.5549926757812,713.5549926757812,713.5549926757812,713.5549926757812,713.5549926757812,1693.0
2024-10-25 15:25:00+00:00,AUR,6.385000228881836,6.385000228881836,6.385000228881836,6.375,6.375,19452.0
2024-10-25 15:25:00+00:00,AVDX,8.09000015258789,8.09000015258789,8.09000015258789,8.085000038146973,8.085000038146973,1473.0
2024-10-25 15:25:00+00:00,AVGO,173.61000061035156,173.61000061035156,173.6699981689453,173.54010009765625,173.54010009765625,15976.0
2024-10-25 15:25:00+00:00,AVPT,11.904999732971191,11.904999732971191,11.90999984741211,11.904999732971191,11.90999984741211,1698.0
2024-10-25 15:25:00+00:00,AVT,54.11000061035156,54.11000061035156,54.119998931884766,54.11000061035156,54.11000061035156,1941.0
2024-10-25 15:25:00+00:00,BASE,16.209999084472656,16.209999084472656,16.209999084472656,16.209999084472656,16.209999084472656,1006.0
2024-10-25 15:25:00+00:00,BIGC,5.264999866485596,5.264999866485596,5.264999866485596,5.264999866485596,5.264999866485596,548.0
2024-10-25 15:25:00+00:00,BL,56.36000061035156,56.36000061035156,56.36000061035156,56.36000061035156,56.36000061035156,782.0
2024-10-25 15:25:00+00:00,BLKB,85.62999725341797,85.62999725341797,85.62999725341797,85.62999725341797,85.62999725341797,748.0
2024-10-25 15:25:00+00:00,BLZE,7.161600112915039,7.161600112915039,7.161600112915039,7.161600112915039,7.161600112915039,1219.0
2024-10-25 15:25:00+00:00,BMBL,7.085000038146973,7.085000038146973,7.085000038146973,7.074999809265137,7.074999809265137,7426.0
2024-10-25 15:25:00+00:00,BRZE,30.524999618530273,30.524999618530273,30.530000686645508,30.524999618530273,30.530000686645508,1610.0
2024-10-25 15:25:00+00:00,CAN,0.9728999733924866,0.9728999733924866,0.9728999733924866,0.9728999733924866,0.9728999733924866,0.0
2024-10-25 15:25:00+00:00,CDNS,257.5249938964844,257.5249938964844,257.57000732421875,257.43499755859375,257.43499755859375,2512.0
2024-10-25 15:25:00+00:00,CDW,217.8000030517578,217.8000030517578,217.8350067138672,217.8000030517578,217.8350067138672,851.0
2024-10-25 15:25:00+00:00,CETX,0.2985000014305115,0.2985000014305115,0.2985000014305115,0.2985000014305115,0.2985000014305115,0.0
2024-10-25 15:25:00+00:00,CFLT,22.415000915527344,22.415000915527344,22.43000030517578,22.40999984741211,22.43000030517578,3934.0
2024-10-25 15:25:00+00:00,CGNT,6.630000114440918,6.630000114440918,6.630000114440918,6.630000114440918,6.630000114440918,203.0
2024-10-25 15:25:00+00:00,CGNX,38.80500030517578,38.80500030517578,38.80500030517578,38.790000915527344,38.790000915527344,3820.0
2024-10-25 15:25:00+00:00,CLBT,18.22100067138672,18.22100067138672,18.225000381469727,18.219999313354492,18.225000381469727,971.0
2024-10-25 15:25:00+00:00,CLSK,11.611900329589844,11.611900329589844,11.625399589538574,11.579999923706055,11.579999923706055,103784.0
2024-10-25 15:25:00+00:00,CMTL,3.829699993133545,3.829699993133545,3.829699993133545,3.829699993133545,3.829699993133545,1956.0
2024-10-25 15:25:00+00:00,CNDT,3.5899999141693115,3.5899999141693115,3.5899999141693115,3.5899999141693115,3.5899999141693115,642.0
2024-10-25 15:25:00+00:00,COHR,95.54000091552734,95.54000091552734,95.58999633789062,95.52999877929688,95.52999877929688,2757.0
2024-10-25 15:25:00+00:00,COIN,206.2183074951172,206.2183074951172,206.27000427246094,205.72999572753906,205.72999572753906,17857.0
2024-10-25 15:25:00+00:00,COMM,6.215000152587891,6.215000152587891,6.219900131225586,6.215000152587891,6.215000152587891,2409.0
2024-10-25 15:25:00+00:00,CORZ,13.274999618530273,13.274999618530273,13.300000190734863,13.274999618530273,13.274999618530273,11781.0
2024-10-25 15:25:00+00:00,CRCT,6.570000171661377,6.570000171661377,6.570000171661377,6.570000171661377,6.570000171661377,220.0
2024-10-25 15:25:00+00:00,CRDO,39.099998474121094,39.099998474121094,39.099998474121094,39.099998474121094,39.099998474121094,1195.0
2024-10-25 15:25:00+00:00,CRNC,2.934999942779541,2.934999942779541,2.934999942779541,2.934999942779541,2.934999942779541,155.0
2024-10-25 15:25:00+00:00,CRSR,6.320000171661377,6.320000171661377,6.320000171661377,6.315000057220459,6.315000057220459,1423.0
2024-10-25 15:25:00+00:00,CRUS,122.16999816894531,122.16999816894531,122.16999816894531,122.16999816894531,122.16999816894531,181.0
2024-10-25 15:25:00+00:00,CRWD,298.5299987792969,298.5299987792969,299.010009765625,298.4400939941406,298.6099853515625,12367.0
2024-10-25 15:25:00+00:00,CSCO,55.724998474121094,55.724998474121094,55.73500061035156,55.724998474121094,55.724998474121094,16633.0
2024-10-25 15:25:00+00:00,CSGS,47.31999969482422,47.31999969482422,47.31999969482422,47.31999969482422,47.31999969482422,151.0
2024-10-25 15:25:00+00:00,CSIQ,13.362000465393066,13.362000465393066,13.380000114440918,13.362000465393066,13.380000114440918,4536.0
2024-10-25 15:25:00+00:00,CTLP,8.914999961853027,8.914999961853027,8.914999961853027,8.914999961853027,8.914999961853027,572.0
2024-10-25 15:25:00+00:00,CTSH,74.69999694824219,74.69999694824219,74.70500183105469,74.69000244140625,74.69000244140625,2400.0
2024-10-25 15:25:00+00:00,DAKT,13.062000274658203,13.062000274658203,13.062000274658203,13.062000274658203,13.062000274658203,632.0
2024-10-25 15:25:00+00:00,DATS,1.5901000499725342,1.5901000499725342,1.5901000499725342,1.5901000499725342,1.5901000499725342,165.0
2024-10-25 15:25:00+00:00,DAVE,38.52000045776367,38.52000045776367,38.52000045776367,38.52000045776367,38.52000045776367,1333.0
2024-10-25 15:25:00+00:00,DBX,26.05500030517578,26.05500030517578,26.05500030517578,26.045000076293945,26.045000076293945,5759.0
2024-10-25 15:25:00+00:00,DDOG,126.41000366210938,126.41000366210938,126.41999816894531,126.33999633789062,126.33999633789062,5454.0
2024-10-25 15:25:00+00:00,DGII,30.059999465942383,30.059999465942383,30.059999465942383,30.059999465942383,30.059999465942383,602.0
2024-10-25 15:25:00+00:00,DLO,8.795000076293945,8.795000076293945,8.795000076293945,8.795000076293945,8.795000076293945,797.0
2024-10-25 15:25:00+00:00,DOCU,69.04499816894531,69.04499816894531,69.05500030517578,69.0199966430664,69.0199966430664,6675.0
2024-10-25 15:25:00+00:00,DOMO,8.050000190734863,8.050000190734863,8.050000190734863,8.050000190734863,8.050000190734863,567.0
2024-10-25 15:25:00+00:00,DSP,11.46500015258789,11.46500015258789,11.479999542236328,11.46500015258789,11.470000267028809,1973.0
2024-10-25 15:25:00+00:00,DTST,3.4700000286102295,3.4700000286102295,3.4700000286102295,3.4700000286102295,3.4700000286102295,200.0
2024-10-25 15:25:00+00:00,DUOL,291.5899963378906,291.5899963378906,291.5899963378906,291.0,291.0,4536.0
2024-10-25 15:25:00+00:00,EEFT,100.40499877929688,100.40499877929688,100.44000244140625,100.38999938964844,100.44000244140625,2154.0
2024-10-25 15:25:00+00:00,EMKR,2.1240999698638916,2.1240999698638916,2.1240999698638916,2.1240999698638916,2.1240999698638916,11000.0
2024-10-25 15:25:00+00:00,ENPH,83.68000030517578,83.68000030517578,83.69999694824219,83.61000061035156,83.61000061035156,6557.0
2024-10-25 15:25:00+00:00,ERIC,8.460000038146973,8.460000038146973,8.46500015258789,8.460000038146973,8.46500015258789,15809.0
2024-10-25 15:25:00+00:00,EXFY,1.725000023841858,1.725000023841858,1.725000023841858,1.725000023841858,1.725000023841858,267.0
2024-10-25 15:25:00+00:00,EXLS,38.560001373291016,38.560001373291016,38.56999969482422,38.560001373291016,38.56999969482422,1370.0
2024-10-25 15:25:00+00:00,EXTR,14.345000267028809,14.345000267028809,14.345000267028809,14.34000015258789,14.345000267028809,650.0
2024-10-25 15:25:00+00:00,FFIV,216.32000732421875,216.32000732421875,216.3300018310547,216.19500732421875,216.19500732421875,3499.0
2024-10-25 15:25:00+00:00,FIVN,29.790000915527344,29.790000915527344,29.80500030517578,29.780000686645508,29.80500030517578,2277.0
2024-10-25 15:25:00+00:00,FLEX,35.1150016784668,35.1150016784668,35.1150016784668,35.09000015258789,35.099998474121094,5545.0
2024-10-25 15:25:00+00:00,FLYW,17.25,17.25,17.260000228881836,17.239999771118164,17.260000228881836,2658.0
2024-10-25 15:25:00+00:00,FORM,44.72999954223633,44.72999954223633,44.72999954223633,44.69499969482422,44.69499969482422,1323.0
2024-10-25 15:25:00+00:00,FROG,29.25,29.25,29.290000915527344,29.25,29.270000457763672,5307.0
2024-10-25 15:25:00+00:00,FRSH,11.585000038146973,11.585000038146973,11.585000038146973,11.585000038146973,11.585000038146973,200.0
2024-10-25 15:25:00+00:00,FSLR,198.27999877929688,198.27999877929688,198.27999877929688,198.19000244140625,198.22000122070312,862.0
2024-10-25 15:25:00+00:00,FTCI,0.652999997138977,0.652999997138977,0.6557000279426575,0.652999997138977,0.652999997138977,1904.0
2024-10-25 15:25:00+00:00,FTNT,80.33000183105469,80.33000183105469,80.33999633789062,80.31999969482422,80.31999969482422,4081.0
2024-10-25 15:25:00+00:00,GCT,24.520000457763672,24.520000457763672,24.520000457763672,24.520000457763672,24.520000457763672,1467.0
2024-10-25 15:25:00+00:00,GFS,40.470001220703125,40.470001220703125,40.470001220703125,40.459999084472656,40.459999084472656,2691.0
2024-10-25 15:25:00+00:00,GILT,4.925000190734863,4.925000190734863,4.925000190734863,4.925000190734863,4.925000190734863,174.0
2024-10-25 15:25:00+00:00,GPRO,1.3049999475479126,1.3049999475479126,1.3049999475479126,1.2999999523162842,1.2999999523162842,588.0
2024-10-25 15:25:00+00:00,GRAB,4.085000038146973,4.085000038146973,4.085000038146973,4.079999923706055,4.085000038146973,5426.0
2024-10-25 15:25:00+00:00,GTLB,54.939998626708984,54.939998626708984,54.939998626708984,54.939998626708984,54.939998626708984,175.0
2024-10-25 15:25:00+00:00,HCP,33.6349983215332,33.6349983215332,33.63999938964844,33.6349983215332,33.6349983215332,1733.0
2024-10-25 15:25:00+00:00,HIMX,6.175000190734863,6.175000190734863,6.175000190734863,6.175000190734863,6.175000190734863,313.0
2024-10-25 15:25:00+00:00,HLIT,14.770000457763672,14.770000457763672,14.770000457763672,14.770000457763672,14.770000457763672,1961.0
2024-10-25 15:25:00+00:00,HOLO,3.6201000213623047,3.6201000213623047,3.6201000213623047,3.6201000213623047,3.6201000213623047,152.0
2024-10-25 15:25:00+00:00,HOOD,27.084999084472656,27.084999084472656,27.084999084472656,27.065000534057617,27.06999969482422,13335.0
2024-10-25 15:25:00+00:00,HTCR,1.0759999752044678,1.0759999752044678,1.0759999752044678,1.0759999752044678,1.0759999752044678,200.0
2024-10-25 15:25:00+00:00,ICHR,27.524999618530273,27.524999618530273,27.524999618530273,27.524999618530273,27.524999618530273,248.0
2024-10-25 15:25:00+00:00,III,3.055000066757202,3.055000066757202,3.055000066757202,3.055000066757202,3.055000066757202,5145.0
2024-10-25 15:25:00+00:00,IIIV,22.899999618530273,22.899999618530273,22.899999618530273,22.899999618530273,22.899999618530273,451.0
2024-10-25 15:25:00+00:00,IMMR,8.654999732971191,8.654999732971191,8.664999961853027,8.649999618530273,8.664999961853027,1134.0
2024-10-25 15:25:00+00:00,INDI,3.4749999046325684,3.4749999046325684,3.4749999046325684,3.4749999046325684,3.4749999046325684,5397.0
2024-10-25 15:25:00+00:00,INOD,20.139999389648438,20.139999389648438,20.139999389648438,20.139999389648438,20.139999389648438,876.0
2024-10-25 15:25:00+00:00,INSG,20.06999969482422,20.06999969482422,20.06999969482422,20.06999969482422,20.06999969482422,920.0
2024-10-25 15:25:00+00:00,INTA,50.04999923706055,50.04999923706055,50.060001373291016,50.040000915527344,50.040000915527344,1176.0
2024-10-25 15:25:00+00:00,INTC,22.829999923706055,22.829999923706055,22.829999923706055,22.809999465942383,22.819900512695312,56390.0
2024-10-25 15:25:00+00:00,IPGP,77.04000091552734,77.04000091552734,77.04000091552734,76.95500183105469,77.0199966430664,2425.0
2024-10-25 15:25:00+00:00,ITI,7.199999809265137,7.199999809265137,7.199999809265137,7.199999809265137,7.199999809265137,472.0
2024-10-25 15:25:00+00:00,ITRI,102.41999816894531,102.41999816894531,102.41999816894531,102.41999816894531,102.41999816894531,218.0
2024-10-25 15:25:00+00:00,JAMF,16.799999237060547,16.799999237060547,16.799999237060547,16.799999237060547,16.799999237060547,1011.0
2024-10-25 15:25:00+00:00,JKHY,183.02999877929688,183.02999877929688,183.02999877929688,183.02999877929688,183.02999877929688,184.0
2024-10-25 15:25:00+00:00,KC,2.680000066757202,2.680000066757202,2.684999942779541,2.680000066757202,2.684999942779541,808.0
2024-10-25 15:25:00+00:00,KLAC,675.4500122070312,675.4500122070312,675.4500122070312,675.4500122070312,675.4500122070312,821.0
2024-10-25 15:25:00+00:00,KLIC,44.43000030517578,44.43000030517578,44.43000030517578,44.43000030517578,44.43000030517578,364.0
2024-10-25 15:25:00+00:00,KPLT,8.694999694824219,8.694999694824219,8.694999694824219,8.694999694824219,8.694999694824219,430.0
2024-10-25 15:25:00+00:00,LINK,4.850100040435791,4.850100040435791,4.869999885559082,4.850100040435791,4.859799861907959,1658.0
2024-10-25 15:25:00+00:00,LOGI,80.79000091552734,80.79000091552734,80.79000091552734,80.76000213623047,80.76000213623047,827.0
2024-10-25 15:25:00+00:00,LRCX,78.07499694824219,78.07499694824219,78.13500213623047,78.04010009765625,78.04010009765625,26472.0
2024-10-25 15:25:00+00:00,LSCC,54.040000915527344,54.040000915527344,54.060001373291016,54.02000045776367,54.02000045776367,2839.0
2024-10-25 15:25:00+00:00,LTRX,4.09499979019165,4.09499979019165,4.09499979019165,4.090000152587891,4.090000152587891,460.0
2024-10-25 15:25:00+00:00,LYFT,13.595000267028809,13.595000267028809,13.6899995803833,13.470000267028809,13.47599983215332,718813.0
2024-10-25 15:25:00+00:00,MAPS,0.824999988079071,0.824999988079071,0.8305000066757202,0.824999988079071,0.8305000066757202,35417.0
2024-10-25 15:25:00+00:00,MCHP,76.62999725341797,76.62999725341797,76.62999725341797,76.5999984741211,76.5999984741211,7346.0
2024-10-25 15:25:00+00:00,MDB,267.3699951171875,267.3699951171875,267.3900146484375,267.25,267.25,770.0
2024-10-25 15:25:00+00:00,MKSI,100.9800033569336,100.9800033569336,100.9800033569336,100.91000366210938,100.91000366210938,2657.0
2024-10-25 15:25:00+00:00,MNDY,297.69000244140625,297.69000244140625,297.69000244140625,297.69000244140625,297.69000244140625,1685.0
2024-10-25 15:25:00+00:00,MPWR,907.7564697265625,907.7564697265625,907.7564697265625,906.7650146484375,906.7650146484375,2645.0
2024-10-25 15:25:00+00:00,MQ,5.304999828338623,5.304999828338623,5.309999942779541,5.300000190734863,5.304999828338623,4451.0
2024-10-25 15:25:00+00:00,MRVL,81.95010375976562,81.95010375976562,81.9749984741211,81.91999816894531,81.93000030517578,9944.0
2024-10-25 15:25:00+00:00,MSFT,428.239990234375,428.239990234375,428.3800048828125,428.2300109863281,428.2300109863281,10017.0
2024-10-25 15:25:00+00:00,MSTR,234.4600067138672,234.4600067138672,234.52000427246094,233.55999755859375,233.67999267578125,40106.0
2024-10-25 15:25:00+00:00,MTLS,5.880000114440918,5.880000114440918,5.909999847412109,5.869999885559082,5.880000114440918,3945.0
2024-10-25 15:25:00+00:00,MTSI,121.08999633789062,121.08999633789062,121.08999633789062,121.0250015258789,121.02999877929688,989.0
2024-10-25 15:25:00+00:00,MTTR,4.570000171661377,4.570000171661377,4.570000171661377,4.554999828338623,4.554999828338623,24685.0
2024-10-25 15:25:00+00:00,MU,108.13999938964844,108.13999938964844,108.15480041503906,108.08000183105469,108.08000183105469,18141.0
2024-10-25 15:25:00+00:00,MXL,14.649999618530273,14.649999618530273,14.710000038146973,14.640000343322754,14.675000190734863,22270.0
2024-10-25 15:25:00+00:00,NCNO,37.88999938964844,37.88999938964844,37.88999938964844,37.849998474121094,37.849998474121094,4533.0
2024-10-25 15:25:00+00:00,NICE,174.41000366210938,174.41000366210938,174.42999267578125,174.41000366210938,174.42999267578125,286.0
2024-10-25 15:25:00+00:00,NOVT,173.00999450683594,173.00999450683594,173.13499450683594,172.9600067138672,173.13499450683594,1914.0
2024-10-25 15:25:00+00:00,NTAP,119.69000244140625,119.69000244140625,119.70899963378906,119.69000244140625,119.69000244140625,2030.0
2024-10-25 15:25:00+00:00,NTCT,20.6299991607666,20.6299991607666,20.6299991607666,20.6299991607666,20.6299991607666,2173.0
2024-10-25 15:25:00+00:00,NTNX,61.70000076293945,61.70000076293945,61.709999084472656,61.68000030517578,61.68000030517578,4305.0
2024-10-25 15:25:00+00:00,NVDA,141.8699951171875,141.8699951171875,141.89999389648438,141.77000427246094,141.8000030517578,286364.0
2024-10-25 15:25:00+00:00,NVTS,2.5250000953674316,2.5250000953674316,2.5250000953674316,2.5199999809265137,2.5199999809265137,603.0
2024-10-25 15:25:00+00:00,NXPI,243.3300018310547,243.3300018310547,243.41000366210938,243.27999877929688,243.27999877929688,3093.0
2024-10-25 15:25:00+00:00,OKTA,72.20999908447266,72.20999908447266,72.2249984741211,72.16999816894531,72.16999816894531,2433.0
2024-10-25 15:25:00+00:00,ON,71.16999816894531,71.16999816894531,71.17500305175781,71.11000061035156,71.1500015258789,36651.0
2024-10-25 15:25:00+00:00,OSIS,135.66000366210938,135.66000366210938,135.66000366210938,135.66000366210938,135.66000366210938,255.0
2024-10-25 15:25:00+00:00,PANW,366.44989013671875,366.44989013671875,366.44989013671875,366.3399963378906,366.3500061035156,1392.0
2024-10-25 15:25:00+00:00,PAYO,8.34000015258789,8.34000015258789,8.345000267028809,8.34000015258789,8.345000267028809,673.0
2024-10-25 15:25:00+00:00,PCTY,173.75999450683594,173.75999450683594,173.75999450683594,173.64999389648438,173.64999389648438,730.0
2024-10-25 15:25:00+00:00,PDFS,29.145000457763672,29.145000457763672,29.145000457763672,29.145000457763672,29.145000457763672,1702.0
2024-10-25 15:25:00+00:00,PEGA,79.58000183105469,79.58000183105469,79.58000183105469,79.44000244140625,79.44000244140625,12688.0
2024-10-25 15:25:00+00:00,PEGY,4.709499835968018,4.709499835968018,4.709499835968018,4.709499835968018,4.709499835968018,223.0
2024-10-25 15:25:00+00:00,PET,0.8109999895095825,0.8109999895095825,0.8109999895095825,0.8109999895095825,0.8109999895095825,300.0
2024-10-25 15:25:00+00:00,PGY,11.9350004196167,11.9350004196167,11.9350004196167,11.930100440979004,11.930100440979004,3120.0
2024-10-25 15:25:00+00:00,PHUN,10.279999732971191,10.279999732971191,10.29740047454834,10.23009967803955,10.23009967803955,32088.0
2024-10-25 15:25:00+00:00,PI,201.27000427246094,201.27000427246094,201.27000427246094,201.27000427246094,201.27000427246094,1477.0
2024-10-25 15:25:00+00:00,PLAB,23.635700225830078,23.635700225830078,23.639999389648438,23.6299991607666,23.639999389648438,746.0
2024-10-25 15:25:00+00:00,POET,3.8399999141693115,3.8399999141693115,3.8399999141693115,3.8399999141693115,3.8399999141693115,150.0
2024-10-25 15:25:00+00:00,PRGS,64.61499786376953,64.61499786376953,64.61499786376953,64.61499786376953,64.61499786376953,394.0
2024-10-25 15:25:00+00:00,PRSO,1.8100999593734741,1.8100999593734741,1.8300000429153442,1.809999942779541,1.8300000429153442,2175.0
2024-10-25 15:25:00+00:00,PUBM,14.729999542236328,14.729999542236328,14.729999542236328,14.720100402832031,14.720100402832031,549.0
2024-10-25 15:25:00+00:00,PYCR,14.324999809265137,14.324999809265137,14.335000038146973,14.324999809265137,14.335000038146973,6369.0
2024-10-25 15:25:00+00:00,QCOM,170.52999877929688,170.52999877929688,170.55999755859375,170.4506072998047,170.4506072998047,6537.0
2024-10-25 15:25:00+00:00,QLYS,120.41999816894531,120.41999816894531,120.46900177001953,120.41999816894531,120.46900177001953,780.0
2024-10-25 15:25:00+00:00,QRVO,99.65499877929688,99.65499877929688,99.66999816894531,99.63999938964844,99.63999938964844,2385.0
2024-10-25 15:25:00+00:00,RCAT,2.744999885559082,2.744999885559082,2.744999885559082,2.744999885559082,2.744999885559082,566.0
2024-10-25 15:25:00+00:00,RGTI,1.2300000190734863,1.2300000190734863,1.2300000190734863,1.2200000286102295,1.2200000286102295,1758.0
2024-10-25 15:25:00+00:00,RIOT,9.755000114440918,9.755000114440918,9.763299942016602,9.734000205993652,9.734999656677246,44490.0
2024-10-25 15:25:00+00:00,RMBS,43.31999969482422,43.31999969482422,43.31999969482422,43.31999969482422,43.31999969482422,1085.0
2024-10-25 15:25:00+00:00,RMNI,1.7200000286102295,1.7200000286102295,1.7200000286102295,1.715000033378601,1.715000033378601,1940.0
2024-10-25 15:25:00+00:00,RPAY,7.744999885559082,7.744999885559082,7.75,7.744999885559082,7.744999885559082,611.0
2024-10-25 15:25:00+00:00,RPD,39.04999923706055,39.04999923706055,39.04999923706055,39.04999923706055,39.04999923706055,637.0
2024-10-25 15:25:00+00:00,RUM,5.700099945068359,5.700099945068359,5.700099945068359,5.700099945068359,5.700099945068359,432.0
2024-10-25 15:25:00+00:00,RUN,14.425000190734863,14.425000190734863,14.425000190734863,14.399999618530273,14.399999618530273,13547.0
2024-10-25 15:25:00+00:00,SCSC,44.744998931884766,44.744998931884766,44.744998931884766,44.744998931884766,44.744998931884766,384.0
2024-10-25 15:25:00+00:00,SEDG,15.984999656677246,15.984999656677246,15.99899959564209,15.940099716186523,15.949999809265137,8539.0
2024-10-25 15:25:00+00:00,SHLS,5.230000019073486,5.230000019073486,5.235000133514404,5.230000019073486,5.235000133514404,2113.0
2024-10-25 15:25:00+00:00,SITM,178.36000061035156,178.36000061035156,178.36000061035156,178.36000061035156,178.36000061035156,282.0
2024-10-25 15:25:00+00:00,SKYT,10.470000267028809,10.470000267028809,10.470000267028809,10.470000267028809,10.470000267028809,1074.0
2024-10-25 15:25:00+00:00,SLAB,114.0,114.0,114.01000213623047,113.53500366210938,113.53500366210938,8861.0
2024-10-25 15:25:00+00:00,SMCI,47.4900016784668,47.4900016784668,47.5099983215332,47.39609909057617,47.39609909057617,60268.0
2024-10-25 15:25:00+00:00,SMTC,45.61000061035156,45.61000061035156,45.650001525878906,45.584999084472656,45.584999084472656,2821.0
2024-10-25 15:25:00+00:00,SNPS,501.6499938964844,501.6499938964844,501.6499938964844,501.6400146484375,501.6400146484375,2531.0
2024-10-25 15:25:00+00:00,SONO,12.670000076293945,12.670000076293945,12.670000076293945,12.670000076293945,12.670000076293945,1496.0
2024-10-25 15:25:00+00:00,SOUN,5.184999942779541,5.184999942779541,5.184999942779541,5.179999828338623,5.179999828338623,5447.0
2024-10-25 15:25:00+00:00,SPSC,170.4250030517578,170.4250030517578,170.4250030517578,170.4250030517578,170.4250030517578,488.0
2024-10-25 15:25:00+00:00,SRAD,12.3100004196167,12.3100004196167,12.3100004196167,12.3100004196167,12.3100004196167,561.0
2024-10-25 15:25:00+00:00,SSNC,70.03500366210938,70.03500366210938,70.03500366210938,70.0199966430664,70.02999877929688,9317.0
2024-10-25 15:25:00+00:00,SSYS,7.010000228881836,7.010000228881836,7.010000228881836,7.010000228881836,7.010000228881836,753.0
2024-10-25 15:25:00+00:00,STER,16.735000610351562,16.735000610351562,16.735000610351562,16.735000610351562,16.735000610351562,1109.0
2024-10-25 15:25:00+00:00,STNE,11.53499984741211,11.53499984741211,11.53499984741211,11.529999732971191,11.53499984741211,2819.0
2024-10-25 15:25:00+00:00,STX,103.48100280761719,103.48100280761719,103.54000091552734,103.48100280761719,103.48999786376953,15652.0
2024-10-25 15:25:00+00:00,SURG,1.7400000095367432,1.7400000095367432,1.7400000095367432,1.7400000095367432,1.7400000095367432,344.0
2024-10-25 15:25:00+00:00,SVRE,0.0778999999165535,0.0778999999165535,0.0778999999165535,0.0778999999165535,0.0778999999165535,1010.0
2024-10-25 15:25:00+00:00,SWKS,95.76000213623047,95.76000213623047,95.76000213623047,95.70999908447266,95.72000122070312,2273.0
2024-10-25 15:25:00+00:00,SYTA,1.2999999523162842,1.2999999523162842,1.2999999523162842,1.2999999523162842,1.2999999523162842,5908.0
2024-10-25 15:25:00+00:00,TACT,4.150000095367432,4.150000095367432,4.150000095367432,4.150000095367432,4.150000095367432,50.0
2024-10-25 15:25:00+00:00,TEAM,189.09500122070312,189.09500122070312,189.13900756835938,188.9499969482422,188.9600067138672,3387.0
2024-10-25 15:25:00+00:00,TER,112.05000305175781,112.05000305175781,112.07499694824219,112.01000213623047,112.01799774169922,5442.0
2024-10-25 15:25:00+00:00,TLS,3.569999933242798,3.569999933242798,3.569999933242798,3.569999933242798,3.569999933242798,300.0
2024-10-25 15:25:00+00:00,TRMB,60.900001525878906,60.900001525878906,60.900001525878906,60.88999938964844,60.88999938964844,1698.0
2024-10-25 15:25:00+00:00,TTD,119.08000183105469,119.08000183105469,119.12000274658203,119.0425033569336,119.06500244140625,20614.0
2024-10-25 15:25:00+00:00,TTEC,5.349999904632568,5.349999904632568,5.349999904632568,5.349999904632568,5.349999904632568,649.0
2024-10-25 15:25:00+00:00,TTMI,19.799999237060547,19.799999237060547,19.809999465942383,19.770000457763672,19.770000457763672,6362.0
2024-10-25 15:25:00+00:00,TWKS,4.445000171661377,4.445000171661377,4.449999809265137,4.440000057220459,4.445000171661377,1469.0
2024-10-25 15:25:00+00:00,TXN,207.18499755859375,207.18499755859375,207.3000030517578,207.17999267578125,207.2050018310547,4415.0
2024-10-25 15:25:00+00:00,UEIC,8.100000381469727,8.100000381469727,8.100000381469727,8.100000381469727,8.100000381469727,60.0
2024-10-25 15:25:00+00:00,VECO,29.299999237060547,29.299999237060547,29.299999237060547,29.290000915527344,29.290000915527344,2787.0
2024-10-25 15:25:00+00:00,VERI,3.440000057220459,3.440000057220459,3.440000057220459,3.43530011177063,3.43530011177063,1466.0
2024-10-25 15:25:00+00:00,VERX,41.880001068115234,41.880001068115234,41.880001068115234,41.880001068115234,41.880001068115234,841.0
2024-10-25 15:25:00+00:00,VIAV,9.194999694824219,9.194999694824219,9.194999694824219,9.194999694824219,9.194999694824219,648.0
2024-10-25 15:25:00+00:00,VICR,46.529998779296875,46.529998779296875,46.540000915527344,46.529998779296875,46.540000915527344,900.0
2024-10-25 15:25:00+00:00,VNET,3.375,3.375,3.375,3.375,3.375,500.0
2024-10-25 15:25:00+00:00,VRNS,56.73500061035156,56.73500061035156,56.7400016784668,56.73500061035156,56.7400016784668,1156.0
2024-10-25 15:25:00+00:00,VRNT,21.84000015258789,21.84000015258789,21.84000015258789,21.84000015258789,21.84000015258789,1326.0
2024-10-25 15:25:00+00:00,VRSN,181.9199981689453,181.9199981689453,181.9199981689453,181.59100341796875,181.59100341796875,5510.0
2024-10-25 15:25:00+00:00,VS,2.4444000720977783,2.4444000720977783,2.4444000720977783,2.4444000720977783,2.4444000720977783,3123.0
2024-10-25 15:25:00+00:00,VSAT,10.210000038146973,10.210000038146973,10.210000038146973,10.210000038146973,10.210000038146973,914.0
2024-10-25 15:25:00+00:00,WALD,3.5,3.5,3.5,3.5,3.5,316.0
2024-10-25 15:25:00+00:00,WATT,0.5947999954223633,0.5947999954223633,0.5947999954223633,0.5947999954223633,0.5947999954223633,613.0
2024-10-25 15:25:00+00:00,WDAY,237.92999267578125,237.92999267578125,237.92999267578125,237.82000732421875,237.92999267578125,1491.0
2024-10-25 15:25:00+00:00,WDC,70.2300033569336,70.2300033569336,70.25,70.20999908447266,70.20999908447266,23971.0
2024-10-25 15:25:00+00:00,WISA,1.9800000190734863,1.9800000190734863,2.0199999809265137,1.9800000190734863,2.015000104904175,5055.0
2024-10-25 15:25:00+00:00,XPER,9.380000114440918,9.380000114440918,9.380000114440918,9.380000114440918,9.380000114440918,667.0
2024-10-25 15:25:00+00:00,XRX,9.979999542236328,9.979999542236328,9.984999656677246,9.979999542236328,9.984999656677246,991.0
2024-10-25 15:25:00+00:00,ZI,10.479999542236328,10.479999542236328,10.479999542236328,10.470000267028809,10.470000267028809,8786.0
2024-10-25 15:25:00+00:00,ZM,72.9000015258789,72.9000015258789,72.9000015258789,72.87999725341797,72.87999725341797,3091.0
2024-10-25 15:25:00+00:00,ZS,184.75,184.75,184.75,184.6750030517578,184.6750030517578,1766.0
2024-10-25 15:26:00+00:00,AAOI,17.569900512695312,17.569900512695312,17.610000610351562,17.565000534057617,17.579999923706055,7038.0
2024-10-25 15:26:00+00:00,AAPL,231.5198974609375,231.5198974609375,231.52999877929688,231.41000366210938,231.4199981689453,48816.0
2024-10-25 15:26:00+00:00,ACIW,48.790000915527344,48.790000915527344,48.790000915527344,48.779998779296875,48.790000915527344,663.0
2024-10-25 15:26:00+00:00,ACMR,19.6299991607666,19.6299991607666,19.6299991607666,19.610000610351562,19.610000610351562,1628.0
2024-10-25 15:26:00+00:00,ADBE,482.8999938964844,482.8999938964844,482.9750061035156,482.7799987792969,482.8599853515625,3712.0
2024-10-25 15:26:00+00:00,ADI,230.93319702148438,230.93319702148438,230.9499969482422,230.8699951171875,230.8699951171875,1778.0
2024-10-25 15:26:00+00:00,ADSK,286.3800048828125,286.3800048828125,286.4100036621094,286.29998779296875,286.29998779296875,3740.0
2024-10-25 15:26:00+00:00,ADTN,6.284999847412109,6.284999847412109,6.284999847412109,6.284999847412109,6.284999847412109,1697.0
2024-10-25 15:26:00+00:00,AEHR,16.950000762939453,16.950000762939453,16.950000762939453,16.950000762939453,16.950000762939453,797.0
2024-10-25 15:26:00+00:00,AFRM,41.209999084472656,41.209999084472656,41.244998931884766,41.20669937133789,41.233699798583984,15347.0
2024-10-25 15:26:00+00:00,AIP,6.894999980926514,6.894999980926514,6.894999980926514,6.889999866485596,6.889999866485596,685.0
2024-10-25 15:26:00+00:00,AKAM,101.7699966430664,101.7699966430664,101.7699966430664,101.73999786376953,101.73999786376953,1949.0
2024-10-25 15:26:00+00:00,AKTS,0.05999999865889549,0.05999999865889549,0.05999999865889549,0.05999999865889549,0.05999999865889549,326189.0
2024-10-25 15:26:00+00:00,ALGM,23.174999237060547,23.174999237060547,23.174999237060547,23.170000076293945,23.170000076293945,2375.0
2024-10-25 15:26:00+00:00,AMAT,187.16000366210938,187.16000366210938,187.16000366210938,186.8800048828125,186.92999267578125,3657.0
2024-10-25 15:26:00+00:00,AMBA,57.7400016784668,57.7400016784668,57.7599983215332,57.7400016784668,57.7599983215332,675.0
2024-10-25 15:26:00+00:00,AMD,156.32000732421875,156.32000732421875,156.36000061035156,156.2100067138672,156.24000549316406,38520.0
2024-10-25 15:26:00+00:00,AMKR,30.0,30.0,30.0,29.979999542236328,29.979999542236328,2850.0
2024-10-25 15:26:00+00:00,ANSS,323.6300048828125,323.6300048828125,323.6300048828125,323.3575134277344,323.489990234375,2144.0
2024-10-25 15:26:00+00:00,APP,161.72000122070312,161.72000122070312,161.73500061035156,161.6699981689453,161.73500061035156,4021.0
2024-10-25 15:26:00+00:00,APPF,212.42999267578125,212.42999267578125,212.42999267578125,212.42999267578125,212.42999267578125,684.0
2024-10-25 15:26:00+00:00,APPN,32.23400115966797,32.23400115966797,32.23400115966797,32.23400115966797,32.23400115966797,297.0
2024-10-25 15:26:00+00:00,APPS,3.069999933242798,3.069999933242798,3.0799999237060547,3.065000057220459,3.065000057220459,10123.0
2024-10-25 15:26:00+00:00,ARRY,6.434000015258789,6.434000015258789,6.449999809265137,6.434000015258789,6.443999767303467,16428.0
2024-10-25 15:26:00+00:00,ASNS,1.3016999959945679,1.3016999959945679,1.3016999959945679,1.3016999959945679,1.3016999959945679,500.0
2024-10-25 15:26:00+00:00,ASUR,9.595000267028809,9.595000267028809,9.595000267028809,9.595000267028809,9.595000267028809,225.0
2024-10-25 15:26:00+00:00,AUR,6.380000114440918,6.380000114440918,6.385000228881836,6.380000114440918,6.385000228881836,1487.0
2024-10-25 15:26:00+00:00,AVDX,8.09000015258789,8.09000015258789,8.09000015258789,8.09000015258789,8.09000015258789,1421.0
2024-10-25 15:26:00+00:00,AVGO,173.75999450683594,173.75999450683594,173.75999450683594,173.5800018310547,173.58999633789062,15405.0
2024-10-25 15:26:00+00:00,AVT,54.11000061035156,54.11000061035156,54.11000061035156,54.11000061035156,54.11000061035156,659.0
2024-10-25 15:26:00+00:00,AXTI,2.6649999618530273,2.6649999618530273,2.6649999618530273,2.6649999618530273,2.6649999618530273,115.0
2024-10-25 15:26:00+00:00,BEEM,4.78000020980835,4.78000020980835,4.78000020980835,4.78000020980835,4.78000020980835,361.0
2024-10-25 15:26:00+00:00,BIGC,5.264999866485596,5.264999866485596,5.264999866485596,5.264999866485596,5.264999866485596,794.0
2024-10-25 15:26:00+00:00,BMBL,7.09499979019165,7.09499979019165,7.09499979019165,7.085000038146973,7.085000038146973,7730.0
2024-10-25 15:26:00+00:00,CAMT,77.68000030517578,77.68000030517578,77.68000030517578,77.68000030517578,77.68000030517578,281.0
2024-10-25 15:26:00+00:00,CCSI,20.139999389648438,20.139999389648438,20.139999389648438,20.1200008392334,20.1200008392334,649.0
2024-10-25 15:26:00+00:00,CDNS,257.6400146484375,257.6400146484375,257.6400146484375,257.510009765625,257.510009765625,2991.0
2024-10-25 15:26:00+00:00,CDW,217.8699951171875,217.8699951171875,217.91000366210938,217.83999633789062,217.85000610351562,2237.0
2024-10-25 15:26:00+00:00,CETX,0.2992999851703644,0.2992999851703644,0.2992999851703644,0.2985000014305115,0.2985000014305115,15300.0
2024-10-25 15:26:00+00:00,CEVA,24.049999237060547,24.049999237060547,24.049999237060547,24.049999237060547,24.049999237060547,424.0
2024-10-25 15:26:00+00:00,CFLT,22.43000030517578,22.43000030517578,22.43000030517578,22.420000076293945,22.420000076293945,4001.0
2024-10-25 15:26:00+00:00,CGNT,6.630000114440918,6.630000114440918,6.630000114440918,6.630000114440918,6.630000114440918,507.0
2024-10-25 15:26:00+00:00,CGNX,38.81999969482422,38.81999969482422,38.83000183105469,38.80500030517578,38.80500030517578,4940.0
2024-10-25 15:26:00+00:00,CHKP,205.90499877929688,205.90499877929688,205.90499877929688,205.85499572753906,205.85499572753906,1245.0
2024-10-25 15:26:00+00:00,CLBT,18.225000381469727,18.225000381469727,18.225000381469727,18.225000381469727,18.225000381469727,162.0
2024-10-25 15:26:00+00:00,CLFD,36.46609878540039,36.46609878540039,36.46609878540039,36.46609878540039,36.46609878540039,622.0
2024-10-25 15:26:00+00:00,CLSK,11.590999603271484,11.590999603271484,11.625,11.590999603271484,11.614299774169922,70244.0
2024-10-25 15:26:00+00:00,CMBM,1.2660000324249268,1.2660000324249268,1.2660000324249268,1.2660000324249268,1.2660000324249268,387.0
2024-10-25 15:26:00+00:00,CMTL,3.819999933242798,3.819999933242798,3.819999933242798,3.819999933242798,3.819999933242798,457.0
2024-10-25 15:26:00+00:00,CNDT,3.5985000133514404,3.5985000133514404,3.5985000133514404,3.5899999141693115,3.5899999141693115,653.0
2024-10-25 15:26:00+00:00,CNXC,44.439998626708984,44.439998626708984,44.439998626708984,44.439998626708984,44.439998626708984,293.0
2024-10-25 15:26:00+00:00,COHR,95.63999938964844,95.63999938964844,95.63999938964844,95.56500244140625,95.56500244140625,3334.0
2024-10-25 15:26:00+00:00,COIN,206.16029357910156,206.16029357910156,206.4499969482422,206.16029357910156,206.19000244140625,24682.0
2024-10-25 15:26:00+00:00,COMM,6.215000152587891,6.215000152587891,6.215000152587891,6.215000152587891,6.215000152587891,317.0
2024-10-25 15:26:00+00:00,CORZ,13.289999961853027,13.289999961853027,13.289999961853027,13.274999618530273,13.274999618530273,9718.0
2024-10-25 15:26:00+00:00,CRCT,6.570000171661377,6.570000171661377,6.570000171661377,6.570000171661377,6.570000171661377,497.0
2024-10-25 15:26:00+00:00,CRDO,39.150001525878906,39.150001525878906,39.150001525878906,39.13999938964844,39.13999938964844,679.0
2024-10-25 15:26:00+00:00,CRNC,2.9398000240325928,2.9398000240325928,2.9398000240325928,2.9398000240325928,2.9398000240325928,240.0
2024-10-25 15:26:00+00:00,CRSR,6.320000171661377,6.320000171661377,6.320000171661377,6.320000171661377,6.320000171661377,702.0
2024-10-25 15:26:00+00:00,CRUS,122.25,122.25,122.33000183105469,122.17500305175781,122.17500305175781,1791.0
2024-10-25 15:26:00+00:00,CRWD,298.8900146484375,298.8900146484375,298.92498779296875,298.510009765625,298.5299987792969,12507.0
2024-10-25 15:26:00+00:00,CSCO,55.7400016784668,55.7400016784668,55.744998931884766,55.72010040283203,55.724998474121094,13136.0
2024-10-25 15:26:00+00:00,CSIQ,13.369999885559082,13.369999885559082,13.369999885559082,13.369999885559082,13.369999885559082,1538.0
2024-10-25 15:26:00+00:00,CTSH,74.7300033569336,74.7300033569336,74.7300033569336,74.69000244140625,74.69000244140625,4288.0
2024-10-25 15:26:00+00:00,CVLT,134.2899932861328,134.2899932861328,134.2899932861328,134.22000122070312,134.22000122070312,1665.0
2024-10-25 15:26:00+00:00,DAIO,2.5796000957489014,2.5796000957489014,2.5799999237060547,2.5450000762939453,2.5450000762939453,1808.0
2024-10-25 15:26:00+00:00,DAKT,13.0600004196167,13.0600004196167,13.0600004196167,13.0600004196167,13.0600004196167,1810.0
2024-10-25 15:26:00+00:00,DATS,1.6150000095367432,1.6150000095367432,1.6150000095367432,1.6150000095367432,1.6150000095367432,200.0
2024-10-25 15:26:00+00:00,DBX,26.05500030517578,26.05500030517578,26.059999465942383,26.049999237060547,26.059999465942383,5434.0
2024-10-25 15:26:00+00:00,DDOG,126.5199966430664,126.5199966430664,126.55000305175781,126.41000366210938,126.41000366210938,8503.0
2024-10-25 15:26:00+00:00,DGII,30.079999923706055,30.079999923706055,30.079999923706055,30.06999969482422,30.06999969482422,1157.0
2024-10-25 15:26:00+00:00,DLO,8.819000244140625,8.819000244140625,8.819000244140625,8.800000190734863,8.800000190734863,5852.0
2024-10-25 15:26:00+00:00,DMRC,31.885000228881836,31.885000228881836,31.885000228881836,31.885000228881836,31.885000228881836,855.0
2024-10-25 15:26:00+00:00,DOCU,68.91000366210938,68.91000366210938,69.04000091552734,68.91000366210938,69.04000091552734,6539.0
2024-10-25 15:26:00+00:00,DOX,88.94000244140625,88.94000244140625,88.94000244140625,88.93000030517578,88.93000030517578,612.0
2024-10-25 15:26:00+00:00,DUOL,291.7355041503906,291.7355041503906,291.7355041503906,291.7355041503906,291.7355041503906,885.0
2024-10-25 15:26:00+00:00,ENPH,83.7300033569336,83.7300033569336,83.7300033569336,83.69000244140625,83.69000244140625,3289.0
2024-10-25 15:26:00+00:00,ENTG,104.91000366210938,104.91000366210938,104.94000244140625,104.87999725341797,104.87999725341797,2270.0
2024-10-25 15:26:00+00:00,ERIC,8.460000038146973,8.460000038146973,8.46500015258789,8.460000038146973,8.460000038146973,4916.0
2024-10-25 15:26:00+00:00,EXFY,1.725000023841858,1.725000023841858,1.725000023841858,1.725000023841858,1.725000023841858,802.0
2024-10-25 15:26:00+00:00,EXLS,38.45000076293945,38.45000076293945,38.540000915527344,38.43000030517578,38.540000915527344,21669.0
2024-10-25 15:26:00+00:00,EXTR,14.345000267028809,14.345000267028809,14.350000381469727,14.345000267028809,14.350000381469727,675.0
2024-10-25 15:26:00+00:00,FEIM,12.399999618530273,12.399999618530273,12.399999618530273,12.399999618530273,12.399999618530273,415.0
2024-10-25 15:26:00+00:00,FFIV,216.3300018310547,216.3300018310547,216.38999938964844,216.3000030517578,216.3000030517578,1417.0
2024-10-25 15:26:00+00:00,FIVN,29.799999237060547,29.799999237060547,29.799999237060547,29.795000076293945,29.799999237060547,2274.0
2024-10-25 15:26:00+00:00,FLEX,35.1349983215332,35.1349983215332,35.1349983215332,35.1150016784668,35.1150016784668,3788.0
2024-10-25 15:26:00+00:00,FLYW,17.260000228881836,17.260000228881836,17.260000228881836,17.260000228881836,17.260000228881836,310.0
2024-10-25 15:26:00+00:00,FORM,44.779998779296875,44.779998779296875,44.779998779296875,44.75,44.75,1702.0
2024-10-25 15:26:00+00:00,FROG,29.239999771118164,29.239999771118164,29.239999771118164,29.239999771118164,29.239999771118164,802.0
2024-10-25 15:26:00+00:00,FRSH,11.585000038146973,11.585000038146973,11.585000038146973,11.579999923706055,11.585000038146973,1170.0
2024-10-25 15:26:00+00:00,FSLR,198.4550018310547,198.4550018310547,198.5,198.2675018310547,198.2675018310547,3264.0
2024-10-25 15:26:00+00:00,FTNT,80.36000061035156,80.36000061035156,80.36000061035156,80.31999969482422,80.31999969482422,5603.0
2024-10-25 15:26:00+00:00,GCT,24.540000915527344,24.540000915527344,24.540000915527344,24.540000915527344,24.540000915527344,265.0
2024-10-25 15:26:00+00:00,GDS,21.350000381469727,21.350000381469727,21.354999542236328,21.350000381469727,21.354999542236328,488.0
2024-10-25 15:26:00+00:00,GFS,40.47999954223633,40.47999954223633,40.47999954223633,40.459999084472656,40.459999084472656,1236.0
2024-10-25 15:26:00+00:00,GILT,4.929999828338623,4.929999828338623,4.929999828338623,4.929999828338623,4.929999828338623,300.0
2024-10-25 15:26:00+00:00,GRAB,4.085000038146973,4.085000038146973,4.085000038146973,4.079999923706055,4.085000038146973,60342.0
2024-10-25 15:26:00+00:00,GRRR,4.464000225067139,4.464000225067139,4.464000225067139,4.464000225067139,4.464000225067139,384.0
2024-10-25 15:26:00+00:00,GTLB,54.994998931884766,54.994998931884766,55.0,54.939998626708984,54.939998626708984,2810.0
2024-10-25 15:26:00+00:00,HCP,33.6349983215332,33.6349983215332,33.63999938964844,33.6349983215332,33.6349983215332,1509.0
2024-10-25 15:26:00+00:00,HLIT,14.770000457763672,14.770000457763672,14.770000457763672,14.770000457763672,14.770000457763672,538.0
2024-10-25 15:26:00+00:00,HOLO,3.619999885559082,3.619999885559082,3.627000093460083,3.619999885559082,3.627000093460083,478.0
2024-10-25 15:26:00+00:00,HOOD,27.084999084472656,27.084999084472656,27.090099334716797,27.079999923706055,27.086000442504883,16477.0
2024-10-25 15:26:00+00:00,IMMR,8.654999732971191,8.654999732971191,8.654999732971191,8.654999732971191,8.654999732971191,260.0
2024-10-25 15:26:00+00:00,IMTE,1.6303999423980713,1.6303999423980713,1.6303999423980713,1.6303999423980713,1.6303999423980713,3600.0
2024-10-25 15:26:00+00:00,IMXI,17.6200008392334,17.6200008392334,17.6200008392334,17.6200008392334,17.6200008392334,250.0
2024-10-25 15:26:00+00:00,INDI,3.484999895095825,3.484999895095825,3.484999895095825,3.4800000190734863,3.4800000190734863,5147.0
2024-10-25 15:26:00+00:00,INFN,6.769999980926514,6.769999980926514,6.769999980926514,6.769999980926514,6.769999980926514,370.0
2024-10-25 15:26:00+00:00,INOD,20.149999618530273,20.149999618530273,20.149999618530273,20.149999618530273,20.149999618530273,1987.0
2024-10-25 15:26:00+00:00,INSG,19.985000610351562,19.985000610351562,20.075000762939453,19.985000610351562,20.075000762939453,4911.0
2024-10-25 15:26:00+00:00,INTA,50.06999969482422,50.06999969482422,50.06999969482422,50.06999969482422,50.06999969482422,238.0
2024-10-25 15:26:00+00:00,INTC,22.829999923706055,22.829999923706055,22.839000701904297,22.815000534057617,22.81999969482422,79693.0
2024-10-25 15:26:00+00:00,INTZ,0.7409999966621399,0.7409999966621399,0.7409999966621399,0.7346000075340271,0.7346000075340271,14785.0
2024-10-25 15:26:00+00:00,IPGP,77.02999877929688,77.02999877929688,77.02999877929688,77.02999877929688,77.02999877929688,588.0
2024-10-25 15:26:00+00:00,ITRI,102.37000274658203,102.37000274658203,102.37000274658203,102.37000274658203,102.37000274658203,191.0
2024-10-25 15:26:00+00:00,JAMF,16.809999465942383,16.809999465942383,16.809999465942383,16.809999465942383,16.809999465942383,615.0
2024-10-25 15:26:00+00:00,JKHY,183.08999633789062,183.08999633789062,183.08999633789062,183.02999877929688,183.02999877929688,563.0
2024-10-25 15:26:00+00:00,KC,2.680000066757202,2.680000066757202,2.684999942779541,2.680000066757202,2.684999942779541,4073.0
2024-10-25 15:26:00+00:00,KLAC,676.0599975585938,676.0599975585938,676.0599975585938,675.5850219726562,675.5850219726562,934.0
2024-10-25 15:26:00+00:00,KLIC,44.474998474121094,44.474998474121094,44.474998474121094,44.439998626708984,44.439998626708984,2105.0
2024-10-25 15:26:00+00:00,KOPN,0.7821999788284302,0.7821999788284302,0.7821999788284302,0.7821999788284302,0.7821999788284302,2052.0
2024-10-25 15:26:00+00:00,LASR,10.399999618530273,10.399999618530273,10.399999618530273,10.399999618530273,10.399999618530273,880.0
2024-10-25 15:26:00+00:00,LINK,4.869999885559082,4.869999885559082,4.869999885559082,4.860000133514404,4.869999885559082,465.0
2024-10-25 15:26:00+00:00,LITE,64.4800033569336,64.4800033569336,64.4800033569336,64.4800033569336,64.4800033569336,446.0
2024-10-25 15:26:00+00:00,LOGI,80.7699966430664,80.7699966430664,80.79000091552734,80.7699966430664,80.7699966430664,1984.0
2024-10-25 15:26:00+00:00,LPSN,1.1699999570846558,1.1699999570846558,1.1699999570846558,1.1699999570846558,1.1699999570846558,420.0
2024-10-25 15:26:00+00:00,LRCX,78.1449966430664,78.1449966430664,78.16699981689453,78.05999755859375,78.07499694824219,19041.0
2024-10-25 15:26:00+00:00,LSCC,54.06999969482422,54.06999969482422,54.08000183105469,54.05500030517578,54.05500030517578,4498.0
2024-10-25 15:26:00+00:00,LTRX,4.090000152587891,4.090000152587891,4.09499979019165,4.090000152587891,4.090000152587891,423.0
2024-10-25 15:26:00+00:00,LYFT,13.574999809265137,13.574999809265137,13.595199584960938,13.510000228881836,13.595000267028809,222793.0
2024-10-25 15:26:00+00:00,MANH,275.79998779296875,275.79998779296875,275.79998779296875,275.79998779296875,275.79998779296875,329.0
2024-10-25 15:26:00+00:00,MAPS,0.8251000046730042,0.8251000046730042,0.8251000046730042,0.824999988079071,0.824999988079071,1830.0
2024-10-25 15:26:00+00:00,MAXN,5.849999904632568,5.849999904632568,5.849999904632568,5.849999904632568,5.849999904632568,369.0
2024-10-25 15:26:00+00:00,MCHP,76.66999816894531,76.66999816894531,76.69000244140625,76.63500213623047,76.63500213623047,5448.0
2024-10-25 15:26:00+00:00,MDB,267.5299987792969,267.5299987792969,267.5299987792969,267.42498779296875,267.42498779296875,1269.0
2024-10-25 15:26:00+00:00,MITK,8.770000457763672,8.770000457763672,8.770000457763672,8.770000457763672,8.770000457763672,420.0
2024-10-25 15:26:00+00:00,MKSI,101.05000305175781,101.05000305175781,101.05000305175781,101.0,101.0,729.0
2024-10-25 15:26:00+00:00,MPWR,909.3300170898438,909.3300170898438,909.3300170898438,909.3300170898438,909.3300170898438,426.0
2024-10-25 15:26:00+00:00,MQ,5.304999828338623,5.304999828338623,5.309999942779541,5.304999828338623,5.304999828338623,968.0
2024-10-25 15:26:00+00:00,MRAM,6.389999866485596,6.389999866485596,6.389999866485596,6.389999866485596,6.389999866485596,187.0
2024-10-25 15:26:00+00:00,MRVL,81.99980163574219,81.99980163574219,82.0,81.94999694824219,81.96189880371094,18026.0
2024-10-25 15:26:00+00:00,MSFT,428.3699951171875,428.3699951171875,428.44500732421875,428.17999267578125,428.2099914550781,10761.0
2024-10-25 15:26:00+00:00,MSTR,234.6199951171875,234.6199951171875,234.66000366210938,234.4149932861328,234.4149932861328,32041.0
2024-10-25 15:26:00+00:00,MTLS,5.880000114440918,5.880000114440918,5.880000114440918,5.880000114440918,5.880000114440918,1641.0
2024-10-25 15:26:00+00:00,MTSI,121.22000122070312,121.22000122070312,121.2300033569336,121.08999633789062,121.08999633789062,1435.0
2024-10-25 15:26:00+00:00,MTTR,4.570000171661377,4.570000171661377,4.570000171661377,4.565700054168701,4.565700054168701,2160.0
2024-10-25 15:26:00+00:00,MU,108.19490051269531,108.19490051269531,108.19490051269531,108.12950134277344,108.12950134277344,18103.0
2024-10-25 15:26:00+00:00,MVIS,1.0787999629974365,1.0787999629974365,1.0787999629974365,1.0787999629974365,1.0787999629974365,913.0
2024-10-25 15:26:00+00:00,MXL,14.680000305175781,14.680000305175781,14.710000038146973,14.649999618530273,14.649999618530273,11946.0
2024-10-25 15:26:00+00:00,MYNA,1.1306999921798706,1.1306999921798706,1.1306999921798706,1.1306999921798706,1.1306999921798706,179.0
2024-10-25 15:26:00+00:00,NCNO,37.88999938964844,37.88999938964844,37.88999938964844,37.88999938964844,37.88999938964844,3158.0
2024-10-25 15:26:00+00:00,NNDM,2.325000047683716,2.325000047683716,2.325000047683716,2.325000047683716,2.325000047683716,1920.0
2024-10-25 15:26:00+00:00,NTAP,119.73999786376953,119.73999786376953,119.73999786376953,119.70999908447266,119.70999908447266,2392.0
2024-10-25 15:26:00+00:00,NTGR,20.31999969482422,20.31999969482422,20.31999969482422,20.31999969482422,20.31999969482422,329.0
2024-10-25 15:26:00+00:00,NTNX,61.66999816894531,61.66999816894531,61.689998626708984,61.66999816894531,61.689998626708984,2038.0
2024-10-25 15:26:00+00:00,NVDA,141.9315948486328,141.9315948486328,141.9499969482422,141.82000732421875,141.86000061035156,254179.0
2024-10-25 15:26:00+00:00,NVEI,33.4900016784668,33.4900016784668,33.4900016784668,33.4900016784668,33.4900016784668,863.0
2024-10-25 15:26:00+00:00,NXPI,243.58999633789062,243.58999633789062,243.60000610351562,243.34500122070312,243.34500122070312,4744.0
2024-10-25 15:26:00+00:00,OKTA,72.2300033569336,72.2300033569336,72.2300033569336,72.22000122070312,72.22000122070312,1313.0
2024-10-25 15:26:00+00:00,OLED,202.85499572753906,202.85499572753906,202.85499572753906,202.85499572753906,202.85499572753906,914.0
2024-10-25 15:26:00+00:00,ON,71.2249984741211,71.2249984741211,71.23400115966797,71.13999938964844,71.16000366210938,13952.0
2024-10-25 15:26:00+00:00,OSIS,135.4550018310547,135.4550018310547,135.8300018310547,135.41000366210938,135.75,4435.0
2024-10-25 15:26:00+00:00,OTEX,33.20500183105469,33.20500183105469,33.20500183105469,33.20500183105469,33.20500183105469,304.0
2024-10-25 15:26:00+00:00,PANW,366.4649963378906,366.4649963378906,366.4649963378906,366.3399963378906,366.3399963378906,2005.0
2024-10-25 15:26:00+00:00,PAYO,8.345000267028809,8.345000267028809,8.345000267028809,8.345000267028809,8.345000267028809,2408.0
2024-10-25 15:26:00+00:00,PCTY,173.77999877929688,173.77999877929688,173.77999877929688,173.77999877929688,173.77999877929688,771.0
2024-10-25 15:26:00+00:00,PEGA,79.73999786376953,79.73999786376953,79.73999786376953,79.58000183105469,79.59989929199219,9793.0
2024-10-25 15:26:00+00:00,PGY,11.944999694824219,11.944999694824219,11.949999809265137,11.944999694824219,11.949999809265137,303.0
2024-10-25 15:26:00+00:00,PHUN,10.3100004196167,10.3100004196167,10.319999694824219,10.29580020904541,10.300000190734863,28001.0
2024-10-25 15:26:00+00:00,PI,201.0050048828125,201.0050048828125,201.16000366210938,201.0050048828125,201.16000366210938,1919.0
2024-10-25 15:26:00+00:00,PLAB,23.6299991607666,23.6299991607666,23.6299991607666,23.6200008392334,23.6200008392334,736.0
2024-10-25 15:26:00+00:00,PLXS,141.3300018310547,141.3300018310547,141.3300018310547,141.3300018310547,141.3300018310547,254.0
2024-10-25 15:26:00+00:00,POET,3.8499999046325684,3.8499999046325684,3.8499999046325684,3.8450000286102295,3.8450000286102295,4595.0
2024-10-25 15:26:00+00:00,PRCH,1.2949999570846558,1.2949999570846558,1.2999000549316406,1.2949999570846558,1.2949999570846558,10683.0
2024-10-25 15:26:00+00:00,PTC,187.24000549316406,187.24000549316406,187.24000549316406,187.07000732421875,187.07000732421875,3074.0
2024-10-25 15:26:00+00:00,PYCR,14.324999809265137,14.324999809265137,14.324999809265137,14.3233003616333,14.324999809265137,1060.0
2024-10-25 15:26:00+00:00,QCOM,170.6699981689453,170.6699981689453,170.6699981689453,170.50999450683594,170.52000427246094,7554.0
2024-10-25 15:26:00+00:00,QLYS,120.41500091552734,120.41500091552734,120.41500091552734,120.41500091552734,120.41500091552734,623.0
2024-10-25 15:26:00+00:00,QRVO,99.72000122070312,99.72000122070312,99.72000122070312,99.69999694824219,99.69999694824219,1476.0
2024-10-25 15:26:00+00:00,QUBT,1.0750000476837158,1.0750000476837158,1.0750000476837158,1.0750000476837158,1.0750000476837158,275.0
2024-10-25 15:26:00+00:00,RCAT,2.744999885559082,2.744999885559082,2.744999885559082,2.744999885559082,2.744999885559082,466.0
2024-10-25 15:26:00+00:00,RELL,14.039999961853027,14.039999961853027,14.039999961853027,14.039999961853027,14.039999961853027,458.0
2024-10-25 15:26:00+00:00,RELY,14.904999732971191,14.904999732971191,14.904999732971191,14.880000114440918,14.880999565124512,3954.0
2024-10-25 15:26:00+00:00,RGTI,1.2300000190734863,1.2300000190734863,1.2300000190734863,1.229699969291687,1.2300000190734863,13567.0
2024-10-25 15:26:00+00:00,RIOT,9.753999710083008,9.753999710083008,9.759900093078613,9.75,9.755000114440918,25721.0
2024-10-25 15:26:00+00:00,RMBS,43.349998474121094,43.349998474121094,43.349998474121094,43.32500076293945,43.33000183105469,2698.0
2024-10-25 15:26:00+00:00,RPAY,7.75,7.75,7.75,7.75,7.75,1579.0
2024-10-25 15:26:00+00:00,RPD,39.05500030517578,39.05500030517578,39.05500030517578,39.02009963989258,39.02009963989258,413.0
2024-10-25 15:26:00+00:00,RUM,5.704999923706055,5.704999923706055,5.704999923706055,5.704999923706055,5.704999923706055,138.0
2024-10-25 15:26:00+00:00,RUN,14.425000190734863,14.425000190734863,14.425000190734863,14.425000190734863,14.425000190734863,4127.0
2024-10-25 15:26:00+00:00,SANM,67.56099700927734,67.56099700927734,67.58000183105469,67.56099700927734,67.58000183105469,901.0
2024-10-25 15:26:00+00:00,SATS,25.125,25.125,25.125,25.125,25.125,130.0
2024-10-25 15:26:00+00:00,SCWX,8.375,8.375,8.375,8.375,8.375,343.0
2024-10-25 15:26:00+00:00,SEDG,16.03499984741211,16.03499984741211,16.03499984741211,15.989999771118164,15.989999771118164,3630.0
2024-10-25 15:26:00+00:00,SHLS,5.230000019073486,5.230000019073486,5.235000133514404,5.230000019073486,5.235000133514404,991.0
2024-10-25 15:26:00+00:00,SIMO,56.189998626708984,56.189998626708984,56.21500015258789,56.189998626708984,56.21500015258789,1215.0
2024-10-25 15:26:00+00:00,SKYT,10.470000267028809,10.470000267028809,10.479999542236328,10.460000038146973,10.479999542236328,1139.0
2024-10-25 15:26:00+00:00,SLAB,113.94999694824219,113.94999694824219,113.94999694824219,113.94499969482422,113.94499969482422,687.0
2024-10-25 15:26:00+00:00,SMCI,47.54999923706055,47.54999923706055,47.58000183105469,47.48139953613281,47.52000045776367,58742.0
2024-10-25 15:26:00+00:00,SMTC,45.72999954223633,45.72999954223633,45.75,45.720001220703125,45.720001220703125,1146.0
2024-10-25 15:26:00+00:00,SNPS,501.8630065917969,501.8630065917969,501.8800048828125,501.81500244140625,501.81500244140625,1955.0
2024-10-25 15:26:00+00:00,SONO,12.670000076293945,12.670000076293945,12.675000190734863,12.670000076293945,12.675000190734863,916.0
2024-10-25 15:26:00+00:00,SOUN,5.184999942779541,5.184999942779541,5.190000057220459,5.184500217437744,5.189899921417236,6817.0
2024-10-25 15:26:00+00:00,SPSC,170.57000732421875,170.57000732421875,170.57000732421875,170.57000732421875,170.57000732421875,1182.0
2024-10-25 15:26:00+00:00,SPT,26.854999542236328,26.854999542236328,26.854999542236328,26.854999542236328,26.854999542236328,202.0
2024-10-25 15:26:00+00:00,SRAD,12.3100004196167,12.3100004196167,12.3100004196167,12.300000190734863,12.300000190734863,1137.0
2024-10-25 15:26:00+00:00,SSNC,70.08999633789062,70.08999633789062,70.08999633789062,70.02999877929688,70.03500366210938,8155.0
2024-10-25 15:26:00+00:00,STNE,11.510100364685059,11.510100364685059,11.539999961853027,11.510000228881836,11.53499984741211,40870.0
2024-10-25 15:26:00+00:00,STX,103.69999694824219,103.69999694824219,103.70999908447266,103.5199966430664,103.5199966430664,13566.0
2024-10-25 15:26:00+00:00,SVRE,0.0778999999165535,0.0778999999165535,0.0778999999165535,0.0778999999165535,0.0778999999165535,6689.0
2024-10-25 15:26:00+00:00,SWKS,95.78500366210938,95.78500366210938,95.79000091552734,95.7699966430664,95.7699966430664,961.0
2024-10-25 15:26:00+00:00,SYNA,72.30500030517578,72.30500030517578,72.30500030517578,72.30500030517578,72.30500030517578,172.0
2024-10-25 15:26:00+00:00,TEAM,189.09500122070312,189.09500122070312,189.09500122070312,189.08999633789062,189.08999633789062,2019.0
2024-10-25 15:26:00+00:00,TENB,41.66999816894531,41.66999816894531,41.66999816894531,41.654998779296875,41.654998779296875,729.0
2024-10-25 15:26:00+00:00,TER,112.13500213623047,112.13500213623047,112.18000030517578,112.08000183105469,112.08000183105469,4927.0
2024-10-25 15:26:00+00:00,TGL,0.6800000071525574,0.6800000071525574,0.6800000071525574,0.6800000071525574,0.6800000071525574,1312.0
2024-10-25 15:26:00+00:00,TRMB,60.91999816894531,60.91999816894531,60.91999816894531,60.90999984741211,60.90999984741211,1209.0
2024-10-25 15:26:00+00:00,TSEM,44.65999984741211,44.65999984741211,44.689998626708984,44.650001525878906,44.650001525878906,3320.0
2024-10-25 15:26:00+00:00,TTD,119.19499969482422,119.19499969482422,119.20999908447266,119.08999633789062,119.08999633789062,13247.0
2024-10-25 15:26:00+00:00,TTMI,19.809999465942383,19.809999465942383,19.809999465942383,19.799999237060547,19.799999237060547,491.0
2024-10-25 15:26:00+00:00,TWKS,4.445000171661377,4.445000171661377,4.445000171661377,4.445000171661377,4.445000171661377,475.0
2024-10-25 15:26:00+00:00,TXN,207.32000732421875,207.32000732421875,207.32000732421875,207.14999389648438,207.14999389648438,3803.0
2024-10-25 15:26:00+00:00,UCTT,35.7400016784668,35.7400016784668,35.7400016784668,35.71500015258789,35.71500015258789,1266.0
2024-10-25 15:26:00+00:00,UEIC,8.0649995803833,8.0649995803833,8.0649995803833,8.0649995803833,8.0649995803833,121.0
2024-10-25 15:26:00+00:00,UPLD,2.135999917984009,2.135999917984009,2.135999917984009,2.130000114440918,2.130000114440918,447.0
2024-10-25 15:26:00+00:00,VECO,29.309999465942383,29.309999465942383,29.309999465942383,29.299999237060547,29.299999237060547,1179.0
2024-10-25 15:26:00+00:00,VIAV,9.194999694824219,9.194999694824219,9.194999694824219,9.1899995803833,9.1899995803833,1114.0
2024-10-25 15:26:00+00:00,VNET,3.375,3.375,3.375,3.375,3.375,209.0
2024-10-25 15:26:00+00:00,VRNS,56.7599983215332,56.7599983215332,56.7599983215332,56.75,56.75,1557.0
2024-10-25 15:26:00+00:00,VRSN,181.92999267578125,181.92999267578125,181.9499969482422,181.85499572753906,181.94000244140625,2615.0
2024-10-25 15:26:00+00:00,VSAT,10.210000038146973,10.210000038146973,10.21500015258789,10.210000038146973,10.21500015258789,1128.0
2024-10-25 15:26:00+00:00,VUZI,1.2949999570846558,1.2949999570846558,1.2949999570846558,1.2949999570846558,1.2949999570846558,600.0
2024-10-25 15:26:00+00:00,WDAY,237.9250030517578,237.9250030517578,237.92999267578125,237.82000732421875,237.92999267578125,1480.0
2024-10-25 15:26:00+00:00,WDC,70.30000305175781,70.30000305175781,70.30000305175781,70.22000122070312,70.22000122070312,15069.0
2024-10-25 15:26:00+00:00,WLDS,3.625,3.625,3.655900001525879,3.625,3.655900001525879,2003.0
2024-10-25 15:26:00+00:00,XPER,9.390000343322754,9.390000343322754,9.390000343322754,9.390000343322754,9.390000343322754,295.0
2024-10-25 15:26:00+00:00,XRX,9.984999656677246,9.984999656677246,9.984999656677246,9.984999656677246,9.984999656677246,1678.0
2024-10-25 15:26:00+00:00,ZBRA,361.1000061035156,361.1000061035156,361.1000061035156,361.1000061035156,361.1000061035156,460.0
2024-10-25 15:26:00+00:00,ZI,10.479999542236328,10.479999542236328,10.479999542236328,10.4753999710083,10.4753999710083,2314.0
2024-10-25 15:26:00+00:00,ZM,72.94999694824219,72.94999694824219,72.94999694824219,72.91000366210938,72.91000366210938,4451.0
2024-10-25 15:26:00+00:00,ZS,184.80999755859375,184.80999755859375,184.80999755859375,184.80999755859375,184.80999755859375,153.0
2024-10-25 15:27:00+00:00,AAOI,17.549999237060547,17.549999237060547,17.56329917907715,17.549999237060547,17.56329917907715,7793.0
2024-10-25 15:27:00+00:00,AAPL,231.47500610351562,231.47500610351562,231.50999450683594,231.38999938964844,231.50999450683594,42347.0
2024-10-25 15:27:00+00:00,ACIW,48.768001556396484,48.768001556396484,48.79899978637695,48.768001556396484,48.790000915527344,998.0
2024-10-25 15:27:00+00:00,ACLS,89.81999969482422,89.81999969482422,89.81999969482422,89.81999969482422,89.81999969482422,557.0
2024-10-25 15:27:00+00:00,ADBE,482.7850036621094,482.7850036621094,482.94000244140625,482.68499755859375,482.94000244140625,4082.0
2024-10-25 15:27:00+00:00,ADI,230.84500122070312,230.84500122070312,230.92750549316406,230.8000030517578,230.92750549316406,2826.0
2024-10-25 15:27:00+00:00,ADSK,286.25,286.25,286.3699951171875,286.25,286.3699951171875,1660.0
2024-10-25 15:27:00+00:00,AEHR,16.950000762939453,16.950000762939453,16.950000762939453,16.950000762939453,16.950000762939453,1063.0
2024-10-25 15:27:00+00:00,AFRM,41.18000030517578,41.18000030517578,41.20000076293945,41.16999816894531,41.20000076293945,5836.0
2024-10-25 15:27:00+00:00,AGMH,1.8250000476837158,1.8250000476837158,1.8250000476837158,1.8250000476837158,1.8250000476837158,960.0
2024-10-25 15:27:00+00:00,AGYS,110.7699966430664,110.7699966430664,110.7699966430664,110.7699966430664,110.7699966430664,148.0
2024-10-25 15:27:00+00:00,AIP,6.882999897003174,6.882999897003174,6.909999847412109,6.882999897003174,6.909999847412109,530.0
2024-10-25 15:27:00+00:00,AKAM,101.73999786376953,101.73999786376953,101.73999786376953,101.73999786376953,101.73999786376953,797.0
2024-10-25 15:27:00+00:00,AKTS,0.05999999865889549,0.05999999865889549,0.05999999865889549,0.05990000069141388,0.05999999865889549,130433.0
2024-10-25 15:27:00+00:00,ALGM,23.15999984741211,23.15999984741211,23.18000030517578,23.145000457763672,23.18000030517578,9160.0
2024-10-25 15:27:00+00:00,ALKT,38.18000030517578,38.18000030517578,38.18000030517578,38.18000030517578,38.18000030517578,818.0
2024-10-25 15:27:00+00:00,ALRM,54.30500030517578,54.30500030517578,54.30500030517578,54.30500030517578,54.30500030517578,834.0
2024-10-25 15:27:00+00:00,AMAT,186.99000549316406,186.99000549316406,187.1999969482422,186.9499969482422,187.14500427246094,5944.0
2024-10-25 15:27:00+00:00,AMBA,57.72999954223633,57.72999954223633,57.72999954223633,57.72999954223633,57.72999954223633,1160.0
2024-10-25 15:27:00+00:00,AMD,156.24600219726562,156.24600219726562,156.3159942626953,156.1699981689453,156.3159942626953,43661.0
2024-10-25 15:27:00+00:00,AMKR,30.0,30.0,30.0049991607666,30.0,30.0,2427.0
2024-10-25 15:27:00+00:00,AMPL,9.095000267028809,9.095000267028809,9.095000267028809,9.095000267028809,9.095000267028809,313.0
2024-10-25 15:27:00+00:00,AMST,2.8029000759124756,2.8029000759124756,2.8029000759124756,2.7799999713897705,2.7799999713897705,721.0
2024-10-25 15:27:00+00:00,ANSS,323.489990234375,323.489990234375,323.6099853515625,323.3175048828125,323.6099853515625,1241.0
2024-10-25 15:27:00+00:00,ANY,1.059999942779541,1.059999942779541,1.059999942779541,1.059999942779541,1.059999942779541,113.0
2024-10-25 15:27:00+00:00,API,2.875,2.875,2.875,2.875,2.875,600.0
2024-10-25 15:27:00+00:00,APP,161.69700622558594,161.69700622558594,161.73199462890625,161.66000366210938,161.73199462890625,1293.0
2024-10-25 15:27:00+00:00,APPF,212.19000244140625,212.19000244140625,212.1999969482422,212.19000244140625,212.1999969482422,1710.0
2024-10-25 15:27:00+00:00,APPN,32.22999954223633,32.22999954223633,32.22999954223633,32.22999954223633,32.22999954223633,829.0
2024-10-25 15:27:00+00:00,APPS,3.069999933242798,3.069999933242798,3.069999933242798,3.069999933242798,3.069999933242798,2885.0
2024-10-25 15:27:00+00:00,ARBE,1.8450000286102295,1.8450000286102295,1.8450000286102295,1.8450000286102295,1.8450000286102295,444.0
2024-10-25 15:27:00+00:00,ARRY,6.440100193023682,6.440100193023682,6.446499824523926,6.420000076293945,6.440000057220459,32760.0
2024-10-25 15:27:00+00:00,ASML,713.7349853515625,713.7349853515625,713.7349853515625,713.7349853515625,713.7349853515625,1288.0
2024-10-25 15:27:00+00:00,AUR,6.375,6.375,6.386000156402588,6.375,6.386000156402588,19014.0
2024-10-25 15:27:00+00:00,AVDX,8.085000038146973,8.085000038146973,8.09000015258789,8.085000038146973,8.09000015258789,896.0
2024-10-25 15:27:00+00:00,AVGO,173.69000244140625,173.69000244140625,173.75619506835938,173.6199951171875,173.72999572753906,17616.0
2024-10-25 15:27:00+00:00,AVNW,20.674999237060547,20.674999237060547,20.674999237060547,20.674999237060547,20.674999237060547,542.0
2024-10-25 15:27:00+00:00,AVPT,11.904999732971191,11.904999732971191,11.904999732971191,11.904999732971191,11.904999732971191,596.0
2024-10-25 15:27:00+00:00,AVT,54.11000061035156,54.11000061035156,54.11000061035156,54.099998474121094,54.11000061035156,2084.0
2024-10-25 15:27:00+00:00,AXTI,2.6649999618530273,2.6649999618530273,2.6649999618530273,2.6649999618530273,2.6649999618530273,411.0
2024-10-25 15:27:00+00:00,AZPN,238.14999389648438,238.14999389648438,238.24000549316406,238.14999389648438,238.22000122070312,1009.0
2024-10-25 15:27:00+00:00,BIGC,5.263999938964844,5.263999938964844,5.263999938964844,5.263999938964844,5.263999938964844,1492.0
2024-10-25 15:27:00+00:00,BL,56.323001861572266,56.323001861572266,56.380001068115234,56.323001861572266,56.380001068115234,1087.0
2024-10-25 15:27:00+00:00,BMBL,7.105000019073486,7.105000019073486,7.105000019073486,7.09499979019165,7.099699974060059,10939.0
2024-10-25 15:27:00+00:00,CAN,0.9729999899864197,0.9729999899864197,0.9739000201225281,0.9729999899864197,0.9729999899864197,3989.0
2024-10-25 15:27:00+00:00,CDNS,257.5899963378906,257.5899963378906,257.6524963378906,257.5899963378906,257.6524963378906,3097.0
2024-10-25 15:27:00+00:00,CETX,0.29919999837875366,0.29919999837875366,0.29919999837875366,0.29919999837875366,0.29919999837875366,834.0
2024-10-25 15:27:00+00:00,CFLT,22.440000534057617,22.440000534057617,22.450000762939453,22.430999755859375,22.450000762939453,6494.0
2024-10-25 15:27:00+00:00,CGNT,6.619999885559082,6.619999885559082,6.619999885559082,6.619999885559082,6.619999885559082,1207.0
2024-10-25 15:27:00+00:00,CGNX,38.79999923706055,38.79999923706055,38.83000183105469,38.79999923706055,38.83000183105469,4246.0
2024-10-25 15:27:00+00:00,CHKP,205.9250030517578,205.9250030517578,205.9250030517578,205.8699951171875,205.8800048828125,1422.0
2024-10-25 15:27:00+00:00,CLBT,18.225000381469727,18.225000381469727,18.229999542236328,18.219999313354492,18.229999542236328,1801.0
2024-10-25 15:27:00+00:00,CLSK,11.579999923706055,11.579999923706055,11.600000381469727,11.579999923706055,11.595000267028809,39363.0
2024-10-25 15:27:00+00:00,CNDT,3.5950000286102295,3.5950000286102295,3.5950000286102295,3.5950000286102295,3.5950000286102295,441.0
2024-10-25 15:27:00+00:00,CNXC,44.42499923706055,44.42499923706055,44.43000030517578,44.38999938964844,44.43000030517578,3828.0
2024-10-25 15:27:00+00:00,COHR,95.56999969482422,95.56999969482422,95.5999984741211,95.56999969482422,95.5999984741211,1358.0
2024-10-25 15:27:00+00:00,COIN,205.67999267578125,205.67999267578125,206.2696990966797,205.57000732421875,206.2696990966797,15970.0
2024-10-25 15:27:00+00:00,COMM,6.204999923706055,6.204999923706055,6.215000152587891,6.202000141143799,6.215000152587891,12226.0
2024-10-25 15:27:00+00:00,CORZ,13.255000114440918,13.255000114440918,13.295000076293945,13.244999885559082,13.295000076293945,11226.0
2024-10-25 15:27:00+00:00,CORZW,7.760000228881836,7.760000228881836,7.760000228881836,7.760000228881836,7.760000228881836,0.0
2024-10-25 15:27:00+00:00,CRCT,6.559999942779541,6.559999942779541,6.559999942779541,6.559999942779541,6.559999942779541,1328.0
2024-10-25 15:27:00+00:00,CRDO,39.10499954223633,39.10499954223633,39.15999984741211,39.10499954223633,39.15999984741211,3579.0
2024-10-25 15:27:00+00:00,CRNC,2.934999942779541,2.934999942779541,2.934999942779541,2.934999942779541,2.934999942779541,1949.0
2024-10-25 15:27:00+00:00,CRUS,122.26000213623047,122.26000213623047,122.30500030517578,122.20999908447266,122.22000122070312,962.0
2024-10-25 15:27:00+00:00,CRWD,298.92999267578125,298.92999267578125,298.92999267578125,298.768310546875,298.8399963378906,8266.0
2024-10-25 15:27:00+00:00,CSCO,55.72999954223633,55.72999954223633,55.7400016784668,55.724998474121094,55.7400016784668,11980.0
2024-10-25 15:27:00+00:00,CSGS,47.279998779296875,47.279998779296875,47.29999923706055,47.279998779296875,47.29999923706055,936.0
2024-10-25 15:27:00+00:00,CSIQ,13.369999885559082,13.369999885559082,13.369999885559082,13.354999542236328,13.359999656677246,1657.0
2024-10-25 15:27:00+00:00,CTLP,8.913700103759766,8.913700103759766,8.913700103759766,8.913700103759766,8.913700103759766,331.0
2024-10-25 15:27:00+00:00,CTSH,74.69000244140625,74.69000244140625,74.70999908447266,74.69000244140625,74.70999908447266,2735.0
2024-10-25 15:27:00+00:00,CVLT,134.41000366210938,134.41000366210938,134.41000366210938,134.3800048828125,134.3800048828125,576.0
2024-10-25 15:27:00+00:00,CYBR,289.70001220703125,289.70001220703125,289.70001220703125,289.70001220703125,289.70001220703125,1021.0
2024-10-25 15:27:00+00:00,DAIO,2.5799999237060547,2.5799999237060547,2.5799999237060547,2.5450000762939453,2.5569000244140625,2000.0
2024-10-25 15:27:00+00:00,DAKT,13.050000190734863,13.050000190734863,13.050000190734863,13.050000190734863,13.050000190734863,119.0
2024-10-25 15:27:00+00:00,DATS,1.5951999425888062,1.5951999425888062,1.5951999425888062,1.5951999425888062,1.5951999425888062,100.0
2024-10-25 15:27:00+00:00,DAVE,38.654998779296875,38.654998779296875,38.654998779296875,38.654998779296875,38.654998779296875,118.0
2024-10-25 15:27:00+00:00,DBX,26.05500030517578,26.05500030517578,26.05500030517578,26.049999237060547,26.05500030517578,8228.0
2024-10-25 15:27:00+00:00,DDOG,126.41010284423828,126.41010284423828,126.55999755859375,126.3949966430664,126.54000091552734,12277.0
2024-10-25 15:27:00+00:00,DLO,8.8149995803833,8.8149995803833,8.8149995803833,8.8149995803833,8.8149995803833,810.0
2024-10-25 15:27:00+00:00,DOCU,68.90029907226562,68.90029907226562,68.94000244140625,68.90029907226562,68.91000366210938,4178.0
2024-10-25 15:27:00+00:00,DOMO,8.069999694824219,8.069999694824219,8.069999694824219,8.0600004196167,8.0600004196167,1674.0
2024-10-25 15:27:00+00:00,DOX,88.94000244140625,88.94000244140625,88.94000244140625,88.94000244140625,88.94000244140625,499.0
2024-10-25 15:27:00+00:00,DTSS,2.4600000381469727,2.4600000381469727,2.4600000381469727,2.4600000381469727,2.4600000381469727,100.0
2024-10-25 15:27:00+00:00,DUOL,291.2200012207031,291.2200012207031,291.2200012207031,291.2200012207031,291.2200012207031,104.0
2024-10-25 15:27:00+00:00,EEFT,100.40499877929688,100.40499877929688,100.40499877929688,100.40499877929688,100.40499877929688,848.0
2024-10-25 15:27:00+00:00,ENPH,83.73999786376953,83.73999786376953,83.74600219726562,83.70999908447266,83.7300033569336,3749.0
2024-10-25 15:27:00+00:00,ENTG,104.83999633789062,104.83999633789062,104.88999938964844,104.83999633789062,104.86000061035156,4132.0
2024-10-25 15:27:00+00:00,ERIC,8.46500015258789,8.46500015258789,8.46500015258789,8.460000038146973,8.460000038146973,8043.0
2024-10-25 15:27:00+00:00,EXLS,38.400001525878906,38.400001525878906,38.47999954223633,38.400001525878906,38.47999954223633,21794.0
2024-10-25 15:27:00+00:00,EXTR,14.345000267028809,14.345000267028809,14.345000267028809,14.345000267028809,14.345000267028809,390.0
2024-10-25 15:27:00+00:00,FARO,17.950000762939453,17.950000762939453,17.950000762939453,17.950000762939453,17.950000762939453,569.0
2024-10-25 15:27:00+00:00,FFIV,216.36500549316406,216.36500549316406,216.36500549316406,216.3000030517578,216.3000030517578,1341.0
2024-10-25 15:27:00+00:00,FIVN,29.78499984741211,29.78499984741211,29.790000915527344,29.780000686645508,29.790000915527344,2884.0
2024-10-25 15:27:00+00:00,FLEX,35.130001068115234,35.130001068115234,35.1349983215332,35.130001068115234,35.130001068115234,3062.0
2024-10-25 15:27:00+00:00,FLYW,17.299999237060547,17.299999237060547,17.299999237060547,17.25,17.25,4773.0
2024-10-25 15:27:00+00:00,FRGT,1.850000023841858,1.850000023841858,1.850000023841858,1.850000023841858,1.850000023841858,370.0
2024-10-25 15:27:00+00:00,FRSH,11.585000038146973,11.585000038146973,11.585000038146973,11.585000038146973,11.585000038146973,1233.0
2024-10-25 15:27:00+00:00,FSLR,198.52999877929688,198.52999877929688,198.55999755859375,198.47000122070312,198.5,2680.0
2024-10-25 15:27:00+00:00,FTCI,0.6557000279426575,0.6557000279426575,0.6557000279426575,0.652999997138977,0.652999997138977,2405.0
2024-10-25 15:27:00+00:00,FTNT,80.4800033569336,80.4800033569336,80.4800033569336,80.33499908447266,80.34500122070312,24717.0
2024-10-25 15:27:00+00:00,GCT,24.540000915527344,24.540000915527344,24.545000076293945,24.540000915527344,24.545000076293945,1153.0
2024-10-25 15:27:00+00:00,GDS,21.329999923706055,21.329999923706055,21.344999313354492,21.329999923706055,21.340999603271484,1179.0
2024-10-25 15:27:00+00:00,GDYN,15.630000114440918,15.630000114440918,15.630000114440918,15.630000114440918,15.630000114440918,1310.0
2024-10-25 15:27:00+00:00,GFS,40.45000076293945,40.45000076293945,40.470001220703125,40.45000076293945,40.470001220703125,1734.0
2024-10-25 15:27:00+00:00,GILT,4.929999828338623,4.929999828338623,4.929999828338623,4.929999828338623,4.929999828338623,112.0
2024-10-25 15:27:00+00:00,GPRO,1.2999999523162842,1.2999999523162842,1.2999999523162842,1.2999999523162842,1.2999999523162842,588.0
2024-10-25 15:27:00+00:00,GRAB,4.085000038146973,4.085000038146973,4.085000038146973,4.080100059509277,4.085000038146973,201582.0
2024-10-25 15:27:00+00:00,GTLB,54.970001220703125,54.970001220703125,54.994998931884766,54.970001220703125,54.994998931884766,1914.0
2024-10-25 15:27:00+00:00,HCKT,24.583999633789062,24.583999633789062,24.583999633789062,24.559999465942383,24.559999465942383,665.0
2024-10-25 15:27:00+00:00,HCP,33.63999938964844,33.63999938964844,33.63999938964844,33.6349983215332,33.63999938964844,1310.0
2024-10-25 15:27:00+00:00,HEAR,16.389999389648438,16.389999389648438,16.389999389648438,16.389999389648438,16.389999389648438,961.0
2024-10-25 15:27:00+00:00,HIMX,6.164999961853027,6.164999961853027,6.170000076293945,6.164999961853027,6.170000076293945,1866.0
2024-10-25 15:27:00+00:00,HOLO,3.6533000469207764,3.6533000469207764,3.680000066757202,3.6500000953674316,3.6500000953674316,12654.0
2024-10-25 15:27:00+00:00,HOOD,27.05500030517578,27.05500030517578,27.075000762939453,27.052000045776367,27.075000762939453,4463.0
2024-10-25 15:27:00+00:00,IBEX,18.014999389648438,18.014999389648438,18.014999389648438,18.014999389648438,18.014999389648438,117.0
2024-10-25 15:27:00+00:00,ICHR,27.520000457763672,27.520000457763672,27.520000457763672,27.520000457763672,27.520000457763672,824.0
2024-10-25 15:27:00+00:00,IDAI,0.22179999947547913,0.22179999947547913,0.22179999947547913,0.22179999947547913,0.22179999947547913,861.0
2024-10-25 15:27:00+00:00,INDI,3.484999895095825,3.484999895095825,3.484999895095825,3.481300115585327,3.481300115585327,2241.0
2024-10-25 15:27:00+00:00,INOD,20.040000915527344,20.040000915527344,20.100000381469727,20.040000915527344,20.100000381469727,5639.0
2024-10-25 15:27:00+00:00,INSG,19.985000610351562,19.985000610351562,20.020000457763672,19.985000610351562,20.010000228881836,4345.0
2024-10-25 15:27:00+00:00,INTA,50.025001525878906,50.025001525878906,50.04999923706055,50.025001525878906,50.040000915527344,824.0
2024-10-25 15:27:00+00:00,INTC,22.815000534057617,22.815000534057617,22.826099395751953,22.804000854492188,22.825000762939453,58972.0
2024-10-25 15:27:00+00:00,INTU,608.2849731445312,608.2849731445312,608.2849731445312,608.2849731445312,608.2849731445312,1965.0
2024-10-25 15:27:00+00:00,IPGP,77.05999755859375,77.05999755859375,77.05999755859375,77.05999755859375,77.05999755859375,918.0
2024-10-25 15:27:00+00:00,JKHY,183.0800018310547,183.0800018310547,183.13999938964844,183.02000427246094,183.08999633789062,2408.0
2024-10-25 15:27:00+00:00,KC,2.684999942779541,2.684999942779541,2.684999942779541,2.680000066757202,2.680000066757202,5108.0
2024-10-25 15:27:00+00:00,KLAC,675.530029296875,675.530029296875,675.530029296875,675.530029296875,675.530029296875,598.0
2024-10-25 15:27:00+00:00,KLIC,44.439998626708984,44.439998626708984,44.439998626708984,44.439998626708984,44.439998626708984,779.0
2024-10-25 15:27:00+00:00,LFUS,253.3300018310547,253.3300018310547,253.3300018310547,253.3300018310547,253.3300018310547,255.0
2024-10-25 15:27:00+00:00,LINK,4.940000057220459,4.940000057220459,4.940000057220459,4.869999885559082,4.869999885559082,2774.0
2024-10-25 15:27:00+00:00,LITE,64.4749984741211,64.4749984741211,64.4800033569336,64.4749984741211,64.4800033569336,928.0
2024-10-25 15:27:00+00:00,LPSN,1.159999966621399,1.159999966621399,1.1649999618530273,1.159999966621399,1.159999966621399,6062.0
2024-10-25 15:27:00+00:00,LRCX,78.08000183105469,78.08000183105469,78.16000366210938,78.01010131835938,78.1449966430664,31641.0
2024-10-25 15:27:00+00:00,LSCC,54.04499816894531,54.04499816894531,54.06999969482422,54.040000915527344,54.06999969482422,6467.0
2024-10-25 15:27:00+00:00,LTRX,4.090000152587891,4.090000152587891,4.090000152587891,4.090000152587891,4.090000152587891,115.0
2024-10-25 15:27:00+00:00,LYFT,13.572999954223633,13.572999954223633,13.640000343322754,13.562700271606445,13.569999694824219,283284.0
2024-10-25 15:27:00+00:00,MANH,275.8399963378906,275.8399963378906,275.8399963378906,275.7749938964844,275.7749938964844,857.0
2024-10-25 15:27:00+00:00,MAPS,0.824999988079071,0.824999988079071,0.8252999782562256,0.824999988079071,0.8252999782562256,1618.0
2024-10-25 15:27:00+00:00,MAXN,5.846700191497803,5.846700191497803,5.846700191497803,5.846700191497803,5.846700191497803,188.0
2024-10-25 15:27:00+00:00,MCHP,76.6449966430664,76.6449966430664,76.68000030517578,76.63999938964844,76.68000030517578,5675.0
2024-10-25 15:27:00+00:00,MDB,267.5899963378906,267.5899963378906,267.6050109863281,267.48779296875,267.5799865722656,1599.0
2024-10-25 15:27:00+00:00,MITK,8.779999732971191,8.779999732971191,8.779999732971191,8.770000457763672,8.770000457763672,560.0
2024-10-25 15:27:00+00:00,MKSI,101.0199966430664,101.0199966430664,101.08499908447266,101.0199966430664,101.08499908447266,645.0
2024-10-25 15:27:00+00:00,MNDO,1.9800000190734863,1.9800000190734863,1.9801000356674194,1.9800000190734863,1.9801000356674194,710.0
2024-10-25 15:27:00+00:00,MNDY,297.6600036621094,297.6600036621094,297.7099914550781,297.6600036621094,297.7099914550781,582.0
2024-10-25 15:27:00+00:00,MOB,1.3799999952316284,1.3799999952316284,1.3799999952316284,1.3799999952316284,1.3799999952316284,100.0
2024-10-25 15:27:00+00:00,MPWR,909.6849975585938,909.6849975585938,909.6900024414062,909.6849975585938,909.6900024414062,1228.0
2024-10-25 15:27:00+00:00,MQ,5.302499771118164,5.302499771118164,5.309999942779541,5.302499771118164,5.309999942779541,1459.0
2024-10-25 15:27:00+00:00,MRAM,6.369999885559082,6.369999885559082,6.385000228881836,6.369999885559082,6.385000228881836,805.0
2024-10-25 15:27:00+00:00,MRVL,81.94000244140625,81.94000244140625,81.98999786376953,81.87999725341797,81.98999786376953,21023.0
2024-10-25 15:27:00+00:00,MSFT,428.25,428.25,428.3800048828125,428.1700134277344,428.3699951171875,9557.0
2024-10-25 15:27:00+00:00,MSTR,233.78500366210938,233.78500366210938,234.6999969482422,233.6999969482422,234.6199951171875,41020.0
2024-10-25 15:27:00+00:00,MTSI,121.19999694824219,121.19999694824219,121.30999755859375,121.05999755859375,121.30999755859375,1243.0
2024-10-25 15:27:00+00:00,MU,108.16500091552734,108.16500091552734,108.19000244140625,108.11100006103516,108.19000244140625,10868.0
2024-10-25 15:27:00+00:00,MXL,14.710000038146973,14.710000038146973,14.729999542236328,14.6899995803833,14.6899995803833,12588.0
2024-10-25 15:27:00+00:00,NEON,8.149999618530273,8.149999618530273,8.149999618530273,8.149999618530273,8.149999618530273,431.0
2024-10-25 15:27:00+00:00,NICE,174.4600067138672,174.4600067138672,174.4600067138672,174.4600067138672,174.4600067138672,204.0
2024-10-25 15:27:00+00:00,NNDM,2.319999933242798,2.319999933242798,2.321700096130371,2.319999933242798,2.321700096130371,318.0
2024-10-25 15:27:00+00:00,NTAP,119.69499969482422,119.69499969482422,119.69499969482422,119.69499969482422,119.69499969482422,429.0
2024-10-25 15:27:00+00:00,NTCT,20.649999618530273,20.649999618530273,20.649999618530273,20.649999618530273,20.649999618530273,753.0
2024-10-25 15:27:00+00:00,NTNX,61.654998779296875,61.654998779296875,61.66999816894531,61.654998779296875,61.654998779296875,1740.0
2024-10-25 15:27:00+00:00,NVDA,141.91700744628906,141.91700744628906,141.94500732421875,141.85000610351562,141.93870544433594,335212.0
2024-10-25 15:27:00+00:00,NVEI,33.4900016784668,33.4900016784668,33.4900016784668,33.4900016784668,33.4900016784668,457.0
2024-10-25 15:27:00+00:00,NVTS,2.5299999713897705,2.5299999713897705,2.5299999713897705,2.5199999809265137,2.5199999809265137,2306.0
2024-10-25 15:27:00+00:00,NXPI,243.4949951171875,243.4949951171875,243.61000061035156,243.38999938964844,243.61000061035156,3923.0
2024-10-25 15:27:00+00:00,OKTA,72.19999694824219,72.19999694824219,72.20500183105469,72.19499969482422,72.19999694824219,1569.0
2024-10-25 15:27:00+00:00,OLED,202.8699951171875,202.8699951171875,202.8699951171875,202.8000030517578,202.8000030517578,1442.0
2024-10-25 15:27:00+00:00,ON,71.20500183105469,71.20500183105469,71.2300033569336,71.16999816894531,71.22000122070312,7408.0
2024-10-25 15:27:00+00:00,OSIS,135.3000030517578,135.3000030517578,135.3000030517578,135.3000030517578,135.3000030517578,419.0
2024-10-25 15:27:00+00:00,OSPN,14.5600004196167,14.5600004196167,14.5600004196167,14.5600004196167,14.5600004196167,782.0
2024-10-25 15:27:00+00:00,OTEX,33.20000076293945,33.20000076293945,33.20000076293945,33.20000076293945,33.20000076293945,3256.0
2024-10-25 15:27:00+00:00,PANW,366.1549987792969,366.1549987792969,366.3299865722656,366.1416931152344,366.3299865722656,1724.0
2024-10-25 15:27:00+00:00,PAYO,8.34000015258789,8.34000015258789,8.350000381469727,8.34000015258789,8.345000267028809,1811.0
2024-10-25 15:27:00+00:00,PCTY,173.64500427246094,173.64500427246094,173.64500427246094,173.64500427246094,173.64500427246094,451.0
2024-10-25 15:27:00+00:00,PEGA,79.7300033569336,79.7300033569336,79.80000305175781,79.66999816894531,79.79499816894531,13507.0
2024-10-25 15:27:00+00:00,PET,0.8109999895095825,0.8109999895095825,0.8109999895095825,0.8109999895095825,0.8109999895095825,189.0
2024-10-25 15:27:00+00:00,PGY,11.940199851989746,11.940199851989746,11.94849967956543,11.940199851989746,11.944999694824219,1611.0
2024-10-25 15:27:00+00:00,PHUN,10.510100364685059,10.510100364685059,10.539999961853027,10.329999923706055,10.329999923706055,171549.0
2024-10-25 15:27:00+00:00,PI,201.2100067138672,201.2100067138672,201.38999938964844,201.2100067138672,201.36000061035156,3707.0
2024-10-25 15:27:00+00:00,PLAB,23.63010025024414,23.63010025024414,23.63010025024414,23.63010025024414,23.63010025024414,645.0
2024-10-25 15:27:00+00:00,PLXS,141.22999572753906,141.22999572753906,141.27999877929688,141.22999572753906,141.27999877929688,1143.0
2024-10-25 15:27:00+00:00,POWI,63.21500015258789,63.21500015258789,63.2400016784668,63.21500015258789,63.2400016784668,945.0
2024-10-25 15:27:00+00:00,PRCH,1.2949999570846558,1.2949999570846558,1.2949999570846558,1.2949999570846558,1.2949999570846558,509.0
2024-10-25 15:27:00+00:00,PRGS,64.62000274658203,64.62000274658203,64.62000274658203,64.62000274658203,64.62000274658203,1574.0
2024-10-25 15:27:00+00:00,PRSO,1.8499000072479248,1.8499000072479248,1.8499000072479248,1.840000033378601,1.840000033378601,240.0
2024-10-25 15:27:00+00:00,PTC,187.18499755859375,187.18499755859375,187.22000122070312,187.1699981689453,187.22000122070312,11237.0
2024-10-25 15:27:00+00:00,PYCR,14.3100004196167,14.3100004196167,14.324999809265137,14.3100004196167,14.324999809265137,6856.0
2024-10-25 15:27:00+00:00,QCOM,170.63999938964844,170.63999938964844,170.65499877929688,170.5399932861328,170.65460205078125,7876.0
2024-10-25 15:27:00+00:00,QRVO,99.66999816894531,99.66999816894531,99.72000122070312,99.6500015258789,99.72000122070312,3734.0
2024-10-25 15:27:00+00:00,QUBT,1.070099949836731,1.070099949836731,1.0750000476837158,1.070099949836731,1.0750000476837158,813.0
2024-10-25 15:27:00+00:00,RCAT,2.744999885559082,2.744999885559082,2.744999885559082,2.744999885559082,2.744999885559082,701.0
2024-10-25 15:27:00+00:00,REKR,1.0850000381469727,1.0850000381469727,1.0850000381469727,1.0850000381469727,1.0850000381469727,436.0
2024-10-25 15:27:00+00:00,RELY,14.890000343322754,14.890000343322754,14.899999618530273,14.890000343322754,14.899999618530273,4606.0
2024-10-25 15:27:00+00:00,RIOT,9.7391996383667,9.7391996383667,9.755999565124512,9.734000205993652,9.755000114440918,32408.0
2024-10-25 15:27:00+00:00,RMBS,43.345001220703125,43.345001220703125,43.36000061035156,43.345001220703125,43.345001220703125,881.0
2024-10-25 15:27:00+00:00,RPD,39.05500030517578,39.05500030517578,39.05500030517578,39.05500030517578,39.05500030517578,329.0
2024-10-25 15:27:00+00:00,RSSS,2.5999999046325684,2.5999999046325684,2.5999999046325684,2.5999999046325684,2.5999999046325684,2259.0
2024-10-25 15:27:00+00:00,RUM,5.709700107574463,5.709700107574463,5.70989990234375,5.704999923706055,5.706600189208984,8430.0
2024-10-25 15:27:00+00:00,RUN,14.414999961853027,14.414999961853027,14.425000190734863,14.414999961853027,14.425000190734863,7000.0
2024-10-25 15:27:00+00:00,SATS,25.125,25.125,25.125,25.125,25.125,624.0
2024-10-25 15:27:00+00:00,SCSC,44.72999954223633,44.72999954223633,44.7400016784668,44.72999954223633,44.7400016784668,1051.0
2024-10-25 15:27:00+00:00,SEDG,16.0,16.0,16.040000915527344,15.989999771118164,16.040000915527344,12055.0
2024-10-25 15:27:00+00:00,SHLS,5.230000019073486,5.230000019073486,5.235000133514404,5.230000019073486,5.235000133514404,4301.0
2024-10-25 15:27:00+00:00,SIMO,56.150001525878906,56.150001525878906,56.150001525878906,56.150001525878906,56.150001525878906,559.0
2024-10-25 15:27:00+00:00,SITM,178.3699951171875,178.3699951171875,178.3699951171875,178.3699951171875,178.3699951171875,549.0
2024-10-25 15:27:00+00:00,SKYT,10.460000038146973,10.460000038146973,10.460000038146973,10.460000038146973,10.460000038146973,746.0
2024-10-25 15:27:00+00:00,SLAB,113.93000030517578,113.93000030517578,113.93000030517578,113.93000030517578,113.93000030517578,382.0
2024-10-25 15:27:00+00:00,SMCI,47.54999923706055,47.54999923706055,47.560001373291016,47.525001525878906,47.54499816894531,14393.0
2024-10-25 15:27:00+00:00,SMTC,45.70000076293945,45.70000076293945,45.72999954223633,45.70000076293945,45.72999954223633,1718.0
2024-10-25 15:27:00+00:00,SOBR,7.063799858093262,7.063799858093262,7.063799858093262,7.063799858093262,7.063799858093262,357.0
2024-10-25 15:27:00+00:00,SONO,12.65999984741211,12.65999984741211,12.670000076293945,12.65999984741211,12.670000076293945,7065.0
2024-10-25 15:27:00+00:00,SOUN,5.184999942779541,5.184999942779541,5.184999942779541,5.181000232696533,5.18209981918335,11028.0
2024-10-25 15:27:00+00:00,SPT,26.840999603271484,26.840999603271484,26.840999603271484,26.840999603271484,26.840999603271484,280.0
2024-10-25 15:27:00+00:00,SRAD,12.305000305175781,12.305000305175781,12.3100004196167,12.300000190734863,12.300000190734863,4442.0
2024-10-25 15:27:00+00:00,SSNC,70.16999816894531,70.16999816894531,70.16999816894531,70.08999633789062,70.08999633789062,10533.0
2024-10-25 15:27:00+00:00,SSYS,7.014999866485596,7.014999866485596,7.014999866485596,7.014999866485596,7.014999866485596,666.0
2024-10-25 15:27:00+00:00,STNE,11.539999961853027,11.539999961853027,11.539999961853027,11.515000343322754,11.520000457763672,20150.0
2024-10-25 15:27:00+00:00,STX,103.70999908447266,103.70999908447266,103.70999908447266,103.67500305175781,103.67500305175781,3248.0
2024-10-25 15:27:00+00:00,SWKS,95.73500061035156,95.73500061035156,95.7699966430664,95.72000122070312,95.7699966430664,2844.0
2024-10-25 15:27:00+00:00,SYNA,72.3499984741211,72.3499984741211,72.3499984741211,72.3499984741211,72.3499984741211,349.0
2024-10-25 15:27:00+00:00,SYTA,1.2799999713897705,1.2799999713897705,1.2799999713897705,1.2799999713897705,1.2799999713897705,2551.0
2024-10-25 15:27:00+00:00,TEAM,188.9600067138672,188.9600067138672,189.0500030517578,188.94000244140625,189.0500030517578,2595.0
2024-10-25 15:27:00+00:00,TENB,41.650001525878906,41.650001525878906,41.68000030517578,41.650001525878906,41.68000030517578,1831.0
2024-10-25 15:27:00+00:00,TER,112.04000091552734,112.04000091552734,112.13500213623047,112.02999877929688,112.13500213623047,3745.0
2024-10-25 15:27:00+00:00,TRMB,60.90999984741211,60.90999984741211,60.91999816894531,60.90999984741211,60.91999816894531,1388.0
2024-10-25 15:27:00+00:00,TTD,119.1500015258789,119.1500015258789,119.18499755859375,119.1500015258789,119.18499755859375,3241.0
2024-10-25 15:27:00+00:00,TTMI,19.799999237060547,19.799999237060547,19.799999237060547,19.799999237060547,19.799999237060547,1340.0
2024-10-25 15:27:00+00:00,TWKS,4.445000171661377,4.445000171661377,4.445000171661377,4.440000057220459,4.445000171661377,1405.0
2024-10-25 15:27:00+00:00,TXN,207.1999969482422,207.1999969482422,207.27000427246094,207.17999267578125,207.27000427246094,5250.0
2024-10-25 15:27:00+00:00,UCTT,35.72999954223633,35.72999954223633,35.75,35.72999954223633,35.75,485.0
2024-10-25 15:27:00+00:00,VECO,29.309999465942383,29.309999465942383,29.309999465942383,29.309999465942383,29.309999465942383,1061.0
2024-10-25 15:27:00+00:00,VERI,3.440000057220459,3.440000057220459,3.440000057220459,3.430000066757202,3.430000066757202,2102.0
2024-10-25 15:27:00+00:00,VERX,41.849998474121094,41.849998474121094,41.875,41.849998474121094,41.875,2528.0
2024-10-25 15:27:00+00:00,VIAV,9.1899995803833,9.1899995803833,9.1899995803833,9.1899995803833,9.1899995803833,469.0
2024-10-25 15:27:00+00:00,VMEO,4.755000114440918,4.755000114440918,4.755000114440918,4.755000114440918,4.755000114440918,2698.0
2024-10-25 15:27:00+00:00,VNET,3.375,3.375,3.375,3.375,3.375,903.0
2024-10-25 15:27:00+00:00,VOXX,7.53000020980835,7.53000020980835,7.53000020980835,7.53000020980835,7.53000020980835,716.0
2024-10-25 15:27:00+00:00,VRNS,56.70500183105469,56.70500183105469,56.7599983215332,56.70000076293945,56.7599983215332,3369.0
2024-10-25 15:27:00+00:00,VRNT,21.850000381469727,21.850000381469727,21.850000381469727,21.84000015258789,21.84000015258789,2210.0
2024-10-25 15:27:00+00:00,VRSN,182.0050048828125,182.0050048828125,182.0800018310547,181.97999572753906,181.97999572753906,1757.0
2024-10-25 15:27:00+00:00,VSAT,10.199999809265137,10.199999809265137,10.210000038146973,10.199999809265137,10.210000038146973,2344.0
2024-10-25 15:27:00+00:00,VUZI,1.295699954032898,1.295699954032898,1.295699954032898,1.295699954032898,1.295699954032898,0.0
2024-10-25 15:27:00+00:00,WDAY,237.9250030517578,237.9250030517578,237.9250030517578,237.82000732421875,237.9250030517578,1032.0
2024-10-25 15:27:00+00:00,WDC,70.26000213623047,70.26000213623047,70.29000091552734,70.23999786376953,70.29000091552734,15815.0
2024-10-25 15:27:00+00:00,WISA,1.9900000095367432,1.9900000095367432,2.009999990463257,1.975000023841858,1.9910000562667847,5839.0
2024-10-25 15:27:00+00:00,XRX,9.984999656677246,9.984999656677246,9.984999656677246,9.984999656677246,9.984999656677246,539.0
2024-10-25 15:27:00+00:00,ZBRA,361.17999267578125,361.17999267578125,361.17999267578125,361.17999267578125,361.17999267578125,841.0
2024-10-25 15:27:00+00:00,ZI,10.479999542236328,10.479999542236328,10.479999542236328,10.475000381469727,10.475000381469727,2835.0
2024-10-25 15:27:00+00:00,ZM,72.95500183105469,72.95500183105469,72.95999908447266,72.94000244140625,72.94000244140625,2850.0
2024-10-25 15:27:00+00:00,ZS,184.75999450683594,184.75999450683594,184.80999755859375,184.75999450683594,184.80999755859375,1326.0
2024-10-25 15:28:00+00:00,AAOI,17.549999237060547,17.549999237060547,17.558000564575195,17.531999588012695,17.531999588012695,6272.0
2024-10-25 15:28:00+00:00,AAPL,231.5,231.5,231.57000732421875,231.47000122070312,231.47500610351562,47088.0
2024-10-25 15:28:00+00:00,ACIW,48.790000915527344,48.790000915527344,48.790000915527344,48.790000915527344,48.790000915527344,508.0
2024-10-25 15:28:00+00:00,ADBE,482.9700012207031,482.9700012207031,483.0899963378906,482.7300109863281,482.79998779296875,3895.0
2024-10-25 15:28:00+00:00,ADI,230.875,230.875,230.88999938964844,230.84500122070312,230.84500122070312,2204.0
2024-10-25 15:28:00+00:00,ADSK,286.30499267578125,286.30499267578125,286.3074951171875,286.30499267578125,286.3074951171875,821.0
2024-10-25 15:28:00+00:00,AEHR,17.001399993896484,17.001399993896484,17.001399993896484,16.959999084472656,16.959999084472656,1906.0
2024-10-25 15:28:00+00:00,AFRM,41.15999984741211,41.15999984741211,41.209999084472656,41.154998779296875,41.185001373291016,17178.0
2024-10-25 15:28:00+00:00,AGYS,110.62999725341797,110.62999725341797,110.62999725341797,110.62999725341797,110.62999725341797,378.0
2024-10-25 15:28:00+00:00,AIP,6.889999866485596,6.889999866485596,6.889999866485596,6.889999866485596,6.889999866485596,301.0
2024-10-25 15:28:00+00:00,AKAM,101.72000122070312,101.72000122070312,101.72000122070312,101.72000122070312,101.72000122070312,1443.0
2024-10-25 15:28:00+00:00,ALGM,23.149999618530273,23.149999618530273,23.170000076293945,23.149999618530273,23.158199310302734,7353.0
2024-10-25 15:28:00+00:00,ALKT,38.255001068115234,38.255001068115234,38.279998779296875,38.20000076293945,38.20000076293945,1283.0
2024-10-25 15:28:00+00:00,ALTR,103.9749984741211,103.9749984741211,103.9749984741211,103.9749984741211,103.9749984741211,705.0
2024-10-25 15:28:00+00:00,AMAT,187.08999633789062,187.08999633789062,187.1790008544922,187.00999450683594,187.04750061035156,5654.0
2024-10-25 15:28:00+00:00,AMD,156.2689971923828,156.2689971923828,156.3291015625,156.22999572753906,156.2449951171875,33877.0
2024-10-25 15:28:00+00:00,AMKR,30.005800247192383,30.005800247192383,30.010000228881836,29.9950008392334,30.0,3136.0
2024-10-25 15:28:00+00:00,AMPL,9.090100288391113,9.090100288391113,9.090100288391113,9.090100288391113,9.090100288391113,571.0
2024-10-25 15:28:00+00:00,API,2.875,2.875,2.875,2.875,2.875,400.0
2024-10-25 15:28:00+00:00,APP,161.7550048828125,161.7550048828125,161.7899932861328,161.71499633789062,161.74000549316406,3643.0
2024-10-25 15:28:00+00:00,ARRY,6.454999923706055,6.454999923706055,6.460000038146973,6.445000171661377,6.445000171661377,18174.0
2024-10-25 15:28:00+00:00,ASML,713.8699951171875,713.8699951171875,713.8699951171875,713.8699951171875,713.8699951171875,502.0
2024-10-25 15:28:00+00:00,ASNS,1.2999999523162842,1.2999999523162842,1.2999999523162842,1.2999999523162842,1.2999999523162842,0.0
2024-10-25 15:28:00+00:00,AUR,6.385000228881836,6.385000228881836,6.385000228881836,6.380000114440918,6.380000114440918,8087.0
2024-10-25 15:28:00+00:00,AVDX,8.09000015258789,8.09000015258789,8.09000015258789,8.085000038146973,8.09000015258789,4384.0
2024-10-25 15:28:00+00:00,AVGO,173.74000549316406,173.74000549316406,173.77999877929688,173.69000244140625,173.7100067138672,29540.0
2024-10-25 15:28:00+00:00,AVT,54.119998931884766,54.119998931884766,54.119998931884766,54.11000061035156,54.11000061035156,4070.0
2024-10-25 15:28:00+00:00,AZPN,238.0,238.0,238.14999389648438,238.0,238.1300048828125,1116.0
2024-10-25 15:28:00+00:00,BIGC,5.264999866485596,5.264999866485596,5.264999866485596,5.264999866485596,5.264999866485596,416.0
2024-10-25 15:28:00+00:00,BMBL,7.127500057220459,7.127500057220459,7.130000114440918,7.105000019073486,7.107500076293945,8364.0
2024-10-25 15:28:00+00:00,BRZE,30.530000686645508,30.530000686645508,30.530000686645508,30.530000686645508,30.530000686645508,1026.0
2024-10-25 15:28:00+00:00,BSY,49.04999923706055,49.04999923706055,49.04999923706055,49.04999923706055,49.04999923706055,1996.0
2024-10-25 15:28:00+00:00,CAN,0.9729999899864197,0.9729999899864197,0.9729999899864197,0.9729999899864197,0.9729999899864197,1234.0
2024-10-25 15:28:00+00:00,CDNS,257.6499938964844,257.6499938964844,257.6499938964844,257.6300048828125,257.6300048828125,545.0
2024-10-25 15:28:00+00:00,CDW,217.8800048828125,217.8800048828125,217.8800048828125,217.8699951171875,217.8699951171875,931.0
2024-10-25 15:28:00+00:00,CETX,0.30090001225471497,0.30090001225471497,0.30090001225471497,0.30000001192092896,0.30000001192092896,36603.0
2024-10-25 15:28:00+00:00,CFLT,22.434999465942383,22.434999465942383,22.439899444580078,22.43000030517578,22.43000030517578,1098.0
2024-10-25 15:28:00+00:00,CGNX,38.790000915527344,38.790000915527344,38.80500030517578,38.790000915527344,38.79999923706055,2553.0
2024-10-25 15:28:00+00:00,CLFD,36.48500061035156,36.48500061035156,36.48500061035156,36.48500061035156,36.48500061035156,874.0
2024-10-25 15:28:00+00:00,CLSK,11.550399780273438,11.550399780273438,11.585700035095215,11.550399780273438,11.574999809265137,36952.0
2024-10-25 15:28:00+00:00,CNDT,3.5950000286102295,3.5950000286102295,3.5999999046325684,3.5950000286102295,3.5999999046325684,3591.0
2024-10-25 15:28:00+00:00,CNXN,70.02999877929688,70.02999877929688,70.02999877929688,70.02999877929688,70.02999877929688,136.0
2024-10-25 15:28:00+00:00,COHR,95.55999755859375,95.55999755859375,95.58999633789062,95.55000305175781,95.56999969482422,2102.0
2024-10-25 15:28:00+00:00,COIN,205.531005859375,205.531005859375,205.87989807128906,205.50999450683594,205.6750030517578,14463.0
2024-10-25 15:28:00+00:00,COMM,6.204999923706055,6.204999923706055,6.210000038146973,6.204999923706055,6.204999923706055,1647.0
2024-10-25 15:28:00+00:00,CORZ,13.265000343322754,13.265000343322754,13.28499984741211,13.255000114440918,13.259900093078613,8370.0
2024-10-25 15:28:00+00:00,CRCT,6.559999942779541,6.559999942779541,6.559999942779541,6.554999828338623,6.554999828338623,257.0
2024-10-25 15:28:00+00:00,CRDO,39.150001525878906,39.150001525878906,39.150001525878906,39.08000183105469,39.08000183105469,3204.0
2024-10-25 15:28:00+00:00,CRNC,2.924999952316284,2.924999952316284,2.924999952316284,2.924999952316284,2.924999952316284,273.0
2024-10-25 15:28:00+00:00,CRNT,2.4800000190734863,2.4800000190734863,2.4800000190734863,2.4700000286102295,2.470099925994873,3518.0
2024-10-25 15:28:00+00:00,CRSR,6.315000057220459,6.315000057220459,6.315000057220459,6.309999942779541,6.309999942779541,2226.0
2024-10-25 15:28:00+00:00,CRWD,299.04998779296875,299.04998779296875,299.114990234375,298.8301086425781,298.8999938964844,8644.0
2024-10-25 15:28:00+00:00,CSCO,55.744998931884766,55.744998931884766,55.747501373291016,55.733001708984375,55.7400016784668,10043.0
2024-10-25 15:28:00+00:00,CSGS,47.26499938964844,47.26499938964844,47.26499938964844,47.26499938964844,47.26499938964844,1284.0
2024-10-25 15:28:00+00:00,CSIQ,13.390000343322754,13.390000343322754,13.390000343322754,13.369999885559082,13.380000114440918,4000.0
2024-10-25 15:28:00+00:00,CTSH,74.69000244140625,74.69000244140625,74.69999694824219,74.69000244140625,74.69999694824219,1706.0
2024-10-25 15:28:00+00:00,CVLT,134.39999389648438,134.39999389648438,134.41000366210938,134.39999389648438,134.41000366210938,2000.0
2024-10-25 15:28:00+00:00,DAIO,2.5999999046325684,2.5999999046325684,2.5999999046325684,2.5799999237060547,2.5799999237060547,235.0
2024-10-25 15:28:00+00:00,DAKT,13.0649995803833,13.0649995803833,13.0649995803833,13.053000450134277,13.053000450134277,913.0
2024-10-25 15:28:00+00:00,DATS,1.5901000499725342,1.5901000499725342,1.5901000499725342,1.5901000499725342,1.5901000499725342,100.0
2024-10-25 15:28:00+00:00,DAVE,38.61000061035156,38.61000061035156,38.61000061035156,38.61000061035156,38.61000061035156,649.0
2024-10-25 15:28:00+00:00,DBX,26.05500030517578,26.05500030517578,26.05500030517578,26.05500030517578,26.05500030517578,2091.0
2024-10-25 15:28:00+00:00,DDOG,126.4800033569336,126.4800033569336,126.52999877929688,126.44499969482422,126.44499969482422,8280.0
2024-10-25 15:28:00+00:00,DIOD,64.94499969482422,64.94499969482422,64.9800033569336,64.94000244140625,64.9800033569336,1409.0
2024-10-25 15:28:00+00:00,DMRC,31.799999237060547,31.799999237060547,31.895000457763672,31.799999237060547,31.895000457763672,1968.0
2024-10-25 15:28:00+00:00,DOCU,68.91999816894531,68.91999816894531,68.93499755859375,68.91000366210938,68.91000366210938,3525.0
2024-10-25 15:28:00+00:00,DOX,88.94999694824219,88.94999694824219,88.94999694824219,88.94999694824219,88.94999694824219,1236.0
2024-10-25 15:28:00+00:00,DUOL,291.4800109863281,291.4800109863281,291.4800109863281,291.4100036621094,291.4175109863281,928.0
2024-10-25 15:28:00+00:00,ENPH,83.7699966430664,83.7699966430664,83.80999755859375,83.75,83.75,5744.0
2024-10-25 15:28:00+00:00,ENTG,105.04499816894531,105.04499816894531,105.04499816894531,104.87999725341797,104.87999725341797,4533.0
2024-10-25 15:28:00+00:00,ERIC,8.46500015258789,8.46500015258789,8.46500015258789,8.460000038146973,8.460000038146973,2131.0
2024-10-25 15:28:00+00:00,EXLS,38.40999984741211,38.40999984741211,38.439998626708984,38.404998779296875,38.40999984741211,10107.0
2024-10-25 15:28:00+00:00,EXTR,14.350000381469727,14.350000381469727,14.350000381469727,14.350000381469727,14.350000381469727,316.0
2024-10-25 15:28:00+00:00,FFIV,216.3350067138672,216.3350067138672,216.3350067138672,216.3300018310547,216.3300018310547,490.0
2024-10-25 15:28:00+00:00,FIVN,29.80500030517578,29.80500030517578,29.80500030517578,29.790000915527344,29.790000915527344,2687.0
2024-10-25 15:28:00+00:00,FLEX,35.1349983215332,35.1349983215332,35.1349983215332,35.130001068115234,35.130001068115234,1693.0
2024-10-25 15:28:00+00:00,FLYW,17.299999237060547,17.299999237060547,17.299999237060547,17.299999237060547,17.299999237060547,472.0
2024-10-25 15:28:00+00:00,FORM,44.76499938964844,44.76499938964844,44.76499938964844,44.76499938964844,44.76499938964844,1081.0
2024-10-25 15:28:00+00:00,FROG,29.2549991607666,29.2549991607666,29.260000228881836,29.239999771118164,29.239999771118164,5459.0
2024-10-25 15:28:00+00:00,FRSH,11.579999923706055,11.579999923706055,11.585000038146973,11.579999923706055,11.585000038146973,1409.0
2024-10-25 15:28:00+00:00,FSLR,198.47000122070312,198.47000122070312,198.47999572753906,198.3800048828125,198.4600067138672,1611.0
2024-10-25 15:28:00+00:00,FTCI,0.652999997138977,0.652999997138977,0.652999997138977,0.652999997138977,0.652999997138977,0.0
2024-10-25 15:28:00+00:00,FTNT,80.44999694824219,80.44999694824219,80.4800033569336,80.44999694824219,80.4800033569336,4059.0
2024-10-25 15:28:00+00:00,GCT,24.549999237060547,24.549999237060547,24.549999237060547,24.53499984741211,24.53499984741211,666.0
2024-10-25 15:28:00+00:00,GDS,21.344999313354492,21.344999313354492,21.344999313354492,21.342300415039062,21.344999313354492,1502.0
2024-10-25 15:28:00+00:00,GDYN,15.630000114440918,15.630000114440918,15.630000114440918,15.630000114440918,15.630000114440918,788.0
2024-10-25 15:28:00+00:00,GFS,40.45000076293945,40.45000076293945,40.459999084472656,40.45000076293945,40.459999084472656,2541.0
2024-10-25 15:28:00+00:00,GPRO,1.3049999475479126,1.3049999475479126,1.3049999475479126,1.3049999475479126,1.3049999475479126,411.0
2024-10-25 15:28:00+00:00,GRAB,4.085000038146973,4.085000038146973,4.090000152587891,4.079999923706055,4.085000038146973,129695.0
2024-10-25 15:28:00+00:00,GTLB,54.935001373291016,54.935001373291016,54.958900451660156,54.935001373291016,54.935001373291016,1031.0
2024-10-25 15:28:00+00:00,HCP,33.6349983215332,33.6349983215332,33.6349983215332,33.6349983215332,33.6349983215332,1672.0
2024-10-25 15:28:00+00:00,HIMX,6.159999847412109,6.159999847412109,6.164999961853027,6.159999847412109,6.164999961853027,419.0
2024-10-25 15:28:00+00:00,HLIT,14.779999732971191,14.779999732971191,14.779999732971191,14.774999618530273,14.774999618530273,930.0
2024-10-25 15:28:00+00:00,HOLO,3.619999885559082,3.619999885559082,3.6500000953674316,3.5999999046325684,3.640000104904175,31950.0
2024-10-25 15:28:00+00:00,HOOD,27.049999237060547,27.049999237060547,27.05590057373047,27.040000915527344,27.049999237060547,20336.0
2024-10-25 15:28:00+00:00,IBEX,18.010000228881836,18.010000228881836,18.010000228881836,18.010000228881836,18.010000228881836,1331.0
2024-10-25 15:28:00+00:00,ICHR,27.524999618530273,27.524999618530273,27.540000915527344,27.524999618530273,27.540000915527344,612.0
2024-10-25 15:28:00+00:00,IMMR,8.65149974822998,8.65149974822998,8.65149974822998,8.65149974822998,8.65149974822998,543.0
2024-10-25 15:28:00+00:00,IMXI,17.625,17.625,17.625,17.625,17.625,1334.0
2024-10-25 15:28:00+00:00,INDI,3.484999895095825,3.484999895095825,3.484999895095825,3.484999895095825,3.484999895095825,207.0
2024-10-25 15:28:00+00:00,INOD,20.020000457763672,20.020000457763672,20.040000915527344,19.969999313354492,20.040000915527344,12474.0
2024-10-25 15:28:00+00:00,INTA,50.029998779296875,50.029998779296875,50.029998779296875,50.025001525878906,50.025001525878906,910.0
2024-10-25 15:28:00+00:00,INTC,22.805999755859375,22.805999755859375,22.81999969482422,22.80500030517578,22.815000534057617,128501.0
2024-10-25 15:28:00+00:00,ITRI,102.36499786376953,102.36499786376953,102.36499786376953,102.30999755859375,102.30999755859375,781.0
2024-10-25 15:28:00+00:00,JKHY,183.13999938964844,183.13999938964844,183.13999938964844,183.10499572753906,183.10499572753906,398.0
2024-10-25 15:28:00+00:00,KC,2.680000066757202,2.680000066757202,2.680000066757202,2.680000066757202,2.680000066757202,205.0
2024-10-25 15:28:00+00:00,KLAC,675.6799926757812,675.6799926757812,675.8400268554688,675.5399780273438,675.5399780273438,2326.0
2024-10-25 15:28:00+00:00,KOPN,0.7821999788284302,0.7821999788284302,0.7821999788284302,0.7821999788284302,0.7821999788284302,3020.0
2024-10-25 15:28:00+00:00,KOSS,7.25,7.25,7.28000020980835,7.25,7.28000020980835,10052.0
2024-10-25 15:28:00+00:00,LINK,4.989999771118164,4.989999771118164,4.989999771118164,4.940000057220459,4.940000057220459,3477.0
2024-10-25 15:28:00+00:00,LITE,64.44999694824219,64.44999694824219,64.44999694824219,64.44999694824219,64.44999694824219,711.0
2024-10-25 15:28:00+00:00,LOGI,80.76000213623047,80.76000213623047,80.76000213623047,80.76000213623047,80.76000213623047,147.0
2024-10-25 15:28:00+00:00,LPSN,1.1649999618530273,1.1649999618530273,1.1649999618530273,1.1649999618530273,1.1649999618530273,200.0
2024-10-25 15:28:00+00:00,LRCX,78.11499786376953,78.11499786376953,78.15899658203125,78.08499908447266,78.08999633789062,23981.0
2024-10-25 15:28:00+00:00,LSCC,54.060001373291016,54.060001373291016,54.09000015258789,54.060001373291016,54.06999969482422,4033.0
2024-10-25 15:28:00+00:00,LYFT,13.595000267028809,13.595000267028809,13.640000343322754,13.529999732971191,13.569999694824219,178877.0
2024-10-25 15:28:00+00:00,MANH,275.9200134277344,275.9200134277344,275.9200134277344,275.9200134277344,275.9200134277344,613.0
2024-10-25 15:28:00+00:00,MAPS,0.8252000212669373,0.8252000212669373,0.8252000212669373,0.8252000212669373,0.8252000212669373,521.0
2024-10-25 15:28:00+00:00,MAXN,5.78000020980835,5.78000020980835,5.820000171661377,5.78000020980835,5.808000087738037,2245.0
2024-10-25 15:28:00+00:00,MCHP,76.63999938964844,76.63999938964844,76.6500015258789,76.62999725341797,76.6500015258789,6501.0
2024-10-25 15:28:00+00:00,MDB,267.57501220703125,267.57501220703125,267.57501220703125,267.572509765625,267.572509765625,356.0
2024-10-25 15:28:00+00:00,MKSI,101.08000183105469,101.08000183105469,101.08000183105469,101.08000183105469,101.08000183105469,1291.0
2024-10-25 15:28:00+00:00,MNDO,1.9700000286102295,1.9700000286102295,1.9700000286102295,1.9700000286102295,1.9700000286102295,4300.0
2024-10-25 15:28:00+00:00,MNDY,297.80999755859375,297.80999755859375,297.80999755859375,297.80999755859375,297.80999755859375,2051.0
2024-10-25 15:28:00+00:00,MOB,1.375,1.375,1.3799999952316284,1.3700000047683716,1.3799999952316284,3100.0
2024-10-25 15:28:00+00:00,MPWR,909.0250244140625,909.0250244140625,909.0250244140625,909.0250244140625,909.0250244140625,475.0
2024-10-25 15:28:00+00:00,MQ,5.304999828338623,5.304999828338623,5.309999942779541,5.300000190734863,5.309999942779541,1404.0
2024-10-25 15:28:00+00:00,MRVL,81.94499969482422,81.94499969482422,82.01000213623047,81.93000030517578,81.94000244140625,23513.0
2024-10-25 15:28:00+00:00,MSFT,428.30999755859375,428.30999755859375,428.3699951171875,428.1990051269531,428.239990234375,9083.0
2024-10-25 15:28:00+00:00,MSTR,233.10040283203125,233.10040283203125,234.0522003173828,233.07000732421875,233.78500366210938,37867.0
2024-10-25 15:28:00+00:00,MTLS,5.900000095367432,5.900000095367432,5.900000095367432,5.875,5.880000114440918,2584.0
2024-10-25 15:28:00+00:00,MTSI,121.12999725341797,121.12999725341797,121.20999908447266,121.12999725341797,121.20999908447266,385.0
2024-10-25 15:28:00+00:00,MTTR,4.565000057220459,4.565000057220459,4.570000171661377,4.565000057220459,4.570000171661377,1822.0
2024-10-25 15:28:00+00:00,MU,108.19000244140625,108.19000244140625,108.2300033569336,108.15499877929688,108.1698989868164,14038.0
2024-10-25 15:28:00+00:00,MXL,14.720000267028809,14.720000267028809,14.729999542236328,14.71500015258789,14.71500015258789,9383.0
2024-10-25 15:28:00+00:00,NCNO,37.904998779296875,37.904998779296875,37.90620040893555,37.904998779296875,37.90620040893555,379.0
2024-10-25 15:28:00+00:00,NICE,174.47000122070312,174.47000122070312,174.47000122070312,174.47000122070312,174.47000122070312,200.0
2024-10-25 15:28:00+00:00,NNDM,2.325000047683716,2.325000047683716,2.325000047683716,2.322000026702881,2.322000026702881,766.0
2024-10-25 15:28:00+00:00,NSIT,209.1649932861328,209.1649932861328,209.27000427246094,209.0399932861328,209.27000427246094,1822.0
2024-10-25 15:28:00+00:00,NTAP,119.76000213623047,119.76000213623047,119.77999877929688,119.70999908447266,119.70999908447266,3661.0
2024-10-25 15:28:00+00:00,NTNX,61.67499923706055,61.67499923706055,61.68000030517578,61.65999984741211,61.65999984741211,3381.0
2024-10-25 15:28:00+00:00,NVDA,141.92770385742188,141.92770385742188,141.97000122070312,141.89999389648438,141.9149932861328,152143.0
2024-10-25 15:28:00+00:00,NXPI,243.5,243.5,243.5800018310547,243.5,243.5,2508.0
2024-10-25 15:28:00+00:00,OKTA,72.22000122070312,72.22000122070312,72.22000122070312,72.19999694824219,72.19999694824219,1400.0
2024-10-25 15:28:00+00:00,ON,71.19999694824219,71.19999694824219,71.2300033569336,71.16999816894531,71.19499969482422,13571.0
2024-10-25 15:28:00+00:00,ONDS,0.8364999890327454,0.8364999890327454,0.8364999890327454,0.8364999890327454,0.8364999890327454,2114.0
2024-10-25 15:28:00+00:00,OSIS,135.27499389648438,135.27499389648438,135.27499389648438,135.22999572753906,135.22999572753906,1035.0
2024-10-25 15:28:00+00:00,PANW,366.0,366.0,366.30999755859375,366.0,366.1549987792969,2759.0
2024-10-25 15:28:00+00:00,PAYO,8.345000267028809,8.345000267028809,8.345000267028809,8.34000015258789,8.34000015258789,916.0
2024-10-25 15:28:00+00:00,PAYS,3.7049999237060547,3.7049999237060547,3.7049999237060547,3.700000047683716,3.700000047683716,1733.0
2024-10-25 15:28:00+00:00,PCTY,173.72000122070312,173.72000122070312,173.72000122070312,173.64999389648438,173.64999389648438,1277.0
2024-10-25 15:28:00+00:00,PEGA,79.7760009765625,79.7760009765625,79.7760009765625,79.73500061035156,79.73500061035156,1859.0
2024-10-25 15:28:00+00:00,PEGY,4.690000057220459,4.690000057220459,4.690000057220459,4.680300235748291,4.680300235748291,639.0
2024-10-25 15:28:00+00:00,PGY,11.949999809265137,11.949999809265137,11.949999809265137,11.949999809265137,11.949999809265137,822.0
2024-10-25 15:28:00+00:00,PHUN,10.520000457763672,10.520000457763672,10.529999732971191,10.5,10.515800476074219,29598.0
2024-10-25 15:28:00+00:00,PI,201.21629333496094,201.21629333496094,201.47999572753906,201.21629333496094,201.22000122070312,2190.0
2024-10-25 15:28:00+00:00,PLAB,23.6299991607666,23.6299991607666,23.6299991607666,23.6299991607666,23.6299991607666,245.0
2024-10-25 15:28:00+00:00,POWI,63.2400016784668,63.2400016784668,63.2400016784668,63.22999954223633,63.22999954223633,1486.0
2024-10-25 15:28:00+00:00,PTC,187.1999969482422,187.1999969482422,187.1999969482422,187.14999389648438,187.1699981689453,1166.0
2024-10-25 15:28:00+00:00,PYCR,14.295000076293945,14.295000076293945,14.3100004196167,14.295000076293945,14.3100004196167,2406.0
2024-10-25 15:28:00+00:00,QCOM,170.63470458984375,170.63470458984375,170.68719482421875,170.61000061035156,170.625,5465.0
2024-10-25 15:28:00+00:00,QLYS,120.4800033569336,120.4800033569336,120.4800033569336,120.41000366210938,120.41000366210938,888.0
2024-10-25 15:28:00+00:00,QRVO,99.66999816894531,99.66999816894531,99.69000244140625,99.66999816894531,99.68000030517578,1585.0
2024-10-25 15:28:00+00:00,RCAT,2.75,2.75,2.75,2.75,2.75,173.0
2024-10-25 15:28:00+00:00,RDWR,22.354999542236328,22.354999542236328,22.354999542236328,22.354999542236328,22.354999542236328,673.0
2024-10-25 15:28:00+00:00,RGTI,1.2280000448226929,1.2280000448226929,1.2299000024795532,1.2280000448226929,1.2299000024795532,833.0
2024-10-25 15:28:00+00:00,RIOT,9.747300148010254,9.747300148010254,9.758700370788574,9.734000205993652,9.739700317382812,31669.0
2024-10-25 15:28:00+00:00,RMBS,43.36000061035156,43.36000061035156,43.36000061035156,43.35499954223633,43.36000061035156,2056.0
2024-10-25 15:28:00+00:00,RPAY,7.744999885559082,7.744999885559082,7.744999885559082,7.744999885559082,7.744999885559082,448.0
2024-10-25 15:28:00+00:00,RPD,39.060001373291016,39.060001373291016,39.060001373291016,39.060001373291016,39.060001373291016,625.0
2024-10-25 15:28:00+00:00,RUM,5.71999979019165,5.71999979019165,5.724999904632568,5.710000038146973,5.710000038146973,4250.0
2024-10-25 15:28:00+00:00,RUN,14.414999961853027,14.414999961853027,14.419899940490723,14.40999984741211,14.40999984741211,4730.0
2024-10-25 15:28:00+00:00,SATS,25.100000381469727,25.100000381469727,25.1200008392334,25.100000381469727,25.1200008392334,1262.0
2024-10-25 15:28:00+00:00,SCSC,44.709999084472656,44.709999084472656,44.720001220703125,44.709999084472656,44.720001220703125,561.0
2024-10-25 15:28:00+00:00,SEDG,15.970000267028809,15.970000267028809,16.000099182128906,15.970000267028809,16.0,10223.0
2024-10-25 15:28:00+00:00,SHLS,5.230000019073486,5.230000019073486,5.235000133514404,5.230000019073486,5.230000019073486,1706.0
2024-10-25 15:28:00+00:00,SIMO,56.154998779296875,56.154998779296875,56.154998779296875,56.150001525878906,56.150001525878906,930.0
2024-10-25 15:28:00+00:00,SKYT,10.470000267028809,10.470000267028809,10.470000267028809,10.470000267028809,10.470000267028809,144.0
2024-10-25 15:28:00+00:00,SMCI,47.52629852294922,47.52629852294922,47.564998626708984,47.51279830932617,47.529998779296875,33127.0
2024-10-25 15:28:00+00:00,SMTC,45.7599983215332,45.7599983215332,45.7599983215332,45.709999084472656,45.709999084472656,1270.0
2024-10-25 15:28:00+00:00,SNPS,501.9849853515625,501.9849853515625,501.9849853515625,501.9849853515625,501.9849853515625,829.0
2024-10-25 15:28:00+00:00,SOUN,5.179999828338623,5.179999828338623,5.190000057220459,5.179999828338623,5.179999828338623,4438.0
2024-10-25 15:28:00+00:00,SPSC,170.24099731445312,170.24099731445312,170.3800048828125,170.24000549316406,170.3800048828125,2936.0
2024-10-25 15:28:00+00:00,SPT,26.8700008392334,26.8700008392334,26.8700008392334,26.854999542236328,26.854999542236328,550.0
2024-10-25 15:28:00+00:00,SRAD,12.3149995803833,12.3149995803833,12.3149995803833,12.305000305175781,12.305000305175781,3042.0
2024-10-25 15:28:00+00:00,SSNC,70.19000244140625,70.19000244140625,70.22000122070312,70.16999816894531,70.16999816894531,22755.0
2024-10-25 15:28:00+00:00,SSYS,7.014999866485596,7.014999866485596,7.014999866485596,7.014999866485596,7.014999866485596,16.0
2024-10-25 15:28:00+00:00,STNE,11.53499984741211,11.53499984741211,11.539999961853027,11.532500267028809,11.53499984741211,3171.0
2024-10-25 15:28:00+00:00,STX,103.68000030517578,103.68000030517578,103.69999694824219,103.68000030517578,103.69999694824219,4456.0
2024-10-25 15:28:00+00:00,SURG,1.7400000095367432,1.7400000095367432,1.7400000095367432,1.7400000095367432,1.7400000095367432,200.0
2024-10-25 15:28:00+00:00,SWKS,95.73999786376953,95.73999786376953,95.75499725341797,95.72000122070312,95.72000122070312,2479.0
2024-10-25 15:28:00+00:00,TAOP,0.4810999929904938,0.4810999929904938,0.4810999929904938,0.4810999929904938,0.4810999929904938,7100.0
2024-10-25 15:28:00+00:00,TEAM,188.98500061035156,188.98500061035156,189.0399932861328,188.97999572753906,188.97999572753906,4387.0
2024-10-25 15:28:00+00:00,TENB,41.66999816894531,41.66999816894531,41.66999816894531,41.66999816894531,41.66999816894531,1085.0
2024-10-25 15:28:00+00:00,TER,112.0999984741211,112.0999984741211,112.0999984741211,112.0199966430664,112.04000091552734,5138.0
2024-10-25 15:28:00+00:00,TRMB,60.90999984741211,60.90999984741211,60.91999816894531,60.90999984741211,60.90999984741211,915.0
2024-10-25 15:28:00+00:00,TSEM,44.689998626708984,44.689998626708984,44.689998626708984,44.689998626708984,44.689998626708984,1274.0
2024-10-25 15:28:00+00:00,TTD,119.125,119.125,119.19999694824219,119.125,119.1500015258789,7385.0
2024-10-25 15:28:00+00:00,TTMI,19.780000686645508,19.780000686645508,19.799999237060547,19.760000228881836,19.799999237060547,11774.0
2024-10-25 15:28:00+00:00,TWKS,4.445000171661377,4.445000171661377,4.449999809265137,4.442500114440918,4.445000171661377,773.0
2024-10-25 15:28:00+00:00,TXN,207.21499633789062,207.21499633789062,207.2899932861328,207.14100646972656,207.14100646972656,6574.0
2024-10-25 15:28:00+00:00,UCTT,35.720001220703125,35.720001220703125,35.72999954223633,35.720001220703125,35.72999954223633,623.0
2024-10-25 15:28:00+00:00,UEIC,8.069999694824219,8.069999694824219,8.069999694824219,8.069999694824219,8.069999694824219,999.0
2024-10-25 15:28:00+00:00,VECO,29.309999465942383,29.309999465942383,29.309999465942383,29.309999465942383,29.309999465942383,1365.0
2024-10-25 15:28:00+00:00,VERI,3.430000066757202,3.430000066757202,3.430000066757202,3.430000066757202,3.430000066757202,602.0
2024-10-25 15:28:00+00:00,VERX,41.869998931884766,41.869998931884766,41.869998931884766,41.869998931884766,41.869998931884766,686.0
2024-10-25 15:28:00+00:00,VIAV,9.194999694824219,9.194999694824219,9.194999694824219,9.194999694824219,9.194999694824219,188.0
2024-10-25 15:28:00+00:00,VNET,3.375,3.375,3.375,3.375,3.375,604.0
2024-10-25 15:28:00+00:00,VRNS,56.709999084472656,56.709999084472656,56.709999084472656,56.709999084472656,56.709999084472656,1160.0
2024-10-25 15:28:00+00:00,VRNT,21.850000381469727,21.850000381469727,21.850000381469727,21.850000381469727,21.850000381469727,1784.0
2024-10-25 15:28:00+00:00,VRSN,182.0399932861328,182.0399932861328,182.0399932861328,181.99000549316406,181.99000549316406,1294.0
2024-10-25 15:28:00+00:00,VSAT,10.206000328063965,10.206000328063965,10.206000328063965,10.194999694824219,10.199999809265137,3596.0
2024-10-25 15:28:00+00:00,WALD,3.490000009536743,3.490000009536743,3.490000009536743,3.490000009536743,3.490000009536743,1269.0
2024-10-25 15:28:00+00:00,WDAY,237.82000732421875,237.82000732421875,237.9250030517578,237.82000732421875,237.82000732421875,1121.0
2024-10-25 15:28:00+00:00,WDC,70.29499816894531,70.29499816894531,70.36499786376953,70.2699966430664,70.2699966430664,27098.0
2024-10-25 15:28:00+00:00,WISA,1.9801000356674194,1.9801000356674194,1.9846999645233154,1.9800000190734863,1.9800000190734863,2509.0
2024-10-25 15:28:00+00:00,XELAP,1.309999942779541,1.309999942779541,1.3300000429153442,1.309999942779541,1.3300000429153442,1237.0
2024-10-25 15:28:00+00:00,XPER,9.399999618530273,9.399999618530273,9.399999618530273,9.390000343322754,9.390000343322754,866.0
2024-10-25 15:28:00+00:00,XRX,10.0,10.0,10.0,9.984999656677246,9.984999656677246,7806.0
2024-10-25 15:28:00+00:00,ZI,10.475000381469727,10.475000381469727,10.479999542236328,10.475000381469727,10.475000381469727,2574.0
2024-10-25 15:28:00+00:00,ZM,72.9800033569336,72.9800033569336,72.9800033569336,72.97000122070312,72.97000122070312,2474.0
2024-10-25 15:28:00+00:00,ZS,184.82000732421875,184.82000732421875,184.82000732421875,184.82000732421875,184.82000732421875,387.0
2024-10-25 15:29:00+00:00,AAOI,17.549999237060547,17.549999237060547,17.549999237060547,17.549999237060547,17.549999237060547,463.0
2024-10-25 15:29:00+00:00,AAPL,231.6199951171875,231.6199951171875,231.64999389648438,231.5,231.5050048828125,37424.0
2024-10-25 15:29:00+00:00,ACIW,48.790000915527344,48.790000915527344,48.790000915527344,48.779998779296875,48.779998779296875,977.0
2024-10-25 15:29:00+00:00,ACLS,89.86000061035156,89.86000061035156,89.86000061035156,89.86000061035156,89.86000061035156,509.0
2024-10-25 15:29:00+00:00,ADBE,483.239990234375,483.239990234375,483.239990234375,482.9700012207031,482.9700012207031,3292.0
2024-10-25 15:29:00+00:00,ADI,230.99000549316406,230.99000549316406,231.00999450683594,230.91000366210938,230.92860412597656,2250.0
2024-10-25 15:29:00+00:00,ADSK,286.32501220703125,286.32501220703125,286.32501220703125,286.32501220703125,286.32501220703125,946.0
2024-10-25 15:29:00+00:00,AEHR,17.0,17.0,17.0,16.9950008392334,16.9950008392334,667.0
2024-10-25 15:29:00+00:00,AEYE,22.5,22.5,22.5,22.5,22.5,123.0
2024-10-25 15:29:00+00:00,AFRM,41.189998626708984,41.189998626708984,41.189998626708984,41.13999938964844,41.16999816894531,33737.0
2024-10-25 15:29:00+00:00,AKAM,101.73999786376953,101.73999786376953,101.73999786376953,101.70999908447266,101.70999908447266,1672.0
2024-10-25 15:29:00+00:00,AKTS,0.05999999865889549,0.05999999865889549,0.05999999865889549,0.05999999865889549,0.05999999865889549,0.0
2024-10-25 15:29:00+00:00,ALGM,23.174999237060547,23.174999237060547,23.17569923400879,23.15999984741211,23.15999984741211,3626.0
2024-10-25 15:29:00+00:00,ALKT,38.279998779296875,38.279998779296875,38.279998779296875,38.279998779296875,38.279998779296875,722.0
2024-10-25 15:29:00+00:00,ALTR,103.8499984741211,103.8499984741211,103.9749984741211,103.8499984741211,103.9749984741211,9864.0
2024-10-25 15:29:00+00:00,AMAT,187.18499755859375,187.18499755859375,187.21299743652344,187.1199951171875,187.1199951171875,3547.0
2024-10-25 15:29:00+00:00,AMD,156.3000030517578,156.3000030517578,156.33389282226562,156.25999450683594,156.2779998779297,42479.0
2024-10-25 15:29:00+00:00,AMKR,30.032100677490234,30.032100677490234,30.032100677490234,30.010000228881836,30.010000228881836,3459.0
2024-10-25 15:29:00+00:00,ANSS,323.6549987792969,323.6549987792969,323.75,323.17498779296875,323.17498779296875,1821.0
2024-10-25 15:29:00+00:00,ANY,1.059999942779541,1.059999942779541,1.059999942779541,1.059999942779541,1.059999942779541,1430.0
2024-10-25 15:29:00+00:00,API,2.875,2.875,2.875,2.875,2.875,100.0
2024-10-25 15:29:00+00:00,APP,161.7899932861328,161.7899932861328,161.7899932861328,161.7550048828125,161.7550048828125,1889.0
2024-10-25 15:29:00+00:00,APPF,211.875,211.875,211.875,211.875,211.875,1830.0
2024-10-25 15:29:00+00:00,ARQQ,7.070000171661377,7.070000171661377,7.070000171661377,7.070000171661377,7.070000171661377,594.0
2024-10-25 15:29:00+00:00,ARRY,6.460000038146973,6.460000038146973,6.46999979019165,6.449999809265137,6.454999923706055,29754.0
2024-10-25 15:29:00+00:00,ASML,713.9818115234375,713.9818115234375,713.9818115234375,713.8599853515625,713.8599853515625,782.0
2024-10-25 15:29:00+00:00,AUR,6.38539981842041,6.38539981842041,6.38539981842041,6.385000228881836,6.385000228881836,2446.0
2024-10-25 15:29:00+00:00,AVDX,8.09000015258789,8.09000015258789,8.095000267028809,8.09000015258789,8.09000015258789,13582.0
2024-10-25 15:29:00+00:00,AVGO,173.74000549316406,173.74000549316406,173.86000061035156,173.74000549316406,173.75999450683594,16887.0
2024-10-25 15:29:00+00:00,AVPT,11.899999618530273,11.899999618530273,11.899999618530273,11.899999618530273,11.899999618530273,340.0
2024-10-25 15:29:00+00:00,AVT,54.119998931884766,54.119998931884766,54.119998931884766,54.119998931884766,54.119998931884766,304.0
2024-10-25 15:29:00+00:00,BEEM,4.7769999504089355,4.7769999504089355,4.7769999504089355,4.7769999504089355,4.7769999504089355,386.0
2024-10-25 15:29:00+00:00,BIGC,5.264999866485596,5.264999866485596,5.264999866485596,5.264999866485596,5.264999866485596,578.0
2024-10-25 15:29:00+00:00,BL,56.349998474121094,56.349998474121094,56.349998474121094,56.34000015258789,56.34000015258789,325.0
2024-10-25 15:29:00+00:00,BLZE,7.170000076293945,7.170000076293945,7.170000076293945,7.170000076293945,7.170000076293945,163.0
2024-10-25 15:29:00+00:00,BMBL,7.119999885559082,7.119999885559082,7.125,7.119999885559082,7.125,1018.0
2024-10-25 15:29:00+00:00,BSY,49.060001373291016,49.060001373291016,49.060001373291016,49.04999923706055,49.04999923706055,1317.0
2024-10-25 15:29:00+00:00,CAMT,77.73500061035156,77.73500061035156,77.73500061035156,77.68299865722656,77.68299865722656,669.0
2024-10-25 15:29:00+00:00,CDNS,257.7099914550781,257.7099914550781,257.7799987792969,257.6111145019531,257.6111145019531,3706.0
2024-10-25 15:29:00+00:00,CDW,217.88499450683594,217.88499450683594,217.94000244140625,217.84100341796875,217.84100341796875,3284.0
2024-10-25 15:29:00+00:00,CETX,0.30079999566078186,0.30079999566078186,0.30090001225471497,0.30079999566078186,0.30090001225471497,1670.0
2024-10-25 15:29:00+00:00,CFLT,22.40999984741211,22.40999984741211,22.440000534057617,22.40999984741211,22.440000534057617,4373.0
2024-10-25 15:29:00+00:00,CGNX,38.810001373291016,38.810001373291016,38.810001373291016,38.790000915527344,38.790000915527344,4952.0
2024-10-25 15:29:00+00:00,CHKP,206.05999755859375,206.05999755859375,206.05999755859375,205.88999938964844,205.88999938964844,1183.0
2024-10-25 15:29:00+00:00,CLBT,18.229999542236328,18.229999542236328,18.229999542236328,18.229999542236328,18.229999542236328,354.0
2024-10-25 15:29:00+00:00,CLSK,11.5649995803833,11.5649995803833,11.574999809265137,11.5600004196167,11.5600004196167,26950.0
2024-10-25 15:29:00+00:00,CNDT,3.5950000286102295,3.5950000286102295,3.5950000286102295,3.5950000286102295,3.5950000286102295,231.0
2024-10-25 15:29:00+00:00,COHR,95.69999694824219,95.69999694824219,95.69999694824219,95.58999633789062,95.58999633789062,3393.0
2024-10-25 15:29:00+00:00,COHU,25.940000534057617,25.940000534057617,25.940000534057617,25.940000534057617,25.940000534057617,722.0
2024-10-25 15:29:00+00:00,COIN,205.5,205.5,205.80999755859375,205.5,205.61500549316406,9154.0
2024-10-25 15:29:00+00:00,COMM,6.215000152587891,6.215000152587891,6.215000152587891,6.210000038146973,6.210000038146973,3213.0
2024-10-25 15:29:00+00:00,CORZ,13.255000114440918,13.255000114440918,13.279999732971191,13.255000114440918,13.265000343322754,7018.0
2024-10-25 15:29:00+00:00,CRCT,6.554999828338623,6.554999828338623,6.554999828338623,6.554999828338623,6.554999828338623,338.0
2024-10-25 15:29:00+00:00,CRDO,39.16999816894531,39.16999816894531,39.20000076293945,39.15999984741211,39.15999984741211,2129.0
2024-10-25 15:29:00+00:00,CRNC,2.9260001182556152,2.9260001182556152,2.9260001182556152,2.9260001182556152,2.9260001182556152,438.0
2024-10-25 15:29:00+00:00,CRSR,6.310100078582764,6.310100078582764,6.310100078582764,6.310100078582764,6.310100078582764,394.0
2024-10-25 15:29:00+00:00,CRUS,122.38500213623047,122.38500213623047,122.4800033569336,122.19999694824219,122.25,1367.0
2024-10-25 15:29:00+00:00,CRWD,298.860107421875,298.860107421875,299.1199951171875,298.860107421875,299.07501220703125,8343.0
2024-10-25 15:29:00+00:00,CSCO,55.76499938964844,55.76499938964844,55.77000045776367,55.7401008605957,55.75,11223.0
2024-10-25 15:29:00+00:00,CSIQ,13.390000343322754,13.390000343322754,13.390000343322754,13.370100021362305,13.381999969482422,2406.0
2024-10-25 15:29:00+00:00,CTLP,8.90999984741211,8.90999984741211,8.90999984741211,8.90999984741211,8.90999984741211,1192.0
2024-10-25 15:29:00+00:00,CTSH,74.69000244140625,74.69000244140625,74.72000122070312,74.69000244140625,74.69999694824219,6228.0
2024-10-25 15:29:00+00:00,DAKT,13.050100326538086,13.050100326538086,13.051799774169922,13.050100326538086,13.051799774169922,803.0
2024-10-25 15:29:00+00:00,DATS,1.5917999744415283,1.5917999744415283,1.5917999744415283,1.5917999744415283,1.5917999744415283,100.0
2024-10-25 15:29:00+00:00,DBX,26.05500030517578,26.05500030517578,26.05500030517578,26.049999237060547,26.049999237060547,12851.0
2024-10-25 15:29:00+00:00,DDOG,126.50499725341797,126.50499725341797,126.51000213623047,126.49500274658203,126.51000213623047,2130.0
2024-10-25 15:29:00+00:00,DIOD,64.9800033569336,64.9800033569336,64.9800033569336,64.9800033569336,64.9800033569336,628.0
2024-10-25 15:29:00+00:00,DMRC,31.78179931640625,31.78179931640625,31.78179931640625,31.78179931640625,31.78179931640625,589.0
2024-10-25 15:29:00+00:00,DOCU,68.9000015258789,68.9000015258789,68.91000366210938,68.89009857177734,68.89009857177734,1687.0
2024-10-25 15:29:00+00:00,DUOL,291.4200134277344,291.4200134277344,291.4200134277344,291.4200134277344,291.4200134277344,683.0
2024-10-25 15:29:00+00:00,ENPH,83.7750015258789,83.7750015258789,83.79499816894531,83.7699966430664,83.78589630126953,4217.0
2024-10-25 15:29:00+00:00,ENTG,105.05000305175781,105.05000305175781,105.11000061035156,105.05000305175781,105.05000305175781,2436.0
2024-10-25 15:29:00+00:00,ERIC,8.470000267028809,8.470000267028809,8.470000267028809,8.460000038146973,8.46500015258789,38732.0
2024-10-25 15:29:00+00:00,EXLS,38.40999984741211,38.40999984741211,38.41999816894531,38.40999984741211,38.415000915527344,4744.0
2024-10-25 15:29:00+00:00,EXTR,14.345000267028809,14.345000267028809,14.350000381469727,14.345000267028809,14.345000267028809,3529.0
2024-10-25 15:29:00+00:00,FFIV,216.72000122070312,216.72000122070312,216.72000122070312,216.33999633789062,216.38999938964844,2148.0
2024-10-25 15:29:00+00:00,FIVN,29.80500030517578,29.80500030517578,29.809999465942383,29.799999237060547,29.809999465942383,2244.0
2024-10-25 15:29:00+00:00,FLEX,35.150001525878906,35.150001525878906,35.150001525878906,35.1349983215332,35.1349983215332,4665.0
2024-10-25 15:29:00+00:00,FLYW,17.309999465942383,17.309999465942383,17.309999465942383,17.299999237060547,17.299999237060547,1860.0
2024-10-25 15:29:00+00:00,FROG,29.2549991607666,29.2549991607666,29.2549991607666,29.2549991607666,29.2549991607666,846.0
2024-10-25 15:29:00+00:00,FRSH,11.581999778747559,11.581999778747559,11.59000015258789,11.579999923706055,11.579999923706055,2251.0
2024-10-25 15:29:00+00:00,FSLR,198.58999633789062,198.58999633789062,198.63999938964844,198.49000549316406,198.49000549316406,2793.0
2024-10-25 15:29:00+00:00,FTCI,0.6557000279426575,0.6557000279426575,0.6557000279426575,0.6543999910354614,0.6543999910354614,25221.0
2024-10-25 15:29:00+00:00,FTNT,80.42500305175781,80.42500305175781,80.439697265625,80.37999725341797,80.42500305175781,6166.0
2024-10-25 15:29:00+00:00,GCT,24.5049991607666,24.5049991607666,24.520000457763672,24.5049991607666,24.520000457763672,1924.0
2024-10-25 15:29:00+00:00,GDS,21.33099937438965,21.33099937438965,21.344999313354492,21.33099937438965,21.344999313354492,1522.0
2024-10-25 15:29:00+00:00,GNSS,3.8949999809265137,3.8949999809265137,3.8949999809265137,3.8949999809265137,3.8949999809265137,274.0
2024-10-25 15:29:00+00:00,GPRO,1.3049999475479126,1.3049999475479126,1.3049999475479126,1.2999999523162842,1.2999999523162842,7581.0
2024-10-25 15:29:00+00:00,GRAB,4.085000038146973,4.085000038146973,4.085000038146973,4.085000038146973,4.085000038146973,9781.0
2024-10-25 15:29:00+00:00,GTLB,54.90999984741211,54.90999984741211,54.935001373291016,54.90999984741211,54.935001373291016,1121.0
2024-10-25 15:29:00+00:00,HCKT,24.579999923706055,24.579999923706055,24.579999923706055,24.579999923706055,24.579999923706055,264.0
2024-10-25 15:29:00+00:00,HCP,33.6349983215332,33.6349983215332,33.63999938964844,33.6349983215332,33.6349983215332,1287.0
2024-10-25 15:29:00+00:00,HIMX,6.159999847412109,6.159999847412109,6.164999961853027,6.159999847412109,6.164999961853027,1233.0
2024-10-25 15:29:00+00:00,HLIT,14.78499984741211,14.78499984741211,14.78499984741211,14.77400016784668,14.77400016784668,1212.0
2024-10-25 15:29:00+00:00,HOLO,3.625,3.625,3.640000104904175,3.625,3.630000114440918,1547.0
2024-10-25 15:29:00+00:00,HOOD,27.05500030517578,27.05500030517578,27.065000534057617,27.045000076293945,27.045000076293945,20753.0
2024-10-25 15:29:00+00:00,ICHR,27.540000915527344,27.540000915527344,27.540000915527344,27.540000915527344,27.540000915527344,482.0
2024-10-25 15:29:00+00:00,INDI,3.4800000190734863,3.4800000190734863,3.484999895095825,3.4800000190734863,3.4800000190734863,1109.0
2024-10-25 15:29:00+00:00,INFN,6.773499965667725,6.773499965667725,6.775000095367432,6.769999980926514,6.769999980926514,11426.0
2024-10-25 15:29:00+00:00,INOD,20.049999237060547,20.049999237060547,20.049999237060547,20.049999237060547,20.049999237060547,794.0
2024-10-25 15:29:00+00:00,INTA,50.029998779296875,50.029998779296875,50.029998779296875,50.029998779296875,50.029998779296875,229.0
2024-10-25 15:29:00+00:00,INTC,22.810100555419922,22.810100555419922,22.81999969482422,22.799999237060547,22.799999237060547,55793.0
2024-10-25 15:29:00+00:00,JAMF,16.78499984741211,16.78499984741211,16.799999237060547,16.78499984741211,16.799999237060547,3193.0
2024-10-25 15:29:00+00:00,JKHY,183.17999267578125,183.17999267578125,183.17999267578125,183.1790008544922,183.1790008544922,546.0
2024-10-25 15:29:00+00:00,KC,2.674999952316284,2.674999952316284,2.684999942779541,2.674999952316284,2.680000066757202,35907.0
2024-10-25 15:29:00+00:00,KLAC,675.77001953125,675.77001953125,676.0,675.6799926757812,675.989990234375,1931.0
2024-10-25 15:29:00+00:00,KLIC,44.5099983215332,44.5099983215332,44.5099983215332,44.459999084472656,44.459999084472656,1120.0
2024-10-25 15:29:00+00:00,KOSS,7.26200008392334,7.26200008392334,7.26200008392334,7.26200008392334,7.26200008392334,382.0
2024-10-25 15:29:00+00:00,LINK,4.940000057220459,4.940000057220459,4.940000057220459,4.909999847412109,4.910200119018555,4753.0
2024-10-25 15:29:00+00:00,LITE,64.53500366210938,64.53500366210938,64.54000091552734,64.4749984741211,64.4749984741211,2414.0
2024-10-25 15:29:00+00:00,LOGI,80.76499938964844,80.76499938964844,80.76499938964844,80.75900268554688,80.75900268554688,789.0
2024-10-25 15:29:00+00:00,LRCX,78.19999694824219,78.19999694824219,78.22000122070312,78.12999725341797,78.12999725341797,22377.0
2024-10-25 15:29:00+00:00,LSCC,54.08000183105469,54.08000183105469,54.08000183105469,54.060001373291016,54.060001373291016,5599.0
2024-10-25 15:29:00+00:00,LTRX,4.090000152587891,4.090000152587891,4.090000152587891,4.090000152587891,4.090000152587891,1134.0
2024-10-25 15:29:00+00:00,LYFT,13.585000038146973,13.585000038146973,13.595000267028809,13.5600004196167,13.595000267028809,52011.0
2024-10-25 15:29:00+00:00,MANH,275.8800048828125,275.8800048828125,275.8800048828125,275.8800048828125,275.8800048828125,386.0
2024-10-25 15:29:00+00:00,MCHP,76.68000030517578,76.68000030517578,76.68000030517578,76.62999725341797,76.63999938964844,5764.0
2024-10-25 15:29:00+00:00,MDB,267.56500244140625,267.56500244140625,267.56500244140625,267.5299987792969,267.5299987792969,787.0
2024-10-25 15:29:00+00:00,MITK,8.770000457763672,8.770000457763672,8.770000457763672,8.770000457763672,8.770000457763672,464.0
2024-10-25 15:29:00+00:00,MKSI,101.08999633789062,101.08999633789062,101.08999633789062,101.08999633789062,101.08999633789062,259.0
2024-10-25 15:29:00+00:00,MPWR,910.1099853515625,910.1099853515625,910.1099853515625,909.6400146484375,909.6400146484375,1387.0
2024-10-25 15:29:00+00:00,MQ,5.309999942779541,5.309999942779541,5.309999942779541,5.300000190734863,5.309999942779541,4601.0
2024-10-25 15:29:00+00:00,MRAM,6.360000133514404,6.360000133514404,6.360000133514404,6.360000133514404,6.360000133514404,448.0
2024-10-25 15:29:00+00:00,MRVL,81.96499633789062,81.96499633789062,82.0,81.93000030517578,81.94499969482422,31791.0
2024-10-25 15:29:00+00:00,MSFT,428.49249267578125,428.49249267578125,428.5150146484375,428.3299865722656,428.3699951171875,11045.0
2024-10-25 15:29:00+00:00,MSTR,233.2028045654297,233.2028045654297,233.39999389648438,233.10499572753906,233.19500732421875,29582.0
2024-10-25 15:29:00+00:00,MTLS,5.914999961853027,5.914999961853027,5.914999961853027,5.914999961853027,5.914999961853027,202.0
2024-10-25 15:29:00+00:00,MTSI,121.20999908447266,121.20999908447266,121.20999908447266,121.20999908447266,121.20999908447266,964.0
2024-10-25 15:29:00+00:00,MTTR,4.565000057220459,4.565000057220459,4.565000057220459,4.559999942779541,4.565000057220459,4000.0
2024-10-25 15:29:00+00:00,MU,108.25,108.25,108.30000305175781,108.19989776611328,108.19989776611328,18127.0
2024-10-25 15:29:00+00:00,MXL,14.739999771118164,14.739999771118164,14.739999771118164,14.720000267028809,14.720000267028809,3490.0
2024-10-25 15:29:00+00:00,NCNO,37.90999984741211,37.90999984741211,37.915000915527344,37.90999984741211,37.90999984741211,2798.0
2024-10-25 15:29:00+00:00,NEON,8.039999961853027,8.039999961853027,8.119999885559082,8.010000228881836,8.119999885559082,14905.0
2024-10-25 15:29:00+00:00,NICE,174.50999450683594,174.50999450683594,174.50999450683594,174.41000366210938,174.5,557.0
2024-10-25 15:29:00+00:00,NTAP,119.75,119.75,119.76000213623047,119.75,119.76000213623047,1342.0
2024-10-25 15:29:00+00:00,NTCT,20.65999984741211,20.65999984741211,20.65999984741211,20.65999984741211,20.65999984741211,1128.0
2024-10-25 15:29:00+00:00,NTNX,61.67499923706055,61.67499923706055,61.689998626708984,61.66999816894531,61.66999816894531,633.0
2024-10-25 15:29:00+00:00,NVDA,141.94290161132812,141.94290161132812,141.97000122070312,141.91000366210938,141.9199981689453,203251.0
2024-10-25 15:29:00+00:00,NVEI,33.494998931884766,33.494998931884766,33.494998931884766,33.4900016784668,33.4900016784668,1031.0
2024-10-25 15:29:00+00:00,NVTS,2.5199999809265137,2.5199999809265137,2.5199999809265137,2.5199999809265137,2.5199999809265137,184.0
2024-10-25 15:29:00+00:00,NXPI,243.6699981689453,243.6699981689453,243.7449951171875,243.55999755859375,243.55999755859375,5778.0
2024-10-25 15:29:00+00:00,OKTA,72.19000244140625,72.19000244140625,72.22000122070312,72.12000274658203,72.22000122070312,6620.0
2024-10-25 15:29:00+00:00,OLED,202.77999877929688,202.77999877929688,202.89500427246094,202.77999877929688,202.89500427246094,1806.0
2024-10-25 15:29:00+00:00,ON,71.23999786376953,71.23999786376953,71.25,71.20999908447266,71.20999908447266,18435.0
2024-10-25 15:29:00+00:00,OSIS,135.23500061035156,135.23500061035156,135.23500061035156,135.23500061035156,135.23500061035156,1398.0
2024-10-25 15:29:00+00:00,PALT,1.919700026512146,1.919700026512146,1.919700026512146,1.919700026512146,1.919700026512146,1070.0
2024-10-25 15:29:00+00:00,PANW,366.114990234375,366.114990234375,366.1499938964844,365.98748779296875,366.0050048828125,3017.0
2024-10-25 15:29:00+00:00,PAYO,8.345000267028809,8.345000267028809,8.345000267028809,8.34000015258789,8.34000015258789,2195.0
2024-10-25 15:29:00+00:00,PCTY,173.65499877929688,173.65499877929688,173.65499877929688,173.65499877929688,173.65499877929688,177.0
2024-10-25 15:29:00+00:00,PEGA,79.83499908447266,79.83499908447266,79.93000030517578,79.78500366210938,79.78500366210938,10388.0
2024-10-25 15:29:00+00:00,PEGY,4.680099964141846,4.680099964141846,4.680099964141846,4.680099964141846,4.680099964141846,3296.0
2024-10-25 15:29:00+00:00,PGY,11.9399995803833,11.9399995803833,11.9399995803833,11.9350004196167,11.9399995803833,7331.0
2024-10-25 15:29:00+00:00,PHUN,10.490099906921387,10.490099906921387,10.5600004196167,10.489999771118164,10.518500328063965,68000.0
2024-10-25 15:29:00+00:00,PI,201.3300018310547,201.3300018310547,201.4250030517578,201.2899932861328,201.4176025390625,10309.0
2024-10-25 15:29:00+00:00,PLAB,23.639999389648438,23.639999389648438,23.649999618530273,23.639999389648438,23.639999389648438,1277.0
2024-10-25 15:29:00+00:00,PLXS,141.16000366210938,141.16000366210938,141.22999572753906,141.16000366210938,141.22999572753906,824.0
2024-10-25 15:29:00+00:00,PTC,187.17010498046875,187.17010498046875,187.22999572753906,187.17010498046875,187.22999572753906,2588.0
2024-10-25 15:29:00+00:00,PUBM,14.729999542236328,14.729999542236328,14.729999542236328,14.729999542236328,14.729999542236328,634.0
2024-10-25 15:29:00+00:00,PXLW,0.7400000095367432,0.7400000095367432,0.7400000095367432,0.7400000095367432,0.7400000095367432,2278.0
2024-10-25 15:29:00+00:00,PYCR,14.292499542236328,14.292499542236328,14.300000190734863,14.292499542236328,14.295000076293945,3768.0
2024-10-25 15:29:00+00:00,QCOM,170.6699981689453,170.6699981689453,170.71499633789062,170.6699981689453,170.6999969482422,5112.0
2024-10-25 15:29:00+00:00,QLYS,120.5,120.5,120.56500244140625,120.4800033569336,120.4800033569336,645.0
2024-10-25 15:29:00+00:00,QRVO,99.73999786376953,99.73999786376953,99.73999786376953,99.69999694824219,99.69999694824219,1586.0
2024-10-25 15:29:00+00:00,QUBT,1.0800000429153442,1.0800000429153442,1.0800000429153442,1.0800000429153442,1.0800000429153442,487.0
2024-10-25 15:29:00+00:00,RCAT,2.7200000286102295,2.7200000286102295,2.744999885559082,2.7200000286102295,2.744999885559082,23333.0
2024-10-25 15:29:00+00:00,REKR,1.0850000381469727,1.0850000381469727,1.0850000381469727,1.0850000381469727,1.0850000381469727,200.0
2024-10-25 15:29:00+00:00,RELY,14.895000457763672,14.895000457763672,14.895000457763672,14.890999794006348,14.890999794006348,792.0
2024-10-25 15:29:00+00:00,RGTI,1.2300000190734863,1.2300000190734863,1.2300000190734863,1.225000023841858,1.225000023841858,2097.0
2024-10-25 15:29:00+00:00,RIOT,9.741000175476074,9.741000175476074,9.749899864196777,9.739999771118164,9.74470043182373,24675.0
2024-10-25 15:29:00+00:00,RMNI,1.715000033378601,1.715000033378601,1.7200000286102295,1.715000033378601,1.7170000076293945,2511.0
2024-10-25 15:29:00+00:00,RPAY,7.744999885559082,7.744999885559082,7.744999885559082,7.744999885559082,7.744999885559082,1333.0
2024-10-25 15:29:00+00:00,RPD,39.01499938964844,39.01499938964844,39.02000045776367,39.01499938964844,39.02000045776367,765.0
2024-10-25 15:29:00+00:00,RSSS,2.5999999046325684,2.5999999046325684,2.5999999046325684,2.5999999046325684,2.5999999046325684,0.0
2024-10-25 15:29:00+00:00,RUM,5.71999979019165,5.71999979019165,5.71999979019165,5.719900131225586,5.719900131225586,3929.0
2024-10-25 15:29:00+00:00,RUN,14.420000076293945,14.420000076293945,14.420000076293945,14.414999961853027,14.414999961853027,2131.0
2024-10-25 15:29:00+00:00,SANM,67.55999755859375,67.55999755859375,67.55999755859375,67.55999755859375,67.55999755859375,599.0
2024-10-25 15:29:00+00:00,SATS,25.09760093688965,25.09760093688965,25.100000381469727,25.09760093688965,25.100000381469727,1531.0
2024-10-25 15:29:00+00:00,SEDG,16.0,16.0,16.0,15.96310043334961,15.96310043334961,7000.0
2024-10-25 15:29:00+00:00,SHLS,5.230000019073486,5.230000019073486,5.235000133514404,5.230000019073486,5.230000019073486,2989.0
2024-10-25 15:29:00+00:00,SITM,178.5399932861328,178.5399932861328,178.5399932861328,178.5399932861328,178.5399932861328,379.0
2024-10-25 15:29:00+00:00,SKYT,10.460000038146973,10.460000038146973,10.460000038146973,10.460000038146973,10.460000038146973,247.0
2024-10-25 15:29:00+00:00,SLNHP,13.100000381469727,13.100000381469727,13.100000381469727,13.079999923706055,13.079999923706055,558.0
2024-10-25 15:29:00+00:00,SMCI,47.529998779296875,47.529998779296875,47.560001373291016,47.52000045776367,47.529998779296875,31209.0
2024-10-25 15:29:00+00:00,SMTC,45.790000915527344,45.790000915527344,45.790000915527344,45.74359893798828,45.74359893798828,1000.0
2024-10-25 15:29:00+00:00,SNPS,502.1700134277344,502.1700134277344,502.1700134277344,502.1700134277344,502.1700134277344,979.0
2024-10-25 15:29:00+00:00,SOUN,5.175000190734863,5.175000190734863,5.179999828338623,5.170000076293945,5.179999828338623,13269.0
2024-10-25 15:29:00+00:00,SPSC,170.44940185546875,170.44940185546875,170.44940185546875,170.44940185546875,170.44940185546875,1051.0
2024-10-25 15:29:00+00:00,SRAD,12.3149995803833,12.3149995803833,12.3149995803833,12.3149995803833,12.3149995803833,488.0
2024-10-25 15:29:00+00:00,SSNC,70.26000213623047,70.26000213623047,70.2699966430664,70.16999816894531,70.19499969482422,20803.0
2024-10-25 15:29:00+00:00,STNE,11.53499984741211,11.53499984741211,11.539999961853027,11.529999732971191,11.539999961853027,18968.0
2024-10-25 15:29:00+00:00,STX,103.68499755859375,103.68499755859375,103.70999908447266,103.66500091552734,103.68000030517578,5752.0
2024-10-25 15:29:00+00:00,SVRE,0.0778999999165535,0.0778999999165535,0.0778999999165535,0.0778999999165535,0.0778999999165535,1039.0
2024-10-25 15:29:00+00:00,SWKS,95.72000122070312,95.72000122070312,95.76000213623047,95.72000122070312,95.73999786376953,4480.0
2024-10-25 15:29:00+00:00,SYNA,72.30999755859375,72.30999755859375,72.31999969482422,72.30999755859375,72.31999969482422,667.0
2024-10-25 15:29:00+00:00,SYTA,1.2899999618530273,1.2899999618530273,1.2899999618530273,1.2899999618530273,1.2899999618530273,400.0
2024-10-25 15:29:00+00:00,TACT,4.150000095367432,4.150000095367432,4.150000095367432,4.150000095367432,4.150000095367432,107.0
2024-10-25 15:29:00+00:00,TAOP,0.4810999929904938,0.4810999929904938,0.4810999929904938,0.4810999929904938,0.4810999929904938,4400.0
2024-10-25 15:29:00+00:00,TEAM,188.92999267578125,188.92999267578125,188.98500061035156,188.8699951171875,188.9600067138672,3711.0
2024-10-25 15:29:00+00:00,TENB,41.689998626708984,41.689998626708984,41.689998626708984,41.66999816894531,41.689998626708984,1433.0
2024-10-25 15:29:00+00:00,TER,112.1500015258789,112.1500015258789,112.16500091552734,112.0999984741211,112.0999984741211,9790.0
2024-10-25 15:29:00+00:00,TRMB,60.91999816894531,60.91999816894531,60.91999816894531,60.91999816894531,60.91999816894531,1633.0
2024-10-25 15:29:00+00:00,TSEM,44.65999984741211,44.65999984741211,44.689998626708984,44.65999984741211,44.689998626708984,2910.0
2024-10-25 15:29:00+00:00,TTD,119.125,119.125,119.13999938964844,119.11499786376953,119.13999938964844,11150.0
2024-10-25 15:29:00+00:00,TTMI,19.799999237060547,19.799999237060547,19.80500030517578,19.790000915527344,19.790000915527344,4958.0
2024-10-25 15:29:00+00:00,TWKS,4.445000171661377,4.445000171661377,4.449999809265137,4.440000057220459,4.445000171661377,1518.0
2024-10-25 15:29:00+00:00,TXN,207.27999877929688,207.27999877929688,207.3699951171875,207.25,207.25999450683594,7604.0
2024-10-25 15:29:00+00:00,VERX,41.86000061035156,41.86000061035156,41.86000061035156,41.849998474121094,41.849998474121094,1016.0
2024-10-25 15:29:00+00:00,VIAV,9.1899995803833,9.1899995803833,9.194999694824219,9.1899995803833,9.1899995803833,105450.0
2024-10-25 15:29:00+00:00,VICR,46.560001373291016,46.560001373291016,46.560001373291016,46.560001373291016,46.560001373291016,579.0
2024-10-25 15:29:00+00:00,VMEO,4.755000114440918,4.755000114440918,4.755000114440918,4.755000114440918,4.755000114440918,1348.0
2024-10-25 15:29:00+00:00,VNET,3.375,3.375,3.375,3.375,3.375,807.0
2024-10-25 15:29:00+00:00,VRNS,56.7400016784668,56.7400016784668,56.74800109863281,56.709999084472656,56.709999084472656,6125.0
2024-10-25 15:29:00+00:00,VRNT,21.809999465942383,21.809999465942383,21.84000015258789,21.809999465942383,21.84000015258789,1695.0
2024-10-25 15:29:00+00:00,VRSN,182.1300048828125,182.1300048828125,182.1300048828125,182.0399932861328,182.0399932861328,1625.0
2024-10-25 15:29:00+00:00,VS,2.4600000381469727,2.4600000381469727,2.4800000190734863,2.440000057220459,2.440000057220459,4102.0
2024-10-25 15:29:00+00:00,VSAT,10.220000267028809,10.220000267028809,10.220000267028809,10.204999923706055,10.204999923706055,4067.0
2024-10-25 15:29:00+00:00,VUZI,1.292099952697754,1.292099952697754,1.292099952697754,1.292099952697754,1.292099952697754,376.0
2024-10-25 15:29:00+00:00,WATT,0.5701000094413757,0.5701000094413757,0.5701000094413757,0.5701000094413757,0.5701000094413757,65.0
2024-10-25 15:29:00+00:00,WDAY,238.02999877929688,238.02999877929688,238.02999877929688,237.92999267578125,238.02999877929688,3651.0
2024-10-25 15:29:00+00:00,WDC,70.38999938964844,70.38999938964844,70.4000015258789,70.27999877929688,70.29499816894531,14380.0
2024-10-25 15:29:00+00:00,WISA,1.9850000143051147,1.9850000143051147,1.9850000143051147,1.9803999662399292,1.9803999662399292,692.0
2024-10-25 15:29:00+00:00,WRAP,1.840000033378601,1.840000033378601,1.840000033378601,1.840000033378601,1.840000033378601,142.0
2024-10-25 15:29:00+00:00,XPER,9.399999618530273,9.399999618530273,9.399999618530273,9.399999618530273,9.399999618530273,144.0
2024-10-25 15:29:00+00:00,XRX,10.0,10.0,10.0,10.0,10.0,1245.0
2024-10-25 15:29:00+00:00,ZBRA,361.3699951171875,361.3699951171875,361.3699951171875,361.1400146484375,361.1400146484375,2012.0
2024-10-25 15:29:00+00:00,ZI,10.484999656677246,10.484999656677246,10.484999656677246,10.479999542236328,10.479999542236328,4013.0
2024-10-25 15:29:00+00:00,ZM,73.01000213623047,73.01000213623047,73.01000213623047,72.9800033569336,72.99500274658203,11261.0
2024-10-25 15:29:00+00:00,ZS,184.83999633789062,184.83999633789062,184.83999633789062,184.8300018310547,184.8300018310547,1187.0
2024-10-25 15:30:00+00:00,AAOI,17.540000915527344,17.540000915527344,17.55900001525879,17.540000915527344,17.55900001525879,3407.0
2024-10-25 15:30:00+00:00,AAPL,231.55499267578125,231.55499267578125,231.6638946533203,231.49000549316406,231.64999389648438,104003.0
2024-10-25 15:30:00+00:00,ACIW,48.83000183105469,48.83000183105469,48.83000183105469,48.79999923706055,48.79999923706055,1748.0
2024-10-25 15:30:00+00:00,ACLS,89.8499984741211,89.8499984741211,89.87000274658203,89.80000305175781,89.87000274658203,1099.0
2024-10-25 15:30:00+00:00,ADBE,483.3699951171875,483.3699951171875,483.3949890136719,483.1499938964844,483.19000244140625,5365.0
2024-10-25 15:30:00+00:00,ADI,230.88999938964844,230.88999938964844,231.00999450683594,230.8300018310547,231.00999450683594,4175.0
2024-10-25 15:30:00+00:00,ADSK,286.32000732421875,286.32000732421875,286.32000732421875,286.32000732421875,286.32000732421875,526.0
2024-10-25 15:30:00+00:00,ADTN,6.28000020980835,6.28000020980835,6.28000020980835,6.28000020980835,6.28000020980835,214.0
2024-10-25 15:30:00+00:00,AEHR,16.989900588989258,16.989900588989258,16.9950008392334,16.979999542236328,16.9950008392334,2810.0
2024-10-25 15:30:00+00:00,AEYE,22.5049991607666,22.5049991607666,22.510000228881836,22.5,22.5,912.0
2024-10-25 15:30:00+00:00,AFRM,41.20000076293945,41.20000076293945,41.220001220703125,41.19499969482422,41.20000076293945,5689.0
2024-10-25 15:30:00+00:00,AIP,6.889999866485596,6.889999866485596,6.889999866485596,6.889999866485596,6.889999866485596,755.0
2024-10-25 15:30:00+00:00,AKAM,101.69999694824219,101.69999694824219,101.72000122070312,101.68000030517578,101.72000122070312,2534.0
2024-10-25 15:30:00+00:00,AKTS,0.05999999865889549,0.05999999865889549,0.05999999865889549,0.05999999865889549,0.05999999865889549,2251.0
2024-10-25 15:30:00+00:00,ALGM,23.165000915527344,23.165000915527344,23.18000030517578,23.165000915527344,23.18000030517578,6529.0
2024-10-25 15:30:00+00:00,ALRM,54.33000183105469,54.33000183105469,54.33000183105469,54.29100036621094,54.30500030517578,950.0
2024-10-25 15:30:00+00:00,ALTR,103.8499984741211,103.8499984741211,103.8499984741211,103.83999633789062,103.83999633789062,566.0
2024-10-25 15:30:00+00:00,AMAT,187.11000061035156,187.11000061035156,187.18499755859375,187.07000732421875,187.18499755859375,8846.0
2024-10-25 15:30:00+00:00,AMD,156.25990295410156,156.25990295410156,156.32000732421875,156.19000244140625,156.32000732421875,57543.0
2024-10-25 15:30:00+00:00,AMKR,30.0,30.0,30.030000686645508,30.0,30.030000686645508,3666.0
2024-10-25 15:30:00+00:00,AMPL,9.095000267028809,9.095000267028809,9.095000267028809,9.095000267028809,9.095000267028809,519.0
2024-10-25 15:30:00+00:00,ANSS,323.8999938964844,323.8999938964844,323.8999938964844,323.8450012207031,323.8450012207031,683.0
2024-10-25 15:30:00+00:00,API,2.875,2.875,2.875,2.875,2.875,600.0
2024-10-25 15:30:00+00:00,APP,161.7449951171875,161.7449951171875,161.80499267578125,161.7100067138672,161.80499267578125,6469.0
2024-10-25 15:30:00+00:00,APPF,211.8699951171875,211.8699951171875,212.38999938964844,211.8699951171875,212.27999877929688,5503.0
2024-10-25 15:30:00+00:00,APPN,32.26499938964844,32.26499938964844,32.279998779296875,32.2400016784668,32.2400016784668,2271.0
2024-10-25 15:30:00+00:00,APPS,3.0678999423980713,3.0678999423980713,3.0678999423980713,3.065000057220459,3.065000057220459,8334.0
2024-10-25 15:30:00+00:00,ARRY,6.454999923706055,6.454999923706055,6.469900131225586,6.454999923706055,6.454999923706055,15976.0
2024-10-25 15:30:00+00:00,ASML,713.27001953125,713.27001953125,713.7349853515625,713.27001953125,713.7349853515625,5108.0
2024-10-25 15:30:00+00:00,ATOM,3.3350000381469727,3.3350000381469727,3.3350000381469727,3.3350000381469727,3.3350000381469727,820.0
2024-10-25 15:30:00+00:00,AUR,6.389999866485596,6.389999866485596,6.389999866485596,6.380000114440918,6.380000114440918,7435.0
2024-10-25 15:30:00+00:00,AVDX,8.085000038146973,8.085000038146973,8.09000015258789,8.079999923706055,8.09000015258789,14480.0
2024-10-25 15:30:00+00:00,AVGO,173.64999389648438,173.64999389648438,173.77000427246094,173.6300048828125,173.77000427246094,25494.0
2024-10-25 15:30:00+00:00,AVPT,11.904999732971191,11.904999732971191,11.904999732971191,11.899999618530273,11.899999618530273,1971.0
2024-10-25 15:30:00+00:00,AVT,54.10499954223633,54.10499954223633,54.119998931884766,54.10499954223633,54.119998931884766,3374.0
2024-10-25 15:30:00+00:00,BAND,17.829999923706055,17.829999923706055,17.829999923706055,17.81999969482422,17.81999969482422,1080.0
2024-10-25 15:30:00+00:00,BASE,16.21500015258789,16.21500015258789,16.21500015258789,16.21500015258789,16.21500015258789,400.0
2024-10-25 15:30:00+00:00,BIGC,5.264999866485596,5.264999866485596,5.264999866485596,5.264999866485596,5.264999866485596,675.0
2024-10-25 15:30:00+00:00,BL,56.34000015258789,56.34000015258789,56.34000015258789,56.34000015258789,56.34000015258789,345.0
2024-10-25 15:30:00+00:00,BMBL,7.119999885559082,7.119999885559082,7.119999885559082,7.119999885559082,7.119999885559082,496.0
2024-10-25 15:30:00+00:00,BSY,49.06999969482422,49.06999969482422,49.06999969482422,49.04999923706055,49.04999923706055,1801.0
2024-10-25 15:30:00+00:00,CAN,0.9731000065803528,0.9731000065803528,0.9742000102996826,0.9731000065803528,0.9742000102996826,375.0
2024-10-25 15:30:00+00:00,CCSI,20.09000015258789,20.09000015258789,20.1200008392334,20.09000015258789,20.1200008392334,1485.0
2024-10-25 15:30:00+00:00,CDNS,257.5,257.5,257.7200012207031,257.4849853515625,257.7200012207031,5612.0
2024-10-25 15:30:00+00:00,CDW,217.6540069580078,217.6540069580078,217.86000061035156,217.6540069580078,217.86000061035156,3522.0
2024-10-25 15:30:00+00:00,CEVA,24.049999237060547,24.049999237060547,24.049999237060547,24.049999237060547,24.049999237060547,823.0
2024-10-25 15:30:00+00:00,CFLT,22.40999984741211,22.40999984741211,22.415000915527344,22.405000686645508,22.413999557495117,2812.0
2024-10-25 15:30:00+00:00,CGNX,38.79499816894531,38.79499816894531,38.80500030517578,38.79499816894531,38.80099868774414,7092.0
2024-10-25 15:30:00+00:00,CHKP,206.0500030517578,206.0500030517578,206.0500030517578,206.0500030517578,206.0500030517578,911.0
2024-10-25 15:30:00+00:00,CLBT,18.219999313354492,18.219999313354492,18.219999313354492,18.209999084472656,18.219999313354492,1006.0
2024-10-25 15:30:00+00:00,CLSK,11.53499984741211,11.53499984741211,11.569999694824219,11.520099639892578,11.5649995803833,56439.0
2024-10-25 15:30:00+00:00,CMTL,3.819999933242798,3.819999933242798,3.819999933242798,3.819999933242798,3.819999933242798,263.0
2024-10-25 15:30:00+00:00,CNDT,3.5950000286102295,3.5950000286102295,3.5999999046325684,3.5950000286102295,3.5950000286102295,4077.0
2024-10-25 15:30:00+00:00,CNXC,44.41999816894531,44.41999816894531,44.41999816894531,44.41999816894531,44.41999816894531,1253.0
2024-10-25 15:30:00+00:00,CNXN,69.97000122070312,69.97000122070312,69.97000122070312,69.97000122070312,69.97000122070312,236.0
2024-10-25 15:30:00+00:00,COHR,95.54000091552734,95.54000091552734,95.68000030517578,95.54000091552734,95.68000030517578,3632.0
2024-10-25 15:30:00+00:00,COHU,25.950000762939453,25.950000762939453,25.950000762939453,25.950000762939453,25.950000762939453,1581.0
2024-10-25 15:30:00+00:00,COIN,204.75999450683594,204.75999450683594,205.62989807128906,204.60000610351562,205.51499938964844,63199.0
2024-10-25 15:30:00+00:00,COMM,6.210000038146973,6.210000038146973,6.215000152587891,6.210000038146973,6.215000152587891,8413.0
2024-10-25 15:30:00+00:00,CORZ,13.234999656677246,13.234999656677246,13.260000228881836,13.229999542236328,13.250300407409668,30472.0
2024-10-25 15:30:00+00:00,CRDO,39.16999816894531,39.16999816894531,39.18000030517578,39.13999938964844,39.13999938964844,4291.0
2024-10-25 15:30:00+00:00,CRNT,2.4700000286102295,2.4700000286102295,2.4700000286102295,2.4700000286102295,2.4700000286102295,427.0
2024-10-25 15:30:00+00:00,CRSR,6.315000057220459,6.315000057220459,6.315000057220459,6.309999942779541,6.309999942779541,770.0
2024-10-25 15:30:00+00:00,CRUS,122.29499816894531,122.29499816894531,122.38500213623047,122.23999786376953,122.38500213623047,1526.0
2024-10-25 15:30:00+00:00,CRWD,299.2737121582031,299.2737121582031,299.3699951171875,298.91009521484375,298.91009521484375,11117.0
2024-10-25 15:30:00+00:00,CSCO,55.73500061035156,55.73500061035156,55.7599983215332,55.72999954223633,55.7599983215332,24836.0
2024-10-25 15:30:00+00:00,CSGS,47.33000183105469,47.33000183105469,47.33000183105469,47.29999923706055,47.29999923706055,764.0
2024-10-25 15:30:00+00:00,CSIQ,13.371000289916992,13.371000289916992,13.390000343322754,13.371000289916992,13.390000343322754,4335.0
2024-10-25 15:30:00+00:00,CTSH,74.72000122070312,74.72000122070312,74.72000122070312,74.69000244140625,74.69000244140625,6014.0
2024-10-25 15:30:00+00:00,DAIO,2.5899999141693115,2.5899999141693115,2.609999895095825,2.5899999141693115,2.609999895095825,1282.0
2024-10-25 15:30:00+00:00,DAKT,13.050000190734863,13.050000190734863,13.050000190734863,13.050000190734863,13.050000190734863,106.0
2024-10-25 15:30:00+00:00,DATS,1.5951999425888062,1.5951999425888062,1.5951999425888062,1.5951999425888062,1.5951999425888062,100.0
2024-10-25 15:30:00+00:00,DAVE,38.69499969482422,38.69499969482422,38.69499969482422,38.689998626708984,38.689998626708984,1351.0
2024-10-25 15:30:00+00:00,DBX,26.05500030517578,26.05500030517578,26.059999465942383,26.05500030517578,26.05500030517578,3392.0
2024-10-25 15:30:00+00:00,DDOG,126.52999877929688,126.52999877929688,126.52999877929688,126.45500183105469,126.51000213623047,7542.0
2024-10-25 15:30:00+00:00,DIOD,64.95999908447266,64.95999908447266,64.97000122070312,64.95999908447266,64.97000122070312,1034.0
2024-10-25 15:30:00+00:00,DLO,8.8149995803833,8.8149995803833,8.819999694824219,8.8149995803833,8.8149995803833,758.0
2024-10-25 15:30:00+00:00,DMRC,31.760000228881836,31.760000228881836,31.760000228881836,31.760000228881836,31.760000228881836,408.0
2024-10-25 15:30:00+00:00,DOCU,68.87000274658203,68.87000274658203,68.91000366210938,68.86000061035156,68.9000015258789,6729.0
2024-10-25 15:30:00+00:00,DTSS,2.450000047683716,2.450000047683716,2.450000047683716,2.450000047683716,2.450000047683716,100.0
2024-10-25 15:30:00+00:00,DUOL,291.4150085449219,291.4150085449219,291.4150085449219,291.4150085449219,291.4150085449219,3375.0
2024-10-25 15:30:00+00:00,EEFT,100.4800033569336,100.4800033569336,100.4800033569336,100.44000244140625,100.45999908447266,1121.0
2024-10-25 15:30:00+00:00,EGAN,4.78000020980835,4.78000020980835,4.78000020980835,4.78000020980835,4.78000020980835,136.0
2024-10-25 15:30:00+00:00,ENPH,83.66000366210938,83.66000366210938,83.80000305175781,83.66000366210938,83.7750015258789,6982.0
2024-10-25 15:30:00+00:00,ENTG,105.01000213623047,105.01000213623047,105.07499694824219,105.01000213623047,105.07499694824219,3766.0
2024-10-25 15:30:00+00:00,ERIC,8.465999603271484,8.465999603271484,8.470000267028809,8.460000038146973,8.470000267028809,35621.0
2024-10-25 15:30:00+00:00,EXFY,1.725000023841858,1.725000023841858,1.725000023841858,1.725000023841858,1.725000023841858,1044.0
2024-10-25 15:30:00+00:00,EXLS,38.40999984741211,38.40999984741211,38.45000076293945,38.40999984741211,38.41999816894531,13583.0
2024-10-25 15:30:00+00:00,EXTR,14.335000038146973,14.335000038146973,14.350000381469727,14.335000038146973,14.350000381469727,2685.0
2024-10-25 15:30:00+00:00,FFIV,216.47999572753906,216.47999572753906,216.52000427246094,216.42250061035156,216.4499969482422,2886.0
2024-10-25 15:30:00+00:00,FIVN,29.850000381469727,29.850000381469727,29.850000381469727,29.80500030517578,29.80500030517578,3469.0
2024-10-25 15:30:00+00:00,FLEX,35.13100051879883,35.13100051879883,35.14500045776367,35.119998931884766,35.14500045776367,9104.0
2024-10-25 15:30:00+00:00,FLYW,17.31999969482422,17.31999969482422,17.31999969482422,17.31999969482422,17.31999969482422,590.0
2024-10-25 15:30:00+00:00,FROG,29.229999542236328,29.229999542236328,29.239999771118164,29.229999542236328,29.239999771118164,661.0
2024-10-25 15:30:00+00:00,FRSH,11.59000015258789,11.59000015258789,11.59000015258789,11.585000038146973,11.585000038146973,2126.0
2024-10-25 15:30:00+00:00,FSLR,198.33999633789062,198.33999633789062,198.5919952392578,198.33999633789062,198.56500244140625,2745.0
2024-10-25 15:30:00+00:00,FTCI,0.6543999910354614,0.6543999910354614,0.6543999910354614,0.652999997138977,0.652999997138977,5727.0
2024-10-25 15:30:00+00:00,FTNT,80.48999786376953,80.48999786376953,80.48999786376953,80.41999816894531,80.43499755859375,8322.0
2024-10-25 15:30:00+00:00,GCT,24.5,24.5,24.510000228881836,24.5,24.510000228881836,1039.0
2024-10-25 15:30:00+00:00,GDS,21.32990074157715,21.32990074157715,21.334999084472656,21.30500030517578,21.329999923706055,5028.0
2024-10-25 15:30:00+00:00,GFS,40.40999984741211,40.40999984741211,40.43000030517578,40.40999984741211,40.43000030517578,2442.0
2024-10-25 15:30:00+00:00,GILT,4.929999828338623,4.929999828338623,4.929999828338623,4.929999828338623,4.929999828338623,873.0
2024-10-25 15:30:00+00:00,GPRO,1.2999999523162842,1.2999999523162842,1.3049999475479126,1.2999999523162842,1.2999999523162842,2039.0
2024-10-25 15:30:00+00:00,GRAB,4.085000038146973,4.085000038146973,4.090000152587891,4.085000038146973,4.085000038146973,19080.0
2024-10-25 15:30:00+00:00,GRRR,4.469900131225586,4.469900131225586,4.469900131225586,4.469900131225586,4.469900131225586,347.0
2024-10-25 15:30:00+00:00,GSIT,3.4000000953674316,3.4000000953674316,3.4000000953674316,3.4000000953674316,3.4000000953674316,280.0
2024-10-25 15:30:00+00:00,GTLB,54.88999938964844,54.88999938964844,54.900001525878906,54.875,54.875,1546.0
2024-10-25 15:30:00+00:00,HCKT,24.559999465942383,24.559999465942383,24.559999465942383,24.559999465942383,24.559999465942383,243.0
2024-10-25 15:30:00+00:00,HCP,33.6349983215332,33.6349983215332,33.63999938964844,33.630001068115234,33.63999938964844,2424.0
2024-10-25 15:30:00+00:00,HLIT,14.779999732971191,14.779999732971191,14.779999732971191,14.779999732971191,14.779999732971191,479.0
2024-10-25 15:30:00+00:00,HOLO,3.625,3.625,3.625,3.625,3.625,489.0
2024-10-25 15:30:00+00:00,HOOD,27.020000457763672,27.020000457763672,27.06999969482422,27.020000457763672,27.059999465942383,30499.0
2024-10-25 15:30:00+00:00,IDAI,0.22179999947547913,0.22179999947547913,0.22190000116825104,0.22179999947547913,0.22190000116825104,6400.0
2024-10-25 15:30:00+00:00,IFBD,1.940000057220459,1.940000057220459,1.940000057220459,1.940000057220459,1.940000057220459,1000.0
2024-10-25 15:30:00+00:00,INDI,3.484999895095825,3.484999895095825,3.484999895095825,3.4800000190734863,3.4800000190734863,1921.0
2024-10-25 15:30:00+00:00,INFN,6.764999866485596,6.764999866485596,6.769999980926514,6.760000228881836,6.769999980926514,3523.0
2024-10-25 15:30:00+00:00,INOD,20.075000762939453,20.075000762939453,20.079999923706055,20.059999465942383,20.059999465942383,3541.0
2024-10-25 15:30:00+00:00,INSG,19.8700008392334,19.8700008392334,19.979999542236328,19.8700008392334,19.979999542236328,4076.0
2024-10-25 15:30:00+00:00,INTA,50.04999923706055,50.04999923706055,50.04999923706055,50.04999923706055,50.04999923706055,378.0
2024-10-25 15:30:00+00:00,INTC,22.795000076293945,22.795000076293945,22.809999465942383,22.790000915527344,22.809999465942383,117488.0
2024-10-25 15:30:00+00:00,INTU,609.0449829101562,609.0449829101562,609.0449829101562,608.6699829101562,608.6699829101562,5949.0
2024-10-25 15:30:00+00:00,ITI,7.199999809265137,7.199999809265137,7.199999809265137,7.199999809265137,7.199999809265137,522.0
2024-10-25 15:30:00+00:00,ITRI,102.36000061035156,102.36000061035156,102.36000061035156,102.36000061035156,102.36000061035156,626.0
2024-10-25 15:30:00+00:00,JAMF,16.75,16.75,16.78499984741211,16.75,16.78499984741211,3636.0
2024-10-25 15:30:00+00:00,JKHY,183.14500427246094,183.14500427246094,183.1699981689453,183.14500427246094,183.1699981689453,825.0
2024-10-25 15:30:00+00:00,KLAC,675.2899780273438,675.2899780273438,675.8699951171875,675.27001953125,675.8699951171875,4439.0
2024-10-25 15:30:00+00:00,KLIC,44.52000045776367,44.52000045776367,44.52000045776367,44.514801025390625,44.514801025390625,1181.0
2024-10-25 15:30:00+00:00,KOPN,0.7821999788284302,0.7821999788284302,0.7821999788284302,0.7821999788284302,0.7821999788284302,648.0
2024-10-25 15:30:00+00:00,LFUS,253.66000366210938,253.66000366210938,253.66000366210938,253.66000366210938,253.66000366210938,273.0
2024-10-25 15:30:00+00:00,LINK,4.980000019073486,4.980000019073486,4.989999771118164,4.835100173950195,4.940000057220459,3623.0
2024-10-25 15:30:00+00:00,LITE,64.47000122070312,64.47000122070312,64.55500030517578,64.47000122070312,64.55500030517578,3676.0
2024-10-25 15:30:00+00:00,LOGI,80.76499938964844,80.76499938964844,80.76499938964844,80.76499938964844,80.76499938964844,418.0
2024-10-25 15:30:00+00:00,LPSN,1.1649999618530273,1.1649999618530273,1.1649999618530273,1.1649999618530273,1.1649999618530273,221.0
2024-10-25 15:30:00+00:00,LRCX,78.1500015258789,78.1500015258789,78.19499969482422,78.13999938964844,78.19000244140625,31044.0
2024-10-25 15:30:00+00:00,LSCC,54.02000045776367,54.02000045776367,54.08000183105469,54.0,54.08000183105469,8272.0
2024-10-25 15:30:00+00:00,LTRX,4.090000152587891,4.090000152587891,4.090000152587891,4.090000152587891,4.090000152587891,180.0
2024-10-25 15:30:00+00:00,LYFT,13.579000473022461,13.579000473022461,13.59000015258789,13.5600004196167,13.585000038146973,112538.0
2024-10-25 15:30:00+00:00,MANH,275.8399963378906,275.8399963378906,275.8399963378906,275.8399963378906,275.8399963378906,2088.0
2024-10-25 15:30:00+00:00,MAXN,5.75,5.75,5.7820000648498535,5.75,5.7820000648498535,7304.0
2024-10-25 15:30:00+00:00,MCHP,76.5999984741211,76.5999984741211,76.68000030517578,76.59500122070312,76.68000030517578,11741.0
2024-10-25 15:30:00+00:00,MDB,267.4049987792969,267.4049987792969,267.4599914550781,267.3525085449219,267.4200134277344,1552.0
2024-10-25 15:30:00+00:00,MKSI,101.05249786376953,101.05249786376953,101.08999633789062,101.05249786376953,101.08999633789062,1625.0
2024-10-25 15:30:00+00:00,MNDO,1.975000023841858,1.975000023841858,1.975000023841858,1.975000023841858,1.975000023841858,400.0
2024-10-25 15:30:00+00:00,MNDY,297.7950134277344,297.7950134277344,297.7950134277344,297.7950134277344,297.7950134277344,442.0
2024-10-25 15:30:00+00:00,MPWR,908.4677734375,908.4677734375,909.35498046875,908.2100219726562,908.9199829101562,1816.0
2024-10-25 15:30:00+00:00,MQ,5.309999942779541,5.309999942779541,5.309999942779541,5.304999828338623,5.304999828338623,1009.0
2024-10-25 15:30:00+00:00,MRVL,81.9000015258789,81.9000015258789,81.9800033569336,81.87999725341797,81.97000122070312,18191.0
2024-10-25 15:30:00+00:00,MSFT,428.44000244140625,428.44000244140625,428.5799865722656,428.3699951171875,428.510009765625,40919.0
2024-10-25 15:30:00+00:00,MSTR,232.73500061035156,232.73500061035156,233.29200744628906,232.5,233.1999969482422,80404.0
2024-10-25 15:30:00+00:00,MTSI,121.26000213623047,121.26000213623047,121.26499938964844,121.20999908447266,121.26499938964844,1867.0
2024-10-25 15:30:00+00:00,MTTR,4.565000057220459,4.565000057220459,4.565000057220459,4.559999942779541,4.559999942779541,4291.0
2024-10-25 15:30:00+00:00,MU,108.11100006103516,108.11100006103516,108.25,108.0999984741211,108.25,25186.0
2024-10-25 15:30:00+00:00,MVIS,1.0700000524520874,1.0700000524520874,1.0700000524520874,1.0700000524520874,1.0700000524520874,6687.0
2024-10-25 15:30:00+00:00,MXL,14.770000457763672,14.770000457763672,14.779999732971191,14.760000228881836,14.760000228881836,3343.0
2024-10-25 15:30:00+00:00,NCNO,37.900001525878906,37.900001525878906,37.900001525878906,37.88999938964844,37.88999938964844,2413.0
2024-10-25 15:30:00+00:00,NICE,174.55999755859375,174.55999755859375,174.55999755859375,174.47000122070312,174.47000122070312,1603.0
2024-10-25 15:30:00+00:00,NTAP,119.73999786376953,119.73999786376953,119.75599670410156,119.71499633789062,119.75,2721.0
2024-10-25 15:30:00+00:00,NTGR,20.299999237060547,20.299999237060547,20.299999237060547,20.299999237060547,20.299999237060547,380.0
2024-10-25 15:30:00+00:00,NTNX,61.665000915527344,61.665000915527344,61.709999084472656,61.650001525878906,61.66999816894531,5266.0
2024-10-25 15:30:00+00:00,NVDA,141.92999267578125,141.92999267578125,141.97000122070312,141.8800048828125,141.94500732421875,208029.0
2024-10-25 15:30:00+00:00,NVEI,33.4900016784668,33.4900016784668,33.494998931884766,33.4900016784668,33.4900016784668,1304.0
2024-10-25 15:30:00+00:00,NVTS,2.5199999809265137,2.5199999809265137,2.5250000953674316,2.5199999809265137,2.5250000953674316,981.0
2024-10-25 15:30:00+00:00,NXPI,243.49000549316406,243.49000549316406,243.61000061035156,243.39999389648438,243.58999633789062,4770.0
2024-10-25 15:30:00+00:00,OKTA,72.22000122070312,72.22000122070312,72.22000122070312,72.1500015258789,72.16999816894531,6648.0
2024-10-25 15:30:00+00:00,OLED,202.75,202.75,202.75,202.6999969482422,202.6999969482422,2430.0
2024-10-25 15:30:00+00:00,ON,71.2699966430664,71.2699966430664,71.2699966430664,71.20999908447266,71.24500274658203,35398.0
2024-10-25 15:30:00+00:00,OSPN,14.5600004196167,14.5600004196167,14.5600004196167,14.5600004196167,14.5600004196167,559.0
2024-10-25 15:30:00+00:00,OTEX,33.209999084472656,33.209999084472656,33.209999084472656,33.209999084472656,33.209999084472656,220.0
2024-10-25 15:30:00+00:00,PANW,366.125,366.125,366.1499938964844,365.9649963378906,366.1449890136719,3432.0
2024-10-25 15:30:00+00:00,PAYO,8.34000015258789,8.34000015258789,8.345000267028809,8.34000015258789,8.345000267028809,2845.0
2024-10-25 15:30:00+00:00,PAYS,3.700000047683716,3.700000047683716,3.700000047683716,3.700000047683716,3.700000047683716,1786.0
2024-10-25 15:30:00+00:00,PCTY,173.7100067138672,173.7100067138672,173.74000549316406,173.64500427246094,173.74000549316406,1989.0
2024-10-25 15:30:00+00:00,PEGA,79.81900024414062,79.81900024414062,79.83499908447266,79.7249984741211,79.83499908447266,3316.0
2024-10-25 15:30:00+00:00,PET,0.8109999895095825,0.8109999895095825,0.8109999895095825,0.8109999895095825,0.8109999895095825,366.0
2024-10-25 15:30:00+00:00,PGY,11.920000076293945,11.920000076293945,11.920000076293945,11.920000076293945,11.920000076293945,1509.0
2024-10-25 15:30:00+00:00,PHUN,10.470000267028809,10.470000267028809,10.5,10.449999809265137,10.494999885559082,49034.0
2024-10-25 15:30:00+00:00,PI,201.63999938964844,201.63999938964844,201.6699981689453,201.2949981689453,201.2949981689453,5845.0
2024-10-25 15:30:00+00:00,PLUS,97.94999694824219,97.94999694824219,97.94999694824219,97.94999694824219,97.94999694824219,413.0
2024-10-25 15:30:00+00:00,PLXS,141.3000030517578,141.3000030517578,141.3000030517578,141.14999389648438,141.14999389648438,2114.0
2024-10-25 15:30:00+00:00,POET,3.8480000495910645,3.8480000495910645,3.8480000495910645,3.8480000495910645,3.8480000495910645,240.0
2024-10-25 15:30:00+00:00,PRCH,1.2949999570846558,1.2949999570846558,1.2949999570846558,1.2949999570846558,1.2949999570846558,658.0
2024-10-25 15:30:00+00:00,PRGS,64.6500015258789,64.6500015258789,64.6500015258789,64.63999938964844,64.63999938964844,1850.0
2024-10-25 15:30:00+00:00,PRTH,5.275000095367432,5.275000095367432,5.275000095367432,5.275000095367432,5.275000095367432,609.0
2024-10-25 15:30:00+00:00,PYCR,14.305000305175781,14.305000305175781,14.305000305175781,14.300000190734863,14.300000190734863,814.0
2024-10-25 15:30:00+00:00,QCOM,170.5,170.5,170.63999938964844,170.47999572753906,170.63999938964844,15117.0
2024-10-25 15:30:00+00:00,QLYS,120.6449966430664,120.6449966430664,120.6449966430664,120.56999969482422,120.56999969482422,961.0
2024-10-25 15:30:00+00:00,QRVO,99.66000366210938,99.66000366210938,99.69000244140625,99.63999938964844,99.69000244140625,3801.0
2024-10-25 15:30:00+00:00,QUIK,8.5600004196167,8.5600004196167,8.5600004196167,8.5600004196167,8.5600004196167,219.0
2024-10-25 15:30:00+00:00,REKR,1.0850000381469727,1.0850000381469727,1.0850000381469727,1.0800000429153442,1.0850000381469727,453.0
2024-10-25 15:30:00+00:00,RELY,14.895000457763672,14.895000457763672,14.895000457763672,14.895000457763672,14.895000457763672,927.0
2024-10-25 15:30:00+00:00,RGTI,1.225000023841858,1.225000023841858,1.2300000190734863,1.225000023841858,1.225000023841858,21244.0
2024-10-25 15:30:00+00:00,RIOT,9.72599983215332,9.72599983215332,9.749899864196777,9.720100402832031,9.744999885559082,34827.0
2024-10-25 15:30:00+00:00,RMBS,43.369998931884766,43.369998931884766,43.375,43.36000061035156,43.36000061035156,2308.0
2024-10-25 15:30:00+00:00,RMNI,1.7200000286102295,1.7200000286102295,1.7200000286102295,1.715000033378601,1.715000033378601,147.0
2024-10-25 15:30:00+00:00,RPAY,7.735000133514404,7.735000133514404,7.744999885559082,7.730000019073486,7.744999885559082,16500.0
2024-10-25 15:30:00+00:00,RPD,39.029998779296875,39.029998779296875,39.029998779296875,39.000999450683594,39.000999450683594,733.0
2024-10-25 15:30:00+00:00,RUM,5.715000152587891,5.715000152587891,5.724999904632568,5.715000152587891,5.71999979019165,6474.0
2024-10-25 15:30:00+00:00,RUN,14.414999961853027,14.414999961853027,14.425000190734863,14.40999984741211,14.414999961853027,12496.0
2024-10-25 15:30:00+00:00,SEDG,15.968999862670898,15.968999862670898,15.989999771118164,15.9399995803833,15.989999771118164,19640.0
2024-10-25 15:30:00+00:00,SHLS,5.235000133514404,5.235000133514404,5.239999771118164,5.230000019073486,5.230000019073486,3429.0
2024-10-25 15:30:00+00:00,SIMO,56.15999984741211,56.15999984741211,56.15999984741211,56.15999984741211,56.15999984741211,356.0
2024-10-25 15:30:00+00:00,SITM,178.07000732421875,178.07000732421875,178.3699951171875,178.07000732421875,178.36000061035156,1526.0
2024-10-25 15:30:00+00:00,SKYT,10.460000038146973,10.460000038146973,10.460000038146973,10.450200080871582,10.450200080871582,3926.0
2024-10-25 15:30:00+00:00,SMCI,47.47999954223633,47.47999954223633,47.5265998840332,47.470001220703125,47.525001525878906,23702.0
2024-10-25 15:30:00+00:00,SMTC,45.77000045776367,45.77000045776367,45.77000045776367,45.77000045776367,45.77000045776367,557.0
2024-10-25 15:30:00+00:00,SNPS,501.9849853515625,501.9849853515625,501.9849853515625,501.6499938964844,501.6499938964844,1287.0
2024-10-25 15:30:00+00:00,SOUN,5.175000190734863,5.175000190734863,5.179200172424316,5.170000076293945,5.175000190734863,10423.0
2024-10-25 15:30:00+00:00,SPI,0.41499999165534973,0.41499999165534973,0.41510000824928284,0.41499999165534973,0.41510000824928284,7479.0
2024-10-25 15:30:00+00:00,SPSC,170.0,170.0,170.0,170.0,170.0,1289.0
2024-10-25 15:30:00+00:00,SPT,26.8700008392334,26.8700008392334,26.8700008392334,26.8700008392334,26.8700008392334,672.0
2024-10-25 15:30:00+00:00,SRAD,12.3100004196167,12.3100004196167,12.319999694824219,12.303000450134277,12.3100004196167,3250.0
2024-10-25 15:30:00+00:00,SSNC,70.26000213623047,70.26000213623047,70.26000213623047,70.2249984741211,70.26000213623047,13493.0
2024-10-25 15:30:00+00:00,SSYS,7.039999961853027,7.039999961853027,7.039999961853027,7.014999866485596,7.01800012588501,9155.0
2024-10-25 15:30:00+00:00,STNE,11.515000343322754,11.515000343322754,11.53499984741211,11.515000343322754,11.53499984741211,6670.0
2024-10-25 15:30:00+00:00,STX,103.55999755859375,103.55999755859375,103.69499969482422,103.55000305175781,103.69499969482422,3868.0
2024-10-25 15:30:00+00:00,SURG,1.7400000095367432,1.7400000095367432,1.7400000095367432,1.7400000095367432,1.7400000095367432,1.0
2024-10-25 15:30:00+00:00,SWKS,95.69000244140625,95.69000244140625,95.70999908447266,95.69000244140625,95.69000244140625,3355.0
2024-10-25 15:30:00+00:00,SYTA,1.2900999784469604,1.2900999784469604,1.2900999784469604,1.2900999784469604,1.2900999784469604,1700.0
2024-10-25 15:30:00+00:00,TAOP,0.47999998927116394,0.47999998927116394,0.47999998927116394,0.4749999940395355,0.4749999940395355,21440.0
2024-10-25 15:30:00+00:00,TASK,11.979999542236328,11.979999542236328,11.979999542236328,11.979999542236328,11.979999542236328,1098.0
2024-10-25 15:30:00+00:00,TEAM,188.86500549316406,188.86500549316406,188.8800048828125,188.86500549316406,188.86500549316406,2315.0
2024-10-25 15:30:00+00:00,TENB,41.65999984741211,41.65999984741211,41.66999816894531,41.65999984741211,41.66999816894531,3080.0
2024-10-25 15:30:00+00:00,TER,112.05999755859375,112.05999755859375,112.13999938964844,112.05999755859375,112.13999938964844,6004.0
2024-10-25 15:30:00+00:00,TLS,3.565000057220459,3.565000057220459,3.565000057220459,3.565000057220459,3.565000057220459,351.0
2024-10-25 15:30:00+00:00,TRMB,60.900001525878906,60.900001525878906,60.91999816894531,60.900001525878906,60.90999984741211,1141.0
2024-10-25 15:30:00+00:00,TTD,119.12999725341797,119.12999725341797,119.1969985961914,119.11000061035156,119.11000061035156,38469.0
2024-10-25 15:30:00+00:00,TTEC,5.349800109863281,5.349800109863281,5.349800109863281,5.349800109863281,5.349800109863281,1043.0
2024-10-25 15:30:00+00:00,TTMI,19.84000015258789,19.84000015258789,19.84000015258789,19.80500030517578,19.80500030517578,10191.0
2024-10-25 15:30:00+00:00,TWKS,4.445000171661377,4.445000171661377,4.445000171661377,4.445000171661377,4.445000171661377,435.0
2024-10-25 15:30:00+00:00,TXN,207.11000061035156,207.11000061035156,207.23500061035156,207.0800018310547,207.23500061035156,6806.0
2024-10-25 15:30:00+00:00,UCTT,35.7400016784668,35.7400016784668,35.75,35.7400016784668,35.7400016784668,1393.0
2024-10-25 15:30:00+00:00,VECO,29.299999237060547,29.299999237060547,29.309999465942383,29.28339958190918,29.309999465942383,2943.0
2024-10-25 15:30:00+00:00,VERI,3.434999942779541,3.434999942779541,3.434999942779541,3.434999942779541,3.434999942779541,378.0
2024-10-25 15:30:00+00:00,VERX,41.90999984741211,41.90999984741211,41.90999984741211,41.880001068115234,41.880001068115234,802.0
2024-10-25 15:30:00+00:00,VIAV,9.1850004196167,9.1850004196167,9.1899995803833,9.1850004196167,9.1850004196167,1097.0
2024-10-25 15:30:00+00:00,VMEO,4.75,4.75,4.755000114440918,4.75,4.755000114440918,1614.0
2024-10-25 15:30:00+00:00,VNET,3.375,3.375,3.375,3.375,3.375,950.0
2024-10-25 15:30:00+00:00,VRNS,56.75,56.75,56.79899978637695,56.75,56.76499938964844,3523.0
2024-10-25 15:30:00+00:00,VRNT,21.809999465942383,21.809999465942383,21.809999465942383,21.799999237060547,21.799999237060547,2440.0
2024-10-25 15:30:00+00:00,VRSN,182.1300048828125,182.1300048828125,182.1699981689453,182.05299377441406,182.05299377441406,3234.0
2024-10-25 15:30:00+00:00,VSAT,10.239999771118164,10.239999771118164,10.239999771118164,10.220000267028809,10.220000267028809,4256.0
2024-10-25 15:30:00+00:00,WATT,0.5849999785423279,0.5849999785423279,0.5849999785423279,0.5699999928474426,0.5699999928474426,3700.0
2024-10-25 15:30:00+00:00,WDAY,238.01699829101562,238.01699829101562,238.08999633789062,237.97000122070312,237.97999572753906,5324.0
2024-10-25 15:30:00+00:00,WDC,70.21099853515625,70.21099853515625,70.38999938964844,70.21099853515625,70.38999938964844,29249.0
2024-10-25 15:30:00+00:00,WISA,1.9600000381469727,1.9600000381469727,1.9900000095367432,1.9500000476837158,1.9800000190734863,4301.0
2024-10-25 15:30:00+00:00,WIX,164.57000732421875,164.57000732421875,164.57000732421875,164.57000732421875,164.57000732421875,1285.0
2024-10-25 15:30:00+00:00,WLDS,3.5899999141693115,3.5899999141693115,3.5999999046325684,3.5899999141693115,3.5999999046325684,1258.0
2024-10-25 15:30:00+00:00,XPER,9.395000457763672,9.395000457763672,9.395000457763672,9.395000457763672,9.395000457763672,1063.0
2024-10-25 15:30:00+00:00,ZI,10.475000381469727,10.475000381469727,10.484999656677246,10.470000267028809,10.484999656677246,10237.0
2024-10-25 15:30:00+00:00,ZM,72.94000244140625,72.94000244140625,72.97000122070312,72.94000244140625,72.95999908447266,9419.0
2024-10-25 15:30:00+00:00,ZS,184.8699951171875,184.8699951171875,184.8800048828125,184.8074951171875,184.8074951171875,1778.0
2024-10-25 15:31:00+00:00,AAOI,17.547300338745117,17.547300338745117,17.549999237060547,17.53499984741211,17.540000915527344,1637.0
2024-10-25 15:31:00+00:00,AAPL,231.57009887695312,231.57009887695312,231.61500549316406,231.5449981689453,231.55499267578125,52111.0
2024-10-25 15:31:00+00:00,ACIW,48.77000045776367,48.77000045776367,48.84000015258789,48.77000045776367,48.8390007019043,3609.0
2024-10-25 15:31:00+00:00,ACLS,89.83999633789062,89.83999633789062,89.8499984741211,89.83499908447266,89.83499908447266,1732.0
2024-10-25 15:31:00+00:00,ACMR,19.6299991607666,19.6299991607666,19.6299991607666,19.6299991607666,19.6299991607666,882.0
2024-10-25 15:31:00+00:00,ADBE,483.6300048828125,483.6300048828125,483.6300048828125,483.2699890136719,483.42498779296875,5109.0
2024-10-25 15:31:00+00:00,ADI,230.94749450683594,230.94749450683594,231.0,230.94749450683594,231.0,1720.0
2024-10-25 15:31:00+00:00,ADSK,286.45001220703125,286.45001220703125,286.45001220703125,286.31500244140625,286.4100036621094,3888.0
2024-10-25 15:31:00+00:00,AEHR,17.0049991607666,17.0049991607666,17.0049991607666,16.979999542236328,16.985000610351562,3082.0
2024-10-25 15:31:00+00:00,AFRM,41.18000030517578,41.18000030517578,41.224998474121094,41.18000030517578,41.20000076293945,6242.0
2024-10-25 15:31:00+00:00,AGYS,110.56700134277344,110.56700134277344,110.56700134277344,110.52999877929688,110.52999877929688,864.0
2024-10-25 15:31:00+00:00,AKAM,101.71499633789062,101.71499633789062,101.71499633789062,101.69999694824219,101.70999908447266,1807.0
2024-10-25 15:31:00+00:00,AKTS,0.05999999865889549,0.05999999865889549,0.05999999865889549,0.05990000069141388,0.05999999865889549,20200.0
2024-10-25 15:31:00+00:00,ALGM,23.145000457763672,23.145000457763672,23.155000686645508,23.145000457763672,23.155000686645508,6248.0
2024-10-25 15:31:00+00:00,ALKT,38.29499816894531,38.29499816894531,38.29499816894531,38.290000915527344,38.290000915527344,610.0
2024-10-25 15:31:00+00:00,ALRM,54.369998931884766,54.369998931884766,54.369998931884766,54.33000183105469,54.349998474121094,1355.0
2024-10-25 15:31:00+00:00,ALTR,103.87000274658203,103.87000274658203,103.87999725341797,103.87000274658203,103.87000274658203,903.0
2024-10-25 15:31:00+00:00,AMAT,187.35000610351562,187.35000610351562,187.35000610351562,187.1300048828125,187.14500427246094,5329.0
2024-10-25 15:31:00+00:00,AMBA,57.68000030517578,57.68000030517578,57.68000030517578,57.68000030517578,57.68000030517578,430.0
2024-10-25 15:31:00+00:00,AMD,156.35000610351562,156.35000610351562,156.3800048828125,156.26800537109375,156.26800537109375,44460.0
2024-10-25 15:31:00+00:00,AMKR,30.020000457763672,30.020000457763672,30.020000457763672,30.006999969482422,30.010000228881836,2330.0
2024-10-25 15:31:00+00:00,ANSS,323.93499755859375,323.93499755859375,323.93499755859375,323.93499755859375,323.93499755859375,401.0
2024-10-25 15:31:00+00:00,API,2.875,2.875,2.875,2.875,2.875,400.0
2024-10-25 15:31:00+00:00,APP,161.75,161.75,161.75,161.6999969482422,161.72500610351562,3923.0
2024-10-25 15:31:00+00:00,APPF,211.69000244140625,211.69000244140625,212.03500366210938,211.69000244140625,211.94000244140625,2148.0
2024-10-25 15:31:00+00:00,APPN,32.2599983215332,32.2599983215332,32.26499938964844,32.250999450683594,32.26499938964844,977.0
2024-10-25 15:31:00+00:00,APPS,3.065999984741211,3.065999984741211,3.065999984741211,3.063999891281128,3.063999891281128,1477.0
2024-10-25 15:31:00+00:00,ARRY,6.440000057220459,6.440000057220459,6.454999923706055,6.440000057220459,6.454999923706055,5512.0
2024-10-25 15:31:00+00:00,ASML,713.510009765625,713.510009765625,713.5900268554688,713.4600219726562,713.4600219726562,7650.0
2024-10-25 15:31:00+00:00,ASNS,1.2999999523162842,1.2999999523162842,1.2999999523162842,1.2999999523162842,1.2999999523162842,219.0
2024-10-25 15:31:00+00:00,ASYS,5.860000133514404,5.860000133514404,5.860000133514404,5.860000133514404,5.860000133514404,108.0
2024-10-25 15:31:00+00:00,AUR,6.385000228881836,6.385000228881836,6.389999866485596,6.385000228881836,6.385000228881836,6943.0
2024-10-25 15:31:00+00:00,AVDX,8.085000038146973,8.085000038146973,8.09000015258789,8.085000038146973,8.09000015258789,3008.0
2024-10-25 15:31:00+00:00,AVGO,173.7949981689453,173.7949981689453,173.7949981689453,173.63999938964844,173.6875,23714.0
2024-10-25 15:31:00+00:00,AVNW,20.700000762939453,20.700000762939453,20.700000762939453,20.700000762939453,20.700000762939453,613.0
2024-10-25 15:31:00+00:00,AVPT,11.904999732971191,11.904999732971191,11.904999732971191,11.904999732971191,11.904999732971191,494.0
2024-10-25 15:31:00+00:00,AVT,54.11000061035156,54.11000061035156,54.11000061035156,54.10499954223633,54.10499954223633,1306.0
2024-10-25 15:31:00+00:00,AZPN,237.86500549316406,237.86500549316406,237.86500549316406,237.86500549316406,237.86500549316406,556.0
2024-10-25 15:31:00+00:00,BAND,17.84000015258789,17.84000015258789,17.84000015258789,17.84000015258789,17.84000015258789,526.0
2024-10-25 15:31:00+00:00,BELFB,78.6500015258789,78.6500015258789,78.66000366210938,78.6500015258789,78.66000366210938,1240.0
2024-10-25 15:31:00+00:00,BL,56.310001373291016,56.310001373291016,56.33000183105469,56.310001373291016,56.33000183105469,2074.0
2024-10-25 15:31:00+00:00,BMBL,7.119999885559082,7.119999885559082,7.119999885559082,7.119999885559082,7.119999885559082,923.0
2024-10-25 15:31:00+00:00,BRZE,30.530000686645508,30.530000686645508,30.530000686645508,30.520000457763672,30.520000457763672,2905.0
2024-10-25 15:31:00+00:00,CAMT,77.81999969482422,77.81999969482422,77.81999969482422,77.73999786376953,77.73999786376953,2953.0
2024-10-25 15:31:00+00:00,CDNS,257.4800109863281,257.4800109863281,257.6199951171875,257.4800109863281,257.6199951171875,7397.0
2024-10-25 15:31:00+00:00,CDW,217.66000366210938,217.66000366210938,217.66000366210938,217.63999938964844,217.63999938964844,806.0
2024-10-25 15:31:00+00:00,CFLT,22.40999984741211,22.40999984741211,22.410400390625,22.399999618530273,22.410400390625,4278.0
2024-10-25 15:31:00+00:00,CGNX,38.779998779296875,38.779998779296875,38.810001373291016,38.77000045776367,38.79499816894531,23385.0
2024-10-25 15:31:00+00:00,CHKP,206.19000244140625,206.19000244140625,206.19000244140625,206.0500030517578,206.0500030517578,896.0
2024-10-25 15:31:00+00:00,CLRO,0.5802000164985657,0.5802000164985657,0.5802000164985657,0.5800999999046326,0.5800999999046326,1726.0
2024-10-25 15:31:00+00:00,CLSK,11.530099868774414,11.530099868774414,11.539999961853027,11.514900207519531,11.524999618530273,73064.0
2024-10-25 15:31:00+00:00,CMTL,3.809999942779541,3.809999942779541,3.819999933242798,3.809999942779541,3.819999933242798,963.0
2024-10-25 15:31:00+00:00,CNDT,3.5950000286102295,3.5950000286102295,3.5950000286102295,3.5950000286102295,3.5950000286102295,1145.0
2024-10-25 15:31:00+00:00,CNXC,44.40999984741211,44.40999984741211,44.40999984741211,44.40999984741211,44.40999984741211,672.0
2024-10-25 15:31:00+00:00,COHR,95.58000183105469,95.58000183105469,95.62000274658203,95.5250015258789,95.5250015258789,3559.0
2024-10-25 15:31:00+00:00,COIN,204.5800018310547,204.5800018310547,205.0399932861328,204.5,204.88499450683594,54530.0
2024-10-25 15:31:00+00:00,COMM,6.215000152587891,6.215000152587891,6.227099895477295,6.215000152587891,6.21999979019165,16822.0
2024-10-25 15:31:00+00:00,CORZ,13.229999542236328,13.229999542236328,13.244999885559082,13.229999542236328,13.239999771118164,6498.0
2024-10-25 15:31:00+00:00,CRCT,6.559999942779541,6.559999942779541,6.559999942779541,6.559999942779541,6.559999942779541,101.0
2024-10-25 15:31:00+00:00,CRDO,39.150001525878906,39.150001525878906,39.16999816894531,39.150001525878906,39.150001525878906,1216.0
2024-10-25 15:31:00+00:00,CRSR,6.319699764251709,6.319699764251709,6.319900035858154,6.319699764251709,6.319900035858154,1075.0
2024-10-25 15:31:00+00:00,CRUS,122.32499694824219,122.32499694824219,122.32499694824219,122.32499694824219,122.32499694824219,245.0
2024-10-25 15:31:00+00:00,CRWD,299.3500061035156,299.3500061035156,299.44000244140625,299.1300048828125,299.2200012207031,12358.0
2024-10-25 15:31:00+00:00,CSCO,55.744998931884766,55.744998931884766,55.75,55.7400016784668,55.7400016784668,12124.0
2024-10-25 15:31:00+00:00,CSGS,47.310001373291016,47.310001373291016,47.34000015258789,47.310001373291016,47.34000015258789,1456.0
2024-10-25 15:31:00+00:00,CSIQ,13.345000267028809,13.345000267028809,13.369999885559082,13.345000267028809,13.369999885559082,4196.0
2024-10-25 15:31:00+00:00,CTSH,74.77999877929688,74.77999877929688,74.77999877929688,74.75,74.75,3921.0
2024-10-25 15:31:00+00:00,CYBR,290.5899963378906,290.5899963378906,290.5899963378906,290.1700134277344,290.3500061035156,4679.0
2024-10-25 15:31:00+00:00,DAKT,13.055000305175781,13.055000305175781,13.055000305175781,13.050000190734863,13.050000190734863,864.0
2024-10-25 15:31:00+00:00,DATS,1.5901000499725342,1.5901000499725342,1.5901000499725342,1.5901000499725342,1.5901000499725342,19.0
2024-10-25 15:31:00+00:00,DBX,26.05500030517578,26.05500030517578,26.065000534057617,26.05500030517578,26.059999465942383,12918.0
2024-10-25 15:31:00+00:00,DDOG,126.58000183105469,126.58000183105469,126.58999633789062,126.5,126.5250015258789,7616.0
2024-10-25 15:31:00+00:00,DGHI,1.4800000190734863,1.4800000190734863,1.4800000190734863,1.4800000190734863,1.4800000190734863,13294.0
2024-10-25 15:31:00+00:00,DGII,30.049999237060547,30.049999237060547,30.059999465942383,30.049999237060547,30.059999465942383,693.0
2024-10-25 15:31:00+00:00,DLO,8.8149995803833,8.8149995803833,8.8149995803833,8.8149995803833,8.8149995803833,1104.0
2024-10-25 15:31:00+00:00,DOCU,68.86000061035156,68.86000061035156,68.86000061035156,68.8499984741211,68.8550033569336,7987.0
2024-10-25 15:31:00+00:00,DOX,88.97000122070312,88.97000122070312,88.97000122070312,88.97000122070312,88.97000122070312,767.0
2024-10-25 15:31:00+00:00,DSGX,104.11000061035156,104.11000061035156,104.11000061035156,104.11000061035156,104.11000061035156,307.0
2024-10-25 15:31:00+00:00,DUOT,4.139999866485596,4.139999866485596,4.139999866485596,4.139999866485596,4.139999866485596,2094.0
2024-10-25 15:31:00+00:00,EEFT,100.41999816894531,100.41999816894531,100.4749984741211,100.41999816894531,100.4749984741211,1531.0
2024-10-25 15:31:00+00:00,ENPH,83.62000274658203,83.62000274658203,83.7300033569336,83.5999984741211,83.69000244140625,8569.0
2024-10-25 15:31:00+00:00,ENTG,105.44000244140625,105.44000244140625,105.53500366210938,105.04000091552734,105.04000091552734,93970.0
2024-10-25 15:31:00+00:00,ERIC,8.46500015258789,8.46500015258789,8.465999603271484,8.460000038146973,8.460100173950195,71163.0
2024-10-25 15:31:00+00:00,EVCM,10.40999984741211,10.40999984741211,10.40999984741211,10.40999984741211,10.40999984741211,621.0
2024-10-25 15:31:00+00:00,EXFY,1.725000023841858,1.725000023841858,1.725000023841858,1.725000023841858,1.725000023841858,296.0
2024-10-25 15:31:00+00:00,EXLS,38.57500076293945,38.57500076293945,38.57500076293945,38.400001525878906,38.415000915527344,142780.0
2024-10-25 15:31:00+00:00,EXTR,14.34000015258789,14.34000015258789,14.34000015258789,14.335000038146973,14.335000038146973,725.0
2024-10-25 15:31:00+00:00,FFIV,216.6199951171875,216.6199951171875,216.6199951171875,216.52999877929688,216.57000732421875,807.0
2024-10-25 15:31:00+00:00,FIVN,29.84000015258789,29.84000015258789,29.84000015258789,29.84000015258789,29.84000015258789,959.0
2024-10-25 15:31:00+00:00,FLEX,35.13999938964844,35.13999938964844,35.14500045776367,35.13999938964844,35.13999938964844,2189.0
2024-10-25 15:31:00+00:00,FLYW,17.31999969482422,17.31999969482422,17.325000762939453,17.31999969482422,17.325000762939453,3036.0
2024-10-25 15:31:00+00:00,FORM,44.7400016784668,44.7400016784668,44.7400016784668,44.7400016784668,44.7400016784668,269.0
2024-10-25 15:31:00+00:00,FROG,29.239999771118164,29.239999771118164,29.239999771118164,29.239999771118164,29.239999771118164,2796.0
2024-10-25 15:31:00+00:00,FRSH,11.585000038146973,11.585000038146973,11.59000015258789,11.579999923706055,11.59000015258789,4971.0
2024-10-25 15:31:00+00:00,FSLR,198.11000061035156,198.11000061035156,198.3800048828125,198.11000061035156,198.35000610351562,3520.0
2024-10-25 15:31:00+00:00,FTCI,0.6543999910354614,0.6543999910354614,0.6543999910354614,0.6543999910354614,0.6543999910354614,2639.0
2024-10-25 15:31:00+00:00,FTNT,80.58000183105469,80.58000183105469,80.58999633789062,80.51000213623047,80.51000213623047,6318.0
2024-10-25 15:31:00+00:00,GCT,24.514999389648438,24.514999389648438,24.519899368286133,24.5049991607666,24.519899368286133,1566.0
2024-10-25 15:31:00+00:00,GDS,21.290000915527344,21.290000915527344,21.309999465942383,21.290000915527344,21.30500030517578,0.0
2024-10-25 15:31:00+00:00,GFS,40.404998779296875,40.404998779296875,40.41999816894531,40.400001525878906,40.41999816894531,1972.0
2024-10-25 15:31:00+00:00,GNSS,3.9000000953674316,3.9000000953674316,3.9000000953674316,3.9000000953674316,3.9000000953674316,283.0
2024-10-25 15:31:00+00:00,GPRO,1.3049999475479126,1.3049999475479126,1.3049999475479126,1.2999999523162842,1.3049999475479126,893.0
2024-10-25 15:31:00+00:00,GRAB,4.085000038146973,4.085000038146973,4.085000038146973,4.081299781799316,4.085000038146973,16677.0
2024-10-25 15:31:00+00:00,GSIT,3.4000000953674316,3.4000000953674316,3.4000000953674316,3.4000000953674316,3.4000000953674316,268.0
2024-10-25 15:31:00+00:00,GTLB,54.85499954223633,54.85499954223633,54.900001525878906,54.85499954223633,54.88999938964844,3737.0
2024-10-25 15:31:00+00:00,HCKT,24.559999465942383,24.559999465942383,24.559999465942383,24.559999465942383,24.559999465942383,376.0
2024-10-25 15:31:00+00:00,HCP,33.6349983215332,33.6349983215332,33.63999938964844,33.630001068115234,33.6349983215332,3923.0
2024-10-25 15:31:00+00:00,HIMX,6.15500020980835,6.15500020980835,6.159999847412109,6.15500020980835,6.159999847412109,1802.0
2024-10-25 15:31:00+00:00,HOOD,27.030000686645508,27.030000686645508,27.040000915527344,27.020999908447266,27.024999618530273,12088.0
2024-10-25 15:31:00+00:00,IDAI,0.22120000422000885,0.22120000422000885,0.22179999947547913,0.22120000422000885,0.22179999947547913,0.0
2024-10-25 15:31:00+00:00,IIIV,22.8799991607666,22.8799991607666,22.889999389648438,22.8799991607666,22.889999389648438,1866.0
2024-10-25 15:31:00+00:00,IMMR,8.65999984741211,8.65999984741211,8.65999984741211,8.654999732971191,8.654999732971191,3715.0
2024-10-25 15:31:00+00:00,INDI,3.4749999046325684,3.4749999046325684,3.484999895095825,3.4749999046325684,3.4800000190734863,4667.0
2024-10-25 15:31:00+00:00,INFN,6.775000095367432,6.775000095367432,6.78000020980835,6.764999866485596,6.769899845123291,29905.0
2024-10-25 15:31:00+00:00,INOD,20.059999465942383,20.059999465942383,20.059999465942383,20.059999465942383,20.059999465942383,277.0
2024-10-25 15:31:00+00:00,INSG,19.885000228881836,19.885000228881836,19.899999618530273,19.885000228881836,19.899999618530273,3218.0
2024-10-25 15:31:00+00:00,INTA,50.06999969482422,50.06999969482422,50.06999969482422,50.040000915527344,50.040000915527344,613.0
2024-10-25 15:31:00+00:00,INTC,22.806400299072266,22.806400299072266,22.809999465942383,22.79330062866211,22.795000076293945,61084.0
2024-10-25 15:31:00+00:00,INTU,609.3499755859375,609.3499755859375,609.3499755859375,609.25,609.25,670.0
2024-10-25 15:31:00+00:00,INTZ,0.7409999966621399,0.7409999966621399,0.7409999966621399,0.7409999966621399,0.7409999966621399,10161.0
2024-10-25 15:31:00+00:00,ITRI,102.5999984741211,102.5999984741211,102.62000274658203,102.3550033569336,102.3550033569336,3503.0
2024-10-25 15:31:00+00:00,ITRN,27.364999771118164,27.364999771118164,27.364999771118164,27.364999771118164,27.364999771118164,450.0
2024-10-25 15:31:00+00:00,JAMF,16.760000228881836,16.760000228881836,16.760000228881836,16.7450008392334,16.75,13674.0
2024-10-25 15:31:00+00:00,JKHY,183.1300048828125,183.1300048828125,183.1300048828125,183.1300048828125,183.1300048828125,847.0
2024-10-25 15:31:00+00:00,KC,2.6700000762939453,2.6700000762939453,2.6700000762939453,2.6700000762939453,2.6700000762939453,252.0
2024-10-25 15:31:00+00:00,KLAC,676.72998046875,676.72998046875,676.72998046875,675.330078125,675.330078125,2379.0
2024-10-25 15:31:00+00:00,KLIC,44.529998779296875,44.529998779296875,44.540000915527344,44.52000045776367,44.525001525878906,2400.0
2024-10-25 15:31:00+00:00,KOPN,0.7821000218391418,0.7821000218391418,0.7821999788284302,0.7821000218391418,0.7821999788284302,12005.0
2024-10-25 15:31:00+00:00,KVHI,4.699999809265137,4.699999809265137,4.699999809265137,4.699999809265137,4.699999809265137,327.0
2024-10-25 15:31:00+00:00,LASR,10.404999732971191,10.404999732971191,10.404999732971191,10.404999732971191,10.404999732971191,252.0
2024-10-25 15:31:00+00:00,LFUS,253.47000122070312,253.47000122070312,253.47000122070312,253.47000122070312,253.47000122070312,860.0
2024-10-25 15:31:00+00:00,LINK,4.880000114440918,4.880000114440918,4.880000114440918,4.875,4.875,1240.0
2024-10-25 15:31:00+00:00,LITE,64.46499633789062,64.46499633789062,64.46499633789062,64.44999694824219,64.44999694824219,750.0
2024-10-25 15:31:00+00:00,LOGI,80.77999877929688,80.77999877929688,80.77999877929688,80.76499938964844,80.76499938964844,797.0
2024-10-25 15:31:00+00:00,LPTH,1.6699999570846558,1.6699999570846558,1.6699999570846558,1.659999966621399,1.659999966621399,671.0
2024-10-25 15:31:00+00:00,LRCX,78.24800109863281,78.24800109863281,78.25,78.1500015258789,78.1500015258789,26638.0
2024-10-25 15:31:00+00:00,LSCC,54.04999923706055,54.04999923706055,54.04999923706055,54.025001525878906,54.029998779296875,8838.0
2024-10-25 15:31:00+00:00,LTRX,4.09499979019165,4.09499979019165,4.09499979019165,4.090000152587891,4.090000152587891,606.0
2024-10-25 15:31:00+00:00,LYFT,13.539999961853027,13.539999961853027,13.579999923706055,13.524999618530273,13.574000358581543,133956.0
2024-10-25 15:31:00+00:00,LYTS,16.170000076293945,16.170000076293945,16.170000076293945,16.170000076293945,16.170000076293945,131.0
2024-10-25 15:31:00+00:00,MANH,275.6700134277344,275.6700134277344,275.6700134277344,275.6549987792969,275.6549987792969,747.0
2024-10-25 15:31:00+00:00,MCHP,76.6500015258789,76.6500015258789,76.66000366210938,76.61000061035156,76.61000061035156,7946.0
2024-10-25 15:31:00+00:00,MDB,267.4049987792969,267.4049987792969,267.4100036621094,267.3550109863281,267.3599853515625,673.0
2024-10-25 15:31:00+00:00,MGIC,11.135000228881836,11.135000228881836,11.135000228881836,11.135000228881836,11.135000228881836,184.0
2024-10-25 15:31:00+00:00,MITK,8.770000457763672,8.770000457763672,8.770000457763672,8.770000457763672,8.770000457763672,577.0
2024-10-25 15:31:00+00:00,MKSI,101.18000030517578,101.18000030517578,101.18000030517578,101.08999633789062,101.08999633789062,1202.0
2024-10-25 15:31:00+00:00,MPWR,909.4550170898438,909.4550170898438,909.5599975585938,909.0999755859375,909.0999755859375,754.0
2024-10-25 15:31:00+00:00,MQ,5.304999828338623,5.304999828338623,5.304999828338623,5.300000190734863,5.304999828338623,5361.0
2024-10-25 15:31:00+00:00,MRVL,81.9800033569336,81.9800033569336,81.9800033569336,81.91000366210938,81.91999816894531,10843.0
2024-10-25 15:31:00+00:00,MSFT,428.44500732421875,428.44500732421875,428.48480224609375,428.314697265625,428.4800109863281,12184.0
2024-10-25 15:31:00+00:00,MSTR,232.9552001953125,232.9552001953125,233.16000366210938,232.61000061035156,232.67799377441406,46375.0
2024-10-25 15:31:00+00:00,MTLS,5.914999961853027,5.914999961853027,5.914999961853027,5.914999961853027,5.914999961853027,266.0
2024-10-25 15:31:00+00:00,MTSI,121.19499969482422,121.19499969482422,121.19499969482422,121.18000030517578,121.18000030517578,1080.0
2024-10-25 15:31:00+00:00,MTTR,4.554999828338623,4.554999828338623,4.565000057220459,4.554999828338623,4.565000057220459,8951.0
2024-10-25 15:31:00+00:00,MU,108.18000030517578,108.18000030517578,108.20999908447266,108.1050033569336,108.1050033569336,11293.0
2024-10-25 15:31:00+00:00,MVIS,1.0750000476837158,1.0750000476837158,1.0750000476837158,1.0750000476837158,1.0750000476837158,6620.0
2024-10-25 15:31:00+00:00,MXL,14.755000114440918,14.755000114440918,14.779999732971191,14.755000114440918,14.779999732971191,4873.0
2024-10-25 15:31:00+00:00,NCNO,37.88999938964844,37.88999938964844,37.904998779296875,37.88999938964844,37.88999938964844,2675.0
2024-10-25 15:31:00+00:00,NICE,174.52499389648438,174.52499389648438,174.52499389648438,174.52499389648438,174.52499389648438,130.0
2024-10-25 15:31:00+00:00,NSIT,209.33999633789062,209.33999633789062,209.33999633789062,209.33999633789062,209.33999633789062,849.0
2024-10-25 15:31:00+00:00,NTAP,119.7699966430664,119.7699966430664,119.7699966430664,119.7699966430664,119.7699966430664,415.0
2024-10-25 15:31:00+00:00,NTCT,20.65999984741211,20.65999984741211,20.665000915527344,20.65999984741211,20.665000915527344,1625.0
2024-10-25 15:31:00+00:00,NTGR,20.315000534057617,20.315000534057617,20.315000534057617,20.315000534057617,20.315000534057617,466.0
2024-10-25 15:31:00+00:00,NTNX,61.689998626708984,61.689998626708984,61.69499969482422,61.66999816894531,61.66999816894531,2028.0
2024-10-25 15:31:00+00:00,NVDA,141.96009826660156,141.96009826660156,141.97000122070312,141.89999389648438,141.94000244140625,186781.0
2024-10-25 15:31:00+00:00,NVEI,33.494998931884766,33.494998931884766,33.494998931884766,33.494998931884766,33.494998931884766,1189.0
2024-10-25 15:31:00+00:00,NVTS,2.528899908065796,2.528899908065796,2.528899908065796,2.5199999809265137,2.523900032043457,725.0
2024-10-25 15:31:00+00:00,NXPI,243.56500244140625,243.56500244140625,243.61000061035156,243.4199981689453,243.4199981689453,4334.0
2024-10-25 15:31:00+00:00,OKTA,72.16999816894531,72.16999816894531,72.23999786376953,72.16500091552734,72.20500183105469,5968.0
2024-10-25 15:31:00+00:00,ON,71.29000091552734,71.29000091552734,71.3499984741211,71.2699966430664,71.2699966430664,19741.0
2024-10-25 15:31:00+00:00,OSPN,14.569999694824219,14.569999694824219,14.569999694824219,14.569999694824219,14.569999694824219,558.0
2024-10-25 15:31:00+00:00,OTEX,33.2400016784668,33.2400016784668,33.2400016784668,33.220001220703125,33.220001220703125,3189.0
2024-10-25 15:31:00+00:00,PANW,366.0299987792969,366.0299987792969,366.1319885253906,366.0299987792969,366.1300048828125,3670.0
2024-10-25 15:31:00+00:00,PAYO,8.345000267028809,8.345000267028809,8.345000267028809,8.34000015258789,8.345000267028809,5805.0
2024-10-25 15:31:00+00:00,PCTY,173.47999572753906,173.47999572753906,173.47999572753906,173.3699951171875,173.3699951171875,822.0
2024-10-25 15:31:00+00:00,PEGA,79.76000213623047,79.76000213623047,79.76000213623047,79.76000213623047,79.76000213623047,1501.0
2024-10-25 15:31:00+00:00,PET,0.7910000085830688,0.7910000085830688,0.7910000085830688,0.7910000085830688,0.7910000085830688,67.0
2024-10-25 15:31:00+00:00,PGY,11.90999984741211,11.90999984741211,11.914999961853027,11.90999984741211,11.914999961853027,755.0
2024-10-25 15:31:00+00:00,PHUN,10.425000190734863,10.425000190734863,10.468400001525879,10.390999794006348,10.46500015258789,15462.0
2024-10-25 15:31:00+00:00,PLAB,23.639999389648438,23.639999389648438,23.639999389648438,23.6299991607666,23.6299991607666,874.0
2024-10-25 15:31:00+00:00,PLXS,141.25,141.25,141.25,141.25,141.25,419.0
2024-10-25 15:31:00+00:00,POWI,63.22999954223633,63.22999954223633,63.22999954223633,63.22999954223633,63.22999954223633,664.0
2024-10-25 15:31:00+00:00,PRGS,64.69499969482422,64.69499969482422,64.69999694824219,64.69499969482422,64.69999694824219,653.0
2024-10-25 15:31:00+00:00,PTC,187.1999969482422,187.1999969482422,187.2949981689453,187.1999969482422,187.27000427246094,3823.0
2024-10-25 15:31:00+00:00,PYCR,14.3100004196167,14.3100004196167,14.324999809265137,14.305000305175781,14.3100004196167,5448.0
2024-10-25 15:31:00+00:00,QCOM,170.625,170.625,170.63999938964844,170.5399932861328,170.5399932861328,8703.0
2024-10-25 15:31:00+00:00,QLYS,120.63999938964844,120.63999938964844,120.63999938964844,120.61000061035156,120.61000061035156,1535.0
2024-10-25 15:31:00+00:00,QRVO,99.73999786376953,99.73999786376953,99.73999786376953,99.70999908447266,99.72000122070312,2860.0
2024-10-25 15:31:00+00:00,RCAT,2.7249999046325684,2.7249999046325684,2.7249999046325684,2.7249999046325684,2.7249999046325684,1163.0
2024-10-25 15:31:00+00:00,REKR,1.0850000381469727,1.0850000381469727,1.0850000381469727,1.0850000381469727,1.0850000381469727,218.0
2024-10-25 15:31:00+00:00,RELY,14.885000228881836,14.885000228881836,14.895000457763672,14.880000114440918,14.895000457763672,4188.0
2024-10-25 15:31:00+00:00,RGTI,1.2200000286102295,1.2200000286102295,1.225000023841858,1.2200000286102295,1.2201000452041626,95862.0
2024-10-25 15:31:00+00:00,RIOT,9.715700149536133,9.715700149536133,9.729999542236328,9.710000038146973,9.723799705505371,33325.0
2024-10-25 15:31:00+00:00,RMBS,43.380001068115234,43.380001068115234,43.38999938964844,43.380001068115234,43.38999938964844,2908.0
2024-10-25 15:31:00+00:00,RPAY,7.704999923706055,7.704999923706055,7.730000019073486,7.704999923706055,7.730000019073486,10107.0
2024-10-25 15:31:00+00:00,RPD,39.064998626708984,39.064998626708984,39.064998626708984,39.064998626708984,39.064998626708984,808.0
2024-10-25 15:31:00+00:00,RUN,14.414999961853027,14.414999961853027,14.420000076293945,14.404999732971191,14.414999961853027,16116.0
2024-10-25 15:31:00+00:00,SANM,67.55000305175781,67.55000305175781,67.55000305175781,67.55000305175781,67.55000305175781,490.0
2024-10-25 15:31:00+00:00,SATS,25.09000015258789,25.09000015258789,25.09000015258789,25.09000015258789,25.09000015258789,258.0
2024-10-25 15:31:00+00:00,SCSC,44.880001068115234,44.880001068115234,44.880001068115234,44.75,44.75,1762.0
2024-10-25 15:31:00+00:00,SCWX,8.369999885559082,8.369999885559082,8.369999885559082,8.369999885559082,8.369999885559082,122.0
2024-10-25 15:31:00+00:00,SEDG,15.9350004196167,15.9350004196167,15.960000038146973,15.930000305175781,15.960000038146973,5877.0
2024-10-25 15:31:00+00:00,SHLS,5.210000038146973,5.210000038146973,5.235000133514404,5.204999923706055,5.235000133514404,43669.0
2024-10-25 15:31:00+00:00,SIMO,56.189998626708984,56.189998626708984,56.189998626708984,56.15999984741211,56.15999984741211,1061.0
2024-10-25 15:31:00+00:00,SITM,178.08999633789062,178.08999633789062,178.08999633789062,178.0749969482422,178.0749969482422,1163.0
2024-10-25 15:31:00+00:00,SKYT,10.460000038146973,10.460000038146973,10.460000038146973,10.460000038146973,10.460000038146973,384.0
2024-10-25 15:31:00+00:00,SLAB,113.95999908447266,113.95999908447266,113.95999908447266,113.95999908447266,113.95999908447266,1058.0
2024-10-25 15:31:00+00:00,SMCI,47.4900016784668,47.4900016784668,47.49509811401367,47.435001373291016,47.474998474121094,29720.0
2024-10-25 15:31:00+00:00,SMTC,45.77000045776367,45.77000045776367,45.77000045776367,45.77000045776367,45.77000045776367,766.0
2024-10-25 15:31:00+00:00,SNCR,10.609999656677246,10.609999656677246,10.609999656677246,10.604999542236328,10.604999542236328,557.0
2024-10-25 15:31:00+00:00,SNPS,501.8299865722656,501.8299865722656,502.0,501.8299865722656,502.0,1192.0
2024-10-25 15:31:00+00:00,SONO,12.649999618530273,12.649999618530273,12.654999732971191,12.649999618530273,12.654999732971191,2585.0
2024-10-25 15:31:00+00:00,SOUN,5.190000057220459,5.190000057220459,5.190000057220459,5.170000076293945,5.170000076293945,39942.0
2024-10-25 15:31:00+00:00,SPNS,36.599998474121094,36.599998474121094,36.599998474121094,36.599998474121094,36.599998474121094,657.0
2024-10-25 15:31:00+00:00,SPSC,169.98500061035156,169.98500061035156,170.05999755859375,169.97000122070312,169.97000122070312,3392.0
2024-10-25 15:31:00+00:00,SPT,26.889999389648438,26.889999389648438,26.889999389648438,26.85099983215332,26.85099983215332,2632.0
2024-10-25 15:31:00+00:00,SRAD,12.305000305175781,12.305000305175781,12.3100004196167,12.300000190734863,12.300000190734863,2409.0
2024-10-25 15:31:00+00:00,SSNC,70.24500274658203,70.24500274658203,70.26000213623047,70.24500274658203,70.25,8698.0
2024-10-25 15:31:00+00:00,SSYS,7.025000095367432,7.025000095367432,7.03000020980835,7.019999980926514,7.03000020980835,2102.0
2024-10-25 15:31:00+00:00,STNE,11.515000343322754,11.515000343322754,11.520000457763672,11.512499809265137,11.515000343322754,17490.0
2024-10-25 15:31:00+00:00,STX,103.55999755859375,103.55999755859375,103.58499908447266,103.54000091552734,103.57499694824219,3017.0
2024-10-25 15:31:00+00:00,SVRE,0.07840000092983246,0.07840000092983246,0.07840000092983246,0.0778999999165535,0.0778999999165535,40965.0
2024-10-25 15:31:00+00:00,SWKS,95.73999786376953,95.73999786376953,95.73999786376953,95.70999908447266,95.70999908447266,2088.0
2024-10-25 15:31:00+00:00,SYNA,72.30000305175781,72.30000305175781,72.30000305175781,72.29499816894531,72.29499816894531,607.0
2024-10-25 15:31:00+00:00,SYTA,1.2949999570846558,1.2949999570846558,1.2999999523162842,1.2949999570846558,1.2999999523162842,358.0
2024-10-25 15:31:00+00:00,TEAM,188.94000244140625,188.94000244140625,189.02000427246094,188.93499755859375,188.93499755859375,1805.0
2024-10-25 15:31:00+00:00,TENB,41.689998626708984,41.689998626708984,41.689998626708984,41.68000030517578,41.689998626708984,2011.0
2024-10-25 15:31:00+00:00,TER,112.19000244140625,112.19000244140625,112.19999694824219,112.0510025024414,112.0510025024414,12018.0
2024-10-25 15:31:00+00:00,TLS,3.569999933242798,3.569999933242798,3.569999933242798,3.569999933242798,3.569999933242798,642.0
2024-10-25 15:31:00+00:00,TRMB,60.900001525878906,60.900001525878906,60.900001525878906,60.900001525878906,60.900001525878906,249.0
2024-10-25 15:31:00+00:00,TSEM,44.67499923706055,44.67499923706055,44.67499923706055,44.67499923706055,44.67499923706055,386.0
2024-10-25 15:31:00+00:00,TTD,119.23999786376953,119.23999786376953,119.23999786376953,119.0999984741211,119.12999725341797,10614.0
2024-10-25 15:31:00+00:00,TTMI,19.84000015258789,19.84000015258789,19.84000015258789,19.809999465942383,19.84000015258789,16361.0
2024-10-25 15:31:00+00:00,TWKS,4.445000171661377,4.445000171661377,4.445000171661377,4.440000057220459,4.440000057220459,7640.0
2024-10-25 15:31:00+00:00,TXN,207.1750030517578,207.1750030517578,207.1999969482422,207.0500030517578,207.1199951171875,9680.0
2024-10-25 15:31:00+00:00,UCTT,35.76499938964844,35.76499938964844,35.76499938964844,35.76499938964844,35.76499938964844,447.0
2024-10-25 15:31:00+00:00,VECO,29.329999923706055,29.329999923706055,29.329999923706055,29.30500030517578,29.309999465942383,1986.0
2024-10-25 15:31:00+00:00,VERX,41.90999984741211,41.90999984741211,41.90999984741211,41.90999984741211,41.90999984741211,876.0
2024-10-25 15:31:00+00:00,VIAV,9.194999694824219,9.194999694824219,9.194999694824219,9.1850004196167,9.1850004196167,4595.0
2024-10-25 15:31:00+00:00,VNET,3.375,3.375,3.375,3.375,3.375,692.0
2024-10-25 15:31:00+00:00,VOXX,7.53000020980835,7.53000020980835,7.53000020980835,7.53000020980835,7.53000020980835,206.0
2024-10-25 15:31:00+00:00,VRNS,56.849998474121094,56.849998474121094,56.849998474121094,56.77000045776367,56.77000045776367,3592.0
2024-10-25 15:31:00+00:00,VRNT,21.799999237060547,21.799999237060547,21.799999237060547,21.799999237060547,21.799999237060547,1016.0
2024-10-25 15:31:00+00:00,VRSN,182.26499938964844,182.26499938964844,182.27749633789062,182.1300048828125,182.19000244140625,3943.0
2024-10-25 15:31:00+00:00,VSAT,10.225000381469727,10.225000381469727,10.229999542236328,10.225000381469727,10.229999542236328,2083.0
2024-10-25 15:31:00+00:00,WATT,0.5947999954223633,0.5947999954223633,0.5947999954223633,0.5947999954223633,0.5947999954223633,0.0
2024-10-25 15:31:00+00:00,WDAY,238.25,238.25,238.25999450683594,238.13999938964844,238.13999938964844,1080.0
2024-10-25 15:31:00+00:00,WDC,70.33000183105469,70.33000183105469,70.33999633789062,70.20999908447266,70.23500061035156,40296.0
2024-10-25 15:31:00+00:00,WISA,1.9611999988555908,1.9611999988555908,1.9611999988555908,1.9611999988555908,1.9611999988555908,684.0
2024-10-25 15:31:00+00:00,XPER,9.395000457763672,9.395000457763672,9.399999618530273,9.395000457763672,9.399999618530273,388.0
2024-10-25 15:31:00+00:00,XRX,10.015000343322754,10.015000343322754,10.015000343322754,10.005000114440918,10.005000114440918,2965.0
2024-10-25 15:31:00+00:00,ZBRA,361.25,361.25,361.260009765625,361.25,361.260009765625,1157.0
2024-10-25 15:31:00+00:00,ZI,10.475000381469727,10.475000381469727,10.479999542236328,10.475000381469727,10.479999542236328,4530.0
2024-10-25 15:31:00+00:00,ZM,72.9800033569336,72.9800033569336,72.9800033569336,72.94000244140625,72.94000244140625,5784.0
2024-10-25 15:31:00+00:00,ZS,184.91000366210938,184.91000366210938,184.9499969482422,184.86000061035156,184.86500549316406,793.0
2024-10-25 15:32:00+00:00,AAOI,17.540000915527344,17.540000915527344,17.559999465942383,17.53260040283203,17.540000915527344,4362.0
2024-10-25 15:32:00+00:00,AAPL,231.60000610351562,231.60000610351562,231.6300048828125,231.5399932861328,231.5800018310547,69864.0
2024-10-25 15:32:00+00:00,ACIW,48.790000915527344,48.790000915527344,48.790000915527344,48.7599983215332,48.7599983215332,460.0
2024-10-25 15:32:00+00:00,ACLS,89.93000030517578,89.93000030517578,89.93000030517578,89.93000030517578,89.93000030517578,374.0
2024-10-25 15:32:00+00:00,ACMR,19.6200008392334,19.6200008392334,19.6200008392334,19.6200008392334,19.6200008392334,445.0
2024-10-25 15:32:00+00:00,ADBE,483.79998779296875,483.79998779296875,483.8299865722656,483.5799865722656,483.760009765625,4542.0
2024-10-25 15:32:00+00:00,ADI,230.92999267578125,230.92999267578125,230.97000122070312,230.82000732421875,230.97000122070312,3144.0
2024-10-25 15:32:00+00:00,ADSK,286.3999938964844,286.3999938964844,286.4700012207031,286.3999938964844,286.4700012207031,984.0
2024-10-25 15:32:00+00:00,ADTN,6.28000020980835,6.28000020980835,6.28000020980835,6.28000020980835,6.28000020980835,693.0
2024-10-25 15:32:00+00:00,AEHR,17.010000228881836,17.010000228881836,17.010000228881836,16.985000610351562,17.0,6082.0
2024-10-25 15:32:00+00:00,AEYE,22.559999465942383,22.559999465942383,22.559999465942383,22.5,22.5,1890.0
2024-10-25 15:32:00+00:00,AFRM,41.16999816894531,41.16999816894531,41.20000076293945,41.13999938964844,41.20000076293945,20031.0
2024-10-25 15:32:00+00:00,AGYS,110.65499877929688,110.65499877929688,110.71410369873047,110.65499877929688,110.71410369873047,492.0
2024-10-25 15:32:00+00:00,AKAM,101.68000030517578,101.68000030517578,101.69000244140625,101.62999725341797,101.69000244140625,25768.0
2024-10-25 15:32:00+00:00,AKTS,0.05999999865889549,0.05999999865889549,0.05999999865889549,0.05990000069141388,0.05999999865889549,54900.0
2024-10-25 15:32:00+00:00,ALGM,23.139999389648438,23.139999389648438,23.149999618530273,23.135000228881836,23.145000457763672,18031.0
2024-10-25 15:32:00+00:00,ALKT,38.27000045776367,38.27000045776367,38.279998779296875,38.27000045776367,38.279998779296875,553.0
2024-10-25 15:32:00+00:00,ALRM,54.40999984741211,54.40999984741211,54.40999984741211,54.375,54.375,1627.0
2024-10-25 15:32:00+00:00,ALTR,103.87000274658203,103.87000274658203,103.87000274658203,103.87000274658203,103.87000274658203,2699.0
2024-10-25 15:32:00+00:00,AMAT,187.375,187.375,187.40989685058594,187.27000427246094,187.34500122070312,6190.0
2024-10-25 15:32:00+00:00,AMBA,57.7400016784668,57.7400016784668,57.7400016784668,57.68000030517578,57.72999954223633,869.0
2024-10-25 15:32:00+00:00,AMD,156.39990234375,156.39990234375,156.41000366210938,156.3029022216797,156.36000061035156,34354.0
2024-10-25 15:32:00+00:00,AMKR,30.02359962463379,30.02359962463379,30.02359962463379,30.02359962463379,30.02359962463379,2723.0
2024-10-25 15:32:00+00:00,ANSS,323.9700012207031,323.9700012207031,323.9700012207031,323.9700012207031,323.9700012207031,611.0
2024-10-25 15:32:00+00:00,API,2.8350000381469727,2.8350000381469727,2.878000020980835,2.8299999237060547,2.875,23794.0
2024-10-25 15:32:00+00:00,APP,161.72000122070312,161.72000122070312,161.7899932861328,161.72000122070312,161.77999877929688,5994.0
2024-10-25 15:32:00+00:00,APPF,211.9499969482422,211.9499969482422,211.9600067138672,211.57000732421875,211.67999267578125,6574.0
2024-10-25 15:32:00+00:00,APPN,32.290000915527344,32.290000915527344,32.290000915527344,32.2599983215332,32.27000045776367,2599.0
2024-10-25 15:32:00+00:00,APPS,3.065000057220459,3.065000057220459,3.065000057220459,3.065000057220459,3.065000057220459,814.0
2024-10-25 15:32:00+00:00,ARRY,6.425000190734863,6.425000190734863,6.449999809265137,6.425000190734863,6.440000057220459,21148.0
2024-10-25 15:32:00+00:00,ASML,714.08740234375,714.08740234375,714.08740234375,713.9400024414062,713.9400024414062,2509.0
2024-10-25 15:32:00+00:00,ASUR,9.604999542236328,9.604999542236328,9.604999542236328,9.595000267028809,9.595000267028809,322.0
2024-10-25 15:32:00+00:00,AUR,6.385000228881836,6.385000228881836,6.389999866485596,6.385000228881836,6.385000228881836,6369.0
2024-10-25 15:32:00+00:00,AVDX,8.079999923706055,8.079999923706055,8.085000038146973,8.079999923706055,8.085000038146973,4309.0
2024-10-25 15:32:00+00:00,AVGO,173.94000244140625,173.94000244140625,173.94000244140625,173.75999450683594,173.85000610351562,34978.0
2024-10-25 15:32:00+00:00,AVPT,11.90999984741211,11.90999984741211,11.90999984741211,11.90999984741211,11.90999984741211,935.0
2024-10-25 15:32:00+00:00,AVT,54.09000015258789,54.09000015258789,54.11000061035156,54.09000015258789,54.11000061035156,3669.0
2024-10-25 15:32:00+00:00,AWRE,2.0004000663757324,2.0004000663757324,2.0004000663757324,2.0004000663757324,2.0004000663757324,200.0
2024-10-25 15:32:00+00:00,AXTI,2.6649999618530273,2.6649999618530273,2.6649999618530273,2.6649999618530273,2.6649999618530273,292.0
2024-10-25 15:32:00+00:00,AZPN,237.60499572753906,237.60499572753906,237.80999755859375,237.3300018310547,237.80999755859375,3744.0
2024-10-25 15:32:00+00:00,BAND,17.834999084472656,17.834999084472656,17.834999084472656,17.834999084472656,17.834999084472656,650.0
2024-10-25 15:32:00+00:00,BASE,16.229999542236328,16.229999542236328,16.229999542236328,16.229999542236328,16.229999542236328,948.0
2024-10-25 15:32:00+00:00,BEEM,4.78000020980835,4.78000020980835,4.78000020980835,4.775000095367432,4.776500225067139,1167.0
2024-10-25 15:32:00+00:00,BIGC,5.260000228881836,5.260000228881836,5.260000228881836,5.260000228881836,5.260000228881836,5852.0
2024-10-25 15:32:00+00:00,BL,56.29499816894531,56.29499816894531,56.29499816894531,56.28300094604492,56.28300094604492,1041.0
2024-10-25 15:32:00+00:00,BLKB,85.625,85.625,85.625,85.625,85.625,218.0
2024-10-25 15:32:00+00:00,BLZE,7.159999847412109,7.159999847412109,7.159999847412109,7.159999847412109,7.159999847412109,539.0
2024-10-25 15:32:00+00:00,BMBL,7.135000228881836,7.135000228881836,7.135000228881836,7.114999771118164,7.119999885559082,7947.0
2024-10-25 15:32:00+00:00,BRZE,30.559999465942383,30.559999465942383,30.559999465942383,30.540000915527344,30.540000915527344,2662.0
2024-10-25 15:32:00+00:00,BSY,49.07740020751953,49.07740020751953,49.08000183105469,49.07740020751953,49.08000183105469,1193.0
2024-10-25 15:32:00+00:00,CAN,0.9742000102996826,0.9742000102996826,0.974399983882904,0.9742000102996826,0.974399983882904,6096.0
2024-10-25 15:32:00+00:00,CDNS,257.6700134277344,257.6700134277344,257.6700134277344,257.57501220703125,257.57501220703125,4491.0
2024-10-25 15:32:00+00:00,CDW,217.4600067138672,217.4600067138672,217.63999938964844,217.4600067138672,217.63999938964844,8590.0
2024-10-25 15:32:00+00:00,CETX,0.2992999851703644,0.2992999851703644,0.30070000886917114,0.2992999851703644,0.30070000886917114,8914.0
2024-10-25 15:32:00+00:00,CFLT,22.410999298095703,22.410999298095703,22.415000915527344,22.40999984741211,22.40999984741211,1022.0
2024-10-25 15:32:00+00:00,CGNX,38.802101135253906,38.802101135253906,38.810001373291016,38.77000045776367,38.779998779296875,5119.0
2024-10-25 15:32:00+00:00,CHKP,206.2100067138672,206.2100067138672,206.2100067138672,206.11000061035156,206.11509704589844,701.0
2024-10-25 15:32:00+00:00,CLSK,11.549300193786621,11.549300193786621,11.550000190734863,11.525099754333496,11.539999961853027,73765.0
2024-10-25 15:32:00+00:00,CMTL,3.7899999618530273,3.7899999618530273,3.7899999618530273,3.7899999618530273,3.7899999618530273,241.0
2024-10-25 15:32:00+00:00,CNDT,3.5950000286102295,3.5950000286102295,3.5950000286102295,3.5899999141693115,3.5899999141693115,2821.0
2024-10-25 15:32:00+00:00,CNXC,44.41320037841797,44.41320037841797,44.41320037841797,44.349998474121094,44.36000061035156,4701.0
2024-10-25 15:32:00+00:00,COHR,95.58999633789062,95.58999633789062,95.61000061035156,95.55000305175781,95.61000061035156,3395.0
2024-10-25 15:32:00+00:00,COIN,204.66000366210938,204.66000366210938,204.67999267578125,204.3300018310547,204.67999267578125,14408.0
2024-10-25 15:32:00+00:00,COMM,6.215000152587891,6.215000152587891,6.215000152587891,6.203999996185303,6.213399887084961,16407.0
2024-10-25 15:32:00+00:00,CORZ,13.225000381469727,13.225000381469727,13.229999542236328,13.225000381469727,13.229999542236328,7937.0
2024-10-25 15:32:00+00:00,CRCT,6.554999828338623,6.554999828338623,6.554999828338623,6.554999828338623,6.554999828338623,937.0
2024-10-25 15:32:00+00:00,CRDO,39.189998626708984,39.189998626708984,39.189998626708984,39.16999816894531,39.16999816894531,2319.0
2024-10-25 15:32:00+00:00,CRSR,6.309999942779541,6.309999942779541,6.309999942779541,6.309999942779541,6.309999942779541,208.0
2024-10-25 15:32:00+00:00,CRUS,122.27999877929688,122.27999877929688,122.34500122070312,122.27999877929688,122.34500122070312,1449.0
2024-10-25 15:32:00+00:00,CRWD,299.5799865722656,299.5799865722656,299.5885009765625,299.3299865722656,299.3500061035156,15906.0
2024-10-25 15:32:00+00:00,CSCO,55.75,55.75,55.75,55.74150085449219,55.744998931884766,17230.0
2024-10-25 15:32:00+00:00,CSIQ,13.350000381469727,13.350000381469727,13.350000381469727,13.324999809265137,13.34000015258789,3431.0
2024-10-25 15:32:00+00:00,CTLP,8.899999618530273,8.899999618530273,8.899999618530273,8.899999618530273,8.899999618530273,1337.0
2024-10-25 15:32:00+00:00,CTSH,74.80000305175781,74.80000305175781,74.80000305175781,74.76000213623047,74.77999877929688,6470.0
2024-10-25 15:32:00+00:00,CVLT,134.41000366210938,134.41000366210938,134.41000366210938,134.27999877929688,134.2899932861328,1145.0
2024-10-25 15:32:00+00:00,DAKT,13.052000045776367,13.052000045776367,13.052000045776367,13.052000045776367,13.052000045776367,323.0
2024-10-25 15:32:00+00:00,DBX,26.040000915527344,26.040000915527344,26.065000534057617,26.040000915527344,26.059999465942383,8178.0
2024-10-25 15:32:00+00:00,DDOG,126.54499816894531,126.54499816894531,126.63999938964844,126.54499816894531,126.61000061035156,5793.0
2024-10-25 15:32:00+00:00,DGII,30.059999465942383,30.059999465942383,30.059999465942383,30.059999465942383,30.059999465942383,481.0
2024-10-25 15:32:00+00:00,DIOD,64.88999938964844,64.88999938964844,64.93000030517578,64.88999938964844,64.93000030517578,2291.0
2024-10-25 15:32:00+00:00,DLO,8.819999694824219,8.819999694824219,8.819999694824219,8.8149995803833,8.8149995803833,1005.0
2024-10-25 15:32:00+00:00,DOCU,68.87000274658203,68.87000274658203,68.9000015258789,68.86000061035156,68.87000274658203,6298.0
2024-10-25 15:32:00+00:00,DOMO,8.079999923706055,8.079999923706055,8.079999923706055,8.079999923706055,8.079999923706055,555.0
2024-10-25 15:32:00+00:00,DSGX,104.1050033569336,104.1050033569336,104.1050033569336,104.0999984741211,104.0999984741211,798.0
2024-10-25 15:32:00+00:00,EEFT,100.47000122070312,100.47000122070312,100.47000122070312,100.40499877929688,100.42980194091797,1211.0
2024-10-25 15:32:00+00:00,ENPH,83.55500030517578,83.55500030517578,83.5999984741211,83.54499816894531,83.5999984741211,4779.0
2024-10-25 15:32:00+00:00,ENTG,105.4800033569336,105.4800033569336,105.48500061035156,105.44999694824219,105.48500061035156,4164.0
2024-10-25 15:32:00+00:00,ERIC,8.46500015258789,8.46500015258789,8.46500015258789,8.460000038146973,8.46500015258789,41312.0
2024-10-25 15:32:00+00:00,EXFY,1.725000023841858,1.725000023841858,1.725000023841858,1.7200000286102295,1.725000023841858,3451.0
2024-10-25 15:32:00+00:00,EXLS,38.57590103149414,38.57590103149414,38.57590103149414,38.56999969482422,38.57500076293945,1877.0
2024-10-25 15:32:00+00:00,EXTR,14.335000038146973,14.335000038146973,14.335000038146973,14.335000038146973,14.335000038146973,475.0
2024-10-25 15:32:00+00:00,FFIV,216.6699981689453,216.6699981689453,216.67999267578125,216.5500030517578,216.67999267578125,1621.0
2024-10-25 15:32:00+00:00,FIVN,29.84000015258789,29.84000015258789,29.84000015258789,29.829999923706055,29.834999084472656,3603.0
2024-10-25 15:32:00+00:00,FLEX,35.15999984741211,35.15999984741211,35.15999984741211,35.119998931884766,35.14500045776367,7295.0
2024-10-25 15:32:00+00:00,FLYW,17.309999465942383,17.309999465942383,17.315000534057617,17.299999237060547,17.299999237060547,2420.0
2024-10-25 15:32:00+00:00,FORM,44.79499816894531,44.79499816894531,44.79999923706055,44.779998779296875,44.790000915527344,1699.0
2024-10-25 15:32:00+00:00,FROG,29.260000228881836,29.260000228881836,29.260000228881836,29.239999771118164,29.25,3713.0
2024-10-25 15:32:00+00:00,FRSH,11.59000015258789,11.59000015258789,11.59000015258789,11.585000038146973,11.585000038146973,3212.0
2024-10-25 15:32:00+00:00,FSLR,198.08999633789062,198.08999633789062,198.1199951171875,198.0,198.11000061035156,3209.0
2024-10-25 15:32:00+00:00,FTCI,0.652999997138977,0.652999997138977,0.652999997138977,0.652999997138977,0.652999997138977,500.0
2024-10-25 15:32:00+00:00,FTNT,80.59500122070312,80.59500122070312,80.61000061035156,80.58000183105469,80.58999633789062,7550.0
2024-10-25 15:32:00+00:00,GCT,24.489999771118164,24.489999771118164,24.489999771118164,24.479999542236328,24.489999771118164,2129.0
2024-10-25 15:32:00+00:00,GDS,21.274999618530273,21.274999618530273,21.309999465942383,21.274999618530273,21.30500030517578,1725.0
2024-10-25 15:32:00+00:00,GFS,40.400001525878906,40.400001525878906,40.41999816894531,40.39500045776367,40.40999984741211,3325.0
2024-10-25 15:32:00+00:00,GPRO,1.2999999523162842,1.2999999523162842,1.3049999475479126,1.2999999523162842,1.3049999475479126,1113.0
2024-10-25 15:32:00+00:00,GRAB,4.085000038146973,4.085000038146973,4.090000152587891,4.085000038146973,4.085000038146973,13303.0
2024-10-25 15:32:00+00:00,GSIT,3.3980000019073486,3.3980000019073486,3.3980000019073486,3.3980000019073486,3.3980000019073486,415.0
2024-10-25 15:32:00+00:00,GTLB,54.86000061035156,54.86000061035156,54.880001068115234,54.849998474121094,54.86000061035156,4224.0
2024-10-25 15:32:00+00:00,GVP,4.599999904632568,4.599999904632568,4.599999904632568,4.599999904632568,4.599999904632568,200.0
2024-10-25 15:32:00+00:00,HCP,33.63999938964844,33.63999938964844,33.63999938964844,33.6349983215332,33.6349983215332,1240.0
2024-10-25 15:32:00+00:00,HLIT,14.779999732971191,14.779999732971191,14.779999732971191,14.779999732971191,14.779999732971191,427.0
2024-10-25 15:32:00+00:00,HOLO,3.6298999786376953,3.6298999786376953,3.630000114440918,3.6298999786376953,3.630000114440918,1442.0
2024-10-25 15:32:00+00:00,HOOD,27.025999069213867,27.025999069213867,27.03499984741211,27.010000228881836,27.030000686645508,40688.0
2024-10-25 15:32:00+00:00,ICHR,27.549999237060547,27.549999237060547,27.549999237060547,27.549999237060547,27.549999237060547,624.0
2024-10-25 15:32:00+00:00,III,3.055000066757202,3.055000066757202,3.059999942779541,3.055000066757202,3.059999942779541,1032.0
2024-10-25 15:32:00+00:00,IIIV,22.850000381469727,22.850000381469727,22.8700008392334,22.850000381469727,22.860000610351562,1359.0
2024-10-25 15:32:00+00:00,IMMR,8.654999732971191,8.654999732971191,8.654999732971191,8.654999732971191,8.654999732971191,542.0
2024-10-25 15:32:00+00:00,IMXI,17.610000610351562,17.610000610351562,17.610000610351562,17.600000381469727,17.610000610351562,710.0
2024-10-25 15:32:00+00:00,INDI,3.4749999046325684,3.4749999046325684,3.4749999046325684,3.4700000286102295,3.4700000286102295,675.0
2024-10-25 15:32:00+00:00,INFN,6.769999980926514,6.769999980926514,6.769999980926514,6.769999980926514,6.769999980926514,0.0
2024-10-25 15:32:00+00:00,INOD,20.020000457763672,20.020000457763672,20.059999465942383,20.020000457763672,20.059999465942383,917.0
2024-10-25 15:32:00+00:00,INSG,19.93000030517578,19.93000030517578,19.93000030517578,19.93000030517578,19.93000030517578,411.0
2024-10-25 15:32:00+00:00,INTA,50.06999969482422,50.06999969482422,50.06999969482422,50.060001373291016,50.060001373291016,1044.0
2024-10-25 15:32:00+00:00,INTC,22.80500030517578,22.80500030517578,22.809999465942383,22.79010009765625,22.80500030517578,92515.0
2024-10-25 15:32:00+00:00,INTU,609.4199829101562,609.4199829101562,609.4749755859375,609.3599853515625,609.4099731445312,6323.0
2024-10-25 15:32:00+00:00,IPGP,76.9800033569336,76.9800033569336,76.9800033569336,76.9800033569336,76.9800033569336,506.0
2024-10-25 15:32:00+00:00,ITRI,102.56999969482422,102.56999969482422,102.5999984741211,102.56999969482422,102.5999984741211,1708.0
2024-10-25 15:32:00+00:00,JKHY,183.1199951171875,183.1199951171875,183.1199951171875,183.1199951171875,183.1199951171875,1195.0
2024-10-25 15:32:00+00:00,KARO,40.165000915527344,40.165000915527344,40.165000915527344,40.02000045776367,40.02000045776367,300.0
2024-10-25 15:32:00+00:00,KC,2.6700000762939453,2.6700000762939453,2.6700000762939453,2.6700000762939453,2.6700000762939453,200.0
2024-10-25 15:32:00+00:00,KLAC,677.02001953125,677.02001953125,677.0700073242188,677.02001953125,677.0499877929688,2975.0
2024-10-25 15:32:00+00:00,KLIC,44.56999969482422,44.56999969482422,44.56999969482422,44.54999923706055,44.54999923706055,1271.0
2024-10-25 15:32:00+00:00,KLTR,1.3250000476837158,1.3250000476837158,1.3250000476837158,1.3250000476837158,1.3250000476837158,357.0
2024-10-25 15:32:00+00:00,LASR,10.399999618530273,10.399999618530273,10.399999618530273,10.399999618530273,10.399999618530273,1187.0
2024-10-25 15:32:00+00:00,LINK,4.980000019073486,4.980000019073486,4.980000019073486,4.980000019073486,4.980000019073486,4098.0
2024-10-25 15:32:00+00:00,LITE,64.4800033569336,64.4800033569336,64.4800033569336,64.45999908447266,64.45999908447266,440.0
2024-10-25 15:32:00+00:00,LOGI,80.73400115966797,80.73400115966797,80.7770004272461,80.73400115966797,80.7770004272461,689.0
2024-10-25 15:32:00+00:00,LPSN,1.1649999618530273,1.1649999618530273,1.1649999618530273,1.159999966621399,1.159999966621399,9836.0
2024-10-25 15:32:00+00:00,LRCX,78.26000213623047,78.26000213623047,78.29000091552734,78.17500305175781,78.25,22768.0
2024-10-25 15:32:00+00:00,LSCC,54.029998779296875,54.029998779296875,54.040000915527344,54.0099983215332,54.040000915527344,5541.0
2024-10-25 15:32:00+00:00,LTRX,4.090000152587891,4.090000152587891,4.09499979019165,4.090000152587891,4.09499979019165,641.0
2024-10-25 15:32:00+00:00,LYFT,13.552599906921387,13.552599906921387,13.5600004196167,13.510000228881836,13.534000396728516,179361.0
2024-10-25 15:32:00+00:00,LYTS,16.15999984741211,16.15999984741211,16.15999984741211,16.15999984741211,16.15999984741211,940.0
2024-10-25 15:32:00+00:00,MANH,276.0,276.0,276.0,275.7380065917969,275.7380065917969,2150.0
2024-10-25 15:32:00+00:00,MCHP,76.63999938964844,76.63999938964844,76.66000366210938,76.61000061035156,76.65499877929688,8909.0
2024-10-25 15:32:00+00:00,MDB,267.3599853515625,267.3599853515625,267.4049987792969,267.31500244140625,267.4049987792969,1469.0
2024-10-25 15:32:00+00:00,MITK,8.770000457763672,8.770000457763672,8.770000457763672,8.770000457763672,8.770000457763672,141.0
2024-10-25 15:32:00+00:00,MKSI,101.18250274658203,101.18250274658203,101.18250274658203,101.18250274658203,101.18250274658203,416.0
2024-10-25 15:32:00+00:00,MNDO,1.9700000286102295,1.9700000286102295,1.975000023841858,1.9700000286102295,1.975000023841858,4328.0
2024-10-25 15:32:00+00:00,MNDY,298.81500244140625,298.81500244140625,298.81500244140625,297.8349914550781,298.0299987792969,5209.0
2024-10-25 15:32:00+00:00,MOB,1.370300054550171,1.370300054550171,1.370300054550171,1.3702000379562378,1.3702000379562378,276.0
2024-10-25 15:32:00+00:00,MQ,5.304999828338623,5.304999828338623,5.309999942779541,5.304999828338623,5.304999828338623,2945.0
2024-10-25 15:32:00+00:00,MRVL,82.01000213623047,82.01000213623047,82.04000091552734,81.9749984741211,81.98999786376953,10904.0
2024-10-25 15:32:00+00:00,MSFT,428.489990234375,428.489990234375,428.6000061035156,428.2799987792969,428.5799865722656,35631.0
2024-10-25 15:32:00+00:00,MSTR,233.6300048828125,233.6300048828125,233.74000549316406,232.67300415039062,232.80499267578125,43414.0
2024-10-25 15:32:00+00:00,MTLS,5.914999961853027,5.914999961853027,5.914999961853027,5.914999961853027,5.914999961853027,157.0
2024-10-25 15:32:00+00:00,MTSI,121.21499633789062,121.21499633789062,121.25499725341797,121.13099670410156,121.13099670410156,2708.0
2024-10-25 15:32:00+00:00,MTTR,4.554999828338623,4.554999828338623,4.554999828338623,4.550000190734863,4.550000190734863,5701.0
2024-10-25 15:32:00+00:00,MU,108.2300033569336,108.2300033569336,108.2300033569336,108.15010070800781,108.19000244140625,10803.0
2024-10-25 15:32:00+00:00,MVIS,1.070099949836731,1.070099949836731,1.070099949836731,1.070099949836731,1.070099949836731,110.0
2024-10-25 15:32:00+00:00,MXL,14.739999771118164,14.739999771118164,14.755000114440918,14.720000267028809,14.755000114440918,5262.0
2024-10-25 15:32:00+00:00,NCNO,37.889198303222656,37.889198303222656,37.88999938964844,37.8849983215332,37.88999938964844,4031.0
2024-10-25 15:32:00+00:00,NICE,174.52499389648438,174.52499389648438,174.52499389648438,174.52499389648438,174.52499389648438,177.0
2024-10-25 15:32:00+00:00,NSIT,209.3300018310547,209.3300018310547,209.39999389648438,209.3300018310547,209.3300018310547,1164.0
2024-10-25 15:32:00+00:00,NTAP,119.81999969482422,119.81999969482422,119.81999969482422,119.80000305175781,119.80000305175781,2207.0
2024-10-25 15:32:00+00:00,NTCT,20.649999618530273,20.649999618530273,20.649999618530273,20.649999618530273,20.649999618530273,266.0
2024-10-25 15:32:00+00:00,NTGR,20.319000244140625,20.319000244140625,20.319000244140625,20.309999465942383,20.309999465942383,925.0
2024-10-25 15:32:00+00:00,NTNX,61.71500015258789,61.71500015258789,61.71500015258789,61.689998626708984,61.689998626708984,1546.0
2024-10-25 15:32:00+00:00,NVDA,142.0301055908203,142.0301055908203,142.0399932861328,141.94000244140625,141.96499633789062,366925.0
2024-10-25 15:32:00+00:00,NVEI,33.494998931884766,33.494998931884766,33.494998931884766,33.494998931884766,33.494998931884766,1065.0
2024-10-25 15:32:00+00:00,NXPI,243.44500732421875,243.44500732421875,243.53500366210938,243.44500732421875,243.50999450683594,1869.0
2024-10-25 15:32:00+00:00,OKTA,72.19999694824219,72.19999694824219,72.20700073242188,72.16999816894531,72.16999816894531,3419.0
2024-10-25 15:32:00+00:00,ON,71.29000091552734,71.29000091552734,71.30999755859375,71.2509994506836,71.30000305175781,13382.0
2024-10-25 15:32:00+00:00,OSIS,135.00999450683594,135.00999450683594,135.00999450683594,135.00999450683594,135.00999450683594,1545.0
2024-10-25 15:32:00+00:00,OSPN,14.5600004196167,14.5600004196167,14.5600004196167,14.5600004196167,14.5600004196167,1010.0
2024-10-25 15:32:00+00:00,OTEX,33.23500061035156,33.23500061035156,33.23500061035156,33.23500061035156,33.23500061035156,481.0
2024-10-25 15:32:00+00:00,PANW,366.1300048828125,366.1300048828125,366.1300048828125,366.1300048828125,366.1300048828125,2424.0
2024-10-25 15:32:00+00:00,PAYO,8.345000267028809,8.345000267028809,8.345000267028809,8.34000015258789,8.34000015258789,5576.0
2024-10-25 15:32:00+00:00,PCTY,173.35499572753906,173.35499572753906,173.49000549316406,173.35499572753906,173.49000549316406,2883.0
2024-10-25 15:32:00+00:00,PDFS,29.174800872802734,29.174800872802734,29.174800872802734,29.174800872802734,29.174800872802734,292.0
2024-10-25 15:32:00+00:00,PEGA,79.76000213623047,79.76000213623047,79.80000305175781,79.76000213623047,79.76000213623047,1780.0
2024-10-25 15:32:00+00:00,PET,0.8109999895095825,0.8109999895095825,0.8109999895095825,0.8109999895095825,0.8109999895095825,100.0
2024-10-25 15:32:00+00:00,PGY,11.925000190734863,11.925000190734863,11.925000190734863,11.914999961853027,11.920000076293945,3237.0
2024-10-25 15:32:00+00:00,PHUN,10.5,10.5,10.539999961853027,10.430000305175781,10.430000305175781,54304.0
2024-10-25 15:32:00+00:00,PI,202.2100067138672,202.2100067138672,202.2100067138672,201.85499572753906,201.85499572753906,1521.0
2024-10-25 15:32:00+00:00,PLAB,23.6299991607666,23.6299991607666,23.6299991607666,23.6299991607666,23.6299991607666,195.0
2024-10-25 15:32:00+00:00,PLUS,97.9000015258789,97.9000015258789,97.9000015258789,97.88999938964844,97.88999938964844,936.0
2024-10-25 15:32:00+00:00,PLXS,141.25,141.25,141.25,141.14999389648438,141.14999389648438,448.0
2024-10-25 15:32:00+00:00,POET,3.8577001094818115,3.8577001094818115,3.8577001094818115,3.8573999404907227,3.8573999404907227,811.0
2024-10-25 15:32:00+00:00,POWI,63.220001220703125,63.220001220703125,63.220001220703125,63.220001220703125,63.220001220703125,750.0
2024-10-25 15:32:00+00:00,PRGS,64.68000030517578,64.68000030517578,64.68000030517578,64.68000030517578,64.68000030517578,874.0
2024-10-25 15:32:00+00:00,PTC,187.1999969482422,187.1999969482422,187.1999969482422,187.1999969482422,187.1999969482422,284.0
2024-10-25 15:32:00+00:00,PUBM,14.75,14.75,14.75,14.75,14.75,336.0
2024-10-25 15:32:00+00:00,PYCR,14.34000015258789,14.34000015258789,14.345000267028809,14.3100004196167,14.319999694824219,9213.0
2024-10-25 15:32:00+00:00,QCOM,170.7050018310547,170.7050018310547,170.72999572753906,170.6300048828125,170.6300048828125,8740.0
2024-10-25 15:32:00+00:00,QLYS,120.625,120.625,120.625,120.62000274658203,120.62000274658203,479.0
2024-10-25 15:32:00+00:00,QRVO,99.86499786376953,99.86499786376953,99.86499786376953,99.76000213623047,99.77999877929688,5232.0
2024-10-25 15:32:00+00:00,QUBT,1.0705000162124634,1.0705000162124634,1.0705000162124634,1.0705000162124634,1.0705000162124634,2001.0
2024-10-25 15:32:00+00:00,QUIK,8.5600004196167,8.5600004196167,8.5600004196167,8.5600004196167,8.5600004196167,144.0
2024-10-25 15:32:00+00:00,REKR,1.0800000429153442,1.0800000429153442,1.0800000429153442,1.0800000429153442,1.0800000429153442,326.0
2024-10-25 15:32:00+00:00,RELY,14.885000228881836,14.885000228881836,14.885000228881836,14.880000114440918,14.885000228881836,2322.0
2024-10-25 15:32:00+00:00,RGTI,1.2100000381469727,1.2100000381469727,1.2199000120162964,1.2100000381469727,1.2101000547409058,38010.0
2024-10-25 15:32:00+00:00,RIOT,9.729499816894531,9.729499816894531,9.729999542236328,9.710000038146973,9.71399974822998,48334.0
2024-10-25 15:32:00+00:00,RMBS,43.40999984741211,43.40999984741211,43.40999984741211,43.38750076293945,43.400001525878906,3704.0
2024-10-25 15:32:00+00:00,RMNI,1.7199000120162964,1.7199000120162964,1.7200000286102295,1.715000033378601,1.7156000137329102,16248.0
2024-10-25 15:32:00+00:00,RUM,5.670000076293945,5.670000076293945,5.715000152587891,5.670000076293945,5.715000152587891,49678.0
2024-10-25 15:32:00+00:00,RUN,14.395000457763672,14.395000457763672,14.404999732971191,14.390000343322754,14.404999732971191,13827.0
2024-10-25 15:32:00+00:00,SANM,67.54000091552734,67.54000091552734,67.54000091552734,67.54000091552734,67.54000091552734,695.0
2024-10-25 15:32:00+00:00,SATS,25.104999542236328,25.104999542236328,25.104999542236328,25.09000015258789,25.09000015258789,3708.0
2024-10-25 15:32:00+00:00,SCSC,44.93000030517578,44.93000030517578,44.93000030517578,44.93000030517578,44.93000030517578,517.0
2024-10-25 15:32:00+00:00,SEDG,15.930000305175781,15.930000305175781,15.930000305175781,15.899999618530273,15.930000305175781,4784.0
2024-10-25 15:32:00+00:00,SHLS,5.190000057220459,5.190000057220459,5.215000152587891,5.190000057220459,5.210000038146973,30606.0
2024-10-25 15:32:00+00:00,SITM,178.0749969482422,178.0749969482422,178.14999389648438,177.82000732421875,177.82000732421875,1218.0
2024-10-25 15:32:00+00:00,SKYT,10.460000038146973,10.460000038146973,10.460000038146973,10.460000038146973,10.460000038146973,364.0
2024-10-25 15:32:00+00:00,SMCI,47.45000076293945,47.45000076293945,47.5099983215332,47.45000076293945,47.4900016784668,53915.0
2024-10-25 15:32:00+00:00,SMTC,45.787498474121094,45.787498474121094,45.787498474121094,45.720001220703125,45.7599983215332,3401.0
2024-10-25 15:32:00+00:00,SNPS,501.5946960449219,501.5946960449219,502.0150146484375,501.5946960449219,502.0150146484375,2383.0
2024-10-25 15:32:00+00:00,SONO,12.649999618530273,12.649999618530273,12.649999618530273,12.649999618530273,12.649999618530273,1762.0
2024-10-25 15:32:00+00:00,SOUN,5.184999942779541,5.184999942779541,5.190000057220459,5.179999828338623,5.184999942779541,11257.0
2024-10-25 15:32:00+00:00,SPT,26.889999389648438,26.889999389648438,26.889999389648438,26.889999389648438,26.889999389648438,1477.0
2024-10-25 15:32:00+00:00,SRAD,12.305000305175781,12.305000305175781,12.3100004196167,12.305000305175781,12.305000305175781,3647.0
2024-10-25 15:32:00+00:00,SSNC,70.24250030517578,70.24250030517578,70.25499725341797,70.23999786376953,70.24500274658203,18503.0
2024-10-25 15:32:00+00:00,SSYS,7.025000095367432,7.025000095367432,7.03000020980835,7.019999980926514,7.03000020980835,3404.0
2024-10-25 15:32:00+00:00,STNE,11.524999618530273,11.524999618530273,11.545000076293945,11.515000343322754,11.515000343322754,26914.0
2024-10-25 15:32:00+00:00,STX,103.58000183105469,103.58000183105469,103.58999633789062,103.55500030517578,103.55500030517578,4183.0
2024-10-25 15:32:00+00:00,SURG,1.7400000095367432,1.7400000095367432,1.7400000095367432,1.7400000095367432,1.7400000095367432,200.0
2024-10-25 15:32:00+00:00,SVRE,0.07840000092983246,0.07840000092983246,0.07840000092983246,0.07840000092983246,0.07840000092983246,5190.0
2024-10-25 15:32:00+00:00,SWKS,95.7300033569336,95.7300033569336,95.78500366210938,95.7300033569336,95.7699966430664,4363.0
2024-10-25 15:32:00+00:00,SYNA,72.11000061035156,72.11000061035156,72.26000213623047,72.11000061035156,72.26000213623047,6975.0
2024-10-25 15:32:00+00:00,SYTA,1.2905000448226929,1.2905000448226929,1.2905000448226929,1.2905000448226929,1.2905000448226929,200.0
2024-10-25 15:32:00+00:00,TACT,4.150000095367432,4.150000095367432,4.150000095367432,4.150000095367432,4.150000095367432,102.0
2024-10-25 15:32:00+00:00,TEAM,188.8300018310547,188.8300018310547,189.02000427246094,188.82249450683594,188.97000122070312,15514.0
2024-10-25 15:32:00+00:00,TENB,41.720001220703125,41.720001220703125,41.720001220703125,41.689998626708984,41.689998626708984,1240.0
2024-10-25 15:32:00+00:00,TER,112.19999694824219,112.19999694824219,112.20999908447266,112.16999816894531,112.19000244140625,7973.0
2024-10-25 15:32:00+00:00,TRMB,60.939998626708984,60.939998626708984,60.939998626708984,60.8849983215332,60.8849983215332,3245.0
2024-10-25 15:32:00+00:00,TSEM,44.68000030517578,44.68000030517578,44.68000030517578,44.65999984741211,44.65999984741211,2770.0
2024-10-25 15:32:00+00:00,TTD,119.25,119.25,119.26499938964844,119.2249984741211,119.26499938964844,2874.0
2024-10-25 15:32:00+00:00,TTMI,19.739999771118164,19.739999771118164,19.850000381469727,19.739999771118164,19.84000015258789,242402.0
2024-10-25 15:32:00+00:00,TWKS,4.440000057220459,4.440000057220459,4.449999809265137,4.440000057220459,4.445000171661377,4730.0
2024-10-25 15:32:00+00:00,TXN,207.16000366210938,207.16000366210938,207.24000549316406,207.0399932861328,207.1999969482422,9409.0
2024-10-25 15:32:00+00:00,UCTT,35.7599983215332,35.7599983215332,35.78499984741211,35.7599983215332,35.78499984741211,666.0
2024-10-25 15:32:00+00:00,VECO,29.34000015258789,29.34000015258789,29.34000015258789,29.34000015258789,29.34000015258789,1206.0
2024-10-25 15:32:00+00:00,VIAV,9.210000038146973,9.210000038146973,9.210000038146973,9.199999809265137,9.199999809265137,3871.0
2024-10-25 15:32:00+00:00,VMEO,4.760000228881836,4.760000228881836,4.760000228881836,4.755000114440918,4.760000228881836,1238.0
2024-10-25 15:32:00+00:00,VRNS,56.888999938964844,56.888999938964844,56.888999938964844,56.86000061035156,56.86000061035156,1727.0
2024-10-25 15:32:00+00:00,VRNT,21.81999969482422,21.81999969482422,21.81999969482422,21.799999237060547,21.799999237060547,4572.0
2024-10-25 15:32:00+00:00,VRSN,182.1999969482422,182.1999969482422,182.25,182.1999969482422,182.1999969482422,2376.0
2024-10-25 15:32:00+00:00,VS,2.4433999061584473,2.4433999061584473,2.490000009536743,2.4433999061584473,2.490000009536743,1224.0
2024-10-25 15:32:00+00:00,VSAT,10.21500015258789,10.21500015258789,10.225000381469727,10.21500015258789,10.225000381469727,2232.0
2024-10-25 15:32:00+00:00,WDAY,238.47000122070312,238.47000122070312,238.47999572753906,238.32000732421875,238.32000732421875,2879.0
2024-10-25 15:32:00+00:00,WDC,70.33999633789062,70.33999633789062,70.37000274658203,70.31999969482422,70.3499984741211,36457.0
2024-10-25 15:32:00+00:00,WISA,1.9900000095367432,1.9900000095367432,1.9900000095367432,1.9700000286102295,1.9700000286102295,569.0
2024-10-25 15:32:00+00:00,XRX,10.005000114440918,10.005000114440918,10.020000457763672,10.0,10.015000343322754,8232.0
2024-10-25 15:32:00+00:00,ZBRA,361.19000244140625,361.19000244140625,361.19000244140625,361.1499938964844,361.1499938964844,2667.0
2024-10-25 15:32:00+00:00,ZI,10.470000267028809,10.470000267028809,10.475000381469727,10.470000267028809,10.475000381469727,1189.0
2024-10-25 15:32:00+00:00,ZM,72.94719696044922,72.94719696044922,72.9800033569336,72.94000244140625,72.97000122070312,9009.0
2024-10-25 15:32:00+00:00,ZS,184.97000122070312,184.97000122070312,184.99989318847656,184.97000122070312,184.99989318847656,1461.0
2024-10-25 15:33:00+00:00,AAOI,17.5575008392334,17.5575008392334,17.559999465942383,17.545000076293945,17.549999237060547,3208.0
2024-10-25 15:33:00+00:00,AAPL,231.60989379882812,231.60989379882812,231.72999572753906,231.60499572753906,231.61000061035156,50894.0
2024-10-25 15:33:00+00:00,ACIW,48.79999923706055,48.79999923706055,48.810001373291016,48.79999923706055,48.79999923706055,1039.0
2024-10-25 15:33:00+00:00,ACLS,90.0,90.0,90.0,89.9749984741211,89.9749984741211,718.0
2024-10-25 15:33:00+00:00,ACMR,19.649999618530273,19.649999618530273,19.649999618530273,19.6299991607666,19.6299991607666,2319.0
2024-10-25 15:33:00+00:00,ADBE,483.42999267578125,483.42999267578125,483.9923095703125,483.42999267578125,483.7550048828125,6952.0
2024-10-25 15:33:00+00:00,ADI,230.95159912109375,230.95159912109375,231.02000427246094,230.95159912109375,231.02000427246094,1469.0
2024-10-25 15:33:00+00:00,ADSK,286.5249938964844,286.5249938964844,286.5249938964844,286.4599914550781,286.4599914550781,2763.0
2024-10-25 15:33:00+00:00,ADTN,6.28000020980835,6.28000020980835,6.28000020980835,6.28000020980835,6.28000020980835,1804.0
2024-10-25 15:33:00+00:00,AEHR,17.065000534057617,17.065000534057617,17.065000534057617,17.024999618530273,17.024999618530273,2094.0
2024-10-25 15:33:00+00:00,AEYE,22.55500030517578,22.55500030517578,22.55500030517578,22.55500030517578,22.55500030517578,324.0
2024-10-25 15:33:00+00:00,AFRM,41.159698486328125,41.159698486328125,41.18000030517578,41.13999938964844,41.15999984741211,21239.0
2024-10-25 15:33:00+00:00,AGMH,1.7799999713897705,1.7799999713897705,1.7899999618530273,1.7799999713897705,1.7899999618530273,471.0
2024-10-25 15:33:00+00:00,AIRG,9.289999961853027,9.289999961853027,9.289999961853027,9.289999961853027,9.289999961853027,434.0
2024-10-25 15:33:00+00:00,AKAM,101.66000366210938,101.66000366210938,101.68000030517578,101.66000366210938,101.66999816894531,3784.0
2024-10-25 15:33:00+00:00,AKTS,0.05999999865889549,0.05999999865889549,0.05999999865889549,0.05999999865889549,0.05999999865889549,12500.0
2024-10-25 15:33:00+00:00,ALGM,23.145000457763672,23.145000457763672,23.149999618530273,23.139999389648438,23.139999389648438,9731.0
2024-10-25 15:33:00+00:00,ALKT,38.29999923706055,38.29999923706055,38.29999923706055,38.29999923706055,38.29999923706055,1264.0
2024-10-25 15:33:00+00:00,ALRM,54.380001068115234,54.380001068115234,54.39500045776367,54.380001068115234,54.39099884033203,544.0
2024-10-25 15:33:00+00:00,AMAT,187.3300018310547,187.3300018310547,187.42999267578125,187.3300018310547,187.4199981689453,7180.0
2024-10-25 15:33:00+00:00,AMBA,57.79999923706055,57.79999923706055,57.79999923706055,57.7599983215332,57.7599983215332,2562.0
2024-10-25 15:33:00+00:00,AMD,156.404296875,156.404296875,156.5,156.3800048828125,156.38999938964844,61053.0
2024-10-25 15:33:00+00:00,AMKR,30.049999237060547,30.049999237060547,30.049999237060547,30.040000915527344,30.040000915527344,2042.0
2024-10-25 15:33:00+00:00,AMPL,9.109999656677246,9.109999656677246,9.109999656677246,9.100000381469727,9.100000381469727,2283.0
2024-10-25 15:33:00+00:00,ANSS,324.1700134277344,324.1700134277344,324.1700134277344,324.1700134277344,324.1700134277344,411.0
2024-10-25 15:33:00+00:00,APP,161.78500366210938,161.78500366210938,161.82000732421875,161.6800994873047,161.6800994873047,3196.0
2024-10-25 15:33:00+00:00,APPF,211.97500610351562,211.97500610351562,211.97500610351562,211.97500610351562,211.97500610351562,789.0
2024-10-25 15:33:00+00:00,APPN,32.29999923706055,32.29999923706055,32.301300048828125,32.29100036621094,32.301300048828125,1457.0
2024-10-25 15:33:00+00:00,ARRY,6.460000038146973,6.460000038146973,6.460000038146973,6.429999828338623,6.429999828338623,23888.0
2024-10-25 15:33:00+00:00,ASML,714.4000244140625,714.4000244140625,714.4099731445312,714.4000244140625,714.4099731445312,1002.0
2024-10-25 15:33:00+00:00,ASUR,9.600000381469727,9.600000381469727,9.600000381469727,9.600000381469727,9.600000381469727,208.0
2024-10-25 15:33:00+00:00,ASYS,5.849999904632568,5.849999904632568,5.88129997253418,5.849999904632568,5.860000133514404,849.0
2024-10-25 15:33:00+00:00,AUDC,9.029999732971191,9.029999732971191,9.029999732971191,9.029999732971191,9.029999732971191,1303.0
2024-10-25 15:33:00+00:00,AUR,6.400000095367432,6.400000095367432,6.400000095367432,6.385000228881836,6.389999866485596,15926.0
2024-10-25 15:33:00+00:00,AVDX,8.09000015258789,8.09000015258789,8.09000015258789,8.085000038146973,8.085000038146973,2710.0
2024-10-25 15:33:00+00:00,AVGO,173.9149932861328,173.9149932861328,174.00999450683594,173.89999389648438,173.91000366210938,19910.0
2024-10-25 15:33:00+00:00,AVPT,11.914999961853027,11.914999961853027,11.914999961853027,11.914999961853027,11.914999961853027,277.0
2024-10-25 15:33:00+00:00,AVT,54.10499954223633,54.10499954223633,54.10499954223633,54.09000015258789,54.09000015258789,1943.0
2024-10-25 15:33:00+00:00,AZPN,237.5500030517578,237.5500030517578,237.55999755859375,237.30999755859375,237.30999755859375,544.0
2024-10-25 15:33:00+00:00,BASE,16.264999389648438,16.264999389648438,16.264999389648438,16.264999389648438,16.264999389648438,570.0
2024-10-25 15:33:00+00:00,BELFB,78.56500244140625,78.56500244140625,78.56500244140625,78.56500244140625,78.56500244140625,480.0
2024-10-25 15:33:00+00:00,BL,56.30759811401367,56.30759811401367,56.31999969482422,56.29499816894531,56.29499816894531,1612.0
2024-10-25 15:33:00+00:00,BMBL,7.144999980926514,7.144999980926514,7.144999980926514,7.135000228881836,7.139999866485596,4849.0
2024-10-25 15:33:00+00:00,BRZE,30.6200008392334,30.6200008392334,30.6200008392334,30.56999969482422,30.56999969482422,2787.0
2024-10-25 15:33:00+00:00,BSY,49.09000015258789,49.09000015258789,49.09000015258789,49.09000015258789,49.09000015258789,1152.0
2024-10-25 15:33:00+00:00,CAN,0.9732000231742859,0.9732000231742859,0.9742000102996826,0.9732000231742859,0.9742000102996826,8010.0
2024-10-25 15:33:00+00:00,CDNS,257.6600036621094,257.6600036621094,257.739990234375,257.6600036621094,257.6700134277344,2909.0
2024-10-25 15:33:00+00:00,CDW,217.5850067138672,217.5850067138672,217.58999633789062,217.52999877929688,217.5399932861328,3022.0
2024-10-25 15:33:00+00:00,CEVA,24.05500030517578,24.05500030517578,24.05500030517578,24.05500030517578,24.05500030517578,298.0
2024-10-25 15:33:00+00:00,CFLT,22.400999069213867,22.400999069213867,22.420000076293945,22.400999069213867,22.415000915527344,8518.0
2024-10-25 15:33:00+00:00,CGNX,38.832698822021484,38.832698822021484,38.832698822021484,38.810001373291016,38.810001373291016,3983.0
2024-10-25 15:33:00+00:00,CHKP,206.2050018310547,206.2050018310547,206.2050018310547,205.98800659179688,206.0800018310547,613.0
2024-10-25 15:33:00+00:00,CLBT,18.22010040283203,18.22010040283203,18.22100067138672,18.210100173950195,18.210100173950195,801.0
2024-10-25 15:33:00+00:00,CLSK,11.555000305175781,11.555000305175781,11.579999923706055,11.548500061035156,11.548500061035156,41448.0
2024-10-25 15:33:00+00:00,CNDT,3.5950000286102295,3.5950000286102295,3.5950000286102295,3.5899999141693115,3.5899999141693115,1381.0
2024-10-25 15:33:00+00:00,CNXC,44.47999954223633,44.47999954223633,44.47999954223633,44.41999816894531,44.41999816894531,1667.0
2024-10-25 15:33:00+00:00,CNXN,70.0,70.0,70.0,70.0,70.0,398.0
2024-10-25 15:33:00+00:00,COHR,95.58999633789062,95.58999633789062,95.62999725341797,95.58000183105469,95.61000061035156,4234.0
2024-10-25 15:33:00+00:00,COIN,204.9199981689453,204.9199981689453,205.2899932861328,204.7281951904297,204.77000427246094,16938.0
2024-10-25 15:33:00+00:00,COMM,6.215000152587891,6.215000152587891,6.219299793243408,6.215000152587891,6.215000152587891,14712.0
2024-10-25 15:33:00+00:00,CORZ,13.244999885559082,13.244999885559082,13.260000228881836,13.229999542236328,13.229999542236328,14381.0
2024-10-25 15:33:00+00:00,CPSH,1.424399971961975,1.424399971961975,1.424399971961975,1.424399971961975,1.424399971961975,1400.0
2024-10-25 15:33:00+00:00,CRDO,39.189998626708984,39.189998626708984,39.20320129394531,39.189998626708984,39.189998626708984,3950.0
2024-10-25 15:33:00+00:00,CRNC,2.924999952316284,2.924999952316284,2.930000066757202,2.924999952316284,2.930000066757202,396.0
2024-10-25 15:33:00+00:00,CRSR,6.315000057220459,6.315000057220459,6.320000171661377,6.315000057220459,6.320000171661377,441.0
2024-10-25 15:33:00+00:00,CRUS,122.2699966430664,122.2699966430664,122.3499984741211,122.2699966430664,122.3499984741211,647.0
2024-10-25 15:33:00+00:00,CRWD,299.760009765625,299.760009765625,299.8599853515625,299.5299987792969,299.5299987792969,15043.0
2024-10-25 15:33:00+00:00,CSCO,55.7400016784668,55.7400016784668,55.7599983215332,55.7400016784668,55.755001068115234,13848.0
2024-10-25 15:33:00+00:00,CSIQ,13.340700149536133,13.340700149536133,13.345000267028809,13.340700149536133,13.345000267028809,1319.0
2024-10-25 15:33:00+00:00,CTLP,8.890000343322754,8.890000343322754,8.890000343322754,8.890000343322754,8.890000343322754,385.0
2024-10-25 15:33:00+00:00,CTSH,74.7699966430664,74.7699966430664,74.80500030517578,74.7699966430664,74.80000305175781,5923.0
2024-10-25 15:33:00+00:00,CVLT,134.5050048828125,134.5050048828125,134.52000427246094,134.5050048828125,134.52000427246094,553.0
2024-10-25 15:33:00+00:00,DAKT,13.0600004196167,13.0600004196167,13.0600004196167,13.0600004196167,13.0600004196167,370.0
2024-10-25 15:33:00+00:00,DAVE,38.685001373291016,38.685001373291016,38.685001373291016,38.685001373291016,38.685001373291016,555.0
2024-10-25 15:33:00+00:00,DBX,26.040000915527344,26.040000915527344,26.045000076293945,26.040000915527344,26.040000915527344,6792.0
2024-10-25 15:33:00+00:00,DDOG,126.58999633789062,126.58999633789062,126.63999938964844,126.55999755859375,126.56500244140625,9577.0
2024-10-25 15:33:00+00:00,DGII,30.066999435424805,30.066999435424805,30.066999435424805,30.066999435424805,30.066999435424805,120.0
2024-10-25 15:33:00+00:00,DLO,8.819999694824219,8.819999694824219,8.819999694824219,8.819999694824219,8.819999694824219,570.0
2024-10-25 15:33:00+00:00,DMRC,32.02000045776367,32.02000045776367,32.02000045776367,31.850000381469727,31.8799991607666,1469.0
2024-10-25 15:33:00+00:00,DOCU,68.87999725341797,68.87999725341797,68.90499877929688,68.875,68.87999725341797,8430.0
2024-10-25 15:33:00+00:00,DOMO,8.079999923706055,8.079999923706055,8.079999923706055,8.079999923706055,8.079999923706055,298.0
2024-10-25 15:33:00+00:00,DOX,89.0,89.0,89.0,89.0,89.0,373.0
2024-10-25 15:33:00+00:00,DTST,3.4700000286102295,3.4700000286102295,3.4700000286102295,3.4700000286102295,3.4700000286102295,76.0
2024-10-25 15:33:00+00:00,DUOL,291.5,291.5,291.5299987792969,291.5,291.5299987792969,786.0
2024-10-25 15:33:00+00:00,EEFT,100.48999786376953,100.48999786376953,100.48999786376953,100.47000122070312,100.4800033569336,1548.0
2024-10-25 15:33:00+00:00,ENPH,83.52999877929688,83.52999877929688,83.5999984741211,83.52999877929688,83.55000305175781,12247.0
2024-10-25 15:33:00+00:00,ENTG,105.56500244140625,105.56500244140625,105.6500015258789,105.48500061035156,105.48500061035156,6246.0
2024-10-25 15:33:00+00:00,ERIC,8.460000038146973,8.460000038146973,8.46500015258789,8.460000038146973,8.460000038146973,24138.0
2024-10-25 15:33:00+00:00,EVCM,10.40999984741211,10.40999984741211,10.40999984741211,10.380000114440918,10.380000114440918,1732.0
2024-10-25 15:33:00+00:00,EXFY,1.715000033378601,1.715000033378601,1.715000033378601,1.715000033378601,1.715000033378601,706.0
2024-10-25 15:33:00+00:00,EXLS,38.54999923706055,38.54999923706055,38.54999923706055,38.54999923706055,38.54999923706055,862.0
2024-10-25 15:33:00+00:00,EXTR,14.345000267028809,14.345000267028809,14.350000381469727,14.335000038146973,14.335000038146973,1892.0
2024-10-25 15:33:00+00:00,FFIV,216.77999877929688,216.77999877929688,216.78500366210938,216.6999969482422,216.78500366210938,1019.0
2024-10-25 15:33:00+00:00,FIVN,29.829999923706055,29.829999923706055,29.844999313354492,29.829999923706055,29.844999313354492,4499.0
2024-10-25 15:33:00+00:00,FLEX,35.16999816894531,35.16999816894531,35.17499923706055,35.15999984741211,35.1609992980957,3704.0
2024-10-25 15:33:00+00:00,FLYW,17.34000015258789,17.34000015258789,17.34000015258789,17.31999969482422,17.31999969482422,3062.0
2024-10-25 15:33:00+00:00,FORM,44.81999969482422,44.81999969482422,44.81999969482422,44.81999969482422,44.81999969482422,1334.0
2024-10-25 15:33:00+00:00,FROG,29.27899932861328,29.27899932861328,29.27899932861328,29.260000228881836,29.270000457763672,1428.0
2024-10-25 15:33:00+00:00,FRSH,11.59000015258789,11.59000015258789,11.59000015258789,11.579999923706055,11.59000015258789,2082.0
2024-10-25 15:33:00+00:00,FSLR,198.1199951171875,198.1199951171875,198.1199951171875,198.0800018310547,198.0800018310547,1772.0
2024-10-25 15:33:00+00:00,FTCI,0.652999997138977,0.652999997138977,0.652999997138977,0.652999997138977,0.652999997138977,0.0
2024-10-25 15:33:00+00:00,FTNT,80.5250015258789,80.5250015258789,80.59500122070312,80.4800033569336,80.59500122070312,15805.0
2024-10-25 15:33:00+00:00,GCT,24.479999542236328,24.479999542236328,24.4955997467041,24.459999084472656,24.4955997467041,5096.0
2024-10-25 15:33:00+00:00,GDS,21.26099967956543,21.26099967956543,21.26099967956543,21.26099967956543,21.26099967956543,472.0
2024-10-25 15:33:00+00:00,GDYN,15.640000343322754,15.640000343322754,15.640000343322754,15.640000343322754,15.640000343322754,637.0
2024-10-25 15:33:00+00:00,GFS,40.43000030517578,40.43000030517578,40.439998626708984,40.40999984741211,40.40999984741211,3845.0
2024-10-25 15:33:00+00:00,GRAB,4.090000152587891,4.090000152587891,4.090000152587891,4.085000038146973,4.085000038146973,19822.0
2024-10-25 15:33:00+00:00,GTLB,54.86000061035156,54.86000061035156,54.880001068115234,54.86000061035156,54.86000061035156,4166.0
2024-10-25 15:33:00+00:00,GVP,4.605000019073486,4.605000019073486,4.605000019073486,4.605000019073486,4.605000019073486,100.0
2024-10-25 15:33:00+00:00,HCKT,24.59000015258789,24.59000015258789,24.59000015258789,24.579999923706055,24.579999923706055,591.0
2024-10-25 15:33:00+00:00,HCP,33.6349983215332,33.6349983215332,33.6349983215332,33.6349983215332,33.6349983215332,929.0
2024-10-25 15:33:00+00:00,HEAR,16.43000030517578,16.43000030517578,16.43000030517578,16.43000030517578,16.43000030517578,870.0
2024-10-25 15:33:00+00:00,HIMX,6.15500020980835,6.15500020980835,6.15500020980835,6.15500020980835,6.15500020980835,5900.0
2024-10-25 15:33:00+00:00,HLIT,14.779999732971191,14.779999732971191,14.779999732971191,14.774999618530273,14.774999618530273,1622.0
2024-10-25 15:33:00+00:00,HOLO,3.630000114440918,3.630000114440918,3.630000114440918,3.618000030517578,3.618000030517578,1886.0
2024-10-25 15:33:00+00:00,HOOD,27.05500030517578,27.05500030517578,27.05500030517578,27.030000686645508,27.030000686645508,6527.0
2024-10-25 15:33:00+00:00,HTCR,1.0700000524520874,1.0700000524520874,1.0700000524520874,1.0700000524520874,1.0700000524520874,551.0
2024-10-25 15:33:00+00:00,ICHR,27.549999237060547,27.549999237060547,27.549999237060547,27.549999237060547,27.549999237060547,348.0
2024-10-25 15:33:00+00:00,IFBD,1.9199999570846558,1.9199999570846558,1.9199999570846558,1.9199999570846558,1.9199999570846558,744.0
2024-10-25 15:33:00+00:00,IIIV,22.8799991607666,22.8799991607666,22.8799991607666,22.846799850463867,22.846799850463867,1461.0
2024-10-25 15:33:00+00:00,IMXI,17.6200008392334,17.6200008392334,17.6200008392334,17.610000610351562,17.610000610351562,1260.0
2024-10-25 15:33:00+00:00,INDI,3.4749999046325684,3.4749999046325684,3.4749999046325684,3.4749999046325684,3.4749999046325684,1393.0
2024-10-25 15:33:00+00:00,INFN,6.769999980926514,6.769999980926514,6.78000020980835,6.769999980926514,6.78000020980835,300.0
2024-10-25 15:33:00+00:00,INOD,20.110000610351562,20.110000610351562,20.110000610351562,20.030000686645508,20.030000686645508,1657.0
2024-10-25 15:33:00+00:00,INTA,50.09000015258789,50.09000015258789,50.119998931884766,50.09000015258789,50.099998474121094,1698.0
2024-10-25 15:33:00+00:00,INTC,22.795000076293945,22.795000076293945,22.81999969482422,22.795000076293945,22.809999465942383,74100.0
2024-10-25 15:33:00+00:00,INTU,609.1300048828125,609.1300048828125,609.3499755859375,609.1300048828125,609.22998046875,1716.0
2024-10-25 15:33:00+00:00,ITRI,102.68000030517578,102.68000030517578,102.68000030517578,102.63500213623047,102.63500213623047,1627.0
2024-10-25 15:33:00+00:00,JAMF,16.739999771118164,16.739999771118164,16.7549991607666,16.739999771118164,16.7450008392334,3986.0
2024-10-25 15:33:00+00:00,JKHY,182.9600067138672,182.9600067138672,183.0399932861328,182.9600067138672,183.0399932861328,913.0
2024-10-25 15:33:00+00:00,KC,2.6700000762939453,2.6700000762939453,2.674999952316284,2.6700000762939453,2.674999952316284,855.0
2024-10-25 15:33:00+00:00,KLAC,676.6199951171875,676.6199951171875,676.7100219726562,676.6199951171875,676.7100219726562,1162.0
2024-10-25 15:33:00+00:00,KLIC,44.61000061035156,44.61000061035156,44.61000061035156,44.595001220703125,44.595001220703125,1277.0
2024-10-25 15:33:00+00:00,KOSS,7.239999771118164,7.239999771118164,7.245999813079834,7.239999771118164,7.245999813079834,1449.0
2024-10-25 15:33:00+00:00,LINK,4.945000171661377,4.945000171661377,4.9899001121521,4.945000171661377,4.9899001121521,3881.0
2024-10-25 15:33:00+00:00,LITE,64.4749984741211,64.4749984741211,64.5,64.45999908447266,64.48500061035156,2495.0
2024-10-25 15:33:00+00:00,LOGI,80.70999908447266,80.70999908447266,80.70999908447266,80.70999908447266,80.70999908447266,239.0
2024-10-25 15:33:00+00:00,LRCX,78.20500183105469,78.20500183105469,78.30000305175781,78.19999694824219,78.26799774169922,20296.0
2024-10-25 15:33:00+00:00,LSCC,54.02000045776367,54.02000045776367,54.04999923706055,54.02000045776367,54.025001525878906,5838.0
2024-10-25 15:33:00+00:00,LTRX,4.090000152587891,4.090000152587891,4.09499979019165,4.090000152587891,4.090000152587891,575.0
2024-10-25 15:33:00+00:00,LYFT,13.567899703979492,13.567899703979492,13.579999923706055,13.529999732971191,13.550000190734863,100163.0
2024-10-25 15:33:00+00:00,MANH,276.0375061035156,276.0375061035156,276.0375061035156,276.0299987792969,276.0299987792969,1605.0
2024-10-25 15:33:00+00:00,MCHP,76.62000274658203,76.62000274658203,76.66999816894531,76.62000274658203,76.62999725341797,8596.0
2024-10-25 15:33:00+00:00,MDB,267.2300109863281,267.2300109863281,267.56500244140625,267.2300109863281,267.5299987792969,2647.0
2024-10-25 15:33:00+00:00,MITK,8.779999732971191,8.779999732971191,8.779999732971191,8.779999732971191,8.779999732971191,263.0
2024-10-25 15:33:00+00:00,MKSI,101.26000213623047,101.26000213623047,101.26000213623047,101.23500061035156,101.23500061035156,1151.0
2024-10-25 15:33:00+00:00,MPWR,910.0299072265625,910.0299072265625,910.0299072265625,908.8400268554688,908.8400268554688,3545.0
2024-10-25 15:33:00+00:00,MQ,5.302499771118164,5.302499771118164,5.304999828338623,5.302499771118164,5.304999828338623,2338.0
2024-10-25 15:33:00+00:00,MRVL,82.04100036621094,82.04100036621094,82.06999969482422,82.01000213623047,82.0199966430664,20286.0
2024-10-25 15:33:00+00:00,MSFT,428.3699951171875,428.3699951171875,428.59991455078125,428.3699951171875,428.4849853515625,13286.0
2024-10-25 15:33:00+00:00,MSTR,234.14999389648438,234.14999389648438,234.3074951171875,233.72000122070312,233.74000549316406,44078.0
2024-10-25 15:33:00+00:00,MTC,0.37560001015663147,0.37560001015663147,0.3756999969482422,0.3749000132083893,0.3749000132083893,16500.0
2024-10-25 15:33:00+00:00,MTSI,121.30249786376953,121.30249786376953,121.33999633789062,121.23500061035156,121.23500061035156,1670.0
2024-10-25 15:33:00+00:00,MTTR,4.554999828338623,4.554999828338623,4.554999828338623,4.550000190734863,4.554999828338623,2866.0
2024-10-25 15:33:00+00:00,MU,108.22100067138672,108.22100067138672,108.28500366210938,108.22000122070312,108.2300033569336,21542.0
2024-10-25 15:33:00+00:00,MXL,14.739999771118164,14.739999771118164,14.744999885559082,14.734999656677246,14.744999885559082,2643.0
2024-10-25 15:33:00+00:00,NCNO,37.90999984741211,37.90999984741211,37.90999984741211,37.88999938964844,37.88999938964844,3983.0
2024-10-25 15:33:00+00:00,NEON,8.140000343322754,8.140000343322754,8.140000343322754,8.140000343322754,8.140000343322754,243.0
2024-10-25 15:33:00+00:00,NICE,174.52499389648438,174.52499389648438,174.52499389648438,174.52499389648438,174.52499389648438,562.0
2024-10-25 15:33:00+00:00,NSIT,209.3300018310547,209.3300018310547,209.3300018310547,209.3300018310547,209.3300018310547,445.0
2024-10-25 15:33:00+00:00,NTAP,119.80000305175781,119.80000305175781,119.86000061035156,119.80000305175781,119.83000183105469,3460.0
2024-10-25 15:33:00+00:00,NTCT,20.649999618530273,20.649999618530273,20.649999618530273,20.649999618530273,20.649999618530273,583.0
2024-10-25 15:33:00+00:00,NTGR,20.290000915527344,20.290000915527344,20.290000915527344,20.290000915527344,20.290000915527344,1335.0
2024-10-25 15:33:00+00:00,NTNX,61.76499938964844,61.76499938964844,61.77000045776367,61.71500015258789,61.71500015258789,1792.0
2024-10-25 15:33:00+00:00,NTWK,3.1301000118255615,3.1301000118255615,3.1301000118255615,3.130000114440918,3.130000114440918,600.0
2024-10-25 15:33:00+00:00,NVDA,142.0800018310547,142.0800018310547,142.1300048828125,142.03050231933594,142.039794921875,345798.0
2024-10-25 15:33:00+00:00,NVEI,33.494998931884766,33.494998931884766,33.494998931884766,33.494998931884766,33.494998931884766,236.0
2024-10-25 15:33:00+00:00,NVMI,184.74000549316406,184.74000549316406,184.74000549316406,184.74000549316406,184.74000549316406,404.0
2024-10-25 15:33:00+00:00,NVTS,2.5199999809265137,2.5199999809265137,2.5199999809265137,2.5199999809265137,2.5199999809265137,243.0
2024-10-25 15:33:00+00:00,NXPI,243.57000732421875,243.57000732421875,243.63999938964844,243.47000122070312,243.47000122070312,4836.0
2024-10-25 15:33:00+00:00,OKTA,72.18000030517578,72.18000030517578,72.21499633789062,72.17500305175781,72.19000244140625,5264.0
2024-10-25 15:33:00+00:00,ON,71.26000213623047,71.26000213623047,71.33000183105469,71.26000213623047,71.30000305175781,18200.0
2024-10-25 15:33:00+00:00,OSPN,14.569999694824219,14.569999694824219,14.569999694824219,14.569999694824219,14.569999694824219,2055.0
2024-10-25 15:33:00+00:00,OTEX,33.23500061035156,33.23500061035156,33.23500061035156,33.23500061035156,33.23500061035156,314.0
2024-10-25 15:33:00+00:00,PANW,366.1199951171875,366.1199951171875,366.2699890136719,366.1199951171875,366.1300048828125,4375.0
2024-10-25 15:33:00+00:00,PAYO,8.345000267028809,8.345000267028809,8.350000381469727,8.345000267028809,8.345000267028809,4598.0
2024-10-25 15:33:00+00:00,PCTY,173.47000122070312,173.47000122070312,173.47000122070312,173.4499969482422,173.4499969482422,1398.0
2024-10-25 15:33:00+00:00,PDFS,29.17289924621582,29.17289924621582,29.17289924621582,29.17289924621582,29.17289924621582,1275.0
2024-10-25 15:33:00+00:00,PEGA,79.81999969482422,79.81999969482422,79.91000366210938,79.80500030517578,79.80500030517578,6732.0
2024-10-25 15:33:00+00:00,PGY,11.944999694824219,11.944999694824219,11.944999694824219,11.941300392150879,11.941300392150879,811.0
2024-10-25 15:33:00+00:00,PHUN,10.600000381469727,10.600000381469727,10.600000381469727,10.481900215148926,10.5,73475.0
2024-10-25 15:33:00+00:00,PI,202.6999969482422,202.6999969482422,202.6999969482422,202.3249969482422,202.36000061035156,2623.0
2024-10-25 15:33:00+00:00,PLAB,23.63010025024414,23.63010025024414,23.639999389648438,23.63010025024414,23.639999389648438,1007.0
2024-10-25 15:33:00+00:00,PLXS,141.74000549316406,141.74000549316406,141.74000549316406,141.25,141.25,6771.0
2024-10-25 15:33:00+00:00,POWI,63.224998474121094,63.224998474121094,63.2400016784668,63.224998474121094,63.2400016784668,800.0
2024-10-25 15:33:00+00:00,PTC,187.22000122070312,187.22000122070312,187.22000122070312,187.19000244140625,187.22000122070312,2200.0
2024-10-25 15:33:00+00:00,PUBM,14.760000228881836,14.760000228881836,14.760000228881836,14.760000228881836,14.760000228881836,648.0
2024-10-25 15:33:00+00:00,PYCR,14.335000038146973,14.335000038146973,14.335000038146973,14.333700180053711,14.335000038146973,2171.0
2024-10-25 15:33:00+00:00,QCOM,170.64999389648438,170.64999389648438,170.75,170.64999389648438,170.71499633789062,6908.0
2024-10-25 15:33:00+00:00,QLYS,120.7300033569336,120.7300033569336,120.7300033569336,120.68499755859375,120.68499755859375,1431.0
2024-10-25 15:33:00+00:00,QRVO,99.81999969482422,99.81999969482422,99.91999816894531,99.81999969482422,99.91999816894531,3318.0
2024-10-25 15:33:00+00:00,QUBT,1.0779999494552612,1.0779999494552612,1.079300045967102,1.0779999494552612,1.079300045967102,2214.0
2024-10-25 15:33:00+00:00,QUIK,8.569999694824219,8.569999694824219,8.569999694824219,8.569999694824219,8.569999694824219,707.0
2024-10-25 15:33:00+00:00,RELY,14.890000343322754,14.890000343322754,14.895000457763672,14.890000343322754,14.890000343322754,2382.0
2024-10-25 15:33:00+00:00,RGTI,1.2144999504089355,1.2144999504089355,1.2192000150680542,1.2100000381469727,1.2100000381469727,14310.0
2024-10-25 15:33:00+00:00,RIOT,9.729999542236328,9.729999542236328,9.739999771118164,9.723799705505371,9.725000381469727,39070.0
2024-10-25 15:33:00+00:00,RMBS,43.41999816894531,43.41999816894531,43.439998626708984,43.40999984741211,43.41999816894531,4351.0
2024-10-25 15:33:00+00:00,RMNI,1.725000023841858,1.725000023841858,1.7269999980926514,1.725000023841858,1.7269999980926514,1211.0
2024-10-25 15:33:00+00:00,RPD,39.08000183105469,39.08000183105469,39.08000183105469,39.08000183105469,39.08000183105469,278.0
2024-10-25 15:33:00+00:00,RUM,5.690000057220459,5.690000057220459,5.690000057220459,5.670000076293945,5.670000076293945,3206.0
2024-10-25 15:33:00+00:00,RUN,14.404999732971191,14.404999732971191,14.404999732971191,14.395000457763672,14.395000457763672,5714.0
2024-10-25 15:33:00+00:00,SANM,67.56999969482422,67.56999969482422,67.58000183105469,67.55500030517578,67.55500030517578,1000.0
2024-10-25 15:33:00+00:00,SATS,25.079999923706055,25.079999923706055,25.149999618530273,25.079999923706055,25.110000610351562,7238.0
2024-10-25 15:33:00+00:00,SCSC,44.970001220703125,44.970001220703125,44.994998931884766,44.970001220703125,44.994998931884766,783.0
2024-10-25 15:33:00+00:00,SEDG,15.949999809265137,15.949999809265137,15.979000091552734,15.923100471496582,15.937999725341797,7128.0
2024-10-25 15:33:00+00:00,SHLS,5.190000057220459,5.190000057220459,5.190000057220459,5.190000057220459,5.190000057220459,1355.0
2024-10-25 15:33:00+00:00,SIMO,56.20000076293945,56.20000076293945,56.20000076293945,56.20000076293945,56.20000076293945,1279.0
2024-10-25 15:33:00+00:00,SITM,178.3699951171875,178.3699951171875,178.3699951171875,178.3699951171875,178.3699951171875,1174.0
2024-10-25 15:33:00+00:00,SMCI,47.46039962768555,47.46039962768555,47.48030090332031,47.43000030517578,47.45000076293945,42181.0
2024-10-25 15:33:00+00:00,SMTC,45.79999923706055,45.79999923706055,45.81999969482422,45.79999923706055,45.79999923706055,1684.0
2024-10-25 15:33:00+00:00,SNPS,501.9599914550781,501.9599914550781,501.9599914550781,501.9599914550781,501.9599914550781,2402.0
2024-10-25 15:33:00+00:00,SONO,12.65999984741211,12.65999984741211,12.664999961853027,12.65999984741211,12.65999984741211,2350.0
2024-10-25 15:33:00+00:00,SOUN,5.184899806976318,5.184899806976318,5.190000057220459,5.181300163269043,5.184999942779541,16713.0
2024-10-25 15:33:00+00:00,SPSC,170.02499389648438,170.02499389648438,170.02499389648438,170.02499389648438,170.02499389648438,258.0
2024-10-25 15:33:00+00:00,SPT,26.920000076293945,26.920000076293945,26.920000076293945,26.899999618530273,26.899999618530273,1002.0
2024-10-25 15:33:00+00:00,SRAD,12.305000305175781,12.305000305175781,12.3100004196167,12.305000305175781,12.309900283813477,3119.0
2024-10-25 15:33:00+00:00,SSNC,70.23999786376953,70.23999786376953,70.29000091552734,70.2249984741211,70.24500274658203,17764.0
2024-10-25 15:33:00+00:00,STNE,11.524999618530273,11.524999618530273,11.529999732971191,11.520000457763672,11.524999618530273,7438.0
2024-10-25 15:33:00+00:00,STX,103.50689697265625,103.50689697265625,103.55999755859375,103.50689697265625,103.52999877929688,3704.0
2024-10-25 15:33:00+00:00,SVRE,0.07890000194311142,0.07890000194311142,0.07890000194311142,0.07890000194311142,0.07890000194311142,308.0
2024-10-25 15:33:00+00:00,SWKS,95.70999908447266,95.70999908447266,95.7699966430664,95.70999908447266,95.76000213623047,2801.0
2024-10-25 15:33:00+00:00,SYTA,1.2999999523162842,1.2999999523162842,1.2999999523162842,1.2999999523162842,1.2999999523162842,2149.0
2024-10-25 15:33:00+00:00,TEAM,189.0030975341797,189.0030975341797,189.10000610351562,188.8300018310547,188.8300018310547,11448.0
2024-10-25 15:33:00+00:00,TENB,41.71500015258789,41.71500015258789,41.71500015258789,41.71500015258789,41.71500015258789,1083.0
2024-10-25 15:33:00+00:00,TER,112.17500305175781,112.17500305175781,112.2699966430664,112.16999816894531,112.20500183105469,7838.0
2024-10-25 15:33:00+00:00,TRMB,60.939998626708984,60.939998626708984,60.95000076293945,60.91999816894531,60.91999816894531,3303.0
2024-10-25 15:33:00+00:00,TSEM,44.70000076293945,44.70000076293945,44.72999954223633,44.689998626708984,44.689998626708984,3333.0
2024-10-25 15:33:00+00:00,TTD,119.30000305175781,119.30000305175781,119.31999969482422,119.26000213623047,119.26000213623047,4257.0
2024-10-25 15:33:00+00:00,TTEC,5.349999904632568,5.349999904632568,5.349999904632568,5.349999904632568,5.349999904632568,614.0
2024-10-25 15:33:00+00:00,TTMI,19.649999618530273,19.649999618530273,19.690000534057617,19.6299991607666,19.690000534057617,6421.0
2024-10-25 15:33:00+00:00,TWKS,4.449999809265137,4.449999809265137,4.449999809265137,4.445000171661377,4.445000171661377,2213.0
2024-10-25 15:33:00+00:00,TXN,207.16009521484375,207.16009521484375,207.27000427246094,207.13999938964844,207.13999938964844,6413.0
2024-10-25 15:33:00+00:00,UCTT,35.77000045776367,35.77000045776367,35.790000915527344,35.77000045776367,35.790000915527344,922.0
2024-10-25 15:33:00+00:00,VECO,29.354999542236328,29.354999542236328,29.360000610351562,29.350000381469727,29.350000381469727,2905.0
2024-10-25 15:33:00+00:00,VERX,41.96500015258789,41.96500015258789,41.96500015258789,41.935001373291016,41.935001373291016,864.0
2024-10-25 15:33:00+00:00,VIAV,9.220000267028809,9.220000267028809,9.220000267028809,9.220000267028809,9.220000267028809,5375.0
2024-10-25 15:33:00+00:00,VICR,46.52000045776367,46.52000045776367,46.52000045776367,46.52000045776367,46.52000045776367,1277.0
2024-10-25 15:33:00+00:00,VMEO,4.760000228881836,4.760000228881836,4.760000228881836,4.75,4.755000114440918,2380.0
2024-10-25 15:33:00+00:00,VNET,3.375,3.375,3.375,3.375,3.375,2812.0
2024-10-25 15:33:00+00:00,VOXX,7.554999828338623,7.554999828338623,7.554999828338623,7.53000020980835,7.53000020980835,2014.0
2024-10-25 15:33:00+00:00,VRNS,56.85499954223633,56.85499954223633,56.875,56.85499954223633,56.875,2834.0
2024-10-25 15:33:00+00:00,VRNT,21.81999969482422,21.81999969482422,21.829999923706055,21.81999969482422,21.829999923706055,1690.0
2024-10-25 15:33:00+00:00,VRSN,182.36500549316406,182.36500549316406,182.36500549316406,182.210205078125,182.210205078125,4311.0
2024-10-25 15:33:00+00:00,VSAT,10.21500015258789,10.21500015258789,10.21500015258789,10.210000038146973,10.21500015258789,3415.0
2024-10-25 15:33:00+00:00,WDAY,238.51840209960938,238.51840209960938,238.52000427246094,238.42999267578125,238.50999450683594,5105.0
2024-10-25 15:33:00+00:00,WDC,70.25499725341797,70.25499725341797,70.3499984741211,70.23999786376953,70.31999969482422,49653.0
2024-10-25 15:33:00+00:00,XPER,9.399999618530273,9.399999618530273,9.399999618530273,9.399999618530273,9.399999618530273,970.0
2024-10-25 15:33:00+00:00,XRX,10.005000114440918,10.005000114440918,10.005000114440918,10.005000114440918,10.005000114440918,218.0
2024-10-25 15:33:00+00:00,ZBRA,361.3450012207031,361.3450012207031,361.3450012207031,361.3450012207031,361.3450012207031,1115.0
2024-10-25 15:33:00+00:00,ZI,10.475000381469727,10.475000381469727,10.479999542236328,10.475000381469727,10.475000381469727,4015.0
2024-10-25 15:33:00+00:00,ZM,72.94999694824219,72.94999694824219,72.94999694824219,72.94000244140625,72.94000244140625,784.0
2024-10-25 15:33:00+00:00,ZS,184.9199981689453,184.9199981689453,185.0,184.74000549316406,185.0,8212.0
2024-10-25 15:34:00+00:00,AAOI,17.540000915527344,17.540000915527344,17.549999237060547,17.540000915527344,17.549999237060547,1801.0
2024-10-25 15:34:00+00:00,AAPL,231.52999877929688,231.52999877929688,231.61500549316406,231.52000427246094,231.58999633789062,37036.0
2024-10-25 15:34:00+00:00,ACIW,48.79999923706055,48.79999923706055,48.810001373291016,48.79999923706055,48.810001373291016,1650.0
2024-10-25 15:34:00+00:00,ADBE,483.3800048828125,483.3800048828125,483.52630615234375,483.3800048828125,483.42498779296875,2360.0
2024-10-25 15:34:00+00:00,ADI,230.98500061035156,230.98500061035156,231.0124969482422,230.97000122070312,231.0124969482422,1393.0
2024-10-25 15:34:00+00:00,ADSK,286.42999267578125,286.42999267578125,286.4599914550781,286.4270935058594,286.4599914550781,2324.0
2024-10-25 15:34:00+00:00,AEHR,17.03969955444336,17.03969955444336,17.059900283813477,17.020000457763672,17.049999237060547,4094.0
2024-10-25 15:34:00+00:00,AEYE,22.55500030517578,22.55500030517578,22.55500030517578,22.55500030517578,22.55500030517578,612.0
2024-10-25 15:34:00+00:00,AFRM,41.130001068115234,41.130001068115234,41.16999816894531,41.130001068115234,41.154998779296875,11276.0
2024-10-25 15:34:00+00:00,AGYS,110.5250015258789,110.5250015258789,110.58999633789062,110.5250015258789,110.58999633789062,1413.0
2024-10-25 15:34:00+00:00,AKAM,101.5999984741211,101.5999984741211,101.66000366210938,101.5999984741211,101.66000366210938,2604.0
2024-10-25 15:34:00+00:00,AKTS,0.05999999865889549,0.05999999865889549,0.05999999865889549,0.05990000069141388,0.05999999865889549,62782.0
2024-10-25 15:34:00+00:00,ALGM,23.149999618530273,23.149999618530273,23.149999618530273,23.145000457763672,23.145000457763672,1040.0
2024-10-25 15:34:00+00:00,ALKT,38.310001373291016,38.310001373291016,38.310001373291016,38.310001373291016,38.310001373291016,249.0
2024-10-25 15:34:00+00:00,ALRM,54.400001525878906,54.400001525878906,54.400001525878906,54.400001525878906,54.400001525878906,385.0
2024-10-25 15:34:00+00:00,AMAT,187.3300018310547,187.3300018310547,187.4364013671875,187.3300018310547,187.36990356445312,6148.0
2024-10-25 15:34:00+00:00,AMD,156.3800048828125,156.3800048828125,156.43499755859375,156.36000061035156,156.3979949951172,25821.0
2024-10-25 15:34:00+00:00,AMKR,30.040000915527344,30.040000915527344,30.059999465942383,30.040000915527344,30.049999237060547,4847.0
2024-10-25 15:34:00+00:00,AMPL,9.095000267028809,9.095000267028809,9.095000267028809,9.09000015258789,9.09000015258789,379.0
2024-10-25 15:34:00+00:00,ANSS,324.2900085449219,324.2900085449219,324.2900085449219,324.2799987792969,324.2799987792969,1194.0
2024-10-25 15:34:00+00:00,AOSL,36.13999938964844,36.13999938964844,36.29999923706055,36.13999938964844,36.290000915527344,2132.0
2024-10-25 15:34:00+00:00,APP,161.9499969482422,161.9499969482422,161.9499969482422,161.77000427246094,161.82000732421875,16983.0
2024-10-25 15:34:00+00:00,APPF,212.33999633789062,212.33999633789062,212.33999633789062,212.1300048828125,212.1300048828125,1279.0
2024-10-25 15:34:00+00:00,APPN,32.31999969482422,32.31999969482422,32.31999969482422,32.29999923706055,32.310001373291016,1776.0
2024-10-25 15:34:00+00:00,APPS,3.0699000358581543,3.0699000358581543,3.0699000358581543,3.0699000358581543,3.0699000358581543,242.0
2024-10-25 15:34:00+00:00,ARRY,6.440000057220459,6.440000057220459,6.449999809265137,6.440000057220459,6.445000171661377,18915.0
2024-10-25 15:34:00+00:00,ASML,714.4799194335938,714.4799194335938,714.4799194335938,714.4799194335938,714.4799194335938,1713.0
2024-10-25 15:34:00+00:00,ASNS,1.2999999523162842,1.2999999523162842,1.2999999523162842,1.2999999523162842,1.2999999523162842,200.0
2024-10-25 15:34:00+00:00,ASTI,2.7899999618530273,2.7899999618530273,2.8399999141693115,2.7899999618530273,2.8399999141693115,6220.0
2024-10-25 15:34:00+00:00,ASUR,9.595000267028809,9.595000267028809,9.595000267028809,9.595000267028809,9.595000267028809,206.0
2024-10-25 15:34:00+00:00,AUR,6.394999980926514,6.394999980926514,6.400000095367432,6.394000053405762,6.394999980926514,5702.0
2024-10-25 15:34:00+00:00,AVDX,8.09000015258789,8.09000015258789,8.09000015258789,8.079999923706055,8.09000015258789,13636.0
2024-10-25 15:34:00+00:00,AVGO,173.89999389648438,173.89999389648438,174.0299072265625,173.89999389648438,173.91000366210938,33293.0
2024-10-25 15:34:00+00:00,AVPT,11.895000457763672,11.895000457763672,11.90999984741211,11.895000457763672,11.90999984741211,2045.0
2024-10-25 15:34:00+00:00,AVT,54.11000061035156,54.11000061035156,54.119998931884766,54.095001220703125,54.10499954223633,4729.0
2024-10-25 15:34:00+00:00,AXTI,2.6649999618530273,2.6649999618530273,2.6649999618530273,2.6649999618530273,2.6649999618530273,149.0
2024-10-25 15:34:00+00:00,AZPN,237.61500549316406,237.61500549316406,237.61500549316406,237.61500549316406,237.61500549316406,725.0
2024-10-25 15:34:00+00:00,BLKB,85.63999938964844,85.63999938964844,85.63999938964844,85.63999938964844,85.63999938964844,551.0
2024-10-25 15:34:00+00:00,BLZE,7.164999961853027,7.164999961853027,7.164999961853027,7.164999961853027,7.164999961853027,717.0
2024-10-25 15:34:00+00:00,BMBL,7.135000228881836,7.135000228881836,7.144999980926514,7.130000114440918,7.144999980926514,5483.0
2024-10-25 15:34:00+00:00,BOXL,0.4749000072479248,0.4749000072479248,0.4749000072479248,0.4702000021934509,0.4702000021934509,471.0
2024-10-25 15:34:00+00:00,BRZE,30.6200008392334,30.6200008392334,30.6200008392334,30.6200008392334,30.6200008392334,505.0
2024-10-25 15:34:00+00:00,BSY,49.099998474121094,49.099998474121094,49.099998474121094,49.099998474121094,49.099998474121094,2083.0
2024-10-25 15:34:00+00:00,CAN,0.9732999801635742,0.9732999801635742,0.9733999967575073,0.9732999801635742,0.9732999801635742,16264.0
2024-10-25 15:34:00+00:00,CDNS,257.635009765625,257.635009765625,257.6700134277344,257.54998779296875,257.6400146484375,3627.0
2024-10-25 15:34:00+00:00,CDW,217.58999633789062,217.58999633789062,217.58999633789062,217.531005859375,217.531005859375,795.0
2024-10-25 15:34:00+00:00,CFLT,22.40999984741211,22.40999984741211,22.40999984741211,22.405000686645508,22.405000686645508,5758.0
2024-10-25 15:34:00+00:00,CGNX,38.849998474121094,38.849998474121094,38.849998474121094,38.84000015258789,38.84000015258789,1597.0
2024-10-25 15:34:00+00:00,CHKP,206.11000061035156,206.11000061035156,206.1300048828125,206.08999633789062,206.08999633789062,752.0
2024-10-25 15:34:00+00:00,CLBT,18.201000213623047,18.201000213623047,18.225000381469727,18.200000762939453,18.225000381469727,2430.0
2024-10-25 15:34:00+00:00,CLFD,36.45000076293945,36.45000076293945,36.459999084472656,36.45000076293945,36.459999084472656,3132.0
2024-10-25 15:34:00+00:00,CLSK,11.529999732971191,11.529999732971191,11.555000305175781,11.520000457763672,11.555000305175781,70022.0
2024-10-25 15:34:00+00:00,CMTL,3.7899999618530273,3.7899999618530273,3.7899999618530273,3.7899999618530273,3.7899999618530273,1569.0
2024-10-25 15:34:00+00:00,CNDT,3.5899999141693115,3.5899999141693115,3.5899999141693115,3.5899999141693115,3.5899999141693115,225.0
2024-10-25 15:34:00+00:00,CNXC,44.45000076293945,44.45000076293945,44.45000076293945,44.45000076293945,44.45000076293945,1177.0
2024-10-25 15:34:00+00:00,COHR,95.62999725341797,95.62999725341797,95.62999725341797,95.58000183105469,95.58000183105469,2101.0
2024-10-25 15:34:00+00:00,COIN,204.82000732421875,204.82000732421875,204.9199981689453,204.69000244140625,204.86000061035156,25144.0
2024-10-25 15:34:00+00:00,COMM,6.215000152587891,6.215000152587891,6.215000152587891,6.215000152587891,6.215000152587891,1933.0
2024-10-25 15:34:00+00:00,CORZ,13.25,13.25,13.255000114440918,13.244999885559082,13.244999885559082,14636.0
2024-10-25 15:34:00+00:00,CRCT,6.554999828338623,6.554999828338623,6.554999828338623,6.554999828338623,6.554999828338623,354.0
2024-10-25 15:34:00+00:00,CRDO,39.16999816894531,39.16999816894531,39.18000030517578,39.16999816894531,39.18000030517578,813.0
2024-10-25 15:34:00+00:00,CRNT,2.4760000705718994,2.4760000705718994,2.4760000705718994,2.4760000705718994,2.4760000705718994,444.0
2024-10-25 15:34:00+00:00,CRSR,6.315000057220459,6.315000057220459,6.315000057220459,6.315000057220459,6.315000057220459,763.0
2024-10-25 15:34:00+00:00,CRUS,122.33000183105469,122.33000183105469,122.38760375976562,122.33000183105469,122.38760375976562,458.0
2024-10-25 15:34:00+00:00,CRWD,299.5776062011719,299.5776062011719,299.7658996582031,299.510009765625,299.69000244140625,5969.0
2024-10-25 15:34:00+00:00,CSCO,55.73500061035156,55.73500061035156,55.749698638916016,55.73500061035156,55.744998931884766,12716.0
2024-10-25 15:34:00+00:00,CSIQ,13.350000381469727,13.350000381469727,13.350000381469727,13.345000267028809,13.345000267028809,1159.0
2024-10-25 15:34:00+00:00,CTLP,8.895000457763672,8.895000457763672,8.895000457763672,8.895000457763672,8.895000457763672,135.0
2024-10-25 15:34:00+00:00,CTSH,74.7699966430664,74.7699966430664,74.7699966430664,74.76000213623047,74.76000213623047,2261.0
2024-10-25 15:34:00+00:00,CVLT,134.5800018310547,134.5800018310547,134.5800018310547,134.5800018310547,134.5800018310547,115.0
2024-10-25 15:34:00+00:00,DAKT,13.074999809265137,13.074999809265137,13.074999809265137,13.0600004196167,13.0600004196167,5947.0
2024-10-25 15:34:00+00:00,DBX,26.03499984741211,26.03499984741211,26.040000915527344,26.030000686645508,26.03499984741211,12301.0
2024-10-25 15:34:00+00:00,DDOG,126.56500244140625,126.56500244140625,126.61000061035156,126.54000091552734,126.58499908447266,6671.0
2024-10-25 15:34:00+00:00,DGII,30.06999969482422,30.06999969482422,30.06999969482422,30.06999969482422,30.06999969482422,200.0
2024-10-25 15:34:00+00:00,DLO,8.819000244140625,8.819000244140625,8.819999694824219,8.819000244140625,8.819999694824219,1707.0
2024-10-25 15:34:00+00:00,DOCU,68.875,68.875,68.91230010986328,68.87000274658203,68.87999725341797,9066.0
2024-10-25 15:34:00+00:00,DOMO,8.085000038146973,8.085000038146973,8.085000038146973,8.085000038146973,8.085000038146973,749.0
2024-10-25 15:34:00+00:00,DTSS,2.45989990234375,2.45989990234375,2.4600000381469727,2.450000047683716,2.450000047683716,1100.0
2024-10-25 15:34:00+00:00,DTST,3.450000047683716,3.450000047683716,3.450000047683716,3.450000047683716,3.450000047683716,651.0
2024-10-25 15:34:00+00:00,DUOL,291.489990234375,291.489990234375,291.5150146484375,291.489990234375,291.5150146484375,1013.0
2024-10-25 15:34:00+00:00,EEFT,100.4800033569336,100.4800033569336,100.4800033569336,100.47000122070312,100.47000122070312,2217.0
2024-10-25 15:34:00+00:00,ENPH,83.58999633789062,83.58999633789062,83.58999633789062,83.52999877929688,83.54000091552734,8857.0
2024-10-25 15:34:00+00:00,ENTG,105.61499786376953,105.61499786376953,105.61499786376953,105.4800033569336,105.55999755859375,1865.0
2024-10-25 15:34:00+00:00,ERIC,8.46500015258789,8.46500015258789,8.46500015258789,8.460000038146973,8.46500015258789,10281.0
2024-10-25 15:34:00+00:00,EXLS,38.578399658203125,38.578399658203125,38.578399658203125,38.578399658203125,38.578399658203125,434.0
2024-10-25 15:34:00+00:00,EXTR,14.350000381469727,14.350000381469727,14.350000381469727,14.345000267028809,14.345000267028809,1247.0
2024-10-25 15:34:00+00:00,FFIV,216.69500732421875,216.69500732421875,216.69500732421875,216.63999938964844,216.69500732421875,2381.0
2024-10-25 15:34:00+00:00,FIVN,29.829999923706055,29.829999923706055,29.829999923706055,29.829999923706055,29.829999923706055,716.0
2024-10-25 15:34:00+00:00,FKWL,4.179999828338623,4.179999828338623,4.179999828338623,4.179999828338623,4.179999828338623,0.0
2024-10-25 15:34:00+00:00,FLEX,35.185001373291016,35.185001373291016,35.185001373291016,35.16999816894531,35.16999816894531,6673.0
2024-10-25 15:34:00+00:00,FLYW,17.357500076293945,17.357500076293945,17.357500076293945,17.350000381469727,17.350000381469727,1207.0
2024-10-25 15:34:00+00:00,FROG,29.260000228881836,29.260000228881836,29.270000457763672,29.260000228881836,29.270000457763672,4695.0
2024-10-25 15:34:00+00:00,FRSH,11.595000267028809,11.595000267028809,11.600000381469727,11.59000015258789,11.59000015258789,10555.0
2024-10-25 15:34:00+00:00,FSLR,198.1699981689453,198.1699981689453,198.1699981689453,198.1699981689453,198.1699981689453,1174.0
2024-10-25 15:34:00+00:00,FTNT,80.5,80.5,80.55000305175781,80.48999786376953,80.52680206298828,12170.0
2024-10-25 15:34:00+00:00,GCT,24.524999618530273,24.524999618530273,24.524999618530273,24.479999542236328,24.485000610351562,4290.0
2024-10-25 15:34:00+00:00,GDS,21.270999908447266,21.270999908447266,21.274999618530273,21.231000900268555,21.274999618530273,9357.0
2024-10-25 15:34:00+00:00,GDYN,15.640000343322754,15.640000343322754,15.640000343322754,15.640000343322754,15.640000343322754,328.0
2024-10-25 15:34:00+00:00,GFS,40.40999984741211,40.40999984741211,40.43000030517578,40.40999984741211,40.43000030517578,1436.0
2024-10-25 15:34:00+00:00,GILT,4.929999828338623,4.929999828338623,4.929999828338623,4.929999828338623,4.929999828338623,151.0
2024-10-25 15:34:00+00:00,GPRO,1.3049999475479126,1.3049999475479126,1.3049999475479126,1.2999999523162842,1.2999999523162842,364.0
2024-10-25 15:34:00+00:00,GRAB,4.085000038146973,4.085000038146973,4.085000038146973,4.085000038146973,4.085000038146973,24134.0
2024-10-25 15:34:00+00:00,GTLB,54.875,54.875,54.880001068115234,54.86000061035156,54.86000061035156,2416.0
2024-10-25 15:34:00+00:00,HCKT,24.584999084472656,24.584999084472656,24.584999084472656,24.584999084472656,24.584999084472656,520.0
2024-10-25 15:34:00+00:00,HCP,33.6349983215332,33.6349983215332,33.63999938964844,33.6349983215332,33.6349983215332,1153.0
2024-10-25 15:34:00+00:00,HOLO,3.6259000301361084,3.6259000301361084,3.6259000301361084,3.6259000301361084,3.6259000301361084,3000.0
2024-10-25 15:34:00+00:00,HOOD,27.049999237060547,27.049999237060547,27.049999237060547,27.041000366210938,27.049999237060547,10721.0
2024-10-25 15:34:00+00:00,ICHR,27.54599952697754,27.54599952697754,27.54599952697754,27.54599952697754,27.54599952697754,622.0
2024-10-25 15:34:00+00:00,IMMR,8.65999984741211,8.65999984741211,8.65999984741211,8.654999732971191,8.654999732971191,1791.0
2024-10-25 15:34:00+00:00,INDI,3.4749999046325684,3.4749999046325684,3.4749999046325684,3.4700000286102295,3.4749999046325684,668.0
2024-10-25 15:34:00+00:00,INFN,6.769999980926514,6.769999980926514,6.78000020980835,6.769999980926514,6.78000020980835,1223.0
2024-10-25 15:34:00+00:00,INOD,20.135000228881836,20.135000228881836,20.149999618530273,20.110000610351562,20.110000610351562,819.0
2024-10-25 15:34:00+00:00,INTA,50.099098205566406,50.099098205566406,50.099098205566406,50.09000015258789,50.09000015258789,794.0
2024-10-25 15:34:00+00:00,INTC,22.795000076293945,22.795000076293945,22.809999465942383,22.79010009765625,22.795000076293945,128978.0
2024-10-25 15:34:00+00:00,IPGP,77.09310150146484,77.09310150146484,77.09310150146484,77.09310150146484,77.09310150146484,644.0
2024-10-25 15:34:00+00:00,ITI,7.199999809265137,7.199999809265137,7.199999809265137,7.199999809265137,7.199999809265137,336.0
2024-10-25 15:34:00+00:00,ITRI,102.69000244140625,102.69000244140625,102.69000244140625,102.66000366210938,102.66000366210938,1611.0
2024-10-25 15:34:00+00:00,JAMF,16.7450008392334,16.7450008392334,16.7450008392334,16.7450008392334,16.7450008392334,585.0
2024-10-25 15:34:00+00:00,JKHY,182.8300018310547,182.8300018310547,182.92999267578125,182.8300018310547,182.92999267578125,867.0
2024-10-25 15:34:00+00:00,KC,2.674999952316284,2.674999952316284,2.674999952316284,2.6700000762939453,2.6700000762939453,2730.0
2024-10-25 15:34:00+00:00,KLAC,677.0499877929688,677.0499877929688,677.0499877929688,677.0499877929688,677.0499877929688,2604.0
2024-10-25 15:34:00+00:00,KLIC,44.6150016784668,44.6150016784668,44.6150016784668,44.599998474121094,44.599998474121094,892.0
2024-10-25 15:34:00+00:00,LINK,4.960000038146973,4.960000038146973,4.960000038146973,4.960000038146973,4.960000038146973,3962.0
2024-10-25 15:34:00+00:00,LITE,64.48500061035156,64.48500061035156,64.48500061035156,64.47000122070312,64.4800033569336,2738.0
2024-10-25 15:34:00+00:00,LOGI,80.73989868164062,80.73989868164062,80.73989868164062,80.72000122070312,80.72000122070312,699.0
2024-10-25 15:34:00+00:00,LPSN,1.1651999950408936,1.1651999950408936,1.1651999950408936,1.1651999950408936,1.1651999950408936,1112.0
2024-10-25 15:34:00+00:00,LPTH,1.6699999570846558,1.6699999570846558,1.6699999570846558,1.6699999570846558,1.6699999570846558,1.0
2024-10-25 15:34:00+00:00,LRCX,78.19000244140625,78.19000244140625,78.2490005493164,78.19000244140625,78.19999694824219,20888.0
2024-10-25 15:34:00+00:00,LSCC,54.0099983215332,54.0099983215332,54.01499938964844,54.0,54.0099983215332,2583.0
2024-10-25 15:34:00+00:00,LTRX,4.090000152587891,4.090000152587891,4.090000152587891,4.090000152587891,4.090000152587891,325.0
2024-10-25 15:34:00+00:00,LYFT,13.555000305175781,13.555000305175781,13.59000015258789,13.555000305175781,13.5600004196167,60792.0
2024-10-25 15:34:00+00:00,MANH,276.0400085449219,276.0400085449219,276.0400085449219,275.9800109863281,275.9800109863281,1291.0
2024-10-25 15:34:00+00:00,MCHP,76.63999938964844,76.63999938964844,76.6500015258789,76.62999725341797,76.62999725341797,3464.0
2024-10-25 15:34:00+00:00,MDB,267.3299865722656,267.3299865722656,267.3299865722656,267.1300048828125,267.2049865722656,1702.0
2024-10-25 15:34:00+00:00,MITK,8.770000457763672,8.770000457763672,8.770000457763672,8.770000457763672,8.770000457763672,475.0
2024-10-25 15:34:00+00:00,MQ,5.309999942779541,5.309999942779541,5.309999942779541,5.304999828338623,5.304999828338623,2160.0
2024-10-25 15:34:00+00:00,MRVL,82.03500366210938,82.03500366210938,82.07499694824219,82.02999877929688,82.05870056152344,8450.0
2024-10-25 15:34:00+00:00,MSFT,428.3800048828125,428.3800048828125,428.4324951171875,428.3800048828125,428.4200134277344,10789.0
2024-10-25 15:34:00+00:00,MSTR,233.83999633789062,233.83999633789062,234.14999389648438,233.69000244140625,234.0,54485.0
2024-10-25 15:34:00+00:00,MTC,0.37619999051094055,0.37619999051094055,0.37619999051094055,0.3756999969482422,0.3756999969482422,3335.0
2024-10-25 15:34:00+00:00,MTLS,5.914999961853027,5.914999961853027,5.914999961853027,5.914999961853027,5.914999961853027,288.0
2024-10-25 15:34:00+00:00,MTSI,121.25,121.25,121.36000061035156,121.25,121.36000061035156,1292.0
2024-10-25 15:34:00+00:00,MTTR,4.550000190734863,4.550000190734863,4.554999828338623,4.550000190734863,4.554999828338623,2413.0
2024-10-25 15:34:00+00:00,MU,108.26000213623047,108.26000213623047,108.28369903564453,108.23999786376953,108.23999786376953,9773.0
2024-10-25 15:34:00+00:00,MVIS,1.0750000476837158,1.0750000476837158,1.0750000476837158,1.0750000476837158,1.0750000476837158,1015.0
2024-10-25 15:34:00+00:00,MXL,14.725000381469727,14.725000381469727,14.739999771118164,14.725000381469727,14.739999771118164,3858.0
2024-10-25 15:34:00+00:00,NCNO,37.914798736572266,37.914798736572266,37.914798736572266,37.90340042114258,37.90340042114258,1068.0
2024-10-25 15:34:00+00:00,NEON,8.114999771118164,8.114999771118164,8.140000343322754,8.10099983215332,8.140000343322754,1431.0
2024-10-25 15:34:00+00:00,NICE,174.52499389648438,174.52499389648438,174.52499389648438,174.52499389648438,174.52499389648438,1048.0
2024-10-25 15:34:00+00:00,NSIT,209.35000610351562,209.35000610351562,209.39999389648438,209.35000610351562,209.39999389648438,2157.0
2024-10-25 15:34:00+00:00,NTAP,119.81999969482422,119.81999969482422,119.81999969482422,119.80000305175781,119.80000305175781,1316.0
2024-10-25 15:34:00+00:00,NTCT,20.649999618530273,20.649999618530273,20.649999618530273,20.649999618530273,20.649999618530273,460.0
2024-10-25 15:34:00+00:00,NTNX,61.7599983215332,61.7599983215332,61.76499938964844,61.75,61.75,996.0
2024-10-25 15:34:00+00:00,NVDA,142.0449981689453,142.0449981689453,142.1199951171875,142.0399932861328,142.0800018310547,254147.0
2024-10-25 15:34:00+00:00,NVEI,33.4900016784668,33.4900016784668,33.4900016784668,33.4900016784668,33.4900016784668,211.0
2024-10-25 15:34:00+00:00,NVTS,2.5250000953674316,2.5250000953674316,2.5250000953674316,2.5199999809265137,2.5199999809265137,1024.0
2024-10-25 15:34:00+00:00,NXPI,243.55999755859375,243.55999755859375,243.57000732421875,243.49000549316406,243.57000732421875,2596.0
2024-10-25 15:34:00+00:00,OKTA,72.18499755859375,72.18499755859375,72.19000244140625,72.16999816894531,72.16999816894531,5568.0
2024-10-25 15:34:00+00:00,OLED,202.99000549316406,202.99000549316406,202.99000549316406,202.99000549316406,202.99000549316406,1026.0
2024-10-25 15:34:00+00:00,ON,71.29000091552734,71.29000091552734,71.31999969482422,71.2699966430664,71.2699966430664,9993.0
2024-10-25 15:34:00+00:00,OTEX,33.23500061035156,33.23500061035156,33.23500061035156,33.23500061035156,33.23500061035156,811.0
2024-10-25 15:34:00+00:00,PANW,366.0199890136719,366.0199890136719,366.29010009765625,366.0199890136719,366.1600036621094,3081.0
2024-10-25 15:34:00+00:00,PAYO,8.345000267028809,8.345000267028809,8.345000267028809,8.345000267028809,8.345000267028809,5368.0
2024-10-25 15:34:00+00:00,PCTY,173.4550018310547,173.4550018310547,173.4550018310547,173.42999267578125,173.42999267578125,314.0
2024-10-25 15:34:00+00:00,PEGA,79.81500244140625,79.81500244140625,79.81500244140625,79.81500244140625,79.81500244140625,2005.0
2024-10-25 15:34:00+00:00,PEGY,4.769999980926514,4.769999980926514,4.869999885559082,4.690000057220459,4.735000133514404,12086.0
2024-10-25 15:34:00+00:00,PGY,11.949999809265137,11.949999809265137,11.949999809265137,11.9399995803833,11.944999694824219,3080.0
2024-10-25 15:34:00+00:00,PHUN,10.550000190734863,10.550000190734863,10.649999618530273,10.550000190734863,10.59000015258789,82710.0
2024-10-25 15:34:00+00:00,PI,202.22999572753906,202.22999572753906,202.8000030517578,202.22999572753906,202.8000030517578,2827.0
2024-10-25 15:34:00+00:00,PLAB,23.636999130249023,23.636999130249023,23.636999130249023,23.636999130249023,23.636999130249023,567.0
2024-10-25 15:34:00+00:00,PLXS,141.72250366210938,141.72250366210938,141.72999572753906,141.72250366210938,141.72999572753906,962.0
2024-10-25 15:34:00+00:00,POET,3.8540000915527344,3.8540000915527344,3.8540000915527344,3.8540000915527344,3.8540000915527344,347.0
2024-10-25 15:34:00+00:00,POWI,63.224998474121094,63.224998474121094,63.224998474121094,63.224998474121094,63.224998474121094,479.0
2024-10-25 15:34:00+00:00,PRTH,5.275000095367432,5.275000095367432,5.275000095367432,5.275000095367432,5.275000095367432,486.0
2024-10-25 15:34:00+00:00,PTC,187.1999969482422,187.1999969482422,187.1999969482422,187.1999969482422,187.1999969482422,1272.0
2024-10-25 15:34:00+00:00,PYCR,14.329999923706055,14.329999923706055,14.335000038146973,14.329999923706055,14.329999923706055,2630.0
2024-10-25 15:34:00+00:00,QCOM,170.6999969482422,170.6999969482422,170.74000549316406,170.6750030517578,170.6750030517578,5439.0
2024-10-25 15:34:00+00:00,QLYS,120.7300033569336,120.7300033569336,120.77899932861328,120.7300033569336,120.77899932861328,2615.0
2024-10-25 15:34:00+00:00,QRVO,99.80999755859375,99.80999755859375,99.875,99.80000305175781,99.80999755859375,2338.0
2024-10-25 15:34:00+00:00,REFR,2.184999942779541,2.184999942779541,2.184999942779541,2.180000066757202,2.180000066757202,5465.0
2024-10-25 15:34:00+00:00,REKR,1.0839999914169312,1.0839999914169312,1.0839999914169312,1.0839999914169312,1.0839999914169312,404.0
2024-10-25 15:34:00+00:00,RELY,14.880000114440918,14.880000114440918,14.890000343322754,14.880000114440918,14.890000343322754,4538.0
2024-10-25 15:34:00+00:00,RGTI,1.2181999683380127,1.2181999683380127,1.2181999683380127,1.2101000547409058,1.215000033378601,1586.0
2024-10-25 15:34:00+00:00,RIOT,9.71500015258789,9.71500015258789,9.729999542236328,9.710000038146973,9.729999542236328,23461.0
2024-10-25 15:34:00+00:00,RMBS,43.41999816894531,43.41999816894531,43.41999816894531,43.39500045776367,43.39500045776367,712.0
2024-10-25 15:34:00+00:00,RMNI,1.7200000286102295,1.7200000286102295,1.725000023841858,1.7200000286102295,1.725000023841858,1029.0
2024-10-25 15:34:00+00:00,RPAY,7.704999923706055,7.704999923706055,7.704999923706055,7.704999923706055,7.704999923706055,1236.0
2024-10-25 15:34:00+00:00,RPD,39.040000915527344,39.040000915527344,39.07500076293945,39.040000915527344,39.07500076293945,1426.0
2024-10-25 15:34:00+00:00,RUM,5.684999942779541,5.684999942779541,5.690000057220459,5.680099964141846,5.684999942779541,5693.0
2024-10-25 15:34:00+00:00,RUN,14.395000457763672,14.395000457763672,14.399999618530273,14.390000343322754,14.399999618530273,17251.0
2024-10-25 15:34:00+00:00,SANM,67.58999633789062,67.58999633789062,67.58999633789062,67.58999633789062,67.58999633789062,713.0
2024-10-25 15:34:00+00:00,SCSC,44.959999084472656,44.959999084472656,44.959999084472656,44.959999084472656,44.959999084472656,1044.0
2024-10-25 15:34:00+00:00,SEDG,15.970000267028809,15.970000267028809,15.989999771118164,15.949999809265137,15.949999809265137,8010.0
2024-10-25 15:34:00+00:00,SHLS,5.190000057220459,5.190000057220459,5.195000171661377,5.190000057220459,5.190000057220459,4690.0
2024-10-25 15:34:00+00:00,SIMO,56.21500015258789,56.21500015258789,56.21500015258789,56.21500015258789,56.21500015258789,663.0
2024-10-25 15:34:00+00:00,SITM,178.55999755859375,178.55999755859375,178.5800018310547,178.55999755859375,178.5800018310547,735.0
2024-10-25 15:34:00+00:00,SKYT,10.460000038146973,10.460000038146973,10.460000038146973,10.460000038146973,10.460000038146973,410.0
2024-10-25 15:34:00+00:00,SLAB,113.91500091552734,113.91500091552734,113.91500091552734,113.91500091552734,113.91500091552734,136.0
2024-10-25 15:34:00+00:00,SLNH,3.940000057220459,3.940000057220459,3.940000057220459,3.940000057220459,3.940000057220459,1165.0
2024-10-25 15:34:00+00:00,SMCI,47.44990158081055,47.44990158081055,47.469398498535156,47.43000030517578,47.469398498535156,17740.0
2024-10-25 15:34:00+00:00,SMSI,0.8141000270843506,0.8141000270843506,0.8141000270843506,0.8141000270843506,0.8141000270843506,1206.0
2024-10-25 15:34:00+00:00,SMTC,45.71500015258789,45.71500015258789,45.77000045776367,45.689998626708984,45.77000045776367,262852.0
2024-10-25 15:34:00+00:00,SONO,12.654999732971191,12.654999732971191,12.654999732971191,12.654999732971191,12.654999732971191,1013.0
2024-10-25 15:34:00+00:00,SOUN,5.179999828338623,5.179999828338623,5.190000057220459,5.179999828338623,5.184999942779541,3766.0
2024-10-25 15:34:00+00:00,SPSC,170.05499267578125,170.05499267578125,170.10000610351562,170.05499267578125,170.10000610351562,1293.0
2024-10-25 15:34:00+00:00,SRAD,12.300000190734863,12.300000190734863,12.305000305175781,12.289999961853027,12.300000190734863,3600.0
2024-10-25 15:34:00+00:00,SSNC,70.25,70.25,70.27890014648438,70.25,70.25,4226.0
2024-10-25 15:34:00+00:00,STNE,11.505000114440918,11.505000114440918,11.529999732971191,11.5,11.520000457763672,10496.0
2024-10-25 15:34:00+00:00,STX,103.5199966430664,103.5199966430664,103.52999877929688,103.5,103.5250015258789,5835.0
2024-10-25 15:34:00+00:00,SURG,1.7400000095367432,1.7400000095367432,1.7400000095367432,1.7400000095367432,1.7400000095367432,100.0
2024-10-25 15:34:00+00:00,SVRE,0.07900000363588333,0.07900000363588333,0.07900000363588333,0.07840000092983246,0.07840000092983246,19430.0
2024-10-25 15:34:00+00:00,SWKS,95.72000122070312,95.72000122070312,95.73500061035156,95.71499633789062,95.71499633789062,1599.0
2024-10-25 15:34:00+00:00,SYTA,1.2999999523162842,1.2999999523162842,1.309999942779541,1.2999999523162842,1.309999942779541,1785.0
2024-10-25 15:34:00+00:00,TASK,12.0,12.0,12.0,11.989999771118164,11.989999771118164,504.0
2024-10-25 15:34:00+00:00,TEAM,189.0500030517578,189.0500030517578,189.07000732421875,188.94000244140625,189.07000732421875,9282.0
2024-10-25 15:34:00+00:00,TENB,41.70000076293945,41.70000076293945,41.70000076293945,41.689998626708984,41.69900131225586,3311.0
2024-10-25 15:34:00+00:00,TER,112.2300033569336,112.2300033569336,112.2699966430664,112.19000244140625,112.19000244140625,7317.0
2024-10-25 15:34:00+00:00,TRMB,60.95000076293945,60.95000076293945,60.95000076293945,60.95000076293945,60.95000076293945,336.0
2024-10-25 15:34:00+00:00,TSEM,44.68000030517578,44.68000030517578,44.689998626708984,44.68000030517578,44.689998626708984,540.0
2024-10-25 15:34:00+00:00,TTD,119.26499938964844,119.26499938964844,119.30680084228516,119.26000213623047,119.2979965209961,4358.0
2024-10-25 15:34:00+00:00,TTMI,19.655000686645508,19.655000686645508,19.663999557495117,19.649999618530273,19.65999984741211,4995.0
2024-10-25 15:34:00+00:00,TWKS,4.445000171661377,4.445000171661377,4.449999809265137,4.440000057220459,4.445000171661377,4065.0
2024-10-25 15:34:00+00:00,TXN,207.2100067138672,207.2100067138672,207.24000549316406,207.1999969482422,207.1999969482422,4881.0
2024-10-25 15:34:00+00:00,UCTT,35.779998779296875,35.779998779296875,35.779998779296875,35.779998779296875,35.779998779296875,160.0
2024-10-25 15:34:00+00:00,UPLD,2.130000114440918,2.130000114440918,2.130000114440918,2.130000114440918,2.130000114440918,651.0
2024-10-25 15:34:00+00:00,VECO,29.360000610351562,29.360000610351562,29.360000610351562,29.360000610351562,29.360000610351562,361.0
2024-10-25 15:34:00+00:00,VERB,10.835000038146973,10.835000038146973,10.835000038146973,10.760000228881836,10.760000228881836,5061.0
2024-10-25 15:34:00+00:00,VERX,41.96969985961914,41.96969985961914,41.96969985961914,41.96500015258789,41.96500015258789,1214.0
2024-10-25 15:34:00+00:00,VMEO,4.755000114440918,4.755000114440918,4.755000114440918,4.755000114440918,4.755000114440918,2531.0
2024-10-25 15:34:00+00:00,VNET,3.375,3.375,3.375,3.375,3.375,104.0
2024-10-25 15:34:00+00:00,VRNS,56.869998931884766,56.869998931884766,56.869998931884766,56.869998931884766,56.869998931884766,666.0
2024-10-25 15:34:00+00:00,VRNT,21.81999969482422,21.81999969482422,21.81999969482422,21.81999969482422,21.81999969482422,833.0
2024-10-25 15:34:00+00:00,VRSN,182.22999572753906,182.22999572753906,182.44000244140625,182.22999572753906,182.44000244140625,5038.0
2024-10-25 15:34:00+00:00,VSAT,10.210000038146973,10.210000038146973,10.21500015258789,10.210000038146973,10.210000038146973,5086.0
2024-10-25 15:34:00+00:00,WDAY,238.3300018310547,238.3300018310547,238.3800048828125,238.3300018310547,238.3800048828125,2900.0
2024-10-25 15:34:00+00:00,WDC,70.20999908447266,70.20999908447266,70.2699966430664,70.19000244140625,70.2699966430664,32170.0
2024-10-25 15:34:00+00:00,WISA,1.9800000190734863,1.9800000190734863,1.9900000095367432,1.9800000190734863,1.9900000095367432,1180.0
2024-10-25 15:34:00+00:00,WRAP,1.8480000495910645,1.8480000495910645,1.8480000495910645,1.8480000495910645,1.8480000495910645,1000.0
2024-10-25 15:34:00+00:00,XRX,10.0,10.0,10.010000228881836,10.0,10.010000228881836,6671.0
2024-10-25 15:34:00+00:00,ZI,10.475000381469727,10.475000381469727,10.475000381469727,10.475000381469727,10.475000381469727,744.0
2024-10-25 15:34:00+00:00,ZM,72.96430206298828,72.96430206298828,72.97000122070312,72.95999908447266,72.95999908447266,2207.0
2024-10-25 15:34:00+00:00,ZS,184.75,184.75,184.75,184.75,184.75,648.0
2024-10-25 15:35:00+00:00,AAOI,17.540000915527344,17.540000915527344,17.540000915527344,17.540000915527344,17.540000915527344,652.0
2024-10-25 15:35:00+00:00,AAPL,231.47500610351562,231.47500610351562,231.52879333496094,231.41000366210938,231.52000427246094,47696.0
2024-10-25 15:35:00+00:00,ACIW,48.755001068115234,48.755001068115234,48.790000915527344,48.75,48.790000915527344,4877.0
2024-10-25 15:35:00+00:00,ACLS,90.0,90.0,90.04000091552734,90.0,90.04000091552734,1060.0
2024-10-25 15:35:00+00:00,ACMR,19.6299991607666,19.6299991607666,19.6299991607666,19.6299991607666,19.6299991607666,561.0
2024-10-25 15:35:00+00:00,ADBE,483.10699462890625,483.10699462890625,483.2900085449219,483.10699462890625,483.2900085449219,3295.0
2024-10-25 15:35:00+00:00,ADI,231.0399932861328,231.0399932861328,231.13499450683594,230.98500061035156,230.98500061035156,5609.0
2024-10-25 15:35:00+00:00,ADSK,286.42999267578125,286.42999267578125,286.42999267578125,286.4100036621094,286.4100036621094,764.0
2024-10-25 15:35:00+00:00,ADTN,6.28000020980835,6.28000020980835,6.28000020980835,6.275000095367432,6.28000020980835,1005.0
2024-10-25 15:35:00+00:00,AEHR,17.030000686645508,17.030000686645508,17.040000915527344,17.030000686645508,17.040000915527344,272.0
2024-10-25 15:35:00+00:00,AFRM,41.099998474121094,41.099998474121094,41.130001068115234,41.08000183105469,41.130001068115234,19661.0
2024-10-25 15:35:00+00:00,AKAM,101.61000061035156,101.61000061035156,101.61000061035156,101.5999984741211,101.5999984741211,2316.0
2024-10-25 15:35:00+00:00,ALGM,23.149999618530273,23.149999618530273,23.155000686645508,23.145000457763672,23.149999618530273,7773.0
2024-10-25 15:35:00+00:00,ALKT,38.31999969482422,38.31999969482422,38.31999969482422,38.31999969482422,38.31999969482422,831.0
2024-10-25 15:35:00+00:00,ALRM,54.404998779296875,54.404998779296875,54.404998779296875,54.404998779296875,54.404998779296875,823.0
2024-10-25 15:35:00+00:00,ALTR,103.83999633789062,103.83999633789062,103.83999633789062,103.83999633789062,103.83999633789062,310.0
2024-10-25 15:35:00+00:00,AMAT,187.3300018310547,187.3300018310547,187.38999938964844,187.32000732421875,187.34500122070312,6980.0
2024-10-25 15:35:00+00:00,AMBA,57.7400016784668,57.7400016784668,57.7400016784668,57.7400016784668,57.7400016784668,352.0
2024-10-25 15:35:00+00:00,AMD,156.4550018310547,156.4550018310547,156.4550018310547,156.34500122070312,156.3699951171875,44948.0
2024-10-25 15:35:00+00:00,AMKR,30.045000076293945,30.045000076293945,30.045000076293945,30.045000076293945,30.045000076293945,663.0
2024-10-25 15:35:00+00:00,AMPL,9.095000267028809,9.095000267028809,9.095000267028809,9.095000267028809,9.095000267028809,1495.0
2024-10-25 15:35:00+00:00,ANSS,323.7900085449219,323.7900085449219,324.1400146484375,323.7900085449219,324.1400146484375,1939.0
2024-10-25 15:35:00+00:00,ANY,1.059999942779541,1.059999942779541,1.059999942779541,1.059999942779541,1.059999942779541,329.0
2024-10-25 15:35:00+00:00,API,2.8350000381469727,2.8350000381469727,2.8350000381469727,2.8350000381469727,2.8350000381469727,606.0
2024-10-25 15:35:00+00:00,APP,161.89500427246094,161.89500427246094,161.92999267578125,161.83140563964844,161.88999938964844,3797.0
2024-10-25 15:35:00+00:00,APPF,212.0,212.0,212.07000732421875,211.64999389648438,212.02999877929688,2699.0
2024-10-25 15:35:00+00:00,APPN,32.314998626708984,32.314998626708984,32.314998626708984,32.303001403808594,32.3125,1394.0
2024-10-25 15:35:00+00:00,APPS,3.065000057220459,3.065000057220459,3.065000057220459,3.065000057220459,3.065000057220459,1106.0
2024-10-25 15:35:00+00:00,ARRY,6.460000038146973,6.460000038146973,6.460000038146973,6.440000057220459,6.440000057220459,12820.0
2024-10-25 15:35:00+00:00,AUR,6.389999866485596,6.389999866485596,6.400000095367432,6.389999866485596,6.394999980926514,4688.0
2024-10-25 15:35:00+00:00,AVDX,8.09000015258789,8.09000015258789,8.09000015258789,8.09000015258789,8.09000015258789,8770.0
2024-10-25 15:35:00+00:00,AVGO,173.843505859375,173.843505859375,173.9499969482422,173.8350067138672,173.89999389648438,23061.0
2024-10-25 15:35:00+00:00,AVNW,20.674999237060547,20.674999237060547,20.674999237060547,20.674999237060547,20.674999237060547,706.0
2024-10-25 15:35:00+00:00,AVPT,11.899999618530273,11.899999618530273,11.899999618530273,11.899999618530273,11.899999618530273,107.0
2024-10-25 15:35:00+00:00,AVT,54.099998474121094,54.099998474121094,54.099998474121094,54.09000015258789,54.09000015258789,1142.0
2024-10-25 15:35:00+00:00,AZPN,237.7100067138672,237.7100067138672,237.7100067138672,237.6999969482422,237.6999969482422,1236.0
2024-10-25 15:35:00+00:00,BAND,17.860000610351562,17.860000610351562,17.860000610351562,17.860000610351562,17.860000610351562,438.0
2024-10-25 15:35:00+00:00,BIGC,5.264999866485596,5.264999866485596,5.264999866485596,5.264999866485596,5.264999866485596,506.0
2024-10-25 15:35:00+00:00,BL,56.33000183105469,56.33000183105469,56.345401763916016,56.321998596191406,56.345401763916016,1054.0
2024-10-25 15:35:00+00:00,BMBL,7.139999866485596,7.139999866485596,7.139999866485596,7.135000228881836,7.139999866485596,894.0
2024-10-25 15:35:00+00:00,BRZE,30.59000015258789,30.59000015258789,30.6200008392334,30.59000015258789,30.6200008392334,2659.0
2024-10-25 15:35:00+00:00,BSY,49.09000015258789,49.09000015258789,49.09000015258789,49.09000015258789,49.09000015258789,994.0
2024-10-25 15:35:00+00:00,CAN,0.9733999967575073,0.9733999967575073,0.9733999967575073,0.9732999801635742,0.9732999801635742,17201.0
2024-10-25 15:35:00+00:00,CDNS,257.6099853515625,257.6099853515625,257.6099853515625,257.260009765625,257.6050109863281,15053.0
2024-10-25 15:35:00+00:00,CDW,217.58999633789062,217.58999633789062,217.58999633789062,217.52999877929688,217.52999877929688,1286.0
2024-10-25 15:35:00+00:00,CETX,0.29660001397132874,0.29660001397132874,0.2992999851703644,0.29660001397132874,0.2992999851703644,49943.0
2024-10-25 15:35:00+00:00,CEVA,24.05500030517578,24.05500030517578,24.05500030517578,24.05500030517578,24.05500030517578,910.0
2024-10-25 15:35:00+00:00,CFLT,22.399999618530273,22.399999618530273,22.405000686645508,22.399999618530273,22.405000686645508,2008.0
2024-10-25 15:35:00+00:00,CGNX,38.849998474121094,38.849998474121094,38.849998474121094,38.845001220703125,38.845001220703125,2590.0
2024-10-25 15:35:00+00:00,CHKP,206.14999389648438,206.14999389648438,206.17999267578125,206.14999389648438,206.17999267578125,919.0
2024-10-25 15:35:00+00:00,CLBT,18.200000762939453,18.200000762939453,18.200000762939453,18.200000762939453,18.200000762939453,547.0
2024-10-25 15:35:00+00:00,CLSK,11.541600227355957,11.541600227355957,11.549500465393066,11.529999732971191,11.53499984741211,36755.0
2024-10-25 15:35:00+00:00,CMTL,3.805000066757202,3.805000066757202,3.805000066757202,3.799999952316284,3.799999952316284,1146.0
2024-10-25 15:35:00+00:00,CNDT,3.5950000286102295,3.5950000286102295,3.5950000286102295,3.5899999141693115,3.5899999141693115,982.0
2024-10-25 15:35:00+00:00,COHR,95.61000061035156,95.61000061035156,95.61000061035156,95.56999969482422,95.6050033569336,2835.0
2024-10-25 15:35:00+00:00,COHU,25.950000762939453,25.950000762939453,25.950000762939453,25.950000762939453,25.950000762939453,1245.0
2024-10-25 15:35:00+00:00,COIN,204.6215057373047,204.6215057373047,204.94000244140625,204.5,204.83999633789062,20579.0
2024-10-25 15:35:00+00:00,COMM,6.215000152587891,6.215000152587891,6.215000152587891,6.215000152587891,6.215000152587891,714.0
2024-10-25 15:35:00+00:00,CORZ,13.255000114440918,13.255000114440918,13.255000114440918,13.244999885559082,13.244999885559082,10862.0
2024-10-25 15:35:00+00:00,CRCT,6.554999828338623,6.554999828338623,6.554999828338623,6.554999828338623,6.554999828338623,119.0
2024-10-25 15:35:00+00:00,CRDO,39.14500045776367,39.14500045776367,39.16999816894531,39.13999938964844,39.16999816894531,7050.0
2024-10-25 15:35:00+00:00,CRNC,2.926500082015991,2.926500082015991,2.926500082015991,2.9200000762939453,2.9200000762939453,1519.0
2024-10-25 15:35:00+00:00,CRUS,122.33499908447266,122.33499908447266,122.33499908447266,122.33000183105469,122.33000183105469,612.0
2024-10-25 15:35:00+00:00,CRWD,299.6099853515625,299.6099853515625,299.7499084472656,299.3599853515625,299.5899963378906,27713.0
2024-10-25 15:35:00+00:00,CSCO,55.744998931884766,55.744998931884766,55.755001068115234,55.71500015258789,55.734500885009766,31481.0
2024-10-25 15:35:00+00:00,CSIQ,13.345000267028809,13.345000267028809,13.350000381469727,13.340100288391113,13.350000381469727,3596.0
2024-10-25 15:35:00+00:00,CTLP,8.895000457763672,8.895000457763672,8.895000457763672,8.895000457763672,8.895000457763672,297.0
2024-10-25 15:35:00+00:00,CTSH,74.76499938964844,74.76499938964844,74.7699966430664,74.75499725341797,74.76499938964844,5784.0
2024-10-25 15:35:00+00:00,CVLT,134.5800018310547,134.5800018310547,134.5800018310547,134.5800018310547,134.5800018310547,299.0
2024-10-25 15:35:00+00:00,CYBR,290.3599853515625,290.3599853515625,290.3599853515625,290.3599853515625,290.3599853515625,366.0
2024-10-25 15:35:00+00:00,CYN,3.5799999237060547,3.5799999237060547,3.5799999237060547,3.5799999237060547,3.5799999237060547,560.0
2024-10-25 15:35:00+00:00,DATS,1.5800000429153442,1.5800000429153442,1.590000033378601,1.5800000429153442,1.590000033378601,1490.0
2024-10-25 15:35:00+00:00,DAVE,38.6349983215332,38.6349983215332,38.70000076293945,38.6349983215332,38.70000076293945,1850.0
2024-10-25 15:35:00+00:00,DBX,26.014999389648438,26.014999389648438,26.040000915527344,26.014999389648438,26.03499984741211,10594.0
2024-10-25 15:35:00+00:00,DDOG,126.5250015258789,126.5250015258789,126.59989929199219,126.5199966430664,126.55500030517578,6130.0
2024-10-25 15:35:00+00:00,DGII,30.06999969482422,30.06999969482422,30.06999969482422,30.06999969482422,30.06999969482422,514.0
2024-10-25 15:35:00+00:00,DLO,8.819999694824219,8.819999694824219,8.819999694824219,8.819999694824219,8.819999694824219,753.0
2024-10-25 15:35:00+00:00,DOCU,68.8499984741211,68.8499984741211,68.88999938964844,68.8499984741211,68.87999725341797,3989.0
2024-10-25 15:35:00+00:00,DOX,89.05000305175781,89.05000305175781,89.05000305175781,89.0199966430664,89.0199966430664,1069.0
2024-10-25 15:35:00+00:00,DSGX,104.04000091552734,104.04000091552734,104.04000091552734,104.04000091552734,104.04000091552734,2320.0
2024-10-25 15:35:00+00:00,DUOL,291.70001220703125,291.70001220703125,291.75,291.70001220703125,291.75,2432.0
2024-10-25 15:35:00+00:00,EEFT,100.44000244140625,100.44000244140625,100.44000244140625,100.44000244140625,100.44000244140625,1763.0
2024-10-25 15:35:00+00:00,EMKR,2.134000062942505,2.134000062942505,2.134000062942505,2.134000062942505,2.134000062942505,0.0
2024-10-25 15:35:00+00:00,ENPH,83.70999908447266,83.70999908447266,83.70999908447266,83.58999633789062,83.58999633789062,15870.0
2024-10-25 15:35:00+00:00,ENTG,105.69000244140625,105.69000244140625,105.69000244140625,105.52999877929688,105.61499786376953,2178.0
2024-10-25 15:35:00+00:00,ERIC,8.46500015258789,8.46500015258789,8.46500015258789,8.460000038146973,8.46500015258789,5764.0
2024-10-25 15:35:00+00:00,EXFY,1.715000033378601,1.715000033378601,1.715000033378601,1.715000033378601,1.715000033378601,617.0
2024-10-25 15:35:00+00:00,EXLS,38.58000183105469,38.58000183105469,38.58000183105469,38.54999923706055,38.560001373291016,2763.0
2024-10-25 15:35:00+00:00,EXTR,14.335000038146973,14.335000038146973,14.34000015258789,14.335000038146973,14.34000015258789,2458.0
2024-10-25 15:35:00+00:00,FARO,17.93000030517578,17.93000030517578,17.93000030517578,17.90999984741211,17.93000030517578,1628.0
2024-10-25 15:35:00+00:00,FFIV,216.66000366210938,216.66000366210938,216.66000366210938,216.66000366210938,216.66000366210938,1075.0
2024-10-25 15:35:00+00:00,FIVN,29.809999465942383,29.809999465942383,29.825000762939453,29.809999465942383,29.825000762939453,2797.0
2024-10-25 15:35:00+00:00,FLEX,35.220001220703125,35.220001220703125,35.224998474121094,35.18000030517578,35.18000030517578,5019.0
2024-10-25 15:35:00+00:00,FLYW,17.360000610351562,17.360000610351562,17.360000610351562,17.360000610351562,17.360000610351562,747.0
2024-10-25 15:35:00+00:00,FROG,29.18000030517578,29.18000030517578,29.25,29.18000030517578,29.25,4203.0
2024-10-25 15:35:00+00:00,FRSH,11.600000381469727,11.600000381469727,11.600000381469727,11.595000267028809,11.600000381469727,6408.0
2024-10-25 15:35:00+00:00,FSLR,198.36990356445312,198.36990356445312,198.36990356445312,198.2100067138672,198.22999572753906,2542.0
2024-10-25 15:35:00+00:00,FTCI,0.6531000137329102,0.6531000137329102,0.6531000137329102,0.6531000137329102,0.6531000137329102,734.0
2024-10-25 15:35:00+00:00,FTNT,80.45999908447266,80.45999908447266,80.51000213623047,80.44000244140625,80.5,10422.0
2024-10-25 15:35:00+00:00,GCT,24.501800537109375,24.501800537109375,24.510000228881836,24.48200035095215,24.510000228881836,2392.0
2024-10-25 15:35:00+00:00,GDS,21.28499984741211,21.28499984741211,21.290000915527344,21.280000686645508,21.280000686645508,3172.0
2024-10-25 15:35:00+00:00,GDYN,15.630000114440918,15.630000114440918,15.630000114440918,15.630000114440918,15.630000114440918,532.0
2024-10-25 15:35:00+00:00,GFS,40.41999816894531,40.41999816894531,40.41999816894531,40.40999984741211,40.40999984741211,2537.0
2024-10-25 15:35:00+00:00,GILT,4.925000190734863,4.925000190734863,4.925000190734863,4.925000190734863,4.925000190734863,110.0
2024-10-25 15:35:00+00:00,GPRO,1.2999999523162842,1.2999999523162842,1.2999999523162842,1.2999999523162842,1.2999999523162842,1179.0
2024-10-25 15:35:00+00:00,GRAB,4.085000038146973,4.085000038146973,4.090000152587891,4.085000038146973,4.085000038146973,9445.0
2024-10-25 15:35:00+00:00,GRRR,4.46999979019165,4.46999979019165,4.46999979019165,4.46999979019165,4.46999979019165,252.0
2024-10-25 15:35:00+00:00,GTLB,54.849998474121094,54.849998474121094,54.87200164794922,54.849998474121094,54.87200164794922,1529.0
2024-10-25 15:35:00+00:00,GVP,4.605000019073486,4.605000019073486,4.610000133514404,4.605000019073486,4.610000133514404,364.0
2024-10-25 15:35:00+00:00,HCP,33.6349983215332,33.6349983215332,33.63999938964844,33.6349983215332,33.6349983215332,1360.0
2024-10-25 15:35:00+00:00,HEAR,16.420000076293945,16.420000076293945,16.420000076293945,16.420000076293945,16.420000076293945,136.0
2024-10-25 15:35:00+00:00,HLIT,14.774999618530273,14.774999618530273,14.774999618530273,14.774999618530273,14.774999618530273,427.0
2024-10-25 15:35:00+00:00,HOLO,3.6196999549865723,3.6196999549865723,3.630000114440918,3.615000009536743,3.619999885559082,6988.0
2024-10-25 15:35:00+00:00,HOOD,27.03499984741211,27.03499984741211,27.045000076293945,27.03499984741211,27.042699813842773,4503.0
2024-10-25 15:35:00+00:00,ICHR,27.549999237060547,27.549999237060547,27.549999237060547,27.549999237060547,27.549999237060547,239.0
2024-10-25 15:35:00+00:00,INDI,3.4749999046325684,3.4749999046325684,3.4749999046325684,3.4749999046325684,3.4749999046325684,673.0
2024-10-25 15:35:00+00:00,INFN,6.769999980926514,6.769999980926514,6.769999980926514,6.769999980926514,6.769999980926514,126.0
2024-10-25 15:35:00+00:00,INTA,50.099998474121094,50.099998474121094,50.099998474121094,50.099998474121094,50.099998474121094,626.0
2024-10-25 15:35:00+00:00,INTC,22.79400062561035,22.79400062561035,22.799999237060547,22.780000686645508,22.795000076293945,93267.0
2024-10-25 15:35:00+00:00,INTU,608.97998046875,608.97998046875,608.97998046875,608.97998046875,608.97998046875,1388.0
2024-10-25 15:35:00+00:00,IPGP,77.04000091552734,77.04000091552734,77.04000091552734,77.04000091552734,77.04000091552734,484.0
2024-10-25 15:35:00+00:00,ITRI,102.73999786376953,102.73999786376953,102.73999786376953,102.73999786376953,102.73999786376953,989.0
2024-10-25 15:35:00+00:00,ITRN,27.350000381469727,27.350000381469727,27.350000381469727,27.350000381469727,27.350000381469727,303.0
2024-10-25 15:35:00+00:00,JAMF,16.7450008392334,16.7450008392334,16.7450008392334,16.7450008392334,16.7450008392334,311.0
2024-10-25 15:35:00+00:00,JKHY,182.7949981689453,182.7949981689453,182.7949981689453,182.7949981689453,182.7949981689453,1330.0
2024-10-25 15:35:00+00:00,KC,2.6600000858306885,2.6600000858306885,2.6700000762939453,2.6600000858306885,2.6700000762939453,17413.0
2024-10-25 15:35:00+00:00,KLIC,44.65999984741211,44.65999984741211,44.65999984741211,44.61000061035156,44.61000061035156,2764.0
2024-10-25 15:35:00+00:00,LASR,10.395000457763672,10.395000457763672,10.395000457763672,10.395000457763672,10.395000457763672,223.0
2024-10-25 15:35:00+00:00,LINK,4.980500221252441,4.980500221252441,4.980500221252441,4.980500221252441,4.980500221252441,696.0
2024-10-25 15:35:00+00:00,LITE,64.47000122070312,64.47000122070312,64.47000122070312,64.45500183105469,64.45500183105469,743.0
2024-10-25 15:35:00+00:00,LOGI,80.7249984741211,80.7249984741211,80.7249984741211,80.7249984741211,80.7249984741211,281.0
2024-10-25 15:35:00+00:00,LPSN,1.1649999618530273,1.1649999618530273,1.1649999618530273,1.1649999618530273,1.1649999618530273,2175.0
2024-10-25 15:35:00+00:00,LRCX,78.18000030517578,78.18000030517578,78.2249984741211,78.16999816894531,78.19000244140625,29164.0
2024-10-25 15:35:00+00:00,LSCC,54.0099983215332,54.0099983215332,54.02000045776367,54.0,54.0099983215332,7020.0
2024-10-25 15:35:00+00:00,LYFT,13.494999885559082,13.494999885559082,13.555000305175781,13.489999771118164,13.555000305175781,148933.0
2024-10-25 15:35:00+00:00,MANH,275.989990234375,275.989990234375,275.989990234375,275.989990234375,275.989990234375,1788.0
2024-10-25 15:35:00+00:00,MAPS,0.8334000110626221,0.8334000110626221,0.8334000110626221,0.8251000046730042,0.8251000046730042,3783.0
2024-10-25 15:35:00+00:00,MAXN,5.760000228881836,5.760000228881836,5.760000228881836,5.760000228881836,5.760000228881836,3476.0
2024-10-25 15:35:00+00:00,MCHP,76.66999816894531,76.66999816894531,76.68000030517578,76.6500015258789,76.6500015258789,10236.0
2024-10-25 15:35:00+00:00,MDB,266.9750061035156,266.9750061035156,267.260009765625,266.9750061035156,267.260009765625,2858.0
2024-10-25 15:35:00+00:00,MITK,8.760000228881836,8.760000228881836,8.760000228881836,8.760000228881836,8.760000228881836,102.0
2024-10-25 15:35:00+00:00,MKSI,101.2300033569336,101.2300033569336,101.2699966430664,101.2300033569336,101.2699966430664,1224.0
2024-10-25 15:35:00+00:00,MNDY,298.239990234375,298.239990234375,298.239990234375,298.2200012207031,298.2200012207031,978.0
2024-10-25 15:35:00+00:00,MOB,1.3799999952316284,1.3799999952316284,1.3799999952316284,1.378999948501587,1.378999948501587,743.0
2024-10-25 15:35:00+00:00,MQ,5.304999828338623,5.304999828338623,5.309999942779541,5.304999828338623,5.304999828338623,2835.0
2024-10-25 15:35:00+00:00,MRVL,82.06900024414062,82.06900024414062,82.06900024414062,82.0250015258789,82.0250015258789,9468.0
2024-10-25 15:35:00+00:00,MSFT,428.17999267578125,428.17999267578125,428.3599853515625,428.1400146484375,428.32000732421875,19158.0
2024-10-25 15:35:00+00:00,MSTR,234.27000427246094,234.27000427246094,234.389892578125,233.83999633789062,234.0050048828125,45467.0
2024-10-25 15:35:00+00:00,MTC,0.37400001287460327,0.37400001287460327,0.37400001287460327,0.37400001287460327,0.37400001287460327,866.0
2024-10-25 15:35:00+00:00,MTLS,5.920000076293945,5.920000076293945,5.920000076293945,5.920000076293945,5.920000076293945,34.0
2024-10-25 15:35:00+00:00,MTSI,121.26000213623047,121.26000213623047,121.26000213623047,121.26000213623047,121.26000213623047,296.0
2024-10-25 15:35:00+00:00,MTTR,4.550000190734863,4.550000190734863,4.554999828338623,4.550000190734863,4.550000190734863,4514.0
2024-10-25 15:35:00+00:00,MU,108.24500274658203,108.24500274658203,108.26000213623047,108.2249984741211,108.25250244140625,11841.0
2024-10-25 15:35:00+00:00,MVIS,1.0750000476837158,1.0750000476837158,1.0750000476837158,1.0750000476837158,1.0750000476837158,2234.0
2024-10-25 15:35:00+00:00,MXL,14.734999656677246,14.734999656677246,14.734999656677246,14.734999656677246,14.734999656677246,714.0
2024-10-25 15:35:00+00:00,NCNO,37.88999938964844,37.88999938964844,37.90999984741211,37.88999938964844,37.90999984741211,3580.0
2024-10-25 15:35:00+00:00,NICE,174.52999877929688,174.52999877929688,174.58999633789062,174.52000427246094,174.52000427246094,3968.0
2024-10-25 15:35:00+00:00,NNDM,2.325000047683716,2.325000047683716,2.325000047683716,2.325000047683716,2.325000047683716,200.0
2024-10-25 15:35:00+00:00,NSIT,209.2100067138672,209.2100067138672,209.3000030517578,209.19000244140625,209.3000030517578,9977.0
2024-10-25 15:35:00+00:00,NSYS,12.300000190734863,12.300000190734863,12.300000190734863,12.300000190734863,12.300000190734863,482.0
2024-10-25 15:35:00+00:00,NTAP,119.80000305175781,119.80000305175781,119.80500030517578,119.77999877929688,119.80500030517578,1721.0
2024-10-25 15:35:00+00:00,NTCT,20.649999618530273,20.649999618530273,20.649999618530273,20.649999618530273,20.649999618530273,974.0
2024-10-25 15:35:00+00:00,NTNX,61.71500015258789,61.71500015258789,61.7599983215332,61.71500015258789,61.7588005065918,4329.0
2024-10-25 15:35:00+00:00,NVDA,142.0449981689453,142.0449981689453,142.07000732421875,141.97000122070312,142.04029846191406,289897.0
2024-10-25 15:35:00+00:00,NVEI,33.494998931884766,33.494998931884766,33.494998931884766,33.494998931884766,33.494998931884766,501.0
2024-10-25 15:35:00+00:00,NXPI,243.52000427246094,243.52000427246094,243.64999389648438,243.52000427246094,243.58999633789062,5954.0
2024-10-25 15:35:00+00:00,OKTA,72.16999816894531,72.16999816894531,72.20500183105469,72.16999816894531,72.19999694824219,4651.0
2024-10-25 15:35:00+00:00,ON,71.33000183105469,71.33000183105469,71.33000183105469,71.26000213623047,71.30000305175781,28139.0
2024-10-25 15:35:00+00:00,OSIS,134.72999572753906,134.72999572753906,134.72999572753906,134.6999969482422,134.6999969482422,3304.0
2024-10-25 15:35:00+00:00,OTEX,33.224998474121094,33.224998474121094,33.22999954223633,33.220001220703125,33.22999954223633,1551.0
2024-10-25 15:35:00+00:00,PAYO,8.345000267028809,8.345000267028809,8.350000381469727,8.345000267028809,8.345000267028809,2556.0
2024-10-25 15:35:00+00:00,PCTY,173.50999450683594,173.50999450683594,173.50999450683594,173.50999450683594,173.50999450683594,1020.0
2024-10-25 15:35:00+00:00,PDFS,29.184999465942383,29.184999465942383,29.184999465942383,29.184999465942383,29.184999465942383,344.0
2024-10-25 15:35:00+00:00,PEGA,79.82499694824219,79.82499694824219,79.82499694824219,79.76000213623047,79.80999755859375,5927.0
2024-10-25 15:35:00+00:00,PEGY,4.784999847412109,4.784999847412109,4.784999847412109,4.78000020980835,4.78000020980835,377.0
2024-10-25 15:35:00+00:00,PET,0.8109999895095825,0.8109999895095825,0.8109999895095825,0.8109999895095825,0.8109999895095825,637.0
2024-10-25 15:35:00+00:00,PGY,11.944999694824219,11.944999694824219,11.949999809265137,11.944999694824219,11.944999694824219,842.0
2024-10-25 15:35:00+00:00,PHUN,10.585000038146973,10.585000038146973,10.600000381469727,10.5600004196167,10.5600004196167,35861.0
2024-10-25 15:35:00+00:00,PLAB,23.649999618530273,23.649999618530273,23.649999618530273,23.649999618530273,23.649999618530273,591.0
2024-10-25 15:35:00+00:00,PLUS,97.93499755859375,97.93499755859375,97.93499755859375,97.93499755859375,97.93499755859375,200.0
2024-10-25 15:35:00+00:00,POET,3.8598999977111816,3.8598999977111816,3.8598999977111816,3.8598999977111816,3.8598999977111816,210.0
2024-10-25 15:35:00+00:00,PRGS,64.69499969482422,64.69499969482422,64.69499969482422,64.69499969482422,64.69499969482422,1135.0
2024-10-25 15:35:00+00:00,PTC,187.19500732421875,187.19500732421875,187.19500732421875,187.19500732421875,187.19500732421875,1440.0
2024-10-25 15:35:00+00:00,PUBM,14.760000228881836,14.760000228881836,14.760000228881836,14.760000228881836,14.760000228881836,1028.0
2024-10-25 15:35:00+00:00,PYCR,14.335000038146973,14.335000038146973,14.335000038146973,14.329999923706055,14.329999923706055,857.0
2024-10-25 15:35:00+00:00,QCOM,170.7799072265625,170.7799072265625,170.7799072265625,170.6699981689453,170.67999267578125,8632.0
2024-10-25 15:35:00+00:00,QRVO,99.83999633789062,99.83999633789062,99.83999633789062,99.77999877929688,99.80000305175781,3653.0
2024-10-25 15:35:00+00:00,QUBT,1.0750000476837158,1.0750000476837158,1.0750000476837158,1.0750000476837158,1.0750000476837158,195.0
2024-10-25 15:35:00+00:00,REKR,1.0850000381469727,1.0850000381469727,1.0850000381469727,1.0800000429153442,1.0850000381469727,5972.0
2024-10-25 15:35:00+00:00,RELY,14.890000343322754,14.890000343322754,14.899999618530273,14.890000343322754,14.890000343322754,4733.0
2024-10-25 15:35:00+00:00,RGTI,1.215000033378601,1.215000033378601,1.215000033378601,1.2100000381469727,1.2100000381469727,1484.0
2024-10-25 15:35:00+00:00,RIOT,9.719900131225586,9.719900131225586,9.72599983215332,9.710000038146973,9.715700149536133,24731.0
2024-10-25 15:35:00+00:00,RMBS,43.375,43.375,43.40999984741211,43.375,43.40999984741211,1970.0
2024-10-25 15:35:00+00:00,RMNI,1.725000023841858,1.725000023841858,1.7274999618530273,1.725000023841858,1.7274999618530273,675.0
2024-10-25 15:35:00+00:00,RPD,39.034000396728516,39.034000396728516,39.034000396728516,39.034000396728516,39.034000396728516,736.0
2024-10-25 15:35:00+00:00,RUM,5.684999942779541,5.684999942779541,5.684999942779541,5.680099964141846,5.684999942779541,756.0
2024-10-25 15:35:00+00:00,RUMBW,1.3260999917984009,1.3260999917984009,1.3260999917984009,1.3260999917984009,1.3260999917984009,1012.0
2024-10-25 15:35:00+00:00,RUN,14.420000076293945,14.420000076293945,14.420000076293945,14.385000228881836,14.395000457763672,21995.0
2024-10-25 15:35:00+00:00,SANM,67.6050033569336,67.6050033569336,67.6050033569336,67.6050033569336,67.6050033569336,1068.0
2024-10-25 15:35:00+00:00,SATS,25.079999923706055,25.079999923706055,25.079999923706055,25.079999923706055,25.079999923706055,145.0
2024-10-25 15:35:00+00:00,SCSC,45.0099983215332,45.0099983215332,45.0099983215332,45.0099983215332,45.0099983215332,1851.0
2024-10-25 15:35:00+00:00,SEDG,15.989999771118164,15.989999771118164,16.0,15.970000267028809,15.970000267028809,3793.0
2024-10-25 15:35:00+00:00,SHLS,5.190000057220459,5.190000057220459,5.190000057220459,5.190000057220459,5.190000057220459,1164.0
2024-10-25 15:35:00+00:00,SIMO,56.18000030517578,56.18000030517578,56.18000030517578,56.18000030517578,56.18000030517578,311.0
2024-10-25 15:35:00+00:00,SKYT,10.470000267028809,10.470000267028809,10.470000267028809,10.470000267028809,10.470000267028809,1282.0
2024-10-25 15:35:00+00:00,SMCI,47.410099029541016,47.410099029541016,47.45000076293945,47.400001525878906,47.43009948730469,44023.0
2024-10-25 15:35:00+00:00,SMTC,45.650001525878906,45.650001525878906,45.71500015258789,45.630001068115234,45.71500015258789,2952.0
2024-10-25 15:35:00+00:00,SNCR,10.595000267028809,10.595000267028809,10.600000381469727,10.595000267028809,10.600000381469727,806.0
2024-10-25 15:35:00+00:00,SNPS,501.9200134277344,501.9200134277344,501.9200134277344,501.5899963378906,501.6499938964844,1658.0
2024-10-25 15:35:00+00:00,SONO,12.65999984741211,12.65999984741211,12.65999984741211,12.65999984741211,12.65999984741211,385.0
2024-10-25 15:35:00+00:00,SOPA,0.949999988079071,0.949999988079071,0.949999988079071,0.949999988079071,0.949999988079071,13165.0
2024-10-25 15:35:00+00:00,SOUN,5.184999942779541,5.184999942779541,5.190000057220459,5.182499885559082,5.184999942779541,4791.0
2024-10-25 15:35:00+00:00,SPSC,169.97999572753906,169.97999572753906,169.97999572753906,169.97999572753906,169.97999572753906,355.0
2024-10-25 15:35:00+00:00,SPT,26.882999420166016,26.882999420166016,26.899999618530273,26.882999420166016,26.899999618530273,1083.0
2024-10-25 15:35:00+00:00,SSNC,70.2750015258789,70.2750015258789,70.27999877929688,70.25,70.25499725341797,9380.0
2024-10-25 15:35:00+00:00,STER,16.735000610351562,16.735000610351562,16.735000610351562,16.735000610351562,16.735000610351562,992.0
2024-10-25 15:35:00+00:00,STNE,11.510000228881836,11.510000228881836,11.510000228881836,11.5024995803833,11.505000114440918,8261.0
2024-10-25 15:35:00+00:00,STX,103.49500274658203,103.49500274658203,103.53900146484375,103.4800033569336,103.53500366210938,14136.0
2024-10-25 15:35:00+00:00,SURG,1.7400000095367432,1.7400000095367432,1.7400000095367432,1.7400000095367432,1.7400000095367432,100.0
2024-10-25 15:35:00+00:00,SWKS,95.7249984741211,95.7249984741211,95.75,95.72000122070312,95.7300033569336,1331.0
2024-10-25 15:35:00+00:00,TEAM,188.75999450683594,188.75999450683594,189.00010681152344,188.75999450683594,188.97999572753906,3778.0
2024-10-25 15:35:00+00:00,TENB,41.689998626708984,41.689998626708984,41.689998626708984,41.689998626708984,41.689998626708984,1715.0
2024-10-25 15:35:00+00:00,TER,112.31500244140625,112.31500244140625,112.31500244140625,112.2300033569336,112.2300033569336,6915.0
2024-10-25 15:35:00+00:00,TLS,3.569999933242798,3.569999933242798,3.569999933242798,3.569999933242798,3.569999933242798,104.0
2024-10-25 15:35:00+00:00,TRMB,60.939998626708984,60.939998626708984,60.939998626708984,60.935001373291016,60.935001373291016,1124.0
2024-10-25 15:35:00+00:00,TTD,119.30999755859375,119.30999755859375,119.30999755859375,119.26000213623047,119.26000213623047,12360.0
2024-10-25 15:35:00+00:00,TTMI,19.655000686645508,19.655000686645508,19.655000686645508,19.649999618530273,19.650999069213867,2715.0
2024-10-25 15:35:00+00:00,TWKS,4.440000057220459,4.440000057220459,4.445000171661377,4.440000057220459,4.445000171661377,802.0
2024-10-25 15:35:00+00:00,TXN,207.3699951171875,207.3699951171875,207.3699951171875,207.25999450683594,207.25999450683594,6300.0
2024-10-25 15:35:00+00:00,UCTT,35.775001525878906,35.775001525878906,35.775001525878906,35.775001525878906,35.775001525878906,361.0
2024-10-25 15:35:00+00:00,VECO,29.3799991607666,29.3799991607666,29.389999389648438,29.354999542236328,29.354999542236328,2822.0
2024-10-25 15:35:00+00:00,VERI,3.434999942779541,3.434999942779541,3.434999942779541,3.434999942779541,3.434999942779541,233.0
2024-10-25 15:35:00+00:00,VERX,42.0099983215332,42.0099983215332,42.04499816894531,42.0099983215332,42.04499816894531,2551.0
2024-10-25 15:35:00+00:00,VIAV,9.220000267028809,9.220000267028809,9.220000267028809,9.21500015258789,9.220000267028809,1447.0
2024-10-25 15:35:00+00:00,VOXX,7.55079984664917,7.55079984664917,7.570000171661377,7.55079984664917,7.570000171661377,1207.0
2024-10-25 15:35:00+00:00,VRNS,56.81999969482422,56.81999969482422,56.87900161743164,56.814998626708984,56.87900161743164,2985.0
2024-10-25 15:35:00+00:00,VRNT,21.81999969482422,21.81999969482422,21.81999969482422,21.81999969482422,21.81999969482422,775.0
2024-10-25 15:35:00+00:00,VRSN,182.16000366210938,182.16000366210938,182.22500610351562,182.16000366210938,182.17999267578125,1587.0
2024-10-25 15:35:00+00:00,VSAT,10.199999809265137,10.199999809265137,10.204999923706055,10.199999809265137,10.199999809265137,1404.0
2024-10-25 15:35:00+00:00,WDAY,238.2100067138672,238.2100067138672,238.36500549316406,238.2100067138672,238.32000732421875,1977.0
2024-10-25 15:35:00+00:00,WDC,70.23999786376953,70.23999786376953,70.23999786376953,70.16999816894531,70.20999908447266,24192.0
2024-10-25 15:35:00+00:00,WISA,1.9900000095367432,1.9900000095367432,1.9900000095367432,1.9800000190734863,1.9900000095367432,1807.0
2024-10-25 15:35:00+00:00,WIX,164.6300048828125,164.6300048828125,164.6300048828125,164.52999877929688,164.5800018310547,1381.0
2024-10-25 15:35:00+00:00,WRAP,1.840000033378601,1.840000033378601,1.840000033378601,1.840000033378601,1.840000033378601,0.0
2024-10-25 15:35:00+00:00,XRX,10.0,10.0,10.005000114440918,10.0,10.005000114440918,1718.0
2024-10-25 15:35:00+00:00,ZBRA,361.2099914550781,361.2099914550781,361.2099914550781,361.2099914550781,361.2099914550781,1540.0
2024-10-25 15:35:00+00:00,ZI,10.454999923706055,10.454999923706055,10.475000381469727,10.454999923706055,10.475000381469727,4332.0
2024-10-25 15:35:00+00:00,ZM,72.94999694824219,72.94999694824219,72.95999908447266,72.93000030517578,72.95999908447266,7479.0
2024-10-25 15:35:00+00:00,ZS,184.47000122070312,184.47000122070312,184.72000122070312,184.47000122070312,184.72000122070312,2888.0
2024-10-25 15:36:00+00:00,AAOI,17.530000686645508,17.530000686645508,17.549999237060547,17.530000686645508,17.540000915527344,5299.0
2024-10-25 15:36:00+00:00,AAPL,231.4499969482422,231.4499969482422,231.4600067138672,231.38999938964844,231.4600067138672,50793.0
2024-10-25 15:36:00+00:00,ACIW,48.7599983215332,48.7599983215332,48.779998779296875,48.755001068115234,48.755001068115234,1448.0
2024-10-25 15:36:00+00:00,ACMR,19.620100021362305,19.620100021362305,19.620100021362305,19.620100021362305,19.620100021362305,845.0
2024-10-25 15:36:00+00:00,ADBE,483.3800048828125,483.3800048828125,483.3800048828125,483.1499938964844,483.1499938964844,2961.0
2024-10-25 15:36:00+00:00,ADI,231.09730529785156,231.09730529785156,231.11000061035156,231.06500244140625,231.11000061035156,1339.0
2024-10-25 15:36:00+00:00,ADSK,286.3949890136719,286.3949890136719,286.3949890136719,286.3699951171875,286.3699951171875,1243.0
2024-10-25 15:36:00+00:00,AEHR,17.030000686645508,17.030000686645508,17.03499984741211,17.021799087524414,17.021799087524414,2668.0
2024-10-25 15:36:00+00:00,AEYE,22.540000915527344,22.540000915527344,22.56599998474121,22.540000915527344,22.56599998474121,519.0
2024-10-25 15:36:00+00:00,AFRM,41.1150016784668,41.1150016784668,41.130001068115234,41.089900970458984,41.09749984741211,11108.0
2024-10-25 15:36:00+00:00,AGYS,110.20999908447266,110.20999908447266,110.5,110.20999908447266,110.5,1059.0
2024-10-25 15:36:00+00:00,AIRG,9.25,9.25,9.25,9.25,9.25,106.0
2024-10-25 15:36:00+00:00,AKAM,101.5999984741211,101.5999984741211,101.5999984741211,101.5740966796875,101.5740966796875,4867.0
2024-10-25 15:36:00+00:00,AKTS,0.05999999865889549,0.05999999865889549,0.05999999865889549,0.05999999865889549,0.05999999865889549,40118.0
2024-10-25 15:36:00+00:00,ALGM,23.155000686645508,23.155000686645508,23.155000686645508,23.145000457763672,23.149999618530273,4801.0
2024-10-25 15:36:00+00:00,ALKT,38.310001373291016,38.310001373291016,38.310001373291016,38.310001373291016,38.310001373291016,1137.0
2024-10-25 15:36:00+00:00,ALRM,54.415000915527344,54.415000915527344,54.43000030517578,54.415000915527344,54.43000030517578,225.0
2024-10-25 15:36:00+00:00,ALTR,103.83999633789062,103.83999633789062,103.86000061035156,103.83999633789062,103.86000061035156,10873.0
2024-10-25 15:36:00+00:00,AMAT,187.3800048828125,187.3800048828125,187.41000366210938,187.33900451660156,187.39999389648438,9329.0
2024-10-25 15:36:00+00:00,AMD,156.52000427246094,156.52000427246094,156.52000427246094,156.41000366210938,156.4499969482422,31892.0
2024-10-25 15:36:00+00:00,AMKR,30.059999465942383,30.059999465942383,30.059999465942383,30.049999237060547,30.049999237060547,3660.0
2024-10-25 15:36:00+00:00,API,2.8399999141693115,2.8399999141693115,2.8399999141693115,2.8399999141693115,2.8399999141693115,0.0
2024-10-25 15:36:00+00:00,APP,161.88499450683594,161.88499450683594,161.89500427246094,161.8699951171875,161.89500427246094,2303.0
2024-10-25 15:36:00+00:00,APPF,211.92999267578125,211.92999267578125,211.92999267578125,211.92999267578125,211.92999267578125,2187.0
2024-10-25 15:36:00+00:00,APPN,32.33000183105469,32.33000183105469,32.33000183105469,32.314998626708984,32.314998626708984,595.0
2024-10-25 15:36:00+00:00,APPS,3.065000057220459,3.065000057220459,3.065000057220459,3.065000057220459,3.065000057220459,2399.0
2024-10-25 15:36:00+00:00,ARRY,6.460000038146973,6.460000038146973,6.460000038146973,6.454999923706055,6.457900047302246,18842.0
2024-10-25 15:36:00+00:00,ASML,714.2000122070312,714.2000122070312,714.2000122070312,714.2000122070312,714.2000122070312,959.0
2024-10-25 15:36:00+00:00,ASUR,9.604999542236328,9.604999542236328,9.604999542236328,9.604999542236328,9.604999542236328,125.0
2024-10-25 15:36:00+00:00,AUDC,9.045000076293945,9.045000076293945,9.045000076293945,9.045000076293945,9.045000076293945,867.0
2024-10-25 15:36:00+00:00,AUR,6.389999866485596,6.389999866485596,6.394999980926514,6.389999866485596,6.389999866485596,7478.0
2024-10-25 15:36:00+00:00,AVGO,173.91000366210938,173.91000366210938,173.91000366210938,173.80999755859375,173.85000610351562,16643.0
2024-10-25 15:36:00+00:00,AVPT,11.890000343322754,11.890000343322754,11.895000457763672,11.890000343322754,11.895000457763672,495.0
2024-10-25 15:36:00+00:00,AVT,54.09000015258789,54.09000015258789,54.09000015258789,54.09000015258789,54.09000015258789,623.0
2024-10-25 15:36:00+00:00,BAND,17.860000610351562,17.860000610351562,17.860000610351562,17.860000610351562,17.860000610351562,910.0
2024-10-25 15:36:00+00:00,BASE,16.280000686645508,16.280000686645508,16.280000686645508,16.280000686645508,16.280000686645508,131.0
2024-10-25 15:36:00+00:00,BIGC,5.264999866485596,5.264999866485596,5.264999866485596,5.264999866485596,5.264999866485596,950.0
2024-10-25 15:36:00+00:00,BL,56.33000183105469,56.33000183105469,56.33000183105469,56.33000183105469,56.33000183105469,651.0
2024-10-25 15:36:00+00:00,BMBL,7.135000228881836,7.135000228881836,7.135000228881836,7.135000228881836,7.135000228881836,576.0
2024-10-25 15:36:00+00:00,BRZE,30.639999389648438,30.639999389648438,30.639999389648438,30.6200008392334,30.6299991607666,1221.0
2024-10-25 15:36:00+00:00,BSY,49.09000015258789,49.09000015258789,49.09000015258789,49.08000183105469,49.08000183105469,1092.0
2024-10-25 15:36:00+00:00,CAN,0.9729999899864197,0.9729999899864197,0.9732999801635742,0.9729999899864197,0.9732000231742859,12597.0
2024-10-25 15:36:00+00:00,CDNS,257.5400085449219,257.5400085449219,257.6099853515625,257.5249938964844,257.5249938964844,3737.0
2024-10-25 15:36:00+00:00,CDW,217.50999450683594,217.50999450683594,217.5399932861328,217.47000122070312,217.52000427246094,987.0
2024-10-25 15:36:00+00:00,CETX,0.2969000041484833,0.2969000041484833,0.29789999127388,0.29600000381469727,0.29789999127388,4990.0
2024-10-25 15:36:00+00:00,CFLT,22.360000610351562,22.360000610351562,22.395000457763672,22.360000610351562,22.390399932861328,5875.0
2024-10-25 15:36:00+00:00,CGNT,6.619999885559082,6.619999885559082,6.619999885559082,6.619999885559082,6.619999885559082,115.0
2024-10-25 15:36:00+00:00,CGNX,38.849998474121094,38.849998474121094,38.849998474121094,38.834999084472656,38.845001220703125,5880.0
2024-10-25 15:36:00+00:00,CHKP,206.0749969482422,206.0749969482422,206.0749969482422,206.0749969482422,206.0749969482422,378.0
2024-10-25 15:36:00+00:00,CLBT,18.209999084472656,18.209999084472656,18.209999084472656,18.209999084472656,18.209999084472656,2173.0
2024-10-25 15:36:00+00:00,CLSK,11.50790023803711,11.50790023803711,11.539999961853027,11.494999885559082,11.539999961853027,99215.0
2024-10-25 15:36:00+00:00,CNDT,3.5899999141693115,3.5899999141693115,3.5950000286102295,3.5899999141693115,3.5899999141693115,2081.0
2024-10-25 15:36:00+00:00,CNXC,44.400001525878906,44.400001525878906,44.400001525878906,44.400001525878906,44.400001525878906,1621.0
2024-10-25 15:36:00+00:00,COHR,95.58499908447266,95.58499908447266,95.6050033569336,95.55059814453125,95.6050033569336,1522.0
2024-10-25 15:36:00+00:00,COHU,25.959999084472656,25.959999084472656,25.959999084472656,25.959999084472656,25.959999084472656,575.0
2024-10-25 15:36:00+00:00,COIN,204.55499267578125,204.55499267578125,204.73989868164062,204.5,204.6199951171875,25178.0
2024-10-25 15:36:00+00:00,COMM,6.215000152587891,6.215000152587891,6.215000152587891,6.215000152587891,6.215000152587891,1226.0
2024-10-25 15:36:00+00:00,CORZ,13.25979995727539,13.25979995727539,13.260000228881836,13.255000114440918,13.255000114440918,3425.0
2024-10-25 15:36:00+00:00,CRCT,6.559999942779541,6.559999942779541,6.559999942779541,6.559999942779541,6.559999942779541,430.0
2024-10-25 15:36:00+00:00,CRDO,39.15999984741211,39.15999984741211,39.15999984741211,39.13999938964844,39.15999984741211,6749.0
2024-10-25 15:36:00+00:00,CREX,4.242000102996826,4.242000102996826,4.242000102996826,4.242000102996826,4.242000102996826,245.0
2024-10-25 15:36:00+00:00,CRNC,2.924999952316284,2.924999952316284,2.924999952316284,2.924999952316284,2.924999952316284,480.0
2024-10-25 15:36:00+00:00,CRUS,122.36499786376953,122.36499786376953,122.36499786376953,122.36499786376953,122.36499786376953,205.0
2024-10-25 15:36:00+00:00,CRWD,299.3299865722656,299.3299865722656,299.6000061035156,299.2254943847656,299.5950012207031,9665.0
2024-10-25 15:36:00+00:00,CSCO,55.7598991394043,55.7598991394043,55.7598991394043,55.72999954223633,55.743900299072266,12365.0
2024-10-25 15:36:00+00:00,CSIQ,13.350000381469727,13.350000381469727,13.350000381469727,13.34000015258789,13.350000381469727,3409.0
2024-10-25 15:36:00+00:00,CTSH,74.77999877929688,74.77999877929688,74.77999877929688,74.76000213623047,74.7699966430664,5215.0
2024-10-25 15:36:00+00:00,CVLT,134.5,134.5,134.5500030517578,134.5,134.5500030517578,2424.0
2024-10-25 15:36:00+00:00,CYBR,290.5299987792969,290.5299987792969,290.5299987792969,290.32000732421875,290.32000732421875,1408.0
2024-10-25 15:36:00+00:00,DBX,26.010000228881836,26.010000228881836,26.014999389648438,26.010000228881836,26.014999389648438,2362.0
2024-10-25 15:36:00+00:00,DDOG,126.5250015258789,126.5250015258789,126.55000305175781,126.5,126.5,5149.0
2024-10-25 15:36:00+00:00,DIOD,64.98500061035156,64.98500061035156,64.98500061035156,64.98500061035156,64.98500061035156,260.0
2024-10-25 15:36:00+00:00,DLO,8.8149995803833,8.8149995803833,8.8149995803833,8.8149995803833,8.8149995803833,1193.0
2024-10-25 15:36:00+00:00,DOCU,68.83000183105469,68.83000183105469,68.84500122070312,68.80999755859375,68.84500122070312,5499.0
2024-10-25 15:36:00+00:00,DOX,89.01000213623047,89.01000213623047,89.05999755859375,89.01000213623047,89.05999755859375,3080.0
2024-10-25 15:36:00+00:00,DTSS,2.4600000381469727,2.4600000381469727,2.4600000381469727,2.4600000381469727,2.4600000381469727,1017.0
2024-10-25 15:36:00+00:00,DUOL,291.7950134277344,291.7950134277344,291.7950134277344,291.7950134277344,291.7950134277344,386.0
2024-10-25 15:36:00+00:00,ENPH,83.68499755859375,83.68499755859375,83.72000122070312,83.66000366210938,83.69999694824219,6702.0
2024-10-25 15:36:00+00:00,ENTG,105.62000274658203,105.62000274658203,105.62000274658203,105.54000091552734,105.54000091552734,2482.0
2024-10-25 15:36:00+00:00,ERIC,8.460000038146973,8.460000038146973,8.46500015258789,8.460000038146973,8.460000038146973,8764.0
2024-10-25 15:36:00+00:00,EXLS,38.560001373291016,38.560001373291016,38.560001373291016,38.54999923706055,38.54999923706055,1275.0
2024-10-25 15:36:00+00:00,EXTR,14.335000038146973,14.335000038146973,14.335000038146973,14.335000038146973,14.335000038146973,298.0
2024-10-25 15:36:00+00:00,FFIV,216.6699981689453,216.6699981689453,216.6699981689453,216.66000366210938,216.66000366210938,1116.0
2024-10-25 15:36:00+00:00,FIVN,29.80500030517578,29.80500030517578,29.80500030517578,29.799999237060547,29.799999237060547,3616.0
2024-10-25 15:36:00+00:00,FLEX,35.23500061035156,35.23500061035156,35.2400016784668,35.22999954223633,35.22999954223633,3572.0
2024-10-25 15:36:00+00:00,FLYW,17.364999771118164,17.364999771118164,17.364999771118164,17.360000610351562,17.360000610351562,2886.0
2024-10-25 15:36:00+00:00,FORM,44.80009841918945,44.80009841918945,44.80009841918945,44.80009841918945,44.80009841918945,1642.0
2024-10-25 15:36:00+00:00,FROG,29.19499969482422,29.19499969482422,29.19499969482422,29.190000534057617,29.190000534057617,487.0
2024-10-25 15:36:00+00:00,FRSH,11.600000381469727,11.600000381469727,11.600000381469727,11.600000381469727,11.600000381469727,1446.0
2024-10-25 15:36:00+00:00,FSLR,198.4499969482422,198.4499969482422,198.4600067138672,198.3300018310547,198.33999633789062,3082.0
2024-10-25 15:36:00+00:00,FTCI,0.6543999910354614,0.6543999910354614,0.6543999910354614,0.6543999910354614,0.6543999910354614,2323.0
2024-10-25 15:36:00+00:00,FTNT,80.52999877929688,80.52999877929688,80.52999877929688,80.45999908447266,80.4800033569336,13365.0
2024-10-25 15:36:00+00:00,GCT,24.489999771118164,24.489999771118164,24.5,24.484100341796875,24.4950008392334,1486.0
2024-10-25 15:36:00+00:00,GDS,21.2549991607666,21.2549991607666,21.28499984741211,21.243000030517578,21.28499984741211,2157.0
2024-10-25 15:36:00+00:00,GDYN,15.630000114440918,15.630000114440918,15.630000114440918,15.630000114440918,15.630000114440918,311.0
2024-10-25 15:36:00+00:00,GFS,40.400001525878906,40.400001525878906,40.40999984741211,40.400001525878906,40.40999984741211,1531.0
2024-10-25 15:36:00+00:00,GILT,4.929999828338623,4.929999828338623,4.929999828338623,4.929999828338623,4.929999828338623,104.0
2024-10-25 15:36:00+00:00,GNSS,3.8949999809265137,3.8949999809265137,3.8949999809265137,3.8949999809265137,3.8949999809265137,191.0
2024-10-25 15:36:00+00:00,GPRO,1.3049999475479126,1.3049999475479126,1.3049999475479126,1.3049999475479126,1.3049999475479126,541.0
2024-10-25 15:36:00+00:00,GRAB,4.090000152587891,4.090000152587891,4.090000152587891,4.085000038146973,4.085000038146973,8658.0
2024-10-25 15:36:00+00:00,GSIT,3.4000000953674316,3.4000000953674316,3.4000000953674316,3.4000000953674316,3.4000000953674316,303.0
2024-10-25 15:36:00+00:00,GTLB,54.85499954223633,54.85499954223633,54.86000061035156,54.849998474121094,54.86000061035156,864.0
2024-10-25 15:36:00+00:00,HCP,33.6349983215332,33.6349983215332,33.63999938964844,33.630001068115234,33.63999938964844,1793.0
2024-10-25 15:36:00+00:00,HLIT,14.775400161743164,14.775400161743164,14.779999732971191,14.775400161743164,14.779999732971191,603.0
2024-10-25 15:36:00+00:00,HOLO,3.609999895095825,3.609999895095825,3.614000082015991,3.609999895095825,3.614000082015991,1947.0
2024-10-25 15:36:00+00:00,HOOD,27.030000686645508,27.030000686645508,27.03499984741211,27.020999908447266,27.03499984741211,11837.0
2024-10-25 15:36:00+00:00,ICHR,27.579999923706055,27.579999923706055,27.579999923706055,27.549999237060547,27.549999237060547,1183.0
2024-10-25 15:36:00+00:00,III,3.049999952316284,3.049999952316284,3.049999952316284,3.049999952316284,3.049999952316284,386.0
2024-10-25 15:36:00+00:00,IMMR,8.659899711608887,8.659899711608887,8.659899711608887,8.659799575805664,8.659799575805664,1488.0
2024-10-25 15:36:00+00:00,INDI,3.4749999046325684,3.4749999046325684,3.4749999046325684,3.4700000286102295,3.4700000286102295,543.0
2024-10-25 15:36:00+00:00,INFN,6.769999980926514,6.769999980926514,6.769999980926514,6.769999980926514,6.769999980926514,317.0
2024-10-25 15:36:00+00:00,INOD,20.110000610351562,20.110000610351562,20.11400032043457,20.110000610351562,20.11400032043457,1575.0
2024-10-25 15:36:00+00:00,INTA,50.11000061035156,50.11000061035156,50.11000061035156,50.11000061035156,50.11000061035156,1675.0
2024-10-25 15:36:00+00:00,INTC,22.797300338745117,22.797300338745117,22.799999237060547,22.780000686645508,22.795000076293945,49430.0
2024-10-25 15:36:00+00:00,INTU,608.739990234375,608.739990234375,608.739990234375,608.739990234375,608.739990234375,1502.0
2024-10-25 15:36:00+00:00,IPGP,76.98999786376953,76.98999786376953,76.98999786376953,76.98999786376953,76.98999786376953,674.0
2024-10-25 15:36:00+00:00,ITRI,102.7300033569336,102.7300033569336,102.73999786376953,102.7300033569336,102.73999786376953,2150.0
2024-10-25 15:36:00+00:00,JAMF,16.7450008392334,16.7450008392334,16.7450008392334,16.7450008392334,16.7450008392334,1237.0
2024-10-25 15:36:00+00:00,KC,2.6600000858306885,2.6600000858306885,2.6600000858306885,2.6600000858306885,2.6600000858306885,422.0
2024-10-25 15:36:00+00:00,KLAC,677.530029296875,677.530029296875,677.530029296875,677.530029296875,677.530029296875,564.0
2024-10-25 15:36:00+00:00,KLIC,44.689998626708984,44.689998626708984,44.689998626708984,44.65999984741211,44.65999984741211,2718.0
2024-10-25 15:36:00+00:00,LASR,10.380000114440918,10.380000114440918,10.390000343322754,10.380000114440918,10.390000343322754,1261.0
2024-10-25 15:36:00+00:00,LINK,5.079400062561035,5.079400062561035,5.079400062561035,4.96999979019165,4.988500118255615,21684.0
2024-10-25 15:36:00+00:00,LITE,64.41000366210938,64.41000366210938,64.47000122070312,64.41000366210938,64.47000122070312,2617.0
2024-10-25 15:36:00+00:00,LOGI,80.7249984741211,80.7249984741211,80.7249984741211,80.70999908447266,80.7249984741211,667.0
2024-10-25 15:36:00+00:00,LPSN,1.1649999618530273,1.1649999618530273,1.1649999618530273,1.1649999618530273,1.1649999618530273,240.0
2024-10-25 15:36:00+00:00,LRCX,78.19999694824219,78.19999694824219,78.20999908447266,78.1500015258789,78.19000244140625,21728.0
2024-10-25 15:36:00+00:00,LSCC,54.060001373291016,54.060001373291016,54.06999969482422,54.029998779296875,54.029998779296875,5877.0
2024-10-25 15:36:00+00:00,LTRX,4.090000152587891,4.090000152587891,4.09499979019165,4.090000152587891,4.090000152587891,621.0
2024-10-25 15:36:00+00:00,LYFT,13.475000381469727,13.475000381469727,13.508500099182129,13.470000267028809,13.5,87700.0
2024-10-25 15:36:00+00:00,MAPS,0.8307999968528748,0.8307999968528748,0.8307999968528748,0.830299973487854,0.830299973487854,295.0
2024-10-25 15:36:00+00:00,MCHP,76.69999694824219,76.69999694824219,76.69999694824219,76.66999816894531,76.66999816894531,7506.0
2024-10-25 15:36:00+00:00,MDB,267.1199951171875,267.1199951171875,267.1199951171875,267.0,267.0,990.0
2024-10-25 15:36:00+00:00,MITK,8.760000228881836,8.760000228881836,8.760000228881836,8.760000228881836,8.760000228881836,392.0
2024-10-25 15:36:00+00:00,MKSI,101.30000305175781,101.30000305175781,101.30000305175781,101.30000305175781,101.30000305175781,1391.0
2024-10-25 15:36:00+00:00,MNDY,298.0400085449219,298.0400085449219,298.05999755859375,298.0400085449219,298.05999755859375,2718.0
2024-10-25 15:36:00+00:00,MPWR,909.5999755859375,909.5999755859375,909.77001953125,909.239990234375,909.77001953125,2781.0
2024-10-25 15:36:00+00:00,MQ,5.304999828338623,5.304999828338623,5.304999828338623,5.304999828338623,5.304999828338623,2768.0
2024-10-25 15:36:00+00:00,MRAM,6.360000133514404,6.360000133514404,6.360000133514404,6.360000133514404,6.360000133514404,110.0
2024-10-25 15:36:00+00:00,MRVL,82.09500122070312,82.09500122070312,82.09500122070312,82.03500366210938,82.08000183105469,8277.0
2024-10-25 15:36:00+00:00,MSFT,428.1199951171875,428.1199951171875,428.205810546875,428.0899963378906,428.205810546875,216720.0
2024-10-25 15:36:00+00:00,MSTR,234.30999755859375,234.30999755859375,234.7100067138672,234.1699981689453,234.27000427246094,33986.0
2024-10-25 15:36:00+00:00,MTLS,5.920000076293945,5.920000076293945,5.920000076293945,5.920000076293945,5.920000076293945,991.0
2024-10-25 15:36:00+00:00,MTSI,121.24500274658203,121.24500274658203,121.31999969482422,121.17500305175781,121.17500305175781,4120.0
2024-10-25 15:36:00+00:00,MTTR,4.565000057220459,4.565000057220459,4.570000171661377,4.554999828338623,4.554999828338623,84742.0
2024-10-25 15:36:00+00:00,MU,108.2699966430664,108.2699966430664,108.27130126953125,108.22100067138672,108.25,11617.0
2024-10-25 15:36:00+00:00,MXL,14.710000038146973,14.710000038146973,14.734999656677246,14.699999809265137,14.734999656677246,5933.0
2024-10-25 15:36:00+00:00,NCNO,37.88999938964844,37.88999938964844,37.88999938964844,37.88999938964844,37.88999938964844,403.0
2024-10-25 15:36:00+00:00,NEON,8.114999771118164,8.114999771118164,8.114999771118164,8.114999771118164,8.114999771118164,453.0
2024-10-25 15:36:00+00:00,NICE,174.4600067138672,174.4600067138672,174.52999877929688,174.3800048828125,174.4600067138672,3866.0
2024-10-25 15:36:00+00:00,NNDM,2.325000047683716,2.325000047683716,2.325000047683716,2.325000047683716,2.325000047683716,921.0
2024-10-25 15:36:00+00:00,NSIT,209.53500366210938,209.53500366210938,209.53500366210938,209.24000549316406,209.24000549316406,2784.0
2024-10-25 15:36:00+00:00,NTAP,119.83499908447266,119.83499908447266,119.8499984741211,119.80000305175781,119.80000305175781,3164.0
2024-10-25 15:36:00+00:00,NTCT,20.680999755859375,20.680999755859375,20.690000534057617,20.670000076293945,20.670000076293945,2156.0
2024-10-25 15:36:00+00:00,NTGR,20.280000686645508,20.280000686645508,20.280000686645508,20.280000686645508,20.280000686645508,254.0
2024-10-25 15:36:00+00:00,NTNX,61.72999954223633,61.72999954223633,61.72999954223633,61.720001220703125,61.72999954223633,2709.0
2024-10-25 15:36:00+00:00,NVDA,142.093994140625,142.093994140625,142.10000610351562,142.01060485839844,142.0449981689453,243995.0
2024-10-25 15:36:00+00:00,NVEI,33.494998931884766,33.494998931884766,33.494998931884766,33.494998931884766,33.494998931884766,1061.0
2024-10-25 15:36:00+00:00,NVTS,2.5250000953674316,2.5250000953674316,2.5250000953674316,2.5199999809265137,2.5199999809265137,1562.0
2024-10-25 15:36:00+00:00,NXPI,243.52499389648438,243.52499389648438,243.6199951171875,243.46339416503906,243.6199951171875,3812.0
2024-10-25 15:36:00+00:00,OKTA,72.26000213623047,72.26000213623047,72.2699966430664,72.18000030517578,72.18000030517578,5897.0
2024-10-25 15:36:00+00:00,ON,71.31999969482422,71.31999969482422,71.33499908447266,71.30000305175781,71.33000183105469,22174.0
2024-10-25 15:36:00+00:00,OTEX,33.220001220703125,33.220001220703125,33.220001220703125,33.220001220703125,33.220001220703125,819.0
2024-10-25 15:36:00+00:00,PANW,365.94000244140625,365.94000244140625,365.989990234375,365.8800048828125,365.989990234375,1552.0
2024-10-25 15:36:00+00:00,PAYO,8.345000267028809,8.345000267028809,8.345000267028809,8.34000015258789,8.345000267028809,6673.0
2024-10-25 15:36:00+00:00,PCTY,173.58999633789062,173.58999633789062,173.58999633789062,173.58999633789062,173.58999633789062,807.0
2024-10-25 15:36:00+00:00,PEGA,79.88999938964844,79.88999938964844,79.91500091552734,79.82499694824219,79.85900115966797,7526.0
2024-10-25 15:36:00+00:00,PGY,11.9399995803833,11.9399995803833,11.949999809265137,11.9399995803833,11.944999694824219,1806.0
2024-10-25 15:36:00+00:00,PHUN,10.571399688720703,10.571399688720703,10.604999542236328,10.569999694824219,10.588500022888184,42212.0
2024-10-25 15:36:00+00:00,PI,202.03500366210938,202.03500366210938,202.03500366210938,202.03500366210938,202.03500366210938,1583.0
2024-10-25 15:36:00+00:00,PLXS,141.51499938964844,141.51499938964844,141.7100067138672,141.5050048828125,141.7100067138672,2982.0
2024-10-25 15:36:00+00:00,POET,3.859999895095825,3.859999895095825,3.869999885559082,3.859999895095825,3.859999895095825,9359.0
2024-10-25 15:36:00+00:00,PRGS,64.66999816894531,64.66999816894531,64.66999816894531,64.66999816894531,64.66999816894531,1661.0
2024-10-25 15:36:00+00:00,PTC,187.125,187.125,187.1699981689453,187.125,187.16000366210938,1077.0
2024-10-25 15:36:00+00:00,PUBM,14.75,14.75,14.75,14.75,14.75,576.0
2024-10-25 15:36:00+00:00,PYCR,14.354999542236328,14.354999542236328,14.354999542236328,14.34000015258789,14.34000015258789,3388.0
2024-10-25 15:36:00+00:00,QCOM,170.86000061035156,170.86000061035156,170.86000061035156,170.75,170.77000427246094,9933.0
2024-10-25 15:36:00+00:00,QLYS,120.83000183105469,120.83000183105469,120.83000183105469,120.80000305175781,120.80000305175781,1803.0
2024-10-25 15:36:00+00:00,QRVO,99.77999877929688,99.77999877929688,99.77999877929688,99.7699966430664,99.77999877929688,1304.0
2024-10-25 15:36:00+00:00,RBCN,1.2300000190734863,1.2300000190734863,1.2300000190734863,1.2300000190734863,1.2300000190734863,950.0
2024-10-25 15:36:00+00:00,RCAT,2.724600076675415,2.724600076675415,2.7260000705718994,2.724600076675415,2.7260000705718994,6831.0
2024-10-25 15:36:00+00:00,RDWR,22.399999618530273,22.399999618530273,22.399999618530273,22.360000610351562,22.360000610351562,2121.0
2024-10-25 15:36:00+00:00,REKR,1.0850000381469727,1.0850000381469727,1.0850000381469727,1.0850000381469727,1.0850000381469727,4106.0
2024-10-25 15:36:00+00:00,RELL,14.039999961853027,14.039999961853027,14.039999961853027,14.039999961853027,14.039999961853027,864.0
2024-10-25 15:36:00+00:00,RELY,14.890000343322754,14.890000343322754,14.890000343322754,14.880000114440918,14.880000114440918,1558.0
2024-10-25 15:36:00+00:00,RGTI,1.2111999988555908,1.2111999988555908,1.2199000120162964,1.2111999988555908,1.2199000120162964,2070.0
2024-10-25 15:36:00+00:00,RIOT,9.70989990234375,9.70989990234375,9.720000267028809,9.704999923706055,9.71500015258789,36288.0
2024-10-25 15:36:00+00:00,RMBS,43.400001525878906,43.400001525878906,43.400001525878906,43.3849983215332,43.400001525878906,1793.0
2024-10-25 15:36:00+00:00,RMNI,1.725000023841858,1.725000023841858,1.725000023841858,1.725000023841858,1.725000023841858,993.0
2024-10-25 15:36:00+00:00,RPAY,7.704999923706055,7.704999923706055,7.704999923706055,7.704999923706055,7.704999923706055,635.0
2024-10-25 15:36:00+00:00,RPD,39.029998779296875,39.029998779296875,39.029998779296875,39.029998779296875,39.029998779296875,393.0
2024-10-25 15:36:00+00:00,RUM,5.684999942779541,5.684999942779541,5.690000057220459,5.684999942779541,5.685999870300293,2727.0
2024-10-25 15:36:00+00:00,RUN,14.425000190734863,14.425000190734863,14.425000190734863,14.414999961853027,14.414999961853027,6524.0
2024-10-25 15:36:00+00:00,RXT,2.4755001068115234,2.4755001068115234,2.4755001068115234,2.4755001068115234,2.4755001068115234,1117.0
2024-10-25 15:36:00+00:00,SATS,25.06999969482422,25.06999969482422,25.075000762939453,25.06999969482422,25.075000762939453,2499.0
2024-10-25 15:36:00+00:00,SCWX,8.369999885559082,8.369999885559082,8.375,8.369999885559082,8.375,2345.0
2024-10-25 15:36:00+00:00,SEDG,16.024999618530273,16.024999618530273,16.027999877929688,16.0,16.0,3786.0
2024-10-25 15:36:00+00:00,SHLS,5.190000057220459,5.190000057220459,5.195000171661377,5.190000057220459,5.190000057220459,2873.0
2024-10-25 15:36:00+00:00,SIMO,56.12049865722656,56.12049865722656,56.12049865722656,56.119998931884766,56.119998931884766,449.0
2024-10-25 15:36:00+00:00,SKYT,10.46500015258789,10.46500015258789,10.470000267028809,10.460000038146973,10.470000267028809,5010.0
2024-10-25 15:36:00+00:00,SLAB,114.0,114.0,114.0,113.9749984741211,113.9749984741211,1718.0
2024-10-25 15:36:00+00:00,SMCI,47.4119987487793,47.4119987487793,47.41999816894531,47.38010025024414,47.41999816894531,26296.0
2024-10-25 15:36:00+00:00,SMSI,0.7910000085830688,0.7910000085830688,0.8034999966621399,0.7910000085830688,0.8034999966621399,13184.0
2024-10-25 15:36:00+00:00,SMTC,45.66999816894531,45.66999816894531,45.7400016784668,45.654998779296875,45.654998779296875,2149.0
2024-10-25 15:36:00+00:00,SONO,12.654999732971191,12.654999732971191,12.654999732971191,12.654999732971191,12.654999732971191,1810.0
2024-10-25 15:36:00+00:00,SOUN,5.190000057220459,5.190000057220459,5.190000057220459,5.180099964141846,5.184999942779541,8194.0
2024-10-25 15:36:00+00:00,SPSC,170.05999755859375,170.05999755859375,170.5399932861328,169.94000244140625,170.07000732421875,8308.0
2024-10-25 15:36:00+00:00,SRAD,12.3100004196167,12.3100004196167,12.3100004196167,12.28499984741211,12.300000190734863,5415.0
2024-10-25 15:36:00+00:00,SSNC,70.32499694824219,70.32499694824219,70.3499984741211,70.27999877929688,70.27999877929688,23261.0
2024-10-25 15:36:00+00:00,SSYS,7.019999980926514,7.019999980926514,7.019999980926514,7.019999980926514,7.019999980926514,1510.0
2024-10-25 15:36:00+00:00,STNE,11.520000457763672,11.520000457763672,11.520000457763672,11.5,11.505000114440918,22933.0
2024-10-25 15:36:00+00:00,STX,103.51000213623047,103.51000213623047,103.51000213623047,103.45999908447266,103.5,7681.0
2024-10-25 15:36:00+00:00,SVRE,0.0786999985575676,0.0786999985575676,0.0786999985575676,0.0786999985575676,0.0786999985575676,2714.0
2024-10-25 15:36:00+00:00,SWKS,95.75250244140625,95.75250244140625,95.75250244140625,95.70500183105469,95.7300033569336,6174.0
2024-10-25 15:36:00+00:00,SYNA,72.2699966430664,72.2699966430664,72.2699966430664,72.26000213623047,72.26000213623047,852.0
2024-10-25 15:36:00+00:00,TASK,12.010000228881836,12.010000228881836,12.010000228881836,12.010000228881836,12.010000228881836,935.0
2024-10-25 15:36:00+00:00,TEAM,188.66000366210938,188.66000366210938,188.7899932861328,188.66000366210938,188.7899932861328,2093.0
2024-10-25 15:36:00+00:00,TENB,41.709999084472656,41.709999084472656,41.709999084472656,41.689998626708984,41.689998626708984,2079.0
2024-10-25 15:36:00+00:00,TER,112.37000274658203,112.37000274658203,112.37000274658203,112.26000213623047,112.32499694824219,11480.0
2024-10-25 15:36:00+00:00,TLS,3.569999933242798,3.569999933242798,3.569999933242798,3.569999933242798,3.569999933242798,1319.0
2024-10-25 15:36:00+00:00,TRMB,60.939998626708984,60.939998626708984,60.939998626708984,60.939998626708984,60.939998626708984,1948.0
2024-10-25 15:36:00+00:00,TTD,119.27999877929688,119.27999877929688,119.30989837646484,119.27999877929688,119.27999877929688,4177.0
2024-10-25 15:36:00+00:00,TWKS,4.445000171661377,4.445000171661377,4.449999809265137,4.440000057220459,4.445000171661377,2517.0
2024-10-25 15:36:00+00:00,TXN,207.41000366210938,207.41000366210938,207.41000366210938,207.3300018310547,207.36500549316406,5637.0
2024-10-25 15:36:00+00:00,UCTT,35.7599983215332,35.7599983215332,35.790000915527344,35.7599983215332,35.790000915527344,1325.0
2024-10-25 15:36:00+00:00,VERI,3.430000066757202,3.430000066757202,3.430000066757202,3.430000066757202,3.430000066757202,370.0
2024-10-25 15:36:00+00:00,VICR,46.5099983215332,46.5099983215332,46.5099983215332,46.5099983215332,46.5099983215332,926.0
2024-10-25 15:36:00+00:00,VNET,3.375,3.375,3.375,3.375,3.375,3260.0
2024-10-25 15:36:00+00:00,VRNS,56.81999969482422,56.81999969482422,56.81999969482422,56.810001373291016,56.81999969482422,889.0
2024-10-25 15:36:00+00:00,VSAT,10.199999809265137,10.199999809265137,10.199999809265137,10.199999809265137,10.199999809265137,1150.0
2024-10-25 15:36:00+00:00,WDAY,238.27499389648438,238.27499389648438,238.27499389648438,238.1999969482422,238.1999969482422,882.0
2024-10-25 15:36:00+00:00,WDC,70.2301025390625,70.2301025390625,70.26000213623047,70.19999694824219,70.23999786376953,17498.0
2024-10-25 15:36:00+00:00,WISA,1.9900000095367432,1.9900000095367432,1.9900000095367432,1.9900000095367432,1.9900000095367432,564.0
2024-10-25 15:36:00+00:00,WIX,164.55999755859375,164.55999755859375,164.67999267578125,164.55999755859375,164.67999267578125,3123.0
2024-10-25 15:36:00+00:00,WRAP,1.840000033378601,1.840000033378601,1.840000033378601,1.840000033378601,1.840000033378601,122.0
2024-10-25 15:36:00+00:00,XRX,10.005000114440918,10.005000114440918,10.005000114440918,10.005000114440918,10.005000114440918,536.0
2024-10-25 15:36:00+00:00,ZI,10.454999923706055,10.454999923706055,10.460000038146973,10.454999923706055,10.460000038146973,1879.0
2024-10-25 15:36:00+00:00,ZM,72.93000030517578,72.93000030517578,72.93499755859375,72.93000030517578,72.93000030517578,1509.0
2024-10-25 15:37:00+00:00,AAOI,17.518999099731445,17.518999099731445,17.538999557495117,17.518999099731445,17.538999557495117,3922.0
2024-10-25 15:37:00+00:00,AAPL,231.5449981689453,231.5449981689453,231.57989501953125,231.4499969482422,231.4499969482422,47123.0
2024-10-25 15:37:00+00:00,ACIW,48.790000915527344,48.790000915527344,48.790000915527344,48.790000915527344,48.790000915527344,898.0
2024-10-25 15:37:00+00:00,ACMR,19.6299991607666,19.6299991607666,19.63800048828125,19.6299991607666,19.63800048828125,2101.0
2024-10-25 15:37:00+00:00,ADBE,483.7300109863281,483.7300109863281,483.7929992675781,483.4200134277344,483.4200134277344,5174.0
2024-10-25 15:37:00+00:00,ADI,231.26499938964844,231.26499938964844,231.26499938964844,231.13999938964844,231.13999938964844,4061.0
2024-10-25 15:37:00+00:00,ADSK,286.635009765625,286.635009765625,286.635009765625,286.45001220703125,286.45001220703125,2228.0
2024-10-25 15:37:00+00:00,ADTN,6.275000095367432,6.275000095367432,6.275000095367432,6.275000095367432,6.275000095367432,200.0
2024-10-25 15:37:00+00:00,AEHR,17.040000915527344,17.040000915527344,17.040000915527344,17.030000686645508,17.030000686645508,1139.0
2024-10-25 15:37:00+00:00,AFRM,41.14500045776367,41.14500045776367,41.15999984741211,41.1150016784668,41.119998931884766,11191.0
2024-10-25 15:37:00+00:00,AGYS,110.37200164794922,110.37200164794922,110.37200164794922,110.13500213623047,110.22000122070312,3564.0
2024-10-25 15:37:00+00:00,AKAM,101.68499755859375,101.68499755859375,101.69000244140625,101.62999725341797,101.62999725341797,3962.0
2024-10-25 15:37:00+00:00,ALGM,23.155000686645508,23.155000686645508,23.15999984741211,23.155000686645508,23.15999984741211,1814.0
2024-10-25 15:37:00+00:00,ALKT,38.29999923706055,38.29999923706055,38.29999923706055,38.29999923706055,38.29999923706055,687.0
2024-10-25 15:37:00+00:00,ALRM,54.4900016784668,54.4900016784668,54.4900016784668,54.43000030517578,54.43000030517578,964.0
2024-10-25 15:37:00+00:00,ALTR,103.86000061035156,103.86000061035156,103.86000061035156,103.83999633789062,103.86000061035156,3263.0
2024-10-25 15:37:00+00:00,AMAT,187.4250030517578,187.4250030517578,187.4600067138672,187.38999938964844,187.40499877929688,11199.0
2024-10-25 15:37:00+00:00,AMBA,57.720001220703125,57.720001220703125,57.75,57.720001220703125,57.75,1040.0
2024-10-25 15:37:00+00:00,AMD,156.5800018310547,156.5800018310547,156.60800170898438,156.5198974609375,156.5198974609375,46705.0
2024-10-25 15:37:00+00:00,AMKR,30.059999465942383,30.059999465942383,30.059999465942383,30.059999465942383,30.059999465942383,1273.0
2024-10-25 15:37:00+00:00,AMPL,9.095000267028809,9.095000267028809,9.095000267028809,9.095000267028809,9.095000267028809,303.0
2024-10-25 15:37:00+00:00,ANSS,324.1000061035156,324.1000061035156,324.29998779296875,324.1000061035156,324.1700134277344,1336.0
2024-10-25 15:37:00+00:00,API,2.8399999141693115,2.8399999141693115,2.8399999141693115,2.8399999141693115,2.8399999141693115,301.0
2024-10-25 15:37:00+00:00,APP,161.77999877929688,161.77999877929688,161.8874969482422,161.77999877929688,161.8800048828125,4958.0
2024-10-25 15:37:00+00:00,APPN,32.349998474121094,32.349998474121094,32.349998474121094,32.34000015258789,32.349998474121094,1377.0
2024-10-25 15:37:00+00:00,APPS,3.065000057220459,3.065000057220459,3.065000057220459,3.065000057220459,3.065000057220459,1115.0
2024-10-25 15:37:00+00:00,ARRY,6.474999904632568,6.474999904632568,6.474999904632568,6.460000038146973,6.465000152587891,26914.0
2024-10-25 15:37:00+00:00,ASML,714.2686767578125,714.2686767578125,714.530029296875,714.2686767578125,714.3200073242188,1879.0
2024-10-25 15:37:00+00:00,ASTI,2.859999895095825,2.859999895095825,2.859999895095825,2.859999895095825,2.859999895095825,501.0
2024-10-25 15:37:00+00:00,ASUR,9.619999885559082,9.619999885559082,9.619999885559082,9.619999885559082,9.619999885559082,200.0
2024-10-25 15:37:00+00:00,AUR,6.394999980926514,6.394999980926514,6.394999980926514,6.394999980926514,6.394999980926514,4361.0
2024-10-25 15:37:00+00:00,AUUD,0.6330000162124634,0.6330000162124634,0.6330000162124634,0.6330000162124634,0.6330000162124634,622.0
2024-10-25 15:37:00+00:00,AVDX,8.095000267028809,8.095000267028809,8.100000381469727,8.09000015258789,8.09000015258789,11035.0
2024-10-25 15:37:00+00:00,AVGO,173.88999938964844,173.88999938964844,174.07000732421875,173.8300018310547,173.9600067138672,35166.0
2024-10-25 15:37:00+00:00,AVPT,11.899999618530273,11.899999618530273,11.899999618530273,11.895000457763672,11.895000457763672,1456.0
2024-10-25 15:37:00+00:00,AVT,54.099998474121094,54.099998474121094,54.099998474121094,54.099998474121094,54.099998474121094,566.0
2024-10-25 15:37:00+00:00,AXTI,2.6649999618530273,2.6649999618530273,2.6649999618530273,2.6649999618530273,2.6649999618530273,260.0
2024-10-25 15:37:00+00:00,BAND,17.8799991607666,17.8799991607666,17.8799991607666,17.8799991607666,17.8799991607666,165.0
2024-10-25 15:37:00+00:00,BASE,16.290000915527344,16.290000915527344,16.290000915527344,16.264999389648438,16.264999389648438,586.0
2024-10-25 15:37:00+00:00,BEEM,4.785699844360352,4.785699844360352,4.785699844360352,4.769999980926514,4.769999980926514,572.0
2024-10-25 15:37:00+00:00,BELFB,78.56999969482422,78.56999969482422,78.56999969482422,78.56999969482422,78.56999969482422,361.0
2024-10-25 15:37:00+00:00,BIGC,5.264999866485596,5.264999866485596,5.264999866485596,5.264999866485596,5.264999866485596,1118.0
2024-10-25 15:37:00+00:00,BL,56.369998931884766,56.369998931884766,56.369998931884766,56.34000015258789,56.34000015258789,2319.0
2024-10-25 15:37:00+00:00,BMBL,7.150000095367432,7.150000095367432,7.150000095367432,7.135000228881836,7.135000228881836,4397.0
2024-10-25 15:37:00+00:00,BRZE,30.690000534057617,30.690000534057617,30.690000534057617,30.639999389648438,30.639999389648438,2099.0
2024-10-25 15:37:00+00:00,BSY,49.08000183105469,49.08000183105469,49.09000015258789,49.08000183105469,49.09000015258789,2934.0
2024-10-25 15:37:00+00:00,CAN,0.972599983215332,0.972599983215332,0.9731000065803528,0.9725000262260437,0.9731000065803528,4168.0
2024-10-25 15:37:00+00:00,CDNS,257.80999755859375,257.80999755859375,257.80999755859375,257.6499938964844,257.6499938964844,3805.0
2024-10-25 15:37:00+00:00,CDW,217.5050048828125,217.5050048828125,217.60000610351562,217.42999267578125,217.58999633789062,12950.0
2024-10-25 15:37:00+00:00,CETX,0.29499998688697815,0.29499998688697815,0.2969000041484833,0.29499998688697815,0.29600000381469727,52494.0
2024-10-25 15:37:00+00:00,CFLT,22.40999984741211,22.40999984741211,22.40999984741211,22.375,22.375,3086.0
2024-10-25 15:37:00+00:00,CGNT,6.614999771118164,6.614999771118164,6.614999771118164,6.614999771118164,6.614999771118164,415.0
2024-10-25 15:37:00+00:00,CGNX,38.86000061035156,38.86000061035156,38.86000061035156,38.849998474121094,38.86000061035156,1328.0
2024-10-25 15:37:00+00:00,CHKP,206.2100067138672,206.2100067138672,206.2100067138672,206.16000366210938,206.16000366210938,1736.0
2024-10-25 15:37:00+00:00,CLBT,18.204999923706055,18.204999923706055,18.21500015258789,18.200000762939453,18.21500015258789,1676.0
2024-10-25 15:37:00+00:00,CLSK,11.484000205993652,11.484000205993652,11.505000114440918,11.479999542236328,11.505000114440918,62300.0
2024-10-25 15:37:00+00:00,CNDT,3.5899999141693115,3.5899999141693115,3.5950000286102295,3.5899999141693115,3.5899999141693115,4467.0
2024-10-25 15:37:00+00:00,COHR,95.6144027709961,95.6144027709961,95.62999725341797,95.5730972290039,95.5730972290039,5709.0
2024-10-25 15:37:00+00:00,COHU,25.969999313354492,25.969999313354492,25.979999542236328,25.969999313354492,25.969999313354492,1797.0
2024-10-25 15:37:00+00:00,COIN,204.82000732421875,204.82000732421875,204.87950134277344,204.5,204.5,19354.0
2024-10-25 15:37:00+00:00,COMM,6.211999893188477,6.211999893188477,6.21999979019165,6.210000038146973,6.21999979019165,9673.0
2024-10-25 15:37:00+00:00,CORZ,13.253999710083008,13.253999710083008,13.270000457763672,13.244999885559082,13.260000228881836,36623.0
2024-10-25 15:37:00+00:00,CRCT,6.559999942779541,6.559999942779541,6.559999942779541,6.559999942779541,6.559999942779541,263.0
2024-10-25 15:37:00+00:00,CRDO,39.189998626708984,39.189998626708984,39.20000076293945,39.16999816894531,39.16999816894531,2394.0
2024-10-25 15:37:00+00:00,CRNC,2.924999952316284,2.924999952316284,2.924999952316284,2.9200000762939453,2.924999952316284,1401.0
2024-10-25 15:37:00+00:00,CRUS,122.41000366210938,122.41000366210938,122.43000030517578,122.41000366210938,122.41999816894531,1450.0
2024-10-25 15:37:00+00:00,CRWD,299.45001220703125,299.45001220703125,299.593994140625,299.341796875,299.4200134277344,11708.0
2024-10-25 15:37:00+00:00,CSCO,55.77000045776367,55.77000045776367,55.775001525878906,55.755001068115234,55.7599983215332,34799.0
2024-10-25 15:37:00+00:00,CSGS,47.29999923706055,47.29999923706055,47.29999923706055,47.29999923706055,47.29999923706055,240.0
2024-10-25 15:37:00+00:00,CSIQ,13.364999771118164,13.364999771118164,13.369999885559082,13.359999656677246,13.369999885559082,5901.0
2024-10-25 15:37:00+00:00,CTLP,8.904999732971191,8.904999732971191,8.904999732971191,8.895000457763672,8.899999618530273,962.0
2024-10-25 15:37:00+00:00,CTSH,74.81999969482422,74.81999969482422,74.81999969482422,74.7699966430664,74.7699966430664,9616.0
2024-10-25 15:37:00+00:00,DAIO,2.5899999141693115,2.5899999141693115,2.5899999141693115,2.5899999141693115,2.5899999141693115,124.0
2024-10-25 15:37:00+00:00,DATS,1.565000057220459,1.565000057220459,1.565000057220459,1.565000057220459,1.565000057220459,1728.0
2024-10-25 15:37:00+00:00,DBX,26.040000915527344,26.040000915527344,26.040000915527344,26.014999389648438,26.014999389648438,12872.0
2024-10-25 15:37:00+00:00,DDOG,126.58999633789062,126.58999633789062,126.61000061035156,126.54000091552734,126.55000305175781,12653.0
2024-10-25 15:37:00+00:00,DIOD,64.95999908447266,64.95999908447266,65.00499725341797,64.95999908447266,65.00499725341797,1673.0
2024-10-25 15:37:00+00:00,DLO,8.8149995803833,8.8149995803833,8.819999694824219,8.8149995803833,8.819999694824219,1362.0
2024-10-25 15:37:00+00:00,DOCU,68.79000091552734,68.79000091552734,68.83999633789062,68.79000091552734,68.83999633789062,16623.0
2024-10-25 15:37:00+00:00,DOMO,8.085000038146973,8.085000038146973,8.085000038146973,8.085000038146973,8.085000038146973,338.0
2024-10-25 15:37:00+00:00,DOX,89.06500244140625,89.06500244140625,89.06500244140625,89.03500366210938,89.03500366210938,1829.0
2024-10-25 15:37:00+00:00,DSP,11.454999923706055,11.454999923706055,11.454999923706055,11.454999923706055,11.454999923706055,2230.0
2024-10-25 15:37:00+00:00,DTSS,2.4700000286102295,2.4700000286102295,2.4700000286102295,2.4700000286102295,2.4700000286102295,200.0
2024-10-25 15:37:00+00:00,DUOL,291.6600036621094,291.6600036621094,291.6600036621094,291.6600036621094,291.6600036621094,349.0
2024-10-25 15:37:00+00:00,EEFT,100.62999725341797,100.62999725341797,100.62999725341797,100.62999725341797,100.62999725341797,462.0
2024-10-25 15:37:00+00:00,EMKR,2.140000104904175,2.140000104904175,2.140000104904175,2.140000104904175,2.140000104904175,400.0
2024-10-25 15:37:00+00:00,ENPH,83.7699966430664,83.7699966430664,83.7699966430664,83.70999908447266,83.70999908447266,9904.0
2024-10-25 15:37:00+00:00,ENTG,105.55999755859375,105.55999755859375,105.66000366210938,105.55999755859375,105.62000274658203,4349.0
2024-10-25 15:37:00+00:00,ERIC,8.46500015258789,8.46500015258789,8.46500015258789,8.460000038146973,8.46500015258789,10746.0
2024-10-25 15:37:00+00:00,EXLS,38.54999923706055,38.54999923706055,38.564998626708984,38.54999923706055,38.564998626708984,1091.0
2024-10-25 15:37:00+00:00,EXTR,14.34000015258789,14.34000015258789,14.34000015258789,14.34000015258789,14.34000015258789,938.0
2024-10-25 15:37:00+00:00,FFIV,216.72000122070312,216.72000122070312,216.75,216.68499755859375,216.68499755859375,1976.0
2024-10-25 15:37:00+00:00,FIVN,29.80500030517578,29.80500030517578,29.809999465942383,29.80500030517578,29.80500030517578,1673.0
2024-10-25 15:37:00+00:00,FLEX,35.209999084472656,35.209999084472656,35.244998931884766,35.209999084472656,35.244998931884766,5261.0
2024-10-25 15:37:00+00:00,FLYW,17.360000610351562,17.360000610351562,17.360000610351562,17.360000610351562,17.360000610351562,1140.0
2024-10-25 15:37:00+00:00,FORM,44.859100341796875,44.859100341796875,44.859100341796875,44.83000183105469,44.83000183105469,1717.0
2024-10-25 15:37:00+00:00,FROG,29.200000762939453,29.200000762939453,29.209999084472656,29.19499969482422,29.19499969482422,5255.0
2024-10-25 15:37:00+00:00,FRSH,11.600000381469727,11.600000381469727,11.600000381469727,11.595000267028809,11.600000381469727,1635.0
2024-10-25 15:37:00+00:00,FSLR,198.1999969482422,198.1999969482422,198.5,198.1999969482422,198.5,3786.0
2024-10-25 15:37:00+00:00,FTCI,0.6543999910354614,0.6543999910354614,0.6557000279426575,0.6543999910354614,0.6556000113487244,4836.0
2024-10-25 15:37:00+00:00,FTNT,80.54499816894531,80.54499816894531,80.5999984741211,80.51000213623047,80.52999877929688,38752.0
2024-10-25 15:37:00+00:00,GCT,24.510000228881836,24.510000228881836,24.520000457763672,24.5,24.5,2948.0
2024-10-25 15:37:00+00:00,GDS,21.28499984741211,21.28499984741211,21.28499984741211,21.239999771118164,21.2549991607666,4147.0
2024-10-25 15:37:00+00:00,GDYN,15.619999885559082,15.619999885559082,15.630000114440918,15.619999885559082,15.619999885559082,1781.0
2024-10-25 15:37:00+00:00,GFS,40.40999984741211,40.40999984741211,40.41999816894531,40.404998779296875,40.41999816894531,4896.0
2024-10-25 15:37:00+00:00,GILT,4.929999828338623,4.929999828338623,4.929999828338623,4.929999828338623,4.929999828338623,187.0
2024-10-25 15:37:00+00:00,GPRO,1.3049999475479126,1.3049999475479126,1.3049999475479126,1.2999999523162842,1.3049999475479126,861.0
2024-10-25 15:37:00+00:00,GRAB,4.085000038146973,4.085000038146973,4.085000038146973,4.085000038146973,4.085000038146973,18231.0
2024-10-25 15:37:00+00:00,GTLB,54.8650016784668,54.8650016784668,54.869998931884766,54.84000015258789,54.85499954223633,5839.0
2024-10-25 15:37:00+00:00,HCP,33.6349983215332,33.6349983215332,33.6349983215332,33.630001068115234,33.6349983215332,4410.0
2024-10-25 15:37:00+00:00,HEAR,16.43000030517578,16.43000030517578,16.43000030517578,16.43000030517578,16.43000030517578,570.0
2024-10-25 15:37:00+00:00,HIMX,6.15500020980835,6.15500020980835,6.15500020980835,6.15500020980835,6.15500020980835,1098.0
2024-10-25 15:37:00+00:00,HLIT,14.789999961853027,14.789999961853027,14.789999961853027,14.779999732971191,14.779999732971191,4050.0
2024-10-25 15:37:00+00:00,HOLO,3.615000009536743,3.615000009536743,3.615000009536743,3.615000009536743,3.615000009536743,1209.0
2024-10-25 15:37:00+00:00,HOOD,27.040000915527344,27.040000915527344,27.049999237060547,27.03499984741211,27.03499984741211,8893.0
2024-10-25 15:37:00+00:00,ICHR,27.59000015258789,27.59000015258789,27.59000015258789,27.59000015258789,27.59000015258789,426.0
2024-10-25 15:37:00+00:00,INDI,3.4749999046325684,3.4749999046325684,3.4749999046325684,3.4749999046325684,3.4749999046325684,711.0
2024-10-25 15:37:00+00:00,INOD,20.1299991607666,20.1299991607666,20.1299991607666,20.1299991607666,20.1299991607666,1138.0
2024-10-25 15:37:00+00:00,INSG,19.94499969482422,19.94499969482422,19.94499969482422,19.934999465942383,19.934999465942383,851.0
2024-10-25 15:37:00+00:00,INTA,50.13999938964844,50.13999938964844,50.13999938964844,50.1349983215332,50.13999938964844,1536.0
2024-10-25 15:37:00+00:00,INTC,22.825000762939453,22.825000762939453,22.829999923706055,22.799999237060547,22.799999237060547,127515.0
2024-10-25 15:37:00+00:00,INTU,608.905029296875,608.905029296875,608.905029296875,608.7999877929688,608.7999877929688,2023.0
2024-10-25 15:37:00+00:00,ITRI,102.80999755859375,102.80999755859375,102.80999755859375,102.80999755859375,102.80999755859375,1199.0
2024-10-25 15:37:00+00:00,JAMF,16.7549991607666,16.7549991607666,16.7549991607666,16.75,16.75,2621.0
2024-10-25 15:37:00+00:00,JKHY,182.85499572753906,182.85499572753906,182.85499572753906,182.85499572753906,182.85499572753906,822.0
2024-10-25 15:37:00+00:00,KARO,40.165000915527344,40.165000915527344,40.165000915527344,40.165000915527344,40.165000915527344,12.0
2024-10-25 15:37:00+00:00,KC,2.6642000675201416,2.6642000675201416,2.6642000675201416,2.6642000675201416,2.6642000675201416,842.0
2024-10-25 15:37:00+00:00,KLAC,678.280029296875,678.280029296875,678.3250122070312,678.030029296875,678.030029296875,1436.0
2024-10-25 15:37:00+00:00,KLIC,44.7400016784668,44.7400016784668,44.7400016784668,44.709999084472656,44.709999084472656,3123.0
2024-10-25 15:37:00+00:00,LFUS,253.80499267578125,253.80499267578125,253.80499267578125,253.6199951171875,253.6199951171875,367.0
2024-10-25 15:37:00+00:00,LINK,5.078000068664551,5.078000068664551,5.079999923706055,5.061600208282471,5.070000171661377,7658.0
2024-10-25 15:37:00+00:00,LITE,64.43000030517578,64.43000030517578,64.43000030517578,64.41999816894531,64.43000030517578,2063.0
2024-10-25 15:37:00+00:00,LOGI,80.75900268554688,80.75900268554688,80.75900268554688,80.7249984741211,80.7249984741211,2065.0
2024-10-25 15:37:00+00:00,LPSN,1.1649999618530273,1.1649999618530273,1.1649999618530273,1.1649999618530273,1.1649999618530273,834.0
2024-10-25 15:37:00+00:00,LRCX,78.22000122070312,78.22000122070312,78.23999786376953,78.18499755859375,78.18499755859375,22740.0
2024-10-25 15:37:00+00:00,LSCC,54.09000015258789,54.09000015258789,54.09000015258789,54.08000183105469,54.08000183105469,1880.0
2024-10-25 15:37:00+00:00,LTRX,4.090000152587891,4.090000152587891,4.09499979019165,4.090000152587891,4.09499979019165,306.0
2024-10-25 15:37:00+00:00,LYFT,13.454999923706055,13.454999923706055,13.494999885559082,13.451199531555176,13.489999771118164,80483.0
2024-10-25 15:37:00+00:00,MANH,276.1300048828125,276.1300048828125,276.1300048828125,276.1000061035156,276.1000061035156,1043.0
2024-10-25 15:37:00+00:00,MAPS,0.8299999833106995,0.8299999833106995,0.8299999833106995,0.8299999833106995,0.8299999833106995,7018.0
2024-10-25 15:37:00+00:00,MAXN,5.757299900054932,5.757299900054932,5.757299900054932,5.757299900054932,5.757299900054932,5791.0
2024-10-25 15:37:00+00:00,MCHP,76.70999908447266,76.70999908447266,76.7300033569336,76.70999908447266,76.70999908447266,6450.0
2024-10-25 15:37:00+00:00,MDB,267.6600036621094,267.6600036621094,267.6600036621094,267.2099914550781,267.2099914550781,3834.0
2024-10-25 15:37:00+00:00,MITK,8.770000457763672,8.770000457763672,8.770000457763672,8.770000457763672,8.770000457763672,564.0
2024-10-25 15:37:00+00:00,MKSI,101.36000061035156,101.36000061035156,101.36000061035156,101.33000183105469,101.33000183105469,1026.0
2024-10-25 15:37:00+00:00,MNDY,298.2950134277344,298.2950134277344,298.2950134277344,298.239990234375,298.260009765625,3223.0
2024-10-25 15:37:00+00:00,MPWR,910.9450073242188,910.9450073242188,910.9450073242188,909.3499755859375,910.2100219726562,3041.0
2024-10-25 15:37:00+00:00,MQ,5.304999828338623,5.304999828338623,5.304999828338623,5.304999828338623,5.304999828338623,1781.0
2024-10-25 15:37:00+00:00,MRVL,82.09500122070312,82.09500122070312,82.125,82.09500122070312,82.09500122070312,18335.0
2024-10-25 15:37:00+00:00,MSFT,428.30999755859375,428.30999755859375,428.3500061035156,428.1700134277344,428.1700134277344,16282.0
2024-10-25 15:37:00+00:00,MSTR,234.45509338378906,234.45509338378906,234.639892578125,234.2899932861328,234.3699951171875,47565.0
2024-10-25 15:37:00+00:00,MTC,0.3783000111579895,0.3783000111579895,0.3783000111579895,0.37549999356269836,0.37549999356269836,21017.0
2024-10-25 15:37:00+00:00,MTSI,121.20999908447266,121.20999908447266,121.20999908447266,121.20999908447266,121.20999908447266,120.0
2024-10-25 15:37:00+00:00,MTTR,4.579999923706055,4.579999923706055,4.579999923706055,4.570000171661377,4.570000171661377,3800.0
2024-10-25 15:37:00+00:00,MU,108.26000213623047,108.26000213623047,108.30000305175781,108.24099731445312,108.2699966430664,14404.0
2024-10-25 15:37:00+00:00,MVIS,1.0707000494003296,1.0707000494003296,1.0707000494003296,1.0707000494003296,1.0707000494003296,5681.0
2024-10-25 15:37:00+00:00,NCNO,37.900001525878906,37.900001525878906,37.900001525878906,37.89500045776367,37.900001525878906,4442.0
2024-10-25 15:37:00+00:00,NICE,174.4774932861328,174.4774932861328,174.4774932861328,174.4774932861328,174.4774932861328,465.0
2024-10-25 15:37:00+00:00,NNDM,2.325000047683716,2.325000047683716,2.325000047683716,2.325000047683716,2.325000047683716,291.0
2024-10-25 15:37:00+00:00,NOVT,173.0500030517578,173.0500030517578,173.0500030517578,173.0500030517578,173.0500030517578,630.0
2024-10-25 15:37:00+00:00,NTAP,119.81999969482422,119.81999969482422,119.86000061035156,119.81999969482422,119.86000061035156,1744.0
2024-10-25 15:37:00+00:00,NTNX,61.75,61.75,61.75,61.744998931884766,61.75,1247.0
2024-10-25 15:37:00+00:00,NVDA,142.1199951171875,142.1199951171875,142.16000366210938,142.0800018310547,142.09010314941406,258499.0
2024-10-25 15:37:00+00:00,NVEI,33.494998931884766,33.494998931884766,33.494998931884766,33.494998931884766,33.494998931884766,503.0
2024-10-25 15:37:00+00:00,NVMI,184.7449951171875,184.7449951171875,184.7449951171875,184.7449951171875,184.7449951171875,371.0
2024-10-25 15:37:00+00:00,NXPI,243.5449981689453,243.5449981689453,243.69000244140625,243.52999877929688,243.60000610351562,5718.0
2024-10-25 15:37:00+00:00,OKTA,72.29180145263672,72.29180145263672,72.30999755859375,72.23999786376953,72.30999755859375,6501.0
2024-10-25 15:37:00+00:00,OLED,203.1699981689453,203.1699981689453,203.1699981689453,203.1699981689453,203.1699981689453,717.0
2024-10-25 15:37:00+00:00,ON,71.36499786376953,71.36499786376953,71.38999938964844,71.33000183105469,71.33000183105469,33200.0
2024-10-25 15:37:00+00:00,OSIS,134.72999572753906,134.72999572753906,134.72999572753906,134.72999572753906,134.72999572753906,144.0
2024-10-25 15:37:00+00:00,PANW,366.0400085449219,366.0400085449219,366.1199951171875,365.875,366.0,7056.0
2024-10-25 15:37:00+00:00,PAYO,8.345000267028809,8.345000267028809,8.345000267028809,8.34000015258789,8.34000015258789,3314.0
2024-10-25 15:37:00+00:00,PCTY,173.63999938964844,173.63999938964844,173.63999938964844,173.63999938964844,173.63999938964844,1027.0
2024-10-25 15:37:00+00:00,PDFS,29.200000762939453,29.200000762939453,29.200000762939453,29.200000762939453,29.200000762939453,1103.0
2024-10-25 15:37:00+00:00,PEGA,79.86799621582031,79.86799621582031,79.88999938964844,79.86799621582031,79.875,2487.0
2024-10-25 15:37:00+00:00,PGY,11.949999809265137,11.949999809265137,11.949999809265137,11.949999809265137,11.949999809265137,508.0
2024-10-25 15:37:00+00:00,PHUN,10.51990032196045,10.51990032196045,10.579899787902832,10.510000228881836,10.570799827575684,33612.0
2024-10-25 15:37:00+00:00,PI,202.0449981689453,202.0449981689453,202.0449981689453,202.0449981689453,202.0449981689453,555.0
2024-10-25 15:37:00+00:00,PLAB,23.64900016784668,23.64900016784668,23.64900016784668,23.64900016784668,23.64900016784668,202.0
2024-10-25 15:37:00+00:00,PLXS,141.5500030517578,141.5500030517578,141.58999633789062,141.5175018310547,141.5175018310547,1152.0
2024-10-25 15:37:00+00:00,POWI,63.22309875488281,63.22309875488281,63.22309875488281,63.22309875488281,63.22309875488281,490.0
2024-10-25 15:37:00+00:00,PRGS,64.67500305175781,64.67500305175781,64.67500305175781,64.66999816894531,64.66999816894531,812.0
2024-10-25 15:37:00+00:00,PRSO,1.8300000429153442,1.8300000429153442,1.8444000482559204,1.8300000429153442,1.843000054359436,453.0
2024-10-25 15:37:00+00:00,PRTH,5.269999980926514,5.269999980926514,5.269999980926514,5.269999980926514,5.269999980926514,270.0
2024-10-25 15:37:00+00:00,PTC,187.22000122070312,187.22000122070312,187.22000122070312,187.14999389648438,187.1699981689453,4193.0
2024-10-25 15:37:00+00:00,PYCR,14.345000267028809,14.345000267028809,14.345000267028809,14.345000267028809,14.345000267028809,1711.0
2024-10-25 15:37:00+00:00,QCOM,170.91000366210938,170.91000366210938,170.9499969482422,170.88999938964844,170.88999938964844,7124.0
2024-10-25 15:37:00+00:00,QLYS,120.8550033569336,120.8550033569336,120.8550033569336,120.83999633789062,120.83999633789062,483.0
2024-10-25 15:37:00+00:00,QRVO,99.78500366210938,99.78500366210938,99.79499816894531,99.7699966430664,99.77999877929688,2642.0
2024-10-25 15:37:00+00:00,QUBT,1.0707000494003296,1.0707000494003296,1.0707000494003296,1.0707000494003296,1.0707000494003296,1389.0
2024-10-25 15:37:00+00:00,QUIK,8.585000038146973,8.585000038146973,8.585000038146973,8.585000038146973,8.585000038146973,828.0
2024-10-25 15:37:00+00:00,RCAT,2.7260000705718994,2.7260000705718994,2.7260000705718994,2.7260000705718994,2.7260000705718994,4218.0
2024-10-25 15:37:00+00:00,REKR,1.0850000381469727,1.0850000381469727,1.089900016784668,1.0850000381469727,1.0850000381469727,1241.0
2024-10-25 15:37:00+00:00,RELY,14.895000457763672,14.895000457763672,14.895000457763672,14.890000343322754,14.890000343322754,3010.0
2024-10-25 15:37:00+00:00,RGTI,1.215000033378601,1.215000033378601,1.2200000286102295,1.215000033378601,1.2200000286102295,2432.0
2024-10-25 15:37:00+00:00,RIOT,9.699999809265137,9.699999809265137,9.710000038146973,9.699999809265137,9.704999923706055,58829.0
2024-10-25 15:37:00+00:00,RMBS,43.42499923706055,43.42499923706055,43.42499923706055,43.40999984741211,43.40999984741211,2128.0
2024-10-25 15:37:00+00:00,RMNI,1.725000023841858,1.725000023841858,1.7300000190734863,1.725000023841858,1.7300000190734863,929.0
2024-10-25 15:37:00+00:00,RPAY,7.704999923706055,7.704999923706055,7.704999923706055,7.704999923706055,7.704999923706055,592.0
2024-10-25 15:37:00+00:00,RPD,39.09000015258789,39.09000015258789,39.09000015258789,39.09000015258789,39.09000015258789,510.0
2024-10-25 15:37:00+00:00,RSSS,2.630000114440918,2.630000114440918,2.630000114440918,2.630000114440918,2.630000114440918,388.0
2024-10-25 15:37:00+00:00,RUM,5.670000076293945,5.670000076293945,5.690000057220459,5.650100231170654,5.689899921417236,11092.0
2024-10-25 15:37:00+00:00,RUN,14.414999961853027,14.414999961853027,14.4350004196167,14.414999961853027,14.430000305175781,21576.0
2024-10-25 15:37:00+00:00,SANM,67.5999984741211,67.5999984741211,67.5999984741211,67.5999984741211,67.5999984741211,1023.0
2024-10-25 15:37:00+00:00,SATS,25.065000534057617,25.065000534057617,25.079999923706055,25.065000534057617,25.065000534057617,4474.0
2024-10-25 15:37:00+00:00,SCSC,45.064998626708984,45.064998626708984,45.06999969482422,45.04999923706055,45.04999923706055,654.0
2024-10-25 15:37:00+00:00,SEDG,16.040000915527344,16.040000915527344,16.09000015258789,16.020000457763672,16.020000457763672,24712.0
2024-10-25 15:37:00+00:00,SHLS,5.195000171661377,5.195000171661377,5.204999923706055,5.190000057220459,5.199999809265137,21242.0
2024-10-25 15:37:00+00:00,SIMO,56.18000030517578,56.18000030517578,56.18000030517578,56.13999938964844,56.13999938964844,1131.0
2024-10-25 15:37:00+00:00,SITM,178.5800018310547,178.5800018310547,178.66000366210938,178.5800018310547,178.66000366210938,514.0
2024-10-25 15:37:00+00:00,SKYT,10.4399995803833,10.4399995803833,10.460000038146973,10.4399995803833,10.460000038146973,2134.0
2024-10-25 15:37:00+00:00,SLNH,3.930000066757202,3.930000066757202,3.930000066757202,3.930000066757202,3.930000066757202,367.0
2024-10-25 15:37:00+00:00,SLNHP,13.100000381469727,13.100000381469727,13.100000381469727,13.09000015258789,13.09000015258789,3667.0
2024-10-25 15:37:00+00:00,SMCI,47.4015007019043,47.4015007019043,47.44990158081055,47.4015007019043,47.41999816894531,15459.0
2024-10-25 15:37:00+00:00,SMTC,45.724998474121094,45.724998474121094,45.75,45.720001220703125,45.73500061035156,2506.0
2024-10-25 15:37:00+00:00,SNPS,501.9649963378906,501.9649963378906,502.0400085449219,501.7699890136719,501.9100036621094,3949.0
2024-10-25 15:37:00+00:00,SONO,12.645000457763672,12.645000457763672,12.654999732971191,12.630000114440918,12.654999732971191,25973.0
2024-10-25 15:37:00+00:00,SOUN,5.186699867248535,5.186699867248535,5.190000057220459,5.184000015258789,5.184000015258789,2040.0
2024-10-25 15:37:00+00:00,SPSC,169.5500030517578,169.5500030517578,170.02999877929688,169.5500030517578,170.02999877929688,1414.0
2024-10-25 15:37:00+00:00,SSNC,70.37000274658203,70.37000274658203,70.37000274658203,70.32499694824219,70.32879638671875,13779.0
2024-10-25 15:37:00+00:00,SSYS,7.03000020980835,7.03000020980835,7.03000020980835,7.025000095367432,7.025000095367432,979.0
2024-10-25 15:37:00+00:00,STNE,11.5,11.5,11.520000457763672,11.5,11.510000228881836,11695.0
2024-10-25 15:37:00+00:00,STX,103.43499755859375,103.43499755859375,103.51000213623047,103.43499755859375,103.51000213623047,7188.0
2024-10-25 15:37:00+00:00,SURG,1.7400000095367432,1.7400000095367432,1.7400000095367432,1.7400000095367432,1.7400000095367432,10.0
2024-10-25 15:37:00+00:00,SVRE,0.07840000092983246,0.07840000092983246,0.07840000092983246,0.07840000092983246,0.07840000092983246,1016.0
2024-10-25 15:37:00+00:00,SYNA,72.31999969482422,72.31999969482422,72.31999969482422,72.26000213623047,72.26000213623047,956.0
2024-10-25 15:37:00+00:00,SYTA,1.2899999618530273,1.2899999618530273,1.3049999475479126,1.2899999618530273,1.3049999475479126,1042.0
2024-10-25 15:37:00+00:00,TACT,4.110000133514404,4.110000133514404,4.110199928283691,4.110000133514404,4.110199928283691,1541.0
2024-10-25 15:37:00+00:00,TAOP,0.4799000024795532,0.4799000024795532,0.4799000024795532,0.4799000024795532,0.4799000024795532,508.0
2024-10-25 15:37:00+00:00,TEAM,188.8800048828125,188.8800048828125,188.89999389648438,188.77000427246094,188.77000427246094,7780.0
2024-10-25 15:37:00+00:00,TENB,41.720001220703125,41.720001220703125,41.7400016784668,41.709999084472656,41.709999084472656,1439.0
2024-10-25 15:37:00+00:00,TER,112.45999908447266,112.45999908447266,112.47000122070312,112.36000061035156,112.36499786376953,6857.0
2024-10-25 15:37:00+00:00,TRMB,60.959999084472656,60.959999084472656,60.959999084472656,60.95199966430664,60.95199966430664,456.0
2024-10-25 15:37:00+00:00,TSEM,44.66999816894531,44.66999816894531,44.689998626708984,44.66999816894531,44.66999816894531,591.0
2024-10-25 15:37:00+00:00,TTD,119.20999908447266,119.20999908447266,119.31999969482422,119.20999908447266,119.27999877929688,11947.0
2024-10-25 15:37:00+00:00,TTMI,19.665000915527344,19.665000915527344,19.665000915527344,19.649999618530273,19.650999069213867,2833.0
2024-10-25 15:37:00+00:00,TWKS,4.445000171661377,4.445000171661377,4.445000171661377,4.440000057220459,4.445000171661377,1770.0
2024-10-25 15:37:00+00:00,TXN,207.43499755859375,207.43499755859375,207.5,207.3800048828125,207.3800048828125,8582.0
2024-10-25 15:37:00+00:00,UCTT,35.77000045776367,35.77000045776367,35.77000045776367,35.77000045776367,35.77000045776367,710.0
2024-10-25 15:37:00+00:00,UEIC,8.109999656677246,8.109999656677246,8.109999656677246,8.100000381469727,8.100000381469727,610.0
2024-10-25 15:37:00+00:00,VECO,29.3799991607666,29.3799991607666,29.3799991607666,29.3799991607666,29.3799991607666,699.0
2024-10-25 15:37:00+00:00,VERI,3.434999942779541,3.434999942779541,3.440000057220459,3.434999942779541,3.434999942779541,3216.0
2024-10-25 15:37:00+00:00,VERX,42.03499984741211,42.03499984741211,42.03499984741211,42.029998779296875,42.029998779296875,635.0
2024-10-25 15:37:00+00:00,VIAV,9.21500015258789,9.21500015258789,9.220000267028809,9.21500015258789,9.220000267028809,961.0
2024-10-25 15:37:00+00:00,VMEO,4.755000114440918,4.755000114440918,4.755000114440918,4.755000114440918,4.755000114440918,426.0
2024-10-25 15:37:00+00:00,VNET,3.375,3.375,3.375,3.375,3.375,1523.0
2024-10-25 15:37:00+00:00,VRNS,56.84000015258789,56.84000015258789,56.84000015258789,56.81999969482422,56.83000183105469,3554.0
2024-10-25 15:37:00+00:00,VRNT,21.829999923706055,21.829999923706055,21.829999923706055,21.81999969482422,21.81999969482422,3140.0
2024-10-25 15:37:00+00:00,VRSN,182.07000732421875,182.07000732421875,182.3000030517578,182.07000732421875,182.25250244140625,3290.0
2024-10-25 15:37:00+00:00,VSAT,10.199999809265137,10.199999809265137,10.210000038146973,10.199999809265137,10.199999809265137,4615.0
2024-10-25 15:37:00+00:00,WDAY,238.33999633789062,238.33999633789062,238.3699951171875,238.1999969482422,238.24000549316406,5232.0
2024-10-25 15:37:00+00:00,WDC,70.19000244140625,70.19000244140625,70.2699966430664,70.19000244140625,70.23999786376953,20773.0
2024-10-25 15:37:00+00:00,WISA,2.0199999809265137,2.0199999809265137,2.0199999809265137,2.0,2.0,3090.0
2024-10-25 15:37:00+00:00,WRAP,1.850000023841858,1.850000023841858,1.850000023841858,1.850000023841858,1.850000023841858,676.0
2024-10-25 15:37:00+00:00,XPER,9.399999618530273,9.399999618530273,9.399999618530273,9.399999618530273,9.399999618530273,782.0
2024-10-25 15:37:00+00:00,XRX,10.005000114440918,10.005000114440918,10.005000114440918,10.005000114440918,10.005000114440918,615.0
2024-10-25 15:37:00+00:00,ZI,10.46500015258789,10.46500015258789,10.46500015258789,10.460000038146973,10.460000038146973,3944.0
2024-10-25 15:37:00+00:00,ZM,72.94499969482422,72.94499969482422,72.94499969482422,72.94000244140625,72.94000244140625,2815.0
2024-10-25 15:37:00+00:00,ZS,184.57749938964844,184.57749938964844,184.61000061035156,184.56500244140625,184.56500244140625,1197.0
2024-10-25 15:38:00+00:00,AAOI,17.518999099731445,17.518999099731445,17.520000457763672,17.510000228881836,17.510000228881836,1638.0
2024-10-25 15:38:00+00:00,AAPL,231.49000549316406,231.49000549316406,231.58999633789062,231.49000549316406,231.55999755859375,43423.0
2024-10-25 15:38:00+00:00,ACIW,48.810001373291016,48.810001373291016,48.810001373291016,48.79499816894531,48.79499816894531,1648.0
2024-10-25 15:38:00+00:00,ACLS,90.23999786376953,90.23999786376953,90.23999786376953,90.04000091552734,90.04000091552734,1991.0
2024-10-25 15:38:00+00:00,ACMR,19.638999938964844,19.638999938964844,19.638999938964844,19.6299991607666,19.6299991607666,83.0
2024-10-25 15:38:00+00:00,ADBE,483.7099914550781,483.7099914550781,483.81988525390625,483.7099914550781,483.7200012207031,5116.0
2024-10-25 15:38:00+00:00,ADI,231.32000732421875,231.32000732421875,231.32000732421875,231.22999572753906,231.25,2172.0
2024-10-25 15:38:00+00:00,ADSK,286.79998779296875,286.79998779296875,286.79998779296875,286.6199951171875,286.6199951171875,2200.0
2024-10-25 15:38:00+00:00,ADTN,6.28000020980835,6.28000020980835,6.28000020980835,6.28000020980835,6.28000020980835,3704.0
2024-10-25 15:38:00+00:00,AEHR,17.059999465942383,17.059999465942383,17.06999969482422,17.032499313354492,17.040000915527344,5439.0
2024-10-25 15:38:00+00:00,AEYE,22.559999465942383,22.559999465942383,22.59000015258789,22.5,22.549999237060547,3126.0
2024-10-25 15:38:00+00:00,AFRM,41.1150016784668,41.1150016784668,41.154998779296875,41.10200119018555,41.140098571777344,39060.0
2024-10-25 15:38:00+00:00,AGYS,110.3499984741211,110.3499984741211,110.3499984741211,110.3499984741211,110.3499984741211,118.0
2024-10-25 15:38:00+00:00,AKAM,101.80000305175781,101.80000305175781,101.81999969482422,101.73999786376953,101.73999786376953,7681.0
2024-10-25 15:38:00+00:00,AKTS,0.05999999865889549,0.05999999865889549,0.05999999865889549,0.05990000069141388,0.05999999865889549,113544.0
2024-10-25 15:38:00+00:00,ALGM,23.165000915527344,23.165000915527344,23.184999465942383,23.15999984741211,23.15999984741211,10643.0
2024-10-25 15:38:00+00:00,ALRM,54.470001220703125,54.470001220703125,54.470001220703125,54.45100021362305,54.45100021362305,609.0
2024-10-25 15:38:00+00:00,ALTR,103.83999633789062,103.83999633789062,103.86000061035156,103.83999633789062,103.86000061035156,10729.0
2024-10-25 15:38:00+00:00,AMAT,187.4199981689453,187.4199981689453,187.4600067138672,187.3800048828125,187.44500732421875,5173.0
2024-10-25 15:38:00+00:00,AMBA,57.82500076293945,57.82500076293945,57.82500076293945,57.810001373291016,57.810001373291016,4066.0
2024-10-25 15:38:00+00:00,AMD,156.63009643554688,156.63009643554688,156.6699981689453,156.58399963378906,156.58399963378906,48363.0
2024-10-25 15:38:00+00:00,AMKR,30.09000015258789,30.09000015258789,30.09000015258789,30.065000534057617,30.069900512695312,35412.0
2024-10-25 15:38:00+00:00,ANY,1.059999942779541,1.059999942779541,1.059999942779541,1.059999942779541,1.059999942779541,2240.0
2024-10-25 15:38:00+00:00,AOSL,36.209999084472656,36.209999084472656,36.209999084472656,36.20000076293945,36.20000076293945,917.0
2024-10-25 15:38:00+00:00,APCX,0.7376000285148621,0.7376000285148621,0.7400000095367432,0.7376000285148621,0.7400000095367432,6274.0
2024-10-25 15:38:00+00:00,API,2.859999895095825,2.859999895095825,2.859999895095825,2.8399999141693115,2.8399999141693115,4833.0
2024-10-25 15:38:00+00:00,APP,161.7899932861328,161.7899932861328,161.8350067138672,161.781005859375,161.8350067138672,1857.0
2024-10-25 15:38:00+00:00,APPF,212.17999267578125,212.17999267578125,212.27000427246094,211.97999572753906,211.97999572753906,6097.0
2024-10-25 15:38:00+00:00,APPN,32.349998474121094,32.349998474121094,32.36000061035156,32.349998474121094,32.36000061035156,1022.0
2024-10-25 15:38:00+00:00,APPS,3.069000005722046,3.069000005722046,3.069999933242798,3.069000005722046,3.069999933242798,2118.0
2024-10-25 15:38:00+00:00,ARRY,6.489999771118164,6.489999771118164,6.494999885559082,6.46999979019165,6.474999904632568,28387.0
2024-10-25 15:38:00+00:00,ASML,714.52001953125,714.52001953125,714.52001953125,714.5,714.5,2220.0
2024-10-25 15:38:00+00:00,ASNS,1.3049999475479126,1.3049999475479126,1.3049999475479126,1.3000999689102173,1.3000999689102173,4306.0
2024-10-25 15:38:00+00:00,ASUR,9.65999984741211,9.65999984741211,9.65999984741211,9.604999542236328,9.604999542236328,900.0
2024-10-25 15:38:00+00:00,AUR,6.394999980926514,6.394999980926514,6.394999980926514,6.389999866485596,6.394999980926514,7958.0
2024-10-25 15:38:00+00:00,AVDX,8.09000015258789,8.09000015258789,8.095000267028809,8.085000038146973,8.09000015258789,6679.0
2024-10-25 15:38:00+00:00,AVGO,173.89999389648438,173.89999389648438,173.9499969482422,173.8800048828125,173.89999389648438,23059.0
2024-10-25 15:38:00+00:00,AVPT,11.904999732971191,11.904999732971191,11.904999732971191,11.899999618530273,11.899999618530273,869.0
2024-10-25 15:38:00+00:00,AVT,54.099998474121094,54.099998474121094,54.099998474121094,54.09000015258789,54.09000015258789,1652.0
2024-10-25 15:38:00+00:00,BAND,17.889999389648438,17.889999389648438,17.889999389648438,17.889999389648438,17.889999389648438,293.0
2024-10-25 15:38:00+00:00,BELFB,78.56999969482422,78.56999969482422,78.56999969482422,78.56999969482422,78.56999969482422,165.0
2024-10-25 15:38:00+00:00,BIGC,5.264999866485596,5.264999866485596,5.264999866485596,5.264999866485596,5.264999866485596,714.0
2024-10-25 15:38:00+00:00,BL,56.43000030517578,56.43000030517578,56.43000030517578,56.400001525878906,56.400001525878906,2736.0
2024-10-25 15:38:00+00:00,BLZE,7.159999847412109,7.159999847412109,7.159999847412109,7.159999847412109,7.159999847412109,309.0
2024-10-25 15:38:00+00:00,BMBL,7.144999980926514,7.144999980926514,7.144999980926514,7.139999866485596,7.144999980926514,2392.0
2024-10-25 15:38:00+00:00,BRZE,30.719999313354492,30.719999313354492,30.719999313354492,30.719999313354492,30.719999313354492,1214.0
2024-10-25 15:38:00+00:00,BSY,49.08000183105469,49.08000183105469,49.09000015258789,49.08000183105469,49.08000183105469,7355.0
2024-10-25 15:38:00+00:00,CAMT,77.88999938964844,77.88999938964844,77.88999938964844,77.88999938964844,77.88999938964844,742.0
2024-10-25 15:38:00+00:00,CAN,0.9731000065803528,0.9731000065803528,0.9787999987602234,0.972599983215332,0.9726999998092651,61613.0
2024-10-25 15:38:00+00:00,CDNS,257.7349853515625,257.7349853515625,257.80999755859375,257.7349853515625,257.7349853515625,10573.0
2024-10-25 15:38:00+00:00,CDW,217.74000549316406,217.74000549316406,217.74000549316406,217.4499969482422,217.55999755859375,39280.0
2024-10-25 15:38:00+00:00,CETX,0.2962000072002411,0.2962000072002411,0.2962000072002411,0.2955000102519989,0.2955000102519989,7165.0
2024-10-25 15:38:00+00:00,CEVA,24.079999923706055,24.079999923706055,24.079999923706055,24.079999923706055,24.079999923706055,468.0
2024-10-25 15:38:00+00:00,CFLT,22.43000030517578,22.43000030517578,22.43000030517578,22.40999984741211,22.40999984741211,6704.0
2024-10-25 15:38:00+00:00,CGNX,38.880001068115234,38.880001068115234,38.880001068115234,38.86000061035156,38.86000061035156,4156.0
2024-10-25 15:38:00+00:00,CHKP,206.43499755859375,206.43499755859375,206.47500610351562,206.125,206.125,1920.0
2024-10-25 15:38:00+00:00,CLBT,18.204999923706055,18.204999923706055,18.204999923706055,18.200000762939453,18.200000762939453,1344.0
2024-10-25 15:38:00+00:00,CLSK,11.524999618530273,11.524999618530273,11.529999732971191,11.481200218200684,11.483499526977539,58056.0
2024-10-25 15:38:00+00:00,CMTL,3.800800085067749,3.800800085067749,3.800800085067749,3.800800085067749,3.800800085067749,832.0
2024-10-25 15:38:00+00:00,CNDT,3.5950000286102295,3.5950000286102295,3.5950000286102295,3.5899999141693115,3.5899999141693115,924.0
2024-10-25 15:38:00+00:00,CNXC,44.40999984741211,44.40999984741211,44.40999984741211,44.40999984741211,44.40999984741211,292.0
2024-10-25 15:38:00+00:00,COHR,95.69499969482422,95.69499969482422,95.70999908447266,95.58999633789062,95.62999725341797,6895.0
2024-10-25 15:38:00+00:00,COIN,204.7100067138672,204.7100067138672,204.9320068359375,204.7100067138672,204.77000427246094,5055.0
2024-10-25 15:38:00+00:00,COMM,6.215000152587891,6.215000152587891,6.215000152587891,6.215000152587891,6.215000152587891,2417.0
2024-10-25 15:38:00+00:00,CORZ,13.265000343322754,13.265000343322754,13.270000457763672,13.260000228881836,13.260000228881836,5675.0
2024-10-25 15:38:00+00:00,CRCT,6.559999942779541,6.559999942779541,6.559999942779541,6.559999942779541,6.559999942779541,1067.0
2024-10-25 15:38:00+00:00,CRDO,39.20000076293945,39.20000076293945,39.21500015258789,39.19499969482422,39.19499969482422,4297.0
2024-10-25 15:38:00+00:00,CRNC,2.924999952316284,2.924999952316284,2.930000066757202,2.924999952316284,2.930000066757202,3237.0
2024-10-25 15:38:00+00:00,CRSR,6.315000057220459,6.315000057220459,6.315000057220459,6.315000057220459,6.315000057220459,591.0
2024-10-25 15:38:00+00:00,CRUS,122.44499969482422,122.44499969482422,122.44499969482422,122.41000366210938,122.41000366210938,767.0
2024-10-25 15:38:00+00:00,CRWD,299.7699890136719,299.7699890136719,299.7699890136719,299.45001220703125,299.5,9094.0
2024-10-25 15:38:00+00:00,CSCO,55.775001525878906,55.775001525878906,55.790000915527344,55.77000045776367,55.77000045776367,18199.0
2024-10-25 15:38:00+00:00,CSGS,47.29600143432617,47.29600143432617,47.29600143432617,47.29600143432617,47.29600143432617,812.0
2024-10-25 15:38:00+00:00,CSIQ,13.364999771118164,13.364999771118164,13.364999771118164,13.361200332641602,13.364999771118164,1671.0
2024-10-25 15:38:00+00:00,CTSH,74.8499984741211,74.8499984741211,74.87000274658203,74.81999969482422,74.81999969482422,7142.0
2024-10-25 15:38:00+00:00,DBX,26.05500030517578,26.05500030517578,26.059999465942383,26.040000915527344,26.049999237060547,5323.0
2024-10-25 15:38:00+00:00,DDOG,126.63999938964844,126.63999938964844,126.63999938964844,126.58999633789062,126.58999633789062,8277.0
2024-10-25 15:38:00+00:00,DGHI,1.5,1.5,1.5,1.5,1.5,491.0
2024-10-25 15:38:00+00:00,DGII,30.059999465942383,30.059999465942383,30.079999923706055,30.059999465942383,30.079999923706055,1402.0
2024-10-25 15:38:00+00:00,DLO,8.819999694824219,8.819999694824219,8.819999694824219,8.819999694824219,8.819999694824219,737.0
2024-10-25 15:38:00+00:00,DOCU,68.87000274658203,68.87000274658203,68.87999725341797,68.80999755859375,68.80999755859375,7985.0
2024-10-25 15:38:00+00:00,DOMO,8.085000038146973,8.085000038146973,8.085000038146973,8.085000038146973,8.085000038146973,586.0
2024-10-25 15:38:00+00:00,DOX,89.125,89.125,89.125,89.08000183105469,89.08000183105469,2356.0
2024-10-25 15:38:00+00:00,DTST,3.434999942779541,3.434999942779541,3.434999942779541,3.434999942779541,3.434999942779541,870.0
2024-10-25 15:38:00+00:00,DUOL,291.6700134277344,291.6700134277344,291.6700134277344,291.625,291.625,2906.0
2024-10-25 15:38:00+00:00,EEFT,100.69999694824219,100.69999694824219,100.7300033569336,100.66999816894531,100.66999816894531,2770.0
2024-10-25 15:38:00+00:00,EGAN,4.769999980926514,4.769999980926514,4.769999980926514,4.75,4.760000228881836,1317.0
2024-10-25 15:38:00+00:00,EMKR,2.125,2.125,2.130000114440918,2.125,2.130000114440918,1927.0
2024-10-25 15:38:00+00:00,ENPH,83.81999969482422,83.81999969482422,83.8499984741211,83.78500366210938,83.82669830322266,6813.0
2024-10-25 15:38:00+00:00,ENTG,105.63500213623047,105.63500213623047,105.6449966430664,105.55500030517578,105.55500030517578,2074.0
2024-10-25 15:38:00+00:00,ERIC,8.46500015258789,8.46500015258789,8.46500015258789,8.46500015258789,8.46500015258789,14354.0
2024-10-25 15:38:00+00:00,EXLS,38.564998626708984,38.564998626708984,38.564998626708984,38.564998626708984,38.564998626708984,735.0
2024-10-25 15:38:00+00:00,EXTR,14.33899974822998,14.33899974822998,14.33899974822998,14.335000038146973,14.335000038146973,503.0
2024-10-25 15:38:00+00:00,FEIM,12.390000343322754,12.390000343322754,12.390000343322754,12.390000343322754,12.390000343322754,465.0
2024-10-25 15:38:00+00:00,FFIV,216.9499969482422,216.9499969482422,216.9499969482422,216.67999267578125,216.7100067138672,3583.0
2024-10-25 15:38:00+00:00,FIVN,29.80500030517578,29.80500030517578,29.80500030517578,29.80500030517578,29.80500030517578,1082.0
2024-10-25 15:38:00+00:00,FLEX,35.20000076293945,35.20000076293945,35.20500183105469,35.189998626708984,35.20500183105469,5578.0
2024-10-25 15:38:00+00:00,FROG,29.235000610351562,29.235000610351562,29.235000610351562,29.235000610351562,29.235000610351562,724.0
2024-10-25 15:38:00+00:00,FRSH,11.604999542236328,11.604999542236328,11.609999656677246,11.595000267028809,11.600000381469727,7496.0
2024-10-25 15:38:00+00:00,FSLR,198.3699951171875,198.3699951171875,198.3699951171875,198.27999877929688,198.27999877929688,1102.0
2024-10-25 15:38:00+00:00,FTCI,0.652999997138977,0.652999997138977,0.652999997138977,0.652999997138977,0.652999997138977,8394.0
2024-10-25 15:38:00+00:00,FTNT,80.63999938964844,80.63999938964844,80.6500015258789,80.54000091552734,80.54000091552734,20817.0
2024-10-25 15:38:00+00:00,GCT,24.4950008392334,24.4950008392334,24.5,24.4950008392334,24.4950008392334,1049.0
2024-10-25 15:38:00+00:00,GDS,21.299999237060547,21.299999237060547,21.299999237060547,21.25,21.299999237060547,2688.0
2024-10-25 15:38:00+00:00,GFS,40.43000030517578,40.43000030517578,40.43000030517578,40.41999816894531,40.41999816894531,3135.0
2024-10-25 15:38:00+00:00,GILT,4.929999828338623,4.929999828338623,4.929999828338623,4.929999828338623,4.929999828338623,282.0
2024-10-25 15:38:00+00:00,GPRO,1.2999999523162842,1.2999999523162842,1.3049999475479126,1.2999999523162842,1.3049999475479126,322.0
2024-10-25 15:38:00+00:00,GRAB,4.085000038146973,4.085000038146973,4.090000152587891,4.085000038146973,4.085000038146973,27277.0
2024-10-25 15:38:00+00:00,GSIT,3.4200000762939453,3.4200000762939453,3.4200000762939453,3.4100000858306885,3.4100000858306885,2561.0
2024-10-25 15:38:00+00:00,GTLB,54.86000061035156,54.86000061035156,54.8650016784668,54.86000061035156,54.8650016784668,1868.0
2024-10-25 15:38:00+00:00,HCP,33.6349983215332,33.6349983215332,33.6349983215332,33.6349983215332,33.6349983215332,3535.0
2024-10-25 15:38:00+00:00,HIMX,6.15500020980835,6.15500020980835,6.15500020980835,6.15500020980835,6.15500020980835,7126.0
2024-10-25 15:38:00+00:00,HLIT,14.78499984741211,14.78499984741211,14.78499984741211,14.779999732971191,14.779999732971191,227.0
2024-10-25 15:38:00+00:00,HOLO,3.610100030899048,3.610100030899048,3.610100030899048,3.610100030899048,3.610100030899048,324.0
2024-10-25 15:38:00+00:00,HOLOW,0.03739999979734421,0.03739999979734421,0.03739999979734421,0.03739999979734421,0.03739999979734421,775.0
2024-10-25 15:38:00+00:00,HOOD,27.045000076293945,27.045000076293945,27.050199508666992,27.0310001373291,27.03499984741211,21185.0
2024-10-25 15:38:00+00:00,ICHR,27.610000610351562,27.610000610351562,27.610000610351562,27.610000610351562,27.610000610351562,1076.0
2024-10-25 15:38:00+00:00,IIIV,22.899999618530273,22.899999618530273,22.899999618530273,22.899999618530273,22.899999618530273,515.0
2024-10-25 15:38:00+00:00,IMMR,8.654199600219727,8.654199600219727,8.654199600219727,8.654199600219727,8.654199600219727,1053.0
2024-10-25 15:38:00+00:00,INDI,3.4700000286102295,3.4700000286102295,3.4800000190734863,3.4649999141693115,3.4749999046325684,40457.0
2024-10-25 15:38:00+00:00,INSG,19.920000076293945,19.920000076293945,19.94499969482422,19.920000076293945,19.94499969482422,954.0
2024-10-25 15:38:00+00:00,INTA,50.125,50.125,50.150001525878906,50.125,50.150001525878906,2424.0
2024-10-25 15:38:00+00:00,INTC,22.834999084472656,22.834999084472656,22.83989906311035,22.809999465942383,22.829299926757812,132152.0
2024-10-25 15:38:00+00:00,INTU,608.8400268554688,608.8400268554688,608.8400268554688,608.8400268554688,608.8400268554688,437.0
2024-10-25 15:38:00+00:00,JAMF,16.7450008392334,16.7450008392334,16.7549991607666,16.7450008392334,16.7549991607666,1133.0
2024-10-25 15:38:00+00:00,KARO,39.88999938964844,39.88999938964844,39.88999938964844,39.88999938964844,39.88999938964844,200.0
2024-10-25 15:38:00+00:00,KC,2.6600000858306885,2.6600000858306885,2.6600000858306885,2.6600000858306885,2.6600000858306885,4526.0
2024-10-25 15:38:00+00:00,KLAC,677.72998046875,677.72998046875,678.3175048828125,677.5800170898438,678.280029296875,6319.0
2024-10-25 15:38:00+00:00,KLIC,44.7599983215332,44.7599983215332,44.7599983215332,44.7599983215332,44.7599983215332,1447.0
2024-10-25 15:38:00+00:00,KOPN,0.7821999788284302,0.7821999788284302,0.7821999788284302,0.7821999788284302,0.7821999788284302,10100.0
2024-10-25 15:38:00+00:00,LINK,5.199999809265137,5.199999809265137,5.199999809265137,5.070000171661377,5.077899932861328,8027.0
2024-10-25 15:38:00+00:00,LITE,64.43499755859375,64.43499755859375,64.45500183105469,64.41000366210938,64.45500183105469,1765.0
2024-10-25 15:38:00+00:00,LOGI,80.7699966430664,80.7699966430664,80.7699966430664,80.76000213623047,80.76000213623047,843.0
2024-10-25 15:38:00+00:00,LRCX,78.21499633789062,78.21499633789062,78.23999786376953,78.20210266113281,78.22000122070312,17898.0
2024-10-25 15:38:00+00:00,LSCC,54.150001525878906,54.150001525878906,54.15999984741211,54.09000015258789,54.09000015258789,8820.0
2024-10-25 15:38:00+00:00,LTRX,4.090000152587891,4.090000152587891,4.090000152587891,4.090000152587891,4.090000152587891,483.0
2024-10-25 15:38:00+00:00,LYFT,13.449999809265137,13.449999809265137,13.460000038146973,13.423999786376953,13.456000328063965,134045.0
2024-10-25 15:38:00+00:00,MANH,276.135009765625,276.135009765625,276.135009765625,276.114990234375,276.114990234375,1324.0
2024-10-25 15:38:00+00:00,MCHP,76.72000122070312,76.72000122070312,76.75,76.71499633789062,76.72000122070312,8048.0
2024-10-25 15:38:00+00:00,MDB,267.6549987792969,267.6549987792969,267.7449951171875,267.6549987792969,267.6600036621094,1647.0
2024-10-25 15:38:00+00:00,MITK,8.779999732971191,8.779999732971191,8.779999732971191,8.770000457763672,8.770000457763672,4742.0
2024-10-25 15:38:00+00:00,MKSI,101.41999816894531,101.41999816894531,101.41999816894531,101.31999969482422,101.37000274658203,3750.0
2024-10-25 15:38:00+00:00,MQ,5.304999828338623,5.304999828338623,5.309999942779541,5.300000190734863,5.304999828338623,3158.0
2024-10-25 15:38:00+00:00,MRAM,6.360000133514404,6.360000133514404,6.360000133514404,6.3541998863220215,6.360000133514404,1987.0
2024-10-25 15:38:00+00:00,MRVL,82.12000274658203,82.12000274658203,82.12999725341797,82.0999984741211,82.0999984741211,9769.0
2024-10-25 15:38:00+00:00,MSFT,428.32000732421875,428.32000732421875,428.38629150390625,428.30010986328125,428.3299865722656,10452.0
2024-10-25 15:38:00+00:00,MSTR,234.6199951171875,234.6199951171875,234.7624969482422,234.4239959716797,234.4239959716797,33248.0
2024-10-25 15:38:00+00:00,MTC,0.3799999952316284,0.3799999952316284,0.3799999952316284,0.3790999948978424,0.3790999948978424,4997.0
2024-10-25 15:38:00+00:00,MTSI,121.20999908447266,121.20999908447266,121.20999908447266,121.20999908447266,121.20999908447266,1448.0
2024-10-25 15:38:00+00:00,MTTR,4.579999923706055,4.579999923706055,4.579999923706055,4.579999923706055,4.579999923706055,7204.0
2024-10-25 15:38:00+00:00,MU,108.25,108.25,108.27999877929688,108.20999908447266,108.26000213623047,21410.0
2024-10-25 15:38:00+00:00,MVIS,1.0750000476837158,1.0750000476837158,1.0750000476837158,1.0700000524520874,1.0700000524520874,22369.0
2024-10-25 15:38:00+00:00,MXL,14.720000267028809,14.720000267028809,14.720000267028809,14.710000038146973,14.71500015258789,1741.0
2024-10-25 15:38:00+00:00,NCNO,37.90999984741211,37.90999984741211,37.90999984741211,37.900001525878906,37.900001525878906,1533.0
2024-10-25 15:38:00+00:00,NICE,174.47000122070312,174.47000122070312,174.55999755859375,174.47000122070312,174.55999755859375,1187.0
2024-10-25 15:38:00+00:00,NSIT,209.61000061035156,209.61000061035156,209.61000061035156,209.61000061035156,209.61000061035156,335.0
2024-10-25 15:38:00+00:00,NTAP,119.80000305175781,119.80000305175781,119.8290023803711,119.80000305175781,119.8290023803711,1053.0
2024-10-25 15:38:00+00:00,NTGR,20.270000457763672,20.270000457763672,20.270000457763672,20.270000457763672,20.270000457763672,967.0
2024-10-25 15:38:00+00:00,NTNX,61.73500061035156,61.73500061035156,61.77000045776367,61.73500061035156,61.75,2774.0
2024-10-25 15:38:00+00:00,NVDA,142.14990234375,142.14990234375,142.19000244140625,142.1123046875,142.12100219726562,287259.0
2024-10-25 15:38:00+00:00,NVEI,33.494998931884766,33.494998931884766,33.494998931884766,33.494998931884766,33.494998931884766,1690.0
2024-10-25 15:38:00+00:00,NVTS,2.555000066757202,2.555000066757202,2.565000057220459,2.5199999809265137,2.5199999809265137,40353.0
2024-10-25 15:38:00+00:00,NXPI,243.60000610351562,243.60000610351562,243.60000610351562,243.56500244140625,243.56500244140625,1522.0
2024-10-25 15:38:00+00:00,OKTA,72.37000274658203,72.37000274658203,72.37000274658203,72.33000183105469,72.33000183105469,1396.0
2024-10-25 15:38:00+00:00,OLED,203.25999450683594,203.25999450683594,203.25999450683594,203.13250732421875,203.13250732421875,1064.0
2024-10-25 15:38:00+00:00,ON,71.38999938964844,71.38999938964844,71.41000366210938,71.36499786376953,71.36499786376953,107397.0
2024-10-25 15:38:00+00:00,OTEX,33.22999954223633,33.22999954223633,33.22999954223633,33.22999954223633,33.22999954223633,423.0
2024-10-25 15:38:00+00:00,PANW,366.45001220703125,366.45001220703125,366.639892578125,366.2900085449219,366.2900085449219,2044.0
2024-10-25 15:38:00+00:00,PCTY,173.75999450683594,173.75999450683594,173.77000427246094,173.7100067138672,173.75999450683594,2461.0
2024-10-25 15:38:00+00:00,PEGA,79.90499877929688,79.90499877929688,79.91000366210938,79.88999938964844,79.88999938964844,1540.0
2024-10-25 15:38:00+00:00,PET,0.7910000085830688,0.7910000085830688,0.7910000085830688,0.7910000085830688,0.7910000085830688,200.0
2024-10-25 15:38:00+00:00,PGY,11.970000267028809,11.970000267028809,11.970000267028809,11.949999809265137,11.949999809265137,7336.0
2024-10-25 15:38:00+00:00,PHUN,10.5600004196167,10.5600004196167,10.579899787902832,10.520000457763672,10.529999732971191,18310.0
2024-10-25 15:38:00+00:00,PI,202.0500030517578,202.0500030517578,202.0500030517578,202.0449981689453,202.0449981689453,1479.0
2024-10-25 15:38:00+00:00,PLAB,23.649999618530273,23.649999618530273,23.649999618530273,23.649999618530273,23.649999618530273,667.0
2024-10-25 15:38:00+00:00,POET,3.859999895095825,3.859999895095825,3.859999895095825,3.859999895095825,3.859999895095825,1205.0
2024-10-25 15:38:00+00:00,POWI,63.275001525878906,63.275001525878906,63.279998779296875,63.275001525878906,63.279998779296875,826.0
2024-10-25 15:38:00+00:00,PRCH,1.2949999570846558,1.2949999570846558,1.2949999570846558,1.2949999570846558,1.2949999570846558,435.0
2024-10-25 15:38:00+00:00,PTC,187.18499755859375,187.18499755859375,187.18499755859375,187.18499755859375,187.18499755859375,172.0
2024-10-25 15:38:00+00:00,PUBM,14.75,14.75,14.75,14.75,14.75,331.0
2024-10-25 15:38:00+00:00,QCOM,170.9499969482422,170.9499969482422,170.97999572753906,170.9199981689453,170.9250030517578,17518.0
2024-10-25 15:38:00+00:00,QLYS,120.86000061035156,120.86000061035156,120.92900085449219,120.86000061035156,120.87000274658203,1371.0
2024-10-25 15:38:00+00:00,QMCO,5.18149995803833,5.18149995803833,5.18149995803833,5.18149995803833,5.18149995803833,468.0
2024-10-25 15:38:00+00:00,QRVO,99.7699966430664,99.7699966430664,99.81500244140625,99.7699966430664,99.77999877929688,3296.0
2024-10-25 15:38:00+00:00,QUBT,1.0740000009536743,1.0740000009536743,1.0740000009536743,1.0740000009536743,1.0740000009536743,1306.0
2024-10-25 15:38:00+00:00,RCAT,2.7249999046325684,2.7249999046325684,2.7249999046325684,2.7249999046325684,2.7249999046325684,964.0
2024-10-25 15:38:00+00:00,REKR,1.0800000429153442,1.0800000429153442,1.0850000381469727,1.0800000429153442,1.0850000381469727,3234.0
2024-10-25 15:38:00+00:00,RELL,14.01099967956543,14.01099967956543,14.01099967956543,14.01099967956543,14.01099967956543,513.0
2024-10-25 15:38:00+00:00,RELY,14.895000457763672,14.895000457763672,14.895000457763672,14.895000457763672,14.895000457763672,271.0
2024-10-25 15:38:00+00:00,RGTI,1.208899974822998,1.208899974822998,1.215000033378601,1.2050000429153442,1.215000033378601,22843.0
2024-10-25 15:38:00+00:00,RIOT,9.715999603271484,9.715999603271484,9.717599868774414,9.699999809265137,9.704999923706055,30330.0
2024-10-25 15:38:00+00:00,RMBS,43.45000076293945,43.45000076293945,43.45000076293945,43.45000076293945,43.45000076293945,1199.0
2024-10-25 15:38:00+00:00,RMNI,1.7300000190734863,1.7300000190734863,1.7300000190734863,1.7300000190734863,1.7300000190734863,173.0
2024-10-25 15:38:00+00:00,RPAY,7.704999923706055,7.704999923706055,7.707499980926514,7.704999923706055,7.704999923706055,557.0
2024-10-25 15:38:00+00:00,RPD,39.095001220703125,39.095001220703125,39.099998474121094,39.08000183105469,39.09000015258789,1794.0
2024-10-25 15:38:00+00:00,RSSS,2.615000009536743,2.615000009536743,2.615000009536743,2.615000009536743,2.615000009536743,1303.0
2024-10-25 15:38:00+00:00,RUM,5.683000087738037,5.683000087738037,5.683000087738037,5.660999774932861,5.660999774932861,4932.0
2024-10-25 15:38:00+00:00,RUN,14.414999961853027,14.414999961853027,14.425000190734863,14.412500381469727,14.412500381469727,7639.0
2024-10-25 15:38:00+00:00,RXT,2.4800000190734863,2.4800000190734863,2.4800000190734863,2.4790000915527344,2.4790000915527344,981.0
2024-10-25 15:38:00+00:00,SATS,25.059999465942383,25.059999465942383,25.06999969482422,25.059999465942383,25.065000534057617,1140.0
2024-10-25 15:38:00+00:00,SCSC,45.08000183105469,45.08000183105469,45.08000183105469,45.040000915527344,45.040000915527344,723.0
2024-10-25 15:38:00+00:00,SEDG,16.030000686645508,16.030000686645508,16.09000015258789,16.030000686645508,16.045000076293945,14635.0
2024-10-25 15:38:00+00:00,SHLS,5.190000057220459,5.190000057220459,5.195000171661377,5.190000057220459,5.195000171661377,2662.0
2024-10-25 15:38:00+00:00,SKYT,10.449999809265137,10.449999809265137,10.449999809265137,10.449999809265137,10.449999809265137,991.0
2024-10-25 15:38:00+00:00,SLNHP,13.100000381469727,13.100000381469727,13.100000381469727,13.100000381469727,13.100000381469727,2620.0
2024-10-25 15:38:00+00:00,SMCI,47.44990158081055,47.44990158081055,47.450401306152344,47.40999984741211,47.40999984741211,42645.0
2024-10-25 15:38:00+00:00,SMTC,45.75,45.75,45.75,45.7400016784668,45.75,1338.0
2024-10-25 15:38:00+00:00,SNPS,502.239990234375,502.239990234375,502.239990234375,502.2300109863281,502.2300109863281,676.0
2024-10-25 15:38:00+00:00,SONO,12.635000228881836,12.635000228881836,12.640000343322754,12.635000228881836,12.640000343322754,1967.0
2024-10-25 15:38:00+00:00,SOUN,5.184999942779541,5.184999942779541,5.190000057220459,5.183499813079834,5.189700126647949,2979.0
2024-10-25 15:38:00+00:00,SPSC,169.42999267578125,169.42999267578125,169.42999267578125,169.42999267578125,169.42999267578125,639.0
2024-10-25 15:38:00+00:00,SRAD,12.300000190734863,12.300000190734863,12.300000190734863,12.300000190734863,12.300000190734863,3727.0
2024-10-25 15:38:00+00:00,SSNC,70.37999725341797,70.37999725341797,70.38999938964844,70.37000274658203,70.38999938964844,9396.0
2024-10-25 15:38:00+00:00,SSYS,7.014999866485596,7.014999866485596,7.025000095367432,7.010000228881836,7.025000095367432,10075.0
2024-10-25 15:38:00+00:00,STNE,11.489999771118164,11.489999771118164,11.505000114440918,11.489999771118164,11.5,6117.0
2024-10-25 15:38:00+00:00,STX,103.44999694824219,103.44999694824219,103.44999694824219,103.3499984741211,103.41000366210938,13516.0
2024-10-25 15:38:00+00:00,SURG,1.7400000095367432,1.7400000095367432,1.75,1.7400000095367432,1.75,850.0
2024-10-25 15:38:00+00:00,SVRE,0.07840000092983246,0.07840000092983246,0.07840000092983246,0.07840000092983246,0.07840000092983246,1276.0
2024-10-25 15:38:00+00:00,SWKS,95.83999633789062,95.83999633789062,95.83999633789062,95.79000091552734,95.80500030517578,3298.0
2024-10-25 15:38:00+00:00,SYNA,72.30000305175781,72.30000305175781,72.30000305175781,72.30000305175781,72.30000305175781,116.0
2024-10-25 15:38:00+00:00,TEAM,188.85000610351562,188.85000610351562,189.0330047607422,188.84500122070312,188.90499877929688,10815.0
2024-10-25 15:38:00+00:00,TENB,41.73500061035156,41.73500061035156,41.73500061035156,41.724998474121094,41.724998474121094,747.0
2024-10-25 15:38:00+00:00,TER,112.55500030517578,112.55500030517578,112.55999755859375,112.45999908447266,112.45999908447266,9812.0
2024-10-25 15:38:00+00:00,TLS,3.575000047683716,3.575000047683716,3.575000047683716,3.575000047683716,3.575000047683716,1118.0
2024-10-25 15:38:00+00:00,TRMB,60.96500015258789,60.96500015258789,60.96500015258789,60.95500183105469,60.95500183105469,1905.0
2024-10-25 15:38:00+00:00,TSEM,44.790000915527344,44.790000915527344,44.790000915527344,44.66999816894531,44.66999816894531,4902.0
2024-10-25 15:38:00+00:00,TTD,119.24500274658203,119.24500274658203,119.24500274658203,119.17500305175781,119.18000030517578,5377.0
2024-10-25 15:38:00+00:00,TTEC,5.340000152587891,5.340000152587891,5.340000152587891,5.340000152587891,5.340000152587891,202.0
2024-10-25 15:38:00+00:00,TWKS,4.445000171661377,4.445000171661377,4.445000171661377,4.445000171661377,4.445000171661377,950.0
2024-10-25 15:38:00+00:00,TXN,207.47000122070312,207.47000122070312,207.50999450683594,207.44000244140625,207.44500732421875,5154.0
2024-10-25 15:38:00+00:00,UEIC,8.149999618530273,8.149999618530273,8.149999618530273,8.149999618530273,8.149999618530273,140.0
2024-10-25 15:38:00+00:00,VECO,29.385000228881836,29.385000228881836,29.385000228881836,29.385000228881836,29.385000228881836,754.0
2024-10-25 15:38:00+00:00,VERX,42.040000915527344,42.040000915527344,42.040000915527344,42.040000915527344,42.040000915527344,1383.0
2024-10-25 15:38:00+00:00,VIAV,9.210000038146973,9.210000038146973,9.210000038146973,9.210000038146973,9.210000038146973,2292.0
2024-10-25 15:38:00+00:00,VICR,46.58000183105469,46.58000183105469,46.619998931884766,46.53499984741211,46.53499984741211,3249.0
2024-10-25 15:38:00+00:00,VMEO,4.755000114440918,4.755000114440918,4.755000114440918,4.755000114440918,4.755000114440918,1897.0
2024-10-25 15:38:00+00:00,VNET,3.375,3.375,3.375,3.375,3.375,518.0
2024-10-25 15:38:00+00:00,VOXX,7.550000190734863,7.550000190734863,7.550000190734863,7.550000190734863,7.550000190734863,983.0
2024-10-25 15:38:00+00:00,VRNS,56.86000061035156,56.86000061035156,56.86000061035156,56.84000015258789,56.84000015258789,3089.0
2024-10-25 15:38:00+00:00,VRSN,182.10000610351562,182.10000610351562,182.10000610351562,182.10000610351562,182.10000610351562,647.0
2024-10-25 15:38:00+00:00,VSAT,10.204999923706055,10.204999923706055,10.204999923706055,10.199999809265137,10.204999923706055,2033.0
2024-10-25 15:38:00+00:00,VUZI,1.2949999570846558,1.2949999570846558,1.2999999523162842,1.2949999570846558,1.2999999523162842,700.0
2024-10-25 15:38:00+00:00,VVPR,0.8087999820709229,0.8087999820709229,0.8087999820709229,0.7979000210762024,0.7979000210762024,3855.0
2024-10-25 15:38:00+00:00,WALD,3.4800000190734863,3.4800000190734863,3.4800000190734863,3.4800000190734863,3.4800000190734863,190.0
2024-10-25 15:38:00+00:00,WDAY,238.44000244140625,238.44000244140625,238.47000122070312,238.4149932861328,238.42999267578125,2863.0
2024-10-25 15:38:00+00:00,WDC,70.15499877929688,70.15499877929688,70.16000366210938,70.05999755859375,70.16000366210938,25645.0
2024-10-25 15:38:00+00:00,WISA,2.0199999809265137,2.0199999809265137,2.0199999809265137,2.015000104904175,2.015000104904175,811.0
2024-10-25 15:38:00+00:00,XELA,1.9600000381469727,1.9600000381469727,1.9600000381469727,1.9600000381469727,1.9600000381469727,385.0
2024-10-25 15:38:00+00:00,XPER,9.399999618530273,9.399999618530273,9.399999618530273,9.395000457763672,9.395000457763672,803.0
2024-10-25 15:38:00+00:00,XRX,10.005000114440918,10.005000114440918,10.010000228881836,10.0,10.005000114440918,6762.0
2024-10-25 15:38:00+00:00,ZBRA,361.2049865722656,361.2049865722656,361.2049865722656,361.2049865722656,361.2049865722656,968.0
2024-10-25 15:38:00+00:00,ZI,10.479999542236328,10.479999542236328,10.479999542236328,10.46500015258789,10.46500015258789,7107.0
2024-10-25 15:38:00+00:00,ZM,72.97000122070312,72.97000122070312,72.98999786376953,72.94999694824219,72.94999694824219,7623.0
2024-10-25 15:38:00+00:00,ZS,184.67999267578125,184.67999267578125,184.67999267578125,184.6300048828125,184.63999938964844,5234.0
2024-10-25 15:39:00+00:00,AAOI,17.510000228881836,17.510000228881836,17.520000457763672,17.510000228881836,17.514999389648438,2791.0
2024-10-25 15:39:00+00:00,AAPL,231.38600158691406,231.38600158691406,231.51499938964844,231.375,231.47999572753906,59618.0
2024-10-25 15:39:00+00:00,ACIW,48.83000183105469,48.83000183105469,48.87200164794922,48.83000183105469,48.8489990234375,2184.0
2024-10-25 15:39:00+00:00,ACMR,19.639999389648438,19.639999389648438,19.639999389648438,19.639999389648438,19.639999389648438,267.0
2024-10-25 15:39:00+00:00,ADBE,483.3299865722656,483.3299865722656,483.69000244140625,483.3299865722656,483.69000244140625,3889.0
2024-10-25 15:39:00+00:00,ADI,231.21499633789062,231.21499633789062,231.38999938964844,231.21499633789062,231.27000427246094,6006.0
2024-10-25 15:39:00+00:00,AEHR,17.02680015563965,17.02680015563965,17.049999237060547,17.020000457763672,17.049999237060547,3293.0
2024-10-25 15:39:00+00:00,AEYE,22.565000534057617,22.565000534057617,22.565000534057617,22.5,22.5,998.0
2024-10-25 15:39:00+00:00,AFRM,41.13999938964844,41.13999938964844,41.15909957885742,41.11000061035156,41.11000061035156,11746.0
2024-10-25 15:39:00+00:00,AGYS,110.30599975585938,110.30599975585938,110.30599975585938,110.30599975585938,110.30599975585938,271.0
2024-10-25 15:39:00+00:00,AKAM,101.80999755859375,101.80999755859375,101.83799743652344,101.79000091552734,101.80000305175781,4014.0
2024-10-25 15:39:00+00:00,AKTS,0.05999999865889549,0.05999999865889549,0.05999999865889549,0.05999999865889549,0.05999999865889549,32500.0
2024-10-25 15:39:00+00:00,ALGM,23.165000915527344,23.165000915527344,23.170000076293945,23.165000915527344,23.170000076293945,3729.0
2024-10-25 15:39:00+00:00,ALTR,103.83999633789062,103.83999633789062,103.83999633789062,103.83999633789062,103.83999633789062,1350.0
2024-10-25 15:39:00+00:00,AMAT,187.39999389648438,187.39999389648438,187.49000549316406,187.3699951171875,187.41000366210938,4705.0
2024-10-25 15:39:00+00:00,AMBA,57.85649871826172,57.85649871826172,57.85649871826172,57.81999969482422,57.81999969482422,1325.0
2024-10-25 15:39:00+00:00,AMD,156.57000732421875,156.57000732421875,156.67999267578125,156.55999755859375,156.64999389648438,53605.0
2024-10-25 15:39:00+00:00,AMKR,30.1200008392334,30.1200008392334,30.139999389648438,30.100000381469727,30.100000381469727,7229.0
2024-10-25 15:39:00+00:00,ANSS,323.8550109863281,323.8550109863281,324.25,323.8550109863281,324.25,657.0
2024-10-25 15:39:00+00:00,APCX,0.7425000071525574,0.7425000071525574,0.7425000071525574,0.7411999702453613,0.7411999702453613,595.0
2024-10-25 15:39:00+00:00,API,2.859999895095825,2.859999895095825,2.859999895095825,2.8550000190734863,2.8550000190734863,501.0
2024-10-25 15:39:00+00:00,APP,161.83999633789062,161.83999633789062,161.83999633789062,161.77000427246094,161.77999877929688,4046.0
2024-10-25 15:39:00+00:00,APPF,212.6177978515625,212.6177978515625,212.6177978515625,212.6177978515625,212.6177978515625,1444.0
2024-10-25 15:39:00+00:00,APPN,32.349998474121094,32.349998474121094,32.349998474121094,32.34199905395508,32.34199905395508,805.0
2024-10-25 15:39:00+00:00,APPS,3.069999933242798,3.069999933242798,3.075000047683716,3.066800117492676,3.069999933242798,9817.0
2024-10-25 15:39:00+00:00,ARRY,6.494999885559082,6.494999885559082,6.5,6.485000133514404,6.485000133514404,29653.0
2024-10-25 15:39:00+00:00,ASUR,9.670000076293945,9.670000076293945,9.670000076293945,9.654999732971191,9.662500381469727,1317.0
2024-10-25 15:39:00+00:00,AUR,6.394999980926514,6.394999980926514,6.39900016784668,6.394999980926514,6.394999980926514,5375.0
2024-10-25 15:39:00+00:00,AVDX,8.085000038146973,8.085000038146973,8.09000015258789,8.079999923706055,8.09000015258789,2189.0
2024-10-25 15:39:00+00:00,AVGO,173.85000610351562,173.85000610351562,173.90499877929688,173.82000732421875,173.88999938964844,16671.0
2024-10-25 15:39:00+00:00,AVT,54.125,54.125,54.13999938964844,54.10499954223633,54.10499954223633,4161.0
2024-10-25 15:39:00+00:00,BAND,17.905000686645508,17.905000686645508,17.905000686645508,17.899999618530273,17.899999618530273,1515.0
2024-10-25 15:39:00+00:00,BASE,16.309999465942383,16.309999465942383,16.309999465942383,16.281999588012695,16.281999588012695,3333.0
2024-10-25 15:39:00+00:00,BELFB,78.56610107421875,78.56610107421875,78.56610107421875,78.56610107421875,78.56610107421875,796.0
2024-10-25 15:39:00+00:00,BIGC,5.264999866485596,5.264999866485596,5.264999866485596,5.264999866485596,5.264999866485596,1817.0
2024-10-25 15:39:00+00:00,BL,56.439998626708984,56.439998626708984,56.439998626708984,56.43000030517578,56.43000030517578,1019.0
2024-10-25 15:39:00+00:00,BLKB,85.68000030517578,85.68000030517578,85.68000030517578,85.68000030517578,85.68000030517578,829.0
2024-10-25 15:39:00+00:00,BMBL,7.144999980926514,7.144999980926514,7.144999980926514,7.144999980926514,7.144999980926514,494.0
2024-10-25 15:39:00+00:00,BOXL,0.4702000021934509,0.4702000021934509,0.4702000021934509,0.4702000021934509,0.4702000021934509,0.0
2024-10-25 15:39:00+00:00,BRZE,30.719100952148438,30.719100952148438,30.719100952148438,30.719100952148438,30.719100952148438,226.0
2024-10-25 15:39:00+00:00,BSY,49.06999969482422,49.06999969482422,49.08000183105469,49.06999969482422,49.08000183105469,3144.0
2024-10-25 15:39:00+00:00,CAMT,77.91000366210938,77.91000366210938,77.91000366210938,77.91000366210938,77.91000366210938,936.0
2024-10-25 15:39:00+00:00,CAN,0.9746999740600586,0.9746999740600586,0.9799000024795532,0.9731000065803528,0.9731000065803528,33822.0
2024-10-25 15:39:00+00:00,CCSI,20.110000610351562,20.110000610351562,20.174999237060547,20.110000610351562,20.174999237060547,409.0
2024-10-25 15:39:00+00:00,CDNS,257.5249938964844,257.5249938964844,257.760009765625,257.5249938964844,257.760009765625,4757.0
2024-10-25 15:39:00+00:00,CDW,217.80999755859375,217.80999755859375,217.80999755859375,217.7989959716797,217.7989959716797,809.0
2024-10-25 15:39:00+00:00,CEVA,24.079999923706055,24.079999923706055,24.079999923706055,24.079999923706055,24.079999923706055,901.0
2024-10-25 15:39:00+00:00,CFLT,22.424999237060547,22.424999237060547,22.43000030517578,22.424999237060547,22.424999237060547,5304.0
2024-10-25 15:39:00+00:00,CGNT,6.630000114440918,6.630000114440918,6.630000114440918,6.619999885559082,6.619999885559082,808.0
2024-10-25 15:39:00+00:00,CGNX,38.90999984741211,38.90999984741211,38.915000915527344,38.880001068115234,38.88999938964844,1569.0
2024-10-25 15:39:00+00:00,CLBT,18.170000076293945,18.170000076293945,18.200000762939453,18.170000076293945,18.200000762939453,3960.0
2024-10-25 15:39:00+00:00,CLSK,11.54990005493164,11.54990005493164,11.555000305175781,11.529999732971191,11.53499984741211,69964.0
2024-10-25 15:39:00+00:00,CNDT,3.5950000286102295,3.5950000286102295,3.5950000286102295,3.5899999141693115,3.5899999141693115,535.0
2024-10-25 15:39:00+00:00,CNXC,44.43000030517578,44.43000030517578,44.43000030517578,44.400001525878906,44.400001525878906,865.0
2024-10-25 15:39:00+00:00,COHR,95.7249984741211,95.7249984741211,95.7300033569336,95.69499969482422,95.69499969482422,3163.0
2024-10-25 15:39:00+00:00,COHU,25.959999084472656,25.959999084472656,25.959999084472656,25.959999084472656,25.959999084472656,118.0
2024-10-25 15:39:00+00:00,COIN,204.851806640625,204.851806640625,204.92999267578125,204.72999572753906,204.85000610351562,9150.0
2024-10-25 15:39:00+00:00,COMM,6.215000152587891,6.215000152587891,6.215000152587891,6.210000038146973,6.210000038146973,1525.0
2024-10-25 15:39:00+00:00,CORZ,13.289999961853027,13.289999961853027,13.289999961853027,13.260499954223633,13.260499954223633,23856.0
2024-10-25 15:39:00+00:00,CRCT,6.559999942779541,6.559999942779541,6.559999942779541,6.559999942779541,6.559999942779541,206.0
2024-10-25 15:39:00+00:00,CRDO,39.209999084472656,39.209999084472656,39.209999084472656,39.19499969482422,39.19499969482422,711.0
2024-10-25 15:39:00+00:00,CRNC,2.924999952316284,2.924999952316284,2.924999952316284,2.924999952316284,2.924999952316284,1486.0
2024-10-25 15:39:00+00:00,CRUS,122.43499755859375,122.43499755859375,122.43499755859375,122.40249633789062,122.43499755859375,587.0
2024-10-25 15:39:00+00:00,CRWD,299.8299865722656,299.8299865722656,299.8699951171875,299.6000061035156,299.6700134277344,9086.0
2024-10-25 15:39:00+00:00,CSCO,55.779998779296875,55.779998779296875,55.790000915527344,55.77000045776367,55.775001525878906,47898.0
2024-10-25 15:39:00+00:00,CSIQ,13.404999732971191,13.404999732971191,13.404999732971191,13.354999542236328,13.359999656677246,5945.0
2024-10-25 15:39:00+00:00,CTLP,8.904999732971191,8.904999732971191,8.904999732971191,8.904999732971191,8.904999732971191,1526.0
2024-10-25 15:39:00+00:00,CTSH,74.80999755859375,74.80999755859375,74.84010314941406,74.80999755859375,74.83499908447266,6473.0
2024-10-25 15:39:00+00:00,DATS,1.5500999689102173,1.5500999689102173,1.5500999689102173,1.5500999689102173,1.5500999689102173,0.0
2024-10-25 15:39:00+00:00,DAVE,38.619998931884766,38.619998931884766,38.619998931884766,38.619998931884766,38.619998931884766,263.0
2024-10-25 15:39:00+00:00,DBX,26.05500030517578,26.05500030517578,26.05500030517578,26.049999237060547,26.049999237060547,8845.0
2024-10-25 15:39:00+00:00,DDOG,126.69499969482422,126.69499969482422,126.72000122070312,126.625,126.62999725341797,10848.0
2024-10-25 15:39:00+00:00,DMRC,31.975000381469727,31.975000381469727,31.975000381469727,31.975000381469727,31.975000381469727,291.0
2024-10-25 15:39:00+00:00,DOCU,68.85600280761719,68.85600280761719,68.86199951171875,68.8499984741211,68.8499984741211,2263.0
2024-10-25 15:39:00+00:00,DOX,89.0199966430664,89.0199966430664,89.125,89.0199966430664,89.125,2284.0
2024-10-25 15:39:00+00:00,DTSS,2.490000009536743,2.490000009536743,2.490000009536743,2.490000009536743,2.490000009536743,220.0
2024-10-25 15:39:00+00:00,ENPH,83.87000274658203,83.87000274658203,83.91500091552734,83.82499694824219,83.83999633789062,6764.0
2024-10-25 15:39:00+00:00,ENTG,105.63500213623047,105.63500213623047,105.63999938964844,105.58000183105469,105.63500213623047,1908.0
2024-10-25 15:39:00+00:00,ERIC,8.46500015258789,8.46500015258789,8.46500015258789,8.460000038146973,8.460000038146973,7282.0
2024-10-25 15:39:00+00:00,EXLS,38.58000183105469,38.58000183105469,38.58000183105469,38.54999923706055,38.54999923706055,2120.0
2024-10-25 15:39:00+00:00,EXTR,14.34000015258789,14.34000015258789,14.34000015258789,14.34000015258789,14.34000015258789,483.0
2024-10-25 15:39:00+00:00,FFIV,216.92999267578125,216.92999267578125,216.92999267578125,216.9199981689453,216.9199981689453,1684.0
2024-10-25 15:39:00+00:00,FIVN,29.860000610351562,29.860000610351562,29.860000610351562,29.80500030517578,29.80500030517578,7715.0
2024-10-25 15:39:00+00:00,FLEX,35.1609992980957,35.1609992980957,35.20000076293945,35.1609992980957,35.20000076293945,4519.0
2024-10-25 15:39:00+00:00,FORM,44.869998931884766,44.869998931884766,44.869998931884766,44.84000015258789,44.84000015258789,1447.0
2024-10-25 15:39:00+00:00,FROG,29.257999420166016,29.257999420166016,29.257999420166016,29.2450008392334,29.2450008392334,1509.0
2024-10-25 15:39:00+00:00,FRSH,11.604999542236328,11.604999542236328,11.604999542236328,11.600000381469727,11.604999542236328,14873.0
2024-10-25 15:39:00+00:00,FSLR,198.35000610351562,198.35000610351562,198.3800048828125,198.3300018310547,198.33999633789062,3423.0
2024-10-25 15:39:00+00:00,FTNT,80.625,80.625,80.67500305175781,80.62000274658203,80.63999938964844,22590.0
2024-10-25 15:39:00+00:00,GCT,24.4950008392334,24.4950008392334,24.510000228881836,24.4950008392334,24.506799697875977,850.0
2024-10-25 15:39:00+00:00,GDS,21.309999465942383,21.309999465942383,21.33989906311035,21.309999465942383,21.33989906311035,1134.0
2024-10-25 15:39:00+00:00,GDYN,15.619999885559082,15.619999885559082,15.619999885559082,15.619999885559082,15.619999885559082,1214.0
2024-10-25 15:39:00+00:00,GFS,40.459999084472656,40.459999084472656,40.459999084472656,40.435001373291016,40.435001373291016,4287.0
2024-10-25 15:39:00+00:00,GPRO,1.2999999523162842,1.2999999523162842,1.3049999475479126,1.2999999523162842,1.3049999475479126,307.0
2024-10-25 15:39:00+00:00,GRAB,4.085000038146973,4.085000038146973,4.090000152587891,4.085000038146973,4.085000038146973,45054.0
2024-10-25 15:39:00+00:00,GRRR,4.465000152587891,4.465000152587891,4.465000152587891,4.465000152587891,4.465000152587891,1034.0
2024-10-25 15:39:00+00:00,GTLB,54.86000061035156,54.86000061035156,54.86000061035156,54.86000061035156,54.86000061035156,2819.0
2024-10-25 15:39:00+00:00,HCP,33.6349983215332,33.6349983215332,33.63999938964844,33.63249969482422,33.6349983215332,2085.0
2024-10-25 15:39:00+00:00,HIMX,6.15500020980835,6.15500020980835,6.15500020980835,6.15500020980835,6.15500020980835,3318.0
2024-10-25 15:39:00+00:00,HLIT,14.770000457763672,14.770000457763672,14.78499984741211,14.770000457763672,14.78499984741211,3170.0
2024-10-25 15:39:00+00:00,HOLO,3.5999999046325684,3.5999999046325684,3.609999895095825,3.5999999046325684,3.609999895095825,2744.0
2024-10-25 15:39:00+00:00,HOOD,27.049999237060547,27.049999237060547,27.05500030517578,27.045000076293945,27.045000076293945,12257.0
2024-10-25 15:39:00+00:00,IMMR,8.65999984741211,8.65999984741211,8.65999984741211,8.65999984741211,8.65999984741211,510.0
2024-10-25 15:39:00+00:00,INDI,3.4649999141693115,3.4649999141693115,3.4649999141693115,3.4649999141693115,3.4649999141693115,753.0
2024-10-25 15:39:00+00:00,INFN,6.769999980926514,6.769999980926514,6.769999980926514,6.769999980926514,6.769999980926514,253.0
2024-10-25 15:39:00+00:00,INOD,20.15999984741211,20.15999984741211,20.190000534057617,20.15999984741211,20.190000534057617,1007.0
2024-10-25 15:39:00+00:00,INSG,19.90999984741211,19.90999984741211,19.920000076293945,19.899999618530273,19.920000076293945,1110.0
2024-10-25 15:39:00+00:00,INTA,50.13460159301758,50.13460159301758,50.150001525878906,50.13460159301758,50.150001525878906,579.0
2024-10-25 15:39:00+00:00,INTC,22.834999084472656,22.834999084472656,22.839000701904297,22.825000762939453,22.834999084472656,75949.0
2024-10-25 15:39:00+00:00,INTU,608.8400268554688,608.8400268554688,608.8400268554688,608.6599731445312,608.75,1567.0
2024-10-25 15:39:00+00:00,IPGP,77.0250015258789,77.0250015258789,77.0250015258789,76.98999786376953,76.98999786376953,2758.0
2024-10-25 15:39:00+00:00,ITI,7.199999809265137,7.199999809265137,7.199999809265137,7.199999809265137,7.199999809265137,326.0
2024-10-25 15:39:00+00:00,JAMF,16.75,16.75,16.75,16.75,16.75,294.0
2024-10-25 15:39:00+00:00,JKHY,182.80999755859375,182.80999755859375,182.83999633789062,182.80999755859375,182.83999633789062,935.0
2024-10-25 15:39:00+00:00,KLIC,44.76499938964844,44.76499938964844,44.76499938964844,44.76499938964844,44.76499938964844,468.0
2024-10-25 15:39:00+00:00,KOPN,0.7821999788284302,0.7821999788284302,0.7821999788284302,0.7821999788284302,0.7821999788284302,10600.0
2024-10-25 15:39:00+00:00,LINK,5.199900150299072,5.199900150299072,5.300000190734863,5.110000133514404,5.249899864196777,7851.0
2024-10-25 15:39:00+00:00,LITE,64.38999938964844,64.38999938964844,64.44000244140625,64.38999938964844,64.44000244140625,1101.0
2024-10-25 15:39:00+00:00,LOGI,80.7300033569336,80.7300033569336,80.76499938964844,80.7300033569336,80.76499938964844,1659.0
2024-10-25 15:39:00+00:00,LRCX,78.16999816894531,78.16999816894531,78.21499633789062,78.1500015258789,78.19000244140625,19176.0
2024-10-25 15:39:00+00:00,LSCC,54.21500015258789,54.21500015258789,54.220001220703125,54.154998779296875,54.154998779296875,9440.0
2024-10-25 15:39:00+00:00,LTRX,4.09499979019165,4.09499979019165,4.09499979019165,4.090000152587891,4.090000152587891,802.0
2024-10-25 15:39:00+00:00,LYFT,13.454999923706055,13.454999923706055,13.479999542236328,13.441800117492676,13.449999809265137,104040.0
2024-10-25 15:39:00+00:00,LYT,1.9299999475479126,1.9299999475479126,1.9299999475479126,1.9299999475479126,1.9299999475479126,712.0
2024-10-25 15:39:00+00:00,MANH,276.04998779296875,276.04998779296875,276.135009765625,276.04998779296875,276.135009765625,2485.0
2024-10-25 15:39:00+00:00,MCHP,76.73500061035156,76.73500061035156,76.75,76.7249984741211,76.7249984741211,3853.0
2024-10-25 15:39:00+00:00,MDB,267.8399963378906,267.8399963378906,268.0,267.8399963378906,267.8599853515625,2014.0
2024-10-25 15:39:00+00:00,MITK,8.770000457763672,8.770000457763672,8.770000457763672,8.760000228881836,8.770000457763672,4266.0
2024-10-25 15:39:00+00:00,MKSI,101.38500213623047,101.38500213623047,101.44999694824219,101.36000061035156,101.4000015258789,3612.0
2024-10-25 15:39:00+00:00,MNDO,1.9500000476837158,1.9500000476837158,1.9700000286102295,1.9500000476837158,1.9700000286102295,6963.0
2024-10-25 15:39:00+00:00,MPWR,909.780029296875,909.780029296875,909.780029296875,909.22998046875,909.22998046875,1171.0
2024-10-25 15:39:00+00:00,MQ,5.304999828338623,5.304999828338623,5.309999942779541,5.304999828338623,5.304999828338623,2367.0
2024-10-25 15:39:00+00:00,MRVL,82.08000183105469,82.08000183105469,82.125,82.06500244140625,82.125,10682.0
2024-10-25 15:39:00+00:00,MSFT,428.1099853515625,428.1099853515625,428.32000732421875,428.0799865722656,428.20001220703125,11742.0
2024-10-25 15:39:00+00:00,MSTR,234.89999389648438,234.89999389648438,235.3300018310547,234.60000610351562,234.6699981689453,55442.0
2024-10-25 15:39:00+00:00,MTC,0.3831000030040741,0.3831000030040741,0.3831000030040741,0.38019999861717224,0.38019999861717224,4962.0
2024-10-25 15:39:00+00:00,MTSI,121.13999938964844,121.13999938964844,121.20999908447266,121.04000091552734,121.20999908447266,8454.0
2024-10-25 15:39:00+00:00,MTTR,4.579999923706055,4.579999923706055,4.579999923706055,4.572800159454346,4.579999923706055,3180.0
2024-10-25 15:39:00+00:00,MU,108.23500061035156,108.23500061035156,108.30000305175781,108.22679901123047,108.25,15842.0
2024-10-25 15:39:00+00:00,MVIS,1.0750000476837158,1.0750000476837158,1.0750000476837158,1.0750000476837158,1.0750000476837158,0.0
2024-10-25 15:39:00+00:00,MXL,14.729999542236328,14.729999542236328,14.729999542236328,14.704999923706055,14.710000038146973,5474.0
2024-10-25 15:39:00+00:00,NCNO,37.915000915527344,37.915000915527344,37.915000915527344,37.915000915527344,37.915000915527344,125.0
2024-10-25 15:39:00+00:00,NICE,174.47000122070312,174.47000122070312,174.47000122070312,174.47000122070312,174.47000122070312,111.0
2024-10-25 15:39:00+00:00,NNDM,2.325000047683716,2.325000047683716,2.3299999237060547,2.325000047683716,2.3299999237060547,1333.0
2024-10-25 15:39:00+00:00,NSIT,209.3000030517578,209.3000030517578,209.4499969482422,209.3000030517578,209.4499969482422,1200.0
2024-10-25 15:39:00+00:00,NTAP,119.80999755859375,119.80999755859375,119.80999755859375,119.77999877929688,119.79000091552734,3745.0
2024-10-25 15:39:00+00:00,NTNX,61.709999084472656,61.709999084472656,61.72999954223633,61.709999084472656,61.724998474121094,1670.0
2024-10-25 15:39:00+00:00,NVDA,142.0749969482422,142.0749969482422,142.14999389648438,142.05999755859375,142.14999389648438,233041.0
2024-10-25 15:39:00+00:00,NVEI,33.4900016784668,33.4900016784668,33.4900016784668,33.4900016784668,33.4900016784668,515.0
2024-10-25 15:39:00+00:00,NVMI,184.89999389648438,184.89999389648438,184.89999389648438,184.89999389648438,184.89999389648438,401.0
2024-10-25 15:39:00+00:00,NVTS,2.559999942779541,2.559999942779541,2.559999942779541,2.559999942779541,2.559999942779541,471.0
2024-10-25 15:39:00+00:00,NXPI,243.60000610351562,243.60000610351562,243.63999938964844,243.5399932861328,243.60000610351562,5594.0
2024-10-25 15:39:00+00:00,OKTA,72.37000274658203,72.37000274658203,72.41000366210938,72.37000274658203,72.37999725341797,2749.0
2024-10-25 15:39:00+00:00,OLED,203.3300018310547,203.3300018310547,203.3300018310547,203.10000610351562,203.10000610351562,3313.0
2024-10-25 15:39:00+00:00,ON,71.37000274658203,71.37000274658203,71.41999816894531,71.33999633789062,71.38999938964844,36584.0
2024-10-25 15:39:00+00:00,OSIS,135.14999389648438,135.14999389648438,135.14999389648438,134.83999633789062,134.85000610351562,3373.0
2024-10-25 15:39:00+00:00,OTEX,33.22999954223633,33.22999954223633,33.25,33.22999954223633,33.22999954223633,3175.0
2024-10-25 15:39:00+00:00,PANW,366.4200134277344,366.4200134277344,366.639892578125,366.29998779296875,366.4549865722656,1223.0
2024-10-25 15:39:00+00:00,PAYO,8.345000267028809,8.345000267028809,8.345000267028809,8.345000267028809,8.345000267028809,924.0
2024-10-25 15:39:00+00:00,PCTY,173.75999450683594,173.75999450683594,173.75999450683594,173.75,173.75,610.0
2024-10-25 15:39:00+00:00,PEGA,79.91000366210938,79.91000366210938,79.91000366210938,79.88500213623047,79.88500213623047,5818.0
2024-10-25 15:39:00+00:00,PEGY,4.800000190734863,4.800000190734863,4.800000190734863,4.800000190734863,4.800000190734863,566.0
2024-10-25 15:39:00+00:00,PET,0.8109999895095825,0.8109999895095825,0.8109999895095825,0.8109999895095825,0.8109999895095825,528.0
2024-10-25 15:39:00+00:00,PGY,11.979999542236328,11.979999542236328,11.979999542236328,11.979999542236328,11.979999542236328,1075.0
2024-10-25 15:39:00+00:00,PHUN,10.649999618530273,10.649999618530273,10.65999984741211,10.539999961853027,10.567500114440918,86055.0
2024-10-25 15:39:00+00:00,PI,202.10000610351562,202.10000610351562,202.10000610351562,202.10000610351562,202.10000610351562,721.0
2024-10-25 15:39:00+00:00,PLAB,23.674999237060547,23.674999237060547,23.674999237060547,23.674999237060547,23.674999237060547,521.0
2024-10-25 15:39:00+00:00,PLUS,97.93499755859375,97.93499755859375,97.93499755859375,97.93499755859375,97.93499755859375,855.0
2024-10-25 15:39:00+00:00,POET,3.8499999046325684,3.8499999046325684,3.8503000736236572,3.8499999046325684,3.8503000736236572,1578.0
2024-10-25 15:39:00+00:00,POWI,63.27000045776367,63.27000045776367,63.27000045776367,63.25,63.25,992.0
2024-10-25 15:39:00+00:00,PRCH,1.2970000505447388,1.2970000505447388,1.2970000505447388,1.2970000505447388,1.2970000505447388,914.0
2024-10-25 15:39:00+00:00,PRGS,64.68000030517578,64.68000030517578,64.68000030517578,64.66999816894531,64.66999816894531,555.0
2024-10-25 15:39:00+00:00,PTC,187.1999969482422,187.1999969482422,187.24000549316406,187.1999969482422,187.1999969482422,1388.0
2024-10-25 15:39:00+00:00,PYCR,14.350000381469727,14.350000381469727,14.350000381469727,14.350000381469727,14.350000381469727,784.0
2024-10-25 15:39:00+00:00,QCOM,170.97999572753906,170.97999572753906,171.02499389648438,170.9600067138672,170.9600067138672,7816.0
2024-10-25 15:39:00+00:00,QLYS,120.875,120.875,120.875,120.86499786376953,120.86499786376953,372.0
2024-10-25 15:39:00+00:00,QRVO,99.76000213623047,99.76000213623047,99.78500366210938,99.75,99.7699966430664,1647.0
2024-10-25 15:39:00+00:00,RCAT,2.7300000190734863,2.7300000190734863,2.7300000190734863,2.7300000190734863,2.7300000190734863,2319.0
2024-10-25 15:39:00+00:00,RELY,14.895000457763672,14.895000457763672,14.895000457763672,14.890000343322754,14.895000457763672,2201.0
2024-10-25 15:39:00+00:00,RGTI,1.201300024986267,1.201300024986267,1.2100000381469727,1.201300024986267,1.2059999704360962,3594.0
2024-10-25 15:39:00+00:00,RIOT,9.725000381469727,9.725000381469727,9.729999542236328,9.71500015258789,9.720000267028809,14451.0
2024-10-25 15:39:00+00:00,RMBS,43.439998626708984,43.439998626708984,43.439998626708984,43.439998626708984,43.439998626708984,498.0
2024-10-25 15:39:00+00:00,RMNI,1.7300000190734863,1.7300000190734863,1.7300000190734863,1.725000023841858,1.725000023841858,272.0
2024-10-25 15:39:00+00:00,RPAY,7.704999923706055,7.704999923706055,7.707499980926514,7.704999923706055,7.707499980926514,796.0
2024-10-25 15:39:00+00:00,RPD,39.06999969482422,39.06999969482422,39.095001220703125,39.06999969482422,39.095001220703125,709.0
2024-10-25 15:39:00+00:00,RUM,5.670000076293945,5.670000076293945,5.695000171661377,5.670000076293945,5.684999942779541,12175.0
2024-10-25 15:39:00+00:00,RUN,14.414999961853027,14.414999961853027,14.420000076293945,14.413999557495117,14.414999961853027,1897.0
2024-10-25 15:39:00+00:00,SANM,67.5999984741211,67.5999984741211,67.61000061035156,67.5999984741211,67.61000061035156,367.0
2024-10-25 15:39:00+00:00,SATS,25.1200008392334,25.1200008392334,25.1200008392334,25.040000915527344,25.059999465942383,7696.0
2024-10-25 15:39:00+00:00,SCSC,45.040000915527344,45.040000915527344,45.06999969482422,45.040000915527344,45.06999969482422,1070.0
2024-10-25 15:39:00+00:00,SCWX,8.380000114440918,8.380000114440918,8.380000114440918,8.375,8.375,631.0
2024-10-25 15:39:00+00:00,SEDG,16.110000610351562,16.110000610351562,16.110000610351562,16.040000915527344,16.040000915527344,12500.0
2024-10-25 15:39:00+00:00,SHLS,5.195000171661377,5.195000171661377,5.195000171661377,5.190000057220459,5.190000057220459,676.0
2024-10-25 15:39:00+00:00,SITM,178.55999755859375,178.55999755859375,178.55999755859375,178.55999755859375,178.55999755859375,1309.0
2024-10-25 15:39:00+00:00,SKYT,10.449999809265137,10.449999809265137,10.449999809265137,10.449999809265137,10.449999809265137,1176.0
2024-10-25 15:39:00+00:00,SLAB,114.01499938964844,114.01499938964844,114.01499938964844,114.01499938964844,114.01499938964844,309.0
2024-10-25 15:39:00+00:00,SLNH,3.930000066757202,3.930000066757202,3.930000066757202,3.930000066757202,3.930000066757202,1523.0
2024-10-25 15:39:00+00:00,SMCI,47.43920135498047,47.43920135498047,47.45500183105469,47.42689895629883,47.439998626708984,63901.0
2024-10-25 15:39:00+00:00,SMTC,45.68000030517578,45.68000030517578,45.744998931884766,45.67499923706055,45.744998931884766,3489.0
2024-10-25 15:39:00+00:00,SNPS,502.239990234375,502.239990234375,502.239990234375,502.239990234375,502.239990234375,739.0
2024-10-25 15:39:00+00:00,SOBR,7.110000133514404,7.110000133514404,7.110000133514404,7.110000133514404,7.110000133514404,296.0
2024-10-25 15:39:00+00:00,SONO,12.635000228881836,12.635000228881836,12.635000228881836,12.635000228881836,12.635000228881836,1342.0
2024-10-25 15:39:00+00:00,SOUN,5.190000057220459,5.190000057220459,5.190000057220459,5.184999942779541,5.184999942779541,8915.0
2024-10-25 15:39:00+00:00,SPSC,169.41000366210938,169.41000366210938,169.47000122070312,169.41000366210938,169.47000122070312,297.0
2024-10-25 15:39:00+00:00,SPT,26.940200805664062,26.940200805664062,26.950000762939453,26.90999984741211,26.90999984741211,1904.0
2024-10-25 15:39:00+00:00,SRAD,12.300000190734863,12.300000190734863,12.305000305175781,12.300000190734863,12.305000305175781,2412.0
2024-10-25 15:39:00+00:00,SSNC,70.33000183105469,70.33000183105469,70.37999725341797,70.29000091552734,70.37999725341797,25072.0
2024-10-25 15:39:00+00:00,STNE,11.489999771118164,11.489999771118164,11.494999885559082,11.479999542236328,11.479999542236328,8758.0
2024-10-25 15:39:00+00:00,STX,103.43000030517578,103.43000030517578,103.43000030517578,103.38999938964844,103.41999816894531,7447.0
2024-10-25 15:39:00+00:00,SURG,1.7400000095367432,1.7400000095367432,1.7400000095367432,1.7400000095367432,1.7400000095367432,100.0
2024-10-25 15:39:00+00:00,SVRE,0.07850000262260437,0.07850000262260437,0.07850000262260437,0.07850000262260437,0.07850000262260437,6112.0
2024-10-25 15:39:00+00:00,SWKS,95.81999969482422,95.81999969482422,95.83499908447266,95.81999969482422,95.83000183105469,1522.0
2024-10-25 15:39:00+00:00,SYNA,72.30000305175781,72.30000305175781,72.30000305175781,72.30000305175781,72.30000305175781,228.0
2024-10-25 15:39:00+00:00,TEAM,188.76499938964844,188.76499938964844,188.9250030517578,188.74000549316406,188.9250030517578,5261.0
2024-10-25 15:39:00+00:00,TENB,41.7599983215332,41.7599983215332,41.7599983215332,41.7400016784668,41.7400016784668,3135.0
2024-10-25 15:39:00+00:00,TER,112.43000030517578,112.43000030517578,112.55999755859375,112.43000030517578,112.55999755859375,14896.0
2024-10-25 15:39:00+00:00,TRMB,60.959999084472656,60.959999084472656,60.970001220703125,60.959999084472656,60.96500015258789,2518.0
2024-10-25 15:39:00+00:00,TSEM,44.790000915527344,44.790000915527344,44.790000915527344,44.790000915527344,44.790000915527344,435.0
2024-10-25 15:39:00+00:00,TTD,119.25499725341797,119.25499725341797,119.26000213623047,119.23999786376953,119.23999786376953,4639.0
2024-10-25 15:39:00+00:00,TTEC,5.349999904632568,5.349999904632568,5.349999904632568,5.349999904632568,5.349999904632568,113.0
2024-10-25 15:39:00+00:00,TTMI,19.700000762939453,19.700000762939453,19.700000762939453,19.670000076293945,19.670000076293945,8813.0
2024-10-25 15:39:00+00:00,TWKS,4.440000057220459,4.440000057220459,4.449999809265137,4.440000057220459,4.449999809265137,2331.0
2024-10-25 15:39:00+00:00,TXN,207.44000244140625,207.44000244140625,207.5,207.4199981689453,207.4499969482422,6997.0
2024-10-25 15:39:00+00:00,UCTT,35.75,35.75,35.75,35.75,35.75,127.0
2024-10-25 15:39:00+00:00,UEIC,8.125,8.125,8.125,8.125,8.125,397.0
2024-10-25 15:39:00+00:00,VECO,29.40999984741211,29.40999984741211,29.40999984741211,29.385000228881836,29.385000228881836,1599.0
2024-10-25 15:39:00+00:00,VERX,42.04499816894531,42.04499816894531,42.04499816894531,42.040000915527344,42.040000915527344,897.0
2024-10-25 15:39:00+00:00,VIAV,9.194999694824219,9.194999694824219,9.194999694824219,9.194999694824219,9.194999694824219,1057.0
2024-10-25 15:39:00+00:00,VMEO,4.755000114440918,4.755000114440918,4.759900093078613,4.755000114440918,4.759900093078613,1113.0
2024-10-25 15:39:00+00:00,VRNS,56.845001220703125,56.845001220703125,56.869998931884766,56.845001220703125,56.86000061035156,2492.0
2024-10-25 15:39:00+00:00,VRNT,21.829999923706055,21.829999923706055,21.854999542236328,21.825000762939453,21.84000015258789,7305.0
2024-10-25 15:39:00+00:00,VRSN,182.05999755859375,182.05999755859375,182.11000061035156,182.05999755859375,182.11000061035156,3610.0
2024-10-25 15:39:00+00:00,VSAT,10.199999809265137,10.199999809265137,10.204999923706055,10.199999809265137,10.204999923706055,1594.0
2024-10-25 15:39:00+00:00,VUZI,1.2949999570846558,1.2949999570846558,1.2949999570846558,1.2949999570846558,1.2949999570846558,775.0
2024-10-25 15:39:00+00:00,WALD,3.4800000190734863,3.4800000190734863,3.4800000190734863,3.4800000190734863,3.4800000190734863,106.0
2024-10-25 15:39:00+00:00,WDAY,238.43980407714844,238.43980407714844,238.47000122070312,238.43980407714844,238.44000244140625,1609.0
2024-10-25 15:39:00+00:00,WDC,70.10399627685547,70.10399627685547,70.19999694824219,70.08999633789062,70.15499877929688,23725.0
2024-10-25 15:39:00+00:00,WISA,2.0199999809265137,2.0199999809265137,2.0199999809265137,2.015000104904175,2.0192999839782715,1000.0
2024-10-25 15:39:00+00:00,WIX,164.64999389648438,164.64999389648438,164.8300018310547,164.64999389648438,164.77999877929688,2615.0
2024-10-25 15:39:00+00:00,WLDS,3.600100040435791,3.600100040435791,3.600100040435791,3.600100040435791,3.600100040435791,1566.0
2024-10-25 15:39:00+00:00,XPER,9.399999618530273,9.399999618530273,9.399999618530273,9.399999618530273,9.399999618530273,334.0
2024-10-25 15:39:00+00:00,XRX,10.005000114440918,10.005000114440918,10.005000114440918,10.005000114440918,10.005000114440918,1092.0
2024-10-25 15:39:00+00:00,ZBRA,361.2049865722656,361.2049865722656,361.2049865722656,361.2049865722656,361.2049865722656,234.0
2024-10-25 15:39:00+00:00,ZI,10.494999885559082,10.494999885559082,10.494999885559082,10.479999542236328,10.479999542236328,12806.0
2024-10-25 15:39:00+00:00,ZM,72.9800033569336,72.9800033569336,73.0,72.96499633789062,72.97940063476562,8372.0
2024-10-25 15:39:00+00:00,ZS,184.67999267578125,184.67999267578125,184.67999267578125,184.67999267578125,184.67999267578125,572.0
2024-10-25 15:40:00+00:00,AAOI,17.510099411010742,17.510099411010742,17.510099411010742,17.510099411010742,17.510099411010742,237.0
2024-10-25 15:40:00+00:00,AAPL,231.30999755859375,231.30999755859375,231.38999938964844,231.27999877929688,231.38009643554688,88482.0
2024-10-25 15:40:00+00:00,ACLS,90.12999725341797,90.12999725341797,90.1500015258789,90.06999969482422,90.1500015258789,1495.0
2024-10-25 15:40:00+00:00,ACMR,19.6299991607666,19.6299991607666,19.6299991607666,19.625200271606445,19.625200271606445,2781.0
2024-10-25 15:40:00+00:00,ADBE,483.3599853515625,483.3599853515625,483.3599853515625,483.0199890136719,483.0199890136719,2120.0
2024-10-25 15:40:00+00:00,ADI,231.1300048828125,231.1300048828125,231.19000244140625,231.1300048828125,231.19000244140625,3321.0
2024-10-25 15:40:00+00:00,ADSK,286.760009765625,286.760009765625,286.760009765625,286.6199951171875,286.6300048828125,1671.0
2024-10-25 15:40:00+00:00,AEHR,17.021299362182617,17.021299362182617,17.021299362182617,17.021299362182617,17.021299362182617,110.0
2024-10-25 15:40:00+00:00,AFRM,41.099998474121094,41.099998474121094,41.1349983215332,41.09960174560547,41.130001068115234,24934.0
2024-10-25 15:40:00+00:00,AIRG,9.289999961853027,9.289999961853027,9.289999961853027,9.210000038146973,9.210000038146973,337.0
2024-10-25 15:40:00+00:00,AKAM,101.83000183105469,101.83000183105469,101.83999633789062,101.82499694824219,101.82499694824219,2609.0
2024-10-25 15:40:00+00:00,AKTS,0.05999999865889549,0.05999999865889549,0.05999999865889549,0.05999999865889549,0.05999999865889549,22746.0
2024-10-25 15:40:00+00:00,ALGM,23.18000030517578,23.18000030517578,23.18000030517578,23.15999984741211,23.170000076293945,9352.0
2024-10-25 15:40:00+00:00,ALKT,38.29999923706055,38.29999923706055,38.31999969482422,38.29999923706055,38.29999923706055,2570.0
2024-10-25 15:40:00+00:00,ALLT,3.4628000259399414,3.4628000259399414,3.4700000286102295,3.4628000259399414,3.4700000286102295,559.0
2024-10-25 15:40:00+00:00,ALTR,103.8499984741211,103.8499984741211,103.8499984741211,103.83999633789062,103.83999633789062,10441.0
2024-10-25 15:40:00+00:00,AMAT,187.44000244140625,187.44000244140625,187.44000244140625,187.25,187.3800048828125,5921.0
2024-10-25 15:40:00+00:00,AMBA,57.880001068115234,57.880001068115234,57.880001068115234,57.86000061035156,57.86000061035156,967.0
2024-10-25 15:40:00+00:00,AMD,156.62100219726562,156.62100219726562,156.64990234375,156.51800537109375,156.5800018310547,32240.0
2024-10-25 15:40:00+00:00,AMKR,30.09000015258789,30.09000015258789,30.1200008392334,30.09000015258789,30.1200008392334,3437.0
2024-10-25 15:40:00+00:00,AMPL,9.104999542236328,9.104999542236328,9.104999542236328,9.100000381469727,9.100000381469727,1966.0
2024-10-25 15:40:00+00:00,ANSS,324.2300109863281,324.2300109863281,324.2300109863281,324.19000244140625,324.19000244140625,748.0
2024-10-25 15:40:00+00:00,API,2.859999895095825,2.859999895095825,2.859999895095825,2.859999895095825,2.859999895095825,300.0
2024-10-25 15:40:00+00:00,APP,161.83999633789062,161.83999633789062,161.89999389648438,161.80499267578125,161.8300018310547,12254.0
2024-10-25 15:40:00+00:00,APPF,212.6999969482422,212.6999969482422,212.6999969482422,212.5959930419922,212.5959930419922,1742.0
2024-10-25 15:40:00+00:00,APPS,3.0797998905181885,3.0797998905181885,3.0797998905181885,3.069999933242798,3.069999933242798,3743.0
2024-10-25 15:40:00+00:00,ARRY,6.505000114440918,6.505000114440918,6.505000114440918,6.480000019073486,6.489999771118164,47800.0
2024-10-25 15:40:00+00:00,ASML,714.1799926757812,714.1799926757812,714.4381713867188,713.989990234375,714.4381713867188,2138.0
2024-10-25 15:40:00+00:00,ASUR,9.710000038146973,9.710000038146973,9.710000038146973,9.670000076293945,9.670000076293945,573.0
2024-10-25 15:40:00+00:00,AUDC,9.050000190734863,9.050000190734863,9.050000190734863,9.050000190734863,9.050000190734863,200.0
2024-10-25 15:40:00+00:00,AUR,6.394999980926514,6.394999980926514,6.394999980926514,6.389999866485596,6.394999980926514,5038.0
2024-10-25 15:40:00+00:00,AVDX,8.09000015258789,8.09000015258789,8.09000015258789,8.085000038146973,8.085000038146973,1780.0
2024-10-25 15:40:00+00:00,AVGO,173.8699951171875,173.8699951171875,173.9199981689453,173.74000549316406,173.82000732421875,32144.0
2024-10-25 15:40:00+00:00,AVPT,11.899999618530273,11.899999618530273,11.904999732971191,11.899999618530273,11.904999732971191,511.0
2024-10-25 15:40:00+00:00,AVT,54.125,54.125,54.125,54.119998931884766,54.125,1870.0
2024-10-25 15:40:00+00:00,AXTI,2.6649999618530273,2.6649999618530273,2.6649999618530273,2.6649999618530273,2.6649999618530273,200.0
2024-10-25 15:40:00+00:00,AZPN,237.5050048828125,237.5050048828125,237.5050048828125,237.5050048828125,237.5050048828125,385.0
2024-10-25 15:40:00+00:00,BL,56.415000915527344,56.415000915527344,56.41999816894531,56.404998779296875,56.41999816894531,3683.0
2024-10-25 15:40:00+00:00,BMBL,7.144999980926514,7.144999980926514,7.144999980926514,7.139999866485596,7.139999866485596,1425.0
2024-10-25 15:40:00+00:00,BRZE,30.719999313354492,30.719999313354492,30.75,30.719999313354492,30.719999313354492,3290.0
2024-10-25 15:40:00+00:00,BSY,49.07500076293945,49.07500076293945,49.07500076293945,49.06999969482422,49.06999969482422,1116.0
2024-10-25 15:40:00+00:00,CAMT,77.79509735107422,77.79509735107422,77.87999725341797,77.77459716796875,77.83999633789062,1021.0
2024-10-25 15:40:00+00:00,CAN,0.9746999740600586,0.9746999740600586,0.9794999957084656,0.9746999740600586,0.9746999740600586,13300.0
2024-10-25 15:40:00+00:00,CCSI,20.100000381469727,20.100000381469727,20.170000076293945,20.09000015258789,20.170000076293945,1668.0
2024-10-25 15:40:00+00:00,CDNS,257.3699951171875,257.3699951171875,257.3699951171875,257.3299865722656,257.3299865722656,2100.0
2024-10-25 15:40:00+00:00,CDW,217.80740356445312,217.80740356445312,217.80740356445312,217.7010040283203,217.7010040283203,999.0
2024-10-25 15:40:00+00:00,CEVA,24.100000381469727,24.100000381469727,24.100000381469727,24.100000381469727,24.100000381469727,1111.0
2024-10-25 15:40:00+00:00,CFLT,22.434999465942383,22.434999465942383,22.434999465942383,22.424999237060547,22.424999237060547,2200.0
2024-10-25 15:40:00+00:00,CGNX,38.88999938964844,38.88999938964844,38.90999984741211,38.880001068115234,38.90999984741211,6095.0
2024-10-25 15:40:00+00:00,CHKP,206.4324951171875,206.4324951171875,206.49000549316406,206.38999938964844,206.47999572753906,5469.0
2024-10-25 15:40:00+00:00,CLBT,18.184999465942383,18.184999465942383,18.184999465942383,18.18000030517578,18.184999465942383,2323.0
2024-10-25 15:40:00+00:00,CLSK,11.565999984741211,11.565999984741211,11.574999809265137,11.544300079345703,11.545000076293945,34997.0
2024-10-25 15:40:00+00:00,CNDT,3.5899999141693115,3.5899999141693115,3.5950000286102295,3.5899999141693115,3.5899999141693115,4007.0
2024-10-25 15:40:00+00:00,CNXC,44.40999984741211,44.40999984741211,44.439998626708984,44.40999984741211,44.439998626708984,2121.0
2024-10-25 15:40:00+00:00,COHR,95.80999755859375,95.80999755859375,95.80999755859375,95.7249984741211,95.7249984741211,3748.0
2024-10-25 15:40:00+00:00,COHU,25.959999084472656,25.959999084472656,25.959999084472656,25.950000762939453,25.959999084472656,2655.0
2024-10-25 15:40:00+00:00,COIN,205.06100463867188,205.06100463867188,205.25,204.80999755859375,204.9199981689453,14552.0
2024-10-25 15:40:00+00:00,COMM,6.215000152587891,6.215000152587891,6.215000152587891,6.203999996185303,6.210000038146973,16693.0
2024-10-25 15:40:00+00:00,CORZ,13.345000267028809,13.345000267028809,13.345000267028809,13.28499984741211,13.28499984741211,18930.0
2024-10-25 15:40:00+00:00,CORZW,7.800000190734863,7.800000190734863,7.800000190734863,7.789999961853027,7.789999961853027,1431.0
2024-10-25 15:40:00+00:00,CRCT,6.559999942779541,6.559999942779541,6.559999942779541,6.559999942779541,6.559999942779541,629.0
2024-10-25 15:40:00+00:00,CRDO,39.209999084472656,39.209999084472656,39.220001220703125,39.20000076293945,39.20000076293945,2736.0
2024-10-25 15:40:00+00:00,CRNC,2.924999952316284,2.924999952316284,2.924999952316284,2.924999952316284,2.924999952316284,139.0
2024-10-25 15:40:00+00:00,CRNT,2.490000009536743,2.490000009536743,2.490000009536743,2.4749999046325684,2.4749999046325684,23537.0
2024-10-25 15:40:00+00:00,CRSR,6.324999809265137,6.324999809265137,6.324999809265137,6.315000057220459,6.320000171661377,1358.0
2024-10-25 15:40:00+00:00,CRUS,122.43499755859375,122.43499755859375,122.43499755859375,122.43499755859375,122.43499755859375,317.0
2024-10-25 15:40:00+00:00,CRWD,299.67999267578125,299.67999267578125,299.96990966796875,299.67999267578125,299.80499267578125,15674.0
2024-10-25 15:40:00+00:00,CSCO,55.77619934082031,55.77619934082031,55.78499984741211,55.76350021362305,55.78499984741211,15657.0
2024-10-25 15:40:00+00:00,CSIQ,13.404999732971191,13.404999732971191,13.41100025177002,13.404000282287598,13.404000282287598,1930.0
2024-10-25 15:40:00+00:00,CTSH,74.80500030517578,74.80500030517578,74.80999755859375,74.77999877929688,74.80999755859375,5341.0
2024-10-25 15:40:00+00:00,CVLT,134.4600067138672,134.4600067138672,134.4600067138672,134.4600067138672,134.4600067138672,1330.0
2024-10-25 15:40:00+00:00,DAKT,13.09000015258789,13.09000015258789,13.09000015258789,13.09000015258789,13.09000015258789,534.0
2024-10-25 15:40:00+00:00,DATS,1.5529999732971191,1.5529999732971191,1.5529999732971191,1.5529999732971191,1.5529999732971191,1070.0
2024-10-25 15:40:00+00:00,DAVE,38.560001373291016,38.560001373291016,38.560001373291016,38.560001373291016,38.560001373291016,309.0
2024-10-25 15:40:00+00:00,DBX,26.059999465942383,26.059999465942383,26.059999465942383,26.05500030517578,26.05500030517578,3095.0
2024-10-25 15:40:00+00:00,DDOG,126.73999786376953,126.73999786376953,126.76000213623047,126.66999816894531,126.69499969482422,11720.0
2024-10-25 15:40:00+00:00,DIOD,65.01499938964844,65.01499938964844,65.0199966430664,65.01000213623047,65.01000213623047,1233.0
2024-10-25 15:40:00+00:00,DMRC,32.029998779296875,32.029998779296875,32.029998779296875,31.985000610351562,32.0,1081.0
2024-10-25 15:40:00+00:00,DOCU,68.80000305175781,68.80000305175781,68.86000061035156,68.80000305175781,68.86000061035156,8200.0
2024-10-25 15:40:00+00:00,DOX,89.03500366210938,89.03500366210938,89.04000091552734,89.03500366210938,89.04000091552734,1146.0
2024-10-25 15:40:00+00:00,DUOL,291.7950134277344,291.7950134277344,291.7950134277344,291.7950134277344,291.7950134277344,1016.0
2024-10-25 15:40:00+00:00,EEFT,100.70999908447266,100.70999908447266,100.76000213623047,100.68000030517578,100.69000244140625,5029.0
2024-10-25 15:40:00+00:00,EGAN,4.789999961853027,4.789999961853027,4.789999961853027,4.789999961853027,4.789999961853027,565.0
2024-10-25 15:40:00+00:00,ENPH,83.95500183105469,83.95500183105469,83.95500183105469,83.86000061035156,83.86000061035156,9613.0
2024-10-25 15:40:00+00:00,ENTG,105.4749984741211,105.4749984741211,105.5999984741211,105.4749984741211,105.5999984741211,7649.0
2024-10-25 15:40:00+00:00,ERIC,8.46500015258789,8.46500015258789,8.46500015258789,8.460000038146973,8.460000038146973,8578.0
2024-10-25 15:40:00+00:00,EXLS,38.54999923706055,38.54999923706055,38.58000183105469,38.54999923706055,38.58000183105469,4862.0
2024-10-25 15:40:00+00:00,EXTR,14.34000015258789,14.34000015258789,14.34000015258789,14.329999923706055,14.335000038146973,2933.0
2024-10-25 15:40:00+00:00,FFIV,216.90499877929688,216.90499877929688,216.97000122070312,216.90499877929688,216.97000122070312,858.0
2024-10-25 15:40:00+00:00,FIVN,29.81999969482422,29.81999969482422,29.8700008392334,29.81999969482422,29.8700008392334,5836.0
2024-10-25 15:40:00+00:00,FLEX,35.18000030517578,35.18000030517578,35.185001373291016,35.165000915527344,35.16999816894531,7103.0
2024-10-25 15:40:00+00:00,FLYW,17.360000610351562,17.360000610351562,17.360000610351562,17.360000610351562,17.360000610351562,735.0
2024-10-25 15:40:00+00:00,FORM,44.84000015258789,44.84000015258789,44.84000015258789,44.84000015258789,44.84000015258789,1828.0
2024-10-25 15:40:00+00:00,FROG,29.25,29.25,29.25,29.239999771118164,29.239999771118164,1649.0
2024-10-25 15:40:00+00:00,FRSH,11.604999542236328,11.604999542236328,11.604999542236328,11.604999542236328,11.604999542236328,2405.0
2024-10-25 15:40:00+00:00,FSLR,198.27999877929688,198.27999877929688,198.4199981689453,198.1999969482422,198.2899932861328,2732.0
2024-10-25 15:40:00+00:00,FTNT,80.63500213623047,80.63500213623047,80.63999938964844,80.58989715576172,80.62999725341797,35045.0
2024-10-25 15:40:00+00:00,GCT,24.503999710083008,24.503999710083008,24.510000228881836,24.4950008392334,24.5,1512.0
2024-10-25 15:40:00+00:00,GDS,21.309999465942383,21.309999465942383,21.309999465942383,21.309999465942383,21.309999465942383,945.0
2024-10-25 15:40:00+00:00,GFS,40.439998626708984,40.439998626708984,40.439998626708984,40.439998626708984,40.439998626708984,1377.0
2024-10-25 15:40:00+00:00,GILT,4.929999828338623,4.929999828338623,4.929999828338623,4.929999828338623,4.929999828338623,372.0
2024-10-25 15:40:00+00:00,GNSS,3.9000000953674316,3.9000000953674316,3.9000000953674316,3.9000000953674316,3.9000000953674316,122.0
2024-10-25 15:40:00+00:00,GPRO,1.3049999475479126,1.3049999475479126,1.3079999685287476,1.2999999523162842,1.3079999685287476,3906.0
2024-10-25 15:40:00+00:00,GRAB,4.085000038146973,4.085000038146973,4.085999965667725,4.079999923706055,4.085000038146973,418371.0
2024-10-25 15:40:00+00:00,GRRR,4.465000152587891,4.465000152587891,4.465000152587891,4.465000152587891,4.465000152587891,567.0
2024-10-25 15:40:00+00:00,GTLB,54.82509994506836,54.82509994506836,54.86000061035156,54.82509994506836,54.86000061035156,3724.0
2024-10-25 15:40:00+00:00,HCKT,24.6200008392334,24.6200008392334,24.6200008392334,24.6200008392334,24.6200008392334,409.0
2024-10-25 15:40:00+00:00,HCP,33.6349983215332,33.6349983215332,33.63999938964844,33.6349983215332,33.6349983215332,2657.0
2024-10-25 15:40:00+00:00,HLIT,14.774999618530273,14.774999618530273,14.779999732971191,14.774999618530273,14.779999732971191,744.0
2024-10-25 15:40:00+00:00,HOLO,3.5850000381469727,3.5850000381469727,3.5999999046325684,3.559999942779541,3.5999999046325684,35314.0
2024-10-25 15:40:00+00:00,HOOD,27.05500030517578,27.05500030517578,27.05500030517578,27.045000076293945,27.049999237060547,16415.0
2024-10-25 15:40:00+00:00,III,3.056299924850464,3.056299924850464,3.056299924850464,3.056299924850464,3.056299924850464,1155.0
2024-10-25 15:40:00+00:00,IMMR,8.659899711608887,8.659899711608887,8.659899711608887,8.654999732971191,8.654999732971191,1620.0
2024-10-25 15:40:00+00:00,INDI,3.4649999141693115,3.4649999141693115,3.4674999713897705,3.4600000381469727,3.4600000381469727,3703.0
2024-10-25 15:40:00+00:00,INFN,6.770299911499023,6.770299911499023,6.770299911499023,6.770299911499023,6.770299911499023,559.0
2024-10-25 15:40:00+00:00,INOD,20.15999984741211,20.15999984741211,20.18000030517578,20.149999618530273,20.18000030517578,947.0
2024-10-25 15:40:00+00:00,INTA,50.189998626708984,50.189998626708984,50.189998626708984,50.17499923706055,50.17499923706055,906.0
2024-10-25 15:40:00+00:00,INTC,22.854000091552734,22.854000091552734,22.860000610351562,22.825000762939453,22.834999084472656,115255.0
2024-10-25 15:40:00+00:00,INTU,608.5599975585938,608.5599975585938,608.5599975585938,608.3599853515625,608.5599975585938,1864.0
2024-10-25 15:40:00+00:00,IPGP,76.97000122070312,76.97000122070312,76.97000122070312,76.8550033569336,76.88999938964844,2250.0
2024-10-25 15:40:00+00:00,ITRI,102.7699966430664,102.7699966430664,102.7699966430664,102.7300033569336,102.7300033569336,1163.0
2024-10-25 15:40:00+00:00,JAMF,16.7549991607666,16.7549991607666,16.7549991607666,16.75,16.7549991607666,947.0
2024-10-25 15:40:00+00:00,JFU,1.6799999475479126,1.6799999475479126,1.6799999475479126,1.6799999475479126,1.6799999475479126,401.0
2024-10-25 15:40:00+00:00,JKHY,182.80499267578125,182.80499267578125,182.80499267578125,182.77999877929688,182.7899932861328,1159.0
2024-10-25 15:40:00+00:00,KLAC,677.1099853515625,677.1099853515625,677.27001953125,677.0549926757812,677.239990234375,2054.0
2024-10-25 15:40:00+00:00,KLIC,44.779998779296875,44.779998779296875,44.779998779296875,44.76499938964844,44.76499938964844,1572.0
2024-10-25 15:40:00+00:00,KOPN,0.7822999954223633,0.7822999954223633,0.7822999954223633,0.7821999788284302,0.7821999788284302,13032.0
2024-10-25 15:40:00+00:00,LASR,10.390000343322754,10.390000343322754,10.390000343322754,10.390000343322754,10.390000343322754,2502.0
2024-10-25 15:40:00+00:00,LFUS,253.47999572753906,253.47999572753906,253.8000030517578,253.47999572753906,253.8000030517578,3782.0
2024-10-25 15:40:00+00:00,LINK,5.199900150299072,5.199900150299072,5.199999809265137,5.130000114440918,5.130000114440918,2341.0
2024-10-25 15:40:00+00:00,LITE,64.40499877929688,64.40499877929688,64.40499877929688,64.4000015258789,64.40499877929688,1762.0
2024-10-25 15:40:00+00:00,LOGI,80.73200225830078,80.73200225830078,80.73200225830078,80.71499633789062,80.72000122070312,857.0
2024-10-25 15:40:00+00:00,LPSN,1.1655000448226929,1.1655000448226929,1.1655000448226929,1.1655000448226929,1.1655000448226929,176.0
2024-10-25 15:40:00+00:00,LRCX,78.19499969482422,78.19499969482422,78.20999908447266,78.12000274658203,78.16999816894531,19902.0
2024-10-25 15:40:00+00:00,LSCC,54.2599983215332,54.2599983215332,54.2599983215332,54.189998626708984,54.21500015258789,6890.0
2024-10-25 15:40:00+00:00,LTRX,4.070000171661377,4.070000171661377,4.090000152587891,4.070000171661377,4.090000152587891,4169.0
2024-10-25 15:40:00+00:00,LYFT,13.4350004196167,13.4350004196167,13.454999923706055,13.425000190734863,13.454999923706055,88662.0
2024-10-25 15:40:00+00:00,MANH,275.9599914550781,275.9599914550781,275.9599914550781,275.82501220703125,275.82501220703125,2113.0
2024-10-25 15:40:00+00:00,MCHP,76.76499938964844,76.76499938964844,76.7655029296875,76.7300033569336,76.73500061035156,6701.0
2024-10-25 15:40:00+00:00,MDB,267.9150085449219,267.9150085449219,267.9150085449219,267.7760009765625,267.8924865722656,1853.0
2024-10-25 15:40:00+00:00,MIND,3.550100088119507,3.550100088119507,3.550100088119507,3.549999952316284,3.549999952316284,1605.0
2024-10-25 15:40:00+00:00,MKSI,101.4000015258789,101.4000015258789,101.4000015258789,101.39250183105469,101.3949966430664,935.0
2024-10-25 15:40:00+00:00,MPWR,910.0,910.0,910.0,909.5,909.5,1081.0
2024-10-25 15:40:00+00:00,MQ,5.304999828338623,5.304999828338623,5.304999828338623,5.300000190734863,5.300000190734863,4900.0
2024-10-25 15:40:00+00:00,MRAM,6.349999904632568,6.349999904632568,6.349999904632568,6.349999904632568,6.349999904632568,115.0
2024-10-25 15:40:00+00:00,MRVL,82.08000183105469,82.08000183105469,82.08999633789062,82.04000091552734,82.07499694824219,12011.0
2024-10-25 15:40:00+00:00,MSFT,428.1499938964844,428.1499938964844,428.17999267578125,427.9200134277344,428.1300048828125,23147.0
2024-10-25 15:40:00+00:00,MSTR,235.4344940185547,235.4344940185547,235.4499969482422,234.74009704589844,234.8800048828125,28409.0
2024-10-25 15:40:00+00:00,MTLS,5.914999961853027,5.914999961853027,5.914999961853027,5.914999961853027,5.914999961853027,177.0
2024-10-25 15:40:00+00:00,MTSI,121.13749694824219,121.13749694824219,121.13999938964844,121.13749694824219,121.13999938964844,874.0
2024-10-25 15:40:00+00:00,MTTR,4.574999809265137,4.574999809265137,4.574999809265137,4.570000171661377,4.574999809265137,70011.0
2024-10-25 15:40:00+00:00,MU,108.27999877929688,108.27999877929688,108.30000305175781,108.18099975585938,108.23999786376953,19646.0
2024-10-25 15:40:00+00:00,MVIS,1.072100043296814,1.072100043296814,1.0750000476837158,1.0712000131607056,1.0712000131607056,3229.0
2024-10-25 15:40:00+00:00,MXL,14.729999542236328,14.729999542236328,14.729999542236328,14.729999542236328,14.729999542236328,2092.0
2024-10-25 15:40:00+00:00,NCNO,37.93000030517578,37.93000030517578,37.93000030517578,37.915000915527344,37.915000915527344,3989.0
2024-10-25 15:40:00+00:00,NICE,174.47000122070312,174.47000122070312,174.55999755859375,174.44000244140625,174.44000244140625,1113.0
2024-10-25 15:40:00+00:00,NNDM,2.3239998817443848,2.3239998817443848,2.3239998817443848,2.3239998817443848,2.3239998817443848,457.0
2024-10-25 15:40:00+00:00,NOVT,173.05999755859375,173.05999755859375,173.05999755859375,173.05999755859375,173.05999755859375,271.0
2024-10-25 15:40:00+00:00,NTAP,119.80000305175781,119.80000305175781,119.80000305175781,119.75,119.76000213623047,2127.0
2024-10-25 15:40:00+00:00,NTCT,20.69099998474121,20.69099998474121,20.69499969482422,20.690000534057617,20.690000534057617,759.0
2024-10-25 15:40:00+00:00,NTNX,61.66999816894531,61.66999816894531,61.720001220703125,61.66999816894531,61.720001220703125,1849.0
2024-10-25 15:40:00+00:00,NVDA,142.08999633789062,142.08999633789062,142.139892578125,142.0,142.0800018310547,364002.0
2024-10-25 15:40:00+00:00,NVEI,33.494998931884766,33.494998931884766,33.494998931884766,33.4900016784668,33.494998931884766,1140.0
2024-10-25 15:40:00+00:00,NVTS,2.559999942779541,2.559999942779541,2.559999942779541,2.555000066757202,2.559999942779541,1201.0
2024-10-25 15:40:00+00:00,NXPI,243.6199951171875,243.6199951171875,243.6199951171875,243.58160400390625,243.58160400390625,1792.0
2024-10-25 15:40:00+00:00,OKTA,72.37999725341797,72.37999725341797,72.37999725341797,72.36000061035156,72.36000061035156,3003.0
2024-10-25 15:40:00+00:00,ON,71.4000015258789,71.4000015258789,71.41000366210938,71.33499908447266,71.37999725341797,34824.0
2024-10-25 15:40:00+00:00,PANW,366.3500061035156,366.3500061035156,366.44000244140625,366.2900085449219,366.3924865722656,2203.0
2024-10-25 15:40:00+00:00,PAYO,8.349800109863281,8.349800109863281,8.350000381469727,8.345000267028809,8.350000381469727,6007.0
2024-10-25 15:40:00+00:00,PCTY,173.64500427246094,173.64500427246094,173.6649932861328,173.64500427246094,173.6649932861328,638.0
2024-10-25 15:40:00+00:00,PDFS,29.21500015258789,29.21500015258789,29.21500015258789,29.21500015258789,29.21500015258789,273.0
2024-10-25 15:40:00+00:00,PEGA,79.9260025024414,79.9260025024414,79.9260025024414,79.86000061035156,79.88999938964844,4011.0
2024-10-25 15:40:00+00:00,PGY,11.979999542236328,11.979999542236328,11.989999771118164,11.979999542236328,11.989999771118164,8539.0
2024-10-25 15:40:00+00:00,PHUN,10.610899925231934,10.610899925231934,10.649999618530273,10.59000015258789,10.645000457763672,30879.0
2024-10-25 15:40:00+00:00,PI,202.05499267578125,202.05499267578125,202.13999938964844,202.03500366210938,202.03500366210938,1783.0
2024-10-25 15:40:00+00:00,PLXS,141.5,141.5,141.63499450683594,141.5,141.63499450683594,983.0
2024-10-25 15:40:00+00:00,POET,3.859999895095825,3.859999895095825,3.859999895095825,3.859999895095825,3.859999895095825,592.0
2024-10-25 15:40:00+00:00,POWI,63.310001373291016,63.310001373291016,63.310001373291016,63.29999923706055,63.29999923706055,1139.0
2024-10-25 15:40:00+00:00,PRGS,64.66000366210938,64.66000366210938,64.66000366210938,64.66000366210938,64.66000366210938,299.0
2024-10-25 15:40:00+00:00,PTC,187.2899932861328,187.2899932861328,187.2899932861328,187.19000244140625,187.19000244140625,4202.0
2024-10-25 15:40:00+00:00,PUBM,14.75,14.75,14.75,14.75,14.75,468.0
2024-10-25 15:40:00+00:00,PYCR,14.350000381469727,14.350000381469727,14.354999542236328,14.350000381469727,14.354999542236328,3024.0
2024-10-25 15:40:00+00:00,QCOM,171.10000610351562,171.10000610351562,171.10000610351562,170.92999267578125,170.99000549316406,11952.0
2024-10-25 15:40:00+00:00,QLYS,120.88500213623047,120.88500213623047,120.88500213623047,120.88500213623047,120.88500213623047,316.0
2024-10-25 15:40:00+00:00,QRVO,99.79000091552734,99.79000091552734,99.80999755859375,99.73999786376953,99.7699966430664,3160.0
2024-10-25 15:40:00+00:00,QUBT,1.0729999542236328,1.0729999542236328,1.0729999542236328,1.0729999542236328,1.0729999542236328,1532.0
2024-10-25 15:40:00+00:00,REKR,1.0800000429153442,1.0800000429153442,1.0800000429153442,1.0800000429153442,1.0800000429153442,300.0
2024-10-25 15:40:00+00:00,RELY,14.904999732971191,14.904999732971191,14.90999984741211,14.895000457763672,14.895000457763672,3142.0
2024-10-25 15:40:00+00:00,RGTI,1.2000000476837158,1.2000000476837158,1.2100000381469727,1.2000000476837158,1.2039999961853027,5020.0
2024-10-25 15:40:00+00:00,RGTIW,0.164900004863739,0.164900004863739,0.164900004863739,0.164900004863739,0.164900004863739,9600.0
2024-10-25 15:40:00+00:00,RIOT,9.720000267028809,9.720000267028809,9.729999542236328,9.720000267028809,9.720000267028809,25621.0
2024-10-25 15:40:00+00:00,RMBS,43.47999954223633,43.47999954223633,43.47999954223633,43.420101165771484,43.439998626708984,9307.0
2024-10-25 15:40:00+00:00,RMNI,1.7300000190734863,1.7300000190734863,1.7300000190734863,1.7200000286102295,1.7208000421524048,3165.0
2024-10-25 15:40:00+00:00,RPAY,7.724999904632568,7.724999904632568,7.724999904632568,7.710000038146973,7.710000038146973,12713.0
2024-10-25 15:40:00+00:00,RPD,39.119998931884766,39.119998931884766,39.119998931884766,39.11000061035156,39.11000061035156,1201.0
2024-10-25 15:40:00+00:00,RUM,5.679999828338623,5.679999828338623,5.679999828338623,5.670199871063232,5.679999828338623,2505.0
2024-10-25 15:40:00+00:00,RUN,14.40999984741211,14.40999984741211,14.414999961853027,14.395000457763672,14.414999961853027,11413.0
2024-10-25 15:40:00+00:00,SANM,67.58000183105469,67.58000183105469,67.62000274658203,67.56500244140625,67.62000274658203,1962.0
2024-10-25 15:40:00+00:00,SCSC,45.029998779296875,45.029998779296875,45.029998779296875,45.029998779296875,45.029998779296875,775.0
2024-10-25 15:40:00+00:00,SEDG,16.120100021362305,16.120100021362305,16.139999389648438,16.100000381469727,16.110000610351562,13849.0
2024-10-25 15:40:00+00:00,SHLS,5.19350004196167,5.19350004196167,5.195000171661377,5.190000057220459,5.190000057220459,2674.0
2024-10-25 15:40:00+00:00,SIMO,56.150001525878906,56.150001525878906,56.16999816894531,56.150001525878906,56.16999816894531,1010.0
2024-10-25 15:40:00+00:00,SKYT,10.399999618530273,10.399999618530273,10.449999809265137,10.399999618530273,10.449999809265137,5239.0
2024-10-25 15:40:00+00:00,SMCI,47.4900016784668,47.4900016784668,47.5,47.41999816894531,47.439998626708984,41174.0
2024-10-25 15:40:00+00:00,SMSI,0.8087000250816345,0.8087000250816345,0.8087000250816345,0.7904999852180481,0.7904999852180481,1182.0
2024-10-25 15:40:00+00:00,SMTC,45.755001068115234,45.755001068115234,45.7599983215332,45.709999084472656,45.72999954223633,2208.0
2024-10-25 15:40:00+00:00,SNPS,501.30999755859375,501.30999755859375,501.7099914550781,501.30999755859375,501.7099914550781,2186.0
2024-10-25 15:40:00+00:00,SONO,12.649999618530273,12.649999618530273,12.649999618530273,12.640000343322754,12.640000343322754,3749.0
2024-10-25 15:40:00+00:00,SOUN,5.190000057220459,5.190000057220459,5.190000057220459,5.184000015258789,5.184000015258789,2971.0
2024-10-25 15:40:00+00:00,SPSC,169.36000061035156,169.36000061035156,169.36000061035156,169.33999633789062,169.33999633789062,673.0
2024-10-25 15:40:00+00:00,SPT,26.940000534057617,26.940000534057617,26.950000762939453,26.930999755859375,26.940000534057617,1818.0
2024-10-25 15:40:00+00:00,SRAD,12.300000190734863,12.300000190734863,12.300000190734863,12.300000190734863,12.300000190734863,1356.0
2024-10-25 15:40:00+00:00,SSNC,70.31999969482422,70.31999969482422,70.33999633789062,70.31999969482422,70.33000183105469,21417.0
2024-10-25 15:40:00+00:00,STNE,11.489999771118164,11.489999771118164,11.5,11.484999656677246,11.484999656677246,109275.0
2024-10-25 15:40:00+00:00,STX,103.30000305175781,103.30000305175781,103.3949966430664,103.30000305175781,103.38999938964844,6088.0
2024-10-25 15:40:00+00:00,SVRE,0.07880000025033951,0.07880000025033951,0.07880000025033951,0.07850000262260437,0.07850000262260437,17822.0
2024-10-25 15:40:00+00:00,SWKS,95.91000366210938,95.91000366210938,95.91000366210938,95.80999755859375,95.82499694824219,4740.0
2024-10-25 15:40:00+00:00,SYNA,72.29000091552734,72.29000091552734,72.36000061035156,72.29000091552734,72.29000091552734,2118.0
2024-10-25 15:40:00+00:00,TAOP,0.4699999988079071,0.4699999988079071,0.4699999988079071,0.4699999988079071,0.4699999988079071,847.0
2024-10-25 15:40:00+00:00,TEAM,188.73500061035156,188.73500061035156,188.75999450683594,188.72999572753906,188.75999450683594,1742.0
2024-10-25 15:40:00+00:00,TENB,41.75,41.75,41.76499938964844,41.75,41.7599983215332,3081.0
2024-10-25 15:40:00+00:00,TER,112.40299987792969,112.40299987792969,112.43000030517578,112.37000274658203,112.43000030517578,9425.0
2024-10-25 15:40:00+00:00,TLS,3.575000047683716,3.575000047683716,3.575000047683716,3.575000047683716,3.575000047683716,127.0
2024-10-25 15:40:00+00:00,TRMB,60.92499923706055,60.92499923706055,60.959999084472656,60.92499923706055,60.959999084472656,2778.0
2024-10-25 15:40:00+00:00,TSEM,44.790000915527344,44.790000915527344,44.790000915527344,44.790000915527344,44.790000915527344,124.0
2024-10-25 15:40:00+00:00,TTD,119.30000305175781,119.30000305175781,119.30000305175781,119.23999786376953,119.25,5170.0
2024-10-25 15:40:00+00:00,TTEC,5.34499979019165,5.34499979019165,5.349800109863281,5.34499979019165,5.349800109863281,1150.0
2024-10-25 15:40:00+00:00,TTMI,19.639999389648438,19.639999389648438,19.700000762939453,19.637500762939453,19.700000762939453,5351.0
2024-10-25 15:40:00+00:00,TWKS,4.445000171661377,4.445000171661377,4.445000171661377,4.440000057220459,4.445000171661377,1979.0
2024-10-25 15:40:00+00:00,TXN,207.56640625,207.56640625,207.5800018310547,207.3699951171875,207.41000366210938,13357.0
2024-10-25 15:40:00+00:00,UCTT,35.810001373291016,35.810001373291016,35.810001373291016,35.75,35.75,3742.0
2024-10-25 15:40:00+00:00,VECO,29.399999618530273,29.399999618530273,29.399999618530273,29.3799991607666,29.389999389648438,4736.0
2024-10-25 15:40:00+00:00,VERI,3.430000066757202,3.430000066757202,3.434999942779541,3.4100000858306885,3.434999942779541,4447.0
2024-10-25 15:40:00+00:00,VERX,42.060001373291016,42.060001373291016,42.060001373291016,42.060001373291016,42.060001373291016,395.0
2024-10-25 15:40:00+00:00,VIAV,9.1850004196167,9.1850004196167,9.1899995803833,9.180000305175781,9.1899995803833,4657.0
2024-10-25 15:40:00+00:00,VMEO,4.755000114440918,4.755000114440918,4.755000114440918,4.755000114440918,4.755000114440918,2076.0
2024-10-25 15:40:00+00:00,VNET,3.375,3.375,3.375,3.375,3.375,230.0
2024-10-25 15:40:00+00:00,VRNS,56.86000061035156,56.86000061035156,56.86000061035156,56.84000015258789,56.84000015258789,3315.0
2024-10-25 15:40:00+00:00,VRNT,21.829999923706055,21.829999923706055,21.829999923706055,21.829999923706055,21.829999923706055,1022.0
2024-10-25 15:40:00+00:00,VSAT,10.199999809265137,10.199999809265137,10.210000038146973,10.199999809265137,10.199999809265137,3559.0
2024-10-25 15:40:00+00:00,WDAY,238.35000610351562,238.35000610351562,238.43899536132812,238.33999633789062,238.43899536132812,3786.0
2024-10-25 15:40:00+00:00,WDC,69.94999694824219,69.94999694824219,70.08999633789062,69.93000030517578,70.08999633789062,54784.0
2024-10-25 15:40:00+00:00,WIX,164.63499450683594,164.63499450683594,164.64999389648438,164.49000549316406,164.64999389648438,2721.0
2024-10-25 15:40:00+00:00,XPER,9.399999618530273,9.399999618530273,9.399999618530273,9.395000457763672,9.395000457763672,794.0
2024-10-25 15:40:00+00:00,XRX,9.994999885559082,9.994999885559082,10.0,9.989999771118164,10.0,6127.0
2024-10-25 15:40:00+00:00,ZBRA,361.135009765625,361.135009765625,361.135009765625,361.1099853515625,361.1099853515625,1633.0
2024-10-25 15:40:00+00:00,ZI,10.5,10.5,10.5,10.489999771118164,10.489999771118164,13633.0
2024-10-25 15:40:00+00:00,ZM,72.97000122070312,72.97000122070312,72.97200012207031,72.94000244140625,72.97200012207031,18622.0
2024-10-25 15:40:00+00:00,ZS,184.75999450683594,184.75999450683594,184.75999450683594,184.6699981689453,184.6699981689453,1608.0
2024-10-25 15:41:00+00:00,AAOI,17.514999389648438,17.514999389648438,17.514999389648438,17.510000228881836,17.510000228881836,3962.0
2024-10-25 15:41:00+00:00,AAPL,231.29010009765625,231.29010009765625,231.38999938964844,231.25,231.31500244140625,57584.0
2024-10-25 15:41:00+00:00,ACIW,48.88999938964844,48.88999938964844,48.88999938964844,48.83000183105469,48.849998474121094,3353.0
2024-10-25 15:41:00+00:00,ACLS,90.05999755859375,90.05999755859375,90.05999755859375,90.05999755859375,90.05999755859375,431.0
2024-10-25 15:41:00+00:00,ACMR,19.6299991607666,19.6299991607666,19.66900062561035,19.6299991607666,19.635000228881836,5289.0
2024-10-25 15:41:00+00:00,ADBE,483.1300048828125,483.1300048828125,483.3046875,483.04998779296875,483.19000244140625,4744.0
2024-10-25 15:41:00+00:00,ADI,230.97000122070312,230.97000122070312,231.12750244140625,230.97000122070312,231.11000061035156,2891.0
2024-10-25 15:41:00+00:00,ADSK,286.70001220703125,286.70001220703125,286.8299865722656,286.70001220703125,286.7699890136719,1993.0
2024-10-25 15:41:00+00:00,AEHR,17.0,17.0,17.030000686645508,17.0,17.024999618530273,10676.0
2024-10-25 15:41:00+00:00,AEYE,22.540000915527344,22.540000915527344,22.540000915527344,22.540000915527344,22.540000915527344,275.0
2024-10-25 15:41:00+00:00,AFRM,41.060001373291016,41.060001373291016,41.09000015258789,41.060001373291016,41.09000015258789,9243.0
2024-10-25 15:41:00+00:00,AGYS,110.20999908447266,110.20999908447266,110.20999908447266,110.20999908447266,110.20999908447266,976.0
2024-10-25 15:41:00+00:00,AKAM,101.80999755859375,101.80999755859375,101.83000183105469,101.80999755859375,101.83000183105469,2643.0
2024-10-25 15:41:00+00:00,ALGM,23.18000030517578,23.18000030517578,23.19499969482422,23.174999237060547,23.184999465942383,33356.0
2024-10-25 15:41:00+00:00,ALKT,38.27000045776367,38.27000045776367,38.27000045776367,38.27000045776367,38.27000045776367,204.0
2024-10-25 15:41:00+00:00,ALRM,54.4900016784668,54.4900016784668,54.52000045776367,54.4900016784668,54.52000045776367,2196.0
2024-10-25 15:41:00+00:00,ALTR,103.8499984741211,103.8499984741211,103.8499984741211,103.83999633789062,103.8499984741211,1601.0
2024-10-25 15:41:00+00:00,AMAT,187.27999877929688,187.27999877929688,187.4499969482422,187.27999877929688,187.4499969482422,5978.0
2024-10-25 15:41:00+00:00,AMBA,57.84000015258789,57.84000015258789,57.86000061035156,57.84000015258789,57.86000061035156,1180.0
2024-10-25 15:41:00+00:00,AMD,156.55999755859375,156.55999755859375,156.63999938964844,156.5500030517578,156.63999938964844,24579.0
2024-10-25 15:41:00+00:00,AMKR,30.065000534057617,30.065000534057617,30.090099334716797,30.059999465942383,30.090099334716797,6680.0
2024-10-25 15:41:00+00:00,AMPL,9.128999710083008,9.128999710083008,9.128999710083008,9.104999542236328,9.104999542236328,2235.0
2024-10-25 15:41:00+00:00,ANSS,324.0199890136719,324.0199890136719,324.2829895019531,324.0199890136719,324.07000732421875,1490.0
2024-10-25 15:41:00+00:00,APCX,0.7398999929428101,0.7398999929428101,0.7398999929428101,0.7398999929428101,0.7398999929428101,215.0
2024-10-25 15:41:00+00:00,API,2.859999895095825,2.859999895095825,2.859999895095825,2.859999895095825,2.859999895095825,500.0
2024-10-25 15:41:00+00:00,APP,161.7899932861328,161.7899932861328,161.85000610351562,161.7899932861328,161.85000610351562,4156.0
2024-10-25 15:41:00+00:00,APPF,212.72000122070312,212.72000122070312,212.94000244140625,212.58999633789062,212.94000244140625,2569.0
2024-10-25 15:41:00+00:00,APPN,32.32500076293945,32.32500076293945,32.34000015258789,32.32500076293945,32.34000015258789,3405.0
2024-10-25 15:41:00+00:00,ARRY,6.5,6.5,6.510000228881836,6.5,6.5,20122.0
2024-10-25 15:41:00+00:00,ASML,714.010009765625,714.010009765625,714.22998046875,714.010009765625,714.22998046875,1364.0
2024-10-25 15:41:00+00:00,ASUR,9.710000038146973,9.710000038146973,9.710000038146973,9.710000038146973,9.710000038146973,328.0
2024-10-25 15:41:00+00:00,ATOM,3.3598999977111816,3.3598999977111816,3.3598999977111816,3.3499999046325684,3.3499999046325684,768.0
2024-10-25 15:41:00+00:00,AUDC,9.069999694824219,9.069999694824219,9.069999694824219,9.059000015258789,9.059000015258789,728.0
2024-10-25 15:41:00+00:00,AUR,6.394999980926514,6.394999980926514,6.399499893188477,6.389999866485596,6.394999980926514,14828.0
2024-10-25 15:41:00+00:00,AVDX,8.09000015258789,8.09000015258789,8.09000015258789,8.09000015258789,8.09000015258789,1014.0
2024-10-25 15:41:00+00:00,AVGO,173.72999572753906,173.72999572753906,173.8800048828125,173.72999572753906,173.8699951171875,23602.0
2024-10-25 15:41:00+00:00,AXTI,2.6549999713897705,2.6549999713897705,2.6649999618530273,2.6500000953674316,2.6649999618530273,3612.0
2024-10-25 15:41:00+00:00,BAND,17.924999237060547,17.924999237060547,17.924999237060547,17.924999237060547,17.924999237060547,341.0
2024-10-25 15:41:00+00:00,BASE,16.28499984741211,16.28499984741211,16.28499984741211,16.28499984741211,16.28499984741211,337.0
2024-10-25 15:41:00+00:00,BCOV,2.279900074005127,2.279900074005127,2.279900074005127,2.279900074005127,2.279900074005127,310.0
2024-10-25 15:41:00+00:00,BEEM,4.780099868774414,4.780099868774414,4.780099868774414,4.780099868774414,4.780099868774414,1357.0
2024-10-25 15:41:00+00:00,BIGC,5.264999866485596,5.264999866485596,5.264999866485596,5.264999866485596,5.264999866485596,2853.0
2024-10-25 15:41:00+00:00,BLZE,7.159999847412109,7.159999847412109,7.159999847412109,7.159999847412109,7.159999847412109,220.0
2024-10-25 15:41:00+00:00,BMBL,7.144999980926514,7.144999980926514,7.144999980926514,7.139999866485596,7.139999866485596,2279.0
2024-10-25 15:41:00+00:00,BOSC,2.950000047683716,2.950000047683716,2.950000047683716,2.950000047683716,2.950000047683716,703.0
2024-10-25 15:41:00+00:00,BRZE,30.719999313354492,30.719999313354492,30.725000381469727,30.719999313354492,30.719999313354492,1672.0
2024-10-25 15:41:00+00:00,BSY,49.06999969482422,49.06999969482422,49.06999969482422,49.06999969482422,49.06999969482422,1331.0
2024-10-25 15:41:00+00:00,CAN,0.9753999710083008,0.9753999710083008,0.9753999710083008,0.9750000238418579,0.9753000140190125,10641.0
2024-10-25 15:41:00+00:00,CDNS,257.19000244140625,257.19000244140625,257.3699951171875,257.1300048828125,257.3699951171875,5372.0
2024-10-25 15:41:00+00:00,CDW,217.80499267578125,217.80499267578125,217.80499267578125,217.80499267578125,217.80499267578125,1096.0
2024-10-25 15:41:00+00:00,CFLT,22.43000030517578,22.43000030517578,22.434999465942383,22.420400619506836,22.43000030517578,4365.0
2024-10-25 15:41:00+00:00,CGNX,38.900001525878906,38.900001525878906,38.900001525878906,38.89500045776367,38.89500045776367,2027.0
2024-10-25 15:41:00+00:00,CHKP,206.3800048828125,206.3800048828125,206.49000549316406,206.3800048828125,206.49000549316406,538.0
2024-10-25 15:41:00+00:00,CLBT,18.15999984741211,18.15999984741211,18.190000534057617,18.15999984741211,18.190000534057617,3284.0
2024-10-25 15:41:00+00:00,CLFD,36.2599983215332,36.2599983215332,36.2599983215332,36.2599983215332,36.2599983215332,555.0
2024-10-25 15:41:00+00:00,CLSK,11.568499565124512,11.568499565124512,11.579999923706055,11.555000305175781,11.5600004196167,45768.0
2024-10-25 15:41:00+00:00,CNDT,3.5899999141693115,3.5899999141693115,3.5950000286102295,3.5899999141693115,3.5950000286102295,5007.0
2024-10-25 15:41:00+00:00,CNXN,70.08000183105469,70.08000183105469,70.08999633789062,70.08000183105469,70.08999633789062,423.0
2024-10-25 15:41:00+00:00,COHR,95.83000183105469,95.83000183105469,95.83000183105469,95.79000091552734,95.79000091552734,3248.0
2024-10-25 15:41:00+00:00,COHU,25.969999313354492,25.969999313354492,25.975000381469727,25.969999313354492,25.975000381469727,1137.0
2024-10-25 15:41:00+00:00,COIN,205.2012939453125,205.2012939453125,205.25,205.11000061035156,205.17869567871094,25262.0
2024-10-25 15:41:00+00:00,COMM,6.215000152587891,6.215000152587891,6.215000152587891,6.214000225067139,6.214000225067139,3220.0
2024-10-25 15:41:00+00:00,CORZ,13.345000267028809,13.345000267028809,13.354999542236328,13.329999923706055,13.345000267028809,20216.0
2024-10-25 15:41:00+00:00,CORZW,7.820000171661377,7.820000171661377,7.820000171661377,7.800000190734863,7.800000190734863,5055.0
2024-10-25 15:41:00+00:00,CPTN,3.1449999809265137,3.1449999809265137,3.1449999809265137,3.1449999809265137,3.1449999809265137,200.0
2024-10-25 15:41:00+00:00,CRCT,6.554999828338623,6.554999828338623,6.554999828338623,6.554999828338623,6.554999828338623,102.0
2024-10-25 15:41:00+00:00,CRDO,39.20000076293945,39.20000076293945,39.220001220703125,39.189998626708984,39.220001220703125,3042.0
2024-10-25 15:41:00+00:00,CRNC,2.924999952316284,2.924999952316284,2.924999952316284,2.924999952316284,2.924999952316284,584.0
2024-10-25 15:41:00+00:00,CRNT,2.484999895095825,2.484999895095825,2.484999895095825,2.484999895095825,2.484999895095825,202.0
2024-10-25 15:41:00+00:00,CRSR,6.329999923706055,6.329999923706055,6.329999923706055,6.329999923706055,6.329999923706055,262.0
2024-10-25 15:41:00+00:00,CRUS,122.37999725341797,122.37999725341797,122.43499755859375,122.37999725341797,122.43499755859375,605.0
2024-10-25 15:41:00+00:00,CRWD,299.40008544921875,299.40008544921875,299.7181091308594,299.40008544921875,299.7181091308594,8068.0
2024-10-25 15:41:00+00:00,CSCO,55.775001525878906,55.775001525878906,55.790000915527344,55.775001525878906,55.77980041503906,41293.0
2024-10-25 15:41:00+00:00,CSGS,47.31999969482422,47.31999969482422,47.31999969482422,47.31999969482422,47.31999969482422,598.0
2024-10-25 15:41:00+00:00,CSIQ,13.425000190734863,13.425000190734863,13.434900283813477,13.420000076293945,13.420000076293945,4852.0
2024-10-25 15:41:00+00:00,CTSH,74.79000091552734,74.79000091552734,74.83000183105469,74.79000091552734,74.80000305175781,5022.0
2024-10-25 15:41:00+00:00,CVLT,134.66000366210938,134.66000366210938,134.67999267578125,134.5500030517578,134.5500030517578,4470.0
2024-10-25 15:41:00+00:00,CYBR,290.4446105957031,290.4446105957031,290.4446105957031,290.4446105957031,290.4446105957031,281.0
2024-10-25 15:41:00+00:00,DAIO,2.5799999237060547,2.5799999237060547,2.5799999237060547,2.5799999237060547,2.5799999237060547,504.0
2024-10-25 15:41:00+00:00,DBX,26.065000534057617,26.065000534057617,26.06999969482422,26.059999465942383,26.059999465942383,11138.0
2024-10-25 15:41:00+00:00,DDOG,126.65499877929688,126.65499877929688,126.73500061035156,126.62999725341797,126.72000122070312,10674.0
2024-10-25 15:41:00+00:00,DIOD,64.9800033569336,64.9800033569336,64.9800033569336,64.9800033569336,64.9800033569336,185.0
2024-10-25 15:41:00+00:00,DLO,8.8149995803833,8.8149995803833,8.8149995803833,8.8149995803833,8.8149995803833,851.0
2024-10-25 15:41:00+00:00,DOCU,68.73999786376953,68.73999786376953,68.79000091552734,68.7300033569336,68.79000091552734,10032.0
2024-10-25 15:41:00+00:00,DOMO,8.09000015258789,8.09000015258789,8.09000015258789,8.09000015258789,8.09000015258789,667.0
2024-10-25 15:41:00+00:00,DTSS,2.4700000286102295,2.4700000286102295,2.4700000286102295,2.4700000286102295,2.4700000286102295,315.0
2024-10-25 15:41:00+00:00,DUOL,291.989990234375,291.989990234375,291.989990234375,291.989990234375,291.989990234375,1785.0
2024-10-25 15:41:00+00:00,EEFT,100.62000274658203,100.62000274658203,100.62000274658203,100.62000274658203,100.62000274658203,768.0
2024-10-25 15:41:00+00:00,ENPH,83.93250274658203,83.93250274658203,83.9800033569336,83.91000366210938,83.966796875,5414.0
2024-10-25 15:41:00+00:00,ENTG,105.41999816894531,105.41999816894531,105.49500274658203,105.38999938964844,105.48999786376953,3124.0
2024-10-25 15:41:00+00:00,ERIC,8.460000038146973,8.460000038146973,8.46500015258789,8.460000038146973,8.46500015258789,11800.0
2024-10-25 15:41:00+00:00,EXFY,1.715000033378601,1.715000033378601,1.715000033378601,1.715000033378601,1.715000033378601,1175.0
2024-10-25 15:41:00+00:00,EXLS,38.54999923706055,38.54999923706055,38.560001373291016,38.54999923706055,38.560001373291016,3513.0
2024-10-25 15:41:00+00:00,EXTR,14.345000267028809,14.345000267028809,14.345000267028809,14.345000267028809,14.345000267028809,416.0
2024-10-25 15:41:00+00:00,FFIV,216.9499969482422,216.9499969482422,216.9499969482422,216.94000244140625,216.94000244140625,2067.0
2024-10-25 15:41:00+00:00,FIVN,29.790000915527344,29.790000915527344,29.81999969482422,29.790000915527344,29.81999969482422,2672.0
2024-10-25 15:41:00+00:00,FLEX,35.16999816894531,35.16999816894531,35.18000030517578,35.16999816894531,35.18000030517578,6797.0
2024-10-25 15:41:00+00:00,FLYW,17.364999771118164,17.364999771118164,17.364999771118164,17.364999771118164,17.364999771118164,184.0
2024-10-25 15:41:00+00:00,FORM,44.79999923706055,44.79999923706055,44.81999969482422,44.79999923706055,44.81999969482422,756.0
2024-10-25 15:41:00+00:00,FRSH,11.604999542236328,11.604999542236328,11.604999542236328,11.600000381469727,11.600000381469727,2144.0
2024-10-25 15:41:00+00:00,FSLR,198.2899932861328,198.2899932861328,198.4499969482422,198.2899932861328,198.3699951171875,3008.0
2024-10-25 15:41:00+00:00,FTCI,0.6550999879837036,0.6550999879837036,0.6550999879837036,0.6550999879837036,0.6550999879837036,903.0
2024-10-25 15:41:00+00:00,FTNT,80.7300033569336,80.7300033569336,80.75,80.63999938964844,80.63999938964844,29298.0
2024-10-25 15:41:00+00:00,GCT,24.5,24.5,24.530000686645508,24.5,24.530000686645508,1784.0
2024-10-25 15:41:00+00:00,GDS,21.329999923706055,21.329999923706055,21.329999923706055,21.299999237060547,21.309999465942383,1154.0
2024-10-25 15:41:00+00:00,GFS,40.439998626708984,40.439998626708984,40.459999084472656,40.439998626708984,40.459999084472656,1700.0
2024-10-25 15:41:00+00:00,GPRO,1.3049999475479126,1.3049999475479126,1.3049999475479126,1.2999999523162842,1.2999999523162842,286.0
2024-10-25 15:41:00+00:00,GRAB,4.085000038146973,4.085000038146973,4.085000038146973,4.0817999839782715,4.085000038146973,39549.0
2024-10-25 15:41:00+00:00,GRRRW,0.06199999898672104,0.06199999898672104,0.06199999898672104,0.06199999898672104,0.06199999898672104,21817.0
2024-10-25 15:41:00+00:00,GTLB,54.790000915527344,54.790000915527344,54.80500030517578,54.790000915527344,54.80500030517578,2006.0
2024-10-25 15:41:00+00:00,HCP,33.630001068115234,33.630001068115234,33.63999938964844,33.630001068115234,33.6349983215332,2411.0
2024-10-25 15:41:00+00:00,HLIT,14.770000457763672,14.770000457763672,14.770000457763672,14.770000457763672,14.770000457763672,710.0
2024-10-25 15:41:00+00:00,HOLO,3.5899999141693115,3.5899999141693115,3.5999999046325684,3.5799999237060547,3.5850000381469727,9247.0
2024-10-25 15:41:00+00:00,HOOD,27.05500030517578,27.05500030517578,27.055999755859375,27.049999237060547,27.050100326538086,11465.0
2024-10-25 15:41:00+00:00,HTCR,1.0700000524520874,1.0700000524520874,1.0700000524520874,1.0700000524520874,1.0700000524520874,200.0
2024-10-25 15:41:00+00:00,ICHR,27.6200008392334,27.6200008392334,27.6200008392334,27.6200008392334,27.6200008392334,655.0
2024-10-25 15:41:00+00:00,IMMR,8.670000076293945,8.670000076293945,8.670000076293945,8.65999984741211,8.65999984741211,5968.0
2024-10-25 15:41:00+00:00,IMXI,17.610000610351562,17.610000610351562,17.610000610351562,17.610000610351562,17.610000610351562,885.0
2024-10-25 15:41:00+00:00,INDI,3.4649999141693115,3.4649999141693115,3.4649999141693115,3.4649999141693115,3.4649999141693115,1637.0
2024-10-25 15:41:00+00:00,INOD,20.160999298095703,20.160999298095703,20.174999237060547,20.160999298095703,20.172000885009766,1383.0
2024-10-25 15:41:00+00:00,INSG,19.81999969482422,19.81999969482422,19.81999969482422,19.81999969482422,19.81999969482422,119.0
2024-10-25 15:41:00+00:00,INTA,50.2400016784668,50.2400016784668,50.2400016784668,50.220001220703125,50.22999954223633,1812.0
2024-10-25 15:41:00+00:00,INTC,22.860000610351562,22.860000610351562,22.864999771118164,22.84000015258789,22.85420036315918,230198.0
2024-10-25 15:41:00+00:00,INTU,608.5549926757812,608.5549926757812,608.5549926757812,608.5549926757812,608.5549926757812,1012.0
2024-10-25 15:41:00+00:00,IPGP,76.94000244140625,76.94000244140625,76.94000244140625,76.94000244140625,76.94000244140625,302.0
2024-10-25 15:41:00+00:00,ITRI,102.7750015258789,102.7750015258789,102.7750015258789,102.7300033569336,102.7300033569336,859.0
2024-10-25 15:41:00+00:00,JAMF,16.75,16.75,16.75,16.75,16.75,256.0
2024-10-25 15:41:00+00:00,JKHY,182.76499938964844,182.76499938964844,182.76499938964844,182.72000122070312,182.75999450683594,1342.0
2024-10-25 15:41:00+00:00,KC,2.6651999950408936,2.6651999950408936,2.6651999950408936,2.6600000858306885,2.6600000858306885,945.0
2024-10-25 15:41:00+00:00,KLAC,676.72998046875,676.72998046875,677.010009765625,676.72998046875,677.010009765625,3566.0
2024-10-25 15:41:00+00:00,KLIC,44.75,44.75,44.779998779296875,44.75,44.779998779296875,3976.0
2024-10-25 15:41:00+00:00,KOSS,7.210000038146973,7.210000038146973,7.210000038146973,7.210000038146973,7.210000038146973,339.0
2024-10-25 15:41:00+00:00,KVHI,4.699999809265137,4.699999809265137,4.699999809265137,4.699999809265137,4.699999809265137,799.0
2024-10-25 15:41:00+00:00,LASR,10.380000114440918,10.380000114440918,10.380000114440918,10.380000114440918,10.380000114440918,669.0
2024-10-25 15:41:00+00:00,LINK,5.182400226593018,5.182400226593018,5.230000019073486,5.175000190734863,5.175000190734863,5752.0
2024-10-25 15:41:00+00:00,LITE,64.38999938964844,64.38999938964844,64.40499877929688,64.37999725341797,64.40499877929688,2099.0
2024-10-25 15:41:00+00:00,LOGI,80.73999786376953,80.73999786376953,80.75,80.71009826660156,80.71009826660156,1115.0
2024-10-25 15:41:00+00:00,LPSN,1.1699999570846558,1.1699999570846558,1.1699999570846558,1.1694999933242798,1.1694999933242798,1155.0
2024-10-25 15:41:00+00:00,LRCX,78.125,78.125,78.19010162353516,78.125,78.19010162353516,25183.0
2024-10-25 15:41:00+00:00,LSCC,54.27000045776367,54.27000045776367,54.275001525878906,54.255001068115234,54.255001068115234,2387.0
2024-10-25 15:41:00+00:00,LYFT,13.489999771118164,13.489999771118164,13.5,13.432900428771973,13.4350004196167,52629.0
2024-10-25 15:41:00+00:00,MANH,276.0799865722656,276.0799865722656,276.0799865722656,276.0799865722656,276.0799865722656,674.0
2024-10-25 15:41:00+00:00,MCHP,76.72000122070312,76.72000122070312,76.7699966430664,76.72000122070312,76.76000213623047,9633.0
2024-10-25 15:41:00+00:00,MDB,267.80999755859375,267.80999755859375,267.93499755859375,267.79998779296875,267.818603515625,2523.0
2024-10-25 15:41:00+00:00,MGIC,11.149999618530273,11.149999618530273,11.149999618530273,11.149999618530273,11.149999618530273,554.0
2024-10-25 15:41:00+00:00,MITK,8.760000228881836,8.760000228881836,8.760000228881836,8.760000228881836,8.760000228881836,523.0
2024-10-25 15:41:00+00:00,MKSI,101.3550033569336,101.3550033569336,101.44000244140625,101.33999633789062,101.3949966430664,3770.0
2024-10-25 15:41:00+00:00,MNDO,1.9550000429153442,1.9550000429153442,1.9550000429153442,1.9550000429153442,1.9550000429153442,0.0
2024-10-25 15:41:00+00:00,MNDY,298.04998779296875,298.04998779296875,298.04998779296875,298.04998779296875,298.04998779296875,1220.0
2024-10-25 15:41:00+00:00,MPWR,908.5999755859375,908.5999755859375,909.3975830078125,908.5999755859375,909.3975830078125,912.0
2024-10-25 15:41:00+00:00,MQ,5.300000190734863,5.300000190734863,5.304999828338623,5.300000190734863,5.304999828338623,6422.0
2024-10-25 15:41:00+00:00,MRAM,6.349999904632568,6.349999904632568,6.355000019073486,6.349999904632568,6.355000019073486,569.0
2024-10-25 15:41:00+00:00,MRVL,82.02999877929688,82.02999877929688,82.08000183105469,82.02999877929688,82.06500244140625,9716.0
2024-10-25 15:41:00+00:00,MSFT,427.9856872558594,427.9856872558594,428.1499938964844,427.9599914550781,428.1400146484375,20401.0
2024-10-25 15:41:00+00:00,MSTR,235.30999755859375,235.30999755859375,235.64999389648438,235.24000549316406,235.34500122070312,41431.0
2024-10-25 15:41:00+00:00,MTLS,5.914999961853027,5.914999961853027,5.914999961853027,5.914999961853027,5.914999961853027,755.0
2024-10-25 15:41:00+00:00,MTSI,121.12999725341797,121.12999725341797,121.13999938964844,121.08999633789062,121.13999938964844,1550.0
2024-10-25 15:41:00+00:00,MTTR,4.574999809265137,4.574999809265137,4.574999809265137,4.570000171661377,4.574999809265137,8829.0
2024-10-25 15:41:00+00:00,MU,108.18000030517578,108.18000030517578,108.2699966430664,108.18000030517578,108.2699966430664,17244.0
2024-10-25 15:41:00+00:00,MVIS,1.0786999464035034,1.0786999464035034,1.0786999464035034,1.0786999464035034,1.0786999464035034,290.0
2024-10-25 15:41:00+00:00,MXL,14.71500015258789,14.71500015258789,14.729999542236328,14.71500015258789,14.729999542236328,2478.0
2024-10-25 15:41:00+00:00,MYNA,1.1399999856948853,1.1399999856948853,1.1399999856948853,1.1399999856948853,1.1399999856948853,345.0
2024-10-25 15:41:00+00:00,NCNO,37.935001373291016,37.935001373291016,37.935001373291016,37.928001403808594,37.93000030517578,2967.0
2024-10-25 15:41:00+00:00,NICE,174.25,174.25,174.38099670410156,174.25,174.38099670410156,2098.0
2024-10-25 15:41:00+00:00,NTAP,119.78900146484375,119.78900146484375,119.78900146484375,119.7699966430664,119.77999877929688,2224.0
2024-10-25 15:41:00+00:00,NTCT,20.709999084472656,20.709999084472656,20.71500015258789,20.69499969482422,20.69499969482422,3538.0
2024-10-25 15:41:00+00:00,NTGR,20.280000686645508,20.280000686645508,20.280000686645508,20.274999618530273,20.274999618530273,956.0
2024-10-25 15:41:00+00:00,NTNX,61.67900085449219,61.67900085449219,61.68000030517578,61.665000915527344,61.68000030517578,2875.0
2024-10-25 15:41:00+00:00,NVDA,142.00999450683594,142.00999450683594,142.08999633789062,142.00010681152344,142.0850067138672,226480.0
2024-10-25 15:41:00+00:00,NVEI,33.494998931884766,33.494998931884766,33.494998931884766,33.4900016784668,33.494998931884766,653.0
2024-10-25 15:41:00+00:00,NVTS,2.549999952316284,2.549999952316284,2.555000066757202,2.549999952316284,2.555000066757202,617.0
2024-10-25 15:41:00+00:00,NXPI,243.52000427246094,243.52000427246094,243.67999267578125,243.52000427246094,243.67999267578125,5312.0
2024-10-25 15:41:00+00:00,OKTA,72.38999938964844,72.38999938964844,72.4000015258789,72.37999725341797,72.38500213623047,4397.0
2024-10-25 15:41:00+00:00,ON,71.3499984741211,71.3499984741211,71.4000015258789,71.33999633789062,71.38200378417969,32019.0
2024-10-25 15:41:00+00:00,OSIS,135.0,135.0,135.0,135.0,135.0,1092.0
2024-10-25 15:41:00+00:00,OTEX,33.220001220703125,33.220001220703125,33.220001220703125,33.220001220703125,33.220001220703125,609.0
2024-10-25 15:41:00+00:00,PANW,366.0899963378906,366.0899963378906,366.4049987792969,366.0899963378906,366.3550109863281,3502.0
2024-10-25 15:41:00+00:00,PAYO,8.34000015258789,8.34000015258789,8.350000381469727,8.34000015258789,8.350000381469727,5796.0
2024-10-25 15:41:00+00:00,PDFS,29.21500015258789,29.21500015258789,29.21500015258789,29.209999084472656,29.209999084472656,799.0
2024-10-25 15:41:00+00:00,PEGA,79.87000274658203,79.87000274658203,79.88999938964844,79.87000274658203,79.88500213623047,3892.0
2024-10-25 15:41:00+00:00,PEGY,4.816299915313721,4.816299915313721,4.849999904632568,4.816299915313721,4.849999904632568,2980.0
2024-10-25 15:41:00+00:00,PGY,11.994999885559082,11.994999885559082,11.994999885559082,11.985300064086914,11.985300064086914,3221.0
2024-10-25 15:41:00+00:00,PHUN,10.550000190734863,10.550000190734863,10.604999542236328,10.529999732971191,10.604999542236328,76186.0
2024-10-25 15:41:00+00:00,PI,202.44000244140625,202.44000244140625,202.44000244140625,202.05499267578125,202.05499267578125,5530.0
2024-10-25 15:41:00+00:00,PLAB,23.65999984741211,23.65999984741211,23.65999984741211,23.65999984741211,23.65999984741211,1152.0
2024-10-25 15:41:00+00:00,PLXS,141.6300048828125,141.6300048828125,141.63499450683594,141.6300048828125,141.63499450683594,1613.0
2024-10-25 15:41:00+00:00,POET,3.856600046157837,3.856600046157837,3.859999895095825,3.8550000190734863,3.859999895095825,4181.0
2024-10-25 15:41:00+00:00,POWI,63.349998474121094,63.349998474121094,63.349998474121094,63.349998474121094,63.349998474121094,769.0
2024-10-25 15:41:00+00:00,PRGS,64.6500015258789,64.6500015258789,64.73999786376953,64.6500015258789,64.68000030517578,4366.0
2024-10-25 15:41:00+00:00,PRTH,5.2778000831604,5.2778000831604,5.2778000831604,5.2778000831604,5.2778000831604,580.0
2024-10-25 15:41:00+00:00,PTC,187.2899932861328,187.2899932861328,187.2899932861328,187.2550048828125,187.2550048828125,1124.0
2024-10-25 15:41:00+00:00,QCOM,170.99000549316406,170.99000549316406,171.10000610351562,170.99000549316406,171.07000732421875,14262.0
2024-10-25 15:41:00+00:00,QLYS,120.90899658203125,120.90899658203125,120.90899658203125,120.8499984741211,120.88999938964844,1291.0
2024-10-25 15:41:00+00:00,QRVO,99.73999786376953,99.73999786376953,99.80290222167969,99.73999786376953,99.79000091552734,5498.0
2024-10-25 15:41:00+00:00,QUBT,1.0800000429153442,1.0800000429153442,1.0800000429153442,1.0750000476837158,1.0750000476837158,1203.0
2024-10-25 15:41:00+00:00,RCAT,2.7300000190734863,2.7300000190734863,2.7300000190734863,2.7300000190734863,2.7300000190734863,2623.0
2024-10-25 15:41:00+00:00,REKR,1.0850000381469727,1.0850000381469727,1.0850000381469727,1.0850000381469727,1.0850000381469727,354.0
2024-10-25 15:41:00+00:00,RELY,14.895000457763672,14.895000457763672,14.904999732971191,14.890000343322754,14.901000022888184,2079.0
2024-10-25 15:41:00+00:00,RGTI,1.2091000080108643,1.2091000080108643,1.2091000080108643,1.2000000476837158,1.2050000429153442,7140.0
2024-10-25 15:41:00+00:00,RGTIW,0.16009999811649323,0.16009999811649323,0.16009999811649323,0.16009999811649323,0.16009999811649323,0.0
2024-10-25 15:41:00+00:00,RIOT,9.725000381469727,9.725000381469727,9.729999542236328,9.720000267028809,9.725000381469727,33323.0
2024-10-25 15:41:00+00:00,RMBS,43.459999084472656,43.459999084472656,43.48500061035156,43.45000076293945,43.47999954223633,3997.0
2024-10-25 15:41:00+00:00,RPAY,7.71999979019165,7.71999979019165,7.724999904632568,7.71999979019165,7.724999904632568,3166.0
2024-10-25 15:41:00+00:00,RPD,39.060001373291016,39.060001373291016,39.09000015258789,39.060001373291016,39.09000015258789,2138.0
2024-10-25 15:41:00+00:00,RUM,5.675000190734863,5.675000190734863,5.675000190734863,5.670000076293945,5.675000190734863,1299.0
2024-10-25 15:41:00+00:00,RUN,14.40999984741211,14.40999984741211,14.425000190734863,14.40999984741211,14.414999961853027,13384.0
2024-10-25 15:41:00+00:00,SEDG,16.139999389648438,16.139999389648438,16.149999618530273,16.1200008392334,16.139999389648438,21075.0
2024-10-25 15:41:00+00:00,SHLS,5.190000057220459,5.190000057220459,5.195000171661377,5.179999828338623,5.190000057220459,43061.0
2024-10-25 15:41:00+00:00,SIMO,56.189998626708984,56.189998626708984,56.189998626708984,56.189998626708984,56.189998626708984,1014.0
2024-10-25 15:41:00+00:00,SITM,178.30999755859375,178.30999755859375,178.30999755859375,178.30999755859375,178.30999755859375,1479.0
2024-10-25 15:41:00+00:00,SKYT,10.40999984741211,10.40999984741211,10.40999984741211,10.40999984741211,10.40999984741211,455.0
2024-10-25 15:41:00+00:00,SLAB,114.08999633789062,114.08999633789062,114.08999633789062,114.08999633789062,114.08999633789062,1010.0
2024-10-25 15:41:00+00:00,SLNHP,13.130000114440918,13.130000114440918,13.130000114440918,13.130000114440918,13.130000114440918,2544.0
2024-10-25 15:41:00+00:00,SMCI,47.5099983215332,47.5099983215332,47.52000045776367,47.47999954223633,47.4900016784668,51998.0
2024-10-25 15:41:00+00:00,SMTC,45.75,45.75,45.78499984741211,45.72999954223633,45.72999954223633,7721.0
2024-10-25 15:41:00+00:00,SNPS,501.4599914550781,501.4599914550781,501.4599914550781,501.4599914550781,501.4599914550781,628.0
2024-10-25 15:41:00+00:00,SOBR,7.420000076293945,7.420000076293945,7.420000076293945,7.289999961853027,7.400000095367432,3432.0
2024-10-25 15:41:00+00:00,SOUN,5.180099964141846,5.180099964141846,5.190000057220459,5.179999828338623,5.184999942779541,32014.0
2024-10-25 15:41:00+00:00,SPSC,169.2100067138672,169.2100067138672,169.4499969482422,169.17999267578125,169.22999572753906,5144.0
2024-10-25 15:41:00+00:00,SPT,26.920000076293945,26.920000076293945,26.93000030517578,26.920000076293945,26.93000030517578,922.0
2024-10-25 15:41:00+00:00,SRAD,12.295000076293945,12.295000076293945,12.300000190734863,12.295000076293945,12.300000190734863,2492.0
2024-10-25 15:41:00+00:00,SSNC,70.30000305175781,70.30000305175781,70.33989715576172,70.29000091552734,70.31999969482422,15093.0
2024-10-25 15:41:00+00:00,STNE,11.494999885559082,11.494999885559082,11.494999885559082,11.489999771118164,11.489999771118164,11480.0
2024-10-25 15:41:00+00:00,STX,103.27999877929688,103.27999877929688,103.30999755859375,103.27999877929688,103.30500030517578,5618.0
2024-10-25 15:41:00+00:00,SURG,1.7400000095367432,1.7400000095367432,1.7400000095367432,1.7400000095367432,1.7400000095367432,1.0
2024-10-25 15:41:00+00:00,SVRE,0.07999999821186066,0.07999999821186066,0.07999999821186066,0.07930000126361847,0.07930000126361847,74817.0
2024-10-25 15:41:00+00:00,SWKS,95.83000183105469,95.83000183105469,95.91500091552734,95.83000183105469,95.88999938964844,4718.0
2024-10-25 15:41:00+00:00,SYNA,72.30000305175781,72.30000305175781,72.30000305175781,72.2699966430664,72.2699966430664,410.0
2024-10-25 15:41:00+00:00,SYTA,1.3009999990463257,1.3009999990463257,1.3049999475479126,1.2999999523162842,1.2999999523162842,3257.0
2024-10-25 15:41:00+00:00,TEAM,188.6199951171875,188.6199951171875,188.6999969482422,188.55999755859375,188.6999969482422,8286.0
2024-10-25 15:41:00+00:00,TENB,41.7400016784668,41.7400016784668,41.7400016784668,41.7400016784668,41.7400016784668,344.0
2024-10-25 15:41:00+00:00,TER,112.29000091552734,112.29000091552734,112.38999938964844,112.29000091552734,112.37000274658203,11505.0
2024-10-25 15:41:00+00:00,TLS,3.575000047683716,3.575000047683716,3.575000047683716,3.575000047683716,3.575000047683716,1072.0
2024-10-25 15:41:00+00:00,TRMB,60.93000030517578,60.93000030517578,60.93000030517578,60.93000030517578,60.93000030517578,392.0
2024-10-25 15:41:00+00:00,TSEM,44.79399871826172,44.79399871826172,44.79399871826172,44.79399871826172,44.79399871826172,806.0
2024-10-25 15:41:00+00:00,TTD,119.27999877929688,119.27999877929688,119.29989624023438,119.2750015258789,119.29989624023438,4466.0
2024-10-25 15:41:00+00:00,TTMI,19.6299991607666,19.6299991607666,19.649999618530273,19.6299991607666,19.649999618530273,3182.0
2024-10-25 15:41:00+00:00,TWKS,4.440000057220459,4.440000057220459,4.449999809265137,4.440000057220459,4.445000171661377,1172.0
2024-10-25 15:41:00+00:00,TXN,207.39999389648438,207.39999389648438,207.5050048828125,207.38999938964844,207.5,12338.0
2024-10-25 15:41:00+00:00,UCTT,35.79999923706055,35.79999923706055,35.810001373291016,35.79999923706055,35.810001373291016,2178.0
2024-10-25 15:41:00+00:00,UEIC,8.109999656677246,8.109999656677246,8.109999656677246,8.109999656677246,8.109999656677246,704.0
2024-10-25 15:41:00+00:00,VECO,29.399999618530273,29.399999618530273,29.40999984741211,29.399999618530273,29.40999984741211,2449.0
2024-10-25 15:41:00+00:00,VERX,42.060001373291016,42.060001373291016,42.064998626708984,42.060001373291016,42.064998626708984,849.0
2024-10-25 15:41:00+00:00,VIAV,9.164999961853027,9.164999961853027,9.175000190734863,9.164999961853027,9.175000190734863,1149.0
2024-10-25 15:41:00+00:00,VICR,46.459999084472656,46.459999084472656,46.529998779296875,46.459999084472656,46.529998779296875,1685.0
2024-10-25 15:41:00+00:00,VMEO,4.755000114440918,4.755000114440918,4.760000228881836,4.755000114440918,4.755000114440918,1395.0
2024-10-25 15:41:00+00:00,VNET,3.375,3.375,3.375,3.375,3.375,1620.0
2024-10-25 15:41:00+00:00,VOXX,7.559999942779541,7.559999942779541,7.559999942779541,7.559999942779541,7.559999942779541,1013.0
2024-10-25 15:41:00+00:00,VRNS,56.84000015258789,56.84000015258789,56.86000061035156,56.83000183105469,56.86000061035156,6718.0
2024-10-25 15:41:00+00:00,VRNT,21.81999969482422,21.81999969482422,21.81999969482422,21.81999969482422,21.81999969482422,2098.0
2024-10-25 15:41:00+00:00,VRSN,181.73500061035156,181.73500061035156,181.85499572753906,181.73500061035156,181.83999633789062,3675.0
2024-10-25 15:41:00+00:00,VS,2.4749999046325684,2.4749999046325684,2.4749999046325684,2.4749999046325684,2.4749999046325684,900.0
2024-10-25 15:41:00+00:00,VSAT,10.199999809265137,10.199999809265137,10.199999809265137,10.199999809265137,10.199999809265137,1507.0
2024-10-25 15:41:00+00:00,VUZI,1.2913999557495117,1.2913999557495117,1.2913999557495117,1.2913999557495117,1.2913999557495117,168.0
2024-10-25 15:41:00+00:00,VVPR,0.8087999820709229,0.8087999820709229,0.8087999820709229,0.8087999820709229,0.8087999820709229,0.0
2024-10-25 15:41:00+00:00,WDAY,238.27999877929688,238.27999877929688,238.35000610351562,238.27999877929688,238.35000610351562,2314.0
2024-10-25 15:41:00+00:00,WDC,69.97000122070312,69.97000122070312,69.98999786376953,69.91999816894531,69.95500183105469,24915.0
2024-10-25 15:41:00+00:00,WISA,2.0199999809265137,2.0199999809265137,2.0199999809265137,2.009999990463257,2.015000104904175,3363.0
2024-10-25 15:41:00+00:00,XRX,9.994999885559082,9.994999885559082,9.994999885559082,9.994999885559082,9.994999885559082,1399.0
2024-10-25 15:41:00+00:00,ZBRA,360.9800109863281,360.9800109863281,361.0299987792969,360.9800109863281,361.0299987792969,1180.0
2024-10-25 15:41:00+00:00,ZI,10.515000343322754,10.515000343322754,10.515000343322754,10.510000228881836,10.510000228881836,9122.0
2024-10-25 15:41:00+00:00,ZM,72.9749984741211,72.9749984741211,73.01000213623047,72.9749984741211,72.9800033569336,10917.0
2024-10-25 15:41:00+00:00,ZS,184.72999572753906,184.72999572753906,184.75999450683594,184.69000244140625,184.69000244140625,865.0
2024-10-25 15:42:00+00:00,AAOI,17.514999389648438,17.514999389648438,17.52899932861328,17.510000228881836,17.514999389648438,4681.0
2024-10-25 15:42:00+00:00,AAPL,231.3800048828125,231.3800048828125,231.3800048828125,231.2550048828125,231.27999877929688,56213.0
2024-10-25 15:42:00+00:00,ACIW,48.91899871826172,48.91899871826172,48.91999816894531,48.904998779296875,48.91999816894531,1346.0
2024-10-25 15:42:00+00:00,ACLS,90.13999938964844,90.13999938964844,90.13999938964844,90.13999938964844,90.13999938964844,700.0
2024-10-25 15:42:00+00:00,ACMR,19.6200008392334,19.6200008392334,19.6200008392334,19.6200008392334,19.6200008392334,1826.0
2024-10-25 15:42:00+00:00,ADBE,483.2460021972656,483.2460021972656,483.2460021972656,482.989990234375,483.04998779296875,5750.0
2024-10-25 15:42:00+00:00,ADI,230.97500610351562,230.97500610351562,230.97500610351562,230.9550018310547,230.9550018310547,2372.0
2024-10-25 15:42:00+00:00,ADSK,286.7900085449219,286.7900085449219,286.7900085449219,286.6499938964844,286.6499938964844,1677.0
2024-10-25 15:42:00+00:00,ADTN,6.284999847412109,6.284999847412109,6.284999847412109,6.284999847412109,6.284999847412109,918.0
2024-10-25 15:42:00+00:00,AEHR,17.010000228881836,17.010000228881836,17.010000228881836,16.9950008392334,16.9950008392334,2567.0
2024-10-25 15:42:00+00:00,AFRM,41.08000183105469,41.08000183105469,41.11000061035156,41.04999923706055,41.04999923706055,16821.0
2024-10-25 15:42:00+00:00,AIP,6.889999866485596,6.889999866485596,6.889999866485596,6.889999866485596,6.889999866485596,202.0
2024-10-25 15:42:00+00:00,AKAM,101.77999877929688,101.77999877929688,101.80000305175781,101.77999877929688,101.80000305175781,2695.0
2024-10-25 15:42:00+00:00,ALGM,23.21500015258789,23.21500015258789,23.21500015258789,23.18000030517578,23.18000030517578,79807.0
2024-10-25 15:42:00+00:00,ALKT,38.255001068115234,38.255001068115234,38.27000045776367,38.255001068115234,38.27000045776367,794.0
2024-10-25 15:42:00+00:00,ALRM,54.56999969482422,54.56999969482422,54.56999969482422,54.470001220703125,54.47999954223633,2877.0
2024-10-25 15:42:00+00:00,ALTR,103.84500122070312,103.84500122070312,103.8499984741211,103.81999969482422,103.83999633789062,9089.0
2024-10-25 15:42:00+00:00,AMAT,187.36000061035156,187.36000061035156,187.3699951171875,187.2899932861328,187.2899932861328,4292.0
2024-10-25 15:42:00+00:00,AMD,156.64999389648438,156.64999389648438,156.64999389648438,156.55999755859375,156.55999755859375,35490.0
2024-10-25 15:42:00+00:00,AMKR,30.079999923706055,30.079999923706055,30.079999923706055,30.065000534057617,30.065000534057617,2157.0
2024-10-25 15:42:00+00:00,AMPL,9.119999885559082,9.119999885559082,9.130000114440918,9.119999885559082,9.130000114440918,683.0
2024-10-25 15:42:00+00:00,ANSS,324.1099853515625,324.1099853515625,324.1099853515625,324.0050048828125,324.0050048828125,999.0
2024-10-25 15:42:00+00:00,AOSL,36.220001220703125,36.220001220703125,36.220001220703125,36.220001220703125,36.220001220703125,637.0
2024-10-25 15:42:00+00:00,API,2.8550000190734863,2.8550000190734863,2.859999895095825,2.8550000190734863,2.859999895095825,600.0
2024-10-25 15:42:00+00:00,APP,161.93499755859375,161.93499755859375,161.93499755859375,161.77999877929688,161.81500244140625,9305.0
2024-10-25 15:42:00+00:00,APPF,212.71499633789062,212.71499633789062,212.71499633789062,212.71499633789062,212.71499633789062,1569.0
2024-10-25 15:42:00+00:00,APPN,32.34000015258789,32.34000015258789,32.345001220703125,32.33000183105469,32.33000183105469,2613.0
2024-10-25 15:42:00+00:00,APPS,3.065000057220459,3.065000057220459,3.069999933242798,3.065000057220459,3.069999933242798,909.0
2024-10-25 15:42:00+00:00,ARBE,1.840499997138977,1.840499997138977,1.840499997138977,1.840499997138977,1.840499997138977,1243.0
2024-10-25 15:42:00+00:00,ARRY,6.505499839782715,6.505499839782715,6.510000228881836,6.5,6.5,17079.0
2024-10-25 15:42:00+00:00,ASML,713.4000854492188,713.4000854492188,713.8300170898438,713.4000854492188,713.8300170898438,3161.0
2024-10-25 15:42:00+00:00,ASUR,9.720000267028809,9.720000267028809,9.720000267028809,9.720000267028809,9.720000267028809,408.0
2024-10-25 15:42:00+00:00,ATOM,3.3540000915527344,3.3540000915527344,3.3540000915527344,3.3540000915527344,3.3540000915527344,24.0
2024-10-25 15:42:00+00:00,AUR,6.394999980926514,6.394999980926514,6.394999980926514,6.394999980926514,6.394999980926514,13243.0
2024-10-25 15:42:00+00:00,AVDX,8.095000267028809,8.095000267028809,8.095000267028809,8.09000015258789,8.09000015258789,7701.0
2024-10-25 15:42:00+00:00,AVGO,173.77000427246094,173.77000427246094,173.82000732421875,173.67999267578125,173.735107421875,33075.0
2024-10-25 15:42:00+00:00,AVT,54.130001068115234,54.130001068115234,54.130001068115234,54.130001068115234,54.130001068115234,1050.0
2024-10-25 15:42:00+00:00,AXTI,2.6549999713897705,2.6549999713897705,2.6549999713897705,2.6549999713897705,2.6549999713897705,124.0
2024-10-25 15:42:00+00:00,AZPN,237.5399932861328,237.5399932861328,237.5399932861328,237.52000427246094,237.52000427246094,1447.0
2024-10-25 15:42:00+00:00,BAND,17.920000076293945,17.920000076293945,17.920000076293945,17.920000076293945,17.920000076293945,3368.0
2024-10-25 15:42:00+00:00,BASE,16.270000457763672,16.270000457763672,16.270000457763672,16.270000457763672,16.270000457763672,399.0
2024-10-25 15:42:00+00:00,BIGC,5.264999866485596,5.264999866485596,5.264999866485596,5.264999866485596,5.264999866485596,637.0
2024-10-25 15:42:00+00:00,BL,56.400001525878906,56.400001525878906,56.400001525878906,56.38999938964844,56.400001525878906,1573.0
2024-10-25 15:42:00+00:00,BLKB,85.66000366210938,85.66000366210938,85.66000366210938,85.6500015258789,85.65499877929688,926.0
2024-10-25 15:42:00+00:00,BLZE,7.170000076293945,7.170000076293945,7.170000076293945,7.170000076293945,7.170000076293945,1373.0
2024-10-25 15:42:00+00:00,BMBL,7.144999980926514,7.144999980926514,7.144999980926514,7.144999980926514,7.144999980926514,7119.0
2024-10-25 15:42:00+00:00,BRZE,30.719999313354492,30.719999313354492,30.719999313354492,30.700000762939453,30.709999084472656,1979.0
2024-10-25 15:42:00+00:00,BSY,49.060001373291016,49.060001373291016,49.08000183105469,49.060001373291016,49.08000183105469,5305.0
2024-10-25 15:42:00+00:00,CAMP,11.074999809265137,11.074999809265137,11.074999809265137,11.074999809265137,11.074999809265137,236.0
2024-10-25 15:42:00+00:00,CAMT,77.76940155029297,77.76940155029297,77.76940155029297,77.76940155029297,77.76940155029297,237.0
2024-10-25 15:42:00+00:00,CCSI,20.125,20.125,20.125,20.125,20.125,285.0
2024-10-25 15:42:00+00:00,CDNS,257.1600036621094,257.1600036621094,257.1600036621094,257.0799865722656,257.1449890136719,2987.0
2024-10-25 15:42:00+00:00,CDW,217.77000427246094,217.77000427246094,217.77999877929688,217.77000427246094,217.77000427246094,923.0
2024-10-25 15:42:00+00:00,CETX,0.29499998688697815,0.29499998688697815,0.29499998688697815,0.29499998688697815,0.29499998688697815,3588.0
2024-10-25 15:42:00+00:00,CFLT,22.43549919128418,22.43549919128418,22.440000534057617,22.43000030517578,22.43000030517578,8458.0
2024-10-25 15:42:00+00:00,CGNX,38.904998779296875,38.904998779296875,38.90999984741211,38.88999938964844,38.88999938964844,2171.0
2024-10-25 15:42:00+00:00,CHKP,206.35000610351562,206.35000610351562,206.39500427246094,206.3000030517578,206.3800048828125,3449.0
2024-10-25 15:42:00+00:00,CLBT,18.170000076293945,18.170000076293945,18.170000076293945,18.15999984741211,18.15999984741211,3242.0
2024-10-25 15:42:00+00:00,CLSK,11.5649995803833,11.5649995803833,11.574999809265137,11.550000190734863,11.560099601745605,35085.0
2024-10-25 15:42:00+00:00,CMTL,3.809999942779541,3.809999942779541,3.809999942779541,3.809999942779541,3.809999942779541,714.0
2024-10-25 15:42:00+00:00,CNDT,3.5899999141693115,3.5899999141693115,3.5999999046325684,3.5899999141693115,3.5899999141693115,4511.0
2024-10-25 15:42:00+00:00,CNXC,44.38999938964844,44.38999938964844,44.38999938964844,44.38999938964844,44.38999938964844,2063.0
2024-10-25 15:42:00+00:00,COHR,95.80000305175781,95.80000305175781,95.83000183105469,95.7699966430664,95.83000183105469,4270.0
2024-10-25 15:42:00+00:00,COHU,25.96500015258789,25.96500015258789,25.96500015258789,25.959999084472656,25.959999084472656,1679.0
2024-10-25 15:42:00+00:00,COIN,205.402099609375,205.402099609375,205.5198974609375,205.10000610351562,205.25,13566.0
2024-10-25 15:42:00+00:00,COMM,6.215000152587891,6.215000152587891,6.215000152587891,6.215000152587891,6.215000152587891,3006.0
2024-10-25 15:42:00+00:00,CORZ,13.375,13.375,13.375,13.34000015258789,13.34000015258789,17132.0
2024-10-25 15:42:00+00:00,CORZW,7.815000057220459,7.815000057220459,7.815000057220459,7.815000057220459,7.815000057220459,1957.0
2024-10-25 15:42:00+00:00,CRCT,6.559999942779541,6.559999942779541,6.559999942779541,6.559999942779541,6.559999942779541,1488.0
2024-10-25 15:42:00+00:00,CRDO,39.20500183105469,39.20500183105469,39.209999084472656,39.189998626708984,39.189998626708984,2882.0
2024-10-25 15:42:00+00:00,CRNC,2.924999952316284,2.924999952316284,2.924999952316284,2.924999952316284,2.924999952316284,140.0
2024-10-25 15:42:00+00:00,CRNT,2.481600046157837,2.481600046157837,2.4820001125335693,2.4800000190734863,2.4820001125335693,4881.0
2024-10-25 15:42:00+00:00,CRSR,6.324999809265137,6.324999809265137,6.329999923706055,6.324999809265137,6.329999923706055,733.0
2024-10-25 15:42:00+00:00,CRUS,122.43499755859375,122.43499755859375,122.44999694824219,122.2500991821289,122.37999725341797,3913.0
2024-10-25 15:42:00+00:00,CRWD,299.4649963378906,299.4649963378906,299.489990234375,299.1722106933594,299.42999267578125,10611.0
2024-10-25 15:42:00+00:00,CSCO,55.779998779296875,55.779998779296875,55.779998779296875,55.76499938964844,55.77000045776367,28526.0
2024-10-25 15:42:00+00:00,CSGS,47.279998779296875,47.279998779296875,47.301300048828125,47.279998779296875,47.301300048828125,1310.0
2024-10-25 15:42:00+00:00,CSIQ,13.40999984741211,13.40999984741211,13.420000076293945,13.40999984741211,13.420000076293945,3883.0
2024-10-25 15:42:00+00:00,CTSH,74.77999877929688,74.77999877929688,74.79000091552734,74.77999877929688,74.79000091552734,2946.0
2024-10-25 15:42:00+00:00,CVLT,134.7100067138672,134.7100067138672,134.74000549316406,134.7100067138672,134.74000549316406,630.0
2024-10-25 15:42:00+00:00,CYBR,290.2449951171875,290.2449951171875,290.5350036621094,290.2449951171875,290.5350036621094,1090.0
2024-10-25 15:42:00+00:00,DAVE,38.58000183105469,38.58000183105469,38.58000183105469,38.58000183105469,38.58000183105469,647.0
2024-10-25 15:42:00+00:00,DBX,26.065000534057617,26.065000534057617,26.06999969482422,26.059999465942383,26.065000534057617,16972.0
2024-10-25 15:42:00+00:00,DDOG,126.61000061035156,126.61000061035156,126.6449966430664,126.61000061035156,126.62999725341797,4660.0
2024-10-25 15:42:00+00:00,DIOD,64.98999786376953,64.98999786376953,64.98999786376953,64.98999786376953,64.98999786376953,629.0
2024-10-25 15:42:00+00:00,DLO,8.8149995803833,8.8149995803833,8.8149995803833,8.8149995803833,8.8149995803833,965.0
2024-10-25 15:42:00+00:00,DOCU,68.72000122070312,68.72000122070312,68.7699966430664,68.72000122070312,68.73999786376953,8717.0
2024-10-25 15:42:00+00:00,DOMO,8.100000381469727,8.100000381469727,8.100000381469727,8.100000381469727,8.100000381469727,666.0
2024-10-25 15:42:00+00:00,DTSS,2.490000009536743,2.490000009536743,2.490000009536743,2.490000009536743,2.490000009536743,100.0
2024-10-25 15:42:00+00:00,DUOL,292.5799865722656,292.5799865722656,292.5799865722656,292.2300109863281,292.2300109863281,1426.0
2024-10-25 15:42:00+00:00,EEFT,100.63500213623047,100.63500213623047,100.63500213623047,100.62999725341797,100.62999725341797,1102.0
2024-10-25 15:42:00+00:00,EGAN,4.809999942779541,4.809999942779541,4.809999942779541,4.809999942779541,4.809999942779541,808.0
2024-10-25 15:42:00+00:00,ENPH,83.93119812011719,83.93119812011719,84.0,83.93000030517578,83.93000030517578,27133.0
2024-10-25 15:42:00+00:00,ENTG,105.45999908447266,105.45999908447266,105.51499938964844,105.32499694824219,105.4259033203125,4413.0
2024-10-25 15:42:00+00:00,ERIC,8.46500015258789,8.46500015258789,8.46500015258789,8.46500015258789,8.46500015258789,32054.0
2024-10-25 15:42:00+00:00,EVCM,10.420000076293945,10.420000076293945,10.420000076293945,10.420000076293945,10.420000076293945,334.0
2024-10-25 15:42:00+00:00,EXFY,1.715000033378601,1.715000033378601,1.715000033378601,1.715000033378601,1.715000033378601,1460.0
2024-10-25 15:42:00+00:00,EXLS,38.560001373291016,38.560001373291016,38.560001373291016,38.54499816894531,38.54999923706055,3208.0
2024-10-25 15:42:00+00:00,EXTR,14.345000267028809,14.345000267028809,14.350000381469727,14.345000267028809,14.34749984741211,1380.0
2024-10-25 15:42:00+00:00,FARO,17.940000534057617,17.940000534057617,17.940000534057617,17.940000534057617,17.940000534057617,400.0
2024-10-25 15:42:00+00:00,FFIV,216.875,216.875,216.875,216.875,216.875,194.0
2024-10-25 15:42:00+00:00,FIVN,29.75,29.75,29.790000915527344,29.75,29.790000915527344,3345.0
2024-10-25 15:42:00+00:00,FLEX,35.16999816894531,35.16999816894531,35.17499923706055,35.16999816894531,35.16999816894531,2466.0
2024-10-25 15:42:00+00:00,FLYW,17.364999771118164,17.364999771118164,17.364999771118164,17.364999771118164,17.364999771118164,409.0
2024-10-25 15:42:00+00:00,FROG,29.219999313354492,29.219999313354492,29.239999771118164,29.219999313354492,29.239999771118164,3365.0
2024-10-25 15:42:00+00:00,FRSH,11.604999542236328,11.604999542236328,11.604999542236328,11.604999542236328,11.604999542236328,1434.0
2024-10-25 15:42:00+00:00,FSLR,198.35000610351562,198.35000610351562,198.44000244140625,198.2615966796875,198.2615966796875,6288.0
2024-10-25 15:42:00+00:00,FTCI,0.6554999947547913,0.6554999947547913,0.6554999947547913,0.6554999947547913,0.6554999947547913,752.0
2024-10-25 15:42:00+00:00,FTNT,80.58999633789062,80.58999633789062,80.7300033569336,80.58999633789062,80.7300033569336,24625.0
2024-10-25 15:42:00+00:00,GCT,24.520099639892578,24.520099639892578,24.530000686645508,24.4950008392334,24.510000228881836,3330.0
2024-10-25 15:42:00+00:00,GDS,21.309999465942383,21.309999465942383,21.309999465942383,21.309999465942383,21.309999465942383,667.0
2024-10-25 15:42:00+00:00,GFS,40.43000030517578,40.43000030517578,40.43000030517578,40.40999984741211,40.43000030517578,3496.0
2024-10-25 15:42:00+00:00,GILT,4.929999828338623,4.929999828338623,4.929999828338623,4.929999828338623,4.929999828338623,297.0
2024-10-25 15:42:00+00:00,GNSS,3.8949999809265137,3.8949999809265137,3.8949999809265137,3.8949999809265137,3.8949999809265137,572.0
2024-10-25 15:42:00+00:00,GPRO,1.3049999475479126,1.3049999475479126,1.3049999475479126,1.2999999523162842,1.3049999475479126,1732.0
2024-10-25 15:42:00+00:00,GRAB,4.085000038146973,4.085000038146973,4.085000038146973,4.085000038146973,4.085000038146973,13189.0
2024-10-25 15:42:00+00:00,GSIT,3.4200000762939453,3.4200000762939453,3.4200000762939453,3.4200000762939453,3.4200000762939453,96.0
2024-10-25 15:42:00+00:00,GTLB,54.77000045776367,54.77000045776367,54.79999923706055,54.77000045776367,54.79999923706055,1871.0
2024-10-25 15:42:00+00:00,HCKT,24.59000015258789,24.59000015258789,24.59000015258789,24.59000015258789,24.59000015258789,1893.0
2024-10-25 15:42:00+00:00,HCP,33.6349983215332,33.6349983215332,33.63999938964844,33.630001068115234,33.6349983215332,5887.0
2024-10-25 15:42:00+00:00,HLIT,14.770000457763672,14.770000457763672,14.770000457763672,14.760000228881836,14.765000343322754,3010.0
2024-10-25 15:42:00+00:00,HOLO,3.5999999046325684,3.5999999046325684,3.5999999046325684,3.5999999046325684,3.5999999046325684,1300.0
2024-10-25 15:42:00+00:00,HOOD,27.05500030517578,27.05500030517578,27.0575008392334,27.041000366210938,27.051000595092773,13656.0
2024-10-25 15:42:00+00:00,IBEX,18.010000228881836,18.010000228881836,18.010000228881836,18.010000228881836,18.010000228881836,210.0
2024-10-25 15:42:00+00:00,IMMR,8.663299560546875,8.663299560546875,8.664999961853027,8.663299560546875,8.664999961853027,1309.0
2024-10-25 15:42:00+00:00,INDI,3.4649999141693115,3.4649999141693115,3.4649999141693115,3.4600000381469727,3.4600000381469727,1444.0
2024-10-25 15:42:00+00:00,INOD,20.149999618530273,20.149999618530273,20.149999618530273,20.149999618530273,20.149999618530273,393.0
2024-10-25 15:42:00+00:00,INSG,19.75,19.75,19.825000762939453,19.739999771118164,19.825000762939453,7512.0
2024-10-25 15:42:00+00:00,INTA,50.25,50.25,50.25,50.25,50.25,942.0
2024-10-25 15:42:00+00:00,INTC,22.875,22.875,22.887500762939453,22.860000610351562,22.860000610351562,113488.0
2024-10-25 15:42:00+00:00,INTU,608.5999755859375,608.5999755859375,608.5999755859375,608.5549926757812,608.5549926757812,2785.0
2024-10-25 15:42:00+00:00,IPGP,76.95999908447266,76.95999908447266,76.95999908447266,76.94000244140625,76.94000244140625,716.0
2024-10-25 15:42:00+00:00,ITI,7.195000171661377,7.195000171661377,7.195000171661377,7.195000171661377,7.195000171661377,166.0
2024-10-25 15:42:00+00:00,ITRI,102.73999786376953,102.73999786376953,102.73999786376953,102.73999786376953,102.73999786376953,383.0
2024-10-25 15:42:00+00:00,JAMF,16.7549991607666,16.7549991607666,16.7549991607666,16.7549991607666,16.7549991607666,768.0
2024-10-25 15:42:00+00:00,JKHY,182.72000122070312,182.72000122070312,182.72000122070312,182.72000122070312,182.72000122070312,983.0
2024-10-25 15:42:00+00:00,KARO,40.16999816894531,40.16999816894531,40.20000076293945,40.16999816894531,40.20000076293945,319.0
2024-10-25 15:42:00+00:00,KC,2.6600000858306885,2.6600000858306885,2.6600000858306885,2.6600000858306885,2.6600000858306885,220.0
2024-10-25 15:42:00+00:00,KLIC,44.689998626708984,44.689998626708984,44.755001068115234,44.689998626708984,44.755001068115234,4704.0
2024-10-25 15:42:00+00:00,KOPN,0.7853999733924866,0.7853999733924866,0.7878999710083008,0.7853999733924866,0.7878999710083008,13637.0
2024-10-25 15:42:00+00:00,LINK,5.460000038146973,5.460000038146973,5.5,5.180099964141846,5.180099964141846,54243.0
2024-10-25 15:42:00+00:00,LITE,64.43499755859375,64.43499755859375,64.44999694824219,64.3949966430664,64.3949966430664,4419.0
2024-10-25 15:42:00+00:00,LOGI,80.73999786376953,80.73999786376953,80.75199890136719,80.73999786376953,80.7490005493164,1036.0
2024-10-25 15:42:00+00:00,LPSN,1.1699999570846558,1.1699999570846558,1.1699999570846558,1.1699999570846558,1.1699999570846558,382.0
2024-10-25 15:42:00+00:00,LRCX,78.16999816894531,78.16999816894531,78.19000244140625,78.11000061035156,78.11900329589844,19089.0
2024-10-25 15:42:00+00:00,LSCC,54.314998626708984,54.314998626708984,54.34000015258789,54.2599983215332,54.2599983215332,7135.0
2024-10-25 15:42:00+00:00,LTRX,4.070000171661377,4.070000171661377,4.074999809265137,4.070000171661377,4.074999809265137,661.0
2024-10-25 15:42:00+00:00,LYFT,13.5,13.5,13.505000114440918,13.479999542236328,13.482099533081055,62755.0
2024-10-25 15:42:00+00:00,MANH,275.9200134277344,275.9200134277344,275.9200134277344,275.9200134277344,275.9200134277344,1066.0
2024-10-25 15:42:00+00:00,MCHP,76.73999786376953,76.73999786376953,76.73999786376953,76.70999908447266,76.70999908447266,6901.0
2024-10-25 15:42:00+00:00,MDB,267.7449951171875,267.7449951171875,267.7449951171875,267.74249267578125,267.7449951171875,912.0
2024-10-25 15:42:00+00:00,MITK,8.760000228881836,8.760000228881836,8.760000228881836,8.760000228881836,8.760000228881836,458.0
2024-10-25 15:42:00+00:00,MKSI,101.34500122070312,101.34500122070312,101.3550033569336,101.30000305175781,101.31999969482422,2974.0
2024-10-25 15:42:00+00:00,MPWR,909.4400024414062,909.4400024414062,909.4400024414062,908.5750122070312,908.5750122070312,1612.0
2024-10-25 15:42:00+00:00,MQ,5.304999828338623,5.304999828338623,5.309999942779541,5.300000190734863,5.304999828338623,6914.0
2024-10-25 15:42:00+00:00,MRAM,6.360000133514404,6.360000133514404,6.360000133514404,6.360000133514404,6.360000133514404,944.0
2024-10-25 15:42:00+00:00,MRVL,82.08999633789062,82.08999633789062,82.0999984741211,82.0199966430664,82.0199966430664,8015.0
2024-10-25 15:42:00+00:00,MSFT,428.0098876953125,428.0098876953125,428.1199951171875,427.9200134277344,427.9800109863281,18035.0
2024-10-25 15:42:00+00:00,MSTR,235.52999877929688,235.52999877929688,235.5500030517578,235.0601043701172,235.25999450683594,63053.0
2024-10-25 15:42:00+00:00,MTLS,5.909999847412109,5.909999847412109,5.920000076293945,5.909999847412109,5.920000076293945,605.0
2024-10-25 15:42:00+00:00,MTSI,121.18000030517578,121.18000030517578,121.18000030517578,121.11000061035156,121.11000061035156,3764.0
2024-10-25 15:42:00+00:00,MTTR,4.570000171661377,4.570000171661377,4.574999809265137,4.570000171661377,4.574999809265137,1241.0
2024-10-25 15:42:00+00:00,MU,108.25070190429688,108.25070190429688,108.2699966430664,108.1709976196289,108.18000030517578,22526.0
2024-10-25 15:42:00+00:00,MVIS,1.0700000524520874,1.0700000524520874,1.0750000476837158,1.0700000524520874,1.0700000524520874,639.0
2024-10-25 15:42:00+00:00,MXL,14.739999771118164,14.739999771118164,14.739999771118164,14.699999809265137,14.71500015258789,8933.0
2024-10-25 15:42:00+00:00,NCNO,37.93000030517578,37.93000030517578,37.93000030517578,37.93000030517578,37.93000030517578,377.0
2024-10-25 15:42:00+00:00,NICE,174.2100067138672,174.2100067138672,174.2100067138672,174.14999389648438,174.14999389648438,3263.0
2024-10-25 15:42:00+00:00,NOVT,173.13999938964844,173.13999938964844,173.13999938964844,173.13999938964844,173.13999938964844,172.0
2024-10-25 15:42:00+00:00,NSIT,209.3699951171875,209.3699951171875,209.3699951171875,209.3699951171875,209.3699951171875,287.0
2024-10-25 15:42:00+00:00,NTAP,119.75900268554688,119.75900268554688,119.76000213623047,119.7249984741211,119.7249984741211,3384.0
2024-10-25 15:42:00+00:00,NTCT,20.704999923706055,20.704999923706055,20.704999923706055,20.704999923706055,20.704999923706055,879.0
2024-10-25 15:42:00+00:00,NTGR,20.295000076293945,20.295000076293945,20.295000076293945,20.290000915527344,20.290000915527344,1636.0
2024-10-25 15:42:00+00:00,NTNX,61.654998779296875,61.654998779296875,61.66999816894531,61.654998779296875,61.66999816894531,2230.0
2024-10-25 15:42:00+00:00,NVDA,142.08749389648438,142.08749389648438,142.10000610351562,142.0,142.00999450683594,240590.0
2024-10-25 15:42:00+00:00,NVEI,33.4900016784668,33.4900016784668,33.494998931884766,33.4900016784668,33.494998931884766,458.0
2024-10-25 15:42:00+00:00,NVMI,184.6699981689453,184.6699981689453,184.6699981689453,184.6699981689453,184.6699981689453,338.0
2024-10-25 15:42:00+00:00,NVTS,2.555000066757202,2.555000066757202,2.555000066757202,2.555000066757202,2.555000066757202,638.0
2024-10-25 15:42:00+00:00,NXPI,243.57000732421875,243.57000732421875,243.57000732421875,243.4824981689453,243.52000427246094,7043.0
2024-10-25 15:42:00+00:00,OKTA,72.4000015258789,72.4000015258789,72.41000366210938,72.37999725341797,72.38999938964844,3121.0
2024-10-25 15:42:00+00:00,ON,71.37999725341797,71.37999725341797,71.38999938964844,71.2699966430664,71.3499984741211,92530.0
2024-10-25 15:42:00+00:00,OSIS,134.82000732421875,134.82000732421875,134.82000732421875,134.82000732421875,134.82000732421875,3823.0
2024-10-25 15:42:00+00:00,OTEX,33.20000076293945,33.20000076293945,33.20000076293945,33.20000076293945,33.20000076293945,2321.0
2024-10-25 15:42:00+00:00,PANW,365.94500732421875,365.94500732421875,366.0299987792969,365.739990234375,366.0299987792969,8640.0
2024-10-25 15:42:00+00:00,PAYO,8.34000015258789,8.34000015258789,8.350000381469727,8.34000015258789,8.350000381469727,1597.0
2024-10-25 15:42:00+00:00,PCTY,173.6699981689453,173.6699981689453,173.67999267578125,173.64999389648438,173.66000366210938,1322.0
2024-10-25 15:42:00+00:00,PDFS,29.18000030517578,29.18000030517578,29.200000762939453,29.18000030517578,29.200000762939453,1786.0
2024-10-25 15:42:00+00:00,PEGA,79.9000015258789,79.9000015258789,79.94000244140625,79.83999633789062,79.83999633789062,7403.0
2024-10-25 15:42:00+00:00,PEGY,4.80210018157959,4.80210018157959,4.80210018157959,4.80210018157959,4.80210018157959,0.0
2024-10-25 15:42:00+00:00,PGY,11.983799934387207,11.983799934387207,11.994999885559082,11.983799934387207,11.989999771118164,4936.0
2024-10-25 15:42:00+00:00,PHUN,10.520000457763672,10.520000457763672,10.5600004196167,10.511699676513672,10.54010009765625,25047.0
2024-10-25 15:42:00+00:00,PI,202.3800048828125,202.3800048828125,202.3800048828125,202.22000122070312,202.35000610351562,3281.0
2024-10-25 15:42:00+00:00,PLAB,23.655000686645508,23.655000686645508,23.655000686645508,23.655000686645508,23.655000686645508,515.0
2024-10-25 15:42:00+00:00,PLXS,141.64999389648438,141.64999389648438,141.75,141.5850067138672,141.6699981689453,5960.0
2024-10-25 15:42:00+00:00,POET,3.84689998626709,3.84689998626709,3.8499999046325684,3.8399999141693115,3.8499999046325684,2975.0
2024-10-25 15:42:00+00:00,POWI,63.349998474121094,63.349998474121094,63.349998474121094,63.349998474121094,63.349998474121094,178.0
2024-10-25 15:42:00+00:00,PRGS,64.6500015258789,64.6500015258789,64.6500015258789,64.61000061035156,64.61000061035156,1952.0
2024-10-25 15:42:00+00:00,PRSO,1.833299994468689,1.833299994468689,1.833299994468689,1.833299994468689,1.833299994468689,1000.0
2024-10-25 15:42:00+00:00,PRTH,5.275000095367432,5.275000095367432,5.275000095367432,5.275000095367432,5.275000095367432,2298.0
2024-10-25 15:42:00+00:00,PTC,187.23500061035156,187.23500061035156,187.23500061035156,187.23500061035156,187.23500061035156,629.0
2024-10-25 15:42:00+00:00,PUBM,14.75,14.75,14.75,14.75,14.75,315.0
2024-10-25 15:42:00+00:00,PYCR,14.345000267028809,14.345000267028809,14.345000267028809,14.345000267028809,14.345000267028809,134.0
2024-10-25 15:42:00+00:00,QCOM,171.0500030517578,171.0500030517578,171.09500122070312,171.02999877929688,171.0449981689453,6969.0
2024-10-25 15:42:00+00:00,QLYS,120.87999725341797,120.87999725341797,120.87999725341797,120.875,120.875,1453.0
2024-10-25 15:42:00+00:00,QRVO,99.5999984741211,99.5999984741211,99.7300033569336,99.58000183105469,99.7300033569336,5702.0
2024-10-25 15:42:00+00:00,QUBT,1.0710999965667725,1.0710999965667725,1.0750000476837158,1.0705000162124634,1.0750000476837158,2487.0
2024-10-25 15:42:00+00:00,RDWR,22.3799991607666,22.3799991607666,22.3799991607666,22.3799991607666,22.3799991607666,404.0
2024-10-25 15:42:00+00:00,REKR,1.0850000381469727,1.0850000381469727,1.0850000381469727,1.0850000381469727,1.0850000381469727,260.0
2024-10-25 15:42:00+00:00,RELY,14.895000457763672,14.895000457763672,14.895000457763672,14.890000343322754,14.895000457763672,1934.0
2024-10-25 15:42:00+00:00,RGTI,1.210800051689148,1.210800051689148,1.2200000286102295,1.2050000429153442,1.2050000429153442,72567.0
2024-10-25 15:42:00+00:00,RIOT,9.755000114440918,9.755000114440918,9.760000228881836,9.720000267028809,9.725000381469727,88634.0
2024-10-25 15:42:00+00:00,RMBS,43.52000045776367,43.52000045776367,43.540000915527344,43.470001220703125,43.470001220703125,6826.0
2024-10-25 15:42:00+00:00,RMNI,1.725000023841858,1.725000023841858,1.725000023841858,1.725000023841858,1.725000023841858,717.0
2024-10-25 15:42:00+00:00,RPD,39.02000045776367,39.02000045776367,39.029998779296875,39.01100158691406,39.029998779296875,12928.0
2024-10-25 15:42:00+00:00,RUM,5.670100212097168,5.670100212097168,5.670100212097168,5.670100212097168,5.670100212097168,511.0
2024-10-25 15:42:00+00:00,RUN,14.404999732971191,14.404999732971191,14.414999961853027,14.404999732971191,14.40999984741211,6550.0
2024-10-25 15:42:00+00:00,SANM,67.55500030517578,67.55500030517578,67.55500030517578,67.54000091552734,67.55000305175781,673.0
2024-10-25 15:42:00+00:00,SATS,25.139999389648438,25.139999389648438,25.139999389648438,25.1299991607666,25.1299991607666,1781.0
2024-10-25 15:42:00+00:00,SCSC,45.0099983215332,45.0099983215332,45.0099983215332,45.0099983215332,45.0099983215332,1204.0
2024-10-25 15:42:00+00:00,SEDG,16.139999389648438,16.139999389648438,16.149999618530273,16.1299991607666,16.139999389648438,18848.0
2024-10-25 15:42:00+00:00,SHLS,5.180300235748291,5.180300235748291,5.184999942779541,5.180300235748291,5.184999942779541,874.0
2024-10-25 15:42:00+00:00,SKYT,10.40999984741211,10.40999984741211,10.40999984741211,10.40999984741211,10.40999984741211,856.0
2024-10-25 15:42:00+00:00,SLAB,114.0,114.0,114.0,114.0,114.0,1496.0
2024-10-25 15:42:00+00:00,SLNHP,13.100000381469727,13.100000381469727,13.100000381469727,13.09000015258789,13.09000015258789,5300.0
2024-10-25 15:42:00+00:00,SMCI,47.560001373291016,47.560001373291016,47.58000183105469,47.4900016784668,47.5,78977.0
2024-10-25 15:42:00+00:00,SMTC,45.70000076293945,45.70000076293945,45.748199462890625,45.70000076293945,45.7400016784668,4693.0
2024-10-25 15:42:00+00:00,SNPS,501.6000061035156,501.6000061035156,501.6000061035156,501.6000061035156,501.6000061035156,849.0
2024-10-25 15:42:00+00:00,SONO,12.654999732971191,12.654999732971191,12.654999732971191,12.654999732971191,12.654999732971191,1733.0
2024-10-25 15:42:00+00:00,SOUN,5.184999942779541,5.184999942779541,5.186800003051758,5.179999828338623,5.179999828338623,8601.0
2024-10-25 15:42:00+00:00,SPNS,36.66999816894531,36.66999816894531,36.66999816894531,36.66999816894531,36.66999816894531,402.0
2024-10-25 15:42:00+00:00,SPSC,169.19000244140625,169.19000244140625,169.35499572753906,169.19000244140625,169.35499572753906,1336.0
2024-10-25 15:42:00+00:00,SPT,26.920000076293945,26.920000076293945,26.924999237060547,26.920000076293945,26.924999237060547,575.0
2024-10-25 15:42:00+00:00,SRAD,12.305000305175781,12.305000305175781,12.305000305175781,12.300000190734863,12.300000190734863,3968.0
2024-10-25 15:42:00+00:00,SSNC,70.29499816894531,70.29499816894531,70.30500030517578,70.29499816894531,70.30000305175781,15312.0
2024-10-25 15:42:00+00:00,SSTI,11.130000114440918,11.130000114440918,11.300000190734863,11.130000114440918,11.260000228881836,8931.0
2024-10-25 15:42:00+00:00,SSYS,7.019999980926514,7.019999980926514,7.019999980926514,7.019999980926514,7.019999980926514,330.0
2024-10-25 15:42:00+00:00,STNE,11.462499618530273,11.462499618530273,11.494999885559082,11.460000038146973,11.494999885559082,18985.0
2024-10-25 15:42:00+00:00,STX,103.26000213623047,103.26000213623047,103.27999877929688,103.23999786376953,103.23999786376953,6420.0
2024-10-25 15:42:00+00:00,SWKS,95.75,95.75,95.80999755859375,95.73919677734375,95.80999755859375,4859.0
2024-10-25 15:42:00+00:00,SYNA,72.23999786376953,72.23999786376953,72.25,72.23999786376953,72.25,1037.0
2024-10-25 15:42:00+00:00,SYTA,1.2949999570846558,1.2949999570846558,1.2949999570846558,1.2949999570846558,1.2949999570846558,1200.0
2024-10-25 15:42:00+00:00,TEAM,188.50999450683594,188.50999450683594,188.64500427246094,188.50999450683594,188.58999633789062,4318.0
2024-10-25 15:42:00+00:00,TENB,41.73500061035156,41.73500061035156,41.75,41.720001220703125,41.72999954223633,2811.0
2024-10-25 15:42:00+00:00,TER,112.30999755859375,112.30999755859375,112.31500244140625,112.20999908447266,112.2300033569336,11175.0
2024-10-25 15:42:00+00:00,TRMB,60.91999816894531,60.91999816894531,60.93000030517578,60.91999816894531,60.93000030517578,1239.0
2024-10-25 15:42:00+00:00,TSEM,44.79999923706055,44.79999923706055,44.79999923706055,44.79999923706055,44.79999923706055,997.0
2024-10-25 15:42:00+00:00,TTD,119.21499633789062,119.21499633789062,119.26000213623047,119.20999908447266,119.26000213623047,8890.0
2024-10-25 15:42:00+00:00,TTMI,19.635000228881836,19.635000228881836,19.635000228881836,19.6299991607666,19.6299991607666,863.0
2024-10-25 15:42:00+00:00,TWKS,4.445000171661377,4.445000171661377,4.449999809265137,4.440000057220459,4.449999809265137,2325.0
2024-10-25 15:42:00+00:00,TXN,207.49000549316406,207.49000549316406,207.49000549316406,207.36500549316406,207.38999938964844,5609.0
2024-10-25 15:42:00+00:00,UCTT,35.79999923706055,35.79999923706055,35.82500076293945,35.79999923706055,35.812400817871094,1513.0
2024-10-25 15:42:00+00:00,UEIC,8.079999923706055,8.079999923706055,8.079999923706055,8.079999923706055,8.079999923706055,308.0
2024-10-25 15:42:00+00:00,VCSA,2.4000000953674316,2.4000000953674316,2.4000000953674316,2.4000000953674316,2.4000000953674316,476.0
2024-10-25 15:42:00+00:00,VECO,29.40999984741211,29.40999984741211,29.415000915527344,29.40999984741211,29.415000915527344,780.0
2024-10-25 15:42:00+00:00,VERB,10.930000305175781,10.930000305175781,10.930000305175781,10.859999656677246,10.859999656677246,1677.0
2024-10-25 15:42:00+00:00,VERI,3.4203999042510986,3.4203999042510986,3.4203999042510986,3.4203999042510986,3.4203999042510986,301.0
2024-10-25 15:42:00+00:00,VERX,42.04999923706055,42.04999923706055,42.064998626708984,42.029998779296875,42.04999923706055,4984.0
2024-10-25 15:42:00+00:00,VIAV,9.175000190734863,9.175000190734863,9.180000305175781,9.170000076293945,9.170000076293945,3432.0
2024-10-25 15:42:00+00:00,VMEO,4.760000228881836,4.760000228881836,4.760000228881836,4.755000114440918,4.755000114440918,1141.0
2024-10-25 15:42:00+00:00,VNET,3.359999895095825,3.359999895095825,3.369999885559082,3.359999895095825,3.369999885559082,5951.0
2024-10-25 15:42:00+00:00,VRNS,56.84000015258789,56.84000015258789,56.84000015258789,56.83000183105469,56.84000015258789,2187.0
2024-10-25 15:42:00+00:00,VRSN,181.67999267578125,181.67999267578125,181.8175048828125,181.67999267578125,181.7899932861328,2923.0
2024-10-25 15:42:00+00:00,VSAT,10.220000267028809,10.220000267028809,10.220000267028809,10.199999809265137,10.200300216674805,5573.0
2024-10-25 15:42:00+00:00,WALD,3.4800000190734863,3.4800000190734863,3.4800000190734863,3.4800000190734863,3.4800000190734863,571.0
2024-10-25 15:42:00+00:00,WDAY,238.2899932861328,238.2899932861328,238.30999755859375,238.27000427246094,238.2899932861328,5092.0
2024-10-25 15:42:00+00:00,WDC,69.9800033569336,69.9800033569336,70.02999877929688,69.97000122070312,69.97000122070312,30058.0
2024-10-25 15:42:00+00:00,WISA,2.0,2.0,2.0099000930786133,2.0,2.0099000930786133,7941.0
2024-10-25 15:42:00+00:00,WLDS,3.639899969100952,3.639899969100952,3.639899969100952,3.639899969100952,3.639899969100952,907.0
2024-10-25 15:42:00+00:00,XPER,9.395000457763672,9.395000457763672,9.395000457763672,9.395000457763672,9.395000457763672,202.0
2024-10-25 15:42:00+00:00,XRX,9.994999885559082,9.994999885559082,10.0,9.994999885559082,10.0,1355.0
2024-10-25 15:42:00+00:00,ZBRA,361.0,361.0,361.0,360.8699951171875,360.8999938964844,1643.0
2024-10-25 15:42:00+00:00,ZI,10.505000114440918,10.505000114440918,10.515000343322754,10.505000114440918,10.510000228881836,8227.0
2024-10-25 15:42:00+00:00,ZM,72.97000122070312,72.97000122070312,72.99500274658203,72.97000122070312,72.9800033569336,7162.0
2024-10-25 15:42:00+00:00,ZS,184.6999969482422,184.6999969482422,184.74000549316406,184.6199951171875,184.6999969482422,4504.0
2024-10-25 15:43:00+00:00,AAOI,17.510000228881836,17.510000228881836,17.514999389648438,17.510000228881836,17.510000228881836,4105.0
2024-10-25 15:43:00+00:00,AAPL,231.42999267578125,231.42999267578125,231.49000549316406,231.35000610351562,231.375,0.0
2024-10-25 15:43:00+00:00,ACIW,48.915000915527344,48.915000915527344,48.915000915527344,48.90999984741211,48.90999984741211,1444.0
2024-10-25 15:43:00+00:00,ACLS,90.12999725341797,90.12999725341797,90.12999725341797,90.12999725341797,90.12999725341797,315.0
2024-10-25 15:43:00+00:00,ACMR,19.659000396728516,19.659000396728516,19.659000396728516,19.649999618530273,19.649999618530273,968.0
2024-10-25 15:43:00+00:00,ADBE,483.1600036621094,483.1600036621094,483.239990234375,483.0694885253906,483.2200012207031,5388.0
2024-10-25 15:43:00+00:00,ADI,231.14500427246094,231.14500427246094,231.14500427246094,230.9949951171875,230.9949951171875,4013.0
2024-10-25 15:43:00+00:00,ADSK,286.8550109863281,286.8550109863281,286.8599853515625,286.82501220703125,286.82501220703125,1141.0
2024-10-25 15:43:00+00:00,AEHR,17.045000076293945,17.045000076293945,17.049999237060547,17.017499923706055,17.020000457763672,2096.0
2024-10-25 15:43:00+00:00,AEYE,22.53499984741211,22.53499984741211,22.53499984741211,22.53499984741211,22.53499984741211,367.0
2024-10-25 15:43:00+00:00,AFRM,41.029998779296875,41.029998779296875,41.09199905395508,41.029998779296875,41.09000015258789,24043.0
2024-10-25 15:43:00+00:00,AIP,6.889999866485596,6.889999866485596,6.889999866485596,6.889999866485596,6.889999866485596,2571.0
2024-10-25 15:43:00+00:00,AKAM,101.86000061035156,101.86000061035156,101.86000061035156,101.79000091552734,101.79000091552734,2996.0
2024-10-25 15:43:00+00:00,ALGM,23.200000762939453,23.200000762939453,23.225000381469727,23.200000762939453,23.204999923706055,17472.0
2024-10-25 15:43:00+00:00,ALKT,38.2599983215332,38.2599983215332,38.2599983215332,38.2599983215332,38.2599983215332,427.0
2024-10-25 15:43:00+00:00,ALLT,3.473900079727173,3.473900079727173,3.473900079727173,3.473900079727173,3.473900079727173,164.0
2024-10-25 15:43:00+00:00,ALRM,54.58000183105469,54.58000183105469,54.58000183105469,54.57099914550781,54.57099914550781,458.0
2024-10-25 15:43:00+00:00,ALTR,103.83999633789062,103.83999633789062,103.8499984741211,103.83999633789062,103.8499984741211,1515.0
2024-10-25 15:43:00+00:00,AMAT,187.46499633789062,187.46499633789062,187.52999877929688,187.375,187.375,7887.0
2024-10-25 15:43:00+00:00,AMD,156.61000061035156,156.61000061035156,156.66839599609375,156.60499572753906,156.66000366210938,18864.0
2024-10-25 15:43:00+00:00,AMKR,30.1299991607666,30.1299991607666,30.1299991607666,30.089000701904297,30.089000701904297,3934.0
2024-10-25 15:43:00+00:00,AMPL,9.125,9.125,9.128999710083008,9.125,9.128999710083008,232.0
2024-10-25 15:43:00+00:00,ANY,1.0700000524520874,1.0700000524520874,1.0700000524520874,1.0700000524520874,1.0700000524520874,415.0
2024-10-25 15:43:00+00:00,AOSL,36.189998626708984,36.189998626708984,36.20000076293945,36.189998626708984,36.20000076293945,741.0
2024-10-25 15:43:00+00:00,API,2.8499999046325684,2.8499999046325684,2.859999895095825,2.8499999046325684,2.8550000190734863,5207.0
2024-10-25 15:43:00+00:00,APP,161.92999267578125,161.92999267578125,161.99000549316406,161.92999267578125,161.9499969482422,2846.0
2024-10-25 15:43:00+00:00,APPF,212.82000732421875,212.82000732421875,212.82000732421875,212.82000732421875,212.82000732421875,605.0
2024-10-25 15:43:00+00:00,APPS,3.069999933242798,3.069999933242798,3.069999933242798,3.063999891281128,3.069999933242798,2420.0
2024-10-25 15:43:00+00:00,ARQQ,7.039999961853027,7.039999961853027,7.039999961853027,7.039999961853027,7.039999961853027,438.0
2024-10-25 15:43:00+00:00,ARRY,6.514999866485596,6.514999866485596,6.519700050354004,6.5,6.505000114440918,26473.0
2024-10-25 15:43:00+00:00,ASUR,9.720000267028809,9.720000267028809,9.739999771118164,9.720000267028809,9.739999771118164,1066.0
2024-10-25 15:43:00+00:00,AUDC,9.119999885559082,9.119999885559082,9.119999885559082,9.0649995803833,9.0649995803833,3274.0
2024-10-25 15:43:00+00:00,AUR,6.394999980926514,6.394999980926514,6.395999908447266,6.390100002288818,6.390100002288818,3626.0
2024-10-25 15:43:00+00:00,AVDX,8.100000381469727,8.100000381469727,8.100000381469727,8.095000267028809,8.095000267028809,2362.0
2024-10-25 15:43:00+00:00,AVGO,173.7624969482422,173.7624969482422,173.82000732421875,173.74000549316406,173.75,34734.0
2024-10-25 15:43:00+00:00,AVNW,20.729999542236328,20.729999542236328,20.729999542236328,20.719999313354492,20.719999313354492,1024.0
2024-10-25 15:43:00+00:00,AVPT,11.899999618530273,11.899999618530273,11.904999732971191,11.899999618530273,11.904999732971191,733.0
2024-10-25 15:43:00+00:00,AVT,54.1150016784668,54.1150016784668,54.130001068115234,54.1150016784668,54.130001068115234,3004.0
2024-10-25 15:43:00+00:00,AXTI,2.6549999713897705,2.6549999713897705,2.6549999713897705,2.6549999713897705,2.6549999713897705,208.0
2024-10-25 15:43:00+00:00,BIGC,5.260000228881836,5.260000228881836,5.269999980926514,5.260000228881836,5.264999866485596,11781.0
2024-10-25 15:43:00+00:00,BL,56.400001525878906,56.400001525878906,56.400001525878906,56.400001525878906,56.400001525878906,354.0
2024-10-25 15:43:00+00:00,BLZE,7.170000076293945,7.170000076293945,7.170000076293945,7.170000076293945,7.170000076293945,1151.0
2024-10-25 15:43:00+00:00,BMBL,7.159999847412109,7.159999847412109,7.159999847412109,7.144999980926514,7.144999980926514,7132.0
2024-10-25 15:43:00+00:00,BRZE,30.719999313354492,30.719999313354492,30.719999313354492,30.719999313354492,30.719999313354492,267.0
2024-10-25 15:43:00+00:00,CAMT,78.0199966430664,78.0199966430664,78.0199966430664,77.8949966430664,77.9000015258789,4140.0
2024-10-25 15:43:00+00:00,CAN,0.9750999808311462,0.9750999808311462,0.9771000146865845,0.9739999771118164,0.9771000146865845,22016.0
2024-10-25 15:43:00+00:00,CCSI,20.09000015258789,20.09000015258789,20.15999984741211,20.09000015258789,20.15999984741211,799.0
2024-10-25 15:43:00+00:00,CDNS,257.30999755859375,257.30999755859375,257.3599853515625,257.2300109863281,257.2300109863281,3126.0
2024-10-25 15:43:00+00:00,CDW,217.71099853515625,217.71099853515625,217.77000427246094,217.71099853515625,217.77000427246094,1340.0
2024-10-25 15:43:00+00:00,CFLT,22.43000030517578,22.43000030517578,22.44499969482422,22.424999237060547,22.44499969482422,8656.0
2024-10-25 15:43:00+00:00,CGNX,38.90999984741211,38.90999984741211,38.90999984741211,38.90999984741211,38.90999984741211,2279.0
2024-10-25 15:43:00+00:00,CLBT,18.174999237060547,18.174999237060547,18.175199508666992,18.174999237060547,18.175199508666992,2766.0
2024-10-25 15:43:00+00:00,CLFD,36.275001525878906,36.275001525878906,36.275001525878906,36.275001525878906,36.275001525878906,306.0
2024-10-25 15:43:00+00:00,CLSK,11.5600004196167,11.5600004196167,11.569999694824219,11.555000305175781,11.5649995803833,23410.0
2024-10-25 15:43:00+00:00,CMTL,3.79010009765625,3.79010009765625,3.79010009765625,3.79010009765625,3.79010009765625,3578.0
2024-10-25 15:43:00+00:00,CNDT,3.5899999141693115,3.5899999141693115,3.5950000286102295,3.5899999141693115,3.5950000286102295,2069.0
2024-10-25 15:43:00+00:00,CNXN,70.08000183105469,70.08000183105469,70.08000183105469,70.05999755859375,70.05999755859375,820.0
2024-10-25 15:43:00+00:00,COHR,95.73999786376953,95.73999786376953,95.80999755859375,95.72000122070312,95.78500366210938,10995.0
2024-10-25 15:43:00+00:00,COHU,25.940000534057617,25.940000534057617,25.950000762939453,25.940000534057617,25.950000762939453,1158.0
2024-10-25 15:43:00+00:00,COIN,205.1750030517578,205.1750030517578,205.35000610351562,205.14999389648438,205.35000610351562,8643.0
2024-10-25 15:43:00+00:00,COMM,6.215000152587891,6.215000152587891,6.215000152587891,6.210000038146973,6.210599899291992,18280.0
2024-10-25 15:43:00+00:00,CORZ,13.375,13.375,13.390000343322754,13.354999542236328,13.375,24284.0
2024-10-25 15:43:00+00:00,CORZW,7.859399795532227,7.859399795532227,7.859399795532227,7.859399795532227,7.859399795532227,744.0
2024-10-25 15:43:00+00:00,CRDO,39.15999984741211,39.15999984741211,39.220001220703125,39.13999938964844,39.220001220703125,10434.0
2024-10-25 15:43:00+00:00,CRNC,2.924999952316284,2.924999952316284,2.924999952316284,2.924999952316284,2.924999952316284,407.0
2024-10-25 15:43:00+00:00,CRSR,6.309999942779541,6.309999942779541,6.320000171661377,6.309999942779541,6.320000171661377,4070.0
2024-10-25 15:43:00+00:00,CRUS,122.47000122070312,122.47000122070312,122.47000122070312,122.46849822998047,122.47000122070312,1191.0
2024-10-25 15:43:00+00:00,CRWD,299.75,299.75,299.75,299.3901062011719,299.5174865722656,6604.0
2024-10-25 15:43:00+00:00,CSCO,55.78499984741211,55.78499984741211,55.78630065917969,55.77000045776367,55.775001525878906,15410.0
2024-10-25 15:43:00+00:00,CSGS,47.22600173950195,47.22600173950195,47.22600173950195,47.22600173950195,47.22600173950195,242.0
2024-10-25 15:43:00+00:00,CSIQ,13.399999618530273,13.399999618530273,13.40999984741211,13.399999618530273,13.404999732971191,2296.0
2024-10-25 15:43:00+00:00,CTSH,74.77999877929688,74.77999877929688,74.79499816894531,74.76499938964844,74.79000091552734,5830.0
2024-10-25 15:43:00+00:00,CVLT,134.6999969482422,134.6999969482422,134.75999450683594,134.6779022216797,134.75999450683594,6404.0
2024-10-25 15:43:00+00:00,DAKT,13.074999809265137,13.074999809265137,13.074999809265137,13.074999809265137,13.074999809265137,505.0
2024-10-25 15:43:00+00:00,DAVE,38.630001068115234,38.630001068115234,38.63999938964844,38.630001068115234,38.63999938964844,725.0
2024-10-25 15:43:00+00:00,DBX,26.06999969482422,26.06999969482422,26.06999969482422,26.065000534057617,26.065000534057617,4299.0
2024-10-25 15:43:00+00:00,DDOG,126.63500213623047,126.63500213623047,126.63999938964844,126.6050033569336,126.6050033569336,9637.0
2024-10-25 15:43:00+00:00,DLO,8.8149995803833,8.8149995803833,8.8149995803833,8.8100004196167,8.8149995803833,8957.0
2024-10-25 15:43:00+00:00,DOCU,68.6500015258789,68.6500015258789,68.68000030517578,68.63999938964844,68.68000030517578,4643.0
2024-10-25 15:43:00+00:00,DOX,89.0250015258789,89.0250015258789,89.0250015258789,89.0250015258789,89.0250015258789,567.0
2024-10-25 15:43:00+00:00,DUOL,291.9200134277344,291.9200134277344,292.3550109863281,291.9100036621094,292.239990234375,2892.0
2024-10-25 15:43:00+00:00,EEFT,100.66000366210938,100.66000366210938,100.66000366210938,100.66000366210938,100.66000366210938,2299.0
2024-10-25 15:43:00+00:00,EGAN,4.849999904632568,4.849999904632568,4.849999904632568,4.809999942779541,4.809999942779541,880.0
2024-10-25 15:43:00+00:00,ENPH,84.0999984741211,84.0999984741211,84.11000061035156,83.95999908447266,83.95999908447266,24228.0
2024-10-25 15:43:00+00:00,ENTG,105.44499969482422,105.44499969482422,105.45999908447266,105.37999725341797,105.44999694824219,2475.0
2024-10-25 15:43:00+00:00,ERIC,8.460000038146973,8.460000038146973,8.46500015258789,8.460000038146973,8.46500015258789,19244.0
2024-10-25 15:43:00+00:00,EVCM,10.420000076293945,10.420000076293945,10.420000076293945,10.420000076293945,10.420000076293945,1029.0
2024-10-25 15:43:00+00:00,EXLS,38.56999969482422,38.56999969482422,38.56999969482422,38.54999923706055,38.54999923706055,2567.0
2024-10-25 15:43:00+00:00,EXTR,14.345000267028809,14.345000267028809,14.345000267028809,14.345000267028809,14.345000267028809,921.0
2024-10-25 15:43:00+00:00,FARO,17.94499969482422,17.94499969482422,17.94499969482422,17.94499969482422,17.94499969482422,797.0
2024-10-25 15:43:00+00:00,FEIM,12.274999618530273,12.274999618530273,12.274999618530273,12.274999618530273,12.274999618530273,836.0
2024-10-25 15:43:00+00:00,FFIV,216.9499969482422,216.9499969482422,216.97000122070312,216.8800048828125,216.8800048828125,2381.0
2024-10-25 15:43:00+00:00,FIVN,29.729999542236328,29.729999542236328,29.75,29.729999542236328,29.75,4178.0
2024-10-25 15:43:00+00:00,FLEX,35.15999984741211,35.15999984741211,35.17499923706055,35.1510009765625,35.16999816894531,7370.0
2024-10-25 15:43:00+00:00,FLYW,17.3700008392334,17.3700008392334,17.3700008392334,17.3700008392334,17.3700008392334,1082.0
2024-10-25 15:43:00+00:00,FORM,44.84000015258789,44.84000015258789,44.84000015258789,44.81999969482422,44.81999969482422,590.0
2024-10-25 15:43:00+00:00,FROG,29.229999542236328,29.229999542236328,29.229999542236328,29.21150016784668,29.21150016784668,2943.0
2024-10-25 15:43:00+00:00,FRSH,11.604999542236328,11.604999542236328,11.604999542236328,11.600000381469727,11.600000381469727,3118.0
2024-10-25 15:43:00+00:00,FSLR,198.35000610351562,198.35000610351562,198.44500732421875,198.33999633789062,198.42999267578125,1921.0
2024-10-25 15:43:00+00:00,FTCI,0.6554999947547913,0.6554999947547913,0.6554999947547913,0.6554999947547913,0.6554999947547913,551.0
2024-10-25 15:43:00+00:00,FTNT,80.62000274658203,80.62000274658203,80.6500015258789,80.58000183105469,80.58000183105469,9298.0
2024-10-25 15:43:00+00:00,GCT,24.489999771118164,24.489999771118164,24.540000915527344,24.489999771118164,24.540000915527344,3168.0
2024-10-25 15:43:00+00:00,GDS,21.360000610351562,21.360000610351562,21.360000610351562,21.299999237060547,21.309999465942383,4108.0
2024-10-25 15:43:00+00:00,GFS,40.43000030517578,40.43000030517578,40.439998626708984,40.43000030517578,40.435001373291016,2153.0
2024-10-25 15:43:00+00:00,GPRO,1.3049999475479126,1.3049999475479126,1.3049999475479126,1.2999999523162842,1.3049999475479126,3143.0
2024-10-25 15:43:00+00:00,GRAB,4.085000038146973,4.085000038146973,4.090000152587891,4.085000038146973,4.085000038146973,31685.0
2024-10-25 15:43:00+00:00,GSIT,3.4200000762939453,3.4200000762939453,3.4200000762939453,3.4200000762939453,3.4200000762939453,1106.0
2024-10-25 15:43:00+00:00,GTLB,54.79999923706055,54.79999923706055,54.81999969482422,54.775001525878906,54.775001525878906,5323.0
2024-10-25 15:43:00+00:00,GVP,4.599999904632568,4.599999904632568,4.599999904632568,4.599999904632568,4.599999904632568,102.0
2024-10-25 15:43:00+00:00,HCP,33.6349983215332,33.6349983215332,33.6349983215332,33.630001068115234,33.6349983215332,2633.0
2024-10-25 15:43:00+00:00,HLIT,14.774999618530273,14.774999618530273,14.779999732971191,14.765000343322754,14.765000343322754,1174.0
2024-10-25 15:43:00+00:00,HOOD,27.05500030517578,27.05500030517578,27.059999465942383,27.049999237060547,27.055999755859375,17880.0
2024-10-25 15:43:00+00:00,IBEX,18.020000457763672,18.020000457763672,18.020000457763672,18.010000228881836,18.010000228881836,898.0
2024-10-25 15:43:00+00:00,III,3.055000066757202,3.055000066757202,3.055000066757202,3.055000066757202,3.055000066757202,306.0
2024-10-25 15:43:00+00:00,IMMR,8.664999961853027,8.664999961853027,8.664999961853027,8.664999961853027,8.664999961853027,311.0
2024-10-25 15:43:00+00:00,INDI,3.4649999141693115,3.4649999141693115,3.4649999141693115,3.4600000381469727,3.4649999141693115,985.0
2024-10-25 15:43:00+00:00,INOD,20.15999984741211,20.15999984741211,20.15999984741211,20.15999984741211,20.15999984741211,1074.0
2024-10-25 15:43:00+00:00,INSG,19.65999984741211,19.65999984741211,19.665000915527344,19.65999984741211,19.665000915527344,1258.0
2024-10-25 15:43:00+00:00,INTA,50.23500061035156,50.23500061035156,50.23500061035156,50.23500061035156,50.23500061035156,336.0
2024-10-25 15:43:00+00:00,INTC,22.864999771118164,22.864999771118164,22.8799991607666,22.86079978942871,22.875,49377.0
2024-10-25 15:43:00+00:00,INTU,608.8400268554688,608.8400268554688,608.8400268554688,608.8200073242188,608.8200073242188,1287.0
2024-10-25 15:43:00+00:00,IPGP,77.02999877929688,77.02999877929688,77.02999877929688,76.9800033569336,76.9800033569336,1655.0
2024-10-25 15:43:00+00:00,ITRN,27.3799991607666,27.3799991607666,27.3799991607666,27.3799991607666,27.3799991607666,1449.0
2024-10-25 15:43:00+00:00,KC,2.6649999618530273,2.6649999618530273,2.6649999618530273,2.6600000858306885,2.6600000858306885,1977.0
2024-10-25 15:43:00+00:00,KLAC,677.1699829101562,677.1699829101562,677.1699829101562,677.02001953125,677.02001953125,2122.0
2024-10-25 15:43:00+00:00,KLIC,44.689998626708984,44.689998626708984,44.70000076293945,44.689998626708984,44.70000076293945,1436.0
2024-10-25 15:43:00+00:00,KOPN,0.7843999862670898,0.7843999862670898,0.7857000231742859,0.7822999954223633,0.7822999954223633,1701.0
2024-10-25 15:43:00+00:00,KOSS,7.215000152587891,7.215000152587891,7.215000152587891,7.215000152587891,7.215000152587891,677.0
2024-10-25 15:43:00+00:00,LASR,10.386699676513672,10.386699676513672,10.386699676513672,10.386699676513672,10.386699676513672,608.0
2024-10-25 15:43:00+00:00,LINK,5.429999828338623,5.429999828338623,5.489999771118164,5.03000020980835,5.45989990234375,33129.0
2024-10-25 15:43:00+00:00,LITE,64.41999816894531,64.41999816894531,64.41999816894531,64.41999816894531,64.41999816894531,220.0
2024-10-25 15:43:00+00:00,LOGI,80.75499725341797,80.75499725341797,80.75499725341797,80.75499725341797,80.75499725341797,563.0
2024-10-25 15:43:00+00:00,LRCX,78.19000244140625,78.19000244140625,78.19999694824219,78.16020202636719,78.16999816894531,20939.0
2024-10-25 15:43:00+00:00,LSAK,5.300000190734863,5.300000190734863,5.300000190734863,5.300000190734863,5.300000190734863,5067.0
2024-10-25 15:43:00+00:00,LSCC,54.33000183105469,54.33000183105469,54.349998474121094,54.31999969482422,54.31999969482422,3562.0
2024-10-25 15:43:00+00:00,LTRX,4.074999809265137,4.074999809265137,4.074999809265137,4.074999809265137,4.074999809265137,522.0
2024-10-25 15:43:00+00:00,LYFT,13.494999885559082,13.494999885559082,13.500300407409668,13.489999771118164,13.5,34188.0
2024-10-25 15:43:00+00:00,MANH,275.9200134277344,275.9200134277344,275.9200134277344,275.8500061035156,275.8529968261719,2669.0
2024-10-25 15:43:00+00:00,MAXN,5.734499931335449,5.734499931335449,5.734499931335449,5.734499931335449,5.734499931335449,1570.0
2024-10-25 15:43:00+00:00,MCHP,76.75,76.75,76.79000091552734,76.73500061035156,76.73500061035156,6095.0
2024-10-25 15:43:00+00:00,MDB,267.8800048828125,267.8800048828125,267.8900146484375,267.6889953613281,267.7699890136719,3486.0
2024-10-25 15:43:00+00:00,MITK,8.760000228881836,8.760000228881836,8.760000228881836,8.760000228881836,8.760000228881836,1212.0
2024-10-25 15:43:00+00:00,MKSI,101.375,101.375,101.4000015258789,101.37000274658203,101.37000274658203,1391.0
2024-10-25 15:43:00+00:00,MKTW,0.5871000289916992,0.5871000289916992,0.5871000289916992,0.5871000289916992,0.5871000289916992,1147.0
2024-10-25 15:43:00+00:00,MLAB,113.21499633789062,113.21499633789062,113.21499633789062,113.21499633789062,113.21499633789062,1005.0
2024-10-25 15:43:00+00:00,MPWR,908.3499755859375,908.3499755859375,910.10498046875,907.260009765625,909.5700073242188,15444.0
2024-10-25 15:43:00+00:00,MQ,5.309999942779541,5.309999942779541,5.309999942779541,5.304999828338623,5.309999942779541,32925.0
2024-10-25 15:43:00+00:00,MRVL,82.08999633789062,82.08999633789062,82.10900115966797,82.07499694824219,82.08000183105469,10343.0
2024-10-25 15:43:00+00:00,MSFT,427.94000244140625,427.94000244140625,428.0400085449219,427.92999267578125,427.989990234375,15086.0
2024-10-25 15:43:00+00:00,MSTR,235.44659423828125,235.44659423828125,235.5500030517578,235.21009826660156,235.46209716796875,27502.0
2024-10-25 15:43:00+00:00,MTSI,121.23999786376953,121.23999786376953,121.23999786376953,121.15499877929688,121.16000366210938,4308.0
2024-10-25 15:43:00+00:00,MTTR,4.570000171661377,4.570000171661377,4.574999809265137,4.570000171661377,4.570000171661377,2699.0
2024-10-25 15:43:00+00:00,MU,108.25,108.25,108.25,108.22000122070312,108.25,13404.0
2024-10-25 15:43:00+00:00,MVIS,1.0700000524520874,1.0700000524520874,1.0714000463485718,1.0700000524520874,1.0714000463485718,1989.0
2024-10-25 15:43:00+00:00,MXL,14.770000457763672,14.770000457763672,14.770000457763672,14.75,14.75,5266.0
2024-10-25 15:43:00+00:00,NCNO,37.92499923706055,37.92499923706055,37.92499923706055,37.92499923706055,37.92499923706055,1366.0
2024-10-25 15:43:00+00:00,NEON,8.149999618530273,8.149999618530273,8.149999618530273,8.130000114440918,8.130000114440918,442.0
2024-10-25 15:43:00+00:00,NICE,174.11500549316406,174.11500549316406,174.2698974609375,174.11500549316406,174.2698974609375,2067.0
2024-10-25 15:43:00+00:00,NOVT,173.0399932861328,173.0399932861328,173.0399932861328,173.0399932861328,173.0399932861328,287.0
2024-10-25 15:43:00+00:00,NSIT,209.36000061035156,209.36000061035156,209.36000061035156,209.36000061035156,209.36000061035156,1202.0
2024-10-25 15:43:00+00:00,NTAP,119.80000305175781,119.80000305175781,119.80000305175781,119.7699966430664,119.7699966430664,1691.0
2024-10-25 15:43:00+00:00,NTCT,20.719999313354492,20.719999313354492,20.719999313354492,20.719999313354492,20.719999313354492,697.0
2024-10-25 15:43:00+00:00,NTNX,61.68000030517578,61.68000030517578,61.68000030517578,61.65999984741211,61.66999816894531,2405.0
2024-10-25 15:43:00+00:00,NVDA,142.0749969482422,142.0749969482422,142.10079956054688,142.05999755859375,142.0850067138672,187687.0
2024-10-25 15:43:00+00:00,NVEI,33.494998931884766,33.494998931884766,33.494998931884766,33.4900016784668,33.494998931884766,336.0
2024-10-25 15:43:00+00:00,NVMI,184.99000549316406,184.99000549316406,185.0,184.97999572753906,184.97999572753906,5999.0
2024-10-25 15:43:00+00:00,NVTS,2.549999952316284,2.549999952316284,2.555000066757202,2.549999952316284,2.555000066757202,630.0
2024-10-25 15:43:00+00:00,NXPI,243.61000061035156,243.61000061035156,243.63999938964844,243.5800018310547,243.5800018310547,2930.0
2024-10-25 15:43:00+00:00,OKTA,72.38999938964844,72.38999938964844,72.41999816894531,72.38999938964844,72.41999816894531,2860.0
2024-10-25 15:43:00+00:00,ON,71.36000061035156,71.36000061035156,71.41999816894531,71.36000061035156,71.375,19692.0
2024-10-25 15:43:00+00:00,ONDS,0.8489999771118164,0.8489999771118164,0.8489999771118164,0.8489999771118164,0.8489999771118164,0.0
2024-10-25 15:43:00+00:00,OSPN,14.5600004196167,14.5600004196167,14.569999694824219,14.5600004196167,14.569999694824219,1912.0
2024-10-25 15:43:00+00:00,PANW,365.9700012207031,365.9700012207031,366.010009765625,365.8699951171875,365.8699951171875,2242.0
2024-10-25 15:43:00+00:00,PAYO,8.345000267028809,8.345000267028809,8.350000381469727,8.345000267028809,8.350000381469727,6233.0
2024-10-25 15:43:00+00:00,PCTY,173.6999969482422,173.6999969482422,173.6999969482422,173.66000366210938,173.66000366210938,1239.0
2024-10-25 15:43:00+00:00,PEGA,79.8949966430664,79.8949966430664,79.91899871826172,79.77999877929688,79.8949966430664,6610.0
2024-10-25 15:43:00+00:00,PEGY,4.800000190734863,4.800000190734863,4.800000190734863,4.78000020980835,4.800000190734863,1684.0
2024-10-25 15:43:00+00:00,PET,0.7910000085830688,0.7910000085830688,0.7910000085830688,0.7910000085830688,0.7910000085830688,67.0
2024-10-25 15:43:00+00:00,PGY,11.972700119018555,11.972700119018555,11.979999542236328,11.96500015258789,11.979999542236328,2557.0
2024-10-25 15:43:00+00:00,PHUN,10.48009967803955,10.48009967803955,10.519000053405762,10.460100173950195,10.510000228881836,45405.0
2024-10-25 15:43:00+00:00,PI,202.09500122070312,202.09500122070312,202.3800048828125,202.02999877929688,202.3800048828125,11059.0
2024-10-25 15:43:00+00:00,PLAB,23.670000076293945,23.670000076293945,23.670000076293945,23.670000076293945,23.670000076293945,795.0
2024-10-25 15:43:00+00:00,PLUS,98.01000213623047,98.01000213623047,98.01000213623047,98.0,98.0,533.0
2024-10-25 15:43:00+00:00,PLXS,141.47000122070312,141.47000122070312,141.60000610351562,141.47000122070312,141.58999633789062,3244.0
2024-10-25 15:43:00+00:00,POET,3.8499999046325684,3.8499999046325684,3.8499999046325684,3.8499999046325684,3.8499999046325684,378.0
2024-10-25 15:43:00+00:00,POWI,63.36000061035156,63.36000061035156,63.369998931884766,63.34000015258789,63.349998474121094,3634.0
2024-10-25 15:43:00+00:00,PTC,187.25,187.25,187.2899932861328,187.25,187.2899932861328,1831.0
2024-10-25 15:43:00+00:00,PUBM,14.741000175476074,14.741000175476074,14.75,14.741000175476074,14.75,1951.0
2024-10-25 15:43:00+00:00,PYCR,14.350000381469727,14.350000381469727,14.354999542236328,14.350000381469727,14.350000381469727,2727.0
2024-10-25 15:43:00+00:00,QCOM,171.0399932861328,171.0399932861328,171.07000732421875,171.0,171.02999877929688,7698.0
2024-10-25 15:43:00+00:00,QLYS,120.93499755859375,120.93499755859375,120.95999908447266,120.93499755859375,120.9375,1573.0
2024-10-25 15:43:00+00:00,QRVO,99.68000030517578,99.68000030517578,99.69000244140625,99.5999984741211,99.5999984741211,4235.0
2024-10-25 15:43:00+00:00,QUBT,1.0789999961853027,1.0789999961853027,1.0789999961853027,1.0789999961853027,1.0789999961853027,635.0
2024-10-25 15:43:00+00:00,REKR,1.0850000381469727,1.0850000381469727,1.0850000381469727,1.0850000381469727,1.0850000381469727,404.0
2024-10-25 15:43:00+00:00,RELL,14.020000457763672,14.020000457763672,14.020000457763672,14.020000457763672,14.020000457763672,1615.0
2024-10-25 15:43:00+00:00,RELY,14.895000457763672,14.895000457763672,14.899999618530273,14.890000343322754,14.899999618530273,1966.0
2024-10-25 15:43:00+00:00,RGTI,1.215000033378601,1.215000033378601,1.215000033378601,1.215000033378601,1.215000033378601,5106.0
2024-10-25 15:43:00+00:00,RIOT,9.75100040435791,9.75100040435791,9.759900093078613,9.75,9.755000114440918,51686.0
2024-10-25 15:43:00+00:00,RMBS,43.52000045776367,43.52000045776367,43.54999923706055,43.52000045776367,43.54999923706055,2833.0
2024-10-25 15:43:00+00:00,RMNI,1.7300000190734863,1.7300000190734863,1.7300000190734863,1.725000023841858,1.725000023841858,320.0
2024-10-25 15:43:00+00:00,RPAY,7.724999904632568,7.724999904632568,7.730000019073486,7.724999904632568,7.730000019073486,1159.0
2024-10-25 15:43:00+00:00,RPD,39.05500030517578,39.05500030517578,39.06999969482422,39.05500030517578,39.060001373291016,816.0
2024-10-25 15:43:00+00:00,RUM,5.675000190734863,5.675000190734863,5.678500175476074,5.670000076293945,5.670000076293945,2704.0
2024-10-25 15:43:00+00:00,RUN,14.404999732971191,14.404999732971191,14.40999984741211,14.395000457763672,14.404999732971191,21320.0
2024-10-25 15:43:00+00:00,SANM,67.56999969482422,67.56999969482422,67.56999969482422,67.56999969482422,67.56999969482422,962.0
2024-10-25 15:43:00+00:00,SATS,25.149999618530273,25.149999618530273,25.149999618530273,25.149999618530273,25.149999618530273,694.0
2024-10-25 15:43:00+00:00,SCSC,45.0099983215332,45.0099983215332,45.0099983215332,45.0099983215332,45.0099983215332,611.0
2024-10-25 15:43:00+00:00,SCWX,8.375,8.375,8.375,8.375,8.375,586.0
2024-10-25 15:43:00+00:00,SEDG,16.139999389648438,16.139999389648438,16.15999984741211,16.1200008392334,16.14900016784668,29461.0
2024-10-25 15:43:00+00:00,SHLS,5.184999942779541,5.184999942779541,5.184999942779541,5.179999828338623,5.179999828338623,1970.0
2024-10-25 15:43:00+00:00,SMCI,47.560001373291016,47.560001373291016,47.56999969482422,47.52009963989258,47.560001373291016,68923.0
2024-10-25 15:43:00+00:00,SMTC,45.63999938964844,45.63999938964844,45.720001220703125,45.63999938964844,45.70000076293945,5397.0
2024-10-25 15:43:00+00:00,SNCR,10.645000457763672,10.645000457763672,10.645000457763672,10.645000457763672,10.645000457763672,195.0
2024-10-25 15:43:00+00:00,SONO,12.654999732971191,12.654999732971191,12.654999732971191,12.654999732971191,12.654999732971191,2027.0
2024-10-25 15:43:00+00:00,SOUN,5.179999828338623,5.179999828338623,5.190000057220459,5.179999828338623,5.180200099945068,11781.0
2024-10-25 15:43:00+00:00,SPSC,169.5449981689453,169.5449981689453,169.5449981689453,169.47999572753906,169.47999572753906,2307.0
2024-10-25 15:43:00+00:00,SPT,26.9950008392334,26.9950008392334,26.9950008392334,26.920000076293945,26.920000076293945,3229.0
2024-10-25 15:43:00+00:00,SRAD,12.3100004196167,12.3100004196167,12.3149995803833,12.3100004196167,12.3100004196167,3462.0
2024-10-25 15:43:00+00:00,SSNC,70.25,70.25,70.29499816894531,70.24500274658203,70.29499816894531,24536.0
2024-10-25 15:43:00+00:00,SSTI,11.069999694824219,11.069999694824219,11.069999694824219,11.069999694824219,11.069999694824219,240.0
2024-10-25 15:43:00+00:00,SSYS,7.039999961853027,7.039999961853027,7.039999961853027,7.019999980926514,7.019999980926514,2664.0
2024-10-25 15:43:00+00:00,STNE,11.46500015258789,11.46500015258789,11.46500015258789,11.460000038146973,11.460000038146973,6395.0
2024-10-25 15:43:00+00:00,STX,103.44999694824219,103.44999694824219,103.44999694824219,103.27999877929688,103.27999877929688,14446.0
2024-10-25 15:43:00+00:00,SURG,1.7400000095367432,1.7400000095367432,1.7400000095367432,1.7400000095367432,1.7400000095367432,200.0
2024-10-25 15:43:00+00:00,SVRE,0.07999999821186066,0.07999999821186066,0.07999999821186066,0.07999999821186066,0.07999999821186066,20584.0
2024-10-25 15:43:00+00:00,SWKS,95.76000213623047,95.76000213623047,95.77999877929688,95.76000213623047,95.7699966430664,2135.0
2024-10-25 15:43:00+00:00,SYTA,1.2949999570846558,1.2949999570846558,1.2990000247955322,1.2949999570846558,1.2990000247955322,235.0
2024-10-25 15:43:00+00:00,TEAM,188.4600067138672,188.4600067138672,188.52999877929688,188.4600067138672,188.50999450683594,2859.0
2024-10-25 15:43:00+00:00,TENB,41.720001220703125,41.720001220703125,41.7400016784668,41.709999084472656,41.709999084472656,2779.0
2024-10-25 15:43:00+00:00,TER,112.2699966430664,112.2699966430664,112.33000183105469,112.2699966430664,112.33000183105469,4135.0
2024-10-25 15:43:00+00:00,TRMB,60.91999816894531,60.91999816894531,60.93000030517578,60.90999984741211,60.91999816894531,2340.0
2024-10-25 15:43:00+00:00,TROO,2.2300000190734863,2.2300000190734863,2.2699999809265137,2.2300000190734863,2.2699999809265137,356.0
2024-10-25 15:43:00+00:00,TSEM,44.85499954223633,44.85499954223633,44.869998931884766,44.810001373291016,44.810001373291016,5480.0
2024-10-25 15:43:00+00:00,TTD,119.27999877929688,119.27999877929688,119.27999877929688,119.21499633789062,119.21499633789062,4416.0
2024-10-25 15:43:00+00:00,TTEC,5.355000019073486,5.355000019073486,5.360000133514404,5.349999904632568,5.349999904632568,4172.0
2024-10-25 15:43:00+00:00,TTMI,19.68000030517578,19.68000030517578,19.68000030517578,19.639999389648438,19.639999389648438,5231.0
2024-10-25 15:43:00+00:00,TWKS,4.440000057220459,4.440000057220459,4.445000171661377,4.440000057220459,4.445000171661377,1293.0
2024-10-25 15:43:00+00:00,TXN,207.5449981689453,207.5449981689453,207.60000610351562,207.48500061035156,207.52000427246094,11528.0
2024-10-25 15:43:00+00:00,UCTT,35.834999084472656,35.834999084472656,35.834999084472656,35.810001373291016,35.810001373291016,1894.0
2024-10-25 15:43:00+00:00,VECO,29.40999984741211,29.40999984741211,29.40999984741211,29.40999984741211,29.40999984741211,395.0
2024-10-25 15:43:00+00:00,VERX,42.063201904296875,42.063201904296875,42.063201904296875,42.063201904296875,42.063201904296875,826.0
2024-10-25 15:43:00+00:00,VIAV,9.164999961853027,9.164999961853027,9.175000190734863,9.164999961853027,9.175000190734863,4573.0
2024-10-25 15:43:00+00:00,VICR,46.369998931884766,46.369998931884766,46.369998931884766,46.369998931884766,46.369998931884766,1208.0
2024-10-25 15:43:00+00:00,VMEO,4.760000228881836,4.760000228881836,4.760000228881836,4.755000114440918,4.755000114440918,644.0
2024-10-25 15:43:00+00:00,VNET,3.365000009536743,3.365000009536743,3.365000009536743,3.365000009536743,3.365000009536743,2513.0
2024-10-25 15:43:00+00:00,VRNS,56.880001068115234,56.880001068115234,56.900001525878906,56.84000015258789,56.84000015258789,10483.0
2024-10-25 15:43:00+00:00,VRNT,21.829999923706055,21.829999923706055,21.829999923706055,21.829999923706055,21.829999923706055,1665.0
2024-10-25 15:43:00+00:00,VRSN,181.82000732421875,181.82000732421875,181.82000732421875,181.6300048828125,181.66000366210938,4148.0
2024-10-25 15:43:00+00:00,VS,2.4700000286102295,2.4700000286102295,2.4700000286102295,2.4700000286102295,2.4700000286102295,250.0
2024-10-25 15:43:00+00:00,VSAT,10.239999771118164,10.239999771118164,10.239999771118164,10.229100227355957,10.229100227355957,2734.0
2024-10-25 15:43:00+00:00,WDAY,238.2899932861328,238.2899932861328,238.36000061035156,238.2899932861328,238.30599975585938,5179.0
2024-10-25 15:43:00+00:00,WDC,70.06999969482422,70.06999969482422,70.06999969482422,69.94000244140625,69.9800033569336,30945.0
2024-10-25 15:43:00+00:00,WISA,2.0028998851776123,2.0028998851776123,2.0028998851776123,2.0028998851776123,2.0028998851776123,1236.0
2024-10-25 15:43:00+00:00,WIX,164.58999633789062,164.58999633789062,164.58999633789062,164.5850067138672,164.5850067138672,938.0
2024-10-25 15:43:00+00:00,WLDS,3.5199999809265137,3.5199999809265137,3.6022000312805176,3.5199999809265137,3.6022000312805176,1446.0
2024-10-25 15:43:00+00:00,XPER,9.395000457763672,9.395000457763672,9.395000457763672,9.395000457763672,9.395000457763672,328.0
2024-10-25 15:43:00+00:00,XRX,9.994999885559082,9.994999885559082,9.994999885559082,9.994999885559082,9.994999885559082,504.0
2024-10-25 15:43:00+00:00,ZBRA,360.8399963378906,360.8399963378906,360.8500061035156,360.8399963378906,360.8500061035156,1221.0
2024-10-25 15:43:00+00:00,ZI,10.515000343322754,10.515000343322754,10.515000343322754,10.515000343322754,10.515000343322754,8646.0
2024-10-25 15:43:00+00:00,ZM,72.93000030517578,72.93000030517578,72.94000244140625,72.93000030517578,72.94000244140625,6252.0
2024-10-25 15:43:00+00:00,ZS,184.7899932861328,184.7899932861328,184.7899932861328,184.6800994873047,184.68499755859375,2816.0
2024-10-25 15:44:00+00:00,AAOI,17.40999984741211,17.40999984741211,17.509000778198242,17.40999984741211,17.5,37484.0
2024-10-25 15:44:00+00:00,AAPL,231.47000122070312,231.47000122070312,231.52000427246094,231.4250030517578,231.43499755859375,63831.0
2024-10-25 15:44:00+00:00,ACIW,48.900001525878906,48.900001525878906,48.900001525878906,48.900001525878906,48.900001525878906,387.0
2024-10-25 15:44:00+00:00,ACLS,90.12999725341797,90.12999725341797,90.12999725341797,90.12999725341797,90.12999725341797,438.0
2024-10-25 15:44:00+00:00,ACMR,19.655000686645508,19.655000686645508,19.655000686645508,19.639999389648438,19.640100479125977,3708.0
2024-10-25 15:44:00+00:00,ADBE,483.2900085449219,483.2900085449219,483.30999755859375,483.20001220703125,483.2950134277344,2762.0
2024-10-25 15:44:00+00:00,ADI,231.02999877929688,231.02999877929688,231.08999633789062,230.99000549316406,231.08999633789062,2894.0
2024-10-25 15:44:00+00:00,ADSK,286.864990234375,286.864990234375,286.864990234375,286.7900085449219,286.8500061035156,633.0
2024-10-25 15:44:00+00:00,ADTN,6.284999847412109,6.284999847412109,6.284999847412109,6.284999847412109,6.284999847412109,387.0
2024-10-25 15:44:00+00:00,AEHR,17.040000915527344,17.040000915527344,17.04990005493164,17.040000915527344,17.04990005493164,1762.0
2024-10-25 15:44:00+00:00,AFRM,41.05500030517578,41.05500030517578,41.07500076293945,41.025001525878906,41.029998779296875,14794.0
2024-10-25 15:44:00+00:00,AGMH,1.7999999523162842,1.7999999523162842,1.7999999523162842,1.7999999523162842,1.7999999523162842,827.0
2024-10-25 15:44:00+00:00,AGYS,109.77999877929688,109.77999877929688,110.0199966430664,109.77999877929688,110.0199966430664,1627.0
2024-10-25 15:44:00+00:00,AKAM,101.84500122070312,101.84500122070312,101.8499984741211,101.83000183105469,101.83000183105469,3414.0
2024-10-25 15:44:00+00:00,ALGM,23.149999618530273,23.149999618530273,23.19499969482422,23.139999389648438,23.19499969482422,8854.0
2024-10-25 15:44:00+00:00,ALKT,38.27000045776367,38.27000045776367,38.290000915527344,38.2599983215332,38.2599983215332,1611.0
2024-10-25 15:44:00+00:00,ALRM,54.59000015258789,54.59000015258789,54.59000015258789,54.58000183105469,54.58000183105469,1067.0
2024-10-25 15:44:00+00:00,ALTR,103.83999633789062,103.83999633789062,103.83999633789062,103.83999633789062,103.83999633789062,986.0
2024-10-25 15:44:00+00:00,AMAT,187.40499877929688,187.40499877929688,187.55999755859375,187.40499877929688,187.47000122070312,10042.0
2024-10-25 15:44:00+00:00,AMD,156.60000610351562,156.60000610351562,156.63999938964844,156.58999633789062,156.6199951171875,26759.0
2024-10-25 15:44:00+00:00,AMKR,30.1200008392334,30.1200008392334,30.139999389648438,30.1200008392334,30.139999389648438,2338.0
2024-10-25 15:44:00+00:00,AMPL,9.125,9.125,9.125,9.125,9.125,1031.0
2024-10-25 15:44:00+00:00,ANSS,323.8450012207031,323.8450012207031,323.989990234375,323.7724914550781,323.989990234375,459.0
2024-10-25 15:44:00+00:00,ANY,1.0700000524520874,1.0700000524520874,1.0700000524520874,1.0700000524520874,1.0700000524520874,400.0
2024-10-25 15:44:00+00:00,AOSL,36.150001525878906,36.150001525878906,36.150001525878906,36.150001525878906,36.150001525878906,814.0
2024-10-25 15:44:00+00:00,API,2.8301000595092773,2.8301000595092773,2.8450000286102295,2.8301000595092773,2.8399999141693115,10942.0
2024-10-25 15:44:00+00:00,APP,162.2100067138672,162.2100067138672,162.2100067138672,161.93499755859375,161.93499755859375,11220.0
2024-10-25 15:44:00+00:00,APPF,213.11000061035156,213.11000061035156,213.11000061035156,212.8000030517578,212.8000030517578,5593.0
2024-10-25 15:44:00+00:00,APPN,32.33000183105469,32.33000183105469,32.33000183105469,32.33000183105469,32.33000183105469,776.0
2024-10-25 15:44:00+00:00,APPS,3.069999933242798,3.069999933242798,3.069999933242798,3.063999891281128,3.069999933242798,1143.0
2024-10-25 15:44:00+00:00,ARRY,6.494999885559082,6.494999885559082,6.519999980926514,6.494999885559082,6.514999866485596,51108.0
2024-10-25 15:44:00+00:00,ASML,713.8250122070312,713.8250122070312,714.0,713.8250122070312,714.0,1258.0
2024-10-25 15:44:00+00:00,ASUR,9.739999771118164,9.739999771118164,9.739999771118164,9.720000267028809,9.720000267028809,613.0
2024-10-25 15:44:00+00:00,AUR,6.394999980926514,6.394999980926514,6.394999980926514,6.389999866485596,6.394999980926514,7488.0
2024-10-25 15:44:00+00:00,AVDX,8.09000015258789,8.09000015258789,8.095000267028809,8.09000015258789,8.095000267028809,5604.0
2024-10-25 15:44:00+00:00,AVGO,173.71499633789062,173.71499633789062,173.8300018310547,173.6999969482422,173.7550048828125,21696.0
2024-10-25 15:44:00+00:00,AVT,54.1150016784668,54.1150016784668,54.119998931884766,54.11000061035156,54.119998931884766,661.0
2024-10-25 15:44:00+00:00,AXTI,2.6600000858306885,2.6600000858306885,2.6600000858306885,2.6549999713897705,2.6549999713897705,1310.0
2024-10-25 15:44:00+00:00,BAND,17.937999725341797,17.937999725341797,17.940000534057617,17.937999725341797,17.940000534057617,565.0
2024-10-25 15:44:00+00:00,BASE,16.309999465942383,16.309999465942383,16.309999465942383,16.280000686645508,16.280000686645508,1414.0
2024-10-25 15:44:00+00:00,BCOV,2.2750000953674316,2.2750000953674316,2.2750000953674316,2.2750000953674316,2.2750000953674316,176.0
2024-10-25 15:44:00+00:00,BL,56.349998474121094,56.349998474121094,56.38999938964844,56.349998474121094,56.38999938964844,2853.0
2024-10-25 15:44:00+00:00,BLKB,85.69999694824219,85.69999694824219,85.69999694824219,85.68000030517578,85.68000030517578,590.0
2024-10-25 15:44:00+00:00,BMBL,7.184999942779541,7.184999942779541,7.184999942779541,7.159999847412109,7.159999847412109,8717.0
2024-10-25 15:44:00+00:00,BRZE,30.739999771118164,30.739999771118164,30.75,30.725000381469727,30.729999542236328,4892.0
2024-10-25 15:44:00+00:00,BSY,49.06999969482422,49.06999969482422,49.06999969482422,49.06999969482422,49.06999969482422,109.0
2024-10-25 15:44:00+00:00,CAMT,78.0199966430664,78.0199966430664,78.0199966430664,78.0199966430664,78.0199966430664,670.0
2024-10-25 15:44:00+00:00,CAN,0.9736999869346619,0.9736999869346619,0.9764999747276306,0.9736999869346619,0.9736999869346619,1005.0
2024-10-25 15:44:00+00:00,CDNS,257.4150085449219,257.4150085449219,257.4700012207031,257.2799987792969,257.2799987792969,7755.0
2024-10-25 15:44:00+00:00,CDW,217.77999877929688,217.77999877929688,217.8350067138672,217.73199462890625,217.77499389648438,2020.0
2024-10-25 15:44:00+00:00,CETX,0.2944999933242798,0.2944999933242798,0.29510000348091125,0.2944999933242798,0.29510000348091125,430.0
2024-10-25 15:44:00+00:00,CFLT,22.434999465942383,22.434999465942383,22.440000534057617,22.43000030517578,22.434999465942383,3096.0
2024-10-25 15:44:00+00:00,CGNT,6.619999885559082,6.619999885559082,6.619999885559082,6.619999885559082,6.619999885559082,154.0
2024-10-25 15:44:00+00:00,CGNX,38.915000915527344,38.915000915527344,38.915000915527344,38.904998779296875,38.90999984741211,6083.0
2024-10-25 15:44:00+00:00,CLBT,18.174999237060547,18.174999237060547,18.174999237060547,18.174999237060547,18.174999237060547,320.0
2024-10-25 15:44:00+00:00,CLFD,36.2400016784668,36.2400016784668,36.2400016784668,36.2400016784668,36.2400016784668,518.0
2024-10-25 15:44:00+00:00,CLSK,11.53499984741211,11.53499984741211,11.5649995803833,11.530099868774414,11.555000305175781,45063.0
2024-10-25 15:44:00+00:00,CMBM,1.2799999713897705,1.2799999713897705,1.2799999713897705,1.2799999713897705,1.2799999713897705,913.0
2024-10-25 15:44:00+00:00,CNDT,3.5950000286102295,3.5950000286102295,3.5950000286102295,3.5899999141693115,3.5899999141693115,1078.0
2024-10-25 15:44:00+00:00,CNXN,70.04000091552734,70.04000091552734,70.04000091552734,70.04000091552734,70.04000091552734,102.0
2024-10-25 15:44:00+00:00,COHR,95.7699966430664,95.7699966430664,95.7699966430664,95.69999694824219,95.72000122070312,6547.0
2024-10-25 15:44:00+00:00,COHU,25.93000030517578,25.93000030517578,25.93000030517578,25.93000030517578,25.93000030517578,406.0
2024-10-25 15:44:00+00:00,COIN,205.16000366210938,205.16000366210938,205.25999450683594,205.0500030517578,205.1649932861328,11851.0
2024-10-25 15:44:00+00:00,COMM,6.215000152587891,6.215000152587891,6.215000152587891,6.215000152587891,6.215000152587891,3003.0
2024-10-25 15:44:00+00:00,CORZ,13.369999885559082,13.369999885559082,13.390000343322754,13.364999771118164,13.375,19040.0
2024-10-25 15:44:00+00:00,CPTN,3.1449999809265137,3.1449999809265137,3.1449999809265137,3.1449999809265137,3.1449999809265137,100.0
2024-10-25 15:44:00+00:00,CRCT,6.579999923706055,6.579999923706055,6.579999923706055,6.574999809265137,6.574999809265137,1239.0
2024-10-25 15:44:00+00:00,CRDO,39.150001525878906,39.150001525878906,39.16999816894531,39.150001525878906,39.150001525878906,4112.0
2024-10-25 15:44:00+00:00,CRNC,2.924999952316284,2.924999952316284,2.924999952316284,2.924999952316284,2.924999952316284,295.0
2024-10-25 15:44:00+00:00,CRSR,6.309999942779541,6.309999942779541,6.309999942779541,6.309999942779541,6.309999942779541,811.0
2024-10-25 15:44:00+00:00,CRUS,122.54000091552734,122.54000091552734,122.54000091552734,122.48999786376953,122.51000213623047,1694.0
2024-10-25 15:44:00+00:00,CRWD,299.8059997558594,299.8059997558594,300.0,299.6900939941406,299.760009765625,27083.0
2024-10-25 15:44:00+00:00,CSCO,55.79999923706055,55.79999923706055,55.810001373291016,55.775001525878906,55.78499984741211,51342.0
2024-10-25 15:44:00+00:00,CSGS,47.26499938964844,47.26499938964844,47.26499938964844,47.26499938964844,47.26499938964844,359.0
2024-10-25 15:44:00+00:00,CSIQ,13.430000305175781,13.430000305175781,13.430000305175781,13.404999732971191,13.404999732971191,3646.0
2024-10-25 15:44:00+00:00,CTLP,8.895000457763672,8.895000457763672,8.899999618530273,8.895000457763672,8.899999618530273,1862.0
2024-10-25 15:44:00+00:00,CTSH,74.73999786376953,74.73999786376953,74.77999877929688,74.73999786376953,74.7699966430664,5040.0
2024-10-25 15:44:00+00:00,CVLT,134.6024932861328,134.6024932861328,134.7050018310547,134.60000610351562,134.7050018310547,5421.0
2024-10-25 15:44:00+00:00,DAVE,38.630001068115234,38.630001068115234,38.63999938964844,38.599998474121094,38.599998474121094,1769.0
2024-10-25 15:44:00+00:00,DBX,26.065000534057617,26.065000534057617,26.06999969482422,26.065000534057617,26.065000534057617,9781.0
2024-10-25 15:44:00+00:00,DDOG,126.69999694824219,126.69999694824219,126.70999908447266,126.6500015258789,126.6500015258789,8842.0
2024-10-25 15:44:00+00:00,DGII,29.989999771118164,29.989999771118164,30.030000686645508,29.989999771118164,30.030000686645508,732.0
2024-10-25 15:44:00+00:00,DIOD,64.98999786376953,64.98999786376953,64.98999786376953,64.98999786376953,64.98999786376953,256.0
2024-10-25 15:44:00+00:00,DMRC,32.060001373291016,32.060001373291016,32.060001373291016,32.060001373291016,32.060001373291016,845.0
2024-10-25 15:44:00+00:00,DOCU,68.73999786376953,68.73999786376953,68.75,68.6500015258789,68.6500015258789,12911.0
2024-10-25 15:44:00+00:00,DOMO,8.095000267028809,8.095000267028809,8.095000267028809,8.095000267028809,8.095000267028809,1596.0
2024-10-25 15:44:00+00:00,DOX,88.9749984741211,88.9749984741211,89.01000213623047,88.9749984741211,89.01000213623047,2011.0
2024-10-25 15:44:00+00:00,DTSS,2.490000009536743,2.490000009536743,2.490000009536743,2.490000009536743,2.490000009536743,100.0
2024-10-25 15:44:00+00:00,EGAN,4.900000095367432,4.900000095367432,4.900000095367432,4.849999904632568,4.849999904632568,784.0
2024-10-25 15:44:00+00:00,ENPH,84.13999938964844,84.13999938964844,84.18000030517578,84.10060119628906,84.10060119628906,11976.0
2024-10-25 15:44:00+00:00,ENTG,105.52999877929688,105.52999877929688,105.55000305175781,105.47000122070312,105.48999786376953,3107.0
2024-10-25 15:44:00+00:00,ERIC,8.46500015258789,8.46500015258789,8.46500015258789,8.460000038146973,8.46500015258789,24157.0
2024-10-25 15:44:00+00:00,EXLS,38.56999969482422,38.56999969482422,38.56999969482422,38.56999969482422,38.56999969482422,609.0
2024-10-25 15:44:00+00:00,EXTR,14.345000267028809,14.345000267028809,14.350000381469727,14.345000267028809,14.349900245666504,2746.0
2024-10-25 15:44:00+00:00,FFIV,217.06500244140625,217.06500244140625,217.07000732421875,216.97999572753906,216.97999572753906,3701.0
2024-10-25 15:44:00+00:00,FIVN,29.729999542236328,29.729999542236328,29.739999771118164,29.719999313354492,29.729999542236328,1884.0
2024-10-25 15:44:00+00:00,FLEX,35.15999984741211,35.15999984741211,35.17499923706055,35.150001525878906,35.165000915527344,6619.0
2024-10-25 15:44:00+00:00,FLYW,17.329999923706055,17.329999923706055,17.3700008392334,17.329999923706055,17.3700008392334,5142.0
2024-10-25 15:44:00+00:00,FORM,44.900001525878906,44.900001525878906,44.900001525878906,44.84000015258789,44.84000015258789,2607.0
2024-10-25 15:44:00+00:00,FRSH,11.600000381469727,11.600000381469727,11.604999542236328,11.600000381469727,11.604999542236328,1837.0
2024-10-25 15:44:00+00:00,FSLR,198.39999389648438,198.39999389648438,198.47000122070312,198.39999389648438,198.39999389648438,3297.0
2024-10-25 15:44:00+00:00,FTCI,0.6564000248908997,0.6564000248908997,0.6564000248908997,0.6557000279426575,0.6557000279426575,7408.0
2024-10-25 15:44:00+00:00,FTNT,80.62000274658203,80.62000274658203,80.63999938964844,80.61000061035156,80.61499786376953,5892.0
2024-10-25 15:44:00+00:00,GCT,24.450000762939453,24.450000762939453,24.465499877929688,24.450000762939453,24.465499877929688,1454.0
2024-10-25 15:44:00+00:00,GDS,21.350000381469727,21.350000381469727,21.350000381469727,21.350000381469727,21.350000381469727,738.0
2024-10-25 15:44:00+00:00,GDYN,15.619999885559082,15.619999885559082,15.619999885559082,15.619999885559082,15.619999885559082,458.0
2024-10-25 15:44:00+00:00,GFS,40.43000030517578,40.43000030517578,40.43000030517578,40.43000030517578,40.43000030517578,1856.0
2024-10-25 15:44:00+00:00,GPRO,1.2999999523162842,1.2999999523162842,1.3049999475479126,1.2999999523162842,1.2999999523162842,931.0
2024-10-25 15:44:00+00:00,GRAB,4.085000038146973,4.085000038146973,4.090000152587891,4.085000038146973,4.085000038146973,55500.0
2024-10-25 15:44:00+00:00,GTLB,54.82500076293945,54.82500076293945,54.82500076293945,54.80500030517578,54.80500030517578,3107.0
2024-10-25 15:44:00+00:00,HCP,33.6349983215332,33.6349983215332,33.63999938964844,33.6349983215332,33.63999938964844,194000.0
2024-10-25 15:44:00+00:00,HIMX,6.15500020980835,6.15500020980835,6.15500020980835,6.15500020980835,6.15500020980835,1921.0
2024-10-25 15:44:00+00:00,HLIT,14.779999732971191,14.779999732971191,14.779999732971191,14.774999618530273,14.774999618530273,880.0
2024-10-25 15:44:00+00:00,HOLO,3.5999999046325684,3.5999999046325684,3.5999999046325684,3.5999999046325684,3.5999999046325684,114.0
2024-10-25 15:44:00+00:00,HOOD,27.075000762939453,27.075000762939453,27.079999923706055,27.05500030517578,27.05500030517578,21411.0
2024-10-25 15:44:00+00:00,ICHR,27.639999389648438,27.639999389648438,27.639999389648438,27.639999389648438,27.639999389648438,1292.0
2024-10-25 15:44:00+00:00,III,3.0555999279022217,3.0555999279022217,3.0555999279022217,3.055000066757202,3.055000066757202,3099.0
2024-10-25 15:44:00+00:00,IIIV,22.8799991607666,22.8799991607666,22.8799991607666,22.8799991607666,22.8799991607666,1215.0
2024-10-25 15:44:00+00:00,IMMR,8.65999984741211,8.65999984741211,8.664199829101562,8.65999984741211,8.664199829101562,1939.0
2024-10-25 15:44:00+00:00,IMXI,17.6299991607666,17.6299991607666,17.6299991607666,17.6299991607666,17.6299991607666,761.0
2024-10-25 15:44:00+00:00,INDI,3.4600000381469727,3.4600000381469727,3.4649999141693115,3.4600000381469727,3.4649999141693115,1474.0
2024-10-25 15:44:00+00:00,INFN,6.769999980926514,6.769999980926514,6.769999980926514,6.769999980926514,6.769999980926514,606.0
2024-10-25 15:44:00+00:00,INOD,20.15999984741211,20.15999984741211,20.15999984741211,20.15999984741211,20.15999984741211,422.0
2024-10-25 15:44:00+00:00,INTA,50.23500061035156,50.23500061035156,50.25,50.23500061035156,50.25,1259.0
2024-10-25 15:44:00+00:00,INTC,22.854999542236328,22.854999542236328,22.868999481201172,22.850000381469727,22.864999771118164,33974.0
2024-10-25 15:44:00+00:00,INTU,608.9450073242188,608.9450073242188,609.0499877929688,608.780029296875,609.0499877929688,2481.0
2024-10-25 15:44:00+00:00,IPGP,77.02999877929688,77.02999877929688,77.02999877929688,77.02999877929688,77.02999877929688,685.0
2024-10-25 15:44:00+00:00,ITI,7.195000171661377,7.195000171661377,7.199999809265137,7.195000171661377,7.199999809265137,247.0
2024-10-25 15:44:00+00:00,ITRI,102.73999786376953,102.73999786376953,102.76499938964844,102.73999786376953,102.76499938964844,230.0
2024-10-25 15:44:00+00:00,ITRN,27.389999389648438,27.389999389648438,27.389999389648438,27.389999389648438,27.389999389648438,479.0
2024-10-25 15:44:00+00:00,JAMF,16.7549991607666,16.7549991607666,16.7549991607666,16.75,16.75,1192.0
2024-10-25 15:44:00+00:00,JKHY,182.82000732421875,182.82000732421875,182.82000732421875,182.72999572753906,182.72999572753906,2339.0
2024-10-25 15:44:00+00:00,KC,2.6600000858306885,2.6600000858306885,2.6649999618530273,2.6600000858306885,2.6600000858306885,1118.0
2024-10-25 15:44:00+00:00,KLAC,677.2050170898438,677.2050170898438,677.2050170898438,677.1925048828125,677.2050170898438,692.0
2024-10-25 15:44:00+00:00,KLIC,44.619998931884766,44.619998931884766,44.689998626708984,44.619998931884766,44.689998626708984,2694.0
2024-10-25 15:44:00+00:00,KLTR,1.315000057220459,1.315000057220459,1.315000057220459,1.315000057220459,1.315000057220459,161.0
2024-10-25 15:44:00+00:00,KOPN,0.7822999954223633,0.7822999954223633,0.7822999954223633,0.7822999954223633,0.7822999954223633,100.0
2024-10-25 15:44:00+00:00,LASR,10.369999885559082,10.369999885559082,10.380000114440918,10.369999885559082,10.380000114440918,1276.0
2024-10-25 15:44:00+00:00,LINK,5.170000076293945,5.170000076293945,5.385799884796143,5.079999923706055,5.130000114440918,14976.0
2024-10-25 15:44:00+00:00,LITE,64.4000015258789,64.4000015258789,64.41999816894531,64.38999938964844,64.41999816894531,3560.0
2024-10-25 15:44:00+00:00,LOGI,80.74189758300781,80.74189758300781,80.75,80.74189758300781,80.75,739.0
2024-10-25 15:44:00+00:00,LRCX,78.13500213623047,78.13500213623047,78.21499633789062,78.12999725341797,78.19000244140625,15703.0
2024-10-25 15:44:00+00:00,LSCC,54.38999938964844,54.38999938964844,54.38999938964844,54.36000061035156,54.36000061035156,3219.0
2024-10-25 15:44:00+00:00,LTRX,4.070000171661377,4.070000171661377,4.070000171661377,4.070000171661377,4.070000171661377,108.0
2024-10-25 15:44:00+00:00,LYFT,13.46500015258789,13.46500015258789,13.494999885559082,13.454999923706055,13.494999885559082,96999.0
2024-10-25 15:44:00+00:00,MANH,275.989990234375,275.989990234375,275.989990234375,275.989990234375,275.989990234375,1157.0
2024-10-25 15:44:00+00:00,MAPS,0.8302000164985657,0.8302000164985657,0.8302000164985657,0.8302000164985657,0.8302000164985657,276.0
2024-10-25 15:44:00+00:00,MCHP,76.73999786376953,76.73999786376953,76.75,76.73500061035156,76.75,6743.0
2024-10-25 15:44:00+00:00,MDB,268.1600036621094,268.1600036621094,268.1600036621094,267.9200134277344,268.0,3012.0
2024-10-25 15:44:00+00:00,MKSI,101.375,101.375,101.375,101.375,101.375,415.0
2024-10-25 15:44:00+00:00,MNDY,298.7699890136719,298.7699890136719,298.7699890136719,298.54998779296875,298.54998779296875,2858.0
2024-10-25 15:44:00+00:00,MPWR,908.8165283203125,908.8165283203125,908.8165283203125,908.8165283203125,908.8165283203125,938.0
2024-10-25 15:44:00+00:00,MQ,5.309999942779541,5.309999942779541,5.309999942779541,5.304999828338623,5.309999942779541,14015.0
2024-10-25 15:44:00+00:00,MRAM,6.380000114440918,6.380000114440918,6.389999866485596,6.364999771118164,6.364999771118164,3051.0
2024-10-25 15:44:00+00:00,MRVL,82.05999755859375,82.05999755859375,82.1050033569336,82.05999755859375,82.08499908447266,11285.0
2024-10-25 15:44:00+00:00,MSFT,427.8599853515625,427.8599853515625,428.0098876953125,427.8559875488281,427.9800109863281,14219.0
2024-10-25 15:44:00+00:00,MSTR,235.36000061035156,235.36000061035156,235.5500030517578,235.13600158691406,235.42999267578125,42539.0
2024-10-25 15:44:00+00:00,MTLS,5.909999847412109,5.909999847412109,5.909999847412109,5.909999847412109,5.909999847412109,2911.0
2024-10-25 15:44:00+00:00,MTSI,121.29000091552734,121.29000091552734,121.38999938964844,121.16000366210938,121.18000030517578,5556.0
2024-10-25 15:44:00+00:00,MTTR,4.574999809265137,4.574999809265137,4.574999809265137,4.570000171661377,4.570000171661377,5353.0
2024-10-25 15:44:00+00:00,MU,108.2699966430664,108.2699966430664,108.30000305175781,108.26000213623047,108.26000213623047,20783.0
2024-10-25 15:44:00+00:00,MVIS,1.0750000476837158,1.0750000476837158,1.0750000476837158,1.0700000524520874,1.0750000476837158,11220.0
2024-10-25 15:44:00+00:00,MXL,14.78499984741211,14.78499984741211,14.78499984741211,14.770000457763672,14.770000457763672,5106.0
2024-10-25 15:44:00+00:00,NCNO,37.892799377441406,37.892799377441406,37.935001373291016,37.88999938964844,37.92499923706055,8621.0
2024-10-25 15:44:00+00:00,NICE,174.39999389648438,174.39999389648438,174.39999389648438,174.17999267578125,174.17999267578125,4581.0
2024-10-25 15:44:00+00:00,NNDM,2.325000047683716,2.325000047683716,2.325000047683716,2.325000047683716,2.325000047683716,620.0
2024-10-25 15:44:00+00:00,NOVT,172.89100646972656,172.89100646972656,172.9550018310547,172.89100646972656,172.9550018310547,1118.0
2024-10-25 15:44:00+00:00,NTAP,119.77999877929688,119.77999877929688,119.81999969482422,119.77999877929688,119.80999755859375,3607.0
2024-10-25 15:44:00+00:00,NTCT,20.71500015258789,20.71500015258789,20.71500015258789,20.71500015258789,20.71500015258789,901.0
2024-10-25 15:44:00+00:00,NTGR,20.299999237060547,20.299999237060547,20.299999237060547,20.290000915527344,20.290000915527344,1557.0
2024-10-25 15:44:00+00:00,NTNX,61.709999084472656,61.709999084472656,61.73500061035156,61.67499923706055,61.67499923706055,7016.0
2024-10-25 15:44:00+00:00,NVDA,142.05999755859375,142.05999755859375,142.11000061035156,142.02999877929688,142.0749969482422,209336.0
2024-10-25 15:44:00+00:00,NVEI,33.494998931884766,33.494998931884766,33.494998931884766,33.494998931884766,33.494998931884766,1324.0
2024-10-25 15:44:00+00:00,NVTS,2.555000066757202,2.555000066757202,2.555000066757202,2.549999952316284,2.549999952316284,1742.0
2024-10-25 15:44:00+00:00,NXPI,243.5,243.5,243.61500549316406,243.5,243.61500549316406,834.0
2024-10-25 15:44:00+00:00,OKTA,72.37000274658203,72.37000274658203,72.38999938964844,72.36000061035156,72.37999725341797,4584.0
2024-10-25 15:44:00+00:00,OLED,203.23500061035156,203.23500061035156,203.23500061035156,203.23500061035156,203.23500061035156,106.0
2024-10-25 15:44:00+00:00,ON,71.31999969482422,71.31999969482422,71.37000274658203,71.30999755859375,71.36000061035156,17412.0
2024-10-25 15:44:00+00:00,OSPN,14.529999732971191,14.529999732971191,14.5600004196167,14.529999732971191,14.5600004196167,6244.0
2024-10-25 15:44:00+00:00,OTEX,33.20500183105469,33.20500183105469,33.20500183105469,33.20000076293945,33.20000076293945,2051.0
2024-10-25 15:44:00+00:00,PANW,366.0504150390625,366.0504150390625,366.0504150390625,365.989990234375,366.0199890136719,2655.0
2024-10-25 15:44:00+00:00,PAYO,8.354999542236328,8.354999542236328,8.354999542236328,8.345000267028809,8.345000267028809,14248.0
2024-10-25 15:44:00+00:00,PAYS,3.694999933242798,3.694999933242798,3.694999933242798,3.694999933242798,3.694999933242798,353.0
2024-10-25 15:44:00+00:00,PCTY,173.65499877929688,173.65499877929688,173.65499877929688,173.64500427246094,173.65499877929688,1245.0
2024-10-25 15:44:00+00:00,PEGA,79.83000183105469,79.83000183105469,79.8949966430664,79.83000183105469,79.88999938964844,3931.0
2024-10-25 15:44:00+00:00,PGY,11.979999542236328,11.979999542236328,11.979999542236328,11.975000381469727,11.975000381469727,2831.0
2024-10-25 15:44:00+00:00,PHUN,10.40999984741211,10.40999984741211,10.5,10.399999618530273,10.489999771118164,47808.0
2024-10-25 15:44:00+00:00,PI,201.94000244140625,201.94000244140625,202.19000244140625,201.9199981689453,202.09500122070312,13602.0
2024-10-25 15:44:00+00:00,PLUS,97.95999908447266,97.95999908447266,97.95999908447266,97.95999908447266,97.95999908447266,744.0
2024-10-25 15:44:00+00:00,PLXS,141.52000427246094,141.52000427246094,141.5500030517578,141.52000427246094,141.5500030517578,930.0
2024-10-25 15:44:00+00:00,POET,3.866300106048584,3.866300106048584,3.866300106048584,3.8459999561309814,3.8459999561309814,1364.0
2024-10-25 15:44:00+00:00,POWI,63.39250183105469,63.39250183105469,63.39250183105469,63.369998931884766,63.38999938964844,1831.0
2024-10-25 15:44:00+00:00,PRSO,1.850000023841858,1.850000023841858,1.850000023841858,1.8350000381469727,1.8350000381469727,159.0
2024-10-25 15:44:00+00:00,PTC,187.1999969482422,187.1999969482422,187.2899932861328,187.18499755859375,187.2899932861328,8325.0
2024-10-25 15:44:00+00:00,PYCR,14.369999885559082,14.369999885559082,14.369999885559082,14.359999656677246,14.359999656677246,3130.0
2024-10-25 15:44:00+00:00,QCOM,171.0399932861328,171.0399932861328,171.11000061035156,171.0399932861328,171.09500122070312,6397.0
2024-10-25 15:44:00+00:00,QLYS,121.05500030517578,121.05500030517578,121.05500030517578,121.01499938964844,121.02899932861328,1594.0
2024-10-25 15:44:00+00:00,QRVO,99.75,99.75,99.78500366210938,99.72000122070312,99.72000122070312,9190.0
2024-10-25 15:44:00+00:00,QUBT,1.0700000524520874,1.0700000524520874,1.0750000476837158,1.0700000524520874,1.0750000476837158,52215.0
2024-10-25 15:44:00+00:00,RCAT,2.722899913787842,2.722899913787842,2.7249999046325684,2.722899913787842,2.7249999046325684,2296.0
2024-10-25 15:44:00+00:00,REKR,1.0850000381469727,1.0850000381469727,1.0850000381469727,1.0850000381469727,1.0850000381469727,556.0
2024-10-25 15:44:00+00:00,RELY,14.895000457763672,14.895000457763672,14.895000457763672,14.890000343322754,14.895000457763672,2982.0
2024-10-25 15:44:00+00:00,RGTI,1.2152999639511108,1.2152999639511108,1.2152999639511108,1.215000033378601,1.215000033378601,573.0
2024-10-25 15:44:00+00:00,RIOT,9.744999885559082,9.744999885559082,9.755000114440918,9.739999771118164,9.75100040435791,21958.0
2024-10-25 15:44:00+00:00,RMBS,43.5,43.5,43.540000915527344,43.5,43.5099983215332,3078.0
2024-10-25 15:44:00+00:00,RMNI,1.7300000190734863,1.7300000190734863,1.7300000190734863,1.7300000190734863,1.7300000190734863,20.0
2024-10-25 15:44:00+00:00,RPD,39.04199981689453,39.04199981689453,39.04199981689453,39.04199981689453,39.04199981689453,325.0
2024-10-25 15:44:00+00:00,RUM,5.675000190734863,5.675000190734863,5.689499855041504,5.675000190734863,5.675000190734863,3696.0
2024-10-25 15:44:00+00:00,RUN,14.404999732971191,14.404999732971191,14.414999961853027,14.404999732971191,14.40999984741211,9295.0
2024-10-25 15:44:00+00:00,RXT,2.4739999771118164,2.4739999771118164,2.4739999771118164,2.4739999771118164,2.4739999771118164,124.0
2024-10-25 15:44:00+00:00,SANM,67.55999755859375,67.55999755859375,67.55999755859375,67.55999755859375,67.55999755859375,319.0
2024-10-25 15:44:00+00:00,SATS,25.149999618530273,25.149999618530273,25.155000686645508,25.139999389648438,25.139999389648438,3509.0
2024-10-25 15:44:00+00:00,SCSC,45.0099983215332,45.0099983215332,45.0099983215332,45.0,45.0,1129.0
2024-10-25 15:44:00+00:00,SEDG,16.155000686645508,16.155000686645508,16.170000076293945,16.139999389648438,16.139999389648438,17010.0
2024-10-25 15:44:00+00:00,SHLS,5.184999942779541,5.184999942779541,5.190000057220459,5.184999942779541,5.184999942779541,13559.0
2024-10-25 15:44:00+00:00,SIMO,56.19499969482422,56.19499969482422,56.19499969482422,56.19499969482422,56.19499969482422,884.0
2024-10-25 15:44:00+00:00,SKYT,10.40999984741211,10.40999984741211,10.420000076293945,10.404999732971191,10.420000076293945,657.0
2024-10-25 15:44:00+00:00,SLNHP,13.130000114440918,13.130000114440918,13.130000114440918,13.119999885559082,13.119999885559082,0.0
2024-10-25 15:44:00+00:00,SMCI,47.577999114990234,47.577999114990234,47.59000015258789,47.54999923706055,47.56399917602539,49444.0
2024-10-25 15:44:00+00:00,SMTC,45.68000030517578,45.68000030517578,45.68000030517578,45.61000061035156,45.61000061035156,3496.0
2024-10-25 15:44:00+00:00,SNPS,501.635009765625,501.635009765625,501.8500061035156,501.635009765625,501.8500061035156,1736.0
2024-10-25 15:44:00+00:00,SONO,12.649999618530273,12.649999618530273,12.654999732971191,12.649999618530273,12.654999732971191,2700.0
2024-10-25 15:44:00+00:00,SOUN,5.185999870300293,5.185999870300293,5.189199924468994,5.179999828338623,5.184999942779541,14710.0
2024-10-25 15:44:00+00:00,SPSC,169.75999450683594,169.75999450683594,169.75999450683594,169.625,169.625,1199.0
2024-10-25 15:44:00+00:00,SPT,27.0,27.0,27.0,27.0,27.0,506.0
2024-10-25 15:44:00+00:00,SRAD,12.312999725341797,12.312999725341797,12.3149995803833,12.3100004196167,12.312000274658203,2813.0
2024-10-25 15:44:00+00:00,SSNC,70.12999725341797,70.12999725341797,70.25,70.11499786376953,70.25,25120.0
2024-10-25 15:44:00+00:00,SSTI,11.100000381469727,11.100000381469727,11.100000381469727,11.039999961853027,11.039999961853027,1395.0
2024-10-25 15:44:00+00:00,SSYS,7.034999847412109,7.034999847412109,7.034999847412109,7.034999847412109,7.034999847412109,206.0
2024-10-25 15:44:00+00:00,STER,16.7450008392334,16.7450008392334,16.7450008392334,16.7450008392334,16.7450008392334,442.0
2024-10-25 15:44:00+00:00,STNE,11.460000038146973,11.460000038146973,11.46500015258789,11.460000038146973,11.460000038146973,11344.0
2024-10-25 15:44:00+00:00,STX,103.43000030517578,103.43000030517578,103.48999786376953,103.43000030517578,103.43499755859375,9738.0
2024-10-25 15:44:00+00:00,SURG,1.7400000095367432,1.7400000095367432,1.7400000095367432,1.7300000190734863,1.7400000095367432,657.0
2024-10-25 15:44:00+00:00,SVRE,0.07999999821186066,0.07999999821186066,0.0803999975323677,0.07999999821186066,0.0803999975323677,186606.0
2024-10-25 15:44:00+00:00,SWKS,95.7699966430664,95.7699966430664,95.77999877929688,95.76000213623047,95.7750015258789,2428.0
2024-10-25 15:44:00+00:00,TEAM,188.47500610351562,188.47500610351562,188.5,188.41749572753906,188.47999572753906,3812.0
2024-10-25 15:44:00+00:00,TENB,41.720001220703125,41.720001220703125,41.7400016784668,41.720001220703125,41.7400016784668,1259.0
2024-10-25 15:44:00+00:00,TER,112.37100219726562,112.37100219726562,112.41999816894531,112.26499938964844,112.2699966430664,28311.0
2024-10-25 15:44:00+00:00,TRMB,60.900001525878906,60.900001525878906,60.91999816894531,60.900001525878906,60.91999816894531,1339.0
2024-10-25 15:44:00+00:00,TSEM,44.90999984741211,44.90999984741211,44.90999984741211,44.880001068115234,44.880001068115234,1706.0
2024-10-25 15:44:00+00:00,TTD,119.37000274658203,119.37000274658203,119.37000274658203,119.2531967163086,119.2531967163086,25586.0
2024-10-25 15:44:00+00:00,TTMI,19.6200008392334,19.6200008392334,19.65999984741211,19.6200008392334,19.65999984741211,2690.0
2024-10-25 15:44:00+00:00,TWKS,4.440000057220459,4.440000057220459,4.440000057220459,4.440000057220459,4.440000057220459,802.0
2024-10-25 15:44:00+00:00,TXN,207.50999450683594,207.50999450683594,207.5500030517578,207.4499969482422,207.52000427246094,5336.0
2024-10-25 15:44:00+00:00,VCSA,2.4000000953674316,2.4000000953674316,2.4049999713897705,2.4000000953674316,2.4049999713897705,1015.0
2024-10-25 15:44:00+00:00,VECO,29.40999984741211,29.40999984741211,29.40999984741211,29.399999618530273,29.40999984741211,1880.0
2024-10-25 15:44:00+00:00,VERI,3.430000066757202,3.430000066757202,3.430000066757202,3.430000066757202,3.430000066757202,323.0
2024-10-25 15:44:00+00:00,VERX,42.06999969482422,42.06999969482422,42.08000183105469,42.06999969482422,42.08000183105469,1463.0
2024-10-25 15:44:00+00:00,VIAV,9.15999984741211,9.15999984741211,9.15999984741211,9.145000457763672,9.15999984741211,8662.0
2024-10-25 15:44:00+00:00,VICR,46.28900146484375,46.28900146484375,46.28900146484375,46.27000045776367,46.27000045776367,932.0
2024-10-25 15:44:00+00:00,VMEO,4.755000114440918,4.755000114440918,4.760000228881836,4.755000114440918,4.755000114440918,585.0
2024-10-25 15:44:00+00:00,VNET,3.365000009536743,3.365000009536743,3.365000009536743,3.365000009536743,3.365000009536743,1781.0
2024-10-25 15:44:00+00:00,VRNS,56.88999938964844,56.88999938964844,56.88999938964844,56.869998931884766,56.869998931884766,2837.0
2024-10-25 15:44:00+00:00,VRSN,181.74749755859375,181.74749755859375,181.83999633789062,181.74749755859375,181.77749633789062,3447.0
2024-10-25 15:44:00+00:00,VSAT,10.244999885559082,10.244999885559082,10.244999885559082,10.239999771118164,10.244999885559082,2028.0
2024-10-25 15:44:00+00:00,VUZI,1.2949999570846558,1.2949999570846558,1.2949999570846558,1.2949999570846558,1.2949999570846558,773.0
2024-10-25 15:44:00+00:00,WDAY,238.35499572753906,238.35499572753906,238.36000061035156,238.35499572753906,238.36000061035156,3955.0
2024-10-25 15:44:00+00:00,WDC,70.06999969482422,70.06999969482422,70.11000061035156,70.04499816894531,70.06999969482422,25787.0
2024-10-25 15:44:00+00:00,WIX,164.5850067138672,164.5850067138672,164.5850067138672,164.5850067138672,164.5850067138672,116.0
2024-10-25 15:44:00+00:00,WLDS,3.549999952316284,3.549999952316284,3.549999952316284,3.5399999618530273,3.5399999618530273,379.0
2024-10-25 15:44:00+00:00,WRAP,1.840000033378601,1.840000033378601,1.8450000286102295,1.840000033378601,1.8450000286102295,593.0
2024-10-25 15:44:00+00:00,XPER,9.399999618530273,9.399999618530273,9.399999618530273,9.399999618530273,9.399999618530273,333.0
2024-10-25 15:44:00+00:00,XRX,9.994999885559082,9.994999885559082,9.994999885559082,9.994999885559082,9.994999885559082,1430.0
2024-10-25 15:44:00+00:00,ZI,10.515000343322754,10.515000343322754,10.520000457763672,10.510000228881836,10.520000457763672,4800.0
2024-10-25 15:44:00+00:00,ZM,72.95999908447266,72.95999908447266,72.95999908447266,72.93000030517578,72.94000244140625,4699.0
2024-10-25 15:44:00+00:00,ZS,184.91000366210938,184.91000366210938,184.91000366210938,184.78480529785156,184.88999938964844,1542.0
2024-10-25 15:45:00+00:00,AAOI,17.454999923706055,17.454999923706055,17.454999923706055,17.40999984741211,17.420000076293945,8281.0
2024-10-25 15:45:00+00:00,AAPL,231.49969482421875,231.49969482421875,231.53500366210938,231.4600067138672,231.49000549316406,50832.0
2024-10-25 15:45:00+00:00,ACIW,48.880001068115234,48.880001068115234,48.88999938964844,48.869998931884766,48.88999938964844,1946.0
2024-10-25 15:45:00+00:00,ACLS,90.17500305175781,90.17500305175781,90.17500305175781,90.11000061035156,90.11000061035156,1505.0
2024-10-25 15:45:00+00:00,ACMR,19.659799575805664,19.659799575805664,19.659799575805664,19.655000686645508,19.655000686645508,1281.0
2024-10-25 15:45:00+00:00,ADBE,482.9552917480469,482.9552917480469,483.260009765625,482.9552917480469,483.25,9071.0
2024-10-25 15:45:00+00:00,ADI,231.05999755859375,231.05999755859375,231.0800018310547,230.97999572753906,230.97999572753906,3367.0
2024-10-25 15:45:00+00:00,ADSK,286.864990234375,286.864990234375,286.864990234375,286.864990234375,286.864990234375,1755.0
2024-10-25 15:45:00+00:00,ADTN,6.295000076293945,6.295000076293945,6.304999828338623,6.284999847412109,6.284999847412109,3917.0
2024-10-25 15:45:00+00:00,AEHR,17.024999618530273,17.024999618530273,17.030000686645508,17.010000228881836,17.030000686645508,5567.0
2024-10-25 15:45:00+00:00,AEYE,22.610000610351562,22.610000610351562,22.610000610351562,22.55500030517578,22.55500030517578,1322.0
2024-10-25 15:45:00+00:00,AFRM,41.11000061035156,41.11000061035156,41.119998931884766,41.060001373291016,41.060001373291016,13661.0
2024-10-25 15:45:00+00:00,AGYS,109.94000244140625,109.94000244140625,109.94000244140625,109.8550033569336,109.8550033569336,620.0
2024-10-25 15:45:00+00:00,AIP,6.889999866485596,6.889999866485596,6.889999866485596,6.880000114440918,6.880000114440918,2098.0
2024-10-25 15:45:00+00:00,AKAM,101.83000183105469,101.83000183105469,101.83000183105469,101.83000183105469,101.83000183105469,1315.0
2024-10-25 15:45:00+00:00,ALGM,23.1200008392334,23.1200008392334,23.149999618530273,23.104999542236328,23.149999618530273,12997.0
2024-10-25 15:45:00+00:00,ALKT,38.29999923706055,38.29999923706055,38.29999923706055,38.29999923706055,38.29999923706055,654.0
2024-10-25 15:45:00+00:00,ALRM,54.599998474121094,54.599998474121094,54.625,54.599998474121094,54.619998931884766,2050.0
2024-10-25 15:45:00+00:00,ALTR,103.84500122070312,103.84500122070312,103.84750366210938,103.83999633789062,103.84500122070312,3990.0
2024-10-25 15:45:00+00:00,AMAT,187.34500122070312,187.34500122070312,187.4600067138672,187.34500122070312,187.3800048828125,7365.0
2024-10-25 15:45:00+00:00,AMD,156.52000427246094,156.52000427246094,156.6199951171875,156.50999450683594,156.61000061035156,36985.0
2024-10-25 15:45:00+00:00,AMKR,30.09000015258789,30.09000015258789,30.110000610351562,30.049999237060547,30.110000610351562,10807.0
2024-10-25 15:45:00+00:00,AMPL,9.125,9.125,9.125,9.125,9.125,459.0
2024-10-25 15:45:00+00:00,ANSS,323.989990234375,323.989990234375,323.989990234375,323.989990234375,323.989990234375,279.0
2024-10-25 15:45:00+00:00,ANY,1.0700000524520874,1.0700000524520874,1.0700000524520874,1.0700000524520874,1.0700000524520874,275.0
2024-10-25 15:45:00+00:00,API,2.8350000381469727,2.8350000381469727,2.8350000381469727,2.8303000926971436,2.8303000926971436,779.0
2024-10-25 15:45:00+00:00,APP,162.16000366210938,162.16000366210938,162.17999267578125,162.11000061035156,162.13999938964844,8117.0
2024-10-25 15:45:00+00:00,APPF,212.8000030517578,212.8000030517578,212.8300018310547,212.8000030517578,212.82000732421875,965.0
2024-10-25 15:45:00+00:00,APPS,3.065999984741211,3.065999984741211,3.069999933242798,3.065000057220459,3.069999933242798,2390.0
2024-10-25 15:45:00+00:00,ARQQ,7.039999961853027,7.039999961853027,7.039999961853027,7.039999961853027,7.039999961853027,129.0
2024-10-25 15:45:00+00:00,ARRY,6.494999885559082,6.494999885559082,6.5,6.494999885559082,6.494999885559082,8854.0
2024-10-25 15:45:00+00:00,ASML,713.760009765625,713.760009765625,713.7996215820312,713.760009765625,713.7996215820312,1350.0
2024-10-25 15:45:00+00:00,ASNS,1.2999999523162842,1.2999999523162842,1.2999999523162842,1.2999999523162842,1.2999999523162842,200.0
2024-10-25 15:45:00+00:00,ASUR,9.739999771118164,9.739999771118164,9.739999771118164,9.720000267028809,9.720000267028809,516.0
2024-10-25 15:45:00+00:00,ASYS,5.920000076293945,5.920000076293945,5.920000076293945,5.792500019073486,5.792500019073486,1055.0
2024-10-25 15:45:00+00:00,ATOM,3.3499999046325684,3.3499999046325684,3.3550000190734863,3.3499999046325684,3.3550000190734863,706.0
2024-10-25 15:45:00+00:00,AUR,6.394999980926514,6.394999980926514,6.398200035095215,6.394999980926514,6.394999980926514,13492.0
2024-10-25 15:45:00+00:00,AVDX,8.074999809265137,8.074999809265137,8.095000267028809,8.074999809265137,8.095000267028809,27733.0
2024-10-25 15:45:00+00:00,AVGO,173.6300048828125,173.6300048828125,173.72500610351562,173.60000610351562,173.71499633789062,20166.0
2024-10-25 15:45:00+00:00,AVPT,11.899999618530273,11.899999618530273,11.899999618530273,11.899999618530273,11.899999618530273,494.0
2024-10-25 15:45:00+00:00,AVT,54.122501373291016,54.122501373291016,54.130001068115234,54.11000061035156,54.1150016784668,2918.0
2024-10-25 15:45:00+00:00,AZPN,237.6699981689453,237.6699981689453,237.6699981689453,237.6699981689453,237.6699981689453,398.0
2024-10-25 15:45:00+00:00,BAND,17.920000076293945,17.920000076293945,17.940000534057617,17.920000076293945,17.940000534057617,3112.0
2024-10-25 15:45:00+00:00,BELFA,103.75350189208984,103.75350189208984,103.75350189208984,103.75350189208984,103.75350189208984,724.0
2024-10-25 15:45:00+00:00,BIGC,5.264999866485596,5.264999866485596,5.264999866485596,5.264999866485596,5.264999866485596,527.0
2024-10-25 15:45:00+00:00,BL,56.292999267578125,56.292999267578125,56.34000015258789,56.292999267578125,56.34000015258789,1943.0
2024-10-25 15:45:00+00:00,BLKB,85.69999694824219,85.69999694824219,85.69999694824219,85.69999694824219,85.69999694824219,242.0
2024-10-25 15:45:00+00:00,BMBL,7.184999942779541,7.184999942779541,7.190000057220459,7.179999828338623,7.179999828338623,4137.0
2024-10-25 15:45:00+00:00,BRZE,30.729999542236328,30.729999542236328,30.729999542236328,30.725000381469727,30.725000381469727,8937.0
2024-10-25 15:45:00+00:00,BSY,49.06999969482422,49.06999969482422,49.06999969482422,49.064998626708984,49.06999969482422,1783.0
2024-10-25 15:45:00+00:00,CAN,0.973800003528595,0.973800003528595,0.9771999716758728,0.9736999869346619,0.9736999869346619,6123.0
2024-10-25 15:45:00+00:00,CCSI,20.09000015258789,20.09000015258789,20.09000015258789,20.09000015258789,20.09000015258789,104.0
2024-10-25 15:45:00+00:00,CDNS,257.2349853515625,257.2349853515625,257.29998779296875,257.19000244140625,257.29998779296875,3725.0
2024-10-25 15:45:00+00:00,CDW,217.82000732421875,217.82000732421875,217.86000061035156,217.74099731445312,217.78500366210938,3370.0
2024-10-25 15:45:00+00:00,CETX,0.29510000348091125,0.29510000348091125,0.29510000348091125,0.29409998655319214,0.29409998655319214,10404.0
2024-10-25 15:45:00+00:00,CFLT,22.440000534057617,22.440000534057617,22.440000534057617,22.43000030517578,22.434999465942383,2386.0
2024-10-25 15:45:00+00:00,CGNX,38.90999984741211,38.90999984741211,38.90999984741211,38.90999984741211,38.90999984741211,2462.0
2024-10-25 15:45:00+00:00,CHKP,206.42999267578125,206.42999267578125,206.5500030517578,206.42999267578125,206.44000244140625,1773.0
2024-10-25 15:45:00+00:00,CLBT,18.184999465942383,18.184999465942383,18.184999465942383,18.170000076293945,18.174999237060547,3448.0
2024-10-25 15:45:00+00:00,CLFD,36.22999954223633,36.22999954223633,36.22999954223633,36.22999954223633,36.22999954223633,1167.0
2024-10-25 15:45:00+00:00,CLSK,11.529999732971191,11.529999732971191,11.539999961853027,11.529999732971191,11.53499984741211,18720.0
2024-10-25 15:45:00+00:00,CNDT,3.5950000286102295,3.5950000286102295,3.5950000286102295,3.5950000286102295,3.5950000286102295,1534.0
2024-10-25 15:45:00+00:00,CNXN,70.04000091552734,70.04000091552734,70.04000091552734,70.04000091552734,70.04000091552734,468.0
2024-10-25 15:45:00+00:00,COHR,95.69999694824219,95.69999694824219,95.76000213623047,95.69999694824219,95.73999786376953,8670.0
2024-10-25 15:45:00+00:00,COHU,25.94499969482422,25.94499969482422,25.94499969482422,25.94499969482422,25.94499969482422,871.0
2024-10-25 15:45:00+00:00,COIN,205.25999450683594,205.25999450683594,205.3000030517578,205.0800018310547,205.10000610351562,16601.0
2024-10-25 15:45:00+00:00,COMM,6.215000152587891,6.215000152587891,6.21999979019165,6.215000152587891,6.215000152587891,4611.0
2024-10-25 15:45:00+00:00,CORZ,13.375,13.375,13.390000343322754,13.369999885559082,13.369999885559082,24883.0
2024-10-25 15:45:00+00:00,CRCT,6.565000057220459,6.565000057220459,6.574999809265137,6.565000057220459,6.574999809265137,1839.0
2024-10-25 15:45:00+00:00,CRDO,39.13999938964844,39.13999938964844,39.15999984741211,39.125,39.154998779296875,18349.0
2024-10-25 15:45:00+00:00,CRNC,2.9200000762939453,2.9200000762939453,2.930000066757202,2.9200000762939453,2.924999952316284,1029.0
2024-10-25 15:45:00+00:00,CRNT,2.4800000190734863,2.4800000190734863,2.4800000190734863,2.4800000190734863,2.4800000190734863,548.0
2024-10-25 15:45:00+00:00,CRSR,6.309999942779541,6.309999942779541,6.315000057220459,6.309999942779541,6.315000057220459,690.0
2024-10-25 15:45:00+00:00,CRUS,122.52999877929688,122.52999877929688,122.58519744873047,122.45999908447266,122.4800033569336,1410.0
2024-10-25 15:45:00+00:00,CRWD,299.8699951171875,299.8699951171875,299.8800048828125,299.756103515625,299.756103515625,6253.0
2024-10-25 15:45:00+00:00,CSCO,55.76499938964844,55.76499938964844,55.79999923706055,55.7599983215332,55.79499816894531,33523.0
2024-10-25 15:45:00+00:00,CSGS,47.220001220703125,47.220001220703125,47.220001220703125,47.220001220703125,47.220001220703125,610.0
2024-10-25 15:45:00+00:00,CSIQ,13.399999618530273,13.399999618530273,13.425000190734863,13.399999618530273,13.420000076293945,6998.0
2024-10-25 15:45:00+00:00,CTSH,74.77999877929688,74.77999877929688,74.77999877929688,74.73999786376953,74.74500274658203,6873.0
2024-10-25 15:45:00+00:00,CVLT,134.61500549316406,134.61500549316406,134.63499450683594,134.58999633789062,134.58999633789062,2790.0
2024-10-25 15:45:00+00:00,CYBR,290.2300109863281,290.2300109863281,290.2300109863281,290.2300109863281,290.2300109863281,1708.0
2024-10-25 15:45:00+00:00,DAKT,13.074999809265137,13.074999809265137,13.079899787902832,13.069999694824219,13.079899787902832,602.0
2024-10-25 15:45:00+00:00,DATS,1.6198999881744385,1.6198999881744385,1.6198999881744385,1.6198999881744385,1.6198999881744385,2000.0
2024-10-25 15:45:00+00:00,DAVE,38.6150016784668,38.6150016784668,38.650001525878906,38.6150016784668,38.650001525878906,1049.0
2024-10-25 15:45:00+00:00,DBX,26.05500030517578,26.05500030517578,26.06999969482422,26.05500030517578,26.06999969482422,26082.0
2024-10-25 15:45:00+00:00,DDOG,126.70999908447266,126.70999908447266,126.72000122070312,126.69999694824219,126.69999694824219,5691.0
2024-10-25 15:45:00+00:00,DGHI,1.4800000190734863,1.4800000190734863,1.4800000190734863,1.4800000190734863,1.4800000190734863,464.0
2024-10-25 15:45:00+00:00,DGII,29.979999542236328,29.979999542236328,29.979999542236328,29.979999542236328,29.979999542236328,810.0
2024-10-25 15:45:00+00:00,DIOD,64.94999694824219,64.94999694824219,64.98999786376953,64.94000244140625,64.98999786376953,1341.0
2024-10-25 15:45:00+00:00,DOCU,68.80999755859375,68.80999755859375,68.81999969482422,68.75,68.75,7899.0
2024-10-25 15:45:00+00:00,DOMO,8.095000267028809,8.095000267028809,8.095000267028809,8.095000267028809,8.095000267028809,1884.0
2024-10-25 15:45:00+00:00,DOX,88.97000122070312,88.97000122070312,88.97000122070312,88.97000122070312,88.97000122070312,1156.0
2024-10-25 15:45:00+00:00,DUOL,292.2099914550781,292.2099914550781,292.2099914550781,292.2099914550781,292.2099914550781,821.0
2024-10-25 15:45:00+00:00,EEFT,100.68000030517578,100.68000030517578,100.71920013427734,100.68000030517578,100.71920013427734,1536.0
2024-10-25 15:45:00+00:00,ENPH,84.09500122070312,84.09500122070312,84.12799835205078,84.09500122070312,84.12000274658203,10935.0
2024-10-25 15:45:00+00:00,ENTG,105.42500305175781,105.42500305175781,105.5,105.42500305175781,105.48999786376953,6538.0
2024-10-25 15:45:00+00:00,ERIC,8.46500015258789,8.46500015258789,8.46500015258789,8.460000038146973,8.460000038146973,16741.0
2024-10-25 15:45:00+00:00,EXLS,38.58000183105469,38.58000183105469,38.58000183105469,38.560001373291016,38.560001373291016,1531.0
2024-10-25 15:45:00+00:00,EXTR,14.350000381469727,14.350000381469727,14.350000381469727,14.350000381469727,14.350000381469727,1116.0
2024-10-25 15:45:00+00:00,FARO,17.985000610351562,17.985000610351562,17.985000610351562,17.969999313354492,17.969999313354492,912.0
2024-10-25 15:45:00+00:00,FFIV,217.05999755859375,217.05999755859375,217.05999755859375,217.05999755859375,217.05999755859375,952.0
2024-10-25 15:45:00+00:00,FIVN,29.709999084472656,29.709999084472656,29.735000610351562,29.709999084472656,29.729999542236328,3880.0
2024-10-25 15:45:00+00:00,FLEX,35.16999816894531,35.16999816894531,35.16999816894531,35.1609992980957,35.165000915527344,3557.0
2024-10-25 15:45:00+00:00,FLYW,17.34000015258789,17.34000015258789,17.344999313354492,17.325000762939453,17.329999923706055,4449.0
2024-10-25 15:45:00+00:00,FROG,29.209999084472656,29.209999084472656,29.219999313354492,29.209999084472656,29.219999313354492,480.0
2024-10-25 15:45:00+00:00,FRSH,11.571499824523926,11.571499824523926,11.600000381469727,11.571499824523926,11.600000381469727,15932.0
2024-10-25 15:45:00+00:00,FSLR,198.2899932861328,198.2899932861328,198.4499969482422,198.2899932861328,198.4499969482422,4234.0
2024-10-25 15:45:00+00:00,FTNT,80.56999969482422,80.56999969482422,80.62000274658203,80.56999969482422,80.61000061035156,9031.0
2024-10-25 15:45:00+00:00,GCT,24.434999465942383,24.434999465942383,24.450000762939453,24.40999984741211,24.450000762939453,2065.0
2024-10-25 15:45:00+00:00,GDS,21.3700008392334,21.3700008392334,21.3700008392334,21.350000381469727,21.3700008392334,1445.0
2024-10-25 15:45:00+00:00,GDYN,15.609999656677246,15.609999656677246,15.609999656677246,15.609999656677246,15.609999656677246,1544.0
2024-10-25 15:45:00+00:00,GFS,40.43000030517578,40.43000030517578,40.43000030517578,40.41999816894531,40.41999816894531,3852.0
2024-10-25 15:45:00+00:00,GILT,4.929999828338623,4.929999828338623,4.929999828338623,4.929999828338623,4.929999828338623,442.0
2024-10-25 15:45:00+00:00,GPRO,1.2999999523162842,1.2999999523162842,1.3049999475479126,1.2999999523162842,1.2999999523162842,745.0
2024-10-25 15:45:00+00:00,GRAB,4.090000152587891,4.090000152587891,4.090000152587891,4.079999923706055,4.085000038146973,397189.0
2024-10-25 15:45:00+00:00,GSIT,3.4200000762939453,3.4200000762939453,3.4200000762939453,3.4200000762939453,3.4200000762939453,125.0
2024-10-25 15:45:00+00:00,GTLB,54.80500030517578,54.80500030517578,54.84000015258789,54.80500030517578,54.810001373291016,4438.0
2024-10-25 15:45:00+00:00,HCP,33.63999938964844,33.63999938964844,33.63999938964844,33.6349983215332,33.63999938964844,26241.0
2024-10-25 15:45:00+00:00,HLIT,14.770000457763672,14.770000457763672,14.774999618530273,14.770000457763672,14.770000457763672,938.0
2024-10-25 15:45:00+00:00,HOLO,3.5899999141693115,3.5899999141693115,3.5999999046325684,3.5899999141693115,3.5950000286102295,6592.0
2024-10-25 15:45:00+00:00,HOOD,27.059999465942383,27.059999465942383,27.079999923706055,27.059999465942383,27.077800750732422,20727.0
2024-10-25 15:45:00+00:00,IMXI,17.639999389648438,17.639999389648438,17.639999389648438,17.639999389648438,17.639999389648438,635.0
2024-10-25 15:45:00+00:00,INDI,3.4649999141693115,3.4649999141693115,3.4649999141693115,3.4600000381469727,3.4649999141693115,942.0
2024-10-25 15:45:00+00:00,INFN,6.769999980926514,6.769999980926514,6.773900032043457,6.769999980926514,6.773900032043457,984.0
2024-10-25 15:45:00+00:00,INSG,19.670000076293945,19.670000076293945,19.670000076293945,19.670000076293945,19.670000076293945,463.0
2024-10-25 15:45:00+00:00,INTA,50.21500015258789,50.21500015258789,50.23249816894531,50.21500015258789,50.220001220703125,2300.0
2024-10-25 15:45:00+00:00,INTC,22.86009979248047,22.86009979248047,22.8656005859375,22.850000381469727,22.854999542236328,123268.0
2024-10-25 15:45:00+00:00,INTU,609.3499755859375,609.3499755859375,609.3499755859375,608.9450073242188,608.9450073242188,1708.0
2024-10-25 15:45:00+00:00,INVE,3.609999895095825,3.609999895095825,3.609999895095825,3.609999895095825,3.609999895095825,673.0
2024-10-25 15:45:00+00:00,ITRI,102.7300033569336,102.7300033569336,102.75499725341797,102.70999908447266,102.75499725341797,1273.0
2024-10-25 15:45:00+00:00,JAMF,16.7549991607666,16.7549991607666,16.7549991607666,16.7549991607666,16.7549991607666,101.0
2024-10-25 15:45:00+00:00,JKHY,182.82000732421875,182.82000732421875,182.82000732421875,182.82000732421875,182.82000732421875,583.0
2024-10-25 15:45:00+00:00,KC,2.6649999618530273,2.6649999618530273,2.6649999618530273,2.6600000858306885,2.6600000858306885,659.0
2024-10-25 15:45:00+00:00,KLAC,677.3499755859375,677.3499755859375,677.60498046875,677.1649780273438,677.1749877929688,3028.0
2024-10-25 15:45:00+00:00,KLIC,44.619998931884766,44.619998931884766,44.619998931884766,44.599998474121094,44.599998474121094,1677.0
2024-10-25 15:45:00+00:00,KOPN,0.7799000144004822,0.7799000144004822,0.7799000144004822,0.7799000144004822,0.7799000144004822,200.0
2024-10-25 15:45:00+00:00,LASR,10.364999771118164,10.364999771118164,10.364999771118164,10.364999771118164,10.364999771118164,557.0
2024-10-25 15:45:00+00:00,LINK,5.110000133514404,5.110000133514404,5.170000076293945,5.099999904632568,5.110000133514404,8354.0
2024-10-25 15:45:00+00:00,LITE,64.4000015258789,64.4000015258789,64.40499877929688,64.4000015258789,64.4000015258789,1911.0
2024-10-25 15:45:00+00:00,LOGI,80.7249984741211,80.7249984741211,80.75,80.7249984741211,80.73999786376953,1373.0
2024-10-25 15:45:00+00:00,LPSN,1.1649999618530273,1.1649999618530273,1.1699999570846558,1.159999966621399,1.1649999618530273,1967.0
2024-10-25 15:45:00+00:00,LRCX,78.08000183105469,78.08000183105469,78.16000366210938,78.08000183105469,78.1449966430664,26081.0
2024-10-25 15:45:00+00:00,LSCC,54.369998931884766,54.369998931884766,54.38249969482422,54.36000061035156,54.36000061035156,2637.0
2024-10-25 15:45:00+00:00,LTRX,4.070000171661377,4.070000171661377,4.070000171661377,4.070000171661377,4.070000171661377,152.0
2024-10-25 15:45:00+00:00,LYFT,13.444999694824219,13.444999694824219,13.46500015258789,13.430000305175781,13.46500015258789,62171.0
2024-10-25 15:45:00+00:00,MANH,276.1099853515625,276.1099853515625,276.15899658203125,276.1099853515625,276.15899658203125,1386.0
2024-10-25 15:45:00+00:00,MAXN,5.730000019073486,5.730000019073486,5.730000019073486,5.730000019073486,5.730000019073486,225.0
2024-10-25 15:45:00+00:00,MCHP,76.71499633789062,76.71499633789062,76.75,76.69999694824219,76.73999786376953,18582.0
2024-10-25 15:45:00+00:00,MDB,267.94000244140625,267.94000244140625,268.0849914550781,267.94000244140625,268.0849914550781,3101.0
2024-10-25 15:45:00+00:00,MITK,8.755000114440918,8.755000114440918,8.755000114440918,8.755000114440918,8.755000114440918,596.0
2024-10-25 15:45:00+00:00,MKSI,101.29000091552734,101.29000091552734,101.375,101.29000091552734,101.36000061035156,2814.0
2024-10-25 15:45:00+00:00,MPWR,907.8494262695312,907.8494262695312,907.8494262695312,907.8494262695312,907.8494262695312,1369.0
2024-10-25 15:45:00+00:00,MQ,5.304999828338623,5.304999828338623,5.309999942779541,5.304900169372559,5.309999942779541,7977.0
2024-10-25 15:45:00+00:00,MRAM,6.369999885559082,6.369999885559082,6.369999885559082,6.369999885559082,6.369999885559082,118.0
2024-10-25 15:45:00+00:00,MRVL,82.05999755859375,82.05999755859375,82.06500244140625,82.04000091552734,82.06009674072266,9248.0
2024-10-25 15:45:00+00:00,MSFT,427.83990478515625,427.83990478515625,427.94000244140625,427.79998779296875,427.8900146484375,27759.0
2024-10-25 15:45:00+00:00,MSTR,235.69000244140625,235.69000244140625,235.789306640625,235.22999572753906,235.4600067138672,31199.0
2024-10-25 15:45:00+00:00,MTSI,121.33999633789062,121.33999633789062,121.33999633789062,121.23600006103516,121.31500244140625,1635.0
2024-10-25 15:45:00+00:00,MTTR,4.574999809265137,4.574999809265137,4.579999923706055,4.570000171661377,4.579999923706055,28942.0
2024-10-25 15:45:00+00:00,MU,108.19499969482422,108.19499969482422,108.27999877929688,108.19499969482422,108.27999877929688,14627.0
2024-10-25 15:45:00+00:00,MVIS,1.0700000524520874,1.0700000524520874,1.0700000524520874,1.0700000524520874,1.0700000524520874,1700.0
2024-10-25 15:45:00+00:00,MXL,14.78499984741211,14.78499984741211,14.789999961853027,14.78499984741211,14.789999961853027,2448.0
2024-10-25 15:45:00+00:00,NCNO,37.900001525878906,37.900001525878906,37.900001525878906,37.88999938964844,37.88999938964844,4882.0
2024-10-25 15:45:00+00:00,NICE,174.5850067138672,174.5850067138672,174.5850067138672,174.31500244140625,174.33999633789062,2277.0
2024-10-25 15:45:00+00:00,NNDM,2.325000047683716,2.325000047683716,2.329900026321411,2.325000047683716,2.329900026321411,1534.0
2024-10-25 15:45:00+00:00,NSIT,209.47000122070312,209.47000122070312,209.47000122070312,209.47000122070312,209.47000122070312,1044.0
2024-10-25 15:45:00+00:00,NTAP,119.7699966430664,119.7699966430664,119.79499816894531,119.7699966430664,119.79499816894531,1642.0
2024-10-25 15:45:00+00:00,NTCT,20.719999313354492,20.719999313354492,20.719999313354492,20.71500015258789,20.71500015258789,1792.0
2024-10-25 15:45:00+00:00,NTNX,61.810001373291016,61.810001373291016,61.81999969482422,61.70000076293945,61.70000076293945,11744.0
2024-10-25 15:45:00+00:00,NVDA,142.0399932861328,142.0399932861328,142.09500122070312,142.02000427246094,142.07000732421875,184653.0
2024-10-25 15:45:00+00:00,NVEI,33.4900016784668,33.4900016784668,33.494998931884766,33.4900016784668,33.494998931884766,354.0
2024-10-25 15:45:00+00:00,NVTS,2.555000066757202,2.555000066757202,2.555000066757202,2.549999952316284,2.549999952316284,741.0
2024-10-25 15:45:00+00:00,NXPI,243.36000061035156,243.36000061035156,243.5,243.36000061035156,243.49249267578125,4631.0
2024-10-25 15:45:00+00:00,OKTA,72.36000061035156,72.36000061035156,72.36000061035156,72.30999755859375,72.36000061035156,5888.0
2024-10-25 15:45:00+00:00,OLED,203.36000061035156,203.36000061035156,203.36000061035156,203.24000549316406,203.24000549316406,2529.0
2024-10-25 15:45:00+00:00,ON,71.27999877929688,71.27999877929688,71.37000274658203,71.2699966430664,71.33000183105469,29061.0
2024-10-25 15:45:00+00:00,PANW,365.8999938964844,365.8999938964844,366.0450134277344,365.80999755859375,366.0199890136719,4881.0
2024-10-25 15:45:00+00:00,PAYO,8.345000267028809,8.345000267028809,8.354999542236328,8.345000267028809,8.354999542236328,17890.0
2024-10-25 15:45:00+00:00,PCTY,173.60499572753906,173.60499572753906,173.6925048828125,173.55999755859375,173.66000366210938,8305.0
2024-10-25 15:45:00+00:00,PEGA,79.8499984741211,79.8499984741211,79.86000061035156,79.83999633789062,79.86000061035156,3663.0
2024-10-25 15:45:00+00:00,PEGY,4.75,4.75,4.75,4.71999979019165,4.71999979019165,337.0
2024-10-25 15:45:00+00:00,PET,0.8119999766349792,0.8119999766349792,0.8119999766349792,0.8119999766349792,0.8119999766349792,546.0
2024-10-25 15:45:00+00:00,PGY,11.979999542236328,11.979999542236328,11.979999542236328,11.979999542236328,11.979999542236328,610.0
2024-10-25 15:45:00+00:00,PHUN,10.440099716186523,10.440099716186523,10.449999809265137,10.430000305175781,10.4399995803833,23993.0
2024-10-25 15:45:00+00:00,PI,201.9949951171875,201.9949951171875,201.9949951171875,201.8699951171875,201.8699951171875,7380.0
2024-10-25 15:45:00+00:00,PLAB,23.659000396728516,23.659000396728516,23.659000396728516,23.659000396728516,23.659000396728516,1189.0
2024-10-25 15:45:00+00:00,PLXS,141.10000610351562,141.10000610351562,141.41000366210938,141.10000610351562,141.41000366210938,3132.0
2024-10-25 15:45:00+00:00,POET,3.8598999977111816,3.8598999977111816,3.8598999977111816,3.8598999977111816,3.8598999977111816,583.0
2024-10-25 15:45:00+00:00,POWI,63.36000061035156,63.36000061035156,63.36000061035156,63.36000061035156,63.36000061035156,1471.0
2024-10-25 15:45:00+00:00,PRCH,1.2949999570846558,1.2949999570846558,1.2949999570846558,1.2949999570846558,1.2949999570846558,109.0
2024-10-25 15:45:00+00:00,PRGS,64.62000274658203,64.62000274658203,64.66000366210938,64.62000274658203,64.6500015258789,693.0
2024-10-25 15:45:00+00:00,PTC,187.27999877929688,187.27999877929688,187.27999877929688,187.25,187.25,1577.0
2024-10-25 15:45:00+00:00,PYCR,14.364999771118164,14.364999771118164,14.364999771118164,14.359999656677246,14.359999656677246,918.0
2024-10-25 15:45:00+00:00,QCOM,171.02999877929688,171.02999877929688,171.10000610351562,171.02999877929688,171.07000732421875,8604.0
2024-10-25 15:45:00+00:00,QLYS,121.08999633789062,121.08999633789062,121.12000274658203,121.04000091552734,121.04000091552734,4486.0
2024-10-25 15:45:00+00:00,QRVO,99.67500305175781,99.67500305175781,99.7699966430664,99.67500305175781,99.76000213623047,4701.0
2024-10-25 15:45:00+00:00,QUBT,1.0750000476837158,1.0750000476837158,1.0750000476837158,1.0708999633789062,1.0708999633789062,113.0
2024-10-25 15:45:00+00:00,REKR,1.0850000381469727,1.0850000381469727,1.0850000381469727,1.0850000381469727,1.0850000381469727,614.0
2024-10-25 15:45:00+00:00,RELY,14.895000457763672,14.895000457763672,14.895000457763672,14.890000343322754,14.895000457763672,2573.0
2024-10-25 15:45:00+00:00,RGTI,1.215000033378601,1.215000033378601,1.215000033378601,1.215000033378601,1.215000033378601,2549.0
2024-10-25 15:45:00+00:00,RIOT,9.755000114440918,9.755000114440918,9.760000228881836,9.744000434875488,9.744999885559082,52432.0
2024-10-25 15:45:00+00:00,RMBS,43.5,43.5,43.5,43.4900016784668,43.4900016784668,2251.0
2024-10-25 15:45:00+00:00,RMNI,1.7300000190734863,1.7300000190734863,1.7300000190734863,1.7300000190734863,1.7300000190734863,1357.0
2024-10-25 15:45:00+00:00,RPAY,7.724999904632568,7.724999904632568,7.724999904632568,7.724999904632568,7.724999904632568,3224.0
2024-10-25 15:45:00+00:00,RPD,39.040000915527344,39.040000915527344,39.04999923706055,39.040000915527344,39.04999923706055,925.0
2024-10-25 15:45:00+00:00,RUM,5.675000190734863,5.675000190734863,5.675000190734863,5.675000190734863,5.675000190734863,356.0
2024-10-25 15:45:00+00:00,RUN,14.414999961853027,14.414999961853027,14.414999961853027,14.399999618530273,14.404999732971191,23085.0
2024-10-25 15:45:00+00:00,RXT,2.4790000915527344,2.4790000915527344,2.4790000915527344,2.4739999771118164,2.4739999771118164,1544.0
2024-10-25 15:45:00+00:00,SANM,67.56099700927734,67.56099700927734,67.56500244140625,67.55000305175781,67.55000305175781,2087.0
2024-10-25 15:45:00+00:00,SATS,25.1299991607666,25.1299991607666,25.149999618530273,25.1299991607666,25.139999389648438,6933.0
2024-10-25 15:45:00+00:00,SCKT,1.139799952507019,1.139799952507019,1.139799952507019,1.139799952507019,1.139799952507019,200.0
2024-10-25 15:45:00+00:00,SCSC,44.9900016784668,44.9900016784668,44.9900016784668,44.970001220703125,44.970001220703125,346.0
2024-10-25 15:45:00+00:00,SCWX,8.380000114440918,8.380000114440918,8.380000114440918,8.380000114440918,8.380000114440918,118.0
2024-10-25 15:45:00+00:00,SEDG,16.122699737548828,16.122699737548828,16.176000595092773,16.1200008392334,16.15999984741211,16551.0
2024-10-25 15:45:00+00:00,SHLS,5.170000076293945,5.170000076293945,5.184999942779541,5.170000076293945,5.179999828338623,18324.0
2024-10-25 15:45:00+00:00,SITM,178.21499633789062,178.21499633789062,178.21499633789062,178.21499633789062,178.21499633789062,400.0
2024-10-25 15:45:00+00:00,SKYT,10.404999732971191,10.404999732971191,10.404999732971191,10.404999732971191,10.404999732971191,1542.0
2024-10-25 15:45:00+00:00,SMCI,47.53010177612305,47.53010177612305,47.599998474121094,47.525001525878906,47.59000015258789,73512.0
2024-10-25 15:45:00+00:00,SMSI,0.7904999852180481,0.7904999852180481,0.7904999852180481,0.7904999852180481,0.7904999852180481,118.0
2024-10-25 15:45:00+00:00,SMTC,45.65999984741211,45.65999984741211,45.685001373291016,45.650001525878906,45.67250061035156,4085.0
2024-10-25 15:45:00+00:00,SNCR,10.640000343322754,10.640000343322754,10.640000343322754,10.640000343322754,10.640000343322754,157.0
2024-10-25 15:45:00+00:00,SNPS,501.3699951171875,501.3699951171875,501.79998779296875,501.3699951171875,501.6050109863281,2542.0
2024-10-25 15:45:00+00:00,SONO,12.654999732971191,12.654999732971191,12.65999984741211,12.654999732971191,12.654999732971191,2063.0
2024-10-25 15:45:00+00:00,SOUN,5.190000057220459,5.190000057220459,5.190000057220459,5.179999828338623,5.180099964141846,4543.0
2024-10-25 15:45:00+00:00,SPNS,36.64500045776367,36.64500045776367,36.64500045776367,36.630001068115234,36.630001068115234,936.0
2024-10-25 15:45:00+00:00,SPSC,169.83999633789062,169.83999633789062,169.88999938964844,169.8300018310547,169.8300018310547,508.0
2024-10-25 15:45:00+00:00,SPT,26.969999313354492,26.969999313354492,26.969999313354492,26.969999313354492,26.969999313354492,1208.0
2024-10-25 15:45:00+00:00,SRAD,12.3100004196167,12.3100004196167,12.3149995803833,12.3100004196167,12.3100004196167,1905.0
2024-10-25 15:45:00+00:00,SSNC,69.94000244140625,69.94000244140625,70.12999725341797,69.94000244140625,70.12999725341797,14327.0
2024-10-25 15:45:00+00:00,SSYS,7.039999961853027,7.039999961853027,7.039999961853027,7.039999961853027,7.039999961853027,221.0
2024-10-25 15:45:00+00:00,STNE,11.425000190734863,11.425000190734863,11.460000038146973,11.420000076293945,11.460000038146973,16860.0
2024-10-25 15:45:00+00:00,STX,103.44000244140625,103.44000244140625,103.5,103.44000244140625,103.45999908447266,9946.0
2024-10-25 15:45:00+00:00,SVRE,0.08009999990463257,0.08009999990463257,0.08009999990463257,0.08009999990463257,0.08009999990463257,7951.0
2024-10-25 15:45:00+00:00,SWKS,95.73500061035156,95.73500061035156,95.7699966430664,95.73500061035156,95.7699966430664,4096.0
2024-10-25 15:45:00+00:00,SYNA,72.25,72.25,72.25,72.25,72.25,889.0
2024-10-25 15:45:00+00:00,TEAM,188.67999267578125,188.67999267578125,188.7624969482422,188.47500610351562,188.47500610351562,12647.0
2024-10-25 15:45:00+00:00,TENB,41.720001220703125,41.720001220703125,41.720001220703125,41.720001220703125,41.720001220703125,769.0
2024-10-25 15:45:00+00:00,TER,112.49500274658203,112.49500274658203,112.51000213623047,112.4000015258789,112.43000030517578,11117.0
2024-10-25 15:45:00+00:00,TRMB,60.90999984741211,60.90999984741211,60.90999984741211,60.9098014831543,60.90999984741211,1427.0
2024-10-25 15:45:00+00:00,TSEM,44.95000076293945,44.95000076293945,44.95930099487305,44.95000076293945,44.95930099487305,1657.0
2024-10-25 15:45:00+00:00,TTD,119.37000274658203,119.37000274658203,119.44000244140625,119.3499984741211,119.3772964477539,11158.0
2024-10-25 15:45:00+00:00,TTMI,19.600000381469727,19.600000381469727,19.610000610351562,19.600000381469727,19.610000610351562,1684.0
2024-10-25 15:45:00+00:00,TWKS,4.440000057220459,4.440000057220459,4.449999809265137,4.440000057220459,4.440000057220459,2591.0
2024-10-25 15:45:00+00:00,TXN,207.52999877929688,207.52999877929688,207.5500030517578,207.4600067138672,207.5050048828125,6167.0
2024-10-25 15:45:00+00:00,UCTT,35.790000915527344,35.790000915527344,35.81999969482422,35.790000915527344,35.81999969482422,3517.0
2024-10-25 15:45:00+00:00,VECO,29.40999984741211,29.40999984741211,29.40999984741211,29.405000686645508,29.40999984741211,1527.0
2024-10-25 15:45:00+00:00,VERB,10.979999542236328,10.979999542236328,10.979999542236328,10.979999542236328,10.979999542236328,2576.0
2024-10-25 15:45:00+00:00,VERI,3.430000066757202,3.430000066757202,3.430000066757202,3.430000066757202,3.430000066757202,1230.0
2024-10-25 15:45:00+00:00,VERX,42.06999969482422,42.06999969482422,42.06999969482422,42.06999969482422,42.06999969482422,761.0
2024-10-25 15:45:00+00:00,VICR,46.27000045776367,46.27000045776367,46.290000915527344,46.27000045776367,46.290000915527344,2436.0
2024-10-25 15:45:00+00:00,VMEO,4.755000114440918,4.755000114440918,4.760000228881836,4.755000114440918,4.760000228881836,3647.0
2024-10-25 15:45:00+00:00,VRNS,56.83000183105469,56.83000183105469,56.88999938964844,56.83000183105469,56.88999938964844,5640.0
2024-10-25 15:45:00+00:00,VRNT,21.825000762939453,21.825000762939453,21.829999923706055,21.81999969482422,21.829999923706055,3844.0
2024-10-25 15:45:00+00:00,VRSN,181.55999755859375,181.55999755859375,181.74000549316406,181.55999755859375,181.71029663085938,6532.0
2024-10-25 15:45:00+00:00,VSAT,10.239999771118164,10.239999771118164,10.25,10.239999771118164,10.239999771118164,4101.0
2024-10-25 15:45:00+00:00,VUZI,1.2949999570846558,1.2949999570846558,1.2949999570846558,1.2949999570846558,1.2949999570846558,247.0
2024-10-25 15:45:00+00:00,WDAY,238.3000030517578,238.3000030517578,238.3000030517578,238.22999572753906,238.2913055419922,4238.0
2024-10-25 15:45:00+00:00,WDC,70.08000183105469,70.08000183105469,70.12999725341797,70.05999755859375,70.0999984741211,23558.0
2024-10-25 15:45:00+00:00,WISA,2.0100998878479004,2.0100998878479004,2.0299999713897705,2.009999990463257,2.009999990463257,5288.0
2024-10-25 15:45:00+00:00,WIX,164.5850067138672,164.5850067138672,164.5850067138672,164.5850067138672,164.5850067138672,1432.0
2024-10-25 15:45:00+00:00,XELA,1.9632999897003174,1.9632999897003174,1.9632999897003174,1.9600000381469727,1.9600000381469727,719.0
2024-10-25 15:45:00+00:00,XPER,9.399999618530273,9.399999618530273,9.399999618530273,9.399999618530273,9.399999618530273,523.0
2024-10-25 15:45:00+00:00,XRX,10.0,10.0,10.0,9.994999885559082,9.994999885559082,1880.0
2024-10-25 15:45:00+00:00,ZBRA,360.8299865722656,360.8299865722656,360.8299865722656,360.75,360.82000732421875,2166.0
2024-10-25 15:45:00+00:00,ZI,10.505000114440918,10.505000114440918,10.510000228881836,10.505000114440918,10.510000228881836,8559.0
2024-10-25 15:45:00+00:00,ZM,73.0,73.0,73.01000213623047,72.96499633789062,72.96499633789062,13028.0
2024-10-25 15:45:00+00:00,ZS,184.97500610351562,184.97500610351562,184.97500610351562,184.875,184.875,1550.0
2024-10-25 15:46:00+00:00,AAOI,17.467599868774414,17.467599868774414,17.4689998626709,17.45800018310547,17.4689998626709,750.0
2024-10-25 15:46:00+00:00,AAPL,231.5800018310547,231.5800018310547,231.60000610351562,231.47999572753906,231.4949951171875,69358.0
2024-10-25 15:46:00+00:00,ACIW,48.88999938964844,48.88999938964844,48.89500045776367,48.88999938964844,48.89500045776367,976.0
2024-10-25 15:46:00+00:00,ACLS,90.12000274658203,90.12000274658203,90.16000366210938,90.11000061035156,90.15499877929688,1058.0
2024-10-25 15:46:00+00:00,ACMR,19.67799949645996,19.67799949645996,19.679899215698242,19.649999618530273,19.655000686645508,3321.0
2024-10-25 15:46:00+00:00,ADBE,483.05499267578125,483.05499267578125,483.1199951171875,482.9200134277344,482.92999267578125,4341.0
2024-10-25 15:46:00+00:00,ADI,231.2100067138672,231.2100067138672,231.2100067138672,230.99000549316406,230.99000549316406,6783.0
2024-10-25 15:46:00+00:00,ADSK,286.989990234375,286.989990234375,286.989990234375,286.989990234375,286.989990234375,105.0
2024-10-25 15:46:00+00:00,ADTN,6.295000076293945,6.295000076293945,6.295000076293945,6.295000076293945,6.295000076293945,402.0
2024-10-25 15:46:00+00:00,AEHR,17.030000686645508,17.030000686645508,17.030000686645508,17.020000457763672,17.020000457763672,2457.0
2024-10-25 15:46:00+00:00,AFRM,41.05609893798828,41.05609893798828,41.119998931884766,41.040000915527344,41.1150016784668,22253.0
2024-10-25 15:46:00+00:00,AGYS,109.94000244140625,109.94000244140625,109.94000244140625,109.92500305175781,109.92500305175781,392.0
2024-10-25 15:46:00+00:00,AKAM,101.8936996459961,101.8936996459961,101.9000015258789,101.83000183105469,101.83000183105469,3718.0
2024-10-25 15:46:00+00:00,ALGM,23.170000076293945,23.170000076293945,23.18000030517578,23.1200008392334,23.1200008392334,19227.0
2024-10-25 15:46:00+00:00,ALKT,38.34000015258789,38.34000015258789,38.34000015258789,38.29999923706055,38.29999923706055,2215.0
2024-10-25 15:46:00+00:00,ALRM,54.625,54.625,54.625,54.595001220703125,54.595001220703125,1506.0
2024-10-25 15:46:00+00:00,ALTR,103.83999633789062,103.83999633789062,103.84750366210938,103.83999633789062,103.84500122070312,12483.0
2024-10-25 15:46:00+00:00,AMAT,187.4199981689453,187.4199981689453,187.4600067138672,187.32000732421875,187.36000061035156,11874.0
2024-10-25 15:46:00+00:00,AMBA,57.84000015258789,57.84000015258789,57.84000015258789,57.84000015258789,57.84000015258789,1557.0
2024-10-25 15:46:00+00:00,AMD,156.5399932861328,156.5399932861328,156.58999633789062,156.5,156.52000427246094,41915.0
2024-10-25 15:46:00+00:00,AMKR,30.09000015258789,30.09000015258789,30.104999542236328,30.084999084472656,30.084999084472656,3944.0
2024-10-25 15:46:00+00:00,AMPL,9.125,9.125,9.125,9.125,9.125,256.0
2024-10-25 15:46:00+00:00,ANSS,323.8450012207031,323.8450012207031,323.95001220703125,323.8450012207031,323.94000244140625,900.0
2024-10-25 15:46:00+00:00,ANY,1.0700000524520874,1.0700000524520874,1.0700000524520874,1.0700000524520874,1.0700000524520874,1258.0
2024-10-25 15:46:00+00:00,API,2.8350000381469727,2.8350000381469727,2.8399999141693115,2.8301000595092773,2.8399999141693115,11398.0
2024-10-25 15:46:00+00:00,APP,162.25999450683594,162.25999450683594,162.25999450683594,162.10000610351562,162.16000366210938,8450.0
2024-10-25 15:46:00+00:00,APPF,212.8350067138672,212.8350067138672,212.8350067138672,212.8300018310547,212.8300018310547,2647.0
2024-10-25 15:46:00+00:00,APPN,32.349998474121094,32.349998474121094,32.349998474121094,32.33000183105469,32.33000183105469,1307.0
2024-10-25 15:46:00+00:00,APPS,3.069999933242798,3.069999933242798,3.069999933242798,3.069999933242798,3.069999933242798,741.0
2024-10-25 15:46:00+00:00,ARQQ,7.01200008392334,7.01200008392334,7.01200008392334,7.01200008392334,7.01200008392334,143.0
2024-10-25 15:46:00+00:00,ARRY,6.492800235748291,6.492800235748291,6.505000114440918,6.492800235748291,6.494999885559082,32839.0
2024-10-25 15:46:00+00:00,ASML,714.3300170898438,714.3300170898438,714.3300170898438,713.8150024414062,713.8150024414062,3395.0
2024-10-25 15:46:00+00:00,ASNS,1.3049999475479126,1.3049999475479126,1.3049999475479126,1.2999999523162842,1.2999999523162842,544.0
2024-10-25 15:46:00+00:00,ASTI,2.930000066757202,2.930000066757202,2.930000066757202,2.9100000858306885,2.9100000858306885,5224.0
2024-10-25 15:46:00+00:00,ATOM,3.359499931335449,3.359499931335449,3.359499931335449,3.3499999046325684,3.3550000190734863,523.0
2024-10-25 15:46:00+00:00,AUR,6.394999980926514,6.394999980926514,6.394999980926514,6.390100002288818,6.394999980926514,8493.0
2024-10-25 15:46:00+00:00,AVDX,8.074999809265137,8.074999809265137,8.074999809265137,8.074999809265137,8.074999809265137,2430.0
2024-10-25 15:46:00+00:00,AVGO,173.610595703125,173.610595703125,173.63999938964844,173.5800018310547,173.63999938964844,42587.0
2024-10-25 15:46:00+00:00,AVPT,11.899999618530273,11.899999618530273,11.904999732971191,11.899999618530273,11.904999732971191,734.0
2024-10-25 15:46:00+00:00,AVT,54.13999938964844,54.13999938964844,54.13999938964844,54.125,54.130001068115234,1308.0
2024-10-25 15:46:00+00:00,AXTI,2.6549999713897705,2.6549999713897705,2.6549999713897705,2.6500000953674316,2.650700092315674,4108.0
2024-10-25 15:46:00+00:00,AZPN,237.86000061035156,237.86000061035156,237.86000061035156,237.86000061035156,237.86000061035156,1827.0
2024-10-25 15:46:00+00:00,BASE,16.299999237060547,16.299999237060547,16.299999237060547,16.299999237060547,16.299999237060547,552.0
2024-10-25 15:46:00+00:00,BCOV,2.2750000953674316,2.2750000953674316,2.2750000953674316,2.2750000953674316,2.2750000953674316,754.0
2024-10-25 15:46:00+00:00,BELFB,78.63150024414062,78.63150024414062,78.63150024414062,78.55999755859375,78.55999755859375,1452.0
2024-10-25 15:46:00+00:00,BIGC,5.260000228881836,5.260000228881836,5.260000228881836,5.260000228881836,5.260000228881836,1545.0
2024-10-25 15:46:00+00:00,BL,56.310001373291016,56.310001373291016,56.310001373291016,56.29999923706055,56.29999923706055,1151.0
2024-10-25 15:46:00+00:00,BLKB,85.66000366210938,85.66000366210938,85.66000366210938,85.66000366210938,85.66000366210938,686.0
2024-10-25 15:46:00+00:00,BMBL,7.175000190734863,7.175000190734863,7.184999942779541,7.164999961853027,7.184999942779541,14463.0
2024-10-25 15:46:00+00:00,BOSC,2.9700000286102295,2.9700000286102295,2.9700000286102295,2.9700000286102295,2.9700000286102295,1994.0
2024-10-25 15:46:00+00:00,BRZE,30.809999465942383,30.809999465942383,30.809999465942383,30.739999771118164,30.739999771118164,3484.0
2024-10-25 15:46:00+00:00,BSY,49.084999084472656,49.084999084472656,49.09000015258789,49.06999969482422,49.06999969482422,6044.0
2024-10-25 15:46:00+00:00,CAMT,78.11499786376953,78.11499786376953,78.11499786376953,78.03500366210938,78.03500366210938,2699.0
2024-10-25 15:46:00+00:00,CAN,0.9736999869346619,0.9736999869346619,0.9740999937057495,0.9736999869346619,0.9739000201225281,6902.0
2024-10-25 15:46:00+00:00,CCSI,20.09000015258789,20.09000015258789,20.149999618530273,20.09000015258789,20.149999618530273,927.0
2024-10-25 15:46:00+00:00,CDNS,257.3500061035156,257.3500061035156,257.3699951171875,257.2349853515625,257.2349853515625,3147.0
2024-10-25 15:46:00+00:00,CDW,217.96499633789062,217.96499633789062,217.96499633789062,217.83999633789062,217.83999633789062,3509.0
2024-10-25 15:46:00+00:00,CETX,0.29429998993873596,0.29429998993873596,0.29429998993873596,0.29429998993873596,0.29429998993873596,3398.0
2024-10-25 15:46:00+00:00,CFLT,22.440000534057617,22.440000534057617,22.44499969482422,22.43000030517578,22.434999465942383,12793.0
2024-10-25 15:46:00+00:00,CGNX,38.92499923706055,38.92499923706055,38.92499923706055,38.90999984741211,38.90999984741211,3255.0
2024-10-25 15:46:00+00:00,CHKP,206.42999267578125,206.42999267578125,206.4971923828125,206.42999267578125,206.4971923828125,942.0
2024-10-25 15:46:00+00:00,CLBT,18.184999465942383,18.184999465942383,18.190000534057617,18.184999465942383,18.190000534057617,2733.0
2024-10-25 15:46:00+00:00,CLSK,11.509699821472168,11.509699821472168,11.53499984741211,11.5,11.53499984741211,87427.0
2024-10-25 15:46:00+00:00,CNDT,3.5899999141693115,3.5899999141693115,3.5950000286102295,3.5899999141693115,3.5899999141693115,2882.0
2024-10-25 15:46:00+00:00,CNXC,44.40999984741211,44.40999984741211,44.40999984741211,44.3849983215332,44.3849983215332,3450.0
2024-10-25 15:46:00+00:00,COHR,95.67749786376953,95.67749786376953,95.69000244140625,95.62999725341797,95.68000030517578,5348.0
2024-10-25 15:46:00+00:00,COIN,205.25,205.25,205.5,205.09010314941406,205.22000122070312,18206.0
2024-10-25 15:46:00+00:00,COMM,6.21999979019165,6.21999979019165,6.21999979019165,6.210000038146973,6.215000152587891,4979.0
2024-10-25 15:46:00+00:00,CORZ,13.399999618530273,13.399999618530273,13.399999618530273,13.38129997253418,13.385000228881836,16560.0
2024-10-25 15:46:00+00:00,CRCT,6.565000057220459,6.565000057220459,6.570000171661377,6.565000057220459,6.570000171661377,221.0
2024-10-25 15:46:00+00:00,CRDO,39.13999938964844,39.13999938964844,39.13999938964844,39.13999938964844,39.13999938964844,3004.0
2024-10-25 15:46:00+00:00,CRNT,2.4700000286102295,2.4700000286102295,2.4800000190734863,2.4700000286102295,2.4749999046325684,798.0
2024-10-25 15:46:00+00:00,CRSR,6.315999984741211,6.315999984741211,6.320000171661377,6.315999984741211,6.320000171661377,975.0
2024-10-25 15:46:00+00:00,CRUS,122.55999755859375,122.55999755859375,122.55999755859375,122.4749984741211,122.4749984741211,1244.0
2024-10-25 15:46:00+00:00,CRWD,300.2640075683594,300.2640075683594,300.2640075683594,299.8699951171875,299.9049987792969,12815.0
2024-10-25 15:46:00+00:00,CSCO,55.79499816894531,55.79499816894531,55.79499816894531,55.7599983215332,55.76499938964844,51363.0
2024-10-25 15:46:00+00:00,CSIQ,13.385000228881836,13.385000228881836,13.390000343322754,13.380000114440918,13.390000343322754,3655.0
2024-10-25 15:46:00+00:00,CTSH,74.81500244140625,74.81500244140625,74.81500244140625,74.78500366210938,74.79000091552734,4852.0
2024-10-25 15:46:00+00:00,CVLT,134.69000244140625,134.69000244140625,134.69000244140625,134.64999389648438,134.64999389648438,2236.0
2024-10-25 15:46:00+00:00,DAIO,2.5899999141693115,2.5899999141693115,2.5899999141693115,2.5799999237060547,2.5799999237060547,786.0
2024-10-25 15:46:00+00:00,DAKT,13.09000015258789,13.09000015258789,13.09000015258789,13.079999923706055,13.079999923706055,2417.0
2024-10-25 15:46:00+00:00,DBX,26.065000534057617,26.065000534057617,26.065000534057617,26.049999237060547,26.05500030517578,19246.0
2024-10-25 15:46:00+00:00,DDOG,126.66999816894531,126.66999816894531,126.70999908447266,126.65499877929688,126.69999694824219,20815.0
2024-10-25 15:46:00+00:00,DGHI,1.4950000047683716,1.4950000047683716,1.4950000047683716,1.4950000047683716,1.4950000047683716,665.0
2024-10-25 15:46:00+00:00,DGII,29.959999084472656,29.959999084472656,29.959999084472656,29.959999084472656,29.959999084472656,143.0
2024-10-25 15:46:00+00:00,DIOD,64.95999908447266,64.95999908447266,64.95999908447266,64.90499877929688,64.90499877929688,1770.0
2024-10-25 15:46:00+00:00,DMRC,32.13999938964844,32.13999938964844,32.13999938964844,32.13999938964844,32.13999938964844,810.0
2024-10-25 15:46:00+00:00,DOCU,68.7699966430664,68.7699966430664,68.80000305175781,68.7300033569336,68.80000305175781,11298.0
2024-10-25 15:46:00+00:00,DOMO,8.09000015258789,8.09000015258789,8.09000015258789,8.09000015258789,8.09000015258789,2948.0
2024-10-25 15:46:00+00:00,DUOL,292.4100036621094,292.4100036621094,292.4100036621094,292.1400146484375,292.1400146484375,2123.0
2024-10-25 15:46:00+00:00,EEFT,100.76000213623047,100.76000213623047,100.76000213623047,100.7300033569336,100.7300033569336,686.0
2024-10-25 15:46:00+00:00,ENPH,84.08000183105469,84.08000183105469,84.0999984741211,83.98999786376953,84.0999984741211,14276.0
2024-10-25 15:46:00+00:00,ENTG,105.54499816894531,105.54499816894531,105.54499816894531,105.41000366210938,105.41000366210938,6662.0
2024-10-25 15:46:00+00:00,ERIC,8.46500015258789,8.46500015258789,8.46500015258789,8.460000038146973,8.460000038146973,23029.0
2024-10-25 15:46:00+00:00,EXLS,38.599998474121094,38.599998474121094,38.599998474121094,38.595001220703125,38.595001220703125,995.0
2024-10-25 15:46:00+00:00,EXTR,14.345000267028809,14.345000267028809,14.350000381469727,14.345000267028809,14.350000381469727,1174.0
2024-10-25 15:46:00+00:00,FFIV,217.19000244140625,217.19000244140625,217.19000244140625,217.0,217.05999755859375,3318.0
2024-10-25 15:46:00+00:00,FIVN,29.69499969482422,29.69499969482422,29.709999084472656,29.684999465942383,29.709999084472656,9775.0
2024-10-25 15:46:00+00:00,FLEX,35.19499969482422,35.19499969482422,35.19499969482422,35.154998779296875,35.165000915527344,9373.0
2024-10-25 15:46:00+00:00,FLYW,17.325000762939453,17.325000762939453,17.325000762939453,17.31999969482422,17.31999969482422,2201.0
2024-10-25 15:46:00+00:00,FORM,44.880001068115234,44.880001068115234,44.880001068115234,44.880001068115234,44.880001068115234,1066.0
2024-10-25 15:46:00+00:00,FRGT,1.8645000457763672,1.8645000457763672,1.8645000457763672,1.8645000457763672,1.8645000457763672,360.0
2024-10-25 15:46:00+00:00,FROG,29.209999084472656,29.209999084472656,29.229000091552734,29.18000030517578,29.209999084472656,8466.0
2024-10-25 15:46:00+00:00,FRSH,11.5600004196167,11.5600004196167,11.569999694824219,11.5600004196167,11.569999694824219,4152.0
2024-10-25 15:46:00+00:00,FSLR,198.39999389648438,198.39999389648438,198.39999389648438,198.23500061035156,198.23500061035156,3432.0
2024-10-25 15:46:00+00:00,FTCI,0.6636999845504761,0.6636999845504761,0.6636999845504761,0.6628999710083008,0.6628999710083008,6188.0
2024-10-25 15:46:00+00:00,FTNT,80.56999969482422,80.56999969482422,80.58000183105469,80.54000091552734,80.55999755859375,8797.0
2024-10-25 15:46:00+00:00,GCT,24.440000534057617,24.440000534057617,24.440000534057617,24.434999465942383,24.434999465942383,1300.0
2024-10-25 15:46:00+00:00,GDS,21.3700008392334,21.3700008392334,21.389999389648438,21.365999221801758,21.3700008392334,8967.0
2024-10-25 15:46:00+00:00,GDYN,15.579999923706055,15.579999923706055,15.600000381469727,15.579999923706055,15.600000381469727,1486.0
2024-10-25 15:46:00+00:00,GFS,40.470001220703125,40.470001220703125,40.470001220703125,40.43000030517578,40.43000030517578,5883.0
2024-10-25 15:46:00+00:00,GILT,4.929999828338623,4.929999828338623,4.929999828338623,4.929999828338623,4.929999828338623,611.0
2024-10-25 15:46:00+00:00,GPRO,1.2999999523162842,1.2999999523162842,1.309999942779541,1.2999999523162842,1.3049999475479126,27834.0
2024-10-25 15:46:00+00:00,GRAB,4.085000038146973,4.085000038146973,4.090000152587891,4.081399917602539,4.090000152587891,61594.0
2024-10-25 15:46:00+00:00,GRRR,4.480100154876709,4.480100154876709,4.489999771118164,4.46999979019165,4.486999988555908,6438.0
2024-10-25 15:46:00+00:00,GTLB,54.82500076293945,54.82500076293945,54.82500076293945,54.79999923706055,54.810001373291016,1834.0
2024-10-25 15:46:00+00:00,HCP,33.6349983215332,33.6349983215332,33.63999938964844,33.6349983215332,33.6349983215332,6243.0
2024-10-25 15:46:00+00:00,HEAR,16.43000030517578,16.43000030517578,16.43000030517578,16.43000030517578,16.43000030517578,212.0
2024-10-25 15:46:00+00:00,HIMX,6.15500020980835,6.15500020980835,6.15500020980835,6.15500020980835,6.15500020980835,391.0
2024-10-25 15:46:00+00:00,HLIT,14.77750015258789,14.77750015258789,14.779999732971191,14.774999618530273,14.774999618530273,2776.0
2024-10-25 15:46:00+00:00,HOLO,3.589400053024292,3.589400053024292,3.589900016784668,3.5799999237060547,3.589900016784668,2767.0
2024-10-25 15:46:00+00:00,HOOD,27.05500030517578,27.05500030517578,27.06599998474121,27.050199508666992,27.050199508666992,13053.0
2024-10-25 15:46:00+00:00,ICHR,27.639999389648438,27.639999389648438,27.639999389648438,27.639999389648438,27.639999389648438,305.0
2024-10-25 15:46:00+00:00,IDN,2.4149999618530273,2.4149999618530273,2.4200000762939453,2.4149999618530273,2.4200000762939453,1690.0
2024-10-25 15:46:00+00:00,IMMR,8.65999984741211,8.65999984741211,8.65999984741211,8.65999984741211,8.65999984741211,2102.0
2024-10-25 15:46:00+00:00,INDI,3.4639999866485596,3.4639999866485596,3.4649999141693115,3.4600000381469727,3.4649999141693115,8205.0
2024-10-25 15:46:00+00:00,INFN,6.769999980926514,6.769999980926514,6.769999980926514,6.769999980926514,6.769999980926514,378.0
2024-10-25 15:46:00+00:00,INOD,20.200000762939453,20.200000762939453,20.209999084472656,20.145000457763672,20.145000457763672,5214.0
2024-10-25 15:46:00+00:00,INSG,19.690000534057617,19.690000534057617,19.729999542236328,19.690000534057617,19.729999542236328,1139.0
2024-10-25 15:46:00+00:00,INTA,50.21500015258789,50.21500015258789,50.21500015258789,50.21500015258789,50.21500015258789,871.0
2024-10-25 15:46:00+00:00,INTC,22.864999771118164,22.864999771118164,22.8700008392334,22.860000610351562,22.864999771118164,46094.0
2024-10-25 15:46:00+00:00,INTU,609.52001953125,609.52001953125,609.5349731445312,609.281494140625,609.281494140625,3311.0
2024-10-25 15:46:00+00:00,IPGP,77.00499725341797,77.00499725341797,77.00499725341797,77.00499725341797,77.00499725341797,409.0
2024-10-25 15:46:00+00:00,ITI,7.195000171661377,7.195000171661377,7.195000171661377,7.195000171661377,7.195000171661377,711.0
2024-10-25 15:46:00+00:00,ITRI,102.7699966430664,102.7699966430664,102.7699966430664,102.73500061035156,102.73500061035156,2156.0
2024-10-25 15:46:00+00:00,JAMF,16.7450008392334,16.7450008392334,16.7549991607666,16.739999771118164,16.7549991607666,3541.0
2024-10-25 15:46:00+00:00,JKHY,182.8699951171875,182.8699951171875,182.8699951171875,182.77999877929688,182.8000030517578,1268.0
2024-10-25 15:46:00+00:00,KC,2.6600000858306885,2.6600000858306885,2.6649999618530273,2.6600000858306885,2.6649999618530273,1649.0
2024-10-25 15:46:00+00:00,KLAC,677.5050048828125,677.5050048828125,677.5050048828125,677.4949951171875,677.4949951171875,3805.0
2024-10-25 15:46:00+00:00,KLIC,44.630001068115234,44.630001068115234,44.630001068115234,44.630001068115234,44.630001068115234,2067.0
2024-10-25 15:46:00+00:00,KLTR,1.315000057220459,1.315000057220459,1.315000057220459,1.315000057220459,1.315000057220459,101.0
2024-10-25 15:46:00+00:00,KOPN,0.7742000222206116,0.7742000222206116,0.7742000222206116,0.7742000222206116,0.7742000222206116,400.0
2024-10-25 15:46:00+00:00,KOSS,7.230000019073486,7.230000019073486,7.230000019073486,7.230000019073486,7.230000019073486,817.0
2024-10-25 15:46:00+00:00,LASR,10.364999771118164,10.364999771118164,10.364999771118164,10.364999771118164,10.364999771118164,160.0
2024-10-25 15:46:00+00:00,LFUS,253.4600067138672,253.4600067138672,253.4600067138672,253.4600067138672,253.4600067138672,705.0
2024-10-25 15:46:00+00:00,LINK,4.896999835968018,4.896999835968018,5.150000095367432,4.809999942779541,5.131199836730957,23466.0
2024-10-25 15:46:00+00:00,LITE,64.43000030517578,64.43000030517578,64.43000030517578,64.38670349121094,64.4000015258789,1043.0
2024-10-25 15:46:00+00:00,LOGI,80.70999908447266,80.70999908447266,80.73899841308594,80.70999908447266,80.7300033569336,4347.0
2024-10-25 15:46:00+00:00,LPSN,1.1699999570846558,1.1699999570846558,1.1699999570846558,1.1699999570846558,1.1699999570846558,32.0
2024-10-25 15:46:00+00:00,LPTH,1.659999966621399,1.659999966621399,1.6699999570846558,1.659999966621399,1.6699999570846558,3099.0
2024-10-25 15:46:00+00:00,LRCX,78.13999938964844,78.13999938964844,78.13999938964844,78.08999633789062,78.09500122070312,25378.0
2024-10-25 15:46:00+00:00,LSCC,54.380001068115234,54.380001068115234,54.400001525878906,54.345001220703125,54.36000061035156,6411.0
2024-10-25 15:46:00+00:00,LTRX,4.074999809265137,4.074999809265137,4.074999809265137,4.070000171661377,4.074999809265137,810.0
2024-10-25 15:46:00+00:00,LYFT,13.460000038146973,13.460000038146973,13.475000381469727,13.444000244140625,13.444999694824219,51411.0
2024-10-25 15:46:00+00:00,MANH,276.17999267578125,276.17999267578125,276.17999267578125,276.17999267578125,276.17999267578125,1347.0
2024-10-25 15:46:00+00:00,MCHP,76.80000305175781,76.80000305175781,76.80699920654297,76.71499633789062,76.72000122070312,11086.0
2024-10-25 15:46:00+00:00,MDB,267.95001220703125,267.95001220703125,267.9599914550781,267.8599853515625,267.9200134277344,3374.0
2024-10-25 15:46:00+00:00,MKSI,101.3499984741211,101.3499984741211,101.3499984741211,101.33999633789062,101.33999633789062,1865.0
2024-10-25 15:46:00+00:00,MLAB,113.06999969482422,113.06999969482422,113.06999969482422,113.06999969482422,113.06999969482422,1461.0
2024-10-25 15:46:00+00:00,MNDY,298.69000244140625,298.69000244140625,298.69000244140625,298.69000244140625,298.69000244140625,4050.0
2024-10-25 15:46:00+00:00,MOB,1.3704999685287476,1.3704999685287476,1.3704999685287476,1.3704999685287476,1.3704999685287476,2613.0
2024-10-25 15:46:00+00:00,MPWR,907.97998046875,907.97998046875,907.97998046875,907.9299926757812,907.9299926757812,1228.0
2024-10-25 15:46:00+00:00,MQ,5.309999942779541,5.309999942779541,5.309999942779541,5.304999828338623,5.309999942779541,5999.0
2024-10-25 15:46:00+00:00,MRVL,82.06999969482422,82.06999969482422,82.06999969482422,82.04499816894531,82.05000305175781,10201.0
2024-10-25 15:46:00+00:00,MSFT,428.20001220703125,428.20001220703125,428.20001220703125,427.8200988769531,427.8800048828125,23274.0
2024-10-25 15:46:00+00:00,MSTR,235.6999969482422,235.6999969482422,235.89999389648438,235.39999389648438,235.58749389648438,43182.0
2024-10-25 15:46:00+00:00,MTSI,121.38999938964844,121.38999938964844,121.5,121.3499984741211,121.36000061035156,5091.0
2024-10-25 15:46:00+00:00,MTTR,4.574999809265137,4.574999809265137,4.574999809265137,4.570000171661377,4.572500228881836,9563.0
2024-10-25 15:46:00+00:00,MU,108.26000213623047,108.26000213623047,108.26000213623047,108.18499755859375,108.20500183105469,17178.0
2024-10-25 15:46:00+00:00,MVIS,1.0799000263214111,1.0799000263214111,1.0799000263214111,1.0740000009536743,1.0740000009536743,8661.0
2024-10-25 15:46:00+00:00,MXL,14.78499984741211,14.78499984741211,14.78499984741211,14.78499984741211,14.78499984741211,2366.0
2024-10-25 15:46:00+00:00,NCNO,37.899898529052734,37.899898529052734,37.900001525878906,37.88999938964844,37.900001525878906,2423.0
2024-10-25 15:46:00+00:00,NEON,8.116000175476074,8.116000175476074,8.116000175476074,8.116000175476074,8.116000175476074,318.0
2024-10-25 15:46:00+00:00,NICE,174.375,174.375,174.39500427246094,174.35499572753906,174.39500427246094,530.0
2024-10-25 15:46:00+00:00,NNDM,2.325000047683716,2.325000047683716,2.325000047683716,2.325000047683716,2.325000047683716,496.0
2024-10-25 15:46:00+00:00,NOVT,172.92999267578125,172.92999267578125,172.9600067138672,172.92999267578125,172.9600067138672,546.0
2024-10-25 15:46:00+00:00,NSIT,209.52000427246094,209.52000427246094,209.52000427246094,209.52000427246094,209.52000427246094,459.0
2024-10-25 15:46:00+00:00,NTAP,119.77999877929688,119.77999877929688,119.79900360107422,119.7699966430664,119.7699966430664,4459.0
2024-10-25 15:46:00+00:00,NTCT,20.739999771118164,20.739999771118164,20.739999771118164,20.719999313354492,20.719999313354492,1025.0
2024-10-25 15:46:00+00:00,NTGR,20.299999237060547,20.299999237060547,20.299999237060547,20.299999237060547,20.299999237060547,1734.0
2024-10-25 15:46:00+00:00,NTNX,61.849998474121094,61.849998474121094,61.88999938964844,61.810001373291016,61.814998626708984,8627.0
2024-10-25 15:46:00+00:00,NVDA,142.0601043701172,142.0601043701172,142.08999633789062,142.02000427246094,142.0449981689453,254150.0
2024-10-25 15:46:00+00:00,NVEI,33.494998931884766,33.494998931884766,33.494998931884766,33.494998931884766,33.494998931884766,543.0
2024-10-25 15:46:00+00:00,NVTS,2.559999942779541,2.559999942779541,2.559999942779541,2.549999952316284,2.549999952316284,3143.0
2024-10-25 15:46:00+00:00,NXPI,243.5500030517578,243.5500030517578,243.5500030517578,243.24000549316406,243.24000549316406,5951.0
2024-10-25 15:46:00+00:00,OKTA,72.37000274658203,72.37000274658203,72.37000274658203,72.34400177001953,72.34400177001953,2000.0
2024-10-25 15:46:00+00:00,OLED,203.13999938964844,203.13999938964844,203.24000549316406,203.13999938964844,203.24000549316406,3321.0
2024-10-25 15:46:00+00:00,OMQS,0.17000000178813934,0.17000000178813934,0.17000000178813934,0.17000000178813934,0.17000000178813934,0.0
2024-10-25 15:46:00+00:00,ON,71.29499816894531,71.29499816894531,71.30999755859375,71.2426986694336,71.2699966430664,23771.0
2024-10-25 15:46:00+00:00,OSIS,135.0800018310547,135.0800018310547,135.0800018310547,135.0800018310547,135.0800018310547,288.0
2024-10-25 15:46:00+00:00,OSPN,14.550000190734863,14.550000190734863,14.550000190734863,14.550000190734863,14.550000190734863,425.0
2024-10-25 15:46:00+00:00,PANW,366.2550048828125,366.2550048828125,366.2550048828125,365.8999938964844,365.8999938964844,6958.0
2024-10-25 15:46:00+00:00,PAYO,8.345000267028809,8.345000267028809,8.345000267028809,8.345000267028809,8.345000267028809,2296.0
2024-10-25 15:46:00+00:00,PCTY,173.75999450683594,173.75999450683594,173.75999450683594,173.61000061035156,173.61000061035156,2990.0
2024-10-25 15:46:00+00:00,PEGA,79.7300033569336,79.7300033569336,79.7699966430664,79.66999816894531,79.75,4795.0
2024-10-25 15:46:00+00:00,PET,0.8119999766349792,0.8119999766349792,0.8119999766349792,0.8119999766349792,0.8119999766349792,245.0
2024-10-25 15:46:00+00:00,PGY,11.979999542236328,11.979999542236328,11.979999542236328,11.975000381469727,11.975000381469727,1779.0
2024-10-25 15:46:00+00:00,PHUN,10.359999656677246,10.359999656677246,10.449999809265137,10.350000381469727,10.446000099182129,34835.0
2024-10-25 15:46:00+00:00,PI,201.8249969482422,201.8249969482422,202.00999450683594,201.72000122070312,201.97999572753906,8952.0
2024-10-25 15:46:00+00:00,PLXS,141.02999877929688,141.02999877929688,141.02999877929688,140.99000549316406,140.99000549316406,925.0
2024-10-25 15:46:00+00:00,POET,3.858599901199341,3.858599901199341,3.858599901199341,3.858599901199341,3.858599901199341,536.0
2024-10-25 15:46:00+00:00,PRCH,1.2949999570846558,1.2949999570846558,1.2949999570846558,1.2949999570846558,1.2949999570846558,130.0
2024-10-25 15:46:00+00:00,PRGS,64.69000244140625,64.69000244140625,64.69000244140625,64.63500213623047,64.63500213623047,2372.0
2024-10-25 15:46:00+00:00,PTC,187.30999755859375,187.30999755859375,187.30999755859375,187.27999877929688,187.27999877929688,2156.0
2024-10-25 15:46:00+00:00,PYCR,14.399999618530273,14.399999618530273,14.40999984741211,14.369999885559082,14.369999885559082,9626.0
2024-10-25 15:46:00+00:00,QCOM,171.13999938964844,171.13999938964844,171.13999938964844,171.0,171.0500030517578,9166.0
2024-10-25 15:46:00+00:00,QLYS,121.1624984741211,121.1624984741211,121.1624984741211,121.08000183105469,121.08000183105469,2671.0
2024-10-25 15:46:00+00:00,QRVO,99.6500015258789,99.6500015258789,99.69999694824219,99.6449966430664,99.6500015258789,6719.0
2024-10-25 15:46:00+00:00,RCAT,2.7249999046325684,2.7249999046325684,2.7249999046325684,2.7249999046325684,2.7249999046325684,322.0
2024-10-25 15:46:00+00:00,RDWR,22.399999618530273,22.399999618530273,22.399999618530273,22.399999618530273,22.399999618530273,901.0
2024-10-25 15:46:00+00:00,REKR,1.0850000381469727,1.0850000381469727,1.0850000381469727,1.0807000398635864,1.0807000398635864,2104.0
2024-10-25 15:46:00+00:00,RELY,14.895000457763672,14.895000457763672,14.895000457763672,14.880000114440918,14.895000457763672,9934.0
2024-10-25 15:46:00+00:00,RGTI,1.2100000381469727,1.2100000381469727,1.215000033378601,1.2100000381469727,1.2100000381469727,4012.0
2024-10-25 15:46:00+00:00,RIOT,9.744999885559082,9.744999885559082,9.760000228881836,9.741399765014648,9.755000114440918,27029.0
2024-10-25 15:46:00+00:00,RMBS,43.53499984741211,43.53499984741211,43.54249954223633,43.505001068115234,43.505001068115234,6422.0
2024-10-25 15:46:00+00:00,RPAY,7.730000019073486,7.730000019073486,7.730000019073486,7.730000019073486,7.730000019073486,159.0
2024-10-25 15:46:00+00:00,RPD,39.04999923706055,39.04999923706055,39.04999923706055,39.04999923706055,39.04999923706055,1013.0
2024-10-25 15:46:00+00:00,RUM,5.679999828338623,5.679999828338623,5.679999828338623,5.675000190734863,5.675000190734863,1226.0
2024-10-25 15:46:00+00:00,RUN,14.404999732971191,14.404999732971191,14.414999961853027,14.329999923706055,14.414999961853027,62113.0
2024-10-25 15:46:00+00:00,SANM,67.56999969482422,67.56999969482422,67.56999969482422,67.56999969482422,67.56999969482422,1187.0
2024-10-25 15:46:00+00:00,SATS,25.1299991607666,25.1299991607666,25.1299991607666,25.1299991607666,25.1299991607666,1550.0
2024-10-25 15:46:00+00:00,SCSC,44.970001220703125,44.970001220703125,44.97999954223633,44.970001220703125,44.97999954223633,961.0
2024-10-25 15:46:00+00:00,SCWX,8.375,8.375,8.375,8.375,8.375,834.0
2024-10-25 15:46:00+00:00,SEDG,16.15999984741211,16.15999984741211,16.15999984741211,16.09000015258789,16.1200008392334,18111.0
2024-10-25 15:46:00+00:00,SHLS,5.170000076293945,5.170000076293945,5.179699897766113,5.170000076293945,5.170000076293945,5829.0
2024-10-25 15:46:00+00:00,SIMO,56.15999984741211,56.15999984741211,56.15999984741211,56.15999984741211,56.15999984741211,1448.0
2024-10-25 15:46:00+00:00,SITM,177.97999572753906,177.97999572753906,178.2050018310547,177.97999572753906,178.2050018310547,581.0
2024-10-25 15:46:00+00:00,SKYT,10.430000305175781,10.430000305175781,10.430000305175781,10.430000305175781,10.430000305175781,455.0
2024-10-25 15:46:00+00:00,SLAB,114.06999969482422,114.06999969482422,114.06999969482422,114.06999969482422,114.06999969482422,633.0
2024-10-25 15:46:00+00:00,SMCI,47.58000183105469,47.58000183105469,47.58000183105469,47.529998779296875,47.529998779296875,35878.0
2024-10-25 15:46:00+00:00,SMSI,0.7904999852180481,0.7904999852180481,0.7904999852180481,0.7904999852180481,0.7904999852180481,178.0
2024-10-25 15:46:00+00:00,SMTC,45.650001525878906,45.650001525878906,45.650001525878906,45.64500045776367,45.64500045776367,1575.0
2024-10-25 15:46:00+00:00,SNPS,501.8699951171875,501.8699951171875,501.8699951171875,501.739990234375,501.739990234375,2373.0
2024-10-25 15:46:00+00:00,SONO,12.664999961853027,12.664999961853027,12.664999961853027,12.65999984741211,12.65999984741211,1001.0
2024-10-25 15:46:00+00:00,SOUN,5.179999828338623,5.179999828338623,5.190000057220459,5.179999828338623,5.190000057220459,5620.0
2024-10-25 15:46:00+00:00,SPNS,36.66999816894531,36.66999816894531,36.66999816894531,36.66999816894531,36.66999816894531,191.0
2024-10-25 15:46:00+00:00,SPSC,169.89999389648438,169.89999389648438,169.89999389648438,169.7803955078125,169.7803955078125,1260.0
2024-10-25 15:46:00+00:00,SRAD,12.324999809265137,12.324999809265137,12.329999923706055,12.3100004196167,12.3100004196167,8097.0
2024-10-25 15:46:00+00:00,SSNC,69.96499633789062,69.96499633789062,69.97000122070312,69.9000015258789,69.93000030517578,33443.0
2024-10-25 15:46:00+00:00,SSYS,7.039999961853027,7.039999961853027,7.039999961853027,7.034999847412109,7.039999961853027,706.0
2024-10-25 15:46:00+00:00,STNE,11.40999984741211,11.40999984741211,11.425000190734863,11.40999984741211,11.425000190734863,11580.0
2024-10-25 15:46:00+00:00,STX,103.41999816894531,103.41999816894531,103.4800033569336,103.41999816894531,103.44999694824219,7241.0
2024-10-25 15:46:00+00:00,SVRE,0.07999999821186066,0.07999999821186066,0.07999999821186066,0.07999999821186066,0.07999999821186066,9013.0
2024-10-25 15:46:00+00:00,SWKS,95.83999633789062,95.83999633789062,95.83999633789062,95.73500061035156,95.73500061035156,4506.0
2024-10-25 15:46:00+00:00,SYNA,72.26000213623047,72.26000213623047,72.2699966430664,72.25,72.26000213623047,1462.0
2024-10-25 15:46:00+00:00,TEAM,188.7050018310547,188.7050018310547,188.82000732421875,188.6199951171875,188.72500610351562,13800.0
2024-10-25 15:46:00+00:00,TENB,41.7400016784668,41.7400016784668,41.7400016784668,41.71500015258789,41.71500015258789,2355.0
2024-10-25 15:46:00+00:00,TER,112.7020034790039,112.7020034790039,112.72000122070312,112.4800033569336,112.5,19789.0
2024-10-25 15:46:00+00:00,TLS,3.5799999237060547,3.5799999237060547,3.5799999237060547,3.5799999237060547,3.5799999237060547,419.0
2024-10-25 15:46:00+00:00,TRMB,60.93000030517578,60.93000030517578,60.93000030517578,60.91999816894531,60.91999816894531,2371.0
2024-10-25 15:46:00+00:00,TTD,119.44999694824219,119.44999694824219,119.44999694824219,119.39070129394531,119.39070129394531,5385.0
2024-10-25 15:46:00+00:00,TTEC,5.360000133514404,5.360000133514404,5.369999885559082,5.360000133514404,5.369999885559082,1310.0
2024-10-25 15:46:00+00:00,TTMI,19.6200008392334,19.6200008392334,19.6299991607666,19.56999969482422,19.610000610351562,23708.0
2024-10-25 15:46:00+00:00,TWKS,4.440000057220459,4.440000057220459,4.440000057220459,4.440000057220459,4.440000057220459,1998.0
2024-10-25 15:46:00+00:00,TXN,207.6199951171875,207.6199951171875,207.6199951171875,207.5,207.5,5686.0
2024-10-25 15:46:00+00:00,UEIC,8.09000015258789,8.09000015258789,8.09000015258789,8.09000015258789,8.09000015258789,346.0
2024-10-25 15:46:00+00:00,VECO,29.415000915527344,29.415000915527344,29.420000076293945,29.399999618530273,29.420000076293945,6397.0
2024-10-25 15:46:00+00:00,VERB,10.970100402832031,10.970100402832031,11.039999961853027,10.970100402832031,10.970199584960938,1720.0
2024-10-25 15:46:00+00:00,VERI,3.424999952316284,3.424999952316284,3.424999952316284,3.424999952316284,3.424999952316284,724.0
2024-10-25 15:46:00+00:00,VERX,42.08000183105469,42.08000183105469,42.084999084472656,42.08000183105469,42.084999084472656,1195.0
2024-10-25 15:46:00+00:00,VIAV,9.149999618530273,9.149999618530273,9.149999618530273,9.140299797058105,9.149999618530273,3210.0
2024-10-25 15:46:00+00:00,VMEO,4.755000114440918,4.755000114440918,4.755000114440918,4.755000114440918,4.755000114440918,670.0
2024-10-25 15:46:00+00:00,VOXX,7.554800033569336,7.554800033569336,7.554800033569336,7.554800033569336,7.554800033569336,476.0
2024-10-25 15:46:00+00:00,VRNS,56.880001068115234,56.880001068115234,56.880001068115234,56.83000183105469,56.83000183105469,4070.0
2024-10-25 15:46:00+00:00,VRNT,21.84000015258789,21.84000015258789,21.84000015258789,21.825000762939453,21.829999923706055,2636.0
2024-10-25 15:46:00+00:00,VRSN,181.49000549316406,181.49000549316406,181.57000732421875,181.39059448242188,181.57000732421875,3393.0
2024-10-25 15:46:00+00:00,VS,2.4765000343322754,2.4765000343322754,2.4765000343322754,2.450000047683716,2.4600000381469727,4857.0
2024-10-25 15:46:00+00:00,VSAT,10.244999885559082,10.244999885559082,10.244999885559082,10.239999771118164,10.239999771118164,2795.0
2024-10-25 15:46:00+00:00,WALD,3.494999885559082,3.494999885559082,3.494999885559082,3.490000009536743,3.490000009536743,1104.0
2024-10-25 15:46:00+00:00,WDAY,238.42999267578125,238.42999267578125,238.44000244140625,238.25450134277344,238.3000030517578,6485.0
2024-10-25 15:46:00+00:00,WDC,70.02999877929688,70.02999877929688,70.11000061035156,70.0,70.08999633789062,57767.0
2024-10-25 15:46:00+00:00,WISA,2.0199999809265137,2.0199999809265137,2.0199999809265137,2.009999990463257,2.009999990463257,746.0
2024-10-25 15:46:00+00:00,XPER,9.395000457763672,9.395000457763672,9.395000457763672,9.395000457763672,9.395000457763672,650.0
2024-10-25 15:46:00+00:00,XRX,9.994999885559082,9.994999885559082,9.994999885559082,9.989999771118164,9.994999885559082,2610.0
2024-10-25 15:46:00+00:00,ZBRA,360.8900146484375,360.8900146484375,360.8900146484375,360.7099914550781,360.82501220703125,2013.0
2024-10-25 15:46:00+00:00,ZI,10.505000114440918,10.505000114440918,10.505000114440918,10.505000114440918,10.505000114440918,2602.0
2024-10-25 15:46:00+00:00,ZM,73.0,73.0,73.01930236816406,72.98999786376953,73.0,6380.0
2024-10-25 15:46:00+00:00,ZS,185.07000732421875,185.07000732421875,185.07000732421875,184.92999267578125,184.92999267578125,3533.0
2024-10-25 15:47:00+00:00,AAOI,17.48419952392578,17.48419952392578,17.48419952392578,17.450000762939453,17.450000762939453,4636.0
2024-10-25 15:47:00+00:00,AAPL,231.55999755859375,231.55999755859375,231.58599853515625,231.47000122070312,231.58599853515625,38621.0
2024-10-25 15:47:00+00:00,ACIW,48.89899826049805,48.89899826049805,48.89899826049805,48.88999938964844,48.88999938964844,1500.0
2024-10-25 15:47:00+00:00,ACLS,90.13999938964844,90.13999938964844,90.13999938964844,90.13999938964844,90.13999938964844,1262.0
2024-10-25 15:47:00+00:00,ACMR,19.66230010986328,19.66230010986328,19.66230010986328,19.66230010986328,19.66230010986328,871.0
2024-10-25 15:47:00+00:00,ADBE,483.31500244140625,483.31500244140625,483.3699951171875,483.0474853515625,483.0474853515625,6540.0
2024-10-25 15:47:00+00:00,ADI,231.1999969482422,231.1999969482422,231.2050018310547,231.1999969482422,231.1999969482422,1266.0
2024-10-25 15:47:00+00:00,ADSK,287.07000732421875,287.07000732421875,287.07000732421875,286.9800109863281,286.9800109863281,1941.0
2024-10-25 15:47:00+00:00,ADTN,6.295000076293945,6.295000076293945,6.295000076293945,6.295000076293945,6.295000076293945,642.0
2024-10-25 15:47:00+00:00,AEYE,22.600000381469727,22.600000381469727,22.600000381469727,22.530000686645508,22.530000686645508,1542.0
2024-10-25 15:47:00+00:00,AFRM,41.034698486328125,41.034698486328125,41.05500030517578,41.01499938964844,41.05500030517578,18740.0
2024-10-25 15:47:00+00:00,AGYS,109.95999908447266,109.95999908447266,109.95999908447266,109.95999908447266,109.95999908447266,778.0
2024-10-25 15:47:00+00:00,AKAM,101.9749984741211,101.9749984741211,101.9749984741211,101.91000366210938,101.91000366210938,24596.0
2024-10-25 15:47:00+00:00,AKTS,0.05900000035762787,0.05900000035762787,0.05900000035762787,0.05900000035762787,0.05900000035762787,36658.0
2024-10-25 15:47:00+00:00,ALGM,23.1299991607666,23.1299991607666,23.166000366210938,23.1299991607666,23.15999984741211,34909.0
2024-10-25 15:47:00+00:00,ALKT,38.349998474121094,38.349998474121094,38.349998474121094,38.349998474121094,38.349998474121094,178.0
2024-10-25 15:47:00+00:00,ALRM,54.58000183105469,54.58000183105469,54.625,54.58000183105469,54.625,1186.0
2024-10-25 15:47:00+00:00,ALTR,103.7699966430664,103.7699966430664,103.84500122070312,103.76000213623047,103.83999633789062,8965.0
2024-10-25 15:47:00+00:00,AMAT,187.3699951171875,187.3699951171875,187.4600067138672,187.35000610351562,187.3936004638672,7443.0
2024-10-25 15:47:00+00:00,AMD,156.5727996826172,156.5727996826172,156.5800018310547,156.5200958251953,156.5449981689453,30149.0
2024-10-25 15:47:00+00:00,AMKR,30.100000381469727,30.100000381469727,30.100000381469727,30.079999923706055,30.079999923706055,1742.0
2024-10-25 15:47:00+00:00,AMPL,9.12600040435791,9.12600040435791,9.12600040435791,9.125,9.125,1026.0
2024-10-25 15:47:00+00:00,AMST,2.840399980545044,2.840399980545044,2.840399980545044,2.840399980545044,2.840399980545044,106.0
2024-10-25 15:47:00+00:00,ANSS,323.94000244140625,323.94000244140625,323.94000244140625,323.8450012207031,323.8450012207031,1043.0
2024-10-25 15:47:00+00:00,AOSL,36.099998474121094,36.099998474121094,36.130001068115234,36.099998474121094,36.130001068115234,1295.0
2024-10-25 15:47:00+00:00,API,2.815000057220459,2.815000057220459,2.830199956893921,2.815000057220459,2.830199956893921,31448.0
2024-10-25 15:47:00+00:00,APP,162.22500610351562,162.22500610351562,162.25999450683594,162.19500732421875,162.24000549316406,6025.0
2024-10-25 15:47:00+00:00,APPF,212.39999389648438,212.39999389648438,212.72000122070312,212.39999389648438,212.72000122070312,3441.0
2024-10-25 15:47:00+00:00,APPN,32.33000183105469,32.33000183105469,32.369998931884766,32.31999969482422,32.36000061035156,4772.0
2024-10-25 15:47:00+00:00,APPS,3.065000057220459,3.065000057220459,3.065999984741211,3.0601000785827637,3.065000057220459,4662.0
2024-10-25 15:47:00+00:00,ARQQ,7.059999942779541,7.059999942779541,7.059999942779541,7.03000020980835,7.03000020980835,433.0
2024-10-25 15:47:00+00:00,ARRY,6.494999885559082,6.494999885559082,6.5,6.489999771118164,6.494999885559082,27913.0
2024-10-25 15:47:00+00:00,ASML,714.094970703125,714.094970703125,714.1500244140625,714.094970703125,714.1500244140625,2757.0
2024-10-25 15:47:00+00:00,ASNS,1.3049999475479126,1.3049999475479126,1.3049999475479126,1.3049999475479126,1.3049999475479126,1204.0
2024-10-25 15:47:00+00:00,ASYS,5.949999809265137,5.949999809265137,5.949999809265137,5.849999904632568,5.849999904632568,1194.0
2024-10-25 15:47:00+00:00,ATOM,3.359999895095825,3.359999895095825,3.359999895095825,3.359999895095825,3.359999895095825,100.0
2024-10-25 15:47:00+00:00,AUR,6.394999980926514,6.394999980926514,6.397500038146973,6.394999980926514,6.397500038146973,10596.0
2024-10-25 15:47:00+00:00,AVDX,8.085000038146973,8.085000038146973,8.085000038146973,8.079999923706055,8.079999923706055,6824.0
2024-10-25 15:47:00+00:00,AVGO,173.5449981689453,173.5449981689453,173.6300048828125,173.5,173.6300048828125,32839.0
2024-10-25 15:47:00+00:00,AVNW,20.759000778198242,20.759000778198242,20.759000778198242,20.759000778198242,20.759000778198242,413.0
2024-10-25 15:47:00+00:00,AVPT,11.899999618530273,11.899999618530273,11.90999984741211,11.899999618530273,11.899999618530273,2236.0
2024-10-25 15:47:00+00:00,AVT,54.130001068115234,54.130001068115234,54.15999984741211,54.130001068115234,54.150001525878906,1947.0
2024-10-25 15:47:00+00:00,AXTI,2.6549999713897705,2.6549999713897705,2.6549999713897705,2.6549999713897705,2.6549999713897705,140.0
2024-10-25 15:47:00+00:00,BIGC,5.255000114440918,5.255000114440918,5.260000228881836,5.255000114440918,5.260000228881836,1005.0
2024-10-25 15:47:00+00:00,BL,56.310001373291016,56.310001373291016,56.310001373291016,56.310001373291016,56.310001373291016,744.0
2024-10-25 15:47:00+00:00,BLZE,7.190000057220459,7.190000057220459,7.190000057220459,7.190000057220459,7.190000057220459,303.0
2024-10-25 15:47:00+00:00,BMBL,7.184999942779541,7.184999942779541,7.184999942779541,7.175000190734863,7.175000190734863,7319.0
2024-10-25 15:47:00+00:00,BRZE,30.81999969482422,30.81999969482422,30.836599349975586,30.809999465942383,30.809999465942383,2121.0
2024-10-25 15:47:00+00:00,BSY,49.084999084472656,49.084999084472656,49.084999084472656,49.08000183105469,49.08000183105469,8480.0
2024-10-25 15:47:00+00:00,CAMP,11.055000305175781,11.055000305175781,11.055000305175781,11.055000305175781,11.055000305175781,203.0
2024-10-25 15:47:00+00:00,CAMT,78.05999755859375,78.05999755859375,78.0999984741211,78.05999755859375,78.0999984741211,703.0
2024-10-25 15:47:00+00:00,CAN,0.9739000201225281,0.9739000201225281,0.9739000201225281,0.9739000201225281,0.9739000201225281,1210.0
2024-10-25 15:47:00+00:00,CDNS,257.4100036621094,257.4100036621094,257.4100036621094,257.2300109863281,257.3716125488281,4821.0
2024-10-25 15:47:00+00:00,CDW,218.02999877929688,218.02999877929688,218.07000732421875,218.01499938964844,218.0399932861328,3741.0
2024-10-25 15:47:00+00:00,CETX,0.2930000126361847,0.2930000126361847,0.29409998655319214,0.2930000126361847,0.29409998655319214,1964.0
2024-10-25 15:47:00+00:00,CFLT,22.44499969482422,22.44499969482422,22.44499969482422,22.44499969482422,22.44499969482422,2382.0
2024-10-25 15:47:00+00:00,CGNT,6.630000114440918,6.630000114440918,6.630000114440918,6.630000114440918,6.630000114440918,625.0
2024-10-25 15:47:00+00:00,CGNX,38.93000030517578,38.93000030517578,38.939998626708984,38.92499923706055,38.92499923706055,4597.0
2024-10-25 15:47:00+00:00,CHKP,206.6649932861328,206.6649932861328,206.8000030517578,206.5399932861328,206.58999633789062,6085.0
2024-10-25 15:47:00+00:00,CLBT,18.239999771118164,18.239999771118164,18.25,18.18000030517578,18.18000030517578,16831.0
2024-10-25 15:47:00+00:00,CLSK,11.494999885559082,11.494999885559082,11.510000228881836,11.489999771118164,11.500100135803223,57333.0
2024-10-25 15:47:00+00:00,CNDT,3.5899999141693115,3.5899999141693115,3.5950000286102295,3.5899999141693115,3.5899999141693115,1062.0
2024-10-25 15:47:00+00:00,COHR,95.62999725341797,95.62999725341797,95.69000244140625,95.5999984741211,95.68000030517578,8784.0
2024-10-25 15:47:00+00:00,COHU,25.96500015258789,25.96500015258789,25.96500015258789,25.96500015258789,25.96500015258789,386.0
2024-10-25 15:47:00+00:00,COIN,205.35000610351562,205.35000610351562,205.4600067138672,205.1103973388672,205.19000244140625,11339.0
2024-10-25 15:47:00+00:00,COMM,6.215000152587891,6.215000152587891,6.21999979019165,6.215000152587891,6.21999979019165,1284.0
2024-10-25 15:47:00+00:00,CORZ,13.390000343322754,13.390000343322754,13.399999618530273,13.369999885559082,13.395000457763672,54598.0
2024-10-25 15:47:00+00:00,CPTN,3.1449999809265137,3.1449999809265137,3.1449999809265137,3.1449999809265137,3.1449999809265137,155.0
2024-10-25 15:47:00+00:00,CRCT,6.565000057220459,6.565000057220459,6.565000057220459,6.565000057220459,6.565000057220459,161.0
2024-10-25 15:47:00+00:00,CRDO,39.189998626708984,39.189998626708984,39.20000076293945,39.130001068115234,39.13999938964844,10757.0
2024-10-25 15:47:00+00:00,CRNC,2.928999900817871,2.928999900817871,2.928999900817871,2.924999952316284,2.924999952316284,1820.0
2024-10-25 15:47:00+00:00,CRNT,2.4700000286102295,2.4700000286102295,2.4700000286102295,2.4700000286102295,2.4700000286102295,414.0
2024-10-25 15:47:00+00:00,CRSR,6.315000057220459,6.315000057220459,6.315000057220459,6.315000057220459,6.315000057220459,784.0
2024-10-25 15:47:00+00:00,CRUS,122.5199966430664,122.5199966430664,122.52999877929688,122.5199966430664,122.52999877929688,1017.0
2024-10-25 15:47:00+00:00,CRWD,300.2149963378906,300.2149963378906,300.44879150390625,299.8999938964844,300.2961120605469,18065.0
2024-10-25 15:47:00+00:00,CSCO,55.78499984741211,55.78499984741211,55.79999923706055,55.779998779296875,55.79499816894531,21814.0
2024-10-25 15:47:00+00:00,CSGS,47.220001220703125,47.220001220703125,47.220001220703125,47.220001220703125,47.220001220703125,383.0
2024-10-25 15:47:00+00:00,CSIQ,13.385000228881836,13.385000228881836,13.38599967956543,13.380000114440918,13.385000228881836,3052.0
2024-10-25 15:47:00+00:00,CTSH,74.83999633789062,74.83999633789062,74.83999633789062,74.80000305175781,74.81999969482422,5988.0
2024-10-25 15:47:00+00:00,CVLT,134.6999969482422,134.6999969482422,134.6999969482422,134.6750030517578,134.6750030517578,1517.0
2024-10-25 15:47:00+00:00,CYBR,290.4849853515625,290.4849853515625,290.4849853515625,290.4849853515625,290.4849853515625,1837.0
2024-10-25 15:47:00+00:00,DAKT,13.09000015258789,13.09000015258789,13.09000015258789,13.09000015258789,13.09000015258789,572.0
2024-10-25 15:47:00+00:00,DAVE,38.709999084472656,38.709999084472656,38.709999084472656,38.62900161743164,38.62900161743164,2894.0
2024-10-25 15:47:00+00:00,DBX,26.06999969482422,26.06999969482422,26.079999923706055,26.059999465942383,26.065000534057617,22081.0
2024-10-25 15:47:00+00:00,DCBO,45.93000030517578,45.93000030517578,45.93000030517578,45.90999984741211,45.90999984741211,2271.0
2024-10-25 15:47:00+00:00,DDOG,126.68000030517578,126.68000030517578,126.69000244140625,126.66999816894531,126.66999816894531,14032.0
2024-10-25 15:47:00+00:00,DGII,29.979999542236328,29.979999542236328,29.979999542236328,29.96500015258789,29.96500015258789,619.0
2024-10-25 15:47:00+00:00,DIOD,64.99500274658203,64.99500274658203,64.99500274658203,64.95580291748047,64.95580291748047,843.0
2024-10-25 15:47:00+00:00,DLO,8.824999809265137,8.824999809265137,8.824999809265137,8.8149995803833,8.8149995803833,6460.0
2024-10-25 15:47:00+00:00,DOCU,68.80000305175781,68.80000305175781,68.80000305175781,68.7699966430664,68.77999877929688,7879.0
2024-10-25 15:47:00+00:00,DOMO,8.079999923706055,8.079999923706055,8.100000381469727,8.069999694824219,8.100000381469727,20246.0
2024-10-25 15:47:00+00:00,DOX,88.98999786376953,88.98999786376953,88.99500274658203,88.97200012207031,88.9749984741211,1920.0
2024-10-25 15:47:00+00:00,DTSS,2.490000009536743,2.490000009536743,2.490000009536743,2.490000009536743,2.490000009536743,100.0
2024-10-25 15:47:00+00:00,DUOL,292.15008544921875,292.15008544921875,292.4010009765625,292.15008544921875,292.4010009765625,1150.0
2024-10-25 15:47:00+00:00,EEFT,100.84500122070312,100.84500122070312,100.84500122070312,100.79000091552734,100.79000091552734,1954.0
2024-10-25 15:47:00+00:00,ENPH,84.033203125,84.033203125,84.06500244140625,84.0083999633789,84.05500030517578,8793.0
2024-10-25 15:47:00+00:00,ENTG,105.51000213623047,105.51000213623047,105.5999984741211,105.4800033569336,105.52999877929688,4266.0
2024-10-25 15:47:00+00:00,ERIC,8.46500015258789,8.46500015258789,8.470000267028809,8.461099624633789,8.46500015258789,33297.0
2024-10-25 15:47:00+00:00,EXLS,38.630001068115234,38.630001068115234,38.630001068115234,38.6150016784668,38.6150016784668,985.0
2024-10-25 15:47:00+00:00,EXTR,14.345999717712402,14.345999717712402,14.354999542236328,14.345000267028809,14.350000381469727,5842.0
2024-10-25 15:47:00+00:00,FFIV,217.0800018310547,217.0800018310547,217.13499450683594,217.0800018310547,217.13499450683594,2947.0
2024-10-25 15:47:00+00:00,FIVN,29.700000762939453,29.700000762939453,29.708099365234375,29.69499969482422,29.69499969482422,3877.0
2024-10-25 15:47:00+00:00,FLEX,35.19499969482422,35.19499969482422,35.20000076293945,35.189998626708984,35.20000076293945,4795.0
2024-10-25 15:47:00+00:00,FLYW,17.309999465942383,17.309999465942383,17.309999465942383,17.309999465942383,17.309999465942383,1898.0
2024-10-25 15:47:00+00:00,FORM,44.869998931884766,44.869998931884766,44.869998931884766,44.869998931884766,44.869998931884766,894.0
2024-10-25 15:47:00+00:00,FROG,29.209999084472656,29.209999084472656,29.219999313354492,29.209999084472656,29.209999084472656,2295.0
2024-10-25 15:47:00+00:00,FRSH,11.5600004196167,11.5600004196167,11.5649995803833,11.5600004196167,11.5649995803833,3384.0
2024-10-25 15:47:00+00:00,FSLR,198.4199981689453,198.4199981689453,198.42999267578125,198.3300018310547,198.34500122070312,2349.0
2024-10-25 15:47:00+00:00,FTNT,80.4800033569336,80.4800033569336,80.58000183105469,80.4800033569336,80.56999969482422,25612.0
2024-10-25 15:47:00+00:00,GCT,24.469900131225586,24.469900131225586,24.469900131225586,24.43000030517578,24.43000030517578,3196.0
2024-10-25 15:47:00+00:00,GDS,21.440000534057617,21.440000534057617,21.440000534057617,21.40999984741211,21.40999984741211,3436.0
2024-10-25 15:47:00+00:00,GDYN,15.579999923706055,15.579999923706055,15.579999923706055,15.579999923706055,15.579999923706055,1088.0
2024-10-25 15:47:00+00:00,GFS,40.439998626708984,40.439998626708984,40.459999084472656,40.439998626708984,40.459999084472656,12788.0
2024-10-25 15:47:00+00:00,GILT,4.925000190734863,4.925000190734863,4.925000190734863,4.9217000007629395,4.9217000007629395,292.0
2024-10-25 15:47:00+00:00,GPRO,1.3049999475479126,1.3049999475479126,1.309999942779541,1.2999999523162842,1.3049999475479126,2310.0
2024-10-25 15:47:00+00:00,GRAB,4.085000038146973,4.085000038146973,4.090000152587891,4.085000038146973,4.090000152587891,75707.0
2024-10-25 15:47:00+00:00,GSIT,3.4200000762939453,3.4200000762939453,3.4200000762939453,3.4200000762939453,3.4200000762939453,483.0
2024-10-25 15:47:00+00:00,GTLB,54.81999969482422,54.81999969482422,54.85499954223633,54.81999969482422,54.81999969482422,6321.0
2024-10-25 15:47:00+00:00,HCP,33.6349983215332,33.6349983215332,33.63999938964844,33.6349983215332,33.6349983215332,11328.0
2024-10-25 15:47:00+00:00,HEAR,16.440000534057617,16.440000534057617,16.440000534057617,16.440000534057617,16.440000534057617,750.0
2024-10-25 15:47:00+00:00,HIMX,6.159800052642822,6.159800052642822,6.159800052642822,6.15500020980835,6.15500020980835,1097.0
2024-10-25 15:47:00+00:00,HLIT,14.795000076293945,14.795000076293945,14.795000076293945,14.789999961853027,14.789999961853027,528.0
2024-10-25 15:47:00+00:00,HOLO,3.5850000381469727,3.5850000381469727,3.589900016784668,3.5801000595092773,3.5801000595092773,4251.0
2024-10-25 15:47:00+00:00,HOOD,27.065000534057617,27.065000534057617,27.065000534057617,27.05500030517578,27.05500030517578,7722.0
2024-10-25 15:47:00+00:00,ICHR,27.670000076293945,27.670000076293945,27.670000076293945,27.645000457763672,27.649999618530273,2090.0
2024-10-25 15:47:00+00:00,III,3.049999952316284,3.049999952316284,3.049999952316284,3.049999952316284,3.049999952316284,823.0
2024-10-25 15:47:00+00:00,IIIV,22.93000030517578,22.93000030517578,22.93000030517578,22.920000076293945,22.920000076293945,621.0
2024-10-25 15:47:00+00:00,INDI,3.490000009536743,3.490000009536743,3.490000009536743,3.4649999141693115,3.469899892807007,60999.0
2024-10-25 15:47:00+00:00,INFN,6.769999980926514,6.769999980926514,6.769999980926514,6.769999980926514,6.769999980926514,388.0
2024-10-25 15:47:00+00:00,INOD,20.239999771118164,20.239999771118164,20.240999221801758,20.229999542236328,20.229999542236328,2091.0
2024-10-25 15:47:00+00:00,INSG,19.68000030517578,19.68000030517578,19.68000030517578,19.68000030517578,19.68000030517578,220.0
2024-10-25 15:47:00+00:00,INTA,50.2400016784668,50.2400016784668,50.2400016784668,50.2400016784668,50.2400016784668,689.0
2024-10-25 15:47:00+00:00,INTC,22.864999771118164,22.864999771118164,22.8700008392334,22.860000610351562,22.864999771118164,53423.0
2024-10-25 15:47:00+00:00,INTU,609.5599975585938,609.5599975585938,609.5599975585938,609.4400024414062,609.5399780273438,3945.0
2024-10-25 15:47:00+00:00,IPGP,77.12999725341797,77.12999725341797,77.12999725341797,77.07499694824219,77.08000183105469,2503.0
2024-10-25 15:47:00+00:00,ITI,7.199999809265137,7.199999809265137,7.199999809265137,7.199999809265137,7.199999809265137,1058.0
2024-10-25 15:47:00+00:00,ITRI,102.76000213623047,102.76000213623047,102.76000213623047,102.69999694824219,102.69999694824219,2313.0
2024-10-25 15:47:00+00:00,JAMF,16.760000228881836,16.760000228881836,16.760000228881836,16.7450008392334,16.7450008392334,3816.0
2024-10-25 15:47:00+00:00,JFU,1.6816999912261963,1.6816999912261963,1.6816999912261963,1.6816999912261963,1.6816999912261963,293.0
2024-10-25 15:47:00+00:00,JKHY,182.9199981689453,182.9199981689453,182.9199981689453,182.8800048828125,182.8800048828125,1120.0
2024-10-25 15:47:00+00:00,KARO,40.165000915527344,40.165000915527344,40.20000076293945,40.165000915527344,40.20000076293945,431.0
2024-10-25 15:47:00+00:00,KC,2.6649999618530273,2.6649999618530273,2.6649999618530273,2.6600000858306885,2.6600000858306885,25246.0
2024-10-25 15:47:00+00:00,KLAC,677.4249877929688,677.4249877929688,677.844970703125,677.4249877929688,677.844970703125,2989.0
2024-10-25 15:47:00+00:00,KLIC,44.685001373291016,44.685001373291016,44.689998626708984,44.630001068115234,44.630001068115234,2239.0
2024-10-25 15:47:00+00:00,KLTR,1.3200000524520874,1.3200000524520874,1.3200000524520874,1.3200000524520874,1.3200000524520874,1033.0
2024-10-25 15:47:00+00:00,KOPN,0.7786999940872192,0.7786999940872192,0.7786999940872192,0.7786999940872192,0.7786999940872192,123.0
2024-10-25 15:47:00+00:00,LASR,10.369999885559082,10.369999885559082,10.369999885559082,10.369999885559082,10.369999885559082,918.0
2024-10-25 15:47:00+00:00,LFUS,253.5399932861328,253.5399932861328,253.5399932861328,253.5399932861328,253.5399932861328,1531.0
2024-10-25 15:47:00+00:00,LINK,4.760000228881836,4.760000228881836,4.855000019073486,4.760000228881836,4.855000019073486,971.0
2024-10-25 15:47:00+00:00,LITE,64.4000015258789,64.4000015258789,64.41000366210938,64.3949966430664,64.40499877929688,2382.0
2024-10-25 15:47:00+00:00,LOGI,80.7300033569336,80.7300033569336,80.73699951171875,80.70999908447266,80.70999908447266,1846.0
2024-10-25 15:47:00+00:00,LPSN,1.160099983215332,1.160099983215332,1.1649999618530273,1.160099983215332,1.1649999618530273,514.0
2024-10-25 15:47:00+00:00,LRCX,78.13999938964844,78.13999938964844,78.16000366210938,78.12000274658203,78.1500015258789,25751.0
2024-10-25 15:47:00+00:00,LSAK,5.304999828338623,5.304999828338623,5.309999942779541,5.304999828338623,5.309999942779541,808.0
2024-10-25 15:47:00+00:00,LSCC,54.404998779296875,54.404998779296875,54.439998626708984,54.400001525878906,54.439998626708984,2801.0
2024-10-25 15:47:00+00:00,LTRX,4.085000038146973,4.085000038146973,4.090000152587891,4.074999809265137,4.074999809265137,2006.0
2024-10-25 15:47:00+00:00,LYFT,13.46500015258789,13.46500015258789,13.479900360107422,13.451000213623047,13.466400146484375,53766.0
2024-10-25 15:47:00+00:00,LYTS,16.209999084472656,16.209999084472656,16.209999084472656,16.209999084472656,16.209999084472656,280.0
2024-10-25 15:47:00+00:00,MANH,276.3500061035156,276.3500061035156,276.3599853515625,276.30999755859375,276.30999755859375,1960.0
2024-10-25 15:47:00+00:00,MAXN,5.730000019073486,5.730000019073486,5.730000019073486,5.730000019073486,5.730000019073486,1242.0
2024-10-25 15:47:00+00:00,MCHP,76.80000305175781,76.80000305175781,76.83270263671875,76.80000305175781,76.80999755859375,14838.0
2024-10-25 15:47:00+00:00,MDB,268.0199890136719,268.0199890136719,268.1199951171875,267.989990234375,267.989990234375,3261.0
2024-10-25 15:47:00+00:00,MKSI,101.26499938964844,101.26499938964844,101.29000091552734,101.25,101.29000091552734,2239.0
2024-10-25 15:47:00+00:00,MPWR,908.7899780273438,908.7899780273438,908.7899780273438,907.7899780273438,907.97998046875,2700.0
2024-10-25 15:47:00+00:00,MQ,5.309999942779541,5.309999942779541,5.309999942779541,5.304999828338623,5.304999828338623,12624.0
2024-10-25 15:47:00+00:00,MRAM,6.375,6.375,6.375,6.375,6.375,240.0
2024-10-25 15:47:00+00:00,MRVL,82.04499816894531,82.04499816894531,82.0790023803711,82.04499816894531,82.06900024414062,12896.0
2024-10-25 15:47:00+00:00,MSFT,428.1499938964844,428.1499938964844,428.2300109863281,428.0299987792969,428.2300109863281,15312.0
2024-10-25 15:47:00+00:00,MSTR,235.63999938964844,235.63999938964844,235.85000610351562,235.4405975341797,235.57000732421875,57990.0
2024-10-25 15:47:00+00:00,MTLS,5.929999828338623,5.929999828338623,5.929999828338623,5.914999961853027,5.914999961853027,2052.0
2024-10-25 15:47:00+00:00,MTSI,121.43000030517578,121.43000030517578,121.43000030517578,121.25,121.36000061035156,3028.0
2024-10-25 15:47:00+00:00,MTTR,4.572500228881836,4.572500228881836,4.574999809265137,4.570000171661377,4.572500228881836,3599.0
2024-10-25 15:47:00+00:00,MU,108.22000122070312,108.22000122070312,108.26000213623047,108.22000122070312,108.25499725341797,18340.0
2024-10-25 15:47:00+00:00,MVIS,1.0750000476837158,1.0750000476837158,1.0800000429153442,1.0700000524520874,1.0800000429153442,10580.0
2024-10-25 15:47:00+00:00,MXL,14.770000457763672,14.770000457763672,14.78499984741211,14.770000457763672,14.78499984741211,5028.0
2024-10-25 15:47:00+00:00,NCNO,37.89500045776367,37.89500045776367,37.89500045776367,37.89500045776367,37.89500045776367,708.0
2024-10-25 15:47:00+00:00,NEON,8.130000114440918,8.130000114440918,8.130000114440918,8.130000114440918,8.130000114440918,195.0
2024-10-25 15:47:00+00:00,NICE,174.2899932861328,174.2899932861328,174.35000610351562,174.2899932861328,174.35000610351562,2018.0
2024-10-25 15:47:00+00:00,NOVT,172.98500061035156,172.98500061035156,172.98500061035156,172.98500061035156,172.98500061035156,463.0
2024-10-25 15:47:00+00:00,NSIT,209.5749969482422,209.5749969482422,209.5749969482422,209.5749969482422,209.5749969482422,174.0
2024-10-25 15:47:00+00:00,NTCT,20.7450008392334,20.7450008392334,20.75,20.739999771118164,20.739999771118164,3063.0
2024-10-25 15:47:00+00:00,NTNX,61.84000015258789,61.84000015258789,61.86000061035156,61.79499816894531,61.84000015258789,5897.0
2024-10-25 15:47:00+00:00,NVDA,142.01480102539062,142.01480102539062,142.07000732421875,142.0,142.0679931640625,304264.0
2024-10-25 15:47:00+00:00,NVEI,33.494998931884766,33.494998931884766,33.494998931884766,33.494998931884766,33.494998931884766,907.0
2024-10-25 15:47:00+00:00,NXPI,243.5,243.5,243.60000610351562,243.44000244140625,243.56500244140625,8129.0
2024-10-25 15:47:00+00:00,OKTA,72.36000061035156,72.36000061035156,72.36000061035156,72.33999633789062,72.3499984741211,8032.0
2024-10-25 15:47:00+00:00,ON,71.29000091552734,71.29000091552734,71.33999633789062,71.27999877929688,71.29000091552734,28734.0
2024-10-25 15:47:00+00:00,OSIS,134.7449951171875,134.7449951171875,135.0800018310547,134.7449951171875,135.0800018310547,3919.0
2024-10-25 15:47:00+00:00,OSPN,14.529999732971191,14.529999732971191,14.529999732971191,14.529999732971191,14.529999732971191,1021.0
2024-10-25 15:47:00+00:00,PANW,366.2049865722656,366.2049865722656,366.2699890136719,366.1099853515625,366.239990234375,3106.0
2024-10-25 15:47:00+00:00,PAYO,8.350000381469727,8.350000381469727,8.350000381469727,8.345000267028809,8.345000267028809,4022.0
2024-10-25 15:47:00+00:00,PAYS,3.690200090408325,3.690200090408325,3.690200090408325,3.690200090408325,3.690200090408325,298.0
2024-10-25 15:47:00+00:00,PCTY,173.77999877929688,173.77999877929688,173.77999877929688,173.72999572753906,173.72999572753906,1859.0
2024-10-25 15:47:00+00:00,PDFS,29.229999542236328,29.229999542236328,29.229999542236328,29.209999084472656,29.209999084472656,1574.0
2024-10-25 15:47:00+00:00,PEGA,79.7249984741211,79.7249984741211,79.76499938964844,79.7249984741211,79.76499938964844,2591.0
2024-10-25 15:47:00+00:00,PEGY,4.71999979019165,4.71999979019165,4.71999979019165,4.71999979019165,4.71999979019165,648.0
2024-10-25 15:47:00+00:00,PGY,11.989999771118164,11.989999771118164,11.989999771118164,11.970000267028809,11.970000267028809,7722.0
2024-10-25 15:47:00+00:00,PHUN,10.414999961853027,10.414999961853027,10.420000076293945,10.364100456237793,10.364999771118164,16455.0
2024-10-25 15:47:00+00:00,PI,201.57000732421875,201.57000732421875,201.8249969482422,201.3300018310547,201.8000030517578,8155.0
2024-10-25 15:47:00+00:00,PLAB,23.66900062561035,23.66900062561035,23.670000076293945,23.66900062561035,23.670000076293945,281.0
2024-10-25 15:47:00+00:00,PLUS,97.94999694824219,97.94999694824219,97.94999694824219,97.94999694824219,97.94999694824219,404.0
2024-10-25 15:47:00+00:00,PLXS,140.8450927734375,140.8450927734375,140.8450927734375,140.8450927734375,140.8450927734375,524.0
2024-10-25 15:47:00+00:00,POET,3.8598999977111816,3.8598999977111816,3.8598999977111816,3.8559999465942383,3.8559999465942383,507.0
2024-10-25 15:47:00+00:00,POWI,63.400001525878906,63.400001525878906,63.459999084472656,63.400001525878906,63.459999084472656,2635.0
2024-10-25 15:47:00+00:00,PRCH,1.2949999570846558,1.2949999570846558,1.2949999570846558,1.2949999570846558,1.2949999570846558,1478.0
2024-10-25 15:47:00+00:00,PTC,187.52000427246094,187.52000427246094,187.52000427246094,187.3800048828125,187.38999938964844,3858.0
2024-10-25 15:47:00+00:00,PUBM,14.765000343322754,14.765000343322754,14.765000343322754,14.752099990844727,14.752099990844727,1506.0
2024-10-25 15:47:00+00:00,PYCR,14.359999656677246,14.359999656677246,14.380000114440918,14.359999656677246,14.380000114440918,2916.0
2024-10-25 15:47:00+00:00,QCOM,171.10000610351562,171.10000610351562,171.1199951171875,171.02000427246094,171.1199951171875,11007.0
2024-10-25 15:47:00+00:00,QLYS,121.3550033569336,121.3550033569336,121.37000274658203,121.17500305175781,121.17500305175781,7044.0
2024-10-25 15:47:00+00:00,QRVO,99.67250061035156,99.67250061035156,99.72000122070312,99.66000366210938,99.69000244140625,5150.0
2024-10-25 15:47:00+00:00,QUBT,1.0850000381469727,1.0850000381469727,1.090000033378601,1.0800000429153442,1.0800000429153442,21726.0
2024-10-25 15:47:00+00:00,QUIK,8.579999923706055,8.579999923706055,8.579999923706055,8.579999923706055,8.579999923706055,236.0
2024-10-25 15:47:00+00:00,RCAT,2.7249999046325684,2.7249999046325684,2.7249999046325684,2.7249999046325684,2.7249999046325684,720.0
2024-10-25 15:47:00+00:00,RDWR,22.399999618530273,22.399999618530273,22.399999618530273,22.399999618530273,22.399999618530273,517.0
2024-10-25 15:47:00+00:00,REKR,1.0850000381469727,1.0850000381469727,1.0850000381469727,1.0850000381469727,1.0850000381469727,1174.0
2024-10-25 15:47:00+00:00,RELY,14.895000457763672,14.895000457763672,14.895000457763672,14.890000343322754,14.890000343322754,2481.0
2024-10-25 15:47:00+00:00,RGTI,1.215000033378601,1.215000033378601,1.215000033378601,1.215000033378601,1.215000033378601,1739.0
2024-10-25 15:47:00+00:00,RIOT,9.739999771118164,9.739999771118164,9.748000144958496,9.739999771118164,9.744999885559082,13373.0
2024-10-25 15:47:00+00:00,RMBS,43.529998779296875,43.529998779296875,43.540000915527344,43.525001525878906,43.540000915527344,1620.0
2024-10-25 15:47:00+00:00,RMNI,1.7300000190734863,1.7300000190734863,1.7300000190734863,1.7300000190734863,1.7300000190734863,5326.0
2024-10-25 15:47:00+00:00,RPAY,7.724999904632568,7.724999904632568,7.724999904632568,7.724999904632568,7.724999904632568,2385.0
2024-10-25 15:47:00+00:00,RUM,5.671000003814697,5.671000003814697,5.679999828338623,5.670100212097168,5.675000190734863,3515.0
2024-10-25 15:47:00+00:00,RUN,14.385000228881836,14.385000228881836,14.404999732971191,14.385000228881836,14.399999618530273,154224.0
2024-10-25 15:47:00+00:00,RXT,2.484999895095825,2.484999895095825,2.484999895095825,2.4749999046325684,2.4749999046325684,3560.0
2024-10-25 15:47:00+00:00,SATS,25.1299991607666,25.1299991607666,25.139999389648438,25.1299991607666,25.139999389648438,2079.0
2024-10-25 15:47:00+00:00,SCSC,44.970001220703125,44.970001220703125,44.97999954223633,44.959999084472656,44.97999954223633,1981.0
2024-10-25 15:47:00+00:00,SEDG,16.158000946044922,16.158000946044922,16.170000076293945,16.1299991607666,16.170000076293945,14366.0
2024-10-25 15:47:00+00:00,SHLS,5.170000076293945,5.170000076293945,5.175000190734863,5.170000076293945,5.175000190734863,2232.0
2024-10-25 15:47:00+00:00,SIMO,56.15999984741211,56.15999984741211,56.15999984741211,56.150001525878906,56.150001525878906,803.0
2024-10-25 15:47:00+00:00,SITM,178.3249969482422,178.3249969482422,178.4199981689453,178.24000549316406,178.24000549316406,2072.0
2024-10-25 15:47:00+00:00,SKYT,10.4399995803833,10.4399995803833,10.4399995803833,10.430000305175781,10.430000305175781,1967.0
2024-10-25 15:47:00+00:00,SLAB,114.02999877929688,114.02999877929688,114.11000061035156,114.02999877929688,114.05999755859375,3078.0
2024-10-25 15:47:00+00:00,SMCI,47.5260009765625,47.5260009765625,47.56999969482422,47.51499938964844,47.56999969482422,31243.0
2024-10-25 15:47:00+00:00,SMSI,0.800000011920929,0.800000011920929,0.800000011920929,0.800000011920929,0.800000011920929,6658.0
2024-10-25 15:47:00+00:00,SMTC,45.665000915527344,45.665000915527344,45.68000030517578,45.64500045776367,45.64500045776367,2810.0
2024-10-25 15:47:00+00:00,SONO,12.675000190734863,12.675000190734863,12.675000190734863,12.664999961853027,12.664999961853027,4405.0
2024-10-25 15:47:00+00:00,SOUN,5.184000015258789,5.184000015258789,5.190000057220459,5.175000190734863,5.180099964141846,99267.0
2024-10-25 15:47:00+00:00,SPSC,170.1934051513672,170.1934051513672,170.25999450683594,169.92999267578125,169.92999267578125,1882.0
2024-10-25 15:47:00+00:00,SPT,27.045000076293945,27.045000076293945,27.045000076293945,27.0,27.0,3100.0
2024-10-25 15:47:00+00:00,SRAD,12.324999809265137,12.324999809265137,12.329999923706055,12.324999809265137,12.329999923706055,875.0
2024-10-25 15:47:00+00:00,SSNC,69.86000061035156,69.86000061035156,69.94999694824219,69.80000305175781,69.94999694824219,21524.0
2024-10-25 15:47:00+00:00,SSYS,7.03000020980835,7.03000020980835,7.039999961853027,7.03000020980835,7.039999961853027,2313.0
2024-10-25 15:47:00+00:00,STER,16.75,16.75,16.75,16.7450008392334,16.7450008392334,498.0
2024-10-25 15:47:00+00:00,STNE,11.399999618530273,11.399999618530273,11.414999961853027,11.399999618530273,11.414999961853027,5966.0
2024-10-25 15:47:00+00:00,STX,103.38999938964844,103.38999938964844,103.43000030517578,103.38999938964844,103.42500305175781,6583.0
2024-10-25 15:47:00+00:00,SVRE,0.07999999821186066,0.07999999821186066,0.07999999821186066,0.07999999821186066,0.07999999821186066,3173.0
2024-10-25 15:47:00+00:00,SWKS,95.8499984741211,95.8499984741211,95.87000274658203,95.8499984741211,95.8499984741211,4852.0
2024-10-25 15:47:00+00:00,SYNA,72.24500274658203,72.24500274658203,72.24500274658203,72.24500274658203,72.24500274658203,294.0
2024-10-25 15:47:00+00:00,TASK,12.010000228881836,12.010000228881836,12.010000228881836,12.010000228881836,12.010000228881836,156.0
2024-10-25 15:47:00+00:00,TEAM,188.7100067138672,188.7100067138672,188.8699951171875,188.63999938964844,188.7050018310547,15973.0
2024-10-25 15:47:00+00:00,TENB,41.7400016784668,41.7400016784668,41.7599983215332,41.7400016784668,41.7400016784668,2554.0
2024-10-25 15:47:00+00:00,TER,112.73999786376953,112.73999786376953,112.7699966430664,112.62100219726562,112.69000244140625,26692.0
2024-10-25 15:47:00+00:00,TLS,3.5799999237060547,3.5799999237060547,3.5850000381469727,3.575000047683716,3.575000047683716,3183.0
2024-10-25 15:47:00+00:00,TRMB,60.93000030517578,60.93000030517578,60.94499969482422,60.93000030517578,60.935001373291016,2447.0
2024-10-25 15:47:00+00:00,TSEM,44.959999084472656,44.959999084472656,45.0,44.92499923706055,44.92499923706055,7292.0
2024-10-25 15:47:00+00:00,TTD,119.44000244140625,119.44000244140625,119.45500183105469,119.40660095214844,119.45500183105469,7387.0
2024-10-25 15:47:00+00:00,TTMI,19.600000381469727,19.600000381469727,19.6200008392334,19.600000381469727,19.6200008392334,2404.0
2024-10-25 15:47:00+00:00,TWKS,4.440000057220459,4.440000057220459,4.445000171661377,4.440000057220459,4.440000057220459,2305.0
2024-10-25 15:47:00+00:00,TXN,207.58999633789062,207.58999633789062,207.64999389648438,207.57000732421875,207.6199951171875,11889.0
2024-10-25 15:47:00+00:00,UCTT,35.904998779296875,35.904998779296875,35.93000030517578,35.790000915527344,35.790000915527344,9776.0
2024-10-25 15:47:00+00:00,VECO,29.405000686645508,29.405000686645508,29.405000686645508,29.405000686645508,29.405000686645508,770.0
2024-10-25 15:47:00+00:00,VERB,10.970000267028809,10.970000267028809,11.03499984741211,10.970000267028809,11.03499984741211,1328.0
2024-10-25 15:47:00+00:00,VERX,42.119998931884766,42.119998931884766,42.119998931884766,42.11000061035156,42.11000061035156,2372.0
2024-10-25 15:47:00+00:00,VIAV,9.145000457763672,9.145000457763672,9.149999618530273,9.145000457763672,9.149999618530273,486.0
2024-10-25 15:47:00+00:00,VICR,46.2400016784668,46.2400016784668,46.27000045776367,46.2400016784668,46.2400016784668,2659.0
2024-10-25 15:47:00+00:00,VMEO,4.769999980926514,4.769999980926514,4.769999980926514,4.755000114440918,4.755000114440918,11505.0
2024-10-25 15:47:00+00:00,VNET,3.365000009536743,3.365000009536743,3.369999885559082,3.365000009536743,3.369999885559082,3128.0
2024-10-25 15:47:00+00:00,VRNS,56.880001068115234,56.880001068115234,56.88999938964844,56.869998931884766,56.880001068115234,4366.0
2024-10-25 15:47:00+00:00,VRNT,21.850000381469727,21.850000381469727,21.850000381469727,21.834999084472656,21.834999084472656,3584.0
2024-10-25 15:47:00+00:00,VRSN,181.3699951171875,181.3699951171875,181.41000366210938,181.20010375976562,181.3800048828125,6664.0
2024-10-25 15:47:00+00:00,VSAT,10.248499870300293,10.248499870300293,10.25,10.239999771118164,10.239999771118164,4916.0
2024-10-25 15:47:00+00:00,VUZI,1.2949999570846558,1.2949999570846558,1.299299955368042,1.2949999570846558,1.299299955368042,1631.0
2024-10-25 15:47:00+00:00,VVPR,0.800000011920929,0.800000011920929,0.800000011920929,0.800000011920929,0.800000011920929,4022.0
2024-10-25 15:47:00+00:00,WALD,3.509999990463257,3.509999990463257,3.509999990463257,3.509999990463257,3.509999990463257,205.0
2024-10-25 15:47:00+00:00,WDAY,238.44000244140625,238.44000244140625,238.44000244140625,238.41000366210938,238.41000366210938,1545.0
2024-10-25 15:47:00+00:00,WDC,69.9000015258789,69.9000015258789,70.05000305175781,69.9000015258789,70.0250015258789,33033.0
2024-10-25 15:47:00+00:00,WISA,2.003999948501587,2.003999948501587,2.009399890899658,2.003999948501587,2.005000114440918,1758.0
2024-10-25 15:47:00+00:00,WIX,164.58999633789062,164.58999633789062,164.58999633789062,164.58999633789062,164.58999633789062,606.0
2024-10-25 15:47:00+00:00,XPER,9.399999618530273,9.399999618530273,9.399999618530273,9.399999618530273,9.399999618530273,2665.0
2024-10-25 15:47:00+00:00,XRX,9.994999885559082,9.994999885559082,10.0,9.994000434875488,9.994999885559082,2114.0
2024-10-25 15:47:00+00:00,ZBRA,360.69000244140625,360.69000244140625,360.69000244140625,360.69000244140625,360.69000244140625,1122.0
2024-10-25 15:47:00+00:00,ZENV,1.4199999570846558,1.4199999570846558,1.4199999570846558,1.4199999570846558,1.4199999570846558,2036.0
2024-10-25 15:47:00+00:00,ZI,10.520000457763672,10.520000457763672,10.520000457763672,10.510000228881836,10.510000228881836,4480.0
2024-10-25 15:47:00+00:00,ZM,73.0250015258789,73.0250015258789,73.0250015258789,72.99500274658203,73.0,10830.0
2024-10-25 15:47:00+00:00,ZS,185.01499938964844,185.01499938964844,185.08999633789062,184.92999267578125,185.00999450683594,2313.0
2024-10-25 15:48:00+00:00,AAOI,17.479000091552734,17.479000091552734,17.483299255371094,17.469999313354492,17.469999313354492,3606.0
2024-10-25 15:48:00+00:00,AAPL,231.50999450683594,231.50999450683594,231.58999633789062,231.4600067138672,231.53500366210938,60342.0
2024-10-25 15:48:00+00:00,ACIW,48.880001068115234,48.880001068115234,48.880001068115234,48.880001068115234,48.880001068115234,410.0
2024-10-25 15:48:00+00:00,ACLS,90.16000366210938,90.16000366210938,90.16000366210938,90.13999938964844,90.13999938964844,1117.0
2024-10-25 15:48:00+00:00,ACMR,19.639999389648438,19.639999389648438,19.65999984741211,19.639999389648438,19.65999984741211,1967.0
2024-10-25 15:48:00+00:00,ADBE,483.3450012207031,483.3450012207031,483.5,483.17999267578125,483.31500244140625,5166.0
2024-10-25 15:48:00+00:00,ADI,231.22000122070312,231.22000122070312,231.22999572753906,231.1699981689453,231.22000122070312,5626.0
2024-10-25 15:48:00+00:00,ADSK,287.0849914550781,287.0849914550781,287.0899963378906,287.0400085449219,287.06500244140625,3454.0
2024-10-25 15:48:00+00:00,ADTN,6.295000076293945,6.295000076293945,6.295000076293945,6.295000076293945,6.295000076293945,353.0
2024-10-25 15:48:00+00:00,AEHR,17.06999969482422,17.06999969482422,17.06999969482422,17.040000915527344,17.041400909423828,3106.0
2024-10-25 15:48:00+00:00,AEYE,22.600000381469727,22.600000381469727,22.600000381469727,22.600000381469727,22.600000381469727,464.0
2024-10-25 15:48:00+00:00,AFRM,40.974998474121094,40.974998474121094,41.040000915527344,40.959999084472656,41.040000915527344,68089.0
2024-10-25 15:48:00+00:00,AGYS,109.9000015258789,109.9000015258789,109.9000015258789,109.9000015258789,109.9000015258789,834.0
2024-10-25 15:48:00+00:00,AIRG,9.210000038146973,9.210000038146973,9.210000038146973,9.210000038146973,9.210000038146973,751.0
2024-10-25 15:48:00+00:00,AKAM,101.94000244140625,101.94000244140625,101.98999786376953,101.94000244140625,101.9749984741211,4576.0
2024-10-25 15:48:00+00:00,ALGM,23.094999313354492,23.094999313354492,23.1299991607666,23.094999313354492,23.1299991607666,7490.0
2024-10-25 15:48:00+00:00,ALKT,38.310001373291016,38.310001373291016,38.33000183105469,38.310001373291016,38.33000183105469,1201.0
2024-10-25 15:48:00+00:00,ALRM,54.58000183105469,54.58000183105469,54.58000183105469,54.562599182128906,54.562599182128906,2515.0
2024-10-25 15:48:00+00:00,ALTR,103.68000030517578,103.68000030517578,103.79000091552734,103.68000030517578,103.73999786376953,12820.0
2024-10-25 15:48:00+00:00,AMAT,187.23500061035156,187.23500061035156,187.39999389648438,187.22999572753906,187.3699951171875,18732.0
2024-10-25 15:48:00+00:00,AMD,156.5399932861328,156.5399932861328,156.58999633789062,156.52999877929688,156.55999755859375,48312.0
2024-10-25 15:48:00+00:00,AMKR,30.06999969482422,30.06999969482422,30.103500366210938,30.06999969482422,30.103500366210938,2787.0
2024-10-25 15:48:00+00:00,AMPL,9.126399993896484,9.126399993896484,9.126399993896484,9.125,9.125,1330.0
2024-10-25 15:48:00+00:00,ANSS,323.6050109863281,323.6050109863281,323.7300109863281,323.6050109863281,323.7300109863281,1007.0
2024-10-25 15:48:00+00:00,AOSL,36.04999923706055,36.04999923706055,36.099998474121094,36.04999923706055,36.099998474121094,1130.0
2024-10-25 15:48:00+00:00,API,2.815000057220459,2.815000057220459,2.815000057220459,2.815000057220459,2.815000057220459,200.0
2024-10-25 15:48:00+00:00,APP,162.1750030517578,162.1750030517578,162.22500610351562,162.16189575195312,162.22500610351562,8077.0
2024-10-25 15:48:00+00:00,APPF,213.02000427246094,213.02000427246094,213.02000427246094,212.83999633789062,212.85000610351562,3876.0
2024-10-25 15:48:00+00:00,APPN,32.334999084472656,32.334999084472656,32.36000061035156,32.33000183105469,32.33000183105469,3678.0
2024-10-25 15:48:00+00:00,APPS,3.0601000785827637,3.0601000785827637,3.0601000785827637,3.0601000785827637,3.0601000785827637,1472.0
2024-10-25 15:48:00+00:00,ARRY,6.480000019073486,6.480000019073486,6.494999885559082,6.480000019073486,6.494999885559082,21020.0
2024-10-25 15:48:00+00:00,ASML,714.3200073242188,714.3200073242188,714.3200073242188,714.0999755859375,714.2150268554688,5278.0
2024-10-25 15:48:00+00:00,ASUR,9.6899995803833,9.6899995803833,9.6899995803833,9.6899995803833,9.6899995803833,400.0
2024-10-25 15:48:00+00:00,ATOM,3.3550000190734863,3.3550000190734863,3.3550000190734863,3.3503000736236572,3.3503000736236572,3174.0
2024-10-25 15:48:00+00:00,AUR,6.394999980926514,6.394999980926514,6.400000095367432,6.394999980926514,6.394999980926514,7295.0
2024-10-25 15:48:00+00:00,AVDX,8.085000038146973,8.085000038146973,8.09000015258789,8.085000038146973,8.09000015258789,1075.0
2024-10-25 15:48:00+00:00,AVGO,173.5800018310547,173.5800018310547,173.6199951171875,173.5,173.52999877929688,26253.0
2024-10-25 15:48:00+00:00,AVNW,20.735000610351562,20.735000610351562,20.735000610351562,20.735000610351562,20.735000610351562,224.0
2024-10-25 15:48:00+00:00,AVPT,11.899999618530273,11.899999618530273,11.899999618530273,11.899999618530273,11.899999618530273,574.0
2024-10-25 15:48:00+00:00,AVT,54.09000015258789,54.09000015258789,54.130001068115234,54.09000015258789,54.130001068115234,4040.0
2024-10-25 15:48:00+00:00,AWRE,2.015000104904175,2.015000104904175,2.015000104904175,2.015000104904175,2.015000104904175,170.0
2024-10-25 15:48:00+00:00,BAND,17.920000076293945,17.920000076293945,17.920000076293945,17.91010093688965,17.91010093688965,1249.0
2024-10-25 15:48:00+00:00,BASE,16.299999237060547,16.299999237060547,16.299999237060547,16.299999237060547,16.299999237060547,276.0
2024-10-25 15:48:00+00:00,BIGC,5.260000228881836,5.260000228881836,5.260000228881836,5.255000114440918,5.259900093078613,8081.0
2024-10-25 15:48:00+00:00,BL,56.380001068115234,56.380001068115234,56.380001068115234,56.29999923706055,56.30099868774414,3140.0
2024-10-25 15:48:00+00:00,BLKB,85.70999908447266,85.70999908447266,85.70999908447266,85.69999694824219,85.69999694824219,920.0
2024-10-25 15:48:00+00:00,BMBL,7.195000171661377,7.195000171661377,7.199999809265137,7.184999942779541,7.184999942779541,8313.0
2024-10-25 15:48:00+00:00,BOXL,0.4702000021934509,0.4702000021934509,0.4702000021934509,0.4700999855995178,0.4700999855995178,722.0
2024-10-25 15:48:00+00:00,BRZE,30.834999084472656,30.834999084472656,30.834999084472656,30.829999923706055,30.829999923706055,3216.0
2024-10-25 15:48:00+00:00,BSY,49.06999969482422,49.06999969482422,49.08000183105469,49.06999969482422,49.08000183105469,1236.0
2024-10-25 15:48:00+00:00,CAMP,11.055000305175781,11.055000305175781,11.055000305175781,11.055000305175781,11.055000305175781,626.0
2024-10-25 15:48:00+00:00,CAN,0.9735000133514404,0.9735000133514404,0.9739000201225281,0.9735000133514404,0.9739000201225281,12295.0
2024-10-25 15:48:00+00:00,CDNS,257.260009765625,257.260009765625,257.3299865722656,257.25,257.3299865722656,3467.0
2024-10-25 15:48:00+00:00,CDW,218.00999450683594,218.00999450683594,218.02999877929688,218.00999450683594,218.02999877929688,4417.0
2024-10-25 15:48:00+00:00,CETX,0.2939000129699707,0.2939000129699707,0.2939000129699707,0.2930000126361847,0.2930000126361847,3359.0
2024-10-25 15:48:00+00:00,CEVA,24.09000015258789,24.09000015258789,24.102500915527344,24.09000015258789,24.102500915527344,849.0
2024-10-25 15:48:00+00:00,CFLT,22.44499969482422,22.44499969482422,22.450000762939453,22.440000534057617,22.440000534057617,7631.0
2024-10-25 15:48:00+00:00,CGNX,38.91999816894531,38.91999816894531,38.91999816894531,38.90999984741211,38.91999816894531,4224.0
2024-10-25 15:48:00+00:00,CHKP,206.65499877929688,206.65499877929688,206.65499877929688,206.50999450683594,206.63499450683594,1869.0
2024-10-25 15:48:00+00:00,CLBT,18.2450008392334,18.2450008392334,18.2450008392334,18.229999542236328,18.229999542236328,3347.0
2024-10-25 15:48:00+00:00,CLFD,36.2599983215332,36.2599983215332,36.2599983215332,36.20000076293945,36.20000076293945,1118.0
2024-10-25 15:48:00+00:00,CLSK,11.486900329589844,11.486900329589844,11.499699592590332,11.471699714660645,11.489999771118164,76731.0
2024-10-25 15:48:00+00:00,CMTL,3.809999942779541,3.809999942779541,3.809999942779541,3.809999942779541,3.809999942779541,253.0
2024-10-25 15:48:00+00:00,CNDT,3.5950000286102295,3.5950000286102295,3.5950000286102295,3.5950000286102295,3.5950000286102295,238.0
2024-10-25 15:48:00+00:00,CNXC,44.38999938964844,44.38999938964844,44.41019821166992,44.38999938964844,44.41019821166992,1313.0
2024-10-25 15:48:00+00:00,COHR,95.62000274658203,95.62000274658203,95.6500015258789,95.58000183105469,95.63500213623047,8833.0
2024-10-25 15:48:00+00:00,COHU,25.959999084472656,25.959999084472656,25.96500015258789,25.959999084472656,25.96500015258789,930.0
2024-10-25 15:48:00+00:00,COIN,205.38999938964844,205.38999938964844,205.4149932861328,205.1920928955078,205.27000427246094,10103.0
2024-10-25 15:48:00+00:00,COMM,6.215000152587891,6.215000152587891,6.21999979019165,6.210000038146973,6.21999979019165,2919.0
2024-10-25 15:48:00+00:00,CORZ,13.369999885559082,13.369999885559082,13.380000114440918,13.352399826049805,13.380000114440918,31663.0
2024-10-25 15:48:00+00:00,CRCT,6.565000057220459,6.565000057220459,6.570000171661377,6.565000057220459,6.565000057220459,1701.0
2024-10-25 15:48:00+00:00,CRDO,39.13999938964844,39.13999938964844,39.14500045776367,39.13999938964844,39.14500045776367,1673.0
2024-10-25 15:48:00+00:00,CRNC,2.924999952316284,2.924999952316284,2.930000066757202,2.924999952316284,2.924999952316284,1686.0
2024-10-25 15:48:00+00:00,CRNT,2.4700000286102295,2.4700000286102295,2.4709999561309814,2.4700000286102295,2.4709999561309814,295.0
2024-10-25 15:48:00+00:00,CRSR,6.315000057220459,6.315000057220459,6.315000057220459,6.315000057220459,6.315000057220459,406.0
2024-10-25 15:48:00+00:00,CRUS,122.52999877929688,122.52999877929688,122.52999877929688,122.52999877929688,122.52999877929688,595.0
2024-10-25 15:48:00+00:00,CRWD,300.19000244140625,300.19000244140625,300.29998779296875,300.0400085449219,300.2200012207031,11814.0
2024-10-25 15:48:00+00:00,CSCO,55.779998779296875,55.779998779296875,55.79999923706055,55.775001525878906,55.779998779296875,44245.0
2024-10-25 15:48:00+00:00,CSGS,47.23500061035156,47.23500061035156,47.23500061035156,47.23500061035156,47.23500061035156,318.0
2024-10-25 15:48:00+00:00,CSIQ,13.350000381469727,13.350000381469727,13.385000228881836,13.350000381469727,13.385000228881836,15843.0
2024-10-25 15:48:00+00:00,CTLP,8.920000076293945,8.920000076293945,8.925000190734863,8.895000457763672,8.899800300598145,15004.0
2024-10-25 15:48:00+00:00,CTSH,74.80500030517578,74.80500030517578,74.83000183105469,74.80500030517578,74.81999969482422,5541.0
2024-10-25 15:48:00+00:00,CVLT,134.63499450683594,134.63499450683594,134.67999267578125,134.63499450683594,134.67999267578125,1843.0
2024-10-25 15:48:00+00:00,DAIO,2.5999999046325684,2.5999999046325684,2.5999999046325684,2.5999999046325684,2.5999999046325684,717.0
2024-10-25 15:48:00+00:00,DAKT,13.095000267028809,13.095000267028809,13.095000267028809,13.095000267028809,13.095000267028809,1031.0
2024-10-25 15:48:00+00:00,DAVE,38.779998779296875,38.779998779296875,38.779998779296875,38.779998779296875,38.779998779296875,605.0
2024-10-25 15:48:00+00:00,DBX,26.079999923706055,26.079999923706055,26.079999923706055,26.075000762939453,26.075000762939453,10516.0
2024-10-25 15:48:00+00:00,DDOG,126.86000061035156,126.86000061035156,126.86000061035156,126.66590118408203,126.68000030517578,17479.0
2024-10-25 15:48:00+00:00,DGII,29.975000381469727,29.975000381469727,29.975000381469727,29.975000381469727,29.975000381469727,302.0
2024-10-25 15:48:00+00:00,DIOD,64.94999694824219,64.94999694824219,64.94999694824219,64.94999694824219,64.94999694824219,425.0
2024-10-25 15:48:00+00:00,DLO,8.829999923706055,8.829999923706055,8.829999923706055,8.829999923706055,8.829999923706055,763.0
2024-10-25 15:48:00+00:00,DOCU,68.80000305175781,68.80000305175781,68.80000305175781,68.75499725341797,68.78170013427734,7061.0
2024-10-25 15:48:00+00:00,DOX,88.9749984741211,88.9749984741211,88.9749984741211,88.9749984741211,88.9749984741211,664.0
2024-10-25 15:48:00+00:00,DSP,11.449999809265137,11.449999809265137,11.449999809265137,11.449999809265137,11.449999809265137,401.0
2024-10-25 15:48:00+00:00,DTSS,2.490000009536743,2.490000009536743,2.490000009536743,2.490000009536743,2.490000009536743,38.0
2024-10-25 15:48:00+00:00,DUOL,291.5480041503906,291.5480041503906,291.7900085449219,291.5480041503906,291.7900085449219,2518.0
2024-10-25 15:48:00+00:00,EEFT,100.83000183105469,100.83000183105469,100.84500122070312,100.79000091552734,100.84500122070312,2225.0
2024-10-25 15:48:00+00:00,ENPH,83.94000244140625,83.94000244140625,84.0199966430664,83.93000030517578,84.0,8778.0
2024-10-25 15:48:00+00:00,ENTG,105.47250366210938,105.47250366210938,105.5199966430664,105.41999816894531,105.51000213623047,7293.0
2024-10-25 15:48:00+00:00,ERIC,8.469900131225586,8.469900131225586,8.469900131225586,8.460700035095215,8.46500015258789,38403.0
2024-10-25 15:48:00+00:00,EXLS,38.61000061035156,38.61000061035156,38.630001068115234,38.599998474121094,38.630001068115234,4937.0
2024-10-25 15:48:00+00:00,EXTR,14.345000267028809,14.345000267028809,14.345000267028809,14.345000267028809,14.345000267028809,756.0
2024-10-25 15:48:00+00:00,FFIV,216.91000366210938,216.91000366210938,217.07000732421875,216.91000366210938,217.0399932861328,5109.0
2024-10-25 15:48:00+00:00,FIVN,29.68000030517578,29.68000030517578,29.690000534057617,29.68000030517578,29.690000534057617,4445.0
2024-10-25 15:48:00+00:00,FLEX,35.16999816894531,35.16999816894531,35.189998626708984,35.16999816894531,35.189998626708984,6121.0
2024-10-25 15:48:00+00:00,FORM,44.904998779296875,44.904998779296875,44.90999984741211,44.904998779296875,44.90999984741211,1017.0
2024-10-25 15:48:00+00:00,FROG,29.209999084472656,29.209999084472656,29.209999084472656,29.209999084472656,29.209999084472656,581.0
2024-10-25 15:48:00+00:00,FRSH,11.614999771118164,11.614999771118164,11.614999771118164,11.5649995803833,11.5649995803833,44764.0
2024-10-25 15:48:00+00:00,FSLR,198.39990234375,198.39990234375,198.41000366210938,198.31500244140625,198.35499572753906,4033.0
2024-10-25 15:48:00+00:00,FTNT,80.5,80.5,80.5,80.47000122070312,80.47000122070312,9530.0
2024-10-25 15:48:00+00:00,GCT,24.459999084472656,24.459999084472656,24.463499069213867,24.450000762939453,24.463499069213867,3302.0
2024-10-25 15:48:00+00:00,GDS,21.450000762939453,21.450000762939453,21.450000762939453,21.434999465942383,21.434999465942383,934.0
2024-10-25 15:48:00+00:00,GFS,40.38800048828125,40.38800048828125,40.43000030517578,40.38800048828125,40.43000030517578,4839.0
2024-10-25 15:48:00+00:00,GILT,4.929999828338623,4.929999828338623,4.929999828338623,4.929999828338623,4.929999828338623,489.0
2024-10-25 15:48:00+00:00,GPRO,1.3049999475479126,1.3049999475479126,1.3049999475479126,1.2999999523162842,1.3000999689102173,1261.0
2024-10-25 15:48:00+00:00,GRAB,4.090000152587891,4.090000152587891,4.090000152587891,4.084000110626221,4.085000038146973,102300.0
2024-10-25 15:48:00+00:00,GRRR,4.486000061035156,4.486000061035156,4.486000061035156,4.486000061035156,4.486000061035156,200.0
2024-10-25 15:48:00+00:00,GTLB,54.8650016784668,54.8650016784668,54.880001068115234,54.81999969482422,54.82699966430664,6384.0
2024-10-25 15:48:00+00:00,GVP,4.599999904632568,4.599999904632568,4.599999904632568,4.599999904632568,4.599999904632568,200.0
2024-10-25 15:48:00+00:00,HCP,33.63999938964844,33.63999938964844,33.63999938964844,33.6349983215332,33.6349983215332,4369.0
2024-10-25 15:48:00+00:00,HLIT,14.809499740600586,14.809499740600586,14.809499740600586,14.800000190734863,14.800000190734863,2092.0
2024-10-25 15:48:00+00:00,HOLO,3.569999933242798,3.569999933242798,3.5899999141693115,3.569999933242798,3.5850000381469727,5528.0
2024-10-25 15:48:00+00:00,HOOD,27.049999237060547,27.049999237060547,27.065000534057617,27.049999237060547,27.06170082092285,11095.0
2024-10-25 15:48:00+00:00,ICHR,27.68939971923828,27.68939971923828,27.68939971923828,27.649999618530273,27.665000915527344,1602.0
2024-10-25 15:48:00+00:00,IDAI,0.22139999270439148,0.22139999270439148,0.2215999960899353,0.22139999270439148,0.2215999960899353,11172.0
2024-10-25 15:48:00+00:00,IIIV,22.940000534057617,22.940000534057617,22.940000534057617,22.940000534057617,22.940000534057617,591.0
2024-10-25 15:48:00+00:00,INDI,3.484999895095825,3.484999895095825,3.484999895095825,3.484999895095825,3.484999895095825,2532.0
2024-10-25 15:48:00+00:00,INFN,6.769999980926514,6.769999980926514,6.769999980926514,6.769999980926514,6.769999980926514,1184.0
2024-10-25 15:48:00+00:00,INOD,20.15999984741211,20.15999984741211,20.209999084472656,20.140100479125977,20.209999084472656,1754.0
2024-10-25 15:48:00+00:00,INSG,19.639999389648438,19.639999389648438,19.649999618530273,19.639999389648438,19.649999618530273,1020.0
2024-10-25 15:48:00+00:00,INTA,50.21500015258789,50.21500015258789,50.224998474121094,50.209999084472656,50.224998474121094,2142.0
2024-10-25 15:48:00+00:00,INTC,22.85759925842285,22.85759925842285,22.864999771118164,22.850000381469727,22.860000610351562,114607.0
2024-10-25 15:48:00+00:00,INTU,609.489990234375,609.489990234375,609.489990234375,609.3800048828125,609.4500122070312,3560.0
2024-10-25 15:48:00+00:00,ITI,7.195000171661377,7.195000171661377,7.195000171661377,7.190000057220459,7.190000057220459,331.0
2024-10-25 15:48:00+00:00,ITRI,102.70999908447266,102.70999908447266,102.7300033569336,102.70999908447266,102.7300033569336,1211.0
2024-10-25 15:48:00+00:00,ITRN,27.40399932861328,27.40399932861328,27.40399932861328,27.40399932861328,27.40399932861328,230.0
2024-10-25 15:48:00+00:00,JAMF,16.760000228881836,16.760000228881836,16.760000228881836,16.75,16.760000228881836,2795.0
2024-10-25 15:48:00+00:00,JKHY,182.8800048828125,182.8800048828125,182.8800048828125,182.8800048828125,182.8800048828125,131.0
2024-10-25 15:48:00+00:00,KC,2.6649999618530273,2.6649999618530273,2.6649999618530273,2.6600000858306885,2.6600000858306885,4196.0
2024-10-25 15:48:00+00:00,KLAC,677.1400146484375,677.1400146484375,677.1400146484375,677.135009765625,677.135009765625,2033.0
2024-10-25 15:48:00+00:00,KLIC,44.69499969482422,44.69499969482422,44.69499969482422,44.66999816894531,44.68000030517578,943.0
2024-10-25 15:48:00+00:00,KLTR,1.315000057220459,1.315000057220459,1.315000057220459,1.3133000135421753,1.3133000135421753,381.0
2024-10-25 15:48:00+00:00,LASR,10.380000114440918,10.380000114440918,10.380000114440918,10.380000114440918,10.380000114440918,313.0
2024-10-25 15:48:00+00:00,LITE,64.48500061035156,64.48500061035156,64.48999786376953,64.47000122070312,64.47000122070312,2154.0
2024-10-25 15:48:00+00:00,LOGI,80.72000122070312,80.72000122070312,80.7302017211914,80.72000122070312,80.7302017211914,1055.0
2024-10-25 15:48:00+00:00,LPSN,1.1699999570846558,1.1699999570846558,1.1699999570846558,1.1699999570846558,1.1699999570846558,188.0
2024-10-25 15:48:00+00:00,LRCX,78.06999969482422,78.06999969482422,78.13899993896484,78.05500030517578,78.12999725341797,20903.0
2024-10-25 15:48:00+00:00,LSCC,54.369998931884766,54.369998931884766,54.3911018371582,54.369998931884766,54.38999938964844,4366.0
2024-10-25 15:48:00+00:00,LTRX,4.079999923706055,4.079999923706055,4.079999923706055,4.079999923706055,4.079999923706055,200.0
2024-10-25 15:48:00+00:00,LUNA,1.7999999523162842,1.7999999523162842,1.7999999523162842,1.7999999523162842,1.7999999523162842,982.0
2024-10-25 15:48:00+00:00,LYFT,13.484999656677246,13.484999656677246,13.569999694824219,13.444999694824219,13.46500015258789,489925.0
2024-10-25 15:48:00+00:00,MANH,276.3630065917969,276.3630065917969,276.3630065917969,276.3630065917969,276.3630065917969,1316.0
2024-10-25 15:48:00+00:00,MAPS,0.830299973487854,0.830299973487854,0.830299973487854,0.830299973487854,0.830299973487854,850.0
2024-10-25 15:48:00+00:00,MCHP,76.78019714355469,76.78019714355469,76.80500030517578,76.7699966430664,76.80500030517578,10972.0
2024-10-25 15:48:00+00:00,MDB,267.92999267578125,267.92999267578125,268.0400085449219,267.92999267578125,268.0400085449219,2284.0
2024-10-25 15:48:00+00:00,MITK,8.760000228881836,8.760000228881836,8.765000343322754,8.755000114440918,8.755000114440918,6755.0
2024-10-25 15:48:00+00:00,MKSI,101.27249908447266,101.27249908447266,101.27249908447266,101.23999786376953,101.25,2201.0
2024-10-25 15:48:00+00:00,MNDO,1.940000057220459,1.940000057220459,1.9500000476837158,1.940000057220459,1.9500000476837158,8706.0
2024-10-25 15:48:00+00:00,MNDY,298.5,298.5,298.5,298.5,298.5,2376.0
2024-10-25 15:48:00+00:00,MPWR,907.989990234375,907.989990234375,907.989990234375,907.405029296875,907.875,2252.0
2024-10-25 15:48:00+00:00,MQ,5.315000057220459,5.315000057220459,5.320000171661377,5.304999828338623,5.304999828338623,24897.0
2024-10-25 15:48:00+00:00,MRAM,6.375,6.375,6.375,6.375,6.375,311.0
2024-10-25 15:48:00+00:00,MRVL,82.05500030517578,82.05500030517578,82.06999969482422,82.03500366210938,82.04019927978516,11552.0
2024-10-25 15:48:00+00:00,MSFT,428.1400146484375,428.1400146484375,428.17999267578125,428.0492858886719,428.0899963378906,13534.0
2024-10-25 15:48:00+00:00,MSTR,235.65499877929688,235.65499877929688,235.77999877929688,235.42999267578125,235.60000610351562,44058.0
2024-10-25 15:48:00+00:00,MTC,0.3799999952316284,0.3799999952316284,0.3799999952316284,0.3799999952316284,0.3799999952316284,1116.0
2024-10-25 15:48:00+00:00,MTSI,121.37000274658203,121.37000274658203,121.43000030517578,121.37000274658203,121.4000015258789,3306.0
2024-10-25 15:48:00+00:00,MTTR,4.574999809265137,4.574999809265137,4.574999809265137,4.570000171661377,4.572500228881836,3531.0
2024-10-25 15:48:00+00:00,MU,108.19999694824219,108.19999694824219,108.23500061035156,108.17990112304688,108.21499633789062,28053.0
2024-10-25 15:48:00+00:00,MVIS,1.070099949836731,1.070099949836731,1.070099949836731,1.070099949836731,1.070099949836731,1927.0
2024-10-25 15:48:00+00:00,MXL,14.781999588012695,14.781999588012695,14.800000190734863,14.760000228881836,14.770000457763672,10629.0
2024-10-25 15:48:00+00:00,NCNO,37.88999938964844,37.88999938964844,37.89500045776367,37.88999938964844,37.89500045776367,2926.0
2024-10-25 15:48:00+00:00,NICE,174.5749969482422,174.5749969482422,174.5749969482422,174.36500549316406,174.36500549316406,4804.0
2024-10-25 15:48:00+00:00,NNDM,2.3201000690460205,2.3201000690460205,2.325000047683716,2.3201000690460205,2.325000047683716,566.0
2024-10-25 15:48:00+00:00,NSIT,209.4600067138672,209.4600067138672,209.6199951171875,209.4600067138672,209.6199951171875,345.0
2024-10-25 15:48:00+00:00,NTAP,119.69000244140625,119.69000244140625,119.7490005493164,119.69000244140625,119.73999786376953,3347.0
2024-10-25 15:48:00+00:00,NTNX,61.95000076293945,61.95000076293945,61.959999084472656,61.849998474121094,61.849998474121094,9312.0
2024-10-25 15:48:00+00:00,NVDA,141.95010375976562,141.95010375976562,142.00999450683594,141.94400024414062,142.00999450683594,282763.0
2024-10-25 15:48:00+00:00,NVEI,33.494998931884766,33.494998931884766,33.494998931884766,33.4900016784668,33.494998931884766,514.0
2024-10-25 15:48:00+00:00,NVTS,2.565000057220459,2.565000057220459,2.565000057220459,2.555000066757202,2.555000066757202,11490.0
2024-10-25 15:48:00+00:00,NXPI,243.39500427246094,243.39500427246094,243.47999572753906,243.36000061035156,243.4499969482422,1902.0
2024-10-25 15:48:00+00:00,OKTA,72.40989685058594,72.40989685058594,72.40989685058594,72.3550033569336,72.3550033569336,3936.0
2024-10-25 15:48:00+00:00,ON,71.2699966430664,71.2699966430664,71.29000091552734,71.23999786376953,71.29000091552734,29960.0
2024-10-25 15:48:00+00:00,OSIS,134.875,134.875,134.875,134.875,134.875,908.0
2024-10-25 15:48:00+00:00,OTEX,33.18000030517578,33.18000030517578,33.18000030517578,33.18000030517578,33.18000030517578,672.0
2024-10-25 15:48:00+00:00,PANW,366.0799865722656,366.0799865722656,366.3667907714844,366.07501220703125,366.3667907714844,3540.0
2024-10-25 15:48:00+00:00,PAYO,8.345000267028809,8.345000267028809,8.345000267028809,8.345000267028809,8.345000267028809,4102.0
2024-10-25 15:48:00+00:00,PAYS,3.694999933242798,3.694999933242798,3.694999933242798,3.694999933242798,3.694999933242798,410.0
2024-10-25 15:48:00+00:00,PEGA,79.81500244140625,79.81500244140625,79.8499984741211,79.71499633789062,79.7699966430664,6117.0
2024-10-25 15:48:00+00:00,PEGY,4.730000019073486,4.730000019073486,4.730000019073486,4.730000019073486,4.730000019073486,496.0
2024-10-25 15:48:00+00:00,PET,0.8119999766349792,0.8119999766349792,0.8119999766349792,0.8119999766349792,0.8119999766349792,1173.0
2024-10-25 15:48:00+00:00,PGY,11.982999801635742,11.982999801635742,11.989999771118164,11.981300354003906,11.981300354003906,1297.0
2024-10-25 15:48:00+00:00,PHUN,10.36870002746582,10.36870002746582,10.4399995803833,10.36870002746582,10.420000076293945,22952.0
2024-10-25 15:48:00+00:00,PI,201.10000610351562,201.10000610351562,201.36000061035156,201.10000610351562,201.3300018310547,3356.0
2024-10-25 15:48:00+00:00,PLAB,23.65999984741211,23.65999984741211,23.65999984741211,23.65999984741211,23.65999984741211,1407.0
2024-10-25 15:48:00+00:00,PLUS,97.86000061035156,97.86000061035156,97.91999816894531,97.86000061035156,97.91999816894531,1088.0
2024-10-25 15:48:00+00:00,PLXS,141.10000610351562,141.10000610351562,141.13999938964844,141.10000610351562,141.1300048828125,1439.0
2024-10-25 15:48:00+00:00,POET,3.8550000190734863,3.8550000190734863,3.859600067138672,3.8550000190734863,3.859600067138672,931.0
2024-10-25 15:48:00+00:00,POWI,63.400001525878906,63.400001525878906,63.400001525878906,63.400001525878906,63.400001525878906,904.0
2024-10-25 15:48:00+00:00,PRCH,1.2949999570846558,1.2949999570846558,1.2949999570846558,1.2949999570846558,1.2949999570846558,412.0
2024-10-25 15:48:00+00:00,PRGS,64.61009979248047,64.61009979248047,64.66000366210938,64.61000061035156,64.66000366210938,2338.0
2024-10-25 15:48:00+00:00,PUBM,14.765000343322754,14.765000343322754,14.765000343322754,14.765000343322754,14.765000343322754,964.0
2024-10-25 15:48:00+00:00,PYCR,14.354999542236328,14.354999542236328,14.359999656677246,14.354999542236328,14.359999656677246,2367.0
2024-10-25 15:48:00+00:00,QCOM,171.10000610351562,171.10000610351562,171.1199951171875,171.07000732421875,171.0800018310547,7164.0
2024-10-25 15:48:00+00:00,QLYS,121.22000122070312,121.22000122070312,121.29000091552734,121.19499969482422,121.29000091552734,3506.0
2024-10-25 15:48:00+00:00,QMCO,5.010000228881836,5.010000228881836,5.0970001220703125,4.96999979019165,5.070000171661377,8259.0
2024-10-25 15:48:00+00:00,QRVO,99.5999984741211,99.5999984741211,99.66000366210938,99.58000183105469,99.66000366210938,4631.0
2024-10-25 15:48:00+00:00,QUBT,1.0850000381469727,1.0850000381469727,1.0850000381469727,1.0850000381469727,1.0850000381469727,2000.0
2024-10-25 15:48:00+00:00,QUIK,8.600000381469727,8.600000381469727,8.600000381469727,8.59000015258789,8.59000015258789,464.0
2024-10-25 15:48:00+00:00,RCAT,2.7149999141693115,2.7149999141693115,2.7249999046325684,2.7149999141693115,2.7249999046325684,3844.0
2024-10-25 15:48:00+00:00,RDWR,22.375,22.375,22.399999618530273,22.375,22.399999618530273,2007.0
2024-10-25 15:48:00+00:00,REKR,1.0750000476837158,1.0750000476837158,1.0800000429153442,1.0750000476837158,1.0800000429153442,12826.0
2024-10-25 15:48:00+00:00,RELY,14.885000228881836,14.885000228881836,14.895000457763672,14.880000114440918,14.895000457763672,23549.0
2024-10-25 15:48:00+00:00,RGTI,1.2099000215530396,1.2099000215530396,1.215000033378601,1.2039999961853027,1.215000033378601,92546.0
2024-10-25 15:48:00+00:00,RIOT,9.744999885559082,9.744999885559082,9.75,9.739999771118164,9.744999885559082,52971.0
2024-10-25 15:48:00+00:00,RMBS,43.51499938964844,43.51499938964844,43.529998779296875,43.5,43.5166015625,2782.0
2024-10-25 15:48:00+00:00,RMNI,1.7300000190734863,1.7300000190734863,1.7300000190734863,1.7300000190734863,1.7300000190734863,622.0
2024-10-25 15:48:00+00:00,RPAY,7.735000133514404,7.735000133514404,7.735000133514404,7.730000019073486,7.730000019073486,4090.0
2024-10-25 15:48:00+00:00,RPD,39.01409912109375,39.01409912109375,39.060001373291016,39.01409912109375,39.060001373291016,2200.0
2024-10-25 15:48:00+00:00,RUM,5.675000190734863,5.675000190734863,5.675000190734863,5.675000190734863,5.675000190734863,395.0
2024-10-25 15:48:00+00:00,RUN,14.375,14.375,14.390000343322754,14.364999771118164,14.390000343322754,22691.0
2024-10-25 15:48:00+00:00,RXT,2.484999895095825,2.484999895095825,2.484999895095825,2.484999895095825,2.484999895095825,614.0
2024-10-25 15:48:00+00:00,SANM,67.5250015258789,67.5250015258789,67.56999969482422,67.5250015258789,67.56999969482422,2220.0
2024-10-25 15:48:00+00:00,SATS,25.125,25.125,25.139999389648438,25.125,25.139999389648438,3562.0
2024-10-25 15:48:00+00:00,SCSC,44.94499969482422,44.94499969482422,44.94499969482422,44.94499969482422,44.94499969482422,367.0
2024-10-25 15:48:00+00:00,SEDG,16.09440040588379,16.09440040588379,16.16029930114746,16.06999969482422,16.16029930114746,37063.0
2024-10-25 15:48:00+00:00,SHLS,5.170000076293945,5.170000076293945,5.175000190734863,5.164999961853027,5.170000076293945,11875.0
2024-10-25 15:48:00+00:00,SIMO,56.165000915527344,56.165000915527344,56.165000915527344,56.165000915527344,56.165000915527344,2090.0
2024-10-25 15:48:00+00:00,SITM,178.52000427246094,178.52000427246094,178.52000427246094,178.3000030517578,178.4199981689453,2154.0
2024-10-25 15:48:00+00:00,SKYT,10.430000305175781,10.430000305175781,10.430000305175781,10.430000305175781,10.430000305175781,308.0
2024-10-25 15:48:00+00:00,SLNHP,13.119999885559082,13.119999885559082,13.119999885559082,13.119999885559082,13.119999885559082,200.0
2024-10-25 15:48:00+00:00,SMCI,47.45920181274414,47.45920181274414,47.54999923706055,47.439998626708984,47.525001525878906,65814.0
2024-10-25 15:48:00+00:00,SMTC,45.63999938964844,45.63999938964844,45.654998779296875,45.6349983215332,45.650001525878906,2799.0
2024-10-25 15:48:00+00:00,SNPS,502.0249938964844,502.0249938964844,502.0249938964844,502.0249938964844,502.0249938964844,1097.0
2024-10-25 15:48:00+00:00,SOBR,7.119999885559082,7.119999885559082,7.25,7.119999885559082,7.25,2813.0
2024-10-25 15:48:00+00:00,SONO,12.680000305175781,12.680000305175781,12.680000305175781,12.670000076293945,12.675000190734863,5871.0
2024-10-25 15:48:00+00:00,SOUN,5.175000190734863,5.175000190734863,5.179999828338623,5.170000076293945,5.179999828338623,29041.0
2024-10-25 15:48:00+00:00,SPSC,170.5850067138672,170.5850067138672,170.74000549316406,170.3000030517578,170.3000030517578,5194.0
2024-10-25 15:48:00+00:00,SRAD,12.329999923706055,12.329999923706055,12.331999778747559,12.319999694824219,12.324999809265137,7372.0
2024-10-25 15:48:00+00:00,SSNC,69.9800033569336,69.9800033569336,69.98999786376953,69.86000061035156,69.86000061035156,32436.0
2024-10-25 15:48:00+00:00,SSYS,7.019999980926514,7.019999980926514,7.03000020980835,7.019999980926514,7.03000020980835,3482.0
2024-10-25 15:48:00+00:00,STER,16.7450008392334,16.7450008392334,16.7450008392334,16.7450008392334,16.7450008392334,308.0
2024-10-25 15:48:00+00:00,STNE,11.40999984741211,11.40999984741211,11.40999984741211,11.390000343322754,11.403300285339355,30433.0
2024-10-25 15:48:00+00:00,STX,103.33000183105469,103.33000183105469,103.37999725341797,103.33000183105469,103.375,6714.0
2024-10-25 15:48:00+00:00,SURG,1.7400000095367432,1.7400000095367432,1.7400000095367432,1.7400000095367432,1.7400000095367432,248.0
2024-10-25 15:48:00+00:00,SVRE,0.08009999990463257,0.08009999990463257,0.08009999990463257,0.08009999990463257,0.08009999990463257,1301.0
2024-10-25 15:48:00+00:00,SWKS,95.81999969482422,95.81999969482422,95.8384017944336,95.81999969482422,95.81999969482422,2464.0
2024-10-25 15:48:00+00:00,SYNA,72.20999908447266,72.20999908447266,72.2571029663086,72.12999725341797,72.25,3129.0
2024-10-25 15:48:00+00:00,TASK,12.010000228881836,12.010000228881836,12.020000457763672,12.010000228881836,12.020000457763672,2473.0
2024-10-25 15:48:00+00:00,TEAM,188.75,188.75,188.77000427246094,188.67999267578125,188.69000244140625,1235.0
2024-10-25 15:48:00+00:00,TENB,41.72999954223633,41.72999954223633,41.73500061035156,41.720001220703125,41.72999954223633,4046.0
2024-10-25 15:48:00+00:00,TER,112.5999984741211,112.5999984741211,112.73999786376953,112.5999984741211,112.7300033569336,11987.0
2024-10-25 15:48:00+00:00,TLS,3.575000047683716,3.575000047683716,3.5799999237060547,3.575000047683716,3.5799999237060547,2606.0
2024-10-25 15:48:00+00:00,TRMB,60.90999984741211,60.90999984741211,60.92499923706055,60.88999938964844,60.92499923706055,5175.0
2024-10-25 15:48:00+00:00,TTD,119.45999908447266,119.45999908447266,119.45999908447266,119.38600158691406,119.43499755859375,7879.0
2024-10-25 15:48:00+00:00,TTEC,5.349999904632568,5.349999904632568,5.349999904632568,5.349999904632568,5.349999904632568,453.0
2024-10-25 15:48:00+00:00,TTMI,19.610000610351562,19.610000610351562,19.610000610351562,19.599300384521484,19.600000381469727,2846.0
2024-10-25 15:48:00+00:00,TWKS,4.440000057220459,4.440000057220459,4.445000171661377,4.440000057220459,4.445000171661377,2031.0
2024-10-25 15:48:00+00:00,TXN,207.49000549316406,207.49000549316406,207.5500030517578,207.4600067138672,207.52999877929688,9953.0
2024-10-25 15:48:00+00:00,UCTT,35.86000061035156,35.86000061035156,35.869998931884766,35.86000061035156,35.869998931884766,785.0
2024-10-25 15:48:00+00:00,UPLD,2.140000104904175,2.140000104904175,2.1500000953674316,2.134999990463257,2.134999990463257,3689.0
2024-10-25 15:48:00+00:00,VECO,29.399999618530273,29.399999618530273,29.399999618530273,29.399999618530273,29.399999618530273,1949.0
2024-10-25 15:48:00+00:00,VERI,3.424999952316284,3.424999952316284,3.4282000064849854,3.424999952316284,3.4282000064849854,512.0
2024-10-25 15:48:00+00:00,VERX,42.13999938964844,42.13999938964844,42.13999938964844,42.130001068115234,42.130001068115234,877.0
2024-10-25 15:48:00+00:00,VIAV,9.145000457763672,9.145000457763672,9.149999618530273,9.145000457763672,9.145000457763672,871.0
2024-10-25 15:48:00+00:00,VICR,46.2400016784668,46.2400016784668,46.2400016784668,46.22999954223633,46.22999954223633,889.0
2024-10-25 15:48:00+00:00,VMEO,4.769999980926514,4.769999980926514,4.769999980926514,4.764999866485596,4.769999980926514,1269.0
2024-10-25 15:48:00+00:00,VNET,3.365000009536743,3.365000009536743,3.365000009536743,3.365000009536743,3.365000009536743,1420.0
2024-10-25 15:48:00+00:00,VRNS,56.825801849365234,56.825801849365234,56.880001068115234,56.814998626708984,56.880001068115234,5998.0
2024-10-25 15:48:00+00:00,VRNT,21.850000381469727,21.850000381469727,21.850000381469727,21.84000015258789,21.850000381469727,3741.0
2024-10-25 15:48:00+00:00,VRSN,181.3000030517578,181.3000030517578,181.3699951171875,181.25999450683594,181.36500549316406,5216.0
2024-10-25 15:48:00+00:00,VSAT,10.244999885559082,10.244999885559082,10.25,10.244999885559082,10.244999885559082,2479.0
2024-10-25 15:48:00+00:00,VUZI,1.2949999570846558,1.2949999570846558,1.2949999570846558,1.2949999570846558,1.2949999570846558,254.0
2024-10-25 15:48:00+00:00,VVPR,0.8047000169754028,0.8047000169754028,0.8047000169754028,0.8047000169754028,0.8047000169754028,0.0
2024-10-25 15:48:00+00:00,WDAY,238.3800048828125,238.3800048828125,238.44500732421875,238.35000610351562,238.44000244140625,7129.0
2024-10-25 15:48:00+00:00,WDC,69.91000366210938,69.91000366210938,69.93000030517578,69.9000015258789,69.91000366210938,32643.0
2024-10-25 15:48:00+00:00,WIX,164.39500427246094,164.39500427246094,164.44000244140625,164.30999755859375,164.44000244140625,2528.0
2024-10-25 15:48:00+00:00,XPER,9.385000228881836,9.385000228881836,9.390000343322754,9.385000228881836,9.390000343322754,2512.0
2024-10-25 15:48:00+00:00,XRX,9.994999885559082,9.994999885559082,9.996000289916992,9.994999885559082,9.994999885559082,1483.0
2024-10-25 15:48:00+00:00,ZBRA,360.6499938964844,360.6499938964844,360.739990234375,360.6499938964844,360.6499938964844,2345.0
2024-10-25 15:48:00+00:00,ZI,10.524999618530273,10.524999618530273,10.524999618530273,10.520000457763672,10.520000457763672,6179.0
2024-10-25 15:48:00+00:00,ZM,73.0250015258789,73.0250015258789,73.0250015258789,73.01000213623047,73.0250015258789,6016.0
2024-10-25 15:48:00+00:00,ZS,184.97999572753906,184.97999572753906,185.09500122070312,184.8699951171875,185.09500122070312,4814.0
2024-10-25 15:49:00+00:00,AAOI,17.440000534057617,17.440000534057617,17.479999542236328,17.440000534057617,17.475000381469727,4765.0
2024-10-25 15:49:00+00:00,AAPL,231.39999389648438,231.39999389648438,231.51499938964844,231.38319396972656,231.49000549316406,145900.0
2024-10-25 15:49:00+00:00,ACIW,48.869998931884766,48.869998931884766,48.869998931884766,48.869998931884766,48.869998931884766,573.0
2024-10-25 15:49:00+00:00,ACLS,90.06999969482422,90.06999969482422,90.11499786376953,90.06999969482422,90.08999633789062,1697.0
2024-10-25 15:49:00+00:00,ACMR,19.635499954223633,19.635499954223633,19.635499954223633,19.6299991607666,19.6299991607666,807.0
2024-10-25 15:49:00+00:00,ADBE,483.32000732421875,483.32000732421875,483.4100036621094,483.25,483.3550109863281,3525.0
2024-10-25 15:49:00+00:00,ADI,231.19500732421875,231.19500732421875,231.2050018310547,231.14999389648438,231.14999389648438,2971.0
2024-10-25 15:49:00+00:00,ADSK,287.06500244140625,287.06500244140625,287.06500244140625,286.8999938964844,287.010009765625,3520.0
2024-10-25 15:49:00+00:00,ADTN,6.304999828338623,6.304999828338623,6.304999828338623,6.300000190734863,6.300000190734863,1865.0
2024-10-25 15:49:00+00:00,AEHR,17.065000534057617,17.065000534057617,17.06999969482422,17.065000534057617,17.06999969482422,1188.0
2024-10-25 15:49:00+00:00,AFRM,40.970001220703125,40.970001220703125,40.986900329589844,40.959999084472656,40.97999954223633,17410.0
2024-10-25 15:49:00+00:00,AGYS,109.9000015258789,109.9000015258789,109.95999908447266,109.9000015258789,109.93000030517578,1431.0
2024-10-25 15:49:00+00:00,AKAM,101.97000122070312,101.97000122070312,101.97000122070312,101.94000244140625,101.94000244140625,2792.0
2024-10-25 15:49:00+00:00,ALGM,23.084999084472656,23.084999084472656,23.084999084472656,23.079999923706055,23.084999084472656,4840.0
2024-10-25 15:49:00+00:00,ALKT,38.29999923706055,38.29999923706055,38.29999923706055,38.290000915527344,38.29499816894531,1705.0
2024-10-25 15:49:00+00:00,ALRM,54.474998474121094,54.474998474121094,54.56999969482422,54.45100021362305,54.56999969482422,1595.0
2024-10-25 15:49:00+00:00,ALTR,103.72000122070312,103.72000122070312,103.72000122070312,103.58999633789062,103.5999984741211,7509.0
2024-10-25 15:49:00+00:00,AMAT,187.3090057373047,187.3090057373047,187.3090057373047,187.2100067138672,187.27000427246094,8556.0
2024-10-25 15:49:00+00:00,AMBA,57.810001373291016,57.810001373291016,57.810001373291016,57.810001373291016,57.810001373291016,683.0
2024-10-25 15:49:00+00:00,AMD,156.5229949951172,156.5229949951172,156.5399932861328,156.44000244140625,156.5399932861328,56052.0
2024-10-25 15:49:00+00:00,AMKR,30.05500030517578,30.05500030517578,30.059999465942383,30.045000076293945,30.045000076293945,3570.0
2024-10-25 15:49:00+00:00,AMPL,9.125,9.125,9.130000114440918,9.125,9.130000114440918,989.0
2024-10-25 15:49:00+00:00,ANSS,323.6499938964844,323.6499938964844,323.8699951171875,323.6499938964844,323.8699951171875,677.0
2024-10-25 15:49:00+00:00,API,2.819999933242798,2.819999933242798,2.825000047683716,2.815000057220459,2.815000057220459,18159.0
2024-10-25 15:49:00+00:00,APP,162.09500122070312,162.09500122070312,162.17999267578125,162.07000732421875,162.14999389648438,12884.0
2024-10-25 15:49:00+00:00,APPN,32.34000015258789,32.34000015258789,32.36000061035156,32.33300018310547,32.34000015258789,1843.0
2024-10-25 15:49:00+00:00,APPS,3.061500072479248,3.061500072479248,3.061500072479248,3.059999942779541,3.059999942779541,1911.0
2024-10-25 15:49:00+00:00,ARRY,6.485000133514404,6.485000133514404,6.489500045776367,6.480000019073486,6.485000133514404,18851.0
2024-10-25 15:49:00+00:00,ASML,714.1300048828125,714.1300048828125,714.25,714.1300048828125,714.25,2927.0
2024-10-25 15:49:00+00:00,ASNS,1.2999999523162842,1.2999999523162842,1.2999999523162842,1.2999999523162842,1.2999999523162842,200.0
2024-10-25 15:49:00+00:00,ASUR,9.649999618530273,9.649999618530273,9.649999618530273,9.649999618530273,9.649999618530273,339.0
2024-10-25 15:49:00+00:00,ATOM,3.3499999046325684,3.3499999046325684,3.3550000190734863,3.3499999046325684,3.3550000190734863,452.0
2024-10-25 15:49:00+00:00,AUR,6.394999980926514,6.394999980926514,6.400000095367432,6.394999980926514,6.394999980926514,11077.0
2024-10-25 15:49:00+00:00,AVDX,8.09000015258789,8.09000015258789,8.09000015258789,8.085000038146973,8.085000038146973,7379.0
2024-10-25 15:49:00+00:00,AVGO,173.6999969482422,173.6999969482422,173.70399475097656,173.52000427246094,173.5998992919922,23699.0
2024-10-25 15:49:00+00:00,AVNW,20.719999313354492,20.719999313354492,20.735000610351562,20.719999313354492,20.735000610351562,984.0
2024-10-25 15:49:00+00:00,AVPT,11.904999732971191,11.904999732971191,11.904999732971191,11.899999618530273,11.904999732971191,1435.0
2024-10-25 15:49:00+00:00,AVT,54.060001373291016,54.060001373291016,54.060001373291016,54.060001373291016,54.060001373291016,141.0
2024-10-25 15:49:00+00:00,AXTI,2.6649999618530273,2.6649999618530273,2.6700000762939453,2.6549999713897705,2.6549999713897705,4429.0
2024-10-25 15:49:00+00:00,BASE,16.34000015258789,16.34000015258789,16.34000015258789,16.30500030517578,16.30500030517578,1550.0
2024-10-25 15:49:00+00:00,BIGC,5.260000228881836,5.260000228881836,5.264999866485596,5.260000228881836,5.264999866485596,2513.0
2024-10-25 15:49:00+00:00,BL,56.380001068115234,56.380001068115234,56.380001068115234,56.369998931884766,56.380001068115234,1560.0
2024-10-25 15:49:00+00:00,BLBX,2.9600000381469727,2.9600000381469727,2.9600000381469727,2.9600000381469727,2.9600000381469727,101.0
2024-10-25 15:49:00+00:00,BLKB,85.70999908447266,85.70999908447266,85.70999908447266,85.70999908447266,85.70999908447266,598.0
2024-10-25 15:49:00+00:00,BMBL,7.190000057220459,7.190000057220459,7.199999809265137,7.190000057220459,7.195000171661377,10551.0
2024-10-25 15:49:00+00:00,BRZE,30.84000015258789,30.84000015258789,30.84000015258789,30.829999923706055,30.829999923706055,6166.0
2024-10-25 15:49:00+00:00,BSY,49.06999969482422,49.06999969482422,49.09000015258789,49.060001373291016,49.08000183105469,7875.0
2024-10-25 15:49:00+00:00,CAMT,78.0,78.0,78.05500030517578,78.0,78.05500030517578,927.0
2024-10-25 15:49:00+00:00,CAN,0.9735999703407288,0.9735999703407288,0.9735999703407288,0.9735000133514404,0.9735999703407288,4665.0
2024-10-25 15:49:00+00:00,CCSI,20.09000015258789,20.09000015258789,20.209999084472656,20.09000015258789,20.209999084472656,1442.0
2024-10-25 15:49:00+00:00,CDNS,257.29998779296875,257.29998779296875,257.32000732421875,257.17999267578125,257.2699890136719,7919.0
2024-10-25 15:49:00+00:00,CDW,217.97999572753906,217.97999572753906,218.00999450683594,217.88900756835938,218.00999450683594,5197.0
2024-10-25 15:49:00+00:00,CETX,0.29019999504089355,0.29019999504089355,0.2939999997615814,0.29019999504089355,0.2939999997615814,70189.0
2024-10-25 15:49:00+00:00,CFLT,22.46500015258789,22.46500015258789,22.46500015258789,22.44499969482422,22.44499969482422,9914.0
2024-10-25 15:49:00+00:00,CGNX,38.915000915527344,38.915000915527344,38.92789840698242,38.90999984741211,38.92789840698242,3155.0
2024-10-25 15:49:00+00:00,CHKP,206.63499450683594,206.63499450683594,206.6699981689453,206.55999755859375,206.64999389648438,1746.0
2024-10-25 15:49:00+00:00,CLBT,18.231000900268555,18.231000900268555,18.2450008392334,18.231000900268555,18.2450008392334,2915.0
2024-10-25 15:49:00+00:00,CLFD,36.35900115966797,36.35900115966797,36.35900115966797,36.25,36.25,700.0
2024-10-25 15:49:00+00:00,CLSK,11.479999542236328,11.479999542236328,11.5,11.479999542236328,11.48900032043457,77332.0
2024-10-25 15:49:00+00:00,CMTL,3.799999952316284,3.799999952316284,3.799999952316284,3.799999952316284,3.799999952316284,769.0
2024-10-25 15:49:00+00:00,CNDT,3.5950000286102295,3.5950000286102295,3.5999999046325684,3.5950000286102295,3.5999999046325684,6718.0
2024-10-25 15:49:00+00:00,CNXC,44.36800003051758,44.36800003051758,44.38999938964844,44.36000061035156,44.38999938964844,2757.0
2024-10-25 15:49:00+00:00,CNXN,69.98999786376953,69.98999786376953,70.0,69.97000122070312,70.0,1076.0
2024-10-25 15:49:00+00:00,COHR,95.71499633789062,95.71499633789062,95.71499633789062,95.57499694824219,95.61000061035156,10875.0
2024-10-25 15:49:00+00:00,COHU,25.940000534057617,25.940000534057617,25.96500015258789,25.940000534057617,25.96500015258789,2088.0
2024-10-25 15:49:00+00:00,COIN,205.35000610351562,205.35000610351562,205.47000122070312,205.33999633789062,205.39999389648438,9952.0
2024-10-25 15:49:00+00:00,COMM,6.235000133514404,6.235000133514404,6.249899864196777,6.210000038146973,6.215000152587891,78593.0
2024-10-25 15:49:00+00:00,CORZ,13.364999771118164,13.364999771118164,13.395000457763672,13.354999542236328,13.380000114440918,41132.0
2024-10-25 15:49:00+00:00,CRCT,6.554999828338623,6.554999828338623,6.565000057220459,6.554999828338623,6.565000057220459,1086.0
2024-10-25 15:49:00+00:00,CRDO,39.18000030517578,39.18000030517578,39.18000030517578,39.15999984741211,39.15999984741211,2864.0
2024-10-25 15:49:00+00:00,CRNT,2.4700000286102295,2.4700000286102295,2.4709999561309814,2.4700000286102295,2.4709999561309814,865.0
2024-10-25 15:49:00+00:00,CRSR,6.320000171661377,6.320000171661377,6.320000171661377,6.315000057220459,6.315000057220459,689.0
2024-10-25 15:49:00+00:00,CRUS,122.5250015258789,122.5250015258789,122.5250015258789,122.44999694824219,122.5,2616.0
2024-10-25 15:49:00+00:00,CRWD,300.3699951171875,300.3699951171875,300.3699951171875,300.1300048828125,300.2049865722656,5791.0
2024-10-25 15:49:00+00:00,CSCO,55.744998931884766,55.744998931884766,55.77669906616211,55.7400016784668,55.77669906616211,17956.0
2024-10-25 15:49:00+00:00,CSGS,47.25,47.25,47.25,47.25,47.25,467.0
2024-10-25 15:49:00+00:00,CSIQ,13.345000267028809,13.345000267028809,13.350000381469727,13.329999923706055,13.350000381469727,9377.0
2024-10-25 15:49:00+00:00,CTLP,8.90999984741211,8.90999984741211,8.90999984741211,8.90999984741211,8.90999984741211,1649.0
2024-10-25 15:49:00+00:00,CTSH,74.81999969482422,74.81999969482422,74.81999969482422,74.80000305175781,74.80500030517578,6674.0
2024-10-25 15:49:00+00:00,CVLT,134.67999267578125,134.67999267578125,134.69000244140625,134.55999755859375,134.6199951171875,4015.0
2024-10-25 15:49:00+00:00,CYBR,290.6903076171875,290.6903076171875,290.8299865722656,290.6300048828125,290.739990234375,3273.0
2024-10-25 15:49:00+00:00,DAKT,13.100000381469727,13.100000381469727,13.100000381469727,13.100000381469727,13.100000381469727,300.0
2024-10-25 15:49:00+00:00,DATS,1.590000033378601,1.590000033378601,1.600000023841858,1.590000033378601,1.590000033378601,9000.0
2024-10-25 15:49:00+00:00,DAVE,38.849998474121094,38.849998474121094,38.849998474121094,38.68000030517578,38.68000030517578,1442.0
2024-10-25 15:49:00+00:00,DBX,26.045000076293945,26.045000076293945,26.079999923706055,26.040000915527344,26.079999923706055,38616.0
2024-10-25 15:49:00+00:00,DDOG,126.8499984741211,126.8499984741211,126.88500213623047,126.83999633789062,126.88500213623047,13293.0
2024-10-25 15:49:00+00:00,DGHI,1.4900000095367432,1.4900000095367432,1.5099999904632568,1.4900000095367432,1.5099999904632568,1038.0
2024-10-25 15:49:00+00:00,DIOD,64.91999816894531,64.91999816894531,64.91999816894531,64.91999816894531,64.91999816894531,551.0
2024-10-25 15:49:00+00:00,DLO,8.829999923706055,8.829999923706055,8.829999923706055,8.829999923706055,8.829999923706055,1244.0
2024-10-25 15:49:00+00:00,DOCU,68.87999725341797,68.87999725341797,68.9000015258789,68.80000305175781,68.80000305175781,16720.0
2024-10-25 15:49:00+00:00,DOX,88.95999908447266,88.95999908447266,88.95999908447266,88.95999908447266,88.95999908447266,834.0
2024-10-25 15:49:00+00:00,DUOL,291.92999267578125,291.92999267578125,291.92999267578125,291.8699951171875,291.8699951171875,2982.0
2024-10-25 15:49:00+00:00,EEFT,100.875,100.875,100.875,100.875,100.875,2058.0
2024-10-25 15:49:00+00:00,EGAN,4.900000095367432,4.900000095367432,4.900000095367432,4.900000095367432,4.900000095367432,263.0
2024-10-25 15:49:00+00:00,ENPH,83.94000244140625,83.94000244140625,83.94000244140625,83.86000061035156,83.94000244140625,8835.0
2024-10-25 15:49:00+00:00,ENTG,105.40499877929688,105.40499877929688,105.41999816894531,105.37999725341797,105.37999725341797,3125.0
2024-10-25 15:49:00+00:00,ERIC,8.46500015258789,8.46500015258789,8.46500015258789,8.462499618530273,8.46500015258789,46654.0
2024-10-25 15:49:00+00:00,EXFY,1.715000033378601,1.715000033378601,1.715000033378601,1.7100000381469727,1.715000033378601,3072.0
2024-10-25 15:49:00+00:00,EXLS,38.59000015258789,38.59000015258789,38.59000015258789,38.58000183105469,38.59000015258789,2063.0
2024-10-25 15:49:00+00:00,EXTR,14.34000015258789,14.34000015258789,14.350000381469727,14.34000015258789,14.345000267028809,2332.0
2024-10-25 15:49:00+00:00,FFIV,216.80999755859375,216.80999755859375,216.8699951171875,216.8000030517578,216.8000030517578,2587.0
2024-10-25 15:49:00+00:00,FIVN,29.690000534057617,29.690000534057617,29.700000762939453,29.690000534057617,29.690000534057617,5165.0
2024-10-25 15:49:00+00:00,FLEX,35.17499923706055,35.17499923706055,35.17499923706055,35.150001525878906,35.154998779296875,6324.0
2024-10-25 15:49:00+00:00,FLYW,17.329999923706055,17.329999923706055,17.329999923706055,17.309999465942383,17.319900512695312,3734.0
2024-10-25 15:49:00+00:00,FORM,44.904998779296875,44.904998779296875,44.904998779296875,44.88999938964844,44.88999938964844,940.0
2024-10-25 15:49:00+00:00,FROG,29.2450008392334,29.2450008392334,29.25,29.212299346923828,29.212299346923828,6015.0
2024-10-25 15:49:00+00:00,FRSH,11.625499725341797,11.625499725341797,11.630000114440918,11.614999771118164,11.614999771118164,9988.0
2024-10-25 15:49:00+00:00,FSLR,198.13499450683594,198.13499450683594,198.23500061035156,198.06500244140625,198.23500061035156,7529.0
2024-10-25 15:49:00+00:00,FTNT,80.4800033569336,80.4800033569336,80.5,80.4800033569336,80.4800033569336,8470.0
2024-10-25 15:49:00+00:00,GCT,24.3700008392334,24.3700008392334,24.459999084472656,24.3700008392334,24.459999084472656,34811.0
2024-10-25 15:49:00+00:00,GDS,21.46500015258789,21.46500015258789,21.46500015258789,21.43000030517578,21.434999465942383,3384.0
2024-10-25 15:49:00+00:00,GDYN,15.579999923706055,15.579999923706055,15.579999923706055,15.579999923706055,15.579999923706055,1072.0
2024-10-25 15:49:00+00:00,GFS,40.40999984741211,40.40999984741211,40.40999984741211,40.369998931884766,40.369998931884766,7727.0
2024-10-25 15:49:00+00:00,GILT,4.925000190734863,4.925000190734863,4.925000190734863,4.925000190734863,4.925000190734863,458.0
2024-10-25 15:49:00+00:00,GNSS,3.9000000953674316,3.9000000953674316,3.9000000953674316,3.8949999809265137,3.8949999809265137,2416.0
2024-10-25 15:49:00+00:00,GPRO,1.3049999475479126,1.3049999475479126,1.3049999475479126,1.2999999523162842,1.2999999523162842,372.0
2024-10-25 15:49:00+00:00,GRAB,4.090000152587891,4.090000152587891,4.090000152587891,4.084000110626221,4.090000152587891,96635.0
2024-10-25 15:49:00+00:00,GRRR,4.485000133514404,4.485000133514404,4.485000133514404,4.485000133514404,4.485000133514404,700.0
2024-10-25 15:49:00+00:00,GTLB,54.83000183105469,54.83000183105469,54.86000061035156,54.82500076293945,54.86000061035156,2291.0
2024-10-25 15:49:00+00:00,HCP,33.638999938964844,33.638999938964844,33.63999938964844,33.6349983215332,33.6349983215332,3810.0
2024-10-25 15:49:00+00:00,HEAR,16.420000076293945,16.420000076293945,16.420000076293945,16.420000076293945,16.420000076293945,1263.0
2024-10-25 15:49:00+00:00,HIMX,6.150000095367432,6.150000095367432,6.15500020980835,6.150000095367432,6.15500020980835,1037.0
2024-10-25 15:49:00+00:00,HLIT,14.8100004196167,14.8100004196167,14.8100004196167,14.805000305175781,14.805000305175781,2875.0
2024-10-25 15:49:00+00:00,HOLO,3.5799999237060547,3.5799999237060547,3.5799999237060547,3.5701000690460205,3.575000047683716,13895.0
2024-10-25 15:49:00+00:00,HOOD,27.040000915527344,27.040000915527344,27.049999237060547,27.030000686645508,27.049999237060547,20990.0
2024-10-25 15:49:00+00:00,ICHR,27.665000915527344,27.665000915527344,27.665000915527344,27.665000915527344,27.665000915527344,200.0
2024-10-25 15:49:00+00:00,IDAI,0.22290000319480896,0.22290000319480896,0.22290000319480896,0.22169999778270721,0.22169999778270721,5927.0
2024-10-25 15:49:00+00:00,IIIV,22.940000534057617,22.940000534057617,22.940000534057617,22.940000534057617,22.940000534057617,1482.0
2024-10-25 15:49:00+00:00,IMMR,8.670000076293945,8.670000076293945,8.670000076293945,8.649999618530273,8.649999618530273,6297.0
2024-10-25 15:49:00+00:00,INDI,3.490000009536743,3.490000009536743,3.490000009536743,3.481300115585327,3.490000009536743,1447.0
2024-10-25 15:49:00+00:00,INOD,20.139999389648438,20.139999389648438,20.145000457763672,20.139999389648438,20.145000457763672,1352.0
2024-10-25 15:49:00+00:00,INTA,50.209999084472656,50.209999084472656,50.21500015258789,50.209999084472656,50.209999084472656,1943.0
2024-10-25 15:49:00+00:00,INTC,22.834999084472656,22.834999084472656,22.856000900268555,22.829999923706055,22.854999542236328,98122.0
2024-10-25 15:49:00+00:00,INTU,609.3300170898438,609.3300170898438,609.3400268554688,609.3300170898438,609.3400268554688,1344.0
2024-10-25 15:49:00+00:00,IPGP,77.08499908447266,77.08499908447266,77.12999725341797,77.08499908447266,77.12999725341797,1966.0
2024-10-25 15:49:00+00:00,ITI,7.190000057220459,7.190000057220459,7.190000057220459,7.190000057220459,7.190000057220459,960.0
2024-10-25 15:49:00+00:00,ITRI,102.66999816894531,102.66999816894531,102.69000244140625,102.66999816894531,102.68000030517578,3535.0
2024-10-25 15:49:00+00:00,ITRN,27.40399932861328,27.40399932861328,27.413000106811523,27.40399932861328,27.413000106811523,573.0
2024-10-25 15:49:00+00:00,JKHY,182.88499450683594,182.88499450683594,182.88499450683594,182.88499450683594,182.88499450683594,652.0
2024-10-25 15:49:00+00:00,KC,2.6649999618530273,2.6649999618530273,2.6649999618530273,2.6600000858306885,2.6600000858306885,1809.0
2024-10-25 15:49:00+00:00,KLAC,676.8800048828125,676.8800048828125,676.89501953125,676.8800048828125,676.89501953125,2126.0
2024-10-25 15:49:00+00:00,KLIC,44.689998626708984,44.689998626708984,44.689998626708984,44.68000030517578,44.68000030517578,1831.0
2024-10-25 15:49:00+00:00,LASR,10.380000114440918,10.380000114440918,10.380000114440918,10.375,10.375,1089.0
2024-10-25 15:49:00+00:00,LITE,64.44499969482422,64.44499969482422,64.48500061035156,64.44499969482422,64.48500061035156,3391.0
2024-10-25 15:49:00+00:00,LOGI,80.70999908447266,80.70999908447266,80.7300033569336,80.70999908447266,80.7300033569336,809.0
2024-10-25 15:49:00+00:00,LPSN,1.1679999828338623,1.1679999828338623,1.1699999570846558,1.1612000465393066,1.1699999570846558,1050.0
2024-10-25 15:49:00+00:00,LRCX,78.12000274658203,78.12000274658203,78.12000274658203,78.02999877929688,78.06999969482422,25138.0
2024-10-25 15:49:00+00:00,LSAK,5.300000190734863,5.300000190734863,5.300000190734863,5.300000190734863,5.300000190734863,540.0
2024-10-25 15:49:00+00:00,LSCC,54.27000045776367,54.27000045776367,54.369998931884766,54.27000045776367,54.369998931884766,15479.0
2024-10-25 15:49:00+00:00,LTRX,4.085000038146973,4.085000038146973,4.085000038146973,4.085000038146973,4.085000038146973,114.0
2024-10-25 15:49:00+00:00,LYFT,13.475000381469727,13.475000381469727,13.485300064086914,13.454999923706055,13.479999542236328,51543.0
2024-10-25 15:49:00+00:00,LYT,1.940000057220459,1.940000057220459,1.940000057220459,1.940000057220459,1.940000057220459,199.0
2024-10-25 15:49:00+00:00,LYTS,16.225000381469727,16.225000381469727,16.225000381469727,16.225000381469727,16.225000381469727,330.0
2024-10-25 15:49:00+00:00,MAXN,5.699999809265137,5.699999809265137,5.71999979019165,5.699999809265137,5.71999979019165,918.0
2024-10-25 15:49:00+00:00,MCHP,76.76499938964844,76.76499938964844,76.78500366210938,76.75,76.77999877929688,12286.0
2024-10-25 15:49:00+00:00,MDB,267.95001220703125,267.95001220703125,268.17999267578125,267.95001220703125,268.17999267578125,970.0
2024-10-25 15:49:00+00:00,MITK,8.765000343322754,8.765000343322754,8.765000343322754,8.765000343322754,8.765000343322754,211.0
2024-10-25 15:49:00+00:00,MKSI,101.23999786376953,101.23999786376953,101.27249908447266,101.19999694824219,101.27249908447266,5758.0
2024-10-25 15:49:00+00:00,MNDO,1.940000057220459,1.940000057220459,1.9400999546051025,1.940000057220459,1.9400999546051025,0.0
2024-10-25 15:49:00+00:00,MNDY,298.6499938964844,298.6499938964844,298.6499938964844,298.6499938964844,298.6499938964844,1311.0
2024-10-25 15:49:00+00:00,MPWR,907.2849731445312,907.2849731445312,907.3925170898438,907.0,907.0,8730.0
2024-10-25 15:49:00+00:00,MQ,5.315000057220459,5.315000057220459,5.320000171661377,5.315000057220459,5.315000057220459,6266.0
2024-10-25 15:49:00+00:00,MRAM,6.370200157165527,6.370200157165527,6.370200157165527,6.370200157165527,6.370200157165527,231.0
2024-10-25 15:49:00+00:00,MRVL,82.06500244140625,82.06500244140625,82.07499694824219,82.02999877929688,82.04000091552734,17516.0
2024-10-25 15:49:00+00:00,MSFT,428.1731872558594,428.1731872558594,428.25,428.0700988769531,428.1499938964844,26202.0
2024-10-25 15:49:00+00:00,MSTR,235.4499969482422,235.4499969482422,235.66000366210938,235.29010009765625,235.66000366210938,29016.0
2024-10-25 15:49:00+00:00,MTC,0.37950000166893005,0.37950000166893005,0.37959998846054077,0.37950000166893005,0.37959998846054077,16018.0
2024-10-25 15:49:00+00:00,MTLS,5.929999828338623,5.929999828338623,5.929999828338623,5.929999828338623,5.929999828338623,109.0
2024-10-25 15:49:00+00:00,MTSI,121.31500244140625,121.31500244140625,121.37000274658203,121.30999755859375,121.37000274658203,5135.0
2024-10-25 15:49:00+00:00,MTTR,4.590000152587891,4.590000152587891,4.590000152587891,4.570000171661377,4.574999809265137,28455.0
2024-10-25 15:49:00+00:00,MU,108.18000030517578,108.18000030517578,108.21499633789062,108.13999938964844,108.19499969482422,20896.0
2024-10-25 15:49:00+00:00,MVIS,1.0750000476837158,1.0750000476837158,1.0774999856948853,1.0700000524520874,1.0774999856948853,6300.0
2024-10-25 15:49:00+00:00,MXL,14.795000076293945,14.795000076293945,14.800000190734863,14.78499984741211,14.78499984741211,3168.0
2024-10-25 15:49:00+00:00,NCNO,37.8849983215332,37.8849983215332,37.88999938964844,37.8849983215332,37.8849983215332,1617.0
2024-10-25 15:49:00+00:00,NEON,8.135000228881836,8.135000228881836,8.135000228881836,8.135000228881836,8.135000228881836,123.0
2024-10-25 15:49:00+00:00,NNDM,2.325000047683716,2.325000047683716,2.325000047683716,2.325000047683716,2.325000047683716,273.0
2024-10-25 15:49:00+00:00,NSIT,209.5749969482422,209.5749969482422,209.5749969482422,209.5749969482422,209.5749969482422,840.0
2024-10-25 15:49:00+00:00,NTAP,119.7249984741211,119.7249984741211,119.7300033569336,119.68000030517578,119.69999694824219,6349.0
2024-10-25 15:49:00+00:00,NTCT,20.7450008392334,20.7450008392334,20.7450008392334,20.740999221801758,20.740999221801758,997.0
2024-10-25 15:49:00+00:00,NTGR,20.260000228881836,20.260000228881836,20.260000228881836,20.260000228881836,20.260000228881836,1421.0
2024-10-25 15:49:00+00:00,NTNX,62.025001525878906,62.025001525878906,62.025001525878906,61.939998626708984,61.95500183105469,9355.0
2024-10-25 15:49:00+00:00,NVDA,141.96009826660156,141.96009826660156,141.97000122070312,141.89999389648438,141.9550018310547,268367.0
2024-10-25 15:49:00+00:00,NVEI,33.494998931884766,33.494998931884766,33.494998931884766,33.4900016784668,33.4900016784668,317.0
2024-10-25 15:49:00+00:00,NVTS,2.559999942779541,2.559999942779541,2.565000057220459,2.555000066757202,2.565000057220459,16154.0
2024-10-25 15:49:00+00:00,NXPI,243.2899932861328,243.2899932861328,243.36500549316406,243.28500366210938,243.36500549316406,4837.0
2024-10-25 15:49:00+00:00,OKTA,72.38289642333984,72.38289642333984,72.41999816894531,72.36000061035156,72.4000015258789,7025.0
2024-10-25 15:49:00+00:00,OLED,203.16000366210938,203.16000366210938,203.2100067138672,203.11000061035156,203.11000061035156,1671.0
2024-10-25 15:49:00+00:00,ON,71.25499725341797,71.25499725341797,71.2699966430664,71.2300033569336,71.25,31958.0
2024-10-25 15:49:00+00:00,ONDS,0.8532999753952026,0.8532999753952026,0.8532999753952026,0.8532999753952026,0.8532999753952026,100.0
2024-10-25 15:49:00+00:00,OSIS,134.86500549316406,134.86500549316406,134.86500549316406,134.86500549316406,134.86500549316406,387.0
2024-10-25 15:49:00+00:00,OSS,2.380000114440918,2.380000114440918,2.380000114440918,2.380000114440918,2.380000114440918,496.0
2024-10-25 15:49:00+00:00,OTEX,33.18000030517578,33.18000030517578,33.18000030517578,33.18000030517578,33.18000030517578,2221.0
2024-10-25 15:49:00+00:00,PANW,366.1000061035156,366.1000061035156,366.20001220703125,366.0887145996094,366.0899963378906,2179.0
2024-10-25 15:49:00+00:00,PAYO,8.345000267028809,8.345000267028809,8.350000381469727,8.345000267028809,8.345000267028809,5088.0
2024-10-25 15:49:00+00:00,PDFS,29.184999465942383,29.184999465942383,29.229999542236328,29.184999465942383,29.229999542236328,1346.0
2024-10-25 15:49:00+00:00,PEGA,79.88899993896484,79.88899993896484,79.88899993896484,79.80999755859375,79.81500244140625,6835.0
2024-10-25 15:49:00+00:00,PGY,11.989999771118164,11.989999771118164,11.989999771118164,11.979999542236328,11.979999542236328,1537.0
2024-10-25 15:49:00+00:00,PHUN,10.38010025024414,10.38010025024414,10.397000312805176,10.319999694824219,10.36870002746582,52345.0
2024-10-25 15:49:00+00:00,PI,200.8350067138672,200.8350067138672,201.11000061035156,200.8300018310547,201.09500122070312,12996.0
2024-10-25 15:49:00+00:00,PLUS,97.80999755859375,97.80999755859375,97.80999755859375,97.80999755859375,97.80999755859375,379.0
2024-10-25 15:49:00+00:00,PLXS,141.07000732421875,141.07000732421875,141.07000732421875,140.99000549316406,140.99000549316406,1243.0
2024-10-25 15:49:00+00:00,POET,3.859600067138672,3.859600067138672,3.859600067138672,3.859600067138672,3.859600067138672,12.0
2024-10-25 15:49:00+00:00,POWI,63.40999984741211,63.40999984741211,63.40999984741211,63.40999984741211,63.40999984741211,149.0
2024-10-25 15:49:00+00:00,PRCH,1.2949999570846558,1.2949999570846558,1.2949999570846558,1.2949999570846558,1.2949999570846558,443.0
2024-10-25 15:49:00+00:00,PRGS,64.61000061035156,64.61000061035156,64.61000061035156,64.61000061035156,64.61000061035156,1968.0
2024-10-25 15:49:00+00:00,PTC,187.48500061035156,187.48500061035156,187.48500061035156,187.48500061035156,187.48500061035156,2682.0
2024-10-25 15:49:00+00:00,PUBM,14.765000343322754,14.765000343322754,14.765000343322754,14.765000343322754,14.765000343322754,286.0
2024-10-25 15:49:00+00:00,PXLW,0.7371000051498413,0.7371000051498413,0.7372000217437744,0.7371000051498413,0.7372000217437744,701.0
2024-10-25 15:49:00+00:00,PYCR,14.375,14.375,14.375,14.359999656677246,14.359999656677246,2235.0
2024-10-25 15:49:00+00:00,QCOM,171.0800018310547,171.0800018310547,171.11000061035156,170.9907989501953,171.0850067138672,13738.0
2024-10-25 15:49:00+00:00,QH,1.3849999904632568,1.3849999904632568,1.3849999904632568,1.3849999904632568,1.3849999904632568,465.0
2024-10-25 15:49:00+00:00,QLYS,121.15499877929688,121.15499877929688,121.19000244140625,121.12999725341797,121.19000244140625,2050.0
2024-10-25 15:49:00+00:00,QRVO,99.55000305175781,99.55000305175781,99.56999969482422,99.54000091552734,99.56999969482422,5134.0
2024-10-25 15:49:00+00:00,QUBT,1.0839999914169312,1.0839999914169312,1.0850000381469727,1.0839999914169312,1.0850000381469727,525.0
2024-10-25 15:49:00+00:00,QUIK,8.625,8.625,8.625,8.604999542236328,8.604999542236328,388.0
2024-10-25 15:49:00+00:00,RCAT,2.7149999141693115,2.7149999141693115,2.7149999141693115,2.7149999141693115,2.7149999141693115,1132.0
2024-10-25 15:49:00+00:00,REKR,1.0700000524520874,1.0700000524520874,1.0700000524520874,1.0700000524520874,1.0700000524520874,1921.0
2024-10-25 15:49:00+00:00,RELY,14.8149995803833,14.8149995803833,14.880000114440918,14.805000305175781,14.880000114440918,20827.0
2024-10-25 15:49:00+00:00,RGTI,1.2050000429153442,1.2050000429153442,1.2100000381469727,1.2000000476837158,1.2100000381469727,1786.0
2024-10-25 15:49:00+00:00,RGTIW,0.16099999845027924,0.16099999845027924,0.16099999845027924,0.16099999845027924,0.16099999845027924,400.0
2024-10-25 15:49:00+00:00,RIOT,9.73009967803955,9.73009967803955,9.75,9.729999542236328,9.744999885559082,49533.0
2024-10-25 15:49:00+00:00,RMBS,43.5099983215332,43.5099983215332,43.51499938964844,43.5,43.51499938964844,3870.0
2024-10-25 15:49:00+00:00,RMNI,1.7300000190734863,1.7300000190734863,1.7300000190734863,1.7300000190734863,1.7300000190734863,120.0
2024-10-25 15:49:00+00:00,RPAY,7.735000133514404,7.735000133514404,7.735000133514404,7.735000133514404,7.735000133514404,1480.0
2024-10-25 15:49:00+00:00,RPD,38.9900016784668,38.9900016784668,38.99100112915039,38.9900016784668,38.99100112915039,1375.0
2024-10-25 15:49:00+00:00,RUM,5.664999961853027,5.664999961853027,5.675000190734863,5.664999961853027,5.675000190734863,3082.0
2024-10-25 15:49:00+00:00,RUN,14.385000228881836,14.385000228881836,14.390000343322754,14.359999656677246,14.380000114440918,38110.0
2024-10-25 15:49:00+00:00,SANM,67.51020050048828,67.51020050048828,67.51020050048828,67.5009994506836,67.5009994506836,505.0
2024-10-25 15:49:00+00:00,SATS,25.1299991607666,25.1299991607666,25.1299991607666,25.1299991607666,25.1299991607666,294.0
2024-10-25 15:49:00+00:00,SCKT,1.1334999799728394,1.1334999799728394,1.1334999799728394,1.1334999799728394,1.1334999799728394,378.0
2024-10-25 15:49:00+00:00,SCSC,44.96500015258789,44.96500015258789,44.96500015258789,44.94499969482422,44.94499969482422,2143.0
2024-10-25 15:49:00+00:00,SEDG,16.110000610351562,16.110000610351562,16.1299991607666,16.09000015258789,16.09000015258789,23325.0
2024-10-25 15:49:00+00:00,SHLS,5.170000076293945,5.170000076293945,5.175000190734863,5.170000076293945,5.170000076293945,13402.0
2024-10-25 15:49:00+00:00,SIMO,56.189998626708984,56.189998626708984,56.209999084472656,56.189998626708984,56.209999084472656,1080.0
2024-10-25 15:49:00+00:00,SITM,178.5399932861328,178.5399932861328,178.5399932861328,178.52999877929688,178.52999877929688,714.0
2024-10-25 15:49:00+00:00,SKYT,10.420000076293945,10.420000076293945,10.420000076293945,10.40999984741211,10.420000076293945,1757.0
2024-10-25 15:49:00+00:00,SLAB,113.95999908447266,113.95999908447266,113.95999908447266,113.95999908447266,113.95999908447266,1049.0
2024-10-25 15:49:00+00:00,SLNHP,13.130000114440918,13.130000114440918,13.130000114440918,13.130000114440918,13.130000114440918,307.0
2024-10-25 15:49:00+00:00,SMCI,47.47990036010742,47.47990036010742,47.4900016784668,47.42499923706055,47.43600082397461,66164.0
2024-10-25 15:49:00+00:00,SMTC,45.60499954223633,45.60499954223633,45.64500045776367,45.599998474121094,45.64500045776367,4756.0
2024-10-25 15:49:00+00:00,SNPS,501.8399963378906,501.8399963378906,501.8399963378906,501.8399963378906,501.8399963378906,812.0
2024-10-25 15:49:00+00:00,SONO,12.680000305175781,12.680000305175781,12.680000305175781,12.670000076293945,12.680000305175781,6395.0
2024-10-25 15:49:00+00:00,SOUN,5.180099964141846,5.180099964141846,5.184999942779541,5.175000190734863,5.179999828338623,38861.0
2024-10-25 15:49:00+00:00,SPSC,170.6199951171875,170.6199951171875,170.72000122070312,170.6199951171875,170.69000244140625,3424.0
2024-10-25 15:49:00+00:00,SPT,27.020000457763672,27.020000457763672,27.047500610351562,27.020000457763672,27.040000915527344,3613.0
2024-10-25 15:49:00+00:00,SRAD,12.322999954223633,12.322999954223633,12.329999923706055,12.319999694824219,12.329999923706055,2464.0
2024-10-25 15:49:00+00:00,SSNC,70.05000305175781,70.05000305175781,70.05000305175781,69.97000122070312,69.9800033569336,27689.0
2024-10-25 15:49:00+00:00,SSYS,7.025000095367432,7.025000095367432,7.025000095367432,7.025000095367432,7.025000095367432,454.0
2024-10-25 15:49:00+00:00,STER,16.75,16.75,16.75,16.75,16.75,953.0
2024-10-25 15:49:00+00:00,STNE,11.399999618530273,11.399999618530273,11.399999618530273,11.390000343322754,11.399999618530273,17991.0
2024-10-25 15:49:00+00:00,STX,103.41999816894531,103.41999816894531,103.41999816894531,103.30999755859375,103.33000183105469,17703.0
2024-10-25 15:49:00+00:00,SURG,1.7400000095367432,1.7400000095367432,1.7400000095367432,1.7400000095367432,1.7400000095367432,300.0
2024-10-25 15:49:00+00:00,SVRE,0.07850000262260437,0.07850000262260437,0.08009999990463257,0.07850000262260437,0.07999999821186066,29172.0
2024-10-25 15:49:00+00:00,SWKS,95.79000091552734,95.79000091552734,95.80999755859375,95.77999877929688,95.80000305175781,4849.0
2024-10-25 15:49:00+00:00,SYTA,1.2999999523162842,1.2999999523162842,1.2999999523162842,1.2999999523162842,1.2999999523162842,3001.0
2024-10-25 15:49:00+00:00,TASK,12.0,12.0,12.0,12.0,12.0,986.0
2024-10-25 15:49:00+00:00,TEAM,188.77499389648438,188.77499389648438,188.77499389648438,188.64999389648438,188.72000122070312,9099.0
2024-10-25 15:49:00+00:00,TENB,41.75,41.75,41.75,41.72999954223633,41.7400016784668,5060.0
2024-10-25 15:49:00+00:00,TER,112.54000091552734,112.54000091552734,112.56999969482422,112.44999694824219,112.55000305175781,25604.0
2024-10-25 15:49:00+00:00,TRMB,60.90999984741211,60.90999984741211,60.90999984741211,60.90999984741211,60.90999984741211,141.0
2024-10-25 15:49:00+00:00,TSEM,44.994998931884766,44.994998931884766,44.994998931884766,44.994998931884766,44.994998931884766,1218.0
2024-10-25 15:49:00+00:00,TTD,119.49500274658203,119.49500274658203,119.50990295410156,119.44999694824219,119.48989868164062,6363.0
2024-10-25 15:49:00+00:00,TTEC,5.364999771118164,5.364999771118164,5.364999771118164,5.340000152587891,5.349999904632568,4126.0
2024-10-25 15:49:00+00:00,TTMI,19.579999923706055,19.579999923706055,19.610000610351562,19.56999969482422,19.600000381469727,5373.0
2024-10-25 15:49:00+00:00,TWKS,4.449999809265137,4.449999809265137,4.449999809265137,4.440000057220459,4.440000057220459,3011.0
2024-10-25 15:49:00+00:00,TXN,207.55999755859375,207.55999755859375,207.60000610351562,207.4199981689453,207.47999572753906,14887.0
2024-10-25 15:49:00+00:00,UCTT,35.849998474121094,35.849998474121094,35.849998474121094,35.849998474121094,35.849998474121094,634.0
2024-10-25 15:49:00+00:00,UEIC,8.085000038146973,8.085000038146973,8.085000038146973,8.085000038146973,8.085000038146973,296.0
2024-10-25 15:49:00+00:00,VECO,29.399999618530273,29.399999618530273,29.399999618530273,29.399999618530273,29.399999618530273,945.0
2024-10-25 15:49:00+00:00,VERX,42.279998779296875,42.279998779296875,42.279998779296875,42.130001068115234,42.130001068115234,2083.0
2024-10-25 15:49:00+00:00,VIAV,9.145000457763672,9.145000457763672,9.145000457763672,9.140000343322754,9.145000457763672,1593.0
2024-10-25 15:49:00+00:00,VICR,46.209999084472656,46.209999084472656,46.224998474121094,46.189998626708984,46.189998626708984,2566.0
2024-10-25 15:49:00+00:00,VMEO,4.764999866485596,4.764999866485596,4.764999866485596,4.764999866485596,4.764999866485596,773.0
2024-10-25 15:49:00+00:00,VNET,3.365000009536743,3.365000009536743,3.365000009536743,3.359999895095825,3.365000009536743,3013.0
2024-10-25 15:49:00+00:00,VRNS,56.814998626708984,56.814998626708984,56.83000183105469,56.810001373291016,56.810001373291016,6808.0
2024-10-25 15:49:00+00:00,VRNT,21.844999313354492,21.844999313354492,21.844999313354492,21.84000015258789,21.84000015258789,897.0
2024-10-25 15:49:00+00:00,VRSN,181.28500366210938,181.28500366210938,181.28500366210938,181.27499389648438,181.27499389648438,1876.0
2024-10-25 15:49:00+00:00,VSAT,10.255000114440918,10.255000114440918,10.255000114440918,10.244999885559082,10.25,2910.0
2024-10-25 15:49:00+00:00,WALD,3.509999990463257,3.509999990463257,3.509999990463257,3.509999990463257,3.509999990463257,27.0
2024-10-25 15:49:00+00:00,WDAY,238.35000610351562,238.35000610351562,238.4029998779297,238.33999633789062,238.38999938964844,6105.0
2024-10-25 15:49:00+00:00,WDC,69.8949966430664,69.8949966430664,69.91000366210938,69.87000274658203,69.91000366210938,31156.0
2024-10-25 15:49:00+00:00,WISA,2.010200023651123,2.010200023651123,2.010200023651123,2.005000114440918,2.005000114440918,1964.0
2024-10-25 15:49:00+00:00,WIX,164.27000427246094,164.27000427246094,164.27000427246094,164.2100067138672,164.2100067138672,1926.0
2024-10-25 15:49:00+00:00,WLDS,3.5399999618530273,3.5399999618530273,3.5399999618530273,3.5399999618530273,3.5399999618530273,289.0
2024-10-25 15:49:00+00:00,WRAP,1.850000023841858,1.850000023841858,1.850000023841858,1.840000033378601,1.843999981880188,11308.0
2024-10-25 15:49:00+00:00,XPER,9.385000228881836,9.385000228881836,9.385000228881836,9.385000228881836,9.385000228881836,337.0
2024-10-25 15:49:00+00:00,XRX,9.994999885559082,9.994999885559082,9.994999885559082,9.99209976196289,9.994999885559082,3713.0
2024-10-25 15:49:00+00:00,ZBRA,360.8399963378906,360.8399963378906,360.8399963378906,360.8399963378906,360.8399963378906,760.0
2024-10-25 15:49:00+00:00,ZI,10.529999732971191,10.529999732971191,10.529999732971191,10.520000457763672,10.520000457763672,9971.0
2024-10-25 15:49:00+00:00,ZM,73.01090240478516,73.01090240478516,73.0199966430664,72.97000122070312,73.0199966430664,7280.0
2024-10-25 15:49:00+00:00,ZS,185.0,185.0,185.05999755859375,184.98500061035156,184.98500061035156,2822.0
2024-10-25 15:50:00+00:00,AAOI,17.41900062561035,17.41900062561035,17.450000762939453,17.41659927368164,17.450000762939453,6355.0
2024-10-25 15:50:00+00:00,AAPL,231.66000366210938,231.66000366210938,231.8000030517578,231.41000366210938,231.41000366210938,225505.0
2024-10-25 15:50:00+00:00,ACIW,48.869998931884766,48.869998931884766,48.880001068115234,48.869998931884766,48.875,1246.0
2024-10-25 15:50:00+00:00,ACLS,90.05999755859375,90.05999755859375,90.1500015258789,90.04000091552734,90.12000274658203,6967.0
2024-10-25 15:50:00+00:00,ACMR,19.59000015258789,19.59000015258789,19.638999938964844,19.59000015258789,19.638999938964844,3619.0
2024-10-25 15:50:00+00:00,ADBE,483.13751220703125,483.13751220703125,483.510009765625,483.1099853515625,483.44000244140625,12901.0
2024-10-25 15:50:00+00:00,ADI,230.99000549316406,230.99000549316406,231.22999572753906,230.94000244140625,231.16000366210938,8843.0
2024-10-25 15:50:00+00:00,ADSK,286.85400390625,286.85400390625,286.9599914550781,286.7900085449219,286.9599914550781,5546.0
2024-10-25 15:50:00+00:00,ADTN,6.304999828338623,6.304999828338623,6.304999828338623,6.300000190734863,6.300000190734863,2441.0
2024-10-25 15:50:00+00:00,AEHR,16.950000762939453,16.950000762939453,17.06999969482422,16.917499542236328,17.052000045776367,16460.0
2024-10-25 15:50:00+00:00,AFRM,40.904998779296875,40.904998779296875,40.9900016784668,40.83000183105469,40.97999954223633,91716.0
2024-10-25 15:50:00+00:00,AGYS,109.94000244140625,109.94000244140625,109.94000244140625,109.94000244140625,109.94000244140625,401.0
2024-10-25 15:50:00+00:00,AIRG,9.15999984741211,9.15999984741211,9.15999984741211,9.15999984741211,9.15999984741211,306.0
2024-10-25 15:50:00+00:00,AKAM,101.83999633789062,101.83999633789062,101.94999694824219,101.83999633789062,101.94999694824219,8884.0
2024-10-25 15:50:00+00:00,AKTS,0.05900000035762787,0.05900000035762787,0.05900000035762787,0.05900000035762787,0.05900000035762787,7810.0
2024-10-25 15:50:00+00:00,ALGM,23.094999313354492,23.094999313354492,23.1200008392334,23.075000762939453,23.09000015258789,23346.0
2024-10-25 15:50:00+00:00,ALKT,38.279998779296875,38.279998779296875,38.279998779296875,38.279998779296875,38.279998779296875,113.0
2024-10-25 15:50:00+00:00,ALRM,54.46500015258789,54.46500015258789,54.5,54.45000076293945,54.45100021362305,3260.0
2024-10-25 15:50:00+00:00,ALTR,103.45999908447266,103.45999908447266,103.72000122070312,103.45999908447266,103.72000122070312,10467.0
2024-10-25 15:50:00+00:00,AMAT,187.11000061035156,187.11000061035156,187.32000732421875,187.02999877929688,187.32000732421875,20001.0
2024-10-25 15:50:00+00:00,AMBA,57.790000915527344,57.790000915527344,57.79499816894531,57.775001525878906,57.79499816894531,3574.0
2024-10-25 15:50:00+00:00,AMD,156.41000366210938,156.41000366210938,156.5800018310547,156.35000610351562,156.52999877929688,65302.0
2024-10-25 15:50:00+00:00,AMKR,29.989999771118164,29.989999771118164,30.049999237060547,29.969999313354492,30.049999237060547,11275.0
2024-10-25 15:50:00+00:00,AMPL,9.125,9.125,9.128999710083008,9.125,9.128999710083008,2148.0
2024-10-25 15:50:00+00:00,ANSS,323.2699890136719,323.2699890136719,323.75,323.2699890136719,323.75,862.0
2024-10-25 15:50:00+00:00,ANY,1.0700000524520874,1.0700000524520874,1.0700000524520874,1.0700000524520874,1.0700000524520874,700.0
2024-10-25 15:50:00+00:00,AOSL,35.9900016784668,35.9900016784668,36.029998779296875,35.9900016784668,36.029998779296875,2572.0
2024-10-25 15:50:00+00:00,APCX,0.7429999709129333,0.7429999709129333,0.7429999709129333,0.7429999709129333,0.7429999709129333,200.0
2024-10-25 15:50:00+00:00,API,2.825000047683716,2.825000047683716,2.825000047683716,2.8201000690460205,2.825000047683716,6010.0
2024-10-25 15:50:00+00:00,APP,161.91000366210938,161.91000366210938,162.1199951171875,161.91000366210938,162.1199951171875,23847.0
2024-10-25 15:50:00+00:00,APPF,212.77000427246094,212.77000427246094,212.86000061035156,212.61000061035156,212.86000061035156,4777.0
2024-10-25 15:50:00+00:00,APPN,32.314998626708984,32.314998626708984,32.34000015258789,32.290000915527344,32.33000183105469,6621.0
2024-10-25 15:50:00+00:00,APPS,3.059999942779541,3.059999942779541,3.059999942779541,3.059999942779541,3.059999942779541,658.0
2024-10-25 15:50:00+00:00,ARQQ,7.019999980926514,7.019999980926514,7.019999980926514,7.019999980926514,7.019999980926514,290.0
2024-10-25 15:50:00+00:00,ARRY,6.465000152587891,6.465000152587891,6.489999771118164,6.465000152587891,6.480000019073486,47356.0
2024-10-25 15:50:00+00:00,ASML,714.0750122070312,714.0750122070312,714.0750122070312,713.8200073242188,714.02001953125,4295.0
2024-10-25 15:50:00+00:00,ASUR,9.680000305175781,9.680000305175781,9.680000305175781,9.649999618530273,9.649999618530273,430.0
2024-10-25 15:50:00+00:00,AUR,6.329999923706055,6.329999923706055,6.389999866485596,6.329999923706055,6.389999866485596,139774.0
2024-10-25 15:50:00+00:00,AVDX,8.09000015258789,8.09000015258789,8.09000015258789,8.085000038146973,8.09000015258789,9440.0
2024-10-25 15:50:00+00:00,AVGO,173.3300018310547,173.3300018310547,173.75,173.25999450683594,173.7050018310547,99846.0
2024-10-25 15:50:00+00:00,AVNW,20.704999923706055,20.704999923706055,20.704999923706055,20.700000762939453,20.700000762939453,1130.0
2024-10-25 15:50:00+00:00,AVPT,11.904999732971191,11.904999732971191,11.904999732971191,11.904999732971191,11.904999732971191,2097.0
2024-10-25 15:50:00+00:00,AVT,54.0099983215332,54.0099983215332,54.06999969482422,54.0099983215332,54.06999969482422,2499.0
2024-10-25 15:50:00+00:00,AZPN,237.8800048828125,237.8800048828125,237.8800048828125,237.8800048828125,237.8800048828125,561.0
2024-10-25 15:50:00+00:00,BAND,17.920000076293945,17.920000076293945,17.93000030517578,17.920000076293945,17.93000030517578,648.0
2024-10-25 15:50:00+00:00,BASE,16.31999969482422,16.31999969482422,16.31999969482422,16.31999969482422,16.31999969482422,1310.0
2024-10-25 15:50:00+00:00,BIGC,5.25,5.25,5.264999866485596,5.25,5.255000114440918,3780.0
2024-10-25 15:50:00+00:00,BL,56.39500045776367,56.39500045776367,56.39500045776367,56.36000061035156,56.37099838256836,2999.0
2024-10-25 15:50:00+00:00,BLKB,85.6449966430664,85.6449966430664,85.68000030517578,85.62999725341797,85.6500015258789,3548.0
2024-10-25 15:50:00+00:00,BLZE,7.179999828338623,7.179999828338623,7.190000057220459,7.179999828338623,7.190000057220459,406.0
2024-10-25 15:50:00+00:00,BMBL,7.175000190734863,7.175000190734863,7.195000171661377,7.175000190734863,7.190000057220459,23581.0
2024-10-25 15:50:00+00:00,BRZE,30.834999084472656,30.834999084472656,30.84000015258789,30.829999923706055,30.829999923706055,3381.0
2024-10-25 15:50:00+00:00,BSY,49.029998779296875,49.029998779296875,49.04999923706055,49.02000045776367,49.04999923706055,2489.0
2024-10-25 15:50:00+00:00,CAMT,77.94000244140625,77.94000244140625,77.94000244140625,77.93000030517578,77.94000244140625,1179.0
2024-10-25 15:50:00+00:00,CAN,0.9735000133514404,0.9735000133514404,0.9735999703407288,0.9735000133514404,0.9735000133514404,11851.0
2024-10-25 15:50:00+00:00,CDNS,257.3699951171875,257.3699951171875,257.42999267578125,257.3699951171875,257.3800048828125,7864.0
2024-10-25 15:50:00+00:00,CDW,217.7100067138672,217.7100067138672,217.94000244140625,217.7100067138672,217.89999389648438,18065.0
2024-10-25 15:50:00+00:00,CETX,0.29010000824928284,0.29010000824928284,0.29100000858306885,0.29010000824928284,0.29100000858306885,23206.0
2024-10-25 15:50:00+00:00,CEVA,24.045000076293945,24.045000076293945,24.06999969482422,24.040000915527344,24.06999969482422,637.0
2024-10-25 15:50:00+00:00,CFLT,22.454999923706055,22.454999923706055,22.462499618530273,22.450000762939453,22.459999084472656,11687.0
2024-10-25 15:50:00+00:00,CGNX,38.880001068115234,38.880001068115234,38.90999984741211,38.869998931884766,38.90999984741211,9090.0
2024-10-25 15:50:00+00:00,CHKP,206.5050048828125,206.5050048828125,206.63250732421875,206.5050048828125,206.5800018310547,2598.0
2024-10-25 15:50:00+00:00,CLBT,18.235000610351562,18.235000610351562,18.239999771118164,18.235000610351562,18.235000610351562,2751.0
2024-10-25 15:50:00+00:00,CLFD,36.27000045776367,36.27000045776367,36.30500030517578,36.27000045776367,36.30500030517578,1201.0
2024-10-25 15:50:00+00:00,CLSK,11.434000015258789,11.434000015258789,11.489999771118164,11.430000305175781,11.489999771118164,201582.0
2024-10-25 15:50:00+00:00,CMTL,3.799999952316284,3.799999952316284,3.799999952316284,3.799999952316284,3.799999952316284,354.0
2024-10-25 15:50:00+00:00,CNDT,3.5950000286102295,3.5950000286102295,3.5950000286102295,3.5950000286102295,3.5950000286102295,2438.0
2024-10-25 15:50:00+00:00,CNXC,44.352500915527344,44.352500915527344,44.400001525878906,44.34000015258789,44.380001068115234,4797.0
2024-10-25 15:50:00+00:00,COHR,95.6500015258789,95.6500015258789,95.75,95.60289764404297,95.68000030517578,12169.0
2024-10-25 15:50:00+00:00,COHU,25.93000030517578,25.93000030517578,25.950000762939453,25.93000030517578,25.950000762939453,1713.0
2024-10-25 15:50:00+00:00,COIN,204.8300018310547,204.8300018310547,205.5,204.7899932861328,205.47000122070312,36766.0
2024-10-25 15:50:00+00:00,COMM,6.235000133514404,6.235000133514404,6.239999771118164,6.235000133514404,6.239999771118164,3534.0
2024-10-25 15:50:00+00:00,CORZ,13.329999923706055,13.329999923706055,13.359999656677246,13.300000190734863,13.359999656677246,85871.0
2024-10-25 15:50:00+00:00,CRCT,6.565000057220459,6.565000057220459,6.565000057220459,6.559999942779541,6.559999942779541,553.0
2024-10-25 15:50:00+00:00,CRDO,39.09000015258789,39.09000015258789,39.15999984741211,39.09000015258789,39.15999984741211,20224.0
2024-10-25 15:50:00+00:00,CRNC,2.924999952316284,2.924999952316284,2.924999952316284,2.924999952316284,2.924999952316284,1212.0
2024-10-25 15:50:00+00:00,CRSR,6.315000057220459,6.315000057220459,6.320000171661377,6.310999870300293,6.310999870300293,812.0
2024-10-25 15:50:00+00:00,CRUS,122.41999816894531,122.41999816894531,122.51000213623047,122.37999725341797,122.51000213623047,6259.0
2024-10-25 15:50:00+00:00,CRWD,299.7799987792969,299.7799987792969,300.3800048828125,299.7200012207031,300.29998779296875,31402.0
2024-10-25 15:50:00+00:00,CSCO,55.775001525878906,55.775001525878906,55.77989959716797,55.70000076293945,55.75,119676.0
2024-10-25 15:50:00+00:00,CSGS,47.2599983215332,47.2599983215332,47.2599983215332,47.125999450683594,47.25,3146.0
2024-10-25 15:50:00+00:00,CSIQ,13.364999771118164,13.364999771118164,13.364999771118164,13.34000015258789,13.345000267028809,8789.0
2024-10-25 15:50:00+00:00,CTLP,8.914999961853027,8.914999961853027,8.914999961853027,8.914999961853027,8.914999961853027,248.0
2024-10-25 15:50:00+00:00,CTSH,74.83000183105469,74.83000183105469,74.8499984741211,74.66999816894531,74.81999969482422,32229.0
2024-10-25 15:50:00+00:00,CVLT,134.73500061035156,134.73500061035156,134.73500061035156,134.67999267578125,134.67999267578125,2127.0
2024-10-25 15:50:00+00:00,CYBR,290.69500732421875,290.69500732421875,290.8299865722656,290.69500732421875,290.8299865722656,1893.0
2024-10-25 15:50:00+00:00,DAKT,13.09000015258789,13.09000015258789,13.100000381469727,13.09000015258789,13.100000381469727,4470.0
2024-10-25 15:50:00+00:00,DAVE,38.967201232910156,38.967201232910156,39.025001525878906,38.967201232910156,38.97549819946289,1342.0
2024-10-25 15:50:00+00:00,DBX,26.014999389648438,26.014999389648438,26.05500030517578,26.010000228881836,26.045000076293945,15978.0
2024-10-25 15:50:00+00:00,DDOG,126.82499694824219,126.82499694824219,126.86499786376953,126.73999786376953,126.86000061035156,28602.0
2024-10-25 15:50:00+00:00,DGHI,1.4946999549865723,1.4946999549865723,1.4946999549865723,1.4946999549865723,1.4946999549865723,3059.0
2024-10-25 15:50:00+00:00,DGII,29.969999313354492,29.969999313354492,29.969999313354492,29.969999313354492,29.969999313354492,881.0
2024-10-25 15:50:00+00:00,DIOD,64.7699966430664,64.7699966430664,65.0,64.75,65.0,7801.0
2024-10-25 15:50:00+00:00,DLO,8.829999923706055,8.829999923706055,8.829999923706055,8.819999694824219,8.819999694824219,2011.0
2024-10-25 15:50:00+00:00,DMRC,32.189998626708984,32.189998626708984,32.2400016784668,32.18000030517578,32.20000076293945,1385.0
2024-10-25 15:50:00+00:00,DOCU,68.77999877929688,68.77999877929688,68.87999725341797,68.76000213623047,68.87999725341797,14455.0
2024-10-25 15:50:00+00:00,DOMO,8.079999923706055,8.079999923706055,8.079999923706055,8.074999809265137,8.074999809265137,1756.0
2024-10-25 15:50:00+00:00,DOX,88.93000030517578,88.93000030517578,88.95999908447266,88.91000366210938,88.95999908447266,1982.0
2024-10-25 15:50:00+00:00,DSGX,104.11000061035156,104.11000061035156,104.11000061035156,104.08000183105469,104.0999984741211,2756.0
2024-10-25 15:50:00+00:00,DTSS,2.4800000190734863,2.4800000190734863,2.4800000190734863,2.4800000190734863,2.4800000190734863,200.0
2024-10-25 15:50:00+00:00,DUOL,291.5050048828125,291.5050048828125,291.79998779296875,291.5050048828125,291.79998779296875,2283.0
2024-10-25 15:50:00+00:00,EEFT,100.5999984741211,100.5999984741211,100.71620178222656,100.56999969482422,100.5999984741211,2714.0
2024-10-25 15:50:00+00:00,ENPH,83.98989868164062,83.98989868164062,83.98999786376953,83.86000061035156,83.95999908447266,10370.0
2024-10-25 15:50:00+00:00,ENTG,105.38999938964844,105.38999938964844,105.44000244140625,105.33999633789062,105.44000244140625,12252.0
2024-10-25 15:50:00+00:00,ERIC,8.46500015258789,8.46500015258789,8.465999603271484,8.460000038146973,8.46500015258789,176546.0
2024-10-25 15:50:00+00:00,EXFY,1.715000033378601,1.715000033378601,1.715000033378601,1.715000033378601,1.715000033378601,1679.0
2024-10-25 15:50:00+00:00,EXLS,38.584999084472656,38.584999084472656,38.630001068115234,38.58000183105469,38.58000183105469,10946.0
2024-10-25 15:50:00+00:00,EXTR,14.345000267028809,14.345000267028809,14.345000267028809,14.324999809265137,14.345000267028809,6736.0
2024-10-25 15:50:00+00:00,FARO,17.989999771118164,17.989999771118164,17.989999771118164,17.979999542236328,17.979999542236328,386.0
2024-10-25 15:50:00+00:00,FFIV,216.8800048828125,216.8800048828125,217.02999877929688,216.8699951171875,216.8800048828125,7596.0
2024-10-25 15:50:00+00:00,FIVN,29.69499969482422,29.69499969482422,29.69499969482422,29.684999465942383,29.690000534057617,3982.0
2024-10-25 15:50:00+00:00,FLEX,35.17499923706055,35.17499923706055,35.17499923706055,35.15999984741211,35.17499923706055,7253.0
2024-10-25 15:50:00+00:00,FLYW,17.31999969482422,17.31999969482422,17.334999084472656,17.31999969482422,17.31999969482422,4864.0
2024-10-25 15:50:00+00:00,FORM,44.86000061035156,44.86000061035156,44.91999816894531,44.86000061035156,44.91999816894531,1982.0
2024-10-25 15:50:00+00:00,FROG,29.249799728393555,29.249799728393555,29.249799728393555,29.239999771118164,29.239999771118164,3207.0
2024-10-25 15:50:00+00:00,FRSH,11.645999908447266,11.645999908447266,11.645999908447266,11.625,11.625,12586.0
2024-10-25 15:50:00+00:00,FSLR,198.27499389648438,198.27499389648438,198.55999755859375,198.1649932861328,198.22000122070312,6760.0
2024-10-25 15:50:00+00:00,FTCI,0.66839998960495,0.66839998960495,0.66839998960495,0.66839998960495,0.66839998960495,340.0
2024-10-25 15:50:00+00:00,FTNT,80.41999816894531,80.41999816894531,80.48999786376953,80.4000015258789,80.48999786376953,17826.0
2024-10-25 15:50:00+00:00,GCT,24.41119956970215,24.41119956970215,24.440000534057617,24.34000015258789,24.420000076293945,13313.0
2024-10-25 15:50:00+00:00,GDS,21.469999313354492,21.469999313354492,21.4950008392334,21.459999084472656,21.479999542236328,6768.0
2024-10-25 15:50:00+00:00,GDYN,15.579999923706055,15.579999923706055,15.579999923706055,15.569999694824219,15.579999923706055,3135.0
2024-10-25 15:50:00+00:00,GFS,40.345001220703125,40.345001220703125,40.40999984741211,40.34000015258789,40.40999984741211,9658.0
2024-10-25 15:50:00+00:00,GPRO,1.309999942779541,1.309999942779541,1.309999942779541,1.2999999523162842,1.3049999475479126,1767.0
2024-10-25 15:50:00+00:00,GRAB,4.090000152587891,4.090000152587891,4.090000152587891,4.080100059509277,4.085000038146973,125387.0
2024-10-25 15:50:00+00:00,GRRR,4.489999771118164,4.489999771118164,4.489999771118164,4.489999771118164,4.489999771118164,1153.0
2024-10-25 15:50:00+00:00,GTLB,54.810001373291016,54.810001373291016,54.86000061035156,54.810001373291016,54.849998474121094,4027.0
2024-10-25 15:50:00+00:00,HCP,33.63999938964844,33.63999938964844,33.63999938964844,33.6349983215332,33.63999938964844,4769.0
2024-10-25 15:50:00+00:00,HIMX,6.15500020980835,6.15500020980835,6.159999847412109,6.15500020980835,6.159999847412109,6954.0
2024-10-25 15:50:00+00:00,HLIT,14.805000305175781,14.805000305175781,14.8100004196167,14.805000305175781,14.8100004196167,3613.0
2024-10-25 15:50:00+00:00,HOLO,3.5797998905181885,3.5797998905181885,3.5799999237060547,3.569999933242798,3.5799999237060547,5385.0
2024-10-25 15:50:00+00:00,HOOD,27.030099868774414,27.030099868774414,27.049999237060547,27.020000457763672,27.049999237060547,30502.0
2024-10-25 15:50:00+00:00,IBEX,18.083999633789062,18.083999633789062,18.083999633789062,18.045000076293945,18.045000076293945,1108.0
2024-10-25 15:50:00+00:00,ICHR,27.610000610351562,27.610000610351562,27.665000915527344,27.610000610351562,27.665000915527344,3891.0
2024-10-25 15:50:00+00:00,IDAI,0.22259999811649323,0.22259999811649323,0.22259999811649323,0.22259999811649323,0.22259999811649323,0.0
2024-10-25 15:50:00+00:00,III,3.069999933242798,3.069999933242798,3.069999933242798,3.069999933242798,3.069999933242798,2960.0
2024-10-25 15:50:00+00:00,IMMR,8.65999984741211,8.65999984741211,8.65999984741211,8.65999984741211,8.65999984741211,1111.0
2024-10-25 15:50:00+00:00,IMXI,17.6200008392334,17.6200008392334,17.6299991607666,17.6200008392334,17.6299991607666,1445.0
2024-10-25 15:50:00+00:00,INDI,3.484999895095825,3.484999895095825,3.490000009536743,3.484999895095825,3.484999895095825,2551.0
2024-10-25 15:50:00+00:00,INFN,6.775000095367432,6.775000095367432,6.775000095367432,6.769999980926514,6.769999980926514,780.0
2024-10-25 15:50:00+00:00,INOD,20.15999984741211,20.15999984741211,20.15999984741211,20.139999389648438,20.139999389648438,521.0
2024-10-25 15:50:00+00:00,INSG,19.610000610351562,19.610000610351562,19.6299991607666,19.600000381469727,19.600000381469727,1645.0
2024-10-25 15:50:00+00:00,INTA,50.25,50.25,50.25,50.165000915527344,50.20000076293945,5339.0
2024-10-25 15:50:00+00:00,INTC,22.799999237060547,22.799999237060547,22.844999313354492,22.799999237060547,22.84000015258789,254767.0
2024-10-25 15:50:00+00:00,INTU,609.1699829101562,609.1699829101562,609.3499755859375,608.8599853515625,609.3099975585938,10108.0
2024-10-25 15:50:00+00:00,IPGP,76.88999938964844,76.88999938964844,76.88999938964844,76.88999938964844,76.88999938964844,481.0
2024-10-25 15:50:00+00:00,ITI,7.190000057220459,7.190000057220459,7.190000057220459,7.190000057220459,7.190000057220459,3262.0
2024-10-25 15:50:00+00:00,ITRI,102.5999984741211,102.5999984741211,102.69999694824219,102.5999984741211,102.66000366210938,3408.0
2024-10-25 15:50:00+00:00,ITRN,27.44300079345703,27.44300079345703,27.44300079345703,27.399999618530273,27.40399932861328,1505.0
2024-10-25 15:50:00+00:00,JAMF,16.764999389648438,16.764999389648438,16.764999389648438,16.760000228881836,16.760000228881836,1848.0
2024-10-25 15:50:00+00:00,JKHY,182.84750366210938,182.84750366210938,182.91200256347656,182.83999633789062,182.83999633789062,3754.0
2024-10-25 15:50:00+00:00,KC,2.6600000858306885,2.6600000858306885,2.6649999618530273,2.6600000858306885,2.6649999618530273,3925.0
2024-10-25 15:50:00+00:00,KLAC,675.280029296875,675.280029296875,676.72998046875,675.1599731445312,676.2899780273438,7057.0
2024-10-25 15:50:00+00:00,KLIC,44.68000030517578,44.68000030517578,44.70000076293945,44.66999816894531,44.68000030517578,4056.0
2024-10-25 15:50:00+00:00,KOPN,0.7684000134468079,0.7684000134468079,0.7684000134468079,0.7684000134468079,0.7684000134468079,911.0
2024-10-25 15:50:00+00:00,KVHI,4.695000171661377,4.695000171661377,4.695000171661377,4.695000171661377,4.695000171661377,404.0
2024-10-25 15:50:00+00:00,LASR,10.380000114440918,10.380000114440918,10.380000114440918,10.380000114440918,10.380000114440918,176.0
2024-10-25 15:50:00+00:00,LEDS,1.25,1.25,1.25,1.25,1.25,442.0
2024-10-25 15:50:00+00:00,LFUS,253.3800048828125,253.3800048828125,253.4499969482422,253.3800048828125,253.4499969482422,1226.0
2024-10-25 15:50:00+00:00,LITE,64.41999816894531,64.41999816894531,64.44999694824219,64.38999938964844,64.44999694824219,8153.0
2024-10-25 15:50:00+00:00,LOGI,80.70999908447266,80.70999908447266,80.73999786376953,80.70999908447266,80.73999786376953,2991.0
2024-10-25 15:50:00+00:00,LRCX,78.11000061035156,78.11000061035156,78.18000030517578,78.08560180664062,78.12999725341797,56696.0
2024-10-25 15:50:00+00:00,LSCC,54.185001373291016,54.185001373291016,54.290000915527344,54.18000030517578,54.290000915527344,9484.0
2024-10-25 15:50:00+00:00,LTRX,4.079999923706055,4.079999923706055,4.085000038146973,4.079999923706055,4.085000038146973,2233.0
2024-10-25 15:50:00+00:00,LUNA,1.8049999475479126,1.8049999475479126,1.8049999475479126,1.8049999475479126,1.8049999475479126,454.0
2024-10-25 15:50:00+00:00,LYFT,13.479999542236328,13.479999542236328,13.484999656677246,13.4399995803833,13.479999542236328,178952.0
2024-10-25 15:50:00+00:00,LYTS,16.235000610351562,16.235000610351562,16.235000610351562,16.229999542236328,16.229999542236328,686.0
2024-10-25 15:50:00+00:00,MANH,276.1650085449219,276.1650085449219,276.2900085449219,276.1650085449219,276.2900085449219,2440.0
2024-10-25 15:50:00+00:00,MAPS,0.8342000246047974,0.8342000246047974,0.8342000246047974,0.8342000246047974,0.8342000246047974,1523.0
2024-10-25 15:50:00+00:00,MCHP,76.66500091552734,76.66500091552734,76.80000305175781,76.66000366210938,76.77999877929688,24046.0
2024-10-25 15:50:00+00:00,MDB,268.2250061035156,268.2250061035156,268.3399963378906,268.04998779296875,268.20001220703125,6028.0
2024-10-25 15:50:00+00:00,MITK,8.770000457763672,8.770000457763672,8.770000457763672,8.770000457763672,8.770000457763672,934.0
2024-10-25 15:50:00+00:00,MKSI,101.0999984741211,101.0999984741211,101.2249984741211,101.0999984741211,101.2249984741211,2502.0
2024-10-25 15:50:00+00:00,MLAB,113.19000244140625,113.19000244140625,113.19000244140625,112.95999908447266,113.04000091552734,2610.0
2024-10-25 15:50:00+00:00,MNDO,1.9299999475479126,1.9299999475479126,1.940000057220459,1.9299999475479126,1.940000057220459,1329.0
2024-10-25 15:50:00+00:00,MNDY,298.7900085449219,298.7900085449219,298.7900085449219,298.7900085449219,298.7900085449219,1819.0
2024-10-25 15:50:00+00:00,MOB,1.3799999952316284,1.3799999952316284,1.3799999952316284,1.3708000183105469,1.3708000183105469,3245.0
2024-10-25 15:50:00+00:00,MPWR,907.655029296875,907.655029296875,908.3099975585938,906.9000244140625,907.780029296875,7638.0
2024-10-25 15:50:00+00:00,MQ,5.295000076293945,5.295000076293945,5.320000171661377,5.295000076293945,5.309999942779541,53888.0
2024-10-25 15:50:00+00:00,MRVL,82.05999755859375,82.05999755859375,82.08000183105469,82.0,82.06999969482422,38132.0
2024-10-25 15:50:00+00:00,MSFT,428.1400146484375,428.1400146484375,428.25,427.6099853515625,428.239990234375,55182.0
2024-10-25 15:50:00+00:00,MSTR,234.95010375976562,234.95010375976562,235.7299041748047,234.85000610351562,235.55999755859375,82820.0
2024-10-25 15:50:00+00:00,MTC,0.37950000166893005,0.37950000166893005,0.37950000166893005,0.37950000166893005,0.37950000166893005,2900.0
2024-10-25 15:50:00+00:00,MTLS,5.920000076293945,5.920000076293945,5.920000076293945,5.920000076293945,5.920000076293945,410.0
2024-10-25 15:50:00+00:00,MTSI,121.36000061035156,121.36000061035156,121.38990020751953,121.23999786376953,121.31500244140625,4431.0
2024-10-25 15:50:00+00:00,MTTR,4.585000038146973,4.585000038146973,4.585000038146973,4.585000038146973,4.585000038146973,2398.0
2024-10-25 15:50:00+00:00,MU,108.125,108.125,108.22000122070312,108.125,108.19000244140625,38368.0
2024-10-25 15:50:00+00:00,MXL,14.774999618530273,14.774999618530273,14.8100004196167,14.770000457763672,14.795000076293945,10608.0
2024-10-25 15:50:00+00:00,NCNO,37.8849983215332,37.8849983215332,37.88999938964844,37.8849983215332,37.8849983215332,2667.0
2024-10-25 15:50:00+00:00,NEON,8.119999885559082,8.119999885559082,8.119999885559082,8.119999885559082,8.119999885559082,882.0
2024-10-25 15:50:00+00:00,NICE,174.2550048828125,174.2550048828125,174.51499938964844,174.2550048828125,174.51499938964844,3362.0
2024-10-25 15:50:00+00:00,NNDM,2.325000047683716,2.325000047683716,2.325000047683716,2.325000047683716,2.325000047683716,642.0
2024-10-25 15:50:00+00:00,NOVT,172.7700958251953,172.7700958251953,172.7700958251953,172.7700958251953,172.7700958251953,1104.0
2024-10-25 15:50:00+00:00,NSIT,209.86000061035156,209.86000061035156,209.86000061035156,209.86000061035156,209.86000061035156,1125.0
2024-10-25 15:50:00+00:00,NTAP,119.69000244140625,119.69000244140625,119.75,119.6500015258789,119.73999786376953,6328.0
2024-10-25 15:50:00+00:00,NTCT,20.735000610351562,20.735000610351562,20.75,20.729999542236328,20.75,2509.0
2024-10-25 15:50:00+00:00,NTGR,20.25,20.25,20.2549991607666,20.25,20.2549991607666,920.0
2024-10-25 15:50:00+00:00,NTNX,62.02000045776367,62.02000045776367,62.130001068115234,61.97999954223633,62.119998931884766,14170.0
2024-10-25 15:50:00+00:00,NTWK,3.140000104904175,3.140000104904175,3.140000104904175,3.140000104904175,3.140000104904175,308.0
2024-10-25 15:50:00+00:00,NVDA,141.74009704589844,141.74009704589844,142.0,141.63999938964844,141.97000122070312,904451.0
2024-10-25 15:50:00+00:00,NVEI,33.4900016784668,33.4900016784668,33.494998931884766,33.4900016784668,33.494998931884766,1268.0
2024-10-25 15:50:00+00:00,NVMI,184.91000366210938,184.91000366210938,184.91000366210938,184.86000061035156,184.8699951171875,853.0
2024-10-25 15:50:00+00:00,NVTS,2.555000066757202,2.555000066757202,2.555000066757202,2.555000066757202,2.555000066757202,1460.0
2024-10-25 15:50:00+00:00,NXPI,243.0,243.0,243.41000366210938,242.99000549316406,243.33999633789062,8450.0
2024-10-25 15:50:00+00:00,OKTA,72.37000274658203,72.37000274658203,72.40499877929688,72.3499984741211,72.4000015258789,6295.0
2024-10-25 15:50:00+00:00,OLB,2.180000066757202,2.180000066757202,2.180000066757202,2.180000066757202,2.180000066757202,244.0
2024-10-25 15:50:00+00:00,OLED,202.9499969482422,202.9499969482422,203.31500244140625,202.9499969482422,203.31500244140625,3720.0
2024-10-25 15:50:00+00:00,ON,71.12000274658203,71.12000274658203,71.27999877929688,71.10220336914062,71.26000213623047,57629.0
2024-10-25 15:50:00+00:00,ONDS,0.8475000262260437,0.8475000262260437,0.8515999913215637,0.8475000262260437,0.8515999913215637,697.0
2024-10-25 15:50:00+00:00,OSIS,134.59500122070312,134.59500122070312,134.74000549316406,134.59500122070312,134.74000549316406,1726.0
2024-10-25 15:50:00+00:00,OTEX,33.18000030517578,33.18000030517578,33.18000030517578,33.18000030517578,33.18000030517578,2245.0
2024-10-25 15:50:00+00:00,PANW,366.06500244140625,366.06500244140625,366.3699951171875,365.8949890136719,366.1000061035156,5710.0
2024-10-25 15:50:00+00:00,PAYO,8.345000267028809,8.345000267028809,8.350000381469727,8.345000267028809,8.345000267028809,2811.0
2024-10-25 15:50:00+00:00,PAYS,3.700000047683716,3.700000047683716,3.700000047683716,3.700000047683716,3.700000047683716,323.0
2024-10-25 15:50:00+00:00,PCTY,173.6649932861328,173.6649932861328,173.7050018310547,173.6649932861328,173.7050018310547,1271.0
2024-10-25 15:50:00+00:00,PDFS,29.209999084472656,29.209999084472656,29.209999084472656,29.209999084472656,29.209999084472656,490.0
2024-10-25 15:50:00+00:00,PEGA,79.86000061035156,79.86000061035156,80.0199966430664,79.83999633789062,79.83999633789062,8961.0
2024-10-25 15:50:00+00:00,PEGY,4.789999961853027,4.789999961853027,4.789999961853027,4.789999961853027,4.789999961853027,200.0
2024-10-25 15:50:00+00:00,PET,0.8119999766349792,0.8119999766349792,0.8119999766349792,0.7910000085830688,0.8119999766349792,660.0
2024-10-25 15:50:00+00:00,PGY,11.989999771118164,11.989999771118164,11.989999771118164,11.984999656677246,11.989999771118164,3819.0
2024-10-25 15:50:00+00:00,PHUN,10.42140007019043,10.42140007019043,10.42870044708252,10.380000114440918,10.399999618530273,37496.0
2024-10-25 15:50:00+00:00,PI,200.18499755859375,200.18499755859375,201.2899932861328,200.18499755859375,201.1199951171875,9215.0
2024-10-25 15:50:00+00:00,PLAB,23.655000686645508,23.655000686645508,23.655000686645508,23.649999618530273,23.649999618530273,2323.0
2024-10-25 15:50:00+00:00,PLXS,140.97500610351562,140.97500610351562,141.05499267578125,140.97500610351562,141.05499267578125,3288.0
2024-10-25 15:50:00+00:00,POET,3.8550000190734863,3.8550000190734863,3.8550000190734863,3.8550000190734863,3.8550000190734863,1290.0
2024-10-25 15:50:00+00:00,POWI,63.31999969482422,63.31999969482422,63.40999984741211,63.310001373291016,63.40999984741211,4212.0
2024-10-25 15:50:00+00:00,PRCH,1.2949999570846558,1.2949999570846558,1.2949999570846558,1.2899999618530273,1.2949999570846558,9549.0
2024-10-25 15:50:00+00:00,PRGS,64.6500015258789,64.6500015258789,64.6500015258789,64.62000274658203,64.62000274658203,2200.0
2024-10-25 15:50:00+00:00,PTC,187.4600067138672,187.4600067138672,187.47999572753906,187.38999938964844,187.47999572753906,11208.0
2024-10-25 15:50:00+00:00,PUBM,14.765000343322754,14.765000343322754,14.765000343322754,14.760000228881836,14.760000228881836,2155.0
2024-10-25 15:50:00+00:00,PYCR,14.364999771118164,14.364999771118164,14.369999885559082,14.359999656677246,14.369999885559082,2122.0
2024-10-25 15:50:00+00:00,QCOM,170.6300048828125,170.6300048828125,171.11500549316406,170.6199951171875,171.11500549316406,32774.0
2024-10-25 15:50:00+00:00,QLYS,121.01000213623047,121.01000213623047,121.23049926757812,121.01000213623047,121.19000244140625,2886.0
2024-10-25 15:50:00+00:00,QRVO,99.53500366210938,99.53500366210938,99.58999633789062,99.52999877929688,99.55000305175781,9144.0
2024-10-25 15:50:00+00:00,QUIK,8.619999885559082,8.619999885559082,8.619999885559082,8.619999885559082,8.619999885559082,536.0
2024-10-25 15:50:00+00:00,RCAT,2.7149999141693115,2.7149999141693115,2.7149999141693115,2.7149999141693115,2.7149999141693115,4712.0
2024-10-25 15:50:00+00:00,RDWR,22.351200103759766,22.351200103759766,22.351200103759766,22.351200103759766,22.351200103759766,487.0
2024-10-25 15:50:00+00:00,REKR,1.0800000429153442,1.0800000429153442,1.0800000429153442,1.0740000009536743,1.0800000429153442,4069.0
2024-10-25 15:50:00+00:00,RELY,14.8149995803833,14.8149995803833,14.84000015258789,14.8100004196167,14.8149995803833,17216.0
2024-10-25 15:50:00+00:00,RGTI,1.2098000049591064,1.2098000049591064,1.2100000381469727,1.2000000476837158,1.2000000476837158,15693.0
2024-10-25 15:50:00+00:00,RIOT,9.675000190734863,9.675000190734863,9.739999771118164,9.670000076293945,9.734999656677246,182396.0
2024-10-25 15:50:00+00:00,RMBS,43.439998626708984,43.439998626708984,43.5099983215332,43.41999816894531,43.5,10986.0
2024-10-25 15:50:00+00:00,RMNI,1.7300000190734863,1.7300000190734863,1.7300000190734863,1.7200000286102295,1.725000023841858,3398.0
2024-10-25 15:50:00+00:00,RPAY,7.735000133514404,7.735000133514404,7.735000133514404,7.735000133514404,7.735000133514404,3643.0
2024-10-25 15:50:00+00:00,RPD,39.0099983215332,39.0099983215332,39.02000045776367,38.97999954223633,38.97999954223633,1629.0
2024-10-25 15:50:00+00:00,RUM,5.679999828338623,5.679999828338623,5.679999828338623,5.661600112915039,5.661600112915039,4700.0
2024-10-25 15:50:00+00:00,RUN,14.375,14.375,14.385000228881836,14.359999656677246,14.385000228881836,46147.0
2024-10-25 15:50:00+00:00,RXT,2.4800000190734863,2.4800000190734863,2.4800000190734863,2.4800000190734863,2.4800000190734863,1252.0
2024-10-25 15:50:00+00:00,SANM,67.55999755859375,67.55999755859375,67.61000061035156,67.54000091552734,67.54000091552734,3402.0
2024-10-25 15:50:00+00:00,SATS,25.1299991607666,25.1299991607666,25.135000228881836,25.09000015258789,25.1200008392334,9185.0
2024-10-25 15:50:00+00:00,SEDG,16.100000381469727,16.100000381469727,16.135000228881836,16.079999923706055,16.1200008392334,21529.0
2024-10-25 15:50:00+00:00,SGMA,2.855600118637085,2.855600118637085,2.855600118637085,2.855600118637085,2.855600118637085,776.0
2024-10-25 15:50:00+00:00,SHLS,5.175000190734863,5.175000190734863,5.175000190734863,5.170000076293945,5.170000076293945,8253.0
2024-10-25 15:50:00+00:00,SIMO,56.119998931884766,56.119998931884766,56.150001525878906,56.119998931884766,56.150001525878906,3536.0
2024-10-25 15:50:00+00:00,SITM,178.1300048828125,178.1300048828125,178.4600067138672,178.1300048828125,178.4600067138672,677.0
2024-10-25 15:50:00+00:00,SKYT,10.420000076293945,10.420000076293945,10.420000076293945,10.420000076293945,10.420000076293945,1078.0
2024-10-25 15:50:00+00:00,SLAB,113.81999969482422,113.81999969482422,113.81999969482422,113.81999969482422,113.81999969482422,1298.0
2024-10-25 15:50:00+00:00,SMCI,47.439998626708984,47.439998626708984,47.4900016784668,47.43000030517578,47.47999954223633,67308.0
2024-10-25 15:50:00+00:00,SMSI,0.8141000270843506,0.8141000270843506,0.8141000270843506,0.8140000104904175,0.8140000104904175,1630.0
2024-10-25 15:50:00+00:00,SMTC,45.529998779296875,45.529998779296875,45.68000030517578,45.529998779296875,45.630001068115234,9130.0
2024-10-25 15:50:00+00:00,SNCR,10.604999542236328,10.604999542236328,10.604999542236328,10.600000381469727,10.600000381469727,680.0
2024-10-25 15:50:00+00:00,SNPS,501.45001220703125,501.45001220703125,501.760009765625,501.45001220703125,501.6000061035156,5325.0
2024-10-25 15:50:00+00:00,SONO,12.664999961853027,12.664999961853027,12.670900344848633,12.654999732971191,12.670900344848633,8115.0
2024-10-25 15:50:00+00:00,SOUN,5.184999942779541,5.184999942779541,5.190000057220459,5.179999828338623,5.184999942779541,48170.0
2024-10-25 15:50:00+00:00,SPNS,36.709999084472656,36.709999084472656,36.709999084472656,36.66999816894531,36.689998626708984,2865.0
2024-10-25 15:50:00+00:00,SPSC,170.9250030517578,170.9250030517578,171.0749969482422,170.89500427246094,171.02000427246094,3105.0
2024-10-25 15:50:00+00:00,SPT,26.989999771118164,26.989999771118164,27.010000228881836,26.989999771118164,27.010000228881836,1688.0
2024-10-25 15:50:00+00:00,SRAD,12.319999694824219,12.319999694824219,12.322999954223633,12.3100004196167,12.319999694824219,5291.0
2024-10-25 15:50:00+00:00,SSNC,70.04000091552734,70.04000091552734,70.05500030517578,69.9800033569336,70.04000091552734,50261.0
2024-10-25 15:50:00+00:00,SSYS,7.03000020980835,7.03000020980835,7.03000020980835,7.029799938201904,7.029799938201904,11072.0
2024-10-25 15:50:00+00:00,STNE,11.399999618530273,11.399999618530273,11.404999732971191,11.369999885559082,11.390000343322754,35720.0
2024-10-25 15:50:00+00:00,STX,103.41000366210938,103.41000366210938,103.44999694824219,103.375,103.42500305175781,17698.0
2024-10-25 15:50:00+00:00,SURG,1.7400000095367432,1.7400000095367432,1.7400000095367432,1.7400000095367432,1.7400000095367432,525.0
2024-10-25 15:50:00+00:00,SVRE,0.07850000262260437,0.07850000262260437,0.07850000262260437,0.07850000262260437,0.07850000262260437,942.0
2024-10-25 15:50:00+00:00,SWKS,95.66000366210938,95.66000366210938,95.80999755859375,95.66000366210938,95.80999755859375,7661.0
2024-10-25 15:50:00+00:00,SYNA,72.04000091552734,72.04000091552734,72.04000091552734,72.04000091552734,72.04000091552734,369.0
2024-10-25 15:50:00+00:00,SYTA,1.2949999570846558,1.2949999570846558,1.2949999570846558,1.2949999570846558,1.2949999570846558,0.0
2024-10-25 15:50:00+00:00,TACT,4.15500020980835,4.15500020980835,4.15500020980835,4.15500020980835,4.15500020980835,128.0
2024-10-25 15:50:00+00:00,TAIT,2.799999952316284,2.799999952316284,2.799999952316284,2.799999952316284,2.799999952316284,160.0
2024-10-25 15:50:00+00:00,TASK,11.984999656677246,11.984999656677246,12.0,11.984999656677246,12.0,494.0
2024-10-25 15:50:00+00:00,TCX,19.190000534057617,19.190000534057617,19.190000534057617,19.190000534057617,19.190000534057617,769.0
2024-10-25 15:50:00+00:00,TEAM,188.57000732421875,188.57000732421875,188.74000549316406,188.55999755859375,188.74000549316406,15533.0
2024-10-25 15:50:00+00:00,TENB,41.68000030517578,41.68000030517578,41.709999084472656,41.68000030517578,41.709999084472656,6513.0
2024-10-25 15:50:00+00:00,TER,112.44000244140625,112.44000244140625,112.5199966430664,112.44000244140625,112.51000213623047,18562.0
2024-10-25 15:50:00+00:00,TLS,3.5799999237060547,3.5799999237060547,3.5850000381469727,3.5799999237060547,3.5850000381469727,1717.0
2024-10-25 15:50:00+00:00,TRMB,60.900001525878906,60.900001525878906,60.904998779296875,60.880001068115234,60.88999938964844,6893.0
2024-10-25 15:50:00+00:00,TSEM,44.994998931884766,44.994998931884766,44.994998931884766,44.959999084472656,44.97999954223633,3060.0
2024-10-25 15:50:00+00:00,TTD,119.31999969482422,119.31999969482422,119.52999877929688,119.2699966430664,119.51000213623047,24225.0
2024-10-25 15:50:00+00:00,TTMI,19.6200008392334,19.6200008392334,19.6299991607666,19.579999923706055,19.579999923706055,7028.0
2024-10-25 15:50:00+00:00,TWKS,4.440000057220459,4.440000057220459,4.449999809265137,4.440000057220459,4.449999809265137,2148.0
2024-10-25 15:50:00+00:00,TXN,207.27000427246094,207.27000427246094,207.61000061035156,207.25,207.61000061035156,31703.0
2024-10-25 15:50:00+00:00,UCTT,35.79999923706055,35.79999923706055,35.86000061035156,35.79999923706055,35.83000183105469,1301.0
2024-10-25 15:50:00+00:00,UEIC,8.069999694824219,8.069999694824219,8.069999694824219,8.069999694824219,8.069999694824219,429.0
2024-10-25 15:50:00+00:00,VECO,29.3799991607666,29.3799991607666,29.40999984741211,29.3799991607666,29.40999984741211,8455.0
2024-10-25 15:50:00+00:00,VERI,3.4398999214172363,3.4398999214172363,3.444200038909912,3.430000066757202,3.430000066757202,7604.0
2024-10-25 15:50:00+00:00,VERX,42.130001068115234,42.130001068115234,42.224998474121094,42.130001068115234,42.18000030517578,5810.0
2024-10-25 15:50:00+00:00,VIAV,9.145000457763672,9.145000457763672,9.149999618530273,9.145000457763672,9.145000457763672,2125.0
2024-10-25 15:50:00+00:00,VICR,46.23500061035156,46.23500061035156,46.2599983215332,46.220001220703125,46.2599983215332,4309.0
2024-10-25 15:50:00+00:00,VMEO,4.755000114440918,4.755000114440918,4.764999866485596,4.755000114440918,4.760000228881836,14527.0
2024-10-25 15:50:00+00:00,VNET,3.365000009536743,3.365000009536743,3.365000009536743,3.365000009536743,3.365000009536743,1590.0
2024-10-25 15:50:00+00:00,VOXX,7.585000038146973,7.585000038146973,7.590000152587891,7.559999942779541,7.568900108337402,5308.0
2024-10-25 15:50:00+00:00,VRNS,56.86000061035156,56.86000061035156,56.86000061035156,56.79999923706055,56.80500030517578,7821.0
2024-10-25 15:50:00+00:00,VRNT,21.844999313354492,21.844999313354492,21.844999313354492,21.844999313354492,21.844999313354492,964.0
2024-10-25 15:50:00+00:00,VRSN,180.8300018310547,180.8300018310547,181.2050018310547,180.75010681152344,181.1999969482422,10384.0
2024-10-25 15:50:00+00:00,VS,2.4481000900268555,2.4481000900268555,2.4649999141693115,2.4481000900268555,2.4649999141693115,1640.0
2024-10-25 15:50:00+00:00,VSAT,10.244999885559082,10.244999885559082,10.25,10.239999771118164,10.25,3577.0
2024-10-25 15:50:00+00:00,VUZI,1.2999000549316406,1.2999000549316406,1.2999000549316406,1.2999000549316406,1.2999000549316406,888.0
2024-10-25 15:50:00+00:00,WALD,3.4800000190734863,3.4800000190734863,3.4800000190734863,3.4800000190734863,3.4800000190734863,302.0
2024-10-25 15:50:00+00:00,WDAY,237.97940063476562,237.97940063476562,238.3300018310547,237.97940063476562,238.3300018310547,22594.0
2024-10-25 15:50:00+00:00,WDC,69.77999877929688,69.77999877929688,69.93000030517578,69.75,69.9000015258789,73570.0
2024-10-25 15:50:00+00:00,WISA,2.009999990463257,2.009999990463257,2.0199999809265137,2.009999990463257,2.009999990463257,2975.0
2024-10-25 15:50:00+00:00,WIX,164.47000122070312,164.47000122070312,164.47000122070312,164.47000122070312,164.47000122070312,3625.0
2024-10-25 15:50:00+00:00,XPER,9.385000228881836,9.385000228881836,9.385000228881836,9.385000228881836,9.385000228881836,526.0
2024-10-25 15:50:00+00:00,XRX,9.979999542236328,9.979999542236328,9.989999771118164,9.975000381469727,9.989999771118164,16399.0
2024-10-25 15:50:00+00:00,ZBRA,360.82000732421875,360.82000732421875,360.8299865722656,360.6600036621094,360.6600036621094,4467.0
2024-10-25 15:50:00+00:00,ZI,10.524999618530273,10.524999618530273,10.539999961853027,10.524999618530273,10.529999732971191,22476.0
2024-10-25 15:50:00+00:00,ZM,72.93000030517578,72.93000030517578,72.98500061035156,72.91999816894531,72.95999908447266,12359.0
2024-10-25 15:50:00+00:00,ZS,184.83999633789062,184.83999633789062,185.0800018310547,184.83999633789062,185.0800018310547,4967.0
2024-10-25 15:51:00+00:00,AAOI,17.389999389648438,17.389999389648438,17.420000076293945,17.389999389648438,17.420000076293945,2718.0
2024-10-25 15:51:00+00:00,AAPL,231.60000610351562,231.60000610351562,231.75999450683594,231.5500030517578,231.66000366210938,89614.0
2024-10-25 15:51:00+00:00,ACIW,48.849998474121094,48.849998474121094,48.86899948120117,48.849998474121094,48.86899948120117,1246.0
2024-10-25 15:51:00+00:00,ACLS,90.05000305175781,90.05000305175781,90.07499694824219,90.02999877929688,90.05999755859375,4350.0
2024-10-25 15:51:00+00:00,ACMR,19.600000381469727,19.600000381469727,19.628999710083008,19.559999465942383,19.56999969482422,8881.0
2024-10-25 15:51:00+00:00,ADBE,483.0899963378906,483.0899963378906,483.2799987792969,483.0899963378906,483.2200012207031,11165.0
2024-10-25 15:51:00+00:00,ADI,230.9199981689453,230.9199981689453,231.02999877929688,230.9199981689453,230.97999572753906,8052.0
2024-10-25 15:51:00+00:00,ADSK,286.67999267578125,286.67999267578125,286.8949890136719,286.67999267578125,286.8299865722656,3736.0
2024-10-25 15:51:00+00:00,AEHR,16.940000534057617,16.940000534057617,16.950000762939453,16.930099487304688,16.950000762939453,2944.0
2024-10-25 15:51:00+00:00,AFRM,40.79999923706055,40.79999923706055,40.90999984741211,40.78010177612305,40.900001525878906,54099.0
2024-10-25 15:51:00+00:00,AGYS,109.86000061035156,109.86000061035156,109.87000274658203,109.73999786376953,109.87000274658203,996.0
2024-10-25 15:51:00+00:00,AIP,6.869999885559082,6.869999885559082,6.869999885559082,6.869999885559082,6.869999885559082,717.0
2024-10-25 15:51:00+00:00,AIRG,9.170100212097168,9.170100212097168,9.1899995803833,9.170100212097168,9.1899995803833,961.0
2024-10-25 15:51:00+00:00,AKAM,101.80999755859375,101.80999755859375,101.8499984741211,101.80000305175781,101.8499984741211,7878.0
2024-10-25 15:51:00+00:00,AKTS,0.05900000035762787,0.05900000035762787,0.05900000035762787,0.05900000035762787,0.05900000035762787,101.0
2024-10-25 15:51:00+00:00,ALGM,23.084999084472656,23.084999084472656,23.094999313354492,23.075000762939453,23.094999313354492,18484.0
2024-10-25 15:51:00+00:00,ALKT,38.2400016784668,38.2400016784668,38.2599983215332,38.2400016784668,38.2599983215332,1903.0
2024-10-25 15:51:00+00:00,ALRM,54.439998626708984,54.439998626708984,54.46500015258789,54.439998626708984,54.46500015258789,1702.0
2024-10-25 15:51:00+00:00,ALTR,103.38500213623047,103.38500213623047,103.41999816894531,103.37000274658203,103.41999816894531,2164.0
2024-10-25 15:51:00+00:00,AMAT,187.01499938964844,187.01499938964844,187.18499755859375,187.0,187.1300048828125,22845.0
2024-10-25 15:51:00+00:00,AMBA,57.7400016784668,57.7400016784668,57.7400016784668,57.72999954223633,57.72999954223633,966.0
2024-10-25 15:51:00+00:00,AMD,156.48899841308594,156.48899841308594,156.52000427246094,156.3800048828125,156.39999389648438,82524.0
2024-10-25 15:51:00+00:00,AMKR,29.979999542236328,29.979999542236328,30.0049991607666,29.979999542236328,29.989999771118164,5260.0
2024-10-25 15:51:00+00:00,AMPL,9.130000114440918,9.130000114440918,9.130000114440918,9.125,9.130000114440918,761.0
2024-10-25 15:51:00+00:00,ANSS,323.3290100097656,323.3290100097656,323.739990234375,323.3290100097656,323.7300109863281,571.0
2024-10-25 15:51:00+00:00,ANY,1.065000057220459,1.065000057220459,1.0700000524520874,1.059999942779541,1.0700000524520874,29013.0
2024-10-25 15:51:00+00:00,AOSL,35.95000076293945,35.95000076293945,35.970001220703125,35.939998626708984,35.970001220703125,1636.0
2024-10-25 15:51:00+00:00,APCX,0.7434999942779541,0.7434999942779541,0.7434999942779541,0.7429999709129333,0.7429999709129333,26472.0
2024-10-25 15:51:00+00:00,API,2.819999933242798,2.819999933242798,2.825000047683716,2.819999933242798,2.825000047683716,5746.0
2024-10-25 15:51:00+00:00,APP,161.9199981689453,161.9199981689453,161.99000549316406,161.91000366210938,161.9149932861328,13026.0
2024-10-25 15:51:00+00:00,APPF,212.6999969482422,212.6999969482422,212.6999969482422,212.6999969482422,212.6999969482422,987.0
2024-10-25 15:51:00+00:00,APPN,32.29499816894531,32.29499816894531,32.314998626708984,32.29199981689453,32.314998626708984,1594.0
2024-10-25 15:51:00+00:00,APPS,3.059999942779541,3.059999942779541,3.065000057220459,3.059999942779541,3.061300039291382,1775.0
2024-10-25 15:51:00+00:00,ARQQ,7.017000198364258,7.017000198364258,7.017000198364258,7.0,7.0,1657.0
2024-10-25 15:51:00+00:00,ARRY,6.454999923706055,6.454999923706055,6.465000152587891,6.449999809265137,6.465000152587891,48056.0
2024-10-25 15:51:00+00:00,ASML,713.8300170898438,713.8300170898438,714.0,713.5,714.0,5401.0
2024-10-25 15:51:00+00:00,ASNS,1.2999999523162842,1.2999999523162842,1.3049999475479126,1.2999999523162842,1.3049999475479126,1210.0
2024-10-25 15:51:00+00:00,ASTI,2.819999933242798,2.819999933242798,2.8299999237060547,2.819999933242798,2.8299999237060547,10235.0
2024-10-25 15:51:00+00:00,ASUR,9.670000076293945,9.670000076293945,9.680000305175781,9.649999618530273,9.680000305175781,1312.0
2024-10-25 15:51:00+00:00,ATOM,3.3450000286102295,3.3450000286102295,3.3450000286102295,3.3450000286102295,3.3450000286102295,200.0
2024-10-25 15:51:00+00:00,AUR,6.355000019073486,6.355000019073486,6.355000019073486,6.335000038146973,6.335000038146973,46482.0
2024-10-25 15:51:00+00:00,AVDX,8.074999809265137,8.074999809265137,8.09000015258789,8.074999809265137,8.085000038146973,15223.0
2024-10-25 15:51:00+00:00,AVGO,173.35000610351562,173.35000610351562,173.5,173.27999877929688,173.32000732421875,59092.0
2024-10-25 15:51:00+00:00,AVPT,11.925000190734863,11.925000190734863,11.925000190734863,11.90250015258789,11.90250015258789,4397.0
2024-10-25 15:51:00+00:00,AVT,53.95000076293945,53.95000076293945,54.02000045776367,53.95000076293945,53.994998931884766,3937.0
2024-10-25 15:51:00+00:00,AZPN,238.17999267578125,238.17999267578125,238.17999267578125,238.17999267578125,238.17999267578125,1065.0
2024-10-25 15:51:00+00:00,BAND,17.93000030517578,17.93000030517578,17.93000030517578,17.920000076293945,17.920000076293945,3926.0
2024-10-25 15:51:00+00:00,BIGC,5.255000114440918,5.255000114440918,5.255000114440918,5.255000114440918,5.255000114440918,447.0
2024-10-25 15:51:00+00:00,BL,56.439998626708984,56.439998626708984,56.439998626708984,56.369998931884766,56.400001525878906,6984.0
2024-10-25 15:51:00+00:00,BLKB,85.6500015258789,85.6500015258789,85.6500015258789,85.6500015258789,85.6500015258789,909.0
2024-10-25 15:51:00+00:00,BLZE,7.190000057220459,7.190000057220459,7.190000057220459,7.190000057220459,7.190000057220459,677.0
2024-10-25 15:51:00+00:00,BMBL,7.175000190734863,7.175000190734863,7.179999828338623,7.175000190734863,7.179999828338623,10101.0
2024-10-25 15:51:00+00:00,BRZE,30.799999237060547,30.799999237060547,30.834999084472656,30.780000686645508,30.834999084472656,3849.0
2024-10-25 15:51:00+00:00,BSY,49.03499984741211,49.03499984741211,49.040000915527344,49.029998779296875,49.040000915527344,5250.0
2024-10-25 15:51:00+00:00,CAMT,77.91000366210938,77.91000366210938,77.91000366210938,77.91000366210938,77.91000366210938,1220.0
2024-10-25 15:51:00+00:00,CAN,0.9704999923706055,0.9704999923706055,0.9732999801635742,0.9704999923706055,0.9732999801635742,47993.0
2024-10-25 15:51:00+00:00,CDNS,257.3299865722656,257.3299865722656,257.4700012207031,257.2799987792969,257.3699951171875,11117.0
2024-10-25 15:51:00+00:00,CDW,217.67999267578125,217.67999267578125,217.8000030517578,217.63999938964844,217.7100067138672,8018.0
2024-10-25 15:51:00+00:00,CETX,0.288100004196167,0.288100004196167,0.2906000018119812,0.28619998693466187,0.2906000018119812,46661.0
2024-10-25 15:51:00+00:00,CEVA,24.020000457763672,24.020000457763672,24.020000457763672,24.020000457763672,24.020000457763672,448.0
2024-10-25 15:51:00+00:00,CFLT,22.469999313354492,22.469999313354492,22.479999542236328,22.454999923706055,22.454999923706055,27826.0
2024-10-25 15:51:00+00:00,CGNX,38.875,38.875,38.88999938964844,38.869998931884766,38.880001068115234,5874.0
2024-10-25 15:51:00+00:00,CHKP,206.55999755859375,206.55999755859375,206.58999633789062,206.5500030517578,206.55999755859375,2136.0
2024-10-25 15:51:00+00:00,CLBT,18.235000610351562,18.235000610351562,18.235000610351562,18.229999542236328,18.235000610351562,4671.0
2024-10-25 15:51:00+00:00,CLFD,36.32500076293945,36.32500076293945,36.32500076293945,36.279998779296875,36.31999969482422,1001.0
2024-10-25 15:51:00+00:00,CLSK,11.414999961853027,11.414999961853027,11.460000038146973,11.414999961853027,11.430100440979004,236608.0
2024-10-25 15:51:00+00:00,CNDT,3.5950000286102295,3.5950000286102295,3.5950000286102295,3.5950000286102295,3.5950000286102295,1001.0
2024-10-25 15:51:00+00:00,CNXC,44.33000183105469,44.33000183105469,44.33000183105469,44.33000183105469,44.33000183105469,1461.0
2024-10-25 15:51:00+00:00,CNXN,69.94000244140625,69.94000244140625,69.94000244140625,69.94000244140625,69.94000244140625,839.0
2024-10-25 15:51:00+00:00,COHR,95.68000030517578,95.68000030517578,95.69999694824219,95.63999938964844,95.66999816894531,14702.0
2024-10-25 15:51:00+00:00,COHU,25.93000030517578,25.93000030517578,25.940000534057617,25.93000030517578,25.940000534057617,740.0
2024-10-25 15:51:00+00:00,COIN,204.72000122070312,204.72000122070312,204.99000549316406,204.7100067138672,204.83009338378906,27037.0
2024-10-25 15:51:00+00:00,COMM,6.224999904632568,6.224999904632568,6.235000133514404,6.224999904632568,6.235000133514404,8029.0
2024-10-25 15:51:00+00:00,CORZ,13.305000305175781,13.305000305175781,13.329999923706055,13.302000045776367,13.324999809265137,30187.0
2024-10-25 15:51:00+00:00,CORZW,7.789999961853027,7.789999961853027,7.789999961853027,7.789999961853027,7.789999961853027,1504.0
2024-10-25 15:51:00+00:00,CRCT,6.550000190734863,6.550000190734863,6.565000057220459,6.550000190734863,6.565000057220459,2092.0
2024-10-25 15:51:00+00:00,CRDO,39.11000061035156,39.11000061035156,39.130001068115234,39.08000183105469,39.08000183105469,7933.0
2024-10-25 15:51:00+00:00,CRNC,2.924999952316284,2.924999952316284,2.924999952316284,2.924999952316284,2.924999952316284,1743.0
2024-10-25 15:51:00+00:00,CRSR,6.315000057220459,6.315000057220459,6.315000057220459,6.315000057220459,6.315000057220459,714.0
2024-10-25 15:51:00+00:00,CRUS,122.30000305175781,122.30000305175781,122.37999725341797,122.30000305175781,122.37999725341797,3043.0
2024-10-25 15:51:00+00:00,CRWD,300.6050109863281,300.6050109863281,301.5256042480469,299.760009765625,299.80999755859375,96837.0
2024-10-25 15:51:00+00:00,CSCO,55.755001068115234,55.755001068115234,55.78499984741211,55.75,55.775001525878906,191102.0
2024-10-25 15:51:00+00:00,CSIQ,13.350000381469727,13.350000381469727,13.364999771118164,13.345000267028809,13.359999656677246,7887.0
2024-10-25 15:51:00+00:00,CTLP,8.914999961853027,8.914999961853027,8.914999961853027,8.914999961853027,8.914999961853027,724.0
2024-10-25 15:51:00+00:00,CTSH,74.80000305175781,74.80000305175781,74.8499984741211,74.79000091552734,74.82499694824219,21966.0
2024-10-25 15:51:00+00:00,CVLT,134.58999633789062,134.58999633789062,134.7100067138672,134.58999633789062,134.66000366210938,3385.0
2024-10-25 15:51:00+00:00,CYBR,290.8450012207031,290.8450012207031,290.95001220703125,290.7650146484375,290.7650146484375,2842.0
2024-10-25 15:51:00+00:00,DAKT,13.062000274658203,13.062000274658203,13.081999778747559,13.062000274658203,13.081999778747559,2192.0
2024-10-25 15:51:00+00:00,DATS,1.5896999835968018,1.5896999835968018,1.5896999835968018,1.5896999835968018,1.5896999835968018,0.0
2024-10-25 15:51:00+00:00,DAVE,38.76499938964844,38.76499938964844,38.95399856567383,38.76499938964844,38.95399856567383,3192.0
2024-10-25 15:51:00+00:00,DBX,25.985000610351562,25.985000610351562,26.010000228881836,25.96500015258789,26.010000228881836,16892.0
2024-10-25 15:51:00+00:00,DDOG,126.79000091552734,126.79000091552734,126.87999725341797,126.73999786376953,126.80999755859375,34764.0
2024-10-25 15:51:00+00:00,DIOD,64.69000244140625,64.69000244140625,64.75,64.68000030517578,64.75,3300.0
2024-10-25 15:51:00+00:00,DLO,8.824999809265137,8.824999809265137,8.829999923706055,8.824999809265137,8.824999809265137,4237.0
2024-10-25 15:51:00+00:00,DMRC,32.15010070800781,32.15010070800781,32.20500183105469,32.15010070800781,32.20000076293945,1352.0
2024-10-25 15:51:00+00:00,DOCU,68.84500122070312,68.84500122070312,68.86000061035156,68.77999877929688,68.77999877929688,13310.0
2024-10-25 15:51:00+00:00,DOMO,8.074999809265137,8.074999809265137,8.074999809265137,8.074999809265137,8.074999809265137,1366.0
2024-10-25 15:51:00+00:00,DOX,88.95999908447266,88.95999908447266,88.95999908447266,88.95999908447266,88.95999908447266,3389.0
2024-10-25 15:51:00+00:00,DSP,11.4350004196167,11.4350004196167,11.4350004196167,11.4350004196167,11.4350004196167,553.0
2024-10-25 15:51:00+00:00,DTSS,2.4800000190734863,2.4800000190734863,2.4800000190734863,2.4800000190734863,2.4800000190734863,100.0
2024-10-25 15:51:00+00:00,EEFT,100.33000183105469,100.33000183105469,100.5999984741211,100.33000183105469,100.5999984741211,4244.0
2024-10-25 15:51:00+00:00,ENPH,83.83499908447266,83.83499908447266,83.98999786376953,83.80999755859375,83.98999786376953,25753.0
2024-10-25 15:51:00+00:00,ENTG,105.26000213623047,105.26000213623047,105.4000015258789,105.26000213623047,105.36499786376953,10991.0
2024-10-25 15:51:00+00:00,ERIC,8.460000038146973,8.460000038146973,8.46500015258789,8.460000038146973,8.460000038146973,40985.0
2024-10-25 15:51:00+00:00,EXLS,38.58000183105469,38.58000183105469,38.59000015258789,38.58000183105469,38.584999084472656,2786.0
2024-10-25 15:51:00+00:00,EXTR,14.329999923706055,14.329999923706055,14.349900245666504,14.329999923706055,14.349900245666504,3837.0
2024-10-25 15:51:00+00:00,FARO,17.985000610351562,17.985000610351562,18.0,17.985000610351562,17.989999771118164,2429.0
2024-10-25 15:51:00+00:00,FFIV,217.02000427246094,217.02000427246094,217.07000732421875,216.91000366210938,216.91000366210938,4557.0
2024-10-25 15:51:00+00:00,FIVN,29.670000076293945,29.670000076293945,29.697999954223633,29.670000076293945,29.69499969482422,6936.0
2024-10-25 15:51:00+00:00,FLEX,35.18000030517578,35.18000030517578,35.185001373291016,35.16999816894531,35.17499923706055,13028.0
2024-10-25 15:51:00+00:00,FLYW,17.290000915527344,17.290000915527344,17.329999923706055,17.290000915527344,17.325000762939453,5783.0
2024-10-25 15:51:00+00:00,FORM,44.83000183105469,44.83000183105469,44.89500045776367,44.83000183105469,44.880001068115234,5489.0
2024-10-25 15:51:00+00:00,FROG,29.219999313354492,29.219999313354492,29.239999771118164,29.219999313354492,29.23900032043457,5269.0
2024-10-25 15:51:00+00:00,FRSH,11.635000228881836,11.635000228881836,11.645000457763672,11.635000228881836,11.645000457763672,9404.0
2024-10-25 15:51:00+00:00,FSLR,198.27999877929688,198.27999877929688,198.39999389648438,198.27000427246094,198.27000427246094,8347.0
2024-10-25 15:51:00+00:00,FTNT,80.44000244140625,80.44000244140625,80.44999694824219,80.37999725341797,80.41999816894531,23535.0
2024-10-25 15:51:00+00:00,GCT,24.315000534057617,24.315000534057617,24.38010025024414,24.270000457763672,24.3799991607666,12474.0
2024-10-25 15:51:00+00:00,GDS,21.43000030517578,21.43000030517578,21.440000534057617,21.40999984741211,21.440000534057617,3189.0
2024-10-25 15:51:00+00:00,GDYN,15.579999923706055,15.579999923706055,15.579999923706055,15.579999923706055,15.579999923706055,580.0
2024-10-25 15:51:00+00:00,GFS,40.36000061035156,40.36000061035156,40.380001068115234,40.34000015258789,40.34000015258789,14687.0
2024-10-25 15:51:00+00:00,GILT,4.929999828338623,4.929999828338623,4.929999828338623,4.929999828338623,4.929999828338623,208.0
2024-10-25 15:51:00+00:00,GPRO,1.3049999475479126,1.3049999475479126,1.309999942779541,1.2999999523162842,1.3049999475479126,5119.0
2024-10-25 15:51:00+00:00,GRAB,4.085999965667725,4.085999965667725,4.090000152587891,4.079999923706055,4.085000038146973,96464.0
2024-10-25 15:51:00+00:00,GRRR,4.4994001388549805,4.4994001388549805,4.5,4.494999885559082,4.494999885559082,1337.0
2024-10-25 15:51:00+00:00,GSIT,3.390000104904175,3.390000104904175,3.410599946975708,3.390000104904175,3.410599946975708,2589.0
2024-10-25 15:51:00+00:00,GTLB,54.875,54.875,54.880001068115234,54.83000183105469,54.83000183105469,4756.0
2024-10-25 15:51:00+00:00,HCKT,24.59000015258789,24.59000015258789,24.59000015258789,24.59000015258789,24.59000015258789,519.0
2024-10-25 15:51:00+00:00,HCP,33.6349983215332,33.6349983215332,33.63999938964844,33.6349983215332,33.6349983215332,3653.0
2024-10-25 15:51:00+00:00,HIMX,6.15500020980835,6.15500020980835,6.15500020980835,6.15500020980835,6.15500020980835,1718.0
2024-10-25 15:51:00+00:00,HLIT,14.805000305175781,14.805000305175781,14.8100004196167,14.800000190734863,14.800000190734863,5439.0
2024-10-25 15:51:00+00:00,HOLO,3.569999933242798,3.569999933242798,3.5792999267578125,3.569999933242798,3.577699899673462,1494.0
2024-10-25 15:51:00+00:00,HOOD,27.020000457763672,27.020000457763672,27.040000915527344,27.020000457763672,27.03499984741211,25271.0
2024-10-25 15:51:00+00:00,IBEX,18.079999923706055,18.079999923706055,18.079999923706055,18.06999969482422,18.06999969482422,340.0
2024-10-25 15:51:00+00:00,IDN,2.4200000762939453,2.4200000762939453,2.4200000762939453,2.4200000762939453,2.4200000762939453,200.0
2024-10-25 15:51:00+00:00,IMMR,8.649999618530273,8.649999618530273,8.651800155639648,8.649999618530273,8.651800155639648,1502.0
2024-10-25 15:51:00+00:00,INDI,3.484999895095825,3.484999895095825,3.484999895095825,3.4800000190734863,3.484999895095825,10586.0
2024-10-25 15:51:00+00:00,INFN,6.775000095367432,6.775000095367432,6.775000095367432,6.769999980926514,6.769999980926514,660.0
2024-10-25 15:51:00+00:00,INOD,20.15999984741211,20.15999984741211,20.15999984741211,20.139999389648438,20.139999389648438,854.0
2024-10-25 15:51:00+00:00,INSG,19.6299991607666,19.6299991607666,19.6299991607666,19.6299991607666,19.6299991607666,886.0
2024-10-25 15:51:00+00:00,INTA,50.2400016784668,50.2400016784668,50.25,50.220001220703125,50.22999954223633,13038.0
2024-10-25 15:51:00+00:00,INTC,22.793100357055664,22.793100357055664,22.81999969482422,22.790000915527344,22.799999237060547,221420.0
2024-10-25 15:51:00+00:00,INTU,609.14501953125,609.14501953125,609.4299926757812,609.030029296875,609.0399780273438,10020.0
2024-10-25 15:51:00+00:00,IPGP,76.82499694824219,76.82499694824219,77.0199966430664,76.82499694824219,76.93499755859375,1696.0
2024-10-25 15:51:00+00:00,ITI,7.199999809265137,7.199999809265137,7.199999809265137,7.199999809265137,7.199999809265137,1884.0
2024-10-25 15:51:00+00:00,ITRI,102.55000305175781,102.55000305175781,102.61000061035156,102.55000305175781,102.61000061035156,1271.0
2024-10-25 15:51:00+00:00,ITRN,27.444000244140625,27.444000244140625,27.444000244140625,27.399999618530273,27.44300079345703,1016.0
2024-10-25 15:51:00+00:00,JAMF,16.7549991607666,16.7549991607666,16.764999389648438,16.7549991607666,16.764999389648438,4281.0
2024-10-25 15:51:00+00:00,JKHY,182.80999755859375,182.80999755859375,182.85000610351562,182.80999755859375,182.83999633789062,1845.0
2024-10-25 15:51:00+00:00,KARO,39.84000015258789,39.84000015258789,39.84000015258789,39.84000015258789,39.84000015258789,200.0
2024-10-25 15:51:00+00:00,KC,2.6600000858306885,2.6600000858306885,2.6679999828338623,2.6600000858306885,2.6649999618530273,1255.0
2024-10-25 15:51:00+00:00,KLAC,674.9199829101562,674.9199829101562,675.510009765625,674.9199829101562,675.155029296875,3733.0
2024-10-25 15:51:00+00:00,KLIC,44.65999984741211,44.65999984741211,44.69499969482422,44.65999984741211,44.69499969482422,7056.0
2024-10-25 15:51:00+00:00,KPLT,8.79580020904541,8.79580020904541,8.79580020904541,8.79580020904541,8.79580020904541,134.0
2024-10-25 15:51:00+00:00,KTCC,5.914999961853027,5.914999961853027,5.914999961853027,5.914999961853027,5.914999961853027,170.0
2024-10-25 15:51:00+00:00,LASR,10.380000114440918,10.380000114440918,10.380000114440918,10.375,10.375,1540.0
2024-10-25 15:51:00+00:00,LFUS,252.86000061035156,252.86000061035156,253.07000732421875,252.86000061035156,253.0399932861328,2024.0
2024-10-25 15:51:00+00:00,LITE,64.36000061035156,64.36000061035156,64.41999816894531,64.33999633789062,64.41999816894531,4686.0
2024-10-25 15:51:00+00:00,LOGI,80.69999694824219,80.69999694824219,80.69999694824219,80.69499969482422,80.69999694824219,1587.0
2024-10-25 15:51:00+00:00,LPSN,1.1649999618530273,1.1649999618530273,1.1649999618530273,1.1649999618530273,1.1649999618530273,1234.0
2024-10-25 15:51:00+00:00,LRCX,78.02999877929688,78.02999877929688,78.13999938964844,78.01000213623047,78.106201171875,66464.0
2024-10-25 15:51:00+00:00,LSCC,54.150001525878906,54.150001525878906,54.209999084472656,54.119998931884766,54.20000076293945,15601.0
2024-10-25 15:51:00+00:00,LYFT,13.449999809265137,13.449999809265137,13.494999885559082,13.449999809265137,13.484999656677246,146389.0
2024-10-25 15:51:00+00:00,MANH,276.0050048828125,276.0050048828125,276.05999755859375,275.9700012207031,276.05999755859375,2775.0
2024-10-25 15:51:00+00:00,MAXN,5.690000057220459,5.690000057220459,5.690000057220459,5.690000057220459,5.690000057220459,613.0
2024-10-25 15:51:00+00:00,MCHP,76.57499694824219,76.57499694824219,76.68000030517578,76.57499694824219,76.66500091552734,23389.0
2024-10-25 15:51:00+00:00,MDB,267.9200134277344,267.9200134277344,268.29998779296875,267.9200134277344,268.2449951171875,7664.0
2024-10-25 15:51:00+00:00,MITK,8.770000457763672,8.770000457763672,8.770000457763672,8.770000457763672,8.770000457763672,425.0
2024-10-25 15:51:00+00:00,MKSI,101.125,101.125,101.19000244140625,101.0999984741211,101.11750030517578,10762.0
2024-10-25 15:51:00+00:00,MNDO,1.9299999475479126,1.9299999475479126,1.9300999641418457,1.9299999475479126,1.9299999475479126,21800.0
2024-10-25 15:51:00+00:00,MNDY,298.7049865722656,298.7049865722656,298.8175048828125,298.7049865722656,298.8175048828125,2592.0
2024-10-25 15:51:00+00:00,MOB,1.3799999952316284,1.3799999952316284,1.3799999952316284,1.3799999952316284,1.3799999952316284,49.0
2024-10-25 15:51:00+00:00,MPWR,906.9099731445312,906.9099731445312,907.5700073242188,906.9099731445312,907.4199829101562,7193.0
2024-10-25 15:51:00+00:00,MQ,5.304999828338623,5.304999828338623,5.304999828338623,5.295000076293945,5.295000076293945,48596.0
2024-10-25 15:51:00+00:00,MRAM,6.369999885559082,6.369999885559082,6.369999885559082,6.369999885559082,6.369999885559082,443.0
2024-10-25 15:51:00+00:00,MRVL,82.08999633789062,82.08999633789062,82.08999633789062,82.05000305175781,82.05500030517578,43903.0
2024-10-25 15:51:00+00:00,MSFT,428.1099853515625,428.1099853515625,428.32000732421875,428.1099853515625,428.1400146484375,37259.0
2024-10-25 15:51:00+00:00,MSTR,235.05999755859375,235.05999755859375,235.34849548339844,234.82009887695312,235.00999450683594,43800.0
2024-10-25 15:51:00+00:00,MTC,0.37950000166893005,0.37950000166893005,0.37950000166893005,0.37950000166893005,0.37950000166893005,17900.0
2024-10-25 15:51:00+00:00,MTLS,5.929999828338623,5.929999828338623,5.929999828338623,5.925000190734863,5.925000190734863,509.0
2024-10-25 15:51:00+00:00,MTSI,121.36000061035156,121.36000061035156,121.43000030517578,121.19000244140625,121.19000244140625,7313.0
2024-10-25 15:51:00+00:00,MTTR,4.590000152587891,4.590000152587891,4.590000152587891,4.585000038146973,4.585000038146973,30533.0
2024-10-25 15:51:00+00:00,MU,108.08499908447266,108.08499908447266,108.16500091552734,108.08499908447266,108.125,49539.0
2024-10-25 15:51:00+00:00,MVIS,1.0750000476837158,1.0750000476837158,1.0750000476837158,1.0700000524520874,1.0700000524520874,1092.0
2024-10-25 15:51:00+00:00,MXL,14.8149995803833,14.8149995803833,14.8149995803833,14.770299911499023,14.770299911499023,12898.0
2024-10-25 15:51:00+00:00,NCNO,37.8849983215332,37.8849983215332,37.8849983215332,37.8849983215332,37.8849983215332,3050.0
2024-10-25 15:51:00+00:00,NICE,174.15499877929688,174.15499877929688,174.15499877929688,174.15499877929688,174.15499877929688,722.0
2024-10-25 15:51:00+00:00,NOVT,172.99000549316406,172.99000549316406,172.99000549316406,172.99000549316406,172.99000549316406,634.0
2024-10-25 15:51:00+00:00,NTAP,119.69999694824219,119.69999694824219,119.73500061035156,119.67500305175781,119.67500305175781,8308.0
2024-10-25 15:51:00+00:00,NTCT,20.725000381469727,20.725000381469727,20.735000610351562,20.725000381469727,20.735000610351562,2351.0
2024-10-25 15:51:00+00:00,NTGR,20.270000457763672,20.270000457763672,20.270000457763672,20.2549991607666,20.2549991607666,934.0
2024-10-25 15:51:00+00:00,NTNX,62.040000915527344,62.040000915527344,62.060001373291016,61.970001220703125,62.02000045776367,10129.0
2024-10-25 15:51:00+00:00,NVDA,141.82000732421875,141.82000732421875,141.8699951171875,141.73069763183594,141.7449951171875,526482.0
2024-10-25 15:51:00+00:00,NVEI,33.4900016784668,33.4900016784668,33.494998931884766,33.4900016784668,33.494998931884766,958.0
2024-10-25 15:51:00+00:00,NVMI,184.92999267578125,184.92999267578125,184.92999267578125,184.83999633789062,184.83999633789062,1511.0
2024-10-25 15:51:00+00:00,NVTS,2.555000066757202,2.555000066757202,2.5599000453948975,2.555000066757202,2.5599000453948975,773.0
2024-10-25 15:51:00+00:00,NXPI,243.0,243.0,243.0800018310547,242.91000366210938,243.05999755859375,11058.0
2024-10-25 15:51:00+00:00,OKTA,72.37000274658203,72.37000274658203,72.37000274658203,72.33999633789062,72.36000061035156,3607.0
2024-10-25 15:51:00+00:00,OLED,202.77999877929688,202.77999877929688,202.97999572753906,202.77999877929688,202.97999572753906,1444.0
2024-10-25 15:51:00+00:00,ON,71.16999816894531,71.16999816894531,71.2300033569336,71.12999725341797,71.12999725341797,66946.0
2024-10-25 15:51:00+00:00,OSIS,134.42999267578125,134.42999267578125,134.50999450683594,134.42999267578125,134.47000122070312,6522.0
2024-10-25 15:51:00+00:00,OSPN,14.539999961853027,14.539999961853027,14.539999961853027,14.539999961853027,14.539999961853027,266.0
2024-10-25 15:51:00+00:00,OTEX,33.20500183105469,33.20500183105469,33.20500183105469,33.189998626708984,33.189998626708984,2765.0
2024-10-25 15:51:00+00:00,PANW,366.1700134277344,366.1700134277344,366.4549865722656,366.0299987792969,366.1000061035156,7961.0
2024-10-25 15:51:00+00:00,PAYO,8.345000267028809,8.345000267028809,8.345000267028809,8.345000267028809,8.345000267028809,4784.0
2024-10-25 15:51:00+00:00,PCTY,173.4600067138672,173.4600067138672,173.6999969482422,173.4600067138672,173.6999969482422,3953.0
2024-10-25 15:51:00+00:00,PDFS,29.209999084472656,29.209999084472656,29.209999084472656,29.200000762939453,29.200000762939453,435.0
2024-10-25 15:51:00+00:00,PEGA,79.97799682617188,79.97799682617188,80.0,79.91999816894531,79.96199798583984,10668.0
2024-10-25 15:51:00+00:00,PEGY,4.747300148010254,4.747300148010254,4.747300148010254,4.747300148010254,4.747300148010254,254.0
2024-10-25 15:51:00+00:00,PGY,11.949999809265137,11.949999809265137,11.984999656677246,11.949999809265137,11.984999656677246,10823.0
2024-10-25 15:51:00+00:00,PHUN,10.384300231933594,10.384300231933594,10.460000038146973,10.380000114440918,10.42140007019043,48045.0
2024-10-25 15:51:00+00:00,PI,199.02000427246094,199.02000427246094,200.19459533691406,199.02000427246094,200.18499755859375,8408.0
2024-10-25 15:51:00+00:00,PLAB,23.625,23.625,23.649999618530273,23.625,23.649999618530273,3231.0
2024-10-25 15:51:00+00:00,PLUS,97.66000366210938,97.66000366210938,97.7509994506836,97.66000366210938,97.7509994506836,1067.0
2024-10-25 15:51:00+00:00,PLXS,140.9499969482422,140.9499969482422,141.0800018310547,140.9499969482422,141.05999755859375,2644.0
2024-10-25 15:51:00+00:00,POWI,63.279998779296875,63.279998779296875,63.279998779296875,63.279998779296875,63.279998779296875,711.0
2024-10-25 15:51:00+00:00,PRCH,1.2949999570846558,1.2949999570846558,1.2949999570846558,1.2949999570846558,1.2949999570846558,114.0
2024-10-25 15:51:00+00:00,PRGS,64.6449966430664,64.6449966430664,64.6449966430664,64.6449966430664,64.6449966430664,461.0
2024-10-25 15:51:00+00:00,PTC,187.4199981689453,187.4199981689453,187.5050048828125,187.4199981689453,187.5,9458.0
2024-10-25 15:51:00+00:00,PUBM,14.765000343322754,14.765000343322754,14.765000343322754,14.760000228881836,14.765000343322754,826.0
2024-10-25 15:51:00+00:00,PYCR,14.359999656677246,14.359999656677246,14.359999656677246,14.359999656677246,14.359999656677246,1142.0
2024-10-25 15:51:00+00:00,QCOM,170.47999572753906,170.47999572753906,170.66000366210938,170.4499969482422,170.64990234375,31803.0
2024-10-25 15:51:00+00:00,QLYS,120.9800033569336,120.9800033569336,121.0199966430664,120.94999694824219,120.94999694824219,1290.0
2024-10-25 15:51:00+00:00,QMCO,5.130000114440918,5.130000114440918,5.130000114440918,5.130000114440918,5.130000114440918,516.0
2024-10-25 15:51:00+00:00,QRVO,99.52999877929688,99.52999877929688,99.55000305175781,99.47000122070312,99.5199966430664,12328.0
2024-10-25 15:51:00+00:00,QUBT,1.0850000381469727,1.0850000381469727,1.0892000198364258,1.0850000381469727,1.0859999656677246,3757.0
2024-10-25 15:51:00+00:00,RCAT,2.714200019836426,2.714200019836426,2.7149999141693115,2.7100000381469727,2.7149999141693115,2125.0
2024-10-25 15:51:00+00:00,REKR,1.0800000429153442,1.0800000429153442,1.0800000429153442,1.0800000429153442,1.0800000429153442,2212.0
2024-10-25 15:51:00+00:00,RELY,14.8149995803833,14.8149995803833,14.819999694824219,14.8149995803833,14.8149995803833,4611.0
2024-10-25 15:51:00+00:00,RGTI,1.2000000476837158,1.2000000476837158,1.2100000381469727,1.2000000476837158,1.2099000215530396,2100.0
2024-10-25 15:51:00+00:00,RIOT,9.661299705505371,9.661299705505371,9.680000305175781,9.66100025177002,9.675000190734863,66119.0
2024-10-25 15:51:00+00:00,RMBS,43.415000915527344,43.415000915527344,43.45000076293945,43.38999938964844,43.43000030517578,11923.0
2024-10-25 15:51:00+00:00,RPAY,7.734000205993652,7.734000205993652,7.739999771118164,7.734000205993652,7.735000133514404,9373.0
2024-10-25 15:51:00+00:00,RPD,38.970001220703125,38.970001220703125,39.0,38.970001220703125,39.0,2205.0
2024-10-25 15:51:00+00:00,RUM,5.670000076293945,5.670000076293945,5.679999828338623,5.670000076293945,5.679999828338623,5820.0
2024-10-25 15:51:00+00:00,RUN,14.345000267028809,14.345000267028809,14.375,14.34000015258789,14.375,24053.0
2024-10-25 15:51:00+00:00,SANM,67.52999877929688,67.52999877929688,67.55000305175781,67.5199966430664,67.55000305175781,1218.0
2024-10-25 15:51:00+00:00,SATS,25.09000015258789,25.09000015258789,25.15999984741211,25.09000015258789,25.149999618530273,7708.0
2024-10-25 15:51:00+00:00,SCSC,44.91999816894531,44.91999816894531,44.91999816894531,44.91999816894531,44.91999816894531,325.0
2024-10-25 15:51:00+00:00,SCWX,8.380000114440918,8.380000114440918,8.380000114440918,8.375,8.375,4392.0
2024-10-25 15:51:00+00:00,SEDG,16.049999237060547,16.049999237060547,16.100000381469727,16.049999237060547,16.100000381469727,16948.0
2024-10-25 15:51:00+00:00,SHLS,5.164999961853027,5.164999961853027,5.175000190734863,5.159999847412109,5.170000076293945,12571.0
2024-10-25 15:51:00+00:00,SITM,178.35499572753906,178.35499572753906,178.4199981689453,178.05999755859375,178.4199981689453,1673.0
2024-10-25 15:51:00+00:00,SLAB,113.7249984741211,113.7249984741211,113.81999969482422,113.7249984741211,113.81999969482422,1309.0
2024-10-25 15:51:00+00:00,SLNHP,13.130000114440918,13.130000114440918,13.130000114440918,13.130000114440918,13.130000114440918,1952.0
2024-10-25 15:51:00+00:00,SMCI,47.404998779296875,47.404998779296875,47.47010040283203,47.404998779296875,47.435001373291016,78405.0
2024-10-25 15:51:00+00:00,SMTC,45.599998474121094,45.599998474121094,45.650001525878906,45.52000045776367,45.54499816894531,10316.0
2024-10-25 15:51:00+00:00,SNPS,501.44500732421875,501.44500732421875,501.54998779296875,501.44500732421875,501.5400085449219,2257.0
2024-10-25 15:51:00+00:00,SONO,12.664999961853027,12.664999961853027,12.670000076293945,12.664999961853027,12.664999961853027,1879.0
2024-10-25 15:51:00+00:00,SOUN,5.1875,5.1875,5.189899921417236,5.179999828338623,5.187300205230713,15934.0
2024-10-25 15:51:00+00:00,SPSC,170.9550018310547,170.9550018310547,170.9600067138672,170.9550018310547,170.9600067138672,2089.0
2024-10-25 15:51:00+00:00,SPT,27.010000228881836,27.010000228881836,27.010000228881836,27.0,27.0,1945.0
2024-10-25 15:51:00+00:00,SRAD,12.319999694824219,12.319999694824219,12.319999694824219,12.3100004196167,12.319999694824219,5114.0
2024-10-25 15:51:00+00:00,SSNC,70.1050033569336,70.1050033569336,70.12999725341797,70.03500366210938,70.04000091552734,41310.0
2024-10-25 15:51:00+00:00,SSYS,7.03000020980835,7.03000020980835,7.034999847412109,7.03000020980835,7.034999847412109,0.0
2024-10-25 15:51:00+00:00,STNE,11.380000114440918,11.380000114440918,11.399999618530273,11.375,11.399999618530273,22657.0
2024-10-25 15:51:00+00:00,STX,103.41999816894531,103.41999816894531,103.47000122070312,103.4000015258789,103.41999816894531,18235.0
2024-10-25 15:51:00+00:00,SVRE,0.07850000262260437,0.07850000262260437,0.07850000262260437,0.07850000262260437,0.07850000262260437,6362.0
2024-10-25 15:51:00+00:00,SWKS,95.6050033569336,95.6050033569336,95.66999816894531,95.58999633789062,95.66999816894531,15622.0
2024-10-25 15:51:00+00:00,SYNA,71.98999786376953,71.98999786376953,71.98999786376953,71.98999786376953,71.98999786376953,161.0
2024-10-25 15:51:00+00:00,SYTA,1.2949999570846558,1.2949999570846558,1.2999999523162842,1.2949999570846558,1.2999000549316406,21224.0
2024-10-25 15:51:00+00:00,TASK,11.949999809265137,11.949999809265137,11.949999809265137,11.949999809265137,11.949999809265137,230.0
2024-10-25 15:51:00+00:00,TEAM,188.7949981689453,188.7949981689453,188.83999633789062,188.5800018310547,188.5800018310547,15647.0
2024-10-25 15:51:00+00:00,TENB,41.70000076293945,41.70000076293945,41.720001220703125,41.685001373291016,41.685001373291016,6505.0
2024-10-25 15:51:00+00:00,TER,112.29000091552734,112.29000091552734,112.43250274658203,112.27400207519531,112.43000030517578,36334.0
2024-10-25 15:51:00+00:00,TRMB,60.900001525878906,60.900001525878906,60.9010009765625,60.88999938964844,60.88999938964844,5510.0
2024-10-25 15:51:00+00:00,TSEM,44.935001373291016,44.935001373291016,45.0099983215332,44.935001373291016,45.0,8544.0
2024-10-25 15:51:00+00:00,TTD,119.30000305175781,119.30000305175781,119.43000030517578,119.30000305175781,119.31999969482422,13639.0
2024-10-25 15:51:00+00:00,TTEC,5.360000133514404,5.360000133514404,5.360000133514404,5.360000133514404,5.360000133514404,623.0
2024-10-25 15:51:00+00:00,TTMI,19.604999542236328,19.604999542236328,19.625,19.59000015258789,19.6200008392334,16539.0
2024-10-25 15:51:00+00:00,TWKS,4.440000057220459,4.440000057220459,4.440000057220459,4.440000057220459,4.440000057220459,9588.0
2024-10-25 15:51:00+00:00,TXN,207.32249450683594,207.32249450683594,207.39999389648438,207.25,207.25999450683594,25585.0
2024-10-25 15:51:00+00:00,UCTT,35.790000915527344,35.790000915527344,35.814998626708984,35.790000915527344,35.814998626708984,1138.0
2024-10-25 15:51:00+00:00,UPLD,2.1698999404907227,2.1698999404907227,2.1700000762939453,2.1698999404907227,2.1700000762939453,10855.0
2024-10-25 15:51:00+00:00,VCSA,2.398400068283081,2.398400068283081,2.398400068283081,2.398400068283081,2.398400068283081,507.0
2024-10-25 15:51:00+00:00,VECO,29.3700008392334,29.3700008392334,29.385000228881836,29.3700008392334,29.385000228881836,2910.0
2024-10-25 15:51:00+00:00,VERI,3.446000099182129,3.446000099182129,3.446000099182129,3.434000015258789,3.434999942779541,8347.0
2024-10-25 15:51:00+00:00,VERX,42.14500045776367,42.14500045776367,42.14500045776367,42.09000015258789,42.119998931884766,4317.0
2024-10-25 15:51:00+00:00,VIAV,9.140000343322754,9.140000343322754,9.145000457763672,9.135000228881836,9.145000457763672,8532.0
2024-10-25 15:51:00+00:00,VMEO,4.75,4.75,4.755000114440918,4.75,4.75,9965.0
2024-10-25 15:51:00+00:00,VNET,3.365000009536743,3.365000009536743,3.365000009536743,3.359999895095825,3.365000009536743,1438.0
2024-10-25 15:51:00+00:00,VOXX,7.579999923706055,7.579999923706055,7.579999923706055,7.579999923706055,7.579999923706055,1575.0
2024-10-25 15:51:00+00:00,VRNS,56.88999938964844,56.88999938964844,56.90999984741211,56.849998474121094,56.849998474121094,10468.0
2024-10-25 15:51:00+00:00,VRNT,21.834999084472656,21.834999084472656,21.844999313354492,21.829999923706055,21.844999313354492,4400.0
2024-10-25 15:51:00+00:00,VRSN,180.77000427246094,180.77000427246094,180.89999389648438,180.72999572753906,180.8300018310547,11415.0
2024-10-25 15:51:00+00:00,VSAT,10.229999542236328,10.229999542236328,10.244999885559082,10.225000381469727,10.244999885559082,11233.0
2024-10-25 15:51:00+00:00,VVPR,0.8019999861717224,0.8019999861717224,0.8019999861717224,0.8019999861717224,0.8019999861717224,262.0
2024-10-25 15:51:00+00:00,WDAY,238.0800018310547,238.0800018310547,238.17250061035156,238.01499938964844,238.01499938964844,11235.0
2024-10-25 15:51:00+00:00,WDC,69.76000213623047,69.76000213623047,69.81999969482422,69.74500274658203,69.79409790039062,83327.0
2024-10-25 15:51:00+00:00,WISA,2.0,2.0,2.0199999809265137,2.0,2.0199999809265137,5145.0
2024-10-25 15:51:00+00:00,XPER,9.385000228881836,9.385000228881836,9.385000228881836,9.380000114440918,9.380000114440918,785.0
2024-10-25 15:51:00+00:00,XRX,9.975000381469727,9.975000381469727,9.984999656677246,9.975000381469727,9.984999656677246,7485.0
2024-10-25 15:51:00+00:00,ZBRA,360.6000061035156,360.6000061035156,360.6000061035156,360.6000061035156,360.6000061035156,625.0
2024-10-25 15:51:00+00:00,ZI,10.515000343322754,10.515000343322754,10.524999618530273,10.515000343322754,10.524999618530273,19626.0
2024-10-25 15:51:00+00:00,ZM,73.0,73.0,73.0199966430664,72.9000015258789,72.93000030517578,22284.0
2024-10-25 15:51:00+00:00,ZS,184.8699951171875,184.8699951171875,185.0,184.82000732421875,184.82000732421875,14352.0
2024-10-25 15:52:00+00:00,AAOI,17.450000762939453,17.450000762939453,17.450000762939453,17.3799991607666,17.393999099731445,10131.0
2024-10-25 15:52:00+00:00,AAPL,231.52999877929688,231.52999877929688,231.61000061035156,231.47000122070312,231.60499572753906,99535.0
2024-10-25 15:52:00+00:00,ACIW,48.845001220703125,48.845001220703125,48.845001220703125,48.845001220703125,48.845001220703125,703.0
2024-10-25 15:52:00+00:00,ACLS,90.04000091552734,90.04000091552734,90.04000091552734,90.0,90.01000213623047,3161.0
2024-10-25 15:52:00+00:00,ACMR,19.549999237060547,19.549999237060547,19.56999969482422,19.549999237060547,19.56999969482422,1821.0
2024-10-25 15:52:00+00:00,ADBE,483.1600036621094,483.1600036621094,483.20001220703125,483.0199890136719,483.19000244140625,10549.0
2024-10-25 15:52:00+00:00,ADI,230.7899932861328,230.7899932861328,230.8175048828125,230.7100067138672,230.8000030517578,4091.0
2024-10-25 15:52:00+00:00,ADSK,286.6400146484375,286.6400146484375,286.7149963378906,286.6400146484375,286.7149963378906,3284.0
2024-10-25 15:52:00+00:00,ADTN,6.300000190734863,6.300000190734863,6.300000190734863,6.300000190734863,6.300000190734863,547.0
2024-10-25 15:52:00+00:00,AEHR,16.927499771118164,16.927499771118164,16.95870018005371,16.920000076293945,16.950000762939453,4514.0
2024-10-25 15:52:00+00:00,AEYE,22.575000762939453,22.575000762939453,22.575000762939453,22.510000228881836,22.510000228881836,749.0
2024-10-25 15:52:00+00:00,AFRM,40.77000045776367,40.77000045776367,40.815799713134766,40.77000045776367,40.80799865722656,38364.0
2024-10-25 15:52:00+00:00,AGYS,109.8949966430664,109.8949966430664,109.8949966430664,109.8949966430664,109.8949966430664,786.0
2024-10-25 15:52:00+00:00,AIP,6.860000133514404,6.860000133514404,6.860000133514404,6.860000133514404,6.860000133514404,1253.0
2024-10-25 15:52:00+00:00,AIRG,9.210000038146973,9.210000038146973,9.210000038146973,9.210000038146973,9.210000038146973,528.0
2024-10-25 15:52:00+00:00,AKAM,101.8499984741211,101.8499984741211,101.87000274658203,101.81999969482422,101.81999969482422,8332.0
2024-10-25 15:52:00+00:00,ALGM,23.100000381469727,23.100000381469727,23.104999542236328,23.084999084472656,23.084999084472656,14474.0
2024-10-25 15:52:00+00:00,ALKT,38.220001220703125,38.220001220703125,38.2400016784668,38.220001220703125,38.2400016784668,3870.0
2024-10-25 15:52:00+00:00,ALRM,54.459999084472656,54.459999084472656,54.459999084472656,54.439998626708984,54.439998626708984,4171.0
2024-10-25 15:52:00+00:00,ALTR,103.25,103.25,103.31999969482422,103.25,103.31999969482422,2086.0
2024-10-25 15:52:00+00:00,AMAT,186.8000030517578,186.8000030517578,187.0,186.8000030517578,186.99000549316406,38165.0
2024-10-25 15:52:00+00:00,AMBA,57.72999954223633,57.72999954223633,57.790000915527344,57.72999954223633,57.779998779296875,1774.0
2024-10-25 15:52:00+00:00,AMD,156.44000244140625,156.44000244140625,156.5500030517578,156.44000244140625,156.49000549316406,72375.0
2024-10-25 15:52:00+00:00,AMKR,29.93000030517578,29.93000030517578,29.959999084472656,29.920000076293945,29.959999084472656,3372.0
2024-10-25 15:52:00+00:00,AMPL,9.114999771118164,9.114999771118164,9.125,9.114999771118164,9.125,2510.0
2024-10-25 15:52:00+00:00,ANSS,323.010009765625,323.010009765625,323.57501220703125,323.010009765625,323.3699951171875,1520.0
2024-10-25 15:52:00+00:00,API,2.815000057220459,2.815000057220459,2.815000057220459,2.815000057220459,2.815000057220459,108.0
2024-10-25 15:52:00+00:00,APP,161.6649932861328,161.6649932861328,161.89999389648438,161.61000061035156,161.89999389648438,14773.0
2024-10-25 15:52:00+00:00,APPF,212.59500122070312,212.59500122070312,212.6999969482422,212.39999389648438,212.6999969482422,10816.0
2024-10-25 15:52:00+00:00,APPN,32.301998138427734,32.301998138427734,32.310001373291016,32.290000915527344,32.29999923706055,2115.0
2024-10-25 15:52:00+00:00,APPS,3.059999942779541,3.059999942779541,3.061000108718872,3.059999942779541,3.061000108718872,5402.0
2024-10-25 15:52:00+00:00,ARQQ,7.090000152587891,7.090000152587891,7.090000152587891,7.090000152587891,7.090000152587891,461.0
2024-10-25 15:52:00+00:00,ARRY,6.449999809265137,6.449999809265137,6.460000038146973,6.449999809265137,6.449999809265137,18737.0
2024-10-25 15:52:00+00:00,ASML,713.2000122070312,713.2000122070312,713.3599853515625,713.010009765625,713.3599853515625,7649.0
2024-10-25 15:52:00+00:00,ASUR,9.699999809265137,9.699999809265137,9.699999809265137,9.680000305175781,9.699999809265137,935.0
2024-10-25 15:52:00+00:00,ATOM,3.3452000617980957,3.3452000617980957,3.3452000617980957,3.3450000286102295,3.3450000286102295,1718.0
2024-10-25 15:52:00+00:00,AUR,6.340000152587891,6.340000152587891,6.359899997711182,6.340000152587891,6.355000019073486,48221.0
2024-10-25 15:52:00+00:00,AVDX,8.074999809265137,8.074999809265137,8.079999923706055,8.074999809265137,8.074999809265137,4252.0
2024-10-25 15:52:00+00:00,AVGO,173.14500427246094,173.14500427246094,173.35000610351562,173.1320037841797,173.35000610351562,61898.0
2024-10-25 15:52:00+00:00,AVPT,11.954999923706055,11.954999923706055,11.960000038146973,11.930000305175781,11.930000305175781,9785.0
2024-10-25 15:52:00+00:00,AVT,53.91999816894531,53.91999816894531,53.939998626708984,53.91999816894531,53.939998626708984,1664.0
2024-10-25 15:52:00+00:00,AXTI,2.6649999618530273,2.6649999618530273,2.6649999618530273,2.6600000858306885,2.6600000858306885,2674.0
2024-10-25 15:52:00+00:00,AZPN,237.64999389648438,237.64999389648438,237.6999969482422,237.63999938964844,237.6999969482422,1738.0
2024-10-25 15:52:00+00:00,BAND,17.899999618530273,17.899999618530273,17.93000030517578,17.899999618530273,17.93000030517578,2904.0
2024-10-25 15:52:00+00:00,BCOV,2.2750000953674316,2.2750000953674316,2.2750000953674316,2.2750000953674316,2.2750000953674316,581.0
2024-10-25 15:52:00+00:00,BELFB,78.62000274658203,78.62000274658203,78.62000274658203,78.62000274658203,78.62000274658203,541.0
2024-10-25 15:52:00+00:00,BIGC,5.255000114440918,5.255000114440918,5.255000114440918,5.25,5.254000186920166,4346.0
2024-10-25 15:52:00+00:00,BL,56.52000045776367,56.52000045776367,56.529998779296875,56.459999084472656,56.470001220703125,3134.0
2024-10-25 15:52:00+00:00,BMBL,7.164999961853027,7.164999961853027,7.175000190734863,7.159999847412109,7.175000190734863,15212.0
2024-10-25 15:52:00+00:00,BRZE,30.81999969482422,30.81999969482422,30.81999969482422,30.799999237060547,30.799999237060547,5902.0
2024-10-25 15:52:00+00:00,BSY,49.029998779296875,49.029998779296875,49.029998779296875,49.029998779296875,49.029998779296875,1853.0
2024-10-25 15:52:00+00:00,CAN,0.974399983882904,0.974399983882904,0.974399983882904,0.9704999923706055,0.9706000089645386,9258.0
2024-10-25 15:52:00+00:00,CCSI,20.100000381469727,20.100000381469727,20.100000381469727,20.100000381469727,20.100000381469727,680.0
2024-10-25 15:52:00+00:00,CDNS,257.0320129394531,257.0320129394531,257.19000244140625,256.94000244140625,257.1549987792969,9270.0
2024-10-25 15:52:00+00:00,CDW,217.63999938964844,217.63999938964844,217.69749450683594,217.58999633789062,217.69000244140625,7387.0
2024-10-25 15:52:00+00:00,CETX,0.289900004863739,0.289900004863739,0.28999999165534973,0.28619998693466187,0.28619998693466187,13818.0
2024-10-25 15:52:00+00:00,CFLT,22.475000381469727,22.475000381469727,22.475000381469727,22.469999313354492,22.469999313354492,2931.0
2024-10-25 15:52:00+00:00,CGNT,6.635000228881836,6.635000228881836,6.635000228881836,6.635000228881836,6.635000228881836,101.0
2024-10-25 15:52:00+00:00,CGNX,38.900001525878906,38.900001525878906,38.900001525878906,38.8650016784668,38.880001068115234,14127.0
2024-10-25 15:52:00+00:00,CHKP,206.34500122070312,206.34500122070312,206.55999755859375,206.25270080566406,206.4499969482422,5539.0
2024-10-25 15:52:00+00:00,CLBT,18.235000610351562,18.235000610351562,18.235000610351562,18.229999542236328,18.235000610351562,3438.0
2024-10-25 15:52:00+00:00,CLFD,36.33000183105469,36.33000183105469,36.33000183105469,36.33000183105469,36.33000183105469,384.0
2024-10-25 15:52:00+00:00,CLSK,11.414999961853027,11.414999961853027,11.420000076293945,11.399999618530273,11.412699699401855,202128.0
2024-10-25 15:52:00+00:00,CMTL,3.805000066757202,3.805000066757202,3.805000066757202,3.805000066757202,3.805000066757202,410.0
2024-10-25 15:52:00+00:00,CNDT,3.5950000286102295,3.5950000286102295,3.5999999046325684,3.5950000286102295,3.5999999046325684,2347.0
2024-10-25 15:52:00+00:00,CNXC,44.349998474121094,44.349998474121094,44.349998474121094,44.33000183105469,44.33000183105469,2094.0
2024-10-25 15:52:00+00:00,COHR,95.68000030517578,95.68000030517578,95.7300033569336,95.66999816894531,95.69000244140625,16755.0
2024-10-25 15:52:00+00:00,COHU,25.90999984741211,25.90999984741211,25.920000076293945,25.90999984741211,25.920000076293945,1389.0
2024-10-25 15:52:00+00:00,COIN,204.9199981689453,204.9199981689453,205.0,204.77999877929688,204.77999877929688,22765.0
2024-10-25 15:52:00+00:00,COMM,6.215000152587891,6.215000152587891,6.21999979019165,6.215000152587891,6.21999979019165,8976.0
2024-10-25 15:52:00+00:00,CORZ,13.3100004196167,13.3100004196167,13.3149995803833,13.289999961853027,13.300000190734863,108002.0
2024-10-25 15:52:00+00:00,CORZW,7.769999980926514,7.769999980926514,7.769999980926514,7.769999980926514,7.769999980926514,100.0
2024-10-25 15:52:00+00:00,CRCT,6.545000076293945,6.545000076293945,6.545000076293945,6.545000076293945,6.545000076293945,1041.0
2024-10-25 15:52:00+00:00,CRDO,39.060001373291016,39.060001373291016,39.119998931884766,39.04240036010742,39.10499954223633,15935.0
2024-10-25 15:52:00+00:00,CREX,4.21999979019165,4.21999979019165,4.21999979019165,4.21999979019165,4.21999979019165,354.0
2024-10-25 15:52:00+00:00,CRNC,2.9200000762939453,2.9200000762939453,2.9200000762939453,2.9200000762939453,2.9200000762939453,1528.0
2024-10-25 15:52:00+00:00,CRNT,2.4749999046325684,2.4749999046325684,2.4749999046325684,2.4749999046325684,2.4749999046325684,874.0
2024-10-25 15:52:00+00:00,CRSR,6.315000057220459,6.315000057220459,6.315000057220459,6.309999942779541,6.315000057220459,2504.0
2024-10-25 15:52:00+00:00,CRUS,122.13999938964844,122.13999938964844,122.30000305175781,122.12999725341797,122.30000305175781,2902.0
2024-10-25 15:52:00+00:00,CRWD,301.0799865722656,301.0799865722656,301.1693115234375,300.4200134277344,300.6549987792969,26331.0
2024-10-25 15:52:00+00:00,CSCO,55.744998931884766,55.744998931884766,55.7599983215332,55.7400016784668,55.75,59045.0
2024-10-25 15:52:00+00:00,CSGS,47.18000030517578,47.18000030517578,47.18000030517578,47.18000030517578,47.18000030517578,588.0
2024-10-25 15:52:00+00:00,CSIQ,13.354999542236328,13.354999542236328,13.354999542236328,13.34000015258789,13.345000267028809,8382.0
2024-10-25 15:52:00+00:00,CTLP,8.904999732971191,8.904999732971191,8.90999984741211,8.904999732971191,8.90999984741211,1686.0
2024-10-25 15:52:00+00:00,CTSH,74.75,74.75,74.79499816894531,74.75,74.79000091552734,36516.0
2024-10-25 15:52:00+00:00,CVLT,134.66000366210938,134.66000366210938,134.66000366210938,134.5500030517578,134.5800018310547,3411.0
2024-10-25 15:52:00+00:00,DAKT,13.062000274658203,13.062000274658203,13.069999694824219,13.0600004196167,13.062000274658203,700.0
2024-10-25 15:52:00+00:00,DAVE,38.77000045776367,38.77000045776367,38.77000045776367,38.77000045776367,38.77000045776367,654.0
2024-10-25 15:52:00+00:00,DBX,25.9950008392334,25.9950008392334,25.9950008392334,25.979999542236328,25.985000610351562,22522.0
2024-10-25 15:52:00+00:00,DDOG,126.83000183105469,126.83000183105469,126.83999633789062,126.76000213623047,126.78500366210938,24391.0
2024-10-25 15:52:00+00:00,DIOD,64.75,64.75,64.75,64.66500091552734,64.69000244140625,3296.0
2024-10-25 15:52:00+00:00,DLO,8.824999809265137,8.824999809265137,8.824999809265137,8.819999694824219,8.820099830627441,9447.0
2024-10-25 15:52:00+00:00,DMRC,32.220001220703125,32.220001220703125,32.220001220703125,32.16999816894531,32.16999816894531,1071.0
2024-10-25 15:52:00+00:00,DOCU,68.88500213623047,68.88500213623047,68.88500213623047,68.86000061035156,68.87000274658203,13533.0
2024-10-25 15:52:00+00:00,DOMO,8.085000038146973,8.085000038146973,8.085000038146973,8.074999809265137,8.074999809265137,1614.0
2024-10-25 15:52:00+00:00,DOX,88.9000015258789,88.9000015258789,88.9000015258789,88.9000015258789,88.9000015258789,377.0
2024-10-25 15:52:00+00:00,DSGX,104.02999877929688,104.02999877929688,104.02999877929688,104.02999877929688,104.02999877929688,1919.0
2024-10-25 15:52:00+00:00,DUOL,291.2200012207031,291.2200012207031,291.3800048828125,291.2200012207031,291.3800048828125,3197.0
2024-10-25 15:52:00+00:00,DUOT,4.1707000732421875,4.1707000732421875,4.1707000732421875,4.1707000732421875,4.1707000732421875,312.0
2024-10-25 15:52:00+00:00,EEFT,100.44000244140625,100.44000244140625,100.4489974975586,100.31999969482422,100.37000274658203,4389.0
2024-10-25 15:52:00+00:00,EMKR,2.125,2.125,2.125,2.125,2.125,1250.0
2024-10-25 15:52:00+00:00,ENPH,83.87999725341797,83.87999725341797,83.91000366210938,83.81199645996094,83.81199645996094,18277.0
2024-10-25 15:52:00+00:00,ENTG,105.19499969482422,105.19499969482422,105.30999755859375,105.18000030517578,105.26000213623047,7710.0
2024-10-25 15:52:00+00:00,ERIC,8.460000038146973,8.460000038146973,8.468199729919434,8.460000038146973,8.460000038146973,43798.0
2024-10-25 15:52:00+00:00,EXFY,1.715000033378601,1.715000033378601,1.715999960899353,1.715000033378601,1.715999960899353,1274.0
2024-10-25 15:52:00+00:00,EXLS,38.56999969482422,38.56999969482422,38.58000183105469,38.56999969482422,38.58000183105469,2845.0
2024-10-25 15:52:00+00:00,EXTR,14.328900337219238,14.328900337219238,14.329999923706055,14.324999809265137,14.329999923706055,2677.0
2024-10-25 15:52:00+00:00,FFIV,217.02000427246094,217.02000427246094,217.0800018310547,217.02000427246094,217.07000732421875,5287.0
2024-10-25 15:52:00+00:00,FIVN,29.6299991607666,29.6299991607666,29.670000076293945,29.6299991607666,29.670000076293945,14235.0
2024-10-25 15:52:00+00:00,FLEX,35.14500045776367,35.14500045776367,35.18000030517578,35.13999938964844,35.18000030517578,7011.0
2024-10-25 15:52:00+00:00,FLYW,17.280000686645508,17.280000686645508,17.280000686645508,17.280000686645508,17.280000686645508,1261.0
2024-10-25 15:52:00+00:00,FORM,44.849998474121094,44.849998474121094,44.849998474121094,44.83000183105469,44.83000183105469,2018.0
2024-10-25 15:52:00+00:00,FROG,29.219900131225586,29.219900131225586,29.219999313354492,29.209999084472656,29.219999313354492,2099.0
2024-10-25 15:52:00+00:00,FRSH,11.635000228881836,11.635000228881836,11.645000457763672,11.635000228881836,11.640000343322754,14509.0
2024-10-25 15:52:00+00:00,FSLR,198.26499938964844,198.26499938964844,198.35499572753906,198.22500610351562,198.27999877929688,5651.0
2024-10-25 15:52:00+00:00,FTCI,0.6600000262260437,0.6600000262260437,0.660099983215332,0.6600000262260437,0.6600000262260437,2374.0
2024-10-25 15:52:00+00:00,FTNT,80.42500305175781,80.42500305175781,80.44000244140625,80.41000366210938,80.44000244140625,12549.0
2024-10-25 15:52:00+00:00,GCT,24.309900283813477,24.309900283813477,24.315000534057617,24.290000915527344,24.299999237060547,4187.0
2024-10-25 15:52:00+00:00,GDS,21.422500610351562,21.422500610351562,21.43000030517578,21.402000427246094,21.43000030517578,5333.0
2024-10-25 15:52:00+00:00,GDYN,15.579999923706055,15.579999923706055,15.59000015258789,15.579999923706055,15.579999923706055,772.0
2024-10-25 15:52:00+00:00,GFS,40.380001068115234,40.380001068115234,40.38800048828125,40.34000015258789,40.349998474121094,7312.0
2024-10-25 15:52:00+00:00,GILT,4.925000190734863,4.925000190734863,4.925000190734863,4.925000190734863,4.925000190734863,400.0
2024-10-25 15:52:00+00:00,GNSS,3.9000000953674316,3.9000000953674316,3.9000000953674316,3.9000000953674316,3.9000000953674316,265.0
2024-10-25 15:52:00+00:00,GPRO,1.2999999523162842,1.2999999523162842,1.309999942779541,1.2999999523162842,1.3049999475479126,6872.0
2024-10-25 15:52:00+00:00,GRAB,4.090000152587891,4.090000152587891,4.090000152587891,4.080100059509277,4.090000152587891,121029.0
2024-10-25 15:52:00+00:00,GRRR,4.489099979400635,4.489099979400635,4.491099834442139,4.489099979400635,4.491099834442139,992.0
2024-10-25 15:52:00+00:00,GSIT,3.4000000953674316,3.4000000953674316,3.4000000953674316,3.4000000953674316,3.4000000953674316,500.0
2024-10-25 15:52:00+00:00,GTLB,54.869998931884766,54.869998931884766,54.869998931884766,54.86600112915039,54.86600112915039,1544.0
2024-10-25 15:52:00+00:00,GVP,4.599999904632568,4.599999904632568,4.599999904632568,4.599999904632568,4.599999904632568,100.0
2024-10-25 15:52:00+00:00,HCKT,24.579999923706055,24.579999923706055,24.579999923706055,24.579999923706055,24.579999923706055,1512.0
2024-10-25 15:52:00+00:00,HCP,33.6349983215332,33.6349983215332,33.63999938964844,33.630001068115234,33.6349983215332,6214.0
2024-10-25 15:52:00+00:00,HEAR,16.424999237060547,16.424999237060547,16.424999237060547,16.40999984741211,16.40999984741211,287.0
2024-10-25 15:52:00+00:00,HIMX,6.159999847412109,6.159999847412109,6.159999847412109,6.15500020980835,6.15500020980835,3707.0
2024-10-25 15:52:00+00:00,HLIT,14.8100004196167,14.8100004196167,14.8100004196167,14.800000190734863,14.805000305175781,4894.0
2024-10-25 15:52:00+00:00,HOLO,3.5799999237060547,3.5799999237060547,3.5799999237060547,3.5739998817443848,3.5739998817443848,2239.0
2024-10-25 15:52:00+00:00,HOOD,27.024999618530273,27.024999618530273,27.030000686645508,27.020000457763672,27.024999618530273,23121.0
2024-10-25 15:52:00+00:00,IBEX,18.075000762939453,18.075000762939453,18.079999923706055,18.06999969482422,18.06999969482422,1426.0
2024-10-25 15:52:00+00:00,ICHR,27.600000381469727,27.600000381469727,27.600000381469727,27.600000381469727,27.600000381469727,1260.0
2024-10-25 15:52:00+00:00,IDAI,0.22259999811649323,0.22259999811649323,0.22259999811649323,0.22259999811649323,0.22259999811649323,337.0
2024-10-25 15:52:00+00:00,IDN,2.4200000762939453,2.4200000762939453,2.4200000762939453,2.4200000762939453,2.4200000762939453,408.0
2024-10-25 15:52:00+00:00,IMMR,8.649999618530273,8.649999618530273,8.654999732971191,8.649999618530273,8.654999732971191,2042.0
2024-10-25 15:52:00+00:00,INDI,3.484999895095825,3.484999895095825,3.4888999462127686,3.4800000190734863,3.484999895095825,9683.0
2024-10-25 15:52:00+00:00,INFN,6.769999980926514,6.769999980926514,6.770100116729736,6.769999980926514,6.770100116729736,2525.0
2024-10-25 15:52:00+00:00,INOD,20.229999542236328,20.229999542236328,20.229999542236328,20.139999389648438,20.15999984741211,4978.0
2024-10-25 15:52:00+00:00,INTA,50.20000076293945,50.20000076293945,50.244998931884766,50.20000076293945,50.24100112915039,5528.0
2024-10-25 15:52:00+00:00,INTC,22.777299880981445,22.777299880981445,22.797500610351562,22.764999389648438,22.790000915527344,247274.0
2024-10-25 15:52:00+00:00,INTU,609.0999755859375,609.0999755859375,609.1300048828125,609.0150146484375,609.02001953125,2829.0
2024-10-25 15:52:00+00:00,IPGP,76.87999725341797,76.87999725341797,76.87999725341797,76.79000091552734,76.79000091552734,2509.0
2024-10-25 15:52:00+00:00,ITI,7.195000171661377,7.195000171661377,7.195000171661377,7.195000171661377,7.195000171661377,597.0
2024-10-25 15:52:00+00:00,ITRI,102.53500366210938,102.53500366210938,102.58000183105469,102.53500366210938,102.58000183105469,1774.0
2024-10-25 15:52:00+00:00,ITRN,27.416000366210938,27.416000366210938,27.416000366210938,27.413999557495117,27.416000366210938,428.0
2024-10-25 15:52:00+00:00,JAMF,16.760000228881836,16.760000228881836,16.764999389648438,16.75,16.760000228881836,2244.0
2024-10-25 15:52:00+00:00,JKHY,182.6999969482422,182.6999969482422,182.8249969482422,182.6999969482422,182.8000030517578,2749.0
2024-10-25 15:52:00+00:00,KARO,40.25,40.25,40.25,40.099998474121094,40.165000915527344,616.0
2024-10-25 15:52:00+00:00,KC,2.6649999618530273,2.6649999618530273,2.6649999618530273,2.6600000858306885,2.6649999618530273,1784.0
2024-10-25 15:52:00+00:00,KLAC,674.510009765625,674.510009765625,674.8800048828125,674.510009765625,674.8499755859375,5612.0
2024-10-25 15:52:00+00:00,KLIC,44.59000015258789,44.59000015258789,44.62630081176758,44.59000015258789,44.619998931884766,2958.0
2024-10-25 15:52:00+00:00,LASR,10.369999885559082,10.369999885559082,10.369999885559082,10.369999885559082,10.369999885559082,1603.0
2024-10-25 15:52:00+00:00,LFUS,252.82000732421875,252.82000732421875,252.82000732421875,252.82000732421875,252.82000732421875,142.0
2024-10-25 15:52:00+00:00,LITE,64.38999938964844,64.38999938964844,64.3949966430664,64.33499908447266,64.36000061035156,6989.0
2024-10-25 15:52:00+00:00,LOGI,80.71499633789062,80.71499633789062,80.72000122070312,80.70999908447266,80.70999908447266,2292.0
2024-10-25 15:52:00+00:00,LPSN,1.1649999618530273,1.1649999618530273,1.1649999618530273,1.1649999618530273,1.1649999618530273,174.0
2024-10-25 15:52:00+00:00,LRCX,77.94999694824219,77.94999694824219,78.02999877929688,77.94999694824219,78.0199966430664,62824.0
2024-10-25 15:52:00+00:00,LSCC,54.20000076293945,54.20000076293945,54.21500015258789,54.130001068115234,54.130001068115234,12786.0
2024-10-25 15:52:00+00:00,LYFT,13.45989990234375,13.45989990234375,13.46660041809082,13.4399995803833,13.454999923706055,98085.0
2024-10-25 15:52:00+00:00,LYTS,16.219999313354492,16.219999313354492,16.219999313354492,16.219999313354492,16.219999313354492,1113.0
2024-10-25 15:52:00+00:00,MANH,275.9200134277344,275.9200134277344,275.9200134277344,275.8399963378906,275.8399963378906,2955.0
2024-10-25 15:52:00+00:00,MAXN,5.699900150299072,5.699900150299072,5.699900150299072,5.690000057220459,5.690000057220459,784.0
2024-10-25 15:52:00+00:00,MCHP,76.53500366210938,76.53500366210938,76.56999969482422,76.53500366210938,76.56999969482422,12484.0
2024-10-25 15:52:00+00:00,MDB,268.3450012207031,268.3450012207031,268.3699951171875,267.9200134277344,268.0050048828125,6504.0
2024-10-25 15:52:00+00:00,MITK,8.765000343322754,8.765000343322754,8.765000343322754,8.765000343322754,8.765000343322754,299.0
2024-10-25 15:52:00+00:00,MKSI,101.12000274658203,101.12000274658203,101.16999816894531,101.04000091552734,101.125,4126.0
2024-10-25 15:52:00+00:00,MNDY,298.5849914550781,298.5849914550781,298.6000061035156,298.510009765625,298.510009765625,2307.0
2024-10-25 15:52:00+00:00,MOGO,1.0099999904632568,1.0099999904632568,1.0099999904632568,1.0099999904632568,1.0099999904632568,506.0
2024-10-25 15:52:00+00:00,MPWR,906.280029296875,906.280029296875,906.280029296875,906.135009765625,906.135009765625,1498.0
2024-10-25 15:52:00+00:00,MQ,5.309999942779541,5.309999942779541,5.309999942779541,5.300000190734863,5.304999828338623,12064.0
2024-10-25 15:52:00+00:00,MRVL,82.07499694824219,82.07499694824219,82.08999633789062,82.06999969482422,82.08999633789062,33784.0
2024-10-25 15:52:00+00:00,MSFT,427.9150085449219,427.9150085449219,428.1650085449219,427.8699951171875,428.1650085449219,26911.0
2024-10-25 15:52:00+00:00,MSTR,235.07000732421875,235.07000732421875,235.20989990234375,234.97000122070312,235.08999633789062,37963.0
2024-10-25 15:52:00+00:00,MTC,0.38100001215934753,0.38100001215934753,0.38100001215934753,0.38100001215934753,0.38100001215934753,0.0
2024-10-25 15:52:00+00:00,MTLS,5.920000076293945,5.920000076293945,5.920000076293945,5.914999961853027,5.920000076293945,1004.0
2024-10-25 15:52:00+00:00,MTSI,121.4000015258789,121.4000015258789,121.4000015258789,121.30000305175781,121.30000305175781,5935.0
2024-10-25 15:52:00+00:00,MTTR,4.59499979019165,4.59499979019165,4.59499979019165,4.59499979019165,4.59499979019165,3081.0
2024-10-25 15:52:00+00:00,MU,107.99500274658203,107.99500274658203,108.0999984741211,107.98999786376953,108.08000183105469,54737.0
2024-10-25 15:52:00+00:00,MVIS,1.0700000524520874,1.0700000524520874,1.0700000524520874,1.0700000524520874,1.0700000524520874,10279.0
2024-10-25 15:52:00+00:00,MXL,14.8100004196167,14.8100004196167,14.819999694824219,14.805000305175781,14.819999694824219,7157.0
2024-10-25 15:52:00+00:00,NCNO,37.84000015258789,37.84000015258789,37.8849983215332,37.84000015258789,37.8849983215332,8943.0
2024-10-25 15:52:00+00:00,NICE,174.05999755859375,174.05999755859375,174.1300048828125,174.02999877929688,174.1300048828125,5172.0
2024-10-25 15:52:00+00:00,NOVT,172.9499969482422,172.9499969482422,172.9499969482422,172.77000427246094,172.83999633789062,2496.0
2024-10-25 15:52:00+00:00,NSIT,209.4600067138672,209.4600067138672,209.4600067138672,209.4600067138672,209.4600067138672,1288.0
2024-10-25 15:52:00+00:00,NTAP,119.69000244140625,119.69000244140625,119.72000122070312,119.69000244140625,119.69999694824219,5100.0
2024-10-25 15:52:00+00:00,NTCT,20.72100067138672,20.72100067138672,20.72100067138672,20.719999313354492,20.719999313354492,1251.0
2024-10-25 15:52:00+00:00,NTGR,20.270000457763672,20.270000457763672,20.280000686645508,20.270000457763672,20.270000457763672,638.0
2024-10-25 15:52:00+00:00,NTNX,61.900001525878906,61.900001525878906,62.03499984741211,61.88999938964844,62.03499984741211,3870.0
2024-10-25 15:52:00+00:00,NVDA,141.75,141.75,141.8300018310547,141.72999572753906,141.81500244140625,338476.0
2024-10-25 15:52:00+00:00,NVEI,33.4900016784668,33.4900016784668,33.494998931884766,33.4900016784668,33.494998931884766,5014.0
2024-10-25 15:52:00+00:00,NVTS,2.555000066757202,2.555000066757202,2.555000066757202,2.555000066757202,2.555000066757202,130.0
2024-10-25 15:52:00+00:00,NXPI,242.97999572753906,242.97999572753906,243.05499267578125,242.91000366210938,242.97999572753906,5442.0
2024-10-25 15:52:00+00:00,OKTA,72.37999725341797,72.37999725341797,72.43000030517578,72.36000061035156,72.37999725341797,10219.0
2024-10-25 15:52:00+00:00,ON,71.23999786376953,71.23999786376953,71.23999786376953,71.16000366210938,71.16999816894531,42987.0
2024-10-25 15:52:00+00:00,ONDS,0.8461999893188477,0.8461999893188477,0.8461999893188477,0.8461999893188477,0.8461999893188477,350.0
2024-10-25 15:52:00+00:00,OSIS,134.3000030517578,134.3000030517578,134.375,134.3000030517578,134.3300018310547,4244.0
2024-10-25 15:52:00+00:00,OSPN,14.520000457763672,14.520000457763672,14.529999732971191,14.520000457763672,14.529999732971191,3034.0
2024-10-25 15:52:00+00:00,OTEX,33.20500183105469,33.20500183105469,33.20500183105469,33.20500183105469,33.20500183105469,1108.0
2024-10-25 15:52:00+00:00,PANW,366.1199951171875,366.1199951171875,366.17999267578125,365.90478515625,366.17999267578125,10165.0
2024-10-25 15:52:00+00:00,PAYO,8.345000267028809,8.345000267028809,8.350000381469727,8.345000267028809,8.345000267028809,1864.0
2024-10-25 15:52:00+00:00,PCTY,173.35000610351562,173.35000610351562,173.3800048828125,173.3300018310547,173.3300018310547,2083.0
2024-10-25 15:52:00+00:00,PDFS,29.170000076293945,29.170000076293945,29.170000076293945,29.170000076293945,29.170000076293945,435.0
2024-10-25 15:52:00+00:00,PEGA,79.98500061035156,79.98500061035156,80.05999755859375,79.9800033569336,79.9800033569336,9456.0
2024-10-25 15:52:00+00:00,PEGY,4.730000019073486,4.730000019073486,4.730000019073486,4.730000019073486,4.730000019073486,308.0
2024-10-25 15:52:00+00:00,PET,0.8119999766349792,0.8119999766349792,0.8119999766349792,0.8119999766349792,0.8119999766349792,367.0
2024-10-25 15:52:00+00:00,PGY,11.96500015258789,11.96500015258789,11.96500015258789,11.930000305175781,11.9399995803833,3595.0
2024-10-25 15:52:00+00:00,PHUN,10.430000305175781,10.430000305175781,10.430000305175781,10.380000114440918,10.388999938964844,40345.0
2024-10-25 15:52:00+00:00,PI,199.11000061035156,199.11000061035156,199.35000610351562,199.0,199.14599609375,11886.0
2024-10-25 15:52:00+00:00,PLAB,23.6200008392334,23.6200008392334,23.6343994140625,23.6200008392334,23.6343994140625,989.0
2024-10-25 15:52:00+00:00,PLUS,97.7249984741211,97.7249984741211,97.7249984741211,97.7249984741211,97.7249984741211,183.0
2024-10-25 15:52:00+00:00,PLXS,140.76499938964844,140.76499938964844,140.9250030517578,140.76499938964844,140.8800048828125,3321.0
2024-10-25 15:52:00+00:00,POWI,63.231201171875,63.231201171875,63.268798828125,63.231201171875,63.25,1353.0
2024-10-25 15:52:00+00:00,PRCH,1.2899999618530273,1.2899999618530273,1.2949999570846558,1.2899999618530273,1.2949999570846558,1255.0
2024-10-25 15:52:00+00:00,PRGS,64.66000366210938,64.66000366210938,64.66000366210938,64.62999725341797,64.6500015258789,3194.0
2024-10-25 15:52:00+00:00,PRST,0.00279999990016222,0.00279999990016222,0.00279999990016222,0.00279999990016222,0.00279999990016222,1800.0
2024-10-25 15:52:00+00:00,PTC,187.39500427246094,187.39500427246094,187.4600067138672,187.3800048828125,187.39500427246094,3307.0
2024-10-25 15:52:00+00:00,PUBM,14.765000343322754,14.765000343322754,14.765000343322754,14.765000343322754,14.765000343322754,889.0
2024-10-25 15:52:00+00:00,PYCR,14.364999771118164,14.364999771118164,14.364999771118164,14.359999656677246,14.359999656677246,2173.0
2024-10-25 15:52:00+00:00,QCOM,170.47000122070312,170.47000122070312,170.47000122070312,170.39999389648438,170.44000244140625,18086.0
2024-10-25 15:52:00+00:00,QLYS,120.94499969482422,120.94499969482422,120.94499969482422,120.91000366210938,120.94000244140625,2391.0
2024-10-25 15:52:00+00:00,QRVO,99.44999694824219,99.44999694824219,99.51000213623047,99.44999694824219,99.51000213623047,6422.0
2024-10-25 15:52:00+00:00,QUBT,1.090000033378601,1.090000033378601,1.090000033378601,1.090000033378601,1.090000033378601,1935.0
2024-10-25 15:52:00+00:00,RCAT,2.7149999141693115,2.7149999141693115,2.7149999141693115,2.7149999141693115,2.7149999141693115,105.0
2024-10-25 15:52:00+00:00,REKR,1.0800000429153442,1.0800000429153442,1.0800000429153442,1.0800000429153442,1.0800000429153442,1340.0
2024-10-25 15:52:00+00:00,RELY,14.800000190734863,14.800000190734863,14.829999923706055,14.800000190734863,14.8100004196167,12805.0
2024-10-25 15:52:00+00:00,RGTI,1.2050000429153442,1.2050000429153442,1.2100000381469727,1.2000000476837158,1.2050000429153442,8307.0
2024-10-25 15:52:00+00:00,RIOT,9.660099983215332,9.660099983215332,9.670000076293945,9.65999984741211,9.664999961853027,71083.0
2024-10-25 15:52:00+00:00,RMBS,43.400001525878906,43.400001525878906,43.41999816894531,43.400001525878906,43.41999816894531,1788.0
2024-10-25 15:52:00+00:00,RMNI,1.7269999980926514,1.7269999980926514,1.7300000190734863,1.7269999980926514,1.7300000190734863,800.0
2024-10-25 15:52:00+00:00,RPAY,7.744999885559082,7.744999885559082,7.75,7.735000133514404,7.735000133514404,9754.0
2024-10-25 15:52:00+00:00,RPD,38.9900016784668,38.9900016784668,38.9900016784668,38.96440124511719,38.96440124511719,1223.0
2024-10-25 15:52:00+00:00,RUM,5.664000034332275,5.664000034332275,5.670000076293945,5.664000034332275,5.664999961853027,3379.0
2024-10-25 15:52:00+00:00,RUN,14.345000267028809,14.345000267028809,14.350000381469727,14.34000015258789,14.34000015258789,18977.0
2024-10-25 15:52:00+00:00,RXT,2.4800000190734863,2.4800000190734863,2.484999895095825,2.4800000190734863,2.4800000190734863,763.0
2024-10-25 15:52:00+00:00,SANM,67.48999786376953,67.48999786376953,67.50499725341797,67.48999786376953,67.50499725341797,903.0
2024-10-25 15:52:00+00:00,SATS,25.079999923706055,25.079999923706055,25.100000381469727,25.079999923706055,25.09000015258789,4645.0
2024-10-25 15:52:00+00:00,SCSC,44.869998931884766,44.869998931884766,44.900001525878906,44.869998931884766,44.900001525878906,2141.0
2024-10-25 15:52:00+00:00,SCWX,8.375,8.375,8.380000114440918,8.375,8.380000114440918,637.0
2024-10-25 15:52:00+00:00,SEDG,16.049999237060547,16.049999237060547,16.079999923706055,16.049999237060547,16.05500030517578,19636.0
2024-10-25 15:52:00+00:00,SHLS,5.159999847412109,5.159999847412109,5.164999961853027,5.159999847412109,5.164999961853027,5172.0
2024-10-25 15:52:00+00:00,SIMO,56.06999969482422,56.06999969482422,56.06999969482422,56.06999969482422,56.06999969482422,227.0
2024-10-25 15:52:00+00:00,SITM,178.0399932861328,178.0399932861328,178.2899932861328,178.0399932861328,178.2899932861328,478.0
2024-10-25 15:52:00+00:00,SKYT,10.428000450134277,10.428000450134277,10.428000450134277,10.428000450134277,10.428000450134277,433.0
2024-10-25 15:52:00+00:00,SMCI,47.404998779296875,47.404998779296875,47.470001220703125,47.38999938964844,47.40999984741211,98781.0
2024-10-25 15:52:00+00:00,SMSI,0.8141000270843506,0.8141000270843506,0.8141000270843506,0.8141000270843506,0.8141000270843506,2000.0
2024-10-25 15:52:00+00:00,SMTC,45.560001373291016,45.560001373291016,45.61000061035156,45.525001525878906,45.61000061035156,5835.0
2024-10-25 15:52:00+00:00,SNPS,500.92999267578125,500.92999267578125,501.32000732421875,500.92999267578125,501.32000732421875,3429.0
2024-10-25 15:52:00+00:00,SONO,12.65999984741211,12.65999984741211,12.664999961853027,12.65999984741211,12.664999961853027,3337.0
2024-10-25 15:52:00+00:00,SOUN,5.190000057220459,5.190000057220459,5.190000057220459,5.179999828338623,5.184999942779541,12883.0
2024-10-25 15:52:00+00:00,SPSC,171.0500030517578,171.0500030517578,171.0500030517578,170.9149932861328,170.9149932861328,2069.0
2024-10-25 15:52:00+00:00,SPT,27.0,27.0,27.010000228881836,26.982999801635742,27.010000228881836,5677.0
2024-10-25 15:52:00+00:00,SRAD,12.312999725341797,12.312999725341797,12.324999809265137,12.3100004196167,12.324999809265137,2898.0
2024-10-25 15:52:00+00:00,SSNC,70.0999984741211,70.0999984741211,70.16000366210938,70.09500122070312,70.1050033569336,34082.0
2024-10-25 15:52:00+00:00,SSTI,11.0600004196167,11.0600004196167,11.0600004196167,11.0600004196167,11.0600004196167,195.0
2024-10-25 15:52:00+00:00,SSYS,7.03000020980835,7.03000020980835,7.034999847412109,7.03000020980835,7.034999847412109,1858.0
2024-10-25 15:52:00+00:00,STNE,11.375,11.375,11.380000114440918,11.369999885559082,11.380000114440918,8236.0
2024-10-25 15:52:00+00:00,STX,103.41000366210938,103.41000366210938,103.44000244140625,103.38999938964844,103.41999816894531,14660.0
2024-10-25 15:52:00+00:00,SWKS,95.57499694824219,95.57499694824219,95.61000061035156,95.55000305175781,95.61000061035156,5323.0
2024-10-25 15:52:00+00:00,SYNA,71.98059844970703,71.98059844970703,72.0199966430664,71.98059844970703,72.01499938964844,851.0
2024-10-25 15:52:00+00:00,SYTA,1.2899999618530273,1.2899999618530273,1.2949999570846558,1.2899999618530273,1.2949999570846558,2200.0
2024-10-25 15:52:00+00:00,TEAM,188.6199951171875,188.6199951171875,188.7949981689453,188.61500549316406,188.7949981689453,6861.0
2024-10-25 15:52:00+00:00,TENB,41.7400016784668,41.7400016784668,41.75,41.70500183105469,41.70500183105469,5110.0
2024-10-25 15:52:00+00:00,TER,112.2750015258789,112.2750015258789,112.27999877929688,112.24500274658203,112.27999877929688,14942.0
2024-10-25 15:52:00+00:00,TRMB,60.85499954223633,60.85499954223633,60.90439987182617,60.85499954223633,60.900001525878906,3351.0
2024-10-25 15:52:00+00:00,TSEM,44.90999984741211,44.90999984741211,44.939998626708984,44.90999984741211,44.939998626708984,1723.0
2024-10-25 15:52:00+00:00,TTD,119.30000305175781,119.30000305175781,119.33999633789062,119.28500366210938,119.28500366210938,12539.0
2024-10-25 15:52:00+00:00,TTEC,5.360000133514404,5.360000133514404,5.360000133514404,5.360000133514404,5.360000133514404,694.0
2024-10-25 15:52:00+00:00,TTMI,19.559999465942383,19.559999465942383,19.600000381469727,19.559999465942383,19.600000381469727,3001.0
2024-10-25 15:52:00+00:00,TWKS,4.440000057220459,4.440000057220459,4.445000171661377,4.440000057220459,4.445000171661377,4942.0
2024-10-25 15:52:00+00:00,TXN,207.27499389648438,207.27499389648438,207.32000732421875,207.24000549316406,207.32000732421875,13965.0
2024-10-25 15:52:00+00:00,UCTT,35.775001525878906,35.775001525878906,35.779998779296875,35.77000045776367,35.779998779296875,3483.0
2024-10-25 15:52:00+00:00,UEIC,8.0600004196167,8.0600004196167,8.0600004196167,8.050000190734863,8.050000190734863,1658.0
2024-10-25 15:52:00+00:00,VECO,29.34000015258789,29.34000015258789,29.360000610351562,29.334999084472656,29.360000610351562,2354.0
2024-10-25 15:52:00+00:00,VERB,10.904999732971191,10.904999732971191,10.904999732971191,10.904999732971191,10.904999732971191,447.0
2024-10-25 15:52:00+00:00,VERI,3.434999942779541,3.434999942779541,3.444999933242798,3.434999942779541,3.444999933242798,5662.0
2024-10-25 15:52:00+00:00,VERX,42.14500045776367,42.14500045776367,42.14889907836914,42.130001068115234,42.13999938964844,6427.0
2024-10-25 15:52:00+00:00,VIAV,9.145000457763672,9.145000457763672,9.148200035095215,9.141799926757812,9.145000457763672,1914.0
2024-10-25 15:52:00+00:00,VICR,46.20000076293945,46.20000076293945,46.2599983215332,46.20000076293945,46.2599983215332,2179.0
2024-10-25 15:52:00+00:00,VMEO,4.744999885559082,4.744999885559082,4.744999885559082,4.744999885559082,4.744999885559082,1666.0
2024-10-25 15:52:00+00:00,VNET,3.365000009536743,3.365000009536743,3.365000009536743,3.359999895095825,3.365000009536743,1270.0
2024-10-25 15:52:00+00:00,VOXX,7.589600086212158,7.589600086212158,7.590000152587891,7.579999923706055,7.579999923706055,3368.0
2024-10-25 15:52:00+00:00,VRNS,56.93000030517578,56.93000030517578,56.93000030517578,56.849998474121094,56.849998474121094,7739.0
2024-10-25 15:52:00+00:00,VRNT,21.81999969482422,21.81999969482422,21.829999923706055,21.81999969482422,21.829999923706055,2255.0
2024-10-25 15:52:00+00:00,VRSN,180.74000549316406,180.74000549316406,180.8000030517578,180.7050018310547,180.74000549316406,7856.0
2024-10-25 15:52:00+00:00,VSAT,10.225000381469727,10.225000381469727,10.229999542236328,10.220000267028809,10.229999542236328,5628.0
2024-10-25 15:52:00+00:00,VUZI,1.2992000579833984,1.2992000579833984,1.2992000579833984,1.2992000579833984,1.2992000579833984,2000.0
2024-10-25 15:52:00+00:00,WALD,3.509999990463257,3.509999990463257,3.509999990463257,3.509999990463257,3.509999990463257,205.0
2024-10-25 15:52:00+00:00,WDAY,238.01499938964844,238.01499938964844,238.07000732421875,237.94129943847656,238.0399932861328,12662.0
2024-10-25 15:52:00+00:00,WDC,69.71499633789062,69.71499633789062,69.75990295410156,69.66999816894531,69.73999786376953,50768.0
2024-10-25 15:52:00+00:00,WISA,1.9500000476837158,1.9500000476837158,1.9900000095367432,1.9299999475479126,1.9900000095367432,45614.0
2024-10-25 15:52:00+00:00,WIX,164.22999572753906,164.22999572753906,164.44000244140625,164.22999572753906,164.44000244140625,1473.0
2024-10-25 15:52:00+00:00,XPER,9.380000114440918,9.380000114440918,9.380000114440918,9.380000114440918,9.380000114440918,2602.0
2024-10-25 15:52:00+00:00,XRX,9.954999923706055,9.954999923706055,9.970000267028809,9.954999923706055,9.970000267028809,11040.0
2024-10-25 15:52:00+00:00,ZBRA,360.80999755859375,360.80999755859375,360.8299865722656,360.5400085449219,360.5400085449219,4250.0
2024-10-25 15:52:00+00:00,ZI,10.515000343322754,10.515000343322754,10.520000457763672,10.515000343322754,10.515000343322754,5000.0
2024-10-25 15:52:00+00:00,ZM,72.88999938964844,72.88999938964844,73.0,72.87999725341797,73.0,39026.0
2024-10-25 15:52:00+00:00,ZS,184.92999267578125,184.92999267578125,184.92999267578125,184.77999877929688,184.86000061035156,5231.0
2024-10-25 15:53:00+00:00,AAOI,17.510000228881836,17.510000228881836,17.510000228881836,17.44339942932129,17.44339942932129,57684.0
2024-10-25 15:53:00+00:00,AAPL,231.33999633789062,231.33999633789062,231.55599975585938,231.3300018310547,231.5399932861328,117708.0
2024-10-25 15:53:00+00:00,ACIW,48.810001373291016,48.810001373291016,48.84000015258789,48.79999923706055,48.83000183105469,4971.0
2024-10-25 15:53:00+00:00,ACLS,90.19000244140625,90.19000244140625,90.19000244140625,90.05500030517578,90.05500030517578,4081.0
2024-10-25 15:53:00+00:00,ACMR,19.55900001525879,19.55900001525879,19.559999465942383,19.55900001525879,19.559999465942383,1970.0
2024-10-25 15:53:00+00:00,ADBE,483.5050048828125,483.5050048828125,483.54998779296875,483.1913146972656,483.2099914550781,14083.0
2024-10-25 15:53:00+00:00,ADI,230.7550048828125,230.7550048828125,230.80999755859375,230.61000061035156,230.61000061035156,7056.0
2024-10-25 15:53:00+00:00,ADSK,286.3699951171875,286.3699951171875,286.57000732421875,286.25,286.57000732421875,12524.0
2024-10-25 15:53:00+00:00,ADTN,6.304999828338623,6.304999828338623,6.309999942779541,6.304999828338623,6.309999942779541,1176.0
2024-10-25 15:53:00+00:00,AEHR,16.989999771118164,16.989999771118164,16.989999771118164,16.924999237060547,16.924999237060547,9769.0
2024-10-25 15:53:00+00:00,AEYE,22.575000762939453,22.575000762939453,22.600000381469727,22.575000762939453,22.600000381469727,207.0
2024-10-25 15:53:00+00:00,AFRM,40.77000045776367,40.77000045776367,40.77000045776367,40.72999954223633,40.77000045776367,49227.0
2024-10-25 15:53:00+00:00,AGYS,109.9749984741211,109.9749984741211,109.9749984741211,109.88999938964844,109.88999938964844,472.0
2024-10-25 15:53:00+00:00,AKAM,101.87999725341797,101.87999725341797,101.87999725341797,101.83000183105469,101.83000183105469,8196.0
2024-10-25 15:53:00+00:00,AKTS,0.059300001710653305,0.059300001710653305,0.059300001710653305,0.059300001710653305,0.059300001710653305,1703.0
2024-10-25 15:53:00+00:00,ALGM,23.104999542236328,23.104999542236328,23.110000610351562,23.084999084472656,23.094999313354492,20602.0
2024-10-25 15:53:00+00:00,ALKT,38.25,38.25,38.25,38.220001220703125,38.220001220703125,2775.0
2024-10-25 15:53:00+00:00,ALLT,3.473299980163574,3.473299980163574,3.473299980163574,3.473299980163574,3.473299980163574,169.0
2024-10-25 15:53:00+00:00,ALRM,54.52000045776367,54.52000045776367,54.52000045776367,54.459999084472656,54.459999084472656,5196.0
2024-10-25 15:53:00+00:00,ALTR,103.4800033569336,103.4800033569336,103.51000213623047,103.31999969482422,103.31999969482422,5271.0
2024-10-25 15:53:00+00:00,AMAT,186.9375,186.9375,186.94000244140625,186.74000549316406,186.77000427246094,26117.0
2024-10-25 15:53:00+00:00,AMBA,57.81999969482422,57.81999969482422,57.81999969482422,57.79999923706055,57.79999923706055,1715.0
2024-10-25 15:53:00+00:00,AMD,156.5800018310547,156.5800018310547,156.58999633789062,156.3800048828125,156.42999267578125,99848.0
2024-10-25 15:53:00+00:00,AMKR,30.0,30.0,30.0,29.950000762939453,29.950000762939453,7056.0
2024-10-25 15:53:00+00:00,AMPL,9.109999656677246,9.109999656677246,9.114999771118164,9.109999656677246,9.114999771118164,655.0
2024-10-25 15:53:00+00:00,ANSS,323.18499755859375,323.18499755859375,323.18499755859375,323.18499755859375,323.18499755859375,509.0
2024-10-25 15:53:00+00:00,AOSL,35.974998474121094,35.974998474121094,36.0,35.974998474121094,36.0,1402.0
2024-10-25 15:53:00+00:00,APCX,0.75,0.75,0.75,0.75,0.75,0.0
2024-10-25 15:53:00+00:00,API,2.805000066757202,2.805000066757202,2.815000057220459,2.805000066757202,2.815000057220459,7198.0
2024-10-25 15:53:00+00:00,APP,161.68499755859375,161.68499755859375,161.7198944091797,161.60000610351562,161.6699981689453,16135.0
2024-10-25 15:53:00+00:00,APPF,212.91000366210938,212.91000366210938,212.91000366210938,212.6999969482422,212.74000549316406,4120.0
2024-10-25 15:53:00+00:00,APPN,32.35499954223633,32.35499954223633,32.36000061035156,32.31999969482422,32.31999969482422,2686.0
2024-10-25 15:53:00+00:00,APPS,3.059999942779541,3.059999942779541,3.069999933242798,3.059999942779541,3.059999942779541,33885.0
2024-10-25 15:53:00+00:00,ARQQ,7.090000152587891,7.090000152587891,7.090000152587891,7.090000152587891,7.090000152587891,730.0
2024-10-25 15:53:00+00:00,ARRY,6.454999923706055,6.454999923706055,6.465000152587891,6.449999809265137,6.454999923706055,48166.0
2024-10-25 15:53:00+00:00,ASML,713.4299926757812,713.4299926757812,713.4299926757812,713.0999755859375,713.135009765625,4841.0
2024-10-25 15:53:00+00:00,ASNS,1.2999999523162842,1.2999999523162842,1.2999999523162842,1.2999999523162842,1.2999999523162842,120.0
2024-10-25 15:53:00+00:00,ASUR,9.699999809265137,9.699999809265137,9.699999809265137,9.699999809265137,9.699999809265137,1106.0
2024-10-25 15:53:00+00:00,AUDC,9.119999885559082,9.119999885559082,9.140000343322754,9.119999885559082,9.140000343322754,1453.0
2024-10-25 15:53:00+00:00,AUR,6.34499979019165,6.34499979019165,6.349999904632568,6.329999923706055,6.340000152587891,40091.0
2024-10-25 15:53:00+00:00,AVDX,8.085000038146973,8.085000038146973,8.085000038146973,8.079999923706055,8.079999923706055,8335.0
2024-10-25 15:53:00+00:00,AVGO,173.31500244140625,173.31500244140625,173.36000061035156,173.08999633789062,173.13999938964844,52797.0
2024-10-25 15:53:00+00:00,AVNW,20.709999084472656,20.709999084472656,20.709999084472656,20.709999084472656,20.709999084472656,664.0
2024-10-25 15:53:00+00:00,AVPT,11.984999656677246,11.984999656677246,11.984999656677246,11.960000038146973,11.960000038146973,4398.0
2024-10-25 15:53:00+00:00,AVT,53.91999816894531,53.91999816894531,53.939998626708984,53.91999816894531,53.92499923706055,4325.0
2024-10-25 15:53:00+00:00,AXTI,2.6600000858306885,2.6600000858306885,2.6600000858306885,2.6600000858306885,2.6600000858306885,713.0
2024-10-25 15:53:00+00:00,AZPN,238.0399932861328,238.0399932861328,238.0399932861328,237.99000549316406,238.0,1738.0
2024-10-25 15:53:00+00:00,BAND,17.899999618530273,17.899999618530273,17.899999618530273,17.889999389648438,17.889999389648438,1315.0
2024-10-25 15:53:00+00:00,BASE,16.3700008392334,16.3700008392334,16.3700008392334,16.329999923706055,16.329999923706055,2329.0
2024-10-25 15:53:00+00:00,BELFB,78.6050033569336,78.6050033569336,78.6050033569336,78.6050033569336,78.6050033569336,745.0
2024-10-25 15:53:00+00:00,BIGC,5.255000114440918,5.255000114440918,5.255000114440918,5.25,5.255000114440918,12884.0
2024-10-25 15:53:00+00:00,BL,56.505001068115234,56.505001068115234,56.52000045776367,56.505001068115234,56.52000045776367,3612.0
2024-10-25 15:53:00+00:00,BMBL,7.179999828338623,7.179999828338623,7.190000057220459,7.150000095367432,7.150000095367432,44987.0
2024-10-25 15:53:00+00:00,BRZE,30.850000381469727,30.850000381469727,30.850000381469727,30.829999923706055,30.829999923706055,4471.0
2024-10-25 15:53:00+00:00,BSY,49.04999923706055,49.04999923706055,49.04999923706055,49.040000915527344,49.040000915527344,1900.0
2024-10-25 15:53:00+00:00,CAMT,78.0199966430664,78.0199966430664,78.0199966430664,77.94999694824219,77.94999694824219,1456.0
2024-10-25 15:53:00+00:00,CAN,0.9704999923706055,0.9704999923706055,0.9715999960899353,0.9704999923706055,0.9713000059127808,5691.0
2024-10-25 15:53:00+00:00,CCSI,20.155000686645508,20.155000686645508,20.155000686645508,20.100000381469727,20.150999069213867,1161.0
2024-10-25 15:53:00+00:00,CDNS,257.0799865722656,257.0799865722656,257.1400146484375,256.93499755859375,257.010009765625,8152.0
2024-10-25 15:53:00+00:00,CDW,217.57000732421875,217.57000732421875,217.66000366210938,217.5399932861328,217.64999389648438,9523.0
2024-10-25 15:53:00+00:00,CETX,0.2851000130176544,0.2851000130176544,0.2892000079154968,0.2851000130176544,0.28760001063346863,55015.0
2024-10-25 15:53:00+00:00,CEVA,24.05500030517578,24.05500030517578,24.05500030517578,24.040000915527344,24.040000915527344,624.0
2024-10-25 15:53:00+00:00,CFLT,22.489999771118164,22.489999771118164,22.489999771118164,22.475000381469727,22.475000381469727,16047.0
2024-10-25 15:53:00+00:00,CGNT,6.630000114440918,6.630000114440918,6.630000114440918,6.630000114440918,6.630000114440918,1802.0
2024-10-25 15:53:00+00:00,CGNX,38.93000030517578,38.93000030517578,38.93000030517578,38.900001525878906,38.900001525878906,7538.0
2024-10-25 15:53:00+00:00,CHKP,206.50999450683594,206.50999450683594,206.50999450683594,206.42999267578125,206.42999267578125,1753.0
2024-10-25 15:53:00+00:00,CLBT,18.225000381469727,18.225000381469727,18.239999771118164,18.225000381469727,18.235000610351562,4395.0
2024-10-25 15:53:00+00:00,CLFD,36.33000183105469,36.33000183105469,36.33000183105469,36.33000183105469,36.33000183105469,652.0
2024-10-25 15:53:00+00:00,CLSK,11.406599998474121,11.406599998474121,11.40999984741211,11.390000343322754,11.404999732971191,211253.0
2024-10-25 15:53:00+00:00,CMTL,3.809000015258789,3.809000015258789,3.809999942779541,3.809000015258789,3.809999942779541,1473.0
2024-10-25 15:53:00+00:00,CNDT,3.5950000286102295,3.5950000286102295,3.5999999046325684,3.5950000286102295,3.5999999046325684,3518.0
2024-10-25 15:53:00+00:00,CNXC,44.369998931884766,44.369998931884766,44.380001068115234,44.36000061035156,44.36000061035156,3956.0
2024-10-25 15:53:00+00:00,COHR,95.8499984741211,95.8499984741211,95.87000274658203,95.69000244140625,95.69999694824219,16751.0
2024-10-25 15:53:00+00:00,COHU,25.93000030517578,25.93000030517578,25.93000030517578,25.920000076293945,25.920000076293945,1330.0
2024-10-25 15:53:00+00:00,COIN,205.33070373535156,205.33070373535156,205.35000610351562,204.88999938964844,204.91000366210938,19230.0
2024-10-25 15:53:00+00:00,COMM,6.215000152587891,6.215000152587891,6.21999979019165,6.210000038146973,6.215000152587891,10144.0
2024-10-25 15:53:00+00:00,CORZ,13.34000015258789,13.34000015258789,13.350000381469727,13.300000190734863,13.300000190734863,36122.0
2024-10-25 15:53:00+00:00,CORZW,7.78000020980835,7.78000020980835,7.789999961853027,7.78000020980835,7.789999961853027,2586.0
2024-10-25 15:53:00+00:00,CPSH,1.4199999570846558,1.4199999570846558,1.4199999570846558,1.409999966621399,1.4149999618530273,1275.0
2024-10-25 15:53:00+00:00,CRDO,39.150001525878906,39.150001525878906,39.150001525878906,39.06999969482422,39.08000183105469,11918.0
2024-10-25 15:53:00+00:00,CRNC,2.924999952316284,2.924999952316284,2.930000066757202,2.924999952316284,2.930000066757202,2072.0
2024-10-25 15:53:00+00:00,CRSR,6.324999809265137,6.324999809265137,6.324999809265137,6.315000057220459,6.315000057220459,3448.0
2024-10-25 15:53:00+00:00,CRUS,122.38249969482422,122.38249969482422,122.38249969482422,122.15499877929688,122.15499877929688,5378.0
2024-10-25 15:53:00+00:00,CRWD,300.9100036621094,300.9100036621094,301.2799987792969,300.79998779296875,301.0150146484375,24295.0
2024-10-25 15:53:00+00:00,CSCO,55.755001068115234,55.755001068115234,55.7599983215332,55.7400016784668,55.744998931884766,42216.0
2024-10-25 15:53:00+00:00,CSGS,47.22999954223633,47.22999954223633,47.22999954223633,47.189998626708984,47.189998626708984,849.0
2024-10-25 15:53:00+00:00,CSIQ,13.369999885559082,13.369999885559082,13.369999885559082,13.350099563598633,13.350099563598633,7955.0
2024-10-25 15:53:00+00:00,CTLP,8.904999732971191,8.904999732971191,8.90999984741211,8.904999732971191,8.90999984741211,840.0
2024-10-25 15:53:00+00:00,CTSH,74.7750015258789,74.7750015258789,74.77999877929688,74.75,74.75,14356.0
2024-10-25 15:53:00+00:00,CVLT,134.64999389648438,134.64999389648438,134.64999389648438,134.64999389648438,134.64999389648438,620.0
2024-10-25 15:53:00+00:00,CYBR,290.9049987792969,290.9049987792969,290.9049987792969,290.9049987792969,290.9049987792969,2112.0
2024-10-25 15:53:00+00:00,DAKT,13.095000267028809,13.095000267028809,13.095000267028809,13.0600004196167,13.0600004196167,3572.0
2024-10-25 15:53:00+00:00,DAVE,38.75,38.75,38.79999923706055,38.75,38.79999923706055,445.0
2024-10-25 15:53:00+00:00,DBX,26.030000686645508,26.030000686645508,26.040000915527344,25.9950008392334,26.0,44747.0
2024-10-25 15:53:00+00:00,DDOG,126.83999633789062,126.83999633789062,126.87999725341797,126.79499816894531,126.81999969482422,23953.0
2024-10-25 15:53:00+00:00,DGII,29.920000076293945,29.920000076293945,29.93000030517578,29.920000076293945,29.93000030517578,1126.0
2024-10-25 15:53:00+00:00,DIOD,64.73999786376953,64.73999786376953,64.80999755859375,64.73999786376953,64.73999786376953,2053.0
2024-10-25 15:53:00+00:00,DLO,8.845000267028809,8.845000267028809,8.845000267028809,8.829999923706055,8.829999923706055,7589.0
2024-10-25 15:53:00+00:00,DMRC,32.17499923706055,32.17499923706055,32.17499923706055,32.13999938964844,32.150001525878906,909.0
2024-10-25 15:53:00+00:00,DOCU,68.91999816894531,68.91999816894531,68.93000030517578,68.87000274658203,68.87000274658203,22874.0
2024-10-25 15:53:00+00:00,DOMO,8.09000015258789,8.09000015258789,8.09000015258789,8.09000015258789,8.09000015258789,1332.0
2024-10-25 15:53:00+00:00,DOX,88.91500091552734,88.91500091552734,88.91999816894531,88.91000366210938,88.91000366210938,2732.0
2024-10-25 15:53:00+00:00,DSP,11.4399995803833,11.4399995803833,11.4399995803833,11.4399995803833,11.4399995803833,559.0
2024-10-25 15:53:00+00:00,DTSS,2.4800000190734863,2.4800000190734863,2.4800000190734863,2.4800000190734863,2.4800000190734863,1270.0
2024-10-25 15:53:00+00:00,DUOL,291.45001220703125,291.45001220703125,291.7349853515625,291.19500732421875,291.6300048828125,2704.0
2024-10-25 15:53:00+00:00,EEFT,100.38999938964844,100.38999938964844,100.3949966430664,100.37000274658203,100.37000274658203,3495.0
2024-10-25 15:53:00+00:00,EGAN,4.880000114440918,4.880000114440918,4.880000114440918,4.869999885559082,4.869999885559082,519.0
2024-10-25 15:53:00+00:00,EMKR,2.130000114440918,2.130000114440918,2.130000114440918,2.130000114440918,2.130000114440918,786.0
2024-10-25 15:53:00+00:00,ENPH,83.81999969482422,83.81999969482422,83.91999816894531,83.7699966430664,83.87000274658203,23457.0
2024-10-25 15:53:00+00:00,ENTG,105.29499816894531,105.29499816894531,105.30999755859375,105.17500305175781,105.18000030517578,12762.0
2024-10-25 15:53:00+00:00,ERIC,8.454999923706055,8.454999923706055,8.460000038146973,8.449999809265137,8.460000038146973,283830.0
2024-10-25 15:53:00+00:00,EVCM,10.420000076293945,10.420000076293945,10.420000076293945,10.420000076293945,10.420000076293945,1336.0
2024-10-25 15:53:00+00:00,EXFY,1.715000033378601,1.715000033378601,1.715000033378601,1.715000033378601,1.715000033378601,1396.0
2024-10-25 15:53:00+00:00,EXLS,38.584999084472656,38.584999084472656,38.584999084472656,38.56999969482422,38.56999969482422,3245.0
2024-10-25 15:53:00+00:00,EXTR,14.324999809265137,14.324999809265137,14.329899787902832,14.324999809265137,14.324999809265137,3189.0
2024-10-25 15:53:00+00:00,FFIV,217.00999450683594,217.00999450683594,217.031005859375,217.00999450683594,217.02499389648438,2891.0
2024-10-25 15:53:00+00:00,FIVN,29.704999923706055,29.704999923706055,29.704999923706055,29.6200008392334,29.6299991607666,16001.0
2024-10-25 15:53:00+00:00,FLEX,35.154998779296875,35.154998779296875,35.165000915527344,35.14250183105469,35.14500045776367,13351.0
2024-10-25 15:53:00+00:00,FLYW,17.329999923706055,17.329999923706055,17.329999923706055,17.290000915527344,17.290000915527344,3255.0
2024-10-25 15:53:00+00:00,FORM,44.86000061035156,44.86000061035156,44.86000061035156,44.86000061035156,44.86000061035156,713.0
2024-10-25 15:53:00+00:00,FROG,29.25,29.25,29.25,29.219999313354492,29.219999313354492,7372.0
2024-10-25 15:53:00+00:00,FRSH,11.645000457763672,11.645000457763672,11.645000457763672,11.635000228881836,11.635000228881836,8135.0
2024-10-25 15:53:00+00:00,FSLR,198.32000732421875,198.32000732421875,198.3800048828125,198.25999450683594,198.26499938964844,12097.0
2024-10-25 15:53:00+00:00,FTCI,0.6654000282287598,0.6654000282287598,0.6654000282287598,0.6654000282287598,0.6654000282287598,6054.0
2024-10-25 15:53:00+00:00,FTNT,80.42500305175781,80.42500305175781,80.45999908447266,80.42500305175781,80.43000030517578,17037.0
2024-10-25 15:53:00+00:00,GCT,24.360000610351562,24.360000610351562,24.3700008392334,24.309999465942383,24.309999465942383,5807.0
2024-10-25 15:53:00+00:00,GDS,21.440000534057617,21.440000534057617,21.450000762939453,21.43000030517578,21.43000030517578,2087.0
2024-10-25 15:53:00+00:00,GDYN,15.619999885559082,15.619999885559082,15.619999885559082,15.59000015258789,15.59000015258789,2047.0
2024-10-25 15:53:00+00:00,GFS,40.43000030517578,40.43000030517578,40.43000030517578,40.380001068115234,40.380001068115234,8547.0
2024-10-25 15:53:00+00:00,GILT,4.929999828338623,4.929999828338623,4.929999828338623,4.929999828338623,4.929999828338623,294.0
2024-10-25 15:53:00+00:00,GPRO,1.2999999523162842,1.2999999523162842,1.309999942779541,1.2999999523162842,1.3049999475479126,3076.0
2024-10-25 15:53:00+00:00,GRAB,4.085000038146973,4.085000038146973,4.090000152587891,4.083700180053711,4.085000038146973,339238.0
2024-10-25 15:53:00+00:00,GTLB,54.970001220703125,54.970001220703125,54.970001220703125,54.869998931884766,54.869998931884766,8620.0
2024-10-25 15:53:00+00:00,HCP,33.63999938964844,33.63999938964844,33.63999938964844,33.6349983215332,33.6349983215332,1599.0
2024-10-25 15:53:00+00:00,HEAR,16.440000534057617,16.440000534057617,16.440000534057617,16.440000534057617,16.440000534057617,203.0
2024-10-25 15:53:00+00:00,HIMX,6.15500020980835,6.15500020980835,6.159999847412109,6.15500020980835,6.15500020980835,4259.0
2024-10-25 15:53:00+00:00,HLIT,14.819999694824219,14.819999694824219,14.819999694824219,14.8149995803833,14.819999694824219,2086.0
2024-10-25 15:53:00+00:00,HOLO,3.569999933242798,3.569999933242798,3.5799999237060547,3.569999933242798,3.5799999237060547,16527.0
2024-10-25 15:53:00+00:00,HOOD,27.084999084472656,27.084999084472656,27.09000015258789,27.024999618530273,27.024999618530273,87695.0
2024-10-25 15:53:00+00:00,ICHR,27.610000610351562,27.610000610351562,27.610000610351562,27.600000381469727,27.600000381469727,1224.0
2024-10-25 15:53:00+00:00,IIIV,22.940000534057617,22.940000534057617,22.940000534057617,22.93000030517578,22.93000030517578,1269.0
2024-10-25 15:53:00+00:00,IMMR,8.654999732971191,8.654999732971191,8.654999732971191,8.645000457763672,8.645000457763672,3190.0
2024-10-25 15:53:00+00:00,INDI,3.4800000190734863,3.4800000190734863,3.484999895095825,3.4800000190734863,3.4800000190734863,7087.0
2024-10-25 15:53:00+00:00,INFN,6.769999980926514,6.769999980926514,6.769999980926514,6.769999980926514,6.769999980926514,619.0
2024-10-25 15:53:00+00:00,INOD,20.290000915527344,20.290000915527344,20.290000915527344,20.229999542236328,20.229999542236328,3268.0
2024-10-25 15:53:00+00:00,INSG,19.639999389648438,19.639999389648438,19.639999389648438,19.600000381469727,19.625,5799.0
2024-10-25 15:53:00+00:00,INTA,50.13999938964844,50.13999938964844,50.18000030517578,50.13999938964844,50.18000030517578,2208.0
2024-10-25 15:53:00+00:00,INTC,22.795000076293945,22.795000076293945,22.799999237060547,22.770000457763672,22.774999618530273,246320.0
2024-10-25 15:53:00+00:00,INTU,609.364990234375,609.364990234375,609.5599975585938,608.9600219726562,608.9600219726562,6305.0
2024-10-25 15:53:00+00:00,INTZ,0.739799976348877,0.739799976348877,0.739799976348877,0.739799976348877,0.739799976348877,329.0
2024-10-25 15:53:00+00:00,IPGP,76.8499984741211,76.8499984741211,76.8499984741211,76.8499984741211,76.8499984741211,654.0
2024-10-25 15:53:00+00:00,ITRI,102.5999984741211,102.5999984741211,102.5999984741211,102.55999755859375,102.55999755859375,3602.0
2024-10-25 15:53:00+00:00,ITRN,27.416000366210938,27.416000366210938,27.416000366210938,27.416000366210938,27.416000366210938,357.0
2024-10-25 15:53:00+00:00,JAMF,16.747499465942383,16.747499465942383,16.764999389648438,16.7450008392334,16.764999389648438,5521.0
2024-10-25 15:53:00+00:00,JKHY,182.64999389648438,182.64999389648438,182.75999450683594,182.64999389648438,182.6999969482422,2585.0
2024-10-25 15:53:00+00:00,KC,2.6649999618530273,2.6649999618530273,2.6649999618530273,2.6600000858306885,2.6600000858306885,19238.0
2024-10-25 15:53:00+00:00,KLAC,674.719970703125,674.719970703125,674.8900146484375,674.489990234375,674.6199951171875,5132.0
2024-10-25 15:53:00+00:00,KLIC,44.599998474121094,44.599998474121094,44.61000061035156,44.560001373291016,44.564998626708984,3796.0
2024-10-25 15:53:00+00:00,KOPN,0.7850000262260437,0.7850000262260437,0.7850000262260437,0.7850000262260437,0.7850000262260437,300.0
2024-10-25 15:53:00+00:00,LASR,10.390000343322754,10.390000343322754,10.390000343322754,10.369999885559082,10.369999885559082,723.0
2024-10-25 15:53:00+00:00,LFUS,252.9550018310547,252.9550018310547,252.9550018310547,252.82000732421875,252.82000732421875,1599.0
2024-10-25 15:53:00+00:00,LITE,64.41999816894531,64.41999816894531,64.44499969482422,64.41999816894531,64.44499969482422,3470.0
2024-10-25 15:53:00+00:00,LOGI,80.7249984741211,80.7249984741211,80.73699951171875,80.72000122070312,80.72000122070312,1637.0
2024-10-25 15:53:00+00:00,LPSN,1.1699999570846558,1.1699999570846558,1.1699999570846558,1.1699999570846558,1.1699999570846558,3395.0
2024-10-25 15:53:00+00:00,LPTH,1.659999966621399,1.659999966621399,1.6670000553131104,1.659999966621399,1.6670000553131104,1734.0
2024-10-25 15:53:00+00:00,LRCX,77.94999694824219,77.94999694824219,77.95999908447266,77.86000061035156,77.94999694824219,95755.0
2024-10-25 15:53:00+00:00,LSCC,54.2400016784668,54.2400016784668,54.2400016784668,54.16999816894531,54.18000030517578,13626.0
2024-10-25 15:53:00+00:00,LTRX,4.079999923706055,4.079999923706055,4.079999923706055,4.079999923706055,4.079999923706055,1257.0
2024-10-25 15:53:00+00:00,LYFT,13.520000457763672,13.520000457763672,13.539999961853027,13.451499938964844,13.454999923706055,350430.0
2024-10-25 15:53:00+00:00,LYTS,16.25,16.25,16.25,16.219999313354492,16.219999313354492,777.0
2024-10-25 15:53:00+00:00,MANH,276.010009765625,276.010009765625,276.010009765625,275.9800109863281,276.0,2512.0
2024-10-25 15:53:00+00:00,MARK,0.10599999874830246,0.10599999874830246,0.10610000044107437,0.10599999874830246,0.10610000044107437,450000.0
2024-10-25 15:53:00+00:00,MAXN,5.695400238037109,5.695400238037109,5.696499824523926,5.695400238037109,5.696499824523926,1145.0
2024-10-25 15:53:00+00:00,MCHP,76.62000274658203,76.62000274658203,76.62999725341797,76.52999877929688,76.52999877929688,32742.0
2024-10-25 15:53:00+00:00,MDB,268.5899963378906,268.5899963378906,268.6000061035156,268.3699951171875,268.3800048828125,5201.0
2024-10-25 15:53:00+00:00,MITK,8.760000228881836,8.760000228881836,8.765000343322754,8.760000228881836,8.765000343322754,940.0
2024-10-25 15:53:00+00:00,MKSI,101.2300033569336,101.2300033569336,101.2699966430664,101.11000061035156,101.12000274658203,9779.0
2024-10-25 15:53:00+00:00,MNDY,299.20001220703125,299.20001220703125,299.20001220703125,298.7049865722656,298.79998779296875,5791.0
2024-10-25 15:53:00+00:00,MPWR,906.030029296875,906.030029296875,906.072509765625,904.5601196289062,906.072509765625,8699.0
2024-10-25 15:53:00+00:00,MQ,5.304999828338623,5.304999828338623,5.309999942779541,5.304999828338623,5.304999828338623,12360.0
2024-10-25 15:53:00+00:00,MRVL,82.18000030517578,82.18000030517578,82.19000244140625,82.06500244140625,82.07499694824219,32004.0
2024-10-25 15:53:00+00:00,MSFT,427.8299865722656,427.8299865722656,428.07000732421875,427.82000732421875,427.9150085449219,33409.0
2024-10-25 15:53:00+00:00,MSTR,235.68910217285156,235.68910217285156,235.68910217285156,235.0,235.02000427246094,48569.0
2024-10-25 15:53:00+00:00,MTSI,121.49250030517578,121.49250030517578,121.52999877929688,121.4000015258789,121.41000366210938,9940.0
2024-10-25 15:53:00+00:00,MTTR,4.59499979019165,4.59499979019165,4.599999904632568,4.590000152587891,4.599999904632568,36152.0
2024-10-25 15:53:00+00:00,MU,108.08999633789062,108.08999633789062,108.08999633789062,107.95999908447266,107.98999786376953,76604.0
2024-10-25 15:53:00+00:00,MVIS,1.0700000524520874,1.0700000524520874,1.0700000524520874,1.0700000524520874,1.0700000524520874,6216.0
2024-10-25 15:53:00+00:00,MXL,14.859999656677246,14.859999656677246,14.859999656677246,14.8100004196167,14.8100004196167,13020.0
2024-10-25 15:53:00+00:00,NCNO,37.834999084472656,37.834999084472656,37.84000015258789,37.83000183105469,37.84000015258789,7975.0
2024-10-25 15:53:00+00:00,NICE,173.82000732421875,173.82000732421875,174.11000061035156,173.82000732421875,174.05499267578125,5344.0
2024-10-25 15:53:00+00:00,NNDM,2.325000047683716,2.325000047683716,2.325000047683716,2.325000047683716,2.325000047683716,4254.0
2024-10-25 15:53:00+00:00,NOVT,173.0399932861328,173.0399932861328,173.0399932861328,173.02999877929688,173.02999877929688,675.0
2024-10-25 15:53:00+00:00,NSIT,209.52000427246094,209.52000427246094,209.52999877929688,209.52000427246094,209.52999877929688,751.0
2024-10-25 15:53:00+00:00,NTAP,119.76000213623047,119.76000213623047,119.76000213623047,119.7074966430664,119.72000122070312,6819.0
2024-10-25 15:53:00+00:00,NTCT,20.75,20.75,20.75,20.725000381469727,20.729999542236328,4592.0
2024-10-25 15:53:00+00:00,NTGR,20.290000915527344,20.290000915527344,20.290000915527344,20.280000686645508,20.280000686645508,1445.0
2024-10-25 15:53:00+00:00,NTNX,61.900001525878906,61.900001525878906,61.90999984741211,61.84000015258789,61.880001068115234,11304.0
2024-10-25 15:53:00+00:00,NVDA,141.71600341796875,141.71600341796875,141.77999877929688,141.66000366210938,141.75,501397.0
2024-10-25 15:53:00+00:00,NVEC,76.12000274658203,76.12000274658203,76.12000274658203,76.12000274658203,76.12000274658203,1769.0
2024-10-25 15:53:00+00:00,NVEI,33.494998931884766,33.494998931884766,33.494998931884766,33.494998931884766,33.494998931884766,2099.0
2024-10-25 15:53:00+00:00,NVTS,2.5508999824523926,2.5508999824523926,2.555000066757202,2.5508999824523926,2.555000066757202,3718.0
2024-10-25 15:53:00+00:00,NXPI,243.33999633789062,243.33999633789062,243.3699951171875,242.88999938964844,242.9600067138672,19814.0
2024-10-25 15:53:00+00:00,OKTA,72.41999816894531,72.41999816894531,72.41999816894531,72.38999938964844,72.38999938964844,4991.0
2024-10-25 15:53:00+00:00,OLED,202.7899932861328,202.7899932861328,202.7899932861328,202.7899932861328,202.7899932861328,686.0
2024-10-25 15:53:00+00:00,ON,71.23999786376953,71.23999786376953,71.26000213623047,71.16999816894531,71.23500061035156,71741.0
2024-10-25 15:53:00+00:00,OSIS,134.24000549316406,134.24000549316406,134.3699951171875,134.22999572753906,134.3000030517578,2550.0
2024-10-25 15:53:00+00:00,OSPN,14.520000457763672,14.520000457763672,14.520000457763672,14.520000457763672,14.520000457763672,910.0
2024-10-25 15:53:00+00:00,OTEX,33.224998474121094,33.224998474121094,33.224998474121094,33.209999084472656,33.209999084472656,2561.0
2024-10-25 15:53:00+00:00,PANW,366.2099914550781,366.2099914550781,366.29998779296875,366.1400146484375,366.17999267578125,6205.0
2024-10-25 15:53:00+00:00,PAYO,8.345000267028809,8.345000267028809,8.350000381469727,8.345000267028809,8.345000267028809,6976.0
2024-10-25 15:53:00+00:00,PCTY,173.3300018310547,173.3300018310547,173.3800048828125,173.27999877929688,173.3800048828125,5542.0
2024-10-25 15:53:00+00:00,PDFS,29.184999465942383,29.184999465942383,29.190000534057617,29.15999984741211,29.190000534057617,2843.0
2024-10-25 15:53:00+00:00,PEGA,80.01499938964844,80.01499938964844,80.01499938964844,79.98500061035156,80.0,4680.0
2024-10-25 15:53:00+00:00,PEGY,4.690000057220459,4.690000057220459,4.731299877166748,4.670100212097168,4.731299877166748,9592.0
2024-10-25 15:53:00+00:00,PET,0.8119999766349792,0.8119999766349792,0.8119999766349792,0.8119999766349792,0.8119999766349792,291.0
2024-10-25 15:53:00+00:00,PGY,11.979999542236328,11.979999542236328,11.984999656677246,11.963899612426758,11.970000267028809,6537.0
2024-10-25 15:53:00+00:00,PHUN,10.430000305175781,10.430000305175781,10.449299812316895,10.40999984741211,10.430000305175781,23240.0
2024-10-25 15:53:00+00:00,PI,198.7700958251953,198.7700958251953,199.35000610351562,198.7700958251953,199.1699981689453,16109.0
2024-10-25 15:53:00+00:00,PLAB,23.639999389648438,23.639999389648438,23.639999389648438,23.639999389648438,23.639999389648438,1364.0
2024-10-25 15:53:00+00:00,PLUS,97.7300033569336,97.7300033569336,97.7300033569336,97.7300033569336,97.7300033569336,297.0
2024-10-25 15:53:00+00:00,PLXS,140.69000244140625,140.69000244140625,140.69000244140625,140.69000244140625,140.69000244140625,1088.0
2024-10-25 15:53:00+00:00,POET,3.859999895095825,3.859999895095825,3.859999895095825,3.8499999046325684,3.8540000915527344,7111.0
2024-10-25 15:53:00+00:00,POWI,63.290000915527344,63.290000915527344,63.290000915527344,63.279998779296875,63.279998779296875,1297.0
2024-10-25 15:53:00+00:00,PRCH,1.2949999570846558,1.2949999570846558,1.2949999570846558,1.2949999570846558,1.2949999570846558,2429.0
2024-10-25 15:53:00+00:00,PRGS,64.69999694824219,64.69999694824219,64.76000213623047,64.69999694824219,64.70999908447266,6473.0
2024-10-25 15:53:00+00:00,PRSO,1.8350000381469727,1.8350000381469727,1.8499000072479248,1.8350000381469727,1.8499000072479248,5323.0
2024-10-25 15:53:00+00:00,PTC,187.44000244140625,187.44000244140625,187.44000244140625,187.39999389648438,187.44000244140625,2671.0
2024-10-25 15:53:00+00:00,PUBM,14.770000457763672,14.770000457763672,14.774999618530273,14.770000457763672,14.770000457763672,3583.0
2024-10-25 15:53:00+00:00,PYCR,14.364999771118164,14.364999771118164,14.364999771118164,14.359999656677246,14.359999656677246,3284.0
2024-10-25 15:53:00+00:00,QCOM,170.7050018310547,170.7050018310547,170.72500610351562,170.44000244140625,170.4550018310547,16693.0
2024-10-25 15:53:00+00:00,QLYS,121.22000122070312,121.22000122070312,121.25499725341797,120.94000244140625,120.94000244140625,10416.0
2024-10-25 15:53:00+00:00,QRVO,99.5199966430664,99.5199966430664,99.5199966430664,99.41000366210938,99.44000244140625,10102.0
2024-10-25 15:53:00+00:00,QUBT,1.0896999835968018,1.0896999835968018,1.0896999835968018,1.0850000381469727,1.0850000381469727,547.0
2024-10-25 15:53:00+00:00,QUIK,8.619999885559082,8.619999885559082,8.619999885559082,8.619999885559082,8.619999885559082,200.0
2024-10-25 15:53:00+00:00,RCAT,2.7149999141693115,2.7149999141693115,2.7149999141693115,2.7100000381469727,2.7100000381469727,920.0
2024-10-25 15:53:00+00:00,RDWR,22.329999923706055,22.329999923706055,22.34000015258789,22.329999923706055,22.34000015258789,460.0
2024-10-25 15:53:00+00:00,REKR,1.0800000429153442,1.0800000429153442,1.0800000429153442,1.0723999738693237,1.0800000429153442,5938.0
2024-10-25 15:53:00+00:00,RELY,14.8100004196167,14.8100004196167,14.8100004196167,14.789999961853027,14.800000190734863,7846.0
2024-10-25 15:53:00+00:00,RGTI,1.2000000476837158,1.2000000476837158,1.2100000381469727,1.2000000476837158,1.2050000429153442,6184.0
2024-10-25 15:53:00+00:00,RIOT,9.6850004196167,9.6850004196167,9.68589973449707,9.64009952545166,9.65999984741211,247739.0
2024-10-25 15:53:00+00:00,RMBS,43.43000030517578,43.43000030517578,43.43000030517578,43.397499084472656,43.400001525878906,11796.0
2024-10-25 15:53:00+00:00,RMNI,1.7300000190734863,1.7300000190734863,1.7300000190734863,1.7269999980926514,1.7269999980926514,1751.0
2024-10-25 15:53:00+00:00,RPAY,7.75,7.75,7.75,7.744999885559082,7.75,3905.0
2024-10-25 15:53:00+00:00,RPD,38.98099899291992,38.98099899291992,39.02000045776367,38.98099899291992,39.02000045776367,2047.0
2024-10-25 15:53:00+00:00,RUM,5.675300121307373,5.675300121307373,5.677999973297119,5.660099983215332,5.670000076293945,7277.0
2024-10-25 15:53:00+00:00,RUN,14.364999771118164,14.364999771118164,14.364999771118164,14.34000015258789,14.345000267028809,44283.0
2024-10-25 15:53:00+00:00,RXT,2.484999895095825,2.484999895095825,2.484999895095825,2.484999895095825,2.484999895095825,454.0
2024-10-25 15:53:00+00:00,SANM,67.59500122070312,67.59500122070312,67.5999984741211,67.5199966430664,67.5199966430664,2616.0
2024-10-25 15:53:00+00:00,SATS,25.1200008392334,25.1200008392334,25.1200008392334,25.09000015258789,25.09000015258789,4617.0
2024-10-25 15:53:00+00:00,SCSC,44.86000061035156,44.86000061035156,44.86000061035156,44.86000061035156,44.86000061035156,764.0
2024-10-25 15:53:00+00:00,SEDG,16.040000915527344,16.040000915527344,16.06999969482422,16.000200271606445,16.049999237060547,40028.0
2024-10-25 15:53:00+00:00,SHLS,5.159999847412109,5.159999847412109,5.170000076293945,5.159999847412109,5.170000076293945,14253.0
2024-10-25 15:53:00+00:00,SIMO,56.11000061035156,56.11000061035156,56.11000061035156,56.06999969482422,56.06999969482422,1941.0
2024-10-25 15:53:00+00:00,SITM,178.52000427246094,178.52000427246094,178.52000427246094,178.22000122070312,178.24000549316406,1971.0
2024-10-25 15:53:00+00:00,SKYT,10.420000076293945,10.420000076293945,10.420000076293945,10.40999984741211,10.40999984741211,2831.0
2024-10-25 15:53:00+00:00,SLAB,113.875,113.875,113.875,113.75499725341797,113.75499725341797,944.0
2024-10-25 15:53:00+00:00,SLNH,3.900099992752075,3.900099992752075,3.930000066757202,3.900099992752075,3.930000066757202,1607.0
2024-10-25 15:53:00+00:00,SLNHP,13.06089973449707,13.06089973449707,13.119999885559082,13.06089973449707,13.119999885559082,2502.0
2024-10-25 15:53:00+00:00,SMCI,47.39500045776367,47.39500045776367,47.422000885009766,47.374000549316406,47.404998779296875,97735.0
2024-10-25 15:53:00+00:00,SMSI,0.8141000270843506,0.8141000270843506,0.8141000270843506,0.8141000270843506,0.8141000270843506,5006.0
2024-10-25 15:53:00+00:00,SMTC,45.6349983215332,45.6349983215332,45.65999984741211,45.54999923706055,45.560001373291016,10306.0
2024-10-25 15:53:00+00:00,SNPS,501.04998779296875,501.04998779296875,501.04998779296875,500.93499755859375,500.93499755859375,1528.0
2024-10-25 15:53:00+00:00,SONO,12.65999984741211,12.65999984741211,12.664999961853027,12.65999984741211,12.664999961853027,4336.0
2024-10-25 15:53:00+00:00,SOUN,5.189899921417236,5.189899921417236,5.190000057220459,5.179999828338623,5.187399864196777,20355.0
2024-10-25 15:53:00+00:00,SPNS,36.69499969482422,36.69499969482422,36.69499969482422,36.69499969482422,36.69499969482422,387.0
2024-10-25 15:53:00+00:00,SPSC,171.1999969482422,171.1999969482422,171.1999969482422,171.1999969482422,171.1999969482422,1948.0
2024-10-25 15:53:00+00:00,SPT,27.0,27.0,27.010000228881836,27.0,27.0,6745.0
2024-10-25 15:53:00+00:00,SRAD,12.3100004196167,12.3100004196167,12.319999694824219,12.3100004196167,12.319999694824219,4683.0
2024-10-25 15:53:00+00:00,SSNC,70.125,70.125,70.12999725341797,70.09249877929688,70.0999984741211,50829.0
2024-10-25 15:53:00+00:00,SSTI,11.050000190734863,11.050000190734863,11.050000190734863,11.050000190734863,11.050000190734863,1807.0
2024-10-25 15:53:00+00:00,SSYS,7.03000020980835,7.03000020980835,7.03000020980835,7.025000095367432,7.03000020980835,818.0
2024-10-25 15:53:00+00:00,STER,16.75,16.75,16.75,16.75,16.75,506.0
2024-10-25 15:53:00+00:00,STNE,11.399999618530273,11.399999618530273,11.399999618530273,11.375,11.375,33005.0
2024-10-25 15:53:00+00:00,STX,103.36000061035156,103.36000061035156,103.40499877929688,103.33999633789062,103.38999938964844,19374.0
2024-10-25 15:53:00+00:00,SWKS,95.66000366210938,95.66000366210938,95.66000366210938,95.55999755859375,95.5999984741211,16834.0
2024-10-25 15:53:00+00:00,SYNA,72.13999938964844,72.13999938964844,72.20999908447266,72.04499816894531,72.05000305175781,3694.0
2024-10-25 15:53:00+00:00,SYTA,1.284999966621399,1.284999966621399,1.284999966621399,1.284999966621399,1.284999966621399,18.0
2024-10-25 15:53:00+00:00,TEAM,188.74000549316406,188.74000549316406,188.75,188.63999938964844,188.63999938964844,11565.0
2024-10-25 15:53:00+00:00,TENB,41.72999954223633,41.72999954223633,41.779998779296875,41.72999954223633,41.7400016784668,10060.0
2024-10-25 15:53:00+00:00,TER,112.21009826660156,112.21009826660156,112.2750015258789,112.16999816894531,112.2750015258789,25633.0
2024-10-25 15:53:00+00:00,TRMB,60.875,60.875,60.880001068115234,60.86000061035156,60.86000061035156,1389.0
2024-10-25 15:53:00+00:00,TROO,2.2699999809265137,2.2699999809265137,2.2699999809265137,2.2699999809265137,2.2699999809265137,200.0
2024-10-25 15:53:00+00:00,TTD,119.37999725341797,119.37999725341797,119.41000366210938,119.30000305175781,119.30000305175781,11994.0
2024-10-25 15:53:00+00:00,TTMI,19.579999923706055,19.579999923706055,19.579999923706055,19.549999237060547,19.549999237060547,4474.0
2024-10-25 15:53:00+00:00,TWKS,4.440000057220459,4.440000057220459,4.445000171661377,4.440000057220459,4.445000171661377,4624.0
2024-10-25 15:53:00+00:00,TXN,207.44000244140625,207.44000244140625,207.44000244140625,207.22000122070312,207.25,24954.0
2024-10-25 15:53:00+00:00,UCTT,35.744998931884766,35.744998931884766,35.7599983215332,35.72999954223633,35.7599983215332,4983.0
2024-10-25 15:53:00+00:00,VECO,29.360000610351562,29.360000610351562,29.360000610351562,29.34000015258789,29.34000015258789,8301.0
2024-10-25 15:53:00+00:00,VERI,3.440000057220459,3.440000057220459,3.450000047683716,3.434999942779541,3.434999942779541,14437.0
2024-10-25 15:53:00+00:00,VERX,42.130001068115234,42.130001068115234,42.150001525878906,42.130001068115234,42.13999938964844,3142.0
2024-10-25 15:53:00+00:00,VIAV,9.15999984741211,9.15999984741211,9.15999984741211,9.145000457763672,9.145000457763672,14812.0
2024-10-25 15:53:00+00:00,VICR,46.22999954223633,46.22999954223633,46.22999954223633,46.191001892089844,46.2056999206543,2218.0
2024-10-25 15:53:00+00:00,VMEO,4.75,4.75,4.75,4.744999885559082,4.744999885559082,2729.0
2024-10-25 15:53:00+00:00,VRNS,56.95500183105469,56.95500183105469,56.95500183105469,56.93000030517578,56.935001373291016,8434.0
2024-10-25 15:53:00+00:00,VRNT,21.84000015258789,21.84000015258789,21.84000015258789,21.825000762939453,21.825000762939453,3304.0
2024-10-25 15:53:00+00:00,VRSN,180.86000061035156,180.86000061035156,180.86000061035156,180.64999389648438,180.67999267578125,6095.0
2024-10-25 15:53:00+00:00,VSAT,10.234999656677246,10.234999656677246,10.234999656677246,10.21500015258789,10.227499961853027,14174.0
2024-10-25 15:53:00+00:00,VUZI,1.2949999570846558,1.2949999570846558,1.2999999523162842,1.2949999570846558,1.2999000549316406,3264.0
2024-10-25 15:53:00+00:00,WALD,3.4800000190734863,3.4800000190734863,3.509999990463257,3.4800000190734863,3.509999990463257,322.0
2024-10-25 15:53:00+00:00,WDAY,237.90159606933594,237.90159606933594,238.0399932861328,237.82220458984375,237.9499969482422,12973.0
2024-10-25 15:53:00+00:00,WDC,69.70999908447266,69.70999908447266,69.70999908447266,69.6500015258789,69.70999908447266,65176.0
2024-10-25 15:53:00+00:00,WISA,1.940500020980835,1.940500020980835,1.9600000381469727,1.940500020980835,1.9500000476837158,3296.0
2024-10-25 15:53:00+00:00,WIX,164.4199981689453,164.4199981689453,164.4199981689453,164.4199981689453,164.4199981689453,773.0
2024-10-25 15:53:00+00:00,WRAP,1.8450000286102295,1.8450000286102295,1.8450000286102295,1.8450000286102295,1.8450000286102295,158.0
2024-10-25 15:53:00+00:00,XPER,9.380000114440918,9.380000114440918,9.380000114440918,9.369999885559082,9.375,2659.0
2024-10-25 15:53:00+00:00,XRX,9.975000381469727,9.975000381469727,9.975000381469727,9.949999809265137,9.954999923706055,12529.0
2024-10-25 15:53:00+00:00,ZBRA,361.1300048828125,361.1300048828125,361.1300048828125,360.9100036621094,360.9100036621094,3369.0
2024-10-25 15:53:00+00:00,ZI,10.520000457763672,10.520000457763672,10.520000457763672,10.510299682617188,10.515000343322754,18546.0
2024-10-25 15:53:00+00:00,ZM,72.86499786376953,72.86499786376953,72.87999725341797,72.8499984741211,72.86000061035156,12162.0
2024-10-25 15:53:00+00:00,ZS,184.94500732421875,184.94500732421875,184.94500732421875,184.8800048828125,184.89999389648438,3282.0
2024-10-25 15:54:00+00:00,AAOI,17.499900817871094,17.499900817871094,17.520000457763672,17.489999771118164,17.520000457763672,9998.0
2024-10-25 15:54:00+00:00,AAPL,231.53990173339844,231.53990173339844,231.57000732421875,231.25,231.33999633789062,230395.0
2024-10-25 15:54:00+00:00,ACIW,48.84000015258789,48.84000015258789,48.849998474121094,48.82500076293945,48.83000183105469,3851.0
2024-10-25 15:54:00+00:00,ACLS,90.0999984741211,90.0999984741211,90.2300033569336,90.0999984741211,90.2300033569336,4049.0
2024-10-25 15:54:00+00:00,ACMR,19.552000045776367,19.552000045776367,19.559999465942383,19.552000045776367,19.55500030517578,6781.0
2024-10-25 15:54:00+00:00,ADBE,483.5849914550781,483.5849914550781,483.6000061035156,483.1099853515625,483.45001220703125,14805.0
2024-10-25 15:54:00+00:00,ADI,230.61749267578125,230.61749267578125,230.80999755859375,230.61749267578125,230.72000122070312,10673.0
2024-10-25 15:54:00+00:00,ADSK,286.2900085449219,286.2900085449219,286.3800048828125,286.17498779296875,286.2699890136719,13214.0
2024-10-25 15:54:00+00:00,ADTN,6.304999828338623,6.304999828338623,6.304999828338623,6.300000190734863,6.304999828338623,9191.0
2024-10-25 15:54:00+00:00,AEHR,16.96500015258789,16.96500015258789,17.010000228881836,16.93000030517578,16.989999771118164,10725.0
2024-10-25 15:54:00+00:00,AEYE,22.6200008392334,22.6200008392334,22.6200008392334,22.58300018310547,22.6200008392334,2151.0
2024-10-25 15:54:00+00:00,AFRM,40.68000030517578,40.68000030517578,40.77000045776367,40.66999816894531,40.76499938964844,49536.0
2024-10-25 15:54:00+00:00,AGYS,109.95999908447266,109.95999908447266,110.0,109.95999908447266,110.0,1569.0
2024-10-25 15:54:00+00:00,AKAM,102.0199966430664,102.0199966430664,102.04499816894531,101.9000015258789,101.9000015258789,6520.0
2024-10-25 15:54:00+00:00,ALGM,23.084999084472656,23.084999084472656,23.10650062561035,23.084999084472656,23.104999542236328,21589.0
2024-10-25 15:54:00+00:00,ALKT,38.279998779296875,38.279998779296875,38.279998779296875,38.25,38.25,2005.0
2024-10-25 15:54:00+00:00,ALLT,3.478600025177002,3.478600025177002,3.478600025177002,3.478600025177002,3.478600025177002,351.0
2024-10-25 15:54:00+00:00,ALRM,54.42499923706055,54.42499923706055,54.5099983215332,54.42499923706055,54.5099983215332,3551.0
2024-10-25 15:54:00+00:00,ALTR,103.55999755859375,103.55999755859375,103.68499755859375,103.43000030517578,103.44000244140625,27072.0
2024-10-25 15:54:00+00:00,AMAT,186.77000427246094,186.77000427246094,186.94000244140625,186.77000427246094,186.91000366210938,29956.0
2024-10-25 15:54:00+00:00,AMBA,57.779998779296875,57.779998779296875,57.810001373291016,57.779998779296875,57.79999923706055,1594.0
2024-10-25 15:54:00+00:00,AMD,156.66799926757812,156.66799926757812,156.6999969482422,156.5,156.57000732421875,93384.0
2024-10-25 15:54:00+00:00,AMKR,30.020000457763672,30.020000457763672,30.030000686645508,29.959999084472656,29.979999542236328,13787.0
2024-10-25 15:54:00+00:00,AMPL,9.100000381469727,9.100000381469727,9.109999656677246,9.100000381469727,9.109999656677246,3162.0
2024-10-25 15:54:00+00:00,ANSS,323.2650146484375,323.2650146484375,323.2900085449219,323.0299987792969,323.2900085449219,3872.0
2024-10-25 15:54:00+00:00,AOSL,36.05500030517578,36.05500030517578,36.05500030517578,36.02000045776367,36.02000045776367,862.0
2024-10-25 15:54:00+00:00,API,2.815000057220459,2.815000057220459,2.815000057220459,2.805000066757202,2.809999942779541,6871.0
2024-10-25 15:54:00+00:00,APP,161.86000061035156,161.86000061035156,161.93499755859375,161.6649932861328,161.6699981689453,18359.0
2024-10-25 15:54:00+00:00,APPF,213.2949981689453,213.2949981689453,213.2949981689453,212.85499572753906,212.86000061035156,6658.0
2024-10-25 15:54:00+00:00,APPN,32.380001068115234,32.380001068115234,32.38999938964844,32.34000015258789,32.34000015258789,4977.0
2024-10-25 15:54:00+00:00,APPS,3.0799999237060547,3.0799999237060547,3.0799999237060547,3.059999942779541,3.065000057220459,17183.0
2024-10-25 15:54:00+00:00,ARRY,6.454999923706055,6.454999923706055,6.480000019073486,6.454999923706055,6.460000038146973,88145.0
2024-10-25 15:54:00+00:00,ASML,713.5800170898438,713.5800170898438,713.6500244140625,713.2000122070312,713.2000122070312,4138.0
2024-10-25 15:54:00+00:00,ASNS,1.2999999523162842,1.2999999523162842,1.2999999523162842,1.2999999523162842,1.2999999523162842,101.0
2024-10-25 15:54:00+00:00,ASUR,9.680000305175781,9.680000305175781,9.699999809265137,9.670000076293945,9.699999809265137,823.0
2024-10-25 15:54:00+00:00,ATOM,3.356100082397461,3.356100082397461,3.356100082397461,3.356100082397461,3.356100082397461,773.0
2024-10-25 15:54:00+00:00,AUR,6.385000228881836,6.385000228881836,6.389999866485596,6.340000152587891,6.3460001945495605,131681.0
2024-10-25 15:54:00+00:00,AVDX,8.095000267028809,8.095000267028809,8.095000267028809,8.085000038146973,8.085000038146973,14505.0
2024-10-25 15:54:00+00:00,AVGO,173.1199951171875,173.1199951171875,173.30999755859375,173.0800018310547,173.3000030517578,131655.0
2024-10-25 15:54:00+00:00,AVNW,20.719999313354492,20.719999313354492,20.719999313354492,20.719999313354492,20.719999313354492,396.0
2024-10-25 15:54:00+00:00,AVPT,11.979999542236328,11.979999542236328,11.984999656677246,11.970000267028809,11.979999542236328,21185.0
2024-10-25 15:54:00+00:00,AVT,53.939998626708984,53.939998626708984,53.970001220703125,53.939998626708984,53.939998626708984,3138.0
2024-10-25 15:54:00+00:00,AXTI,2.6689999103546143,2.6689999103546143,2.6689999103546143,2.6689999103546143,2.6689999103546143,268.0
2024-10-25 15:54:00+00:00,AZPN,237.9250030517578,237.9250030517578,237.97000122070312,237.75,237.75,2550.0
2024-10-25 15:54:00+00:00,BAND,17.920000076293945,17.920000076293945,17.934999465942383,17.899999618530273,17.90999984741211,1859.0
2024-10-25 15:54:00+00:00,BASE,16.299999237060547,16.299999237060547,16.34000015258789,16.299999237060547,16.34000015258789,2772.0
2024-10-25 15:54:00+00:00,BCOV,2.2750000953674316,2.2750000953674316,2.2750000953674316,2.2750000953674316,2.2750000953674316,335.0
2024-10-25 15:54:00+00:00,BELFB,78.72000122070312,78.72000122070312,78.72000122070312,78.72000122070312,78.72000122070312,653.0
2024-10-25 15:54:00+00:00,BIGC,5.25,5.25,5.255000114440918,5.25,5.255000114440918,2592.0
2024-10-25 15:54:00+00:00,BL,56.56999969482422,56.56999969482422,56.56999969482422,56.52000045776367,56.529998779296875,5790.0
2024-10-25 15:54:00+00:00,BLKB,85.58999633789062,85.58999633789062,85.62999725341797,85.55999755859375,85.55999755859375,2316.0
2024-10-25 15:54:00+00:00,BLZE,7.179999828338623,7.179999828338623,7.179999828338623,7.179999828338623,7.179999828338623,516.0
2024-10-25 15:54:00+00:00,BMBL,7.179999828338623,7.179999828338623,7.190000057220459,7.170000076293945,7.184999942779541,29038.0
2024-10-25 15:54:00+00:00,BRZE,30.850000381469727,30.850000381469727,30.8799991607666,30.850000381469727,30.869300842285156,6974.0
2024-10-25 15:54:00+00:00,BSY,49.05500030517578,49.05500030517578,49.060001373291016,49.040000915527344,49.04999923706055,4617.0
2024-10-25 15:54:00+00:00,CAMP,11.055000305175781,11.055000305175781,11.055000305175781,11.055000305175781,11.055000305175781,1554.0
2024-10-25 15:54:00+00:00,CAMT,77.98999786376953,77.98999786376953,78.0199966430664,77.98999786376953,78.01000213623047,3134.0
2024-10-25 15:54:00+00:00,CAN,0.9710999727249146,0.9710999727249146,0.9757000207901001,0.9704999923706055,0.9704999923706055,14950.0
2024-10-25 15:54:00+00:00,CCSI,20.174999237060547,20.174999237060547,20.200000762939453,20.157499313354492,20.157499313354492,1441.0
2024-10-25 15:54:00+00:00,CDNS,257.2799987792969,257.2799987792969,257.3500061035156,257.010009765625,257.0799865722656,25440.0
2024-10-25 15:54:00+00:00,CDW,217.5800018310547,217.5800018310547,217.7100067138672,217.52999877929688,217.63999938964844,8943.0
2024-10-25 15:54:00+00:00,CETX,0.2854999899864197,0.2854999899864197,0.2874999940395355,0.2854999899864197,0.2874999940395355,31809.0
2024-10-25 15:54:00+00:00,CEVA,24.049999237060547,24.049999237060547,24.049999237060547,24.049999237060547,24.049999237060547,581.0
2024-10-25 15:54:00+00:00,CFLT,22.510000228881836,22.510000228881836,22.514999389648438,22.489999771118164,22.489999771118164,20088.0
2024-10-25 15:54:00+00:00,CGNT,6.635000228881836,6.635000228881836,6.635000228881836,6.635000228881836,6.635000228881836,200.0
2024-10-25 15:54:00+00:00,CGNX,38.95000076293945,38.95000076293945,38.970001220703125,38.92499923706055,38.93000030517578,27753.0
2024-10-25 15:54:00+00:00,CHKP,206.64500427246094,206.64500427246094,206.64999389648438,206.4499969482422,206.4499969482422,5564.0
2024-10-25 15:54:00+00:00,CLBT,18.260000228881836,18.260000228881836,18.260000228881836,18.225000381469727,18.225000381469727,8775.0
2024-10-25 15:54:00+00:00,CLFD,36.33000183105469,36.33000183105469,36.334999084472656,36.33000183105469,36.334999084472656,1057.0
2024-10-25 15:54:00+00:00,CLSK,11.436699867248535,11.436699867248535,11.449999809265137,11.399999618530273,11.400199890136719,171314.0
2024-10-25 15:54:00+00:00,CMTL,3.809999942779541,3.809999942779541,3.809999942779541,3.809999942779541,3.809999942779541,779.0
2024-10-25 15:54:00+00:00,CNDT,3.5950000286102295,3.5950000286102295,3.5999999046325684,3.5899999141693115,3.5999999046325684,26577.0
2024-10-25 15:54:00+00:00,CNXC,44.40999984741211,44.40999984741211,44.40999984741211,44.369998931884766,44.369998931884766,5608.0
2024-10-25 15:54:00+00:00,COHR,95.86000061035156,95.86000061035156,95.87000274658203,95.80000305175781,95.8499984741211,19180.0
2024-10-25 15:54:00+00:00,COHU,25.950000762939453,25.950000762939453,25.969999313354492,25.940000534057617,25.940000534057617,2697.0
2024-10-25 15:54:00+00:00,COIN,205.47999572753906,205.47999572753906,205.74000549316406,205.25999450683594,205.3000030517578,55211.0
2024-10-25 15:54:00+00:00,COMM,6.224999904632568,6.224999904632568,6.230000019073486,6.210000038146973,6.215000152587891,16244.0
2024-10-25 15:54:00+00:00,CORZ,13.375,13.375,13.375,13.335000038146973,13.34000015258789,59048.0
2024-10-25 15:54:00+00:00,CORZW,7.800000190734863,7.800000190734863,7.800000190734863,7.800000190734863,7.800000190734863,2630.0
2024-10-25 15:54:00+00:00,CRCT,6.550000190734863,6.550000190734863,6.550000190734863,6.545000076293945,6.545000076293945,3241.0
2024-10-25 15:54:00+00:00,CRDO,39.185001373291016,39.185001373291016,39.2400016784668,39.150001525878906,39.15950012207031,19452.0
2024-10-25 15:54:00+00:00,CRSR,6.309999942779541,6.309999942779541,6.315000057220459,6.309999942779541,6.315000057220459,696.0
2024-10-25 15:54:00+00:00,CRUS,122.44999694824219,122.44999694824219,122.48999786376953,122.37000274658203,122.37999725341797,7299.0
2024-10-25 15:54:00+00:00,CRWD,301.2099914550781,301.2099914550781,301.3500061035156,300.7710876464844,300.9200134277344,30089.0
2024-10-25 15:54:00+00:00,CSCO,55.779998779296875,55.779998779296875,55.78499984741211,55.72999954223633,55.75,197223.0
2024-10-25 15:54:00+00:00,CSGS,47.13999938964844,47.13999938964844,47.209999084472656,47.13999938964844,47.189998626708984,6124.0
2024-10-25 15:54:00+00:00,CSIQ,13.385000228881836,13.385000228881836,13.399999618530273,13.369999885559082,13.369999885559082,16387.0
2024-10-25 15:54:00+00:00,CTLP,8.899999618530273,8.899999618530273,8.904999732971191,8.899999618530273,8.904999732971191,1577.0
2024-10-25 15:54:00+00:00,CTSH,74.76000213623047,74.76000213623047,74.77999877929688,74.68000030517578,74.7699966430664,40138.0
2024-10-25 15:54:00+00:00,CVLT,134.3800048828125,134.3800048828125,134.65499877929688,134.3800048828125,134.64999389648438,3474.0
2024-10-25 15:54:00+00:00,CYBR,290.9700012207031,290.9700012207031,291.05999755859375,290.9200134277344,291.05999755859375,1436.0
2024-10-25 15:54:00+00:00,DAIO,2.559999942779541,2.559999942779541,2.5799999237060547,2.559999942779541,2.5799999237060547,1804.0
2024-10-25 15:54:00+00:00,DAKT,13.079999923706055,13.079999923706055,13.095000267028809,13.069999694824219,13.095000267028809,2240.0
2024-10-25 15:54:00+00:00,DATS,1.5901000499725342,1.5901000499725342,1.5901000499725342,1.5901000499725342,1.5901000499725342,400.0
2024-10-25 15:54:00+00:00,DAVE,38.849998474121094,38.849998474121094,38.849998474121094,38.810001373291016,38.810001373291016,1381.0
2024-10-25 15:54:00+00:00,DBX,26.030000686645508,26.030000686645508,26.049999237060547,26.030000686645508,26.040000915527344,37522.0
2024-10-25 15:54:00+00:00,DDOG,126.51460266113281,126.51460266113281,126.83999633789062,126.41999816894531,126.83999633789062,48115.0
2024-10-25 15:54:00+00:00,DGII,29.889999389648438,29.889999389648438,29.889999389648438,29.889999389648438,29.889999389648438,689.0
2024-10-25 15:54:00+00:00,DIOD,64.7699966430664,64.7699966430664,64.80999755859375,64.72000122070312,64.80999755859375,4598.0
2024-10-25 15:54:00+00:00,DJCO,482.5,482.5,482.5,482.5,482.5,315.0
2024-10-25 15:54:00+00:00,DLO,8.854999542236328,8.854999542236328,8.854999542236328,8.845000267028809,8.845000267028809,7583.0
2024-10-25 15:54:00+00:00,DMRC,32.17499923706055,32.17499923706055,32.17499923706055,32.130001068115234,32.130001068115234,430.0
2024-10-25 15:54:00+00:00,DOCU,68.95999908447266,68.95999908447266,68.97000122070312,68.90499877929688,68.91999816894531,24721.0
2024-10-25 15:54:00+00:00,DOMO,8.085000038146973,8.085000038146973,8.09000015258789,8.085000038146973,8.09000015258789,1749.0
2024-10-25 15:54:00+00:00,DOX,88.875,88.875,88.91000366210938,88.83999633789062,88.91000366210938,4825.0
2024-10-25 15:54:00+00:00,DUOL,291.1400146484375,291.1400146484375,291.239990234375,291.1400146484375,291.239990234375,1879.0
2024-10-25 15:54:00+00:00,EEFT,100.22000122070312,100.22000122070312,100.45999908447266,100.22000122070312,100.36499786376953,11614.0
2024-10-25 15:54:00+00:00,ENPH,83.76000213623047,83.76000213623047,83.86000061035156,83.73999786376953,83.80999755859375,32798.0
2024-10-25 15:54:00+00:00,ENTG,105.26000213623047,105.26000213623047,105.30500030517578,105.23999786376953,105.30000305175781,10547.0
2024-10-25 15:54:00+00:00,ERIC,8.470000267028809,8.470000267028809,8.470000267028809,8.454999923706055,8.454999923706055,216052.0
2024-10-25 15:54:00+00:00,EXLS,38.56999969482422,38.56999969482422,38.61000061035156,38.560001373291016,38.56999969482422,10377.0
2024-10-25 15:54:00+00:00,EXTR,14.354999542236328,14.354999542236328,14.359999656677246,14.319999694824219,14.319999694824219,12225.0
2024-10-25 15:54:00+00:00,FARO,17.985000610351562,17.985000610351562,17.985000610351562,17.985000610351562,17.985000610351562,631.0
2024-10-25 15:54:00+00:00,FFIV,216.72000122070312,216.72000122070312,217.02499389648438,216.64999389648438,217.0,21492.0
2024-10-25 15:54:00+00:00,FIVN,29.739999771118164,29.739999771118164,29.75,29.700000762939453,29.709999084472656,16715.0
2024-10-25 15:54:00+00:00,FLEX,35.1150016784668,35.1150016784668,35.16999816894531,35.1150016784668,35.154998779296875,22864.0
2024-10-25 15:54:00+00:00,FLYW,17.325000762939453,17.325000762939453,17.34000015258789,17.325000762939453,17.34000015258789,6310.0
2024-10-25 15:54:00+00:00,FORM,44.875,44.875,44.875,44.875,44.875,1629.0
2024-10-25 15:54:00+00:00,FROG,29.274999618530273,29.274999618530273,29.274999618530273,29.2549991607666,29.259000778198242,2207.0
2024-10-25 15:54:00+00:00,FRSH,11.645000457763672,11.645000457763672,11.649999618530273,11.640000343322754,11.645000457763672,11693.0
2024-10-25 15:54:00+00:00,FSLR,198.3000030517578,198.3000030517578,198.42999267578125,198.2899932861328,198.2899932861328,10784.0
2024-10-25 15:54:00+00:00,FTCI,0.6600000262260437,0.6600000262260437,0.6600000262260437,0.6600000262260437,0.6600000262260437,1577.0
2024-10-25 15:54:00+00:00,FTNT,80.41999816894531,80.41999816894531,80.47000122070312,80.37999725341797,80.41999816894531,50584.0
2024-10-25 15:54:00+00:00,GCT,24.309999465942383,24.309999465942383,24.360000610351562,24.299999237060547,24.350000381469727,5533.0
2024-10-25 15:54:00+00:00,GDS,21.469999313354492,21.469999313354492,21.479999542236328,21.440000534057617,21.440000534057617,5824.0
2024-10-25 15:54:00+00:00,GDYN,15.640000343322754,15.640000343322754,15.640000343322754,15.625,15.625,914.0
2024-10-25 15:54:00+00:00,GFS,40.45000076293945,40.45000076293945,40.45000076293945,40.38999938964844,40.40999984741211,11329.0
2024-10-25 15:54:00+00:00,GILT,4.92110013961792,4.92110013961792,4.925000190734863,4.920000076293945,4.925000190734863,1310.0
2024-10-25 15:54:00+00:00,GPRO,1.3049999475479126,1.3049999475479126,1.3049999475479126,1.2999999523162842,1.3049999475479126,5667.0
2024-10-25 15:54:00+00:00,GRAB,4.085000038146973,4.085000038146973,4.0960001945495605,4.081600189208984,4.085000038146973,827292.0
2024-10-25 15:54:00+00:00,GTLB,55.05500030517578,55.05500030517578,55.060001373291016,54.9900016784668,55.0,6415.0
2024-10-25 15:54:00+00:00,HCP,33.650001525878906,33.650001525878906,33.650001525878906,33.6349983215332,33.6349983215332,26829.0
2024-10-25 15:54:00+00:00,HEAR,16.424999237060547,16.424999237060547,16.424999237060547,16.424999237060547,16.424999237060547,416.0
2024-10-25 15:54:00+00:00,HIMX,6.164999961853027,6.164999961853027,6.170000076293945,6.15500020980835,6.15500020980835,8370.0
2024-10-25 15:54:00+00:00,HLIT,14.829999923706055,14.829999923706055,14.850000381469727,14.8149995803833,14.8149995803833,9771.0
2024-10-25 15:54:00+00:00,HOLO,3.5799999237060547,3.5799999237060547,3.5799999237060547,3.5799999237060547,3.5799999237060547,2500.0
2024-10-25 15:54:00+00:00,HOOD,27.104999542236328,27.104999542236328,27.126800537109375,27.084999084472656,27.084999084472656,67776.0
2024-10-25 15:54:00+00:00,ICHR,27.600000381469727,27.600000381469727,27.6299991607666,27.600000381469727,27.610000610351562,3081.0
2024-10-25 15:54:00+00:00,IIIV,22.90999984741211,22.90999984741211,22.920000076293945,22.90999984741211,22.920000076293945,2913.0
2024-10-25 15:54:00+00:00,IMMR,8.664999961853027,8.664999961853027,8.670000076293945,8.65999984741211,8.65999984741211,3900.0
2024-10-25 15:54:00+00:00,IMXI,17.600000381469727,17.600000381469727,17.600000381469727,17.600000381469727,17.600000381469727,105.0
2024-10-25 15:54:00+00:00,INDI,3.494999885559082,3.494999885559082,3.494999885559082,3.4800000190734863,3.484999895095825,19572.0
2024-10-25 15:54:00+00:00,INFN,6.769999980926514,6.769999980926514,6.770999908447266,6.769999980926514,6.770999908447266,1779.0
2024-10-25 15:54:00+00:00,INOD,20.270000457763672,20.270000457763672,20.299999237060547,20.2450008392334,20.290000915527344,3998.0
2024-10-25 15:54:00+00:00,INSG,19.65999984741211,19.65999984741211,19.65999984741211,19.639999389648438,19.639999389648438,530.0
2024-10-25 15:54:00+00:00,INTA,50.310001373291016,50.310001373291016,50.310001373291016,50.150001525878906,50.150001525878906,8632.0
2024-10-25 15:54:00+00:00,INTC,22.809999465942383,22.809999465942383,22.809999465942383,22.780000686645508,22.795000076293945,230272.0
2024-10-25 15:54:00+00:00,INTU,609.155029296875,609.155029296875,609.260009765625,609.02001953125,609.1599731445312,7381.0
2024-10-25 15:54:00+00:00,IPGP,76.86499786376953,76.86499786376953,76.88999938964844,76.81999969482422,76.87000274658203,3256.0
2024-10-25 15:54:00+00:00,ITRI,102.56999969482422,102.56999969482422,102.56999969482422,102.56999969482422,102.56999969482422,811.0
2024-10-25 15:54:00+00:00,ITRN,27.399999618530273,27.399999618530273,27.399999618530273,27.399999618530273,27.399999618530273,497.0
2024-10-25 15:54:00+00:00,JAMF,16.75,16.75,16.75,16.75,16.75,336.0
2024-10-25 15:54:00+00:00,JKHY,182.60000610351562,182.60000610351562,182.69000244140625,182.52999877929688,182.6300048828125,7861.0
2024-10-25 15:54:00+00:00,KC,2.6649999618530273,2.6649999618530273,2.6649999618530273,2.6600000858306885,2.6649999618530273,2779.0
2024-10-25 15:54:00+00:00,KLAC,674.5349731445312,674.5349731445312,675.1300048828125,674.3800048828125,674.719970703125,10567.0
2024-10-25 15:54:00+00:00,KLIC,44.540000915527344,44.540000915527344,44.599998474121094,44.540000915527344,44.599998474121094,4665.0
2024-10-25 15:54:00+00:00,KLTR,1.315000057220459,1.315000057220459,1.315000057220459,1.315000057220459,1.315000057220459,456.0
2024-10-25 15:54:00+00:00,KPLT,8.515000343322754,8.515000343322754,8.515000343322754,8.515000343322754,8.515000343322754,284.0
2024-10-25 15:54:00+00:00,KVHI,4.675000190734863,4.675000190734863,4.695000171661377,4.675000190734863,4.695000171661377,703.0
2024-10-25 15:54:00+00:00,LASR,10.390000343322754,10.390000343322754,10.390000343322754,10.390000343322754,10.390000343322754,255.0
2024-10-25 15:54:00+00:00,LFUS,253.2100067138672,253.2100067138672,253.2100067138672,253.2100067138672,253.2100067138672,266.0
2024-10-25 15:54:00+00:00,LITE,64.43000030517578,64.43000030517578,64.46499633789062,64.37999725341797,64.41999816894531,7923.0
2024-10-25 15:54:00+00:00,LOGI,80.7300033569336,80.7300033569336,80.73999786376953,80.7300033569336,80.7300033569336,2736.0
2024-10-25 15:54:00+00:00,LPSN,1.1690000295639038,1.1690000295639038,1.1699999570846558,1.1684999465942383,1.1699999570846558,2212.0
2024-10-25 15:54:00+00:00,LRCX,77.77999877929688,77.77999877929688,77.94000244140625,77.76000213623047,77.94000244140625,110184.0
2024-10-25 15:54:00+00:00,LSAK,5.339600086212158,5.339600086212158,5.339600086212158,5.339600086212158,5.339600086212158,670.0
2024-10-25 15:54:00+00:00,LSCC,54.2400016784668,54.2400016784668,54.290000915527344,54.209999084472656,54.22999954223633,14274.0
2024-10-25 15:54:00+00:00,LTRX,4.079999923706055,4.079999923706055,4.079999923706055,4.079999923706055,4.079999923706055,481.0
2024-10-25 15:54:00+00:00,LYFT,13.494999885559082,13.494999885559082,13.520000457763672,13.475000381469727,13.520000457763672,137808.0
2024-10-25 15:54:00+00:00,LYTS,16.239999771118164,16.239999771118164,16.239999771118164,16.239999771118164,16.239999771118164,365.0
2024-10-25 15:54:00+00:00,MANH,275.82000732421875,275.82000732421875,276.05999755859375,275.7699890136719,276.04901123046875,7235.0
2024-10-25 15:54:00+00:00,MAXN,5.690000057220459,5.690000057220459,5.690000057220459,5.690000057220459,5.690000057220459,458.0
2024-10-25 15:54:00+00:00,MCHP,76.56999969482422,76.56999969482422,76.62999725341797,76.56999969482422,76.62000274658203,25193.0
2024-10-25 15:54:00+00:00,MDB,268.8424987792969,268.8424987792969,268.8599853515625,268.3399963378906,268.5899963378906,18976.0
2024-10-25 15:54:00+00:00,MGIC,11.069999694824219,11.069999694824219,11.069999694824219,11.069999694824219,11.069999694824219,508.0
2024-10-25 15:54:00+00:00,MITK,8.755000114440918,8.755000114440918,8.765000343322754,8.755000114440918,8.765000343322754,9845.0
2024-10-25 15:54:00+00:00,MKSI,101.1500015258789,101.1500015258789,101.26000213623047,101.1500015258789,101.21499633789062,3805.0
2024-10-25 15:54:00+00:00,MNDY,298.7200012207031,298.7200012207031,299.20001220703125,298.7200012207031,299.20001220703125,4142.0
2024-10-25 15:54:00+00:00,MOB,1.3799999952316284,1.3799999952316284,1.3799999952316284,1.375,1.375,700.0
2024-10-25 15:54:00+00:00,MPWR,905.5449829101562,905.5449829101562,906.219970703125,904.5599975585938,906.219970703125,4190.0
2024-10-25 15:54:00+00:00,MQ,5.304999828338623,5.304999828338623,5.309999942779541,5.300000190734863,5.309999942779541,84462.0
2024-10-25 15:54:00+00:00,MRVL,82.1500015258789,82.1500015258789,82.19999694824219,82.13999938964844,82.18000030517578,42046.0
2024-10-25 15:54:00+00:00,MSFT,427.9599914550781,427.9599914550781,428.0299987792969,427.739990234375,427.82000732421875,63361.0
2024-10-25 15:54:00+00:00,MSTR,235.89999389648438,235.89999389648438,236.09080505371094,235.49009704589844,235.61000061035156,65437.0
2024-10-25 15:54:00+00:00,MTC,0.38040000200271606,0.38040000200271606,0.38040000200271606,0.38040000200271606,0.38040000200271606,1179.0
2024-10-25 15:54:00+00:00,MTLS,5.929999828338623,5.929999828338623,5.929999828338623,5.929999828338623,5.929999828338623,305.0
2024-10-25 15:54:00+00:00,MTSI,121.60250091552734,121.60250091552734,121.62999725341797,121.4000015258789,121.47000122070312,7179.0
2024-10-25 15:54:00+00:00,MTTR,4.599999904632568,4.599999904632568,4.599999904632568,4.590000152587891,4.59499979019165,62770.0
2024-10-25 15:54:00+00:00,MU,108.0999984741211,108.0999984741211,108.12000274658203,108.01000213623047,108.08000183105469,82308.0
2024-10-25 15:54:00+00:00,MVIS,1.0700000524520874,1.0700000524520874,1.0779000520706177,1.0700000524520874,1.0779000520706177,8301.0
2024-10-25 15:54:00+00:00,MXL,14.890000343322754,14.890000343322754,14.890000343322754,14.850000381469727,14.850000381469727,14759.0
2024-10-25 15:54:00+00:00,MYNA,1.1349999904632568,1.1349999904632568,1.1349999904632568,1.1349999904632568,1.1349999904632568,112.0
2024-10-25 15:54:00+00:00,NCNO,37.84000015258789,37.84000015258789,37.84000015258789,37.83000183105469,37.834999084472656,7293.0
2024-10-25 15:54:00+00:00,NICE,174.36000061035156,174.36000061035156,174.36000061035156,173.9499969482422,173.9499969482422,10117.0
2024-10-25 15:54:00+00:00,NNDM,2.3248000144958496,2.3248000144958496,2.3299999237060547,2.3248000144958496,2.3299999237060547,1146.0
2024-10-25 15:54:00+00:00,NOVT,173.06500244140625,173.06500244140625,173.389892578125,173.0399932861328,173.25,5739.0
2024-10-25 15:54:00+00:00,NSIT,209.1300048828125,209.1300048828125,209.52999877929688,209.1300048828125,209.52999877929688,2989.0
2024-10-25 15:54:00+00:00,NTAP,119.61000061035156,119.61000061035156,119.73999786376953,119.61000061035156,119.73999786376953,24367.0
2024-10-25 15:54:00+00:00,NTCT,20.719999313354492,20.719999313354492,20.760000228881836,20.709999084472656,20.75,8031.0
2024-10-25 15:54:00+00:00,NTGR,20.260000228881836,20.260000228881836,20.280000686645508,20.260000228881836,20.280000686645508,3240.0
2024-10-25 15:54:00+00:00,NTNX,61.880001068115234,61.880001068115234,61.91999816894531,61.880001068115234,61.90999984741211,6517.0
2024-10-25 15:54:00+00:00,NVDA,141.7010040283203,141.7010040283203,141.75,141.55999755859375,141.7100067138672,661961.0
2024-10-25 15:54:00+00:00,NVEI,33.494998931884766,33.494998931884766,33.494998931884766,33.4900016784668,33.4900016784668,6868.0
2024-10-25 15:54:00+00:00,NVTS,2.555000066757202,2.555000066757202,2.559999942779541,2.549999952316284,2.555000066757202,3405.0
2024-10-25 15:54:00+00:00,NXPI,243.5800018310547,243.5800018310547,243.7100067138672,243.22999572753906,243.30999755859375,35499.0
2024-10-25 15:54:00+00:00,OKTA,72.44000244140625,72.44000244140625,72.51000213623047,72.44000244140625,72.44999694824219,16278.0
2024-10-25 15:54:00+00:00,OLED,202.78500366210938,202.78500366210938,202.97000122070312,202.78500366210938,202.7899932861328,2032.0
2024-10-25 15:54:00+00:00,ON,71.26000213623047,71.26000213623047,71.31999969482422,71.20999908447266,71.23999786376953,89448.0
2024-10-25 15:54:00+00:00,ONDS,0.852400004863739,0.852400004863739,0.852400004863739,0.852400004863739,0.852400004863739,1681.0
2024-10-25 15:54:00+00:00,OSIS,134.8300018310547,134.8300018310547,134.8300018310547,134.24000549316406,134.3350067138672,6885.0
2024-10-25 15:54:00+00:00,OSPN,14.550000190734863,14.550000190734863,14.550000190734863,14.529999732971191,14.529999732971191,1786.0
2024-10-25 15:54:00+00:00,OTEX,33.2400016784668,33.2400016784668,33.2400016784668,33.224998474121094,33.224998474121094,3404.0
2024-10-25 15:54:00+00:00,PANW,366.2749938964844,366.2749938964844,366.44000244140625,366.1199951171875,366.2200012207031,7455.0
2024-10-25 15:54:00+00:00,PAYO,8.34000015258789,8.34000015258789,8.350000381469727,8.34000015258789,8.345000267028809,11133.0
2024-10-25 15:54:00+00:00,PAYS,3.700000047683716,3.700000047683716,3.700000047683716,3.700000047683716,3.700000047683716,627.0
2024-10-25 15:54:00+00:00,PCTY,173.5800018310547,173.5800018310547,173.64999389648438,173.2949981689453,173.2949981689453,7000.0
2024-10-25 15:54:00+00:00,PDFS,29.149999618530273,29.149999618530273,29.18000030517578,29.149999618530273,29.18000030517578,2298.0
2024-10-25 15:54:00+00:00,PEGA,79.88500213623047,79.88500213623047,79.99500274658203,79.80999755859375,79.9800033569336,20160.0
2024-10-25 15:54:00+00:00,PEGY,4.704999923706055,4.704999923706055,4.704999923706055,4.680099964141846,4.684999942779541,0.0
2024-10-25 15:54:00+00:00,PET,0.8119999766349792,0.8119999766349792,0.8119999766349792,0.7910000085830688,0.7910000085830688,391.0
2024-10-25 15:54:00+00:00,PGY,11.994999885559082,11.994999885559082,11.994999885559082,11.979999542236328,11.984999656677246,8628.0
2024-10-25 15:54:00+00:00,PHUN,10.440199851989746,10.440199851989746,10.460000038146973,10.428899765014648,10.428899765014648,19530.0
2024-10-25 15:54:00+00:00,PI,200.4600067138672,200.4600067138672,200.4600067138672,199.2100067138672,199.27000427246094,12152.0
2024-10-25 15:54:00+00:00,PLAB,23.610000610351562,23.610000610351562,23.6299991607666,23.610000610351562,23.625,1099.0
2024-10-25 15:54:00+00:00,PLXS,140.60000610351562,140.60000610351562,140.78500366210938,140.55499267578125,140.77499389648438,4727.0
2024-10-25 15:54:00+00:00,POET,3.865000009536743,3.865000009536743,3.865000009536743,3.8550000190734863,3.8550000190734863,3713.0
2024-10-25 15:54:00+00:00,POWI,63.279998779296875,63.279998779296875,63.31999969482422,63.279998779296875,63.31999969482422,1618.0
2024-10-25 15:54:00+00:00,PRCH,1.2949999570846558,1.2949999570846558,1.2949999570846558,1.2949999570846558,1.2949999570846558,430.0
2024-10-25 15:54:00+00:00,PRGS,64.62999725341797,64.62999725341797,64.69999694824219,64.62000274658203,64.69000244140625,5297.0
2024-10-25 15:54:00+00:00,PRSO,1.850000023841858,1.850000023841858,1.850000023841858,1.850000023841858,1.850000023841858,3682.0
2024-10-25 15:54:00+00:00,PRST,0.00279999990016222,0.00279999990016222,0.00279999990016222,0.00279999990016222,0.00279999990016222,1911.0
2024-10-25 15:54:00+00:00,PTC,187.2050018310547,187.2050018310547,187.42999267578125,187.0,187.39999389648438,20771.0
2024-10-25 15:54:00+00:00,PUBM,14.770000457763672,14.770000457763672,14.770000457763672,14.770000457763672,14.770000457763672,1401.0
2024-10-25 15:54:00+00:00,PYCR,14.354999542236328,14.354999542236328,14.364999771118164,14.354999542236328,14.359999656677246,6012.0
2024-10-25 15:54:00+00:00,QCOM,170.69000244140625,170.69000244140625,170.77999877929688,170.60000610351562,170.67999267578125,50839.0
2024-10-25 15:54:00+00:00,QH,1.381100058555603,1.381100058555603,1.381100058555603,1.381100058555603,1.381100058555603,540.0
2024-10-25 15:54:00+00:00,QLYS,121.41500091552734,121.41500091552734,121.41500091552734,121.21499633789062,121.21499633789062,4031.0
2024-10-25 15:54:00+00:00,QRVO,99.5459976196289,99.5459976196289,99.61000061035156,99.4800033569336,99.5,14648.0
2024-10-25 15:54:00+00:00,QUBT,1.089900016784668,1.089900016784668,1.089900016784668,1.089900016784668,1.089900016784668,2320.0
2024-10-25 15:54:00+00:00,QUIK,8.609999656677246,8.609999656677246,8.609999656677246,8.609999656677246,8.609999656677246,261.0
2024-10-25 15:54:00+00:00,RCAT,2.700700044631958,2.700700044631958,2.7149999141693115,2.700700044631958,2.7149999141693115,4902.0
2024-10-25 15:54:00+00:00,RDWR,22.368099212646484,22.368099212646484,22.368099212646484,22.354999542236328,22.354999542236328,2459.0
2024-10-25 15:54:00+00:00,REKR,1.0800000429153442,1.0800000429153442,1.0800000429153442,1.0800000429153442,1.0800000429153442,306.0
2024-10-25 15:54:00+00:00,RELY,14.78499984741211,14.78499984741211,14.8100004196167,14.78499984741211,14.805000305175781,23860.0
2024-10-25 15:54:00+00:00,RGTI,1.2109999656677246,1.2109999656677246,1.215000033378601,1.201200008392334,1.2100000381469727,40753.0
2024-10-25 15:54:00+00:00,RGTIW,0.1648000031709671,0.1648000031709671,0.1648000031709671,0.1648000031709671,0.1648000031709671,0.0
2024-10-25 15:54:00+00:00,RIOT,9.6850004196167,9.6850004196167,9.699999809265137,9.680000305175781,9.6850004196167,93460.0
2024-10-25 15:54:00+00:00,RMBS,43.47999954223633,43.47999954223633,43.47999954223633,43.43000030517578,43.43000030517578,22563.0
2024-10-25 15:54:00+00:00,RMNI,1.7300000190734863,1.7300000190734863,1.7300000190734863,1.7300000190734863,1.7300000190734863,200.0
2024-10-25 15:54:00+00:00,RPAY,7.75,7.75,7.760000228881836,7.75,7.760000228881836,13824.0
2024-10-25 15:54:00+00:00,RPD,38.97999954223633,38.97999954223633,38.98500061035156,38.959999084472656,38.97999954223633,3500.0
2024-10-25 15:54:00+00:00,RUM,5.6890997886657715,5.6890997886657715,5.690000057220459,5.670000076293945,5.675000190734863,14974.0
2024-10-25 15:54:00+00:00,RUN,14.404999732971191,14.404999732971191,14.40999984741211,14.369999885559082,14.369999885559082,69355.0
2024-10-25 15:54:00+00:00,SANM,67.50499725341797,67.50499725341797,67.6500015258789,67.50499725341797,67.63999938964844,4618.0
2024-10-25 15:54:00+00:00,SATS,25.15999984741211,25.15999984741211,25.170000076293945,25.1299991607666,25.1299991607666,7604.0
2024-10-25 15:54:00+00:00,SCSC,44.880001068115234,44.880001068115234,44.880001068115234,44.84000015258789,44.84000015258789,2140.0
2024-10-25 15:54:00+00:00,SCWX,8.369999885559082,8.369999885559082,8.369999885559082,8.369999885559082,8.369999885559082,660.0
2024-10-25 15:54:00+00:00,SEDG,16.100000381469727,16.100000381469727,16.100000381469727,16.020000457763672,16.040000915527344,41587.0
2024-10-25 15:54:00+00:00,SHLS,5.179999828338623,5.179999828338623,5.184999942779541,5.159999847412109,5.1620001792907715,81830.0
2024-10-25 15:54:00+00:00,SITM,178.8800048828125,178.8800048828125,178.88499450683594,178.8800048828125,178.88499450683594,2509.0
2024-10-25 15:54:00+00:00,SKYT,10.4399995803833,10.4399995803833,10.4399995803833,10.4399995803833,10.4399995803833,1884.0
2024-10-25 15:54:00+00:00,SMCI,47.44960021972656,47.44960021972656,47.470001220703125,47.38019943237305,47.38999938964844,101288.0
2024-10-25 15:54:00+00:00,SMSI,0.8141000270843506,0.8141000270843506,0.8141000270843506,0.8141000270843506,0.8141000270843506,1848.0
2024-10-25 15:54:00+00:00,SMTC,45.599998474121094,45.599998474121094,45.68000030517578,45.595001220703125,45.625,12109.0
2024-10-25 15:54:00+00:00,SNPS,501.364990234375,501.364990234375,501.5799865722656,501.04998779296875,501.04998779296875,5930.0
2024-10-25 15:54:00+00:00,SONO,12.699999809265137,12.699999809265137,12.704999923706055,12.670000076293945,12.670000076293945,12665.0
2024-10-25 15:54:00+00:00,SOUN,5.184999942779541,5.184999942779541,5.190000057220459,5.179999828338623,5.190000057220459,213488.0
2024-10-25 15:54:00+00:00,SPSC,171.46499633789062,171.46499633789062,171.46499633789062,171.2050018310547,171.2050018310547,4125.0
2024-10-25 15:54:00+00:00,SPT,26.950000762939453,26.950000762939453,26.989999771118164,26.920000076293945,26.989999771118164,10102.0
2024-10-25 15:54:00+00:00,SRAD,12.324999809265137,12.324999809265137,12.329999923706055,12.3100004196167,12.3149995803833,13912.0
2024-10-25 15:54:00+00:00,SSNC,70.125,70.125,70.125,70.08999633789062,70.125,38678.0
2024-10-25 15:54:00+00:00,SSYS,7.03000020980835,7.03000020980835,7.03000020980835,7.03000020980835,7.03000020980835,1490.0
2024-10-25 15:54:00+00:00,STNE,11.414999961853027,11.414999961853027,11.414999961853027,11.399999618530273,11.404999732971191,18666.0
2024-10-25 15:54:00+00:00,STX,103.26000213623047,103.26000213623047,103.37999725341797,103.25,103.37999725341797,36065.0
2024-10-25 15:54:00+00:00,SVRE,0.07850000262260437,0.07850000262260437,0.07970000058412552,0.07850000262260437,0.07970000058412552,5704.0
2024-10-25 15:54:00+00:00,SWKS,95.56999969482422,95.56999969482422,95.66999816894531,95.56999969482422,95.66999816894531,11336.0
2024-10-25 15:54:00+00:00,SYNA,72.11499786376953,72.11499786376953,72.11499786376953,72.11000061035156,72.11000061035156,642.0
2024-10-25 15:54:00+00:00,SYTA,1.282099962234497,1.282099962234497,1.2899999618530273,1.282099962234497,1.2899999618530273,1100.0
2024-10-25 15:54:00+00:00,TACT,4.15500020980835,4.15500020980835,4.15500020980835,4.15500020980835,4.15500020980835,103.0
2024-10-25 15:54:00+00:00,TASK,11.960000038146973,11.960000038146973,11.960000038146973,11.960000038146973,11.960000038146973,325.0
2024-10-25 15:54:00+00:00,TEAM,188.65499877929688,188.65499877929688,188.72999572753906,188.55999755859375,188.72999572753906,14041.0
2024-10-25 15:54:00+00:00,TENB,41.72999954223633,41.72999954223633,41.7400016784668,41.68000030517578,41.7400016784668,15178.0
2024-10-25 15:54:00+00:00,TER,112.13500213623047,112.13500213623047,112.20999908447266,112.07499694824219,112.20999908447266,27332.0
2024-10-25 15:54:00+00:00,TLS,3.575000047683716,3.575000047683716,3.575000047683716,3.575000047683716,3.575000047683716,511.0
2024-10-25 15:54:00+00:00,TRMB,60.86000061035156,60.86000061035156,60.904998779296875,60.849998474121094,60.88999938964844,19560.0
2024-10-25 15:54:00+00:00,TSEM,44.84000015258789,44.84000015258789,44.904998779296875,44.83000183105469,44.900001525878906,2375.0
2024-10-25 15:54:00+00:00,TTD,119.44999694824219,119.44999694824219,119.4800033569336,119.33999633789062,119.36000061035156,14187.0
2024-10-25 15:54:00+00:00,TTEC,5.360000133514404,5.360000133514404,5.364999771118164,5.360000133514404,5.364999771118164,601.0
2024-10-25 15:54:00+00:00,TTMI,19.579999923706055,19.579999923706055,19.600000381469727,19.579999923706055,19.59000015258789,9145.0
2024-10-25 15:54:00+00:00,TWKS,4.445000171661377,4.445000171661377,4.449999809265137,4.440000057220459,4.445000171661377,3850.0
2024-10-25 15:54:00+00:00,TXN,207.36000061035156,207.36000061035156,207.47999572753906,207.3000030517578,207.38999938964844,35788.0
2024-10-25 15:54:00+00:00,UCTT,35.72999954223633,35.72999954223633,35.75,35.720001220703125,35.744998931884766,5693.0
2024-10-25 15:54:00+00:00,UEIC,8.079999923706055,8.079999923706055,8.09000015258789,8.079999923706055,8.09000015258789,667.0
2024-10-25 15:54:00+00:00,VECO,29.3700008392334,29.3700008392334,29.3799991607666,29.350000381469727,29.350000381469727,8807.0
2024-10-25 15:54:00+00:00,VERB,10.914999961853027,10.914999961853027,10.914999961853027,10.914999961853027,10.914999961853027,1405.0
2024-10-25 15:54:00+00:00,VERI,3.4649999141693115,3.4649999141693115,3.4649999141693115,3.450000047683716,3.450000047683716,3447.0
2024-10-25 15:54:00+00:00,VERX,42.14500045776367,42.14500045776367,42.14500045776367,42.13999938964844,42.13999938964844,2171.0
2024-10-25 15:54:00+00:00,VIAV,9.135000228881836,9.135000228881836,9.15999984741211,9.125,9.15999984741211,24525.0
2024-10-25 15:54:00+00:00,VICR,46.29999923706055,46.29999923706055,46.29999923706055,46.224998474121094,46.224998474121094,2928.0
2024-10-25 15:54:00+00:00,VMEO,4.775000095367432,4.775000095367432,4.78000020980835,4.744999885559082,4.75,29126.0
2024-10-25 15:54:00+00:00,VNET,3.365000009536743,3.365000009536743,3.365000009536743,3.365000009536743,3.365000009536743,2170.0
2024-10-25 15:54:00+00:00,VOXX,7.570000171661377,7.570000171661377,7.585000038146973,7.570000171661377,7.585000038146973,936.0
2024-10-25 15:54:00+00:00,VRNS,56.91999816894531,56.91999816894531,56.95500183105469,56.880001068115234,56.95500183105469,27654.0
2024-10-25 15:54:00+00:00,VRNT,21.860000610351562,21.860000610351562,21.860000610351562,21.829999923706055,21.829999923706055,14556.0
2024-10-25 15:54:00+00:00,VRSN,180.80999755859375,180.80999755859375,180.81500244140625,180.5800018310547,180.7899932861328,16239.0
2024-10-25 15:54:00+00:00,VSAT,10.21500015258789,10.21500015258789,10.25,10.21500015258789,10.229999542236328,12570.0
2024-10-25 15:54:00+00:00,WALD,3.4800000190734863,3.4800000190734863,3.4800000190734863,3.4800000190734863,3.4800000190734863,586.0
2024-10-25 15:54:00+00:00,WDAY,238.03500366210938,238.03500366210938,238.14999389648438,237.86000061035156,237.97999572753906,18637.0
2024-10-25 15:54:00+00:00,WDC,69.61000061035156,69.61000061035156,69.70999908447266,69.56999969482422,69.70999908447266,82664.0
2024-10-25 15:54:00+00:00,WISA,1.9500000476837158,1.9500000476837158,1.9500000476837158,1.9499000310897827,1.9499000310897827,195.0
2024-10-25 15:54:00+00:00,WIX,164.30999755859375,164.30999755859375,164.35000610351562,164.30999755859375,164.35000610351562,1529.0
2024-10-25 15:54:00+00:00,WLDS,3.490000009536743,3.490000009536743,3.492000102996826,3.4820001125335693,3.492000102996826,3743.0
2024-10-25 15:54:00+00:00,WRAP,1.8450000286102295,1.8450000286102295,1.8450000286102295,1.8450000286102295,1.8450000286102295,1099.0
2024-10-25 15:54:00+00:00,XPER,9.390000343322754,9.390000343322754,9.390000343322754,9.385000228881836,9.385000228881836,631.0
2024-10-25 15:54:00+00:00,XRX,9.96500015258789,9.96500015258789,9.975000381469727,9.960000038146973,9.975000381469727,20623.0
2024-10-25 15:54:00+00:00,ZBRA,360.6700134277344,360.6700134277344,361.1600036621094,360.6700134277344,361.1600036621094,8768.0
2024-10-25 15:54:00+00:00,ZI,10.510000228881836,10.510000228881836,10.529999732971191,10.510000228881836,10.520000457763672,46522.0
2024-10-25 15:54:00+00:00,ZM,72.83000183105469,72.83000183105469,72.86000061035156,72.80999755859375,72.86000061035156,25600.0
2024-10-25 15:54:00+00:00,ZS,185.24000549316406,185.24000549316406,185.24000549316406,184.88999938964844,184.94000244140625,12188.0
2024-10-25 15:55:00+00:00,AAOI,17.5,17.5,17.5,17.459999084472656,17.489999771118164,9084.0
2024-10-25 15:55:00+00:00,AAPL,231.30999755859375,231.30999755859375,231.5399932861328,231.11000061035156,231.52999877929688,225308.0
2024-10-25 15:55:00+00:00,ACIW,48.779998779296875,48.779998779296875,48.810001373291016,48.775001525878906,48.810001373291016,2433.0
2024-10-25 15:55:00+00:00,ACLS,90.01000213623047,90.01000213623047,90.18000030517578,90.01000213623047,90.18000030517578,6131.0
2024-10-25 15:55:00+00:00,ACMR,19.489999771118164,19.489999771118164,19.540000915527344,19.489999771118164,19.540000915527344,12167.0
2024-10-25 15:55:00+00:00,ADBE,483.7950134277344,483.7950134277344,483.8500061035156,483.3349914550781,483.3999938964844,19085.0
2024-10-25 15:55:00+00:00,ADI,230.31500244140625,230.31500244140625,230.61000061035156,230.19000244140625,230.61000061035156,21268.0
2024-10-25 15:55:00+00:00,ADSK,286.30999755859375,286.30999755859375,286.3800048828125,286.2099914550781,286.30999755859375,9393.0
2024-10-25 15:55:00+00:00,ADTN,6.304999828338623,6.304999828338623,6.304999828338623,6.300000190734863,6.304999828338623,3753.0
2024-10-25 15:55:00+00:00,AEHR,16.92009925842285,16.92009925842285,16.959999084472656,16.92009925842285,16.959999084472656,7582.0
2024-10-25 15:55:00+00:00,AEYE,22.584999084472656,22.584999084472656,22.584999084472656,22.584999084472656,22.584999084472656,451.0
2024-10-25 15:55:00+00:00,AFRM,40.71500015258789,40.71500015258789,40.720001220703125,40.63169860839844,40.689998626708984,48942.0
2024-10-25 15:55:00+00:00,AGYS,109.9800033569336,109.9800033569336,109.9800033569336,109.9800033569336,109.9800033569336,1151.0
2024-10-25 15:55:00+00:00,AKAM,101.97000122070312,101.97000122070312,102.02999877929688,101.94999694824219,102.02999877929688,10216.0
2024-10-25 15:55:00+00:00,AKTS,0.05959999933838844,0.05959999933838844,0.05959999933838844,0.05869999900460243,0.059300001710653305,33317.0
2024-10-25 15:55:00+00:00,ALGM,23.05500030517578,23.05500030517578,23.084999084472656,23.024999618530273,23.079999923706055,32280.0
2024-10-25 15:55:00+00:00,ALKT,38.220001220703125,38.220001220703125,38.27000045776367,38.220001220703125,38.27000045776367,2479.0
2024-10-25 15:55:00+00:00,ALRM,54.415000915527344,54.415000915527344,54.41999816894531,54.415000915527344,54.41999816894531,2308.0
2024-10-25 15:55:00+00:00,ALTR,103.56999969482422,103.56999969482422,103.58499908447266,103.5,103.55000305175781,8571.0
2024-10-25 15:55:00+00:00,AMAT,186.61000061035156,186.61000061035156,186.72999572753906,186.48500061035156,186.72999572753906,95704.0
2024-10-25 15:55:00+00:00,AMBA,57.72010040283203,57.72010040283203,57.849998474121094,57.72010040283203,57.79999923706055,8756.0
2024-10-25 15:55:00+00:00,AMD,156.4600067138672,156.4600067138672,156.63999938964844,156.25999450683594,156.63999938964844,137421.0
2024-10-25 15:55:00+00:00,AMKR,29.950000762939453,29.950000762939453,30.010000228881836,29.924999237060547,30.010000228881836,9335.0
2024-10-25 15:55:00+00:00,AMPL,9.114999771118164,9.114999771118164,9.114999771118164,9.104999542236328,9.109999656677246,4554.0
2024-10-25 15:55:00+00:00,ANSS,323.0150146484375,323.0150146484375,323.125,323.0150146484375,323.125,2455.0
2024-10-25 15:55:00+00:00,ANY,1.065000057220459,1.065000057220459,1.065000057220459,1.062999963760376,1.062999963760376,624.0
2024-10-25 15:55:00+00:00,AOSL,35.97999954223633,35.97999954223633,36.029998779296875,35.97999954223633,36.029998779296875,1649.0
2024-10-25 15:55:00+00:00,APCX,0.75,0.75,0.75,0.75,0.75,500.0
2024-10-25 15:55:00+00:00,API,2.805000066757202,2.805000066757202,2.8101999759674072,2.799999952316284,2.8101999759674072,26674.0
2024-10-25 15:55:00+00:00,APP,161.69000244140625,161.69000244140625,161.83999633789062,161.44000244140625,161.83999633789062,31591.0
2024-10-25 15:55:00+00:00,APPF,212.81500244140625,212.81500244140625,213.1999969482422,212.74000549316406,213.1999969482422,5112.0
2024-10-25 15:55:00+00:00,APPN,32.36000061035156,32.36000061035156,32.400001525878906,32.340999603271484,32.380001068115234,6242.0
2024-10-25 15:55:00+00:00,APPS,3.075000047683716,3.075000047683716,3.0799999237060547,3.071199893951416,3.075000047683716,2500.0
2024-10-25 15:55:00+00:00,ARRY,6.454999923706055,6.454999923706055,6.454999923706055,6.449999809265137,6.449999809265137,39036.0
2024-10-25 15:55:00+00:00,ASML,712.39501953125,712.39501953125,713.4299926757812,712.2899780273438,713.2100219726562,10848.0
2024-10-25 15:55:00+00:00,ASNS,1.2999999523162842,1.2999999523162842,1.2999999523162842,1.2999999523162842,1.2999999523162842,443.0
2024-10-25 15:55:00+00:00,ASUR,9.65999984741211,9.65999984741211,9.675000190734863,9.649999618530273,9.675000190734863,778.0
2024-10-25 15:55:00+00:00,AUR,6.409999847412109,6.409999847412109,6.420000076293945,6.385000228881836,6.389999866485596,90634.0
2024-10-25 15:55:00+00:00,AVDX,8.0649995803833,8.0649995803833,8.100000381469727,8.0649995803833,8.095000267028809,48116.0
2024-10-25 15:55:00+00:00,AVGO,173.13999938964844,173.13999938964844,173.1999969482422,173.02000427246094,173.13999938964844,97838.0
2024-10-25 15:55:00+00:00,AVNW,20.709999084472656,20.709999084472656,20.725000381469727,20.709999084472656,20.725000381469727,1997.0
2024-10-25 15:55:00+00:00,AVPT,12.0,12.0,12.0,11.970000267028809,11.975000381469727,10962.0
2024-10-25 15:55:00+00:00,AVT,53.86000061035156,53.86000061035156,53.93000030517578,53.86000061035156,53.900001525878906,5206.0
2024-10-25 15:55:00+00:00,AXTI,2.6649999618530273,2.6649999618530273,2.6649999618530273,2.6649999618530273,2.6649999618530273,1110.0
2024-10-25 15:55:00+00:00,AZPN,237.2949981689453,237.2949981689453,237.9250030517578,237.2949981689453,237.9250030517578,2926.0
2024-10-25 15:55:00+00:00,BAND,17.899999618530273,17.899999618530273,17.90999984741211,17.899999618530273,17.90999984741211,2634.0
2024-10-25 15:55:00+00:00,BASE,16.309999465942383,16.309999465942383,16.309999465942383,16.285900115966797,16.290000915527344,3735.0
2024-10-25 15:55:00+00:00,BCOV,2.2699999809265137,2.2699999809265137,2.2750000953674316,2.2699999809265137,2.2750000953674316,933.0
2024-10-25 15:55:00+00:00,BEEM,4.78000020980835,4.78000020980835,4.784999847412109,4.78000020980835,4.784999847412109,2358.0
2024-10-25 15:55:00+00:00,BELFB,78.66999816894531,78.66999816894531,78.66999816894531,78.66999816894531,78.66999816894531,801.0
2024-10-25 15:55:00+00:00,BIGC,5.255000114440918,5.255000114440918,5.255000114440918,5.255000114440918,5.255000114440918,3726.0
2024-10-25 15:55:00+00:00,BL,56.584999084472656,56.584999084472656,56.599998474121094,56.54999923706055,56.599998474121094,4768.0
2024-10-25 15:55:00+00:00,BLZE,7.179999828338623,7.179999828338623,7.190000057220459,7.179999828338623,7.179999828338623,1474.0
2024-10-25 15:55:00+00:00,BMBL,7.144999980926514,7.144999980926514,7.175000190734863,7.144999980926514,7.170000076293945,29885.0
2024-10-25 15:55:00+00:00,BRZE,30.829999923706055,30.829999923706055,30.847900390625,30.799999237060547,30.84000015258789,9035.0
2024-10-25 15:55:00+00:00,BSY,49.040000915527344,49.040000915527344,49.04499816894531,49.02000045776367,49.040000915527344,6920.0
2024-10-25 15:55:00+00:00,CAMT,77.9749984741211,77.9749984741211,78.0199966430664,77.95999908447266,78.0199966430664,3748.0
2024-10-25 15:55:00+00:00,CAN,0.9710999727249146,0.9710999727249146,0.9721999764442444,0.9704999923706055,0.9721999764442444,11712.0
2024-10-25 15:55:00+00:00,CDNS,257.2349853515625,257.2349853515625,257.3500061035156,257.1400146484375,257.2250061035156,20736.0
2024-10-25 15:55:00+00:00,CDW,217.30999755859375,217.30999755859375,217.60000610351562,217.3000030517578,217.60000610351562,17384.0
2024-10-25 15:55:00+00:00,CETX,0.28700000047683716,0.28700000047683716,0.28700000047683716,0.2856000065803528,0.2856000065803528,21138.0
2024-10-25 15:55:00+00:00,CEVA,24.040000915527344,24.040000915527344,24.040000915527344,24.040000915527344,24.040000915527344,861.0
2024-10-25 15:55:00+00:00,CFLT,22.5,22.5,22.510000228881836,22.475000381469727,22.510000228881836,18728.0
2024-10-25 15:55:00+00:00,CGNT,6.630000114440918,6.630000114440918,6.630000114440918,6.630000114440918,6.630000114440918,259.0
2024-10-25 15:55:00+00:00,CGNX,38.9275016784668,38.9275016784668,38.93000030517578,38.880001068115234,38.93000030517578,10822.0
2024-10-25 15:55:00+00:00,CHKP,206.82000732421875,206.82000732421875,206.9600067138672,206.67999267578125,206.67999267578125,6590.0
2024-10-25 15:55:00+00:00,CLBT,18.264999389648438,18.264999389648438,18.280000686645508,18.260000228881836,18.270000457763672,6224.0
2024-10-25 15:55:00+00:00,CLFD,36.369998931884766,36.369998931884766,36.5,36.369998931884766,36.470001220703125,5792.0
2024-10-25 15:55:00+00:00,CLSK,11.385000228881836,11.385000228881836,11.4350004196167,11.380000114440918,11.430000305175781,185679.0
2024-10-25 15:55:00+00:00,CMTL,3.815999984741211,3.815999984741211,3.815999984741211,3.815000057220459,3.815000057220459,3871.0
2024-10-25 15:55:00+00:00,CNDT,3.5950000286102295,3.5950000286102295,3.5950000286102295,3.5950000286102295,3.5950000286102295,4113.0
2024-10-25 15:55:00+00:00,CNXC,44.3650016784668,44.3650016784668,44.369998931884766,44.349998474121094,44.369998931884766,2590.0
2024-10-25 15:55:00+00:00,CNXN,69.80999755859375,69.80999755859375,69.83999633789062,69.80999755859375,69.83999633789062,1379.0
2024-10-25 15:55:00+00:00,COHR,95.79000091552734,95.79000091552734,95.8499984741211,95.70999908447266,95.8499984741211,26645.0
2024-10-25 15:55:00+00:00,COHU,25.895000457763672,25.895000457763672,25.940000534057617,25.895000457763672,25.940000534057617,1672.0
2024-10-25 15:55:00+00:00,COIN,205.69000244140625,205.69000244140625,205.75,205.39999389648438,205.4499969482422,41853.0
2024-10-25 15:55:00+00:00,COMM,6.210000038146973,6.210000038146973,6.21999979019165,6.210000038146973,6.21999979019165,14135.0
2024-10-25 15:55:00+00:00,CORZ,13.335000038146973,13.335000038146973,13.375,13.324999809265137,13.375,61386.0
2024-10-25 15:55:00+00:00,CORZW,7.800000190734863,7.800000190734863,7.800000190734863,7.800000190734863,7.800000190734863,6164.0
2024-10-25 15:55:00+00:00,CPSH,1.4249999523162842,1.4249999523162842,1.4249999523162842,1.4249999523162842,1.4249999523162842,146.0
2024-10-25 15:55:00+00:00,CRCT,6.545000076293945,6.545000076293945,6.554999828338623,6.545000076293945,6.554999828338623,2126.0
2024-10-25 15:55:00+00:00,CRDO,39.095001220703125,39.095001220703125,39.18000030517578,39.06999969482422,39.18000030517578,22095.0
2024-10-25 15:55:00+00:00,CRNC,2.927999973297119,2.927999973297119,2.930000066757202,2.924999952316284,2.930000066757202,2628.0
2024-10-25 15:55:00+00:00,CRSR,6.309999942779541,6.309999942779541,6.310100078582764,6.304999828338623,6.309999942779541,4013.0
2024-10-25 15:55:00+00:00,CRUS,122.43000030517578,122.43000030517578,122.43000030517578,122.16999816894531,122.36000061035156,7509.0
2024-10-25 15:55:00+00:00,CRWD,301.20001220703125,301.20001220703125,301.30999755859375,300.2300109863281,301.1000061035156,53264.0
2024-10-25 15:55:00+00:00,CSCO,55.744998931884766,55.744998931884766,55.79999923706055,55.7400016784668,55.77000045776367,91355.0
2024-10-25 15:55:00+00:00,CSGS,47.16999816894531,47.16999816894531,47.16999816894531,47.13600158691406,47.13600158691406,2957.0
2024-10-25 15:55:00+00:00,CSIQ,13.350000381469727,13.350000381469727,13.390000343322754,13.345000267028809,13.385000228881836,20922.0
2024-10-25 15:55:00+00:00,CSPI,13.100000381469727,13.100000381469727,13.109600067138672,13.100000381469727,13.109600067138672,1187.0
2024-10-25 15:55:00+00:00,CTLP,8.890000343322754,8.890000343322754,8.899999618530273,8.890000343322754,8.899999618530273,1770.0
2024-10-25 15:55:00+00:00,CTSH,74.75,74.75,74.76000213623047,74.69999694824219,74.76000213623047,22338.0
2024-10-25 15:55:00+00:00,CVLT,134.3350067138672,134.3350067138672,134.3350067138672,134.19000244140625,134.1999969482422,7098.0
2024-10-25 15:55:00+00:00,CYBR,290.2099914550781,290.2099914550781,291.1300048828125,290.0799865722656,291.1300048828125,5486.0
2024-10-25 15:55:00+00:00,DAKT,13.041999816894531,13.041999816894531,13.069999694824219,13.041999816894531,13.069999694824219,3582.0
2024-10-25 15:55:00+00:00,DAVE,38.814998626708984,38.814998626708984,38.814998626708984,38.814998626708984,38.814998626708984,707.0
2024-10-25 15:55:00+00:00,DBX,26.049999237060547,26.049999237060547,26.049999237060547,26.0,26.020000457763672,70478.0
2024-10-25 15:55:00+00:00,DDOG,126.40499877929688,126.40499877929688,126.52999877929688,126.3499984741211,126.5,31861.0
2024-10-25 15:55:00+00:00,DGII,29.860000610351562,29.860000610351562,29.860000610351562,29.860000610351562,29.860000610351562,1630.0
2024-10-25 15:55:00+00:00,DIOD,64.67500305175781,64.67500305175781,64.70999908447266,64.61000061035156,64.70999908447266,1694.0
2024-10-25 15:55:00+00:00,DLO,8.854999542236328,8.854999542236328,8.854999542236328,8.850000381469727,8.854999542236328,11004.0
2024-10-25 15:55:00+00:00,DMRC,32.08000183105469,32.08000183105469,32.13010025024414,32.08000183105469,32.13010025024414,1119.0
2024-10-25 15:55:00+00:00,DOCU,69.04499816894531,69.04499816894531,69.05000305175781,68.9749984741211,68.9800033569336,33504.0
2024-10-25 15:55:00+00:00,DOMO,8.079999923706055,8.079999923706055,8.079999923706055,8.069999694824219,8.079999923706055,3412.0
2024-10-25 15:55:00+00:00,DOX,88.87000274658203,88.87000274658203,88.91500091552734,88.87000274658203,88.875,3260.0
2024-10-25 15:55:00+00:00,DSGX,104.2249984741211,104.2249984741211,104.2249984741211,104.2249984741211,104.2249984741211,256.0
2024-10-25 15:55:00+00:00,DUOL,291.7099914550781,291.7099914550781,291.7099914550781,291.2799987792969,291.3500061035156,6691.0
2024-10-25 15:55:00+00:00,EEFT,100.38999938964844,100.38999938964844,100.43000030517578,100.3499984741211,100.3499984741211,5150.0
2024-10-25 15:55:00+00:00,EMKR,2.128499984741211,2.128499984741211,2.130000114440918,2.128499984741211,2.130000114440918,3564.0
2024-10-25 15:55:00+00:00,ENPH,83.63999938964844,83.63999938964844,83.7300033569336,83.51000213623047,83.72000122070312,68988.0
2024-10-25 15:55:00+00:00,ENTG,104.94999694824219,104.94999694824219,105.23500061035156,104.94000244140625,105.18000030517578,13609.0
2024-10-25 15:55:00+00:00,ERIC,8.460000038146973,8.460000038146973,8.468299865722656,8.460000038146973,8.46500015258789,19565.0
2024-10-25 15:55:00+00:00,EXFY,1.715000033378601,1.715000033378601,1.715000033378601,1.715000033378601,1.715000033378601,910.0
2024-10-25 15:55:00+00:00,EXLS,38.560001373291016,38.560001373291016,38.56999969482422,38.54499816894531,38.56999969482422,8030.0
2024-10-25 15:55:00+00:00,EXTR,14.354999542236328,14.354999542236328,14.380000114440918,14.354999542236328,14.359999656677246,13452.0
2024-10-25 15:55:00+00:00,FARO,17.940000534057617,17.940000534057617,17.940000534057617,17.940000534057617,17.940000534057617,693.0
2024-10-25 15:55:00+00:00,FFIV,216.8800048828125,216.8800048828125,216.8800048828125,216.7100067138672,216.72000122070312,11458.0
2024-10-25 15:55:00+00:00,FIVN,29.649999618530273,29.649999618530273,29.739999771118164,29.639999389648438,29.739999771118164,19891.0
2024-10-25 15:55:00+00:00,FLEX,35.130001068115234,35.130001068115234,35.14500045776367,35.119998931884766,35.119998931884766,29374.0
2024-10-25 15:55:00+00:00,FLYW,17.290000915527344,17.290000915527344,17.325000762939453,17.270000457763672,17.325000762939453,4311.0
2024-10-25 15:55:00+00:00,FORM,44.81990051269531,44.81990051269531,44.86000061035156,44.81869888305664,44.86000061035156,3721.0
2024-10-25 15:55:00+00:00,FROG,29.239999771118164,29.239999771118164,29.260000228881836,29.235000610351562,29.260000228881836,9868.0
2024-10-25 15:55:00+00:00,FRSH,11.645000457763672,11.645000457763672,11.645000457763672,11.635000228881836,11.645000457763672,20437.0
2024-10-25 15:55:00+00:00,FSLR,198.1074981689453,198.1074981689453,198.3800048828125,197.9600067138672,198.3800048828125,14585.0
2024-10-25 15:55:00+00:00,FTCI,0.6629999876022339,0.6629999876022339,0.6650000214576721,0.6600000262260437,0.6600000262260437,3431.0
2024-10-25 15:55:00+00:00,FTNT,80.3949966430664,80.3949966430664,80.41000366210938,80.32499694824219,80.41000366210938,36565.0
2024-10-25 15:55:00+00:00,GCT,24.295000076293945,24.295000076293945,24.299999237060547,24.280000686645508,24.299999237060547,6261.0
2024-10-25 15:55:00+00:00,GDS,21.479999542236328,21.479999542236328,21.5,21.469999313354492,21.469999313354492,6910.0
2024-10-25 15:55:00+00:00,GDYN,15.630000114440918,15.630000114440918,15.640000343322754,15.619999885559082,15.625,1590.0
2024-10-25 15:55:00+00:00,GFS,40.404998779296875,40.404998779296875,40.45500183105469,40.349998474121094,40.45500183105469,151438.0
2024-10-25 15:55:00+00:00,GILT,4.925000190734863,4.925000190734863,4.925000190734863,4.925000190734863,4.925000190734863,439.0
2024-10-25 15:55:00+00:00,GNSS,3.8949999809265137,3.8949999809265137,3.8949999809265137,3.8949999809265137,3.8949999809265137,152.0
2024-10-25 15:55:00+00:00,GPRO,1.3049999475479126,1.3049999475479126,1.3049999475479126,1.2999999523162842,1.3049999475479126,8179.0
2024-10-25 15:55:00+00:00,GRAB,4.085000038146973,4.085000038146973,4.085000038146973,4.083000183105469,4.085000038146973,137359.0
2024-10-25 15:55:00+00:00,GRRR,4.450699806213379,4.450699806213379,4.480999946594238,4.450699806213379,4.480999946594238,4501.0
2024-10-25 15:55:00+00:00,GSIT,3.4000000953674316,3.4000000953674316,3.4000000953674316,3.4000000953674316,3.4000000953674316,1231.0
2024-10-25 15:55:00+00:00,GTLB,55.08000183105469,55.08000183105469,55.08000183105469,55.0099983215332,55.08000183105469,10422.0
2024-10-25 15:55:00+00:00,GVP,4.599999904632568,4.599999904632568,4.599999904632568,4.599999904632568,4.599999904632568,100.0
2024-10-25 15:55:00+00:00,HCKT,24.594999313354492,24.594999313354492,24.594999313354492,24.594999313354492,24.594999313354492,386.0
2024-10-25 15:55:00+00:00,HCP,33.665000915527344,33.665000915527344,33.66999816894531,33.650001525878906,33.650001525878906,23809.0
2024-10-25 15:55:00+00:00,HEAR,16.40999984741211,16.40999984741211,16.40999984741211,16.40999984741211,16.40999984741211,1692.0
2024-10-25 15:55:00+00:00,HIMX,6.164999961853027,6.164999961853027,6.164999961853027,6.159999847412109,6.164999961853027,4668.0
2024-10-25 15:55:00+00:00,HLIT,14.8149995803833,14.8149995803833,14.819999694824219,14.805000305175781,14.8100004196167,10886.0
2024-10-25 15:55:00+00:00,HOLO,3.575000047683716,3.575000047683716,3.575000047683716,3.57450008392334,3.575000047683716,8285.0
2024-10-25 15:55:00+00:00,HOOD,27.084999084472656,27.084999084472656,27.114999771118164,27.065000534057617,27.100000381469727,76423.0
2024-10-25 15:55:00+00:00,ICHR,27.549999237060547,27.549999237060547,27.579999923706055,27.549999237060547,27.579999923706055,654.0
2024-10-25 15:55:00+00:00,IDN,2.430000066757202,2.430000066757202,2.430000066757202,2.430000066757202,2.430000066757202,296.0
2024-10-25 15:55:00+00:00,III,3.065000057220459,3.065000057220459,3.065000057220459,3.065000057220459,3.065000057220459,621.0
2024-10-25 15:55:00+00:00,IMMR,8.668800354003906,8.668800354003906,8.668800354003906,8.65999984741211,8.65999984741211,3836.0
2024-10-25 15:55:00+00:00,IMTE,1.6799999475479126,1.6799999475479126,1.6799999475479126,1.6799999475479126,1.6799999475479126,300.0
2024-10-25 15:55:00+00:00,IMXI,17.594999313354492,17.594999313354492,17.594999313354492,17.594999313354492,17.594999313354492,760.0
2024-10-25 15:55:00+00:00,INDI,3.484999895095825,3.484999895095825,3.490000009536743,3.484999895095825,3.490000009536743,3385.0
2024-10-25 15:55:00+00:00,INFN,6.769999980926514,6.769999980926514,6.772299766540527,6.763999938964844,6.772299766540527,23393.0
2024-10-25 15:55:00+00:00,INOD,20.219999313354492,20.219999313354492,20.270000457763672,20.219999313354492,20.270000457763672,3541.0
2024-10-25 15:55:00+00:00,INSG,19.649999618530273,19.649999618530273,19.670000076293945,19.6299991607666,19.670000076293945,1069.0
2024-10-25 15:55:00+00:00,INTA,50.220001220703125,50.220001220703125,50.275001525878906,50.220001220703125,50.275001525878906,8129.0
2024-10-25 15:55:00+00:00,INTC,22.725000381469727,22.725000381469727,22.80500030517578,22.709999084472656,22.799999237060547,640618.0
2024-10-25 15:55:00+00:00,INTU,609.260009765625,609.260009765625,609.4199829101562,608.9099731445312,609.135009765625,9281.0
2024-10-25 15:55:00+00:00,IPGP,76.81999969482422,76.81999969482422,76.81999969482422,76.79000091552734,76.81999969482422,3428.0
2024-10-25 15:55:00+00:00,ITI,7.195000171661377,7.195000171661377,7.199999809265137,7.190000057220459,7.190000057220459,882.0
2024-10-25 15:55:00+00:00,ITRI,102.55999755859375,102.55999755859375,102.62999725341797,102.55999755859375,102.59500122070312,5179.0
2024-10-25 15:55:00+00:00,ITRN,27.434999465942383,27.434999465942383,27.454999923706055,27.40999984741211,27.40999984741211,2345.0
2024-10-25 15:55:00+00:00,JAMF,16.7549991607666,16.7549991607666,16.7549991607666,16.75,16.75,3017.0
2024-10-25 15:55:00+00:00,JKHY,182.44500732421875,182.44500732421875,182.64999389648438,182.44500732421875,182.64999389648438,4013.0
2024-10-25 15:55:00+00:00,KARO,40.0,40.0,40.185001373291016,40.0,40.185001373291016,712.0
2024-10-25 15:55:00+00:00,KC,2.6649999618530273,2.6649999618530273,2.6649999618530273,2.6600000858306885,2.6649999618530273,4630.0
2024-10-25 15:55:00+00:00,KLAC,673.3300170898438,673.3300170898438,674.260009765625,673.1749877929688,674.0,13545.0
2024-10-25 15:55:00+00:00,KLIC,44.5099983215332,44.5099983215332,44.540000915527344,44.5099983215332,44.52000045776367,7808.0
2024-10-25 15:55:00+00:00,KLTR,1.315000057220459,1.315000057220459,1.315000057220459,1.309999942779541,1.315000057220459,2497.0
2024-10-25 15:55:00+00:00,KOPN,0.7684000134468079,0.7684000134468079,0.7767000198364258,0.7684000134468079,0.7767000198364258,3111.0
2024-10-25 15:55:00+00:00,KVHI,4.675000190734863,4.675000190734863,4.675000190734863,4.670000076293945,4.670000076293945,338.0
2024-10-25 15:55:00+00:00,LASR,10.34000015258789,10.34000015258789,10.380000114440918,10.34000015258789,10.380000114440918,2702.0
2024-10-25 15:55:00+00:00,LFUS,253.2100067138672,253.2100067138672,253.2100067138672,252.89999389648438,253.10499572753906,2369.0
2024-10-25 15:55:00+00:00,LITE,64.36000061035156,64.36000061035156,64.41000366210938,64.30000305175781,64.41000366210938,10052.0
2024-10-25 15:55:00+00:00,LOGI,80.71499633789062,80.71499633789062,80.74800109863281,80.69999694824219,80.73999786376953,4611.0
2024-10-25 15:55:00+00:00,LPSN,1.1649999618530273,1.1649999618530273,1.1684999465942383,1.159999966621399,1.1649999618530273,32416.0
2024-10-25 15:55:00+00:00,LRCX,77.70500183105469,77.70500183105469,77.77999877929688,77.62999725341797,77.77999877929688,152051.0
2024-10-25 15:55:00+00:00,LSAK,5.320000171661377,5.320000171661377,5.320000171661377,5.320000171661377,5.320000171661377,352.0
2024-10-25 15:55:00+00:00,LSCC,54.1349983215332,54.1349983215332,54.220001220703125,54.060001373291016,54.220001220703125,23535.0
2024-10-25 15:55:00+00:00,LTRX,4.059999942779541,4.059999942779541,4.079999923706055,4.059999942779541,4.079999923706055,4515.0
2024-10-25 15:55:00+00:00,LYFT,13.475000381469727,13.475000381469727,13.484999656677246,13.46399974822998,13.484999656677246,124976.0
2024-10-25 15:55:00+00:00,LYTS,16.229999542236328,16.229999542236328,16.229999542236328,16.229999542236328,16.229999542236328,693.0
2024-10-25 15:55:00+00:00,MANH,275.7099914550781,275.7099914550781,275.7099914550781,275.6000061035156,275.6000061035156,1752.0
2024-10-25 15:55:00+00:00,MAPS,0.8313999772071838,0.8313999772071838,0.8313999772071838,0.8305000066757202,0.8305000066757202,300.0
2024-10-25 15:55:00+00:00,MAXN,5.690000057220459,5.690000057220459,5.690000057220459,5.689700126647949,5.689700126647949,1570.0
2024-10-25 15:55:00+00:00,MCHP,76.43000030517578,76.43000030517578,76.55999755859375,76.37999725341797,76.55999755859375,55898.0
2024-10-25 15:55:00+00:00,MDB,269.0899963378906,269.0899963378906,269.1499938964844,268.5899963378906,269.0,14047.0
2024-10-25 15:55:00+00:00,MITK,8.755000114440918,8.755000114440918,8.755000114440918,8.729999542236328,8.75,14397.0
2024-10-25 15:55:00+00:00,MKSI,101.04000091552734,101.04000091552734,101.1500015258789,100.96499633789062,101.0999984741211,11962.0
2024-10-25 15:55:00+00:00,MNDY,298.6650085449219,298.6650085449219,298.7850036621094,298.6650085449219,298.7850036621094,3754.0
2024-10-25 15:55:00+00:00,MOB,1.375,1.375,1.375,1.375,1.375,0.0
2024-10-25 15:55:00+00:00,MPWR,903.0499877929688,903.0499877929688,904.5599975585938,901.6500244140625,904.5599975585938,9520.0
2024-10-25 15:55:00+00:00,MQ,5.304999828338623,5.304999828338623,5.309999942779541,5.304999828338623,5.304999828338623,47584.0
2024-10-25 15:55:00+00:00,MRIN,2.130000114440918,2.130000114440918,2.130000114440918,2.130000114440918,2.130000114440918,169.0
2024-10-25 15:55:00+00:00,MRVL,81.91000366210938,81.91000366210938,82.1500015258789,81.81999969482422,82.13999938964844,86435.0
2024-10-25 15:55:00+00:00,MSFT,427.70001220703125,427.70001220703125,427.9700012207031,427.4200134277344,427.6400146484375,96687.0
2024-10-25 15:55:00+00:00,MSTR,235.91000366210938,235.91000366210938,236.40989685058594,235.72000122070312,235.8000030517578,116511.0
2024-10-25 15:55:00+00:00,MTLS,5.929999828338623,5.929999828338623,5.929999828338623,5.929999828338623,5.929999828338623,602.0
2024-10-25 15:55:00+00:00,MTSI,121.73999786376953,121.73999786376953,121.73999786376953,121.4574966430664,121.59500122070312,14646.0
2024-10-25 15:55:00+00:00,MTTR,4.59499979019165,4.59499979019165,4.59499979019165,4.59499979019165,4.59499979019165,5436.0
2024-10-25 15:55:00+00:00,MU,108.03500366210938,108.03500366210938,108.08999633789062,107.97000122070312,108.08999633789062,78635.0
2024-10-25 15:55:00+00:00,MVIS,1.059999942779541,1.059999942779541,1.0700000524520874,1.059999942779541,1.0700000524520874,34607.0
2024-10-25 15:55:00+00:00,MXL,14.895000457763672,14.895000457763672,14.899999618530273,14.869999885559082,14.890000343322754,15139.0
2024-10-25 15:55:00+00:00,NCNO,37.79999923706055,37.79999923706055,37.834999084472656,37.79999923706055,37.83000183105469,15403.0
2024-10-25 15:55:00+00:00,NEON,8.119999885559082,8.119999885559082,8.119999885559082,8.119999885559082,8.119999885559082,303.0
2024-10-25 15:55:00+00:00,NICE,174.35000610351562,174.35000610351562,174.40499877929688,174.22999572753906,174.3699951171875,6021.0
2024-10-25 15:55:00+00:00,NNDM,2.325000047683716,2.325000047683716,2.325000047683716,2.325000047683716,2.325000047683716,857.0
2024-10-25 15:55:00+00:00,NSIT,209.1199951171875,209.1199951171875,209.1199951171875,209.08999633789062,209.08999633789062,639.0
2024-10-25 15:55:00+00:00,NTAP,119.54499816894531,119.54499816894531,119.61000061035156,119.44999694824219,119.61000061035156,20639.0
2024-10-25 15:55:00+00:00,NTCT,20.709999084472656,20.709999084472656,20.719999313354492,20.709999084472656,20.719999313354492,3042.0
2024-10-25 15:55:00+00:00,NTGR,20.229999542236328,20.229999542236328,20.229999542236328,20.229999542236328,20.229999542236328,195.0
2024-10-25 15:55:00+00:00,NTNX,61.68000030517578,61.68000030517578,61.869998931884766,61.65999984741211,61.869998931884766,16156.0
2024-10-25 15:55:00+00:00,NVDA,141.58099365234375,141.58099365234375,141.69000244140625,141.3800048828125,141.69000244140625,899434.0
2024-10-25 15:55:00+00:00,NVEI,33.4900016784668,33.4900016784668,33.494998931884766,33.4900016784668,33.4900016784668,8032.0
2024-10-25 15:55:00+00:00,NVMI,184.77000427246094,184.77000427246094,184.77000427246094,184.77000427246094,184.77000427246094,1319.0
2024-10-25 15:55:00+00:00,NVTS,2.555500030517578,2.555500030517578,2.569999933242798,2.549999952316284,2.549999952316284,166216.0
2024-10-25 15:55:00+00:00,NXPI,243.0800018310547,243.0800018310547,243.1999969482422,243.0,243.19000244140625,9011.0
2024-10-25 15:55:00+00:00,OKTA,72.27999877929688,72.27999877929688,72.41000366210938,72.22000122070312,72.33999633789062,26767.0
2024-10-25 15:55:00+00:00,OLED,202.39500427246094,202.39500427246094,202.6699981689453,202.39500427246094,202.6699981689453,2776.0
2024-10-25 15:55:00+00:00,ON,71.27999877929688,71.27999877929688,71.29000091552734,71.21099853515625,71.25,74345.0
2024-10-25 15:55:00+00:00,ONDS,0.8575999736785889,0.8575999736785889,0.8575999736785889,0.8575999736785889,0.8575999736785889,1161.0
2024-10-25 15:55:00+00:00,OSIS,134.91000366210938,134.91000366210938,134.91000366210938,134.5500030517578,134.91000366210938,2153.0
2024-10-25 15:55:00+00:00,OSPN,14.539999961853027,14.539999961853027,14.539999961853027,14.539999961853027,14.539999961853027,2489.0
2024-10-25 15:55:00+00:00,OTEX,33.2400016784668,33.2400016784668,33.27000045776367,33.22999954223633,33.27000045776367,12825.0
2024-10-25 15:55:00+00:00,PANW,366.0899963378906,366.0899963378906,366.364990234375,365.75,366.364990234375,8991.0
2024-10-25 15:55:00+00:00,PAYO,8.345000267028809,8.345000267028809,8.350000381469727,8.34000015258789,8.350000381469727,8637.0
2024-10-25 15:55:00+00:00,PCTY,173.57000732421875,173.57000732421875,173.63999938964844,173.53500366210938,173.5399932861328,3054.0
2024-10-25 15:55:00+00:00,PDFS,29.1299991607666,29.1299991607666,29.1299991607666,29.110000610351562,29.110000610351562,1012.0
2024-10-25 15:55:00+00:00,PEGA,79.83499908447266,79.83499908447266,79.88999938964844,79.69999694824219,79.87999725341797,17495.0
2024-10-25 15:55:00+00:00,PEGY,4.671999931335449,4.671999931335449,4.698999881744385,4.671999931335449,4.690000057220459,4198.0
2024-10-25 15:55:00+00:00,PET,0.8119999766349792,0.8119999766349792,0.8119999766349792,0.8119999766349792,0.8119999766349792,320.0
2024-10-25 15:55:00+00:00,PGY,12.0,12.0,12.010000228881836,12.0,12.0,20558.0
2024-10-25 15:55:00+00:00,PHUN,10.500100135803223,10.500100135803223,10.510000228881836,10.449999809265137,10.449999809265137,93188.0
2024-10-25 15:55:00+00:00,PI,200.49000549316406,200.49000549316406,200.49000549316406,200.2100067138672,200.4499969482422,5225.0
2024-10-25 15:55:00+00:00,PLAB,23.545000076293945,23.545000076293945,23.610000610351562,23.545000076293945,23.610000610351562,3094.0
2024-10-25 15:55:00+00:00,PLUS,97.5999984741211,97.5999984741211,97.6500015258789,97.5999984741211,97.6500015258789,995.0
2024-10-25 15:55:00+00:00,PLXS,140.68499755859375,140.68499755859375,140.74000549316406,140.68499755859375,140.74000549316406,897.0
2024-10-25 15:55:00+00:00,POET,3.859999895095825,3.859999895095825,3.865000009536743,3.859999895095825,3.865000009536743,4996.0
2024-10-25 15:55:00+00:00,POWI,63.084999084472656,63.084999084472656,63.27000045776367,63.084999084472656,63.27000045776367,4663.0
2024-10-25 15:55:00+00:00,PRCH,1.2949999570846558,1.2949999570846558,1.2949999570846558,1.2949999570846558,1.2949999570846558,433.0
2024-10-25 15:55:00+00:00,PRGS,64.69000244140625,64.69000244140625,64.69999694824219,64.63999938964844,64.66999816894531,3257.0
2024-10-25 15:55:00+00:00,PRSO,1.8301000595092773,1.8301000595092773,1.8301000595092773,1.8301000595092773,1.8301000595092773,10000.0
2024-10-25 15:55:00+00:00,PTC,186.8699951171875,186.8699951171875,187.22000122070312,186.8300018310547,187.17999267578125,21335.0
2024-10-25 15:55:00+00:00,PUBM,14.770000457763672,14.770000457763672,14.770000457763672,14.770000457763672,14.770000457763672,449.0
2024-10-25 15:55:00+00:00,PXLW,0.7401999831199646,0.7401999831199646,0.7401999831199646,0.7401999831199646,0.7401999831199646,300.0
2024-10-25 15:55:00+00:00,PYCR,14.364999771118164,14.364999771118164,14.369999885559082,14.345000267028809,14.354999542236328,13430.0
2024-10-25 15:55:00+00:00,QCOM,170.32000732421875,170.32000732421875,170.66000366210938,170.27000427246094,170.50999450683594,61595.0
2024-10-25 15:55:00+00:00,QLYS,121.0250015258789,121.0250015258789,121.63999938964844,121.0250015258789,121.48999786376953,19606.0
2024-10-25 15:55:00+00:00,QRVO,99.23999786376953,99.23999786376953,99.51000213623047,99.2300033569336,99.51000213623047,26833.0
2024-10-25 15:55:00+00:00,QUBT,1.0800000429153442,1.0800000429153442,1.089900016784668,1.0800000429153442,1.0850000381469727,15019.0
2024-10-25 15:55:00+00:00,RBCN,1.2999999523162842,1.2999999523162842,1.2999999523162842,1.2999999523162842,1.2999999523162842,100.0
2024-10-25 15:55:00+00:00,RCAT,2.7049999237060547,2.7049999237060547,2.7049999237060547,2.7049999237060547,2.7049999237060547,2004.0
2024-10-25 15:55:00+00:00,REKR,1.0800000429153442,1.0800000429153442,1.0800000429153442,1.0800000429153442,1.0800000429153442,917.0
2024-10-25 15:55:00+00:00,RELL,14.010000228881836,14.010000228881836,14.010000228881836,14.010000228881836,14.010000228881836,1033.0
2024-10-25 15:55:00+00:00,RELY,14.779999732971191,14.779999732971191,14.78499984741211,14.774999618530273,14.779999732971191,19632.0
2024-10-25 15:55:00+00:00,RGTI,1.215000033378601,1.215000033378601,1.2200000286102295,1.2100000381469727,1.215000033378601,78551.0
2024-10-25 15:55:00+00:00,RIOT,9.660099983215332,9.660099983215332,9.6899995803833,9.660099983215332,9.6850004196167,63617.0
2024-10-25 15:55:00+00:00,RMBS,43.45000076293945,43.45000076293945,43.4900016784668,43.41999816894531,43.4900016784668,14165.0
2024-10-25 15:55:00+00:00,RMNI,1.7200000286102295,1.7200000286102295,1.7300000190734863,1.7200000286102295,1.725000023841858,936.0
2024-10-25 15:55:00+00:00,RPAY,7.760000228881836,7.760000228881836,7.760000228881836,7.755000114440918,7.755000114440918,3945.0
2024-10-25 15:55:00+00:00,RPD,38.939998626708984,38.939998626708984,38.97999954223633,38.939998626708984,38.97999954223633,2704.0
2024-10-25 15:55:00+00:00,RUM,5.684999942779541,5.684999942779541,5.689899921417236,5.682400226593018,5.684999942779541,2996.0
2024-10-25 15:55:00+00:00,RUMBW,1.3300000429153442,1.3300000429153442,1.3300000429153442,1.3300000429153442,1.3300000429153442,200.0
2024-10-25 15:55:00+00:00,RUN,14.364999771118164,14.364999771118164,14.399999618530273,14.354999542236328,14.399999618530273,59042.0
2024-10-25 15:55:00+00:00,RXT,2.484999895095825,2.484999895095825,2.48799991607666,2.484999895095825,2.48799991607666,713.0
2024-10-25 15:55:00+00:00,SANM,67.4800033569336,67.4800033569336,67.51499938964844,67.47000122070312,67.48999786376953,2195.0
2024-10-25 15:55:00+00:00,SATS,25.139999389648438,25.139999389648438,25.149999618530273,25.125,25.149999618530273,9797.0
2024-10-25 15:55:00+00:00,SCSC,44.84000015258789,44.84000015258789,44.8849983215332,44.84000015258789,44.8849983215332,2054.0
2024-10-25 15:55:00+00:00,SCWX,8.375,8.375,8.380000114440918,8.375,8.380000114440918,459.0
2024-10-25 15:55:00+00:00,SEDG,16.079999923706055,16.079999923706055,16.09000015258789,16.049999237060547,16.09000015258789,30272.0
2024-10-25 15:55:00+00:00,SHLS,5.175000190734863,5.175000190734863,5.184999942779541,5.170100212097168,5.184999942779541,25926.0
2024-10-25 15:55:00+00:00,SIMO,56.04999923706055,56.04999923706055,56.07500076293945,56.02000045776367,56.07500076293945,2789.0
2024-10-25 15:55:00+00:00,SITM,178.6699981689453,178.6699981689453,179.0800018310547,178.6699981689453,179.0800018310547,2075.0
2024-10-25 15:55:00+00:00,SKYT,10.449999809265137,10.449999809265137,10.449999809265137,10.444999694824219,10.444999694824219,376.0
2024-10-25 15:55:00+00:00,SLAB,113.66000366210938,113.66000366210938,113.76000213623047,113.66000366210938,113.76000213623047,1748.0
2024-10-25 15:55:00+00:00,SMCI,47.369998931884766,47.369998931884766,47.439998626708984,47.34000015258789,47.439998626708984,161296.0
2024-10-25 15:55:00+00:00,SMTC,45.63999938964844,45.63999938964844,45.63999938964844,45.58000183105469,45.599998474121094,10125.0
2024-10-25 15:55:00+00:00,SNPS,501.4700012207031,501.4700012207031,501.6600036621094,501.4700012207031,501.6199951171875,1367.0
2024-10-25 15:55:00+00:00,SONO,12.744999885559082,12.744999885559082,12.744999885559082,12.704999923706055,12.710000038146973,28771.0
2024-10-25 15:55:00+00:00,SOUN,5.179999828338623,5.179999828338623,5.190000057220459,5.179999828338623,5.184999942779541,23310.0
2024-10-25 15:55:00+00:00,SPI,0.41999998688697815,0.41999998688697815,0.42309999465942383,0.41999998688697815,0.42309999465942383,1314.0
2024-10-25 15:55:00+00:00,SPNS,36.66999816894531,36.66999816894531,36.66999816894531,36.66999816894531,36.66999816894531,754.0
2024-10-25 15:55:00+00:00,SPSC,170.97999572753906,170.97999572753906,171.46499633789062,170.97999572753906,171.46499633789062,6919.0
2024-10-25 15:55:00+00:00,SPT,26.899999618530273,26.899999618530273,26.940000534057617,26.889999389648438,26.940000534057617,13007.0
2024-10-25 15:55:00+00:00,SRAD,12.329999923706055,12.329999923706055,12.329999923706055,12.3149995803833,12.319999694824219,5227.0
2024-10-25 15:55:00+00:00,SSNC,70.13400268554688,70.13400268554688,70.13500213623047,70.11000061035156,70.11499786376953,38255.0
2024-10-25 15:55:00+00:00,SSTI,11.039999961853027,11.039999961853027,11.089900016784668,11.039999961853027,11.066200256347656,1491.0
2024-10-25 15:55:00+00:00,SSYS,7.021999835968018,7.021999835968018,7.03000020980835,7.021999835968018,7.025000095367432,956.0
2024-10-25 15:55:00+00:00,STER,16.7450008392334,16.7450008392334,16.75,16.7450008392334,16.7450008392334,1055.0
2024-10-25 15:55:00+00:00,STNE,11.425000190734863,11.425000190734863,11.430000305175781,11.40999984741211,11.40999984741211,18185.0
2024-10-25 15:55:00+00:00,STX,103.11000061035156,103.11000061035156,103.25,103.11000061035156,103.2300033569336,30946.0
2024-10-25 15:55:00+00:00,SVRE,0.0803999975323677,0.0803999975323677,0.0803999975323677,0.08009999990463257,0.08009999990463257,5151.0
2024-10-25 15:55:00+00:00,SWKS,95.30000305175781,95.30000305175781,95.51000213623047,95.29000091552734,95.41999816894531,24615.0
2024-10-25 15:55:00+00:00,SYNA,72.04499816894531,72.04499816894531,72.06999969482422,72.01000213623047,72.06999969482422,1949.0
2024-10-25 15:55:00+00:00,SYTA,1.2899999618530273,1.2899999618530273,1.2999999523162842,1.2799999713897705,1.2799999713897705,37114.0
2024-10-25 15:55:00+00:00,TACT,4.150000095367432,4.150000095367432,4.150000095367432,4.150000095367432,4.150000095367432,200.0
2024-10-25 15:55:00+00:00,TASK,11.960000038146973,11.960000038146973,11.960000038146973,11.960000038146973,11.960000038146973,217.0
2024-10-25 15:55:00+00:00,TEAM,188.61000061035156,188.61000061035156,188.64999389648438,188.40499877929688,188.64999389648438,19332.0
2024-10-25 15:55:00+00:00,TENB,41.70000076293945,41.70000076293945,41.709999084472656,41.66999816894531,41.709999084472656,10757.0
2024-10-25 15:55:00+00:00,TER,111.61499786376953,111.61499786376953,112.12999725341797,111.61499786376953,112.12999725341797,35022.0
2024-10-25 15:55:00+00:00,TLS,3.569999933242798,3.569999933242798,3.575000047683716,3.569999933242798,3.575000047683716,2573.0
2024-10-25 15:55:00+00:00,TRMB,60.86000061035156,60.86000061035156,60.86000061035156,60.84000015258789,60.845001220703125,6698.0
2024-10-25 15:55:00+00:00,TSEM,44.7599983215332,44.7599983215332,44.810001373291016,44.7599983215332,44.810001373291016,2573.0
2024-10-25 15:55:00+00:00,TTD,119.42880249023438,119.42880249023438,119.48999786376953,119.30000305175781,119.44999694824219,41743.0
2024-10-25 15:55:00+00:00,TTEC,5.369999885559082,5.369999885559082,5.369999885559082,5.360000133514404,5.360000133514404,5193.0
2024-10-25 15:55:00+00:00,TTMI,19.600000381469727,19.600000381469727,19.600000381469727,19.575000762939453,19.579999923706055,9466.0
2024-10-25 15:55:00+00:00,TWKS,4.445000171661377,4.445000171661377,4.449999809265137,4.440000057220459,4.440000057220459,17074.0
2024-10-25 15:55:00+00:00,TXN,207.01499938964844,207.01499938964844,207.35000610351562,206.9600067138672,207.35000610351562,47584.0
2024-10-25 15:55:00+00:00,UCTT,35.619998931884766,35.619998931884766,35.7400016784668,35.619998931884766,35.7400016784668,7636.0
2024-10-25 15:55:00+00:00,UEIC,8.085000038146973,8.085000038146973,8.085000038146973,8.085000038146973,8.085000038146973,432.0
2024-10-25 15:55:00+00:00,UPLD,2.1700000762939453,2.1700000762939453,2.1700000762939453,2.1700000762939453,2.1700000762939453,1128.0
2024-10-25 15:55:00+00:00,VECO,29.299999237060547,29.299999237060547,29.360000610351562,29.295000076293945,29.360000610351562,8437.0
2024-10-25 15:55:00+00:00,VERI,3.4649999141693115,3.4649999141693115,3.4700000286102295,3.4649999141693115,3.4700000286102295,2738.0
2024-10-25 15:55:00+00:00,VERX,42.01499938964844,42.01499938964844,42.130001068115234,42.01499938964844,42.119998931884766,4225.0
2024-10-25 15:55:00+00:00,VIAV,9.135000228881836,9.135000228881836,9.135000228881836,9.125,9.130000114440918,10494.0
2024-10-25 15:55:00+00:00,VICR,46.13999938964844,46.13999938964844,46.27000045776367,46.13999938964844,46.27000045776367,3494.0
2024-10-25 15:55:00+00:00,VMEO,4.7779998779296875,4.7779998779296875,4.7779998779296875,4.769999980926514,4.769999980926514,6898.0
2024-10-25 15:55:00+00:00,VNET,3.365000009536743,3.365000009536743,3.365000009536743,3.365000009536743,3.365000009536743,7122.0
2024-10-25 15:55:00+00:00,VOXX,7.550000190734863,7.550000190734863,7.550000190734863,7.550000190734863,7.550000190734863,202.0
2024-10-25 15:55:00+00:00,VRNS,56.92499923706055,56.92499923706055,56.98500061035156,56.90999984741211,56.93000030517578,14785.0
2024-10-25 15:55:00+00:00,VRNT,21.825000762939453,21.825000762939453,21.850000381469727,21.81999969482422,21.850000381469727,7814.0
2024-10-25 15:55:00+00:00,VRSN,181.00999450683594,181.00999450683594,181.00999450683594,180.59249877929688,180.6199951171875,16428.0
2024-10-25 15:55:00+00:00,VSAT,10.210000038146973,10.210000038146973,10.21500015258789,10.204999923706055,10.21500015258789,11691.0
2024-10-25 15:55:00+00:00,VUZI,1.2949999570846558,1.2949999570846558,1.2999999523162842,1.2949999570846558,1.2949999570846558,2235.0
2024-10-25 15:55:00+00:00,WALD,3.4800000190734863,3.4800000190734863,3.4800000190734863,3.4800000190734863,3.4800000190734863,304.0
2024-10-25 15:55:00+00:00,WDAY,237.9949951171875,237.9949951171875,238.0,237.82000732421875,238.0,11298.0
2024-10-25 15:55:00+00:00,WDC,69.33999633789062,69.33999633789062,69.61000061035156,69.32009887695312,69.61000061035156,139742.0
2024-10-25 15:55:00+00:00,WISA,1.934999942779541,1.934999942779541,1.9600000381469727,1.934999942779541,1.9500000476837158,2171.0
2024-10-25 15:55:00+00:00,WIX,164.0,164.0,164.3000030517578,164.0,164.3000030517578,3333.0
2024-10-25 15:55:00+00:00,WLDS,3.5399999618530273,3.5399999618530273,3.5399999618530273,3.5399999618530273,3.5399999618530273,134.0
2024-10-25 15:55:00+00:00,XPER,9.375,9.375,9.380000114440918,9.375,9.380000114440918,2856.0
2024-10-25 15:55:00+00:00,XRX,9.975000381469727,9.975000381469727,9.984999656677246,9.960000038146973,9.960000038146973,24265.0
2024-10-25 15:55:00+00:00,ZBRA,360.4800109863281,360.4800109863281,360.7300109863281,360.3800048828125,360.6700134277344,4425.0
2024-10-25 15:55:00+00:00,ZI,10.494999885559082,10.494999885559082,10.510000228881836,10.494999885559082,10.510000228881836,14099.0
2024-10-25 15:55:00+00:00,ZM,72.76000213623047,72.76000213623047,72.83999633789062,72.75,72.80999755859375,34300.0
2024-10-25 15:55:00+00:00,ZS,185.13999938964844,185.13999938964844,185.41000366210938,184.9774932861328,185.35000610351562,13738.0
2024-10-25 15:56:00+00:00,AAOI,17.459999084472656,17.459999084472656,17.489999771118164,17.459999084472656,17.479999542236328,10191.0
2024-10-25 15:56:00+00:00,AAPL,231.22999572753906,231.22999572753906,231.3699951171875,231.22999572753906,231.32000732421875,115939.0
2024-10-25 15:56:00+00:00,ACIW,48.8650016784668,48.8650016784668,48.88999938964844,48.779998779296875,48.779998779296875,9809.0
2024-10-25 15:56:00+00:00,ACLS,90.05999755859375,90.05999755859375,90.08000183105469,90.0,90.0,5146.0
2024-10-25 15:56:00+00:00,ACMR,19.434999465942383,19.434999465942383,19.479999542236328,19.43000030517578,19.479999542236328,9253.0
2024-10-25 15:56:00+00:00,ADBE,483.3599853515625,483.3599853515625,483.8800048828125,483.2200012207031,483.79998779296875,18031.0
2024-10-25 15:56:00+00:00,ADI,230.35000610351562,230.35000610351562,230.41000366210938,230.25,230.30999755859375,11636.0
2024-10-25 15:56:00+00:00,ADSK,286.1625061035156,286.1625061035156,286.32000732421875,286.1575012207031,286.3059997558594,8679.0
2024-10-25 15:56:00+00:00,ADTN,6.304999828338623,6.304999828338623,6.304999828338623,6.304999828338623,6.304999828338623,3744.0
2024-10-25 15:56:00+00:00,AEHR,16.92099952697754,16.92099952697754,16.93000030517578,16.920000076293945,16.93000030517578,4021.0
2024-10-25 15:56:00+00:00,AEYE,22.59000015258789,22.59000015258789,22.59000015258789,22.56999969482422,22.56999969482422,870.0
2024-10-25 15:56:00+00:00,AFRM,40.72999954223633,40.72999954223633,40.7599983215332,40.720001220703125,40.720001220703125,58320.0
2024-10-25 15:56:00+00:00,AKAM,101.94000244140625,101.94000244140625,101.9800033569336,101.93000030517578,101.96499633789062,13787.0
2024-10-25 15:56:00+00:00,AKTS,0.05959999933838844,0.05959999933838844,0.05959999933838844,0.05959999933838844,0.05959999933838844,147400.0
2024-10-25 15:56:00+00:00,ALGM,22.9950008392334,22.9950008392334,23.05500030517578,22.969999313354492,23.05500030517578,44548.0
2024-10-25 15:56:00+00:00,ALKT,38.2400016784668,38.2400016784668,38.2400016784668,38.220001220703125,38.23500061035156,4237.0
2024-10-25 15:56:00+00:00,ALRM,54.441001892089844,54.441001892089844,54.459999084472656,54.43000030517578,54.43000030517578,3011.0
2024-10-25 15:56:00+00:00,ALTR,103.55999755859375,103.55999755859375,103.56999969482422,103.51499938964844,103.55000305175781,6381.0
2024-10-25 15:56:00+00:00,AMAT,186.50999450683594,186.50999450683594,186.61000061035156,186.5,186.61000061035156,42423.0
2024-10-25 15:56:00+00:00,AMBA,57.810001373291016,57.810001373291016,57.810001373291016,57.75,57.755001068115234,1332.0
2024-10-25 15:56:00+00:00,AMD,156.30999755859375,156.30999755859375,156.4499969482422,156.3000030517578,156.4499969482422,99422.0
2024-10-25 15:56:00+00:00,AMKR,29.985000610351562,29.985000610351562,29.985000610351562,29.950000762939453,29.950000762939453,12679.0
2024-10-25 15:56:00+00:00,AMPL,9.130000114440918,9.130000114440918,9.135000228881836,9.114999771118164,9.114999771118164,4205.0
2024-10-25 15:56:00+00:00,ANSS,322.8299865722656,322.8299865722656,323.07000732421875,322.8299865722656,323.07000732421875,1375.0
2024-10-25 15:56:00+00:00,ANY,1.06659996509552,1.06659996509552,1.0700000524520874,1.06659996509552,1.0700000524520874,1978.0
2024-10-25 15:56:00+00:00,APP,161.5500030517578,161.5500030517578,161.72500610351562,161.5500030517578,161.68499755859375,26253.0
2024-10-25 15:56:00+00:00,APPF,212.74000549316406,212.74000549316406,212.97000122070312,212.6699981689453,212.9600067138672,11593.0
2024-10-25 15:56:00+00:00,APPN,32.349998474121094,32.349998474121094,32.36000061035156,32.345001220703125,32.36000061035156,2643.0
2024-10-25 15:56:00+00:00,APPS,3.075000047683716,3.075000047683716,3.075000047683716,3.075000047683716,3.075000047683716,1047.0
2024-10-25 15:56:00+00:00,ARRY,6.454999923706055,6.454999923706055,6.465000152587891,6.449999809265137,6.460000038146973,67500.0
2024-10-25 15:56:00+00:00,ASML,712.219970703125,712.219970703125,712.3049926757812,712.110107421875,712.1968994140625,10673.0
2024-10-25 15:56:00+00:00,ASUR,9.670000076293945,9.670000076293945,9.670000076293945,9.65999984741211,9.65999984741211,432.0
2024-10-25 15:56:00+00:00,ATOM,3.3499999046325684,3.3499999046325684,3.3499999046325684,3.3499999046325684,3.3499999046325684,495.0
2024-10-25 15:56:00+00:00,AUR,6.394999980926514,6.394999980926514,6.415999889373779,6.389999866485596,6.414999961853027,77462.0
2024-10-25 15:56:00+00:00,AVDX,8.050000190734863,8.050000190734863,8.0649995803833,8.045000076293945,8.0649995803833,41750.0
2024-10-25 15:56:00+00:00,AVGO,173.0500030517578,173.0500030517578,173.16000366210938,173.02999877929688,173.14500427246094,95616.0
2024-10-25 15:56:00+00:00,AVNW,20.709999084472656,20.709999084472656,20.71500015258789,20.709999084472656,20.71500015258789,623.0
2024-10-25 15:56:00+00:00,AVPT,11.984999656677246,11.984999656677246,11.994999885559082,11.979999542236328,11.994999885559082,6805.0
2024-10-25 15:56:00+00:00,AVT,53.88999938964844,53.88999938964844,53.900001525878906,53.86000061035156,53.869998931884766,10968.0
2024-10-25 15:56:00+00:00,AXTI,2.6649999618530273,2.6649999618530273,2.6649999618530273,2.6600000858306885,2.6649999618530273,3687.0
2024-10-25 15:56:00+00:00,AZPN,237.3800048828125,237.3800048828125,237.3800048828125,237.0749969482422,237.2100067138672,2782.0
2024-10-25 15:56:00+00:00,BAND,17.915000915527344,17.915000915527344,17.920000076293945,17.90999984741211,17.90999984741211,2136.0
2024-10-25 15:56:00+00:00,BCOV,2.2750000953674316,2.2750000953674316,2.2750000953674316,2.2750000953674316,2.2750000953674316,2267.0
2024-10-25 15:56:00+00:00,BELFB,78.69000244140625,78.69000244140625,78.69000244140625,78.69000244140625,78.69000244140625,655.0
2024-10-25 15:56:00+00:00,BIGC,5.255000114440918,5.255000114440918,5.255000114440918,5.25,5.25,1493.0
2024-10-25 15:56:00+00:00,BL,56.560001373291016,56.560001373291016,56.599998474121094,56.560001373291016,56.599998474121094,4538.0
2024-10-25 15:56:00+00:00,BLKB,85.5250015258789,85.5250015258789,85.5250015258789,85.5250015258789,85.5250015258789,362.0
2024-10-25 15:56:00+00:00,BLZE,7.184999942779541,7.184999942779541,7.184999942779541,7.179999828338623,7.179999828338623,993.0
2024-10-25 15:56:00+00:00,BMBL,7.15500020980835,7.15500020980835,7.15500020980835,7.139999866485596,7.139999866485596,40740.0
2024-10-25 15:56:00+00:00,BRZE,30.825000762939453,30.825000762939453,30.84000015258789,30.81999969482422,30.829999923706055,9013.0
2024-10-25 15:56:00+00:00,BSY,49.165000915527344,49.165000915527344,49.165000915527344,49.040000915527344,49.04499816894531,8442.0
2024-10-25 15:56:00+00:00,CAMT,78.0199966430664,78.0199966430664,78.0199966430664,77.9749984741211,77.98999786376953,2126.0
2024-10-25 15:56:00+00:00,CAN,0.973800003528595,0.973800003528595,0.975600004196167,0.9715999960899353,0.975600004196167,2810.0
2024-10-25 15:56:00+00:00,CCSI,20.190000534057617,20.190000534057617,20.19499969482422,20.190000534057617,20.19499969482422,710.0
2024-10-25 15:56:00+00:00,CDNS,257.2049865722656,257.2049865722656,257.260009765625,257.0899963378906,257.1600036621094,17539.0
2024-10-25 15:56:00+00:00,CDW,217.39999389648438,217.39999389648438,217.47000122070312,217.25999450683594,217.28500366210938,12412.0
2024-10-25 15:56:00+00:00,CETX,0.2874999940395355,0.2874999940395355,0.2874999940395355,0.28690001368522644,0.28700000047683716,8439.0
2024-10-25 15:56:00+00:00,CEVA,24.020000457763672,24.020000457763672,24.020000457763672,24.020000457763672,24.020000457763672,515.0
2024-10-25 15:56:00+00:00,CFLT,22.540000915527344,22.540000915527344,22.540000915527344,22.5,22.5,52716.0
2024-10-25 15:56:00+00:00,CGNT,6.630000114440918,6.630000114440918,6.635000228881836,6.630000114440918,6.635000228881836,1443.0
2024-10-25 15:56:00+00:00,CGNX,38.869998931884766,38.869998931884766,38.92499923706055,38.869998931884766,38.92499923706055,15671.0
2024-10-25 15:56:00+00:00,CHKP,206.77000427246094,206.77000427246094,206.86000061035156,206.72999572753906,206.85000610351562,6504.0
2024-10-25 15:56:00+00:00,CLBT,18.274999618530273,18.274999618530273,18.274999618530273,18.270000457763672,18.270000457763672,7325.0
2024-10-25 15:56:00+00:00,CLFD,36.349998474121094,36.349998474121094,36.349998474121094,36.34000015258789,36.349998474121094,830.0
2024-10-25 15:56:00+00:00,CLSK,11.354999542236328,11.354999542236328,11.386099815368652,11.350000381469727,11.381500244140625,184493.0
2024-10-25 15:56:00+00:00,CMTL,3.805000066757202,3.805000066757202,3.819999933242798,3.805000066757202,3.815000057220459,7501.0
2024-10-25 15:56:00+00:00,CNDT,3.5950000286102295,3.5950000286102295,3.5950000286102295,3.5950000286102295,3.5950000286102295,7192.0
2024-10-25 15:56:00+00:00,CNXC,44.439998626708984,44.439998626708984,44.439998626708984,44.3650016784668,44.380001068115234,10060.0
2024-10-25 15:56:00+00:00,COHR,95.87999725341797,95.87999725341797,95.91000366210938,95.7750015258789,95.7750015258789,31972.0
2024-10-25 15:56:00+00:00,COHU,25.90999984741211,25.90999984741211,25.90999984741211,25.889999389648438,25.899999618530273,4405.0
2024-10-25 15:56:00+00:00,COIN,205.61000061035156,205.61000061035156,205.91000366210938,205.61000061035156,205.6750030517578,25538.0
2024-10-25 15:56:00+00:00,COMM,6.224999904632568,6.224999904632568,6.224999904632568,6.210000038146973,6.210000038146973,20864.0
2024-10-25 15:56:00+00:00,CORZ,13.319999694824219,13.319999694824219,13.34000015258789,13.3100004196167,13.335000038146973,54186.0
2024-10-25 15:56:00+00:00,CRCT,6.534999847412109,6.534999847412109,6.545000076293945,6.534999847412109,6.545000076293945,2292.0
2024-10-25 15:56:00+00:00,CRDO,39.060001373291016,39.060001373291016,39.09000015258789,39.060001373291016,39.09000015258789,14518.0
2024-10-25 15:56:00+00:00,CRNC,2.940000057220459,2.940000057220459,2.940000057220459,2.924999952316284,2.930000066757202,8110.0
2024-10-25 15:56:00+00:00,CRNT,2.490000009536743,2.490000009536743,2.490000009536743,2.4800000190734863,2.4800000190734863,1639.0
2024-10-25 15:56:00+00:00,CRSR,6.304999828338623,6.304999828338623,6.304999828338623,6.304999828338623,6.304999828338623,131.0
2024-10-25 15:56:00+00:00,CRUS,122.20999908447266,122.20999908447266,122.31999969482422,122.20999908447266,122.31999969482422,4402.0
2024-10-25 15:56:00+00:00,CRWD,300.7850036621094,300.7850036621094,301.6050109863281,300.75,301.2799987792969,53588.0
2024-10-25 15:56:00+00:00,CSCO,55.724998474121094,55.724998474121094,55.75,55.720001220703125,55.744998931884766,82905.0
2024-10-25 15:56:00+00:00,CSGS,47.15999984741211,47.15999984741211,47.15999984741211,47.15999984741211,47.15999984741211,646.0
2024-10-25 15:56:00+00:00,CSIQ,13.369999885559082,13.369999885559082,13.375,13.350000381469727,13.354999542236328,14543.0
2024-10-25 15:56:00+00:00,CSPI,13.09000015258789,13.09000015258789,13.09000015258789,13.09000015258789,13.09000015258789,169.0
2024-10-25 15:56:00+00:00,CTLP,8.890000343322754,8.890000343322754,8.890000343322754,8.890000343322754,8.890000343322754,1495.0
2024-10-25 15:56:00+00:00,CTSH,74.76499938964844,74.76499938964844,74.77999877929688,74.74500274658203,74.74500274658203,28819.0
2024-10-25 15:56:00+00:00,CVLT,134.38999938964844,134.38999938964844,134.49249267578125,134.38999938964844,134.38999938964844,4873.0
2024-10-25 15:56:00+00:00,CYBR,290.1300048828125,290.1300048828125,290.364990234375,290.1300048828125,290.364990234375,1812.0
2024-10-25 15:56:00+00:00,DAKT,13.039999961853027,13.039999961853027,13.041999816894531,13.039999961853027,13.039999961853027,1381.0
2024-10-25 15:56:00+00:00,DATS,1.5901000499725342,1.5901000499725342,1.5950000286102295,1.590000033378601,1.5950000286102295,893.0
2024-10-25 15:56:00+00:00,DAVE,38.84000015258789,38.84000015258789,38.84000015258789,38.84000015258789,38.84000015258789,821.0
2024-10-25 15:56:00+00:00,DBX,26.059999465942383,26.059999465942383,26.059999465942383,26.040000915527344,26.045000076293945,31692.0
2024-10-25 15:56:00+00:00,DDOG,126.4000015258789,126.4000015258789,126.45020294189453,126.27999877929688,126.41000366210938,30561.0
2024-10-25 15:56:00+00:00,DGII,29.8799991607666,29.8799991607666,29.8799991607666,29.84000015258789,29.84000015258789,2937.0
2024-10-25 15:56:00+00:00,DIOD,64.75,64.75,64.79000091552734,64.68499755859375,64.68499755859375,8658.0
2024-10-25 15:56:00+00:00,DLO,8.859999656677246,8.859999656677246,8.859999656677246,8.854999542236328,8.854999542236328,2536.0
2024-10-25 15:56:00+00:00,DMRC,32.02009963989258,32.02009963989258,32.029998779296875,32.02009963989258,32.029998779296875,1018.0
2024-10-25 15:56:00+00:00,DOCU,69.05500030517578,69.05500030517578,69.08499908447266,69.04499816894531,69.04499816894531,40705.0
2024-10-25 15:56:00+00:00,DOMO,8.079999923706055,8.079999923706055,8.079999923706055,8.079999923706055,8.079999923706055,1069.0
2024-10-25 15:56:00+00:00,DOX,88.9000015258789,88.9000015258789,88.91000366210938,88.88999938964844,88.88999938964844,5390.0
2024-10-25 15:56:00+00:00,DSGX,104.11250305175781,104.11250305175781,104.19000244140625,104.11250305175781,104.19000244140625,3204.0
2024-10-25 15:56:00+00:00,DUOL,291.79998779296875,291.79998779296875,291.92999267578125,291.5450134277344,291.5450134277344,5585.0
2024-10-25 15:56:00+00:00,DUOT,4.199999809265137,4.199999809265137,4.199999809265137,4.175000190734863,4.190000057220459,1127.0
2024-10-25 15:56:00+00:00,EBON,5.75,5.75,5.75,5.75,5.75,849.0
2024-10-25 15:56:00+00:00,EEFT,100.36000061035156,100.36000061035156,100.45999908447266,100.36000061035156,100.37000274658203,5876.0
2024-10-25 15:56:00+00:00,EGAN,4.820000171661377,4.820000171661377,4.820000171661377,4.820000171661377,4.820000171661377,233.0
2024-10-25 15:56:00+00:00,EMKR,2.119999885559082,2.119999885559082,2.125,2.119999885559082,2.125,2209.0
2024-10-25 15:56:00+00:00,ENPH,83.66999816894531,83.66999816894531,83.69999694824219,83.61000061035156,83.63999938964844,44257.0
2024-10-25 15:56:00+00:00,ENTG,105.25,105.25,105.25,104.83999633789062,104.93499755859375,42382.0
2024-10-25 15:56:00+00:00,ERIC,8.46500015258789,8.46500015258789,8.46500015258789,8.460000038146973,8.460000038146973,43017.0
2024-10-25 15:56:00+00:00,EXLS,38.560001373291016,38.560001373291016,38.560001373291016,38.54999923706055,38.54999923706055,5348.0
2024-10-25 15:56:00+00:00,EXTR,14.350000381469727,14.350000381469727,14.359999656677246,14.34000015258789,14.354999542236328,13231.0
2024-10-25 15:56:00+00:00,FFIV,216.8800048828125,216.8800048828125,217.0399932861328,216.8800048828125,216.8800048828125,14866.0
2024-10-25 15:56:00+00:00,FIVN,29.635000228881836,29.635000228881836,29.649999618530273,29.604999542236328,29.649999618530273,28255.0
2024-10-25 15:56:00+00:00,FLEX,35.154998779296875,35.154998779296875,35.165000915527344,35.119998931884766,35.130001068115234,22647.0
2024-10-25 15:56:00+00:00,FLYW,17.309999465942383,17.309999465942383,17.309999465942383,17.295000076293945,17.295000076293945,10082.0
2024-10-25 15:56:00+00:00,FORM,44.84000015258789,44.84000015258789,44.84000015258789,44.79999923706055,44.79999923706055,2988.0
2024-10-25 15:56:00+00:00,FROG,29.260000228881836,29.260000228881836,29.260000228881836,29.229999542236328,29.239999771118164,7451.0
2024-10-25 15:56:00+00:00,FRSH,11.635000228881836,11.635000228881836,11.649999618530273,11.635000228881836,11.645000457763672,23256.0
2024-10-25 15:56:00+00:00,FSLR,198.44000244140625,198.44000244140625,198.44000244140625,198.19000244140625,198.19000244140625,9396.0
2024-10-25 15:56:00+00:00,FTCI,0.6675999760627747,0.6675999760627747,0.6675999760627747,0.6657999753952026,0.6657999753952026,2821.0
2024-10-25 15:56:00+00:00,FTNT,80.32499694824219,80.32499694824219,80.4000015258789,80.31999969482422,80.3949966430664,37468.0
2024-10-25 15:56:00+00:00,GCT,24.274999618530273,24.274999618530273,24.299999237060547,24.260000228881836,24.299999237060547,10254.0
2024-10-25 15:56:00+00:00,GDS,21.489999771118164,21.489999771118164,21.489999771118164,21.469999313354492,21.475000381469727,8734.0
2024-10-25 15:56:00+00:00,GDYN,15.619999885559082,15.619999885559082,15.630000114440918,15.619999885559082,15.619999885559082,1975.0
2024-10-25 15:56:00+00:00,GFS,40.529998779296875,40.529998779296875,40.529998779296875,40.369998931884766,40.404998779296875,47493.0
2024-10-25 15:56:00+00:00,GILT,4.929999828338623,4.929999828338623,4.929999828338623,4.929999828338623,4.929999828338623,549.0
2024-10-25 15:56:00+00:00,GNSS,3.890000104904175,3.890000104904175,3.8949999809265137,3.890000104904175,3.8949999809265137,1219.0
2024-10-25 15:56:00+00:00,GPRO,1.3049999475479126,1.3049999475479126,1.3049999475479126,1.2999999523162842,1.3049999475479126,3600.0
2024-10-25 15:56:00+00:00,GRAB,4.085000038146973,4.085000038146973,4.085999965667725,4.079999923706055,4.085000038146973,77531.0
2024-10-25 15:56:00+00:00,GRRR,4.449999809265137,4.449999809265137,4.449999809265137,4.449999809265137,4.449999809265137,1730.0
2024-10-25 15:56:00+00:00,GSIT,3.4000000953674316,3.4000000953674316,3.4000000953674316,3.3949999809265137,3.4000000953674316,500.0
2024-10-25 15:56:00+00:00,GTLB,55.029998779296875,55.029998779296875,55.08000183105469,55.0099983215332,55.08000183105469,13685.0
2024-10-25 15:56:00+00:00,HCKT,24.59000015258789,24.59000015258789,24.59000015258789,24.59000015258789,24.59000015258789,664.0
2024-10-25 15:56:00+00:00,HCP,33.689998626708984,33.689998626708984,33.689998626708984,33.66999816894531,33.66999816894531,19995.0
2024-10-25 15:56:00+00:00,HIMX,6.15500020980835,6.15500020980835,6.164999961853027,6.15500020980835,6.164999961853027,8034.0
2024-10-25 15:56:00+00:00,HLIT,14.800000190734863,14.800000190734863,14.8149995803833,14.800000190734863,14.8149995803833,3709.0
2024-10-25 15:56:00+00:00,HOLO,3.575000047683716,3.575000047683716,3.5797998905181885,3.575000047683716,3.5797998905181885,5249.0
2024-10-25 15:56:00+00:00,HOOD,27.075000762939453,27.075000762939453,27.09000015258789,27.06999969482422,27.084999084472656,52756.0
2024-10-25 15:56:00+00:00,IBEX,18.09000015258789,18.09000015258789,18.09000015258789,18.075000762939453,18.075000762939453,744.0
2024-10-25 15:56:00+00:00,ICHR,27.559999465942383,27.559999465942383,27.559999465942383,27.530000686645508,27.530000686645508,1887.0
2024-10-25 15:56:00+00:00,IIIV,22.90999984741211,22.90999984741211,22.90999984741211,22.899999618530273,22.899999618530273,2049.0
2024-10-25 15:56:00+00:00,IMMR,8.664999961853027,8.664999961853027,8.664999961853027,8.664999961853027,8.664999961853027,1146.0
2024-10-25 15:56:00+00:00,IMTE,1.6799999475479126,1.6799999475479126,1.6799999475479126,1.6799999475479126,1.6799999475479126,261.0
2024-10-25 15:56:00+00:00,INDI,3.484999895095825,3.484999895095825,3.484999895095825,3.484999895095825,3.484999895095825,2410.0
2024-10-25 15:56:00+00:00,INFN,6.769999980926514,6.769999980926514,6.775000095367432,6.769999980926514,6.775000095367432,912.0
2024-10-25 15:56:00+00:00,INOD,20.260000228881836,20.260000228881836,20.270000457763672,20.229999542236328,20.260000228881836,3981.0
2024-10-25 15:56:00+00:00,INSG,19.670000076293945,19.670000076293945,19.670000076293945,19.670000076293945,19.670000076293945,1284.0
2024-10-25 15:56:00+00:00,INTA,50.189998626708984,50.189998626708984,50.220001220703125,50.189998626708984,50.209999084472656,6408.0
2024-10-25 15:56:00+00:00,INTC,22.704999923706055,22.704999923706055,22.728300094604492,22.700000762939453,22.725000381469727,220763.0
2024-10-25 15:56:00+00:00,INTU,608.7999877929688,608.7999877929688,609.14501953125,608.7999877929688,609.14501953125,10257.0
2024-10-25 15:56:00+00:00,IPGP,76.81500244140625,76.81500244140625,76.82499694824219,76.80000305175781,76.80000305175781,2276.0
2024-10-25 15:56:00+00:00,ITRI,102.66999816894531,102.66999816894531,102.69000244140625,102.58000183105469,102.5875015258789,4565.0
2024-10-25 15:56:00+00:00,ITRN,27.433000564575195,27.433000564575195,27.440000534057617,27.433000564575195,27.440000534057617,575.0
2024-10-25 15:56:00+00:00,JAMF,16.7549991607666,16.7549991607666,16.7549991607666,16.7549991607666,16.7549991607666,2098.0
2024-10-25 15:56:00+00:00,JKHY,182.4199981689453,182.4199981689453,182.4600067138672,182.4199981689453,182.4600067138672,2972.0
2024-10-25 15:56:00+00:00,KARO,40.5,40.5,40.5,40.5,40.5,220.0
2024-10-25 15:56:00+00:00,KC,2.6649999618530273,2.6649999618530273,2.6649999618530273,2.6600000858306885,2.6649999618530273,6568.0
2024-10-25 15:56:00+00:00,KLAC,673.47998046875,673.47998046875,673.8900146484375,673.260009765625,673.3300170898438,5501.0
2024-10-25 15:56:00+00:00,KLIC,44.529998779296875,44.529998779296875,44.529998779296875,44.5,44.5099983215332,6339.0
2024-10-25 15:56:00+00:00,LASR,10.34000015258789,10.34000015258789,10.34000015258789,10.34000015258789,10.34000015258789,376.0
2024-10-25 15:56:00+00:00,LFUS,253.05999755859375,253.05999755859375,253.05999755859375,253.05999755859375,253.05999755859375,1288.0
2024-10-25 15:56:00+00:00,LITE,64.31999969482422,64.31999969482422,64.3499984741211,64.30999755859375,64.3499984741211,8480.0
2024-10-25 15:56:00+00:00,LOGI,80.73899841308594,80.73899841308594,80.73899841308594,80.69999694824219,80.7300033569336,8029.0
2024-10-25 15:56:00+00:00,LPSN,1.1649999618530273,1.1649999618530273,1.1649999618530273,1.159999966621399,1.159999966621399,5862.0
2024-10-25 15:56:00+00:00,LPTH,1.659999966621399,1.659999966621399,1.659999966621399,1.659999966621399,1.659999966621399,2624.0
2024-10-25 15:56:00+00:00,LRCX,77.68000030517578,77.68000030517578,77.7300033569336,77.66000366210938,77.69000244140625,98868.0
2024-10-25 15:56:00+00:00,LSAK,5.315000057220459,5.315000057220459,5.329899787902832,5.315000057220459,5.329899787902832,919.0
2024-10-25 15:56:00+00:00,LSCC,54.220001220703125,54.220001220703125,54.22999954223633,54.130001068115234,54.13999938964844,27019.0
2024-10-25 15:56:00+00:00,LYFT,13.475000381469727,13.475000381469727,13.489999771118164,13.470000267028809,13.470000267028809,148514.0
2024-10-25 15:56:00+00:00,LYTS,16.239999771118164,16.239999771118164,16.239999771118164,16.239999771118164,16.239999771118164,1352.0
2024-10-25 15:56:00+00:00,MANH,275.7099914550781,275.7099914550781,275.9599914550781,275.6700134277344,275.6700134277344,7085.0
2024-10-25 15:56:00+00:00,MAPS,0.8306000232696533,0.8306000232696533,0.8306000232696533,0.830299973487854,0.830299973487854,1807.0
2024-10-25 15:56:00+00:00,MAXN,5.707399845123291,5.707399845123291,5.710000038146973,5.707399845123291,5.710000038146973,655.0
2024-10-25 15:56:00+00:00,MCHP,76.41000366210938,76.41000366210938,76.43000030517578,76.38999938964844,76.43000030517578,31158.0
2024-10-25 15:56:00+00:00,MDB,268.5350036621094,268.5350036621094,269.0874938964844,268.4700012207031,269.0299987792969,8631.0
2024-10-25 15:56:00+00:00,MITK,8.755000114440918,8.755000114440918,8.760000228881836,8.75,8.760000228881836,2525.0
2024-10-25 15:56:00+00:00,MKSI,101.0,101.0,101.02999877929688,100.97000122070312,101.02999877929688,9191.0
2024-10-25 15:56:00+00:00,MKTW,0.574999988079071,0.574999988079071,0.5809999704360962,0.574999988079071,0.5809999704360962,7023.0
2024-10-25 15:56:00+00:00,MLAB,112.83999633789062,112.83999633789062,112.83999633789062,112.83999633789062,112.83999633789062,324.0
2024-10-25 15:56:00+00:00,MNDY,298.54998779296875,298.54998779296875,298.8399963378906,298.54998779296875,298.8399963378906,4914.0
2024-10-25 15:56:00+00:00,MOB,1.3739999532699585,1.3739999532699585,1.3739999532699585,1.3739999532699585,1.3739999532699585,5234.0
2024-10-25 15:56:00+00:00,MPWR,903.6367797851562,903.6367797851562,904.219970703125,903.02001953125,903.02001953125,5931.0
2024-10-25 15:56:00+00:00,MQ,5.304999828338623,5.304999828338623,5.309999942779541,5.304999828338623,5.304999828338623,30003.0
2024-10-25 15:56:00+00:00,MRAM,6.369999885559082,6.369999885559082,6.369999885559082,6.369999885559082,6.369999885559082,428.0
2024-10-25 15:56:00+00:00,MRVL,81.75,81.75,81.91999816894531,81.75,81.91500091552734,60464.0
2024-10-25 15:56:00+00:00,MSFT,427.6700134277344,427.6700134277344,427.8299865722656,427.5299987792969,427.67999267578125,60259.0
2024-10-25 15:56:00+00:00,MSTR,234.88499450683594,234.88499450683594,235.97000122070312,234.8300018310547,235.91000366210938,98431.0
2024-10-25 15:56:00+00:00,MTC,0.38040000200271606,0.38040000200271606,0.38040000200271606,0.38040000200271606,0.38040000200271606,1020.0
2024-10-25 15:56:00+00:00,MTLS,5.929999828338623,5.929999828338623,5.929999828338623,5.929999828338623,5.929999828338623,839.0
2024-10-25 15:56:00+00:00,MTSI,121.69000244140625,121.69000244140625,121.79000091552734,121.625,121.70999908447266,16020.0
2024-10-25 15:56:00+00:00,MTTR,4.59499979019165,4.59499979019165,4.59499979019165,4.590000152587891,4.59499979019165,19175.0
2024-10-25 15:56:00+00:00,MU,107.95500183105469,107.95500183105469,108.05999755859375,107.94999694824219,108.02999877929688,61978.0
2024-10-25 15:56:00+00:00,MVIS,1.0700000524520874,1.0700000524520874,1.0700000524520874,1.065000057220459,1.0700000524520874,15063.0
2024-10-25 15:56:00+00:00,MXL,14.885000228881836,14.885000228881836,14.90999984741211,14.885000228881836,14.895000457763672,23817.0
2024-10-25 15:56:00+00:00,NCNO,37.810001373291016,37.810001373291016,37.83000183105469,37.79800033569336,37.79800033569336,28060.0
2024-10-25 15:56:00+00:00,NEON,8.069999694824219,8.069999694824219,8.119999885559082,8.069999694824219,8.119999885559082,1345.0
2024-10-25 15:56:00+00:00,NICE,174.25,174.25,174.35000610351562,174.25,174.35000610351562,3180.0
2024-10-25 15:56:00+00:00,NNDM,2.319999933242798,2.319999933242798,2.325000047683716,2.319999933242798,2.3210999965667725,849.0
2024-10-25 15:56:00+00:00,NSIT,209.11000061035156,209.11000061035156,209.11000061035156,209.11000061035156,209.11000061035156,1790.0
2024-10-25 15:56:00+00:00,NSYS,12.220000267028809,12.220000267028809,12.220000267028809,12.220000267028809,12.220000267028809,300.0
2024-10-25 15:56:00+00:00,NTAP,119.52999877929688,119.52999877929688,119.55999755859375,119.5199966430664,119.54499816894531,13907.0
2024-10-25 15:56:00+00:00,NTCT,20.690000534057617,20.690000534057617,20.704999923706055,20.690000534057617,20.704999923706055,6456.0
2024-10-25 15:56:00+00:00,NTGR,20.190000534057617,20.190000534057617,20.229999542236328,20.190000534057617,20.229999542236328,2577.0
2024-10-25 15:56:00+00:00,NTNX,61.63999938964844,61.63999938964844,61.70000076293945,61.63999938964844,61.67610168457031,14064.0
2024-10-25 15:56:00+00:00,NVDA,141.60000610351562,141.60000610351562,141.72000122070312,141.55999755859375,141.5800018310547,492647.0
2024-10-25 15:56:00+00:00,NVEI,33.48500061035156,33.48500061035156,33.494998931884766,33.48500061035156,33.494998931884766,23341.0
2024-10-25 15:56:00+00:00,NVMI,184.5500030517578,184.5500030517578,184.5500030517578,184.5500030517578,184.5500030517578,1974.0
2024-10-25 15:56:00+00:00,NVTS,2.555000066757202,2.555000066757202,2.555000066757202,2.549999952316284,2.555000066757202,9492.0
2024-10-25 15:56:00+00:00,NXPI,243.08999633789062,243.08999633789062,243.2050018310547,243.02999877929688,243.0800018310547,19919.0
2024-10-25 15:56:00+00:00,OKTA,72.2300033569336,72.2300033569336,72.27999877929688,72.2300033569336,72.27999877929688,10845.0
2024-10-25 15:56:00+00:00,OLED,202.35000610351562,202.35000610351562,202.52999877929688,202.35000610351562,202.52999877929688,4086.0
2024-10-25 15:56:00+00:00,ON,71.32499694824219,71.32499694824219,71.33999633789062,71.23999786376953,71.28500366210938,77211.0
2024-10-25 15:56:00+00:00,OSIS,134.72500610351562,134.72500610351562,134.91000366210938,134.5500030517578,134.91000366210938,3727.0
2024-10-25 15:56:00+00:00,OSPN,14.5600004196167,14.5600004196167,14.5600004196167,14.545000076293945,14.545000076293945,1913.0
2024-10-25 15:56:00+00:00,OTEX,33.23500061035156,33.23500061035156,33.23500061035156,33.23500061035156,33.23500061035156,393.0
2024-10-25 15:56:00+00:00,PANW,366.05999755859375,366.05999755859375,366.18499755859375,366.0199890136719,366.0874938964844,7637.0
2024-10-25 15:56:00+00:00,PAYO,8.345000267028809,8.345000267028809,8.350000381469727,8.34000015258789,8.345000267028809,8313.0
2024-10-25 15:56:00+00:00,PAYS,3.700000047683716,3.700000047683716,3.700000047683716,3.700000047683716,3.700000047683716,288.0
2024-10-25 15:56:00+00:00,PCTY,173.6999969482422,173.6999969482422,173.6999969482422,173.58999633789062,173.58999633789062,2811.0
2024-10-25 15:56:00+00:00,PDFS,29.100000381469727,29.100000381469727,29.100000381469727,29.100000381469727,29.100000381469727,302.0
2024-10-25 15:56:00+00:00,PEGA,79.9000015258789,79.9000015258789,79.91999816894531,79.7699966430664,79.83999633789062,30242.0
2024-10-25 15:56:00+00:00,PEGY,4.659999847412109,4.659999847412109,4.679999828338623,4.659999847412109,4.659999847412109,3159.0
2024-10-25 15:56:00+00:00,PET,0.7900000214576721,0.7900000214576721,0.7900000214576721,0.7900000214576721,0.7900000214576721,312.0
2024-10-25 15:56:00+00:00,PGY,12.005000114440918,12.005000114440918,12.015000343322754,11.994999885559082,11.994999885559082,7676.0
2024-10-25 15:56:00+00:00,PHUN,10.479999542236328,10.479999542236328,10.508500099182129,10.449999809265137,10.508500099182129,28268.0
2024-10-25 15:56:00+00:00,PI,200.60699462890625,200.60699462890625,200.61000061035156,200.42999267578125,200.42999267578125,3643.0
2024-10-25 15:56:00+00:00,PLAB,23.56999969482422,23.56999969482422,23.56999969482422,23.549999237060547,23.549999237060547,3326.0
2024-10-25 15:56:00+00:00,PLUS,97.6500015258789,97.6500015258789,97.6500015258789,97.6500015258789,97.6500015258789,324.0
2024-10-25 15:56:00+00:00,PLXS,141.14999389648438,141.14999389648438,141.19000244140625,140.68499755859375,140.68499755859375,8617.0
2024-10-25 15:56:00+00:00,POET,3.8499999046325684,3.8499999046325684,3.8499999046325684,3.8499999046325684,3.8499999046325684,310.0
2024-10-25 15:56:00+00:00,POWI,63.0,63.0,63.08000183105469,63.0,63.04999923706055,5557.0
2024-10-25 15:56:00+00:00,PRCH,1.2899999618530273,1.2899999618530273,1.2949999570846558,1.2899999618530273,1.2949999570846558,1456.0
2024-10-25 15:56:00+00:00,PRGS,64.80999755859375,64.80999755859375,64.80999755859375,64.7300033569336,64.7300033569336,3367.0
2024-10-25 15:56:00+00:00,PRSO,1.8598999977111816,1.8598999977111816,1.8600000143051147,1.8598999977111816,1.8600000143051147,0.0
2024-10-25 15:56:00+00:00,PTC,186.97000122070312,186.97000122070312,186.97000122070312,186.88499450683594,186.91000366210938,9447.0
2024-10-25 15:56:00+00:00,PUBM,14.770000457763672,14.770000457763672,14.779999732971191,14.760000228881836,14.774999618530273,4561.0
2024-10-25 15:56:00+00:00,PXLW,0.7494000196456909,0.7494000196456909,0.7494000196456909,0.7473000288009644,0.7473000288009644,1680.0
2024-10-25 15:56:00+00:00,PYCR,14.354999542236328,14.354999542236328,14.364999771118164,14.354999542236328,14.364999771118164,7827.0
2024-10-25 15:56:00+00:00,QCOM,170.3350067138672,170.3350067138672,170.4600067138672,170.2899932861328,170.30999755859375,40158.0
2024-10-25 15:56:00+00:00,QLYS,121.1050033569336,121.1050033569336,121.22000122070312,120.9800033569336,121.11000061035156,10657.0
2024-10-25 15:56:00+00:00,QRVO,99.08999633789062,99.08999633789062,99.25,99.08999633789062,99.2300033569336,20777.0
2024-10-25 15:56:00+00:00,QUBT,1.0805000066757202,1.0805000066757202,1.0894999504089355,1.0805000066757202,1.0894999504089355,6985.0
2024-10-25 15:56:00+00:00,QUIK,8.619999885559082,8.619999885559082,8.619999885559082,8.619999885559082,8.619999885559082,716.0
2024-10-25 15:56:00+00:00,RCAT,2.7049999237060547,2.7049999237060547,2.7049999237060547,2.701200008392334,2.701200008392334,2549.0
2024-10-25 15:56:00+00:00,REKR,1.0750000476837158,1.0750000476837158,1.0750000476837158,1.0750000476837158,1.0750000476837158,1415.0
2024-10-25 15:56:00+00:00,RELL,14.024999618530273,14.024999618530273,14.024999618530273,14.024999618530273,14.024999618530273,1106.0
2024-10-25 15:56:00+00:00,RELY,14.774999618530273,14.774999618530273,14.779999732971191,14.774999618530273,14.774999618530273,9199.0
2024-10-25 15:56:00+00:00,RGTI,1.215000033378601,1.215000033378601,1.215000033378601,1.215000033378601,1.215000033378601,11031.0
2024-10-25 15:56:00+00:00,RIOT,9.654999732971191,9.654999732971191,9.670000076293945,9.65369987487793,9.664999961853027,100046.0
2024-10-25 15:56:00+00:00,RMBS,43.47999954223633,43.47999954223633,43.48500061035156,43.44499969482422,43.45000076293945,19077.0
2024-10-25 15:56:00+00:00,RMNI,1.7300000190734863,1.7300000190734863,1.7300000190734863,1.7200000286102295,1.725000023841858,1499.0
2024-10-25 15:56:00+00:00,RPAY,7.760000228881836,7.760000228881836,7.760000228881836,7.760000228881836,7.760000228881836,765.0
2024-10-25 15:56:00+00:00,RPD,38.900001525878906,38.900001525878906,38.959999084472656,38.900001525878906,38.959999084472656,3184.0
2024-10-25 15:56:00+00:00,RUM,5.675000190734863,5.675000190734863,5.685400009155273,5.675000190734863,5.685400009155273,7446.0
2024-10-25 15:56:00+00:00,RUN,14.375,14.375,14.385000228881836,14.350000381469727,14.364999771118164,80203.0
2024-10-25 15:56:00+00:00,RXT,2.484999895095825,2.484999895095825,2.484999895095825,2.4800000190734863,2.484999895095825,1021.0
2024-10-25 15:56:00+00:00,SANM,67.4000015258789,67.4000015258789,67.48999786376953,67.4000015258789,67.47000122070312,3710.0
2024-10-25 15:56:00+00:00,SATS,25.165000915527344,25.165000915527344,25.170000076293945,25.139999389648438,25.139999389648438,9802.0
2024-10-25 15:56:00+00:00,SCSC,44.869998931884766,44.869998931884766,44.869998931884766,44.84000015258789,44.84000015258789,3296.0
2024-10-25 15:56:00+00:00,SCWX,8.375,8.375,8.380000114440918,8.375,8.380000114440918,306.0
2024-10-25 15:56:00+00:00,SEDG,16.100000381469727,16.100000381469727,16.110000610351562,16.075000762939453,16.079999923706055,31268.0
2024-10-25 15:56:00+00:00,SHLS,5.184999942779541,5.184999942779541,5.185999870300293,5.179999828338623,5.179999828338623,41172.0
2024-10-25 15:56:00+00:00,SIMO,56.0,56.0,56.03499984741211,56.0,56.03499984741211,5980.0
2024-10-25 15:56:00+00:00,SITM,178.66000366210938,178.66000366210938,178.66000366210938,178.66000366210938,178.66000366210938,1158.0
2024-10-25 15:56:00+00:00,SKYT,10.445500373840332,10.445500373840332,10.449999809265137,10.444999694824219,10.449999809265137,1493.0
2024-10-25 15:56:00+00:00,SLAB,113.7699966430664,113.7699966430664,113.7699966430664,113.7699966430664,113.7699966430664,2491.0
2024-10-25 15:56:00+00:00,SMCI,47.31399917602539,47.31399917602539,47.369998931884766,47.30500030517578,47.36669921875,161919.0
2024-10-25 15:56:00+00:00,SMTC,45.58000183105469,45.58000183105469,45.65999984741211,45.56999969482422,45.630001068115234,23115.0
2024-10-25 15:56:00+00:00,SNPS,501.0799865722656,501.0799865722656,501.635009765625,501.0799865722656,501.625,6023.0
2024-10-25 15:56:00+00:00,SONO,12.755000114440918,12.755000114440918,12.774999618530273,12.75,12.75,24981.0
2024-10-25 15:56:00+00:00,SOUN,5.179999828338623,5.179999828338623,5.190000057220459,5.179999828338623,5.185999870300293,15598.0
2024-10-25 15:56:00+00:00,SPSC,170.98500061035156,170.98500061035156,171.00999450683594,170.98500061035156,170.99000549316406,1952.0
2024-10-25 15:56:00+00:00,SPT,26.889999389648438,26.889999389648438,26.90999984741211,26.8799991607666,26.90999984741211,4918.0
2024-10-25 15:56:00+00:00,SRAD,12.329999923706055,12.329999923706055,12.34000015258789,12.329999923706055,12.34000015258789,3012.0
2024-10-25 15:56:00+00:00,SSNC,70.1050033569336,70.1050033569336,70.13999938964844,70.0999984741211,70.13999938964844,58492.0
2024-10-25 15:56:00+00:00,SSYS,7.03000020980835,7.03000020980835,7.03000020980835,7.03000020980835,7.03000020980835,484.0
2024-10-25 15:56:00+00:00,STER,16.75,16.75,16.75,16.7450008392334,16.75,748.0
2024-10-25 15:56:00+00:00,STNE,11.4350004196167,11.4350004196167,11.439000129699707,11.425000190734863,11.425000190734863,22136.0
2024-10-25 15:56:00+00:00,STX,103.08499908447266,103.08499908447266,103.19999694824219,103.06999969482422,103.12000274658203,44033.0
2024-10-25 15:56:00+00:00,SURG,1.7400000095367432,1.7400000095367432,1.7400000095367432,1.7350000143051147,1.7400000095367432,1308.0
2024-10-25 15:56:00+00:00,SVRE,0.08129999786615372,0.08129999786615372,0.08129999786615372,0.08049999922513962,0.08049999922513962,18751.0
2024-10-25 15:56:00+00:00,SWKS,95.28500366210938,95.28500366210938,95.30999755859375,95.23149871826172,95.27999877929688,23031.0
2024-10-25 15:56:00+00:00,SYNA,72.08000183105469,72.08000183105469,72.08000183105469,72.05999755859375,72.05999755859375,3417.0
2024-10-25 15:56:00+00:00,SYTA,1.284999966621399,1.284999966621399,1.284999966621399,1.2699999809265137,1.284999966621399,16590.0
2024-10-25 15:56:00+00:00,TACT,4.150000095367432,4.150000095367432,4.150000095367432,4.150000095367432,4.150000095367432,4.0
2024-10-25 15:56:00+00:00,TASK,11.970000267028809,11.970000267028809,11.979999542236328,11.970000267028809,11.979999542236328,1135.0
2024-10-25 15:56:00+00:00,TEAM,188.55499267578125,188.55499267578125,188.6199951171875,188.53500366210938,188.6199951171875,26407.0
2024-10-25 15:56:00+00:00,TENB,41.720001220703125,41.720001220703125,41.72999954223633,41.70000076293945,41.70000076293945,7247.0
2024-10-25 15:56:00+00:00,TER,111.81500244140625,111.81500244140625,111.81500244140625,111.55999755859375,111.61250305175781,46995.0
2024-10-25 15:56:00+00:00,TLS,3.565000057220459,3.565000057220459,3.565000057220459,3.565000057220459,3.565000057220459,1031.0
2024-10-25 15:56:00+00:00,TRMB,60.900001525878906,60.900001525878906,60.93000030517578,60.869998931884766,60.869998931884766,12383.0
2024-10-25 15:56:00+00:00,TSEM,44.81999969482422,44.81999969482422,44.81999969482422,44.75,44.7599983215332,5670.0
2024-10-25 15:56:00+00:00,TTD,119.58999633789062,119.58999633789062,119.58999633789062,119.4000015258789,119.41000366210938,34831.0
2024-10-25 15:56:00+00:00,TTMI,19.575000762939453,19.575000762939453,19.600000381469727,19.56999969482422,19.600000381469727,11937.0
2024-10-25 15:56:00+00:00,TWKS,4.445000171661377,4.445000171661377,4.449999809265137,4.440000057220459,4.440000057220459,13007.0
2024-10-25 15:56:00+00:00,TXN,207.0399932861328,207.0399932861328,207.0800018310547,206.9600067138672,207.0,46130.0
2024-10-25 15:56:00+00:00,UCTT,35.60499954223633,35.60499954223633,35.619998931884766,35.58319854736328,35.619998931884766,5262.0
2024-10-25 15:56:00+00:00,VECO,29.295000076293945,29.295000076293945,29.299999237060547,29.290000915527344,29.299999237060547,4542.0
2024-10-25 15:56:00+00:00,VERI,3.4649999141693115,3.4649999141693115,3.4700000286102295,3.4649999141693115,3.4700000286102295,1279.0
2024-10-25 15:56:00+00:00,VERX,42.0,42.0,42.02000045776367,42.0,42.0099983215332,4217.0
2024-10-25 15:56:00+00:00,VIAV,9.149999618530273,9.149999618530273,9.149999618530273,9.135000228881836,9.135000228881836,12238.0
2024-10-25 15:56:00+00:00,VICR,46.25,46.25,46.25,46.1349983215332,46.13999938964844,6157.0
2024-10-25 15:56:00+00:00,VMEO,4.775000095367432,4.775000095367432,4.78000020980835,4.775000095367432,4.775000095367432,11379.0
2024-10-25 15:56:00+00:00,VNET,3.365000009536743,3.365000009536743,3.365000009536743,3.365000009536743,3.365000009536743,738.0
2024-10-25 15:56:00+00:00,VOXX,7.550000190734863,7.550000190734863,7.550000190734863,7.550000190734863,7.550000190734863,235.0
2024-10-25 15:56:00+00:00,VRNS,56.880001068115234,56.880001068115234,56.935001373291016,56.869998931884766,56.93000030517578,21140.0
2024-10-25 15:56:00+00:00,VRNT,21.825000762939453,21.825000762939453,21.84000015258789,21.81999969482422,21.81999969482422,6296.0
2024-10-25 15:56:00+00:00,VRSN,181.3000030517578,181.3000030517578,181.55999755859375,181.02000427246094,181.02000427246094,30131.0
2024-10-25 15:56:00+00:00,VSAT,10.225000381469727,10.225000381469727,10.225000381469727,10.210000038146973,10.210000038146973,10348.0
2024-10-25 15:56:00+00:00,VUZI,1.2900999784469604,1.2900999784469604,1.2900999784469604,1.2900999784469604,1.2900999784469604,2118.0
2024-10-25 15:56:00+00:00,WALD,3.494999885559082,3.494999885559082,3.5,3.484999895095825,3.490000009536743,2572.0
2024-10-25 15:56:00+00:00,WDAY,237.83999633789062,237.83999633789062,237.9949951171875,237.8300018310547,237.9949951171875,21018.0
2024-10-25 15:56:00+00:00,WDC,69.4000015258789,69.4000015258789,69.48999786376953,69.33000183105469,69.33999633789062,105355.0
2024-10-25 15:56:00+00:00,WISA,1.909999966621399,1.909999966621399,1.934999942779541,1.909999966621399,1.934999942779541,10242.0
2024-10-25 15:56:00+00:00,WIX,164.19000244140625,164.19000244140625,164.32000732421875,164.02000427246094,164.02999877929688,8675.0
2024-10-25 15:56:00+00:00,WRAP,1.8300000429153442,1.8300000429153442,1.8300000429153442,1.8300000429153442,1.8300000429153442,698.0
2024-10-25 15:56:00+00:00,XPER,9.380000114440918,9.380000114440918,9.380000114440918,9.375,9.375,1685.0
2024-10-25 15:56:00+00:00,XRX,9.975000381469727,9.975000381469727,9.97819995880127,9.970000267028809,9.975000381469727,10069.0
2024-10-25 15:56:00+00:00,ZBRA,360.4200134277344,360.4200134277344,360.45001220703125,360.30499267578125,360.45001220703125,3420.0
2024-10-25 15:56:00+00:00,ZI,10.489999771118164,10.489999771118164,10.494999885559082,10.484999656677246,10.494999885559082,24636.0
2024-10-25 15:56:00+00:00,ZM,72.70500183105469,72.70500183105469,72.76000213623047,72.69999694824219,72.76000213623047,26739.0
2024-10-25 15:56:00+00:00,ZS,185.0800018310547,185.0800018310547,185.23500061035156,185.07000732421875,185.2100067138672,7055.0
2024-10-25 15:57:00+00:00,AAOI,17.450000762939453,17.450000762939453,17.459999084472656,17.43910026550293,17.440000534057617,7128.0
2024-10-25 15:57:00+00:00,AAPL,231.25999450683594,231.25999450683594,231.34500122070312,231.19000244140625,231.22000122070312,157236.0
2024-10-25 15:57:00+00:00,ACIW,48.79999923706055,48.79999923706055,48.8650016784668,48.79999923706055,48.8650016784668,5559.0
2024-10-25 15:57:00+00:00,ACLS,90.05000305175781,90.05000305175781,90.16999816894531,90.02999877929688,90.06999969482422,10209.0
2024-10-25 15:57:00+00:00,ACMR,19.450000762939453,19.450000762939453,19.469999313354492,19.434999465942383,19.434999465942383,10794.0
2024-10-25 15:57:00+00:00,ADBE,483.19000244140625,483.19000244140625,483.3599853515625,483.1199951171875,483.32000732421875,13968.0
2024-10-25 15:57:00+00:00,ADI,230.22999572753906,230.22999572753906,230.3300018310547,230.22000122070312,230.22000122070312,12369.0
2024-10-25 15:57:00+00:00,ADSK,286.0150146484375,286.0150146484375,286.1099853515625,285.9599914550781,286.1099853515625,5563.0
2024-10-25 15:57:00+00:00,ADTN,6.275000095367432,6.275000095367432,6.300000190734863,6.275000095367432,6.300000190734863,4436.0
2024-10-25 15:57:00+00:00,AEHR,16.94499969482422,16.94499969482422,16.94499969482422,16.895000457763672,16.920000076293945,19204.0
2024-10-25 15:57:00+00:00,AEYE,22.674999237060547,22.674999237060547,22.674999237060547,22.600000381469727,22.600000381469727,2136.0
2024-10-25 15:57:00+00:00,AFRM,40.690101623535156,40.690101623535156,40.72999954223633,40.65999984741211,40.72999954223633,99294.0
2024-10-25 15:57:00+00:00,AGMH,1.7899999618530273,1.7899999618530273,1.7899999618530273,1.7899999618530273,1.7899999618530273,2134.0
2024-10-25 15:57:00+00:00,AGYS,110.08000183105469,110.08000183105469,110.08000183105469,109.93000030517578,109.94000244140625,4471.0
2024-10-25 15:57:00+00:00,AIP,6.835000038146973,6.835000038146973,6.835000038146973,6.829999923706055,6.829999923706055,391.0
2024-10-25 15:57:00+00:00,AKAM,102.00499725341797,102.00499725341797,102.01000213623047,101.93499755859375,101.93499755859375,12944.0
2024-10-25 15:57:00+00:00,AKTS,0.05900000035762787,0.05900000035762787,0.05959999933838844,0.05900000035762787,0.05959999933838844,0.0
2024-10-25 15:57:00+00:00,ALGM,22.959999084472656,22.959999084472656,22.989999771118164,22.94499969482422,22.989999771118164,23998.0
2024-10-25 15:57:00+00:00,ALKT,38.2400016784668,38.2400016784668,38.2400016784668,38.209999084472656,38.220001220703125,3207.0
2024-10-25 15:57:00+00:00,ALRM,54.41999816894531,54.41999816894531,54.45000076293945,54.41999816894531,54.45000076293945,5398.0
2024-10-25 15:57:00+00:00,ALTR,103.33999633789062,103.33999633789062,103.55999755859375,103.33999633789062,103.55999755859375,5563.0
2024-10-25 15:57:00+00:00,AMAT,186.60499572753906,186.60499572753906,186.64999389648438,186.5,186.50999450683594,50531.0
2024-10-25 15:57:00+00:00,AMBA,57.77000045776367,57.77000045776367,57.81999969482422,57.77000045776367,57.81999969482422,1606.0
2024-10-25 15:57:00+00:00,AMD,156.26499938964844,156.26499938964844,156.32989501953125,156.2100067138672,156.2899932861328,95597.0
2024-10-25 15:57:00+00:00,AMKR,29.94499969482422,29.94499969482422,29.985000610351562,29.940000534057617,29.985000610351562,14543.0
2024-10-25 15:57:00+00:00,AMPL,9.130000114440918,9.130000114440918,9.140000343322754,9.130000114440918,9.135000228881836,1454.0
2024-10-25 15:57:00+00:00,AMST,2.799999952316284,2.799999952316284,2.799999952316284,2.799999952316284,2.799999952316284,611.0
2024-10-25 15:57:00+00:00,ANSS,322.82000732421875,322.82000732421875,322.82000732421875,322.82000732421875,322.82000732421875,671.0
2024-10-25 15:57:00+00:00,ANY,1.0700000524520874,1.0700000524520874,1.0700000524520874,1.0700000524520874,1.0700000524520874,360.0
2024-10-25 15:57:00+00:00,AOSL,36.0,36.0,36.0,36.0,36.0,710.0
2024-10-25 15:57:00+00:00,APCX,0.7498999834060669,0.7498999834060669,0.7498999834060669,0.7498999834060669,0.7498999834060669,3536.0
2024-10-25 15:57:00+00:00,API,2.805000066757202,2.805000066757202,2.809999942779541,2.800299882888794,2.805000066757202,7224.0
2024-10-25 15:57:00+00:00,APP,161.6199951171875,161.6199951171875,161.67999267578125,161.5399932861328,161.55299377441406,29947.0
2024-10-25 15:57:00+00:00,APPF,212.22999572753906,212.22999572753906,212.86000061035156,212.22999572753906,212.75,10174.0
2024-10-25 15:57:00+00:00,APPN,32.31999969482422,32.31999969482422,32.36000061035156,32.31999969482422,32.36000061035156,4931.0
2024-10-25 15:57:00+00:00,APPS,3.075000047683716,3.075000047683716,3.075000047683716,3.069999933242798,3.075000047683716,12005.0
2024-10-25 15:57:00+00:00,ARQQ,7.070000171661377,7.070000171661377,7.070000171661377,7.070000171661377,7.070000171661377,454.0
2024-10-25 15:57:00+00:00,ARRY,6.454999923706055,6.454999923706055,6.460000038146973,6.454999923706055,6.454999923706055,32343.0
2024-10-25 15:57:00+00:00,ASML,712.02001953125,712.02001953125,712.3585815429688,711.6849975585938,712.3585815429688,12961.0
2024-10-25 15:57:00+00:00,ASNS,1.2999999523162842,1.2999999523162842,1.2999999523162842,1.2999999523162842,1.2999999523162842,204.0
2024-10-25 15:57:00+00:00,ASUR,9.699999809265137,9.699999809265137,9.699999809265137,9.654999732971191,9.654999732971191,1946.0
2024-10-25 15:57:00+00:00,ATOM,3.3499999046325684,3.3499999046325684,3.3499999046325684,3.3499999046325684,3.3499999046325684,200.0
2024-10-25 15:57:00+00:00,AUR,6.400000095367432,6.400000095367432,6.409999847412109,6.389999866485596,6.400000095367432,63727.0
2024-10-25 15:57:00+00:00,AVDX,8.0600004196167,8.0600004196167,8.0649995803833,8.050000190734863,8.050000190734863,38471.0
2024-10-25 15:57:00+00:00,AVGO,172.88999938964844,172.88999938964844,173.1125030517578,172.88999938964844,173.0449981689453,136644.0
2024-10-25 15:57:00+00:00,AVNW,20.704999923706055,20.704999923706055,20.704999923706055,20.700000762939453,20.700000762939453,1333.0
2024-10-25 15:57:00+00:00,AVPT,11.975000381469727,11.975000381469727,11.984999656677246,11.970000267028809,11.984999656677246,4540.0
2024-10-25 15:57:00+00:00,AVT,53.85499954223633,53.85499954223633,53.880001068115234,53.849998474121094,53.880001068115234,8034.0
2024-10-25 15:57:00+00:00,AXTI,2.6649999618530273,2.6649999618530273,2.6649999618530273,2.6649999618530273,2.6649999618530273,632.0
2024-10-25 15:57:00+00:00,AZPN,237.2899932861328,237.2899932861328,237.3000030517578,237.2899932861328,237.3000030517578,310.0
2024-10-25 15:57:00+00:00,BAND,17.889999389648438,17.889999389648438,17.90999984741211,17.889999389648438,17.90999984741211,4059.0
2024-10-25 15:57:00+00:00,BASE,16.280000686645508,16.280000686645508,16.309999465942383,16.280000686645508,16.309999465942383,2264.0
2024-10-25 15:57:00+00:00,BCOV,2.2750000953674316,2.2750000953674316,2.2750000953674316,2.2750000953674316,2.2750000953674316,2169.0
2024-10-25 15:57:00+00:00,BEEM,4.78000020980835,4.78000020980835,4.789999961853027,4.78000020980835,4.789999961853027,733.0
2024-10-25 15:57:00+00:00,BELFB,78.58000183105469,78.58000183105469,78.63999938964844,78.58000183105469,78.63999938964844,891.0
2024-10-25 15:57:00+00:00,BIGC,5.255000114440918,5.255000114440918,5.255000114440918,5.25,5.25,3553.0
2024-10-25 15:57:00+00:00,BL,56.5099983215332,56.5099983215332,56.55500030517578,56.5099983215332,56.54999923706055,5122.0
2024-10-25 15:57:00+00:00,BLKB,85.5199966430664,85.5199966430664,85.58000183105469,85.51000213623047,85.55000305175781,2375.0
2024-10-25 15:57:00+00:00,BLZE,7.184999942779541,7.184999942779541,7.184999942779541,7.184999942779541,7.184999942779541,490.0
2024-10-25 15:57:00+00:00,BMBL,7.119999885559082,7.119999885559082,7.15500020980835,7.119999885559082,7.150000095367432,31187.0
2024-10-25 15:57:00+00:00,BRZE,30.8700008392334,30.8700008392334,30.8700008392334,30.81999969482422,30.81999969482422,14580.0
2024-10-25 15:57:00+00:00,BSY,49.14500045776367,49.14500045776367,49.16999816894531,49.13999938964844,49.15999984741211,8291.0
2024-10-25 15:57:00+00:00,CAMT,77.91000366210938,77.91000366210938,78.01000213623047,77.91000366210938,78.01000213623047,5127.0
2024-10-25 15:57:00+00:00,CAN,0.9726999998092651,0.9726999998092651,0.9731000065803528,0.972100019454956,0.9731000065803528,3805.0
2024-10-25 15:57:00+00:00,CCSI,20.139999389648438,20.139999389648438,20.139999389648438,20.139999389648438,20.139999389648438,1320.0
2024-10-25 15:57:00+00:00,CDNS,257.1400146484375,257.1400146484375,257.1400146484375,256.9949951171875,257.0799865722656,24346.0
2024-10-25 15:57:00+00:00,CDW,217.22500610351562,217.22500610351562,217.38999938964844,217.1699981689453,217.3699951171875,13784.0
2024-10-25 15:57:00+00:00,CETX,0.28769999742507935,0.28769999742507935,0.28850001096725464,0.28769999742507935,0.28769999742507935,1230.0
2024-10-25 15:57:00+00:00,CEVA,23.979999542236328,23.979999542236328,23.979999542236328,23.979999542236328,23.979999542236328,400.0
2024-10-25 15:57:00+00:00,CFLT,22.549999237060547,22.549999237060547,22.55500030517578,22.520000457763672,22.540000915527344,31908.0
2024-10-25 15:57:00+00:00,CGNT,6.630000114440918,6.630000114440918,6.630000114440918,6.630000114440918,6.630000114440918,1043.0
2024-10-25 15:57:00+00:00,CGNX,38.86000061035156,38.86000061035156,38.8650016784668,38.84000015258789,38.8650016784668,15974.0
2024-10-25 15:57:00+00:00,CHKP,206.94000244140625,206.94000244140625,206.94000244140625,206.77000427246094,206.77000427246094,9045.0
2024-10-25 15:57:00+00:00,CLBT,18.2549991607666,18.2549991607666,18.274999618530273,18.25,18.274999618530273,11903.0
2024-10-25 15:57:00+00:00,CLFD,36.375,36.375,36.40999984741211,36.33000183105469,36.33000183105469,1326.0
2024-10-25 15:57:00+00:00,CLSK,11.34000015258789,11.34000015258789,11.358599662780762,11.3100004196167,11.354100227355957,281379.0
2024-10-25 15:57:00+00:00,CMTL,3.805000066757202,3.805000066757202,3.805000066757202,3.805000066757202,3.805000066757202,3234.0
2024-10-25 15:57:00+00:00,CNDT,3.5850000381469727,3.5850000381469727,3.5950000286102295,3.5799999237060547,3.5899999141693115,90385.0
2024-10-25 15:57:00+00:00,CNXC,44.4900016784668,44.4900016784668,44.4900016784668,44.439998626708984,44.439998626708984,10295.0
2024-10-25 15:57:00+00:00,CNXN,69.7300033569336,69.7300033569336,69.7300033569336,69.7300033569336,69.7300033569336,482.0
2024-10-25 15:57:00+00:00,COHR,95.91000366210938,95.91000366210938,95.91999816894531,95.84500122070312,95.87000274658203,26746.0
2024-10-25 15:57:00+00:00,COHU,25.8799991607666,25.8799991607666,25.899999618530273,25.8799991607666,25.899999618530273,1657.0
2024-10-25 15:57:00+00:00,COIN,205.44500732421875,205.44500732421875,205.60000610351562,205.3300018310547,205.60000610351562,32090.0
2024-10-25 15:57:00+00:00,COMM,6.220099925994873,6.220099925994873,6.224999904632568,6.21999979019165,6.21999979019165,8465.0
2024-10-25 15:57:00+00:00,CORZ,13.34000015258789,13.34000015258789,13.34000015258789,13.3100004196167,13.3100004196167,75080.0
2024-10-25 15:57:00+00:00,CRCT,6.525000095367432,6.525000095367432,6.534999847412109,6.525000095367432,6.534999847412109,1791.0
2024-10-25 15:57:00+00:00,CRDO,39.10499954223633,39.10499954223633,39.11000061035156,39.029998779296875,39.04999923706055,27346.0
2024-10-25 15:57:00+00:00,CRNC,2.930000066757202,2.930000066757202,2.934999942779541,2.924999952316284,2.934999942779541,12857.0
2024-10-25 15:57:00+00:00,CRNT,2.4700000286102295,2.4700000286102295,2.490000009536743,2.4700000286102295,2.490000009536743,4759.0
2024-10-25 15:57:00+00:00,CRSR,6.304999828338623,6.304999828338623,6.304999828338623,6.300000190734863,6.304999828338623,2662.0
2024-10-25 15:57:00+00:00,CRUS,122.16000366210938,122.16000366210938,122.2249984741211,122.12999725341797,122.19999694824219,4525.0
2024-10-25 15:57:00+00:00,CRWD,300.3399963378906,300.3399963378906,300.8999938964844,300.29998779296875,300.75,41464.0
2024-10-25 15:57:00+00:00,CSCO,55.724998474121094,55.724998474121094,55.72999954223633,55.70000076293945,55.720001220703125,87984.0
2024-10-25 15:57:00+00:00,CSGS,47.18000030517578,47.18000030517578,47.18000030517578,47.15999984741211,47.15999984741211,1155.0
2024-10-25 15:57:00+00:00,CSIQ,13.329999923706055,13.329999923706055,13.369999885559082,13.329999923706055,13.369999885559082,28992.0
2024-10-25 15:57:00+00:00,CSPI,13.047699928283691,13.047699928283691,13.047699928283691,13.047699928283691,13.047699928283691,1197.0
2024-10-25 15:57:00+00:00,CTSH,74.75499725341797,74.75499725341797,74.76499938964844,74.73500061035156,74.76499938964844,33820.0
2024-10-25 15:57:00+00:00,CVLT,134.30999755859375,134.30999755859375,134.40499877929688,134.22500610351562,134.3300018310547,2377.0
2024-10-25 15:57:00+00:00,CYBR,289.9100036621094,289.9100036621094,289.9100036621094,289.5350036621094,289.6050109863281,5728.0
2024-10-25 15:57:00+00:00,DAKT,13.022000312805176,13.022000312805176,13.050000190734863,13.022000312805176,13.039999961853027,3055.0
2024-10-25 15:57:00+00:00,DATS,1.600000023841858,1.600000023841858,1.600000023841858,1.600000023841858,1.600000023841858,3629.0
2024-10-25 15:57:00+00:00,DAVE,38.84000015258789,38.84000015258789,38.84000015258789,38.81999969482422,38.81999969482422,2398.0
2024-10-25 15:57:00+00:00,DBX,26.059999465942383,26.059999465942383,26.059999465942383,26.049999237060547,26.05500030517578,32180.0
2024-10-25 15:57:00+00:00,DDOG,126.45999908447266,126.45999908447266,126.45999908447266,126.33999633789062,126.38999938964844,30824.0
2024-10-25 15:57:00+00:00,DGHI,1.4800000190734863,1.4800000190734863,1.4800000190734863,1.4800000190734863,1.4800000190734863,985.0
2024-10-25 15:57:00+00:00,DGII,29.850000381469727,29.850000381469727,29.860000610351562,29.850000381469727,29.860000610351562,1549.0
2024-10-25 15:57:00+00:00,DIOD,64.75,64.75,64.75,64.70999908447266,64.70999908447266,1987.0
2024-10-25 15:57:00+00:00,DLO,8.854999542236328,8.854999542236328,8.854999542236328,8.850000381469727,8.854999542236328,3985.0
2024-10-25 15:57:00+00:00,DMRC,32.06999969482422,32.06999969482422,32.06999969482422,32.060001373291016,32.060001373291016,443.0
2024-10-25 15:57:00+00:00,DOCU,68.90499877929688,68.90499877929688,69.05500030517578,68.90499877929688,69.05500030517578,42494.0
2024-10-25 15:57:00+00:00,DOMO,8.079999923706055,8.079999923706055,8.079999923706055,8.074999809265137,8.079999923706055,2053.0
2024-10-25 15:57:00+00:00,DOX,88.88999938964844,88.88999938964844,88.9000015258789,88.88999938964844,88.88999938964844,2264.0
2024-10-25 15:57:00+00:00,DUOL,291.6199951171875,291.6199951171875,291.9100036621094,291.16009521484375,291.16009521484375,5372.0
2024-10-25 15:57:00+00:00,EEFT,100.41999816894531,100.41999816894531,100.49500274658203,100.375,100.375,5780.0
2024-10-25 15:57:00+00:00,EGAN,4.869999885559082,4.869999885559082,4.869999885559082,4.869999885559082,4.869999885559082,252.0
2024-10-25 15:57:00+00:00,ENPH,83.59500122070312,83.59500122070312,83.66000366210938,83.5250015258789,83.66000366210938,46488.0
2024-10-25 15:57:00+00:00,ENTG,105.12999725341797,105.12999725341797,105.32499694824219,105.08999633789062,105.25,32564.0
2024-10-25 15:57:00+00:00,ERIC,8.460000038146973,8.460000038146973,8.46500015258789,8.460000038146973,8.46500015258789,152632.0
2024-10-25 15:57:00+00:00,EXFY,1.715000033378601,1.715000033378601,1.7200000286102295,1.715000033378601,1.7200000286102295,1017.0
2024-10-25 15:57:00+00:00,EXLS,38.560001373291016,38.560001373291016,38.56999969482422,38.54999923706055,38.54999923706055,9154.0
2024-10-25 15:57:00+00:00,EXTR,14.345000267028809,14.345000267028809,14.354999542236328,14.345000267028809,14.350000381469727,18789.0
2024-10-25 15:57:00+00:00,FARO,17.934999465942383,17.934999465942383,17.934999465942383,17.934999465942383,17.934999465942383,393.0
2024-10-25 15:57:00+00:00,FFIV,216.85000610351562,216.85000610351562,216.9199981689453,216.8300018310547,216.8800048828125,16975.0
2024-10-25 15:57:00+00:00,FIVN,29.56999969482422,29.56999969482422,29.639999389648438,29.559999465942383,29.635000228881836,25486.0
2024-10-25 15:57:00+00:00,FLEX,35.17499923706055,35.17499923706055,35.18000030517578,35.14099884033203,35.154998779296875,21268.0
2024-10-25 15:57:00+00:00,FLYW,17.344999313354492,17.344999313354492,17.344999313354492,17.31999969482422,17.31999969482422,4905.0
2024-10-25 15:57:00+00:00,FORM,44.76499938964844,44.76499938964844,44.810001373291016,44.762001037597656,44.810001373291016,5764.0
2024-10-25 15:57:00+00:00,FROG,29.239999771118164,29.239999771118164,29.270000457763672,29.239999771118164,29.270000457763672,5811.0
2024-10-25 15:57:00+00:00,FRSH,11.635000228881836,11.635000228881836,11.640000343322754,11.630000114440918,11.635000228881836,10129.0
2024-10-25 15:57:00+00:00,FSLR,198.42999267578125,198.42999267578125,198.42999267578125,198.25999450683594,198.34500122070312,51783.0
2024-10-25 15:57:00+00:00,FTCI,0.6600000262260437,0.6600000262260437,0.6638000011444092,0.6600000262260437,0.6600000262260437,129306.0
2024-10-25 15:57:00+00:00,FTNT,80.26499938964844,80.26499938964844,80.31999969482422,80.26499938964844,80.31999969482422,60425.0
2024-10-25 15:57:00+00:00,GCT,24.270000457763672,24.270000457763672,24.299999237060547,24.260000228881836,24.274999618530273,25386.0
2024-10-25 15:57:00+00:00,GDS,21.489999771118164,21.489999771118164,21.5,21.489999771118164,21.489999771118164,9042.0
2024-10-25 15:57:00+00:00,GDYN,15.649999618530273,15.649999618530273,15.649999618530273,15.630000114440918,15.630000114440918,2976.0
2024-10-25 15:57:00+00:00,GFS,40.48500061035156,40.48500061035156,40.560001373291016,40.48500061035156,40.540000915527344,38864.0
2024-10-25 15:57:00+00:00,GILT,4.925000190734863,4.925000190734863,4.929999828338623,4.920000076293945,4.925000190734863,2399.0
2024-10-25 15:57:00+00:00,GNSS,3.8949999809265137,3.8949999809265137,3.8949999809265137,3.8949999809265137,3.8949999809265137,2479.0
2024-10-25 15:57:00+00:00,GPRO,1.3049999475479126,1.3049999475479126,1.3049999475479126,1.2999999523162842,1.2999999523162842,9015.0
2024-10-25 15:57:00+00:00,GRAB,4.085000038146973,4.085000038146973,4.085000038146973,4.079999923706055,4.085000038146973,111423.0
2024-10-25 15:57:00+00:00,GRRR,4.449999809265137,4.449999809265137,4.460000038146973,4.449999809265137,4.449999809265137,3737.0
2024-10-25 15:57:00+00:00,GSIT,3.3949999809265137,3.3949999809265137,3.3949999809265137,3.3949999809265137,3.3949999809265137,834.0
2024-10-25 15:57:00+00:00,GTLB,55.03499984741211,55.03499984741211,55.060001373291016,55.02000045776367,55.040000915527344,13817.0
2024-10-25 15:57:00+00:00,HCKT,24.584999084472656,24.584999084472656,24.584999084472656,24.584999084472656,24.584999084472656,929.0
2024-10-25 15:57:00+00:00,HCP,33.689998626708984,33.689998626708984,33.689998626708984,33.685001373291016,33.689998626708984,17412.0
2024-10-25 15:57:00+00:00,HEAR,16.399999618530273,16.399999618530273,16.399999618530273,16.399999618530273,16.399999618530273,1806.0
2024-10-25 15:57:00+00:00,HLIT,14.789999961853027,14.789999961853027,14.800000190734863,14.789999961853027,14.800000190734863,10439.0
2024-10-25 15:57:00+00:00,HOLO,3.5739998817443848,3.5739998817443848,3.578000068664551,3.572000026702881,3.574700117111206,2102.0
2024-10-25 15:57:00+00:00,HOOD,27.05500030517578,27.05500030517578,27.075000762939453,27.049999237060547,27.075000762939453,80836.0
2024-10-25 15:57:00+00:00,ICHR,27.579999923706055,27.579999923706055,27.579999923706055,27.540000915527344,27.559999465942383,2628.0
2024-10-25 15:57:00+00:00,IDN,2.440000057220459,2.440000057220459,2.440000057220459,2.430000066757202,2.430000066757202,5625.0
2024-10-25 15:57:00+00:00,IMMR,8.65999984741211,8.65999984741211,8.664999961853027,8.65999984741211,8.664999961853027,1509.0
2024-10-25 15:57:00+00:00,IMTE,1.6699999570846558,1.6699999570846558,1.6699999570846558,1.6699999570846558,1.6699999570846558,200.0
2024-10-25 15:57:00+00:00,IMXI,17.6200008392334,17.6200008392334,17.6200008392334,17.6200008392334,17.6200008392334,762.0
2024-10-25 15:57:00+00:00,INDI,3.484999895095825,3.484999895095825,3.4886999130249023,3.484999895095825,3.484999895095825,2943.0
2024-10-25 15:57:00+00:00,INOD,20.25,20.25,20.260000228881836,20.19099998474121,20.219999313354492,6713.0
2024-10-25 15:57:00+00:00,INTA,50.18000030517578,50.18000030517578,50.20000076293945,50.18000030517578,50.189998626708984,6911.0
2024-10-25 15:57:00+00:00,INTC,22.684999465942383,22.684999465942383,22.705900192260742,22.68000030517578,22.704999923706055,372743.0
2024-10-25 15:57:00+00:00,INTU,608.510009765625,608.510009765625,608.6400146484375,608.3300170898438,608.6400146484375,8757.0
2024-10-25 15:57:00+00:00,IPGP,76.8499984741211,76.8499984741211,76.87000274658203,76.80999755859375,76.81999969482422,3239.0
2024-10-25 15:57:00+00:00,ITI,7.195000171661377,7.195000171661377,7.199999809265137,7.190000057220459,7.190000057220459,3170.0
2024-10-25 15:57:00+00:00,ITRI,102.7300033569336,102.7300033569336,102.79499816894531,102.68499755859375,102.68499755859375,3599.0
2024-10-25 15:57:00+00:00,ITRN,27.450000762939453,27.450000762939453,27.450000762939453,27.433000564575195,27.433000564575195,1560.0
2024-10-25 15:57:00+00:00,JAMF,16.7549991607666,16.7549991607666,16.7549991607666,16.75,16.75,1657.0
2024-10-25 15:57:00+00:00,JKHY,182.33900451660156,182.33900451660156,182.42999267578125,182.3300018310547,182.42999267578125,4328.0
2024-10-25 15:57:00+00:00,KARO,40.0,40.0,40.38999938964844,40.0,40.310001373291016,1399.0
2024-10-25 15:57:00+00:00,KC,2.6649999618530273,2.6649999618530273,2.6649999618530273,2.6600000858306885,2.6649999618530273,11098.0
2024-10-25 15:57:00+00:00,KLAC,672.72998046875,672.72998046875,673.47998046875,672.72998046875,673.47998046875,17046.0
2024-10-25 15:57:00+00:00,KLIC,44.5,44.5,44.540000915527344,44.5,44.52000045776367,5620.0
2024-10-25 15:57:00+00:00,LASR,10.350000381469727,10.350000381469727,10.350000381469727,10.350000381469727,10.350000381469727,311.0
2024-10-25 15:57:00+00:00,LFUS,253.08999633789062,253.08999633789062,253.11000061035156,252.94000244140625,253.05499267578125,1371.0
2024-10-25 15:57:00+00:00,LITE,64.27999877929688,64.27999877929688,64.30999755859375,64.26000213623047,64.30999755859375,7672.0
2024-10-25 15:57:00+00:00,LOGI,80.75,80.75,80.76000213623047,80.72000122070312,80.72000122070312,5330.0
2024-10-25 15:57:00+00:00,LPSN,1.1549999713897705,1.1549999713897705,1.1649999618530273,1.1549999713897705,1.1649999618530273,27877.0
2024-10-25 15:57:00+00:00,LRCX,77.68499755859375,77.68499755859375,77.76000213623047,77.66010284423828,77.68499755859375,134160.0
2024-10-25 15:57:00+00:00,LSCC,54.244998931884766,54.244998931884766,54.27000045776367,54.185001373291016,54.21500015258789,31837.0
2024-10-25 15:57:00+00:00,LTRX,4.065000057220459,4.065000057220459,4.065000057220459,4.065000057220459,4.065000057220459,2518.0
2024-10-25 15:57:00+00:00,LYFT,13.4350004196167,13.4350004196167,13.479900360107422,13.430000305175781,13.475000381469727,261581.0
2024-10-25 15:57:00+00:00,MANH,275.5400085449219,275.5400085449219,275.6549987792969,275.5400085449219,275.6099853515625,3861.0
2024-10-25 15:57:00+00:00,MAPS,0.833299994468689,0.833299994468689,0.833299994468689,0.833299994468689,0.833299994468689,322.0
2024-10-25 15:57:00+00:00,MARK,0.10599999874830246,0.10599999874830246,0.10599999874830246,0.10599999874830246,0.10599999874830246,185.0
2024-10-25 15:57:00+00:00,MAXN,5.710000038146973,5.710000038146973,5.710000038146973,5.695000171661377,5.710000038146973,1261.0
2024-10-25 15:57:00+00:00,MCHP,76.43000030517578,76.43000030517578,76.44000244140625,76.37999725341797,76.41000366210938,27775.0
2024-10-25 15:57:00+00:00,MDB,268.7300109863281,268.7300109863281,268.7699890136719,268.30999755859375,268.5350036621094,13406.0
2024-10-25 15:57:00+00:00,MITK,8.755000114440918,8.755000114440918,8.760000228881836,8.755000114440918,8.755000114440918,2666.0
2024-10-25 15:57:00+00:00,MKSI,100.95999908447266,100.95999908447266,101.01000213623047,100.94000244140625,100.98999786376953,14328.0
2024-10-25 15:57:00+00:00,MKTW,0.574999988079071,0.574999988079071,0.574999988079071,0.574999988079071,0.574999988079071,360.0
2024-10-25 15:57:00+00:00,MLAB,112.80000305175781,112.80000305175781,112.80000305175781,112.73999786376953,112.80000305175781,2633.0
2024-10-25 15:57:00+00:00,MNDY,298.9100036621094,298.9100036621094,298.93499755859375,298.42999267578125,298.42999267578125,9327.0
2024-10-25 15:57:00+00:00,MPWR,903.3599853515625,903.3599853515625,904.094970703125,903.3499755859375,904.030029296875,3993.0
2024-10-25 15:57:00+00:00,MQ,5.304999828338623,5.304999828338623,5.309999942779541,5.304999828338623,5.304999828338623,20301.0
2024-10-25 15:57:00+00:00,MRAM,6.360000133514404,6.360000133514404,6.369999885559082,6.360000133514404,6.369999885559082,1146.0
2024-10-25 15:57:00+00:00,MRVL,81.69010162353516,81.69010162353516,81.78500366210938,81.68499755859375,81.75,82890.0
2024-10-25 15:57:00+00:00,MSFT,427.7699890136719,427.7699890136719,427.8599853515625,427.6099853515625,427.6700134277344,59639.0
2024-10-25 15:57:00+00:00,MSTR,233.82000732421875,233.82000732421875,234.91000366210938,233.82000732421875,234.86000061035156,176625.0
2024-10-25 15:57:00+00:00,MTC,0.37959998846054077,0.37959998846054077,0.37959998846054077,0.37959998846054077,0.37959998846054077,1913.0
2024-10-25 15:57:00+00:00,MTLS,5.949999809265137,5.949999809265137,5.949999809265137,5.940000057220459,5.940000057220459,2309.0
2024-10-25 15:57:00+00:00,MTSI,121.73500061035156,121.73500061035156,121.79000091552734,121.54000091552734,121.72000122070312,26958.0
2024-10-25 15:57:00+00:00,MTTR,4.59499979019165,4.59499979019165,4.59499979019165,4.59250020980835,4.59499979019165,8576.0
2024-10-25 15:57:00+00:00,MU,107.94999694824219,107.94999694824219,108.0199966430664,107.91999816894531,107.95600128173828,64511.0
2024-10-25 15:57:00+00:00,MVIS,1.0750000476837158,1.0750000476837158,1.0750000476837158,1.059999942779541,1.059999942779541,63580.0
2024-10-25 15:57:00+00:00,MXL,14.885000228881836,14.885000228881836,14.890000343322754,14.880000114440918,14.880000114440918,17798.0
2024-10-25 15:57:00+00:00,NCNO,37.814998626708984,37.814998626708984,37.81999969482422,37.80500030517578,37.814998626708984,12647.0
2024-10-25 15:57:00+00:00,NEON,8.069999694824219,8.069999694824219,8.074999809265137,8.069999694824219,8.074999809265137,664.0
2024-10-25 15:57:00+00:00,NICE,174.14999389648438,174.14999389648438,174.30999755859375,174.11000061035156,174.27999877929688,6562.0
2024-10-25 15:57:00+00:00,NNDM,2.325000047683716,2.325000047683716,2.325000047683716,2.325000047683716,2.325000047683716,560.0
2024-10-25 15:57:00+00:00,NSIT,208.7899932861328,208.7899932861328,208.7899932861328,208.7899932861328,208.7899932861328,381.0
2024-10-25 15:57:00+00:00,NSYS,12.170000076293945,12.170000076293945,12.170000076293945,12.170000076293945,12.170000076293945,200.0
2024-10-25 15:57:00+00:00,NTAP,119.41999816894531,119.41999816894531,119.52999877929688,119.41999816894531,119.52999877929688,15760.0
2024-10-25 15:57:00+00:00,NTCT,20.649999618530273,20.649999618530273,20.68000030517578,20.649999618530273,20.68000030517578,5371.0
2024-10-25 15:57:00+00:00,NTGR,20.190000534057617,20.190000534057617,20.19499969482422,20.18000030517578,20.19499969482422,1234.0
2024-10-25 15:57:00+00:00,NTNX,61.619998931884766,61.619998931884766,61.63999938964844,61.595001220703125,61.6349983215332,20312.0
2024-10-25 15:57:00+00:00,NVDA,141.5299072265625,141.5299072265625,141.63999938964844,141.4600067138672,141.60499572753906,667622.0
2024-10-25 15:57:00+00:00,NVEI,33.470001220703125,33.470001220703125,33.47999954223633,33.470001220703125,33.47999954223633,12856.0
2024-10-25 15:57:00+00:00,NVTS,2.555000066757202,2.555000066757202,2.5589001178741455,2.555000066757202,2.555000066757202,3711.0
2024-10-25 15:57:00+00:00,NXPI,243.02999877929688,243.02999877929688,243.1199951171875,243.0050048828125,243.08999633789062,11822.0
2024-10-25 15:57:00+00:00,OKTA,72.20500183105469,72.20500183105469,72.23999786376953,72.19499969482422,72.2300033569336,19000.0
2024-10-25 15:57:00+00:00,OLED,202.5399932861328,202.5399932861328,202.5399932861328,202.3300018310547,202.35000610351562,2694.0
2024-10-25 15:57:00+00:00,ON,71.2750015258789,71.2750015258789,71.31999969482422,71.23999786376953,71.31999969482422,71869.0
2024-10-25 15:57:00+00:00,OSIS,134.55999755859375,134.55999755859375,134.77999877929688,134.55999755859375,134.77999877929688,6345.0
2024-10-25 15:57:00+00:00,OSPN,14.5600004196167,14.5600004196167,14.569999694824219,14.5600004196167,14.5600004196167,802.0
2024-10-25 15:57:00+00:00,OSS,2.380000114440918,2.380000114440918,2.380000114440918,2.380000114440918,2.380000114440918,400.0
2024-10-25 15:57:00+00:00,OTEX,33.220001220703125,33.220001220703125,33.22999954223633,33.220001220703125,33.22999954223633,3210.0
2024-10-25 15:57:00+00:00,PANW,366.07000732421875,366.07000732421875,366.1600036621094,365.9599914550781,366.05999755859375,7379.0
2024-10-25 15:57:00+00:00,PAYO,8.345000267028809,8.345000267028809,8.350000381469727,8.34000015258789,8.345000267028809,15145.0
2024-10-25 15:57:00+00:00,PAYS,3.700000047683716,3.700000047683716,3.700000047683716,3.700000047683716,3.700000047683716,181.0
2024-10-25 15:57:00+00:00,PCTY,173.61000061035156,173.61000061035156,173.72999572753906,173.61000061035156,173.72999572753906,1833.0
2024-10-25 15:57:00+00:00,PDFS,29.114999771118164,29.114999771118164,29.1200008392334,29.114999771118164,29.1200008392334,527.0
2024-10-25 15:57:00+00:00,PEGA,79.8499984741211,79.8499984741211,79.91000366210938,79.83999633789062,79.88500213623047,18694.0
2024-10-25 15:57:00+00:00,PEGY,4.670000076293945,4.670000076293945,4.670000076293945,4.639999866485596,4.640100002288818,1433.0
2024-10-25 15:57:00+00:00,PGY,12.010000228881836,12.010000228881836,12.020000457763672,12.003999710083008,12.010000228881836,10605.0
2024-10-25 15:57:00+00:00,PHUN,10.524999618530273,10.524999618530273,10.526700019836426,10.468999862670898,10.478599548339844,76534.0
2024-10-25 15:57:00+00:00,PI,200.58999633789062,200.58999633789062,200.61000061035156,200.3699951171875,200.49000549316406,8263.0
2024-10-25 15:57:00+00:00,PLAB,23.579999923706055,23.579999923706055,23.579999923706055,23.55500030517578,23.56999969482422,3584.0
2024-10-25 15:57:00+00:00,PLUS,97.59500122070312,97.59500122070312,97.59500122070312,97.59500122070312,97.59500122070312,743.0
2024-10-25 15:57:00+00:00,PLXS,141.36000061035156,141.36000061035156,141.36000061035156,141.1699981689453,141.22000122070312,2737.0
2024-10-25 15:57:00+00:00,POET,3.8450000286102295,3.8450000286102295,3.8499999046325684,3.8350000381469727,3.8499999046325684,5764.0
2024-10-25 15:57:00+00:00,POWI,62.875,62.875,62.959999084472656,62.875,62.959999084472656,3745.0
2024-10-25 15:57:00+00:00,PRCH,1.2949999570846558,1.2949999570846558,1.2949999570846558,1.2949999570846558,1.2949999570846558,1248.0
2024-10-25 15:57:00+00:00,PRGS,64.83999633789062,64.83999633789062,64.83999633789062,64.81999969482422,64.81999969482422,3394.0
2024-10-25 15:57:00+00:00,PTC,186.8699951171875,186.8699951171875,186.97000122070312,186.8300018310547,186.97000122070312,11114.0
2024-10-25 15:57:00+00:00,PUBM,14.76099967956543,14.76099967956543,14.76099967956543,14.76099967956543,14.76099967956543,479.0
2024-10-25 15:57:00+00:00,PXLW,0.7494000196456909,0.7494000196456909,0.7494000196456909,0.7494000196456909,0.7494000196456909,1200.0
2024-10-25 15:57:00+00:00,PYCR,14.364999771118164,14.364999771118164,14.369999885559082,14.354999542236328,14.354999542236328,8749.0
2024-10-25 15:57:00+00:00,QCOM,170.35000610351562,170.35000610351562,170.42999267578125,170.27000427246094,170.3300018310547,42395.0
2024-10-25 15:57:00+00:00,QLYS,121.12999725341797,121.12999725341797,121.16999816894531,121.1050033569336,121.1050033569336,4172.0
2024-10-25 15:57:00+00:00,QRVO,98.94999694824219,98.94999694824219,99.11000061035156,98.94999694824219,99.0999984741211,32093.0
2024-10-25 15:57:00+00:00,QUBT,1.0850000381469727,1.0850000381469727,1.0850000381469727,1.0850000381469727,1.0850000381469727,1224.0
2024-10-25 15:57:00+00:00,QUIK,8.59000015258789,8.59000015258789,8.609999656677246,8.59000015258789,8.609999656677246,1668.0
2024-10-25 15:57:00+00:00,RCAT,2.694999933242798,2.694999933242798,2.700000047683716,2.694999933242798,2.700000047683716,7677.0
2024-10-25 15:57:00+00:00,RDWR,22.350000381469727,22.350000381469727,22.350000381469727,22.350000381469727,22.350000381469727,1251.0
2024-10-25 15:57:00+00:00,REKR,1.0750000476837158,1.0750000476837158,1.0800000429153442,1.0750000476837158,1.0800000429153442,2622.0
2024-10-25 15:57:00+00:00,RELY,14.78499984741211,14.78499984741211,14.795000076293945,14.774999618530273,14.779999732971191,27959.0
2024-10-25 15:57:00+00:00,RGTI,1.2200000286102295,1.2200000286102295,1.2200000286102295,1.2100000381469727,1.2145999670028687,33297.0
2024-10-25 15:57:00+00:00,RGTIW,0.16590000689029694,0.16590000689029694,0.16590000689029694,0.16590000689029694,0.16590000689029694,200.0
2024-10-25 15:57:00+00:00,RIOT,9.635000228881836,9.635000228881836,9.659799575805664,9.630000114440918,9.653400421142578,132100.0
2024-10-25 15:57:00+00:00,RMBS,43.47999954223633,43.47999954223633,43.47999954223633,43.459999084472656,43.47999954223633,14384.0
2024-10-25 15:57:00+00:00,RMNI,1.7300000190734863,1.7300000190734863,1.7300000190734863,1.7300000190734863,1.7300000190734863,532.0
2024-10-25 15:57:00+00:00,RPAY,7.78000020980835,7.78000020980835,7.78000020980835,7.755000114440918,7.755000114440918,14694.0
2024-10-25 15:57:00+00:00,RPD,38.84000015258789,38.84000015258789,38.8849983215332,38.84000015258789,38.8849983215332,2623.0
2024-10-25 15:57:00+00:00,RUM,5.679999828338623,5.679999828338623,5.679999828338623,5.670000076293945,5.675000190734863,2429.0
2024-10-25 15:57:00+00:00,RUN,14.354999542236328,14.354999542236328,14.375,14.350000381469727,14.375,47968.0
2024-10-25 15:57:00+00:00,RXT,2.4800000190734863,2.4800000190734863,2.484999895095825,2.4800000190734863,2.484999895095825,1379.0
2024-10-25 15:57:00+00:00,SANM,67.3949966430664,67.3949966430664,67.3949966430664,67.3949966430664,67.3949966430664,454.0
2024-10-25 15:57:00+00:00,SATS,25.110000610351562,25.110000610351562,25.15999984741211,25.110000610351562,25.15999984741211,10354.0
2024-10-25 15:57:00+00:00,SCSC,44.84000015258789,44.84000015258789,44.84000015258789,44.84000015258789,44.84000015258789,1077.0
2024-10-25 15:57:00+00:00,SCWX,8.375,8.375,8.375,8.375,8.375,2815.0
2024-10-25 15:57:00+00:00,SEDG,16.110000610351562,16.110000610351562,16.110000610351562,16.090099334716797,16.090099334716797,25547.0
2024-10-25 15:57:00+00:00,SHLS,5.175000190734863,5.175000190734863,5.179999828338623,5.170000076293945,5.179999828338623,36290.0
2024-10-25 15:57:00+00:00,SIMO,56.0,56.0,56.0,56.0,56.0,1360.0
2024-10-25 15:57:00+00:00,SITM,178.41000366210938,178.41000366210938,178.72999572753906,178.41000366210938,178.72999572753906,1526.0
2024-10-25 15:57:00+00:00,SKYT,10.444999694824219,10.444999694824219,10.444999694824219,10.442000389099121,10.444999694824219,1142.0
2024-10-25 15:57:00+00:00,SLAB,113.68000030517578,113.68000030517578,113.7699966430664,113.68000030517578,113.7699966430664,2187.0
2024-10-25 15:57:00+00:00,SLNH,3.9700000286102295,3.9700000286102295,3.9700000286102295,3.9700000286102295,3.9700000286102295,1800.0
2024-10-25 15:57:00+00:00,SMCI,47.279998779296875,47.279998779296875,47.33000183105469,47.220001220703125,47.316001892089844,249497.0
2024-10-25 15:57:00+00:00,SMSI,0.8009999990463257,0.8009999990463257,0.8009999990463257,0.800599992275238,0.800599992275238,307.0
2024-10-25 15:57:00+00:00,SMTC,45.474998474121094,45.474998474121094,45.56999969482422,45.45500183105469,45.56999969482422,17783.0
2024-10-25 15:57:00+00:00,SNPS,501.0299987792969,501.0299987792969,501.3299865722656,500.9700012207031,500.9700012207031,6634.0
2024-10-25 15:57:00+00:00,SONO,12.765000343322754,12.765000343322754,12.770000457763672,12.75,12.755000114440918,19035.0
2024-10-25 15:57:00+00:00,SOUN,5.179999828338623,5.179999828338623,5.190000057220459,5.179999828338623,5.179999828338623,42046.0
2024-10-25 15:57:00+00:00,SPNS,36.65999984741211,36.65999984741211,36.65999984741211,36.650001525878906,36.650001525878906,1320.0
2024-10-25 15:57:00+00:00,SPSC,170.77999877929688,170.77999877929688,170.97999572753906,170.6750030517578,170.97999572753906,11324.0
2024-10-25 15:57:00+00:00,SPT,26.850000381469727,26.850000381469727,26.899999618530273,26.850000381469727,26.899999618530273,8604.0
2024-10-25 15:57:00+00:00,SRAD,12.324999809265137,12.324999809265137,12.335000038146973,12.324999809265137,12.335000038146973,3120.0
2024-10-25 15:57:00+00:00,SSNC,70.1050033569336,70.1050033569336,70.1050033569336,70.0999984741211,70.1050033569336,28695.0
2024-10-25 15:57:00+00:00,SSTI,11.055000305175781,11.055000305175781,11.055000305175781,11.055000305175781,11.055000305175781,163.0
2024-10-25 15:57:00+00:00,SSYS,7.03000020980835,7.03000020980835,7.03000020980835,7.019999980926514,7.03000020980835,1482.0
2024-10-25 15:57:00+00:00,STER,16.75,16.75,16.75,16.7450008392334,16.7450008392334,1382.0
2024-10-25 15:57:00+00:00,STNE,11.4399995803833,11.4399995803833,11.444999694824219,11.430000305175781,11.430000305175781,55009.0
2024-10-25 15:57:00+00:00,STX,103.01000213623047,103.01000213623047,103.08999633789062,102.98999786376953,103.06999969482422,38545.0
2024-10-25 15:57:00+00:00,SURG,1.7400000095367432,1.7400000095367432,1.7400000095367432,1.7300000190734863,1.7300000190734863,3778.0
2024-10-25 15:57:00+00:00,SVRE,0.08089999854564667,0.08089999854564667,0.08089999854564667,0.08089999854564667,0.08089999854564667,906.0
2024-10-25 15:57:00+00:00,SWKS,95.16000366210938,95.16000366210938,95.2699966430664,95.16000366210938,95.2699966430664,14996.0
2024-10-25 15:57:00+00:00,SYNA,72.01000213623047,72.01000213623047,72.0250015258789,72.01000213623047,72.0250015258789,405.0
2024-10-25 15:57:00+00:00,SYTA,1.2799999713897705,1.2799999713897705,1.2899999618530273,1.2799999713897705,1.2799999713897705,27658.0
2024-10-25 15:57:00+00:00,TASK,11.970000267028809,11.970000267028809,11.970000267028809,11.970000267028809,11.970000267028809,505.0
2024-10-25 15:57:00+00:00,TEAM,188.4980010986328,188.4980010986328,188.5399932861328,188.4600067138672,188.5399932861328,18410.0
2024-10-25 15:57:00+00:00,TENB,41.689998626708984,41.689998626708984,41.724998474121094,41.68000030517578,41.724998474121094,13578.0
2024-10-25 15:57:00+00:00,TER,111.74250030517578,111.74250030517578,111.81999969482422,111.73999786376953,111.81009674072266,36861.0
2024-10-25 15:57:00+00:00,TLS,3.559999942779541,3.559999942779541,3.559999942779541,3.559999942779541,3.559999942779541,939.0
2024-10-25 15:57:00+00:00,TRMB,60.845001220703125,60.845001220703125,60.89500045776367,60.845001220703125,60.88999938964844,8230.0
2024-10-25 15:57:00+00:00,TSAT,13.09000015258789,13.09000015258789,13.09000015258789,13.09000015258789,13.09000015258789,492.0
2024-10-25 15:57:00+00:00,TSEM,44.80500030517578,44.80500030517578,44.81999969482422,44.80500030517578,44.81999969482422,2374.0
2024-10-25 15:57:00+00:00,TTD,119.5199966430664,119.5199966430664,119.62000274658203,119.5199966430664,119.58000183105469,36060.0
2024-10-25 15:57:00+00:00,TTEC,5.389999866485596,5.389999866485596,5.389999866485596,5.380000114440918,5.380000114440918,3893.0
2024-10-25 15:57:00+00:00,TTMI,19.56999969482422,19.56999969482422,19.579999923706055,19.559999465942383,19.570999145507812,14390.0
2024-10-25 15:57:00+00:00,TWKS,4.440000057220459,4.440000057220459,4.445000171661377,4.440000057220459,4.445000171661377,7103.0
2024-10-25 15:57:00+00:00,TXN,206.9149932861328,206.9149932861328,207.02999877929688,206.91000366210938,207.02999877929688,39809.0
2024-10-25 15:57:00+00:00,UCTT,35.58000183105469,35.58000183105469,35.60499954223633,35.560001373291016,35.59000015258789,6113.0
2024-10-25 15:57:00+00:00,UEIC,8.09000015258789,8.09000015258789,8.09000015258789,8.09000015258789,8.09000015258789,391.0
2024-10-25 15:57:00+00:00,VECO,29.28499984741211,29.28499984741211,29.290000915527344,29.280000686645508,29.290000915527344,6544.0
2024-10-25 15:57:00+00:00,VERB,10.979999542236328,10.979999542236328,10.979999542236328,10.979999542236328,10.979999542236328,111.0
2024-10-25 15:57:00+00:00,VERI,3.4649999141693115,3.4649999141693115,3.4700000286102295,3.4649999141693115,3.4700000286102295,4223.0
2024-10-25 15:57:00+00:00,VERX,41.9900016784668,41.9900016784668,42.0,41.974998474121094,41.974998474121094,5908.0
2024-10-25 15:57:00+00:00,VIAV,9.135000228881836,9.135000228881836,9.154999732971191,9.135000228881836,9.149999618530273,23372.0
2024-10-25 15:57:00+00:00,VICR,46.310001373291016,46.310001373291016,46.310001373291016,46.220001220703125,46.27000045776367,5285.0
2024-10-25 15:57:00+00:00,VMEO,4.78000020980835,4.78000020980835,4.78000020980835,4.769999980926514,4.775000095367432,4628.0
2024-10-25 15:57:00+00:00,VNET,3.365000009536743,3.365000009536743,3.365000009536743,3.359999895095825,3.365000009536743,2492.0
2024-10-25 15:57:00+00:00,VOXX,7.550000190734863,7.550000190734863,7.565000057220459,7.550000190734863,7.550000190734863,748.0
2024-10-25 15:57:00+00:00,VRNS,56.80500030517578,56.80500030517578,56.869998931884766,56.790000915527344,56.869998931884766,18286.0
2024-10-25 15:57:00+00:00,VRNT,21.864999771118164,21.864999771118164,21.8700008392334,21.829999923706055,21.829999923706055,8868.0
2024-10-25 15:57:00+00:00,VRSN,181.0399932861328,181.0399932861328,181.32000732421875,180.99000549316406,181.3000030517578,18827.0
2024-10-25 15:57:00+00:00,VSAT,10.239999771118164,10.239999771118164,10.25,10.220000267028809,10.225000381469727,15867.0
2024-10-25 15:57:00+00:00,VUZI,1.29830002784729,1.29830002784729,1.29830002784729,1.2900999784469604,1.2949999570846558,5026.0
2024-10-25 15:57:00+00:00,VVPR,0.8025000095367432,0.8025000095367432,0.8025000095367432,0.8025000095367432,0.8025000095367432,130.0
2024-10-25 15:57:00+00:00,WALD,3.509999990463257,3.509999990463257,3.509999990463257,3.509999990463257,3.509999990463257,202.0
2024-10-25 15:57:00+00:00,WDAY,237.6300048828125,237.6300048828125,237.81500244140625,237.6300048828125,237.81500244140625,22992.0
2024-10-25 15:57:00+00:00,WDC,69.375,69.375,69.43000030517578,69.33999633789062,69.40499877929688,113893.0
2024-10-25 15:57:00+00:00,WISA,1.9299999475479126,1.9299999475479126,1.9299999475479126,1.9004000425338745,1.909999966621399,5320.0
2024-10-25 15:57:00+00:00,WIX,164.22000122070312,164.22000122070312,164.33999633789062,164.08999633789062,164.25999450683594,1127.0
2024-10-25 15:57:00+00:00,WRAP,1.8200000524520874,1.8200000524520874,1.8200000524520874,1.8200000524520874,1.8200000524520874,307.0
2024-10-25 15:57:00+00:00,XPER,9.369999885559082,9.369999885559082,9.375,9.369999885559082,9.375,2276.0
2024-10-25 15:57:00+00:00,XRX,9.954999923706055,9.954999923706055,9.975000381469727,9.949999809265137,9.975000381469727,28327.0
2024-10-25 15:57:00+00:00,ZBRA,360.1099853515625,360.1099853515625,360.4200134277344,360.1099853515625,360.4200134277344,6000.0
2024-10-25 15:57:00+00:00,ZI,10.489999771118164,10.489999771118164,10.489999771118164,10.470000267028809,10.484999656677246,36666.0
2024-10-25 15:57:00+00:00,ZM,72.61499786376953,72.61499786376953,72.70999908447266,72.61499786376953,72.69999694824219,27850.0
2024-10-25 15:57:00+00:00,ZS,184.88999938964844,184.88999938964844,185.00999450683594,184.8699951171875,185.00999450683594,8449.0
2024-10-25 15:58:00+00:00,AAOI,17.434999465942383,17.434999465942383,17.45400047302246,17.40999984741211,17.45400047302246,9648.0
2024-10-25 15:58:00+00:00,AAPL,231.27999877929688,231.27999877929688,231.3563995361328,231.22000122070312,231.25999450683594,206539.0
2024-10-25 15:58:00+00:00,ACIW,48.79499816894531,48.79499816894531,48.79999923706055,48.779998779296875,48.79999923706055,6478.0
2024-10-25 15:58:00+00:00,ACLS,90.0199966430664,90.0199966430664,90.05500030517578,89.98999786376953,90.0199966430664,7789.0
2024-10-25 15:58:00+00:00,ACMR,19.44499969482422,19.44499969482422,19.450000762939453,19.440000534057617,19.450000762939453,4258.0
2024-10-25 15:58:00+00:00,ADBE,483.1400146484375,483.1400146484375,483.2950134277344,483.0799865722656,483.1650085449219,25711.0
2024-10-25 15:58:00+00:00,ADI,230.35499572753906,230.35499572753906,230.39999389648438,230.16000366210938,230.23500061035156,28084.0
2024-10-25 15:58:00+00:00,ADSK,286.0849914550781,286.0849914550781,286.0950012207031,285.989990234375,285.989990234375,14950.0
2024-10-25 15:58:00+00:00,ADTN,6.300000190734863,6.300000190734863,6.300000190734863,6.275000095367432,6.275000095367432,12879.0
2024-10-25 15:58:00+00:00,AEHR,16.93000030517578,16.93000030517578,16.94499969482422,16.920000076293945,16.94499969482422,11198.0
2024-10-25 15:58:00+00:00,AEYE,22.770000457763672,22.770000457763672,22.770000457763672,22.739999771118164,22.739999771118164,1367.0
2024-10-25 15:58:00+00:00,AFRM,40.66999816894531,40.66999816894531,40.70000076293945,40.665000915527344,40.689998626708984,86970.0
2024-10-25 15:58:00+00:00,AGMH,1.7999999523162842,1.7999999523162842,1.7999999523162842,1.7999999523162842,1.7999999523162842,353.0
2024-10-25 15:58:00+00:00,AGYS,110.22000122070312,110.22000122070312,110.22000122070312,110.22000122070312,110.22000122070312,1049.0
2024-10-25 15:58:00+00:00,AIP,6.829999923706055,6.829999923706055,6.829999923706055,6.829999923706055,6.829999923706055,469.0
2024-10-25 15:58:00+00:00,AKAM,101.95999908447266,101.95999908447266,102.0199966430664,101.95999908447266,102.00499725341797,18698.0
2024-10-25 15:58:00+00:00,AKTS,0.05900000035762787,0.05900000035762787,0.05900000035762787,0.05900000035762787,0.05900000035762787,4902.0
2024-10-25 15:58:00+00:00,ALGM,22.959999084472656,22.959999084472656,22.96500015258789,22.950000762939453,22.954999923706055,38168.0
2024-10-25 15:58:00+00:00,ALKT,38.23500061035156,38.23500061035156,38.25,38.220001220703125,38.220001220703125,6512.0
2024-10-25 15:58:00+00:00,ALLT,3.4655001163482666,3.4655001163482666,3.4655001163482666,3.4655001163482666,3.4655001163482666,151.0
2024-10-25 15:58:00+00:00,ALRM,54.369998931884766,54.369998931884766,54.41999816894531,54.369998931884766,54.40999984741211,5113.0
2024-10-25 15:58:00+00:00,ALTR,103.375,103.375,103.41000366210938,103.30999755859375,103.33999633789062,5157.0
2024-10-25 15:58:00+00:00,AMAT,186.58999633789062,186.58999633789062,186.6300048828125,186.5,186.58999633789062,46957.0
2024-10-25 15:58:00+00:00,AMBA,57.689998626708984,57.689998626708984,57.72999954223633,57.619998931884766,57.72999954223633,4126.0
2024-10-25 15:58:00+00:00,AMD,156.27499389648438,156.27499389648438,156.3000030517578,156.13999938964844,156.26499938964844,172016.0
2024-10-25 15:58:00+00:00,AMKR,29.924999237060547,29.924999237060547,29.940000534057617,29.915000915527344,29.940000534057617,15006.0
2024-10-25 15:58:00+00:00,AMPL,9.130000114440918,9.130000114440918,9.130000114440918,9.130000114440918,9.130000114440918,702.0
2024-10-25 15:58:00+00:00,AMST,2.799999952316284,2.799999952316284,2.799999952316284,2.799999952316284,2.799999952316284,298.0
2024-10-25 15:58:00+00:00,ANSS,322.81500244140625,322.81500244140625,322.8399963378906,322.81500244140625,322.8399963378906,3135.0
2024-10-25 15:58:00+00:00,ANY,1.0449999570846558,1.0449999570846558,1.065000057220459,1.0399999618530273,1.059999942779541,43963.0
2024-10-25 15:58:00+00:00,AOSL,35.97999954223633,35.97999954223633,35.97999954223633,35.97999954223633,35.97999954223633,1618.0
2024-10-25 15:58:00+00:00,API,2.799999952316284,2.799999952316284,2.800100088119507,2.799999952316284,2.799999952316284,9285.0
2024-10-25 15:58:00+00:00,APP,161.56500244140625,161.56500244140625,161.64999389648438,161.5399932861328,161.64999389648438,36606.0
2024-10-25 15:58:00+00:00,APPF,212.25,212.25,212.36000061035156,212.1649932861328,212.25,16113.0
2024-10-25 15:58:00+00:00,APPN,32.31999969482422,32.31999969482422,32.33000183105469,32.31999969482422,32.31999969482422,1818.0
2024-10-25 15:58:00+00:00,APPS,3.0850000381469727,3.0850000381469727,3.0850000381469727,3.075000047683716,3.075000047683716,17533.0
2024-10-25 15:58:00+00:00,ARRY,6.449999809265137,6.449999809265137,6.460000038146973,6.449999809265137,6.454999923706055,75677.0
2024-10-25 15:58:00+00:00,ASML,711.9299926757812,711.9299926757812,712.0599975585938,711.7100830078125,711.7100830078125,13754.0
2024-10-25 15:58:00+00:00,ASNS,1.2999999523162842,1.2999999523162842,1.2999999523162842,1.2999999523162842,1.2999999523162842,100.0
2024-10-25 15:58:00+00:00,ASUR,9.75,9.75,9.75,9.6899995803833,9.699999809265137,13866.0
2024-10-25 15:58:00+00:00,ATOM,3.3499999046325684,3.3499999046325684,3.3499999046325684,3.3499999046325684,3.3499999046325684,384.0
2024-10-25 15:58:00+00:00,AUR,6.40500020980835,6.40500020980835,6.409999847412109,6.394999980926514,6.394999980926514,56527.0
2024-10-25 15:58:00+00:00,AVDX,8.0649995803833,8.0649995803833,8.069999694824219,8.0649995803833,8.0649995803833,22701.0
2024-10-25 15:58:00+00:00,AVGO,172.7899932861328,172.7899932861328,172.91000366210938,172.77000427246094,172.8800048828125,188279.0
2024-10-25 15:58:00+00:00,AVNW,20.69499969482422,20.69499969482422,20.69499969482422,20.69499969482422,20.69499969482422,746.0
2024-10-25 15:58:00+00:00,AVPT,11.970000267028809,11.970000267028809,11.975000381469727,11.970000267028809,11.970000267028809,3109.0
2024-10-25 15:58:00+00:00,AVT,53.86000061035156,53.86000061035156,53.869998931884766,53.849998474121094,53.85499954223633,7783.0
2024-10-25 15:58:00+00:00,AZPN,237.2899932861328,237.2899932861328,237.2899932861328,237.27999877929688,237.27999877929688,2918.0
2024-10-25 15:58:00+00:00,BAND,17.860000610351562,17.860000610351562,17.8799991607666,17.860000610351562,17.8799991607666,3267.0
2024-10-25 15:58:00+00:00,BASE,16.299999237060547,16.299999237060547,16.309999465942383,16.290000915527344,16.290000915527344,3513.0
2024-10-25 15:58:00+00:00,BCOV,2.2750000953674316,2.2750000953674316,2.2750000953674316,2.2737998962402344,2.2737998962402344,2467.0
2024-10-25 15:58:00+00:00,BEEM,4.789999961853027,4.789999961853027,4.789999961853027,4.78000020980835,4.78000020980835,564.0
2024-10-25 15:58:00+00:00,BELFB,78.44999694824219,78.44999694824219,78.5,78.44999694824219,78.5,1723.0
2024-10-25 15:58:00+00:00,BIGC,5.255000114440918,5.255000114440918,5.255000114440918,5.25,5.255000114440918,2528.0
2024-10-25 15:58:00+00:00,BL,56.529998779296875,56.529998779296875,56.529998779296875,56.5,56.5,3502.0
2024-10-25 15:58:00+00:00,BLKB,85.55000305175781,85.55000305175781,85.55000305175781,85.55000305175781,85.55000305175781,846.0
2024-10-25 15:58:00+00:00,BLZE,7.175000190734863,7.175000190734863,7.179999828338623,7.170000076293945,7.179999828338623,1622.0
2024-10-25 15:58:00+00:00,BMBL,7.119999885559082,7.119999885559082,7.130000114440918,7.119999885559082,7.119999885559082,23075.0
2024-10-25 15:58:00+00:00,BRZE,30.8799991607666,30.8799991607666,30.889999389648438,30.860000610351562,30.8700008392334,21359.0
2024-10-25 15:58:00+00:00,BSY,49.150001525878906,49.150001525878906,49.185001373291016,49.150001525878906,49.150001525878906,13250.0
2024-10-25 15:58:00+00:00,CAMT,77.88500213623047,77.88500213623047,77.90750122070312,77.87000274658203,77.9000015258789,2401.0
2024-10-25 15:58:00+00:00,CAN,0.972000002861023,0.972000002861023,0.9726999998092651,0.972000002861023,0.972599983215332,22707.0
2024-10-25 15:58:00+00:00,CCSI,20.190000534057617,20.190000534057617,20.229999542236328,20.145000457763672,20.170000076293945,4909.0
2024-10-25 15:58:00+00:00,CDNS,257.1199951171875,257.1199951171875,257.17999267578125,257.0400085449219,257.0849914550781,41802.0
2024-10-25 15:58:00+00:00,CDW,216.94000244140625,216.94000244140625,217.22000122070312,216.94000244140625,217.1999969482422,19609.0
2024-10-25 15:58:00+00:00,CETX,0.2912999987602234,0.2912999987602234,0.2912999987602234,0.28790000081062317,0.28839999437332153,19402.0
2024-10-25 15:58:00+00:00,CEVA,23.969999313354492,23.969999313354492,23.969999313354492,23.969999313354492,23.969999313354492,465.0
2024-10-25 15:58:00+00:00,CFLT,22.540000915527344,22.540000915527344,22.545000076293945,22.524999618530273,22.540000915527344,43283.0
2024-10-25 15:58:00+00:00,CGNT,6.630000114440918,6.630000114440918,6.630000114440918,6.625,6.625,553.0
2024-10-25 15:58:00+00:00,CGNX,38.85499954223633,38.85499954223633,38.86000061035156,38.849998474121094,38.86000061035156,11738.0
2024-10-25 15:58:00+00:00,CHKP,207.0500030517578,207.0500030517578,207.11000061035156,206.8699951171875,206.9199981689453,14441.0
2024-10-25 15:58:00+00:00,CLBT,18.2549991607666,18.2549991607666,18.264999389648438,18.25,18.25,9775.0
2024-10-25 15:58:00+00:00,CLFD,36.435001373291016,36.435001373291016,36.439998626708984,36.400001525878906,36.435001373291016,1984.0
2024-10-25 15:58:00+00:00,CLSK,11.341400146484375,11.341400146484375,11.350000381469727,11.324999809265137,11.34000015258789,202259.0
2024-10-25 15:58:00+00:00,CNDT,3.5799999237060547,3.5799999237060547,3.5899999141693115,3.5799999237060547,3.5850000381469727,11744.0
2024-10-25 15:58:00+00:00,CNXC,44.51499938964844,44.51499938964844,44.529998779296875,44.4900016784668,44.5,11576.0
2024-10-25 15:58:00+00:00,CNXN,69.69000244140625,69.69000244140625,69.73500061035156,69.69000244140625,69.73500061035156,1004.0
2024-10-25 15:58:00+00:00,COHR,95.80999755859375,95.80999755859375,95.91999816894531,95.77999877929688,95.90499877929688,49184.0
2024-10-25 15:58:00+00:00,COHU,25.889999389648438,25.889999389648438,25.889999389648438,25.889999389648438,25.889999389648438,3002.0
2024-10-25 15:58:00+00:00,COIN,205.0399932861328,205.0399932861328,205.42999267578125,205.02999877929688,205.42999267578125,51269.0
2024-10-25 15:58:00+00:00,COMM,6.224999904632568,6.224999904632568,6.228700160980225,6.21999979019165,6.224999904632568,16512.0
2024-10-25 15:58:00+00:00,CORZ,13.324999809265137,13.324999809265137,13.345000267028809,13.324999809265137,13.34000015258789,91382.0
2024-10-25 15:58:00+00:00,CPTN,3.1489999294281006,3.1489999294281006,3.1489999294281006,3.1489999294281006,3.1489999294281006,271.0
2024-10-25 15:58:00+00:00,CRCT,6.514999866485596,6.514999866485596,6.527500152587891,6.514999866485596,6.519999980926514,1914.0
2024-10-25 15:58:00+00:00,CRDO,39.119998931884766,39.119998931884766,39.119998931884766,39.099998474121094,39.10499954223633,23691.0
2024-10-25 15:58:00+00:00,CRNC,2.9298999309539795,2.9298999309539795,2.9298999309539795,2.924999952316284,2.929800033569336,3778.0
2024-10-25 15:58:00+00:00,CRNT,2.4700000286102295,2.4700000286102295,2.4749999046325684,2.4700000286102295,2.4700000286102295,799.0
2024-10-25 15:58:00+00:00,CRSR,6.289999961853027,6.289999961853027,6.304999828338623,6.289999961853027,6.300000190734863,6254.0
2024-10-25 15:58:00+00:00,CRUS,122.1050033569336,122.1050033569336,122.18000030517578,122.05999755859375,122.12999725341797,9438.0
2024-10-25 15:58:00+00:00,CRWD,300.3299865722656,300.3299865722656,300.3900146484375,300.0799865722656,300.30999755859375,55449.0
2024-10-25 15:58:00+00:00,CSCO,55.72999954223633,55.72999954223633,55.75,55.720001220703125,55.724998474121094,135568.0
2024-10-25 15:58:00+00:00,CSGS,47.150001525878906,47.150001525878906,47.15999984741211,47.150001525878906,47.15999984741211,1716.0
2024-10-25 15:58:00+00:00,CSIQ,13.345000267028809,13.345000267028809,13.350000381469727,13.329999923706055,13.335000038146973,20716.0
2024-10-25 15:58:00+00:00,CTLP,8.890000343322754,8.890000343322754,8.890000343322754,8.885000228881836,8.890000343322754,6560.0
2024-10-25 15:58:00+00:00,CTSH,74.78500366210938,74.78500366210938,74.80500030517578,74.74500274658203,74.75499725341797,56192.0
2024-10-25 15:58:00+00:00,CVLT,134.10499572753906,134.10499572753906,134.22999572753906,134.10499572753906,134.22999572753906,4647.0
2024-10-25 15:58:00+00:00,CYBR,289.80999755859375,289.80999755859375,289.9599914550781,289.7950134277344,289.9599914550781,3251.0
2024-10-25 15:58:00+00:00,DAKT,13.01200008392334,13.01200008392334,13.022000312805176,13.010000228881836,13.022000312805176,2705.0
2024-10-25 15:58:00+00:00,DATS,1.600000023841858,1.600000023841858,1.600000023841858,1.600000023841858,1.600000023841858,0.0
2024-10-25 15:58:00+00:00,DAVE,38.820899963378906,38.820899963378906,38.880001068115234,38.81999969482422,38.84000015258789,4510.0
2024-10-25 15:58:00+00:00,DBX,26.024999618530273,26.024999618530273,26.065000534057617,26.024999618530273,26.059999465942383,147940.0
2024-10-25 15:58:00+00:00,DCBO,45.939998626708984,45.939998626708984,45.939998626708984,45.939998626708984,45.939998626708984,250.0
2024-10-25 15:58:00+00:00,DDOG,126.54000091552734,126.54000091552734,126.55000305175781,126.43000030517578,126.44999694824219,44891.0
2024-10-25 15:58:00+00:00,DGII,29.81999969482422,29.81999969482422,29.84000015258789,29.81999969482422,29.829999923706055,2134.0
2024-10-25 15:58:00+00:00,DIOD,64.68000030517578,64.68000030517578,64.72000122070312,64.61000061035156,64.72000122070312,4375.0
2024-10-25 15:58:00+00:00,DLO,8.854999542236328,8.854999542236328,8.854999542236328,8.84000015258789,8.850000381469727,26036.0
2024-10-25 15:58:00+00:00,DMRC,32.08000183105469,32.08000183105469,32.08000183105469,32.06999969482422,32.06999969482422,1641.0
2024-10-25 15:58:00+00:00,DOCU,68.97000122070312,68.97000122070312,68.9800033569336,68.90499877929688,68.90499877929688,40040.0
2024-10-25 15:58:00+00:00,DOMO,8.085000038146973,8.085000038146973,8.09000015258789,8.085000038146973,8.09000015258789,1295.0
2024-10-25 15:58:00+00:00,DOX,88.875,88.875,88.9000015258789,88.86000061035156,88.9000015258789,4642.0
2024-10-25 15:58:00+00:00,DSGX,104.1500015258789,104.1500015258789,104.1500015258789,104.1500015258789,104.1500015258789,1198.0
2024-10-25 15:58:00+00:00,DSP,11.4399995803833,11.4399995803833,11.449999809265137,11.4399995803833,11.449999809265137,1029.0
2024-10-25 15:58:00+00:00,DUOL,291.7799987792969,291.7799987792969,291.92999267578125,291.6300048828125,291.92999267578125,5086.0
2024-10-25 15:58:00+00:00,EBON,5.730000019073486,5.730000019073486,5.730000019073486,5.730000019073486,5.730000019073486,246.0
2024-10-25 15:58:00+00:00,EEFT,100.45999908447266,100.45999908447266,100.45999908447266,100.38999938964844,100.44000244140625,12070.0
2024-10-25 15:58:00+00:00,ELTK,10.4399995803833,10.4399995803833,10.4399995803833,10.4399995803833,10.4399995803833,505.0
2024-10-25 15:58:00+00:00,EMKR,2.1198999881744385,2.1198999881744385,2.119999885559082,2.1198999881744385,2.119999885559082,310.0
2024-10-25 15:58:00+00:00,ENPH,83.70999908447266,83.70999908447266,83.75,83.5999984741211,83.5999984741211,53809.0
2024-10-25 15:58:00+00:00,ENTG,105.19999694824219,105.19999694824219,105.20999908447266,105.0999984741211,105.16000366210938,25057.0
2024-10-25 15:58:00+00:00,ERIC,8.449999809265137,8.449999809265137,8.465999603271484,8.449999809265137,8.46500015258789,231086.0
2024-10-25 15:58:00+00:00,EVCM,10.420000076293945,10.420000076293945,10.420000076293945,10.420000076293945,10.420000076293945,181.0
2024-10-25 15:58:00+00:00,EXFY,1.7200000286102295,1.7200000286102295,1.7200000286102295,1.715000033378601,1.715000033378601,1545.0
2024-10-25 15:58:00+00:00,EXLS,38.55500030517578,38.55500030517578,38.560001373291016,38.54999923706055,38.55500030517578,4487.0
2024-10-25 15:58:00+00:00,EXTR,14.345000267028809,14.345000267028809,14.350000381469727,14.34000015258789,14.345000267028809,8795.0
2024-10-25 15:58:00+00:00,FARO,17.959999084472656,17.959999084472656,17.959999084472656,17.934999465942383,17.934999465942383,1157.0
2024-10-25 15:58:00+00:00,FFIV,216.8800048828125,216.8800048828125,216.92999267578125,216.82000732421875,216.875,13378.0
2024-10-25 15:58:00+00:00,FIVN,29.549999237060547,29.549999237060547,29.579999923706055,29.545000076293945,29.577999114990234,20375.0
2024-10-25 15:58:00+00:00,FLEX,35.185001373291016,35.185001373291016,35.189998626708984,35.16999816894531,35.18000030517578,36943.0
2024-10-25 15:58:00+00:00,FLYW,17.360000610351562,17.360000610351562,17.360000610351562,17.34000015258789,17.34000015258789,11887.0
2024-10-25 15:58:00+00:00,FORM,44.790000915527344,44.790000915527344,44.790000915527344,44.7599983215332,44.77000045776367,4610.0
2024-10-25 15:58:00+00:00,FROG,29.2450008392334,29.2450008392334,29.25,29.239999771118164,29.2450008392334,8391.0
2024-10-25 15:58:00+00:00,FRSH,11.630000114440918,11.630000114440918,11.640000343322754,11.630000114440918,11.635000228881836,34084.0
2024-10-25 15:58:00+00:00,FSLR,198.35000610351562,198.35000610351562,198.4600067138672,198.3000030517578,198.4600067138672,12201.0
2024-10-25 15:58:00+00:00,FTCI,0.6549999713897705,0.6549999713897705,0.6644999980926514,0.6549999713897705,0.6644999980926514,13894.0
2024-10-25 15:58:00+00:00,FTNT,80.26000213623047,80.26000213623047,80.2699966430664,80.2249984741211,80.26000213623047,61904.0
2024-10-25 15:58:00+00:00,GCT,24.239999771118164,24.239999771118164,24.274999618530273,24.220199584960938,24.274999618530273,18097.0
2024-10-25 15:58:00+00:00,GDS,21.500999450683594,21.500999450683594,21.510000228881836,21.479999542236328,21.4950008392334,11698.0
2024-10-25 15:58:00+00:00,GDYN,15.630000114440918,15.630000114440918,15.640000343322754,15.630000114440918,15.640000343322754,259.0
2024-10-25 15:58:00+00:00,GFS,40.459999084472656,40.459999084472656,40.4900016784668,40.43000030517578,40.4900016784668,69001.0
2024-10-25 15:58:00+00:00,GILT,4.925000190734863,4.925000190734863,4.925000190734863,4.925000190734863,4.925000190734863,541.0
2024-10-25 15:58:00+00:00,GNSS,3.8949999809265137,3.8949999809265137,3.8949999809265137,3.8949999809265137,3.8949999809265137,1792.0
2024-10-25 15:58:00+00:00,GPRO,1.3049999475479126,1.3049999475479126,1.3049999475479126,1.2999999523162842,1.3049999475479126,6087.0
2024-10-25 15:58:00+00:00,GRAB,4.085000038146973,4.085000038146973,4.090000152587891,4.079999923706055,4.085000038146973,118224.0
2024-10-25 15:58:00+00:00,GRRR,4.460000038146973,4.460000038146973,4.460000038146973,4.454999923706055,4.460000038146973,3008.0
2024-10-25 15:58:00+00:00,GSIT,3.390000104904175,3.390000104904175,3.390000104904175,3.390000104904175,3.390000104904175,668.0
2024-10-25 15:58:00+00:00,GTLB,55.05500030517578,55.05500030517578,55.06999969482422,55.032501220703125,55.040000915527344,11485.0
2024-10-25 15:58:00+00:00,GVP,4.602799892425537,4.602799892425537,4.605000019073486,4.599999904632568,4.605000019073486,9596.0
2024-10-25 15:58:00+00:00,HCP,33.67499923706055,33.67499923706055,33.689998626708984,33.66999816894531,33.685001373291016,85494.0
2024-10-25 15:58:00+00:00,HEAR,16.40999984741211,16.40999984741211,16.40999984741211,16.40999984741211,16.40999984741211,1513.0
2024-10-25 15:58:00+00:00,HIMX,6.15500020980835,6.15500020980835,6.158899784088135,6.150000095367432,6.150000095367432,5816.0
2024-10-25 15:58:00+00:00,HLIT,14.78499984741211,14.78499984741211,14.789999961853027,14.774999618530273,14.774999618530273,12807.0
2024-10-25 15:58:00+00:00,HOLO,3.5713000297546387,3.5713000297546387,3.5799999237060547,3.569999933242798,3.575000047683716,17604.0
2024-10-25 15:58:00+00:00,HOOD,27.05500030517578,27.05500030517578,27.059999465942383,27.049999237060547,27.05500030517578,84681.0
2024-10-25 15:58:00+00:00,HTCR,1.0399999618530273,1.0399999618530273,1.0499999523162842,1.0399999618530273,1.0499999523162842,1088.0
2024-10-25 15:58:00+00:00,IBEX,18.075000762939453,18.075000762939453,18.075000762939453,18.075000762939453,18.075000762939453,337.0
2024-10-25 15:58:00+00:00,ICHR,27.520000457763672,27.520000457763672,27.549999237060547,27.510000228881836,27.549999237060547,2112.0
2024-10-25 15:58:00+00:00,IDAI,0.22139999270439148,0.22139999270439148,0.22179999947547913,0.22139999270439148,0.22179999947547913,8000.0
2024-10-25 15:58:00+00:00,IDN,2.4600000381469727,2.4600000381469727,2.4600000381469727,2.4600000381469727,2.4600000381469727,410.0
2024-10-25 15:58:00+00:00,IIIV,22.8799991607666,22.8799991607666,22.889999389648438,22.8799991607666,22.889999389648438,1184.0
2024-10-25 15:58:00+00:00,IMMR,8.664999961853027,8.664999961853027,8.664999961853027,8.65999984741211,8.65999984741211,745.0
2024-10-25 15:58:00+00:00,IMOS,22.420000076293945,22.420000076293945,22.420000076293945,22.420000076293945,22.420000076293945,672.0
2024-10-25 15:58:00+00:00,IMTE,1.6202000379562378,1.6202000379562378,1.684000015258789,1.6202000379562378,1.6749999523162842,3841.0
2024-10-25 15:58:00+00:00,IMXI,17.6200008392334,17.6200008392334,17.6200008392334,17.6200008392334,17.6200008392334,227.0
2024-10-25 15:58:00+00:00,INDI,3.484999895095825,3.484999895095825,3.484999895095825,3.4800000190734863,3.484999895095825,4152.0
2024-10-25 15:58:00+00:00,INFN,6.770299911499023,6.770299911499023,6.775000095367432,6.770299911499023,6.775000095367432,3374.0
2024-10-25 15:58:00+00:00,INOD,20.31999969482422,20.31999969482422,20.31999969482422,20.25,20.25,7203.0
2024-10-25 15:58:00+00:00,INTA,50.22999954223633,50.22999954223633,50.2400016784668,50.16999816894531,50.16999816894531,11765.0
2024-10-25 15:58:00+00:00,INTC,22.68000030517578,22.68000030517578,22.699399948120117,22.673999786376953,22.684999465942383,404356.0
2024-10-25 15:58:00+00:00,INTU,608.739990234375,608.739990234375,608.8099975585938,608.39501953125,608.5599975585938,8125.0
2024-10-25 15:58:00+00:00,IPGP,76.80000305175781,76.80000305175781,76.81500244140625,76.72000122070312,76.77999877929688,3865.0
2024-10-25 15:58:00+00:00,ITI,7.190000057220459,7.190000057220459,7.195000171661377,7.190000057220459,7.190000057220459,1259.0
2024-10-25 15:58:00+00:00,ITRI,102.75,102.75,102.80000305175781,102.69999694824219,102.73999786376953,4496.0
2024-10-25 15:58:00+00:00,ITRN,27.469999313354492,27.469999313354492,27.469999313354492,27.450000762939453,27.450000762939453,2927.0
2024-10-25 15:58:00+00:00,JAMF,16.764999389648438,16.764999389648438,16.770000457763672,16.7549991607666,16.7549991607666,8629.0
2024-10-25 15:58:00+00:00,JKHY,182.27000427246094,182.27000427246094,182.3300018310547,182.24000549316406,182.3300018310547,5365.0
2024-10-25 15:58:00+00:00,KARO,40.0,40.0,40.0,40.0,40.0,554.0
2024-10-25 15:58:00+00:00,KC,2.6600000858306885,2.6600000858306885,2.6649999618530273,2.6600000858306885,2.6600000858306885,4955.0
2024-10-25 15:58:00+00:00,KLAC,673.10498046875,673.10498046875,673.10498046875,672.3350219726562,672.6400146484375,16615.0
2024-10-25 15:58:00+00:00,KLIC,44.54499816894531,44.54499816894531,44.54499816894531,44.502498626708984,44.505001068115234,8248.0
2024-10-25 15:58:00+00:00,KOPN,0.7685999870300293,0.7685999870300293,0.7685999870300293,0.7685999870300293,0.7685999870300293,200.0
2024-10-25 15:58:00+00:00,KOSS,7.25,7.25,7.25,7.25,7.25,300.0
2024-10-25 15:58:00+00:00,KVHI,4.650000095367432,4.650000095367432,4.650000095367432,4.650000095367432,4.650000095367432,275.0
2024-10-25 15:58:00+00:00,LASR,10.34000015258789,10.34000015258789,10.34000015258789,10.329999923706055,10.329999923706055,2156.0
2024-10-25 15:58:00+00:00,LFUS,252.93499755859375,252.93499755859375,253.07000732421875,252.9149932861328,253.0050048828125,1870.0
2024-10-25 15:58:00+00:00,LITE,64.31500244140625,64.31500244140625,64.31500244140625,64.24500274658203,64.28500366210938,15243.0
2024-10-25 15:58:00+00:00,LOGI,80.69499969482422,80.69499969482422,80.72000122070312,80.69499969482422,80.72000122070312,8581.0
2024-10-25 15:58:00+00:00,LPSN,1.149999976158142,1.149999976158142,1.149999976158142,1.149999976158142,1.149999976158142,974.0
2024-10-25 15:58:00+00:00,LRCX,77.76000213623047,77.76000213623047,77.77999877929688,77.63999938964844,77.66999816894531,216990.0
2024-10-25 15:58:00+00:00,LSAK,5.329999923706055,5.329999923706055,5.329999923706055,5.329999923706055,5.329999923706055,462.0
2024-10-25 15:58:00+00:00,LSCC,54.345001220703125,54.345001220703125,54.349998474121094,54.2400016784668,54.2400016784668,38671.0
2024-10-25 15:58:00+00:00,LTRX,4.059999942779541,4.059999942779541,4.059999942779541,4.059999942779541,4.059999942779541,357.0
2024-10-25 15:58:00+00:00,LUNA,1.8049999475479126,1.8049999475479126,1.8049999475479126,1.8049999475479126,1.8049999475479126,2483.0
2024-10-25 15:58:00+00:00,LYFT,13.425000190734863,13.425000190734863,13.4399995803833,13.420000076293945,13.4350004196167,307626.0
2024-10-25 15:58:00+00:00,MANH,275.6700134277344,275.6700134277344,275.6700134277344,275.5199890136719,275.5899963378906,6817.0
2024-10-25 15:58:00+00:00,MAPS,0.8335000276565552,0.8335000276565552,0.8335000276565552,0.8335000276565552,0.8335000276565552,217.0
2024-10-25 15:58:00+00:00,MAXN,5.710000038146973,5.710000038146973,5.710000038146973,5.706500053405762,5.710000038146973,624.0
2024-10-25 15:58:00+00:00,MCHP,76.45500183105469,76.45500183105469,76.45999908447266,76.38999938964844,76.42500305175781,49872.0
2024-10-25 15:58:00+00:00,MDB,268.7699890136719,268.7699890136719,268.8299865722656,268.6499938964844,268.7049865722656,16858.0
2024-10-25 15:58:00+00:00,MITK,8.755000114440918,8.755000114440918,8.760000228881836,8.75,8.755000114440918,5174.0
2024-10-25 15:58:00+00:00,MKSI,100.97000122070312,100.97000122070312,100.98500061035156,100.88999938964844,100.95999908447266,16049.0
2024-10-25 15:58:00+00:00,MKTW,0.5764999985694885,0.5764999985694885,0.5764999985694885,0.5764999985694885,0.5764999985694885,673.0
2024-10-25 15:58:00+00:00,MNDO,1.934999942779541,1.934999942779541,1.934999942779541,1.934999942779541,1.934999942779541,800.0
2024-10-25 15:58:00+00:00,MNDY,299.2900085449219,299.2900085449219,299.2900085449219,298.9700012207031,298.9700012207031,5514.0
2024-10-25 15:58:00+00:00,MOB,1.3799999952316284,1.3799999952316284,1.3799999952316284,1.3799999952316284,1.3799999952316284,3581.0
2024-10-25 15:58:00+00:00,MPWR,903.6849975585938,903.6849975585938,903.6849975585938,902.3900146484375,902.52001953125,6642.0
2024-10-25 15:58:00+00:00,MQ,5.304999828338623,5.304999828338623,5.309999942779541,5.304999828338623,5.309999942779541,50243.0
2024-10-25 15:58:00+00:00,MRAM,6.360000133514404,6.360000133514404,6.360000133514404,6.360000133514404,6.360000133514404,1350.0
2024-10-25 15:58:00+00:00,MRVL,81.70500183105469,81.70500183105469,81.75,81.67500305175781,81.69499969482422,85797.0
2024-10-25 15:58:00+00:00,MSFT,427.92999267578125,427.92999267578125,428.0199890136719,427.7250061035156,427.760009765625,296284.0
2024-10-25 15:58:00+00:00,MSTR,233.74000549316406,233.74000549316406,234.27999877929688,233.52000427246094,233.8300018310547,196594.0
2024-10-25 15:58:00+00:00,MTC,0.3815999925136566,0.3815999925136566,0.3815999925136566,0.3815999925136566,0.3815999925136566,3758.0
2024-10-25 15:58:00+00:00,MTLS,5.949999809265137,5.949999809265137,5.949999809265137,5.949999809265137,5.949999809265137,1294.0
2024-10-25 15:58:00+00:00,MTSI,121.75,121.75,121.83000183105469,121.72000122070312,121.73500061035156,23438.0
2024-10-25 15:58:00+00:00,MTTR,4.585000038146973,4.585000038146973,4.605000019073486,4.579999923706055,4.59250020980835,262489.0
2024-10-25 15:58:00+00:00,MU,107.93000030517578,107.93000030517578,107.96869659423828,107.91999816894531,107.94499969482422,112074.0
2024-10-25 15:58:00+00:00,MVIS,1.0750000476837158,1.0750000476837158,1.0774999856948853,1.0750000476837158,1.0750000476837158,1871.0
2024-10-25 15:58:00+00:00,MXL,14.854999542236328,14.854999542236328,14.885000228881836,14.850000381469727,14.885000228881836,20833.0
2024-10-25 15:58:00+00:00,NCNO,37.814998626708984,37.814998626708984,37.845001220703125,37.814998626708984,37.81999969482422,18327.0
2024-10-25 15:58:00+00:00,NEON,8.050000190734863,8.050000190734863,8.069999694824219,8.050000190734863,8.050000190734863,1214.0
2024-10-25 15:58:00+00:00,NICE,174.10000610351562,174.10000610351562,174.14500427246094,174.10000610351562,174.13999938964844,2348.0
2024-10-25 15:58:00+00:00,NNDM,2.315000057220459,2.315000057220459,2.325000047683716,2.315000057220459,2.325000047683716,23256.0
2024-10-25 15:58:00+00:00,NSIT,208.55999755859375,208.55999755859375,208.7100067138672,208.5500030517578,208.7100067138672,4126.0
2024-10-25 15:58:00+00:00,NTAP,119.43499755859375,119.43499755859375,119.44000244140625,119.4000015258789,119.42500305175781,26806.0
2024-10-25 15:58:00+00:00,NTCT,20.6299991607666,20.6299991607666,20.649999618530273,20.6299991607666,20.639999389648438,8263.0
2024-10-25 15:58:00+00:00,NTGR,20.200000762939453,20.200000762939453,20.209999084472656,20.200000762939453,20.200000762939453,2074.0
2024-10-25 15:58:00+00:00,NTNX,61.564998626708984,61.564998626708984,61.63999938964844,61.564998626708984,61.625,19485.0
2024-10-25 15:58:00+00:00,NVDA,141.49000549316406,141.49000549316406,141.55599975585938,141.47999572753906,141.52059936523438,627380.0
2024-10-25 15:58:00+00:00,NVEC,76.63999938964844,76.63999938964844,76.63999938964844,76.56999969482422,76.56999969482422,506.0
2024-10-25 15:58:00+00:00,NVEI,33.5,33.5,33.5,33.470001220703125,33.470001220703125,26364.0
2024-10-25 15:58:00+00:00,NVTS,2.549999952316284,2.549999952316284,2.555000066757202,2.549999952316284,2.555000066757202,4064.0
2024-10-25 15:58:00+00:00,NXPI,243.3800048828125,243.3800048828125,243.3800048828125,242.89999389648438,243.0050048828125,48185.0
2024-10-25 15:58:00+00:00,OKTA,72.20500183105469,72.20500183105469,72.22000122070312,72.19999694824219,72.20500183105469,15909.0
2024-10-25 15:58:00+00:00,OLED,202.3249969482422,202.3249969482422,202.38999938964844,202.1199951171875,202.32000732421875,6702.0
2024-10-25 15:58:00+00:00,ON,71.2750015258789,71.2750015258789,71.28500366210938,71.23999786376953,71.2750015258789,132882.0
2024-10-25 15:58:00+00:00,OSIS,134.38999938964844,134.38999938964844,134.60000610351562,134.38999938964844,134.60000610351562,5181.0
2024-10-25 15:58:00+00:00,OSPN,14.569999694824219,14.569999694824219,14.569999694824219,14.5600004196167,14.5600004196167,3595.0
2024-10-25 15:58:00+00:00,OSS,2.380000114440918,2.380000114440918,2.380000114440918,2.380000114440918,2.380000114440918,1024.0
2024-10-25 15:58:00+00:00,OTEX,33.220001220703125,33.220001220703125,33.22999954223633,33.220001220703125,33.220001220703125,4020.0
2024-10-25 15:58:00+00:00,PANW,366.0799865722656,366.0799865722656,366.3949890136719,366.0299987792969,366.07000732421875,13852.0
2024-10-25 15:58:00+00:00,PAYO,8.345000267028809,8.345000267028809,8.350000381469727,8.34000015258789,8.345000267028809,11735.0
2024-10-25 15:58:00+00:00,PAYS,3.700000047683716,3.700000047683716,3.700000047683716,3.694999933242798,3.694999933242798,2486.0
2024-10-25 15:58:00+00:00,PCTY,173.64999389648438,173.64999389648438,173.72000122070312,173.61500549316406,173.67999267578125,3431.0
2024-10-25 15:58:00+00:00,PDFS,29.110000610351562,29.110000610351562,29.114999771118164,29.110000610351562,29.114999771118164,935.0
2024-10-25 15:58:00+00:00,PEGA,79.94000244140625,79.94000244140625,79.95999908447266,79.86000061035156,79.86000061035156,29552.0
2024-10-25 15:58:00+00:00,PEGY,4.704999923706055,4.704999923706055,4.730000019073486,4.670000076293945,4.690000057220459,13139.0
2024-10-25 15:58:00+00:00,PGY,12.010000228881836,12.010000228881836,12.010000228881836,12.0,12.005000114440918,9115.0
2024-10-25 15:58:00+00:00,PHUN,10.57349967956543,10.57349967956543,10.60990047454834,10.520000457763672,10.520000457763672,95607.0
2024-10-25 15:58:00+00:00,PI,200.52499389648438,200.52499389648438,200.7100067138672,200.50999450683594,200.5800018310547,27817.0
2024-10-25 15:58:00+00:00,PLAB,23.59000015258789,23.59000015258789,23.59000015258789,23.56999969482422,23.56999969482422,4227.0
2024-10-25 15:58:00+00:00,PLUS,97.55500030517578,97.55500030517578,97.55500030517578,97.55000305175781,97.55000305175781,1134.0
2024-10-25 15:58:00+00:00,PLXS,141.2550048828125,141.2550048828125,141.32000732421875,141.10000610351562,141.25999450683594,9998.0
2024-10-25 15:58:00+00:00,POET,3.84879994392395,3.84879994392395,3.84879994392395,3.84879994392395,3.84879994392395,687.0
2024-10-25 15:58:00+00:00,POWI,62.8650016784668,62.8650016784668,62.91999816894531,62.8650016784668,62.88999938964844,6386.0
2024-10-25 15:58:00+00:00,PRCH,1.2999999523162842,1.2999999523162842,1.2999999523162842,1.2949999570846558,1.2999999523162842,1893.0
2024-10-25 15:58:00+00:00,PRGS,64.86499786376953,64.86499786376953,64.86499786376953,64.83000183105469,64.83999633789062,4195.0
2024-10-25 15:58:00+00:00,PTC,186.9250030517578,186.9250030517578,186.94000244140625,186.8300018310547,186.8699951171875,14347.0
2024-10-25 15:58:00+00:00,PUBM,14.765000343322754,14.765000343322754,14.770000457763672,14.760000228881836,14.765000343322754,1132.0
2024-10-25 15:58:00+00:00,PXLW,0.7494000196456909,0.7494000196456909,0.7494000196456909,0.7494000196456909,0.7494000196456909,1262.0
2024-10-25 15:58:00+00:00,PYCR,14.364999771118164,14.364999771118164,14.369999885559082,14.359999656677246,14.369999885559082,10927.0
2024-10-25 15:58:00+00:00,QCOM,170.30499267578125,170.30499267578125,170.36500549316406,170.24000549316406,170.33999633789062,55999.0
2024-10-25 15:58:00+00:00,QLYS,121.02999877929688,121.02999877929688,121.12000274658203,120.95999908447266,121.12000274658203,7624.0
2024-10-25 15:58:00+00:00,QMCO,4.96999979019165,4.96999979019165,4.96999979019165,4.96999979019165,4.96999979019165,304.0
2024-10-25 15:58:00+00:00,QRVO,99.06999969482422,99.06999969482422,99.08000183105469,98.87999725341797,98.94999694824219,42996.0
2024-10-25 15:58:00+00:00,QUBT,1.0850000381469727,1.0850000381469727,1.0892000198364258,1.0800000429153442,1.0850000381469727,35244.0
2024-10-25 15:58:00+00:00,QUIK,8.579999923706055,8.579999923706055,8.579999923706055,8.579999923706055,8.579999923706055,1835.0
2024-10-25 15:58:00+00:00,RCAT,2.700000047683716,2.700000047683716,2.7049999237060547,2.694999933242798,2.694999933242798,12436.0
2024-10-25 15:58:00+00:00,RDWR,22.34000015258789,22.34000015258789,22.350000381469727,22.34000015258789,22.350000381469727,1364.0
2024-10-25 15:58:00+00:00,REKR,1.0750000476837158,1.0750000476837158,1.0750000476837158,1.0750000476837158,1.0750000476837158,384.0
2024-10-25 15:58:00+00:00,RELY,14.774999618530273,14.774999618530273,14.78499984741211,14.770000457763672,14.78499984741211,20707.0
2024-10-25 15:58:00+00:00,RGTI,1.2157000303268433,1.2157000303268433,1.2200000286102295,1.2108999490737915,1.2200000286102295,13187.0
2024-10-25 15:58:00+00:00,RIOT,9.635000228881836,9.635000228881836,9.640000343322754,9.630000114440918,9.635000228881836,121223.0
2024-10-25 15:58:00+00:00,RMBS,43.45000076293945,43.45000076293945,43.474998474121094,43.41999816894531,43.474998474121094,24483.0
2024-10-25 15:58:00+00:00,RMNI,1.7300000190734863,1.7300000190734863,1.7300000190734863,1.7200000286102295,1.725000023841858,1786.0
2024-10-25 15:58:00+00:00,RPAY,7.775000095367432,7.775000095367432,7.78000020980835,7.775000095367432,7.775000095367432,8032.0
2024-10-25 15:58:00+00:00,RPD,38.85499954223633,38.85499954223633,38.85499954223633,38.85499954223633,38.85499954223633,1861.0
2024-10-25 15:58:00+00:00,RUM,5.664999961853027,5.664999961853027,5.670000076293945,5.660999774932861,5.670000076293945,13083.0
2024-10-25 15:58:00+00:00,RUN,14.364999771118164,14.364999771118164,14.369999885559082,14.354999542236328,14.359999656677246,76465.0
2024-10-25 15:58:00+00:00,RXT,2.4800000190734863,2.4800000190734863,2.484999895095825,2.4800000190734863,2.484999895095825,1415.0
2024-10-25 15:58:00+00:00,SANM,67.41999816894531,67.41999816894531,67.44999694824219,67.37000274658203,67.3949966430664,5840.0
2024-10-25 15:58:00+00:00,SATS,25.110000610351562,25.110000610351562,25.1200008392334,25.09000015258789,25.1200008392334,11533.0
2024-10-25 15:58:00+00:00,SCSC,44.79499816894531,44.79499816894531,44.84000015258789,44.790000915527344,44.84000015258789,4363.0
2024-10-25 15:58:00+00:00,SEDG,16.110000610351562,16.110000610351562,16.110000610351562,16.06999969482422,16.110000610351562,59211.0
2024-10-25 15:58:00+00:00,SHLS,5.175000190734863,5.175000190734863,5.179999828338623,5.175000190734863,5.175000190734863,27981.0
2024-10-25 15:58:00+00:00,SIMO,56.060001373291016,56.060001373291016,56.060001373291016,56.040000915527344,56.040000915527344,1295.0
2024-10-25 15:58:00+00:00,SITM,178.60499572753906,178.60499572753906,178.60499572753906,178.60499572753906,178.60499572753906,1334.0
2024-10-25 15:58:00+00:00,SKYT,10.470000267028809,10.470000267028809,10.470000267028809,10.4399995803833,10.444999694824219,7266.0
2024-10-25 15:58:00+00:00,SLAB,113.69000244140625,113.69000244140625,113.69000244140625,113.54000091552734,113.54000091552734,1542.0
2024-10-25 15:58:00+00:00,SLNHP,13.100000381469727,13.100000381469727,13.100000381469727,13.050000190734863,13.050000190734863,3294.0
2024-10-25 15:58:00+00:00,SMCI,47.33000183105469,47.33000183105469,47.34000015258789,47.27000045776367,47.279998779296875,191531.0
2024-10-25 15:58:00+00:00,SMTC,45.404998779296875,45.404998779296875,45.470001220703125,45.38999938964844,45.470001220703125,18801.0
2024-10-25 15:58:00+00:00,SNCR,10.629899978637695,10.629899978637695,10.630000114440918,10.595000267028809,10.595000267028809,2257.0
2024-10-25 15:58:00+00:00,SNPS,501.0799865722656,501.0799865722656,501.2149963378906,500.95001220703125,501.0400085449219,5792.0
2024-10-25 15:58:00+00:00,SOBR,7.130000114440918,7.130000114440918,7.150000095367432,7.099999904632568,7.099999904632568,3874.0
2024-10-25 15:58:00+00:00,SONO,12.78499984741211,12.78499984741211,12.78499984741211,12.765000343322754,12.765000343322754,26154.0
2024-10-25 15:58:00+00:00,SOUN,5.184999942779541,5.184999942779541,5.190000057220459,5.179999828338623,5.179999828338623,230230.0
2024-10-25 15:58:00+00:00,SPSC,170.52999877929688,170.52999877929688,170.6699981689453,170.4499969482422,170.6699981689453,6064.0
2024-10-25 15:58:00+00:00,SPT,26.809999465942383,26.809999465942383,26.860000610351562,26.809999465942383,26.850000381469727,11086.0
2024-10-25 15:58:00+00:00,SRAD,12.329999923706055,12.329999923706055,12.329999923706055,12.319999694824219,12.319999694824219,6162.0
2024-10-25 15:58:00+00:00,SSNC,70.1050033569336,70.1050033569336,70.11000061035156,70.0999984741211,70.1050033569336,49689.0
2024-10-25 15:58:00+00:00,SSTI,11.100000381469727,11.100000381469727,11.100000381469727,11.069999694824219,11.069999694824219,1050.0
2024-10-25 15:58:00+00:00,SSYS,7.025000095367432,7.025000095367432,7.03000020980835,7.025000095367432,7.03000020980835,1604.0
2024-10-25 15:58:00+00:00,STER,16.75,16.75,16.75,16.7450008392334,16.75,1575.0
2024-10-25 15:58:00+00:00,STNE,11.45989990234375,11.45989990234375,11.45989990234375,11.4399995803833,11.444999694824219,27334.0
2024-10-25 15:58:00+00:00,STX,102.97000122070312,102.97000122070312,103.02999877929688,102.94000244140625,103.0,53207.0
2024-10-25 15:58:00+00:00,SURG,1.75,1.75,1.75,1.75,1.75,262.0
2024-10-25 15:58:00+00:00,SVRE,0.08129999786615372,0.08129999786615372,0.08129999786615372,0.08129999786615372,0.08129999786615372,10443.0
2024-10-25 15:58:00+00:00,SWKS,95.22000122070312,95.22000122070312,95.2249984741211,95.12000274658203,95.16000366210938,39454.0
2024-10-25 15:58:00+00:00,SYNA,72.02999877929688,72.02999877929688,72.04000091552734,71.9749984741211,72.01000213623047,3474.0
2024-10-25 15:58:00+00:00,SYTA,1.274999976158142,1.274999976158142,1.2799999713897705,1.274999976158142,1.2799999713897705,4489.0
2024-10-25 15:58:00+00:00,TAIT,2.799999952316284,2.799999952316284,2.799999952316284,2.799999952316284,2.799999952316284,396.0
2024-10-25 15:58:00+00:00,TASK,11.960000038146973,11.960000038146973,11.960000038146973,11.960000038146973,11.960000038146973,940.0
2024-10-25 15:58:00+00:00,TEAM,188.63999938964844,188.63999938964844,188.64999389648438,188.4600067138672,188.47999572753906,37948.0
2024-10-25 15:58:00+00:00,TENB,41.66999816894531,41.66999816894531,41.70000076293945,41.66999816894531,41.689998626708984,15676.0
2024-10-25 15:58:00+00:00,TER,111.76000213623047,111.76000213623047,111.76000213623047,111.69100189208984,111.74500274658203,76640.0
2024-10-25 15:58:00+00:00,TLS,3.565000057220459,3.565000057220459,3.565000057220459,3.565000057220459,3.565000057220459,1229.0
2024-10-25 15:58:00+00:00,TRMB,60.8650016784668,60.8650016784668,60.8650016784668,60.84000015258789,60.845001220703125,16755.0
2024-10-25 15:58:00+00:00,TSAT,13.104999542236328,13.104999542236328,13.104999542236328,13.104999542236328,13.104999542236328,370.0
2024-10-25 15:58:00+00:00,TSEM,44.78499984741211,44.78499984741211,44.81999969482422,44.77000045776367,44.79999923706055,9110.0
2024-10-25 15:58:00+00:00,TTD,119.4800033569336,119.4800033569336,119.5,119.46009826660156,119.5,19703.0
2024-10-25 15:58:00+00:00,TTEC,5.389999866485596,5.389999866485596,5.389999866485596,5.389999866485596,5.389999866485596,970.0
2024-10-25 15:58:00+00:00,TTMI,19.584999084472656,19.584999084472656,19.584999084472656,19.56999969482422,19.56999969482422,10585.0
2024-10-25 15:58:00+00:00,TWKS,4.445000171661377,4.445000171661377,4.449999809265137,4.440000057220459,4.440100193023682,12263.0
2024-10-25 15:58:00+00:00,TXN,206.9199981689453,206.9199981689453,206.9199981689453,206.75999450683594,206.89999389648438,98904.0
2024-10-25 15:58:00+00:00,UCTT,35.61000061035156,35.61000061035156,35.61000061035156,35.54999923706055,35.58000183105469,5293.0
2024-10-25 15:58:00+00:00,UEIC,8.119999885559082,8.119999885559082,8.119999885559082,8.109999656677246,8.109999656677246,949.0
2024-10-25 15:58:00+00:00,VCSA,2.4000000953674316,2.4000000953674316,2.4000000953674316,2.4000000953674316,2.4000000953674316,643.0
2024-10-25 15:58:00+00:00,VECO,29.2549991607666,29.2549991607666,29.28499984741211,29.239999771118164,29.280000686645508,16092.0
2024-10-25 15:58:00+00:00,VERB,10.890000343322754,10.890000343322754,10.890000343322754,10.84000015258789,10.885000228881836,1316.0
2024-10-25 15:58:00+00:00,VERI,3.4549999237060547,3.4549999237060547,3.4649999141693115,3.4549999237060547,3.4649999141693115,8661.0
2024-10-25 15:58:00+00:00,VERX,42.0,42.0,42.0,41.95500183105469,41.974998474121094,6726.0
2024-10-25 15:58:00+00:00,VIAV,9.145000457763672,9.145000457763672,9.145000457763672,9.130000114440918,9.135000228881836,16933.0
2024-10-25 15:58:00+00:00,VICR,46.275001525878906,46.275001525878906,46.31999969482422,46.27000045776367,46.27000045776367,1970.0
2024-10-25 15:58:00+00:00,VMEO,4.775000095367432,4.775000095367432,4.78000020980835,4.769999980926514,4.775000095367432,7475.0
2024-10-25 15:58:00+00:00,VNET,3.365000009536743,3.365000009536743,3.365000009536743,3.359999895095825,3.365000009536743,4673.0
2024-10-25 15:58:00+00:00,VOXX,7.550000190734863,7.550000190734863,7.550000190734863,7.550000190734863,7.550000190734863,732.0
2024-10-25 15:58:00+00:00,VRNS,56.85499954223633,56.85499954223633,56.880001068115234,56.790000915527344,56.79999923706055,34420.0
2024-10-25 15:58:00+00:00,VRNT,21.885000228881836,21.885000228881836,21.889999389648438,21.864999771118164,21.864999771118164,8412.0
2024-10-25 15:58:00+00:00,VRSN,180.9600067138672,180.9600067138672,181.08999633789062,180.9550018310547,181.0500030517578,20929.0
2024-10-25 15:58:00+00:00,VS,2.4649999141693115,2.4649999141693115,2.4649999141693115,2.4649999141693115,2.4649999141693115,200.0
2024-10-25 15:58:00+00:00,VSAT,10.234999656677246,10.234999656677246,10.239999771118164,10.229999542236328,10.239999771118164,27059.0
2024-10-25 15:58:00+00:00,VUZI,1.2949999570846558,1.2949999570846558,1.2964999675750732,1.2949999570846558,1.2964999675750732,874.0
2024-10-25 15:58:00+00:00,VVPR,0.800000011920929,0.800000011920929,0.800000011920929,0.800000011920929,0.800000011920929,301.0
2024-10-25 15:58:00+00:00,WALD,3.5199999809265137,3.5199999809265137,3.5199999809265137,3.509999990463257,3.509999990463257,442.0
2024-10-25 15:58:00+00:00,WDAY,237.7050018310547,237.7050018310547,237.72500610351562,237.58999633789062,237.64999389648438,36271.0
2024-10-25 15:58:00+00:00,WDC,69.43250274658203,69.43250274658203,69.44000244140625,69.33999633789062,69.38999938964844,116431.0
2024-10-25 15:58:00+00:00,WISA,1.909999966621399,1.909999966621399,1.909999966621399,1.899999976158142,1.899999976158142,4486.0
2024-10-25 15:58:00+00:00,WIX,164.1999969482422,164.1999969482422,164.25999450683594,164.1199951171875,164.1199951171875,3865.0
2024-10-25 15:58:00+00:00,WLDS,3.50819993019104,3.50819993019104,3.50819993019104,3.50819993019104,3.50819993019104,218.0
2024-10-25 15:58:00+00:00,WRAP,1.809999942779541,1.809999942779541,1.809999942779541,1.809999942779541,1.809999942779541,540.0
2024-10-25 15:58:00+00:00,XPER,9.359999656677246,9.359999656677246,9.369999885559082,9.350000381469727,9.369999885559082,4845.0
2024-10-25 15:58:00+00:00,XRX,9.954999923706055,9.954999923706055,9.960000038146973,9.949999809265137,9.954999923706055,11650.0
2024-10-25 15:58:00+00:00,ZBRA,359.8800048828125,359.8800048828125,359.95001220703125,359.8800048828125,359.94000244140625,6906.0
2024-10-25 15:58:00+00:00,ZI,10.489999771118164,10.489999771118164,10.489999771118164,10.479999542236328,10.484999656677246,11392.0
2024-10-25 15:58:00+00:00,ZM,72.69000244140625,72.69000244140625,72.69000244140625,72.61499786376953,72.61499786376953,40524.0
2024-10-25 15:58:00+00:00,ZS,184.8000030517578,184.8000030517578,184.9199981689453,184.76499938964844,184.86000061035156,19528.0
2024-10-25 15:59:00+00:00,AAOI,17.450000762939453,17.450000762939453,17.469999313354492,17.415000915527344,17.43000030517578,29574.0
2024-10-25 15:59:00+00:00,AAPL,231.39999389648438,231.39999389648438,231.6300048828125,231.19000244140625,231.2899932861328,1033807.0
2024-10-25 15:59:00+00:00,ACIW,48.79999923706055,48.79999923706055,48.83000183105469,48.79999923706055,48.79999923706055,10552.0
2024-10-25 15:59:00+00:00,ACLS,89.87999725341797,89.87999725341797,90.04000091552734,89.87999725341797,90.0199966430664,17574.0
2024-10-25 15:59:00+00:00,ACMR,19.520000457763672,19.520000457763672,19.530000686645508,19.44499969482422,19.44499969482422,28214.0
2024-10-25 15:59:00+00:00,ADBE,483.7300109863281,483.7300109863281,483.739990234375,483.1499938964844,483.19000244140625,54326.0
2024-10-25 15:59:00+00:00,ADI,230.1699981689453,230.1699981689453,230.36000061035156,230.0500030517578,230.35499572753906,92175.0
2024-10-25 15:59:00+00:00,ADSK,286.04998779296875,286.04998779296875,286.2099914550781,286.0299987792969,286.0400085449219,40325.0
2024-10-25 15:59:00+00:00,ADTN,6.295000076293945,6.295000076293945,6.300000190734863,6.289999961853027,6.295000076293945,8953.0
2024-10-25 15:59:00+00:00,AEHR,16.954999923706055,16.954999923706055,16.969999313354492,16.940000534057617,16.940000534057617,20069.0
2024-10-25 15:59:00+00:00,AEYE,22.799999237060547,22.799999237060547,22.799999237060547,22.709999084472656,22.75,3157.0
2024-10-25 15:59:00+00:00,AFRM,40.70000076293945,40.70000076293945,40.720001220703125,40.65999984741211,40.665000915527344,198749.0
2024-10-25 15:59:00+00:00,AGYS,110.30000305175781,110.30000305175781,110.30000305175781,110.2300033569336,110.2300033569336,4265.0
2024-10-25 15:59:00+00:00,AIP,6.840000152587891,6.840000152587891,6.840000152587891,6.829999923706055,6.829999923706055,2788.0
2024-10-25 15:59:00+00:00,AIRG,9.300000190734863,9.300000190734863,9.300000190734863,9.300000190734863,9.300000190734863,384.0
2024-10-25 15:59:00+00:00,AKAM,101.9800033569336,101.9800033569336,102.01000213623047,101.94999694824219,101.95999908447266,24211.0
2024-10-25 15:59:00+00:00,AKTS,0.05900000035762787,0.05900000035762787,0.05900000035762787,0.05900000035762787,0.05900000035762787,0.0
2024-10-25 15:59:00+00:00,ALGM,23.059999465942383,23.059999465942383,23.06999969482422,22.959999084472656,22.959999084472656,75684.0
2024-10-25 15:59:00+00:00,ALKT,38.25,38.25,38.25,38.209999084472656,38.220001220703125,14320.0
2024-10-25 15:59:00+00:00,ALLT,3.4700000286102295,3.4700000286102295,3.4800000190734863,3.4600000381469727,3.4600000381469727,551.0
2024-10-25 15:59:00+00:00,ALOT,14.460000038146973,14.460000038146973,14.460000038146973,14.460000038146973,14.460000038146973,234.0
2024-10-25 15:59:00+00:00,ALRM,54.540000915527344,54.540000915527344,54.540000915527344,54.380001068115234,54.380001068115234,11372.0
2024-10-25 15:59:00+00:00,ALTR,103.44999694824219,103.44999694824219,103.51000213623047,103.3949966430664,103.41000366210938,16403.0
2024-10-25 15:59:00+00:00,AMAT,186.50999450683594,186.50999450683594,186.6300048828125,186.47999572753906,186.5800018310547,136007.0
2024-10-25 15:59:00+00:00,AMBA,57.79999923706055,57.79999923706055,57.79999923706055,57.630001068115234,57.689998626708984,6329.0
2024-10-25 15:59:00+00:00,AMD,156.22000122070312,156.22000122070312,156.32000732421875,156.1999969482422,156.27499389648438,405946.0
2024-10-25 15:59:00+00:00,AMKR,29.899999618530273,29.899999618530273,29.93000030517578,29.8700008392334,29.924999237060547,48896.0
2024-10-25 15:59:00+00:00,AMPL,9.119999885559082,9.119999885559082,9.135000228881836,9.109999656677246,9.135000228881836,14944.0
2024-10-25 15:59:00+00:00,AMST,2.7899999618530273,2.7899999618530273,2.809999942779541,2.7899999618530273,2.809999942779541,487.0
2024-10-25 15:59:00+00:00,ANSS,322.92999267578125,322.92999267578125,322.9800109863281,322.81500244140625,322.9800109863281,6322.0
2024-10-25 15:59:00+00:00,ANY,1.034999966621399,1.034999966621399,1.0420000553131104,1.0299999713897705,1.0420000553131104,19038.0
2024-10-25 15:59:00+00:00,AOSL,35.9900016784668,35.9900016784668,36.0,35.95000076293945,36.0,6251.0
2024-10-25 15:59:00+00:00,APCX,0.75,0.75,0.75,0.75,0.75,213.0
2024-10-25 15:59:00+00:00,API,2.799999952316284,2.799999952316284,2.799999952316284,2.7950000762939453,2.7950000762939453,4362.0
2024-10-25 15:59:00+00:00,APP,161.66000366210938,161.66000366210938,161.8000030517578,161.5800018310547,161.5800018310547,48908.0
2024-10-25 15:59:00+00:00,APPF,212.52999877929688,212.52999877929688,212.5500030517578,212.13499450683594,212.23500061035156,14561.0
2024-10-25 15:59:00+00:00,APPN,32.28499984741211,32.28499984741211,32.32500076293945,32.27000045776367,32.31999969482422,13643.0
2024-10-25 15:59:00+00:00,APPS,3.0850000381469727,3.0850000381469727,3.0899999141693115,3.0799999237060547,3.0850000381469727,11371.0
2024-10-25 15:59:00+00:00,ARBE,1.8200000524520874,1.8200000524520874,1.8300000429153442,1.8200000524520874,1.8300000429153442,467.0
2024-10-25 15:59:00+00:00,ARQQ,7.159999847412109,7.159999847412109,7.159999847412109,7.139999866485596,7.150000095367432,921.0
2024-10-25 15:59:00+00:00,ARRY,6.445000171661377,6.445000171661377,6.454999923706055,6.440000057220459,6.440000057220459,122428.0
2024-10-25 15:59:00+00:00,ASML,711.5499877929688,711.5499877929688,712.0460815429688,711.5,711.8099975585938,31553.0
2024-10-25 15:59:00+00:00,ASNS,1.2999999523162842,1.2999999523162842,1.2999999523162842,1.2999999523162842,1.2999999523162842,2111.0
2024-10-25 15:59:00+00:00,ASTI,2.9200000762939453,2.9200000762939453,2.9200000762939453,2.8889999389648438,2.8889999389648438,9164.0
2024-10-25 15:59:00+00:00,ASUR,9.720000267028809,9.720000267028809,9.75,9.720000267028809,9.75,13792.0
2024-10-25 15:59:00+00:00,ATOM,3.359999895095825,3.359999895095825,3.359999895095825,3.3499999046325684,3.3499999046325684,1453.0
2024-10-25 15:59:00+00:00,AUDC,9.199000358581543,9.199000358581543,9.199000358581543,9.149999618530273,9.154999732971191,4418.0
2024-10-25 15:59:00+00:00,AUR,6.40500020980835,6.40500020980835,6.409999847412109,6.389999866485596,6.40500020980835,235566.0
2024-10-25 15:59:00+00:00,AVDX,8.0600004196167,8.0600004196167,8.069999694824219,8.0600004196167,8.0600004196167,71763.0
2024-10-25 15:59:00+00:00,AVGO,172.9600067138672,172.9600067138672,173.14999389648438,172.72000122070312,172.77999877929688,653079.0
2024-10-25 15:59:00+00:00,AVNW,20.670000076293945,20.670000076293945,20.670000076293945,20.649999618530273,20.649999618530273,2599.0
2024-10-25 15:59:00+00:00,AVPT,11.970000267028809,11.970000267028809,11.970000267028809,11.960000038146973,11.970000267028809,17753.0
2024-10-25 15:59:00+00:00,AVT,53.91999816894531,53.91999816894531,53.939998626708984,53.86000061035156,53.86000061035156,17104.0
2024-10-25 15:59:00+00:00,AXTI,2.7190001010894775,2.7190001010894775,2.7249999046325684,2.6700000762939453,2.6700000762939453,47037.0
2024-10-25 15:59:00+00:00,AZPN,237.1199951171875,237.1199951171875,237.1199951171875,236.77999877929688,236.88999938964844,2482.0
2024-10-25 15:59:00+00:00,BAND,17.8799991607666,17.8799991607666,17.899999618530273,17.860000610351562,17.860000610351562,6217.0
2024-10-25 15:59:00+00:00,BASE,16.299999237060547,16.299999237060547,16.329999923706055,16.299999237060547,16.309999465942383,6054.0
2024-10-25 15:59:00+00:00,BCOV,2.259999990463257,2.259999990463257,2.2750000953674316,2.259999990463257,2.2699999809265137,10648.0
2024-10-25 15:59:00+00:00,BEEM,4.78000020980835,4.78000020980835,4.792500019073486,4.769999980926514,4.769999980926514,2144.0
2024-10-25 15:59:00+00:00,BELFB,78.45500183105469,78.45500183105469,78.45500183105469,78.3499984741211,78.4000015258789,1490.0
2024-10-25 15:59:00+00:00,BIGC,5.25,5.25,5.259099960327148,5.25,5.255000114440918,18344.0
2024-10-25 15:59:00+00:00,BL,56.56999969482422,56.56999969482422,56.59000015258789,56.529998779296875,56.540000915527344,15483.0
2024-10-25 15:59:00+00:00,BLKB,85.55999755859375,85.55999755859375,85.58999633789062,85.51499938964844,85.55000305175781,7655.0
2024-10-25 15:59:00+00:00,BLZE,7.199999809265137,7.199999809265137,7.199999809265137,7.179999828338623,7.179999828338623,3368.0
2024-10-25 15:59:00+00:00,BMBL,7.110000133514404,7.110000133514404,7.130000114440918,7.110000133514404,7.119999885559082,57911.0
2024-10-25 15:59:00+00:00,BRZE,30.795000076293945,30.795000076293945,30.8799991607666,30.795000076293945,30.8799991607666,22164.0
2024-10-25 15:59:00+00:00,BSY,49.09000015258789,49.09000015258789,49.15999984741211,49.09000015258789,49.150001525878906,21353.0
2024-10-25 15:59:00+00:00,CAMT,77.6500015258789,77.6500015258789,77.88500213623047,77.62999725341797,77.88500213623047,15078.0
2024-10-25 15:59:00+00:00,CAN,0.9710999727249146,0.9710999727249146,0.972100019454956,0.9704999923706055,0.972000002861023,94136.0
2024-10-25 15:59:00+00:00,CCSI,20.219999313354492,20.219999313354492,20.25,20.170000076293945,20.209999084472656,7410.0
2024-10-25 15:59:00+00:00,CDNS,257.29998779296875,257.29998779296875,257.3599853515625,257.05999755859375,257.07000732421875,51378.0
2024-10-25 15:59:00+00:00,CDW,217.00999450683594,217.00999450683594,217.125,216.9499969482422,216.9499969482422,45951.0
2024-10-25 15:59:00+00:00,CETX,0.2888999879360199,0.2888999879360199,0.2912999987602234,0.2888999879360199,0.2906000018119812,19018.0
2024-10-25 15:59:00+00:00,CEVA,23.959999084472656,23.959999084472656,23.959999084472656,23.959999084472656,23.959999084472656,1784.0
2024-10-25 15:59:00+00:00,CFLT,22.524999618530273,22.524999618530273,22.549999237060547,22.524999618530273,22.540000915527344,40100.0
2024-10-25 15:59:00+00:00,CGNT,6.610000133514404,6.610000133514404,6.619999885559082,6.590000152587891,6.619999885559082,16973.0
2024-10-25 15:59:00+00:00,CGNX,38.83000183105469,38.83000183105469,38.8650016784668,38.810001373291016,38.85499954223633,63814.0
2024-10-25 15:59:00+00:00,CHKP,207.36000061035156,207.36000061035156,207.36000061035156,206.97999572753906,207.0050048828125,29727.0
2024-10-25 15:59:00+00:00,CLBT,18.290000915527344,18.290000915527344,18.290000915527344,18.2549991607666,18.2549991607666,22739.0
2024-10-25 15:59:00+00:00,CLFD,36.41999816894531,36.41999816894531,36.45000076293945,36.400001525878906,36.400001525878906,6022.0
2024-10-25 15:59:00+00:00,CLSK,11.390000343322754,11.390000343322754,11.399999618530273,11.34000015258789,11.345000267028809,361418.0
2024-10-25 15:59:00+00:00,CMTL,3.7950000762939453,3.7950000762939453,3.809999942779541,3.7950000762939453,3.805000066757202,3772.0
2024-10-25 15:59:00+00:00,CNDT,3.559999942779541,3.559999942779541,3.5875000953674316,3.559999942779541,3.5850000381469727,71097.0
2024-10-25 15:59:00+00:00,CNXC,44.54999923706055,44.54999923706055,44.54999923706055,44.5099983215332,44.52000045776367,22992.0
2024-10-25 15:59:00+00:00,CNXN,69.66000366210938,69.66000366210938,69.66999816894531,69.62000274658203,69.63999938964844,3224.0
2024-10-25 15:59:00+00:00,COHR,95.83000183105469,95.83000183105469,95.87999725341797,95.58999633789062,95.81999969482422,100234.0
2024-10-25 15:59:00+00:00,COHU,25.899999618530273,25.899999618530273,25.908000946044922,25.889999389648438,25.889999389648438,5116.0
2024-10-25 15:59:00+00:00,COIN,204.9600067138672,204.9600067138672,205.1699981689453,204.85000610351562,205.0399932861328,125296.0
2024-10-25 15:59:00+00:00,COMM,6.230000019073486,6.230000019073486,6.235000133514404,6.21999979019165,6.224999904632568,67105.0
2024-10-25 15:59:00+00:00,CORZ,13.390000343322754,13.390000343322754,13.390000343322754,13.329999923706055,13.329999923706055,164115.0
2024-10-25 15:59:00+00:00,CPTN,3.1480000019073486,3.1480000019073486,3.1500000953674316,3.1480000019073486,3.1500000953674316,1154.0
2024-10-25 15:59:00+00:00,CPTNW,0.009999999776482582,0.009999999776482582,0.009999999776482582,0.009999999776482582,0.009999999776482582,200.0
2024-10-25 15:59:00+00:00,CRCT,6.5,6.5,6.514999866485596,6.5,6.514999866485596,7430.0
2024-10-25 15:59:00+00:00,CRDO,39.16999816894531,39.16999816894531,39.20000076293945,39.119998931884766,39.130001068115234,59541.0
2024-10-25 15:59:00+00:00,CREX,4.199999809265137,4.199999809265137,4.199999809265137,4.199999809265137,4.199999809265137,410.0
2024-10-25 15:59:00+00:00,CRNC,2.930000066757202,2.930000066757202,2.930000066757202,2.9200000762939453,2.930000066757202,10196.0
2024-10-25 15:59:00+00:00,CRNT,2.4600000381469727,2.4600000381469727,2.4800000190734863,2.4600000381469727,2.4800000190734863,18983.0
2024-10-25 15:59:00+00:00,CRSR,6.300000190734863,6.300000190734863,6.309999942779541,6.289999961853027,6.289999961853027,8580.0
2024-10-25 15:59:00+00:00,CRUS,122.27999877929688,122.27999877929688,122.27999877929688,122.0,122.1050033569336,11922.0
2024-10-25 15:59:00+00:00,CRWD,300.6099853515625,300.6099853515625,300.8999938964844,300.19000244140625,300.3299865722656,104528.0
2024-10-25 15:59:00+00:00,CSCO,55.75,55.75,55.790000915527344,55.737998962402344,55.737998962402344,416373.0
2024-10-25 15:59:00+00:00,CSGS,47.16999816894531,47.16999816894531,47.16999816894531,47.09000015258789,47.11000061035156,17027.0
2024-10-25 15:59:00+00:00,CSIQ,13.414999961853027,13.414999961853027,13.414999961853027,13.345000267028809,13.345000267028809,35644.0
2024-10-25 15:59:00+00:00,CSPI,13.100000381469727,13.100000381469727,13.100000381469727,13.100000381469727,13.100000381469727,542.0
2024-10-25 15:59:00+00:00,CTLP,8.899999618530273,8.899999618530273,8.899999618530273,8.890000343322754,8.895000457763672,11377.0
2024-10-25 15:59:00+00:00,CTSH,74.8499984741211,74.8499984741211,74.8499984741211,74.77999877929688,74.77999877929688,115146.0
2024-10-25 15:59:00+00:00,CVLT,134.22000122070312,134.22000122070312,134.27000427246094,134.13999938964844,134.14999389648438,9748.0
2024-10-25 15:59:00+00:00,CYBR,289.7699890136719,289.7699890136719,289.8800048828125,289.42999267578125,289.80999755859375,8985.0
2024-10-25 15:59:00+00:00,DAIO,2.549999952316284,2.549999952316284,2.549999952316284,2.549999952316284,2.549999952316284,273.0
2024-10-25 15:59:00+00:00,DAKT,13.010000228881836,13.010000228881836,13.020000457763672,12.989999771118164,13.020000457763672,14197.0
2024-10-25 15:59:00+00:00,DATS,1.6019999980926514,1.6019999980926514,1.6100000143051147,1.600000023841858,1.600000023841858,1880.0
2024-10-25 15:59:00+00:00,DAVE,38.779998779296875,38.779998779296875,38.880001068115234,38.76499938964844,38.880001068115234,4648.0
2024-10-25 15:59:00+00:00,DBX,26.020000457763672,26.020000457763672,26.06999969482422,26.010000228881836,26.024999618530273,237854.0
2024-10-25 15:59:00+00:00,DCBO,45.93000030517578,45.93000030517578,45.93000030517578,45.93000030517578,45.93000030517578,904.0
2024-10-25 15:59:00+00:00,DDOG,126.5999984741211,126.5999984741211,126.66999816894531,126.54000091552734,126.55000305175781,77442.0
2024-10-25 15:59:00+00:00,DGHI,1.5,1.5,1.5,1.4950000047683716,1.4950000047683716,1282.0
2024-10-25 15:59:00+00:00,DGII,29.850000381469727,29.850000381469727,29.8700008392334,29.829999923706055,29.829999923706055,7461.0
2024-10-25 15:59:00+00:00,DIOD,64.68000030517578,64.68000030517578,64.75,64.63999938964844,64.66999816894531,15543.0
2024-10-25 15:59:00+00:00,DLO,8.829999923706055,8.829999923706055,8.854999542236328,8.829999923706055,8.854999542236328,11131.0
2024-10-25 15:59:00+00:00,DOCU,68.98999786376953,68.98999786376953,69.01000213623047,68.97000122070312,68.9749984741211,74275.0
2024-10-25 15:59:00+00:00,DOMO,8.095000267028809,8.095000267028809,8.100000381469727,8.079999923706055,8.085000038146973,11689.0
2024-10-25 15:59:00+00:00,DOX,88.86000061035156,88.86000061035156,88.9000015258789,88.8499984741211,88.87000274658203,8494.0
2024-10-25 15:59:00+00:00,DSGX,104.12999725341797,104.12999725341797,104.12999725341797,104.12999725341797,104.12999725341797,1019.0
2024-10-25 15:59:00+00:00,DTSS,2.430000066757202,2.430000066757202,2.4700000286102295,2.430000066757202,2.4700000286102295,757.0
2024-10-25 15:59:00+00:00,DTST,3.4600000381469727,3.4600000381469727,3.4600000381469727,3.4600000381469727,3.4600000381469727,690.0
2024-10-25 15:59:00+00:00,DUOL,291.32000732421875,291.32000732421875,292.2699890136719,291.32000732421875,291.989990234375,13397.0
2024-10-25 15:59:00+00:00,DUOT,4.184999942779541,4.184999942779541,4.184999942779541,4.184999942779541,4.184999942779541,520.0
2024-10-25 15:59:00+00:00,EEFT,100.58000183105469,100.58000183105469,100.58000183105469,100.43499755859375,100.43499755859375,11346.0
2024-10-25 15:59:00+00:00,EGAN,4.789999961853027,4.789999961853027,4.827000141143799,4.789999961853027,4.809999942779541,1101.0
2024-10-25 15:59:00+00:00,EMKR,2.130000114440918,2.130000114440918,2.130000114440918,2.109999895095825,2.115000009536743,2491.0
2024-10-25 15:59:00+00:00,ENPH,83.83000183105469,83.83000183105469,83.86000061035156,83.72000122070312,83.72000122070312,55898.0
2024-10-25 15:59:00+00:00,ENTG,105.01000213623047,105.01000213623047,105.18499755859375,104.94999694824219,105.13999938964844,90723.0
2024-10-25 15:59:00+00:00,ERIC,8.449999809265137,8.449999809265137,8.454999923706055,8.4399995803833,8.449999809265137,306428.0
2024-10-25 15:59:00+00:00,EVCM,10.430000305175781,10.430000305175781,10.430000305175781,10.420000076293945,10.420000076293945,1244.0
2024-10-25 15:59:00+00:00,EXFY,1.7200000286102295,1.7200000286102295,1.7200000286102295,1.715000033378601,1.715000033378601,845.0
2024-10-25 15:59:00+00:00,EXLS,38.61000061035156,38.61000061035156,38.61750030517578,38.55500030517578,38.55500030517578,21653.0
2024-10-25 15:59:00+00:00,EXTR,14.345000267028809,14.345000267028809,14.350000381469727,14.34000015258789,14.34000015258789,23921.0
2024-10-25 15:59:00+00:00,FARO,17.969999313354492,17.969999313354492,17.969999313354492,17.934999465942383,17.934999465942383,2136.0
2024-10-25 15:59:00+00:00,FEIM,12.21500015258789,12.21500015258789,12.21500015258789,12.21500015258789,12.21500015258789,129.0
2024-10-25 15:59:00+00:00,FFIV,216.92999267578125,216.92999267578125,217.0500030517578,216.86000061035156,216.8800048828125,20706.0
2024-10-25 15:59:00+00:00,FIVN,29.559999465942383,29.559999465942383,29.559999465942383,29.540000915527344,29.55500030517578,37417.0
2024-10-25 15:59:00+00:00,FLEX,35.209999084472656,35.209999084472656,35.224998474121094,35.185001373291016,35.185001373291016,56308.0
2024-10-25 15:59:00+00:00,FLYW,17.299999237060547,17.299999237060547,17.375,17.299999237060547,17.3700008392334,26951.0
2024-10-25 15:59:00+00:00,FORM,44.79999923706055,44.79999923706055,44.79999923706055,44.74599838256836,44.7599983215332,7771.0
2024-10-25 15:59:00+00:00,FRGT,1.850000023841858,1.850000023841858,1.8600000143051147,1.850000023841858,1.8600000143051147,4428.0
2024-10-25 15:59:00+00:00,FROG,29.290000915527344,29.290000915527344,29.309999465942383,29.25,29.25,20453.0
2024-10-25 15:59:00+00:00,FRSH,11.630000114440918,11.630000114440918,11.630000114440918,11.619999885559082,11.625,41116.0
2024-10-25 15:59:00+00:00,FSLR,198.61000061035156,198.61000061035156,198.64999389648438,198.35499572753906,198.35499572753906,37424.0
2024-10-25 15:59:00+00:00,FTCI,0.6549999713897705,0.6549999713897705,0.6564000248908997,0.6549999713897705,0.6549999713897705,3745.0
2024-10-25 15:59:00+00:00,FTNT,80.3499984741211,80.3499984741211,80.37999725341797,80.26000213623047,80.26000213623047,94452.0
2024-10-25 15:59:00+00:00,GCT,24.15999984741211,24.15999984741211,24.260000228881836,24.09000015258789,24.229999542236328,103892.0
2024-10-25 15:59:00+00:00,GDS,21.510000228881836,21.510000228881836,21.540000915527344,21.489999771118164,21.510000228881836,22983.0
2024-10-25 15:59:00+00:00,GDYN,15.649999618530273,15.649999618530273,15.649999618530273,15.635000228881836,15.640000343322754,7621.0
2024-10-25 15:59:00+00:00,GFS,40.40999984741211,40.40999984741211,40.459999084472656,40.380001068115234,40.45500183105469,62608.0
2024-10-25 15:59:00+00:00,GILT,4.920000076293945,4.920000076293945,4.934999942779541,4.920000076293945,4.925000190734863,18456.0
2024-10-25 15:59:00+00:00,GNSS,3.8980000019073486,3.8980000019073486,3.8980000019073486,3.8949999809265137,3.8949999809265137,1083.0
2024-10-25 15:59:00+00:00,GPRO,1.3049999475479126,1.3049999475479126,1.3049999475479126,1.2999999523162842,1.3049999475479126,9589.0
2024-10-25 15:59:00+00:00,GRAB,4.074999809265137,4.074999809265137,4.090000152587891,4.073999881744385,4.085000038146973,473780.0
2024-10-25 15:59:00+00:00,GRRR,4.460000038146973,4.460000038146973,4.460000038146973,4.449999809265137,4.449999809265137,3450.0
2024-10-25 15:59:00+00:00,GRRRW,0.05999999865889549,0.05999999865889549,0.05999999865889549,0.05999999865889549,0.05999999865889549,300.0
2024-10-25 15:59:00+00:00,GSIT,3.4000000953674316,3.4000000953674316,3.4000000953674316,3.4000000953674316,3.4000000953674316,1734.0
2024-10-25 15:59:00+00:00,GTLB,55.08000183105469,55.08000183105469,55.13999938964844,55.060001373291016,55.060001373291016,17915.0
2024-10-25 15:59:00+00:00,GVP,4.599999904632568,4.599999904632568,4.605000019073486,4.599999904632568,4.599999904632568,3545.0
2024-10-25 15:59:00+00:00,HCKT,24.559999465942383,24.559999465942383,24.59000015258789,24.530000686645508,24.584999084472656,2081.0
2024-10-25 15:59:00+00:00,HCP,33.67499923706055,33.67499923706055,33.68000030517578,33.65999984741211,33.67499923706055,41832.0
2024-10-25 15:59:00+00:00,HEAR,16.40999984741211,16.40999984741211,16.420000076293945,16.395000457763672,16.40999984741211,3386.0
2024-10-25 15:59:00+00:00,HIMX,6.15500020980835,6.15500020980835,6.157599925994873,6.150000095367432,6.15500020980835,11256.0
2024-10-25 15:59:00+00:00,HLIT,14.789999961853027,14.789999961853027,14.789999961853027,14.774999618530273,14.78499984741211,16440.0
2024-10-25 15:59:00+00:00,HOLO,3.5701000690460205,3.5701000690460205,3.5799999237060547,3.569999933242798,3.569999933242798,10617.0
2024-10-25 15:59:00+00:00,HOLOW,0.03709999844431877,0.03709999844431877,0.03709999844431877,0.03709999844431877,0.03709999844431877,0.0
2024-10-25 15:59:00+00:00,HOOD,27.059999465942383,27.059999465942383,27.06999969482422,27.030000686645508,27.059999465942383,196240.0
2024-10-25 15:59:00+00:00,HTCR,1.0410000085830688,1.0410000085830688,1.0410000085830688,1.0410000085830688,1.0410000085830688,272.0
2024-10-25 15:59:00+00:00,IBEX,18.040000915527344,18.040000915527344,18.065000534057617,18.040000915527344,18.065000534057617,2518.0
2024-10-25 15:59:00+00:00,ICHR,27.520000457763672,27.520000457763672,27.530000686645508,27.510000228881836,27.530000686645508,2794.0
2024-10-25 15:59:00+00:00,IDN,2.4760000705718994,2.4760000705718994,2.4800000190734863,2.4600000381469727,2.4600000381469727,1193.0
2024-10-25 15:59:00+00:00,III,3.065000057220459,3.065000057220459,3.069999933242798,3.065000057220459,3.069999933242798,403.0
2024-10-25 15:59:00+00:00,IIIV,22.860000610351562,22.860000610351562,22.8799991607666,22.860000610351562,22.8700008392334,3688.0
2024-10-25 15:59:00+00:00,IMMR,8.65999984741211,8.65999984741211,8.664999961853027,8.649999618530273,8.664999961853027,14676.0
2024-10-25 15:59:00+00:00,IMOS,22.459999084472656,22.459999084472656,22.459999084472656,22.3799991607666,22.3799991607666,809.0
2024-10-25 15:59:00+00:00,IMTE,1.6799999475479126,1.6799999475479126,1.6799999475479126,1.6549999713897705,1.6549999713897705,0.0
2024-10-25 15:59:00+00:00,IMXI,17.639999389648438,17.639999389648438,17.639999389648438,17.610000610351562,17.610000610351562,2074.0
2024-10-25 15:59:00+00:00,INDI,3.484999895095825,3.484999895095825,3.490000009536743,3.4800000190734863,3.484999895095825,40540.0
2024-10-25 15:59:00+00:00,INFN,6.775000095367432,6.775000095367432,6.78000020980835,6.769999980926514,6.776000022888184,50565.0
2024-10-25 15:59:00+00:00,INOD,20.299999237060547,20.299999237060547,20.329999923706055,20.299999237060547,20.31999969482422,8483.0
2024-10-25 15:59:00+00:00,INSG,19.540000915527344,19.540000915527344,19.670000076293945,19.540000915527344,19.670000076293945,3219.0
2024-10-25 15:59:00+00:00,INTA,50.25,50.25,50.27000045776367,50.209999084472656,50.2400016784668,28536.0
2024-10-25 15:59:00+00:00,INTC,22.670000076293945,22.670000076293945,22.690000534057617,22.670000076293945,22.684999465942383,1198635.0
2024-10-25 15:59:00+00:00,INTU,609.4000244140625,609.4000244140625,609.4000244140625,608.760009765625,608.760009765625,24980.0
2024-10-25 15:59:00+00:00,INVE,3.634999990463257,3.634999990463257,3.634999990463257,3.634999990463257,3.634999990463257,686.0
2024-10-25 15:59:00+00:00,IPGP,76.83000183105469,76.83000183105469,76.87999725341797,76.80000305175781,76.80000305175781,9842.0
2024-10-25 15:59:00+00:00,ITI,7.195000171661377,7.195000171661377,7.199999809265137,7.190000057220459,7.190000057220459,22348.0
2024-10-25 15:59:00+00:00,ITRI,102.91999816894531,102.91999816894531,102.97000122070312,102.75,102.75,12440.0
2024-10-25 15:59:00+00:00,ITRN,27.5,27.5,27.5,27.450000762939453,27.489999771118164,5872.0
2024-10-25 15:59:00+00:00,JAMF,16.760000228881836,16.760000228881836,16.770000457763672,16.75,16.764999389648438,15902.0
2024-10-25 15:59:00+00:00,JFU,1.6699999570846558,1.6699999570846558,1.6699999570846558,1.6699999570846558,1.6699999570846558,246.0
2024-10-25 15:59:00+00:00,JKHY,182.47000122070312,182.47000122070312,182.5749969482422,182.2949981689453,182.2949981689453,13617.0
2024-10-25 15:59:00+00:00,KARO,40.38999938964844,40.38999938964844,40.38999938964844,40.38999938964844,40.38999938964844,407.0
2024-10-25 15:59:00+00:00,KC,2.6649999618530273,2.6649999618530273,2.669800043106079,2.6600000858306885,2.6649999618530273,22492.0
2024-10-25 15:59:00+00:00,KLAC,673.0700073242188,673.0700073242188,673.6900024414062,672.8099975585938,673.0850219726562,31322.0
2024-10-25 15:59:00+00:00,KLIC,44.63999938964844,44.63999938964844,44.650001525878906,44.54999923706055,44.54999923706055,21995.0
2024-10-25 15:59:00+00:00,KOPN,0.7685999870300293,0.7685999870300293,0.7687000036239624,0.7685999870300293,0.7687000036239624,698.0
2024-10-25 15:59:00+00:00,KOSS,7.260000228881836,7.260000228881836,7.28000020980835,7.21999979019165,7.28000020980835,1894.0
2024-10-25 15:59:00+00:00,KPLT,8.680000305175781,8.680000305175781,8.680000305175781,8.680000305175781,8.680000305175781,361.0
2024-10-25 15:59:00+00:00,KVHI,4.6529998779296875,4.6529998779296875,4.6529998779296875,4.6529998779296875,4.6529998779296875,333.0
2024-10-25 15:59:00+00:00,LASR,10.34000015258789,10.34000015258789,10.354999542236328,10.34000015258789,10.34000015258789,9161.0
2024-10-25 15:59:00+00:00,LFUS,253.27000427246094,253.27000427246094,253.27000427246094,252.75,252.9550018310547,5385.0
2024-10-25 15:59:00+00:00,LITE,64.40899658203125,64.40899658203125,64.40899658203125,64.31999969482422,64.31999969482422,22835.0
2024-10-25 15:59:00+00:00,LOGI,80.70999908447266,80.70999908447266,80.72000122070312,80.68000030517578,80.69999694824219,11614.0
2024-10-25 15:59:00+00:00,LPSN,1.1679999828338623,1.1679999828338623,1.1699999570846558,1.1549999713897705,1.159999966621399,50453.0
2024-10-25 15:59:00+00:00,LPTH,1.6799999475479126,1.6799999475479126,1.6799999475479126,1.649999976158142,1.659999966621399,4099.0
2024-10-25 15:59:00+00:00,LRCX,77.68000030517578,77.68000030517578,77.76000213623047,77.66000366210938,77.75,338881.0
2024-10-25 15:59:00+00:00,LSAK,5.315000057220459,5.315000057220459,5.315000057220459,5.300000190734863,5.300000190734863,670.0
2024-10-25 15:59:00+00:00,LSCC,54.349998474121094,54.349998474121094,54.41999816894531,54.34000015258789,54.345001220703125,122239.0
2024-10-25 15:59:00+00:00,LTRX,4.072000026702881,4.072000026702881,4.079999923706055,4.059999942779541,4.059999942779541,7393.0
2024-10-25 15:59:00+00:00,LUNA,1.7999999523162842,1.7999999523162842,1.8049999475479126,1.7999999523162842,1.7999999523162842,2027.0
2024-10-25 15:59:00+00:00,LYFT,13.399999618530273,13.399999618530273,13.425000190734863,13.399999618530273,13.420000076293945,647594.0
2024-10-25 15:59:00+00:00,LYT,1.9199999570846558,1.9199999570846558,1.9199999570846558,1.9199999570846558,1.9199999570846558,604.0
2024-10-25 15:59:00+00:00,LYTS,16.260000228881836,16.260000228881836,16.260000228881836,16.229999542236328,16.239999771118164,3198.0
2024-10-25 15:59:00+00:00,MANH,275.7799987792969,275.7799987792969,275.79998779296875,275.6400146484375,275.6400146484375,8958.0
2024-10-25 15:59:00+00:00,MAPS,0.8309000134468079,0.8309000134468079,0.8309000134468079,0.8309000134468079,0.8309000134468079,731.0
2024-10-25 15:59:00+00:00,MAXN,5.71999979019165,5.71999979019165,5.71999979019165,5.707300186157227,5.707300186157227,824.0
2024-10-25 15:59:00+00:00,MCHP,76.29000091552734,76.29000091552734,76.45500183105469,76.25,76.44999694824219,216267.0
2024-10-25 15:59:00+00:00,MDB,268.75,268.75,268.9700012207031,268.7099914550781,268.80999755859375,27580.0
2024-10-25 15:59:00+00:00,MITK,8.75,8.75,8.755000114440918,8.739999771118164,8.755000114440918,22786.0
2024-10-25 15:59:00+00:00,MKSI,100.95999908447266,100.95999908447266,101.0199966430664,100.91000366210938,100.95999908447266,38655.0
2024-10-25 15:59:00+00:00,MKTW,0.5777000188827515,0.5777000188827515,0.5777000188827515,0.5777000188827515,0.5777000188827515,3346.0
2024-10-25 15:59:00+00:00,MNDY,299.67999267578125,299.67999267578125,299.7099914550781,299.1400146484375,299.1499938964844,14055.0
2024-10-25 15:59:00+00:00,MOB,1.3899999856948853,1.3899999856948853,1.3899999856948853,1.3899999856948853,1.3899999856948853,0.0
2024-10-25 15:59:00+00:00,MPWR,901.280029296875,901.280029296875,903.0999755859375,901.2100219726562,902.9400024414062,22767.0
2024-10-25 15:59:00+00:00,MQ,5.300000190734863,5.300000190734863,5.309999942779541,5.300000190734863,5.304999828338623,96936.0
2024-10-25 15:59:00+00:00,MRAM,6.380000114440918,6.380000114440918,6.389999866485596,6.369999885559082,6.369999885559082,4733.0
2024-10-25 15:59:00+00:00,MRIN,2.130000114440918,2.130000114440918,2.130000114440918,2.109999895095825,2.109999895095825,553.0
2024-10-25 15:59:00+00:00,MRVL,81.5999984741211,81.5999984741211,81.7300033569336,81.58999633789062,81.70999908447266,274126.0
2024-10-25 15:59:00+00:00,MSFT,428.32000732421875,428.32000732421875,428.3999938964844,427.92999267578125,427.92999267578125,421992.0
2024-10-25 15:59:00+00:00,MSTR,234.3489990234375,234.3489990234375,234.82000732421875,233.69000244140625,233.7100067138672,235402.0
2024-10-25 15:59:00+00:00,MTC,0.3752000033855438,0.3752000033855438,0.3828999996185303,0.3734999895095825,0.3817000091075897,80857.0
2024-10-25 15:59:00+00:00,MTLS,5.960000038146973,5.960000038146973,5.960000038146973,5.930099964141846,5.930200099945068,1487.0
2024-10-25 15:59:00+00:00,MTSI,121.69999694824219,121.69999694824219,121.73999786376953,121.52999877929688,121.73999786376953,27714.0
2024-10-25 15:59:00+00:00,MTTR,4.559999942779541,4.559999942779541,4.590000152587891,4.559999942779541,4.585000038146973,144853.0
2024-10-25 15:59:00+00:00,MU,107.91999816894531,107.91999816894531,107.9800033569336,107.87000274658203,107.93000030517578,268001.0
2024-10-25 15:59:00+00:00,MVIS,1.0750000476837158,1.0750000476837158,1.0750000476837158,1.0700000524520874,1.0750000476837158,15240.0
2024-10-25 15:59:00+00:00,MXL,14.850000381469727,14.850000381469727,14.850000381469727,14.819999694824219,14.850000381469727,57301.0
2024-10-25 15:59:00+00:00,MYSZ,1.590000033378601,1.590000033378601,1.590000033378601,1.590000033378601,1.590000033378601,530.0
2024-10-25 15:59:00+00:00,NCNO,37.86000061035156,37.86000061035156,37.869998931884766,37.814998626708984,37.81999969482422,27331.0
2024-10-25 15:59:00+00:00,NEON,8.079999923706055,8.079999923706055,8.079999923706055,8.050000190734863,8.050000190734863,4642.0
2024-10-25 15:59:00+00:00,NICE,174.30999755859375,174.30999755859375,174.30999755859375,174.11000061035156,174.14500427246094,6418.0
2024-10-25 15:59:00+00:00,NNDM,2.309999942779541,2.309999942779541,2.319999933242798,2.309999942779541,2.315000057220459,5223.0
2024-10-25 15:59:00+00:00,NOVT,173.02000427246094,173.02000427246094,173.21499633789062,172.9199981689453,173.13999938964844,4928.0
2024-10-25 15:59:00+00:00,NSIT,209.13499450683594,209.13499450683594,209.27000427246094,208.8000030517578,208.8000030517578,3488.0
2024-10-25 15:59:00+00:00,NTAP,119.4000015258789,119.4000015258789,119.44000244140625,119.33999633789062,119.43000030517578,58836.0
2024-10-25 15:59:00+00:00,NTCT,20.639999389648438,20.639999389648438,20.639999389648438,20.6200008392334,20.6200008392334,14312.0
2024-10-25 15:59:00+00:00,NTGR,20.239999771118164,20.239999771118164,20.25,20.190000534057617,20.19499969482422,7692.0
2024-10-25 15:59:00+00:00,NTNX,61.59000015258789,61.59000015258789,61.650001525878906,61.564998626708984,61.564998626708984,40438.0
2024-10-25 15:59:00+00:00,NVDA,141.47000122070312,141.47000122070312,141.61000061035156,141.44000244140625,141.49000549316406,2640626.0
2024-10-25 15:59:00+00:00,NVEI,33.47999954223633,33.47999954223633,33.494998931884766,33.47999954223633,33.494998931884766,10322.0
2024-10-25 15:59:00+00:00,NVMI,184.7899932861328,184.7899932861328,184.7899932861328,184.32000732421875,184.32000732421875,2151.0
2024-10-25 15:59:00+00:00,NVTS,2.559999942779541,2.559999942779541,2.559999942779541,2.549999952316284,2.549999952316284,23314.0
2024-10-25 15:59:00+00:00,NXPI,243.14500427246094,243.14500427246094,243.4199981689453,243.0500030517578,243.36000061035156,90882.0
2024-10-25 15:59:00+00:00,OKTA,72.25,72.25,72.2699966430664,72.19499969482422,72.20999908447266,31345.0
2024-10-25 15:59:00+00:00,OLED,201.97999572753906,201.97999572753906,202.32000732421875,201.91000366210938,202.30999755859375,20810.0
2024-10-25 15:59:00+00:00,ON,71.2300033569336,71.2300033569336,71.29000091552734,71.20999908447266,71.27999877929688,284302.0
2024-10-25 15:59:00+00:00,ONDS,0.8575000166893005,0.8575000166893005,0.8575000166893005,0.8575000166893005,0.8575000166893005,3256.0
2024-10-25 15:59:00+00:00,OSIS,134.1199951171875,134.1199951171875,134.3800048828125,134.05999755859375,134.3800048828125,14907.0
2024-10-25 15:59:00+00:00,OSPN,14.569999694824219,14.569999694824219,14.59000015258789,14.569999694824219,14.569999694824219,7234.0
2024-10-25 15:59:00+00:00,OSS,2.4000000953674316,2.4000000953674316,2.4000000953674316,2.4000000953674316,2.4000000953674316,126.0
2024-10-25 15:59:00+00:00,OTEX,33.27000045776367,33.27000045776367,33.279998779296875,33.22999954223633,33.22999954223633,14970.0
2024-10-25 15:59:00+00:00,PALT,1.9500000476837158,1.9500000476837158,1.9500000476837158,1.9500000476837158,1.9500000476837158,244.0
2024-10-25 15:59:00+00:00,PANW,366.3599853515625,366.3599853515625,366.57000732421875,366.0799865722656,366.0799865722656,25661.0
2024-10-25 15:59:00+00:00,PAYO,8.354999542236328,8.354999542236328,8.359999656677246,8.345000267028809,8.350000381469727,56056.0
2024-10-25 15:59:00+00:00,PAYS,3.700000047683716,3.700000047683716,3.7100000381469727,3.700000047683716,3.7100000381469727,1454.0
2024-10-25 15:59:00+00:00,PCTY,173.83999633789062,173.83999633789062,173.83999633789062,173.64999389648438,173.64999389648438,9499.0
2024-10-25 15:59:00+00:00,PDFS,28.940000534057617,28.940000534057617,29.100000381469727,28.80500030517578,29.100000381469727,34774.0
2024-10-25 15:59:00+00:00,PEGA,80.02999877929688,80.02999877929688,80.05000305175781,79.93000030517578,79.93000030517578,32106.0
2024-10-25 15:59:00+00:00,PEGY,4.699999809265137,4.699999809265137,4.71999979019165,4.699999809265137,4.71999979019165,3235.0
2024-10-25 15:59:00+00:00,PET,0.8119999766349792,0.8119999766349792,0.8119999766349792,0.7900000214576721,0.7900000214576721,2638.0
2024-10-25 15:59:00+00:00,PGY,11.989999771118164,11.989999771118164,12.020000457763672,11.989999771118164,12.005000114440918,16386.0
2024-10-25 15:59:00+00:00,PHUN,10.574999809265137,10.574999809265137,10.59000015258789,10.569999694824219,10.571499824523926,85110.0
2024-10-25 15:59:00+00:00,PI,200.67999267578125,200.67999267578125,200.67999267578125,200.52000427246094,200.52999877929688,21149.0
2024-10-25 15:59:00+00:00,PLAB,23.610000610351562,23.610000610351562,23.610000610351562,23.59000015258789,23.600000381469727,8664.0
2024-10-25 15:59:00+00:00,PLUS,97.62999725341797,97.62999725341797,97.63999938964844,97.4800033569336,97.5,3835.0
2024-10-25 15:59:00+00:00,PLXS,141.1999969482422,141.1999969482422,141.36000061035156,141.14999389648438,141.32000732421875,7649.0
2024-10-25 15:59:00+00:00,POET,3.8499999046325684,3.8499999046325684,3.8499999046325684,3.8401999473571777,3.8401999473571777,12674.0
2024-10-25 15:59:00+00:00,POWI,62.952301025390625,62.952301025390625,62.952301025390625,62.86000061035156,62.875,10349.0
2024-10-25 15:59:00+00:00,PRCH,1.2899999618530273,1.2899999618530273,1.2999999523162842,1.2899999618530273,1.29830002784729,15146.0
2024-10-25 15:59:00+00:00,PRGS,64.9000015258789,64.9000015258789,64.91000366210938,64.86499786376953,64.86499786376953,7075.0
2024-10-25 15:59:00+00:00,PRSO,1.8799999952316284,1.8799999952316284,1.8799999952316284,1.850000023841858,1.850000023841858,1272.0
2024-10-25 15:59:00+00:00,PRTH,5.269999980926514,5.269999980926514,5.269999980926514,5.269999980926514,5.269999980926514,460.0
2024-10-25 15:59:00+00:00,PTC,187.02999877929688,187.02999877929688,187.13999938964844,186.92999267578125,186.92999267578125,21352.0
2024-10-25 15:59:00+00:00,PUBM,14.800000190734863,14.800000190734863,14.800000190734863,14.760000228881836,14.760000228881836,6918.0
2024-10-25 15:59:00+00:00,PXLW,0.7541999816894531,0.7541999816894531,0.7541999816894531,0.7494000196456909,0.7494000196456909,8647.0
2024-10-25 15:59:00+00:00,PYCR,14.359999656677246,14.359999656677246,14.369999885559082,14.345000267028809,14.364999771118164,28593.0
2024-10-25 15:59:00+00:00,QCOM,170.25,170.25,170.3699951171875,170.2100067138672,170.3000030517578,197608.0
2024-10-25 15:59:00+00:00,QLYS,121.12999725341797,121.12999725341797,121.12999725341797,120.95999908447266,121.02999877929688,18191.0
2024-10-25 15:59:00+00:00,QRVO,98.97000122070312,98.97000122070312,99.06500244140625,98.9000015258789,99.05000305175781,79657.0
2024-10-25 15:59:00+00:00,QUBT,1.0850000381469727,1.0850000381469727,1.0894999504089355,1.0800000429153442,1.0800000429153442,2986.0
2024-10-25 15:59:00+00:00,QUIK,8.569999694824219,8.569999694824219,8.569999694824219,8.569999694824219,8.569999694824219,1369.0
2024-10-25 15:59:00+00:00,RCAT,2.694999933242798,2.694999933242798,2.7049999237060547,2.690000057220459,2.700000047683716,10889.0
2024-10-25 15:59:00+00:00,RDVT,28.649999618530273,28.649999618530273,28.649999618530273,28.649999618530273,28.649999618530273,360.0
2024-10-25 15:59:00+00:00,RDWR,22.360000610351562,22.360000610351562,22.360000610351562,22.34000015258789,22.34000015258789,1423.0
2024-10-25 15:59:00+00:00,REFR,2.190000057220459,2.190000057220459,2.190000057220459,2.190000057220459,2.190000057220459,572.0
2024-10-25 15:59:00+00:00,REKR,1.0750000476837158,1.0750000476837158,1.0800000429153442,1.0750000476837158,1.0750000476837158,4765.0
2024-10-25 15:59:00+00:00,RELL,14.020000457763672,14.020000457763672,14.029999732971191,14.020000457763672,14.029999732971191,894.0
2024-10-25 15:59:00+00:00,RELY,14.770000457763672,14.770000457763672,14.789999961853027,14.770000457763672,14.770000457763672,69014.0
2024-10-25 15:59:00+00:00,RGTI,1.2200000286102295,1.2200000286102295,1.2200000286102295,1.2100000381469727,1.215000033378601,42148.0
2024-10-25 15:59:00+00:00,RIOT,9.644000053405762,9.644000053405762,9.649999618530273,9.630000114440918,9.635000228881836,152610.0
2024-10-25 15:59:00+00:00,RMBS,43.5099983215332,43.5099983215332,43.52000045776367,43.45000076293945,43.45000076293945,42592.0
2024-10-25 15:59:00+00:00,RMNI,1.725000023841858,1.725000023841858,1.725000023841858,1.7200000286102295,1.725000023841858,4224.0
2024-10-25 15:59:00+00:00,RPAY,7.739999771118164,7.739999771118164,7.784999847412109,7.739999771118164,7.78000020980835,51263.0
2024-10-25 15:59:00+00:00,RPD,38.88999938964844,38.88999938964844,38.91999816894531,38.84000015258789,38.849998474121094,8153.0
2024-10-25 15:59:00+00:00,RUM,5.671000003814697,5.671000003814697,5.679999828338623,5.659999847412109,5.660999774932861,11457.0
2024-10-25 15:59:00+00:00,RUMBW,1.3600000143051147,1.3600000143051147,1.3600000143051147,1.3600000143051147,1.3600000143051147,1400.0
2024-10-25 15:59:00+00:00,RUN,14.380000114440918,14.380000114440918,14.390000343322754,14.364999771118164,14.364999771118164,171146.0
2024-10-25 15:59:00+00:00,RXT,2.490000009536743,2.490000009536743,2.5,2.484999895095825,2.484999895095825,10617.0
2024-10-25 15:59:00+00:00,SANM,67.51499938964844,67.51499938964844,67.5199966430664,67.43000030517578,67.44000244140625,6558.0
2024-10-25 15:59:00+00:00,SATS,25.1200008392334,25.1200008392334,25.149999618530273,25.09000015258789,25.100000381469727,27632.0
2024-10-25 15:59:00+00:00,SCSC,44.869998931884766,44.869998931884766,44.900001525878906,44.810001373291016,44.814998626708984,5089.0
2024-10-25 15:59:00+00:00,SCWX,8.380000114440918,8.380000114440918,8.380000114440918,8.380000114440918,8.380000114440918,749.0
2024-10-25 15:59:00+00:00,SEDG,16.105499267578125,16.105499267578125,16.139999389648438,16.100000381469727,16.104999542236328,91961.0
2024-10-25 15:59:00+00:00,SHLS,5.184000015258789,5.184000015258789,5.199999809265137,5.175000190734863,5.179999828338623,140167.0
2024-10-25 15:59:00+00:00,SIMO,56.099998474121094,56.099998474121094,56.11000061035156,56.04999923706055,56.06999969482422,5412.0
2024-10-25 15:59:00+00:00,SITM,178.72999572753906,178.72999572753906,178.74000549316406,178.72999572753906,178.72999572753906,2185.0
2024-10-25 15:59:00+00:00,SKYT,10.470000267028809,10.470000267028809,10.489999771118164,10.470000267028809,10.479999542236328,6370.0
2024-10-25 15:59:00+00:00,SLAB,113.69000244140625,113.69000244140625,113.75,113.5999984741211,113.625,5025.0
2024-10-25 15:59:00+00:00,SLNH,3.9700000286102295,3.9700000286102295,3.9700000286102295,3.9600000381469727,3.9600000381469727,0.0
2024-10-25 15:59:00+00:00,SMCI,47.279998779296875,47.279998779296875,47.349998474121094,47.25,47.33000183105469,299197.0
2024-10-25 15:59:00+00:00,SMSI,0.8141000270843506,0.8141000270843506,0.8141000270843506,0.8069999814033508,0.8069999814033508,4595.0
2024-10-25 15:59:00+00:00,SMTC,45.45000076293945,45.45000076293945,45.459999084472656,45.36000061035156,45.404998779296875,29895.0
2024-10-25 15:59:00+00:00,SNCR,10.59000015258789,10.59000015258789,10.630000114440918,10.569999694824219,10.630000114440918,2597.0
2024-10-25 15:59:00+00:00,SNPS,501.635009765625,501.635009765625,501.7074890136719,501.31500244140625,501.3500061035156,10773.0
2024-10-25 15:59:00+00:00,SOBR,7.130000114440918,7.130000114440918,7.130000114440918,7.070000171661377,7.130000114440918,2911.0
2024-10-25 15:59:00+00:00,SONM,3.6500000953674316,3.6500000953674316,3.6500000953674316,3.6500000953674316,3.6500000953674316,156.0
2024-10-25 15:59:00+00:00,SONO,12.779999732971191,12.779999732971191,12.8100004196167,12.770000457763672,12.789999961853027,54411.0
2024-10-25 15:59:00+00:00,SOPA,0.9532999992370605,0.9532999992370605,0.9532999992370605,0.9532999992370605,0.9532999992370605,418.0
2024-10-25 15:59:00+00:00,SOUN,5.190000057220459,5.190000057220459,5.190000057220459,5.179999828338623,5.179999828338623,94571.0
2024-10-25 15:59:00+00:00,SPNS,36.63999938964844,36.63999938964844,36.65999984741211,36.63999938964844,36.650001525878906,1769.0
2024-10-25 15:59:00+00:00,SPSC,170.41000366210938,170.41000366210938,170.5749969482422,170.41000366210938,170.57000732421875,10156.0
2024-10-25 15:59:00+00:00,SPT,26.799999237060547,26.799999237060547,26.829999923706055,26.799999237060547,26.799999237060547,15349.0
2024-10-25 15:59:00+00:00,SRAD,12.319999694824219,12.319999694824219,12.335000038146973,12.3100004196167,12.319999694824219,9080.0
2024-10-25 15:59:00+00:00,SSNC,70.04000091552734,70.04000091552734,70.11000061035156,70.0199966430664,70.0999984741211,118252.0
2024-10-25 15:59:00+00:00,SSTI,11.100000381469727,11.100000381469727,11.125,11.100000381469727,11.109999656677246,1563.0
2024-10-25 15:59:00+00:00,SSYS,7.0,7.0,7.03000020980835,7.0,7.025000095367432,11003.0
2024-10-25 15:59:00+00:00,STER,16.75,16.75,16.75,16.7450008392334,16.7450008392334,5840.0
2024-10-25 15:59:00+00:00,STNE,11.46500015258789,11.46500015258789,11.470000267028809,11.454999923706055,11.454999923706055,66902.0
2024-10-25 15:59:00+00:00,STX,102.95999908447266,102.95999908447266,103.0,102.91999816894531,102.9800033569336,65937.0
2024-10-25 15:59:00+00:00,SURG,1.75,1.75,1.75,1.75,1.75,2034.0
2024-10-25 15:59:00+00:00,SVRE,0.08219999819993973,0.08219999819993973,0.08219999819993973,0.08219999819993973,0.08219999819993973,4661.0
2024-10-25 15:59:00+00:00,SWKS,95.20999908447266,95.20999908447266,95.24700164794922,95.12000274658203,95.22000122070312,88986.0
2024-10-25 15:59:00+00:00,SYNA,72.16999816894531,72.16999816894531,72.16999816894531,72.0199966430664,72.06500244140625,4979.0
2024-10-25 15:59:00+00:00,SYTA,1.2699999809265137,1.2699999809265137,1.274999976158142,1.2502000331878662,1.2699999809265137,21810.0
2024-10-25 15:59:00+00:00,TACT,4.14870023727417,4.14870023727417,4.14870023727417,4.14870023727417,4.14870023727417,165.0
2024-10-25 15:59:00+00:00,TASK,11.960000038146973,11.960000038146973,11.960000038146973,11.949999809265137,11.949999809265137,2300.0
2024-10-25 15:59:00+00:00,TEAM,188.72999572753906,188.72999572753906,188.77000427246094,188.63999938964844,188.64999389648438,36239.0
2024-10-25 15:59:00+00:00,TENB,41.63999938964844,41.63999938964844,41.709999084472656,41.6150016784668,41.65999984741211,62161.0
2024-10-25 15:59:00+00:00,TER,111.77999877929688,111.77999877929688,111.83999633789062,111.76010131835938,111.7699966430664,65435.0
2024-10-25 15:59:00+00:00,TGL,0.699999988079071,0.699999988079071,0.699999988079071,0.699999988079071,0.699999988079071,761.0
2024-10-25 15:59:00+00:00,TLS,3.559999942779541,3.559999942779541,3.569999933242798,3.559999942779541,3.565000057220459,3235.0
2024-10-25 15:59:00+00:00,TRMB,60.93000030517578,60.93000030517578,60.939998626708984,60.8650016784668,60.8650016784668,35596.0
2024-10-25 15:59:00+00:00,TROO,2.2699999809265137,2.2699999809265137,2.2699999809265137,2.140000104904175,2.1500000953674316,379.0
2024-10-25 15:59:00+00:00,TSAT,13.104999542236328,13.104999542236328,13.104999542236328,13.104999542236328,13.104999542236328,2883.0
2024-10-25 15:59:00+00:00,TSEM,44.790000915527344,44.790000915527344,44.79999923706055,44.709999084472656,44.790000915527344,18319.0
2024-10-25 15:59:00+00:00,TTD,119.45999908447266,119.45999908447266,119.52999877929688,119.45999908447266,119.48999786376953,45847.0
2024-10-25 15:59:00+00:00,TTEC,5.400000095367432,5.400000095367432,5.400000095367432,5.389999866485596,5.389999866485596,13524.0
2024-10-25 15:59:00+00:00,TTMI,19.610000610351562,19.610000610351562,19.610000610351562,19.584999084472656,19.584999084472656,32824.0
2024-10-25 15:59:00+00:00,TWKS,4.445000171661377,4.445000171661377,4.445000171661377,4.440000057220459,4.445000171661377,34935.0
2024-10-25 15:59:00+00:00,TXN,206.97999572753906,206.97999572753906,207.02999877929688,206.75,206.91000366210938,177373.0
2024-10-25 15:59:00+00:00,UCTT,35.59000015258789,35.59000015258789,35.6150016784668,35.58000183105469,35.6150016784668,10348.0
2024-10-25 15:59:00+00:00,UEIC,8.154999732971191,8.154999732971191,8.15999984741211,8.109999656677246,8.109999656677246,4271.0
2024-10-25 15:59:00+00:00,VCSA,2.4100000858306885,2.4100000858306885,2.4100000858306885,2.4100000858306885,2.4100000858306885,715.0
2024-10-25 15:59:00+00:00,VECO,29.25,29.25,29.260000228881836,29.219999313354492,29.2549991607666,20970.0
2024-10-25 15:59:00+00:00,VERB,10.890000343322754,10.890000343322754,10.899999618530273,10.869999885559082,10.890000343322754,1245.0
2024-10-25 15:59:00+00:00,VERI,3.4700000286102295,3.4700000286102295,3.4700000286102295,3.4549999237060547,3.4600000381469727,8744.0
2024-10-25 15:59:00+00:00,VERX,42.08000183105469,42.08000183105469,42.09000015258789,41.9900016784668,42.0,19233.0
2024-10-25 15:59:00+00:00,VIAV,9.140000343322754,9.140000343322754,9.154999732971191,9.128999710083008,9.145000457763672,156758.0
2024-10-25 15:59:00+00:00,VICR,46.41999816894531,46.41999816894531,46.41999816894531,46.275001525878906,46.279998779296875,8800.0
2024-10-25 15:59:00+00:00,VMEO,4.78000020980835,4.78000020980835,4.78000020980835,4.769999980926514,4.78000020980835,26974.0
2024-10-25 15:59:00+00:00,VNET,3.369999885559082,3.369999885559082,3.380000114440918,3.359999895095825,3.359999895095825,44954.0
2024-10-25 15:59:00+00:00,VOXX,7.559999942779541,7.559999942779541,7.570000171661377,7.550000190734863,7.550000190734863,2190.0
2024-10-25 15:59:00+00:00,VRAR,0.7196000218391418,0.7196000218391418,0.7196000218391418,0.7196000218391418,0.7196000218391418,308.0
2024-10-25 15:59:00+00:00,VRNS,56.869998931884766,56.869998931884766,56.880001068115234,56.84000015258789,56.84000015258789,38513.0
2024-10-25 15:59:00+00:00,VRNT,21.8799991607666,21.8799991607666,21.899999618530273,21.8799991607666,21.889999389648438,19496.0
2024-10-25 15:59:00+00:00,VRSN,181.27999877929688,181.27999877929688,181.33999633789062,180.97500610351562,181.0,26721.0
2024-10-25 15:59:00+00:00,VS,2.440000057220459,2.440000057220459,2.4600000381469727,2.430000066757202,2.4600000381469727,4907.0
2024-10-25 15:59:00+00:00,VSAT,10.229999542236328,10.229999542236328,10.239999771118164,10.229999542236328,10.234999656677246,24713.0
2024-10-25 15:59:00+00:00,VUZI,1.2999999523162842,1.2999999523162842,1.2999999523162842,1.2990000247955322,1.2990000247955322,1638.0
2024-10-25 15:59:00+00:00,WALD,3.490000009536743,3.490000009536743,3.5199999809265137,3.490000009536743,3.505000114440918,2598.0
2024-10-25 15:59:00+00:00,WATT,0.5867999792098999,0.5867999792098999,0.5867999792098999,0.5701000094413757,0.5701000094413757,2390.0
2024-10-25 15:59:00+00:00,WDAY,237.7100067138672,237.7100067138672,237.85000610351562,237.61000061035156,237.6999969482422,60441.0
2024-10-25 15:59:00+00:00,WDC,69.45500183105469,69.45500183105469,69.47000122070312,69.4000015258789,69.44000244140625,217094.0
2024-10-25 15:59:00+00:00,WISA,1.9199999570846558,1.9199999570846558,1.9199999570846558,1.9019999504089355,1.9019999504089355,4069.0
2024-10-25 15:59:00+00:00,WIX,164.08999633789062,164.08999633789062,164.28500366210938,164.08999633789062,164.2100067138672,7677.0
2024-10-25 15:59:00+00:00,WRAP,1.809999942779541,1.809999942779541,1.809999942779541,1.809999942779541,1.809999942779541,183.0
2024-10-25 15:59:00+00:00,XPER,9.359999656677246,9.359999656677246,9.369999885559082,9.354999542236328,9.354999542236328,7776.0
2024-10-25 15:59:00+00:00,XRX,9.949999809265137,9.949999809265137,9.960000038146973,9.944999694824219,9.954999923706055,44420.0
2024-10-25 15:59:00+00:00,ZBRA,359.9700012207031,359.9700012207031,360.0799865722656,359.8299865722656,359.93499755859375,18297.0
2024-10-25 15:59:00+00:00,ZENV,1.440000057220459,1.440000057220459,1.440000057220459,1.440000057220459,1.440000057220459,230.0
2024-10-25 15:59:00+00:00,ZI,10.505000114440918,10.505000114440918,10.505000114440918,10.479999542236328,10.479999542236328,98132.0
2024-10-25 15:59:00+00:00,ZM,72.62999725341797,72.62999725341797,72.69499969482422,72.62000274658203,72.69000244140625,82613.0
2024-10-25 15:59:00+00:00,ZS,184.85000610351562,184.85000610351562,184.9499969482422,184.74000549316406,184.74000549316406,18782.0
